frame,MLTx,MLTy,MLTz,MLTR1,MLTR2,MLTR3,MLTR4,MLTR5,MLTR6,MLTR7,MLTR8,MLTR9,MLTTVx,MLTTVy,MLTTVz,MLTRVx,MLTRVy,MLTRVz,MLGA,MRTx,MRTy,MRTz,MRTR1,MRTR2,MRTR3,MRTR4,MRTR5,MRTR6,MRTR7,MRTR8,MRTR9,MRTTVx,MRTTVy,MRTTVz,MRTRVx,MRTRVy,MRTRVz,MRGA,SLTx,SLTy,SLTz,SLTR1,SLTR2,SLTR3,SLTR4,SLTR5,SLTR6,SLTR7,SLTR8,SLTR9,SLTTVx,SLTTVy,SLTTVz,SLTRVx,SLTRVy,SLTRVz,SLGA,SRTx,SRTy,SRTz,SRTR1,SRTR2,SRTR3,SRTR4,SRTR5,SRTR6,SRTR7,SRTR8,SRTR9,SRTTVx,SRTTVy,SRTTVz,SRTRVx,SRTRVy,SRTRVz,SRGA
1,0.152618,-0.056504,0.311456,-0.015745,0.143725,-0.989515,-0.311576,-0.941025,-0.131778,-0.950085,0.30605,0.060829,1.5e-05,0.000118,0.000151,0.0,0.0,0.0,-0.396096,-0.167264,-0.037383,0.295617,-0.132802,-0.095927,0.986485,0.6614,-0.749813,0.016242,0.738254,0.654732,0.161768,0.0,3e-05,3.9e-05,0.0,0.0,0.0,-0.912159,0.042089,0.024321,-0.02015,0.158921,0.209031,0.964908,-0.691622,0.721019,-0.042286,-0.704557,-0.660633,0.259156,1e-06,1.2e-05,1.5e-05,3.8e-05,2e-05,-8e-06,-0.992441,0.075514,0.014417,-0.061804,0.025315,-0.15059,-0.988271,0.307122,0.94195,-0.135664,0.951332,-0.300086,0.070094,9e-06,6e-05,7.6e-05,-1.2e-05,-6e-06,-1.1e-05,-0.543613
2,0.152621,-0.056475,0.311477,-0.01567,0.143795,-0.989506,-0.31155,-0.94102,-0.131869,-0.950094,0.306029,0.060776,4.1e-05,0.000328,0.00042,0.0,0.0,0.0,-0.395857,-0.167206,-0.037386,0.295607,-0.133178,-0.095796,0.986447,0.661335,-0.749863,0.016581,0.738245,0.654694,0.161964,-0.0,-8e-06,-1.1e-05,0.0,0.0,0.0,-0.912766,0.042118,0.024319,-0.020155,0.159301,0.208912,0.964872,-0.691549,0.72111,-0.041958,-0.704544,-0.660572,0.259346,0.007752,0.000374,-0.000351,0.002071,-0.015204,0.02925,-0.993095,0.075516,0.014432,-0.061794,0.02524,-0.15066,-0.988263,0.307097,0.941945,-0.135756,0.951343,-0.300066,0.070042,2.9e-05,0.000232,0.000295,-5e-06,-1.3e-05,0.0,-0.54296
3,0.152636,-0.056445,0.311497,-0.015685,0.14378,-0.989508,-0.311525,-0.941031,-0.131851,-0.950102,0.306004,0.060781,6.7e-05,0.000545,0.000698,0.0,0.0,0.0,-0.395126,-0.167206,-0.037392,0.2956,-0.133299,-0.095757,0.986435,0.661314,-0.749879,0.016688,0.738242,0.654682,0.162029,-0.0,-1.9e-05,-2.4e-05,0.0,0.0,0.0,-0.912959,0.042118,0.024317,-0.020159,0.159423,0.208876,0.964859,-0.691525,0.721138,-0.041854,-0.704539,-0.660553,0.259409,1e-06,-2e-06,-4e-06,1.9e-05,4e-06,1.7e-05,-0.993421,0.075523,0.014446,-0.061784,0.025254,-0.150644,-0.988265,0.307073,0.941956,-0.135738,0.95135,-0.300041,0.070047,4.1e-05,0.000337,0.000428,-2e-06,1e-06,3e-06,-0.54247
4,0.152636,-0.05644,0.311504,-0.015669,0.143795,-0.989506,-0.311524,-0.941028,-0.13187,-0.950103,0.306005,0.060771,1.7e-05,0.000139,0.000177,0.0,0.0,0.0,-0.395225,-0.16723,-0.037398,0.295594,-0.133373,-0.095735,0.986426,0.661302,-0.749888,0.016751,0.73824,0.654674,0.16207,-6e-06,-0.000668,-0.00085,0.0,0.0,0.0,-0.912768,0.042106,0.024315,-0.02016,0.159497,0.208857,0.964851,-0.691511,0.721155,-0.041793,-0.704536,-0.66054,0.259449,-3e-06,-0.000376,-0.000477,1.1e-05,-1.2e-05,2.1e-05,-0.994401,0.075523,0.01445,-0.06178,0.025239,-0.150659,-0.988263,0.307073,0.941953,-0.135757,0.951351,-0.300042,0.070037,7e-06,6.4e-05,8.1e-05,-0.0,7e-06,5e-06,-0.542307
5,0.152638,-0.056413,0.311505,-0.015718,0.143742,-0.989513,-0.311475,-0.941053,-0.131808,-0.950118,0.305953,0.060794,3.7e-05,0.000296,0.000379,0.0,0.0,0.0,-0.393815,-0.167254,-0.037407,0.295569,-0.133844,-0.095583,0.986378,0.661203,-0.749967,0.017162,0.738244,0.654606,0.162324,-1e-05,-0.001024,-0.001304,0.0,0.0,0.0,-0.911702,0.042094,0.024311,-0.020172,0.159973,0.208718,0.964803,-0.691402,0.721283,-0.041397,-0.704536,-0.660444,0.259694,-4e-06,-0.000593,-0.000752,-0.001805,0.014696,-0.02471,-0.994074,0.075524,0.014462,-0.061781,0.025288,-0.150606,-0.98827,0.307024,0.941978,-0.135696,0.951365,-0.299991,0.07006,2.1e-05,0.00018,0.000232,4e-06,-1.1e-05,-1e-05,-0.541817
6,0.152626,-0.056407,0.311512,-0.015827,0.143635,-0.989527,-0.311478,-0.941072,-0.131674,-0.950115,0.305947,0.060864,3.6e-05,0.000295,0.000377,0.0,0.0,0.0,-0.393474,-0.167254,-0.037429,0.295541,-0.134325,-0.095425,0.986327,0.66112,-0.75003,0.017589,0.738231,0.654557,0.162581,-7e-06,-0.000749,-0.000954,0.0,0.0,0.0,-0.91108,0.042094,0.024299,-0.020187,0.160459,0.208574,0.964753,-0.691309,0.721396,-0.040983,-0.704517,-0.660366,0.259944,-4e-06,-0.000475,-0.000605,5e-06,-8e-06,2.8e-05,-0.994401,0.075518,0.014465,-0.061777,0.025395,-0.150499,-0.988283,0.307024,0.941997,-0.135561,0.951362,-0.299984,0.070129,2.2e-05,0.000185,0.000236,-1e-06,8e-06,-2.3e-05,-0.541001
7,0.152627,-0.056402,0.311519,-0.015811,0.143651,-0.989525,-0.311477,-0.941069,-0.131693,-0.950116,0.305948,0.060854,7e-05,0.000564,0.000722,0.0,0.0,0.0,-0.393261,-0.167254,-0.037445,0.29552,-0.134686,-0.095307,0.98629,0.661058,-0.750077,0.017908,0.738222,0.65452,0.162774,-1e-06,-0.000144,-0.000184,0.0,0.0,0.0,-0.910068,0.042094,0.024289,-0.0202,0.160823,0.208466,0.964716,-0.691239,0.72148,-0.040673,-0.704502,-0.660308,0.260131,0.0,-8.2e-05,-0.000106,1e-05,-1e-06,6e-06,-0.994564,0.075518,0.014467,-0.061775,0.02538,-0.150514,-0.988281,0.307024,0.941994,-0.13558,0.951362,-0.299985,0.070119,5.6e-05,0.000442,0.000562,6e-06,-2.7e-05,1.8e-05,-0.540511
8,0.152615,-0.056401,0.31152,-0.015828,0.143633,-0.989527,-0.311478,-0.941072,-0.131671,-0.950115,0.305947,0.060865,1e-06,1e-05,1.2e-05,0.0,0.0,0.0,-0.392541,-0.167242,-0.037445,0.295519,-0.13485,-0.095252,0.986273,0.66103,-0.750098,0.018054,0.738217,0.654504,0.162861,-0.0,-2e-06,-3e-06,0.0,0.0,0.0,-0.910139,0.0421,0.02429,-0.0202,0.160988,0.208416,0.964699,-0.691207,0.721518,-0.040531,-0.704496,-0.660282,0.260215,1e-06,1.8e-05,2e-05,6e-06,8e-06,3.6e-05,-0.994237,0.075513,0.014469,-0.061773,0.025397,-0.150497,-0.988284,0.307024,0.941997,-0.135559,0.951362,-0.299985,0.07013,1e-06,-2e-06,-5e-06,5e-06,-1.5e-05,-1.9e-05,-0.540511
9,0.152617,-0.056385,0.311541,-0.015888,0.143574,-0.989535,-0.311479,-0.941082,-0.131596,-0.950114,0.305944,0.060903,6.3e-05,0.000511,0.000653,0.0,0.0,0.0,-0.39162,-0.167242,-0.037437,0.295546,-0.135178,-0.095145,0.986238,0.660993,-0.750124,0.018349,0.738191,0.65449,0.163036,3e-06,0.000279,0.000355,0.0,0.0,0.0,-0.907514,0.0421,0.024294,-0.020186,0.161319,0.208319,0.964665,-0.691162,0.721578,-0.040243,-0.704464,-0.660248,0.260386,1e-06,0.000175,0.000223,1.7e-05,1.4e-05,-3e-06,-0.994891,0.075514,0.014476,-0.061763,0.025457,-0.150438,-0.988291,0.307025,0.942008,-0.135485,0.95136,-0.299981,0.070169,4e-05,0.000327,0.000418,4e-06,-4e-06,-3.2e-05,-0.539694
10,0.152619,-0.056369,0.311561,-0.015842,0.143619,-0.989529,-0.311478,-0.941074,-0.131654,-0.950115,0.305947,0.060874,2.8e-05,0.00023,0.000294,0.0,0.0,0.0,-0.391353,-0.167241,-0.03742,0.295567,-0.135802,-0.094939,0.986172,0.660885,-0.750205,0.018902,0.738173,0.654426,0.16337,0.0,3.9e-05,5e-05,0.012547,-0.101446,0.170593,-0.900477,0.0421,0.024303,-0.020174,0.161949,0.208132,0.964599,-0.691041,0.721724,-0.039706,-0.704439,-0.660147,0.26071,1e-06,-0.0,2e-06,0.012566,-0.101446,0.170594,-0.994074,0.075515,0.014485,-0.061752,0.025411,-0.150483,-0.988285,0.307025,0.941999,-0.135541,0.951361,-0.299984,0.070139,1.6e-05,0.00013,0.000163,5e-06,-1e-05,-2.4e-05,-0.539531
11,0.15262,-0.056358,0.311575,-0.017899,0.141593,-0.989786,-0.311753,-0.94134,-0.129079,-0.949986,0.306076,0.062222,8.8e-05,0.000709,0.000907,-0.0,0.0,-0.0,-0.391328,-0.167241,-0.03742,0.295567,-0.135943,-0.094893,0.986157,0.660861,-0.750223,0.019026,0.738169,0.654412,0.163445,0.0,1e-06,1e-06,0.0,0.0,0.0,-0.895326,0.0421,0.024303,-0.020175,0.162092,0.208089,0.964585,-0.691013,0.721757,-0.039585,-0.704433,-0.660124,0.260783,2e-06,-1.2e-05,-1.3e-05,1e-05,-2e-06,5e-06,-0.993584,0.075515,0.014489,-0.061746,0.027487,-0.148418,-0.988542,0.307278,0.942289,-0.13293,0.951222,-0.300103,0.071507,5.6e-05,0.000454,0.000579,0.000543,-0.002052,0.003992,-0.539204
12,0.152622,-0.056342,0.311596,-0.017853,0.141639,-0.98978,-0.311752,-0.941332,-0.129136,-0.949987,0.306078,0.062192,0.000119,0.000964,0.001232,-0.0,0.0,-0.0,-0.390463,-0.167253,-0.037426,0.295561,-0.136462,-0.094724,0.986102,0.660771,-0.750291,0.019485,0.738155,0.654359,0.163723,-1e-06,-0.000112,-0.000142,0.0,0.0,0.0,-0.8882,0.042094,0.024299,-0.020178,0.162616,0.207935,0.96453,-0.690911,0.721878,-0.03914,-0.704412,-0.66004,0.261054,-2e-06,-7.1e-05,-9.4e-05,8e-06,1.4e-05,-1.3e-05,-0.993421,0.075516,0.014496,-0.061737,0.027412,-0.148492,-0.988533,0.307274,0.942277,-0.133023,0.951225,-0.300104,0.071458,6.6e-05,0.000547,0.000698,0.000827,-0.013259,0.02567,-0.538715
13,0.152624,-0.056331,0.31161,-0.017822,0.141669,-0.989777,-0.311751,-0.941327,-0.129174,-0.949988,0.30608,0.062173,7.1e-05,0.000572,0.000731,0.0,0.0,0.0,-0.390661,-0.167265,-0.037413,0.295562,-0.137038,-0.094536,0.98604,0.660651,-0.750383,0.01999,0.738156,0.654281,0.164032,2e-06,0.000214,0.000272,0.0,0.0,0.0,-0.878565,0.042088,0.024305,-0.020178,0.163054,0.207806,0.964483,-0.690808,0.721997,-0.038774,-0.704412,-0.659951,0.261279,2e-06,0.000165,0.00021,9e-06,1.8e-05,-0.0,-0.993258,0.075517,0.014503,-0.061729,0.027381,-0.148523,-0.988529,0.307275,0.942272,-0.133062,0.951226,-0.300107,0.071438,4.3e-05,0.000367,0.000467,-6e-06,-1.3e-05,1.3e-05,-0.538388
14,0.152624,-0.056331,0.31161,-0.017822,0.141669,-0.989777,-0.311751,-0.941327,-0.129174,-0.949988,0.30608,0.062173,1e-06,8e-06,1.1e-05,0.0,0.0,0.0,-0.39075,-0.167265,-0.037413,0.295562,-0.137319,-0.094444,0.986009,0.660602,-0.750419,0.020239,0.738147,0.654252,0.164182,0.0,3e-06,4e-06,0.012546,-0.101451,0.17059,-0.868407,0.042088,0.024306,-0.020178,0.163338,0.207722,0.964454,-0.690753,0.722062,-0.038532,-0.7044,-0.659906,0.261425,-0.0,-2e-06,-4e-06,1e-06,-2e-06,3.5e-05,-0.990645,0.075517,0.014504,-0.061727,0.027381,-0.148523,-0.988529,0.307275,0.942272,-0.133062,0.951226,-0.300107,0.071438,-2e-06,-1e-05,-1.4e-05,-3e-06,-1.5e-05,-1e-05,-0.538225
15,0.152624,-0.056331,0.31161,-0.017928,0.141565,-0.98979,-0.311753,-0.941345,-0.129043,-0.949985,0.306075,0.062241,0.0,0.0,0.0,0.0,0.0,0.0,-0.389937,-0.167265,-0.037413,0.295562,-0.137881,-0.094259,0.985949,0.660504,-0.750492,0.020737,0.738131,0.654195,0.164483,0.0,0.0,0.0,0.0,0.0,0.0,-0.856431,0.042088,0.024306,-0.020178,0.164047,0.207511,0.964379,-0.690615,0.722226,-0.037928,-0.70437,-0.659793,0.26179,-2e-06,-2e-06,-5e-06,9e-06,1.9e-05,1.5e-05,-0.988849,0.075517,0.014504,-0.061728,0.027487,-0.148418,-0.988542,0.307275,0.94229,-0.13293,0.951223,-0.3001,0.071506,2e-06,-4e-06,-1e-05,-1.2e-05,-2e-06,2.1e-05,-0.537898
16,0.152624,-0.056326,0.311617,-0.017913,0.14158,-0.989788,-0.311753,-0.941342,-0.129062,-0.949986,0.306075,0.062231,2e-06,1.9e-05,2.4e-05,0.0,0.0,0.0,-0.389764,-0.167265,-0.037413,0.295562,-0.138304,-0.09412,0.985903,0.66043,-0.750547,0.021111,0.738119,0.654152,0.164709,0.0,0.0,0.0,0.0,0.0,0.0,-0.851752,0.042088,0.024306,-0.020178,0.164474,0.207385,0.964333,-0.690532,0.722325,-0.037565,-0.704352,-0.659725,0.262009,-1e-06,-2e-06,-4e-06,1.2e-05,1.2e-05,1.5e-05,-0.987542,0.075517,0.014506,-0.061724,0.027471,-0.148434,-0.98854,0.307275,0.942287,-0.132949,0.951223,-0.300102,0.071496,4e-06,4e-06,1e-06,-8e-06,-5e-06,-2.1e-05,-0.537572
17,0.152612,-0.056325,0.311617,-0.01793,0.141562,-0.98979,-0.311753,-0.941345,-0.12904,-0.949985,0.306075,0.062242,0.0,0.0,0.0,0.0,0.0,0.0,-0.389412,-0.167265,-0.037413,0.295562,-0.138444,-0.094074,0.985888,0.660406,-0.750565,0.021236,0.738115,0.654138,0.164784,0.0,0.0,0.0,0.0,0.0,0.0,-0.850576,0.042088,0.024306,-0.020178,0.164615,0.207342,0.964318,-0.690505,0.722357,-0.037444,-0.704346,-0.659703,0.262082,-0.0,-2e-06,-4e-06,9e-06,4e-06,3e-05,-0.988686,0.075511,0.014507,-0.061724,0.027489,-0.148416,-0.988542,0.307275,0.94229,-0.132927,0.951223,-0.300101,0.071507,3e-06,-4e-06,-1e-05,-6e-06,-9e-06,3e-06,-0.537572
18,0.152614,-0.056314,0.311631,-0.018006,0.141489,-0.989799,-0.311754,-0.941358,-0.128947,-0.949983,0.30607,0.062291,9.7e-05,0.000785,0.001003,0.0,0.0,0.0,-0.389038,-0.167265,-0.037413,0.295562,-0.138866,-0.093935,0.985841,0.660331,-0.750619,0.021609,0.738102,0.654095,0.16501,0.0,0.0,0.0,0.0,0.0,0.0,-0.848707,0.042088,0.024306,-0.020178,0.165041,0.207216,0.964273,-0.690422,0.722455,-0.037081,-0.704328,-0.659635,0.262301,-0.0,-2e-06,-3e-06,2e-05,2.4e-05,9e-06,-0.989502,0.075512,0.01451,-0.061719,0.027564,-0.148342,-0.988551,0.307276,0.942303,-0.132834,0.95122,-0.300097,0.071556,6.7e-05,0.000524,0.000667,-3e-06,1e-06,-2.7e-05,-0.537408
19,0.152615,-0.056304,0.311645,-0.017975,0.141519,-0.989795,-0.311754,-0.941353,-0.128985,-0.949984,0.306072,0.062271,8.4e-05,0.000683,0.000873,0.0,0.0,0.0,-0.388626,-0.167265,-0.037419,0.295555,-0.139409,-0.093756,0.985782,0.660236,-0.750689,0.02209,0.738086,0.65404,0.1653,-0.0,-2.6e-05,-3.3e-05,0.0,0.0,0.0,-0.8477,0.042088,0.024303,-0.020181,0.165589,0.207052,0.964214,-0.690314,0.722582,-0.036615,-0.704305,-0.659548,0.262583,-1e-06,-9e-06,-1.2e-05,1.9e-05,-7e-06,1e-06,-0.990155,0.075513,0.014516,-0.061712,0.027533,-0.148372,-0.988548,0.307276,0.942298,-0.132872,0.951221,-0.300099,0.071536,4.7e-05,0.000378,0.000481,3e-06,-1.2e-05,-1.9e-05,-0.537082
20,0.152617,-0.056287,0.311666,-0.018035,0.14146,-0.989803,-0.311755,-0.941362,-0.12891,-0.949982,0.306069,0.062309,8.9e-05,0.000718,0.000916,0.0,0.0,0.0,-0.388099,-0.167265,-0.037413,0.295562,-0.139851,-0.093611,0.985733,0.660158,-0.750746,0.022481,0.738073,0.653995,0.165536,0.0,1.9e-05,2.4e-05,0.0,0.0,0.0,-0.847254,0.042088,0.024306,-0.020178,0.166035,0.206919,0.964166,-0.690226,0.722685,-0.036235,-0.704286,-0.659477,0.262812,0.0,6e-06,8e-06,2.8e-05,1.7e-05,-3.6e-05,-0.990645,0.075514,0.014524,-0.061701,0.027593,-0.148313,-0.988555,0.307277,0.942308,-0.132798,0.95122,-0.300096,0.071574,5.7e-05,0.000465,0.000589,-1e-06,7e-06,-1.5e-05,-0.536919
21,0.152618,-0.056282,0.311673,-0.01802,0.141475,-0.989801,-0.311755,-0.94136,-0.128929,-0.949983,0.30607,0.0623,1.5e-05,0.000122,0.000155,0.0,0.0,0.0,-0.388115,-0.167265,-0.037413,0.295562,-0.139991,-0.093564,0.985718,0.660133,-0.750764,0.022606,0.738068,0.653981,0.165612,0.0,0.0,0.0,0.0,0.0,0.0,-0.847182,0.042088,0.024306,-0.020178,0.166176,0.206877,0.96415,-0.690198,0.722718,-0.036114,-0.70428,-0.659454,0.262885,0.0,-2e-06,-4e-06,1.3e-05,-5e-06,1.8e-05,-0.990972,0.075514,0.014529,-0.061696,0.027577,-0.148328,-0.988553,0.307277,0.942305,-0.132817,0.95122,-0.300097,0.071564,6e-06,4.5e-05,5.6e-05,0.0,6e-06,-1.1e-05,-0.536592
22,0.152619,-0.056271,0.311686,-0.017989,0.141505,-0.989797,-0.311754,-0.941355,-0.128967,-0.949984,0.306071,0.06228,2e-06,1.6e-05,2.1e-05,0.0,0.0,0.0,-0.388306,-0.167265,-0.037408,0.295569,-0.140434,-0.093419,0.985668,0.660055,-0.750821,0.022998,0.738055,0.653936,0.165848,0.0,1e-06,1e-06,0.0,0.0,0.0,-0.847126,0.042088,0.024309,-0.020174,0.166623,0.206744,0.964102,-0.69011,0.72282,-0.035734,-0.704261,-0.659383,0.263115,-2e-06,-5e-06,-7e-06,1.6e-05,3e-06,9e-06,-0.991788,0.075515,0.014534,-0.061689,0.027547,-0.148359,-0.988549,0.307277,0.9423,-0.132855,0.951221,-0.300099,0.071545,-3e-06,-8e-06,-1e-05,4e-06,-8e-06,-2.3e-05,-0.536429
23,0.152632,-0.056266,0.311693,-0.017956,0.141538,-0.989793,-0.311754,-0.94135,-0.129008,-0.949984,0.306073,0.062259,0.0,2e-06,2e-06,0.0,0.0,0.0,-0.388667,-0.167265,-0.037413,0.295562,-0.140976,-0.09324,0.985608,0.659959,-0.750891,0.023478,0.738038,0.653881,0.166138,-2e-06,-0.000252,-0.000321,0.0,0.0,0.0,-0.846276,0.042088,0.024306,-0.020177,0.16717,0.206581,0.964042,-0.690002,0.722947,-0.035268,-0.704237,-0.659296,0.263396,-4e-06,-0.000166,-0.000214,1.6e-05,2e-06,-1e-06,-0.992604,0.075521,0.014536,-0.061686,0.027514,-0.148391,-0.988545,0.307277,0.942294,-0.132896,0.951221,-0.3001,0.071524,-1e-06,-1e-05,-1.3e-05,4e-06,5e-06,-1e-06,-0.536592
24,0.152632,-0.056266,0.311693,-0.018062,0.141434,-0.989806,-0.311755,-0.941367,-0.128877,-0.949982,0.306068,0.062327,0.0,0.0,0.0,0.0,0.0,0.0,-0.388724,-0.167266,-0.037405,0.295556,-0.141131,-0.093188,0.985591,0.659911,-0.750928,0.023611,0.738051,0.653846,0.166222,-0.000918,0.01105,-0.008265,0.036461,-0.010185,0.018387,-0.84663,0.042088,0.024306,-0.020178,0.167312,0.206539,0.964027,-0.689974,0.722979,-0.035147,-0.704231,-0.659273,0.263469,-2e-06,2e-06,0.0,1.2e-05,6e-06,1.2e-05,-0.992441,0.075521,0.014536,-0.061686,0.02762,-0.148287,-0.988558,0.307277,0.942313,-0.132764,0.951218,-0.300094,0.071592,1e-06,-6e-06,-1e-05,2e-06,-3e-06,2e-05,-0.536592
25,0.152632,-0.05625,0.311679,-0.020124,0.139398,-0.990055,-0.311974,-0.941644,-0.126294,-0.949866,0.306151,0.06367,0.0,0.0,0.0,-0.000762,0.003035,-0.00594,-0.388294,-0.167279,-0.037389,0.295544,-0.1417,-0.093001,0.985527,0.659771,-0.751036,0.024106,0.738068,0.653749,0.166528,-0.0,-0.0,-0.0,0.0,0.0,0.0,-0.845814,0.042081,0.024318,-0.020187,0.167901,0.206363,0.963962,-0.689802,0.723167,-0.034666,-0.704259,-0.659122,0.263769,-0.0,2e-06,3e-06,2.2e-05,1.2e-05,-5e-06,-0.993258,0.075521,0.014544,-0.061693,0.029721,-0.146192,-0.988809,0.307477,0.942616,-0.130121,0.951091,-0.300168,0.072966,3e-06,-1e-06,-7e-06,8.7e-05,-0.000148,0.000213,-0.536429
26,0.152632,-0.056187,0.311626,-0.021186,0.137655,-0.990277,-0.317608,-0.940073,-0.123935,-0.947972,0.311717,0.064868,-1.4e-05,0.010548,-0.008944,-5.437218,-0.697048,0.376611,-0.388667,-0.167367,-0.037005,0.295302,-0.145396,-0.095253,0.984773,0.680567,-0.732035,0.029792,0.7182,0.674648,0.170008,-0.001823,0.023209,-0.015117,0.028574,-0.022799,0.030837,-0.841801,0.042038,0.024495,-0.020302,0.171713,0.20857,0.962814,-0.709566,0.704158,-0.025992,-0.683395,-0.678718,0.268907,-0.000907,0.01183,-0.007273,-0.420782,-0.058875,-0.011108,-0.993095,0.075521,0.014571,-0.061717,0.031709,-0.144196,-0.98904,0.307541,0.942938,-0.127615,0.951005,-0.300124,0.074245,2e-06,0.0,-5e-06,9e-05,-0.00022,0.000334,-0.536428
27,0.152654,-0.055906,0.311362,-0.020373,0.136379,-0.99047,-0.333599,-0.934785,-0.121903,-0.942483,0.327761,0.065772,-2.5e-05,0.010462,-0.009055,-0.457009,-0.073041,0.051353,-0.388636,-0.167722,-0.03569,0.294526,-0.173947,-0.08926,0.980697,0.701553,-0.710046,0.059926,0.691177,0.698539,0.184882,-0.003611,0.048212,-0.027947,0.026362,-0.481442,0.807436,-0.809263,0.041861,0.025145,-0.020692,0.199421,0.20323,0.958607,-0.728911,0.684577,0.006503,-0.654919,-0.700036,0.284656,-0.009536,0.02357,-0.013834,-0.24609,-1.473068,2.357931,-0.984603,0.075532,0.014712,-0.061849,0.029985,-0.143205,-0.989238,0.328676,0.936061,-0.125545,0.943966,-0.321375,0.075135,-1.5e-05,0.005221,-0.004548,-1.623511,-0.217249,0.128318,-0.536429
28,0.152653,-0.055642,0.311128,-0.02004,0.136605,-0.990446,-0.332754,-0.935036,-0.122283,-0.942789,0.326949,0.065426,-1.9e-05,0.010506,-0.009,0.035637,-0.012426,0.01863,-0.388019,-0.168032,-0.03462,0.293936,-0.189157,-0.08138,0.978565,0.71784,-0.691388,0.081378,0.670151,0.717938,0.187952,-0.004485,0.061202,-0.033743,-5.277895,-0.15227,-0.177087,-0.767831,0.041713,0.025651,-0.020973,0.215632,0.197397,0.956314,-0.740258,0.671728,0.02826,-0.636805,-0.714013,0.290971,-0.009961,0.030017,-0.016794,-0.182277,-1.494862,2.635712,-0.973173,0.075532,0.014847,-0.06197,0.029564,-0.143463,-0.989213,0.328302,0.936137,-0.125954,0.944109,-0.321038,0.074775,-1e-06,0.005265,-0.004485,0.03613,-0.01237,0.018769,-0.535939
29,0.15264,-0.054899,0.31048,-0.018654,0.137017,-0.990416,-0.33593,-0.933818,-0.122914,-0.941692,0.330241,0.064679,-0.000153,0.020086,-0.019185,-5.403112,-0.690913,0.369118,-0.387653,-0.168992,-0.031912,0.292474,-0.21862,-0.068287,0.973413,0.734671,-0.667987,0.118258,0.642395,0.741067,0.194963,-0.020687,0.073389,-0.038946,0.182398,-0.024244,0.590533,-0.570693,0.041245,0.026994,-0.021695,0.2448,0.183231,0.952102,-0.75867,0.647657,0.070424,-0.603732,-0.739571,0.297558,-0.018024,0.036377,-0.019065,-0.265026,0.042049,0.520487,-0.86932,0.075525,0.015206,-0.062277,0.029029,-0.14374,-0.989189,0.326029,0.936848,-0.126567,0.944913,-0.318831,0.07406,1e-06,0.010592,-0.008891,0.06595,0.067054,-0.13903,-0.535286
30,0.152673,-0.054117,0.309763,-0.018395,0.137006,-0.990422,-0.333404,-0.93469,-0.123158,-0.942595,0.327769,0.064104,-0.000129,0.020286,-0.018935,0.071258,-0.025062,0.03715,-0.385756,-0.170482,-0.028923,0.290937,-0.248565,-0.048799,0.967381,0.761367,-0.627153,0.164113,0.59897,0.777373,0.191808,-0.036673,0.085467,-0.044352,-5.191719,-0.454759,0.148092,-0.342876,0.040493,0.028516,-0.022477,0.276019,0.165402,0.946812,-0.778894,0.615661,0.119515,-0.563148,-0.770456,0.298765,-0.025541,0.036922,-0.017616,0.054803,-0.096941,1.002004,-0.656552,0.075541,0.015604,-0.062643,0.027948,-0.143855,-0.989204,0.329,0.935779,-0.126791,0.943916,-0.321904,0.073482,-6.9e-05,0.010013,-0.009634,0.066002,0.067447,-0.138827,-0.534306
31,0.152717,-0.053732,0.30938,-0.017435,0.137123,-0.990423,-0.337646,-0.933147,-0.123303,-0.941103,0.332087,0.063801,-0.000154,0.020093,-0.019183,0.071253,-0.025113,0.037123,-0.385773,-0.17144,-0.027343,0.290172,-0.267062,-0.044207,0.962661,0.774497,-0.604178,0.187236,0.573648,0.795623,0.194363,-0.051787,0.085186,-0.043197,-0.236046,-0.187027,0.878869,-0.217918,0.040039,0.029279,-0.022846,0.2935,0.159416,0.942572,-0.792848,0.591462,0.146846,-0.534086,-0.790416,0.299987,-0.01777,0.037311,-0.017761,-5.265075,-0.876887,-0.189855,-0.543229,0.075564,0.015788,-0.062828,0.027012,-0.143961,-0.989214,0.333312,0.934242,-0.126859,0.942429,-0.326291,0.073219,-9.6e-05,0.004449,-0.005529,0.030462,0.080418,-0.157368,-0.533816
32,0.152805,-0.053108,0.308715,-0.017461,0.132904,-0.990998,-0.335588,-0.934389,-0.119453,-0.941838,0.330311,0.062149,-0.000192,0.019797,-0.019567,0.080468,-0.189445,-0.057873,-0.386624,-0.173573,-0.024686,0.28893,-0.29915,-0.03761,0.95346,0.79644,-0.560065,0.227913,0.525775,0.827585,0.19628,-0.064955,0.061027,-0.027949,-1.398683,-0.544301,0.518534,-0.040263,0.038958,0.030648,-0.023482,0.326158,0.152494,0.932934,-0.811332,0.55164,0.193476,-0.48514,-0.820023,0.303645,-0.024414,0.024838,-0.010588,-5.116841,-1.305748,-0.397255,-0.326542,0.075607,0.016115,-0.063175,0.027128,-0.13985,-0.9898,0.331098,0.935531,-0.123107,0.943206,-0.324382,0.071683,-8.8e-05,0.009876,-0.00981,0.083762,-0.221008,-0.066835,-0.533489
33,0.152883,-0.05265,0.308224,-0.018993,0.131343,-0.991178,-0.334255,-0.935107,-0.117562,-0.942281,0.328905,0.062896,-0.000139,0.00956,-0.010218,0.035624,-0.012662,0.018505,-0.387312,-0.176049,-0.022996,0.288099,-0.319281,-0.039101,0.946849,0.808695,-0.531998,0.250847,0.494287,0.845835,0.200268,-0.078318,0.03392,-0.016532,0.129633,-0.223887,0.390153,0.076795,0.037749,0.031494,-0.02389,0.345996,0.154482,0.92543,-0.822477,0.524552,0.219941,-0.45146,-0.837245,0.308551,-0.031164,0.011005,-0.00538,0.114681,0.198207,-0.362948,-0.177131,0.075646,0.01634,-0.063417,0.028511,-0.138167,-0.989998,0.329759,0.936256,-0.12117,0.943634,-0.323006,0.072255,0.007845,0.004286,-0.005707,0.036916,-0.026199,0.052056,-0.533816
34,0.152895,-0.052386,0.308006,-0.022743,0.127819,-0.991559,-0.333936,-0.93578,-0.113023,-0.942306,0.328382,0.065199,3.6e-05,0.000293,0.000374,0.0,-0.0,-0.0,-0.386385,-0.178602,-0.022163,0.287689,-0.338523,-0.053232,0.939447,0.824854,-0.49708,0.269187,0.45305,0.866081,0.21098,-0.061462,0.010139,-0.00384,-0.075222,-0.317703,0.366956,0.147918,0.036443,0.031931,-0.024109,0.364616,0.169066,0.91568,-0.8364,0.491669,0.242269,-0.409253,-0.854211,0.320678,-0.030725,0.005006,-0.001968,-0.402716,-0.420305,0.28692,-0.047479,0.075652,0.016474,-0.063532,0.032246,-0.134655,-0.990367,0.329367,0.936965,-0.11667,0.94365,-0.322433,0.074564,3e-05,0.005559,-0.004111,0.035994,-0.013783,0.020746,-0.533489
35,0.152908,-0.052352,0.307999,-0.024816,0.125911,-0.991754,-0.334105,-0.936018,-0.110528,-0.942192,0.328445,0.066529,3.6e-05,0.00029,0.000371,-1e-06,2e-06,-4e-06,-0.38605,-0.179981,-0.02199,0.287634,-0.349422,-0.056367,0.935264,0.823897,-0.493702,0.278183,0.446474,0.867817,0.217755,-0.061444,0.009851,-0.004318,0.064832,-0.27824,0.397998,0.170222,0.035776,0.032017,-0.024139,0.374903,0.172251,0.91092,-0.835221,0.48916,0.251249,-0.402308,-0.855015,0.327255,-0.038308,0.004633,-0.001811,0.065149,-0.261015,0.362939,-0.003554,0.075659,0.016492,-0.063534,0.03433,-0.132717,-0.990559,0.329514,0.937224,-0.114151,0.943526,-0.322484,0.075907,2.6e-05,0.000197,0.000251,0.000712,-0.002606,0.004888,-0.533326
36,0.152922,-0.052416,0.308085,-0.024886,0.125872,-0.991757,-0.334352,-0.935938,-0.110451,-0.942102,0.328686,0.066611,4e-05,-0.010362,0.009192,-0.035621,0.012638,-0.018518,-0.385911,-0.182384,-0.022095,0.287733,-0.376827,-0.069349,0.923679,0.820895,-0.486807,0.29847,0.429403,0.870784,0.239188,-0.060057,-0.013992,0.009754,0.053669,-0.506838,0.193378,0.230411,0.034529,0.031967,-0.024091,0.4022,0.184333,0.896803,-0.830889,0.484878,0.272975,-0.384522,-0.854935,0.348178,-0.030035,-0.007081,0.004806,0.092919,-0.571817,0.136133,0.066988,0.075666,0.016465,-0.063494,0.03435,-0.132722,-0.990557,0.32973,0.93715,-0.114132,0.943449,-0.322696,0.075953,2.2e-05,0.000187,0.000239,3.2e-05,-5.1e-05,0.000126,-0.533816
37,0.152923,-0.052534,0.308205,-0.025182,0.125642,-0.991779,-0.33475,-0.935837,-0.110109,-0.941952,0.329064,0.066858,2e-06,1.7e-05,2.2e-05,0.0,-0.0,-0.0,-0.385716,-0.184241,-0.022289,0.287964,-0.414519,-0.092571,0.905316,0.814192,-0.481957,0.323641,0.406861,0.871354,0.273989,-0.044819,-0.01175,0.011137,0.076179,-1.186595,0.772435,0.359787,0.033617,0.031871,-0.023984,0.437338,0.206257,0.875324,-0.823488,0.482996,0.297628,-0.361391,-0.850983,0.381082,-0.02276,-8.5e-05,0.001822,0.126532,-2.604098,2.397915,0.206275,0.075667,0.016403,-0.06343,0.034657,-0.132482,-0.990579,0.33015,0.937046,-0.113771,0.943291,-0.323097,0.076214,-1e-06,-1e-05,-1.2e-05,1.5e-05,7e-06,-2.2e-05,-0.533489
38,0.152936,-0.052555,0.308244,-0.025186,0.125649,-0.991778,-0.334849,-0.935802,-0.110107,-0.941917,0.329161,0.066877,0.000136,0.001107,0.001416,0.000805,-0.013539,0.025428,-0.385884,-0.184964,-0.022402,0.288067,-0.432937,-0.103119,0.895502,0.807829,-0.48501,0.33483,0.400321,0.868484,0.292132,-0.044874,-0.012348,0.010345,0.077426,-0.632835,0.394222,0.411099,0.033256,0.031817,-0.02393,0.455382,0.218019,0.863188,-0.81692,0.487764,0.307776,-0.353931,-0.845312,0.400224,-0.015191,-0.000369,0.000815,0.112229,-0.677854,0.426027,0.285634,0.075673,0.016389,-0.063414,0.034677,-0.132474,-0.990579,0.330249,0.937014,-0.113749,0.943256,-0.323194,0.076243,-1e-06,1e-06,-1e-06,1.6e-05,-1.6e-05,-3.1e-05,-0.533326
39,0.152984,-0.052534,0.308222,-0.025515,0.125347,-0.991807,-0.334776,-0.935873,-0.109719,-0.941934,0.329073,0.067075,0.015741,-0.001529,-0.001891,0.000984,-0.014715,0.029553,-0.385436,-0.186046,-0.022781,0.288245,-0.466452,-0.129017,0.875082,0.795792,-0.492948,0.351641,0.386566,0.860551,0.331482,-0.014711,-0.014474,0.005182,0.106035,-0.700655,0.418764,0.48249,0.032715,0.031637,-0.023837,0.486436,0.242623,0.839352,-0.805033,0.497813,0.322649,-0.339559,-0.832655,0.437474,-0.007361,-0.007267,0.002577,0.145928,-0.91092,0.511135,0.409245,0.075691,0.016405,-0.063418,0.035006,-0.132167,-0.990608,0.330173,0.937088,-0.113359,0.94327,-0.323104,0.076441,-6.7e-05,-0.000548,-0.000703,-0.000788,0.013543,-0.025432,-0.533163
40,0.153066,-0.052495,0.30817,-0.025544,0.125311,-0.991811,-0.334628,-0.93593,-0.109686,-0.941985,0.328925,0.067074,-1e-06,-6e-06,-8e-06,0.0,-0.0,-0.0,-0.385169,-0.186844,-0.023519,0.288315,-0.472368,-0.151281,0.868317,0.794297,-0.499906,0.345138,0.382436,0.852907,0.355185,-0.030337,-0.020222,-0.000829,0.19425,-0.179069,-0.300809,0.511772,0.032311,0.031269,-0.023791,0.492322,0.264597,0.82922,-0.803566,0.504296,0.316174,-0.334514,-0.821993,0.460897,-0.007591,-0.010393,-0.001352,0.387611,0.804341,-1.666293,0.480276,0.075738,0.016421,-0.063448,0.035018,-0.132148,-0.990611,0.330023,0.937142,-0.113349,0.943323,-0.322955,0.076429,1e-06,0.0,1e-06,7e-06,5e-06,3.8e-05,-0.532999
41,0.153186,-0.052487,0.308163,-0.025557,0.125306,-0.991811,-0.334603,-0.93594,-0.109679,-0.941994,0.328899,0.067082,0.000112,0.000919,0.001175,0.0,-0.0,-0.0,-0.385186,-0.187543,-0.024618,0.288119,-0.466279,-0.169082,0.868324,0.797244,-0.505535,0.329804,0.383768,0.846242,0.369403,-0.015724,-0.027515,-0.011292,0.112997,-0.529685,0.163365,0.520688,0.031962,0.030737,-0.023876,0.484674,0.281084,0.8283,-0.80754,0.507671,0.300247,-0.33611,-0.814407,0.473042,-0.007528,-0.019293,-0.00152,0.18273,-0.562998,-0.116454,0.509832,0.075792,0.016423,-0.063454,0.035065,-0.132112,-0.990614,0.329997,0.937157,-0.113302,0.94333,-0.322927,0.076457,0.0,1e-06,0.0,1e-06,-8e-06,2.5e-05,-0.532999
42,0.153233,-0.05249,0.308161,-0.025596,0.125275,-0.991815,-0.334603,-0.935945,-0.109636,-0.941993,0.328897,0.067108,2e-06,1.6e-05,2e-05,0.0,-0.0,-0.0,-0.38504,-0.187837,-0.025219,0.2879,-0.457886,-0.173276,0.871957,0.798069,-0.512099,0.317452,0.392074,0.841439,0.371647,-0.015355,-0.042026,-0.0075,4.963217,1.808294,1.61377,0.520397,0.031809,0.030432,-0.02399,0.475972,0.288983,0.830625,-0.811517,0.508329,0.288169,-0.338955,-0.811227,0.476465,-0.007998,-0.015419,-0.007769,0.392709,1.296967,-2.122359,0.514078,0.075822,0.016424,-0.063452,0.03507,-0.132112,-0.990614,0.329997,0.937157,-0.1133,0.943329,-0.322926,0.076462,1e-06,4e-06,4e-06,1e-06,1e-06,-2.4e-05,-0.533
43,0.153329,-0.052489,0.308162,-0.025768,0.125126,-0.991829,-0.334603,-0.935968,-0.109439,-0.941988,0.328888,0.067219,0.015836,-0.000738,-0.000887,0.000984,-0.014715,0.029553,-0.385023,-0.18838,-0.026515,0.287129,-0.454376,-0.158974,0.876505,0.772294,-0.560538,0.298819,0.444357,0.812881,0.376343,-0.016463,-0.035568,-0.021869,1.590488,0.315025,0.25099,0.516332,0.031537,0.029779,-0.024373,0.473901,0.271993,0.837518,-0.786424,0.55863,0.263569,-0.396174,-0.78355,0.478637,-0.000601,-0.018343,-0.01206,5.182375,1.383849,1.693528,0.514078,0.075864,0.016425,-0.063451,0.035258,-0.131945,-0.990629,0.329996,0.937184,-0.113082,0.943323,-0.322917,0.076585,-1e-06,-1e-06,-2e-06,-0.00554,0.09349,-0.175482,-0.532999
44,0.153364,-0.05249,0.30816,-0.027878,0.123192,-0.992014,-0.334839,-0.936177,-0.106902,-0.941841,0.329026,0.068583,0.015835,-0.000747,-0.000899,0.000984,-0.014715,0.029553,-0.385238,-0.188743,-0.027687,0.285983,-0.457385,-0.146066,0.877186,0.744796,-0.601751,0.288284,0.48629,0.785352,0.382893,-0.001995,-0.026229,-0.0339,0.599476,-0.206446,-0.185086,0.495655,0.03135,0.029185,-0.024947,0.477779,0.257649,0.839847,-0.760224,0.600333,0.248311,-0.440211,-0.75711,0.482698,-0.000974,-0.013031,-0.016823,1.637702,0.115403,0.23497,0.498565,0.075881,0.016424,-0.063452,0.037364,-0.129996,-0.990809,0.330208,0.937413,-0.110538,0.943168,-0.323043,0.077951,1e-06,-1e-06,-6e-06,6.1e-05,-0.000311,0.000574,-0.533
45,0.153365,-0.052485,0.308167,-0.027862,0.123207,-0.992013,-0.334839,-0.936174,-0.10692,-0.941842,0.329027,0.068573,6e-06,4.9e-05,6.3e-05,-0.0,0.0,-0.0,-0.385356,-0.18878,-0.02817,0.285357,-0.458455,-0.140842,0.877482,0.734917,-0.61514,0.285366,0.500134,0.775868,0.384392,-0.001891,-0.024705,-0.032118,0.061991,0.00316,-0.128169,0.484309,0.031331,0.028938,-0.025267,0.479045,0.254536,0.840075,-0.750956,0.614382,0.242072,-0.454511,-0.746823,0.485462,-0.000905,-0.01203,-0.015638,0.134369,0.044215,-0.044999,0.485828,0.075888,0.016427,-0.063449,0.037326,-0.130031,-0.990806,0.330209,0.937407,-0.110584,0.943169,-0.323045,0.077927,5e-06,2.6e-05,2.8e-05,-2e-06,-4.9e-05,4.4e-05,-0.532836
46,0.153343,-0.052481,0.308189,-0.030044,0.121206,-0.992195,-0.335095,-0.936379,-0.104294,-0.941681,0.329189,0.069983,3.6e-05,0.0003,0.000383,-0.0,0.0,-0.0,-0.384926,-0.188684,-0.029069,0.284187,-0.461015,-0.132925,0.877375,0.717596,-0.637368,0.280627,0.522463,0.75913,0.388094,0.013733,-0.021944,-0.03004,4.864119,1.45872,2.25746,0.466072,0.031378,0.028475,-0.025869,0.481599,0.247456,0.84073,-0.735842,0.635236,0.234543,-0.476023,-0.7316,0.488018,0.006893,-0.011014,-0.014931,4.840328,1.502266,2.280867,0.459212,0.075876,0.016428,-0.063439,0.039506,-0.128011,-0.990985,0.33044,0.937633,-0.107947,0.942999,-0.323197,0.079342,2.7e-05,0.000224,0.000286,0.000127,-0.000617,0.001132,-0.532673
47,0.153356,-0.052471,0.308202,-0.029995,0.121252,-0.992191,-0.335094,-0.936373,-0.104354,-0.941683,0.329191,0.069951,7e-06,6e-05,7.7e-05,0.0,0.0,0.0,-0.384754,-0.188536,-0.030076,0.28327,-0.462501,-0.125123,0.87774,0.700418,-0.658437,0.275336,0.544041,0.742274,0.391038,-0.000859,-0.030709,-0.017822,-0.036013,0.045635,-0.098784,0.454962,0.031453,0.027982,-0.026323,0.483763,0.238957,0.841945,-0.718583,0.657611,0.226241,-0.499611,-0.714455,0.489839,0.007341,-0.01502,-0.009079,-0.053157,0.043621,-0.024691,0.440923,0.075883,0.016434,-0.063431,0.039448,-0.128066,-0.99098,0.330441,0.937625,-0.108017,0.943001,-0.323199,0.079305,3e-06,1.7e-05,1.8e-05,-1.4e-05,-1.8e-05,-5e-06,-0.53251
48,0.15338,-0.052466,0.308208,-0.030053,0.121201,-0.992196,-0.335094,-0.93638,-0.104286,-0.941681,0.329189,0.069989,0.015837,-0.000721,-0.000866,0.000984,-0.014715,0.029553,-0.384501,-0.188508,-0.031434,0.282767,-0.456397,-0.131696,0.879971,0.697568,-0.666797,0.262132,0.552789,0.733632,0.395059,-8.1e-05,-0.040078,-0.007521,0.125323,-0.437265,-0.450955,0.454157,0.031467,0.027322,-0.026575,0.477433,0.242907,0.844424,-0.716152,0.664394,0.213789,-0.5091,-0.706807,0.491162,-1.4e-05,-0.019802,-0.003444,-0.065977,-0.046375,0.032341,0.432432,0.075889,0.016436,-0.063428,0.039523,-0.127997,-0.990986,0.33044,0.937635,-0.107928,0.942998,-0.323196,0.079354,0.0,8e-06,8e-06,-1.3e-05,-5e-06,-2.5e-05,-0.532673
49,0.153391,-0.052472,0.3082,-0.030051,0.121203,-0.992195,-0.335094,-0.93638,-0.104289,-0.941681,0.329189,0.069988,-4.2e-05,-0.000346,-0.000443,0.0,0.0,0.0,-0.384099,-0.188528,-0.032188,0.282693,-0.452384,-0.134973,0.881545,0.700066,-0.666019,0.25741,0.552925,0.733748,0.394653,7.5e-05,-0.037986,-0.004793,-0.029932,-0.061627,-0.161385,0.454671,0.031456,0.026928,-0.026617,0.473337,0.248749,0.845029,-0.71908,0.663206,0.20756,-0.508798,-0.70589,0.49279,0.000361,-0.024655,0.001558,-0.074786,-0.051688,-0.174265,0.432106,0.075901,0.016434,-0.063432,0.039504,-0.128017,-0.990984,0.330441,0.937632,-0.107953,0.942999,-0.323197,0.079342,-2.7e-05,-0.000235,-0.000305,-9e-06,-7e-06,8e-06,-0.532673
50,0.153416,-0.052468,0.308206,-0.03022,0.121052,-0.992209,-0.335094,-0.936402,-0.104091,-0.941675,0.329182,0.070096,3.6e-05,0.000295,0.000377,0.0,0.0,0.0,-0.384684,-0.18855,-0.033851,0.282819,-0.452627,-0.146565,0.879567,0.696521,-0.673903,0.246267,0.557192,0.724279,0.405981,0.000391,-0.033833,0.000697,0.022544,-0.197897,-0.251205,0.456041,0.031445,0.026093,-0.026559,0.473104,0.260071,0.841745,-0.716155,0.669998,0.195509,-0.513121,-0.695316,0.50323,0.000548,-0.022125,0.004916,-0.00614,-0.230829,-0.265124,0.432106,0.075913,0.016435,-0.063431,0.039672,-0.127864,-0.990997,0.330439,0.937656,-0.107754,0.942993,-0.323189,0.07945,2.1e-05,0.000164,0.000209,-1.1e-05,-1.7e-05,1.8e-05,-0.53251
51,0.15344,-0.052469,0.308204,-0.030294,0.120986,-0.992214,-0.335094,-0.936411,-0.104004,-0.941673,0.329178,0.070144,0.0,0.0,0.0,0.0,0.0,0.0,-0.384568,-0.188461,-0.03544,0.283401,-0.453438,-0.171357,0.874655,0.701083,-0.674421,0.231458,0.550767,0.718365,0.424818,0.00226,-0.048977,0.026665,0.014128,-0.363811,-0.340596,0.453868,0.031489,0.025299,-0.026284,0.472731,0.284147,0.834137,-0.721146,0.66875,0.180887,-0.506431,-0.687046,0.521051,0.000799,-0.018859,0.009329,0.074582,-0.43407,-0.397102,0.431126,0.075925,0.016435,-0.063431,0.039746,-0.127798,-0.991003,0.330438,0.937666,-0.107667,0.94299,-0.323185,0.079497,0.0,-2e-06,-6e-06,-1.1e-05,-6e-06,1.4e-05,-0.53251
52,0.15344,-0.052464,0.308211,-0.030278,0.121,-0.992213,-0.335094,-0.936409,-0.104023,-0.941673,0.329179,0.070134,4e-06,3.6e-05,4.6e-05,0.0,0.0,0.0,-0.384211,-0.188401,-0.036145,0.283858,-0.459603,-0.184382,0.868769,0.701907,-0.674648,0.228277,0.544575,0.714935,0.438371,0.002555,-0.045271,0.031697,0.031872,-0.499694,-0.34186,0.452002,0.03152,0.024928,-0.026047,0.478155,0.296697,0.826642,-0.722177,0.668465,0.177805,-0.499827,-0.682,0.533898,0.001292,-0.022272,0.016344,0.031356,-0.500279,-0.345696,0.429166,0.075925,0.016437,-0.063427,0.03973,-0.127813,-0.991001,0.330438,0.937663,-0.107687,0.94299,-0.323187,0.079487,3e-06,1.5e-05,1.8e-05,-1e-05,-3e-06,-1.9e-05,-0.53251
53,0.153431,-0.05245,0.308246,-0.032521,0.118945,-0.992391,-0.335343,-0.936616,-0.101324,-0.941508,0.329343,0.071582,6.9e-05,0.00057,0.000729,-0.0,0.0,-0.0,-0.384069,-0.188295,-0.03729,0.284956,-0.479167,-0.211941,0.851746,0.701401,-0.675747,0.226575,0.528122,0.706241,0.471353,0.002363,-0.028294,0.031447,0.055806,-0.788349,-0.031626,0.451335,0.031572,0.024367,-0.025507,0.495755,0.322692,0.806285,-0.721823,0.66934,0.175939,-0.482905,-0.669218,0.564756,0.001174,-0.014004,0.015918,-0.062642,-1.321481,0.373899,0.42737,0.075921,0.016444,-0.063411,0.041974,-0.125734,-0.991175,0.330664,0.937892,-0.104972,0.942814,-0.323339,0.080943,4.3e-05,0.00036,0.00046,0.000207,-0.000897,0.001665,-0.532346
54,0.153434,-0.052422,0.30828,-0.032441,0.119018,-0.992384,-0.335343,-0.936606,-0.101419,-0.94151,0.329345,0.071531,9.7e-05,0.000801,0.001024,0.0,0.0,0.0,-0.383407,-0.188219,-0.038035,0.286197,-0.500832,-0.238251,0.832102,0.698814,-0.678451,0.226489,0.511184,0.69521,0.50521,0.002121,-0.011895,0.030348,0.259525,-0.976278,-0.13966,0.447778,0.031611,0.02399,-0.024885,0.51563,0.346219,0.783745,-0.719305,0.67192,0.176414,-0.465536,-0.654717,0.5955,0.00104,-0.005967,0.015151,0.032921,-0.436431,0.152645,0.421655,0.075922,0.016457,-0.063393,0.041882,-0.125818,-0.991168,0.330664,0.93788,-0.105082,0.942818,-0.323342,0.080884,5.1e-05,0.000424,0.00054,-1.2e-05,-3e-05,5.6e-05,-0.531693
55,0.15346,-0.052399,0.308293,-0.032344,0.119106,-0.992377,-0.335318,-0.936602,-0.101536,-0.941522,0.329325,0.071466,7e-06,5.7e-05,7.3e-05,0.0,0.0,0.0,-0.383168,-0.188201,-0.038418,0.28751,-0.518432,-0.260895,0.814342,0.694863,-0.683468,0.223543,0.498884,0.682069,0.534566,0.002392,-0.008361,0.035001,0.298144,-1.104077,0.015839,0.449232,0.031621,0.023797,-0.024213,0.53188,0.367621,0.762861,-0.715644,0.676742,0.172838,-0.452722,-0.637866,0.623032,0.001187,-0.003972,0.01778,0.247431,-1.022583,0.057832,0.421165,0.075935,0.01647,-0.063385,0.041785,-0.125907,-0.991161,0.330641,0.937874,-0.105199,0.94283,-0.323323,0.080819,0.0,1e-06,-1e-06,-1.3e-05,7e-06,-1.5e-05,-0.531367
56,0.153484,-0.0524,0.308292,-0.032308,0.11914,-0.992374,-0.335318,-0.936597,-0.10158,-0.941523,0.329326,0.071444,0.0,1e-06,1e-06,0.0,0.0,0.0,-0.383195,-0.188261,-0.038518,0.288198,-0.526578,-0.269296,0.806342,0.692338,-0.686165,0.223111,0.49384,0.676078,0.546721,-0.013133,-0.006904,0.038099,0.151428,-0.667915,0.055981,0.44963,0.03159,0.023747,-0.023868,0.539397,0.3769,0.752991,-0.713468,0.67951,0.170965,-0.447228,-0.629453,0.635432,-0.00658,-0.00332,0.019229,0.145602,-0.658996,0.06058,0.421818,0.075947,0.016469,-0.063386,0.04175,-0.125941,-0.991158,0.330641,0.93787,-0.105243,0.942832,-0.323324,0.080797,-3e-06,-1.8e-05,-2.4e-05,-1.4e-05,1.9e-05,3.4e-05,-0.531203
57,0.153577,-0.052408,0.308266,-0.032294,0.119158,-0.992372,-0.335293,-0.936604,-0.101603,-0.941533,0.329301,0.071434,-2.2e-05,-0.000185,-0.000237,0.0,0.0,0.0,-0.382172,-0.188476,-0.038662,0.289584,-0.541464,-0.288649,0.789614,0.688108,-0.691673,0.219157,0.483553,0.662362,0.572116,-0.013072,-0.006285,0.038754,0.111671,-0.546594,0.100305,0.448548,0.031488,0.023681,-0.023186,0.552686,0.395095,0.733783,-0.709749,0.684627,0.165956,-0.436799,-0.612524,0.658802,0.001276,-0.002835,0.019188,0.124435,-0.609477,0.129376,0.422308,0.075994,0.016465,-0.063399,0.041736,-0.125959,-0.991156,0.330616,0.937876,-0.105266,0.942841,-0.323299,0.080787,-1.6e-05,-0.000142,-0.00018,-1.7e-05,-2e-06,1.4e-05,-0.53104
58,0.153673,-0.052399,0.308261,-0.032232,0.119219,-0.992367,-0.335269,-0.936604,-0.101684,-0.941544,0.329278,0.071394,2.6e-05,0.000213,0.000272,0.0,0.0,0.0,-0.38284,-0.188783,-0.038772,0.290997,-0.554373,-0.307932,0.773201,0.684696,-0.69679,0.213564,0.47367,0.648183,0.59612,-0.013668,0.005229,0.030899,0.172712,-0.517583,-0.090972,0.441848,0.03133,0.023625,-0.022462,0.564492,0.412799,0.714804,-0.706609,0.689287,0.159958,-0.426675,-0.595382,0.680785,-0.006854,0.002676,0.015537,0.157051,-0.494187,-0.079109,0.416756,0.076042,0.016469,-0.063403,0.041674,-0.126021,-0.991151,0.330592,0.937875,-0.105347,0.942852,-0.323276,0.080747,1.7e-05,0.00014,0.000178,-1.6e-05,-3e-06,1.2e-05,-0.53104
