frame,MLTx,MLTy,MLTz,MLTR1,MLTR2,MLTR3,MLTR4,MLTR5,MLTR6,MLTR7,MLTR8,MLTR9,MLTTVx,MLTTVy,MLTTVz,MLTRVx,MLTRVy,MLTRVz,MLGA,MRTx,MRTy,MRTz,MRTR1,MRTR2,MRTR3,MRTR4,MRTR5,MRTR6,MRTR7,MRTR8,MRTR9,MRTTVx,MRTTVy,MRTTVz,MRTRVx,MRTRVy,MRTRVz,MRGA,SLTx,SLTy,SLTz,SLTR1,SLTR2,SLTR3,SLTR4,SLTR5,SLTR6,SLTR7,SLTR8,SLTR9,SLTTVx,SLTTVy,SLTTVz,SLTRVx,SLTRVy,SLTRVz,SLGA,SRTx,SRTy,SRTz,SRTR1,SRTR2,SRTR3,SRTR4,SRTR5,SRTR6,SRTR7,SRTR8,SRTR9,SRTTVx,SRTTVy,SRTTVz,SRTRVx,SRTRVy,SRTRVz,SRGA
1,0.039996,0.003229,0.350388,-0.026328,0.73837,-0.673914,-0.901493,-0.308798,-0.303193,-0.431948,0.598628,0.674605,-0.031842,0.01632,0.048678,0.014663,0.862009,0.184812,0.250092,-0.13741,0.036813,0.329465,0.503446,0.374504,0.77864,-0.718474,0.68194,0.136697,-0.480402,-0.628719,0.611384,-0.012942,-0.000487,0.000913,0.012702,-0.097097,0.13422,0.326478,0.022158,0.036864,-0.019758,-0.466823,-0.367365,0.804437,0.723784,-0.681387,0.108848,0.508146,0.633051,0.58398,-0.012896,-0.000871,0.000635,-0.003888,0.030528,-0.058492,0.26114,0.058001,0.026465,-0.068684,-0.058121,0.783309,-0.618908,-0.899791,-0.309646,-0.3074,-0.432432,0.539022,0.722811,-0.023392,0.005235,0.030289,0.009337,1.0356,0.447675,0.11902
2,0.039303,0.003407,0.351495,-0.019129,0.750699,-0.660402,-0.904258,-0.294726,-0.308911,-0.426521,0.59033,0.685286,-0.046515,0.010754,0.060633,-0.005431,1.176908,0.326865,0.253361,-0.137765,0.036846,0.32944,0.502813,0.374738,0.778937,-0.718736,0.681783,0.136102,-0.480672,-0.62875,0.611139,-0.012974,-0.000185,0.001144,-0.002045,0.015205,-0.029245,0.324345,0.02198,0.036879,-0.019771,-0.466309,-0.367564,0.804644,0.723953,-0.681289,0.108331,0.508377,0.63304,0.583791,-0.006498,4e-06,0.000662,0.000209,-0.001023,-0.005492,0.258038,0.057661,0.026558,-0.068134,-0.051048,0.793721,-0.606134,-0.903017,-0.295912,-0.311441,-0.42656,0.531452,0.73185,-0.016373,0.003601,0.029376,-0.13301,0.68249,0.178744,0.135839
3,0.038198,0.003704,0.353864,-0.008393,0.772533,-0.634956,-0.90772,-0.272196,-0.319258,-0.419467,0.572721,0.704319,-0.017118,0.007026,0.059557,0.014488,0.993665,0.292503,0.262362,-0.13828,0.03691,0.329442,0.503879,0.375005,0.778118,-0.718906,0.681362,0.137308,-0.479299,-0.629048,0.61191,-0.013071,0.000728,0.001844,-0.002045,0.015205,-0.029245,0.324112,0.021723,0.036911,-0.019771,-0.467448,-0.367833,0.803859,0.724171,-0.680861,0.109558,0.507018,0.633345,0.584642,-0.006561,0.000585,0.001104,0.001994,0.00179,-0.008556,0.253956,0.057097,0.026706,-0.066951,-0.040338,0.814528,-0.578719,-0.907215,-0.272577,-0.320408,-0.418727,0.512099,0.749947,-0.015373,0.005555,0.031017,0.020343,1.091645,0.305104,0.148902
4,0.037486,0.003862,0.356267,0.004699,0.794548,-0.60722,-0.906978,-0.252283,-0.337218,-0.421141,0.551332,0.720209,-0.005389,-0.008104,0.065175,0.010229,0.995285,0.52934,0.266196,-0.138572,0.036996,0.329524,0.505743,0.375035,0.776894,-0.718731,0.681161,0.139207,-0.477595,-0.629248,0.613037,-0.000401,0.003583,0.002763,0.002126,-0.016287,0.023682,0.32392,0.021572,0.036954,-0.019729,-0.46935,-0.367877,0.802729,0.724093,-0.680638,0.111447,0.505369,0.633559,0.585835,-0.000203,0.001809,0.001401,0.004189,-0.013144,0.020382,0.253302,0.056737,0.026793,-0.065722,-0.027358,0.835252,-0.549185,-0.907303,-0.25135,-0.337079,-0.419584,0.489056,0.764703,-0.002725,-0.004049,0.032602,0.02288,1.141804,0.599545,0.162782
5,0.03712,0.003764,0.358545,0.012358,0.813688,-0.581209,-0.902896,-0.240624,-0.356162,-0.429681,0.52816,0.732426,-0.006837,-0.011086,0.062218,-0.035758,0.728125,0.344701,0.265333,-0.138654,0.03712,0.329627,0.505692,0.375067,0.776912,-0.718763,0.681137,0.139161,-0.477601,-0.629256,0.613024,-0.000355,0.003181,0.002449,-0.0,-0.0,0.0,0.324197,0.02153,0.037017,-0.019676,-0.469262,-0.36791,0.802766,0.724126,-0.680615,0.111364,0.505403,0.633564,0.585801,-0.000221,0.001955,0.001507,7.8e-05,6.7e-05,-3.3e-05,0.253139,0.056559,0.026753,-0.064601,-0.019657,0.852955,-0.521613,-0.903816,-0.238219,-0.355481,-0.427468,0.464455,0.775597,-0.00263,-0.000252,0.026709,0.02177,0.813222,0.634391,0.164251
6,0.03705,0.003619,0.35962,0.020144,0.82162,-0.569719,-0.898648,-0.23481,-0.370498,-0.438218,0.518418,0.734326,0.005521,-0.017494,0.057608,0.156396,0.424575,0.604103,0.263353,-0.138624,0.0372,0.329696,0.505729,0.375049,0.776896,-0.718754,0.681137,0.139208,-0.477575,-0.629266,0.613033,-0.000464,0.004152,0.003195,0.0,0.0,0.0,0.324024,0.021546,0.037055,-0.019643,-0.469301,-0.367892,0.802752,0.724119,-0.680616,0.111411,0.505379,0.633573,0.585811,-0.000278,0.002481,0.001912,0.002162,-0.016268,0.023699,0.253303,0.056521,0.026685,-0.064059,-0.012135,0.860435,-0.509414,-0.900046,-0.231346,-0.369317,-0.435625,0.454015,0.777238,-0.00333,-0.001688,0.025365,0.744271,0.412928,0.778093,0.163761
7,0.037113,0.003226,0.361559,0.033786,0.834123,-0.550583,-0.89204,-0.223192,-0.392966,-0.450718,0.503381,0.737216,-0.00836,-0.006997,0.047331,0.026622,0.363134,0.411582,0.260473,-0.138538,0.037386,0.329829,0.505658,0.375036,0.776949,-0.718784,0.681113,0.139175,-0.477606,-0.6293,0.612974,-0.000533,0.004756,0.003654,0.002128,-0.016283,0.02368,0.323846,0.021589,0.037148,-0.019577,-0.469208,-0.367883,0.802811,0.724155,-0.680585,0.111363,0.505413,0.633612,0.58574,-0.000227,0.002016,0.001548,2.2e-05,9e-06,1.1e-05,0.253303,0.056558,0.026487,-0.063084,0.001641,0.871757,-0.489935,-0.894134,-0.218112,-0.391088,-0.447795,0.438709,0.77911,0.002548,-0.005497,0.022492,0.194311,0.500452,0.4116,0.158863
8,0.037257,0.002816,0.363175,0.046113,0.843453,-0.535262,-0.88849,-0.210209,-0.407884,-0.456613,0.493335,0.740373,0.003484,-0.014401,0.041872,-0.066495,0.157145,0.29427,0.261569,-0.138477,0.037527,0.329929,0.505539,0.375042,0.777023,-0.71884,0.681067,0.139105,-0.477646,-0.629345,0.612896,-0.000389,0.003459,0.002654,-0.012564,0.096091,-0.139741,0.32383,0.021619,0.037221,-0.019525,-0.469218,-0.367858,0.802816,0.724145,-0.680594,0.111382,0.505419,0.633618,0.585729,-0.000133,0.001165,0.000892,1.7e-05,5e-06,6e-06,0.253303,0.056625,0.026283,-0.062275,0.013993,0.880661,-0.473538,-0.891165,-0.20379,-0.405331,-0.453462,0.427673,0.781963,0.002377,-0.002239,0.016221,-0.039647,0.129639,0.298525,0.15821
9,0.037334,0.002628,0.363829,0.055825,0.847563,-0.527793,-0.884565,-0.203113,-0.419835,-0.463116,0.48925,0.739043,0.004164,-0.005797,0.031247,0.193847,0.193874,0.484207,0.261547,-0.138472,0.037577,0.329967,0.50569,0.375004,0.776943,-0.71876,0.68113,0.139211,-0.477607,-0.6293,0.612973,-0.000331,0.002944,0.002258,0.002129,-0.016283,0.02368,0.321491,0.021621,0.037246,-0.019506,-0.469241,-0.36785,0.802806,0.724132,-0.680604,0.1114,0.505414,0.633612,0.585739,-9.6e-05,0.000846,0.000647,1.1e-05,-1.3e-05,1.7e-05,0.252813,0.056663,0.026185,-0.061945,0.023607,0.884106,-0.466687,-0.887801,-0.196078,-0.416367,-0.45962,0.424155,0.780282,0.001111,-0.008444,0.019822,0.740226,0.017469,0.978087,0.158536
10,0.037481,0.002146,0.364977,0.0748,0.852636,-0.517167,-0.877828,-0.18968,-0.439786,-0.473175,0.485819,0.734923,0.001251,-0.011795,0.025942,-0.030681,0.075957,0.467824,0.259805,-0.138489,0.037638,0.330015,0.505708,0.375002,0.776932,-0.718751,0.681137,0.139221,-0.477601,-0.629294,0.612984,-0.000112,0.000996,0.000763,0.0,0.0,0.0,0.318941,0.021613,0.037279,-0.01948,-0.469279,-0.367844,0.802787,0.724115,-0.680618,0.111425,0.505405,0.6336,0.585761,-7.5e-05,0.00065,0.000497,1.5e-05,7e-06,-2e-06,0.249383,0.056738,0.02595,-0.061366,0.042643,0.889037,-0.455844,-0.881703,-0.181092,-0.435667,-0.469874,0.420497,0.776144,0.000487,-0.00614,0.012757,-0.040057,0.215401,0.31093,0.157883
11,0.0373,0.001662,0.365911,0.089648,0.856181,-0.508883,-0.871028,-0.180309,-0.456915,-0.483079,0.483148,0.730226,-0.000261,-0.014917,0.023205,0.012593,0.008376,0.251581,0.261962,-0.138495,0.037687,0.330052,0.50571,0.375002,0.776931,-0.71875,0.681138,0.139223,-0.4776,-0.629293,0.612985,-0.000148,0.001316,0.001008,0.0,0.0,0.0,0.31761,0.02161,0.037302,-0.019463,-0.469281,-0.367843,0.802786,0.724114,-0.680619,0.111426,0.505404,0.633599,0.585762,-9e-05,0.000795,0.000608,-2e-06,-1.3e-05,2e-05,0.247424,0.056647,0.025705,-0.060901,0.057663,0.892524,-0.447297,-0.875465,-0.170135,-0.452342,-0.479827,0.417677,0.771563,-0.007075,-0.00583,0.012455,0.171624,-0.055987,0.282672,0.15674
12,0.036793,0.001099,0.366943,0.103344,0.859537,-0.500561,-0.86164,-0.173976,-0.47674,-0.496998,0.479503,0.723255,-0.014153,-0.011705,0.024868,0.673553,-0.10902,0.571862,0.266928,-0.138491,0.037737,0.330089,0.505733,0.374994,0.77692,-0.718738,0.681148,0.13924,-0.477595,-0.629287,0.612995,-0.000123,0.001095,0.000838,0.0,0.0,0.0,0.315366,0.021612,0.037327,-0.019444,-0.469304,-0.367835,0.802776,0.724102,-0.680629,0.111444,0.5054,0.633593,0.585772,-7.4e-05,0.000653,0.000501,1.1e-05,5e-06,-2e-06,0.245301,0.056397,0.025419,-0.060389,0.071069,0.895475,-0.439401,-0.867057,-0.162315,-0.471026,-0.493113,0.414462,0.764892,-0.007293,-0.006266,0.012078,2.33321,-0.525078,1.171976,0.165558
13,0.036425,0.000835,0.367486,0.106901,0.860837,-0.497573,-0.859173,-0.171815,-0.481948,-0.50051,0.477951,0.721859,-0.014392,-0.012178,0.024455,-0.055363,0.019625,0.17781,0.263371,-0.138494,0.037765,0.330111,0.505679,0.375006,0.776949,-0.718766,0.681125,0.139203,-0.47761,-0.629304,0.612967,-0.000105,0.000934,0.000715,0.0,0.0,0.0,0.313968,0.021611,0.037341,-0.019433,-0.469249,-0.367848,0.802803,0.724128,-0.680607,0.111405,0.505413,0.633609,0.585743,-6.1e-05,0.00054,0.000415,-1e-06,-2.3e-05,2e-05,0.243668,0.056213,0.025287,-0.060118,0.07504,0.896795,-0.436036,-0.864323,-0.159577,-0.476948,-0.497306,0.412666,0.763146,-0.01413,-0.004417,0.01312,-0.072938,0.112215,-0.077375,0.163598
14,0.035384,0.000349,0.36865,0.11158,0.866501,-0.486591,-0.853859,-0.166842,-0.493012,-0.508526,0.469413,0.721858,-0.029767,-0.01908,0.035392,-0.078357,0.319102,0.012089,0.279563,-0.138515,0.037782,0.330138,0.505698,0.37501,0.776936,-0.718771,0.681115,0.139228,-0.477583,-0.629313,0.612979,-4e-06,4e-05,3e-05,0.0,0.0,0.0,0.31204,0.0216,0.037351,-0.019418,-0.469268,-0.367851,0.80279,0.724134,-0.680597,0.11143,0.505387,0.633619,0.585756,3e-06,-3e-05,-2.2e-05,8e-06,-3e-06,-8e-06,0.240892,0.055698,0.025047,-0.05954,0.080081,0.901596,-0.425101,-0.859367,-0.153635,-0.487733,-0.505049,0.404376,0.762499,-0.014046,-0.004203,0.013305,-0.04026,0.25999,0.22848,0.170456
15,0.034166,-0.000183,0.36987,0.111866,0.873984,-0.472952,-0.851288,-0.161174,-0.499303,-0.512758,0.457386,0.72657,-0.029436,-0.018281,0.036082,-0.079501,0.301358,0.033406,0.266966,-0.138552,0.037763,0.330127,0.505576,0.375049,0.776996,-0.718838,0.681063,0.139138,-0.477611,-0.629346,0.612923,2.9e-05,-0.000257,-0.000197,0.0,0.0,0.0,0.310642,0.021582,0.03734,-0.019425,-0.469144,-0.36789,0.802845,0.724196,-0.680547,0.111337,0.505414,0.63365,0.585699,2e-05,-0.000175,-0.000134,-1e-05,-1.7e-05,4e-06,0.238606,0.055087,0.024777,-0.058933,0.080409,0.908295,-0.410527,-0.857069,-0.147268,-0.493703,-0.508886,0.391548,0.766631,-0.014208,-0.004482,0.013062,-0.047145,0.298768,0.017477,0.177151
16,0.03346,-0.000442,0.370566,0.109175,0.880028,-0.462252,-0.851233,-0.157302,-0.500629,-0.513425,0.447046,0.732511,-0.029179,-0.017697,0.036586,-0.04087,0.699226,0.19724,0.263223,-0.138569,0.03774,0.330112,0.505478,0.375078,0.777046,-0.718891,0.681022,0.139067,-0.477636,-0.629373,0.612876,0.000135,-0.001201,-0.00092,0.0,0.0,0.0,0.307947,0.021573,0.03733,-0.019431,-0.469044,-0.367919,0.80289,0.724245,-0.680506,0.111263,0.505436,0.633678,0.58565,8.9e-05,-0.000793,-0.000607,-1.3e-05,-1.7e-05,1.2e-05,0.236647,0.054723,0.024641,-0.058572,0.07782,0.912927,-0.400632,-0.857309,-0.143839,-0.494297,-0.508884,0.381932,0.771468,-0.014567,-0.008762,0.018383,-0.035149,0.818031,0.272876,0.168497
17,0.032037,-0.001085,0.372119,0.109986,0.88978,-0.44299,-0.852441,-0.144686,-0.502377,-0.511244,0.43177,0.743122,-0.02923,-0.017663,0.036607,-0.058566,0.507207,0.136265,0.266062,-0.138596,0.037723,0.330101,0.505377,0.375111,0.777096,-0.718946,0.680979,0.138993,-0.47766,-0.629401,0.612829,4e-06,-3.5e-05,-2.7e-05,0.0,0.0,0.0,0.304248,0.02156,0.037319,-0.019439,-0.468941,-0.36795,0.802936,0.724297,-0.680463,0.111186,0.505458,0.633705,0.585602,0.0,3e-06,4e-06,-2e-06,-1.2e-05,-5e-06,0.231748,0.054023,0.024327,-0.057808,0.078829,0.921654,-0.37992,-0.858755,-0.130769,-0.495416,-0.506284,0.365312,0.781167,-0.014849,-0.009249,0.017961,-0.046673,0.531294,0.349977,0.166048
18,0.030901,-0.001824,0.373668,0.119315,0.898246,-0.423041,-0.859284,-0.119966,-0.497204,-0.497519,0.421719,0.75806,-0.027689,-0.014495,0.039354,-0.266979,0.563024,0.263392,0.257355,-0.138597,0.03773,0.330107,0.505395,0.375106,0.777086,-0.718936,0.680986,0.139006,-0.477655,-0.629395,0.612839,-1.9e-05,0.000168,0.000129,0.0,0.0,0.0,0.302991,0.021559,0.037322,-0.019436,-0.468959,-0.367946,0.802927,0.724288,-0.68047,0.1112,0.505453,0.633699,0.585612,-1.3e-05,0.000113,8.8e-05,-6e-06,8e-06,9e-06,0.228972,0.053452,0.023951,-0.057039,0.08834,0.928594,-0.360426,-0.866103,-0.107116,-0.488253,-0.491996,0.355299,0.794796,-0.014602,-0.012289,0.024372,-0.893958,1.04464,-0.03377,0.15674
19,0.030019,-0.002618,0.375377,0.128757,0.903903,-0.407954,-0.862521,-0.100863,-0.495839,-0.489507,0.414587,0.767156,-0.013755,-0.017774,0.037704,-0.073576,0.171971,0.22435,0.276947,-0.138587,0.037729,0.330117,0.505422,0.375099,0.777072,-0.718935,0.680981,0.139041,-0.477629,-0.629405,0.612848,-1e-06,5e-06,4e-06,0.0,0.0,0.0,0.30118,0.021564,0.037323,-0.01943,-0.468986,-0.36794,0.802914,0.724289,-0.680464,0.111235,0.505427,0.63371,0.585623,1e-06,-5e-06,-4e-06,-1e-06,-2e-06,9e-06,0.226523,0.053007,0.023558,-0.056182,0.09774,0.933964,-0.343739,-0.869733,-0.087726,-0.485662,-0.483746,0.34643,0.803725,-0.007616,-0.013874,0.023601,-0.11163,0.262442,0.015646,0.16768
20,0.029762,-0.003051,0.376202,0.129364,0.907807,-0.398996,-0.862486,-0.095462,-0.496969,-0.48941,0.407289,0.771117,-0.014916,-0.027205,0.047642,-0.079487,0.621023,0.192609,0.275331,-0.138587,0.037729,0.330117,0.505293,0.37513,0.777141,-0.719002,0.680928,0.138952,-0.477663,-0.629444,0.612781,-0.0,0.0,0.0,-0.014687,0.112366,-0.163427,0.300985,0.021564,0.037323,-0.01943,-0.468855,-0.36797,0.802977,0.724352,-0.680412,0.111143,0.505458,0.633748,0.585554,0.0,-5e-06,-4e-06,-0.014679,0.112352,-0.163431,0.22587,0.052874,0.023335,-0.055754,0.0986,0.936637,-0.336137,-0.870019,-0.08283,-0.486009,-0.483057,0.340367,0.806725,-0.007451,-0.013541,0.023884,-0.070534,0.753963,0.273602,0.175029
21,0.029448,-0.003959,0.377887,0.139578,0.912803,-0.383865,-0.86401,-0.077048,-0.497517,-0.483893,0.399971,0.778394,0.000736,-0.02002,0.036955,-0.260659,0.098165,0.508271,0.277955,-0.138596,0.037728,0.330117,0.505401,0.375107,0.777082,-0.718946,0.680972,0.139025,-0.477633,-0.629411,0.612839,-0.0,0.0,0.0,0.0,0.0,0.0,0.299337,0.021559,0.037322,-0.01943,-0.468965,-0.367947,0.802923,0.7243,-0.680455,0.111218,0.505431,0.633715,0.585614,-1e-06,-1e-06,-2e-06,-5e-06,-2e-06,1e-05,0.224563,0.052717,0.022888,-0.054926,0.108511,0.941245,-0.319814,-0.871821,-0.064475,-0.485561,-0.477653,0.33151,0.813601,-0.000293,-0.014843,0.023359,-0.741234,-0.500747,1.644001,0.176171
22,0.029455,-0.00492,0.379472,0.140385,0.918796,-0.368986,-0.861615,-0.070162,-0.502662,-0.487916,0.387348,0.782258,-0.000949,-0.030499,0.04601,-0.115849,0.242973,0.047718,0.28637,-0.138595,0.037721,0.330112,0.505254,0.375142,0.777161,-0.719023,0.680911,0.138923,-0.477673,-0.629455,0.612763,8.1e-05,-0.000726,-0.000556,0.0,0.0,0.0,0.297289,0.02156,0.03732,-0.019431,-0.468814,-0.367981,0.802995,0.724372,-0.680396,0.111112,0.505467,0.633759,0.585535,5.3e-05,-0.000488,-0.000374,-4e-06,-5e-06,6e-06,0.221624,0.052722,0.022403,-0.054117,0.109863,0.946375,-0.303814,-0.869694,-0.056456,-0.49035,-0.481208,0.318097,0.816855,-0.000502,-0.015258,0.023001,-0.124906,0.172287,0.00243,0.189725
23,0.029544,-0.005384,0.380231,0.146319,0.921369,-0.360159,-0.860549,-0.06095,-0.50568,-0.48806,0.382779,0.784413,0.000478,-0.020529,0.036516,-0.07494,0.295832,0.095757,0.269573,-0.138586,0.037722,0.330112,0.505403,0.375104,0.777082,-0.718944,0.680973,0.139028,-0.477634,-0.629411,0.612839,1e-06,-9e-06,-7e-06,0.0,0.0,0.0,0.295861,0.021565,0.037319,-0.019433,-0.468968,-0.367944,0.802923,0.724298,-0.680457,0.111221,0.505432,0.633715,0.585613,-1e-06,-0.0,-1e-06,1e-06,-3e-06,-3e-06,0.220481,0.052766,0.022187,-0.053764,0.11603,0.948209,-0.295694,-0.868915,-0.047317,-0.492692,-0.481167,0.314101,0.818424,0.00699,-0.012335,0.017062,-0.058923,0.30218,0.353493,0.186622
24,0.029678,-0.006024,0.381568,0.155938,0.92444,-0.348052,-0.861521,-0.045012,-0.505695,-0.483353,0.377562,0.789838,0.003048,-0.008281,0.028937,-0.053443,0.132029,0.075935,0.265806,-0.138596,0.037728,0.330117,0.505401,0.375107,0.777082,-0.718946,0.680972,0.139025,-0.477633,-0.629411,0.612839,-8e-06,7.5e-05,5.7e-05,0.0,0.0,0.0,0.293382,0.021559,0.037322,-0.01943,-0.468965,-0.367947,0.802923,0.7243,-0.680455,0.111218,0.505431,0.633715,0.585614,-5e-06,5.2e-05,4e-05,-1e-06,-2e-06,4e-06,0.217542,0.05283,0.021851,-0.053082,0.125677,0.950806,-0.283145,-0.870308,-0.031332,-0.491509,-0.476201,0.308195,0.823557,0.000612,-0.009482,0.01892,-0.0889,0.139798,0.017954,0.167027
25,0.029851,-0.006302,0.382551,0.159676,0.927102,-0.339163,-0.86196,-0.036464,-0.505636,-0.48135,0.371931,0.793724,0.003765,0.000311,0.018225,-0.022493,0.27172,-0.087229,0.260928,-0.138596,0.037728,0.330117,0.505401,0.375107,0.777082,-0.718946,0.680972,0.139025,-0.477633,-0.629411,0.612839,-0.0,0.0,0.0,0.0,0.0,0.0,0.290502,0.021559,0.037322,-0.01943,-0.468965,-0.367947,0.802923,0.7243,-0.680455,0.111218,0.505431,0.633715,0.585614,-0.0,-3e-06,-3e-06,3e-06,5e-06,-2e-06,0.214276,0.052918,0.021713,-0.052584,0.129721,0.952751,-0.274657,-0.870996,-0.022884,-0.490755,-0.473853,0.302887,0.826874,0.001955,0.000333,0.009259,-0.009805,0.232187,0.114419,0.165068
26,0.029908,-0.006142,0.383321,0.163934,0.928667,-0.33279,-0.869642,-0.023136,-0.493111,-0.465848,0.369092,0.804229,-0.008569,0.006825,0.022578,-2.628517,-2.282455,4.322651,0.252977,-0.138587,0.037729,0.330117,0.505422,0.375099,0.777072,-0.718935,0.680981,0.139041,-0.477629,-0.629405,0.612848,-0.0,0.0,0.0,0.0,0.0,0.0,0.28627,0.021564,0.037323,-0.01943,-0.468986,-0.36794,0.802914,0.724289,-0.680464,0.111234,0.505427,0.63371,0.585623,-1e-06,-2e-06,-2e-06,-7e-06,-2e-06,1.1e-05,0.210194,0.05295,0.021788,-0.052202,0.128729,0.954577,-0.268719,-0.878172,-0.016154,-0.478072,-0.460698,0.297523,0.836203,0.003246,0.006471,0.005447,-2.555904,0.922177,-0.484806,0.153474
27,0.02994,-0.005935,0.383596,0.162492,0.929064,-0.332389,-0.872477,-0.021985,-0.48813,-0.461022,0.368164,0.807428,-0.00728,0.016514,0.0128,-0.23367,0.05942,-0.065816,0.249143,-0.138587,0.037729,0.330117,0.505422,0.375099,0.777072,-0.718935,0.680981,0.139041,-0.477629,-0.629405,0.612848,-0.0,0.0,0.0,0.0,0.0,0.0,0.283693,0.021564,0.037323,-0.01943,-0.468986,-0.36794,0.802914,0.724289,-0.680464,0.111235,0.505427,0.63371,0.585623,-2e-06,-1e-06,-2e-06,-5e-06,-1e-05,1e-05,0.206765,0.052966,0.021889,-0.05206,0.132509,0.954363,-0.267639,-0.881453,-0.010027,-0.472164,-0.4533,0.298477,0.839898,0.003192,0.006357,0.005345,-0.858279,0.150401,-0.188953,0.150372
28,0.029936,-0.005345,0.384031,0.158638,0.931003,-0.328806,-0.878906,-0.018508,-0.476607,-0.450014,0.36344,0.815737,-0.007026,0.016973,0.01313,-0.233194,0.066262,-0.061958,0.216732,-0.138586,0.037722,0.330112,0.505403,0.375104,0.777082,-0.718944,0.680973,0.139028,-0.477634,-0.629411,0.612839,1e-06,-6e-06,-4e-06,0.0,0.0,0.0,0.278828,0.021565,0.037319,-0.019433,-0.468968,-0.367944,0.802923,0.724298,-0.680457,0.111221,0.505432,0.633715,0.585613,-1e-06,3e-06,2e-06,-1e-06,-7e-06,1e-06,0.200723,0.052964,0.022184,-0.051843,0.128698,0.955956,-0.263788,-0.887734,-0.007501,-0.460295,-0.442,0.293413,0.847669,-0.003327,0.00887,0.006889,-0.857176,0.166084,-0.214856,0.122612
29,0.029837,-0.004662,0.384517,0.159398,0.931061,-0.328274,-0.884552,-0.012893,-0.466235,-0.438532,0.363534,0.821925,-0.006223,0.018504,0.014343,-0.000425,-0.008806,0.022303,0.189899,-0.138586,0.037722,0.330112,0.505403,0.375104,0.777082,-0.718944,0.680973,0.139028,-0.477634,-0.629411,0.612839,0.0,-0.0,-0.0,0.0,0.0,0.0,0.274405,0.021565,0.037319,-0.019433,-0.468967,-0.367944,0.802923,0.724298,-0.680457,0.111221,0.505431,0.633715,0.585613,1e-06,2e-06,3e-06,2e-06,-5e-06,3e-06,0.195008,0.052913,0.022523,-0.051601,0.129389,0.955932,-0.263536,-0.893429,-0.002907,-0.449194,-0.430166,0.293572,0.853681,-0.003201,0.009089,0.007039,-0.004125,0.084076,-0.184084,0.086525
30,0.029798,-0.004324,0.384784,0.162403,0.93056,-0.32822,-0.886212,-0.008646,-0.463169,-0.434055,0.364935,0.823679,0.006924,0.013728,0.011387,-0.000108,-0.013838,0.029499,0.170829,-0.138586,0.037722,0.330112,0.505403,0.375104,0.777082,-0.718944,0.680973,0.139028,-0.477634,-0.629411,0.612839,0.0,-0.0,-0.0,0.0,0.0,0.0,0.272198,0.021565,0.037319,-0.019433,-0.468968,-0.367944,0.802923,0.724298,-0.680457,0.111221,0.505431,0.633715,0.585613,1e-06,2e-06,3e-06,4e-06,2e-06,-2e-06,0.192069,0.05289,0.022696,-0.051465,0.13243,0.955503,-0.263581,-0.895117,0.001076,-0.445828,-0.425707,0.294977,0.85543,-0.00293,0.009612,0.007454,-0.003701,0.065685,-0.14541,0.065134
31,0.029701,-0.003655,0.385296,0.156203,0.931548,-0.328426,-0.888392,-0.012758,-0.458877,-0.431859,0.362291,0.825997,0.006742,0.013358,0.011017,-0.00726,0.070676,-0.154519,0.12062,-0.138592,0.037691,0.330102,0.505313,0.37513,0.777128,-0.719005,0.680918,0.138979,-0.477637,-0.629454,0.612791,8.7e-05,-0.000774,-0.000593,0.0,0.0,0.0,0.268265,0.021561,0.037305,-0.019437,-0.468875,-0.36797,0.802965,0.724357,-0.680403,0.111169,0.505433,0.633758,0.585565,-0.006333,-0.001264,-0.000333,-0.002044,0.015208,-0.029248,0.18668,0.052842,0.023031,-0.051209,0.126367,0.956319,-0.263598,-0.897057,-0.003268,-0.4419,-0.423459,0.292304,0.85746,-0.002364,0.014263,0.002385,0.027515,0.052614,-0.143327,0.008309
32,0.029635,-0.003047,0.385771,0.154758,0.931716,-0.328636,-0.890748,-0.012233,-0.454303,-0.427502,0.36188,0.82844,0.005855,0.011593,0.00951,-0.006033,0.058701,-0.128334,0.074021,-0.138589,0.037664,0.33008,0.505238,0.375148,0.777168,-0.719045,0.680888,0.138928,-0.477657,-0.629477,0.612752,5.8e-05,-0.00052,-0.000398,0.0,0.0,0.0,0.263146,0.021563,0.03729,-0.019448,-0.468799,-0.367987,0.803002,0.724393,-0.680372,0.111116,0.505451,0.633781,0.585525,4.2e-05,-0.000374,-0.000286,-7e-06,-2e-06,1.7e-05,0.180801,0.052808,0.023334,-0.050972,0.124886,0.956466,-0.263769,-0.899337,-0.003153,-0.437242,-0.41904,0.291823,0.859792,-0.003883,0.007664,0.005789,-0.007092,0.08534,-0.18413,-0.0606
33,0.029651,-0.00283,0.385943,0.152257,0.932069,-0.328803,-0.891146,-0.014336,-0.45346,-0.427567,0.360895,0.828836,-0.008045,0.014733,0.011065,-0.00825,0.085393,-0.184071,0.044785,-0.138587,0.037643,0.330064,0.505183,0.375161,0.777198,-0.719074,0.680865,0.13889,-0.477672,-0.629494,0.612723,9.3e-05,-0.000833,-0.000639,0.0,0.0,0.0,0.260083,0.021564,0.03728,-0.019456,-0.468742,-0.368,0.803029,0.724421,-0.680349,0.111076,0.505465,0.633797,0.585495,5.8e-05,-0.000513,-0.000394,-4e-06,-2e-06,1.1e-05,0.177209,0.052824,0.023446,-0.050883,0.122439,0.956757,-0.263862,-0.899654,-0.00527,-0.436571,-0.419083,0.290838,0.860106,0.002582,0.005126,0.004196,0.002617,-0.023861,0.052143,-0.093584
34,0.029784,-0.002459,0.386204,0.146353,0.93297,-0.328928,-0.893186,-0.018232,-0.449286,-0.425358,0.358388,0.831057,0.003908,0.007746,0.006319,-0.007261,0.07069,-0.154513,-0.054321,-0.138591,0.037593,0.330027,0.505031,0.3752,0.777278,-0.719154,0.680802,0.138783,-0.477712,-0.629539,0.612646,0.000138,-0.001231,-0.000944,0.0,0.0,0.0,0.253273,0.021562,0.037255,-0.019475,-0.468587,-0.368038,0.803102,0.724496,-0.680288,0.110966,0.505501,0.633842,0.585416,8.5e-05,-0.000765,-0.000587,5e-06,7e-06,-1.1e-05,0.169208,0.052885,0.023632,-0.050752,0.116605,0.957501,-0.263805,-0.901505,-0.00942,-0.432664,-0.416762,0.288273,0.862094,0.001801,0.00358,0.00292,0.002773,-0.012247,0.026303,-0.188456
35,0.030053,-0.002264,0.386243,0.142813,0.933403,-0.329254,-0.893626,-0.021343,-0.448272,-0.425632,0.357089,0.831476,0.001622,0.00322,0.002622,-0.00847,0.082712,-0.180676,-0.188019,-0.138596,0.037557,0.330001,0.504917,0.37523,0.777337,-0.719214,0.680754,0.138704,-0.477741,-0.629573,0.612588,2.8e-05,-0.000249,-0.000191,0.0,0.0,0.0,0.249362,0.021559,0.037235,-0.01949,-0.46847,-0.368068,0.803157,0.724552,-0.680241,0.110883,0.505528,0.633875,0.585357,1.2e-05,-0.000103,-7.8e-05,-3e-06,-6e-06,6e-06,0.163493,0.053022,0.023736,-0.050727,0.112942,0.957876,-0.264039,-0.901855,-0.012703,-0.43185,-0.417013,0.286899,0.862431,0.008124,0.004348,-0.004796,0.03586,-0.047374,0.070178,-0.277123
36,0.030391,-0.002056,0.385982,0.142945,0.932943,-0.330499,-0.889801,-0.025018,-0.455632,-0.433533,0.358049,0.826969,0.014663,0.005565,-0.012132,0.096355,0.02983,-0.11824,-0.367249,-0.138604,0.037542,0.32999,0.504858,0.375246,0.777367,-0.719245,0.68073,0.138662,-0.477756,-0.629589,0.61256,1e-06,-8e-06,-6e-06,0.0,0.0,0.0,0.241513,0.021555,0.037228,-0.019494,-0.46841,-0.368084,0.803184,0.724582,-0.680216,0.110839,0.505541,0.633891,0.585328,-3e-06,2.9e-05,2.2e-05,-5e-06,2e-06,1.1e-05,0.155981,0.053186,0.023839,-0.050853,0.113019,0.957514,-0.265315,-0.898082,-0.015788,-0.439542,-0.425057,0.287952,0.858143,0.000656,0.004852,-0.00487,0.280694,-0.082136,0.078241,-0.40351
37,0.030536,-0.001988,0.385796,0.143877,0.932648,-0.330926,-0.888301,-0.0256,-0.458517,-0.436294,0.358772,0.825201,0.013895,0.004042,-0.013371,0.034656,-0.035456,0.044121,-0.444233,-0.138604,0.037542,0.32999,0.504858,0.375246,0.777367,-0.719245,0.68073,0.138662,-0.477756,-0.629589,0.61256,0.0,-0.0,-0.0,0.0,0.0,0.0,0.238139,0.021555,0.037228,-0.019494,-0.46841,-0.368085,0.803184,0.724582,-0.680216,0.110839,0.505541,0.633892,0.585328,-1e-06,1.9e-05,1.4e-05,-2e-06,1.5e-05,1.7e-05,0.151736,0.053259,0.023873,-0.050945,0.113807,0.957289,-0.265788,-0.896638,-0.016252,-0.442463,-0.427886,0.288671,0.856493,0.000192,0.003927,-0.005623,0.025948,-0.019011,0.013013,-0.465397
38,0.030912,-0.001853,0.38522,0.147098,0.929566,-0.338103,-0.879775,-0.033201,-0.474199,-0.452216,0.366053,0.813347,-0.000204,0.006705,-0.012172,0.258467,-0.145303,0.047064,-0.605397,-0.138605,0.037549,0.329995,0.504877,0.375242,0.777358,-0.719236,0.680737,0.138674,-0.477751,-0.629584,0.612569,-1e-06,7e-06,5e-06,0.0,0.0,0.0,0.230657,0.021555,0.037233,-0.019491,-0.468428,-0.36808,0.803175,0.724573,-0.680223,0.110852,0.505536,0.633886,0.585338,-0.0,3e-06,1e-06,5e-06,1.1e-05,1.2e-05,0.142918,0.05345,0.023939,-0.051241,0.116932,0.954697,-0.273639,-0.888275,-0.022692,-0.458749,-0.444176,0.296709,0.845381,-0.00015,0.003243,-0.006178,0.272879,-0.113976,0.069267,-0.588681
39,0.031405,-0.001559,0.384567,0.131297,0.924554,-0.357779,-0.878254,-0.058852,-0.47453,-0.459956,0.375376,0.804711,0.02767,0.000783,-0.015066,-0.016308,-0.613746,0.034481,-0.665267,-0.138633,0.037539,0.32999,0.504795,0.375269,0.777398,-0.719281,0.680702,0.138613,-0.47777,-0.629605,0.612532,0.0,-2e-06,-2e-06,0.0,0.0,0.0,0.224716,0.021541,0.037227,-0.019494,-0.468345,-0.368108,0.803211,0.724616,-0.680188,0.110789,0.505553,0.633907,0.585299,-0.006394,-0.000756,5.6e-05,-0.002037,0.015202,-0.029239,0.1341,0.053678,0.024077,-0.051562,0.100396,0.951135,-0.291995,-0.886063,-0.048019,-0.46107,-0.452562,0.305015,0.837945,0.00796,0.0076,-0.010972,-0.032614,-0.863029,-0.325424,-0.673429
40,0.031812,-0.001386,0.384257,0.126337,0.920797,-0.369076,-0.87514,-0.071665,-0.478505,-0.467222,0.382301,0.797231,0.028749,0.002986,-0.013277,0.033929,-0.823477,-0.001324,-0.66752,-0.138671,0.037534,0.329991,0.50471,0.3753,0.777438,-0.719328,0.680665,0.138549,-0.477788,-0.629627,0.612496,0.0,-0.0,-0.0,0.0,0.0,0.0,0.220652,0.021522,0.037225,-0.019493,-0.468258,-0.368138,0.803248,0.72466,-0.680152,0.110722,0.50557,0.633928,0.585262,0.0,4e-06,4e-06,-1e-06,5e-06,1.9e-05,0.130018,0.053885,0.024163,-0.051724,0.095277,0.948169,-0.303142,-0.882662,-0.06033,-0.466119,-0.460249,0.311983,0.831165,0.014841,0.005963,-0.011824,0.227793,-0.817583,-0.13766,-0.689268
41,0.032978,-0.000994,0.383447,0.103062,0.912295,-0.39641,-0.867852,-0.112191,-0.48396,-0.486125,0.392768,0.780668,0.030398,0.013553,-0.022309,2.184934,1.560238,-4.448227,-0.664827,-0.138859,0.037475,0.329977,0.504197,0.375478,0.777684,-0.719623,0.680428,0.138181,-0.477884,-0.629777,0.612266,-0.012602,-0.003221,-0.001202,-0.00417,0.031486,-0.052927,0.206822,0.021432,0.037199,-0.019498,-0.467776,-0.368303,0.803454,0.724917,-0.679935,0.110369,0.505647,0.634066,0.585046,2.1e-05,-0.000188,-0.000139,8e-06,-1e-06,3e-06,0.115812,0.054469,0.024357,-0.052124,0.076914,0.940802,-0.330112,-0.875187,-0.094904,-0.474383,-0.47763,0.325397,0.816079,0.021584,0.004117,-0.012865,0.082708,-0.528057,-0.04774,-0.697923
42,0.034463,-0.000447,0.38245,0.07875,0.899033,-0.430793,-0.859202,-0.157867,-0.486644,-0.505623,0.407343,0.760555,0.04428,0.010792,-0.023645,0.039948,-1.174736,-0.286117,-0.649486,-0.139125,0.037415,0.329958,0.512285,0.363683,0.778004,-0.703683,0.697001,0.137678,-0.492819,-0.618452,0.611973,-0.012746,-0.001938,-0.00022,0.384933,0.083686,0.275148,0.202142,0.0213,0.037166,-0.01951,-0.47517,-0.357393,0.804042,0.710182,-0.695266,0.110658,0.519475,0.623598,0.584184,-0.006326,-0.001144,-0.000191,4.298343,0.782207,3.35157,0.102912,0.055205,0.024631,-0.052621,0.046772,0.929766,-0.365165,-0.864763,-0.145293,-0.480701,-0.499996,0.338265,0.797232,0.022696,0.010055,-0.016866,0.209884,-1.250802,-0.451067,-0.696127
43,0.036244,0.000307,0.381372,0.052637,0.880178,-0.471764,-0.849723,-0.208631,-0.484166,-0.524651,0.425258,0.737512,0.047436,0.02478,-0.029915,0.03455,-1.440987,-0.037956,-0.604532,-0.13943,0.037363,0.329962,0.515854,0.357873,0.77834,-0.695797,0.704974,0.137155,-0.500251,-0.612765,0.611663,0.0,-1e-06,-1e-06,0.0,0.0,0.0,0.201429,0.021143,0.037139,-0.019509,-0.479346,-0.350672,0.804522,0.701033,-0.704497,0.110612,0.527995,0.617018,0.58353,-0.006401,-0.000726,7.9e-05,-0.002458,0.014952,-0.029699,0.099809,0.056093,0.025,-0.05316,0.019911,0.913102,-0.407243,-0.853989,-0.196281,-0.481845,-0.519908,0.357376,0.775871,0.029707,0.005369,-0.011458,-0.012803,-1.483743,-0.284425,-0.673919
44,0.037195,0.000748,0.380821,0.034152,0.868669,-0.49426,-0.841671,-0.241608,-0.482894,-0.538943,0.431415,0.723497,0.047579,0.025308,-0.029511,2.75512,1.08251,-4.327978,-0.56974,-0.139593,0.037344,0.329963,0.517735,0.354923,0.778442,-0.691748,0.708984,0.136969,-0.503916,-0.609842,0.611575,-0.012795,-0.001493,0.000118,-0.001762,0.015255,-0.029024,0.201317,0.021066,0.03713,-0.019508,-0.481239,-0.347707,0.804679,0.696963,-0.708516,0.110665,0.531649,0.614088,0.583304,-3e-06,1.4e-05,1.5e-05,0.000711,-0.000487,5.2e-05,0.09883,0.05657,0.025223,-0.053434,0.006393,0.90307,-0.429444,-0.846589,-0.223675,-0.482964,-0.532207,0.366651,0.7631,0.023855,0.012729,-0.014722,0.06513,-1.275023,0.011643,-0.655304
45,0.039242,0.001691,0.379696,0.010866,0.844591,-0.535344,-0.826218,-0.293918,-0.480571,-0.563255,0.446481,0.695288,0.061243,0.022647,-0.030857,0.965118,-0.511371,-1.090734,-0.462472,-0.139928,0.037298,0.329962,0.527273,0.339769,0.778801,-0.670901,0.728851,0.136392,-0.521927,-0.594838,0.611247,5.6e-05,-0.000525,-0.000402,0.000942,0.000165,0.000739,0.201758,0.020893,0.037108,-0.019507,-0.490721,-0.332532,0.805366,0.67608,-0.728388,0.111197,0.549643,0.599059,0.582254,-0.006364,-0.001083,-0.000197,0.00083,0.014483,-0.028021,0.098013,0.057612,0.025706,-0.054007,-0.021172,0.880069,-0.474371,-0.828453,-0.281048,-0.484434,-0.559657,0.382738,0.735046,0.030683,0.011414,-0.015387,0.979485,-0.490978,-1.084276,-0.590314
46,0.041432,0.002677,0.378596,-0.011856,0.816276,-0.577579,-0.812484,-0.344496,-0.470281,-0.582846,0.462681,0.668014,0.061898,0.024721,-0.029277,3.302572,0.792447,-3.666037,-0.392105,-0.14022,0.037212,0.329949,0.534422,0.327531,0.779172,-0.653937,0.74421,0.135838,-0.536024,-0.582533,0.610898,9e-05,-0.000844,-0.000647,0.03488,0.006081,0.027347,0.204052,0.020747,0.037065,-0.019514,-0.497818,-0.320307,0.805965,0.659121,-0.743717,0.111548,0.563681,0.586759,0.581357,-0.006346,-0.001261,-0.000333,0.114627,0.034828,0.06201,0.09883,0.058684,0.026189,-0.054546,-0.040845,0.856088,-0.515212,-0.815339,-0.32661,-0.478065,-0.577539,0.400547,0.711342,0.02383,0.00964,-0.008538,0.096944,-1.350173,-0.028169,-0.526305
47,0.042527,0.003161,0.378084,-0.020236,0.804454,-0.593709,-0.808414,-0.362504,-0.463714,-0.588241,0.469576,0.658405,0.049035,0.029811,-0.026049,0.009114,-1.171233,-0.178313,-0.366098,-0.14037,0.037158,0.329935,0.53594,0.324549,0.779377,-0.649784,0.747894,0.135534,-0.539554,-0.57947,0.610704,-0.012703,-0.002398,-0.000582,0.001095,0.015751,-0.026785,0.205215,0.020678,0.037038,-0.019521,-0.499354,-0.317298,0.806205,0.654917,-0.747431,0.111481,0.56721,0.583667,0.581037,5.8e-05,-0.000563,-0.000428,0.009978,0.000982,0.007199,0.099973,0.059236,0.026429,-0.054803,-0.053354,0.844163,-0.533424,-0.808512,-0.350027,-0.473062,-0.586055,0.40604,0.701191,0.030249,0.007396,-0.009959,-0.347724,-0.968335,-0.604979,-0.501974
48,0.044591,0.004139,0.377187,-0.036754,0.78309,-0.620858,-0.797238,-0.397514,-0.454275,-0.6025,0.4773,0.639691,0.049224,0.030835,-0.025309,-0.028585,-0.81842,0.076209,-0.33515,-0.140622,0.037058,0.329885,0.54081,0.312706,0.780853,-0.636353,0.759114,0.136878,-0.550609,-0.571314,0.608517,-0.012588,-0.003522,-0.001446,0.011973,0.076864,0.038053,0.207672,0.020551,0.036991,-0.019544,-0.504056,-0.305371,0.807883,0.641711,-0.758474,0.113683,0.578043,0.57573,0.578274,-0.00634,-0.001334,-0.000392,0.367363,0.14888,0.325464,0.101932,0.060251,0.026911,-0.055245,-0.069719,0.824068,-0.562183,-0.796016,-0.385619,-0.466536,-0.601246,0.414981,0.682856,0.024615,0.015367,-0.012741,-1.679632,-0.255096,-1.829445,-0.468173
49,0.046278,0.005167,0.376502,-0.057872,0.761389,-0.645742,-0.781154,-0.437247,-0.44563,-0.621583,0.477686,0.620869,0.035361,0.026587,-0.012152,0.263006,-0.911325,-0.676465,-0.328068,-0.140826,0.036972,0.329839,0.546048,0.303201,0.780956,-0.622927,0.770205,0.136673,-0.560719,-0.561488,0.608431,-0.012652,-0.002948,-0.001007,0.386388,0.083199,0.273391,0.221197,0.020449,0.036945,-0.019569,-0.50919,-0.296202,0.808077,0.628524,-0.769385,0.114029,0.587947,0.565958,0.577934,9.7e-05,-0.000911,-0.000694,1.304663,0.230986,1.022802,0.108954,0.061117,0.027433,-0.055599,-0.09073,0.804925,-0.586398,-0.779352,-0.423963,-0.461373,-0.619982,0.41515,0.665786,0.024539,0.011928,-0.00682,0.496814,0.207856,-1.513904,-0.45462
50,0.047832,0.006263,0.376116,-0.075783,0.735815,-0.672962,-0.766568,-0.474541,-0.432615,-0.637587,0.482169,0.600851,0.035783,0.020839,0.000496,-0.076552,-1.098355,-0.577148,-0.321959,-0.140982,0.036877,0.329783,0.553922,0.284616,0.782404,-0.599775,0.788124,0.138075,-0.578005,-0.546106,0.606252,0.000204,-0.001964,-0.00151,-0.000397,0.001128,0.00083,0.241089,0.020367,0.036897,-0.019597,-0.517096,-0.277213,0.809792,0.605022,-0.787606,0.116721,0.605441,0.550298,0.574988,0.000124,-0.001209,-0.000928,0.005102,-0.010874,-0.007341,0.131814,0.061878,0.027968,-0.055796,-0.108696,0.781264,-0.614663,-0.763133,-0.461823,-0.452046,-0.637033,0.419934,0.646407,0.018406,0.015093,-0.004749,-1.892966,-0.171815,-2.003812,-0.448252
51,0.048519,0.006767,0.376032,-0.086482,0.722036,-0.686462,-0.758605,-0.494312,-0.424436,-0.645685,0.483147,0.591343,0.022937,0.025502,0.003405,-1.777625,-0.34011,-2.307357,-0.318664,-0.141054,0.036826,0.329752,0.55837,0.272262,0.783638,-0.585358,0.798594,0.139777,-0.58843,-0.537098,0.604267,0.00017,-0.001636,-0.001258,0.372035,0.116759,0.33462,0.24643,0.02033,0.036872,-0.019613,-0.520934,-0.265752,0.811174,0.592155,-0.796961,0.119184,0.614801,0.542427,0.57253,-0.006229,-0.001985,-0.00087,4.314515,0.840365,3.344679,0.140795,0.06225,0.028241,-0.05584,-0.118697,0.767392,-0.630094,-0.754393,-0.4823,-0.445282,-0.645601,0.422486,0.636163,0.011573,0.012943,0.001806,-1.783668,-0.268126,-2.265155,-0.445476
52,0.049872,0.007801,0.376033,-0.103196,0.69446,-0.712125,-0.738987,-0.532683,-0.412455,-0.66565,0.482821,0.569053,0.037852,0.033352,-0.007147,0.220914,-0.673864,-0.267369,-0.308373,-0.141196,0.036696,0.329679,0.567975,0.243965,0.786051,-0.55111,0.822007,0.143236,-0.611885,-0.514863,0.600314,0.000258,-0.002495,-0.00192,4.326032,0.84887,3.360952,0.252092,0.020259,0.036808,-0.019648,-0.529397,-0.239703,0.813806,0.561496,-0.81809,0.124299,0.635972,0.522752,0.567687,-0.006232,-0.002447,-0.001253,0.015976,0.089026,0.013796,0.152716,0.0629,0.028739,-0.055837,-0.135457,0.740409,-0.658365,-0.734116,-0.521251,-0.435166,-0.665375,0.42437,0.614154,0.011701,0.01344,0.002145,1.300564,-0.249141,-1.515728,-0.439924
53,0.05121,0.008723,0.376234,-0.118119,0.661843,-0.740309,-0.712888,-0.575445,-0.40078,-0.691121,0.479592,0.540712,0.03749,0.025877,0.004019,1.33108,-0.317266,-1.198148,-0.29723,-0.14136,0.0365,0.329558,0.577683,0.203323,0.790527,-0.504924,0.849898,0.150529,-0.641963,-0.486372,0.592611,0.000549,-0.005341,-0.004117,-0.178007,0.515737,0.342993,0.257645,0.020177,0.036714,-0.019705,-0.540939,-0.197925,0.817441,0.511029,-0.849283,0.132537,0.668007,0.489431,0.560556,-0.006166,-0.003159,-0.001805,0.044536,0.015381,-0.003269,0.160227,0.063583,0.02921,-0.05574,-0.149318,0.709903,-0.688288,-0.70748,-0.563001,-0.427201,-0.690778,0.423161,0.586308,0.017957,0.007641,0.006422,4.188135,0.982163,-3.476879,-0.431923
54,0.051943,0.009148,0.376391,-0.123595,0.645138,-0.754033,-0.70144,-0.594227,-0.393506,-0.701787,0.479469,0.526907,0.036362,0.01639,0.013697,0.189557,-0.984049,-0.435836,-0.289172,-0.141472,0.036361,0.329464,0.583234,0.17762,0.792641,-0.473533,0.867124,0.154265,-0.660626,-0.46554,0.58882,0.000642,-0.006279,-0.004845,1.212008,0.547725,1.15326,0.263788,0.020125,0.036647,-0.019751,-0.544961,-0.174306,0.820143,0.484795,-0.863576,0.138594,0.684098,0.47313,0.555118,-0.006065,-0.004206,-0.002616,-0.147189,0.39402,0.464975,0.165126,0.063949,0.029427,-0.055665,-0.155918,0.694262,-0.70263,-0.69453,-0.582854,-0.421792,-0.702364,0.422233,0.573063,0.018784,0.013145,0.002096,0.483823,-0.863415,-0.819602,-0.426697
55,0.05336,0.009969,0.376764,-0.138846,0.610991,-0.779395,-0.679642,-0.631152,-0.373772,-0.720124,0.47705,0.503857,0.036616,0.017483,0.014324,0.080386,-0.882645,-0.509087,-0.286753,-0.141712,0.036039,0.329242,0.589791,0.132632,0.796584,-0.41945,0.89317,0.161992,-0.690717,-0.429839,0.581387,-0.012018,-0.009586,-0.006154,4.350667,1.055762,3.253727,0.277671,0.020006,0.036484,-0.019863,-0.551141,-0.128105,0.824519,0.431063,-0.889784,0.149894,0.714442,0.438033,0.545618,0.000408,-0.004048,-0.003127,-0.016579,0.009441,0.220916,0.179495,0.064658,0.029838,-0.055478,-0.170858,0.661635,-0.730099,-0.6714,-0.62051,-0.405201,-0.721129,0.420957,0.550242,0.018945,0.013784,0.002484,0.146632,-1.051429,-0.355556,-0.421145
56,0.054713,0.010788,0.377251,-0.159904,0.579932,-0.798846,-0.657819,-0.665929,-0.351831,-0.735821,0.468512,0.488969,0.038275,0.029048,0.005906,1.354866,0.057555,-0.948783,-0.278677,-0.14192,0.035687,0.328993,0.593392,0.080867,0.800835,-0.357504,0.917832,0.172361,-0.721816,-0.388686,0.57251,-0.011974,-0.010218,-0.006664,-0.065362,0.468581,0.575548,0.286483,0.019902,0.036307,-0.019988,-0.556189,-0.075279,0.827638,0.364737,-0.91696,0.161707,0.746739,0.391811,0.537461,0.000439,-0.004405,-0.003413,0.413987,0.118785,0.287852,0.194028,0.065334,0.030243,-0.055232,-0.19,0.630555,-0.752529,-0.649252,-0.65566,-0.385462,-0.736458,0.415343,0.533964,0.018421,0.009361,0.007463,4.297452,1.528559,-3.192073,-0.417063
57,0.056002,0.01159,0.377804,-0.169973,0.55586,-0.813741,-0.645165,-0.686899,-0.33452,-0.744701,0.467443,0.476388,0.037676,0.028147,0.005016,-0.419056,-0.034264,-0.804283,-0.271734,-0.142085,0.035294,0.328732,0.595797,0.026598,0.802689,-0.28355,0.941993,0.179394,-0.752081,-0.334525,0.567741,0.00092,-0.009207,-0.007167,4.428004,0.958158,3.324535,0.294536,0.019819,0.036114,-0.020117,-0.557191,-0.022113,0.830089,0.296279,-0.939144,0.173856,0.775729,0.342809,0.529834,0.000458,-0.004636,-0.003603,0.044018,-0.053644,0.192696,0.202682,0.065981,0.030648,-0.054952,-0.199896,0.6073,-0.768913,-0.63428,-0.678339,-0.370868,-0.746812,0.413571,0.520796,0.018161,0.008865,0.007011,-1.566023,0.651323,-2.2846,-0.410695
