frame,MLTx,MLTy,MLTz,MLTR1,MLTR2,MLTR3,MLTR4,MLTR5,MLTR6,MLTR7,MLTR8,MLTR9,MLTTVx,MLTTVy,MLTTVz,MLTRVx,MLTRVy,MLTRVz,MLGA,MRTx,MRTy,MRTz,MRTR1,MRTR2,MRTR3,MRTR4,MRTR5,MRTR6,MRTR7,MRTR8,MRTR9,MRTTVx,MRTTVy,MRTTVz,MRTRVx,MRTRVy,MRTRVz,MRGA,SLTx,SLTy,SLTz,SLTR1,SLTR2,SLTR3,SLTR4,SLTR5,SLTR6,SLTR7,SLTR8,SLTR9,SLTTVx,SLTTVy,SLTTVz,SLTRVx,SLTRVy,SLTRVz,SLGA,SRTx,SRTy,SRTz,SRTR1,SRTR2,SRTR3,SRTR4,SRTR5,SRTR6,SRTR7,SRTR8,SRTR9,SRTTVx,SRTTVy,SRTTVz,SRTRVx,SRTRVy,SRTRVz,SRGA
1,0.071477,-0.018711,0.378737,-0.176219,0.002133,-0.984372,0.295314,-0.953802,-0.054987,-0.938795,-0.3004,0.168674,5.9e-05,0.000165,0.000137,0.0,0.0,0.0,-1.616682,-0.096482,0.010097,0.343224,0.432416,0.011928,0.901591,0.2601,0.955741,-0.137264,-0.863849,0.293817,0.409023,-0.000364,0.001563,0.001307,0.0,-0.0,-0.0,-0.296648,0.043684,0.02388,-0.012585,-0.391646,-0.023706,0.91981,-0.268718,-0.953138,-0.138983,0.880001,-0.301602,0.366923,-0.006908,-0.000447,0.000527,-4.8e-05,0.000914,-0.004281,-0.497997,0.0738,0.016189,-0.054708,-0.188804,0.069324,-0.979564,0.3879,-0.911122,-0.139245,-0.902156,-0.406263,0.145133,3.3e-05,9e-05,7.4e-05,5e-06,-7e-06,4e-06,-0.889136
2,0.071479,-0.018704,0.378743,-0.176217,0.002154,-0.984372,0.295312,-0.953802,-0.055006,-0.938796,-0.300401,0.168665,2.2e-05,6.2e-05,5.1e-05,0.0,0.0,0.0,-1.615826,-0.09665,0.010159,0.343179,0.433259,0.009571,0.901214,0.260102,0.956053,-0.135069,-0.863427,0.292888,0.410577,-0.015479,0.008871,-0.008243,-1.101647,-1.5594,1.963554,-0.28337,0.043605,0.023911,-0.012602,-0.391591,-0.023853,0.919829,-0.268845,-0.953075,-0.139169,0.879987,-0.301789,0.366803,-0.006804,-0.000882,0.000166,-0.002051,0.015205,-0.029242,-0.484608,0.073801,0.016193,-0.054705,-0.188804,0.069345,-0.979563,0.387897,-0.91112,-0.139264,-0.902157,-0.406263,0.145124,3e-06,1.3e-05,1.1e-05,4e-06,-1e-05,-6e-06,-0.8893
3,0.071497,-0.01868,0.37875,-0.179086,0.002594,-0.983853,0.295279,-0.953735,-0.056317,-0.93826,-0.300608,0.171259,0.000157,0.000436,0.00036,0.018915,0.281836,0.125474,-1.613328,-0.097352,0.010408,0.342949,0.432968,0.003216,0.901399,0.259709,0.957127,-0.128033,-0.863691,0.289504,0.412418,-0.030877,0.017553,-0.016651,-1.07569,-1.447824,1.78879,-0.24498,0.04326,0.024031,-0.012714,-0.391176,-0.017238,0.920153,-0.268181,-0.954297,-0.131887,0.880374,-0.298359,0.368676,-0.014522,0.00353,-0.003975,0.036128,0.01755,-0.051874,-0.452439,0.07381,0.016205,-0.054701,-0.190922,0.069461,-0.979144,0.387804,-0.911009,-0.140244,-0.901751,-0.406492,0.146995,7.9e-05,0.000224,0.000184,0.01374,0.380349,0.171901,-0.889136
4,0.071522,-0.018656,0.378731,-0.181921,0.003194,-0.983331,0.29527,-0.95365,-0.057777,-0.937714,-0.300872,0.17377,1e-06,4e-06,3e-06,0.003711,0.055545,0.024735,-1.604405,-0.09875,0.010844,0.342477,0.432951,-0.010407,0.901353,0.258085,0.959485,-0.112761,-0.864186,0.281433,0.416943,-0.044262,0.015231,-0.016831,-0.293591,-0.303343,0.397603,-0.202742,0.042565,0.02425,-0.01295,-0.391524,-0.001653,0.920166,-0.26577,-0.957176,-0.114803,0.880951,-0.289501,0.374318,-0.022203,0.007796,-0.008258,-1.062881,-1.427474,1.751121,-0.413086,0.073823,0.016217,-0.054711,-0.194895,0.069725,-0.978342,0.387744,-0.91074,-0.142149,-0.900927,-0.40705,0.150464,0.000426,0.004932,-0.004822,0.04131,0.020399,0.032114,-0.889136
5,0.071574,-0.018547,0.378609,-0.184653,0.003874,-0.982819,0.29556,-0.953464,-0.059342,-0.937085,-0.301453,0.176138,0.000864,0.009898,-0.009619,0.035463,-0.006521,0.021013,-1.582089,-0.100822,0.011474,0.34174,0.427685,-0.023353,0.903621,0.255179,0.962104,-0.095785,-0.867659,0.271554,0.416281,-0.057578,0.012938,-0.017033,-0.3836,0.014794,0.556889,-0.15476,0.041534,0.024566,-0.013319,-0.3873,0.010949,0.921888,-0.262214,-0.959942,-0.09876,0.883878,-0.279982,0.374656,-0.029795,0.012087,-0.012521,-1.143465,-0.909573,2.076125,-0.367365,0.073848,0.016268,-0.054768,-0.19766,0.070056,-0.977763,0.38801,-0.910388,-0.143667,-0.90021,-0.407779,0.152764,-0.0,-5e-06,-4e-06,0.00277,-0.016484,-0.008216,-0.889136
6,0.071621,-0.018422,0.3785,-0.184515,0.00409,-0.982844,0.295919,-0.953338,-0.059576,-0.936999,-0.301848,0.175918,0.001159,0.010719,-0.00894,0.034747,-0.017271,0.01622,-1.566068,-0.102147,0.011879,0.341298,0.424674,-0.028492,0.904893,0.253523,0.963236,-0.088524,-0.869618,0.267015,0.415127,-0.072917,0.022256,-0.024971,-0.038077,0.512149,-0.016188,-0.128019,0.04085,0.024773,-0.013547,-0.384099,0.016763,0.923139,-0.260135,-0.961295,-0.090781,0.885887,-0.27501,0.373593,-0.036454,0.011175,-0.012407,-0.044948,0.593199,0.01502,-0.341565,0.073871,0.016332,-0.054828,-0.197286,0.070297,-0.977822,0.388411,-0.910196,-0.143801,-0.900119,-0.408167,0.152265,0.0006,0.005404,-0.004435,0.034893,-0.022644,0.013726,-0.888973
7,0.07173,-0.017998,0.378198,-0.184111,0.004617,-0.982918,0.297035,-0.952954,-0.060168,-0.936726,-0.303052,0.175302,0.001696,0.012218,-0.007701,0.034728,-0.017482,0.016127,-1.420589,-0.105177,0.012842,0.340271,0.420805,-0.044664,0.906047,0.249962,0.965806,-0.068356,-0.872521,0.255273,0.41642,-0.072898,0.023599,-0.023958,0.011583,0.358573,-0.074745,-0.0801,0.039363,0.025245,-0.014053,-0.379654,0.033326,0.924527,-0.25566,-0.964212,-0.07023,0.8891,-0.263028,0.374587,-0.043918,0.015502,-0.016679,0.004,0.512027,-0.229689,-0.291598,0.073925,0.016539,-0.054976,-0.196892,0.070849,-0.977861,0.389455,-0.909667,-0.144324,-0.899754,-0.40925,0.151513,0.000935,0.006336,-0.003666,0.035737,-0.029445,0.04237,-0.852722
8,0.071905,-0.017323,0.377639,-0.183509,0.00475,-0.98303,0.299048,-0.952305,-0.06048,-0.936204,-0.305086,0.174559,0.002274,0.021321,-0.017962,0.06152,0.047026,-0.148776,-1.383822,-0.108612,0.013905,0.339098,0.417371,-0.06511,0.906396,0.251406,0.966745,-0.046194,-0.873751,0.24721,0.4187,-0.099051,0.017853,-0.025498,-0.045704,0.60923,-0.438666,-0.036841,0.037654,0.025782,-0.014636,-0.376487,0.054011,0.924845,-0.256253,-0.96542,-0.047936,0.890276,-0.255042,0.377309,-0.043752,0.015702,-0.016566,-0.076776,0.473313,-0.043013,-0.243101,0.074013,0.016876,-0.05525,-0.19631,0.071182,-0.977954,0.391343,-0.908796,-0.144705,-0.899062,-0.411123,0.150549,0.001198,0.010804,-0.008864,0.06932,-0.035058,0.032269,-0.833454
9,0.071994,-0.016972,0.377317,-0.183203,0.004616,-0.983088,0.300178,-0.95195,-0.060463,-0.935903,-0.306192,0.174238,0.001999,0.020557,-0.018587,0.069419,-0.035083,0.032202,-1.382773,-0.110418,0.014451,0.338488,0.41801,-0.076017,0.905252,0.254721,0.966297,-0.03635,-0.872485,0.245853,0.422126,-0.100624,0.028911,-0.033738,-0.941138,-1.217652,1.639369,-0.029796,0.036714,0.026062,-0.014951,-0.376057,0.063864,0.924392,-0.259001,-0.965101,-0.038689,0.889662,-0.253967,0.379474,-0.05031,0.014402,-0.016865,-0.91859,-1.258843,1.582201,-0.226282,0.074058,0.017052,-0.055409,-0.195994,0.070936,-0.978035,0.392451,-0.908346,-0.144527,-0.898647,-0.412158,0.150192,0.007902,0.008686,-0.010313,0.062469,0.032457,-0.119098,-0.841292
10,0.072142,-0.016303,0.376593,-0.179663,0.004133,-0.983743,0.302573,-0.951264,-0.05931,-0.935823,-0.308323,0.170881,0.001169,0.01824,-0.020487,0.061306,0.041866,-0.151129,-1.357646,-0.114033,0.015494,0.337304,0.41572,-0.08892,0.90513,0.250267,0.967941,-0.019728,-0.874862,0.234814,0.423487,-0.098602,0.018592,-0.025157,0.025419,0.267532,-0.182342,-0.014059,0.034976,0.026567,-0.015525,-0.374544,0.077847,0.923935,-0.253894,-0.966994,-0.021449,0.89177,-0.242615,0.381946,-0.04352,0.016113,-0.016322,-0.257802,-0.06139,0.341059,-0.207667,0.074133,0.01739,-0.055769,-0.192193,0.071012,-0.978784,0.394784,-0.90752,-0.143361,-0.898447,-0.413962,0.146385,0.007402,0.0073,-0.011451,0.067141,-0.021615,0.043649,-0.84962
11,0.072174,-0.01553,0.375673,-0.178723,0.006817,-0.983899,0.294053,-0.953885,-0.060077,-0.938715,-0.300072,0.169702,0.001383,0.026316,-0.031572,0.10403,-0.052953,0.048157,-1.243652,-0.117175,0.016358,0.336328,0.417058,-0.106459,0.902619,0.24879,0.968523,-0.000595,-0.874649,0.224921,0.429259,-0.071921,0.024439,-0.023655,-0.231647,-0.257187,0.66422,0.027362,0.033363,0.027002,-0.016025,-0.375836,0.094099,0.921895,-0.251411,-0.967873,-0.003703,0.89193,-0.233167,0.387419,-0.035882,0.011562,-0.012318,-0.933499,-1.243357,2.115029,-0.176642,0.074149,0.017774,-0.056225,-0.19177,0.073633,-0.978673,0.38649,-0.910939,-0.144269,-0.902135,-0.405915,0.146233,0.00055,0.012715,-0.01615,0.103274,-0.040516,0.022131,-0.835414
12,0.072109,-0.014471,0.374251,-0.176804,0.014323,-0.984165,0.275552,-0.959171,-0.063516,-0.944674,-0.282444,0.166863,0.000907,0.032452,-0.044245,-5.301494,-0.409842,0.960108,-1.012189,-0.119896,0.017196,0.335526,0.4163,-0.121035,0.901131,0.252441,0.967485,0.013453,-0.873962,0.222011,0.432163,-0.058646,0.02824,-0.022169,0.106919,-0.025733,0.136391,0.083523,0.031998,0.027419,-0.016427,-0.374708,0.109415,0.920663,-0.254362,-0.967041,0.011401,0.891567,-0.22991,0.39019,-0.035191,0.007858,-0.006808,0.083925,-0.050425,0.081333,-0.109366,0.074117,0.018303,-0.056929,-0.190606,0.080273,-0.978378,0.373979,-0.915555,-0.147977,-0.907638,-0.394099,0.14449,0.000455,0.01615,-0.022176,0.138157,-0.059255,0.036509,-0.773853
13,0.072014,-0.013762,0.373327,-0.17485,0.022174,-0.984368,0.267001,-0.961199,-0.069132,-0.947491,-0.27495,0.163371,-0.013286,0.034368,-0.043246,-0.009221,-0.057485,0.038621,-0.86125,-0.121059,0.017608,0.335204,0.413704,-0.130944,0.900941,0.255555,0.966481,0.023249,-0.874287,0.220763,0.432145,-0.045361,0.031013,-0.021459,0.051604,0.179306,0.541735,0.102591,0.031412,0.027624,-0.016588,-0.373857,0.118481,0.919887,-0.2569,-0.96623,0.020041,0.891197,-0.228826,0.39167,-0.028564,0.009312,-0.00641,-0.058447,0.532153,0.488996,-0.078341,0.074075,0.018656,-0.057393,-0.189472,0.089411,-0.977806,0.360219,-0.920079,-0.153933,-0.913422,-0.381391,0.142121,0.000639,0.020378,-0.027545,-0.326782,-0.030546,-0.031662,-0.726662
14,0.07175,-0.012076,0.371072,-0.170274,0.036952,-0.984727,0.245144,-0.966272,-0.078702,-0.954213,-0.254854,0.156699,0.000782,0.046996,-0.067677,0.53997,-1.289467,2.510924,-0.608314,-0.123014,0.01837,0.334739,0.416704,-0.150005,0.896576,0.261754,0.964279,0.039805,-0.871024,0.218261,0.439933,-0.04239,0.011448,-0.003219,0.043317,-0.080987,0.132832,0.136379,0.030433,0.02801,-0.016829,-0.37544,0.138372,0.916458,-0.262538,-0.964171,0.038023,0.888885,-0.22633,0.398316,-0.021963,0.01112,-0.005724,0.098366,-0.220424,0.311472,-0.02919,0.073938,0.019498,-0.058508,-0.186706,0.101591,-0.977148,0.338771,-0.926972,-0.161104,-0.922157,-0.361109,0.138655,-0.006373,0.025237,-0.032681,-0.290013,-0.102212,0.089447,-0.651059
15,0.071515,-0.010361,0.368379,-0.161274,0.053071,-0.985505,0.218244,-0.971894,-0.088107,-0.962284,-0.229364,0.146385,-0.001716,0.040069,-0.073441,0.667943,-1.285062,2.455295,-0.379853,-0.124601,0.019011,0.334545,0.418564,-0.160962,0.893805,0.262288,0.963615,0.050834,-0.869973,0.213337,0.444407,-0.029158,0.014386,-0.002371,0.062998,-0.202426,0.322117,0.173603,0.029623,0.028338,-0.016924,-0.377593,0.149352,0.913847,-0.26263,-0.963652,0.048976,0.887946,-0.221511,0.403092,-0.01458,0.007222,-0.001129,0.066056,-0.205377,0.315312,0.018981,0.073823,0.020363,-0.059849,-0.179401,0.118621,-0.976597,0.312226,-0.934515,-0.170866,-0.932914,-0.335573,0.130616,-0.007645,0.021673,-0.035648,0.192126,-0.064791,0.013265,-0.588028
16,0.071409,-0.00954,0.36683,-0.157389,0.062616,-0.985573,0.205103,-0.974134,-0.094696,-0.965816,-0.217134,0.141702,-0.002196,0.046216,-0.086147,0.251211,-0.12263,0.098586,-0.276706,-0.125247,0.019265,0.334538,0.42184,-0.161037,0.89225,0.253655,0.965724,0.054503,-0.870955,0.203512,0.447084,-0.027669,0.004112,0.00633,0.023048,-0.195754,0.300205,0.192347,0.029311,0.028463,-0.01693,-0.380899,0.149149,0.912507,-0.253717,-0.965881,0.051967,0.889124,-0.211724,0.405744,-0.014616,0.007583,-0.000848,0.037016,-0.098997,0.147421,0.042658,0.07377,0.020772,-0.060617,-0.176137,0.131373,-0.975559,0.299241,-0.937005,-0.180209,-0.937779,-0.323669,0.125729,-0.001692,0.017578,-0.038775,0.250999,-0.188178,0.247519,-0.504097
17,0.071205,-0.008039,0.363426,-0.150636,0.08338,-0.98509,0.167581,-0.979842,-0.108616,-0.974105,-0.181555,0.134852,-0.004733,0.039302,-0.092136,-0.249768,-0.067512,0.106204,-0.135339,-0.126391,0.019676,0.334673,0.432358,-0.165506,0.886378,0.230261,0.970642,0.069053,-0.872308,0.174429,0.456636,-0.027941,0.006463,0.008194,-0.001902,-0.095112,0.132724,0.238336,0.028729,0.028668,-0.016862,-0.391778,0.154037,0.907073,-0.229756,-0.97103,0.065663,0.89091,-0.18268,0.415819,-0.013996,0.003364,0.004237,0.001392,-0.089378,0.126511,0.099646,0.073667,0.021539,-0.062352,-0.171717,0.152726,-0.973235,0.262464,-0.94511,-0.194621,-0.949539,-0.288859,0.122206,-0.002445,0.019241,-0.046386,-0.250555,-0.08557,0.085525,-0.365627
18,0.070783,-0.00669,0.359837,-0.146823,0.098787,-0.984241,0.12408,-0.985282,-0.117455,-0.981178,-0.139501,0.133629,-0.020247,0.037768,-0.094433,-1.392785,-0.166434,0.213393,-0.043615,-0.127441,0.020087,0.334923,0.44771,-0.169389,0.877984,0.195564,0.976626,0.088827,-0.873051,0.132126,0.469243,-0.029702,0.019695,0.001815,-0.34716,-0.711574,0.891117,0.279674,0.028216,0.028866,-0.016738,-0.40703,0.157129,0.899797,-0.194167,-0.977462,0.082858,0.892538,-0.140985,0.428366,-0.007471,0.004728,0.004567,-1.342767,-1.850883,2.140999,0.155981,0.073463,0.022197,-0.064114,-0.169751,0.168103,-0.971043,0.220928,-0.953772,-0.203734,-0.960403,-0.249115,0.124765,-0.010647,0.013817,-0.042781,-5.228047,-0.64888,0.726393,-0.281695
19,0.06984,-0.005566,0.356327,-0.151153,0.117338,-0.981545,0.038531,-0.991456,-0.12451,-0.987584,-0.056794,0.146561,-0.036059,0.02827,-0.085791,-1.423147,0.089722,0.316462,0.038664,-0.128379,0.020659,0.335197,0.47231,-0.159804,0.866821,0.133462,0.985008,0.109005,-0.871817,0.064386,0.485441,-0.028332,0.010399,0.011242,-5.173739,-1.314411,-1.81826,0.322681,0.027736,0.02916,-0.0166,-0.432276,0.149348,0.889287,-0.132937,-0.985968,0.100965,0.891888,-0.074575,0.446064,-0.014073,0.00532,0.005531,-5.20306,-1.343193,-1.752699,0.213949,0.072996,0.022759,-0.065876,-0.175857,0.186003,-0.966683,0.136069,-0.967968,-0.211003,-0.974966,-0.168642,0.144914,-0.011752,0.007242,-0.039649,-5.275057,-0.365871,0.91892,-0.204622
20,0.069165,-0.005164,0.354769,-0.157256,0.130379,-0.978937,-0.01096,-0.991395,-0.130332,-0.987314,-0.009936,0.15855,-0.037995,0.015896,-0.078779,-5.698288,-0.160582,1.176196,0.077837,-0.128825,0.021041,0.335343,0.483651,-0.154898,0.86144,0.103259,0.987391,0.119705,-0.869708,0.031233,0.492439,-0.028602,0.012731,0.01307,-4.757339,-0.985439,-2.248386,0.345464,0.027524,0.029343,-0.016534,-0.443112,0.14639,0.884432,-0.106147,-0.988204,0.110385,0.890159,-0.044967,0.453424,-0.008485,0.012849,0.002586,-0.0594,-0.247704,0.298416,0.242525,0.072645,0.022971,-0.066687,-0.182648,0.197875,-0.96306,0.086948,-0.972449,-0.216294,-0.979326,-0.123241,0.16041,-0.019114,0.007741,-0.039758,-5.701956,-0.114925,1.203705,-0.153022
21,0.067301,-0.004793,0.351924,-0.168032,0.16232,-0.972349,-0.111266,-0.983149,-0.14495,-0.979288,0.083624,0.184471,-0.055279,-0.004087,-0.061597,-0.380676,0.668043,0.49467,0.141995,-0.129765,0.021964,0.335623,0.510584,-0.148736,0.846861,0.050656,0.988366,0.143184,-0.858925,-0.030037,0.511086,-0.015412,0.01511,0.013448,-0.399149,-0.312418,0.116019,0.383276,0.027048,0.029808,-0.016391,-0.471651,0.137956,0.870926,-0.047192,-0.990219,0.131294,0.880521,0.020824,0.473548,-0.015054,0.012289,0.002783,-1.366094,-0.584461,-0.319313,0.29984,0.071733,0.023156,-0.068088,-0.19556,0.227809,-0.953865,-0.015354,-0.973237,-0.229288,-0.980571,-0.030194,0.193824,-0.027491,-0.001841,-0.030551,-1.603917,0.503645,0.758713,-0.059457
22,0.064977,-0.005203,0.349811,-0.172011,0.208693,-0.962759,-0.219275,-0.960872,-0.169162,-0.960182,0.181746,0.212239,-0.057619,-0.023682,-0.04334,-1.538863,0.66959,1.307779,0.186568,-0.130832,0.02289,0.33589,0.533016,-0.136821,0.834964,-0.001837,0.986594,0.162978,-0.846718,-0.088245,0.524542,-0.028584,0.014365,0.014147,-1.359244,-0.483401,-0.546508,0.412453,0.02652,0.030272,-0.016257,-0.494372,0.12699,0.859923,0.004925,-0.988845,0.14886,0.869236,0.077827,0.488233,-0.014963,0.012797,0.003028,-4.544125,-1.214842,-2.393715,0.342622,0.07057,0.022953,-0.069157,-0.203166,0.271289,-0.94081,-0.124019,-0.960241,-0.25011,-0.971258,0.065865,0.228734,-0.035284,-0.005232,-0.025435,-5.362636,-0.310657,1.734067,0.019086
23,0.063608,-0.005709,0.34906,-0.166746,0.235506,-0.957486,-0.270065,-0.944807,-0.185411,-0.948102,0.227368,0.222336,-0.073034,-0.030836,-0.032793,-0.410456,0.43907,0.821987,0.210209,-0.131444,0.023358,0.336015,0.545383,-0.129046,0.828189,-0.03067,0.984286,0.173705,-0.838254,-0.119987,0.531786,-0.029907,0.024756,0.005498,-0.333906,-0.413589,0.24717,0.427381,0.026214,0.030504,-0.01619,-0.507164,0.118571,0.853653,0.035572,-0.986767,0.158194,0.861114,0.110597,0.496235,-0.014955,0.012304,0.002719,-1.319374,-0.492167,-0.581551,0.363034,0.069892,0.022702,-0.069537,-0.202463,0.299693,-0.932304,-0.177774,-0.94745,-0.265955,-0.963018,0.111893,0.245101,-0.036574,-0.015719,-0.0166,-1.435621,-0.012497,1.896652,0.050601
24,0.060485,-0.007164,0.348032,-0.151498,0.30721,-0.939529,-0.352973,-0.904597,-0.238928,-0.923114,0.295044,0.24665,-0.075032,-0.041076,-0.024614,-0.444628,1.233267,1.160502,0.247735,-0.132787,0.024322,0.336246,0.571868,-0.112869,0.812538,-0.082482,0.977499,0.193976,-0.816846,-0.177817,0.548641,-0.029787,0.025054,0.005618,-0.614372,-0.83953,0.654479,0.458278,0.025542,0.030986,-0.016074,-0.534127,0.102112,0.839214,0.088246,-0.980521,0.175471,0.840785,0.167781,0.514711,-0.021438,0.011521,0.002691,-2.23084,-2.210113,1.368461,0.403203,0.068331,0.021978,-0.070053,-0.191545,0.368943,-0.9095,-0.264717,-0.911737,-0.3141,-0.94511,0.180596,0.272304,-0.044275,-0.018396,-0.010762,-1.588336,0.624883,1.468666,0.111182
25,0.057031,-0.008806,0.34736,-0.144952,0.37271,-0.916582,-0.439685,-0.854087,-0.277822,-0.886214,0.362267,0.288816,-0.10463,-0.042906,-0.010803,-0.505472,1.238799,1.572797,0.258292,-0.134342,0.025367,0.33642,0.597544,-0.096373,0.796018,-0.132869,0.96706,0.216965,-0.791436,-0.2353,0.564026,-0.044244,0.035738,-0.001506,-1.508844,-1.091674,-0.020198,0.489408,0.02477,0.031503,-0.015986,-0.560257,0.086958,0.823741,0.138494,-0.97064,0.19666,0.816658,0.224264,0.531765,-0.021273,0.012182,0.003023,-5.295311,-3.102556,-0.861749,0.446312,0.066616,0.021157,-0.070395,-0.191932,0.43238,-0.881026,-0.356533,-0.867101,-0.347876,-0.914355,0.247347,0.320582,-0.045409,-0.023551,-0.006734,-1.630158,0.682539,1.785479,0.140411
26,0.053328,-0.010472,0.346764,-0.139231,0.437511,-0.888394,-0.522716,-0.794382,-0.30935,-0.840902,0.420758,0.340401,-0.10524,-0.041346,-0.010404,-0.325386,1.291865,1.430383,0.28605,-0.136133,0.02645,0.336493,0.626964,-0.069411,0.775944,-0.186829,0.95349,0.236399,-0.75703,-0.293103,0.583831,-0.0436,0.032442,-0.004178,-4.300398,-1.69495,-2.783482,0.508872,0.02389,0.032044,-0.015946,-0.590372,0.062708,0.804691,0.189393,-0.958378,0.213634,0.784596,0.278526,0.553923,-0.028365,0.015577,-0.001904,-1.212831,-2.135586,2.089295,0.480603,0.064724,0.020307,-0.070699,-0.193209,0.496548,-0.846232,-0.446126,-0.812629,-0.374973,-0.873865,0.305078,0.37853,-0.052579,-0.020651,-0.005124,-0.305533,1.19909,1.361012,0.177478
27,0.051395,-0.011255,0.346577,-0.12897,0.470793,-0.872792,-0.568077,-0.756432,-0.324145,-0.81266,0.453418,0.366089,-0.089437,-0.039688,-0.007888,-5.095461,-0.666181,3.35726,0.285583,-0.137031,0.026918,0.336491,0.636346,-0.058751,0.769157,-0.203597,0.948877,0.24107,-0.744777,-0.309935,0.590856,-0.043328,0.031057,-0.005292,0.216027,-0.485685,0.108973,0.515135,0.023425,0.032288,-0.015944,-0.600336,0.050302,0.798163,0.211787,-0.952389,0.219317,0.771195,0.300705,0.5611,-0.027483,0.009256,0.001485,0.286043,-0.772785,0.11733,0.492687,0.063788,0.019923,-0.070796,-0.188949,0.52747,-0.828294,-0.490049,-0.781599,-0.385945,-0.850969,0.332981,0.406169,-0.051529,-0.017537,-0.002297,-0.663724,1.303572,1.42796,0.186949
28,0.047572,-0.012189,0.34656,-0.101017,0.527071,-0.843823,-0.645952,-0.679764,-0.34733,-0.75655,0.509324,0.41018,-0.097595,-0.013016,-0.002812,-4.795275,-1.062606,3.071995,0.292894,-0.139034,0.027741,0.336456,0.651511,-0.03787,0.757688,-0.232611,0.9406,0.247179,-0.722839,-0.337245,0.603019,-0.055796,0.026937,-0.007259,0.033386,-0.330863,0.115477,0.520175,0.022427,0.032701,-0.01596,-0.616781,0.028632,0.786614,0.240896,-0.944521,0.223265,0.749366,0.327198,0.575665,-0.027204,0.007745,0.000269,-0.261982,-0.423345,-0.126062,0.508526,0.061876,0.019438,-0.070815,-0.167266,0.584979,-0.793612,-0.576051,-0.711247,-0.402855,-0.800116,0.389778,0.455945,-0.048669,-0.006267,-0.001107,-0.225813,0.946116,1.13937,0.195277
29,0.043679,-0.012411,0.346713,-0.078477,0.56635,-0.820448,-0.705788,-0.612732,-0.355521,-0.703974,0.550454,0.448829,-0.093893,-0.003442,0.006317,-0.118703,0.641834,0.505155,0.320432,-0.141047,0.028275,0.336376,0.660365,-0.031917,0.750261,-0.233087,0.940963,0.245341,-0.714608,-0.336857,0.612965,-0.053836,0.011746,-0.002471,0.084564,-0.152882,0.036553,0.519924,0.0214,0.032978,-0.016003,-0.626294,0.022637,0.779257,0.241177,-0.944915,0.221286,0.741342,0.32653,0.586336,-0.026896,0.005637,-0.001382,0.059525,-0.114222,0.060341,0.513424,0.059929,0.019324,-0.070741,-0.145322,0.625276,-0.766753,-0.646607,-0.646594,-0.404738,-0.748852,0.436971,0.498273,-0.046796,-0.00141,0.00354,-0.203441,0.813537,0.448116,0.219117
30,0.041833,-0.012458,0.34687,-0.066935,0.583505,-0.809374,-0.734419,-0.577856,-0.355925,-0.675311,0.569868,0.468223,-0.093148,-0.001257,0.008306,-0.20911,0.700954,0.374267,0.345945,-0.141994,0.028473,0.336345,0.66589,-0.029773,0.74545,-0.23142,0.941598,0.244483,-0.71001,-0.335279,0.619142,-0.040814,0.01316,-0.002674,0.251446,-0.499949,-0.163296,0.51978,0.020927,0.033074,-0.01602,-0.631182,0.022074,0.77532,0.239346,-0.945269,0.221762,0.737782,0.325542,0.591354,-0.020397,0.006435,-0.001415,0.354039,-0.641065,-0.247741,0.513914,0.058973,0.019304,-0.070656,-0.135382,0.6428,-0.753975,-0.678577,-0.614646,-0.402172,-0.721944,0.457183,0.519401,-0.046402,-0.000258,0.004591,-0.189392,0.647516,0.349116,0.243121
31,0.038436,-0.012628,0.347373,-0.044795,0.61914,-0.784031,-0.781916,-0.510139,-0.358243,-0.62172,0.596227,0.507942,-0.077667,-0.001498,0.009381,-0.507787,1.171568,0.696564,0.412992,-0.143739,0.028794,0.336309,0.669789,-0.029266,0.741969,-0.229767,0.941941,0.244723,-0.706874,-0.334362,0.623214,-0.039247,0.000257,0.003893,-0.005443,0.044231,-0.088694,0.519887,0.020069,0.033235,-0.01604,-0.635992,0.02044,0.771424,0.237788,-0.945817,0.221102,0.734146,0.324055,0.596671,-0.020311,0.006072,-0.001716,0.038832,-0.069874,0.128843,0.514078,0.057305,0.019223,-0.070404,-0.115647,0.675764,-0.727988,-0.731891,-0.55347,-0.397498,-0.671535,0.486839,0.558593,-0.039296,-0.005401,0.009818,-1.47155,0.361777,1.10267,0.321174
32,0.035658,-0.01308,0.348178,-0.019406,0.656053,-0.754495,-0.820213,-0.441913,-0.363228,-0.571702,0.610981,0.547618,-0.063441,-0.012141,0.019673,-0.237896,1.28585,0.55186,0.4412,-0.145275,0.028935,0.336315,0.672615,-0.030508,0.739358,-0.229292,0.941307,0.24759,-0.704341,-0.336029,0.625181,-0.039028,-0.001727,0.002347,-0.006133,0.045615,-0.087736,0.519601,0.019301,0.033306,-0.016036,-0.638847,0.021913,0.769021,0.237382,-0.945205,0.224133,0.731794,0.325738,0.59864,-0.020173,0.004932,-0.002604,0.033314,0.040354,-0.070965,0.514241,0.055912,0.019003,-0.070003,-0.093694,0.712973,-0.694903,-0.777095,-0.488687,-0.396619,-0.622369,0.502845,0.599835,-0.032398,-0.011141,0.014511,-0.542446,1.370009,0.826006,0.382734
33,0.033342,-0.013845,0.349346,0.004049,0.699786,-0.714372,-0.847869,-0.376293,-0.373489,-0.53019,0.606335,0.592692,-0.063919,-0.027324,0.043349,-0.547722,1.551299,0.724738,0.454232,-0.146458,0.028898,0.336362,0.676553,-0.032334,0.735678,-0.229194,0.940093,0.252249,-0.700592,-0.339238,0.627656,-0.025941,-0.001959,0.000934,-0.004089,0.03041,-0.05849,0.518281,0.018705,0.033288,-0.016012,-0.642932,0.023832,0.765552,0.237448,-0.944069,0.228804,0.728187,0.328884,0.601314,-0.012968,-0.001028,0.000453,-0.00091,0.034739,-0.062098,0.513914,0.054752,0.018623,-0.069431,-0.074253,0.754886,-0.651638,-0.811005,-0.425958,-0.401036,-0.580307,0.498703,0.643845,-0.02421,-0.010692,0.015827,-1.354493,0.646584,1.423933,0.413596
34,0.032234,-0.014216,0.350105,0.01216,0.720606,-0.693271,-0.857962,-0.34851,-0.377376,-0.513575,0.598493,0.614878,-0.060465,-0.012847,0.038515,-0.173021,1.572545,0.399151,0.455903,-0.146915,0.028867,0.336382,0.68133,-0.035274,0.73112,-0.228052,0.938816,0.257973,-0.696324,-0.34246,0.630649,-0.013067,0.000206,0.001363,-0.989042,-1.777829,1.866492,0.51683,0.018471,0.033268,-0.016005,-0.646026,0.025579,0.762886,0.237098,-0.943276,0.232405,0.725558,0.331019,0.603316,-0.012943,-0.001316,0.000228,-0.000554,0.035631,-0.06327,0.513424,0.054196,0.018429,-0.069052,-0.067796,0.77502,-0.628287,-0.824103,-0.398461,-0.402594,-0.562367,0.49048,0.665711,-0.023714,-0.013323,0.022974,-0.277622,1.74879,0.582687,0.421761
35,0.0301,-0.014874,0.352005,0.03111,0.758338,-0.651153,-0.874738,-0.294477,-0.384822,-0.483622,0.580617,0.654997,-0.044383,-0.020416,0.052265,-0.247315,1.499519,0.488106,0.457636,-0.14749,0.028827,0.336393,0.686424,-0.038525,0.726175,-0.226496,0.937519,0.263992,-0.691816,-0.345643,0.633865,-4e-06,4.6e-05,3.5e-05,-0.0,-0.0,0.0,0.514823,0.018179,0.033249,-0.015997,-0.653154,0.030172,0.756623,0.235261,-0.941671,0.240639,0.719751,0.335178,0.607958,-0.006473,-0.000638,0.000131,-0.000346,0.017509,-0.031143,0.511302,0.053123,0.018103,-0.068108,-0.052272,0.81039,-0.583553,-0.846111,-0.346326,-0.405158,-0.530435,0.472573,0.703783,-0.028361,-0.002556,0.023246,-0.444394,0.93935,0.479761,0.428782
36,0.028204,-0.015449,0.354153,0.053206,0.784389,-0.618019,-0.879839,-0.255817,-0.400515,-0.472334,0.564091,0.677295,-0.056161,-0.011331,0.059619,0.425693,0.659249,0.629938,0.467166,-0.147688,0.028853,0.336407,0.686316,-0.038355,0.726285,-0.226614,0.937541,0.263812,-0.691884,-0.345602,0.633813,-4.2e-05,0.000523,0.000396,0.0,-0.0,-0.0,0.514566,0.01808,0.033261,-0.015991,-0.653022,0.030001,0.756743,0.235356,-0.9417,0.240431,0.719839,0.335111,0.607891,-0.000654,0.005984,-0.003658,0.036869,-0.009178,0.019001,0.509995,0.052181,0.017815,-0.067033,-0.033214,0.836749,-0.546577,-0.855525,-0.306528,-0.417273,-0.516694,0.453752,0.72604,-0.021116,-0.007979,0.02842,1.718902,0.130927,2.001739,0.435967
37,0.027385,-0.015694,0.355239,0.061534,0.795285,-0.603142,-0.876178,-0.246315,-0.414261,-0.478104,0.552961,0.682406,-0.040358,-0.005075,0.048192,0.574882,0.576445,0.697913,0.467498,-0.147699,0.028866,0.336417,0.685906,-0.037919,0.726696,-0.227067,0.937547,0.263401,-0.692142,-0.345635,0.633513,-4.8e-05,0.000601,0.000455,0.0,-0.0,-0.0,0.514394,0.018074,0.033268,-0.015986,-0.652595,0.029564,0.757129,0.235782,-0.941704,0.24,0.720087,0.335141,0.607581,-2.5e-05,0.000299,0.00023,0.000281,9.8e-05,0.000227,0.509669,0.051767,0.017694,-0.066482,-0.025851,0.846813,-0.531261,-0.853003,-0.295799,-0.429987,-0.521265,0.442052,0.72998,-0.020651,-0.007063,0.029329,2.083464,0.242272,1.839662,0.441029
38,0.026248,-0.016106,0.357136,0.098323,0.808497,-0.580268,-0.854988,-0.229685,-0.464987,-0.50935,0.540835,0.669393,-0.026283,-0.009531,0.045449,0.653216,-0.111465,0.864071,0.467658,-0.147573,0.028884,0.336431,0.685245,-0.037261,0.727353,-0.227786,0.937545,0.262785,-0.69256,-0.345712,0.633014,-3.6e-05,0.000451,0.000342,0.0,-0.0,-0.0,0.514741,0.018137,0.033276,-0.015979,-0.651907,0.028903,0.757747,0.236462,-0.941698,0.239353,0.720487,0.335214,0.607065,-1.8e-05,0.000229,0.000172,0.00018,6.6e-05,0.000157,0.509832,0.051196,0.017495,-0.065527,0.009161,0.862279,-0.506349,-0.834085,-0.272715,-0.479507,-0.551558,0.426731,0.716716,-0.01297,-0.004376,0.02315,2.368206,-0.747787,1.93584,0.444131
39,0.025712,-0.01642,0.358617,0.125432,0.819941,-0.558577,-0.84476,-0.206901,-0.493502,-0.520377,0.532745,0.667396,-0.011244,-0.004832,0.032452,-0.044971,0.332422,1.027238,0.467719,-0.14737,0.028912,0.336421,0.6851,-0.037176,0.727493,-0.227882,0.937554,0.262672,-0.692671,-0.345699,0.632901,-0.0,0.0,0.0,0.0,-0.0,-0.0,0.514127,0.018239,0.033291,-0.015983,-0.651756,0.028822,0.75788,0.236546,-0.941706,0.239235,0.720596,0.335196,0.606946,1e-06,-1.1e-05,-1.2e-05,0.000127,3.7e-05,0.000106,0.509995,0.050924,0.017338,-0.064779,0.035611,0.87288,-0.486632,-0.826293,-0.248172,-0.505618,-0.562112,0.420106,0.712418,-0.005901,-0.002902,0.015748,-0.053268,-0.161939,0.510595,0.445111
40,0.025541,-0.016505,0.359178,0.140173,0.822739,-0.550907,-0.840396,-0.195269,-0.505547,-0.523691,0.53282,0.664739,-0.010288,0.004317,0.022122,-0.016576,-0.07037,0.632654,0.467285,-0.147272,0.028915,0.336414,0.684879,-0.036974,0.727712,-0.228105,0.937555,0.262473,-0.692816,-0.345716,0.632732,0.01295,0.00118,-0.000309,0.002045,-0.015205,0.029245,0.513421,0.018283,0.033291,-0.015987,-0.651513,0.028601,0.758098,0.236772,-0.941706,0.23901,0.720742,0.335215,0.606762,5e-06,-5.7e-05,-4.7e-05,-0.013618,0.108217,-0.166228,0.509505,0.050842,0.017295,-0.064506,0.049295,0.877652,-0.476755,-0.82327,-0.234559,-0.516922,-0.565505,0.41798,0.710982,-0.005425,0.00167,0.010573,-0.018993,-0.022159,0.616638,0.444948
41,0.025117,-0.01641,0.360112,0.157422,0.830199,-0.53482,-0.833673,-0.178509,-0.522586,-0.529525,0.527099,0.664678,-0.023789,0.009832,0.025766,-0.030952,0.090079,0.232426,0.469356,-0.147097,0.028925,0.336405,0.684845,-0.036994,0.727743,-0.228107,0.937553,0.262477,-0.692849,-0.345719,0.632694,0.0,-0.0,-0.0,0.0,-0.0,-0.0,0.512084,0.018375,0.033296,-0.015992,-0.65149,0.028639,0.758115,0.236755,-0.941706,0.239031,0.720768,0.335214,0.606732,0.006472,0.000637,-0.000122,0.002117,-0.015202,0.029315,0.507709,0.050629,0.017335,-0.064032,0.066728,0.885481,-0.459857,-0.818422,-0.215053,-0.532856,-0.570728,0.411915,0.710347,-0.004409,0.007238,0.006408,0.002041,0.040526,0.225647,0.446581
42,0.024535,-0.016023,0.360973,0.167506,0.837898,-0.519533,-0.823515,-0.17073,-0.540968,-0.542192,0.517417,0.662068,-0.023272,0.010732,0.026607,0.657007,0.081801,0.466063,0.462665,-0.146971,0.028944,0.336408,0.684771,-0.036956,0.727815,-0.228162,0.937553,0.262432,-0.692904,-0.345725,0.63263,-0.000116,0.001413,0.001071,0.001992,-0.015675,0.024099,0.510959,0.018439,0.033303,-0.015993,-0.6514,0.028589,0.758194,0.236818,-0.941705,0.23897,0.720828,0.335219,0.606657,-0.0,9e-06,6e-06,4.6e-05,8e-06,4.6e-05,0.50624,0.050337,0.017527,-0.063602,0.075925,0.892631,-0.444346,-0.809798,-0.204808,-0.5498,-0.581775,0.401575,0.707301,-0.003728,0.008485,0.007639,2.319619,-0.348369,1.488878,0.442988
43,0.023722,-0.015584,0.362026,0.170804,0.848957,-0.500143,-0.815157,-0.163319,-0.555714,-0.553681,0.501558,0.664759,-0.022482,0.012126,0.027921,-0.056986,0.655539,0.28497,0.465233,-0.146856,0.028969,0.336416,0.684781,-0.037003,0.727803,-0.228127,0.937551,0.262468,-0.692906,-0.345724,0.63263,-3.3e-05,0.000394,0.000299,0.0,0.0,0.0,0.509446,0.018496,0.033319,-0.015987,-0.651424,0.028651,0.758172,0.23677,-0.941705,0.23902,0.720823,0.335216,0.606665,-2e-05,0.000245,0.000183,3.1e-05,-1e-06,3.8e-05,0.504933,0.04993,0.017746,-0.063077,0.079191,0.901403,-0.425675,-0.801941,-0.196039,-0.56432,-0.59213,0.386056,0.707348,-0.011381,0.005837,0.013742,-0.063353,0.694449,0.281658,0.441192
44,0.023284,-0.015412,0.362624,0.174853,0.855008,-0.488296,-0.808287,-0.158475,-0.567037,-0.56243,0.492768,0.663988,-0.02247,0.012103,0.027849,-0.054415,0.713145,0.283688,0.463346,-0.146789,0.02899,0.336425,0.684811,-0.037056,0.727772,-0.228081,0.93755,0.262513,-0.692891,-0.345721,0.632647,0.012835,0.002553,0.000728,0.002045,-0.015205,0.029245,0.508499,0.018525,0.033326,-0.015984,-0.651442,0.028689,0.758155,0.23674,-0.941704,0.239052,0.720817,0.335214,0.606674,-6.1e-05,0.000738,0.000557,0.002025,-0.015669,0.024119,0.503954,0.049712,0.017833,-0.062777,0.082834,0.906819,-0.413298,-0.795712,-0.189502,-0.575265,-0.599982,0.376518,0.70587,-0.011701,0.001562,0.019166,-0.076427,0.6788,0.478128,0.441192
45,0.022416,-0.015217,0.364034,0.183048,0.866765,-0.463959,-0.795746,-0.146436,-0.587636,-0.577519,0.475681,0.663496,-0.023225,0.003317,0.038399,-0.057772,0.384692,0.359803,0.455471,-0.146683,0.029007,0.336428,0.684796,-0.037074,0.727785,-0.228075,0.937549,0.262522,-0.692908,-0.345723,0.632628,-2e-06,2.1e-05,1.6e-05,0.0,0.0,0.0,0.507794,0.018582,0.033339,-0.01598,-0.651439,0.028724,0.758156,0.236718,-0.941703,0.239076,0.720826,0.335214,0.606663,0.006472,0.000628,-0.00013,0.002063,-0.015201,0.029264,0.502484,0.049278,0.017934,-0.062075,0.089625,0.917926,-0.386495,-0.784682,-0.173912,-0.595002,-0.613384,0.356603,0.704693,-0.011706,0.001519,0.019076,-0.031552,0.540462,0.236964,0.433681
46,0.021576,-0.015254,0.365667,0.191236,0.879385,-0.436069,-0.784222,-0.130219,-0.60664,-0.590501,0.456892,0.665272,-0.024707,-0.006764,0.047657,-0.059984,0.667485,0.463337,0.45102,-0.146584,0.028989,0.336405,0.684792,-0.0371,0.727788,-0.228061,0.937548,0.262538,-0.692917,-0.345723,0.632617,7.8e-05,-0.000929,-0.000704,0.0,0.0,0.0,0.507835,0.018632,0.03333,-0.015991,-0.651434,0.02875,0.758159,0.236704,-0.941703,0.239094,0.720835,0.335213,0.606653,4.3e-05,-0.00051,-0.000389,1e-05,-3e-06,1.8e-05,0.501667,0.04886,0.017921,-0.061261,0.097168,0.928213,-0.359134,-0.77511,-0.155772,-0.612322,-0.624309,0.337867,0.704332,-0.012072,-0.002814,0.024403,0.11425,0.658791,0.56075,0.426006
47,0.021164,-0.015358,0.366602,0.194324,0.884853,-0.42346,-0.780355,-0.122062,-0.613285,-0.594606,0.448525,0.667306,-0.024197,-0.005831,0.048527,-0.125419,0.641047,0.443535,0.44857,-0.146552,0.028963,0.336394,0.684785,-0.037101,0.727794,-0.228081,0.937538,0.262554,-0.692917,-0.345748,0.632604,0.013076,-0.000314,-0.001447,0.002045,-0.015205,0.029245,0.507985,0.018643,0.033318,-0.015995,-0.651415,0.028734,0.758177,0.23674,-0.941694,0.239093,0.720841,0.33524,0.606631,7.8e-05,-0.000932,-0.000708,-0.001978,0.015687,-0.024102,0.501667,0.048662,0.017869,-0.060813,0.099893,0.932663,-0.346641,-0.772105,-0.147083,-0.618238,-0.627593,0.329401,0.705422,-0.0053,-0.005486,0.022666,-0.099095,0.172548,0.23243,0.422414
48,0.020385,-0.01569,0.368543,0.199498,0.894221,-0.400767,-0.773109,-0.107597,-0.625058,-0.602318,0.433423,0.670362,-0.023547,-0.004647,0.049586,-0.113893,0.369647,0.312109,0.44748,-0.146559,0.028927,0.336368,0.684711,-0.037019,0.727868,-0.228164,0.937539,0.262477,-0.692963,-0.345754,0.632551,8.7e-05,-0.001038,-0.000787,0.0,0.0,0.0,0.507131,0.018645,0.033298,-0.01601,-0.651351,0.028669,0.758234,0.236804,-0.941694,0.239029,0.720877,0.335245,0.606584,5.5e-05,-0.000649,-0.000493,5e-06,2e-05,2e-06,0.501014,0.048263,0.0177,-0.059825,0.103963,0.94129,-0.321191,-0.7665,-0.129957,-0.628957,-0.633773,0.311581,0.707989,-0.012497,-0.007241,0.029615,-0.159664,0.454654,0.322293,0.418821
49,0.01968,-0.0162,0.370607,0.199998,0.904721,-0.3762,-0.768259,-0.093433,-0.633263,-0.608332,0.414545,0.676839,-0.025509,-0.015521,0.058083,-0.17565,0.906207,0.320022,0.444584,-0.146579,0.028933,0.336363,0.684693,-0.036997,0.727886,-0.228168,0.937549,0.262441,-0.692979,-0.345731,0.632545,-1.4e-05,0.000162,0.000123,0.0,0.0,0.0,0.506353,0.018635,0.0333,-0.016014,-0.651332,0.028647,0.758251,0.236806,-0.941703,0.238991,0.720894,0.335221,0.606578,-1e-05,0.000129,9.8e-05,3e-06,-2e-06,8e-06,0.500198,0.047903,0.017446,-0.058772,0.104251,0.948974,-0.297621,-0.763242,-0.115524,-0.6357,-0.637645,0.29343,0.712254,-0.012813,-0.007812,0.029002,-0.175038,0.851602,0.27481,0.416535
50,0.018946,-0.016742,0.372705,0.212291,0.909093,-0.358508,-0.769609,-0.070479,-0.634592,-0.602443,0.409499,0.685128,-0.011513,-0.019982,0.055462,-2.136152,-3.050351,3.927803,0.44447,-0.146564,0.028991,0.336405,0.684733,-0.037045,0.727846,-0.228121,0.937548,0.262484,-0.692955,-0.345728,0.632573,-0.000223,0.002663,0.002019,0.001995,-0.015674,0.024098,0.504993,0.018642,0.033326,-0.015995,-0.651373,0.028695,0.758214,0.236761,-0.941703,0.239037,0.720872,0.335218,0.606607,-0.000115,0.001377,0.001043,0.002004,-0.015658,0.024088,0.499055,0.047541,0.017181,-0.057745,0.110456,0.954197,-0.278038,-0.765946,-0.096543,-0.635614,-0.633344,0.28317,0.7202,-0.012086,-0.00284,0.024202,-0.126967,0.461273,0.356611,0.413433
51,0.018629,-0.017096,0.373752,0.217461,0.910538,-0.351678,-0.767452,-0.06306,-0.637977,-0.603357,0.407498,0.685516,-0.012333,-0.02147,0.053988,-0.125337,0.123621,0.208941,0.445148,-0.14653,0.029044,0.336441,0.68487,-0.037201,0.727709,-0.227963,0.937546,0.262629,-0.692872,-0.345717,0.63267,-0.000211,0.002523,0.001912,0.0,0.0,0.0,0.504335,0.018659,0.033353,-0.015976,-0.651516,0.028854,0.758085,0.236609,-0.941702,0.239189,0.720792,0.335206,0.606708,-0.000135,0.00161,0.001219,9e-06,1.2e-05,-7e-06,0.498402,0.047384,0.017007,-0.057218,0.120611,0.955136,-0.270493,-0.765433,-0.084026,-0.638005,-0.63211,0.283995,0.720959,-0.006371,-0.011053,0.0267,-0.120079,0.17424,-0.034464,0.413759
52,0.01843,-0.018141,0.375658,0.227671,0.912972,-0.338664,-0.756719,-0.052934,-0.651571,-0.613085,0.403482,0.679231,-0.001027,-0.030857,0.046686,-0.104668,0.013481,0.169188,0.444507,-0.146417,0.029217,0.33656,0.685066,-0.037447,0.727512,-0.227723,0.937542,0.262852,-0.692757,-0.345701,0.632804,-0.00033,0.003922,0.002968,0.0,0.0,0.0,0.503528,0.018716,0.033438,-0.015918,-0.651707,0.029089,0.757912,0.236392,-0.941701,0.23941,0.720691,0.33519,0.606837,0.0063,0.002611,0.001368,0.002047,-0.015217,0.029259,0.496769,0.047282,0.016493,-0.056258,0.130635,0.957357,-0.257682,-0.755881,-0.072009,-0.650736,-0.641543,0.279786,0.714241,0.006267,-0.018018,0.021739,-0.069902,0.03434,0.001157,0.414249
53,0.018654,-0.019487,0.377252,0.235797,0.915185,-0.326926,-0.741309,-0.048076,-0.66942,-0.628662,0.399063,0.667504,0.010884,-0.039208,0.040425,2.442547,-0.199096,0.984188,0.438111,-0.146314,0.02939,0.33668,0.685248,-0.037676,0.727328,-0.227499,0.937538,0.26306,-0.692651,-0.345686,0.632929,-0.000274,0.003237,0.002446,0.0,0.0,0.0,0.503067,0.018767,0.033529,-0.015854,-0.65191,0.029334,0.757728,0.236165,-0.941699,0.23964,0.720582,0.335173,0.606975,-0.000165,0.001938,0.001463,1.3e-05,1.9e-05,-1.4e-05,0.495952,0.047389,0.015822,-0.055459,0.137862,0.959313,-0.246394,-0.743177,-0.064257,-0.666001,-0.654736,0.274931,0.704082,0.005809,-0.015258,0.014842,-0.094556,0.046681,-0.022072,0.409514
54,0.018846,-0.020183,0.377891,0.239741,0.916208,-0.321141,-0.734161,-0.045289,-0.677443,-0.635529,0.397041,0.662184,0.010623,-0.032474,0.027816,-0.071604,-0.000682,0.190734,0.434224,-0.146281,0.029457,0.336727,0.685326,-0.03777,0.72725,-0.227406,0.937536,0.263146,-0.692604,-0.34568,0.632983,-0.000224,0.002642,0.001995,0.0,0.0,0.0,0.502965,0.018783,0.033564,-0.01583,-0.65199,0.029429,0.757655,0.236076,-0.941699,0.23973,0.720539,0.335166,0.607031,-0.000133,0.001552,0.00117,3e-06,-7e-06,1.1e-05,0.495789,0.047486,0.015474,-0.055133,0.142622,0.960209,-0.240117,-0.734526,-0.059927,-0.675929,-0.663423,0.272774,0.696752,0.004566,-0.021187,0.018689,-0.077221,0.068835,-0.015382,0.405105
55,0.019277,-0.021521,0.378884,0.246076,0.918256,-0.310317,-0.721403,-0.040247,-0.691325,-0.647617,0.392841,0.652914,0.010679,-0.025189,0.015732,-0.065608,0.094837,0.24756,0.417428,-0.146248,0.029524,0.336774,0.685403,-0.037863,0.727173,-0.227314,0.937535,0.263231,-0.692558,-0.345674,0.633037,-3.4e-05,0.000403,0.000304,0.0,0.0,0.0,0.501997,0.0188,0.0336,-0.015805,-0.652071,0.029524,0.757583,0.235987,-0.941698,0.239819,0.720495,0.335159,0.607087,-1.1e-05,0.000121,9.1e-05,1e-06,-2e-05,1.8e-05,0.494483,0.047704,0.014789,-0.054629,0.149147,0.96182,-0.229466,-0.722606,-0.052389,-0.68927,-0.674976,0.268617,0.687204,0.005225,-0.012768,0.007692,-0.079575,0.098175,0.246841,0.388613
56,0.0196,-0.022571,0.379748,0.24834,0.920581,-0.301503,-0.712704,-0.037092,-0.700464,-0.656334,0.387691,0.647263,0.011907,-0.022966,0.017868,-0.072243,0.118158,0.040386,0.406682,-0.146237,0.029518,0.336768,0.685319,-0.037778,0.727256,-0.227404,0.937536,0.26315,-0.692612,-0.345681,0.632974,6.8e-05,-0.000806,-0.000608,0.0,0.0,0.0,0.501537,0.018805,0.033596,-0.015808,-0.651983,0.029438,0.757661,0.236074,-0.941698,0.239734,0.720546,0.335166,0.607022,5e-05,-0.000586,-0.000443,9e-06,1.5e-05,-1.1e-05,0.493666,0.047857,0.014267,-0.05421,0.151236,0.963637,-0.220293,-0.714373,-0.047485,-0.698151,-0.683225,0.262958,0.681215,0.006015,-0.011338,0.009066,-0.078871,0.116866,0.029141,0.368365
