frame,MLTx,MLTy,MLTz,MLTR1,MLTR2,MLTR3,MLTR4,MLTR5,MLTR6,MLTR7,MLTR8,MLTR9,MLTTVx,MLTTVy,MLTTVz,MLTRVx,MLTRVy,MLTRVz,MLGA,MRTx,MRTy,MRTz,MRTR1,MRTR2,MRTR3,MRTR4,MRTR5,MRTR6,MRTR7,MRTR8,MRTR9,MRTTVx,MRTTVy,MRTTVz,MRTRVx,MRTRVy,MRTRVz,MRGA,SLTx,SLTy,SLTz,SLTR1,SLTR2,SLTR3,SLTR4,SLTR5,SLTR6,SLTR7,SLTR8,SLTR9,SLTTVx,SLTTVy,SLTTVz,SLTRVx,SLTRVy,SLTRVz,SLGA,SRTx,SRTy,SRTz,SRTR1,SRTR2,SRTR3,SRTR4,SRTR5,SRTR6,SRTR7,SRTR8,SRTR9,SRTTVx,SRTTVy,SRTTVz,SRTRVx,SRTRVy,SRTRVz,SRGA
1,0.107085,-0.013364,0.359659,-0.096537,-0.050233,-0.994084,-0.430683,-0.898268,0.087163,-0.897219,0.436607,0.06632,-0.001833,0.000647,-0.017268,0.009448,-0.38433,-0.200881,0.436746,-0.195368,0.026464,0.322242,0.248214,0.886714,0.390024,-0.947277,0.306387,-0.09342,-0.202626,-0.34739,0.915492,0.015029,-0.011244,0.024016,-0.020514,-0.080088,-0.036351,0.525721,0.02206,0.032364,-0.015452,-0.347316,-0.859862,0.374176,0.89186,-0.426176,-0.15152,0.289751,0.281087,0.914895,0.007763,-0.010914,0.01617,-0.057824,-0.081863,-0.035668,0.523712,0.068615,0.01745,-0.059868,-0.176868,-0.000141,-0.984234,-0.223789,-0.973801,0.040355,-0.958454,0.227398,0.172203,-0.007578,0.006542,-0.012458,0.011495,-0.674379,-0.357032,0.397594
2,0.106854,-0.013218,0.35923,-0.09466,-0.053578,-0.994089,-0.424395,-0.901084,0.088924,-0.900412,0.430367,0.063797,-0.015858,0.002428,-0.016064,0.072563,-0.071935,-0.081474,0.437006,-0.195074,0.02613,0.322743,0.246166,0.88741,0.38974,-0.947435,0.305102,-0.095987,-0.204378,-0.346743,0.915348,0.015366,-0.024677,0.02998,0.086871,0.151375,-0.069987,0.525619,0.022213,0.0322,-0.015193,-0.345431,-0.860872,0.373598,0.892125,-0.424763,-0.153907,0.291185,0.280132,0.914732,0.014048,-0.006594,0.01075,0.573992,0.705106,-0.326567,0.523548,0.068511,0.017519,-0.060073,-0.172561,-0.004431,-0.984988,-0.217095,-0.975228,0.042421,-0.960776,0.221156,0.167324,-0.007691,0.006111,-0.012824,0.564987,-0.130019,-0.089874,0.398737
3,0.106434,-0.01293,0.358355,-0.08548,-0.066493,-0.994142,-0.417248,-0.903664,0.096265,-0.904672,0.42311,0.050739,-0.015358,0.012472,-0.02548,0.028242,-0.608016,-0.327998,0.435365,-0.194259,0.025271,0.323725,0.238908,0.888578,0.391591,-0.946763,0.302766,-0.109112,-0.215794,-0.345796,0.913083,0.028431,-0.027722,0.026586,0.517995,0.500744,-0.182093,0.525012,0.022615,0.031772,-0.0147,-0.338554,-0.86311,0.374728,0.89124,-0.421869,-0.166486,0.301782,0.277608,0.912064,0.007549,-0.014187,0.013457,1.892236,1.785496,-0.650601,0.523548,0.068294,0.017664,-0.060516,-0.162825,-0.013527,-0.986562,-0.208786,-0.976789,0.047852,-0.964311,0.213772,0.156221,-0.007714,0.00604,-0.012897,0.071884,-0.013931,-0.027245,0.398737
4,0.105984,-0.012504,0.357408,-0.074696,-0.081189,-0.993919,-0.415245,-0.903618,0.104966,-0.906559,0.420656,0.035021,-0.014965,0.014062,-0.024158,0.030853,-0.562011,-0.30641,0.430168,-0.193388,0.024372,0.324504,0.232739,0.887498,0.397708,-0.944577,0.303644,-0.124536,-0.231557,-0.347799,0.908449,0.014472,-0.019935,0.016841,0.022007,-0.201317,0.106087,0.520196,0.023062,0.031313,-0.014301,-0.331785,-0.862831,0.381365,0.888095,-0.422018,-0.182172,0.318127,0.278246,0.906296,0.007205,-0.010223,0.008195,0.007151,-0.2081,0.111775,0.522405,0.068063,0.017879,-0.061002,-0.148303,-0.026327,-0.988591,-0.205993,-0.976896,0.056917,-0.967249,0.212083,0.139454,-0.007445,0.00711,-0.012004,0.015443,-0.685377,-0.368689,0.394328
5,0.105714,-0.012193,0.356887,-0.069324,-0.088614,-0.993674,-0.414054,-0.903636,0.109418,-0.907536,0.419125,0.02719,-0.014912,0.014276,-0.023985,0.043891,-0.365473,-0.206701,0.427686,-0.192868,0.023926,0.324806,0.231981,0.885901,0.401692,-0.943293,0.305701,-0.129153,-0.237484,-0.350068,0.906045,0.02763,-0.021982,0.014248,0.549375,0.414901,-0.00521,0.515795,0.023301,0.031103,-0.014157,-0.331635,-0.861824,0.383766,0.886881,-0.423496,-0.18464,0.321651,0.279122,0.904782,0.013808,-0.010906,0.007178,-0.072375,-0.111086,0.197872,0.518976,0.067939,0.018024,-0.061243,-0.14105,-0.032758,-0.989459,-0.204532,-0.976925,0.0615,-0.968643,0.211051,0.131095,-0.007112,0.01241,-0.016455,0.061871,-0.582556,-0.292496,0.390735
6,0.105207,-0.011526,0.355873,-0.058181,-0.103154,-0.992985,-0.411741,-0.903621,0.117942,-0.909383,0.415838,0.011338,-0.01418,0.025099,-0.032698,0.073553,-0.458261,-0.230883,0.425471,-0.191854,0.023189,0.325297,0.233656,0.88458,0.403626,-0.942253,0.308439,-0.130222,-0.239957,-0.351005,0.90503,0.01389,-0.010225,0.007758,-0.034273,-0.002032,0.012544,0.512625,0.023828,0.030717,-0.013908,-0.332063,-0.86001,0.387447,0.884924,-0.42624,-0.18769,0.326561,0.280536,0.902583,0.006933,-0.005156,0.003827,-0.03686,-0.004441,0.014458,0.510975,0.06768,0.01836,-0.061755,-0.127296,-0.044453,-0.990867,-0.20146,-0.977012,0.069712,-0.971189,0.208494,0.115414,-0.007386,0.00734,-0.011819,0.022502,-0.604625,-0.331176,0.385673
7,0.104726,-0.010821,0.354838,-0.048972,-0.115475,-0.992125,-0.409326,-0.903723,0.125337,-0.911025,0.412379,-0.001774,-0.014038,0.025617,-0.032256,0.087247,-0.254803,-0.126716,0.423733,-0.190853,0.022558,0.325722,0.231218,0.882988,0.408487,-0.941444,0.308978,-0.134719,-0.245437,-0.354531,0.902181,0.027249,-0.009473,0.007449,0.571537,0.516764,-0.152512,0.508551,0.024318,0.030402,-0.0137,-0.329585,-0.859015,0.391747,0.88398,-0.4265,-0.191509,0.331589,0.283178,0.89992,0.006979,-0.004579,0.004301,1.978599,1.76086,-0.611338,0.506893,0.067434,0.018723,-0.062285,-0.114897,-0.055171,-0.991843,-0.19832,-0.977082,0.077324,-0.973379,0.205587,0.101322,-0.006994,0.01283,-0.016102,0.091128,-0.222358,-0.109851,0.383387
8,0.10432,-0.01016,0.35386,-0.039688,-0.127677,-0.991044,-0.407148,-0.90366,0.132671,-0.912463,0.408921,-0.014885,-0.014555,0.015646,-0.022843,0.037215,-0.4539,-0.257259,0.42425,-0.189821,0.022193,0.326145,0.231505,0.882283,0.409845,-0.941137,0.309789,-0.134999,-0.246342,-0.355579,0.901522,0.027504,-0.00514,0.011008,-0.03225,-0.017461,0.041663,0.498609,0.024833,0.030213,-0.013494,-0.329353,-0.858247,0.393621,0.883394,-0.427278,-0.192473,0.333375,0.284332,0.898896,0.014071,-0.007532,0.009959,-0.069134,-0.022825,0.049825,0.497422,0.067232,0.019053,-0.062774,-0.10418,-0.06434,-0.992474,-0.195522,-0.977106,0.083867,-0.975149,0.202788,0.089215,-0.007252,0.007852,-0.011391,0.023748,-0.55835,-0.311732,0.383551
9,0.10416,-0.009873,0.353376,-0.035839,-0.132502,-0.990558,-0.406098,-0.903709,0.135524,-0.913095,0.40728,-0.020187,-0.000672,0.013296,-0.024517,0.030001,-0.58685,-0.290722,0.422418,-0.18932,0.022116,0.326446,0.230432,0.88291,0.409099,-0.940749,0.309624,-0.138051,-0.24882,-0.35416,0.9014,0.01438,-0.001854,0.014642,-0.021849,-0.034841,0.024361,0.495757,0.025079,0.030172,-0.013352,-0.328331,-0.85912,0.392569,0.882872,-0.426862,-0.195767,0.335761,0.282312,0.898645,0.013851,-0.000518,0.00717,-0.038198,-0.033941,0.064228,0.492197,0.067157,0.019186,-0.062998,-0.100536,-0.067299,-0.992654,-0.194293,-0.977172,0.085927,-0.975777,0.201505,0.085164,-0.000287,0.00677,-0.012148,0.073878,-0.026464,0.036615,0.382897
10,0.103974,-0.009529,0.352589,-0.031954,-0.137462,-0.990014,-0.404443,-0.903997,0.138519,-0.913978,0.404997,-0.025476,-0.000688,0.013238,-0.024575,0.06746,-0.045202,-0.005808,0.412979,-0.188479,0.022017,0.327166,0.230087,0.882272,0.410666,-0.940618,0.309859,-0.138414,-0.249634,-0.355545,0.90063,0.014539,0.001703,0.017526,-0.044264,0.092351,-0.128529,0.495342,0.02551,0.030122,-0.012986,-0.328063,-0.858427,0.394306,0.882664,-0.427269,-0.195813,0.336566,0.283801,0.897874,0.013932,0.001432,0.00875,-0.030812,-0.050239,0.090548,0.488768,0.067059,0.019369,-0.063409,-0.093528,-0.073086,-0.99293,-0.192276,-0.977201,0.09004,-0.976873,0.199338,0.077343,-0.000323,0.006639,-0.012265,0.073402,0.005672,0.021067,0.376039
11,0.103885,-0.009374,0.35206,-0.030047,-0.140024,-0.989715,-0.403405,-0.904213,0.140121,-0.914503,0.403636,-0.028085,-0.00135,-0.00517,-0.004459,-0.000716,0.01338,-0.025516,0.398908,-0.18797,0.021951,0.328039,0.22912,0.881714,0.412403,-0.940684,0.30949,-0.13879,-0.250273,-0.357252,0.899776,0.01463,0.0041,0.019429,-0.030928,-0.034496,0.060092,0.493246,0.025764,0.03009,-0.012549,-0.326812,-0.858094,0.396064,0.88281,-0.426787,-0.196209,0.337401,0.285526,0.897014,0.007598,-0.003752,0.013497,-0.069126,-0.006028,0.019595,0.486645,0.067013,0.019443,-0.063676,-0.09149,-0.074881,-0.992986,-0.191053,-0.977323,0.091303,-0.977306,0.198067,0.075109,-0.000627,-0.002436,-0.002101,-0.000541,0.019438,-0.02229,0.35971
12,0.103849,-0.009362,0.351922,-0.030109,-0.140144,-0.989696,-0.403144,-0.904308,0.140264,-0.914616,0.403383,-0.028038,-0.000959,-0.003673,-0.00317,-0.0,-2e-06,-1e-06,0.396566,-0.187806,0.021918,0.328539,0.228952,0.881693,0.412541,-0.940994,0.308975,-0.137839,-0.249261,-0.35775,0.899859,0.015309,-0.005418,0.028676,-0.067286,-0.021776,0.043135,0.493168,0.025846,0.030075,-0.012304,-0.326657,-0.858097,0.396187,0.883214,-0.426379,-0.195276,0.336491,0.286129,0.897163,0.000713,0.003087,0.011009,-0.032897,-0.019334,0.031093,0.485665,0.066996,0.01945,-0.063744,-0.091566,-0.074978,-0.992971,-0.190773,-0.97737,0.091391,-0.977353,0.197801,0.07519,-0.000519,-0.002017,-0.001741,-0.0011,0.014467,-0.024911,0.353342
13,0.103813,-0.009449,0.35182,-0.02818,-0.138637,-0.989965,-0.40342,-0.904518,0.138101,-0.914559,0.403431,-0.029207,-0.00042,-0.001607,-0.001388,-0.0,-0.0,-0.0,0.395558,-0.187678,0.021744,0.329694,0.22632,0.881276,0.414876,-0.941611,0.306964,-0.138112,-0.249329,-0.360504,0.898741,0.00207,-0.00477,0.030086,-0.080914,0.103424,-0.151503,0.494911,0.025914,0.029993,-0.011736,-0.32402,-0.858082,0.398378,0.884004,-0.424604,-0.195569,0.336967,0.288799,0.896128,0.001021,-0.002318,0.015096,-0.073088,-0.00969,0.014968,0.486318,0.066977,0.019406,-0.063796,-0.090033,-0.073067,-0.993254,-0.191213,-0.977483,0.089239,-0.97741,0.197957,0.074035,-0.000219,-0.000848,-0.000732,-0.000341,0.000186,-0.00022,0.348933
14,0.103782,-0.009519,0.35184,-0.026431,-0.13722,-0.990211,-0.40388,-0.904618,0.136086,-0.91441,0.403689,-0.030277,-4e-06,-1.6e-05,-1.4e-05,-0.0,-0.0,0.0,0.396041,-0.187666,0.02164,0.330924,0.224841,0.880798,0.416692,-0.941981,0.305877,-0.138006,-0.249272,-0.362595,0.897915,0.00225,-0.000933,0.033082,-0.069328,-0.006518,0.013924,0.494527,0.025921,0.029935,-0.011113,-0.322305,-0.857904,0.400149,0.884586,-0.423468,-0.195399,0.337084,0.290989,0.895376,0.001127,1.8e-05,0.01693,-0.068732,-0.023382,0.038332,0.486481,0.066962,0.019371,-0.063786,-0.08864,-0.071279,-0.993509,-0.191838,-0.97754,0.087248,-0.977415,0.198327,0.072975,2.7e-05,9.3e-05,8.2e-05,-0.000261,0.001,-0.001802,0.34828
15,0.103679,-0.009455,0.351892,-0.026991,-0.137663,-0.990134,-0.40388,-0.904523,0.136716,-0.914393,0.403752,-0.029952,-0.013589,0.003521,0.002679,-0.000984,0.014715,-0.029553,0.396226,-0.187596,0.021654,0.332419,0.224614,0.880232,0.418009,-0.942165,0.305687,-0.137168,-0.248779,-0.364132,0.89743,0.003099,-0.006958,0.045008,-0.103991,-0.009728,0.020917,0.493155,0.025955,0.029941,-0.010386,-0.322051,-0.857402,0.401427,0.884775,-0.423442,-0.194599,0.33683,0.292502,0.894978,0.001234,0.002416,0.018764,-0.067948,-0.022614,0.038156,0.485175,0.066916,0.019402,-0.06376,-0.089083,-0.07183,-0.99343,-0.191807,-0.97749,0.087877,-0.977381,0.198375,0.0733,0.000235,0.000894,0.000774,0.000556,-0.013513,0.025419,0.34779
16,0.103628,-0.00944,0.351904,-0.027304,-0.137909,-0.990092,-0.40388,-0.90447,0.137067,-0.914383,0.403788,-0.02977,-0.013878,0.002416,0.001723,-0.000984,0.014715,-0.029553,0.39604,-0.187534,0.021608,0.333202,0.223741,0.88144,0.415927,-0.942576,0.304269,-0.137493,-0.248004,-0.36239,0.898349,0.002505,0.00476,0.037379,-0.003321,-0.121469,-0.031467,0.493901,0.025988,0.02992,-0.009961,-0.321405,-0.858664,0.39924,0.885401,-0.422012,-0.194856,0.3358,0.29086,0.8959,0.001234,0.002533,0.01881,-0.00248,-0.123075,-0.032961,0.485175,0.066892,0.019413,-0.063751,-0.089332,-0.07214,-0.993385,-0.191788,-0.977462,0.08823,-0.977361,0.198402,0.073483,2e-05,7.8e-05,7e-05,-0.000124,1.2e-05,0.0,0.347627
17,0.103521,-0.009477,0.35187,-0.027728,-0.138245,-0.990033,-0.40388,-0.904397,0.137545,-0.91437,0.403836,-0.029524,-0.014303,0.000803,0.000328,-0.000984,0.014715,-0.029553,0.399059,-0.187298,0.021472,0.334948,0.22088,0.881645,0.41702,-0.942701,0.302634,-0.140225,-0.250088,-0.363262,0.897418,0.003188,-0.004585,0.046622,-0.01493,-0.147423,-0.074721,0.494146,0.026099,0.029855,-0.009122,-0.318555,-0.859062,0.400668,0.885585,-0.420449,-0.197383,0.338024,0.291949,0.894709,0.001549,-0.002673,0.023015,0.053245,-0.260878,-0.141578,0.486645,0.066838,0.019397,-0.063766,-0.08967,-0.072563,-0.993324,-0.191763,-0.977423,0.088712,-0.977335,0.198438,0.073731,-0.000293,-0.001119,-0.000965,-8.3e-05,1e-05,1.3e-05,0.34877
18,0.103435,-0.00955,0.351791,-0.028181,-0.138607,-0.989969,-0.403856,-0.904329,0.13806,-0.914366,0.403863,-0.029259,-0.000755,-0.002874,-0.002487,-0.000703,0.013546,-0.025428,0.399682,-0.187059,0.021128,0.336864,0.218599,0.880081,0.421502,-0.942438,0.302426,-0.142414,-0.253061,-0.367216,0.894972,0.003774,-0.016157,0.054163,-0.140342,0.002648,0.003741,0.495253,0.026224,0.029691,-0.008164,-0.315764,-0.858221,0.404658,0.885254,-0.419961,-0.199892,0.341492,0.295107,0.892353,0.001865,-0.007853,0.027258,-0.145587,-0.015078,0.030901,0.486808,0.06679,0.019361,-0.063805,-0.090045,-0.073037,-0.993255,-0.191708,-0.977385,0.089249,-0.977312,0.198451,0.074007,-0.000376,-0.001441,-0.001245,-0.000758,0.013559,-0.02542,0.351056
19,0.103382,-0.009581,0.35175,-0.02836,-0.138755,-0.989943,-0.403832,-0.904308,0.138268,-0.914371,0.40386,-0.029155,-0.000787,-0.002996,-0.002593,-0.000703,0.013546,-0.025428,0.399126,-0.187006,0.02088,0.337784,0.215404,0.878599,0.426212,-0.941785,0.302302,-0.146931,-0.258186,-0.370857,0.892002,0.003638,-0.01909,0.051847,0.039546,0.176874,-0.081311,0.495354,0.026251,0.029573,-0.007681,-0.312309,-0.857356,0.409147,0.884465,-0.419592,-0.204115,0.346675,0.29813,0.889344,0.001507,-0.003286,0.022423,0.562269,0.57131,-0.198158,0.487951,0.066764,0.019346,-0.063825,-0.090172,-0.073204,-0.993231,-0.191672,-0.977375,0.089437,-0.977307,0.198439,0.074101,-0.007227,0.000118,-8.2e-05,-0.001031,0.014729,-0.029555,0.351219
20,0.103269,-0.009629,0.351692,-0.026397,-0.137223,-0.990211,-0.404128,-0.90451,0.136066,-0.914301,0.40393,-0.030346,-0.000511,-0.001942,-0.001682,-0.0,-0.0,0.0,0.399461,-0.186884,0.020329,0.339567,0.213633,0.877536,0.429281,-0.942056,0.301402,-0.147042,-0.258667,-0.374098,0.890508,0.002885,-0.010723,0.041567,-0.103983,-0.009542,0.021043,0.494108,0.026313,0.029295,-0.006786,-0.310164,-0.856645,0.412257,0.884838,-0.418702,-0.204324,0.347646,0.301407,0.887859,0.001692,-0.011619,0.0243,-0.144906,0.015559,-0.019617,0.486481,0.066707,0.01932,-0.063856,-0.088618,-0.071284,-0.993511,-0.192122,-0.977482,0.087271,-0.977361,0.198609,0.072927,-0.007251,4.4e-05,-0.000147,-0.001714,0.028433,-0.055319,0.350729
21,0.103201,-0.009629,0.351663,-0.026547,-0.137357,-0.990189,-0.404081,-0.904503,0.13625,-0.914317,0.4039,-0.030258,-0.00029,-0.0011,-0.000953,-0.0,-0.0,-0.0,0.399334,-0.186818,0.020032,0.340384,0.212798,0.878752,0.427205,-0.942578,0.299818,-0.146936,-0.257448,-0.372513,0.891526,0.002785,-0.012908,0.039873,-0.059046,-0.066686,-0.052205,0.494934,0.026363,0.028986,-0.005989,-0.307964,-0.857716,0.411679,0.885884,-0.416314,-0.20467,0.346937,0.301669,0.888048,0.001294,-0.008033,0.018727,-0.114662,0.013616,0.002717,0.486481,0.066672,0.019318,-0.063872,-0.088735,-0.071451,-0.993488,-0.192061,-0.977478,0.087453,-0.977362,0.19857,0.073014,-0.007129,0.000505,0.000252,-0.001003,0.01474,-0.029609,0.350892
22,0.103037,-0.009662,0.351605,-0.027085,-0.137798,-0.990113,-0.404034,-0.90443,0.136872,-0.914322,0.403913,-0.029946,-0.000576,-0.002184,-0.001894,0.0,-0.0,-0.0,0.402521,-0.186775,0.019408,0.341864,0.207249,0.87976,0.427858,-0.942387,0.296947,-0.153834,-0.262625,-0.372433,0.890048,0.002593,-0.01722,0.036577,0.082819,-0.371075,-0.018006,0.495796,0.026353,0.028732,-0.00534,-0.301499,-0.859944,0.411818,0.884758,-0.41332,-0.215334,0.355388,0.299437,0.885458,-0.005307,-0.008901,0.018532,0.121191,-0.342319,-0.26322,0.486155,0.066559,0.019291,-0.063918,-0.087336,-0.069748,-0.993733,-0.192443,-0.977573,0.085527,-0.977413,0.198707,0.071954,-0.000244,-0.000928,-0.000803,-0.000156,0.002768,-0.005216,0.353342
23,0.102918,-0.009736,0.351524,-0.024955,-0.136136,-0.990399,-0.404327,-0.904658,0.134484,-0.914256,0.403966,-0.031234,-0.000755,-0.002855,-0.002478,-0.0,-0.0,0.0,0.398984,-0.186823,0.019073,0.343032,0.203381,0.88068,0.427821,-0.941494,0.295866,-0.161204,-0.268779,-0.371113,0.888761,0.001967,-0.006072,0.028427,-0.020745,-0.081916,-0.036201,0.488628,0.026347,0.028664,-0.005062,-0.300358,-0.861229,0.409961,0.884372,-0.41246,-0.218544,0.357309,0.296916,0.885533,0.00094,-0.00355,0.013829,-0.021116,-0.079857,-0.068182,0.482399,0.066532,0.019269,-0.063938,-0.087441,-0.069882,-0.993715,-0.192434,-0.977561,0.085679,-0.977405,0.198717,0.072031,-0.00033,-0.001248,-0.001082,-1.6e-05,0.000407,-0.000748,0.352852
24,0.10279,-0.009843,0.351415,-0.023144,-0.134721,-0.990636,-0.404616,-0.904828,0.132451,-0.914178,0.404056,-0.032335,-0.001,-0.003777,-0.003282,-0.000701,0.013551,-0.025426,0.397006,-0.186784,0.018829,0.34405,0.20177,0.884272,0.42112,-0.941785,0.293247,-0.164257,-0.268971,-0.364576,0.891405,0.001234,0.002653,0.018442,-0.008546,-0.043783,-0.019835,0.485269,0.026363,0.028538,-0.004537,-0.299655,-0.864841,0.402809,0.884873,-0.409779,-0.221537,0.356658,0.290051,0.888068,0.000922,-0.003997,0.013476,-0.06929,-0.00827,0.008157,0.475214,0.066468,0.019215,-0.063993,-0.085991,-0.068091,-0.993966,-0.192868,-0.977651,0.083659,-0.977449,0.198898,0.070937,-0.000391,-0.001483,-0.001287,-2.3e-05,0.000762,-0.001449,0.350239
25,0.102654,-0.009926,0.3513,-0.023609,-0.135108,-0.990572,-0.404547,-0.904779,0.132995,-0.914195,0.404037,-0.032063,-0.014673,-0.000469,-0.000795,-0.000984,0.014715,-0.029553,0.396418,-0.186825,0.018729,0.344907,0.198235,0.887404,0.416182,-0.941607,0.290349,-0.170316,-0.272203,-0.359235,0.892591,0.001198,0.001848,0.017803,0.000355,-0.057717,-0.028896,0.480064,0.026342,0.028487,-0.004109,-0.296819,-0.868189,0.397674,0.884812,-0.406675,-0.227426,0.359173,0.284362,0.888893,0.000593,0.001142,0.009066,-0.016454,-0.045789,0.009973,0.471459,0.066404,0.01917,-0.064053,-0.086365,-0.068582,-0.993899,-0.19276,-0.977625,0.084208,-0.977437,0.198857,0.071212,-0.00044,-0.001663,-0.001444,5e-06,9e-06,-9e-06,0.348933
26,0.102575,-0.009965,0.351237,-0.02386,-0.135321,-0.990537,-0.404501,-0.904756,0.133292,-0.914209,0.404018,-0.031916,-0.000905,-0.003409,-0.002968,-0.0007,0.013554,-0.025424,0.395624,-0.186829,0.018738,0.345286,0.197718,0.888575,0.413924,-0.941677,0.289495,-0.171376,-0.272334,-0.357018,0.89344,0.001207,0.002063,0.017943,-0.016496,-0.031419,-0.011552,0.473346,0.02634,0.02849,-0.003921,-0.296562,-0.869331,0.395366,0.884955,-0.405789,-0.22845,0.359034,0.282131,0.88966,0.000602,0.001314,0.009179,-0.036975,-0.0132,0.03125,0.467376,0.06636,0.019154,-0.064082,-0.086563,-0.068848,-0.993864,-0.192692,-0.977613,0.084506,-0.977433,0.198825,0.071359,-0.007364,-0.000331,-0.000482,-0.000982,0.014705,-0.029561,0.34828
27,0.102418,-0.010011,0.351166,-0.02199,-0.13387,-0.990778,-0.404764,-0.904944,0.131203,-0.914142,0.404079,-0.033052,-0.014536,7.9e-05,-0.000324,-0.0017,0.028186,-0.054816,0.39339,-0.186825,0.018861,0.345958,0.196817,0.889759,0.411804,-0.941943,0.288166,-0.172152,-0.272066,-0.355134,0.894272,0.001193,0.001778,0.017692,-0.03397,-0.004151,0.006371,0.454048,0.026342,0.028552,-0.003585,-0.295961,-0.870411,0.393435,0.885383,-0.404553,-0.228981,0.358473,0.280572,0.890379,0.000285,0.006717,0.004956,-0.003783,-0.018944,0.05551,0.446639,0.066286,0.019128,-0.06412,-0.085015,-0.066949,-0.994127,-0.193107,-0.977714,0.082357,-0.977487,0.198974,0.070192,-0.000119,-0.000455,-0.000395,0.00464,-0.090763,0.170196,0.346484
28,0.102282,-0.010029,0.351147,-0.022321,-0.134136,-0.990734,-0.404767,-0.904888,0.131579,-0.914132,0.404116,-0.032862,-0.000141,-0.00053,-0.000462,-0.0,-0.0,0.0,0.393047,-0.186802,0.019063,0.346611,0.196184,0.889788,0.412044,-0.942358,0.287268,-0.171382,-0.271083,-0.355791,0.894309,0.000613,0.01398,0.01026,0.001731,-0.014947,0.024576,0.445278,0.026353,0.028645,-0.003264,-0.295315,-0.87048,0.393768,0.885965,-0.403762,-0.228125,0.357567,0.281496,0.890452,0.000613,0.001537,0.009301,-0.034711,-0.002913,0.007483,0.42884,0.066218,0.019116,-0.064132,-0.085328,-0.067345,-0.994074,-0.193082,-0.977682,0.082808,-0.977465,0.199003,0.07042,-8.5e-05,-0.000322,-0.000276,8e-06,6.1e-05,-9.4e-05,0.344361
29,0.102221,-0.010053,0.351125,-0.022619,-0.134371,-0.990696,-0.404768,-0.904839,0.131913,-0.914124,0.404149,-0.032689,-0.000406,-0.001522,-0.001327,-0.000699,0.013555,-0.025423,0.391039,-0.186772,0.019385,0.347239,0.195691,0.88981,0.412232,-0.942681,0.286566,-0.17078,-0.270316,-0.356304,0.894338,0.000691,0.015837,0.011559,-0.008488,0.073157,-0.120519,0.436803,0.026369,0.028805,-0.002945,-0.294975,-0.870539,0.393891,0.88637,-0.403253,-0.227449,0.356842,0.282042,0.89057,0.000636,0.002071,0.009665,-0.032859,-0.018038,0.031852,0.418226,0.066183,0.019109,-0.064139,-0.085568,-0.067644,-0.994032,-0.193062,-0.977656,0.083149,-0.977447,0.199025,0.070596,-2.4e-05,-8.7e-05,-7.4e-05,3e-06,-2e-06,-1.8e-05,0.343708
30,0.102219,-0.01006,0.351119,-0.022636,-0.134384,-0.990694,-0.404769,-0.904836,0.131932,-0.914124,0.404151,-0.032679,-4.2e-05,-0.000156,-0.000136,0.0,0.0,0.0,0.390118,-0.186771,0.01951,0.347564,0.195192,0.889836,0.41241,-0.942912,0.285979,-0.170488,-0.269869,-0.35671,0.894311,0.00064,0.014709,0.010707,0.003464,-0.029827,0.049193,0.434156,0.026369,0.028871,-0.00278,-0.294341,-0.870667,0.394083,0.886731,-0.402604,-0.227193,0.35647,0.282574,0.89055,0.000606,0.001409,0.00917,-0.046551,0.099814,-0.162542,0.412674,0.066181,0.019102,-0.064145,-0.085595,-0.067677,-0.994028,-0.19306,-0.977654,0.083187,-0.977445,0.199027,0.070616,-1e-05,-3.7e-05,-3.1e-05,4e-06,-1.2e-05,-6e-06,0.342565
31,0.102229,-0.01006,0.351105,-0.020311,-0.132562,-0.990989,-0.405049,-0.905088,0.12932,-0.914057,0.404186,-0.034077,-0.0,-0.0,-0.0,-0.0,-0.0,0.0,0.388906,-0.186828,0.019604,0.348188,0.193521,0.889933,0.412989,-0.943552,0.28418,-0.169953,-0.268829,-0.357908,0.894145,0.000432,0.009912,0.007184,0.001733,-0.014885,0.024614,0.430557,0.026346,0.028926,-0.002468,-0.292718,-0.870996,0.394563,0.88761,-0.400972,-0.226647,0.355618,0.283875,0.890477,0.000513,-0.000708,0.007617,-0.046574,0.099643,-0.162706,0.405816,0.066186,0.019103,-0.064151,-0.083732,-0.065374,-0.994341,-0.193522,-0.97778,0.080581,-0.977515,0.199174,0.06922,6e-06,2.2e-05,1.8e-05,-1e-05,0.000551,-0.001056,0.340605
32,0.102239,-0.010062,0.351104,-0.020292,-0.132547,-0.990992,-0.405049,-0.905091,0.129298,-0.914057,0.404184,-0.034088,-0.0,-0.0,-0.0,0.0,0.0,0.0,0.387348,-0.186852,0.019564,0.3487,0.192961,0.889957,0.413201,-0.94397,0.283309,-0.16909,-0.267765,-0.358542,0.894211,0.000962,-0.003356,0.013812,-0.034657,-0.003038,0.007097,0.424876,0.026329,0.028909,-0.00221,-0.292158,-0.871102,0.394744,0.888179,-0.400199,-0.22578,0.354653,0.28464,0.890617,0.000458,-0.002021,0.006657,-0.03464,-0.003043,0.007152,0.399284,0.066192,0.019103,-0.064151,-0.083724,-0.065363,-0.994342,-0.193522,-0.977782,0.080569,-0.977516,0.199173,0.069214,-1e-06,7e-06,9e-06,1e-05,1e-06,-2.3e-05,0.338156
33,0.102237,-0.010068,0.351099,-0.020309,-0.13256,-0.99099,-0.405049,-0.905088,0.129317,-0.914057,0.404186,-0.034078,-2.2e-05,-8.2e-05,-7.2e-05,0.0,0.0,0.0,0.386907,-0.186845,0.019508,0.34894,0.192844,0.889957,0.413255,-0.944153,0.282999,-0.168583,-0.267201,-0.358787,0.894281,0.000291,0.006679,0.00482,0.001734,-0.014841,0.02464,0.422353,0.026332,0.028877,-0.002087,-0.292026,-0.871123,0.394798,0.88844,-0.399918,-0.225254,0.354111,0.284974,0.890727,0.000435,-0.002562,0.006266,-0.048306,0.11422,-0.187576,0.395692,0.066191,0.019099,-0.064154,-0.083737,-0.065379,-0.99434,-0.193521,-0.97778,0.080587,-0.977515,0.199174,0.069224,-1.5e-05,-4.3e-05,-3.5e-05,1e-05,-1e-06,-1.7e-05,0.337013
34,0.102226,-0.010065,0.351087,-0.020328,-0.132582,-0.990986,-0.405025,-0.905094,0.129346,-0.914067,0.404164,-0.034066,-7e-06,-2.6e-05,-2.3e-05,0.0,0.0,0.0,0.38781,-0.186824,0.019284,0.349388,0.192349,0.88997,0.413457,-0.944597,0.282126,-0.167556,-0.265985,-0.359441,0.89438,0.000768,-0.007795,0.010607,-0.036391,0.011781,-0.017556,0.406071,0.026343,0.028772,-0.001864,-0.291566,-0.871201,0.394962,0.889024,-0.39919,-0.224238,0.353021,0.285751,0.89091,0.000384,-0.003716,0.005435,-0.036383,0.011776,-0.01754,0.383608,0.066185,0.019101,-0.064159,-0.083752,-0.065406,-0.994337,-0.193494,-0.977783,0.080615,-0.977519,0.19915,0.069235,-2e-06,-5e-06,-3e-06,8e-06,-1.5e-05,1e-06,0.336523
35,0.102221,-0.010085,0.35107,-0.020379,-0.132622,-0.99098,-0.405026,-0.905086,0.129403,-0.914065,0.40417,-0.034036,-0.000136,-0.00051,-0.000445,0.0,0.0,0.0,0.388847,-0.186801,0.019051,0.349706,0.191147,0.891169,0.411428,-0.944865,0.280619,-0.168575,-0.2659,-0.357643,0.895127,7.8e-05,0.001782,0.001283,0.002924,-0.004649,-0.002994,0.361616,0.026354,0.02865,-0.001702,-0.29059,-0.87257,0.392655,0.889447,-0.397617,-0.225349,0.35276,0.283762,0.891649,0.000348,-0.004578,0.004815,-0.045753,0.025887,-0.010426,0.345725,0.066183,0.019092,-0.064167,-0.083792,-0.065456,-0.99433,-0.19349,-0.977779,0.080672,-0.977516,0.199153,0.069265,-0.000103,-0.000383,-0.000334,8e-06,3e-06,1.1e-05,0.337176
36,0.102219,-0.010091,0.351065,-0.020396,-0.132635,-0.990978,-0.405026,-0.905084,0.129422,-0.914065,0.404171,-0.034026,-0.000253,-0.000948,-0.000827,0.0,0.0,0.0,0.386839,-0.186802,0.018931,0.349828,0.190933,0.891177,0.41151,-0.945024,0.280285,-0.16824,-0.265488,-0.357886,0.895152,0.000689,-0.009625,0.009295,-0.03635,0.011684,-0.017617,0.324401,0.026353,0.028592,-0.001646,-0.29041,-0.872529,0.39288,0.889664,-0.397383,-0.224908,0.352363,0.284215,0.891662,0.000338,-0.004829,0.004634,-0.036691,0.00014,0.008875,0.312087,0.066182,0.01909,-0.064169,-0.083806,-0.065472,-0.994328,-0.193489,-0.977778,0.080691,-0.977515,0.199154,0.069275,-0.000166,-0.000624,-0.000543,6e-06,-1e-05,0.0,0.337013
37,0.102214,-0.010103,0.351041,-0.020431,-0.132668,-0.990973,-0.405002,-0.905087,0.129467,-0.914074,0.404152,-0.034005,-0.00029,-0.001087,-0.000949,0.0,0.0,0.0,0.384288,-0.186889,0.01867,0.349987,0.189445,0.892397,0.409548,-0.94526,0.278644,-0.169629,-0.265709,-0.356118,0.895791,-8.6e-05,-0.001964,-0.001413,0.004752,-0.00758,-0.004869,0.193164,0.026315,0.028466,-0.001563,-0.289212,-0.873951,0.390595,0.890029,-0.395716,-0.226398,0.352426,0.282164,0.892288,-3.1e-05,-0.000631,-0.000452,-0.008933,0.013283,0.006165,0.186843,0.06618,0.019084,-0.064181,-0.083832,-0.065513,-0.994323,-0.193461,-0.97778,0.080733,-0.977519,0.199131,0.069295,-0.000189,-0.000708,-0.000618,3e-06,-6e-06,-1.3e-05,0.335053
38,0.102196,-0.010125,0.351007,-0.020519,-0.132743,-0.990961,-0.404979,-0.905083,0.129572,-0.914083,0.404138,-0.033953,-0.000177,-0.000664,-0.000579,0.0,0.0,0.0,0.38411,-0.187009,0.018309,0.350065,0.187879,0.893618,0.407602,-0.945502,0.276941,-0.171062,-0.265958,-0.354375,0.896408,0.000404,-0.016014,0.004701,-0.01403,-0.012065,-0.066997,0.035603,0.02625,0.028287,-0.001523,-0.287899,-0.875312,0.388512,0.890433,-0.39399,-0.227814,0.352479,0.280357,0.892837,-0.006625,-0.002276,-0.001176,0.010788,-0.006291,-0.045559,-0.001267,0.06617,0.019071,-0.064199,-0.083901,-0.065605,-0.994311,-0.19343,-0.977778,0.080836,-0.977519,0.199112,0.069346,-8.8e-05,-0.000332,-0.000288,2e-06,2e-06,7e-06,0.333094
39,0.102181,-0.010176,0.35095,-0.020655,-0.132856,-0.990943,-0.404956,-0.90507,0.12973,-0.914089,0.404129,-0.033872,-0.000579,-0.00217,-0.001895,-0.000698,0.013558,-0.025422,0.384717,-0.187267,0.017925,0.350002,0.188956,0.894614,0.404912,-0.946754,0.27545,-0.166485,-0.260687,-0.35302,0.898489,-0.000349,-0.007715,-0.005571,-0.626027,-0.510102,0.188256,-0.14677,0.026121,0.028092,-0.001551,-0.288853,-0.875871,0.38654,0.891959,-0.392887,-0.223712,0.347809,0.280158,0.894728,-0.006742,-0.004713,-0.002941,-2.091167,-1.652445,0.547822,-0.224159,0.066163,0.019049,-0.064225,-0.083995,-0.065729,-0.994295,-0.193397,-0.977773,0.080974,-0.977518,0.199095,0.069416,-0.000165,-0.000619,-0.000541,-1e-06,-1.1e-05,7e-06,0.333094
40,0.102174,-0.010202,0.350927,-0.020724,-0.132908,-0.990934,-0.404957,-0.905059,0.129806,-0.914088,0.404136,-0.033832,-0.000369,-0.001382,-0.001208,0.0,0.0,0.0,0.384343,-0.187404,0.01771,0.349868,0.190672,0.895561,0.402003,-0.947755,0.274654,-0.16205,-0.255754,-0.35123,0.900606,-0.013534,-0.010267,-0.006505,-0.191645,-0.123011,0.002579,-0.219598,0.026058,0.02799,-0.001614,-0.290901,-0.876454,0.383672,0.893253,-0.392458,-0.219258,0.342745,0.278934,0.897062,-0.006782,-0.005505,-0.003517,-2.086345,-1.665123,0.571729,-0.310213,0.066159,0.019033,-0.064239,-0.084063,-0.065812,-0.994284,-0.193391,-0.977766,0.081069,-0.977513,0.199101,0.069467,-0.000225,-0.000851,-0.000743,-2e-06,1e-06,-1.5e-05,0.332767
41,0.10215,-0.010293,0.350847,-0.020962,-0.133092,-0.990905,-0.404958,-0.905021,0.13007,-0.914082,0.404162,-0.033692,-0.000768,-0.002877,-0.002516,-0.000698,0.013558,-0.025422,0.381779,-0.187627,0.017301,0.349463,0.200726,0.89618,0.395679,-0.947702,0.279959,-0.153028,-0.248144,-0.345398,0.904979,-0.001295,-0.003558,-0.018897,0.044847,-0.084017,0.138666,-0.384002,0.025942,0.027779,-0.001821,-0.301562,-0.875567,0.377414,0.893087,-0.398001,-0.209734,0.333848,0.273816,0.90198,-0.000652,-0.001972,-0.009583,0.052426,-0.078266,0.136681,-0.464523,0.066148,0.01899,-0.064276,-0.08424,-0.066028,-0.994255,-0.193377,-0.977748,0.081316,-0.9775,0.199117,0.069597,-0.00025,-0.000944,-0.000824,0.0,9e-06,3e-06,0.331134
42,0.102133,-0.01035,0.350784,-0.021115,-0.133217,-0.990885,-0.404935,-0.905006,0.130247,-0.914088,0.404155,-0.033601,-0.000518,-0.001939,-0.001697,-0.000698,0.013559,-0.025421,0.37844,-0.1877,0.017041,0.34881,0.226382,0.89231,0.390546,-0.94153,0.303206,-0.146702,-0.249582,-0.335624,0.908255,0.011782,-0.003953,-0.020163,0.064369,-0.105933,0.208484,-0.63675,0.0259,0.027646,-0.002143,-0.326523,-0.868145,0.373773,0.884173,-0.420326,-0.203869,0.334095,0.263912,0.904837,-0.000644,-0.001773,-0.009466,0.099334,-0.014514,0.127826,-0.675494,0.066139,0.01896,-0.06431,-0.084362,-0.066185,-0.994234,-0.193342,-0.977741,0.081492,-0.977497,0.199102,0.069688,-8.5e-05,-0.000321,-0.000279,-1e-06,-3e-06,1.3e-05,0.327542
43,0.10211,-0.010353,0.350781,-0.021171,-0.133262,-0.990877,-0.404935,-0.904996,0.13031,-0.914087,0.404161,-0.033569,-2.9e-05,-0.00011,-9.7e-05,0.0,0.0,0.0,0.378266,-0.187679,0.017017,0.348385,0.233343,0.892894,0.385073,-0.940224,0.308212,-0.144626,-0.248091,-0.329434,0.910927,0.011744,-0.004916,-0.020897,-2.007735,-1.773444,0.565078,-0.821033,0.025911,0.027635,-0.002355,-0.332754,-0.867388,0.370014,0.881674,-0.425363,-0.204245,0.33455,0.258269,0.906296,-0.000973,0.003262,-0.013973,0.122313,-0.072447,-0.068574,-0.811026,0.066126,0.018955,-0.064315,-0.08442,-0.066257,-0.994224,-0.193337,-0.977735,0.081574,-0.977493,0.199107,0.06973,4e-06,1.1e-05,1e-05,1e-06,1.1e-05,-3e-06,0.325909
44,0.102038,-0.010342,0.350802,-0.021304,-0.133364,-0.990861,-0.404961,-0.904964,0.130456,-0.914072,0.4042,-0.033494,-0.013948,0.002356,0.001657,-0.000984,0.014715,-0.029553,0.378352,-0.187525,0.017324,0.34718,0.271749,0.882758,0.383253,-0.926125,0.348159,-0.144949,-0.261707,-0.316664,0.911645,-0.002626,0.016494,-0.037045,0.297876,-0.078569,0.460374,-1.370332,0.025989,0.027777,-0.002941,-0.369139,-0.852983,0.368993,0.863706,-0.461451,-0.202666,0.343142,0.24389,0.907066,0.005355,0.008537,-0.01881,2.249787,-0.84416,5.131742,-0.885976,0.066096,0.018961,-0.064303,-0.084511,-0.066366,-0.994209,-0.193356,-0.97772,0.081702,-0.977481,0.199141,0.069795,1.3e-05,5.2e-05,4.6e-05,-1e-06,2e-06,-7e-06,0.324766
45,0.102004,-0.010352,0.350806,-0.021394,-0.13343,-0.99085,-0.404985,-0.90494,0.130552,-0.914059,0.404234,-0.033443,-1e-05,-3.6e-05,-3.2e-05,0.0,0.0,0.0,0.378558,-0.187275,0.018029,0.345805,0.313149,0.870032,0.380754,-0.907373,0.392472,-0.150244,-0.280524,-0.299536,0.911837,0.010625,0.019418,-0.035815,0.168543,-0.061436,0.192411,-1.403606,0.026117,0.028132,-0.003657,-0.410011,-0.834114,0.368976,0.837993,-0.504214,-0.208649,0.36008,0.223651,0.905716,0.005327,0.00973,-0.017895,0.157506,-0.047367,0.199915,-0.882057,0.066074,0.018958,-0.0643,-0.0846,-0.066471,-0.994195,-0.193375,-0.977706,0.081823,-0.97747,0.199175,0.06986,-4e-06,-1e-05,-9e-06,0.0,4e-06,-1.2e-05,0.325093
46,0.102014,-0.010352,0.350793,-0.019069,-0.131609,-0.991141,-0.405262,-0.905189,0.127939,-0.913991,0.40427,-0.034841,-0.0,-0.0,-0.0,-0.0,-0.0,0.0,0.377197,-0.187131,0.018867,0.34419,0.347923,0.856591,0.381043,-0.889293,0.430236,-0.15488,-0.297022,-0.286056,0.91094,0.010403,0.014501,-0.039478,0.097369,0.082327,-0.132904,-1.404281,0.026185,0.028554,-0.004444,-0.442759,-0.816031,0.371559,0.814721,-0.539183,-0.213331,0.374423,0.208263,0.903566,-0.001659,0.012585,-0.023517,0.14588,-0.020552,0.031191,-0.902468,0.066079,0.018958,-0.064307,-0.082738,-0.06417,-0.994502,-0.193835,-0.97783,0.079221,-0.977538,0.199324,0.068465,0.0,8e-06,1.2e-05,1e-06,0.000342,-0.000596,0.324276
47,0.102025,-0.010346,0.350785,-0.019033,-0.131587,-0.991145,-0.405238,-0.905204,0.127906,-0.914002,0.404243,-0.034861,-0.0,-0.0,-0.0,-0.0,-0.0,0.0,0.377114,-0.187093,0.01927,0.343312,0.353287,0.853369,0.383328,-0.886006,0.436762,-0.155455,-0.300506,-0.28579,0.909881,-0.003412,0.023904,-0.04799,0.127281,0.005566,0.036232,-1.404252,0.026208,0.028762,-0.004897,-0.447411,-0.812136,0.37451,0.810595,-0.545169,-0.213833,0.377833,0.207905,0.902228,-0.001695,0.011732,-0.024158,0.144273,-0.021077,0.020903,-0.902468,0.066084,0.018961,-0.064311,-0.082712,-0.064145,-0.994506,-0.193811,-0.977837,0.079189,-0.977545,0.199296,0.068447,-2e-06,4e-06,8e-06,1.2e-05,6.3e-05,-9.3e-05,0.323623
48,0.102031,-0.010368,0.350779,-0.019065,-0.131604,-0.991142,-0.405262,-0.90519,0.127933,-0.913991,0.40427,-0.034843,-7.1e-05,-0.000267,-0.000234,0.0,0.0,0.0,0.375121,-0.187027,0.020064,0.341408,0.389339,0.833863,0.391252,-0.864492,0.477434,-0.156983,-0.318167,-0.27817,0.906231,0.009485,0.01889,-0.052737,2.221457,-0.713806,5.135161,-1.403866,0.026237,0.029156,-0.005826,-0.475391,-0.791319,0.384469,0.787266,-0.577698,-0.215583,0.392702,0.200193,0.897611,-0.001802,0.009291,-0.02601,0.078042,0.227527,0.10454,-0.910143,0.066088,0.01895,-0.064313,-0.08274,-0.06417,-0.994502,-0.193834,-0.97783,0.07922,-0.977538,0.199323,0.068467,-4.6e-05,-0.000163,-0.000141,1.1e-05,3e-06,-5e-06,0.322317
49,0.102028,-0.010422,0.350732,-0.019182,-0.131693,-0.991128,-0.405262,-0.905171,0.128062,-0.913988,0.404282,-0.034773,-0.000511,-0.001912,-0.001675,-0.000698,0.013558,-0.025422,0.373775,-0.187072,0.02055,0.339288,0.43402,0.798583,0.416994,-0.82803,0.535991,-0.164361,-0.355284,-0.27496,0.893327,-0.003954,0.012022,-0.057159,2.675887,1.713585,1.246544,-1.403822,0.026219,0.029403,-0.006884,-0.518022,-0.749469,0.412249,0.741206,-0.633861,-0.220981,0.426927,0.191088,0.883865,0.004644,0.00525,-0.029697,2.164238,-0.459124,5.24941,-0.90704,0.066087,0.018926,-0.064334,-0.08282,-0.064267,-0.994489,-0.193828,-0.977822,0.079331,-0.977533,0.19933,0.068526,-0.000115,-0.000433,-0.000379,7e-06,-5e-06,1e-05,0.320194
50,0.102021,-0.01044,0.350703,-0.019233,-0.13174,-0.991121,-0.405239,-0.905172,0.128126,-0.913997,0.404264,-0.034742,-0.000428,-0.001603,-0.001404,0.0,0.0,0.0,0.37272,-0.18696,0.020691,0.338162,0.453487,0.778351,0.434177,-0.80633,0.565858,-0.171959,-0.380075,-0.273096,0.883643,0.00969,-0.002064,-0.052412,0.6132,0.779608,0.097733,-1.403487,0.026274,0.029477,-0.007469,-0.533943,-0.726029,0.433342,0.713466,-0.661908,-0.229875,0.453729,0.186435,0.871419,0.004857,-0.001367,-0.026452,0.705631,0.747552,0.042607,-0.907694,0.066083,0.018915,-0.064351,-0.082873,-0.06434,-0.99448,-0.193798,-0.977821,0.079412,-0.977534,0.199309,0.068566,-0.000226,-0.000851,-0.000744,4e-06,-1.1e-05,8e-06,0.319051
51,0.102002,-0.010511,0.35064,-0.017113,-0.130071,-0.99138,-0.405536,-0.905375,0.125734,-0.91391,0.404349,-0.03602,-0.000539,-0.002015,-0.001766,-0.0,-0.0,0.0,0.370372,-0.186514,0.020819,0.335753,0.482776,0.72882,0.485531,-0.754675,0.627527,-0.191336,-0.444717,-0.274971,0.852339,0.008886,0.003994,-0.06475,0.566427,1.203505,0.481938,-1.403129,0.026493,0.029539,-0.008649,-0.553905,-0.675975,0.486051,0.65362,-0.714668,-0.249057,0.515722,0.179739,0.837689,0.011343,-0.004345,-0.029431,2.360892,2.477419,1.115825,-0.903448,0.066074,0.01888,-0.064381,-0.081176,-0.062233,-0.994754,-0.194266,-0.977919,0.077033,-0.977584,0.1995,0.067294,-0.00031,-0.001165,-0.001021,-0.000699,0.014005,-0.026263,0.316601
52,0.101952,-0.01057,0.350575,-0.014916,-0.128352,-0.99164,-0.405804,-0.905595,0.123265,-0.913833,0.404404,-0.037343,-0.000467,-0.001746,-0.001532,-0.0,-0.0,0.0,0.36594,-0.185677,0.020549,0.333276,0.492035,0.677809,0.546323,-0.699214,0.681562,-0.215652,-0.519118,-0.27675,0.808572,0.022654,-0.011644,-0.061724,-0.15825,1.274461,-0.240501,-1.403077,0.026907,0.029408,-0.00989,-0.553669,-0.625768,0.549421,0.589457,-0.760549,-0.272221,0.58821,0.17314,0.789956,0.011344,-0.006098,-0.031078,0.234448,1.841831,-0.208589,-0.906877,0.066048,0.01885,-0.064415,-0.079417,-0.060064,-0.99503,-0.194709,-0.978021,0.074578,-0.97764,0.199664,0.065976,-0.000285,-0.00107,-0.000938,-3e-06,0.000662,-0.001241,0.311866
53,0.101864,-0.010616,0.350532,-0.015202,-0.12858,-0.991606,-0.405808,-0.905549,0.123589,-0.913826,0.404435,-0.037177,-0.000361,-0.001347,-0.001182,0.0,0.0,0.0,0.365454,-0.184372,0.020273,0.330816,0.503729,0.633964,0.586804,-0.65217,0.724561,-0.222757,-0.567003,-0.271293,0.77767,0.036331,-0.006075,-0.058786,0.712145,0.900001,0.541452,-1.402902,0.02754,0.029257,-0.011109,-0.555467,-0.585217,0.590743,0.540813,-0.793893,-0.277948,0.631647,0.16509,0.757474,0.024834,-0.002903,-0.029776,-0.274047,1.207379,-0.474066,-0.915205,0.066009,0.018826,-0.064437,-0.079638,-0.06034,-0.994995,-0.194692,-0.978001,0.074893,-0.977625,0.199682,0.066138,-0.000233,-0.000875,-0.000766,-0.00068,0.013567,-0.025448,0.30811
54,0.101827,-0.01063,0.350519,-0.015311,-0.128666,-0.991593,-0.405809,-0.905531,0.123711,-0.913823,0.404447,-0.037115,-0.000208,-0.000774,-0.00068,0.0,0.0,0.0,0.365394,-0.183453,0.020309,0.32966,0.508546,0.617456,0.6001,-0.632275,0.740903,-0.226328,-0.584978,-0.265117,0.766406,0.049944,-0.000114,-0.055161,-0.015181,0.946421,-0.760354,-1.402705,0.027989,0.029259,-0.011693,-0.560011,-0.564694,0.606224,0.514402,-0.810592,-0.279874,0.649444,0.155111,0.74442,0.024984,-0.000515,-0.027963,0.893102,0.668314,0.450596,-0.914552,0.065985,0.018818,-0.064444,-0.07974,-0.060468,-0.994979,-0.194685,-0.977991,0.075038,-0.977619,0.199691,0.066212,-0.000116,-0.000434,-0.000377,1.7e-05,1.4e-05,6e-06,0.307784
55,0.101793,-0.01068,0.350488,-0.015485,-0.128795,-0.991573,-0.405835,-0.905494,0.123899,-0.913808,0.404489,-0.037014,-0.000424,-0.001581,-0.001389,0.0,0.0,0.0,0.364934,-0.181229,0.020544,0.327559,0.515591,0.580162,0.630532,-0.588874,0.774493,-0.230914,-0.622933,-0.252987,0.740146,0.063665,0.006433,-0.051163,3.227008,-0.170165,4.079247,-1.402966,0.029091,0.029377,-0.012748,-0.558068,-0.533598,0.635479,0.471824,-0.834029,-0.285967,0.682599,0.140245,0.717209,0.031853,0.003029,-0.02576,-0.07682,0.938609,-0.246663,-0.922226,0.065969,0.018796,-0.064457,-0.079866,-0.060616,-0.99496,-0.194701,-0.977974,0.07521,-0.977605,0.199726,0.066305,-8.2e-05,-0.000308,-0.000268,1.1e-05,7e-06,-2e-06,0.306967
56,0.101811,-0.010729,0.350432,-0.013238,-0.127033,-0.991833,-0.406097,-0.905718,0.121371,-0.91373,0.404541,-0.038362,-0.000608,-0.002269,-0.001994,-0.000697,0.01356,-0.025421,0.3628,-0.178807,0.020601,0.32567,0.516209,0.54431,0.661246,-0.554928,0.800659,-0.225685,-0.652898,-0.251139,0.714504,0.063863,0.005221,-0.052519,3.401121,-0.084682,3.935368,-1.402834,0.030326,0.029418,-0.013703,-0.551671,-0.498438,0.668743,0.435123,-0.856027,-0.279078,0.711566,0.137027,0.689127,0.032336,-0.002648,-0.022062,-0.380237,1.311726,0.356682,-0.92239,0.065979,0.018773,-0.064484,-0.078057,-0.058381,-0.995237,-0.195143,-0.978077,0.07268,-0.977663,0.199887,0.064953,-0.000185,-0.000695,-0.000611,-3.5e-05,0.001121,-0.002115,0.304844
