frame,MLTx,MLTy,MLTz,MLTR1,MLTR2,MLTR3,MLTR4,MLTR5,MLTR6,MLTR7,MLTR8,MLTR9,MLTTVx,MLTTVy,MLTTVz,MLTRVx,MLTRVy,MLTRVz,MLGA,MRTx,MRTy,MRTz,MRTR1,MRTR2,MRTR3,MRTR4,MRTR5,MRTR6,MRTR7,MRTR8,MRTR9,MRTTVx,MRTTVy,MRTTVz,MRTRVx,MRTRVy,MRTRVz,MRGA,SLTx,SLTy,SLTz,SLTR1,SLTR2,SLTR3,SLTR4,SLTR5,SLTR6,SLTR7,SLTR8,SLTR9,SLTTVx,SLTTVy,SLTTVz,SLTRVx,SLTRVy,SLTRVz,SLGA,SRTx,SRTy,SRTz,SRTR1,SRTR2,SRTR3,SRTR4,SRTR5,SRTR6,SRTR7,SRTR8,SRTR9,SRTTVx,SRTTVy,SRTTVz,SRTRVx,SRTRVy,SRTRVz,SRGA
1,0.066139,-0.004707,0.356627,-0.573954,-0.172178,-0.80061,0.153036,-0.982967,0.101619,-0.803758,-0.063991,0.591527,0.000101,0.000262,0.000231,0.0,0.0,0.0,0.465932,-0.091373,0.028589,0.331479,0.486129,-0.199451,0.850816,0.175122,0.976041,0.128883,-0.856729,0.086575,0.508314,0.000473,-0.001819,-0.001525,-0.000117,0.000214,0.000149,-0.999863,0.047292,0.034565,-0.014867,-0.341224,0.074097,0.937056,-0.05723,-0.996676,0.057971,0.938237,-0.033847,0.344331,0.006817,0.00029,-0.000678,0.002039,-0.005571,0.00067,-0.870463,0.069949,0.019626,-0.06134,-0.577516,-0.034606,-0.815645,-0.049421,-0.995786,0.077242,-0.814881,0.084919,0.573372,-1e-06,9e-06,8e-06,0.000114,-0.000261,-0.000246,0.434334
2,0.066114,-0.004724,0.356638,-0.573954,-0.172133,-0.80062,0.15297,-0.982979,0.101612,-0.803771,-0.063943,0.591516,-0.000182,-0.000474,-0.000418,0.0,0.0,0.0,0.470265,-0.091294,0.028614,0.331437,0.484854,-0.197457,0.852008,0.175105,0.976322,0.126755,-0.857453,0.087963,0.506852,0.013369,0.001594,-0.000499,0.262457,0.525722,-0.54272,-1.000052,0.047326,0.034575,-0.014889,-0.340123,0.072737,0.937563,-0.057519,-0.996746,0.056462,0.938619,-0.034724,0.3432,0.000156,-0.000737,-0.000629,0.8714,1.80112,-1.905763,-0.870136,0.069936,0.019617,-0.061336,-0.577505,-0.034566,-0.815654,-0.049484,-0.995783,0.077235,-0.814885,0.084965,0.57336,-0.000167,-0.000429,-0.000376,0.00016,-3.8e-05,-0.000134,0.441845
3,0.066124,-0.004726,0.356636,-0.573949,-0.172111,-0.800628,0.152958,-0.982982,0.101594,-0.803777,-0.063946,0.591507,0.000113,0.000293,0.000258,0.0,0.0,0.0,0.469191,-0.091191,0.028574,0.331391,0.48494,-0.197749,0.851892,0.175262,0.976264,0.126986,-0.857373,0.087954,0.50699,0.000444,-0.001703,-0.001428,-0.0,0.0,0.0,-0.99986,0.047382,0.034558,-0.01491,-0.339762,0.072415,0.937719,-0.05771,-0.996757,0.056064,0.938738,-0.035068,0.342839,0.000227,-0.000869,-0.000731,0.000153,-0.000142,0.000196,-0.8703,0.06994,0.019611,-0.06134,-0.577494,-0.034548,-0.815662,-0.049489,-0.995784,0.077216,-0.814892,0.084958,0.57335,6.2e-05,0.000165,0.000146,0.000116,-9e-06,-7.9e-05,0.448214
4,0.066108,-0.004726,0.356676,-0.573831,-0.171598,-0.800824,0.152617,-0.983073,0.101226,-0.803926,-0.063927,0.591306,-0.000965,-0.009942,0.009428,-0.03421,0.019141,-0.015332,0.465142,-0.091196,0.028552,0.331374,0.485102,-0.198187,0.851698,0.175504,0.976177,0.127326,-0.857232,0.087941,0.50723,1.3e-05,-4.9e-05,-4.1e-05,-0.0,0.0,0.0,-0.987129,0.047381,0.034545,-0.01492,-0.339996,0.072851,0.9376,-0.0579,-0.996725,0.056448,0.938642,-0.035095,0.343101,-1e-05,3.4e-05,2.6e-05,0.000133,1.7e-05,3.6e-05,-0.86981,0.069932,0.019611,-0.061321,-0.577271,-0.034068,-0.81584,-0.049828,-0.995797,0.076839,-0.81503,0.085009,0.573147,-0.00048,-0.004964,0.00472,-0.034132,0.019127,-0.015388,0.445274
5,0.066103,-0.004728,0.356715,-0.573814,-0.171464,-0.800864,0.152482,-0.983101,0.101163,-0.803964,-0.063863,0.591262,0.000453,0.001178,0.001039,0.0,0.0,0.0,0.462656,-0.091238,0.028558,0.331371,0.485226,-0.198519,0.85155,0.17571,0.976107,0.127569,-0.857119,0.087957,0.507418,-0.002273,0.011685,-0.007426,0.036096,-0.004944,0.021064,-0.982117,0.047359,0.034548,-0.014921,-0.340175,0.073179,0.93751,-0.058068,-0.996699,0.056729,0.938567,-0.035141,0.343302,-0.001153,0.005907,-0.003658,0.036196,-0.004956,0.021137,-0.869973,0.069928,0.019609,-0.061303,-0.577227,-0.03394,-0.815877,-0.049963,-0.995795,0.076773,-0.815053,0.085079,0.573105,0.00029,0.000759,0.00067,6.5e-05,-9e-06,-4.5e-05,0.442988
6,0.066113,-0.004835,0.35688,-0.576121,-0.170299,-0.799455,0.152081,-0.983302,0.0998,-0.802386,-0.06388,0.593399,0.000366,0.000953,0.000841,0.022976,0.060259,0.03106,0.445971,-0.091303,0.028579,0.331345,0.485333,-0.198835,0.851415,0.175975,0.976035,0.127762,-0.857005,0.088053,0.507595,-0.0,0.0,0.0,-0.0,0.0,0.0,-0.971686,0.047326,0.03456,-0.014933,-0.340333,0.073492,0.937428,-0.058303,-0.996672,0.05697,0.938495,-0.035266,0.343486,-1e-06,7e-06,9e-06,7.6e-05,-1.2e-05,2.9e-05,-0.869973,0.069934,0.019557,-0.061219,-0.579467,-0.03225,-0.814357,-0.050331,-0.995893,0.075252,-0.81344,0.084593,0.575464,-0.00036,-0.004647,0.004999,-0.015433,0.071151,0.01218,0.429925
7,0.066148,-0.005091,0.357148,-0.578538,-0.169139,-0.797955,0.151329,-0.98353,0.098691,-0.800787,-0.063454,0.595601,-0.001092,-0.010278,0.009136,0.037464,0.207182,0.081354,0.418669,-0.0913,0.028614,0.331322,0.48192,-0.198197,0.8535,0.175688,0.976107,0.127602,-0.858984,0.088687,0.504127,-0.01303,-0.002902,-0.000598,-0.005608,0.021675,-0.02473,-0.962617,0.047333,0.034579,-0.014944,-0.336358,0.073224,0.938882,-0.058034,-0.996689,0.056942,0.939944,-0.035334,0.339494,0.0,2e-06,4e-06,-0.01324,0.09261,-0.177083,-0.869647,0.069953,0.019434,-0.061086,-0.581105,-0.031046,-0.813235,-0.051081,-0.99591,0.07452,-0.812223,0.084845,0.577143,-0.000564,-0.005176,0.004537,0.077491,0.304684,0.129729,0.402982
8,0.066292,-0.005505,0.357436,-0.58098,-0.167805,-0.796461,0.150253,-0.983803,0.097607,-0.799219,-0.062762,0.597777,0.012273,-0.014583,0.006181,-0.010262,0.064725,0.045127,0.357579,-0.091243,0.028634,0.33133,0.482009,-0.198479,0.853384,0.175841,0.976051,0.127825,-0.858903,0.088678,0.504267,0.01295,0.00321,0.000856,0.002044,-0.015204,0.029246,-0.956754,0.047352,0.034586,-0.014941,-0.336677,0.07332,0.93876,-0.058142,-0.99668,0.056991,0.939823,-0.035394,0.339823,-5.9e-05,0.000238,0.000201,0.000307,-0.000507,-0.000324,-0.868667,0.07002,0.019229,-0.060941,-0.583813,-0.028896,-0.811373,-0.052145,-0.995968,0.07299,-0.810211,0.084921,0.579953,-0.000791,-0.00577,0.004013,-0.016537,0.068544,0.01076,0.347627
9,0.066418,-0.005767,0.357583,-0.581098,-0.167569,-0.796424,0.14957,-0.983887,0.097815,-0.79926,-0.06208,0.597792,0.012419,-0.01422,0.006501,-0.032922,0.005211,0.014624,0.306824,-0.091222,0.02863,0.331337,0.482021,-0.198508,0.853371,0.175833,0.976047,0.127861,-0.858898,0.08865,0.50428,-1e-06,5e-06,4e-06,-0.0,0.0,0.0,-0.953037,0.047367,0.034586,-0.014936,-0.336707,0.073369,0.938746,-0.058141,-0.996677,0.057043,0.939812,-0.035373,0.339854,2e-06,-3e-06,-3e-06,0.000142,-5e-05,-2.6e-05,-0.867524,0.070087,0.019091,-0.060866,-0.583763,-0.028708,-0.811415,-0.05289,-0.995907,0.073287,-0.810198,0.085698,0.579856,0.006196,-0.007131,0.00323,-0.037285,-0.005171,0.009584,0.293414
10,0.066824,-0.006211,0.357805,-0.583427,-0.165894,-0.79507,0.148388,-0.984205,0.096403,-0.797781,-0.061535,0.599821,0.01302,-0.012679,0.007858,-0.03315,0.004607,0.014315,0.155884,-0.091132,0.028641,0.331347,0.482121,-0.198823,0.853241,0.17598,0.975986,0.128123,-0.858812,0.088614,0.504433,-0.0,0.0,0.0,-0.0,0.0,0.0,-0.941881,0.047412,0.034592,-0.014932,-0.336858,0.073681,0.938667,-0.058247,-0.996654,0.05733,0.939751,-0.035363,0.340023,1e-06,-1e-06,-4e-06,7.7e-05,3e-06,3.5e-05,-0.866871,0.070279,0.018875,-0.060764,-0.585718,-0.026666,-0.810075,-0.054027,-0.995951,0.071848,-0.808711,0.085849,0.581905,0.007161,-0.000893,-0.000378,-0.001348,-0.035345,0.051551,0.134043
11,0.067285,-0.006389,0.357893,-0.585475,-0.163824,-0.793994,0.147537,-0.984538,0.094282,-0.796437,-0.061747,0.601584,0.000604,0.001589,0.0014,0.022858,0.060438,0.030797,0.008729,-0.091072,0.028648,0.331344,0.482197,-0.199069,0.853141,0.176112,0.975937,0.128317,-0.858742,0.088606,0.504553,4.3e-05,-0.000166,-0.000139,-0.0,0.0,0.0,-0.939257,0.047442,0.034595,-0.014933,-0.336973,0.073925,0.938607,-0.058349,-0.996636,0.057547,0.939704,-0.035375,0.340153,2.6e-05,-0.000101,-8.7e-05,5.3e-05,0.0,2.6e-05,-0.867198,0.07052,0.018778,-0.060714,-0.587461,-0.024154,-0.808891,-0.0549,-0.996062,0.069615,-0.807387,0.085305,0.583821,0.00669,-0.005868,0.004335,-0.014607,0.056265,0.04134,-0.085093
12,0.06743,-0.00638,0.35795,-0.585421,-0.163531,-0.794094,0.147314,-0.98459,0.094091,-0.796517,-0.061702,0.601482,0.001365,0.003598,0.003167,0.001045,-0.012418,0.026007,-0.044459,-0.091039,0.028641,0.331334,0.482248,-0.199227,0.853075,0.176198,0.975905,0.128442,-0.858696,0.088601,0.504633,0.000162,-0.00062,-0.00052,-0.0,0.0,0.0,-0.933344,0.047458,0.034592,-0.014937,-0.33705,0.074083,0.938567,-0.058414,-0.996624,0.057688,0.939672,-0.035382,0.340239,0.000104,-0.000399,-0.000336,4.9e-05,1.7e-05,7e-06,-0.867361,0.070591,0.018779,-0.060688,-0.587256,-0.023956,-0.809046,-0.055139,-0.996055,0.069516,-0.80752,0.085433,0.583619,0.000552,0.00146,0.001278,-0.004124,-0.009774,-0.004697,-0.165759
13,0.067651,-0.006238,0.35807,-0.589545,-0.160456,-0.791667,0.146851,-0.985021,0.09022,-0.793553,-0.062876,0.605266,0.015401,0.001075,0.001755,0.053055,0.123549,0.100006,-0.16024,-0.091018,0.028637,0.331341,0.479829,-0.200063,0.854242,0.181845,0.975139,0.126369,-0.858871,0.094937,0.503181,0.0,-0.0,-0.0,0.0,0.0,0.0,-0.880575,0.047469,0.034589,-0.014935,-0.334542,0.075082,0.939384,-0.064405,-0.996311,0.056695,0.940177,-0.041534,0.338144,-1e-06,9e-06,1e-05,-1.5e-05,-0.00067,-0.00021,-0.85642,0.070697,0.018853,-0.060626,-0.590669,-0.020248,-0.806659,-0.055552,-0.996292,0.065685,-0.804999,0.083609,0.587354,0.001003,0.002655,0.002328,0.066797,0.161111,0.114265,-0.26406
14,0.06798,-0.006163,0.358137,-0.591416,-0.158192,-0.790726,0.146215,-0.985344,0.087699,-0.792277,-0.06356,0.606865,0.000469,0.001242,0.00109,0.005265,0.01404,0.007155,-0.361734,-0.090994,0.028613,0.331382,0.479853,-0.200067,0.854228,0.181735,0.975151,0.126435,-0.858881,0.094806,0.503189,-4e-06,1.7e-05,1.4e-05,-0.0,0.0,0.0,-0.805683,0.047481,0.034578,-0.014914,-0.334574,0.075082,0.939373,-0.06428,-0.996317,0.056738,0.940174,-0.0414,0.338168,0.0,-1e-06,-0.0,-8.1e-05,-4.2e-05,-5e-06,-0.841398,0.070869,0.018897,-0.060586,-0.592272,-0.017481,-0.805548,-0.056213,-0.996431,0.062954,-0.803774,0.082568,0.589176,0.000181,0.000485,0.000423,-0.007187,-0.01562,-0.007007,-0.382609
15,0.068762,-0.006388,0.357918,-0.593355,-0.14985,-0.790898,0.145043,-0.986332,0.077996,-0.79104,-0.068256,0.607967,0.027269,0.000304,-0.016313,0.066375,-0.00832,0.116601,-0.842882,-0.090891,0.028506,0.331463,0.478599,-0.197829,0.855452,0.181198,0.975519,0.124354,-0.859692,0.095721,0.501628,2e-06,-9e-06,-7e-06,0.0,0.0,-0.0,-0.575963,0.047532,0.034524,-0.014874,-0.332905,0.072884,0.940139,-0.064094,-0.996451,0.054553,0.940779,-0.042096,0.336395,0.001074,-0.005593,0.003922,-0.036713,0.003358,-0.019334,-0.761222,0.071251,0.018787,-0.060687,-0.592538,-0.008903,-0.805492,-0.057303,-0.996939,0.053173,-0.8035,0.077664,0.590215,0.012882,-0.005589,-0.004123,0.045981,-0.025879,0.10019,-0.625422
16,0.069416,-0.006577,0.357681,-0.595481,-0.142356,-0.790684,0.144401,-0.987103,0.068901,-0.789557,-0.072976,0.609345,0.025961,-0.010679,-0.007803,0.106921,0.241045,0.203573,-1.156522,-0.090849,0.028395,0.331535,0.47508,-0.196629,0.857687,0.180237,0.975743,0.123994,-0.86184,0.095908,0.497891,7e-06,-2.7e-05,-2.3e-05,-0.092153,0.166951,0.116303,-0.358555,0.047553,0.034472,-0.014841,-0.329515,0.071552,0.941434,-0.06348,-0.996546,0.053522,0.942013,-0.042126,0.332919,0.0,-1e-05,-9e-06,-0.158076,0.312089,0.225937,-0.672392,0.071577,0.018694,-0.060811,-0.592395,-0.001637,-0.805645,-0.05784,-0.99733,0.044556,-0.803568,0.072994,0.590719,0.020218,-0.002272,-0.009916,0.197092,0.353069,0.293542,-0.770424
17,0.071243,-0.006707,0.357013,-0.602125,-0.126494,-0.788347,0.142674,-0.988513,0.049573,-0.784815,-0.082478,0.61424,0.042672,0.001594,-0.01447,0.206792,0.400741,0.341578,-1.692544,-0.090973,0.028044,0.331693,0.481477,-0.174144,0.858979,0.132143,0.983233,0.1254,-0.866999,0.053332,0.49531,-0.010491,-0.015647,0.00595,-1.535736,-0.130377,-0.85005,0.019513,0.047499,0.034307,-0.014762,-0.33205,0.051956,0.941829,-0.021103,-0.99864,0.047651,0.943025,-0.004053,0.332695,-0.006237,-0.002566,-0.001225,-0.484994,0.046181,-0.249975,-0.453909,0.072497,0.018615,-0.061156,-0.595811,0.015172,-0.80298,-0.059348,-0.997919,0.025181,-0.800928,0.062658,0.595472,0.021418,0.000992,-0.007091,0.242215,0.499336,0.386353,-0.833781
18,0.073644,-0.00639,0.356308,-0.610759,-0.114654,-0.7835,0.14027,-0.989467,0.035382,-0.778546,-0.088157,0.621386,0.073759,0.013027,-0.021207,0.249447,0.366257,0.457087,-1.864255,-0.091798,0.027298,0.331744,0.494797,-0.12169,0.860441,0.01189,0.990952,0.133444,-0.869493,-0.055659,0.490659,-0.035088,-0.027481,-0.00032,-0.709808,0.081436,-0.296177,0.226557,0.047077,0.033929,-0.014727,-0.340772,-0.004556,0.940134,0.104861,-0.993932,0.033192,0.934279,0.109895,0.339182,-0.017493,-0.014011,-0.000356,-0.713018,0.081064,-0.300511,-0.153454,0.073695,0.018768,-0.061513,-0.601779,0.02818,-0.798164,-0.061549,-0.998041,0.011168,-0.796287,0.055847,0.602334,0.037007,0.006828,-0.010365,0.301156,0.501155,0.524055,-0.833781
19,0.075107,-0.006124,0.355971,-0.613817,-0.108706,-0.781957,0.138842,-0.989888,0.028557,-0.776393,-0.090913,0.623679,0.074939,0.016826,-0.017977,0.238274,0.341526,0.445173,-1.903605,-0.092538,0.026788,0.331676,0.503241,-0.086378,0.859813,-0.072132,0.987268,0.141534,-0.8617,-0.133151,0.489496,-0.047887,-0.031701,-0.002056,-2.195984,0.23291,-0.913095,0.306501,0.046726,0.033684,-0.014762,-0.347462,-0.040899,0.936801,0.185807,-0.98224,0.026033,0.9191,0.18311,0.348891,-0.018282,-0.009117,-0.00501,-6.331397,-0.988695,-3.755107,-0.007799,0.074398,0.018894,-0.061675,-0.603277,0.034122,-0.796801,-0.062806,-0.998013,0.004813,-0.795054,0.052947,0.604221,0.037692,0.008993,-0.008522,0.236425,0.431695,0.301857,-0.844068
20,0.078538,-0.005392,0.35543,-0.617717,-0.097607,-0.780349,0.135925,-0.990572,0.016237,-0.773809,-0.095926,0.626134,0.105324,0.020575,-0.013658,0.111365,0.024633,0.197133,-1.913955,-0.094436,0.025977,0.331287,0.52151,-0.03936,0.852332,-0.178822,0.971654,0.15442,-0.83488,-0.232907,0.498591,-0.052029,-0.010054,-0.018484,-2.238119,-1.855614,0.832093,0.392146,0.045779,0.033267,-0.014953,-0.358764,-0.088871,0.929187,0.292345,-0.956072,0.021433,0.886466,0.279333,0.368985,-0.032472,-0.006616,-0.00967,-4.742744,-0.62091,-3.117359,0.259344,0.076101,0.019255,-0.061951,-0.606348,0.046869,-0.793816,-0.065591,-0.997807,-0.008812,-0.792489,0.046724,0.608092,0.045806,0.011775,-0.005912,0.106265,-0.061502,0.307649,-0.846028
21,0.08252,-0.004295,0.354982,-0.625587,-0.083729,-0.775678,0.13248,-0.991171,7.7e-05,-0.768059,-0.102617,0.632125,0.106704,0.027237,-0.008395,0.173398,0.10897,0.466436,-1.914664,-0.09702,0.025521,0.330602,0.524382,0.012031,0.851393,-0.268127,0.951309,0.151834,-0.808744,-0.307923,0.500978,-0.067655,9e-06,-0.025597,-4.429665,-1.210591,-3.214699,0.41348,0.044494,0.033031,-0.015297,-0.358089,-0.134334,0.923972,0.374223,-0.927282,0.010216,0.855411,0.34943,0.38232,-0.039377,-0.006962,-0.00907,-0.028741,0.213906,-0.363363,0.339193,0.078093,0.019805,-0.062173,-0.611152,0.061563,-0.789115,-0.068582,-0.997339,-0.024692,-0.788536,0.039028,0.613749,0.053994,0.019273,-0.008371,0.227305,0.254394,0.343292,-0.854845
22,0.084741,-0.003623,0.354695,-0.632885,-0.070939,-0.771019,0.124397,-0.992159,-0.010894,-0.763414,-0.102727,0.637709,0.121251,0.036175,-0.018384,0.290948,0.442366,0.480945,-1.914732,-0.098317,0.025403,0.330186,0.521486,0.030262,0.852718,-0.29256,0.945076,0.145513,-0.802109,-0.325399,0.500599,-0.065654,-0.011102,-0.017729,0.15074,-0.252971,-0.401604,0.430844,0.043844,0.032977,-0.015507,-0.353535,-0.156157,0.922294,0.401568,-0.915828,-0.001133,0.84484,0.369963,0.386485,-0.027273,0.001385,-0.012505,0.173266,-0.405894,-0.734634,0.363197,0.0792,0.020142,-0.062308,-0.61508,0.075,-0.784888,-0.07645,-0.996447,-0.035305,-0.784748,0.038289,0.618629,0.053901,0.019799,-0.008062,0.374973,0.706621,0.579847,-0.860071
23,0.089399,-0.002239,0.354043,-0.656048,-0.030376,-0.754138,0.089816,-0.995214,-0.038118,-0.748557,-0.09271,0.656577,0.120202,0.036567,-0.018653,0.422807,0.98881,0.805537,-1.914372,-0.100845,0.025478,0.329143,0.510042,0.071056,0.857205,-0.334443,0.934494,0.121667,-0.793022,-0.348836,0.499292,-0.054336,0.002009,-0.025855,-0.873776,0.009147,-2.016333,0.463377,0.042575,0.033011,-0.016024,-0.338521,-0.193936,0.920756,0.435755,-0.899588,-0.02927,0.833978,0.391316,0.389038,-0.034692,0.005187,-0.017106,-3.767701,1.179829,-4.806957,0.409898,0.081491,0.020829,-0.062625,-0.628753,0.11769,-0.768646,-0.109937,-0.992005,-0.06196,-0.769794,0.045545,0.636664,0.060142,0.018268,-0.009402,0.028196,0.807931,1.014419,-0.860887
24,0.093798,-0.000987,0.353571,-0.685462,0.020642,-0.727847,0.042482,-0.996742,-0.068349,-0.726036,-0.077805,0.68326,0.105361,0.031048,-0.006548,-0.837999,0.872196,1.622483,-1.914337,-0.10318,0.025867,0.327901,0.493244,0.095366,0.864642,-0.358083,0.928061,0.102044,-0.793302,-0.360072,0.490797,-0.056078,0.012408,-0.034446,-0.022596,0.055733,-0.169756,0.478333,0.041408,0.033203,-0.016641,-0.318379,-0.219874,0.922111,0.455745,-0.88844,-0.054489,0.831222,0.4029,0.383067,-0.027964,0.005934,-0.017408,-0.333997,0.186638,-0.550941,0.442883,0.083696,0.021455,-0.062869,-0.650111,0.170331,-0.740501,-0.150467,-0.98411,-0.094267,-0.744791,0.050137,0.66541,0.052792,0.015772,-0.003135,0.472879,1.201719,0.864308,-0.864643
25,0.097605,0.000132,0.353639,-0.720451,0.071659,-0.689827,-0.011888,-0.995756,-0.091099,-0.692534,-0.057528,0.719106,0.091643,0.028559,0.008104,0.073749,1.238927,0.979394,-1.90227,-0.104976,0.026539,0.326392,0.466607,0.137091,0.873771,-0.418607,0.904442,0.081771,-0.779623,-0.404099,0.478283,-0.031153,0.02648,-0.04337,-4.713227,-0.292425,-2.855958,0.448844,0.0405,0.033534,-0.017391,-0.2878,-0.256247,0.922771,0.50429,-0.859684,-0.081448,0.814163,0.441904,0.37664,-0.022189,0.012195,-0.021658,0.11802,0.082907,-0.090679,0.43978,0.085643,0.022023,-0.062846,-0.674237,0.230134,-0.701742,-0.208387,-0.97088,-0.118178,-0.708504,0.066554,0.70256,0.046271,0.019601,-0.000388,-0.643292,1.319994,1.92401,-0.874767
26,0.099247,0.000755,0.353855,-0.736564,0.108418,-0.667655,-0.055902,-0.993429,-0.099727,-0.673167,-0.036275,0.738619,0.07851,0.034061,0.012029,0.153756,1.593484,0.932572,-1.886337,-0.105566,0.02708,0.325552,0.452241,0.157542,0.877867,-0.44996,0.890089,0.072196,-0.770545,-0.427857,0.472295,-0.018181,0.029978,-0.04212,-1.319235,-0.100416,-0.77696,0.409521,0.040201,0.0338,-0.017814,-0.270212,-0.277226,0.922025,0.535554,-0.839101,-0.095343,0.800104,0.468032,0.375205,-0.015508,0.013291,-0.021614,-4.747414,-0.200411,-2.862276,0.412021,0.086469,0.022331,-0.06274,-0.682488,0.26834,-0.679855,-0.250807,-0.959669,-0.127005,-0.686517,0.083833,0.722264,0.03894,0.011916,0.01052,-0.755914,1.14262,1.845825,-0.875583
27,0.101883,0.002008,0.35462,-0.764017,0.17597,-0.620773,-0.148869,-0.984187,-0.095851,-0.626876,0.018955,0.778906,0.050565,0.030227,0.025244,-3.48507,0.690239,4.477499,-1.758777,-0.106177,0.028757,0.323645,0.420521,0.193331,0.88644,-0.504276,0.861975,0.05136,-0.754659,-0.468854,0.458833,-0.009285,0.057032,-0.05533,0.090567,-0.015903,0.013392,0.227315,0.039893,0.034625,-0.018764,-0.233885,-0.310621,0.921309,0.583812,-0.802609,-0.122394,0.77747,0.509246,0.369063,-0.003602,0.022609,-0.024032,-0.259675,0.1092,-0.360137,0.271101,0.0878,0.022964,-0.062359,-0.700168,0.336811,-0.62954,-0.33543,-0.933547,-0.126397,-0.630278,0.122667,0.766616,0.032525,0.01956,0.007624,-0.716001,1.176957,1.391751,-0.8506
28,0.103542,0.003186,0.355523,-0.779778,0.244204,-0.576503,-0.237835,-0.967284,-0.088134,-0.578199,0.068077,0.813067,0.035594,0.028313,0.023049,-0.867123,0.859193,0.870649,-1.59411,-0.106192,0.031315,0.321492,0.374624,0.243972,0.894498,-0.588615,0.807945,0.026282,-0.716733,-0.536667,0.445134,0.015456,0.068688,-0.048568,-3.968962,1.647687,-4.447685,-0.02383,0.039872,0.035862,-0.019829,-0.187359,-0.354103,0.916246,0.652719,-0.741934,-0.153265,0.734066,0.569336,0.370137,0.001196,0.033159,-0.024427,-1.406579,-0.069981,-0.859718,-0.030986,0.088637,0.023562,-0.061901,-0.701398,0.409645,-0.583293,-0.424029,-0.897596,-0.120493,-0.572921,0.16282,0.803274,0.010936,0.014902,0.011953,-3.294262,0.641736,4.093312,-0.797857
29,0.104571,0.004056,0.356238,-0.780448,0.305466,-0.545561,-0.315122,-0.945756,-0.078841,-0.539084,0.11,0.835054,0.032528,0.017233,0.014023,-3.239089,0.208922,4.229547,-1.540931,-0.105164,0.034632,0.319586,0.334078,0.28725,0.897703,-0.664762,0.746962,0.008503,-0.668497,-0.599958,0.439346,0.037519,0.09312,-0.048063,0.019323,-0.218779,-0.59943,-0.199137,0.040383,0.037539,-0.020804,-0.138619,-0.393056,0.909005,0.722773,-0.667641,-0.178471,0.677039,0.632266,0.376638,0.018643,0.047228,-0.023491,-0.881597,0.138358,-1.646437,-0.273146,0.089155,0.024012,-0.061532,-0.692409,0.466018,-0.550813,-0.491916,-0.863394,-0.112107,-0.527813,0.19333,0.827064,0.009268,0.008734,0.006988,-0.906519,0.424727,0.715035,-0.790835
30,0.104857,0.004356,0.356464,-0.777093,0.331408,-0.535109,-0.348289,-0.934519,-0.073082,-0.523327,0.129163,0.842302,0.003918,0.015198,0.011968,-0.890604,0.434147,0.639605,-1.538262,-0.10444,0.036469,0.318707,0.317774,0.304416,0.897966,-0.696043,0.717947,0.003057,-0.644131,-0.626373,0.43888,0.036662,0.095703,-0.045657,0.150357,-0.101734,-0.05786,-0.286846,0.040759,0.038495,-0.02126,-0.120892,-0.410588,0.90377,0.749571,-0.634646,-0.188058,0.650789,0.654706,0.384489,0.018283,0.048216,-0.022549,0.148789,-0.076116,-0.028319,-0.364426,0.08931,0.024166,-0.061416,-0.681988,0.493598,-0.539677,-0.526279,-0.843612,-0.106524,-0.507859,0.211373,0.835104,0.008659,0.006505,0.005178,-3.039387,0.058292,4.012443,-0.809287
31,0.105019,0.00473,0.356784,-0.767576,0.371429,-0.522411,-0.398737,-0.914769,-0.064631,-0.500941,0.158227,0.85091,0.001731,0.00673,0.005279,-0.262249,0.161256,0.111986,-1.539793,-0.102563,0.039963,0.317406,0.292384,0.334114,0.896031,-0.738948,0.67364,-0.009934,-0.607259,-0.65963,0.442706,0.051459,0.082338,-0.024199,-1.21469,-0.195967,-0.785088,-0.478209,0.041678,0.04021,-0.021903,-0.094097,-0.436429,0.894804,0.784188,-0.58622,-0.203457,0.613347,0.68255,0.397403,0.032105,0.043049,-0.011383,-4.662868,-0.203103,-2.497452,-0.547638,0.089392,0.024356,-0.061253,-0.664539,0.530988,-0.525774,-0.572805,-0.813822,-0.097911,-0.479876,0.236101,0.844969,0.000719,0.002816,0.002208,-0.277625,0.126411,0.092856,-0.839496
32,0.104735,0.004821,0.356826,-0.753849,0.402027,-0.519741,-0.436642,-0.897546,-0.061046,-0.490101,0.180415,0.852806,-0.000549,-0.002125,-0.001666,-0.077554,-0.009106,0.127257,-1.548957,-0.100055,0.042922,0.317042,0.256537,0.374658,0.890961,-0.786655,0.616478,-0.032603,-0.561766,-0.692978,0.451734,0.067652,0.060107,0.006425,-1.210601,-0.288652,-1.158258,-0.757503,0.042954,0.041716,-0.022097,-0.05565,-0.472578,0.879529,0.822203,-0.521462,-0.228163,0.566467,0.710455,0.417574,0.033725,0.030582,0.003612,-1.224352,-0.333587,-1.172461,-0.786042,0.089249,0.024401,-0.061232,-0.645017,0.557827,-0.522284,-0.606403,-0.789537,-0.094363,-0.465002,0.255849,0.847534,-0.007176,-0.000677,-0.000623,-0.258219,-0.01602,0.391835,-0.856968
33,0.104464,0.004737,0.356783,-0.748988,0.410967,-0.519777,-0.447309,-0.89228,-0.061028,-0.48794,0.186274,0.852786,-0.015047,-0.004009,-0.003343,-0.07487,-0.076304,0.246701,-1.563439,-0.098693,0.044189,0.317287,0.242264,0.39455,0.886358,-0.79886,0.599513,-0.048387,-0.550749,-0.696841,0.459294,0.080299,0.059221,0.020847,0.340925,-0.832312,-0.794918,-0.934813,0.043606,0.042322,-0.021987,-0.040745,-0.487785,0.872011,0.830482,-0.501786,-0.241885,0.555551,0.714335,0.425543,0.033772,0.028292,0.010141,-0.096542,-0.560609,-0.63954,-0.865401,0.089119,0.024359,-0.061254,-0.638596,0.565472,-0.521953,-0.615649,-0.782351,-0.094351,-0.461704,0.261088,0.847739,-0.007562,-0.002157,-0.001784,-0.258991,-0.001042,0.367918,-0.860724
34,0.103677,0.004631,0.356664,-0.730862,0.439886,-0.521906,-0.483389,-0.873378,-0.0593,-0.481003,0.208391,0.851608,-0.028597,-0.002091,-0.002058,-0.082265,0.030811,0.04076,-1.594717,-0.09572,0.046432,0.318459,0.231314,0.427843,0.873748,-0.807364,0.585486,-0.072821,-0.542985,-0.689119,0.479735,0.078917,0.058558,0.036841,0.246685,-0.487923,-0.414497,-1.206766,0.045123,0.043467,-0.021392,-0.028865,-0.521904,0.852515,0.832405,-0.484738,-0.26857,0.553414,0.701886,0.448427,0.039319,0.029853,0.018846,0.240403,-0.434927,-0.355772,-0.832253,0.088728,0.024296,-0.061322,-0.614877,0.590126,-0.52314,-0.647243,-0.756618,-0.092757,-0.450556,0.281565,0.847182,-0.013883,0.004412,-0.005295,-0.21878,0.011761,0.360972,-0.873787
35,0.102524,0.004658,0.356566,-0.709242,0.467628,-0.527585,-0.521732,-0.851421,-0.053389,-0.473287,0.236805,0.848499,-0.028248,-0.000613,-0.000924,-0.330622,-0.22016,0.436101,-1.61751,-0.092633,0.048453,0.320532,0.219163,0.457277,0.861891,-0.814348,0.572257,-0.096405,-0.537553,-0.681318,0.496694,0.066673,0.044894,0.060231,0.159871,-0.402885,-0.659432,-1.375998,0.046613,0.044442,-0.020401,-0.017067,-0.546539,0.837259,0.833944,-0.469734,-0.28963,0.551584,0.693284,0.4638,0.033318,0.022546,0.030172,-0.116329,-0.013088,-0.413382,-0.826048,0.08815,0.024303,-0.061376,-0.588333,0.612746,-0.527641,-0.680177,-0.727882,-0.086869,-0.437289,0.307782,0.845013,-0.014036,2.3e-05,-0.000184,-0.958535,-0.209354,1.274125,-0.879665
36,0.102109,0.004653,0.356531,-0.699932,0.474706,-0.533661,-0.535338,-0.843252,-0.048064,-0.471962,0.251452,0.845015,-0.014664,-0.002303,-0.002044,-0.99262,-0.265116,1.231277,-1.616231,-0.091238,0.049231,0.32176,0.215381,0.465429,0.858474,-0.822852,0.559864,-0.096957,-0.525997,-0.686091,0.502462,0.080578,0.038498,0.069534,-0.442144,-0.051827,-0.64627,-1.402525,0.047363,0.044872,-0.019736,-0.013138,-0.555361,0.831505,0.840595,-0.456475,-0.291598,0.541504,0.695128,0.472831,0.040152,0.019694,0.03509,-0.443694,-0.045874,-0.649944,-0.843684,0.087937,0.024301,-0.061394,-0.578294,0.617135,-0.53359,-0.691138,-0.718111,-0.081506,-0.433477,0.32165,0.841806,-0.006842,0.004639,-0.005054,-3.021891,-0.492773,4.5292,-0.878849
37,0.101395,0.004776,0.356449,-0.679804,0.48237,-0.552478,-0.559932,-0.827828,-0.033898,-0.472868,0.285701,0.833545,-0.012761,0.012547,-0.007498,-0.185054,-0.331065,-0.360656,-1.618442,-0.088375,0.050582,0.324777,0.217357,0.47567,0.852341,-0.830453,0.548962,-0.094451,-0.513075,-0.68789,0.513249,0.069649,0.020893,0.089293,-0.17264,0.016407,-0.111651,-1.405489,0.04877,0.04554,-0.01826,-0.015236,-0.565491,0.824613,0.847326,-0.445152,-0.289615,0.530853,0.694304,0.485938,0.033553,0.016408,0.041143,-0.143996,0.05992,-0.050551,-0.858217,0.087578,0.024351,-0.061437,-0.555427,0.622195,-0.551699,-0.713793,-0.69709,-0.067548,-0.426613,0.356281,0.831302,-0.013457,0.002222,0.001537,-0.274883,-0.507655,-0.166874,-0.881298
38,0.100571,0.005229,0.356471,-0.653822,0.486611,-0.579459,-0.585704,-0.810269,-0.019661,-0.478277,0.325926,0.815506,-0.012461,0.00588,0.004403,-0.535218,-0.739411,-0.283652,-1.616313,-0.08575,0.051497,0.32809,0.205451,0.487244,0.848749,-0.832791,0.542541,-0.109735,-0.514178,-0.68489,0.516148,0.072358,0.006285,0.093238,-0.097897,-0.203335,-0.345159,-1.406275,0.050076,0.046019,-0.016592,-0.00305,-0.574585,0.818438,0.846431,-0.437295,-0.30385,0.532487,0.691826,0.487681,0.028661,0.007569,0.04273,-0.010897,-0.393469,-0.272862,-0.866544,0.087166,0.02458,-0.06143,-0.528772,0.622486,-0.576982,-0.735673,-0.675163,-0.054207,-0.423301,0.395807,0.814954,-0.012408,0.009943,-0.000961,-0.756822,-1.414317,1.298492,-0.877869
39,0.100166,0.005641,0.356518,-0.637814,0.465075,-0.613957,-0.583437,-0.81209,-0.00914,-0.502052,0.351792,0.790072,-0.011204,0.018125,-0.003107,-0.327751,-1.064587,-0.577706,-1.60508,-0.083448,0.051273,0.331427,0.177418,0.507323,0.843289,-0.833658,0.532837,-0.145028,-0.523105,-0.677915,0.516387,0.054005,-0.025574,0.087577,0.102251,-0.709726,-0.857719,-1.406135,0.051229,0.045939,-0.014907,0.025245,-0.589062,0.807692,0.840549,-0.42485,-0.336122,0.541145,0.687391,0.484411,0.026023,-0.008049,0.039282,-0.032186,-0.333622,-0.588967,-0.863115,0.086964,0.024784,-0.061402,-0.516482,0.599455,-0.611473,-0.734279,-0.677426,-0.043901,-0.440545,0.426317,0.790046,0.00063,0.002312,0.001833,0.300086,-1.083529,0.136579,-0.873297
40,0.100113,0.005852,0.356554,-0.629413,0.453422,-0.631104,-0.581864,-0.813258,-0.004071,-0.514319,0.364086,0.776495,0.001851,0.006778,0.005337,-0.404056,-0.797393,-0.395717,-1.60319,-0.08246,0.05061,0.333068,0.159877,0.518943,0.839719,-0.834547,0.525379,-0.165654,-0.527306,-0.674947,0.516002,0.044325,-0.037588,0.079932,0.012072,-0.492571,-0.802413,-1.406561,0.051708,0.045631,-0.014109,0.042492,-0.599024,0.799602,0.836782,-0.415942,-0.356072,0.545885,0.684223,0.483579,0.022271,-0.01934,0.039511,-0.091485,-0.123138,-0.575078,-0.866544,0.086931,0.024889,-0.06139,-0.510241,0.586464,-0.629057,-0.732918,-0.679212,-0.038738,-0.449982,0.441282,0.776392,-0.005449,0.00959,-0.001141,-0.489164,-1.044693,-0.542174,-0.876726
41,0.099948,0.006406,0.356639,-0.620828,0.433969,-0.652907,-0.578114,-0.815906,0.007319,-0.528768,0.381455,0.758237,0.002406,0.008789,0.006901,0.766151,-0.750341,-1.397403,-1.602396,-0.081114,0.04879,0.335951,0.128488,0.548624,0.826132,-0.83763,0.505997,-0.205612,-0.530955,-0.666257,0.523499,0.022213,-0.052334,0.072082,0.015265,-0.435634,-1.088989,-1.406496,0.052417,0.044684,-0.012615,0.074266,-0.625145,0.776966,0.83071,-0.39227,-0.395023,0.551728,0.674771,0.490182,0.011238,-0.02678,0.035539,0.023138,-0.508277,-1.148598,-0.864421,0.086849,0.025169,-0.061346,-0.504537,0.566915,-0.65119,-0.731087,-0.681746,-0.027075,-0.459296,0.462417,0.75843,-0.005024,0.011095,2.9e-05,3.32108,-0.792953,-4.357656,-0.885707
42,0.099748,0.00705,0.356728,-0.620689,0.423527,-0.65986,-0.56739,-0.823417,0.005123,-0.540404,0.377046,0.752215,0.003273,0.0196,-0.001746,1.130468,-0.142151,-1.035048,-1.603246,-0.080344,0.046806,0.338588,0.095149,0.576092,0.811823,-0.840813,0.483085,-0.244122,-0.532905,-0.66008,0.52931,0.008389,-0.047426,0.061429,1.52802,1.281614,-2.652363,-1.406257,0.052801,0.043702,-0.011325,0.103835,-0.647445,0.755005,0.825924,-0.366806,-0.428138,0.554136,0.668033,0.496653,0.004186,-0.023847,0.030588,0.023581,-0.430655,-1.070861,-0.8574,0.08675,0.02549,-0.061296,-0.506391,0.555652,-0.659407,-0.721878,-0.691441,-0.02828,-0.471656,0.461691,0.751253,-0.00547,0.005658,0.004315,3.668844,-0.092864,-3.970641,-0.878196
43,0.099702,0.007413,0.356766,-0.620523,0.421646,-0.661219,-0.564063,-0.82571,0.002728,-0.54406,0.374133,0.751033,-0.009796,0.022989,0.000661,0.034306,-0.016771,0.011743,-1.606102,-0.080258,0.04588,0.339735,0.079154,0.588595,0.804539,-0.842238,0.471232,-0.261744,-0.533253,-0.657628,0.532006,-0.003247,-0.053143,0.058819,0.004707,-0.44564,-1.143904,-1.405827,0.052847,0.043222,-0.010729,0.122202,-0.656926,0.743985,0.821982,-0.353126,-0.446818,0.556246,0.666145,0.496829,-0.001565,-0.026913,0.029135,-0.010332,-0.368337,-1.058812,-0.860013,0.086731,0.025669,-0.061278,-0.507437,0.553187,-0.660674,-0.71784,-0.695516,-0.031015,-0.476667,0.458521,0.750031,0.001825,0.010483,-0.000341,0.042393,-0.121364,0.218599,-0.879339
44,0.099773,0.008263,0.356878,-0.623968,0.413248,-0.663276,-0.551406,-0.834219,-0.001105,-0.553004,0.364526,0.749222,0.004904,0.025529,0.002824,0.035892,-0.045466,0.066494,-1.62114,-0.08054,0.044418,0.341305,0.073812,0.606235,0.791847,-0.827802,0.480053,-0.290219,-0.55613,-0.634827,0.536261,-0.007464,-0.029457,0.028114,0.006295,-0.207298,-0.721017,-1.405863,0.052707,0.042508,-0.00995,0.126352,-0.673519,0.728289,0.803259,-0.361329,-0.473515,0.582073,0.644835,0.495355,-0.010024,-0.016151,0.013785,0.054649,-0.341583,-0.803733,-0.857074,0.08676,0.026088,-0.061227,-0.512518,0.545702,-0.662973,-0.707003,-0.706351,-0.034851,-0.48731,0.450862,0.747831,0.002415,0.012627,0.001309,0.039431,-0.141599,0.240927,-0.887993
45,0.099912,0.009202,0.357158,-0.631578,0.399716,-0.664366,-0.53236,-0.846495,-0.003287,-0.562917,0.351104,0.74825,0.00575,0.028632,0.005154,3.703579,0.06947,-4.242451,-1.696448,-0.081187,0.043144,0.342042,0.088086,0.612438,0.78559,-0.79944,0.513973,-0.310902,-0.594259,-0.601412,0.533875,-0.019244,-0.031677,0.011875,-0.036547,-0.03174,-0.418507,-1.406029,0.052387,0.041873,-0.009575,0.111746,-0.680844,0.723853,0.774712,-0.396508,-0.492546,0.62236,0.615819,0.48315,-0.009644,-0.015819,0.005953,-0.02973,-0.101489,-0.421595,-0.854461,0.08683,0.026558,-0.061087,-0.519472,0.537221,-0.664485,-0.695062,-0.71799,-0.037103,-0.497027,0.442585,0.746378,-0.004151,0.010303,0.007855,-0.000568,-0.012945,0.021596,-0.900893
46,0.099777,0.01017,0.357619,-0.641173,0.379784,-0.666864,-0.507441,-0.861665,-0.002912,-0.574927,0.33605,0.746027,-0.007978,0.021607,0.016375,-0.084289,-0.193736,-0.080875,-1.792,-0.081865,0.041953,0.342239,0.08212,0.615029,0.784211,-0.77504,0.534119,-0.337585,-0.626557,-0.580842,0.519531,-0.019176,-0.028931,-0.002306,0.010686,-0.039846,-0.209281,-1.405206,0.052048,0.041276,-0.009472,0.117846,-0.682721,0.721112,0.747842,-0.416745,-0.516773,0.653332,0.600178,0.461456,-0.003396,-0.012763,-0.000666,0.060457,-0.078657,-0.174491,-0.85887,0.086768,0.027048,-0.060858,-0.536056,0.516774,-0.667523,-0.669349,-0.742029,-0.036931,-0.514407,0.427009,0.743672,-0.003504,0.016404,0.004034,-0.092963,-0.304729,-0.121255,-0.884238
47,0.099641,0.010633,0.357956,-0.648512,0.363151,-0.669028,-0.487246,-0.873247,-0.001776,-0.584071,0.324373,0.744091,-0.007782,0.022229,0.01679,3.676575,-0.047598,-4.115827,-1.837381,-0.082148,0.04145,0.342082,0.084836,0.620389,0.779687,-0.757942,0.54815,-0.35354,-0.64679,-0.561742,0.515725,-0.007846,-0.018771,-0.01256,0.546792,-0.675746,-0.20416,-1.405129,0.051909,0.041028,-0.009543,0.116194,-0.686213,0.71806,0.730988,-0.430367,-0.529566,0.672424,0.586426,0.451607,-0.003901,-0.009474,-0.006298,4.501102,-1.826296,2.578774,-0.855277,0.086704,0.027275,-0.060698,-0.543531,0.504614,-0.670773,-0.656315,-0.753667,-0.035159,-0.523282,0.421129,0.740827,-0.003773,0.011568,0.008749,-0.008541,-0.034383,0.005368,-0.891749
48,0.099182,0.011358,0.358728,-0.654598,0.344535,-0.672936,-0.46695,-0.884267,0.001413,-0.593759,0.314719,0.74056,-0.020957,0.024523,0.018229,0.092725,-0.013115,-0.127072,-1.90344,-0.082607,0.040645,0.341435,0.099078,0.61924,0.77892,-0.721587,0.583743,-0.372142,-0.685225,-0.525966,0.503676,-0.006222,-0.024476,-0.016977,3.011282,0.915601,-0.808382,-1.404472,0.051673,0.040615,-0.009872,0.099394,-0.688606,0.71829,0.696228,-0.467604,-0.544621,0.710905,0.554226,0.43295,-0.002857,-0.013049,-0.009073,4.289639,-1.974256,2.706764,-0.858053,0.086476,0.027643,-0.060303,-0.555936,0.484475,-0.675439,-0.634363,-0.772377,-0.03188,-0.537139,0.41075,0.736725,-0.004296,0.005779,0.012706,0.314547,0.010935,-0.329842,-0.897464
49,0.09833,0.012071,0.359593,-0.653915,0.326741,-0.682408,-0.446433,-0.894801,-0.000721,-0.610047,0.303765,0.731845,-0.021512,0.022155,0.016324,-0.094311,-0.393835,-0.192074,-1.916455,-0.082945,0.039491,0.340661,0.116723,0.613112,0.78132,-0.680131,0.622656,-0.386853,-0.72379,-0.487018,0.488676,-0.005043,-0.028767,-0.020419,0.108027,0.020877,-0.02386,-1.405181,0.051511,0.040047,-0.010253,0.083489,-0.684076,0.724616,0.654551,-0.510647,-0.557495,0.751393,0.520844,0.405129,-0.002538,-0.014289,-0.010124,1.336543,-0.52845,0.679245,-0.865075,0.086052,0.028006,-0.059866,-0.558997,0.468468,-0.684148,-0.616298,-0.786727,-0.035149,-0.554704,0.401992,0.728494,-0.01783,0.006783,0.013231,-0.059982,-0.792653,-0.184886,-0.893545
50,0.097824,0.012384,0.359972,-0.655688,0.315338,-0.686062,-0.431536,-0.902078,-0.002274,-0.618788,0.294171,0.728418,-0.023267,0.008161,0.022506,-0.063616,-0.148953,0.067492,-1.916983,-0.083019,0.039023,0.340303,0.119083,0.61239,0.78153,-0.665766,0.633232,-0.394597,-0.736652,-0.474098,0.482118,0.006443,-0.021985,-0.016938,-0.003788,0.030702,-0.047804,-1.404965,0.051466,0.039789,-0.010449,0.081039,-0.683822,0.725134,0.639839,-0.522136,-0.563897,0.764224,0.509667,0.395222,-0.002952,-0.012937,-0.009128,-0.021348,0.03065,-0.07696,-0.869157,0.085801,0.028171,-0.059675,-0.562645,0.456259,-0.689389,-0.602953,-0.796991,-0.035373,-0.565576,0.395767,0.723526,-0.017728,0.010849,0.007892,-0.004283,-0.144097,0.063027,-0.893055
51,0.09678,0.012647,0.360594,-0.65219,0.295522,-0.698112,-0.408967,-0.912524,-0.004296,-0.637507,0.282329,0.71687,-0.025345,0.000678,0.016859,-0.104347,-0.23849,0.01901,-1.917422,-0.082983,0.03821,0.3397,0.123783,0.608874,0.783544,-0.636541,0.654503,-0.407892,-0.761308,-0.449036,0.467589,0.005302,-0.018111,-0.014057,0.02654,-0.063907,0.106596,-1.404624,0.051486,0.039377,-0.010755,0.076713,-0.681058,0.728199,0.610881,-0.54511,-0.574176,0.787996,0.48889,0.374229,-0.003701,-0.010452,-0.007268,0.030784,0.074181,-0.122115,-0.87079,0.085281,0.028309,-0.05936,-0.562929,0.436534,-0.701817,-0.582886,-0.811695,-0.037344,-0.585964,0.388058,0.711376,-0.012867,-0.000314,0.00796,-0.093721,-0.35238,0.156526,-0.887014
52,0.095623,0.012459,0.361153,-0.648394,0.287356,-0.705022,-0.399315,-0.916776,-0.006498,-0.647413,0.276949,0.710058,-0.027558,-0.006993,0.011107,-0.03408,-0.157279,0.266411,-1.917113,-0.082968,0.037524,0.339251,0.131868,0.607316,0.783435,-0.607408,0.674117,-0.420187,-0.783443,-0.421222,0.456784,0.004057,-0.013876,-0.010833,0.044057,0.055272,-0.066955,-1.404626,0.051496,0.039026,-0.010986,0.06857,-0.680427,0.7296,0.582002,-0.566698,-0.583202,0.81029,0.46462,0.357152,0.001985,-0.00677,-0.005285,0.034473,0.04976,-0.066177,-0.871933,0.084693,0.028216,-0.059073,-0.560605,0.427895,-0.708961,-0.574295,-0.817699,-0.039404,-0.596578,0.385063,0.704144,-0.013905,-0.003906,0.005266,-0.018744,-0.120645,0.287359,-0.887503
53,0.09438,0.011826,0.361794,-0.648312,0.281515,-0.707451,-0.389087,-0.921131,-0.010058,-0.653685,0.268383,0.707597,-0.029214,-0.019983,0.018105,0.284693,-0.025742,-0.268729,-1.917381,-0.082846,0.036872,0.338885,0.138051,0.603922,0.784991,-0.576379,0.693565,-0.432074,-0.80552,-0.393569,0.442835,0.006226,-0.024554,-0.002644,4.812352,-1.92082,1.927213,-1.404441,0.051554,0.038712,-0.011165,0.06542,-0.678044,0.732103,0.555503,-0.584729,-0.591191,0.828936,0.445362,0.338402,-0.004282,-0.008577,-0.005875,1.690324,1.507831,-1.677764,-0.875525,0.084092,0.027909,-0.058771,-0.561198,0.423382,-0.711198,-0.566371,-0.823025,-0.043037,-0.603556,0.378651,0.701671,-0.014686,-0.01015,0.008942,3.842591,0.023503,-3.824397,-0.892729
54,0.0938,0.011452,0.362134,-0.648901,0.279049,-0.707887,-0.38554,-0.922618,-0.010357,-0.655197,0.265845,0.707156,-0.029394,-0.020451,0.017754,-0.067461,-0.01663,0.057835,-1.917103,-0.082749,0.036524,0.338698,0.139347,0.599347,0.788262,-0.561027,0.703763,-0.435776,-0.816071,-0.382272,0.433312,0.004273,-0.014604,-0.011494,1.37725,-0.245485,0.732732,-1.404266,0.0516,0.038543,-0.011248,0.06349,-0.675145,0.734947,0.540387,-0.595872,-0.594069,0.839017,0.434873,0.327008,0.003324,-0.012987,-0.001898,1.559487,2.061914,-1.238957,-0.873729,0.08379,0.027712,-0.058596,-0.562814,0.420193,-0.711812,-0.561859,-0.826092,-0.043404,-0.606261,0.37551,0.701026,-0.021191,-0.008637,0.009986,-0.068636,-0.01515,0.054484,-0.895178
55,0.092757,0.010742,0.362945,-0.647391,0.280723,-0.708608,-0.382982,-0.923601,-0.016073,-0.658183,0.260623,0.706327,-0.027759,-0.014678,0.022091,-0.003205,0.221476,-0.007547,-1.916301,-0.082588,0.035714,0.338342,0.144914,0.594537,0.790897,-0.530913,0.721276,-0.444777,-0.835038,-0.356197,0.419164,0.007429,-0.028658,-0.005983,-0.034398,0.114149,-0.029121,-1.404356,0.05168,0.038143,-0.011429,0.056062,-0.669487,0.740704,0.507015,-0.620008,-0.59877,0.860112,0.409116,0.304681,0.002596,-0.008861,-0.007014,0.037382,0.104415,-0.046618,-0.873076,0.083265,0.027345,-0.0582,-0.560759,0.421434,-0.7127,-0.559495,-0.827381,-0.049032,-0.610338,0.371257,0.699752,-0.007238,-0.008391,0.010382,0.029975,0.171707,0.258024,-0.895178
