frame,MLTx,MLTy,MLTz,MLTR1,MLTR2,MLTR3,MLTR4,MLTR5,MLTR6,MLTR7,MLTR8,MLTR9,MLTTVx,MLTTVy,MLTTVz,MLTRVx,MLTRVy,MLTRVz,MLGA,MRTx,MRTy,MRTz,MRTR1,MRTR2,MRTR3,MRTR4,MRTR5,MRTR6,MRTR7,MRTR8,MRTR9,MRTTVx,MRTTVy,MRTTVz,MRTRVx,MRTRVy,MRTRVz,MRGA,SLTx,SLTy,SLTz,SLTR1,SLTR2,SLTR3,SLTR4,SLTR5,SLTR6,SLTR7,SLTR8,SLTR9,SLTTVx,SLTTVy,SLTTVz,SLTRVx,SLTRVy,SLTRVz,SLGA,SRTx,SRTy,SRTz,SRTR1,SRTR2,SRTR3,SRTR4,SRTR5,SRTR6,SRTR7,SRTR8,SRTR9,SRTTVx,SRTTVy,SRTTVz,SRTRVx,SRTRVy,SRTRVz,SRGA
1,0.153437,-0.055174,0.309135,-0.241488,0.354069,-0.903529,-0.857128,-0.514344,0.02747,-0.454706,0.780632,0.428816,-0.0159,0.000746,0.000901,-0.000984,0.014715,-0.029553,-0.123593,-0.169686,-0.040782,0.299082,-0.283438,-0.372785,0.883564,0.904124,-0.410918,0.116793,0.319866,0.832408,0.452379,-0.01557,-0.001787,-0.00067,-0.070726,0.273839,0.125496,-0.469119,0.043995,0.023237,-0.025219,0.292203,0.436811,0.850771,-0.87787,0.475445,0.057403,-0.379421,-0.76364,0.52239,-1.4e-05,-0.000632,-0.000801,-0.129252,0.441474,0.22344,-0.668309,0.073785,0.011939,-0.065475,0.387254,-0.356477,-0.850269,0.773141,0.62798,0.088844,0.502281,-0.691783,0.518794,-1e-06,-2e-06,-0.0,-9e-06,-8e-06,-1.1e-05,-0.333295
2,0.153376,-0.055182,0.309125,-0.241506,0.354065,-0.903526,-0.857124,-0.514349,0.027486,-0.454703,0.78063,0.428822,-0.000149,-0.001229,-0.001584,-0.000819,0.013371,-0.025517,-0.119533,-0.169773,-0.040906,0.299101,-0.290066,-0.368295,0.883296,0.902967,-0.410953,0.125307,0.317184,0.834382,0.450627,-1.6e-05,-0.000888,-0.001123,-0.072503,0.272579,0.162995,-0.46243,0.043946,0.023173,-0.025211,0.298578,0.431616,0.851209,-0.876853,0.47619,0.066115,-0.376801,-0.766126,0.520644,0.000431,-0.006019,0.003512,-0.154919,0.425535,0.219467,-0.662104,0.073749,0.011938,-0.065476,0.387273,-0.356469,-0.850263,0.773134,0.627986,0.088861,0.502278,-0.691781,0.5188,-1.3e-05,-9.8e-05,-0.000122,-6e-06,8e-06,-7e-06,-0.330519
3,0.153387,-0.055185,0.309104,-0.241507,0.354063,-0.903526,-0.857111,-0.51437,0.027477,-0.454726,0.780617,0.428822,-1.2e-05,-9.7e-05,-0.000125,0.0,0.0,0.0,-0.117284,-0.169802,-0.041141,0.299259,-0.298457,-0.363914,0.882316,0.901357,-0.411289,0.13539,0.313968,0.836132,0.449634,0.000883,-0.010953,0.008396,-0.051163,0.064868,0.014258,-0.460083,0.043931,0.023054,-0.025133,0.306862,0.425484,0.851351,-0.875285,0.477458,0.076867,-0.373779,-0.768763,0.518933,0.000439,-0.005446,0.004237,-0.03056,0.02063,-0.01349,-0.657532,0.073754,0.011934,-0.065491,0.387294,-0.356462,-0.850257,0.773112,0.628012,0.088866,0.502294,-0.691762,0.518811,-5e-06,-4.6e-05,-6e-05,3e-06,1.4e-05,-0.0,-0.328233
4,0.153432,-0.055193,0.30906,-0.241462,0.354066,-0.903536,-0.857097,-0.514398,0.027417,-0.454778,0.780597,0.428803,-2.1e-05,-0.000175,-0.000225,0.0,0.0,0.0,-0.117185,-0.169716,-0.041445,0.29957,-0.310418,-0.352106,0.88298,0.896351,-0.417573,0.148733,0.316705,0.838056,0.444098,0.000909,-0.009578,0.010137,-0.130018,0.296218,0.383192,-0.443685,0.043974,0.022905,-0.024983,0.317648,0.414815,0.852659,-0.870263,0.484578,0.088461,-0.376485,-0.770137,0.514923,8e-06,0.000891,0.001124,-0.189745,0.615453,0.355212,-0.650511,0.073777,0.011929,-0.065513,0.387252,-0.356472,-0.850272,0.773101,0.628035,0.088804,0.502344,-0.691736,0.518796,-1e-05,-8.9e-05,-0.000113,2e-06,8e-06,4e-06,-0.327417
5,0.153432,-0.055193,0.30906,-0.241607,0.354052,-0.903503,-0.857066,-0.514442,0.027538,-0.454757,0.780575,0.428866,-0.0,-3e-06,-3e-06,0.0,0.0,0.0,-0.11727,-0.169663,-0.041641,0.299753,-0.313622,-0.349582,0.88285,0.895496,-0.417958,0.152746,0.315968,0.838917,0.442996,0.000898,-0.010201,0.009349,-0.061092,0.098506,0.0342,-0.434105,0.044,0.02281,-0.024889,0.321044,0.410388,0.853529,-0.869274,0.485389,0.093585,-0.375888,-0.771996,0.512571,0.008228,-0.00468,0.00441,-0.035157,-0.03773,0.224875,-0.640224,0.073776,0.011929,-0.065513,0.387388,-0.356437,-0.850224,0.773052,0.628078,0.088919,0.502314,-0.691714,0.518855,4e-06,1.6e-05,2.1e-05,1e-06,1.6e-05,-8e-06,-0.327417
6,0.15341,-0.055176,0.309082,-0.241448,0.354067,-0.90354,-0.8571,-0.514394,0.027405,-0.45478,0.7806,0.428796,9e-06,7.4e-05,9.5e-05,0.0,0.0,0.0,-0.117516,-0.169545,-0.042085,0.300117,-0.321242,-0.342584,0.882854,0.891555,-0.423565,0.160177,0.319452,0.838983,0.440365,0.000886,-0.010903,0.00846,1.307643,0.696286,0.961494,-0.427556,0.04406,0.022588,-0.024705,0.32732,0.406133,0.85318,-0.866117,0.489923,0.099069,-0.377758,-0.771381,0.512121,0.000403,-0.005507,0.004232,4.714394,1.287966,2.878646,-0.62765,0.073766,0.011939,-0.065501,0.387237,-0.356475,-0.850277,0.773107,0.62803,0.088793,0.502347,-0.691739,0.51879,5e-06,3.8e-05,4.7e-05,-5e-06,-1.3e-05,-2.4e-05,-0.327417
7,0.153386,-0.055183,0.30909,-0.241512,0.354061,-0.903525,-0.857098,-0.514392,0.02747,-0.454748,0.780603,0.428824,0.0,0.0,0.0,0.0,0.0,0.0,-0.117911,-0.169498,-0.042532,0.300451,-0.327677,-0.337736,0.882356,0.890115,-0.423297,0.168665,0.316923,0.841075,0.438195,0.00088,-0.011258,0.008011,-0.143356,0.381237,0.201445,-0.427537,0.044083,0.022365,-0.024538,0.334143,0.399552,0.853643,-0.863949,0.491871,0.107954,-0.376749,-0.773576,0.509548,0.000429,-0.005693,0.003922,-0.221421,0.526913,0.500217,-0.623894,0.073754,0.011935,-0.065497,0.387298,-0.35646,-0.850256,0.773098,0.628031,0.088857,0.502314,-0.691745,0.518814,2e-06,-3e-06,-9e-06,-0.0,-1e-05,-2e-06,-0.327417
8,0.153386,-0.05518,0.309077,-0.241517,0.354059,-0.903525,-0.857085,-0.514415,0.027463,-0.45477,0.780589,0.428825,-6.8e-05,-0.000562,-0.000724,0.0,0.0,0.0,-0.11819,-0.169483,-0.042718,0.300584,-0.33163,-0.333164,0.882618,0.887046,-0.428499,0.171677,0.321398,0.840258,0.4365,0.000878,-0.011393,0.007841,-0.055029,0.075276,0.020237,-0.42732,0.04409,0.022272,-0.024472,0.337965,0.392862,0.855241,-0.860457,0.497135,0.111663,-0.381303,-0.773637,0.506056,0.000433,-0.005779,0.003816,-0.025817,-0.057691,0.176192,-0.623568,0.073753,0.011938,-0.065502,0.387303,-0.356457,-0.850255,0.773082,0.628051,0.088848,0.502334,-0.691729,0.518817,-4.4e-05,-0.000378,-0.000492,2e-06,-9e-06,-0.0,-0.327417
9,0.153397,-0.055165,0.309063,-0.24146,0.354062,-0.903539,-0.857073,-0.514439,0.027395,-0.454824,0.780572,0.4288,-3.4e-05,-0.00028,-0.000361,0.0,0.0,0.0,-0.117569,-0.169462,-0.042993,0.300786,-0.340371,-0.320174,0.884097,0.88428,-0.428502,0.18539,0.319885,0.845277,0.427836,0.000887,-0.010905,0.008459,-0.131615,0.333115,0.172409,-0.427104,0.044101,0.022133,-0.024372,0.345733,0.380285,0.857817,-0.858015,0.498192,0.124955,-0.37984,-0.779222,0.498532,-6e-06,5e-06,5e-06,-0.119197,0.331265,0.422135,-0.622751,0.073759,0.011945,-0.06551,0.387249,-0.356468,-0.850275,0.773074,0.628071,0.088777,0.502387,-0.691705,0.518796,-2.1e-05,-0.000187,-0.000244,-0.0,-1.7e-05,6e-06,-0.32758
10,0.153421,-0.05515,0.309048,-0.241379,0.354067,-0.903558,-0.857065,-0.514457,0.027306,-0.454881,0.780558,0.428764,-0.0,-0.0,-0.0,0.0,0.0,0.0,-0.118621,-0.169467,-0.04311,0.300822,-0.354377,-0.295158,0.887294,0.872938,-0.444458,0.200924,0.335483,0.84611,0.414019,-1.5e-05,-0.000867,-0.001098,-0.140277,0.408319,0.471834,-0.427526,0.044099,0.022072,-0.024349,0.357838,0.355363,0.86352,-0.846035,0.514752,0.138757,-0.39519,-0.780221,0.484848,-1.5e-05,-0.000554,-0.000708,-0.216573,0.611094,0.585985,-0.622425,0.073771,0.011951,-0.065518,0.387173,-0.356485,-0.850302,0.773075,0.628083,0.088687,0.502445,-0.691685,0.518766,2e-06,2e-06,2e-06,1e-06,-0.0,6e-06,-0.32758
11,0.153411,-0.055115,0.309042,-0.241458,0.354054,-0.903543,-0.857012,-0.514542,0.02734,-0.454939,0.780508,0.428795,2.2e-05,0.000181,0.000233,0.0,0.0,0.0,-0.119435,-0.169559,-0.043229,0.300749,-0.371296,-0.264774,0.889958,0.857494,-0.465271,0.219457,0.356408,0.844934,0.398652,-6.3e-05,-0.003465,-0.00439,-0.107765,0.434641,0.466309,-0.427542,0.044052,0.022017,-0.02438,0.372765,0.324192,0.86945,-0.829569,0.536253,0.155713,-0.415765,-0.779314,0.468836,-2.9e-05,-0.001511,-0.001917,-0.082569,0.628215,0.63918,-0.620302,0.073766,0.011969,-0.065521,0.387246,-0.356461,-0.850279,0.773008,0.628163,0.088711,0.502492,-0.691625,0.518801,1.6e-05,0.000133,0.000171,-1e-06,-5e-06,5e-06,-0.327743
12,0.153411,-0.055107,0.309036,-0.241441,0.354054,-0.903547,-0.857004,-0.514558,0.027316,-0.454964,0.780497,0.428788,0.0,3e-06,4e-06,0.0,0.0,0.0,-0.119008,-0.169584,-0.04329,0.300674,-0.375687,-0.254088,0.891229,0.852922,-0.470775,0.225451,0.362733,0.845152,0.392436,-5.7e-05,-0.003141,-0.003982,-0.028752,-0.026445,0.444903,-0.428326,0.04404,0.021983,-0.024422,0.376656,0.311653,0.872354,-0.82452,0.542038,0.162356,-0.42225,-0.780427,0.461127,-2.6e-05,-0.001664,-0.00211,0.015803,-0.134187,0.394696,-0.619975,0.073766,0.011973,-0.065524,0.387231,-0.356463,-0.850285,0.773,0.628176,0.088685,0.502516,-0.691612,0.518795,1e-06,-6e-06,-8e-06,6e-06,-2e-06,1.3e-05,-0.327906
13,0.153409,-0.055062,0.308975,-0.241369,0.354049,-0.903568,-0.856933,-0.514682,0.027183,-0.455134,0.780418,0.428752,-6e-06,-5e-05,-6.5e-05,0.0,0.0,0.0,-0.119998,-0.169621,-0.043403,0.300517,-0.378155,-0.234609,0.895516,0.847959,-0.475761,0.23356,0.371708,0.847962,0.3777,-4.6e-05,-0.00248,-0.003148,0.041169,0.778024,-0.250732,-0.428445,0.044021,0.021924,-0.024504,0.377922,0.294301,0.877816,-0.819433,0.547637,0.169183,-0.430933,-0.783249,0.448125,-2.2e-05,-0.001245,-0.001582,0.023835,0.912264,-0.269308,-0.619486,0.073765,0.011995,-0.065555,0.387162,-0.356469,-0.850314,0.772929,0.628283,0.088538,0.502678,-0.691512,0.518773,-1e-06,-2.4e-05,-3.3e-05,7e-06,3e-06,1.6e-05,-0.328233
14,0.153422,-0.054993,0.308928,-0.241194,0.354053,-0.903613,-0.856872,-0.514796,0.026952,-0.455342,0.780341,0.428671,1.3e-05,0.000111,0.000142,0.0,0.0,0.0,-0.119808,-0.169693,-0.04342,0.300487,-0.375178,-0.231399,0.897601,0.848317,-0.475873,0.232027,0.373901,0.848776,0.373684,5e-06,0.000271,0.000344,-0.000494,0.001501,0.00089,-0.428567,0.043986,0.021913,-0.024523,0.374599,0.290704,0.880435,-0.819695,0.547627,0.167939,-0.43333,-0.784598,0.443429,6e-06,0.000273,0.000347,0.005255,-0.019391,-0.007161,-0.620302,0.073772,0.01203,-0.065578,0.386995,-0.356499,-0.850377,0.772881,0.628378,0.088296,0.502881,-0.69141,0.518711,8e-06,5.9e-05,7.6e-05,-2e-06,-1.1e-05,1e-06,-0.32856
15,0.153422,-0.054977,0.308915,-0.241162,0.354053,-0.903622,-0.856855,-0.514828,0.026904,-0.455392,0.78032,0.428656,0.0,1e-06,2e-06,0.0,0.0,0.0,-0.119882,-0.169703,-0.043412,0.300514,-0.372275,-0.23117,0.898868,0.849103,-0.475722,0.229447,0.375014,0.848923,0.372233,1.6e-05,0.000845,0.001073,-7e-06,2.2e-05,1.3e-05,-0.427779,0.04398,0.021917,-0.024508,0.37166,0.290952,0.881598,-0.820466,0.547285,0.165269,-0.4344,-0.784745,0.442121,1.2e-05,0.000601,0.000764,-0.001163,-0.004649,0.000205,-0.619975,0.073772,0.012038,-0.065585,0.386964,-0.356504,-0.85039,0.772864,0.628404,0.088244,0.50293,-0.691384,0.518699,1e-06,-3e-06,-3e-06,4e-06,8e-06,3e-06,-0.32856
16,0.153422,-0.05497,0.308908,-0.241146,0.354053,-0.903626,-0.856846,-0.514844,0.02688,-0.455417,0.780309,0.428648,0.0,0.0,0.0,0.0,0.0,0.0,-0.11975,-0.169701,-0.043328,0.300638,-0.372187,-0.23117,0.898904,0.849146,-0.475676,0.229384,0.375004,0.848949,0.372183,4.4e-05,0.002379,0.003016,-0.0,0.0,0.0,-0.428014,0.043982,0.021959,-0.024446,0.37158,0.291008,0.881613,-0.820537,0.547195,0.165216,-0.434335,-0.784787,0.44211,2.7e-05,0.001518,0.001926,-0.001011,-0.000267,-0.000491,-0.619322,0.073772,0.012042,-0.065588,0.386949,-0.356506,-0.850396,0.772856,0.628418,0.088219,0.502954,-0.69137,0.518694,1e-06,-2e-06,-1e-06,1e-06,-4e-06,5e-06,-0.328396
17,0.153413,-0.054947,0.308937,-0.241086,0.354058,-0.90364,-0.856858,-0.514826,0.02683,-0.455426,0.780319,0.428622,0.000112,0.000925,0.001191,0.0,0.0,0.0,-0.120853,-0.169705,-0.043314,0.300806,-0.372116,-0.228399,0.899641,0.849142,-0.475018,0.230759,0.375084,0.850063,0.36955,2.1e-05,0.001102,0.001397,-0.071406,0.21755,0.128894,-0.428023,0.043979,0.021974,-0.02436,0.371264,0.289368,0.882285,-0.820695,0.546708,0.16604,-0.434306,-0.785732,0.440456,-0.007788,0.000412,0.001317,-0.154997,0.436447,0.214964,-0.619322,0.073767,0.012051,-0.065576,0.386892,-0.35652,-0.850415,0.772876,0.6284,0.088172,0.502967,-0.691379,0.518669,7.4e-05,0.000605,0.000781,2e-06,-6e-06,5e-06,-0.328723
18,0.153428,-0.054913,0.308964,-0.240941,0.354071,-0.903674,-0.856876,-0.514803,0.026698,-0.45547,0.780329,0.428559,9e-05,0.000744,0.000958,0.0,0.0,0.0,-0.120235,-0.169724,-0.043526,0.30096,-0.373008,-0.226203,0.899827,0.846738,-0.479355,0.230625,0.379614,0.848211,0.369182,0.000879,-0.011125,0.00818,-0.024382,0.013119,-0.013537,-0.428416,0.04397,0.021869,-0.024282,0.372042,0.286106,0.883022,-0.817949,0.550769,0.166171,-0.438799,-0.784089,0.438929,-0.007809,-0.000563,8e-05,0.134273,0.046474,0.024782,-0.619486,0.073774,0.012069,-0.065562,0.386755,-0.356554,-0.850463,0.772912,0.628374,0.088043,0.503017,-0.691385,0.518612,6.6e-05,0.000557,0.000716,-7e-06,-8e-06,-6e-06,-0.32856
19,0.15344,-0.054906,0.308957,-0.2409,0.354074,-0.903683,-0.856872,-0.514812,0.026654,-0.455498,0.780321,0.428541,2e-06,1.3e-05,1.6e-05,0.0,0.0,0.0,-0.119895,-0.169731,-0.043589,0.300998,-0.372725,-0.226205,0.899944,0.846915,-0.479122,0.23046,0.379496,0.848342,0.369002,0.000883,-0.01091,0.008453,-0.048872,0.107923,-0.191156,-0.42885,0.043966,0.021836,-0.024265,0.371916,0.28614,0.883064,-0.818064,0.550611,0.166126,-0.43869,-0.784188,0.438862,-3e-06,-2.9e-05,-3.8e-05,-0.00045,-0.000714,-0.000314,-0.619812,0.073781,0.012074,-0.065563,0.386717,-0.356562,-0.850477,0.772912,0.628381,0.087999,0.503047,-0.691375,0.518597,-3e-06,-1.8e-05,-2.3e-05,-3e-06,-1e-05,5e-06,-0.328396
20,0.153427,-0.054919,0.308957,-0.240962,0.354069,-0.903669,-0.856872,-0.51481,0.026716,-0.455467,0.780325,0.428568,-6.8e-05,-0.000562,-0.000724,0.0,0.0,0.0,-0.120384,-0.169729,-0.043611,0.301038,-0.369773,-0.225993,0.901214,0.847742,-0.478898,0.22787,0.380534,0.848524,0.36751,1e-06,4.7e-05,6e-05,0.0,0.0,-0.0,-0.429069,0.043968,0.021821,-0.024242,0.36875,0.286259,0.884352,-0.818948,0.55011,0.163411,-0.439713,-0.784496,0.437284,-0.0,2.1e-05,2.5e-05,-0.001411,-0.002074,0.002609,-0.620139,0.073774,0.012069,-0.065561,0.386775,-0.356548,-0.850456,0.772904,0.628381,0.08806,0.503014,-0.691381,0.51862,-5.5e-05,-0.000453,-0.000587,-3e-06,-8e-06,2.3e-05,-0.328233
21,0.153415,-0.05491,0.308951,-0.24097,0.354066,-0.903668,-0.856858,-0.514833,0.026712,-0.455488,0.780311,0.42857,-0.0,-0.0,-0.0,0.0,0.0,0.0,-0.121574,-0.169787,-0.043591,0.301068,-0.369601,-0.225997,0.901284,0.847806,-0.478851,0.227726,0.380556,0.848549,0.367428,1e-05,0.000523,0.000662,-0.0,0.0,0.0,-0.428215,0.043939,0.02183,-0.024228,0.368602,0.286286,0.884405,-0.819016,0.550042,0.163298,-0.43971,-0.784534,0.437219,6e-06,0.000326,0.000412,-0.000286,-8.5e-05,-8.7e-05,-0.619486,0.073768,0.012071,-0.065567,0.386782,-0.356544,-0.850455,0.772888,0.628402,0.088054,0.503033,-0.691365,0.518624,0.0,1e-06,0.0,-1e-06,1.1e-05,1.7e-05,-0.328233
22,0.153416,-0.054905,0.308958,-0.240948,0.354068,-0.903673,-0.856862,-0.514827,0.026694,-0.455491,0.780314,0.428561,2e-06,1.6e-05,2e-05,0.0,0.0,0.0,-0.125796,-0.169857,-0.043559,0.3011,-0.36944,-0.226001,0.901349,0.847857,-0.47883,0.227582,0.3806,0.84856,0.367358,2.5e-05,0.001289,0.001632,-0.0,0.0,0.0,-0.428231,0.043903,0.021844,-0.024214,0.368439,0.286308,0.884465,-0.819068,0.550006,0.163156,-0.439748,-0.784551,0.43715,1.7e-05,0.000896,0.001139,0.001574,-0.014234,0.024908,-0.619485,0.073769,0.012074,-0.065563,0.386762,-0.35655,-0.850462,0.772895,0.628396,0.088037,0.503038,-0.691368,0.518615,0.0,6e-06,8e-06,-1.2e-05,-6e-06,-2e-06,-0.329213
23,0.153406,-0.054904,0.308993,-0.240942,0.354072,-0.903673,-0.856888,-0.514783,0.02671,-0.455447,0.780341,0.428559,5.5e-05,0.000457,0.000588,0.0,0.0,0.0,-0.131373,-0.170102,-0.043526,0.301167,-0.368567,-0.226018,0.901702,0.848185,-0.478593,0.226857,0.380714,0.84869,0.366941,1.6e-05,0.000782,0.000989,-0.0,0.0,0.0,-0.428668,0.043781,0.021863,-0.024178,0.367562,0.286415,0.884796,-0.819403,0.549716,0.162449,-0.439859,-0.784715,0.436744,-0.007791,0.00013,0.000961,-0.002205,0.015178,-0.029321,-0.619486,0.073763,0.012074,-0.065546,0.386756,-0.356554,-0.850463,0.772924,0.628357,0.088058,0.502997,-0.691401,0.518611,-0.007911,0.000664,0.000821,-0.000995,0.014704,-0.029551,-0.333458
24,0.153408,-0.054866,0.309007,-0.240826,0.354079,-0.903701,-0.856887,-0.51479,0.026592,-0.455509,0.780333,0.428507,1.1e-05,9.5e-05,0.000122,0.0,0.0,0.0,-0.131492,-0.170453,-0.043524,0.301205,-0.3678,-0.226042,0.902008,0.848474,-0.478384,0.226216,0.380811,0.848801,0.366583,-0.015596,-0.000576,0.000846,-0.002045,0.015205,-0.029245,-0.429393,0.043606,0.021865,-0.024158,0.366792,0.286518,0.885082,-0.819698,0.549461,0.161824,-0.439953,-0.784856,0.436396,-0.007799,-0.000324,0.000383,-0.002156,0.015192,-0.029292,-0.620139,0.073765,0.012094,-0.065538,0.386646,-0.356579,-0.850502,0.772936,0.628358,0.08794,0.503063,-0.691387,0.518565,4e-06,3.4e-05,4e-05,-9e-06,3e-06,-1e-06,-0.334601
25,0.153396,-0.054866,0.309008,-0.24085,0.354077,-0.903696,-0.856882,-0.514797,0.026612,-0.455505,0.78033,0.428517,0.0,1e-06,2e-06,0.0,0.0,0.0,-0.131689,-0.170617,-0.043536,0.301206,-0.367459,-0.226053,0.902145,0.848602,-0.478291,0.225931,0.380853,0.84885,0.366424,-2e-06,-9.4e-05,-0.000119,-0.0,0.0,0.0,-0.429916,0.04353,0.021859,-0.024158,0.366472,0.286561,0.8852,-0.81982,0.549356,0.161565,-0.439992,-0.784914,0.436252,-0.007802,-0.000413,0.000265,-0.002135,0.015194,-0.029292,-0.620629,0.073759,0.012094,-0.065538,0.386668,-0.356573,-0.850495,0.772928,0.628366,0.087959,0.503058,-0.691383,0.518575,-3e-06,-1.7e-05,-2.1e-05,-8e-06,-7e-06,2e-06,-0.334928
26,0.153384,-0.054879,0.309008,-0.240911,0.354072,-0.903681,-0.856882,-0.514795,0.026674,-0.455474,0.780334,0.428544,-1e-06,-6e-06,-8e-06,0.0,0.0,0.0,-0.132941,-0.170945,-0.043555,0.301216,-0.363993,-0.225861,0.903597,0.849564,-0.47802,0.22287,0.382033,0.849054,0.36472,-0.0,-1e-06,-1e-06,0.0,0.0,-0.0,-0.430778,0.04336,0.021848,-0.024154,0.362952,0.286727,0.886596,-0.820758,0.548847,0.158501,-0.441159,-0.785209,0.434538,-1e-06,-1e-06,5e-06,-0.000145,-0.000152,0.000184,-0.621445,0.073753,0.012087,-0.065538,0.386727,-0.356559,-0.850474,0.772921,0.628366,0.088021,0.503025,-0.69139,0.518598,-1e-06,-3e-06,-4e-06,-7e-06,3e-06,1.5e-05,-0.335418
27,0.153349,-0.054864,0.309011,-0.240946,0.354065,-0.903675,-0.856862,-0.514826,0.026694,-0.455492,0.780316,0.428557,0.0,0.0,1e-06,0.0,0.0,0.0,-0.132821,-0.171108,-0.04354,0.301252,-0.363751,-0.225873,0.903691,0.849655,-0.477954,0.222666,0.382062,0.849088,0.36461,1e-05,0.000449,0.000568,-0.0,0.0,0.0,-0.431637,0.043278,0.021856,-0.024136,0.362711,0.286763,0.886683,-0.82085,0.548766,0.158304,-0.441186,-0.785252,0.434433,6e-06,0.000278,0.000357,-5.5e-05,-2e-05,-8e-06,-0.622098,0.073735,0.012095,-0.065537,0.386759,-0.356547,-0.850464,0.772895,0.628395,0.088036,0.503039,-0.691369,0.518612,0.0,-4e-06,-4e-06,-8e-06,1e-06,1.1e-05,-0.335908
28,0.153276,-0.054871,0.309001,-0.241132,0.354045,-0.903633,-0.856824,-0.514882,0.026851,-0.455466,0.780288,0.428635,-0.015901,0.00068,0.000813,-0.000984,0.014715,-0.029553,-0.135058,-0.1712,-0.043538,0.301297,-0.363342,-0.225879,0.903854,0.849826,-0.477799,0.222345,0.38207,0.849174,0.364402,3e-06,0.000142,0.00018,-0.0,0.0,0.0,-0.431934,0.043232,0.021858,-0.024112,0.362301,0.28681,0.886835,-0.821027,0.548591,0.157996,-0.441195,-0.785358,0.434234,1e-06,4.9e-05,6.4e-05,-2.7e-05,9e-06,-4.6e-05,-0.622915,0.073705,0.012091,-0.065542,0.386912,-0.356506,-0.850412,0.77284,0.628445,0.088166,0.503006,-0.691346,0.518676,-4e-06,-3.6e-05,-4.5e-05,-1.2e-05,8e-06,0.0,-0.336234
29,0.15324,-0.054891,0.309009,-0.241257,0.354034,-0.903604,-0.856822,-0.514879,0.026978,-0.455403,0.780295,0.428689,-1e-05,-8.1e-05,-0.000104,0.0,0.0,0.0,-0.136275,-0.171223,-0.043523,0.301318,-0.363356,-0.225881,0.903848,0.849821,-0.477802,0.222356,0.382067,0.849172,0.36441,2.4e-05,0.001042,0.001317,-0.0,0.0,0.0,-0.4319,0.043221,0.021863,-0.024104,0.362314,0.286811,0.886829,-0.821022,0.548594,0.158007,-0.441192,-0.785355,0.434242,1.6e-05,0.000671,0.000849,-2.6e-05,-5e-06,-1.8e-05,-0.623078,0.07368,0.012081,-0.065538,0.387054,-0.356471,-0.850362,0.772817,0.628454,0.088311,0.502934,-0.691356,0.518733,-6e-06,-4.2e-05,-5.1e-05,-6e-06,4e-06,1.1e-05,-0.337214
30,0.153145,-0.054875,0.309029,-0.241408,0.354016,-0.903571,-0.856791,-0.514924,0.027105,-0.455382,0.780273,0.428751,5e-05,0.000409,0.000526,0.0,0.0,0.0,-0.135495,-0.171197,-0.043454,0.30142,-0.363529,-0.22588,0.903779,0.849768,-0.477827,0.222509,0.382022,0.849158,0.364489,6.1e-05,0.002631,0.003322,0.0,0.0,0.0,-0.431206,0.043234,0.021896,-0.024056,0.362488,0.286793,0.886764,-0.82097,0.548629,0.158158,-0.441146,-0.785337,0.43432,3.5e-05,0.001605,0.002027,0.001771,-0.014199,0.025021,-0.622752,0.073633,0.012088,-0.065529,0.387196,-0.356431,-0.850315,0.772766,0.6285,0.088431,0.502904,-0.691334,0.51879,2.6e-05,0.000229,0.000294,-2e-05,-1.4e-05,-1.6e-05,-0.337704
31,0.153108,-0.054869,0.309004,-0.241489,0.354003,-0.903554,-0.856749,-0.51499,0.027153,-0.455417,0.780236,0.428783,-1.4e-05,-0.000112,-0.000144,0.0,0.0,0.0,-0.135723,-0.171139,-0.043438,0.301652,-0.35813,-0.222668,0.906727,0.851108,-0.476991,0.219152,0.384128,0.850471,0.359176,0.000941,-0.007628,0.012593,-0.192537,0.487417,0.29661,-0.430789,0.043262,0.021908,-0.023943,0.356859,0.28693,0.889,-0.822418,0.547834,0.153315,-0.443034,-0.785842,0.431476,3.3e-05,0.001559,0.001964,-0.000621,-0.00117,0.001642,-0.622262,0.073615,0.012092,-0.06554,0.387272,-0.356406,-0.85029,0.772711,0.628562,0.088471,0.502929,-0.691291,0.518824,-1e-05,-8.1e-05,-0.000103,1e-06,1.5e-05,9e-06,-0.33803
32,0.153108,-0.054882,0.309003,-0.241526,0.354002,-0.903545,-0.856754,-0.514981,0.027195,-0.455389,0.780243,0.4288,-1.9e-05,-0.000155,-0.0002,0.0,0.0,0.0,-0.135415,-0.171133,-0.043454,0.301765,-0.357777,-0.222669,0.906866,0.851317,-0.476718,0.218937,0.383994,0.850624,0.358957,6.5e-05,0.002857,0.0036,-0.000508,-0.006988,0.029264,-0.430889,0.043265,0.021901,-0.023885,0.356488,0.283997,0.89009,-0.822516,0.547266,0.15481,-0.44315,-0.787302,0.428686,2.5e-05,0.001239,0.001561,0.007342,-0.014548,-0.007324,-0.622262,0.073614,0.012085,-0.065541,0.387308,-0.356399,-0.850277,0.772712,0.628555,0.088513,0.5029,-0.691301,0.518838,-1e-05,-9.3e-05,-0.000117,-3e-06,5e-06,4e-06,-0.33803
33,0.153108,-0.054861,0.308997,-0.241473,0.354003,-0.903558,-0.856741,-0.515006,0.027129,-0.455442,0.780225,0.428776,4.2e-05,0.000345,0.000444,0.0,0.0,0.0,-0.135221,-0.17103,-0.043455,0.301954,-0.359022,-0.220543,0.906893,0.848626,-0.481465,0.218997,0.388766,0.848499,0.358852,0.016513,-0.007504,0.011186,0.007987,-0.009529,0.051849,-0.429389,0.043311,0.021901,-0.023789,0.357547,0.282068,0.890278,-0.819556,0.55183,0.154307,-0.447758,-0.784805,0.428476,1.9e-05,0.000956,0.001202,0.136777,0.031867,0.05397,-0.621282,0.073615,0.012095,-0.065545,0.387257,-0.356409,-0.850296,0.772703,0.628575,0.088445,0.502953,-0.691278,0.518818,2.2e-05,0.005536,-0.004134,0.035636,-0.012476,0.018593,-0.337867
34,0.153108,-0.054842,0.30897,-0.241445,0.354001,-0.903567,-0.85671,-0.51506,0.027074,-0.455514,0.780191,0.428761,-4e-06,-3e-05,-3.9e-05,0.0,0.0,0.0,-0.135002,-0.170892,-0.043523,0.302072,-0.360762,-0.215621,0.907386,0.845616,-0.485886,0.220869,0.393691,0.847236,0.356457,1e-06,3.5e-05,4.5e-05,1.502102,0.373381,0.595225,-0.42596,0.043386,0.021867,-0.023722,0.358667,0.277523,0.891256,-0.817231,0.554757,0.156134,-0.4511,-0.784362,0.425774,-2.4e-05,-0.000168,-6.6e-05,5.020467,1.215869,1.964286,-0.618832,0.073614,0.012105,-0.065557,0.38723,-0.356411,-0.850308,0.772672,0.628622,0.088385,0.503021,-0.691234,0.51881,-1e-06,-1.6e-05,-1.8e-05,2e-06,8e-06,1e-06,-0.337867
35,0.153107,-0.054848,0.308963,-0.241466,0.353999,-0.903562,-0.856706,-0.515067,0.027092,-0.455512,0.780187,0.428771,-3e-06,-2.6e-05,-3.4e-05,0.0,0.0,0.0,-0.13508,-0.170843,-0.043559,0.302088,-0.360775,-0.215619,0.907382,0.845652,-0.4858,0.220918,0.393601,0.847286,0.356439,0.000866,-0.011027,0.008307,-0.036484,0.010123,-0.018439,-0.417476,0.04341,0.021852,-0.023718,0.35904,0.277055,0.891252,-0.816291,0.556191,0.155944,-0.452502,-0.783512,0.425852,-4e-06,-0.000148,-0.00019,0.001338,-0.004235,-0.002079,-0.615893,0.073614,0.012102,-0.065561,0.38725,-0.356405,-0.850301,0.772665,0.628628,0.088401,0.503017,-0.691231,0.518818,-1e-06,-8e-06,-8e-06,-1e-06,0.0,3e-06,-0.337867
36,0.153119,-0.054824,0.308943,-0.241393,0.354001,-0.90358,-0.856684,-0.515107,0.027,-0.45559,0.78016,0.428737,-0.0,-0.0,-0.0,0.0,0.0,0.0,-0.135795,-0.17068,-0.043558,0.302073,-0.366221,-0.206989,0.90721,0.833745,-0.505803,0.221287,0.413501,0.837665,0.356647,-0.0,-0.0,-0.0,0.452331,0.110333,0.177823,-0.355221,0.043492,0.021847,-0.023725,0.363558,0.268825,0.89194,-0.804131,0.573946,0.154783,-0.470316,-0.77351,0.424833,-1.7e-05,-0.000107,5e-06,5.023543,1.234027,1.979329,-0.583888,0.07362,0.012114,-0.065571,0.387181,-0.356419,-0.850327,0.772649,0.628661,0.088305,0.503094,-0.691194,0.518792,-7e-06,0.005307,-0.004429,0.035642,-0.012498,0.018598,-0.33803
37,0.153155,-0.054754,0.308881,-0.241175,0.354009,-0.903636,-0.85662,-0.515228,0.026722,-0.455827,0.780076,0.428638,-0.0,-0.0,-0.0,0.0,0.0,0.0,-0.135524,-0.170704,-0.043447,0.301898,-0.373204,-0.18827,0.908441,0.81477,-0.534689,0.224037,0.443997,0.824003,0.351779,-0.016513,0.007613,-0.011043,0.445491,0.255919,0.247225,-0.270498,0.043486,0.021904,-0.023803,0.36951,0.249376,0.895138,-0.782724,0.602707,0.155198,-0.500804,-0.757994,0.417899,-0.00047,0.003784,-0.006326,1.51574,0.560447,0.679629,-0.508121,0.073638,0.012149,-0.065602,0.386973,-0.356459,-0.850405,0.772601,0.628761,0.088015,0.503327,-0.691083,0.518714,-1e-06,1e-06,4e-06,8e-06,1e-06,8e-06,-0.338194
38,0.153175,-0.054639,0.308725,-0.240939,0.354002,-0.903701,-0.856449,-0.515532,0.026336,-0.456272,0.779879,0.428524,-0.000176,0.009278,-0.010586,0.034817,0.000909,-0.006907,-0.137021,-0.171649,-0.042868,0.30105,-0.39935,-0.126062,0.908085,0.754955,-0.607077,0.247859,0.520508,0.784692,0.336442,-0.049456,0.025393,-0.029988,5.177113,2.047535,3.240549,-0.174486,0.043025,0.022186,-0.024221,0.390592,0.191064,0.900517,-0.723032,0.669153,0.171634,-0.569791,-0.718141,0.399511,-0.016939,0.013103,-0.015243,1.142098,-0.441656,3.205793,-0.426966,0.073643,0.012206,-0.065673,0.386766,-0.356483,-0.850488,0.772444,0.629008,0.087625,0.503727,-0.690845,0.518643,-2.8e-05,0.005126,-0.004667,0.035642,-0.012521,0.018603,-0.33852
39,0.153208,-0.054495,0.308556,-0.240727,0.351261,-0.904827,-0.856105,-0.516048,0.027372,-0.457028,0.780779,0.426071,0.015697,0.008403,-0.01165,0.03012,-0.065785,0.028037,-0.164589,-0.172637,-0.042302,0.300509,-0.419902,-0.067845,0.905025,0.695604,-0.664463,0.273053,0.583331,0.744269,0.325041,-0.064907,0.02778,-0.025519,5.127899,2.931409,2.90799,-0.130687,0.042537,0.022462,-0.024501,0.408872,0.132416,0.902933,-0.660695,0.725475,0.192788,-0.629527,-0.67539,0.384113,-0.032871,0.019878,-0.016307,1.281843,1.199945,1.996764,-0.37357,0.073659,0.012277,-0.065758,0.386283,-0.353571,-0.851922,0.771931,0.629478,0.088762,0.504883,-0.691913,0.516089,-0.00012,0.004362,-0.005652,0.038323,-0.029729,0.006603,-0.342439
40,0.153498,-0.0541,0.307831,-0.245554,0.338757,-0.908291,-0.84574,-0.532731,0.029898,-0.473449,0.775097,0.418447,0.015135,0.003813,-0.017589,0.006053,-0.213627,-0.083644,-0.247491,-0.176009,-0.040845,0.299496,-0.45431,0.061124,0.88874,0.577357,-0.739454,0.346122,0.678882,0.670281,0.29951,-0.096448,0.042259,-0.026872,1.257239,1.507851,2.164384,-0.094944,0.040862,0.023182,-0.025011,0.434688,-0.003285,0.900574,-0.536158,0.802518,0.26172,-0.723588,-0.596617,0.347085,-0.056053,0.021083,-0.012512,4.813732,2.164196,5.199032,-0.31152,0.073804,0.012476,-0.066102,0.389794,-0.341078,-0.855409,0.75934,0.644577,0.089004,0.52102,-0.68424,0.510247,0.007566,0.0072,-0.013253,0.057375,-0.345882,-0.111567,-0.391916
41,0.153767,-0.05356,0.306649,-0.249761,0.317838,-0.914682,-0.834126,-0.550342,0.036471,-0.491493,0.771673,0.403712,0.01479,0.011737,-0.029987,-0.020323,-0.577848,-0.249758,-0.285737,-0.18044,-0.039185,0.298652,-0.451914,0.18977,0.871638,0.460282,-0.787291,0.410179,0.764612,0.58632,0.267321,-0.126915,0.044361,-0.02212,1.371948,1.556,1.701257,-0.013325,0.0387,0.024,-0.025427,0.425661,-0.13036,0.895443,-0.420977,0.847427,0.323487,-0.800993,-0.514657,0.305838,-0.055692,0.022434,-0.011349,1.330528,1.419965,1.401785,-0.240488,0.073939,0.012738,-0.066686,0.392202,-0.321682,-0.861798,0.745023,0.660595,0.092479,0.539551,-0.678331,0.498748,0.007352,0.01074,-0.019996,-0.007391,-0.74965,-0.35224,-0.434862
42,0.153925,-0.052606,0.30505,-0.254797,0.289605,-0.922633,-0.817697,-0.573811,0.045647,-0.515888,0.765704,0.384164,-0.001223,0.033078,-0.047708,0.172891,-0.55835,-0.508408,-0.256395,-0.185084,-0.038324,0.297996,-0.411192,0.330864,0.849377,0.312357,-0.824147,0.472386,0.856795,0.459131,0.234444,-0.125079,0.002588,-0.008928,1.415483,2.054307,2.223598,0.027358,0.036338,0.024473,-0.025748,0.376177,-0.271863,0.885765,-0.268349,0.883045,0.384993,-0.886836,-0.38252,0.259227,-0.054654,0.000919,-0.005391,5.93471,4.19164,3.306494,-0.18252,0.074023,0.013213,-0.067496,0.394015,-0.292409,-0.871348,0.724757,0.681868,0.098905,0.565224,-0.670486,0.480592,-0.000608,0.010916,-0.019835,0.412551,-0.866471,-0.62153,-0.442047
43,0.153939,-0.051978,0.304149,-0.25466,0.274149,-0.927381,-0.812383,-0.580837,0.051319,-0.52428,0.766116,0.371786,-0.001172,0.033523,-0.047163,0.022399,-0.765905,-0.343033,-0.228726,-0.187344,-0.03848,0.297863,-0.365187,0.413337,0.834136,0.212212,-0.835377,0.506997,0.906808,0.361642,0.216281,-0.10863,-0.023017,0.001624,1.413702,2.083892,2.332186,0.050892,0.035162,0.024397,-0.025817,0.323703,-0.355034,0.877021,-0.166789,0.891,0.422254,-0.931341,-0.282963,0.229203,-0.054372,-0.011856,0.000449,1.382387,2.16518,2.376203,-0.152475,0.07403,0.013526,-0.067949,0.392667,-0.277731,-0.876742,0.717836,0.68849,0.1034,0.574911,-0.669959,0.469713,-0.000578,0.016566,-0.023845,0.034321,-0.787578,-0.397924,-0.42882
44,0.153959,-0.050693,0.302382,-0.250013,0.243345,-0.937188,-0.808572,-0.584907,0.063772,-0.532347,0.773424,0.344165,-0.001101,0.034151,-0.046406,0.007794,-0.83882,-0.420158,-0.160923,-0.191608,-0.039338,0.29782,-0.2527,0.540333,0.802604,0.04711,-0.82158,0.568084,0.966647,0.180691,0.181126,-0.109011,-0.022125,0.002053,4.319511,4.251067,2.670186,0.108222,0.033071,0.023966,-0.025854,0.207843,-0.474444,0.855396,-0.008004,0.873639,0.486507,-0.978129,-0.107964,0.177783,-0.054568,-0.011442,0.000625,1.100284,1.469902,1.637672,-0.074748,0.07404,0.014167,-0.068834,0.385152,-0.248344,-0.888809,0.712158,0.692518,0.115104,0.586931,-0.677305,0.443585,-0.000456,0.017581,-0.022541,0.014155,-0.913271,-0.434482,-0.385711
45,0.153977,-0.04955,0.300922,-0.245656,0.215103,-0.945214,-0.80525,-0.588099,0.07539,-0.539366,0.779385,0.318859,-0.000694,0.026734,-0.033366,0.001567,-0.672154,-0.32603,-0.110886,-0.195843,-0.039795,0.298056,-0.166623,0.614465,0.771143,-0.070245,-0.787392,0.612383,0.983661,0.047103,0.173367,-0.108301,-0.011431,0.014961,4.375611,3.893157,2.128066,0.12216,0.030951,0.02372,-0.02576,0.117767,-0.546622,0.829056,0.106982,0.836991,0.536656,-0.987261,0.025494,0.157048,-0.054432,6.2e-05,0.003754,1.418523,0.575961,1.195292,-0.035885,0.074048,0.014738,-0.069573,0.377957,-0.220651,-0.899144,0.707005,0.695813,0.126438,0.597738,-0.683488,0.418989,-0.000286,0.01363,-0.016339,-0.053256,-0.892522,-0.440037,-0.345542
46,0.153969,-0.049011,0.300346,-0.246632,0.203431,-0.94754,-0.803603,-0.589385,0.082574,-0.541369,0.781558,0.310021,-0.000399,0.029177,-0.030161,0.041523,-0.383437,-0.193106,-0.079932,-0.197787,-0.039829,0.298393,-0.152184,0.639963,0.753179,-0.109316,-0.768183,0.630777,0.982416,0.012863,0.185892,-0.092083,-0.004666,0.02226,4.343045,2.728221,2.454087,0.125551,0.029973,0.023696,-0.0256,0.100037,-0.572891,0.813503,0.144304,0.817314,0.557829,-0.984463,0.061588,0.164432,-0.046365,0.003467,0.007508,0.643293,-1.552655,2.924049,-0.026088,0.074044,0.015005,-0.069865,0.377458,-0.207778,-0.902414,0.704227,0.697208,0.134031,0.601322,-0.686096,0.40949,-0.000117,0.009688,-0.010102,-0.000581,-0.379922,-0.244536,-0.324151
47,0.153955,-0.04805,0.299519,-0.245812,0.183224,-0.951867,-0.801063,-0.591288,0.092996,-0.545491,0.785136,0.293306,3e-06,0.021679,-0.017179,-0.026489,-0.64167,-0.306119,-0.031507,-0.201696,-0.039441,0.299594,-0.144259,0.671006,0.727277,-0.168474,-0.740791,0.650214,0.975212,-0.029564,0.218973,-0.090157,0.01082,0.041173,1.612951,0.020666,0.707683,0.155981,0.028017,0.023877,-0.025014,0.086742,-0.607075,0.789895,0.203966,0.78691,0.582382,-0.975127,0.110595,0.192081,-0.052698,0.006166,0.021785,4.229949,3.067653,1.813563,-0.00633,0.074037,0.015488,-0.070283,0.374968,-0.190472,-0.907258,0.700411,0.699337,0.142658,0.607307,-0.688946,0.395638,3.4e-05,0.010995,-0.008384,0.085001,-0.049096,0.019148,-0.281042
48,0.153969,-0.047538,0.299148,-0.243957,0.174689,-0.953946,-0.80001,-0.592219,0.096086,-0.547864,0.78639,0.285418,5.3e-05,0.00044,0.000579,-0.003916,-0.024864,-0.013896,-0.013476,-0.20492,-0.038935,0.301829,-0.14031,0.697222,0.702984,-0.221298,-0.714029,0.664171,0.965176,-0.063247,0.253569,-0.071828,0.015822,0.067786,1.636524,-0.248199,0.996258,0.223197,0.026397,0.024125,-0.023911,0.081721,-0.63477,0.768367,0.254568,0.758668,0.599681,-0.963595,0.146595,0.223591,-0.043376,0.002689,0.038671,4.116901,2.566691,2.568126,0.06111,0.074045,0.015755,-0.070471,0.371756,-0.180011,-0.91071,0.698578,0.700326,0.146736,0.61138,-0.690752,0.386102,5e-05,0.005764,-0.003842,0.050942,0.022244,0.034853,-0.255079
49,0.154042,-0.047555,0.299177,-0.243822,0.17472,-0.953975,-0.800083,-0.592137,0.095984,-0.547819,0.786444,0.285355,0.015885,-0.011027,0.008403,-0.034609,-0.001691,0.01125,-0.010165,-0.207311,-0.038719,0.305109,-0.129004,0.721256,0.680543,-0.268453,-0.68595,0.676268,0.954719,-0.096351,0.281231,-0.038714,0.001294,0.09098,0.206255,-0.501971,0.354381,0.310562,0.025191,0.024248,-0.022266,0.070585,-0.659943,0.747991,0.301622,0.72888,0.614619,-0.95081,0.182228,0.250502,-0.026871,-0.004166,0.051013,0.469028,-0.401268,0.530592,0.165126,0.074075,0.015752,-0.070459,0.371777,-0.180716,-0.910561,0.698704,0.700292,0.146293,0.611222,-0.690602,0.38662,5.3e-05,-0.00499,0.004864,-0.037681,0.015043,-0.016397,-0.245771
50,0.154103,-0.047672,0.299298,-0.243902,0.174743,-0.953951,-0.800301,-0.591815,0.096154,-0.547465,0.786681,0.285381,8.9e-05,0.000738,0.000972,-0.0,-0.0,-0.0,-0.009905,-0.208281,-0.038751,0.306982,-0.103515,0.737889,0.66693,-0.303297,-0.661911,0.685433,0.947328,-0.132243,0.291451,-0.038031,-0.008463,0.100255,3.658235,3.284084,2.200078,0.350018,0.024692,0.02424,-0.021286,0.046221,-0.676287,0.735186,0.333722,0.704142,0.626748,-0.941537,0.216379,0.258238,-0.018968,-0.003803,0.050419,3.603293,3.329207,2.224967,0.224074,0.074112,0.015689,-0.070395,0.371844,-0.180765,-0.910524,0.698997,0.699957,0.146498,0.610847,-0.690929,0.386629,5.4e-05,-0.004956,0.004904,-0.037726,0.01356,-0.017293,-0.244955
51,0.154109,-0.047931,0.299625,-0.244424,0.177636,-0.953283,-0.800944,-0.591105,0.095162,-0.54629,0.786564,0.287945,0.000166,-0.00946,0.010404,-0.030498,0.045338,-0.000309,-0.005657,-0.209982,-0.03891,0.310586,-0.088583,0.764869,0.638059,-0.329245,-0.62695,0.706021,0.940133,-0.148489,0.306536,-0.023933,0.008174,0.075306,-0.054551,-0.315662,0.522023,0.392056,0.023852,0.024172,-0.019494,0.028643,-0.704725,0.708901,0.357887,0.669409,0.651005,-0.933325,0.235059,0.271386,-0.019503,-0.001071,0.042687,-0.122214,-0.275754,0.50349,0.306208,0.074115,0.015564,-0.070235,0.372715,-0.183857,-0.909548,0.699859,0.699319,0.145427,0.609328,-0.690759,0.389321,9.1e-05,0.000796,0.001046,-0.005462,-0.004446,0.033053,-0.243485
52,0.154063,-0.048084,0.299783,-0.245424,0.186207,-0.951388,-0.801588,-0.590875,0.091078,-0.544895,0.784742,0.295462,-0.0,-0.01084,0.008589,-0.023337,0.09066,0.024872,0.001598,-0.211127,-0.038576,0.313216,-0.080208,0.785057,0.614201,-0.354008,-0.598344,0.718747,0.931839,-0.160761,0.325107,-0.025668,0.021934,0.048144,3.523002,3.57372,2.058686,0.431229,0.023291,0.024339,-0.018178,0.023496,-0.726268,0.687009,0.376874,0.642933,0.666784,-0.925966,0.243249,0.288818,-0.005085,0.005107,0.027547,0.180817,-0.532392,0.265253,0.364503,0.074093,0.01549,-0.070152,0.374636,-0.192243,-0.907022,0.70101,0.698993,0.141393,0.606821,-0.688803,0.396632,-8e-06,-3.4e-05,-4.2e-05,0.002725,0.072793,0.043489,-0.23728
53,0.15405,-0.048127,0.299796,-0.245953,0.189029,-0.950695,-0.801719,-0.590883,0.089869,-0.544463,0.784057,0.298062,-0.000124,-0.001032,-0.001356,0.010013,0.063313,0.0352,0.001075,-0.211479,-0.038272,0.314065,-0.072794,0.793377,0.604355,-0.368252,-0.584417,0.723036,0.926905,-0.170911,0.333916,-0.026216,0.017697,0.043002,0.173004,-0.383875,0.258939,0.445437,0.023106,0.024498,-0.017729,0.01117,-0.735388,0.677554,0.393455,0.626169,0.67313,-0.919275,0.259068,0.296337,-0.005631,0.007822,0.020006,0.290245,-0.36741,0.249445,0.387364,0.074086,0.015466,-0.07014,0.375449,-0.194935,-0.906111,0.70133,0.698905,0.140239,0.605949,-0.688136,0.399117,-7.9e-05,-0.00606,0.003452,-0.038494,0.065971,-0.018951,-0.235484
54,0.154013,-0.04812,0.299771,-0.246286,0.191862,-0.950041,-0.801803,-0.590983,0.088452,-0.544189,0.78329,0.300571,-1e-06,-1.1e-05,-1.4e-05,0.001188,0.007507,0.004174,-0.000841,-0.211358,-0.037705,0.315303,-0.04408,0.804934,0.591717,-0.400421,-0.55676,0.727746,0.915267,-0.205859,0.346081,0.018335,0.007982,0.029451,0.980812,1.044837,0.822001,0.468764,0.023149,0.024786,-0.017104,-0.015868,-0.746207,0.665524,0.423046,0.598086,0.680679,-0.905968,0.292349,0.306189,0.009095,0.003349,0.013671,3.231954,3.813198,2.337528,0.423451,0.074067,0.015466,-0.070157,0.376022,-0.197554,-0.905306,0.701626,0.698872,0.138916,0.60525,-0.687422,0.4014,2e-06,0.005428,-0.004283,0.027597,-0.030014,0.01072,-0.235811
55,0.153977,-0.048058,0.299715,-0.246248,0.19185,-0.950053,-0.801694,-0.591143,0.088365,-0.544366,0.783172,0.300557,-2e-06,-1.8e-05,-2.4e-05,0.0,1e-06,1e-06,-0.004348,-0.210168,-0.037873,0.316459,-0.020475,0.809498,0.586758,-0.415051,-0.540691,0.731656,0.909533,-0.229562,0.346286,0.03311,-0.008682,0.030513,0.022489,0.075908,0.12604,0.483973,0.023738,0.024704,-0.016531,-0.041318,-0.74986,0.660304,0.43706,0.580722,0.686833,-0.898482,0.316972,0.303739,0.024273,-0.01042,0.018441,0.190861,0.346299,0.236352,0.455293,0.074055,0.015497,-0.070186,0.375897,-0.19731,-0.90541,0.701526,0.698969,0.138929,0.605442,-0.687393,0.401159,0.0,-4e-06,-6e-06,-8.9e-05,-0.00063,-0.000323,-0.237117
56,0.153894,-0.048038,0.299707,-0.246381,0.19182,-0.950025,-0.801637,-0.591205,0.088472,-0.54439,0.783132,0.300616,-0.015828,0.000723,0.000887,-0.000984,0.014715,-0.029553,-0.007994,-0.208387,-0.038465,0.317849,-0.003427,0.809874,0.586586,-0.425994,-0.531773,0.731902,0.904662,-0.248382,0.346057,0.048842,-0.018575,0.039259,-0.105516,0.057951,-0.088975,0.485731,0.02464,0.024395,-0.015835,-0.058328,-0.749205,0.659763,0.447587,0.571114,0.688108,-0.892335,0.335438,0.302022,0.024393,-0.009345,0.019556,-0.122192,0.068863,-0.081824,0.465254,0.074014,0.015507,-0.070189,0.376021,-0.197253,-0.905372,0.701447,0.69903,0.139029,0.605458,-0.687348,0.401213,-0.0,2e-06,6e-06,8.8e-05,-1.6e-05,-3.1e-05,-0.239566
57,0.153823,-0.048046,0.299731,-0.246536,0.191795,-0.94999,-0.801633,-0.591188,0.088623,-0.544326,0.783152,0.300682,6e-06,-0.01076,0.008694,-0.035594,0.013006,-0.018314,-0.008364,-0.207409,-0.038724,0.318618,-0.000931,0.809941,0.586503,-0.428952,-0.530016,0.731448,0.903266,-0.251909,0.347152,0.048704,-0.005288,0.033326,-0.042302,-0.075473,0.087364,0.485618,0.02511,0.024263,-0.015468,-0.06072,-0.749062,0.65971,0.450595,0.569182,0.687746,-0.89066,0.339022,0.302963,0.016979,-0.007552,0.021911,-0.114755,0.047667,-0.098716,0.466723,0.073972,0.015508,-0.07018,0.376173,-0.1972,-0.90532,0.701408,0.699039,0.139177,0.605409,-0.687353,0.401278,-0.007908,0.000419,0.000523,-0.000911,0.014709,-0.029569,-0.240546
