frame,MLTx,MLTy,MLTz,MLTR1,MLTR2,MLTR3,MLTR4,MLTR5,MLTR6,MLTR7,MLTR8,MLTR9,MLTTVx,MLTTVy,MLTTVz,MLTRVx,MLTRVy,MLTRVz,MLGA,MRTx,MRTy,MRTz,MRTR1,MRTR2,MRTR3,MRTR4,MRTR5,MRTR6,MRTR7,MRTR8,MRTR9,MRTTVx,MRTTVy,MRTTVz,MRTRVx,MRTRVy,MRTRVz,MRGA,SLTx,SLTy,SLTz,SLTR1,SLTR2,SLTR3,SLTR4,SLTR5,SLTR6,SLTR7,SLTR8,SLTR9,SLTTVx,SLTTVy,SLTTVz,SLTRVx,SLTRVy,SLTRVz,SLGA,SRTx,SRTy,SRTz,SRTR1,SRTR2,SRTR3,SRTR4,SRTR5,SRTR6,SRTR7,SRTR8,SRTR9,SRTTVx,SRTTVy,SRTTVz,SRTRVx,SRTRVy,SRTRVz,SRGA
1,0.071017,-0.018043,0.378121,0.014042,0.071292,-0.997379,0.408126,-0.910974,-0.059423,-0.912842,-0.406319,-0.040647,0.000113,0.000312,0.000258,-1e-06,3.7e-05,1.7e-05,-0.634931,-0.095052,0.012387,0.343278,0.378659,0.033814,0.924914,0.164383,0.980967,-0.103038,-0.911247,0.19099,0.364713,1.4e-05,-6.1e-05,-5e-05,-0.0,0.0,0.0,-0.241723,0.043552,0.024505,-0.012541,-0.339863,-0.039886,0.939628,-0.166385,-0.98079,-0.101815,0.925639,-0.190944,0.326698,0.006669,0.001351,0.000225,0.002098,-0.015237,0.029288,-0.419618,0.073721,0.016369,-0.054814,-0.001492,0.144711,-0.989472,0.458794,-0.879089,-0.129259,-0.88854,-0.454158,-0.065081,6.2e-05,0.000174,0.000146,0.000262,-0.002574,-0.001174,-0.681757
2,0.070925,-0.017986,0.378164,0.014029,0.070409,-0.997442,0.408084,-0.911045,-0.058624,-0.912861,-0.406314,-0.040274,0.000293,0.000809,0.000669,-0.0,0.0,0.0,-0.634269,-0.094976,0.012369,0.343306,0.377466,0.036157,0.925313,0.164468,0.980713,-0.10529,-0.911725,0.191858,0.363058,0.0,-0.0,-0.0,0.0,0.0,-0.0,-0.241281,0.04359,0.024496,-0.012527,-0.338638,-0.04225,0.939967,-0.166569,-0.98052,-0.104082,0.926055,-0.191815,0.325004,-2e-06,2e-06,-1e-06,-0.000968,-0.001796,0.002284,-0.418965,0.073675,0.016397,-0.054793,-0.001428,0.143838,-0.989599,0.458765,-0.879222,-0.128456,-0.888555,-0.454178,-0.064733,0.00015,0.000417,0.000347,-0.000103,-4.5e-05,-2.6e-05,-0.681431
3,0.070815,-0.017881,0.378231,0.014035,0.072382,-0.997301,0.408063,-0.910937,-0.060424,-0.91287,-0.406212,-0.041081,0.000847,0.002342,0.001935,0.001165,-0.011839,0.026254,-0.626037,-0.094922,0.012311,0.343305,0.377458,0.03623,0.925313,0.164342,0.980732,-0.105315,-0.911751,0.19175,0.36305,0.000307,-0.001285,-0.001067,-0.0,0.0,0.0,-0.241289,0.043616,0.02447,-0.012525,-0.338641,-0.042299,0.939963,-0.166443,-0.980541,-0.10409,0.926076,-0.191699,0.325011,0.000199,-0.000839,-0.000697,-5e-06,-3.1e-05,4.5e-05,-0.418965,0.073619,0.016447,-0.054762,-0.001535,0.145818,-0.98931,0.458713,-0.878983,-0.130268,-0.888582,-0.45401,-0.06554,-0.006668,0.002245,0.001551,-0.001011,0.016784,-0.034361,-0.678165
4,0.070763,-0.017777,0.378313,0.014026,0.072018,-0.997327,0.408046,-0.910966,-0.060096,-0.912877,-0.406211,-0.040923,0.000984,0.002718,0.002244,-0.0,0.0,0.0,-0.628201,-0.094901,0.012209,0.343298,0.377495,0.03621,0.925299,0.164207,0.980761,-0.105248,-0.911761,0.191601,0.363105,0.000472,-0.001975,-0.00164,-0.002033,0.014351,-0.024906,-0.241334,0.043627,0.024419,-0.012528,-0.338685,-0.042259,0.939949,-0.166313,-0.980571,-0.104012,0.926083,-0.191554,0.325077,8.7e-05,-0.000367,-0.000306,1.7e-05,1.9e-05,-2.1e-05,-0.418965,0.073593,0.016499,-0.05472,-0.001521,0.145431,-0.989366,0.458702,-0.879041,-0.129919,-0.888588,-0.454022,-0.065374,0.000585,0.00162,0.001337,0.001115,-0.0118,0.026151,-0.677185
5,0.070751,-0.017717,0.378361,0.014023,0.071819,-0.997342,0.408037,-0.910981,-0.059916,-0.912881,-0.40621,-0.040839,-0.013028,0.00532,0.003782,-0.000984,0.014715,-0.029553,-0.629188,-0.0949,0.012156,0.343295,0.377506,0.036224,0.925294,0.16413,0.980776,-0.105235,-0.91177,0.191525,0.363122,0.000477,-0.001999,-0.00166,-0.002032,0.014349,-0.024907,-0.241373,0.043627,0.024393,-0.01253,-0.338697,-0.042272,0.939945,-0.166236,-0.980586,-0.104001,0.926093,-0.191478,0.325094,9e-05,-0.000374,-0.000312,1.1e-05,9e-06,-7e-06,-0.418965,0.073593,0.01653,-0.054695,-0.001513,0.145258,-0.989392,0.458696,-0.879067,-0.129762,-0.888591,-0.454026,-0.065299,0.000541,0.001496,0.001235,-4.4e-05,-2e-06,-7e-06,-0.677022
6,0.070748,-0.017639,0.378438,0.01401,0.071095,-0.997394,0.407979,-0.911051,-0.059263,-0.912908,-0.406182,-0.040529,0.000361,0.000996,0.000821,-0.0,0.0,0.0,-0.62834,-0.094892,0.012066,0.343299,0.377549,0.036187,0.925277,0.164002,0.980806,-0.105154,-0.911775,0.191378,0.363187,0.000108,-0.000451,-0.000375,-0.0,0.0,0.0,-0.241144,0.043632,0.024343,-0.012531,-0.338734,-0.042256,0.939932,-0.166097,-0.980615,-0.103943,0.926104,-0.19133,0.325149,4.3e-05,-0.000183,-0.000151,1e-06,-1e-06,7e-06,-0.418965,0.073587,0.016573,-0.054654,-0.001484,0.144516,-0.9895,0.458646,-0.879191,-0.129093,-0.888616,-0.454023,-0.064977,0.000191,0.000533,0.000439,-3.3e-05,-3e-06,-1.4e-05,-0.677022
7,0.070764,-0.017629,0.37846,0.014002,0.070276,-0.997452,0.407915,-0.911128,-0.058521,-0.912937,-0.406152,-0.040183,7e-06,1.8e-05,1.5e-05,-0.0,0.0,0.0,-0.629682,-0.094836,0.011989,0.343334,0.377646,0.036003,0.925245,0.163887,0.980849,-0.104935,-0.911755,0.191194,0.363332,3e-06,-1.1e-05,-9e-06,0.0,0.0,0.0,-0.241284,0.04366,0.024305,-0.012514,-0.338833,-0.042072,0.939905,-0.165973,-0.980659,-0.103729,0.926091,-0.191146,0.325296,-9e-06,3.7e-05,3e-05,-2e-06,-1.6e-05,1.3e-05,-0.418965,0.073595,0.016578,-0.054643,-0.001447,0.143704,-0.989619,0.458594,-0.879326,-0.128358,-0.888644,-0.45402,-0.06463,-2.2e-05,-5.5e-05,-4.6e-05,-2.6e-05,-1.4e-05,-1e-06,-0.677185
8,0.070757,-0.01762,0.378467,0.013999,0.069827,-0.997483,0.407893,-0.911163,-0.058113,-0.912947,-0.406148,-0.039997,-0.01376,0.003284,0.002102,-0.000984,0.014715,-0.029553,-0.63028,-0.094777,0.011949,0.343386,0.37773,0.035839,0.925217,0.163787,0.980886,-0.104739,-0.911739,0.191033,0.363459,-0.000195,0.000817,0.000679,0.014006,-0.098935,0.171946,-0.240939,0.04369,0.024284,-0.012489,-0.338918,-0.041907,0.939881,-0.165866,-0.980697,-0.103538,0.926078,-0.190985,0.325425,-0.000119,0.00049,0.000407,0.014029,-0.098947,0.171926,-0.418801,0.073596,0.016581,-0.054641,-0.001424,0.143283,-0.98968,0.458579,-0.87939,-0.127976,-0.888652,-0.454029,-0.064455,-1e-05,-2.8e-05,-2.4e-05,-2.3e-05,-1.4e-05,1.1e-05,-0.677348
9,0.07075,-0.017632,0.378443,0.014004,0.069183,-0.997528,0.407884,-0.911205,-0.057524,-0.912951,-0.406164,-0.039738,-5.3e-05,-0.000147,-0.000121,-0.0,0.0,0.0,-0.632412,-0.094663,0.011885,0.343488,0.376574,0.038198,0.925594,0.163652,0.980672,-0.106928,-0.91224,0.19167,0.361863,0.013256,0.003106,0.000784,0.002045,-0.015205,0.029245,-0.241143,0.043741,0.024253,-0.012436,-0.337724,-0.044313,0.940201,-0.165816,-0.980467,-0.105773,0.926524,-0.191623,0.323779,-5e-05,0.000201,0.000165,-0.001004,-0.001781,0.002259,-0.418638,0.073588,0.016574,-0.054653,-0.001383,0.142622,-0.989775,0.458578,-0.879478,-0.127369,-0.888652,-0.454066,-0.064188,-3.4e-05,-9e-05,-7.4e-05,-1.9e-05,-8e-06,-8e-06,-0.678165
10,0.070766,-0.017614,0.378445,0.01401,0.068673,-0.997563,0.407881,-0.911236,-0.057055,-0.912952,-0.406182,-0.039536,0.000192,0.00053,0.000437,-0.0,0.0,0.0,-0.630717,-0.094587,0.011867,0.343516,0.37662,0.038098,0.925579,0.163598,0.980694,-0.106811,-0.91223,0.191578,0.361935,-0.0,0.0,0.0,0.0,0.0,-0.0,-0.24062,0.043784,0.024246,-0.012421,-0.337789,-0.044166,0.940184,-0.165763,-0.980493,-0.105615,0.926509,-0.191524,0.323879,-0.0,-7e-06,-8e-06,-3.4e-05,-3.5e-05,3.7e-05,-0.418148,0.073595,0.016582,-0.054653,-0.001348,0.142117,-0.989848,0.458582,-0.879543,-0.126904,-0.88865,-0.454098,-0.063987,0.000126,0.000347,0.000285,-0.008052,0.081701,-0.181164,-0.678655
11,0.070774,-0.017564,0.37842,0.014043,0.068055,-0.997605,0.407966,-0.911234,-0.056473,-0.912913,-0.406289,-0.03932,1e-05,2.8e-05,2.3e-05,0.0,0.0,0.0,-0.625569,-0.094577,0.011869,0.343516,0.376673,0.037933,0.925564,0.163666,0.980698,-0.106675,-0.912196,0.191593,0.362013,-0.000196,0.000816,0.000678,0.0,0.0,0.0,-0.240313,0.04379,0.024244,-0.012423,-0.337844,-0.044001,0.940172,-0.165825,-0.980498,-0.105477,0.926478,-0.191539,0.323958,-0.000134,0.000554,0.000458,-1.7e-05,-4e-06,1.7e-05,-0.418148,0.0736,0.016609,-0.054664,-0.00128,0.141506,-0.989936,0.458673,-0.87958,-0.126324,-0.888604,-0.454218,-0.063779,-0.0,-1e-06,-1e-06,-0.008041,0.081738,-0.18116,-0.677185
12,0.070775,-0.017549,0.378406,0.014056,0.06779,-0.997623,0.407999,-0.911234,-0.056224,-0.912898,-0.406332,-0.039226,0.0,0.0,0.0,0.0,0.0,0.0,-0.623784,-0.09459,0.011882,0.343515,0.376674,0.03792,0.925565,0.163695,0.980693,-0.106673,-0.912191,0.191619,0.362012,-6.5e-05,0.000272,0.000226,0.0,0.0,0.0,-0.240136,0.043783,0.024253,-0.012422,-0.337844,-0.043988,0.940173,-0.165854,-0.980493,-0.105473,0.926473,-0.191565,0.323958,-4.9e-05,0.000203,0.000167,-1.1e-05,0.0,1e-05,-0.417985,0.0736,0.016616,-0.054671,-0.001252,0.141244,-0.989973,0.458708,-0.879597,-0.126076,-0.888585,-0.454267,-0.063689,-3e-06,-1.1e-05,-1.1e-05,-1.2e-05,-3e-06,-1.5e-05,-0.676042
13,0.070778,-0.017535,0.378404,0.014061,0.067084,-0.997671,0.407987,-0.911279,-0.055578,-0.912904,-0.406347,-0.038942,0.000473,0.001308,0.001078,0.001164,-0.011843,0.026248,-0.615509,-0.094622,0.011882,0.34352,0.37666,0.037971,0.925568,0.163674,0.980692,-0.106716,-0.9122,0.191616,0.361991,-1e-06,5e-06,4e-06,0.0,0.0,0.0,-0.238087,0.043767,0.024253,-0.01242,-0.33783,-0.044039,0.940176,-0.165835,-0.980492,-0.105516,0.926482,-0.191561,0.323936,1e-06,-1e-05,-8e-06,-5e-06,8e-06,1e-06,-0.417495,0.0736,0.01662,-0.054675,-0.001206,0.140524,-0.990076,0.458705,-0.879693,-0.125416,-0.888587,-0.454304,-0.063398,2e-06,-5e-06,-6e-06,-1.3e-05,3.5e-05,5e-06,-0.673103
14,0.070778,-0.017499,0.37842,0.014065,0.066419,-0.997715,0.407977,-0.91132,-0.054969,-0.912908,-0.406363,-0.038673,0.0003,0.000828,0.000682,0.0,0.0,0.0,-0.600204,-0.09466,0.011867,0.343513,0.376626,0.038086,0.925578,0.163627,0.980689,-0.106811,-0.912223,0.191606,0.36194,3.9e-05,-0.000161,-0.000134,0.0,0.0,0.0,-0.234842,0.043748,0.024246,-0.012423,-0.337795,-0.044154,0.940183,-0.165792,-0.980488,-0.105614,0.926502,-0.191551,0.323884,2.4e-05,-0.000104,-8.6e-05,-5e-06,-3e-06,2e-06,-0.415046,0.073601,0.01664,-0.054665,-0.001166,0.139886,-0.990166,0.458704,-0.879776,-0.124831,-0.888587,-0.45434,-0.063141,0.000161,0.00044,0.000362,-1e-05,6e-06,1.7e-05,-0.664775
15,0.070794,-0.017445,0.378438,0.014078,0.066135,-0.997734,0.408009,-0.911322,-0.054703,-0.912893,-0.406405,-0.038571,0.000635,0.001754,0.001444,0.0,0.0,0.0,-0.596044,-0.094662,0.011875,0.343506,0.376626,0.03807,0.925578,0.163658,0.980685,-0.106806,-0.912217,0.191632,0.36194,0.0,-2e-06,-2e-06,0.0,0.0,0.0,-0.234563,0.043747,0.024249,-0.012427,-0.337796,-0.044138,0.940183,-0.165822,-0.980484,-0.105608,0.926496,-0.191577,0.323884,-1e-06,2e-06,1e-06,1e-06,7e-06,-1.1e-05,-0.414393,0.073608,0.016665,-0.054658,-0.001137,0.139605,-0.990206,0.45874,-0.879796,-0.124566,-0.888569,-0.454389,-0.063042,0.000444,0.001232,0.001012,0.001156,-0.011856,0.026236,-0.660366
16,0.07084,-0.017303,0.378448,0.014134,0.065827,-0.997754,0.408178,-0.911265,-0.054392,-0.912817,-0.406583,-0.038507,0.014603,-0.000927,-0.000164,0.000984,-0.014715,0.029553,-0.593597,-0.094653,0.011884,0.343512,0.37664,0.038025,0.925574,0.163676,0.980686,-0.10677,-0.912208,0.191636,0.36196,-2e-06,7e-06,6e-06,0.0,0.0,0.0,-0.234012,0.043751,0.024254,-0.012423,-0.33781,-0.044093,0.94018,-0.165839,-0.980485,-0.10557,0.926488,-0.191581,0.323905,0.0,-2e-06,-1e-06,-2e-06,-3e-06,-1e-06,-0.413413,0.073632,0.016738,-0.054651,-0.001064,0.139303,-0.990248,0.458908,-0.879752,-0.124252,-0.888482,-0.454566,-0.062992,0.007322,-0.000405,-3.5e-05,0.00098,-0.01472,0.029562,-0.655794
17,0.0709,-0.017201,0.378467,0.01417,0.065327,-0.997786,0.408268,-0.911253,-0.053917,-0.912776,-0.40669,-0.038342,0.000677,0.001874,0.001541,0.0,0.0,0.0,-0.594213,-0.094634,0.011887,0.343525,0.376706,0.037834,0.925555,0.163731,0.980695,-0.106603,-0.912171,0.191629,0.362058,-0.0,0.0,0.0,0.0,0.0,0.0,-0.233065,0.043761,0.024256,-0.012417,-0.337877,-0.043902,0.940165,-0.165887,-0.980495,-0.105402,0.926455,-0.191574,0.324004,1e-06,-7e-06,-5e-06,-3e-06,3e-06,9e-06,-0.41276,0.073662,0.016789,-0.054642,-0.000999,0.138811,-0.990317,0.459003,-0.879769,-0.123778,-0.888433,-0.454683,-0.062835,0.000378,0.001051,0.000865,0.001153,-0.011843,0.026231,-0.654651
18,0.070929,-0.017179,0.378473,0.014178,0.065012,-0.997806,0.408275,-0.911267,-0.053625,-0.912773,-0.406709,-0.038221,0.000365,0.001009,0.00083,0.0,0.0,0.0,-0.594667,-0.094634,0.011887,0.343525,0.376706,0.037834,0.925555,0.163731,0.980695,-0.106603,-0.912171,0.191629,0.362058,-0.0,0.0,0.0,0.0,0.0,0.0,-0.233034,0.043761,0.024255,-0.012417,-0.337877,-0.043902,0.940165,-0.165887,-0.980495,-0.105402,0.926455,-0.191574,0.324004,0.0,-4e-06,-4e-06,2e-06,2e-06,-4e-06,-0.412433,0.073677,0.016802,-0.054637,-0.000974,0.138498,-0.990361,0.459014,-0.879804,-0.123489,-0.888427,-0.45471,-0.062716,0.00021,0.000583,0.000478,-0.008007,0.081823,-0.181126,-0.654488
19,0.070991,-0.017193,0.378463,0.014182,0.064713,-0.997826,0.408259,-0.91129,-0.053352,-0.91278,-0.406704,-0.038103,0.0,0.0,0.0,-0.008008,0.081808,-0.181109,-0.59523,-0.094634,0.011887,0.343525,0.376706,0.037834,0.925555,0.163731,0.980695,-0.106603,-0.912171,0.191629,0.362058,-7.3e-05,0.000307,0.000255,0.0,0.0,0.0,-0.231229,0.043761,0.024255,-0.012418,-0.337877,-0.043902,0.940165,-0.165887,-0.980495,-0.105402,0.926455,-0.191574,0.324004,-4.3e-05,0.000172,0.000142,5e-06,4e-06,-1.5e-05,-0.411617,0.073708,0.016795,-0.054642,-0.00096,0.13835,-0.990382,0.459007,-0.879827,-0.123352,-0.888431,-0.454711,-0.062659,-1.3e-05,-3.5e-05,-2.9e-05,-6e-06,2.3e-05,-5e-06,-0.654651
20,0.071003,-0.017189,0.378467,0.014182,0.064313,-0.997851,0.408239,-0.911321,-0.052987,-0.912789,-0.406699,-0.037938,2.5e-05,7e-05,5.8e-05,0.0,0.0,0.0,-0.593664,-0.094634,0.011887,0.343525,0.376706,0.037834,0.925555,0.163731,0.980695,-0.106603,-0.912171,0.191629,0.362058,-0.0,0.0,0.0,0.0,0.0,0.0,-0.227169,0.043761,0.024255,-0.012417,-0.337877,-0.043902,0.940165,-0.165887,-0.980495,-0.105402,0.926455,-0.191574,0.324004,-1e-06,-2e-06,-3e-06,-4e-06,-9e-06,8e-06,-0.408677,0.073714,0.016796,-0.05464,-0.000931,0.137807,-0.990458,0.458987,-0.879907,-0.122857,-0.888442,-0.454722,-0.062433,1.4e-05,3.5e-05,2.9e-05,-2e-06,1.1e-05,0.0,-0.654324
21,0.070996,-0.017173,0.378467,0.014186,0.06388,-0.997879,0.40824,-0.911343,-0.05259,-0.912788,-0.406717,-0.037766,1e-05,2.7e-05,2.2e-05,0.0,0.0,0.0,-0.589979,-0.094634,0.011887,0.343525,0.376753,0.037693,0.925542,0.163789,0.980698,-0.106487,-0.912141,0.191642,0.362125,-0.0,0.0,0.0,0.0,0.0,0.0,-0.223625,0.043761,0.024255,-0.012417,-0.337924,-0.043761,0.940155,-0.16594,-0.980499,-0.105284,0.926428,-0.191588,0.324073,-1e-06,-2e-06,-2e-06,2e-06,-2e-06,-6e-06,-0.405412,0.073711,0.016805,-0.054641,-0.000902,0.137378,-0.990517,0.458994,-0.879958,-0.122462,-0.888438,-0.454753,-0.062262,2e-06,2e-06,2e-06,1e-06,-9e-06,-6e-06,-0.652855
22,0.070996,-0.017173,0.378467,0.014185,0.063583,-0.997898,0.408226,-0.911365,-0.052319,-0.912795,-0.406713,-0.037642,0.0,0.0,0.0,0.0,0.0,0.0,-0.589272,-0.094642,0.011878,0.343519,0.37674,0.037737,0.925546,0.163771,0.980696,-0.106524,-0.91215,0.191638,0.362105,8e-06,-3.2e-05,-2.6e-05,0.0,0.0,0.0,-0.221865,0.043757,0.024251,-0.01242,-0.337911,-0.043805,0.940157,-0.165924,-0.980498,-0.105321,0.926436,-0.191583,0.324052,3e-06,-1.3e-05,-1.2e-05,1e-06,-4e-06,3e-06,-0.404269,0.07371,0.016804,-0.054641,-0.000886,0.137083,-0.990558,0.458983,-0.880001,-0.122194,-0.888443,-0.454759,-0.062139,-1e-06,-9e-06,-9e-06,-1e-06,5e-06,3e-06,-0.652038
23,0.071006,-0.017175,0.378465,0.014184,0.063161,-0.997925,0.408204,-0.911397,-0.051936,-0.912804,-0.406708,-0.037469,0.0,0.0,0.0,0.0,0.0,0.0,-0.587163,-0.094643,0.011886,0.343512,0.37674,0.03772,0.925546,0.163802,0.980692,-0.106519,-0.912145,0.191665,0.362105,0.0,-0.0,-0.0,0.0,0.0,0.0,-0.218723,0.043756,0.024255,-0.012424,-0.337911,-0.043788,0.940158,-0.165954,-0.980493,-0.105314,0.926431,-0.19161,0.324053,1e-06,2e-06,2e-06,1e-05,2.2e-05,-2.2e-05,-0.401329,0.073715,0.016803,-0.054642,-0.000863,0.136665,-0.990616,0.458968,-0.880061,-0.121813,-0.888451,-0.454767,-0.061966,3e-06,-4e-06,-5e-06,-1e-06,2.3e-05,2e-06,-0.650242
24,0.071016,-0.017162,0.378437,0.011246,0.063081,-0.997968,0.408236,-0.911318,-0.053056,-0.912827,-0.406897,-0.034759,-1e-06,-2e-06,-2e-06,-3e-06,0.00016,7.2e-05,-0.583745,-0.094643,0.011886,0.343512,0.37674,0.03772,0.925546,0.163802,0.980692,-0.106519,-0.912145,0.191665,0.362105,0.0,-0.0,-0.0,0.0,0.0,0.0,-0.217246,0.043756,0.024255,-0.012424,-0.337911,-0.043789,0.940158,-0.165954,-0.980493,-0.105315,0.92643,-0.19161,0.324053,1e-06,3e-06,2e-06,-5e-06,6e-06,1.2e-05,-0.399207,0.07372,0.016809,-0.054656,-0.003846,0.136415,-0.990644,0.458986,-0.879895,-0.122947,-0.888434,-0.455165,-0.059229,4e-06,5e-06,1e-06,0.000673,-0.004998,-0.00225,-0.647793
25,0.071017,-0.017154,0.37843,0.011253,0.063097,-0.997967,0.40826,-0.911306,-0.053067,-0.912817,-0.40692,-0.034773,-0.0,-0.0,-0.0,-0.0,2e-06,1e-06,-0.583429,-0.094642,0.01188,0.343507,0.376733,0.037741,0.925548,0.163794,0.980691,-0.106535,-0.912149,0.191663,0.362096,3.3e-05,-0.000137,-0.000114,0.0,0.0,0.0,-0.217024,0.043757,0.024252,-0.012426,-0.337904,-0.043809,0.940159,-0.165947,-0.980492,-0.105332,0.926434,-0.191608,0.324043,2.1e-05,-8.2e-05,-6.8e-05,-2e-06,-2e-06,2e-06,-0.39888,0.073721,0.016813,-0.05466,-0.003794,0.136434,-0.990641,0.459013,-0.879882,-0.122938,-0.88842,-0.455184,-0.059287,3e-06,4e-06,1e-06,1e-05,-0.000667,-0.0003,-0.646486
26,0.070999,-0.017143,0.378438,0.01125,0.062771,-0.997987,0.408245,-0.91133,-0.052772,-0.912823,-0.406916,-0.034637,1e-06,2e-06,1e-06,-0.0,0.0,0.0,-0.580617,-0.09464,0.011873,0.343502,0.376773,0.03762,0.925537,0.163843,0.980694,-0.106437,-0.912123,0.191674,0.362153,6e-06,-2.7e-05,-2.2e-05,0.0,0.0,0.0,-0.213997,0.043758,0.024248,-0.012429,-0.337945,-0.043689,0.94015,-0.165992,-0.980496,-0.105231,0.926411,-0.19162,0.324101,2e-06,-6e-06,-3e-06,0.0,9e-06,1e-06,-0.397574,0.073712,0.016819,-0.054655,-0.003772,0.136112,-0.990685,0.459002,-0.879929,-0.122643,-0.888426,-0.455189,-0.059157,-0.006879,0.001622,0.001032,-0.001042,0.014683,-0.029562,-0.645017
27,0.070999,-0.017143,0.378438,0.011248,0.062325,-0.998015,0.408224,-0.911363,-0.052366,-0.912833,-0.406911,-0.034452,0.0,0.0,0.0,-0.0,0.0,0.0,-0.578038,-0.09464,0.011873,0.343502,0.376773,0.03762,0.925537,0.163843,0.980694,-0.106437,-0.912123,0.191674,0.362153,0.0,-0.0,-0.0,0.0,0.0,0.0,-0.206817,0.043758,0.024248,-0.012429,-0.337945,-0.043688,0.94015,-0.165992,-0.980496,-0.105231,0.926411,-0.19162,0.324101,1e-06,3e-06,6e-06,1e-06,-5e-06,-8e-06,-0.391695,0.073712,0.016819,-0.054655,-0.003748,0.135669,-0.990746,0.458986,-0.879993,-0.12224,-0.888435,-0.455197,-0.058972,0.0,-1e-06,-2e-06,-4.6e-05,-1.9e-05,-1e-06,-0.643547
28,0.071006,-0.017123,0.378454,0.011247,0.061944,-0.998039,0.408206,-0.911391,-0.052019,-0.912841,-0.406906,-0.034294,0.000433,0.001198,0.000984,-0.0,0.0,0.0,-0.576172,-0.094639,0.011865,0.343508,0.376773,0.037637,0.925536,0.163813,0.980699,-0.106442,-0.912129,0.191648,0.362153,0.0,-0.0,-0.0,0.0,0.0,0.0,-0.206008,0.043758,0.024244,-0.012426,-0.337944,-0.043705,0.94015,-0.165962,-0.9805,-0.105237,0.926417,-0.191593,0.324101,2e-06,1e-06,7e-06,-3e-06,-3e-06,-0.0,-0.388266,0.073714,0.016826,-0.054649,-0.003727,0.135291,-0.990798,0.458972,-0.880048,-0.121896,-0.888442,-0.455203,-0.058814,0.00025,0.000697,0.000572,0.001125,-0.011848,0.026233,-0.641914
29,0.07101,-0.017118,0.378472,0.011239,0.061673,-0.998056,0.40817,-0.911421,-0.051776,-0.912857,-0.40688,-0.034174,0.000288,0.000799,0.000656,-0.0,0.0,0.0,-0.574109,-0.094639,0.011865,0.343508,0.376773,0.037637,0.925536,0.163813,0.980699,-0.106442,-0.912129,0.191648,0.362153,0.0,-0.0,-0.0,0.0,0.0,0.0,-0.205832,0.043758,0.024244,-0.012426,-0.337944,-0.043705,0.94015,-0.165962,-0.9805,-0.105237,0.926417,-0.191593,0.324101,2e-06,1e-06,7e-06,-3e-06,-3e-06,-0.0,-0.388103,0.073717,0.016831,-0.054639,-0.00372,0.135023,-0.990835,0.45894,-0.880098,-0.121656,-0.888458,-0.455187,-0.058693,0.000183,0.00051,0.000419,-0.008024,0.081841,-0.181101,-0.641098
30,0.071037,-0.017074,0.378508,0.011239,0.061402,-0.998072,0.408157,-0.911441,-0.051529,-0.912863,-0.406876,-0.034063,0.000486,0.001347,0.001106,-0.0,0.0,0.0,-0.571455,-0.094639,0.011865,0.343508,0.376773,0.037637,0.925536,0.163813,0.980699,-0.106442,-0.912129,0.191648,0.362153,0.0,-0.0,-0.0,0.0,0.0,0.0,-0.205431,0.043758,0.024244,-0.012426,-0.337944,-0.043705,0.94015,-0.165962,-0.9805,-0.105237,0.926417,-0.191593,0.324101,2e-06,1e-06,7e-06,-3e-06,-3e-06,-0.0,-0.387286,0.07373,0.016852,-0.054621,-0.003705,0.134754,-0.990871,0.45893,-0.880137,-0.121411,-0.888464,-0.455191,-0.058582,0.000306,0.000852,0.000699,-0.008014,0.081831,-0.181098,-0.638975
31,0.071058,-0.017015,0.378557,0.008279,0.061463,-0.998098,0.408128,-0.911382,-0.052791,-0.912904,-0.406999,-0.031388,0.00044,0.001219,0.001001,-1.7e-05,0.000953,0.000431,-0.569162,-0.094642,0.01188,0.343507,0.37678,0.0376,0.925535,0.163852,0.980695,-0.10642,-0.912119,0.191676,0.362163,-0.0,0.0,0.0,0.0,0.0,0.0,-0.205579,0.043757,0.024252,-0.012426,-0.337951,-0.043668,0.940149,-0.166,-0.980496,-0.105214,0.926408,-0.191622,0.324111,1e-06,-4e-06,-4e-06,-2e-06,1e-06,3e-06,-0.387123,0.073741,0.016883,-0.054596,-0.006783,0.134639,-0.990871,0.458878,-0.879984,-0.122713,-0.888472,-0.455521,-0.055815,0.000265,0.000738,0.000604,0.001576,-0.010396,-0.004694,-0.636852
32,0.071071,-0.016983,0.378596,0.008271,0.061427,-0.9981,0.408103,-0.911395,-0.052762,-0.912915,-0.406976,-0.031365,0.000779,0.002159,0.001772,-0.0,1.4e-05,6e-06,-0.567982,-0.094632,0.011882,0.343507,0.376786,0.037576,0.925533,0.163861,0.980695,-0.1064,-0.912115,0.191678,0.362174,-0.0,0.0,0.0,0.0,0.0,0.0,-0.20459,0.043762,0.024253,-0.012426,-0.337958,-0.043645,0.940148,-0.166009,-0.980497,-0.105194,0.926403,-0.191624,0.324122,-0.0,-2e-06,-3e-06,-3e-06,-6e-06,9e-06,-0.38696,0.073747,0.016897,-0.054578,-0.006687,0.134608,-0.990875,0.458865,-0.88,-0.122643,-0.88848,-0.455499,-0.055883,0.000454,0.001264,0.001037,0.0013,-0.01351,0.025504,-0.636036
33,0.071106,-0.016929,0.378668,0.008257,0.061209,-0.998113,0.408047,-0.911431,-0.052571,-0.91294,-0.406927,-0.031261,0.000508,0.001408,0.001154,-0.0,0.0,0.0,-0.56618,-0.094632,0.011882,0.343507,0.376786,0.037576,0.925533,0.163861,0.980695,-0.1064,-0.912115,0.191678,0.362174,-0.0,0.0,0.0,0.0,0.0,0.0,-0.203284,0.043762,0.024253,-0.012426,-0.337958,-0.043644,0.940148,-0.166009,-0.980497,-0.105193,0.926403,-0.191624,0.324122,-0.0,-2e-06,-2e-06,4e-06,-6e-06,-9e-06,-0.385817,0.073766,0.016926,-0.05454,-0.006672,0.134393,-0.990905,0.458812,-0.880055,-0.122448,-0.888507,-0.455457,-0.05579,0.0003,0.000837,0.000686,-0.008065,0.081782,-0.18112,-0.634403
34,0.071159,-0.016869,0.378704,0.008267,0.061048,-0.998123,0.408062,-0.911433,-0.052419,-0.912933,-0.406947,-0.031204,0.000658,0.001825,0.001496,0.00116,-0.011855,0.026242,-0.566761,-0.094622,0.011884,0.343508,0.376793,0.037553,0.925531,0.163871,0.980696,-0.10638,-0.91211,0.19168,0.362184,-0.0,0.0,0.0,0.0,0.0,0.0,-0.201885,0.043767,0.024254,-0.012426,-0.337965,-0.043621,0.940146,-0.166017,-0.980497,-0.105173,0.926399,-0.191626,0.324132,-1e-06,-2e-06,-2e-06,5e-06,-1e-05,-1.2e-05,-0.384674,0.073792,0.016954,-0.054523,-0.006652,0.134212,-0.990929,0.458827,-0.880071,-0.122277,-0.8885,-0.455479,-0.055726,9e-05,0.000249,0.000203,-5.1e-05,-5e-06,5e-06,-0.633913
35,0.07123,-0.016858,0.378717,0.008271,0.060836,-0.998136,0.408051,-0.911449,-0.052224,-0.912938,-0.406943,-0.031121,0.00017,0.000471,0.000386,-0.0,0.0,0.0,-0.567527,-0.094622,0.011884,0.343508,0.376793,0.037553,0.925531,0.163871,0.980696,-0.10638,-0.91211,0.19168,0.362184,-0.0,0.0,0.0,0.0,0.0,0.0,-0.197039,0.043767,0.024254,-0.012426,-0.337965,-0.043621,0.940146,-0.166017,-0.980497,-0.105173,0.926399,-0.191626,0.324132,-1e-06,-2e-06,-2e-06,5e-06,-1e-05,-1.2e-05,-0.381735,0.073828,0.016963,-0.054515,-0.006636,0.134024,-0.990955,0.458818,-0.8801,-0.122103,-0.888504,-0.455479,-0.055652,7.4e-05,0.000206,0.000167,-3.5e-05,-0.0,-4e-06,-0.63424
36,0.071256,-0.01685,0.378724,0.008273,0.06078,-0.998139,0.408048,-0.911453,-0.052172,-0.912939,-0.406942,-0.0311,0.00043,0.001192,0.000976,-0.0,0.0,0.0,-0.567434,-0.09462,0.011877,0.343502,0.376787,0.037573,0.925533,0.163863,0.980695,-0.106397,-0.912114,0.191678,0.362174,0.000102,-0.000427,-0.000354,0.0,0.0,0.0,-0.195636,0.043767,0.024251,-0.012428,-0.337958,-0.043641,0.940148,-0.16601,-0.980497,-0.10519,0.926403,-0.191624,0.324122,6.8e-05,-0.000284,-0.000236,3e-06,-1.4e-05,-7e-06,-0.379938,0.07384,0.016964,-0.054513,-0.006631,0.133968,-0.990963,0.458816,-0.880108,-0.122052,-0.888506,-0.455479,-0.055631,0.000236,0.000659,0.000539,0.001129,-0.011862,0.026239,-0.634403
37,0.071291,-0.016844,0.37873,0.008274,0.06045,-0.998159,0.408033,-0.911477,-0.051871,-0.912946,-0.406936,-0.030966,0.000408,0.001132,0.000927,-0.0,0.0,0.0,-0.568169,-0.094619,0.01187,0.343497,0.376826,0.037453,0.925522,0.163912,0.980697,-0.106298,-0.912089,0.191689,0.362232,7.4e-05,-0.000308,-0.000256,0.0,0.0,0.0,-0.194644,0.043768,0.024248,-0.012431,-0.337999,-0.043521,0.940139,-0.166055,-0.9805,-0.10509,0.92638,-0.191636,0.324181,5.6e-05,-0.000234,-0.000194,0.0,-3e-06,-1e-06,-0.377652,0.073857,0.016966,-0.054511,-0.00661,0.13362,-0.99101,0.458804,-0.880158,-0.121734,-0.888512,-0.455484,-0.055488,-5e-06,-1.5e-05,-1.4e-05,-2.3e-05,-2e-06,-5e-06,-0.634403
38,0.071298,-0.016832,0.378754,0.008266,0.060201,-0.998174,0.407999,-0.911505,-0.051648,-0.912962,-0.40691,-0.030855,0.000199,0.000552,0.000452,-0.0,0.0,0.0,-0.567764,-0.094609,0.011872,0.343497,0.376833,0.037429,0.92552,0.163922,0.980698,-0.106279,-0.912085,0.191691,0.362242,0.0,-0.0,-0.0,0.0,0.0,0.0,-0.194425,0.043773,0.024248,-0.012431,-0.338006,-0.043497,0.940137,-0.166064,-0.9805,-0.10507,0.926376,-0.191638,0.324191,-1e-06,5e-06,4e-06,-2e-06,-1e-05,-3e-06,-0.376999,0.073861,0.016975,-0.054498,-0.006605,0.133394,-0.99104,0.458774,-0.880202,-0.121533,-0.888528,-0.455467,-0.055384,0.000101,0.000282,0.000231,-1.6e-05,-1.2e-05,1e-06,-0.634403
39,0.071303,-0.016811,0.378757,0.008288,0.063215,-0.997988,0.408025,-0.911333,-0.054391,-0.91295,-0.406841,-0.032105,0.000131,0.000363,0.000297,-0.0,-0.0,0.0,-0.567409,-0.094609,0.011872,0.343497,0.376833,0.037429,0.92552,0.163922,0.980698,-0.106279,-0.912085,0.191691,0.362242,0.0,-0.0,-0.0,0.0,0.0,0.0,-0.194363,0.043773,0.024248,-0.012431,-0.338006,-0.043497,0.940137,-0.166064,-0.9805,-0.10507,0.926376,-0.191638,0.324192,1e-06,3e-06,4e-06,1e-06,2e-06,-1e-05,-0.376836,0.073864,0.016985,-0.054495,-0.006755,0.136403,-0.990629,0.45876,-0.879826,-0.124275,-0.888534,-0.455301,-0.056634,7.3e-05,0.000204,0.000167,0.00801,-0.080915,0.17906,-0.634239
40,0.071326,-0.016789,0.378802,0.005315,0.063352,-0.997999,0.407952,-0.911286,-0.055728,-0.913001,-0.406927,-0.029446,0.000416,0.001154,0.000945,-1.3e-05,0.00081,0.000367,-0.568127,-0.094619,0.01187,0.343497,0.376826,0.037453,0.925522,0.163912,0.980697,-0.106298,-0.912089,0.191689,0.362232,0.0,-0.0,-0.0,0.0,0.0,0.0,-0.193214,0.043768,0.024247,-0.012431,-0.337999,-0.043521,0.940139,-0.166056,-0.9805,-0.10509,0.92638,-0.191636,0.324181,2e-06,2e-06,5e-06,-5e-06,4e-06,6e-06,-0.376183,0.073875,0.016995,-0.054474,-0.00984,0.136343,-0.990612,0.458665,-0.879683,-0.125631,-0.888554,-0.455595,-0.05388,0.000262,0.000731,0.000597,0.001493,-0.009756,-0.004472,-0.634403
41,0.071346,-0.016765,0.378822,0.005316,0.063314,-0.998002,0.40795,-0.911289,-0.055693,-0.913002,-0.406926,-0.029431,0.000359,0.000998,0.000816,-0.0,0.0,0.0,-0.568182,-0.094617,0.011864,0.343491,0.376819,0.037473,0.925524,0.163904,0.980697,-0.106315,-0.912093,0.191687,0.362222,3.3e-05,-0.000137,-0.000114,0.0,0.0,0.0,-0.192997,0.043769,0.024244,-0.012434,-0.337992,-0.043541,0.94014,-0.166048,-0.980499,-0.105107,0.926384,-0.191634,0.324171,2e-05,-8.2e-05,-6.6e-05,-1e-06,8e-06,-7e-06,-0.375366,0.073885,0.017007,-0.054464,-0.009729,0.13631,-0.990618,0.458674,-0.879689,-0.125551,-0.88855,-0.455593,-0.053963,0.000228,0.000633,0.000516,-5e-05,-0.000219,-9.8e-05,-0.634403
42,0.071356,-0.016768,0.37882,0.005316,0.06319,-0.99801,0.407944,-0.911298,-0.05558,-0.913004,-0.406924,-0.029381,0.0,0.0,0.0,-0.0,0.0,0.0,-0.568554,-0.094617,0.011864,0.343491,0.376819,0.037473,0.925524,0.163904,0.980697,-0.106315,-0.912093,0.191687,0.362222,0.0,-0.0,-0.0,0.0,0.0,0.0,-0.192677,0.043769,0.024244,-0.012434,-0.337992,-0.043541,0.94014,-0.166048,-0.980499,-0.105107,0.926384,-0.191634,0.324171,1e-06,5e-06,6e-06,-5e-06,-6e-06,-5e-06,-0.375203,0.073891,0.017007,-0.054464,-0.009719,0.136187,-0.990635,0.458669,-0.879709,-0.125438,-0.888553,-0.455593,-0.053915,-4e-06,-1.8e-05,-1.6e-05,-5.7e-05,-7e-06,1.1e-05,-0.634566
43,0.071356,-0.016768,0.37882,0.005315,0.063041,-0.998019,0.407938,-0.911309,-0.055444,-0.913007,-0.406922,-0.029319,0.0,0.0,0.0,-0.0,0.0,0.0,-0.568719,-0.094617,0.011864,0.343491,0.376819,0.037473,0.925524,0.163904,0.980697,-0.106315,-0.912093,0.191687,0.362222,0.0,-0.0,-0.0,0.0,0.0,0.0,-0.19282,0.043769,0.024244,-0.012434,-0.337992,-0.043541,0.94014,-0.166048,-0.980499,-0.105107,0.926384,-0.191634,0.324171,3e-06,2e-06,6e-06,2e-06,-3e-06,-2.3e-05,-0.375203,0.073891,0.017007,-0.054464,-0.009711,0.13604,-0.990655,0.458664,-0.87973,-0.125303,-0.888556,-0.455595,-0.053853,1e-06,-1.1e-05,-1.1e-05,-5e-05,1.8e-05,1.2e-05,-0.634729
44,0.071367,-0.01677,0.378819,0.005315,0.062768,-0.998036,0.407927,-0.911329,-0.055195,-0.913012,-0.406919,-0.029207,0.0,0.0,0.0,-0.0,0.0,0.0,-0.568628,-0.094614,0.01185,0.34348,0.376806,0.037514,0.925528,0.163887,0.980696,-0.106349,-0.912102,0.191684,0.362203,0.000322,-0.001343,-0.001116,-0.002028,0.014326,-0.024921,-0.192525,0.04377,0.02424,-0.012437,-0.337985,-0.043562,0.940142,-0.16604,-0.980499,-0.105124,0.926388,-0.191632,0.324161,2e-06,1e-06,4e-06,-6e-06,-6e-06,1e-06,-0.375203,0.073896,0.017006,-0.054465,-0.009696,0.135769,-0.990692,0.458655,-0.87977,-0.125057,-0.888561,-0.455598,-0.053742,5e-06,-5e-06,-6e-06,-3.6e-05,3.1e-05,3.1e-05,-0.634729
45,0.071377,-0.016772,0.378817,0.005316,0.062644,-0.998044,0.407921,-0.911338,-0.055082,-0.913014,-0.406917,-0.029157,0.0,0.0,0.0,-0.0,0.0,0.0,-0.56868,-0.094611,0.011837,0.343469,0.376793,0.037555,0.925532,0.16387,0.980695,-0.106382,-0.91211,0.19168,0.362183,0.000274,-0.001143,-0.00095,0.0,0.0,0.0,-0.191011,0.043772,0.024233,-0.012443,-0.337964,-0.043623,0.940146,-0.166017,-0.980497,-0.105175,0.9264,-0.191626,0.324131,0.000158,-0.000658,-0.000546,-0.00203,0.014326,-0.024928,-0.374386,0.073901,0.017004,-0.054466,-0.009688,0.135647,-0.990709,0.45865,-0.879788,-0.124945,-0.888563,-0.4556,-0.053691,6e-06,-2e-06,-5e-06,-2.3e-05,1e-05,2.7e-05,-0.634566
46,0.071387,-0.016782,0.378823,0.005309,0.062504,-0.998053,0.407892,-0.911359,-0.054958,-0.913028,-0.406892,-0.029092,0.0,0.0,0.0,-0.0,0.0,0.0,-0.568472,-0.094611,0.011837,0.343469,0.376793,0.037555,0.925532,0.16387,0.980695,-0.106382,-0.91211,0.19168,0.362183,4e-06,-1.7e-05,-1.4e-05,0.0,0.0,0.0,-0.190088,0.043773,0.02423,-0.012446,-0.337965,-0.043623,0.940146,-0.166017,-0.980497,-0.105175,0.9264,-0.191626,0.324131,-2e-06,6e-06,5e-06,-4e-06,-2e-06,1e-06,-0.37357,0.073906,0.016999,-0.054463,-0.009687,0.135507,-0.990728,0.458623,-0.87982,-0.124822,-0.888577,-0.455581,-0.053624,5e-06,-2e-06,-5e-06,-2.4e-05,5e-06,1.9e-05,-0.634566
47,0.071411,-0.016781,0.378838,0.005303,0.062282,-0.998067,0.407859,-0.911386,-0.054759,-0.913042,-0.406866,-0.028994,6.7e-05,0.000187,0.000153,-0.0,0.0,0.0,-0.567081,-0.094609,0.011831,0.343464,0.376786,0.037575,0.925533,0.163862,0.980695,-0.106399,-0.912115,0.191678,0.362173,3e-06,-1.4e-05,-1.2e-05,0.0,0.0,0.0,-0.189545,0.043773,0.024227,-0.012448,-0.338005,-0.043502,0.940137,-0.166063,-0.9805,-0.105074,0.926377,-0.191638,0.32419,0.0,3e-06,3e-06,-5e-06,-6e-06,8e-06,-0.372264,0.073918,0.017,-0.054455,-0.009681,0.135287,-0.990758,0.458594,-0.879863,-0.124625,-0.888592,-0.455562,-0.053524,5.1e-05,0.000134,0.000108,-1.6e-05,-3e-06,1.3e-05,-0.634403
48,0.071413,-0.016782,0.37885,0.005295,0.06199,-0.998085,0.407824,-0.911417,-0.054497,-0.913058,-0.40684,-0.028865,7.9e-05,0.00022,0.00018,-0.0,0.0,0.0,-0.564324,-0.094607,0.011824,0.343458,0.376779,0.037596,0.925535,0.163853,0.980694,-0.106416,-0.912119,0.191676,0.362163,2e-06,-1e-05,-8e-06,0.0,0.0,0.0,-0.187991,0.043774,0.024223,-0.012451,-0.337951,-0.043664,0.940149,-0.166002,-0.980496,-0.10521,0.926407,-0.191622,0.324111,-0.0,4e-06,4e-06,-3e-06,4e-06,-4e-06,-0.371611,0.073919,0.016999,-0.054449,-0.009672,0.134997,-0.990798,0.458563,-0.879916,-0.124366,-0.888608,-0.455547,-0.053394,6.1e-05,0.000161,0.00013,-1.2e-05,-8e-06,6e-06,-0.633587
49,0.071417,-0.016777,0.378868,0.005287,0.061868,-0.998093,0.407796,-0.911436,-0.054389,-0.913071,-0.406816,-0.028807,0.000298,0.000829,0.000678,-0.0,0.0,0.0,-0.559879,-0.094607,0.011824,0.343458,0.376826,0.037455,0.925522,0.163912,0.980697,-0.1063,-0.912089,0.191689,0.362231,0.0,-0.0,-0.0,0.0,0.0,0.0,-0.183227,0.043774,0.024224,-0.012451,-0.337998,-0.043523,0.940139,-0.166055,-0.9805,-0.105091,0.926381,-0.191635,0.32418,0.0,4e-06,7e-06,-7e-06,-1.8e-05,1.8e-05,-0.368345,0.07392,0.017001,-0.054441,-0.009673,0.134876,-0.990814,0.458537,-0.879944,-0.12426,-0.888622,-0.455527,-0.053334,0.000196,0.000545,0.000444,-9e-06,-1.4e-05,1e-05,-0.631301
50,0.071419,-0.01677,0.378874,0.005287,0.061741,-0.998101,0.40779,-0.911445,-0.054273,-0.913073,-0.406814,-0.028754,0.000114,0.000316,0.000259,-0.0,0.0,0.0,-0.556647,-0.094607,0.011824,0.343458,0.376779,0.037596,0.925535,0.163853,0.980694,-0.106416,-0.912119,0.191676,0.362163,0.0,-0.0,-0.0,0.0,0.0,0.0,-0.18205,0.043774,0.024224,-0.012451,-0.337951,-0.043664,0.940149,-0.166001,-0.980496,-0.105209,0.926407,-0.191622,0.324111,1e-06,2e-06,5e-06,3e-06,-2e-06,-1.4e-05,-0.366712,0.073922,0.017005,-0.054438,-0.009666,0.13475,-0.990831,0.458533,-0.879962,-0.124145,-0.888624,-0.45553,-0.053281,6.8e-05,0.000191,0.000155,-8e-06,-5e-06,5e-06,-0.629668
51,0.071433,-0.016738,0.378913,0.005278,0.061407,-0.998121,0.407753,-0.91148,-0.053973,-0.91309,-0.406787,-0.028608,0.000551,0.001531,0.001252,0.0,0.0,0.0,-0.545881,-0.094607,0.011824,0.343458,0.376779,0.037596,0.925535,0.163853,0.980694,-0.106416,-0.912119,0.191676,0.362163,0.0,-0.0,-0.0,0.0,0.0,0.0,-0.17852,0.043774,0.024224,-0.012451,-0.337951,-0.043664,0.940149,-0.166001,-0.980496,-0.10521,0.926407,-0.191622,0.324111,0.0,2e-06,4e-06,-3e-06,2e-06,0.0,-0.363936,0.073928,0.01702,-0.054419,-0.009656,0.134419,-0.990877,0.458501,-0.880021,-0.123848,-0.88864,-0.455515,-0.053134,0.000299,0.000834,0.000683,-6e-06,-0.0,-0.0,-0.624279
52,0.071461,-0.01668,0.378934,0.002333,0.061332,-0.998137,0.407765,-0.911407,-0.055103,-0.913093,-0.406962,-0.025893,0.000345,0.00096,0.000785,-0.000298,0.02091,0.009457,-0.530166,-0.094616,0.011815,0.343452,0.376765,0.03764,0.925539,0.163835,0.980694,-0.106452,-0.912128,0.191672,0.362143,8e-06,-3.2e-05,-2.6e-05,0.0,0.0,0.0,-0.172601,0.04377,0.024219,-0.012454,-0.337937,-0.043708,0.940152,-0.165985,-0.980495,-0.105247,0.926415,-0.191618,0.324091,4e-06,-1.6e-05,-1.2e-05,-2e-06,8e-06,-0.0,-0.359527,0.073943,0.01705,-0.054408,-0.012934,0.134158,-0.990875,0.45845,-0.879869,-0.125112,-0.888625,-0.455885,-0.050124,0.000249,0.000697,0.000569,0.004341,-0.002509,-0.001156,-0.614808
53,0.071489,-0.016665,0.378947,0.002335,0.061447,-0.99813,0.407769,-0.911399,-0.055206,-0.913091,-0.406962,-0.025942,0.000501,0.001393,0.001138,-4e-06,0.000306,0.000138,-0.527531,-0.094614,0.011808,0.343447,0.376759,0.03766,0.925541,0.163827,0.980693,-0.106469,-0.912132,0.19167,0.362133,1.7e-05,-7.2e-05,-6e-05,0.0,0.0,0.0,-0.170414,0.043771,0.024216,-0.012457,-0.33793,-0.043728,0.940154,-0.165977,-0.980494,-0.105264,0.926419,-0.191616,0.324081,7e-06,-3.3e-05,-2.8e-05,-4e-06,-1e-06,5e-06,-0.356914,0.073956,0.017057,-0.054402,-0.012669,0.134285,-0.990861,0.458499,-0.879844,-0.125102,-0.888604,-0.455894,-0.050423,0.00028,0.00078,0.000637,0.002082,-0.018454,0.023247,-0.610073
54,0.071558,-0.016652,0.378947,0.002348,0.061527,-0.998125,0.407794,-0.911384,-0.055274,-0.91308,-0.406985,-0.025988,8.7e-05,0.000241,0.000197,-0.0,0.0,0.0,-0.521071,-0.094639,0.011782,0.343429,0.376765,0.037652,0.925539,0.163831,0.980693,-0.106463,-0.912129,0.191672,0.36214,2.9e-05,-0.000121,-0.000101,0.0,0.0,0.0,-0.166298,0.043758,0.024202,-0.012466,-0.337936,-0.04372,0.940152,-0.165981,-0.980494,-0.105257,0.926417,-0.191618,0.324088,1.3e-05,-5.6e-05,-4.6e-05,-4e-06,-8e-06,1e-06,-0.353159,0.073992,0.017065,-0.0544,-0.01259,0.134369,-0.990851,0.458528,-0.879824,-0.125139,-0.88859,-0.455909,-0.050535,5.2e-05,0.000143,0.000116,-5.7e-05,-0.000137,-6.8e-05,-0.604847
55,0.071667,-0.016633,0.378901,0.002393,0.061729,-0.998113,0.407915,-0.91132,-0.055436,-0.913026,-0.407098,-0.026119,0.013735,-0.00323,-0.002065,0.000984,-0.014715,0.029553,-0.515387,-0.094655,0.011758,0.343412,0.376731,0.03776,0.925548,0.163786,0.980691,-0.106552,-0.912151,0.191662,0.36209,0.000328,-0.001369,-0.001138,-0.002027,0.014326,-0.024921,-0.159638,0.04375,0.024194,-0.012472,-0.337909,-0.043808,0.940158,-0.165948,-0.980492,-0.105332,0.926433,-0.19161,0.324047,1e-06,-4e-06,-3e-06,-2e-06,8e-06,-0.0,-0.34728,0.074041,0.017076,-0.054423,-0.012554,0.134547,-0.990827,0.458641,-0.879746,-0.125274,-0.888532,-0.456007,-0.050664,-7e-06,-2.2e-05,-1.9e-05,-5.1e-05,9e-06,-6e-06,-0.599459
56,0.071731,-0.016625,0.37887,0.00242,0.061926,-0.9981,0.407991,-0.911276,-0.055603,-0.912992,-0.407167,-0.026229,0.0,0.0,0.0,-0.0,0.0,0.0,-0.515372,-0.094686,0.01176,0.343404,0.376711,0.037815,0.925554,0.163788,0.980685,-0.106606,-0.912159,0.191683,0.362059,5e-06,-2e-05,-1.7e-05,0.0,0.0,0.0,-0.159008,0.043735,0.024191,-0.012478,-0.337881,-0.043883,0.940164,-0.165944,-0.980485,-0.105403,0.926443,-0.191628,0.324006,-3e-06,9e-06,8e-06,-4e-06,-4e-06,5e-06,-0.344994,0.074078,0.017078,-0.054439,-0.012539,0.134769,-0.990797,0.458712,-0.879683,-0.12546,-0.888496,-0.456064,-0.05079,-3e-06,-1.3e-05,-1.3e-05,-3.9e-05,-1.3e-05,1.4e-05,-0.598479
57,0.0719,-0.016635,0.378829,0.002457,0.062094,-0.99809,0.408063,-0.911235,-0.055739,-0.91296,-0.407232,-0.026336,0.013844,-0.00292,-0.001814,0.000984,-0.014715,0.029553,-0.516243,-0.094785,0.011733,0.343395,0.376636,0.038072,0.925574,0.163683,0.980679,-0.106821,-0.912208,0.191661,0.361945,-0.01334,-0.002779,-0.000513,-0.002045,0.015205,-0.029245,-0.15796,0.043691,0.024179,-0.012483,-0.337812,-0.044117,0.940179,-0.165856,-0.980479,-0.105601,0.926484,-0.191608,0.323901,-2e-06,1.1e-05,1.1e-05,-2e-06,3e-06,2e-06,-0.343198,0.074157,0.017074,-0.05446,-0.012511,0.134913,-0.990778,0.458779,-0.879632,-0.125571,-0.888461,-0.45612,-0.05089,8.5e-05,0.000231,0.000186,-3.1e-05,4e-06,2.1e-05,-0.597662
58,0.072007,-0.01661,0.378839,0.002473,0.062165,-0.998085,0.408087,-0.911221,-0.055797,-0.912949,-0.407254,-0.02638,0.000527,0.001473,0.001202,-0.0,0.0,0.0,-0.518431,-0.094916,0.011714,0.343384,0.376594,0.038223,0.925585,0.163646,0.98067,-0.106957,-0.912232,0.191675,0.361878,0.0,-0.0,-0.0,0.0,0.0,0.0,-0.157796,0.04362,0.024169,-0.012488,-0.337763,-0.044291,0.940188,-0.165817,-0.980469,-0.105758,0.926509,-0.19162,0.323822,1e-06,4e-06,8e-06,3e-06,2e-06,-2e-05,-0.342545,0.074215,0.017083,-0.054456,-0.0125,0.135008,-0.990765,0.458801,-0.879609,-0.12565,-0.88845,-0.456135,-0.050947,0.000341,0.000951,0.000775,-2e-05,-3e-06,1.1e-05,-0.598153
59,0.072065,-0.016537,0.378886,0.002481,0.061897,-0.998102,0.408099,-0.911231,-0.055548,-0.912944,-0.407272,-0.026279,0.000879,0.002459,0.002005,0.001156,-0.011861,0.02624,-0.518842,-0.095038,0.011695,0.343385,0.376613,0.038206,0.925578,0.163655,0.98067,-0.106946,-0.912223,0.19168,0.361898,-0.000141,0.00059,0.000491,0.0,0.0,0.0,-0.158371,0.043559,0.024158,-0.012489,-0.337781,-0.044274,0.940182,-0.165825,-0.980468,-0.105747,0.926501,-0.191625,0.323842,-0.00678,-0.000917,0.000142,-0.002051,0.015191,-0.029227,-0.342218,0.074243,0.017118,-0.054434,-0.012475,0.134722,-0.990804,0.458815,-0.87964,-0.125383,-0.888443,-0.456161,-0.05084,0.000294,0.000819,0.000667,-1.6e-05,1.2e-05,-1.1e-05,-0.598969
