frame,MLTx,MLTy,MLTz,MLTR1,MLTR2,MLTR3,MLTR4,MLTR5,MLTR6,MLTR7,MLTR8,MLTR9,MLTTVx,MLTTVy,MLTTVz,MLTRVx,MLTRVy,MLTRVz,MLGA,MRTx,MRTy,MRTz,MRTR1,MRTR2,MRTR3,MRTR4,MRTR5,MRTR6,MRTR7,MRTR8,MRTR9,MRTTVx,MRTTVy,MRTTVz,MRTRVx,MRTRVy,MRTRVz,MRGA,SLTx,SLTy,SLTz,SLTR1,SLTR2,SLTR3,SLTR4,SLTR5,SLTR6,SLTR7,SLTR8,SLTR9,SLTTVx,SLTTVy,SLTTVz,SLTRVx,SLTRVy,SLTRVz,SLGA,SRTx,SRTy,SRTz,SRTR1,SRTR2,SRTR3,SRTR4,SRTR5,SRTR6,SRTR7,SRTR8,SRTR9,SRTTVx,SRTTVy,SRTTVz,SRTRVx,SRTRVy,SRTRVz,SRGA
1,0.071973,-0.015192,0.375951,-0.325204,0.254738,-0.910712,-0.0501,-0.966296,-0.252454,-0.943927,-0.036797,0.328138,-0.001335,-0.011201,0.008521,-0.034671,0.017672,-0.016042,-0.142018,-0.093983,0.010765,0.345204,0.468015,0.072453,0.880741,-0.060695,0.996889,-0.049625,-0.882159,-0.03034,0.469827,9e-06,-3.9e-05,-3.3e-05,0.0,0.0,0.0,-0.06198,0.043596,0.023655,-0.011936,-0.421756,-0.079919,0.90318,0.068289,-0.996078,-0.05625,0.904133,0.037953,0.425559,-3e-06,1.8e-05,1.6e-05,2.1e-05,-1e-06,8e-06,-0.24702,0.074078,0.017531,-0.055918,-0.339484,0.3176,-0.88537,-0.031196,-0.944554,-0.326869,-0.940094,-0.083347,0.330568,0.0066,-0.002358,-0.00165,0.000983,-0.014704,0.029552,-0.307169
2,0.072022,-0.015234,0.375972,-0.325199,0.254799,-0.910697,-0.050215,-0.966284,-0.252478,-0.943923,-0.036699,0.328162,0.000399,0.001112,0.000915,0.0,0.0,0.0,-0.148277,-0.093946,0.010786,0.345216,0.468082,0.07233,0.880715,-0.060628,0.996898,-0.049519,-0.882128,-0.030325,0.469886,-2.1e-05,8.6e-05,7.2e-05,0.0,0.0,0.0,-0.061703,0.043614,0.023667,-0.011928,-0.421825,-0.079796,0.903158,0.068227,-0.996088,-0.056141,0.904106,0.037938,0.425619,-1.3e-05,5.9e-05,4.8e-05,1.4e-05,8e-06,7e-06,-0.246857,0.0741,0.017502,-0.055908,-0.339493,0.317647,-0.88535,-0.031332,-0.944548,-0.326872,-0.940086,-0.083231,0.33062,0.000247,0.000686,0.000561,0.0011,-0.012088,0.026134,-0.311577
3,0.072012,-0.01524,0.375993,-0.325227,0.254772,-0.910694,-0.050255,-0.966293,-0.252437,-0.943911,-0.036656,0.328201,0.000405,0.001129,0.00093,0.0,0.0,0.0,-0.148385,-0.093955,0.010778,0.34521,0.46806,0.07237,0.880724,-0.060649,0.996895,-0.049553,-0.882138,-0.03033,0.469867,0.000273,-0.001132,-0.000936,0.0,0.0,0.0,-0.061204,0.04361,0.023666,-0.011929,-0.421802,-0.079836,0.903165,0.068247,-0.996085,-0.056177,0.904115,0.037943,0.425599,0.00016,-0.000667,-0.000551,-0.001988,0.014195,-0.02499,-0.246693,0.074096,0.0175,-0.055896,-0.33952,0.31762,-0.885349,-0.031372,-0.944561,-0.326831,-0.940075,-0.083191,0.330662,0.000236,0.00066,0.000542,-2e-06,-1.7e-05,-2.4e-05,-0.312557
4,0.071925,-0.015273,0.376056,-0.325411,0.254512,-0.910701,-0.050347,-0.966366,-0.252137,-0.943842,-0.036521,0.328413,0.0,0.0,0.0,0.0,0.0,0.0,-0.149069,-0.094033,0.010757,0.345178,0.467945,0.072565,0.880769,-0.06071,0.996882,-0.049746,-0.882195,-0.030302,0.469762,0.000168,-0.000699,-0.000579,0.0,0.0,0.0,-0.060392,0.043571,0.023653,-0.011947,-0.421683,-0.08003,0.903204,0.068297,-0.99607,-0.056372,0.904167,0.037915,0.425492,0.000108,-0.000448,-0.000369,7e-06,-3e-06,4e-06,-0.245877,0.074054,0.017486,-0.055863,-0.339698,0.317358,-0.885374,-0.03146,-0.94466,-0.326538,-0.940008,-0.083071,0.330884,-3e-06,-1e-06,0.0,1e-06,-6e-06,-3e-06,-0.3137
5,0.071867,-0.015313,0.376101,-0.325491,0.254444,-0.910691,-0.050472,-0.966389,-0.252025,-0.943808,-0.036392,0.328526,-3e-06,-7e-06,-6e-06,0.0,0.0,0.0,-0.148735,-0.094158,0.010711,0.345145,0.467831,0.072776,0.880811,-0.060801,0.996867,-0.049941,-0.882249,-0.030299,0.469661,1.8e-05,-7.5e-05,-6.2e-05,0.0,0.0,0.0,-0.060558,0.043509,0.023628,-0.011965,-0.421565,-0.080239,0.903241,0.068377,-0.996054,-0.056571,0.904216,0.037913,0.425388,1e-06,-3e-06,-1e-06,1e-06,8e-06,8e-06,-0.24555,0.074024,0.017466,-0.05584,-0.339777,0.317287,-0.88537,-0.031582,-0.944694,-0.326427,-0.939975,-0.08295,0.331006,-3e-06,2e-06,3e-06,4e-06,-5e-06,2e-06,-0.313864
6,0.071847,-0.015301,0.376097,-0.325567,0.25428,-0.91071,-0.050399,-0.966431,-0.251878,-0.943785,-0.036428,0.328586,-0.0,-0.0,-0.0,0.0,0.0,0.0,-0.148362,-0.094178,0.010707,0.345144,0.467954,0.072566,0.880764,-0.060685,0.996883,-0.04976,-0.882192,-0.030272,0.469769,0.0,-1e-06,-1e-06,0.0,0.0,0.0,-0.060552,0.043499,0.023627,-0.011965,-0.421692,-0.08003,0.9032,0.06827,-0.996071,-0.056384,0.904165,0.037885,0.425499,-6e-06,2.2e-05,1.8e-05,1.6e-05,1e-05,-3.1e-05,-0.24555,0.074015,0.017472,-0.055842,-0.339849,0.317123,-0.885401,-0.031507,-0.944746,-0.326284,-0.939951,-0.082991,0.331063,-0.0,3e-06,6e-06,2e-06,4e-06,1.3e-05,-0.313863
7,0.071861,-0.015289,0.376094,-0.325533,0.254333,-0.910708,-0.050391,-0.966416,-0.251936,-0.943798,-0.036446,0.328549,0.000245,0.000684,0.000563,0.0,0.0,0.0,-0.148087,-0.094183,0.010727,0.345161,0.468058,0.072384,0.880723,-0.060585,0.996896,-0.049604,-0.882144,-0.03025,0.469861,-0.000253,0.001052,0.00087,0.0,0.0,0.0,-0.06067,0.043497,0.023635,-0.011958,-0.4218,-0.079849,0.903165,0.068178,-0.996087,-0.056223,0.904121,0.037861,0.425593,-0.00017,0.000705,0.000583,8e-06,1.1e-05,-1.3e-05,-0.245387,0.074021,0.017477,-0.055845,-0.339816,0.317176,-0.885394,-0.0315,-0.944726,-0.326341,-0.939963,-0.083006,0.331025,0.000163,0.000461,0.000381,-4e-06,1e-06,-5e-06,-0.313864
8,0.071861,-0.015289,0.376094,-0.325533,0.254333,-0.910708,-0.050391,-0.966416,-0.251936,-0.943798,-0.036446,0.328549,0.000245,0.000684,0.000563,0.0,0.0,0.0,-0.148087,-0.094183,0.010727,0.345161,0.468058,0.072384,0.880723,-0.060585,0.996896,-0.049604,-0.882144,-0.03025,0.469861,-0.000253,0.001052,0.00087,0.0,0.0,0.0,-0.06067,0.043497,0.023635,-0.011958,-0.4218,-0.079849,0.903165,0.068178,-0.996087,-0.056223,0.904121,0.037861,0.425593,-0.00017,0.000705,0.000583,8e-06,1.1e-05,-1.3e-05,-0.245387,0.074021,0.017477,-0.055845,-0.339816,0.317176,-0.885394,-0.0315,-0.944726,-0.326341,-0.939963,-0.083006,0.331025,0.000163,0.000461,0.000381,-4e-06,1e-06,-5e-06,-0.313864
9,0.071867,-0.015313,0.376101,-0.325557,0.254311,-0.910705,-0.050433,-0.966424,-0.2519,-0.943787,-0.036402,0.328585,-0.0,-0.0,-0.0,0.0,0.0,0.0,-0.149586,-0.094066,0.010847,0.345267,0.468305,0.071947,0.880628,-0.060392,0.996928,-0.049202,-0.882026,-0.03025,0.470083,-0.013364,-0.002685,-0.00043,-0.002045,0.015205,-0.029245,-0.060089,0.043556,0.023695,-0.011905,-0.422045,-0.079433,0.903087,0.068016,-0.99612,-0.055829,0.904019,0.037862,0.425811,-0.000122,0.000504,0.000415,9e-06,1.1e-05,-1.3e-05,-0.245387,0.074016,0.017476,-0.055839,-0.33984,0.317142,-0.885397,-0.031513,-0.94474,-0.326302,-0.939955,-0.082989,0.331055,-2e-06,-3e-06,-2e-06,-3e-06,5e-06,4e-06,-0.31419
10,0.07189,-0.015311,0.376103,-0.325524,0.254374,-0.910699,-0.050452,-0.966407,-0.251959,-0.943797,-0.036396,0.328556,0.000128,0.000357,0.000294,0.0,0.0,0.0,-0.148671,-0.094062,0.010833,0.345256,0.468357,0.071857,0.880608,-0.060343,0.996935,-0.049125,-0.882002,-0.030239,0.470129,0.000278,-0.001156,-0.000956,0.0,0.0,0.0,-0.060038,0.043556,0.023695,-0.011905,-0.422045,-0.079433,0.903087,0.068016,-0.99612,-0.055829,0.904019,0.037862,0.425811,-0.000122,0.000504,0.000415,9e-06,1.1e-05,-1.3e-05,-0.245224,0.074016,0.017476,-0.055839,-0.33984,0.317142,-0.885397,-0.031513,-0.94474,-0.326302,-0.939955,-0.082989,0.331055,-2e-06,-3e-06,-2e-06,-3e-06,5e-06,4e-06,-0.31419
11,0.07188,-0.015309,0.376105,-0.325536,0.254352,-0.910701,-0.050445,-0.966413,-0.251938,-0.943794,-0.036398,0.328566,0.0,0.0,0.0,0.0,0.0,0.0,-0.14955,-0.094072,0.010831,0.345255,0.468346,0.071878,0.880612,-0.060355,0.996933,-0.049143,-0.882007,-0.030241,0.470119,-0.000115,0.00048,0.000397,0.0,0.0,0.0,-0.059907,0.043556,0.023695,-0.011905,-0.422045,-0.079433,0.903087,0.068016,-0.99612,-0.055829,0.904019,0.037862,0.425811,-0.000122,0.000504,0.000415,9e-06,1.1e-05,-1.3e-05,-0.245387,0.074016,0.017476,-0.055839,-0.33984,0.317142,-0.885397,-0.031513,-0.94474,-0.326302,-0.939955,-0.082989,0.331055,-2e-06,-3e-06,-2e-06,-3e-06,5e-06,4e-06,-0.31419
12,0.071861,-0.015297,0.376113,-0.325549,0.254328,-0.910703,-0.050438,-0.966419,-0.251916,-0.943789,-0.036401,0.328578,-0.013718,0.003273,0.002104,-0.000984,0.014715,-0.029553,-0.149434,-0.094064,0.01084,0.345261,0.468367,0.071839,0.880603,-0.060333,0.996936,-0.049109,-0.881997,-0.030236,0.470138,-4.7e-05,0.000197,0.000163,0.0,0.0,0.0,-0.059744,0.043556,0.023695,-0.011905,-0.422045,-0.079433,0.903087,0.068016,-0.99612,-0.055829,0.904019,0.037862,0.425811,-0.000122,0.000504,0.000415,9e-06,1.1e-05,-1.3e-05,-0.245387,0.074016,0.017476,-0.055839,-0.33984,0.317142,-0.885397,-0.031513,-0.94474,-0.326302,-0.939955,-0.082989,0.331055,-2e-06,-3e-06,-2e-06,-3e-06,5e-06,4e-06,-0.31419
13,0.071834,-0.015276,0.376116,-0.325561,0.254294,-0.910708,-0.050403,-0.966427,-0.251892,-0.943787,-0.036427,0.328582,1e-06,2e-06,2e-06,0.0,0.0,0.0,-0.150182,-0.094057,0.010855,0.345273,0.468327,0.071907,0.880619,-0.060371,0.996931,-0.049168,-0.882016,-0.030245,0.470102,-1.7e-05,7.2e-05,6e-05,0.0,0.0,0.0,-0.05969,0.043556,0.023695,-0.011905,-0.422045,-0.079433,0.903087,0.068016,-0.99612,-0.055829,0.904019,0.037862,0.425811,-0.000122,0.000504,0.000415,9e-06,1.1e-05,-1.3e-05,-0.245224,0.074016,0.017476,-0.055839,-0.33984,0.317142,-0.885397,-0.031513,-0.94474,-0.326302,-0.939955,-0.082989,0.331055,-2e-06,-3e-06,-2e-06,-3e-06,5e-06,4e-06,-0.31419
14,0.071855,-0.015273,0.376106,-0.325525,0.254349,-0.910706,-0.050395,-0.966412,-0.251952,-0.9438,-0.036445,0.328542,0.0,0.0,0.0,0.0,0.0,0.0,-0.149327,-0.094056,0.010849,0.345267,0.46839,0.071798,0.880595,-0.060311,0.996939,-0.049074,-0.881987,-0.030232,0.470157,0.0,-1e-06,-0.0,0.0,0.0,0.0,-0.060061,0.043556,0.023695,-0.011905,-0.422045,-0.079433,0.903087,0.068016,-0.99612,-0.055829,0.904019,0.037862,0.425811,-0.000122,0.000504,0.000415,9e-06,1.1e-05,-1.3e-05,-0.245387,0.074016,0.017476,-0.055839,-0.33984,0.317142,-0.885397,-0.031513,-0.94474,-0.326302,-0.939955,-0.082989,0.331055,-2e-06,-3e-06,-2e-06,-3e-06,5e-06,4e-06,-0.31419
15,0.071866,-0.015268,0.376097,-0.325501,0.254384,-0.910705,-0.050381,-0.966402,-0.251992,-0.943809,-0.036465,0.328514,0.0,0.0,0.0,0.0,0.0,0.0,-0.149403,-0.094047,0.010858,0.345273,0.468411,0.071759,0.880587,-0.060289,0.996942,-0.04904,-0.881977,-0.030227,0.470176,-0.000168,0.000696,0.000575,0.0,0.0,0.0,-0.060354,0.043556,0.023695,-0.011905,-0.422045,-0.079433,0.903087,0.068016,-0.99612,-0.055829,0.904019,0.037862,0.425811,-0.000122,0.000504,0.000415,9e-06,1.1e-05,-1.3e-05,-0.245387,0.074016,0.017476,-0.055839,-0.33984,0.317142,-0.885397,-0.031513,-0.94474,-0.326302,-0.939955,-0.082989,0.331055,-2e-06,-3e-06,-2e-06,-3e-06,5e-06,4e-06,-0.31419
16,0.071836,-0.015254,0.376095,-0.325522,0.25433,-0.910712,-0.050341,-0.966415,-0.25195,-0.943804,-0.036493,0.328526,-0.000222,-0.000619,-0.00051,0.0,0.0,0.0,-0.150034,-0.094024,0.010891,0.345296,0.468415,0.071748,0.880586,-0.060284,0.996943,-0.04903,-0.881976,-0.030227,0.470179,-0.000109,0.000452,0.000373,-0.013792,0.097961,-0.172521,-0.060405,0.043556,0.023695,-0.011905,-0.422045,-0.079433,0.903087,0.068016,-0.99612,-0.055829,0.904019,0.037862,0.425811,-0.000122,0.000504,0.000415,9e-06,1.1e-05,-1.3e-05,-0.245224,0.074016,0.017476,-0.055839,-0.33984,0.317142,-0.885397,-0.031513,-0.94474,-0.326302,-0.939955,-0.082989,0.331055,-2e-06,-3e-06,-2e-06,-3e-06,5e-06,4e-06,-0.31419
17,0.071806,-0.015255,0.376119,-0.325573,0.25426,-0.910714,-0.050369,-0.966435,-0.251868,-0.943785,-0.036454,0.328585,5.2e-05,0.000144,0.000118,0.0,0.0,0.0,-0.150434,-0.094025,0.010897,0.345302,0.468426,0.071729,0.880581,-0.060274,0.996945,-0.049014,-0.881971,-0.030224,0.470189,0.000165,-0.000687,-0.000568,0.0,0.0,0.0,-0.060102,0.043556,0.023695,-0.011905,-0.422045,-0.079433,0.903087,0.068016,-0.99612,-0.055829,0.904019,0.037862,0.425811,-0.000122,0.000504,0.000415,9e-06,1.1e-05,-1.3e-05,-0.245224,0.074016,0.017476,-0.055839,-0.33984,0.317142,-0.885397,-0.031513,-0.94474,-0.326302,-0.939955,-0.082989,0.331055,-2e-06,-3e-06,-2e-06,-3e-06,5e-06,4e-06,-0.31419
18,0.071813,-0.015271,0.376119,-0.325585,0.25425,-0.910712,-0.05039,-0.966439,-0.251851,-0.94378,-0.036432,0.328602,-2.5e-05,-7e-05,-5.8e-05,0.0,0.0,0.0,-0.149932,-0.094067,0.010853,0.345272,0.468389,0.071802,0.880595,-0.060313,0.996939,-0.049077,-0.881988,-0.030232,0.470156,0.000269,-0.001117,-0.000923,0.0,0.0,0.0,-0.059603,0.043556,0.023695,-0.011905,-0.422045,-0.079433,0.903087,0.068016,-0.99612,-0.055829,0.904019,0.037862,0.425811,-0.000122,0.000504,0.000415,9e-06,1.1e-05,-1.3e-05,-0.245224,0.074016,0.017476,-0.055839,-0.33984,0.317142,-0.885397,-0.031513,-0.94474,-0.326302,-0.939955,-0.082989,0.331055,-2e-06,-3e-06,-2e-06,-3e-06,5e-06,4e-06,-0.31419
19,0.071831,-0.015283,0.376111,-0.325571,0.254274,-0.91071,-0.050397,-0.966432,-0.251874,-0.943784,-0.036429,0.32859,-4.9e-05,-0.000136,-0.000112,0.0,0.0,0.0,-0.148722,-0.094092,0.010827,0.345255,0.468323,0.071921,0.88062,-0.060378,0.99693,-0.04918,-0.882018,-0.030246,0.470099,0.000188,-0.000782,-0.000647,0.0,0.0,0.0,-0.059642,0.043556,0.023695,-0.011905,-0.422045,-0.079433,0.903087,0.068016,-0.99612,-0.055829,0.904019,0.037862,0.425811,-0.000122,0.000504,0.000415,9e-06,1.1e-05,-1.3e-05,-0.245224,0.074016,0.017476,-0.055839,-0.33984,0.317142,-0.885397,-0.031513,-0.94474,-0.326302,-0.939955,-0.082989,0.331055,-2e-06,-3e-06,-2e-06,-3e-06,5e-06,4e-06,-0.31419
20,0.071861,-0.015289,0.376094,-0.325533,0.254333,-0.910708,-0.050391,-0.966416,-0.251936,-0.943798,-0.036446,0.328549,-1e-06,-3e-06,-3e-06,0.0,0.0,0.0,-0.147277,-0.094081,0.010824,0.345238,0.46839,0.071794,0.880595,-0.060285,0.99694,-0.049083,-0.881989,-0.030205,0.470156,0.01334,0.002788,0.000516,0.002045,-0.015205,0.029245,-0.059738,0.043556,0.023695,-0.011905,-0.422045,-0.079433,0.903087,0.068016,-0.99612,-0.055829,0.904019,0.037862,0.425811,-0.000122,0.000504,0.000415,9e-06,1.1e-05,-1.3e-05,-0.245224,0.074016,0.017476,-0.055839,-0.33984,0.317142,-0.885397,-0.031513,-0.94474,-0.326302,-0.939955,-0.082989,0.331055,-2e-06,-3e-06,-2e-06,-3e-06,5e-06,4e-06,-0.31419
21,0.071871,-0.015291,0.376092,-0.325521,0.254355,-0.910706,-0.050397,-0.966411,-0.251957,-0.943801,-0.036444,0.328539,0.0,0.0,0.0,0.0,0.0,0.0,-0.147066,-0.094046,0.010851,0.345268,0.468401,0.071777,0.880591,-0.060299,0.996941,-0.049056,-0.881982,-0.030229,0.470167,-6.3e-05,0.00026,0.000215,0.0,0.0,0.0,-0.059872,0.043556,0.023695,-0.011905,-0.422045,-0.079433,0.903087,0.068016,-0.99612,-0.055829,0.904019,0.037862,0.425811,-0.000122,0.000504,0.000415,9e-06,1.1e-05,-1.3e-05,-0.245224,0.074016,0.017476,-0.055839,-0.33984,0.317142,-0.885397,-0.031513,-0.94474,-0.326302,-0.939955,-0.082989,0.331055,-2e-06,-3e-06,-2e-06,-3e-06,5e-06,4e-06,-0.31419
22,0.071879,-0.0153,0.376085,-0.325519,0.254357,-0.910706,-0.050398,-0.96641,-0.251959,-0.943802,-0.036443,0.328537,-9.3e-05,-0.000258,-0.000212,0.0,0.0,0.0,-0.145884,-0.094026,0.010855,0.345268,0.468424,0.071734,0.880582,-0.060276,0.996944,-0.049019,-0.881971,-0.030225,0.470187,-1e-06,4e-06,3e-06,0.0,0.0,0.0,-0.059708,0.043556,0.023695,-0.011905,-0.422045,-0.079433,0.903087,0.068016,-0.99612,-0.055829,0.904019,0.037862,0.425811,-0.000122,0.000504,0.000415,9e-06,1.1e-05,-1.3e-05,-0.245224,0.074016,0.017476,-0.055839,-0.33984,0.317142,-0.885397,-0.031513,-0.94474,-0.326302,-0.939955,-0.082989,0.331055,-2e-06,-3e-06,-2e-06,-3e-06,5e-06,4e-06,-0.31419
23,0.071925,-0.015333,0.376074,-0.325494,0.254415,-0.910699,-0.05044,-0.966396,-0.252006,-0.943809,-0.036414,0.328521,0.013602,-0.003597,-0.002371,0.000984,-0.014715,0.029553,-0.139525,-0.094041,0.010831,0.345251,0.468442,0.071706,0.880575,-0.06026,0.996946,-0.048994,-0.881963,-0.03022,0.470203,7.4e-05,-0.000306,-0.000253,0.0,0.0,0.0,-0.05957,0.043556,0.023695,-0.011905,-0.422045,-0.079433,0.903087,0.068016,-0.99612,-0.055829,0.904019,0.037862,0.425811,-0.000122,0.000504,0.000415,9e-06,1.1e-05,-1.3e-05,-0.245224,0.074016,0.017476,-0.055839,-0.33984,0.317142,-0.885397,-0.031513,-0.94474,-0.326302,-0.939955,-0.082989,0.331055,-2e-06,-3e-06,-2e-06,-3e-06,5e-06,4e-06,-0.31419
24,0.07197,-0.015357,0.376043,-0.325451,0.254479,-0.910696,-0.050435,-0.966378,-0.252073,-0.943823,-0.03643,0.328477,-6e-06,-1.6e-05,-1.3e-05,0.0,0.0,0.0,-0.1388,-0.094056,0.010807,0.345234,0.468387,0.071804,0.880596,-0.060314,0.996939,-0.049079,-0.881988,-0.030232,0.470155,3e-05,-0.000126,-0.000104,0.0,0.0,0.0,-0.059802,0.043556,0.023695,-0.011905,-0.422045,-0.079433,0.903087,0.068016,-0.99612,-0.055829,0.904019,0.037862,0.425811,-0.000122,0.000504,0.000415,9e-06,1.1e-05,-1.3e-05,-0.245387,0.074016,0.017476,-0.055839,-0.33984,0.317142,-0.885397,-0.031513,-0.94474,-0.326302,-0.939955,-0.082989,0.331055,-2e-06,-3e-06,-2e-06,-3e-06,5e-06,4e-06,-0.31419
25,0.071975,-0.015344,0.376053,-0.325432,0.254517,-0.910692,-0.050447,-0.966368,-0.252109,-0.943829,-0.036427,0.32846,6.1e-05,0.00017,0.00014,0.0,0.0,0.0,-0.139242,-0.094056,0.010807,0.345234,0.468387,0.071804,0.880596,-0.060314,0.996939,-0.049079,-0.881988,-0.030232,0.470155,0.0,-0.0,-0.0,0.0,0.0,0.0,-0.05932,0.043556,0.023695,-0.011905,-0.422045,-0.079433,0.903087,0.068016,-0.99612,-0.055829,0.904019,0.037862,0.425811,-0.000122,0.000504,0.000415,9e-06,1.1e-05,-1.3e-05,-0.245224,0.074016,0.017476,-0.055839,-0.33984,0.317142,-0.885397,-0.031513,-0.94474,-0.326302,-0.939955,-0.082989,0.331055,-2e-06,-3e-06,-2e-06,-3e-06,5e-06,4e-06,-0.31419
26,0.071946,-0.01533,0.376063,-0.325457,0.254471,-0.910696,-0.050433,-0.96638,-0.252066,-0.943822,-0.036432,0.328482,1.6e-05,4.5e-05,3.7e-05,0.0,0.0,0.0,-0.139616,-0.094058,0.010814,0.345239,0.468398,0.071785,0.880592,-0.060304,0.99694,-0.049063,-0.881983,-0.03023,0.470165,-3.9e-05,0.000161,0.000133,0.0,0.0,0.0,-0.05951,0.043556,0.023695,-0.011905,-0.422045,-0.079433,0.903087,0.068016,-0.99612,-0.055829,0.904019,0.037862,0.425811,-0.000122,0.000504,0.000415,9e-06,1.1e-05,-1.3e-05,-0.245224,0.074016,0.017476,-0.055839,-0.33984,0.317142,-0.885397,-0.031513,-0.94474,-0.326302,-0.939955,-0.082989,0.331055,-2e-06,-3e-06,-2e-06,-3e-06,5e-06,4e-06,-0.31419
27,0.071923,-0.015332,0.376061,-0.32549,0.254408,-0.910702,-0.050414,-0.966397,-0.252007,-0.943811,-0.036437,0.328511,0.01361,-0.003577,-0.002355,0.000984,-0.014715,0.029553,-0.139884,-0.094048,0.010816,0.34524,0.468409,0.071764,0.880587,-0.060292,0.996942,-0.049045,-0.881978,-0.030227,0.470175,-0.0,0.0,0.0,0.0,0.0,0.0,-0.059749,0.043556,0.023695,-0.011905,-0.422045,-0.079433,0.903087,0.068016,-0.99612,-0.055829,0.904019,0.037862,0.425811,-0.000122,0.000504,0.000415,9e-06,1.1e-05,-1.3e-05,-0.245224,0.074016,0.017476,-0.055839,-0.33984,0.317142,-0.885397,-0.031513,-0.94474,-0.326302,-0.939955,-0.082989,0.331055,-2e-06,-3e-06,-2e-06,-3e-06,5e-06,4e-06,-0.31419
28,0.071927,-0.015311,0.376052,-0.325454,0.254452,-0.910702,-0.050378,-0.966384,-0.252064,-0.943826,-0.03648,0.328466,3.1e-05,8.7e-05,7.2e-05,0.0,0.0,0.0,-0.140295,-0.094038,0.010816,0.345252,0.468427,0.07174,0.88058,-0.060302,0.996943,-0.049012,-0.881968,-0.03025,0.470192,0.001907,-0.010644,0.008566,-0.035914,0.004293,-0.021513,-0.059608,0.043556,0.023695,-0.011905,-0.422045,-0.079433,0.903087,0.068016,-0.99612,-0.055829,0.904019,0.037862,0.425811,-0.000122,0.000504,0.000415,9e-06,1.1e-05,-1.3e-05,-0.245224,0.074016,0.017476,-0.055839,-0.33984,0.317142,-0.885397,-0.031513,-0.94474,-0.326302,-0.939955,-0.082989,0.331055,-2e-06,-3e-06,-2e-06,-3e-06,5e-06,4e-06,-0.31419
29,0.071928,-0.015303,0.376045,-0.325441,0.254464,-0.910704,-0.050358,-0.96638,-0.252084,-0.943831,-0.036501,0.328447,0.000902,0.009994,-0.009516,0.034672,-0.017667,0.016044,-0.140363,-0.094019,0.010827,0.345258,0.468461,0.071679,0.880567,-0.060268,0.996947,-0.048959,-0.881952,-0.030243,0.470222,-3.9e-05,0.000163,0.000135,0.0,0.0,0.0,-0.059828,0.043556,0.023695,-0.011905,-0.422045,-0.079433,0.903087,0.068016,-0.99612,-0.055829,0.904019,0.037862,0.425811,-0.000122,0.000504,0.000415,9e-06,1.1e-05,-1.3e-05,-0.245224,0.074016,0.017476,-0.055839,-0.33984,0.317142,-0.885397,-0.031513,-0.94474,-0.326302,-0.939955,-0.082989,0.331055,-2e-06,-3e-06,-2e-06,-3e-06,5e-06,4e-06,-0.31419
30,0.071917,-0.015301,0.376047,-0.325453,0.254442,-0.910706,-0.050351,-0.966385,-0.252063,-0.943828,-0.036503,0.328457,-4e-05,-0.000112,-9.2e-05,0.0,0.0,0.0,-0.140575,-0.094004,0.01085,0.345287,0.468522,0.071578,0.880543,-0.060236,0.996954,-0.04886,-0.881922,-0.030256,0.470277,0.001692,-0.009748,0.009307,-0.035913,0.00429,-0.021515,-0.060316,0.043556,0.023695,-0.011905,-0.422045,-0.079433,0.903087,0.068016,-0.99612,-0.055829,0.904019,0.037862,0.425811,-0.000122,0.000504,0.000415,9e-06,1.1e-05,-1.3e-05,-0.245224,0.074016,0.017476,-0.055839,-0.33984,0.317142,-0.885397,-0.031513,-0.94474,-0.326302,-0.939955,-0.082989,0.331055,-2e-06,-3e-06,-2e-06,-3e-06,5e-06,4e-06,-0.31419
31,0.071889,-0.015287,0.376057,-0.325478,0.254396,-0.91071,-0.050337,-0.966397,-0.25202,-0.94382,-0.036508,0.32848,1.3e-05,3.7e-05,3e-05,0.0,0.0,0.0,-0.140519,-0.094006,0.010857,0.345293,0.468532,0.07156,0.880539,-0.060226,0.996956,-0.048844,-0.881917,-0.030254,0.470287,-9e-06,3.8e-05,3.1e-05,0.0,0.0,0.0,-0.060107,0.043556,0.023695,-0.011905,-0.422045,-0.079433,0.903087,0.068016,-0.99612,-0.055829,0.904019,0.037862,0.425811,-0.000122,0.000504,0.000415,9e-06,1.1e-05,-1.3e-05,-0.245224,0.074016,0.017476,-0.055839,-0.33984,0.317142,-0.885397,-0.031513,-0.94474,-0.326302,-0.939955,-0.082989,0.331055,-2e-06,-3e-06,-2e-06,-3e-06,5e-06,4e-06,-0.31419
32,0.071871,-0.015275,0.376065,-0.325491,0.254372,-0.910712,-0.05033,-0.966404,-0.251997,-0.943815,-0.036511,0.328491,4.1e-05,0.000115,9.5e-05,0.0,0.0,0.0,-0.141383,-0.094006,0.010857,0.345293,0.468532,0.07156,0.880539,-0.060226,0.996956,-0.048844,-0.881917,-0.030254,0.470287,-0.0,1e-06,0.0,0.0,0.0,0.0,-0.060318,0.043556,0.023695,-0.011905,-0.422045,-0.079433,0.903087,0.068016,-0.99612,-0.055829,0.904019,0.037862,0.425811,-0.000122,0.000504,0.000415,9e-06,1.1e-05,-1.3e-05,-0.245224,0.074016,0.017476,-0.055839,-0.33984,0.317142,-0.885397,-0.031513,-0.94474,-0.326302,-0.939955,-0.082989,0.331055,-2e-06,-3e-06,-2e-06,-3e-06,5e-06,4e-06,-0.31419
33,0.071842,-0.015262,0.376075,-0.325516,0.254326,-0.910715,-0.050316,-0.966416,-0.251954,-0.943807,-0.036515,0.328514,4.1e-05,0.000114,9.4e-05,0.0,0.0,0.0,-0.142742,-0.094006,0.010857,0.345293,0.468532,0.07156,0.880539,-0.060226,0.996956,-0.048844,-0.881917,-0.030254,0.470287,-0.0,0.0,0.0,0.0,0.0,0.0,-0.060643,0.043556,0.023695,-0.011905,-0.422045,-0.079433,0.903087,0.068016,-0.99612,-0.055829,0.904019,0.037862,0.425811,-0.000122,0.000504,0.000415,9e-06,1.1e-05,-1.3e-05,-0.245224,0.074016,0.017476,-0.055839,-0.33984,0.317142,-0.885397,-0.031513,-0.94474,-0.326302,-0.939955,-0.082989,0.331055,-2e-06,-3e-06,-2e-06,-3e-06,5e-06,4e-06,-0.31419
34,0.071829,-0.015266,0.376071,-0.325537,0.254284,-0.91072,-0.050304,-0.966426,-0.251916,-0.943801,-0.036519,0.328532,-9.3e-05,-0.000258,-0.000212,0.0,0.0,0.0,-0.143237,-0.094006,0.010857,0.345293,0.468532,0.07156,0.880539,-0.060226,0.996956,-0.048844,-0.881917,-0.030254,0.470287,-0.0,0.0,0.0,0.0,0.0,0.0,-0.060029,0.043556,0.023695,-0.011905,-0.422045,-0.079433,0.903087,0.068016,-0.99612,-0.055829,0.904019,0.037862,0.425811,-0.000122,0.000504,0.000415,9e-06,1.1e-05,-1.3e-05,-0.245387,0.074016,0.017476,-0.055839,-0.33984,0.317142,-0.885397,-0.031513,-0.94474,-0.326302,-0.939955,-0.082989,0.331055,-2e-06,-3e-06,-2e-06,-3e-06,5e-06,4e-06,-0.31419
35,0.07184,-0.015268,0.37607,-0.325526,0.254306,-0.910717,-0.05031,-0.966421,-0.251936,-0.943805,-0.036517,0.328522,-0.0,-0.0,-0.0,0.0,0.0,0.0,-0.142889,-0.094006,0.010857,0.345293,0.468532,0.07156,0.880539,-0.060226,0.996956,-0.048844,-0.881917,-0.030254,0.470287,0.013337,0.002795,0.000521,0.002045,-0.015205,0.029245,-0.060744,0.043556,0.023695,-0.011905,-0.422045,-0.079433,0.903087,0.068016,-0.99612,-0.055829,0.904019,0.037862,0.425811,-0.000122,0.000504,0.000415,9e-06,1.1e-05,-1.3e-05,-0.245387,0.074016,0.017476,-0.055839,-0.33984,0.317142,-0.885397,-0.031513,-0.94474,-0.326302,-0.939955,-0.082989,0.331055,-2e-06,-3e-06,-2e-06,-3e-06,5e-06,4e-06,-0.31419
36,0.07185,-0.015271,0.376068,-0.325514,0.254328,-0.910716,-0.050317,-0.966415,-0.251957,-0.943808,-0.036515,0.328512,-0.0,-0.0,-0.0,0.0,0.0,0.0,-0.142976,-0.094014,0.010848,0.345287,0.46851,0.071599,0.880547,-0.060247,0.996953,-0.048879,-0.881927,-0.030258,0.470267,6e-06,-2.7e-05,-2.2e-05,0.0,0.0,0.0,-0.060169,0.043556,0.023695,-0.011905,-0.422045,-0.079433,0.903087,0.068016,-0.99612,-0.055829,0.904019,0.037862,0.425811,-0.000122,0.000504,0.000415,9e-06,1.1e-05,-1.3e-05,-0.245224,0.074016,0.017476,-0.055839,-0.33984,0.317142,-0.885397,-0.031513,-0.94474,-0.326302,-0.939955,-0.082989,0.331055,-2e-06,-3e-06,-2e-06,-3e-06,5e-06,4e-06,-0.31419
37,0.071868,-0.015282,0.37606,-0.325501,0.254352,-0.910714,-0.050324,-0.966409,-0.251979,-0.943812,-0.036512,0.3285,-0.0,-1e-06,-1e-06,0.0,0.0,0.0,-0.141967,-0.094023,0.010839,0.345281,0.468489,0.071639,0.880555,-0.060269,0.99695,-0.048913,-0.881938,-0.030263,0.470248,0.000168,-0.000696,-0.000575,0.0,0.0,0.0,-0.059956,0.043556,0.023695,-0.011905,-0.422045,-0.079433,0.903087,0.068016,-0.99612,-0.055829,0.904019,0.037862,0.425811,-0.000122,0.000504,0.000415,9e-06,1.1e-05,-1.3e-05,-0.245224,0.074016,0.017476,-0.055839,-0.33984,0.317142,-0.885397,-0.031513,-0.94474,-0.326302,-0.939955,-0.082989,0.331055,-2e-06,-3e-06,-2e-06,-3e-06,5e-06,4e-06,-0.31419
38,0.071906,-0.015306,0.376055,-0.325477,0.254408,-0.910706,-0.050365,-0.966395,-0.252023,-0.943818,-0.036484,0.328486,0.013736,-0.003225,-0.002064,0.000984,-0.014715,0.029553,-0.140216,-0.094023,0.010839,0.345281,0.468489,0.071639,0.880555,-0.060269,0.99695,-0.048913,-0.881938,-0.030263,0.470248,0.0,-0.0,-0.0,0.0,0.0,0.0,-0.059536,0.043556,0.023695,-0.011905,-0.422045,-0.079433,0.903087,0.068016,-0.99612,-0.055829,0.904019,0.037862,0.425811,-0.000122,0.000504,0.000415,9e-06,1.1e-05,-1.3e-05,-0.245224,0.074016,0.017476,-0.055839,-0.33984,0.317142,-0.885397,-0.031513,-0.94474,-0.326302,-0.939955,-0.082989,0.331055,-2e-06,-3e-06,-2e-06,-3e-06,5e-06,4e-06,-0.31419
39,0.071905,-0.015305,0.376043,-0.325474,0.254401,-0.91071,-0.050339,-0.966396,-0.252025,-0.943821,-0.036507,0.328476,-1.6e-05,-4.3e-05,-3.6e-05,0.0,0.0,0.0,-0.140406,-0.094023,0.010839,0.345281,0.468489,0.071639,0.880555,-0.060269,0.99695,-0.048913,-0.881938,-0.030263,0.470248,0.0,-0.0,-0.0,0.0,0.0,0.0,-0.059946,0.043556,0.023695,-0.011905,-0.422045,-0.079433,0.903087,0.068016,-0.99612,-0.055829,0.904019,0.037862,0.425811,-0.000122,0.000504,0.000415,9e-06,1.1e-05,-1.3e-05,-0.245224,0.074016,0.017476,-0.055839,-0.33984,0.317142,-0.885397,-0.031513,-0.94474,-0.326302,-0.939955,-0.082989,0.331055,-2e-06,-3e-06,-2e-06,-3e-06,5e-06,4e-06,-0.31419
40,0.071914,-0.015315,0.376048,-0.325475,0.254411,-0.910706,-0.050366,-0.966394,-0.252025,-0.943819,-0.036483,0.328484,-0.0,-0.0,-0.0,0.0,0.0,0.0,-0.14035,-0.094043,0.010835,0.34528,0.468466,0.071682,0.880564,-0.060292,0.996947,-0.04895,-0.881948,-0.030268,0.470228,-0.013338,-0.002794,-0.00052,-0.002045,0.015205,-0.029245,-0.06002,0.043556,0.023695,-0.011905,-0.422045,-0.079433,0.903087,0.068016,-0.99612,-0.055829,0.904019,0.037862,0.425811,-0.000122,0.000504,0.000415,9e-06,1.1e-05,-1.3e-05,-0.245224,0.074016,0.017476,-0.055839,-0.33984,0.317142,-0.885397,-0.031513,-0.94474,-0.326302,-0.939955,-0.082989,0.331055,-2e-06,-3e-06,-2e-06,-3e-06,5e-06,4e-06,-0.31419
41,0.071904,-0.015312,0.37605,-0.325487,0.254389,-0.910708,-0.05036,-0.9664,-0.252005,-0.943815,-0.036485,0.328495,-0.0,-0.0,-0.0,0.0,0.0,0.0,-0.140411,-0.094049,0.010819,0.345269,0.468433,0.071741,0.880576,-0.060324,0.996942,-0.049,-0.881963,-0.030275,0.4702,1.7e-05,-7.2e-05,-5.9e-05,0.0,0.0,0.0,-0.059899,0.043556,0.023695,-0.011905,-0.422045,-0.079433,0.903087,0.068016,-0.99612,-0.055829,0.904019,0.037862,0.425811,-0.000122,0.000504,0.000415,9e-06,1.1e-05,-1.3e-05,-0.245224,0.074016,0.017476,-0.055839,-0.33984,0.317142,-0.885397,-0.031513,-0.94474,-0.326302,-0.939955,-0.082989,0.331055,-2e-06,-3e-06,-2e-06,-3e-06,5e-06,4e-06,-0.31419
42,0.071904,-0.015312,0.37605,-0.325487,0.254389,-0.910708,-0.05036,-0.9664,-0.252005,-0.943815,-0.036485,0.328495,0.000259,0.000722,0.000594,0.0,0.0,0.0,-0.140964,-0.094059,0.010817,0.345269,0.468422,0.071762,0.880581,-0.060336,0.99694,-0.049019,-0.881968,-0.030277,0.47019,-0.013339,-0.002793,-0.00052,-0.002045,0.015205,-0.029245,-0.060133,0.043556,0.023695,-0.011905,-0.422045,-0.079433,0.903087,0.068016,-0.99612,-0.055829,0.904019,0.037862,0.425811,-0.000122,0.000504,0.000415,9e-06,1.1e-05,-1.3e-05,-0.245224,0.074016,0.017476,-0.055839,-0.33984,0.317142,-0.885397,-0.031513,-0.94474,-0.326302,-0.939955,-0.082989,0.331055,-2e-06,-3e-06,-2e-06,-3e-06,5e-06,4e-06,-0.31419
43,0.071904,-0.015312,0.37605,-0.325487,0.254389,-0.910708,-0.05036,-0.9664,-0.252005,-0.943815,-0.036485,0.328495,4e-06,1.1e-05,9e-06,0.0,0.0,0.0,-0.140884,-0.094051,0.010826,0.345274,0.468444,0.071722,0.880572,-0.060314,0.996943,-0.048985,-0.881958,-0.030272,0.470209,-1.2e-05,5.2e-05,4.3e-05,0.0,0.0,0.0,-0.059794,0.043556,0.023695,-0.011905,-0.422045,-0.079433,0.903087,0.068016,-0.99612,-0.055829,0.904019,0.037862,0.425811,-0.000122,0.000504,0.000415,9e-06,1.1e-05,-1.3e-05,-0.245224,0.074016,0.017476,-0.055839,-0.33984,0.317142,-0.885397,-0.031513,-0.94474,-0.326302,-0.939955,-0.082989,0.331055,-2e-06,-3e-06,-2e-06,-3e-06,5e-06,4e-06,-0.31419
44,0.071903,-0.01532,0.376057,-0.3255,0.254377,-0.910707,-0.05038,-0.966404,-0.251985,-0.94381,-0.036463,0.328513,0.0,0.0,0.0,0.0,0.0,0.0,-0.140859,-0.094051,0.010826,0.345274,0.468444,0.071722,0.880572,-0.060314,0.996943,-0.048985,-0.881958,-0.030272,0.470209,-0.0,0.0,0.0,0.0,0.0,0.0,-0.060265,0.043556,0.023695,-0.011905,-0.422045,-0.079433,0.903087,0.068016,-0.99612,-0.055829,0.904019,0.037862,0.425811,-0.000122,0.000504,0.000415,9e-06,1.1e-05,-1.3e-05,-0.245224,0.074016,0.017476,-0.055839,-0.33984,0.317142,-0.885397,-0.031513,-0.94474,-0.326302,-0.939955,-0.082989,0.331055,-2e-06,-3e-06,-2e-06,-3e-06,5e-06,4e-06,-0.31419
45,0.071901,-0.015326,0.376052,-0.32551,0.254358,-0.910709,-0.050375,-0.966409,-0.251967,-0.943807,-0.036465,0.328522,-7e-06,-1.9e-05,-1.6e-05,0.0,0.0,0.0,-0.139969,-0.094053,0.010833,0.34528,0.468454,0.071704,0.880568,-0.060304,0.996945,-0.048969,-0.881953,-0.03027,0.470218,-2.4e-05,9.9e-05,8.2e-05,0.0,0.0,0.0,-0.059849,0.043556,0.023695,-0.011905,-0.422045,-0.079433,0.903087,0.068016,-0.99612,-0.055829,0.904019,0.037862,0.425811,-0.000122,0.000504,0.000415,9e-06,1.1e-05,-1.3e-05,-0.245224,0.074016,0.017476,-0.055839,-0.33984,0.317142,-0.885397,-0.031513,-0.94474,-0.326302,-0.939955,-0.082989,0.331055,-2e-06,-3e-06,-2e-06,-3e-06,5e-06,4e-06,-0.31419
46,0.071903,-0.01532,0.376057,-0.3255,0.254377,-0.910707,-0.05038,-0.966404,-0.251985,-0.94381,-0.036463,0.328513,1.3e-05,3.6e-05,3e-05,0.0,0.0,0.0,-0.139884,-0.094053,0.010833,0.34528,0.468454,0.071704,0.880568,-0.060304,0.996945,-0.048969,-0.881953,-0.03027,0.470218,-0.0,1e-06,1e-06,0.0,0.0,0.0,-0.060078,0.043556,0.023695,-0.011905,-0.422045,-0.079433,0.903087,0.068016,-0.99612,-0.055829,0.904019,0.037862,0.425811,-0.000122,0.000504,0.000415,9e-06,1.1e-05,-1.3e-05,-0.245224,0.074016,0.017476,-0.055839,-0.33984,0.317142,-0.885397,-0.031513,-0.94474,-0.326302,-0.939955,-0.082989,0.331055,-2e-06,-3e-06,-2e-06,-3e-06,5e-06,4e-06,-0.31419
47,0.071903,-0.01532,0.376057,-0.3255,0.254377,-0.910707,-0.05038,-0.966404,-0.251985,-0.94381,-0.036463,0.328513,6.4e-05,0.000179,0.000147,0.0,0.0,0.0,-0.140785,-0.094053,0.010833,0.34528,0.468454,0.071704,0.880568,-0.060304,0.996945,-0.048969,-0.881953,-0.03027,0.470218,-0.0,0.0,0.0,0.0,0.0,0.0,-0.060033,0.043556,0.023695,-0.011905,-0.422045,-0.079433,0.903087,0.068016,-0.99612,-0.055829,0.904019,0.037862,0.425811,-0.000122,0.000504,0.000415,9e-06,1.1e-05,-1.3e-05,-0.245224,0.074016,0.017476,-0.055839,-0.33984,0.317142,-0.885397,-0.031513,-0.94474,-0.326302,-0.939955,-0.082989,0.331055,-2e-06,-3e-06,-2e-06,-3e-06,5e-06,4e-06,-0.31419
48,0.071893,-0.015317,0.376059,-0.325512,0.254355,-0.910709,-0.050374,-0.96641,-0.251965,-0.943806,-0.036465,0.328523,0.0,0.0,0.0,0.0,0.0,0.0,-0.140511,-0.094043,0.010835,0.34528,0.468466,0.071682,0.880564,-0.060292,0.996947,-0.04895,-0.881948,-0.030268,0.470228,-0.0,0.0,0.0,0.0,0.0,0.0,-0.059837,0.043556,0.023695,-0.011905,-0.422045,-0.079433,0.903087,0.068016,-0.99612,-0.055829,0.904019,0.037862,0.425811,-0.000122,0.000504,0.000415,9e-06,1.1e-05,-1.3e-05,-0.245224,0.074016,0.017476,-0.055839,-0.33984,0.317142,-0.885397,-0.031513,-0.94474,-0.326302,-0.939955,-0.082989,0.331055,-2e-06,-3e-06,-2e-06,-3e-06,5e-06,4e-06,-0.31419
49,0.071892,-0.015325,0.376066,-0.325525,0.254343,-0.910708,-0.050394,-0.966414,-0.251946,-0.9438,-0.036444,0.328542,0.0,0.0,0.0,0.0,0.0,0.0,-0.141113,-0.094053,0.010833,0.34528,0.468454,0.071704,0.880568,-0.060304,0.996945,-0.048969,-0.881953,-0.03027,0.470218,2e-06,-7e-06,-6e-06,0.0,0.0,0.0,-0.060154,0.043556,0.023695,-0.011905,-0.422045,-0.079433,0.903087,0.068016,-0.99612,-0.055829,0.904019,0.037862,0.425811,-0.000122,0.000504,0.000415,9e-06,1.1e-05,-1.3e-05,-0.245224,0.074016,0.017476,-0.055839,-0.33984,0.317142,-0.885397,-0.031513,-0.94474,-0.326302,-0.939955,-0.082989,0.331055,-2e-06,-3e-06,-2e-06,-3e-06,5e-06,4e-06,-0.31419
50,0.071892,-0.015325,0.376066,-0.325525,0.254343,-0.910708,-0.050394,-0.966414,-0.251946,-0.9438,-0.036444,0.328542,0.0,0.0,0.0,0.0,0.0,0.0,-0.140738,-0.094043,0.010835,0.34528,0.468466,0.071682,0.880564,-0.060292,0.996947,-0.04895,-0.881948,-0.030268,0.470228,0.0,-0.0,-0.0,0.0,0.0,0.0,-0.060379,0.043556,0.023695,-0.011905,-0.422045,-0.079433,0.903087,0.068016,-0.99612,-0.055829,0.904019,0.037862,0.425811,-0.000122,0.000504,0.000415,9e-06,1.1e-05,-1.3e-05,-0.245224,0.074016,0.017476,-0.055839,-0.33984,0.317142,-0.885397,-0.031513,-0.94474,-0.326302,-0.939955,-0.082989,0.331055,-2e-06,-3e-06,-2e-06,-3e-06,5e-06,4e-06,-0.31419
51,0.071895,-0.015318,0.376071,-0.325515,0.254362,-0.910706,-0.0504,-0.966409,-0.251964,-0.943803,-0.036442,0.328534,1e-06,3e-06,2e-06,0.0,0.0,0.0,-0.140867,-0.094044,0.010841,0.345286,0.468476,0.071664,0.88056,-0.060282,0.996948,-0.048934,-0.881943,-0.030265,0.470237,-1.2e-05,5.2e-05,4.3e-05,0.0,0.0,0.0,-0.06049,0.043556,0.023695,-0.011905,-0.422045,-0.079433,0.903087,0.068016,-0.99612,-0.055829,0.904019,0.037862,0.425811,-0.000122,0.000504,0.000415,9e-06,1.1e-05,-1.3e-05,-0.245224,0.074016,0.017476,-0.055839,-0.33984,0.317142,-0.885397,-0.031513,-0.94474,-0.326302,-0.939955,-0.082989,0.331055,-2e-06,-3e-06,-2e-06,-3e-06,5e-06,4e-06,-0.31419
52,0.071895,-0.015318,0.376071,-0.325515,0.254362,-0.910706,-0.0504,-0.966409,-0.251964,-0.943803,-0.036442,0.328534,0.0,0.0,0.0,0.0,0.0,0.0,-0.140907,-0.094033,0.010837,0.345281,0.468477,0.071661,0.88056,-0.060281,0.996948,-0.048931,-0.881943,-0.030265,0.470238,1.5e-05,-6.1e-05,-5e-05,0.0,0.0,0.0,-0.060559,0.043556,0.023695,-0.011905,-0.422045,-0.079433,0.903087,0.068016,-0.99612,-0.055829,0.904019,0.037862,0.425811,-0.000122,0.000504,0.000415,9e-06,1.1e-05,-1.3e-05,-0.245224,0.074016,0.017476,-0.055839,-0.33984,0.317142,-0.885397,-0.031513,-0.94474,-0.326302,-0.939955,-0.082989,0.331055,-2e-06,-3e-06,-2e-06,-3e-06,5e-06,4e-06,-0.31419
53,0.071903,-0.015327,0.376064,-0.325513,0.254365,-0.910706,-0.050401,-0.966408,-0.251966,-0.943804,-0.036442,0.328532,-1.1e-05,-3.1e-05,-2.6e-05,0.0,0.0,0.0,-0.140934,-0.094033,0.010837,0.345281,0.468477,0.071661,0.88056,-0.060281,0.996948,-0.048931,-0.881943,-0.030265,0.470238,0.0,-1e-06,-1e-06,0.0,0.0,0.0,-0.060422,0.043556,0.023695,-0.011905,-0.422045,-0.079433,0.903087,0.068016,-0.99612,-0.055829,0.904019,0.037862,0.425811,-0.000122,0.000504,0.000415,9e-06,1.1e-05,-1.3e-05,-0.245224,0.074016,0.017476,-0.055839,-0.33984,0.317142,-0.885397,-0.031513,-0.94474,-0.326302,-0.939955,-0.082989,0.331055,-2e-06,-3e-06,-2e-06,-3e-06,5e-06,4e-06,-0.31419
54,0.071906,-0.015313,0.376063,-0.325491,0.254396,-0.910705,-0.050386,-0.966399,-0.252004,-0.943813,-0.036462,0.328505,4e-06,1e-05,8e-06,0.0,0.0,0.0,-0.141335,-0.094034,0.010844,0.345286,0.468488,0.071642,0.880556,-0.060271,0.996949,-0.048916,-0.881938,-0.030263,0.470247,-0.0,1e-06,1e-06,0.0,0.0,0.0,-0.06073,0.043556,0.023695,-0.011905,-0.422045,-0.079433,0.903087,0.068016,-0.99612,-0.055829,0.904019,0.037862,0.425811,-0.000122,0.000504,0.000415,9e-06,1.1e-05,-1.3e-05,-0.245224,0.074016,0.017476,-0.055839,-0.33984,0.317142,-0.885397,-0.031513,-0.94474,-0.326302,-0.939955,-0.082989,0.331055,-2e-06,-3e-06,-2e-06,-3e-06,5e-06,4e-06,-0.31419
55,0.071895,-0.015311,0.376064,-0.325502,0.254374,-0.910707,-0.050379,-0.966405,-0.251983,-0.943809,-0.036464,0.328515,0.000902,0.009992,-0.009518,0.034672,-0.017668,0.016044,-0.142452,-0.094036,0.01085,0.345292,0.468498,0.071624,0.880552,-0.060261,0.996951,-0.0489,-0.881933,-0.030261,0.470257,-1e-06,3e-06,2e-06,0.0,0.0,0.0,-0.060564,0.043556,0.023695,-0.011905,-0.422045,-0.079433,0.903087,0.068016,-0.99612,-0.055829,0.904019,0.037862,0.425811,-0.000122,0.000504,0.000415,9e-06,1.1e-05,-1.3e-05,-0.245224,0.074016,0.017476,-0.055839,-0.33984,0.317142,-0.885397,-0.031513,-0.94474,-0.326302,-0.939955,-0.082989,0.331055,-2e-06,-3e-06,-2e-06,-3e-06,5e-06,4e-06,-0.31419
56,0.071885,-0.015308,0.376066,-0.325514,0.254352,-0.910709,-0.050373,-0.96641,-0.251963,-0.943805,-0.036466,0.328525,-0.000151,-0.000422,-0.000347,0.0,0.0,0.0,-0.144547,-0.094034,0.010844,0.345286,0.468488,0.071642,0.880556,-0.060271,0.996949,-0.048916,-0.881938,-0.030263,0.470247,0.0,-1e-06,-1e-06,0.0,0.0,0.0,-0.060645,0.043556,0.023695,-0.011905,-0.422045,-0.079433,0.903087,0.068016,-0.99612,-0.055829,0.904019,0.037862,0.425811,-0.000122,0.000504,0.000415,9e-06,1.1e-05,-1.3e-05,-0.245224,0.074016,0.017476,-0.055839,-0.33984,0.317142,-0.885397,-0.031513,-0.94474,-0.326302,-0.939955,-0.082989,0.331055,-2e-06,-3e-06,-2e-06,-3e-06,5e-06,4e-06,-0.31419
57,0.071885,-0.015308,0.376066,-0.325514,0.254352,-0.910709,-0.050373,-0.96641,-0.251963,-0.943805,-0.036466,0.328525,0.000862,0.00988,-0.00961,0.034672,-0.017669,0.016043,-0.144663,-0.094034,0.010844,0.345286,0.468488,0.071642,0.880556,-0.060271,0.996949,-0.048916,-0.881938,-0.030263,0.470247,0.0,-0.0,-0.0,0.0,0.0,0.0,-0.060534,0.043556,0.023695,-0.011905,-0.422045,-0.079433,0.903087,0.068016,-0.99612,-0.055829,0.904019,0.037862,0.425811,-0.000122,0.000504,0.000415,9e-06,1.1e-05,-1.3e-05,-0.245224,0.074016,0.017476,-0.055839,-0.33984,0.317142,-0.885397,-0.031513,-0.94474,-0.326302,-0.939955,-0.082989,0.331055,-2e-06,-3e-06,-2e-06,-3e-06,5e-06,4e-06,-0.31419
58,0.071884,-0.015316,0.376073,-0.325527,0.25434,-0.910708,-0.050394,-0.966414,-0.251943,-0.9438,-0.036444,0.328544,-0.000138,-0.000384,-0.000317,0.0,0.0,0.0,-0.145805,-0.094037,0.010858,0.345285,0.468502,0.071608,0.880551,-0.060229,0.996953,-0.048898,-0.881933,-0.030234,0.470258,-6e-06,2.3e-05,1.9e-05,0.0,0.0,0.0,-0.061005,0.043556,0.023695,-0.011905,-0.422045,-0.079433,0.903087,0.068016,-0.99612,-0.055829,0.904019,0.037862,0.425811,-0.000122,0.000504,0.000415,9e-06,1.1e-05,-1.3e-05,-0.245224,0.074016,0.017476,-0.055839,-0.33984,0.317142,-0.885397,-0.031513,-0.94474,-0.326302,-0.939955,-0.082989,0.331055,-2e-06,-3e-06,-2e-06,-3e-06,5e-06,4e-06,-0.31419
59,0.071884,-0.015316,0.376073,-0.325527,0.25434,-0.910708,-0.050394,-0.966414,-0.251943,-0.9438,-0.036444,0.328544,-0.0,-0.0,-0.0,0.0,0.0,0.0,-0.145564,-0.094026,0.010852,0.345292,0.468509,0.071603,0.880547,-0.060249,0.996953,-0.048881,-0.881928,-0.030259,0.470267,-0.0,0.0,0.0,0.0,0.0,0.0,-0.060865,0.043556,0.023695,-0.011905,-0.422045,-0.079433,0.903087,0.068016,-0.99612,-0.055829,0.904019,0.037862,0.425811,-0.000122,0.000504,0.000415,9e-06,1.1e-05,-1.3e-05,-0.245224,0.074016,0.017476,-0.055839,-0.33984,0.317142,-0.885397,-0.031513,-0.94474,-0.326302,-0.939955,-0.082989,0.331055,-2e-06,-3e-06,-2e-06,-3e-06,5e-06,4e-06,-0.31419
60,0.071884,-0.015316,0.376073,-0.325527,0.25434,-0.910708,-0.050394,-0.966414,-0.251943,-0.9438,-0.036444,0.328544,-0.0,-0.0,-0.0,0.0,0.0,0.0,-0.145611,-0.094029,0.010867,0.345291,0.468524,0.071568,0.880542,-0.060208,0.996956,-0.048864,-0.881923,-0.030229,0.470277,-0.000168,0.000696,0.000575,0.0,0.0,0.0,-0.061008,0.043556,0.023695,-0.011905,-0.422045,-0.079433,0.903087,0.068016,-0.99612,-0.055829,0.904019,0.037862,0.425811,-0.000122,0.000504,0.000415,9e-06,1.1e-05,-1.3e-05,-0.245224,0.074016,0.017476,-0.055839,-0.33984,0.317142,-0.885397,-0.031513,-0.94474,-0.326302,-0.939955,-0.082989,0.331055,-2e-06,-3e-06,-2e-06,-3e-06,5e-06,4e-06,-0.31419
