frame,MLTx,MLTy,MLTz,MLTR1,MLTR2,MLTR3,MLTR4,MLTR5,MLTR6,MLTR7,MLTR8,MLTR9,MLTTVx,MLTTVy,MLTTVz,MLTRVx,MLTRVy,MLTRVz,MLGA,MRTx,MRTy,MRTz,MRTR1,MRTR2,MRTR3,MRTR4,MRTR5,MRTR6,MRTR7,MRTR8,MRTR9,MRTTVx,MRTTVy,MRTTVz,MRTRVx,MRTRVy,MRTRVz,MRGA,SLTx,SLTy,SLTz,SLTR1,SLTR2,SLTR3,SLTR4,SLTR5,SLTR6,SLTR7,SLTR8,SLTR9,SLTTVx,SLTTVy,SLTTVz,SLTRVx,SLTRVy,SLTRVz,SLGA,SRTx,SRTy,SRTz,SRTR1,SRTR2,SRTR3,SRTR4,SRTR5,SRTR6,SRTR7,SRTR8,SRTR9,SRTTVx,SRTTVy,SRTTVz,SRTRVx,SRTRVy,SRTRVz,SRGA
1,0.115028,0.010154,0.327205,-0.019542,0.301731,-0.953217,-0.886873,-0.44535,-0.122845,-0.461565,0.842606,0.277486,0.015723,0.014912,-0.004379,0.03122,-0.417553,-0.172655,-1.217425,-0.175038,0.01503,0.306039,0.321293,0.050866,0.945608,-0.665708,0.722237,0.187461,-0.673791,-0.689784,0.264702,0.014698,-0.005645,0.011965,-0.024513,-0.045518,-0.018969,0.252495,0.031419,0.029968,-0.024078,-0.313515,-0.054767,0.948002,0.562308,-0.815184,0.138867,0.765191,0.576606,0.286368,0.007336,-0.003024,0.005782,-0.037944,-0.002917,0.01149,0.16235,0.072395,0.029696,-0.079375,-0.05912,0.346466,-0.936197,-0.803835,-0.572607,-0.161148,-0.591906,0.743021,0.312354,0.014996,0.011745,-0.007253,0.09067,-0.578254,-0.247487,-0.86105
2,0.115538,0.010616,0.326911,-0.020603,0.29323,-0.955844,-0.886675,-0.447031,-0.118082,-0.4619,0.844724,0.2704,0.029514,0.021682,-0.0161,-0.195323,-0.22728,-0.956409,-1.227035,-0.174833,0.015027,0.306186,0.323646,0.050326,0.944834,-0.665136,0.722235,0.189489,-0.673232,-0.689825,0.266014,0.014676,-0.007149,0.010512,-0.034267,-0.003626,0.011664,0.249324,0.031521,0.029966,-0.024005,-0.315662,-0.053492,0.947362,0.561772,-0.81516,0.141156,0.764702,0.57676,0.287365,0.007329,-0.003762,0.00507,-0.036353,0.007085,0.019569,0.159574,0.072639,0.029918,-0.07951,-0.056091,0.339773,-0.938832,-0.803098,-0.574027,-0.159765,-0.593199,0.745014,0.305069,0.014842,0.011174,-0.007766,0.067237,-0.153891,0.06976,-0.860723
3,0.116389,0.011479,0.326224,-0.022364,0.284342,-0.958486,-0.883101,-0.454986,-0.114425,-0.468614,0.843527,0.262471,0.015145,0.020826,-0.017159,0.06619,0.001342,-0.142404,-1.244787,-0.174573,0.015061,0.30642,0.326271,0.049713,0.943964,-0.664535,0.722184,0.191777,-0.672561,-0.689922,0.267456,0.013865,0.005546,0.004133,0.003851,-0.031886,0.052674,0.216575,0.031646,0.029973,-0.023897,-0.318115,-0.052373,0.946604,0.561186,-0.815156,0.143492,0.764115,0.576868,0.288704,2.1e-05,0.002117,0.002027,0.002908,-0.016306,0.023939,0.13508,0.07307,0.030349,-0.079854,-0.058876,0.328033,-0.942829,-0.798722,-0.582021,-0.152622,-0.598812,0.744073,0.296274,0.014383,0.009307,-0.009443,0.071072,-0.084314,0.082866,-0.86056
4,0.116948,0.01209,0.325604,-0.023627,0.278537,-0.960159,-0.882405,-0.457185,-0.110968,-0.469858,0.844281,0.257779,0.013822,0.006966,-0.011535,0.029539,-0.175764,-0.082226,-1.249763,-0.174328,0.015256,0.306684,0.33724,0.059386,0.939539,-0.675084,0.710763,0.197513,-0.656453,-0.700943,0.278586,0.013883,0.008447,0.006898,0.024352,-0.431369,0.065122,0.187221,0.031768,0.030065,-0.023771,-0.329991,-0.059361,0.942115,0.57322,-0.80555,0.150023,0.750015,0.589546,0.299851,3.7e-05,0.004032,0.003855,-0.034078,-0.968843,0.447613,0.095401,0.073355,0.030667,-0.080174,-0.059282,0.323096,-0.944507,-0.797702,-0.584159,-0.149761,-0.60013,0.744557,0.292364,0.007017,0.00391,-0.005395,0.027349,-0.256068,-0.096654,-0.860234
5,0.117121,0.012301,0.325363,-0.023418,0.27843,-0.960195,-0.882014,-0.457857,-0.11131,-0.470604,0.843952,0.257497,0.013951,0.00756,-0.010999,0.035731,-0.034414,0.044056,-1.251951,-0.174118,0.015403,0.306848,0.345639,0.070695,0.935696,-0.682078,0.70366,0.198913,-0.644755,-0.707049,0.290234,0.013881,0.009418,0.007813,0.121313,-0.525388,-0.306109,0.184253,0.031879,0.030142,-0.023686,-0.340223,-0.06908,0.937803,0.581018,-0.799591,0.151886,0.739368,0.596557,0.312176,0.006932,0.004843,0.004025,0.16774,-0.635354,-0.398375,0.080868,0.073441,0.030769,-0.080297,-0.059027,0.322638,-0.944679,-0.797203,-0.5848,-0.149915,-0.600817,0.744253,0.291728,8.7e-05,0.004412,-0.005081,0.034891,-0.003044,0.026034,-0.856968
6,0.117241,0.012427,0.325139,-0.025316,0.278507,-0.960125,-0.881676,-0.458847,-0.109907,-0.471137,0.84339,0.258364,-0.000255,-0.001132,-0.001021,-0.0,-0.0,-0.0,-1.253034,-0.173737,0.015682,0.307206,0.359207,0.099834,0.927898,-0.696667,0.690177,0.19556,-0.621313,-0.716799,0.316279,8.3e-05,0.009168,0.00874,-1.366341,-1.067549,-0.786518,0.184191,0.032069,0.03028,-0.023508,-0.357629,-0.094884,0.92903,0.59591,-0.789145,0.148797,0.719021,0.606833,0.338764,0.007376,-0.000974,0.007796,-4.906931,-2.069631,-2.17942,0.07058,0.073506,0.030832,-0.080416,-0.060875,0.322592,-0.944578,-0.796725,-0.58576,-0.148702,-0.601266,0.743517,0.292676,-0.000145,-0.000665,-0.000604,-0.000466,0.000273,0.000378,-0.854845
7,0.117161,0.012292,0.325152,-0.027311,0.278686,-0.960018,-0.881766,-0.459072,-0.108235,-0.470855,0.843208,0.259468,-0.000932,-0.012271,0.007036,-0.034833,0.017374,-0.016017,-1.240957,-0.173546,0.015979,0.30775,0.370022,0.129461,0.919954,-0.710859,0.676916,0.190785,-0.598469,-0.724705,0.341323,0.000114,0.013882,0.013175,-1.41683,-0.805018,-0.606615,0.182206,0.032164,0.030421,-0.02325,-0.372842,-0.122044,0.919833,0.608803,-0.780282,0.143242,0.700248,0.613404,0.365222,4.2e-05,0.006538,0.006197,0.139124,-0.623949,-0.178349,0.065845,0.073466,0.030769,-0.080413,-0.062852,0.32245,-0.944497,-0.796788,-0.586088,-0.147067,-0.600981,0.74332,0.293761,-0.000117,-0.000523,-0.000473,-0.00034,-3.7e-05,8.8e-05,-0.853049
8,0.117028,0.012204,0.325206,-0.028731,0.278803,-0.959942,-0.881864,-0.459167,-0.10702,-0.470584,0.843117,0.260254,-4e-06,-1.9e-05,-1.7e-05,-0.0,-0.0,-0.0,-1.221077,-0.173526,0.016214,0.308539,0.381457,0.163663,0.909779,-0.731832,0.654643,0.189207,-0.565065,-0.738174,0.368325,0.000962,0.004142,0.022284,0.128611,-0.717163,0.012282,0.184017,0.032174,0.030546,-0.022849,-0.388656,-0.155505,0.908165,0.637154,-0.757355,0.142993,0.665568,0.634216,0.393432,-0.006406,0.001787,0.011462,0.171027,-0.738915,-0.2915,0.065192,0.073399,0.03072,-0.080383,-0.064287,0.322341,-0.944438,-0.796902,-0.586239,-0.145841,-0.600677,0.743249,0.294562,1e-05,4.1e-05,3.8e-05,-0.000231,-2.3e-05,6.6e-05,-0.852886
9,0.117011,0.01223,0.325202,-0.029617,0.278856,-0.9599,-0.881822,-0.459412,-0.106309,-0.470606,0.842966,0.260703,0.000152,0.000672,0.000607,-0.002093,0.108645,-0.166588,-1.216783,-0.173529,0.016286,0.308967,0.383763,0.183365,0.905039,-0.746237,0.638784,0.187133,-0.544266,-0.747408,0.380814,0.000954,0.003205,0.021361,-4.901784,-1.569195,-2.204782,0.191625,0.032173,0.030586,-0.022631,-0.394663,-0.172512,0.902485,0.649211,-0.747417,0.141034,0.650203,0.641565,0.406975,0.000461,0.001467,0.010549,0.142007,-0.72325,-0.027891,0.068784,0.07339,0.030732,-0.080386,-0.065021,0.322264,-0.944413,-0.796839,-0.586469,-0.145262,-0.600682,0.743101,0.294925,0.000473,0.006155,-0.003498,0.034642,-0.017413,0.016051,-0.852232
10,0.116956,0.012281,0.32522,-0.031874,0.279003,-0.959785,-0.881752,-0.459966,-0.104482,-0.470588,0.842615,0.261867,4.6e-05,0.000202,0.000182,-0.0,-0.0,-0.0,-1.214778,-0.173477,0.016136,0.309898,0.390819,0.216706,0.89459,-0.760126,0.62399,0.181049,-0.519445,-0.75102,0.407441,0.014653,0.001326,0.018355,0.187718,-1.005939,-0.169396,0.200926,0.032193,0.030519,-0.022171,-0.405086,-0.204025,0.891223,0.669098,-0.730455,0.136903,0.623067,0.651773,0.43241,0.000865,-0.005652,0.013006,-0.385239,-0.66791,-0.14823,0.08495,0.073363,0.03076,-0.080375,-0.06742,0.322034,-0.944323,-0.796693,-0.587137,-0.143346,-0.60061,0.742672,0.296147,2.5e-05,0.000111,0.000101,-0.002227,0.108639,-0.16655,-0.8506
11,0.116853,0.012276,0.325254,-0.033486,0.279109,-0.959699,-0.881754,-0.460263,-0.103147,-0.47047,0.842418,0.262713,-0.013669,0.001843,0.001373,-0.000984,0.014715,-0.029553,-1.203053,-0.173219,0.015882,0.31074,0.395709,0.249567,0.883811,-0.776673,0.604412,0.177199,-0.490434,-0.756854,0.431867,0.014627,-0.000645,0.016476,0.158829,-0.6683,-0.191433,0.202768,0.032317,0.030394,-0.021748,-0.414708,-0.236279,0.878743,0.688336,-0.713072,0.133116,0.595155,0.660075,0.458356,0.007299,-9.1e-05,0.008443,0.199018,-0.936379,-0.113702,0.088542,0.073317,0.030762,-0.080361,-0.068986,0.321882,-0.944262,-0.79665,-0.587507,-0.142069,-0.600491,0.742446,0.296957,-3e-06,-1.4e-05,-9e-06,-9.6e-05,-1.1e-05,2.3e-05,-0.849946
12,0.116717,0.012262,0.325279,-0.034028,0.279127,-0.959675,-0.881781,-0.460318,-0.102675,-0.47038,0.842382,0.262987,-0.01367,0.001846,0.001374,-0.000984,0.014715,-0.029553,-1.194464,-0.172552,0.015566,0.311431,0.405151,0.26491,0.875024,-0.774685,0.607634,0.174865,-0.485854,-0.749037,0.45028,0.01545,-0.015699,0.020701,0.012554,-0.306746,0.038378,0.230953,0.032656,0.030239,-0.021392,-0.426667,-0.251703,0.868677,0.685982,-0.716007,0.129466,0.589392,0.651136,0.47816,0.007712,-0.008208,0.010006,0.016352,-0.39826,0.203059,0.114016,0.073249,0.03075,-0.080346,-0.069541,0.321815,-0.944245,-0.796688,-0.587573,-0.141581,-0.600376,0.742423,0.297246,1e-06,-0.0,3e-06,-6.5e-05,3e-06,1.9e-05,-0.84913
13,0.116664,0.012262,0.325279,-0.034173,0.279124,-0.959671,-0.881778,-0.46035,-0.10255,-0.470375,0.842365,0.263052,-0.00011,-0.000486,-0.000438,-0.0,-0.0,-0.0,-1.188727,-0.172224,0.015278,0.31178,0.402276,0.266989,0.875718,-0.775067,0.608331,0.170703,-0.487631,-0.747735,0.450525,0.015449,-0.017619,0.018919,-0.045894,-0.120725,0.154855,0.229765,0.032815,0.030099,-0.021221,-0.42391,-0.254178,0.869306,0.686315,-0.716448,0.125192,0.590991,0.649689,0.478156,0.007711,-0.008959,0.009311,-0.008711,0.080685,0.016802,0.124629,0.073218,0.030752,-0.080345,-0.069708,0.321784,-0.944243,-0.796681,-0.587618,-0.141437,-0.600366,0.742401,0.297321,-7.4e-05,-0.000323,-0.000288,-5.6e-05,9e-06,4.5e-05,-0.848477
14,0.116594,0.012279,0.325292,-0.034622,0.279138,-0.959651,-0.881769,-0.460452,-0.102177,-0.470359,0.842305,0.263272,1e-06,6e-06,5e-06,-0.0,-0.0,-0.0,-1.17287,-0.171843,0.014628,0.312475,0.393365,0.266283,0.879971,-0.777182,0.607557,0.163697,-0.491511,-0.748614,0.444811,0.001736,-0.018915,0.018926,-0.072941,0.023511,-0.034825,0.199596,0.03301,0.029775,-0.02088,-0.415182,-0.254193,0.873504,0.688217,-0.715704,0.118841,0.594962,0.650501,0.472087,0.000856,-0.009429,0.009481,-0.074562,0.018413,-0.025048,0.110913,0.073182,0.030759,-0.080339,-0.070153,0.321726,-0.94423,-0.796659,-0.587735,-0.141069,-0.600343,0.742334,0.297537,-0.0,0.0,3e-06,-4.9e-05,1.6e-05,2.2e-05,-0.84717
15,0.116592,0.012272,0.325286,-0.034792,0.279151,-0.959641,-0.881765,-0.46049,-0.102039,-0.470354,0.84228,0.263361,-7e-06,-3.1e-05,-2.8e-05,-0.0,-0.0,-0.0,-1.155157,-0.171624,0.013804,0.313299,0.413654,0.22593,0.881951,-0.715188,0.679999,0.161374,-0.563759,-0.69779,0.441733,0.002605,-0.030522,0.026434,1.489069,0.327527,0.748262,0.181053,0.033125,0.029359,-0.020465,-0.429445,-0.212299,0.877784,0.618083,-0.777761,0.114281,0.658445,0.591621,0.465224,0.000901,-0.009266,0.009702,5.260642,0.988108,2.66374,0.078745,0.073181,0.030755,-0.080342,-0.070322,0.321712,-0.944222,-0.796651,-0.587779,-0.140934,-0.600334,0.742305,0.297626,-3e-06,-1.4e-05,-1e-05,-4.1e-05,7e-06,1.1e-05,-0.847007
16,0.116592,0.012264,0.325292,-0.034957,0.279167,-0.95963,-0.881773,-0.460505,-0.1019,-0.470326,0.842266,0.263455,-0.0,-0.0,-0.0,0.0,-0.0,-0.0,-1.143803,-0.171597,0.013254,0.313789,0.424795,0.198649,0.883221,-0.675195,0.719339,0.163083,-0.603446,-0.665867,0.438563,0.002606,-0.030296,0.026666,0.365921,0.125229,0.222429,0.190129,0.033139,0.029083,-0.020221,-0.436852,-0.182928,0.880736,0.571939,-0.812195,0.114993,0.694295,0.553963,0.459433,0.001281,-0.015541,0.012959,1.511243,0.329152,0.746683,0.073683,0.073181,0.030751,-0.080339,-0.070488,0.321701,-0.944213,-0.796658,-0.587802,-0.140796,-0.600305,0.742291,0.297719,-1e-06,4e-06,5e-06,-3.8e-05,1.4e-05,3.3e-05,-0.847007
17,0.116604,0.012277,0.325291,-0.035488,0.279206,-0.959599,-0.881747,-0.460648,-0.101476,-0.470334,0.842175,0.263731,0.0,2e-06,2e-06,0.0,0.0,0.0,-1.123487,-0.17176,0.012258,0.31471,0.436233,0.168596,0.883894,-0.625453,0.762942,0.163288,-0.647351,-0.624272,0.437134,-0.012022,-0.01861,0.020467,-0.0351,0.045773,-0.044541,0.197366,0.033063,0.028579,-0.01976,-0.444231,-0.151679,0.882978,0.516129,-0.848911,0.113841,0.732303,0.506303,0.455399,-0.006033,-0.008785,0.010711,0.058649,0.042582,0.025116,0.083644,0.073187,0.030758,-0.080339,-0.071019,0.321653,-0.94419,-0.796615,-0.58796,-0.14038,-0.6003,0.742186,0.29799,0.0,-4e-06,-1e-06,-2.7e-05,8e-06,2.3e-05,-0.846681
18,0.116593,0.01227,0.325298,-0.035975,0.279243,-0.95957,-0.881748,-0.460735,-0.101075,-0.470296,0.842115,0.263992,0.0,0.0,0.0,0.0,0.0,0.0,-1.114121,-0.172128,0.011533,0.315678,0.446307,0.140591,0.883763,-0.572747,0.803618,0.16153,-0.688031,-0.578439,0.438047,-0.01202,-0.01499,0.023807,1.433712,0.292432,0.702088,0.195099,0.032879,0.028212,-0.01928,-0.45025,-0.123626,0.884302,0.459808,-0.88106,0.110942,0.765408,0.456562,0.453541,-0.005538,-0.013211,0.015761,4.897272,0.970088,2.440599,0.08397,0.073182,0.030755,-0.080336,-0.071506,0.321612,-0.944167,-0.796604,-0.588069,-0.139984,-0.600256,0.742118,0.298248,-0.0,-3e-06,-1e-06,-2.9e-05,3e-06,3.1e-05,-0.847007
19,0.116583,0.012271,0.325299,-0.036149,0.279254,-0.959561,-0.881744,-0.460774,-0.100934,-0.47029,0.84209,0.264081,0.0,0.0,0.0,0.0,0.0,0.0,-1.110116,-0.172291,0.011123,0.316261,0.451752,0.125021,0.883336,-0.540807,0.825782,0.159832,-0.71,-0.550074,0.439525,-0.011165,-0.025208,0.032616,0.033382,0.036998,-0.005571,0.19547,0.032797,0.028011,-0.018992,-0.453694,-0.10678,0.884736,0.423556,-0.899329,0.108659,0.784067,0.424033,0.453248,-0.005611,-0.012336,0.016558,0.337703,0.118293,0.170648,0.08397,0.073177,0.030755,-0.080335,-0.071678,0.321594,-0.94416,-0.796595,-0.588114,-0.139844,-0.600248,0.74209,0.298335,0.0,-1e-06,-1e-06,-3.3e-05,1.5e-05,2.7e-05,-0.847334
20,0.116531,0.01227,0.32531,-0.036735,0.279287,-0.959529,-0.881742,-0.460884,-0.100447,-0.470248,0.842019,0.264384,0.0,0.0,0.0,0.0,0.0,0.0,-1.099104,-0.172779,0.01024,0.317644,0.460216,0.104066,0.881682,-0.490272,0.857673,0.154808,-0.740634,-0.50364,0.444602,-0.011144,-0.0196,0.037745,0.16595,-0.364594,-0.249251,0.201194,0.032553,0.027562,-0.018307,-0.458089,-0.082792,0.885042,0.368983,-0.923532,0.104589,0.808706,0.374477,0.453609,-0.012494,-0.010009,0.019278,0.484207,-0.339469,-0.153628,0.086909,0.073151,0.030754,-0.08033,-0.072262,0.321533,-0.944136,-0.79658,-0.588249,-0.139364,-0.600197,0.74201,0.298636,0.0,-1e-06,1e-06,-0.0021,0.108631,-0.166585,-0.847824
21,0.11644,0.012289,0.325325,-0.037381,0.279311,-0.959497,-0.881726,-0.46103,-0.09991,-0.470225,0.841931,0.264704,3e-06,1.2e-05,1e-05,0.0,0.0,0.0,-1.08199,-0.173371,0.009622,0.319426,0.463691,0.093391,0.881057,-0.46845,0.869844,0.154468,-0.752511,-0.484474,0.445955,-0.011057,-0.009597,0.04674,-0.088147,-0.03834,-0.036521,0.203516,0.032261,0.027251,-0.017446,-0.461184,-0.073712,0.884237,0.345585,-0.932774,0.102485,0.817239,0.352844,0.455654,-0.012447,-0.004784,0.023983,-0.063075,-0.009033,-0.043066,0.091482,0.073106,0.030764,-0.080322,-0.072904,0.321452,-0.944114,-0.796547,-0.588418,-0.138836,-0.600164,0.74191,0.29895,0.0,-0.0,3e-06,-2.9e-05,4e-06,1.2e-05,-0.846844
22,0.116389,0.012296,0.32533,-0.037802,0.279328,-0.959475,-0.881716,-0.461125,-0.099563,-0.47021,0.841873,0.264914,0.0,0.0,0.0,0.0,0.0,0.0,-1.075721,-0.173614,0.009402,0.320418,0.465984,0.087956,0.880406,-0.455003,0.877154,0.153325,-0.759323,-0.472146,0.447627,-0.01102,-0.006953,0.049031,4.766212,0.83074,2.45096,0.206646,0.03214,0.027138,-0.016946,-0.462702,-0.070825,0.883679,0.336756,-0.936126,0.1013,0.820061,0.344457,0.456999,-0.012016,-0.009552,0.028662,-0.153914,0.038533,-0.051167,0.092625,0.07308,0.030768,-0.08032,-0.073323,0.321402,-0.944099,-0.796525,-0.588529,-0.138493,-0.600142,0.741844,0.299157,-2e-06,-5e-06,-1e-06,-3.1e-05,1.8e-05,1.5e-05,-0.846517
23,0.116286,0.01231,0.325341,-0.038346,0.279341,-0.95945,-0.881703,-0.461248,-0.099107,-0.47019,0.841802,0.265177,0.0,0.0,0.0,0.0,0.0,0.0,-1.06342,-0.174098,0.008979,0.322399,0.469486,0.082473,0.879075,-0.438262,0.886024,0.151068,-0.766985,-0.456295,0.45099,-0.010172,-0.018905,0.056127,-0.138468,0.002308,-0.035368,0.221742,0.031889,0.026932,-0.015909,-0.46543,-0.062106,0.882903,0.313662,-0.944368,0.098919,0.827642,0.322973,0.459017,-0.005126,-0.009375,0.028148,-0.154581,0.031717,-0.016389,0.106668,0.073029,0.030774,-0.080314,-0.073862,0.321327,-0.944082,-0.796496,-0.588673,-0.138045,-0.600114,0.741763,0.299417,-1e-06,-1e-06,2e-06,-3.1e-05,1.2e-05,1.5e-05,-0.846354
24,0.116192,0.012299,0.325356,-0.038772,0.279356,-0.959428,-0.881717,-0.4613,-0.098739,-0.470127,0.841769,0.265393,-1e-06,-3e-06,-3e-06,0.0,0.0,0.0,-1.048949,-0.174473,0.008555,0.324281,0.4684,0.071006,0.880653,-0.411049,0.899775,0.146211,-0.782569,-0.430569,0.44951,0.002724,-0.009719,0.045061,0.340895,0.053007,0.230948,0.223273,0.031701,0.026729,-0.01498,-0.462636,-0.051272,0.885064,0.28521,-0.953861,0.093826,0.839418,0.295836,0.455914,-0.005536,-0.005345,0.02268,1.365506,0.292261,0.717058,0.116302,0.072981,0.030769,-0.080307,-0.074286,0.321274,-0.944067,-0.796506,-0.588745,-0.13768,-0.600049,0.741728,0.299632,0.0,3e-06,6e-06,-3e-05,9e-06,3e-06,-0.845538
25,0.1161,0.012309,0.325377,-0.039138,0.279362,-0.959412,-0.881721,-0.46136,-0.098425,-0.47009,0.841734,0.265571,4e-06,1.6e-05,1.4e-05,0.0,0.0,0.0,-1.03498,-0.17465,0.008237,0.325831,0.462152,0.06206,0.884621,-0.388985,0.91059,0.139465,-0.797425,-0.408641,0.443834,-0.011863,-0.004393,0.032912,-0.031756,0.013081,0.003601,0.207293,0.031618,0.026574,-0.014195,-0.455055,-0.043004,0.889424,0.261354,-0.961292,0.087237,0.851245,0.272152,0.44868,0.001294,-0.007786,0.019913,0.02354,0.020228,0.065489,0.111566,0.072936,0.030774,-0.080296,-0.074648,0.321222,-0.944057,-0.796503,-0.588821,-0.13737,-0.600007,0.741691,0.299808,-0.0,4e-06,7e-06,-2.1e-05,1e-06,3e-06,-0.845211
26,0.116069,0.012314,0.325381,-0.039361,0.27937,-0.9594,-0.881715,-0.46141,-0.09824,-0.470082,0.841703,0.265681,0.0,0.0,0.0,0.0,0.0,0.0,-1.026823,-0.174707,0.008122,0.326445,0.457032,0.060237,0.887403,-0.380763,0.914856,0.13413,-0.804313,-0.399272,0.439915,-0.01189,-0.007233,0.03039,-0.061423,0.020714,-0.031321,0.200684,0.031589,0.026521,-0.013897,-0.449802,-0.041931,0.892143,0.252425,-0.964139,0.081954,0.856714,0.262062,0.444256,0.00087,-0.004009,0.014296,0.042901,0.169963,-0.192118,0.099973,0.07292,0.030776,-0.080294,-0.07487,0.321193,-0.944049,-0.796491,-0.58888,-0.137187,-0.599996,0.741656,0.299917,-2e-06,-4e-06,1e-06,-2e-05,3.2e-05,2.8e-05,-0.844231
27,0.116029,0.012319,0.325385,-0.03946,0.279367,-0.959397,-0.881713,-0.461432,-0.098155,-0.470077,0.841692,0.265724,0.0,0.0,0.0,0.0,0.0,0.0,-1.016311,-0.174684,0.007946,0.327174,0.443825,0.058933,0.894168,-0.36393,0.923642,0.119892,-0.819356,-0.378705,0.430235,0.000896,-0.004266,0.01405,0.120013,0.057927,0.014377,0.194342,0.031596,0.026433,-0.013512,-0.436279,-0.043043,0.898781,0.234658,-0.969733,0.067465,0.868674,0.24034,0.433175,0.000422,-0.00277,0.006474,0.473131,0.314802,-0.138164,0.089849,0.0729,0.030779,-0.080292,-0.074967,0.321174,-0.944048,-0.796487,-0.588907,-0.137103,-0.59999,0.741644,0.299959,-0.006832,0.000931,0.000692,-0.001002,0.014729,-0.029532,-0.844395
28,0.116008,0.012322,0.325387,-0.039658,0.279376,-0.959387,-0.881708,-0.461477,-0.097991,-0.47007,0.841665,0.265823,0.0,0.0,0.0,0.0,0.0,0.0,-1.008918,-0.17472,0.007904,0.327434,0.425063,0.044697,0.904055,-0.335755,0.935261,0.111751,-0.841038,-0.351104,0.411393,-0.013658,0.002666,0.003437,-0.059286,0.688819,0.26168,0.169468,0.031583,0.026403,-0.013384,-0.417391,-0.033692,0.908101,0.205315,-0.976968,0.058122,0.885228,0.210707,0.414695,8e-06,0.000993,0.000859,1.468163,0.390605,0.590781,0.067478,0.072889,0.030781,-0.080291,-0.075163,0.321151,-0.94404,-0.796476,-0.588958,-0.136942,-0.59998,0.741612,0.300057,1e-06,-3e-06,2e-06,-1.6e-05,2e-05,2.4e-05,-0.844231
29,0.116018,0.012321,0.325386,-0.039633,0.279376,-0.959387,-0.881708,-0.461472,-0.098013,-0.470071,0.841667,0.265813,0.0,0.0,0.0,0.0,0.0,0.0,-1.006428,-0.174752,0.007968,0.327453,0.420881,0.040031,0.906227,-0.326357,0.938762,0.110229,-0.846819,-0.342203,0.40701,2.2e-05,0.001809,0.001571,-0.024718,0.185645,-0.110893,0.164016,0.031562,0.026435,-0.013375,-0.410525,-0.027405,0.911437,0.195091,-0.979042,0.058434,0.890734,0.201802,0.407268,2e-06,0.00091,0.000796,0.017119,0.14557,-0.125005,0.054905,0.072895,0.03078,-0.080292,-0.075139,0.321156,-0.94404,-0.796477,-0.588952,-0.136963,-0.599981,0.741616,0.300047,1e-06,-2e-06,2e-06,-1.5e-05,2.1e-05,2.3e-05,-0.844395
30,0.116018,0.012321,0.325386,-0.039782,0.279387,-0.959378,-0.881704,-0.461505,-0.097893,-0.470067,0.841645,0.265891,0.0,0.0,0.0,0.0,0.0,0.0,-1.004719,-0.174714,0.008012,0.327421,0.41054,0.025249,0.911489,-0.306606,0.945184,0.11204,-0.859183,-0.325504,0.394608,-1.7e-05,-0.001455,-0.001263,-0.02522,0.286522,-0.034684,0.154169,0.031581,0.026458,-0.013389,-0.398631,-0.014843,0.91699,0.174763,-0.982776,0.060064,0.900305,0.1842,0.394359,-2.1e-05,-0.001163,-0.001008,0.364706,0.429582,0.17155,0.035963,0.072895,0.03078,-0.080292,-0.075288,0.321143,-0.944033,-0.796468,-0.588991,-0.136845,-0.599974,0.74159,0.300124,1e-06,-2e-06,1e-06,-1.8e-05,2.6e-05,2.1e-05,-0.844721
31,0.116018,0.012321,0.325386,-0.03993,0.279398,-0.959369,-0.8817,-0.461539,-0.097772,-0.470062,0.841623,0.265969,0.0,0.0,0.0,0.0,0.0,0.0,-0.998253,-0.174776,0.007977,0.327395,0.396945,0.00939,0.91779,-0.28648,0.951209,0.114296,-0.872406,-0.308317,0.379091,-0.013694,-0.000506,0.000681,-0.028542,0.245953,0.136064,0.152323,0.031555,0.026433,-0.013409,-0.382801,-0.001464,0.923829,0.15409,-0.986091,0.062287,0.910889,0.166196,0.377702,-5e-06,-2e-05,-1.2e-05,0.360095,0.383168,0.407781,0.029594,0.072895,0.03078,-0.080292,-0.075436,0.321129,-0.944025,-0.79646,-0.58903,-0.136726,-0.599966,0.741565,0.300201,-0.0,-2e-06,1e-06,-2.2e-05,2.3e-05,2.1e-05,-0.845374
32,0.116019,0.012319,0.325398,-0.040074,0.279413,-0.959358,-0.881708,-0.461549,-0.097651,-0.470034,0.841613,0.266051,1.9e-05,8.1e-05,7.3e-05,0.0,0.0,0.0,-0.994117,-0.174889,0.007964,0.327407,0.384526,-0.003711,0.923102,-0.26621,0.957012,0.114864,-0.8843,-0.289911,0.365825,-1.4e-05,-0.001126,-0.000978,-0.037098,0.234713,-0.079374,0.152546,0.031493,0.026429,-0.013401,-0.368162,0.00981,0.929709,0.133138,-0.989082,0.063159,0.920179,0.147033,0.362836,-1.3e-05,-0.00065,-0.000558,-0.023542,0.184853,-0.110441,0.027145,0.072895,0.030779,-0.080286,-0.07558,0.321121,-0.944017,-0.796467,-0.589047,-0.136606,-0.599938,0.741554,0.300283,8e-06,3.7e-05,3.5e-05,-1.9e-05,1.1e-05,1.6e-05,-0.845538
33,0.11602,0.012316,0.325409,-0.040366,0.279439,-0.959339,-0.881712,-0.461593,-0.097409,-0.470002,0.84158,0.266212,2.2e-05,9.7e-05,8.7e-05,0.0,0.0,0.0,-0.992872,-0.174888,0.007942,0.327402,0.3793,-0.011031,0.925203,-0.255843,0.959644,0.116452,-0.889598,-0.280872,0.359986,-9e-06,-0.000722,-0.000627,-0.096324,0.544336,0.132687,0.153559,0.031493,0.026417,-0.013405,-0.363796,0.014677,0.931362,0.122445,-0.990445,0.063436,0.923395,0.137118,0.358523,-1.2e-05,-0.000467,-0.000399,0.006099,0.474099,0.354914,0.026329,0.072895,0.030778,-0.08028,-0.075873,0.321099,-0.944001,-0.796467,-0.589104,-0.136367,-0.599902,0.741519,0.300442,1.2e-05,4.9e-05,4.7e-05,-1.6e-05,-2e-06,1e-05,-0.845538
34,0.115971,0.012328,0.325432,-0.040909,0.279469,-0.959307,-0.881709,-0.461693,-0.096958,-0.46996,0.841515,0.266492,3.1e-05,0.000135,0.000122,0.0,0.0,0.0,-0.991531,-0.174846,0.007885,0.327388,0.371427,-0.016081,0.928319,-0.245976,0.96237,0.115211,-0.895676,-0.271125,0.352306,-2e-06,-0.000173,-0.000151,-0.017903,0.062636,0.041103,0.154864,0.031515,0.026386,-0.013413,-0.353486,0.019891,0.935228,0.112386,-0.991628,0.063568,0.928663,0.127577,0.348291,-4e-06,-7e-05,-5.8e-05,-0.009289,0.029807,0.019945,0.027472,0.072876,0.030783,-0.080269,-0.076389,0.321046,-0.943977,-0.796454,-0.58922,-0.135942,-0.599854,0.74145,0.300709,2e-05,8.6e-05,7.9e-05,-1.5e-05,8e-06,-1e-06,-0.845864
35,0.115869,0.012321,0.325478,-0.04122,0.28233,-0.958455,-0.881741,-0.461401,-0.098049,-0.469872,0.840717,0.269154,5e-06,2.3e-05,2.1e-05,8.4e-05,0.001427,0.000928,-0.9858,-0.174708,0.007837,0.327429,0.35661,-0.029405,0.933786,-0.218843,0.969019,0.114213,-0.908633,-0.245054,0.337932,0.013698,0.00057,-0.000627,-0.023208,0.117084,0.090962,0.155982,0.031578,0.026362,-0.013392,-0.336911,0.030834,0.941031,0.084546,-0.994434,0.062854,0.937732,0.100737,0.332429,-3e-06,8.5e-05,8.2e-05,0.06299,0.282769,-0.112012,0.028778,0.07282,0.03078,-0.080245,-0.077191,0.323906,-0.942934,-0.796523,-0.588864,-0.137074,-0.59966,0.740488,0.303454,-0.000374,-0.005677,0.003935,-0.035545,0.005938,-0.023456,-0.846027
36,0.115818,0.012309,0.325507,-0.041224,0.282329,-0.958455,-0.881779,-0.461335,-0.098024,-0.469801,0.840753,0.269163,6.9e-05,0.000299,0.000269,1e-06,1.8e-05,1.2e-05,-0.983125,-0.174642,0.007765,0.327467,0.349852,-0.035346,0.936133,-0.208243,0.971303,0.114621,-0.913731,-0.235009,0.331254,0.000806,-0.011982,0.007343,-0.08941,0.262236,-0.090684,0.15412,0.031611,0.026333,-0.013374,-0.329564,0.035435,0.943467,0.07369,-0.995281,0.063122,0.941252,0.090327,0.325397,-1.2e-05,-0.000545,-0.000469,-0.05378,0.186227,0.132243,0.028451,0.072794,0.030774,-0.080232,-0.077186,0.323786,-0.942976,-0.796569,-0.588823,-0.13698,-0.599598,0.740573,0.303367,-0.006782,0.001156,0.000892,-0.001106,0.012804,-0.030802,-0.846191
37,0.115688,0.012234,0.325573,-0.041709,0.282374,-0.958421,-0.881889,-0.461222,-0.097564,-0.469551,0.8408,0.269453,-1e-06,-5e-06,-5e-06,0.0,0.0,0.0,-0.978735,-0.174422,0.007728,0.327497,0.344256,-0.039965,0.93802,-0.203609,0.97209,0.116264,-0.91689,-0.230974,0.32531,0.013703,0.000841,-0.000394,-0.001387,-0.002965,0.037264,0.146602,0.031726,0.026308,-0.013358,-0.323227,0.039175,0.945509,0.069124,-0.995496,0.064876,0.943793,0.086328,0.319063,0.00685,0.000445,-0.000176,0.008218,-0.040968,0.012278,0.02094,0.072729,0.030737,-0.080199,-0.077672,0.323732,-0.942954,-0.7967,-0.588756,-0.136506,-0.599362,0.74065,0.303647,-2e-06,-4e-06,-2e-06,-1e-06,-3.9e-05,-2.6e-05,-0.846681
38,0.115622,0.012183,0.32562,-0.041717,0.285234,-0.957573,-0.881966,-0.460793,-0.098889,-0.469406,0.840066,0.271982,-0.0,-0.0,-0.0,0.002199,0.036816,0.02393,-0.970699,-0.174208,0.007775,0.32748,0.344037,-0.039798,0.938108,-0.203628,0.972113,0.11604,-0.916968,-0.230907,0.325139,0.0,3e-06,3e-06,-1e-06,2e-06,1e-06,0.150375,0.031833,0.026332,-0.013366,-0.32335,0.038704,0.945487,0.069158,-0.995524,0.064404,0.943748,0.086213,0.319226,0.006849,0.000231,-0.000366,0.001425,-0.016138,0.028389,0.017184,0.072697,0.030711,-0.080175,-0.078164,0.326826,-0.941846,-0.796835,-0.588227,-0.137988,-0.599118,0.739711,0.306405,-3e-06,-0.0,1e-06,0.000828,0.015859,0.010373,-0.847007
39,0.11559,0.012151,0.325659,-0.041854,0.285257,-0.95756,-0.882023,-0.460712,-0.09875,-0.469285,0.840103,0.272078,7e-06,3.1e-05,2.8e-05,0.0,8e-06,5e-06,-0.969281,-0.174014,0.007792,0.327452,0.34277,-0.044905,0.938341,-0.197416,0.97306,0.118804,-0.918799,-0.225919,0.32347,-0.0,-3.7e-05,-3.2e-05,-3.5e-05,0.000236,0.000163,0.15464,0.03193,0.02634,-0.01338,-0.321338,0.043598,0.94596,0.062926,-0.995748,0.067268,0.944871,0.081141,0.317229,-1e-06,-2e-05,-1.9e-05,0.001041,-0.006512,-0.003831,0.024532,0.072681,0.030695,-0.080155,-0.078279,0.326517,-0.941943,-0.796903,-0.588209,-0.137672,-0.599012,0.739861,0.306247,2e-06,9e-06,9e-06,-6.3e-05,-0.001121,-0.000724,-0.846844
40,0.115578,0.012127,0.325678,-0.041929,0.285273,-0.957552,-0.882058,-0.460663,-0.098672,-0.469213,0.840125,0.272134,-0.000747,-0.011337,0.007884,-0.034806,0.017464,-0.015977,-0.967988,-0.173964,0.007797,0.327426,0.339001,-0.045277,0.939691,-0.197618,0.973081,0.118301,-0.920148,-0.225757,0.319725,-1.1e-05,-0.00119,-0.001034,-0.003237,0.011477,0.007523,0.154657,0.031955,0.026345,-0.013391,-0.317352,0.0435,0.947309,0.063146,-0.99576,0.066878,0.946202,0.081043,0.313259,-5e-06,-0.000672,-0.000584,0.003048,-0.016405,-0.007517,0.024859,0.072675,0.030687,-0.080149,-0.078338,0.326507,-0.941942,-0.796931,-0.588186,-0.137607,-0.598967,0.739884,0.306281,-1e-06,-5e-06,-4e-06,2e-06,-0.000154,-9.6e-05,-0.845538
41,0.11558,0.012123,0.325701,-0.042068,0.285291,-0.957541,-0.882078,-0.46065,-0.09855,-0.469162,0.840125,0.27222,2.6e-05,0.000115,0.000104,0.0,0.0,0.0,-0.966053,-0.173947,0.007794,0.327354,0.330901,-0.045411,0.942568,-0.198307,0.973143,0.116624,-0.922935,-0.225462,0.311803,-1.5e-05,-0.001532,-0.001332,-0.014012,0.050504,0.032404,0.158361,0.031964,0.026343,-0.013427,-0.309169,0.042402,0.95006,0.063825,-0.995827,0.065214,0.948862,0.0808,0.305173,-0.00042,0.004666,-0.004822,0.027108,0.012847,0.039749,0.028125,0.072675,0.030681,-0.080134,-0.078495,0.326504,-0.94193,-0.796969,-0.588169,-0.137464,-0.598897,0.739899,0.306382,1.6e-05,7.4e-05,6.8e-05,7e-06,1e-06,-9e-06,-0.846517
42,0.115614,0.012151,0.325686,-0.042219,0.285298,-0.957532,-0.882036,-0.460752,-0.098447,-0.469228,0.840067,0.272287,0.0,1e-06,1e-06,0.0,0.0,0.0,-0.964504,-0.174065,0.007717,0.327203,0.328712,-0.047166,0.943247,-0.198395,0.97297,0.117912,-0.923696,-0.225846,0.309263,-4.3e-05,-0.004324,-0.003765,-0.009071,0.041284,-0.007315,0.162103,0.031905,0.026308,-0.0135,-0.30684,0.043839,0.95075,0.063954,-0.99573,0.066553,0.949609,0.081226,0.302726,-1.6e-05,-0.001869,-0.001626,-0.000481,0.000368,0.00027,0.034493,0.072692,0.030695,-0.080141,-0.078645,0.326486,-0.941923,-0.796912,-0.588268,-0.137366,-0.598952,0.739828,0.306445,-2e-06,-1.1e-05,-1.1e-05,9e-06,4e-06,-2e-06,-0.846844
43,0.115612,0.012136,0.325686,-0.042405,0.285316,-0.957519,-0.882043,-0.460773,-0.098291,-0.469198,0.84005,0.272392,-0.000214,-0.000931,-0.000839,0.0,0.0,0.0,-0.962646,-0.174089,0.007705,0.327128,0.326606,-0.051288,0.943764,-0.192567,0.973923,0.11969,-0.925672,-0.220775,0.307006,-2.1e-05,-0.002145,-0.001868,1.513464,0.380596,0.628505,0.161203,0.031893,0.026296,-0.013543,-0.304933,0.046534,0.951235,0.059803,-0.995898,0.067889,0.950493,0.077589,0.3009,-0.000299,0.004366,-0.005249,5.174682,0.933212,1.893408,0.035146,0.072692,0.03069,-0.080139,-0.078833,0.326473,-0.941912,-0.796916,-0.588299,-0.137211,-0.598922,0.739809,0.306549,-0.000523,-0.006319,0.003354,-0.035097,0.033157,-0.040135,-0.846681
44,0.115583,0.012136,0.325713,-0.04247,0.285321,-0.957514,-0.882066,-0.460743,-0.098224,-0.469149,0.840064,0.272431,-0.013471,0.002731,0.002158,-0.000984,0.014715,-0.029553,-0.96264,-0.174141,0.007788,0.326977,0.322505,-0.057426,0.94482,-0.186574,0.974671,0.123047,-0.92833,-0.215901,0.302414,-0.000832,0.010303,-0.0088,0.024048,0.03282,0.046716,0.157899,0.031867,0.026336,-0.013619,-0.299121,0.053132,0.952734,0.052081,-0.99605,0.071898,0.952792,0.071125,0.295172,-0.000415,0.005202,-0.004354,0.035679,-0.010386,0.018368,0.032697,0.072682,0.030685,-0.080131,-0.078874,0.326472,-0.941909,-0.796946,-0.58827,-0.137164,-0.598878,0.739832,0.30658,0.00013,0.000567,0.000511,0.0,3e-06,-2e-06,-0.847007
45,0.115527,0.012161,0.325748,-0.042698,0.285325,-0.957503,-0.882072,-0.460773,-0.098027,-0.469116,0.840046,0.272543,0.000185,0.000803,0.000724,0.0,0.0,0.0,-0.961711,-0.174254,0.007954,0.326717,0.314251,-0.06122,0.94736,-0.186667,0.974404,0.125009,-0.931129,-0.216058,0.293568,-0.014558,0.007613,-0.010015,0.017125,0.065465,0.028993,0.155097,0.031816,0.026421,-0.013742,-0.29038,0.055637,0.955292,0.052271,-0.995895,0.073891,0.955482,0.07139,0.28628,-1.6e-05,-0.001934,-0.001684,-0.01084,0.045187,-0.004213,0.029594,0.072649,0.030699,-0.080112,-0.079123,0.326435,-0.941901,-0.796947,-0.588318,-0.136948,-0.598843,0.739811,0.306702,-0.006716,0.001452,0.001157,-0.000987,0.014723,-0.029555,-0.84766
46,0.115494,0.01214,0.325769,-0.041131,0.285587,-0.957494,-0.884818,-0.455503,-0.097907,-0.464059,0.842825,0.27262,-0.000155,-0.000671,-0.000605,-0.0,-0.0,0.0,-0.958149,-0.174364,0.008117,0.326292,0.305497,-0.066734,0.949847,-0.18077,0.975286,0.126782,-0.935187,-0.210361,0.284669,-6.3e-05,-0.005795,-0.005065,-0.024707,0.159798,-0.166807,0.149134,0.031756,0.026507,-0.01395,-0.280975,0.059895,0.957844,0.046289,-0.996042,0.075862,0.958597,0.065653,0.277091,-0.000438,0.002452,-0.006752,0.03238,0.009266,-0.002798,0.023716,0.072633,0.030692,-0.080098,-0.077611,0.326944,-0.94185,-0.800505,-0.583549,-0.136604,-0.594278,0.743355,0.30701,-0.00011,-0.000469,-0.000424,0.00017,-4.4e-05,-2.3e-05,-0.846517
47,0.115472,0.012118,0.325789,-0.040809,0.288414,-0.95666,-0.884852,-0.45509,-0.09951,-0.464024,0.842083,0.274966,-0.00075,-0.011344,0.007879,-0.033425,0.040083,-0.001292,-0.957921,-0.174377,0.008188,0.326087,0.301506,-0.066824,0.951115,-0.180697,0.97541,0.125933,-0.936491,-0.209759,0.280801,-0.00087,0.00654,-0.012085,0.029035,0.015172,0.03522,0.146395,0.031749,0.026536,-0.014058,-0.276957,0.059173,0.959058,0.04624,-0.996124,0.074813,0.959768,0.065067,0.273147,-0.000432,0.002825,-0.006428,0.036218,-0.006408,-0.011364,0.01996,0.072622,0.030683,-0.080093,-0.077753,0.330064,-0.94075,-0.800578,-0.583029,-0.138389,-0.594163,0.742384,0.309574,-3e-06,-9e-06,-8e-06,0.000117,0.002028,0.001351,-0.846844
48,0.115431,0.012115,0.325799,-0.040924,0.288416,-0.956654,-0.884862,-0.455094,-0.099406,-0.463995,0.842079,0.275024,-0.013666,0.001885,0.001394,-0.000984,0.014719,-0.02955,-0.953621,-0.17423,0.008255,0.325785,0.301865,-0.067265,0.950971,-0.179867,0.975526,0.126218,-0.936536,-0.209074,0.281163,0.012862,0.009147,-0.010936,0.038496,-0.02649,0.046999,0.145437,0.031818,0.026567,-0.014211,-0.277612,0.059374,0.958856,0.045392,-0.996163,0.074826,0.95962,0.064297,0.273852,0.006842,-0.001502,-0.001884,0.000461,-0.000958,0.004195,0.015715,0.072606,0.030676,-0.080086,-0.07784,0.329736,-0.940858,-0.800597,-0.583069,-0.138108,-0.594124,0.742498,0.309372,-1e-06,-1e-06,0.0,2.8e-05,-0.001024,-0.0007,-0.844721
49,0.115391,0.012127,0.325809,-0.041002,0.288412,-0.956652,-0.88486,-0.455112,-0.099338,-0.463992,0.842071,0.275055,3.6e-05,0.000156,0.00014,0.0,0.0,0.0,-0.951789,-0.173934,0.008179,0.325653,0.293883,-0.069725,0.95329,-0.174646,0.976581,0.125389,-0.940047,-0.203261,0.273606,0.013686,-0.002433,-0.00327,-0.004205,0.006951,0.043898,0.143151,0.031965,0.026534,-0.014279,-0.269014,0.060808,0.961214,0.040056,-0.996434,0.074246,0.962302,0.058476,0.265619,0.006844,-0.001419,-0.001815,0.000881,-0.011092,0.003189,0.014082,0.072581,0.030683,-0.08008,-0.077941,0.329703,-0.940861,-0.80059,-0.583101,-0.138014,-0.594121,0.742487,0.309404,2.1e-05,9.6e-05,8.8e-05,6.2e-05,-1.5e-05,-3.2e-05,-0.842925
50,0.115371,0.01213,0.325811,-0.041051,0.28841,-0.956651,-0.884859,-0.455124,-0.099295,-0.463989,0.842065,0.275076,1e-06,2e-06,2e-06,0.0,0.0,0.0,-0.951525,-0.173769,0.008117,0.325598,0.287565,-0.073689,0.954918,-0.169443,0.977345,0.126566,-0.942942,-0.198118,0.267344,-2.9e-05,-0.00324,-0.002844,-0.123441,0.446418,0.260763,0.141251,0.032053,0.026505,-0.014306,-0.264113,0.062375,0.962472,0.03459,-0.996651,0.074082,0.96387,0.052858,0.261071,0.00685,-0.000843,-0.00131,-0.132861,0.451944,0.344186,0.012449,0.072571,0.030684,-0.080079,-0.07799,0.329693,-0.94086,-0.800587,-0.583115,-0.137972,-0.594119,0.742481,0.309425,-2e-06,-5e-06,-2e-06,5.4e-05,8e-06,-2e-05,-0.845211
51,0.115339,0.012117,0.325826,-0.041159,0.288419,-0.956643,-0.88488,-0.455104,-0.099194,-0.463939,0.842073,0.275138,0.0,0.0,0.0,0.0,0.0,0.0,-0.949569,-0.173425,0.008058,0.325422,0.276658,-0.075147,0.958021,-0.158817,0.979604,0.122823,-0.948029,-0.186047,0.257857,-3.1e-05,-0.00392,-0.003445,-0.022356,0.150652,0.075506,0.132955,0.032225,0.026476,-0.014392,-0.251333,0.063399,0.965821,0.023882,-0.997142,0.07167,0.967605,0.041079,0.2491,0.006843,-0.002082,-0.002406,0.008023,0.206733,0.06486,0.004611,0.072555,0.030678,-0.080072,-0.078097,0.329685,-0.940854,-0.800612,-0.583105,-0.13787,-0.594071,0.742493,0.309488,0.0,-3e-06,-1e-06,4.8e-05,-3e-06,-3.1e-05,-0.846191
52,0.115348,0.012117,0.325813,-0.041287,0.288427,-0.956635,-0.884864,-0.455157,-0.099096,-0.463958,0.842042,0.275202,-4.2e-05,-0.000183,-0.000165,0.0,0.0,0.0,-0.944119,-0.173242,0.008054,0.325149,0.269488,-0.078049,0.959831,-0.15349,0.980439,0.122939,-0.95096,-0.180368,0.251011,-0.000865,0.007337,-0.011402,0.016546,0.12243,-0.13174,0.127818,0.032317,0.026469,-0.014528,-0.24365,0.065546,0.967645,0.018508,-0.997217,0.07221,0.969686,0.035503,0.241759,-0.000433,0.003319,-0.006008,0.03511,-0.006819,-0.011597,-0.005186,0.072559,0.030678,-0.080078,-0.078226,0.329672,-0.940848,-0.800588,-0.58316,-0.137775,-0.594086,0.742455,0.30955,-3.1e-05,-0.000138,-0.000125,3.8e-05,1.8e-05,-4e-05,-0.846354
53,0.11536,0.012122,0.325818,-0.041241,0.288426,-0.956638,-0.884866,-0.455146,-0.099135,-0.46396,0.842048,0.27518,1.2e-05,5e-05,4.5e-05,0.0,0.0,0.0,-0.943533,-0.173215,0.008181,0.324747,0.263038,-0.075488,0.961823,-0.153443,0.980924,0.11907,-0.952764,-0.178821,0.245209,-0.000873,0.006303,-0.012317,0.40711,1.60144,-2.230782,0.123691,0.032329,0.026536,-0.014732,-0.23818,0.06252,0.969206,0.018304,-0.997459,0.068841,0.971048,0.034137,0.23643,-0.000474,0.00317,-0.006137,0.415881,1.572593,-2.247516,-0.010248,0.072565,0.030681,-0.080076,-0.07818,0.329678,-0.94085,-0.80059,-0.583148,-0.137813,-0.594089,0.742461,0.309528,7e-06,2.8e-05,2.6e-05,3.1e-05,1.5e-05,-1.9e-05,-0.846191
54,0.115352,0.012137,0.325831,-0.041223,0.288422,-0.95664,-0.884866,-0.455141,-0.099148,-0.46396,0.842052,0.275168,0.000144,0.000622,0.000561,0.0,0.0,0.0,-0.943878,-0.173201,0.008316,0.324528,0.259173,-0.079743,0.962529,-0.153167,0.980533,0.122596,-0.953862,-0.179112,0.240685,-0.000863,0.007739,-0.011049,-0.107134,0.499407,0.357177,0.123,0.032337,0.026598,-0.01484,-0.235463,0.063827,0.969784,0.01794,-0.997385,0.069999,0.971717,0.03388,0.233702,-0.000426,0.003627,-0.005739,0.031868,0.006171,-0.003512,-0.012535,0.072561,0.030687,-0.08007,-0.078162,0.329677,-0.940852,-0.800591,-0.583144,-0.137826,-0.59409,0.742465,0.309516,9.4e-05,0.000404,0.000365,2.7e-05,7e-06,-1.5e-05,-0.846028
55,0.11532,0.012173,0.325876,-0.041358,0.288426,-0.956633,-0.884875,-0.455151,-0.099028,-0.463931,0.842045,0.275236,0.000216,0.000936,0.000843,0.0,0.0,0.0,-0.942617,-0.173216,0.008718,0.324103,0.250579,-0.085227,0.964333,-0.146848,0.981196,0.124994,-0.957137,-0.172835,0.232121,-0.000842,0.010636,-0.008486,0.010854,0.079652,0.078386,0.122999,0.032329,0.026794,-0.015056,-0.223684,0.069791,0.972159,0.011909,-0.997162,0.074326,0.974588,0.028203,0.222217,-0.000414,0.005396,-0.004174,0.017006,0.047205,0.057402,-0.014657,0.072545,0.030705,-0.080048,-0.078296,0.329659,-0.940847,-0.800599,-0.583161,-0.137707,-0.594063,0.742459,0.309584,0.000135,0.000584,0.000525,1.6e-05,4e-06,-1e-05,-0.846681
56,0.115288,0.012217,0.325915,-0.041328,0.288413,-0.956638,-0.884877,-0.455143,-0.099047,-0.463931,0.842054,0.275211,0.000142,0.000612,0.000551,0.0,0.0,0.0,-0.93799,-0.173181,0.009113,0.32387,0.246072,-0.088789,0.965172,-0.146412,0.980915,0.127684,-0.958367,-0.172632,0.227145,0.013718,0.001144,-0.000138,0.001676,-0.013893,0.030123,0.116266,0.032341,0.026998,-0.015173,-0.219059,0.072402,0.973021,0.011533,-0.99698,0.076781,0.975642,0.028041,0.217562,-0.000411,0.006133,-0.003518,0.040488,-0.028761,0.005968,-0.021842,0.072529,0.030729,-0.080027,-0.078264,0.329652,-0.940852,-0.800601,-0.583154,-0.137725,-0.594064,0.742469,0.30956,6.7e-05,0.000291,0.000263,1.3e-05,-0.0,-1.6e-05,-0.843742
57,0.11528,0.012231,0.325928,-0.041458,0.28842,-0.95663,-0.884873,-0.455174,-0.09894,-0.463926,0.842035,0.275277,0.000197,0.000851,0.000766,0.0,0.0,0.0,-0.937146,-0.173116,0.009251,0.323825,0.246362,-0.089143,0.965065,-0.145982,0.980939,0.127995,-0.958359,-0.172314,0.227421,1e-05,0.001526,0.001348,-5e-06,1.6e-05,1.1e-05,0.11731,0.032374,0.027066,-0.015196,-0.219445,0.072692,0.972913,0.011094,-0.996969,0.076991,0.975561,0.027689,0.217974,-0.000408,0.006776,-0.002953,0.038964,-0.029577,0.04009,-0.023638,0.072525,0.030735,-0.080021,-0.078394,0.329638,-0.940846,-0.800593,-0.583189,-0.13762,-0.594057,0.742447,0.309625,0.000122,0.000525,0.000475,-0.002029,0.108405,-0.166742,-0.845211
