frame,MLTx,MLTy,MLTz,MLTR1,MLTR2,MLTR3,MLTR4,MLTR5,MLTR6,MLTR7,MLTR8,MLTR9,MLTTVx,MLTTVy,MLTTVz,MLTRVx,MLTRVy,MLTRVz,MLGA,MRTx,MRTy,MRTz,MRTR1,MRTR2,MRTR3,MRTR4,MRTR5,MRTR6,MRTR7,MRTR8,MRTR9,MRTTVx,MRTTVy,MRTTVz,MRTRVx,MRTRVy,MRTRVz,MRGA,SLTx,SLTy,SLTz,SLTR1,SLTR2,SLTR3,SLTR4,SLTR5,SLTR6,SLTR7,SLTR8,SLTR9,SLTTVx,SLTTVy,SLTTVz,SLTRVx,SLTRVy,SLTRVz,SLGA,SRTx,SRTy,SRTz,SRTR1,SRTR2,SRTR3,SRTR4,SRTR5,SRTR6,SRTR7,SRTR8,SRTR9,SRTTVx,SRTTVy,SRTTVz,SRTRVx,SRTRVy,SRTRVz,SRGA
1,0.054689,-0.007846,0.356771,-0.348236,-0.162895,-0.923169,0.259482,-0.963046,0.071992,-0.90035,-0.214281,0.378787,0.01678,0.003326,0.004157,0.021936,0.061475,0.100897,0.38593,-0.094833,0.023346,0.334813,0.596472,0.1098,0.795083,-0.242116,0.969027,0.047959,-0.765917,-0.221258,0.603555,4.5e-05,-0.000185,-0.000154,0.0,0.0,-0.0,-0.862259,0.045543,0.033003,-0.013538,-0.449945,-0.213747,0.867099,0.344707,-0.937258,-0.052171,0.823848,0.275421,0.495395,2e-05,-8.3e-05,-6.9e-05,-0.000634,-0.001172,0.000553,-0.865565,0.063845,0.018826,-0.060982,-0.355959,-0.078037,-0.931237,0.07108,-0.99588,0.056284,-0.931793,-0.046158,0.360039,0.001459,0.003451,0.003164,0.016957,0.062256,0.064552,0.361343
2,0.055292,-0.00786,0.356925,-0.35252,-0.156354,-0.922675,0.258603,-0.963816,0.064466,-0.898931,-0.215695,0.381348,0.028681,-0.004811,-0.002237,0.021454,0.05774,0.103744,0.254546,-0.094825,0.023311,0.334797,0.596413,0.109875,0.795117,-0.242195,0.96901,0.047909,-0.765938,-0.221296,0.603514,0.000111,-0.000451,-0.000376,-0.0,0.0,0.0,-0.85965,0.045547,0.032986,-0.013546,-0.449883,-0.213817,0.867113,0.344782,-0.937228,-0.052224,0.82385,0.275471,0.495363,0.0011,-0.005864,0.003737,-0.051658,0.109889,-0.189404,-0.865891,0.064135,0.018833,-0.060894,-0.35877,-0.070885,-0.93073,0.070221,-0.996336,0.048813,-0.93078,-0.047844,0.362433,0.007571,-0.000246,0.000311,0.029166,-0.006631,0.283186,0.266961
3,0.055814,-0.00802,0.356901,-0.35494,-0.154025,-0.922139,0.258024,-0.964154,0.061669,-0.898142,-0.215861,0.383108,0.040401,-0.020838,0.002709,0.083716,0.494197,0.338766,0.113802,-0.094814,0.023305,0.334803,0.596511,0.109766,0.795058,-0.242127,0.969021,0.048023,-0.765884,-0.2213,0.603582,2e-06,-8e-06,-6e-06,-0.0,0.0,0.0,-0.851865,0.045553,0.032982,-0.013543,-0.449999,-0.213718,0.867078,0.344736,-0.937251,-0.052103,0.823806,0.275467,0.495439,-6e-06,2.1e-05,1.6e-05,-0.000115,2e-06,-3.9e-05,-0.865564,0.064418,0.01875,-0.060906,-0.358525,-0.069138,-0.930956,0.069548,-0.99646,0.047218,-0.930925,-0.047818,0.362064,0.020112,-0.010623,0.001152,0.079945,0.480091,0.330809,0.136002
4,0.057124,-0.008456,0.356852,-0.357227,-0.150403,-0.921853,0.256761,-0.964727,0.057843,-0.897594,-0.215854,0.384394,0.0426,-0.008148,-0.004281,0.00884,-0.033664,0.126363,-0.162838,-0.094813,0.023293,0.334833,0.596608,0.109674,0.794998,-0.242109,0.969019,0.048154,-0.765814,-0.221354,0.603651,-0.000146,0.000596,0.000497,-0.0,0.0,0.0,-0.810241,0.045553,0.032976,-0.013529,-0.450112,-0.213637,0.867039,0.344743,-0.937257,-0.05197,0.823741,0.275513,0.495521,-8.3e-05,0.000338,0.000282,-6.9e-05,7e-06,-4.5e-05,-0.858053,0.065069,0.018523,-0.060939,-0.362412,-0.064053,-0.929814,0.06833,-0.996776,0.042033,-0.929509,-0.048301,0.36562,0.021294,-0.004084,-0.002171,0.000551,-0.06838,0.108922,-0.177189
5,0.058279,-0.008649,0.356937,-0.366736,-0.141802,-0.919479,0.255549,-0.965641,0.046938,-0.894088,-0.21759,0.39152,0.029743,-0.002097,0.000159,0.094359,0.402237,0.279455,-0.524031,-0.094816,0.023307,0.334844,0.594629,0.111121,0.796279,-0.242282,0.969089,0.045834,-0.767296,-0.220329,0.602142,-5.9e-05,0.000242,0.000202,0.0,0.0,-0.0,-0.691452,0.045551,0.032984,-0.013522,-0.447805,-0.214923,0.867915,0.344557,-0.937193,-0.054303,0.825076,0.274729,0.493733,-3.5e-05,0.000142,0.000119,-0.00085,-0.001229,0.001205,-0.821639,0.065624,0.018427,-0.060897,-0.368234,-0.054861,-0.928112,0.067198,-0.997216,0.032284,-0.927301,-0.05048,0.370895,0.0144,-0.005905,0.004897,0.088718,0.436746,0.523205,-0.430616
6,0.058872,-0.008765,0.356997,-0.368414,-0.13639,-0.919627,0.254665,-0.966136,0.041208,-0.893649,-0.218854,0.391818,0.029672,-0.002224,2.3e-05,0.106373,-0.053455,0.342694,-0.788451,-0.094826,0.023348,0.334865,0.590772,0.113886,0.798755,-0.242484,0.969242,0.041296,-0.770203,-0.218236,0.599185,-0.002561,0.013194,-0.006253,0.039018,-0.000658,0.016866,-0.575192,0.045548,0.032997,-0.013512,-0.443279,-0.217404,0.869619,0.344085,-0.93709,-0.058878,0.827712,0.273124,0.490198,-0.000314,0.001279,0.001066,0.008591,-0.005954,0.015629,-0.777551,0.065932,0.01837,-0.060865,-0.370983,-0.0484,-0.927376,0.06635,-0.997469,0.025515,-0.926265,-0.052066,0.373256,0.014132,-0.006557,0.004289,0.283151,-0.362214,0.83659,-0.578231
7,0.060636,-0.009329,0.357025,-0.376677,-0.103985,-0.920514,0.21729,-0.975861,0.021264,-0.900039,-0.191888,0.391327,0.056079,-0.012358,-0.00726,-1.471707,0.224212,0.893328,-1.726616,-0.094884,0.023503,0.334997,0.584549,0.118542,0.802646,-0.24316,0.969353,0.034069,-0.77472,-0.215247,0.594423,-0.001252,0.005103,0.004247,-0.015461,0.10488,-0.168258,-0.285937,0.045518,0.033078,-0.013449,-0.436114,-0.221494,0.872206,0.343601,-0.936786,-0.06609,0.83171,0.270868,0.484651,-0.000674,0.002744,0.002285,-0.018103,0.100859,-0.164278,-0.619649,0.066806,0.018097,-0.060844,-0.372074,-0.015761,-0.928069,0.029882,-0.99954,0.004995,-0.927721,-0.025874,0.372373,0.027398,-0.011274,0.000837,-5.044224,0.331112,2.609304,-0.843905
8,0.062589,-0.010055,0.357153,-0.389141,-0.081045,-0.91763,0.207468,-0.978226,-0.001642,-0.897035,-0.190925,0.398626,0.042807,-0.014786,0.007967,0.036756,0.190897,0.438385,-1.91504,-0.095106,0.023731,0.335195,0.581351,0.124027,0.804139,-0.249456,0.967849,0.031211,-0.775121,-0.218909,0.592561,-0.001618,0.00661,0.005487,-0.001,-0.015324,0.021993,-0.00399,0.045408,0.033191,-0.013351,-0.432204,-0.226667,0.872823,0.349209,-0.934445,-0.069749,0.831415,0.274652,0.483025,-0.008348,0.007285,-0.001665,0.024422,-0.004475,0.010094,-0.33389,0.067784,0.017725,-0.060795,-0.380914,0.009971,-0.924556,0.018502,-0.999659,-0.018403,-0.924425,-0.024116,0.380599,0.021368,-0.007479,0.003878,0.043227,0.223816,0.452044,-0.807654
9,0.063482,-0.010306,0.357329,-0.400477,-0.069788,-0.91367,0.204911,-0.978649,-0.015123,-0.892611,-0.193199,0.407366,0.043873,-0.012011,0.010445,0.103038,0.55213,0.621514,-1.915474,-0.095338,0.023844,0.335251,0.574962,0.142936,0.805592,-0.283871,0.958269,0.03272,-0.767996,-0.247687,0.590505,-0.01435,0.002304,0.003686,-1.356486,-0.024609,-1.006426,0.083498,0.04529,0.033254,-0.013318,-0.42376,-0.244314,0.872202,0.381844,-0.921372,-0.072569,0.821353,0.302294,0.483731,-0.00718,0.00117,0.001861,-1.355313,-0.06251,-1.049218,-0.198359,0.068246,0.017592,-0.060705,-0.388937,0.022807,-0.920981,0.016105,-0.999372,-0.03155,-0.921123,-0.027104,0.388325,0.022026,-0.005772,0.005403,0.123255,0.664884,0.6764,-0.822514
10,0.065728,-0.010897,0.357752,-0.417773,-0.047794,-0.907319,0.197951,-0.979397,-0.039614,-0.886214,-0.196103,0.419757,0.072465,-0.01639,0.008198,0.098269,0.527721,0.714448,-1.915716,-0.09619,0.024105,0.335134,0.560996,0.187716,0.806248,-0.367653,0.929082,0.039644,-0.742309,-0.318904,0.589186,-0.028861,0.008182,-0.006886,-0.128344,0.079746,-0.052396,0.186845,0.044864,0.033386,-0.013375,-0.405331,-0.287527,0.867775,0.462812,-0.883153,-0.076447,0.788359,0.370631,0.491041,-0.014394,0.003916,-0.003569,-0.12119,0.072538,-0.065134,-0.009269,0.069343,0.017305,-0.060494,-0.401078,0.046826,-0.914845,0.009799,-0.998415,-0.0554,-0.915991,-0.031185,0.399984,0.029129,-0.006913,0.004766,-0.005244,-0.036338,0.356178,-0.823657
11,0.068496,-0.011451,0.358163,-0.430432,-0.029761,-0.902157,0.190728,-0.97987,-0.058733,-0.881715,-0.197318,0.428568,0.07479,-0.002239,0.002286,0.117542,0.607865,0.556287,-1.915261,-0.097464,0.024285,0.334698,0.557506,0.223209,0.799598,-0.43346,0.899679,0.05122,-0.708625,-0.375435,0.597296,-0.04049,-0.000561,-0.012387,-1.67958,-0.474139,-0.709228,0.24354,0.04424,0.033482,-0.013584,-0.399344,-0.32146,0.858596,0.524762,-0.848074,-0.073446,0.751763,0.421229,0.507363,-0.014489,0.006,-0.010469,-5.576473,-2.007225,-1.621019,0.090502,0.070703,0.017025,-0.060292,-0.409768,0.066432,-0.909766,0.003116,-0.997236,-0.074223,-0.912183,-0.033249,0.408428,0.03728,-0.001421,0.000833,0.040515,0.128258,0.281568,-0.829208
12,0.071283,-0.011437,0.35838,-0.446048,-0.014683,-0.894914,0.185352,-0.979686,-0.076369,-0.87506,-0.199928,0.440823,0.077345,0.013099,-0.002632,0.104841,0.320885,0.436517,-1.914451,-0.099024,0.024365,0.333974,0.537939,0.269885,0.798608,-0.508396,0.859506,0.052132,-0.672989,-0.434396,0.598539,-0.039721,-0.003818,-0.015124,-0.393697,0.119246,-0.540608,0.320901,0.043446,0.033518,-0.013954,-0.375541,-0.36635,0.851325,0.595946,-0.798936,-0.080919,0.7098,0.476956,0.518358,-0.019799,-0.002156,-0.00774,-0.393416,0.124739,-0.542685,0.187007,0.072147,0.017027,-0.060179,-0.424561,0.085685,-0.901335,-0.002136,-0.995603,-0.09364,-0.905396,-0.037831,0.422877,0.038767,0.006811,-0.00113,0.102496,0.299194,0.425361,-0.827412
13,0.072828,-0.011252,0.358471,-0.457562,-0.006257,-0.889181,0.182452,-0.979339,-0.087056,-0.869697,-0.202067,0.450358,0.077013,0.005289,0.008568,0.068707,0.325423,0.446328,-1.913952,-0.099913,0.024436,0.333503,0.518212,0.302722,0.799879,-0.559167,0.827553,0.049212,-0.64767,-0.473151,0.597088,-0.041338,0.005722,-0.024424,-1.301321,-0.033994,-1.089566,0.362886,0.043032,0.033549,-0.014171,-0.35475,-0.393934,0.847919,0.637656,-0.765194,-0.08872,0.683773,0.509208,0.522647,-0.027197,0.001422,-0.012508,-0.390015,0.148712,-0.590117,0.237627,0.072866,0.01711,-0.060137,-0.434293,0.09561,-0.895682,-0.004594,-0.994572,-0.103939,-0.900759,-0.041026,0.432375,0.038556,0.002753,0.004339,0.095653,0.512972,0.541132,-0.828555
14,0.075632,-0.01083,0.358686,-0.492928,0.013476,-0.869992,0.174608,-0.977986,-0.11414,-0.851766,-0.208196,0.480807,0.07792,0.016627,3e-06,0.210987,1.166373,0.897795,-1.912037,-0.101779,0.0246,0.332551,0.483549,0.351864,0.801475,-0.63523,0.770972,0.04492,-0.602692,-0.531284,0.595284,-0.054446,0.003094,-0.024928,-1.287279,-0.117942,-0.946178,0.433214,0.04209,0.033631,-0.014659,-0.313809,-0.441057,0.840828,0.709285,-0.697616,-0.10122,0.631219,0.564623,0.531754,-0.027157,0.001421,-0.012522,-4.483726,-0.178772,-3.475386,0.340336,0.074294,0.017328,-0.060022,-0.463391,0.12037,-0.87794,-0.011286,-0.991452,-0.129976,-0.886081,-0.050321,0.460789,0.031453,0.004424,0.005286,0.128172,0.851604,0.644125,-0.827739
15,0.07823,-0.010313,0.358883,-0.530125,0.041401,-0.846935,0.165084,-0.974632,-0.151038,-0.831045,-0.219944,0.510897,0.063416,0.018995,0.001095,0.201614,1.212765,0.885897,-1.910316,-0.103987,0.024693,0.331542,0.453769,0.386512,0.802928,-0.688489,0.724058,0.040692,-0.566183,-0.571756,0.593628,-0.054003,0.001104,-0.026664,-1.30514,-0.004763,-1.110843,0.47319,0.04101,0.033682,-0.01515,-0.282923,-0.4704,0.835869,0.753401,-0.648321,-0.109845,0.593583,0.598667,0.537825,-0.02704,0.000775,-0.013111,-0.337867,0.04381,-0.395749,0.420512,0.075599,0.01759,-0.059921,-0.495374,0.154713,-0.854791,-0.019279,-0.985727,-0.167238,-0.868465,-0.066366,0.491287,0.031063,0.003822,0.004626,0.115515,0.855061,0.639011,-0.827902
16,0.080518,-0.009989,0.359229,-0.562661,0.09469,-0.821275,0.107684,-0.976534,-0.186431,-0.818958,-0.193461,0.540284,0.060569,-0.003687,0.017363,-0.277953,1.290891,1.162063,-1.908706,-0.106091,0.024577,0.330439,0.403037,0.429031,0.808384,-0.754948,0.655099,0.028859,-0.51767,-0.622454,0.586882,-0.052909,-0.00429,-0.031276,-1.394821,0.041791,-1.201713,0.445128,0.039931,0.033629,-0.015707,-0.226015,-0.509053,0.83053,0.812555,-0.56877,-0.12749,0.53728,0.646038,0.542184,-0.026362,-0.002423,-0.015789,-4.788185,-0.039453,-3.714658,0.432759,0.076768,0.017761,-0.059746,-0.518136,0.213098,-0.828325,-0.075396,-0.976074,-0.203946,-0.851968,-0.043219,0.521806,0.030264,-0.001916,0.008583,-0.285615,1.269372,1.148988,-0.832148
17,0.081485,-0.00983,0.35943,-0.57888,0.122177,-0.806236,0.072363,-0.977087,-0.200091,-0.811492,-0.17433,0.557779,0.047297,0.008832,0.009418,-1.191588,0.902697,1.728631,-1.907744,-0.107044,0.024576,0.329772,0.361913,0.456525,0.81277,-0.799899,0.599765,0.019441,-0.479024,-0.657737,0.581188,-0.041522,0.008699,-0.0394,-4.494263,-0.004588,-3.429169,0.39368,0.039451,0.033621,-0.01604,-0.184122,-0.530784,0.827264,0.84759,-0.511904,-0.139799,0.497683,0.675442,0.54414,-0.019763,-0.001459,-0.015915,-0.268554,0.227516,-0.573771,0.40353,0.077234,0.017838,-0.059648,-0.529588,0.241934,-0.813021,-0.108347,-0.969906,-0.218043,-0.841306,-0.027385,0.539864,0.023592,0.004377,0.004587,-4.288192,0.340148,3.99307,-0.83721
18,0.083032,-0.00952,0.359791,-0.616605,0.186381,-0.764922,-0.007039,-0.972812,-0.231431,-0.786495,-0.137557,0.602105,0.032319,0.008663,0.008558,0.1565,1.761652,1.067189,-1.905569,-0.108436,0.025218,0.328002,0.294389,0.485616,0.823106,-0.852124,0.523263,-0.003807,-0.432893,-0.700869,0.566788,-0.032077,0.03351,-0.054813,0.508689,0.671854,-0.700964,0.124974,0.038752,0.033928,-0.016923,-0.111013,-0.554578,0.824692,0.890577,-0.423803,-0.165112,0.441075,0.716123,0.540942,-0.009415,0.017883,-0.027286,1.340762,1.790239,-1.726675,0.190762,0.078014,0.017995,-0.059466,-0.554033,0.311919,-0.77185,-0.186501,-0.950093,-0.25008,-0.811334,0.005398,0.584556,0.016035,0.003932,0.003911,0.051975,1.561484,1.008828,-0.845374
19,0.084011,-0.009372,0.359979,-0.649554,0.262293,-0.713671,-0.099109,-0.959783,-0.262614,-0.753047,-0.100184,0.650316,0.015705,0.003049,0.003152,-0.165969,1.847834,1.17635,-1.904918,-0.108578,0.027417,0.325802,0.260141,0.491431,0.831152,-0.866354,0.498804,-0.023628,-0.426494,-0.714534,0.554443,0.014468,0.077203,-0.05904,-0.170921,0.046614,-0.243062,-0.094538,0.038666,0.034994,-0.018034,-0.074923,-0.55659,0.827401,0.898606,-0.397398,-0.185958,0.432311,0.729576,0.52993,0.00731,0.038368,-0.029722,-1.160198,0.059234,-0.91595,-0.117367,0.078512,0.018078,-0.059364,-0.573485,0.392019,-0.719329,-0.273657,-0.919303,-0.282828,-0.772156,0.034652,0.634486,0.014573,-0.000485,0.000123,-1.028487,1.231314,2.007619,-0.84766
20,0.084279,-0.009306,0.359991,-0.663257,0.298389,-0.686367,-0.141387,-0.950494,-0.276665,-0.734119,-0.086835,0.673465,0.015045,0.001034,0.001428,0.077789,1.850142,0.876356,-1.904834,-0.108166,0.029046,0.324673,0.239306,0.492162,0.836959,-0.875525,0.481978,-0.032951,-0.419887,-0.725502,0.545164,0.026629,0.08368,-0.055074,0.163883,0.19266,0.179376,-0.19187,0.038868,0.035807,-0.0186,-0.053151,-0.555769,0.829635,0.90453,-0.378793,-0.195804,0.423082,0.740023,0.522843,0.013315,0.042025,-0.027402,0.122964,0.301805,0.223772,-0.248326,0.078646,0.01811,-0.059359,-0.580734,0.430033,-0.691243,-0.313586,-0.901741,-0.297534,-0.751272,0.043976,0.658524,0.000648,0.001969,0.001659,-0.121107,2.043904,1.478308,-0.847007
21,0.084521,-0.00904,0.359995,-0.684512,0.361832,-0.632904,-0.216888,-0.929868,-0.297116,-0.695175,-0.066567,0.715771,0.002665,0.015904,-0.004386,-0.880135,1.247621,1.679019,-1.90525,-0.106992,0.032589,0.322575,0.210667,0.479089,0.852106,-0.885668,0.462443,-0.040905,-0.413885,-0.746657,0.52064,0.025157,0.088801,-0.050346,0.030414,0.54966,0.207829,-0.370686,0.039454,0.037581,-0.019646,-0.024414,-0.540156,0.84121,0.911156,-0.358249,-0.203595,0.411336,0.761503,0.500913,0.019049,0.046084,-0.024642,-0.024699,0.668091,0.351347,-0.440846,0.078768,0.018228,-0.059364,-0.591563,0.494671,-0.636672,-0.382113,-0.86736,-0.318867,-0.709958,0.054651,0.702119,0.000785,0.002544,0.002097,-3.462171,-0.417683,4.54612,-0.846354
22,0.084665,-0.008644,0.360212,-0.705043,0.396933,-0.587711,-0.276053,-0.916903,-0.288191,-0.652394,-0.041448,0.756764,0.0041,0.02038,-0.000606,0.06534,1.327108,0.406191,-1.904825,-0.105661,0.035983,0.321003,0.212937,0.445219,0.86973,-0.884144,0.466613,-0.022263,-0.41598,-0.764773,0.49188,0.037826,0.088341,-0.034951,-0.175703,0.901958,0.527814,-0.58742,0.040116,0.039275,-0.020441,-0.027328,-0.508305,0.860742,0.912812,-0.363671,-0.185783,0.407462,0.78062,0.473926,0.018847,0.044647,-0.017108,-0.222792,0.975064,0.57218,-0.647245,0.078837,0.018418,-0.059262,-0.605362,0.533289,-0.590879,-0.439382,-0.842897,-0.310592,-0.663686,0.071601,0.744575,0.0017,0.005289,0.004488,-0.271648,0.841079,0.198745,-0.853702
23,0.084712,-0.008381,0.360326,-0.713083,0.411738,-0.567476,-0.308935,-0.911067,-0.272924,-0.6285,-0.019823,0.777575,0.003939,0.019881,-0.001044,-3.065366,1.660696,-0.257239,-1.904664,-0.104761,0.037606,0.320525,0.208239,0.434276,0.876375,-0.889027,0.457527,-0.015346,-0.407864,-0.776458,0.480233,0.051354,0.084462,-0.022738,-0.479478,0.614046,-0.125574,-0.706733,0.040562,0.040086,-0.020685,-0.023573,-0.495456,0.868313,0.917867,-0.354931,-0.177604,0.396186,0.792809,0.46313,0.025679,0.042399,-0.011259,-1.521485,0.538154,-0.541529,-0.751751,0.078861,0.018549,-0.059205,-0.612224,0.547309,-0.570642,-0.465903,-0.832817,-0.298911,-0.638838,0.082864,0.764865,0.002043,0.010174,-0.000324,0.078524,1.345146,-0.149107,-0.854682
24,0.084794,-0.007629,0.360437,-0.731833,0.418672,-0.537754,-0.347147,-0.907983,-0.234579,-0.585577,0.01448,0.810504,0.004596,0.021932,0.000653,-0.213749,0.78483,-0.640893,-1.905329,-0.102447,0.040251,0.320188,0.199295,0.427158,0.881935,-0.893913,0.447923,-0.014816,-0.401591,-0.785944,0.469979,0.069208,0.055027,0.001886,0.053898,0.094587,-0.058544,-0.941816,0.041711,0.041428,-0.020856,-0.013934,-0.488176,0.872633,0.922018,-0.343956,-0.177696,0.386895,0.802108,0.4549,0.034621,0.027587,0.000959,0.067275,0.060964,-0.086206,-0.827191,0.078906,0.018918,-0.059149,-0.628598,0.559798,-0.539897,-0.50847,-0.821093,-0.259352,-0.588491,0.111493,0.800778,0.002237,0.010854,0.000192,-2.86232,-0.393047,3.680921,-0.857785
25,0.085192,-0.006423,0.360174,-0.733797,0.425915,-0.529324,-0.372245,-0.903756,-0.211259,-0.56745,0.041481,0.822379,0.005918,0.033711,-0.007288,0.031631,0.589849,-1.175234,-1.852771,-0.099331,0.041505,0.321051,0.192062,0.448375,0.872963,-0.893775,0.447232,-0.032937,-0.405399,-0.774457,0.485522,0.08879,0.017099,0.036095,0.340664,-0.917162,-0.636633,-1.350943,0.043262,0.042068,-0.020438,-0.00633,-0.506019,0.862498,0.919377,-0.3422,-0.194018,0.393324,0.791734,0.467389,0.045337,0.003357,0.022142,0.159328,-0.605263,-0.389343,-0.8187,0.079101,0.019527,-0.059275,-0.628845,0.567528,-0.531474,-0.533622,-0.812164,-0.235871,-0.565508,0.13528,0.813572,0.010406,0.02108,-0.008739,0.063534,0.535675,-1.106351,-0.849457
26,0.085895,-0.004881,0.359576,-0.732546,0.425004,-0.531783,-0.38584,-0.902756,-0.190081,-0.559949,0.065405,0.825958,0.020516,0.041545,-0.018023,-0.026158,-0.002554,-0.937756,-1.746115,-0.095613,0.041381,0.323425,0.160538,0.499295,0.851424,-0.912177,0.404513,-0.065088,-0.377085,-0.766816,0.519291,0.096372,-0.027584,0.083335,0.105707,-0.995356,-1.070807,-1.403366,0.045158,0.042004,-0.019245,0.02722,-0.554306,0.831867,0.927712,-0.295927,-0.227544,0.372301,0.777928,0.506181,0.048033,-0.013283,0.042027,0.138183,-1.080526,-1.142195,-0.8316,0.079447,0.020297,-0.059569,-0.628246,0.566628,-0.53314,-0.547095,-0.808964,-0.215087,-0.553167,0.156551,0.818228,0.009687,0.015127,-0.004868,-0.116693,-0.25973,-0.89518,-0.815002
27,0.08637,-0.004099,0.359176,-0.73322,0.423454,-0.532089,-0.387537,-0.903123,-0.184808,-0.557893,0.070165,0.826957,0.019671,0.039037,-0.020119,0.054095,0.073362,-0.48822,-1.692273,-0.093755,0.040808,0.325197,0.135629,0.530954,0.836472,-0.922561,0.375454,-0.088596,-0.361241,-0.760335,0.539685,0.084685,-0.037319,0.093869,-1.063056,-1.150073,-2.159069,-1.403395,0.046055,0.041732,-0.018392,0.050896,-0.580358,0.812769,0.931027,-0.266911,-0.248889,0.361382,0.769378,0.526744,0.042164,-0.018186,0.04736,-4.422001,-0.480302,-4.206295,-0.823109,0.079679,0.020678,-0.059757,-0.629009,0.564555,-0.534439,-0.548707,-0.809411,-0.209221,-0.550698,0.161648,0.818902,0.016752,0.01836,-0.010794,0.045506,0.017985,-0.485063,-0.798183
28,0.087426,-0.00268,0.358367,-0.73916,0.41091,-0.533704,-0.383513,-0.908091,-0.168106,-0.552813,0.079908,0.829481,0.01927,0.03808,-0.020918,0.084337,0.086965,-0.261981,-1.640149,-0.090704,0.03902,0.329328,0.093474,0.575953,0.812116,-0.933411,0.334474,-0.129633,-0.346384,-0.746632,0.567822,0.073919,-0.053259,0.116251,0.007327,-0.674728,-1.325939,-1.403608,0.047559,0.040859,-0.016376,0.093175,-0.619968,0.779074,0.931323,-0.222423,-0.288382,0.352072,0.75244,0.556666,0.036956,-0.026854,0.057907,-0.054811,-0.496012,-1.191316,-0.830294,0.080214,0.021401,-0.060169,-0.637506,0.552804,-0.536648,-0.545593,-0.815724,-0.192148,-0.543977,0.170296,0.821636,0.016446,0.017616,-0.011423,0.101731,0.128299,-0.213146,-0.786263
29,0.088392,-0.001119,0.357593,-0.741939,0.404443,-0.534788,-0.391991,-0.908695,-0.143486,-0.543073,0.102665,0.833402,0.033978,0.039272,-0.0195,-2.110758,1.188514,-1.445219,-1.575054,-0.088394,0.036919,0.334013,0.060876,0.602606,0.795708,-0.940137,0.3024,-0.156943,-0.335247,-0.739266,0.583917,0.046814,-0.053098,0.119843,-0.16131,-0.380486,-1.118966,-1.403326,0.048737,0.039821,-0.014033,0.125005,-0.642135,0.75633,0.930288,-0.189117,-0.314319,0.344871,0.742897,0.57373,0.023231,-0.026204,0.060178,-0.428556,-0.069572,-0.892944,-0.832906,0.080682,0.022159,-0.060556,-0.640072,0.548146,-0.538369,-0.554256,-0.81469,-0.170525,-0.532077,0.189246,0.825274,0.010223,0.021028,-0.00883,0.008512,-0.097566,-0.571734,-0.78708
30,0.088757,-0.000312,0.357263,-0.741923,0.405549,-0.533972,-0.398198,-0.907173,-0.135819,-0.538568,0.111348,0.835208,0.020365,0.042053,-0.017652,0.054578,-0.012516,-0.310541,-1.547704,-0.087663,0.035898,0.336233,0.042712,0.61005,0.791206,-0.942641,0.287008,-0.170262,-0.330977,-0.739304,0.586299,0.032022,-0.045561,0.110809,-0.193216,-0.166847,-1.037489,-1.403175,0.049119,0.039293,-0.01287,0.143716,-0.64812,0.747854,0.928903,-0.172276,-0.32781,0.341298,0.741795,0.577282,0.016925,-0.02794,0.059642,-0.176621,-0.344929,-1.160997,-0.837968,0.080878,0.022579,-0.060727,-0.641363,0.548194,-0.536783,-0.560432,-0.812556,-0.160209,-0.523992,0.198078,0.828369,0.01033,0.021448,-0.008488,0.057557,0.056501,-0.460629,-0.785283
31,0.089313,0.001246,0.356683,-0.741021,0.406114,-0.534794,-0.408784,-0.904609,-0.120624,-0.531849,0.128719,0.837015,0.005583,0.03332,-0.007726,-0.028367,-0.176414,-0.162715,-1.529505,-0.086643,0.033956,0.340344,0.011099,0.62518,0.780396,-0.946171,0.259028,-0.193905,-0.323357,-0.737009,0.593398,0.006592,-0.048661,0.095046,-0.118496,-0.451703,-0.793218,-1.402901,0.049634,0.038339,-0.010798,0.174553,-0.658203,0.732324,0.926007,-0.143097,-0.349333,0.334725,0.739115,0.584523,0.009828,-0.023688,0.047167,-0.293638,0.208443,-0.578271,-0.84352,0.081162,0.023364,-0.061019,-0.640513,0.548719,-0.53726,-0.570539,-0.808304,-0.145357,-0.51403,0.213425,0.830796,0.009403,0.014771,-0.00521,-0.107214,-0.1655,-0.277015,-0.79704
32,0.089602,0.002479,0.356369,-0.740499,0.407106,-0.534763,-0.41671,-0.902343,-0.110009,-0.526409,0.140867,0.838497,0.00477,0.023117,0.00139,-0.210728,-0.41072,-0.437566,-1.531284,-0.086447,0.032304,0.343436,-0.016952,0.627099,0.77875,-0.946508,0.240946,-0.214482,-0.322089,-0.741503,0.588468,-0.007493,-0.040603,0.069772,-0.223375,0.196097,-0.448006,-1.402888,0.049733,0.0375,-0.009212,0.202845,-0.658361,0.724854,0.92083,-0.123526,-0.369882,0.333054,0.742496,0.581182,-0.003658,-0.020836,0.034464,-0.242734,0.243044,-0.400644,-0.846133,0.081308,0.023991,-0.06118,-0.640211,0.550656,-0.535636,-0.578274,-0.804454,-0.135837,-0.505695,0.22278,0.83345,0.002419,0.01164,0.000755,-0.19653,-0.380283,-0.425395,-0.823493
33,0.089676,0.003673,0.356433,-0.736801,0.418857,-0.530781,-0.438493,-0.893521,-0.096515,-0.513779,0.161104,0.842677,-0.007337,0.030215,0.006699,0.010995,0.021767,-0.158357,-1.481845,-0.086685,0.030974,0.345473,-0.029748,0.621017,0.783226,-0.93771,0.254016,-0.236877,-0.345991,-0.742253,0.573772,-0.007763,-0.033464,0.042183,4.173893,-1.186383,2.906241,-1.403047,0.049617,0.036863,-0.008217,0.21874,-0.650108,0.727675,0.910987,-0.13116,-0.391022,0.349649,0.748436,0.56355,-0.003723,-0.017442,0.020543,-0.126994,0.152422,-0.29854,-0.844663,0.081347,0.024573,-0.061154,-0.633937,0.560112,-0.533289,-0.59802,-0.792259,-0.121224,-0.490403,0.242069,0.837201,-0.003646,0.015176,0.003406,0.024292,0.038563,-0.139824,-0.825126
34,0.089566,0.004206,0.356571,-0.735567,0.422144,-0.529887,-0.446831,-0.890165,-0.088993,-0.508345,0.170778,0.844066,-0.008549,0.018619,0.01466,-0.00748,0.073523,-0.158312,-1.46752,-0.086832,0.030487,0.346023,-0.031168,0.6185,0.785161,-0.930993,0.267887,-0.247835,-0.363553,-0.739469,0.566461,-0.008025,-0.029462,0.028724,0.037055,0.132419,-0.223974,-1.402887,0.04954,0.036611,-0.007924,0.216697,-0.648118,0.730057,0.903265,-0.150582,-0.40179,0.370341,0.746503,0.552792,-0.00507,-0.009432,0.010137,0.474048,0.022962,0.084793,-0.84303,0.081294,0.024847,-0.061085,-0.632098,0.56308,-0.532344,-0.605682,-0.787524,-0.113814,-0.48332,0.25049,0.838841,-0.003848,0.014478,0.002823,0.050464,0.083648,-0.12584,-0.822514
35,0.089169,0.005024,0.357005,-0.734005,0.422903,-0.531446,-0.452866,-0.887862,-0.08115,-0.505262,0.180576,0.843878,-0.0093,0.016034,0.012506,-0.006696,-0.015706,-0.013223,-1.431292,-0.087074,0.029566,0.346463,-0.023417,0.60716,0.794229,-0.910621,0.31492,-0.267449,-0.412444,-0.730256,0.544499,-0.00838,-0.022132,0.001252,0.158404,0.391759,0.020754,-1.402906,0.049418,0.036148,-0.007693,0.209282,-0.638361,0.740739,0.884947,-0.198631,-0.421204,0.416014,0.743666,0.523346,0.002377,-0.010273,0.000413,0.811237,0.712378,-0.086723,-0.834703,0.0811,0.025252,-0.060865,-0.630367,0.563533,-0.533917,-0.611289,-0.784268,-0.106055,-0.478501,0.259524,0.838858,-0.004644,0.00805,0.006289,0.00871,0.015092,-0.002272,-0.822514
36,0.088479,0.00573,0.357548,-0.727401,0.430146,-0.534703,-0.465361,-0.881802,-0.076402,-0.503466,0.192714,0.842265,-0.02322,0.009336,0.023994,-0.083869,-0.032141,-0.045607,-1.431407,-0.08713,0.028748,0.346141,-0.014034,0.587458,0.809128,-0.888647,0.363644,-0.279291,-0.458258,-0.723676,0.515904,-0.007915,-0.020903,-0.014443,-0.030445,0.490468,0.159036,-1.402833,0.049392,0.035732,-0.007853,0.200361,-0.620402,0.758258,0.866414,-0.2491,-0.432753,0.457363,0.743673,0.487615,0.002596,-0.009519,-0.00733,0.118354,0.747189,0.034998,-0.833723,0.080756,0.025614,-0.060599,-0.622508,0.569364,-0.536942,-0.622411,-0.776098,-0.101364,-0.474433,0.271099,0.837506,-0.010957,0.010558,0.008077,-0.091906,-0.045955,0.092776,-0.833944
37,0.088084,0.006101,0.357922,-0.726768,0.433048,-0.533219,-0.470315,-0.879434,-0.073292,-0.499771,0.19697,0.84348,-0.008173,0.019382,0.015072,-0.000174,-0.013904,0.020488,-1.431675,-0.087193,0.028354,0.345809,-0.004419,0.574523,0.818471,-0.874291,0.395072,-0.2819,-0.485276,-0.71754,0.499507,0.005455,-0.020027,-0.015467,1.219981,0.194131,0.946899,-1.402949,0.049359,0.035521,-0.00803,0.191376,-0.608777,0.769912,0.855284,-0.281389,-0.435094,0.481521,0.741761,0.466827,0.002852,-0.010447,-0.008068,1.22414,0.210805,0.976472,-0.834866,0.080553,0.025793,-0.060411,-0.621489,0.572195,-0.53511,-0.626882,-0.772879,-0.098366,-0.46986,0.274318,0.839035,-0.011283,0.005688,0.012801,-0.029914,0.125617,-0.193057,-0.841618
38,0.087437,0.006802,0.358753,-0.725199,0.43468,-0.534027,-0.47531,-0.877124,-0.068587,-0.497324,0.203543,0.843366,-0.00841,0.010938,0.025485,-0.035097,0.003269,0.004158,-1.432606,-0.087256,0.027524,0.345051,0.012586,0.553245,0.832918,-0.839027,0.45899,-0.292056,-0.543863,-0.695851,0.468899,-0.006666,-0.025761,-0.018388,1.320986,-0.050855,0.659902,-1.402668,0.04933,0.035114,-0.008396,0.17743,-0.589747,0.787855,0.827781,-0.343536,-0.443575,0.532254,0.730876,0.427228,0.003143,-0.011519,-0.008974,0.156482,0.574312,-0.140611,-0.83307,0.080229,0.026146,-0.06,-0.619612,0.573494,-0.535895,-0.631409,-0.769764,-0.093724,-0.466263,0.280296,0.839065,-0.010323,0.012385,0.00945,0.003424,0.109253,-0.177777,-0.846681
39,0.086782,0.007626,0.359624,-0.723915,0.440527,-0.530968,-0.485163,-0.872188,-0.062261,-0.489636,0.211981,0.845782,-0.019968,0.026512,0.02011,-0.004834,0.097189,-0.183015,-1.4353,-0.086966,0.02668,0.344421,0.018106,0.547812,0.8364,-0.817884,0.4893,-0.302631,-0.575025,-0.67928,0.455838,0.008082,-0.032759,-0.008939,-0.006095,0.135925,-0.233855,-1.403018,0.049476,0.034672,-0.008733,0.169535,-0.58563,0.79265,0.80637,-0.379968,-0.4532,0.566589,0.716003,0.407817,0.004076,-0.016465,-0.004546,-0.014645,0.104842,-0.247831,-0.836336,0.079906,0.026552,-0.059562,-0.6172,0.57912,-0.532619,-0.640375,-0.763049,-0.087599,-0.457145,0.28701,0.841809,-0.003236,0.012226,0.009436,0.002645,-0.027458,0.046334,-0.84913
40,0.086452,0.008151,0.360049,-0.72183,0.444249,-0.530707,-0.489831,-0.869608,-0.061806,-0.488072,0.214784,0.845979,-0.019655,0.027313,0.020657,-0.00483,0.097182,-0.183019,-1.436195,-0.086734,0.026192,0.344112,0.014237,0.547599,0.836614,-0.809593,0.497369,-0.311635,-0.586742,-0.673561,0.449345,0.008464,-0.034114,-0.010084,2.84309,1.058984,-1.308339,-1.402686,0.049588,0.034442,-0.008882,0.171661,-0.585478,0.792304,0.799613,-0.386976,-0.459203,0.575457,0.712364,0.401727,0.003346,-0.012349,-0.009661,4.617149,-1.668395,2.41671,-0.838622,0.079743,0.026806,-0.059357,-0.614474,0.582359,-0.532239,-0.644458,-0.759655,-0.08716,-0.455077,0.289448,0.842095,-0.009822,0.01372,0.010392,-0.000124,0.001599,-0.009245,-0.851743
41,0.086046,0.009177,0.360831,-0.721565,0.447301,-0.528499,-0.495592,-0.866668,-0.056977,-0.482627,0.220245,0.847697,-0.005992,0.025534,0.019452,-0.184114,0.115823,-0.085087,-1.436003,-0.086322,0.025273,0.343464,0.015476,0.547257,0.836816,-0.79408,0.51533,-0.32219,-0.607543,-0.660194,0.441473,0.005814,-0.021247,-0.016904,0.010711,-0.072452,0.12075,-1.402898,0.049796,0.033972,-0.009208,0.172186,-0.58507,0.792492,0.782524,-0.407425,-0.470808,0.598337,0.701211,0.387679,0.009439,-0.009295,-0.008272,-0.011428,0.022137,-0.039287,-0.843194,0.079531,0.027341,-0.058949,-0.613776,0.5852,-0.529924,-0.649582,-0.755824,-0.082296,-0.448689,0.293718,0.844042,-0.002982,0.012852,0.009802,-0.197706,0.125313,-0.093714,-0.853212
42,0.085926,0.010143,0.361617,-0.7196,0.45429,-0.525206,-0.506963,-0.860511,-0.049815,-0.473686,0.229842,0.850189,0.007353,0.023058,0.017705,-0.612843,0.3871,-0.278082,-1.446446,-0.086076,0.024599,0.34293,0.015272,0.544586,0.838561,-0.777141,0.53418,-0.332622,-0.629068,-0.647279,0.430309,0.004086,-0.014904,-0.011937,0.057467,0.516813,0.009143,-1.402848,0.049921,0.033632,-0.009477,0.171162,-0.584571,0.793082,0.766093,-0.427191,-0.480215,0.619518,0.68977,0.374717,0.002032,-0.00739,-0.00593,1.415808,1.849879,-1.382636,-0.848582,0.079471,0.027806,-0.058569,-0.609024,0.592161,-0.527668,-0.659568,-0.747614,-0.077729,-0.440521,0.300694,0.845886,-0.002935,0.012926,0.009777,0.003217,-0.02904,0.047933,-0.855662
43,0.085892,0.010972,0.362384,-0.717305,0.458189,-0.524958,-0.511833,-0.857653,-0.049298,-0.471932,0.232753,0.850372,-0.007075,0.014456,0.027587,-0.033699,-0.008339,0.030622,-1.46856,-0.085896,0.02425,0.342627,0.020485,0.541839,0.840228,-0.765773,0.548835,-0.335121,-0.642719,-0.637234,0.425097,0.001934,-0.007044,-0.005662,-0.007748,0.27368,0.062346,-1.402928,0.050013,0.033448,-0.009637,0.166639,-0.581322,0.796426,0.755977,-0.443239,-0.481701,0.633031,0.682351,0.365605,0.000773,-0.002796,-0.002254,0.461391,0.774284,-0.153971,-0.852828,0.079455,0.028239,-0.058172,-0.607587,0.595026,-0.5261,-0.663963,-0.744024,-0.074698,-0.435879,0.303926,0.847135,-0.00357,0.007157,0.013744,-0.033081,-0.00846,0.030037,-0.856641
44,0.085963,0.011304,0.362761,-0.717055,0.458473,-0.525052,-0.512213,-0.857427,-0.04928,-0.4719,0.233026,0.850315,0.00545,0.009684,0.024191,-0.033294,-0.009229,0.034894,-1.477454,-0.085848,0.024143,0.342576,0.02428,0.539222,0.841808,-0.758555,0.558428,-0.335687,-0.651096,-0.63108,0.421515,0.001153,-0.0042,-0.003379,-0.022137,0.141018,0.083174,-1.402827,0.050038,0.033392,-0.009664,0.163264,-0.578324,0.799303,0.74982,-0.453797,-0.481494,0.641181,0.677944,0.35955,0.001658,-0.007582,0.002392,-0.056632,0.189802,0.05435,-0.852991,0.079489,0.028404,-0.05799,-0.607313,0.595233,-0.526181,-0.664257,-0.743762,-0.07469,-0.435812,0.30416,0.847085,0.003272,0.010299,0.007813,0.00155,-0.02758,0.050019,-0.856968
45,0.086192,0.011859,0.363483,-0.71563,0.459941,-0.525711,-0.513883,-0.856395,-0.049825,-0.472248,0.23392,0.849876,0.005362,0.016866,0.012696,0.000589,-0.013791,0.025299,-1.489246,-0.085892,0.023857,0.342526,0.034113,0.529307,0.84774,-0.727742,0.594554,-0.341805,-0.684955,-0.605937,0.4044,0.001285,-0.004685,-0.003775,1.343564,-0.264005,0.82397,-1.402421,0.050013,0.03326,-0.00968,0.156441,-0.570444,0.8063,0.725062,-0.488007,-0.485936,0.670679,0.660638,0.337263,-0.004827,-0.009172,0.001997,-0.119181,0.50961,0.259505,-0.854624,0.079603,0.02868,-0.05763,-0.605653,0.596393,-0.526781,-0.665664,-0.742449,-0.07523,-0.435975,0.305097,0.846664,0.002854,0.009011,0.006783,0.001433,-0.027538,0.050217,-0.861377
46,0.086338,0.012145,0.364175,-0.71192,0.465267,-0.526062,-0.520402,-0.852452,-0.049777,-0.470722,0.237743,0.849662,0.003131,0.002462,0.018591,-0.033876,0.004585,0.009607,-1.507384,-0.086066,0.023525,0.342407,0.06458,0.514574,0.855006,-0.679554,0.650131,-0.33981,-0.730769,-0.559723,0.390577,-0.011613,-0.008139,-0.004789,4.777966,-1.552857,2.377267,-1.401726,0.049931,0.033095,-0.00974,0.126091,-0.559252,0.819351,0.684167,-0.549059,-0.48005,0.718341,0.621104,0.31339,0.000599,-0.002187,-0.00177,0.346591,0.275549,0.49105,-0.852991,0.079679,0.028833,-0.057277,-0.600958,0.600949,-0.52698,-0.671344,-0.737318,-0.075223,-0.433758,0.308579,0.84654,0.002095,0.006635,0.004962,0.001469,-0.027599,0.050194,-0.864806
47,0.08637,0.012185,0.364493,-0.711467,0.465801,-0.526203,-0.52116,-0.851997,-0.049651,-0.470571,0.238326,0.849583,0.00226,-0.000278,0.016526,-0.033875,0.00459,0.00961,-1.523367,-0.086141,0.023372,0.342363,0.073686,0.503822,0.860654,-0.655318,0.675007,-0.338906,-0.751754,-0.539662,0.378806,-0.011724,-0.007757,-0.004484,0.011887,0.607126,0.369987,-1.401726,0.049893,0.033018,-0.009762,0.113531,-0.550936,0.826788,0.659361,-0.580716,-0.477504,0.743204,0.599364,0.297336,0.0016,-0.007412,0.002525,0.277372,0.539247,0.522825,-0.854134,0.079695,0.028855,-0.057116,-0.600413,0.601386,-0.527103,-0.671998,-0.736735,-0.0751,-0.4335,0.309121,0.846475,0.001073,-0.000286,0.008152,-0.033651,0.004607,0.009257,-0.868725
48,0.086255,0.012218,0.365042,-0.705755,0.471786,-0.528557,-0.526701,-0.848315,-0.054024,-0.472998,0.239672,0.847854,-0.011892,-0.000853,0.015827,-0.034813,0.019296,-0.01991,-1.527096,-0.086083,0.022904,0.342349,0.083179,0.483629,0.871307,-0.613318,0.713991,-0.337627,-0.785461,-0.506914,0.354899,0.004097,-0.018109,0.002396,-0.048957,0.666218,0.436158,-1.401653,0.049915,0.032795,-0.009766,0.103834,-0.532784,0.839856,0.622433,-0.623815,-0.472686,0.775755,0.571835,0.266849,0.001968,-0.008762,0.001435,1.336222,-0.212324,0.516615,-0.860176,0.079643,0.02887,-0.056843,-0.593574,0.606243,-0.529279,-0.676667,-0.731978,-0.07955,-0.435648,0.310928,0.844709,0.000978,0.00311,0.002317,-0.004738,0.003364,-0.003189,-0.868562
49,0.086021,0.012251,0.365337,-0.702802,0.469137,-0.534812,-0.525061,-0.849264,-0.055085,-0.47917,0.241506,0.843859,0.000214,0.000672,0.0005,-0.072806,-0.19062,-0.101276,-1.513804,-0.085846,0.022229,0.342405,0.089737,0.471247,0.877419,-0.584064,0.738503,-0.336773,-0.806758,-0.482842,0.340394,0.004261,-0.018695,0.001908,-0.107742,0.37446,0.172744,-1.401141,0.050028,0.032459,-0.009743,0.097244,-0.520756,0.848148,0.596464,-0.6517,-0.468526,0.796726,0.551452,0.247238,0.002064,-0.009127,0.001128,-0.105867,0.608478,0.356131,-0.860013,0.079522,0.028889,-0.056687,-0.59107,0.603407,-0.53529,-0.675312,-0.733102,-0.080707,-0.441122,0.313785,0.840802,-0.006526,0.001455,0.000958,-0.110097,-0.254537,-0.170199,-0.861214
50,0.085491,0.012223,0.365333,-0.697741,0.46384,-0.545945,-0.526211,-0.848934,-0.048839,-0.485262,0.252623,0.837096,-0.027506,0.001416,0.000542,-0.1564,-0.371767,-0.272203,-1.512285,-0.085341,0.021666,0.342576,0.099409,0.460023,0.882319,-0.553263,0.762577,-0.335127,-0.827093,-0.455422,0.329199,0.016601,-0.012955,0.004761,-0.11899,0.477225,0.279996,-1.400935,0.050283,0.032166,-0.00966,0.087155,-0.511586,0.8548,0.568888,-0.678833,-0.464275,0.817783,0.526749,0.231871,0.008183,-0.006075,0.0027,-0.120927,0.48523,0.328124,-0.859686,0.079256,0.028873,-0.056691,-0.586864,0.597489,-0.546438,-0.676554,-0.732617,-0.074457,-0.444818,0.326,0.834181,-0.013851,0.000399,4.5e-05,-0.184407,-0.43323,-0.299467,-0.864316
51,0.085154,0.012178,0.365306,-0.695191,0.460555,-0.551945,-0.523856,-0.850332,-0.049818,-0.491421,0.253928,0.833098,-0.014704,-0.002232,-0.001924,-0.162677,-0.2972,-0.42033,-1.513599,-0.085101,0.021364,0.342718,0.108154,0.453401,0.884716,-0.530709,0.778864,-0.334146,-0.840676,-0.433961,0.323736,0.018393,-0.022553,0.014067,4.781552,-1.656334,1.896348,-1.401526,0.050403,0.032017,-0.009593,0.081781,-0.50464,0.859447,0.552951,-0.694469,-0.460387,0.82919,0.512883,0.222247,0.00165,-0.007588,0.002377,-0.0932,0.225453,0.083009,-0.860666,0.079092,0.028849,-0.056706,-0.584813,0.594436,-0.55194,-0.674606,-0.734254,-0.076001,-0.450442,0.327896,0.830412,-0.007557,-0.001762,-0.001438,-0.258263,-0.590562,-0.373035,-0.865132
52,0.084325,0.01194,0.365365,-0.691007,0.457017,-0.56008,-0.518942,-0.852966,-0.055851,-0.502401,0.251482,0.827271,-0.016453,-0.014931,0.005322,-0.030967,0.007105,-0.075295,-1.514095,-0.084548,0.020982,0.342985,0.119898,0.440425,0.889743,-0.498995,0.801526,-0.329386,-0.858337,-0.405044,0.31474,0.01559,-0.009163,0.007846,1.385931,-0.262799,0.710876,-1.401145,0.050681,0.031821,-0.009458,0.067481,-0.493793,0.866956,0.521897,-0.723106,-0.452483,0.850334,0.482996,0.208913,0.006809,0.000696,-0.000384,4.872924,-1.438134,2.024982,-0.862462,0.078672,0.028728,-0.056678,-0.581259,0.589153,-0.56128,-0.669815,-0.738087,-0.081082,-0.462044,0.328825,0.823643,-0.008271,-0.007596,0.002577,-0.017125,0.060236,-0.060109,-0.866439
53,0.08336,0.011445,0.365608,-0.688235,0.459585,-0.56139,-0.52056,-0.851753,-0.059207,-0.504526,0.250912,0.82615,-0.029638,-0.012153,0.0071,-0.032188,0.058024,-0.097097,-1.513621,-0.084028,0.020775,0.3431,0.136844,0.421998,0.896204,-0.457109,0.829545,-0.320685,-0.878908,-0.366317,0.305279,0.015949,-0.010389,0.006842,1.342516,0.007296,0.848992,-1.40093,0.050939,0.031723,-0.009396,0.050709,-0.479459,0.876097,0.487806,-0.753577,-0.440642,0.871477,0.449711,0.19567,0.006814,0.000542,-0.000477,-0.037509,0.108148,0.097686,-0.864911,0.078206,0.028488,-0.056564,-0.577991,0.591527,-0.562157,-0.671185,-0.736422,-0.084806,-0.464151,0.328295,0.822669,-0.015231,-0.011021,0.00825,-0.020022,0.044043,-0.083007,-0.868398
54,0.082915,0.01115,0.365819,-0.688102,0.459268,-0.561813,-0.519803,-0.852156,-0.060062,-0.505486,0.250126,0.825801,-0.029025,-0.010175,0.008575,-0.037007,0.061554,-0.100119,-1.51212,-0.083906,0.020743,0.343097,0.147366,0.410279,0.89997,-0.428008,0.846763,-0.31581,-0.891782,-0.339179,0.299243,0.000395,-0.001417,-0.001157,4.926662,-1.454494,1.837424,-1.401108,0.051007,0.031699,-0.009398,0.039383,-0.466541,0.883622,0.45895,-0.777065,-0.430736,0.887588,0.422503,0.183516,0.000261,-0.00077,-0.000691,4.912697,-1.492348,1.789485,-0.872423,0.077976,0.02833,-0.056459,-0.577976,0.591176,-0.562542,-0.670488,-0.736965,-0.085593,-0.465174,0.327707,0.822325,-0.008367,-0.011448,0.008073,-0.075166,0.055751,-0.063784,-0.868725
55,0.082058,0.010442,0.366431,-0.684221,0.460818,-0.565273,-0.518837,-0.85224,-0.066838,-0.511703,0.246973,0.822916,-0.016304,-0.021462,0.017196,-0.06902,0.064234,-0.085334,-1.51306,-0.083634,0.020779,0.343089,0.154233,0.380939,0.911641,-0.373356,0.876749,-0.303068,-0.91489,-0.294113,0.276292,0.013361,0.0021,-0.00012,1.350302,0.35017,1.021272,-1.395936,0.051138,0.031719,-0.0094,0.031159,-0.441868,0.896538,0.413111,-0.811081,-0.414107,0.910147,0.383273,0.157268,0.006704,0.000938,-0.000152,0.025972,0.477792,0.36871,-0.873239,0.077548,0.027987,-0.056164,-0.573863,0.591968,-0.565909,-0.669334,-0.737193,-0.092396,-0.47188,0.32576,0.819272,-0.008029,-0.010337,0.008909,-0.061169,0.045275,-0.055045,-0.870684
