frame,MLTx,MLTy,MLTz,MLTR1,MLTR2,MLTR3,MLTR4,MLTR5,MLTR6,MLTR7,MLTR8,MLTR9,MLTTVx,MLTTVy,MLTTVz,MLTRVx,MLTRVy,MLTRVz,MLGA,MRTx,MRTy,MRTz,MRTR1,MRTR2,MRTR3,MRTR4,MRTR5,MRTR6,MRTR7,MRTR8,MRTR9,MRTTVx,MRTTVy,MRTTVz,MRTRVx,MRTRVy,MRTRVz,MRGA,SLTx,SLTy,SLTz,SLTR1,SLTR2,SLTR3,SLTR4,SLTR5,SLTR6,SLTR7,SLTR8,SLTR9,SLTTVx,SLTTVy,SLTTVz,SLTRVx,SLTRVy,SLTRVz,SLGA,SRTx,SRTy,SRTz,SRTR1,SRTR2,SRTR3,SRTR4,SRTR5,SRTR6,SRTR7,SRTR8,SRTR9,SRTTVx,SRTTVy,SRTTVz,SRTRVx,SRTRVy,SRTRVz,SRGA
1,0.149083,-0.050149,0.317246,-0.229016,0.457352,-0.859317,-0.738958,-0.656267,-0.152405,-0.633367,0.599525,0.48933,-0.000208,-0.001578,-0.001901,0.0,0.0,-0.0,-0.267269,-0.192369,-0.040637,0.318348,-0.597482,0.225019,0.769658,0.235826,-0.867968,0.436981,0.767095,0.44231,0.464533,-0.214319,0.045139,0.003263,4.247038,1.576315,5.626954,-0.567753,0.031466,0.024358,-0.020864,0.578274,-0.22215,0.785014,-0.22347,0.882282,0.414292,-0.784639,-0.415002,0.460557,-0.107228,0.021733,0.001013,4.199903,1.578262,5.684519,-0.691823,0.074338,0.014359,-0.066485,0.342623,-0.401761,-0.849232,0.651515,0.752873,-0.093321,0.676857,-0.521315,0.519705,-0.000101,0.004323,-0.005624,0.034381,-0.013135,0.019014,-0.42882
2,0.149034,-0.05006,0.317142,-0.231804,0.455934,-0.859323,-0.734821,-0.660877,-0.152486,-0.63715,0.595532,0.489294,-0.015632,0.000876,0.000952,-0.000984,0.014715,-0.029553,-0.218075,-0.201031,-0.039214,0.317923,-0.605067,0.366393,0.706853,0.053799,-0.866872,0.495552,0.795058,0.337412,0.503884,-0.214678,0.019721,-0.006879,4.237345,1.699871,4.886641,-0.589861,0.027216,0.025067,-0.021068,0.584109,-0.361615,0.726671,-0.046734,0.878805,0.474886,-0.810329,-0.311345,0.496418,-0.115028,0.009208,-0.003599,0.614363,-0.838816,2.234662,-0.764814,0.07432,0.014401,-0.066541,0.345158,-0.399998,-0.849038,0.646832,0.756863,-0.093618,0.680053,-0.516873,0.519969,9e-06,5.1e-05,5.9e-05,-0.000943,-0.000154,0.000553,-0.419023
3,0.148648,-0.050088,0.317219,-0.231993,0.453189,-0.860723,-0.734599,-0.661599,-0.150408,-0.637336,0.596827,0.487471,-0.01563,0.000899,0.000971,-0.013566,-0.128142,-0.103479,-0.159843,-0.209191,-0.03919,0.317881,-0.565525,0.451805,0.68996,-0.07741,-0.861881,0.501101,0.821754,0.229411,0.521491,-0.184597,-0.008525,-0.000746,1.041169,1.124184,-0.663503,-0.519835,0.023057,0.025078,-0.021102,0.541778,-0.450831,0.709384,0.090515,0.870368,0.48401,-0.835633,-0.198016,0.512354,-0.092382,-0.004874,-0.000946,1.006876,1.12623,-0.632267,-0.747179,0.074127,0.014389,-0.0665,0.345075,-0.397374,-0.850303,0.646467,0.757421,-0.091615,0.680443,-0.518079,0.518256,2e-06,1.2e-05,2.1e-05,-0.019782,-0.196808,-0.100267,-0.383588
4,0.148188,-0.050191,0.317335,-0.232906,0.452901,-0.860628,-0.734672,-0.66173,-0.149475,-0.636919,0.596899,0.487927,-0.000115,-0.000852,-0.001027,-2e-06,-2.6e-05,-1.3e-05,-0.122597,-0.215089,-0.03991,0.31766,-0.547669,0.455118,0.702081,-0.118289,-0.872712,0.473619,0.828937,0.175772,0.530878,-0.110199,-0.018001,-0.016171,0.328535,-0.677374,0.5347,-0.344414,0.020148,0.024722,-0.021209,0.522896,-0.452597,0.722312,0.131624,0.880099,0.456179,-0.842172,-0.143461,0.519773,-0.055167,-0.009492,-0.008511,0.501041,-0.356947,-0.045032,-0.617526,0.073897,0.014339,-0.066439,0.34589,-0.396813,-0.850234,0.646418,0.757584,-0.090598,0.680075,-0.51827,0.518548,-8e-05,-0.000583,-0.000695,-0.00091,0.015601,-0.02418,-0.348481
5,0.148024,-0.050214,0.317372,-0.23234,0.450402,-0.862091,-0.734551,-0.662183,-0.148054,-0.637265,0.598288,0.485769,-0.015634,0.000899,0.000958,-0.003939,-0.01838,-0.046657,-0.110477,-0.21678,-0.040264,0.317195,-0.552932,0.452382,0.69972,-0.130731,-0.876385,0.463457,0.82356,0.164223,0.542809,-0.06549,-0.012275,-0.032794,0.444885,-0.910294,0.380694,-0.291002,0.019285,0.02454,-0.021437,0.527847,-0.450514,0.720009,0.144132,0.882947,0.4468,-0.83702,-0.132065,0.530995,-0.032691,-0.012214,-0.012749,0.544947,-1.092107,0.248456,-0.549434,0.073815,0.014326,-0.066424,0.344966,-0.394129,-0.851856,0.64615,0.757998,-0.08904,0.680799,-0.519711,0.51615,-1e-06,3e-06,1.1e-05,0.007236,-0.099786,0.170682,-0.335418
6,0.147916,-0.050248,0.317379,-0.231842,0.447876,-0.86354,-0.734401,-0.662676,-0.146587,-0.637619,0.59964,0.483632,-0.000165,-0.001218,-0.001468,-0.002959,-0.010635,-0.037921,-0.10164,-0.217939,-0.040808,0.315541,-0.556516,0.468235,0.686322,-0.169875,-0.87265,0.457775,0.813947,0.137588,0.564289,-0.005013,-0.018031,-0.04224,3.962633,2.303743,3.105933,-0.116974,0.018683,0.024266,-0.022247,0.53555,-0.463019,0.706256,0.178187,0.879425,0.441429,-0.82549,-0.110563,0.55348,-0.002485,-0.008961,-0.02099,0.207412,-0.258976,0.009484,-0.4108,0.073755,0.014312,-0.066417,0.344222,-0.391651,-0.853299,0.645845,0.758429,-0.087573,0.681465,-0.520954,0.514014,-6e-06,-5e-05,-5.8e-05,0.002868,0.004408,0.000641,-0.320885
7,0.147997,-0.050258,0.317367,-0.2317,0.447925,-0.863553,-0.73443,-0.662618,-0.146707,-0.637639,0.599667,0.483574,-1e-06,-5e-06,-6e-06,-0.0,-5e-06,-3e-06,-0.103442,-0.216976,-0.041692,0.31427,-0.538589,0.477645,0.694095,-0.182852,-0.870326,0.457199,0.823127,0.118733,0.555182,0.058215,-0.035326,-0.022608,-0.240914,0.201085,0.380417,0.085962,0.019137,0.023814,-0.022924,0.514658,-0.474674,0.71401,0.195657,0.875814,0.441211,-0.834772,-0.087371,0.543618,0.021497,-0.016974,-0.010189,-0.363599,0.426002,0.253336,-0.212892,0.073796,0.014304,-0.066426,0.344226,-0.391983,-0.853145,0.645897,0.758355,-0.087825,0.681413,-0.520812,0.514227,1e-06,1.3e-05,1.5e-05,-0.000118,0.001007,0.000642,-0.317619
8,0.14809,-0.050262,0.317348,-0.231517,0.447987,-0.86357,-0.734449,-0.66256,-0.146871,-0.637683,0.599685,0.483493,0.01563,-0.000938,-0.001007,0.000984,-0.014715,0.029553,-0.104105,-0.215933,-0.042535,0.314017,-0.526445,0.481791,0.700517,-0.177882,-0.868029,0.463484,0.832015,0.118791,0.541759,0.059155,-0.04332,-0.010862,-0.361594,0.408808,0.248715,0.194988,0.019641,0.023414,-0.023056,0.502297,-0.478539,0.720207,0.190445,0.873675,0.447687,-0.843462,-0.087712,0.529979,0.029616,-0.021433,-0.005169,-0.535128,0.608509,0.407472,-0.081933,0.073836,0.014302,-0.066435,0.344078,-0.392066,-0.853166,0.645932,0.758308,-0.087973,0.681455,-0.520818,0.514166,-1e-06,-1e-06,-2e-06,-0.000221,0.000109,0.000199,-0.317456
9,0.148233,-0.050266,0.317359,-0.232031,0.450516,-0.862115,-0.734664,-0.662007,-0.148279,-0.637248,0.598397,0.485658,1.2e-05,8.8e-05,0.000106,0.00663,0.074591,0.038542,-0.105363,-0.213727,-0.044547,0.314707,-0.482913,0.523761,0.701756,-0.203426,-0.846482,0.491955,0.852278,0.094164,0.51441,0.04776,-0.044572,0.03096,-0.209084,0.826805,0.626234,0.257246,0.020762,0.022367,-0.022752,0.457989,-0.519336,0.721481,0.214526,0.852185,0.477239,-0.862683,-0.063794,0.501703,0.031716,-0.021773,0.015748,0.48625,1.544595,1.397214,0.105525,0.073913,0.0143,-0.066429,0.344899,-0.394719,-0.85161,0.646309,0.757809,-0.08949,0.680682,-0.519539,0.516478,6e-06,5.2e-05,5.9e-05,0.004808,0.073114,0.038928,-0.318109
10,0.148337,-0.050284,0.317339,-0.231861,0.450576,-0.862129,-0.734698,-0.661938,-0.148421,-0.63727,0.598429,0.485589,-8e-06,-6e-05,-7.3e-05,1e-06,1.6e-05,8e-06,-0.106831,-0.211585,-0.045602,0.316371,-0.438033,0.578656,0.687951,-0.266506,-0.814371,0.515469,0.859059,0.04173,0.51004,0.06534,-0.004123,0.035147,1.086493,0.712938,1.198817,0.323027,0.021827,0.021821,-0.021924,0.411664,-0.573347,0.708382,0.275449,0.819225,0.502988,-0.868711,-0.011939,0.495173,0.025348,-0.006442,0.023252,3.766601,2.80145,2.936747,0.194191,0.073965,0.014291,-0.06644,0.344652,-0.394653,-0.85174,0.646385,0.757738,-0.08954,0.680734,-0.519693,0.516254,-4e-06,-2.6e-05,-3.2e-05,-0.000314,-0.001618,-0.000706,-0.318925
11,0.148337,-0.050276,0.317332,-0.231845,0.450579,-0.862132,-0.734684,-0.661947,-0.148445,-0.637292,0.598416,0.485577,-0.0,-0.0,-0.0,0.0,0.0,0.0,-0.106544,-0.209976,-0.045638,0.317939,-0.420463,0.590994,0.688425,-0.295172,-0.806488,0.512235,0.858445,0.011438,0.512645,0.018997,0.011561,0.034076,0.198386,-0.285299,-0.046136,0.399829,0.022652,0.021817,-0.021117,0.392255,-0.586221,0.708858,0.305355,0.809903,0.500813,-0.867694,0.020007,0.496694,0.017231,0.00591,0.016817,0.425064,-0.415659,-0.05253,0.28988,0.073965,0.014295,-0.066443,0.344631,-0.394646,-0.851752,0.646373,0.757747,-0.089559,0.680757,-0.519685,0.516231,-2e-06,2e-06,6e-06,-2.4e-05,-4e-05,9e-06,-0.319742
12,0.148337,-0.050276,0.317332,-0.231845,0.450579,-0.862132,-0.734684,-0.661947,-0.148445,-0.637292,0.598416,0.485577,-0.0,-0.0,-0.0,0.0,0.0,0.0,-0.106576,-0.209624,-0.045498,0.318711,-0.402046,0.601683,0.690165,-0.317726,-0.798519,0.511225,0.859193,-0.014495,0.511313,0.019105,0.012668,0.035224,3.778759,2.873115,2.738358,0.434339,0.022829,0.021891,-0.020727,0.378441,-0.593684,0.710155,0.32355,0.803665,0.499438,-0.867235,0.040763,0.496226,0.002088,0.001659,0.02314,-0.075161,-0.004978,0.056408,0.343929,0.073965,0.014295,-0.066443,0.34463,-0.394646,-0.851753,0.646373,0.757747,-0.089559,0.680757,-0.519686,0.516231,-2e-06,1e-06,6e-06,-2.2e-05,-1e-06,1.6e-05,-0.319905
13,0.148347,-0.050288,0.317318,-0.231863,0.450574,-0.86213,-0.734681,-0.661954,-0.148431,-0.637289,0.598412,0.485584,-0.00011,-0.000823,-0.000992,0.0,0.0,0.0,-0.105311,-0.209714,-0.045524,0.320469,-0.320234,0.647606,0.69141,-0.415707,-0.751793,0.511791,0.851622,-0.124333,0.509063,-0.011498,-0.012434,0.049674,4.171027,3.191634,3.119432,0.454555,0.022794,0.021898,-0.019819,0.292918,-0.639333,0.71095,0.4235,0.753402,0.503022,-0.857231,0.153743,0.491443,-0.005688,-0.006263,0.024531,4.165743,3.196872,3.127365,0.405653,0.073971,0.014291,-0.066448,0.344647,-0.394638,-0.85175,0.646368,0.757752,-0.089545,0.680753,-0.519683,0.516239,-7.3e-05,-0.00055,-0.000659,-8e-06,2.1e-05,3.4e-05,-0.318925
14,0.148379,-0.050312,0.317289,-0.231875,0.450571,-0.862128,-0.734679,-0.661959,-0.148422,-0.637288,0.598409,0.48559,-0.000124,-0.000923,-0.001113,0.0,0.0,0.0,-0.105877,-0.210336,-0.046098,0.322088,-0.228448,0.692061,0.684729,-0.515773,-0.682454,0.517851,0.825953,-0.235719,0.511959,-0.028167,-0.007794,0.034555,-0.116819,-1.393387,2.376639,0.464888,0.022494,0.021617,-0.01902,0.19903,-0.680169,0.705519,0.523031,0.68254,0.510467,-0.828749,0.26741,0.491595,-0.006321,-0.010012,0.020468,1.121849,0.807764,0.738303,0.434718,0.073987,0.014279,-0.066463,0.344658,-0.394634,-0.851747,0.646365,0.757756,-0.089536,0.680751,-0.519681,0.516244,-7.9e-05,-0.000598,-0.000722,-1.8e-05,3e-06,2e-06,-0.318762
15,0.148403,-0.050308,0.317294,-0.231807,0.450594,-0.862134,-0.734692,-0.661931,-0.148478,-0.637297,0.598422,0.485562,9.2e-05,0.000687,0.000829,0.0,0.0,0.0,-0.107322,-0.211084,-0.046129,0.323478,-0.223059,0.709198,0.668786,-0.540707,-0.660772,0.52053,0.81134,-0.246387,0.529986,-0.0121,0.009983,0.033009,0.163568,-0.344341,-0.075826,0.45663,0.022106,0.021581,-0.01833,0.19376,-0.699653,0.687707,0.547977,0.658631,0.51568,-0.813743,0.27693,0.51101,-0.006054,0.005194,0.016773,0.136361,-0.322498,-0.078194,0.434882,0.073998,0.014277,-0.066465,0.344594,-0.394666,-0.851758,0.646386,0.757731,-0.089591,0.680763,-0.519692,0.516217,6.5e-05,0.000475,0.000573,1e-06,3e-06,1.5e-05,-0.319415
16,0.148392,-0.050307,0.317295,-0.231831,0.450586,-0.862132,-0.734688,-0.661941,-0.148459,-0.637294,0.598418,0.485572,1e-06,1e-05,1.2e-05,0.0,0.0,0.0,-0.107057,-0.211413,-0.045791,0.324194,-0.228515,0.714897,0.660829,-0.548932,-0.655115,0.519069,0.804273,-0.245021,0.54127,-0.026492,0.016867,0.041378,0.033483,-0.780141,0.521088,0.457808,0.02195,0.021737,-0.017995,0.199245,-0.704962,0.680682,0.556017,0.653301,0.51385,-0.806936,0.276089,0.522138,-0.005665,0.00809,0.020017,-0.275898,-2.028099,2.211599,0.432269,0.073993,0.01428,-0.066462,0.344616,-0.394656,-0.851754,0.646379,0.757739,-0.089572,0.680758,-0.519689,0.516227,1e-06,8e-06,8e-06,-1.1e-05,-1.7e-05,-1.4e-05,-0.319415
17,0.148321,-0.050317,0.317299,-0.232007,0.450527,-0.862115,-0.734669,-0.661997,-0.1483,-0.63725,0.5984,0.485651,-1.3e-05,-9.8e-05,-0.000118,0.0,0.0,0.0,-0.106059,-0.211973,-0.044758,0.325624,-0.198901,0.737203,0.645725,-0.588145,-0.616736,0.523121,0.784126,-0.276645,0.555407,-0.026276,0.030909,0.035956,0.024321,-0.032561,0.041592,0.482395,0.021672,0.022255,-0.01727,0.169849,-0.727411,0.664848,0.593941,0.613912,0.519947,-0.786374,0.306569,0.536312,-0.005515,0.015305,0.017497,0.007533,-0.060116,0.248267,0.445822,0.073957,0.014275,-0.06646,0.344781,-0.394574,-0.851725,0.646344,0.757788,-0.089414,0.680708,-0.519679,0.516302,-0.007826,0.000394,0.000415,-0.00098,0.014715,-0.029548,-0.319415
18,0.148238,-0.05032,0.317311,-0.232187,0.450467,-0.862098,-0.73465,-0.662054,-0.148139,-0.637206,0.598382,0.48573,-0.015625,0.000986,0.001067,-0.000984,0.014715,-0.029553,-0.105275,-0.212719,-0.043432,0.326969,-0.148314,0.765938,0.625566,-0.621937,-0.563948,0.543223,0.769037,-0.309445,0.559187,-0.026104,0.031032,0.035621,3.35421,3.124966,3.220507,0.511434,0.021304,0.022909,-0.0166,0.123394,-0.75443,0.644677,0.622417,0.564812,0.541834,-0.772897,0.334399,0.539264,-0.005515,0.014946,0.016877,-0.152985,0.224945,0.204674,0.482073,0.073922,0.014273,-0.066454,0.344928,-0.394502,-0.851699,0.646315,0.75783,-0.089273,0.680662,-0.519673,0.51637,7e-06,5.4e-05,6.7e-05,0.0,4e-06,3e-06,-0.319252
19,0.148216,-0.050321,0.317326,-0.23223,0.450454,-0.862093,-0.734659,-0.662055,-0.148092,-0.637181,0.598391,0.485753,4e-06,3.2e-05,3.9e-05,0.0,0.0,0.0,-0.105745,-0.212972,-0.042882,0.327589,-0.131583,0.773384,0.620125,-0.630881,-0.547752,0.549445,0.76476,-0.319887,0.559176,-0.010678,0.018475,0.04146,-0.045743,-0.002479,0.071963,0.525806,0.021163,0.023214,-0.016264,0.101224,-0.7625,0.63902,0.633944,0.544462,0.54925,-0.766725,0.349506,0.538495,-0.005378,0.00915,0.020665,-0.001273,-0.032164,0.044166,0.501341,0.073905,0.014273,-0.066446,0.34499,-0.394473,-0.851687,0.646313,0.757839,-0.089206,0.680632,-0.519682,0.5164,2e-06,1.4e-05,1.9e-05,-9e-06,0.0,-1.3e-05,-0.318926
20,0.148201,-0.050342,0.317299,-0.232335,0.450419,-0.862083,-0.734638,-0.662098,-0.148005,-0.637167,0.59837,0.485797,-0.000169,-0.001253,-0.001512,-0.000819,0.013283,-0.025563,-0.10501,-0.213212,-0.042126,0.32874,-0.096153,0.782746,0.614862,-0.651402,-0.516448,0.55578,0.752688,-0.348053,0.558734,-0.012126,0.008241,0.030033,0.271146,0.277714,0.282622,0.532463,0.021048,0.023596,-0.015693,0.067367,-0.770932,0.633344,0.653,0.514013,0.556219,-0.754355,0.376103,0.538046,-0.006023,0.004359,0.014988,3.349883,3.167279,2.916682,0.515547,0.073898,0.014265,-0.066456,0.345069,-0.394434,-0.851673,0.646287,0.757869,-0.089137,0.680616,-0.519668,0.516435,-9e-06,-7.3e-05,-8.7e-05,2e-06,6e-06,2e-06,-0.318762
21,0.148232,-0.050372,0.317264,-0.232226,0.450456,-0.862093,-0.73466,-0.662053,-0.148096,-0.637181,0.598391,0.485752,-0.00012,-0.000894,-0.001078,0.0,0.0,0.0,-0.105496,-0.213343,-0.042221,0.329731,-0.054067,0.789192,0.611755,-0.675898,-0.479775,0.559384,0.735024,-0.384219,0.558551,0.002128,-0.01166,0.028073,0.943396,0.938642,0.91683,0.533147,0.020979,0.023563,-0.015189,0.025243,-0.776518,0.629588,0.676679,0.476847,0.561001,-0.735844,0.411868,0.53749,0.001043,-0.005965,0.013619,3.300447,3.105746,3.079911,0.519956,0.073913,0.014248,-0.066477,0.344987,-0.394476,-0.851688,0.646314,0.757838,-0.08921,0.680633,-0.519682,0.516399,-6.3e-05,-0.000474,-0.000572,5e-06,-1e-06,3e-06,-0.318599
22,0.148254,-0.050385,0.317249,-0.23222,0.450459,-0.862094,-0.734661,-0.662051,-0.148101,-0.637182,0.598392,0.48575,-5.6e-05,-0.000415,-0.000501,0.0,0.0,0.0,-0.106151,-0.213255,-0.042593,0.330363,-0.058968,0.789152,0.611354,-0.67675,-0.481697,0.556698,0.73387,-0.381885,0.561661,0.002321,-0.023476,0.035627,0.145404,-0.313956,-0.218055,0.533927,0.021023,0.023367,-0.014867,0.027872,-0.776565,0.62942,0.678185,0.477272,0.558816,-0.734361,0.411289,0.539957,0.001093,-0.012062,0.017478,0.235716,-0.394031,-0.257523,0.520936,0.073924,0.014241,-0.066485,0.344981,-0.394479,-0.851688,0.646316,0.757836,-0.089215,0.680634,-0.519683,0.516398,-3.1e-05,-0.000238,-0.000288,1e-06,4e-06,5e-06,-0.318599
23,0.148263,-0.050408,0.317221,-0.232278,0.45044,-0.862088,-0.734649,-0.662074,-0.148053,-0.637174,0.59838,0.485775,-8.5e-05,-0.000635,-0.000767,0.0,0.0,0.0,-0.103081,-0.212977,-0.04363,0.331872,-0.078349,0.789857,0.608258,-0.682022,-0.487366,0.545209,0.72717,-0.373109,0.576087,0.002851,-0.032992,0.045657,0.375232,-0.661905,-0.435694,0.533918,0.02116,0.022853,-0.014138,0.046221,-0.777737,0.626888,0.68355,0.482251,0.547897,-0.728438,0.403185,0.553913,0.001211,-0.011209,0.018371,0.489346,-0.793666,-0.487838,0.521589,0.073928,0.014229,-0.066499,0.345036,-0.394452,-0.851678,0.646299,0.757856,-0.089167,0.680623,-0.519673,0.516422,-4.3e-05,-0.000325,-0.000393,3e-06,8e-06,7e-06,-0.318272
24,0.148246,-0.050439,0.317168,-0.232429,0.450388,-0.862074,-0.734602,-0.662151,-0.147941,-0.637173,0.598333,0.485833,-0.000207,-0.001537,-0.001856,-0.000819,0.013283,-0.025563,-0.102253,-0.212913,-0.044107,0.333154,-0.10135,0.794437,0.598824,-0.695659,-0.486778,0.528242,0.711267,-0.364026,0.601205,0.002171,0.001908,0.022275,0.654939,-0.996047,-0.320024,0.532969,0.021191,0.022596,-0.013494,0.069104,-0.782943,0.618242,0.697316,0.481094,0.531316,-0.713423,0.394394,0.579205,0.001331,-0.003776,0.016193,0.333485,-0.555414,-0.295145,0.521099,0.07392,0.014216,-0.066523,0.345177,-0.394381,-0.851654,0.646234,0.757924,-0.089057,0.680612,-0.519628,0.516481,-9.8e-05,-0.000748,-0.000904,-0.00082,0.013285,-0.025554,-0.316966
25,0.14822,-0.050462,0.317156,-0.232553,0.450349,-0.862062,-0.734595,-0.662185,-0.147826,-0.637137,0.598326,0.485891,-0.01577,-4e-05,-0.000171,-0.000984,0.014715,-0.029553,-0.102039,-0.212937,-0.044096,0.333639,-0.109976,0.796787,0.594161,-0.699543,-0.486599,0.523255,0.70617,-0.359084,0.61012,0.002194,0.002078,0.022422,0.235074,-0.432271,-0.005188,0.532786,0.02118,0.022603,-0.01325,0.080673,-0.785894,0.613075,0.70238,0.48124,0.524471,-0.707215,0.388301,0.590819,0.001145,0.001507,0.011714,0.213391,-0.374788,-0.174384,0.520772,0.073913,0.014203,-0.066531,0.345272,-0.394337,-0.851636,0.646222,0.757946,-0.088962,0.680576,-0.51963,0.516527,-7.9e-05,-0.000584,-0.000706,-1e-06,-9e-06,5e-06,-0.316966
26,0.148204,-0.050503,0.317122,-0.232715,0.450297,-0.862045,-0.734579,-0.662235,-0.147681,-0.637095,0.59831,0.485965,-0.000187,-0.001392,-0.001682,-0.000819,0.013282,-0.025563,-0.100212,-0.213131,-0.043871,0.334406,-0.120595,0.799814,0.588001,-0.70448,-0.486161,0.517,0.69951,-0.35288,0.621309,0.00212,0.001558,0.021802,0.173623,-0.286348,-0.117805,0.532916,0.021083,0.022718,-0.012864,0.090286,-0.789162,0.607512,0.70642,0.480731,0.519488,-0.70201,0.382256,0.600883,-0.006755,0.005959,0.00668,0.331454,-0.391032,-0.211775,0.521589,0.073899,0.014184,-0.066546,0.345426,-0.394263,-0.851608,0.64619,0.75799,-0.088815,0.680527,-0.519622,0.516599,-1.7e-05,-0.000133,-0.000161,-5e-06,-1e-05,-8e-06,-0.31615
27,0.14821,-0.050532,0.317054,-0.232681,0.450304,-0.86205,-0.734552,-0.662254,-0.147732,-0.637139,0.598284,0.48594,-0.000191,-0.00142,-0.001716,0.0,0.0,0.0,-0.100405,-0.213442,-0.043766,0.334942,-0.120903,0.799108,0.588898,-0.703809,-0.487255,0.516884,0.700133,-0.352971,0.620555,0.00094,-0.006636,0.013088,-0.036315,0.011937,-0.017526,0.532931,0.020929,0.022783,-0.012582,0.091347,-0.788617,0.60806,0.706029,0.481902,0.518933,-0.702265,0.381905,0.600808,0.000522,-0.00289,0.007001,-0.036371,0.003911,0.011454,0.522242,0.073902,0.014169,-0.066579,0.345414,-0.394265,-0.851612,0.646158,0.758013,-0.08885,0.680564,-0.519586,0.516586,-0.000132,-0.000981,-0.001184,-0.00081,0.013276,-0.025551,-0.31517
28,0.14819,-0.050609,0.316994,-0.230509,0.450922,-0.862311,-0.734107,-0.662213,-0.150109,-0.638442,0.597863,0.484745,-0.000195,-0.001445,-0.001749,0.0,-0.0,0.0,-0.100392,-0.213287,-0.044328,0.335155,-0.115011,0.798246,0.591242,-0.708947,-0.482761,0.514071,0.69592,-0.361026,0.620659,0.014394,-0.018745,-0.000435,-0.033659,0.006284,-0.015832,0.533214,0.021002,0.022522,-0.012462,0.085443,-0.787617,0.610211,0.711271,0.477097,0.516208,-0.697704,0.389919,0.600974,0.007121,-0.009857,-0.000728,-0.048947,0.020483,-0.009646,0.522405,0.073892,0.01413,-0.06661,0.343355,-0.395166,-0.852027,0.645871,0.757971,-0.091266,0.681877,-0.518963,0.515479,-0.000132,-0.000977,-0.001182,-0.001631,0.013991,-0.026775,-0.31517
29,0.148187,-0.050615,0.316954,-0.230558,0.450902,-0.862308,-0.734063,-0.662265,-0.150092,-0.638475,0.59782,0.484755,-0.000127,-0.000942,-0.00114,0.0,-0.0,0.0,-0.100548,-0.213085,-0.044653,0.335026,-0.120092,0.797932,0.590655,-0.710464,-0.484526,0.510303,0.693518,-0.359346,0.624313,0.01354,-0.011618,-0.013037,0.295721,-0.398829,-0.215644,0.533266,0.021103,0.022347,-0.012525,0.088638,-0.787105,0.610415,0.712069,0.478589,0.513721,-0.696491,0.389123,0.602895,0.006862,-0.01173,-0.002733,0.270437,-0.332322,-0.4653,0.522405,0.07389,0.014125,-0.066633,0.343411,-0.395135,-0.852019,0.64582,0.758017,-0.091239,0.681897,-0.518919,0.515498,-7.4e-05,-0.000549,-0.000663,-0.000107,8.1e-05,-0.000156,-0.31517
30,0.148182,-0.050631,0.316886,-0.230653,0.450865,-0.862302,-0.733993,-0.662353,-0.150049,-0.638521,0.597751,0.484779,-7e-05,-0.000521,-0.000631,0.0,0.0,0.0,-0.100167,-0.212557,-0.04513,0.334505,-0.12556,0.795833,0.592348,-0.717692,-0.48498,0.499646,0.685061,-0.363376,0.631278,0.013658,-0.011032,-0.012478,0.243606,-0.255982,-0.21725,0.532755,0.021365,0.022095,-0.012799,0.095346,-0.785277,0.611758,0.720246,0.478639,0.502145,-0.687135,0.392739,0.611229,0.006795,-0.005787,-0.006533,0.385078,-0.224699,-0.435454,0.522405,0.073888,0.014117,-0.066667,0.3435,-0.395085,-0.852006,0.645737,0.758094,-0.091197,0.681931,-0.518846,0.515527,-3.7e-05,-0.000278,-0.000336,-3e-06,-6e-06,7e-06,-0.314517
31,0.14818,-0.050663,0.316879,-0.230747,0.450838,-0.862291,-0.734009,-0.662358,-0.149948,-0.638469,0.597766,0.48483,-5e-06,-3.4e-05,-4.1e-05,0.0,0.0,0.0,-0.099775,-0.212263,-0.045278,0.334408,-0.135668,0.790778,0.596873,-0.722773,-0.490934,0.486331,0.677767,-0.366405,0.637371,0.000653,0.004607,0.004923,0.143197,-0.026231,-0.022634,0.53107,0.021514,0.021992,-0.012879,0.106609,-0.780458,0.61605,0.725995,0.484448,0.488099,-0.679386,0.395214,0.618255,0.000362,0.002547,0.00272,0.267492,0.508616,-0.675632,0.522569,0.073887,0.0141,-0.066671,0.343589,-0.395046,-0.851988,0.645746,0.758098,-0.091096,0.681878,-0.518868,0.515574,3e-06,2e-05,2.3e-05,-5e-06,1e-06,-3e-06,-0.314353
32,0.148156,-0.050654,0.316874,-0.230777,0.450825,-0.86229,-0.733986,-0.662387,-0.149934,-0.638484,0.597744,0.484837,-0.015652,0.000909,0.000974,-0.000984,0.014715,-0.029553,-0.098794,-0.212278,-0.045111,0.334663,-0.13987,0.791964,0.594325,-0.724766,-0.490738,0.483554,0.674784,-0.364094,0.641846,-0.013431,0.012672,0.014218,0.210962,-0.289718,-0.132121,0.531014,0.02151,0.022069,-0.012766,0.109118,-0.781564,0.614207,0.727281,0.48398,0.486646,-0.677609,0.3936,0.621228,0.000939,0.006632,0.007074,0.426941,-0.530526,-0.208357,0.522732,0.073881,0.014105,-0.066673,0.343595,-0.395041,-0.851988,0.645726,0.758114,-0.091102,0.681894,-0.518849,0.515572,3e-06,2.3e-05,3.1e-05,-1e-06,0.0,-1.3e-05,-0.314353
33,0.148133,-0.050645,0.316869,-0.230807,0.450813,-0.862288,-0.733963,-0.662416,-0.14992,-0.6385,0.597721,0.484844,-7.8e-05,-0.000574,-0.000695,0.0,0.0,0.0,-0.09888,-0.212312,-0.044489,0.335497,-0.13885,0.794825,0.590733,-0.72462,-0.488026,0.486508,0.675149,-0.361491,0.642932,0.002927,0.020702,0.02191,0.005517,-0.038564,0.077192,0.531169,0.021489,0.022384,-0.012337,0.109343,-0.784613,0.610266,0.727382,0.481596,0.488855,-0.677464,0.390444,0.623373,-0.006065,0.010907,0.011904,0.00042,-0.002649,0.020655,0.522732,0.073864,0.014113,-0.066673,0.343644,-0.395013,-0.851981,0.645691,0.758148,-0.09107,0.681902,-0.518821,0.51559,-6e-05,-0.000455,-0.000552,4e-06,-2e-06,-1.5e-05,-0.313863
34,0.148074,-0.050665,0.316893,-0.230973,0.450762,-0.862271,-0.733981,-0.662434,-0.149748,-0.638419,0.597739,0.484929,-0.015652,0.000912,0.000975,-0.000984,0.014715,-0.029553,-0.099219,-0.212359,-0.044011,0.336506,-0.138807,0.797063,0.58772,-0.723162,-0.486927,0.489768,0.676721,-0.358022,0.643221,-0.01228,0.007183,0.028282,-0.047354,0.089823,-0.173021,0.53214,0.021474,0.022646,-0.011817,0.109147,-0.787036,0.607174,0.725899,0.480403,0.492222,-0.679085,0.387023,0.623743,0.001397,0.003354,0.013541,-0.030826,-0.010512,0.031874,0.522732,0.07384,0.0141,-0.066663,0.343778,-0.394952,-0.851955,0.645703,0.758156,-0.090916,0.681823,-0.518855,0.51566,-0.0,3e-06,7e-06,1e-06,1.8e-05,-1.5e-05,-0.314027
35,0.147979,-0.050681,0.316905,-0.231212,0.450684,-0.862247,-0.733967,-0.662499,-0.149526,-0.638348,0.597726,0.485039,-7.9e-05,-0.000583,-0.000706,0.0,0.0,0.0,-0.093873,-0.212285,-0.044084,0.337585,-0.14626,0.796561,0.586592,-0.724281,-0.490012,0.485015,0.673958,-0.354908,0.64783,0.017333,-0.01106,0.027674,0.273086,-0.463075,-0.231805,0.532625,0.021507,0.022621,-0.011257,0.114934,-0.786461,0.606851,0.726549,0.483158,0.488553,-0.677433,0.384755,0.626934,0.008615,-0.005788,0.013568,0.240017,-0.434365,-0.220356,0.522569,0.073787,0.014094,-0.066655,0.344025,-0.394832,-0.851911,0.64566,0.758221,-0.090675,0.681739,-0.518851,0.515775,-0.007881,6.6e-05,1.9e-05,-0.000977,0.014709,-0.029565,-0.312557
36,0.147954,-0.050683,0.316887,-0.231284,0.450657,-0.862242,-0.733936,-0.662545,-0.149478,-0.638358,0.597696,0.485063,-0.000145,-0.001072,-0.001299,0.0,0.0,0.0,-0.09094,-0.212203,-0.044355,0.338109,-0.150988,0.796611,0.585324,-0.72507,-0.491603,0.482219,0.672071,-0.35258,0.651054,0.002205,-0.024167,0.034659,0.124813,-0.289326,-0.197574,0.532526,0.021548,0.022496,-0.011007,0.120557,-0.786801,0.605318,0.727974,0.484637,0.484953,-0.674921,0.382192,0.631197,0.000816,-0.00736,0.012278,0.288611,-0.433604,-0.241391,0.522732,0.073774,0.014094,-0.066664,0.344091,-0.394797,-0.851901,0.64562,0.758261,-0.090629,0.681744,-0.51882,0.5158,-8.2e-05,-0.000603,-0.000726,1.2e-05,1e-06,1e-06,-0.310598
37,0.147962,-0.050711,0.316852,-0.231362,0.450632,-0.862234,-0.733921,-0.662577,-0.149413,-0.638347,0.59768,0.485097,-0.000107,-0.000788,-0.000955,0.0,0.0,0.0,-0.091529,-0.212105,-0.04513,0.339033,-0.166955,0.797833,0.579292,-0.729312,-0.495203,0.472028,0.663671,-0.344668,0.663783,0.001123,-0.018591,0.020522,0.233197,-0.458523,-0.071341,0.531384,0.021597,0.022104,-0.010541,0.136903,-0.788512,0.599589,0.732668,0.487968,0.474432,-0.666675,0.374348,0.644521,0.000529,-0.00941,0.01014,0.330872,-0.507215,-0.283558,0.522569,0.073778,0.014079,-0.066682,0.344166,-0.394761,-0.851887,0.645596,0.75829,-0.090565,0.681729,-0.518806,0.515833,-8e-05,-0.000589,-0.000714,-1e-06,-8e-06,-1.4e-05,-0.308802
38,0.148027,-0.050752,0.316787,-0.23137,0.45063,-0.862233,-0.733902,-0.662595,-0.149421,-0.638365,0.59766,0.485097,-0.000194,-0.001434,-0.001739,0.0,0.0,0.0,-0.09272,-0.21206,-0.045372,0.339634,-0.179776,0.800155,0.57221,-0.733987,-0.49628,0.463575,0.655128,-0.337648,0.675769,0.001036,0.007406,0.007697,0.42888,-0.654769,-0.096379,0.522128,0.021618,0.021963,-0.010247,0.148934,-0.791224,0.593112,0.736962,0.488736,0.466929,-0.659321,0.36756,0.655892,0.000524,0.00383,0.003979,0.371268,-0.604313,-0.07745,0.522242,0.073811,0.014058,-0.066714,0.344173,-0.394758,-0.851886,0.645576,0.758305,-0.090573,0.681744,-0.518785,0.515834,-0.000102,-0.000764,-0.000929,8e-06,4e-06,0.0,-0.308801
39,0.148036,-0.050762,0.316759,-0.231532,0.450574,-0.862218,-0.733853,-0.662677,-0.149298,-0.638363,0.597611,0.485161,-8.1e-05,-0.0006,-0.000727,-0.005652,0.091676,-0.176414,-0.092999,-0.212068,-0.045204,0.33984,-0.18403,0.800945,0.569747,-0.735823,-0.496467,0.460456,0.651886,-0.335489,0.679967,-0.013727,0.010177,0.011275,0.359617,-0.478695,-0.264022,0.521901,0.021614,0.022046,-0.010145,0.153307,-0.792153,0.590754,0.738801,0.488897,0.463845,-0.656254,0.365339,0.660195,-0.006848,0.005273,0.005829,0.297231,-0.42297,-0.242696,0.521262,0.073815,0.014052,-0.06673,0.344325,-0.394682,-0.85186,0.645508,0.758377,-0.090453,0.681731,-0.518738,0.515899,-3.6e-05,-0.000281,-0.000341,-0.005634,0.091695,-0.176409,-0.308965
40,0.147986,-0.050789,0.316742,-0.231724,0.450512,-0.8622,-0.733832,-0.662739,-0.149128,-0.638317,0.59759,0.485246,-4.3e-05,-0.000316,-0.000383,0.0,0.0,0.0,-0.092882,-0.212302,-0.044751,0.340308,-0.186089,0.802568,0.566787,-0.736365,-0.495728,0.460384,0.65069,-0.332687,0.682485,-0.013548,0.011284,0.012368,0.007617,-0.007856,-0.00906,0.519474,0.021497,0.022276,-0.009907,0.157039,-0.794028,0.587246,0.739856,0.488466,0.462615,-0.654179,0.361829,0.664174,-0.00677,0.005724,0.006273,-0.017243,0.018276,-0.000647,0.519629,0.07379,0.014038,-0.066739,0.344505,-0.394594,-0.851827,0.645469,0.758431,-0.090283,0.681678,-0.518725,0.515981,-2.3e-05,-0.000169,-0.000205,5e-06,-6e-06,-7e-06,-0.308965
41,0.147883,-0.050782,0.316782,-0.231764,0.450499,-0.862196,-0.733858,-0.662723,-0.14907,-0.638273,0.597617,0.485271,7.1e-05,0.000523,0.000634,0.0,0.0,0.0,-0.091434,-0.21234,-0.044378,0.340831,-0.185491,0.80576,0.562438,-0.735665,-0.493222,0.464182,0.651653,-0.328665,0.683514,0.001905,0.000328,0.02014,-0.034531,-0.000888,0.008217,0.515851,0.021477,0.02246,-0.009655,0.156189,-0.797254,0.583086,0.738929,0.486043,0.466632,-0.655429,0.357976,0.665029,0.000808,0.005817,0.005984,-0.007789,0.06457,-0.126434,0.516364,0.073738,0.014041,-0.066719,0.344542,-0.394576,-0.851821,0.645492,0.758418,-0.090224,0.681637,-0.518758,0.516003,4.9e-05,0.000352,0.000428,4e-06,-1e-06,1e-06,-0.308475
42,0.147798,-0.050786,0.31676,-0.231972,0.450425,-0.862178,-0.7338,-0.662825,-0.148908,-0.638265,0.59756,0.485352,-7.5e-05,-0.000551,-0.000668,0.0,0.0,0.0,-0.08553,-0.212229,-0.0441,0.34141,-0.199891,0.803167,0.56121,-0.73089,-0.503588,0.460579,0.652786,-0.319115,0.686949,0.001537,0.011011,0.011268,0.031001,-0.051709,0.004712,0.509758,0.021534,0.022599,-0.009358,0.170862,-0.795084,0.581933,0.73468,0.496362,0.46246,-0.656545,0.348518,0.668941,0.000802,0.005818,0.005956,0.004573,-0.030626,0.011288,0.511302,0.073696,0.014041,-0.066728,0.344737,-0.394476,-0.851788,0.645411,0.758507,-0.090064,0.681616,-0.518705,0.516085,-4.1e-05,-0.000301,-0.000365,9e-06,4e-06,1.1e-05,-0.305862
43,0.147785,-0.050797,0.316748,-0.232036,0.450404,-0.862172,-0.733787,-0.662851,-0.148855,-0.638256,0.597548,0.485379,-5e-06,0.010152,-0.009425,0.035602,-0.012794,0.018447,-0.084541,-0.212181,-0.04391,0.341708,-0.211279,0.803689,0.55627,-0.729926,-0.508129,0.457106,0.650288,-0.310459,0.693256,0.001711,0.012286,0.01254,0.061888,-0.942854,0.188809,0.501078,0.021556,0.022692,-0.00922,0.180052,-0.794237,0.580317,0.733363,0.501567,0.458921,-0.65556,0.342953,0.672773,0.000838,0.006082,0.006212,0.107439,-0.169694,-0.028112,0.50624,0.07369,0.014031,-0.066731,0.344813,-0.394441,-0.851774,0.645405,0.758521,-0.089986,0.681583,-0.518711,0.516122,-4.2e-05,-0.000305,-0.000368,4e-06,6e-06,1e-06,-0.304393
44,0.147794,-0.05082,0.31672,-0.232095,0.450385,-0.862166,-0.733775,-0.662874,-0.148807,-0.638248,0.597536,0.485405,-1.5e-05,-0.000112,-0.000135,0.0,0.0,0.0,-0.083581,-0.212138,-0.043489,0.342226,-0.240817,0.8009,0.548232,-0.72653,-0.523185,0.445382,0.64383,-0.292048,0.707145,0.001659,0.011941,0.012131,0.315592,-0.437345,-0.205475,0.466822,0.021578,0.0229,-0.008956,0.210775,-0.794059,0.570125,0.730824,0.51534,0.44757,-0.649205,0.322325,0.688939,0.000825,0.006012,0.006111,0.524976,-0.718662,-0.35888,0.474888,0.073694,0.014023,-0.06675,0.344852,-0.39442,-0.851768,0.645373,0.758551,-0.089964,0.681593,-0.518684,0.516136,-5e-06,-4.1e-05,-5.1e-05,2e-06,1e-05,4e-06,-0.30276
45,0.147791,-0.050842,0.316693,-0.232176,0.450358,-0.862158,-0.733759,-0.662908,-0.14874,-0.638237,0.59752,0.485439,-0.000174,-0.001281,-0.001555,-0.000819,0.013282,-0.025563,-0.072146,-0.212444,-0.042917,0.342691,-0.291196,0.790469,0.538845,-0.710605,-0.555731,0.431437,0.640852,-0.258256,0.722825,-0.01327,0.012697,0.013553,-0.594107,-1.122339,-1.390635,0.411783,0.021437,0.023182,-0.00872,0.257105,-0.78665,0.561317,0.719047,0.543791,0.432737,-0.645653,0.292354,0.70545,-0.006662,0.006234,0.006675,0.507507,-0.633258,-0.330381,0.415287,0.073693,0.014015,-0.06676,0.34491,-0.394392,-0.851758,0.645355,0.758572,-0.089915,0.681581,-0.518673,0.516161,-1.4e-05,-0.000103,-0.000126,-2e-06,-6e-06,-2e-06,-0.29982
46,0.147788,-0.050856,0.316659,-0.229648,0.451087,-0.862454,-0.73333,-0.66277,-0.151443,-0.639646,0.597121,0.484074,-0.000273,-0.002009,-0.002438,-0.000819,0.013283,-0.025563,-0.059551,-0.212815,-0.042606,0.342818,-0.302435,0.788588,0.535402,-0.709704,-0.561164,0.425852,0.636645,-0.252164,0.72867,-0.029011,0.020713,0.002717,0.433674,-0.526528,-0.30326,0.366417,0.021253,0.023348,-0.008646,0.272467,-0.783508,0.558458,0.714821,0.553352,0.427588,-0.644043,0.282694,0.710838,-0.007058,0.009939,0.000596,0.470945,-0.603116,-0.313103,0.374138,0.073691,0.014009,-0.066775,0.342507,-0.395454,-0.852234,0.645116,0.758444,-0.092665,0.683017,-0.518052,0.514886,-7.5e-05,-0.000562,-0.000682,-0.001404,0.001222,-0.002101,-0.292799
47,0.147762,-0.050954,0.316525,-0.219093,0.454156,-0.863589,-0.731666,-0.661974,-0.162566,-0.645239,0.595674,0.4784,-0.000445,-0.003265,-0.003968,0.412048,-0.359445,0.622557,-0.043787,-0.213435,-0.042087,0.342829,-0.329649,0.782155,0.528731,-0.704182,-0.576632,0.414194,0.629257,-0.236757,0.740165,-0.014841,0.014392,-0.004391,0.013326,-0.535169,-0.527511,0.159912,0.020932,0.023618,-0.008637,0.301556,-0.777915,0.551282,0.710658,0.568852,0.413971,-0.635632,0.266938,0.724372,-0.007468,0.006884,-0.002495,-0.010694,-0.518231,-0.525745,0.172474,0.073678,0.01396,-0.066842,0.333262,-0.399566,-0.85398,0.644351,0.757749,-0.103085,0.688293,-0.515909,0.50999,-0.000261,-0.001992,-0.002426,1.371973,-1.182487,2.045121,-0.276797
48,0.147707,-0.051094,0.316337,-0.217722,0.454605,-0.8637,-0.731903,-0.661432,-0.163705,-0.645436,0.595933,0.47781,-0.000548,-0.004012,-0.004884,-0.000819,0.013285,-0.025562,-0.041622,-0.213445,-0.041189,0.342397,-0.381189,0.7604,0.525812,-0.682637,-0.614963,0.394665,0.623934,-0.209441,0.752798,0.015158,0.027344,-0.012357,0.195084,-0.230553,-0.053739,-0.059917,0.020919,0.02403,-0.008853,0.353913,-0.757246,0.548929,0.69012,0.607565,0.39319,-0.631252,0.239672,0.737615,-8.1e-05,0.019099,-0.010141,0.106167,-0.28653,-0.589387,-0.096956,0.073651,0.013891,-0.066935,0.33129,-0.400495,-0.854312,0.644657,0.757227,-0.104993,0.688958,-0.515956,0.509044,-0.000274,-0.00202,-0.002459,-0.000952,0.013401,-0.025764,-0.270428
49,0.147617,-0.051187,0.316125,-0.217029,0.452126,-0.865174,-0.731654,-0.662008,-0.16248,-0.645952,0.59718,0.475552,-0.000502,-0.00367,-0.004476,-8.3e-05,-0.000927,-0.000479,-0.017899,-0.213396,-0.039645,0.341436,-0.462434,0.704993,0.537708,-0.618597,-0.690904,0.374063,0.635793,-0.16052,0.754893,0.013812,0.044346,-0.034382,0.172819,0.028397,-0.185585,-0.35498,0.020945,0.024819,-0.009324,0.436364,-0.703418,0.56106,0.627891,0.684688,0.370072,-0.644467,0.190798,0.740443,-0.000312,0.017454,-0.011787,0.18779,0.273714,-0.716084,-0.381735,0.073605,0.013841,-0.067045,0.330346,-0.39799,-0.855847,0.64424,0.757758,-0.103708,0.6898,-0.517112,0.506724,-0.000292,-0.002165,-0.00264,0.000829,0.023656,-0.020693,-0.259488
50,0.147604,-0.051202,0.315943,-0.214611,0.452801,-0.865424,-0.731007,-0.662055,-0.165179,-0.647492,0.596616,0.474163,-0.000564,0.006067,-0.014416,0.035599,-0.012825,0.018431,-0.007894,-0.213311,-0.039013,0.340951,-0.478563,0.693426,0.538637,-0.60401,-0.705134,0.371338,0.637903,-0.148494,0.755574,-0.000864,0.033319,-0.025189,0.111012,-0.048992,0.078114,-0.518892,0.020993,0.025139,-0.00957,0.452603,-0.692105,0.562262,0.613501,0.699278,0.366913,-0.64712,0.178883,0.741104,0.007097,0.010355,-0.009495,0.069738,-0.035551,0.076049,-0.530002,0.073599,0.013833,-0.067136,0.328079,-0.399065,-0.856218,0.643767,0.757772,-0.106508,0.691322,-0.516262,0.505514,-0.000288,0.002956,-0.007301,0.034498,-0.010193,0.017246,-0.250507
51,0.147654,-0.051127,0.315528,-0.213021,0.447866,-0.86838,-0.730226,-0.663432,-0.163095,-0.648899,0.598811,0.469449,-0.000505,-0.003693,-0.004517,-0.002139,-0.001491,-0.03322,0.002729,-0.213189,-0.037858,0.33989,-0.551429,0.636841,0.538842,-0.523749,-0.766956,0.370672,0.650015,-0.078609,0.755754,-0.001182,0.031097,-0.027401,-4.089819,-2.450422,-5.328199,-1.084993,0.021055,0.025716,-0.010102,0.522947,-0.641053,0.561762,0.540897,0.758942,0.362541,-0.658753,0.114266,0.74363,-0.000715,0.020674,-0.018396,-3.597802,-1.680431,-4.430099,-0.824578,0.073624,0.01387,-0.067345,0.325905,-0.394036,-0.859372,0.642665,0.759014,-0.104298,0.693373,-0.518297,0.5006,-0.000169,0.003809,-0.006264,0.039305,0.004383,0.025888,-0.239893
52,0.14781,-0.050741,0.315002,-0.210744,0.443082,-0.871385,-0.729047,-0.665021,-0.161891,-0.650966,0.600609,0.464262,-0.000191,0.019009,-0.020447,0.067364,-0.046475,-0.006451,0.015969,-0.213196,-0.035747,0.338182,-0.657013,0.520848,0.545017,-0.362867,-0.852095,0.377087,0.661629,0.049337,0.748115,0.012922,0.064903,-0.052739,-1.146885,-0.293797,-0.956006,-1.404979,0.021045,0.026753,-0.010952,0.634741,-0.52417,0.567758,0.376858,0.851432,0.364747,-0.674597,-0.017556,0.737977,-0.000831,0.033038,-0.025455,-3.661682,-1.599606,-4.219492,-0.965988,0.073701,0.014061,-0.06761,0.323181,-0.389434,-0.862493,0.641197,0.76042,-0.103086,0.696002,-0.519713,0.495458,-7.2e-05,0.009608,-0.010097,0.073981,-0.003101,0.014376,-0.221114
53,0.147948,-0.05043,0.314645,-0.208444,0.438317,-0.874343,-0.728147,-0.66634,-0.160512,-0.652713,0.602644,0.459143,0.015472,0.017998,-0.021546,0.046738,-0.331287,-0.085427,0.007821,-0.212996,-0.034373,0.337133,-0.688432,0.475152,0.547982,-0.294184,-0.873425,0.387967,0.66382,0.105292,0.740351,0.012894,0.078177,-0.05891,-1.290027,-0.155077,-0.808308,-1.408114,0.021144,0.027432,-0.011477,0.667358,-0.478979,0.570273,0.308353,0.874731,0.373849,-0.677902,-0.073646,0.731454,0.006695,0.033594,-0.025242,-3.954034,-1.462287,-4.080611,-0.928921,0.073765,0.014211,-0.067778,0.320865,-0.38586,-0.86496,0.640184,0.761395,-0.102177,0.698003,-0.520949,0.491326,-0.000116,0.00929,-0.010491,0.027022,-0.44631,-0.211786,-0.218665
54,0.148264,-0.049672,0.31369,-0.203412,0.428825,-0.880215,-0.725977,-0.669225,-0.158327,-0.656712,0.606273,0.448541,-0.000478,0.016944,-0.022989,0.027388,-0.517723,-0.254461,-0.00047,-0.212147,-0.031438,0.334881,-0.750993,0.345351,0.562791,-0.11013,-0.905793,0.409077,0.651979,0.244805,0.717535,0.027336,0.076417,-0.0613,-2.96238,0.085395,-5.55393,-1.408702,0.021554,0.028878,-0.012572,0.732116,-0.355458,0.58108,0.130819,0.910541,0.392174,-0.668499,-0.2111,0.713123,0.021428,0.03312,-0.026389,-4.52516,-2.390804,-4.653076,-0.936106,0.073929,0.014593,-0.068252,0.315307,-0.377926,-0.87049,0.637621,0.763749,-0.100626,0.702865,-0.523315,0.481788,0.007664,0.013522,-0.016179,0.066635,-0.583636,-0.196557,-0.230422
55,0.148733,-0.048547,0.312398,-0.1963,0.417088,-0.88744,-0.723032,-0.672864,-0.156366,-0.662108,0.610432,0.434757,0.015313,0.027395,-0.03194,0.075116,-0.455666,-0.129082,0.000451,-0.210379,-0.028824,0.33254,-0.781409,0.213213,0.586457,0.062558,-0.908208,0.413738,0.621808,0.359721,0.695571,0.056219,0.059831,-0.059854,-1.287004,-0.781886,-1.041228,-1.408568,0.022459,0.030249,-0.013781,0.764571,-0.219521,0.606004,-0.049001,0.917695,0.394251,-0.642674,-0.331127,0.690886,0.028106,0.029743,-0.030132,-1.17201,-0.917759,-1.083474,-0.93529,0.074157,0.015149,-0.068898,0.306784,-0.36602,-0.878585,0.633999,0.767075,-0.098185,0.709879,-0.5269,0.467382,0.007659,0.018688,-0.020797,0.091776,-0.613788,-0.217385,-0.232871
56,0.149259,-0.047205,0.310863,-0.185771,0.400703,-0.897202,-0.719537,-0.677247,-0.153543,-0.668929,0.616545,0.415251,0.015022,0.025443,-0.034367,0.080053,-0.398783,-0.133912,0.007651,-0.207999,-0.026797,0.330219,-0.796626,0.065832,0.60087,0.23259,-0.884013,0.405409,0.558852,0.462634,0.688126,0.070357,0.043421,-0.057663,-2.609481,-0.71931,-5.825079,-1.408012,0.023622,0.031248,-0.014916,0.784651,-0.077351,0.615092,-0.212818,0.898281,0.384447,-0.582263,-0.43256,0.688375,0.035174,0.021439,-0.029162,-0.883502,-1.027064,-0.907908,-0.93284,0.07442,0.015825,-0.06966,0.294433,-0.35018,-0.889203,0.629707,0.770987,-0.095116,0.718872,-0.531933,0.447515,0.007571,0.018144,-0.021479,0.117995,-0.561105,0.029345,-0.230585
