frame,MLTx,MLTy,MLTz,MLTR1,MLTR2,MLTR3,MLTR4,MLTR5,MLTR6,MLTR7,MLTR8,MLTR9,MLTTVx,MLTTVy,MLTTVz,MLTRVx,MLTRVy,MLTRVz,MLGA,MRTx,MRTy,MRTz,MRTR1,MRTR2,MRTR3,MRTR4,MRTR5,MRTR6,MRTR7,MRTR8,MRTR9,MRTTVx,MRTTVy,MRTTVz,MRTRVx,MRTRVy,MRTRVz,MRGA,SLTx,SLTy,SLTz,SLTR1,SLTR2,SLTR3,SLTR4,SLTR5,SLTR6,SLTR7,SLTR8,SLTR9,SLTTVx,SLTTVy,SLTTVz,SLTRVx,SLTRVy,SLTRVz,SLGA,SRTx,SRTy,SRTz,SRTR1,SRTR2,SRTR3,SRTR4,SRTR5,SRTR6,SRTR7,SRTR8,SRTR9,SRTTVx,SRTTVy,SRTTVz,SRTRVx,SRTRVy,SRTRVz,SRGA
1,0.151707,-0.05207,0.323986,-0.162183,0.313697,-0.935594,-0.828461,-0.558317,-0.043644,-0.535855,0.767634,0.351601,-8.6e-05,-0.0007,-0.000818,0.0,0.0,0.0,-0.300116,-0.168124,-0.045021,0.315422,-0.374225,-0.35088,0.858388,0.843243,-0.513806,0.15773,0.386146,0.783285,0.487051,-9e-06,-0.000737,-0.000866,0.0,0.0,0.0,-0.332098,0.043616,0.022442,-0.022483,0.341229,0.352324,0.871452,-0.835057,0.539266,0.108956,-0.431557,-0.764892,0.478224,-5e-06,-0.000581,-0.000681,7e-06,7e-06,8e-06,-0.528369,0.075818,0.012908,-0.0631,0.256865,-0.265308,-0.929317,0.759456,0.650103,0.024319,0.5977,-0.712023,0.368478,-6.9e-05,-0.000562,-0.000656,1.7e-05,-3e-06,1.6e-05,-0.470949
2,0.151695,-0.05207,0.323987,-0.162208,0.313693,-0.935591,-0.828458,-0.558324,-0.043623,-0.535853,0.767631,0.351612,-0.0,-0.0,-0.0,0.0,0.0,0.0,-0.298685,-0.168136,-0.045031,0.315396,-0.374157,-0.350886,0.858415,0.843259,-0.5138,0.157664,0.386178,0.783286,0.487024,-2e-06,-0.000133,-0.000157,0.0,0.0,0.0,-0.332533,0.04361,0.022435,-0.022499,0.34116,0.352332,0.871476,-0.835069,0.53926,0.108889,-0.431587,-0.764892,0.478196,-1e-06,-6.4e-05,-7.6e-05,6e-06,-5e-06,1.1e-05,-0.528369,0.075812,0.012906,-0.063102,0.256888,-0.265301,-0.929313,0.759451,0.650108,0.02434,0.597697,-0.712021,0.368488,1e-06,3e-06,3e-06,3e-06,9e-06,-1.3e-05,-0.470622
3,0.151673,-0.052041,0.323988,-0.162181,0.313694,-0.935596,-0.828433,-0.558357,-0.043662,-0.5359,0.767606,0.351595,-0.015586,0.000833,0.000947,-0.000984,0.014715,-0.029553,-0.28394,-0.16816,-0.045035,0.315377,-0.374086,-0.350892,0.858444,0.843276,-0.513793,0.157595,0.386209,0.783288,0.486997,-1.1e-05,-0.000971,-0.001141,0.0,0.0,0.0,-0.332178,0.043598,0.022435,-0.022506,0.341088,0.352341,0.8715,-0.835083,0.539252,0.10882,-0.431617,-0.764893,0.478167,-7e-06,-0.000558,-0.000655,-0.00179,0.013536,-0.025361,-0.528206,0.075807,0.01292,-0.063102,0.256838,-0.265311,-0.929324,0.75943,0.650135,0.024279,0.597745,-0.711992,0.368465,-1e-06,3e-06,3e-06,2e-06,-2e-06,-1e-05,-0.464907
4,0.151673,-0.052034,0.323981,-0.162164,0.313694,-0.935598,-0.828421,-0.558374,-0.043685,-0.535923,0.767594,0.351585,0.0,0.0,0.0,0.0,0.0,0.0,-0.277942,-0.168174,-0.045029,0.315337,-0.374047,-0.350895,0.85846,0.84326,-0.51384,0.157527,0.386282,0.783256,0.486991,-0.000916,0.009038,-0.01067,0.034652,0.004149,-0.006532,-0.332139,0.043591,0.022436,-0.022521,0.341054,0.352344,0.871512,-0.835072,0.53928,0.108768,-0.431665,-0.764872,0.478157,-3e-06,-0.000295,-0.000349,5e-06,3e-06,2e-06,-0.528369,0.075801,0.012924,-0.063105,0.256846,-0.265307,-0.929323,0.759412,0.650156,0.024277,0.597764,-0.711975,0.368467,1e-06,-7e-06,-9e-06,9e-06,-4e-06,1.9e-05,-0.459355
5,0.151662,-0.052027,0.323988,-0.162167,0.313694,-0.935598,-0.828421,-0.558374,-0.043682,-0.535923,0.767594,0.351586,2e-06,1.4e-05,1.7e-05,0.0,0.0,0.0,-0.275674,-0.168213,-0.045036,0.315253,-0.373892,-0.350908,0.858522,0.843269,-0.513883,0.157341,0.386414,0.783222,0.486941,-1.3e-05,-0.001116,-0.001313,0.0,0.0,0.0,-0.330592,0.043571,0.022434,-0.022569,0.340891,0.352363,0.871569,-0.835061,0.539339,0.108565,-0.431817,-0.764822,0.4781,-6e-06,-0.000693,-0.000815,7e-06,-1e-06,-3e-06,-0.528043,0.075795,0.012927,-0.063101,0.256849,-0.265306,-0.929322,0.759411,0.650157,0.024279,0.597764,-0.711974,0.368468,1e-06,1e-06,-1e-06,-6e-06,-4e-06,-9e-06,-0.45364
6,0.151665,-0.051989,0.324001,-0.162195,0.313686,-0.935596,-0.828389,-0.558423,-0.043674,-0.535964,0.767562,0.351593,0.000129,0.00105,0.001228,0.0,0.0,0.0,-0.276189,-0.168226,-0.045044,0.315213,-0.373818,-0.350914,0.858552,0.843276,-0.513896,0.157258,0.386468,0.783211,0.486916,-2e-06,-0.000175,-0.000206,0.0,0.0,0.0,-0.329502,0.043565,0.022428,-0.022591,0.340816,0.352371,0.871595,-0.835064,0.539351,0.108481,-0.43187,-0.76481,0.478072,0.0,-7e-05,-8.3e-05,7e-06,5e-06,-4e-06,-0.526573,0.075796,0.012945,-0.063096,0.256876,-0.265295,-0.929318,0.759373,0.650201,0.024286,0.597801,-0.711938,0.368479,7.3e-05,0.000581,0.00068,5e-06,-0.0,2.1e-05,-0.452661
7,0.151665,-0.051973,0.323988,-0.162162,0.313687,-0.935601,-0.828365,-0.558455,-0.043719,-0.536012,0.767538,0.351573,0.0,0.0,0.0,0.0,0.0,0.0,-0.275153,-0.168226,-0.045036,0.315207,-0.373696,-0.350925,0.858601,0.843313,-0.513869,0.157148,0.386507,0.783224,0.486865,-0.0,-0.0,-0.0,0.0,0.0,0.0,-0.329964,0.043565,0.022433,-0.022594,0.340691,0.352387,0.871637,-0.835097,0.539322,0.10837,-0.431905,-0.764823,0.478019,1e-06,1.6e-05,1.8e-05,1.2e-05,1.2e-05,1.5e-05,-0.526247,0.075797,0.012954,-0.063101,0.256844,-0.265299,-0.929326,0.759348,0.650232,0.024241,0.597847,-0.711908,0.368463,-1e-06,-1.1e-05,-1.3e-05,-2e-06,-6e-06,2.3e-05,-0.452497
8,0.151665,-0.051973,0.323988,-0.162162,0.313687,-0.935601,-0.828365,-0.558455,-0.043719,-0.536012,0.767538,0.351573,0.0,0.0,0.0,0.0,0.0,0.0,-0.274576,-0.168226,-0.045036,0.315207,-0.373696,-0.350925,0.858601,0.843313,-0.513869,0.157148,0.386507,0.783224,0.486865,-0.0,-0.0,-0.0,0.0,0.0,0.0,-0.329486,0.043565,0.022433,-0.022594,0.34069,0.352387,0.871637,-0.835097,0.539322,0.10837,-0.431905,-0.764823,0.478019,1e-06,9e-06,1.2e-05,1.3e-05,-1e-06,2.9e-05,-0.526247,0.075797,0.012954,-0.063101,0.256844,-0.265299,-0.929325,0.759347,0.650233,0.024241,0.597847,-0.711907,0.368463,2e-06,-7e-06,-1e-05,-1e-06,-0.0,4.5e-05,-0.451681
9,0.151619,-0.051903,0.323943,-0.164999,0.313309,-0.935232,-0.828364,-0.558658,-0.041066,-0.535144,0.767545,0.352877,0.0,2e-06,3e-06,-0.0002,0.000272,-0.000501,-0.274162,-0.168226,-0.045044,0.315213,-0.373681,-0.350927,0.858606,0.843329,-0.513843,0.15715,0.386487,0.78324,0.486854,-0.0,-0.0,-0.0,0.0,0.0,0.0,-0.329332,0.043565,0.022429,-0.02259,0.340676,0.352389,0.871642,-0.835114,0.539295,0.108371,-0.431884,-0.76484,0.47801,3e-06,2e-06,9e-06,2.3e-05,5e-06,1.9e-05,-0.52592,0.075774,0.01299,-0.063124,0.259647,-0.264597,-0.928746,0.759151,0.650355,0.02695,0.596884,-0.712057,0.369732,1e-06,-7e-06,-9e-06,0.001508,-0.002232,0.004103,-0.451191
10,0.151559,-0.051809,0.323845,-0.164947,0.313293,-0.935246,-0.828185,-0.558911,-0.041218,-0.535435,0.767368,0.352821,-1.7e-05,-0.000139,-0.000163,-0.0,0.0,-0.0,-0.27578,-0.168216,-0.045039,0.315186,-0.373694,-0.350924,0.858602,0.843304,-0.513889,0.157134,0.38653,0.783211,0.486867,-2e-06,-0.000193,-0.000227,0.0,0.0,0.0,-0.328057,0.04357,0.022432,-0.022604,0.340688,0.352387,0.871639,-0.835086,0.539341,0.108356,-0.431927,-0.76481,0.478021,0.0,-0.000116,-0.000134,6e-06,-1.4e-05,3.9e-05,-0.525267,0.075744,0.013036,-0.063173,0.259537,-0.264601,-0.928776,0.758958,0.65059,0.026735,0.597179,-0.711841,0.369673,-1e-05,0.00514,-0.004627,0.035679,-0.012353,0.018829,-0.451191
11,0.151537,-0.051739,0.323798,-0.164842,0.313294,-0.935264,-0.828085,-0.559047,-0.041375,-0.535622,0.767268,0.352754,3e-05,0.010712,-0.008752,0.035647,-0.012297,0.018697,-0.27541,-0.168216,-0.04505,0.315173,-0.373653,-0.350928,0.858618,0.843319,-0.513874,0.157103,0.386535,0.783219,0.486849,-9e-06,-0.000747,-0.000879,0.0,0.0,0.0,-0.328162,0.04357,0.022427,-0.022609,0.340648,0.352391,0.871652,-0.8351,0.539326,0.108325,-0.431932,-0.764818,0.478003,-4e-06,-0.000409,-0.000479,1.5e-05,-4e-06,1.7e-05,-0.52494,0.075732,0.013067,-0.063194,0.259449,-0.264612,-0.928798,0.758866,0.650703,0.026597,0.597334,-0.711734,0.369629,2.5e-05,0.000177,0.000209,-1e-05,-4e-06,2.4e-05,-0.451354
12,0.151502,-0.051643,0.323719,-0.164862,0.313269,-0.935269,-0.827912,-0.559298,-0.041456,-0.535884,0.767096,0.352731,0.0,0.0,0.0,0.0,0.0,0.0,-0.274981,-0.168215,-0.045069,0.315166,-0.373598,-0.350933,0.858639,0.84335,-0.513832,0.157072,0.38652,0.783244,0.486821,-1e-06,-8.8e-05,-0.000103,0.0,0.0,0.0,-0.328862,0.04357,0.022416,-0.022614,0.340593,0.352398,0.871671,-0.83513,0.539286,0.108293,-0.431918,-0.764843,0.477976,-1e-06,-2.7e-05,-3.3e-05,7e-06,1.2e-05,-7e-06,-0.52494,0.075715,0.013119,-0.063236,0.25945,-0.264586,-0.928804,0.758658,0.65095,0.026487,0.597597,-0.711517,0.36962,2e-06,-2e-06,-0.0,-4e-06,-6e-06,2.2e-05,-0.450864
13,0.151523,-0.051646,0.323684,-0.164844,0.313268,-0.935272,-0.827886,-0.559334,-0.041488,-0.53593,0.76707,0.352719,-2.8e-05,-0.000227,-0.000265,0.0,0.0,0.0,-0.282076,-0.168204,-0.045061,0.315159,-0.373636,-0.350929,0.858625,0.843325,-0.513867,0.157089,0.386537,0.783223,0.486841,-0.0,-0.0,-0.0,0.0,0.0,0.0,-0.328511,0.043576,0.02242,-0.022618,0.340631,0.352393,0.871659,-0.835106,0.53932,0.108311,-0.431935,-0.764822,0.477995,2e-06,7e-06,1e-05,8e-06,5e-06,1.7e-05,-0.52494,0.075726,0.013118,-0.063254,0.259432,-0.264588,-0.928809,0.75863,0.650983,0.026454,0.59764,-0.711486,0.36961,-1.4e-05,-0.000132,-0.000157,-4e-06,1.9e-05,8e-06,-0.452334
14,0.151568,-0.051603,0.323607,-0.16497,0.313234,-0.935262,-0.827755,-0.559531,-0.041445,-0.536093,0.76694,0.352752,-1.1e-05,-8.7e-05,-0.000102,0.0,0.0,0.0,-0.291338,-0.168204,-0.045072,0.315145,-0.373597,-0.350933,0.85864,0.84334,-0.513852,0.157058,0.386542,0.783231,0.486824,-1e-05,-0.000824,-0.00097,0.0,0.0,0.0,-0.328617,0.043576,0.022417,-0.022621,0.34059,0.352398,0.871672,-0.83512,0.539304,0.108279,-0.431939,-0.76483,0.477977,-5e-06,-0.000563,-0.000661,-0.001778,0.013536,-0.025358,-0.524777,0.075748,0.013139,-0.063293,0.259553,-0.26454,-0.928789,0.758475,0.651162,0.026492,0.597785,-0.71134,0.369658,-2e-06,-3.4e-05,-4.1e-05,1e-06,1.5e-05,2.1e-05,-0.457886
15,0.15158,-0.051551,0.323572,-0.164971,0.313223,-0.935265,-0.82767,-0.559654,-0.041494,-0.536224,0.766855,0.352737,1.4e-05,0.000116,0.000136,0.0,0.0,0.0,-0.294236,-0.168204,-0.045072,0.315145,-0.373597,-0.350933,0.85864,0.84334,-0.513852,0.157058,0.386542,0.783231,0.486824,-0.0,-1.4e-05,-1.7e-05,0.0,0.0,0.0,-0.32829,0.043576,0.022415,-0.022624,0.340591,0.352398,0.871672,-0.83512,0.539305,0.108279,-0.43194,-0.76483,0.477977,1e-06,1e-06,3e-06,1.3e-05,-1e-06,2e-06,-0.524777,0.075754,0.013165,-0.06331,0.259553,-0.264529,-0.928792,0.758379,0.651276,0.026441,0.597906,-0.71124,0.369654,1.2e-05,8.4e-05,9.9e-05,-1e-06,-1.6e-05,1.6e-05,-0.460009
16,0.15157,-0.051507,0.323559,-0.164887,0.313229,-0.935278,-0.827624,-0.559714,-0.041599,-0.536321,0.766809,0.35269,1.3e-05,0.000102,0.000119,0.0,0.0,0.0,-0.295681,-0.168204,-0.04508,0.315152,-0.373582,-0.350935,0.858646,0.843356,-0.513825,0.157059,0.386522,0.783248,0.486813,-0.0,-0.0,-0.0,0.0,0.0,0.0,-0.328589,0.043576,0.022411,-0.022621,0.340575,0.352401,0.871677,-0.835137,0.539278,0.10828,-0.431919,-0.764848,0.477968,4e-06,3e-06,8e-06,1.5e-05,-3e-06,1e-05,-0.524777,0.075749,0.013187,-0.063316,0.259471,-0.264544,-0.928811,0.758334,0.651333,0.026334,0.598,-0.711182,0.369614,6e-06,4.7e-05,5.3e-05,-3e-06,-1e-06,2e-06,-0.462621
17,0.151514,-0.051489,0.323596,-0.167686,0.312873,-0.9349,-0.827749,-0.559722,-0.038905,-0.535256,0.766949,0.354003,6.5e-05,0.000526,0.000615,-0.0,0.0,-0.0,-0.293623,-0.168204,-0.04508,0.315152,-0.373582,-0.350935,0.858646,0.843356,-0.513825,0.157059,0.386522,0.783248,0.486813,-0.0,-0.0,-0.0,0.0,0.0,0.0,-0.328485,0.043576,0.022411,-0.022621,0.340575,0.352401,0.871677,-0.835137,0.539278,0.10828,-0.431919,-0.764848,0.477968,4e-06,2e-06,8e-06,1.2e-05,-1.3e-05,1.9e-05,-0.524614,0.075721,0.013196,-0.063298,0.262187,-0.263881,-0.928237,0.758285,0.651276,0.029037,0.596876,-0.711481,0.370853,4e-05,0.000326,0.000381,0.000265,-0.000387,0.000732,-0.462948
18,0.151457,-0.051475,0.323613,-0.167765,0.31286,-0.93489,-0.827738,-0.559743,-0.038837,-0.535248,0.766939,0.354036,-0.015533,0.001182,0.001352,-0.000984,0.014715,-0.029553,-0.291307,-0.168204,-0.045086,0.315145,-0.373561,-0.350937,0.858654,0.843364,-0.513817,0.157043,0.386525,0.783252,0.486804,-3e-06,-0.000224,-0.000264,0.0,0.0,0.0,-0.328476,0.043576,0.022408,-0.022624,0.340555,0.352403,0.871684,-0.835144,0.539271,0.108264,-0.431921,-0.764852,0.477959,2e-06,-0.000142,-0.000162,1.9e-05,2e-06,-3e-06,-0.524614,0.075699,0.013203,-0.063289,0.262234,-0.263867,-0.928227,0.758273,0.651288,0.029078,0.596871,-0.711475,0.370873,2.6e-05,0.00021,0.000248,3.4e-05,-5.2e-05,0.000129,-0.462295
19,0.151352,-0.051477,0.323626,-0.168,0.312823,-0.93486,-0.827721,-0.559784,-0.038625,-0.535202,0.766924,0.354139,-1e-05,-8.4e-05,-9.8e-05,0.0,0.0,0.0,-0.290743,-0.168204,-0.045097,0.315132,-0.373522,-0.35094,0.85867,0.843379,-0.513802,0.157012,0.38653,0.783261,0.486786,-1e-06,-6.3e-05,-7.4e-05,0.0,0.0,0.0,-0.326145,0.043576,0.022402,-0.022631,0.340515,0.352408,0.871698,-0.835157,0.539256,0.108232,-0.431927,-0.76486,0.477941,0.0,-3.3e-05,-3.7e-05,7e-06,-5e-06,5e-06,-0.524124,0.07564,0.013203,-0.063282,0.262483,-0.263799,-0.928176,0.758232,0.651325,0.029309,0.596813,-0.711466,0.370982,-9e-06,-7.7e-05,-9e-05,-9e-06,0.0,9e-06,-0.460988
20,0.151293,-0.051449,0.323596,-0.168076,0.312803,-0.934853,-0.827653,-0.559886,-0.038592,-0.535282,0.766857,0.354161,-0.0,-1e-06,-1e-06,0.0,0.0,0.0,-0.289393,-0.168204,-0.045097,0.315132,-0.373522,-0.35094,0.85867,0.843379,-0.513802,0.157012,0.38653,0.783261,0.486786,-0.0,-0.0,-0.0,0.0,0.0,0.0,-0.325242,0.043576,0.022402,-0.022631,0.340515,0.352408,0.871698,-0.835158,0.539256,0.108232,-0.431926,-0.76486,0.477941,3e-06,6e-06,1e-05,7e-06,6e-06,8e-06,-0.522491,0.075611,0.013216,-0.063298,0.262556,-0.263771,-0.928164,0.758151,0.651417,0.029339,0.596884,-0.711392,0.371011,0.0,0.0,2e-06,-8e-06,-6e-06,2e-06,-0.460825
21,0.151258,-0.051455,0.323605,-0.168166,0.312791,-0.934841,-0.827655,-0.559889,-0.038507,-0.535251,0.76686,0.354202,-0.0,-0.0,-0.0,0.0,0.0,0.0,-0.288907,-0.168181,-0.045082,0.315131,-0.373602,-0.350932,0.858638,0.843338,-0.513854,0.157063,0.386542,0.78323,0.486826,-0.000895,0.010759,-0.008647,0.036442,-0.009391,0.018843,-0.324417,0.043587,0.02241,-0.022631,0.340596,0.352397,0.87167,-0.835118,0.539307,0.108284,-0.431939,-0.764829,0.477979,-0.000445,0.005381,-0.004319,0.03646,-0.009378,0.01884,-0.521675,0.075593,0.013213,-0.063293,0.262642,-0.263748,-0.928145,0.758147,0.651418,0.029425,0.59685,-0.7114,0.37105,-2e-06,0.0,4e-06,-6e-06,-1.3e-05,2e-06,-0.460172
22,0.15127,-0.051471,0.323618,-0.168175,0.312793,-0.934839,-0.827682,-0.55985,-0.038483,-0.535206,0.766888,0.354211,-0.0,-0.0,-0.0,0.0,0.0,0.0,-0.289089,-0.168182,-0.045088,0.315124,-0.373582,-0.350934,0.858646,0.843346,-0.513846,0.157047,0.386544,0.783234,0.486817,-5e-06,-0.000428,-0.000504,0.0,0.0,0.0,-0.32422,0.043587,0.022408,-0.022634,0.340576,0.352399,0.871677,-0.835125,0.539299,0.108268,-0.431941,-0.764833,0.47797,-1e-06,-0.000245,-0.000287,1e-05,-7e-06,8e-06,-0.521185,0.075599,0.013205,-0.063287,0.262651,-0.26375,-0.928142,0.758177,0.651382,0.02945,0.596808,-0.711432,0.371055,-0.0,-1e-06,3e-06,2e-06,3e-06,2.2e-05,-0.460172
23,0.151294,-0.051445,0.323616,-0.168197,0.312786,-0.934837,-0.827651,-0.559897,-0.03848,-0.535247,0.766856,0.354215,5e-06,3.9e-05,4.5e-05,0.0,0.0,0.0,-0.279019,-0.168182,-0.045088,0.315124,-0.373582,-0.350934,0.858646,0.843346,-0.513846,0.157047,0.386544,0.783234,0.486817,-0.0,-0.0,-0.0,0.0,0.0,0.0,-0.308145,0.043587,0.022407,-0.022635,0.340576,0.352399,0.871677,-0.835125,0.539299,0.108268,-0.431941,-0.764833,0.47797,2e-06,3e-06,4e-06,7e-06,-9e-06,1.3e-05,-0.514816,0.075611,0.013219,-0.063287,0.262672,-0.26374,-0.928139,0.758141,0.651425,0.029451,0.596846,-0.711397,0.371063,2e-06,9e-06,1.2e-05,-7e-06,1.1e-05,-4e-06,-0.458376
24,0.15127,-0.051395,0.323563,-0.168151,0.31278,-0.934847,-0.827558,-0.560028,-0.038578,-0.535406,0.766763,0.354178,-6e-06,-5.2e-05,-6.1e-05,0.0,0.0,0.0,-0.249906,-0.16817,-0.045063,0.315137,-0.37368,-0.350924,0.858608,0.843298,-0.513905,0.157111,0.386554,0.783201,0.486864,8e-06,0.000633,0.000746,0.0,0.0,0.0,-0.251254,0.043593,0.022419,-0.022629,0.340675,0.352387,0.871644,-0.835079,0.539357,0.108333,-0.431952,-0.764798,0.478016,6e-06,0.000413,0.000488,8e-06,-8e-06,7e-06,-0.482322,0.075599,0.013243,-0.063314,0.262626,-0.26374,-0.928153,0.758039,0.651547,0.029351,0.596995,-0.711285,0.371038,-2e-06,0.005198,-0.004561,0.035642,-0.012336,0.018689,-0.4427
25,0.15127,-0.051379,0.323549,-0.168117,0.312782,-0.934853,-0.827534,-0.56006,-0.038623,-0.535454,0.766739,0.354158,-0.0,-1e-06,-1e-06,0.0,0.0,0.0,-0.247296,-0.168231,-0.045028,0.31512,-0.381712,-0.341996,0.858677,0.830917,-0.533748,0.156923,0.405105,0.773807,0.486802,-0.015429,-0.000561,0.000869,0.027504,0.116338,-0.180593,-0.174378,0.043568,0.022438,-0.022636,0.348538,0.343245,0.872183,-0.82215,0.55881,0.108626,-0.450099,-0.754926,0.476966,1e-06,8e-05,9.2e-05,0.46982,0.085538,0.267008,-0.438233,0.075599,0.013251,-0.063321,0.262594,-0.263745,-0.92816,0.758015,0.651578,0.029305,0.59704,-0.711255,0.371023,0.0,2e-06,4e-06,-3e-06,-8e-06,1.1e-05,-0.435842
26,0.151317,-0.051271,0.323452,-0.170826,0.312413,-0.934485,-0.827449,-0.560351,-0.036132,-0.534723,0.766677,0.355393,-0.0,-0.0,-0.0,-0.007419,0.010105,-0.018533,-0.23536,-0.169387,-0.044807,0.314965,-0.440398,-0.25033,0.862193,0.714037,-0.679726,0.167503,0.544652,0.689713,0.476984,-0.062587,0.008062,-0.005795,6.276531,1.718922,3.667023,-0.089019,0.042984,0.022547,-0.022714,0.403641,0.251107,0.879783,-0.703281,0.700225,0.122805,-0.585209,-0.668304,0.459238,-0.0313,0.003908,-0.002883,6.265815,1.783508,3.707395,-0.324256,0.075623,0.013305,-0.06337,0.265263,-0.263068,-0.927593,0.757736,0.651783,0.031842,0.596213,-0.711318,0.372231,3e-06,0.005233,-0.00452,0.010901,0.021267,-0.043049,-0.428494
27,0.151413,-0.050841,0.323093,-0.18052,0.311121,-0.933093,-0.827239,-0.561169,-0.027126,-0.531846,0.766606,0.359836,6e-06,0.010508,-0.008991,0.028223,-0.002241,0.000139,-0.191678,-0.172749,-0.04416,0.314657,-0.477392,-0.138363,0.867724,0.594797,-0.777685,0.203363,0.647251,0.613372,0.452441,-0.109508,0.019941,-0.009073,4.957235,2.389954,3.396595,-0.085909,0.041344,0.022861,-0.022868,0.437532,0.142064,0.887909,-0.586724,0.79338,0.162179,-0.68141,-0.591916,0.430482,-0.055166,0.015652,-0.008477,1.336493,1.107711,1.24192,-0.282127,0.07567,0.013517,-0.063545,0.274704,-0.260706,-0.92551,0.756867,0.652287,0.040906,0.593034,-0.711725,0.376506,7e-06,0.005248,-0.004503,0.012959,0.01834,-0.037538,-0.40351
28,0.151621,-0.050206,0.322479,-0.196325,0.306246,-0.931512,-0.826807,-0.562358,-0.010681,-0.526879,0.767702,0.364772,-7.3e-05,0.020364,-0.018745,-0.013419,0.059805,-0.182953,-0.168537,-0.177767,-0.043105,0.313841,-0.504776,-0.023206,0.862933,0.499623,-0.822965,0.270258,0.7045,0.567587,0.425896,-0.141099,0.023462,-0.024218,1.028351,1.407411,2.604014,-0.088745,0.038847,0.0234,-0.023257,0.462144,0.024823,0.886457,-0.490528,0.839916,0.232211,-0.738785,-0.542147,0.400339,-0.071029,0.016886,-0.016452,4.324975,1.145798,6.055063,-0.278535,0.075774,0.01383,-0.063848,0.289476,-0.25384,-0.922912,0.755273,0.652898,0.057321,0.588018,-0.713644,0.380717,0.00774,0.009686,-0.00994,-0.219882,0.367979,-0.685181,-0.3782
29,0.151816,-0.049867,0.32211,-0.206033,0.302148,-0.930754,-0.826235,-0.563301,-2.3e-05,-0.524053,0.768639,0.366863,-0.000208,0.019291,-0.02,-0.028208,-0.067546,-0.28032,-0.16679,-0.18059,-0.042537,0.313152,-0.524002,0.043147,0.850619,0.438721,-0.842267,0.313121,0.730591,0.537203,0.421324,-0.158122,0.040425,-0.046087,1.063603,1.064051,2.795008,-0.086159,0.037442,0.023681,-0.023589,0.479835,-0.042798,0.876313,-0.431261,0.85831,0.27806,-0.764049,-0.511343,0.393391,-0.071044,0.014953,-0.018961,4.107788,0.870342,5.909869,-0.277555,0.075872,0.014002,-0.06403,0.298676,-0.249243,-0.921232,0.75398,0.653401,0.06767,0.585068,-0.714803,0.38308,0.007745,0.009755,-0.009864,-0.250482,0.133043,-0.800052,-0.371015
30,0.152139,-0.049143,0.321377,-0.221505,0.28935,-0.931266,-0.817243,-0.576065,0.01534,-0.531764,0.764107,0.365232,0.01537,0.01885,-0.0205,0.045635,-0.268728,-0.082535,-0.160607,-0.186428,-0.041363,0.311416,-0.551518,0.185521,0.813266,0.28989,-0.871467,0.395528,0.782781,0.453665,0.425799,-0.142846,0.037161,-0.052305,1.295834,0.05793,3.090693,-0.021448,0.034463,0.024279,-0.02448,0.504089,-0.190458,0.842389,-0.284006,0.884578,0.369947,-0.815619,-0.425729,0.391815,-0.071426,0.018253,-0.02643,1.344163,-0.050934,3.11112,-0.246367,0.076033,0.01437,-0.064406,0.31263,-0.234661,-0.920432,0.742558,0.664647,0.082765,0.592341,-0.70935,0.382038,0.0077,0.009465,-0.010209,0.037685,-0.305617,-0.095709,-0.364973
31,0.152277,-0.048477,0.320751,-0.226496,0.285523,-0.931247,-0.814842,-0.579296,0.020514,-0.533337,0.763109,0.365025,-0.000111,0.020166,-0.018976,0.055659,-0.021407,-0.184441,-0.152121,-0.191914,-0.040572,0.309865,-0.545833,0.299892,0.782382,0.165295,-0.87677,0.451537,0.822044,0.375412,0.427987,-0.141639,0.016014,-0.035612,4.29213,2.590704,4.186471,0.077388,0.03172,0.024669,-0.025263,0.498364,-0.302489,0.812485,-0.163075,0.887723,0.430527,-0.851492,-0.347056,0.393081,-0.07074,0.007737,-0.017932,4.348877,2.49703,4.143021,-0.157047,0.076102,0.014695,-0.064712,0.316935,-0.22998,-0.920141,0.73949,0.667403,0.087901,0.59389,-0.708294,0.381591,-6.1e-05,0.004687,-0.005162,0.021176,-0.013579,-0.205931,-0.357462
32,0.152346,-0.048223,0.320506,-0.228582,0.285109,-0.930864,-0.813956,-0.580485,0.022023,-0.533797,0.762361,0.365915,0.015474,0.00932,-0.010368,0.036467,-0.028492,0.047489,-0.152713,-0.194641,-0.040538,0.309366,-0.537456,0.351037,0.76675,0.103476,-0.874821,0.473196,0.83753,0.333222,0.432861,-0.140696,-0.006179,-0.019634,1.354697,0.450038,2.200171,0.113768,0.030357,0.024686,-0.025512,0.487668,-0.355613,0.797319,-0.101518,0.883985,0.456359,-0.867105,-0.303495,0.39499,-0.07034,-0.003172,-0.009826,1.397002,0.405323,2.185883,-0.090587,0.076137,0.014829,-0.064843,0.319067,-0.229351,-0.919562,0.738274,0.668547,0.08942,0.594262,-0.707419,0.382634,0.007748,0.004671,-0.005172,0.03911,-0.015971,0.05349,-0.355992
33,0.152413,-0.047972,0.320241,-0.231124,0.284615,-0.930387,-0.812961,-0.581802,0.023917,-0.534214,0.761542,0.367009,-2.9e-05,-0.000241,-0.000282,-0.0,-0.0,-0.0,-0.157542,-0.199787,-0.041016,0.308962,-0.521882,0.417966,0.743596,0.020962,-0.865086,0.50112,0.853359,0.27659,0.441747,-0.124716,-0.011646,-0.006579,4.23042,2.407101,3.18838,0.140971,0.027831,0.024442,-0.025722,0.473552,-0.419005,0.774714,-0.025578,0.872678,0.487624,-0.880393,-0.250731,0.402542,-0.054621,-0.005701,-0.00352,0.313461,-0.106556,0.446755,-0.026578,0.07617,0.014954,-0.064976,0.321522,-0.228708,-0.918866,0.737032,0.669674,0.091213,0.59448,-0.706561,0.38388,-9e-06,-0.000123,-0.000144,-0.000568,0.000328,0.000379,-0.357299
34,0.152425,-0.047972,0.32024,-0.230956,0.284644,-0.93042,-0.812994,-0.581762,0.023772,-0.534237,0.761561,0.366935,-0.0,-0.0,-0.0,-0.0,-0.0,-0.0,-0.16692,-0.203795,-0.041501,0.309165,-0.508016,0.474533,0.718838,-0.052662,-0.850008,0.524066,0.860323,0.227786,0.455874,-0.076975,-0.012067,0.011318,0.022828,-0.390552,0.708079,0.205143,0.025808,0.02419,-0.02564,0.457105,-0.478176,0.749934,0.051554,0.856007,0.514387,-0.887917,-0.196467,0.415936,-0.04643,-0.000301,0.002248,0.076371,-0.37893,0.703416,0.042658,0.076176,0.014954,-0.064976,0.321356,-0.228765,-0.91891,0.737094,0.669626,0.091068,0.594493,-0.706588,0.38381,4e-06,1.3e-05,1.5e-05,-0.00043,5.4e-05,0.000186,-0.360728
35,0.152414,-0.048014,0.320287,-0.230769,0.284687,-0.930454,-0.813116,-0.581595,0.023662,-0.534132,0.761672,0.366857,9.8e-05,-0.009743,0.009886,-0.03563,0.012507,-0.018589,-0.174219,-0.205398,-0.041615,0.309408,-0.504812,0.492656,0.708835,-0.074456,-0.842839,0.532928,0.860597,0.215635,0.461234,-0.061145,-0.008703,0.014392,0.004055,-0.314583,0.55887,0.228431,0.025001,0.024132,-0.025518,0.453993,-0.496346,0.739952,0.072632,0.848322,0.524475,-0.888039,-0.184364,0.421183,-0.038463,0.001766,0.004226,0.047917,-0.413091,0.716047,0.081684,0.076171,0.014936,-0.064958,0.32116,-0.228833,-0.918962,0.737235,0.669487,0.090939,0.594423,-0.706697,0.383716,6.8e-05,0.000564,0.000662,-0.00035,3.8e-05,0.000157,-0.3653
36,0.152343,-0.048135,0.320385,-0.23089,0.284691,-0.930422,-0.813307,-0.58132,0.023897,-0.533791,0.761881,0.366922,-1.2e-05,-0.010648,0.008828,-0.03563,0.012503,-0.018591,-0.17658,-0.207391,-0.041783,0.309879,-0.504307,0.515012,0.69313,-0.105308,-0.833269,0.542684,0.857666,0.200044,0.473556,-0.030373,-0.009704,0.011485,3.895846,2.650006,2.999598,0.250577,0.023994,0.024061,-0.025266,0.456876,-0.51597,0.724595,0.09773,0.838766,0.535648,-0.884144,-0.17391,0.433638,-0.015191,-0.00476,0.005903,0.066204,-0.279495,0.191688,0.128059,0.076136,0.014877,-0.064906,0.321276,-0.228828,-0.918922,0.737448,0.669219,0.091181,0.594096,-0.706952,0.383753,-8e-06,-5.1e-05,-5.9e-05,-0.000238,1.7e-05,0.000108,-0.371668
37,0.152351,-0.048211,0.320391,-0.230636,0.284746,-0.930469,-0.813442,-0.581138,0.023729,-0.533695,0.762,0.366815,-4.8e-05,-0.000399,-0.000467,-0.0,-0.0,-0.0,-0.174032,-0.207953,-0.042276,0.310028,-0.494729,0.528259,0.690056,-0.127645,-0.829502,0.543661,0.860198,0.180222,0.47691,-0.000345,-0.016519,0.001742,0.077383,0.01048,0.201221,0.273121,0.023703,0.023826,-0.025176,0.444305,-0.531764,0.720985,0.124549,0.833631,0.538094,-0.887175,-0.149281,0.436617,-0.000183,-0.008249,0.000909,0.307738,0.204607,0.380013,0.157941,0.07614,0.014835,-0.0649,0.321047,-0.22891,-0.918982,0.737631,0.669037,0.091042,0.593993,-0.707099,0.383644,-2.9e-05,-0.000236,-0.000276,-0.000163,1.2e-05,6.4e-05,-0.372158
38,0.152437,-0.048215,0.320259,-0.230399,0.284775,-0.930519,-0.813374,-0.581243,0.023454,-0.5339,0.761908,0.366706,-0.000216,-0.001792,-0.0021,-0.0,-0.0,-0.0,-0.1714,-0.207442,-0.042912,0.310209,-0.46556,0.546053,0.69647,-0.163427,-0.826375,0.538822,0.870336,0.136351,0.473061,0.015725,-0.012367,0.005966,0.312998,0.265873,0.247645,0.339875,0.023956,0.02349,-0.025098,0.414304,-0.54873,0.726117,0.160375,0.829341,0.535231,-0.895896,-0.105297,0.431602,0.007867,-0.006048,0.003154,0.31359,0.259983,0.256682,0.22489,0.076183,0.014834,-0.064965,0.320818,-0.228966,-0.919048,0.737574,0.669138,0.090765,0.594188,-0.706985,0.383551,-0.000114,-0.000953,-0.001118,-0.0001,2e-05,6.2e-05,-0.370525
39,0.152524,-0.048222,0.32014,-0.230302,0.284782,-0.930541,-0.813294,-0.581362,0.023308,-0.534065,0.761815,0.36666,0.015233,-0.003272,-0.003826,0.000984,-0.014715,0.029553,-0.171012,-0.206883,-0.043339,0.310479,-0.447126,0.556295,0.700432,-0.185269,-0.823593,0.536008,0.875591,0.109202,0.470402,0.031772,-0.022506,0.014596,0.280583,0.26455,0.252305,0.375378,0.024218,0.023294,-0.024974,0.396333,-0.557661,0.729338,0.181009,0.826263,0.533408,-0.900086,-0.079391,0.428417,0.01601,-0.011127,0.007312,3.802633,3.001163,2.571088,0.26457,0.07622,0.01483,-0.065018,0.320762,-0.228974,-0.919065,0.737495,0.669238,0.09066,0.594315,-0.706887,0.383534,-0.000213,-0.001779,-0.002088,-0.000915,0.013274,-0.025529,-0.370036
40,0.152663,-0.04826,0.31995,-0.23022,0.284785,-0.93056,-0.813182,-0.581524,0.023157,-0.53427,0.76169,0.36662,-0.000284,-0.00237,-0.002783,-0.0,-0.0,-0.0,-0.169213,-0.205605,-0.04436,0.311131,-0.423545,0.574725,0.700209,-0.216682,-0.81471,0.537802,0.880068,0.075345,0.468687,0.032191,-0.034047,0.022277,-0.102099,0.008101,0.008101,0.481691,0.024864,0.022784,-0.024639,0.371303,-0.576221,0.728081,0.213468,0.816109,0.537025,-0.903639,-0.043977,0.426028,0.015835,-0.011743,0.006675,-0.060259,-0.001856,0.026619,0.383772,0.076296,0.014811,-0.065119,0.320643,-0.228996,-0.919101,0.737373,0.6694,0.090462,0.594532,-0.706726,0.383494,-0.000161,-0.001363,-0.001605,-0.000882,0.013284,-0.025532,-0.368892
41,0.152797,-0.048247,0.319822,-0.229974,0.284815,-0.930611,-0.813102,-0.581648,0.022864,-0.534498,0.761584,0.366508,-0.000129,-0.001079,-0.001267,-0.0,-0.0,-0.0,-0.16223,-0.204831,-0.0454,0.311882,-0.412326,0.580017,0.702538,-0.226879,-0.812128,0.537501,0.882808,0.061512,0.465541,0.000935,-0.021492,0.017382,-0.084523,0.119265,-0.209069,0.522875,0.025262,0.022258,-0.024263,0.359927,-0.581245,0.729798,0.223576,0.813166,0.537377,-0.905795,-0.030252,0.422632,0.000453,-0.01072,0.008716,-0.073499,0.02271,-0.036556,0.486645,0.076362,0.014816,-0.065185,0.320406,-0.229054,-0.91917,0.737299,0.669521,0.090167,0.594751,-0.706594,0.3834,-6.3e-05,0.004746,-0.005095,0.034777,0.000799,-0.006931,-0.367096
42,0.152856,-0.048183,0.319785,-0.229842,0.284827,-0.93064,-0.813028,-0.581758,0.022688,-0.534667,0.761496,0.366445,0.015638,0.010676,-0.008788,0.036616,-0.0272,0.048153,-0.147428,-0.204877,-0.045841,0.312166,-0.394446,0.590442,0.704118,-0.248768,-0.806154,0.536808,0.885058,0.035846,0.463951,0.000148,-0.013283,0.00563,3.960045,3.058761,2.615766,0.524266,0.02524,0.022039,-0.024112,0.34529,-0.588718,0.73088,0.240354,0.808277,0.537509,-0.907195,-0.009926,0.420591,-0.0075,-0.012134,0.007429,0.263471,0.415229,-0.03161,0.505913,0.076392,0.014846,-0.065207,0.320278,-0.22908,-0.919207,0.737225,0.669627,0.089989,0.594911,-0.706485,0.38335,0.007836,0.005458,-0.004255,0.036586,-0.027191,0.048155,-0.361544
43,0.152848,-0.048025,0.319698,-0.229504,0.284854,-0.930715,-0.812851,-0.582022,0.02225,-0.535082,0.761284,0.366281,-0.015451,0.001463,0.001713,-0.000984,0.014715,-0.029553,-0.09089,-0.205161,-0.046523,0.312479,-0.367594,0.614158,0.698338,-0.298039,-0.789013,0.537184,0.881356,-0.011429,0.47217,7.5e-05,-0.013812,0.004986,0.262293,-0.401799,-0.168952,0.52272,0.025098,0.021696,-0.023958,0.312762,-0.614723,0.724082,0.293302,0.787576,0.541937,-0.903411,0.042878,0.426624,-0.007775,-0.007011,0.002794,0.328048,-0.463944,-0.045342,0.515221,0.076388,0.014927,-0.065248,0.319951,-0.229143,-0.919306,0.737048,0.669881,0.089546,0.595307,-0.706223,0.383219,-0.00772,0.000773,0.000905,-0.001009,0.014712,-0.029548,-0.330029
44,0.152744,-0.047824,0.319551,-0.229305,0.284841,-0.930768,-0.812546,-0.582462,0.021874,-0.535629,0.760953,0.366168,-1e-06,0.010582,-0.008904,0.03563,-0.012515,0.018585,-0.048553,-0.205741,-0.04669,0.312471,-0.356161,0.637384,0.683287,-0.343294,-0.769263,0.538811,0.869487,-0.043457,0.491901,-0.015697,-0.00098,-0.000381,0.366785,-0.776088,0.019973,0.529658,0.024813,0.021604,-0.023965,0.301253,-0.637553,0.709064,0.337877,0.766733,0.545856,-0.891675,0.075136,0.446395,-0.007873,-0.000567,-0.000257,-0.072764,-0.586104,0.661453,0.519303,0.076336,0.015029,-0.06532,0.319756,-0.229151,-0.919372,0.736719,0.670294,0.089161,0.595819,-0.705829,0.383151,2e-06,0.00528,-0.004465,0.035627,-0.012523,0.018627,-0.295248
45,0.152645,-0.047497,0.319183,-0.228757,0.282014,-0.931764,-0.811774,-0.58351,0.022632,-0.537034,0.761207,0.363574,-0.00016,0.009246,-0.010474,-0.025052,-0.535332,-0.252703,0.01645,-0.206651,-0.046803,0.312707,-0.33133,0.653221,0.680818,-0.387323,-0.752047,0.533234,0.860727,-0.087831,0.501296,-0.030379,-0.008263,0.013269,3.812433,2.880128,2.63254,0.530991,0.024352,0.021545,-0.023849,0.279672,-0.651539,0.705181,0.381145,0.749478,0.541305,-0.881198,0.117388,0.457939,-0.015071,-0.003921,0.006681,3.758849,2.926097,2.659991,0.520772,0.076287,0.01519,-0.065499,0.319528,-0.229127,-0.919457,0.736047,0.671113,0.088549,0.596771,-0.705057,0.383088,-9.7e-05,0.004433,-0.005457,0.035618,-0.012547,0.018592,-0.25018
46,0.15264,-0.04728,0.318909,-0.228528,0.281993,-0.931826,-0.811345,-0.584125,0.022153,-0.53778,0.760743,0.363443,-0.000245,0.008542,-0.011302,0.03474,-0.020204,0.014587,0.044048,-0.207297,-0.046986,0.313042,-0.30921,0.666739,0.678115,-0.419497,-0.735469,0.532016,0.85382,-0.12079,0.506226,-0.029752,-0.017519,0.023735,3.356499,1.331878,4.892525,0.531017,0.024041,0.021461,-0.023691,0.259581,-0.661375,0.703704,0.409662,0.735283,0.53994,-0.874525,0.148123,0.461806,-0.015068,-0.003029,0.007999,0.106432,0.03106,-0.024482,0.520936,0.076284,0.015299,-0.065635,0.318681,-0.226134,-0.920491,0.735328,0.671769,0.089545,0.598108,-0.7054,0.380363,-0.000148,0.003993,-0.005974,0.041607,0.003272,0.025324,-0.213603
47,0.152665,-0.046736,0.318268,-0.227864,0.273448,-0.934532,-0.809703,-0.586247,0.025832,-0.540527,0.762238,0.356161,-0.000225,0.019293,-0.020009,0.024966,-0.423134,-0.170916,0.078655,-0.208652,-0.047331,0.314061,-0.283016,0.689933,0.666248,-0.46598,-0.70597,0.533295,0.838628,-0.160383,0.520426,-0.02923,0.000254,0.023436,0.333091,-0.458804,-0.301371,0.531586,0.023362,0.021276,-0.023188,0.227778,-0.688204,0.688833,0.458842,0.699824,0.547457,-0.858825,0.191367,0.475181,-0.022115,-0.004466,0.017423,0.382042,-0.470884,-0.271926,0.521426,0.076296,0.015572,-0.065962,0.317437,-0.2189,-0.922667,0.733359,0.673516,0.092517,0.60118,-0.706015,0.374331,-0.000103,0.00963,-0.010024,-0.009973,-0.553844,-0.232477,-0.152696
48,0.152656,-0.046099,0.317577,-0.2285,0.264641,-0.936909,-0.807662,-0.588827,0.0306,-0.543303,0.763368,0.349455,-0.00025,0.008503,-0.011351,0.011396,-0.077249,-0.240052,0.124918,-0.209796,-0.047386,0.315627,-0.276557,0.70703,0.650858,-0.49663,-0.684877,0.533138,0.823035,-0.17667,0.539689,-0.027219,0.00057,0.045205,0.415648,-0.697102,-0.191573,0.531279,0.022789,0.021242,-0.02242,0.221331,-0.705161,0.673616,0.488755,0.677943,0.5491,-0.843878,0.2077,0.494701,-0.01359,0.000665,0.023102,0.159516,-0.183933,0.08233,0.521752,0.076292,0.015892,-0.066307,0.316911,-0.208612,-0.925228,0.730616,0.675734,0.097894,0.604787,-0.70701,0.366563,-0.000118,0.00422,-0.005713,0.020368,-0.047978,-0.226502,-0.093095
49,0.152676,-0.045751,0.317218,-0.228612,0.258832,-0.938503,-0.806533,-0.590207,0.033634,-0.54493,0.7643,0.344855,-0.00019,0.019588,-0.019662,0.056723,-0.147019,-0.027149,0.150384,-0.210371,-0.047233,0.316486,-0.26746,0.719617,0.640787,-0.51588,-0.66852,0.535615,0.814138,-0.188206,0.5492,-0.027278,0.0134,0.038829,0.353668,-0.612257,-0.271635,0.531711,0.022512,0.021317,-0.022001,0.212496,-0.717428,0.663431,0.507405,0.661241,0.552539,-0.835095,0.219216,0.504538,-0.013411,0.00181,0.024396,-0.121597,-0.726456,0.814704,0.521426,0.076302,0.01605,-0.066472,0.31647,-0.202662,-0.9267,0.729192,0.676812,0.101007,0.606732,-0.707709,0.36197,-3.7e-05,0.010178,-0.009379,0.057685,-0.06036,-0.208555,-0.060763
50,0.152626,-0.045114,0.316605,-0.230236,0.242983,-0.942336,-0.800713,-0.597586,0.041489,-0.552768,0.763789,0.333319,-6.2e-05,0.020646,-0.018415,0.020432,-0.304406,-0.335934,0.202671,-0.211487,-0.046931,0.318025,-0.233966,0.745946,0.623551,-0.558612,-0.62796,0.541805,0.796004,-0.222485,0.562799,-0.027648,0.010112,0.034651,0.525795,-0.072463,0.076119,0.532518,0.021946,0.021483,-0.021196,0.180379,-0.743,0.644525,0.548393,0.619944,0.561189,-0.816534,0.252227,0.519282,-0.013799,0.005424,0.017785,1.449016,0.281228,0.909869,0.521099,0.076276,0.016374,-0.066788,0.316608,-0.187821,-0.929775,0.722152,0.683269,0.107883,0.615024,-0.705596,0.351964,-0.007774,0.005349,-0.004389,-0.045651,-0.534625,-0.290862,0.011248
51,0.152501,-0.04448,0.316119,-0.229577,0.231452,-0.945394,-0.798873,-0.599627,0.047139,-0.555696,0.765782,0.323739,7.7e-05,0.02177,-0.017088,0.020677,-0.43825,-0.182927,0.276475,-0.212369,-0.046612,0.319388,-0.222927,0.757227,0.613924,-0.576177,-0.610242,0.543652,0.786578,-0.233475,0.571531,-0.012199,0.009189,0.032657,0.217286,-0.428215,-0.014559,0.532835,0.021499,0.021643,-0.020514,0.16905,-0.753998,0.63475,0.565507,0.601667,0.56409,-0.807232,0.263596,0.528103,-0.013787,0.005229,0.01744,0.384399,-0.505306,-0.287097,0.521262,0.076214,0.016691,-0.067031,0.315086,-0.176818,-0.932446,0.719695,0.684981,0.113303,0.618675,-0.706777,0.343083,-0.007686,0.00602,-0.003599,-0.068345,-0.636958,-0.344176,0.10514
52,0.152327,-0.043923,0.315669,-0.228812,0.222799,-0.947656,-0.797375,-0.601293,0.051104,-0.558156,0.767052,0.316418,-3e-05,0.020852,-0.01817,0.052444,-0.178325,-0.044835,0.332221,-0.212942,-0.046397,0.320814,-0.221097,0.759259,0.612073,-0.584784,-0.605373,0.539895,0.780717,-0.239504,0.577045,-0.011949,-0.002606,0.039942,-0.005474,-0.003998,-0.25169,0.532848,0.021213,0.021757,-0.019801,0.168721,-0.756078,0.632359,0.574893,0.596616,0.559952,-0.800643,0.269063,0.535326,-0.006178,0.004104,0.015679,0.035539,-0.124045,-0.036786,0.521426,0.076134,0.016968,-0.06725,0.313176,-0.166942,-0.934907,0.717681,0.686327,0.117855,0.621977,-0.707874,0.334751,-3.6e-05,0.00492,-0.004885,0.009108,-0.226039,-0.09554,0.199359
53,0.152221,-0.043732,0.315478,-0.228773,0.219864,-0.94835,-0.796789,-0.60194,0.052603,-0.559008,0.767395,0.314075,-0.000143,0.009363,-0.010338,0.029738,-0.060401,-0.007072,0.349608,-0.213188,-0.04641,0.321446,-0.214628,0.760927,0.612304,-0.591791,-0.599944,0.538316,0.777225,-0.247764,0.578271,-0.012568,-0.006839,0.034984,-0.044633,-0.01343,-0.061352,0.533144,0.021091,0.021758,-0.019476,0.162398,-0.75746,0.632361,0.581782,0.591126,0.558659,-0.796967,0.277171,0.536674,-0.006455,0.002187,0.013429,-0.040317,-0.014394,-0.008845,0.521426,0.076075,0.01707,-0.067347,0.312771,-0.163611,-0.935631,0.716851,0.686905,0.119518,0.623135,-0.70809,0.332129,-0.007834,0.004794,-0.005046,0.038799,-0.002916,-0.048428,0.233487
54,0.151993,-0.0435,0.315174,-0.227996,0.211242,-0.950495,-0.795785,-0.602882,0.056842,-0.560753,0.769085,0.306743,-0.015628,0.009986,-0.00963,0.021289,-0.105897,-0.06902,0.378967,-0.213372,-0.046609,0.322447,-0.206279,0.76811,0.606175,-0.607771,-0.58598,0.535888,0.767075,-0.258827,0.586915,0.002062,-0.012462,0.027784,0.002278,-0.39232,0.265328,0.532873,0.020993,0.021661,-0.018974,0.153849,-0.764304,0.626233,0.597438,0.57676,0.557148,-0.787018,0.288419,0.545359,0.000792,-0.001113,0.009264,-0.106918,-0.732591,0.608006,0.521589,0.075966,0.017188,-0.067504,0.31115,-0.155333,-0.93758,0.715514,0.687588,0.123539,0.625479,-0.709291,0.325086,-0.000132,-0.001128,-0.001328,-0.013572,-0.131891,-0.071558,0.285086
55,0.151748,-0.043464,0.314943,-0.228264,0.208254,-0.95109,-0.795274,-0.603379,0.058694,-0.561369,0.769514,0.304534,-0.01591,0.007707,-0.01233,0.03333,0.011546,-0.038646,0.406044,-0.213218,-0.047035,0.32331,-0.211646,0.769506,0.602543,-0.618472,-0.582716,0.527134,0.756999,-0.262046,0.598455,0.001489,-0.016304,0.023357,0.297245,-0.498563,-0.332247,0.533161,0.02107,0.021448,-0.018541,0.15749,-0.766174,0.623036,0.607698,0.572496,0.550409,-0.778395,0.291934,0.555764,0.000757,-0.007956,0.011909,-0.072035,-0.031186,-0.041194,0.521916,0.075844,0.017209,-0.067616,0.311116,-0.152357,-0.938079,0.714781,0.688028,0.125314,0.626333,-0.709509,0.322959,-0.000201,-0.001667,-0.001966,0.004978,0.017985,0.008906,0.326889
56,0.151624,-0.043496,0.314857,-0.228335,0.205331,-0.951708,-0.795011,-0.60355,0.060468,-0.561711,0.770168,0.302238,-0.015852,-0.002288,-0.002741,-0.005801,-0.023832,-0.05028,0.413739,-0.213153,-0.047395,0.323794,-0.214387,0.76992,0.601043,-0.623366,-0.581485,0.522708,0.7522,-0.263564,0.603815,0.00141,-0.016834,0.022745,1.280342,0.375136,0.706922,0.532701,0.021102,0.021266,-0.018301,0.161918,-0.76632,0.621719,0.611857,0.572269,0.546019,-0.774217,0.291993,0.56154,0.000687,-0.008788,0.010716,3.60401,2.370522,2.990779,0.522079,0.075782,0.017194,-0.067665,0.310856,-0.149318,-0.938654,0.714401,0.688091,0.12713,0.626897,-0.710094,0.32057,-0.000223,-0.001829,-0.002159,0.002273,0.0,-0.033979,0.344687
57,0.151472,-0.043581,0.314725,-0.228697,0.205256,-0.951637,-0.794911,-0.603651,0.060777,-0.561706,0.770109,0.302399,-0.000284,-0.002289,-0.00271,-1e-06,-8e-06,-4e-06,0.416512,-0.213105,-0.048258,0.324713,-0.221906,0.769875,0.598366,-0.628666,-0.581948,0.5158,0.745587,-0.26267,0.612346,0.001409,-0.030009,0.028675,0.14684,-0.327735,-0.257186,0.532573,0.021126,0.020838,-0.017845,0.168878,-0.76685,0.619209,0.618721,0.571511,0.539034,-0.767244,0.292087,0.570982,0.000494,-0.009729,0.009872,0.329729,-0.490518,-0.313676,0.522242,0.0757,0.01715,-0.067733,0.311309,-0.149526,-0.938471,0.714255,0.688214,0.12728,0.626837,-0.709931,0.321047,-0.00014,0.004077,-0.005885,0.03438,0.002215,-0.006021,0.36069
