frame,MLTx,MLTy,MLTz,MLTR1,MLTR2,MLTR3,MLTR4,MLTR5,MLTR6,MLTR7,MLTR8,MLTR9,MLTTVx,MLTTVy,MLTTVz,MLTRVx,MLTRVy,MLTRVz,MLGA,MRTx,MRTy,MRTz,MRTR1,MRTR2,MRTR3,MRTR4,MRTR5,MRTR6,MRTR7,MRTR8,MRTR9,MRTTVx,MRTTVy,MRTTVz,MRTRVx,MRTRVy,MRTRVz,MRGA,SLTx,SLTy,SLTz,SLTR1,SLTR2,SLTR3,SLTR4,SLTR5,SLTR6,SLTR7,SLTR8,SLTR9,SLTTVx,SLTTVy,SLTTVz,SLTRVx,SLTRVy,SLTRVz,SLGA,SRTx,SRTy,SRTz,SRTR1,SRTR2,SRTR3,SRTR4,SRTR5,SRTR6,SRTR7,SRTR8,SRTR9,SRTTVx,SRTTVy,SRTTVz,SRTRVx,SRTRVy,SRTRVz,SRGA
1,0.10478,0.006194,0.342725,0.063149,0.392114,-0.917771,-0.950038,-0.25797,-0.175644,-0.305717,0.882523,0.357375,0.023899,0.014334,-0.057928,0.101371,-0.724263,-0.133692,-1.915129,-0.182689,0.047875,0.306635,0.294075,-0.099849,0.950548,-0.379955,0.90029,0.212238,-0.877298,-0.423456,0.2256,-0.05376,0.021157,-0.028789,-0.046426,0.004862,-0.125873,0.34176,0.027933,0.046289,-0.023334,-0.26689,0.104864,0.958004,0.192447,-0.968241,0.159598,0.944316,0.22696,0.238233,-0.020113,0.004761,-0.011324,-1.566638,-0.336352,-0.466546,0.337234,0.066668,0.02756,-0.071427,-0.019808,0.453614,-0.890977,-0.878661,-0.433091,-0.200961,-0.477033,0.778887,0.407152,0.019201,0.011595,-0.033903,0.608697,-0.111364,-0.146397,-0.903179
2,0.10582,0.006902,0.340431,0.052992,0.378336,-0.924174,-0.934835,-0.30653,-0.179147,-0.351139,0.872975,0.338589,0.02524,0.027313,-0.064698,5.261837,0.740883,-1.878136,-1.915183,-0.184147,0.048692,0.305801,0.299835,-0.083572,0.950319,-0.424451,0.880374,0.211461,-0.854654,-0.466662,0.22728,-0.027085,0.019103,-0.015623,0.067481,-0.125492,0.124495,0.25928,0.027193,0.046695,-0.023764,-0.275837,0.089929,0.956988,0.240498,-0.957488,0.159296,0.93063,0.274094,0.242483,-0.01385,0.015938,-0.010794,-0.034904,-0.04224,-0.045072,0.231912,0.067195,0.027907,-0.0726,-0.024533,0.436182,-0.899523,-0.856908,-0.472604,-0.205797,-0.514884,0.76576,0.385363,0.012103,0.007586,-0.028686,0.118974,-0.279982,0.147552,-0.902689
3,0.106379,0.007251,0.339253,0.046721,0.370334,-0.927747,-0.926628,-0.330732,-0.178742,-0.373096,0.867568,0.328864,0.024453,0.016378,-0.056366,0.232673,-0.383998,-0.213194,-1.915146,-0.184712,0.049134,0.305534,0.303226,-0.072781,0.950131,-0.454168,0.865443,0.211359,-0.838016,-0.495516,0.228156,-0.026915,0.02306,-0.012262,-0.405206,-0.230983,0.010734,0.202357,0.026906,0.046914,-0.0239,-0.281054,0.080548,0.956305,0.270959,-0.949269,0.159589,0.920645,0.303973,0.244971,-0.013328,0.011785,-0.006013,-5.323576,-1.183957,-1.323879,0.17525,0.067466,0.028079,-0.073171,-0.031339,0.428827,-0.902842,-0.841331,-0.49898,-0.207799,-0.53961,0.753077,0.376423,0.019008,0.006861,-0.029174,1.62789,-0.390986,-0.842013,-0.90171
4,0.107438,0.007832,0.337097,0.024664,0.357819,-0.93349,-0.899252,-0.399934,-0.177116,-0.436749,0.843366,0.313067,0.024311,0.015751,-0.057031,5.324884,0.677768,-1.61659,-1.916537,-0.185376,0.05002,0.305182,0.310433,-0.043871,0.949578,-0.531702,0.819973,0.211826,-0.78828,-0.570591,0.230007,-0.001082,0.027881,-0.010084,-5.320807,-1.231474,-1.274777,0.057512,0.026554,0.047369,-0.024077,-0.293604,0.055056,0.954339,0.352213,-0.921872,0.161542,0.888674,0.383561,0.251274,-0.006929,0.014472,-0.004077,-0.413309,-0.140087,-0.094681,0.003794,0.068005,0.028378,-0.074268,-0.048369,0.410986,-0.910357,-0.803645,-0.557248,-0.208874,-0.593139,0.721501,0.35724,0.018638,0.001425,-0.025042,0.22172,-0.128042,-0.044443,-0.895341
5,0.108558,0.008278,0.334901,0.012134,0.335456,-0.942002,-0.874906,-0.452511,-0.17247,-0.484145,0.825838,0.289174,0.023971,0.014292,-0.058459,5.585252,-0.021244,-0.966185,-1.916428,-0.185024,0.05118,0.304947,0.317477,-0.011517,0.948192,-0.612818,0.760499,0.214544,-0.723937,-0.64916,0.233171,0.024683,0.035046,-0.005927,-1.505861,-0.454141,-0.255467,-0.04825,0.026721,0.047944,-0.024197,-0.307428,0.023627,0.951277,0.447664,-0.878564,0.166494,0.839693,0.477038,0.259519,0.00604,0.016938,-0.003018,-5.205334,-1.242398,-1.21894,-0.154761,0.068565,0.028603,-0.075365,-0.057213,0.387564,-0.920064,-0.769521,-0.604251,-0.20668,-0.636053,0.696184,0.33281,0.011598,0.001502,-0.025232,0.984485,-1.927612,1.918645,-0.893219
6,0.109098,0.008461,0.333772,0.013101,0.323803,-0.946058,-0.862226,-0.475409,-0.174713,-0.506362,0.817601,0.27414,0.037392,0.011194,-0.060937,0.521358,-0.866124,0.684331,-1.916662,-0.184481,0.051841,0.304908,0.314477,0.005447,0.949245,-0.652115,0.727834,0.211985,-0.690103,-0.685679,0.231227,0.037508,0.039789,-0.002902,-0.399068,0.313343,-0.590744,-0.093336,0.027002,0.048285,-0.02422,-0.308291,0.006,0.951272,0.494004,-0.853565,0.165482,0.812967,0.52095,0.260182,0.018752,0.020328,-0.001086,-0.390526,0.36982,-0.657985,-0.216648,0.06883,0.028696,-0.075928,-0.055692,0.375614,-0.925101,-0.748932,-0.628461,-0.210085,-0.660301,0.681138,0.31631,0.01185,0.00641,-0.029938,1.470492,-1.779617,2.09499,-0.890279
7,0.110207,0.008906,0.331442,0.008797,0.298702,-0.95433,-0.819795,-0.544275,-0.177969,-0.572597,0.783547,0.241274,0.02408,0.014527,-0.058531,0.570364,-0.710514,-0.066197,-1.916984,-0.182874,0.053282,0.305003,0.300209,0.03688,0.953156,-0.730251,0.651675,0.204907,-0.613939,-0.757592,0.221353,0.050695,0.031595,0.005879,-1.650981,-0.185024,0.0247,-0.165421,0.027768,0.048984,-0.024169,-0.300373,-0.02803,0.953409,0.581418,-0.797773,0.159722,0.756127,0.602306,0.255926,0.01899,0.016008,0.003589,-0.650349,0.519646,0.297701,-0.29862,0.069374,0.028908,-0.077075,-0.054323,0.352824,-0.93411,-0.694434,-0.685559,-0.218559,-0.717502,0.636805,0.282255,0.01203,0.007095,-0.029393,5.385251,0.177401,-1.505887,-0.895831
8,0.111381,0.00956,0.329211,-0.001959,0.274045,-0.961739,-0.765977,-0.618632,-0.174773,-0.642864,0.735985,0.21232,0.025138,0.018788,-0.054862,1.687751,-0.61009,-0.572853,-1.918026,-0.180835,0.054533,0.305261,0.276762,0.062225,0.958917,-0.791512,0.580518,0.190895,-0.545109,-0.811891,0.208692,0.063747,0.020925,0.012478,-0.479103,-0.081291,-0.067348,-0.25456,0.028801,0.049635,-0.024038,-0.282398,-0.057478,0.957573,0.659815,-0.736223,0.150395,0.696343,0.674293,0.245833,0.025192,0.016643,0.003539,-1.577598,-0.323785,-0.315589,-0.386143,0.069974,0.029233,-0.078219,-0.059923,0.327321,-0.94301,-0.626686,-0.747662,-0.219693,-0.776964,0.577807,0.24993,0.012494,0.009003,-0.027788,5.420735,0.010184,-1.465045,-0.893055
9,0.112498,0.010483,0.327079,-0.003048,0.243418,-0.96994,-0.729841,-0.66356,-0.16429,-0.683609,0.707097,0.180886,0.026284,0.023592,-0.050604,1.684043,-0.804241,-0.635759,-1.918183,-0.178168,0.05547,0.305588,0.259372,0.079812,0.96247,-0.83569,0.517973,0.182373,-0.484275,-0.851712,0.199818,0.076011,0.018819,0.009524,-0.143854,-0.027821,0.034855,-0.28577,0.03013,0.05011,-0.023867,-0.268932,-0.078435,0.959959,0.715812,-0.683131,0.144718,0.644428,0.72607,0.23986,0.0313,0.015043,0.001601,-0.465147,0.030262,-0.20017,-0.436437,0.070531,0.02969,-0.079289,-0.055144,0.297925,-0.952994,-0.582261,-0.784955,-0.2117,-0.811129,0.543218,0.216756,0.013562,0.017494,-0.029256,5.493228,0.292458,-1.015754,-0.905139
10,0.113059,0.011036,0.326109,-0.004033,0.229066,-0.973426,-0.717438,-0.678725,-0.156799,-0.696609,0.697453,0.168289,0.027206,0.02753,-0.047047,0.103692,-0.793083,-0.122815,-1.91784,-0.176737,0.055854,0.305739,0.253923,0.087649,0.96324,-0.853865,0.488016,0.180803,-0.454521,-0.868479,0.19753,0.075843,0.018017,0.008759,-0.479512,-0.091719,-0.032165,-0.327282,0.030846,0.050303,-0.023791,-0.265205,-0.08711,0.960248,0.739332,-0.657645,0.144533,0.618912,0.748274,0.238814,0.037918,0.008598,0.003992,-1.618771,-0.314886,-0.255979,-0.46338,0.070811,0.029963,-0.079778,-0.052984,0.282055,-0.957933,-0.565687,-0.798996,-0.203969,-0.822915,0.531084,0.201889,0.013606,0.013608,-0.023685,0.0965,-0.935641,-0.243174,-0.903506
11,0.11432,0.012433,0.324324,-0.007348,0.199939,-0.979804,-0.687864,-0.712148,-0.140216,-0.725799,0.67269,0.143983,0.029028,0.035574,-0.039704,-0.048142,-0.485018,-0.659488,-1.918076,-0.173767,0.05652,0.306016,0.246567,0.090856,0.964853,-0.870984,0.457219,0.179644,-0.42511,-0.884761,0.190638,0.088152,0.016938,0.006627,0.023029,0.038395,0.039318,-0.43119,0.032297,0.050629,-0.023655,-0.259204,-0.091842,0.961446,0.762441,-0.630527,0.145321,0.592871,0.770714,0.233459,0.037779,0.008144,0.003514,0.088236,1.811429,-2.051929,-0.550087,0.071429,0.030638,-0.080657,-0.048815,0.255753,-0.965508,-0.52976,-0.826118,-0.192046,-0.846741,0.502114,0.175814,0.02142,0.016951,-0.020466,0.101188,-1.147682,-0.068702,-0.89877
12,0.115474,0.013989,0.322861,-0.003031,0.17794,-0.984059,-0.659954,-0.739642,-0.131765,-0.751302,0.648811,0.120898,0.030001,0.04023,-0.035402,0.575228,-0.696485,-0.19276,-1.917557,-0.170684,0.057226,0.306345,0.246952,0.095439,0.964312,-0.88058,0.437336,0.182345,-0.404609,-0.894284,0.190813,0.08781,0.019465,0.008477,0.00315,0.002003,0.074125,-0.492225,0.033867,0.050985,-0.023491,-0.259934,-0.096255,0.960816,0.775832,-0.613225,0.148456,0.574907,0.784021,0.234076,0.037613,0.010015,0.004945,0.019357,-0.132478,0.225351,-0.630426,0.072018,0.031436,-0.081405,-0.041926,0.233735,-0.971395,-0.49762,-0.847966,-0.182558,-0.866381,0.475732,0.151863,0.015055,0.020217,-0.017623,1.617792,-0.310119,-1.19684,-0.900077
13,0.116069,0.014745,0.322199,0.003066,0.167785,-0.985842,-0.649647,-0.749095,-0.129566,-0.760241,0.640634,0.10793,0.030148,0.041142,-0.03454,0.131849,-0.826026,-0.122328,-1.918201,-0.169096,0.057624,0.306558,0.247435,0.099179,0.96381,-0.882763,0.432975,0.182193,-0.399521,-0.896002,0.193455,0.075041,0.020427,0.010222,0.07256,-0.322945,0.052874,-0.541514,0.034638,0.051175,-0.02339,-0.260942,-0.098722,0.960293,0.778827,-0.609285,0.148995,0.570383,0.786782,0.235875,0.037513,0.010782,0.005517,0.122009,-0.384343,-0.250699,-0.665534,0.072316,0.031817,-0.081734,-0.034193,0.225288,-0.973691,-0.485221,-0.855474,-0.180896,-0.873722,0.46627,0.138565,0.014751,0.014977,-0.013304,0.103794,-1.075882,-0.310921,-0.898444
14,0.117224,0.016237,0.32102,0.012223,0.146154,-0.989209,-0.638084,-0.760492,-0.120299,-0.769891,0.632484,0.085194,0.030383,0.042745,-0.033019,0.139978,-0.748525,-0.314658,-1.917501,-0.166159,0.058314,0.307205,0.244417,0.104103,0.964061,-0.885701,0.428537,0.178394,-0.394845,-0.897583,0.195716,0.075536,0.014268,0.02135,-0.460894,-0.333969,-0.0054,-0.687943,0.036106,0.051518,-0.023079,-0.259119,-0.104762,0.960146,0.781439,-0.60698,0.144662,0.567635,0.787781,0.239145,0.037826,0.007116,0.010718,-5.288754,-1.281183,-1.036108,-0.778367,0.072884,0.032554,-0.08231,-0.021424,0.206999,-0.978106,-0.471745,-0.864664,-0.172659,-0.881474,0.457718,0.116175,0.014888,0.015861,-0.012477,0.10228,-0.465806,0.097511,-0.895505
15,0.11826,0.017558,0.319959,0.024237,0.126578,-0.991683,-0.611787,-0.782616,-0.114898,-0.790688,0.609323,0.059704,0.015972,0.033265,-0.023769,0.113433,-0.501769,-0.21882,-1.917337,-0.163508,0.058915,0.308249,0.232701,0.125116,0.964462,-0.900071,0.403223,0.164975,-0.368519,-0.906612,0.205213,0.063499,0.008322,0.033684,0.059103,-0.417049,-0.34738,-0.830229,0.037465,0.051824,-0.022555,-0.252073,-0.127163,0.959316,0.801526,-0.582901,0.133345,0.54223,0.80253,0.248858,0.031724,0.004584,0.017132,0.115284,-0.61648,-0.507788,-0.852175,0.073418,0.033231,-0.082853,-0.004229,0.18849,-0.982065,-0.441374,-0.881588,-0.167304,-0.897313,0.432751,0.086923,0.014832,0.015854,-0.012464,0.1234,-0.713847,-0.085318,-0.891259
16,0.119383,0.018957,0.318998,0.032715,0.09992,-0.99448,-0.585356,-0.80455,-0.100146,-0.810164,0.585273,0.033405,0.043683,0.032768,-0.023628,0.101432,-0.721211,-0.593119,-1.917332,-0.161144,0.059068,0.309684,0.206753,0.150426,0.966756,-0.912195,0.386786,0.13502,-0.353851,-0.909954,0.215953,0.064295,-0.002587,0.040912,0.107112,-0.001745,-1.330147,-0.981897,0.038647,0.051911,-0.021837,-0.23277,-0.156921,0.959788,0.816439,-0.567771,0.105176,0.528436,0.808091,0.260276,0.032162,-0.00189,0.01994,0.180129,1.088614,-2.710567,-0.834376,0.073969,0.033928,-0.083336,0.008511,0.166096,-0.986072,-0.411057,-0.898357,-0.15487,-0.911569,0.40665,0.060629,0.015555,0.023452,-0.014576,0.070585,-0.461183,-1.198858,-0.895178
17,0.120059,0.019719,0.318496,0.038544,0.086973,-0.995488,-0.574043,-0.813469,-0.09335,-0.817973,0.574939,0.01981,0.030052,0.034568,-0.022249,0.126324,-0.92838,-0.236492,-1.917717,-0.160013,0.058896,0.310516,0.190975,0.165827,0.967482,-0.919582,0.374866,0.117386,-0.343424,-0.912284,0.222847,0.051787,-0.00401,0.0408,0.180656,-0.045,-1.437266,-1.056817,0.039217,0.051828,-0.021419,-0.220487,-0.175079,0.959547,0.826074,-0.556606,0.088258,0.518638,0.812118,0.267353,0.026425,-0.007898,0.023765,0.350087,1.149464,-2.968423,-0.856094,0.074313,0.034311,-0.083585,0.016644,0.154199,-0.987899,-0.398194,-0.90528,-0.148012,-0.917149,0.39584,0.046334,0.0219,0.016761,-0.011484,0.12057,-1.024099,-0.219451,-0.879339
18,0.121301,0.021216,0.317519,0.047953,0.062575,-0.99691,-0.560994,-0.824047,-0.078762,-0.826497,0.562956,-0.003171,0.030772,0.046771,-0.029171,0.157096,-0.616791,0.03884,-1.917381,-0.157874,0.058009,0.312414,0.164766,0.197001,0.966454,-0.931407,0.353365,0.08688,-0.324578,-0.914704,0.240478,0.05533,-0.042495,0.058723,-0.011841,-0.515564,-1.084969,-1.129574,0.040285,0.051403,-0.020473,-0.200528,-0.210264,0.956857,0.841953,-0.536359,0.058586,0.500901,0.817378,0.284588,0.020841,-0.015956,0.025996,-0.081131,-0.213608,-0.591212,-0.860992,0.074945,0.035073,-0.084081,0.032379,0.130246,-0.990952,-0.383188,-0.914093,-0.132665,-0.923102,0.384017,0.020311,0.015405,0.023377,-0.014607,0.146973,-0.546346,0.100082,-0.880972
19,0.12242,0.022948,0.31654,0.049301,0.031706,-0.998303,-0.547748,-0.834906,-0.05362,-0.835259,0.549419,-0.022553,0.030566,0.038348,-0.018752,0.099779,0.919364,-2.297483,-1.91769,-0.156069,0.056363,0.314611,0.14111,0.216033,0.966131,-0.936999,0.344036,0.060046,-0.319563,-0.913988,0.249737,0.044334,-0.058013,0.063938,-0.207628,0.040908,-0.685268,-1.169503,0.041208,0.050566,-0.019351,-0.18031,-0.236598,0.95473,0.849469,-0.52679,0.029883,0.495872,0.816403,0.295968,0.022143,-0.02921,0.031783,-0.230575,0.125774,-0.61666,-0.879608,0.075492,0.035921,-0.084567,0.041652,0.102551,-0.993854,-0.367968,-0.923226,-0.110685,-0.928904,0.370317,-0.000719,0.008914,0.025775,-0.012522,0.167492,-0.653011,-0.279796,-0.868072
20,0.122899,0.023956,0.316137,0.048434,0.018374,-0.99868,-0.545747,-0.836884,-0.041918,-0.836617,0.547031,-0.029264,0.018762,0.056491,-0.020509,0.160701,-0.543977,0.054357,-1.917686,-0.155242,0.055302,0.315747,0.129049,0.227079,0.965284,-0.939722,0.338724,0.046067,-0.316641,-0.913308,0.255872,0.03096,-0.050537,0.054932,-0.070806,-0.44387,-0.871563,-1.186855,0.041622,0.05004,-0.01878,-0.171087,-0.247351,0.953701,0.853146,-0.521366,0.017827,0.492818,0.816697,0.300225,0.015456,-0.025525,0.027236,-0.094015,-0.355485,-0.800596,-0.882547,0.075735,0.036413,-0.084773,0.04127,0.087247,-0.995331,-0.365764,-0.925711,-0.09631,-0.929791,0.368031,-0.006293,0.009355,0.028028,-0.010467,0.156624,-0.3981,-0.163481,-0.87395
21,0.123669,0.026206,0.315581,0.043381,-0.00965,-0.999035,-0.541391,-0.840612,-0.015443,-0.839713,0.541547,-0.040448,0.01999,0.062985,-0.014644,0.179527,-0.579083,-0.437302,-1.917378,-0.153818,0.053023,0.317925,0.107066,0.240854,0.964633,-0.944453,0.327732,0.023116,-0.310682,-0.913808,0.261334,0.031402,-0.054897,0.051801,-0.166856,-0.081651,-0.572996,-1.258395,0.042322,0.048921,-0.01771,-0.152345,-0.266764,0.951644,0.859843,-0.510528,-0.005462,0.487298,0.817433,0.307151,0.016314,-0.034047,0.028819,-0.179486,-0.226073,-0.496213,-0.88075,0.076118,0.037515,-0.085051,0.040548,0.061498,-0.997282,-0.360869,-0.929832,-0.072011,-0.931734,0.362808,-0.01551,0.00975,0.026125,-0.003225,0.159167,-0.882088,-0.442361,-0.877379
22,0.124081,0.02825,0.315463,0.03913,-0.030936,-0.998778,-0.537843,-0.843014,0.004987,-0.842194,0.537024,-0.048383,0.005932,0.045176,0.004754,0.123257,0.266305,-0.946505,-1.916474,-0.152688,0.050847,0.319809,0.077772,0.25497,0.963812,-0.94819,0.317515,-0.007366,-0.307974,-0.913603,0.265225,0.03064,-0.047718,0.041467,-0.119995,-0.213255,-0.429792,-1.396721,0.042887,0.047831,-0.016764,-0.126232,-0.286452,0.949742,0.865542,-0.499566,-0.035634,0.484666,0.817544,0.310997,0.009025,-0.024692,0.020649,-0.115309,-0.250048,-0.486828,-0.880424,0.076332,0.038567,-0.085117,0.043106,0.038232,-0.998338,-0.356696,-0.93282,-0.051125,-0.933224,0.358307,-0.026573,0.003489,0.029093,-0.000703,0.244706,1.34254,-2.483592,-0.879176
23,0.124127,0.029211,0.315585,0.035397,-0.042208,-0.998504,-0.536424,-0.843769,0.016598,-0.843259,0.535082,-0.051266,0.006512,0.047988,0.007175,0.093593,-0.231201,-0.341149,-1.916596,-0.152135,0.04987,0.320575,0.06384,0.26221,0.962892,-0.949466,0.312982,-0.022161,-0.307232,-0.913127,0.267713,0.018383,-0.05226,0.039227,-0.128398,-0.179575,-0.442429,-1.403655,0.043168,0.047345,-0.016379,-0.114075,-0.296306,0.948255,0.867679,-0.494586,-0.050164,0.483858,0.817059,0.313518,0.014865,-0.020236,0.015482,-0.086747,-0.229712,-0.440542,-0.878628,0.076355,0.039046,-0.085058,0.040652,0.026386,-0.998824,-0.355151,-0.933989,-0.039128,-0.933924,0.356325,-0.028598,-0.003376,0.024902,0.004297,0.106087,-0.186252,-0.579209,-0.879175
24,0.124086,0.03098,0.316215,0.025965,-0.062246,-0.997746,-0.53434,-0.844366,0.038719,-0.844912,0.532204,-0.053943,-0.006178,0.044101,0.02095,0.052428,-0.247339,-0.303063,-1.916934,-0.151138,0.047991,0.321656,0.043259,0.27327,0.96096,-0.951405,0.304716,-0.043704,-0.304791,-0.912694,0.271948,0.016743,-0.038908,0.017354,-0.083801,-0.062036,-0.369831,-1.404563,0.043666,0.046406,-0.015826,-0.096217,-0.311037,0.945514,0.871238,-0.485681,-0.071112,0.481337,0.816926,0.317718,0.008982,-0.025447,0.012124,-0.115506,-0.085729,-0.376383,-0.870463,0.076339,0.03993,-0.084749,0.035261,0.005101,-0.999364,-0.352942,-0.935486,-0.017228,-0.93498,0.353325,-0.031186,0.003519,0.021184,0.009805,0.0588,-0.347456,-0.377529,-0.880319
25,0.123996,0.03249,0.317278,0.013462,-0.073795,-0.997205,-0.533528,-0.843962,0.0552,-0.845701,0.531382,-0.049492,-0.005994,0.036538,0.031499,0.000682,0.141324,-0.295084,-1.916806,-0.150452,0.046495,0.322189,0.031805,0.275447,0.960785,-0.952667,0.299057,-0.05408,-0.302239,-0.913913,0.270696,0.015777,-0.030063,0.008024,-0.070326,0.001234,-0.010077,-1.405019,0.04401,0.045647,-0.015563,-0.085251,-0.315308,0.945152,0.873628,-0.479762,-0.081252,0.479067,0.818784,0.316362,0.007951,-0.016034,0.003228,-0.078669,0.046733,-0.008015,-0.86981,0.076295,0.04069,-0.08422,0.025949,-0.009335,-0.999619,-0.352152,-0.935942,-0.000401,-0.935582,0.352028,-0.027574,-0.002962,0.018506,0.015963,0.001167,0.063749,-0.113372,-0.886034
26,0.123837,0.033779,0.318721,-0.010796,-0.08349,-0.996473,-0.533271,-0.842479,0.076312,-0.845873,0.532314,-0.034186,-0.006116,0.02754,0.040683,-0.036823,0.199021,-0.274193,-1.916098,-0.150033,0.045783,0.322018,0.021625,0.274671,0.96129,-0.952427,0.297947,-0.063587,-0.30388,-0.914508,0.266822,0.001031,-0.013183,-0.010223,-0.004116,0.03407,-0.046516,-1.404633,0.044224,0.045286,-0.015641,-0.07515,-0.316319,0.945671,0.873629,-0.478101,-0.090496,0.480752,0.819366,0.312275,0.006192,0.00012,-0.008639,0.032957,-0.008243,0.034135,-0.867524,0.076216,0.04134,-0.0835,0.003856,-0.023313,-0.99972,-0.352138,-0.935723,0.020462,-0.935939,0.351961,-0.011818,-0.002632,0.019969,0.016995,-0.003711,0.275312,-0.385453,-0.880808
27,0.123721,0.034339,0.319519,-0.027158,-0.086796,-0.995878,-0.53317,-0.841421,0.087821,-0.845549,0.533462,-0.022186,-0.005882,0.028517,0.041279,-0.035747,0.470053,-0.414535,-1.91625,-0.149912,0.045659,0.321752,0.019417,0.273759,0.961598,-0.952126,0.298468,-0.065626,-0.30497,-0.914611,0.265223,0.001041,-0.013255,-0.010304,-0.004149,0.034247,-0.046382,-1.404771,0.044285,0.04522,-0.015776,-0.072818,-0.315833,0.946016,0.873232,-0.47844,-0.092515,0.481831,0.819355,0.310635,-0.000143,-0.000418,-0.008467,0.04645,-0.114807,0.160224,-0.86883,0.07616,0.04161,-0.083116,-0.0109,-0.029651,-0.9995,-0.352201,-0.93539,0.03159,-0.93586,0.35237,-0.000248,-0.002963,0.014248,0.020649,0.01826,1.028961,-1.037607,-0.874277
28,0.123364,0.035334,0.321111,-0.050613,-0.086563,-0.994983,-0.534029,-0.839498,0.100148,-0.843899,0.536523,-0.002498,-0.007065,0.014433,0.046156,-0.075019,0.706389,-0.180769,-1.916677,-0.149857,0.045642,0.321048,0.015943,0.269273,0.962927,-0.951366,0.300329,-0.068114,-0.30753,-0.915327,0.259739,-0.000253,-0.001253,-0.01729,0.713641,1.722022,-2.099614,-1.404575,0.044313,0.045203,-0.01613,-0.071411,-0.31239,0.947265,0.872339,-0.480059,-0.092552,0.483656,0.819729,0.306792,-0.000155,-0.00016,-0.008284,0.036062,-0.00859,-0.015629,-0.876179,0.075982,0.042131,-0.0823,-0.033495,-0.035461,-0.998809,-0.353378,-0.934396,0.045025,-0.93488,0.354465,0.018766,-0.009699,0.013888,0.020052,-0.033831,0.813284,0.131319,-0.879829
29,0.122985,0.035992,0.322753,-0.073049,-0.085764,-0.993657,-0.535273,-0.837262,0.111563,-0.841436,0.540131,0.016492,-0.007559,0.0118,0.043613,-0.069392,0.496896,-0.332768,-1.917228,-0.149797,0.045785,0.32043,0.013197,0.262024,0.964967,-0.95069,0.302271,-0.068957,-0.309739,-0.916782,0.251864,-0.000554,0.002584,-0.014309,0.031196,0.024937,0.008752,-1.40496,0.044344,0.045268,-0.016443,-0.064406,-0.305379,0.950049,0.871095,-0.481683,-0.095777,0.486871,0.821416,0.297038,-0.000276,0.001395,-0.007075,0.0335,-0.009112,-0.010128,-0.877485,0.075793,0.042463,-0.081477,-0.056505,-0.037935,-0.99768,-0.355081,-0.93318,0.055593,-0.933125,0.357399,0.039259,-0.009981,0.012303,0.018551,-0.035248,0.424395,-0.187061,-0.876889
30,0.122793,0.036283,0.323587,-0.087508,-0.084309,-0.992613,-0.540525,-0.832946,0.118347,-0.836669,0.546989,0.028554,-0.007354,0.012661,0.044154,-5.552014,1.187863,-0.148823,-1.916878,-0.149764,0.045799,0.320204,0.008714,0.257283,0.966293,-0.950258,0.302926,-0.071969,-0.311216,-0.917902,0.245895,0.01335,-0.007048,-0.006744,-0.017992,0.114415,0.083501,-1.405093,0.044355,0.045279,-0.016559,-0.058971,-0.302036,0.95147,0.87051,-0.482073,-0.099077,0.488603,0.822422,0.291354,-0.000322,0.001983,-0.006617,0.013457,0.147994,0.085253,-0.876995,0.075696,0.042604,-0.081062,-0.070326,-0.039983,-0.996722,-0.3556,-0.932545,0.062499,-0.931988,0.35883,0.051364,-0.010236,0.006964,0.022558,-0.065136,0.479943,-0.138068,-0.877869
31,0.122422,0.036869,0.325252,-0.115338,-0.085395,-0.989672,-0.540442,-0.830529,0.134594,-0.833309,0.550486,0.050874,-0.007198,0.013159,0.044219,-0.068024,0.281248,-0.270739,-1.917253,-0.149605,0.045594,0.319968,0.000612,0.254211,0.967144,-0.949591,0.303266,-0.078993,-0.313357,-0.918641,0.240351,0.014509,-0.017103,0.00169,0.621324,1.7109,-2.090436,-1.405315,0.044434,0.045181,-0.01668,-0.053305,-0.301159,0.952082,0.870016,-0.481982,-0.103749,0.490132,0.822797,0.287706,0.000242,-0.002971,-0.00234,-0.000782,-0.004385,0.001249,-0.871443,0.07551,0.042896,-0.080232,-0.098441,-0.046071,-0.994075,-0.361496,-0.929032,0.078855,-0.927162,0.367117,0.0748,-0.003648,0.006463,0.022028,-0.073,0.383918,-0.501116,-0.887177
32,0.121875,0.037361,0.327026,-0.144115,-0.088944,-0.985579,-0.544783,-0.824299,0.153995,-0.825936,0.559226,0.071567,-0.007109,0.013283,0.04398,-0.066984,0.277367,-0.254572,-1.917218,-0.149294,0.045337,0.319836,-0.00771,0.254015,0.967165,-0.948815,0.30346,-0.087146,-0.315596,-0.918631,0.237443,0.01319,-0.004673,-0.004906,0.006249,-0.03259,-0.020291,-1.40569,0.044595,0.045048,-0.016743,-0.042166,-0.302546,0.952201,0.868982,-0.481417,-0.114482,0.493042,0.822619,0.283206,0.006593,-0.002283,-0.002415,0.000542,-0.011604,0.00764,-0.869157,0.075237,0.043142,-0.079344,-0.12578,-0.055752,-0.99049,-0.366983,-0.924979,0.098667,-0.921684,0.375903,0.095884,-0.010064,0.007348,0.02253,-0.072609,0.390635,-0.467553,-0.89877
33,0.121271,0.037796,0.328868,-0.18021,-0.087905,-0.979716,-0.562413,-0.807915,0.175887,-0.806771,0.582808,0.097376,-0.007547,0.00304,0.052185,-5.482884,1.990662,-0.471808,-1.917271,-0.14883,0.045097,0.31969,-0.018889,0.252701,0.967355,-0.947689,0.303754,-0.097736,-0.318485,-0.918895,0.232514,0.013191,-0.004453,-0.004747,0.034011,-0.191178,-0.104516,-1.405921,0.044822,0.04493,-0.016815,-0.031035,-0.302692,0.952582,0.867858,-0.480945,-0.12455,0.495841,0.822841,0.27762,0.006641,-0.002753,-0.002797,0.041541,-0.270816,-0.191735,-0.873076,0.074935,0.043361,-0.078428,-0.159437,-0.063112,-0.985188,-0.382285,-0.916146,0.120556,-0.910185,0.395844,0.121941,-0.009805,0.008235,0.023069,0.019875,2.178926,-2.563093,-0.90024
34,0.120916,0.03806,0.32982,-0.202999,-0.085103,-0.975497,-0.565442,-0.803133,0.187679,-0.799181,0.589789,0.11613,-0.019221,0.017927,0.04704,-0.007099,2.292814,-2.733994,-1.917134,-0.148604,0.044931,0.319587,-0.024377,0.25059,0.967782,-0.947171,0.30383,-0.102411,-0.319646,-0.919445,0.228714,0.014707,-0.018717,0.000373,-0.036213,0.009797,-0.013734,-1.405887,0.044934,0.044856,-0.016865,-0.0252,-0.302412,0.952843,0.867265,-0.480675,-0.12962,0.497207,0.823102,0.274385,0.006703,-0.003447,-0.003352,-0.003516,0.010135,0.022542,-0.876832,0.074761,0.043486,-0.077951,-0.18139,-0.062863,-0.981399,-0.391934,-0.910651,0.130771,-0.901934,0.408364,0.140545,-0.009586,0.009221,0.023741,-0.040117,0.629205,-0.269387,-0.90073
35,0.120152,0.038659,0.33183,-0.256928,-0.075134,-0.963529,-0.578568,-0.786616,0.215561,-0.773811,0.612941,0.159835,-0.019163,0.009766,0.056779,-0.083328,2.424169,-2.637721,-1.917067,-0.148096,0.04463,0.319326,-0.034779,0.246517,0.96851,-0.946009,0.304319,-0.111311,-0.322105,-0.920379,0.221392,0.013464,-0.00731,-0.007045,0.001554,0.006059,0.001135,-1.406127,0.045194,0.044697,-0.016997,-0.014181,-0.300356,0.953721,0.866036,-0.480435,-0.138427,0.499778,0.823995,0.266932,0.00674,-0.003697,-0.003564,-0.001703,-7e-06,0.009165,-0.880261,0.074379,0.043787,-0.076951,-0.235963,-0.065285,-0.969566,-0.408143,-0.898813,0.15985,-0.881895,0.43344,0.185441,-0.009264,0.010397,0.024444,-0.033244,0.96318,-0.274228,-0.899913
36,0.119521,0.039385,0.333944,-0.315763,-0.080554,-0.945436,-0.576974,-0.774707,0.258652,-0.752886,0.627263,0.199325,-0.017562,0.024339,0.051049,-0.06953,0.720835,-0.956089,-1.917057,-0.147557,0.044306,0.319043,-0.045338,0.242381,0.969117,-0.944751,0.304802,-0.120312,-0.324465,-0.921312,0.213939,0.01354,-0.007868,-0.00752,0.000404,0.00317,0.004664,-1.40613,0.045453,0.044545,-0.017136,-0.003006,-0.298451,0.954419,0.864685,-0.480189,-0.147434,0.502304,0.82483,0.25951,0.006778,-0.00397,-0.003796,-0.012476,0.127764,-0.162253,-0.882547,0.074065,0.044136,-0.075911,-0.29456,-0.083692,-0.95196,-0.408706,-0.889423,0.204657,-0.863824,0.449356,0.227783,-0.00865,0.012921,0.026123,-0.083143,0.583884,-0.838127,-0.887993
37,0.119275,0.039836,0.334956,-0.342007,-0.088577,-0.935538,-0.570378,-0.771616,0.281515,-0.746393,0.629997,0.214543,-0.004066,0.025829,0.051935,-0.075827,0.651196,-0.929456,-1.917083,-0.147311,0.044144,0.318891,-0.051967,0.240041,0.969366,-0.945868,0.299506,-0.124755,-0.320185,-0.923655,0.21025,0.013641,-0.008863,-0.008331,0.060315,0.154741,-0.180571,-1.40589,0.045586,0.044454,-0.017214,0.003903,-0.297497,0.954714,0.866864,-0.474953,-0.151543,0.498528,0.828199,0.256036,0.006832,-0.004511,-0.004239,0.064767,0.16391,-0.192092,-0.885649,0.073933,0.044377,-0.075368,-0.319666,-0.098576,-0.942388,-0.402571,-0.886215,0.229255,-0.857758,0.452663,0.243609,-0.00201,0.013157,0.026167,-0.077951,0.629856,-0.925439,-0.880482
38,0.118881,0.040958,0.337007,-0.386856,-0.099836,-0.916745,-0.562157,-0.762509,0.320205,-0.730519,0.639349,0.240002,-0.003585,0.027637,0.052662,-0.074955,0.531943,-0.761954,-1.917167,-0.1468,0.043719,0.318503,-0.059175,0.234088,0.970408,-0.945053,0.299911,-0.129857,-0.321332,-0.925044,0.202245,0.013895,-0.011368,-0.010384,0.000146,0.004512,0.005682,-1.406119,0.045831,0.044252,-0.017398,0.012172,-0.293022,0.956027,0.865981,-0.474927,-0.156591,0.499928,0.829808,0.247971,0.006953,-0.005696,-0.005209,0.003105,-0.00078,-0.013229,-0.8832,0.073738,0.044931,-0.07436,-0.360548,-0.119504,-0.925052,-0.396415,-0.8781,0.267945,-0.84431,0.463312,0.269224,-0.001734,0.014214,0.026643,-0.074869,0.641888,-0.923876,-0.869868
39,0.118872,0.042193,0.338983,-0.419684,-0.106883,-0.90138,-0.556261,-0.754431,0.348396,-0.716752,0.647748,0.258294,0.008929,0.025322,0.050328,-0.074201,0.515565,-0.733549,-1.91712,-0.146561,0.04331,0.318105,-0.061476,0.230114,0.971215,-0.944892,0.300019,-0.130776,-0.321372,-0.926,0.197755,0.00097,-0.010987,-0.008856,-0.005997,0.038417,-0.006897,-1.405908,0.045961,0.044037,-0.017607,0.015099,-0.289461,0.95707,0.865816,-0.474986,-0.157317,0.500133,0.831023,0.243449,0.000505,-0.005648,-0.004556,-0.005763,0.014273,-0.025461,-0.886956,0.07373,0.045555,-0.073367,-0.391239,-0.133949,-0.910487,-0.392201,-0.870739,0.296631,-0.832532,0.473148,0.288132,-0.001405,0.019466,0.022129,-0.038787,0.399663,-0.583469,-0.87542
40,0.118994,0.042728,0.339884,-0.431358,-0.107209,-0.895814,-0.552857,-0.75324,0.356302,-0.712432,0.649081,0.266763,0.008733,0.024539,0.049477,-0.052593,0.347866,-0.36665,-1.917406,-0.14657,0.043172,0.317908,-0.060803,0.227333,0.971913,-0.94507,0.300137,-0.129208,-0.320976,-0.926645,0.195362,0.000833,-0.009447,-0.007628,-0.021748,0.125526,0.059325,-1.405782,0.045957,0.043962,-0.01771,0.015028,-0.286828,0.957863,0.865944,-0.475224,-0.155889,0.499913,0.8318,0.241235,0.000411,-0.004612,-0.003727,-0.022054,0.121297,0.055821,-0.890058,0.073794,0.045833,-0.072897,-0.403254,-0.137031,-0.904769,-0.388836,-0.869366,0.304972,-0.828367,0.474788,0.297292,0.004326,0.012209,0.0247,-0.063811,0.327432,-0.380165,-0.875746
41,0.1195,0.043617,0.341658,-0.466624,-0.102414,-0.878532,-0.546424,-0.747674,0.377327,-0.694926,0.656246,0.294018,0.020072,0.017763,0.044105,0.097991,0.638534,0.081401,-1.916776,-0.146713,0.04309,0.317557,-0.06326,0.217271,0.974055,-0.944893,0.301042,-0.128399,-0.321021,-0.92875,0.185017,0.000559,-0.00637,-0.005157,-0.039946,0.220438,0.167795,-1.406,0.045886,0.043923,-0.017885,0.019548,-0.278055,0.960365,0.865538,-0.476101,-0.155464,0.500459,0.834273,0.23136,-0.00675,0.001596,-0.006381,-0.004073,0.209742,0.365629,-0.891691,0.074041,0.046276,-0.072022,-0.437873,-0.142058,-0.887741,-0.383513,-0.863571,0.327355,-0.813132,0.483801,0.323653,0.003616,0.009106,0.022234,0.217346,1.047913,-0.008668,-0.883258
42,0.12014,0.043891,0.343348,-0.503663,-0.079878,-0.860226,-0.545813,-0.742407,0.388449,-0.669046,0.665267,0.331399,0.017044,-0.00348,0.044612,0.133422,0.946559,-0.026804,-1.915993,-0.147047,0.043061,0.317167,-0.061648,0.208853,0.975998,-0.945322,0.301492,-0.124109,-0.320071,-0.930523,0.177607,-0.013517,0.003168,-0.012798,0.007688,0.159679,0.070646,-1.405945,0.045718,0.04391,-0.018078,0.019517,-0.268874,0.962977,0.865947,-0.476889,-0.150704,0.499754,0.836828,0.223523,-0.006756,0.001612,-0.006372,0.008297,0.134833,0.050384,-0.889078,0.074363,0.046429,-0.071172,-0.478796,-0.127898,-0.868559,-0.383864,-0.859251,0.338134,-0.789558,0.495306,0.362311,0.008476,-0.001853,0.022219,0.243132,1.147517,0.149219,-0.883911
43,0.120611,0.043531,0.345046,-0.531711,-0.040147,-0.846001,-0.551234,-0.741955,0.381597,-0.642359,0.66929,0.373433,0.002444,-0.019266,0.049271,0.282541,1.382196,0.192841,-1.916364,-0.147384,0.043139,0.316676,-0.059566,0.200539,0.977869,-0.945627,0.302395,-0.119499,-0.319564,-0.932047,0.170381,-0.000559,0.002874,-0.014325,-0.006421,0.23535,0.169606,-1.405911,0.04555,0.043951,-0.018316,0.019229,-0.261115,0.965115,0.866028,-0.478025,-0.146587,0.499625,0.838636,0.216941,-0.000268,0.001371,-0.007212,-0.01616,0.321873,0.237687,-0.889405,0.074604,0.046252,-0.070327,-0.513599,-0.096668,-0.852567,-0.389258,-0.859247,0.33192,-0.764652,0.502343,0.40368,0.007688,-0.005421,0.019674,0.1486,0.961786,-0.016254,-0.881788
44,0.120795,0.043105,0.345913,-0.545734,-0.020384,-0.837737,-0.553752,-0.741556,0.378716,-0.628276,0.670599,0.394452,0.001427,-0.024046,0.045971,0.250688,1.288618,0.092581,-1.916098,-0.147502,0.043195,0.31637,-0.061453,0.196758,0.97852,-0.945289,0.303172,-0.12021,-0.320207,-0.932596,0.16612,-0.013333,0.000893,-0.014672,0.207102,0.4748,-0.459318,-1.405579,0.045495,0.04398,-0.018469,0.020996,-0.257122,0.96615,0.865732,-0.478676,-0.146205,0.500066,0.839498,0.212548,-0.000232,0.000952,-0.007558,0.591329,1.741411,-2.084005,-0.888752,0.074697,0.046043,-0.06989,-0.531598,-0.080009,-0.843209,-0.391901,-0.859318,0.32861,-0.750877,0.505143,0.425456,0.006882,-0.013071,0.022213,0.28641,1.390612,0.20222,-0.885707
45,0.121041,0.041825,0.347798,-0.562382,0.021568,-0.826623,-0.563389,-0.741726,0.363878,-0.604587,0.67032,0.430318,-0.00013,-0.039176,0.051294,0.251193,1.08848,0.218886,-1.916036,-0.147648,0.043362,0.315654,-0.060149,0.181852,0.98148,-0.945572,0.304583,-0.114265,-0.319618,-0.935139,0.152388,-0.001691,0.012435,-0.023231,-0.000809,0.39992,0.322908,-1.405741,0.045418,0.044058,-0.018824,0.023709,-0.24393,0.969502,0.865471,-0.4804,-0.142035,0.500396,0.842445,0.199725,-0.000151,-2e-05,-0.008368,-0.056884,0.609953,0.470995,-0.891528,0.074819,0.045414,-0.06897,-0.55634,-0.043617,-0.829808,-0.401325,-0.860326,0.314287,-0.727614,0.507874,0.461129,-1.4e-05,-0.019278,0.02585,0.506849,-0.513275,1.891935,-0.891096
46,0.120893,0.040302,0.349735,-0.579611,0.062197,-0.812544,-0.571288,-0.742055,0.35065,-0.580428,0.667357,0.466652,-0.013288,-0.040688,0.050499,0.321883,1.42307,0.059454,-1.916131,-0.147706,0.043591,0.31479,-0.061597,0.165789,0.984231,-0.945431,0.306349,-0.110655,-0.319758,-0.937524,0.136624,-0.00148,0.00994,-0.025302,0.034179,0.245862,0.141302,-1.405787,0.045389,0.044176,-0.019247,0.028115,-0.227439,0.973386,0.865103,-0.482325,-0.137687,0.500804,0.845951,0.183197,-0.000724,0.004929,-0.01268,0.062336,0.492602,0.028422,-0.889405,0.07475,0.044656,-0.068005,-0.580507,-0.008295,-0.814212,-0.409393,-0.861394,0.300659,-0.703852,0.507867,0.49665,-0.006713,-0.020526,0.025122,0.214978,1.322917,-0.253897,-0.889299
47,0.120475,0.038822,0.351534,-0.591728,0.096801,-0.800333,-0.575421,-0.746018,0.335141,-0.563891,0.658718,0.498141,-0.012959,-0.031306,0.041374,0.283218,0.818568,0.250251,-1.916341,-0.147764,0.043906,0.31387,-0.057973,0.15159,0.986737,-0.945807,0.307935,-0.102759,-0.319327,-0.939388,0.124272,-0.001562,0.010909,-0.024526,0.03874,0.180048,0.155337,-1.405921,0.04536,0.044328,-0.019718,0.027375,-0.212611,0.976753,0.865197,-0.484372,-0.129683,0.500684,0.848634,0.170691,-0.00074,0.005143,-0.012519,0.031266,0.204546,0.137006,-0.886629,0.07454,0.043895,-0.067085,-0.600851,0.024115,-0.798996,-0.412483,-0.865542,0.284067,-0.684715,0.500254,0.530009,-0.00706,-0.022153,0.024099,0.514122,0.64954,0.831114,-0.892075
48,0.120129,0.038086,0.352374,-0.595656,0.117324,-0.794653,-0.580465,-0.746685,0.324796,-0.554515,0.654587,0.513864,-0.02626,-0.033193,0.040261,0.334729,1.117362,0.127429,-1.916028,-0.147803,0.044123,0.313409,-0.056013,0.14605,0.987686,-0.945847,0.308973,-0.099212,-0.31956,-0.939917,0.119581,-0.001672,0.012207,-0.023457,0.046106,0.138048,0.123073,-1.40589,0.045341,0.044434,-0.01995,0.026568,-0.206851,0.978011,0.865047,-0.485558,-0.126196,0.500985,0.849379,0.166035,-0.000804,0.005895,-0.0119,0.042557,0.134033,0.118734,-0.88369,0.074363,0.043518,-0.066647,-0.608787,0.04276,-0.792179,-0.417322,-0.866486,0.273939,-0.6747,0.497365,0.545351,-0.013196,-0.01678,0.020012,0.400805,1.22265,0.175129,-0.894198
49,0.119246,0.036645,0.353953,-0.605648,0.155257,-0.780469,-0.589776,-0.746011,0.309198,-0.533486,0.647371,0.544363,-0.014189,-0.03677,0.037864,0.269923,0.90916,0.213581,-1.915862,-0.147868,0.044515,0.312551,-0.052918,0.137747,0.989048,-0.94575,0.310956,-0.093793,-0.320377,-0.940506,0.112565,-0.001711,0.012663,-0.023088,0.047589,0.129207,0.116734,-1.406025,0.045308,0.044636,-0.020387,0.025214,-0.19834,0.979808,0.864531,-0.487796,-0.120991,0.501944,0.850126,0.159172,-0.000842,0.00635,-0.011527,0.048422,0.111295,0.102066,-0.885813,0.07392,0.042794,-0.065861,-0.62647,0.077422,-0.77559,-0.426613,-0.866836,0.25806,-0.652331,0.492544,0.576077,-0.007161,-0.01858,0.018811,0.300209,0.952295,0.236298,-0.891096
50,0.118198,0.035304,0.355429,-0.613675,0.196858,-0.764653,-0.604045,-0.740714,0.294014,-0.507753,0.642066,0.574425,-0.026793,-0.034927,0.039311,0.208765,0.695991,0.272536,-1.916126,-0.147975,0.044695,0.311901,-0.052854,0.128386,0.990311,-0.945633,0.312191,-0.090827,-0.320732,-0.941409,0.10365,-0.000566,0.002883,-0.01443,0.012286,0.237544,0.082055,-1.405772,0.045255,0.044722,-0.020702,0.026905,-0.18992,0.98143,0.864151,-0.489118,-0.118341,0.502511,0.851289,0.15096,-0.000279,0.00152,-0.007147,0.119737,0.883096,-0.469809,-0.889405,0.073405,0.042133,-0.06514,-0.642669,0.115754,-0.757348,-0.441696,-0.863682,0.242808,-0.626003,0.490563,0.60619,-0.013491,-0.017795,0.019445,0.286391,0.841037,0.325655,-0.893055
51,0.117557,0.034625,0.3562,-0.618312,0.216751,-0.755483,-0.608819,-0.73998,0.285904,-0.49631,0.636458,0.590446,-0.039509,-0.033592,0.040357,0.279513,0.828938,0.311708,-1.915949,-0.148058,0.044702,0.311675,-0.054029,0.121745,0.991086,-0.945669,0.312375,-0.089809,-0.320429,-0.942221,0.096997,-0.013503,0.002528,-0.01343,-0.040375,0.465586,0.285809,-1.40587,0.045218,0.044727,-0.020821,0.029847,-0.185159,0.982254,0.863984,-0.489373,-0.118502,0.502631,0.85219,0.145368,-0.000331,0.002097,-0.006669,-0.043909,0.509774,0.296186,-0.886956,0.07309,0.041793,-0.064755,-0.65095,0.133079,-0.747363,-0.446543,-0.86329,0.235216,-0.61389,0.486844,0.621385,-0.01359,-0.018141,0.019242,0.425084,1.162324,0.278016,-0.894035
52,0.116035,0.033308,0.357643,-0.624676,0.260456,-0.736198,-0.62579,-0.73088,0.272347,-0.466367,0.630507,0.620475,-0.053139,-0.035762,0.039088,0.377999,1.010138,0.341979,-1.91599,-0.14815,0.044591,0.311364,-0.058338,0.113938,0.991769,-0.945461,0.312542,-0.091404,-0.320283,-0.943131,0.088233,0.000561,-0.006732,-0.005644,-0.010632,0.065825,0.015186,-1.405999,0.045167,0.044676,-0.020978,0.035292,-0.176129,0.983733,0.863948,-0.489409,-0.118619,0.502341,0.854082,0.134894,-0.0004,0.002908,-0.005996,0.024457,0.024883,0.014254,-0.872259,0.07235,0.04115,-0.064041,-0.665229,0.172036,-0.726548,-0.465169,-0.856655,0.223066,-0.584026,0.486358,0.649898,-0.020302,-0.01882,0.018888,0.210407,0.813973,0.031868,-0.898281
53,0.114448,0.032329,0.358787,-0.634198,0.27759,-0.721651,-0.626974,-0.730806,0.26981,-0.451708,0.623222,0.638421,-0.039819,-0.026082,0.029855,0.047447,0.45812,-0.154685,-1.915811,-0.148079,0.044336,0.311171,-0.066657,0.110778,0.991603,-0.944688,0.312776,-0.09833,-0.320931,-0.943426,0.082546,0.013448,-0.005567,-0.005989,0.009374,0.049061,-0.050909,-1.406056,0.045197,0.04455,-0.021073,0.044153,-0.175141,0.983552,0.863126,-0.489058,-0.125833,0.503053,0.854487,0.129575,0.000271,-0.003198,-0.002688,0.033513,0.182386,-0.228438,-0.875362,0.071535,0.040643,-0.063457,-0.678781,0.18833,-0.709779,-0.466544,-0.857015,0.218772,-0.56709,0.479641,0.669591,-0.025816,-0.006481,0.01154,0.092089,0.475124,-0.155512,-0.894852
54,0.112677,0.031676,0.359811,-0.644065,0.281188,-0.711448,-0.622613,-0.733027,0.273853,-0.443711,0.618984,0.648079,-0.05151,-0.012137,0.023588,-0.061539,0.112796,-0.139255,-1.91576,-0.147928,0.044055,0.310985,-0.070989,0.105976,0.991827,-0.944442,0.312703,-0.100894,-0.320722,-0.943995,0.076633,0.000496,-0.005915,-0.004982,-0.003343,0.024259,-0.017484,-1.406143,0.045278,0.044409,-0.021168,0.049314,-0.171071,0.984023,0.862889,-0.488853,-0.12823,0.50298,0.855427,0.123508,0.000228,-0.002678,-0.002257,-0.00214,-0.017459,-0.007299,-0.874872,0.070669,0.040315,-0.062952,-0.68906,0.189359,-0.699527,-0.461924,-0.858527,0.222612,-0.55841,0.476521,0.679046,-0.025679,-0.005667,0.01209,-0.092011,0.070445,-0.161459,-0.893545
55,0.111902,0.031435,0.360233,-0.646748,0.282603,-0.708447,-0.621646,-0.733477,0.274844,-0.44116,0.617804,0.65094,-0.038958,-0.014123,0.022184,-0.038105,0.133689,-0.089023,-1.916239,-0.147875,0.043997,0.310906,-0.0708,0.106015,0.991836,-0.944433,0.312783,-0.100734,-0.320792,-0.943965,0.076723,0.000294,-0.003505,-0.002955,-1.7e-05,9.9e-05,7.7e-05,-1.40641,0.045305,0.044375,-0.021211,0.049133,-0.171294,0.983994,0.862861,-0.488913,-0.128195,0.503046,0.855349,0.123781,0.000162,-0.001904,-0.001608,-0.001652,0.013315,-0.025154,-0.874056,0.070262,0.040191,-0.062732,-0.692114,0.18965,-0.696425,-0.460684,-0.858844,0.223952,-0.555649,0.475833,0.681788,-0.019455,-0.006897,0.01123,-0.049989,0.116765,-0.098086,-0.893382
