frame,MLTx,MLTy,MLTz,MLTR1,MLTR2,MLTR3,MLTR4,MLTR5,MLTR6,MLTR7,MLTR8,MLTR9,MLTTVx,MLTTVy,MLTTVz,MLTRVx,MLTRVy,MLTRVz,MLGA,MRTx,MRTy,MRTz,MRTR1,MRTR2,MRTR3,MRTR4,MRTR5,MRTR6,MRTR7,MRTR8,MRTR9,MRTTVx,MRTTVy,MRTTVz,MRTRVx,MRTRVy,MRTRVz,MRGA,SLTx,SLTy,SLTz,SLTR1,SLTR2,SLTR3,SLTR4,SLTR5,SLTR6,SLTR7,SLTR8,SLTR9,SLTTVx,SLTTVy,SLTTVz,SLTRVx,SLTRVy,SLTRVz,SLGA,SRTx,SRTy,SRTz,SRTR1,SRTR2,SRTR3,SRTR4,SRTR5,SRTR6,SRTR7,SRTR8,SRTR9,SRTTVx,SRTTVy,SRTTVz,SRTRVx,SRTRVy,SRTRVz,SRGA
1,0.145664,-0.073158,0.290322,-0.390926,0.424643,-0.81664,-0.720636,-0.69312,-0.01551,-0.572137,0.581906,0.57799,-0.0005,-0.003188,-0.005035,-0.000835,0.013114,-0.025649,-1.072278,-0.162648,-0.070477,0.274231,-0.585311,-0.573238,0.573411,0.809318,-0.45462,0.371832,0.048261,0.682422,0.72927,-1.1e-05,-0.000697,-0.001182,0.0,0.0,0.0,-1.40503,0.04583,0.019176,-0.018211,0.634657,0.542797,0.550073,-0.772027,0.477015,0.420034,-0.0344,-0.69125,0.721795,4e-06,2e-06,8e-06,1.3e-05,-7e-06,1.3e-05,0.520119,0.075952,0.01319,-0.058614,0.40997,-0.430079,-0.804336,0.692574,0.720622,-0.032312,0.593519,-0.543816,0.593295,5e-06,3.7e-05,5.6e-05,1e-06,-4e-06,2e-06,0.520225
2,0.145871,-0.073135,0.289981,-0.3918,0.429437,-0.813709,-0.72053,-0.693144,-0.018939,-0.571671,0.578345,0.582011,0.016368,0.00715,-0.013833,0.155823,0.387434,0.224009,-1.894335,-0.162685,-0.070346,0.274113,-0.574857,-0.579053,0.578124,0.816973,-0.444304,0.367536,0.044752,0.684312,0.72772,-6e-06,-0.000371,-0.00063,1.00106,1.891245,-1.749575,-1.407748,0.04583,0.019176,-0.018211,0.634657,0.542797,0.550073,-0.772027,0.477015,0.420034,-0.0344,-0.69125,0.721795,4e-06,2e-06,8e-06,1.3e-05,-7e-06,1.3e-05,0.520119,0.075952,0.01319,-0.058614,0.40997,-0.430079,-0.804336,0.692574,0.720622,-0.032312,0.593519,-0.543816,0.593295,5e-06,3.7e-05,5.6e-05,1e-06,-4e-06,2e-06,0.520225
3,0.145845,-0.072993,0.289839,-0.392261,0.431798,-0.812236,-0.72033,-0.693301,-0.020759,-0.571607,0.576395,0.584005,4e-06,0.010333,-0.009272,0.06745,0.093878,0.072049,-1.917072,-0.162702,-0.070329,0.274044,-0.573195,-0.5785,0.580324,0.81802,-0.444015,0.365551,0.046911,0.684968,0.726967,-1.7e-05,-0.00103,-0.00175,6e-06,1.1e-05,-1e-05,-1.408498,0.04583,0.019176,-0.018211,0.634657,0.542797,0.550073,-0.772027,0.477015,0.420034,-0.0344,-0.69125,0.721795,4e-06,2e-06,8e-06,1.3e-05,-7e-06,1.3e-05,0.520119,0.075952,0.01319,-0.058614,0.40997,-0.430079,-0.804336,0.692574,0.720622,-0.032312,0.593519,-0.543816,0.593295,5e-06,3.7e-05,5.6e-05,1e-06,-4e-06,2e-06,0.520225
4,0.145842,-0.072761,0.289573,-0.389935,0.434876,-0.811714,-0.72001,-0.693467,-0.025708,-0.573599,0.573874,0.584535,-0.000189,-0.001206,-0.001909,0.426858,-0.416966,0.574906,-1.919428,-0.162707,-0.070339,0.273906,-0.566168,-0.585253,0.58045,0.823306,-0.434303,0.36535,0.038969,0.685466,0.726967,-1.5e-05,-0.000936,-0.001591,-0.0,-0.0,-0.0,-1.408466,0.04583,0.019176,-0.018211,0.634657,0.542797,0.550073,-0.772027,0.477015,0.420034,-0.0344,-0.69125,0.721795,4e-06,2e-06,8e-06,1.3e-05,-7e-06,1.3e-05,0.520119,0.075952,0.01319,-0.058614,0.40997,-0.430079,-0.804336,0.692574,0.720622,-0.032312,0.593519,-0.543816,0.593295,5e-06,3.7e-05,5.6e-05,1e-06,-4e-06,2e-06,0.520225
5,0.145837,-0.07273,0.289467,-0.389814,0.434909,-0.811754,-0.71993,-0.693542,-0.025922,-0.573782,0.573758,0.584469,-7.8e-05,-0.000499,-0.00079,0.0,0.0,0.0,-1.920063,-0.162733,-0.070354,0.273863,-0.566064,-0.585261,0.580545,0.823376,-0.434242,0.365266,0.039022,0.685498,0.726934,0.000959,-0.010977,0.008247,-0.048858,0.103911,-0.193369,-1.40838,0.04583,0.019176,-0.018211,0.634657,0.542797,0.550073,-0.772027,0.477015,0.420034,-0.0344,-0.69125,0.721795,4e-06,2e-06,8e-06,1.3e-05,-7e-06,1.3e-05,0.520119,0.075952,0.01319,-0.058614,0.40997,-0.430079,-0.804336,0.692574,0.720622,-0.032312,0.593519,-0.543816,0.593295,5e-06,3.7e-05,5.6e-05,1e-06,-4e-06,2e-06,0.520388
6,0.145863,-0.072727,0.289473,-0.389884,0.434881,-0.811735,-0.719904,-0.693571,-0.025864,-0.573766,0.573744,0.584498,0.000153,0.00098,0.001552,0.0,0.0,0.0,-1.919824,-0.16272,-0.07033,0.273922,-0.566403,-0.585236,0.580239,0.823148,-0.434479,0.365497,0.0389,0.685369,0.727062,2e-05,0.001187,0.002018,0.0,0.0,0.0,-1.406824,0.04583,0.019176,-0.018211,0.634657,0.542797,0.550073,-0.772027,0.477015,0.420034,-0.0344,-0.69125,0.721795,4e-06,2e-06,8e-06,1.3e-05,-7e-06,1.3e-05,0.520119,0.075952,0.01319,-0.058614,0.40997,-0.430079,-0.804336,0.692574,0.720622,-0.032312,0.593519,-0.543816,0.593295,5e-06,3.7e-05,5.6e-05,1e-06,-4e-06,2e-06,0.520551
7,0.145865,-0.072721,0.289502,-0.389841,0.4349,-0.811746,-0.719936,-0.693538,-0.025885,-0.573756,0.57377,0.584482,0.000175,0.011425,-0.007547,0.035617,-0.012635,0.018528,-1.919148,-0.162718,-0.07032,0.27398,-0.56982,-0.581877,0.580272,0.82059,-0.43928,0.365512,0.042925,0.685164,0.727028,2.1e-05,0.001292,0.002195,0.936092,0.589642,1.172839,-1.405381,0.04583,0.019176,-0.018211,0.634657,0.542797,0.550073,-0.772027,0.477015,0.420034,-0.0344,-0.69125,0.721795,4e-06,2e-06,8e-06,1.3e-05,-7e-06,1.3e-05,0.520119,0.075952,0.01319,-0.058614,0.40997,-0.430079,-0.804336,0.692574,0.720622,-0.032312,0.593519,-0.543816,0.593295,5e-06,3.7e-05,5.6e-05,1e-06,-4e-06,2e-06,0.520388
8,0.145879,-0.072751,0.289549,-0.389992,0.434851,-0.8117,-0.719958,-0.693521,-0.025691,-0.573625,0.573827,0.584555,-2.7e-05,-0.010482,0.00904,-4.510596,-0.129005,3.204176,-1.828388,-0.162562,-0.070276,0.274135,-0.580567,-0.576112,0.57535,0.812821,-0.450053,0.369742,0.046644,0.683032,0.728803,3.3e-05,0.002059,0.003493,-0.026989,-0.051081,0.047242,-0.78497,0.04583,0.019176,-0.018211,0.634657,0.542797,0.550073,-0.772027,0.477015,0.420034,-0.0344,-0.69125,0.721795,4e-06,2e-06,8e-06,1.3e-05,-7e-06,1.3e-05,0.520119,0.075952,0.01319,-0.058614,0.40997,-0.430079,-0.804336,0.692574,0.720622,-0.032312,0.593519,-0.543816,0.593295,5e-06,3.7e-05,5.6e-05,1e-06,-4e-06,2e-06,0.520388
9,0.145723,-0.072806,0.289728,-0.399398,0.422318,-0.813741,-0.707459,-0.706466,-0.019476,-0.582616,0.567381,0.581949,-0.016435,0.002687,0.003772,-0.054672,-0.201024,-0.146057,-0.571142,-0.162227,-0.070263,0.274294,-0.590966,-0.57019,0.570643,0.805075,-0.460446,0.373868,0.050307,0.681063,0.730402,1.8e-05,0.001202,0.002037,0.276169,0.180937,0.353486,-0.114414,0.04583,0.019176,-0.018211,0.634657,0.542797,0.550073,-0.772027,0.477015,0.420034,-0.0344,-0.69125,0.721795,4e-06,2e-06,8e-06,1.3e-05,-7e-06,1.3e-05,0.520119,0.075952,0.01319,-0.058614,0.40997,-0.430079,-0.804336,0.692574,0.720622,-0.032312,0.593519,-0.543816,0.593295,5e-06,3.7e-05,5.6e-05,1e-06,-4e-06,2e-06,0.520388
10,0.145666,-0.072836,0.289852,-0.400668,0.416953,-0.815881,-0.707475,-0.706585,-0.013732,-0.581724,0.571191,0.579107,0.000226,0.00144,0.002276,-0.120434,-0.402481,-0.2024,-0.173342,-0.162148,-0.07029,0.274338,-0.591048,-0.570182,0.570566,0.805023,-0.460418,0.374015,0.050174,0.681089,0.730386,3e-06,0.000192,0.000326,0.0,0.0,0.0,0.054038,0.04583,0.019176,-0.018211,0.634657,0.542797,0.550073,-0.772027,0.477015,0.420034,-0.0344,-0.69125,0.721795,4e-06,2e-06,8e-06,1.3e-05,-7e-06,1.3e-05,0.520119,0.075952,0.01319,-0.058614,0.40997,-0.430079,-0.804336,0.692574,0.720622,-0.032312,0.593519,-0.543816,0.593295,5e-06,3.7e-05,5.6e-05,1e-06,-4e-06,2e-06,0.520225
11,0.145674,-0.072866,0.290015,-0.398865,0.409873,-0.820339,-0.707468,-0.706666,-0.009158,-0.582971,0.576198,0.57286,0.000189,-0.009089,0.011237,-0.167265,-0.427524,-0.239715,0.208791,-0.162283,-0.070377,0.27433,-0.589272,-0.569689,0.572891,0.8062,-0.459849,0.372174,0.05215,0.681884,0.729504,-0.016805,-0.001809,-0.000785,-0.002045,0.015205,-0.029245,0.248492,0.04583,0.019176,-0.018211,0.634657,0.542797,0.550073,-0.772027,0.477015,0.420034,-0.0344,-0.69125,0.721795,4e-06,2e-06,8e-06,1.3e-05,-7e-06,1.3e-05,0.520119,0.075952,0.01319,-0.058614,0.40997,-0.430079,-0.804336,0.692574,0.720622,-0.032312,0.593519,-0.543816,0.593295,5e-06,3.7e-05,5.6e-05,1e-06,-4e-06,2e-06,0.520225
12,0.145543,-0.072851,0.290131,-0.399706,0.412153,-0.818786,-0.707515,-0.706603,-0.010361,-0.582336,0.574646,0.575059,0.000191,0.001215,0.001919,0.003589,0.008722,0.003686,0.455893,-0.162371,-0.070351,0.274365,-0.590847,-0.570213,0.570743,0.805174,-0.460178,0.373985,0.050125,0.681224,0.730263,2.3e-05,0.001499,0.00254,0.001799,-0.013711,0.025282,0.424183,0.04583,0.019176,-0.018211,0.634657,0.542797,0.550073,-0.772027,0.477015,0.420034,-0.0344,-0.69125,0.721795,4e-06,2e-06,8e-06,1.3e-05,-7e-06,1.3e-05,0.520119,0.075952,0.01319,-0.058614,0.40997,-0.430079,-0.804336,0.692574,0.720622,-0.032312,0.593519,-0.543816,0.593295,5e-06,3.7e-05,5.6e-05,1e-06,-4e-06,2e-06,0.520388
13,0.145471,-0.072859,0.290193,-0.399823,0.412111,-0.81875,-0.707533,-0.706586,-0.010207,-0.582234,0.574696,0.575113,9.9e-05,0.000628,0.000991,4.5e-05,0.00015,7.5e-05,0.512856,-0.162371,-0.070325,0.27441,-0.590942,-0.570203,0.570656,0.805107,-0.460249,0.374045,0.050095,0.681185,0.730302,2.2e-05,0.001423,0.00241,-0.0,-0.0,0.0,0.490237,0.04583,0.019176,-0.018211,0.634657,0.542797,0.550073,-0.772027,0.477015,0.420034,-0.0344,-0.69125,0.721795,4e-06,2e-06,8e-06,1.3e-05,-7e-06,1.3e-05,0.520119,0.075952,0.01319,-0.058614,0.40997,-0.430079,-0.804336,0.692574,0.720622,-0.032312,0.593519,-0.543816,0.593295,5e-06,3.7e-05,5.6e-05,1e-06,-4e-06,2e-06,0.520551
14,0.145471,-0.072859,0.290193,-0.399823,0.412111,-0.81875,-0.707533,-0.706586,-0.010207,-0.582234,0.574696,0.575113,9.9e-05,0.000628,0.000991,4.5e-05,0.00015,7.5e-05,0.512856,-0.162371,-0.070325,0.27441,-0.590942,-0.570203,0.570656,0.805107,-0.460249,0.374045,0.050095,0.681185,0.730302,2.2e-05,0.001423,0.00241,-0.0,-0.0,0.0,0.490237,0.04583,0.019176,-0.018211,0.634657,0.542797,0.550073,-0.772027,0.477015,0.420034,-0.0344,-0.69125,0.721795,4e-06,2e-06,8e-06,1.3e-05,-7e-06,1.3e-05,0.520119,0.075952,0.01319,-0.058614,0.40997,-0.430079,-0.804336,0.692574,0.720622,-0.032312,0.593519,-0.543816,0.593295,5e-06,3.7e-05,5.6e-05,1e-06,-4e-06,2e-06,0.520551
15,0.145471,-0.072859,0.290193,-0.399823,0.412111,-0.81875,-0.707533,-0.706586,-0.010207,-0.582234,0.574696,0.575113,9.9e-05,0.000628,0.000991,4.5e-05,0.00015,7.5e-05,0.512856,-0.162371,-0.070325,0.27441,-0.590942,-0.570203,0.570656,0.805107,-0.460249,0.374045,0.050095,0.681185,0.730302,2.2e-05,0.001423,0.00241,-0.0,-0.0,0.0,0.490237,0.04583,0.019176,-0.018211,0.634657,0.542797,0.550073,-0.772027,0.477015,0.420034,-0.0344,-0.69125,0.721795,4e-06,2e-06,8e-06,1.3e-05,-7e-06,1.3e-05,0.520119,0.075952,0.01319,-0.058614,0.40997,-0.430079,-0.804336,0.692574,0.720622,-0.032312,0.593519,-0.543816,0.593295,5e-06,3.7e-05,5.6e-05,1e-06,-4e-06,2e-06,0.520551
16,0.145694,-0.072965,0.290223,-0.397055,0.414624,-0.818828,-0.711983,-0.7021,-0.010337,-0.578699,0.578369,0.574999,-0.000155,-0.000987,-0.001558,0.0,0.0,0.0,0.520778,-0.162306,-0.070402,0.274351,-0.592309,-0.570746,0.568691,0.804225,-0.460339,0.375823,0.048025,0.680669,0.730922,-2.4e-05,-0.001624,-0.002753,-0.001799,0.013708,-0.025283,0.536368,0.045804,0.019166,-0.01827,0.635927,0.543415,0.547992,-0.771071,0.477139,0.421647,-0.032339,-0.690678,0.722437,-9.3e-05,-0.000481,-0.000802,0.001131,0.002444,-0.002616,0.520119,0.076054,0.013183,-0.058682,0.409699,-0.430179,-0.80442,0.692576,0.720606,-0.032622,0.593703,-0.543757,0.593164,-7.1e-05,-0.000646,-0.00098,0.000172,1.8e-05,-0.00012,0.520225
17,0.145673,-0.073032,0.290156,-0.392084,0.415941,-0.820554,-0.712041,-0.701944,-0.015648,-0.582011,0.577612,0.572411,-0.000207,-0.00132,-0.002085,1e-06,-1e-06,1e-06,0.520653,-0.162156,-0.070444,0.274239,-0.594151,-0.571229,0.56628,0.802987,-0.46088,0.377802,0.045912,0.679898,0.731775,-2.5e-05,-0.001742,-0.002957,-0.001799,0.013709,-0.025283,0.536352,0.045876,0.019144,-0.018328,0.637645,0.543886,0.545523,-0.769738,0.477601,0.423556,-0.030176,-0.689988,0.72319,0.008363,-0.000134,-0.00137,0.002256,-0.014715,0.028588,0.520119,0.076044,0.013149,-0.058716,0.404736,-0.431693,-0.806119,0.692639,0.720284,-0.037967,0.597025,-0.542983,0.590533,-0.00012,-0.000829,-0.001299,-0.00261,0.002639,-0.003634,0.520388
18,0.145645,-0.073046,0.290114,-0.391942,0.415995,-0.820594,-0.712077,-0.701904,-0.01578,-0.582062,0.577621,0.57235,-0.016946,-0.000559,-0.001364,-0.001818,0.027842,-0.055196,0.520483,-0.162068,-0.070466,0.27419,-0.595885,-0.571723,0.563955,0.801818,-0.461329,0.379734,0.043805,0.679177,0.732572,0.016772,-0.000741,-0.003551,-0.002184,-0.006094,0.008214,0.536443,0.045914,0.019132,-0.018353,0.639294,0.544383,0.543093,-0.768454,0.477975,0.425462,-0.02797,-0.689337,0.7239,-1.9e-05,-0.000461,-0.000782,-0.006042,-0.011455,0.010189,0.519956,0.076036,0.013142,-0.058737,0.404588,-0.431762,-0.806157,0.692692,0.720226,-0.038095,0.597063,-0.543006,0.590473,-4.5e-05,-0.000322,-0.000501,-0.000259,0.000338,-0.000536,0.520878
19,0.145654,-0.073042,0.290063,-0.391683,0.416094,-0.820668,-0.712125,-0.701849,-0.016037,-0.582178,0.577617,0.572237,-8e-06,-5.4e-05,-8.5e-05,0.0,0.0,0.0,0.520844,-0.161866,-0.07048,0.274158,-0.60117,-0.568642,0.561455,0.797762,-0.466631,0.381793,0.045634,0.678136,0.733425,-0.0,-2.4e-05,-4e-05,-0.0,-0.0,0.0,0.536299,0.046021,0.019122,-0.018375,0.644339,0.54118,0.540324,-0.76416,0.483125,0.427373,-0.029758,-0.688268,0.724845,-2e-06,3.4e-05,5.5e-05,0.00081,0.001734,-0.001891,0.519793,0.076034,0.013141,-0.058766,0.40438,-0.431848,-0.806215,0.692724,0.720184,-0.038311,0.597168,-0.542993,0.590379,4e-06,1.2e-05,2e-05,6.2e-05,6e-06,-5.5e-05,0.521041
20,0.145693,-0.073047,0.290075,-0.392321,0.418448,-0.819165,-0.712177,-0.701762,-0.01746,-0.581684,0.576017,0.574347,7.9e-05,0.000505,0.000799,0.000102,0.000341,0.000171,0.520474,-0.161665,-0.070447,0.274166,-0.603099,-0.569093,0.558925,0.796425,-0.46725,0.383824,0.043474,0.677332,0.734299,0.016798,0.001093,-0.000451,0.002045,-0.015205,0.029245,0.535947,0.046121,0.01914,-0.018369,0.64614,0.541619,0.537727,-0.76272,0.483663,0.429332,-0.027545,-0.687545,0.725618,0.008399,0.000555,-0.000212,0.002073,-0.015049,0.028969,0.519956,0.076054,0.013138,-0.05876,0.405097,-0.434193,-0.804594,0.69278,0.720051,-0.039769,0.596616,-0.541297,0.592491,5.6e-05,0.000351,0.000556,-0.002065,-0.00681,-0.003369,0.520878
21,0.145718,-0.073052,0.290088,-0.392273,0.41847,-0.819177,-0.712211,-0.701728,-0.017486,-0.581676,0.576044,0.574329,0.0,2e-06,3e-06,0.0,0.0,0.0,0.521275,-0.161526,-0.070448,0.274145,-0.603158,-0.569082,0.558872,0.79638,-0.467294,0.383861,0.043458,0.677311,0.73432,0.016792,0.000608,-0.00128,0.002045,-0.015205,0.029245,0.536287,0.046184,0.01914,-0.018378,0.646176,0.541611,0.537691,-0.762691,0.48369,0.429355,-0.027532,-0.687532,0.725631,-2e-06,-0.000232,-0.000397,-6.5e-05,-4e-05,-3.4e-05,0.519793,0.076067,0.013138,-0.058751,0.405033,-0.434157,-0.804646,0.692813,0.72002,-0.039756,0.596621,-0.541367,0.592421,0.0,-3e-06,-4e-06,4e-06,-0.000113,-8.8e-05,0.520878
22,0.145718,-0.073049,0.290074,-0.392411,0.418413,-0.81914,-0.712144,-0.701798,-0.017386,-0.581664,0.576,0.574385,-0.000147,-0.000938,-0.001482,-0.000833,0.013129,-0.025642,0.520452,-0.161476,-0.07045,0.274135,-0.603214,-0.569074,0.55882,0.796339,-0.467336,0.383895,0.04344,0.677288,0.734341,-2e-06,-0.000155,-0.000263,0.0,0.0,0.0,0.535929,0.046215,0.019139,-0.018384,0.646246,0.5416,0.537618,-0.762632,0.483742,0.429399,-0.027506,-0.687503,0.725659,-1e-06,-8.8e-05,-0.000155,-2.6e-05,-1.6e-05,-6.3e-05,0.519956,0.076067,0.013142,-0.058755,0.40515,-0.434102,-0.804616,0.692751,0.720084,-0.039673,0.596614,-0.541326,0.592467,2e-06,-3e-06,-3e-06,3.9e-05,-5e-06,-2.8e-05,0.521204
23,0.145705,-0.07304,0.290068,-0.392417,0.418408,-0.819139,-0.712126,-0.701816,-0.017394,-0.581682,0.575981,0.574386,-0.0,-0.0,-0.0,0.0,0.0,0.0,0.520205,-0.161402,-0.070425,0.274127,-0.60336,-0.569052,0.558683,0.796228,-0.467482,0.383947,0.043437,0.677205,0.734418,6e-06,0.000466,0.000791,0.0,0.0,0.0,0.535063,0.046253,0.019151,-0.01839,0.646384,0.541578,0.537474,-0.762515,0.483883,0.429448,-0.027495,-0.687422,0.725736,5e-06,0.000269,0.000459,-3.6e-05,-2.3e-05,-3.1e-05,0.520119,0.07606,0.013143,-0.058762,0.405176,-0.434088,-0.804611,0.692724,0.72011,-0.039666,0.596627,-0.541302,0.592475,1e-06,3e-06,4e-06,2.3e-05,2e-06,-3.5e-05,0.520878
24,0.145707,-0.073039,0.290089,-0.392394,0.418419,-0.819145,-0.71215,-0.701791,-0.017399,-0.581668,0.576003,0.574378,0.00015,0.00096,0.001517,0.000833,-0.013129,0.025642,0.520016,-0.161417,-0.070393,0.274123,-0.604876,-0.569554,0.556529,0.795182,-0.467834,0.385684,0.041446,0.67654,0.735146,-0.000965,0.011693,-0.007028,0.038237,-0.022782,0.044289,0.527848,0.046246,0.019162,-0.01839,0.647793,0.542081,0.535268,-0.761391,0.484138,0.431152,-0.025425,-0.686846,0.726357,1e-06,4.9e-05,8.4e-05,0.000785,0.001479,-0.001499,0.520119,0.076061,0.013142,-0.058754,0.405153,-0.4341,-0.804616,0.692749,0.720086,-0.03967,0.596614,-0.541325,0.592468,7.5e-05,0.000477,0.000755,0.00086,-0.013123,0.025618,0.520388
25,0.14572,-0.073019,0.290082,-0.389971,0.420707,-0.81913,-0.71624,-0.697618,-0.017376,-0.578272,0.579391,0.5744,2.9e-05,0.000185,0.000292,-0.0,-0.0,0.0,0.519331,-0.161643,-0.070277,0.274006,-0.606307,-0.570061,0.554449,0.794175,-0.468376,0.387097,0.039774,0.675738,0.735975,-6e-06,-0.000431,-0.000731,-0.0,-0.0,0.0,0.498481,0.046132,0.019226,-0.018447,0.649159,0.542576,0.533106,-0.760282,0.484664,0.432516,-0.023704,-0.686083,0.727135,-0.008886,0.004589,-0.004492,0.034963,0.007228,-0.011344,0.50673,0.076067,0.013154,-0.058755,0.402785,-0.436461,-0.804528,0.696963,0.716016,-0.03951,0.5933,-0.544813,0.592598,2.2e-05,0.000137,0.000216,0.000214,-4.1e-05,-7.2e-05,0.520061
26,0.145733,-0.072878,0.28996,-0.374614,0.43432,-0.819192,-0.740353,-0.671962,-0.017765,-0.557723,0.599294,0.574299,3.5e-05,0.010519,-0.008979,-4.52834,-0.111597,3.218118,0.511851,-0.162014,-0.069968,0.273731,-0.606068,-0.570074,0.554697,0.794309,-0.468942,0.386135,0.040747,0.675334,0.736293,-0.017761,0.009684,-0.008151,0.034395,0.00607,-0.010273,0.45306,0.045954,0.019372,-0.01858,0.648919,0.542592,0.533383,-0.760459,0.485207,0.431597,-0.02462,-0.685687,0.727479,-0.009363,0.01019,-0.008431,0.070822,-0.003023,0.008692,0.464601,0.076074,0.013221,-0.058812,0.390346,-0.448166,-0.804224,0.717622,0.69533,-0.039171,0.576756,-0.561839,0.593033,1.9e-05,0.005258,-0.004495,-0.375666,-0.020811,0.306207,0.517122
27,0.145733,-0.072571,0.289676,-0.358638,0.447378,-0.819315,-0.763277,-0.645783,-0.018579,-0.536973,0.618142,0.574097,2e-06,0.01031,-0.009312,0.035616,-0.012646,0.018522,0.490115,-0.16249,-0.069484,0.273261,-0.605381,-0.570131,0.555388,0.794748,-0.469613,0.384414,0.042402,0.674819,0.736672,-0.01873,0.01959,-0.018252,0.058401,0.092022,-0.165523,0.365359,0.045715,0.019616,-0.018813,0.648368,0.542644,0.533999,-0.760875,0.485996,0.429972,-0.0262,-0.685087,0.727989,-0.000485,0.004758,-0.005362,0.036421,-0.009198,0.018959,0.373811,0.076074,0.013374,-0.058953,0.3721,-0.464054,-0.803862,0.74553,0.66533,-0.038984,0.552925,-0.584798,0.593535,1e-06,0.005128,-0.004705,0.037504,-0.012788,0.017649,0.495405
28,0.145796,-0.072342,0.289463,-0.36258,0.4484,-0.817018,-0.766975,-0.641546,-0.011789,-0.528997,0.621798,0.577543,0.016685,0.009279,-0.01047,-0.088427,0.098056,-0.126394,0.466791,-0.162786,-0.069166,0.272949,-0.604904,-0.570173,0.555865,0.795053,-0.470034,0.383266,0.043498,0.674491,0.736908,-0.018724,0.019393,-0.018607,0.070839,-0.003269,0.00859,0.306823,0.045567,0.019775,-0.018969,0.647814,0.542706,0.534608,-0.761308,0.486367,0.428784,-0.027312,-0.684774,0.728242,-0.009355,0.009536,-0.009566,0.070824,-0.003263,0.008619,0.31274,0.076099,0.013489,-0.059059,0.375986,-0.464906,-0.801558,0.749313,0.661434,-0.032154,0.545127,-0.588529,0.59705,1.1e-05,0.010344,-0.009269,-0.386584,0.433484,-0.601134,0.475483
29,0.146145,-0.071821,0.288913,-0.36908,0.447595,-0.814545,-0.767064,-0.641528,-0.005021,-0.524349,0.622396,0.581126,0.016609,0.019202,-0.020422,0.072203,-0.040058,0.066555,0.399685,-0.163546,-0.068379,0.272117,-0.603458,-0.570309,0.557295,0.795991,-0.470932,0.380203,0.046363,0.673748,0.737412,-0.018723,0.018302,-0.020515,0.06904,0.010427,-0.016698,0.159902,0.04518,0.020176,-0.019391,0.646446,0.54286,0.536105,-0.762362,0.487381,0.425749,-0.030165,-0.68393,0.728922,-0.009349,0.009143,-0.010256,0.069002,0.010427,-0.016648,0.129528,0.076274,0.013747,-0.059329,0.382667,-0.463782,-0.799043,0.749361,0.661682,-0.025181,0.540391,-0.589136,0.600744,-7e-05,0.004661,-0.005448,0.046925,-0.108454,0.200374,0.402492
30,0.1467,-0.071178,0.288138,-0.371673,0.447623,-0.81335,-0.767312,-0.641248,-0.002338,-0.522151,0.622665,0.582815,0.01644,0.018242,-0.021981,0.072209,-0.040098,0.066548,0.275387,-0.164478,-0.067341,0.271103,-0.602594,-0.57037,0.558166,0.796448,-0.472817,0.376894,0.049689,0.672374,0.73845,-0.019631,0.029776,-0.028024,0.094836,0.083387,-0.146263,0.044852,0.044729,0.020671,-0.019879,0.645696,0.542925,0.536943,-0.76287,0.489278,0.422653,-0.033246,-0.682523,0.730106,-0.018184,0.014097,-0.014228,0.10343,0.016016,-0.02717,-0.038171,0.076545,0.014062,-0.059707,0.385445,-0.463627,-0.797797,0.749545,0.661575,-0.022331,0.538157,-0.589378,0.602511,0.008166,0.008688,-0.011682,0.075333,-0.029945,0.044776,0.27137
31,0.146981,-0.070861,0.287704,-0.385031,0.438316,-0.812204,-0.751867,-0.659293,0.000567,-0.53476,0.610341,0.584417,0.016306,0.017427,-0.023292,4.560538,-0.031977,-3.186813,0.201173,-0.164917,-0.066851,0.270594,-0.605603,-0.566819,0.558527,0.793801,-0.478478,0.375331,0.055249,0.671366,0.738971,-0.019639,0.028735,-0.029838,0.17637,0.153565,-0.06102,-0.003668,0.044502,0.02093,-0.020141,0.648561,0.539371,0.537071,-0.760178,0.49485,0.421013,-0.038688,-0.681323,0.730959,-0.009327,0.009176,-0.010247,0.352545,0.183294,0.379896,-0.111815,0.076698,0.014234,-0.059941,0.397606,-0.454659,-0.79699,0.734794,0.677989,-0.020196,0.549533,-0.577593,0.603653,0.00815,0.008566,-0.011799,4.565171,-0.041353,-3.182234,0.171273
32,0.147482,-0.070203,0.286642,-0.447095,0.389701,-0.805161,-0.676709,-0.735973,0.019488,-0.584433,0.553085,0.593769,0.015817,0.014302,-0.028308,4.542493,0.274262,-4.147016,0.034763,-0.165784,-0.066042,0.269583,-0.643714,-0.531668,0.550411,0.760049,-0.527301,0.379753,0.089129,0.663453,0.742798,-0.018739,0.01561,-0.025277,0.041789,-0.375501,0.86957,-0.120062,0.044068,0.021342,-0.020643,0.684546,0.503356,0.527284,-0.725351,0.542316,0.423979,-0.072542,-0.6727,0.736349,-0.00935,0.007735,-0.012725,-0.003551,-1.269932,2.942827,-0.241305,0.076943,0.014561,-0.060456,0.456186,-0.406414,-0.791657,0.660997,0.750375,-0.004328,0.595799,-0.521309,0.610949,0.007918,0.007045,-0.014346,0.170667,1.326692,-2.972847,-0.050966
33,0.147742,-0.069731,0.285526,-0.539123,0.293609,-0.789421,-0.537209,-0.841718,0.053753,-0.648023,0.452694,0.612504,-0.001147,0.013309,-0.030382,4.431848,1.13514,-6.640472,-0.03261,-0.166424,-0.065568,0.268762,-0.682735,-0.493892,0.538456,0.720997,-0.574344,0.38759,0.118679,0.653462,0.747506,-0.017766,0.006321,-0.01413,0.114943,0.063449,0.101231,-0.244648,0.043747,0.021577,-0.021067,0.722458,0.464482,0.512161,-0.683973,0.58849,0.431113,-0.101158,-0.661766,0.742853,-0.000966,0.008688,-0.012212,0.358718,0.09935,0.552032,-0.361486,0.07708,0.014796,-0.061006,0.542984,-0.312177,-0.779559,0.524228,0.851232,0.024259,0.656013,-0.421839,0.625857,-0.000535,0.006766,-0.01503,1.050475,0.434709,-1.924245,-0.208215
34,0.147459,-0.069448,0.284537,-0.607714,0.194513,-0.769996,-0.406356,-0.909158,0.090978,-0.681601,0.367934,0.632512,-0.017884,0.003449,-0.020805,-0.087061,1.604977,-3.543246,-0.104416,-0.166727,-0.065195,0.268318,-0.710436,-0.460814,0.531905,0.688692,-0.610355,0.391285,0.145225,0.644875,0.750272,-3e-06,-0.000116,-0.000198,0.01962,-0.092834,0.182626,-0.342173,0.043589,0.021762,-0.021301,0.748819,0.430587,0.503848,-0.6504,0.623615,0.433685,-0.127468,-0.652455,0.747029,2e-05,8.4e-05,0.000163,0.018561,-0.091386,0.17936,-0.479056,0.076944,0.014939,-0.061517,0.612203,-0.205163,-0.763619,0.382462,0.922092,0.058884,0.692046,-0.328105,0.642975,-0.008876,0.002069,-0.009802,4.311679,-0.204307,-4.068192,-0.281205
35,0.147165,-0.069339,0.284161,-0.623784,0.160414,-0.764988,-0.360837,-0.927267,0.09972,-0.692581,0.338034,0.637254,-0.017621,0.00523,-0.017981,1.283272,0.223796,-1.797451,-0.13283,-0.166735,-0.06507,0.268287,-0.718822,-0.448011,0.531576,0.677393,-0.622897,0.391243,0.156729,0.641878,0.750528,-0.000873,0.012684,-0.005399,0.038278,-0.023981,0.043649,-0.367139,0.043586,0.021823,-0.021318,0.756778,0.41755,0.502928,-0.638752,0.635821,0.433273,-0.13886,-0.649139,0.747887,-0.00042,0.006466,-0.002477,0.036801,-0.023869,0.041291,-0.518572,0.076803,0.014988,-0.061705,0.628059,-0.172037,-0.758909,0.340523,0.937682,0.069248,0.699703,-0.301918,0.647502,-0.000449,0.002199,-0.009438,0.038589,0.363918,-0.732949,-0.305699
36,0.146451,-0.069289,0.283776,-0.636036,0.143726,-0.758186,-0.342746,-0.932878,0.110616,-0.690611,0.330037,0.643553,-0.017201,-0.002353,-0.004266,-0.012777,0.215375,-0.405834,-0.182708,-0.166499,-0.065047,0.2685,-0.728333,-0.433111,0.530977,0.663519,-0.638895,0.389217,0.171569,0.636332,0.752003,0.017736,-0.007008,0.012956,0.023302,-0.073604,-0.032381,-0.392832,0.043697,0.021839,-0.021212,0.765816,0.402394,0.501601,-0.624462,0.651582,0.430681,-0.153531,-0.643054,0.750272,0.00842,0.002325,0.002899,0.063543,-0.106308,0.002217,-0.562334,0.076439,0.015015,-0.061914,0.641058,-0.150706,-0.752549,0.316525,0.945174,0.08035,0.699182,-0.28971,0.653614,-0.008529,-0.000777,-0.001481,-0.025265,0.298539,-0.554798,-0.349624
37,0.145716,-0.069248,0.283879,-0.637418,0.140025,-0.757718,-0.336434,-0.935231,0.110121,-0.692434,0.324935,0.644189,-0.016398,0.002778,0.003974,0.406935,-0.337745,0.357851,-0.233635,-0.165903,-0.065185,0.269024,-0.728288,-0.435042,0.52946,0.663893,-0.639039,0.388342,0.170306,0.634871,0.753524,0.01775,-0.006274,0.014172,0.014705,-0.06346,-0.025897,-0.401794,0.043996,0.021773,-0.020946,0.765702,0.40448,0.500094,-0.624957,0.651707,0.429775,-0.15208,-0.641617,0.751796,0.00888,-0.002757,0.007729,0.010093,-0.078868,-0.005765,-0.580786,0.076071,0.015031,-0.061869,0.64293,-0.146534,-0.751776,0.310184,0.94725,0.080638,0.700304,-0.285033,0.654468,-0.008118,0.001809,0.002661,1.367084,-1.375191,1.669337,-0.382282
38,0.145202,-0.069212,0.284292,-0.631528,0.153127,-0.760112,-0.352312,-0.929924,0.105307,-0.68994,0.334106,0.64217,-0.015972,-0.004894,0.017557,0.37721,-0.432732,0.539979,-0.28612,-0.165182,-0.065467,0.269629,-0.729377,-0.43247,0.530066,0.661568,-0.642801,0.386095,0.174659,0.632823,0.75425,0.01775,-0.006149,0.01434,-0.027404,-0.013837,0.005359,-0.403251,0.044356,0.021633,-0.020642,0.766663,0.402038,0.500591,-0.622751,0.655356,0.42742,-0.156227,-0.639432,0.752807,0.008876,-0.002708,0.007785,-0.049896,-0.012153,0.03594,-0.586664,0.075814,0.015054,-0.061665,0.637492,-0.15989,-0.753683,0.326304,0.942194,0.076118,0.697946,-0.294455,0.652814,-0.007963,-0.002367,0.008904,1.338864,-1.460675,1.825517,-0.43029
39,0.144956,-0.069213,0.284593,-0.628794,0.164257,-0.760055,-0.369005,-0.923388,0.105653,-0.683694,0.346688,0.642182,0.000839,-0.005044,0.017813,-0.037851,-0.000126,0.00967,-0.301663,-0.164811,-0.065576,0.269923,-0.729345,-0.434397,0.528532,0.661868,-0.643197,0.384919,0.173649,0.631099,0.755926,0.017758,-0.00565,0.015165,0.261555,-0.366141,-0.181463,-0.402542,0.044542,0.021577,-0.020496,0.767009,0.402076,0.50003,-0.622514,0.655148,0.428084,-0.155472,-0.63962,0.752803,0.008865,-0.002987,0.007294,0.308764,-0.424131,-0.218811,-0.587317,0.075691,0.015056,-0.06152,0.634616,-0.171468,-0.753565,0.34323,0.936168,0.076034,0.692427,-0.306899,0.65296,-0.007896,0.003286,0.005019,-0.036481,0.006551,0.025047,-0.445639
40,0.144616,-0.069247,0.285227,-0.620845,0.190794,-0.760391,-0.408091,-0.906798,0.105599,-0.668606,0.375627,0.641792,0.001063,-0.003654,0.02,-0.413914,0.052128,0.327092,-0.317079,-0.164045,-0.065784,0.270484,-0.728726,-0.433894,0.529797,0.662309,-0.642863,0.384717,0.174566,0.631784,0.755142,0.017744,-0.006056,0.014429,-0.034342,-0.005762,0.010435,-0.402101,0.044931,0.021473,-0.020208,0.766037,0.403397,0.500457,-0.623582,0.655301,0.426292,-0.155985,-0.638632,0.753536,0.008864,-0.002999,0.007251,-0.037631,-0.003497,0.011467,-0.587807,0.075515,0.015037,-0.061188,0.627309,-0.198337,-0.75309,0.382903,0.920616,0.076493,0.678136,-0.336345,0.653455,0.000542,-0.001705,0.010198,-0.417719,0.053182,0.330346,-0.464744
41,0.144448,-0.069252,0.285967,-0.611083,0.217562,-0.761111,-0.447012,-0.88834,0.104899,-0.652549,0.404053,0.641053,0.001167,-0.003,0.020989,-0.039484,-0.092127,0.191423,-0.327646,-0.163359,-0.065997,0.270962,-0.729202,-0.433707,0.529296,0.662053,-0.642398,0.385933,0.173543,0.632386,0.754874,0.01773,-0.006742,0.013227,-0.032594,-0.019821,0.035531,-0.400602,0.045268,0.021369,-0.019974,0.766467,0.403191,0.499964,-0.623294,0.654799,0.427481,-0.15502,-0.639276,0.753189,0.008853,-0.003638,0.006149,-0.034431,-0.005684,0.010515,-0.586991,0.075431,0.015036,-0.060815,0.618214,-0.225562,-0.752948,0.42257,0.903103,0.07641,0.662755,-0.365411,0.653627,0.000585,-0.001431,0.010604,-0.038053,-0.092918,0.190998,-0.476338
42,0.144422,-0.06925,0.286355,-0.607738,0.225429,-0.7615,-0.458396,-0.882567,0.104498,-0.647768,0.412291,0.640656,0.00117,-0.002977,0.020994,-0.413545,0.051476,0.325764,-0.332233,-0.163043,-0.066098,0.271153,-0.729332,-0.433654,0.52916,0.662016,-0.642147,0.386413,0.173135,0.632676,0.754724,0.016746,0.002879,0.002617,0.002045,-0.015205,0.029245,-0.399374,0.045426,0.021316,-0.019871,0.766593,0.403134,0.499817,-0.623242,0.654525,0.427978,-0.15461,-0.639592,0.753005,0.008851,-0.00383,0.005816,-0.034364,-0.005754,0.010464,-0.586501,0.075424,0.015036,-0.060632,0.615447,-0.232439,-0.753124,0.432499,0.898411,0.076155,0.658915,-0.372595,0.653454,0.000617,-0.001247,0.010944,-4.242784,0.560168,3.570485,-0.4814
43,0.144475,-0.069314,0.287063,-0.603685,0.23379,-0.762202,-0.47054,-0.876231,0.103845,-0.642842,0.42104,0.639927,0.000949,-0.004329,0.018804,-0.029235,-0.093239,0.18297,-0.335023,-0.162517,-0.06628,0.271442,-0.729729,-0.433499,0.52874,0.661776,-0.641849,0.38732,0.172375,0.633086,0.754554,0.017703,-0.008663,0.009935,-0.046896,0.091018,-0.162842,-0.395175,0.045682,0.021228,-0.019732,0.767039,0.402942,0.499287,-0.622881,0.654269,0.428893,-0.153849,-0.639975,0.752835,0.000483,-0.005173,0.004668,-0.036413,0.009391,-0.018819,-0.583398,0.075445,0.015008,-0.060272,0.611371,-0.241918,-0.753458,0.446315,0.891654,0.075859,0.653473,-0.382657,0.653103,0.000456,-0.002207,0.009334,-0.033511,-0.000829,0.006241,-0.486951
44,0.144625,-0.069455,0.287574,-0.603009,0.234429,-0.762541,-0.471713,-0.875609,0.103767,-0.642617,0.421977,0.639536,0.000536,-0.006892,0.014735,-0.034784,-0.000498,0.00711,-0.337972,-0.162239,-0.066418,0.271575,-0.729695,-0.433512,0.528776,0.6619,-0.641494,0.387696,0.172042,0.633437,0.754336,0.0,5e-06,8e-06,0.0,-0.0,-0.0,-0.394246,0.045834,0.021156,-0.019661,0.76695,0.402978,0.499395,-0.623064,0.653859,0.429254,-0.153554,-0.640371,0.752558,-4e-06,-5e-05,-9e-05,9e-06,-1e-06,2.1e-05,-0.581602,0.075521,0.01494,-0.060003,0.610601,-0.242664,-0.753842,0.44757,0.891038,0.075697,0.653334,-0.383618,0.652679,0.000237,-0.00358,0.007155,-0.033988,-0.000576,0.006429,-0.489401
45,0.144694,-0.069531,0.287744,-0.603853,0.236779,-0.761145,-0.472292,-0.875472,0.102279,-0.641399,0.420946,0.641436,0.000378,0.002366,0.003729,0.050313,0.123172,0.095657,-0.340683,-0.162198,-0.066461,0.271598,-0.729578,-0.433558,0.528899,0.662037,-0.641336,0.387723,0.172009,0.633565,0.754236,-1e-05,-0.000761,-0.001287,0.0,-0.0,-0.0,-0.394175,0.045855,0.021136,-0.019647,0.766841,0.403024,0.499524,-0.623203,0.653706,0.429285,-0.15353,-0.640499,0.752455,-9e-06,-0.000476,-0.000811,-0.001807,0.014033,-0.025107,-0.581112,0.075555,0.014901,-0.059919,0.611486,-0.244768,-0.752443,0.448058,0.89091,0.074311,0.652171,-0.382579,0.65445,0.008393,-0.005102,0.005004,0.036263,0.185832,0.105382,-0.490217
46,0.144759,-0.069673,0.287924,-0.60394,0.236759,-0.761083,-0.472608,-0.875254,0.102682,-0.641084,0.421409,0.641446,2.9e-05,0.000184,0.00029,1.1e-05,2.9e-05,1.5e-05,-0.344055,-0.162244,-0.066509,0.271624,-0.732553,-0.433882,0.524503,0.659893,-0.641367,0.39131,0.167527,0.633312,0.755456,-3e-06,-0.000244,-0.000413,-0.008264,-0.015574,0.0138,-0.392023,0.045831,0.02111,-0.019638,0.769641,0.403337,0.494946,-0.620861,0.653616,0.4328,-0.14894,-0.640394,0.753466,-4e-06,-0.000166,-0.000282,-0.027273,-0.051561,0.045612,-0.580133,0.075588,0.014831,-0.059828,0.61161,-0.244914,-0.752295,0.448443,0.890691,0.074611,0.65179,-0.382995,0.654586,-3.3e-05,-0.005301,0.004439,-0.03613,0.010593,-0.019808,-0.49332
47,0.144731,-0.069735,0.287922,-0.603902,0.2368,-0.7611,-0.472724,-0.875186,0.102724,-0.641034,0.421527,0.641419,-8.1e-05,-0.000507,-0.000799,0.0,0.0,0.0,-0.34491,-0.162471,-0.066523,0.271612,-0.732338,-0.433974,0.524727,0.660103,-0.641246,0.391155,0.167638,0.633372,0.755381,-1e-05,-0.000682,-0.001153,0.0,-0.0,-0.0,-0.388586,0.045718,0.021104,-0.019643,0.76941,0.40343,0.495228,-0.621108,0.653503,0.432617,-0.149102,-0.640451,0.753386,-0.008366,-0.000926,-0.000427,-0.001989,0.01531,-0.029333,-0.576867,0.075573,0.014798,-0.059832,0.61157,-0.244926,-0.752324,0.448542,0.890637,0.074668,0.65176,-0.383113,0.654547,-5.8e-05,-0.000353,-0.000558,0.005926,-0.09244,0.17573,-0.494463
48,0.144656,-0.069723,0.28792,-0.603781,0.236892,-0.761167,-0.472792,-0.875165,0.102594,-0.641098,0.421519,0.64136,1.8e-05,0.000113,0.000178,0.0,0.0,0.0,-0.344773,-0.162736,-0.066513,0.271625,-0.735128,-0.434365,0.520487,0.658072,-0.641291,0.394491,0.163345,0.633059,0.756583,4e-06,0.000237,0.0004,-0.008269,-0.015569,0.013802,-0.386563,0.045586,0.021107,-0.019639,0.772039,0.403811,0.490807,-0.618886,0.653435,0.435892,-0.144693,-0.64028,0.75439,2e-06,0.000153,0.000264,-0.026842,-0.050725,0.044854,-0.575234,0.075535,0.014802,-0.059836,0.611455,-0.245015,-0.752388,0.448598,0.890619,0.074539,0.651829,-0.383097,0.654487,1.2e-05,7.3e-05,0.000115,0.000246,-2.3e-05,-0.000208,-0.494626
49,0.144594,-0.069714,0.287932,-0.603854,0.23683,-0.761129,-0.472739,-0.875185,0.102666,-0.641069,0.421511,0.641394,1.6e-05,9.8e-05,0.000155,0.0,0.0,0.0,-0.343667,-0.162861,-0.066515,0.271638,-0.736608,-0.434523,0.518257,0.656958,-0.641358,0.396233,0.161132,0.632883,0.757205,1e-06,4.4e-05,7.5e-05,-2e-06,-3e-06,3e-06,-0.384284,0.045523,0.021107,-0.019632,0.773407,0.403964,0.488522,-0.617694,0.65344,0.43757,-0.142458,-0.640178,0.754902,-1e-06,1.4e-05,2.7e-05,0.00231,0.004239,-0.003929,-0.573764,0.075505,0.014807,-0.05983,0.611527,-0.244947,-0.752352,0.448539,0.890643,0.07461,0.651802,-0.383085,0.654521,9e-06,5.6e-05,9.2e-05,0.000192,-1.3e-05,-0.000185,-0.494789
50,0.144473,-0.069699,0.28799,-0.603764,0.236902,-0.761178,-0.472838,-0.875138,0.102613,-0.641081,0.421568,0.641343,0.000164,0.001021,0.001608,0.0,0.0,0.0,-0.342747,-0.163061,-0.066507,0.271699,-0.739563,-0.43483,0.513771,0.654705,-0.641486,0.399738,0.156678,0.632542,0.758423,1e-05,0.000619,0.001046,-0.0,-0.0,0.0,-0.38134,0.045423,0.02111,-0.019603,0.776135,0.404259,0.483929,-0.615287,0.653444,0.440943,-0.137966,-0.639987,0.755897,4e-06,0.000385,0.000654,0.000967,0.001749,-0.00161,-0.570335,0.075444,0.014812,-0.059803,0.611441,-0.245018,-0.752399,0.44863,0.890601,0.074559,0.65182,-0.383138,0.654473,0.000107,0.000663,0.00105,0.000138,-1e-06,-0.00011,-0.494626
51,0.144366,-0.06966,0.288049,-0.603492,0.237116,-0.761327,-0.47303,-0.875064,0.102355,-0.641195,0.421602,0.641209,0.000136,0.000846,0.001331,0.0,0.0,0.0,-0.336708,-0.163173,-0.066473,0.271772,-0.739447,-0.43488,0.513895,0.654824,-0.64141,0.399665,0.15673,0.632584,0.758377,1.8e-05,0.001107,0.00187,0.0,0.0,0.0,-0.379364,0.045367,0.021127,-0.019567,0.776016,0.404309,0.484078,-0.615421,0.653373,0.440861,-0.138039,-0.640028,0.755849,8e-06,0.000583,0.000987,1.6e-05,2.8e-05,-9e-06,-0.568212,0.07539,0.014834,-0.059771,0.611178,-0.24524,-0.75254,0.44882,0.890526,0.074303,0.651936,-0.383168,0.654339,7.1e-05,0.000439,0.000691,9.5e-05,-1.2e-05,-6.9e-05,-0.49332
52,0.14433,-0.069659,0.288087,-0.603203,0.237352,-0.761482,-0.473274,-0.874961,0.102108,-0.641287,0.421681,0.641063,-0.016504,0.001826,0.002358,0.004598,-0.077651,0.146503,-0.330106,-0.163184,-0.066463,0.27183,-0.739398,-0.434901,0.513948,0.654882,-0.641345,0.399674,0.156719,0.632636,0.758336,2.6e-05,0.001562,0.002637,0.0,0.0,0.0,-0.378818,0.045362,0.021131,-0.019538,0.77597,0.40433,0.484134,-0.615481,0.65331,0.440872,-0.138032,-0.640079,0.755807,1.2e-05,0.000834,0.001406,1.3e-05,1.8e-05,-8e-06,-0.567722,0.075379,0.014833,-0.059753,0.610983,-0.245412,-0.752642,0.449,0.890449,0.074145,0.651994,-0.383238,0.65424,8.3e-05,0.000517,0.000813,8.1e-05,-9e-06,-5.3e-05,-0.490544
53,0.144283,-0.069658,0.288125,-0.603039,0.237487,-0.761571,-0.473427,-0.874894,0.101981,-0.641329,0.421747,0.640979,2.4e-05,0.000147,0.000231,0.0,0.0,0.0,-0.313971,-0.163101,-0.066478,0.271976,-0.739376,-0.434912,0.513971,0.654942,-0.641181,0.399841,0.156572,0.632796,0.758233,0.000991,-0.009043,0.011555,-0.034638,-0.004615,0.006286,-0.374103,0.045403,0.021127,-0.01947,0.775946,0.404342,0.484163,-0.615537,0.65316,0.441017,-0.137914,-0.640226,0.755704,7e-06,0.000513,0.000864,1.7e-05,3e-06,-5e-06,-0.56609,0.075349,0.014835,-0.059732,0.610736,-0.245628,-0.752773,0.449218,0.890357,0.073935,0.652076,-0.383314,0.654114,1e-05,6.3e-05,0.000103,5.1e-05,-2e-06,-4.5e-05,-0.482216
54,0.144199,-0.06963,0.288168,-0.60287,0.23762,-0.761663,-0.473547,-0.874848,0.101821,-0.6414,0.421767,0.640895,0.000128,0.000796,0.001251,0.0,0.0,0.0,-0.287185,-0.162949,-0.066589,0.272153,-0.740981,-0.435011,0.51157,0.653744,-0.641026,0.402044,0.153957,0.632885,0.758695,0.017697,-0.008664,0.00994,-0.032594,-0.019827,0.035528,-0.368986,0.045479,0.021069,-0.019376,0.777444,0.404434,0.481677,-0.614236,0.652919,0.443182,-0.135258,-0.640413,0.756026,0.008846,-0.004375,0.004897,-0.032286,-0.01925,0.035007,-0.561354,0.075307,0.014848,-0.059713,0.610572,-0.245766,-0.752861,0.449336,0.89031,0.073777,0.652148,-0.383334,0.654031,8e-05,0.000503,0.000796,4.7e-05,-2e-06,-7e-06,-0.465887
55,0.144153,-0.069603,0.288208,-0.602328,0.238054,-0.761956,-0.473935,-0.874698,0.1013,-0.641623,0.421832,0.640629,9e-05,0.000559,0.000879,0.0,0.0,0.0,-0.265429,-0.162831,-0.066768,0.272339,-0.743023,-0.433042,0.510277,0.651959,-0.640174,0.406277,0.151655,0.635093,0.757312,0.000967,-0.010697,0.00876,-0.049881,0.025187,-0.009065,-0.367357,0.045538,0.020985,-0.019283,0.779382,0.402269,0.480356,-0.61225,0.651824,0.447518,-0.133085,-0.642886,0.75431,-2e-06,2.9e-05,4.6e-05,0.01083,0.000676,0.005335,-0.558088,0.075284,0.014862,-0.059691,0.610043,-0.246224,-0.75314,0.449729,0.890155,0.073261,0.652374,-0.383401,0.653767,5.4e-05,0.000338,0.000535,3.1e-05,-9e-06,-7e-06,-0.448578
56,0.144156,-0.069584,0.288238,-0.602052,0.238277,-0.762105,-0.474133,-0.874621,0.101033,-0.641736,0.421865,0.640494,0.000161,0.000998,0.001569,0.0,0.0,0.0,-0.255742,-0.162823,-0.066848,0.272425,-0.742938,-0.433082,0.510368,0.652092,-0.639933,0.406443,0.151503,0.635308,0.757162,0.000973,-0.010316,0.009401,-0.036642,0.00958,-0.018713,-0.367006,0.045542,0.02094,-0.019239,0.779295,0.402411,0.480377,-0.612385,0.651699,0.447518,-0.132975,-0.642925,0.754297,0.000483,-0.005156,0.004703,-0.031333,0.005678,-0.020205,-0.556945,0.075285,0.014871,-0.059678,0.609773,-0.246459,-0.753282,0.449929,0.890075,0.072997,0.652488,-0.383435,0.653633,0.000101,0.000631,0.000993,3e-05,6e-06,-5e-06,-0.44074
57,0.144158,-0.069618,0.2883,-0.599469,0.23989,-0.763633,-0.474937,-0.874526,0.098041,-0.643558,0.421147,0.639137,2e-06,1.3e-05,2e-05,0.003375,-0.00356,0.004581,-0.245896,-0.162832,-0.067045,0.272559,-0.74219,-0.435602,0.50931,0.654281,-0.635099,0.410486,0.145577,0.638434,0.755694,0.00095,-0.011775,0.006939,-0.039876,0.025209,-0.042827,-0.364432,0.045537,0.020848,-0.019171,0.778619,0.4049,0.479382,-0.614467,0.646853,0.451675,-0.127207,-0.646248,0.75245,-2e-06,-6e-05,-0.000101,0.01368,-0.006136,-0.004046,-0.555639,0.075287,0.014856,-0.059644,0.607193,-0.248215,-0.754787,0.450742,0.889908,0.069952,0.654329,-0.382689,0.652228,-3.7e-05,-0.005324,0.004403,-0.027272,0.004094,-0.006851,-0.428983
