     0.11406700     -0.00825900      0.35909600     -0.31398200      0.48868600     -0.81403100     -0.69961500     -0.69865500     -0.14963700     -0.64147000      0.52191400      0.56227100     -0.00000000     -0.00000000     -0.00000000      0.00000000      0.00000000      0.00000000      0.09975800     -0.20052800     -0.00175700      0.29482900      0.80125100      0.31849300      0.50650900     -0.41027600      0.90859000      0.07792400     -0.43638400     -0.27065600      0.85800800      0.01932900     -0.01550000      0.06325500     -0.12765700     -0.03623900      0.04861000      0.14345100      0.01834300      0.02233400     -0.03049200     -0.82317100     -0.22760700      0.52017600      0.28553500     -0.95780700      0.03275900      0.49077300      0.17549500      0.85343000      0.00241100     -0.00740900      0.03246000     -0.14275100      0.01108700      0.02310800     -0.00028800      0.07194800      0.02074800     -0.06359100     -0.37967900      0.47675700     -0.79280900     -0.57250200     -0.79425800     -0.20345500     -0.72669400      0.37663700      0.57450700     -0.00000200      0.00000000      0.00000400     -0.00001000     -0.00000500      0.00000500     -0.06892800
     0.11401600     -0.00825200      0.35910100     -0.31423100      0.48858100     -0.81399800     -0.69954400     -0.69877000     -0.14943500     -0.64142500      0.52185900      0.56237300     -0.00000000     -0.00000000     -0.00000000      0.00000000      0.00000000      0.00000000      0.10264900     -0.19989400     -0.00253800      0.29739000      0.80358500      0.31286600      0.50631700     -0.40260700      0.91221500      0.07553100     -0.43923600     -0.26494700      0.85833500      0.01926600     -0.01550700      0.06287900      0.35799300      0.54474000     -0.28460400      0.15793700      0.01866800      0.02194000     -0.02917800     -0.82512400     -0.22138500      0.51976700      0.27742500     -0.96023300      0.03141700      0.49214300      0.17012000      0.85372900      0.00257100     -0.01344200      0.03575600      1.45886300      1.92326200     -1.11787200      0.02175600      0.07192200      0.02075200     -0.06358800     -0.37990800      0.47661000     -0.79278700     -0.57241500     -0.79437100     -0.20325800     -0.72664200      0.37658400      0.57460700     -0.00000100     -0.00000000      0.00000400     -0.00001100      0.00000400      0.00000800     -0.06647800
     0.11392200     -0.00823900      0.35911100     -0.31443500      0.48849300     -0.81397200     -0.69948600     -0.69886400     -0.14926900     -0.64138900      0.52181500      0.56245500     -0.00000000     -0.00000000     -0.00000000      0.00000000      0.00000000      0.00000000      0.10586600     -0.19931400     -0.00314100      0.29963500      0.80420600      0.30587400      0.50959300     -0.39407700      0.91620100      0.07219900     -0.44580300     -0.25927700      0.85667900      0.01829000     -0.00887500      0.04966200      3.20906700      0.94633500      4.44273500      0.16422300      0.01895900      0.02164500     -0.02804100     -0.82349400     -0.21941400      0.52317700      0.27405900     -0.96129800      0.02821800      0.49673800      0.16661800      0.85175600      0.00910600     -0.00440700      0.02484400      1.53990600      1.88184400     -1.08402000      0.03563600      0.07187600      0.02075800     -0.06358300     -0.38009400      0.47648900     -0.79277000     -0.57234400     -0.79446400     -0.20309600     -0.72660100      0.37654200      0.57468700     -0.00000100     -0.00000100      0.00000300     -0.00001700      0.00001400      0.00000600     -0.06304900
     0.11379700     -0.00822800      0.35911900     -0.31472600      0.48836800     -0.81393500     -0.69940200     -0.69899800     -0.14903200     -0.64133700      0.52175300      0.56257200     -0.00003700     -0.00016300     -0.00013200      0.00000000      0.00000000      0.00000000      0.10771600     -0.19860900     -0.00343500      0.30121600      0.80097100      0.30029300      0.51793900     -0.38902100      0.91858700      0.06924200     -0.45597200     -0.25733800      0.85189700      0.01664400      0.00692700      0.02644800     -0.22495000      0.26083200      0.30349400      0.16385400      0.01931200      0.02149700     -0.02723600     -0.82044000     -0.21115400      0.53131000      0.26342900     -0.96439100      0.02351400      0.50742600      0.15925400      0.84685000      0.00843600     -0.00317600      0.01608400     -0.43760200      0.52687700      0.39028100      0.04086100      0.07181300      0.02076400     -0.06357900     -0.38036100      0.47631600     -0.79274600     -0.57224300     -0.79459600     -0.20286400     -0.72654100      0.37648200      0.57480200     -0.00691100      0.00088200      0.00064000     -0.00099100      0.01471400     -0.02953800     -0.06011000
     0.11373200     -0.00823200      0.35911400     -0.31490000      0.48829300     -0.81391200     -0.69935100     -0.69907900     -0.14888900     -0.64130600      0.52171500      0.56264300     -0.00012800     -0.00056100     -0.00045600      0.00000000      0.00000000      0.00000000      0.10851400     -0.19821200     -0.00345100      0.30171400      0.80029800      0.29998800      0.51915400     -0.38866800      0.91879600      0.06845000     -0.45745400     -0.25694700      0.85122100      0.03062400      0.00238300      0.02061900     -0.03143000     -0.04545500      0.09229900      0.16445100      0.01949900      0.02149100     -0.02699100     -0.81928100     -0.20956400      0.53372300      0.26254300     -0.96461500      0.02425800      0.50975300      0.15999900      0.84531100      0.00801500      0.00054900      0.01007200     -0.02453000     -0.03469400      0.03326800      0.04167800      0.07178100      0.02076300     -0.06358100     -0.38052200      0.47621200     -0.79273200     -0.57218200     -0.79467500     -0.20272500     -0.72650500      0.37644600      0.57487100     -0.00698700      0.00055800      0.00037600     -0.00099200      0.01469500     -0.02955200     -0.05880400
     0.11363100     -0.00825300      0.35909700     -0.31432900      0.48593400     -0.81554300     -0.69921400     -0.69953500     -0.14738400     -0.64173700      0.52330400      0.56067200     -0.00022800     -0.00099700     -0.00081100     -0.00892700     -0.04535400     -0.02320100      0.10942700     -0.19743000     -0.00332400      0.30226300      0.79934500      0.29518000      0.52336200     -0.38644700      0.91947200      0.07186200     -0.46099500     -0.26007600      0.84835600      0.02957800      0.00815200      0.00679900     -0.00941800     -0.02348100      0.09898900      0.16466600      0.01989100      0.02154900     -0.02670800     -0.81746900     -0.20508700      0.53822200      0.26046900     -0.96507900      0.02787000      0.51371100      0.16297300      0.84234200      0.01475500      0.00382400      0.00311800      0.01014100     -0.04643600      0.08994600      0.04200500      0.07173100      0.02075300     -0.06358900     -0.37944400      0.47385700     -0.79465700     -0.57195500     -0.79525000     -0.20110600     -0.72724700      0.37820000      0.57277800     -0.00017200     -0.00075300     -0.00061000     -0.00900800     -0.03931700     -0.01896200     -0.05684400
     0.11355400     -0.00826200      0.35908800     -0.31454600      0.48584200     -0.81551400     -0.69915100     -0.69963500     -0.14720700     -0.64169800      0.52325700      0.56076100     -0.00004800     -0.00020700     -0.00016900     -0.00000200     -0.00001100     -0.00000600      0.11063800     -0.19658600     -0.00299600      0.30246700      0.79944100      0.29251800      0.52470900     -0.38507900      0.91986700      0.07410700     -0.46197600     -0.26167700      0.84732900      0.02937800      0.00649100      0.00498900     -0.00963000      0.07103500     -0.07757600      0.16442100      0.02031200      0.02170800     -0.02661100     -0.81730000     -0.20241000      0.53949000      0.25897000     -0.96541500      0.03011500      0.51473600      0.16432500      0.84145200      0.00751800      0.00364400      0.00337400      0.01596800     -0.04508300      0.04787600      0.04233100      0.07169200      0.02074600     -0.06359500     -0.37973800      0.47394000     -0.79446700     -0.57191800     -0.79528700     -0.20106500     -0.72712300      0.37801800      0.57305600     -0.00002400     -0.00009900     -0.00007700      0.00024300      0.00145800      0.00078700     -0.05553800
     0.11352100     -0.00826300      0.35907400     -0.31463700      0.48579900     -0.81550500     -0.69910700     -0.69969200     -0.14714500     -0.64170100      0.52322100      0.56079100     -0.01390200      0.00143800      0.00100500     -0.00098400      0.01471400     -0.02955300      0.11234100     -0.19622700     -0.00282700      0.30260800      0.79953700      0.29233300      0.52466500     -0.38489200      0.91994000      0.07418200     -0.46196500     -0.26162800      0.84735000      0.01517100      0.00894600      0.00851200      0.00362200     -0.03125600      0.05312700      0.15213000      0.02049600      0.02178400     -0.02655000     -0.81743000     -0.20233700      0.53932100      0.25878600     -0.96546700      0.03001900      0.51462300      0.16410700      0.84156400      0.00753400      0.00391900      0.00365600      0.00651200     -0.03515700      0.05073300      0.03841200      0.07168000      0.02074600     -0.06360200     -0.37980500      0.47390500     -0.79445600     -0.57187500     -0.79532700     -0.20102900     -0.72712200      0.37797800      0.57308400     -0.00009100     -0.00038700     -0.00031400      0.00005600      0.00019700      0.00009600     -0.05439500
     0.11349700     -0.00827400      0.35906500     -0.31472200      0.48576300     -0.81549400     -0.69908300     -0.69973100     -0.14707600     -0.64168600      0.52320200      0.56082500     -0.00002400     -0.00010300     -0.00008400     -0.00000000     -0.00000000     -0.00000000      0.11708200     -0.19571300     -0.00241200      0.30307300      0.79953000      0.28984500      0.52605400     -0.38381700      0.92019400      0.07656000     -0.46287200     -0.26349600      0.84627600      0.00116800      0.01376400      0.01448700      0.00297800     -0.03181800      0.04796700      0.15294100      0.02076400      0.02198800     -0.02632200     -0.81699600     -0.19995700      0.54086400      0.25780300     -0.96565200      0.03242100      0.51580400      0.16592400      0.84048400      0.00776400      0.00685800      0.00672900      0.00911400     -0.03822900      0.04932600      0.02894100      0.07166300      0.02074000     -0.06360700     -0.37990400      0.47384300     -0.79444600     -0.57183700     -0.79537500     -0.20094500     -0.72709900      0.37795400      0.57312800     -0.00000700     -0.00002900     -0.00002100      0.00001500      0.00000600     -0.00001900     -0.04917000
     0.11350500     -0.00828100      0.35904600     -0.31472200      0.48575900     -0.81549600     -0.69906500     -0.69974600     -0.14708800     -0.64170500      0.52318600      0.56081900     -0.00022300     -0.00097300     -0.00079100     -0.00000000     -0.00000000     -0.00000000      0.11803900     -0.19537200     -0.00192000      0.30383500      0.79967400      0.28960400      0.52596800     -0.38380000      0.92015600      0.07709400     -0.46263700     -0.26389200      0.84628100      0.00193700      0.00571300      0.02564700     -0.03301600     -0.01900700      0.03097600      0.16016200      0.02093400      0.02223700     -0.02594500     -0.81713900     -0.19974300      0.54072600      0.25779700     -0.96563900      0.03287500      0.51558000      0.16626100      0.84055500      0.00073400      0.00891800      0.00931700      0.00318300     -0.03238500      0.04724800      0.03171700      0.07166700      0.02073900     -0.06361400     -0.37990500      0.47383900     -0.79444800     -0.57181700     -0.79538700     -0.20095700     -0.72711500      0.37793400      0.57312000     -0.00014900     -0.00064100     -0.00052000      0.00001200      0.00000500     -0.00001700     -0.04590400
     0.11350600     -0.00825700      0.35902600     -0.31481000      0.48571100     -0.81549100     -0.69898700     -0.69983100     -0.14705300     -0.64174700      0.52311700      0.56083500     -0.00000000     -0.00000000     -0.00000000     -0.00000000     -0.00000000     -0.00000000      0.11929800     -0.19536700     -0.00159000      0.30477200      0.80039300      0.28971200      0.52481300     -0.38489900      0.91947900      0.07965000     -0.46047100     -0.26612700      0.84676200      0.00204500      0.00708700      0.02695200     -0.03137000     -0.03507500      0.05484000      0.16178400      0.02093700      0.02240300     -0.02547500     -0.81790200     -0.19972100      0.53958000      0.25906900     -0.96520800      0.03543400      0.51373100      0.16877000      0.84118700     -0.00618700      0.00315400      0.01354800     -0.04418000      0.11002800     -0.16467600      0.03563600      0.07166700      0.02074900     -0.06362600     -0.37998300      0.47377700     -0.79444800     -0.57172600     -0.79546000     -0.20092500     -0.72714600      0.37785900      0.57313200     -0.00000000      0.00001000      0.00000900      0.00000600      0.00000200     -0.00002000     -0.04459700
     0.11350700     -0.00824200      0.35901200     -0.31477700      0.48571600     -0.81550000     -0.69896100     -0.69984600     -0.14710300     -0.64179100      0.52309100      0.56080800     -0.00000000     -0.00000000     -0.00000000     -0.00000000     -0.00000000     -0.00000000      0.12056000     -0.19549900     -0.00150100      0.30531700      0.79969900      0.28807600      0.52676900     -0.38505500      0.91919900      0.08209200     -0.46154800     -0.26885700      0.84531200     -0.01228500      0.00686600      0.02760900     -0.31161900      0.40446100      0.33118600      0.16328600      0.02087600      0.02245000     -0.02520100     -0.81763100     -0.20009800      0.53985000      0.25984400     -0.96498300      0.03587200      0.51376900      0.16960700      0.84099600     -0.00620300      0.00289900      0.01325400     -0.03488300     -0.00337000      0.00133700      0.03661600      0.07166800      0.02075700     -0.06363200     -0.37995100      0.47378800     -0.79445600     -0.57169700     -0.79546800     -0.20097600     -0.72718500      0.37782800      0.57310300     -0.00000200      0.00000600      0.00000600      0.00000400     -0.00000500     -0.00002400     -0.04329100
     0.11350800     -0.00819300      0.35896000     -0.31481700      0.48567100     -0.81551100     -0.69882600     -0.69997000     -0.14715400     -0.64191800      0.52296700      0.56077900     -0.00000900     -0.00003800     -0.00003100     -0.00000000     -0.00000000     -0.00000000      0.12305700     -0.19595500     -0.00152600      0.30645500      0.80113800      0.28986700      0.52359000     -0.38682000      0.91831300      0.08369600     -0.45755200     -0.26996200      0.84713100     -0.01200200     -0.00742900      0.03227600     -0.01671400     -0.07400200     -0.07479800      0.16416800      0.02064900      0.02244800     -0.02462900     -0.81874200     -0.19961300      0.53834500      0.26106700     -0.96451500      0.03941100      0.51137500      0.17281200      0.84180200     -0.00603600     -0.00389900      0.01595800     -0.00359000     -0.09372700     -0.08933500      0.03939200      0.07166900      0.02078100     -0.06365900     -0.37998400      0.47373700     -0.79447100     -0.57154300     -0.79556600     -0.20102900     -0.72728900      0.37768600      0.57306400     -0.00000400     -0.00001000     -0.00000800      0.00001500     -0.00000700     -0.00000600     -0.04051500
     0.11351900     -0.00812000      0.35886200     -0.31479300      0.48563300     -0.81554300     -0.69862200     -0.70014000     -0.14731600     -0.64215300      0.52277500      0.56068900     -0.00014600     -0.00063500     -0.00051700     -0.00000000     -0.00000000     -0.00000000      0.12500300     -0.19658200     -0.00186200      0.30748500      0.80028600      0.29082800      0.52435900     -0.38897900      0.91726800      0.08513600     -0.45721000     -0.27247400      0.84651100     -0.02679700     -0.01336600      0.02707200     -0.07502800      0.04087900     -0.06797900      0.16285600      0.02034100      0.02228700     -0.02410700     -0.81799900     -0.20077500      0.53904200      0.26347800     -0.96380000      0.04084600      0.51132800      0.17543800      0.84128700     -0.00652600     -0.00113100      0.00903700     -0.03803600      0.01401900     -0.02138800      0.03988200      0.07167400      0.02081800     -0.06370700     -0.37995300      0.47370600     -0.79450400     -0.57131100     -0.79569000     -0.20119700     -0.72748800      0.37746400      0.57295800      0.00018700      0.00485000     -0.00481700      0.02982800      0.07586000     -0.15945700     -0.03757600
     0.11351900     -0.00807100      0.35879700     -0.31470000      0.48563900     -0.81557600     -0.69850700     -0.70021900     -0.14748600     -0.64232300      0.52266400      0.56059800      0.00045300      0.01006500     -0.00933200      0.03515500     -0.01567800      0.01702700      0.12585600     -0.19690500     -0.00211300      0.30795200      0.80046100      0.29540700      0.52152500     -0.39143900      0.91651900      0.08187600     -0.45479300     -0.27006500      0.84858200     -0.01270300     -0.01563800      0.02380600      0.07795000     -0.20723800     -0.20436600      0.16219000      0.02018500      0.02216900     -0.02388100     -0.81864800     -0.20431100      0.53672300      0.26553400     -0.96334000      0.03830300      0.50922100      0.17387500      0.84288800     -0.00658000     -0.00175100      0.00839600      0.26312300     -0.42507100     -0.30933600      0.03906500      0.07167400      0.02084200     -0.06374000     -0.37986300      0.47372800     -0.79453400     -0.57118200     -0.79573900     -0.20136700     -0.72763600      0.37733200      0.57285700      0.00022900      0.00503500     -0.00466400      0.03516500     -0.01568000      0.01702500     -0.03643300
     0.11351900     -0.00797000      0.35865500     -0.31479200      0.48553200     -0.81560400     -0.69818100     -0.70051700     -0.14761400     -0.64263200      0.52236500      0.56052300      0.00045200      0.01005900     -0.00933600      0.02982300      0.07596600     -0.15941400      0.12651600     -0.19756600     -0.00258400      0.30868300      0.79976600      0.29856700      0.52079200     -0.39430600      0.91536900      0.08096900     -0.45353300     -0.27049300      0.84912000     -0.02769600     -0.00656400      0.01455500     -0.01038300     -0.01628000     -0.08237900      0.15949400      0.01984900      0.02192200     -0.02350600     -0.81870800     -0.20852500      0.53500800      0.26891700     -0.96247500      0.03638100      0.50734600      0.17365800      0.84406200     -0.00676200     -0.00385600      0.00624400     -0.02360600     -0.00045600     -0.07210500      0.03694300      0.07167400      0.02088800     -0.06380800     -0.37982600      0.47368300     -0.79457800     -0.57087000     -0.79590700     -0.20158600     -0.72789900      0.37703400      0.57271800     -0.00005800     -0.00026000     -0.00021200     -0.00000500      0.00001000     -0.00000400     -0.03431000
     0.11349800     -0.00789100      0.35854800     -0.31470200      0.48551600     -0.81564800     -0.69797800     -0.70067200     -0.14784100     -0.64289700      0.52217100      0.56039900     -0.00002500     -0.00011100     -0.00009000     -0.00000000     -0.00000000     -0.00000000      0.12684800     -0.19820700     -0.00296100      0.30924500      0.79906400      0.30173500      0.52004300     -0.39696500      0.91433400      0.07966200     -0.45244600     -0.27048300      0.84970200     -0.01345800     -0.00720400      0.01297300     -0.03601700      0.01154900     -0.02268700      0.15298500      0.01951800      0.02172700     -0.02322300     -0.81837000     -0.21172400      0.53426800      0.27177200     -0.96171800      0.03517100      0.50637000      0.17398200      0.84458200     -0.00675000     -0.00370400      0.00639400     -0.04460300      0.02261700     -0.01709000      0.03122700      0.07166300      0.02093100     -0.06386500     -0.37984400      0.47361100     -0.79461300     -0.57057900     -0.79607900     -0.20173400     -0.72811900      0.37676200      0.57261800     -0.00000500     -0.00002900     -0.00002400     -0.00000900      0.00000500     -0.00001000     -0.03382000
     0.11347700     -0.00786400      0.35851800     -0.31409800      0.48315100     -0.81728400     -0.69777900     -0.70117200     -0.14640400     -0.64340800      0.52369400      0.55838800     -0.00000100     -0.00000300     -0.00000200     -0.00021300     -0.00107800     -0.00055400      0.12842800     -0.19869000     -0.00330700      0.30975500      0.80029000      0.29998500      0.51917000     -0.39395300      0.91574800      0.07835800     -0.45291400     -0.26762500      0.85035800     -0.01343900     -0.00694500      0.01322800      0.82877700      0.13517500      1.38274800      0.14707400      0.01928100      0.02155300     -0.02297600     -0.81908300     -0.21132000      0.53333400      0.27023700     -0.96220000      0.03377600      0.50603800      0.17179200      0.84522900     -0.00679700     -0.00378100      0.00631500      2.81777200      0.47186600      4.65907600      0.02306300      0.07165300      0.02094500     -0.06388000     -0.37878900      0.47138600     -0.79643800     -0.57031300     -0.79664100     -0.20026400     -0.72887700      0.37836100      0.57059600      0.00000500      0.00001900      0.00001600     -0.00376300      0.10236700     -0.17045100     -0.03251400
     0.11345500     -0.00786700      0.35851500     -0.31402700      0.48318000     -0.81729400     -0.69779900     -0.70114000     -0.14646100     -0.64342100      0.52371100      0.55835800     -0.00001000     -0.00004400     -0.00003600     -0.00000300     -0.00001600     -0.00000800      0.12991400     -0.19888700     -0.00342000      0.31001700      0.80174100      0.29559100      0.51945000     -0.38921000      0.91774500      0.07870500     -0.45445200     -0.26565900      0.85015400     -0.01329600     -0.00540800      0.01478300     -0.03643500      0.01259100     -0.02167400      0.14609100      0.01917700      0.02149200     -0.02284200     -0.82018300     -0.20518800      0.53403800      0.26357500     -0.96402400      0.03440500      0.50776600      0.16897700      0.84475900     -0.00665000     -0.00263300      0.00747200     -0.03889300      0.01553900     -0.01999900      0.01979700      0.07164200      0.02094400     -0.06388200     -0.37876200      0.47150500     -0.79638000     -0.57034700     -0.79659000     -0.20037000     -0.72886400      0.37832100      0.57063900     -0.00000100     -0.00001000     -0.00000600      0.00029700      0.00171100      0.00093700     -0.03104400
     0.11339400     -0.00785200      0.35852700     -0.31414300      0.48313000     -0.81728000     -0.69776600     -0.70119300     -0.14636600     -0.64340100      0.52368600      0.55840400      0.00016100      0.00070100      0.00057100     -0.00000000     -0.00000000     -0.00000000      0.13424600     -0.19910400     -0.00343100      0.31056000      0.80197300      0.29771700      0.51787600     -0.39043300      0.91732900      0.07748500     -0.45298900     -0.26472200      0.85122700      0.00127300     -0.00264700      0.01665900     -0.03439400     -0.00290900      0.00707300      0.14624400      0.01906900      0.02148500     -0.02257200     -0.82075300     -0.20723100      0.53237100      0.26482200     -0.96372700      0.03313400      0.50619400      0.16817900      0.84586100      0.00064100     -0.00118100      0.00847900     -0.03940200      0.00361800      0.01036300      0.01718400      0.07161100      0.02095000     -0.06387700     -0.37887500      0.47144800     -0.79636000     -0.57030700     -0.79664000     -0.20028500     -0.72883600      0.37828700      0.57069700      0.00010800      0.00047800      0.00039200      0.00002700      0.00003300      0.00000000     -0.02712500
     0.11333100     -0.00785000      0.35852800     -0.31443400      0.48300600     -0.81724000     -0.69768300     -0.70132500     -0.14612900     -0.64334900      0.52362300      0.55852400     -0.00001900     -0.00008500     -0.00006900     -0.00000000     -0.00000000     -0.00000000      0.14152300     -0.19904700     -0.00328600      0.31114000      0.80216800      0.29746500      0.51772000     -0.39052400      0.91722000      0.07830500     -0.45256400     -0.26538100      0.85124700      0.00145600     -0.00066200      0.01862400     -0.03464600     -0.00250900      0.00735300      0.14645000      0.01909100      0.02155400     -0.02229200     -0.82087100     -0.20694300      0.53230100      0.26496500     -0.96365900      0.03396600      0.50592800      0.16892300      0.84587300      0.00077600      0.00027200      0.00992000     -0.03298500     -0.01813300      0.03166800      0.01718400      0.07158000      0.02095300     -0.06387500     -0.37914300      0.47127600     -0.79633400     -0.57020500     -0.79677100     -0.20005400     -0.72877700      0.37822500      0.57081400     -0.00001600     -0.00006100     -0.00004700     -0.00529500      0.09175300     -0.17641100     -0.01928700
     0.11330700     -0.00786000      0.35851900     -0.31451900      0.48297000     -0.81722900     -0.69765800     -0.70136400     -0.14605900     -0.64333400      0.52360400      0.55855900     -0.00033600     -0.00146200     -0.00119100     -0.00608400      0.10502300     -0.20195600      0.14355800     -0.19898700     -0.00315000      0.31146200      0.80224100      0.29736300      0.51766600     -0.39057400      0.91717000      0.07865500     -0.45239200     -0.26567100      0.85124800      0.00117100      0.01253900      0.01259600      0.00163600     -0.01575500      0.02407400      0.14885600      0.01912600      0.02162000     -0.02213300     -0.82093200     -0.20682200      0.53225400      0.26502300     -0.96363100      0.03431800      0.50579900      0.16923300      0.84588800      0.00773500      0.00645900      0.00604200      0.00377200     -0.03093200      0.05348100      0.01767400      0.07156900      0.02095100     -0.06387600     -0.37907700      0.47131700     -0.79634100     -0.57023000     -0.79673900     -0.20010900     -0.72879100      0.37824100      0.57078500     -0.00001500     -0.00006600     -0.00005200      0.00001300      0.00000500     -0.00001700     -0.01536800
     0.11326000     -0.00788100      0.35850200     -0.31455200      0.48295500     -0.81722600     -0.69764900     -0.70137900     -0.14603200     -0.64332800      0.52359800      0.55857200     -0.00010200     -0.00044200     -0.00036000     -0.00000000     -0.00000000     -0.00000000      0.14408100     -0.19880900     -0.00282700      0.31218200      0.80240100      0.29712900      0.51755200     -0.39066800      0.91706400      0.07941500     -0.45202600     -0.26629800      0.85124700      0.00184200      0.00360000      0.02279700     -0.03300800     -0.01825200      0.03143600      0.15973500      0.01921600      0.02178700     -0.02176800     -0.82107400     -0.20654300      0.53214300      0.26513000     -0.96357400      0.03508700      0.50551300      0.16989600      0.84592600      0.00779800      0.00733100      0.00687100      0.00538900     -0.04668500      0.07752400      0.02502200      0.07154400      0.02093700     -0.06388800     -0.37925100      0.47120500     -0.79632400     -0.57016300     -0.79682400     -0.19995900     -0.72875300      0.37820100      0.57086100     -0.00007200     -0.00031100     -0.00025200      0.00000500      0.00000500     -0.00000400     -0.01128600
     0.11321200     -0.00791000      0.35849100     -0.31473800      0.48288000     -0.81719800     -0.69761300     -0.70144900     -0.14586900     -0.64327500      0.52357400      0.55865400     -0.00004400     -0.00019000     -0.00015500     -0.00000000     -0.00000000     -0.00000000      0.14637500     -0.19871200     -0.00255700      0.31296700      0.80388200      0.29635900      0.51569000     -0.39073400      0.91676700      0.08246600     -0.44932500     -0.26817400      0.85208800      0.00176800      0.00288100      0.02199900     -0.03464600     -0.00251300      0.00735200      0.16890000      0.01926500      0.02192600     -0.02137100     -0.82250600     -0.20548500      0.53033800      0.26529300     -0.96341200      0.03816200      0.50309300      0.17208400      0.84692600      0.00092400      0.00201000      0.01156300     -0.03202900     -0.01719400      0.03086900      0.03694200      0.07152000      0.02092200     -0.06389400     -0.37942300      0.47109900     -0.79630500     -0.57011800     -0.79689600     -0.19979900     -0.72869900      0.37818000      0.57094300     -0.00002400     -0.00010600     -0.00008600     -0.00000300     -0.00000400     -0.00000900     -0.00916300
     0.11319400     -0.00794200      0.35846500     -0.31485900      0.48282900     -0.81718100     -0.69757800     -0.70150400     -0.14577000     -0.64325300      0.52354700      0.55870500     -0.00020100     -0.00087100     -0.00071000     -0.00000000     -0.00000000     -0.00000000      0.14923800     -0.19875200     -0.00237200      0.31380200      0.80402200      0.29617200      0.51558000     -0.39106900      0.91652200      0.08358500     -0.44878200     -0.26921500      0.85204600      0.00175400      0.00276600      0.02180800     -0.03300500     -0.01818500      0.03147800      0.18556400      0.01924500      0.02201900     -0.02095400     -0.82260500     -0.20529300      0.53025800      0.26570100     -0.96325500      0.03925900      0.50271500      0.17318500      0.84692600     -0.00625800      0.00126900      0.01124200     -0.03664800      0.01271500     -0.02187500      0.05163900      0.07151200      0.02090700     -0.06390600     -0.37953500      0.47102800     -0.79629400     -0.57007600     -0.79695100     -0.19970300     -0.72867400      0.37815400      0.57099300     -0.00012400     -0.00054000     -0.00044200      0.00000300      0.00001000      0.00000500     -0.00573400
     0.11319900     -0.00796400      0.35844700     -0.31489600      0.48281400     -0.81717600     -0.69756800     -0.70152000     -0.14574100     -0.64324700      0.52353900      0.55872000     -0.00021200     -0.00092000     -0.00075000     -0.00000000     -0.00000000     -0.00000000      0.14904700     -0.19880400     -0.00233200      0.31423200      0.80384900      0.29634100      0.51575100     -0.39158600      0.91625600      0.08408400     -0.44863900     -0.26993500      0.85189300     -0.01201000     -0.00864500      0.03048300     -0.07133400      0.01022500     -0.01451500      0.19544200      0.01922400      0.02204300     -0.02074200     -0.82247300     -0.20546000      0.53039800      0.26621800     -0.96309200      0.03974400      0.50265700      0.17389000      0.84681500      0.00082100      0.00092800      0.01044000     -0.03299600     -0.01815800      0.03151800      0.06404900      0.07151400      0.02089600     -0.06391400     -0.37956900      0.47100700     -0.79629100     -0.57006300     -0.79696700     -0.19967400     -0.72866600      0.37814600      0.57100800     -0.00013000     -0.00056600     -0.00046100      0.00000100     -0.00000000     -0.00000200     -0.00442800
     0.11319100     -0.00799600      0.35840800     -0.31499800      0.48276800     -0.81716400     -0.69752100     -0.70158200     -0.14567000     -0.64324700      0.52349900      0.55875600     -0.00017900     -0.00077600     -0.00063300     -0.00000000     -0.00000000     -0.00000000      0.14926500     -0.19890900     -0.00237000      0.31509000      0.80350200      0.29667300      0.51610300     -0.39271000      0.91566600      0.08526200     -0.44827900     -0.27157000      0.85156300      0.00156200      0.00068200      0.01966800     -0.03464400     -0.00247100      0.00737600      0.20598800      0.01916600      0.02202200     -0.02030700     -0.82215600     -0.20586000      0.53073500      0.26746700     -0.96269700      0.04092100      0.50251400      0.17559800      0.84654800      0.00101500     -0.00509600      0.01401000     -0.06928000     -0.00494400      0.01475600      0.08315400      0.07151000      0.02087900     -0.06393500     -0.37966200      0.47094400     -0.79628400     -0.57000800     -0.79702400     -0.19960600     -0.72866100      0.37810500      0.57104200     -0.00008700     -0.00038200     -0.00031100      0.00000400      0.00000600      0.00000700     -0.00344800
     0.11317400     -0.00802100      0.35838700     -0.31510000      0.48272500     -0.81715000     -0.69749200     -0.70162800     -0.14558700     -0.64322900      0.52347700      0.55879800     -0.00003500     -0.00015300     -0.00012400     -0.00000000     -0.00000000     -0.00000000      0.15099100     -0.19893900     -0.00260900      0.31598800      0.80314900      0.29697200      0.51647900     -0.39401100      0.91495900      0.08683300     -0.44776600     -0.27362200      0.85117600      0.00187300     -0.01220300      0.02601400     -0.07093200      0.01067100     -0.00941500      0.21676800      0.01915600      0.02190800     -0.01986800     -0.82191900     -0.20610100      0.53100900      0.26874900     -0.96227200      0.04249400      0.50221800      0.17763500      0.84629900      0.00088100     -0.00654000      0.01258100     -0.07093600      0.01066700     -0.00941500      0.09850300      0.07150100      0.02086600     -0.06394600     -0.37975600      0.47088400     -0.79627400     -0.56997300     -0.79706900     -0.19952600     -0.72864000      0.37808400      0.57108300     -0.00001700     -0.00006800     -0.00005500     -0.00000600     -0.00000700     -0.00000700     -0.00197800
     0.11317300     -0.00802800      0.35838100     -0.31512000      0.48271700     -0.81714700     -0.69748600     -0.70163700     -0.14557100     -0.64322600      0.52347300      0.55880600     -0.00001300     -0.00005500     -0.00004500     -0.00000000     -0.00000000     -0.00000000      0.15088200     -0.19895000     -0.00277000      0.31643000      0.80299800      0.29708900      0.51664600     -0.39465700      0.91459800      0.08769300     -0.44746700     -0.27469900      0.85098600      0.00191800     -0.01170000      0.02649100     -0.06928500     -0.00489100      0.01478200      0.21867300      0.01914600      0.02182500     -0.01964200     -0.82169700     -0.20636200      0.53125000      0.26959300     -0.96199900      0.04330100      0.50212700      0.17880200      0.84610700      0.00066500     -0.00074500      0.00874600     -0.03463000     -0.00245300      0.00737200      0.10421800      0.07150100      0.02086300     -0.06394900     -0.37977400      0.47087200     -0.79627200     -0.56996600     -0.79707800     -0.19951000     -0.72863500      0.37808000      0.57109100      0.00000200      0.00000700      0.00000600     -0.00000100     -0.00000000     -0.00000200     -0.00132500
     0.11317300     -0.00802000      0.35837400     -0.31510400      0.48272000     -0.81715200     -0.69747300     -0.70164400     -0.14559600     -0.64324800      0.52346000      0.55879300     -0.00000000     -0.00000000     -0.00000000      0.00000000      0.00000000      0.00000000      0.15135400     -0.19900500     -0.00309100      0.31743300      0.80354400      0.30112000      0.51345500     -0.39709200      0.91372300      0.08580200     -0.44431500     -0.27322400      0.85311000      0.00212400     -0.00944100      0.02864900      0.05328900     -0.19987900     -0.11832200      0.21824100      0.01911800      0.02166000     -0.01914500     -0.82275800     -0.20969500      0.52829600      0.27185000     -0.96143200      0.04175500      0.49916500      0.17797200      0.84803200      0.00079900      0.00073600      0.01016300      0.15911000     -0.29681200     -0.18047400      0.10846400      0.07150100      0.02086700     -0.06395200     -0.37975800      0.47087800     -0.79627600     -0.56995100     -0.79708200     -0.19953500     -0.72865500      0.37806400      0.57107600      0.00000000      0.00001400      0.00001200     -0.00001100     -0.00002000     -0.00001600     -0.00067200
     0.11316100     -0.00802500      0.35837000     -0.31514600      0.48270200     -0.81714600     -0.69746100     -0.70166400     -0.14556200     -0.64324000      0.52345000      0.55881000     -0.00000000     -0.00000000     -0.00000000      0.00000000      0.00000000      0.00000000      0.15254600     -0.19905600     -0.00326700      0.31860100      0.80443800      0.30473900      0.50990600     -0.39910100      0.91299500      0.08421400     -0.44087600     -0.27164300      0.85539600      0.00249800     -0.00534000      0.03253800      0.13449300     -0.32933700     -0.20555700      0.21853700      0.01909200      0.02156800     -0.01856500     -0.82398900     -0.21245200      0.52526700      0.27376300     -0.96093100      0.04079100      0.49607900      0.17741000      0.84995900      0.00102100      0.00321200      0.01251300      0.31582500     -0.44977200     -0.46799300      0.10846400      0.07149500      0.02086500     -0.06395400     -0.37979700      0.47085300     -0.79627300     -0.56993700     -0.79710100     -0.19950100     -0.72864600      0.37805500      0.57109300     -0.00000100      0.00001000      0.00001000     -0.00000600     -0.00001800     -0.00001000      0.00047100
     0.11315800     -0.00803100      0.35835300     -0.31516900      0.48268800     -0.81714500     -0.69743700     -0.70168900     -0.14555500     -0.64325500      0.52342900      0.55881300     -0.00019100     -0.00082700     -0.00067500      0.00000000      0.00000000      0.00000000      0.15439400     -0.19928300     -0.00330000      0.31980300      0.80476300      0.30666400      0.50823800     -0.40069400      0.91229600      0.08423200     -0.43883100     -0.27183000      0.85638800     -0.01164900     -0.00519900      0.03346200     -0.05405000     -0.01708800     -0.03299900      0.23300400      0.01898400      0.02155600     -0.01795900     -0.82507600     -0.21546800      0.52232300      0.27580600     -0.96040100      0.03948700      0.49313200      0.17664000      0.85183200     -0.00606600      0.00308800      0.01278900     -0.03703900     -0.00633000     -0.00666900      0.11744500      0.07149400      0.02086400     -0.06396100     -0.37981700      0.47083600     -0.79627300     -0.56990900     -0.79712200     -0.19949500     -0.72865700      0.37803100      0.57109500     -0.00012800     -0.00054700     -0.00044500      0.00000100      0.00000600      0.00000700      0.00226700
