     0.06289400      0.02026100      0.36634600     -0.55447100      0.04684300     -0.83091100     -0.50981600     -0.80826100      0.29457200     -0.65711100      0.58688200      0.47307700      0.02885200      0.06514800     -0.10074100     -1.08456100      0.91518800     -3.45486400      0.45002800     -0.14499500      0.04606000      0.33620000      0.30416600     -0.69598600      0.65044400      0.23173800      0.71624200      0.65820100     -0.92433400     -0.04860000      0.37829500     -0.01943900      0.05911900     -0.03533800      0.18520500     -0.04209000      0.08365600     -1.40130000      0.02225500      0.04141700     -0.01276900     -0.29886200      0.67121700      0.67834200     -0.21525500     -0.73992600      0.63731700      0.92970200      0.04445400      0.36561800     -0.01530100      0.02354600     -0.01350700      0.15501700     -0.04202600      0.07642800     -0.81886300      0.06866300      0.03450100     -0.05752500     -0.54097200      0.03629700     -0.84025600     -0.40969400     -0.88388900      0.22558700     -0.73450600      0.46628400      0.49303000      0.00806900      0.03422600     -0.04936600     -0.68247600      0.95388500     -2.76052000      0.40771800
     0.06361200      0.02257600      0.36247800     -0.58075900      0.00114000     -0.81410200     -0.49708300     -0.79244400      0.35343100     -0.64401100      0.60993000      0.46180300      0.01295700      0.06094100     -0.10413100     -0.21305600     -0.69909100     -1.24315500      0.47168200     -0.14568500      0.04842200      0.33509500      0.28862500     -0.71002300      0.64230400      0.26333000      0.70374900      0.65979400     -0.92083100     -0.02040800      0.38925200     -0.00640600      0.05739300     -0.02190600      0.47025100      0.25644300      0.31445200     -1.40204600      0.02190300      0.04261300     -0.01334000     -0.28376800      0.68552000      0.67047500     -0.24688800     -0.72787700      0.63971800      0.92656400      0.01599900      0.37579500     -0.00321500      0.02894500     -0.01075600      0.46552900      0.26210700      0.31746300     -0.81739400      0.06902800      0.03566100     -0.05945700     -0.56350900     -0.01527700     -0.82596700     -0.39942300     -0.87015600      0.28859700     -0.72313000      0.49253800      0.48423900      0.00577800      0.02494200     -0.04788100     -0.35461900     -0.73991100     -1.44761800      0.43368100
     0.06397200      0.02462600      0.35829400     -0.60072800     -0.02975700     -0.79892800     -0.50408700     -0.76154500      0.40733000     -0.61979900      0.64745700      0.44348100     -0.00521600      0.04378900     -0.10089000     -1.61842600      0.07394000     -0.71172700      0.49556800     -0.14579800      0.05020500      0.33447500      0.25144100     -0.73339900      0.63158000      0.29330600      0.67949500      0.67245200     -0.92262600      0.01708000      0.38513900      0.00893000      0.03227100     -0.00950500     -0.37097600      0.48368200      0.47067900     -1.40199300      0.02184300      0.04350600     -0.01363700     -0.24879400      0.70869000      0.66019600     -0.27782200     -0.70520300      0.65230500      0.92785500     -0.02112700      0.37234000      0.00440400      0.01683400     -0.00424400      0.07033600      0.06269300      0.40376900     -0.83013000      0.06921200      0.03667600     -0.06150600     -0.57830600     -0.05185500     -0.81416900     -0.40705400     -0.84653700      0.34304800     -0.70701400      0.52979700      0.46845000      0.00380600      0.01998300     -0.05165500     -0.16708800     -0.22313400     -1.40790400      0.46552200
     0.06398400      0.02535800      0.35630000     -0.61187800     -0.02742700     -0.79050500     -0.52126500     -0.73770500      0.42900500     -0.59417100      0.67459300      0.43807800     -0.00743300      0.03825500     -0.10528000     -1.46696900      0.59640300     -0.70072100      0.50866800     -0.14552600      0.05071200      0.33432400      0.23729600     -0.74684400      0.62121300      0.30723700      0.66424800      0.68140600     -0.92182000      0.03009700      0.38627100      0.02285800      0.01913100     -0.00429900      0.08649900     -0.38394600      1.12081800     -1.40198300      0.02197300      0.04376800     -0.01371100     -0.23252200      0.72297800      0.65056600     -0.28998600     -0.69001100      0.66316800      0.92835400     -0.03445400      0.37009700      0.01145600      0.00890200     -0.00256100      0.48548500     -1.08319700      2.66133400     -0.83404900      0.06922300      0.03706500     -0.06254200     -0.58986700     -0.05112500     -0.80588000     -0.43045500     -0.82446400      0.36737700     -0.68320200      0.56359900      0.46431700      0.00262700      0.01707600     -0.05393100     -4.71112300      1.99253400      1.16587000      0.48299400
     0.06374200      0.02624400      0.35202400     -0.63278100     -0.00265400     -0.77435500     -0.56388700     -0.68379200      0.46306700     -0.52994600      0.72967100      0.43216300     -0.00202100      0.00926200     -0.11117900     -4.28623300      2.69878700      1.75806200      0.52114900     -0.14413600      0.05116300      0.33411500      0.21651900     -0.76368300      0.60819400      0.32364400      0.64378600      0.69334600     -0.92129300      0.04766900      0.38575800      0.04958300      0.00269400     -0.00253600      0.91275300      1.09231100      1.01298500     -1.40186800      0.02263900      0.04400400     -0.01381100     -0.21721700      0.73932700      0.63734700     -0.30335100     -0.67173500      0.67583100      0.92778900     -0.04653800      0.37018800      0.01863000      0.00065500     -0.00120800     -0.17892300      0.02562700      0.39722200     -0.83715200      0.06910200      0.03752400     -0.06467300     -0.61358800     -0.03424600     -0.78888200     -0.47676700     -0.78032600      0.40470100     -0.62944500      0.62443400      0.46247200     -0.00668100      0.01160400     -0.05883600     -0.19200400      0.34294800     -0.43522900      0.51157000
     0.06327500      0.02627000      0.34757600     -0.63894800      0.02822100     -0.76876100     -0.60166900     -0.64104800      0.47647000     -0.47857800      0.76694300      0.42753800     -0.00640500     -0.00135600     -0.12101900     -0.28671900      0.03654500     -0.16137800      0.52237700     -0.14220300      0.05085300      0.33380700      0.19552500     -0.77497000      0.60098400      0.33773700      0.62843000      0.70067300     -0.92090200      0.06694300      0.38382400      0.05131500     -0.01274600     -0.01346000     -0.20721700      0.09660100      0.42110400     -1.40217600      0.02362200      0.04386900     -0.01395200     -0.19261200      0.75216800      0.63019300     -0.32174900     -0.65512400      0.68358500      0.92702600     -0.07109700      0.36819400      0.02571300     -0.00694100     -0.00714800     -0.36490500      0.36511800      0.34632600     -0.83845800      0.06886600      0.03753600     -0.06694200     -0.62486800      0.00002900     -0.78073000     -0.52391600     -0.74141900      0.41929500     -0.57883700      0.67104100      0.46330400     -0.00338100     -0.00132300     -0.06101600     -0.30981200      0.00114900     -0.16294600      0.52038800
     0.06247500      0.02567100      0.34320700     -0.63604800      0.07160400     -0.76834900     -0.64340700     -0.59893500      0.47673500     -0.42527000      0.79749800      0.42798400     -0.02271600     -0.01272000     -0.11558000      0.18940000      0.12006100     -0.29883400      0.52193400     -0.14005800      0.05012500      0.33310200      0.14659500     -0.79217500      0.59241800      0.35993700      0.60044500      0.71403500     -0.92151800      0.10954800      0.37238100      0.05246500     -0.02049800     -0.01915700     -0.20269300      0.82788700      0.62080700     -1.40224100      0.02467100      0.04350700     -0.01430100     -0.14626600      0.76954000      0.62162000     -0.34335400     -0.62880600      0.69764500      0.92774600     -0.11139400      0.35619800      0.02570500     -0.00532400     -0.01412900      3.17700100      4.06547700      2.25215100     -0.84645900      0.06847100      0.03723300     -0.06909100     -0.62719800      0.04327800     -0.77765500     -0.57099000     -0.70460800      0.42130400     -0.52970900      0.70827500      0.46664000     -0.01227900     -0.01240500     -0.05410600      0.14614300      0.18642500     -0.31794400      0.52169400
     0.06191300      0.02525900      0.34112800     -0.63746900      0.09277200     -0.76490000     -0.65958000     -0.57886600      0.47941700     -0.39751100      0.81001000      0.43115600     -0.03677300     -0.01843900     -0.10465100      0.05168400      0.22410600     -0.28199400      0.52079800     -0.13898900      0.04982900      0.33267700      0.10253600     -0.80085200      0.59001300      0.37691700      0.58008100      0.72206200     -0.92062700      0.14934800      0.36056200      0.06510000     -0.01970500     -0.01987600     -0.00803500      3.41790800     -1.04106400     -1.40222300      0.02522600      0.04334600     -0.01452500     -0.10347600      0.78053900      0.61648100     -0.36124200     -0.60697700      0.70787100      0.92671200     -0.14945100      0.34477100      0.02647800     -0.01068200     -0.01024000      3.15689000      4.61007100      2.72091600     -0.84580600      0.06817800      0.03701400     -0.07018000     -0.63154200      0.06388700     -0.77270400     -0.58937200     -0.68709900      0.42489300     -0.50377900      0.72374800      0.47158600     -0.01837700     -0.00937500     -0.05244000      0.05517900      0.22424600     -0.27992000      0.52120400
     0.06051500      0.02450900      0.33737100     -0.63854000      0.12073000     -0.76009000     -0.67927700     -0.55269100      0.48279200     -0.36101900      0.82444300      0.43587500     -0.03445700     -0.01888200     -0.08903500     -1.12723300      0.85325900      0.55497100      0.51614900     -0.13673300      0.04942700      0.33183900      0.00691100     -0.80214900      0.59707600      0.40120800      0.54903800      0.73316000     -0.91590800      0.23548300      0.32484400      0.05095300     -0.00494900     -0.02402700     -0.30969900      0.59182900      0.20707800     -1.40213300      0.02636000      0.04312800     -0.01495100     -0.00306000      0.78159000      0.62378400     -0.38405500     -0.57686700      0.72091900      0.92330400     -0.23736200      0.30193800      0.03161500     -0.00115800     -0.01165800     -0.21833500      1.07936000      0.01971200     -0.84646000      0.06748500      0.03662900     -0.07204000     -0.63614500      0.09008800     -0.76629100     -0.61130700     -0.66481800      0.42932500     -0.47076800      0.74155200      0.47799200     -0.01692600     -0.00905400     -0.04404900     -4.07506400      2.71521300      2.23298800      0.51614300
     0.05933500      0.02368400      0.33450100     -0.63375300      0.14700700     -0.75946800     -0.70173900     -0.52239800      0.48439100     -0.32475300      0.83974900      0.43518200     -0.01682400     -0.01823400     -0.07072500     -0.03244200     -0.19348600     -0.00468700      0.51648000     -0.13469100      0.04979200      0.33053200     -0.05875700     -0.79257500      0.60693000      0.42798000      0.52915900      0.73263800     -0.90173700      0.30378600      0.30732300      0.04675300      0.02785700     -0.04764300      0.11503700      0.10478400     -0.02221500     -1.40207400      0.02738100      0.04330400     -0.01559100      0.06332900      0.77212400      0.63230700     -0.41132600     -0.55706900      0.72144600      0.90928500     -0.30577300      0.28231700      0.01792800      0.00747700     -0.02002700      0.17652700     -0.01130300      0.05538800     -0.84727600      0.06688500      0.03620600     -0.07349100     -0.63478400      0.11809900     -0.76361000     -0.63848900     -0.63675300      0.43229200     -0.43517900      0.76196900      0.47960500     -0.01558200     -0.01242800     -0.02979100     -0.19322400     -0.16858900     -0.03818000      0.51353000
     0.05900600      0.02317500      0.33341400     -0.62144700      0.16316400     -0.76630700     -0.72332800     -0.49533100      0.48105700     -0.30031800      0.85304000      0.42680200     -0.01517800     -0.02141200     -0.05587500     -0.48070400     -0.23269700      0.32345400      0.51652300     -0.13389700      0.05016600      0.32965800     -0.08147600     -0.78289400      0.61678900      0.43955200      0.52707500      0.72726900     -0.89434500      0.33133800      0.30037500      0.03466800      0.02384500     -0.04941100      0.13167800      0.16659500     -0.10795600     -1.40272500      0.02778200      0.04349500     -0.01602600      0.08593700      0.76227800      0.64151800     -0.42328000     -0.55496400      0.71613400      0.90191300     -0.33308400      0.27496500      0.01737500      0.01174400     -0.02483500      0.19679900      0.30573300     -0.25430000     -0.84760200      0.06671800      0.03594900     -0.07404300     -0.62458500      0.13603900     -0.76901600     -0.66298000     -0.61278300      0.43006200     -0.41273500      0.77845300      0.47292600     -0.00154700     -0.01755400     -0.02455800     -1.44990600     -0.14628800      1.30180900      0.51369300
     0.05893600      0.02219600      0.33175500     -0.58710600      0.16186300     -0.79319100     -0.76002800     -0.44759900      0.47115300     -0.27804500      0.87926300      0.38680100      0.01618800     -0.02435400     -0.03868400     -0.39578300     -1.18819600      0.46628400      0.51648900     -0.13290700      0.05099500      0.32753600     -0.12387600     -0.76067800      0.63719300      0.45951000      0.52505000      0.71631500     -0.87926700      0.38247300      0.28366900      0.02151500      0.02780800     -0.06121300      0.05197600      0.57854300     -0.29101400     -1.40270300      0.02828100      0.04391000     -0.01708100      0.12806400      0.73994800      0.66036000     -0.44371000     -0.55274000      0.70540600      0.88697200     -0.38334600      0.25753600      0.00468300      0.01217000     -0.03126400      0.10443900      1.11970800     -0.59792300     -0.84743900      0.06667100      0.03545900     -0.07488100     -0.59024000      0.14148700     -0.79473000     -0.70535700     -0.56915100      0.42253600     -0.39253900      0.80996700      0.43573500      0.00166400     -0.00997100     -0.01785000     -0.54910800     -2.45400500      1.90296400      0.51369300
     0.05987000      0.02127100      0.33067800     -0.55061100      0.15751100     -0.81979400     -0.80082400     -0.37691800      0.46538600     -0.23501300      0.91256300      0.33470000      0.03346800     -0.02607200     -0.02103500     -5.01643100      1.51838700      1.98460700      0.51902500     -0.13257600      0.05248300      0.32504000     -0.14556400     -0.73726700      0.65972700      0.47860000      0.53102100      0.69920800     -0.86562900      0.41843600      0.27470100      0.00624000      0.04682200     -0.06164900     -0.25770800      1.83153200     -2.65949700     -1.40227700      0.02845300      0.04461000     -0.01832000      0.14993300      0.71830300      0.67938200     -0.46259300     -0.55633000      0.69029200      0.87380000     -0.41777500      0.24886900     -0.00302700      0.02235200     -0.03102200      1.26275500      1.51744900      0.03595000     -0.85429800      0.06713300      0.03499900     -0.07542300     -0.55326900      0.13959000     -0.82122200     -0.75191400     -0.50796600      0.42023100     -0.35849300      0.84999000      0.38600200      0.01708300     -0.01225900     -0.00982400     -0.63351600     -1.72794400      0.75076000      0.51532600
     0.06165800      0.02044600      0.33006200     -0.51973700      0.14912500     -0.84123700     -0.83264000     -0.30895900      0.45959300     -0.19073100      0.93913200      0.28579700      0.05215600     -0.01698900     -0.01158200     -5.11912500      1.33035900      1.90086600      0.51948400     -0.13296900      0.05412500      0.32272200     -0.16653700     -0.71189000      0.68225400      0.49887600      0.53587600      0.68109700     -0.85024000      0.45466500      0.26501700     -0.01850300      0.04272300     -0.06207200      0.24819500      0.58919500     -0.58143000     -1.40238100      0.02826700      0.04545900     -0.01949600      0.17188600      0.69021300      0.70289400     -0.48330500     -0.56265800      0.67069400      0.85841100     -0.45499600      0.23687000     -0.01544600      0.02068800     -0.03089500      0.50096700      0.72094200     -0.35470000     -0.86197200      0.06802100      0.03458400     -0.07573400     -0.52123800      0.13757200     -0.84224900     -0.79223100     -0.44494100      0.41760700     -0.31730000      0.88492900      0.34090900      0.02625900     -0.00809200     -0.00545900     -0.49888900     -1.25594800      0.28739700      0.51695900
     0.06272500      0.02020200      0.32993100     -0.50393200      0.14979600     -0.85068100     -0.84724800     -0.27738000      0.45299300     -0.16748400      0.94883100      0.26775900      0.05525100     -0.00943200     -0.00457600     -0.74098500     -0.79149500      0.61203500      0.51987300     -0.13342400      0.05489400      0.32158200     -0.17675200     -0.69585100      0.69608900      0.50933100      0.54038900      0.66969900     -0.84192800      0.47376600      0.25800200     -0.03125500      0.04367200     -0.06001800      0.14931100      0.49025700     -0.62462800     -1.40227200      0.02804500      0.04583900     -0.02007000      0.18254100      0.67377100      0.71603800     -0.49396600     -0.56684100      0.65930800      0.85010300     -0.47405000      0.22934800     -0.00852800      0.01639000     -0.02678200      0.11850500      0.50068700     -0.62953400     -0.85740000      0.06855300      0.03445800     -0.07580400     -0.50518700      0.14333500     -0.85102200     -0.81271500     -0.41073300      0.41326800     -0.29030800      0.90041700      0.32398800      0.02777700     -0.00438100     -0.00199800     -1.86581400     -0.43982700      0.79926400      0.51728500
     0.06521200      0.02008300      0.33000800     -0.47161000      0.15523900     -0.86806100     -0.87107300     -0.23525500      0.43111400     -0.13670900      0.95927100      0.24725800      0.07333500     -0.00068000      0.00441500     -0.03872200     -0.52083600      0.87320600      0.51944500     -0.13475600      0.05655900      0.31951700     -0.17346800     -0.65596300      0.73458400      0.52260800      0.57078400      0.63326200     -0.83444800      0.49455400      0.24284900     -0.03240200      0.05297800     -0.05274500      0.35644100      0.33742800     -1.07531000     -1.40207700      0.02738000      0.04665900     -0.02111200      0.18128300      0.63269500      0.75288200     -0.50677100     -0.59599400      0.62287500      0.84280300     -0.49445600      0.21258800     -0.02166700      0.02040200     -0.02237900      0.35808500      0.52767800     -1.78356300     -0.86082900      0.06976400      0.03439800     -0.07576700     -0.47426600      0.15322000     -0.86694500     -0.84098900     -0.37011400      0.39465400     -0.26040000      0.91626300      0.30438900      0.03692000      0.00027700      0.00273800     -0.40972700     -0.18269500      0.83767100      0.51728600
     0.06818300      0.02039700      0.33045600     -0.44072200      0.17071400     -0.88128700     -0.89287300     -0.18460100      0.41069700     -0.09203300      0.96767100      0.23488400      0.07814600      0.01272900      0.01640000     -1.46072100      0.43815600      0.80180900      0.51203300     -0.13626800      0.05833900      0.31821000     -0.19142200     -0.60515800      0.77274300      0.55562300      0.58208100      0.59363100     -0.80878200      0.54372600      0.22382000     -0.04375600      0.04560600     -0.02505000      0.23348700      0.63337200     -0.82471900     -1.40248700      0.02663000      0.04753900     -0.02178600      0.19857100      0.58080000      0.78945500     -0.54136800     -0.60646200      0.58234200      0.81700000     -0.54302300      0.19400100     -0.02198400      0.02380500     -0.01172900      0.48716700      0.83652100     -0.69055200     -0.86197200      0.07127500      0.03454900     -0.07554600     -0.44456400      0.17272700     -0.87893500     -0.86863200     -0.32272800      0.37593000     -0.21872400      0.93059700      0.29351000      0.04592000      0.00493200      0.00742700     -4.87585500      1.90193500      1.90950200      0.51483600
     0.06972100      0.02072000      0.33077100     -0.43318500      0.17362500     -0.88444900     -0.89750500     -0.17326900      0.40550500     -0.08230900      0.96924300      0.23199200      0.08087800      0.02800600      0.01188500      0.03663700     -0.26485300      0.42599500      0.50754500     -0.13722500      0.05917900      0.31788800     -0.19087900     -0.58603600      0.78747600      0.56584500      0.58972600      0.57617400     -0.80179700      0.55628300      0.21802500     -0.05536000      0.03984400     -0.01226700      0.34828400      0.20087500     -1.14880200     -1.40247500      0.02615600      0.04796100     -0.02195300      0.20099000      0.56120600      0.80290000     -0.55028200     -0.61340200      0.56650400      0.81042600     -0.55568400      0.18553400     -0.02149900      0.02071500     -0.00611000      0.01252500      0.61417800     -0.77888800     -0.86360500      0.07204500      0.03470900     -0.07538300     -0.43722900      0.17760100     -0.88163800     -0.87508100     -0.31020600      0.37148800     -0.20751400      0.93393100      0.29104700      0.04658200      0.00733000      0.00934800      0.00592400     -0.15297600      0.27818500      0.50928400
     0.07275200      0.02170800      0.33159100     -0.42537500      0.19172400     -0.88450200     -0.90336600     -0.14919000      0.40205000     -0.05435300      0.96981500      0.23776300      0.08091000      0.02279400      0.02460000     -0.29173400      0.33736600      0.57476100      0.50923700     -0.13883100      0.06088100      0.31778900     -0.17689600     -0.54921100      0.81674100      0.58060200      0.61172400      0.53724100     -0.79444000      0.56990400      0.20961100     -0.03060100      0.04513900      0.00506200     -0.00945000      1.42020200     -3.32858800     -1.40270600      0.02533300      0.04882800     -0.02200600      0.18732400      0.52337400      0.83125700     -0.56598200     -0.63414000      0.52681000      0.80285300     -0.56916100      0.17743100     -0.01547500      0.02327100      0.00315200     -0.03480200      1.44268300     -3.29224300     -0.86703400      0.07359300      0.03522100     -0.07496100     -0.43177400      0.19559900     -0.88051700     -0.88378200     -0.28685300      0.36965400     -0.18027500      0.93779300      0.29672300      0.04056900      0.01172000      0.01253900     -0.23761400      0.42240400      0.64030100      0.50438600
     0.07516800      0.02289800      0.33274300     -0.41802800      0.21651300     -0.88228100     -0.90834300     -0.11435700      0.40225300     -0.01328900      0.96930000      0.24557500      0.05518700      0.03303000      0.03143600     -0.04261100      0.22266800      0.19432100      0.51276400     -0.13964600      0.06213500      0.31859900     -0.15971600     -0.48974900      0.85710400      0.60354400      0.63852100      0.47745200     -0.78089400      0.59414600      0.19250300     -0.01603200      0.03041900      0.02402200      0.17717100      0.20795300     -1.08436500     -1.40294200      0.02494000      0.04944600     -0.02161400      0.16980400      0.46289600      0.86999500     -0.59042900     -0.65904100      0.46589400      0.78902400     -0.59278200      0.16139900     -0.01420700      0.01492700      0.01243600      0.27270800      0.16119400     -1.46067000     -0.86474800      0.07476700      0.03579400     -0.07440700     -0.42760100      0.22101500     -0.87653200     -0.89306600     -0.25341400      0.37176900     -0.13995900      0.94177100      0.30574100      0.02768000      0.01673800      0.01589100     -1.31779100      0.85745900      0.81410000      0.50814100
     0.07605500      0.02357800      0.33341300     -0.41283000      0.22336800     -0.88302000     -0.91081600     -0.09785600      0.40101100      0.00367200      0.96954300      0.24494800      0.04312000      0.03995400      0.03643300     -0.12828200      0.04760100      0.07584900      0.51313000     -0.14010500      0.06255900      0.31918000     -0.15209900     -0.47277200      0.86795400      0.61830900      0.63949200      0.45681300     -0.77081200      0.60671300      0.19393900     -0.01481200      0.02156100      0.03292800      5.03342000      2.55197100     -0.12494200     -1.40348400      0.02469500      0.04967900     -0.02130000      0.16188300      0.44462000      0.88096800     -0.60431400     -0.66109600      0.44469700      0.78012600     -0.60437100      0.16167000     -0.00751200      0.01139300      0.01661500      5.06152900      2.49639900     -0.18170100     -0.86131900      0.07523000      0.03614200     -0.07406400     -0.42289900      0.22933100     -0.87667700     -0.89782300     -0.23709700      0.37107700     -0.12275800      0.94402900      0.30616700      0.02149900      0.01983300      0.01806300     -0.44909100      0.07716200      0.29183500      0.50814100
     0.07731500      0.02518500      0.33503600     -0.38890100      0.23789500     -0.89006000     -0.91981500     -0.04559800      0.38965600      0.05259000      0.96993600      0.23766500      0.03025200      0.04480600      0.03915400     -0.13554400     -0.16927000      0.39527900      0.51568200     -0.14033900      0.06311100      0.32077600     -0.13794000     -0.44189100      0.88639500      0.63422100      0.64789300      0.42181900     -0.76050000      0.62088400      0.18975000      0.01237200      0.00289000      0.04763000      0.03024000      0.10272100     -0.83719600     -1.40342700      0.02456800      0.04995600     -0.02052900      0.14941100      0.41371200      0.89806300     -0.62176000     -0.66690800      0.41066700      0.76882300     -0.61973800      0.15758600      0.00006200      0.00080500      0.02395900      0.15210000     -0.09402300     -1.04503000     -0.85397100      0.07586100      0.03693600     -0.07326700     -0.40167800      0.24712100     -0.88180700     -0.91276000     -0.18616900      0.36360400     -0.07431100      0.95093100      0.30034200      0.00865600      0.02419400      0.02080900     -1.52803800     -0.92124700      2.85370500      0.51189700
     0.07771200      0.02699100      0.33677100     -0.35482700      0.23343400     -0.90534600     -0.93094500      0.00122800      0.36511800      0.08677800      0.97209500      0.21800900      0.00288100      0.04048400      0.05093800     -0.15003000     -1.60142200      2.40093100      0.51583600     -0.13992400      0.06335800      0.32254400     -0.12305400     -0.41951600      0.89936400      0.64797800      0.65234100      0.39307700     -0.75142600      0.63163700      0.19041200      0.01182900      0.00695400      0.05029000     -0.04403400      0.10942800     -0.53300300     -1.40362600      0.02478100      0.05008000     -0.01963300      0.13325200      0.39024800      0.91101500     -0.63660700     -0.67080400      0.38046400      0.75958800     -0.63065700      0.15904900      0.00592200      0.00319300      0.02495100     -0.06844100      0.16783500     -0.52177800     -0.86213500      0.07607800      0.03785900     -0.07238200     -0.36858300      0.24880800     -0.89567800     -0.92875600     -0.13946200      0.34345400     -0.03945900      0.95845900      0.28248600      0.00202300      0.02561400      0.02128100     -0.16357300     -0.18146600      0.24868000      0.51238700
     0.07765800      0.02884800      0.33825500     -0.31703400      0.21417000     -0.92394100     -0.93926200      0.06416700      0.33710700      0.13187300      0.97443500      0.18197100     -0.01054200      0.05661600      0.02853500     -5.27061200      0.80379800      1.86767600      0.50516400     -0.13890300      0.06356100      0.32480000     -0.09899700     -0.39585700      0.91295600      0.66298400      0.65784100      0.35725600     -0.74186500      0.64111100      0.19615400      0.03662000      0.00502100      0.06160700      0.05146200      1.05910500     -3.00371900     -1.40361700      0.02528300      0.05018100     -0.01850900      0.11311900      0.36818300      0.92284500     -0.65076100     -0.67440600      0.34883200      0.75080800     -0.64001200      0.16331100      0.01823800      0.00289700      0.03108100      0.05219300     -0.27167900     -0.51793700     -0.86670800      0.07606000      0.03879500     -0.07162100     -0.32760200      0.23353700     -0.91549800     -0.94481500     -0.08144900      0.31731600     -0.00046100      0.96893000      0.24733200      0.00053100      0.02120200      0.01729100     -0.34377900     -2.20623300      2.44409500      0.50650800
     0.07744600      0.02979400      0.33887200     -0.30608800      0.20470400     -0.92975900     -0.93873100      0.09765000      0.33048400      0.15881700      0.97370100      0.16343300     -0.01103800      0.05492200      0.02689500     -5.30687200      1.01093600      1.20673300      0.50330400     -0.13818400      0.06367500      0.32604300     -0.08135400     -0.38081300      0.92106100      0.66704700      0.66575300      0.33429800     -0.74039000      0.64203800      0.19868000      0.03620500      0.00741100      0.06306500     -0.01678200      1.36588200     -3.01030000     -1.40327000      0.02564200      0.05023900     -0.01788700      0.09351900      0.35297300      0.93094700     -0.65595700     -0.68157000      0.32431500      0.74898100     -0.64099200      0.16779600      0.01801900      0.00417300      0.03185600      0.23117600     -0.64875500     -0.78470500     -0.86866700      0.07595400      0.03926500     -0.07131300     -0.31500800      0.22550700     -0.92190800     -0.94871500     -0.04757400      0.31253000      0.02661900      0.97307800      0.22892800     -0.00656900      0.02097100      0.01669500     -0.28427400     -0.88677000      0.18104100      0.50030300
     0.07669800      0.03170000      0.34001800     -0.28403200      0.18839800     -0.94014800     -0.92949800      0.18653100      0.31813800      0.23565000      0.96399800      0.12330800     -0.02490300      0.05451400      0.02560100     -5.37582300      0.91282900      0.89051100      0.50592600     -0.13650000      0.06366000      0.32875900     -0.04584600     -0.34512900      0.93743100      0.68689800      0.67038100      0.28052600     -0.72518400      0.65718400      0.20513500      0.05090600     -0.01275800      0.07785600      0.02078000     -0.15962700     -0.97873100     -1.40376900      0.02647800      0.05024400     -0.01653000      0.05785700      0.31390500      0.94768900     -0.67694900     -0.68536800      0.26834400      0.73375100     -0.65706400      0.17284400      0.01864800     -0.00167000      0.03515800      0.07825200      0.27721700     -1.77079500     -0.86491100      0.07558400      0.04021600     -0.07074200     -0.29079900      0.21291300     -0.93279200     -0.95102800      0.04245200      0.30617400      0.10478800      0.97614800      0.19014100     -0.01260200      0.02692700      0.01252100     -0.26055900     -0.96407200      0.12135500      0.49834400
     0.07566500      0.03358100      0.34109300     -0.25856600      0.15696500     -0.95317900     -0.91671900      0.27125300      0.29328900      0.30490500      0.94944300      0.07494500     -0.02700400      0.04063200      0.03103600     -0.28374500     -1.07902200      0.26954400      0.50720600     -0.13485500      0.06345200      0.33160300     -0.02421000     -0.31261500      0.94956700      0.70392000      0.66905100      0.23833100     -0.70977300      0.67455200      0.20264500      0.03681800     -0.00062800      0.07175800     -0.12033200      0.20943200     -0.88204100     -1.40365600      0.02730600      0.05013600     -0.01510600      0.03646800      0.28106000      0.95899600     -0.69474300     -0.68266500      0.22649200      0.71833200     -0.67451600      0.17036900      0.01920700     -0.00648700      0.03921400     -0.15268900      0.22608400     -0.92671600     -0.85887000      0.07506800      0.04116000     -0.07020800     -0.25961300      0.18861100     -0.94711400     -0.94843700      0.13487500      0.28683500      0.18184200      0.97274500      0.14387100     -0.01298500      0.02541700      0.01113300     -0.35802200     -1.08544000      0.24773500      0.49932400
     0.07510100      0.03436900      0.34165500     -0.24273600      0.14120300     -0.95978400     -0.90794700      0.31535200      0.27596500      0.34193400      0.93825000      0.05285400     -0.02756000      0.03872900      0.02935900     -1.77953500     -0.67561200      1.26802300      0.50765100     -0.13423100      0.06336500      0.33304800     -0.02027200     -0.29638500      0.95484900      0.71869800      0.65951900      0.22009400     -0.69493900      0.69105100      0.19842200      0.02465200     -0.00169300      0.07190600      1.58108000      0.76402400     -1.24307600     -1.40359300      0.02763200      0.05009400     -0.01435600      0.03462500      0.26398700      0.96390400     -0.70891100     -0.67334600      0.20987700      0.70444600     -0.69059000      0.16382900      0.01226100     -0.00081200      0.03593900      1.56019600      0.91375200     -1.23296300     -0.85609400      0.07478600      0.04155500     -0.06992700     -0.24402900      0.17402400     -0.95402500     -0.94475500      0.17932900      0.27437000      0.21883100      0.96827500      0.12064900     -0.01363500      0.01930800      0.01489100     -5.68337800     -0.72643200      3.30819400      0.49997700
     0.07407600      0.03572100      0.34281200     -0.21614200      0.11422800     -0.96968000     -0.88646700      0.39329100      0.24386900      0.40948700      0.91216400      0.01746100     -0.01543400      0.03334700      0.02531100     -1.63890300     -0.12998900      0.74318000      0.51709800     -0.13309400      0.06324400      0.33572300     -0.02121800     -0.26405700      0.96426900      0.73729500      0.64719400      0.19357100     -0.67514800      0.71535800      0.17972500      0.02350800      0.00548200      0.06129400     -0.03228200      0.29310900     -0.35938400     -1.40343500      0.02819000      0.05003900     -0.01303600      0.03454300      0.23165900      0.97218300     -0.72879400     -0.65979200      0.18311600      0.68386000     -0.71484700      0.14604000      0.01173600      0.00261300      0.03056200      0.29708500      0.38234600     -0.26850400     -0.85511400      0.07426300      0.04224500     -0.06933700     -0.21289900      0.15074300     -0.96537500     -0.93279000      0.26272200      0.24673700      0.29081900      0.95302200      0.08467900     -0.00780200      0.01651400      0.01254300     -1.63068300     -0.06229900      0.77005900      0.50912100
     0.07319800      0.03661200      0.34385800     -0.19590400      0.09410300     -0.97612100     -0.87707500      0.42837500      0.21726900      0.43883100      0.89858500     -0.00016900     -0.01965900      0.01449200      0.02709500     -1.65654000      0.05469500      0.47534400      0.51733600     -0.13229800      0.06356100      0.33801300     -0.01999900     -0.23760400      0.97115200      0.75329300      0.63501500      0.17099500     -0.65729200      0.73524800      0.16504700      0.01169300      0.00209500      0.05971900     -0.06917600      0.46877600     -1.06199100     -1.40390300      0.02859200      0.05019900     -0.01189100      0.03486800      0.20547500      0.97804000     -0.74505300     -0.64691400      0.16247100      0.66609200     -0.73435700      0.13053300      0.01090300      0.00744500      0.02610300      0.04483200      1.62315700     -2.81732500     -0.85495100      0.07382600      0.04269700     -0.06881000     -0.18970600      0.13427800     -0.97261500     -0.92760000      0.30018200      0.22236900      0.32182100      0.94438300      0.06761000     -0.00996500      0.00692300      0.01331000     -1.66859400      0.05931900      0.46625900      0.51353000
     0.07275900      0.03682000      0.34441500     -0.18627400      0.08953900     -0.97843300     -0.87127400      0.44518100      0.20655900      0.45430200      0.89085500     -0.00369400     -0.02171500      0.00178800      0.03383600     -1.64838100      0.24196200      0.57453800      0.51799800     -0.13189000      0.06380200      0.33896400     -0.01619600     -0.22165500      0.97498600      0.76024400      0.63055200      0.15609700     -0.64935100      0.74400200      0.15705700      0.02271000      0.00972500      0.04862000     -0.08965000      0.06399600     -0.32679600     -1.40374600      0.02879100      0.05032400     -0.01140600      0.03014900      0.18859500      0.98159100     -0.75247300     -0.64212500      0.14648400      0.65793100     -0.74303800      0.12255300      0.01135600      0.00470300      0.02420600     -0.08425000      0.07191000     -0.36786000     -0.85560400      0.07361400      0.04279800     -0.06854700     -0.18025300      0.13085900     -0.97487600     -0.92408800      0.31703600      0.21341800      0.33699900      0.93934200      0.06377800     -0.01007600      0.00636500      0.01283600     -5.37666700      1.10404800      0.63990500      0.51402000
     0.07187600      0.03682500      0.34548400     -0.14734300      0.09936400     -0.98410500     -0.85899100      0.48037000      0.17705900      0.49050700      0.87130900      0.01579900     -0.01247500     -0.01053400      0.02469200      0.15101500      0.79721300      0.92682300      0.52134200     -0.13135900      0.06436300      0.34030100     -0.00533800     -0.19819200      0.98014400      0.77130800      0.62293200      0.13027900     -0.63637100      0.75690400      0.14829400      0.00919700      0.01932700      0.02606000     -0.04987600      0.14476800     -0.26378800     -1.40338000      0.02906100      0.05059900     -0.01073600      0.01917900      0.16536200      0.98604600     -0.76406700     -0.63366200      0.12112800      0.64485000     -0.75572900      0.11419500      0.00549700      0.00325800      0.01630200     -0.08120000      0.07817700     -0.08374600     -0.86295200      0.07318100      0.04281400     -0.06801300     -0.14471100      0.14478500     -0.97882300     -0.91492000      0.35713100      0.18808900      0.37680100      0.92276400      0.08078600     -0.01279300     -0.00422500      0.01293900      0.12309300      0.68146300      0.81211200      0.51810200
