     0.17232400      0.00047700      0.38567200     -0.78458800      0.17393900     -0.59515700     -0.42495200     -0.84982300      0.31175300     -0.45058100      0.49729000      0.74142200      0.00017500     -0.01098700      0.00885700     -0.03574800      0.01048100     -0.01958700      0.52089100     -0.20222100     -0.03836600      0.34410500     -0.91416800     -0.27659000      0.29628900      0.35546100     -0.89814100      0.25869600      0.19570200      0.34216600      0.91895900      0.00001600      0.00014900      0.00014600      0.00000000      0.00000000      0.00000000      0.53443700      0.02624900      0.02554400     -0.00928700      0.87182200      0.25786900      0.41644600     -0.31983500      0.94362900      0.08526000     -0.37098500     -0.20752600      0.90515300      0.00011200      0.00104600      0.00102100     -0.00013100     -0.00002900     -0.00025000     -0.23477300      0.08776000      0.03847200     -0.03225100      0.82279000     -0.05209300     -0.56595200      0.28499700      0.89936100      0.33155100      0.49172400     -0.43409200      0.75483100     -0.00651800      0.00109000      0.00089200     -0.00099500      0.01472500     -0.02953700     -0.21588900
     0.17227500      0.00046200      0.38568800     -0.78459400      0.17393900     -0.59515000     -0.42497200     -0.84979700      0.31179500     -0.45055200      0.49733300      0.74141100     -0.00000000     -0.00000000     -0.00000000      0.00000000      0.00000000      0.00000000      0.52008600     -0.20222200     -0.03837200      0.34409900     -0.91421900     -0.27650600      0.29620800      0.35535500     -0.89817600      0.25872300      0.19565300      0.34214300      0.91897800     -0.00000300     -0.00002500     -0.00002500      0.01257400     -0.08761200      0.17809000      0.53445800      0.02624900      0.02554400     -0.00928700      0.87182200      0.25786900      0.41644600     -0.31983500      0.94362900      0.08526000     -0.37098500     -0.20752600      0.90515300      0.00011200      0.00104600      0.00102100     -0.00013100     -0.00002900     -0.00025000     -0.23477300      0.08776000      0.03847200     -0.03225100      0.82279000     -0.05209300     -0.56595200      0.28499700      0.89936100      0.33155100      0.49172400     -0.43409200      0.75483100     -0.00651800      0.00109000      0.00089200     -0.00099500      0.01472500     -0.02953700     -0.21588900
     0.17227500      0.00047000      0.38569300     -0.78458200      0.17395100     -0.59516200     -0.42498700     -0.84979400      0.31178200     -0.45055900      0.49733400      0.74140600      0.00000100      0.00001800      0.00001200      0.00613800     -0.08345200      0.18043300      0.52072900     -0.20222200     -0.03837200      0.34409900     -0.91421900     -0.27650600      0.29620800      0.35535500     -0.89817600      0.25872300      0.19565300      0.34214300      0.91897800     -0.00000000     -0.00000000     -0.00000000     -1.62373900     -1.41825600     -5.03761800      0.53446100      0.02624900      0.02554400     -0.00928700      0.87182200      0.25786900      0.41644600     -0.31983500      0.94362900      0.08526000     -0.37098500     -0.20752600      0.90515300      0.00011200      0.00104600      0.00102100     -0.00013100     -0.00002900     -0.00025000     -0.23477300      0.08776000      0.03847200     -0.03225100      0.82279000     -0.05209300     -0.56595200      0.28499700      0.89936100      0.33155100      0.49172400     -0.43409200      0.75483100     -0.00651800      0.00109000      0.00089200     -0.00099500      0.01472500     -0.02953700     -0.21588900
     0.17228400      0.00047000      0.38568100     -0.78465600      0.17387700     -0.59508700     -0.42488400     -0.84982600      0.31183600     -0.45052700      0.49730600      0.74144400     -0.00000200     -0.00003500     -0.00002200      0.00613800     -0.08345600      0.18043100      0.52065900     -0.20222200     -0.03835800      0.34409800     -0.91585500     -0.27106400      0.29618300      0.34999400     -0.90028300      0.25870600      0.19766900      0.34094800      0.91899100      0.00000700      0.00006700      0.00006600      0.00000000      0.00000000      0.00000000      0.53460000      0.02624900      0.02554400     -0.00928700      0.87182200      0.25786900      0.41644600     -0.31983500      0.94362900      0.08526000     -0.37098500     -0.20752600      0.90515300      0.00011200      0.00104600      0.00102100     -0.00013100     -0.00002900     -0.00025000     -0.23477300      0.08776000      0.03847200     -0.03225100      0.82279000     -0.05209300     -0.56595200      0.28499700      0.89936100      0.33155100      0.49172400     -0.43409200      0.75483100     -0.00651800      0.00109000      0.00089200     -0.00099500      0.01472500     -0.02953700     -0.21588900
     0.17228400      0.00046200      0.38568800     -0.78466600      0.17386800     -0.59507600     -0.42488500     -0.84981500      0.31186500     -0.45051000      0.49732800      0.74144000     -0.00000000     -0.00000100     -0.00000000      0.00613800     -0.08345200      0.18043300      0.52018300     -0.20223300     -0.03836600      0.34410600     -0.91583900     -0.27109000      0.29621000      0.35003200     -0.90026300      0.25872200      0.19767700      0.34098000      0.91897800      0.00000000      0.00000100      0.00000100      0.00000000      0.00000000      0.00000000      0.53443500      0.02624900      0.02554400     -0.00928700      0.87182200      0.25786900      0.41644600     -0.31983500      0.94362900      0.08526000     -0.37098500     -0.20752600      0.90515300      0.00011200      0.00104600      0.00102100     -0.00013100     -0.00002900     -0.00025000     -0.23477300      0.08776000      0.03847200     -0.03225100      0.82279000     -0.05209300     -0.56595200      0.28499700      0.89936100      0.33155100      0.49172400     -0.43409200      0.75483100     -0.00651800      0.00109000      0.00089200     -0.00099500      0.01472500     -0.02953700     -0.21588900
     0.17230500      0.00044700      0.38570100     -0.78465600      0.17387800     -0.59508600     -0.42492000     -0.84978600      0.31189500     -0.45049200      0.49737300      0.74142000     -0.00000000     -0.00000000     -0.00000000      0.00000000      0.00000000      0.00000000      0.51977700     -0.20218600     -0.03834800      0.34412100     -0.91584500     -0.27108200      0.29619900      0.35002100     -0.90026700      0.25872500      0.19767000      0.34097600      0.91898000      0.00005600      0.00052400      0.00051100      0.00000000      0.00000000      0.00000000      0.53445200      0.02624900      0.02554400     -0.00928700      0.87182200      0.25786900      0.41644600     -0.31983500      0.94362900      0.08526000     -0.37098500     -0.20752600      0.90515300      0.00011200      0.00104600      0.00102100     -0.00013100     -0.00002900     -0.00025000     -0.23477300      0.08776000      0.03847200     -0.03225100      0.82279000     -0.05209300     -0.56595200      0.28499700      0.89936100      0.33155100      0.49172400     -0.43409200      0.75483100     -0.00651800      0.00109000      0.00089200     -0.00099500      0.01472500     -0.02953700     -0.21588900
     0.17229400      0.00043900      0.38569700     -0.78468300      0.17385200     -0.59505800     -0.42488800     -0.84979300      0.31192000     -0.45047600      0.49737100      0.74143200     -0.00000000     -0.00000200     -0.00000100      0.00000000      0.00000000      0.00000000      0.52056000     -0.20209600     -0.03832300      0.34412500     -0.91595700     -0.27090300      0.29601700      0.34978600     -0.90034900      0.25875800      0.19756800      0.34090200      0.91903000      0.00006200      0.00058400      0.00057000      0.00000000      0.00000000      0.00000000      0.53436600      0.02624900      0.02554400     -0.00928700      0.87182200      0.25786900      0.41644600     -0.31983500      0.94362900      0.08526000     -0.37098500     -0.20752600      0.90515300      0.00011200      0.00104600      0.00102100     -0.00013100     -0.00002900     -0.00025000     -0.23477300      0.08776000      0.03847200     -0.03225100      0.82279000     -0.05209300     -0.56595200      0.28499700      0.89936100      0.33155100      0.49172400     -0.43409200      0.75483100     -0.00651800      0.00109000      0.00089200     -0.00099500      0.01472500     -0.02953700     -0.21588900
     0.17229500      0.00043200      0.38571600     -0.78469000      0.17384700     -0.59505000     -0.42490400     -0.84976800      0.31196600     -0.45044800      0.49741500      0.74141900      0.00000500      0.00009400      0.00005900      0.00000000      0.00000000      0.00000000      0.51997900     -0.20207100     -0.03832100      0.34415500     -0.91599000     -0.27084700      0.29596600      0.34972700     -0.90035300      0.25882400      0.19752000      0.34093500      0.91902800      0.00017100      0.00161100      0.00157300      0.00182200     -0.01269400      0.02580600      0.53465200      0.02624900      0.02554400     -0.00928700      0.87182200      0.25786900      0.41644600     -0.31983500      0.94362900      0.08526000     -0.37098500     -0.20752600      0.90515300      0.00011200      0.00104600      0.00102100     -0.00013100     -0.00002900     -0.00025000     -0.23477300      0.08776000      0.03847200     -0.03225100      0.82279000     -0.05209300     -0.56595200      0.28499700      0.89936100      0.33155100      0.49172400     -0.43409200      0.75483100     -0.00651800      0.00109000      0.00089200     -0.00099500      0.01472500     -0.02953700     -0.21588900
     0.17231700      0.00037000      0.38579500     -0.78464900      0.17389600     -0.59509000     -0.42507800     -0.84962600      0.31211600     -0.45035600      0.49764000      0.74132300      0.00021800     -0.01010200      0.00942100     -0.03574800      0.01047300     -0.01959100      0.51746000     -0.20208500     -0.03825900      0.34423100     -0.91605900     -0.27073200      0.29585800      0.34958700     -0.90039000      0.25888400      0.19744700      0.34092900      0.91904600      0.00026100      0.00245300      0.00239300      0.00000000      0.00000000      0.00000000      0.53433500      0.02624900      0.02554400     -0.00928700      0.87182200      0.25786900      0.41644600     -0.31983500      0.94362900      0.08526000     -0.37098500     -0.20752600      0.90515300      0.00011200      0.00104600      0.00102100     -0.00013100     -0.00002900     -0.00025000     -0.23477300      0.08776000      0.03847200     -0.03225100      0.82279000     -0.05209300     -0.56595200      0.28499700      0.89936100      0.33155100      0.49172400     -0.43409200      0.75483100     -0.00651800      0.00109000      0.00089200     -0.00099500      0.01472500     -0.02953700     -0.21588900
     0.17231700      0.00037700      0.38578800     -0.78463900      0.17390500     -0.59510000     -0.42507700     -0.84963700      0.31208700     -0.45037400      0.49761900      0.74132700      0.00000000      0.00000000      0.00000000      0.00000000      0.00000000      0.00000000      0.51683900     -0.20207600     -0.03818500      0.34431700     -0.91610500     -0.27065500      0.29578500      0.34949500     -0.90041200      0.25893200      0.19739500      0.34093300      0.91905600      0.00021300      0.00200300      0.00195200      0.00000000      0.00000000      0.00000000      0.53436200      0.02624900      0.02554400     -0.00928700      0.87182200      0.25786900      0.41644600     -0.31983500      0.94362900      0.08526000     -0.37098500     -0.20752600      0.90515300      0.00011200      0.00104600      0.00102100     -0.00013100     -0.00002900     -0.00025000     -0.23477300      0.08776000      0.03847200     -0.03225100      0.82279000     -0.05209300     -0.56595200      0.28499700      0.89936100      0.33155100      0.49172400     -0.43409200      0.75483100     -0.00651800      0.00109000      0.00089200     -0.00099500      0.01472500     -0.02953700     -0.21588900
     0.17228800      0.00034800      0.38581700     -0.78472200      0.17383000     -0.59501300     -0.42502800     -0.84960400      0.31224300     -0.45027700      0.49770100      0.74133100      0.00001200      0.00025800      0.00016400      0.00000000      0.00000000      0.00000000      0.51599500     -0.20207000     -0.03819400      0.34439500     -0.91605900     -0.27072300      0.29586500      0.34961800     -0.90032900      0.25905500      0.19739100      0.34109700      0.91899500      0.00002500      0.00023700      0.00023100      0.00000000      0.00000000      0.00000000      0.52741100      0.02624900      0.02554400     -0.00928700      0.87182200      0.25786900      0.41644600     -0.31983500      0.94362900      0.08526000     -0.37098500     -0.20752600      0.90515300      0.00011200      0.00104600      0.00102100     -0.00013100     -0.00002900     -0.00025000     -0.23477300      0.08776000      0.03847200     -0.03225100      0.82279000     -0.05209300     -0.56595200      0.28499700      0.89936100      0.33155100      0.49172400     -0.43409200      0.75483100     -0.00651800      0.00109000      0.00089200     -0.00099500      0.01472500     -0.02953700     -0.21588900
     0.17226800      0.00035500      0.38582300     -0.78369500      0.17845900     -0.59499600     -0.43003300     -0.84707600      0.31225800     -0.44731100      0.50035600      0.74133800     -0.00017000      0.01106600     -0.00880900     -3.25251200      1.71522800      4.11661500      0.51302500     -0.20205900     -0.03819400      0.34439400     -0.91606900     -0.27070700      0.29584800      0.34959700     -0.90033500      0.25906000      0.19738100      0.34109300      0.91899900      0.01472900     -0.00089600     -0.00174200      0.00204500     -0.01520500      0.02924500      0.52023100      0.02624900      0.02554400     -0.00928700      0.87182200      0.25786900      0.41644600     -0.31983500      0.94362900      0.08526000     -0.37098500     -0.20752600      0.90515300      0.00011200      0.00104600      0.00102100     -0.00013100     -0.00002900     -0.00025000     -0.23477300      0.08776000      0.03847200     -0.03225100      0.82279000     -0.05209300     -0.56595200      0.28499700      0.89936100      0.33155100      0.49172400     -0.43409200      0.75483100     -0.00651800      0.00109000      0.00089200     -0.00099500      0.01472500     -0.02953700     -0.21588900
     0.17237500      0.00040700      0.38574500     -0.78347200      0.17865800     -0.59523000     -0.43018500     -0.84714000      0.31187400     -0.44755500      0.50017700      0.74131300      0.01290400      0.00967300     -0.01009500      0.03673200     -0.02518600      0.04914500      0.44753100     -0.20208800     -0.03824200      0.34433400     -0.91597800     -0.27085800      0.29599400      0.34978200     -0.90028400      0.25898900      0.19747700      0.34110900      0.91897300     -0.00028600     -0.00268800     -0.00262000     -0.00182200      0.01269000     -0.02580800      0.48597500      0.02624900      0.02554400     -0.00928700      0.87182200      0.25786900      0.41644600     -0.31983500      0.94362900      0.08526000     -0.37098500     -0.20752600      0.90515300      0.00011200      0.00104600      0.00102100     -0.00013100     -0.00002900     -0.00025000     -0.23477300      0.08776000      0.03847200     -0.03225100      0.82279000     -0.05209300     -0.56595200      0.28499700      0.89936100      0.33155100      0.49172400     -0.43409200      0.75483100     -0.00651800      0.00109000      0.00089200     -0.00099500      0.01472500     -0.02953700     -0.21588900
     0.17275600      0.00040000      0.38566900     -0.78292000      0.17915700     -0.59580600     -0.43077200     -0.84707000      0.31125500     -0.44795600      0.50011700      0.74111000      0.01307400     -0.00147600     -0.00134100     -0.02562200     -0.00081500      0.06264800      0.09080800     -0.20218600     -0.03832800      0.34425600     -0.91583700     -0.27108500      0.29622100      0.35007300     -0.90019100      0.25891600      0.19761400      0.34117200      0.91892000     -0.00030700     -0.00287800     -0.00280800      0.00000000      0.00000000      0.00000000      0.32811600      0.02624900      0.02554400     -0.00928700      0.87182200      0.25786900      0.41644600     -0.31983500      0.94362900      0.08526000     -0.37098500     -0.20752600      0.90515300      0.00011200      0.00104600      0.00102100     -0.00013100     -0.00002900     -0.00025000     -0.23477300      0.08776000      0.03847200     -0.03225100      0.82279000     -0.05209300     -0.56595200      0.28499700      0.89936100      0.33155100      0.49172400     -0.43409200      0.75483100     -0.00651800      0.00109000      0.00089200     -0.00099500      0.01472500     -0.02953700     -0.21588900
     0.17292400      0.00033700      0.38568300     -0.78380800      0.17466600     -0.59597200     -0.42599600     -0.84950200      0.31120100     -0.45095200      0.49758200      0.74100000     -0.00003300     -0.00070700     -0.00044900      0.00000000     -0.00000000     -0.00000000     -0.10635200     -0.20235000     -0.03839800      0.34418300     -0.91559200     -0.27148200      0.29661500      0.35057500     -0.90004000      0.25876600      0.19786200      0.34125800      0.91883500     -0.01579900      0.00612600     -0.01241500      0.03254300      0.01675800     -0.03712100      0.08590600      0.02624900      0.02554400     -0.00928700      0.87182200      0.25786900      0.41644600     -0.31983500      0.94362900      0.08526000     -0.37098500     -0.20752600      0.90515300      0.00011200      0.00104600      0.00102100     -0.00013100     -0.00002900     -0.00025000     -0.23477300      0.08776000      0.03847200     -0.03225100      0.82279000     -0.05209300     -0.56595200      0.28499700      0.89936100      0.33155100      0.49172400     -0.43409200      0.75483100     -0.00651800      0.00109000      0.00089200     -0.00099500      0.01472500     -0.02953700     -0.21588900
     0.17292400      0.00033700      0.38568300     -0.78380800      0.17466600     -0.59597200     -0.42599600     -0.84950200      0.31120100     -0.45095200      0.49758200      0.74100000     -0.00003300     -0.00070700     -0.00044900      0.00000000     -0.00000000     -0.00000000     -0.10635200     -0.20235000     -0.03839800      0.34418300     -0.91559200     -0.27148200      0.29661500      0.35057500     -0.90004000      0.25876600      0.19786200      0.34125800      0.91883500     -0.01579900      0.00612600     -0.01241500      0.03254300      0.01675800     -0.03712100      0.08590600      0.02624900      0.02554400     -0.00928700      0.87182200      0.25786900      0.41644600     -0.31983500      0.94362900      0.08526000     -0.37098500     -0.20752600      0.90515300      0.00011200      0.00104600      0.00102100     -0.00013100     -0.00002900     -0.00025000     -0.23477300      0.08776000      0.03847200     -0.03225100      0.82279000     -0.05209300     -0.56595200      0.28499700      0.89936100      0.33155100      0.49172400     -0.43409200      0.75483100     -0.00651800      0.00109000      0.00089200     -0.00099500      0.01472500     -0.02953700     -0.21588900
     0.17297400      0.00054300      0.38538500     -0.77307500      0.18425600     -0.60700100     -0.43556700     -0.84984400      0.29667900     -0.46023500      0.49351100      0.73801000      0.02569300      0.01717100     -0.02156900      0.48680700     -0.33577200      0.24908100     -1.29581700     -0.20285200     -0.03837500      0.34419200     -0.90942600     -0.29490400      0.29320300      0.37220900     -0.89146600      0.25823000      0.18636700      0.34435200      0.92008300     -0.01436900      0.00429200      0.00504900      0.02212600     -0.10697800     -0.04104400     -0.81696000      0.02624900      0.02554400     -0.00928700      0.87182200      0.25786900      0.41644600     -0.31983500      0.94362900      0.08526000     -0.37098500     -0.20752600      0.90515300      0.00011200      0.00104600      0.00102100     -0.00013100     -0.00002900     -0.00025000     -0.23477300      0.08776400      0.03850500     -0.03230700      0.82180500     -0.05239500     -0.56735200      0.28510000      0.89995200      0.32985300      0.49330800     -0.43282800      0.75452400      0.01322300      0.00457500     -0.00653300      0.04365200      0.03677300     -0.08893600     -0.23156500
     0.17345300      0.00103500      0.38506400     -0.73927600      0.19599200     -0.64428600     -0.44464900     -0.86057400      0.24833800     -0.50486800      0.46982300      0.72415600      0.00012600      0.00281000      0.00178600      1.39905000     -1.40037100      1.43306800     -1.84765100     -0.20268200     -0.03779200      0.34430400     -0.91014300     -0.30267200      0.28287900      0.37614200     -0.88968300      0.25868100      0.17451700      0.34222800      0.92319400      0.00073500      0.00680000      0.00661800     -0.01030200      0.07458200     -0.15248300     -1.36852100      0.02615600      0.02554700     -0.00945400      0.87120000      0.26050200      0.41611100     -0.32258200      0.94269800      0.08521400     -0.37006800     -0.20846800      0.90531100      0.00113200      0.00388100      0.00334800     -0.00921100      0.07051800     -0.15142900     -0.23542600      0.08802400      0.03877000     -0.03250400      0.79189000     -0.06848500     -0.60681000      0.29487900      0.91304400      0.28177200      0.53474800     -0.40206800      0.74322600      0.00023900     -0.00317500      0.00570000     -0.05183600      0.19277800     -0.38782600     -0.72029400
     0.17351100      0.00058400      0.38547700     -0.74074500      0.19085600     -0.64414100     -0.43809300     -0.86411900      0.24767900     -0.50842700      0.46541800      0.72451000      0.00040500     -0.02152400      0.01799500     -0.08373100      0.18789700     -0.40003400     -0.86708700     -0.20253400     -0.03771100      0.34472200     -0.90733300     -0.31865700      0.27421900      0.38990800     -0.88150500      0.26618500      0.15804100      0.34884700      0.92368400      0.00117100     -0.00419100      0.01513200     -0.03567200     -0.00305400      0.00864400     -0.87282300      0.02624700      0.02561000     -0.00924800      0.87164200      0.27554300      0.40535900     -0.33831100      0.93664500      0.09078200     -0.35466300     -0.21626700      0.90963800      0.00077300     -0.00235900      0.00717900     -0.05604400      0.08909300     -0.18936800     -0.20472800      0.08805500      0.03856200     -0.03230300      0.79124400     -0.06422500     -0.60811700      0.28853000      0.91601900      0.27867300      0.53915000     -0.39595900      0.74332500      0.00019900     -0.01098300      0.00879700     -0.08770800      0.19241800     -0.40436900     -0.68681900
     0.17355000      0.00014200      0.38586000     -0.74777200      0.18566200     -0.63750600     -0.43358000     -0.86368600      0.25695800     -0.50197200      0.46832000      0.72713700      0.01356800     -0.02117700      0.01782100     -0.07664400      0.08930100     -0.19025000     -0.37332600     -0.20256100     -0.03786400      0.34497900     -0.90726000     -0.31873700      0.27436600      0.39015000     -0.88120000      0.26683800      0.15785700      0.34954400      0.92345200      0.00082300     -0.00743300      0.01198500     -0.03641000      0.01114800     -0.01792600     -0.34692200      0.02623800      0.02554000     -0.00910700      0.87153800      0.27561900      0.40553100     -0.33867200      0.93645500      0.09138800     -0.35457400     -0.21699000      0.90950100     -0.00658600     -0.00854200      0.01126700     -0.07190000      0.02611100     -0.03902900     -0.05139800      0.08806900      0.03833900     -0.03211300      0.79721300     -0.05799400     -0.60090500      0.28355300      0.91471700      0.28790600      0.53296200     -0.39991100      0.74566800      0.00021100     -0.01057000      0.00909100     -0.07481800      0.10047000     -0.21558200     -0.54067400
     0.17362900     -0.00067000      0.38644700     -0.75686800      0.18956000     -0.62551100     -0.43801400     -0.85742500      0.27007100     -0.48419800      0.47815000      0.73277100      0.00006600     -0.01388200      0.00702800     -0.03498000      0.01171600     -0.01910200      0.13384400     -0.20286300     -0.03856400      0.34558700     -0.90645800     -0.31984900      0.27571800      0.39203300     -0.87981900      0.26863200      0.15779600      0.35200400      0.92252700     -0.01454300     -0.01245500      0.00797400     -0.03845600      0.02632800     -0.04718300      0.15998700      0.02609600      0.02519700     -0.00879900      0.87064100      0.27691000      0.40657600     -0.34093000      0.93548300      0.09293100     -0.35461200     -0.21952400      0.90887800      0.00035300     -0.01200700      0.00753300     -0.07444600      0.03495700     -0.06123300      0.25967100      0.08810900      0.03794300     -0.03182000      0.80631800     -0.06073200     -0.58835500      0.28819900      0.90898600      0.30113700      0.51651900     -0.41237600      0.75043500      0.00002700     -0.00693700      0.00350500     -0.03961900     -0.00492500     -0.01619100     -0.24364800
     0.17350300     -0.00095100      0.38639100     -0.74599700      0.22936300     -0.62524100     -0.48287700     -0.83283300      0.27053700     -0.45774700      0.50344500      0.73282800     -0.01366400      0.00429700     -0.01272800     -0.27733800      0.15106200      0.32869500      0.40714200     -0.20306200     -0.03945100      0.34629500     -0.90563300     -0.32097300      0.27712300      0.39402900     -0.87823000      0.27090000      0.15756100      0.35494200      0.92144100      0.00100600     -0.02071100      0.01831500     -0.07283000      0.02215800     -0.03591600      0.44050900      0.02599000      0.02475500     -0.00846400      0.86971500      0.27823100      0.40765500     -0.34339000      0.93438800      0.09487300     -0.35451200     -0.22249800      0.90819300      0.00050500     -0.01033300      0.00917700     -0.07269200      0.02221500     -0.03560400      0.53399900      0.08805600      0.03778600     -0.03183500      0.80160100     -0.10138400     -0.58919800      0.33597600      0.89156900      0.30368200      0.49452300     -0.44138900      0.74874600     -0.00012900     -0.00282700     -0.00180500     -1.05161700      0.44926700      1.22582200      0.06186800
     0.17332000     -0.00089300      0.38624300     -0.73825500      0.25185700     -0.62577400     -0.50776900     -0.81818600      0.26965600     -0.44317200      0.51650600      0.73269900     -0.01352500      0.00740000     -0.01075000      0.00652800      0.01655000      0.02317000      0.47442400     -0.20299700     -0.03975500      0.34663200     -0.90550100     -0.32112700      0.27737600      0.39444600     -0.87773000      0.27191500      0.15727600      0.35604000      0.92106700      0.01556500     -0.00832800      0.01027100     -0.03437200     -0.00415300      0.01127400      0.51962200      0.02601800      0.02458800     -0.00828900      0.86952400      0.27847000      0.40789900     -0.34410700      0.93402100      0.09588900     -0.35428400     -0.22373900      0.90797700      0.00066700     -0.00880400      0.01066200     -0.07086700      0.00962000     -0.00981500      0.52142600      0.08795900      0.03781000     -0.03191800      0.79736200     -0.12522800     -0.59036500      0.36332300      0.88070500      0.30389900      0.48188100     -0.45681100      0.74773800     -0.00675500      0.00375200     -0.00534400      0.01006800      0.01834000      0.02249500      0.22368900
     0.17292800     -0.00059000      0.38597300     -0.73062100      0.27040100     -0.62699400     -0.52798900     -0.80598000      0.26757600     -0.43208800      0.52620200      0.73241900     -0.01336700      0.01066900     -0.00866300      0.03476600      0.00432900     -0.00992100      0.51919800     -0.20286400     -0.04022100      0.34703700     -0.90482800     -0.32207700      0.27846600      0.39597200     -0.87668200      0.27307500      0.15730800      0.35776300      0.92039300      0.00039900     -0.01132700      0.00821900     -0.03641900      0.01101100     -0.01799100      0.53514100      0.02609100      0.02436700     -0.00808200      0.86879100      0.27956300      0.40871100     -0.34586600      0.93327300      0.09683400     -0.35436900     -0.22548800      0.90751100      0.00015900     -0.00598400      0.00379700     -0.03636100      0.01103600     -0.01782500      0.52142600      0.08776800      0.03795700     -0.03205100      0.79271400     -0.14471900     -0.59216500      0.38526300      0.87175000      0.30269400      0.47241500     -0.46808900      0.74680300     -0.00009200      0.00536400     -0.00451200      0.04371300     -0.09377400      0.19858700      0.52953200
     0.17280600     -0.00035900      0.38577800     -0.72811200      0.27232500     -0.62907700     -0.53011000     -0.80551100      0.26477700     -0.43372300      0.52592500      0.73165200      0.00000000      0.00000100      0.00000100      0.00614000     -0.08320000      0.18055000      0.51953200     -0.20291000     -0.04047800      0.34710800     -0.90432200     -0.32280900      0.27926300      0.39703300     -0.87610500      0.27338200      0.15754700      0.35851500      0.92005900     -0.00021000     -0.00192900     -0.00187300      0.00000000     -0.00000000     -0.00000000      0.53536700      0.02606800      0.02422900     -0.00804100      0.86821600      0.28044100      0.40933200     -0.34705500      0.93281100      0.09703400     -0.35461800     -0.22630700      0.90721000     -0.00013500     -0.00120900     -0.00117300      0.00002700     -0.00000100      0.00009700      0.52126200      0.08770200      0.03807900     -0.03214900      0.79073000     -0.14680900     -0.59429900      0.38737100      0.87172400      0.30006600      0.47401300     -0.46748500      0.74616900     -0.00010600      0.00509500     -0.00468200      0.03677300     -0.01089800      0.01844500      0.52185800
     0.17280500     -0.00035200      0.38575900     -0.72282800      0.28243300     -0.63071100     -0.54151700     -0.79848800      0.26295900     -0.42845300      0.53126000      0.73090200      0.01315200     -0.00024900     -0.00056200      0.00098400     -0.01471500      0.02955300      0.51929500     -0.20328600     -0.04052700      0.34703900     -0.90406000     -0.32171100      0.28137000      0.39708000     -0.87550900      0.27521800      0.15893500      0.36095100      0.91886800     -0.01502000     -0.00146900     -0.00057500     -0.00230200      0.01546700     -0.02910100      0.51760600      0.02589100      0.02420500     -0.00807700      0.86749600      0.27954200      0.41146800     -0.34742000      0.93247200      0.09896400     -0.35601800     -0.22880400      0.90603400     -0.00746500     -0.00032300      0.00011900      0.00389500      0.00971700     -0.03133600      0.52126200      0.08769700      0.03808300     -0.03215800      0.78706800     -0.15763400     -0.59638300      0.39986600      0.86654400      0.29867500      0.46971200     -0.47355100      0.74506300      0.00000300      0.00001300      0.00000900      0.00123600     -0.00005900     -0.00096000      0.52202100
     0.17281500     -0.00034400      0.38575200     -0.72229900      0.28282700     -0.63114000     -0.54201100     -0.79831300      0.26247200     -0.42872000      0.53131300      0.73070700     -0.00000000     -0.00000000     -0.00000000      0.00000000      0.00000000      0.00000000      0.51953200     -0.20356800     -0.04054300      0.34702500     -0.90369400     -0.32224200      0.28193800      0.39777700     -0.87525300      0.27502700      0.15927400      0.36110100      0.91875000     -0.01502700     -0.00150800     -0.00061700     -0.00204900      0.01521000     -0.02924300      0.49289500      0.02573900      0.02419600     -0.00808400      0.86706800      0.28024700      0.41189000     -0.34814900      0.93223900      0.09859800     -0.35634800     -0.22889000      0.90588300     -0.00751800     -0.00078800     -0.00033400     -0.00128200      0.01446200     -0.02957900      0.52126200      0.08770700      0.03808700     -0.03216200      0.78661800     -0.15809300     -0.59685600      0.40039900      0.86646400      0.29819400      0.47001200     -0.47354600      0.74487700      0.00657500     -0.00011600     -0.00027300      0.00176100     -0.01502200      0.02866500      0.52234800
     0.17285300     -0.00034500      0.38572700     -0.71934200      0.28803100     -0.63216400     -0.54790800     -0.79465900      0.26131500     -0.42619800      0.53398000      0.73023800     -0.00005600     -0.00119300     -0.00076100      0.00000000      0.00000000      0.00000000      0.51956700     -0.20420400     -0.04051400      0.34691600     -0.89032100     -0.36159800      0.27670600      0.43394700     -0.85759200      0.27597300      0.13862500      0.36624200      0.92006200     -0.01567600      0.00750400     -0.01109600     -0.56229200     -0.63294400     -1.48040000      0.42135200      0.02543200      0.02421000     -0.00813200      0.86023100      0.31448200      0.40137500     -0.38042100      0.91997000      0.09451400     -0.33953100     -0.23399600      0.91102300     -0.00781300      0.00391500     -0.00538200     -1.52600600     -2.07699700      0.92615700      0.52109900      0.08772600      0.03808900     -0.03217300      0.78454600     -0.16365000     -0.59808400      0.40681300      0.86378100      0.29729300      0.46796200     -0.47654900      0.74425200     -0.00003600     -0.00078900     -0.00050200      0.00676900     -0.08348000      0.17981800      0.52234800
     0.17297800     -0.00040600      0.38566000     -0.71027000      0.30640800     -0.63378000     -0.56843100     -0.78071500      0.25950500     -0.41440900      0.54419300      0.72948300     -0.00009000     -0.00193200     -0.00123300     -1.05085000      0.43027600      1.20953100      0.51947100     -0.20494000     -0.04035100      0.34663900     -0.87404500     -0.40363000      0.27040500      0.47244900     -0.83554400      0.28034300      0.11387600      0.37329900      0.92062100     -0.03045200      0.00829600     -0.00950600     -0.00912200     -0.02408800     -0.17717100      0.37776400      0.02505200      0.02429200     -0.00827700      0.84853700      0.36180900      0.38610600     -0.42636600      0.89965600      0.09397300     -0.31336200     -0.24436200      0.91765500     -0.01521900      0.00409400     -0.00479100     -0.00545000     -0.01168200     -0.17980600      0.52158900      0.08778800      0.03805700     -0.03220700      0.77856100     -0.18278800     -0.60035800      0.42887300      0.85337100      0.29635200      0.45815900     -0.48820600      0.74279500     -0.00004900     -0.00102700     -0.00065400     -1.06585300      0.42952700      1.21970200      0.52251100
     0.17316900     -0.00045200      0.38551600     -0.69514400      0.33671200     -0.63517400     -0.60177900     -0.75589000      0.25780800     -0.39245500      0.56102500      0.72887400      0.01301100     -0.00344900     -0.00260900     -0.30881200      0.03024000      0.57260100      0.51966300     -0.20575500     -0.04021100      0.34635900     -0.86670100     -0.41996400      0.26916500      0.48764700     -0.82652700      0.28104500      0.10552900      0.37537500      0.92077200     -0.01574700      0.00692500     -0.01168600      0.03143800      0.01534800     -0.04097200      0.37509500      0.02465100      0.02436000     -0.00841200      0.84322500      0.37840600      0.38181200     -0.44231100      0.89205300      0.09274100     -0.30550300     -0.24708100      0.91957500     -0.01498800     -0.00109200     -0.00023100     -0.00926500      0.03186700     -0.06917100      0.51979300      0.08787900      0.03803600     -0.03227700      0.76842300     -0.21499500     -0.60274500      0.46562700      0.83395900      0.29614800      0.43899400     -0.50822100      0.74094100     -0.00008600     -0.00191400     -0.00122400     -1.06827200      0.43836900      1.19207300      0.52218400
     0.17325300     -0.00047500      0.38541600     -0.69441800      0.33716000     -0.63572900     -0.60233200     -0.75570100      0.25706700     -0.39289000      0.56101000      0.72865100     -0.00019900     -0.00436800     -0.00279300     -0.00088800      0.01207100     -0.02615400      0.51972100     -0.20623500     -0.04014300      0.34623500     -0.85880800     -0.43440500      0.27153800      0.50248900     -0.81708800      0.28249900      0.10022700      0.37961000      0.91962700     -0.03047700      0.00814300     -0.00969300     -0.16811800      0.22493700      0.07245800      0.37816500      0.02442200      0.02439000     -0.00847200      0.83661000      0.39438600      0.38018700     -0.45827100      0.88411000      0.09130400     -0.30011800     -0.25061400      0.92039100     -0.01497600     -0.00096700     -0.00011600     -0.42366100      0.44622400      0.13637000      0.52011900      0.08792100      0.03802800     -0.03232600      0.76759000     -0.21600900     -0.60344300      0.46677000      0.83360500      0.29534200      0.43923700     -0.50837200      0.74069400     -0.00020200      0.00306900     -0.00598200      0.04238500     -0.08188000      0.17265600      0.52087800
     0.17330900     -0.00050100      0.38511100     -0.69327000      0.33786300     -0.63660900     -0.60307000     -0.75559400      0.25565000     -0.39378600      0.56073100      0.72838300     -0.00049500      0.00427600     -0.01315300      0.03574900     -0.01039600      0.01962900      0.52045400     -0.20725100     -0.03997800      0.34596000     -0.83636400     -0.47435400      0.27472600      0.54172800     -0.79134800      0.28325200      0.08408900      0.38633200      0.91844400     -0.03052000      0.00782300     -0.01003600     -0.47945700     -0.38173200     -1.55814700      0.38001500      0.02390800      0.02447500     -0.00861300      0.81878700      0.43376500      0.37607700     -0.49783200      0.86271200      0.08882200     -0.28591800     -0.25995000      0.92232100     -0.00789600      0.00416700     -0.00519700     -1.53861000     -1.50916200     -5.04968600      0.52044600      0.08795400      0.03801000     -0.03247500      0.76662900     -0.21681000     -0.60437700      0.46753300      0.83365600      0.29398800      0.44010400     -0.50794700      0.74047100     -0.00027100      0.00150200     -0.00698800      0.04179000     -0.08209600      0.17300400      0.52087800
