     0.17121300      0.00695500      0.38902500     -0.64997500      0.47544900     -0.59289600     -0.67022300     -0.72637200      0.15217300     -0.35751000      0.49568600      0.79152300      0.00000000      0.00000000      0.00000000      0.00000000      0.00000000      0.00000000      0.08698700     -0.20798300     -0.03345300      0.34225000     -0.79420500     -0.32632700      0.51258200      0.50871700     -0.81828200      0.26749600      0.33313100      0.47361900      0.81521200     -0.01464800      0.00078200      0.00154400     -0.00204500      0.01520500     -0.02924500     -0.02695000      0.02389800      0.02713600     -0.01001300      0.70035300      0.43125000      0.56879500     -0.54919700      0.83456100      0.04347300     -0.45594600     -0.34282700      0.82132900      0.00002100      0.00015900      0.00015400     -0.00000700      0.00000300     -0.00000500     -0.22726200      0.08756400      0.04063500     -0.03058400      0.70925400     -0.40358500     -0.57799300      0.57733200      0.80303400      0.14772300      0.40453000     -0.43846800      0.80255800      0.00644600     -0.00015700     -0.00029800      0.00100100     -0.01470400      0.02955900     -0.11889500
     0.17123100      0.00693900      0.38901500     -0.64997000      0.47545100     -0.59290000     -0.67022700     -0.72637000      0.15216900     -0.35751300      0.49568800      0.79152100     -0.00005100     -0.00100700     -0.00060400      0.00000000      0.00000000      0.00000000      0.08806600     -0.20800500     -0.03345200      0.34225200     -0.79417600     -0.32635200      0.51261200      0.50875300     -0.81826700      0.26747600      0.33314800      0.47362900      0.81520000      0.00000000      0.00000300      0.00000300      0.00000000      0.00000000      0.00000000     -0.02770700      0.02388200      0.02713700     -0.01001100      0.70030100      0.43129400      0.56882600     -0.54924500      0.83453100      0.04343900     -0.45596800     -0.34284500      0.82130900     -0.00000000     -0.00000600     -0.00000400     -0.00000400      0.00000700     -0.00000500     -0.22301600      0.08757300      0.04062900     -0.03058800      0.70925000     -0.40358700     -0.57799700      0.57733600      0.80303200      0.14772000      0.40453300     -0.43846900      0.80255600     -0.00003200     -0.00067300     -0.00040600     -0.00000100     -0.00000300     -0.00000500     -0.11497600
     0.17123100      0.00693900      0.38901500     -0.64985700      0.47551800     -0.59297000     -0.67031300     -0.72630800      0.15208600     -0.35755700      0.49571400      0.79148400      0.00002400      0.00048000      0.00028800      0.00000000      0.00000000      0.00000000      0.08720400     -0.20799500     -0.03345900      0.34224400     -0.79417800     -0.32635000      0.51261000      0.50875100     -0.81826800      0.26747800      0.33314700      0.47362900      0.81520100     -0.00000100     -0.00000500     -0.00000500      0.00000000      0.00000000      0.00000000     -0.02796900      0.02388700      0.02713400     -0.01001500      0.70030300      0.43129200      0.56882400     -0.54924400      0.83453200      0.04344100     -0.45596700     -0.34284500      0.82131000     -0.00000100      0.00000000      0.00000000      0.00000100     -0.00000800     -0.00000500     -0.22122000      0.08757300      0.04062500     -0.03059000      0.70914600     -0.40366800     -0.57806700      0.57742900      0.80298000      0.14763800      0.40458000     -0.43849000      0.80252000      0.00001700      0.00033200      0.00019900      0.00000000     -0.00000900      0.00000500     -0.11236300
     0.17139600      0.00694300      0.38901200     -0.64952100      0.47570900     -0.59318600     -0.67056600     -0.72612600      0.15184000     -0.35769400      0.49579800      0.79137000      0.00000000      0.00000200      0.00000100      0.00000000      0.00000000      0.00000000      0.08947200     -0.20801600     -0.03345200      0.34225200     -0.79416100     -0.32636400      0.51262700      0.50877100     -0.81825900      0.26746600      0.33315600      0.47363400      0.81519400      0.00002200      0.00017900      0.00017300      0.00000000      0.00000000      0.00000000     -0.02760500      0.02387600      0.02713700     -0.01001100      0.70028400      0.43130800      0.56883600     -0.54926200      0.83452100      0.04342800     -0.45597500     -0.34285200      0.82130300      0.00001300      0.00011400      0.00010900      0.00000300      0.00000200     -0.00000800     -0.22056700      0.08765600      0.04062900     -0.03059000      0.70883700     -0.40390000     -0.57828400      0.57770600      0.80282500      0.14739800      0.40472700     -0.43855900      0.80240800      0.00000100     -0.00000700     -0.00000600      0.00002100      0.00001200      0.00000600     -0.11089300
     0.17151200      0.00693300      0.38900200     -0.64931200      0.47582600     -0.59332100     -0.67072300     -0.72601300      0.15168700     -0.35778000      0.49585100      0.79129800     -0.00000200     -0.00003600     -0.00002200      0.00000000      0.00000000      0.00000000      0.08843400     -0.20803900     -0.03345800      0.34224800     -0.79411800     -0.32640000      0.51267000      0.50882300     -0.81823600      0.26743800      0.33318000      0.47364900      0.81517600     -0.00006900     -0.00055700     -0.00053800      0.00000000      0.00000000      0.00000000     -0.02797100      0.02386500      0.02713600     -0.01001100      0.70023400      0.43135000      0.56886500     -0.54930800      0.83449200      0.04339600     -0.45599500     -0.34287000      0.82128400     -0.00738500     -0.00011100      0.00028700     -0.00205200      0.01520400     -0.02924700     -0.22040300      0.08770900      0.04062400     -0.03059500      0.70866300     -0.40403100     -0.57840700      0.57786200      0.80273800      0.14726200      0.40481100     -0.43859900      0.80234500     -0.00000100     -0.00002200     -0.00001800      0.00000000     -0.00000700     -0.00000600     -0.11007700
     0.17159900      0.00693100      0.38901000     -0.64913800      0.47592500     -0.59343100     -0.67086300     -0.72590600      0.15158100     -0.35783200      0.49591300      0.79123600      0.00004600      0.00092600      0.00055600      0.00000000      0.00000000      0.00000000      0.08293800     -0.20801800     -0.03347100      0.34223400     -0.79412200     -0.32639800      0.51266600      0.50881900     -0.81823800      0.26744000      0.33317700      0.47364700      0.81517800     -0.00001700     -0.00013800     -0.00013300      0.00000000      0.00000000      0.00000000     -0.02733800      0.02387500      0.02712800     -0.01002000      0.70023800      0.43134700      0.56886200     -0.54930500      0.83449400      0.04339800     -0.45599300     -0.34286800      0.82128600     -0.00000700     -0.00006100     -0.00006000     -0.00000300      0.00000100      0.00000800     -0.22040300      0.08775700      0.04062100     -0.03059300      0.70848600     -0.40416500     -0.57853000      0.57803000      0.80263800      0.14714600      0.40487900     -0.43865900      0.80227800      0.00002700      0.00053100      0.00031400     -0.00000400     -0.00001200     -0.00001200     -0.11317900
     0.17159000      0.00695400      0.38902400     -0.64910800      0.47594300     -0.59345000     -0.67088600     -0.72588900      0.15155900     -0.35784400      0.49591900      0.79122600      0.00001200      0.00023900      0.00014300      0.00000000      0.00000000      0.00000000      0.08475400     -0.20804300     -0.03349500      0.34221200     -0.79404000     -0.32646700      0.51274900      0.50891700     -0.81819500      0.26738500      0.33322200      0.47367500      0.81514400     -0.00002600     -0.00020800     -0.00020100      0.00000000      0.00000000      0.00000000     -0.02444700      0.02386300      0.02711500     -0.01003100      0.70014400      0.43142700      0.56891900     -0.54939400      0.83443800      0.04333700     -0.45603100     -0.34290200      0.82125000     -0.00001300     -0.00010700     -0.00010300     -0.00000400      0.00000200      0.00002100     -0.21860700      0.08775300      0.04063400     -0.03058500      0.70845900     -0.40418700     -0.57854800      0.57805600      0.80262400      0.14712400      0.40489100     -0.43866400      0.80226900      0.00000800      0.00015800      0.00009500      0.00001200      0.00000900     -0.00000800     -0.11481200
     0.17159100      0.00695400      0.38903500     -0.64910400      0.47594600     -0.59345100     -0.67089800     -0.72587300      0.15157600     -0.35782700      0.49593900      0.79122200      0.00000300      0.00005300      0.00003200      0.00000000      0.00000000      0.00000000      0.08743700     -0.20807700     -0.03349300      0.34220200     -0.79408100     -0.32643300      0.51270700      0.50885900     -0.81822900      0.26739100      0.33321200      0.47363900      0.81516800     -0.00000600     -0.00005200     -0.00005000      0.00000000      0.00000000      0.00000000     -0.02457600      0.02384600      0.02711600     -0.01003700      0.70019200      0.43138700      0.56888900     -0.54933700      0.83447500      0.04334600     -0.45602500     -0.34286300      0.82127000     -0.00000000     -0.00001100     -0.00000900      0.00000600      0.00000200      0.00001300     -0.21779100      0.08775300      0.04063500     -0.03057900      0.70845500     -0.40419000     -0.57855000      0.57807000      0.80261000      0.14714200      0.40487700     -0.43868600      0.80226400     -0.00000000      0.00001300      0.00000700      0.00000600      0.00000200     -0.00001300     -0.11350600
     0.17156100      0.00693100      0.38902300     -0.64921000      0.47588500     -0.59338500     -0.67081900     -0.72593100      0.15165400     -0.35778500      0.49591300      0.79125700     -0.00006600     -0.00132700     -0.00079700      0.00000000      0.00000000      0.00000000      0.08943600     -0.20809000     -0.03351300      0.34219800     -0.79394100     -0.32655100      0.51284900      0.50903600     -0.81814200      0.26731900      0.33327600      0.47370700      0.81510200     -0.00005000     -0.00040600     -0.00039300      0.00000000      0.00000000      0.00000000     -0.02472100      0.02384000      0.02710700     -0.01003800      0.70002900      0.43152300      0.56898600     -0.54950100      0.83437200      0.04326200     -0.45607800     -0.34294300      0.82120700     -0.00003700     -0.00030200     -0.00029300      0.00000700     -0.00000200      0.00001300     -0.21746400      0.08773800      0.04062600     -0.03058300      0.70855200     -0.40411600     -0.57848300      0.57798300      0.80265900      0.14721800      0.40483200     -0.43866500      0.80229800     -0.00003800     -0.00077700     -0.00046500     -0.00087600      0.01213600     -0.02612700     -0.11007700
     0.17151300      0.00694800      0.38903400     -0.64927100      0.47585200     -0.59334400     -0.67077300     -0.72596400      0.15169800     -0.35775900      0.49589700      0.79127800      0.00001300      0.00026300      0.00015800      0.00000000      0.00000000      0.00000000      0.08863700     -0.20807700     -0.03350000      0.34220900     -0.79398200     -0.32651600      0.51280800      0.50898700     -0.81816400      0.26734700      0.33325400      0.47369400      0.81511900      0.00010200      0.00082300      0.00079500      0.00000000      0.00000000      0.00000000     -0.02423100      0.02384600      0.02711100     -0.01003400      0.70007700      0.43148300      0.56895800     -0.54945600      0.83440000      0.04329300     -0.45605900     -0.34292600      0.82122500      0.00006800      0.00055500      0.00053500      0.00000300      0.00000900      0.00000700     -0.21681100      0.08771400      0.04063100     -0.03058000      0.70860900     -0.40407500     -0.57844300      0.57793300      0.80268700      0.14726100      0.40480400     -0.43865200      0.80231900      0.00001000      0.00016700      0.00010200      0.00000900      0.00000900     -0.00000300     -0.10991400
     0.17156100      0.00693900      0.38902700     -0.64908100      0.47596200     -0.59346500     -0.67091700     -0.72586000      0.15155800     -0.35783500      0.49594400      0.79121500     -0.00002400     -0.00048300     -0.00029000      0.00000000      0.00000000      0.00000000      0.09462700     -0.20807500     -0.03348200      0.34222700     -0.79402100     -0.32648300      0.51276900      0.50894000     -0.81818500      0.26737300      0.33323300      0.47368100      0.81513500      0.00000800      0.00006600      0.00006400      0.00000000      0.00000000      0.00000000     -0.02461100      0.02384700      0.02712300     -0.01002300      0.70012200      0.43144400      0.56893200     -0.54941300      0.83442700      0.04332300     -0.45604100     -0.34291000      0.82124200      0.00000200      0.00001900      0.00001800      0.00000100     -0.00000100     -0.00000700     -0.21681100      0.08773800      0.04062800     -0.03058200      0.70843400     -0.40420900     -0.57856300      0.57809000      0.80259900      0.14712400      0.40488600     -0.43869000      0.80225700     -0.00001400     -0.00032500     -0.00019700      0.00000700      0.00000100     -0.00000800     -0.10681100
     0.17157000      0.00692400      0.38901800     -0.64909500      0.47595300     -0.59345700     -0.67090600     -0.72586800      0.15156900     -0.35783000      0.49594100      0.79121900     -0.00002400     -0.00047600     -0.00028600      0.00000000      0.00000000      0.00000000      0.09608200     -0.20805400     -0.03348900      0.34221900     -0.79403800     -0.32646900      0.51275100      0.50892000     -0.81819400      0.26738400      0.33322300      0.47367500      0.81514300     -0.00005900     -0.00047400     -0.00045900      0.00000000      0.00000000      0.00000000     -0.02442700      0.02385800      0.02712000     -0.01002600      0.70014200      0.43142800      0.56892000     -0.54939500      0.83443800      0.04333500     -0.45603300     -0.34290300      0.82124900     -0.00004000     -0.00033000     -0.00031800      0.00000100      0.00000200     -0.00000300     -0.21664800      0.08774300      0.04062000     -0.03058700      0.70844700     -0.40419800     -0.57855500      0.57807800      0.80260600      0.14713500      0.40488100     -0.43868700      0.80226200     -0.00001500     -0.00029700     -0.00017900     -0.00000400     -0.00000400     -0.00001000     -0.10321900
     0.17155900      0.00690100      0.38900500     -0.64916300      0.47591300     -0.59341400     -0.67085500     -0.72590500      0.15161900     -0.35780300      0.49592400      0.79124200     -0.00000100     -0.00001200     -0.00000700      0.00000000      0.00000000      0.00000000      0.08907700     -0.20805700     -0.03351400      0.34219500     -0.79398600     -0.32651300      0.51280400      0.50898200     -0.81816600      0.26734900      0.33325100      0.47369200      0.81512100     -0.01483800     -0.00073300      0.00007900     -0.00204500      0.01520500     -0.02924500     -0.02425800      0.02386200      0.02710900     -0.01003700      0.70011400      0.43145200      0.56893600     -0.54942200      0.83442100      0.04331700     -0.45604300     -0.34291300      0.82123900     -0.00001600     -0.00013400     -0.00013000      0.00000200      0.00000800      0.00000900     -0.21664800      0.08773700      0.04060700     -0.03059500      0.70850900     -0.40415000     -0.57851200      0.57802100      0.80263800      0.14718400      0.40485200     -0.43867300      0.80228300      0.00000100      0.00002300      0.00001300     -0.00000200     -0.00000400     -0.00000200     -0.10289200
     0.17159800      0.00688500      0.38900600     -0.64889000      0.47607300     -0.59358400     -0.67107100     -0.72574300      0.15143800     -0.35789200      0.49600800      0.79114900     -0.00002000     -0.00041100     -0.00024700      0.00000000      0.00000000      0.00000000      0.07736100     -0.20812300     -0.03357600      0.34209400     -0.79180900     -0.33140600      0.51303100      0.51406800     -0.81505100      0.26713000      0.33060100      0.47566800      0.81505000     -0.00044400     -0.00359300     -0.00347700     -0.00000000     -0.00000000     -0.00000000     -0.01660200      0.02382300      0.02707900     -0.01008600      0.69787200      0.43628400      0.56800500     -0.55443200      0.83112600      0.04280800     -0.45340800     -0.34479600      0.82190900     -0.00024100     -0.00196000     -0.00189700     -0.00013400      0.00128800      0.00020000     -0.21403500      0.08775700      0.04060000     -0.03059400      0.70825900     -0.40434400     -0.57868300      0.57825800      0.80250000      0.14700800      0.40495100     -0.43874700      0.80219300     -0.00001300     -0.00025900     -0.00015600      0.00000400      0.00000000     -0.00000300     -0.11317900
     0.17169100      0.00680000      0.38895100     -0.64854200      0.47627400     -0.59380300     -0.67133300     -0.72555300      0.15118300     -0.35803100      0.49609200      0.79103300     -0.00028600     -0.00579800     -0.00348400     -0.00088900      0.01213200     -0.02612600      0.05155000     -0.20823000     -0.03369500      0.34194100     -0.78530600     -0.34582000      0.51351100      0.52901400     -0.80556000      0.26674200      0.32239500      0.48156600      0.81487400     -0.01578900     -0.00831300     -0.00727200     -0.08233200      0.00142700     -0.20220800     -0.01107700      0.02377700      0.02703300     -0.01015000      0.69156100      0.44995000      0.56505400     -0.56862100      0.82153900      0.04173900     -0.44543400     -0.35016700      0.82399600     -0.00048000     -0.00387500     -0.00375400     -0.85783100     -0.46637300     -1.39361800     -0.20930000      0.08780300      0.04056900     -0.03061400      0.70792500     -0.40459900     -0.57891300      0.57855700      0.80233200      0.14674600      0.40510700     -0.43882000      0.80207500      0.00631400     -0.00284300     -0.00191000      0.00011800     -0.00257200      0.00343700     -0.12803900
     0.17208400      0.00634000      0.38864900     -0.64679300      0.47728100     -0.59490100     -0.67264000     -0.72461300      0.14987600     -0.35874200      0.49649600      0.79045800      0.01217500     -0.01553500     -0.00977800     -0.00079300      0.00955100     -0.02269900     -0.01156800     -0.20858000     -0.03398400      0.34125800     -0.76004600     -0.39700800      0.51449700      0.58128700     -0.76914800      0.26542700      0.29129100      0.50130700      0.81468100     -0.01778500      0.00377300     -0.03398800     -0.79303700     -0.42612600     -1.40730800     -0.01105200      0.02359600      0.02688700     -0.01049300      0.66615400      0.49993700      0.55344300     -0.61999200      0.78366900      0.03835000     -0.41454400     -0.36867800      0.83200200     -0.00894700      0.00139700     -0.01746100     -0.79912000     -0.45424200     -1.42095900     -0.20391100      0.08799600      0.04034800     -0.03075900      0.70632400     -0.40582200     -0.58001100      0.57998100      0.80153600      0.14546900      0.40586500     -0.43914400      0.80151300      0.00608800     -0.00778900     -0.00490700      0.00626100     -0.08632500      0.18373900     -0.20462200
     0.17252800      0.00568300      0.38821300     -0.64626800      0.47756200     -0.59524600     -0.67300700     -0.72435900      0.14945600     -0.35899900      0.49659600      0.79027800      0.01212400     -0.01756600     -0.01107300     -0.00079100      0.00955400     -0.02269800     -0.03007000     -0.20935400     -0.03400500      0.33947800     -0.71260100     -0.46809800      0.52256600      0.65832600     -0.70341600      0.26785400      0.24308300      0.53548000      0.80872400     -0.03482600      0.00060800     -0.05583200     -0.30160500      0.15283400     -0.41062000     -0.01257400      0.02321000      0.02688500     -0.01137500      0.61736100      0.57022900      0.54194400     -0.69661000      0.71634300      0.03981900     -0.36551200     -0.40210600      0.83947000     -0.01747600     -0.00041600     -0.02860300     -0.30325200      0.16733900     -0.41019600     -0.20423800      0.08822200      0.04000500     -0.03098600      0.70585400     -0.40615800     -0.58034800      0.58036900      0.80132800      0.14506800      0.40612900     -0.43921400      0.80134200      0.00605900     -0.00894800     -0.00564500     -0.00079200      0.00955200     -0.02271100     -0.24217900
     0.17297500      0.00498500      0.38760800     -0.64356300      0.47641700     -0.59908200     -0.67355800     -0.72424300      0.14753000     -0.36280000      0.49786500      0.78774000      0.01176100     -0.01161900     -0.02310800     -0.16811500     -0.50789400     -0.23165700     -0.05682700     -0.21052600     -0.03391100      0.33649000     -0.64717400     -0.53736500      0.54073700      0.74072900     -0.61067400      0.27987800      0.18061700      0.58234200      0.79253900     -0.02291400      0.00693100     -0.08974700     -1.31810600      0.03752400     -1.21792100      0.00895400      0.02263200      0.02693000     -0.01283400      0.55027100      0.63887900      0.53761900     -0.77852800      0.62530000      0.05377500     -0.30181800     -0.44814300      0.84147000     -0.01895900      0.00249300     -0.04544300     -4.21239900     -1.01979800     -5.35204000     -0.19770600      0.08843200      0.03967000     -0.03127400      0.70345600     -0.40742800     -0.58236600      0.58135000      0.80122100      0.14168800      0.40887700     -0.43823000      0.80048200      0.00597000     -0.01148600     -0.00723800      0.00491300     -0.07387700      0.15720600     -0.26438600
     0.17327400      0.00459100      0.38723800     -0.63944800      0.47557200     -0.60413700     -0.67431200     -0.72436600      0.14342100     -0.36862000      0.49849300      0.78463500      0.02483400     -0.02570700     -0.01661400     -0.05724800     -0.15304800     -0.05823200     -0.05244100     -0.21132300     -0.03382200      0.33459000     -0.61371200     -0.56447100      0.55201500      0.77593600     -0.56004100      0.29019100      0.14610500      0.60712800      0.78096800     -0.03853200      0.00244700     -0.09401900     -1.27693600      0.42224300     -0.81112900      0.01965100      0.02225900      0.02696900     -0.01374700      0.51714900      0.66534300      0.53839900     -0.81287100      0.57873700      0.06559700     -0.26794700     -0.47157300      0.84013200     -0.01926800      0.00075100     -0.04742300     -1.15954400      0.29429000     -0.82559600     -0.18072400      0.08858500      0.03947200     -0.03146500      0.69882000     -0.40518100     -0.58947200      0.58187900      0.80130300      0.13903200      0.41601300     -0.44016000      0.79573300      0.00578700     -0.00843200     -0.01320200     -0.03728000     -0.16170600     -0.11107700     -0.26928500
     0.17423900      0.00363000      0.38615300     -0.61600000      0.47908600     -0.62535300     -0.68456300     -0.71832200      0.12393000     -0.38907200      0.50383500      0.77123300      0.03733900     -0.02621900     -0.03322500     -0.01802100     -0.29424400     -0.06486300     -0.04029200     -0.21291700     -0.03327100      0.33045700     -0.56558300     -0.59392500      0.57215400      0.82022600     -0.47655900      0.31631400      0.08549700      0.64893800      0.75593200     -0.03921800      0.01309300     -0.10392900     -3.55863500     -0.81567700     -3.40712400      0.02744900      0.02145400      0.02722100     -0.01582100      0.46606200      0.69621600      0.54595600     -0.86084800      0.49930600      0.09814700     -0.20426800     -0.51572800      0.83204400     -0.01975500      0.01163200     -0.05654000     -1.20579200      0.30927000     -0.45408000     -0.16521100      0.08905400      0.03901300     -0.03198800      0.67623300     -0.41197000     -0.61072700      0.59313100      0.79615800      0.11969600      0.43692500     -0.44318400      0.78274100      0.01217600     -0.01272900     -0.01617700      0.43443500     -0.76447900      0.17968200     -0.26699900
     0.17565600      0.00226800      0.38479000     -0.58929400      0.47423700     -0.65412300     -0.68514800     -0.72236500      0.09345100     -0.42747100      0.50264800      0.75142600      0.03722900     -0.03700900     -0.04041200      0.09819900     -0.35277500      0.02747600     -0.01967200     -0.21393200     -0.03235800      0.32613800     -0.49555100     -0.63069000      0.59720300      0.86843500     -0.36774800      0.33244000      0.01056600      0.68415600      0.72916500     -0.00941100      0.02662600     -0.11210400     -1.09479200      0.05969800     -0.53622200      0.08068900      0.02092200      0.02766600     -0.01799000      0.39376600      0.73316800      0.55444800     -0.91056400      0.39365200      0.12613700     -0.12578000     -0.55452900      0.82260300     -0.00464700      0.01323000     -0.05607600     -0.12572200      1.89149600     -1.83386400     -0.12520500      0.08975800      0.03834300     -0.03266100      0.64974100     -0.41048300     -0.63979600      0.59355700      0.79978200      0.08965600      0.47489500     -0.43800900      0.76329600      0.01862400     -0.01848500     -0.02020200      1.61040200     -1.69546700      1.32323600     -0.25491600
     0.17642600      0.00142200      0.38407300     -0.56821400      0.47783500     -0.66996400     -0.69344500     -0.71634900      0.07713300     -0.44237100      0.50781400      0.73922900      0.03752100     -0.05183200     -0.03429800      0.42727300     -1.66541000      2.52537000     -0.00689600     -0.21400200     -0.03190500      0.32420500     -0.46272000     -0.63781300      0.61569200      0.88635200     -0.32426100      0.33040800     -0.01052300      0.69939700      0.71456000      0.00672100      0.02151900     -0.09850400     -3.14963600     -1.13418000     -3.26701300      0.13653000      0.02087700      0.02789100     -0.01901000      0.35853500      0.74175200      0.56679400     -0.92786400      0.34986800      0.12907100     -0.10256400     -0.57218400      0.81368600     -0.00402900      0.01114900     -0.04848400      0.99608900      2.06268900     -0.84505100     -0.07883100      0.09017100      0.03788800     -0.03304700      0.62985300     -0.41658700     -0.65554500      0.60221300      0.79495000      0.07343400      0.49053400     -0.44103100      0.75157600      0.01875600     -0.02653500     -0.01756300      0.37046100     -1.69601300      2.49790500     -0.24544500
     0.17807400     -0.00080600      0.38237600     -0.51035600      0.49857600     -0.70071600     -0.72575600     -0.68677600      0.03986100     -0.46073300      0.52826900      0.71322000      0.03769200     -0.06238300     -0.04194300     -0.06437900     -0.84720300      0.43698400      0.01625100     -0.21368700     -0.03135400      0.32124100     -0.43087400     -0.62841300      0.64763900      0.90191900     -0.27826600      0.33021900     -0.02676800      0.72717900      0.68582700      0.02487200      0.00360600     -0.05828100     -1.04207200      0.27492400     -0.56779000      0.32468700      0.02102300      0.02816200     -0.02049700      0.32233200      0.73851200      0.59219900     -0.94310900      0.30440600      0.13371700     -0.08151700     -0.60161000      0.79461800      0.00510600      0.00273100     -0.02780100     -0.70211600      0.29275800      1.04309900      0.12838500      0.09096600      0.03682000     -0.03386400      0.57596900     -0.44574600     -0.68525100      0.63836500      0.76887100      0.03642000      0.51063600     -0.45841700      0.72739500      0.01871600     -0.02641100     -0.02585000      1.36895000     -1.60331700      2.37282600     -0.22421700
     0.17933600     -0.00327300      0.38071600     -0.46524400      0.51938400     -0.71682200     -0.75209000     -0.65895400      0.01060600     -0.46627200      0.54340000      0.69809300      0.02479900     -0.06517200     -0.04434400      0.02464700     -0.36909500      0.77502700      0.01979400     -0.21301800     -0.03205200      0.31972800     -0.38958000     -0.65059400      0.65187900      0.91568600     -0.19838200      0.34942300     -0.09753100      0.73384900      0.67217200      0.02674400     -0.05007800     -0.01519600     -1.50156100     -0.36626500     -0.15140500      0.33519000      0.02135900      0.02786400     -0.02126500      0.27904200      0.75968900      0.58737200     -0.96020900      0.22809800      0.16115100     -0.01155400     -0.60896900      0.79310900      0.01309200     -0.01398500     -0.01594000     -0.40234500     -0.35024300      0.47992000      0.24236200      0.09161600      0.03555500     -0.03471500      0.53300500     -0.47057900     -0.70317900      0.66818800      0.74394200      0.00862300      0.51906700     -0.47445200      0.71096000      0.01242400     -0.03253100     -0.02214400      0.02728600     -0.25650300      0.60060000     -0.20396900
     0.18030400     -0.00566600      0.37901700     -0.45225500      0.52819100     -0.71869700     -0.76529900     -0.64359700      0.00850900     -0.45750100      0.55320700      0.69619100      0.01189400     -0.05927900     -0.04089400     -1.64062100      0.99513500     -0.96398300      0.04064300     -0.21233600     -0.03408200      0.31964600     -0.38675000     -0.68427700      0.61820800      0.90864100     -0.16870300      0.38189800     -0.15655200      0.71027400      0.68619600      0.01404700     -0.06084200      0.01438500     -0.95778300     -2.48781300      2.02548000      0.30385700      0.02171300      0.02680600     -0.02133200      0.28031900      0.78719600      0.54931000     -0.95863600      0.20014900      0.20237700      0.04936700     -0.58331900      0.81074000      0.00709000     -0.02997000      0.00768900     -0.77773600     -2.66526700      1.93188500      0.23762700      0.09210400      0.03434200     -0.03557500      0.51944000     -0.48165700     -0.70582400      0.68317100      0.73024500      0.00444700      0.51328200     -0.48450800      0.70837200      0.01267400     -0.02963400     -0.02067300      0.03995700     -0.38663900      0.81379400     -0.19041600
     0.18060900     -0.00677600      0.37823200     -0.45323100      0.53029800     -0.71652800     -0.77023200     -0.63755900      0.01527300     -0.44817300      0.55815300      0.69830800      0.01204900     -0.05653900     -0.03943200     -0.00014100     -0.18336700      0.39855400      0.05386600     -0.21200700     -0.03527500      0.32016400     -0.38128000     -0.70769400      0.59480000      0.90436200     -0.15244900      0.39852500     -0.19088500      0.69074100      0.69735400      0.03084600     -0.06298300      0.03183500     -0.10740800     -0.64870300      0.46630700      0.29874800      0.02186600      0.02622500     -0.02109400      0.27786900      0.80749800      0.52032100     -0.95720400      0.18712100      0.22078100      0.08091800     -0.55940200      0.82493600      0.00798400     -0.03053200      0.01733500     -0.33935500     -0.94766000      0.30025000      0.22603300      0.09225700      0.03378400     -0.03597000      0.52244900     -0.48306900     -0.70263000      0.68876500      0.72485300      0.01379200      0.50264100     -0.49115300      0.71142000      0.00605700     -0.02790400     -0.01947100     -0.00888300     -0.25482800      0.56093500     -0.17572000
     0.18075700     -0.00866900      0.37693400     -0.47083400      0.52798600     -0.70681700     -0.77174100     -0.63466000      0.03992100     -0.42693200      0.56361700      0.70717100     -0.00104200     -0.04219000     -0.02960500     -1.67879800      1.37971100     -1.85407500      0.07413700     -0.21115200     -0.03733500      0.32216900     -0.35117900     -0.75490300      0.55388200      0.90387300     -0.11925000      0.41076300     -0.24359900      0.64582800      0.72348300      0.01881000     -0.04125800      0.05649900     -0.53457900     -1.73724300     -0.92362400      0.32011900      0.02229000      0.02519800     -0.02013400      0.25937900      0.84328400      0.47073600     -0.95761900      0.16135600      0.23859900      0.12525100     -0.51267400      0.84939700      0.00954900     -0.01946700      0.02954600      0.12689700     -0.70177700      0.46498700      0.22456300      0.09233500      0.03281800     -0.03663300      0.53711900     -0.47939000     -0.69403600      0.69061200      0.72235100      0.03552100      0.48431000     -0.49838900      0.71906200     -0.00725600     -0.02088000     -0.01443200     -0.00148700      0.14130100     -0.30597100     -0.14257200
     0.18056300     -0.00994800      0.37603600     -0.49020600      0.52171800     -0.69825100     -0.76493000     -0.64151000      0.05761900     -0.41727200      0.56170600      0.71442100     -0.01424400     -0.02611900     -0.01809700     -0.01593600      0.20890200     -0.44300300      0.07769700     -0.21048200     -0.03875100      0.32463200     -0.30926400     -0.78448600      0.53752100      0.91113200     -0.08277200      0.40363500     -0.27177000      0.61555800      0.73965700      0.02035000     -0.04361000      0.07429300      0.10907300     -0.61630600      0.28775200      0.34666000      0.02264200      0.02446900     -0.01884200      0.21532500      0.87174900      0.44010000     -0.96441000      0.11901400      0.23610900      0.15344900     -0.47527700      0.86635100      0.01021600     -0.02127100      0.03775100      0.09052600     -0.60262400      0.29346000      0.26897800      0.09224300      0.03216500     -0.03709100      0.55720300     -0.47022700     -0.68440400      0.68279700      0.72850700      0.05536600      0.47255900     -0.49815900      0.72699600     -0.00031300     -0.01290000     -0.00916100     -0.01214200      0.20351600     -0.43646000     -0.12820200
     0.18047300     -0.01035800      0.37577300     -0.49752000      0.51882000     -0.69523000     -0.76129000     -0.64530700      0.06315300     -0.41525900      0.56004400      0.71689400     -0.01405700     -0.01790300     -0.01230900     -0.01472300      0.20789500     -0.44174600      0.07753600     -0.21029400     -0.03936300      0.32596700     -0.28068800     -0.79560700      0.53685600      0.91721800     -0.05781900      0.39408300     -0.28214700      0.60401800      0.74526400      0.00515800     -0.03005100      0.06929000      0.93210000      1.05701500     -1.81062400      0.34775400      0.02273400      0.02417900     -0.01819500      0.18885900      0.88209100      0.43156200     -0.96822300      0.09389600      0.23179200      0.16393900     -0.46162500      0.87179400      0.00258700     -0.01464700      0.03504800     -0.71869500     -1.29551400     -1.14230000      0.27698000      0.09219800      0.03195600     -0.03722600      0.56403200     -0.46645100     -0.68138800      0.67866500      0.73193200      0.06072700      0.47040400     -0.49668700      0.72939700     -0.00019600     -0.00804200     -0.00573200     -0.00593200      0.09581300     -0.20549800     -0.12575300
     0.18041600     -0.01064600      0.37560600     -0.50608500      0.51536300     -0.69161100     -0.75694100     -0.64973900      0.06965200     -0.41284800      0.55811500      0.71978600      0.00001100      0.00040800      0.00029100     -0.00600100      0.08435100     -0.18001900      0.07757700     -0.20990700     -0.04030000      0.32865100     -0.23973000     -0.80827100      0.53779000      0.92523800     -0.02264300      0.37862400     -0.29355800      0.58935700      0.75255900      0.00537900     -0.01458500      0.06541600      0.17757800      0.93474100     -2.65602400      0.40076100      0.02292100      0.02371400     -0.01687200      0.15173400      0.89257600      0.42459900     -0.97361700      0.06090000      0.21990800      0.17042600     -0.44676500      0.87826800      0.00267400     -0.00710300      0.03293400     -0.02557900     -0.32997900      0.28668600      0.31061700      0.09216400      0.03180100     -0.03731700      0.57225300     -0.46184600     -0.67766000      0.67362800      0.73600500      0.06723800      0.46770800     -0.49496800      0.73229300      0.00003500      0.00115100      0.00082100      0.00090700     -0.01227700      0.02594700     -0.12444600
     0.18040200     -0.01030700      0.37579900     -0.50310800      0.51831600     -0.69157500     -0.76068900     -0.64534900      0.06964000     -0.40959300      0.56046200      0.71982200      0.00030000      0.01155100      0.00822900      0.00687000     -0.09659600      0.20609400      0.10194300     -0.20933700     -0.04047700      0.33064000     -0.20130300     -0.81515000      0.54313800      0.92782900      0.01888900      0.37243900     -0.31360500      0.57992600      0.75179900      0.01837800      0.01080600      0.03091300      0.07135500      0.04392000      0.07436500      0.43006800      0.02321100      0.02362800     -0.01582100      0.10726500      0.89939500      0.42377100     -0.97530400      0.01241700      0.22051400      0.19306800     -0.43695900      0.87851600      0.00941400      0.00048400      0.02030900      0.27358100      0.50106000     -0.32764100      0.36956500      0.09215800      0.03197600     -0.03721700      0.56989900     -0.46499400     -0.67749100      0.67771900      0.73221200      0.06753900      0.46466200     -0.49763800      0.73242300      0.00001200      0.01171500      0.00004600      0.03770600     -0.03438000      0.07186800     -0.11007700
     0.18042500     -0.00976100      0.37616100     -0.50000300      0.51955700     -0.69289500     -0.76225500     -0.64375000      0.06727100     -0.41048500      0.56114900      0.71877700      0.00033800      0.01309000      0.00928000      0.00687000     -0.09660600      0.20608900      0.15647100     -0.20857700     -0.03997700      0.33142100     -0.18249500     -0.80064100      0.57066700      0.93302700      0.04183600      0.35727200     -0.30969700      0.59864200      0.73863300      0.01654200      0.02498200      0.00556100      0.96882400      2.00221300     -1.55283700      0.43798700      0.02359100      0.02387600     -0.01541700      0.08577100      0.88977200      0.44827100     -0.97749800     -0.01187600      0.21060400      0.19271300     -0.45624800      0.86873300      0.01593200      0.00650400      0.00610100     -0.12834400      0.15999100      0.18241300      0.39275300      0.09217000      0.03226900     -0.03702100      0.56684500     -0.46668700     -0.67888800      0.67957200      0.73071300      0.06510300      0.46569000     -0.49825700      0.73135000      0.00017300      0.00681000      0.00482800      0.00704000     -0.09659500      0.20598500     -0.05341500
