     0.06154300      0.01100000      0.38553400     -0.26561500     -0.02706100     -0.96372300     -0.29418100     -0.94964800      0.10769200     -0.91778700      0.31214200      0.24548200     -0.00062000     -0.00156500     -0.00109600     -0.32129300     -1.62455000     -0.55480600      0.51584000     -0.10439200      0.04079100      0.35514500     -0.06601700     -0.76203400      0.64415600      0.43416200      0.55920200      0.70620800     -0.89826400      0.32723500      0.29309200      0.03731100      0.00572600      0.00014800      0.00601900     -0.04547400      0.08783200     -0.78566200      0.03759200      0.03840100     -0.00723600      0.14769900      0.68211600      0.71617100     -0.29322800     -0.66135500      0.69038000      0.94456400     -0.31197100      0.10233400      0.01256500      0.00134100     -0.00035900      0.00749800     -0.03496100      0.05557400     -0.73329900      0.06833400      0.02806100     -0.05056100     -0.27516200     -0.00185700     -0.96139600     -0.23307400     -0.97003700      0.06858200     -0.93271700      0.24294700      0.26648500     -0.00028600     -0.00077200     -0.00053200     -0.35585600     -1.77394800     -0.63200000      0.51695900
     0.06145800      0.01114900      0.38541500     -0.23627100     -0.04975600     -0.97043600     -0.28601200     -0.95087600      0.11833400     -0.92836400      0.30557200      0.21164300     -0.01295400      0.00319300      0.00194700     -0.35953700     -1.96674600     -0.53612400      0.51046100     -0.10376000      0.04090700      0.35512400     -0.06848500     -0.76270200      0.64310600      0.43264300      0.55803500      0.70806100     -0.89880800      0.32767300      0.29092500      0.02494400      0.00352500     -0.00010200     -0.04284000      0.02756600      0.09766000     -0.78457200      0.03791200      0.03845700     -0.00724800      0.15001300      0.68308000      0.71477000     -0.29130500     -0.66032100      0.69218200      0.94479400     -0.31205300      0.09992700      0.01251900      0.00156900     -0.00020500     -0.04022800      0.02719600      0.09670200     -0.74358700      0.06829600      0.02813300     -0.05062200     -0.24656300     -0.02107000     -0.96889700     -0.22447600     -0.97133200      0.07824700     -0.94277000      0.23678700      0.23476500      0.00055800      0.00493100     -0.00475700     -0.28975900     -1.71641800     -0.57765500      0.51189700
     0.06127600      0.01134700      0.38540100     -0.17618800     -0.09393700     -0.97988700     -0.27052900     -0.95247800      0.13989800     -0.94624900      0.28984700      0.14362400      0.00053400      0.00134400      0.00094100     -0.31517900     -1.94249900     -0.49035800      0.50172500     -0.10280500      0.04101000      0.35501700     -0.07106800     -0.76305300      0.64241000      0.43119500      0.55713900      0.70964900     -0.89930000      0.32838300      0.28859400      0.02554100      0.00097600     -0.00181500     -0.00074600     -0.02444300      0.06252500     -0.78331100      0.03838900      0.03851200     -0.00730000      0.15249300      0.68364700      0.71370300     -0.28962500     -0.65953100      0.69363900      0.94491400     -0.31248100      0.09742700      0.00671800     -0.00120400     -0.00144000      0.01345600     -0.01222700     -0.00451600     -0.76171200      0.06820000      0.02823200     -0.05062900     -0.18355100     -0.06138700     -0.98109100     -0.20867700     -0.97286700      0.09991300     -0.96060500      0.22307100      0.16576100     -0.00604300      0.00266500      0.00173000     -0.24203900     -1.57370800     -0.57511400      0.49769100
     0.06098700      0.01145600      0.38552000     -0.12861700     -0.15442800     -0.97962000     -0.24778500     -0.95146200      0.18246800     -0.96009500      0.26639000      0.08533100     -0.01239400      0.00459000      0.00292100     -0.29536600     -1.57804700     -0.81754400      0.50032400     -0.10224200      0.04106500      0.35483500     -0.07840000     -0.76399300      0.64043700      0.42673200      0.55475500      0.71419900     -0.90080900      0.33023500      0.28169400      0.01143200      0.00876500     -0.01088900      0.00053000      0.03832100      0.05529700     -0.78276900      0.03867700      0.03853500     -0.00738800      0.15951200      0.68525000      0.71062400     -0.28433500     -0.65744600      0.69779400      0.94536100     -0.31336200      0.08997000      0.00661900     -0.00074000     -0.00112800     -0.00594700      0.00426000      0.04007500     -0.77052900      0.06806100      0.02828800     -0.05056800     -0.13317000     -0.11817400     -0.98402200     -0.18537300     -0.97237400      0.14186200     -0.97360200      0.20130200      0.10758400     -0.00609700      0.00253400      0.00163800     -0.25244700     -1.42614900     -0.77984100      0.49230200
     0.06075400      0.01161300      0.38558700     -0.09428900     -0.21895000     -0.97119300     -0.22254900     -0.94619300      0.23486600     -0.97024900      0.23855100      0.04169900      0.00185500      0.01177200     -0.00819100     -0.21241900     -1.36095400     -0.90268700      0.49574800     -0.10212900      0.04116600      0.35461100     -0.08365000     -0.76506900      0.63848600      0.41758000      0.55473700      0.71960300     -0.90461000      0.32776200      0.27224300      0.00060800     -0.00264000     -0.00176900     -0.25177300      0.30956800      0.20988500     -0.78347400      0.03873800      0.03858500     -0.00750700      0.16317600      0.68670300      0.70838600     -0.27531200     -0.65779300      0.70107700      0.94740400     -0.30942700      0.08172100      0.00030200     -0.00130000     -0.00087400     -0.33812400      0.39223400      0.27275900     -0.77951000      0.06794000      0.02836300     -0.05053100     -0.09314200     -0.18164100     -0.97894300     -0.16009800     -0.96769100      0.19478500     -0.98269600      0.17486900      0.06105200     -0.00602200      0.00270400      0.00175800     -0.11901800     -0.62520100     -1.29970600      0.48822000
     0.06066900      0.01169900      0.38557100     -0.07234600     -0.24948800     -0.96569500     -0.20819800     -0.94310300      0.25919400     -0.97533100      0.22011200      0.01749000      0.00158700      0.01109400     -0.00866400     -0.13724200     -1.61278800     -0.95347800      0.48995000     -0.10221900      0.04125500      0.35448100     -0.08612400     -0.76523600      0.63795600      0.41636300      0.55397800      0.72089100     -0.90493500      0.32865500      0.27007600     -0.00145200      0.00873100     -0.00966800     -0.03489500      0.09447600      0.05392400     -0.78364400      0.03869300      0.03862700     -0.00756800      0.16656700      0.68719700      0.70711700     -0.27308100     -0.65693400      0.70275400      0.94746000     -0.31015700      0.07823700     -0.00606300     -0.00165200     -0.00048800     -0.06048800      0.09378700      0.02245000     -0.78669500      0.06789800      0.02840700     -0.05053800     -0.07023800     -0.21038400     -0.97509100     -0.14563000     -0.96487000      0.21866900     -0.98684200      0.15736100      0.03713200     -0.00616700      0.00236600      0.00152000      0.21494900     -1.39654800     -0.85745600      0.48348400
     0.06055400      0.01187900      0.38553400     -0.02781300     -0.29873000     -0.95395600     -0.17555700     -0.93801400      0.29880100     -0.98405600      0.17615000     -0.02516600      0.00080400      0.00201100      0.00140600     -0.13641900     -1.21739000     -0.96709500      0.47681800     -0.10250300      0.04145400      0.35427800     -0.09108100     -0.76530900      0.63717900      0.41385300      0.55276700      0.72326200     -0.90559400      0.33052300      0.26555100     -0.01247700     -0.00178200      0.00004600     -0.09429400      0.04388800      0.22976100     -0.78118100      0.03855700      0.03872300     -0.00767300      0.17078700      0.68744200      0.70587100     -0.27074600     -0.65607700      0.70445600      0.94737900     -0.31142400      0.07407200     -0.00630400     -0.00059700      0.00022300     -0.18680600      0.23237400      0.12094300     -0.79224700      0.06783900      0.02849800     -0.05056200     -0.02151000     -0.25767300     -0.96599200     -0.11297000     -0.95940100      0.25843000     -0.99336400      0.11468700     -0.00847300     -0.00624600      0.00215100      0.00137200      0.29467500     -0.82573400     -0.78670000      0.46650200
     0.06028100      0.01230500      0.38541900      0.01260800     -0.35338300     -0.93541800     -0.13726200     -0.92723200      0.34838400     -0.99048300      0.12443900     -0.05903000     -0.01064400      0.01602200     -0.00550900     -0.07721500     -0.97424500     -0.89375800      0.47616100     -0.10269400      0.04154900      0.35420700     -0.09115500     -0.76509900      0.63742100      0.41416500      0.55286200      0.72301100     -0.90544400      0.33085100      0.26565300     -0.00009500      0.00041400      0.00027700     -0.00002700      0.00003300      0.00002300     -0.77924300      0.03845600      0.03877800     -0.00770900      0.17120300      0.68733100      0.70587900     -0.27093200     -0.65599100      0.70446500      0.94725100     -0.31185200      0.07391200     -0.00005200      0.00023200      0.00015800      0.00166700     -0.00238100     -0.00152400     -0.78685900      0.06770700      0.02870700     -0.05061700      0.02305100     -0.31094900     -0.95014600     -0.07490600     -0.94826400      0.30851500     -0.99692300      0.06406000     -0.04515100     -0.00519600      0.00831000     -0.00252800      0.24687700     -1.15746700     -0.90083700      0.45735800
     0.06008200      0.01257900      0.38535900      0.03386900     -0.38015200     -0.92432800     -0.11914300     -0.91978500      0.37386000     -0.99235500      0.09793200     -0.07529200     -0.01150200      0.00675300      0.00442300     -0.12900400     -0.99539800     -0.89247100      0.47991900     -0.10271900      0.04157400      0.35422600     -0.09099400     -0.76690300      0.63527200      0.41436000      0.55080500      0.72446700     -0.90537100      0.33010400      0.26682800     -0.00040400      0.00176800      0.00118500     -0.00000000      0.00000000      0.00000000     -0.77922200      0.03844400      0.03878800     -0.00770000      0.17060300      0.68937700      0.70402600     -0.27096200     -0.65413100      0.70618100      0.94735100     -0.31124100      0.07519800     -0.00022400      0.00098300      0.00065900     -0.00050500     -0.00000800     -0.00170300     -0.78783800      0.06760800      0.02884700     -0.05065100      0.04618800     -0.33687500     -0.94041500     -0.05699300     -0.94077500      0.33420400     -0.99730400      0.03816100     -0.06265200     -0.00533600      0.00793900     -0.00278000      0.13410600     -1.37649400     -1.21685100      0.45850100
     0.05952900      0.01325800      0.38517900      0.07357200     -0.43245400     -0.89867500     -0.09686500     -0.89994400      0.42507600     -0.99268000      0.05630900     -0.10697900     -0.02332400      0.01972300     -0.00322000     -0.21380900     -0.79189500     -1.07760600      0.49212300     -0.10269700      0.04160800      0.35424600     -0.09049100     -0.77250100      0.62852600      0.41494200      0.54436700      0.72898600     -0.90515600      0.32772700      0.27046600     -0.00015800      0.00069100      0.00046300      0.13256700     -0.38334400      0.72274000     -0.77620500      0.03845400      0.03880800     -0.00768900      0.16897300      0.69508800      0.69878500     -0.27098300     -0.64889500      0.71098700      0.94763600     -0.30949700      0.07871200      0.00601600      0.00163200      0.00051100      0.44539700     -1.29386200      2.43427400     -0.78996100      0.06733700      0.02918400     -0.05073700      0.08983300     -0.38761600     -0.91743200     -0.03541600     -0.92181700      0.38600100     -0.99532600     -0.00218400     -0.09653800     -0.00516700      0.00831900     -0.00251500     -0.20258400     -1.12760100     -1.16185000      0.47009400
     0.05882000      0.01415700      0.38482900      0.11340900     -0.48067400     -0.86956100     -0.08467900     -0.87669200      0.47351100     -0.99008700      0.02052500     -0.13904300     -0.01096500      0.01506600     -0.00617300     -0.22096900     -0.44628700     -1.10982900      0.50209300     -0.10265700      0.04168300      0.35430200     -0.09027000     -0.77466500      0.62588900      0.41510800      0.54188200      0.73074200     -0.90510200      0.32673700      0.27183900     -0.00060600      0.00264700      0.00177200      0.00216000     -0.01492700      0.02455400     -0.77167700      0.03847500      0.03884200     -0.00766300      0.16806900      0.69814100      0.69595300     -0.27093200     -0.64609400      0.71355300      0.94781200     -0.30848200      0.08056000     -0.00016700      0.00073000      0.00048700     -0.00049300      0.00040200     -0.00126600     -0.78898100      0.06697800      0.02963700     -0.05090900      0.13418600     -0.43477900     -0.89048300     -0.02453800     -0.89979200      0.43562700     -0.99065100     -0.03660400     -0.13140900     -0.01117800      0.01450800     -0.00653700     -0.20993700     -0.53446200     -1.15687000      0.48740300
     0.05806000      0.01520900      0.38435200      0.14101700     -0.52007700     -0.84242500     -0.09631200     -0.85409400      0.51109600     -0.98550000      0.00970300     -0.16948000     -0.00960500      0.02538100     -0.01534600     -0.15612700     -0.39330500     -0.84037100      0.49017700     -0.10267800      0.04173300      0.35432500     -0.08552800     -0.77691500      0.62376200      0.41212500      0.54228700      0.73212800     -0.90693000      0.32064900      0.27299300     -0.00014900      0.00065100      0.00043500     -0.00000000     -0.00000000     -0.00000000     -0.76801900      0.03846300      0.03887200     -0.00764900      0.16295000      0.70039000      0.69490900     -0.26773400     -0.64650600      0.71438600      0.94961200     -0.30246000      0.08217000     -0.00008100      0.00035600      0.00024000     -0.00016400      0.00022600      0.00011400     -0.79012400      0.06659700      0.03015800     -0.05114500      0.16434300     -0.47353500     -0.86530600     -0.03721500     -0.87958600      0.47428100     -0.98570000     -0.04574300     -0.16217700     -0.01109500      0.01463400     -0.00645000     -0.17520500     -0.33933000     -1.07031300      0.48511700
     0.05768400      0.01578900      0.38410800      0.14881700     -0.53658600     -0.83064700     -0.10322800     -0.84383800      0.52654900     -0.98366000      0.00804800     -0.17993100     -0.02163000      0.03060900     -0.01199900     -0.25385800     -0.63365500     -0.99444500      0.48220300     -0.10267800      0.04173300      0.35432500     -0.08793900     -0.77701300      0.62330500      0.41050500      0.54174400      0.73343900     -0.90743000      0.32133100      0.27051600     -0.00000200      0.00001000      0.00000600     -0.00568600      0.00698600      0.00475400     -0.76757400      0.03846300      0.03887200     -0.00764800      0.16544900      0.70070000      0.69400600     -0.26574200     -0.64600100      0.71558500      0.94974000     -0.30282000      0.07932500      0.00001000     -0.00004600     -0.00003100      0.01289300     -0.00928300     -0.00803400     -0.79322700      0.06641300      0.03044300     -0.05127000      0.17095900     -0.48905100     -0.85533600     -0.04351400     -0.87101800      0.48931900     -0.98431600     -0.04643500     -0.17019000     -0.01068900      0.01558300     -0.00579100     -0.06990300     -0.02163000     -0.88366500      0.47564600
     0.05676300      0.01711900      0.38368400      0.14149400     -0.55696400     -0.81842300     -0.10658900     -0.83050500      0.54669300     -0.98437300      0.01056900     -0.17585600     -0.02053200      0.03303900     -0.01030200      0.04743000      0.25356300     -0.56398400      0.48133400     -0.10267300      0.04171200      0.35429900     -0.09020300     -0.77880400      0.62074100      0.40911500      0.53917500      0.73610400     -0.90783300      0.32132000      0.26917700      0.00028200     -0.00123100     -0.00082400     -0.00349200      0.00429200      0.00292100     -0.76758800      0.03846500      0.03886300     -0.00766000      0.16719300      0.70289900      0.69136000     -0.26403700     -0.64369400      0.71829000      0.94991000     -0.30263800      0.07797000     -0.00078800      0.00464200     -0.00464400      0.04718100     -0.00033400     -0.01266900     -0.79600300      0.06595900      0.03109300     -0.05148000      0.16695000     -0.51061500     -0.84344500     -0.04804100     -0.85864700      0.51030900     -0.98479300     -0.04467700     -0.16788200     -0.01647400      0.01864500     -0.00381300      0.06051400      0.29326700     -0.54949000      0.46584900
     0.05590400      0.01825900      0.38348500      0.12719800     -0.57423900     -0.80877400     -0.11167900     -0.81850300      0.56351800     -0.98574100      0.01935400     -0.16723200     -0.02021500      0.03357900     -0.00993100      0.37016700      0.38876500     -1.08958100      0.48221900     -0.10269700      0.04169400      0.35426700     -0.09003500     -0.78318500      0.61522800      0.40315800      0.53608700      0.74162500     -0.91051000      0.31577800      0.26668000      0.00005600     -0.00024700     -0.00016500     -0.01998400      0.02290100      0.02353500     -0.76781400      0.03845400      0.03885000     -0.00767900      0.16606600      0.70795200      0.68645800     -0.25722700     -0.64092500      0.72322000      0.95197400     -0.29667900      0.07566800      0.00003500     -0.00015400     -0.00010100      0.01141800     -0.02262300      0.07034900     -0.79208400      0.06553100      0.03166900     -0.05158200      0.15430600     -0.52703300     -0.83571800     -0.05438000     -0.84909700      0.52542900     -0.98652400     -0.03563100     -0.15968100     -0.01070100      0.01184200     -0.00022900      0.01860000      0.17722700     -0.37389200      0.46568600
     0.05553000      0.01869000      0.38346800      0.12049300     -0.57963500     -0.80594700     -0.11679600     -0.81450100      0.56826000     -0.98598200      0.02637500     -0.16483500     -0.00897100      0.01945500     -0.00312100      0.02721300      0.08391100     -0.19230900      0.48380600     -0.10270700      0.04170200      0.35424900     -0.09243200     -0.78336800      0.61464000      0.40157200      0.53541400      0.74297100     -0.91096800      0.31646900      0.26428900      0.00001400     -0.00006000     -0.00004000     -0.17294600      0.21249800      0.14465100     -0.76757000      0.03844900      0.03885400     -0.00768800      0.16724200      0.70816100      0.68595700     -0.25633300     -0.64059700      0.72382800      0.95200900     -0.29688900      0.07439000      0.00000200     -0.00000500     -0.00000200     -0.29224800      0.33114100      0.23153900     -0.79420600      0.06533200      0.03190000     -0.05159200      0.14675600     -0.53558400     -0.83163100     -0.05906200     -0.84397900      0.53311300     -0.98740700     -0.02912000     -0.15549200     -0.01057700      0.01210000     -0.00005200      0.01837200      0.17591300     -0.37248600      0.46617600
     0.05490000      0.01940000      0.38357500      0.10481100     -0.59075500     -0.80004300     -0.11049700     -0.80641100      0.58091600     -0.98847700      0.02824600     -0.14879800     -0.00981300      0.01034300      0.00684500      1.09211200      0.94688600     -2.36911200      0.49880900     -0.10277600      0.04171200      0.35424000     -0.09246500     -0.78320000      0.61484800      0.40162400      0.53558500      0.74282000     -0.91094100      0.31659500      0.26422900     -0.00000600      0.00002500      0.00001700     -0.00003700      0.00004500      0.00003100     -0.76776600      0.03841400      0.03886000     -0.00769200      0.16816200      0.70804900      0.68584700     -0.25582700     -0.64057000      0.72403200      0.95198300     -0.29721300      0.07341800     -0.00000300      0.00001900      0.00001500      0.00230200     -0.00237000     -0.00178800     -0.79551300      0.06501700      0.03225700     -0.05154300      0.13274500     -0.54587700     -0.82728200     -0.05387100     -0.83740800      0.54391500     -0.98968400     -0.02763600     -0.14056900     -0.00433700      0.01003600     -0.00134000      0.11114100      0.27961800     -0.05447100      0.47793300
     0.05452600      0.01973300      0.38383100      0.09100300     -0.59833600     -0.79608800     -0.10542500     -0.80070300      0.58968700     -0.99038000      0.03100400     -0.13495200      0.00213600      0.00505000      0.00348100      0.04890400      0.21913500     -0.11391300      0.51250300     -0.10286200      0.04171200      0.35422500     -0.09256300     -0.78271200      0.61545600      0.40168300      0.53611400      0.74240600     -0.91090600      0.31690800      0.26397600     -0.01229900     -0.00251700     -0.00044900     -0.00204500      0.01520500     -0.02924500     -0.76783800      0.03837600      0.03886100     -0.00769900      0.16834000      0.70751200      0.68635800     -0.25595200     -0.64103900      0.72357200      0.95191800     -0.29748100      0.07317700      0.00000200      0.00000000      0.00000600     -0.01499400      0.10288200     -0.16948100     -0.79322700      0.06482700      0.03242800     -0.05141200      0.11821700     -0.55642000     -0.82244700     -0.04818900     -0.83049400      0.55493800     -0.99181700     -0.02597000     -0.12499200     -0.00505500      0.00481100      0.00317400      0.04068700      0.21898900     -0.11504600      0.49720100
     0.05450800      0.01982600      0.38410100      0.08112800     -0.59868300     -0.79689500     -0.10293100     -0.80029000      0.59068900     -0.99148800      0.03484300     -0.12555400      0.00198500      0.00469200      0.00322700      0.11395700      0.26707000      0.13084600      0.51411800     -0.10291000      0.04171000      0.35421700     -0.09244600     -0.78417700      0.61360500      0.40193800      0.53430200      0.74357300     -0.91080500      0.31634500      0.26499800     -0.00000000      0.00000000      0.00000000      0.00000000     -0.00000000      0.00000000     -0.76849000      0.03834700      0.03885900     -0.00770300      0.16786800      0.70917900      0.68475100     -0.25607000     -0.63939600      0.72498200      0.95197000     -0.29704600      0.07426500      0.00000200     -0.00000000      0.00000300     -0.00079700      0.00083800     -0.00230900     -0.79486000      0.06481700      0.03247500     -0.05127700      0.10917300     -0.55779400     -0.82276700     -0.04626900     -0.82966900      0.55633400     -0.99294400     -0.02266800     -0.11638700      0.00115000      0.00272900      0.00188100      0.17547500      0.47282800      0.04658900      0.50732500
     0.05460100      0.01985000      0.38422800      0.07667800     -0.60089200     -0.79567200     -0.10134800     -0.79858700      0.59326100     -0.99200000      0.03589200     -0.12113900      0.00112600     -0.00435000      0.01324800      0.02513700      0.10323300     -0.01912700      0.51104300     -0.10290100      0.04171200      0.35421700     -0.09244400     -0.78419200      0.61358600      0.40193800      0.53428500      0.74358600     -0.91080500      0.31633700      0.26500600     -0.00000000      0.00000000      0.00000000     -0.00000000      0.00000000      0.00000000     -0.76907400      0.03835200      0.03886000     -0.00770300      0.16786400      0.70918300      0.68474800     -0.25606400     -0.63939600      0.72498500      0.95197200     -0.29703800      0.07426500      0.00615200      0.00125800      0.00022700      0.00190200     -0.01516200      0.02893200     -0.79535000      0.06486300      0.03248700     -0.05121900      0.10390400     -0.55995200     -0.82198300     -0.04427600     -0.82824100      0.55861900     -0.99360100     -0.02164900     -0.11085000      0.00114200      0.00270800      0.00185900      0.10371000      0.21896000     -0.39402400      0.50732500
     0.05475800      0.01993000      0.38449100      0.07280500     -0.60161000     -0.79549300     -0.10086200     -0.79796400      0.59418200     -0.99233700      0.03771900     -0.11778100      0.00240800      0.00570300      0.00390900      0.00154900     -0.01125500      0.02656200      0.50184500     -0.10284700      0.04173100      0.35422400     -0.09489800     -0.78411700      0.61330800      0.40030700      0.53391000      0.74473400     -0.91126800      0.31715800      0.26242200     -0.00002900      0.00012500      0.00008400     -0.28024600      0.34573800      0.23531400     -0.76898900      0.03837900      0.03886900     -0.00770000      0.16829100      0.70903000      0.68480100     -0.25580900     -0.63949500      0.72498700      0.95196500     -0.29718700      0.07375500     -0.00001600      0.00007500      0.00005100     -0.32977100      0.40666500      0.27685800     -0.79583900      0.06494200      0.03252500     -0.05108300      0.10027800     -0.56104300     -0.82168900     -0.04406400     -0.82754600      0.55966500     -0.99398200     -0.01991500     -0.10770700      0.00107900      0.00256300      0.00175400     -0.00800900     -0.01291800     -0.00700300      0.49899700
     0.05481700      0.01997700      0.38474300      0.06782100     -0.60425700     -0.79392700     -0.10521300     -0.79565500      0.59651800     -0.99223100      0.04382200     -0.11654600      0.00192400      0.00456100      0.00312100      0.96054700      0.77810500     -2.44305100      0.49270900     -0.10270400      0.04178300      0.35424400     -0.09488300     -0.78431000      0.61306300      0.40029700      0.53368500      0.74490000     -0.91127400      0.31705900      0.26252100      0.01228300      0.00258200      0.00049200      0.00198500     -0.01513100      0.02929600     -0.76845200      0.03844500      0.03889500     -0.00768900      0.17021700      0.70947300      0.68386500     -0.25422600     -0.63888200      0.72608300      0.95204700     -0.29744800      0.07161700     -0.00000400      0.00001400      0.00000800      0.00284500     -0.00268700     -0.00205400     -0.79534900      0.06497200      0.03255000     -0.05095600      0.09658500     -0.56192000     -0.82153200     -0.04938700     -0.82708000      0.55990800     -0.99409800     -0.01350600     -0.10763500      0.00076700      0.00182800      0.00125200      0.00000800     -0.00052500     -0.00010000      0.48952600
     0.05485500      0.01998000      0.38483000      0.06688100     -0.60600400     -0.79267300     -0.10450400     -0.79433900      0.59839400     -0.99236900      0.04356500     -0.11546600      0.00151100      0.00358400      0.00245000      0.00152300     -0.01235400      0.02394300      0.48521900     -0.10264000      0.04179600      0.35424600     -0.09491100     -0.78423300      0.61315800      0.40029600      0.53376800      0.74484200     -0.91127100      0.31711100      0.26246600     -0.00000000      0.00000100      0.00000100     -0.00000100      0.00000100      0.00000100     -0.76906900      0.03848200      0.03890200     -0.00768800      0.17023100      0.70940000      0.68393800     -0.25425400     -0.63894700      0.72601700      0.95203700     -0.29748400      0.07159900      0.00615100      0.00124700      0.00021400      0.00237100     -0.01568100      0.02896100     -0.79534900      0.06499200      0.03255300     -0.05091100      0.09478700     -0.56601600     -0.81892600     -0.04794600     -0.82427000      0.56416100     -0.99434100     -0.01421100     -0.10526900      0.00070500      0.00167900      0.00114800     -0.00117200     -0.01520600      0.03160100      0.48217800
     0.05486100      0.01993600      0.38499400      0.06057400     -0.61615000     -0.78532500     -0.10736300     -0.78623100      0.60851200     -0.99246100      0.04821600     -0.11279600      0.00066400      0.00157500      0.00107600     -0.12152400      0.08076600     -0.02172600      0.46678300     -0.10254200      0.04183100      0.35425900     -0.09733300     -0.78433700      0.61264400      0.39865500      0.53318800      0.74613700     -0.91173200      0.31783100      0.25998600     -0.00000700      0.00003000      0.00002000     -0.00008300      0.00010200      0.00007000     -0.76930100      0.03853100      0.03892000     -0.00768100      0.17256500      0.70969500      0.68304600     -0.25241500     -0.63843200      0.72711100      0.95210600     -0.29788600      0.06896700     -0.00000100     -0.00000000     -0.00000400      0.00327300     -0.00312800     -0.00237500     -0.79551300      0.06499500      0.03253200     -0.05082800      0.08945000     -0.57693200     -0.81187800     -0.05129000     -0.81673300      0.57473100     -0.99466900     -0.00976900     -0.10264700      0.00030500      0.00073300      0.00050100     -0.11099100      0.10181600     -0.00149900      0.46111400
     0.05471900      0.01979500      0.38513900      0.05127900     -0.61964800     -0.78323200     -0.11636500     -0.78263300      0.61148800     -0.99195900      0.06055000     -0.11125900     -0.01433600     -0.00746700      0.01082900     -0.03477500      0.03499900     -0.04433700      0.44696800     -0.10247700      0.04184500      0.35425100     -0.09973200     -0.78453200      0.61200800      0.39703200      0.53249700      0.74749400     -0.91217700      0.31850900      0.25758100      0.00000100     -0.00000300     -0.00000200     -0.00030400      0.00037500      0.00025500     -0.76947300      0.03856400      0.03892700     -0.00768600      0.17485400      0.71009500      0.68204900     -0.25058400     -0.63781600      0.72828400      0.95217300     -0.29825400      0.06641300     -0.00000100     -0.00000200     -0.00000300      0.00630200     -0.00574000     -0.00445600     -0.79681900      0.06493000      0.03246600     -0.05075900      0.08022900     -0.58091600     -0.80999900     -0.06036400     -0.81395900      0.57777600     -0.99494600      0.00254000     -0.10037000     -0.00030500     -0.00071600     -0.00048400      0.00035800      0.00014700      0.00092500      0.43547700
     0.05462900      0.01962300      0.38533600      0.04755500     -0.62057700     -0.78273100     -0.11499300     -0.78181300      0.61279500     -0.99230000      0.06163400     -0.10756300     -0.00121300     -0.00988300      0.00945600     -0.00774800      0.08025100      0.01434200      0.43422600     -0.10247000      0.04186500      0.35422800     -0.10175600     -0.78833200      0.60677000      0.39590700      0.52734800      0.75172800     -0.91244000      0.31769600      0.25765500      0.00000500     -0.00002100     -0.00001400     -0.00174200      0.00064400      0.00836200     -0.76901500      0.03856700      0.03893600     -0.00769800      0.17594100      0.71465800      0.67698300     -0.24885300     -0.63308400      0.73299100      0.95242600     -0.29743300      0.06645900     -0.00614500     -0.00126800     -0.00023300      0.01283700     -0.00260300     -0.02368200     -0.79600300      0.06487900      0.03237700     -0.05066300      0.07638800     -0.58202300     -0.80957600     -0.05884600     -0.81316400      0.57905000     -0.99533900      0.00340800     -0.09636600      0.00008200      0.00020000      0.00013800      0.01882300      0.05325200      0.02650300      0.41163600
     0.05456700      0.01952200      0.38544800      0.04264300     -0.62371400     -0.78051800     -0.11247300     -0.77926300      0.61649900     -0.99280600      0.06226900     -0.10240600      0.00000200      0.00000500      0.00000300      0.32780700      0.33493300     -0.69425700      0.43370500     -0.10250100      0.04187600      0.35421500     -0.10378300     -0.79203800      0.60157800      0.39476000      0.52224500      0.75588200     -0.91270500      0.31691000      0.25768200     -0.01229400     -0.00252800     -0.00045500     -0.02168100      0.03791900     -0.00585800     -0.76860500      0.03855600      0.03894300     -0.00770400      0.17704200      0.71911800      0.67195500     -0.24708400     -0.62840000      0.73760500      0.95268200     -0.29661700      0.06642900     -0.00000000      0.00000700      0.00000200      0.00200200      0.00202600      0.01375900     -0.79355300      0.06484700      0.03232300     -0.05060300      0.07204800     -0.58495200     -0.80786100     -0.05672900     -0.81105800      0.58220700     -0.99578600      0.00388200     -0.09161900     -0.00065000     -0.00514100      0.00462700      0.96154800      0.91729000     -2.43278300      0.40575800
     0.05446000      0.01925300      0.38565200      0.02786000     -0.62811300     -0.77765300     -0.10526900     -0.77547700      0.62251600     -0.99410100      0.06529600     -0.08675400     -0.00162300     -0.01085400      0.00879800      0.09443700      0.30371200      0.09915900      0.44527700     -0.10265500      0.04194100      0.35411000     -0.11016800     -0.79986500      0.58997500      0.39102300      0.51072600      0.76563300     -0.91355700      0.31603500      0.25573100      0.00007800     -0.00034100     -0.00022800     -0.05511400     -0.01708900      0.22810800     -0.77059900      0.03847500      0.03897500     -0.00775700      0.18121400      0.72847200      0.66067300     -0.24211000     -0.61807400      0.74790800      0.95317500     -0.29548700      0.06436600     -0.00708300      0.00404100     -0.00442700     -0.02733700      0.09548100      0.03671900     -0.78996100      0.06479400      0.03219300     -0.05050400      0.05786000     -0.59127300     -0.80439200     -0.04960900     -0.80644900      0.58921700     -0.99709000      0.00581300     -0.07599400     -0.00088100     -0.00558100      0.00429400      0.25344700      0.63117200     -0.20482400      0.40739100
     0.05444200      0.01909100      0.38582100     -0.00062500     -0.63991100     -0.76847900     -0.09102900     -0.76525800      0.63723400     -0.99586100      0.07114300     -0.05681100     -0.00096200     -0.00929100      0.00986800      0.45542200      0.98700100     -0.85682400      0.48454300     -0.10289200      0.04213700      0.35397000     -0.11899800     -0.80647900      0.57915700      0.38556800      0.49987400      0.77549800     -0.91475500      0.31658900      0.25071300     -0.00214600      0.01178200     -0.00760900     -0.23514800      0.32652300      0.24758300     -0.77366800      0.03835600      0.03907200     -0.00782700      0.18690300      0.73675900      0.64980900     -0.23622500     -0.60835100      0.75769800      0.95355300     -0.29511800      0.06033800     -0.00107700      0.00592500     -0.00377900     -0.32316400      0.40194700      0.30105000     -0.79306400      0.06478500      0.03210900     -0.05042100      0.03107200     -0.60455900     -0.79595300     -0.03617700     -0.79649600      0.60355900     -0.99886100      0.01004200     -0.04662000      0.00027800      0.00057600      0.00042200      1.21918400      1.65819100     -2.28418500      0.43972300
     0.05439300      0.01907400      0.38586900     -0.01917200     -0.64455200     -0.76435000     -0.08304500     -0.76082800      0.64359600     -0.99635100      0.07661200     -0.03798400     -0.00131300     -0.01011900      0.00930300      0.33557500      1.04186900      0.03457700      0.51045200     -0.10298800      0.04229200      0.35389500     -0.12304300     -0.81271300      0.56951600      0.38321600      0.49033700      0.78271800     -0.91520300      0.31556600      0.25036900     -0.00227200      0.01234200     -0.00723200     -0.16971400      0.24531400      0.19305500     -0.77662600      0.03830900      0.03914400     -0.00786300      0.18916300      0.74424200      0.64056200     -0.23297500     -0.59969700      0.76556100      0.95390700     -0.29405200      0.05994900     -0.00735100      0.00524700     -0.00361800     -0.33718300      0.42841500      0.28083000     -0.79143000      0.06476100      0.03210300     -0.05039500      0.01426100     -0.61156800     -0.79106200     -0.02882600     -0.79106500      0.61105000     -0.99948200      0.01408900     -0.02891000      0.00001000      0.00003700      0.00002400      0.21460300      0.67586400     -0.12082900      0.47074800
     0.05456600      0.01901500      0.38580900     -0.04795000     -0.65910300     -0.75055300     -0.07167600     -0.74721700      0.66068200     -0.99622900      0.08629100     -0.01047400      0.01336600      0.00513600     -0.01243300      0.23681700      0.62228100     -0.56379700      0.51972300     -0.10303800      0.04275200      0.35374500     -0.13108900     -0.82410600      0.55105000      0.37829900      0.47208500      0.79621500     -0.91612000      0.31386200      0.24915300      0.00937600      0.01760000     -0.00494500     -0.07882100      0.03481400      0.32856100     -0.78139600      0.03828000      0.03937000     -0.00793900      0.19458200      0.75822600      0.62227800     -0.22572600     -0.58276300      0.78066200      0.95456000     -0.29236800      0.05775600     -0.00154800      0.00799800     -0.00239500     -0.08852200      0.05494800      0.32265900     -0.78587900      0.06484200      0.03207000     -0.05041600     -0.01580700     -0.62747800     -0.77847300     -0.01738800     -0.77828000      0.62767500     -0.99972300      0.02345800      0.00139200      0.00597200     -0.00264500     -0.00166700      0.42790300      0.93314300     -1.17059600      0.51140700
     0.05520000      0.01888200      0.38567000     -0.06371000     -0.67630900     -0.73388900     -0.06709600     -0.73082500      0.67923800     -0.99564500      0.09335200      0.00210200      0.02541400     -0.00686800     -0.00415000     -0.00768600      0.15051200     -0.30261400      0.52020600     -0.10307400      0.04337300      0.35360700     -0.14185400     -0.83069100      0.53835100      0.37094800      0.45949300      0.80696800     -0.91750700      0.31520500      0.24225800      0.00895200      0.01936800     -0.00376300     -0.23822800      0.30730200      0.27623000     -0.78652000      0.03826200      0.03968100     -0.00800800      0.20180500      0.76676000      0.60938700     -0.21806000     -0.57139800      0.79117200      0.95484200     -0.29254600      0.05188900     -0.00179400      0.00905700     -0.00168800     -0.38117800      0.34584600      0.55059700     -0.79061400      0.06515300      0.03200500     -0.05049100     -0.03066200     -0.64659000     -0.76222000     -0.01373400     -0.76223400      0.64715500     -0.99943400      0.03031200      0.01449100      0.00645700     -0.00147400     -0.00088100     -0.02082200      0.24183300     -0.52313200      0.51859200
