     0.08856300      0.05683200      0.41111300     -0.23670600      0.63532300     -0.73510600     -0.51956800     -0.72204600     -0.45680600     -0.82071200      0.27301400      0.50191900     -0.00178000     -0.00565700     -0.00234300     -0.00095900      0.01253100     -0.02593500      0.48998800     -0.12373200      0.01475300      0.34575100      0.26314400      0.42554800      0.86582600     -0.38953400      0.86792600     -0.30805900     -0.88286600     -0.25675100      0.39305200     -0.00210200      0.01459300     -0.00548000      0.03661600     -0.00679700      0.02037600     -0.70268200      0.02776300      0.02546200     -0.01191500     -0.09340500     -0.54221800      0.83502900      0.39286300     -0.79071400     -0.46949800      0.91484000      0.28419900      0.28687400     -0.00034700      0.00229100      0.00178700     -0.00147900     -0.01960100      0.02129500     -0.82702800      0.08175000      0.05048600     -0.03747900     -0.29396800      0.64542000     -0.70499200     -0.47308700     -0.73914900     -0.47942200     -0.83052400      0.19258900      0.52262600     -0.00630000     -0.00102200     -0.00011900     -0.00283800      0.01540500     -0.03104100      0.47776900
     0.08840900      0.05666700      0.41102900     -0.23399700      0.63439700     -0.73677000     -0.51795500     -0.72259700     -0.45776300     -0.82250800      0.27370500      0.49859100     -0.00147700     -0.00468500     -0.00194500     -0.00000100     -0.00011400     -0.00005500      0.49008500     -0.12378800      0.01514800      0.34564200      0.27695300      0.41350500      0.86735300     -0.35768700      0.88216800     -0.30622400     -0.89209200     -0.22596300      0.39111900     -0.00201500      0.01401200     -0.00593100      0.02703100      0.02420900      0.03907800     -0.70401200      0.02773300      0.02566900     -0.01196900     -0.10747300     -0.53144300      0.84024800      0.36263900     -0.80787100     -0.46458100      0.92571100      0.25477700      0.27954600     -0.00102000      0.00707200     -0.00290700      0.01886800      0.00104800      0.01467900     -0.82702800      0.08167300      0.05040300     -0.03752200     -0.29121300      0.64472900     -0.70676600     -0.47145800     -0.73956200     -0.48038900     -0.83241900      0.19331500      0.51933300     -0.00640000     -0.00132800     -0.00024900     -0.00384200      0.03165600     -0.05402700      0.47711600
     0.08832200      0.05659500      0.41099300     -0.23808800      0.63277500     -0.73685500     -0.51356800     -0.72589300     -0.45749200     -0.82407800      0.26871000      0.49871600     -0.01149700      0.00833000     -0.00949700      0.39992700      0.22373500     -0.26197400      0.49050300     -0.12383400      0.01539500      0.34557000      0.28052500      0.40794600      0.86883700     -0.34678700      0.88712600     -0.30443300     -0.89528100     -0.21642600      0.38922400     -0.01531300      0.01274900     -0.00549400      0.02424300      0.04492200      0.01391900     -0.70489900      0.02771000      0.02579200     -0.01200500     -0.11106700     -0.52636700      0.84297100      0.35253500     -0.81392600     -0.46178200      0.92918300      0.24588900      0.27596200     -0.00767000      0.00645900     -0.00267600      0.01536100      0.01617800     -0.01594400     -0.82523200      0.08163300      0.05036200     -0.03753700     -0.29487400      0.64298800     -0.70683400     -0.46726900     -0.74227600     -0.48029500     -0.83349100      0.18865500      0.51932700     -0.00084800     -0.00266000     -0.00111500      1.23870200      0.77593700     -0.85726000      0.47711600
     0.08809700      0.05647200      0.41091000     -0.23561600      0.63168800     -0.73858000     -0.51185700     -0.72662500     -0.45824700     -0.82585400      0.26928700      0.49545700     -0.00150600     -0.00476200     -0.00198300      0.00442100     -0.00246400      0.00441400      0.49141000     -0.12402300      0.01601100      0.34524000      0.28302600      0.39384600      0.87451400     -0.32508900      0.89722400     -0.29873100     -0.90261200     -0.20025500      0.38085900     -0.00175300      0.01227200     -0.00727300     -0.03433900      0.23865200      0.17298100     -0.70439700      0.02761700      0.02609100     -0.01215900     -0.11423400     -0.51374100      0.85030600      0.33251500     -0.82631500     -0.45457400      0.93615400      0.23081200      0.26521900     -0.00091000      0.00635500     -0.00346100     -0.02520900      0.37183000      0.29339000     -0.82229300      0.08151700      0.05030600     -0.03758100     -0.29262400      0.64199500     -0.70866900     -0.46506900     -0.74310300     -0.48115200     -0.83551200      0.18878400      0.51602200     -0.00035200      0.00229000     -0.00582500      0.04340300     -0.00660600      0.00461000      0.47776900
     0.08779400      0.05633200      0.41076200     -0.23477400      0.63215800     -0.73844600     -0.51026400     -0.72668200     -0.45993000     -0.82707900      0.26803300      0.49409100     -0.00266300     -0.00839400     -0.00350700     -0.00092000      0.01252400     -0.02589300      0.49298500     -0.12427200      0.01663700      0.34469700      0.28346200      0.37156600      0.88407000     -0.29293900      0.91137600     -0.28898700     -0.91342200     -0.17754200      0.36606100     -0.01596400      0.01782800     -0.01832200     -0.14679900      0.78495600      0.26152500     -0.70327500      0.02749600      0.02641300     -0.01243000     -0.11569800     -0.49367600      0.86191400      0.30285700     -0.84395500     -0.44273600      0.94598600      0.20981300      0.24715800     -0.00056900      0.00407200     -0.00522500     -0.21456800      0.78933400      0.46858500     -0.82294600      0.08136700      0.05024300     -0.03765200     -0.29183400      0.64255900     -0.70848400     -0.46352800     -0.74294500     -0.48288100     -0.83664500      0.18748100      0.51466100     -0.00633200      0.00234800     -0.00550700      0.02834200      0.01067400     -0.04371900      0.47940200
     0.08762900      0.05624300      0.41066000     -0.23181200      0.63136200     -0.74006100     -0.50859700     -0.72711900     -0.46108300     -0.82894200      0.26871900      0.49058400     -0.00191700      0.00078900     -0.01325400      0.03968100     -0.54663800     -0.25286600      0.49369900     -0.12446200      0.01698700      0.34435500      0.27761800      0.36330100      0.88934300     -0.28761200      0.91471100     -0.28375400     -0.91689700     -0.17748200      0.35729800     -0.00273900      0.01943100     -0.01847700     -0.08598100      0.52509100      0.33949500     -0.70353200      0.02739600      0.02658600     -0.01260200     -0.10859100     -0.48471100      0.86790700      0.29886300     -0.84859800     -0.43653400      0.94809700      0.21198200      0.23701200     -0.00803000      0.00929500     -0.00885400     -0.11219100      0.68038600      0.44565000     -0.82278300      0.08128300      0.05019400     -0.03770500     -0.29025000      0.64328000     -0.70848000     -0.46212500     -0.74252400     -0.48486800     -0.83797000      0.18667400      0.51279300     -0.00099200      0.00027900     -0.00667300      0.03518400     -0.54456600     -0.25700100      0.48038200
     0.08724400      0.05594000      0.41032100     -0.23296900      0.62989800     -0.74094400     -0.49556800     -0.73239500     -0.46688500     -0.83647200      0.25763000      0.48370300     -0.00400400     -0.00573200     -0.01602200      0.03220100     -0.03338400     -0.05504700      0.49482500     -0.12490000      0.01788500      0.34357600      0.25872200      0.34577900      0.90193700     -0.28905100      0.91866300     -0.26914900     -0.92193600     -0.19152000      0.33647900     -0.00448600      0.03178400     -0.02562600     -0.12859600      0.79508600      0.35786600     -0.70492900      0.02717800      0.02702600     -0.01299200     -0.08979100     -0.46774100      0.87929200      0.30288200     -0.85386700     -0.42328700      0.94878800      0.22831500      0.21833900     -0.00879000      0.01479300     -0.01295800     -0.20876300      0.84796200      0.38368500     -0.82686500      0.08109400      0.05005000     -0.03786600     -0.28975500      0.64033300     -0.71134700     -0.44842800     -0.74743400     -0.49015700     -0.84554900      0.17696300      0.50371600     -0.00804500     -0.00640200     -0.00239500     -0.00850300     -0.07359900      0.11614300      0.48234100
     0.08692300      0.05549200      0.40969800     -0.22745800      0.62862400     -0.74373400     -0.47395600     -0.73859100     -0.47939700     -0.85039900      0.24266800      0.46686300     -0.00653000     -0.01358500     -0.01941700      4.14127700      2.36208400     -2.78531000      0.49528600     -0.12540800      0.01913900      0.34259800      0.23560200      0.32471400      0.91599300     -0.29180100      0.92267600     -0.25190400     -0.92722500     -0.20836000      0.31097100     -0.01791200      0.03198500     -0.02401200     -0.09593200      0.81138700      0.07522200     -0.70627400      0.02693200      0.02763300     -0.01347100     -0.06588500     -0.44584400      0.89268200      0.30878800     -0.85982000     -0.40664200      0.94884600      0.24885800      0.19432000     -0.00897800      0.01624100     -0.01180800     -0.15088000      1.13954000      0.29182500     -0.82784500      0.08093800      0.04983500     -0.03816400     -0.28149300      0.64175400     -0.71338100     -0.43125900     -0.74874000     -0.50339200     -0.85719100      0.16595100      0.48752700     -0.00322000     -0.00668900     -0.00965300      0.08504100     -0.54748100     -0.27326200      0.48397400
     0.08659600      0.05500600      0.40875500     -0.20681700      0.62847300     -0.74986300     -0.45325900     -0.74070900     -0.49586000     -0.86681500      0.23654400      0.43898400     -0.00867800     -0.02021100     -0.02238100      0.04468600     -0.72387300     -0.18414400      0.49003200     -0.12590900      0.02071000      0.34153900      0.20982700      0.29862100      0.93101500     -0.29667800      0.92676400     -0.23027000     -0.93182500     -0.22828300      0.28187100     -0.00510100      0.03619800     -0.02207500     -0.14667800      1.07502000      0.04964900     -0.70604500      0.02667400      0.02843300     -0.01401500     -0.03968900     -0.41931900      0.90697000      0.31724500     -0.86601000     -0.38650000      0.94751200      0.27239200      0.16739800     -0.00991500      0.02304200     -0.01485900     -0.12408000      1.18236600      0.37602100     -0.81951700      0.08077300      0.04959300     -0.03864500     -0.26519900      0.64209500     -0.71929200     -0.40608500     -0.75099400     -0.52067400     -0.87450700      0.15401100      0.45990800     -0.00948400     -0.00395700     -0.01509500      0.08586700     -0.80981300     -0.19391900      0.48070900
     0.08639500      0.05476300      0.40816000     -0.19686500      0.62968200     -0.75152500     -0.43718800     -0.74241700     -0.50759800     -0.87733200      0.22784200      0.42237900     -0.00827700     -0.01208600     -0.03265100      1.79960100     -1.40346100      1.88519900      0.48746300     -0.12618900      0.02163600      0.34098200      0.18857300      0.28454200      0.93993000     -0.31687400      0.92353600     -0.21588400     -0.92969000     -0.25749800      0.26312300     -0.02008200      0.04781400     -0.02834200     -0.44484300      1.40980100      0.50101600     -0.70690700      0.02654000      0.02889000     -0.01429200     -0.01950100     -0.40624500      0.91355500      0.33860000     -0.86241800     -0.37627700      0.94072700      0.30199300      0.15437200     -0.00346100      0.02467000     -0.01427000     -0.91842500      0.76784000      0.68626100     -0.80629000      0.08067100      0.04946600     -0.03894000     -0.25590700      0.64166800     -0.72303000     -0.39096400     -0.75273600     -0.52965500     -0.88411400      0.14713600      0.44350000     -0.00428400     -0.00655500     -0.01653300      0.05982500     -0.59296200      0.09216100      0.47727900
     0.08599200      0.05417500      0.40679200     -0.17867500      0.62329700     -0.76132900     -0.39883600     -0.75317800     -0.52309100     -0.89924200      0.20940200      0.38411300     -0.00953800     -0.00905600     -0.04527500      1.79121200     -2.16199800      1.77249100      0.47939100     -0.12667500      0.02374500      0.33993400      0.13469700      0.25845200      0.95658300     -0.36736000      0.90960400     -0.19391100     -0.92036200     -0.32562400      0.21625100     -0.00785300      0.05574000     -0.02350700     -0.29633300      1.79842500      0.59835500     -0.70839100      0.02629400      0.02993700     -0.01482200      0.03398300     -0.37847500      0.92498700      0.39094300     -0.84674000     -0.36082200      0.91978600      0.37387900      0.11918700     -0.00385800      0.02745600     -0.01205900     -0.32356300      1.74727300      0.26263300     -0.78408200      0.08047100      0.04917300     -0.03961800     -0.23957700      0.63813000     -0.73170500     -0.35242800     -0.75940700     -0.54689600     -0.90465300      0.12685000      0.40683200     -0.00536800     -0.00988000     -0.01809800      0.10368800     -0.72110600     -0.03182900      0.46813500
     0.08555400      0.05341400      0.40524400     -0.17362100      0.61099900     -0.77238600     -0.35686700     -0.76996500     -0.52893400     -0.91767900      0.18304000      0.35268600     -0.01108000     -0.01367400     -0.04762800      4.39787800      1.93585900     -2.08277700      0.47203800     -0.12708500      0.02596600      0.33890300      0.08753500      0.22821200      0.96966400     -0.40709800      0.89659300     -0.17414600     -0.90921100     -0.37979700      0.17015800     -0.00903100      0.06429000     -0.03341400     -5.46822700      2.36179000     -0.73763100     -0.71421100      0.02608700      0.03105500     -0.01532500      0.08057600     -0.34360900      0.93564900      0.42818700     -0.83573900     -0.34379300      0.90009000      0.42833500      0.07978800     -0.00369800      0.02640000     -0.01282700     -0.27566800      1.51671300      0.21066800     -0.78147000      0.08025200      0.04879100     -0.04039300     -0.22779000      0.62877800     -0.74347000     -0.31294700     -0.77031000     -0.55559400     -0.92204900      0.10610800      0.37224400     -0.00594800     -0.01160700     -0.01902100      0.06984000     -1.05522700     -0.14242600      0.45637800
     0.08525700      0.05299000      0.40445300     -0.16752000      0.60273400     -0.78018900     -0.34081700     -0.77792400     -0.52787300     -0.92489200      0.17671800      0.33670800     -0.01169700     -0.01546700     -0.04861500      0.14626800     -1.26420500     -0.27587000      0.47204500     -0.12721700      0.02705500      0.33829800      0.06777600      0.21272000      0.97475500     -0.43224900      0.88679800     -0.16335200     -0.89920900     -0.41053800      0.15081600     -0.00860700      0.06132700     -0.03561600     -5.46416500      2.23111900     -0.91179000     -0.71274700      0.02602300      0.03158600     -0.01561300      0.09914700     -0.32732200      0.93969600      0.45431600     -0.82528700     -0.33540500      0.88530500      0.46017400      0.06688200     -0.00347800      0.02488700     -0.01396200     -0.39992300      0.45960600      0.48155100     -0.78261300      0.08010300      0.04857900     -0.04078800     -0.22575500      0.62057600     -0.75094600     -0.29181600     -0.77852800     -0.55564100     -0.92944900      0.09369900      0.35685100     -0.00631700     -0.01269500     -0.01960000      0.10664400     -0.84227500     -0.06597500      0.45360200
     0.08449800      0.05208200      0.40281800     -0.16268900      0.58482200     -0.79470900     -0.30308600     -0.79605800     -0.52383500     -0.93878700      0.15491100      0.30774700     -0.02358000     -0.01393600     -0.04782000      0.25485000     -0.80061700     -0.35698600      0.47632700     -0.12734400      0.02895800      0.33701900      0.04447500      0.19043100      0.98068800     -0.48485600      0.86239300     -0.14535400     -0.87343800     -0.46927000      0.12944300     -0.00613000      0.04374100     -0.03245500     -0.48388700      1.02727100     -0.49954200     -0.70436400      0.02595600      0.03256700     -0.01626100      0.12387600     -0.30315300      0.94485500      0.51275300     -0.79565700     -0.32250900      0.84955100      0.52442900      0.05687900     -0.00376700      0.02705200     -0.02050000     -1.61582900      1.24491000     -0.55612500     -0.77559100      0.07972600      0.04811900     -0.04160900     -0.21846900      0.60305300     -0.76720100     -0.25281100     -0.79432700     -0.55238600     -0.94252700      0.07327700      0.32599400     -0.01257600     -0.01289800     -0.01965700      0.47280500     -0.71723400     -0.32566300      0.45523500
     0.08355700      0.05105200      0.40124000     -0.15336700      0.56855000     -0.80825400     -0.26805900     -0.81113900     -0.51978000     -0.95094200      0.13623000      0.27781000     -0.03787400     -0.02607700     -0.03951600      0.23875700     -1.01727300     -0.55927000      0.48146500     -0.12731800      0.03062600      0.33557600      0.02417500      0.18395600      0.98263300     -0.53659100      0.83170400     -0.14238200     -0.84344600     -0.52406100      0.11757000      0.00774300      0.03880700     -0.03749000     -5.35360600      1.18494000     -0.99683100     -0.70037500      0.02596600      0.03342000     -0.01699300      0.14443600     -0.29510200      0.94448500      0.56131200     -0.76162700     -0.32380800      0.81490200      0.57692100      0.05563700      0.00401700      0.01889400     -0.01915600     -5.34391500      1.16317200     -1.04492300     -0.76693700      0.07926200      0.04761200     -0.04239900     -0.20937800      0.58880900     -0.78068200     -0.21702500     -0.80644800     -0.55003600     -0.95344600      0.05426200      0.29663900     -0.01333700     -0.01491700     -0.02084100      0.51064800     -0.51885700     -0.24199800      0.46144000
     0.08231900      0.04971200      0.39979900     -0.13816000      0.56353600     -0.81448400     -0.23440000     -0.81755200     -0.52596300     -0.96211600      0.11754200      0.24605700     -0.03987300     -0.03792200     -0.03167200      4.68890700      2.17262500     -1.25409400      0.47899100     -0.12710100      0.03205300      0.33404600      0.00375500      0.18178000      0.98332800     -0.58251800      0.79965100     -0.14548400     -0.81273300     -0.57248600      0.10764600      0.00818800      0.03553400     -0.03992300      0.06723600      0.24495800     -0.21882200     -0.70131800      0.02607200      0.03411600     -0.01774500      0.16455400     -0.29147600      0.94231700      0.60519700     -0.72454600     -0.32980000      0.77888200      0.62455800      0.05717300      0.00417500      0.01735500     -0.02027800     -0.02150200      0.14952700     -0.10487600     -0.76954900      0.07864300      0.04694400     -0.04312400     -0.18880700      0.58490200     -0.78882200     -0.18761800     -0.80995800     -0.55566700     -0.96392400      0.04308300      0.26266400     -0.02004500     -0.01938600     -0.01600700      0.52224800     -1.09586900      0.52940400      0.46274700
     0.08157000      0.04894400      0.39917500     -0.12688600      0.56209900     -0.81730700     -0.21961600     -0.81937700     -0.52949200     -0.96715700      0.11160300      0.22842800     -0.04152400     -0.04908000     -0.02325300      1.52130300     -0.09523800     -0.45093200      0.47612800     -0.12694200      0.03268800      0.33329900     -0.00488400      0.17638400      0.98430500     -0.60433300      0.78369300     -0.14331700     -0.79662900     -0.59576600      0.10152000      0.00816800      0.03557700     -0.03985200     -0.03419200      0.30215300      0.03804400     -0.70247100      0.02615200      0.03443000     -0.01812200      0.17275400     -0.28602400      0.94252000      0.62562900     -0.70721700     -0.32928800      0.76075100      0.64655500      0.05677000      0.00497100      0.01169700     -0.01639300     -0.39395800      0.30608600      0.18854700     -0.77248900      0.07826900      0.04656300     -0.04344000     -0.18109400      0.58439400     -0.79100400     -0.16961900     -0.81080900     -0.56019300     -0.96872700      0.03272200      0.24595700     -0.02011800     -0.01904500     -0.01621100      4.95995700      2.31549200     -0.64669100      0.46046000
     0.07984300      0.04735900      0.39817000     -0.11157300      0.56135800     -0.82004500     -0.20475300     -0.82041700     -0.53382000     -0.97231000      0.10764300      0.20749400     -0.05201900     -0.04162400     -0.01974100      0.04378200     -0.55449800     -0.08768900      0.47178700     -0.12668000      0.03386600      0.33182700     -0.01733200      0.15514200      0.98773600     -0.63825700      0.75868100     -0.13024800     -0.76952500     -0.63287700      0.08462000      0.00979500      0.02398600     -0.03228300      0.05689100      0.53503600      0.44137200     -0.70802200      0.02628600      0.03502900     -0.01887500      0.18403200     -0.26470300      0.94660600      0.65908700     -0.68123200     -0.31863100      0.72920200      0.68253400      0.04909300      0.00492400      0.01195900     -0.01617300      0.08086100      0.61414100      0.50020600     -0.77624400      0.07738800      0.04574400     -0.04395500     -0.16549900      0.58434100     -0.79445200     -0.15334200     -0.81101000     -0.56457700     -0.97421500      0.02838600      0.22382600     -0.02594600     -0.02069800     -0.00978100      0.06748400     -0.61203200     -0.14001100      0.45441900
     0.07758100      0.04575400      0.39751700     -0.10579400      0.56003100     -0.82171700     -0.20332300     -0.82101800     -0.53344100     -0.97326200      0.10993700      0.20174600     -0.06320900     -0.03558600     -0.01683900     -0.00097300      0.00950000     -0.04957400      0.47355700     -0.12650000      0.03512000      0.33035100     -0.03006400      0.11695500      0.99267800     -0.65494700      0.74789700     -0.10783600     -0.75495900     -0.65353300      0.05285800      0.00797600      0.03654400     -0.03895300      0.05595300      0.91961100      0.73391300     -0.71330900      0.02637700      0.03565400     -0.01961500      0.19469900     -0.22635600      0.95438700      0.67799500     -0.67207800     -0.29771300      0.70881200      0.70503400      0.02261500      0.00399800      0.01831400     -0.01944900      0.07864500      1.01872400      0.80697400     -0.78196000      0.07628000      0.04495300     -0.04427600     -0.15878000      0.58320500     -0.79665600     -0.15204600     -0.81171000     -0.56392100     -0.97553600      0.03158900      0.21755700     -0.03180300     -0.01842100     -0.00870200     -0.01617900      0.06029800     -0.05405600      0.45278600
     0.07626500      0.04498700      0.39728200     -0.10516800      0.56098400     -0.82114700     -0.20128000     -0.82058300     -0.53488400     -0.97375500      0.10832400      0.20023300     -0.07620300     -0.04211500     -0.00566300     -0.04288600      0.15824500     -0.29138400      0.47518300     -0.12644200      0.03576900      0.32964000     -0.03936300      0.09130200      0.99504100     -0.65956900      0.74564800     -0.09439500     -0.75048300     -0.66012200      0.02961000      0.00778400      0.03773600     -0.03797800      0.02421400      1.24584700      0.72123800     -0.71395300      0.02640200      0.03596200     -0.01995700      0.20217100     -0.20166700      0.95836100      0.68427600     -0.67099000     -0.28554800      0.70063700      0.71351300      0.00234200     -0.00170100      0.01220400     -0.01525000     -0.04117400      1.46643400      0.80477200     -0.77836700      0.07562700      0.04457400     -0.04439700     -0.15836000      0.58451200     -0.79578100     -0.15014600     -0.81083300     -0.56568900     -0.97589800      0.02990100      0.21616600     -0.03155400     -0.01719800     -0.00819300     -0.00941200      0.12247400     -0.22371300      0.45392900
     0.07337300      0.04367700      0.39686900     -0.10225000      0.56478900     -0.81890400     -0.19480300     -0.81858800     -0.54031300     -0.97538600      0.10357000      0.19473900     -0.07433800     -0.02775600     -0.01313700      0.00035400      0.03308200     -0.06785500      0.47265600     -0.12635000      0.03707800      0.32825600     -0.06388400      0.03852000      0.99720900     -0.66498000      0.74341500     -0.07120200     -0.74396700     -0.66771300     -0.02313800      0.00766200      0.03836500     -0.03739500      0.03451300      1.22780700      0.47456200     -0.72113100      0.02644800      0.03661800     -0.02064800      0.22329700     -0.14619100      0.96372500      0.69339800     -0.67105500     -0.26245700      0.68508200      0.72685100     -0.04847600     -0.00174000      0.01249800     -0.01498700     -0.07480900      1.41182500      0.28808900     -0.77216200      0.07418000      0.04391200     -0.04460200     -0.15591600      0.58834400     -0.79343500     -0.14379000     -0.80822200     -0.57105200     -0.97724700      0.02505200      0.21061300     -0.03785100     -0.01922300     -0.00205300     -0.03631300      0.15684200     -0.28435500      0.45490800
     0.07027800      0.04261400      0.39645500     -0.09594700      0.56822800     -0.81728500     -0.18789500     -0.81659100     -0.54575200     -0.97738600      0.10048800      0.18613000     -0.07488300     -0.02704500     -0.01318200      0.10730400     -0.05043800      0.10029800      0.46990700     -0.12625800      0.03837900      0.32691900     -0.08167900     -0.01258400      0.99657500     -0.66650000      0.74409400     -0.04511500     -0.74083800     -0.66787900     -0.07042300      0.00755200      0.03891000     -0.03687400      0.02155200      1.59352500      0.27889200     -0.73672100      0.02649500      0.03726900     -0.02131700      0.23668800     -0.09545000      0.96688500      0.69906800     -0.67438800     -0.23770300      0.67474500      0.73218100     -0.09289300     -0.00177800      0.01277100     -0.01474100     -0.00797900      1.19490400     -0.01479700     -0.77363200      0.07260600      0.04337500     -0.04481100     -0.14988800      0.59201400     -0.79186600     -0.13702500     -0.80562300     -0.57636200     -0.97916100      0.02211600      0.20187400     -0.03740000     -0.01343400     -0.00649600      0.10985600     -0.04408600      0.11608800      0.45115300
     0.06728300      0.04160900      0.39596500     -0.07360400      0.57553400     -0.81448600     -0.19411000     -0.80929000     -0.55438600     -0.97813700      0.11657300      0.17229400     -0.07545300     -0.02646900     -0.01330100      1.21717600     -1.21161500      2.07539100      0.47490600     -0.12617900      0.03976500      0.32571400     -0.08349500     -0.05617100      0.99492000     -0.67541200      0.73724500     -0.01494300     -0.73251900     -0.67314800     -0.10075100      0.00671100      0.04419600     -0.03259400      0.13581200      0.48545400      0.52495800     -0.73286800      0.02653700      0.03794300     -0.02191600      0.23786000     -0.04984100      0.97001900      0.71240900     -0.66988400     -0.20911000      0.66022400      0.74079000     -0.12383200      0.00418200      0.01652700     -0.01244000      0.03802600      1.18924200     -0.02323800     -0.76791700      0.07113800      0.04288400     -0.04505100     -0.12971700      0.59902000     -0.79015600     -0.14462400     -0.79979700     -0.58258600     -0.98094600      0.03870400      0.19038000     -0.03786100     -0.01363900     -0.00681500     -0.00342000     -0.12639600     -0.20288800      0.45262200
     0.06589400      0.04107600      0.39566100     -0.06309300      0.57523100     -0.81558200     -0.19018000     -0.80910500     -0.55601500     -0.97965500      0.11930500      0.16145800     -0.06436400     -0.03068500     -0.01606100      0.04193400     -0.57815500     -0.52855100      0.48157000     -0.12612300      0.04047000      0.32521300     -0.08533200     -0.07505100      0.99351700     -0.68346800      0.72992700     -0.00344700     -0.72479300     -0.67922800     -0.11483600      0.00808700      0.03442700     -0.02374400     -0.42413900      1.01237200      0.21804500     -0.73270100      0.02656600      0.03832300     -0.02218800      0.23634200     -0.03130000      0.97116500      0.72173600     -0.66353300     -0.19702700      0.65056700      0.74749100     -0.13423000      0.00403200      0.01739700     -0.01173300     -0.41058000      1.06969200      0.26131100     -0.76775300      0.07044000      0.04262000     -0.04520100     -0.11979800      0.60245600     -0.78911000     -0.13988000     -0.79714700     -0.58735700     -0.98289400      0.04001600      0.17976800     -0.03137700     -0.00990900     -0.01239400      0.13299000     -0.24539500      0.11314800      0.45637800
     0.06363900      0.03978800      0.39495100     -0.02861900      0.57730500     -0.81605500     -0.18010500     -0.80594600     -0.56390200     -0.98320900      0.13011300      0.12805300     -0.05346200     -0.03492300     -0.01908800      1.14737800     -1.80888500      2.11550300      0.50036100     -0.12590000      0.04203600      0.32429800     -0.08124300     -0.10141600      0.99151700     -0.68939000      0.72412900      0.01769500     -0.71964200     -0.68196700     -0.12999700      0.00745700      0.03816600     -0.02070200      0.08194900      0.83646500      0.00625900     -0.72954900      0.02667800      0.03910700     -0.02264400      0.23012800     -0.00575900      0.97314300      0.73068700     -0.65945000     -0.17669500      0.64275700      0.75172600     -0.14755000      0.00371500      0.01928200     -0.01020000      0.11052200      0.94330600      0.05041400     -0.77020300      0.06930800      0.04197800     -0.04555400     -0.08563500      0.60397400     -0.79239000     -0.13047600     -0.79526000     -0.59206100     -0.98774600      0.05268700      0.14690600     -0.02107800     -0.01991700     -0.01096400      0.02737300     -0.74737600     -0.41609700      0.47581000
     0.06216600      0.03813000      0.39408900     -0.01835700      0.56860800     -0.82243200     -0.12128000     -0.81770200     -0.56269600     -0.99243900      0.08870100      0.08499100     -0.03048600     -0.04287700     -0.02441500      1.45513600     -0.37125000     -0.35072800      0.51390700     -0.12558800      0.04350500      0.32363500     -0.06805500     -0.12100200      0.99031200     -0.70738800      0.70577100      0.03773900     -0.70337900     -0.69780300     -0.13487700      0.00683700      0.04172500     -0.01781700     -1.53258100      0.60039400      0.38681700     -0.72754800      0.02683100      0.03982600     -0.02297000      0.21557200      0.01138900      0.97642100      0.74917700     -0.64327300     -0.15789900      0.62630700      0.76555100     -0.14720400      0.00434100      0.01463600     -0.00556700     -5.39497000      0.50734700      0.91357200     -0.77804100      0.06856200      0.04115100     -0.04598400     -0.07408000      0.59875000     -0.79750200     -0.07130600     -0.80083200     -0.59462700     -0.99469900      0.01281700      0.10202000     -0.01529700     -0.02140900     -0.01232100      4.71424400      1.73948600     -0.93803700      0.50063000
     0.06167800      0.03723600      0.39363300     -0.01791500      0.56268400     -0.82650600     -0.08622600     -0.82436800     -0.55942400     -0.99610600      0.06053800      0.06431100     -0.01835000     -0.04562900     -0.02637400      0.46743700     -0.81823100     -0.08410100      0.51700300     -0.12533400      0.04422400      0.32339800     -0.05960400     -0.12938500      0.98979700     -0.71828100      0.69407600      0.04759100     -0.69304100     -0.70794200     -0.13555500      0.00827300      0.03156000     -0.00937200      0.45866100     -1.04684600      2.46263400     -0.72574900      0.02695100      0.04017200     -0.02308500      0.20937200      0.01839700      0.97766200      0.76154400     -0.63022100     -0.15123000      0.61336200      0.77619700     -0.14596000      0.00405300      0.01640600     -0.00420400     -0.00225400      0.22887500     -0.21353800     -0.78163300      0.06831300      0.04070300     -0.04621200     -0.07230300      0.59203800     -0.80265900     -0.03443800     -0.80576800     -0.59122900     -0.99678700     -0.01510500      0.07864800     -0.00972600     -0.02766400     -0.00839600      1.42923900     -0.32947600     -0.27807000      0.50846800
     0.06085200      0.03557600      0.39273600     -0.00407800      0.55063800     -0.83476200     -0.02434000     -0.83451600     -0.55042000     -0.99970300      0.01738200      0.01784000     -0.02821300     -0.03654000     -0.02142100      0.21602700     -1.39096600     -0.47352000      0.51872800     -0.12468400      0.04546300      0.32318800     -0.05133100     -0.14127300      0.98863400     -0.74068300      0.66935700      0.05730800     -0.66974600     -0.72913300     -0.14024600      0.00947300      0.02270900      0.00007700      0.04571900      0.04702100      0.13430900     -0.71170200      0.02728200      0.04081400     -0.02319900      0.19779400      0.03260100      0.97970100      0.78385600     -0.60538700     -0.13811000      0.58859600      0.79526200     -0.14529700      0.01105400      0.01247200      0.00019900      0.04322500      0.00947800      0.13863600     -0.77722400      0.06789000      0.03985000     -0.04667400     -0.05904900      0.58206900     -0.81099200      0.02821400     -0.81111200     -0.58420900     -0.99785500     -0.05737900      0.03147300     -0.01399900     -0.01806300     -0.01055300      0.17227500     -1.33817000     -0.43387800      0.51565300
     0.06006100      0.03423400      0.39191900     -0.00217500      0.53465000     -0.84509800      0.04054500     -0.84429800     -0.53431100     -0.99918500     -0.03609800     -0.01879400     -0.02528100     -0.02895000     -0.01724700     -0.16581600      0.15976500     -2.51419600      0.51587700     -0.12396300      0.04632700      0.32323300     -0.03841900     -0.15523600      0.98712500     -0.74714400      0.66038000      0.07488900     -0.66342000     -0.73444000     -0.14260200      0.01114300      0.01111300      0.00732400      0.01412800      0.07571500      0.15724800     -0.71193800      0.02763300      0.04124400     -0.02317600      0.18399100      0.04524300      0.98188500      0.79229600     -0.59803600     -0.12090900      0.58173300      0.80019000     -0.14588000      0.00469400      0.01145400      0.00009600      0.08957400     -0.04576600      0.39029100     -0.78245000      0.06750700      0.03919300     -0.04706800     -0.05524700      0.56866700     -0.82070900      0.09261300     -0.81550300     -0.57129400     -0.99416700     -0.10757100     -0.00761200     -0.00684900     -0.01669200     -0.01015200      4.76571400      1.91876800      0.11603600      0.51532600
     0.05940600      0.03331900      0.39126800     -0.01607700      0.50722000     -0.86169300      0.11281300     -0.85532300     -0.50563600     -0.99347800     -0.10597700     -0.04240100     -0.02168200     -0.01987700     -0.01198600      4.87104300      1.91097300      0.00282200      0.50217000     -0.12333700      0.04696500      0.32344500     -0.02655000     -0.16856600      0.98532800     -0.74985300      0.65512800      0.09198900     -0.66095400     -0.73618400     -0.14503800      0.01078100      0.01306000      0.00882200      0.03420600      0.28877200      0.37421800     -0.71011800      0.02795900      0.04157400     -0.02306900      0.17092300      0.05631900      0.98367300      0.79717900     -0.59463400     -0.10447300      0.57904200      0.80202000     -0.14653300      0.00536600      0.00667000      0.00450900      0.05843400      0.40180300      0.44915900     -0.78816400      0.06717200      0.03872000     -0.04740900     -0.06403100      0.53853500     -0.84016600      0.16199700     -0.82511800     -0.54123600     -0.98471100     -0.17076000     -0.03440800     -0.00439000     -0.01079800     -0.00647800      0.20372200     -1.05687400     -0.24653600      0.50503900
     0.05906400      0.03301500      0.39106100     -0.02008800      0.49261700     -0.87004000      0.15267200     -0.85844100     -0.48963500     -0.98805900     -0.14328700     -0.05688600     -0.01925100     -0.01384900     -0.00838800      0.54113800     -0.88101000     -0.00476500      0.50144100     -0.12301200      0.04729000      0.32362000     -0.02089100     -0.17222000      0.98483300     -0.75329700      0.65030900      0.09785800     -0.65723700     -0.73959700     -0.14456200      0.01049700      0.01461400      0.01001600      0.00858700     -0.00876800      0.10468600     -0.70879700      0.02810900      0.04172400     -0.02299000      0.16518600      0.06109900      0.98436700      0.80126700     -0.59025300     -0.09782400      0.57505000      0.80490100     -0.14645900      0.00527200      0.00717200      0.00489000     -0.00114700     -0.02518600      0.04845700     -0.78947100      0.06700100      0.03857000     -0.04751200     -0.07071100      0.52370600     -0.84895800      0.20561800     -0.82515800     -0.52615000     -0.97607300     -0.21176600     -0.04933500     -0.00865900     -0.00094500     -0.00845700      4.94529400      1.35684700     -0.01936100      0.49801700
     0.05832700      0.03278200      0.39097800     -0.01959400      0.46246100     -0.88644800      0.22384700     -0.86202500     -0.45472700     -0.97441300     -0.20792100     -0.08553100     -0.01479300     -0.00289700     -0.00176400      0.16185600     -0.83889800     -0.78071400      0.50071500     -0.12240800      0.04790500      0.32399800     -0.00902400     -0.17934000      0.98374200     -0.76004900      0.64045400      0.10990200     -0.64970500     -0.74646000     -0.14333000      0.01033500      0.01528200      0.01049000     -1.62368900     -0.22158000      0.32100100     -0.70353200      0.02842000      0.04203900     -0.02279600      0.15308300      0.06699800      0.98593900      0.80811300     -0.58273300     -0.08587400      0.56878600      0.80989600     -0.14334900      0.01156400      0.00801300      0.00492600     -5.42821000     -0.64928700      0.85484800     -0.78963400      0.06662900      0.03844300     -0.04755900     -0.06825500      0.49492600     -0.86624900      0.27905400     -0.82414700     -0.49285900     -0.95784600     -0.27537000     -0.08186000     -0.01302800      0.00129300      0.00081800      0.29481800     -0.12039100     -2.65301600      0.49409800
