     0.09564500      0.04814000      0.43665100     -0.46363200      0.77515900     -0.42920800     -0.84802600     -0.52852000     -0.03860000     -0.25619600      0.34511600      0.90293200      0.01097800     -0.00255100     -0.00163900      0.00134800     -0.01395300      0.02983300     -1.24161300     -0.13814800      0.01204700      0.36398400      0.14638000      0.76757300      0.62401500     -0.93072000      0.32058800     -0.17583100     -0.33517300     -0.55600500      0.76051300     -0.00004500      0.00043500      0.00030200      0.00000000      0.00000000      0.00000000     -1.39208300      0.02448300      0.02777600      0.00159400      0.03328600     -0.79933400      0.59996300      0.93326800     -0.18994600     -0.30484500      0.35763400      0.57007300      0.73967100     -0.00003100      0.00029800      0.00020700     -0.00000800     -0.00000900     -0.00000600     -0.88483300      0.08501100      0.04691000     -0.02126100     -0.30188100      0.85420200     -0.42332700     -0.93068600     -0.36029400     -0.06332500     -0.20661500      0.37486800      0.90376000      0.00548200     -0.00128800     -0.00082400     -0.00354500     -0.02355200      0.02704400     -0.92212100
     0.09569100      0.04810600      0.43665600     -0.46354900      0.77519400     -0.42923500     -0.84808000     -0.52843500     -0.03859400     -0.25617000      0.34516800      0.90291900      0.01084500     -0.00301400     -0.00180200      0.00099000     -0.01470300      0.02955700     -1.24236300     -0.13815000      0.01206800      0.36401100      0.14644900      0.76757300      0.62399900     -0.93071800      0.32062300     -0.17577600     -0.33514800     -0.55598500      0.76053900     -0.00022600      0.00217300      0.00150700      0.00181100     -0.01352100      0.02538300     -1.39184300      0.02448300      0.02778300      0.00160500      0.03323800     -0.79934100      0.59995700      0.93327800     -0.18996700     -0.30480300      0.35761300      0.57005800      0.73969300     -0.00004900      0.00046900      0.00032500     -0.00000200      0.00000300     -0.00000800     -0.88483300      0.08503000      0.04689500     -0.02125700     -0.30181900      0.85418100     -0.42341300     -0.93071800     -0.36022200     -0.06326400     -0.20656200      0.37498400      0.90372400     -0.00008700     -0.00029500     -0.00010400     -0.00078200     -0.00145500     -0.00032800     -0.92277400
     0.09578900      0.04809000      0.43656300     -0.46772400      0.77256600     -0.42944400     -0.84506900     -0.53321000     -0.03896700     -0.25851400      0.34372000      0.90280400     -0.00045000     -0.00156500     -0.00054800      0.00000000      0.00000000      0.00000000     -1.24412600     -0.13814400      0.01210500      0.36403600      0.14643300      0.76757400      0.62400200     -0.93072100      0.32061100     -0.17578500     -0.33514800     -0.55599200      0.76053400     -0.00001700      0.00016100      0.00011200      0.00000000      0.00000000      0.00000000     -1.39080500      0.02448500      0.02780800      0.00162200      0.03323300     -0.79934100      0.59995700      0.93327700     -0.18997100     -0.30480000      0.35761400      0.57005600      0.73969400     -0.00000400      0.00003700      0.00002400     -0.00000500      0.00000200     -0.00000600     -0.88483300      0.08508300      0.04688700     -0.02130400     -0.30639400      0.85237600     -0.42376500     -0.92864500     -0.36546300     -0.06366800     -0.20914000      0.37402100      0.90353000     -0.00029100     -0.00101100     -0.00035500     -0.00012500     -0.00003300      0.00020200     -0.92310100
     0.09595000      0.04816500      0.43639800     -0.46710400      0.77274500     -0.42979600     -0.84522500     -0.53291000     -0.03966400     -0.25911800      0.34378300      0.90260600      0.01166700      0.00688800     -0.01170600      0.03600700     -0.03119800      0.04608700     -1.24198600     -0.13815400      0.01210600      0.36401300      0.15094000      0.76669100      0.62401300     -0.92879400      0.32612200     -0.17584100     -0.33848400     -0.55399700      0.76051200      0.00006900     -0.00066800     -0.00046300      0.00838000     -0.00236100      0.01021300     -1.36398600      0.02448000      0.02780800      0.00161000      0.02869500     -0.79904800      0.60058100      0.93206700     -0.19568700     -0.30488700      0.36114600      0.56853100      0.73915100      0.00004700     -0.00045400     -0.00031600      0.02766600     -0.00944800      0.03404900     -0.88271000      0.08515800      0.04691900     -0.02138400     -0.30577700      0.85243900     -0.42408400     -0.92872600     -0.36514200     -0.06432300     -0.20968300      0.37419000      0.90333500      0.00001200      0.00003300      0.00000900     -0.00006200      0.00000800      0.00015700     -0.92326400
     0.09602500      0.04827000      0.43626000     -0.46682900      0.77279400     -0.43000600     -0.84522600     -0.53286900     -0.04017200     -0.25960800      0.34373400      0.90248400      0.00069600      0.00947000     -0.01005400      0.03502100     -0.01648600      0.01653300     -1.23933800     -0.13822500      0.01220200      0.36392800      0.15100100      0.76667000      0.62402500     -0.92866700      0.32636200     -0.17606400     -0.33880400     -0.55388500      0.76045100     -0.01432000      0.00915200     -0.00861400      0.03426600      0.00818300     -0.00916200     -1.32971800      0.02445000      0.02785100      0.00157000      0.02861400     -0.79904700      0.60058600      0.93195300     -0.19593200     -0.30507800      0.36144600      0.56844800      0.73906900     -0.00065200      0.00530800     -0.00437900      0.03615700     -0.00726400      0.01993300     -0.87601500      0.08520000      0.04697100     -0.02145300     -0.30546900      0.85244300     -0.42429600     -0.92871700     -0.36507500     -0.06484100     -0.21017300      0.37424500      0.90319800      0.00584300      0.00347300     -0.00584200      0.03595000     -0.03121100      0.04622400     -0.92342700
     0.09628100      0.04869500      0.43559000     -0.47907900      0.76335900     -0.43337300     -0.83561400     -0.54774400     -0.04119400     -0.26823400      0.34144400      0.90082900      0.01173800      0.02124700     -0.03337900     -0.01931100     -0.32894900     -0.01960000     -1.21030200     -0.13864000      0.01301200      0.36324900      0.17983700      0.75329800      0.63260700     -0.91574800      0.36306500     -0.17182300     -0.35931100     -0.54935100      0.75430200     -0.01702300      0.03153600     -0.02530300      0.07112400      0.32628200      0.34517000     -0.90299900      0.02423700      0.02825800      0.00122500     -0.00033000     -0.79010200      0.61297300      0.92432000     -0.23416200     -0.30132900      0.38161600      0.56648500      0.73038500     -0.00851100      0.01584900     -0.01259300      0.04774300      0.39286700      0.39090500     -0.73134000      0.08532600      0.04718600     -0.02177700     -0.31915000      0.84598000     -0.42715400     -0.92202600     -0.38138300     -0.06643500     -0.21911300      0.37264500      0.90173400      0.00535300      0.00526400     -0.01189400     -0.14181900     -0.47559000     -0.12110300     -0.92163100
     0.09680400      0.04969900      0.43361200     -0.50308300      0.73749300     -0.45061900     -0.81369600     -0.57984200     -0.04066800     -0.29066200      0.34528600      0.89236800      0.02074400      0.03291600     -0.06994100      2.35121600     -0.52354900     -5.28254000     -1.16741400     -0.13939000      0.01504500      0.36149200      0.20254700      0.73220100      0.65026700     -0.90609900      0.39198100     -0.15896100     -0.37151200     -0.55792600      0.74199700     -0.03342100      0.05804200     -0.05391000     -0.00987300      0.66264200      0.21997900     -0.33428000      0.02386100      0.02928200      0.00035300     -0.02333500     -0.77230100      0.63482700      0.92019900     -0.26478800     -0.28830600      0.39075400      0.57744000      0.71685000     -0.01666500      0.02880100     -0.02710000     -0.01119400      0.68689100      0.22600300     -0.57360100      0.08558800      0.04769900     -0.02274600     -0.34213300      0.82792100     -0.44439800     -0.90901600     -0.41140100     -0.06661400     -0.23797700      0.38117500      0.89334800      0.01027300      0.01600000     -0.03513600      0.11553800     -0.29272100      0.02792200     -0.90856800
     0.09773800      0.05166900      0.42962500     -0.52830100      0.69773200     -0.48385300     -0.78579100     -0.61760300     -0.03273800     -0.32102100      0.36204000      0.87515700      0.02058100      0.06735400     -0.12387800     -0.21946800     -1.29419800     -0.74579500     -1.15343400     -0.14082500      0.01790400      0.35835800      0.20913200      0.70677000      0.67581900     -0.90703100      0.39846100     -0.13586000     -0.36554600     -0.58546000      0.72351700     -0.03668900      0.08330500     -0.10024400     -0.03507000      1.22418900      0.32494500     -0.00357100      0.02317200      0.03067600     -0.00112700     -0.02990100     -0.75060600      0.66007300      0.92481700     -0.27132100     -0.26664100      0.37923300      0.60247500      0.70228600     -0.01827900      0.04132900     -0.05033300      0.06120300      0.97148400      0.16736400     -0.47725900      0.08604300      0.04865100     -0.02467100     -0.37807900      0.79317700     -0.47741400     -0.88666800     -0.45854200     -0.05964400     -0.26622300      0.40075800      0.87665100      0.01578500      0.03221500     -0.06284600      0.14876300     -1.07796300     -0.82362500     -0.90824100
     0.09833000      0.05295300      0.42708900     -0.54208600      0.67513700     -0.50037800     -0.76965100     -0.63787300     -0.02695400     -0.33670700      0.36966200      0.86602800      0.03080400      0.06911600     -0.13683700      2.74141100     -0.77439000     -5.32680200     -1.13861100     -0.14163600      0.01933800      0.35629700      0.21458500      0.69386400      0.68738500     -0.90722600      0.40227400     -0.12268400     -0.36188700     -0.59815400      0.71492200     -0.03676700      0.08228600     -0.11678200     -0.00048300      1.24541100      0.33878500      0.07766100      0.02276500      0.03140300     -0.00213900     -0.03526300     -0.73889100      0.67290100      0.92724600     -0.27535100     -0.25376300      0.37278700      0.61499700      0.69484300     -0.01765100      0.03529100     -0.05443300      0.06418500      0.88515300      0.36469800     -0.44443800      0.08634600      0.04931500     -0.02598100     -0.39152000      0.77403700     -0.49757200     -0.87729300     -0.47713500     -0.05193700     -0.27761000      0.41618300      0.86586500      0.01572200      0.03888500     -0.07353000     -0.10951200     -1.18201100     -0.61753200     -0.90546500
     0.09970900      0.05608000      0.42087100     -0.55271200      0.62840200     -0.54741700     -0.74851700     -0.66307100     -0.00550500     -0.36575400      0.40592300      0.83754200      0.03017200      0.08752400     -0.16874700     -0.10263100     -1.30891900     -0.68720000     -0.94159000     -0.14322600      0.02159700      0.35180300      0.23863600      0.67209800      0.70094900     -0.90619000      0.41356100     -0.08786500     -0.34921400     -0.61506400      0.70683000     -0.04680700      0.05337400     -0.11976200     -0.35381000      0.05161700      0.96395900      0.17951700      0.02193800      0.03258300     -0.00447400     -0.05987900     -0.71851400      0.69292900      0.93222800     -0.28843600     -0.21852900      0.35688200      0.63288200      0.68709000     -0.02324100      0.02564300     -0.06057800     -0.38303200     -0.03379700      0.96517800     -0.30825400      0.08703500      0.05087200     -0.02907800     -0.41421100      0.72852700     -0.54559700     -0.85889200     -0.51124100     -0.03059100     -0.30121800      0.45593900      0.83748800      0.02043300      0.04163300     -0.08553700     -0.28159000     -1.67869400     -0.80229600     -0.86578600
     0.10110900      0.05918400      0.41400200     -0.54817500      0.57463300     -0.60773800     -0.73612900     -0.67638100      0.02435900     -0.39639000      0.46000900      0.79454000      0.03815800      0.08067200     -0.18388600     -0.44447300     -2.15891600     -0.89224700     -0.74235400     -0.14470000      0.02319800      0.34734200      0.21598400      0.67331300      0.70710100     -0.93129600      0.35956300     -0.05775400     -0.29338100     -0.64688500      0.70379700     -0.03123400      0.03077200     -0.10505600     -5.46863200     -1.17092900     -2.02776200      0.23741400      0.02121500      0.03335200     -0.00667900     -0.03866700     -0.71531600      0.69772900      0.95224300     -0.23802400     -0.19125200      0.30288200      0.65701300      0.69035900     -0.01615800      0.02061900     -0.05679700     -0.09464100      0.02607700      0.03981300     -0.01531000      0.08773300      0.05243200     -0.03250500     -0.41844200      0.67753100     -0.60486000     -0.84991600     -0.52691300     -0.00224800     -0.32023200      0.51314000      0.79632700      0.01858200      0.03458300     -0.08754600     -0.30181400     -1.88963600     -0.57906200     -0.78675300
     0.10186900      0.06052200      0.41054600     -0.54203700      0.54754200     -0.63752500     -0.73182700     -0.68042400      0.03774400     -0.41245300      0.48633200      0.77031800      0.04734300      0.06434000     -0.17701500     -0.33655300     -1.98178400     -0.60501900     -0.64744400     -0.14526900      0.02381800      0.34532800      0.18022800      0.67985000      0.71085400     -0.95180800      0.30278900     -0.04810200     -0.24814400     -0.66877200      0.70073600     -0.03155500      0.03394000     -0.10290300     -4.08992300      0.27122900     -3.61102700      0.26196800      0.02092000      0.03366400     -0.00773300     -0.00155800     -0.71873600      0.69528000      0.96801400     -0.17552100     -0.17927300      0.25088600      0.67276300      0.69602000     -0.01570800      0.01678000     -0.05149500     -4.05210500      0.20184500     -3.67177300      0.08919500      0.08812700      0.05312600     -0.03430300     -0.41698200      0.64789100     -0.63746500     -0.84651300     -0.53221300      0.01280800     -0.33097000      0.54496400      0.77037100      0.02356900      0.03132500     -0.08886000     -0.38774600     -2.07665900     -0.64552800     -0.76568800
     0.10329800      0.06273300      0.40379700     -0.52384800      0.48932900     -0.69726900     -0.72804500     -0.68210700      0.06820600     -0.44159200      0.54276100      0.71444600      0.03503700      0.05395900     -0.16655500     -1.54996000     -1.91498100      0.44818300     -0.43176200     -0.14613900      0.02452800      0.34193100      0.08742900      0.68246100      0.72566900     -0.98397600      0.17267800     -0.04368700     -0.15521000     -0.71106500      0.68568200     -0.01537700      0.00767200     -0.07493900     -1.26564000      0.32618900     -0.72159900      0.32821900      0.02050200      0.03400600     -0.00938000      0.08983100     -0.71055700      0.69788100      0.98372300     -0.04618800     -0.17365100      0.15562300      0.70212100      0.69484200     -0.00763700      0.00398100     -0.03734800     -1.22682500      0.68160900     -0.72235900      0.19860000      0.08881200      0.05418400     -0.03756000     -0.41224100      0.58827700     -0.69569100     -0.84082700     -0.53968000      0.04188900     -0.35080900      0.60222500      0.71711800      0.01730600      0.02573400     -0.08381100     -0.34942500     -2.02809000     -0.54855300     -0.63146400
     0.10433100      0.06408300      0.39797600     -0.48348500      0.46127100     -0.74398700     -0.76057300     -0.64207800      0.09610400     -0.43277300      0.61174500      0.66219500      0.02035700      0.02083100     -0.13969300     -0.67682500     -1.53788700     -0.14487900     -0.22881800     -0.14699900      0.02417400      0.33951300     -0.01345700      0.66061700      0.75059700     -0.99782600      0.03927200     -0.05230100     -0.06399100     -0.75048200      0.65768200     -0.02601400     -0.01615100     -0.05929600     -0.92199500      1.16668100     -1.39811700      0.34897800      0.02006500      0.03384500     -0.01061900      0.19188200     -0.67694300      0.71058200      0.97994100      0.09245100     -0.17654300      0.05381500      0.73020500      0.68110400     -0.00589500     -0.01336000     -0.02582600     -2.92616100      2.66899300     -5.03492800      0.26081400      0.08934600      0.05488500     -0.04054100     -0.37373100      0.55374600     -0.74410200     -0.86865700     -0.49022900      0.07147000     -0.32520500      0.67308100      0.66423000      0.01032800      0.01058300     -0.06979100     -1.80644500     -1.68098300      0.37790400     -0.46229500
     0.10510600      0.06423300      0.39296200     -0.43226500      0.44073300     -0.78673200     -0.80484200     -0.58199700      0.11611000     -0.40617100      0.68283500      0.60728000      0.01711200     -0.01338800     -0.11496500     -1.71912400     -1.56822500      0.53538500     -0.09795700     -0.14757300      0.02276500      0.33772800     -0.10912200      0.61454000      0.78129700     -0.99384200     -0.08173600     -0.07437100      0.01831100     -0.78535300      0.61866700     -0.00938300     -0.04885000     -0.03648300     -1.43025200      1.02918500     -1.15360000      0.35240800      0.01976900      0.03313500     -0.01153400      0.28554100     -0.61902600      0.73162200      0.95764800      0.21382800     -0.19283700     -0.03707000      0.75570000      0.65386600     -0.00465500     -0.02442300     -0.01824400     -1.46326000      1.06694500     -1.12205300      0.28318500      0.08974100      0.05496400     -0.04310200     -0.32585600      0.52541800     -0.78597200     -0.90145700     -0.42323700      0.09080400     -0.28494300      0.73811000      0.61155600      0.00858100     -0.00693800     -0.05760400     -1.69366600     -1.48338900      0.57945400     -0.33378500
     0.10541400      0.06380300      0.39081100     -0.40822600      0.43408000     -0.80310100     -0.82501000     -0.55200000      0.12093800     -0.39031500      0.71139500      0.58446400      0.01592600     -0.02550500     -0.10746300     -0.59846400     -1.15501600      0.08126700     -0.05574800     -0.14762800      0.02182300      0.33701000     -0.14839500      0.59403700      0.79062700     -0.98694000     -0.13935400     -0.08039300      0.06262500     -0.79295600      0.60594000      0.00354500     -0.04568300     -0.03557400     -4.51275000      0.94737400     -3.70094800      0.35057800      0.01973900      0.03269600     -0.01186800      0.31839000     -0.59515600      0.73784500      0.94463200      0.26434200     -0.19440000     -0.07934500      0.75888800      0.64636800      0.00241800     -0.02824600     -0.01365700     -0.52316300      0.60484100     -0.67826500      0.28579700      0.08988900      0.05475800     -0.04413700     -0.30358500      0.51375300     -0.80242800     -0.91573000     -0.38996400      0.09677700     -0.26319900      0.76418800      0.58884700      0.00797400     -0.01300100     -0.05384100     -1.65438800     -1.22851600      0.65055300     -0.28920700
     0.10569700      0.06230000      0.38720900     -0.35528100      0.43075600     -0.82962000     -0.87188500     -0.47268600      0.12788800     -0.33662700      0.76823300      0.54454200      0.00327300     -0.05066600     -0.07916300     -1.63425200     -0.80887100      0.72758300      0.01738400     -0.14724300      0.02012600      0.33576700     -0.20560600      0.55856700      0.80356800     -0.96976900     -0.22643900     -0.09058900      0.13163200     -0.79857900      0.58720300      0.01626100     -0.03778700     -0.03115000     -0.46998100      0.47330900     -0.82364100      0.34157300      0.01992300      0.03183500     -0.01249800      0.37433900     -0.55234600      0.74483700      0.91450000      0.35285400     -0.19794400     -0.15348600      0.75525200      0.63720800      0.00807400     -0.01902600     -0.01561400     -4.51023500      0.81902300     -3.68135700      0.28057200      0.09003200      0.05400500     -0.04595400     -0.25187600      0.50167000     -0.82757700     -0.94682200     -0.30465900      0.10348600     -0.20021300      0.80963400      0.55172900     -0.00359500     -0.01952500     -0.04337100     -4.89632900     -0.43186900      3.00595700     -0.22323700
     0.10529700      0.06024900      0.38452200     -0.29923500      0.43941700     -0.84700400     -0.91862300     -0.37270900      0.13111700     -0.25770700      0.81676600      0.51624400     -0.01919300     -0.05945800     -0.05639900     -0.69249400     -0.86973700      0.01458900      0.12012200     -0.14595900      0.01906700      0.33469400     -0.24716200      0.53681700      0.80667800     -0.95197600     -0.28969200     -0.09875800      0.18099800     -0.79299700      0.58160000      0.04218700     -0.02564900     -0.02440800     -4.46874000      0.54762600     -3.20718300      0.34037600      0.02056200      0.03128200     -0.01305200      0.41180200     -0.52651000      0.74377800      0.88933900      0.41019800     -0.20202100     -0.19873000      0.74466400      0.63716600      0.02710100     -0.00634200     -0.01616100     -0.00375100      0.08671900     -0.13123800      0.27371400      0.08983900      0.05297300     -0.04731000     -0.19351400      0.50132000     -0.84334400     -0.97466300     -0.19651600      0.10682900     -0.11217500      0.84265000      0.52664700     -0.00968500     -0.03025400     -0.02844800     -1.50785000     -0.31226300      1.05568000     -0.11611900
     0.10484300      0.05907500      0.38351600     -0.27403800      0.44456900     -0.85282300     -0.93612100     -0.32650900      0.13053500     -0.22008900      0.83356500      0.50671200     -0.03058300     -0.06367900     -0.04482900     -0.55570200     -0.52824800      0.36514600      0.17533800     -0.14497700      0.01868800      0.33418200     -0.26491300      0.52651600      0.80783300     -0.94264100     -0.31778500     -0.10185900      0.20343300     -0.78911600      0.57946100      0.05415200     -0.01091000     -0.03100400     -1.30387200      0.14564900     -0.89997900      0.34334700      0.02104800      0.03109000     -0.01330300      0.43022000     -0.51270400      0.74299600      0.87456100      0.44070000     -0.20229600     -0.22372100      0.73682800      0.63799000      0.02764000     -0.01070400     -0.01125500     -4.46654400      0.55856200     -3.16561900      0.27322400      0.08961600      0.05238600     -0.04781900     -0.16845700      0.50023000     -0.84934700     -0.98311000     -0.14778100      0.10795000     -0.07151700      0.85318700      0.51667700     -0.00953800     -0.03298100     -0.02316300     -1.62794400     -0.47608900      0.91783500     -0.04231100
     0.10367000      0.05651300      0.38205400     -0.24607700      0.44247900     -0.86238300     -0.95214900     -0.27672300      0.12964600     -0.18097700      0.85247100      0.49047700     -0.02986200     -0.06663800     -0.03341200     -0.07731600     -0.28662800      0.02551500      0.26447500     -0.14236200      0.01812000      0.33333700     -0.29604400      0.51039600      0.80736900     -0.92638100     -0.35933600     -0.11237900      0.23314300     -0.78181600      0.57816200      0.08176400     -0.01239300     -0.01812300      0.02657000     -0.11960800      0.08762000      0.35104500      0.02234600      0.03080600     -0.01373000      0.45989800     -0.49210800      0.73913600      0.85110500      0.48164600     -0.20889200     -0.25320500      0.72515200      0.64034400      0.03423400     -0.00673700     -0.00887200      0.01583500     -0.07216500      0.05373100      0.28236800      0.08903000      0.05110700     -0.04855400     -0.14100500      0.49273900     -0.85867600     -0.98959100     -0.09532600      0.10780200     -0.02873600      0.86494000      0.50105100     -0.02101500     -0.03700400     -0.01136400     -0.10822300     -0.37809700      0.16818800      0.09893500
     0.10215300      0.05387100      0.38116900     -0.21665300      0.44900800     -0.86689000     -0.96608700     -0.22635500      0.12414200     -0.14022300      0.86383000      0.48390300     -0.04045700     -0.06603700     -0.01947900     -0.16407000     -0.04727300      0.19199700      0.29091400     -0.13930300      0.01771100      0.33269500     -0.32311300      0.50084200      0.80296100     -0.91240800     -0.39005100     -0.12372000      0.25164900     -0.77320600      0.58197000      0.08196300     -0.01061600     -0.01697700      0.07934600     -0.27786100     -0.05176700      0.35909300      0.02390500      0.03060600     -0.01405100      0.48437200     -0.47896600      0.73210200      0.83216600      0.51047000     -0.21660900     -0.26996800      0.71415000      0.64583700      0.04098300     -0.00513200     -0.00839500      0.08647000     -0.29372200     -0.05865000      0.29298200      0.08826000      0.04976000     -0.04901000     -0.11060100      0.49386100     -0.86247700     -0.99377400     -0.04324800      0.10267400      0.01340600      0.86846400      0.49557000     -0.02009000     -0.03254600     -0.00948700     -0.15387000     -0.02753100      0.20024200      0.17845800
     0.10127900      0.05259000      0.38092100     -0.18979200      0.45470600     -0.87021000     -0.97601900     -0.18355500      0.11689700     -0.10634900      0.87096500      0.47972600     -0.05177600     -0.06852600     -0.00654700     -4.91677000      0.60653200      2.77419600      0.29474000     -0.13773600      0.01744500      0.33241800     -0.33898200      0.49014000      0.80302300     -0.90226400     -0.41110000     -0.12981000      0.26693500     -0.76913000      0.58055800      0.08352000     -0.02160100     -0.00898800      0.02859000     -0.19588700     -0.23580400      0.36093900      0.02465700      0.03048300     -0.01418400      0.49804700     -0.46607900      0.73124500      0.81894500      0.53005400     -0.21993500     -0.28509300      0.70838700      0.64568400      0.04109500     -0.00533100     -0.00863800      0.09751500     -0.44387000     -0.15674900      0.29771800      0.08784200      0.04914200     -0.04913400     -0.08583300      0.49399300     -0.86521700     -0.99538700     -0.00517600      0.09579100      0.04284200      0.86944900      0.49215900     -0.02532700     -0.02871400     -0.00747700     -0.16523400     -0.03734400      0.18437100      0.19282700
     0.09929000      0.04998900      0.38086800     -0.14226900      0.44833500     -0.88249700     -0.98758600     -0.12415500      0.09607600     -0.06632300      0.88465500      0.46153400     -0.05068900     -0.06936600      0.00687700     -0.13676000     -0.15178900      0.03921400      0.29159600     -0.13492200      0.01656200      0.33195600     -0.36879400      0.46549600      0.80454700     -0.87952700     -0.45474000     -0.13991800      0.30120200     -0.75977900      0.57608700      0.07075900     -0.02452900     -0.01029400     -0.13917000     -0.05183300     -0.03118800      0.35304500      0.02604700      0.03005500     -0.01440900      0.52497400     -0.43837200      0.72954100      0.78985600      0.57023900     -0.22572700     -0.31706100      0.69473400      0.64561200      0.03537700     -0.01220200     -0.00514500     -1.39950700      0.26575700     -1.05359600      0.29641100      0.08686700      0.04786800     -0.04916800     -0.03722800      0.47976900     -0.87660400     -0.99522400      0.06141300      0.07587700      0.09023800      0.87524200      0.47519100     -0.02512600     -0.03391700      0.00386900     -0.08537000     -0.45411100      0.37934400      0.20229800
     0.09729700      0.04735700      0.38140200     -0.09177900      0.42429500     -0.90088600     -0.99423200     -0.08929300      0.05917500     -0.05522900      0.90059600      0.43116600     -0.05114200     -0.08302900      0.02818000     -0.09857400     -0.51665400      0.78314000      0.29058300     -0.13264900      0.01533700      0.33182100     -0.39576200      0.45024000      0.80040500     -0.85699900     -0.49426400     -0.14557100      0.33057600     -0.74409500      0.58043600      0.04537500     -0.03561600      0.00046900     -0.14661400     -0.11854200     -0.17891300      0.34944800      0.02723300      0.02941800     -0.01448900      0.54923000     -0.41938100      0.72281700      0.76167000      0.60707900     -0.22652300     -0.34380700      0.67496200      0.65285700      0.02268100     -0.01769700      0.00028900     -0.15000900     -0.09607100     -0.16456300      0.28955300      0.08585200      0.04653500     -0.04890500      0.00756500      0.44658700     -0.89470700     -0.99444200      0.09731300      0.04016500      0.10500300      0.88943200      0.44484100     -0.03102400     -0.03514900      0.01045900      0.16806600     -0.72224100      1.09878100      0.20066500
     0.09528600      0.04439100      0.38240000     -0.03025000      0.39482000     -0.91828500     -0.99846400     -0.05433700      0.00947100     -0.04612700      0.91667200      0.39700200     -0.05093900     -0.08032700      0.02957700     -5.23174000     -0.33931000      2.96689700      0.28058100     -0.13093500      0.01394300      0.33201900     -0.42567100      0.43955900      0.79093800     -0.83455500     -0.52852800     -0.15527400      0.35032400     -0.72670100      0.59079800      0.03154300     -0.03221200      0.00470900     -0.00217800     -0.16527300     -0.34924700      0.34987900      0.02807900      0.02872900     -0.01439500      0.57608200     -0.40470200      0.71017100      0.73407100      0.63831400     -0.23171700     -0.35953700      0.65480500      0.66480200      0.01653200     -0.02186100      0.00618900     -0.01249200     -0.27817100     -0.24500600      0.28792000      0.08483000      0.04502800     -0.04839100      0.06280100      0.40636100     -0.91155100     -0.99125500      0.13160500     -0.00962400      0.11605400      0.90418500      0.41107200     -0.02527100     -0.03999300      0.01506700     -5.21855800     -0.31148000      2.97692700      0.19086800
     0.09427600      0.04283300      0.38300500     -0.00905300      0.38594800     -0.92250100     -0.99896000     -0.04440900     -0.00883300     -0.04437200      0.92098500      0.38709800     -0.05090500     -0.07924200      0.03015400     -0.14563700     -0.57139700      1.12780200      0.28318600     -0.13036200      0.01317400      0.33224700     -0.44308000      0.43387000      0.78449200     -0.82189500     -0.54603600     -0.16206800      0.35860900     -0.71709600      0.59752400      0.01931500     -0.04262000      0.01486100     -0.07274300     -0.14767200     -0.43213300      0.35334300      0.02835800      0.02836400     -0.01429100      0.59155000     -0.39671300      0.70191600      0.71871700      0.65399600     -0.23608000     -0.36539400      0.64413300      0.67199600      0.00892300     -0.01583200      0.00330200     -0.35345400     -0.27252900     -0.60247700      0.28906300      0.08432600      0.04425200     -0.04808700      0.08285100      0.39394800     -0.91538900     -0.98927000      0.14342000     -0.02781500      0.12032700      0.90787300      0.40160400     -0.02541100     -0.03942600      0.01521400     -0.14299900     -0.56264700      1.12460900      0.18841800
     0.09224700      0.03975800      0.38441500      0.02589700      0.37174300     -0.92799800     -0.99893200     -0.02552200     -0.03815700     -0.03790800      0.92753600      0.37184100     -0.04961100     -0.07308400      0.03360400     -0.15111600     -0.38743600      0.80784200      0.30307900     -0.12993800      0.01182600      0.33282300     -0.48101100      0.41637700      0.77152500     -0.79097400     -0.58565700     -0.17691900      0.37879500     -0.69585000      0.61005700     -0.00847700     -0.03957600      0.02049700     -0.08120700     -0.11655400     -0.45541900      0.35595300      0.02859000      0.02765600     -0.01399500      0.62566900     -0.37385800      0.68466500      0.68092100      0.68998700     -0.24548500     -0.38063400      0.61979600      0.68627200     -0.00428300     -0.01950700      0.01047600     -0.10369100     -0.02225900     -0.39563700      0.29477800      0.08331000      0.04271100     -0.04738500      0.11459800      0.37362100     -0.92047400     -0.98511100      0.16226900     -0.05678100      0.12815000      0.91327700      0.38665400     -0.02475200     -0.03629200      0.01697400     -0.14848000     -0.38727200      0.80680600      0.20278800
     0.09035100      0.03689800      0.38588900      0.05041500      0.36504400     -0.92964900     -0.99820900     -0.01108900     -0.05854500     -0.03175100      0.93048500      0.36498900     -0.03646300     -0.07060800      0.03483700     -0.13744300     -0.01053300      0.40154000      0.30611100     -0.13007700      0.01085100      0.33339100     -0.51974100      0.40500500      0.75221800     -0.76309900     -0.61596000     -0.19546500      0.38483200     -0.67608800      0.62823000     -0.01037100     -0.02548300      0.01495900      0.10921500     -0.57263000     -0.69034000      0.34953400      0.02852000      0.02717300     -0.01370600      0.65886100     -0.35671200      0.66231300      0.64764900      0.71686200     -0.25818200     -0.38269100      0.59905300      0.70333700     -0.00521300     -0.01258300      0.00761100      0.13529800     -0.64252100     -0.73681300      0.29118600      0.08237500      0.04130700     -0.04666100      0.13720400      0.36260400     -0.92178700     -0.98133500      0.17634800     -0.07669700      0.13474500      0.91510600      0.38003200     -0.02429400     -0.03402100      0.01828200     -0.12605300     -0.04070400      0.53986600      0.21797400
     0.08951000      0.03558300      0.38659700      0.05770300      0.36244300     -0.93024200     -0.99791200     -0.00557200     -0.06412800     -0.02850500      0.93155300      0.36252300     -0.04805400     -0.06578600      0.03782700     -0.16176800     -0.11220900      0.31110500      0.30254600     -0.13023700      0.01057900      0.33355100     -0.53832100      0.39892200      0.74233600     -0.74696800     -0.63370200     -0.20098200      0.39092600     -0.66316700      0.63816100     -0.01196900     -0.01349200      0.00760700     -4.18373400      0.64428200     -3.89643800      0.35036900      0.02844400      0.02704400     -0.01362900      0.67380200     -0.35154400      0.64992900      0.63289800      0.72852500     -0.26208900     -0.38135300      0.58793500      0.71337300     -0.00673600     -0.00112300     -0.00019200     -0.46903200     -0.76900200     -0.17894200      0.28955300      0.08195900      0.04064800     -0.04630800      0.14399100      0.35881900     -0.92223300     -0.97989700      0.18174100     -0.08228300      0.13808300      0.91554200      0.37777500     -0.01799700     -0.03422200      0.01807700     -0.16117500     -0.14133300      0.33215400      0.21748400
     0.08809700      0.03335100      0.38791100      0.06494100      0.36054200     -0.93050400     -0.99761400      0.00230000     -0.06879100     -0.02275000      0.93230700      0.36099000     -0.03272700     -0.05012500      0.03168300     -0.13540600      0.02491000      0.02911700      0.29758400     -0.13079900      0.01037400      0.33352200     -0.56572300      0.39964700      0.72127100     -0.72803700     -0.65280000     -0.20916200      0.38797100     -0.64391300      0.65933100     -0.01308300     -0.00531100     -0.00298500     -0.09495500     -0.27174000     -0.49562400      0.35697900      0.02816200      0.02694600     -0.01363300      0.70000100     -0.34475400      0.62541400      0.60667500      0.74909000     -0.26609700     -0.37675400      0.56569100      0.73351800     -0.01409000      0.00243400     -0.00517600     -0.47203600     -0.74235300      0.02948900      0.29347200      0.08123400      0.03950300     -0.04563900      0.15086500      0.35537800     -0.92246600     -0.97800400      0.18962000     -0.08689700      0.14403700      0.91528600      0.37616900     -0.01628300     -0.02473100      0.01605400     -0.13448000      0.02468000      0.02850000      0.21127900
     0.08701700      0.03182400      0.38905500      0.06387800      0.36228800     -0.92989900     -0.99777400      0.00619400     -0.06618400     -0.01830400      0.93161000      0.36303500     -0.02897800     -0.03060400      0.02793700     -0.10535300      0.08451300     -0.10625700      0.29624900     -0.13131100      0.01041300      0.33311200     -0.58753800      0.39715700      0.70502300     -0.70842400     -0.67352300     -0.21079800      0.39187300     -0.62377800      0.67616500     -0.01412500      0.00236300     -0.01401500      0.09112900     -0.21689600     -0.18619800      0.35672600      0.02790600      0.02696500     -0.01383200      0.71897600     -0.33875600      0.60689100      0.58444600      0.76724200     -0.26412400     -0.37615900      0.54459400      0.74961300     -0.00029500      0.00207800     -0.00698900      0.10355300     -0.22739900     -0.16772500      0.29657500      0.08070300      0.03874800     -0.04507900      0.15019000      0.35721300     -0.92186800     -0.97749600      0.19336300     -0.08432700      0.14813300      0.91378800      0.37821500     -0.00791800     -0.01149800      0.00854900     -0.07004400      0.06460900     -0.08700400      0.20768700
     0.08627000      0.03101100      0.38990900      0.06023100      0.36484600     -0.92914200     -0.99805000      0.00774300     -0.06171400     -0.01540400      0.93059700      0.36575800     -0.01320400     -0.00758200      0.01089900     -0.03544800      0.03306700     -0.04527500      0.29741300     -0.13147800      0.01049500      0.33260700     -0.59860100      0.39431200      0.69727100     -0.69649800     -0.68617500     -0.20973500      0.39650600     -0.61166300      0.68448100     -0.01420600      0.00296900     -0.01351000      0.05014000     -0.09687900      0.12503300      0.35714900      0.02782300      0.02700000     -0.01408900      0.72850500     -0.33398800      0.59810700      0.57114900      0.77820900     -0.26111000     -0.37824500      0.53182900      0.75768600      0.00038400     -0.00305300     -0.00259300      0.00747300     -0.06828900      0.18797100      0.29690100      0.08032500      0.03833800     -0.04464300      0.14702300      0.36044300     -0.92112100     -0.97757600      0.19488200     -0.07977500      0.15075600      0.91219500      0.38101300     -0.00703000     -0.00864700      0.01020600     -0.06948100      0.05145900     -0.06125300      0.20752300
