     0.06639400      0.00789300      0.37872200     -0.34445000      0.26380000     -0.90100500     -0.01504900     -0.96111100     -0.27570300     -0.93827100     -0.08174200      0.33614500      0.00012000      0.00031500      0.00023000     -0.04033300     -0.01234200      0.01504700      0.45462600     -0.10812100      0.03393800      0.35638000     -0.32389400      0.56137300      0.76154100     -0.92627500     -0.35199900     -0.13432900      0.19307400     -0.74958600      0.63301400      0.00033100     -0.00159700     -0.00108400     -4.20867800      0.74237900     -3.49836600     -0.26978300      0.03584300      0.03474500     -0.00662900      0.45566000     -0.64161600      0.61701000      0.88607900      0.39317600     -0.24551100     -0.08507000      0.65859000      0.74767800      0.00538100      0.00639100     -0.00414700      0.04215000     -0.02035100      0.04950100     -0.44917400      0.07071600      0.02657400     -0.05389200     -0.37492300      0.28107300     -0.88341900      0.04096600     -0.94697600     -0.31868100     -0.92614900     -0.15567100      0.34352900      0.00009200      0.00024000      0.00017800     -0.45368000     -0.13687800      0.16825400      0.42943500
     0.06640600      0.00789700      0.37872500     -0.34494400      0.26277100     -0.90111600     -0.01472800     -0.96138400     -0.27476600     -0.93809400     -0.08184200      0.33661500      0.00000300      0.00000800      0.00000600     -0.00000000     -0.00000000      0.00000000      0.45389700     -0.10784600      0.03398000      0.35632300     -0.33661900      0.55396700      0.76144600     -0.91791200     -0.37338800     -0.13399100      0.21052400     -0.74471500      0.63320000      0.00038100     -0.00183000     -0.00124300     -0.00297400      0.01473900     -0.02553800     -0.25974400      0.03598500      0.03476600     -0.00665900      0.47129700     -0.63183400      0.61535600      0.87552000      0.41940700     -0.23991700     -0.10649700      0.65182900      0.75084900      0.00536800      0.00644700     -0.00411000      0.02560900      0.08231400     -0.12415200     -0.43758000      0.07072300      0.02657800     -0.05389000     -0.37536900      0.27993800     -0.88359000      0.04121800     -0.94731500     -0.31763700     -0.92595800     -0.15565100      0.34405500     -0.00000200     -0.00000800     -0.00000400      0.00013900      0.00006000     -0.00005500      0.42829200
     0.06642300      0.00788500      0.37871700     -0.34551000      0.26159200     -0.90124300     -0.01435900     -0.96169600     -0.27369300     -0.93789100     -0.08195600      0.33715300     -0.00002400     -0.00006200     -0.00004500      0.00000000      0.00000000      0.00000000      0.45332900     -0.10752800      0.03416200      0.35621100     -0.35206500      0.54448800      0.76129800     -0.90692800     -0.39947400     -0.13355200      0.23185600     -0.73812000      0.63347000      0.01266600      0.00153400     -0.00021000     -0.00102300     -0.01466700      0.02669300     -0.25199100      0.03614000      0.03485500     -0.00671500      0.48637100     -0.62184900      0.61379600      0.86441700      0.44485900     -0.23426700     -0.12737400      0.64451700      0.75390400      0.00543500      0.00612900     -0.00432300      0.03303100     -0.01681600      0.04050300     -0.42925200      0.07073100      0.02657100     -0.05389400     -0.37586400      0.27873000     -0.88376200      0.04162800     -0.94765000     -0.31658300     -0.92573900     -0.15578200      0.34458400     -0.00001200     -0.00003600     -0.00002600      0.00008600      0.00004300     -0.00004100      0.42763900
     0.06642600      0.00789200      0.37872200     -0.34614200      0.26027300     -0.90138200     -0.01394500     -0.96204300     -0.27249200     -0.93766300     -0.08208300      0.33775400      0.00022900      0.00060300      0.00044100      0.00000000      0.00000000      0.00000000      0.45289400     -0.10723500      0.03444600      0.35595900     -0.36720300      0.53452800      0.76120500     -0.89532800     -0.42488500     -0.13339200      0.25259600     -0.73115600      0.63361600     -0.00141300      0.00882200     -0.00970800      0.03303100     -0.00469600      0.01843800     -0.23992700      0.03629200      0.03499600     -0.00683700      0.50111200     -0.61144000      0.61239400      0.85268600      0.46964000     -0.22883100     -0.14768800      0.63685100      0.75670900      0.00560100      0.00532000     -0.00487300      0.03303300     -0.01697900      0.04046600     -0.41929100      0.07073200      0.02657300     -0.05389300     -0.37641500      0.27737900     -0.88395200      0.04208500     -0.94802300     -0.31540500     -0.92549400     -0.15592500      0.34517600      0.00015500      0.00040400      0.00029600     -0.00589700      0.08852300     -0.17804400      0.42698600
     0.06641600      0.00789400      0.37872400     -0.34640900      0.25971500     -0.90144000     -0.01377000     -0.96218900     -0.27198400     -0.93756700     -0.08213600      0.33800900      0.00000300      0.00000700      0.00000500      0.00000000      0.00000000      0.00000000      0.45231900     -0.10710700      0.03462200      0.35576900     -0.37616100      0.52832500      0.76116200     -0.88804700     -0.43990600     -0.13337500      0.26485800     -0.72675600      0.63367100     -0.00111700      0.00741100     -0.01066400      0.02380800      0.01118300     -0.01226500     -0.22926800      0.03635500      0.03508600     -0.00693000      0.50981700     -0.60499100      0.61161300      0.84533200      0.48426200     -0.22561700     -0.15968600      0.63204000      0.75830400      0.00559200      0.00537300     -0.00483500      0.00933900     -0.01266600      0.02017800     -0.41194300      0.07072700      0.02657600     -0.05389100     -0.37664800      0.27680800     -0.88403200      0.04227900     -0.94818000     -0.31490700     -0.92539000     -0.15598500      0.34542700     -0.00000000     -0.00000100     -0.00000100      0.00003400      0.00002200     -0.00003600      0.42698600
     0.06641900      0.00790100      0.37872900     -0.34537500      0.26071200     -0.90154900     -0.01913800     -0.96236700     -0.27102700     -0.93785500     -0.07668400      0.33848800      0.00000300      0.00000900      0.00000600     -0.00000000     -0.00000000      0.00000000      0.44898200     -0.10693800      0.03503400      0.35526100     -0.38653300      0.52193600      0.76037200     -0.87850600     -0.45930100     -0.13116000      0.28127900     -0.71931900      0.63507900      0.01190700      0.00722300     -0.01204600      0.03515200     -0.00562900      0.02473900     -0.22319300      0.03643400      0.03529400     -0.00718300      0.51981600     -0.59817900      0.60989400      0.83605400      0.50289500     -0.21933900     -0.17550900      0.62392100      0.76152300     -0.00125200      0.00809700     -0.01019600      0.07282800      0.00669100      0.01303700     -0.39920700      0.07072900      0.02658000     -0.05388800     -0.37567600      0.27788200     -0.88410800      0.03693400     -0.94874000     -0.31389000     -0.92601400     -0.15057400      0.34615600     -0.00000100     -0.00000400     -0.00000100      0.00017300      0.00004300     -0.00008200      0.42388300
     0.06641900      0.00790100      0.37872900     -0.34595800      0.25951000     -0.90167300     -0.01876100     -0.96268300     -0.26993000     -0.93764700     -0.07679900      0.33903800      0.00000000      0.00000000      0.00000000      0.00000000      0.00000000      0.00000000      0.44819600     -0.10688900      0.03549800      0.35454100     -0.39343900      0.51652100      0.76052800     -0.86942100     -0.47791900     -0.12503700      0.29939100     -0.71103600      0.63612500     -0.00033200      0.00369900     -0.01318800      0.02137700      0.03805500      0.04494000     -0.22222800      0.03646400      0.03552500     -0.00754400      0.52637700     -0.59251000      0.60980100      0.82799200      0.52024200     -0.20922900     -0.19327400      0.61504500      0.76443700      0.00531800      0.00772800     -0.01107100      0.06367700      0.01806200      0.05291700     -0.39610400      0.07072900      0.02657900     -0.05388900     -0.37618600      0.27664900     -0.88427800      0.03735400     -0.94907900     -0.31281300     -0.92579000     -0.15070700      0.34669600     -0.00000100     -0.00000400     -0.00000200     -0.00584300      0.08855700     -0.17806100      0.42143400
     0.06641600      0.00789400      0.37872400     -0.34622600      0.25895600     -0.90172900     -0.01858600     -0.96282800     -0.26942500     -0.93755100     -0.07685200      0.33929100     -0.00001700     -0.00004500     -0.00003300      0.00000000      0.00000000      0.00000000      0.44828500     -0.10689800      0.03576900      0.35407500     -0.39376500      0.51371700      0.76225700     -0.86775400     -0.48126900     -0.12376400      0.30377600     -0.71080400      0.63430400      0.01072400      0.01492300     -0.02249300      0.00204700      0.24514800      0.20579000     -0.22207100      0.03645500      0.03565400     -0.00776300      0.52798700     -0.59031600      0.61053700      0.82611600      0.52366600     -0.20809700     -0.19687500      0.61424700      0.76415900     -0.00083600      0.00614200     -0.01152000     -0.07319700      0.51456900      0.32137700     -0.39545100      0.07072700      0.02657600     -0.05389100     -0.37642100      0.27608100     -0.88435600      0.03754700     -0.94923500     -0.31231700     -0.92568700     -0.15076800      0.34694600     -0.00001000     -0.00002800     -0.00002100      0.00008700      0.00003600     -0.00004100      0.42127100
     0.06642700      0.00788300      0.37874100     -0.34694500      0.25750300     -0.90186900     -0.01817700     -0.96321000     -0.26808300     -0.93729300     -0.07694500      0.33998300     -0.00110000     -0.01011100      0.00932200     -0.04019700      0.10756300     -0.19339500      0.44805600     -0.10695200      0.03619700      0.35314200     -0.38691100      0.50884900      0.76900100     -0.86813400     -0.48212300     -0.11761700      0.31140000     -0.71371700      0.62729700     -0.00111600      0.00953000     -0.02492200     -0.00181000      0.22153600      0.35337000     -0.22091400      0.03643200      0.03587100     -0.00822800      0.52204600     -0.58631700      0.61943400      0.82764400      0.52371600     -0.20180500     -0.20608600      0.61802300      0.75866600     -0.00060000      0.00504100     -0.01227100     -0.07769700      0.52735800      0.33762800     -0.39463400      0.07073300      0.02657400     -0.05388600     -0.37698100      0.27474100     -0.88453400      0.03797800     -0.94960500     -0.31113800     -0.92544100     -0.15088600      0.34754900      0.00002800      0.00007300      0.00005300      0.00004900      0.00002500     -0.00003500      0.42110700
     0.06641600      0.00787800      0.37875000     -0.34761600      0.25613100     -0.90200100     -0.01776800     -0.96356700     -0.26682400     -0.93705200     -0.07705200      0.34062400      0.00000000      0.00000000      0.00000000     -0.00597400      0.08847000     -0.17803200      0.44838200     -0.10698700      0.03658100      0.35215400     -0.38027500      0.50357300      0.77575600     -0.86827100     -0.48326600     -0.11177100      0.31909900     -0.71667600      0.62001200     -0.00082400      0.00816000     -0.02587700      0.04878200      0.08787400      0.03602600     -0.21734400      0.03641500      0.03606600     -0.00873200      0.51553100     -0.58193300      0.62895100      0.82924800      0.52369700     -0.19516000     -0.21581000      0.62216800      0.75255000      0.00577300      0.00561800     -0.01251600      0.07363500      0.00097200      0.06039500     -0.39202200      0.07072700      0.02656800     -0.05387800     -0.37758000      0.27332300     -0.88471800      0.03841100     -0.94999800     -0.30988300     -0.92517900     -0.15098900      0.34820100     -0.00000200     -0.00000300     -0.00000000      0.00001500      0.00003500     -0.00001800      0.42127100
     0.06640500      0.00786500      0.37876500     -0.34817000      0.25501400     -0.90210400     -0.01746300     -0.96385800     -0.26579000     -0.93685100     -0.07711100      0.34116200      0.00000000      0.00000000      0.00000000      0.00000000      0.00000000      0.00000000      0.44821700     -0.10697800      0.03690000      0.35113000     -0.37319600      0.50087300      0.78092400     -0.87054600     -0.48002100     -0.10799900      0.32124400     -0.72073700      0.61416800     -0.00059500      0.00708400     -0.02664400      0.03560000      0.13455000      0.06590600     -0.21742800      0.03641900      0.03622800     -0.00925500      0.50969000     -0.58028000      0.63520800      0.83211700      0.52009100     -0.19257400     -0.21862000      0.62672100      0.74794700     -0.00027000      0.00349000     -0.01335600      0.04324500      0.11307900      0.05459100     -0.39038900      0.07072200      0.02656100     -0.05387000     -0.37812100      0.27204100     -0.88488200      0.03879700     -0.95035200     -0.30874700     -0.92494200     -0.15107500      0.34879300     -0.00000100     -0.00000100     -0.00000000      0.00000600      0.00000600     -0.00002900      0.42078100
     0.06640400      0.00785800      0.37877200     -0.34850600      0.25433300     -0.90216600     -0.01727200     -0.96403500     -0.26516100     -0.93672900     -0.07715200      0.34148700      0.00000000      0.00000000      0.00000000      0.00000000      0.00000000      0.00000000      0.44828400     -0.10695900      0.03702500      0.35065600     -0.37074600      0.49999900      0.78264900     -0.87143100     -0.47866800     -0.10685600      0.32167700     -0.72224300      0.61217000      0.01162300      0.01077500     -0.02538400      0.06158600      0.02658800      0.07041500     -0.21721300      0.03642500      0.03628300     -0.00948400      0.50745700     -0.57965200      0.63756500      0.83323200      0.51864100     -0.19166300     -0.21957000      0.62850100      0.74617300      0.00060700     -0.00170500     -0.00908300      0.03481300      0.02369700     -0.02467700     -0.39038900      0.07072100      0.02655800     -0.05386700     -0.37841500      0.27134300     -0.88497100      0.03901000     -0.95054400     -0.30812900     -0.92481300     -0.15112300      0.34911500     -0.00000100     -0.00000000      0.00000200     -0.00596100      0.08849100     -0.17806500      0.42094400
     0.06638700      0.00786900      0.37878000     -0.34759300      0.25516600     -0.90228300     -0.02259300     -0.96423300     -0.26404000     -0.93695600     -0.07171900      0.34204800      0.00022900      0.00060300      0.00044100     -0.00000000     -0.00000000      0.00000000      0.44868100     -0.10689800      0.03720300      0.34975400     -0.36609800      0.49792600      0.78615100     -0.87297700     -0.47632300     -0.10469600      0.32280000     -0.72521900      0.60804600      0.00091800     -0.00215400     -0.01732900      0.02374300      0.04594300      0.01961000     -0.21596100      0.03646000      0.03637200     -0.00992900      0.50348700     -0.57826900      0.64195400      0.83516400      0.51609300     -0.19012800     -0.22136300      0.63186400      0.74279500      0.00044700     -0.00095100     -0.00857600      0.03177200      0.02484700      0.00919800     -0.39006200      0.07071200      0.02656200     -0.05386400     -0.37755400      0.27224700     -0.88506100      0.03371300     -0.95112800     -0.30695000     -0.92537300     -0.14572800      0.34992400      0.00015400      0.00040200      0.00029700     -0.00578300      0.08848900     -0.17812800      0.42094400
     0.06637300      0.00788800      0.37879300     -0.34818300      0.25395800     -0.90239700     -0.02221000     -0.96454300     -0.26293700     -0.93674600     -0.07183100      0.34260000      0.00044800      0.00117800      0.00086200      0.00000000      0.00000000      0.00000000      0.44833000     -0.10678400      0.03733900      0.34899400     -0.36569800      0.49799200      0.78629500     -0.87372000     -0.47477900     -0.10551500      0.32123900     -0.72618700      0.60771800      0.00045800      0.00002000     -0.01583200      0.03400000      0.00953800     -0.00366600     -0.21658900      0.03651700      0.03644000     -0.01032700      0.50335300     -0.57847600      0.64187200      0.83572100      0.51467000     -0.19153000     -0.21955700      0.63283400      0.74250600      0.00022100      0.00011400     -0.00784400      0.03434300      0.00819800     -0.00456700     -0.38940900      0.07070500      0.02657100     -0.05385800     -0.37806900      0.27100800     -0.88522100      0.03413800     -0.95146100     -0.30586700     -0.92514600     -0.14585900      0.35046700      0.00025100      0.00066500      0.00048700      0.00009400      0.00005000     -0.00007900      0.42094400
     0.06637500      0.00789500      0.37879800     -0.34843400      0.25344400     -0.90244500     -0.02204800     -0.96467500     -0.26246700     -0.93665600     -0.07187900      0.34283600      0.00014600      0.00038500      0.00028100      0.00000000      0.00000000      0.00000000      0.44823900     -0.10671200      0.03742100      0.34866400     -0.36321700      0.49721400      0.78793600     -0.87449300     -0.47367300     -0.10406800      0.32194500     -0.72744200      0.60584100      0.00014000      0.00151200     -0.01479100      0.02664500      0.03553000      0.01305400     -0.21685700      0.03655400      0.03647900     -0.01048800      0.50099500     -0.57789800      0.64423300      0.83679800      0.51341300     -0.19019700     -0.22084300      0.63438100      0.74080200      0.00630900      0.00209800     -0.00711200      0.03743700     -0.00435400      0.02888800     -0.38973600      0.07070700      0.02657600     -0.05385400     -0.37828900      0.27048000     -0.88528900      0.03431800     -0.95160300     -0.30540500     -0.92505000     -0.14591300      0.35069800      0.00010700      0.00028300      0.00020800      0.00009000      0.00003300     -0.00002700      0.42061800
     0.06637800      0.00790200      0.37880300     -0.34894500      0.25239400     -0.90254100     -0.02171500     -0.96494300     -0.26150800     -0.93647300     -0.07197500      0.34331500      0.00000400      0.00001000      0.00000800      0.00000000      0.00000000      0.00000000      0.44849700     -0.10658800      0.03762600      0.34810300     -0.36057400      0.49646400      0.78962100     -0.87553800     -0.47199400     -0.10290200      0.32207100     -0.72904400      0.60384400     -0.00046700      0.00435600     -0.01279300      0.03198600      0.01663600      0.00091400     -0.21672500      0.03661600      0.03657900     -0.01076400      0.49871400     -0.57746600      0.64638700      0.83803400      0.51166200     -0.18947100     -0.22131800      0.63618600      0.73911000     -0.00018500      0.00199700     -0.00652700      0.04002600     -0.00655800     -0.01195800     -0.39006200      0.07070800      0.02658000     -0.05385100     -0.37873600      0.26940400     -0.88542600      0.03468600     -0.95189100     -0.30446400     -0.92485400     -0.14602300      0.35117100     -0.00000400     -0.00000900     -0.00000600     -0.00591000      0.08849700     -0.17806800      0.42078100
     0.06638700      0.00789100      0.37880800     -0.34940300      0.25146800     -0.90262200     -0.02144500     -0.96518000     -0.26065400     -0.93630800     -0.07203700      0.34375200      0.00000000      0.00000000      0.00000000      0.00000000      0.00000000      0.00000000      0.44760800     -0.10653000      0.03780300      0.34761300     -0.35598000      0.49446200      0.79295500     -0.87675000     -0.47032800     -0.10017100      0.32387400     -0.73147700      0.59992500     -0.00066400      0.00527700     -0.01214600      0.02187500      0.04470100      0.05332900     -0.21651000      0.03664500      0.03666900     -0.01100800      0.49470000     -0.57601900      0.65074800      0.83973000      0.50972100     -0.18717900     -0.22388200      0.63905100      0.73586000     -0.00028300      0.00245600     -0.00620200      0.02434700      0.04988900      0.02503800     -0.38989900      0.07071200      0.02657500     -0.05384900     -0.37913700      0.26845500     -0.88554200      0.03498600     -0.95214800     -0.30362500     -0.92467800     -0.14609700      0.35160200     -0.00000100     -0.00000600     -0.00000400      0.00002400      0.00002400     -0.00002200      0.42045400
     0.06639200      0.00788900      0.37884400     -0.34987100      0.25055500     -0.90269500     -0.02122600     -0.96541600     -0.25979500     -0.93613800     -0.07205400      0.34421200      0.00040100      0.00105500      0.00077200      0.00000000      0.00000000      0.00000000      0.44664900     -0.10657400      0.03811200      0.34711800     -0.34918000      0.49140800      0.79786200     -0.87835800     -0.46821500     -0.09588800      0.32689800     -0.73488100      0.59409600     -0.00099800      0.00683100     -0.01104200     -0.01095700      0.15982000      0.12826500     -0.21536500      0.03662200      0.03682700     -0.01126500      0.48889600     -0.57386600      0.65700600      0.84206900      0.50714400     -0.18363800     -0.22781300      0.64302600      0.73117600     -0.00050100      0.00346400     -0.00548700     -0.00730500      0.15015400      0.12309700     -0.38924600      0.07071400      0.02657100     -0.05383200     -0.37954800      0.26751700     -0.88565000      0.03523400     -0.95240800     -0.30278100     -0.92450000     -0.14612500      0.35205900      0.00026400      0.00069700      0.00051100      0.00001900      0.00000900     -0.00000400      0.41996400
     0.06639300      0.00786400      0.37888900     -0.35018000      0.24999800     -0.90273000     -0.02116800     -0.96556500     -0.25924600     -0.93602300     -0.07199200      0.34453600     -0.00082400     -0.00938300      0.00985500     -0.03422600      0.01908500     -0.01536600      0.44511700     -0.10664000      0.03834700      0.34682300     -0.34455400      0.48947100      0.80105600     -0.87944600     -0.46676900     -0.09291700      0.32887000     -0.73708900      0.59026000     -0.00295800      0.01814600     -0.01889200     -0.07629400      0.50949900      0.38072400     -0.21459200      0.03659000      0.03693900     -0.01140500      0.48654500     -0.57317200      0.65935300      0.84312600      0.50581300     -0.18245300     -0.22893200      0.64469000      0.72935800     -0.00044800      0.00322400     -0.00565400      0.03825900      0.00499100     -0.00257800     -0.38891900      0.07071500      0.02656400     -0.05381300     -0.37980900      0.26695600     -0.88570700      0.03532900     -0.95257000     -0.30225900     -0.92438900     -0.14609200      0.35236300      0.00020400      0.00053800      0.00039400     -0.00596900      0.08844500     -0.17808000      0.41849500
     0.06639500      0.00777900      0.37910200     -0.35076700      0.24913700     -0.90274000     -0.02141900     -0.96581800     -0.25828200     -0.93579700     -0.07157900      0.34523700      0.00013700     -0.00685600      0.01170300     -0.03335700      0.00627700      0.01043600      0.43619300     -0.10682000      0.03883700      0.34612200     -0.33328500      0.48414800      0.80902000     -0.88183900     -0.46362800     -0.08568900      0.33402600     -0.74256600      0.58041900     -0.00051200      0.00456300     -0.01264600     -0.06662400      0.36133800      0.22672700     -0.21358400      0.03649800      0.03719500     -0.01175900      0.47520600     -0.56863000      0.67144500      0.84728300      0.50150400     -0.17494100     -0.23725600      0.65203700      0.72010800     -0.00023900      0.00225100     -0.00634200     -0.07265300      0.38081200      0.23859900     -0.38728600      0.07071500      0.02651500     -0.05370500     -0.38035500      0.26604900     -0.88574600      0.03509100     -0.95288700     -0.30128500     -0.92417400     -0.14567700      0.35309900      0.00008600     -0.00337300      0.00589300     -0.03335100      0.00627600      0.01043600      0.41261600
     0.06642400      0.00762700      0.37953000     -0.35143400      0.24844900     -0.90267000     -0.02222500     -0.96606100     -0.25730200     -0.93552700     -0.07067900      0.34615100      0.00116000     -0.00416200      0.01366700     -0.03335500      0.00628200      0.01043900      0.43370800     -0.10712300      0.03941700      0.34535300     -0.30829500      0.48155200      0.82039800     -0.89061100     -0.44912900     -0.07091300      0.33471200     -0.75309600      0.56628400     -0.00261400      0.01655900     -0.01998000     -0.02794600      0.47065400      0.35203200     -0.21483900      0.03634800      0.03747700     -0.01213800      0.45280000     -0.56839100      0.68695200      0.85858400      0.48571800     -0.16404200     -0.24042500      0.66408400      0.70794500     -0.00760900      0.00737300     -0.00996600      0.01306000      0.60981700      0.50044900     -0.38745000      0.07072900      0.02643800     -0.05349700     -0.38097100      0.26531100     -0.88570300      0.03434300     -0.95322300     -0.30030900     -0.92394800     -0.14482700      0.35403800      0.00050700     -0.00225700      0.00670600     -0.03336000      0.00628300      0.01041600      0.40445200
     0.06645100      0.00755700      0.37980400     -0.35180400      0.24809900     -0.90262200     -0.02273400     -0.96619100     -0.25677000     -0.93537500     -0.07012900      0.34667300      0.00154500     -0.00314700      0.01440400     -0.03335400      0.00628600      0.01044000      0.43429500     -0.10730700      0.03973100      0.34494800     -0.28026100      0.48887900      0.82610100     -0.90540900     -0.42045300     -0.05820800      0.31924000     -0.76486000      0.55940900     -0.01511700      0.01418500     -0.02032200     -0.11295500      0.77058000      0.54663400     -0.21521200      0.03626100      0.03762900     -0.01233200      0.42767000     -0.57798600      0.69500300      0.87535400      0.45662100     -0.15890900     -0.22550600      0.67633400      0.70122600     -0.00748200      0.00680500     -0.01036400      0.39279600      0.36476400      0.52336900     -0.38745000      0.07074200      0.02640400     -0.05336000     -0.38131700      0.26493700     -0.88566600      0.03385300     -0.95340800     -0.29977600     -0.92382300     -0.14429200      0.35458200      0.00073500     -0.00165300      0.00714400     -0.03948400      0.09430800     -0.16784400      0.40347200
     0.06652600      0.00749600      0.38036100     -0.35474700      0.24893200     -0.90124000     -0.02427700     -0.96600600     -0.25732400     -0.93422100     -0.06972300      0.34985200      0.00215500     -0.00153600      0.01556200     -0.03955700      0.09423800     -0.16784000      0.43879800     -0.10766800      0.04026400      0.34416600     -0.23703000      0.48990300      0.83892900     -0.92686500     -0.37270700     -0.04409100      0.29138200     -0.78861400      0.54133800     -0.01491400      0.01327100     -0.02095800     -0.10752300      0.63257500      0.39641600     -0.21800000      0.03608000      0.03790200     -0.01273000      0.38617300     -0.58168400      0.71590000      0.89998300      0.40775400     -0.15416200     -0.20223800      0.70383100      0.68097000     -0.00749900      0.00690500     -0.01028300     -0.18296900      0.85269300      0.54532200     -0.38859300      0.07078000      0.02637300     -0.05308100     -0.38427300      0.26567100     -0.88416700      0.03223900     -0.95325400     -0.30044200     -0.92265500     -0.14395700      0.35774500      0.00109700     -0.00069800      0.00783200     -0.03285800      0.00145800      0.00778800      0.40526800
     0.06663600      0.00754900      0.38088700     -0.35510300      0.24881800     -0.90113100     -0.02516900     -0.96609700     -0.25689700     -0.93406200     -0.06886100      0.35044700      0.00283400      0.00026500      0.01684700     -0.03244200     -0.00640000      0.03630200      0.44495700     -0.10808100      0.04084800      0.34348500     -0.16734400      0.50086100      0.84919100     -0.95520600     -0.29550600     -0.01380700      0.24424700     -0.81406700      0.52678500     -0.01557300      0.01644500     -0.01866500      4.47405600      0.42724300      3.49286800     -0.22182000      0.03587400      0.03819000     -0.01307400      0.32224200     -0.59500200      0.73629600      0.93242300      0.33386200     -0.13828300     -0.16354400      0.73110000      0.66237800     -0.00790200      0.00884300     -0.00888400     -0.57956200      0.30005000      1.18834900     -0.39267500      0.07083500      0.02639900     -0.05281900     -0.38464100      0.26535800     -0.88410100      0.03142700     -0.95346700     -0.29985100     -0.92253000     -0.14312000      0.35840300      0.00173200      0.00459500      0.00332400      0.00085400     -0.01280100      0.02579400      0.41065700
     0.06670400      0.00762400      0.38111600     -0.35535300      0.24852400     -0.90111400     -0.02540800     -0.96619300     -0.25651200     -0.93396000     -0.06857400      0.35077500      0.00345200      0.00911500      0.00658200      0.00091100     -0.01268600      0.02586100      0.44788300     -0.10828900      0.04117500      0.34315200     -0.14538500      0.50191000      0.85260800     -0.95955100     -0.28140800      0.00217200      0.24121500     -0.81840900      0.52142500     -0.01580400      0.01758400     -0.01783600     -0.05203200      0.32823000      0.49336100     -0.22163900      0.03577200      0.03834500     -0.01323400      0.29800800     -0.59816000      0.74390400      0.94152500      0.31255300     -0.12585800     -0.15722700      0.73791200      0.65632600     -0.00780700      0.00841700     -0.00918300     -0.22793400      0.51652200      0.61043600     -0.39349100      0.07086900      0.02643700     -0.05270400     -0.38481400      0.26518600     -0.88407700      0.03115300     -0.95355900     -0.29958800     -0.92246700     -0.14282700      0.35868200      0.00172800      0.00458400      0.00331000      0.00086200     -0.01271200      0.02584900      0.41408600
     0.06682500      0.00781000      0.38150000     -0.35585700      0.24780100     -0.90111400     -0.02565100     -0.96640600     -0.25568400     -0.93376100     -0.06818900      0.35137900      0.00300500      0.00794400      0.00571700      0.00091500     -0.01267300      0.02586700      0.45715500     -0.10856400      0.04190200      0.34252200     -0.11452100      0.49694100      0.86018900     -0.96589900     -0.25797200      0.02057200      0.23228200     -0.82909800      0.50843300     -0.01621600      0.01961700     -0.01635100     -0.02297700      0.26188000      0.42557800     -0.22593600      0.03563300      0.03871400     -0.01355700      0.26877900     -0.59519500      0.75729700      0.95132400      0.28712800     -0.11197600     -0.15079400      0.75053200      0.64339800     -0.00187600      0.01107300     -0.00793600     -0.06239100      0.42957700      0.33855000     -0.39479800      0.07093300      0.02653600     -0.05250100     -0.38532400      0.26432300     -0.88411400      0.03095000     -0.95385600     -0.29866200     -0.92226100     -0.14244600      0.35936300      0.00146600      0.00389100      0.00279600      0.00087500     -0.01267200      0.02586800      0.42257700
     0.06696100      0.00802600      0.38179200     -0.35626300      0.24713400     -0.90113700     -0.02569700     -0.96659000     -0.25498300     -0.93360500     -0.06800000      0.35183200      0.00174100     -0.00259900      0.01473200     -0.03335000      0.00629800      0.01044600      0.46012100     -0.10875400      0.04268400      0.34192300     -0.09573300      0.48317800      0.87026700     -0.97035300     -0.24007600      0.02668100      0.22195300     -0.84249300      0.49071900     -0.00381100      0.02231300     -0.01572800     -0.03642300      0.34309100      0.28242200     -0.22884000      0.03553400      0.03910500     -0.01385600      0.25190600     -0.58350900      0.77204900      0.95700300      0.26876800     -0.10912100     -0.14382900      0.76634200      0.62612400     -0.00190400      0.01120800     -0.00782400     -0.05354500      0.31054600      0.50801600     -0.39937000      0.07100000      0.02664400     -0.05236100     -0.38568300      0.26362600     -0.88416500      0.03095200     -0.95407200     -0.29797200     -0.92211100     -0.14228900      0.35981000      0.00134600      0.00357600      0.00256300      0.00089700     -0.01268000      0.02588100      0.43057800
     0.06702300      0.00822600      0.38198500     -0.35674100      0.24620800     -0.90120100     -0.02549300     -0.96682700     -0.25410400     -0.93342700     -0.06798900      0.35230500      0.00217600      0.00576300      0.00412500     -0.00542000      0.07473000     -0.15267800      0.45861600     -0.10898000      0.04333200      0.34144800     -0.06823300      0.47328600      0.87825800     -0.97493600     -0.21832800      0.04204200      0.21174300     -0.85394400      0.47519300     -0.00377100      0.02213300     -0.01583200      0.34985600      0.52149800      0.62767400     -0.22791200      0.03542000      0.03943200     -0.01409200      0.22690200     -0.57604600      0.78529300      0.96426700      0.24610400     -0.09808700     -0.13676100      0.77948800      0.61130400     -0.00712800      0.00421400     -0.00424500      1.29334800      0.81435400      1.25169500     -0.40035000      0.07103100      0.02674300     -0.05225900     -0.38610800      0.26268300     -0.88426000      0.03115700     -0.95433600     -0.29710500     -0.92192600     -0.14226600      0.36029200      0.00105000      0.00279200      0.00199800     -0.00543800      0.07473400     -0.15268000      0.43204800
     0.06701500      0.00830200      0.38207600     -0.35696200      0.24579900     -0.90122500     -0.02543200     -0.96693300     -0.25370600     -0.93334400     -0.06795700      0.35253100      0.00158700      0.00420200      0.00300500     -0.00000000      0.00000000      0.00000000      0.45517700     -0.10901500      0.04355000      0.34124800     -0.05413600      0.46732200      0.88242400     -0.97740800     -0.20545200      0.04897200      0.20426100     -0.86039700      0.46675300     -0.00137700      0.00864200     -0.00965100     -0.15276700      0.61256400      0.40970800     -0.22747700      0.03540100      0.03955000     -0.01419100      0.21381600     -0.57155000      0.79222000      0.96815800      0.23207100     -0.09387200     -0.13019900      0.78706600      0.60297100     -0.00079200      0.00486100     -0.00443800     -0.15619900      0.61948900      0.45918200     -0.40002300      0.07102700      0.02678400     -0.05221900     -0.38629800      0.26225600     -0.88430400      0.03125700     -0.95445400     -0.29671400     -0.92184300     -0.14226100      0.36050700      0.00077000      0.00205000      0.00146600     -0.00002300     -0.00000600     -0.00000100      0.43090500
     0.06687600      0.00844000      0.38230700     -0.35767600      0.24450100     -0.90129500     -0.02527200     -0.96727100     -0.25242900     -0.93307400     -0.06782200      0.35327000      0.00046300     -0.00597700      0.01229600     -0.03426400      0.01897300     -0.01542000      0.44526200     -0.10898900      0.04380900      0.34096300     -0.02101600      0.45477800      0.89035300     -0.98362100     -0.16866100      0.06306100      0.17888500     -0.87498900      0.44973000     -0.00173600      0.01035100     -0.00841900     -0.10640100      0.49000400      0.36633700     -0.22839200      0.03541500      0.03967300     -0.01433800      0.18216400     -0.56099600      0.80752600      0.97724800      0.19403300     -0.08565500     -0.10863500      0.80475700      0.58357800     -0.00082800      0.00501700     -0.00432700     -0.09448500      0.81753800      0.64738600     -0.40035000      0.07095800      0.02685300     -0.05210300     -0.38692200      0.26094000     -0.88442100      0.03145100     -0.95483200     -0.29547300     -0.92157500     -0.14214100      0.36123900     -0.00556000      0.00410900      0.00278700     -0.00009000      0.00206400     -0.00368300      0.42225000
     0.06646500      0.00860700      0.38271400     -0.35769000      0.24400800     -0.90142300     -0.03072200     -0.96778500     -0.24984000     -0.93290500     -0.06198300      0.35478500     -0.01018600      0.01062700      0.00727400     -0.01216300     -0.00127900      0.00109500      0.44338700     -0.10889500      0.04398600      0.34091000      0.01459400      0.44260500      0.89659300     -0.98684200     -0.13779100      0.08421100      0.16080800     -0.88655400      0.43362000      0.01211600      0.00388400      0.00145100     -0.10029500      0.75092100      0.61157400     -0.22900200      0.03545700      0.03976300     -0.01436900      0.14872300     -0.55164000      0.82071500      0.98444500      0.16108800     -0.07011800     -0.09352700      0.81837800      0.56701700     -0.00021000      0.00102600      0.00073400      0.37084700      0.32251100      0.40179900     -0.40132900      0.07075400      0.02692400     -0.05190200     -0.38691900      0.26045100     -0.88456600      0.02605700     -0.95581000     -0.29282500     -0.92174400     -0.13634900      0.36303500     -0.00569500      0.00013800      0.00823400     -0.07497600      0.00961200     -0.00340000      0.41620900
     0.06614400      0.00873100      0.38301700     -0.35858200      0.24247800     -0.90148100     -0.03065000     -0.96818700     -0.24828800     -0.93256400     -0.06171000      0.35572800     -0.02248900      0.01562600      0.01052300     -0.00103700      0.01680200     -0.03321700      0.44554100     -0.10876800      0.04407900      0.34093800      0.02805600      0.43886800      0.89810800     -0.98776500     -0.12545000      0.09228700      0.15314700     -0.89023400      0.42882700      0.01183300      0.00521000      0.00240100      1.41111600      0.38395900      0.94418300     -0.22880200      0.03552100      0.03980800     -0.01435600      0.13463400     -0.54696400      0.82625800      0.98685900      0.14919500     -0.06204000     -0.08934000      0.82375400      0.55986300     -0.00024500      0.00091900      0.00069200      4.88380000      0.77475800      2.54476000     -0.40116600      0.07060200      0.02698300     -0.05175900     -0.38768600      0.25891300     -0.88468200      0.02617900     -0.95626200     -0.29133400     -0.92141900     -0.13610700      0.36395100     -0.01178400      0.00281800      0.00999000     -0.03515000      0.03581900     -0.04872600      0.41539200
