     0.05487600      0.00390800      0.36647700     -0.35883900      0.49743700     -0.78983300     -0.53228800     -0.80411000     -0.26466500     -0.76632700      0.32482300      0.55431000      0.00025200      0.00059900      0.00049300      0.00017300      0.00055100      0.00028100      0.36657000     -0.12048800      0.03001800      0.31787900      0.46302700      0.52388100      0.71494400     -0.83300500      0.53267100      0.14932900     -0.30316200     -0.66534700      0.68210700     -0.00007500      0.00045200      0.00039400     -0.00006400      0.00010700      0.00008100     -1.06268400      0.03428500      0.03794900     -0.02171000     -0.34014800     -0.56473400      0.75191300      0.88217200     -0.46856000      0.04715500      0.32568700      0.67935700      0.65757200     -0.00004500      0.00026600      0.00023000      0.00242500     -0.00369800     -0.00266100     -0.78751200      0.06384700      0.02533300     -0.05685200     -0.15058800      0.58790600     -0.79478800     -0.59463800     -0.69612500     -0.40226000     -0.78976400      0.41203600      0.45442000     -0.00714900     -0.00292100      0.00601300     -0.03658300      0.02902100     -0.05169000      0.29635300
     0.05477800      0.00387500      0.36660200     -0.35916200      0.49730600     -0.78976800     -0.53243300     -0.80413900     -0.26428800     -0.76607600      0.32495200      0.55458200      0.00055500      0.00131400      0.00108200      0.00000200      0.00000700      0.00000300      0.36956500     -0.12042000      0.03003700      0.31787400      0.46332100      0.52384100      0.71478400     -0.83285500      0.53285700      0.14950200     -0.30312500     -0.66523100      0.68223700      0.01319200      0.00208500      0.00016400      0.00204400     -0.01520400      0.02924600     -1.06130200      0.03431400      0.03795900     -0.02171200     -0.34042600     -0.56474800      0.75177600      0.88206600     -0.46874400      0.04729500      0.32568100      0.67921700      0.65771800      0.00000400     -0.00002200     -0.00002100      0.00028400     -0.00052200     -0.00042200     -0.78800100      0.06380300      0.02531800     -0.05679500     -0.15088500      0.58777500     -0.79482900     -0.59483500     -0.69616800     -0.40189600     -0.78955900      0.41215200      0.45467000      0.00041900      0.00100500      0.00083100     -0.00061600     -0.00107400     -0.00083400      0.30157900
     0.05452500      0.00388300      0.36679200     -0.35993200      0.49688800     -0.78968100     -0.53247900     -0.80436800     -0.26349500     -0.76568100      0.32502500      0.55508300      0.00045100      0.00106700      0.00087800      0.00000000      0.00000000      0.00000000      0.36923600     -0.12024300      0.03001400      0.31785800      0.46735000      0.51874500      0.71587700     -0.82921100      0.53788700      0.15173000     -0.30691900     -0.66516800      0.68059900      0.01331100      0.00138200     -0.00045000      0.00194100     -0.01503000      0.02937800     -1.05327200      0.03440700      0.03794800     -0.02172000     -0.34472100     -0.55993700      0.75341600      0.87906300     -0.47408800      0.04986800      0.32926300      0.67949200      0.65564800      0.00666000      0.00066500     -0.00025200      0.00500200     -0.02038000      0.02586100     -0.78800100      0.06367200      0.02532200     -0.05669400     -0.15174000      0.58745800     -0.79490000     -0.59506900     -0.69643100     -0.40109200     -0.78921900      0.41215900      0.45525500      0.00022400      0.00054100      0.00045000     -0.00030200     -0.00016800      0.00012900      0.30582400
     0.05416600      0.00389400      0.36694000     -0.36095600      0.49626800     -0.78960400     -0.53236600     -0.80476700     -0.26250200     -0.76527700      0.32498400      0.55566500     -0.01330300      0.00373800      0.00230400     -0.00098400      0.01471500     -0.02955300      0.36208400     -0.12007200      0.03001900      0.31785400      0.46835300      0.51639200      0.71692200     -0.82869300      0.53804300      0.15398400     -0.30678700     -0.66686900      0.67899200      0.00000500     -0.00002800     -0.00002500     -0.00038100      0.00064100      0.00048600     -1.05112500      0.03449300      0.03794900     -0.02172300     -0.34578800     -0.55764400      0.75462700      0.87881100     -0.47430400      0.05219700      0.32881500      0.68122500      0.65407300     -0.00000100      0.00000800      0.00000400      0.00520600     -0.00793600     -0.00563600     -0.78930800      0.06349300      0.02532800     -0.05661900     -0.15283600      0.58700500     -0.79502500     -0.59518600     -0.69688700     -0.40012600     -0.78892000      0.41203400      0.45588600     -0.00666800      0.00183700      0.00113000     -0.00118800      0.01460800     -0.02945400      0.30255800
     0.05399700      0.00386200      0.36703600     -0.36145500      0.49599900     -0.78954500     -0.53240100     -0.80491300     -0.26198600     -0.76501700      0.32503600      0.55599300      0.00000000      0.00000000      0.00000000      0.00000000      0.00000000      0.00000000      0.35704500     -0.12000400      0.03003800      0.31784900      0.46920400      0.51406600      0.71803500     -0.82823300      0.53814200      0.15609800     -0.30673000     -0.66858200      0.67733200      0.00000000     -0.00000000     -0.00000000     -0.15568600      0.26196000      0.19859400     -1.05029400      0.03452700      0.03795900     -0.02172500     -0.34628900     -0.55659400      0.75517200      0.87868300     -0.47442400      0.05325400      0.32863100      0.68199900      0.65335800     -0.00000400      0.00001600      0.00001100     -0.27529100      0.44674800      0.33096500     -0.78963400      0.06340800      0.02531100     -0.05657100     -0.15336900      0.58681500     -0.79506300     -0.59532700     -0.69704900     -0.39963400     -0.78870900      0.41203100      0.45625300     -0.00732500     -0.00332000      0.00568400     -0.03503400      0.03469100     -0.04436400      0.29766000
     0.05367000      0.00376700      0.36728300     -0.36248300      0.49548700     -0.78939500     -0.53258900     -0.80514700     -0.26088100     -0.76439800      0.32523700      0.55672600      0.00028000      0.00065700      0.00054100      0.00000000      0.00000000      0.00000000      0.35321400     -0.11986300      0.03004500      0.31785100      0.47251000      0.51122400      0.71789700     -0.82490500      0.54317200      0.15630100     -0.31061000     -0.66668600      0.67743200      0.01323000      0.00187400     -0.00002500      0.00201600     -0.01515800      0.02928100     -1.04806300      0.03459200      0.03796200     -0.02172400     -0.35015200     -0.55287400      0.75612300      0.87570500     -0.47973000      0.05475200      0.33246400      0.68131300      0.65213400      0.00002700     -0.00016200     -0.00014400      0.00172000     -0.00303200     -0.00222300     -0.79061400      0.06324400      0.02526200     -0.05644900     -0.15446800      0.58646400     -0.79510900     -0.59572800     -0.69730400     -0.39859100     -0.78819200      0.41209900      0.45708500     -0.00713800     -0.00287400      0.00605300     -0.03497700      0.03473600     -0.04438500      0.28965900
     0.05332100      0.00367400      0.36759600     -0.36369400      0.49488900     -0.78921300     -0.53281800     -0.80541700     -0.25957700     -0.76366200      0.32548000      0.55759400     -0.00099100     -0.00954700      0.00974200     -0.03386900      0.02008300     -0.01487900      0.34591300     -0.11972200      0.02999100      0.31784000      0.47262600      0.51119200      0.71784300     -0.82487800      0.54316800      0.15645600     -0.31050400     -0.66671400      0.67745300      0.00025000     -0.00147600     -0.00128800     -0.00000000      0.00000000      0.00000000     -1.04689300      0.03466700      0.03793800     -0.02172700     -0.35028500     -0.55288000      0.75605700      0.87569400     -0.47973400      0.05489800      0.33235500      0.68130500      0.65219800      0.00102300     -0.00663200      0.00295000     -0.03894600      0.02418200     -0.04315500     -0.79110400      0.06307000      0.02521700     -0.05629100     -0.15576300      0.58605500     -0.79515800     -0.59620400     -0.69759900     -0.39736100     -0.78757700      0.41218200      0.45806900     -0.00050500     -0.00478500      0.00487000     -0.03395600      0.02004900     -0.01484600      0.28149400
     0.05297600      0.00358800      0.36791500     -0.36601800      0.49624700     -0.78728300     -0.53294200     -0.80524300     -0.25986300     -0.76246200      0.32384000      0.56018500     -0.01394000     -0.00495200      0.01274200     -0.03378900      0.03810100     -0.04276500      0.34224700     -0.11968400      0.02994600      0.31782300      0.47257000      0.51119400      0.71787800     -0.82492100      0.54310200      0.15645800     -0.31047400     -0.66676600      0.67741500      0.00010200     -0.00060000     -0.00052400     -0.00000000      0.00000000      0.00000000     -1.04623800      0.03468700      0.03791300     -0.02173800     -0.35022200     -0.55288100      0.75608500      0.87573500     -0.47966000      0.05489700      0.33231200      0.68135700      0.65216500      0.00006000     -0.00035200     -0.00030800     -0.00010600      0.00000300     -0.00010500     -0.79077700      0.06290200      0.02517500     -0.05613700     -0.15816100      0.58781100     -0.79338600     -0.59623900     -0.69732800     -0.39778300     -0.78707200      0.41013400      0.46076700      0.00042200      0.00099700      0.00082600      0.00117300     -0.01176900     -0.01089400      0.27643200
     0.05283600      0.00353500      0.36808800     -0.36649100      0.49605100     -0.78718700     -0.53313600     -0.80529100     -0.25931500     -0.76209900      0.32401900      0.56057500     -0.01389300     -0.00483700      0.01283500     -0.03483400      0.03485600     -0.04440300      0.33437700     -0.11969000      0.02992200      0.31781700      0.47551700      0.50839900      0.71791800     -0.82173500      0.54791900      0.15642800     -0.31441000     -0.66495500      0.67738000      0.00004500     -0.00026600     -0.00023200      0.00000000      0.00000000      0.00000000     -1.04581000      0.03468400      0.03790000     -0.02174200     -0.35335100     -0.55031300      0.75650300      0.87293200     -0.48471600      0.05512900      0.33635100      0.67985600      0.65166100      0.00002200     -0.00012600     -0.00011100     -0.00003500     -0.00057800     -0.00030000     -0.79061400      0.06283200      0.02514900     -0.05605100     -0.15863100      0.58756400     -0.79347500     -0.59650700     -0.69743500     -0.39719300     -0.78677500      0.41030600      0.46112100     -0.00021700     -0.00410800      0.00542600     -0.03411600      0.01758800     -0.01672000      0.27137000
     0.05263100      0.00343400      0.36848000     -0.36724500      0.49581800     -0.78698200     -0.53366000     -0.80525000     -0.25836300     -0.76136900      0.32447600      0.56130200      0.00165300      0.00385200      0.00316100      0.00074700     -0.01314200      0.02563800      0.31158200     -0.11971700      0.02989800      0.31779900      0.47605400      0.50611300      0.71917600     -0.82142400      0.54782700      0.15836900     -0.31440900     -0.66677000      0.67559400      0.00001000     -0.00005700     -0.00005000     -0.18321100      0.30819700      0.23356000     -1.04346500      0.03467000      0.03788800     -0.02175100     -0.35344900     -0.54957100      0.75699600      0.87293700     -0.48463600      0.05574200      0.33623300      0.68051300      0.65103600     -0.00000300      0.00000200     -0.00000300     -0.33553300      0.54291200      0.40151100     -0.78930800      0.06272400      0.02509200     -0.05585300     -0.15948000      0.58740000     -0.79342700     -0.59718300     -0.69738500     -0.39626300     -0.78609000      0.41062500      0.46200400     -0.00664100     -0.00168800      0.00702100     -0.03504600      0.03466400     -0.04435700      0.24736600
     0.05242700      0.00329900      0.36892500     -0.37099500      0.49339800     -0.78674400     -0.52951000     -0.80832300     -0.25730400     -0.76244200      0.32051200      0.56212300      0.00043300     -0.00621100      0.01248500     -0.03311100      0.00697000      0.01077200      0.29672100     -0.11973900      0.02990800      0.31781000      0.47903700      0.50329100      0.71917600     -0.81817000      0.55267800      0.15836300     -0.31835100     -0.66489600      0.67559500     -0.00023600      0.00139800      0.00122000      0.00228200     -0.01639500      0.02358800     -1.04349300      0.03466000      0.03789100     -0.02174700     -0.35707200     -0.54547500      0.75825800      0.86997500     -0.48974600      0.05736700      0.34006200      0.68015000      0.64942400     -0.00001200      0.00006900      0.00005900      0.00190500     -0.00335700     -0.00238800     -0.78996100      0.06262200      0.02503000     -0.05563400     -0.16352000      0.58558200     -0.79394800     -0.59372800     -0.70113200     -0.39484200     -0.78787500      0.40682500      0.46232500     -0.00659000     -0.00156700      0.00711700     -0.03516800      0.03506500     -0.04400400      0.22140300
     0.05232200      0.00321800      0.36915500     -0.37156300      0.49318100     -0.78661200     -0.52979600     -0.80835100     -0.25662500     -0.76196600      0.32077400      0.56261800      0.00005800     -0.00708400      0.01176900     -0.03386900      0.02008100     -0.01488100      0.29595300     -0.11974000      0.02991500      0.31781600      0.47905500      0.50328900      0.71916400     -0.81816100      0.55268800      0.15837400     -0.31834700     -0.66488900      0.67560500     -0.00008800      0.00052000      0.00045400     -0.00000100      0.00000100      0.00000100     -1.04399900      0.03465900      0.03789700     -0.02174200     -0.35710200     -0.54550400      0.75822300      0.86996400     -0.48976500      0.05736700      0.34005800      0.68011300      0.64946500     -0.00005800      0.00033800      0.00029500      0.00010100     -0.00047400     -0.00046100     -0.79012400      0.06257100      0.02498900     -0.05551200     -0.16412300      0.58546200     -0.79391200     -0.59414700     -0.70113000     -0.39421500     -0.78743400      0.40700100      0.46292200      0.00003300     -0.00351500      0.00591000     -0.03410400      0.02000500     -0.01473900      0.21470800
     0.05211100      0.00302600      0.36959200     -0.37238200      0.49297000     -0.78635700     -0.53048700     -0.80824100     -0.25554200     -0.76108400      0.32137500      0.56346800     -0.00060900     -0.00863100      0.01050400     -0.03387200      0.02007200     -0.01488600      0.29401400     -0.11971600      0.02988600      0.31786700      0.48191500      0.50046700      0.71922300     -0.81498200      0.55735500      0.15840700     -0.32217000     -0.66311600      0.67553400      0.00160700     -0.01068900      0.00815300     -0.03563200      0.00798400     -0.01862800     -1.04466100      0.03467100      0.03788500     -0.02172000     -0.36015300     -0.54289900      0.75864900      0.86715300     -0.49469100      0.05765600      0.34399600      0.67863100      0.64894100     -0.00011400      0.00066300      0.00057900      0.00998000      0.00061100      0.00856500     -0.79143100      0.06246600      0.02489800     -0.05529600     -0.16497100      0.58537300     -0.79380200     -0.59496800     -0.70096700     -0.39326500     -0.78663600      0.40741000      0.46391700     -0.00682500     -0.00211300      0.00667000     -0.03501900      0.03471900     -0.04436700      0.20931900
     0.05199700      0.00284200      0.36993600     -0.37608600      0.49049700     -0.78614100     -0.52621900     -0.81134000     -0.25454700     -0.76222100      0.31733500      0.56422100      0.00070600      0.00164000      0.00134100      0.00000000      0.00000000     -0.00000000      0.29323700     -0.11967500      0.02981000      0.31796800      0.48189200      0.50050000      0.71921500     -0.81511000      0.55711000      0.15861300     -0.32188100     -0.66329700      0.67549500     -0.00013100      0.00077600      0.00067700     -0.00000000      0.00000000      0.00000000     -1.04557600      0.03469100      0.03784500     -0.02166500     -0.36011300     -0.54294700      0.75863400      0.86730200     -0.49440900      0.05785200      0.34366500      0.67879800      0.64894200     -0.00006800      0.00039700      0.00034500     -0.00015400     -0.00001900     -0.00015100     -0.79028700      0.06240900      0.02480200     -0.05512100     -0.16900700      0.58348800     -0.79434000     -0.59142300     -0.70475100     -0.39184700     -0.78845100      0.40356600      0.46419600      0.00033800      0.00079600      0.00065400     -0.00033700      0.00084100      0.00083700      0.20785000
     0.05198700      0.00271100      0.37015700     -0.37927900      0.48825100     -0.78600500     -0.52183900     -0.81430600     -0.25409000     -0.76364400      0.31318400      0.56461700     -0.00093600     -0.00939000      0.00988800     -0.03388100      0.02004800     -0.01489800      0.26172000     -0.11966200      0.02965400      0.31814700      0.48168700      0.50059400      0.71928800     -0.81542900      0.55656700      0.15888200     -0.32138100     -0.66368200      0.67535400     -0.00018900      0.00111800      0.00097500     -0.00000000      0.00000000      0.00000000     -1.04330000      0.03469800      0.03776700     -0.02157600     -0.35989100     -0.54302800      0.75868200      0.86760900     -0.49384000      0.05809500      0.34312000      0.67914800      0.64886500      0.00075700     -0.00509000      0.00430000     -0.03659900      0.00779100     -0.01957300     -0.79061400      0.06240400      0.02474000     -0.05501300     -0.17246400      0.58176800     -0.79485900     -0.58763300     -0.70839300     -0.39098100     -0.79053300      0.39965500      0.46403800      0.00020300      0.00048100      0.00039600     -0.00036000      0.00032400      0.00053100      0.19103100
     0.05203600      0.00267200      0.37018100     -0.38498800      0.48379400     -0.78598600     -0.51226600     -0.82035900     -0.25410300     -0.76725100      0.30420100      0.56463700      0.00008500      0.00019700      0.00016100      0.03518500      0.01137500     -0.02527600      0.20900200     -0.11964800      0.02955700      0.31825900      0.48465400      0.49777700      0.71924900     -0.81225000      0.56112300      0.15914000     -0.32496000     -0.66195700      0.67533500     -0.00023700      0.00140100      0.00122100      0.00000000      0.00000000      0.00000000     -1.03254200      0.03470500      0.03771800     -0.02152000     -0.36305000     -0.54043900      0.75902500      0.86482500     -0.49863900      0.05861700      0.34680100      0.67770500      0.64841600      0.00072600     -0.00490900      0.00445900     -0.03647600      0.00705700     -0.01982500     -0.79028800      0.06242800      0.02471800     -0.05499700     -0.17869600      0.57824300     -0.79605400     -0.57920000     -0.71585600     -0.38997100     -0.79535800      0.39138800      0.46283900      0.00002300      0.00005600      0.00004700      0.11777900      0.03926400     -0.08411900      0.15559700
     0.05229500      0.00261000      0.37005400     -0.39859900      0.47255700     -0.78603800     -0.48783100     -0.83495200     -0.25465300     -0.77615200      0.28135600      0.56431700      0.01260500     -0.00540200     -0.00364500      1.30420900      0.40749200     -0.90606600      0.01605600     -0.11962300      0.02938200      0.31846100      0.48738700      0.49500200      0.71931900     -0.80926500      0.56532900      0.15945900     -0.32831100     -0.66045400      0.67518600     -0.00021600      0.00127500      0.00111000      0.00000200      0.00000000      0.00000200     -0.98038200      0.03471700      0.03763100     -0.02141900     -0.36596000     -0.53787800      0.75944600      0.86221600     -0.50306900      0.05918400      0.35022100      0.67646600      0.64787100      0.00074100     -0.00499800      0.00438300     -0.03639900      0.00669200     -0.01997000     -0.77085600      0.06255300      0.02469000     -0.05505900     -0.19277700      0.56981200     -0.79884200     -0.55864100     -0.73302900     -0.38805700     -0.80669500      0.37145800      0.45963100      0.00677200      0.00210200     -0.00672800      4.38196300      1.37030100     -3.06623000     -0.04312800
     0.05250000      0.00252000      0.36991400     -0.42034600      0.45931000     -0.78255300     -0.45259600     -0.85357500     -0.25795200     -0.78593000      0.24517400      0.56765300     -0.00059200     -0.00138100     -0.00113000      0.11243200      0.31698000      0.14819800     -0.22428600     -0.11956600      0.02926800      0.31857900      0.48791500      0.49272800      0.72052100     -0.80908800      0.56494300      0.16171300     -0.32796500     -0.66248000      0.67336700      0.00172100     -0.01135500      0.00758500     -0.28974700      0.43536700      0.30264200     -0.92273900      0.03474500      0.03758000     -0.02136100     -0.36589200     -0.53792800      0.75944400      0.86239800     -0.50273300      0.05939800      0.34984600      0.67667600      0.64785500     -0.00001300      0.00005600      0.00004600     -0.00015600     -0.00002400     -0.00016100     -0.75975200      0.06266000      0.02464000     -0.05513200     -0.21673200      0.55854000     -0.80066100     -0.52533600     -0.75800700     -0.38658200     -0.82282900      0.33683100      0.45770600     -0.00035600     -0.00084600     -0.00069200      0.15753900      0.51901100      0.26760100     -0.25524200
     0.05251300      0.00252400      0.36991700     -0.43689800      0.44981200     -0.77899500     -0.42682800     -0.86592700     -0.26069100     -0.79127800      0.21803600      0.57128500      0.00039200      0.00091400      0.00074800      4.47410300      1.95140400     -2.90622000     -0.34763300     -0.11951200      0.02925000      0.31859600      0.48810700      0.49270400      0.72040700     -0.80901600      0.56499400      0.16189100     -0.32785400     -0.66245400      0.67344600     -0.00000000      0.00000300      0.00000200     -0.00370400      0.00625100      0.00470800     -0.85987600      0.03477200      0.03756600     -0.02135000     -0.36677000     -0.53547300      0.76075400      0.86221400     -0.50275800      0.06180800      0.34937900      0.67860300      0.64608900      0.00000300     -0.00003400     -0.00003200      0.00923200     -0.01326800     -0.00901300     -0.74358600      0.06266400      0.02463700     -0.05513500     -0.23148100      0.55331600     -0.80016000     -0.50631400     -0.77084800     -0.38657300     -0.83069900      0.31564800      0.45858900      0.00030100      0.00068200      0.00055700      0.20485700      0.57685400      0.27074200     -0.35060400
     0.05248800      0.00260000      0.37002900     -0.47054000      0.43485200     -0.76781600     -0.38089900     -0.88495800     -0.26783900     -0.79537600      0.16588400      0.58299900      0.00119800      0.00279200      0.00228200      0.23557200      0.39741100      0.12254400     -0.70933400     -0.11935300      0.02926900      0.31859200      0.49192900      0.48739800      0.72141600     -0.80511400      0.56990100      0.16412900     -0.33173700     -0.66216800      0.67182400      0.01320500      0.00210500      0.00017000     -0.03402500      0.04560500      0.07505300     -0.63784300      0.03484700      0.03757400     -0.02135300     -0.37080500     -0.53051100      0.76227300      0.85898100     -0.50794800      0.06433700      0.35306400      0.67863500      0.64404900      0.00000000     -0.00000600     -0.00000800     -0.03406900      0.05881200      0.04521800     -0.66194100      0.06265100      0.02467500     -0.05507900     -0.27192400      0.54224800     -0.79499900     -0.45879400     -0.79924600     -0.38821700     -0.84591000      0.25917500      0.46611400      0.00047300      0.00110900      0.00089900      1.45896800      1.01105500     -0.68719800     -0.57169900
     0.05259400      0.00258800      0.36996000     -0.49999400      0.43476600     -0.74901900     -0.35155300     -0.89225600     -0.28330600     -0.79087200      0.12112100      0.59989900      0.01243700     -0.00579500     -0.00397000      0.05251200      0.68410600      0.36134600     -1.21143600     -0.11907600      0.02932000      0.31860100      0.49372000      0.48258900      0.72342200     -0.80404300      0.57011300      0.16858300     -0.33167700     -0.66549500      0.66855800     -0.00005200      0.00030500      0.00026500     -0.07114300      0.11971600      0.09019800     -0.36823300      0.03498600      0.03759900     -0.02134900     -0.37264800     -0.52611600      0.76441700      0.85845200     -0.50827500      0.06866500      0.35240900      0.68180400      0.64105300     -0.00004100      0.00023500      0.00019900     -0.11085200      0.18474000      0.13825300     -0.53898300      0.06270400      0.02468100     -0.05510500     -0.30367400      0.54569400     -0.78102400     -0.42835800     -0.81041200     -0.39967500     -0.85105200      0.21318800      0.47985400     -0.00020700     -0.00049800     -0.00040300     -0.33542500      1.22689500      0.09902700     -0.78903900
     0.05308000      0.00268300      0.36966800     -0.52760500      0.44909600     -0.72110400     -0.34223300     -0.88923900     -0.30348200     -0.77687600      0.08610200      0.62376000      0.01481000      0.00699100     -0.01108400      0.21094300      1.10850500      0.63984800     -1.74034100     -0.11876000      0.02943100      0.31865700      0.49730600      0.47299500      0.72729200     -0.80188500      0.57045200      0.17747600     -0.33154400     -0.67205300      0.66203200      0.01277900      0.00456600      0.00230700     -0.28332200      0.45063800      0.41630000     -0.10434900      0.03514400      0.03765100     -0.02132400     -0.37599400     -0.51862500      0.76789000      0.85745200     -0.50889700      0.07614400      0.35128700      0.68705900      0.63603800     -0.00012000      0.00069800      0.00060200     -0.01076600      0.02348700      0.01987200     -0.42076100      0.06294300      0.02471700     -0.05525300     -0.33215100      0.56196100     -0.75754500     -0.41583200     -0.80812300     -0.41715700     -0.84661600      0.17645300      0.50210000      0.00745300      0.00359200     -0.00546100     -0.35146100      0.91174400      0.22465300     -0.73825600
     0.05348400      0.00268800      0.36949600     -0.54324600      0.45176800     -0.70769700     -0.33856800     -0.88916200     -0.30779000     -0.76763600      0.07182900      0.63686900      0.02660600     -0.00751100     -0.00462300      0.03550200      0.56957100      0.60888700     -1.89821300     -0.11862500      0.02947300      0.31867600      0.49907500      0.46818800      0.72918700     -0.80080900      0.57056700      0.18191000     -0.33148900     -0.67530900      0.65873800      0.01309200      0.00274000      0.00071600     -0.15363800      0.24527400      0.22560700      0.00537700      0.03521100      0.03767700     -0.02131000     -0.37825800     -0.51272700      0.77073400      0.85680100     -0.50911300      0.08181300      0.35044300      0.69131300      0.63188100      0.00652600      0.00147500      0.00044400     -0.26945700      0.42965500      0.36045900     -0.29780300      0.06314100      0.02472700     -0.05534000     -0.35083600      0.56743400     -0.74493700     -0.41120800     -0.80805300     -0.42184900     -0.84132100      0.15832500      0.51682800      0.01331300     -0.00375200     -0.00231200     -0.37774200      1.01099600      0.32008600     -0.75834000
     0.05450800      0.00256500      0.36934400     -0.58575600      0.43579800     -0.68338500     -0.32303300     -0.89877700     -0.29634800     -0.74263500      0.04661900      0.66809200      0.02960000      0.00685000     -0.01047000      3.72625500      1.82421400     -3.21700100     -1.91368900     -0.11861400      0.02941400      0.31862400      0.50268800      0.45629300      0.73423000     -0.79852600      0.57031400      0.19243800     -0.33154500     -0.68360400      0.65009800      0.00056100     -0.00325100     -0.00283200     -0.14779100      0.25924400      0.15952000      0.14677800      0.03522500      0.03765600     -0.02133000     -0.38221500     -0.50078300      0.77661200      0.85568700     -0.50909400      0.09285200      0.34887000      0.70002700      0.62309700      0.00026100     -0.00151200     -0.00132000     -0.22866200      0.37765000      0.28286300     -0.08928100      0.06363900      0.02465600     -0.05541700     -0.39594300      0.55960900     -0.72805600     -0.40336300     -0.81825600     -0.40957700     -0.82494000      0.13150200      0.54970900      0.01415400     -0.00174400     -0.00069400     -1.87522900      1.49151500     -0.83046400     -0.76977100
     0.05569500      0.00243300      0.36925700     -0.62087200      0.41041800     -0.66792300     -0.31023500     -0.91104800     -0.27150800     -0.71917400      0.03812400      0.69380300      0.04129300     -0.00783900     -0.00420600      1.70583500      2.48360600     -4.64934500     -1.91423900     -0.11882300      0.02921300      0.31842700      0.51315800      0.44016400      0.73682800     -0.79343400      0.57051100      0.21192700     -0.32771100     -0.69392200      0.64104700     -0.01195200     -0.00944200     -0.00656700     -0.34199200      0.50402000      0.55245200      0.27189700      0.03512000      0.03755800     -0.02142600     -0.39318000     -0.48699300      0.77990100      0.85292600     -0.50997400      0.11155200      0.34340400      0.70905800      0.61588000      0.00064400     -0.00374200     -0.00326100     -0.07456400      0.15218200      0.07566500      0.07972500      0.06423100      0.02460000     -0.05545900     -0.43561700      0.54026600     -0.71996500     -0.39574100     -0.83334600     -0.38590300     -0.80847100      0.11681400      0.57682500      0.01427100     -0.00142000     -0.00044200     -0.11033700     -0.15427700      0.47434500     -0.76470900
     0.05632100      0.00240300      0.36915900     -0.63488300      0.39898900     -0.66164700     -0.29881400     -0.91647200     -0.26600800     -0.71173100      0.02832200      0.70190000      0.02963800      0.00713000     -0.01028500     -1.65950800      1.29472200     -1.29783800     -1.91456000     -0.11897700      0.02904600      0.31826500      0.52089400      0.43356400      0.73531200     -0.78999400      0.57102900      0.22309000     -0.32379500     -0.69763500      0.63900300     -0.01172400     -0.01083600     -0.00779500     -0.17501000      0.13231200      0.35776200      0.32243800      0.03504300      0.03747400     -0.02150800     -0.40203200     -0.47900700      0.78033400      0.85063600     -0.51074300      0.12473200      0.33880300      0.71392700      0.61279600     -0.00582400     -0.00561900     -0.00407000     -0.27588800      0.14958600      0.34242000      0.16496200      0.06455800      0.02457700     -0.05550700     -0.45396000      0.52804600     -0.71769500     -0.38190600     -0.84304600     -0.37870900     -0.80502600      0.10217300      0.58437300      0.02069400     -0.00378200     -0.00202100      0.98241300      0.52518400     -0.76744300     -0.77124100
     0.05746700      0.00255900      0.36895800     -0.65844800      0.37633500     -0.65181500     -0.26470300     -0.92644700     -0.26758300     -0.70375800     -0.00412700      0.71044600      0.03095000      0.01046500     -0.00760500      0.04296600      0.13832300      0.36538600     -1.91474900     -0.11925000      0.02862600      0.31780800      0.54588300      0.42105800      0.72437100     -0.77870900      0.57387200      0.25341400     -0.30966100     -0.70292900      0.64020600     -0.01277000     -0.00363300     -0.01905600     -0.01822000     -0.08434400      0.37168300      0.39277700      0.03490700      0.03726200     -0.02173200     -0.42909500     -0.46790200      0.77262100      0.84298200     -0.51467800      0.15648000      0.32443400      0.71845200      0.61527900      0.00108700     -0.00635400     -0.00556900     -0.04018700     -0.06947500      0.23491500      0.28383800      0.06512800      0.02465000     -0.05561200     -0.48334900      0.50743300     -0.71336100     -0.35044700     -0.85888600     -0.37349800     -0.80222100      0.06946500      0.59297000      0.01550000      0.00526500     -0.00378700     -0.07307000      0.20908200      0.49111000     -0.77760900
     0.05849100      0.00281700      0.36880600     -0.67329500      0.36519400     -0.64292500     -0.24437400     -0.93052500     -0.27272100     -0.69702000     -0.02696900      0.71656300      0.02926600     -0.00073200      0.00077100      0.03976500      0.14517600      0.17947200     -1.91463600     -0.11929500      0.02811800      0.31731200      0.57881900      0.41577100      0.70149400     -0.76259900      0.58046800      0.28536300     -0.28925900     -0.70064700      0.65213900     -0.01094600     -0.01573200     -0.01218500      0.01021800     -0.17590900      0.29485100      0.44444500      0.03488100      0.03700200     -0.02199100     -0.46482300     -0.46528000      0.75329400      0.83092900     -0.52305400      0.18965700      0.30577000      0.71409200      0.62974300     -0.00544300     -0.00800300     -0.00621100      0.04791900     -0.20170100      0.25504300      0.37038200      0.06564400      0.02478800     -0.05568700     -0.50098800      0.49866400     -0.70734900     -0.33053500     -0.86560600     -0.37612700     -0.79984700      0.04536800      0.59848400      0.00851900      0.00636900     -0.00325100      0.08181400      0.15735900      0.18224600     -0.78022100
     0.05894200      0.00288300      0.36876100     -0.68239400      0.35739300     -0.63769400     -0.23586400     -0.93329300     -0.27074600     -0.69107400     -0.03479800      0.72196500      0.01547000      0.00172000      0.00206600      0.02918600      0.10817700      0.12289200     -1.91488600     -0.11923900      0.02785100      0.31703500      0.59285700      0.41593700      0.68957100     -0.75493000      0.58495400      0.29638300     -0.28081900     -0.69680600      0.65989800      0.00253500     -0.01493100     -0.01320900      0.04525700     -0.32285800      0.46489100      0.46914800      0.03490800      0.03687400     -0.02212400     -0.47955500     -0.46673500      0.74309000      0.82510200     -0.52810300      0.20078000      0.29871800      0.70941100      0.63835900      0.00051700     -0.00240200     -0.01093900      0.09026200     -0.31318500      0.44565700      0.40516300      0.06587500      0.02482200     -0.05570900     -0.51196200      0.49224500     -0.70398100     -0.32302200     -0.86969700     -0.37320600     -0.79595900      0.03633400      0.60425800      0.01426400     -0.00126400     -0.00035700      0.03320200      0.17844500     -0.05618000     -0.78136400
     0.05954300      0.00283300      0.36869500     -0.69836600      0.35373500     -0.62225600     -0.23521400     -0.93444800     -0.26730800     -0.67515700     -0.04076200      0.73656500      0.01306000     -0.00419500     -0.00272300      0.06328100      0.30040400      0.18891200     -1.91480800     -0.11906200      0.02717900      0.31640500      0.61208200      0.41482400      0.67325200     -0.74293800      0.59310800      0.31016300     -0.27140100     -0.69054300      0.67034000      0.00322000     -0.01893700     -0.01686800      0.02725600     -0.19360300      0.27829700      0.48647300      0.03499500      0.03654200     -0.02243600     -0.50051900     -0.46702400      0.72895000      0.81534600     -0.53734200      0.21557700      0.29101600      0.70224700      0.64973600      0.00167800     -0.00981500     -0.00874100      0.04319200     -0.30647400      0.43955100      0.45562000      0.06618000      0.02480600     -0.05573400     -0.53022900      0.49033000     -0.69168800     -0.32325100     -0.87110000     -0.36971800     -0.78381400      0.02755400      0.62038300     -0.00025400     -0.00063600     -0.00052200      0.07680600      0.37696700      0.19808600     -0.78610000
     0.05979800      0.00272900      0.36861100     -0.71042000      0.35516000     -0.60762600     -0.23641200     -0.93355900     -0.26935000     -0.66203800     -0.04815000      0.74794000     -0.00047600     -0.00117800     -0.00095200      0.05337100      0.37941800     -0.03096000     -1.91498400     -0.11885600      0.02639700      0.31569600      0.62081000      0.41596700      0.66449800     -0.73703700      0.59831300      0.31421600     -0.26763900     -0.68534400      0.67715400      0.01678700     -0.01815100     -0.01803000      0.02299500     -0.10907300      0.13449000      0.47980600      0.03510000      0.03614100     -0.02279900     -0.51018900     -0.46897900      0.72094600      0.81026600     -0.54317800      0.22005700      0.28840000      0.69643000      0.65712200      0.00842300     -0.00919000     -0.00911900      0.00273000     -0.08720500      0.14864700      0.46378400      0.06631000      0.02474800     -0.05578100     -0.54399200      0.49305600     -0.67894500     -0.32407700     -0.86981700     -0.37200900     -0.77398000      0.01766000      0.63296200     -0.00033000     -0.00082400     -0.00067300      0.06332200      0.43355400     -0.00141100     -0.78512000
     0.05966800      0.00275200      0.36858500     -0.71704700      0.35850800     -0.59779600     -0.24040400     -0.93213500     -0.27074500     -0.65340300     -0.05087700      0.75531600     -0.01483300     -0.00744600      0.01077600      0.04412600      0.52978400     -0.01592400     -1.91494800     -0.11836900      0.02579500      0.31490400      0.62232400      0.42011100      0.66046300     -0.73614500      0.60072300      0.31169900     -0.26657300     -0.68069500      0.68224400      0.01494600     -0.00580900     -0.02487500      0.10247100     -0.08515500     -0.07140200      0.46434900      0.03533800      0.03583900     -0.02318900     -0.51188500     -0.47301300      0.71709900      0.80925600     -0.54559500      0.21778300      0.28823200      0.69179700      0.66207100      0.00752300     -0.00313600     -0.01265000      0.11527100     -0.10389000     -0.08612600      0.45088400      0.06624900      0.02475900     -0.05580100     -0.55044300      0.49605500     -0.67152100     -0.32726600     -0.86817100     -0.37306300     -0.76805500      0.01441600      0.64022000     -0.00020700     -0.00052200     -0.00042300      0.10179200      0.49968500      0.25719300     -0.78871200
