     0.08957800      0.04297600      0.37596000      0.12361000      0.44646700     -0.88624700     -0.97045700     -0.13198300     -0.20190400     -0.20727500      0.88446900      0.41806600     -0.04037300     -0.03309900     -0.04912300      0.06677400     -0.00734000     -0.03112100      0.29699900     -0.14175300      0.01889400      0.31636100     -0.64346500      0.47846500      0.59750900     -0.65965900     -0.74258200     -0.11556900      0.38921700     -0.46909400      0.79266900     -0.02974100      0.01665000     -0.03572300      0.33493200      0.06772200      0.70083900     -0.28489400      0.02322100      0.03128800     -0.02210000      0.77184600     -0.40218400      0.49244300      0.53502300      0.82929700     -0.16128900     -0.34351400      0.38795900      0.85526800     -0.01481900      0.00796100     -0.01817100      1.05670800     -0.10526000      1.83739300     -0.43643700      0.08157600      0.04441400     -0.05182400      0.21398100      0.42136800     -0.88128300     -0.97521600      0.04019600     -0.21756900     -0.05625200      0.90599800      0.41952600     -0.02023200     -0.01680400     -0.02468800      0.06473500     -0.00385400     -0.03305400      0.14873900
     0.08876200      0.04230400      0.37505100      0.11890700      0.44751400     -0.88636200     -0.96965700     -0.13959800     -0.20062200     -0.21367100      0.88276800      0.41844000     -0.04025900     -0.03201700     -0.04888200      0.06693700     -0.02177500     -0.00603700      0.32644300     -0.14232300      0.01931400      0.31561400     -0.60926200      0.51064500      0.60665700     -0.69954800     -0.70636200     -0.10779200      0.37424800     -0.49067800      0.78678900     -0.03112900      0.02867500     -0.04280300      0.06386400      0.35831000      0.59484700     -0.29973600      0.02292500      0.03150700     -0.02248400      0.74326900     -0.43944000      0.50442200      0.58059100      0.79831100     -0.16003500     -0.33236000      0.41181300      0.84849600     -0.01555200      0.01451900     -0.02122400      0.05260200      0.36489800      0.61059000     -0.45113300      0.08116600      0.04407200     -0.05228200      0.20950700      0.42324800     -0.88145700     -0.97578400      0.03254100     -0.21630100     -0.06286500      0.90542900      0.41981600     -0.02014700     -0.01616900     -0.02451300      0.06614900     -0.02095200     -0.00624900      0.19625600
     0.08691900      0.04085000      0.37336000      0.11345000      0.44743500     -0.88711700     -0.96546300     -0.16103200     -0.20474900     -0.23461500      0.87915300      0.41481700     -0.05395200     -0.03969900     -0.03913900      0.03183500      0.10723000     -0.21866400      0.37292300     -0.14327800      0.02037200      0.31416100     -0.51559000      0.58090300      0.62984800     -0.78979800     -0.60720800     -0.08632000      0.33296200     -0.54266600      0.77104600     -0.01660400      0.02280100     -0.03166500      0.85540800      0.71387200      2.27943800     -0.34450000      0.02245400      0.03202600     -0.02320000      0.66607000     -0.52122900      0.53354400      0.68309700      0.71353600     -0.15570500     -0.29954500      0.46817400      0.83131500     -0.00900600      0.01717100     -0.01950100      3.68762200     -0.02065600      5.31634200     -0.48477100      0.08024300      0.04334100     -0.05313000      0.20416900      0.42409400     -0.88230200     -0.97531300      0.01066700     -0.22056500     -0.08412800      0.90555400      0.41580200     -0.02696400     -0.01990000     -0.01957300      0.02643700      0.11240200     -0.22523300      0.27251300
     0.08482900      0.03913500      0.37185400      0.11428800      0.44550900     -0.88797800     -0.96134900     -0.17568100     -0.21193200     -0.25056900      0.87732600      0.40931700     -0.05602600     -0.05109200     -0.03182200      0.11090100     -0.09722600      0.11391500      0.40704000     -0.14384600      0.02159000      0.31283700     -0.39540100      0.65271500      0.64623000     -0.88077300     -0.46898000     -0.06504500      0.26112100     -0.59570000      0.75948700     -0.01693300      0.02680000     -0.02799300      1.05415400      0.24702300      2.18659900     -0.39085000      0.02217100      0.03261800     -0.02385000      0.56147900     -0.60729400      0.56208000      0.79157200      0.59213500     -0.15095900     -0.24115100      0.52968800      0.81318900     -0.00165000      0.01376500     -0.01440700      1.03469700      0.39645500      2.35173200     -0.53245200      0.07924000      0.04251900     -0.05385600      0.20406100      0.42245100     -0.88311500     -0.97386400     -0.00429800     -0.22708600     -0.09972800      0.90637500      0.41053300     -0.02783000     -0.02513100     -0.01561100      1.25260200     -1.39309700      1.93126000      0.33162400
     0.08267700      0.03740400      0.37042800      0.11441300      0.44685700     -0.88728400     -0.95721600     -0.18928200     -0.21881800     -0.26587800      0.87380400      0.40718700     -0.05652800     -0.05049300     -0.03233300      0.47296400      0.10165100     -0.21467900      0.41031000     -0.14405700      0.02275600      0.31168500     -0.25629500      0.69671300      0.66999700     -0.94935400     -0.31169100     -0.03886700      0.18208900     -0.64688100      0.74044000     -0.00337500      0.02777100     -0.02855300      4.43887800      0.53418500      6.72497400     -0.42967700      0.02205900      0.03322200     -0.02443400      0.43589200     -0.67144400      0.59929900      0.88329900      0.44684300     -0.14182100     -0.17256800      0.59117900      0.78786200     -0.00104500      0.00824900     -0.01038100      3.38734000      0.44362800      5.15794000     -0.56690600      0.07814400      0.04163700     -0.05458400      0.20524200      0.42332200     -0.88242500     -0.97190100     -0.01801700     -0.23469700     -0.11525100      0.90580000      0.40772900     -0.02766300     -0.02005100     -0.02051900      1.64062400      0.24659700     -0.56876300      0.35726100
     0.08159800      0.03653800      0.36970900      0.10751300      0.44810300     -0.88751900     -0.95314800     -0.20733800     -0.22020600     -0.28283400      0.86905700      0.40592200     -0.05565900     -0.03981600     -0.04141900      4.93889600      1.14385100     -2.14709400      0.40681400     -0.14395400      0.02326400      0.31121400     -0.19927200      0.70153300      0.68420300     -0.96841900     -0.24762000     -0.02799000      0.15005100     -0.66903500      0.72783200     -0.00361300      0.03041200     -0.02612000      3.56839500      0.48232800      5.44004600     -0.47187500      0.02211100      0.03347100     -0.02467400      0.38044700     -0.68504200      0.62126900      0.91325400      0.38412500     -0.13569500     -0.14568900      0.61900200      0.77175700      0.00566200      0.00982500     -0.00974800     -0.06474400      0.78561200      1.80463600     -0.59760500      0.07762500      0.04121900     -0.05492800      0.20086200      0.42474600     -0.88274800     -0.97123500     -0.03130000     -0.23605700     -0.12789400      0.90477100      0.40624100     -0.02763200     -0.01943300     -0.02035400      0.02971600      0.01619400     -0.05851300      0.35889400
     0.07939300      0.03480600      0.36834800      0.10830500      0.44624900     -0.88835600     -0.94640600     -0.22714700     -0.22954500     -0.30436400      0.86505300      0.39883800     -0.05719700     -0.04934900     -0.03292800      0.00047600      0.02770400     -0.06132000      0.39760600     -0.14328800      0.02394500      0.31055400     -0.07113400      0.69295000      0.71746200     -0.99633200     -0.08320500     -0.01826100      0.04714900     -0.71698300      0.69539600      0.01253400      0.00865200     -0.01156200      2.74470600      2.29382500      1.18540100     -0.56747900      0.02243700      0.03382300     -0.02500500      0.25328700     -0.69794000      0.66986900      0.96588300      0.22109700     -0.13485300     -0.05398700      0.68117100      0.73013000      0.01233000      0.01046000     -0.00980800      5.08285400      0.63560100      6.03965900     -0.67337100      0.07648000      0.04031800     -0.05563700      0.19887500      0.42383000     -0.88363700     -0.96767400     -0.05776600     -0.24549600     -0.15509300      0.90389700      0.39864100     -0.02858600     -0.02469800     -0.01645100     -0.00796600      0.03535800     -0.07100300      0.35219900
     0.07720400      0.03288600      0.36693300      0.12226400      0.44084400     -0.88924300     -0.93830100     -0.24059700     -0.24834500     -0.32359200      0.86419400      0.38533500     -0.04601600     -0.05395200     -0.03686500      1.26452600     -1.52345900      2.12768500      0.39123100     -0.14248200      0.02427000      0.31001500      0.07746500      0.65970800      0.74751300     -0.99011500      0.13864500     -0.01960000     -0.11664600     -0.73942000      0.66295900      0.01408000     -0.00494900     -0.00606100      4.67971200      0.42813000      4.53777200     -0.62697100      0.02284000      0.03399400     -0.02527400      0.10972900     -0.68423500      0.72095800      0.98922800      0.00447500     -0.14631200      0.09688500      0.72924700      0.67735600      0.01309400      0.00430100     -0.00657500      2.41951500      0.52864400      2.61855800     -0.68218900      0.07540400      0.03938000     -0.05632900      0.20928200      0.41735400     -0.88431600     -0.96243500     -0.07205000     -0.26177400     -0.17296700      0.90588300      0.38659800     -0.02870200     -0.02049300     -0.02200100      0.02681700     -0.06779900      0.08884100      0.34158500
     0.07618700      0.03191300      0.36617900      0.12333000      0.44019600     -0.88941700     -0.93154200     -0.25751800     -0.25668300     -0.34219400      0.85964000      0.37940800     -0.04653000     -0.05454400     -0.03776900      0.14337400     -0.04173000      0.07030700      0.39091500     -0.14200300      0.02427100      0.30988100      0.14287600      0.63104000      0.76247300     -0.97026300      0.24126500     -0.01771300     -0.19529200     -0.73804900      0.64576100      0.02749500     -0.00263700     -0.00547600      1.13219600      0.77892700      1.10973500     -0.66351200      0.02307500      0.03399200     -0.02534300      0.04007700     -0.66568100      0.74515900      0.98354900     -0.10517700     -0.14685700      0.17613400      0.73878700      0.65051500      0.00697300     -0.00173600     -0.00232400      4.39599200      0.68349800      4.10904900     -0.70031400      0.07489600      0.03889400     -0.05670500      0.21260800      0.41524600     -0.88451500     -0.95791900     -0.09007200     -0.27253700     -0.19284100      0.90523900      0.37862200     -0.02872000     -0.02005400     -0.02195300      0.50760100      0.00852600     -0.02414600      0.33962500
     0.07440600      0.02999100      0.36450600      0.13445200      0.43711900     -0.88932200     -0.92211000     -0.27333100     -0.27381600     -0.36294500      0.85632600      0.36742900     -0.03276600     -0.04571800     -0.04850800      0.03617200     -0.10427600      0.15658900      0.38515500     -0.14090300      0.02414700      0.30992700      0.22240300      0.59054900      0.77574500     -0.93619400      0.35138900      0.00105000     -0.27222500     -0.72721200      0.63001500      0.02821900     -0.00718700      0.00832500      0.94295300      0.70509300      1.25390100     -0.73809400      0.02362500      0.03392100     -0.02533400     -0.04109700     -0.63827000      0.76871400      0.96693100     -0.21922000     -0.13032700      0.25170100      0.73793800      0.62617300      0.02013100      0.00323200      0.00076000      4.21010200     -0.42587300      4.11642000     -0.74048400      0.07401600      0.03794300     -0.05752200      0.22274000      0.41041100     -0.88427900     -0.95115800     -0.10738400     -0.28942500     -0.21374100      0.90555500      0.36644700     -0.02257500     -0.02113200     -0.02310700      0.03768600     -0.09442000      0.13435200      0.33619600
     0.07300000      0.02832200      0.36280900      0.13767700      0.43652500     -0.88912100     -0.91694500     -0.28316700     -0.28106900     -0.37464300      0.85343000      0.36239000     -0.04404700     -0.03783200     -0.04405300      0.03448900     -0.10317900      0.15039800      0.38156900     -0.13962100      0.02397700      0.31019300      0.31407700      0.56569700      0.76245300     -0.88838200      0.45829100      0.02607500     -0.33504600     -0.68624200      0.64550700      0.02836200     -0.00833600      0.00724200      4.18303500      0.07477000      3.68289700     -0.73870300      0.02427700      0.03384300     -0.02518900     -0.13665000     -0.62482200      0.76871500      0.93745100     -0.33237100     -0.10351100      0.32017400      0.70648800      0.63115900      0.01419100     -0.00422600      0.00361000      4.19830100      0.07798000      3.65395500     -0.75126100      0.07329800      0.03708500     -0.05839300      0.22585300      0.40924100     -0.88403100     -0.94767000     -0.11789000     -0.29668700     -0.22563500      0.90477700      0.36120000     -0.01562300     -0.02036800     -0.02289800      0.03102000     -0.01774700      0.00695200      0.32754200
     0.07171000      0.02687600      0.36108300      0.13740600      0.43612000     -0.88936200     -0.91650500     -0.28449100     -0.28116600     -0.37581600      0.85319800      0.36172200     -0.02865100     -0.02558900     -0.05202100      0.06701500     -0.03866600      0.02247600      0.39145900     -0.13847800      0.02378300      0.31052100      0.36959800      0.54553400      0.75218400     -0.85366400      0.51896400      0.04322700     -0.36721600     -0.65876900      0.65653700      0.02793600     -0.00407300      0.01113900      0.37449700     -0.24615200      0.71377500     -0.74383500      0.02483800      0.03374200     -0.02503500     -0.19532000     -0.61185900      0.76647100      0.91313500     -0.39859000     -0.08549200      0.35781700      0.68319400      0.63656200      0.02073200     -0.00143100      0.00531800      1.26046200     -0.17522800      1.49039600     -0.75338400      0.07264600      0.03635500     -0.05925400      0.22562500      0.40885500     -0.88426700     -0.94746000     -0.11916300     -0.29684700     -0.22674000      0.90478500      0.36048700     -0.01476800     -0.01764200     -0.02130900      0.03039900      0.06655000     -0.13908900      0.33097100
     0.07114300      0.02627700      0.36024000      0.13778500      0.43556100     -0.88957700     -0.91568900     -0.28624700     -0.28204300     -0.37766600      0.85289600      0.36050400     -0.02758900     -0.02239500     -0.04999900      1.32635800     -1.37504900      1.84425100      0.39905700     -0.13791700      0.02373800      0.31071300      0.38302400      0.53749900      0.75125100     -0.84171100      0.53804300      0.04434300     -0.38082900     -0.64999000      0.65752900      0.01441500     -0.00532100      0.01155300      1.39979100      1.60448800     -1.14238400     -0.80138800      0.02512900      0.03372000     -0.02493300     -0.21089200     -0.60578500      0.76716900      0.90385300     -0.41972100     -0.08296100      0.37225400      0.67591300      0.63605600      0.00718900     -0.00255900      0.00583700      1.39414600      1.60058300     -1.14479000     -0.76644700      0.07235200      0.03604600     -0.05969600      0.22522000      0.40855100     -0.88451200     -0.94717300     -0.12094900     -0.29704100     -0.22833700      0.90468600      0.35972800     -0.01364100     -0.01087400     -0.02474400      1.32355000     -1.37598800      1.84499300      0.33799200
     0.07005900      0.02525300      0.35867700      0.12761300      0.43750800     -0.89013900     -0.91225000     -0.30037100     -0.27847600     -0.38937400      0.84702300      0.36189300     -0.02682600     -0.02690700     -0.03733200      0.03245500      0.06732000     -0.13976300      0.42008000     -0.13691000      0.02366400      0.31112300      0.39957700      0.52755900      0.74967400     -0.82185900      0.56834800      0.03824900     -0.40637500     -0.63206800      0.65970700      0.02775400     -0.00241600      0.01262100      4.22816200     -0.13485900      3.72401900     -0.97207800      0.02561200      0.03368100     -0.02473400     -0.22427500     -0.59913300      0.76859500      0.89028600     -0.44672900     -0.08844800      0.39634600      0.66443300      0.63359000      0.00717300     -0.00239600      0.00599000      0.16340000     -0.50155800     -0.10739100     -0.79143000      0.07181900      0.03554200     -0.06046500      0.21636800      0.41187100     -0.88518100     -0.94605200     -0.13552700     -0.29430700     -0.24118300      0.90110700      0.36032800     -0.01315300     -0.01283200     -0.01817700      0.03407000      0.05408400     -0.11576600      0.36003700
     0.06891300      0.02426500      0.35755500      0.11725400      0.43950500     -0.89058000     -0.90893900     -0.31372100     -0.27455400     -0.40021500      0.84113000      0.36380600     -0.03806700     -0.02600800     -0.02076900     -0.00281300      0.07301200     -0.13377400      0.43718200     -0.13604600      0.02375400      0.31149400      0.41442300      0.51204000      0.75237000     -0.80358600      0.59387900      0.03861100     -0.42754300     -0.62123500      0.65661100      0.01280700      0.00748200      0.00526200     -0.04460100      0.09036000      0.10444000     -1.00769400      0.02605900      0.03372900     -0.02454100     -0.24406800     -0.58477700      0.77360600      0.87299900     -0.47984400     -0.08729300      0.42225700      0.65405200      0.62762500      0.01380500     -0.00067600      0.00676500     -0.10045700      0.21735800     -0.00104100     -0.78440900      0.07124900      0.03504400     -0.06103500      0.20650900      0.41564800     -0.88577100     -0.94518100     -0.14929600     -0.29041800     -0.25295400      0.89718800      0.36203200     -0.01265500     -0.01480800     -0.01152200     -0.00321500      0.07288000     -0.12876000      0.38763300
     0.06833300      0.02371900      0.35717600      0.11482700      0.43985500     -0.89072300     -0.90924400     -0.31454000     -0.27260000     -0.40022400      0.84064100      0.36492600     -0.03706500     -0.02306900     -0.01867100     -0.00281100      0.07300300     -0.13377900      0.43894700     -0.13571900      0.02385600      0.31164200      0.41709500      0.50726900      0.75412300     -0.80022700      0.59828600      0.04030400     -0.43123600     -0.62091300      0.65449600      0.02621400      0.00956900      0.00557200     -0.02660700      0.01648600      0.13023600     -1.00822300      0.02621800      0.03377900     -0.02446700     -0.24715500     -0.58017600      0.77608500      0.87054300     -0.48467700     -0.08509300      0.42552000      0.65458500      0.62485900      0.00638600      0.00382500      0.00268800     -0.04192300      0.14719100     -0.09551500     -0.78359300      0.07094600      0.03476200     -0.06123200      0.20408100      0.41644900     -0.88595700     -0.94568000     -0.15007700     -0.28838300     -0.25305900      0.89668600      0.36320000     -0.01839100     -0.01120200     -0.00906500     -0.00364700      0.07281200     -0.13348500      0.39677700
     0.06720800      0.02271100      0.35666300      0.10546700      0.44183300     -0.89090200     -0.90338000     -0.33184600     -0.27157900     -0.41577500      0.83291600      0.36525200     -0.02168700     -0.01943400     -0.01560000      0.44165900      0.17871900     -0.26089500      0.42790100     -0.13512900      0.02423900      0.31190400      0.41903800      0.49764500      0.75944000     -0.79921200      0.59902500      0.04860600     -0.43123700     -0.62794200      0.64775500      0.01259700      0.00897100      0.00659100     -0.07415800      0.11812000      0.16621800     -1.00731500      0.02651800      0.03397100     -0.02433600     -0.24960300     -0.57123300      0.78191400      0.87074100     -0.48569500     -0.07687100      0.42368300      0.66165800      0.61862700      0.01302800      0.00527900      0.00321200     -0.08901800      0.14455700      0.18938800     -0.78359300      0.07039100      0.03426400     -0.06148300      0.19553200      0.41988900     -0.88626100     -0.94299800     -0.16765400     -0.28748000     -0.26929500      0.89195500      0.36317300     -0.01801100     -0.01353800     -0.00253600      1.45393800      0.54944800     -0.76373200      0.39710400
     0.06603100      0.02194900      0.35631500      0.09175200      0.44731300     -0.88968400     -0.88355900     -0.37541300     -0.27992900     -0.45933700      0.81121600      0.36189000     -0.02174400     -0.02640800     -0.00423900      0.41045600      0.10256200     -0.10070600      0.40486100     -0.13460000      0.02460500      0.31214300      0.42151200      0.49252500      0.76140500     -0.79804100      0.60014800      0.05373000     -0.43099800     -0.63089500      0.64503900      0.01258300      0.00886800      0.00647600     -0.03433300      0.04155500      0.10827800     -1.00778700      0.02678200      0.03415500     -0.02421600     -0.25243300     -0.56650000      0.78444500      0.87042900     -0.48705300     -0.07163100      0.42264600      0.66472300      0.61604600      0.00630800      0.00427700      0.00308500     -0.03366800      0.03795700      0.10429900     -0.78228600      0.06980400      0.03389000     -0.06165800      0.18282900      0.42774900     -0.88521300     -0.93093800     -0.21418300     -0.29576900     -0.31611300      0.87815400      0.35904900     -0.01657000     -0.00600100     -0.00521100      1.48545500      0.52477400     -0.72231400      0.37408000
     0.06545000      0.02154200      0.35620900      0.09179000      0.44776100     -0.88945500     -0.87129500     -0.39626900     -0.28946200     -0.48219600      0.80099000      0.35486500     -0.03492600     -0.02347000     -0.00253700      0.78651000     -0.30007200      0.44038700      0.39379400     -0.13437300      0.02476300      0.31227100      0.42204100      0.49238500      0.76120300     -0.79781800      0.60040900      0.05411800     -0.43089300     -0.63075500      0.64524600      0.01259300      0.00869500      0.00630900      0.00367100     -0.03073500      0.05350900     -1.00889900      0.02689600      0.03423400     -0.02415200     -0.25295300     -0.56654300      0.78424600      0.87030700     -0.48731600     -0.07132800      0.42258600      0.66449200      0.61633500      0.00630500      0.00425900      0.00306500      0.00681300     -0.02615000      0.02005100     -0.78032700      0.06950800      0.03368200     -0.06170900      0.18262200      0.42826600     -0.88500600     -0.92232200     -0.23715700     -0.30508600     -0.34054300      0.87197700      0.35168900     -0.01738700     -0.01153100     -0.00110200      0.82373600     -0.33953100      0.49348100      0.35905700
     0.06447000      0.02059000      0.35604400      0.09015500      0.44982500     -0.88858000     -0.85009300     -0.43000400     -0.30399000     -0.51895600      0.78222200      0.34473200     -0.02146600     -0.02525600     -0.00350300     -0.03009400     -0.13506500      0.24982200      0.37948500     -0.13385900      0.02516000      0.31255100      0.42710500      0.48709200      0.76178300     -0.79324400      0.60614400      0.05732000     -0.43434300     -0.62937000      0.64428400      0.01237400      0.01027400      0.00771700     -0.16212800      0.28234600      0.29086300     -1.00843000      0.02715800      0.03443400     -0.02401200     -0.25830500     -0.56325400      0.78487100      0.86693800     -0.49362500     -0.06893200      0.42625900      0.66262900      0.61581200      0.00617500      0.00519400      0.00389800     -0.23661700      0.42461800      0.39996300     -0.78147000      0.06902600      0.03321600     -0.06179000      0.18120400      0.43058900     -0.88417000     -0.90701700     -0.27432000     -0.31948000     -0.38011000      0.85985000      0.34084300     -0.01719400     -0.01084900     -0.00062500     -0.03904600     -0.01370700      0.04028500      0.33423700
     0.06363900      0.01961600      0.35594100      0.07936300      0.45262300     -0.88818900     -0.83753600     -0.45284900     -0.30566900     -0.54067500      0.76758500      0.34425400     -0.02127200     -0.02452900     -0.00302300     -0.03521200      0.06411100     -0.09410700      0.36249200     -0.13334100      0.02559500      0.31287700      0.42900100      0.48434100      0.76247100     -0.79235700      0.60700800      0.06038000     -0.43409700     -0.63065600      0.64319100      0.01221100      0.01133500      0.00864500     -0.09817900      0.24667800      0.01517700     -1.01062400      0.02741200      0.03464700     -0.02385200     -0.26069500     -0.56006500      0.78636100      0.86657800     -0.49477500     -0.06510200      0.42553300      0.66447200      0.61432600      0.00608200      0.00582800      0.00445900     -0.12713200      0.21545000      0.24033400     -0.78163300      0.06860300      0.03272100     -0.06184100      0.17116800      0.43521100     -0.88390700     -0.89862000     -0.29887600     -0.32117600     -0.40395800      0.84927200      0.33993200     -0.01061400     -0.01219600     -0.00145000     -0.03826200      0.06390500     -0.09320000      0.31039600
     0.06284300      0.01866100      0.35590200      0.06890300      0.45447600     -0.88811600     -0.82663900     -0.47230700     -0.30588700     -0.55857500      0.75466100      0.34424800     -0.02019700     -0.02162100     -0.00077600      4.87318300      1.74012300     -1.97163400      0.35884600     -0.13274500      0.02604800      0.31324900      0.43009900      0.48400400      0.76206700     -0.79188800      0.60753500      0.06122300     -0.43386700     -0.63040800      0.64359100      0.01216200      0.01143000      0.00869500     -0.01100600      0.08278300     -0.10912600     -1.00941400      0.02771500      0.03488000     -0.02366100     -0.26184500     -0.55948100      0.78639500      0.86634400     -0.49533600     -0.06394200      0.42530500      0.66454600      0.61440500      0.00607500      0.00572300      0.00434300     -0.01014700      0.08061800     -0.11105200     -0.77885700      0.06820400      0.03224000     -0.06186300      0.16198100      0.43858400     -0.88397100     -0.89185900     -0.31830500     -0.32135400     -0.42231300      0.84043100      0.33959600     -0.01005200     -0.01093100     -0.00034700      4.87843700      1.73278400     -1.96488700      0.29782300
     0.06250600      0.01828000      0.35584400      0.06969000      0.45462300     -0.88797900     -0.82240900     -0.47756600     -0.30910500     -0.56469000      0.75125700      0.34170900     -0.01860700     -0.01038500     -0.00900000      1.26347800     -1.40210400      1.90521500      0.35849000     -0.13249200      0.02622900      0.31344500      0.43052500      0.48387500      0.76190800     -0.79175100      0.60767400      0.06161400     -0.43369500     -0.63037200      0.64374100      0.01218000      0.01116000      0.00843500      0.00425500     -0.03180000      0.05270000     -1.00913200      0.02784100      0.03497100     -0.02356200     -0.26229300     -0.55942800      0.78628300      0.86628000     -0.49549800     -0.06356000      0.42515900      0.66447100      0.61458700      0.00608700      0.00556800      0.00419500      0.00417100     -0.03208800      0.05229100     -0.77951000      0.06804300      0.03205500     -0.06188800      0.15953400      0.43944300     -0.88399000     -0.88890200     -0.32557100     -0.32226600     -0.42941900      0.83719300      0.33868200     -0.00985200     -0.01014700      0.00013600     -0.03915300      0.05121100     -0.07091100      0.29553700
     0.06194600      0.01768500      0.35576100      0.06691300      0.45551500     -0.88773600     -0.81166000     -0.49254600     -0.31397300     -0.58036200      0.74098000      0.33786900     -0.01823300     -0.01652300      0.00326100      0.34477800     -0.38424100      0.52596300      0.35601800     -0.13197100      0.02661500      0.31380400      0.43197100      0.48351500      0.76131800     -0.79117000      0.60831700      0.06271600     -0.43331800     -0.63002700      0.64433200      0.01218700      0.01085200      0.00812700      0.00426000     -0.03179600      0.05270200     -1.01176000      0.02810200      0.03516400     -0.02338300     -0.26383100     -0.55925700      0.78589000      0.86593900     -0.49623600     -0.06242900      0.42490100      0.66406300      0.61520500      0.00609100      0.00540500      0.00403400      0.00410800     -0.03179000      0.05257900     -0.77951000      0.06776100      0.03175600     -0.06193600      0.15873300      0.44035400     -0.88368000     -0.88021100     -0.34232500     -0.32869600     -0.44724800      0.83000100      0.33326600     -0.00905400     -0.00810300      0.00176300      1.22616500     -1.39516500      1.91323900      0.29243400
     0.06138500      0.01722000      0.35579400      0.06257900      0.45627500     -0.88766100     -0.80542500     -0.50208200     -0.31492000     -0.58945500      0.73408400      0.33718000     -0.01599200     -0.00369100     -0.00366300     -0.00131300      0.02904000     -0.05455800      0.36163100     -0.13146200      0.02708900      0.31414700      0.43345900      0.48313100      0.76071600     -0.79048600      0.60910100      0.06373200     -0.43308300     -0.62956400      0.64494400      0.01197700      0.01220900      0.00930500      0.00426500     -0.03179600      0.05270200     -1.01076500      0.02835200      0.03539400     -0.02321700     -0.26537200     -0.55906800      0.78550500      0.86551400     -0.49710400     -0.06140200      0.42480600      0.66357200      0.61580000      0.00596600      0.00624400      0.00476600     -0.00893700      0.06610800     -0.08580500     -0.78016300      0.06748100      0.03152200     -0.06191600      0.15535700      0.44169600     -0.88361000     -0.87546600     -0.35280400     -0.33028400     -0.45762600      0.82488300      0.33188000     -0.00858800     -0.00689900      0.00273000     -0.03810800      0.05071200     -0.07069700      0.29210800
     0.06110200      0.01703700      0.35588000      0.06137700      0.45629400     -0.88773500     -0.80578100     -0.50216200     -0.31388100     -0.58909400      0.73401700      0.33795600     -0.01604500     -0.01098000      0.00773100     -0.03468300      0.03528700     -0.04414900      0.37055900     -0.13116300      0.02728800      0.31432600      0.43449800      0.48058000      0.76173900     -0.79000400      0.60945600      0.06626700     -0.43292200     -0.63116800      0.64348100      0.01217400      0.01056100      0.00781900     -0.19483800      0.33649800      0.33223400     -1.00946200      0.02849600      0.03549400     -0.02312700     -0.26605200     -0.55897400      0.78534200      0.86536400     -0.49742900     -0.06088800      0.42468700      0.66340900      0.61605800      0.01275400      0.00612600      0.00385800      0.00623900     -0.04699100      0.08188000     -0.77902100      0.06734300      0.03142900     -0.06187900      0.15421300      0.44191500     -0.88370100     -0.87585000     -0.35280000     -0.32926900     -0.45727900      0.82476700      0.33264500     -0.00792200     -0.00523700      0.00407900     -0.03623300      0.03501400     -0.04394000      0.29929300
     0.06060000      0.01676000      0.35623100      0.05351700      0.45705400     -0.88785300     -0.80060300     -0.51169400     -0.31173000     -0.59686100      0.72693200      0.33963900     -0.01452200     -0.00718900      0.01081100     -0.03467800      0.03529600     -0.04414700      0.36872100     -0.13062600      0.02761100      0.31455700      0.43566800      0.47793000      0.76273700     -0.78942600      0.60991300      0.06889200     -0.43280200     -0.63273400      0.64202200      0.01244400      0.00832700      0.00581200     -0.23048800      0.40137000      0.38154900     -1.01059300      0.02876500      0.03565300     -0.02300600     -0.26741400     -0.55650900      0.78662900      0.86521100     -0.49801700     -0.05820000      0.42414400      0.66503700      0.61467500      0.01294200      0.00457800      0.00246900      0.00590700     -0.03391300      0.05574100     -0.77771400      0.06708200      0.03128800     -0.06170000      0.14652100      0.44404300     -0.88394300     -0.87247900     -0.36309400     -0.32701900     -0.46616600      0.81913800      0.33421700     -0.00719000     -0.00340400      0.00556600     -0.03599400      0.03507300     -0.04369400      0.30745700
     0.06018700      0.01635000      0.35675100      0.04612300      0.45789800     -0.88783300     -0.79559500     -0.52055900     -0.30986900     -0.60412400      0.72007700      0.34139600     -0.01387600     -0.00557600      0.01212500     -0.03435800      0.03540100     -0.04427700      0.37304600     -0.13002200      0.02795200      0.31474400      0.43763600      0.47512800      0.76336100     -0.78844500      0.61082500      0.07198000     -0.43260600     -0.63396100      0.64094300      0.01254800      0.00737900      0.00495400     -0.01526000      0.09023600     -0.10344600     -1.00939900      0.02907600      0.03583400     -0.02291200     -0.27029200     -0.55154100      0.78914100      0.86478400     -0.49935900     -0.05280800      0.42319100      0.66816300      0.61193700      0.00628600      0.00359000      0.00237700     -0.00221400      0.06570900     -0.12238900     -0.77853100      0.06688100      0.03108700     -0.06144300      0.13942800      0.44615000     -0.88402900     -0.86911000     -0.37270600     -0.32517200     -0.47455900      0.81365700      0.33578800     -0.00757600     -0.00792600      0.01056100     -0.06827900      0.04206300     -0.03362200      0.30762000
     0.05993300      0.01613900      0.35706200      0.04171900      0.46082300     -0.88653700     -0.79268200     -0.52481200     -0.31016000     -0.60825400      0.71510700      0.34449400     -0.01382300     -0.00542900      0.01224500      0.01460700      0.08655000     -0.03852600      0.37824100     -0.12965100      0.02806500      0.31482400      0.43828500      0.47492700      0.76311300     -0.78816400      0.61112800      0.07248500     -0.43246200     -0.63382000      0.64118100      0.01286500      0.00498100      0.00282100      0.00198400     -0.01509500      0.02932900     -1.00882100      0.02925600      0.03589200     -0.02287000     -0.27091700     -0.55162900      0.78886500      0.86461600     -0.49968400     -0.05248200      0.42313400      0.66784700      0.61232000      0.01305300      0.00359100      0.00157600     -0.00906500      0.07974900     -0.10672700     -0.77902100      0.06675500      0.03098400     -0.06128600      0.13566800      0.45006200     -0.88263000     -0.86699200     -0.37722400     -0.32561500     -0.47949700      0.80941000      0.33902300     -0.00752500     -0.00778400      0.01067900      0.07737500      0.12230600     -0.10488900      0.31251900
     0.05944600      0.01560200      0.35780100      0.03353400      0.46416500     -0.88514000     -0.78746600     -0.53303900     -0.30941700     -0.61548400      0.70681400      0.34874000     -0.01484800     -0.01507700      0.02175800      0.06258700      0.54555200      0.24843100      0.38057400     -0.12887600      0.02826300      0.31487700      0.43696700      0.47434300      0.76423200     -0.78790100      0.61163800      0.07101900     -0.43427200     -0.63376400      0.64001100      0.01307900      0.00335700      0.00137300     -0.01346100      0.09926400     -0.13263800     -1.00972000      0.02964900      0.03599000     -0.02284400     -0.26956600     -0.55094100      0.78980700      0.86423100     -0.50019300     -0.05395000      0.42478000      0.66803300      0.61097600      0.00655100      0.00159800      0.00060300     -0.01352700      0.09902200     -0.13255600     -0.77983700      0.06651200      0.03071900     -0.06092000      0.12807400      0.45194300     -0.88280400     -0.86377200     -0.38656400     -0.32321100     -0.48733300      0.80393700      0.34086700     -0.00764400     -0.00804200      0.01047700     -0.06974300      0.05452200     -0.05910900      0.31921400
     0.05902100      0.01504700      0.35855500      0.02850100      0.46470600     -0.88503200     -0.78582600     -0.53673400     -0.30719000     -0.61782300      0.70365700      0.35098200     -0.01483300     -0.01500300      0.02183100     -0.06837500      0.05587800     -0.05875600      0.38501200     -0.12807200      0.02847000      0.31490800      0.43875300      0.47382900      0.76352700     -0.78702700      0.61262200      0.07222700     -0.43405800     -0.63319700      0.64071700      0.02644100      0.00461400      0.00086900      0.00408900     -0.03041100      0.05849100     -1.00780300      0.03003600      0.03609000     -0.02283000     -0.27141000     -0.55066700      0.78936700      0.86367400     -0.50128200     -0.05273900      0.42473800      0.66744300      0.61165000      0.01320300      0.00244100      0.00054000      0.00410900     -0.03041700      0.05848300     -0.77885700      0.06630500      0.03044400     -0.06054700      0.12324700      0.45594200     -0.88143400     -0.86232300     -0.39037100     -0.32250300     -0.49113000      0.79982900      0.34505800     -0.00751700     -0.00772300      0.01074200     -0.06943100      0.05172700     -0.06114400      0.32574600
     0.05865000      0.01466200      0.35916200      0.02104400      0.46546400     -0.88484200     -0.77644500     -0.54988400     -0.30778800     -0.62985900      0.69292800      0.35093600     -0.00073500     -0.00896600      0.01007700     -0.03368200      0.02053400     -0.01464600      0.38618000     -0.12726000      0.02861900      0.31493900      0.44066900      0.47330200      0.76274900     -0.78613800      0.61360000      0.07358000     -0.43372800     -0.63264100      0.64148800      0.02631300      0.00546400      0.00160500      0.00635200     -0.04699700      0.08194600     -1.00940800      0.03044800      0.03616200     -0.02281700     -0.27346500     -0.55038300      0.78885600      0.86310200     -0.50241300     -0.05132900      0.42458300      0.66682700      0.61242900      0.01325200      0.00207400      0.00020300      0.00410800     -0.03040600      0.05849000     -0.77510200      0.06611000      0.03025000     -0.06023200      0.11599000      0.45795400     -0.88137600     -0.85538800     -0.40496000     -0.32298300     -0.50483300      0.79138100      0.34475700     -0.00687300     -0.00254300      0.00627000     -0.03808200      0.03744300     -0.04661800      0.32917500
