     0.08000100      0.03822500      0.36425400     -0.24888100      0.56481500     -0.78682100     -0.88668500     -0.45967700     -0.04957400     -0.38938300      0.68462100      0.61620000     -0.02742900      0.01197500     -0.02357300      0.06537600      0.01881300     -0.07899900     -0.05864600     -0.13664700      0.04007500      0.30458300     -0.58373500      0.69750900      0.41560500     -0.74685700     -0.66200800      0.06233000      0.31935200     -0.27487500      0.90681900     -0.00059100      0.00592700      0.02289200     -0.00580000     -0.26876900      0.32863800     -0.09124800      0.02571200      0.04247100     -0.02830100      0.68236800     -0.65382900      0.32692500      0.69162100      0.72226000      0.00090100     -0.23671400      0.22549300      0.94504900     -0.00035000      0.00342200      0.01185900      0.00169900     -0.26140600      0.33126500     -0.26596200      0.07665100      0.04227300     -0.05772200     -0.02398300      0.64068400     -0.76742900     -0.92270900     -0.30962300     -0.22965200     -0.38474800      0.70260700      0.59859100     -0.00795000     -0.00021500     -0.00802200      0.03214900      0.00927200     -0.03912100     -0.24152600
     0.07904200      0.03848500      0.36378700     -0.25175600      0.56421300     -0.78633800     -0.88548100     -0.46214200     -0.04816500     -0.39027000      0.68345900      0.61692800     -0.01340000      0.00695000     -0.01115900      0.03266900      0.00934100     -0.03953100     -0.05966300     -0.13661700      0.04059200      0.30544300     -0.60862800      0.68178600      0.40587000     -0.72281300     -0.68734000      0.07098200      0.32813800     -0.25101000      0.91059500      0.00067800     -0.00382900      0.03154900     -0.05877400     -0.13685700      0.15435300     -0.08361700      0.02572600      0.04273800     -0.02786300      0.70452400     -0.63587800      0.31512700      0.66674900      0.74516800      0.01299400     -0.24308600      0.20095600      0.94896000      0.00030900     -0.00170600      0.01595800     -0.04715400     -0.14183000      0.15477100     -0.26253200      0.07616100      0.04240900     -0.05796400     -0.02700200      0.64051100     -0.76747300     -0.92212700     -0.31237600     -0.22825700     -0.38594200      0.70154500      0.59906800     -0.00651700      0.00398200     -0.00522500      0.03229400      0.00924700     -0.03926900     -0.24724100
     0.07830900      0.03867800      0.36360400     -0.25370200      0.56384700     -0.78597500     -0.88477200     -0.46361000     -0.04706100     -0.39061400      0.68276700      0.61747600     -0.01340800     -0.00007600     -0.00016700     -0.00098400      0.01471500     -0.02955300     -0.04065800     -0.13667700      0.04048000      0.30655800     -0.62068600      0.66936200      0.40828300     -0.70714100     -0.70277300      0.07742600      0.33954400     -0.24148400      0.90898800      0.00114900     -0.00777600      0.02795300     -0.15339700      0.19820200     -0.06968800     -0.07407800      0.02569500      0.04269500     -0.02730800      0.71570900     -0.62253600      0.31655700      0.65068000      0.75904400      0.02158900     -0.25372000      0.19052600      0.94832700      0.00058500     -0.00408000      0.01380400     -0.14772700      0.11031800      0.08319000     -0.25240800      0.07580600      0.04251100     -0.05805100     -0.02895700      0.64043700     -0.76746300     -0.92184800     -0.31395800     -0.22721200     -0.38646600      0.70090600      0.59947700     -0.00612600      0.00511500     -0.00446800      0.03239800      0.00921600     -0.03936800     -0.24185200
     0.07784600      0.03861600      0.36356000     -0.25523200      0.56370200     -0.78558400     -0.88443000     -0.46437600     -0.04593700     -0.39039200      0.68236700      0.61805800     -0.01437900     -0.00280100     -0.00200800     -0.00121000      0.02947300     -0.05430700     -0.03129800     -0.13661200      0.04015900      0.30755100     -0.61759200      0.67110900      0.41010300     -0.70664600     -0.70234200      0.08545200      0.34616300     -0.23785200      0.90744800      0.01447400     -0.00843500      0.02582600     -0.10055200      0.02967500      0.05151600     -0.07573200      0.02572300      0.04253500     -0.02681000      0.71273600     -0.62471200      0.31897000      0.65127000      0.75825900      0.02981400     -0.26048700      0.18648600      0.94729500      0.00065500     -0.00469700      0.01323900     -0.07355400      0.00216800      0.04395300     -0.24946900      0.07557400      0.04249200     -0.05806500     -0.03053300      0.64051400     -0.76733800     -0.92182400     -0.31482300     -0.22611000     -0.38640300      0.70044800      0.60005400     -0.00089900     -0.00256300     -0.00171800     -0.00040700      0.01470900     -0.02462300     -0.23107500
     0.07773000      0.03847600      0.36348800     -0.25556000      0.56368600     -0.78548900     -0.88437700     -0.46450200     -0.04567200     -0.39029600      0.68229400      0.61819900     -0.00272800     -0.00775000     -0.00522600     -0.00022600      0.01475700     -0.02475500     -0.03139000     -0.13651600      0.03996800      0.30805100     -0.61200200      0.67332700      0.41482000     -0.70777500     -0.70027700      0.09274000      0.35371000     -0.23767500      0.90457900      0.00160700     -0.01163000      0.02449800     -0.20807300      0.18781800      0.14184900     -0.08021500      0.02577500      0.04244600     -0.02656800      0.70830000     -0.62723000      0.32387000      0.65312300      0.75637200      0.03647000     -0.26784100      0.18569600      0.94539700      0.00734700     -0.00528100      0.01197000     -0.27649800      0.26559800      0.24360800     -0.24995900      0.07551400      0.04243000     -0.05809600     -0.03087100      0.64054400     -0.76729900     -0.92183800     -0.31496800     -0.22584800     -0.38634100      0.70035400      0.60020200     -0.00127800     -0.00363600     -0.00244500     -0.00037600      0.01471300     -0.02464900     -0.22927900
     0.07772400      0.03803700      0.36318100     -0.25367000      0.56339900     -0.78630600     -0.88413500     -0.46474600     -0.04783400     -0.39207500      0.68236500      0.61699400     -0.00456300     -0.01296200     -0.00877800     -0.00035700      0.02941200     -0.04939400     -0.03402300     -0.13654700      0.03921200      0.30882100     -0.50457300      0.74738200      0.43222400     -0.79428000     -0.59799100      0.10705200      0.33911700     -0.29021700      0.89478300      0.00273500     -0.02112300      0.01617500      2.86864900      1.59888500      5.48398100     -0.11404400      0.02575800      0.04207500     -0.02616300      0.61417100     -0.70730600      0.35001600      0.74474700      0.66618100      0.03940400     -0.26104500      0.23647300      0.93591400     -0.00510700     -0.01153000      0.00782600      2.28660000      2.63923700      1.34604900     -0.26596100      0.07551200      0.04221300     -0.05824700     -0.02888300      0.63999500     -0.76783400     -0.92125400     -0.31512300     -0.22800300     -0.38788400      0.70078600      0.59870100      0.00399500     -0.00772100     -0.00515900     -0.00138600     -0.09858300      0.17239800     -0.22878900
     0.07793700      0.03730300      0.36266400     -0.25183500      0.56144100     -0.78829500     -0.88116800     -0.46977600     -0.05314700     -0.39985600      0.68053600      0.61401300      0.00590200     -0.02147300     -0.01449200      0.00052800      0.01480500     -0.01995300     -0.04602000     -0.13652800      0.03819500      0.30925600     -0.29685100      0.83469200      0.46385300     -0.91475000     -0.38787000      0.11279900      0.27445100     -0.39186200      0.87805700      0.00206600     -0.01647200      0.00291200      2.31016300      2.61170000      1.49099300     -0.20087100      0.02576700      0.04157400     -0.02594500      0.42145500     -0.81410000      0.39951900      0.88261500      0.46940700      0.02543500     -0.20824300      0.34190200      0.91637200      0.00183900     -0.01477500      0.00456000      3.11583400      1.53128400      7.55471600     -0.32588900      0.07561300      0.04185900     -0.05849700     -0.02707400      0.63787500     -0.76966300     -0.91818900     -0.32027500     -0.23313500     -0.39521500      0.70038500      0.59436100      0.00286500     -0.01099800     -0.00742600     -0.00244600      0.01879000     -0.02183100     -0.23434100
     0.07804500      0.03682900      0.36235400     -0.25183100      0.55979400     -0.78946600     -0.87844400     -0.47448700     -0.05630200     -0.40580400      0.67862600      0.61222300      0.00434900     -0.02597300     -0.01762400      0.39455300     -0.04429100     -0.17838900     -0.04582800     -0.13645500      0.03777100      0.30932400     -0.16333300      0.86238300      0.47917500     -0.96326100     -0.24422300      0.11143400      0.21334200     -0.44444300      0.86995300      0.00238000     -0.01911000      0.00059100      4.03690800      1.54711500      7.02995400     -0.23265000      0.02580500      0.04135000     -0.02590800      0.29254900     -0.85365800      0.43090700      0.94372900      0.33042700      0.01388700     -0.15423800      0.40259700      0.90228800      0.00128400     -0.00958800      0.00002500      5.09146500      3.08151700      6.14419900     -0.36458900      0.07567200      0.04160900     -0.05866000     -0.02707100      0.63633700     -0.77093400     -0.91573300     -0.32505900     -0.23615200     -0.40087200      0.69957800      0.59151500      0.00206300     -0.01332800     -0.00904800      0.39780400     -0.04826400     -0.18401400     -0.23679000
     0.07837100      0.03549700      0.36153000     -0.24994400      0.56072100     -0.78940800     -0.87609900     -0.47806600     -0.06224700     -0.41199000      0.67534300      0.61172200      0.01377200     -0.03787000     -0.02586400      0.00148700      0.01545900     -0.01479100     -0.03492700     -0.13637600      0.03705200      0.30925500      0.09359500      0.85430900      0.51126000     -0.99303600      0.04361300      0.10914000      0.07083800     -0.51898100      0.85176500      0.00264500     -0.02135100     -0.00140000      4.04868500      1.33165700      6.58225000     -0.30201600      0.02584600      0.04098000     -0.02594700      0.03560000     -0.86973800      0.49222800      0.99919400      0.04011000     -0.00139300     -0.01853200      0.49188100      0.87046500      0.00138600     -0.01090600     -0.00090100      4.15615700      1.29892600      6.53021700     -0.43202800      0.07583100      0.04096000     -0.05906100     -0.02520300      0.63701700     -0.77043600     -0.91289300     -0.32875500     -0.24196000     -0.40741800      0.69722900      0.58981500      0.00660200     -0.01977200     -0.01351200     -0.00002500     -0.07950900      0.12519400     -0.23336100
     0.07866900      0.03380900      0.36044900     -0.25286500      0.55778800     -0.79055500     -0.87057400     -0.48761000     -0.06564800     -0.42179400      0.67094100      0.60988100      0.01152100     -0.04480500     -0.03105900      0.00267000     -0.07223100      0.13093400      0.00523300     -0.13635600      0.03647100      0.30895600      0.25359800      0.80767700      0.53229500     -0.96676200      0.22918100      0.11305600     -0.03098100     -0.54428200      0.83824800      0.00132400     -0.01119200     -0.00991900      0.82951100      0.45449700      2.64269600     -0.42898400      0.02585600      0.04069100     -0.02609500     -0.12253500     -0.83863900      0.53072400      0.98922200     -0.14638700     -0.00292400      0.08014300      0.52464600      0.84753800      0.00075000     -0.00594200     -0.00523500      3.97128300      0.71643500      6.42921300     -0.52788000      0.07598000      0.04011600     -0.05960100     -0.02844000      0.63458000     -0.77233300     -0.90832400     -0.33896000     -0.24505500     -0.41729700      0.69456000      0.58604400     -0.00069400     -0.02150400     -0.01499800     -0.00144800      0.04585700     -0.06946100     -0.21670600
     0.07885400      0.03211400      0.35911600     -0.25265900      0.55785300     -0.79057500     -0.87048000     -0.48772600     -0.06602500     -0.42211000      0.67080300      0.60981500      0.01172800     -0.03755100     -0.04251000      0.03637500     -0.07747200      0.12101800      0.05292400     -0.13615000      0.03617400      0.30862000      0.38654600      0.75471900      0.53006900     -0.91540900      0.38366100      0.12150500     -0.11213400     -0.53314300      0.83847900      0.01418700     -0.00705200     -0.00779600      3.19224500      0.57036100      5.47342400     -0.56449400      0.02595900      0.04053300     -0.02627100     -0.26063400     -0.79630700      0.54586100      0.95200100     -0.30598100      0.00818700      0.16050400      0.52179500      0.83783500      0.00713100     -0.00351000     -0.00389200      3.23110300      0.51677100      5.44022500     -0.67010600      0.07607100      0.03926200     -0.06026600     -0.02821700      0.63462800     -0.77230200     -0.90820800     -0.33902100     -0.24540300     -0.41756600      0.69448600      0.58594000     -0.00102300     -0.02260400     -0.01600900     -0.00064300      0.05901300     -0.09389700     -0.16935100
     0.07893600      0.03124700      0.35839200     -0.25534300      0.55804700     -0.78957500     -0.87048800     -0.48804700     -0.06349400     -0.42047300      0.67040700      0.61137800      0.01192800     -0.03720100     -0.04252100     -0.00476500      0.05190500     -0.07195200      0.07876100     -0.13607500      0.03605000      0.30846400      0.46366700      0.70867500      0.53177500     -0.86997100      0.47764700      0.12222200     -0.16795100     -0.52018800      0.83729300     -0.00064700      0.00449300     -0.01353800      3.34290200      0.68326000      5.40674400     -0.61101200      0.02599700      0.04046800     -0.02634600     -0.33690900     -0.75899300      0.55715400      0.91681600     -0.39916700      0.01062200      0.21433600      0.51438600      0.83034000      0.00050700     -0.00429500     -0.00382100      1.28688900      0.25492100      2.07175600     -0.72203200      0.07611100      0.03884100     -0.06061900     -0.03059300      0.63513900     -0.77179000     -0.90866800     -0.33934400     -0.24324300     -0.41639600      0.69386000      0.58751200      0.00519500     -0.02443300     -0.01733100     -0.49262400      0.45977000     -0.46644200     -0.13669300
     0.07923800      0.02949100      0.35696400     -0.26425500      0.55730100     -0.78716600     -0.86827000     -0.49272800     -0.05742900     -0.41954400      0.66760200      0.61507500      0.01018500     -0.04990800     -0.03596500     -0.16406500      1.60020100     -2.65203400      0.12712400     -0.13634900      0.03582800      0.30835200      0.60437100      0.58528700      0.54052400     -0.74403500      0.65711600      0.12059900     -0.28534400     -0.47579300      0.83190300     -0.01320600     -0.00131700      0.00035300      1.02900300      0.17937400      1.61866600     -0.82812500      0.02586600      0.04035000     -0.02641500     -0.48894200     -0.64658400      0.58554600      0.80491700     -0.59313800      0.01715300      0.33621900      0.47970400      0.81045700     -0.00664200     -0.00021400      0.00054600      3.42786700      0.92194100      4.89061800     -0.77820400      0.07626100      0.03794900     -0.06134800     -0.03677100      0.63552200     -0.77120600     -0.90831900     -0.34301900     -0.23936000     -0.41665700      0.69170000      0.58987000      0.00511800     -0.02497400     -0.01794300      4.36524500      0.26656000     -3.27771600     -0.07039700
     0.07983500      0.02760200      0.35544800     -0.28964600      0.55069400     -0.78287100     -0.85532300     -0.51597100     -0.04656500     -0.42922900      0.65543400      0.62144700      0.02315700     -0.05297900     -0.03851200      4.29109600      0.22720000     -3.34655400      0.16730500     -0.13659500      0.03588700      0.30867000      0.65173200      0.53115500      0.54139800     -0.68639800      0.71663000      0.12342300     -0.32322800     -0.45272500      0.83091900     -0.00092500      0.00789000      0.00701900      0.27146000      0.04425700      0.43636000     -1.01777300      0.02573800      0.04037700     -0.02625800     -0.54093500     -0.59629000      0.59314900      0.75230800     -0.65836500      0.02423200      0.37605900      0.45933900      0.80472700      0.00683500     -0.00089900      0.00721900      0.86634400      0.19212900      1.41835900     -0.79077700      0.07655400      0.03700400     -0.06210600     -0.06331500      0.63413700     -0.77062300     -0.90315200     -0.36495000     -0.22611100     -0.42462500      0.68167400      0.59583000      0.01226900     -0.02092800     -0.02337400     -0.09806700      0.05683300     -0.01164000     -0.00687700
     0.08023800      0.02660700      0.35470900     -0.30008400      0.54800900     -0.78082100     -0.85032800     -0.52459200     -0.04144900     -0.43196200      0.65083200      0.62438300      0.02361700     -0.05213200     -0.03816600      0.00299500     -0.06832000      0.12893800      0.17114600     -0.13652100      0.03594000      0.30883900      0.65312600      0.53136300      0.53951000     -0.68626200      0.71641700      0.12539700     -0.32068700     -0.45281600      0.83185300     -0.00077200      0.00657100      0.00583900      0.00217100     -0.01736000      0.02307100     -1.03449600      0.02577500      0.04041100     -0.02616700     -0.54273900     -0.59641800      0.59136900      0.75215800     -0.65846000      0.02622300      0.37375300      0.45903600      0.80597300      0.00695400     -0.00192500      0.00629900     -0.03398400     -0.01964600      0.02323700     -0.78555200      0.07675500      0.03650500     -0.06247700     -0.07772000      0.63186100     -0.77117400     -0.89820800     -0.38005000     -0.22087100     -0.43264500      0.67550900      0.59708000      0.00549900     -0.02436300     -0.01797200      0.00819900     -0.04784400      0.09400700      0.01386100
     0.08108100      0.02453200      0.35317400     -0.31738300      0.54329700     -0.77726500     -0.84177300     -0.53879800     -0.03295600     -0.43630700      0.64314400      0.62930800      0.02276100     -0.05568900     -0.04147900      0.03617400      0.04607000     -0.08791800      0.16030400     -0.13620400      0.03574300      0.30916900      0.68556400      0.49642900      0.53249600     -0.64948700      0.74739900      0.13962400     -0.32952000     -0.44219800      0.83411100      0.01453700     -0.00902400      0.00798400      0.58814700      0.54862700      1.70257900     -1.03414600      0.02593200      0.04032500     -0.02599000     -0.57784600     -0.56585700      0.58813200      0.72055300     -0.69212300      0.04204200      0.38327000      0.44807400      0.80767100      0.00726600     -0.00466600      0.00384300      0.44319400      0.72135500      1.81704300     -0.78212300      0.07717900      0.03547500     -0.06323900     -0.09561800      0.62975700     -0.77088300     -0.89342900     -0.39576400     -0.21249200     -0.43890700      0.66841300      0.60048600      0.01157400     -0.02732400     -0.02035000      0.12101800      0.03235700     -0.12533100      0.02039200
     0.08174900      0.02231200      0.35155000     -0.34525400      0.52926900     -0.77506100     -0.81785000     -0.57471500     -0.02821200     -0.45994900      0.62348300      0.63225200      0.02218100     -0.05846200     -0.04434300      0.38804400      0.04386700     -0.35025400      0.14335800     -0.13584900      0.03508800      0.30956800      0.71298700      0.46515200      0.52466700     -0.61567800      0.77329100      0.15131000     -0.33622000     -0.43149700      0.83703700      0.01624300     -0.02224700      0.01378000      0.81093600      0.13934700      1.54236500     -1.03700900      0.02610900      0.03999500     -0.02579300     -0.60867600     -0.53558200      0.58537400      0.69039900     -0.72108800      0.05812900      0.39097400      0.43952400      0.80867500      0.00812500     -0.01121400      0.00680600      0.83216800      0.14652100      1.54087800     -0.78130700      0.07751300      0.03436600     -0.06405000     -0.12496600      0.62029200     -0.77435100     -0.87638600     -0.43488600     -0.20693200     -0.46511300      0.65277100      0.59796100      0.00439900     -0.02843000     -0.02174300      1.30265500      0.08464100     -1.15480700      0.00471600
     0.08196100      0.01991700      0.34982200     -0.38309900      0.50674600     -0.77232700     -0.78095200     -0.62417300     -0.02222900     -0.49286100      0.59400100      0.63582800     -0.00653000     -0.06852300     -0.03696200      0.34999100      0.11932000     -0.47573200      0.11119600     -0.13529100      0.03426100      0.31012300      0.74111300      0.44655200      0.50133200     -0.59138100      0.78759100      0.17292900     -0.31854000     -0.42520400      0.84711100      0.01614000     -0.02111100      0.01481000     -0.18858400     -0.18931000      0.10124400     -1.03259200      0.02637700      0.03959000     -0.02552600     -0.64032200     -0.51883900      0.56638500      0.66978800     -0.73811300      0.08107200      0.37599300      0.43127000      0.82014300      0.00803800     -0.01036700      0.00756700     -1.34858700     -2.24260400      1.34629100     -0.77755100      0.07763200      0.03319600     -0.06489800     -0.16481600      0.60432200     -0.77950500     -0.84935200     -0.48874500     -0.19932200     -0.50143500      0.62922300      0.59383500     -0.00250300     -0.02838300     -0.02229900      4.28024600      0.20288900     -3.63156400     -0.02614500
     0.08176800      0.01879100      0.34904300     -0.39781000      0.49682900     -0.77133200     -0.76505200     -0.64363300     -0.02007400     -0.50594100      0.58150300      0.63710600     -0.01847300     -0.05479200     -0.04398300      1.27743600      0.12195800     -1.20497300      0.10136100     -0.13498100      0.03396100      0.31039100      0.75436000      0.43623300      0.49054400     -0.57821900      0.79522800      0.18223600     -0.31153200     -0.42166600      0.85147500      0.01590600     -0.01906600      0.01663200     -0.05639100     -0.11564400      0.15292800     -1.02650000      0.02653800      0.03943200     -0.02539300     -0.65596500     -0.50949300      0.55688800      0.65838600     -0.74702700      0.09207100      0.36910100      0.42704300      0.82546800      0.01373800     -0.00249400      0.00501700     -0.02347500     -0.02927000      0.05398300     -0.77118300      0.07753800      0.03260400     -0.06530400     -0.18091500      0.59685000     -0.78168900     -0.83711100     -0.51065100     -0.19616000     -0.51624900      0.61887300      0.59201500     -0.00336900     -0.03465100     -0.01898500      4.22910000      0.22469700     -3.67257000     -0.04361800
     0.08092700      0.01640700      0.34752000     -0.40995200      0.49041200     -0.76907700     -0.75546800     -0.65499200     -0.01503600     -0.51061000      0.57423600      0.63996600     -0.03304800     -0.06278100     -0.03465100     -0.03683800      0.12270200     -0.19318500      0.08877600     -0.13405000      0.03369200      0.31093000      0.77310000      0.42084800      0.47454600     -0.55952500      0.80475100      0.19809600     -0.29948200     -0.41920200      0.85699700      0.02715800     -0.00221100      0.01249100     -0.07159600     -0.09330800      0.27479500     -1.00638900      0.02700000      0.03929000     -0.02512300     -0.67740500     -0.49547800      0.54371200      0.64263400     -0.75828800      0.10963200      0.35797000      0.42367400      0.83208000      0.00775300     -0.00788300      0.00976600     -0.11290600     -0.03872700      0.20382200     -0.75730300      0.07712200      0.03141100     -0.06607200     -0.19497300      0.59181800     -0.78213500     -0.82942900     -0.52510100     -0.19056500     -0.52348000      0.61157100      0.59325200     -0.01596200     -0.02613400     -0.02166500     -0.00535600      0.11819200     -0.20083800     -0.06925400
     0.07969700      0.01420800      0.34613700     -0.41465300      0.48871200     -0.76763800     -0.75325600     -0.65759900     -0.01184100     -0.51007700      0.57270800      0.64175900     -0.03159300     -0.05758200     -0.03123600      1.43064800     -1.45633000      1.53375900      0.08078700     -0.13297700      0.03342400      0.31153100      0.78056800      0.41388200      0.46840800     -0.55319100      0.80616900      0.20977400     -0.29176400     -0.42338700      0.85760100      0.02869200     -0.01373200      0.01980300     -0.64118800     -0.55626400      0.75928200     -1.00641000      0.02753500      0.03916300     -0.02482200     -0.68535200     -0.49000400      0.53869100      0.63817400     -0.76045000      0.12019900      0.35075000      0.42615800      0.83388400      0.01358500     -0.00121900      0.00611600     -1.65032800     -1.80405800      1.56144000     -0.77118200      0.07650300      0.03030100     -0.06677200     -0.20241300      0.59088200     -0.78095100     -0.82870800     -0.52825600     -0.18489700     -0.52179500      0.60975600      0.59659500     -0.01503700     -0.02295900     -0.01947500     -0.00408500      0.08806900     -0.15219700     -0.08346000
     0.07896600      0.01332200      0.34548000     -0.41098300      0.48850300     -0.76974200     -0.75204100     -0.65888300     -0.01668500     -0.51481700      0.57141000      0.63912500     -0.04251900     -0.03971900     -0.03474900      0.01046300     -0.01140700      0.00197100      0.07472700     -0.13245500      0.03328300      0.31182200      0.78299600      0.41123300      0.46668700     -0.55132300      0.80608900      0.21493600     -0.28877500     -0.42611100      0.85726400      0.01399700     -0.00413400      0.01231100     -1.35276100     -2.08920600      1.31528000     -1.00457400      0.02780200      0.03909100     -0.02467300     -0.68728100     -0.48648200      0.53942500      0.63693900     -0.76062100      0.12555400      0.34921900      0.42987200      0.83261900      0.01361400     -0.00141100      0.00594000     -0.09708800      0.05442500      0.10322700     -0.77608100      0.07614100      0.02984800     -0.06710200     -0.19610700      0.59014300     -0.78311600     -0.82640500     -0.52934500     -0.19195800     -0.52782200      0.60952700      0.59150600     -0.02119300     -0.01974700     -0.01725200      0.02809200      0.08112900     -0.16655400     -0.08982900
     0.07737600      0.01221700      0.34438500     -0.38760400      0.48683300     -0.78281700     -0.74261700     -0.66798800     -0.04778900     -0.54570200      0.56220200      0.62142200     -0.03753300     -0.02447600     -0.02227600      0.01326400     -0.14291100      0.22279900      0.04684400     -0.13151300      0.03331500      0.31227700      0.79183100      0.39754900      0.46362600     -0.54296200      0.80565400      0.23674600     -0.28038700     -0.43969800      0.85317700      0.01363200     -0.00141900      0.01468800     -0.57238700      0.25228600      0.53083600     -1.00653400      0.02827300      0.03910200     -0.02445000     -0.69873100     -0.47516000      0.53478700      0.63115000     -0.76138100      0.14814500      0.33678400      0.44104500      0.83189800      0.01338200      0.00028600      0.00742300     -0.91016900     -0.21745700      0.91363300     -0.78587900      0.07533900      0.02927700     -0.06766500     -0.17139100      0.58548600     -0.79235700     -0.81315200     -0.53815000     -0.22175900     -0.55624400      0.60630000      0.56832400     -0.02535900     -0.01048600     -0.00993200      0.02107400     -0.02608900      0.01571300     -0.12085400
     0.07552800      0.01195900      0.34380600     -0.38081200      0.48436600     -0.78766500     -0.74062200     -0.66974000     -0.05384800     -0.55314700      0.56225100      0.61476000     -0.04562700     -0.00583600     -0.00710000     -0.04943300     -0.26202400      0.12550000      0.06132000     -0.13063400      0.03336800      0.31279600      0.78886700      0.40470200      0.46248900     -0.55675200      0.78909600      0.25940000     -0.26094900     -0.46263600      0.84719300      0.02707300     -0.00172200      0.01283400     -0.51283100      0.01966000      0.01364700     -1.00914100      0.02870600      0.03913600     -0.02418300     -0.69577200     -0.48032200      0.53403200      0.64539700     -0.74437800      0.17135200      0.31521800      0.46388500      0.82791700      0.01346200     -0.00032800      0.00687100     -1.12035900     -0.12998000     -1.07702700     -0.79388000      0.07441700      0.02913800     -0.06796400     -0.16458800      0.58237100     -0.79608600     -0.81044400     -0.53988200     -0.22739100     -0.56221900      0.60775800      0.56083800     -0.02247600     -0.00200400     -0.00273100     -0.06681800     -0.32445000      0.11846900     -0.13097800
     0.07463400      0.01198500      0.34372000     -0.37689900      0.48542400     -0.78889600     -0.74189500     -0.66809300     -0.05671500     -0.55412500      0.56329500      0.61292100     -0.04352400      0.00018700     -0.00193800     -0.00029300     -0.14659000      0.22719000      0.08607500     -0.13025000      0.03335100      0.31302500      0.78409600      0.41198500      0.46417100     -0.56908900      0.77550000      0.27326100     -0.24836000     -0.47893700      0.84190200      0.01228300      0.00828600      0.00571100     -0.61728900      0.51915800      0.41159100     -1.01066300      0.02890400      0.03912200     -0.02406800     -0.68981800     -0.48900700      0.53387500      0.65869400     -0.72994100      0.18250100      0.30045300      0.47755300      0.82563300      0.01356500     -0.00111600      0.00617600     -0.44336300     -0.06626300     -0.00987000     -0.79420700      0.07395400      0.02915100     -0.06800700     -0.16016400      0.58266700     -0.79677100     -0.81106000     -0.53775500     -0.23021700     -0.56260800      0.60935700      0.55870700     -0.02150400      0.00079900     -0.00033100      0.00200300     -0.13339500      0.23718800     -0.11154700
     0.07326900      0.01214800      0.34375400     -0.37162500      0.48197600     -0.79349900     -0.74336200     -0.66645800     -0.05673400     -0.55572300      0.56817000      0.60694400     -0.02741000      0.00463900      0.00258700     -0.00465600      0.02204500     -0.06347400      0.14512500     -0.12956800      0.03358600      0.31338200      0.75979900      0.45030800      0.46895600     -0.61533900      0.73071000      0.29556000     -0.21052200     -0.51370000      0.83165900      0.01210800      0.00936700      0.00663700     -2.99056100     -1.26194500     -4.27691000     -1.00770000      0.02924500      0.03923700     -0.02389100     -0.66525400     -0.51975500      0.53599500      0.69911500     -0.68562800      0.20285700      0.26205800      0.50967400      0.81948600      0.00513600      0.01128600      0.00037000     -0.51044300      0.31378000      0.51637200     -0.79551300      0.07327400      0.02923900     -0.06798400     -0.15471600      0.57856600     -0.80082600     -0.81227500     -0.53590700     -0.23024500     -0.56238000      0.61486900      0.55286800     -0.01353200      0.00279600      0.00173100      0.00111500      0.04921300     -0.04341600     -0.04590400
     0.07272800      0.01225600      0.34380600     -0.36791800      0.48057800     -0.79607000     -0.74445500     -0.66516600     -0.05755600     -0.55672800      0.57086200      0.60348800     -0.00017100     -0.00046400     -0.00040300      0.00158500     -0.10222500      0.17061000      0.15409400     -0.12905500      0.03401100      0.31362000      0.74082700      0.47454900      0.47536200     -0.64827500      0.69008900      0.32163600     -0.17633100     -0.54703800      0.81824200      0.01224300      0.00821400      0.00560800     -0.36248200      0.31203500      0.31038400     -0.99082300      0.02950200      0.03945100     -0.02377100     -0.64070500     -0.54649200      0.53929800      0.73532500     -0.63883700      0.22623400      0.22088900      0.54150900      0.81115600      0.00619600      0.00356000      0.00232100     -0.74272900      0.34568800      0.03982600     -0.79502300      0.07300700      0.02930400     -0.06794900     -0.15099400      0.57690900     -0.80272900     -0.81300200     -0.53441300     -0.23114800     -0.56234000      0.61771900      0.54972200     -0.00003400     -0.00009300     -0.00006800      0.00163700      0.00768500      0.00568700     -0.00067200
     0.07341700      0.01225800      0.34348300     -0.36445000      0.48156600     -0.79706800     -0.74520000     -0.66406600     -0.06054200     -0.55801500      0.57130800      0.60187600      0.02734300      0.00257600     -0.01419400      0.03595400     -0.04929400      0.07401200      0.11066400     -0.12873700      0.03417800      0.31379200      0.74068100      0.47536500      0.47477400     -0.65522400      0.66696400      0.35464500     -0.14899200     -0.57435800      0.80484500     -0.00055200      0.00388900      0.00339300     -1.81200900     -1.76571200      1.83097400     -0.92449400      0.02966500      0.03953900     -0.02368200     -0.63873400     -0.54794000      0.54016500      0.74493400     -0.61611100      0.25588800      0.19259000      0.56583200      0.80171100      0.00637000      0.00231200      0.00122900     -1.07153300     -0.40266600     -0.88383300     -0.77787700      0.07334400      0.02931000     -0.06809900     -0.14721700      0.57747900     -0.80302100     -0.81307600     -0.53296400     -0.23421200     -0.56323500      0.61843800      0.54799600      0.02032300     -0.00042800     -0.00823300      0.03678900     -0.04908700      0.07893200     -0.02075700
     0.07421500      0.01221000      0.34317400     -0.36805300      0.48199800     -0.79514800     -0.74175900     -0.66781600     -0.06153800     -0.56022400      0.56655700      0.60430900      0.04032100     -0.00169100     -0.01720800      4.54332700      0.65557500     -3.06620000      0.08607200     -0.12856800      0.03418700      0.31383100      0.74161800      0.47782500      0.47082700     -0.65758100      0.65614600      0.37012600     -0.13299900     -0.58469700      0.80019000      0.01308700      0.00217200      0.00032500     -1.23337800     -0.27059200     -0.74555700     -0.83753200      0.02974400      0.03954800     -0.02365800     -0.64266100     -0.54881100      0.53459500      0.74617100     -0.60665600      0.27421600      0.17382300      0.57512800      0.79938200     -0.00001000     -0.00000200     -0.00002700     -3.21972700     -1.52941000     -3.76876200     -0.75158800      0.07375400      0.02928900     -0.06825700     -0.14993000      0.57775100     -0.80232300     -0.81123300     -0.53576600     -0.23420900     -0.56517300      0.61575700      0.54901800      0.02012400     -0.00095800     -0.00868400      4.58490800      0.80172600     -2.94892000     -0.04933300
     0.07662100      0.01208600      0.34244900     -0.38297800      0.47298500     -0.79351000     -0.71466800     -0.69593600     -0.06996600     -0.58485600      0.53970900      0.60554500      0.06867800     -0.00340400     -0.01740400      0.19716800      0.13963100     -0.02668300      0.02919700     -0.12767100      0.03424400      0.31374700      0.74182000      0.49395000      0.45355000     -0.66540500      0.62542900      0.40744000     -0.08333300     -0.60465900      0.79202600      0.03975400      0.00317700     -0.00196700     -3.10657000     -2.78477100     -3.18202400     -0.72723100      0.03018300      0.03957400     -0.02370100     -0.64541200     -0.56098500      0.51839900      0.75349700     -0.57887400      0.31168100      0.12524000      0.59177600      0.79631300      0.01338000      0.00022500     -0.00139200     -1.22864300     -2.04011000      2.47331000     -0.67288200      0.07492800      0.02922100     -0.06861900     -0.16703400      0.57195400     -0.80309800     -0.78645400     -0.56854600     -0.24133700     -0.59463200      0.59128900      0.54478200      0.03506500      0.00401900     -0.01269600      0.51841600      0.04911300     -0.05208400     -0.12558900
     0.07982400      0.01197800      0.34178100     -0.39871000      0.46620800     -0.78976300     -0.68753200     -0.72181700     -0.07906700     -0.60643700      0.51088000      0.60931300      0.08287400     -0.01114900     -0.00580600     -0.00445500      0.39623000      0.25850400     -0.01265900     -0.12639700      0.03427300      0.31358000      0.74353000      0.51495700      0.42658400     -0.66803000      0.59828300      0.44241100     -0.02832300     -0.61456000      0.78827500      0.04024100      0.00013600     -0.00467400     -0.44211400     -0.77591900      1.22046600     -0.70013600      0.03083400      0.03959000     -0.02378400     -0.64613600     -0.58515900      0.48999600      0.76042200     -0.54850500      0.34770500      0.06530300      0.59726900      0.79937700      0.02015000     -0.00006400     -0.00246700     -0.39749900     -0.87225800      1.23481200     -0.67745400      0.07652200      0.02916500     -0.06896100     -0.18394600      0.56603200     -0.80359900     -0.76214000     -0.59842000     -0.24705400     -0.62073000      0.56701000      0.54147200      0.04880200     -0.00149200     -0.00801600     -0.27313000      0.97155300      0.04092200     -0.18257800
     0.08314400      0.01196400      0.34156200     -0.42499900      0.44539100     -0.78806500     -0.65143500     -0.75492800     -0.07541500     -0.62800100      0.48076400      0.61197000      0.07213500      0.00054700      0.00344900     -1.37566800      1.43994000     -1.63651500     -0.04333200     -0.12489300      0.03459600      0.31324400      0.71263900      0.58453600      0.38788600     -0.69795000      0.53595400      0.47492400      0.06882900     -0.60990400      0.78939400      0.03829300      0.01367300     -0.01030000     -0.53365800     -1.21321600      0.67294700     -0.70941200      0.03157300      0.03974000     -0.02395400     -0.61398700     -0.65068000      0.44680300      0.78876700     -0.48469600      0.37804100     -0.02942000      0.58453700      0.81083300      0.02574800      0.00750800     -0.00542400     -1.59224900     -3.44661800      0.57172500     -0.71517400      0.07818600      0.02915000     -0.06907700     -0.21094600      0.55108000     -0.80734800     -0.73174200     -0.63664900     -0.24337300     -0.64811600      0.53943200      0.53754700      0.04284900     -0.00100800      0.00086200      0.40408100     -0.08801400     -0.07657100     -0.21882800
