     0.17362800      0.00399100      0.39538500     -0.49731500      0.58357700     -0.64199700     -0.75427300     -0.65642100     -0.01248400     -0.42809400      0.47730300      0.76742700     -0.01288200      0.00023400      0.00054500     -0.00098400      0.01471500     -0.02955300      0.13414300     -0.20563600     -0.03478300      0.34083100     -0.62410600     -0.52783700      0.57608300      0.74783400     -0.61692400      0.24511600      0.22678700      0.58445400      0.77900200     -0.01472200      0.00061200      0.00141800     -1.31758500     -1.84976300      1.53029200     -0.13700400      0.02465400      0.02709400     -0.01071600      0.55928100      0.57435600      0.59776100     -0.73811700      0.67325400      0.04370900     -0.37734100     -0.46566400      0.80048000      0.00000700      0.00009000      0.00008800      0.00060400      0.00069500     -0.00044200     -0.34074900      0.08831300      0.03999600     -0.02693100      0.59289300     -0.51507700     -0.61900900      0.66362900      0.74794300      0.01326700      0.45615100     -0.41865900      0.78527000     -0.00000600      0.00000800      0.00000600     -0.00004600     -0.00002900      0.00004000     -0.04263800
     0.17360800      0.00399800      0.39537800     -0.49734400      0.58356500     -0.64198600     -0.75424700     -0.65645100     -0.01248400     -0.42810600      0.47727800      0.76743600     -0.00000000     -0.00000000     -0.00000000      0.00000000      0.00000000      0.00000000      0.13552000     -0.20564500     -0.03474800      0.34083700     -0.62427500     -0.52777700      0.57595500      0.74769800     -0.61706600      0.24517700      0.22677300      0.58435900      0.77907800      0.00017500      0.00149500      0.00146300      0.00180200     -0.01302300      0.02564300     -0.12613500      0.02464300      0.02710900     -0.01071600      0.56141400      0.57409500      0.59601000     -0.73760000      0.67367600      0.04588000     -0.37517900     -0.46537500      0.80166400      0.00001500      0.00013800      0.00013600      0.00103100      0.00120900     -0.00080700     -0.33274700      0.08829800      0.04000000     -0.02693400      0.59293800     -0.51504900     -0.61898900      0.66358700      0.74798000      0.01328000      0.45615200     -0.41862800      0.78528600     -0.00644700      0.00012400      0.00027900     -0.00103300      0.01469900     -0.02951700     -0.04198500
     0.17361700      0.00402800      0.39533800     -0.49726900      0.58359600     -0.64201600     -0.75422800     -0.65647000     -0.01263600     -0.42822700      0.47721300      0.76740800     -0.00000000     -0.00000700     -0.00000400      0.00000000      0.00000000      0.00000000      0.13259000     -0.20575700     -0.03453700      0.34076100     -0.62849600     -0.52591500      0.57306100      0.74542200     -0.61744300      0.25108600      0.22255800      0.58563700      0.77933300     -0.00018000      0.01286800     -0.00667300      0.03760300     -0.02391500      0.04374300     -0.09035000      0.02458800      0.02721000     -0.01075200      0.56590300      0.57162500      0.59413600     -0.73622900      0.67472500      0.05208300     -0.37110600     -0.46689400      0.80267600      0.00008300      0.00070200      0.00068800      0.00845200     -0.00625400     -0.00583300     -0.30662100      0.08830200      0.04001500     -0.02695400      0.59286900     -0.51509000     -0.61902100      0.66357200      0.74799600      0.01312700      0.45626400     -0.41854800      0.78526300     -0.00000200      0.00000700      0.00000300     -0.00003800     -0.00000200      0.00003600     -0.04214800
     0.17373700      0.00407000      0.39519600     -0.49655000      0.58391500     -0.64228200     -0.75443000     -0.65622200     -0.01341800     -0.42870400      0.47716500      0.76717200     -0.00013400     -0.00309300     -0.00181600      0.00000000      0.00000000      0.00000000      0.10121600     -0.20622400     -0.03400000      0.34044500     -0.63605900     -0.52436600      0.56609200      0.74135700     -0.61854800      0.26023300      0.21448300      0.58585600      0.78143000     -0.01558400      0.02183900     -0.01634500     -0.05435600     -0.16607400      0.15278400     -0.01218400      0.02435400      0.02748800     -0.01090700      0.57436000      0.56874300      0.58876200     -0.73349300      0.67689300      0.06167300     -0.36345200     -0.46727500      0.80594900     -0.00779300      0.01086300     -0.00822000     -0.04434200     -0.19932300      0.14835000     -0.24930600      0.08836300      0.04004200     -0.02702200      0.59220800     -0.51549900     -0.61931400      0.66383600      0.74777500      0.01235500      0.45673900     -0.41844000      0.78504500     -0.00020500      0.00297100     -0.00596700      0.03574100     -0.01005300      0.01981200     -0.06223300
     0.17391400      0.00404100      0.39480300     -0.49566800      0.58429300     -0.64262100     -0.75450600     -0.65610700     -0.01467100     -0.42959100      0.47685900      0.76686700     -0.00058700      0.00188400     -0.01432500      0.03486000      0.00162400     -0.00654800      0.05905200     -0.20752000     -0.03311400      0.33954700     -0.64060500     -0.51506800      0.56949200      0.73774600     -0.61830800      0.27085100      0.21340600      0.59429400      0.77533000     -0.04637000      0.02544800     -0.03049500     -0.28787300      0.53784300      0.23203200      0.10871300      0.02372500      0.02793200     -0.01133600      0.57769500      0.56137800      0.59255500     -0.73164800      0.67797500      0.07099500     -0.36188200     -0.47455500      0.80239400     -0.02320800      0.01242700     -0.01551700      0.06592800      0.07596400     -0.02944000     -0.12308200      0.08845100      0.04002800     -0.02721200      0.59139100     -0.51599000     -0.61968500      0.66399000      0.74765800      0.01112400      0.45757200     -0.41804300      0.78477100      0.00615500      0.00083800     -0.00743000      0.03584700     -0.01311300      0.02304300     -0.11824100
     0.17403900      0.00406000      0.39454300     -0.49513600      0.58240200     -0.64474300     -0.75417200     -0.65650700     -0.01393800     -0.43078700      0.47861900      0.76509700      0.01230400      0.00159300     -0.01491000     -0.06720500     -0.33305600     -0.11553300      0.05068300     -0.20858900     -0.03265300      0.33885400     -0.63404000     -0.51914700      0.57312500      0.74474200     -0.60925000      0.27222800      0.20863300      0.60008300      0.77216300     -0.06172100      0.02078400     -0.03434200     -0.12442400      0.18053800     -0.10067200      0.14666200      0.02319600      0.02816700     -0.01167700      0.57111000      0.56436700      0.59608900     -0.73910300      0.66948400      0.07427500     -0.35715400     -0.48299000      0.79947500     -0.03116400      0.01474900     -0.02250500     -0.29783800      0.08955000     -0.37407500     -0.05711300      0.08851300      0.04003600     -0.02734900      0.59084700     -0.51493100     -0.62108300      0.66370900      0.74790500      0.01132000      0.45868200     -0.41890700      0.78366200      0.00615400      0.00068500     -0.00752600     -0.12014600     -0.46337200     -0.15847400     -0.13946900
     0.17441300      0.00413400      0.39394800     -0.49440600      0.58267700     -0.64505500     -0.75390800     -0.65677600     -0.01551100     -0.43208600      0.47791500      0.76480400      0.01228400      0.00084600     -0.01536200      0.03582400     -0.01310600      0.02300100      0.03759200     -0.21107500     -0.03189500      0.33716100     -0.62043400     -0.52716000      0.58065100      0.75866200     -0.59078500      0.27447800      0.19911200      0.61147300      0.76571500     -0.07760000      0.01312800     -0.04136500     -0.35198900      0.15192800     -0.43084200      0.15932900      0.02193000      0.02855400     -0.01253800      0.55696400      0.57417100      0.60009700     -0.75432200      0.65206600      0.07620900     -0.34754700     -0.49511200      0.79628700     -0.03882500      0.00613200     -0.02106800     -0.36459700      0.15828100     -0.42748200      0.00885700      0.08870000      0.04007100     -0.02764700      0.59003100     -0.51452200     -0.62219700      0.66332100      0.74826400      0.01025700      0.46029000     -0.41876800      0.78279300      0.00614800      0.00035200     -0.00773000      0.03709200     -0.00990100      0.02413500     -0.16592200
     0.17488000      0.00426700      0.39323400     -0.49294500      0.57902900     -0.64944200     -0.75318100     -0.65762700     -0.01472200     -0.43500900      0.48116700      0.76109900      0.01201800      0.01014300     -0.02532100      0.04486200     -0.00595000     -0.16662100      0.04305800     -0.21414100     -0.03163100      0.33550300     -0.61239700     -0.52877800      0.58767000      0.76488400     -0.58394700      0.27183400      0.20018400      0.61662900      0.76128700     -0.07825400     -0.00270200     -0.03810800     -0.06400700      0.25545300     -0.09280100      0.17483100      0.02039600      0.02868200     -0.01337000      0.54798900      0.57721400      0.60541800     -0.76056600      0.64510000      0.07337200     -0.34820400     -0.50066800      0.79251700     -0.03915000     -0.00173900     -0.01939000     -0.08300100      0.28030200     -0.07983800      0.03057400      0.08892900      0.04013300     -0.02799500      0.58810200     -0.51095000     -0.62694900      0.66256600      0.74892000      0.01115900      0.46383300     -0.42195800      0.77897900      0.00614200      0.00002300     -0.00793200      0.02541700     -0.05578700      0.00037900     -0.17310700
     0.17521300      0.00440500      0.39278200     -0.49185700      0.57734600     -0.65176200     -0.75285800     -0.65799600     -0.01480100     -0.43679700      0.48268200      0.75911300      0.01201300      0.00991000     -0.02546100      0.03285700     -0.14434700     -0.01033100      0.05669500     -0.21597500     -0.03180200      0.33477200     -0.60718700     -0.52777100      0.59394700      0.76787700     -0.58161200      0.26837700      0.20455400      0.61969200      0.75762900     -0.09323000     -0.01470900     -0.03026500     -0.26514700      0.60413100     -0.02572100      0.18689300      0.01954900      0.02860700     -0.01371400      0.54218500      0.57874700      0.60916800     -0.76299700      0.64276800      0.06843000     -0.35195000     -0.50189600      0.79008200     -0.04682100     -0.00263700     -0.02008500      0.48632100      0.72224400     -0.78074500      0.04396400      0.08908600      0.04019800     -0.02821100      0.58713300     -0.50959500     -0.62895600      0.66215400      0.74928600      0.01103500      0.46564500     -0.42294600      0.77736200      0.00601600      0.00491000     -0.01276400      0.01219100     -0.20609500     -0.03625000     -0.16592200
     0.17600900      0.00468100      0.39173400     -0.48939600      0.57191900     -0.65836600     -0.75185500     -0.65916300     -0.01380200     -0.44126200      0.48752700      0.75341400      0.02475200      0.00463500     -0.02903400      0.05652500     -0.07355300      0.02510600      0.07251800     -0.21934700     -0.03252100      0.33383800     -0.59810000     -0.52902000      0.60200200      0.77322600     -0.57817700      0.26032100      0.21108600      0.62184200      0.75406800     -0.07768100     -0.03186300     -0.00963000      0.06068100      0.29554300     -0.38655400      0.17542000      0.01782100      0.02823400     -0.01421500      0.53208600      0.57969900      0.61711700     -0.76723500      0.63837700      0.06184900     -0.35809900     -0.50638300      0.78443600     -0.03895600     -0.01060500     -0.00916100      0.42033700      0.63111800     -0.58181200      0.06192600      0.08949800      0.04034900     -0.02875100      0.58407100     -0.50409000     -0.63620200      0.66089500      0.75037900      0.01218400      0.47125100     -0.42757900      0.77142600      0.01238500      0.00212700     -0.01464300      0.08237300     -0.01067700      0.04589600     -0.13930600
     0.17685300      0.00482500      0.39041900     -0.48669800      0.55996400     -0.67053000     -0.74973000     -0.66166900     -0.00845900     -0.44780700      0.49789900      0.74269200      0.02461200     -0.00079000     -0.03234200     -0.08009000     -0.40302300     -0.33948500      0.07737300     -0.22180500     -0.03348800      0.33346600     -0.58501200     -0.52832000      0.61533000      0.77949400     -0.57555200      0.24710700      0.22432200      0.62486700      0.74771900     -0.04716300     -0.02563800     -0.00478900     -0.04285700      0.09003800     -0.15952600      0.17131800      0.01657900      0.02774000     -0.01441000      0.51682000      0.58137300      0.62841200     -0.77168600      0.63419500      0.04792800     -0.37067200     -0.50970700      0.77640200     -0.03094700     -0.01217800     -0.00140200     -0.03544500      0.01095000     -0.01400800      0.04298400      0.08992000      0.04042200     -0.02940800      0.58046500     -0.49332300     -0.64783600      0.65841700      0.75246200      0.01695200      0.47911000     -0.43638700      0.76159000      0.01231600     -0.00067500     -0.01635100     -0.10707900     -0.47100900     -0.36378200     -0.12901900
     0.17757400      0.00488600      0.38891600     -0.48446500      0.54757100     -0.68228000     -0.74719600     -0.66457700     -0.00288200     -0.45441000      0.50771600      0.73195900      0.01159600     -0.00471500     -0.03439100     -0.00155900     -0.22415600     -0.11074300      0.09256200     -0.22363100     -0.03451700      0.33359000     -0.56420400     -0.52729500      0.63531500      0.78897300     -0.57089100      0.22701900      0.24368200      0.62999000      0.73728900     -0.03128200     -0.03123800      0.00851600      1.17776600      1.91538900     -1.79060200      0.20755100      0.01566100      0.02722900     -0.01435200      0.49534600      0.58376900      0.64330800     -0.77796000      0.62762000      0.02949500     -0.38653500     -0.51507900      0.76503800     -0.02306000     -0.00912200      0.00135900     -0.05111100      0.06472700     -0.12515000      0.06176300      0.09028100      0.04045200     -0.03016000      0.57689300     -0.48035000     -0.66064900      0.65517600      0.75512300      0.02307200      0.48778900     -0.44615200      0.75033900      0.00581300     -0.00253600     -0.01731400      0.03357100     -0.14007800     -0.08236300     -0.11285300
     0.17789400      0.00489000      0.38810100     -0.48228600      0.53725200     -0.69195900     -0.74569800     -0.66625900      0.00236600     -0.45916000      0.51646200      0.72281900      0.01130300      0.00425300     -0.04455700     -0.13141700     -0.75842700     -0.32835900      0.09119000     -0.22423500     -0.03495600      0.33370900     -0.55708300     -0.52763000      0.64129200      0.79262900     -0.56804100      0.22136400      0.24816500      0.63228400      0.73382200     -0.01591900     -0.02895100      0.01030300     -0.07625600      0.05489700     -0.08856100      0.23927700      0.01535300      0.02700800     -0.01429300      0.48529700      0.58529400      0.64955100     -0.78126300      0.62382800      0.02158700     -0.39257400     -0.51794700      0.76001000     -0.01546200     -0.00842200      0.00178700     -0.06183400      0.14045900     -0.26983000      0.09458400      0.09043600      0.04045100     -0.03055200      0.57429600     -0.47242800     -0.66857700      0.65357800      0.75637800      0.02694200      0.49296900     -0.45244000      0.74315400      0.00581900     -0.00282800     -0.01752200      0.01975500     -0.19917600     -0.07767800     -0.10566800
     0.17830800      0.00474400      0.38667400     -0.47959300      0.52237900     -0.70509300     -0.74319600     -0.66898100      0.00980900     -0.46598000      0.52807400      0.70994900     -0.00134500     -0.00538400     -0.03456200     -0.04732100     -0.35138300     -0.20628000      0.07452700     -0.22462800     -0.03570200      0.33411300     -0.53263400     -0.53479000      0.65596700      0.80809000     -0.55155800      0.20666200      0.25193500      0.64082200      0.72507900      0.00004700     -0.01163600      0.00781200     -0.03822700      0.11974200     -0.20628900      0.25848700      0.01515000      0.02663500     -0.01409800      0.45967900      0.59525900      0.65906100     -0.79519100      0.60631700      0.00700600     -0.39542900     -0.52730000      0.75205600      0.00004300     -0.00566400      0.00407900      0.06041500      0.37083500     -0.52477700      0.14847000      0.09064800      0.04037700     -0.03127200      0.56982300     -0.45646400     -0.68333000      0.65024200      0.75890700      0.03528200      0.50247900     -0.46443400      0.72925500      0.00585300     -0.00243200     -0.01733600     -0.06414400     -0.43999500     -0.17970500     -0.11530200
     0.17837500      0.00450200      0.38560500     -0.47864900      0.51116200     -0.71390100     -0.74095500     -0.67134300      0.01602300     -0.47049400      0.53599900      0.70097700     -0.00085300     -0.00876300     -0.02110400     -0.00557900     -0.11041100     -0.08953300      0.06905400     -0.22429500     -0.03625300      0.33482700     -0.51684400     -0.53605200      0.66746700      0.81612400     -0.54377400      0.19541400      0.25883100      0.64640200      0.71765900      0.01661700     -0.01494000      0.02368600     -0.09327800      0.18078500     -0.33135400      0.28011800      0.01530400      0.02635200     -0.01374800      0.44251000      0.59864700      0.66768600     -0.80188400      0.59746400     -0.00423700     -0.40145500     -0.53353200      0.74443000      0.00834000     -0.00723700      0.01208600     -0.09544200      0.17836800     -0.32912700      0.17214700      0.09068100      0.04024700     -0.03181800      0.56775100     -0.44502600     -0.69253700      0.64733000      0.76107200      0.04162200      0.50854800     -0.47193200      0.72017800     -0.00054100      0.00109800     -0.01498200      0.05386800     -0.06816100     -0.05281000     -0.12983500
     0.17824200      0.00438800      0.38520900     -0.47838400      0.50659500     -0.71732500     -0.74004300     -0.67227900      0.01867800     -0.47219300      0.53915400      0.69740600     -0.00078200     -0.00620100     -0.01954200     -0.08993200     -0.37543000     -0.21126300      0.07311300     -0.22372500     -0.03637100      0.33516000     -0.51022900     -0.53975700      0.66956800      0.82143800     -0.53629600      0.19380700      0.25510100      0.64956600      0.71613600      0.04643700     -0.00445200      0.01358200     -0.04964900      0.04296100     -0.08951500      0.30012700      0.01560200      0.02629000     -0.01356200      0.43556300      0.60298300      0.66835300     -0.80753700      0.58978700     -0.00583200     -0.39770200     -0.53718000      0.74382100      0.02326800     -0.00189200      0.00712500     -0.04962100      0.04531300     -0.08933700      0.19272200      0.09061400      0.04018700     -0.03202400      0.56742400     -0.44179100     -0.69487300      0.64628400      0.76186200      0.04336500      0.51024000     -0.47369200      0.71782200     -0.00036500     -0.00279500     -0.00958300     -0.13908800     -0.49151100     -0.25278500     -0.13081500
     0.17772100      0.00419800      0.38464900     -0.47357800      0.50744500     -0.71991000     -0.74311500     -0.66892000      0.01726600     -0.47221900      0.54251800      0.69477400     -0.01336600     -0.01031300     -0.00603000     -0.00471300      0.01803700     -0.05973100      0.08312300     -0.22178700     -0.03637900      0.33550900     -0.47369600     -0.55989200      0.67979700      0.84832800     -0.49722100      0.18178200      0.23680800      0.66349700      0.70961700      0.06071400      0.00372800      0.00152700     -3.76933000     -0.89199500     -4.13664900      0.32396300      0.01655000      0.02629500     -0.01337700      0.40233400      0.62281300      0.67099200     -0.83137000      0.55545500     -0.01707300     -0.38333900     -0.55097400      0.74126700      0.03047900     -0.00348400      0.00512800     -0.03719500      0.04121300     -0.06051300      0.22815600      0.09036400      0.04009400     -0.03229700      0.56255200     -0.44238900     -0.69844500      0.64974900      0.75895200      0.04261700      0.51123400     -0.47778900      0.71439200     -0.01318300     -0.00490700     -0.00264200      0.00865800     -0.02078000      0.09823200     -0.12199700
     0.17694400      0.00409900      0.38430500     -0.46767200      0.50406200     -0.72611900     -0.74210000     -0.67014800      0.01268400     -0.47964000      0.54415600      0.68838100     -0.02630300     -0.00616900     -0.00303300      1.50429800     -1.74059800      1.47558900      0.09398700     -0.21925300     -0.03638300      0.33541600     -0.42670500     -0.57501300      0.69805100      0.87728200     -0.45053800      0.16530300      0.21996500      0.68363800      0.69578600      0.07466200     -0.00225500     -0.00536900     -0.41718400      0.11491600     -0.50356000      0.39701800      0.01784100      0.02630100     -0.01341600      0.35097700      0.64486700      0.67894100     -0.86353000      0.50330300     -0.03164500     -0.36212000     -0.57517900      0.73351000      0.03730500     -0.00130000     -0.00290900     -0.42051400      0.09324900     -0.50623500      0.29673800      0.08997500      0.04004400     -0.03247500      0.55900000     -0.44102000     -0.70215300      0.64883200      0.75991800      0.03924800      0.51627000     -0.47751900      0.71094200     -0.00673800      0.00251000     -0.00606600     -0.12973400     -0.49779100     -0.24618100     -0.10681100
     0.17616500      0.00403400      0.38420800     -0.45165700      0.50790300     -0.73354300     -0.74687700     -0.66494100     -0.00060800     -0.48751700      0.54695700      0.68058200     -0.01308800     -0.00101700     -0.00022300      1.64533800     -1.41892700      1.91623200      0.08876400     -0.21669600     -0.03657600      0.33509200     -0.39649200     -0.58413100      0.70822100      0.89685500     -0.41101200      0.16326100      0.19620100      0.70062800      0.68592200      0.05893700     -0.00690100     -0.00967300     -0.11187300      0.27081800     -0.19279400      0.42730900      0.01909700      0.02621000     -0.01357100      0.32041100      0.65642100      0.68296900     -0.88491900      0.46468000     -0.03146300     -0.33801500     -0.59429100      0.72976800      0.02948600     -0.00334800     -0.00477600     -0.14962900      0.35966900     -0.35913500      0.36678900      0.08958100      0.04000900     -0.03252500      0.54352900     -0.44488700     -0.71179400      0.65452900      0.75553300      0.02757700      0.52551500     -0.48087900      0.70184600     -0.01305900     -0.00027700      0.00025200      0.00681400     -0.03096000      0.12159700     -0.10387200
     0.17582200      0.00400000      0.38422200     -0.44366100      0.50806000     -0.73829900     -0.74823400     -0.66337700     -0.00694300     -0.49275300      0.54870600      0.67538400     -0.01307000     -0.00047300      0.00011700      0.15226900     -0.29535900      0.48069600      0.08478200     -0.21567400     -0.03673800      0.33487700     -0.38397100     -0.58477400      0.71456000      0.90399800     -0.39544700      0.16230400      0.18812400      0.70900600      0.67954600      0.04370700     -0.00862000     -0.01084000     -0.10385800      0.28987700     -0.21207600      0.42673100      0.01961400      0.02613000     -0.01367800      0.30718200      0.65832300      0.68720300     -0.89275500      0.44943900     -0.03148700     -0.32958500     -0.60383200      0.72578100      0.02928800     -0.00477700     -0.00627500     -0.10207400      0.28138900     -0.18154200      0.37871000      0.08941000      0.03999500     -0.03251700      0.53407000     -0.44664600     -0.71782700      0.65635500      0.75421100      0.01905000      0.53288500     -0.48132300      0.69596000     -0.00652800     -0.00011000      0.00015000      0.55247800     -0.49829400      0.73862000     -0.10730100
     0.17523600      0.00397700      0.38427400     -0.43220200      0.50799200     -0.74511100     -0.75260600     -0.65833300     -0.01235100     -0.49627600      0.55480300      0.66778100     -0.01302000      0.00083600      0.00093600     -0.00257200     -0.20082200      0.30885200      0.07679900     -0.21429400     -0.03696800      0.33465100     -0.35812000     -0.58236200      0.72979200      0.91755900     -0.36387200      0.16005300      0.17277300      0.72766600      0.66371300      0.02974800     -0.00172600     -0.00314400     -0.11015000      0.30797400     -0.20696600      0.41275900      0.02030700      0.02599700     -0.01381000      0.27930500      0.65883300      0.69851700     -0.90769300      0.41843400     -0.03171600     -0.31317900     -0.62518100      0.71488900      0.00745000     -0.00037500     -0.00075700     -0.10506100      0.31423400     -0.24281400      0.37495400      0.08911200      0.03998600     -0.03248900      0.52263600     -0.44820300     -0.72523400      0.66169100      0.74965400      0.01354900      0.53760200     -0.48696200      0.68836800     -0.00650500      0.00054000      0.00055500      0.01140300     -0.16319600      0.32336800     -0.11873100
     0.17473700      0.00400600      0.38429700     -0.42128100      0.50995500     -0.75000900     -0.75682500     -0.65331400     -0.01917000     -0.49925100      0.55891300      0.66211200     -0.01303200      0.00049700      0.00072200      0.00425000     -0.07303700      0.14888900      0.07380900     -0.21358300     -0.03668600      0.33474400     -0.32918000     -0.58002500      0.74511900      0.93159900     -0.32803400      0.15636500      0.15412400      0.74634200      0.64736600      0.01580700      0.01886600     -0.00110300     -0.25871800      0.56590600      0.18322700      0.41223000      0.02067300      0.02613000     -0.01377200      0.24765800      0.66128400      0.70807300     -0.92317400      0.38281800     -0.03463000     -0.29396300     -0.64509900      0.70528800      0.00796200      0.00984900     -0.00014900     -0.22359400      0.49844700      0.14732000      0.37005500      0.08886700      0.04000300     -0.03247600      0.51242300     -0.45164700     -0.73036700      0.66671800      0.74527700      0.00690000      0.54121000     -0.49048500      0.68301800     -0.00639400     -0.00481100      0.00505700     -0.01865800     -0.12846200      0.31674600     -0.12248700
     0.17453200      0.00401000      0.38430500     -0.41666900      0.50936500     -0.75298000     -0.75839900     -0.65142800     -0.02107200     -0.50073500      0.56164300      0.65867100     -0.01304400      0.00020100      0.00053500     -0.00275000     -0.09814400      0.13727900      0.07338300     -0.21331100     -0.03637100      0.33472900     -0.32012900     -0.58213900      0.74741100      0.93634900     -0.31413800      0.15653400      0.14405000      0.75066700      0.64468000      0.01515400      0.02757300     -0.01193900     -0.09474000      0.17042000     -0.32341400      0.41294000      0.02081000      0.02629700     -0.01377000      0.23902000      0.66241600      0.70998100     -0.92874800      0.36933200     -0.03192000     -0.28336300     -0.65176500      0.70349600      0.00759400      0.01389800     -0.00587100     -0.06262800      0.11513300     -0.35797700      0.36972900      0.08876500      0.04000600     -0.03247100      0.50784200     -0.45154300     -0.73362300      0.66860500      0.74359900      0.00515000      0.54319700     -0.49312000      0.67953600     -0.00652200      0.00009900      0.00027300      0.00791700     -0.06940300      0.14823300     -0.12526300
     0.17417800      0.00400800      0.38429200     -0.41282800      0.51121000     -0.75384500     -0.76084300     -0.64850100     -0.02318200     -0.50021400      0.56334900      0.65761000     -0.00000100     -0.00001600     -0.00001000      0.00605900     -0.08488800      0.17976500      0.07755600     -0.21276200     -0.03569200      0.33424300     -0.31591900     -0.57686000      0.75327200      0.93906500     -0.30314800      0.16183900      0.13537400      0.75921100      0.63650200      0.01431700      0.00866100     -0.01157100     -0.14065000      0.37587000     -0.20692300      0.41146000      0.02108100      0.02664700     -0.01399500      0.23377200      0.65878300      0.71509000     -0.93279600      0.35944900     -0.02620200     -0.27430000     -0.66090800      0.69853900      0.00693000      0.00926700     -0.01060700     -0.22739700      0.44508800     -0.23658700      0.36907500      0.08858300      0.04000400     -0.03247800      0.50442600     -0.45410900     -0.73439600      0.67147500      0.74102100      0.00300300      0.54283900     -0.49464300      0.67871300     -0.00652200      0.00011200      0.00028100      0.00584200     -0.06946400      0.15154500     -0.12281400
     0.17399200      0.00400300      0.38430700     -0.41100700      0.51225600     -0.75413000     -0.76250900     -0.64652300     -0.02365900     -0.49917900      0.56466700      0.65726600     -0.00000000     -0.00000000     -0.00000000     -0.00000000     -0.00000000     -0.00000000      0.07764300     -0.21224200     -0.03529500      0.33358600     -0.30557800     -0.56900900      0.76344100      0.94298000     -0.29162900      0.16023500      0.13183200      0.76957500      0.62469100      0.01393500      0.00596100     -0.01434300     -0.11028200      0.39747400     -0.17015300      0.40837000      0.02134600      0.02684400     -0.01433300      0.22136100      0.65253400      0.72470500     -0.93717000      0.34783000     -0.02693300     -0.26964900     -0.67321000      0.68853100      0.00694800      0.00276600     -0.00740200     -0.11582800      0.41030800     -0.16271800      0.36613600      0.08849000      0.04000200     -0.03247000      0.50263500     -0.45546600     -0.73478400      0.67347200      0.73920700      0.00248600      0.54202600     -0.49610700      0.67829500     -0.00000100      0.00000700      0.00001000      0.00004200     -0.00011700      0.00037600     -0.12134400
     0.17395400      0.00402600      0.38432300     -0.41160000      0.51236900     -0.75372900     -0.76320100     -0.64575500     -0.02226800     -0.49763000      0.56544200      0.65777500      0.00003100      0.00071700      0.00045000     -0.00000000     -0.00000000     -0.00000000      0.07548500     -0.21197100     -0.03518600      0.33329800     -0.30596600     -0.56503000      0.76623600      0.94307700     -0.28973400      0.16307800      0.13022700      0.77321200      0.62052200      0.01398300      0.00631300     -0.01398900     -0.03101100      0.17671900     -0.06636800      0.40822800      0.02147600      0.02689300     -0.01447500      0.22135800      0.64848200      0.72833400     -0.93778900      0.34641400     -0.02341900     -0.26749200     -0.67784000      0.68482100      0.00695000      0.00277600     -0.00739400     -0.01373400      0.15767700     -0.11257900      0.36515700      0.08847100      0.04001300     -0.03246200      0.50322900     -0.45550100     -0.73435500      0.67420600      0.73853200      0.00391900      0.54056000     -0.49707900      0.67875200      0.00001500      0.00038900      0.00024900      0.00095400     -0.00084000      0.00130700     -0.12167100
     0.17390700      0.00407200      0.38434100     -0.41038800      0.51283000     -0.75407700     -0.76366700     -0.64517000     -0.02322800     -0.49791800      0.56569100      0.65734200      0.00006800      0.00156800      0.00098400      0.00087900     -0.01229900      0.02604800      0.07504000     -0.21131500     -0.03502000      0.33300600     -0.30986200     -0.56249600      0.76653500      0.94246000     -0.28778700      0.16994500      0.12537700      0.77578100      0.61831100      0.01496300      0.00010600     -0.00062100     -0.01826100      0.09309500     -0.13745100      0.40865300      0.02179700      0.02696700     -0.01463000      0.22498400      0.64605600      0.72937800     -0.93831900      0.34537500     -0.01648700     -0.26256100     -0.68068000      0.68391100      0.00753400      0.00037700      0.00001200      0.00340000      0.06572300     -0.16044500      0.36450300      0.08844700      0.04003400     -0.03245400      0.50210400     -0.45611200     -0.73474600      0.67477600      0.73801600      0.00298000      0.54089600     -0.49728600      0.67833400     -0.00000000      0.00001300      0.00000900     -0.00007200     -0.00002200      0.00010200     -0.12477300
     0.17385800      0.00405000      0.38435300     -0.41068500      0.51272100     -0.75399000     -0.76357700     -0.64528600     -0.02296500     -0.49781000      0.56565700      0.65745200     -0.00002900     -0.00066100     -0.00041500     -0.00000000     -0.00000000     -0.00000000      0.07654700     -0.21069000     -0.03492100      0.33301600     -0.30396600     -0.56400100      0.76778900      0.94493200     -0.28071300      0.16804100      0.12111700      0.77728100      0.61727500      0.01530000      0.00267300      0.00200000     -1.26914500     -0.30719200     -0.96871000      0.41091700      0.02211500      0.02702000     -0.01462900      0.21975600      0.64766900      0.72954100     -0.94031500      0.33980400     -0.01842300     -0.25983300     -0.68195100      0.68368700      0.00778800     -0.00432800      0.00511300     -4.28979600     -0.83313700     -3.57547500      0.36613600      0.08842300      0.04002800     -0.03244600      0.50236000     -0.45597800     -0.73465400      0.67467400      0.73810800      0.00322400      0.54078400     -0.49727200      0.67843300     -0.00002200     -0.00045900     -0.00028500     -0.00007700     -0.00000700      0.00002700     -0.12248700
     0.17380900      0.00403600      0.38435700     -0.41096600      0.51261700     -0.75390700     -0.76348000     -0.64540900     -0.02273100     -0.49772700      0.56561100      0.65755500     -0.01297900      0.00168700      0.00146500     -0.00010500      0.00241700     -0.00350400      0.07442100     -0.20966700     -0.03501300      0.33304700     -0.29955000     -0.56509000      0.76872200      0.94675400     -0.27534200      0.16666900      0.11783700      0.77841200      0.61648400      0.04509600     -0.01155700      0.00562500     -0.03020400     -0.03347800      0.07031200      0.41125500      0.02263300      0.02698000     -0.01460600      0.21437900      0.64963400      0.72939400     -0.94282000      0.33274400     -0.01925100     -0.25520700     -0.68356100      0.68382200      0.02254700     -0.00579900      0.00277400     -0.03181800     -0.03519900      0.07260400      0.36874900      0.08839800      0.04001500     -0.03244700      0.50262200     -0.45584000     -0.73456100      0.67455500      0.73821600      0.00345400      0.54069100     -0.49723800      0.67853200     -0.00648900      0.00085600      0.00074000     -0.00014000      0.00242300     -0.00346300     -0.12330300
     0.17376100      0.00404400      0.38437500     -0.41118900      0.51253600     -0.75384100     -0.76340600     -0.64550400     -0.02254200     -0.49765600      0.56557700      0.65763800      0.00004000      0.00092600      0.00058100     -0.00000000     -0.00000000     -0.00000000      0.07199400     -0.20902000     -0.03512300      0.33315300     -0.29887400     -0.56443600      0.76946600      0.94682100     -0.27571200      0.16566500      0.11900100      0.77875500      0.61582700      0.03048700     -0.00904300      0.00893600     -0.03225300     -0.01832600      0.04104000      0.41116600      0.02294500      0.02692600     -0.01456000      0.21353000      0.64911000      0.73010900     -0.94271400      0.33298100     -0.02033100     -0.25630900     -0.68394300      0.68302700      0.02272500     -0.00442500      0.00416600     -0.03190400     -0.03559000      0.07258100      0.36891200      0.08837400      0.04002100     -0.03243600      0.50282900     -0.45573100     -0.73448700      0.67446200      0.73830000      0.00364000      0.54061300     -0.49721400      0.67861200      0.00002700      0.00061100      0.00038400     -0.00608600      0.08487600     -0.17974000     -0.12444600
     0.17349900      0.00401600      0.38447300     -0.41183300      0.51231000     -0.75364300     -0.76327400     -0.64568200     -0.02189500     -0.49732600      0.56557800      0.65788700     -0.01301200      0.00090600      0.00097300     -0.00098400      0.01471500     -0.02955300      0.07220500     -0.20750500     -0.03537300      0.33358700     -0.29524000     -0.56226300      0.77245400      0.94750400     -0.27582600      0.16152300      0.12259700      0.78028300      0.61318100      0.03100400     -0.00484800      0.01317600     -0.04250800      0.06057900     -0.10983800      0.41110200      0.02371300      0.02679400     -0.01434300      0.20936800      0.64748900      0.73275000     -0.94275600      0.33257900     -0.02450900     -0.25956700     -0.68567300      0.68005600      0.01551700     -0.00227200      0.00672000     -0.04704600      0.05551300     -0.10468000      0.36923900      0.08824400      0.04000900     -0.03238700      0.50342900     -0.45542500     -0.73426500      0.67428400      0.73845900      0.00428000      0.54027600     -0.49725900      0.67884800     -0.00650700      0.00045300      0.00049200     -0.00100700      0.01472300     -0.02953000     -0.12689600
     0.17300300      0.00394800      0.38458800     -0.41311900      0.51185300     -0.75324900     -0.76292900     -0.64612900     -0.02070500     -0.49678700      0.56548300      0.65837600     -0.02608300      0.00052000      0.00113300     -0.00196900      0.02942900     -0.05910600      0.07150700     -0.20581500     -0.03582000      0.33416300     -0.28224600     -0.56254200      0.77709400      0.95203000     -0.26369900      0.15503900      0.11804000      0.78426800      0.60897800      0.04604800     -0.01808400      0.01848800     -0.03352300      0.00910600      0.02687000      0.41088600      0.02454200      0.02658400     -0.01405500      0.19583600      0.64892200      0.73521900     -0.94698200      0.31987300     -0.03008600     -0.25470000     -0.69034700      0.67716000      0.02274700     -0.00413000      0.00438400      0.07075700      0.21700000     -0.28570700      0.36907600      0.08800500      0.03997600     -0.03232900      0.50458700     -0.45482800     -0.73384000      0.67386100      0.73883700      0.00542000      0.53972400     -0.49724100      0.67929900     -0.00652200      0.00011000      0.00027800     -0.00101000      0.01471700     -0.02953600     -0.12771200
