     0.17457000      0.00229000      0.39042900     -0.57563800      0.37222700     -0.72810300     -0.65806200     -0.73939700      0.14219000     -0.48472000      0.56052100      0.67148300     -0.00064700      0.00030500     -0.01543600      0.03489200      0.00170300     -0.00646000      0.11431900     -0.21123500     -0.03637600      0.33671100     -0.42851100     -0.58958500      0.68465900      0.89429600     -0.38447000      0.22880400      0.12885400      0.71106400      0.69112000     -0.03747600     -0.00251200     -0.07949700     -3.74417500      0.07097400     -4.10012600     -0.00635700      0.02177400      0.02643000     -0.01290400      0.35113600      0.65071100      0.67325900     -0.88933300      0.45671000      0.02241300     -0.29290100     -0.60662100      0.73906600     -0.01133700     -0.00198700     -0.04083200      0.85871800      2.52143600     -1.27566800     -0.24734600      0.08886300      0.03934000     -0.02986200      0.65124400     -0.28455800     -0.70349600      0.54350600      0.82186400      0.17070100      0.52960400     -0.49352300      0.68989300      0.00617700     -0.00012200     -0.00809400      0.03272100     -0.00984000      0.01910100     -0.08133800
     0.17483300      0.00240300      0.38964400     -0.56000300      0.37321400     -0.73969800     -0.66494300     -0.73503300      0.13247500     -0.49357100      0.56557600      0.66071100      0.01205500      0.00851900     -0.02646600      1.32043400     -1.97273200      1.91545700      0.12090200     -0.21235700     -0.03678700      0.33352300     -0.38278500     -0.56779600      0.72874800      0.91170400     -0.35928100      0.19911200      0.14923400      0.74132200      0.65424300     -0.02299100     -0.01741800     -0.07670700     -0.27689100      0.98416200     -0.36694600      0.10644900      0.02120500      0.02621700     -0.01451200      0.29394300      0.63944000      0.71043100     -0.90573100      0.42379800     -0.00670000     -0.30536400     -0.64149000      0.70373400     -0.01170000     -0.00386300     -0.04322100     -0.17775600      1.01161300     -0.26726900     -0.12471500      0.08898900      0.03939000     -0.03025200      0.63899300     -0.28821600     -0.71317400      0.55090500      0.81853300      0.16280800      0.53683300     -0.49692400      0.68181700     -0.00047700      0.00406700     -0.01315100     -0.13076800     -0.48752700     -0.20637600     -0.06827500
     0.17501900      0.00254700      0.38911600     -0.54931800      0.37487100     -0.74683800     -0.67106900     -0.73043800      0.12687700     -0.49728000      0.57040600      0.65374000      0.01200400      0.00711400     -0.02733500     -0.10522400     -0.58592800      0.03185500      0.11981300     -0.21276800     -0.03696400      0.33198100     -0.36087800     -0.56045300      0.74542100      0.91969700     -0.34613100      0.18516100      0.15467400      0.75307300      0.63939000     -0.02209600     -0.01034000     -0.06981900     -0.22795700      0.80818100     -0.35966700      0.13372300      0.02100000      0.02611400     -0.01527500      0.26973400      0.63564700      0.72332200     -0.91200400      0.40969500     -0.01994000     -0.30901700     -0.65429400      0.69022200     -0.01123700     -0.00024100     -0.03968700      0.02634000      0.34201900     -0.61024700     -0.06103200      0.08907800      0.03946100     -0.03050500      0.62725500     -0.29215500     -0.72193900      0.55821000      0.81506200      0.15515900      0.54309500     -0.50031800      0.67433500      0.00602400      0.00375300     -0.01355300      0.22226200     -0.23688100      0.39938400     -0.06402900
     0.17547400      0.00288200      0.38792000     -0.52278600      0.38012900     -0.76304900     -0.68911300     -0.71533800      0.11570000     -0.50121400      0.58583700      0.63687300      0.01191200      0.00439800     -0.02903100     -0.16213200     -0.79124100      0.10382600      0.11538500     -0.21327200     -0.03709000      0.33002100     -0.30841800     -0.56491700      0.76533600      0.94162200     -0.29516700      0.16173700      0.13490400      0.77123500      0.62198100     -0.00348200      0.00203500     -0.03794100     -0.37804000      0.39489800     -1.19772400      0.16389500      0.02073600      0.02601800     -0.01631100      0.21679900      0.64297500      0.73456100     -0.93253600      0.35896500     -0.03898000     -0.28874500     -0.67655400      0.67742100     -0.00916200      0.00157300     -0.01794000     -4.20294300     -0.43905100     -4.37933900      0.00444800      0.08931000      0.03963300     -0.03111200      0.60219400     -0.30095700     -0.73945000      0.57872700      0.80259000      0.14465000      0.54994200     -0.51504700      0.65748700      0.00598400      0.00240400     -0.01439400     -0.19761800     -0.88913900      0.08292100     -0.06631500
     0.17593300      0.00309100      0.38683400     -0.49843100      0.38707300     -0.77574900     -0.70822900     -0.69784100      0.10678100     -0.49940500      0.60214700      0.62293000      0.01205100      0.00760900     -0.02706600     -0.00426000     -0.39473000      0.31920900      0.11921300     -0.21338400     -0.03724000      0.32950500     -0.26506600     -0.56777400      0.77933600      0.95676700     -0.25489300      0.13986100      0.11955200      0.78341300      0.60978300     -0.00046400     -0.00322300     -0.00340900     -0.03669100      0.27825600     -0.52654500      0.21786100      0.02067900      0.02594400     -0.01659100      0.16969700      0.65053700      0.74027200     -0.94738800      0.31455500     -0.05925100     -0.27140200     -0.69127000      0.66969000     -0.00008800     -0.00072700     -0.00077000     -0.03336800      0.28034200     -0.52585800      0.06551800      0.08953900      0.03972700     -0.03166100      0.57899900     -0.30915000     -0.75444300      0.60030400      0.78779500      0.13788800      0.55172000     -0.53273200      0.64171600     -0.00034900     -0.00138300     -0.00871000     -0.06146800     -0.46523500      0.46054900     -0.06549900
     0.17626000      0.00316400      0.38613800     -0.46985600      0.39828100     -0.78781500     -0.73476200     -0.67105600      0.09889500     -0.48870300      0.62482500      0.60892600      0.01249800      0.00222400     -0.01473500     -0.12789600     -0.67215500      0.16155300      0.13960400     -0.21298900     -0.03745100      0.33018300     -0.23967200     -0.56988700      0.78598900      0.96453500     -0.23162400      0.12632100      0.11034800      0.78909000      0.60417300      0.01808700     -0.01846400      0.03998300     -0.11924400      0.16143800     -0.33347400      0.24367800      0.02087000      0.02584300     -0.01626800      0.14398300      0.65491100      0.74186200     -0.95426200      0.29038200     -0.07114100     -0.26201500     -0.69768800      0.66676700      0.00896000     -0.00319300      0.01633100     -0.07912700      0.08358600     -0.12499700      0.12397600      0.08970200      0.03976100     -0.03201100      0.55363700     -0.32613800     -0.76623700      0.63055800      0.76519100      0.12991200      0.54394900     -0.55508100      0.62928800      0.00625500      0.00083800     -0.00754600      0.03474300     -0.20504800      0.37495900     -0.05063900
     0.17638900      0.00315800      0.38594100     -0.45582900      0.40657200     -0.79181000     -0.74923100     -0.65548500      0.09467600     -0.47996800      0.63589700      0.60439400     -0.00022100     -0.00616700     -0.00385000     -4.49565100     -0.02460400      3.52816000      0.15146000     -0.21263200     -0.03759400      0.33104100     -0.22611100     -0.57602600      0.78553100      0.96886500     -0.21609800      0.12056600      0.10056800      0.78904300      0.60593800      0.01929500     -0.00978600      0.04903400     -0.38393800     -0.25086600     -0.57084400      0.24428200      0.02105500      0.02576600     -0.01582300      0.13113300      0.66098400      0.73885200     -0.95865500      0.27441200     -0.07534700     -0.25255300     -0.69842400      0.66964100      0.00976300     -0.00397800      0.02547400     -0.36431700     -0.31495700     -0.60401000      0.13393700      0.08977200      0.03976000     -0.03212000      0.54085700     -0.33464200     -0.77167800      0.64606900      0.75274100      0.12638900      0.53857900     -0.56691600      0.62332800     -0.00018300     -0.00309200     -0.00191000     -4.54877800     -0.16378900      3.48014300     -0.03447300
     0.17658500      0.00301600      0.38571600     -0.43866900      0.41371400     -0.79778200     -0.76193000     -0.64190100      0.08601100     -0.47597500      0.64506700      0.59779900      0.00010100     -0.01483800      0.00644100     -0.02520000     -0.15957000      0.34050400      0.16328900     -0.21159300     -0.03803900      0.33342200     -0.18508700     -0.59102100      0.78512900      0.98012300     -0.16855800      0.10431600      0.07090100      0.78955700      0.60945600      0.02068600     -0.01250300      0.06582900     -4.31599800     -0.85347100     -3.77351100      0.31151300      0.02157000      0.02556200     -0.01464300      0.09529300      0.67639000      0.73035200     -0.96886000      0.23146100     -0.08794700     -0.22853500     -0.69922900      0.67738400      0.01783000     -0.00626900      0.03252600      0.09954400     -0.34323800     -0.65488500      0.17573900      0.08987000      0.03969700     -0.03223400      0.52448200     -0.34378300     -0.77892900      0.66194900      0.74002500      0.11910300      0.53548200     -0.57807800      0.61569700     -0.00008300     -0.00258500     -0.00162200      0.01065500     -0.05370500      0.16223300     -0.01226600
     0.17664800      0.00275300      0.38565500     -0.42747800      0.41924700     -0.80096200     -0.76950400     -0.63372500      0.07891100     -0.47398200      0.64955300      0.59451600     -0.00013600     -0.00388100     -0.00243200      0.00605200     -0.08398600      0.18019300      0.18194400     -0.21065700     -0.03837400      0.33565600     -0.11651800     -0.60855200      0.78490800      0.99301300     -0.08420200      0.08227500      0.01615100      0.78975700      0.61309600      0.01946200     -0.00740800      0.05095600     -0.18873000     -0.24845200     -1.05826800      0.36290700      0.02204100      0.02541300     -0.01349800      0.02648400      0.69781100      0.71579100     -0.98496500      0.14049400     -0.10052200     -0.17071000     -0.70236700      0.69104100      0.00949500      0.00156900      0.02098500     -0.67485700     -0.32557900     -2.19740400      0.26930500      0.08990200      0.03956200     -0.03226000      0.51424500     -0.35098900     -0.78253200      0.67092900      0.73299200      0.11213600      0.53423200     -0.58269000      0.61242700     -0.00007600     -0.00226600     -0.00142300      0.01310900     -0.16706600      0.36022200      0.01304400
     0.17664600      0.00264800      0.38561300     -0.42243200      0.42260600     -0.80187300     -0.77431700     -0.62809400      0.07682900     -0.47066500      0.65283100      0.59355900     -0.00014800     -0.00419500     -0.00263200      0.00606100     -0.08397700      0.18019200      0.18436700     -0.21015800     -0.03850700      0.33647500     -0.08179600     -0.61384000      0.78517600      0.99657200     -0.04389700      0.06964600     -0.00819900      0.78893400      0.61431100      0.03322700     -0.00277000      0.03511900      0.13662300     -0.46784000     -0.61188900      0.36389100      0.02228600      0.02535200     -0.01307500     -0.00765900      0.70425700      0.70990300     -0.98920200      0.09856500     -0.10845300     -0.14635100     -0.70306900      0.69589800      0.00902300     -0.00191100      0.01737500     -0.17913300      0.11605700     -0.43842300      0.28824700      0.08990000      0.03951000     -0.03228100      0.50962500     -0.35507500     -0.78371100      0.67662600      0.72804200      0.11013700      0.53146800     -0.58640800      0.61128200     -0.00007000     -0.00207800     -0.00130700      0.00690400     -0.08356700      0.17979300      0.02218900
     0.17655100      0.00248600      0.38549000     -0.41944200      0.42358100     -0.80292800     -0.77551100     -0.62692200      0.07432300     -0.47137700      0.65332500      0.59245100     -0.00014500     -0.00409100     -0.00257100      0.00606200     -0.08398700      0.18018800      0.18232700     -0.20911700     -0.03862400      0.33731000     -0.04435000     -0.61792900      0.78497600      0.99874000     -0.01036600      0.04841300     -0.02174000      0.78689200      0.61659600      0.01584400      0.00670400      0.00605700      0.12430800     -0.19565800     -0.51800600      0.38056200      0.02280200      0.02529900     -0.01264500     -0.04410800      0.71058500      0.70222600     -0.99005700      0.06288600     -0.12582200     -0.13356700     -0.70079400      0.70074600      0.00793100      0.00355200      0.00320700      0.22464700     -0.39309100     -0.81716300      0.30408600      0.08985800      0.03943300     -0.03234000      0.50694100     -0.35639200     -0.78485300      0.67800800      0.72711300      0.10775600      0.53227400     -0.58676200      0.61024000     -0.00006700     -0.00194800     -0.00122400      0.00047900     -0.00005200     -0.00034500      0.02708700
     0.17638100      0.00234600      0.38545500     -0.41896400      0.42374800     -0.80308900     -0.77575700     -0.62665700      0.07398500     -0.47139700      0.65346900      0.59227500     -0.00009300     -0.00258600     -0.00162700     -0.00087900      0.01216700     -0.02611000      0.18204600     -0.20823500     -0.03800600      0.33733300     -0.02253100     -0.61668100      0.78688500      0.99912000      0.01309400      0.03901500     -0.03435100      0.78782700      0.61482600      0.03058800      0.01931300     -0.00161100     -0.37319800      0.10331500     -0.55898600      0.38663500      0.02324700      0.02558600     -0.01264100     -0.06628100      0.71130800      0.69974700     -0.99033700      0.03871900     -0.13316400     -0.12181400     -0.70181200      0.70186900      0.00764100      0.01528200     -0.00454700     -1.27607900     -0.03608300     -1.09464600      0.32678300      0.08976800      0.03936000     -0.03236000      0.50640000     -0.35666400     -0.78507800      0.67834300      0.72686200      0.10733600      0.53236100     -0.58690800      0.61002400     -0.00655600     -0.00044300     -0.00006800     -0.00066100      0.01467200     -0.02979100      0.02659700
     0.17623500      0.00233100      0.38549800     -0.41945700      0.42360000     -0.80291000     -0.77560900     -0.62678500      0.07444900     -0.47120100      0.65344400      0.59245900      0.00005200      0.00141600      0.00089000     -0.00000000     -0.00000000     -0.00000000      0.17777400     -0.20708400     -0.03707600      0.33687200     -0.00629000     -0.61953000      0.78494200      0.99863100      0.03628500      0.03678800     -0.05128100      0.78485800      0.61744000      0.04409500      0.02267900     -0.01866300      0.07895600     -0.06959600      0.12267300      0.38356900      0.02381800      0.02605800     -0.01285600     -0.08226600      0.71450400      0.69477700     -0.99107900      0.01469200     -0.13245900     -0.10485100     -0.69947600      0.70692200      0.01484700      0.00635500     -0.00419500      0.03179700      0.06202300     -0.09960700      0.32857900      0.08969500      0.03934800     -0.03234100      0.50688200     -0.35643500     -0.78487100      0.67814100      0.72698000      0.10780900      0.53215900     -0.58690100      0.61020700     -0.00650100      0.00109900      0.00090200     -0.00078900      0.01469000     -0.02974200      0.02480100
     0.17616700      0.00235500      0.38551500     -0.41955500      0.42357200     -0.80287400     -0.77557100     -0.62682300      0.07452800     -0.47117800      0.65342500      0.59249900      0.00004400      0.00120500      0.00075700     -0.00000000     -0.00000000     -0.00000000      0.17578300     -0.20642700     -0.03672400      0.33652900     -0.00285700     -0.61974500      0.78479200      0.99846400      0.04110100      0.03623800     -0.05472700      0.78444900      0.61766200      0.02929500      0.00976300     -0.01134000      0.04046200     -0.04215200      0.07611800      0.38361900      0.02415200      0.02623900     -0.01303100     -0.08555800      0.71479700      0.69407800     -0.99114700      0.00991900     -0.13239300     -0.10151900     -0.69926100      0.70762100      0.01439200      0.00983100     -0.01049300      0.07912500     -0.05093100      0.09437400      0.32825300      0.08966100      0.03936200     -0.03233100      0.50697600     -0.35639200     -0.78483000      0.67809000      0.72701600      0.10788700      0.53213500     -0.58688200      0.61024600     -0.00650800      0.00089200      0.00077000     -0.00081700      0.01469200     -0.02969400      0.02235200
     0.17606100      0.00237800      0.38554500     -0.41973800      0.42351900     -0.80280500     -0.77551000     -0.62687900      0.07469200     -0.47111400      0.65340600      0.59257100      0.00001200      0.00031500      0.00019800     -0.00000000     -0.00000000     -0.00000000      0.17517800     -0.20516700     -0.03625800      0.33572200     -0.00987600     -0.61851600      0.78570500      0.99835900      0.03767100      0.04235000     -0.05579600      0.78559100      0.61611400      0.02814700      0.01468400     -0.02600900      0.00135000      0.14495600      0.16922300      0.38331200      0.02479300      0.02647500     -0.01344000     -0.07887500      0.71352900      0.69617100     -0.99180900      0.01420600     -0.12693000     -0.10045800     -0.70048100      0.70656400      0.01405300      0.00706200     -0.01331000     -0.01162400      0.18282200      0.19016600      0.32874300      0.08960800      0.03937700     -0.03231400      0.50715000     -0.35631100     -0.78475400      0.67801100      0.72706600      0.10804800      0.53207000     -0.58686900      0.61031500      0.00000900      0.00021300      0.00013500      0.00011600     -0.00000500     -0.00009200      0.02022900
     0.17597200      0.00238600      0.38554100     -0.41992500      0.42346300     -0.80273700     -0.77542300     -0.62697000      0.07482800     -0.47109000      0.65335400      0.59264500      0.00000000      0.00000000      0.00000000     -0.00000000     -0.00000000     -0.00000000      0.17412900     -0.20399900     -0.03602200      0.33496500     -0.00267800     -0.61793700      0.78621800      0.99758800      0.05243200      0.04475400     -0.06889000      0.78519800      0.61529000      0.02852300      0.00330600     -0.01796600      0.03579000     -0.02161400      0.05457100      0.38066400      0.02536500      0.02658600     -0.01381700     -0.08591200      0.71302200      0.69585700     -0.99248300     -0.00015000     -0.12238100     -0.08715600     -0.70114000      0.70767500      0.01428200      0.00170600     -0.00894900      0.04746100     -0.04530400      0.04061300      0.32760000      0.08956400      0.03938200     -0.03231500      0.50732600     -0.35622800     -0.78467900      0.67790300      0.72714800      0.10818100      0.53204000     -0.58681900      0.61038900     -0.00000100     -0.00001300     -0.00000700      0.00007100     -0.00000300     -0.00006400      0.01908600
     0.17594300      0.00237900      0.38553800     -0.42001100      0.42343700     -0.80270600     -0.77538800     -0.62700500      0.07489900     -0.47107000      0.65333800      0.59267900     -0.00000200     -0.00004200     -0.00002600     -0.00000000     -0.00000000     -0.00000000      0.17329200     -0.20346300     -0.03592700      0.33463000     -0.00174200     -0.61672300      0.78717300      0.99724500      0.05687700      0.04691500     -0.07371900      0.78584100      0.61390800      0.02870800      0.00492000     -0.01634800     -0.08080300      0.25882300      0.24092800      0.37900200      0.02563300      0.02662800     -0.01399000     -0.08774900      0.71298000      0.69567100     -0.99268400     -0.00445200     -0.12065000     -0.08292400     -0.70116900      0.70815500      0.01431600      0.00200400     -0.00865900     -0.16435300      0.48247400      0.33197000      0.32580400      0.08954900      0.03937800     -0.03231700      0.50740700     -0.35619000     -0.78464400      0.67786000      0.72717800      0.10825000      0.53201800     -0.58680600      0.61042200      0.00000000     -0.00002100     -0.00001400      0.00005800     -0.00001200     -0.00005500      0.01761600
     0.17590300      0.00235000      0.38553300     -0.42017500      0.42338700     -0.80264700     -0.77533500     -0.62705200      0.07504800     -0.47101200      0.65332500      0.59274000     -0.00000400     -0.00011800     -0.00007400     -0.00000000     -0.00000000     -0.00000000      0.17649700     -0.20259500     -0.03557300      0.33400900     -0.00413000     -0.61796800      0.78618600      0.99737100      0.05389600      0.04774900     -0.07189000      0.78507300      0.61510500      0.01372700      0.01935000     -0.02048900      0.07477900     -0.03831600      0.06469400      0.37762400      0.02607200      0.02679500     -0.01430400     -0.08456800      0.71312500      0.69591700     -0.99284700     -0.00123600     -0.11938500     -0.08427600     -0.70103500      0.70812800      0.00712000      0.00437600     -0.00582400      0.04027000     -0.03012800      0.04567100      0.32368100      0.08952900      0.03936300     -0.03232000      0.50756000     -0.35611700     -0.78457800      0.67779300      0.72721800      0.10839700      0.53195800     -0.58679900      0.61048100     -0.00000400     -0.00006700     -0.00004100      0.00003800     -0.00000500     -0.00004100      0.01794300
     0.17589300      0.00232700      0.38554200     -0.42024700      0.42336600     -0.80262100     -0.77533100     -0.62704700      0.07513800     -0.47095400      0.65334400      0.59276400     -0.00000000     -0.00000500     -0.00000300      0.00000000     -0.00000000      0.00000000      0.17728700     -0.20216500     -0.03497400      0.33347000     -0.00584800     -0.61890200      0.78544100      0.99751200      0.05111500      0.04785000     -0.06977000      0.78452500      0.61604800      0.01438800      0.01048000     -0.00985700      0.03842400     -0.02680200      0.04694700      0.37119600      0.02628700      0.02709200     -0.01456900     -0.08270500      0.71389000      0.69535500     -0.99281400      0.00152900     -0.11965400     -0.08648400     -0.70025500      0.70863400      0.00722000      0.00537800     -0.00479800      0.03882300     -0.02692700      0.04730000      0.31845500      0.08952400      0.03935100     -0.03231600      0.50762800     -0.35608600     -0.78454800      0.67778500      0.72721200      0.10848600      0.53190300     -0.58682600      0.61050200     -0.00000100      0.00001300      0.00000900      0.00002100     -0.00001400     -0.00004200      0.02006600
     0.17589300      0.00233500      0.38554700     -0.42022700      0.42337200     -0.80262700     -0.77533900     -0.62703900      0.07512200     -0.47095900      0.65334800      0.59275700      0.00000000      0.00000300      0.00000200      0.00000000      0.00000000      0.00000000      0.17683500     -0.20183400     -0.03450400      0.33313300     -0.00746000     -0.61974800      0.78476000      0.99760700      0.04886500      0.04822000     -0.06823800      0.78400100      0.61688600      0.01451500      0.01179800     -0.00851800      0.03842400     -0.02680800      0.04694400      0.36516900      0.02645800      0.02734000     -0.01474700     -0.08087300      0.71459500      0.69484700     -0.99281400      0.00392900     -0.11959400     -0.08819200     -0.69952700      0.70914300      0.00727500      0.00598300     -0.00418100      0.03870100     -0.02684100      0.04719600      0.31110700      0.08952400      0.03935600     -0.03231300      0.50761000     -0.35609400     -0.78455600      0.67779400      0.72720600      0.10847100      0.53190800     -0.58682900      0.61049500     -0.00000000      0.00000000     -0.00000000      0.00002100     -0.00001100     -0.00003900      0.01990200
     0.17587300      0.00232800      0.38554300     -0.42029100      0.42335200     -0.80260400     -0.77531300     -0.62706400      0.07517400     -0.47094400      0.65333600      0.59278200     -0.00000200     -0.00005800     -0.00003600      0.00000000      0.00000000      0.00000000      0.17976200     -0.20167100     -0.03431800      0.33301700     -0.00824900     -0.62015200      0.78443300      0.99764000      0.04789700      0.04850400     -0.06765700      0.78374100      0.61728000      0.01452600      0.01197500     -0.00833900      0.03842400     -0.02680700      0.04694400      0.35925400      0.02654000      0.02743300     -0.01480400     -0.08001200      0.71491600      0.69461600     -0.99282900      0.00493200     -0.11943800     -0.08881400     -0.69919200      0.70939500      0.00727600      0.00605400     -0.00411000      0.03865600     -0.02682900      0.04716200      0.30686200      0.08951400      0.03935200     -0.03231500      0.50767000     -0.35606600     -0.78453000      0.67776200      0.72722800      0.10852200      0.53189100     -0.58681900      0.61052000     -0.00000100     -0.00003000     -0.00002000      0.00002400     -0.00000700     -0.00002300      0.02055600
     0.17581300      0.00227600      0.38552400     -0.41808100      0.42372500     -0.80356100     -0.77548900     -0.62713700      0.07271500     -0.47262000      0.65302400      0.59179100     -0.00007300     -0.00194800     -0.00122500      0.00002700     -0.00002600      0.00003900      0.18421800     -0.20112200     -0.03434000      0.33315300     -0.00214900     -0.62079500      0.78396400      0.99698200      0.05910000      0.04967800     -0.07718400      0.78246500      0.61778100      0.01571900     -0.00737400      0.01126300     -0.03433900     -0.00364800      0.01152300      0.33900400      0.02680200      0.02742500     -0.01474700     -0.08592600      0.71577500      0.69302400     -0.99312600     -0.00605300     -0.11688400     -0.07946800     -0.69830400      0.71137500      0.00761900      0.00171900      0.00129900      0.00358000     -0.01356600      0.02867500      0.28808300      0.08948400      0.03933000     -0.03232100      0.50551200     -0.35675400     -0.78561000      0.67804200      0.72733800      0.10600400      0.53358700     -0.58626300      0.60957200     -0.00001800     -0.00049800     -0.00031200     -0.00289100      0.00289600     -0.00425800      0.02610800
     0.17569200      0.00219600      0.38547800     -0.41816100      0.42370600     -0.80352900     -0.77545800     -0.62716800      0.07277700     -0.47259900      0.65300700      0.59182600     -0.00008500     -0.00223200     -0.00140500      0.00000000     -0.00000000      0.00000000      0.18294900     -0.20047800     -0.03449400      0.33366700     -0.00376600     -0.62151900      0.78338400      0.99688700      0.05895000      0.05170800     -0.07832900      0.78190200      0.61835000      0.01611100     -0.00349500      0.01518300     -0.03256300     -0.01706600      0.03696400      0.32059000      0.02712400      0.02734400     -0.01449500     -0.08420700      0.71632600      0.69266500     -0.99335700     -0.00564400     -0.11492600     -0.07841500     -0.69774200      0.71204300      0.00804900     -0.00175800      0.00756900     -0.03230100     -0.01707600      0.03716600      0.26652900      0.08942900      0.03928900     -0.03234600      0.50562900     -0.35671100     -0.78555400      0.67800000      0.72736100      0.10611500      0.53353000     -0.58626100      0.60962500     -0.00005900     -0.00155800     -0.00097800     -0.00092200      0.01222500     -0.02620400      0.02806700
     0.17560200      0.00215200      0.38544100     -0.41600500      0.42406100     -0.80446100     -0.77558000     -0.62729700      0.07033300     -0.47430000      0.65265200      0.59085600     -0.00009200     -0.00239800     -0.00151000      0.12176800     -0.12028700      0.18026800      0.18256400     -0.20024200     -0.03449900      0.33395800     -0.00231600     -0.62023900      0.78440400      0.99696300      0.05921300      0.04991000     -0.07741600      0.78289700      0.61720500      0.00143300     -0.00158300      0.01800000     -0.03431500     -0.00152800      0.00731200      0.29471900      0.02724800      0.02734000     -0.01435100     -0.08592400      0.71523000      0.69358600     -0.99314500     -0.00612300     -0.11672100     -0.07923500     -0.69886100      0.71085400      0.00809000     -0.00131000      0.00801800     -0.03532500     -0.00375200      0.01092600      0.24660800      0.08937900      0.03926600     -0.03236500      0.50375600     -0.35729200     -0.78649200      0.67817100      0.72752600      0.10387100      0.53508100     -0.58570200      0.60880100     -0.00659700     -0.00140500     -0.00067700      0.44900200     -0.42924800      0.63547100      0.02790400
     0.17533400      0.00202800      0.38541900     -0.41638600      0.42395600     -0.80431900     -0.77548100     -0.62737800      0.07070100     -0.47412700      0.65264300      0.59100500     -0.01316500     -0.00182200     -0.00073600     -0.00098400      0.01471500     -0.02955300      0.18011700     -0.20007100     -0.03447100      0.33455100      0.00470400     -0.61769300      0.78640000      0.99728000      0.06031600      0.04155600     -0.07312300      0.78482200      0.61528100      0.00153600     -0.00051300      0.01905000      0.03251400     -0.17125200     -0.05290500      0.22719400      0.02733900      0.02735400     -0.01404700     -0.09319000      0.71311500      0.69482500     -0.99217300     -0.00826000     -0.12459300     -0.08311100     -0.70099800      0.70830300      0.00070800     -0.00075200      0.00901900      0.04309100     -0.14102400     -0.29007700      0.17214700      0.08925000      0.03920200     -0.03237700      0.50394000     -0.35719600     -0.78641800      0.67807800      0.72758800      0.10404100      0.53502500     -0.58568400      0.60886800      0.00007900     -0.00629000      0.00392600     -0.03582500      0.01038000     -0.01980500      0.02676100
     0.17502000      0.00189700      0.38547700     -0.41203800      0.42469400     -0.80616700     -0.77588400     -0.62739300      0.06598000     -0.47725700      0.65214800      0.58902900     -0.01287400     -0.01075800      0.00940700     -0.03664500      0.02494300     -0.04909200      0.18056200     -0.19990200     -0.03443700      0.33525400      0.00987900     -0.61968800      0.78478000      0.99740700      0.06162900      0.03625500     -0.07086000      0.78314600      0.61767600      0.00145800     -0.00123600      0.01828400      0.00660900     -0.10052100     -0.04656100      0.18450700      0.02742400      0.02737700     -0.01369100     -0.09805700      0.71551000      0.69168500     -0.99147000     -0.01027700     -0.12992500     -0.08585400     -0.69852600      0.71041500      0.00072800     -0.00051800      0.00923800      0.00681000     -0.10099300     -0.04576700      0.09801300      0.08909200      0.03913900     -0.03235300      0.49975200     -0.35853400     -0.78848000      0.67867000      0.72770500      0.09925400      0.53819500     -0.58472000      0.60699800     -0.00656600     -0.00040500     -0.00004600      0.00247800     -0.06654600      0.14687200      0.02545400
     0.17478300      0.00177200      0.38550000     -0.40903700      0.42533700     -0.80735500     -0.77643300     -0.62702300      0.06297300     -0.47894400      0.65208400      0.58772900     -0.01316000     -0.00145900     -0.00051000      0.00000200      0.01374100     -0.02809300      0.18124700     -0.19988900     -0.03448700      0.33584900      0.01578600     -0.62441000      0.78093200      0.99746300      0.06363600      0.03086500     -0.06900300      0.77922800      0.62282000      0.00117300     -0.00406500      0.01542200      0.09342500     -0.31008800     -0.16135600      0.14568400      0.02743100      0.02735700     -0.01339500     -0.10220600      0.71891400      0.68754400     -0.99090600     -0.01276900     -0.13395100     -0.08752000     -0.69498200      0.71368100      0.00027100      0.00281800      0.00282100      0.24624400     -0.59941200     -0.33187000      0.04363700      0.08896900      0.03907400     -0.03233600      0.49695800     -0.35955800     -0.78977800      0.67938400      0.72743200      0.09632100      0.53987700     -0.58443000      0.60578200     -0.00658100     -0.00074500     -0.00026200     -0.00343700      0.01716000     -0.03312700      0.02692400
     0.17467300      0.00169900      0.38549300     -0.40852100      0.42551200     -0.80752400     -0.77667600     -0.62676100      0.06258800     -0.47899200      0.65222100      0.58753800     -0.01319200     -0.00215900     -0.00095300     -0.00098400      0.01471500     -0.02955300      0.18090800     -0.19983800     -0.03456300      0.33609200      0.01570900     -0.62441900      0.78092700      0.99742400      0.06403500      0.03128400     -0.06957600      0.77918800      0.62280700      0.00103600     -0.00542700      0.01405300     -0.03240600     -0.00717200      0.00480900      0.13384800      0.02745700      0.02731800     -0.01326600     -0.10281600      0.71997900      0.68633700     -0.99082400     -0.01327900     -0.13450000     -0.08772300     -0.69386800      0.71473800      0.00020800      0.00217700      0.00217900     -0.00816300      0.02077700      0.01197200      0.02110300      0.08891400      0.03903800     -0.03233900      0.49652300     -0.35978800     -0.78994700      0.67967100      0.72720800      0.09599600      0.53991800     -0.58456900      0.60561300     -0.00659800     -0.00112600     -0.00050100     -0.00144100      0.01517500     -0.03023000      0.02676100
     0.17446300      0.00153700      0.38545700     -0.40791600      0.42572400     -0.80771800     -0.77698000     -0.62642700      0.06215600     -0.47901500      0.65240300      0.58731700     -0.00012400     -0.00297400     -0.00188000      0.00000000      0.00000000      0.00000000      0.18127300     -0.19979800     -0.03472100      0.33648800      0.01712300     -0.62622400      0.77945000      0.99740500      0.06480200      0.03029800     -0.06952000      0.77767500      0.62470100      0.00031600      0.00316800      0.00316700      0.00025900     -0.00062500     -0.00034100      0.07912800      0.02747700      0.02723500     -0.01306500     -0.10375500      0.72153100      0.68456300     -0.99071200     -0.01415600     -0.13523500     -0.08788600     -0.69223600      0.71629900      0.00042800     -0.00353200      0.00620400     -0.03819100      0.00714100      0.01281000     -0.03245600      0.08880900      0.03895700     -0.03235800      0.49596700     -0.36007800     -0.79016400      0.68003500      0.72692100      0.09558400      0.53997000     -0.58474600      0.60539500     -0.00006500     -0.00152900     -0.00096100     -0.00000200     -0.00000600     -0.00001400      0.02610700
     0.17425300      0.00143600      0.38543500     -0.40838000      0.42558900     -0.80755500     -0.77683900     -0.62655900      0.06257800     -0.47884800      0.65236500      0.58749600     -0.00007400     -0.00174400     -0.00110300      0.00000000      0.00000000      0.00000000      0.18025600     -0.19993500     -0.03466300      0.33671700      0.01650000     -0.62651200      0.77923200      0.99739900      0.06458600      0.03095600     -0.06975800      0.77746100      0.62494100      0.00034000      0.00339400      0.00338800      0.00000000     -0.00000000     -0.00000000      0.00035100      0.02740800      0.02726200     -0.01295300     -0.10304400      0.72169800      0.68449400     -0.99080800     -0.01384800     -0.13455700     -0.08763100     -0.69206800      0.71649200     -0.00007100      0.00721900     -0.00252100      0.05046900     -0.11545800      0.21977900     -0.12471500      0.08870900      0.03890600     -0.03236900      0.49636100     -0.35990000     -0.78999700      0.67988000      0.72701600      0.09596700      0.53980300     -0.58473800      0.60555100     -0.00001000     -0.00023400     -0.00014300      0.00000300     -0.00000600     -0.00000700      0.02627100
     0.17416400      0.00143700      0.38542700     -0.40858700      0.42552700     -0.80748300     -0.77674600     -0.62665900      0.06273200     -0.47882200      0.65231000      0.58757800     -0.01311100      0.00004800      0.00043900      0.00511500     -0.06906400      0.15073000      0.17985000     -0.19988400     -0.03441600      0.33659500      0.01183300     -0.62708700      0.77885400      0.99782300      0.05748900      0.03127500     -0.06441900      0.77755600      0.62539600      0.01447300      0.01228900     -0.00808900      0.03844000     -0.02656400      0.04707100     -0.04171400      0.02742800      0.02738400     -0.01300800     -0.09839000      0.72197900      0.68488300     -0.99079700     -0.00678800     -0.13518100     -0.09294900     -0.69188100      0.71600200     -0.00040900      0.01169300     -0.00778300      0.07165100     -0.02423200      0.03625300     -0.17141600      0.08866500      0.03890400     -0.03237500      0.49669900     -0.35973900     -0.78985800      0.67969400      0.72715300      0.09624200      0.53972700     -0.58466600      0.60568900     -0.00000100     -0.00000200      0.00000300     -0.00000300     -0.00000900     -0.00001400      0.02594400
     0.17401600      0.00144000      0.38542200     -0.40892900      0.42542400     -0.80736400     -0.77660100     -0.62681200      0.06299600     -0.47876500      0.65222900      0.58771400     -0.00002400     -0.00056100     -0.00035500      0.00000000      0.00000000      0.00000000      0.18081700     -0.19981200     -0.03359600      0.33590400     -0.01266600     -0.63433600      0.77294800      0.99859800      0.03112000      0.04205100     -0.05072900      0.77317500      0.63205200     -0.00112100      0.02036100     -0.01857800      0.18711500     -0.01768500      0.13123100     -0.15057700      0.02747000      0.02779200     -0.01334800     -0.07282100      0.72730300      0.68244100     -0.99158500      0.02063100     -0.12779600     -0.10702600     -0.68600500      0.71968100     -0.00057300      0.00995900     -0.00951300      0.45715500      0.09785100      0.17207400     -0.26334900      0.08858600      0.03890800     -0.03237500      0.49691300     -0.35964400     -0.78976700      0.67957300      0.72724500      0.09640700      0.53968200     -0.58461100      0.60578200     -0.00001600     -0.00033800     -0.00021100     -0.00000500     -0.00000300     -0.00002200      0.02578100
