     0.09358800      0.04870000      0.43603000     -0.55020600      0.79362400     -0.25976900     -0.81837500     -0.57426500     -0.02128300     -0.16538900      0.19988800      0.96577400     -0.00001800     -0.00006200     -0.00002200      0.00000000      0.00000000      0.00000000     -0.59439600     -0.13281600      0.01740300      0.36270600      0.44236200      0.83428100      0.32906300     -0.65498900      0.55125700     -0.51676000     -0.61305000      0.01199500      0.78986600     -0.00000000      0.00000200      0.00000200      0.00000000     -0.00000000     -0.00000000     -1.12116200      0.02849700      0.03232000      0.00072400     -0.34633000     -0.86178500      0.37064900      0.63799700     -0.50603200     -0.58042200      0.68776000      0.03545600      0.72507100      0.00000700     -0.00005300     -0.00003300     -0.00005900      0.00007500     -0.00011200     -0.92451200      0.08345000      0.04794800     -0.02200200     -0.45267700      0.84561400     -0.28287800     -0.84030700     -0.51068400     -0.18189300     -0.29827300      0.15536600      0.94175000     -0.00001200     -0.00003500     -0.00001200     -0.00000600      0.00000100     -0.00000200     -0.65334500
     0.09358900      0.04870100      0.43604000     -0.55007800      0.79369700     -0.25981500     -0.81845900     -0.57414600     -0.02130400     -0.16540300      0.19993700      0.96576100      0.00000100      0.00000200      0.00000100      0.00000000      0.00000000      0.00000000     -0.59317300     -0.13278500      0.01738800      0.36275300      0.44241600      0.83425500      0.32905600     -0.65504600      0.55129700     -0.51664400     -0.61294900      0.01195800      0.78994500     -0.00013800      0.00112300      0.00076900      0.00000000     -0.00000000     -0.00000000     -1.12081000      0.02851300      0.03230900      0.00074500     -0.34638300     -0.86176400      0.37064700      0.63807100     -0.50606400     -0.58031200      0.68766400      0.03548900      0.72516000     -0.00009000      0.00072600      0.00049700     -0.00002000      0.00006100     -0.00008000     -0.92418600      0.08345100      0.04794900     -0.02199700     -0.45253900      0.84568000     -0.28289900     -0.84037800     -0.51055700     -0.18191800     -0.29828100      0.15541700      0.94173900     -0.00000200     -0.00000400     -0.00000200     -0.00000200      0.00000000      0.00000100     -0.65334500
     0.09357800      0.04868800      0.43604600     -0.54988300      0.79380900     -0.25988600     -0.81858300     -0.57396700     -0.02135000     -0.16543700      0.20000700      0.96574100     -0.00007900     -0.00026800     -0.00009400      0.00000000      0.00000000      0.00000000     -0.59312800     -0.13274400      0.01737600      0.36277700      0.44261000      0.83414800      0.32906600     -0.65500100      0.55145800     -0.51653000     -0.61285700      0.01201600      0.79001600     -0.00000100      0.00000400      0.00000300      0.00000000     -0.00000000     -0.00000000     -1.12024300      0.02853300      0.03230500      0.00075900     -0.34658000     -0.86167200      0.37067800      0.63805100     -0.50622600     -0.58019400      0.68758400      0.03542700      0.72523800      0.00000200     -0.00002000     -0.00001300     -0.00002600      0.00003100     -0.00005800     -0.92434900      0.08344500      0.04794200     -0.02199300     -0.45232800      0.84578200     -0.28293300     -0.84048300     -0.51036700     -0.18196900     -0.29830600      0.15549000      0.94171900     -0.00005200     -0.00017300     -0.00006100      0.00001900     -0.00000100     -0.00000000     -0.65318100
     0.09359300      0.04866200      0.43606600     -0.54963500      0.79395300     -0.25997200     -0.81875000     -0.57373000     -0.02136500     -0.16543900      0.20011700      0.96571800     -0.00000000     -0.00000000     -0.00000000      0.00000000      0.00000000      0.00000000     -0.59302300     -0.13275200      0.01736600      0.36279500      0.44258200      0.83416600      0.32905800     -0.65504900      0.55143100     -0.51649700     -0.61282600      0.01197700      0.79004000     -0.00001100      0.00009100      0.00006200      0.00000000     -0.00000000     -0.00000000     -1.12072000      0.02852900      0.03230000      0.00076700     -0.34654900     -0.86169000      0.37066600      0.63810100     -0.50619300     -0.58016700      0.68755300      0.03546600      0.72526600     -0.00000600      0.00003600      0.00002300     -0.00002100      0.00002400     -0.00002900     -0.92451200      0.08345300      0.04792900     -0.02198400     -0.45206100      0.84591200     -0.28297000     -0.84062900     -0.51011700     -0.18199200     -0.29829800      0.15560100      0.94170300      0.00000100      0.00000400      0.00000000      0.01058000     -0.07349200      0.18451100     -0.65318100
     0.09359400      0.04864900      0.43609200     -0.54965400      0.79395000     -0.25994300     -0.81875300     -0.57372700     -0.02128600     -0.16535900      0.20013800      0.96572700      0.00034100      0.00115500      0.00040700      0.00000000      0.00000000      0.00000000     -0.59261500     -0.13275200      0.01736500      0.36280600      0.44258700      0.83416400      0.32905600     -0.65506300      0.55143400     -0.51647600     -0.61280700      0.01196700      0.79005500     -0.00000500      0.00004200      0.00002900      0.00000000     -0.00000000     -0.00000000     -1.12035200      0.02852900      0.03230000      0.00077300     -0.34655400     -0.86168800      0.37066400      0.63811800     -0.50619500     -0.58014700      0.68753500      0.03547500      0.72528300     -0.00000200      0.00000800      0.00000400     -0.00000600      0.00003500     -0.00002100     -0.92418600      0.08345200      0.04792000     -0.02197200     -0.45208400      0.84590800     -0.28294500     -0.84064500     -0.51012000     -0.18191400     -0.29821900      0.15561600      0.94172500      0.00022900      0.00078500      0.00027600      0.00000000     -0.00002200     -0.00000800     -0.65318100
     0.09358300      0.04862300      0.43612300     -0.54960000      0.79398900     -0.25993600     -0.81880600     -0.57365500     -0.02120900     -0.16527600      0.20018900      0.96573100      0.00000000      0.00000000      0.00000000      0.00000000      0.00000000      0.00000000     -0.59218400     -0.13274000      0.01734400      0.36280300      0.44268800      0.83410900      0.32906200     -0.65503000      0.55151700     -0.51642800     -0.61277000      0.01200400      0.79008400      0.00008400     -0.00068900     -0.00047100      0.00000000     -0.00000000      0.00000000     -1.11990500      0.02853500      0.03229000      0.00077200     -0.34665600     -0.86164000      0.37068100      0.63809700     -0.50628000     -0.58009600      0.68750300      0.03543700      0.72531500      0.00004600     -0.00038700     -0.00026400     -0.00000700      0.00000200     -0.00002800     -0.92434900      0.08344800      0.04791000     -0.02195500     -0.45203000      0.84594200     -0.28292800     -0.84070400     -0.51004800     -0.18184100     -0.29813400      0.15566100      0.94174500     -0.00000200     -0.00000400     -0.00000000      0.00001100      0.00001000      0.00000400     -0.65301800
     0.09356100      0.04857600      0.43616800     -0.54936400      0.79413600     -0.25998800     -0.81898000     -0.57340700     -0.02114900     -0.16519700      0.20031500      0.96571800     -0.00001800     -0.00006200     -0.00002200      0.00000000      0.00000000      0.00000000     -0.59222600     -0.13274400      0.01730300      0.36282400      0.44259500      0.83416500      0.32904300     -0.65514400      0.55143400     -0.51637300     -0.61271500      0.01190700      0.79012800      0.00139900     -0.01069700      0.00865600     -0.03628300      0.00673000     -0.02023400     -1.11946800      0.02853200      0.03227200      0.00077800     -0.34657500     -0.86168300      0.37065800      0.63818500     -0.50620200     -0.58006700      0.68746200      0.03551100      0.72535000     -0.00000200      0.00001000      0.00000800     -0.00001000      0.00000300     -0.00002300     -0.92451200      0.08343700      0.04788600     -0.02193300     -0.45177900      0.84607500     -0.28293300     -0.84087000     -0.50979200     -0.18179200     -0.29804700      0.15578100      0.94175200     -0.00000900     -0.00002600     -0.00000700      0.00000100     -0.00000200     -0.00000500     -0.65269100
     0.09356900      0.04855400      0.43620000     -0.54912900      0.79427400     -0.26005800     -0.81914300     -0.57317600     -0.02113500     -0.16517000      0.20042700      0.96569900      0.00004800      0.00016300      0.00005800      0.01059100     -0.07341700      0.18453600     -0.59241700     -0.13273600      0.01731900      0.36283400      0.44265400      0.83413200      0.32904800     -0.65511500      0.55148400     -0.51635700     -0.61270400      0.01193600      0.79013600     -0.00008200      0.00066600      0.00045600      0.00000000      0.00000000      0.00000000     -1.11949700      0.02853700      0.03227500      0.00078600     -0.34662200     -0.86166100      0.37066400      0.63818600     -0.50623900     -0.58003400      0.68743800      0.03550000      0.72537400     -0.00005400      0.00044400      0.00030500     -0.00000300      0.00000100     -0.00002300     -0.92451200      0.08344100      0.04787500     -0.02191700     -0.45166200      0.84613800     -0.28293200     -0.84095700     -0.50966600     -0.18173900     -0.29797800      0.15585000      0.94176300      0.00003000      0.00010600      0.00003900      0.00001300     -0.00001200     -0.00000500     -0.65285500
     0.09358600      0.04852900      0.43623000     -0.54899800      0.79435500     -0.26008900     -0.81924300     -0.57303500     -0.02108400     -0.16511200      0.20050900      0.96569200      0.00000400      0.00001400      0.00000500      0.00000000      0.00000000      0.00000000     -0.59240100     -0.13270800      0.01732900      0.36285000      0.44274300      0.83408200      0.32905500     -0.65508700      0.55155800     -0.51631200     -0.61266800      0.01196700      0.79016200     -0.00000300      0.00002300      0.00001600      0.00000000      0.00000000      0.00000000     -1.11924800      0.02855100      0.03228200      0.00079500     -0.34671200     -0.86161800      0.37067900      0.63816900     -0.50631400     -0.57998700      0.68740800      0.03546800      0.72540400     -0.00000000     -0.00000500     -0.00000500     -0.00001100     -0.00000200     -0.00000600     -0.92451200      0.08344900      0.04786300     -0.02190200     -0.45139000      0.84627300     -0.28296400     -0.84111500     -0.50940600     -0.18174100     -0.29794600      0.15597000      0.94175400     -0.00000200     -0.00000100     -0.00000000     -0.00000400      0.00000300     -0.00000300     -0.65269100
     0.09359000      0.04853100      0.43625100     -0.54898700      0.79436600     -0.26008000     -0.81925900     -0.57301200     -0.02104000     -0.16506600      0.20053000      0.96569600      0.00011600      0.00039400      0.00013900      0.00000000      0.00000000      0.00000000     -0.59270800     -0.13269400      0.01729900      0.36286500      0.44283500      0.83403300      0.32905500     -0.65509200      0.55163200     -0.51622600     -0.61259600      0.01197500      0.79021800      0.00002100     -0.00017500     -0.00012000      0.00000000      0.00000000      0.00000000     -1.11853900      0.02855800      0.03226700      0.00080200     -0.34680700     -0.86157600      0.37068900      0.63818800     -0.50638700     -0.57990200      0.68734300      0.03545500      0.72546700      0.00001200     -0.00011500     -0.00008100     -0.00000800     -0.00000400     -0.00000200     -0.92483900      0.08345100      0.04786300     -0.02189100     -0.45137900      0.84628200     -0.28295200     -0.84113700     -0.50938500     -0.18169800     -0.29790000      0.15598700      0.94176500      0.00007100      0.00024300      0.00008600     -0.00000200     -0.00000900     -0.00000900     -0.65269200
     0.09359300      0.04857300      0.43626600     -0.54879500      0.79447300     -0.26015600     -0.81937600     -0.57284300     -0.02110900     -0.16512300      0.20058900      0.96567400      0.00033900      0.00115000      0.00040500      0.00000000      0.00000000      0.00000000     -0.59230200     -0.13268100      0.01726800      0.36289100      0.44280400      0.83405500      0.32904200     -0.65517500      0.55160100     -0.51615400     -0.61253000      0.01190900      0.79027100     -0.00009200      0.00075000      0.00051300      0.00000000      0.00000000      0.00000000     -1.11783700      0.02856500      0.03224900      0.00081300     -0.34677600     -0.86159600      0.37067300      0.63827600     -0.50635000     -0.57983900      0.68727700      0.03551700      0.72552600     -0.00007600      0.00060400      0.00041300      0.00000100      0.00000100      0.00000100     -0.92467600      0.08345300      0.04788300     -0.02188400     -0.45117200      0.84637900     -0.28299200     -0.84123000     -0.50920400     -0.18177200     -0.29794900      0.15605200      0.94173900      0.00021500      0.00073200      0.00025900      0.00001500     -0.00000200     -0.00000100     -0.65269100
     0.09360700      0.04859400      0.43626300     -0.54872800      0.79450800     -0.26019300     -0.81941200     -0.57279000     -0.02115600     -0.16516800      0.20060400      0.96566300      0.00013300      0.00044900      0.00015800      0.00000000      0.00000000      0.00000000     -0.59184500     -0.13267400      0.01729100      0.36290500      0.44288200      0.83401000      0.32904900     -0.65513700      0.55166700     -0.51613200     -0.61251500      0.01194700      0.79028200     -0.00015500      0.00126200      0.00086300      0.00000000      0.00000000      0.00000000     -1.11838800      0.02856800      0.03226000      0.00082100     -0.34685500     -0.86155700      0.37068800      0.63824400     -0.50641800     -0.57981300      0.68726600      0.03547800      0.72553800      0.00633800      0.00164300      0.00054000      0.00203100     -0.01522000      0.02924100     -0.92467600      0.08346000      0.04789600     -0.02188500     -0.45109700      0.84641100     -0.28301600     -0.84125500     -0.50914500     -0.18182000     -0.29799100      0.15607000      0.94172200      0.00007200      0.00024800      0.00008800      0.00000500      0.00000200     -0.00000000     -0.65236500
     0.09366600      0.04862100      0.43625900     -0.54828000      0.79475100     -0.26039500     -0.81967900     -0.57240100     -0.02133600     -0.16533200      0.20075000      0.96560500      0.00026600      0.00090300      0.00031800      0.00000000      0.00000000      0.00000000     -0.59153600     -0.13266100      0.01735000      0.36296700      0.44308500      0.83389700      0.32906200     -0.65507000      0.55183600     -0.51603600     -0.61243900      0.01202300      0.79033900     -0.00024400      0.00198300      0.00135600      0.00000000      0.00000000      0.00000000     -1.11785600      0.02857500      0.03228900      0.00085100     -0.34704500     -0.86146800      0.37071800      0.63820700     -0.50657500     -0.57971700      0.68720400      0.03540700      0.72560000     -0.00006500      0.00051600      0.00035300      0.00001500      0.00001100      0.00000400     -0.92467600      0.08348900      0.04790800     -0.02188800     -0.45060900      0.84663200     -0.28313300     -0.84146600     -0.50872900     -0.18201100     -0.29813400      0.15623100      0.94165100      0.00019700      0.00067100      0.00023600     -0.00000300      0.00000300     -0.00000300     -0.65220100
     0.09371500      0.04860900      0.43625100     -0.54791400      0.79495000     -0.26055700     -0.81990100     -0.57207900     -0.02146300     -0.16544600      0.20087800      0.96555900     -0.00014800     -0.00050400     -0.00017700      0.00000000      0.00000000      0.00000000     -0.59203400     -0.13263800      0.01739700      0.36299700      0.44313200      0.83387000      0.32906700     -0.65504600      0.55187700     -0.51602300     -0.61243000      0.01204600      0.79034600     -0.00018300      0.00148800      0.00101700      0.00000000      0.00000000      0.00000000     -1.11824200      0.02858600      0.03231500      0.00086800     -0.34711200     -0.86143500      0.37073200      0.63818000     -0.50663300     -0.57969600      0.68719500      0.03537400      0.72561000     -0.00009500      0.00078100      0.00053500      0.00000000     -0.00001000     -0.00000900     -0.92483900      0.08351500      0.04790500     -0.02189000     -0.45021200      0.84681300     -0.28322400     -0.84164500     -0.50838500     -0.18214600     -0.29823100      0.15637000      0.94159700     -0.00010700     -0.00036100     -0.00012600      0.00000900      0.00000000      0.00000200     -0.65236500
     0.09372400      0.04863500      0.43621000     -0.54772800      0.79504100     -0.26066900     -0.81998800     -0.57194600     -0.02164900     -0.16562600      0.20089500      0.96552400     -0.00017800     -0.00060300     -0.00021200      0.00000000      0.00000000      0.00000000     -0.59217100     -0.13262400      0.01744300      0.36302700      0.44328800      0.83378200      0.32908200     -0.65497000      0.55200800     -0.51598000     -0.61240000      0.01212300      0.79036800     -0.00023200      0.00188700      0.00128900      0.00184400     -0.01374700      0.02525900     -1.11803700      0.02859300      0.03233600      0.00088100     -0.34725200     -0.86136700      0.37075800      0.63812500     -0.50675300     -0.57965100      0.68717600      0.03530500      0.72563100     -0.00002800      0.00022600      0.00015600     -0.00000400     -0.00000600      0.00000000     -0.92483900      0.08351900      0.04791700     -0.02191100     -0.45000600      0.84689700     -0.28330100     -0.84169500     -0.50823500     -0.18233400     -0.29840200      0.15640100      0.94153800      0.00024600      0.00432900     -0.00516900      0.03497600     -0.01670700      0.01642300     -0.65252800
     0.09372300      0.04864800      0.43618400     -0.54770900      0.79504500     -0.26069700     -0.81998500     -0.57194800     -0.02172900     -0.16570600      0.20087400      0.96551500     -0.00009500     -0.00032200     -0.00011300      0.00000000      0.00000000      0.00000000     -0.59260400     -0.13262300      0.01751300      0.36301400      0.44344900      0.83368500      0.32911000     -0.65480500      0.55215100     -0.51603600     -0.61246000      0.01226700      0.79031900     -0.00031800      0.00258600      0.00176600      0.00184400     -0.01375000      0.02525700     -1.11788400      0.02859400      0.03236900      0.00087300     -0.34741600     -0.86128200      0.37080200      0.63796700     -0.50690700     -0.57969100      0.68724000      0.03516600      0.72557700      0.00563500      0.00699400     -0.00378700      0.03833600     -0.02191700      0.04949000     -0.92483900      0.08351800      0.04792300     -0.02192400     -0.44998300      0.84690100     -0.28332600     -0.84167900     -0.50823300     -0.18241200     -0.29848100      0.15638700      0.94151500     -0.00006900     -0.00024000     -0.00008500     -0.00001000      0.00000700     -0.00000200     -0.65269100
     0.09374400      0.04877000      0.43601500     -0.54734300      0.79519900     -0.26099400     -0.82010100     -0.57175700     -0.02236500     -0.16633600      0.20080700      0.96542000      0.00028500      0.00797400     -0.01057300      0.03496300     -0.01672100      0.01642200     -0.58796500     -0.13253500      0.01835800      0.36264000      0.44276700      0.83299200      0.33177200     -0.66173600      0.55333900     -0.50582100     -0.60545700      0.00335100      0.79578500      0.00775700      0.04088000     -0.02111000      0.04461600      0.11882200      0.21401900     -1.11012200      0.02863200      0.03275800      0.00070100     -0.34668300     -0.86056400      0.37314700      0.64608100     -0.50748500     -0.57011900      0.67999100      0.04343300      0.73193100     -0.00332400      0.02559200     -0.01443400     -0.00802600      0.20209600      0.27602200     -0.92467600      0.08352500      0.04798000     -0.02200000     -0.44959800      0.84703600     -0.28353200     -0.84168800     -0.50801200     -0.18298800     -0.29903500      0.15637500      0.94134100     -0.00002300     -0.00008700     -0.00003200      0.00000700     -0.00000800      0.00000100     -0.65220200
     0.09413400      0.04940700      0.43506200     -0.56103100      0.78208800     -0.27134400     -0.80943000     -0.58690900     -0.01825000     -0.17283600      0.20841900      0.96266100      0.02356700      0.02840300     -0.04494700     -0.07515900     -0.39549200      0.00422600     -0.47327600     -0.13225000      0.02150300      0.36067500      0.45104600      0.81583800      0.36188100     -0.67850000      0.57693300     -0.45466500     -0.58025400     -0.04150400      0.81329300      0.01046900      0.11802900     -0.08080000     -2.92756100      0.46100200      1.13548200     -1.10039800      0.02877500      0.03432400     -0.00026300     -0.35379800     -0.84463600      0.40176500      0.66734700     -0.52892500     -0.52429400      0.65534200      0.08262300      0.75079900      0.00516900      0.05965700     -0.03999300     -0.96064000      1.07923700      0.91468800     -0.92173600      0.08371100      0.04828600     -0.02245100     -0.46239300      0.83577800     -0.29608400     -0.83273800     -0.52402700     -0.17872500     -0.30453100      0.16391900      0.93829100      0.01176300      0.01408000     -0.02252300     -0.19448000     -0.60158800     -0.20789700     -0.61807400
     0.09464400      0.05014800      0.43386700     -0.58262800      0.76027300     -0.28736000     -0.79046900     -0.61223600     -0.01729400     -0.18836100      0.21612300      0.95803900      0.03605400      0.05912600     -0.08814800     -0.04079500     -0.70313100     -0.69680600     -0.45127400     -0.13224300      0.02412500      0.35868100      0.44777300      0.80307600      0.39314100     -0.68467600      0.59080400     -0.42673500     -0.57550700     -0.07911900      0.81387700     -0.00714100      0.15161700     -0.11968800     -0.38666900      1.91182600      0.67875100     -1.09969600      0.02877900      0.03569500     -0.00128000     -0.34885600     -0.83020700      0.43480400      0.67870400     -0.54374100     -0.49366600      0.64626600      0.12288500      0.75315200     -0.00349500      0.07539700     -0.06014200     -0.42040900      2.06617900      0.77555900     -0.91618500      0.08396700      0.04866200     -0.02304600     -0.48233800      0.81686100     -0.31636600     -0.81596100     -0.55035000     -0.17697800     -0.31867900      0.17277900      0.93198200      0.01762900      0.02458600     -0.03917800      0.06508300     -0.93437600     -1.95903900     -0.57757800
     0.09649400      0.05374600      0.42872000     -0.63134800      0.68755800     -0.35875900     -0.73235500     -0.68071600     -0.01592700     -0.25438400      0.25182400      0.93375600      0.05040900      0.12486600     -0.17084900      1.33792700     -3.57506200      0.05325800     -0.52556700     -0.13307800      0.03082300      0.35249300      0.43090400      0.76639400      0.47639600     -0.69354800      0.61906600     -0.36835100     -0.57773800     -0.17265600      0.79766700     -0.03938900      0.19898500     -0.19341300     -0.20820800      2.96242000      0.84251000     -1.08376600      0.02837100      0.03899700     -0.00428200     -0.32759200     -0.79334400      0.51311500      0.69544100     -0.57009100     -0.43744300      0.63956500      0.21353900      0.73848200     -0.01882000      0.09321500     -0.09315000     -0.33771600      2.63283800      0.95903700     -0.91389900      0.08488800      0.05044400     -0.02558500     -0.52619300      0.75243800     -0.39617700     -0.76301500     -0.62344400     -0.17065700     -0.37540300      0.21249100      0.90217400      0.03100500      0.06542900     -0.09140100     -0.48534200     -1.80432400     -0.42691000     -0.56810700
     0.09890400      0.05921600      0.42003400     -0.64839300      0.60958200     -0.45611500     -0.68810500     -0.72554200      0.00840300     -0.32500800      0.31854100      0.89046500      0.05521200      0.14986800     -0.25200000     -0.90116400     -2.70840300     -0.65172900     -0.68487800     -0.13474900      0.03861100      0.34410400      0.43827100      0.70945400      0.55189200     -0.69726100      0.65585000     -0.28917200     -0.56763700     -0.25898000      0.78139600     -0.05303900      0.20664500     -0.23077400     -2.28561100      1.00693100      2.61091100     -0.68836400      0.02751800      0.04297300     -0.00854400     -0.32961700     -0.73556300      0.59186000      0.70935500     -0.60664300     -0.35888400      0.62303000      0.30154500      0.72173600     -0.02625200      0.10174400     -0.11645700     -2.25651700      1.00106700      2.57554000     -0.74995500      0.08610400      0.05322000     -0.02987900     -0.53242600      0.68198200     -0.50141900     -0.72529100     -0.67296400     -0.14516100     -0.43643500      0.28638700      0.85293900      0.03281900      0.07223000     -0.12740600     -0.95521700     -2.79241900     -0.67966400     -0.66395800
     0.10023200      0.06209800      0.41460000     -0.65341400      0.56716100     -0.50142100     -0.67029200     -0.74125600      0.03492700     -0.35106500      0.35821000      0.86513900      0.07377700      0.14710900     -0.27859100     -0.83999100     -2.99404000     -0.34747200     -0.71046500     -0.13575000      0.04251600      0.33949900      0.45731100      0.67197700      0.58250000     -0.69133400      0.68066100     -0.24226500     -0.55983000     -0.29276500      0.77507500     -0.06411100      0.19514900     -0.23591200     -0.03897600      1.99814700      1.80189700     -0.49832400      0.02704100      0.04485200     -0.01075700     -0.34847700     -0.70021400      0.62310600      0.71072500     -0.63080100     -0.31138200      0.61109100      0.33434800      0.71748000     -0.02553300      0.09686800     -0.11900800     -0.49800400      1.42243500      2.18263500     -0.65394000      0.08673800      0.05461100     -0.03247900     -0.53420500      0.64345400     -0.54826100     -0.71262000     -0.69165700     -0.11739700     -0.45474900      0.32798800      0.82802600      0.03649500      0.07141500     -0.14018800     -0.76230100     -2.81072700     -0.34026700     -0.70576100
     0.10289200      0.06749900      0.40366300     -0.65588800      0.50306100     -0.56283700     -0.66139300     -0.74232700      0.10715600     -0.36309300      0.44190900      0.82030900      0.06935800      0.13011600     -0.28111600     -0.61669800     -2.68532800     -0.58981900     -0.70479700     -0.13818100      0.04890200      0.33027800      0.43077700      0.64365600      0.63255900     -0.73719400      0.65528500     -0.16456500     -0.52094500     -0.39624200      0.75595800     -0.06868900      0.13371200     -0.22942200     -3.59683300      2.06290600     -2.61275400     -0.29259000      0.02582700      0.04807300     -0.01536600     -0.32240700     -0.66635700      0.67232600      0.75854000     -0.60675600     -0.23761900      0.56627700      0.43337600      0.70108100     -0.03335700      0.06000800     -0.11172000     -0.97561100      1.41346800      0.85704700     -0.51089700      0.08808800      0.05735500     -0.03805700     -0.53036000      0.58232100     -0.61613200     -0.71537800     -0.69739200     -0.04333200     -0.45491900      0.41778600      0.78644900      0.03492300      0.06857100     -0.14577200     -0.49343900     -2.63583600     -0.49843200     -0.73580600
     0.10538400      0.07215300      0.39251600     -0.65140900      0.42839200     -0.62625200     -0.64590900     -0.74614600      0.16136500     -0.39734400      0.50908000      0.76353200      0.06394900      0.09447600     -0.26650000     -0.25079600     -2.98677600     -0.67482000     -0.52865500     -0.14062100      0.05256900      0.32164400      0.40277600      0.62778500      0.66606900     -0.77825500      0.61789900     -0.11159600     -0.48210200     -0.47421500      0.73658700     -0.05987000      0.06160600     -0.20431700     -1.07250700      0.62615600      0.76728700     -0.15310900      0.02462900      0.04989800     -0.01963000     -0.29054200     -0.65028400      0.70193600      0.80277400     -0.56485900     -0.19101400      0.52070900      0.50799900      0.68614700     -0.02351400      0.03105300     -0.10243700     -0.98964300      0.55773500      0.85755000     -0.42141400      0.08930900      0.05965000     -0.04353800     -0.52281400      0.51377100     -0.68022200     -0.70898200     -0.70511800      0.01234300     -0.47329600      0.48871900      0.73290100      0.02683700      0.05218500     -0.13751100     -0.47493900     -2.21257000     -1.02847500     -0.67718500
     0.10645700      0.07364900      0.38764800     -0.64326900      0.40063600     -0.65248800     -0.64583700     -0.74162700      0.18126200     -0.41048800      0.53749900      0.73662800      0.04972700      0.06933800     -0.24985800     -0.59787900     -2.14540500     -1.13528500     -0.44424500     -0.14168000      0.05338900      0.31799100      0.38706600      0.62966300      0.67357000     -0.80252700      0.58973900     -0.08995600     -0.45433300     -0.50653100      0.73271500     -0.05577600      0.02659200     -0.18416600     -4.52282500      0.34284000     -2.30248800     -0.09219700      0.02407800      0.05032400     -0.02155000     -0.27443400     -0.65000900      0.70864200      0.82650500     -0.53611100     -0.17167500      0.49150100      0.53858300      0.68436300     -0.02764300      0.01222300     -0.09279700     -2.87158200     -1.20565200      1.79497100     -0.34956600      0.08987300      0.06043800     -0.04608000     -0.50985900      0.48558900     -0.71010200     -0.71172400     -0.70176800      0.03113400     -0.48320900      0.52127100      0.70340900      0.03019800      0.03231700     -0.12619800     -0.52725200     -2.05398600     -1.03941800     -0.60844000
     0.10841600      0.07481900      0.37869900     -0.60792700      0.35837900     -0.70854400     -0.66196700     -0.72151400      0.20295100     -0.43774100      0.59196300      0.67674900      0.04234800     -0.00352800     -0.20414300     -0.34626100     -1.96986500      0.29527000     -0.37278500     -0.14350500      0.05358800      0.31169000      0.33179000      0.65887100      0.67512600     -0.87115800      0.48853600     -0.04847400     -0.36215400     -0.57288400      0.73519500     -0.03823100     -0.01639700     -0.14098200     -5.03118200      0.52888500     -4.08807400      0.01652100      0.02315000      0.05040000     -0.02479500     -0.21616200     -0.67641400      0.70408600      0.89385300     -0.42722900     -0.13601600      0.39281000      0.59994800      0.69696500     -0.01895100     -0.00805900     -0.07025400     -5.07673900      0.61859500     -4.04781500     -0.23052700      0.09086700      0.06103300     -0.05065500     -0.46886300      0.44135800     -0.76509400     -0.72960800     -0.68174100      0.05384200     -0.49783400      0.58346300      0.64166200      0.02111800     -0.00258400     -0.10244500     -0.27964100     -1.95741600      0.38423100     -0.51683400
     0.10934500      0.07351800      0.37162400     -0.55860700      0.34273400     -0.75533900     -0.69969400     -0.68373500      0.20714100     -0.44476900      0.64378800      0.62269200      0.00467800     -0.05858200     -0.15203400     -1.09839900     -1.19400400      1.52347100     -0.36278400     -0.14523700      0.05177800      0.30716400      0.25111000      0.68453000      0.68436400     -0.93927400      0.34306700      0.00166000     -0.23394000     -0.64407400      0.72821900     -0.04474000     -0.07503300     -0.09134200     -1.99279300      0.60908800     -0.26942000      0.15405300      0.02231500      0.04954100     -0.02699800     -0.13532100     -0.69683200      0.70435200      0.95496500     -0.28119100     -0.09471900      0.26406100      0.65981400      0.70350200     -0.02298200     -0.03109400     -0.04848500     -4.67784000      0.73005600     -3.32097800     -0.07605500      0.09132300      0.06040500     -0.05408900     -0.41887300      0.42281900     -0.80359700     -0.76135100     -0.64582400      0.05704700     -0.49486200      0.63571600      0.59243200      0.00247600     -0.02924300     -0.07591800     -0.41693400     -1.27984200     -0.11672600     -0.48989100
     0.10883300      0.07084300      0.36672800     -0.49251000      0.35523700     -0.79453500     -0.74971300     -0.63680600      0.17994300     -0.44143700      0.68385300      0.58095200     -0.03007400     -0.09068700     -0.10260900     -0.41893700     -2.27198500      3.43703700     -0.28400100     -0.14669600      0.04821300      0.30438300      0.13079300      0.70027700      0.70178100     -0.99020800      0.12649600      0.05848700     -0.04796200     -0.70342600      0.70905300     -0.03999900     -0.12408800     -0.05095500     -5.78573100      0.92873200     -4.80891800      0.21862900      0.02155700      0.04770200     -0.02845600     -0.01139200     -0.70327300      0.71082800      0.99757200     -0.05682400     -0.04023200      0.06868600      0.70864500      0.70221300     -0.02000200     -0.06174800     -0.02499100     -5.76426200      1.04709200     -4.83869200      0.06568200      0.09107700      0.05903400     -0.05662500     -0.34551500      0.43525400     -0.83136700     -0.80634700     -0.59088000      0.02576700     -0.48002300      0.67927400      0.55512400     -0.01442200     -0.03968200     -0.05518800     -4.49304200      0.34521000      3.72832300     -0.45282400
     0.10816900      0.06914800      0.36483500     -0.46106500      0.36556300     -0.80859600     -0.76869600     -0.61975400      0.15806000     -0.44278400      0.69398400      0.56776400     -0.04052500     -0.09073800     -0.09018000      0.09955300     -0.50863600      0.72583600     -0.21942800     -0.14724400      0.04587900      0.30348100      0.07421800      0.69672000      0.71348800     -0.99659300      0.02693300      0.07752900      0.03472200     -0.71767100      0.69541800     -0.01259400     -0.13858200     -0.03294200     -2.26213600      0.76620700     -0.49676200      0.22211700      0.02128800      0.04658500     -0.02889700      0.04727900     -0.69649300      0.71600300      0.99877400      0.04345400     -0.02368100     -0.01462000      0.71624500      0.69769400     -0.01344600     -0.06393800     -0.01951400     -5.38464300      0.43042800     -4.62074300      0.09197100      0.09074700      0.05818200     -0.05757900     -0.30834600      0.44503900     -0.84075000     -0.82196000     -0.56954400     -0.00002600     -0.47885700      0.69105500      0.54142100     -0.02010900     -0.04514400     -0.04493200      0.10895000     -0.55082900      0.88387200     -0.42016600
     0.10598100      0.06526100      0.36217100     -0.41203600      0.37293400     -0.83137900     -0.78886900     -0.60258900      0.12059900     -0.45549900      0.70507500      0.54352200     -0.06347600     -0.10997600     -0.04673900     -0.03320800     -0.64947900      0.98690700     -0.14112700     -0.14793300      0.04040500      0.30257300      0.01093300      0.67394800      0.73869200     -0.99323500     -0.07779200      0.08582900      0.11530900     -0.73546100      0.66758100     -0.01298500     -0.13933000     -0.01750700     -0.60580800      0.21494800     -0.13742800      0.22135500      0.02094400      0.04385000     -0.02935600      0.11001100     -0.66773900      0.73622000      0.98877000      0.14889800     -0.01270100     -0.10114100      0.72935100      0.67662200     -0.00584400     -0.07538500     -0.00515200     -1.22752900      0.67842700     -1.50677500      0.10944400      0.08968400      0.05627700     -0.05891600     -0.25729800      0.45033600     -0.85498100     -0.83462700     -0.54948400     -0.03825200     -0.48702600      0.70374900      0.51724400     -0.03667000     -0.04748400     -0.02608700      0.00462300     -0.65155500      0.96829900     -0.34652200
     0.10285200      0.06129600      0.36096300     -0.37798400      0.37695900     -0.84562100     -0.80225600     -0.58920700      0.09588200     -0.46163900      0.71417600      0.52618300     -0.08476600     -0.10600200     -0.01722200     -0.10469600     -0.39296600      0.61440900     -0.10141500     -0.14855600      0.03445000      0.30277500     -0.05341500      0.64757900      0.76011800     -0.98265800     -0.16925700      0.07529600      0.17749600     -0.74370700      0.64440500     -0.02473200     -0.15576000      0.02161200     -0.72962400      0.19566700     -0.68146600      0.21146600      0.02063800      0.04092000     -0.02928700      0.17331600     -0.63769000      0.75054100      0.97115800      0.23736000     -0.02259100     -0.16374300      0.73281000      0.66043600     -0.01311400     -0.07131600      0.00801500     -4.53693700     -0.10631300     -4.10785600      0.10650400      0.08813900      0.05428400     -0.05954300     -0.22073400      0.45270000     -0.86390800     -0.84323500     -0.53369400     -0.06421200     -0.49013300      0.71430400      0.49953800     -0.04203900     -0.05198100     -0.00796000     -0.10026600     -0.50139100      0.77901600     -0.30341300
     0.09892000      0.05770600      0.36056700     -0.35070400      0.38068500     -0.85564600     -0.81792500     -0.56945100      0.08182700     -0.45567000      0.72807700      0.51214900     -0.10619400     -0.08672500     -0.00676200     -0.12325300     -0.19441500      0.22531000     -0.07387500     -0.14879600      0.02920900      0.30407800     -0.11707000      0.63169800      0.76631900     -0.96206200     -0.26347400      0.07036500      0.24651200     -0.72978100      0.63758500     -0.00039700     -0.12803300      0.04468000     -4.56681000     -0.31714200     -3.84697200      0.22408900      0.02051000      0.03822800     -0.02864700      0.23395400     -0.61816900      0.75042100      0.94491800      0.32628600     -0.02580900     -0.22889700      0.71512500      0.66045500     -0.00028700     -0.06310600      0.02316500     -0.42674100      0.17883300     -0.55829100      0.10193200      0.08618800      0.05248900     -0.05974600     -0.19168700      0.45474800     -0.86974600     -0.85531300     -0.51202000     -0.07920500     -0.48134600      0.72872300      0.48710000     -0.05941900     -0.04732900      0.00173000     -0.15372600     -0.25916500      0.35460400     -0.27712300
