     0.07738700      0.01391100      0.36298300     -0.48487300      0.05116200     -0.87311300     -0.58547800     -0.76059400      0.28050900     -0.64913600      0.64713200      0.39983600     -0.00044900     -0.00859600      0.01031800     -0.03369400      0.00522200      0.00991700      0.35496900     -0.14616900      0.03421700      0.33693700      0.72498700     -0.23601200      0.64705800      0.08483800      0.96283000      0.25631000     -0.68439700     -0.13064000      0.71721500     -0.00106000      0.01921900      0.04647000     -0.23323200      0.01048800      0.58026700      0.43725500      0.02094400      0.03503500     -0.01310300     -0.70036000      0.18450900      0.68952900     -0.04765700     -0.97594400      0.21274300      0.71219600      0.11613600      0.69230600     -0.00059900      0.01005900      0.02357500     -0.33867600      0.12603000      0.68294600      0.37005500      0.07588600      0.03147200     -0.05968000     -0.44966800      0.03661600     -0.89244400     -0.46758900     -0.86095800      0.20027600     -0.76102400      0.50735500      0.40426700     -0.00051700     -0.00511600      0.00453600     -0.03432000      0.01911500     -0.01532300      0.28443300
     0.07740900      0.01382300      0.36305600     -0.48497100      0.05120400     -0.87305600     -0.58563900     -0.76041400      0.28065700     -0.64891700      0.64733900      0.39985700      0.00004500      0.00013000      0.00009900     -0.00000000     -0.00000000     -0.00000000      0.35735000     -0.14623900      0.03440800      0.33789300      0.72621700     -0.24033400      0.64408100      0.08827900      0.96167000      0.25948100     -0.68265500     -0.13128900      0.71875500      0.00055200      0.00417200      0.05132100     -0.07666400     -0.24957700      0.37404700      0.46081400      0.02090700      0.03514300     -0.01262100     -0.70127900      0.18964100      0.68719900     -0.05103900     -0.97485000      0.21693700      0.71105700      0.11705900      0.69332100     -0.00039000      0.00768400      0.02172800     -0.03615900     -0.17870200      0.21300700      0.40222400      0.07589800      0.03142600     -0.05963900     -0.44977400      0.03664800     -0.89238900     -0.46780700     -0.86080300      0.20042900     -0.76082700      0.50761400      0.40431100     -0.00003700     -0.00008100     -0.00006000     -0.00006600      0.00001800      0.00002600      0.28590300
     0.07743800      0.01377000      0.36305500     -0.48547800      0.05668100     -0.87243500     -0.59015400     -0.75748200      0.27912600     -0.64443600      0.65030700      0.40228100     -0.00023700     -0.00068300     -0.00052000      0.09039900      0.21704100      0.11744000      0.36586600     -0.14645700      0.03440700      0.33973200      0.72179300     -0.24474000      0.64738600      0.08880100      0.96033200      0.26421700     -0.68726400     -0.13292500      0.71404600     -0.01143800     -0.00558000      0.04513400     -0.33106500      0.29179100      0.19872700      0.48739900      0.02080200      0.03515600     -0.01171000     -0.69833100      0.19253400      0.68939400     -0.05156100     -0.97417200      0.21983700      0.71391500      0.11797400      0.69022200     -0.00574300     -0.00288000      0.02251000     -0.41542100      0.39376500      0.27745000      0.45121100      0.07591100      0.03139300     -0.05963800     -0.45074000      0.04104100     -0.89171000     -0.47275000     -0.85832500      0.19946000     -0.75719200      0.51146100      0.40628400     -0.00019900     -0.00057100     -0.00043400      0.17030400      0.42445600      0.23142600      0.29308800
     0.07746100      0.01378600      0.36296700     -0.48539600      0.05666000     -0.87248200     -0.59004300     -0.75761300      0.27900400     -0.64459800      0.65015600      0.40226400     -0.00036200     -0.00104100     -0.00079300      0.00002300      0.00005400      0.00002900      0.37478100     -0.14669800      0.03409700      0.34121400      0.71771700     -0.24664200      0.65118500      0.08572700      0.95927500      0.26902600     -0.69190700     -0.13696100      0.70878000      0.00081900     -0.00227100      0.03028900     -0.38428500      0.40189500      0.30541100      0.49940600      0.02067700      0.03500100     -0.01094400     -0.69435200      0.19427900      0.69291300     -0.04825200     -0.97327000      0.22453300      0.71801500      0.12247100      0.68516700     -0.00530800     -0.00777500      0.01893000     -0.09585800     -0.00734300     -0.04485000      0.47913300      0.07592200      0.03140400     -0.05968700     -0.45110000      0.04195000     -0.89148600     -0.47254400     -0.85861300      0.19870800     -0.75710600      0.51090400      0.40714400     -0.00019500     -0.00056200     -0.00042900     -0.00113900     -0.00277000     -0.00147700      0.30566100
     0.07752900      0.01379600      0.36291300     -0.48521100      0.05670900     -0.87258200     -0.59004200     -0.75768900      0.27879800     -0.64473900      0.65006300      0.40218900     -0.00000300     -0.00001000     -0.00000800      0.00000000      0.00000000      0.00000000      0.37011500     -0.14669500      0.03379200      0.34238800      0.71767800     -0.24604700      0.65145200      0.08313100      0.95900400      0.27080100     -0.69226400     -0.13989400      0.70785800      0.00118200     -0.00652500      0.02719600     -0.06908900     -0.01277800      0.01068000      0.50183600      0.02067900      0.03484500     -0.01036100     -0.69288900      0.19521800      0.69411400     -0.04547000     -0.97256500      0.22814200      0.71960900      0.12651600      0.68275600      0.00698000     -0.00328100      0.01301900     -0.06471600     -0.03211700      0.03662700      0.49007400      0.07595500      0.03140700     -0.05971500     -0.45090800      0.04200900     -0.89158000     -0.47252100     -0.85867000      0.19851500     -0.75723500      0.51080300      0.40703100      0.00000800      0.00002200      0.00001600      0.00005900     -0.00008000     -0.00005700      0.30745700
     0.07754900      0.01378300      0.36292900     -0.48518400      0.05673700     -0.87259500     -0.59009400     -0.75765500      0.27878300     -0.64471200      0.65010100      0.40217200      0.00033800      0.00097500      0.00074300      0.00000000      0.00000000      0.00000000      0.36705400     -0.14662600      0.03366600      0.34283000      0.71630000     -0.24425900      0.65363800      0.08147100      0.95952400      0.26946100     -0.69388600     -0.13946600      0.70635300      0.00027200      0.00046100      0.01624200     -0.04819700      0.10065400     -0.16171000      0.50179900      0.02071300      0.03478100     -0.01012800     -0.69138800      0.19332500      0.69613700     -0.04380600     -0.97297800      0.22669900      0.72115300      0.12624200      0.68117500      0.00014900     -0.00012800      0.00786400     -0.04963700      0.09804800     -0.16127900      0.49236000      0.07596500      0.03139800     -0.05970900     -0.45088600      0.04204000     -0.89159000     -0.47257500     -0.85864400      0.19849900     -0.75721400      0.51084400      0.40701800     -0.00034200     -0.00463800      0.00490000     -0.03417600      0.01905400     -0.01537900      0.30582400
     0.07755900      0.01376300      0.36295200     -0.48519400      0.05675600     -0.87258800     -0.59014600     -0.75760500      0.27880800     -0.64465700      0.65015700      0.40217000      0.00003500      0.00010000      0.00007600      0.00000000      0.00000000      0.00000000      0.36384800     -0.14650100      0.03349800      0.34346600      0.71354400     -0.24080500      0.65792000      0.07874400      0.96061500      0.26636800     -0.69703400     -0.13796500      0.70354200      0.01333000     -0.00244400      0.01303500     -0.04613100      0.08516700     -0.13264600      0.50170000      0.02077000      0.03469500     -0.00981700     -0.68840100      0.18981600      0.70005200     -0.04125400     -0.97383400      0.22348200      0.72415500      0.12496600      0.67821900      0.00033600     -0.00225900      0.00634300     -0.03798300      0.00723700     -0.01815000      0.49268600      0.07597100      0.03139100     -0.05969500     -0.45089900      0.04205600     -0.89158300     -0.47263400     -0.85860600      0.19852400     -0.75717000      0.51090700      0.40702200      0.00001400      0.00004900      0.00003800      0.00004900     -0.00001500     -0.00000900      0.30108900
     0.07751200      0.01376400      0.36298900     -0.48530800      0.05672500     -0.87252700     -0.59014500     -0.75755900      0.27893300     -0.64457200      0.65021300      0.40221500      0.00020800      0.00060000      0.00045700      0.00000000      0.00000000      0.00000000      0.36551900     -0.14642500      0.03355600      0.34376200      0.71087100     -0.24143100      0.66057900      0.07810900      0.96045100      0.26714700     -0.69983000     -0.13801700      0.70075100      0.00077200     -0.00539700      0.01206100     -0.10662200      0.08914700      0.07226000      0.49983600      0.02081400      0.03472000     -0.00967200     -0.68562000      0.19023100      0.70266400     -0.04042200     -0.97371100      0.22417000      0.72683600      0.12529300      0.67528500     -0.00022100      0.00250200      0.00177000     -0.09420800      0.12270900      0.08540100      0.49105400      0.07594700      0.03139100     -0.05967700     -0.45100900      0.04200200     -0.89153000     -0.47264500     -0.85857000      0.19865300     -0.75709800      0.51097100      0.40707500      0.00013400      0.00039300      0.00029900      0.00002700     -0.00001200     -0.00002600      0.30059900
     0.07749200      0.01375200      0.36301700     -0.48525500      0.05676700     -0.87255400     -0.59022800     -0.75750600      0.27890200     -0.64453600      0.65027100      0.40217900      0.00005100      0.00014600      0.00011100      0.00000000      0.00000000      0.00000000      0.36484100     -0.14641600      0.03367300      0.34383200      0.71094200     -0.24161100      0.66043700      0.07828500      0.96040700      0.26725300     -0.69973900     -0.13800600      0.70084400     -0.00049400      0.00573600      0.00405600      0.00092500     -0.01406500      0.02521500      0.49931400      0.02081900      0.03477300     -0.00963600     -0.68559400      0.19053800      0.70260600     -0.04060200     -0.97364500      0.22442100      0.72685000      0.12533400      0.67526200     -0.00021800      0.00247000      0.00174500      0.00855500     -0.00981700     -0.00616100      0.49007400      0.07593700      0.03138600     -0.05966200     -0.45096200      0.04205400     -0.89155100     -0.47273300     -0.85852900      0.19862000     -0.75707000      0.51103600      0.40704400     -0.00054400     -0.00521900      0.00445800     -0.03421200      0.01907000     -0.01535400      0.30059900
     0.07749200      0.01373400      0.36304200     -0.48528500      0.05677600     -0.87253600     -0.59027000     -0.75745700      0.27894600     -0.64447500      0.65032700      0.40218600      0.00000100      0.00000300      0.00000200      0.00000000      0.00000000      0.00000000      0.36012000     -0.14636300      0.03394800      0.34400700      0.70940300     -0.24336600      0.66144700      0.07830700      0.95982300      0.26933600     -0.70129700     -0.13897700      0.69909400     -0.00068400      0.00791900      0.00558700     -0.00257400     -0.00943200      0.02846100      0.49889100      0.02084100      0.03490000     -0.00955400     -0.68397700      0.19230700      0.70369800     -0.04048100     -0.97314600      0.22659500      0.72837800      0.12650000      0.67339500     -0.00032000      0.00367100      0.00258900      0.01372500     -0.02750000      0.01736000      0.48827800      0.07593700      0.03137700     -0.05965000     -0.45099400      0.04205700     -0.89153400     -0.47278300     -0.85849100      0.19866500     -0.75702000      0.51110000      0.40705800     -0.00000400     -0.00001200     -0.00001000      0.00001900      0.00000300     -0.00001400      0.29847600
     0.07745900      0.01370000      0.36309100     -0.48542400      0.05675800     -0.87246000     -0.59031400     -0.75736200      0.27911100     -0.64433000      0.65043900      0.40223700     -0.01305700      0.00308200      0.00198000     -0.00098400      0.01471500     -0.02955300      0.35915000     -0.14614300      0.03438800      0.34430600      0.70822000     -0.24604800      0.66172200      0.07909400      0.95897800      0.27209900     -0.70240300     -0.14006900      0.69776300      0.01143600      0.01534700      0.00966800      0.00535800     -0.04527100      0.07831900      0.49878600      0.02094800      0.03510800     -0.00941300     -0.68291100      0.19490000      0.70402000     -0.04115400     -0.97248500      0.22930000      0.72934000      0.12761800      0.67214200     -0.00062600      0.00714800      0.00502000      0.01216300     -0.04018600      0.04262300      0.48778800      0.07592600      0.03135900     -0.05962600     -0.45111300      0.04202500     -0.89147600     -0.47285700     -0.85841600      0.19881300     -0.75690300      0.51122800      0.40711400      0.00000700      0.00001700      0.00001100      0.00000900      0.00000800     -0.00002300      0.29472000
     0.07740400      0.01367600      0.36318500     -0.48560000      0.05674400     -0.87236300     -0.59039600     -0.75721900      0.27932900     -0.64412200      0.65060800      0.40229600     -0.00091600     -0.00994200      0.00929700     -0.03423600      0.01908400     -0.01534400      0.36260700     -0.14587300      0.03493600      0.34480400      0.70541900     -0.25025900      0.66313300      0.07946200      0.95754100      0.27701000     -0.70517400     -0.14241000      0.69448700     -0.00156600      0.01773300      0.01239300     -0.04080800      0.02806700      0.08979600      0.50469000      0.02109200      0.03538900     -0.00916000     -0.68010200      0.19923300      0.70552500     -0.04131100     -0.97125000      0.23444700      0.73195200      0.13030200      0.66878000      0.00617000      0.00395400      0.01009500     -0.06705500      0.01470800      0.09658500      0.49089000      0.07589400      0.03135100     -0.05958200     -0.45129100      0.04196600     -0.89138900     -0.47294600     -0.85831600      0.19903400     -0.75674100      0.51140200      0.40719700      0.00014500      0.00041900      0.00031900      0.00001400      0.00000400     -0.00000100      0.29602700
     0.07737900      0.01367900      0.36322500     -0.48565500      0.05674000     -0.87233300     -0.59042400     -0.75717000      0.27939800     -0.64405400      0.65066500      0.40231400      0.00040000      0.00115100      0.00087600      0.00000000      0.00000000      0.00000000      0.36510300     -0.14580900      0.03520700      0.34509200      0.70234400     -0.25375800      0.66506500      0.07924400      0.95628900      0.28136200     -0.70826000     -0.14460200      0.69088400     -0.00030900      0.00677300      0.02047600     -0.38293800      0.52808100      0.17267800      0.50776000      0.02112300      0.03553100     -0.00901700     -0.67857300      0.20127700      0.70641600     -0.04121900     -0.97064200      0.23696800      0.73337400      0.13168300      0.66694800     -0.00081100      0.00906700      0.00631400      0.00494400     -0.02596800      0.05456000      0.49529900      0.07588000      0.03134800     -0.05956000     -0.45136200      0.04194800     -0.89135400     -0.47299900     -0.85826500      0.19912600     -0.75666600      0.51148800      0.40722900      0.00025400      0.00073200      0.00055700      0.00000500     -0.00001000     -0.00000300      0.29749600
     0.07736000      0.01366700      0.36325200     -0.48560300      0.05678200     -0.87235900     -0.59050700     -0.75711700      0.27936700     -0.64401800      0.65072200      0.40227800      0.00000100      0.00000400      0.00000300      0.00000000      0.00000000      0.00000000      0.36634500     -0.14585400      0.03566400      0.34571700      0.69801400     -0.25959000      0.66736900      0.07916400      0.95416100      0.28851900     -0.71253700     -0.14824200      0.68569600     -0.00030700      0.00673900      0.02037700     -0.10154400      0.06877100      0.09295800      0.51099100      0.02110000      0.03576300     -0.00870300     -0.67261900      0.20871800      0.70994300     -0.04056000     -0.96835400      0.24626000      0.73887500      0.13684400      0.65980000     -0.00710500      0.00830300      0.00630100     -0.04775400      0.05679100      0.07278600      0.50166700      0.07587100      0.03134400     -0.05954400     -0.45131500      0.04199900     -0.89137500     -0.47308800     -0.85822400      0.19909400     -0.75663800      0.51155300      0.40719900     -0.00000800     -0.00002400     -0.00001900      0.00001400      0.00001400      0.00001100      0.30027200
     0.07739300      0.01364500      0.36322400     -0.48555900      0.05679700     -0.87238300     -0.59051100     -0.75713300      0.27931800     -0.64404800      0.65070300      0.40226200     -0.00006100     -0.00017600     -0.00013400      0.00000000      0.00000000      0.00000000      0.36722200     -0.14601600      0.03606100      0.34642600      0.69376500     -0.26555900      0.66944800      0.07896700      0.95190200      0.29594000     -0.71669500     -0.15212400      0.68049200     -0.01295200      0.00622000      0.02103600     -0.06937500      0.03894000      0.03215600      0.51640900      0.02102400      0.03596200     -0.00834800     -0.66842200      0.21476700      0.71210000     -0.04013800     -0.96642500      0.25379300      0.74269800      0.14105800      0.65460000     -0.00019500      0.00374200      0.01041000     -0.03702900     -0.00822900      0.04212200      0.50689300      0.07588700      0.03133200     -0.05955900     -0.45127400      0.04202300     -0.89139400     -0.47308600     -0.85823600      0.19904400     -0.75666300      0.51153000      0.40718000      0.00054100      0.00520600     -0.00447000      0.03423600     -0.01907500      0.01533800      0.30157900
     0.07743000      0.01363700      0.36320700     -0.48548000      0.05682700     -0.87242400     -0.59053200     -0.75714600      0.27923600     -0.64408800      0.65068500      0.40222800     -0.00001900     -0.00005500     -0.00004200      0.00000000      0.00000000      0.00000000      0.36787000     -0.14611300      0.03623600      0.34681200      0.69392700     -0.26579600      0.66918500      0.07877600      0.95174100      0.29650900     -0.71655900     -0.15271600      0.68050300     -0.01290700      0.00586400      0.02075000     -0.03500700     -0.00608800      0.00072400      0.52071500      0.02097600      0.03605100     -0.00815400     -0.66883600      0.21479800      0.71170200     -0.04003100     -0.96636500      0.25403800      0.74233100      0.14141900      0.65493800     -0.00017100      0.00348200      0.01021100     -0.02391900     -0.03188700      0.02307200      0.51162800      0.07590600      0.03132800     -0.05956800     -0.45119900      0.04206800     -0.89143000     -0.47310100     -0.85824700      0.19896000     -0.75669800      0.51150800      0.40714300      0.00057000      0.00529200     -0.00440400      0.03423800     -0.01908200      0.01534700      0.30190500
     0.07749000      0.01363200      0.36319100     -0.48534300      0.05688400     -0.87249700     -0.59058300     -0.75715800      0.27909800     -0.64414500      0.65066600      0.40216600     -0.00000000     -0.00000000     -0.00000000      0.00000000      0.00000000      0.00000000      0.36834400     -0.14623000      0.03638800      0.34752400      0.69403400     -0.26577300      0.66908300      0.07782100      0.95153600      0.29741800     -0.71656000     -0.15402500      0.68020700      0.00005300      0.00275900      0.01748800     -0.03450900     -0.00644900      0.00530400      0.52582600      0.02091200      0.03613400     -0.00779300     -0.66902500      0.21468800      0.71155700     -0.03904200     -0.96620200      0.25480900      0.74221300      0.14269300      0.65479600     -0.00000400      0.00159300      0.00889300     -0.03272200     -0.02214700      0.02910300      0.51914000      0.07593600      0.03132500     -0.05957600     -0.45107000      0.04215100     -0.89149100     -0.47314400     -0.85825600      0.19881800     -0.75674900      0.51148500      0.40707700      0.00000000      0.00000700      0.00000500     -0.00001300     -0.00001100     -0.00003500      0.30255800
     0.07749900      0.01362100      0.36319600     -0.48546200      0.05684200     -0.87243300     -0.59054200     -0.75714700      0.27921400     -0.64409200      0.65068300      0.40222400     -0.00000000     -0.00000000     -0.00000000      0.00000000      0.00000000      0.00000000      0.37078000     -0.14621600      0.03637300      0.34823900      0.69395400     -0.26533200      0.66934100      0.07629000      0.95140800      0.29822200     -0.71680200     -0.15556500      0.67960100      0.00023000      0.00073600      0.01608000     -0.03450900     -0.00644200      0.00530900      0.52639900      0.02091900      0.03612600     -0.00744200     -0.66892300      0.21422300      0.71179300     -0.03748000     -0.96607400      0.25552900      0.74238500      0.14425100      0.65425900      0.00072000     -0.00496300      0.01221700     -0.06928200     -0.01295600      0.01035100      0.51946600      0.07594100      0.03132000     -0.05957300     -0.45118400      0.04208600     -0.89143700     -0.47311100     -0.85824700      0.19893700     -0.75670200      0.51150600      0.40713900     -0.00057800     -0.00530800      0.00439300     -0.03424000      0.01905400     -0.01536400      0.30419100
     0.07746200      0.01363700      0.36320800     -0.48552500      0.05681100     -0.87240100     -0.59051000     -0.75714900      0.27927500     -0.64407400      0.65068300      0.40225200      0.00010900      0.00031300      0.00023800      0.00000000      0.00000000      0.00000000      0.37224700     -0.14607900      0.03627200      0.34893100      0.69382800     -0.26482100      0.66967300      0.07461600      0.95128200      0.29904700     -0.71709900     -0.15719500      0.67891200      0.00026900      0.00026000      0.01573500     -0.03450900     -0.00644300      0.00530900      0.52610600      0.02098700      0.03607300     -0.00709100     -0.66877500      0.21369800      0.71208900     -0.03574800     -0.96593400      0.25630300      0.74260300      0.14595400      0.65363300      0.00012000      0.00016500      0.00789100     -0.03272800     -0.02178500      0.02948200      0.51979300      0.07592200      0.03132800     -0.05956800     -0.45124200      0.04204400     -0.89141000     -0.47308200     -0.85824900      0.19900000     -0.75668500      0.51150800      0.40716800      0.00006700      0.00020500      0.00015700      0.00001000     -0.00000600      0.00000300      0.30631400
     0.07743300      0.01364400      0.36321200     -0.48524100      0.05965700     -0.87236900     -0.59495200     -0.75364100      0.27933400     -0.64019200      0.65448500      0.40228000      0.00000200      0.00000500      0.00000300     -0.43390500      0.13893700      0.20008900      0.37234500     -0.14600300      0.03622900      0.34925800      0.69377000     -0.26458700      0.66982700      0.07383400      0.95122000      0.29943700     -0.71723700     -0.15796100      0.67858800      0.00030200     -0.00013700      0.01545700     -0.03450900     -0.00644400      0.00530900      0.52599900      0.02102500      0.03605100     -0.00692800     -0.66870400      0.21345600      0.71222900     -0.03494700     -0.96586900      0.25666100      0.74270600      0.14674000      0.65334100      0.00013000      0.00004600      0.00780500     -0.04819400      0.09885300     -0.16301000      0.51995600      0.07590800      0.03133200     -0.05956500     -0.45142000      0.04482700     -0.89118400     -0.47790700     -0.85556100      0.19904300     -0.75354100      0.51575600      0.40764000     -0.00000200     -0.00000300     -0.00000200     -0.43781600      0.14353300      0.20189500      0.30713100
     0.07737500      0.01365700      0.36323300     -0.48523700      0.05966000     -0.87237100     -0.59497200     -0.75362300      0.27934100     -0.64017700      0.65450500      0.40227200      0.00000600      0.00001700      0.00001300     -0.00000000      0.00000000      0.00000000      0.37329700     -0.14582300      0.03632600      0.34976200      0.69389800     -0.26479300      0.66961300      0.07328800      0.95099400      0.30028800     -0.71716900     -0.15897200      0.67842400      0.01155700      0.01212200      0.00707300      0.00400900     -0.03044200      0.05362500      0.52602400      0.02111100      0.03609400     -0.00667300     -0.66883700      0.21363100      0.71205100     -0.03431500     -0.96567100      0.25749000      0.74261600      0.14778500      0.65320700     -0.00050400      0.00555700      0.00372900      0.00186100     -0.01528400      0.02428300      0.52011900      0.07587900      0.03133800     -0.05955500     -0.45141200      0.04490200     -0.89118400     -0.47806100     -0.85547400      0.19905000     -0.75344800      0.51589400      0.40763700     -0.00653500      0.00152500      0.00097800     -0.00086000      0.01467100     -0.02962700      0.30860000
     0.07733500      0.01365800      0.36324500     -0.48533400      0.05962200     -0.87231900     -0.59494200     -0.75361100      0.27944000     -0.64013100      0.65452400      0.40231500      0.00000000      0.00000000      0.00000000      0.00000000      0.00000000      0.00000000      0.37477000     -0.14562700      0.03659900      0.35012400      0.69397900     -0.26499800      0.66944800      0.07314400      0.95086200      0.30074100     -0.71710600     -0.15941800      0.67838600      0.00041500     -0.00147700      0.01451400     -0.03450600     -0.00647000      0.00529600      0.52569900      0.02120900      0.03623300     -0.00649600     -0.66892800      0.21383500      0.71190500     -0.03416700     -0.96556100      0.25792200      0.74254100      0.14820800      0.65319700     -0.00044100      0.00483000      0.00322900     -0.01164600      0.08981100     -0.14397800      0.52011900      0.07585900      0.03133900     -0.05954900     -0.45150500      0.04484300     -0.89114000     -0.47803200     -0.85546600      0.19915100     -0.75341100      0.51591200      0.40768300     -0.00000200     -0.00000300     -0.00000200      0.00007900     -0.00002700     -0.00002800      0.31039600
     0.07731600      0.01366200      0.36324800     -0.48537500      0.05960300     -0.87229800     -0.59492100     -0.75361200      0.27947900     -0.64012000      0.65452300      0.40233300      0.00000000      0.00000000      0.00000000      0.00000000      0.00000000      0.00000000      0.37704300     -0.14545300      0.03680600      0.35042100      0.69392400     -0.26489200      0.66954600      0.07276400      0.95083000      0.30093400     -0.71719700     -0.15978300      0.67820400      0.01193600      0.00751700      0.00395400     -0.01151400      0.08980300     -0.13909800      0.52565500      0.02129500      0.03634300     -0.00634400     -0.66893000      0.21385100      0.71189900     -0.03388200     -0.96549800      0.25819400      0.74255300      0.14859300      0.65309600     -0.00030300      0.00329400      0.00219700      0.00192300     -0.01520400      0.02432100      0.52028300      0.07584900      0.03134100     -0.05954700     -0.45154200      0.04481600     -0.89112300     -0.47801300     -0.85546800      0.19919100     -0.75340100      0.51591200      0.40770300      0.00000000     -0.00000100     -0.00000100      0.00006800      0.00000700     -0.00004900      0.31268300
     0.07732500      0.01366000      0.36324700     -0.48535400      0.05961300     -0.87230900     -0.59493100     -0.75361200      0.27945900     -0.64012600      0.65452300      0.40232400      0.00000000      0.00000000      0.00000000      0.00000000      0.00000000      0.00000000      0.37758500     -0.14539100      0.03686400      0.35052400      0.69385500     -0.26473700      0.66967900      0.07251400      0.95085000      0.30093000     -0.71728900     -0.15991700      0.67807500     -0.00047400      0.00523000      0.00348700      0.00196500     -0.01521200      0.02439500      0.52577900      0.02133100      0.03637300     -0.00628700     -0.66880800      0.21360400      0.71208700     -0.03353800     -0.96552800      0.25812900      0.74267800      0.14875700      0.65291600     -0.00022300      0.00241800      0.00160900      0.00192100     -0.01521700      0.02435400      0.52028300      0.07585400      0.03134000     -0.05954800     -0.45152300      0.04483000     -0.89113200     -0.47802200     -0.85546700      0.19917100     -0.75340600      0.51591200      0.40769300      0.00000200     -0.00000100     -0.00000200      0.00006700      0.00001500     -0.00005300      0.31415200
     0.07734400      0.01365700      0.36323200     -0.48531600      0.05962400     -0.87232900     -0.59493200     -0.75362700      0.27941600     -0.64015400      0.65450500      0.40230900     -0.00001300     -0.00003800     -0.00002900      0.00000000      0.00000000      0.00000000      0.37681600     -0.14531800      0.03690900      0.35061700      0.69363700     -0.26424800      0.67009800      0.07196800      0.95097000      0.30068400     -0.71755500     -0.16001800      0.67777000     -0.00005200      0.00057500      0.00038300     -0.00000000      0.00000000      0.00000000      0.50741200      0.02136700      0.03639800     -0.00623800     -0.66855800      0.21310200      0.71247200     -0.03299900     -0.96561900      0.25785400      0.74292700      0.14887900      0.65260500     -0.00001300      0.00012600      0.00008300     -0.00003200      0.00000000     -0.00003300      0.51473100      0.07586300      0.03133800     -0.05955500     -0.45148600      0.04484700     -0.89115000     -0.47801700     -0.85548000      0.19912800     -0.75343100      0.51588900      0.40767500     -0.00000500     -0.00001700     -0.00001300      0.00006000     -0.00000500     -0.00002400      0.31447900
     0.07735300      0.01365400      0.36323000     -0.48529600      0.05963300     -0.87234000     -0.59494200     -0.75362600      0.27939700     -0.64016000      0.65450500      0.40229900      0.00033900      0.00097400      0.00074100      0.00000000      0.00000000      0.00000000      0.37669600     -0.14527300      0.03693000      0.35061500      0.69260000     -0.25974600      0.67292500      0.07105100      0.95286500      0.29484500     -0.71864700     -0.15608100      0.67753100     -0.00013300      0.00146000      0.00097300      0.12088900     -0.17015000     -0.08400400      0.48338100      0.02139000      0.03640000     -0.00624500     -0.66693300      0.20879000      0.71526600     -0.03229800     -0.96713600      0.25219600      0.74441600      0.14509600      0.65175900      0.00000800     -0.00008300     -0.00005500      0.18538500     -0.23740800     -0.15849500      0.48860400      0.07586700      0.03133400     -0.05955800     -0.45146700      0.04486000     -0.89115900     -0.47802600     -0.85548000      0.19910700     -0.75343700      0.51588700      0.40766600      0.00023200      0.00066700      0.00050800      0.00004200      0.00000600     -0.00003300      0.31431500
     0.07734400      0.01365700      0.36323200     -0.48531600      0.05962400     -0.87232900     -0.59493200     -0.75362700      0.27941600     -0.64015400      0.65450500      0.40230900      0.00000500      0.00001400      0.00001100      0.00000000      0.00000000      0.00000000      0.37728000     -0.14519200      0.03697600      0.35062700      0.69278600     -0.26021000      0.67255400      0.07147100      0.95273600      0.29516100     -0.71842600     -0.15609800      0.67776100      0.01232600      0.00310200      0.00100500      0.00351500     -0.01714700      0.02791500      0.47427900      0.02142600      0.03642100     -0.00624000     -0.66757500      0.20885500      0.71464800     -0.03272200     -0.96715100      0.25208200      0.74382200      0.14489900      0.65248100      0.00613200      0.00189700      0.00073200     -0.00677800     -0.02012800      0.06082700      0.47537800      0.07586300      0.03133800     -0.05955500     -0.45148600      0.04484600     -0.89115000     -0.47801500     -0.85548100      0.19912800     -0.75343200      0.51588700      0.40767500      0.00000100      0.00000700      0.00000500      0.00003000     -0.00002100     -0.00002400      0.31447900
     0.07733400      0.01365900      0.36323300     -0.48533600      0.05961400     -0.87231900     -0.59492200     -0.75362800      0.27943600     -0.64014800      0.65450500      0.40231800      0.00000000      0.00000000      0.00000000      0.00000000      0.00000000      0.00000000      0.37944300     -0.14493600      0.03717000      0.35075600      0.69626300     -0.25767600      0.66993400      0.07241500      0.95371800      0.29173900     -0.71496300     -0.15429900      0.68182300     -0.00057900      0.00627500      0.00417300      0.01999200     -0.02633100     -0.01804800      0.46903000      0.02156000      0.03651300     -0.00617900     -0.67123100      0.20625800      0.71197300     -0.03384900     -0.96803300      0.24852600      0.74047400      0.14271900      0.65675600      0.00588100      0.00456300      0.00250000      0.00202800     -0.03334100      0.04944200      0.45757900      0.07585800      0.03133900     -0.05955400     -0.45150500      0.04483300     -0.89114100     -0.47800600     -0.85548200      0.19914700     -0.75342700      0.51588700      0.40768500     -0.00000100     -0.00000100     -0.00000200      0.00002300     -0.00000800     -0.00004700      0.31578500
     0.07733400      0.01365900      0.36323300     -0.48533600      0.05961400     -0.87231900     -0.59492200     -0.75362800      0.27943600     -0.64014800      0.65450500      0.40231800      0.00000000      0.00000000      0.00000000      0.00000000      0.00000000      0.00000000      0.37974200     -0.14457900      0.03751200      0.35100700      0.69669200     -0.25881100      0.66905000      0.07330100      0.95337400      0.29263900     -0.71445400     -0.15452100      0.68230600      0.01296300     -0.00119000      0.01358800     -0.04603800      0.08316300     -0.13389800      0.47434700      0.02172800      0.03668500     -0.00605800     -0.67155300      0.20766100      0.71126100     -0.03468000     -0.96768000      0.24978200      0.74014300      0.14307600      0.65705100      0.00583900      0.00486900      0.00269400      0.00325300     -0.02937200      0.05434300      0.45692600      0.07585800      0.03133900     -0.05955500     -0.45150500      0.04483300     -0.89114100     -0.47800600     -0.85548200      0.19914700     -0.75342700      0.51588700      0.40768500      0.00000000     -0.00000000     -0.00000100      0.00002100     -0.00000100     -0.00005300      0.31676500
     0.07733300      0.01365100      0.36324000     -0.48535200      0.05961500     -0.87231000     -0.59493300     -0.75361200      0.27945600     -0.64012600      0.65452300      0.40232400      0.00000000      0.00000000      0.00000000      0.00000000      0.00000000      0.00000000      0.38040400     -0.14436700      0.03767000      0.35113900      0.69685000     -0.25925500      0.66871300      0.07360800      0.95323100      0.29302800     -0.71426900     -0.15465800      0.68246900      0.01162900      0.01017100      0.00567500      0.00401500     -0.03040700      0.05364700      0.47629100      0.02183900      0.03676500     -0.00598600     -0.67168900      0.20803600      0.71102300     -0.03487900     -0.96757800      0.25015000      0.74001100      0.14322300      0.65716800      0.00581700      0.00505100      0.00280800      0.00400400     -0.03025500      0.05382900      0.45872200      0.07585700      0.03133500     -0.05955100     -0.45152200      0.04483000     -0.89113200     -0.47802000     -0.85546900      0.19916800     -0.75340800      0.51590800      0.40769300     -0.00000000      0.00000000     -0.00000100      0.00001900     -0.00000300     -0.00005200      0.31692800
     0.07732300      0.01365300      0.36324100     -0.48537300      0.05960500     -0.87229900     -0.59492200     -0.75361300      0.27947600     -0.64012000      0.65452300      0.40233300      0.00000000      0.00000000      0.00000000      0.00000000      0.00000000      0.00000000      0.37997200     -0.14388800      0.03800300      0.35137400      0.69582600     -0.25869000      0.66999800      0.07370400      0.95359600      0.29181500     -0.71525700     -0.15335500      0.68172800      0.01166700      0.00949100      0.00520800      0.00401700     -0.03040300      0.05364900      0.47169600      0.02207800      0.03693300     -0.00586700     -0.67058800      0.20744300      0.71223500     -0.03502500     -0.96788800      0.24892600      0.74100200      0.14198000      0.65632000      0.00584800      0.00457500      0.00248400      0.00396700     -0.03062000      0.05392700      0.45790600      0.07585300      0.03133600     -0.05955000     -0.45154000      0.04481700     -0.89112400     -0.47801000     -0.85547000      0.19918800     -0.75340300      0.51590800      0.40770200      0.00000000     -0.00000100      0.00000000      0.00002500      0.00000400     -0.00004500      0.31758100
     0.07732100      0.01364600      0.36323600     -0.48539000      0.05959800     -0.87229000     -0.59491300     -0.75361300      0.27949300     -0.64011500      0.65452300      0.40234200     -0.00000100     -0.00000200     -0.00000100      0.00000000      0.00000000      0.00000000      0.38014100     -0.14347900      0.03826200      0.35157700      0.69358800     -0.25689800      0.67300100      0.07342900      0.95451800      0.28885300     -0.71745500     -0.15061400      0.68002700      0.01193500      0.00652900      0.00324500      0.00204500     -0.01520500      0.02924500      0.46243500      0.02228700      0.03707100     -0.00576000     -0.66816900      0.20560200      0.71503600     -0.03489200     -0.96866000      0.24592300      0.74319000      0.13936900      0.65440300      0.00597300      0.00318300      0.00156100      0.00097600     -0.01737700      0.03129200      0.45023100      0.07585100      0.03133300     -0.05955300     -0.45155700      0.04480600     -0.89111600     -0.47800200     -0.85547100      0.19920500     -0.75339800      0.51590800      0.40771200      0.00000300      0.00000400      0.00000300      0.00002300      0.00000200     -0.00002700      0.31790800
