     0.16658800      0.00451300      0.37808200     -0.50132200      0.46504200     -0.72969700     -0.75989100     -0.63992500      0.11416400     -0.41324400      0.61114200      0.67510200     -0.02784400      0.01335700     -0.03828100     -1.53861800      0.87049800     -1.73744700      0.03845700     -0.20788300     -0.02559300      0.32777700     -0.76073200     -0.23755300      0.60402600      0.53198500     -0.76119200      0.37082700      0.37263100      0.60372800      0.70464400     -0.06165400      0.02001900     -0.03523800      0.00706200     -0.02602700      1.07019500     -1.40599300      0.02408800      0.03131600     -0.01710100      0.66564500      0.33625500      0.66621900     -0.56299700      0.81225700      0.15255000     -0.48984600     -0.47662400      0.72998600     -0.03083500      0.00970000     -0.01789500      0.14008000      0.22550600      1.37524500     -0.85446100      0.08508900      0.03978200     -0.03588600      0.57726300     -0.39718500     -0.71344900      0.66115600      0.74010900      0.12292600      0.47920600     -0.54266200      0.68983800     -0.02052800      0.01197200     -0.02344400     -0.12845700     -0.66733600     -0.16870900     -0.19629400
     0.16591500      0.00473700      0.37730400     -0.49986100      0.45178300     -0.73897000     -0.75627700     -0.64348400      0.11809000     -0.42155000      0.61732900      0.66424900     -0.02808800      0.01007700     -0.04045100     -0.14738400     -0.65306400     -0.15509900      0.04997500     -0.20913300     -0.02510800      0.32701200     -0.77787800     -0.20840300      0.59284500      0.49963800     -0.77712300      0.38259100      0.38194400      0.59407600      0.70785300     -0.06210200      0.03045600     -0.04431800      0.17009400     -0.15446600      0.78448600     -1.40625800      0.02346300      0.03154800     -0.01748700      0.68348600      0.30495800      0.66320800     -0.53234500      0.82988600      0.16702000     -0.49945400     -0.46721200      0.72955900     -0.03085100      0.00961200     -0.01802500      0.36987200     -0.11764700      1.17559400     -0.85152200      0.08475300      0.03989800     -0.03627300      0.57621900     -0.38416500     -0.72137900      0.65671300      0.74304900      0.12886100      0.48651700     -0.54799100      0.68044600     -0.02061000      0.00481200     -0.02017100     -0.24339500     -0.82015600     -0.29447700     -0.18110800
     0.16442400      0.00501500      0.37561300     -0.49544500      0.42968600     -0.75495000     -0.75219300     -0.64688200      0.12538700     -0.43387700      0.62945300      0.64464500     -0.02864800      0.00341800     -0.04494200     -0.12711800     -0.60206400     -0.16570500      0.06328600     -0.21134700     -0.02416100      0.32557200     -0.79651200     -0.18435000      0.57582600      0.46576400     -0.79418700      0.39021000      0.38636600      0.57923500      0.71768400     -0.04671100      0.02186200     -0.03436400      0.16020000     -0.24155800      0.46317000     -1.40622100      0.02234900      0.03201400     -0.01822100      0.70403500      0.27879900      0.65315000     -0.49950500      0.84816500      0.17637900     -0.50480500     -0.45042900      0.73639900     -0.03078500      0.01699200     -0.02040400      0.25744200     -0.22028200      0.54576000     -0.85005200      0.08400800      0.04004100     -0.03711500      0.56917200     -0.36302300     -0.73773700      0.65202500      0.74589900      0.13600400      0.50090500     -0.55843200      0.66124500     -0.02088500      0.00164000     -0.02231300     -0.21631300     -0.76928300     -0.27626200     -0.15449200
     0.16285600      0.00506400      0.37364600     -0.48844500      0.40752800     -0.77161400     -0.75142900     -0.64595000      0.13444000     -0.44303500      0.64497000      0.62270400     -0.04265400     -0.00512200     -0.05049600     -0.17235600     -0.78931100     -0.10809500      0.07975600     -0.21339800     -0.02308800      0.32427800     -0.81321500     -0.17634400      0.55459500      0.44724300     -0.79895600      0.40196600      0.37322300      0.57514200      0.72785900     -0.04606600      0.02636900     -0.02987100      0.11629300     -0.19249800      0.29668200     -1.40651000      0.02134000      0.03253400     -0.01886300      0.72352400      0.26755800      0.63633600     -0.48309300      0.85472700      0.18990000     -0.49308500     -0.44480700      0.74767200     -0.02299800      0.01328400     -0.01479600      0.02995400     -0.35528000      0.44557100     -0.84825600      0.08322900      0.04007300     -0.03809300      0.55977600     -0.34267900     -0.75446700      0.65117800      0.74498900      0.14476600      0.51246200     -0.57232900      0.64017200     -0.02135500      0.00226000     -0.03001400     -0.13624300     -0.72144800     -0.27893100     -0.13506000
     0.16083600      0.00490900      0.37136100     -0.47936100      0.38746400     -0.78748300     -0.75087700     -0.64554300      0.13938600     -0.45375900      0.65763500      0.60137000     -0.05685200     -0.00197000     -0.06451600     -0.07277800     -0.62813200     -0.07670600      0.09151800     -0.21525400     -0.02205100      0.32327400     -0.83405500     -0.13688000      0.53442200      0.40196400     -0.81410800      0.41903200      0.37875700      0.56448400      0.73332400     -0.06014700      0.03053000     -0.02502200      0.18491100      0.09208300      0.71393500     -1.40659700      0.02040000      0.03306000     -0.01937900      0.74623900      0.22577700      0.62622000     -0.44087100      0.87246300      0.21081000     -0.49875800     -0.43339700      0.75060400     -0.02279800      0.01459100     -0.01349900      0.52603800      0.21275600      2.02703500     -0.85086800      0.08222500      0.03999400     -0.03923100      0.54821700     -0.32349200     -0.77123900      0.65057200      0.74444400      0.15019100      0.52556000     -0.58408400      0.61857200     -0.03498200     -0.00619800     -0.02753300     -0.17958300     -0.75105000     -0.19643900     -0.11269000
     0.15960800      0.00469600      0.37008300     -0.47316000      0.37878900     -0.79541400     -0.75104900     -0.64534500      0.13937900     -0.45994000      0.66287000      0.59083400     -0.05754800     -0.01821300     -0.05974300     -0.05905300     -0.48732300     -0.06520500      0.09269900     -0.21632500     -0.02147400      0.32280700     -0.84251300     -0.11035800      0.52724300      0.37528800     -0.82223700      0.42780800      0.38735400      0.55843800      0.73346200     -0.05997300      0.03137900     -0.02420900      0.70439700      0.96488700      1.52504100     -1.40646100      0.01986400      0.03334900     -0.01961100      0.75528100      0.20025100      0.62405800     -0.41666200      0.88170000      0.22135000     -0.50590700     -0.42720300      0.74936900     -0.02266900      0.01578200     -0.01227500      2.55345900      2.74704600      4.55609100     -0.85217500      0.08161100      0.03989700     -0.03987000      0.54096600     -0.31549600     -0.77962600      0.65074800      0.74425600      0.15035800      0.53280500     -0.58867900      0.60792600     -0.03535500     -0.00359200     -0.03397800     -0.06053300     -0.57809800     -0.09255800     -0.10713800
     0.15686800      0.00407400      0.36754600     -0.45261600      0.36478000     -0.81370700     -0.75657600     -0.64003800      0.13384700     -0.47142300      0.67575700      0.56669100     -0.07208200     -0.02439200     -0.06448100     -0.13897400     -0.76924300     -0.05626400      0.09539900     -0.21857900     -0.02019900      0.32198800     -0.85420600     -0.04289400      0.51815500      0.30975300     -0.84224700      0.44114200      0.41855500      0.53737800      0.73205200     -0.05903500      0.02411100     -0.01212200      0.24628400      0.27232300      0.53475900     -1.40698000      0.01873700      0.03398900     -0.02002700      0.76615300      0.12974300      0.62942400     -0.35234500      0.90388800      0.24256600     -0.53745700     -0.40761700      0.73823100     -0.02961000      0.01758900     -0.01017400      0.91083200      0.89801600      1.25493000     -0.85299100      0.08024600      0.03958600     -0.04113800      0.51947600     -0.30596200     -0.79782900      0.65713000      0.73986800      0.14413100      0.54619000     -0.59915100      0.58540100     -0.04259500     -0.00634500     -0.03610100     -0.11616600     -0.70879500     -0.24191600     -0.10093300
     0.15344900      0.00313300      0.36485200     -0.41443800      0.37060600     -0.83122600     -0.79191600     -0.59690300      0.12864300     -0.44797800      0.71111300      0.54190600     -0.08685300     -0.01855300     -0.07750400     -0.14967400     -0.80352600     -0.06908700      0.12059500     -0.22119200     -0.01923200      0.32158600     -0.85228600      0.06948500      0.51843100      0.20379400     -0.86856200      0.45166600      0.48273400      0.49051400      0.72541500     -0.07327500      0.02642000     -0.00932700      2.85745400      3.10254200      4.56026300     -1.40621500      0.01743600      0.03447400     -0.02022700      0.76265400      0.02534200      0.64630800     -0.25343700      0.93104000      0.26255300     -0.59508500     -0.36403500      0.71648400     -0.04381400      0.00822300      0.00037500      0.50849900      1.07747900      1.52096100     -0.85299100      0.07854200      0.03911000     -0.04248300      0.48286500     -0.31735700     -0.81616400      0.69833600      0.70189900      0.14022900      0.52836300     -0.63766900      0.56054400     -0.05010200     -0.01452000     -0.03407700     -0.28142200     -0.89572500      0.08572900     -0.08444000
     0.15162900      0.00262000      0.36345300     -0.39833800      0.36892800     -0.83980000     -0.80389100     -0.58127800      0.12588500     -0.44122700      0.72479200      0.52917100     -0.08763600     -0.03067600     -0.07033500     -0.06086000     -0.56973300     -0.02956700      0.14738300     -0.22279500     -0.01890800      0.32165800     -0.85152700      0.10245200      0.51419500      0.17085700     -0.87282400      0.45707800      0.49669000      0.47693900      0.72504600     -0.08683600      0.00886800      0.01240100     -0.24231900     -0.36668200      0.53836500     -1.40633300      0.01663900      0.03463800     -0.02020300      0.76000100     -0.01445200      0.64975900     -0.21633500      0.93711600      0.27388200     -0.61285900     -0.34871700      0.70908300     -0.04355300      0.00972100      0.00183600     -0.59836300     -1.55964900      2.02966900     -0.85642000      0.07763200      0.03885600     -0.04318600      0.46661000     -0.31660000     -0.82585600      0.71244400      0.68785700      0.13883500      0.52411600     -0.65315800      0.54652100     -0.05034900     -0.00916600     -0.03878100     -0.05733400     -0.76841600      0.10917100     -0.05962000
     0.14811500      0.00155800      0.36060300     -0.37398500      0.34505200     -0.86088300     -0.81394700     -0.56702800      0.12626200     -0.44412000      0.74750300      0.49398800     -0.08869700     -0.03018600     -0.07127000     -0.29046900     -1.35733700     -0.18686200      0.16726400     -0.22581400     -0.01858600      0.32238200     -0.85390200      0.14031000      0.50115400      0.13038600     -0.87444200      0.46721000      0.50484700      0.46411900      0.72772700     -0.07097800      0.00310600      0.02532500     -0.03373700     -0.02806300      0.04054700     -1.40640700      0.01509700      0.03480000     -0.01983800      0.76407100     -0.05390600      0.64287500     -0.17743900      0.94050900      0.28975400     -0.62024900     -0.33546400      0.70905100     -0.03544900      0.00183900      0.01300200     -0.02421800     -0.02460300      0.02333900     -0.87470900      0.07587500      0.03831800     -0.04461600      0.44032900     -0.29936500     -0.84645700      0.72441000      0.67542200      0.13796500      0.53041400     -0.67393200      0.51427100     -0.04433000     -0.01550800     -0.03587200     -0.17382900     -1.13078400      0.15716100     -0.00965300
     0.14467500      0.00039500      0.35788800     -0.33909600      0.32797900     -0.88175300     -0.83711200     -0.53284300      0.12367100     -0.42886000      0.77965400      0.45634100     -0.07563300     -0.02636400     -0.06987200     -0.20712700     -1.09969000      0.02987800      0.17647600     -0.22888900     -0.01846000      0.32340000     -0.85769000      0.16374100      0.48738800      0.10520100     -0.87185100      0.47826900      0.50431100      0.46127400      0.72990400     -0.08597600      0.01292700      0.01594800     -0.01291300      0.08986200     -0.17414200     -1.40622000      0.01359400      0.03487000     -0.01932400      0.76938800     -0.07929900      0.63384000     -0.15427800      0.93982100      0.30485000     -0.61987000     -0.33233600      0.71085300     -0.03559500      0.00093800      0.01195500     -0.03021100     -0.02227700      0.02418900     -0.88287300      0.07414900      0.03772500     -0.04598100      0.40362700     -0.28560000     -0.86920400      0.75207900      0.64458100      0.13744400      0.52101900     -0.70918700      0.47496400     -0.04460400     -0.01331000     -0.03488500     -0.42006800     -1.36257200     -0.14048400      0.01075800
     0.14152400     -0.00044000      0.35532200     -0.29137000      0.31216500     -0.90426800     -0.86328500     -0.49301800      0.10790900     -0.41178000      0.81169400      0.41426600     -0.07483900     -0.00553900     -0.07188300      0.72802500     -2.54167300      2.50984100      0.16723600     -0.23209200     -0.01804500      0.32383600     -0.86620200      0.15934000      0.47359900      0.10252000     -0.87081600      0.48073200      0.49009700      0.46476300      0.73733500     -0.07206900      0.01962600      0.00248200      0.34573600     -0.42319400     -0.35936500     -1.40673200      0.01198800      0.03507700     -0.01909900      0.77906100     -0.07881200      0.62197300     -0.15211400      0.93866200      0.30947300     -0.60821300     -0.33570900      0.71928700     -0.04328200      0.01048400      0.00218800     -0.07397800     -0.11037300      0.03357100     -0.88466900      0.07257200      0.03729000     -0.04727100      0.35751900     -0.27646500     -0.89204600      0.78346700      0.60865600      0.12536700      0.50829000     -0.74371000      0.43420700     -0.03073100     -0.00906200     -0.03231100     -0.23891800     -0.98267100      0.14682400      0.01516700
     0.14017000     -0.00069200      0.35412500     -0.27732000      0.30140800     -0.91230000     -0.86540700     -0.49078400      0.10086100     -0.41700500      0.81710700      0.39808200     -0.06098200     -0.01204800     -0.06038600     -0.01978400     -0.76832400      0.26001100      0.15414700     -0.23341700     -0.01765100      0.32389500     -0.86977200      0.14995400      0.47010800      0.10778600     -0.87181800      0.47775500      0.48257400      0.46602000      0.74149300     -0.05721700      0.01988700      0.00224600      0.31676700     -0.33543400     -0.31331800     -1.40702200      0.01131900      0.03527000     -0.01907400      0.78376500     -0.06936800      0.61717000     -0.15683800      0.93942600      0.30476200     -0.60092600     -0.33565700      0.72541000     -0.02869900      0.00955100      0.00077900      0.49105400     -0.51131600     -0.45544500     -0.88679200      0.07186600      0.03716100     -0.04789800      0.33903500     -0.26688800     -0.90212200      0.78650600      0.60656400      0.11613600      0.51620000     -0.74889900      0.41555500     -0.03037900     -0.00555000     -0.02977600     -0.01727000     -0.75325100      0.25689600      0.00243000
     0.13787700     -0.00102100      0.35197400     -0.25122300      0.28799900     -0.92411500     -0.86954300     -0.48650800      0.08471000     -0.42488800      0.82448100      0.37380200     -0.06041700     -0.01423800     -0.04553200      0.05078300     -0.40520300      0.42173400      0.14100500     -0.23514000     -0.01683300      0.32382200     -0.88465600      0.09741500      0.45594400      0.14968800     -0.86665500      0.47585400      0.44260600      0.48909300      0.75149900     -0.02843700      0.01605300     -0.00249900     -0.23261600     -0.62532500      0.42333400     -1.40666000      0.01044700      0.03568300     -0.01910500      0.80227600     -0.01795300      0.59668300     -0.19865100      0.93455100      0.29521600     -0.56293000     -0.35537600      0.74620100     -0.01418700      0.00822800     -0.00101700     -0.98592100     -2.04476800      1.77555600     -0.88924100      0.07074300      0.03700300     -0.04895500      0.31212600     -0.25686600     -0.91465600      0.79142400      0.60290500      0.10075700      0.52557000     -0.75533100      0.39147200     -0.02305000     -0.00146600     -0.02688500      0.11088700     -0.49505200      0.69312200     -0.02059400
     0.13603000     -0.00148200      0.35052500     -0.23847900      0.28300400     -0.92902200     -0.87252300     -0.48244400      0.07695400     -0.42613500      0.82859300      0.36313900     -0.04510200     -0.01207800     -0.02693700      0.03731200     -0.22917700      0.37709500      0.13894300     -0.23589500     -0.01625000      0.32346600     -0.89120900      0.06466200      0.44895000      0.18014600     -0.85774700      0.48140500      0.41732600      0.50982700      0.75218200     -0.01511200      0.00919200     -0.00983800     -0.07049200      0.09716100     -0.00469700     -1.40629900      0.01006500      0.03598200     -0.01927400      0.81077000      0.01253100      0.58523000     -0.22993100      0.92623100      0.29870900     -0.53831500     -0.37674700      0.75384100     -0.00027400      0.00416000     -0.00552300     -0.12490000      0.04180600     -0.01995600     -0.88777200      0.06982400      0.03676900     -0.04968200      0.29946300     -0.25408300     -0.91965300      0.79498600      0.59941500      0.09326100      0.52755900     -0.75904000      0.38149500     -0.02256900     -0.00631800     -0.01365900     -0.01904300     -0.06000500      0.17368000     -0.03006400
     0.13533300     -0.00181500      0.35018100     -0.22963000      0.28309500     -0.93122100     -0.87422100     -0.48050700      0.06944200     -0.42752200      0.82968700      0.35898700     -0.03108700     -0.01973500     -0.01590400      0.01042600     -0.21805000      0.38690500      0.13951800     -0.23591800     -0.01607000      0.32322400     -0.89413300      0.04381500      0.44564200      0.20136000     -0.84939000      0.48777400      0.40101200      0.52581300      0.75004900      0.01376900      0.00638000     -0.01341800     -0.80387400     -0.70053500     -1.14145500     -1.40639400      0.01004200      0.03607000     -0.01939600      0.81452600      0.03091400      0.57930100     -0.25064600      0.91931900      0.30336100     -0.52318500     -0.39229500      0.75655800     -0.00029400      0.00411700     -0.00553500     -2.53774500     -2.56652900     -4.03845000     -0.89087400      0.06945900      0.03660300     -0.04986600      0.29027700     -0.25579600     -0.92212000      0.79722500      0.59764200      0.08517500      0.52931100     -0.75986300      0.37740900     -0.02221200     -0.00815700     -0.00651700      0.01250900     -0.21220100      0.38763500     -0.03071800
     0.13428800     -0.00268600      0.35009000     -0.21974100      0.28344800     -0.93349700     -0.87698100     -0.47651900      0.06168900     -0.42707800      0.83186200      0.35445300     -0.01633800     -0.03174700      0.00904500     -0.06338500     -0.12041500      0.23306800      0.13898600     -0.23563100     -0.01560000      0.32256500     -0.90233400     -0.01974200      0.43057600      0.25562600     -0.82861900      0.49797600      0.34807900      0.55942900      0.75215900      0.01343100      0.01578900     -0.02340000     -2.30950900     -2.78413100     -4.12300900     -1.40668600      0.01018600      0.03629900     -0.01971700      0.82666500      0.08731900      0.55587600     -0.30280300      0.90168200      0.30867100     -0.47427100     -0.42348900      0.77183000      0.00667200      0.00763800     -0.01196400      0.06579200     -0.04364100     -0.00743300     -0.89577300      0.06893800      0.03618100     -0.04992000      0.28067400     -0.25757700     -0.92459400      0.80064600      0.59409700      0.07754200      0.52932600     -0.76203700      0.37297600     -0.01469200     -0.00874700      0.00164000     -0.02823400     -0.13441800      0.24659200     -0.03251400
     0.13369500     -0.00351400      0.35037200     -0.21450000      0.28649300     -0.93378700     -0.87883100     -0.47375000      0.05646900     -0.42594400      0.83239700      0.35456200     -0.01547600     -0.02627700      0.01349800     -0.03883800      0.10157600      0.16032000      0.17046500     -0.23516300     -0.01523600      0.32164500     -0.90182700     -0.01787400      0.43171900      0.25464900     -0.82897400      0.49788500      0.35011100      0.55896200      0.75156300      0.01211200     -0.00152800     -0.02149900      0.00099500      0.04171300      0.02342800     -1.40669700      0.01042200      0.03649600     -0.02017700      0.82586200      0.09083900      0.55650600     -0.30673100      0.90051400      0.30820100     -0.47314500     -0.42522900      0.77156400      0.00610300      0.00490800     -0.01475800      0.04218400      0.10580800     -0.10691300     -0.90001900      0.06863600      0.03576400     -0.04977500      0.27556100     -0.26122400     -0.92510900      0.80306300      0.59150500      0.07218300      0.52835100     -0.76281200      0.37277500     -0.00747100     -0.00717100      0.00290000      0.00467800      0.22117000      0.05680100     -0.01422500
     0.13326000     -0.00402900      0.35056800     -0.20750100      0.29439200     -0.93291100     -0.89038200     -0.45179900      0.05541400     -0.40492400      0.84177900      0.35703200     -0.00125300     -0.01612100      0.00429900     -1.57369200      0.16520000      0.57352600      0.19711700     -0.23446100     -0.01553400      0.32084800     -0.89433600      0.02021100      0.44692900      0.22958500     -0.83649200      0.49750000      0.38502300      0.54751200      0.74286700      0.02615200     -0.01613100     -0.01728300      0.88791700      2.10789900     -1.57321200     -1.40700700      0.01076600      0.03634800     -0.02058100      0.81658200      0.05487500      0.57461400     -0.28083100      0.90748300      0.31242400     -0.50430900     -0.41648900      0.75644500      0.00587000     -0.00733500     -0.00771700      0.20978400      0.44498200      0.55206400     -0.90214200      0.06841500      0.03551100     -0.04966600      0.27005700     -0.27008100     -0.92418800      0.81664600      0.57272200      0.07126200      0.51005700     -0.77398000      0.37522800     -0.00729400     -0.00177300     -0.00131500     -5.15109900      0.33269600      1.95692700      0.03133300
     0.13310900     -0.00426300      0.35054700     -0.20126700      0.29928000     -0.93272100     -0.90082900     -0.43048800      0.05619900     -0.38446400      0.85116100      0.35740600     -0.00134500     -0.00791400     -0.00648600     -0.13978500      0.02279300      0.02837300      0.20576100     -0.23406100     -0.01582000      0.32048400     -0.88546000      0.08101500      0.45758900      0.17795500     -0.85034500      0.49515500      0.43032800      0.51976700      0.73791800      0.02614700     -0.01633900     -0.01755300      0.58328300      1.26039700      1.53749800     -1.40712100      0.01095600      0.03620900     -0.02075800      0.80480300      0.00435100      0.59352500     -0.23491600      0.92065200      0.31179000     -0.54507400     -0.39035800      0.74196600      0.00572900     -0.00809000     -0.00852600      1.17987000      2.03260200     -1.25362900     -0.90491800      0.06834600      0.03540300     -0.04966900      0.26413400     -0.27589900     -0.92418100      0.83070200      0.55195600      0.07264000      0.49006700     -0.78690700      0.37498000     -0.00064700     -0.00379800     -0.00310100     -1.56625600      0.09651600      0.56550600      0.04504900
     0.13291700     -0.00463100      0.35020600     -0.19936000      0.30169400     -0.93235300     -0.90555400     -0.42027100      0.05758000     -0.37422900      0.85540000      0.35814800     -0.00214700     -0.01258700     -0.01035700     -0.00071300      0.01385300     -0.02526200      0.23726400     -0.23342400     -0.01646200      0.31993500     -0.87036300      0.16111900      0.46529600      0.09972600     -0.86754100      0.48719600      0.48324500      0.47023600      0.73838700      0.01220000     -0.01262900     -0.01343600      0.28948800      0.09709100      0.52036200     -1.40741700      0.01128800      0.03587300     -0.02104900      0.78516200     -0.07968800      0.61414100     -0.15103500      0.93710100      0.31468700     -0.60058900     -0.33983700      0.72374100      0.00605600     -0.01213400     -0.00288300      0.79833000      0.71010600      1.40393700     -0.90753000      0.06824600      0.03521900     -0.04983300      0.26248600     -0.27859300     -0.92384300      0.83704500      0.54205500      0.07436300      0.48005700     -0.79281800      0.37547700     -0.00116000     -0.00681800     -0.00560800     -0.00024500      0.02760600     -0.05110900      0.08097300
     0.13283200     -0.00531300      0.34963000     -0.18991600      0.29908300     -0.93516100     -0.91293100     -0.40420900      0.05607000     -0.36100300      0.86401500      0.35097400     -0.00346700     -0.02027900     -0.01679700     -5.23149200     -0.07809400      1.89059600      0.26526400     -0.23323700     -0.01720200      0.31978300     -0.84540600      0.24285100      0.47571400      0.01333800     -0.88064800      0.47351300      0.53498300      0.40635100      0.74063100     -0.00151600     -0.01863000      0.00044100      0.30270700      0.06521900      0.43787300     -1.40794000      0.01138600      0.03549500     -0.02113300      0.75692900     -0.15882700      0.63390300     -0.06264900      0.94791100      0.31231100     -0.65048700     -0.27611100      0.70755100     -0.00071800     -0.00910800      0.00042700      0.27316800      0.07699700      0.45830700     -0.91112200      0.06820400      0.03488600     -0.05011400      0.25449900     -0.27713600     -0.92651200      0.84350800      0.53219800      0.07250900      0.47299300     -0.79997400      0.36921000      0.00510200     -0.01136000     -0.00941300     -0.12053100     -0.49152300     -0.33090500      0.12489800
     0.13287300     -0.00577100      0.34928900     -0.18320400      0.29816400     -0.93679200     -0.91789900     -0.39303800      0.05435600     -0.35176900      0.86946800      0.34685800     -0.00383700     -0.02245300     -0.01867300     -0.16390900     -0.05580500     -0.08120800      0.27780100     -0.23331300     -0.01751400      0.31983200     -0.83201500      0.27903300      0.47946200     -0.02594300     -0.88279100      0.46897900      0.55516200      0.37740900      0.74109500     -0.01557800     -0.01497100      0.00461400      2.66799500      2.58831100      3.99322200     -1.40826000      0.01135400      0.03534300     -0.02111200      0.74394600     -0.18915700      0.64090700     -0.02808900      0.94939900      0.31281100     -0.66764800     -0.25071700      0.70098900     -0.00041900     -0.00762500      0.00196900      0.03897600     -0.11369100      0.14193800     -0.90442800      0.06822300      0.03464700     -0.05029200      0.24606500     -0.27697700     -0.92883500      0.85310800      0.51675300      0.07190900      0.46006200     -0.81009200      0.36344600     -0.00195400     -0.01148000     -0.00955200     -0.15679200     -0.02167200     -0.07026900      0.14286000
     0.13318300     -0.00657000      0.34825100     -0.15747700      0.29253600     -0.94322200     -0.93004200     -0.36500500      0.04201500     -0.33180200      0.88349000      0.33072600      0.00966600     -0.01744000     -0.03235000     -0.02223900     -0.32296300      0.01980900      0.30714500     -0.23355600     -0.01807000      0.31997200     -0.79175700      0.36974500      0.48621100     -0.12146500     -0.87527400      0.46805400      0.59961400      0.31106500      0.73726800     -0.00105200     -0.01630200      0.00284500      3.53602700      3.58270400      5.11481400     -1.40846200      0.01122800      0.03507200     -0.02103500      0.70176900     -0.27674200      0.65645400      0.06464400      0.94239900      0.32818200     -0.70946400     -0.18787300      0.67923700     -0.00040700     -0.00789900      0.00165000      2.98076100      3.33973400      3.33089600     -0.90769300      0.06837400      0.03425300     -0.05080000      0.22001100     -0.27576300     -0.93570700      0.86935800      0.49054500      0.05984200      0.44250500     -0.82663100      0.34766200      0.00463000     -0.01436700     -0.01206600     -0.11116100     -0.39886900     -0.04913000      0.18303000
     0.13374800     -0.00735200      0.34691100     -0.13452700      0.28395000     -0.94937900     -0.93723000     -0.34747600      0.02882300     -0.32154300      0.89331200      0.31405400      0.00935000     -0.01973000     -0.03454200      0.72414700     -1.58004600      2.33429700      0.34747700     -0.23370300     -0.01864600      0.32008900     -0.73013200      0.44737100      0.51648500     -0.21282400     -0.86705600      0.45039200      0.65022200      0.21836800      0.72759200     -0.00063300     -0.01424100      0.00498600      3.79725200      4.50900700      2.28519100     -1.40844200      0.01115400      0.03478000     -0.02098100      0.63505400     -0.35123300      0.68799700      0.15935400      0.93105900      0.32822800     -0.75585100     -0.09880700      0.64724300      0.00707700     -0.00715500      0.00228300      0.29578300      0.16075000      0.53840100     -0.89708000      0.06865600      0.03386000     -0.05147200      0.19912400     -0.26986700     -0.94208300      0.87905800      0.47408500      0.04999700      0.43313500     -0.83810100      0.33163000      0.01156800     -0.01546500     -0.01312300     -0.01806000     -0.20625900      0.08697200      0.23185400
     0.13459700     -0.00802100      0.34547000     -0.13320900      0.26678800     -0.95452900     -0.93739300     -0.34657900      0.03389400     -0.32161900      0.89895300      0.29744200      0.02359100     -0.02000200     -0.03502700     -0.75202900      0.58134700     -2.50789900      0.39407700     -0.23328600     -0.01911200      0.32027600     -0.65773400      0.51888100      0.54602200     -0.30331900     -0.84587500      0.43866500      0.69029700      0.12226000      0.71302500      0.01424100     -0.01414300      0.00471100      0.82931800      0.94017400      1.51160800     -1.40794400      0.01136300      0.03454500     -0.02088200      0.55364800     -0.41897300      0.71967700      0.25425200      0.90799700      0.33301000     -0.79298700     -0.00139100      0.60923600      0.00712600     -0.00696500      0.00247900      0.80987600      0.95908300      1.54370000     -0.89332400      0.06908300      0.03351400     -0.05220900      0.19184400     -0.25496300     -0.94772800      0.87943700      0.47330800      0.05068900      0.43564400     -0.84319200      0.31502500      0.01181000     -0.01004800     -0.01756800     -0.73382500      0.64138500     -2.47024500      0.29880300
     0.13519600     -0.00838300      0.34472800     -0.13039100      0.25886100     -0.95709700     -0.93954900     -0.34049100      0.03585400     -0.31644800      0.90359400      0.28880200      0.03755900     -0.02193800     -0.03682400     -0.00895300     -0.52254400      0.20653700      0.40095700     -0.23270500     -0.01931700      0.32032800     -0.61328100      0.55645400      0.56056700     -0.35647200     -0.82821300      0.43234700      0.70561100      0.06463200      0.70554800      0.02946300     -0.01233400      0.00620300      4.16093900      4.49857300      2.66464300     -1.40840600      0.01163100      0.03444300     -0.02086200      0.51116700     -0.45098600      0.73165500      0.30139400      0.89127500      0.33880700     -0.80490300      0.04733000      0.59151500      0.01469400     -0.00664500      0.00249100      3.32770300      2.87090700      3.76313700     -0.90034500      0.06936900      0.03334200     -0.05256500      0.18929400     -0.24536700     -0.95076800      0.88222700      0.46760200      0.05497300      0.43109300     -0.84920100      0.30498400      0.01874500     -0.01128500     -0.01869900     -0.01426800     -0.45846700      0.02304600      0.32329600
     0.13684700     -0.00953900      0.34321100     -0.12767500      0.23668000     -0.96318600     -0.94199200     -0.33282500      0.04302700     -0.31023800      0.91251300      0.26664400      0.05063700     -0.03989900     -0.03480800     -0.04349500     -0.52596400      0.17579700      0.40471700     -0.23104000     -0.01903200      0.32034100     -0.53571200      0.61935800      0.57393400     -0.44652500     -0.78458400      0.43009100      0.71734200     -0.02664100      0.69611300      0.04606500      0.01952000     -0.00075000      0.00753300     -0.05082800      0.70857700     -1.40861700      0.01246600      0.03456300     -0.02086400      0.42600600     -0.51323500      0.74505500      0.39571300      0.84627200      0.35669800     -0.81359000      0.14287300      0.56361100      0.02304300      0.00987300     -0.00025000      0.18180800      0.14551000      0.95853400     -0.90279500      0.07019000      0.03277600     -0.05331900      0.18371200     -0.22370000     -0.95718700      0.88549500      0.46044500      0.06234400      0.42678600     -0.85903900      0.28267500      0.02544500     -0.01475700     -0.02192500     -0.01007500     -0.55922000      0.17405300      0.34256500
     0.13873600     -0.01076600      0.34147800     -0.12915400      0.21988200     -0.96696300     -0.94223600     -0.33107500      0.05051200     -0.30887800      0.91735900      0.25114500      0.03686200     -0.02999500     -0.04475500      0.02420800     -0.21109300      0.11516100      0.41464300     -0.22889100     -0.01798300      0.32031300     -0.48178800      0.65060400      0.58701600     -0.49538300     -0.75470000      0.43006700      0.72341900     -0.08440500      0.68513000      0.06103200      0.03332800     -0.00682500      1.07340300      1.33018000      1.12309300     -1.40801500      0.01355900      0.03510400     -0.02086900      0.37041000     -0.54205600      0.75430000      0.44311200      0.81682400      0.36939000     -0.81636100      0.19741400      0.54275200      0.03056400      0.01687800     -0.00323500      1.06269800      1.40170900      1.11248600     -0.90638700      0.07113900      0.03215700     -0.05418400      0.18288400     -0.20642600     -0.96121800      0.88576500      0.45882500      0.06999300      0.42658300     -0.86421400      0.26675700      0.02557200     -0.01061200     -0.02761400      0.08665100     -0.26124800      0.38748200      0.35726100
     0.13953600     -0.01122000      0.34049900     -0.13573200      0.21531900     -0.96708800     -0.94174100     -0.33119100      0.05838200     -0.30755900      0.91840400      0.24893300      0.03740100     -0.01822900     -0.05278000      0.05594100     -0.12102900      0.10903500      0.41759500     -0.22759800     -0.01764000      0.32031500     -0.44073300      0.66578400      0.60206200     -0.52849200     -0.73451900      0.42557300      0.72610900     -0.13144700      0.67479700      0.06027600      0.01855600     -0.00246700      0.71103000      2.17529000     -1.66768400     -1.40757700      0.01418400      0.03527800     -0.02085700      0.32709700     -0.55670200      0.76360200      0.47604300      0.79510600      0.37575200     -0.81632700      0.24060100      0.52509100      0.03750700      0.00343600      0.00234600      0.17693100      0.32375200      0.62074700     -0.90851000      0.07153800      0.03192100     -0.05467400      0.18875600     -0.20121700     -0.96118800      0.88505200      0.45895700      0.07772600      0.42550400     -0.86537300      0.26471800      0.01856500     -0.01473600     -0.02229700      0.00387900      0.06065400     -0.02170300      0.36215900
     0.14083600     -0.01176900      0.33849300     -0.14842000      0.20287700     -0.96791400     -0.93988000     -0.33330200      0.07420600     -0.30737700      0.92048600      0.24135500      0.02397700     -0.01337500     -0.04884500      0.02979100     -0.30186000     -0.18140900      0.43682800     -0.22482500     -0.01768600      0.32055500     -0.37047700      0.68599300      0.62622100     -0.57516400     -0.69872400      0.42532900      0.72978400     -0.20345400      0.65259800      0.07448400     -0.01868900      0.01752500      0.79988200      1.09302100      0.95830200     -1.40765200      0.01556600      0.03527200     -0.02074200      0.25396000     -0.57006700      0.78136200      0.52028500      0.76152800      0.38649300     -0.81535700      0.30837800      0.48999500      0.03719600     -0.00385600      0.00437000      3.30615200      2.85129000      3.37249400     -0.91259200      0.07219300      0.03164000     -0.05568300      0.19937000     -0.18838000     -0.96164600      0.88260800      0.46087800      0.09270200      0.42573800     -0.86723900      0.25815100      0.01927400     -0.00152400     -0.02896700      0.04506700     -0.43950600     -0.19972300      0.37767200
     0.14186000     -0.01201100      0.33639100     -0.16091700      0.18722700     -0.96907000     -0.93723500     -0.33670100      0.09052400     -0.30914600      0.92258200      0.23086400      0.02428500     -0.00279100     -0.05802600      0.05188900     -0.41742000     -0.22227700      0.48859100     -0.22169000     -0.01858100      0.32099100     -0.29326800      0.70052300      0.65057800     -0.62284400     -0.65617100      0.42595600      0.72564300     -0.28115600      0.62789900      0.08755700     -0.02870800      0.00643800      4.52093300      4.20345400      3.80264200     -1.40739200      0.01716400      0.03482800     -0.02050700      0.17425900     -0.58023800      0.79558500      0.56599000      0.72016700      0.40126400     -0.80578300      0.38037000      0.45390500      0.04376100     -0.01463400      0.00250700      4.51712800      4.26798500      3.77731000     -0.91389900      0.07270500      0.03152000     -0.05672600      0.20960800     -0.17125100     -0.96267200      0.87914000      0.46395700      0.10888600      0.42799200     -0.86914600      0.24780200      0.01208000     -0.00673000     -0.02466500     -0.01160500     -0.54664300     -0.32624400      0.42878200
