frame,MLTx,MLTy,MLTz,MLTR1,MLTR2,MLTR3,MLTR4,MLTR5,MLTR6,MLTR7,MLTR8,MLTR9,MLTTVx,MLTTVy,MLTTVz,MLTRVx,MLTRVy,MLTRVz,MLGA,MRTx,MRTy,MRTz,MRTR1,MRTR2,MRTR3,MRTR4,MRTR5,MRTR6,MRTR7,MRTR8,MRTR9,MRTTVx,MRTTVy,MRTTVz,MRTRVx,MRTRVy,MRTRVz,MRGA,SLTx,SLTy,SLTz,SLTR1,SLTR2,SLTR3,SLTR4,SLTR5,SLTR6,SLTR7,SLTR8,SLTR9,SLTTVx,SLTTVy,SLTTVz,SLTRVx,SLTRVy,SLTRVz,SLGA,SRTx,SRTy,SRTz,SRTR1,SRTR2,SRTR3,SRTR4,SRTR5,SRTR6,SRTR7,SRTR8,SRTR9,SRTTVx,SRTTVy,SRTTVz,SRTRVx,SRTRVy,SRTRVz,SRGA
400,0.141091,-0.016492,0.273254,-0.648741,0.041144,-0.759926,-0.064067,-0.997931,0.000594,-0.757526,0.049013,0.650983,-1e-06,-5e-06,-7e-06,-0.0,-0.0,-0.0,-1.915437,-0.15284,-0.038674,0.295753,-0.392715,-0.418195,0.819072,0.896147,-0.373854,0.23893,0.206769,0.82835,0.520525,0.002758,-0.017631,0.044675,-0.032572,-0.147114,-0.098173,-1.40621,0.050343,0.035051,-0.008128,0.461142,0.395523,0.794297,-0.860249,0.418728,0.290925,-0.217527,-0.817452,0.533342,0.008576,-0.002941,0.017666,-0.000273,-0.171517,-0.052328,-1.025263,0.073136,0.041272,-0.067767,0.643293,-0.02894,-0.765072,0.030085,0.999468,-0.01251,0.765027,-0.01497,0.643822,0.0,-0.0,-3e-06,-0.000198,-1.4e-05,0.000155,-1.070389
401,0.141108,-0.016456,0.273303,-0.647233,0.03573,-0.761484,-0.057905,-0.998305,0.002306,-0.759309,0.045535,0.649155,-0.01497,0.002971,0.003622,-0.000781,-0.002501,-0.006428,-1.913601,-0.15257,-0.039118,0.296956,-0.37433,-0.426452,0.823412,0.902314,-0.371991,0.217681,0.213922,0.824981,0.522978,0.0008,-0.002587,0.019065,0.095769,-0.174571,-0.182209,-1.406111,0.050478,0.034825,-0.007515,0.443431,0.404502,0.799841,-0.867765,0.417152,0.270122,-0.224391,-0.813855,0.535991,0.008702,-0.006426,0.013162,0.132233,-0.106077,-0.326182,-1.026732,0.073144,0.041287,-0.067747,0.641532,-0.023539,-0.766734,0.02391,0.999656,-0.010684,0.766722,-0.011479,0.641875,-0.007481,0.001517,0.001853,0.002925,0.005607,-0.001168,-1.069899
402,0.141102,-0.016428,0.273359,-0.647251,0.035698,-0.76147,-0.057905,-0.998305,0.002349,-0.759294,0.045561,0.649171,0.000365,0.002215,0.003009,-3e-06,-9e-06,-6e-06,-1.912589,-0.152388,-0.039341,0.297373,-0.359223,-0.427789,0.829426,0.906754,-0.370037,0.201999,0.220937,0.82517,0.519754,0.017562,-0.015952,0.02236,0.182477,-0.124448,-0.597175,-1.406182,0.050563,0.034719,-0.007306,0.429388,0.405367,0.807032,-0.872957,0.415308,0.255857,-0.231451,-0.814368,0.532197,0.000442,-0.003024,0.007309,0.543968,0.058767,-1.175758,-1.025589,0.073141,0.041301,-0.067719,0.641598,-0.023551,-0.766678,0.023918,0.999656,-0.010692,0.766667,-0.011477,0.641941,0.000223,0.001353,0.001837,-0.002252,0.099345,-0.137907,-1.070389
403,0.14109,-0.016312,0.273568,-0.645556,0.030521,-0.763132,-0.05195,-0.998628,0.003937,-0.761165,0.042141,0.647209,0.000725,0.004403,0.005972,-0.009457,-0.041366,0.00626,-1.911223,-0.151928,-0.039811,0.297809,-0.324402,-0.424812,0.845156,0.916137,-0.363337,0.169155,0.235604,0.829671,0.505964,0.01673,-0.011979,0.005069,0.007731,0.157393,-0.471171,-1.405899,0.050793,0.034483,-0.007081,0.395035,0.405466,0.824344,-0.884781,0.409382,0.222637,-0.2472,-0.817314,0.520469,0.008352,-0.005921,0.002615,0.060874,0.252022,-0.573192,-1.02216,0.073135,0.041359,-0.067615,0.639517,-0.01829,-0.768558,0.017964,0.999799,-0.008844,0.768566,-0.00815,0.639717,0.000374,0.002278,0.00309,0.003932,-0.013946,0.02332,-1.070879
404,0.141131,-0.016211,0.273896,-0.643654,0.029235,-0.764787,-0.052107,-0.998611,0.005612,-0.762764,0.043419,0.645238,0.001007,0.006124,0.008284,-0.156116,-0.408799,-0.250153,-1.911942,-0.151152,-0.040399,0.29787,-0.285336,-0.416479,0.863203,0.925621,-0.353194,0.135693,0.248702,0.838224,0.48517,0.016946,-0.016649,-0.000934,-0.050674,0.350435,-0.585231,-1.406061,0.051181,0.034188,-0.007052,0.356929,0.39886,0.844696,-0.896677,0.39978,0.19012,-0.261862,-0.825279,0.500342,0.008481,-0.008604,-0.000835,0.005337,0.458853,-0.714351,-1.013669,0.073155,0.041406,-0.067454,0.639251,-0.018625,-0.768771,0.018403,0.99979,-0.008919,0.768777,-0.008446,0.63946,0.000353,-0.002745,0.007885,-0.218941,-0.461129,-0.314142,-1.071695
405,0.141162,-0.016173,0.27414,-0.643787,0.025521,-0.764808,-0.046476,-0.998889,0.00572,-0.763015,0.039188,0.645213,0.001136,0.006918,0.009342,-0.001504,-0.021484,0.020148,-1.912048,-0.150654,-0.040646,0.297776,-0.263325,-0.411678,0.872452,0.930169,-0.348006,0.116666,0.255898,0.842749,0.473447,0.03147,-0.00577,-0.011456,0.04419,0.429361,-0.666172,-1.405915,0.051424,0.034058,-0.007098,0.335381,0.395173,0.855194,-0.902594,0.39485,0.171515,-0.269895,-0.829416,0.489106,0.016308,-0.008718,-0.002012,0.215628,0.82315,-1.164056,-1.015792,0.07317,0.041423,-0.067336,0.637636,-0.013371,-0.770221,0.012463,0.999897,-0.00704,0.770236,-0.00511,0.637737,0.000428,-0.002276,0.008513,-0.027261,0.013943,0.015741,-1.072022
406,0.141194,-0.01621,0.274818,-0.641934,0.024257,-0.766406,-0.047265,-0.998837,0.007906,-0.764527,0.041263,0.64329,0.000967,-0.013727,0.027763,-0.071726,0.011004,-0.012584,-1.910687,-0.149351,-0.041158,0.297422,-0.205528,-0.393122,0.896217,0.939524,-0.335481,0.06843,0.273997,0.856558,0.437148,0.031659,-0.008299,-0.01483,0.148102,1.063488,-1.177383,-1.405896,0.052075,0.033801,-0.007276,0.278767,0.379899,0.882023,-0.915343,0.382997,0.124336,-0.290577,-0.842015,0.454505,0.016417,-0.01013,-0.003898,0.703944,2.303205,-2.639647,-1.014485,0.073187,0.041408,-0.066991,0.635729,-0.01225,-0.771813,0.013305,0.999899,-0.004912,0.771796,-0.007146,0.635828,0.000501,-0.006701,0.014103,-0.062929,0.029459,-0.000974,-1.069246
407,0.141201,-0.016449,0.275846,-0.642064,0.020755,-0.766399,-0.043104,-0.999016,0.008988,-0.764663,0.038773,0.643283,0.001307,-0.011618,0.030518,-0.070078,0.015128,-0.009717,-1.910726,-0.147811,-0.04185,0.296866,-0.147896,-0.370014,0.917174,0.947279,-0.319406,0.024018,0.284225,0.872818,0.396571,0.032001,-0.013,-0.021108,-0.222026,0.932224,-0.587,-1.405828,0.052827,0.033467,-0.007544,0.221318,0.361177,0.905852,-0.92643,0.367947,0.079639,-0.304542,-0.856834,0.416039,0.015993,-0.00633,-0.010349,-0.27499,1.055465,-0.496167,-1.018404,0.07319,0.041294,-0.066487,0.635862,-0.008856,-0.771751,0.009112,0.99995,-0.003966,0.771748,-0.00451,0.635911,0.000731,-0.005258,0.015999,-0.069839,-0.000972,0.014465,-1.068592
408,0.141199,-0.017024,0.27725,-0.638922,0.010115,-0.769234,-0.033357,-0.999324,0.014497,-0.767776,0.034902,0.639788,0.001393,-0.020854,0.041089,-0.114792,-0.010591,-0.01998,-1.910923,-0.14604,-0.04259,0.296139,-0.108762,-0.343546,0.932812,0.949111,-0.314795,-0.00515,0.295525,0.885195,0.359109,0.049122,-0.025269,-0.016911,4.964149,0.763473,1.292228,-1.405558,0.053743,0.033082,-0.007922,0.180504,0.334227,0.925046,-0.931114,0.361112,0.051215,-0.316928,-0.870568,0.376386,0.024558,-0.012904,-0.008674,4.979516,0.715953,1.265061,-1.018404,0.07319,0.041003,-0.065774,0.632107,0.001843,-0.774878,-0.000578,0.999997,0.001908,0.77488,-0.000758,0.632106,0.000695,-0.010321,0.02069,-0.099855,0.020965,-0.000542,-1.068919
409,0.141218,-0.017436,0.278111,-0.637672,0.01183,-0.770247,-0.035011,-0.99928,0.013569,-0.768742,0.035598,0.638588,0.00151,-0.020109,0.042018,-0.093917,0.000295,0.010673,-1.912669,-0.145102,-0.042995,0.295736,-0.09372,-0.328608,0.9398,0.949501,-0.313311,-0.014742,0.299386,0.891354,0.340176,0.049279,-0.025911,-0.017942,-0.120113,0.658784,-0.525735,-1.405658,0.054193,0.032888,-0.008118,0.166382,0.3197,0.932795,-0.931401,0.361536,0.042222,-0.323741,-0.875832,0.357922,0.024053,-0.007434,-0.013121,0.007836,0.715668,-0.654903,-1.018241,0.073198,0.040812,-0.065374,0.631076,-7.5e-05,-0.77572,0.00095,0.999999,0.000676,0.77572,-0.001163,0.631075,0.000623,-0.015632,0.025072,-0.003812,-0.128139,0.149645,-1.068756
410,0.141275,-0.018354,0.279897,-0.63828,0.00412,-0.769822,-0.026596,-0.999494,0.016633,-0.768573,0.031078,0.639028,0.001485,-0.030001,0.051671,-0.024841,0.011203,-0.091215,-1.913735,-0.143071,-0.043876,0.294853,-0.070637,-0.297095,0.952227,0.949225,-0.313312,-0.027219,0.306493,0.902308,0.302927,0.065275,-0.02486,-0.019251,-0.18903,0.754572,-0.224331,-1.405837,0.055185,0.03245,-0.008553,0.142407,0.290921,0.946089,-0.931816,0.361768,0.029015,-0.333824,-0.885713,0.322603,0.024819,-0.013642,-0.010122,-0.245379,1.088275,-0.137051,-1.01073,0.073228,0.04035,-0.064469,0.631489,0.00753,-0.775347,-0.007257,0.999965,0.003801,0.77535,0.003227,0.631522,0.000796,-0.009616,0.021529,0.281157,0.005967,-0.32387,-1.06696
411,0.141354,-0.019381,0.281773,-0.637202,0.002326,-0.770722,-0.024646,-0.999533,0.017292,-0.769532,0.030004,0.637924,0.001307,-0.031048,0.050178,-0.140197,0.029821,-0.019718,-1.913786,-0.141119,-0.044556,0.29401,-0.047036,-0.270048,0.961693,0.945357,-0.322909,-0.044318,0.32254,0.907377,0.269254,0.048364,-0.012185,-0.023394,-0.119761,0.646422,-0.295648,-1.405551,0.056186,0.032094,-0.008991,0.117779,0.264289,0.957224,-0.928548,0.371024,0.01181,-0.352032,-0.89022,0.289104,0.024774,-0.011027,-0.006829,-0.162421,0.612471,-0.06384,-1.007464,0.073268,0.03984,-0.063525,0.630309,0.009321,-0.776287,-0.009341,0.999946,0.004423,0.776287,0.004463,0.630362,0.000775,-0.009701,0.021352,-0.108323,0.017783,-0.005795,-1.067613
412,0.141466,-0.020421,0.283645,-0.636183,-0.003323,-0.771561,-0.016737,-0.999683,0.018038,-0.770588,0.024386,0.636888,0.001223,-0.031527,0.049447,-0.140224,0.029668,-0.019835,-1.913547,-0.139285,-0.04512,0.293379,-0.026235,-0.251036,0.967618,0.944742,-0.322551,-0.057948,0.326659,0.912923,0.244394,0.049485,-0.018857,-0.009574,-0.12387,0.49301,-0.14733,-1.40544,0.057102,0.031812,-0.009315,0.096212,0.246804,0.964276,-0.928774,0.370637,-0.002194,-0.357938,-0.895385,0.264885,0.024105,-0.00368,-0.008623,-0.110438,0.589958,-0.057653,-1.00926,0.073324,0.039321,-0.062588,0.629098,0.014938,-0.777181,-0.017252,0.999837,0.005252,0.777134,0.010105,0.629253,0.000713,-0.01006,0.020824,-0.107746,0.016833,-0.004972,-1.067613
413,0.141535,-0.020937,0.284501,-0.636855,-0.003861,-0.771003,-0.012833,-0.999783,0.015539,-0.770107,0.019788,0.637629,0.000988,-0.032984,0.047522,-0.135844,0.040767,-0.012518,-1.914856,-0.138514,-0.045333,0.293166,-0.021011,-0.24343,0.969687,0.941343,-0.331475,-0.062698,0.336689,0.911776,0.234881,0.032313,-0.006824,-0.014125,-0.041841,0.483099,-0.121853,-1.405116,0.057494,0.031699,-0.009422,0.090701,0.239541,0.96664,-0.92523,0.379337,-0.007188,-0.368404,-0.893713,0.256036,0.016801,-0.008886,-0.00292,0.012446,0.511365,0.105209,-1.007627,0.073359,0.039074,-0.062171,0.629936,0.015337,-0.776494,-0.021233,0.999771,0.002521,0.776356,0.014899,0.630118,0.000645,-0.010474,0.020266,-0.114994,0.006579,-0.011004,-1.067939
414,0.141697,-0.021967,0.286079,-0.637841,-0.008431,-0.770151,-0.004501,-0.999869,0.014604,-0.769383,0.012786,0.638681,0.016272,-0.024079,0.03677,-0.103936,0.016656,0.003429,-1.916215,-0.137252,-0.045674,0.292894,-0.008852,-0.225947,0.974095,0.938056,-0.339233,-0.070045,0.346255,0.913399,0.213714,0.032056,-0.002724,-0.008667,-0.093567,0.641788,0.103749,-1.405568,0.058138,0.031527,-0.009563,0.07758,0.223299,0.971657,-0.92198,0.386934,-0.015309,-0.379385,-0.894661,0.235895,0.016015,-0.001134,-0.004054,-0.113909,0.776921,0.18817,-1.012853,0.073434,0.038547,-0.061364,0.630713,0.02009,-0.775755,-0.029509,0.999562,0.001894,0.775454,0.021697,0.63103,0.000395,-0.016946,0.023147,-0.147161,0.018451,-0.026683,-1.06353
415,0.141959,-0.022976,0.287565,-0.640426,-0.011084,-0.767969,0.003466,-0.999915,0.011472,-0.767237,0.004691,0.641368,0.016093,-0.025247,0.03522,-0.090607,0.050546,0.02532,-1.916722,-0.136504,-0.045851,0.2928,-0.004954,-0.204135,0.978926,0.932898,-0.353403,-0.068857,0.359989,0.913133,0.190944,0.016014,-0.001013,-0.003884,-0.103138,0.609763,0.131571,-1.405673,0.0585,0.03144,-0.009605,0.073119,0.202089,0.976633,-0.915997,0.400924,-0.014382,-0.394463,-0.893542,0.214429,0.007978,-0.000125,-0.001446,-0.089474,0.698736,0.232998,-1.016282,0.073565,0.038043,-0.060621,0.6334,0.022753,-0.773489,-0.037511,0.999295,-0.001322,0.772914,0.029851,0.633807,0.00041,-0.011953,0.018306,-0.105516,0.022546,0.004854,-1.061571
416,0.142124,-0.023453,0.288268,-0.642349,-0.01327,-0.766327,0.007503,-0.999898,0.010956,-0.765598,0.001297,0.643339,0.016113,-0.025139,0.035333,-0.067864,0.108641,0.062575,-1.917201,-0.136346,-0.045872,0.292782,-0.003653,-0.194754,0.980841,0.929019,-0.363527,-0.068604,0.3699,0.911193,0.181012,0.015855,0.000941,-0.001225,0.469813,1.802483,-2.278627,-1.405602,0.058585,0.031428,-0.009618,0.074471,0.19109,0.978742,-0.9117,0.410713,-0.010818,-0.40405,-0.891514,0.204803,2.6e-05,-0.000248,-0.000358,-0.044356,0.291702,0.174516,-1.012689,0.073647,0.037803,-0.060271,0.635111,0.02515,-0.77201,-0.041576,0.999133,-0.001653,0.7713,0.033147,0.635607,0.000427,-0.011854,0.018419,-0.066441,0.116809,0.064333,-1.062061
417,0.142548,-0.024308,0.289599,-0.646061,-0.017512,-0.763115,0.015694,-0.999817,0.009587,-0.762342,-0.005768,0.64717,0.016141,-0.024993,0.035464,-0.060839,0.109703,0.096917,-1.917536,-0.136394,-0.045879,0.292762,-0.002184,-0.17077,0.985304,0.923694,-0.377776,-0.063311,0.38301,0.910175,0.157313,-0.015795,-0.001664,0.000238,-0.076894,0.467798,0.003997,-1.405672,0.058572,0.031429,-0.009624,0.069243,0.167392,0.983455,-0.905264,0.42476,-0.00856,-0.419166,-0.889695,0.180946,-4e-06,8.9e-05,0.000112,-0.090399,0.514432,0.300642,-1.016935,0.073859,0.037374,-0.059607,0.638661,0.029616,-0.768917,-0.049783,0.998755,-0.002881,0.767875,0.040119,0.639341,0.000464,-0.006715,0.013767,-0.019974,0.145674,0.074262,-1.063531
418,0.14305,-0.025005,0.290712,-0.649678,-0.021808,-0.759926,0.024361,-0.999659,0.007791,-0.759032,-0.013432,0.650936,0.016099,-0.015434,0.025252,-0.032347,0.067988,0.05394,-1.917842,-0.136788,-0.045895,0.292716,-0.004059,-0.147221,0.989091,0.915927,-0.397436,-0.055282,0.401215,0.905876,0.135202,-0.01701,0.008415,-0.009304,-0.031816,0.421287,0.232004,-1.405997,0.058369,0.031424,-0.009643,0.069893,0.143342,0.987201,-0.896077,0.443895,-0.001013,-0.43836,-0.884538,0.159471,-0.008502,0.004196,-0.004673,-0.031553,0.400501,0.22004,-1.019058,0.07411,0.037024,-0.059044,0.642325,0.03394,-0.765679,-0.058392,0.998282,-0.004734,0.764204,0.04775,0.643203,0.000395,-0.007173,0.013165,-0.017298,0.06899,-0.002465,-1.061571
419,0.143339,-0.02535,0.291231,-0.653267,-0.022415,-0.756826,0.02839,-0.99957,0.005029,-0.755803,-0.01818,0.654567,0.015982,-0.016208,0.024256,0.104471,0.420534,0.276119,-1.917525,-0.137132,-0.04594,0.292673,-0.004597,-0.132505,0.991167,0.912054,-0.406922,-0.050054,0.409937,0.903915,0.121464,-0.015699,-0.002866,-0.001421,-0.143825,0.870756,0.468662,-1.405896,0.058197,0.031401,-0.009664,0.069652,0.130793,0.988959,-0.891357,0.453293,0.002829,-0.447918,-0.881713,0.148156,-0.007851,-0.001462,-0.000751,-0.140617,0.817639,0.437551,-1.018078,0.074255,0.036852,-0.058783,0.644368,0.035817,-0.763875,-0.062636,0.998017,-0.00604,0.762145,0.051738,0.645335,0.007851,-0.013847,0.015986,0.102459,0.469594,0.262631,-1.062551
420,0.143898,-0.026021,0.292142,-0.66115,-0.029139,-0.749718,0.037049,-0.999281,0.006096,-0.748536,-0.023717,0.66269,0.015961,-0.006465,0.014298,4.150613,0.057051,-3.559305,-1.917839,-0.137797,-0.046019,0.292548,-0.005939,-0.111849,0.993703,0.90338,-0.426652,-0.042508,0.428697,0.89756,0.102315,-0.016902,0.007108,-0.011115,1.609333,0.384512,0.420473,-1.406046,0.057871,0.03136,-0.009721,0.069962,0.108741,0.991604,-0.882151,0.470845,0.010605,-0.465739,-0.875488,0.128867,-0.007821,-0.002279,-0.00159,5.398409,0.401504,0.855547,-1.018894,0.074535,0.036513,-0.058324,0.654068,0.037845,-0.755487,-0.065151,0.997854,-0.006418,0.753624,0.053419,0.65513,0.00773,-0.014719,0.014878,-0.073875,0.112889,0.037302,-1.061898
421,0.144464,-0.026707,0.292983,-0.669973,-0.033876,-0.741643,0.046132,-0.998914,0.003881,-0.740138,-0.031578,0.671733,0.015625,-0.018688,0.021088,0.185695,0.387496,0.127165,-1.917195,-0.138598,-0.046187,0.292307,-0.006631,-0.094169,0.99553,0.89667,-0.441188,-0.035645,0.442551,0.892523,0.086101,-0.031287,-0.007613,-0.005489,0.478019,0.077725,0.251779,-1.406068,0.057482,0.031282,-0.009836,0.069832,0.089872,0.993501,-0.874389,0.484904,0.017595,-0.480172,-0.869936,0.112445,-0.007725,-0.003565,-0.003341,5.472747,0.004993,0.510619,-1.015139,0.074817,0.036174,-0.057907,0.661276,0.047585,-0.748631,-0.080164,0.996753,-0.007454,0.745846,0.064943,0.662944,0.007856,-0.008956,0.01102,0.538994,0.691839,-0.128644,-1.062714
422,0.145032,-0.02737,0.293821,-0.674176,-0.036109,-0.737718,0.050162,-0.998723,0.002972,-0.736047,-0.034964,0.676047,0.015879,-0.017039,0.023127,0.028755,0.251001,0.175002,-1.917553,-0.139498,-0.046367,0.291938,-0.009784,-0.076649,0.997006,0.889706,-0.455708,-0.026188,0.456333,0.886864,0.071389,-0.032484,0.002144,-0.015529,-0.008472,0.285757,0.081114,-1.406047,0.057014,0.031189,-0.01003,0.072397,0.072471,0.994739,-0.86525,0.500639,0.026499,-0.496085,-0.862617,0.09895,-0.016233,0.001038,-0.007806,-0.005898,0.244619,0.054475,-1.014649,0.075106,0.035832,-0.057486,0.665911,0.049756,-0.744369,-0.084204,0.99641,-0.008726,0.741263,0.06849,0.66771,0.007932,-0.008478,0.011606,0.060614,0.320712,0.21398,-1.068266
423,0.14533,-0.027684,0.29426,-0.675918,-0.038657,-0.735994,0.054755,-0.998484,0.002086,-0.73412,-0.038848,0.677928,0.015874,-0.017094,0.023043,0.002342,0.183233,0.132704,-1.91762,-0.139998,-0.046441,0.291722,-0.009846,-0.064805,0.997845,0.884839,-0.465335,-0.021375,0.465699,0.882785,0.060658,-0.031248,-0.008831,-0.007247,0.060308,0.575382,0.236573,-1.405908,0.056776,0.031155,-0.010136,0.071934,0.062239,0.995465,-0.859634,0.510014,0.030231,-0.50582,-0.857911,0.09019,-0.008338,0.001914,-0.007834,0.422379,0.774629,0.442275,-1.018404,0.075256,0.035675,-0.057265,0.667884,0.052182,-0.742433,-0.08876,0.996004,-0.009843,0.738953,0.072473,0.669847,0.007925,-0.008537,0.011526,0.012025,0.205728,0.145742,-1.071368
424,0.145959,-0.028196,0.295185,-0.679213,-0.038802,-0.732946,0.057498,-0.998332,-0.000504,-0.730861,-0.042445,0.681226,0.016298,-0.014159,0.026654,0.118731,0.468093,0.340699,-1.917681,-0.141044,-0.046511,0.291241,-0.008948,-0.044092,0.998983,0.877347,-0.479606,-0.013195,0.47968,0.876374,0.041709,-0.032494,0.001806,-0.016099,-0.016275,0.346775,0.117011,-1.405828,0.056241,0.031116,-0.01038,0.06995,0.039753,0.996757,-0.850932,0.523838,0.038824,-0.520596,-0.850889,0.07047,-0.016237,0.000885,-0.008064,-0.012793,0.286294,0.082201,-1.006158,0.07557,0.035416,-0.056806,0.66981,0.053381,-0.74061,-0.091685,0.995725,-0.011152,0.73685,0.075373,0.671841,0.008143,-0.007021,0.01339,0.107864,0.445667,0.328791,-1.074961
425,0.146632,-0.0287,0.296233,-0.681803,-0.042119,-0.730353,0.060381,-0.998161,0.001124,-0.728211,-0.043288,0.684004,0.016495,-0.012713,0.028383,-0.037684,0.064196,0.092528,-1.917418,-0.142039,-0.046515,0.290682,-0.004228,-0.020431,0.999778,0.872571,-0.48838,-0.006175,0.488372,0.872359,0.018626,-0.016667,0.003254,-0.016572,-0.055739,0.615124,0.311647,-1.405907,0.05575,0.031112,-0.010654,0.064093,0.018312,0.997775,-0.845267,0.532483,0.044524,-0.530484,-0.846241,0.049607,-0.015649,-0.004497,-0.003796,-0.124212,0.893548,0.419213,-1.004361,0.075906,0.035165,-0.056281,0.673929,0.055745,-0.736689,-0.094314,0.995481,-0.010952,0.73275,0.076862,0.676141,0.008238,-0.006303,0.014246,-0.046111,0.046512,0.083942,-1.075941
426,0.146989,-0.028961,0.296818,-0.68166,-0.041331,-0.730532,0.058816,-0.998253,0.001524,-0.728473,-0.041884,0.683812,0.016635,-0.011674,0.029627,-0.06819,-0.015117,0.044152,-1.917755,-0.142488,-0.046524,0.290367,0.002729,-0.008563,0.999955,0.870131,-0.49271,-0.006479,0.492709,0.870102,0.00484,-0.016619,0.00238,-0.017805,-0.082073,0.800892,0.419086,-1.406141,0.055525,0.031109,-0.01081,0.056553,0.007939,0.998367,-0.842593,0.536794,0.043461,-0.535573,-0.843675,0.037047,-0.015613,-0.005063,-0.004594,-0.050913,0.314128,0.08056,-1.007137,0.076078,0.035038,-0.056,0.673737,0.054997,-0.736921,-0.092767,0.995632,-0.010508,0.733125,0.075441,0.675896,0.00828,-0.005992,0.014612,-0.0747,-0.012356,0.013226,-1.073491
427,0.147693,-0.029554,0.298098,-0.686035,-0.043153,-0.726319,0.060857,-0.998131,0.001748,-0.724185,-0.042956,0.688286,0.01665,-0.011459,0.029806,0.000631,0.16554,0.153177,-1.91794,-0.14322,-0.046569,0.289655,0.02448,0.015108,0.999582,0.868164,-0.496023,-0.013649,0.495547,0.868097,-0.026524,-0.016491,-4.7e-05,-0.021229,1.602515,0.712597,0.01827,-1.405753,0.055165,0.03109,-0.011152,0.034796,-0.015505,0.999274,-0.844069,0.534908,0.03769,-0.535104,-0.844767,0.005525,-0.008245,5.5e-05,-0.010489,-0.12027,2.126109,-1.990713,-1.012363,0.076425,0.034753,-0.055371,0.677519,0.057426,-0.733259,-0.094993,0.995429,-0.009814,0.729344,0.076304,0.679877,0.008318,-0.005639,0.015006,0.066053,0.31926,0.240795,-1.074634
428,0.148309,-0.030249,0.299347,-0.689383,-0.043509,-0.72312,0.062985,-0.998,-7.2e-05,-0.720816,-0.045548,0.691648,0.016384,-0.023563,0.036748,0.052622,0.411531,0.273466,-1.917382,-0.143714,-0.046737,0.288841,0.04372,0.038785,0.998286,0.869297,-0.493867,-0.018768,0.492206,0.86856,-0.05657,-0.016394,-0.002146,-0.024238,-0.033806,0.521304,0.028605,-1.406231,0.054911,0.031012,-0.01156,0.013465,-0.039372,0.999133,-0.842517,0.537685,0.032541,-0.5385,-0.842225,-0.025932,-0.008161,-0.001534,-0.012751,-0.058585,0.734189,0.130339,-1.016119,0.076739,0.034403,-0.054734,0.679885,0.058548,-0.730977,-0.097217,0.995205,-0.010711,0.726845,0.078346,0.682317,0.008184,-0.006593,0.013804,0.105406,0.46481,0.299731,-1.074961
429,0.148873,-0.03104,0.300592,-0.69069,-0.049534,-0.721484,0.071361,-0.997436,9e-05,-0.718782,-0.051369,0.693355,0.016219,-0.014579,0.025875,-0.010757,0.153789,0.110955,-1.917674,-0.143968,-0.046969,0.287844,0.058346,0.061773,0.996379,0.864565,-0.50208,-0.019385,0.49896,0.862469,-0.08396,-0.000321,-0.004176,-0.0296,-0.03547,0.567429,0.06074,-1.406202,0.054779,0.030894,-0.01206,-0.002592,-0.061578,0.998098,-0.83743,0.545635,0.031488,-0.546537,-0.835757,-0.052982,-0.000133,-0.002348,-0.015158,-0.035264,0.603457,0.286767,-1.018894,0.077022,0.034007,-0.054104,0.682277,0.063823,-0.728301,-0.105387,0.994363,-0.011588,0.723457,0.08466,0.685158,0.008036,-0.012825,0.017071,-0.018621,0.234475,0.130461,-1.075777
430,0.149106,-0.031449,0.301188,-0.690725,-0.049217,-0.721472,0.069884,-0.99754,0.001071,-0.718893,-0.049626,0.693366,0.000813,-0.014411,0.025949,-0.069456,0.0154,-0.009519,-1.917483,-0.143983,-0.047079,0.287264,0.065673,0.072777,0.995179,0.859105,-0.511375,-0.019181,0.507399,0.856113,-0.097363,-0.000285,-0.004835,-0.030614,-0.025893,0.502936,0.023111,-1.40615,0.054771,0.030836,-0.012364,-0.010737,-0.072901,0.997281,-0.831521,0.554593,0.031588,-0.555388,-0.828922,-0.066573,-0.000118,-0.002561,-0.015514,-0.026367,0.46638,0.008315,-1.020364,0.077144,0.033802,-0.053806,0.682618,0.063255,-0.728032,-0.103786,0.994539,-0.010901,0.723367,0.083,0.685456,0.007983,-0.013252,0.016541,-0.111473,-0.001197,-0.005664,-1.075941
431,0.149427,-0.032257,0.302261,-0.690088,-0.056625,-0.721538,0.078802,-0.996872,0.002792,-0.718583,-0.054869,0.693292,0.015841,-0.017516,0.022272,-0.037722,0.012979,-0.037126,-1.917722,-0.143841,-0.047235,0.285963,0.078225,0.095305,0.992366,0.854006,-0.519913,-0.017271,0.514168,0.848698,-0.123313,0.015724,-0.004585,-0.032882,-0.010431,0.390525,-0.004562,-1.405956,0.054836,0.030758,-0.013003,-0.024463,-0.094946,0.995181,-0.825917,0.562801,0.033392,-0.563259,-0.821121,-0.092185,-0.000664,0.002056,-0.021009,0.015631,0.402601,-0.035672,-1.019874,0.077299,0.0334,-0.053267,0.681612,0.070695,-0.728289,-0.112647,0.993594,-0.00898,0.722989,0.088161,0.68521,0.000293,-0.007927,0.012089,0.042745,-0.089616,0.055294,-1.075614
432,0.14956,-0.032964,0.303194,-0.690172,-0.056282,-0.721484,0.076491,-0.997046,0.004533,-0.718751,-0.051996,0.693339,0.000495,-0.016831,0.02299,-0.070326,0.012977,-0.010948,-1.916447,-0.143457,-0.047308,0.284481,0.092547,0.114579,0.98909,0.848403,-0.528982,-0.017988,0.521,0.840649,-0.147413,0.015853,-0.006138,-0.03536,0.004995,0.276113,0.123427,-1.405687,0.055034,0.030719,-0.013757,-0.040095,-0.113385,0.992741,-0.819923,0.571569,0.032165,-0.571067,-0.812682,-0.115884,0.007953,-0.003127,-0.017771,0.004378,0.214023,0.098736,-1.016445,0.077371,0.033044,-0.052804,0.681706,0.070373,-0.728232,-0.110359,0.993865,-0.007266,0.723254,0.08532,0.685291,0.000204,-0.008629,0.011232,-0.071255,0.027694,-0.035541,-1.075614
433,0.149571,-0.033283,0.303654,-0.689853,-0.060183,-0.721475,0.081287,-0.996662,0.00534,-0.718532,-0.054895,0.693343,0.0005,-0.016792,0.023032,-0.071023,0.027632,-0.035753,-1.915783,-0.14317,-0.047333,0.283675,0.097913,0.122719,0.987595,0.845441,-0.533724,-0.017383,0.524814,0.836483,-0.157255,0.014692,0.004434,-0.044418,0.04671,0.223486,0.119177,-1.405904,0.055166,0.030708,-0.01413,-0.045722,-0.120941,0.991606,-0.816714,0.576119,0.032608,-0.575227,-0.808368,-0.125115,0.007358,0.002385,-0.021969,0.037624,0.276125,0.158441,-1.012526,0.077376,0.03289,-0.052584,0.681241,0.074244,-0.728283,-0.115165,0.993325,-0.006464,0.722943,0.088276,0.685244,0.000283,-0.008044,0.011939,-0.065796,-0.088275,0.160459,-1.075777
434,0.149503,-0.033765,0.3045,-0.689598,-0.064194,-0.721373,0.08547,-0.996303,0.00688,-0.718292,-0.056839,0.693435,-0.01467,-0.014657,0.025493,-0.071314,0.027648,-0.040528,-1.914226,-0.142475,-0.047361,0.282101,0.109775,0.135823,0.984629,0.839257,-0.54336,-0.018499,0.532324,0.828198,-0.174879,0.031995,-0.00563,-0.0376,0.007631,0.264416,0.158094,-1.405675,0.055525,0.030692,-0.014948,-0.058559,-0.133169,0.989361,-0.810066,0.585523,0.030865,-0.583405,-0.799642,-0.142163,0.016025,-0.002865,-0.018889,0.007881,0.254883,0.159731,-1.007464,0.077342,0.032634,-0.052146,0.680868,0.078287,-0.728209,-0.119271,0.992849,-0.004781,0.722628,0.09011,0.685337,-0.007346,-0.007311,0.012767,-0.07165,0.027703,-0.040187,-1.075777
435,0.149396,-0.034116,0.305341,-0.689232,-0.068,-0.721374,0.08971,-0.995921,0.008095,-0.718127,-0.059058,0.693421,0.000947,-0.003062,0.017893,-0.034101,-0.015392,0.031786,-1.913426,-0.141684,-0.047357,0.280456,0.122918,0.152171,0.980677,0.836549,-0.547474,-0.019785,0.533696,0.822607,-0.195828,0.014743,0.005148,-0.043997,0.044016,0.253363,0.169453,-1.405976,0.055909,0.030688,-0.015741,-0.072786,-0.14878,0.986188,-0.807267,0.589456,0.029347,-0.58568,-0.793981,-0.163009,0.007424,0.002134,-0.022653,0.029227,0.373938,0.195388,-1.00975,0.077288,0.03246,-0.05174,0.680371,0.082094,-0.728254,-0.123535,0.992333,-0.003549,0.72238,0.09238,0.685297,0.000421,-0.006989,0.01319,-0.065692,-0.087439,0.160915,-1.077084
436,0.149354,-0.034252,0.305726,-0.689232,-0.067845,-0.721388,0.088964,-0.995983,0.008599,-0.718219,-0.058174,0.693401,0.000891,-0.003489,0.017368,-0.034812,-0.000816,0.006941,-1.913817,-0.141319,-0.047297,0.279617,0.127462,0.162986,0.978356,0.83389,-0.55162,-0.016628,0.536777,0.817738,-0.207455,0.014769,0.005086,-0.044243,0.004954,0.626376,0.362658,-1.405867,0.056092,0.030718,-0.01616,-0.077735,-0.157037,0.984528,-0.803986,0.593825,0.031238,-0.589544,-0.789119,-0.172417,0.007395,0.002765,-0.021803,0.041172,0.188412,0.14257,-1.00975,0.077267,0.032392,-0.051539,0.680379,0.081926,-0.728265,-0.122755,0.992432,-0.00304,0.722505,0.091466,0.685287,0.000436,-0.001719,0.008717,-0.030229,-0.101163,0.178859,-1.077247
437,0.149343,-0.034468,0.306502,-0.688858,-0.071725,-0.72137,0.093516,-0.995557,0.009612,-0.718,-0.060757,0.693406,0.000914,-0.003302,0.017562,-0.034811,-0.000805,0.006947,-1.913351,-0.1408,-0.046978,0.277906,0.13259,0.18697,0.973372,0.82537,-0.564519,-0.003876,0.548563,0.803654,-0.230395,0.014642,0.007485,-0.04094,-0.00624,0.870633,0.54329,-1.405846,0.056352,0.030869,-0.017019,-0.084305,-0.18023,0.980004,-0.794003,0.606375,0.043212,-0.602039,-0.774484,-0.194224,0.007345,0.003786,-0.02042,0.163571,0.510741,0.297277,-1.008281,0.077262,0.032285,-0.05115,0.679872,0.085796,-0.728293,-0.127286,0.991863,-0.001978,0.722198,0.094046,0.685261,0.000447,-0.001633,0.008804,-0.03514,-0.000696,0.007311,-1.076594
438,0.149422,-0.034628,0.307182,-0.688772,-0.071145,-0.721511,0.092116,-0.995682,0.010171,-0.718264,-0.059376,0.693252,0.000711,-0.004836,0.01571,-0.035524,0.013668,-0.017965,-1.911609,-0.140602,-0.046352,0.276155,0.137983,0.21147,0.967591,0.8196,-0.572816,0.008431,0.555827,0.791592,-0.253577,-0.002842,0.019707,-0.044939,0.045355,0.567891,0.119727,-1.405961,0.056464,0.031175,-0.017897,-0.091392,-0.206954,0.974072,-0.787346,0.61391,0.05656,-0.609698,-0.761763,-0.219051,-0.001397,0.009879,-0.022437,0.040878,0.691542,0.426582,-1.01024,0.077302,0.032209,-0.050806,0.679801,0.08518,-0.728432,-0.125857,0.992046,-0.001448,0.722516,0.092663,0.685115,0.000412,-0.001902,0.008468,-0.030111,-0.100641,0.17909,-1.07692
439,0.149535,-0.034836,0.307707,-0.690192,-0.073563,-0.71991,0.096512,-0.995276,0.009099,-0.716321,-0.063116,0.694929,0.00042,-0.007064,0.013053,-0.004535,0.081224,0.053539,-1.908784,-0.140759,-0.045445,0.274504,0.135496,0.233144,0.962952,0.809231,-0.586752,0.028313,0.571411,0.775104,-0.269381,-0.004357,0.034654,-0.047398,0.103299,0.408793,0.108129,-1.405957,0.056383,0.031642,-0.018759,-0.090415,-0.229581,0.96908,-0.775143,0.627165,0.076258,-0.625281,-0.744282,-0.234663,-0.002162,0.017495,-0.023451,0.096402,0.356621,0.06464,-1.011546,0.077358,0.032107,-0.050541,0.681258,0.087667,-0.726774,-0.130305,0.99147,-0.002549,0.720352,0.096439,0.686871,0.007804,-0.004408,0.005526,-0.002612,0.088665,0.063739,-1.0779
440,0.149573,-0.034979,0.307891,-0.692155,-0.072439,-0.718136,0.095851,-0.99535,0.007944,-0.714513,-0.063253,0.696776,0.000119,-0.009374,0.010313,0.118764,0.431581,0.219072,-1.908116,-0.140959,-0.044923,0.273724,0.132021,0.244614,0.960586,0.805333,-0.591412,0.04004,0.577696,0.767983,-0.276283,-0.019271,0.023639,-0.036468,0.025547,0.827974,0.287066,-1.405942,0.056291,0.031894,-0.019136,-0.087111,-0.238345,0.967265,-0.770117,0.632026,0.086382,-0.631926,-0.737383,-0.23861,-0.001581,0.012617,-0.018374,0.068462,0.290009,-0.002985,-1.014812,0.077378,0.032038,-0.050446,0.681604,0.087555,-0.726463,-0.129843,0.991531,-0.002323,0.720108,0.09591,0.6872,5.3e-05,-0.004688,0.005155,0.140184,0.493165,0.255198,-1.077737
441,0.149582,-0.035327,0.308169,-0.696165,-0.070548,-0.714439,0.094773,-0.995467,0.005875,-0.710751,-0.063539,0.700587,-0.000174,-0.011632,0.007638,0.008429,0.132482,0.049241,-1.905933,-0.141443,-0.043824,0.27243,0.123089,0.256966,0.958546,0.79943,-0.597921,0.057754,0.587786,0.758842,-0.28023,-0.01955,0.028152,-0.029651,0.087652,0.22276,-0.03462,-1.405677,0.056042,0.032451,-0.019798,-0.079498,-0.253906,0.963956,-0.763117,0.637669,0.105026,-0.641351,-0.727262,-0.244453,-0.009764,0.014264,-0.014535,0.082266,0.163776,-0.084239,-1.007301,0.077382,0.031863,-0.050307,0.687439,0.08486,-0.721266,-0.128567,0.991683,-0.005862,0.71477,0.096761,0.692632,-7.9e-05,-0.00056,-0.000663,0.045511,0.127312,0.073559,-1.0779
442,0.149559,-0.035766,0.308388,-0.700253,-0.068985,-0.710586,0.093845,-0.995564,0.004096,-0.706847,-0.063739,0.704508,-0.000386,-0.013259,0.00571,-0.019736,0.072492,-0.017866,-1.903384,-0.1419,-0.042916,0.271596,0.110482,0.267384,0.957231,0.7971,-0.599059,0.075455,0.59344,0.75432,-0.280522,-0.018476,0.02003,-0.016969,0.121232,0.103286,0.357012,-1.406123,0.05582,0.032899,-0.020206,-0.067583,-0.263726,0.962227,-0.759671,0.638812,0.121729,-0.646785,-0.722749,-0.243518,-0.001215,0.010884,-0.00849,0.290873,-0.031482,0.820041,-1.013179,0.077371,0.031644,-0.050198,0.691768,0.083345,-0.717293,-0.127582,0.991797,-0.007801,0.710759,0.096911,0.696727,-0.000146,-0.006241,0.003318,-0.035166,0.024108,-0.008579,-1.079043
443,0.149552,-0.035994,0.308487,-0.702294,-0.068224,-0.708643,0.093393,-0.99561,0.003221,-0.70488,-0.063843,0.706467,-0.000344,-0.012937,0.006092,-0.004791,0.096347,0.028594,-1.901601,-0.142094,-0.042587,0.271353,0.102764,0.268431,0.957797,0.795727,-0.599904,0.082873,0.596668,0.753276,-0.276451,-0.01727,0.009643,-0.007722,0.036028,0.006297,-0.002616,-1.406155,0.055716,0.033073,-0.020331,-0.059752,-0.265834,0.962165,-0.757838,0.639439,0.129606,-0.6497,-0.721421,-0.239667,-0.008632,0.004956,-0.003653,0.032369,-0.007982,-0.029573,-1.014322,0.077367,0.031522,-0.050149,0.693752,0.082773,-0.715441,-0.127153,0.991845,-0.008547,0.7089,0.0969,0.69862,-0.000186,-0.00654,0.002962,-0.015976,0.071953,0.016994,-1.079206
444,0.149535,-0.03647,0.308646,-0.705934,-0.07084,-0.704758,0.098367,-0.995135,0.001422,-0.700554,-0.06824,0.710348,-0.000503,-0.014156,0.004641,0.119684,0.446625,0.192099,-1.899384,-0.142557,-0.042117,0.271084,0.080923,0.271266,0.959092,0.79263,-0.600852,0.103184,0.604127,0.751499,-0.264844,-0.001364,0.013153,-0.005039,0.810333,-1.393929,2.314754,-1.406064,0.055486,0.033303,-0.020464,-0.040857,-0.269039,0.962262,-0.753942,0.640281,0.147003,-0.655668,-0.719484,-0.229,-0.008664,0.005509,-0.002815,0.017604,0.118667,-0.191653,-1.021507,0.077359,0.03129,-0.050071,0.695585,0.08652,-0.713214,-0.132366,0.991161,-0.008856,0.706144,0.100565,0.700889,-0.000211,-0.006743,0.00272,0.141091,0.491154,0.251283,-1.080186
445,0.149558,-0.037024,0.30876,-0.709551,-0.073502,-0.700842,0.103277,-0.994639,-0.000321,-0.69618,-0.072525,0.714213,-0.000712,-0.015768,0.002717,0.038991,0.117239,0.234844,-1.898634,-0.143057,-0.041724,0.270987,0.059726,0.273712,0.959951,0.781754,-0.610748,0.125624,0.620563,0.742583,-0.251662,-0.017445,0.013043,-0.002578,6.115352,-0.690711,0.898237,-1.405921,0.055242,0.0335,-0.020512,-0.018135,-0.272985,0.961847,-0.745123,0.645145,0.169051,-0.666679,-0.713629,-0.215107,-0.000709,0.007116,-0.001694,0.037607,-0.009882,0.020609,-1.020037,0.07737,0.031009,-0.050011,0.700599,0.088587,-0.708033,-0.137103,0.990486,-0.011737,0.700258,0.105296,0.70608,-0.000365,-0.007945,0.001287,0.04943,0.141509,0.24701,-1.0779
446,0.149625,-0.037799,0.308853,-0.713211,-0.076381,-0.696808,0.108018,-0.994134,-0.001665,-0.691707,-0.076367,0.718148,-0.001122,-0.029249,0.008132,-0.055342,0.08518,-0.036669,-1.898318,-0.143683,-0.041242,0.271007,0.03473,0.277292,0.960153,0.769287,-0.62062,0.151528,0.63783,0.733007,-0.236083,-0.017567,0.015588,0.001252,0.796785,-1.283582,2.118513,-1.405921,0.054929,0.033739,-0.020506,0.005184,-0.277386,0.960744,-0.726845,0.658794,0.194129,-0.686781,-0.699319,-0.198202,-0.00879,0.007886,0.000771,0.035681,-0.007708,0.01203,-1.021344,0.077404,0.030634,-0.049966,0.704558,0.09137,-0.703739,-0.141768,0.989808,-0.013422,0.695341,0.109225,0.710331,-0.000542,-0.009297,-0.000336,-0.035197,0.039766,-0.032998,-1.078716
447,0.149693,-0.038283,0.308889,-0.717081,-0.07444,-0.693036,0.106909,-0.994247,-0.003901,-0.687868,-0.076804,0.721779,-0.00135,-0.03103,0.005987,0.001118,0.235641,0.046947,-1.898077,-0.144022,-0.040961,0.271073,0.021619,0.279428,0.959919,0.762487,-0.625547,0.165041,0.64653,0.727992,-0.227795,-0.017616,0.016769,0.003015,0.801224,-1.293758,2.129958,-1.405929,0.054759,0.033879,-0.020473,0.018126,-0.28017,0.959779,-0.719039,0.663356,0.20722,-0.694732,-0.693875,-0.189429,-0.008824,0.008602,0.001844,0.051399,-0.036166,0.058655,-1.025752,0.077438,0.030393,-0.049946,0.708133,0.089844,-0.700338,-0.140765,0.989923,-0.015338,0.691904,0.109445,0.713644,0.007025,-0.010774,-0.002073,0.067487,0.18699,0.276009,-1.081002
448,0.149863,-0.039447,0.308919,-0.72403,-0.079712,-0.68518,0.116598,-0.993135,-0.007748,-0.67896,-0.085409,0.729209,0.013894,-0.023109,-0.006074,0.096238,0.281101,0.101848,-1.896526,-0.144692,-0.040457,0.271337,0.008279,0.281767,0.959443,0.754843,-0.630981,0.178911,0.655756,0.722379,-0.219125,-0.00167,0.019251,0.004127,0.027514,0.064864,-0.098756,-1.406085,0.054425,0.03413,-0.020344,0.033921,-0.283745,0.958299,-0.709713,0.668267,0.22299,-0.703673,-0.687681,-0.17871,-0.008802,0.008577,0.001774,0.024643,0.093057,-0.148319,-1.031794,0.077518,0.02982,-0.049929,0.714795,0.095446,-0.692789,-0.150369,0.988447,-0.018967,0.682976,0.117732,0.720889,-0.000843,-0.016838,0.001377,0.440907,0.480023,-0.190819,-1.079043
449,0.150024,-0.040775,0.308926,-0.733951,-0.076644,-0.674898,0.114801,-0.993301,-0.012122,-0.668536,-0.086288,0.738675,0.013472,-0.047444,0.007808,-0.030895,0.254349,0.035199,-1.892912,-0.145103,-0.040074,0.271771,-0.008709,0.284852,0.958527,0.747114,-0.63519,0.195672,0.664561,0.717461,-0.208496,-0.000505,0.009149,0.013744,0.003821,-0.018687,0.029831,-1.406013,0.054212,0.034328,-0.020125,0.050543,-0.28767,0.956394,-0.700784,0.672079,0.239186,-0.71158,-0.682316,-0.167626,-0.008249,0.00416,0.007524,0.002969,-0.017852,0.023525,-1.033917,0.077598,0.029152,-0.049929,0.725525,0.092613,-0.681934,-0.148656,0.988599,-0.023898,0.671947,0.118712,0.731022,-0.000975,-0.017913,3.6e-05,-0.000113,0.254548,0.026954,-1.082472
450,0.150113,-0.041498,0.308915,-0.740772,-0.07215,-0.667905,0.113628,-0.993332,-0.0188,-0.661175,-0.089737,0.744864,-0.002031,-0.036481,-0.000774,0.177337,0.709103,0.271592,-1.889113,-0.145269,-0.039903,0.272053,-0.02338,0.284439,0.958405,0.744076,-0.635232,0.206798,0.667625,0.717589,-0.198003,-0.000531,0.00969,0.014519,0.234832,-0.469455,0.713916,-1.405941,0.054129,0.034417,-0.019978,0.065077,-0.287645,0.955523,-0.697143,0.672013,0.249778,-0.713972,-0.682391,-0.156797,-0.000275,0.004881,0.00732,0.249525,-0.476757,0.791718,-1.038816,0.077648,0.028786,-0.049932,0.730919,0.089317,-0.676593,-0.147827,0.988581,-0.029194,0.66626,0.121358,0.735777,0.006719,-0.018769,-0.000989,-0.034752,0.16108,0.01178,-1.074634
451,0.150307,-0.043014,0.308836,-0.752222,-0.074511,-0.654717,0.118526,-0.992664,-0.023287,-0.647245,-0.095033,0.756353,0.013362,-0.03859,-0.003391,0.156036,0.626809,0.261811,-1.882161,-0.145433,-0.039541,0.272653,-0.038221,0.287458,0.957026,0.736607,-0.638981,0.221466,0.675197,0.713041,-0.188531,-0.00054,0.009898,0.01475,0.001947,-0.015332,0.02434,-1.405951,0.054048,0.034596,-0.019681,0.079685,-0.29175,0.953169,-0.688617,0.675259,0.264254,-0.720732,-0.677426,-0.147096,-0.000296,0.005274,0.007863,0.000218,-0.023471,0.039159,-1.044368,0.077739,0.028028,-0.049972,0.742516,0.092196,-0.663452,-0.152709,0.987697,-0.033652,0.652188,0.126302,0.74746,-0.001146,-0.024506,0.002808,-0.106768,0.088496,-0.086106,-1.076594
452,0.150521,-0.044586,0.308714,-0.760382,-0.074614,-0.645212,0.118235,-0.992666,-0.024627,-0.637698,-0.094927,0.764433,0.0132,-0.040321,-0.005679,0.057058,0.382448,0.0949,-1.86282,-0.145599,-0.039158,0.273227,-0.05917,0.29178,0.954649,0.727364,-0.642296,0.241516,0.683677,0.708288,-0.175433,-0.00052,0.009583,0.014203,0.767692,-1.404449,2.293993,-1.406085,0.053964,0.034793,-0.019387,0.099455,-0.29696,0.949696,-0.678278,0.678095,0.283064,-0.728043,-0.67231,-0.133982,-0.000273,0.004807,0.007129,0.763631,-1.395226,2.279091,-1.047143,0.077846,0.027244,-0.05003,0.751435,0.092256,-0.653324,-0.152224,0.987704,-0.035609,0.642006,0.12621,0.756239,0.006636,-0.019876,-0.002495,0.125946,0.52517,0.196825,-1.067613
453,0.150628,-0.045349,0.308614,-0.762102,-0.079713,-0.642567,0.124043,-0.991969,-0.024142,-0.634536,-0.098013,0.766672,0.013236,-0.04028,-0.005721,1.009228,0.134511,-1.331612,-1.847113,-0.145633,-0.038978,0.273497,-0.069422,0.294367,0.953163,0.720587,-0.645872,0.252069,0.689875,0.703952,-0.168485,-0.000501,0.009226,0.013639,0.010085,-0.041888,0.067046,-1.405921,0.053948,0.034879,-0.019256,0.110259,-0.300254,0.947464,-0.670447,0.681259,0.293914,-0.733718,-0.667632,-0.12619,-0.000237,0.004216,0.006236,0.031192,-0.150064,0.239987,-1.051552,0.0779,0.026861,-0.050082,0.754063,0.09559,-0.649807,-0.15604,0.987099,-0.035868,0.637996,0.128443,0.759251,-0.001131,-0.019396,-0.001992,3.471873,0.178136,-4.324153,-1.061081
454,0.150786,-0.04676,0.308352,-0.766261,-0.080273,-0.637531,0.123674,-0.992023,-0.023821,-0.629581,-0.097007,0.770872,-0.002224,-0.027821,-0.012566,-0.033625,0.049479,-0.064163,-1.817019,-0.145719,-0.0387,0.273955,-0.090031,0.297941,0.950325,0.702583,-0.657215,0.272728,0.705903,0.691848,-0.151362,-0.000447,0.008248,0.012144,0.072096,-0.157673,0.251267,-1.405863,0.053904,0.035018,-0.019028,0.130227,-0.304638,0.943523,-0.650754,0.691703,0.31315,-0.748036,-0.654783,-0.108166,-0.000207,0.00364,0.005355,0.257748,-0.561809,0.942824,-1.049103,0.077983,0.026138,-0.050218,0.757868,0.09787,-0.645024,-0.157457,0.986895,-0.035261,0.633121,0.128287,0.763347,-0.001112,-0.013933,-0.006316,-0.0483,0.017455,-0.079012,-1.060591
