frame,MLTx,MLTy,MLTz,MLTR1,MLTR2,MLTR3,MLTR4,MLTR5,MLTR6,MLTR7,MLTR8,MLTR9,MLTTVx,MLTTVy,MLTTVz,MLTRVx,MLTRVy,MLTRVz,MLGA,MRTx,MRTy,MRTz,MRTR1,MRTR2,MRTR3,MRTR4,MRTR5,MRTR6,MRTR7,MRTR8,MRTR9,MRTTVx,MRTTVy,MRTTVz,MRTRVx,MRTRVy,MRTRVz,MRGA,SLTx,SLTy,SLTz,SLTR1,SLTR2,SLTR3,SLTR4,SLTR5,SLTR6,SLTR7,SLTR8,SLTR9,SLTTVx,SLTTVy,SLTTVz,SLTRVx,SLTRVy,SLTRVz,SLGA,SRTx,SRTy,SRTz,SRTR1,SRTR2,SRTR3,SRTR4,SRTR5,SRTR6,SRTR7,SRTR8,SRTR9,SRTTVx,SRTTVy,SRTTVz,SRTRVx,SRTRVy,SRTRVz,SRGA
46,0.217102,-0.016818,0.354003,-0.552455,0.173293,-0.815358,-0.447707,-0.886762,0.114815,-0.702451,0.428251,0.568499,0.000926,-0.012346,0.007427,-0.03567,0.007821,-0.020925,-0.493733,-0.259713,-0.019781,0.343461,-0.825711,0.173759,0.536657,0.226555,-0.768949,0.597767,0.517555,0.614939,0.594854,-0.04364,-0.026274,0.032197,-0.089884,-0.094939,0.215326,0.177444,-0.001163,0.034664,-0.002731,0.835503,-0.174997,0.520874,-0.16839,0.820781,0.545859,-0.523047,-0.543777,0.656297,-0.028828,-0.006732,0.012805,-0.056346,-0.094824,0.197638,0.028125,0.106787,0.031894,-0.041979,0.678886,-0.11369,-0.725387,0.279619,0.953526,0.112248,0.678914,-0.279035,0.679126,0.000106,-0.001289,-0.001075,-0.002485,0.002023,0.001615,-0.456253
47,0.216854,-0.017062,0.35416,-0.548341,0.175956,-0.817562,-0.448766,-0.88683,0.11006,-0.704996,0.427021,0.566269,-4e-05,0.000499,0.00042,1e-06,-1e-06,1e-06,-0.462364,-0.261576,-0.020546,0.344682,-0.83613,0.172573,0.520669,0.217407,-0.767045,0.603582,0.504578,0.617646,0.603141,-0.042877,-0.023159,0.035098,-0.42881,-1.905051,2.074465,0.293015,-0.002111,0.034271,-0.002109,0.845,-0.175613,0.505107,-0.159328,0.818968,0.551276,-0.510478,-0.546306,0.664048,-0.021449,-0.011513,0.017646,-0.399272,-1.921106,2.059246,0.214766,0.106664,0.031761,-0.041896,0.675498,-0.117274,-0.727975,0.281489,0.953513,0.107591,0.681516,-0.277595,0.677108,0.000345,-0.004741,0.004922,-0.040232,0.010909,-0.023198,-0.441393
48,0.21675,-0.017091,0.354223,-0.546286,0.177301,-0.818646,-0.449161,-0.886936,0.107571,-0.70634,0.426243,0.565179,-0.0142,3.8e-05,0.000873,-0.00096,0.014688,-0.029513,-0.446622,-0.262427,-0.021012,0.345369,-0.841858,0.170534,0.512041,0.213359,-0.766138,0.606172,0.496713,0.619337,0.607915,-0.043093,-0.023707,0.03456,0.023876,-0.162472,-0.029974,0.349492,-0.002503,0.034059,-0.001788,0.850961,-0.174553,0.495373,-0.154696,0.818028,0.553985,-0.501929,-0.548052,0.669108,-0.021443,-0.011425,0.017716,0.037897,-0.372985,0.10993,0.289716,0.106612,0.031747,-0.041864,0.67384,-0.119023,-0.729226,0.282232,0.953565,0.105157,0.682849,-0.276671,0.676143,-0.00713,0.000369,0.000735,-0.005881,0.018291,-0.032726,-0.438454
49,0.21663,-0.017055,0.354207,-0.546083,0.177476,-0.818744,-0.44922,-0.886939,0.107297,-0.706459,0.426163,0.56509,-3e-06,3.3e-05,2.8e-05,-0.0,-0.0,-0.0,-0.396999,-0.263743,-0.021888,0.346662,-0.854784,0.164425,0.49224,0.204308,-0.7651,0.610585,0.478072,0.622273,0.619747,-0.028682,-0.025093,0.033149,0.287198,-0.444925,-0.328542,0.424409,-0.003193,0.033604,-0.001114,0.862987,-0.171731,0.475142,-0.1456,0.81602,0.559384,-0.483789,-0.551923,0.679211,-0.014359,-0.012525,0.016623,0.227042,-0.40014,-0.322776,0.411205,0.106546,0.031769,-0.041868,0.673726,-0.119219,-0.7293,0.282359,0.953548,0.104966,0.682909,-0.276643,0.676093,-2e-06,8e-06,9e-06,-0.000911,0.000169,0.000743,-0.420819
50,0.216646,-0.016989,0.354141,-0.545103,0.17831,-0.819215,-0.449695,-0.886838,0.106132,-0.706915,0.426024,0.564626,1.1e-05,-0.000138,-0.000116,-0.0,-0.0,-0.0,-0.390913,-0.264659,-0.02271,0.34782,-0.859598,0.157693,0.48602,0.203165,-0.767099,0.608455,0.469844,0.621564,0.626713,-0.028311,-0.014022,0.024695,0.037572,-0.157025,0.045313,0.476882,-0.003635,0.033209,-0.000556,0.868458,-0.164027,0.467839,-0.144612,0.818823,0.55553,-0.4742,-0.550111,0.687394,-0.007151,-0.008505,0.010926,0.039913,-0.180701,0.028766,0.49138,0.106555,0.031798,-0.041898,0.673054,-0.120129,-0.729771,0.282955,0.953476,0.104011,0.683325,-0.276497,0.675732,1.1e-05,-0.000107,-9e-05,-0.000554,9.1e-05,0.000577,-0.417226
51,0.216718,-0.016951,0.354101,-0.544078,0.179173,-0.819709,-0.450268,-0.886684,0.104986,-0.707341,0.425982,0.564124,0.0,-1e-06,-0.0,0.006022,-0.089812,0.177357,-0.381395,-0.265169,-0.023498,0.348596,-0.862182,0.14648,0.48495,0.206797,-0.771942,0.601062,0.46347,0.61832,0.634618,-0.001154,-0.02311,0.015999,0.071942,-0.123022,-0.154157,0.49712,-0.003904,0.032814,-0.000147,0.87152,-0.15315,0.46583,-0.148279,0.823195,0.548053,-0.467403,-0.546712,0.694722,-0.007612,-0.01002,0.009489,0.060001,-0.044639,-0.347696,0.517997,0.10659,0.03182,-0.041922,0.672245,-0.121204,-0.730338,0.283713,0.953368,0.102929,0.683807,-0.2764,0.675285,0.007054,0.000547,4.1e-05,0.000581,-0.01466,0.029897,-0.423432
52,0.216748,-0.016926,0.354094,-0.543878,0.179343,-0.819803,-0.450361,-0.886665,0.104747,-0.707435,0.425949,0.56403,0.014103,0.001142,0.00012,0.000984,-0.014715,0.029553,-0.361871,-0.265303,-0.023811,0.348853,-0.86365,0.139529,0.484389,0.208944,-0.775219,0.596081,0.459753,0.615833,0.639719,-0.000839,-0.022045,0.017008,0.250329,-0.342426,-0.247833,0.503099,-0.003972,0.032653,-2.2e-05,0.872893,-0.147362,0.465125,-0.150396,0.825615,0.54382,-0.464152,-0.54465,0.698512,-0.000356,-0.005952,0.003844,0.46303,-0.506913,-0.297683,0.518486,0.1066,0.031833,-0.041925,0.67202,-0.121504,-0.730496,0.283919,0.95334,0.102622,0.683943,-0.276366,0.675161,-2e-06,3.7e-05,3e-05,-0.000309,4e-05,0.000323,-0.422942
53,0.216812,-0.016928,0.354088,-0.54549,0.178353,-0.818948,-0.450367,-0.886408,0.106874,-0.706188,0.426899,0.564874,4.1e-05,-0.000507,-0.000426,-0.0,0.0,-0.0,-0.339111,-0.265356,-0.024213,0.349141,-0.865325,0.127849,0.484623,0.212862,-0.781456,0.586473,0.454769,0.61048,0.648354,-0.000323,-0.010699,0.008811,0.23303,-0.297601,-0.196664,0.510258,-0.004,0.032445,0.000122,0.875112,-0.135742,0.464491,-0.154464,0.831288,0.533947,-0.458605,-0.539011,0.706503,-0.000176,-0.005366,0.004393,0.459413,-0.504511,-0.291822,0.520119,0.106637,0.031833,-0.041927,0.673319,-0.120236,-0.729509,0.283701,0.953173,0.10475,0.682754,-0.277493,0.675901,0.007083,0.000201,-0.000252,0.002255,-0.016102,0.031625,-0.412328
54,0.216865,-0.016923,0.354076,-0.545298,0.178515,-0.81904,-0.450473,-0.88638,0.106658,-0.706269,0.426889,0.564781,2e-06,-2.3e-05,-2e-05,-0.0,-0.0,-0.0,-0.338817,-0.265378,-0.024314,0.349245,-0.865562,0.131331,0.483267,0.204936,-0.787431,0.58128,0.457957,0.602001,0.654013,8e-06,2.5e-05,2.4e-05,0.120571,-0.140922,-0.081357,0.512159,-0.004011,0.032391,0.000178,0.875504,-0.138239,0.463014,-0.146675,0.836965,0.527233,-0.460411,-0.529507,0.71249,3e-06,2.6e-05,2.5e-05,0.10506,-0.131255,-0.077365,0.520446,0.106664,0.031835,-0.041934,0.673155,-0.120452,-0.729625,0.283852,0.953153,0.10453,0.682853,-0.27747,0.67581,1e-06,-3e-06,-4e-06,-0.000143,1e-05,0.000162,-0.415104
55,0.216907,-0.016913,0.354082,-0.544997,0.178766,-0.819187,-0.450668,-0.886319,0.106345,-0.706378,0.426912,0.564628,0.014098,0.001203,0.000169,0.007008,-0.10454,0.206904,-0.338218,-0.265432,-0.024321,0.349267,-0.863535,0.144207,0.483221,0.191737,-0.792204,0.579296,0.467423,0.592707,0.655803,0.0,0.0,0.0,0.288612,0.308065,0.108776,0.511356,-0.004038,0.032388,0.000189,0.873044,-0.150501,0.463833,-0.133695,0.840859,0.52448,-0.468953,-0.519907,0.713987,5e-06,-0.0,7e-06,0.856813,0.914349,1.049465,0.520609,0.106685,0.03184,-0.041931,0.672919,-0.120759,-0.729791,0.2841,0.95311,0.104248,0.682983,-0.277484,0.675674,0.007048,0.000607,8.8e-05,0.006918,-0.104531,0.207025,-0.418533
56,0.216936,-0.016879,0.354055,-0.544683,0.179035,-0.819337,-0.4508,-0.886298,0.105954,-0.706536,0.426841,0.564484,0.014107,0.001087,7.1e-05,0.000984,-0.014715,0.029553,-0.330122,-0.265658,-0.024382,0.349324,-0.855714,0.178577,0.485649,0.161175,-0.799712,0.578288,0.492714,0.572893,0.654896,-0.000253,-0.000844,-0.000797,6.6e-05,4.8e-05,6.2e-05,0.505941,-0.00415,0.032358,0.000219,0.863479,-0.184722,0.469341,-0.102636,0.846704,0.522071,-0.493831,-0.498969,0.712152,-0.007321,0.000585,0.000577,-0.01542,0.106319,-0.202341,0.520772,0.106694,0.031856,-0.041945,0.67269,-0.121066,-0.729952,0.284272,0.953097,0.103897,0.683137,-0.277395,0.675555,0.0,-1e-06,-4e-06,-7.6e-05,7e-06,0.000131,-0.422778
57,0.216945,-0.016847,0.354028,-0.546322,0.178029,-0.818464,-0.450714,-0.886089,0.108047,-0.705323,0.427695,0.565352,-0.0,0.0,0.0,-1e-06,1e-06,-1e-06,-0.326597,-0.265917,-0.024644,0.349517,-0.847274,0.207064,0.489124,0.136319,-0.805104,0.577199,0.514367,0.555457,0.653266,-0.000641,-0.011736,0.007834,-0.029158,0.023758,-0.006683,0.501384,-0.004274,0.032234,0.000308,0.853887,-0.212613,0.475048,-0.077354,0.85077,0.519813,-0.514676,-0.480609,0.710015,-0.00029,-0.000934,-0.000881,0.074353,0.085483,0.099609,0.522732,0.106703,0.031873,-0.041958,0.674023,-0.119759,-0.728937,0.283948,0.952963,0.105992,0.681957,-0.278421,0.676324,0.0,-0.0,-4e-06,0.008535,-0.09235,0.180634,-0.424901
58,0.216955,-0.016837,0.354009,-0.546297,0.178054,-0.818475,-0.450695,-0.886106,0.107988,-0.705354,0.42765,0.565347,4e-06,-5.2e-05,-4.4e-05,-0.0,0.0,-0.0,-0.324851,-0.266019,-0.024849,0.34965,-0.842807,0.221376,0.490571,0.123616,-0.807344,0.576931,0.524827,0.546601,0.652417,-0.014973,-0.009543,0.009954,-0.043694,0.129667,-0.212478,0.499693,-0.004325,0.032131,0.000374,0.848795,-0.226587,0.477707,-0.064534,0.85236,0.518957,-0.524768,-0.471317,0.708856,-0.000429,-0.006188,0.003616,0.038674,0.100933,0.083727,0.521915,0.106708,0.031878,-0.041968,0.673983,-0.119809,-0.728966,0.28394,0.952976,0.105898,0.682,-0.278356,0.676308,4e-06,-3.2e-05,-2.9e-05,0.000268,-0.00031,0.000527,-0.427024
59,0.216997,-0.016834,0.354009,-0.546226,0.178113,-0.818509,-0.450741,-0.886092,0.107914,-0.70538,0.427655,0.565312,0.0,-0.0,-0.0,0.0,0.0,0.0,-0.319348,-0.266207,-0.025408,0.350102,-0.82773,0.267022,0.493511,0.083307,-0.811136,0.578837,0.555896,0.519894,0.648501,-0.0006,-0.021187,0.017838,-0.054441,0.063958,0.001577,0.495452,-0.004426,0.03185,0.000598,0.831537,-0.271207,0.484759,-0.024146,0.854229,0.519334,-0.554943,-0.443551,0.703775,-0.000181,-0.005337,0.004421,0.054604,0.092196,0.082399,0.51669,0.10673,0.031879,-0.041968,0.673924,-0.119885,-0.729008,0.284,0.952966,0.105826,0.682033,-0.278357,0.676274,-2e-06,5e-06,3e-06,-5.1e-05,-1.2e-05,0.00011,-0.4298
60,0.217071,-0.016828,0.354009,-0.545779,0.178485,-0.818727,-0.45103,-0.886001,0.10745,-0.705541,0.427688,0.565085,0.0,-0.0,-0.0,0.0,0.0,0.0,-0.317904,-0.266485,-0.026062,0.350806,-0.818045,0.296545,0.492803,0.055757,-0.81176,0.581266,0.573426,0.502602,0.646867,-7.3e-05,-0.019426,0.019513,-0.0695,0.034228,-0.028367,0.495107,-0.004565,0.031522,0.000949,0.820511,-0.30016,0.486481,0.00364,0.853769,0.520638,-0.571617,-0.425419,0.70162,-0.007149,-0.008334,0.011084,-0.066557,0.051926,-0.052545,0.511138,0.106767,0.031882,-0.041967,0.673576,-0.120335,-0.729255,0.284361,0.952904,0.105409,0.682227,-0.278373,0.676072,-2e-06,2e-06,1e-06,-3.6e-05,1.4e-05,0.000112,-0.432576
61,0.217134,-0.016815,0.354003,-0.545338,0.178853,-0.81894,-0.451298,-0.885922,0.106976,-0.705712,0.427697,0.564866,0.0,-0.0,-0.0,0.0,0.0,0.0,-0.318057,-0.26684,-0.026685,0.351568,-0.815857,0.304379,0.491652,0.047672,-0.811804,0.581924,0.577264,0.497818,0.647152,0.00033,-0.008495,0.010911,-0.052849,-0.031877,0.039234,0.496057,-0.004737,0.031213,0.001325,0.817937,-0.307745,0.486076,0.01167,0.853601,0.520796,-0.575188,-0.420306,0.701784,-0.007255,-0.008663,0.010775,-0.313822,-0.520455,0.618971,0.509669,0.106798,0.031889,-0.041971,0.673233,-0.120782,-0.729498,0.284699,0.952851,0.104979,0.682424,-0.278363,0.675877,-2e-06,1e-06,-1e-06,-4.5e-05,-6e-06,9.6e-05,-0.436495
62,0.217155,-0.016806,0.353996,-0.545184,0.178983,-0.819015,-0.45138,-0.885902,0.1068,-0.705779,0.427685,0.564791,0.0,-0.0,-0.0,0.0,0.0,0.0,-0.317515,-0.26706,-0.026902,0.351904,-0.813689,0.308964,0.492384,0.04398,-0.811758,0.582279,0.580611,0.495057,0.646276,-0.013979,-0.015684,0.023093,-0.071665,0.034057,-0.034586,0.495269,-0.004852,0.031095,0.001505,0.815595,-0.312255,0.487135,0.015332,0.853255,0.521268,-0.578419,-0.417674,0.700698,-0.006999,-0.007822,0.011572,-0.073723,0.035014,-0.035773,0.508199,0.106808,0.031893,-0.041974,0.673113,-0.120939,-0.729583,0.284807,0.952836,0.104816,0.682497,-0.278344,0.675811,-0.0,0.0,-3e-06,-4.5e-05,-4e-06,9.3e-05,-0.438454
63,0.217153,-0.016792,0.354007,-0.545045,0.179098,-0.819082,-0.451469,-0.885874,0.106656,-0.705829,0.427695,0.564721,-0.000109,0.001346,0.001132,0.000874,-0.013024,0.025694,-0.317927,-0.26761,-0.02706,0.352453,-0.81537,0.310118,0.488866,0.043114,-0.80941,0.585603,0.578312,0.498167,0.645948,-0.013357,-0.004057,0.015129,-0.035925,0.018213,-0.019043,0.496345,-0.005118,0.031015,0.001772,0.817129,-0.313757,0.483585,0.016236,0.851092,0.524764,-0.576224,-0.420949,0.700546,-0.01388,-0.000952,0.008603,-0.036619,0.037152,-0.053356,0.505097,0.106808,0.031897,-0.041971,0.673017,-0.121063,-0.729651,0.284906,0.952819,0.104702,0.682551,-0.278348,0.675755,1e-06,-5e-06,-5e-06,-3.6e-05,1.6e-05,9.6e-05,-0.442047
64,0.217142,-0.016786,0.354013,-0.544832,0.179274,-0.819185,-0.451606,-0.88583,0.106435,-0.705906,0.427711,0.564612,-1.1e-05,0.000138,0.000116,0.0,0.0,0.0,-0.31766,-0.268227,-0.026933,0.352787,-0.814586,0.321769,0.482603,0.030671,-0.806821,0.589943,0.580213,0.494953,0.646714,-0.027764,0.007532,0.007144,0.032742,-0.189002,0.882197,0.498729,-0.00542,0.031078,0.001945,0.815204,-0.323257,0.480568,0.025863,0.849239,0.527374,-0.578595,-0.417489,0.700664,-0.006418,0.003087,0.002938,2.671058,3.264503,3.570989,0.505913,0.106802,0.031903,-0.041965,0.672838,-0.121292,-0.729777,0.28509,0.952788,0.104489,0.68265,-0.278356,0.675651,-6e-06,9.3e-05,7.9e-05,-2.4e-05,9e-06,0.000105,-0.445312
65,0.217142,-0.016779,0.354006,-0.546737,0.178041,-0.818184,-0.451399,-0.885642,0.108855,-0.704563,0.428616,0.565602,-0.0,2e-06,2e-06,-0.000905,0.00099,-0.001502,-0.317746,-0.268541,-0.026817,0.352897,-0.815549,0.322377,0.480566,0.029706,-0.805889,0.591264,0.578907,0.496071,0.647026,-0.02758,0.008107,0.007675,-0.002367,0.017131,-0.032342,0.498869,-0.005582,0.031136,0.002001,0.816435,-0.326574,0.476217,0.029639,0.847322,0.530251,-0.576676,-0.418801,0.701462,-0.006773,0.002444,0.002323,-0.000209,0.019225,-0.034466,0.50575,0.106802,0.031907,-0.041969,0.674404,-0.119681,-0.728597,0.284582,0.952669,0.106928,0.681315,-0.279459,0.676543,1e-06,-9e-06,-6e-06,0.000633,-0.000264,-0.000358,-0.446782
66,0.217162,-0.01676,0.35398,-0.546683,0.178092,-0.818209,-0.451381,-0.885664,0.10875,-0.704616,0.42855,0.565587,6e-06,-7.2e-05,-6.1e-05,-0.0,0.0,-0.0,-0.317581,-0.269191,-0.026547,0.353153,-0.818626,0.324539,0.473833,0.026236,-0.802894,0.59549,0.574715,0.499502,0.648124,-0.012864,0.007005,0.0066,-0.000174,0.002299,-0.003548,0.499898,-0.005913,0.03127,0.002128,0.819151,-0.329328,0.469609,0.033069,0.844493,0.534544,-0.572622,-0.422343,0.702658,-0.006519,0.003239,0.003065,-0.000654,0.018676,-0.033638,0.504933,0.106812,0.031916,-0.041982,0.674327,-0.119776,-0.728653,0.284584,0.952687,0.106763,0.681391,-0.279356,0.676509,4e-06,-3.5e-05,-3.4e-05,2.4e-05,-6.8e-05,0.000159,-0.450048
67,0.217182,-0.01675,0.353961,-0.546533,0.178221,-0.818281,-0.451443,-0.885655,0.108562,-0.704693,0.428514,0.565518,1.1e-05,-0.000138,-0.000116,0.0,0.0,0.0,-0.317863,-0.269778,-0.026244,0.353481,-0.822775,0.327583,0.46446,0.021282,-0.798715,0.601279,0.568963,0.504185,0.649571,-0.012306,0.008737,0.008206,-0.000177,0.002291,-0.003535,0.501458,-0.006207,0.03142,0.00229,0.822824,-0.333246,0.460333,0.038033,0.840499,0.540476,-0.567021,-0.427209,0.704257,-0.0062,0.004233,0.003988,0.002178,0.00786,-0.009956,0.505586,0.106822,0.031921,-0.041991,0.67421,-0.119931,-0.728736,0.284671,0.95268,0.106584,0.68147,-0.279311,0.676448,6e-06,-6.8e-05,-5.7e-05,-2.7e-05,7e-06,8.9e-05,-0.453314
68,0.217212,-0.016725,0.353954,-0.546335,0.17839,-0.818377,-0.451537,-0.885637,0.108323,-0.704787,0.428481,0.565425,-0.0,5e-06,4e-06,0.0,0.0,0.0,-0.315404,-0.270255,-0.025886,0.353874,-0.825891,0.32995,0.457197,0.017366,-0.795467,0.605694,0.564562,0.507757,0.650628,-0.011762,0.010406,0.009741,-0.000173,0.002301,-0.003543,0.502139,-0.006442,0.031594,0.002482,0.82556,-0.336278,0.453174,0.041941,0.837396,0.544984,-0.562753,-0.43091,0.705424,-0.005882,0.005219,0.004898,0.001848,0.007031,-0.008945,0.505423,0.106837,0.031934,-0.041995,0.674055,-0.120136,-0.728845,0.284799,0.952667,0.106361,0.68157,-0.279267,0.676365,-0.0,1e-06,-0.0,-4.1e-05,-0.0,7e-05,-0.454457
69,0.217223,-0.016731,0.353948,-0.546332,0.178392,-0.818378,-0.451539,-0.885636,0.10832,-0.704788,0.428481,0.565424,3e-06,-3.2e-05,-2.7e-05,0.0,0.0,0.0,-0.313822,-0.27043,-0.025725,0.354096,-0.82689,0.330717,0.454831,0.01615,-0.794345,0.607198,0.563132,0.509011,0.650887,-0.011491,0.011237,0.010502,-0.000171,0.002306,-0.003544,0.501165,-0.006534,0.031679,0.002597,0.826431,-0.337254,0.450856,0.043145,0.836335,0.546517,-0.561382,-0.432207,0.705724,-0.005706,0.005767,0.005397,0.001412,0.006044,-0.00784,0.505097,0.106843,0.031931,-0.041998,0.674054,-0.120138,-0.728846,0.284801,0.952667,0.106359,0.681571,-0.279268,0.676365,1e-06,-1.5e-05,-1.3e-05,-2.9e-05,8e-06,7.8e-05,-0.454783
70,0.217255,-0.016728,0.353948,-0.546064,0.178614,-0.818509,-0.451712,-0.885582,0.108042,-0.704885,0.428501,0.565288,0.0,-0.0,-0.0,0.0,0.0,0.0,-0.310136,-0.270675,-0.025488,0.354655,-0.828674,0.332007,0.450625,0.014358,-0.792058,0.610223,0.560551,0.511723,0.650989,-0.011095,0.012438,0.011583,-0.03146,0.045195,-0.125156,0.500046,-0.00666,0.031801,0.002881,0.828006,-0.33893,0.44669,0.044936,0.834185,0.54965,-0.558915,-0.435041,0.70594,-0.005523,0.006324,0.005894,-0.03101,0.046086,-0.126332,0.502974,0.106859,0.031932,-0.041998,0.673845,-0.120409,-0.728995,0.285018,0.95263,0.106108,0.681687,-0.279277,0.676243,-2e-06,3e-06,2e-06,-3.9e-05,-1e-05,6.1e-05,-0.45511
71,0.217275,-0.016712,0.353947,-0.546001,0.178668,-0.818539,-0.451735,-0.88558,0.107961,-0.704919,0.428482,0.565261,-1e-06,1.4e-05,1.2e-05,0.0,0.0,0.0,-0.305187,-0.270803,-0.025468,0.355393,-0.828199,0.331652,0.451759,0.01595,-0.79167,0.610687,0.56121,0.512554,0.649766,0.002404,-0.011255,0.027084,-0.069511,0.019422,-0.005051,0.494901,-0.006724,0.031819,0.003242,0.827576,-0.338445,0.447854,0.043347,0.833957,0.550124,-0.559677,-0.435856,0.704833,-0.005753,0.000859,0.010188,-0.035874,0.018559,-0.019166,0.498728,0.106869,0.03194,-0.041998,0.673796,-0.120474,-0.729029,0.285052,0.952629,0.106031,0.68172,-0.279254,0.676219,-1e-06,5e-06,4e-06,-2.9e-05,3e-06,6.7e-05,-0.45413
72,0.217275,-0.016711,0.353935,-0.547921,0.177424,-0.817526,-0.451515,-0.885392,0.110396,-0.703569,0.429388,0.566255,4.1e-05,-0.000507,-0.000426,-0.111802,0.122123,-0.185425,-0.301394,-0.270824,-0.025588,0.355816,-0.825829,0.336207,0.452729,0.01257,-0.791508,0.610976,0.564781,0.509824,0.648819,0.001912,-0.012812,0.025633,-0.069512,0.019416,-0.005054,0.492158,-0.006733,0.031757,0.003466,0.825016,-0.342807,0.449255,0.0467,0.83363,0.550345,-0.563175,-0.433064,0.703767,0.000914,-0.006496,0.012736,-0.069554,0.018978,-0.005096,0.494156,0.106869,0.031942,-0.042004,0.675225,-0.119002,-0.727948,0.284581,0.952519,0.108255,0.680502,-0.280257,0.677031,3e-05,-0.000341,-0.000289,-0.419812,0.451848,-0.67784,-0.453477
73,0.217306,-0.0167,0.353928,-0.547964,0.177391,-0.817505,-0.45147,-0.885412,0.110424,-0.703564,0.429361,0.56628,0.0,-0.0,-0.0,-0.0,0.0,-0.0,-0.293802,-0.270823,-0.025939,0.3567,-0.825101,0.335722,0.454412,0.015062,-0.790793,0.611844,0.565782,0.51125,0.646821,0.001602,-0.013789,0.024719,-0.071426,0.032156,-0.030829,0.492783,-0.006732,0.031582,0.003909,0.824378,-0.34216,0.450917,0.044206,0.833103,0.551347,-0.564309,-0.434585,0.701918,0.000783,-0.006906,0.012351,-0.071517,0.032073,-0.03099,0.488931,0.106884,0.031946,-0.042008,0.67537,-0.118842,-0.72784,0.284485,0.952526,0.108448,0.680399,-0.280302,0.677116,-3e-06,5e-06,2e-06,3.9e-05,-0.000121,0.000161,-0.450211
74,0.217349,-0.016697,0.353928,-0.547785,0.177539,-0.817592,-0.451586,-0.885376,0.110238,-0.703629,0.429374,0.56619,0.0,-0.0,-0.0,0.0,0.0,0.0,-0.290267,-0.270725,-0.026249,0.357509,-0.825782,0.33355,0.454774,0.016871,-0.791242,0.611217,0.564735,0.51198,0.647158,0.002261,-0.002246,0.016626,-0.012448,-0.023524,-0.004496,0.497049,-0.006685,0.031424,0.004303,0.825264,-0.339913,0.450996,0.042547,0.833734,0.550524,-0.563141,-0.435139,0.702512,0.001111,-0.001143,0.008292,-0.034924,-0.011875,-0.003972,0.490727,0.106906,0.031948,-0.042008,0.67523,-0.119022,-0.72794,0.28463,0.952502,0.10828,0.680477,-0.280307,0.677035,-2e-06,3e-06,-0.0,-3.2e-05,-1.5e-05,6.4e-05,-0.447435
75,0.217379,-0.016681,0.35394,-0.5477,0.17761,-0.817633,-0.451641,-0.885358,0.11015,-0.70366,0.42938,0.566148,-4e-06,5.3e-05,4.5e-05,0.0,0.0,0.0,-0.289169,-0.270678,-0.026362,0.358147,-0.828942,0.327342,0.453536,0.018222,-0.794472,0.606972,0.560041,0.510993,0.652,0.00196,-0.003196,0.015736,0.283219,-0.396155,-0.209973,0.499229,-0.00666,0.031368,0.004631,0.827865,-0.335221,0.449739,0.041235,0.835979,0.547209,-0.559409,-0.43447,0.705901,0.000951,-0.001649,0.00782,0.437353,-0.505215,-0.23885,0.49334,0.106921,0.031956,-0.042002,0.675164,-0.119108,-0.727987,0.284699,0.95249,0.108201,0.680514,-0.28031,0.676997,-2e-06,2.1e-05,1.8e-05,-2.3e-05,1.6e-05,6.3e-05,-0.447109
76,0.217389,-0.016674,0.353945,-0.547667,0.177637,-0.81765,-0.451662,-0.885352,0.110116,-0.703672,0.429383,0.566131,-2.2e-05,0.000265,0.000223,0.0,0.0,0.0,-0.288126,-0.270661,-0.026365,0.358397,-0.830012,0.325318,0.453035,0.018611,-0.795513,0.605596,0.558439,0.510669,0.653625,0.001812,-0.003666,0.015298,0.120749,-0.191537,-0.097015,0.500503,-0.006653,0.031369,0.00475,0.82948,-0.332567,0.448733,0.040841,0.837373,0.545103,-0.557041,-0.433825,0.708166,0.000817,-0.002085,0.007416,0.198878,-0.263326,-0.126604,0.494483,0.106926,0.031959,-0.041999,0.675138,-0.119142,-0.728006,0.284726,0.952486,0.10817,0.680528,-0.280312,0.676982,-1.3e-05,0.000163,0.000134,-2e-05,7e-06,6.5e-05,-0.447109
77,0.2174,-0.01668,0.35394,-0.549685,0.176309,-0.816582,-0.451389,-0.88517,0.112671,-0.702271,0.430306,0.567168,9.3e-05,-0.001143,-0.000961,-0.0,0.0,-0.0,-0.285645,-0.270694,-0.026417,0.358671,-0.833434,0.319376,0.450975,0.018978,-0.798905,0.601103,0.553302,0.509132,0.65917,-0.013695,0.004086,0.003783,0.026302,-0.020544,-0.04892,0.503275,-0.006662,0.031344,0.004895,0.833591,-0.326199,0.44578,0.040379,0.840839,0.539776,-0.550904,-0.431953,0.714087,0.00013,-0.004284,0.005405,-0.054087,0.008885,-0.030799,0.497585,0.106931,0.03196,-0.042,0.676758,-0.117444,-0.726777,0.284139,0.952372,0.110685,0.679163,-0.281412,0.677896,5.5e-05,-0.000678,-0.000573,-0.000383,0.01249,-0.024973,-0.446619
78,0.217422,-0.016685,0.353934,-0.549665,0.176326,-0.816592,-0.451402,-0.885166,0.11265,-0.702279,0.430307,0.567158,3e-06,-3.2e-05,-2.7e-05,0.0,0.0,0.0,-0.283157,-0.270727,-0.026643,0.358702,-0.836681,0.313096,0.449362,0.019795,-0.802505,0.596262,0.548345,0.507378,0.664642,-0.001717,-0.005469,-0.005004,0.078675,-0.089183,-0.081805,0.510535,-0.006682,0.031238,0.004917,0.83694,-0.32039,0.443713,0.039515,0.843998,0.534887,-0.545866,-0.430135,0.719036,-0.000959,-0.003047,-0.002788,0.057555,-0.075284,-0.07904,0.504117,0.106942,0.031954,-0.042005,0.676737,-0.117469,-0.726792,0.284157,0.95237,0.110658,0.679176,-0.281409,0.677884,1e-06,-1e-05,-9e-06,-2.1e-05,6e-06,7e-05,-0.445966
79,0.217443,-0.016683,0.353934,-0.549522,0.176444,-0.816663,-0.451495,-0.885137,0.112502,-0.702331,0.430317,0.567086,0.0,-0.0,-0.0,0.0,0.0,0.0,-0.280304,-0.270744,-0.026854,0.358607,-0.837662,0.310829,0.449109,0.020373,-0.803766,0.594542,0.546822,0.50678,0.666351,-0.002703,-0.008606,-0.007887,0.012313,-0.005391,-0.035731,0.517025,-0.00669,0.031136,0.004873,0.838135,-0.317986,0.443186,0.038837,0.845223,0.533,-0.544078,-0.429513,0.72076,-0.001599,-0.009813,0.000342,-0.0625,0.036876,-0.045748,0.510485,0.106953,0.031955,-0.042005,0.676626,-0.117613,-0.726872,0.284272,0.952351,0.110525,0.679238,-0.281414,0.67782,-1e-06,8e-06,4e-06,-3.7e-05,-5e-06,5.6e-05,-0.444986
80,0.217528,-0.016676,0.353935,-0.54938,0.176563,-0.816733,-0.451588,-0.885108,0.112354,-0.702382,0.430328,0.567014,0.0,-0.0,-0.0,0.0,0.0,0.0,-0.279172,-0.270843,-0.027485,0.358153,-0.83834,0.307995,0.449796,0.021884,-0.805271,0.592447,0.545722,0.506125,0.667749,-0.00493,-0.015671,-0.014442,-0.003614,0.024918,-0.051844,0.525033,-0.006739,0.030823,0.004648,0.838848,-0.315295,0.443758,0.037196,0.846479,0.53112,-0.543092,-0.429024,0.721795,0.004604,-0.009246,-0.008533,-0.008332,0.016206,-0.019812,0.522079,0.106995,0.031958,-0.042005,0.676516,-0.117757,-0.726951,0.284388,0.952331,0.110392,0.6793,-0.281419,0.677756,-2e-06,4e-06,0.0,-3.5e-05,-2.1e-05,6e-05,-0.444169
81,0.217665,-0.016666,0.353935,-0.549041,0.176845,-0.816899,-0.451809,-0.88504,0.112002,-0.702504,0.430352,0.566844,0.0,-0.0,-0.0,0.0,0.0,0.0,-0.277524,-0.271004,-0.02819,0.35753,-0.839009,0.305076,0.450538,0.023392,-0.806885,0.590189,0.54463,0.505325,0.669245,0.008898,-0.019507,-0.018121,-0.001738,0.009922,-0.022484,0.525269,-0.006823,0.030458,0.004324,0.839643,-0.312392,0.444307,0.03567,0.847989,0.528811,-0.541964,-0.428165,0.723151,0.004417,-0.009879,-0.009173,-0.004996,0.013809,-0.020481,0.521752,0.107064,0.031963,-0.042004,0.676253,-0.118099,-0.727141,0.284663,0.952286,0.110076,0.679447,-0.28143,0.677604,0.00705,0.000556,3.9e-05,0.000954,-0.014709,0.029612,-0.444169
82,0.217812,-0.016632,0.353928,-0.548754,0.177089,-0.817039,-0.451962,-0.885004,0.111671,-0.702631,0.430326,0.566707,-1.3e-05,0.000163,0.000137,0.0,0.0,0.0,-0.277234,-0.2712,-0.028762,0.356969,-0.836634,0.308935,0.452322,0.020301,-0.807567,0.589371,0.548399,0.501878,0.668761,-0.004348,-0.013741,-0.012831,-0.003881,0.025257,-0.051658,0.522772,-0.006922,0.030169,0.004042,0.837125,-0.316094,0.446436,0.038841,0.848426,0.527887,-0.54563,-0.424567,0.722516,-0.00206,-0.006533,-0.006096,-0.001403,0.012981,-0.024701,0.521752,0.107137,0.03198,-0.042008,0.67603,-0.118393,-0.727299,0.284864,0.952261,0.10977,0.679584,-0.281389,0.677483,-6e-06,8.3e-05,6.9e-05,-1.2e-05,3.2e-05,7.6e-05,-0.443843
83,0.217864,-0.016613,0.353927,-0.550658,0.175857,-0.816024,-0.451741,-0.884808,0.114092,-0.701281,0.431234,0.567687,-1.2e-05,0.000141,0.000118,-0.0,0.0,-0.0,-0.277801,-0.271276,-0.028975,0.356785,-0.834594,0.313508,0.452943,0.016123,-0.807846,0.589118,0.55164,0.498578,0.668563,-0.002924,-0.00923,-0.008637,-0.001941,0.012628,-0.02583,0.519793,-0.006962,0.030055,0.003942,0.83488,-0.320521,0.447482,0.04303,0.848485,0.527467,-0.548746,-0.421117,0.722175,-0.001398,-0.004427,-0.00414,-0.00148,0.012667,-0.024949,0.522242,0.107163,0.03199,-0.042008,0.677577,-0.116796,-0.726117,0.284346,0.952135,0.112186,0.678258,-0.282483,0.678356,-8e-06,7.9e-05,6.6e-05,0.002349,-0.002297,0.003015,-0.444006
84,0.217925,-0.016581,0.35395,-0.550596,0.175909,-0.816055,-0.451782,-0.884795,0.114028,-0.701303,0.431238,0.567656,-3.5e-05,0.000418,0.000351,-0.0,0.0,-0.0,-0.277726,-0.271402,-0.029093,0.356688,-0.835507,0.311019,0.452975,0.016936,-0.809264,0.587145,0.55023,0.49784,0.670273,-0.014051,0.003302,0.003088,0.088897,-0.101697,-0.093336,0.517948,-0.007023,0.029984,0.003883,0.835764,-0.318406,0.447342,0.042443,0.849725,0.525514,-0.547445,-0.42022,0.723684,0.000302,0.000945,0.000887,0.131641,-0.168068,-0.054836,0.518976,0.107194,0.032006,-0.041997,0.677508,-0.11688,-0.726168,0.284401,0.952129,0.112094,0.678305,-0.282468,0.678316,-2.2e-05,0.000248,0.000207,7e-06,-5.5e-05,0.000111,-0.444169
85,0.217924,-0.016575,0.353968,-0.552593,0.174595,-0.814986,-0.451527,-0.884592,0.116581,-0.699895,0.432189,0.568672,-1e-06,1.8e-05,1.5e-05,-0.0,0.0,-0.0,-0.277544,-0.271411,-0.028907,0.356862,-0.836625,0.308932,0.452338,0.017111,-0.810493,0.585442,0.54852,0.497144,0.672188,0.002029,0.006397,0.005982,0.042304,-0.064527,-0.002623,0.519654,-0.007032,0.030081,0.003974,0.83714,-0.316091,0.446409,0.042196,0.85101,0.52345,-0.545357,-0.419365,0.725753,0.001058,0.00334,0.003125,0.030246,-0.061223,-0.005632,0.519629,0.107193,0.032009,-0.041987,0.679105,-0.115204,-0.724943,0.283838,0.951998,0.114605,0.676942,-0.283596,0.679206,-0.0,-1.4e-05,-1.3e-05,0.000138,-0.000192,0.000276,-0.444659
86,0.217913,-0.016568,0.353962,-0.552599,0.174592,-0.814983,-0.451506,-0.884605,0.116572,-0.699903,0.432165,0.568679,-0.0,0.0,0.0,-0.0,0.0,-0.0,-0.277141,-0.271385,-0.028761,0.357013,-0.836586,0.308865,0.452458,0.017235,-0.810514,0.585409,0.548577,0.497151,0.672136,0.002605,0.008217,0.007673,0.002531,-0.013385,0.025414,0.519309,-0.007019,0.030155,0.004051,0.837101,-0.315954,0.44658,0.041902,0.850981,0.523522,-0.54544,-0.419528,0.725596,0.001388,0.004387,0.004095,-0.006794,-0.006299,0.027338,0.519303,0.107188,0.032013,-0.041991,0.679109,-0.1152,-0.72494,0.283816,0.952006,0.11459,0.676947,-0.283569,0.679212,2e-06,-1.6e-05,-9e-06,2.1e-05,1e-05,0.000129,-0.444986
87,0.217914,-0.016582,0.35395,-0.552523,0.174655,-0.815021,-0.451556,-0.884589,0.116493,-0.699932,0.43217,0.56864,1e-06,-1.1e-05,-9e-06,0.0,0.0,0.0,-0.277335,-0.271272,-0.028387,0.357404,-0.836564,0.308852,0.452507,0.017312,-0.810486,0.585445,0.548609,0.497204,0.672071,0.003506,0.011078,0.010302,0.001942,-0.012624,0.025831,0.518884,-0.00696,0.030349,0.004252,0.837042,-0.316011,0.44665,0.041829,0.850911,0.523641,-0.545536,-0.419627,0.725466,0.001818,0.005761,0.005356,0.002079,-0.012152,0.026375,0.51816,0.107188,0.032005,-0.041997,0.679049,-0.115277,-0.724983,0.283878,0.951996,0.114519,0.676981,-0.283571,0.679177,0.0,-0.0,2e-06,-2.7e-05,1.2e-05,7.3e-05,-0.445476
88,0.217925,-0.016581,0.35395,-0.552398,0.174758,-0.815084,-0.451638,-0.884565,0.116363,-0.699977,0.432179,0.568577,0.0,-0.0,-0.0,0.0,0.0,0.0,-0.277369,-0.271115,-0.027954,0.357861,-0.836342,0.30845,0.453191,0.01801,-0.810633,0.585221,0.548924,0.497215,0.671805,0.003708,0.011745,0.010871,-0.011463,0.074484,-0.152444,0.520092,-0.006882,0.030565,0.00448,0.836882,-0.315643,0.447209,0.04125,0.85104,0.523476,-0.545825,-0.419641,0.725241,0.001958,0.006223,0.005757,0.004095,-0.024991,0.052012,0.518486,0.107194,0.032006,-0.041997,0.678952,-0.115403,-0.725055,0.28398,0.95198,0.114402,0.677036,-0.283575,0.679121,-1e-06,3e-06,6e-06,-3.1e-05,-2e-06,6.9e-05,-0.445966
89,0.217935,-0.01658,0.35395,-0.552273,0.174861,-0.815146,-0.451719,-0.88454,0.116234,-0.700023,0.432188,0.568514,0.0,-0.0,-0.0,0.0,0.0,0.0,-0.276886,-0.270977,-0.027514,0.358268,-0.836079,0.307929,0.454029,0.018815,-0.810881,0.584852,0.549297,0.497134,0.671561,0.003393,0.010769,0.009922,-0.011463,0.074484,-0.152444,0.519868,-0.006811,0.030788,0.004687,0.83667,-0.315065,0.448014,0.040459,0.8513,0.523117,-0.54621,-0.41955,0.725004,0.001766,0.005624,0.005179,0.002067,-0.012434,0.026047,0.51865,0.107199,0.032006,-0.041997,0.678855,-0.115528,-0.725125,0.284082,0.951964,0.114286,0.67709,-0.283579,0.679065,-3e-06,2e-06,5e-06,-3.7e-05,-5e-06,6e-05,-0.446129
90,0.217935,-0.01658,0.35395,-0.552273,0.174861,-0.815146,-0.451719,-0.88454,0.116234,-0.700023,0.432188,0.568514,0.0,-0.0,-0.0,0.0,0.0,0.0,-0.277833,-0.270907,-0.027293,0.358471,-0.836005,0.307783,0.454264,0.019041,-0.810951,0.584748,0.549402,0.497111,0.671492,0.003656,0.011616,0.010678,0.003885,-0.025243,0.051665,0.520708,-0.006777,0.030897,0.004786,0.836575,-0.314804,0.448374,0.040103,0.851416,0.522955,-0.546381,-0.41951,0.724898,0.001677,0.005345,0.004911,0.002041,-0.012477,0.026015,0.518976,0.107199,0.032006,-0.041997,0.678855,-0.115528,-0.725125,0.284082,0.951964,0.114286,0.67709,-0.283579,0.679065,-3e-06,2e-06,5e-06,-3.7e-05,-5e-06,6e-05,-0.446129
91,0.217935,-0.016581,0.353963,-0.552161,0.174951,-0.815203,-0.45181,-0.884507,0.116135,-0.700053,0.43222,0.568453,-2.2e-05,0.000265,0.000222,0.0,0.0,0.0,-0.277997,-0.270781,-0.026888,0.358841,-0.835939,0.307652,0.454475,0.019244,-0.811013,0.584655,0.549496,0.497091,0.67143,0.003231,0.010288,0.009418,0.001943,-0.012622,0.025832,0.522325,-0.006713,0.031101,0.004974,0.836524,-0.314674,0.44856,0.039924,0.851475,0.522872,-0.546472,-0.419487,0.724843,0.001638,0.005233,0.004787,0.003962,-0.025147,0.051786,0.520283,0.107199,0.032005,-0.041991,0.678768,-0.115638,-0.72519,0.284189,0.951942,0.114202,0.677133,-0.283608,0.679011,-1.4e-05,0.000146,0.000125,-2.5e-05,-7e-06,7.5e-05,-0.446455
92,0.217945,-0.016567,0.353974,-0.552113,0.174992,-0.815227,-0.451842,-0.884497,0.116084,-0.700071,0.432223,0.568428,-5e-06,6.3e-05,5.3e-05,0.0,0.0,0.0,-0.278395,-0.270649,-0.026504,0.359192,-0.835863,0.3075,0.454718,0.019478,-0.811085,0.584547,0.549604,0.497067,0.671359,0.003078,0.009819,0.008953,0.001942,-0.012622,0.025832,0.521917,-0.006649,0.031289,0.005146,0.836458,-0.314493,0.448811,0.039677,0.851556,0.522759,-0.546592,-0.419458,0.724769,0.001599,0.005117,0.004663,0.003923,-0.025175,0.051754,0.520772,0.107204,0.032013,-0.041985,0.67873,-0.115687,-0.725217,0.284229,0.951935,0.114157,0.677154,-0.28361,0.678989,-3e-06,3.1e-05,2.7e-05,-2.7e-05,1.4e-05,6.5e-05,-0.447109
93,0.217945,-0.016568,0.353986,-0.552108,0.174993,-0.81523,-0.451862,-0.884485,0.116096,-0.700061,0.432247,0.568422,-4e-06,5.3e-05,4.5e-05,0.0,0.0,0.0,-0.278185,-0.270602,-0.026319,0.359361,-0.835825,0.307427,0.454836,0.019591,-0.81112,0.584494,0.549657,0.497056,0.671324,0.003003,0.009585,0.008724,0.001943,-0.012622,0.025832,0.521001,-0.006624,0.031386,0.005234,0.836432,-0.314424,0.448907,0.039583,0.851587,0.522716,-0.546638,-0.419447,0.724741,0.001528,0.004896,0.004453,0.001974,-0.012559,0.025898,0.520446,0.107204,0.032013,-0.041978,0.678726,-0.115689,-0.725221,0.284249,0.951927,0.114172,0.677149,-0.283635,0.678983,-3e-06,2.2e-05,1.8e-05,-3.4e-05,-1.2e-05,6.2e-05,-0.446945
94,0.217934,-0.016571,0.354011,-0.55201,0.17507,-0.81528,-0.451961,-0.884443,0.116028,-0.700075,0.432301,0.568364,-1e-06,1.7e-05,1.4e-05,0.0,0.0,0.0,-0.278623,-0.270508,-0.025915,0.359742,-0.835809,0.307408,0.454879,0.019641,-0.811118,0.584495,0.54968,0.49707,0.671295,0.003036,0.000273,0.018813,-0.033796,0.003352,0.010368,0.518525,-0.006577,0.03159,0.005419,0.836423,-0.314409,0.448934,0.03956,0.851595,0.522704,-0.546653,-0.419442,0.724733,0.001722,0.005522,0.005001,0.001961,-0.01259,0.025892,0.517996,0.107198,0.032011,-0.041966,0.678649,-0.115783,-0.725278,0.284362,0.9519,0.114119,0.677179,-0.283688,0.678931,1e-06,-9e-06,-8e-06,-2.4e-05,9e-06,6.5e-05,-0.447272
95,0.217945,-0.016572,0.354036,-0.551983,0.175087,-0.815294,-0.452013,-0.884416,0.116033,-0.700062,0.432349,0.568343,-6e-06,7.3e-05,6.1e-05,0.0,0.0,0.0,-0.278207,-0.270379,-0.025394,0.360213,-0.83694,0.308421,0.452106,0.018027,-0.809951,0.586164,0.548011,0.498342,0.671716,0.004705,0.015075,0.013591,-0.009527,0.061849,-0.126602,0.516025,-0.006515,0.031839,0.005652,0.837441,-0.315764,0.446078,0.041278,0.850416,0.524489,-0.544966,-0.420815,0.725207,0.00234,0.007516,0.006774,0.005769,-0.021469,0.047834,0.514567,0.107204,0.032011,-0.041954,0.678628,-0.115806,-0.725294,0.284417,0.951882,0.114133,0.677177,-0.28374,0.678911,-2e-06,2.1e-05,1.8e-05,-2.8e-05,1.6e-05,5.9e-05,-0.447272
96,0.217944,-0.016566,0.354042,-0.551968,0.1751,-0.815302,-0.452024,-0.884413,0.116017,-0.700068,0.432351,0.568335,-4e-06,5.3e-05,4.5e-05,0.0,0.0,0.0,-0.278596,-0.270316,-0.025083,0.360493,-0.836995,0.308533,0.451928,0.017855,-0.809898,0.586242,0.547933,0.498359,0.671767,0.00515,0.01652,0.014848,0.003886,-0.025242,0.051665,0.515326,-0.006484,0.031994,0.005791,0.837438,-0.315791,0.446063,0.041315,0.850415,0.524488,-0.544968,-0.420797,0.725216,0.002611,0.008399,0.007547,0.00415,-0.024725,0.051174,0.513261,0.107203,0.032014,-0.041951,0.678616,-0.115821,-0.725303,0.284429,0.95188,0.114118,0.677184,-0.28374,0.678904,-1e-06,1e-05,8e-06,-3.2e-05,-2e-06,5.8e-05,-0.447435
97,0.217945,-0.016575,0.354061,-0.551867,0.175179,-0.815353,-0.452124,-0.884371,0.115946,-0.700083,0.432405,0.568276,-5e-06,6.1e-05,5.2e-05,0.0,0.0,0.0,-0.278639,-0.270183,-0.024374,0.361142,-0.838048,0.309416,0.449365,0.016451,-0.808777,0.58783,0.546363,0.499629,0.672102,0.005869,0.018871,0.01684,0.003714,-0.025615,0.052108,0.516342,-0.006417,0.03235,0.006116,0.838374,-0.31693,0.44349,0.042747,0.849323,0.526139,-0.543415,-0.422143,0.725598,0.003036,0.009787,0.008733,-0.007797,0.065236,-0.129894,0.512608,0.107204,0.032009,-0.041941,0.678537,-0.115918,-0.725361,0.284544,0.951852,0.114063,0.677215,-0.283794,0.678851,-2e-06,2.4e-05,2.1e-05,-2e-05,9e-06,6.5e-05,-0.447762
98,0.217955,-0.016574,0.354061,-0.55185,0.175193,-0.815362,-0.452136,-0.884367,0.115927,-0.700089,0.432406,0.568267,-0.0,0.0,0.0,0.0,0.0,0.0,-0.278686,-0.270012,-0.023574,0.361867,-0.838145,0.309628,0.449037,0.016144,-0.808664,0.587992,0.546223,0.499679,0.672179,0.006396,0.020627,0.018259,0.003887,-0.025239,0.051666,0.518476,-0.006331,0.03275,0.00648,0.838428,-0.31715,0.443231,0.043029,0.849231,0.526264,-0.54331,-0.422163,0.725666,0.003309,0.010705,0.009474,-0.00752,0.049297,-0.100854,0.513914,0.107209,0.03201,-0.041941,0.678524,-0.115936,-0.725371,0.284559,0.95185,0.114047,0.677223,-0.283795,0.678843,5e-06,-9e-06,-6e-06,3e-06,3.4e-05,8.8e-05,-0.447762
99,0.217964,-0.016553,0.354078,-0.551785,0.175247,-0.815394,-0.452178,-0.884354,0.115861,-0.700113,0.432411,0.568234,-1.7e-05,0.000206,0.000173,0.0,0.0,0.0,-0.27883,-0.26973,-0.02277,0.362575,-0.838137,0.309608,0.449067,0.016173,-0.808674,0.587979,0.546235,0.499677,0.672171,0.006198,0.020067,0.017618,0.003887,-0.025239,0.051666,0.51923,-0.006197,0.033149,0.006831,0.838403,-0.317076,0.443331,0.042929,0.849264,0.526219,-0.543356,-0.422152,0.725637,0.003027,0.00983,0.00863,-0.009516,0.061842,-0.126604,0.516037,0.107213,0.03202,-0.041933,0.678474,-0.116001,-0.725408,0.284611,0.951841,0.113987,0.677251,-0.283796,0.678814,-9e-06,0.000138,0.000117,-1.8e-05,1.2e-05,6.8e-05,-0.448088
100,0.217963,-0.01654,0.354102,-0.55175,0.175274,-0.815412,-0.452219,-0.884336,0.11584,-0.700114,0.432436,0.568212,-5.6e-05,0.000676,0.000568,0.0,0.0,0.0,-0.279384,-0.269582,-0.022402,0.36291,-0.838095,0.309531,0.449198,0.016311,-0.808698,0.587941,0.546295,0.499684,0.672117,0.005842,0.018954,0.016576,0.003887,-0.025238,0.051667,0.519641,-0.006114,0.033342,0.007007,0.838387,-0.31704,0.443386,0.042863,0.84927,0.526215,-0.543386,-0.422168,0.725606,0.009973,0.008418,0.00729,0.005923,-0.040422,0.080909,0.516364,0.107213,0.032026,-0.041922,0.678446,-0.116034,-0.725429,0.284657,0.95183,0.113973,0.67726,-0.283823,0.678795,-3.4e-05,0.000418,0.000352,-3.1e-05,4e-06,5.1e-05,-0.448252
101,0.21795,-0.016511,0.354167,-0.551677,0.175327,-0.81545,-0.452318,-0.884289,0.115814,-0.700107,0.432512,0.568163,-0.0001,0.001198,0.001005,0.0,0.0,0.0,-0.279167,-0.269267,-0.021758,0.363511,-0.838079,0.309517,0.449238,0.016384,-0.808668,0.58798,0.546318,0.499741,0.672056,0.004969,0.01619,0.014062,0.003888,-0.025234,0.051669,0.520604,-0.005956,0.033669,0.007311,0.838373,-0.317022,0.443426,0.042789,0.849246,0.526259,-0.543414,-0.422228,0.725551,0.002418,0.007908,0.006864,0.001943,-0.01261,0.025836,0.51718,0.107206,0.03204,-0.041889,0.678388,-0.116101,-0.725472,0.284766,0.951798,0.113963,0.677272,-0.283901,0.67875,-6.3e-05,0.000737,0.00062,-2.2e-05,4e-06,5.4e-05,-0.448415
102,0.217956,-0.016458,0.354225,-0.55153,0.175446,-0.815524,-0.452432,-0.884248,0.115679,-0.70015,0.432546,0.568085,-0.000115,0.001375,0.001153,0.0,0.0,0.0,-0.278594,-0.269015,-0.021357,0.364048,-0.837882,0.309256,0.449784,0.017054,-0.808632,0.588012,0.546599,0.499962,0.671663,0.003009,0.000421,0.018495,-0.047225,0.09036,-0.167954,0.519914,-0.005827,0.03388,0.007582,0.83825,-0.316816,0.443807,0.042279,0.849209,0.526361,-0.543644,-0.422458,0.725244,0.001603,0.005269,0.004547,0.00193,-0.012609,0.025852,0.517343,0.107209,0.032067,-0.04186,0.678273,-0.116246,-0.725555,0.284902,0.951771,0.113846,0.677329,-0.283931,0.67868,-7.1e-05,0.000842,0.000708,-2.1e-05,3e-06,5e-05,-0.448252
103,0.217965,-0.016443,0.354236,-0.551481,0.175486,-0.815548,-0.452464,-0.884239,0.115628,-0.700168,0.43255,0.56806,-2.8e-05,0.000337,0.000283,0.0,0.0,0.0,-0.278258,-0.268934,-0.021263,0.364251,-0.837719,0.309017,0.450252,0.017596,-0.808643,0.58798,0.546832,0.500092,0.671376,0.002418,0.007915,0.006826,-0.011492,0.074365,-0.1525,0.518915,-0.005786,0.033927,0.00769,0.838083,-0.316458,0.444376,0.041613,0.849269,0.526316,-0.543952,-0.422605,0.724927,0.001107,0.00365,0.003143,-0.011495,0.074381,-0.152512,0.51669,0.107214,0.032076,-0.041853,0.678235,-0.116295,-0.725583,0.284942,0.951765,0.113801,0.67735,-0.283933,0.678658,-1.3e-05,0.00015,0.000128,-1.7e-05,-0.0,5.8e-05,-0.448252
