frame,MLTx,MLTy,MLTz,MLTR1,MLTR2,MLTR3,MLTR4,MLTR5,MLTR6,MLTR7,MLTR8,MLTR9,MLTTVx,MLTTVy,MLTTVz,MLTRVx,MLTRVy,MLTRVz,MLGA,MRTx,MRTy,MRTz,MRTR1,MRTR2,MRTR3,MRTR4,MRTR5,MRTR6,MRTR7,MRTR8,MRTR9,MRTTVx,MRTTVy,MRTTVz,MRTRVx,MRTRVy,MRTRVz,MRGA,SLTx,SLTy,SLTz,SLTR1,SLTR2,SLTR3,SLTR4,SLTR5,SLTR6,SLTR7,SLTR8,SLTR9,SLTTVx,SLTTVy,SLTTVz,SLTRVx,SLTRVy,SLTRVz,SLGA,SRTx,SRTy,SRTz,SRTR1,SRTR2,SRTR3,SRTR4,SRTR5,SRTR6,SRTR7,SRTR8,SRTR9,SRTTVx,SRTTVy,SRTTVz,SRTRVx,SRTRVy,SRTRVz,SRGA
991,0.158159,0.015497,0.316848,-0.506371,-0.064949,-0.859893,-0.383927,-0.875901,0.292182,-0.771533,0.478164,0.419669,7e-06,7e-05,6.3e-05,0.0,0.0,0.0,-1.84177,-0.06231,0.023721,0.350074,0.793748,0.29814,0.530158,-0.54509,0.735185,0.402882,-0.270636,-0.609142,0.745363,0.000532,-0.001514,-0.001224,0.083654,-0.069824,-0.046884,-0.251814,0.063395,0.030098,-0.006071,-0.771883,-0.338996,0.537845,0.575249,-0.732623,0.363801,0.27071,0.590207,0.760507,0.006765,0.000943,-0.000224,0.085375,-0.074503,-0.046393,-0.380265,0.116296,0.032203,-0.082633,-0.455747,-0.091612,-0.885382,-0.232035,-0.948069,0.217538,-0.859333,0.304582,0.410822,4e-06,4e-05,3.7e-05,3e-06,1.2e-05,-4e-06,-0.855825
992,0.158159,0.015505,0.316842,-0.506357,-0.064943,-0.859901,-0.383913,-0.875915,0.292159,-0.771549,0.47814,0.419667,0.0,0.0,0.0,0.0,0.0,0.0,-1.841902,-0.062148,0.023678,0.350044,0.795494,0.295271,0.529146,-0.540925,0.739363,0.400844,-0.273863,-0.605465,0.747177,0.001046,-0.002969,-0.002403,0.353041,-0.28207,-0.223911,-0.341627,0.063476,0.030077,-0.006086,-0.77385,-0.334806,0.537642,0.570956,-0.736196,0.36335,0.274159,0.588149,0.760865,0.000538,-0.001534,-0.001246,0.545183,-0.41766,-0.298992,-0.467135,0.116296,0.032207,-0.082635,-0.455734,-0.091603,-0.885389,-0.232018,-0.948079,0.217516,-0.859344,0.304556,0.410818,2e-06,-4e-06,-4e-06,1.6e-05,2.8e-05,1.9e-05,-0.855988
993,0.15815,0.015521,0.316843,-0.506232,-0.064874,-0.85998,-0.383957,-0.875937,0.292034,-0.77161,0.478108,0.419593,2.1e-05,0.000218,0.000197,0.0,0.0,0.0,-1.843224,-0.061955,0.023523,0.349899,0.79374,0.295345,0.531732,-0.542321,0.739258,0.399149,-0.276187,-0.605558,0.746246,0.002211,-0.006267,-0.005082,7.6e-05,-6.3e-05,-4.3e-05,-0.435937,0.063571,0.030004,-0.006155,-0.77188,-0.336191,0.539607,0.572559,-0.736532,0.360133,0.276365,0.586936,0.761004,0.007831,-0.002049,-0.002657,-0.00455,-0.001159,0.007908,-0.557598,0.116291,0.032215,-0.082635,-0.45562,-0.091508,-0.885457,-0.232053,-0.948099,0.217387,-0.859395,0.304519,0.410739,5.9e-05,0.005926,-0.003659,0.035459,-0.014724,0.017215,-0.855988
994,0.15815,0.015521,0.316843,-0.50408,-0.063772,-0.861325,-0.384662,-0.876323,0.28994,-0.772668,0.477547,0.418282,0.0,3e-06,3e-06,0.0,-0.0,0.0,-1.843323,-0.061776,0.023379,0.349764,0.790494,0.295345,0.536546,-0.544769,0.739188,0.395932,-0.280654,-0.605643,0.744508,0.00338,-0.009569,-0.007773,0.788099,2.074464,-1.689232,-0.488811,0.063659,0.029935,-0.00622,-0.770173,-0.336215,0.542026,0.573772,-0.73638,0.358509,0.278601,0.587113,0.760051,0.008264,-0.003259,-0.003647,-0.001687,-0.003606,0.006988,-0.606259,0.116292,0.032215,-0.082635,-0.453641,-0.089946,-0.886633,-0.232606,-0.948456,0.215229,-0.860292,0.303873,0.409337,0.0,-5e-06,-4e-06,-0.000351,0.001088,-0.001342,-0.855988
995,0.158119,0.01554,0.316833,-0.504105,-0.063803,-0.861309,-0.384602,-0.876345,0.289954,-0.772682,0.477503,0.418307,0.0,0.0,0.0,0.0,0.0,0.0,-1.844501,-0.061045,0.022945,0.349328,0.781932,0.290914,0.55131,-0.548038,0.742052,0.385936,-0.297797,-0.604277,0.738938,0.032583,-0.011455,-0.013403,0.071095,0.183407,-0.141337,-0.640881,0.064011,0.029726,-0.006429,-0.759788,-0.332056,0.558981,0.577974,-0.738705,0.346785,0.29777,0.58656,0.753179,0.016486,-0.006261,-0.007144,0.243312,0.785145,-0.731808,-0.731176,0.116276,0.032225,-0.08264,-0.453672,-0.08999,-0.886613,-0.232541,-0.948466,0.215256,-0.860294,0.303829,0.409366,2e-06,-3e-06,-4e-06,1e-06,2.7e-05,-2.3e-05,-0.855498
996,0.15796,0.015654,0.316844,-0.504168,-0.063918,-0.861263,-0.384395,-0.87642,0.29,-0.772743,0.477349,0.418369,0.000182,0.00188,0.0017,0.0,0.0,0.0,-1.847572,-0.059223,0.022162,0.348512,0.774262,0.264792,0.5748,-0.53425,0.760177,0.369651,-0.340029,-0.593624,0.729283,0.051661,-0.023984,-0.026086,0.222461,0.72699,-0.684287,-0.800487,0.064886,0.029358,-0.006813,-0.753989,-0.306366,0.581068,0.563195,-0.75679,0.331782,0.3381,0.577415,0.743155,0.026139,-0.012844,-0.01376,-0.015644,0.117106,-0.192356,-0.857073,0.116201,0.032277,-0.082638,-0.453715,-0.090113,-0.886578,-0.232326,-0.948508,0.215303,-0.860328,0.303662,0.409417,5.5e-05,0.000572,0.00052,-6e-06,9e-06,-2.2e-05,-0.855825
997,0.15785,0.015735,0.316852,-0.503021,-0.066462,-0.861741,-0.384246,-0.875892,0.291786,-0.773565,0.477974,0.416131,0.000212,0.002183,0.001973,-0.054373,-0.142,-0.061123,-1.849717,-0.057968,0.021592,0.347986,0.772642,0.248166,0.584319,-0.522243,0.77162,0.363041,-0.361735,-0.585967,0.72502,0.070314,-0.038903,-0.023584,1.715236,2.764058,-0.671334,-0.859555,0.06553,0.029073,-0.007085,-0.75221,-0.291321,0.591025,0.552644,-0.76739,0.325109,0.358836,0.571177,0.738235,0.034183,-0.014992,-0.016749,3.191201,2.109226,3.843196,-0.859523,0.116142,0.03232,-0.082633,-0.452134,-0.092342,-0.887156,-0.23238,-0.948082,0.217115,-0.861146,0.304323,0.407202,0.000106,0.001086,0.000983,-0.0603,-0.153971,-0.069053,-0.856152
998,0.157621,0.015926,0.316839,-0.499958,-0.068113,-0.863393,-0.384474,-0.875832,0.291666,-0.775438,0.477853,0.41277,0.000191,0.001948,0.00176,-0.005669,-0.012938,-0.008744,-1.851588,-0.054451,0.01981,0.346772,0.76645,0.234517,0.597953,-0.514992,0.780566,0.354166,-0.384633,-0.579684,0.718253,0.11623,-0.042469,-0.034353,0.039181,0.144721,-0.058799,-0.957782,0.067315,0.028167,-0.0077,-0.744677,-0.27682,0.60731,0.545249,-0.777093,0.314368,0.384914,0.565239,0.72962,0.058446,-0.022096,-0.017956,0.037136,0.139094,-0.054481,-0.874056,0.116027,0.032416,-0.082638,-0.448568,-0.093585,-0.888835,-0.232603,-0.948007,0.217203,-0.862949,0.304176,0.403477,0.000101,0.001031,0.000935,0.008503,0.013835,0.008274,-0.855498
999,0.15734,0.016191,0.316772,-0.500218,-0.068427,-0.863218,-0.383804,-0.876084,0.291792,-0.775601,0.477347,0.413048,-0.013612,0.001313,0.001383,-0.000985,0.014712,-0.029555,-1.853151,-0.049779,0.017377,0.345611,0.757739,0.221078,0.61396,-0.508644,0.789351,0.343714,-0.40958,-0.573009,0.709766,0.125889,-0.070541,-0.025212,-0.097299,0.162791,-0.28113,-1.013944,0.069654,0.026941,-0.008288,-0.735921,-0.26366,0.623621,0.538876,-0.785727,0.303718,0.409917,0.559567,0.720313,0.06317,-0.03584,-0.013162,-0.100864,0.155249,-0.277001,-0.893814,0.115892,0.032551,-0.08267,-0.448938,-0.093709,-0.888635,-0.231869,-0.948204,0.21713,-0.862954,0.303524,0.403957,8.9e-05,0.006159,-0.00344,0.035748,-0.014072,0.017698,-0.855172
1000,0.157138,0.016407,0.31666,-0.500005,-0.068428,-0.863341,-0.383394,-0.87638,0.291443,-0.775941,0.476804,0.413037,0.000108,0.011593,-0.007541,0.03544,-0.014866,0.017164,-1.853916,-0.044614,0.014602,0.34455,0.744932,0.217077,0.630829,-0.512079,0.791993,0.33235,-0.428386,-0.570884,0.700314,0.127538,-0.068753,-0.025898,-0.12102,0.104175,-0.239966,-1.169243,0.072146,0.025592,-0.00881,-0.722965,-0.259759,0.640192,0.541884,-0.788021,0.292205,0.428582,0.558164,0.710471,0.063834,-0.034643,-0.013216,-0.126647,0.093143,-0.232325,-0.902305,0.115786,0.032655,-0.082723,-0.448756,-0.093682,-0.888729,-0.23141,-0.948387,0.216819,-0.863172,0.30296,0.403916,-0.006839,0.000286,0.000358,-0.001039,0.014736,-0.029503,-0.855172
1001,0.157086,0.016457,0.316612,-0.497754,-0.067303,-0.864729,-0.383989,-0.876857,0.289217,-0.777095,0.476085,0.411696,7.4e-05,0.011249,-0.007851,0.031466,0.097961,-0.146562,-1.853269,-0.0422,0.013401,0.344096,0.743302,0.207951,0.635807,-0.502879,0.800355,0.326312,-0.441932,-0.562542,0.698646,0.126733,-0.064172,-0.022747,3.420434,1.797932,3.786231,-1.192607,0.073404,0.024955,-0.009055,-0.720028,-0.255431,0.645223,0.537557,-0.793306,0.285826,0.438851,0.552647,0.708512,0.063208,-0.031746,-0.011114,-0.13087,0.087999,-0.20664,-0.900509,0.11576,0.03268,-0.082747,-0.446556,-0.091965,-0.890016,-0.231893,-0.948821,0.214391,-0.864183,0.302126,0.402376,-2.2e-05,-0.000237,-0.000213,-0.001166,0.003441,-0.004272,-0.855172
1002,0.157073,0.016451,0.316566,-0.496621,-0.069814,-0.865182,-0.383903,-0.8763,0.291013,-0.777863,0.476751,0.409467,-7.8e-05,-0.000778,-0.000703,-0.000805,-0.001834,-0.001244,-1.85398,-0.037371,0.011311,0.343355,0.73408,0.193389,0.650937,-0.490966,0.813261,0.312238,-0.469903,-0.549038,0.691094,0.109902,-0.055707,-0.013895,-0.11586,0.086699,-0.222213,-1.246315,0.07583,0.023895,-0.00944,-0.712254,-0.236621,0.660836,0.520935,-0.80919,0.271727,0.470446,0.537792,0.699614,0.060236,-0.020198,-0.01047,-0.098293,0.071687,-0.153821,-0.912919,0.115753,0.032681,-0.082773,-0.445017,-0.094423,-0.890529,-0.23191,-0.94835,0.216444,-0.864972,0.302844,0.400135,-4.1e-05,-0.000415,-0.000374,0.005964,0.011068,0.007114,-0.854355
1003,0.157144,0.016441,0.316556,-0.496517,-0.069725,-0.865248,-0.383967,-0.876312,0.290892,-0.777898,0.476743,0.409413,0.013674,-0.000645,-0.000777,0.000984,-0.014715,0.029553,-1.854135,-0.03302,0.009779,0.342867,0.724532,0.183906,0.664246,-0.482759,0.823145,0.298848,-0.492704,-0.537426,0.684309,0.102608,-0.031349,-0.010548,-0.080456,0.07227,-0.172776,-1.268097,0.077973,0.023126,-0.009687,-0.702742,-0.227213,0.674185,0.5126,-0.818838,0.258349,0.493349,0.527141,0.691902,0.051155,-0.015358,-0.005031,-0.089605,0.070933,-0.165981,-0.917817,0.115783,0.032675,-0.082779,-0.445028,-0.094221,-0.890545,-0.23194,-0.948388,0.216247,-0.864958,0.302789,0.400206,2e-06,1.8e-05,1.6e-05,7.4e-05,0.000288,0.000204,-0.855008
1004,0.157246,0.01643,0.316544,-0.49625,-0.069526,-0.865418,-0.384122,-0.876339,0.290606,-0.777992,0.476721,0.409258,-1e-06,-8e-06,-8e-06,-0.0,-0.0,-0.0,-1.855759,-0.029571,0.008908,0.342608,0.718593,0.171702,0.673894,-0.471548,0.832439,0.290899,-0.511913,-0.527027,0.678271,0.084614,-0.023894,-0.001008,1.896329,2.632749,-0.943229,-1.274326,0.079742,0.022677,-0.009824,-0.698591,-0.215989,0.682142,0.502138,-0.827152,0.252341,0.509733,0.518813,0.686297,0.040408,-0.005614,-0.003779,3.661983,1.669348,3.634398,-0.913572,0.11584,0.032669,-0.082785,-0.444782,-0.093945,-0.890697,-0.232088,-0.948424,0.21593,-0.865045,0.302762,0.400038,1e-06,8e-06,6e-06,-4.9e-05,5e-06,1.9e-05,-0.855988
1005,0.157307,0.016421,0.316534,-0.496163,-0.06945,-0.865473,-0.384176,-0.876349,0.290504,-0.778021,0.476714,0.409212,-1.8e-05,-0.000185,-0.000167,-0.0,-0.0,-0.0,-1.857066,-0.028138,0.00863,0.342532,0.713712,0.161974,0.681447,-0.461747,0.840259,0.284056,-0.527461,-0.517594,0.673605,0.068842,-0.022905,0.002846,3.709546,1.697214,3.494818,-1.277204,0.080465,0.022538,-0.009863,-0.690908,-0.2098,0.691829,0.496725,-0.833069,0.243431,0.52527,0.511838,0.679788,0.032714,-0.005443,-0.0022,0.036568,0.243625,-0.292383,-0.911939,0.11587,0.032665,-0.082789,-0.444709,-0.093852,-0.890744,-0.232136,-0.948436,0.215826,-0.86507,0.302754,0.399991,-1.1e-05,-0.000108,-0.0001,-3.8e-05,1.9e-05,1.5e-05,-0.856315
1006,0.157407,0.016396,0.316511,-0.496042,-0.069338,-0.865552,-0.384255,-0.876364,0.290356,-0.77806,0.476703,0.40915,-2.8e-05,-0.00028,-0.000253,-0.0,-0.0,-0.0,-1.858258,-0.025754,0.008066,0.342615,0.697748,0.157079,0.698903,-0.45858,0.847386,0.267536,-0.551074,-0.507374,0.662384,0.063105,-0.005172,0.001085,-0.01965,0.113207,-0.179055,-1.286798,0.081637,0.022262,-0.00982,-0.675948,-0.200783,0.709069,0.488352,-0.84262,0.22694,0.551912,0.499675,0.66762,0.026147,-0.010111,0.004152,0.197129,0.813875,-0.926076,-0.904101,0.11592,0.032653,-0.082801,-0.444606,-0.093714,-0.890809,-0.232207,-0.948453,0.215673,-0.865103,0.302742,0.399927,-1.6e-05,-0.000162,-0.000147,-2.3e-05,1.7e-05,6e-06,-0.856641
1007,0.157448,0.016397,0.316497,-0.495976,-0.069285,-0.865594,-0.384273,-0.876383,0.290272,-0.778092,0.476674,0.409122,-7e-06,-7.4e-05,-6.7e-05,-0.0,-0.0,-0.0,-1.858333,-0.024814,0.007734,0.342779,0.690321,0.153274,0.707075,-0.454805,0.8519,0.259524,-0.563427,-0.50093,0.656873,0.051402,-0.018082,0.010445,-0.068914,0.221273,-0.407388,-1.294497,0.08213,0.022097,-0.009736,-0.668337,-0.197058,0.717281,0.484538,-0.846967,0.218789,0.564399,0.493775,0.661542,0.02537,-0.00834,0.005877,0.004967,0.242962,-0.322587,-0.900182,0.115941,0.032652,-0.082809,-0.44455,-0.093647,-0.890844,-0.232219,-0.94847,0.215587,-0.865129,0.302711,0.399895,0.006836,-0.00034,-0.000408,0.000967,-0.014703,0.029561,-0.856968
1008,0.15746,0.016427,0.316497,-0.495785,-0.069172,-0.865712,-0.384331,-0.876425,0.29007,-0.778185,0.476614,0.409015,7.1e-05,0.000723,0.000653,-0.0,-0.0,-0.0,-1.858129,-0.023025,0.006814,0.343453,0.681389,0.141566,0.718095,-0.441182,0.862197,0.248816,-0.584751,-0.48653,0.649013,0.052699,-0.024986,0.022539,0.245365,0.182445,0.137114,-1.303742,0.083022,0.021644,-0.009399,-0.65929,-0.185908,0.728542,0.471471,-0.857009,0.207964,0.585705,0.480595,0.652668,0.019544,-0.014817,0.010554,1.071084,0.585089,0.700568,-0.892671,0.115946,0.032666,-0.08281,-0.444378,-0.093494,-0.890946,-0.232262,-0.948506,0.21538,-0.865205,0.302643,0.39978,4.8e-05,0.000484,0.000438,-4e-06,1.1e-05,2.7e-05,-0.856478
1009,0.157412,0.016542,0.316467,-0.495669,-0.069144,-0.865781,-0.38417,-0.876557,0.289885,-0.778339,0.476375,0.409001,0.000144,0.012011,-0.00716,0.035443,-0.014857,0.017167,-1.85813,-0.021036,0.005558,0.344508,0.669243,0.129582,0.731651,-0.422966,0.875929,0.23191,-0.611643,-0.464833,0.640067,0.055437,-0.034807,0.031748,1.344307,1.0194,0.324839,-1.311541,0.083993,0.021037,-0.008882,-0.648556,-0.176896,0.740325,0.457068,-0.86825,0.192948,0.608656,0.463517,0.643963,0.020995,-0.019968,0.014932,-0.158175,0.068245,-0.229722,-0.890875,0.115922,0.032721,-0.08282,-0.444279,-0.09345,-0.891,-0.232091,-0.948585,0.215217,-0.865302,0.30241,0.399748,-0.006806,0.000614,0.000653,-0.000996,0.014701,-0.029549,-0.855009
1010,0.157322,0.016672,0.31641,-0.495613,-0.069174,-0.865811,-0.383907,-0.876719,0.289743,-0.778504,0.476073,0.409038,1e-06,8e-06,7e-06,-0.0,-0.0,-0.0,-1.858588,-0.018994,0.004014,0.345697,0.650695,0.126178,0.748777,-0.416414,0.883814,0.213088,-0.635689,-0.450617,0.626664,0.046462,-0.053218,0.035682,-0.123806,0.142692,-0.311057,-1.317641,0.085035,0.020265,-0.008271,-0.62833,-0.170344,0.759067,0.445954,-0.878368,0.172028,0.637436,0.4466,0.627871,0.028547,-0.018836,0.01434,0.051385,0.259714,-0.279139,-0.89659,0.115878,0.032792,-0.082851,-0.444205,-0.093459,-0.891036,-0.231782,-0.948697,0.215056,-0.865424,0.302055,0.399754,-0.0,-1.9e-05,-1.6e-05,-5e-06,-1.2e-05,1.6e-05,-0.855009
1011,0.157292,0.016741,0.316379,-0.495552,-0.069165,-0.865846,-0.383784,-0.876809,0.289631,-0.778604,0.475907,0.409042,1.6e-05,0.000158,0.000142,-0.0,-0.0,-0.0,-1.859239,-0.017965,0.003168,0.346243,0.635382,0.126463,0.761767,-0.409926,0.891185,0.194118,-0.655103,-0.43577,0.617096,0.05821,-0.039522,0.026801,0.212411,0.626825,-0.775092,-1.320244,0.085567,0.019823,-0.007983,-0.612719,-0.171006,0.771577,0.43937,-0.88523,0.152713,0.656909,0.432578,0.617532,0.02915,-0.019892,0.013231,0.216026,0.691085,-0.798521,-0.892018,0.115863,0.032826,-0.082867,-0.444146,-0.093437,-0.891068,-0.23164,-0.948757,0.214946,-0.865492,0.301875,0.399743,1e-05,8.4e-05,7.8e-05,-0.0,-7e-06,2.9e-05,-0.853866
1012,0.157231,0.016844,0.316297,-0.49551,-0.069191,-0.865868,-0.383518,-0.876971,0.289493,-0.778761,0.475605,0.409094,-0.000131,-0.001322,-0.001194,-0.000575,0.016382,-0.023704,-1.860024,-0.015668,0.001366,0.347237,0.607108,0.124491,0.784802,-0.392386,0.905738,0.160014,-0.691644,-0.405252,0.597714,0.075024,-0.040124,0.022474,0.196301,0.771659,-1.120227,-1.33679,0.086684,0.018942,-0.007489,-0.584839,-0.168461,0.793462,0.420984,-0.899176,0.11939,0.69335,0.403859,0.596793,0.031999,-0.027612,0.014923,0.922607,2.026237,-2.158016,-0.888588,0.115832,0.03288,-0.082905,-0.444084,-0.093441,-0.891098,-0.231353,-0.948861,0.214794,-0.8656,0.301545,0.399757,-0.0,-1.2e-05,-9e-06,-8e-06,1.5e-05,-6e-06,-0.854192
1013,0.157231,0.016962,0.316201,-0.494257,-0.071657,-0.866383,-0.383238,-0.876572,0.291069,-0.779696,0.475978,0.406873,7.7e-05,0.011296,-0.0078,0.034132,-0.01788,0.015112,-1.861008,-0.012896,-0.000545,0.34819,0.595219,0.123996,0.793933,-0.371625,0.918433,0.135315,-0.71312,-0.375749,0.591723,0.065037,-0.056083,0.028706,-0.133078,0.255871,-0.679672,-1.340008,0.088049,0.018003,-0.007029,-0.572655,-0.168047,0.802387,0.399721,-0.91177,0.09432,0.715743,0.374745,0.589302,0.032805,-0.028667,0.01367,0.264001,0.881648,-1.141275,-0.896426,0.115832,0.032931,-0.082953,-0.442311,-0.095774,-0.891732,-0.231235,-0.948487,0.216566,-0.866539,0.30199,0.39738,-1.8e-05,-0.00019,-0.000171,0.007234,0.013013,0.008468,-0.852559
1014,0.157261,0.017006,0.316159,-0.494141,-0.071588,-0.866456,-0.383174,-0.876658,0.290894,-0.779801,0.475831,0.406844,-1.4e-05,-0.000138,-0.000125,-1.9e-05,-4.4e-05,-3e-05,-1.861164,-0.011618,-0.00145,0.348592,0.589151,0.126808,0.798006,-0.362857,0.923891,0.121222,-0.722615,-0.361146,0.589292,0.063265,-0.047287,0.018111,0.430892,-0.0057,-0.279777,-1.340183,0.088716,0.017532,-0.006816,-0.56538,-0.170754,0.806962,0.391863,-0.916484,0.080621,0.725801,0.3618,0.585074,0.038501,-0.021175,0.009756,1.445402,0.010819,0.377325,-0.898386,0.115847,0.032957,-0.082977,-0.442285,-0.095553,-0.891769,-0.231112,-0.948586,0.216264,-0.866585,0.301749,0.397463,4.7e-05,0.005716,-0.003839,0.036833,-0.012149,0.018943,-0.853049
1015,0.157381,0.01704,0.316066,-0.493911,-0.071422,-0.8666,-0.383119,-0.876795,0.290556,-0.779974,0.475604,0.406778,-0.000121,-0.001225,-0.001107,-0.0,-0.0,-0.0,-1.860091,-0.009088,-0.003416,0.349232,0.565753,0.123711,0.815237,-0.331066,0.939524,0.08732,-0.755818,-0.319462,0.571443,0.065778,-0.051119,0.013661,4.714995,1.154779,2.13082,-1.349565,0.089979,0.016553,-0.006491,-0.541899,-0.170821,0.8229,0.364384,-0.930067,0.046889,0.757342,0.325261,0.566247,0.032819,-0.025489,0.006861,0.969916,1.931264,-2.218604,-0.906061,0.115907,0.032976,-0.083022,-0.442102,-0.095315,-0.891885,-0.231018,-0.948692,0.215901,-0.866703,0.301492,0.397399,0.006756,-0.0011,-0.001096,0.000969,-0.014668,0.029617,-0.852722
1016,0.157508,0.016996,0.315971,-0.493814,-0.071321,-0.866664,-0.383103,-0.876858,0.290386,-0.780043,0.475503,0.406764,-0.000177,-0.0018,-0.001628,-0.0,-0.0,-0.0,-1.859314,-0.006939,-0.005538,0.349529,0.54959,0.130503,0.825173,-0.307213,0.950044,0.054501,-0.777504,-0.28363,0.561163,0.05112,-0.048863,-0.00041,2.519827,1.907989,-1.651908,-1.365593,0.09106,0.01549,-0.006339,-0.527051,-0.173484,0.831937,0.336381,-0.941577,0.016757,0.780426,0.28868,0.554616,0.018766,-0.027257,-0.001323,4.670386,0.153829,2.407662,-0.916838,0.115971,0.032954,-0.08307,-0.442023,-0.095193,-0.891937,-0.230987,-0.948739,0.215727,-0.866752,0.301383,0.397377,-0.000108,-0.001125,-0.001019,-3.1e-05,1.4e-05,5e-06,-0.851579
1017,0.157644,0.016958,0.315852,-0.493593,-0.071146,-0.866804,-0.38311,-0.876957,0.290076,-0.78018,0.475345,0.406686,0.013437,-0.003,-0.002915,0.000407,0.001692,0.005867,-1.859157,-0.005696,-0.007771,0.349239,0.516496,0.124481,0.847188,-0.246796,0.968998,0.008219,-0.820524,-0.213496,0.530115,0.023361,-0.053911,-0.018437,5.641399,2.476003,0.586152,-1.396796,0.09168,0.014402,-0.006471,-0.494884,-0.17064,0.852039,0.278696,-0.959898,-0.030368,0.823053,0.222431,0.522595,0.004917,-0.029918,-0.010441,1.40052,1.378937,-0.191855,-0.927615,0.116034,0.032936,-0.083128,-0.441832,-0.094977,-0.892055,-0.230965,-0.948815,0.215416,-0.866855,0.301211,0.397281,-7.1e-05,-0.00073,-0.000665,-1.7e-05,6e-06,1.5e-05,-0.851906
1018,0.157714,0.016989,0.315785,-0.493443,-0.071043,-0.866898,-0.383048,-0.87706,0.289848,-0.780305,0.475171,0.406649,-0.000126,-0.001292,-0.001169,-0.0,-0.0,-0.0,-1.858644,-0.005536,-0.009053,0.348858,0.497717,0.12149,0.858784,-0.205856,0.978365,-0.018967,-0.843108,-0.167512,0.510855,-0.014316,-0.082395,-0.017601,4.494849,0.773354,2.044658,-1.399521,0.091779,0.013771,-0.006657,-0.474266,-0.168475,0.86411,0.237074,-0.969701,-0.058944,0.84786,0.176903,0.499838,-0.001463,-0.033695,-0.012686,1.723518,0.945495,-0.671891,-0.934963,0.116073,0.032945,-0.083161,-0.441713,-0.094847,-0.892128,-0.230897,-0.94888,0.215203,-0.866934,0.301048,0.397232,0.006747,-0.001229,-0.001215,0.000971,-0.014706,0.029562,-0.851906
1019,0.157963,0.017078,0.315564,-0.492832,-0.070625,-0.86728,-0.382931,-0.877395,0.288987,-0.78075,0.474614,0.406447,-0.000278,0.007752,-0.011006,0.034867,0.00156,-0.006522,-1.858678,-0.00667,-0.011449,0.347481,0.482433,0.12616,0.866795,-0.175324,0.983429,-0.045423,-0.858742,-0.13023,0.495445,-0.053066,-0.058562,-0.044332,-0.089944,0.430767,-0.912481,-1.39974,0.091237,0.012528,-0.007359,-0.457545,-0.168819,0.873013,0.201101,-0.976018,-0.083342,0.866146,0.137431,0.480522,-0.026489,-0.029325,-0.022195,-0.167204,0.305446,-0.831341,-0.935616,0.116198,0.032995,-0.083267,-0.441158,-0.094289,-0.892462,-0.230698,-0.949129,0.214314,-0.86727,0.300436,0.396963,0.006682,-0.001915,-0.001841,0.00098,-0.014718,0.029576,-0.852396
1020,0.158468,0.017082,0.315194,-0.487092,-0.073611,-0.870269,-0.383753,-0.877061,0.288912,-0.783945,0.474782,0.400048,0.026691,-0.008124,-0.007793,-0.059431,-0.174957,-0.048565,-1.859548,-0.009204,-0.01337,0.345655,0.483347,0.133206,0.86523,-0.182627,0.981926,-0.049017,-0.856703,-0.134504,0.497828,-0.090847,-0.04152,-0.058281,-0.087501,0.260173,-0.598024,-1.399716,0.089953,0.011539,-0.008297,-0.458084,-0.17666,0.871177,0.208788,-0.974018,-0.08773,0.86404,0.141704,0.483067,-0.04555,-0.020469,-0.028778,-0.089858,0.259789,-0.601263,-0.939535,0.116441,0.033004,-0.083451,-0.434963,-0.095837,-0.895333,-0.23157,-0.94897,0.214077,-0.870161,0.300448,0.390574,0.006558,0.002076,-0.00725,-0.043219,-0.262655,-0.058117,-0.851579
1021,0.158882,0.016999,0.314908,-0.485459,-0.075688,-0.871003,-0.38373,-0.876712,0.289998,-0.784971,0.475102,0.397652,0.026426,-0.000385,-0.018841,-0.163642,-0.473311,-0.287117,-1.860126,-0.011218,-0.014277,0.344599,0.485832,0.12891,0.864489,-0.172513,0.983724,-0.049607,-0.857398,-0.125212,0.499053,-0.106937,-0.043235,-0.056392,0.123572,0.284935,-0.493547,-1.397892,0.088987,0.011102,-0.008804,-0.46098,-0.172084,0.870565,0.198689,-0.976126,-0.08774,0.864881,0.132526,0.484166,-0.060687,-0.023814,-0.028548,0.338942,0.268522,-0.406654,-0.940841,0.116648,0.032964,-0.083586,-0.434417,-0.095672,-0.895615,-0.231466,-0.949091,0.213656,-0.870462,0.30012,0.390157,0.00641,0.000441,-0.008748,0.042589,0.000557,0.030768,-0.84815
1022,0.159857,0.016782,0.314218,-0.483411,-0.07733,-0.871998,-0.383573,-0.876672,0.290326,-0.786311,0.474913,0.395221,0.026238,-0.013843,-0.013099,0.00066,-0.014612,0.034331,-1.860864,-0.016323,-0.016259,0.342517,0.499221,0.123748,0.857588,-0.160093,0.985855,-0.048929,-0.852114,-0.113038,0.51087,-0.135868,-0.057895,-0.045064,-0.097629,-0.749047,-0.235614,-1.386934,0.086496,0.010137,-0.009828,-0.471371,-0.16726,0.865929,0.186488,-0.978552,-0.087498,0.861992,0.120241,0.492454,-0.069428,-0.023401,-0.026435,0.086907,0.198279,-0.522473,-0.941168,0.117126,0.032857,-0.08393,-0.430438,-0.099098,-0.897163,-0.231498,-0.948587,0.215845,-0.872428,0.3006,0.385367,0.013138,-0.00133,-0.010506,0.045182,-0.011874,0.063144,-0.850436
2015,0.262634,0.012412,0.31521,-0.869221,-0.299053,-0.393785,-0.105234,-0.666324,0.73818,-0.482065,0.683451,0.54821,0.000145,-0.000624,-0.000607,-0.0,-0.0,-0.0,-1.733464,-0.050149,0.02788,0.364202,0.551546,0.692542,0.464944,-0.820647,0.351106,0.450772,0.148246,-0.63104,0.761364,0.002236,-0.005675,-0.004261,-0.001336,0.014115,-0.02443,-0.300769,0.069468,0.032183,0.000997,-0.520571,-0.723563,0.453279,0.840897,-0.34247,0.419053,-0.147976,0.599308,0.786722,0.002493,-0.008351,0.002019,-0.043606,0.113024,-0.213971,-0.469095,0.168534,0.030661,-0.083451,-0.787545,-0.417906,-0.452907,-0.011436,-0.724896,0.688762,-0.616149,0.547611,0.566109,-0.006815,-0.001629,-0.000766,-0.001162,0.014956,-0.029328,-0.793938
2016,0.262563,0.012392,0.3152,-0.869124,-0.299028,-0.394019,-0.105399,-0.666395,0.738092,-0.482204,0.683393,0.548161,1e-06,-3e-06,-3e-06,-0.0,-0.0,-0.0,-1.71829,-0.049671,0.027516,0.364167,0.565195,0.678058,0.469876,-0.814464,0.368609,0.448006,0.129868,-0.636752,0.759963,0.016476,-0.005843,-0.006224,0.021186,0.018406,0.037905,-0.371999,0.069712,0.032001,0.000979,-0.53449,-0.709628,0.459072,0.835153,-0.360054,0.415788,-0.129764,0.60563,0.785093,0.008344,-0.00319,-0.003316,0.019403,0.013728,0.040858,-0.498814,0.168498,0.03065,-0.083457,-0.787451,-0.417839,-0.453134,-0.011592,-0.724989,0.688662,-0.616267,0.547541,0.56605,-4e-06,1.6e-05,1.7e-05,-9.8e-05,0.000185,0.000146,-0.793448
2017,0.262522,0.012385,0.315198,-0.869049,-0.299003,-0.394203,-0.105532,-0.666452,0.738022,-0.48231,0.683348,0.548123,-0.013814,-0.002472,-0.000771,0.00939,-0.0949,0.136076,-1.711983,-0.049399,0.027278,0.364099,0.569787,0.669338,0.476782,-0.813254,0.376428,0.443681,0.116787,-0.641382,0.75819,0.004372,-0.011034,-0.008329,0.146725,0.25931,-0.065965,-0.434871,0.069847,0.031884,0.000947,-0.539153,-0.701396,0.466215,0.83403,-0.367702,0.411323,-0.117072,0.610604,0.783233,0.008649,-0.003931,-0.003887,0.537683,0.787194,-0.002031,-0.546821,0.168483,0.030648,-0.083458,-0.787422,-0.41782,-0.453202,-0.011637,-0.725016,0.688633,-0.616304,0.547519,0.566032,-2e-06,1e-05,1.1e-05,-7.4e-05,0.000159,0.000116,-0.793448
2018,0.262466,0.012397,0.315201,-0.86799,-0.301539,-0.394604,-0.10493,-0.665348,0.739103,-0.48434,0.683314,0.546374,-3e-06,1.3e-05,1.3e-05,-0.000202,-0.000429,-0.000271,-1.706893,-0.048624,0.026752,0.363836,0.57681,0.661204,0.479677,-0.809756,0.386079,0.441783,0.106196,-0.64407,0.757469,0.021597,-0.022594,-0.002342,-0.036459,0.012048,-0.04524,-0.529287,0.070227,0.031628,0.000815,-0.546364,-0.693446,0.469699,0.830767,-0.377487,0.409058,-0.106355,0.613705,0.782338,0.009587,-0.006214,-0.005653,0.009319,-0.08589,0.1558,-0.652144,0.168449,0.030653,-0.083456,-0.78583,-0.420128,-0.453831,-0.011346,-0.723912,0.689798,-0.618338,0.547213,0.564105,0.0,-0.0,1e-06,0.01623,-0.106385,0.166958,-0.793611
2019,0.262463,0.012411,0.315202,-0.867926,-0.301501,-0.394775,-0.10505,-0.66542,0.739021,-0.484429,0.68326,0.546361,-0.0,1e-06,1e-06,-0.0,-0.0,-0.0,-1.709871,-0.047604,0.026212,0.363392,0.587021,0.649494,0.483275,-0.804231,0.400128,0.439367,0.091263,-0.647392,0.756583,0.032861,-0.01078,-0.012035,0.013384,-0.096697,0.182923,-0.576514,0.070734,0.03135,0.000594,-0.556676,-0.682179,0.47407,0.825671,-0.391467,0.406227,-0.091537,0.617563,0.781176,0.010255,-0.007758,-0.006892,-0.003308,0.008115,-0.019476,-0.721216,0.168448,0.030661,-0.083455,-0.785795,-0.420025,-0.453987,-0.011437,-0.724035,0.689667,-0.618381,0.547129,0.564139,1e-06,-7e-06,-7e-06,-0.000135,0.000405,0.000323,-0.794264
2020,0.262463,0.012411,0.315202,-0.867873,-0.301474,-0.394912,-0.105154,-0.665463,0.738968,-0.484502,0.68323,0.546335,-0.0,0.0,0.0,-0.0,-0.0,-0.0,-1.711175,-0.046409,0.025776,0.362919,0.58849,0.643927,0.488905,-0.804171,0.404484,0.435471,0.081924,-0.650236,0.755211,0.032774,-0.010213,-0.011736,0.013336,-0.09674,0.182838,-0.595282,0.071334,0.031127,0.000354,-0.558134,-0.676862,0.47994,0.825657,-0.395664,0.402169,-0.082318,0.62073,0.77969,0.016445,-0.005234,-0.005982,-0.002247,-0.008613,0.010985,-0.756486,0.168448,0.03066,-0.083456,-0.785749,-0.419967,-0.454119,-0.011542,-0.724092,0.689606,-0.618436,0.547099,0.564108,1e-06,-4e-06,-5e-06,-0.000108,0.000276,0.000209,-0.795571
2021,0.262451,0.012416,0.315207,-0.86782,-0.301451,-0.395046,-0.105254,-0.665504,0.738916,-0.484575,0.683199,0.546308,-0.000128,0.000552,0.000537,-0.0,-0.0,-0.0,-1.711446,-0.045727,0.02558,0.362685,0.596732,0.634523,0.491205,-0.798942,0.413627,0.436506,0.073054,-0.653712,0.753118,0.032969,-0.010502,-0.012031,-0.330971,0.215945,0.377858,-0.607215,0.071675,0.031029,0.000237,-0.565676,-0.669135,0.481941,0.821384,-0.405432,0.401188,-0.073055,0.622802,0.778961,0.02288,-0.003335,-0.005523,-0.400821,0.347151,0.276754,-0.764161,0.168443,0.030661,-0.083454,-0.785699,-0.419921,-0.454249,-0.011635,-0.724146,0.689547,-0.618498,0.547062,0.564076,-8.3e-05,0.000366,0.000355,-0.000105,0.00023,0.000158,-0.795897
2022,0.262417,0.012425,0.315206,-0.866694,-0.303948,-0.395602,-0.104781,-0.66445,0.739931,-0.486683,0.683122,0.544527,-8e-06,3.5e-05,3.4e-05,-0.001204,-0.002565,-0.001621,-1.71162,-0.044381,0.025267,0.362286,0.606758,0.62008,0.497329,-0.79272,0.427057,0.434914,0.056538,-0.658903,0.750009,0.031774,-0.007245,-0.009621,-0.029328,-0.036389,0.19625,-0.631683,0.07235,0.030867,3.3e-05,-0.576884,-0.653723,0.489745,0.814805,-0.418404,0.401284,-0.057417,0.630542,0.774028,0.015799,-0.003392,-0.004647,-0.013605,0.071031,0.015063,-0.777551,0.168425,0.030667,-0.083453,-0.784069,-0.422227,-0.454927,-0.01142,-0.72302,0.690731,-0.620567,0.546776,0.562076,-2e-06,1e-05,1.1e-05,0.011854,0.004327,0.001156,-0.796224
2023,0.262333,0.012419,0.315195,-0.866699,-0.303972,-0.395574,-0.104735,-0.664459,0.739931,-0.486686,0.683104,0.544549,-0.0,0.0,0.0,-0.0,-1e-06,-0.0,-1.711556,-0.043169,0.025005,0.361926,0.616795,0.60625,0.502013,-0.785571,0.4355,0.43949,0.047046,-0.666196,0.7442,0.018786,-0.010441,-0.010221,-0.041195,-0.03503,0.182372,-0.696207,0.07296,0.030738,-0.000145,-0.587306,-0.640234,0.495147,0.807916,-0.42717,0.405951,-0.048391,0.638455,0.768135,0.015613,-0.002807,-0.004241,-0.018218,0.006165,0.055909,-0.80776,0.168383,0.030664,-0.083459,-0.784116,-0.422187,-0.454883,-0.011327,-0.723099,0.690651,-0.620509,0.546703,0.562212,-0.006906,-0.001237,-0.00039,-0.00101,0.015252,-0.029168,-0.795571
2024,0.262273,0.012401,0.315186,-0.8667,-0.303993,-0.395557,-0.104711,-0.664452,0.73994,-0.486689,0.683101,0.544549,8e-06,-3.5e-05,-3.4e-05,-0.0,-0.0,-0.0,-1.711671,-0.04261,0.024884,0.361772,0.622313,0.598413,0.504598,-0.781468,0.439383,0.442927,0.042566,-0.670711,0.740404,0.030748,-0.004372,-0.007507,-0.074778,-0.030872,0.25737,-0.703102,0.073236,0.030674,-0.000225,-0.592919,-0.632681,0.498157,0.804051,-0.431242,0.409306,-0.044133,0.643229,0.764399,0.015481,-0.002427,-0.00396,-0.070029,0.062495,0.056546,-0.811679,0.168353,0.030655,-0.083464,-0.784119,-0.4222,-0.454866,-0.011311,-0.72309,0.69066,-0.620506,0.546705,0.562214,-0.006903,-0.001249,-0.000401,-0.001191,0.015065,-0.029276,-0.796224
2025,0.262129,0.012369,0.315172,-0.866549,-0.303965,-0.395907,-0.104951,-0.66456,0.739809,-0.486904,0.683008,0.544473,-0.013785,-0.002589,-0.000889,-0.000984,0.014715,-0.029553,-1.711751,-0.041726,0.024635,0.361589,0.631061,0.584501,0.510011,-0.774903,0.44661,0.447211,0.032833,-0.678153,0.734093,0.016411,-0.004554,-0.00566,0.008197,0.232429,-0.119545,-0.702685,0.073684,0.030547,-0.000319,-0.602186,-0.619193,0.503955,0.797591,-0.43899,0.413684,-0.034919,0.651065,0.758217,0.008132,-0.002091,-0.002698,0.231014,0.694473,-0.54824,-0.819353,0.168286,0.03064,-0.08347,-0.783963,-0.422099,-0.455227,-0.011552,-0.723238,0.690501,-0.620698,0.546586,0.562117,1.8e-05,-7.5e-05,-7.4e-05,0.010206,-0.109407,0.165793,-0.79802
2026,0.262003,0.012353,0.315171,-0.866368,-0.303916,-0.396341,-0.105259,-0.664694,0.739644,-0.48716,0.682899,0.544381,-2e-06,8e-06,8e-06,-0.0,-0.0,-0.0,-1.709624,-0.04119,0.024513,0.361473,0.632558,0.58273,0.510184,-0.773649,0.446273,0.449713,0.033592,-0.679896,0.732445,0.001915,-0.004528,-0.003596,-0.001201,0.001052,0.000651,-0.694077,0.073959,0.030484,-0.00038,-0.603574,-0.617601,0.504248,0.796516,-0.438914,0.415831,-0.035496,0.652627,0.756846,0.000889,-0.002094,-0.001674,0.011566,-0.00898,-0.004575,-0.821476,0.168218,0.030631,-0.083471,-0.783791,-0.42199,-0.455627,-0.011816,-0.723403,0.690324,-0.620912,0.546453,0.562011,-0.0,2e-06,2e-06,-9.1e-05,0.000164,0.000122,-0.79851
2027,0.261891,0.012327,0.315159,-0.866248,-0.303893,-0.396621,-0.105452,-0.66478,0.739539,-0.487332,0.682825,0.54432,0.0,-1e-06,-1e-06,-0.0,-0.0,-0.0,-1.71132,-0.041031,0.024417,0.361392,0.632155,0.582779,0.510626,-0.773983,0.445918,0.449489,0.033468,-0.680087,0.732273,0.001021,-0.002411,-0.001917,-0.0,0.0,0.0,-0.687302,0.074037,0.030439,-0.000418,-0.603095,-0.617757,0.50463,0.796884,-0.43856,0.4155,-0.035367,0.652718,0.756774,0.000522,-0.001229,-0.000984,-0.002202,0.012846,-0.026332,-0.822129,0.168162,0.030618,-0.083477,-0.783669,-0.421921,-0.455899,-0.011992,-0.723514,0.690204,-0.621061,0.546359,0.561937,-1e-06,4e-06,6e-06,-7e-05,9.1e-05,9.6e-05,-0.799
2028,0.261817,0.012322,0.31515,-0.866138,-0.303857,-0.396888,-0.105633,-0.664882,0.739422,-0.487488,0.682742,0.544284,-0.013817,-0.002451,-0.00076,-0.000984,0.014715,-0.029553,-1.71327,-0.041023,0.024397,0.361377,0.635254,0.579066,0.511005,-0.771615,0.450209,0.449283,0.029314,-0.680428,0.732135,0.000419,-0.000989,-0.000786,0.07625,0.06704,0.109246,-0.687014,0.074041,0.030429,-0.000426,-0.606184,-0.61425,0.505209,0.794706,-0.442777,0.415198,-0.031341,0.653179,0.756553,0.000198,-0.000463,-0.000371,0.25689,0.226608,0.366248,-0.822782,0.168125,0.030616,-0.083482,-0.78356,-0.421845,-0.456158,-0.012149,-0.723638,0.690072,-0.621197,0.546255,0.561889,-0.00691,-0.001222,-0.000378,-0.001051,0.014782,-0.029479,-0.79949
2029,0.261707,0.012342,0.315139,-0.865975,-0.303794,-0.397294,-0.105892,-0.665064,0.739222,-0.487722,0.682594,0.544261,-0.013943,-0.001894,-0.000221,0.009351,-0.094942,0.136051,-1.716056,-0.041082,0.024438,0.361402,0.634806,0.579112,0.511509,-0.771991,0.449853,0.448994,0.029123,-0.680624,0.73196,-0.000969,0.00229,0.00182,0.001886,-0.013523,0.025377,-0.685734,0.074012,0.030448,-0.000414,-0.605797,-0.614226,0.505702,0.795011,-0.4425,0.41491,-0.031075,0.653391,0.756382,-0.000524,0.001239,0.000985,0.001504,-0.013837,0.02481,-0.824742,0.168076,0.030626,-0.083488,-0.783442,-0.421758,-0.45644,-0.012291,-0.7238,0.6899,-0.621342,0.546107,0.561872,-8.4e-05,0.000365,0.000356,-2.5e-05,5.4e-05,5.5e-05,-0.800143
2030,0.261596,0.012372,0.31511,-0.865863,-0.303747,-0.397572,-0.106033,-0.665242,0.739041,-0.487889,0.68244,0.544304,-9.1e-05,0.000399,0.000388,-0.0,-0.0,-0.0,-1.719345,-0.041058,0.024536,0.361471,0.645853,0.565996,0.512361,-0.763142,0.462704,0.451057,0.01742,-0.683025,0.730094,-0.000717,0.001693,0.001344,-0.000391,0.000442,0.000323,-0.686878,0.074022,0.030502,-0.000376,-0.617216,-0.601407,0.5073,0.786551,-0.455658,0.416787,-0.019503,0.656266,0.754277,-0.000374,0.000884,0.000704,0.006868,-0.00557,-0.002683,-0.827518,0.168015,0.03064,-0.083502,-0.783287,-0.421635,-0.456819,-0.01247,-0.724034,0.68965,-0.621534,0.545891,0.561869,-0.006968,-0.000964,-0.000125,-0.00101,0.014748,-0.029525,-0.800469
2031,0.261527,0.012399,0.315101,-0.865775,-0.303708,-0.397794,-0.10616,-0.665366,0.738911,-0.488018,0.682336,0.544319,-0.001676,0.011709,-0.007389,0.035693,-0.006757,0.021251,-1.71976,-0.040941,0.024589,0.361506,0.652965,0.554205,0.516222,-0.757232,0.469743,0.453734,0.008157,-0.687861,0.725702,0.012274,0.005292,0.002133,0.101377,0.370297,0.464808,-0.686891,0.074076,0.030528,-0.000358,-0.62404,-0.590547,0.511691,0.781317,-0.462494,0.419097,-0.010843,0.661326,0.750019,0.006088,0.002751,0.001139,0.660396,0.997082,1.311057,-0.829967,0.16798,0.030654,-0.083506,-0.783199,-0.421565,-0.457034,-0.012569,-0.724169,0.689507,-0.621642,0.545766,0.561871,-0.000837,0.005854,-0.003694,0.035681,-0.006714,0.02128,-0.800796
2032,0.261392,0.01243,0.315131,-0.865542,-0.303628,-0.398361,-0.106559,-0.665561,0.738678,-0.488343,0.682182,0.544221,-0.000282,0.001232,0.001197,-0.0,-0.0,-0.0,-1.719943,-0.040563,0.024726,0.361551,0.659157,0.541649,0.521651,-0.751899,0.476786,0.455254,-0.002948,-0.692985,0.720851,-1e-06,2e-06,1e-06,-0.184387,0.163553,0.09905,-0.684927,0.074269,0.030598,-0.000334,-0.630683,-0.578195,0.517618,0.77604,-0.470294,0.42022,0.000464,0.666718,0.745309,0.006358,0.002124,0.000648,-0.284213,0.220234,0.171087,-0.837152,0.167913,0.030667,-0.083493,-0.782965,-0.421404,-0.457583,-0.012918,-0.724414,0.689243,-0.62193,0.545565,0.561748,-0.007099,-0.000382,0.000437,0.000489,-0.001166,-0.005546,-0.801449
2033,0.261249,0.012443,0.315161,-0.865222,-0.303512,-0.399144,-0.10713,-0.665806,0.738375,-0.488785,0.681995,0.544059,-8.8e-05,0.000387,0.000376,-0.0,-0.0,-0.0,-1.715849,-0.040069,0.024819,0.361549,0.664583,0.530762,0.52594,-0.746988,0.484793,0.454883,-0.014365,-0.695837,0.717961,0.013751,0.001835,-0.000622,-0.016197,0.001833,0.040325,-0.676549,0.07451,0.030647,-0.000333,-0.63662,-0.567048,0.522657,0.77109,-0.478218,0.420387,0.011565,0.670643,0.741688,0.007003,0.000622,-0.00055,0.009495,-0.004389,0.00984,-0.841071,0.167841,0.030677,-0.083475,-0.782643,-0.42118,-0.458341,-0.013426,-0.724732,0.688899,-0.622325,0.545316,0.561552,-5.6e-05,0.000244,0.00024,1e-05,2.1e-05,1.6e-05,-0.801612
2034,0.261113,0.012426,0.315159,-0.864886,-0.30339,-0.399965,-0.10773,-0.666061,0.738057,-0.489247,0.681799,0.543889,-0.0,0.0,0.0,0.0,0.0,0.0,-1.714431,-0.039587,0.024801,0.361516,0.667754,0.519416,0.533202,-0.743785,0.491784,0.452623,-0.027952,-0.699472,0.714018,0.001674,-0.003904,-0.003109,0.064148,0.190927,-0.186751,-0.677492,0.074749,0.030643,-0.000352,-0.640376,-0.556294,0.529579,0.767671,-0.485519,0.41827,0.02444,0.674394,0.737966,0.007162,0.000255,-0.000848,0.754668,1.936928,-1.773595,-0.851522,0.167778,0.030669,-0.083476,-0.782298,-0.420932,-0.459156,-0.013976,-0.725076,0.688526,-0.622746,0.54505,0.561343,6e-06,-2.7e-05,-2.2e-05,0.010343,-0.109691,0.165593,-0.802266
2035,0.261062,0.01241,0.315151,-0.864772,-0.30335,-0.400242,-0.107931,-0.666148,0.73795,-0.489404,0.681732,0.543831,0.000174,-0.000765,-0.000743,0.0,0.0,0.0,-1.715837,-0.039395,0.024784,0.361488,0.668857,0.51756,0.533623,-0.74281,0.491139,0.454918,-0.027469,-0.701297,0.712244,0.001332,-0.003101,-0.002472,-0.009862,0.00859,0.00532,-0.67874,0.074853,0.030628,-0.000366,-0.641076,-0.554272,0.53085,0.767089,-0.484711,0.42027,0.024365,0.676636,0.735913,0.007164,0.000271,-0.000837,0.016456,-0.025715,0.026757,-0.853971,0.167747,0.030662,-0.083479,-0.78219,-0.420863,-0.459404,-0.014138,-0.725179,0.688414,-0.622878,0.544966,0.561278,0.000121,-0.00053,-0.000513,-1.3e-05,6e-06,-3e-06,-0.802429
2036,0.260939,0.012382,0.315138,-0.864497,-0.303254,-0.400909,-0.108416,-0.666355,0.737691,-0.489783,0.681572,0.543691,-0.013794,-0.002518,-0.000838,-0.000984,0.014715,-0.029553,-1.716815,-0.039149,0.024666,0.361378,0.672695,0.506768,0.539128,-0.738809,0.498143,0.453816,-0.03942,-0.704221,0.70879,0.002056,-0.004779,-0.003816,0.08396,0.097551,0.066018,-0.679986,0.074975,0.030571,-0.000419,-0.644946,-0.543985,0.536771,0.763373,-0.491762,0.418844,0.036118,0.679889,0.732423,0.000908,-0.002108,-0.001688,0.298944,0.275359,0.303042,-0.855441,0.167686,0.030646,-0.083488,-0.781913,-0.420673,-0.460049,-0.014569,-0.72545,0.68812,-0.623216,0.544753,0.56111,-0.006897,-0.001258,-0.000415,-0.000986,0.014709,-0.02954,-0.802919
2037,0.260851,0.012393,0.315158,-0.864259,-0.303163,-0.40149,-0.108843,-0.666537,0.737464,-0.490107,0.681434,0.543571,-0.000328,0.001446,0.001404,0.011788,-0.125599,0.189568,-1.719283,-0.03886,0.024578,0.361271,0.675937,0.493532,0.54729,-0.735009,0.504099,0.453409,-0.052957,-0.709351,0.702766,0.00179,-0.004152,-0.003322,-0.044549,0.050635,-0.002392,-0.68262,0.07512,0.030525,-0.000474,-0.648455,-0.530928,0.545547,0.759649,-0.4978,0.418482,0.04939,0.685791,0.72612,0.000722,-0.001671,-0.001339,-0.027078,0.019321,0.022458,-0.857563,0.167643,0.030648,-0.083481,-0.781735,-0.420553,-0.460461,-0.014843,-0.725622,0.687932,-0.623433,0.544616,0.561003,-3.1e-05,0.00014,0.000137,-1.3e-05,-1e-05,7e-06,-0.803735
2038,0.260826,0.012408,0.315175,-0.864143,-0.303112,-0.401777,-0.109058,-0.666627,0.737351,-0.490263,0.681369,0.543512,-0.000361,0.001593,0.001545,0.010295,-0.109704,0.165576,-1.72007,-0.038716,0.024545,0.361238,0.678455,0.487116,0.549918,-0.73226,0.507404,0.454169,-0.058642,-0.711419,0.700219,0.014027,0.001291,-0.001083,-0.182181,0.145173,0.128754,-0.681762,0.075189,0.030505,-0.000493,-0.650813,-0.525311,0.548169,0.757237,-0.501482,0.418458,0.055077,0.687433,0.724156,0.000799,-0.001846,-0.001483,-0.29222,0.239385,0.147186,-0.857727,0.16763,0.030656,-0.083472,-0.781613,-0.420456,-0.460757,-0.015047,-0.725749,0.687794,-0.623581,0.544522,0.560928,-0.000215,0.000949,0.000922,0.001487,-0.0159,0.023996,-0.803899
