frame,MLTx,MLTy,MLTz,MLTR1,MLTR2,MLTR3,MLTR4,MLTR5,MLTR6,MLTR7,MLTR8,MLTR9,MLTTVx,MLTTVy,MLTTVz,MLTRVx,MLTRVy,MLTRVz,MLGA,MRTx,MRTy,MRTz,MRTR1,MRTR2,MRTR3,MRTR4,MRTR5,MRTR6,MRTR7,MRTR8,MRTR9,MRTTVx,MRTTVy,MRTTVz,MRTRVx,MRTRVy,MRTRVz,MRGA,SLTx,SLTy,SLTz,SLTR1,SLTR2,SLTR3,SLTR4,SLTR5,SLTR6,SLTR7,SLTR8,SLTR9,SLTTVx,SLTTVy,SLTTVz,SLTRVx,SLTRVy,SLTRVz,SLGA,SRTx,SRTy,SRTz,SRTR1,SRTR2,SRTR3,SRTR4,SRTR5,SRTR6,SRTR7,SRTR8,SRTR9,SRTTVx,SRTTVy,SRTTVz,SRTRVx,SRTRVy,SRTRVz,SRGA
1251,0.114745,-0.017735,0.388076,-0.611898,-0.582887,-0.534668,0.282533,-0.79247,0.540497,-0.737996,0.180388,0.650268,-0.000461,-0.002084,-0.00151,-0.001147,0.01134,-0.026469,-0.691847,-0.156599,0.001463,0.355773,0.734943,-0.362986,0.572793,-0.012102,0.837399,0.546398,-0.6789,-0.408046,0.610293,-0.01315,-0.007851,-0.004788,-0.003954,0.028459,-0.054114,-1.403282,0.041374,0.02181,0.001145,-0.61417,0.506885,0.604866,-0.132566,-0.821829,0.554096,0.777959,0.260124,0.571938,-0.006586,-0.003594,-0.002141,-0.003736,0.029563,-0.055827,-0.875035,0.072868,0.015875,-0.045775,-0.587404,-0.624051,-0.515282,0.417044,-0.77907,0.468106,-0.693563,0.060072,0.717886,9.3e-05,0.004454,-0.005195,0.035464,-0.014158,0.017749,-0.660366
1252,0.114694,-0.017445,0.387793,-0.611746,-0.582558,-0.535198,0.282991,-0.79295,0.539553,-0.737947,0.179333,0.650616,0.000385,0.009833,-0.009716,0.035445,-0.014177,0.017726,-0.815019,-0.15672,0.001198,0.355545,0.738402,-0.362678,0.568523,-0.009903,0.837019,0.547023,-0.675172,-0.409096,0.613716,0.000353,-0.008131,-0.006181,0.000398,0.011593,-0.026581,-1.402923,0.041309,0.021671,0.001028,-0.617905,0.507173,0.600806,-0.134637,-0.821105,0.554669,0.774638,0.261842,0.575649,-0.006552,-0.004536,-0.002863,-0.016075,0.04107,-0.054415,-0.875035,0.072841,0.016016,-0.045919,-0.587335,-0.623698,-0.515788,0.417479,-0.779433,0.467112,-0.693359,0.059021,0.718169,0.000206,0.004957,-0.004826,0.035471,-0.014163,0.01774,-0.680451
1253,0.114604,-0.017194,0.387496,-0.611588,-0.581964,-0.536025,0.283217,-0.793641,0.538418,-0.737991,0.178198,0.650877,-0.000218,-0.000984,-0.000714,0.0,0.0,0.0,-0.968303,-0.15675,0.000913,0.355269,0.740978,-0.364713,0.563852,-0.007359,0.835078,0.550023,-0.672377,-0.411244,0.615347,0.000367,-0.008508,-0.006487,-0.001803,0.013649,-0.025315,-1.22801,0.041294,0.021527,0.000888,-0.620146,0.509754,0.596296,-0.136486,-0.818626,0.557872,0.772522,0.264576,0.577242,0.000186,-0.004222,-0.003218,0.01087,-0.078469,0.147377,-0.841071,0.072797,0.016147,-0.046071,-0.587317,-0.623041,-0.516602,0.417691,-0.780046,0.465897,-0.693247,0.057849,0.718373,-0.000109,-0.000506,-0.000366,5e-06,4e-06,0.0,-0.68241
1254,0.114553,-0.017052,0.387321,-0.611485,-0.581417,-0.536735,0.283184,-0.794206,0.537601,-0.738089,0.177459,0.650968,0.000351,0.009671,-0.009829,0.035437,-0.014221,0.017706,-1.128356,-0.156604,0.000898,0.355042,0.74275,-0.369252,0.55854,-0.004072,0.831558,0.555364,-0.670447,-0.414305,0.615399,6.1e-05,-0.001395,-0.001065,-0.151986,0.135854,0.09159,-0.675966,0.041367,0.021506,0.000764,-0.621445,0.514361,0.590963,-0.138725,-0.814626,0.563151,0.771077,0.267986,0.5776,2.5e-05,-0.000461,-0.000352,-0.191001,0.169533,0.101905,-0.644796,0.072771,0.016213,-0.046155,-0.587342,-0.622462,-0.517271,0.417639,-0.780562,0.46508,-0.693257,0.057129,0.718422,-0.006823,0.000916,0.000668,0.006864,-0.064003,0.152945,-0.683064
1255,0.114494,-0.016984,0.387269,-0.611459,-0.581343,-0.536845,0.283274,-0.794308,0.537402,-0.738076,0.177243,0.651042,-0.013622,0.001971,0.001434,-0.000984,0.014715,-0.029553,-1.207507,-0.156585,0.00102,0.354955,0.747391,-0.363602,0.55605,-0.012307,0.829103,0.5589,-0.665165,-0.424101,0.614456,-0.001079,0.011298,-0.008243,-3.105449,-3.033507,-3.337038,-0.395272,0.041377,0.021563,0.000724,-0.623937,0.513924,0.588713,-0.134578,-0.812744,0.566864,0.769799,0.274459,0.576264,-0.000553,0.006028,-0.003833,-0.043093,0.075428,0.063898,-0.57605,0.072747,0.01625,-0.046185,-0.587334,-0.622354,-0.51741,0.417721,-0.780666,0.464831,-0.693215,0.056878,0.718482,8e-06,2.9e-05,2.1e-05,0.0,-9e-06,7e-06,-0.683227
1256,0.114318,-0.01681,0.387156,-0.610747,-0.579293,-0.539863,0.282532,-0.796342,0.534778,-0.738949,0.174801,0.650711,0.000406,0.009903,-0.009659,0.03545,-0.014286,0.017731,-1.316717,-0.156689,0.001428,0.35483,0.763365,-0.347045,0.544816,-0.0399,0.816346,0.576125,-0.645645,-0.461092,0.608604,-0.001228,0.01474,-0.005616,-0.278298,0.115577,0.066422,-0.048948,0.041325,0.021768,0.000662,-0.646685,0.497089,0.578532,-0.099355,-0.80691,0.582257,0.756257,0.319057,0.571205,-0.000639,0.007906,-0.002398,-0.523674,-0.053157,-0.092283,-0.471381,0.072659,0.016334,-0.046238,-0.587122,-0.62007,-0.520383,0.416964,-0.78266,0.46215,-0.693849,0.054357,0.718064,8e-06,3.6e-05,3e-05,-0.002253,0.003719,-0.003963,-0.683227
1257,0.114135,-0.016701,0.387071,-0.610079,-0.577724,-0.542294,0.282075,-0.797936,0.532637,-0.739676,0.172697,0.650447,-0.0138,0.001158,0.000842,-0.000984,0.014715,-0.029553,-1.378789,-0.156866,0.001842,0.354678,0.769699,-0.340819,0.539813,-0.060345,0.802808,0.593121,-0.636466,-0.488667,0.59664,-0.001139,0.012765,-0.007119,-3.381334,-2.888887,-3.030715,0.12636,0.041242,0.021978,0.000594,-0.652421,0.495146,0.573738,-0.080693,-0.798137,0.597046,0.753547,0.343229,0.560677,-0.000589,0.006727,-0.003293,-0.506218,0.408041,0.545602,-0.404105,0.072568,0.016394,-0.046282,-0.586859,-0.61833,-0.522745,0.416519,-0.784182,0.459967,-0.694339,0.052202,0.717751,-0.000144,-0.000644,-0.000462,-0.000651,0.00106,-0.001181,-0.683227
1258,0.114059,-0.016689,0.387041,-0.609445,-0.576375,-0.544439,0.281612,-0.799293,0.530845,-0.740375,0.170913,0.650123,-0.013933,0.00057,0.000415,-0.000984,0.014715,-0.029553,-1.392952,-0.156983,0.00201,0.354562,0.771622,-0.341831,0.536416,-0.062498,0.798362,0.598871,-0.633922,-0.495193,0.593961,-0.001058,0.010914,-0.008528,-0.466446,-1.733937,2.372191,0.165313,0.041178,0.02207,0.000537,-0.654536,0.492833,0.573322,-0.070821,-0.794966,0.602506,0.752706,0.353758,0.555236,-0.007252,0.004903,-0.004099,-0.039597,0.094468,0.048016,-0.359527,0.07253,0.0164,-0.046297,-0.586573,-0.616807,-0.524861,0.416053,-0.7855,0.458135,-0.69486,0.050359,0.717378,-0.000206,-0.000924,-0.000666,-0.001146,0.001882,-0.00208,-0.682574
1259,0.113949,-0.016672,0.386966,-0.60944,-0.576572,-0.544235,0.281902,-0.799168,0.530879,-0.740268,0.17083,0.650267,-0.013843,0.000977,0.000709,-0.000984,0.014715,-0.029553,-1.397949,-0.157356,0.002322,0.354084,0.776884,-0.335973,0.532508,-0.072947,0.791877,0.606254,-0.626328,-0.509406,0.589984,-0.014277,0.004501,-0.012246,0.010778,-0.104625,0.14471,0.217943,0.040996,0.022232,0.000302,-0.662415,0.489317,0.567251,-0.060425,-0.789639,0.610588,0.746695,0.370187,0.552636,-0.000378,0.001993,-0.006897,-0.0137,-0.100986,-0.105818,-0.059889,0.072474,0.016407,-0.046336,-0.586531,-0.617027,-0.524649,0.416334,-0.785331,0.458169,-0.694727,0.050301,0.717511,-0.000137,-0.000617,-0.000445,-1.9e-05,2.5e-05,-5.5e-05,-0.686166
1260,0.113919,-0.016651,0.386855,-0.609381,-0.576135,-0.544764,0.281741,-0.799571,0.530359,-0.740378,0.17042,0.650249,-0.000556,-0.002483,-0.001803,-0.001129,0.01145,-0.026423,-1.423583,-0.157824,0.002569,0.353361,0.790388,-0.315174,0.525303,-0.090696,0.787701,0.609291,-0.606794,-0.528817,0.59331,-0.014093,-0.000154,-0.015813,-0.001034,-0.136362,0.154973,0.255193,0.040768,0.022354,-4.8e-05,-0.680221,0.471229,0.561463,-0.041892,-0.789712,0.612043,0.731808,0.392804,0.55692,-0.007559,0.004876,-0.012544,-0.301799,-1.725512,2.096523,0.109933,0.072455,0.016422,-0.046388,-0.58657,-0.616563,-0.525152,0.416175,-0.785723,0.457642,-0.694789,0.049884,0.71748,2.7e-05,0.004149,-0.00541,0.03543,-0.014302,0.017658,-0.689268
1261,0.113932,-0.016637,0.386764,-0.609332,-0.575821,-0.545151,0.281639,-0.799864,0.52997,-0.740457,0.170104,0.650242,-0.000201,0.007172,-0.01164,0.034295,-0.002849,-0.008753,-1.446625,-0.158123,0.002706,0.352896,0.795103,-0.306274,0.523449,-0.098264,0.786502,0.609666,-0.599405,-0.535793,0.594562,-0.015033,0.007958,-0.02648,0.067194,0.025195,-0.041404,0.265159,0.040613,0.022424,-0.000286,-0.687166,0.463796,0.559191,-0.034614,-0.789734,0.612472,0.725674,0.401514,0.558733,-0.007519,0.004271,-0.013008,0.069981,0.016038,-0.022,0.143081,0.072462,0.016425,-0.04643,-0.586593,-0.616237,-0.525508,0.416063,-0.785997,0.457274,-0.694838,0.049589,0.717454,-0.000169,-0.00077,-0.000559,2.4e-05,2e-06,1e-06,-0.689922
1262,0.11394,-0.016555,0.386621,-0.60925,-0.575438,-0.545646,0.281632,-0.800252,0.529387,-0.740527,0.169569,0.650302,-0.000273,-0.001219,-0.000886,0.0,0.0,0.0,-1.457267,-0.158691,0.003005,0.351752,0.80828,-0.290552,0.512107,-0.1082,0.7815,0.614398,-0.579729,-0.551644,0.599554,-0.014901,0.004078,-0.029499,0.033537,-0.132123,0.148271,0.284446,0.040328,0.022574,-0.000857,-0.703799,0.451031,0.54885,-0.023513,-0.786961,0.616553,0.710009,0.421025,0.564468,-0.007437,0.002005,-0.014768,-0.054203,-0.54813,0.654582,0.177536,0.072465,0.016467,-0.046507,-0.586595,-0.61583,-0.525984,0.41607,-0.786352,0.456656,-0.694831,0.049026,0.717498,5.9e-05,0.004287,-0.00531,0.042074,-0.081962,0.173562,-0.690575
1263,0.113975,-0.016501,0.386585,-0.609196,-0.574911,-0.546263,0.281324,-0.800705,0.528866,-0.740689,0.169217,0.650209,0.000314,0.001405,0.001021,0.001125,-0.01147,0.026414,-1.459259,-0.159312,0.00325,0.35048,0.820412,-0.27068,0.503634,-0.124262,0.775222,0.619293,-0.559077,-0.570311,0.601698,-0.015931,0.014348,-0.038538,-0.172449,-0.325058,-0.255799,0.302085,0.040024,0.022686,-0.001483,-0.719306,0.435547,0.541199,-0.007463,-0.783848,0.620907,0.694652,0.442584,0.567077,-0.007882,0.007204,-0.019147,-2.805392,-3.974012,-2.633338,0.204479,0.072482,0.016489,-0.046529,-0.586654,-0.61527,-0.526571,0.415771,-0.786811,0.456137,-0.69496,0.048662,0.717398,0.000163,0.000723,0.000525,0.001142,-0.011466,0.026414,-0.689758
1264,0.114025,-0.016605,0.386698,-0.609225,-0.574537,-0.546623,0.280746,-0.800929,0.528834,-0.740884,0.169427,0.649933,-0.00039,-0.009819,0.009716,-0.035423,0.014301,-0.01767,-1.485952,-0.1598,0.003643,0.349219,0.818777,-0.276987,0.502866,-0.121806,0.772002,0.623787,-0.56201,-0.57164,0.597692,-0.015002,0.005708,-0.028333,-0.426613,0.472019,0.2461,0.3473,0.039768,0.022885,-0.002142,-0.718335,0.438634,0.539995,-0.008095,-0.781409,0.623965,0.695649,0.443845,0.564864,-0.007486,0.002941,-0.01409,-0.391934,0.454332,0.234991,0.248404,0.072508,0.016445,-0.046473,-0.586756,-0.614876,-0.526919,0.415232,-0.787109,0.456113,-0.695197,0.048834,0.717158,4e-06,1.7e-05,1.1e-05,1.6e-05,1.6e-05,-1e-05,-0.689922
1265,0.114013,-0.016678,0.386784,-0.609267,-0.574536,-0.546577,0.280541,-0.800874,0.529026,-0.740927,0.169691,0.649814,-0.000392,-0.009825,0.009712,-0.035424,0.014296,-0.017672,-1.499729,-0.16001,0.00386,0.348601,0.820297,-0.279257,0.499119,-0.122835,0.766147,0.630766,-0.559563,-0.578366,0.593503,-0.002549,0.017873,-0.037003,-0.601176,-1.398091,2.348524,0.36637,0.039665,0.022987,-0.002437,-0.717753,0.440911,0.538913,-0.003704,-0.776376,0.630258,0.696287,0.450374,0.558879,-0.007506,0.003445,-0.013704,-0.468346,0.472059,0.274618,0.27453,0.072502,0.016409,-0.04643,-0.586794,-0.614882,-0.52687,0.41504,-0.787088,0.456324,-0.695279,0.049097,0.717059,1e-06,1.4e-05,1.2e-05,6e-06,1.3e-05,-1.6e-05,-0.690085
1266,0.113967,-0.016864,0.386902,-0.609323,-0.57415,-0.54692,0.279864,-0.80108,0.529072,-0.741137,0.170023,0.649488,-0.000382,-0.001709,-0.001242,0.007807,-0.078943,0.182385,-1.514317,-0.160422,0.004367,0.347422,0.816895,-0.285574,0.501121,-0.130768,0.754341,0.643276,-0.562733,-0.590652,0.578208,-0.015131,0.009116,-0.025706,-0.247553,0.209483,0.349149,0.386226,0.039464,0.023238,-0.003023,-0.714051,0.447557,0.538352,0.005913,-0.765089,0.643897,0.700068,0.462959,0.543665,-0.007562,0.005005,-0.012492,-0.444343,0.459604,0.273429,0.315353,0.072479,0.016315,-0.046364,-0.58691,-0.614603,-0.527065,0.414462,-0.787282,0.456516,-0.695526,0.049486,0.716794,-0.000474,-0.006149,0.003957,-0.036548,0.025734,-0.044109,-0.692208
1267,0.113968,-0.016922,0.386897,-0.609304,-0.573635,-0.547481,0.279399,-0.801476,0.528718,-0.741328,0.169894,0.649304,-1.4e-05,-6.3e-05,-4.6e-05,0.0,0.0,0.0,-1.527087,-0.160812,0.004929,0.346346,0.821519,-0.277545,0.498064,-0.144066,0.743978,0.652438,-0.552649,-0.607387,0.570546,-0.016205,0.022072,-0.032542,0.036453,-0.024197,0.222434,0.411833,0.039269,0.023517,-0.003569,-0.719776,0.441541,0.535689,0.02147,-0.75713,0.65291,0.693873,0.48145,0.535485,-0.007583,0.005635,-0.012005,0.044924,0.058087,0.013402,0.346541,0.072479,0.016281,-0.046371,-0.587014,-0.613958,-0.5277,0.413939,-0.787796,0.456103,-0.695749,0.049303,0.71659,1e-06,1.4e-05,9e-06,2.3e-05,-8e-06,8e-06,-0.693841
1268,0.113989,-0.01691,0.386881,-0.609292,-0.573586,-0.547547,0.279396,-0.801526,0.528644,-0.741339,0.169825,0.649309,0.000399,0.009859,-0.009689,0.035427,-0.014284,0.017677,-1.54597,-0.16106,0.005288,0.345765,0.827152,-0.265781,0.495148,-0.154048,0.739937,0.654749,-0.541425,-0.617511,0.570441,-0.015178,0.010586,-0.024558,-0.267626,-1.774129,2.071211,0.425742,0.039144,0.023704,-0.003859,-0.726589,0.430429,0.535535,0.033268,-0.756492,0.653155,0.686266,0.492392,0.53534,-0.008076,0.010749,-0.01649,-0.112318,-0.32695,-0.31815,0.364014,0.072489,0.016284,-0.046375,-0.587015,-0.613915,-0.52775,0.413925,-0.787833,0.456052,-0.695757,0.049261,0.716585,8e-06,3.1e-05,2.2e-05,2.6e-05,1e-05,2e-06,-0.694494
1269,0.114079,-0.016923,0.386846,-0.612961,-0.571133,-0.546013,0.280795,-0.803402,0.525043,-0.737776,0.16922,0.653512,0.013299,-0.00345,-0.002507,0.019446,0.020249,0.012446,-1.612319,-0.161819,0.005912,0.344476,0.840205,-0.240054,0.486232,-0.172036,0.732171,0.658987,-0.515242,-0.637022,0.57323,-0.029518,0.01542,-0.036638,-2.60764,-3.781632,-3.002804,0.433904,0.03877,0.024022,-0.004493,-0.744201,0.412943,0.525016,0.046773,-0.751858,0.657663,0.666315,0.513991,0.540219,-0.007969,0.007253,-0.019259,0.010628,-0.457646,0.509676,0.390303,0.07253,0.016286,-0.046392,-0.590976,-0.612028,-0.525516,0.415467,-0.789327,0.452049,-0.691471,0.048816,0.720751,-6e-06,-3.2e-05,-2.4e-05,-0.003005,0.006269,0.007479,-0.694494
1270,0.11411,-0.016919,0.386736,-0.623646,-0.563277,-0.542061,0.27943,-0.808245,0.518295,-0.729287,0.172461,0.662137,-0.000404,-0.001809,-0.001316,0.205478,0.246646,0.097793,-1.664563,-0.16267,0.006178,0.342897,0.849265,-0.212406,0.483347,-0.194136,0.725539,0.660181,-0.49197,-0.654226,0.574297,-0.015797,0.006684,-0.04485,0.101562,0.029914,-0.04761,0.438448,0.03835,0.024164,-0.005257,-0.76147,0.383202,0.522799,0.074233,-0.74968,0.657623,0.643934,0.53957,0.542413,-0.007876,0.003366,-0.022395,0.108517,0.02754,-0.051832,0.40157,0.07255,0.016286,-0.046449,-0.601507,-0.60585,-0.520706,0.41381,-0.79384,0.445622,-0.683337,0.052572,0.728207,-5.6e-05,0.003775,-0.005684,0.336631,0.330525,0.146248,-0.702495
1271,0.114173,-0.016985,0.386624,-0.626658,-0.560285,-0.541688,0.280966,-0.810782,0.513481,-0.726108,0.170273,0.666185,-0.000512,-0.002292,-0.001669,0.012235,0.014659,0.005814,-1.71457,-0.163551,0.006298,0.341159,0.853001,-0.202294,0.4811,-0.199723,0.724937,0.659175,-0.483176,-0.6581,0.57733,-0.029299,0.00215,-0.047497,0.097977,0.059396,-0.101822,0.43784,0.037903,0.024223,-0.006145,-0.767352,0.374026,0.520839,0.079705,-0.75032,0.656251,0.636252,0.545089,0.545948,-0.007865,0.001851,-0.023688,0.089876,0.133856,-0.222827,0.406469,0.072582,0.016253,-0.046505,-0.605466,-0.602905,-0.519533,0.415291,-0.796203,0.439991,-0.678927,0.050643,0.732456,-0.000293,-0.001325,-0.000967,-0.028641,0.077244,-0.209387,-0.718171
1272,0.114176,-0.017014,0.386591,-0.62666,-0.560434,-0.541531,0.281105,-0.810673,0.513578,-0.726052,0.170304,0.666237,-0.000473,-0.002119,-0.001544,0.007996,-0.078766,0.182454,-1.73303,-0.164013,0.006255,0.340284,0.856063,-0.197584,0.477607,-0.200951,0.723927,0.659911,-0.477205,-0.660643,0.579387,-0.029334,0.001371,-0.048238,0.093343,-0.001673,-0.019006,0.435134,0.037662,0.0242,-0.006603,-0.771479,0.370018,0.517595,0.081146,-0.74964,0.656851,0.631058,0.548748,0.548306,-0.014634,0.000435,-0.024305,0.093763,0.000652,-0.021495,0.405489,0.072583,0.016238,-0.046522,-0.605242,-0.60322,-0.519429,0.415352,-0.795956,0.440381,-0.67909,0.050791,0.732295,-0.000267,-0.001209,-0.00088,-0.007358,0.005103,-0.028486,-0.717191
1273,0.114165,-0.016973,0.386431,-0.626597,-0.560244,-0.541801,0.281224,-0.810895,0.513162,-0.726061,0.16987,0.666339,-7.7e-05,0.007736,-0.011235,0.035426,-0.014285,0.017678,-1.753275,-0.164989,0.005902,0.338717,0.860525,-0.182078,0.475747,-0.211759,0.721356,0.659346,-0.464307,-0.667888,0.581556,-0.028534,-0.008116,-0.038946,0.061401,0.040611,-0.078252,0.432701,0.037185,0.024018,-0.007378,-0.779163,0.35577,0.516073,0.092215,-0.7493,0.655777,0.62,0.558548,0.55102,-0.014236,-0.004215,-0.019585,0.057196,0.009426,-0.038369,0.40157,0.072577,0.016255,-0.046598,-0.605178,-0.60295,-0.519817,0.415363,-0.796189,0.439949,-0.67914,0.050334,0.732279,-0.000271,-0.001221,-0.000891,-0.000855,0.01098,-0.027012,-0.726172
1274,0.114092,-0.016737,0.386122,-0.626461,-0.560133,-0.542073,0.281829,-0.81117,0.512394,-0.725943,0.168914,0.666709,-0.013543,0.010455,-0.009255,0.034437,0.000403,-0.011887,-1.765317,-0.166043,0.005386,0.337392,0.868423,-0.154411,0.471159,-0.229827,0.716445,0.65865,-0.440344,-0.680067,0.586062,-0.01415,-0.016426,-0.029834,-2.574844,-3.592134,-3.322337,0.432164,0.036663,0.023768,-0.008035,-0.790938,0.335117,0.511968,0.106357,-0.748665,0.654361,0.602581,0.572011,0.556506,-0.013861,-0.008418,-0.014488,0.019078,0.060825,-0.101292,0.399937,0.072546,0.016371,-0.046754,-0.605065,-0.60281,-0.520111,0.415932,-0.796356,0.439108,-0.678893,0.049358,0.732576,1.5e-05,0.004087,-0.005456,0.035695,-0.014552,0.017287,-0.726009
1275,0.114047,-0.016528,0.385907,-0.626358,-0.560084,-0.542243,0.28232,-0.811352,0.511835,-0.725842,0.168198,0.667001,0.000286,0.009355,-0.01005,0.035417,-0.014332,0.017657,-1.786298,-0.166564,0.005055,0.336822,0.871278,-0.149501,0.467457,-0.231381,0.714643,0.660063,-0.43383,-0.68306,0.587438,-0.027841,-0.017249,-0.029457,0.004254,-0.091317,0.078333,0.432034,0.036407,0.023609,-0.008322,-0.796462,0.325898,0.50935,0.113259,-0.747027,0.655073,0.593986,0.57943,0.558068,-0.013903,-0.008583,-0.014682,-0.211169,-1.763811,2.192821,0.399774,0.072518,0.016471,-0.046859,-0.604978,-0.602774,-0.520254,0.416399,-0.796425,0.438539,-0.678684,0.048673,0.732815,0.000132,0.004605,-0.005078,0.035646,-0.01452,0.017346,-0.726009
1276,0.114016,-0.016046,0.385449,-0.631365,-0.560351,-0.536126,0.280213,-0.80947,0.515956,-0.72231,0.176219,0.668762,0.000635,0.010909,-0.008911,0.009207,0.029495,-0.036693,-1.853063,-0.167614,0.00405,0.335916,0.874216,-0.13885,0.465251,-0.238683,0.711339,0.66103,-0.423824,-0.688746,0.588103,-0.027088,-0.028871,-0.021923,-0.009553,0.074836,-0.132453,0.426843,0.035862,0.02309,-0.008793,-0.801953,0.316214,0.506833,0.12076,-0.745091,0.655939,0.585054,0.587237,0.559342,-0.013529,-0.014445,-0.010958,-0.008821,0.078201,-0.134813,0.397488,0.072502,0.016713,-0.047093,-0.60937,-0.603925,-0.513752,0.414476,-0.795002,0.442922,-0.675926,0.056965,0.734763,0.000373,0.005668,-0.004299,-0.057858,0.141281,-0.174273,-0.726336
1277,0.114111,-0.01559,0.385023,-0.647369,-0.546881,-0.530924,0.264006,-0.814353,0.516819,-0.714193,0.195081,0.672234,0.000613,0.010812,-0.008978,0.110317,0.127069,0.095503,-1.913012,-0.168589,0.002929,0.335095,0.877115,-0.131443,0.461934,-0.241416,0.710588,0.660845,-0.416202,-0.69098,0.590919,-0.027279,-0.027914,-0.021347,0.232362,-0.149654,-0.285409,0.414168,0.035384,0.022539,-0.009196,-0.806039,0.310707,0.503746,0.123467,-0.744125,0.65653,0.578839,0.591386,0.561433,-0.013625,-0.013916,-0.010621,0.444851,-0.373328,-0.197658,0.386384,0.07255,0.016943,-0.047305,-0.626092,-0.592832,-0.506514,0.399143,-0.801693,0.44494,-0.669844,0.076402,0.738559,0.007156,0.004561,-0.0051,0.098311,0.205141,0.21378,-0.74544
1278,0.11418,-0.015428,0.38485,-0.656875,-0.541125,-0.525113,0.257064,-0.815426,0.518623,-0.708014,0.206352,0.675397,0.014027,0.007954,-0.011055,0.299404,0.286387,0.174973,-1.914565,-0.169049,0.002403,0.334701,0.878454,-0.129298,0.459992,-0.240687,0.711679,0.659937,-0.41379,-0.690266,0.593444,-0.027371,-0.02664,-0.020369,0.181078,-0.193021,-0.075128,0.407242,0.035155,0.022275,-0.009395,-0.808072,0.308295,0.501968,0.122467,-0.745581,0.655064,0.576212,0.590815,0.564727,-0.013673,-0.013101,-0.009982,0.268515,-0.155575,-0.291287,0.377403,0.07258,0.017027,-0.047389,-0.63474,-0.588956,-0.500235,0.392107,-0.803317,0.448255,-0.66585,0.088379,0.740832,0.000216,0.004958,-0.004814,0.517846,0.498418,0.206767,-0.747563
1279,0.114277,-0.015201,0.38456,-0.685021,-0.51939,-0.510908,0.240603,-0.823222,0.514186,-0.686802,0.229943,0.689533,0.000244,0.009165,-0.010174,0.454707,0.742948,0.182247,-1.914395,-0.169805,0.001362,0.333968,0.88051,-0.129508,0.455985,-0.23814,0.710671,0.661945,-0.41088,-0.691264,0.594303,-0.01374,-0.023952,-0.019426,0.005056,-0.042585,0.066925,0.391708,0.034772,0.021752,-0.009762,-0.810466,0.308344,0.498064,0.120446,-0.744366,0.656819,0.573268,0.59232,0.566144,-0.006419,-0.017143,-0.005266,-0.032139,-0.043751,0.073769,0.358952,0.072633,0.01714,-0.047534,-0.663374,-0.571666,-0.482837,0.376456,-0.812616,0.444899,-0.646695,0.113368,0.754276,-0.000102,-0.00049,-0.000358,-0.135334,0.415344,0.422172,-0.746584
1280,0.114557,-0.015076,0.384347,-0.719791,-0.487715,-0.494045,0.215304,-0.833419,0.508949,-0.659073,0.260569,0.705516,-2e-06,-7e-06,-5e-06,-2.270658,3.447916,3.94328,-1.915084,-0.170382,0.000436,0.333447,0.88108,-0.118438,0.45789,-0.248478,0.707623,0.66141,-0.403447,-0.69637,0.593432,-0.013824,-0.017402,-0.0139,0.006815,-0.0573,0.09164,0.386679,0.034488,0.021291,-0.010028,-0.813215,0.29767,0.500073,0.131101,-0.743496,0.655763,0.567003,0.598837,0.565597,-0.006903,-0.008305,-0.006598,-0.003603,0.030825,-0.053306,0.346052,0.072773,0.017204,-0.047645,-0.697021,-0.548709,-0.461604,0.356777,-0.823802,0.440521,-0.621989,0.142363,0.769975,0.006817,-0.000957,-0.0007,0.496889,0.669684,0.115843,-0.767648
1281,0.114915,-0.014941,0.384155,-0.745179,-0.468762,-0.474358,0.20112,-0.836165,0.510245,-0.634899,0.2854,0.717967,0.013634,-0.001834,-0.001337,0.184862,0.293666,-0.057451,-1.915189,-0.170767,-0.000277,0.333063,0.882572,-0.11835,0.45503,-0.246993,0.706567,0.663093,-0.401086,-0.697457,0.593757,0.000849,-0.024039,-0.003053,-0.038263,0.025281,-0.042884,0.383564,0.03429,0.020933,-0.010221,-0.814894,0.297964,0.497155,0.129821,-0.742121,0.657572,0.564883,0.600394,0.566068,-0.006928,-0.006572,-0.005128,-0.002954,0.034091,-0.058284,0.341806,0.072947,0.017274,-0.04774,-0.726996,-0.529182,-0.43754,0.338597,-0.830643,0.442021,-0.59735,0.173198,0.783055,0.007033,0.004074,-0.005461,0.262508,0.32454,-0.011552,-0.779568
1282,0.115063,-0.014872,0.384066,-0.753962,-0.459573,-0.469446,0.194813,-0.838876,0.508238,-0.626443,0.292305,0.722603,0.013651,-0.001753,-0.001279,0.092203,0.184529,-0.101789,-1.915432,-0.170949,-0.000557,0.332942,0.883367,-0.118339,0.453487,-0.246154,0.706021,0.663986,-0.399848,-0.698011,0.593941,0.000843,-0.021639,-0.000981,-0.062507,-0.130428,0.149519,0.377174,0.034194,0.020787,-0.010286,-0.815609,0.298055,0.495927,0.129342,-0.741502,0.658365,0.56396,0.601113,0.566225,-0.006936,-0.005504,-0.004208,-0.079339,-0.644488,0.827214,0.337071,0.073021,0.017308,-0.047785,-0.73658,-0.521074,-0.431196,0.332505,-0.834154,0.44003,-0.588973,0.180742,0.787681,0.000237,0.005099,-0.004712,0.098443,0.170523,-0.103635,-0.781691
1283,0.11532,-0.014856,0.383988,-0.768967,-0.444277,-0.45973,0.185366,-0.843167,0.504658,-0.610882,0.303395,0.731301,0.0,0.0,0.0,0.097561,0.112266,0.045645,-1.915256,-0.171246,-0.001054,0.332857,0.885248,-0.118502,0.44976,-0.243976,0.704737,0.66615,-0.397006,-0.699279,0.594355,-0.013032,-0.017582,0.003714,-0.040304,0.040489,-0.072137,0.370634,0.034051,0.020537,-0.01033,-0.817716,0.298672,0.492072,0.12742,-0.739726,0.660734,0.561341,0.602993,0.566829,-8e-06,-0.002503,-0.002184,0.000637,0.003057,-0.003484,0.326457,0.07315,0.017316,-0.047824,-0.752142,-0.508341,-0.419369,0.323379,-0.83919,0.437247,-0.574202,0.193257,0.795577,2e-06,0.0,-6e-06,0.118342,0.131627,0.063771,-0.790835
1284,0.115542,-0.014902,0.383954,-0.782175,-0.432753,-0.4483,0.17951,-0.845504,0.502864,-0.595683,0.313387,0.73958,-7.8e-05,-0.000358,-0.000261,0.163382,0.195359,0.073264,-1.91465,-0.171389,-0.001349,0.332908,0.885303,-0.116077,0.450285,-0.245271,0.705892,0.66445,-0.396083,-0.698524,0.595857,-3e-06,-0.000743,-0.000651,0.007868,-0.007491,-0.005059,0.363741,0.033975,0.020382,-0.010304,-0.81826,0.296149,0.492692,0.128372,-0.741301,0.658781,0.560331,0.602302,0.56856,0.000429,-0.005714,0.003971,-0.05254,0.014748,-0.016663,0.317965,0.073266,0.017292,-0.047841,-0.765306,-0.499182,-0.406353,0.317711,-0.842003,0.435992,-0.55979,0.204565,0.802986,-4.8e-05,-0.000223,-0.000167,0.198603,0.238028,0.081941,-0.795407
1285,0.115603,-0.014919,0.383955,-0.788308,-0.426386,-0.443635,0.176167,-0.847231,0.501136,-0.588558,0.317421,0.743553,-1e-06,-5e-06,-4e-06,0.162325,0.186847,0.075975,-1.915214,-0.171403,-0.001393,0.333006,0.886563,-0.116372,0.447723,-0.243527,0.705239,0.665783,-0.394336,-0.699134,0.596301,1.2e-05,0.003178,0.00278,0.001899,-0.014965,0.024761,0.36294,0.033968,0.020356,-0.010259,-0.819533,0.296798,0.490179,0.126921,-0.74015,0.660354,0.558798,0.603396,0.568908,4e-06,0.001408,0.001232,-0.003733,0.006175,-0.003221,0.31421,0.073296,0.017284,-0.047841,-0.771669,-0.493805,-0.400853,0.314449,-0.844037,0.434421,-0.552854,0.209182,0.806594,0.006807,-0.000958,-0.000704,0.202139,0.204475,0.123241,-0.793285
1286,0.115726,-0.014921,0.383928,-0.798814,-0.4111,-0.439248,0.167468,-0.853234,0.49388,-0.576823,0.321465,0.750975,0.000305,0.009502,-0.009923,0.173032,0.14415,0.082135,-1.915102,-0.171354,-0.00141,0.333351,0.887854,-0.116692,0.445074,-0.241877,0.704266,0.667413,-0.392439,-0.70006,0.596465,2.5e-05,0.006767,0.00591,0.001802,-0.014725,0.024706,0.36305,0.033992,0.020349,-0.010084,-0.820842,0.297409,0.487611,0.125602,-0.738834,0.662077,0.557172,0.604706,0.569111,0.000438,-0.002129,0.007099,-0.03408,-0.000929,0.002748,0.311597,0.073358,0.01728,-0.04785,-0.783462,-0.480014,-0.394679,0.305884,-0.850716,0.427453,-0.540944,0.214167,0.813333,0.006739,-0.001261,-0.000926,0.154159,0.16226,0.104396,-0.797693
1287,0.11584,-0.014839,0.383798,-0.812206,-0.395232,-0.429136,0.155711,-0.855774,0.493332,-0.561215,0.334354,0.757148,-0.000137,-0.000625,-0.000456,-1.042204,1.88614,-1.739401,-1.914725,-0.171268,-0.001481,0.333767,0.887677,-0.116585,0.445453,-0.242588,0.703625,0.667829,-0.392398,-0.700721,0.595715,0.00088,-0.005717,0.012915,-0.034652,-0.004224,0.006483,0.362815,0.034035,0.020324,-0.009867,-0.820658,0.297276,0.488003,0.126453,-0.738364,0.66244,0.557251,0.605347,0.568353,0.000433,-0.002872,0.006445,-0.034549,-0.004023,0.00655,0.311434,0.073415,0.017325,-0.047919,-0.7971,-0.465153,-0.385049,0.293516,-0.855723,0.426128,-0.52771,0.226649,0.818627,0.006919,0.003609,-0.005799,0.193897,0.141102,0.117319,-0.793284
1288,0.11603,-0.014863,0.383641,-0.818576,-0.389069,-0.422614,0.152664,-0.856625,0.492807,-0.552741,0.339362,0.761143,-0.000518,-0.002377,-0.001735,0.228397,0.263692,0.107545,-1.915466,-0.171149,-0.001608,0.334172,0.888611,-0.109062,0.445496,-0.247787,0.702975,0.666604,-0.386982,-0.702592,0.597053,0.000877,-0.006428,0.012292,-0.03251,-0.006273,0.005109,0.362099,0.034095,0.020262,-0.00967,-0.823165,0.289992,0.488162,0.131568,-0.738926,0.660815,0.552347,0.608187,0.570105,0.007368,-0.003036,0.005716,-0.059618,0.088232,-0.13155,0.310127,0.073506,0.017317,-0.047994,-0.803144,-0.462024,-0.376154,0.291197,-0.855225,0.42871,-0.519771,0.234781,0.82141,-0.00037,-0.001697,-0.001243,0.488824,0.511559,0.136774,-0.799163
1289,0.116171,-0.014963,0.383606,-0.820607,-0.388406,-0.419274,0.153578,-0.856504,0.492734,-0.549471,0.340428,0.763032,0.0129,-0.00521,-0.003813,0.089595,0.100584,0.04548,-1.915886,-0.171078,-0.001655,0.334313,0.889947,-0.10941,0.442736,-0.245894,0.702245,0.668073,-0.385113,-0.703268,0.597466,0.000873,-0.007816,0.011084,-0.036418,0.010403,-0.018282,0.36211,0.03413,0.020243,-0.009595,-0.824523,0.290695,0.485444,0.129955,-0.737713,0.662487,0.550701,0.609323,0.570485,-1e-06,0.0018,0.001562,-0.000423,-0.011518,0.023854,0.310128,0.073581,0.017265,-0.048014,-0.805806,-0.461016,-0.371671,0.292417,-0.855548,0.427233,-0.514945,0.235584,0.824215,0.006447,-0.002619,-0.001919,0.073189,0.083465,0.044914,-0.802755
1290,0.116483,-0.015178,0.383663,-0.830796,-0.377707,-0.408852,0.151003,-0.859961,0.487481,-0.534689,0.343725,0.772003,-2.5e-05,-0.000117,-8.5e-05,0.339654,0.392894,0.159985,-1.915315,-0.171002,-0.00174,0.334516,0.889925,-0.109399,0.442783,-0.246147,0.701858,0.668387,-0.385002,-0.703655,0.597081,3e-06,0.000977,0.000849,0.0,-0.0,-0.0,0.363192,0.034169,0.020199,-0.009489,-0.824475,0.290697,0.485525,0.130333,-0.737365,0.6628,0.550684,0.609743,0.570052,-3e-06,0.000471,0.000408,0.000127,0.000285,0.000177,0.309964,0.073736,0.017152,-0.047989,-0.815461,-0.452872,-0.360458,0.289868,-0.858559,0.422909,-0.500998,0.24038,0.831395,0.006814,-0.000936,-0.000694,0.524711,0.542053,0.231053,-0.801123
1291,0.116849,-0.015221,0.383593,-0.844615,-0.35823,-0.397924,0.143265,-0.867348,0.476608,-0.514823,0.345982,0.784398,-1.2e-05,-5.5e-05,-4e-05,0.330465,0.382343,0.155757,-1.915103,-0.171006,-0.001822,0.334566,0.889484,-0.10913,0.443733,-0.247094,0.701745,0.668155,-0.385413,-0.70381,0.596633,-0.0,-8e-06,-7e-06,0.0,-0.0,-0.0,0.359031,0.034166,0.020156,-0.009466,-0.824048,0.290354,0.486455,0.131262,-0.737451,0.662521,0.551103,0.609803,0.569583,-2e-06,-5.9e-05,-5.2e-05,0.000109,0.000157,0.000133,0.308658,0.073919,0.017132,-0.048023,-0.830656,-0.435449,-0.346977,0.282221,-0.866478,0.411782,-0.479959,0.244125,0.842638,0.007011,0.004037,-0.005496,0.484171,0.468982,0.236869,-0.804062
1292,0.117051,-0.015248,0.383547,-0.85107,-0.349723,-0.391685,0.139714,-0.869901,0.472995,-0.505087,0.348258,0.789703,-0.000144,-0.000668,-0.000488,0.1818,0.222723,0.098766,-1.915685,-0.171006,-0.001828,0.334561,0.889882,-0.106944,0.443468,-0.247471,0.703246,0.666436,-0.384248,-0.70265,0.598747,-1e-06,-0.000262,-0.000227,0.028812,-0.027615,-0.018475,0.356872,0.034166,0.020152,-0.009469,-0.824959,0.288176,0.486207,0.131121,-0.739198,0.660599,0.549772,0.608719,0.572022,-0.0,-0.000171,-0.000148,0.000702,-0.01387,-0.010779,0.306372,0.074021,0.017119,-0.048044,-0.837909,-0.42758,-0.339239,0.27865,-0.869547,0.407727,-0.469321,0.247109,0.847746,0.006724,-0.001355,-0.001006,0.163327,0.31118,-0.011496,-0.801286
1293,0.117513,-0.015371,0.383495,-0.868644,-0.320871,-0.37755,0.122244,-0.877255,0.464168,-0.479066,0.357438,0.801724,0.013409,-0.002914,-0.002146,-0.995376,2.131967,-1.47528,-1.914786,-0.171071,-0.001824,0.334516,0.889814,-0.106895,0.443617,-0.247569,0.703328,0.666313,-0.384344,-0.702575,0.598774,-0.013874,-0.001384,-3.6e-05,-0.002039,0.0152,-0.029249,0.352269,0.034139,0.020155,-0.009491,-0.824852,0.288223,0.486359,0.131297,-0.739098,0.660676,0.54989,0.608818,0.571804,-1e-06,-0.00063,-0.000546,-0.00099,0.000853,0.00056,0.300983,0.074241,0.01706,-0.048069,-0.856331,-0.401237,-0.325123,0.26036,-0.879127,0.399182,-0.445991,0.257183,0.857291,0.006652,-0.001706,-0.001269,0.509272,0.572862,0.268904,-0.801449
1294,0.117932,-0.015545,0.383404,-0.882615,-0.291813,-0.36862,0.103034,-0.885096,0.453828,-0.4576,0.362934,0.811732,0.013051,-0.004624,-0.003402,0.221428,0.329509,-0.044023,-1.915095,-0.171082,-0.001851,0.334493,0.889708,-0.10683,0.443845,-0.247775,0.703341,0.666223,-0.384457,-0.702573,0.598705,-1e-06,-0.000325,-0.000282,0.0,-0.0,-0.0,0.350896,0.034128,0.020139,-0.009504,-0.824735,0.288144,0.486604,0.131504,-0.739152,0.660574,0.550016,0.60879,0.571713,-0.0,-0.000148,-0.000129,0.000104,0.000196,0.00016,0.295268,0.074462,0.016973,-0.048115,-0.873599,-0.374847,-0.310343,0.24219,-0.888022,0.390845,-0.422099,0.26628,0.86656,0.006506,-0.002399,-0.001777,0.198401,0.306211,-0.043734,-0.79802
1295,0.118262,-0.0156,0.383198,-0.901206,-0.25677,-0.349202,0.081578,-0.891772,0.445039,-0.424561,0.372899,0.825059,-0.000568,-0.002691,-0.001972,-1.856209,3.561019,4.316955,-1.914223,-0.171047,-0.001858,0.334551,0.889445,-0.106673,0.444409,-0.248331,0.703279,0.666081,-0.384706,-0.702659,0.598444,4e-06,0.001418,0.001232,0.0,-0.0,-0.0,0.352459,0.034146,0.020132,-0.009478,-0.824479,0.287945,0.487156,0.132046,-0.739207,0.660405,0.55027,0.608817,0.571439,0.006939,0.001294,0.000542,-0.008504,0.07135,-0.116724,0.295758,0.074621,0.016943,-0.048213,-0.890883,-0.34833,-0.291533,0.225046,-0.895986,0.382834,-0.394562,0.275452,0.87661,0.006599,-0.001965,-0.001461,0.082758,0.092883,0.102083,-0.798347
1296,0.118405,-0.015632,0.383098,-0.90542,-0.249752,-0.343343,0.078103,-0.892903,0.443391,-0.416184,0.374945,0.828393,-0.000563,-0.002673,-0.00196,0.158848,0.195561,0.086744,-1.913633,-0.171023,-0.001874,0.334617,0.88941,-0.106653,0.444485,-0.248459,0.703172,0.666147,-0.384706,-0.702769,0.598315,6e-06,0.002164,0.00188,0.0,-0.0,-0.0,0.351706,0.034158,0.020124,-0.009445,-0.824443,0.287921,0.48723,0.132195,-0.739129,0.660462,0.550287,0.608924,0.571309,0.000435,-0.004206,0.005283,-0.034583,-0.004123,0.006568,0.296085,0.074693,0.01693,-0.048267,-0.898576,-0.337092,-0.280942,0.217374,-0.898092,0.382331,-0.381193,0.282484,0.88028,-0.000391,-0.001852,-0.001369,0.164127,0.429186,0.012781,-0.797693
1297,0.118652,-0.015749,0.382885,-0.916141,-0.217345,-0.336888,0.052627,-0.89827,0.436249,-0.396294,0.382201,0.834806,0.013315,0.00476,-0.013422,0.187138,0.154238,0.130822,-1.913567,-0.171005,-0.001892,0.334748,0.890721,-0.106981,0.441772,-0.246582,0.702501,0.667551,-0.382872,-0.70339,0.598762,4e-06,0.001667,0.001447,0.0,-0.0,-0.0,0.338715,0.034167,0.020118,-0.009378,-0.825797,0.288516,0.484579,0.130564,-0.738085,0.661953,0.548646,0.609907,0.571839,1e-06,0.001128,0.000979,0.001894,-0.014362,0.02454,0.289553,0.074816,0.016867,-0.048371,-0.912248,-0.306435,-0.271846,0.191993,-0.906066,0.377069,-0.361858,0.291788,0.885391,-0.000408,-0.001932,-0.001431,0.177109,0.242544,0.09502,-0.793448
1298,0.118818,-0.015773,0.382677,-0.930248,-0.176865,-0.321563,0.022835,-0.902456,0.430143,-0.365117,0.393012,0.843954,0.013028,-0.004823,-0.003563,0.447477,0.496112,0.239012,-1.913464,-0.17096,-0.001865,0.334835,0.892083,-0.107349,0.438925,-0.244521,0.701932,0.668906,-0.381015,-0.7039,0.599346,6e-06,0.002409,0.00209,0.001803,-0.014632,0.02476,0.332082,0.034189,0.02013,-0.009335,-0.82719,0.289153,0.481816,0.128746,-0.737108,0.663396,0.546974,0.610787,0.572501,0.006935,0.000908,0.000205,0.002154,-0.01471,0.028695,0.274204,0.074899,0.016856,-0.048474,-0.92864,-0.270022,-0.254392,0.162694,-0.912691,0.374866,-0.333403,0.306728,0.891493,-0.00026,-0.001225,-0.000914,0.159205,0.18389,0.098198,-0.796714
1299,0.118858,-0.015745,0.38252,-0.936155,-0.158464,-0.313923,0.008658,-0.902879,0.429774,-0.350374,0.399809,0.847005,-0.000719,-0.003432,-0.002524,0.098853,0.148105,0.090613,-1.913208,-0.170949,-0.001846,0.334863,0.892121,-0.107374,0.438841,-0.244455,0.701909,0.668954,-0.380968,-0.70392,0.599353,2e-06,0.000902,0.000782,0.0,-0.0,-0.0,0.33323,0.034195,0.020143,-0.009318,-0.827232,0.289192,0.48172,0.128676,-0.737069,0.663453,0.546927,0.610815,0.572515,-1e-06,0.000609,0.000527,5.5e-05,9.7e-05,-6.3e-05,0.272244,0.074925,0.01687,-0.048553,-0.936754,-0.251277,-0.243616,0.148479,-0.915661,0.37352,-0.316927,0.313725,0.89506,-0.000147,0.003411,-0.005956,-0.010595,0.334419,0.518524,-0.79949
1300,0.118833,-0.015601,0.382182,-0.945384,-0.124366,-0.301375,-0.015963,-0.905676,0.423638,-0.324459,0.405462,0.854608,-0.000183,0.007333,-0.011516,0.11944,0.09792,0.031821,-1.913387,-0.170924,-0.001876,0.334929,0.892011,-0.107307,0.439082,-0.244741,0.701792,0.668972,-0.381043,-0.704046,0.599157,0.0,4.3e-05,3.7e-05,0.0,-0.0,-0.0,0.327269,0.034207,0.020129,-0.009284,-0.827124,0.289105,0.481956,0.128979,-0.737015,0.663455,0.547018,0.610922,0.572314,-0.0,-3.9e-05,-3.3e-05,2.2e-05,2.6e-05,1.4e-05,0.269142,0.074912,0.016936,-0.04872,-0.94863,-0.219047,-0.228294,0.12376,-0.920985,0.369417,-0.291175,0.322187,0.900784,-0.000169,-0.000788,-0.000589,0.05982,0.193636,-0.123034,-0.791978
1301,0.118906,-0.015391,0.381893,-0.954746,-0.076954,-0.287372,-0.055011,-0.903702,0.42458,-0.291186,0.421266,0.858937,0.000299,0.009636,-0.009817,-1.542243,2.452353,4.603149,-1.914305,-0.170911,-0.00202,0.335059,0.891908,-0.107239,0.439308,-0.245137,0.701452,0.669184,-0.381029,-0.704395,0.598755,0.0,0.000194,0.000168,0.0,-0.0,-0.0,0.318177,0.034214,0.020056,-0.00922,-0.827026,0.289019,0.482177,0.129446,-0.736764,0.663643,0.547056,0.611266,0.57191,0.000431,-0.005419,0.004232,-0.036445,0.01041,-0.018285,0.257548,0.074947,0.017038,-0.048867,-0.960868,-0.179145,-0.211276,0.090064,-0.923328,0.373299,-0.261951,0.339663,0.903332,0.006977,0.003923,-0.005587,-0.046867,0.0788,0.157224,-0.796877
1302,0.119,-0.01501,0.381475,-0.963135,-0.034031,-0.266941,-0.086546,-0.900169,0.426822,-0.25362,0.434228,0.864378,0.000373,0.00999,-0.009552,-0.324566,0.876829,1.311626,-1.915234,-0.170853,-0.00222,0.33523,0.893523,-0.105328,0.43648,-0.24394,0.702007,0.669039,-0.377996,-0.704133,0.600981,0.013874,0.00116,-0.000162,0.002159,-0.015316,0.029172,0.31769,0.034238,0.019954,-0.009136,-0.829155,0.287426,0.479464,0.128177,-0.737089,0.663527,0.544123,0.611624,0.57432,0.000432,-0.005133,0.004482,-0.040776,0.013349,-0.017678,0.25216,0.074994,0.017232,-0.049079,-0.972976,-0.13479,-0.187477,0.05505,-0.923931,0.378576,-0.224244,0.358025,0.906383,0.000364,0.004982,-0.004653,-1.377196,2.429472,4.847512,-0.79655
1303,0.119055,-0.014732,0.381236,-0.967338,-0.012154,-0.253286,-0.099826,-0.900022,0.424226,-0.231917,0.435665,0.869734,0.000749,0.011789,-0.008224,0.282424,0.941315,0.56678,-1.914805,-0.170834,-0.002336,0.335317,0.893843,-0.103093,0.436357,-0.244615,0.703249,0.667487,-0.376797,-0.703227,0.602792,0.0,9e-06,7e-06,0.076256,-0.073448,-0.048867,0.317148,0.034252,0.019898,-0.009091,-0.829898,0.285443,0.479365,0.12835,-0.738484,0.661942,0.54295,0.610871,0.57623,0.000431,-0.005521,0.004147,0.053616,-0.077759,-0.077227,0.251016,0.075022,0.017373,-0.049203,-0.978217,-0.114145,-0.17338,0.040774,-0.924628,0.378681,-0.203537,0.363363,0.909142,0.000408,0.006046,-0.004009,0.222248,0.910369,0.568399,-0.789692
1304,0.119316,-0.014167,0.380777,-0.972112,0.056524,-0.227701,-0.151089,-0.893418,0.423024,-0.178313,0.445555,0.877333,0.014217,0.009186,-0.010155,0.042659,1.520505,1.453614,-1.914063,-0.170798,-0.00254,0.33546,0.894159,-0.100855,0.436233,-0.245396,0.704301,0.666089,-0.375534,-0.702502,0.604424,0.000867,-0.011023,0.008311,-0.030777,0.004875,-0.021946,0.311267,0.03427,0.019799,-0.009024,-0.830778,0.283063,0.479251,0.128903,-0.739774,0.660391,0.541471,0.610416,0.578101,-1e-06,-5e-06,-4e-06,-0.018312,0.006443,0.002899,0.246771,0.075148,0.017657,-0.049425,-0.98832,-0.049572,-0.144101,-0.009392,-0.923998,0.38228,-0.1521,0.379169,0.91274,0.00046,0.005549,-0.00426,-1.600192,3.224832,4.347651,-0.792958
1305,0.119665,-0.013608,0.380149,-0.97268,0.120238,-0.198697,-0.195406,-0.886206,0.420033,-0.124374,0.44723,0.885745,0.000297,0.009648,-0.009789,0.183755,0.595256,-0.095828,-1.912354,-0.170796,-0.002684,0.33559,0.8945,-0.098632,0.436041,-0.246074,0.705439,0.664633,-0.37427,-0.701679,0.606161,0.0,0.000161,0.00014,0.001115,-0.001076,-0.000714,0.308028,0.034271,0.019723,-0.008955,-0.831553,0.280992,0.479126,0.129337,-0.740934,0.659005,0.540177,0.609967,0.579783,-3e-06,9.7e-05,8.3e-05,-0.011761,0.005989,0.003276,0.23926,0.075328,0.017937,-0.049739,-0.993809,0.015071,-0.110065,-0.056284,-0.922492,0.381888,-0.095779,0.385719,0.91763,0.007121,0.008863,-0.010395,-0.107617,1.21976,-0.405911,-0.796714
