frame,MLTx,MLTy,MLTz,MLTR1,MLTR2,MLTR3,MLTR4,MLTR5,MLTR6,MLTR7,MLTR8,MLTR9,MLTTVx,MLTTVy,MLTTVz,MLTRVx,MLTRVy,MLTRVz,MLGA,MRTx,MRTy,MRTz,MRTR1,MRTR2,MRTR3,MRTR4,MRTR5,MRTR6,MRTR7,MRTR8,MRTR9,MRTTVx,MRTTVy,MRTTVz,MRTRVx,MRTRVy,MRTRVz,MRGA,SLTx,SLTy,SLTz,SLTR1,SLTR2,SLTR3,SLTR4,SLTR5,SLTR6,SLTR7,SLTR8,SLTR9,SLTTVx,SLTTVy,SLTTVz,SLTRVx,SLTRVy,SLTRVz,SLGA,SRTx,SRTy,SRTz,SRTR1,SRTR2,SRTR3,SRTR4,SRTR5,SRTR6,SRTR7,SRTR8,SRTR9,SRTTVx,SRTTVy,SRTTVz,SRTRVx,SRTRVy,SRTRVz,SRGA
82,0.203512,0.021942,0.401767,-0.596015,0.221109,-0.77196,-0.552109,-0.810883,0.193947,-0.582351,0.541522,0.60634,3e-06,-6.9e-05,-3.5e-05,0.0,0.0,0.0,-0.234776,-0.253495,0.04379,0.354865,0.336257,0.919609,0.203079,-0.938868,0.344166,-0.003362,-0.073392,-0.190699,0.978832,-0.005312,0.015699,-0.051074,-0.179679,0.200628,0.396311,0.14685,-0.007447,0.04457,0.000272,-0.432871,-0.871917,0.228872,0.889488,-0.454361,-0.04864,0.146401,0.182524,0.97224,-0.009084,0.002865,-0.020814,-0.423913,0.500826,0.273457,-0.456685,0.116152,0.03549,-0.0405,-0.635673,0.278765,-0.719867,-0.517286,-0.846007,0.129174,-0.573004,0.45449,0.681985,2e-06,-1.7e-05,-8e-06,-3e-06,1.9e-05,7e-06,-0.380813
83,0.203472,0.021994,0.401762,-0.59599,0.221134,-0.771972,-0.552085,-0.810918,0.193869,-0.5824,0.54146,0.606349,-4.6e-05,0.00095,0.00048,0.0,0.0,0.0,-0.257549,-0.254078,0.04392,0.353159,0.354292,0.916036,0.188005,-0.934312,0.354927,0.031959,-0.037883,-0.188138,0.981342,-0.019116,-0.006674,-0.034595,-2.219683,-1.712424,1.012335,0.184012,-0.007727,0.044638,-0.000574,-0.449969,-0.866416,0.216449,0.88576,-0.463883,-0.015479,0.113818,0.184757,0.97617,-0.003277,0.000802,-0.022545,-0.473374,0.373727,0.733043,-0.391369,0.116137,0.035515,-0.040503,-0.635631,0.278806,-0.719888,-0.517278,-0.846027,0.129076,-0.573058,0.454427,0.681982,-3.5e-05,0.00073,0.000369,-1e-05,-3e-06,3e-06,-0.386365
84,0.203415,0.022038,0.401775,-0.596009,0.221128,-0.771959,-0.552059,-0.810936,0.193869,-0.582405,0.541436,0.606366,-0.012343,0.001202,0.001021,-0.000984,0.014715,-0.029553,-0.270669,-0.25444,0.043949,0.352451,0.366486,0.912117,0.183634,-0.930131,0.363574,0.051036,-0.020661,-0.190663,0.981369,-0.018257,-0.003162,-0.032356,-0.589108,0.166986,0.712075,0.169734,-0.007917,0.044645,-0.00095,-0.462606,-0.861018,0.211287,0.881531,-0.472082,0.006298,0.094322,0.18917,0.977403,-0.009008,0.003365,-0.020599,-1.200217,-0.081861,0.912399,-0.24408,0.116109,0.035536,-0.040497,-0.63565,0.278798,-0.719874,-0.517252,-0.846043,0.129072,-0.573061,0.454401,0.681996,-5.7e-05,0.00118,0.000598,5e-06,1e-05,1.6e-05,-0.393549
85,0.203271,0.022148,0.401836,-0.596049,0.221116,-0.771932,-0.552038,-0.810943,0.193898,-0.582384,0.54143,0.606391,-0.000158,0.00332,0.001676,0.000808,-0.011795,0.026283,-0.277778,-0.255068,0.044407,0.351076,0.404081,0.896559,0.181357,-0.91447,0.392193,0.099309,0.017414,-0.20711,0.978093,-0.003406,0.00509,-0.027518,-0.874313,0.334819,1.127734,0.126669,-0.008239,0.044861,-0.001646,-0.497606,-0.841383,0.210859,0.865433,-0.497954,0.055366,0.058414,0.210035,0.975946,-0.007363,0.009822,-0.016332,-1.355494,-0.04377,1.344671,-0.031803,0.116032,0.035591,-0.040467,-0.635705,0.278768,-0.719837,-0.517216,-0.846058,0.129116,-0.573031,0.454391,0.682027,-7.7e-05,0.001643,0.000831,0.00082,-0.011776,0.0263,-0.405469
86,0.203141,0.022181,0.401846,-0.596013,0.221157,-0.771948,-0.552056,-0.810946,0.193838,-0.582404,0.54141,0.60639,4.9e-05,-0.001029,-0.000519,0.0,0.0,0.0,-0.265136,-0.255255,0.045086,0.35003,0.418617,0.886251,0.198267,-0.907061,0.397789,0.137616,0.042579,-0.23857,0.970121,-0.001124,0.013882,-0.021622,-0.876358,0.572721,1.027457,0.082099,-0.008334,0.045197,-0.002172,-0.510002,-0.829334,0.228259,0.859382,-0.502641,0.093879,0.036876,0.244041,0.969063,-0.000408,0.00747,-0.01045,-0.622446,0.314292,0.318734,-0.046826,0.115967,0.035616,-0.040458,-0.635671,0.278812,-0.71985,-0.517236,-0.846055,0.129057,-0.573051,0.454371,0.682025,3.7e-05,-0.000796,-0.0004,-8e-06,-4e-06,-3e-06,-0.403837
87,0.203066,0.022189,0.401721,-0.596067,0.221142,-0.771911,-0.551844,-0.811126,0.193687,-0.58255,0.541145,0.606486,0.000132,-0.002809,-0.001418,0.0,0.0,0.0,-0.259645,-0.255194,0.045582,0.349408,0.424364,0.881392,0.207498,-0.903043,0.395514,0.167377,0.064933,-0.259523,0.96348,-0.000772,-0.002968,-0.001997,-0.460918,0.238634,0.659548,0.075111,-0.008302,0.045455,-0.002487,-0.515939,-0.822644,0.238878,0.856466,-0.50075,0.125355,0.016496,0.269266,0.962924,-6.9e-05,0.004247,-0.004881,-0.498663,0.29376,0.731353,-0.075891,0.115929,0.035618,-0.040521,-0.635723,0.278791,-0.719813,-0.517025,-0.846211,0.128879,-0.573184,0.454093,0.682098,7.6e-05,-0.00156,-0.000786,1.6e-05,2e-05,2.1e-05,-0.398448
88,0.203072,0.022224,0.401597,-0.59602,0.221189,-0.771934,-0.551684,-0.811297,0.193425,-0.582749,0.54087,0.60654,0.011796,0.007573,-0.011148,0.03666,-0.022466,0.050492,-0.261906,-0.255114,0.045672,0.349267,0.434061,0.876222,0.209325,-0.898069,0.402902,0.176281,0.069588,-0.265614,0.961493,0.012018,-0.002849,-0.00248,-0.192457,0.066784,0.332525,0.08032,-0.008267,0.045501,-0.002557,-0.525559,-0.815766,0.241481,0.850667,-0.50803,0.13517,0.012413,0.276459,0.960945,-5.4e-05,-0.000241,-0.000161,-0.129007,0.035594,0.305896,-0.077034,0.115928,0.035631,-0.04058,-0.635708,0.278818,-0.719816,-0.516864,-0.846346,0.128641,-0.573347,0.453825,0.68214,9.1e-05,-0.001864,-0.000939,-0.000804,0.011828,-0.026266,-0.398121
89,0.20309,0.022364,0.401296,-0.595904,0.221307,-0.771989,-0.551261,-0.811745,0.19275,-0.583266,0.540149,0.606685,0.011784,0.007819,-0.01102,0.036661,-0.022483,0.050485,-0.268539,-0.254971,0.045773,0.349283,0.442021,0.870953,0.214593,-0.894012,0.408621,0.183589,0.071664,-0.274101,0.958956,0.000861,0.00332,0.002233,-0.392293,0.36933,0.265239,0.087871,-0.00819,0.045552,-0.002549,-0.53165,-0.810788,0.244888,0.846874,-0.513098,0.139763,0.012333,0.281694,0.959424,0.000564,0.002166,0.001457,0.027488,-0.045349,0.014163,-0.06593,0.115937,0.035699,-0.040731,-0.635599,0.278944,-0.719863,-0.516456,-0.846707,0.127906,-0.573834,0.453075,0.682229,8.2e-05,-0.001654,-0.000836,-0.000794,0.011838,-0.026238,-0.400081
90,0.203116,0.022537,0.401021,-0.595592,0.221561,-0.772158,-0.550992,-0.81213,0.1919,-0.58384,0.539467,0.606741,3.2e-05,-0.000679,-0.000344,0.0,0.0,0.0,-0.269869,-0.255016,0.046093,0.349352,0.431426,0.874297,0.222412,-0.899761,0.399509,0.175373,0.06394,-0.276883,0.958702,0.001378,0.00531,0.003566,0.146555,-0.040971,-0.09183,0.093235,-0.008212,0.045714,-0.002512,-0.522153,-0.814272,0.253606,0.852623,-0.505279,0.133139,0.019731,0.28575,0.9581,-0.005272,0.00424,0.00313,0.286724,0.175348,-0.340526,-0.063808,0.115955,0.035781,-0.040871,-0.635285,0.279239,-0.720026,-0.516225,-0.846985,0.126994,-0.57439,0.452373,0.682226,0.006149,-7.5e-05,-0.000243,0.000998,-0.014698,0.029569,-0.40204
91,0.203101,0.022627,0.400925,-0.59558,0.221586,-0.772159,-0.550808,-0.812308,0.191672,-0.584025,0.539187,0.606811,2e-06,-3.7e-05,-1.9e-05,0.0,0.0,0.0,-0.272068,-0.255144,0.046214,0.349464,0.429366,0.874356,0.226136,-0.900944,0.397719,0.173356,0.061107,-0.279275,0.958193,-0.010856,0.007251,0.005428,-0.007341,0.108312,-0.171473,0.097582,-0.008266,0.045774,-0.002457,-0.519686,-0.814813,0.256914,0.854053,-0.50347,0.130805,0.022767,0.287396,0.95754,-0.005416,0.003679,0.002752,-0.016892,0.001698,-0.008315,-0.058256,0.115947,0.035826,-0.040919,-0.635274,0.279264,-0.720026,-0.516045,-0.847132,0.126741,-0.574563,0.452082,0.682274,1e-06,7e-05,3.5e-05,-7e-06,-1e-05,-4e-06,-0.403347
92,0.203064,0.022792,0.400802,-0.595359,0.221766,-0.772279,-0.550684,-0.812518,0.191139,-0.584367,0.538798,0.606827,-0.000623,0.010493,-0.009245,0.035678,-0.007804,0.020915,-0.276267,-0.255436,0.046197,0.349652,0.409798,0.88345,0.227097,-0.909761,0.378157,0.171075,0.064753,-0.277826,0.958375,6e-05,0.000232,0.000155,-0.383155,-0.17445,-1.755144,0.114137,-0.008414,0.045777,-0.002355,-0.506028,-0.82329,0.257153,0.862271,-0.489983,0.128078,0.020555,0.286547,0.957845,-0.000307,-0.005707,0.0039,-0.055909,0.137252,-0.182594,-0.039967,0.115929,0.03591,-0.040979,-0.635064,0.279463,-0.720134,-0.515939,-0.84728,0.126185,-0.574892,0.45168,0.682263,-1.4e-05,0.000338,0.000172,6e-06,-1.5e-05,4e-06,-0.406776
93,0.203033,0.022852,0.400779,-0.594298,0.219519,-0.773736,-0.550437,-0.81243,0.192219,-0.585677,0.539851,0.604624,-5e-06,0.000105,5.3e-05,-0.100281,-0.380013,-0.168871,-0.282247,-0.255315,0.046241,0.349642,0.336978,0.913566,0.227671,-0.937632,0.304016,0.16839,0.084207,-0.271369,0.958713,0.013433,0.011748,-0.008132,0.019317,0.068712,-0.166239,0.126243,-0.008365,0.045787,-0.002362,-0.432495,-0.865115,0.254015,0.901635,-0.414596,0.123141,-0.001217,0.282287,0.959329,0.006535,0.000649,0.000153,-0.123,-0.110994,-0.440551,-0.025271,0.115913,0.035946,-0.040994,-0.63476,0.279285,-0.720471,-0.515934,-0.847294,0.126109,-0.57523,0.451765,0.681921,0.0,5.8e-05,2.8e-05,-0.138965,-0.525885,-0.233716,-0.409878
94,0.203034,0.022837,0.400782,-0.594437,0.219421,-0.773657,-0.550354,-0.81245,0.192371,-0.585614,0.53986,0.604677,3e-06,-6.1e-05,-3.1e-05,-2.5e-05,-9.6e-05,-4.2e-05,-0.293712,-0.254966,0.046656,0.349605,0.314718,0.920664,0.230915,-0.944723,0.280565,0.169454,0.090839,-0.272644,0.957746,0.002467,0.018607,-0.002978,0.02516,0.079388,-0.124799,0.146848,-0.008188,0.045989,-0.002384,-0.410888,-0.874864,0.256481,0.911651,-0.39186,0.12384,-0.007839,0.284706,0.958582,0.000939,0.003619,0.002416,0.013493,-0.009761,0.000258,-0.00584,0.115914,0.035938,-0.040992,-0.634109,0.277285,-0.721815,-0.515541,-0.847342,0.127391,-0.576301,0.452905,0.680259,2e-06,-3.3e-05,-1.5e-05,0.001487,0.003598,0.001128,-0.41641
95,0.203025,0.022828,0.400778,-0.594361,0.219475,-0.7737,-0.550408,-0.812431,0.192297,-0.58564,0.539867,0.604645,1.5e-05,-0.00031,-0.000157,-0.0,-1e-06,-1e-06,-0.29431,-0.254885,0.046884,0.349652,0.313252,0.920839,0.232208,-0.945257,0.279087,0.16892,0.09036,-0.273573,0.957526,0.002024,0.007819,0.005219,-0.006633,0.094475,-0.14125,0.190924,-0.008146,0.04611,-0.002363,-0.409389,-0.875243,0.257582,0.912331,-0.390507,0.123104,-0.007158,0.285398,0.958381,0.001291,0.009535,-0.001339,0.031363,0.073946,-0.127383,0.020287,0.115909,0.035934,-0.040994,-0.634048,0.277368,-0.721837,-0.515599,-0.847319,0.127306,-0.576316,0.452897,0.680252,1e-05,-0.000198,-0.0001,0.000133,0.000555,0.000252,-0.418533
96,0.203026,0.022813,0.40077,-0.594393,0.219453,-0.773682,-0.550386,-0.812439,0.192328,-0.585629,0.539864,0.604659,6.3e-05,-0.001344,-0.00068,-0.0,-0.0,-0.0,-0.292826,-0.254883,0.047005,0.349792,0.307664,0.922148,0.234472,-0.947267,0.273951,0.166039,0.088503,-0.274356,0.957475,-0.012496,-0.008269,0.010454,0.06546,-0.067694,-0.115917,0.294934,-0.008142,0.046184,-0.002283,-0.403975,-0.877147,0.259645,0.914755,-0.385762,0.12004,-0.005131,0.286005,0.958214,-0.006306,-0.004353,0.00508,0.076058,-0.077126,-0.120038,0.142592,0.115909,0.035928,-0.040997,-0.634079,0.27735,-0.721817,-0.515579,-0.847327,0.127333,-0.5763,0.452892,0.680268,3.6e-05,-0.000759,-0.000384,-6.9e-05,1.6e-05,6.2e-05,-0.419676
97,0.203017,0.02282,0.400763,-0.5944,0.21945,-0.773677,-0.550366,-0.812455,0.192317,-0.58564,0.539842,0.604668,0.0,-0.0,-0.0,-0.0,-0.0,-0.0,-0.292714,-0.254914,0.046939,0.349784,0.317756,0.91826,0.236263,-0.943948,0.283175,0.169433,0.088292,-0.278018,0.956438,-0.000642,-0.00248,-0.001653,-0.075226,0.045256,0.052043,0.316992,-0.008157,0.046152,-0.002287,-0.413155,-0.872175,0.261939,0.910648,-0.394194,0.123817,-0.004735,0.28969,0.957108,-0.000422,-0.001627,-0.001084,-0.111379,0.028401,0.054169,0.217215,0.115905,0.035929,-0.041002,-0.634085,0.277348,-0.721812,-0.515561,-0.84734,0.12732,-0.576309,0.45287,0.680276,-4e-06,1.2e-05,7e-06,-7.4e-05,-3.7e-05,3.5e-05,-0.419676
98,0.203007,0.022827,0.400767,-0.594402,0.21945,-0.773675,-0.550365,-0.812455,0.192319,-0.585639,0.539842,0.604669,-1.4e-05,0.000309,0.000156,-0.0,-0.0,-0.0,-0.294589,-0.254787,0.046836,0.349649,0.366481,0.900448,0.234259,-0.927243,0.333017,0.171041,0.075551,-0.281036,0.956648,0.010782,0.001624,-0.014891,1.368148,0.956406,5.462903,0.392354,-0.0081,0.046108,-0.002342,-0.454119,-0.851541,0.262014,0.890917,-0.436151,0.126641,0.006438,0.290943,0.956718,0.005087,-0.004916,-0.003569,0.44066,0.315642,1.752917,0.255262,0.1159,0.035932,-0.041,-0.634087,0.277347,-0.72181,-0.51556,-0.84734,0.127322,-0.576307,0.45287,0.680277,-1.6e-05,0.000246,0.000126,-5.5e-05,-2.4e-05,4.8e-05,-0.420002
99,0.202969,0.022841,0.400765,-0.594449,0.219422,-0.773647,-0.550319,-0.81248,0.192346,-0.585635,0.539815,0.604697,-8e-06,0.000161,8.2e-05,-0.0,-0.0,-0.0,-0.307091,-0.25452,0.046298,0.349178,0.461881,0.857277,0.227449,-0.884666,0.427396,0.186098,0.061755,-0.288256,0.955488,-0.004297,-0.016668,-0.011186,-0.294891,-0.093527,0.352394,0.453577,-0.00796,0.045851,-0.002576,-0.548687,-0.794524,0.26014,0.835691,-0.530059,0.143725,0.023697,0.296257,0.954814,0.003974,-0.009297,-0.006519,-1.760124,-1.735577,1.455855,0.386058,0.115881,0.03594,-0.041001,-0.634132,0.277316,-0.721784,-0.515513,-0.847366,0.127344,-0.576301,0.452842,0.680301,-7e-06,0.000116,5.9e-05,-3.7e-05,1.6e-05,4.7e-05,-0.424411
100,0.202949,0.022871,0.400759,-0.594319,0.219517,-0.77372,-0.550381,-0.812475,0.192185,-0.585707,0.539784,0.604655,-4e-06,8.8e-05,4.5e-05,-0.0,-0.0,-0.0,-0.326393,-0.254409,0.045697,0.348808,0.48861,0.847241,0.20841,-0.868426,0.449563,0.208959,0.08274,-0.28416,0.955129,-0.002739,-0.010638,-0.007176,-0.310909,-0.111998,0.34024,0.44388,-0.007908,0.045518,-0.002783,-0.575594,-0.781128,0.241929,0.817734,-0.550313,0.168717,0.001347,0.294946,0.955512,-0.001334,-0.005195,-0.003507,-0.333785,-0.093858,0.343356,0.412021,0.115871,0.035955,-0.041004,-0.634008,0.277423,-0.721851,-0.515583,-0.847346,0.127188,-0.576374,0.452813,0.680259,-2e-06,2.8e-05,1.5e-05,-2.9e-05,4e-06,4.2e-05,-0.435515
101,0.202921,0.022892,0.400749,-0.594335,0.219511,-0.773709,-0.550342,-0.812507,0.192166,-0.585729,0.539739,0.604674,-0.012245,-0.000626,9.6e-05,-0.000984,0.014715,-0.029553,-0.361886,-0.254394,0.045642,0.34877,0.501393,0.845409,0.184066,-0.858138,0.459043,0.229811,0.109167,-0.27425,0.955371,0.000894,0.003473,0.002344,-0.004279,-0.210523,0.343606,0.440281,-0.007904,0.045477,-0.002811,-0.589652,-0.77752,0.218566,0.807235,-0.558611,0.190591,-0.026096,0.288817,0.957028,0.000603,0.002334,0.001576,0.045554,-0.225667,0.330934,0.409245,0.115861,0.035966,-0.041009,-0.634005,0.277429,-0.721851,-0.515558,-0.847368,0.127147,-0.5764,0.452768,0.680267,1e-06,-1.4e-05,-7e-06,-9e-06,1.3e-05,5.6e-05,-0.457396
102,0.202902,0.022899,0.400753,-0.594356,0.219498,-0.773697,-0.550328,-0.812512,0.192185,-0.58572,0.539737,0.604684,-2.3e-05,0.000503,0.000254,-0.0,-0.0,-0.0,-0.371781,-0.254357,0.045802,0.348855,0.512069,0.84092,0.175015,-0.85076,0.468776,0.237465,0.117009,-0.27156,0.955211,0.002227,0.008655,0.005833,-0.17411,-0.276273,0.29476,0.434116,-0.007886,0.045553,-0.002772,-0.599896,-0.771941,0.210311,0.799359,-0.567148,0.198408,-0.033882,0.287138,0.957289,0.001238,0.004809,0.003241,-0.520206,-0.803116,0.490009,0.408102,0.115847,0.035968,-0.041007,-0.634043,0.277401,-0.721829,-0.515529,-0.84738,0.127182,-0.576384,0.452763,0.680284,-1.2e-05,0.000322,0.000163,-8e-06,3.4e-05,5.1e-05,-0.468663
103,0.202845,0.022926,0.400725,-0.59442,0.219464,-0.773657,-0.550226,-0.812582,0.192178,-0.585751,0.539644,0.604737,-0.0,0.0,0.0,-0.0,-0.0,-0.0,-0.374929,-0.254405,0.046324,0.349272,0.513758,0.841281,0.168199,-0.849317,0.471284,0.237667,0.120036,-0.266023,0.956392,-0.008417,0.016754,0.011802,0.104778,-0.116602,-0.053092,0.372177,-0.007904,0.045818,-0.002561,-0.602324,-0.771931,0.203291,0.797369,-0.569857,0.198655,-0.037501,0.281753,0.958753,-0.004215,0.008373,0.0059,0.146368,-0.137132,-0.097882,0.364177,0.115819,0.035983,-0.041021,-0.634104,0.27736,-0.721791,-0.515426,-0.847446,0.127163,-0.57641,0.452665,0.680328,5e-06,-1.1e-05,-5e-06,1e-05,4.7e-05,6.3e-05,-0.47895
104,0.202845,0.022926,0.400703,-0.594317,0.219538,-0.773715,-0.550269,-0.812585,0.192045,-0.585815,0.53961,0.604705,2.1e-05,-0.000444,-0.000225,-0.0,-0.0,-0.0,-0.375631,-0.254678,0.046864,0.349582,0.504713,0.847101,0.166359,-0.85531,0.464817,0.228748,0.115818,-0.258813,0.958888,0.002462,0.009534,0.006365,0.254064,-0.157216,-0.321993,0.303161,-0.008038,0.046096,-0.002394,-0.594727,-0.77828,0.20144,0.803194,-0.56453,0.190221,-0.034326,0.274925,0.960852,-0.004903,0.005657,0.004064,0.484199,-0.341209,-0.4403,0.271591,0.115819,0.035983,-0.041032,-0.634006,0.277444,-0.721845,-0.515475,-0.847436,0.127032,-0.576473,0.452632,0.680295,1.5e-05,-0.000241,-0.000122,-1.3e-05,8e-06,3.6e-05,-0.480093
105,0.202854,0.022926,0.400692,-0.594302,0.219548,-0.773724,-0.550264,-0.812595,0.192014,-0.585835,0.53959,0.604704,6e-06,-0.000123,-6.2e-05,-0.0,-0.0,-0.0,-0.376314,-0.254775,0.04718,0.349627,0.4998,0.849759,0.167631,-0.858842,0.461427,0.222282,0.110915,-0.256141,0.960184,-0.009223,0.022554,0.000216,0.206052,-0.185891,-0.110966,0.312602,-0.008089,0.046266,-0.00237,-0.589329,-0.782274,0.201834,0.80736,-0.5612,0.182271,-0.029317,0.270371,0.962309,-0.004625,0.011237,8.4e-05,0.187076,-0.179193,-0.113041,0.249873,0.115823,0.035982,-0.041038,-0.633992,0.277456,-0.721853,-0.515471,-0.847443,0.127001,-0.576492,0.452612,0.680293,5e-06,-6.1e-05,-3.3e-05,-9e-06,2e-05,3.6e-05,-0.480583
106,0.202888,0.022965,0.400645,-0.594171,0.219643,-0.773798,-0.550265,-0.812648,0.19179,-0.585967,0.539473,0.604681,0.0,-5e-06,-2e-06,0.0,0.0,0.0,-0.390356,-0.25462,0.047777,0.34978,0.488704,0.854691,0.17511,-0.867846,0.455963,0.197168,0.088068,-0.249408,0.964315,0.015418,0.010604,0.006461,0.478322,-0.46217,-0.275113,0.341458,-0.008019,0.046554,-0.0023,-0.5792,-0.787651,0.210078,0.815151,-0.55725,0.158114,-0.007473,0.262825,0.964814,0.00143,0.001016,0.008347,0.499278,-0.445875,-0.383413,0.264243,0.115841,0.036002,-0.041061,-0.633867,0.277563,-0.721921,-0.515481,-0.847471,0.126772,-0.576621,0.452493,0.680263,-0.0,1.2e-05,6e-06,-1.6e-05,4e-06,2.5e-05,-0.484992
107,0.202885,0.023018,0.400595,-0.594086,0.21971,-0.773844,-0.550221,-0.812725,0.191591,-0.586094,0.53933,0.604685,0.0,-0.0,-0.0,0.0,0.0,0.0,-0.406507,-0.254256,0.047827,0.350364,0.473209,0.860446,0.188937,-0.879626,0.450256,0.153175,0.046144,-0.239768,0.969663,0.002509,0.000679,0.015774,2.286733,1.557261,-1.096581,0.356925,-0.007831,0.046587,-0.002008,-0.564622,-0.795221,0.220962,0.824781,-0.553561,0.115344,0.030592,0.247372,0.968436,0.006864,-0.007006,0.010403,0.355213,-0.185086,-0.093296,0.290206,0.115839,0.036028,-0.041086,-0.633787,0.277638,-0.721963,-0.515443,-0.847525,0.126565,-0.576743,0.452346,0.680257,-4e-06,8e-06,4e-06,-2.9e-05,-4.1e-05,1.7e-05,-0.497892
108,0.202855,0.023063,0.400575,-0.594062,0.219735,-0.773856,-0.55018,-0.812774,0.1915,-0.586158,0.539245,0.604699,-1.8e-05,0.00039,0.000198,0.0,0.0,0.0,-0.417629,-0.253868,0.047238,0.35113,0.467411,0.859502,0.206823,-0.883955,0.455042,0.107217,-0.002537,-0.234025,0.972157,0.012708,-0.018076,0.018144,1.447192,0.385073,5.536729,0.356471,-0.007643,0.046314,-0.001628,-0.550905,-0.799712,0.238668,0.83076,-0.552772,0.065411,0.079619,0.234311,0.968895,0.006647,-0.003285,0.005196,1.857465,1.738536,-0.405983,0.29935,0.115824,0.03605,-0.041096,-0.633763,0.277665,-0.721973,-0.515405,-0.847563,0.126467,-0.576803,0.452259,0.680264,-1.3e-05,0.000248,0.000127,-1.1e-05,8e-06,8e-06,-0.50622
109,0.202827,0.023077,0.400583,-0.594086,0.219721,-0.773841,-0.550164,-0.812779,0.191521,-0.586148,0.539243,0.60471,-1.7e-05,0.000359,0.000181,0.0,0.0,0.0,-0.428275,-0.253605,0.04683,0.351388,0.468922,0.856362,0.216213,-0.882966,0.459715,0.094694,-0.018882,-0.236398,0.971402,0.023389,-0.025953,0.012379,1.586813,1.943972,-0.222833,0.340775,-0.007501,0.046103,-0.001481,-0.556363,-0.793041,0.248081,0.825265,-0.562191,0.053635,0.096934,0.234574,0.967252,0.011576,-0.013385,0.005909,1.502703,1.972645,-0.199431,0.292655,0.11581,0.036058,-0.041092,-0.633786,0.277649,-0.721959,-0.515389,-0.84757,0.126487,-0.576792,0.452256,0.680275,-1.2e-05,0.000211,0.000107,-2e-05,-5e-06,-7e-06,-0.511935
110,0.202733,0.02312,0.400608,-0.594176,0.219667,-0.773787,-0.550105,-0.8128,0.191604,-0.586112,0.539234,0.604754,-4.9e-05,0.001064,0.000538,0.0,0.0,0.0,-0.439049,-0.253151,0.045587,0.351923,0.474352,0.847979,0.236461,-0.879045,0.47043,0.076871,-0.046637,-0.245398,0.968229,0.00981,-0.038923,0.019807,0.40293,0.494743,0.144533,0.318797,-0.007279,0.045488,-0.001226,-0.559613,-0.783846,0.269105,0.819227,-0.572298,0.036626,0.125299,0.240954,0.962413,0.005038,-0.014295,0.00562,1.566158,2.029792,-0.239026,0.258528,0.115763,0.036079,-0.04108,-0.633871,0.277588,-0.721908,-0.515326,-0.847596,0.126565,-0.576754,0.452244,0.680316,-3.1e-05,0.000661,0.000336,1e-06,8e-06,-2e-06,-0.524018
111,0.202632,0.023122,0.400613,-0.593244,0.217328,-0.775162,-0.549844,-0.812672,0.192892,-0.5873,0.540376,0.602578,1.4e-05,-0.000299,-0.000151,-0.117861,-0.44695,-0.199019,-0.437107,-0.252641,0.044481,0.352618,0.479383,0.836294,0.266075,-0.873524,0.483724,0.053862,-0.084252,-0.259303,0.962043,0.011879,-0.021718,0.015832,0.090401,0.003403,0.282481,0.314182,-0.007027,0.044918,-0.000884,-0.56151,-0.771413,0.299379,0.810934,-0.584976,0.013658,0.164594,0.250446,0.954036,0.005772,-0.016076,0.012156,0.419107,0.531382,0.141606,0.247097,0.115712,0.036082,-0.041076,-0.633704,0.277296,-0.722167,-0.515304,-0.847585,0.126727,-0.576958,0.452444,0.68001,1.2e-05,-0.00023,-0.000117,-0.138818,-0.525725,-0.234104,-0.526468
112,0.202577,0.023111,0.400587,-0.59338,0.217241,-0.775082,-0.549721,-0.812732,0.192988,-0.587277,0.54032,0.60265,8.6e-05,-0.00188,-0.000951,-0.00254,0.005373,-0.029142,-0.436006,-0.252246,0.044067,0.352913,0.47916,0.832191,0.279028,-0.871986,0.48749,0.043906,-0.100073,-0.265401,0.958859,0.024435,-0.022408,0.01479,0.414534,0.550493,0.051975,0.295802,-0.006835,0.044712,-0.000735,-0.560436,-0.767325,0.311645,0.808363,-0.588668,0.004288,0.180165,0.254325,0.950188,0.005976,-0.010689,0.00802,1.495319,2.119746,-0.387959,0.237463,0.115685,0.036079,-0.041088,-0.632949,0.275188,-0.723633,-0.514902,-0.847633,0.128032,-0.578143,0.453638,0.678204,-0.006111,-0.000512,-5.2e-05,0.007435,0.030458,-0.026053,-0.526304
113,0.202512,0.023107,0.400566,-0.593518,0.217154,-0.775001,-0.549597,-0.812793,0.193086,-0.587254,0.540264,0.602723,1.4e-05,-0.000315,-0.000159,-0.0,-1e-06,-1e-06,-0.423995,-0.251264,0.042678,0.353491,0.437213,0.850158,0.293373,-0.893205,0.448435,0.032022,-0.104869,-0.277119,0.955024,0.021326,-0.044669,0.015548,-1.566393,0.045253,-5.349209,0.195743,-0.006338,0.044044,-0.000435,-0.524862,-0.786979,0.324319,0.830106,-0.557524,-0.009462,0.188262,0.264253,0.9459,0.01675,-0.023392,0.006755,0.408478,0.644075,0.002245,0.151899,0.115653,0.036073,-0.041101,-0.63319,0.275226,-0.723408,-0.514742,-0.847732,0.128021,-0.578022,0.45343,0.678446,1.1e-05,-0.000224,-0.000113,0.00013,0.000561,0.000263,-0.523365
114,0.202483,0.023136,0.400549,-0.593522,0.217158,-0.774997,-0.549551,-0.812836,0.193038,-0.587293,0.540198,0.602743,-9e-06,0.00019,9.6e-05,-0.0,-0.0,-0.0,-0.418626,-0.249999,0.040528,0.354153,0.369204,0.878375,0.30354,-0.923229,0.383971,0.012203,-0.10628,-0.285852,0.95229,0.045368,-0.061068,0.018984,-0.511281,0.021046,-1.805173,0.130982,-0.005717,0.042966,-0.000111,-0.457076,-0.825506,0.331089,0.868931,-0.493904,-0.031874,0.189839,0.273125,0.94306,0.016763,-0.024111,0.006311,-1.636622,-0.09382,-5.375333,0.047883,0.115638,0.036087,-0.041109,-0.633194,0.275236,-0.723401,-0.514701,-0.847766,0.127965,-0.578054,0.453362,0.678465,-7e-06,0.000109,5.6e-05,-8.5e-05,6e-06,6.7e-05,-0.517487
115,0.202462,0.023189,0.400544,-0.593459,0.217207,-0.775031,-0.549551,-0.812862,0.192926,-0.587356,0.540139,0.602735,-1.8e-05,0.0004,0.000202,-0.0,-0.0,-0.0,-0.421588,-0.248489,0.038842,0.354988,0.316186,0.898881,0.303365,-0.944011,0.329735,0.007269,-0.093876,-0.289814,0.952396,0.037269,-0.032957,0.022792,-0.098726,0.089315,-0.1055,0.133048,-0.004978,0.042102,0.000281,-0.405336,-0.8532,0.328254,0.896776,-0.440813,-0.038402,0.177464,0.278805,0.943808,0.018569,-0.016667,0.011247,-0.139151,0.136879,-0.112168,-0.012045,0.115627,0.036114,-0.041112,-0.633133,0.275292,-0.723432,-0.514707,-0.847779,0.127851,-0.578115,0.453303,0.678452,-1.1e-05,0.000237,0.000121,-4.9e-05,1.7e-05,6.5e-05,-0.516834
116,0.202461,0.023213,0.400544,-0.593415,0.217239,-0.775056,-0.549567,-0.812865,0.192867,-0.587386,0.540121,0.602722,-2.6e-05,0.000581,0.000294,-0.0,-0.0,-0.0,-0.423388,-0.24784,0.038268,0.355493,0.293398,0.907462,0.300703,-0.952215,0.305206,0.008414,-0.084493,-0.289948,0.953234,0.038333,-0.028579,0.025705,-0.076391,0.065617,-0.13462,0.163287,-0.00464,0.041802,0.000542,-0.384025,-0.864404,0.324543,0.907891,-0.417504,-0.037713,0.168097,0.280167,0.945118,0.013093,-0.012841,0.014099,-0.109112,0.104475,-0.183344,0.007714,0.115627,0.036126,-0.041111,-0.633091,0.275329,-0.723455,-0.514727,-0.847776,0.127792,-0.578144,0.453286,0.678439,-1.3e-05,0.000292,0.000148,-3.7e-05,2.5e-05,5.7e-05,-0.51716
117,0.202459,0.023252,0.400564,-0.593334,0.217294,-0.775102,-0.549624,-0.812845,0.192789,-0.587414,0.540129,0.602688,-2e-05,0.000442,0.000223,-0.0,-0.0,-0.0,-0.423494,-0.246644,0.037087,0.356769,0.228375,0.925275,0.302824,-0.971483,0.236778,0.009552,-0.063133,-0.297536,0.952549,0.026465,-0.024813,0.028849,-0.610646,0.093159,-1.710694,0.209379,-0.004034,0.041222,0.001187,-0.323175,-0.889242,0.323737,0.934649,-0.353527,-0.038045,0.148282,0.290285,0.945381,0.013176,-0.017632,0.018743,-1.827394,0.088779,-5.402721,0.068457,0.115626,0.036146,-0.041101,-0.633014,0.275394,-0.723498,-0.51479,-0.847749,0.127718,-0.578173,0.453297,0.678407,-1.1e-05,0.00024,0.000122,-3.3e-05,2e-05,2.5e-05,-0.51814
118,0.202468,0.023252,0.400564,-0.593316,0.217307,-0.775113,-0.549637,-0.812841,0.192771,-0.587421,0.54013,0.602679,1.9e-05,-0.000426,-0.000215,-0.0,-0.0,-0.0,-0.425263,-0.245682,0.035811,0.358112,0.211579,0.92926,0.302823,-0.975567,0.219373,0.008814,-0.05849,-0.29846,0.952556,0.014187,-0.022727,0.030901,-0.101752,0.01893,0.007983,0.267319,-0.003548,0.040585,0.001859,-0.305387,-0.895808,0.322903,0.941379,-0.335062,-0.039227,0.143332,0.291994,0.945618,0.013169,-0.017486,0.018838,-0.158657,0.123435,-0.112566,0.130345,0.115631,0.036147,-0.041101,-0.632996,0.275408,-0.723508,-0.514804,-0.847743,0.127702,-0.57818,0.4533,0.678399,1.2e-05,-0.000306,-0.000154,-2.7e-05,-1.9e-05,2.6e-05,-0.518467
119,0.202468,0.023252,0.400564,-0.593316,0.217307,-0.775113,-0.549637,-0.812841,0.192771,-0.587421,0.54013,0.602679,0.0,-6e-06,-3e-06,-0.0,-0.0,-0.0,-0.429028,-0.245325,0.03535,0.358757,0.206477,0.930914,0.301261,-0.976994,0.212735,0.012624,-0.052579,-0.298111,0.95301,0.014736,-0.020321,0.032488,-0.101829,0.004986,0.033295,0.28728,-0.00337,0.040351,0.002179,-0.300682,-0.898015,0.321183,0.943782,-0.328667,-0.035398,0.13735,0.292484,0.946355,0.007291,-0.0104,0.016073,-0.102034,0.025705,0.01196,0.164636,0.115631,0.036146,-0.041101,-0.632996,0.275408,-0.723509,-0.514804,-0.847743,0.127702,-0.57818,0.4533,0.678399,-0.0,-1e-05,-5e-06,-1.9e-05,-2e-06,3.4e-05,-0.51961
120,0.202469,0.023245,0.400571,-0.593328,0.217297,-0.775107,-0.549643,-0.81283,0.192799,-0.587403,0.540151,0.602679,0.0,-0.0,-0.0,-0.0,-0.0,-0.0,-0.437089,-0.244945,0.034783,0.359809,0.199734,0.936455,0.288357,-0.979243,0.200754,0.026722,-0.033099,-0.28889,0.956718,0.001848,-0.011102,0.023689,-1.684848,-2.158565,0.543808,0.295172,-0.003174,0.040073,0.002708,-0.294638,-0.90388,0.310141,0.948123,-0.317049,-0.023284,0.119376,0.287192,0.950404,0.000956,-0.005322,0.011986,-0.073999,0.011918,-0.001147,0.19958,0.115631,0.036142,-0.041098,-0.633007,0.275397,-0.723503,-0.514809,-0.847735,0.127732,-0.578162,0.453321,0.6784,3e-06,-4e-06,-4e-06,-5e-06,2.7e-05,4.6e-05,-0.524018
121,0.202459,0.023252,0.400575,-0.59333,0.217296,-0.775105,-0.549642,-0.81283,0.192801,-0.587402,0.540151,0.60268,-0.0,5e-06,2e-06,-0.0,-0.0,-0.0,-0.436776,-0.245034,0.034903,0.360441,0.189893,0.944671,0.267448,-0.981723,0.184842,0.044579,-0.007546,-0.272216,0.962135,-0.009387,0.015118,0.010442,-0.483796,-0.669361,0.185484,0.32814,-0.003219,0.040124,0.003035,-0.287793,-0.913749,0.286767,0.953447,-0.301531,-0.003935,0.090065,0.272285,0.957991,-0.004709,0.007549,0.005213,-0.524366,-0.722946,0.199512,0.231911,0.115626,0.036146,-0.041096,-0.63301,0.275396,-0.723501,-0.514808,-0.847735,0.127733,-0.578161,0.453321,0.678401,2e-06,-7e-06,-3e-06,-8e-06,1e-05,3.6e-05,-0.526631
122,0.202469,0.023245,0.400571,-0.593328,0.217297,-0.775107,-0.549643,-0.81283,0.192799,-0.587403,0.540151,0.602679,1.9e-05,-0.000428,-0.000216,-0.0,-0.0,-0.0,-0.435587,-0.245082,0.035068,0.360633,0.192384,0.946199,0.260169,-0.981265,0.185787,0.050364,-0.000908,-0.266177,0.963853,0.002232,0.009958,0.006432,-0.001759,-0.135862,0.198727,0.324275,-0.003242,0.040209,0.003133,-0.290763,-0.915031,0.279597,0.953211,-0.302297,0.001958,0.082729,0.267084,0.960115,-0.005117,0.005694,0.004008,-0.036548,-0.049075,0.009739,0.245791,0.115631,0.036143,-0.041097,-0.633007,0.275398,-0.723503,-0.51481,-0.847734,0.127731,-0.578162,0.453322,0.6784,1.4e-05,-0.000287,-0.000144,-6e-06,2e-06,3.6e-05,-0.526305
123,0.202479,0.02323,0.400563,-0.59323,0.217364,-0.775162,-0.549711,-0.812806,0.192705,-0.587438,0.54016,0.602637,4e-06,-8.6e-05,-4.4e-05,-0.0,-0.0,-0.0,-0.435839,-0.245171,0.035491,0.360625,0.195592,0.948215,0.250248,-0.980603,0.187301,0.057185,0.007122,-0.257775,0.966108,0.000965,0.013952,-0.006402,0.035476,-0.016861,0.01507,0.299486,-0.003286,0.040423,0.003136,-0.294858,-0.916643,0.269856,0.952679,-0.303849,0.008836,0.073896,0.259692,0.96286,-0.005851,0.007182,-0.002737,0.039526,0.005989,-0.014732,0.239586,0.115636,0.036134,-0.041102,-0.632914,0.275474,-0.723555,-0.514883,-0.847703,0.127643,-0.578198,0.453334,0.67836,3e-06,-4.7e-05,-2.4e-05,-6e-06,1.3e-05,2.9e-05,-0.526305
124,0.202487,0.023246,0.400571,-0.593179,0.217398,-0.775192,-0.549747,-0.812794,0.192656,-0.587456,0.540164,0.602615,-9e-06,0.000195,9.9e-05,0.0,0.0,0.0,-0.434036,-0.245206,0.035993,0.360306,0.195339,0.948812,0.248172,-0.980648,0.186992,0.05743,0.007854,-0.255785,0.966631,0.000356,0.011232,-0.008147,0.025804,0.086863,-0.154457,0.240987,-0.003304,0.040673,0.002976,-0.294943,-0.917229,0.267765,0.952719,-0.303715,0.009045,0.073028,0.257773,0.963441,0.000307,0.010998,-0.008297,0.071985,-0.032619,0.030603,0.187496,0.11564,0.036142,-0.041098,-0.632866,0.275514,-0.723583,-0.514922,-0.847687,0.127597,-0.578217,0.45334,0.67834,-7e-06,0.000122,6.2e-05,-3.4e-05,-1.5e-05,-8e-06,-0.526141
125,0.202487,0.023253,0.400564,-0.593167,0.217408,-0.775198,-0.54974,-0.812805,0.192628,-0.587474,0.540144,0.602616,-0.0,0.0,0.0,0.0,0.0,0.0,-0.43344,-0.245169,0.036705,0.359818,0.193603,0.948984,0.248876,-0.981007,0.185827,0.055024,0.005741,-0.255999,0.966589,0.001168,0.024478,-0.014972,0.07113,-0.033587,0.029979,0.244973,-0.003288,0.041016,0.002729,-0.293087,-0.917616,0.268476,0.953126,-0.302497,0.006601,0.075156,0.257827,0.963263,0.000659,0.012543,-0.00729,0.061557,0.070371,-0.138764,0.144878,0.11564,0.036146,-0.041101,-0.632854,0.275524,-0.723589,-0.514916,-0.847694,0.127568,-0.578235,0.453319,0.678339,2e-06,-5e-06,-3e-06,1e-05,1.9e-05,3.3e-05,-0.525162
126,0.202487,0.023253,0.400564,-0.593167,0.217408,-0.775198,-0.54974,-0.812805,0.192628,-0.587474,0.540144,0.602616,-0.0,0.0,0.0,0.0,0.0,0.0,-0.435064,-0.245092,0.037119,0.359633,0.186764,0.950195,0.249478,-0.982329,0.179075,0.0538,0.006226,-0.256316,0.966502,0.013984,0.015265,-0.006191,0.029349,0.057042,-0.100416,0.27643,-0.003255,0.041221,0.00263,-0.286514,-0.919633,0.26867,0.955157,-0.296051,0.005237,0.074723,0.258122,0.963217,0.000964,0.013907,-0.00641,0.061261,0.070957,-0.138525,0.159084,0.11564,0.036146,-0.041101,-0.632854,0.275524,-0.723589,-0.514916,-0.847694,0.127568,-0.578235,0.453319,0.678339,2e-06,-4e-06,-2e-06,6e-06,2.6e-05,2.9e-05,-0.525325
127,0.202477,0.023261,0.400568,-0.59317,0.217407,-0.775196,-0.549739,-0.812805,0.19263,-0.587473,0.540144,0.602617,-0.0,1e-06,1e-06,0.0,0.0,0.0,-0.438006,-0.244997,0.038126,0.359417,0.18575,0.951327,0.245896,-0.982504,0.177707,0.055136,0.008537,-0.253035,0.967348,0.003055,0.023266,-0.000399,-0.006804,-0.090674,0.053949,0.369414,-0.003204,0.041718,0.002518,-0.285751,-0.920907,0.265096,0.955589,-0.294626,0.00655,0.072072,0.255195,0.964199,0.00164,0.01211,0.000105,-0.126806,-0.151355,-0.05338,0.244648,0.115635,0.03615,-0.041099,-0.632857,0.275523,-0.723587,-0.514915,-0.847695,0.12757,-0.578233,0.453319,0.678341,3e-06,-9e-06,-4e-06,1.3e-05,1.8e-05,3.2e-05,-0.526468
128,0.202458,0.023268,0.400572,-0.593191,0.217394,-0.775184,-0.549725,-0.81281,0.19265,-0.587465,0.540141,0.602627,-4e-06,8.4e-05,4.3e-05,0.0,0.0,0.0,-0.438077,-0.245098,0.039273,0.35958,0.189069,0.954704,0.229749,-0.981652,0.178517,0.066524,0.022274,-0.239315,0.970616,-0.006997,0.034853,0.007604,0.032317,-0.037317,0.035906,0.501386,-0.003255,0.042294,0.002595,-0.290368,-0.923937,0.249049,0.955222,-0.295337,0.018041,0.056884,0.243136,0.968322,-0.003379,0.01796,0.004144,0.042956,-0.02344,0.033199,0.397978,0.115625,0.036154,-0.041097,-0.632877,0.275508,-0.723575,-0.5149,-0.847701,0.127588,-0.578224,0.453316,0.67835,2e-06,4e-05,2e-05,5e-06,1.2e-05,1.7e-05,-0.527121
129,0.202458,0.023275,0.400565,-0.593179,0.217403,-0.77519,-0.549718,-0.812821,0.192621,-0.587483,0.540121,0.602628,-0.0,1e-06,1e-06,0.0,0.0,0.0,-0.438814,-0.245151,0.039762,0.359888,0.191211,0.956028,0.22235,-0.981067,0.179578,0.072064,0.028741,-0.233126,0.971951,-0.007104,0.024675,0.016319,-1.61914,-2.189905,0.553295,0.524866,-0.00328,0.042546,0.002753,-0.292827,-0.924894,0.242533,0.954826,-0.296269,0.023014,0.05057,0.238317,0.969869,-0.003482,0.012684,0.008361,-1.614655,-2.183411,0.549769,0.465907,0.115625,0.036157,-0.041101,-0.632865,0.275519,-0.723581,-0.514895,-0.847709,0.127559,-0.578242,0.453296,0.678349,4e-06,-1.1e-05,-6e-06,1.9e-05,2.6e-05,2.8e-05,-0.527284
130,0.202449,0.023274,0.400554,-0.593202,0.21739,-0.775177,-0.549688,-0.812841,0.192626,-0.587489,0.540097,0.602644,2.7e-05,-0.000592,-0.000299,0.0,0.0,0.0,-0.439315,-0.245392,0.040362,0.360448,0.189793,0.956672,0.220792,-0.981378,0.178618,0.070177,0.027475,-0.231207,0.972446,-0.009581,0.003924,0.018336,-0.031955,0.013183,-0.022285,0.535301,-0.003392,0.042863,0.003039,-0.291735,-0.925865,0.240134,0.955131,-0.295407,0.021395,0.051129,0.235601,0.970503,0.001507,0.006731,0.004244,-0.011026,-0.018967,0.050512,0.507056,0.11562,0.036158,-0.041106,-0.632887,0.275503,-0.723568,-0.514863,-0.847728,0.127561,-0.578246,0.45327,0.678362,2.4e-05,-0.000401,-0.000204,3.2e-05,4.7e-05,3.9e-05,-0.527774
131,0.202457,0.023282,0.400547,-0.593171,0.217411,-0.775194,-0.549694,-0.812847,0.192581,-0.587514,0.540079,0.602636,0.0,-0.0,-0.0,0.0,0.0,0.0,-0.439652,-0.245837,0.040497,0.361086,0.184321,0.958003,0.219653,-0.982484,0.173924,0.066409,0.0252,-0.229255,0.97297,-0.009965,0.00214,0.017184,0.082941,0.00538,-0.267809,0.53599,-0.003616,0.042926,0.003355,-0.286901,-0.927686,0.238924,0.956494,-0.291199,0.0179,0.052969,0.233665,0.970872,-0.011088,0.001996,0.009514,0.143457,-0.129724,-0.151185,0.512935,0.115625,0.036161,-0.04111,-0.632858,0.275527,-0.723584,-0.514871,-0.84773,0.127514,-0.578271,0.453251,0.678354,2e-06,2e-06,1e-06,-1e-05,-3e-06,6e-06,-0.528427
132,0.202459,0.023251,0.400531,-0.593235,0.217367,-0.775158,-0.549649,-0.812863,0.192643,-0.587491,0.540073,0.602663,7.7e-05,-0.00171,-0.000864,0.0,0.0,0.0,-0.436796,-0.246408,0.04079,0.361877,0.168437,0.961344,0.2178,-0.985318,0.158499,0.06293,0.02578,-0.226415,0.973619,-0.008732,0.007429,0.020441,0.034879,-0.19087,-0.58923,0.536328,-0.003903,0.043062,0.003744,-0.272096,-0.932719,0.236639,0.960862,-0.276652,0.0144,0.052035,0.231295,0.97149,-0.010494,0.004496,0.011054,-0.133844,-0.223513,-1.997558,0.515384,0.115626,0.036148,-0.041116,-0.632919,0.275477,-0.72355,-0.514823,-0.84775,0.127573,-0.578247,0.453244,0.678379,4.7e-05,-0.001009,-0.00051,-0.000821,0.011923,-0.02622,-0.528101
133,0.202469,0.023236,0.400512,-0.593253,0.217355,-0.775148,-0.549621,-0.812882,0.192644,-0.587499,0.54005,0.602676,0.012301,-0.000768,-0.000801,0.000984,-0.014715,0.029553,-0.43326,-0.246689,0.040935,0.362304,0.160188,0.962917,0.217077,-0.986685,0.150459,0.061225,0.026107,-0.225209,0.97389,-0.009043,-0.003498,0.028734,0.031158,0.021883,-0.248226,0.536701,-0.004043,0.04314,0.003955,-0.263547,-0.935586,0.234991,0.963253,-0.268322,0.012017,0.05181,0.229523,0.971922,-0.010496,0.004464,0.011021,0.097994,-0.106427,-0.108243,0.5162,0.115626,0.036139,-0.041127,-0.632953,0.27545,-0.72353,-0.514781,-0.847773,0.127587,-0.578247,0.453217,0.678398,4.2e-05,-0.000882,-0.000446,-9e-06,3e-06,4e-06,-0.527121
134,0.202479,0.023204,0.400463,-0.593199,0.217394,-0.775177,-0.549613,-0.812911,0.192543,-0.58756,0.53999,0.60267,9.7e-05,-0.002134,-0.00108,-0.000816,0.011917,-0.026228,-0.427637,-0.247024,0.041153,0.363146,0.144775,0.965264,0.217479,-0.989,0.134913,0.060099,0.028504,-0.225005,0.97387,-0.009111,-0.003878,0.028448,-0.073043,0.116669,-0.183539,0.53704,-0.00421,0.043252,0.004378,-0.248307,-0.939872,0.234483,0.967415,-0.252976,0.010449,0.049498,0.229438,0.972063,-0.004432,0.003401,0.009989,-0.052068,0.030274,-0.01745,0.51767,0.115636,0.036125,-0.04115,-0.632869,0.275521,-0.723577,-0.514803,-0.847781,0.127452,-0.578319,0.45316,0.678374,1.9e-05,-0.000376,-0.000191,4e-06,1.5e-05,8e-06,-0.524508
135,0.20248,0.02318,0.40044,-0.593251,0.217359,-0.775147,-0.549562,-0.812937,0.192577,-0.587556,0.539964,0.602697,1.6e-05,-0.000349,-0.000176,0.0,0.0,0.0,-0.425184,-0.247256,0.041144,0.363984,0.139289,0.966312,0.216404,-0.989834,0.130017,0.057076,0.026857,-0.223373,0.974293,-0.010197,-0.008644,0.025488,-0.046711,0.105618,-0.225615,0.537169,-0.004321,0.043255,0.004796,-0.243141,-0.941569,0.233085,0.968647,-0.248331,0.00728,0.051027,0.227547,0.972428,-0.005051,-0.004054,0.012913,-0.048414,0.010851,-0.057848,0.51816,0.115636,0.036108,-0.041164,-0.632934,0.275468,-0.72354,-0.514737,-0.847814,0.127496,-0.578307,0.453129,0.678405,9e-06,-0.00021,-0.000106,-2e-06,-1.2e-05,1.3e-05,-0.521079
136,0.202498,0.023181,0.40044,-0.593214,0.217383,-0.775169,-0.549587,-0.812929,0.192542,-0.58757,0.539967,0.602681,0.0,-6e-06,-3e-06,0.0,0.0,0.0,-0.426619,-0.247467,0.041053,0.364394,0.130674,0.967616,0.215952,-0.990994,0.121533,0.05564,0.027444,-0.222498,0.974477,-0.010507,-0.009998,0.024656,-0.065498,0.122772,-0.214064,0.537498,-0.00443,0.04321,0.005007,-0.234692,-0.94394,0.232155,0.970763,-0.239971,0.005653,0.050374,0.226694,0.972661,-0.005106,0.000428,0.008135,-0.052198,0.030091,-0.021724,0.51816,0.115646,0.036109,-0.041164,-0.632899,0.275495,-0.72356,-0.514764,-0.847803,0.127463,-0.578322,0.453134,0.678389,-1e-06,3.6e-05,1.7e-05,-3e-06,1.1e-05,9e-06,-0.521243
137,0.202506,0.023205,0.400441,-0.593151,0.217427,-0.775205,-0.549616,-0.812927,0.192465,-0.587606,0.539951,0.602659,-1e-06,1.7e-05,9e-06,0.0,0.0,0.0,-0.428012,-0.247939,0.040716,0.365143,0.117847,0.969846,0.213313,-0.992652,0.109595,0.050653,0.025615,-0.218938,0.975332,-0.011761,-0.015384,0.021373,-0.012684,-0.021158,-0.071493,0.537678,-0.004665,0.043047,0.005384,-0.222295,-0.94772,0.228933,0.973598,-0.228265,0.000412,0.051867,0.222981,0.973441,-0.006057,-0.008392,0.010265,-0.047472,0.11648,-0.263716,0.518323,0.11565,0.036122,-0.041163,-0.632839,0.275546,-0.723594,-0.514796,-0.847794,0.127388,-0.578358,0.45312,0.678367,-1e-06,7e-06,4e-06,-6e-06,-6e-06,1e-06,-0.521243
138,0.202507,0.023189,0.400433,-0.593183,0.217405,-0.775187,-0.549593,-0.812935,0.192496,-0.587595,0.539949,0.602673,1.2e-05,-0.000263,-0.000133,0.0,0.0,0.0,-0.426113,-0.248543,0.040134,0.365758,0.10317,0.97296,0.206631,-0.99441,0.096745,0.041514,0.020288,-0.210986,0.977209,-0.024724,-0.007513,0.011844,-0.126026,-0.357529,-1.678863,0.537574,-0.004962,0.042751,0.005694,-0.210449,-0.952027,0.22216,0.975982,-0.21769,-0.008333,0.056295,0.215071,0.974974,-0.006489,-0.010424,0.00905,-0.877738,-0.497476,-5.656711,0.518323,0.11565,0.036114,-0.041167,-0.63287,0.27552,-0.723577,-0.514772,-0.847805,0.127417,-0.578346,0.453116,0.67838,9e-06,-0.000163,-8.2e-05,1.1e-05,1.6e-05,2e-05,-0.521243
