frame,MLTx,MLTy,MLTz,MLTR1,MLTR2,MLTR3,MLTR4,MLTR5,MLTR6,MLTR7,MLTR8,MLTR9,MLTTVx,MLTTVy,MLTTVz,MLTRVx,MLTRVy,MLTRVz,MLGA,MRTx,MRTy,MRTz,MRTR1,MRTR2,MRTR3,MRTR4,MRTR5,MRTR6,MRTR7,MRTR8,MRTR9,MRTTVx,MRTTVy,MRTTVz,MRTRVx,MRTRVy,MRTRVz,MRGA,SLTx,SLTy,SLTz,SLTR1,SLTR2,SLTR3,SLTR4,SLTR5,SLTR6,SLTR7,SLTR8,SLTR9,SLTTVx,SLTTVy,SLTTVz,SLTRVx,SLTRVy,SLTRVz,SLGA,SRTx,SRTy,SRTz,SRTR1,SRTR2,SRTR3,SRTR4,SRTR5,SRTR6,SRTR7,SRTR8,SRTR9,SRTTVx,SRTTVy,SRTTVz,SRTRVx,SRTRVy,SRTRVz,SRGA
1,0.172499,-0.017708,0.341434,-0.727618,0.346274,-0.592209,-0.479184,-0.874274,0.077458,-0.490031,0.339701,0.802807,0.0,3e-06,3e-06,0.0,-0.0,-0.0,0.512218,-0.19325,-0.05436,0.294307,0.144932,-0.758395,0.635471,0.808958,0.460526,0.365291,-0.569865,0.462065,0.679421,-0.016123,-0.001042,-0.000327,-0.00185,0.013542,-0.030814,0.285455,0.030593,0.026912,-0.009669,-0.098573,0.764266,0.637322,-0.813908,-0.43041,0.390255,0.572569,-0.480253,0.664469,-0.000379,0.004676,-0.005302,0.023936,-0.002345,0.021026,0.207745,0.0886,0.041813,-0.034284,0.776653,-0.24427,-0.580638,0.349703,0.933862,0.074888,0.523944,-0.261213,0.810709,1e-06,-6e-06,-1e-06,-0.000398,7.4e-05,0.000341,0.509774
2,0.172499,-0.017708,0.341434,-0.727618,0.346274,-0.592209,-0.479184,-0.874274,0.077458,-0.490031,0.339701,0.802807,0.0,0.0,0.0,0.0,-0.0,-0.0,0.512089,-0.193307,-0.054338,0.294181,0.151735,-0.75778,0.634617,0.807074,0.465537,0.363098,-0.570774,0.458025,0.681391,-0.000306,-0.003088,-0.004283,0.007488,0.00222,-0.032357,0.283489,0.030559,0.026925,-0.009728,-0.105513,0.763926,0.636617,-0.812342,-0.435462,0.387907,0.573556,-0.476222,0.666516,-0.000438,0.004059,-0.006161,0.023736,-0.002079,0.021236,0.205295,0.088599,0.041813,-0.034284,0.776651,-0.244275,-0.580638,0.349709,0.93386,0.074889,0.523942,-0.261217,0.810709,3e-06,-6e-06,-2e-06,-0.000247,7.1e-05,0.000359,0.509448
3,0.172499,-0.017715,0.341428,-0.727535,0.346351,-0.592266,-0.479263,-0.874236,0.077389,-0.490077,0.339719,0.802772,-3e-06,-5.1e-05,-4.6e-05,0.0,0.0,0.0,0.511956,-0.193391,-0.05425,0.293847,0.167651,-0.754954,0.633979,0.799716,0.480097,0.36041,-0.576672,0.447513,0.683406,-0.000351,-0.003525,-0.004897,0.089951,-0.114218,-0.070068,0.282052,0.030517,0.026964,-0.009893,-0.12099,0.761584,0.636671,-0.805421,-0.450216,0.385489,0.580222,-0.466148,0.667867,-0.000489,0.003524,-0.006905,0.194828,-0.18849,-0.119686,0.201213,0.088599,0.04181,-0.034287,0.776577,-0.244374,-0.580696,0.349807,0.933829,0.074821,0.523987,-0.261236,0.810674,1e-06,-3.5e-05,-3e-05,-0.000174,3.4e-05,0.00025,0.509121
4,0.17251,-0.017708,0.341433,-0.729543,0.342066,-0.592286,-0.474108,-0.877045,0.077364,-0.492096,0.336817,0.802759,4.2e-05,0.000803,0.000722,0.0,-0.0,-0.0,0.512271,-0.193469,-0.054197,0.293428,0.176887,-0.752478,0.634412,0.79427,0.489689,0.359545,-0.581435,0.441225,0.683459,-0.000458,-0.004583,-0.006381,-0.001737,0.013999,-0.025129,0.281772,0.030478,0.026991,-0.010103,-0.13062,0.759483,0.637278,-0.800399,-0.460101,0.384276,0.585063,-0.459883,0.667988,-0.000245,-0.002518,-0.003499,-0.002574,0.016227,-0.023067,0.19958,0.088605,0.041811,-0.034286,0.777962,-0.23984,-0.580732,0.344298,0.935882,0.074714,0.525578,-0.25807,0.810657,3e-05,0.000543,0.000489,-0.000224,5.2e-05,0.000316,0.509121
5,0.17251,-0.017708,0.341433,-0.729446,0.342157,-0.592353,-0.474201,-0.877002,0.077282,-0.49215,0.336837,0.802718,0.0,0.0,0.0,0.0,0.0,0.0,0.512021,-0.193531,-0.054235,0.293058,0.183947,-0.751144,0.633986,0.792189,0.495019,0.356828,-0.582093,0.437528,0.685274,-0.000513,-0.005119,-0.007145,0.144378,-0.172018,-0.139507,0.280332,0.030446,0.026974,-0.010293,-0.137008,0.758334,0.637305,-0.798454,-0.465317,0.382033,0.586258,-0.456517,0.669247,-0.000237,-0.002415,-0.003366,0.244663,-0.274854,-0.193338,0.19811,0.088605,0.041813,-0.034284,0.777876,-0.239955,-0.5808,0.34441,0.935847,0.074635,0.525631,-0.25809,0.810616,2e-06,-5e-06,-3e-06,-0.000142,2.8e-05,0.000216,0.508794
6,0.17251,-0.017708,0.341433,-0.731459,0.337832,-0.592353,-0.469,-0.879794,0.077282,-0.494136,0.333917,0.802718,0.0,0.0,0.0,3.273654,-0.427103,-4.43624,0.512181,-0.193565,-0.054284,0.29292,0.193086,-0.748504,0.63439,0.786204,0.50475,0.356432,-0.58724,0.430863,0.685106,-0.000434,-0.004324,-0.006041,-0.314781,-0.166448,-0.367836,0.280001,0.030429,0.026946,-0.010368,-0.146916,0.75615,0.637692,-0.793135,-0.475283,0.380843,0.591059,-0.449825,0.669556,-0.00021,-0.002128,-0.002966,-0.331854,-0.153259,-0.364831,0.197294,0.088605,0.041813,-0.034284,0.777875,-0.239959,-0.5808,0.344416,0.935845,0.074635,0.52563,-0.258093,0.810616,2e-06,-4e-06,-4e-06,-0.000113,2.1e-05,0.000164,0.508631
7,0.17252,-0.017709,0.341433,-0.731346,0.33794,-0.592431,-0.46911,-0.879744,0.077187,-0.494198,0.33394,0.80267,0.0,0.0,0.0,0.0,-0.0,-0.0,0.512189,-0.193617,-0.054429,0.292702,0.204462,-0.745927,0.633861,0.780747,0.514759,0.354106,-0.590677,0.423405,0.686798,-0.000321,-0.003193,-0.00447,0.021853,-0.03259,-0.021929,0.278672,0.030403,0.026873,-0.010477,-0.158561,0.753987,0.637465,-0.788108,-0.48557,0.378295,0.594764,-0.442408,0.671215,-0.00018,-0.001821,-0.002543,-0.003684,-0.00643,-0.046335,0.195171,0.08861,0.041813,-0.034285,0.779164,-0.235507,-0.580894,0.33898,0.937841,0.07446,0.527252,-0.254928,0.810565,3e-06,-3e-06,-2e-06,-0.000165,4e-05,0.000241,0.508631
8,0.172532,-0.017718,0.341451,-0.731338,0.337949,-0.592435,-0.469145,-0.879722,0.077222,-0.494177,0.333987,0.802663,0.000216,-0.010566,0.008873,-0.035705,0.011607,-0.019023,0.512244,-0.193636,-0.054506,0.292595,0.217907,-0.743614,0.632097,0.775914,0.524757,0.350031,-0.592256,0.415098,0.6905,-0.000107,-0.001057,-0.001481,0.331475,-0.423571,-0.260428,0.279007,0.030393,0.026832,-0.010534,-0.169831,0.751866,0.637066,-0.782939,-0.495529,0.376105,0.598466,-0.43491,0.672822,-5.3e-05,-0.000545,-0.000756,-0.013309,0.012323,0.006002,0.194028,0.088616,0.041808,-0.034275,0.779155,-0.235526,-0.580898,0.339028,0.937821,0.074495,0.527234,-0.254984,0.810559,0.00011,-0.005282,0.004437,-0.03581,0.011616,-0.01888,0.508305
9,0.172532,-0.017718,0.341451,-0.731338,0.337949,-0.592435,-0.469145,-0.879722,0.077222,-0.494177,0.333987,0.802663,0.0,2e-06,2e-06,0.0,0.0,0.0,0.511988,-0.193613,-0.054516,0.292579,0.224545,-0.742493,0.63109,0.773482,0.52962,0.348084,-0.592967,0.410894,0.692401,-1.8e-05,-0.000183,-0.000256,0.077668,-0.103897,-0.065807,0.278981,0.030405,0.026827,-0.010542,-0.178623,0.751272,0.63536,-0.781549,-0.500623,0.372232,0.597724,-0.430077,0.676578,-2e-06,-2.9e-05,-3.7e-05,0.081928,-0.157887,-0.118267,0.194028,0.088616,0.041808,-0.034275,0.779154,-0.235528,-0.580898,0.33903,0.937821,0.074495,0.527233,-0.254985,0.810559,1e-06,-5e-06,-5e-06,-8.4e-05,1.9e-05,0.000131,0.508305
10,0.172543,-0.017721,0.341476,-0.731317,0.337972,-0.592449,-0.469193,-0.879694,0.077244,-0.494163,0.334038,0.802651,9e-06,0.000163,0.000147,0.0,0.0,0.0,0.511671,-0.193574,-0.054525,0.292617,0.239942,-0.740388,0.627889,0.769186,0.539491,0.342398,-0.592547,0.401723,0.698119,0.000668,-0.010231,0.009418,0.144849,-0.220159,-0.160158,0.27825,0.030424,0.026827,-0.010524,-0.1936,0.749668,0.632863,-0.777581,-0.510594,0.366961,0.598236,-0.421059,0.681779,4.2e-05,0.000427,0.000602,0.280245,-0.336284,-0.198109,0.192885,0.088622,0.041807,-0.034263,0.779135,-0.235557,-0.580912,0.339085,0.937799,0.074518,0.527226,-0.255039,0.810547,5e-06,9.2e-05,8.1e-05,-7.5e-05,4e-06,9.6e-05,0.508305
11,0.172556,-0.017711,0.341512,-0.733255,0.333686,-0.592482,-0.464052,-0.882417,0.077244,-0.496134,0.331162,0.802626,1.8e-05,0.000352,0.000316,0.0,-0.0,-0.0,0.512033,-0.193472,-0.054525,0.2927,0.255154,-0.73824,0.624411,0.764776,0.549131,0.336909,-0.591921,0.392483,0.703882,6.1e-05,0.000609,0.000853,0.061097,-0.077937,-0.047906,0.278386,0.030476,0.026825,-0.010477,-0.209915,0.748145,0.629455,-0.773962,-0.520539,0.360585,0.597426,-0.411482,0.688304,3.5e-05,0.000371,0.000522,0.036034,-0.057626,-0.039862,0.191252,0.088628,0.041812,-0.034245,0.780453,-0.231026,-0.580963,0.333597,0.939771,0.074436,0.528776,-0.251902,0.810518,8e-06,0.000167,0.000149,-0.000226,3.4e-05,0.000173,0.507978
12,0.172557,-0.0177,0.341536,-0.733225,0.333716,-0.592503,-0.464096,-0.882395,0.077238,-0.496139,0.331191,0.802611,3.8e-05,0.000723,0.000649,0.0,-0.0,-0.0,0.512234,-0.193434,-0.054531,0.292724,0.263876,-0.737073,0.622161,0.762816,0.554135,0.333135,-0.590635,0.387599,0.707658,3.8e-05,0.000376,0.000526,0.073545,-0.144193,-0.111138,0.277698,0.030495,0.026823,-0.010464,-0.218532,0.747289,0.627536,-0.772278,-0.525551,0.356905,0.596514,-0.406637,0.691965,1.9e-05,0.000213,0.000301,0.009138,-0.186901,-0.192865,0.190762,0.088629,0.041817,-0.034233,0.780426,-0.231064,-0.580984,0.333648,0.939754,0.074433,0.528784,-0.251933,0.810503,2.3e-05,0.000443,0.000398,-0.00014,3e-05,0.000176,0.508141
13,0.172581,-0.017701,0.341603,-0.733164,0.33378,-0.592542,-0.464224,-0.882323,0.07729,-0.496109,0.331318,0.802578,6.6e-05,0.001267,0.001137,0.0,0.0,0.0,0.512178,-0.193405,-0.054512,0.292785,0.272493,-0.735978,0.619738,0.760867,0.558986,0.329469,-0.589246,0.38267,0.711488,4.7e-05,0.000466,0.000652,0.011452,-0.014587,-0.008965,0.270875,0.030509,0.026833,-0.010433,-0.227449,0.746466,0.625342,-0.770537,-0.530624,0.353142,0.595431,-0.401528,0.69587,2e-05,0.000214,0.000302,-0.02093,0.017167,0.007109,0.18472,0.088641,0.041815,-0.034201,0.780375,-0.231141,-0.581023,0.33379,0.939699,0.074486,0.52877,-0.252067,0.81047,4.1e-05,0.000802,0.000722,-8.6e-05,2.3e-05,0.000131,0.508305
14,0.172595,-0.017718,0.341684,-0.735105,0.329461,-0.592554,-0.459109,-0.884984,0.077415,-0.497987,0.32854,0.802557,6.3e-05,0.001204,0.001081,0.0,-0.0,-0.0,0.512781,-0.193411,-0.054485,0.292877,0.28127,-0.73448,0.61759,0.758719,0.564161,0.325579,-0.587902,0.377909,0.715135,0.000139,0.001393,0.001949,0.055323,-0.070471,-0.043305,0.265043,0.030506,0.026844,-0.01039,-0.236124,0.745287,0.623531,-0.768672,-0.535812,0.349352,0.594464,-0.396801,0.6994,8.5e-05,0.000871,0.001222,0.053481,-0.071318,-0.045047,0.178352,0.088648,0.041808,-0.03416,0.781689,-0.226581,-0.581052,0.328339,0.941614,0.074532,0.53024,-0.249044,0.810445,3.3e-05,0.00063,0.000566,-0.000164,1.6e-05,0.000208,0.508631
15,0.17262,-0.017721,0.341763,-0.735042,0.329528,-0.592595,-0.459254,-0.884903,0.077485,-0.497946,0.328691,0.80252,8.3e-05,0.001581,0.001418,0.0,0.0,0.0,0.512981,-0.1934,-0.054479,0.293029,0.292195,-0.731052,0.616585,0.752425,0.573594,0.323698,-0.590674,0.370255,0.716854,0.000197,0.001973,0.002758,0.125928,-0.172261,-0.07208,0.259814,0.030511,0.026847,-0.010315,-0.246625,0.74221,0.623136,-0.762599,-0.545409,0.347808,0.598012,-0.389425,0.70052,0.000356,-0.004875,0.005049,0.161219,-0.223887,-0.154797,0.170841,0.08866,0.041805,-0.034121,0.781635,-0.226664,-0.581093,0.328501,0.941552,0.074604,0.53022,-0.249203,0.810409,0.00015,-0.004459,0.005177,-0.03498,-0.002096,0.006458,0.508794
16,0.172621,-0.017703,0.341793,-0.734998,0.329572,-0.592626,-0.459311,-0.884875,0.077468,-0.497959,0.328723,0.802499,0.000101,0.001938,0.001737,0.000828,-0.013692,0.025346,0.51297,-0.193383,-0.054502,0.293102,0.29449,-0.730911,0.615659,0.75285,0.574155,0.32171,-0.588992,0.369662,0.718541,0.000133,0.001334,0.001864,0.147831,-0.188509,-0.115738,0.257051,0.03052,0.026837,-0.010276,-0.248854,0.742172,0.622295,-0.763111,-0.545905,0.345901,0.596433,-0.388802,0.70221,0.000384,-0.004609,0.005415,0.197458,-0.267837,-0.180863,0.167575,0.088661,0.041814,-0.034106,0.781596,-0.226716,-0.581124,0.328565,0.941531,0.074588,0.530236,-0.249235,0.810389,4.8e-05,0.000941,0.000844,0.00075,-0.013677,0.025467,0.509121
17,0.172634,-0.017665,0.34184,-0.736836,0.325315,-0.592696,-0.454178,-0.887526,0.077402,-0.499942,0.325812,0.802453,9.5e-05,0.001827,0.001637,0.000828,-0.013691,0.025346,0.513963,-0.193361,-0.054561,0.293249,0.301,-0.729184,0.614558,0.749826,0.579052,0.31999,-0.589568,0.365396,0.720248,0.00069,-0.010031,0.009694,-0.030717,0.004085,-0.022275,0.246758,0.030531,0.026812,-0.010205,-0.256177,0.740709,0.621066,-0.760503,-0.551038,0.343498,0.596663,-0.384326,0.704475,4.2e-05,0.000455,0.000637,-0.015156,0.013209,0.00559,0.158431,0.088667,0.041833,-0.034083,0.78283,-0.222214,-0.581203,0.323082,0.943437,0.074453,0.531784,-0.24606,0.810344,1.4e-05,0.000274,0.000245,-0.000242,4.6e-05,0.000184,0.509774
18,0.172636,-0.017639,0.341864,-0.736781,0.325369,-0.592735,-0.454233,-0.887502,0.077355,-0.499973,0.325823,0.802429,2.9e-05,0.000564,0.000505,0.0,0.0,0.0,0.514575,-0.19338,-0.054616,0.293317,0.309696,-0.727411,0.612334,0.747416,0.584229,0.316196,-0.588135,0.360643,0.723808,5.3e-05,0.000535,0.000747,0.03392,-0.043265,-0.026531,0.222517,0.030522,0.02678,-0.010169,-0.26499,0.739254,0.619098,-0.758416,-0.556287,0.33963,0.595469,-0.379535,0.708073,3e-05,0.000324,0.000454,0.01745,-0.02906,-0.020746,0.136876,0.088668,0.041848,-0.034068,0.78277,-0.222298,-0.581252,0.323163,0.943414,0.074397,0.531823,-0.246074,0.810315,1.3e-05,0.000266,0.000239,-0.000115,1.7e-05,0.000162,0.510264
19,0.172636,-0.017633,0.34187,-0.736767,0.325383,-0.592745,-0.454247,-0.887496,0.077343,-0.499981,0.325826,0.802423,1.4e-05,0.000266,0.000238,0.0,0.0,0.0,0.51447,-0.193379,-0.054619,0.29333,0.318377,-0.725547,0.610089,0.745053,0.589344,0.312256,-0.586507,0.35603,0.727403,4.6e-05,0.000462,0.000645,-0.832554,-0.745958,-1.345965,0.208349,0.030522,0.026778,-0.010162,-0.271665,0.738208,0.617451,-0.757157,-0.559976,0.33636,0.594063,-0.376131,0.711065,8e-05,0.000355,0.000336,-3.096858,-2.061186,-4.211069,0.119894,0.088668,0.041852,-0.034065,0.782757,-0.222317,-0.581261,0.323182,0.943408,0.074385,0.53183,-0.246078,0.810309,6e-06,0.000135,0.000122,-8.5e-05,2.1e-05,0.000133,0.510427
20,0.172646,-0.017639,0.341863,-0.736765,0.325385,-0.592745,-0.454249,-0.887495,0.077341,-0.499982,0.325826,0.802423,-3e-05,-0.000581,-0.000521,0.0,0.0,0.0,0.514553,-0.193328,-0.054588,0.29337,0.328854,-0.725715,0.604304,0.743269,0.593551,0.308514,-0.58299,0.348602,0.7338,5.9e-05,0.000593,0.000827,0.068059,-0.0871,-0.053612,0.176277,0.030548,0.026794,-0.010142,-0.284583,0.738261,0.61154,-0.754927,-0.565751,0.331675,0.590843,-0.36728,0.718337,3.5e-05,0.000354,0.000498,0.040467,-0.065372,-0.046608,0.081684,0.088673,0.04185,-0.034067,0.782755,-0.222321,-0.581262,0.323186,0.943407,0.074383,0.53183,-0.246079,0.810309,-2.4e-05,-0.000475,-0.000423,-6.6e-05,4.1e-05,0.00012,0.510264
21,0.172657,-0.017639,0.341863,-0.738663,0.321033,-0.592756,-0.449002,-0.890163,0.077328,-0.501911,0.322863,0.802416,-0.0,-0.0,-0.0,6e-06,-1e-06,-8e-06,0.514756,-0.193228,-0.054553,0.293413,0.341421,-0.724313,0.598994,0.7422,0.598684,0.301082,-0.577113,0.342674,0.741201,6.7e-05,0.000674,0.00094,0.063569,-0.162076,0.133235,0.144796,0.030598,0.026812,-0.01012,-0.297546,0.737193,0.60664,-0.754231,-0.571079,0.324042,0.585321,-0.36113,0.725936,0.008059,0.000402,3e-06,0.009152,-0.041257,0.005743,0.036453,0.088679,0.041848,-0.034069,0.784024,-0.217728,-0.581291,0.317596,0.945311,0.074286,0.533327,-0.242858,0.810297,1e-06,-1e-06,-0.0,-0.000357,9.9e-05,0.000106,0.510754
22,0.172668,-0.017633,0.341868,-0.738634,0.321063,-0.592776,-0.449032,-0.89015,0.077302,-0.501927,0.322868,0.802404,1e-06,2.7e-05,2.4e-05,0.0,-0.0,-0.0,0.514547,-0.193117,-0.05453,0.293454,0.349688,-0.724734,0.593693,0.744509,0.599552,0.293561,-0.569141,0.340251,0.748445,0.016162,0.001266,0.000643,0.043117,-0.0673,-0.002714,0.123513,0.030647,0.026821,-0.010102,-0.305889,0.737965,0.601531,-0.756792,-0.571823,0.316676,0.577665,-0.358366,0.7334,2.5e-05,0.000266,0.000368,0.006818,-0.023747,-0.022007,0.001508,0.088684,0.041851,-0.034067,0.783998,-0.21777,-0.581311,0.317639,0.945298,0.074263,0.53334,-0.242869,0.810284,1e-06,8e-06,8e-06,-0.000133,4e-06,0.000173,0.510754
23,0.172668,-0.017633,0.341868,-0.738539,0.321157,-0.592843,-0.449126,-0.890109,0.077221,-0.501981,0.322887,0.802362,0.0,0.0,0.0,0.0,0.0,0.0,0.514458,-0.193067,-0.054509,0.293479,0.353847,-0.724844,0.591089,0.745594,0.600074,0.289717,-0.56514,0.339093,0.751995,0.000107,0.001082,0.001508,0.075033,-0.095097,-0.058345,0.118234,0.030678,0.026833,-0.010088,-0.309969,0.738255,0.599081,-0.757998,-0.57225,0.312996,0.573895,-0.357083,0.736976,6.5e-05,0.000673,0.000937,0.0527,-0.077612,-0.053001,-0.010738,0.088684,0.041851,-0.034067,0.783917,-0.217881,-0.581378,0.317745,0.945269,0.074184,0.533396,-0.242884,0.810244,1e-06,-6e-06,-3e-06,-8.5e-05,2.9e-05,0.000134,0.510591
24,0.172668,-0.017633,0.341868,-0.738539,0.321157,-0.592843,-0.449126,-0.890109,0.077221,-0.501981,0.322887,0.802362,0.0,0.0,0.0,0.0,0.0,0.0,0.514055,-0.19296,-0.054494,0.293617,0.362218,-0.724853,0.585985,0.747499,0.601368,0.282021,-0.55727,0.336767,0.758881,0.000205,0.002087,0.002907,0.388949,-0.492586,-0.302121,0.111719,0.030732,0.026839,-0.010021,-0.316275,0.738537,0.595427,-0.759602,-0.573146,0.30742,0.568307,-0.355058,0.742266,0.008445,-0.00417,0.005459,0.005718,-0.075217,-0.003117,-0.025761,0.088684,0.041851,-0.034067,0.783917,-0.217882,-0.581378,0.317745,0.945269,0.074184,0.533396,-0.242884,0.810244,4e-06,-4e-06,-4e-06,-7e-05,3.7e-05,0.000141,0.510427
25,0.172679,-0.017633,0.341868,-0.738524,0.321173,-0.592854,-0.449142,-0.890102,0.077207,-0.50199,0.32289,0.802356,0.0,0.0,0.0,0.0,0.0,0.0,0.514363,-0.192871,-0.0545,0.293852,0.372758,-0.722606,0.582137,0.745143,0.606883,0.276385,-0.553474,0.331644,0.763899,0.0009,-0.007922,0.01262,0.178851,-0.261605,-0.185315,0.111383,0.030776,0.02684,-0.009907,-0.328135,0.736683,0.591291,-0.757907,-0.578932,0.300687,0.563828,-0.349478,0.748306,0.000167,0.001735,0.002412,0.345064,-0.42304,-0.211639,-0.031803,0.08869,0.041851,-0.034067,0.783904,-0.2179,-0.581389,0.317762,0.945264,0.07417,0.533405,-0.242886,0.810237,3e-06,-2e-06,-3e-06,-7.2e-05,3.2e-05,0.000138,0.510264
26,0.172679,-0.017633,0.341868,-0.738524,0.321173,-0.592854,-0.449142,-0.890102,0.077207,-0.50199,0.32289,0.802356,0.0,0.0,0.0,0.0,0.0,0.0,0.514703,-0.192837,-0.054512,0.293994,0.374798,-0.722635,0.58079,0.745508,0.60723,0.274634,-0.551603,0.330945,0.765554,0.000293,0.002994,0.004161,0.02772,-0.035089,-0.021494,0.110916,0.030793,0.02683,-0.009832,-0.331378,0.736761,0.589381,-0.758579,-0.579496,0.297894,0.561021,-0.348377,0.750924,0.000477,-0.003632,0.006765,-0.04732,0.000533,0.002374,-0.033436,0.08869,0.041851,-0.034067,0.783904,-0.2179,-0.581389,0.317762,0.945264,0.07417,0.533405,-0.242886,0.810237,3e-06,-2e-06,-3e-06,-7.2e-05,3.2e-05,0.000138,0.510264
27,0.172679,-0.017633,0.341868,-0.738524,0.321173,-0.592854,-0.449142,-0.890102,0.077207,-0.50199,0.32289,0.802356,0.0,0.0,0.0,0.0,0.0,0.0,0.514531,-0.192778,-0.054599,0.29433,0.380881,-0.724192,0.574863,0.746409,0.607673,0.271184,-0.546196,0.32669,0.771237,0.00091,-0.007807,0.01277,0.011717,-0.049643,-0.05512,0.10937,0.030823,0.026791,-0.009667,-0.337392,0.73856,0.583689,-0.759578,-0.57985,0.294641,0.556063,-0.343948,0.756632,0.000166,0.001764,0.002445,0.033749,-0.05704,-0.009177,-0.036538,0.08869,0.041851,-0.034067,0.783904,-0.2179,-0.581389,0.317762,0.945264,0.07417,0.533405,-0.242886,0.810237,3e-06,-2e-06,-3e-06,-7.2e-05,3.2e-05,0.000138,0.510427
28,0.172679,-0.017641,0.341874,-0.738535,0.321163,-0.592846,-0.449145,-0.890098,0.077237,-0.501972,0.322911,0.802359,0.0,0.0,0.0,0.0,0.0,0.0,0.514523,-0.192704,-0.054714,0.294698,0.385041,-0.724009,0.572317,0.746812,0.608687,0.267782,-0.542722,0.325202,0.774313,0.000274,0.002818,0.003902,0.09039,-0.114468,-0.069897,0.110714,0.03086,0.026734,-0.009483,-0.341159,0.738495,0.581579,-0.760005,-0.580792,0.29167,0.553174,-0.342497,0.759403,0.000435,-0.004059,0.006166,0.117118,-0.174499,-0.126412,-0.036701,0.08869,0.041847,-0.034064,0.783913,-0.217889,-0.581381,0.317765,0.945261,0.0742,0.53339,-0.242909,0.81024,4e-06,-3e-06,-4e-06,-7e-05,4e-05,0.000137,0.510427
29,0.17269,-0.017649,0.34188,-0.740419,0.31679,-0.592848,-0.443886,-0.892731,0.077253,-0.503865,0.319957,0.802355,0.0,0.0,0.0,0.0,-0.0,-0.0,0.514645,-0.192621,-0.054891,0.295015,0.385262,-0.723572,0.57272,0.746126,0.609363,0.268156,-0.543509,0.324906,0.773885,0.000197,0.00203,0.002809,0.001783,-0.013955,0.025149,0.111906,0.030901,0.026643,-0.009319,-0.341636,0.738024,0.581897,-0.759301,-0.581612,0.29187,0.553846,-0.342122,0.759082,0.000354,-0.004882,0.005022,-0.049811,0.109727,-0.189682,-0.035558,0.088695,0.041843,-0.034061,0.785163,-0.213284,-0.581402,0.312177,0.947127,0.074136,0.534849,-0.239709,0.810231,4e-06,-3e-06,-2e-06,-0.000154,3.7e-05,0.000208,0.510591
30,0.17269,-0.017649,0.34188,-0.740419,0.31679,-0.592848,-0.443886,-0.892731,0.077253,-0.503865,0.319957,0.802355,0.0,0.0,0.0,0.0,0.0,0.0,0.514464,-0.192539,-0.055016,0.295155,0.385382,-0.723332,0.572943,0.745743,0.609737,0.268371,-0.54395,0.324738,0.773646,0.000695,-0.010025,0.009686,-0.036407,0.011216,-0.01789,0.115389,0.030943,0.026586,-0.00925,-0.341711,0.737821,0.582111,-0.75896,-0.581948,0.292088,0.554267,-0.341989,0.758834,3.3e-05,0.000392,0.000542,0.000378,0.000607,0.000979,-0.034089,0.088695,0.041843,-0.034061,0.785162,-0.213289,-0.581401,0.312183,0.947124,0.074136,0.534848,-0.239712,0.810231,3e-06,-3e-06,-2e-06,-0.000107,1.8e-05,0.000165,0.510427
31,0.17269,-0.017658,0.341887,-0.742292,0.31239,-0.59284,-0.438595,-0.89534,0.077283,-0.505733,0.316989,0.802358,0.0,0.0,0.0,0.0,-0.0,-0.0,0.514546,-0.192315,-0.055242,0.295411,0.385612,-0.722866,0.573376,0.745027,0.610445,0.268747,-0.544767,0.324442,0.773194,0.000669,-0.010315,0.009283,-0.048567,0.107061,-0.191718,0.131222,0.031054,0.026469,-0.009119,-0.34192,0.737367,0.582563,-0.758261,-0.582671,0.292461,0.555094,-0.341736,0.758343,0.000324,-0.005209,0.004569,-0.048108,0.1073,-0.191145,-0.021026,0.088695,0.041839,-0.034057,0.786397,-0.208657,-0.581413,0.306565,0.948962,0.074085,0.53628,-0.236501,0.810228,4e-06,-3e-06,-1e-06,-0.000213,5.9e-05,0.000224,0.510264
32,0.172701,-0.017666,0.341893,-0.742288,0.312397,-0.592843,-0.438614,-0.895329,0.0773,-0.505723,0.317013,0.802355,0.0,0.0,0.0,0.0,0.0,0.0,0.514634,-0.192045,-0.055469,0.295643,0.385814,-0.72245,0.573764,0.744352,0.611097,0.269136,-0.545547,0.32414,0.772771,0.016714,-0.010177,0.008327,-0.034365,-0.004053,0.011322,0.143238,0.031183,0.026358,-0.009007,-0.342112,0.736962,0.582963,-0.757624,-0.583325,0.292808,0.555845,-0.341494,0.757902,2.7e-05,0.000328,0.000448,0.000294,0.000158,0.00039,-0.003717,0.088695,0.041835,-0.034054,0.786404,-0.208656,-0.581404,0.30658,0.948955,0.074115,0.536262,-0.236531,0.810231,3e-06,-3e-06,-1e-06,-9.7e-05,2.2e-05,0.000157,0.510427
33,0.172701,-0.017674,0.3419,-0.742298,0.312387,-0.592835,-0.438617,-0.895325,0.07733,-0.505705,0.317034,0.802358,0.0,0.0,0.0,0.0,0.0,0.0,0.514416,-0.191917,-0.055593,0.295745,0.385966,-0.722152,0.574037,0.743966,0.611508,0.26927,-0.545967,0.324028,0.772521,0.016038,7.5e-05,-0.001046,0.002045,-0.015205,0.029245,0.143945,0.031253,0.026293,-0.008952,-0.342254,0.736679,0.583236,-0.757243,-0.583744,0.292957,0.556277,-0.341386,0.757634,0.008011,-2e-06,-0.000584,0.00229,-0.015079,0.029556,0.001998,0.088701,0.04183,-0.034051,0.786399,-0.208664,-0.581407,0.306602,0.948946,0.074132,0.536255,-0.236558,0.810228,2e-06,-2e-06,-0.0,-7.8e-05,2.8e-05,0.000136,0.510264
34,0.172712,-0.017682,0.341906,-0.7422,0.312488,-0.592904,-0.438731,-0.895275,0.077264,-0.50575,0.317077,0.802313,0.0,0.0,0.0,0.0,0.0,0.0,0.514616,-0.191712,-0.055824,0.295906,0.386256,-0.721589,0.57455,0.743267,0.612267,0.269478,-0.546715,0.323849,0.772067,0.000627,-0.010825,0.008576,-0.036412,0.011108,-0.017947,0.138441,0.031356,0.02618,-0.008876,-0.342532,0.736144,0.583749,-0.756594,-0.584497,0.293133,0.556988,-0.341253,0.757171,-7e-06,-4.4e-05,-6.4e-05,0.000164,9.2e-05,0.000204,0.002978,0.088706,0.041826,-0.034048,0.786317,-0.208779,-0.581477,0.306724,0.948912,0.074068,0.536306,-0.236594,0.810184,2e-06,-2e-06,-1e-06,-6.7e-05,2.9e-05,0.000138,0.510591
35,0.172734,-0.01769,0.341911,-0.744018,0.30811,-0.592917,-0.433457,-0.89784,0.077267,-0.507617,0.314103,0.802303,0.0,0.0,0.0,0.088473,-0.011529,-0.119717,0.514758,-0.191534,-0.05602,0.296029,0.386431,-0.721238,0.574873,0.742752,0.612785,0.269721,-0.547292,0.323651,0.771742,0.00063,-0.010812,0.008592,-0.036413,0.011085,-0.017959,0.113883,0.031445,0.026082,-0.008816,-0.342703,0.735803,0.584078,-0.756096,-0.585026,0.293363,0.557559,-0.341083,0.756829,0.008016,-2e-06,-0.000584,0.002149,-0.015152,0.029386,-0.01629,0.088717,0.041822,-0.034045,0.787469,-0.204298,-0.581509,0.301274,0.950662,0.073989,0.537703,-0.233457,0.810167,2e-06,-1e-06,-1e-06,0.298144,-0.038892,-0.402879,0.510264
36,0.172744,-0.01769,0.341911,-0.744002,0.308127,-0.592928,-0.433473,-0.897833,0.077253,-0.507626,0.314106,0.802297,0.0,0.0,0.0,0.0,-0.0,-0.0,0.514157,-0.191482,-0.056098,0.296077,0.386564,-0.720986,0.575099,0.742489,0.613095,0.269741,-0.547555,0.323624,0.771566,-2e-06,-2.5e-05,-3.5e-05,0.0,-0.0,-0.0,0.097085,0.031471,0.026039,-0.008789,-0.342842,0.735547,0.584318,-0.755826,-0.585362,0.293389,0.557839,-0.341057,0.756633,0.000315,-0.005386,0.004321,-0.036333,0.011139,-0.017854,-0.034089,0.088722,0.041822,-0.034045,0.787489,-0.204194,-0.581519,0.301143,0.950704,0.073976,0.537748,-0.233376,0.810161,3e-06,-2e-06,-1e-06,-0.000213,6.5e-05,0.00022,0.510427
37,0.172755,-0.017699,0.341917,-0.743998,0.308133,-0.59293,-0.433492,-0.897823,0.077269,-0.507616,0.31413,0.802293,0.0,0.0,0.0,0.0,0.0,0.0,0.514511,-0.191402,-0.056213,0.296177,0.390881,-0.720533,0.572744,0.742945,0.614227,0.265882,-0.543862,0.32248,0.774651,4e-06,4e-05,5.5e-05,0.32882,-0.42216,-0.254492,0.050352,0.031511,0.025982,-0.008738,-0.345158,0.735273,0.583299,-0.755974,-0.586118,0.291491,0.556208,-0.340349,0.758151,0.0,2.4e-05,3.2e-05,-0.00453,0.004543,0.002033,-0.078994,0.088728,0.041818,-0.034042,0.787483,-0.20421,-0.581522,0.301175,0.950693,0.073993,0.537739,-0.233408,0.810158,3e-06,-3e-06,-1e-06,-0.0001,1.9e-05,0.000153,0.510427
38,0.172756,-0.0177,0.341929,-0.743995,0.308137,-0.592932,-0.433509,-0.897813,0.077288,-0.507606,0.314154,0.802291,2e-06,4.3e-05,3.9e-05,0.0,0.0,0.0,0.514541,-0.191374,-0.056391,0.296229,0.397277,-0.719949,0.569066,0.74372,0.615783,0.260048,-0.538142,0.320805,0.779327,-0.000119,-0.00128,-0.001771,0.227719,-0.292692,-0.176256,-0.040743,0.031525,0.025894,-0.00871,-0.352989,0.734955,0.578999,-0.757395,-0.587786,0.284359,0.549319,-0.338155,0.764133,0.000241,-0.006201,0.003198,0.322222,-0.424651,-0.265533,-0.165048,0.088728,0.041817,-0.034036,0.78748,-0.204218,-0.581523,0.301197,0.950684,0.074012,0.537731,-0.233436,0.810155,3e-06,2.4e-05,2.3e-05,-7.3e-05,1.5e-05,0.000112,0.510427
39,0.172746,-0.017696,0.341961,-0.745803,0.303731,-0.592934,-0.428217,-0.900346,0.077326,-0.509437,0.311191,0.802285,3.8e-05,0.000737,0.00066,6e-06,-1e-06,-8e-06,0.514265,-0.191368,-0.056676,0.296312,0.405232,-0.720054,0.563295,0.745119,0.617052,0.25294,-0.530222,0.318113,0.785832,0.000543,-0.011763,0.007274,0.090232,-0.151529,-0.115742,-0.157771,0.031528,0.025749,-0.008672,-0.362157,0.735324,0.572834,-0.759278,-0.589197,0.276299,0.540682,-0.334877,0.771698,0.000271,-0.00587,0.003655,0.060407,-0.123383,-0.104717,-0.278861,0.088723,0.041818,-0.034021,0.78865,-0.199586,-0.581546,0.295583,0.952448,0.073968,0.53913,-0.23023,0.810143,2e-05,0.000401,0.000359,-0.000349,9.7e-05,0.000123,0.510427
40,0.172747,-0.017691,0.341979,-0.745786,0.303749,-0.592946,-0.428248,-0.90033,0.077332,-0.509434,0.311218,0.802276,4.8e-05,0.00093,0.000833,0.0,-0.0,-0.0,0.514426,-0.191384,-0.056884,0.296414,0.408993,-0.721834,0.558276,0.745662,0.616938,0.251614,-0.52656,0.31427,0.789831,0.00052,-0.011994,0.006952,0.042986,-0.090812,-0.079157,-0.217233,0.03152,0.025645,-0.008621,-0.366195,0.737229,0.567796,-0.759855,-0.589126,0.274863,0.537141,-0.33079,0.775922,0.000258,-0.005998,0.003477,-0.00559,-0.038872,-0.061558,-0.331604,0.088724,0.04182,-0.034013,0.788636,-0.199609,-0.581556,0.29562,0.952436,0.073977,0.53913,-0.230261,0.810134,3.1e-05,0.000599,0.000538,-0.000182,2.8e-05,0.000197,0.510264
41,0.17275,-0.017684,0.34204,-0.745748,0.303792,-0.592972,-0.428343,-0.900281,0.077381,-0.50941,0.311319,0.802252,4.9e-05,0.000942,0.000843,0.0,0.0,0.0,0.514577,-0.191375,-0.057347,0.29671,0.415755,-0.729267,0.543424,0.746893,0.614628,0.253611,-0.519477,0.301341,0.7995,0.000618,-0.010945,0.008402,0.109502,-0.204524,-0.125661,-0.423827,0.031524,0.025413,-0.008474,-0.372592,0.744915,0.553422,-0.760778,-0.586692,0.277502,0.531404,-0.317637,0.785312,0.000312,-0.005417,0.00428,0.131473,-0.212324,-0.139536,-0.497997,0.088725,0.041825,-0.033981,0.788603,-0.199663,-0.581582,0.295729,0.952398,0.074028,0.539118,-0.230369,0.810111,3e-05,0.000583,0.000522,-0.000109,1.1e-05,0.000147,0.510264
42,0.172752,-0.017692,0.342102,-0.745734,0.303811,-0.59298,-0.428427,-0.900233,0.077472,-0.50936,0.311439,0.802238,1.6e-05,0.000314,0.000281,0.0,0.0,0.0,0.514974,-0.191403,-0.057876,0.297166,0.413272,-0.742871,0.526633,0.747039,0.607202,0.270505,-0.521242,0.282544,0.805195,0.000668,-0.010402,0.009153,-0.415639,-0.659948,0.606251,-0.626191,0.03151,0.025161,-0.008255,-0.370532,0.756608,0.538748,-0.760157,-0.58033,0.292195,0.533728,-0.301265,0.790171,0.000339,-0.005097,0.004723,-0.032278,0.023996,-0.023541,-0.697049,0.088726,0.041822,-0.033949,0.78859,-0.199689,-0.58159,0.295824,0.952362,0.07412,0.539084,-0.230498,0.810096,9e-06,0.000192,0.000173,-7.4e-05,1.3e-05,9.9e-05,0.510591
43,0.172753,-0.017688,0.342133,-0.745715,0.303832,-0.592993,-0.428475,-0.900208,0.077497,-0.509348,0.31149,0.802225,4e-06,8.6e-05,7.7e-05,0.0,0.0,0.0,0.51541,-0.191445,-0.058316,0.297587,0.407349,-0.751522,0.518915,0.746529,0.601214,0.284906,-0.526604,0.272261,0.805249,-0.015361,-0.009838,0.011094,-0.205261,0.157562,0.261847,-0.865474,0.031495,0.024932,-0.00804,-0.364987,0.76658,0.528336,-0.758937,-0.573676,0.308074,0.539257,-0.288531,0.79117,5.1e-05,0.000594,0.000825,-0.286678,0.349538,0.183262,-0.835846,0.088727,0.041824,-0.033933,0.788574,-0.199715,-0.581604,0.295877,0.952343,0.074145,0.539079,-0.230552,0.810085,1e-06,1.8e-05,1.5e-05,-4.5e-05,1.8e-05,8e-05,0.510917
44,0.172753,-0.017688,0.342133,-0.745623,0.303928,-0.59306,-0.428571,-0.90017,0.077416,-0.509403,0.311507,0.802184,0.0,1e-06,1e-06,0.0,0.0,0.0,0.51558,-0.191482,-0.058451,0.297757,0.404631,-0.754107,0.517289,0.74633,0.599109,0.289817,-0.528975,0.269735,0.804545,0.000182,0.001941,0.002687,-0.04126,0.040463,0.057517,-0.994763,0.031471,0.024859,-0.007953,-0.361217,0.769161,0.527174,-0.758341,-0.571291,0.313917,0.542623,-0.286386,0.789647,-0.007675,-0.004795,0.005718,-0.037755,-0.03107,0.151513,-0.825395,0.088727,0.041824,-0.033934,0.788497,-0.199824,-0.581671,0.295978,0.952318,0.074065,0.539136,-0.230562,0.810044,-1e-06,-2.2e-05,-2e-05,-4.7e-05,1.4e-05,7.7e-05,0.511244
45,0.172753,-0.017695,0.342127,-0.745636,0.303914,-0.59305,-0.428557,-0.900175,0.077428,-0.509395,0.311504,0.80219,-1.1e-05,-0.000219,-0.000196,0.0,0.0,0.0,0.516006,-0.191522,-0.058464,0.297884,0.393889,-0.757118,0.521167,0.744513,0.595223,0.302231,-0.53953,0.26991,0.797446,-0.000531,0.011841,-0.007159,-0.167278,0.244706,0.170097,-1.194729,0.031451,0.024852,-0.007882,-0.350879,0.771742,0.530374,-0.756134,-0.567613,0.325693,0.552399,-0.286755,0.782704,6.3e-05,0.000703,0.000972,-0.284326,0.347757,0.195289,-0.844173,0.088727,0.041821,-0.033937,0.788508,-0.199809,-0.581661,0.295964,0.952321,0.074077,0.539128,-0.230561,0.81005,-8e-06,-0.000175,-0.000155,-4.4e-05,1.2e-05,6.9e-05,0.511897
46,0.172753,-0.017695,0.342127,-0.745636,0.303914,-0.59305,-0.428557,-0.900175,0.077428,-0.509395,0.311504,0.80219,-0.0,-0.0,-0.0,0.0,0.0,0.0,0.516189,-0.191515,-0.058368,0.297804,0.382777,-0.76592,0.516566,0.74231,0.587755,0.321643,-0.550448,0.261285,0.792843,-4.3e-05,-0.000456,-0.00063,-0.154235,0.100232,0.13292,-1.322057,0.031454,0.024906,-0.007922,-0.338834,0.780214,0.525791,-0.752956,-0.559959,0.34569,0.564134,-0.278766,0.7772,-3.1e-05,-0.000336,-0.000464,-0.218998,-0.034924,0.244771,-0.862462,0.088727,0.04182,-0.033937,0.788508,-0.199809,-0.581661,0.295964,0.952321,0.074077,0.539128,-0.230561,0.81005,1e-06,1e-06,2e-06,-3.8e-05,2.1e-05,6.7e-05,0.512387
47,0.172753,-0.017695,0.342127,-0.745636,0.303914,-0.59305,-0.428557,-0.900175,0.077428,-0.509395,0.311504,0.80219,-0.0,-0.0,-0.0,0.0,0.0,0.0,0.516549,-0.191511,-0.058279,0.297697,0.380421,-0.767964,0.51527,0.737902,0.587817,0.331522,-0.557959,0.255055,0.789616,-0.000695,0.010095,-0.009575,-0.213624,0.29776,0.199648,-1.350588,0.031457,0.024946,-0.007974,-0.337293,0.782146,0.523908,-0.748494,-0.560338,0.35465,0.570954,-0.272521,0.77443,-3.6e-05,-0.000404,-0.000559,-0.351604,0.336405,0.399099,-0.860992,0.088727,0.04182,-0.033937,0.788508,-0.199809,-0.581661,0.295965,0.952321,0.074077,0.539128,-0.230561,0.81005,-0.0,0.0,2e-06,-3.9e-05,1.6e-05,6.7e-05,0.512387
48,0.172753,-0.017695,0.342127,-0.745636,0.303914,-0.59305,-0.428557,-0.900175,0.077428,-0.509395,0.311504,0.80219,-0.0,-0.0,-0.0,0.0,0.0,0.0,0.516405,-0.191491,-0.057921,0.297288,0.39786,-0.764635,0.506982,0.712094,0.605705,0.354932,-0.578974,0.220756,0.784805,-0.001375,0.02037,-0.018906,-1.577176,-0.618979,-0.443987,-1.367504,0.031467,0.02512,-0.008175,-0.35495,0.779485,0.516151,-0.723993,-0.578488,0.375745,0.591475,-0.240319,0.769677,-0.000277,0.004861,-0.005487,-4.031484,-3.819267,-2.453513,-0.889242,0.088727,0.04182,-0.033937,0.788508,-0.199809,-0.581661,0.295965,0.952321,0.074077,0.539128,-0.230561,0.81005,-0.0,0.0,2e-06,-3.9e-05,1.6e-05,6.7e-05,0.51255
49,0.172742,-0.017694,0.342128,-0.745559,0.303994,-0.593106,-0.428636,-0.900143,0.07736,-0.509441,0.311519,0.802155,-0.0,-0.0,-0.0,0.0,0.0,0.0,0.516177,-0.191512,-0.057378,0.296643,0.405848,-0.767323,0.496482,0.694471,0.611965,0.378342,-0.594648,0.192198,0.780588,-0.001561,0.018407,-0.021634,-0.610915,-0.26726,0.951129,-1.384145,0.031455,0.025402,-0.008503,-0.363286,0.782254,0.506064,-0.704531,-0.58608,0.400181,0.609638,-0.211158,0.764037,-0.000789,0.009085,-0.010965,-0.710661,-0.262355,1.021484,-0.888915,0.088721,0.04182,-0.033937,0.788444,-0.199899,-0.581717,0.296049,0.9523,0.074011,0.539176,-0.23057,0.810015,-1e-06,1e-06,2e-06,-3.9e-05,1.2e-05,6.6e-05,0.512877
