frame,MLTx,MLTy,MLTz,MLTR1,MLTR2,MLTR3,MLTR4,MLTR5,MLTR6,MLTR7,MLTR8,MLTR9,MLTTVx,MLTTVy,MLTTVz,MLTRVx,MLTRVy,MLTRVz,MLGA,MRTx,MRTy,MRTz,MRTR1,MRTR2,MRTR3,MRTR4,MRTR5,MRTR6,MRTR7,MRTR8,MRTR9,MRTTVx,MRTTVy,MRTTVz,MRTRVx,MRTRVy,MRTRVz,MRGA,SLTx,SLTy,SLTz,SLTR1,SLTR2,SLTR3,SLTR4,SLTR5,SLTR6,SLTR7,SLTR8,SLTR9,SLTTVx,SLTTVy,SLTTVz,SLTRVx,SLTRVy,SLTRVz,SLGA,SRTx,SRTy,SRTz,SRTR1,SRTR2,SRTR3,SRTR4,SRTR5,SRTR6,SRTR7,SRTR8,SRTR9,SRTTVx,SRTTVy,SRTTVz,SRTRVx,SRTRVy,SRTRVz,SRGA
263,0.161799,-0.041503,0.298455,-0.400243,0.35674,-0.844149,-0.74005,-0.669077,0.068069,-0.540028,0.65151,0.532852,-0.014894,-0.003359,0.018308,-0.026567,0.000818,-0.006755,-1.916079,-0.136913,-0.023168,0.295285,-0.51788,-0.381811,0.765515,0.77387,-0.590347,0.229239,0.365023,0.711598,0.600208,2e-06,-2.4e-05,-2.9e-05,-4.207827,-1.5701,-3.038052,-0.159649,0.057264,0.031428,-0.020317,0.52518,0.48328,0.700447,-0.790048,0.582768,0.190274,-0.316243,-0.653315,0.687872,-1.1e-05,1.5e-05,1.2e-05,-4.232953,-1.515494,-3.0166,-0.478076,0.08011,0.021915,-0.068317,0.40953,-0.360507,-0.838044,0.735465,0.673992,0.069467,0.539792,-0.644801,0.541161,-0.007406,-0.007065,0.013502,-0.036168,-0.1144,0.184804,-1.113334
264,0.161277,-0.041813,0.29931,-0.39815,0.360865,-0.843385,-0.739191,-0.670619,0.061956,-0.542744,0.647639,0.534808,-0.014902,-0.003492,0.018095,-0.008861,-0.015568,0.18943,-1.915727,-0.136646,-0.023099,0.295264,-0.512098,-0.414535,0.752269,0.800079,-0.548653,0.242463,0.312849,0.726551,0.611648,-0.0,4e-06,5e-06,-0.432162,-0.494261,0.199342,0.020597,0.057398,0.031463,-0.020327,0.516772,0.514401,0.684352,-0.814908,0.540586,0.20902,-0.262431,-0.6657,0.69855,0.007544,0.000829,-9.9e-05,-1.579562,-1.11056,-0.196458,-0.285067,0.079849,0.021769,-0.067896,0.407806,-0.364733,-0.837056,0.734502,0.675633,0.063447,0.542402,-0.640693,0.543424,-0.007466,-0.001778,0.009016,-0.006694,-0.000968,0.198882,-1.112844
265,0.160864,-0.042305,0.300098,-0.393338,0.362906,-0.844766,-0.738482,-0.671996,0.055102,-0.547201,0.645065,0.533376,-0.015111,-0.017276,0.022905,0.356571,-0.092121,-0.129531,-1.916177,-0.136265,-0.023021,0.295287,-0.514339,-0.433345,0.74004,0.811554,-0.524673,0.256966,0.277552,0.733285,0.620581,0.014969,0.002938,0.001363,0.029396,-0.225677,0.365816,0.101216,0.057583,0.031499,-0.020318,0.517849,0.531899,0.67001,-0.825026,0.517605,0.226751,-0.226193,-0.670199,0.706872,-6.8e-05,0.000753,0.000913,0.026066,-0.110515,0.188179,-0.114428,0.079644,0.021526,-0.067489,0.402669,-0.36715,-0.838484,0.734309,0.676464,0.056435,0.546485,-0.638432,0.541993,-0.007604,-0.009007,0.010997,1.341189,-0.167543,-0.795171,-1.104517
266,0.160719,-0.04259,0.300441,-0.391134,0.36622,-0.844359,-0.740143,-0.670413,0.05202,-0.546539,0.644836,0.53433,0.0003,-0.008588,0.011454,0.025352,0.10216,0.260422,-1.915973,-0.136074,-0.022986,0.295317,-0.517226,-0.439947,0.734109,0.814148,-0.517198,0.263822,0.264244,0.734672,0.624736,0.014952,0.003097,0.001553,0.012593,-0.125094,0.201254,0.11992,0.057679,0.031517,-0.020302,0.520436,0.537857,0.663215,-0.826976,0.510975,0.234549,-0.212733,-0.670531,0.710725,-8.6e-05,0.000922,0.001118,0.012557,-0.112289,0.176601,-0.06887,0.079565,0.021378,-0.067307,0.400524,-0.369788,-0.838353,0.735666,0.675217,0.053635,0.546236,-0.638231,0.542481,0.000128,-0.004401,0.005595,0.039881,0.142303,0.281331,-1.101414
267,0.160501,-0.043108,0.300926,-0.388661,0.365303,-0.845897,-0.738807,-0.672102,0.049145,-0.5501,0.643598,0.532164,-0.015591,-0.01034,0.009337,-0.0366,0.027503,-0.04796,-1.916223,-0.13562,-0.022826,0.295492,-0.510651,-0.454784,0.729656,0.825514,-0.496334,0.268538,0.24065,0.740032,0.627935,0.01459,0.006812,0.006056,-4.014698,-1.619679,-3.24844,0.150604,0.057906,0.031592,-0.020222,0.515895,0.548862,0.657724,-0.834525,0.495372,0.24119,-0.193438,-0.673317,0.713599,0.007301,0.003317,0.002911,0.021912,-0.133989,0.223236,-0.013841,0.079462,0.021123,-0.067068,0.398037,-0.36919,-0.8398,0.734397,0.676835,0.050532,0.549751,-0.636861,0.540537,1.5e-05,-0.005556,0.004125,-0.03159,-0.088594,0.152979,-1.099454
268,0.160373,-0.043434,0.301167,-0.388165,0.363812,-0.846767,-0.736331,-0.674932,0.047494,-0.553755,0.641481,0.530928,5e-05,-0.011086,0.008275,4.644049,-0.249742,-2.952622,-1.915865,-0.135041,-0.022541,0.295781,-0.507276,-0.466457,0.724624,0.83203,-0.483886,0.271136,0.224782,0.741026,0.632628,0.014454,0.007992,0.00746,0.004502,-0.031217,0.053095,0.185291,0.058195,0.031736,-0.020074,0.509217,0.56271,0.651195,-0.843072,0.478235,0.246008,-0.172993,-0.674276,0.71793,0.00722,0.004037,0.003771,-0.001034,-0.005038,0.033,0.030084,0.079392,0.020957,-0.066951,0.395406,-0.369986,-0.840692,0.735926,0.67529,0.048938,0.549604,-0.638038,0.539296,-1.9e-05,-0.00014,-0.000178,-0.000177,-3.8e-05,8.1e-05,-1.104517
269,0.160325,-0.043476,0.301181,-0.387538,0.363996,-0.846975,-0.73661,-0.674659,0.047036,-0.553824,0.641663,0.530636,-1e-06,-1.4e-05,-1.8e-05,0.0,0.0,0.0,-1.915829,-0.134249,-0.022313,0.296276,-0.519706,-0.468741,0.714268,0.827014,-0.485531,0.28327,0.214655,0.738506,0.639059,0.030662,0.000413,0.017557,-0.311352,-0.584535,0.619617,0.233936,0.058597,0.031854,-0.019823,0.52123,0.564175,0.640331,-0.837722,0.481468,0.257701,-0.16291,-0.670741,0.723578,0.015319,0.000287,0.008862,-0.341397,-0.638428,0.66966,0.088216,0.079368,0.020931,-0.066942,0.396951,-0.367861,-0.840896,0.732205,0.679359,0.048448,0.553448,-0.634941,0.539021,-2e-06,-5e-06,-5e-06,-0.000244,2.1e-05,0.000161,-1.106476
270,0.160336,-0.043457,0.301155,-0.387625,0.363968,-0.846947,-0.736535,-0.674739,0.047067,-0.553862,0.641595,0.530678,-7.8e-05,-0.000784,-0.000998,0.0,0.0,0.0,-1.916164,-0.133763,-0.022232,0.296607,-0.527427,-0.470095,0.707689,0.823745,-0.486607,0.290846,0.208288,0.736936,0.642966,0.030552,0.001312,0.018606,-0.114557,-0.201586,0.230351,0.268152,0.058822,0.031894,-0.019672,0.528201,0.564997,0.633861,-0.834478,0.483426,0.264472,-0.156999,-0.668638,0.726824,0.014545,0.0066,0.005706,-0.921715,-1.877958,1.953259,0.12267,0.079373,0.020942,-0.066953,0.397035,-0.367834,-0.840868,0.732133,0.679434,0.048478,0.553483,-0.634875,0.539063,-5.3e-05,-0.000528,-0.000671,-0.000208,1e-06,0.00011,-1.107456
271,0.160403,-0.043421,0.301066,-0.387465,0.364012,-0.847001,-0.736474,-0.674822,0.046826,-0.554056,0.641482,0.530612,-9.7e-05,-0.000976,-0.001243,0.0,0.0,0.0,-1.916321,-0.132696,-0.022203,0.297418,-0.548488,-0.473643,0.689068,0.814188,-0.489887,0.311515,0.190692,0.732479,0.653433,0.030361,0.002788,0.020296,-0.037923,-0.052236,0.078556,0.33528,0.059351,0.03191,-0.019271,0.549028,0.567374,0.613721,-0.824202,0.489446,0.284838,-0.138774,-0.662214,0.736351,0.015172,0.001391,0.010127,-0.10021,-0.308041,0.401323,0.210847,0.079401,0.020961,-0.066997,0.396896,-0.367874,-0.840916,0.73207,0.679517,0.048255,0.553666,-0.634762,0.539007,-9.8e-05,0.004792,-0.005091,0.034731,0.001564,-0.006491,-1.107945
272,0.16046,-0.043442,0.301022,-0.387573,0.363986,-0.846963,-0.736422,-0.674873,0.046897,-0.554049,0.641444,0.530667,-0.000148,-0.001493,-0.001901,-0.000772,0.014283,-0.025019,-1.916335,-0.131469,-0.022356,0.298405,-0.571057,-0.476452,0.66849,0.802553,-0.494924,0.333005,0.172894,0.727253,0.664134,0.03176,-0.008639,0.027928,-0.05525,-0.138187,0.21726,0.393439,0.059963,0.031841,-0.018777,0.570597,0.568749,0.592404,-0.812261,0.497175,0.305038,-0.121039,-0.655241,0.745659,0.015184,0.001087,0.009715,-0.038589,-0.187276,0.279524,0.300167,0.079435,0.020951,-0.067019,0.396959,-0.367863,-0.840891,0.732036,0.679551,0.04829,0.553665,-0.634733,0.539043,-2.9e-05,-0.000285,-0.000365,-9.4e-05,-4e-06,5.7e-05,-1.108925
273,0.160505,-0.043468,0.301005,-0.387422,0.364037,-0.847011,-0.736492,-0.674806,0.046783,-0.554062,0.641486,0.530601,0.015578,-0.001488,-0.002008,0.000984,-0.014715,0.029553,-1.915785,-0.130887,-0.022505,0.298912,-0.575739,-0.476236,0.664617,0.799741,-0.496766,0.337005,0.170374,0.726137,0.666004,0.031866,-0.009654,0.026674,-0.052999,-0.13361,0.212847,0.402857,0.060254,0.031769,-0.01852,0.575252,0.568251,0.588367,-0.809341,0.499653,0.30873,-0.118543,-0.653787,0.747335,0.015888,-0.004547,0.013653,-0.051649,-0.132104,0.212239,0.331355,0.079452,0.020936,-0.067029,0.396985,-0.367861,-0.84088,0.732043,0.679541,0.048324,0.553636,-0.634745,0.539058,-7.1e-05,-0.000718,-0.000914,-7.1e-05,6e-06,5.9e-05,-1.108925
274,0.160515,-0.043498,0.300983,-0.38763,0.363978,-0.846941,-0.736434,-0.674856,0.046966,-0.553994,0.641466,0.530697,-8.9e-05,-0.0009,-0.001147,0.0,0.0,0.0,-1.916687,-0.12987,-0.022827,0.299936,-0.579218,-0.479398,0.659299,0.798972,-0.493925,0.342951,0.161948,0.725998,0.668254,0.01675,-0.010639,0.027711,-0.068799,-0.014459,0.014629,0.397798,0.060768,0.031606,-0.018012,0.578657,0.570902,0.582431,-0.808118,0.497685,0.315047,-0.110007,-0.652977,0.749345,0.007675,5e-06,0.009506,-0.017887,-0.12572,0.203544,0.350624,0.079463,0.020921,-0.06704,0.397034,-0.367851,-0.840861,0.732043,0.679538,0.048376,0.553602,-0.634754,0.539082,-5.8e-05,-0.000598,-0.000762,-0.00082,0.014302,-0.02498,-1.109415
275,0.160516,-0.043487,0.300997,-0.38759,0.36399,-0.846954,-0.736448,-0.674843,0.046934,-0.554003,0.641473,0.530679,-0.015654,0.000732,0.001044,-0.000984,0.014715,-0.029553,-1.916137,-0.129019,-0.023099,0.300959,-0.574289,-0.486296,0.658558,0.804631,-0.483134,0.345087,0.151065,0.728677,0.667886,0.016602,-0.009442,0.02907,-0.066795,-0.029568,0.039095,0.37431,0.061194,0.031468,-0.017503,0.573429,0.577479,0.581116,-0.813246,0.486986,0.31855,-0.099039,-0.655257,0.748885,0.008302,-0.004871,0.014345,-0.066014,-0.029195,0.039292,0.333478,0.079469,0.020924,-0.067036,0.396971,-0.367872,-0.840882,0.732067,0.679516,0.048325,0.553615,-0.634766,0.539055,1.7e-05,0.000164,0.000208,-3.7e-05,6e-06,2.1e-05,-1.109578
276,0.160494,-0.043473,0.301032,-0.387572,0.363994,-0.846961,-0.736469,-0.674821,0.046933,-0.553988,0.641494,0.530668,-0.015558,0.001688,0.002261,-0.000213,0.000434,-0.004533,-1.916095,-0.128062,-0.023306,0.302024,-0.574829,-0.48637,0.658033,0.804648,-0.481705,0.347038,0.148897,0.729574,0.667394,0.031396,-0.005991,0.030775,-0.064736,-0.044875,0.068289,0.368203,0.061679,0.031359,-0.016962,0.57397,0.577504,0.580557,-0.813131,0.485774,0.320686,-0.096822,-0.656134,0.748406,0.008211,-0.004154,0.015154,-0.066472,-0.029493,0.03937,0.316496,0.079458,0.02093,-0.06702,0.396972,-0.367871,-0.840882,0.732082,0.679498,0.04834,0.553595,-0.634785,0.539054,2e-06,3.2e-05,4e-05,-2.7e-05,-8e-06,1.4e-05,-1.109252
277,0.160472,-0.043478,0.30106,-0.387608,0.363983,-0.846948,-0.736485,-0.674799,0.046991,-0.553941,0.641523,0.530682,0.000106,0.00107,0.001363,0.0,0.0,0.0,-1.916196,-0.127581,-0.023391,0.302584,-0.575499,-0.486393,0.65743,0.804393,-0.481225,0.348293,0.147674,0.729876,0.667336,0.014892,0.003616,0.023138,-0.030381,-0.037339,0.058731,0.369234,0.061926,0.031313,-0.016679,0.574632,0.57748,0.579925,-0.812812,0.48544,0.321999,-0.09557,-0.656401,0.748332,0.01567,-0.002959,0.01539,-0.064481,-0.044766,0.068521,0.314047,0.079441,0.020928,-0.067005,0.397011,-0.367858,-0.84087,0.732097,0.679478,0.048401,0.553548,-0.634815,0.539068,-0.007777,0.000884,0.00118,-0.000236,0.00043,-0.004523,-1.109578
278,0.160474,-0.043486,0.3011,-0.387595,0.363991,-0.846951,-0.736534,-0.674743,0.04702,-0.553885,0.641578,0.530676,1.2e-05,0.000121,0.000154,0.0,0.0,0.0,-1.915929,-0.12688,-0.023567,0.303687,-0.572972,-0.489913,0.657024,0.807339,-0.474954,0.350081,0.141253,0.731633,0.666801,0.016332,-0.007539,0.031117,-0.066764,-0.029789,0.038983,0.367639,0.062275,0.031231,-0.016128,0.571966,0.580828,0.579217,-0.815421,0.479325,0.324555,-0.089123,-0.65794,0.747777,0.007442,0.001591,0.011259,-0.032097,-0.022364,0.034338,0.313067,0.079442,0.020927,-0.066982,0.396998,-0.367866,-0.840872,0.732147,0.679422,0.048431,0.553491,-0.634869,0.539061,3e-06,4e-05,4.9e-05,-2.1e-05,-8e-06,6e-06,-1.109415
279,0.160475,-0.043486,0.301133,-0.387567,0.364002,-0.846959,-0.736574,-0.674699,0.047023,-0.553852,0.641617,0.530662,5e-06,5.4e-05,6.8e-05,0.0,0.0,0.0,-1.916126,-0.126415,-0.023697,0.304826,-0.56652,-0.499058,0.655734,0.813667,-0.464203,0.34985,0.130497,0.732364,0.66819,0.0162,-0.006625,0.032097,0.011688,-0.147951,-0.038149,0.36177,0.062508,0.031165,-0.015559,0.565261,0.589315,0.577223,-0.821176,0.468505,0.32584,-0.07841,-0.658187,0.748759,-0.000117,0.001156,0.011862,0.079301,-0.166965,-0.096666,0.306862,0.079443,0.020927,-0.066965,0.396969,-0.367878,-0.840881,0.732187,0.679379,0.048435,0.553458,-0.63491,0.539048,-0.0,4e-06,5e-06,-1.7e-05,2e-06,-4e-06,-1.109089
280,0.160523,-0.043482,0.301137,-0.387458,0.364039,-0.846993,-0.736613,-0.674663,0.04693,-0.553876,0.641635,0.530616,0.0,3e-06,4e-06,0.0,0.0,0.0,-1.915981,-0.126142,-0.023845,0.305941,-0.56117,-0.505899,0.655091,0.819005,-0.453286,0.351705,0.119708,0.734515,0.667848,0.016296,-0.007524,0.030972,-0.06674,-0.029865,0.038943,0.36131,0.062644,0.031094,-0.014998,0.559432,0.596076,0.575958,-0.826129,0.457501,0.328944,-0.067426,-0.659837,0.748376,-4.1e-05,0.000508,0.011074,-0.034963,-0.005081,0.005438,0.303596,0.079467,0.020928,-0.066964,0.396861,-0.367916,-0.840915,0.732228,0.679342,0.048343,0.553483,-0.634927,0.539002,-3e-06,-1.1e-05,-1.6e-05,-1.5e-05,-2.2e-05,1.1e-05,-1.109415
281,0.160558,-0.043481,0.301122,-0.387394,0.36406,-0.847013,-0.736622,-0.674658,0.046863,-0.553909,0.641627,0.53059,-7e-06,-6.8e-05,-8.7e-05,0.0,0.0,0.0,-1.916537,-0.126119,-0.023924,0.30646,-0.561152,-0.505994,0.655033,0.819147,-0.452518,0.352363,0.118812,0.734924,0.667559,-9.9e-05,0.00144,0.022606,-0.032436,-0.021997,0.029576,0.357913,0.062662,0.031051,-0.014736,0.559423,0.596145,0.575896,-0.826209,0.456799,0.329715,-0.066511,-0.660261,0.748084,-3.3e-05,0.000452,0.010994,-0.034139,-0.006812,0.005375,0.30229,0.079484,0.020929,-0.066971,0.396798,-0.367937,-0.840936,0.732237,0.679337,0.048276,0.553516,-0.63492,0.538976,-6e-06,-5.4e-05,-7.1e-05,-1.8e-05,0.0,1e-06,-1.109252
282,0.160628,-0.04348,0.301105,-0.387264,0.364105,-0.847053,-0.736654,-0.674631,0.046739,-0.553957,0.64163,0.530537,-1e-06,-1e-05,-1.2e-05,0.0,0.0,0.0,-1.916644,-0.126168,-0.024048,0.307488,-0.552194,-0.516071,0.654785,0.827199,-0.436534,0.353714,0.103975,0.737595,0.667088,0.001251,-0.008698,0.031777,-0.068806,-0.014599,0.009734,0.338808,0.062637,0.03099,-0.014228,0.550065,0.605781,0.574853,-0.833526,0.440775,0.333094,-0.051599,-0.662379,0.747389,-9.3e-05,0.000941,0.011523,-0.030723,-0.021232,0.029125,0.286287,0.079519,0.020929,-0.06698,0.396668,-0.367983,-0.840977,0.73227,0.679309,0.048151,0.553565,-0.634923,0.538923,0.0,1e-06,-1e-06,-7e-06,8e-06,1.6e-05,-1.109252
283,0.160677,-0.043463,0.301144,-0.387091,0.364162,-0.847108,-0.736731,-0.674556,0.046607,-0.553976,0.641676,0.530461,0.0001,0.001012,0.001288,0.0,0.0,0.0,-1.915901,-0.126224,-0.024298,0.308577,-0.543982,-0.52719,0.652798,0.833881,-0.425586,0.351358,0.09326,0.73614,0.670271,0.001413,-0.00999,0.03023,0.08217,-0.242185,-0.136232,0.332025,0.062609,0.030869,-0.01368,0.541785,0.615526,0.57236,-0.839518,0.429461,0.332823,-0.040945,-0.660825,0.749421,-0.006732,-0.006301,0.014746,0.195789,-0.341027,-0.252248,0.271428,0.079544,0.020936,-0.066963,0.396495,-0.368041,-0.841032,0.732349,0.679233,0.048021,0.553584,-0.634969,0.538848,5.5e-05,0.000559,0.000709,-6e-06,4e-06,1e-05,-1.109089
284,0.160679,-0.043441,0.301172,-0.387012,0.364185,-0.847134,-0.736759,-0.674531,0.046542,-0.553994,0.64169,0.530425,0.000104,0.001056,0.001343,0.0,0.0,0.0,-1.916638,-0.126263,-0.024427,0.309109,-0.541183,-0.528912,0.653731,0.8356,-0.424772,0.348247,0.094162,0.735377,0.670983,0.00146,-0.01036,0.029778,0.283279,0.425783,-0.614543,0.324606,0.062589,0.030804,-0.013422,0.540354,0.618353,0.570662,-0.840483,0.428934,0.331063,-0.040062,-0.658524,0.751492,-0.006729,-0.006296,0.014738,0.02867,-0.148282,-0.114389,0.265876,0.079545,0.020947,-0.066949,0.396417,-0.368065,-0.841059,0.732378,0.679207,0.047956,0.553602,-0.634984,0.538812,7.8e-05,0.000798,0.001015,-4e-06,-0.0,9e-06,-1.109905
285,0.160676,-0.04337,0.301295,-0.386886,0.364223,-0.847175,-0.736833,-0.674455,0.046466,-0.553984,0.641748,0.530366,0.00032,0.003248,0.004128,0.000773,-0.014276,0.025024,-1.916184,-0.126256,-0.024726,0.310145,-0.537934,-0.537867,0.64909,0.837928,-0.424734,0.342655,0.092051,0.728882,0.678323,0.001563,-0.011193,0.028781,0.165949,-0.436732,-0.057931,0.30654,0.062593,0.030656,-0.012895,0.535143,0.625506,0.56777,-0.843815,0.427591,0.324253,-0.039951,-0.652615,0.756634,0.00074,-0.005408,0.014603,0.281263,-0.499412,-0.278203,0.243668,0.079543,0.020979,-0.066891,0.39631,-0.368099,-0.841094,0.732446,0.679138,0.047897,0.553588,-0.635038,0.538762,0.000132,0.001358,0.001726,-5e-06,-4e-06,3e-06,-1.109905
286,0.160692,-0.043237,0.301515,-0.386359,0.364381,-0.847348,-0.737062,-0.674231,0.046073,-0.554047,0.641893,0.530124,0.000468,0.004756,0.006034,0.000773,-0.014274,0.025025,-1.916519,-0.126241,-0.025084,0.311142,-0.526329,-0.548768,0.649479,0.844649,-0.424603,0.325906,0.097572,0.720795,0.686147,0.000218,-0.001061,0.019486,0.618416,-0.078268,-0.662745,0.290046,0.062601,0.030471,-0.012387,0.523376,0.635851,0.567248,-0.850891,0.425467,0.308159,-0.045402,-0.643949,0.763719,0.000102,-0.000626,0.009632,0.757041,-0.127824,-0.755857,0.221624,0.079551,0.021047,-0.066779,0.395766,-0.368267,-0.841277,0.732687,0.678906,0.047492,0.553658,-0.635189,0.538513,0.000238,0.002444,0.003099,0.000777,-0.014271,0.02503,-1.110395
287,0.160725,-0.04314,0.301637,-0.385958,0.364501,-0.847479,-0.737203,-0.6741,0.045743,-0.55414,0.641963,0.529943,0.000519,0.005287,0.006699,0.000773,-0.014274,0.025025,-1.916423,-0.126236,-0.025284,0.311634,-0.523025,-0.554739,0.647071,0.846613,-0.425228,0.319941,0.098312,0.715843,0.691207,0.001764,-0.012804,0.026903,0.208187,-0.417707,-0.278844,0.286272,0.062602,0.030378,-0.012157,0.519646,0.641062,0.564806,-0.853121,0.425214,0.302286,-0.04638,-0.63893,0.767865,0.000845,-0.006251,0.013622,0.264723,-0.636614,-0.156298,0.21199,0.079567,0.021094,-0.06672,0.395387,-0.368385,-0.841404,0.732825,0.678779,0.04718,0.553747,-0.635256,0.538342,0.008069,0.002241,0.002782,0.001756,-0.028976,0.054569,-1.110232
288,0.160839,-0.042964,0.301927,-0.385069,0.364776,-0.847765,-0.737576,-0.673738,0.045061,-0.554263,0.642186,0.529543,0.000589,0.006028,0.007619,0.000773,-0.014271,0.025026,-1.916481,-0.126274,-0.025768,0.312482,-0.515583,-0.56596,0.643316,0.85076,-0.426863,0.306482,0.101786,0.706026,0.700736,0.002313,-0.017235,0.021907,0.314873,-0.639615,-0.216869,0.285968,0.062583,0.030142,-0.011718,0.511766,0.651264,0.560311,-0.857678,0.425121,0.28924,-0.049828,-0.62859,0.776138,-0.006337,-0.009369,0.01121,-0.027104,-0.168814,0.065194,0.204642,0.079624,0.021183,-0.066575,0.394502,-0.368667,-0.841695,0.733205,0.678415,0.046503,0.553875,-0.635481,0.537944,0.000321,-0.002516,0.007963,-0.034841,-0.001573,0.006596,-1.109252
289,0.161087,-0.04275,0.302278,-0.383906,0.365146,-0.848133,-0.738061,-0.673267,0.044159,-0.554425,0.64247,0.529029,0.016332,0.006695,0.008306,0.001759,-0.028982,0.054581,-1.91617,-0.126458,-0.026266,0.313043,-0.508923,-0.572178,0.643118,0.854059,-0.428508,0.294786,0.107537,0.699994,0.705909,-0.013667,-0.011265,0.010178,0.309599,-0.258173,-0.252725,0.284415,0.062491,0.029885,-0.011431,0.504398,0.658073,0.559036,-0.861683,0.425268,0.276857,-0.055548,-0.621358,0.781554,-0.006825,-0.005798,0.004905,0.39124,-0.323077,-0.291863,0.202519,0.079742,0.021286,-0.066403,0.393387,-0.369032,-0.842058,0.733685,0.677954,0.045644,0.554033,-0.635761,0.537452,0.00035,0.003662,0.004611,0.000786,-0.014265,0.025034,-1.110885
290,0.16142,-0.042522,0.302678,-0.382361,0.365637,-0.848619,-0.738708,-0.672633,0.042964,-0.554632,0.642853,0.528347,0.016416,0.007803,0.009659,0.00176,-0.028978,0.054584,-1.916368,-0.126632,-0.026679,0.313386,-0.508181,-0.577889,0.638583,0.854455,-0.430739,0.290352,0.107896,0.693909,0.711837,0.001428,-0.010852,0.00845,0.10607,-0.278639,0.035157,0.282452,0.062404,0.029681,-0.011265,0.502934,0.663671,0.553712,-0.862503,0.426924,0.271703,-0.056072,-0.614228,0.787134,-0.007455,-0.001057,-8.9e-05,0.166049,-0.225187,-0.172105,0.199743,0.079909,0.021403,-0.0662,0.391828,-0.369542,-0.84256,0.734353,0.67731,0.044443,0.554251,-0.636151,0.536764,0.000409,0.004341,0.005449,0.000787,-0.01426,0.025025,-1.108599
291,0.161612,-0.042396,0.302901,-0.381491,0.365914,-0.848892,-0.739073,-0.672276,0.042293,-0.554747,0.64307,0.527963,0.000937,-0.001907,0.019782,-0.034083,-0.015872,0.031583,-1.916713,-0.126746,-0.026849,0.313494,-0.507824,-0.580001,0.636951,0.854718,-0.431054,0.289111,0.1075,0.69195,0.713801,-0.01487,-0.002342,-0.000439,0.059139,-0.07333,-0.084553,0.277622,0.062348,0.029591,-0.011209,0.502344,0.665913,0.551552,-0.862876,0.42711,0.270224,-0.055628,-0.611666,0.789156,-0.007427,-0.001262,-0.000317,0.033566,-0.046975,-0.073509,0.197131,0.080011,0.021468,-0.066086,0.39092,-0.36984,-0.842851,0.734741,0.676935,0.043742,0.554378,-0.636377,0.536364,0.000465,-0.000931,0.009913,-0.034067,-0.015861,0.031577,-1.107129
292,0.162068,-0.042116,0.303397,-0.379981,0.369071,-0.848202,-0.740011,-0.671425,0.039299,-0.554535,0.64215,0.529304,0.01656,0.009809,0.012084,0.002158,-0.027524,0.055399,-1.916921,-0.127007,-0.027116,0.313685,-0.504513,-0.586334,0.633775,0.856679,-0.430882,0.283507,0.107473,0.686703,0.718855,-6.3e-05,0.000518,0.000581,0.131887,-0.191224,-0.119225,0.257679,0.062223,0.029454,-0.011117,0.499038,0.671168,0.548173,-0.86479,0.426339,0.265278,-0.055662,-0.606439,0.793179,0.000659,-0.005036,0.004667,0.188407,-0.301445,-0.201963,0.179658,0.080233,0.021604,-0.065843,0.389485,-0.373112,-0.842073,0.735699,0.676082,0.04072,0.554118,-0.635373,0.537822,0.008349,-0.000206,0.010717,-0.037444,-0.042223,0.055358,-1.105333
293,0.162541,-0.04177,0.303987,-0.378279,0.374939,-0.846387,-0.741301,-0.670272,0.034328,-0.553976,0.639945,0.532549,0.016688,0.011602,0.014234,0.0191,0.017961,0.113904,-1.916293,-0.127171,-0.027251,0.313885,-0.501993,-0.590555,0.631854,0.858154,-0.430493,0.279609,0.107501,0.683323,0.722063,-0.000277,0.0023,0.002576,0.005615,-0.008159,-0.00508,0.247338,0.062135,0.029386,-0.011025,0.495869,0.675644,0.545543,-0.866607,0.425322,0.260945,-0.055726,-0.602166,0.796422,-0.000121,0.000976,0.001095,-0.023047,0.02179,0.006543,0.160227,0.080476,0.02178,-0.065543,0.387801,-0.379181,-0.840137,0.737044,0.674905,0.035608,0.553512,-0.633027,0.541202,0.008341,0.005871,0.007199,0.008014,-0.012306,0.098783,-1.098964
294,0.162773,-0.041575,0.304309,-0.377773,0.380418,-0.844165,-0.742105,-0.669578,0.030296,-0.553247,0.637428,0.536312,0.001113,0.012233,0.015142,0.087328,0.307444,0.205234,-1.91647,-0.12719,-0.027283,0.314007,-0.500119,-0.594697,0.629449,0.859228,-0.430734,0.275916,0.107653,0.679571,0.725574,0.001061,-0.007879,0.011783,0.005931,-0.054326,-0.058241,0.244448,0.062127,0.029368,-0.010958,0.493769,0.679483,0.542672,-0.867788,0.425206,0.257183,-0.055996,-0.597914,0.799601,0.000513,-0.003827,0.006021,-0.035628,-0.011056,-0.041769,0.154675,0.080592,0.021875,-0.065386,0.387161,-0.383416,-0.838508,0.737792,0.674252,0.03235,0.552963,-0.63117,0.543926,0.00843,0.000955,0.01209,0.113085,0.473627,0.33715,-1.093739
295,0.163264,-0.041166,0.305005,-0.376132,0.388885,-0.841034,-0.74368,-0.668097,0.023609,-0.552251,0.633855,0.541548,0.001203,0.013476,0.01658,0.030736,0.081407,0.111605,-1.91596,-0.127149,-0.027322,0.314407,-0.497457,-0.6009,0.625657,0.860787,-0.430912,0.27073,0.107532,0.673981,0.730786,-0.000753,0.006238,0.006969,0.303657,-0.452829,-0.247418,0.226186,0.062148,0.029344,-0.010764,0.491777,0.683134,0.539891,-0.868943,0.424643,0.254196,-0.055611,-0.594142,0.802434,0.00033,-0.002325,0.007694,-0.053324,0.012481,0.012214,0.13704,0.080837,0.022079,-0.065038,0.38575,-0.393199,-0.83462,0.739512,0.672682,0.024884,0.55165,-0.626811,0.550263,0.008356,0.006418,0.007795,0.023354,0.048482,0.133322,-1.088514
296,0.163773,-0.040828,0.305677,-0.37443,0.394717,-0.839075,-0.745059,-0.666713,0.018778,-0.551552,0.631698,0.544771,0.01654,0.011144,0.013435,0.009096,-0.001006,0.07023,-1.916784,-0.127102,-0.0274,0.314993,-0.496329,-0.603046,0.624487,0.861537,-0.430181,0.269503,0.106729,0.672531,0.732239,0.000478,-0.003048,0.01715,-0.033172,-0.008943,0.003838,0.21031,0.06217,0.02931,-0.010473,0.489523,0.68688,0.537179,-0.87025,0.423737,0.25122,-0.055065,-0.590458,0.805187,0.000217,-0.001415,0.008698,-0.047249,0.007047,0.01089,0.114669,0.081086,0.022253,-0.064697,0.384045,-0.399023,-0.832639,0.74097,0.671237,0.02009,0.550882,-0.624677,0.553449,0.008288,0.005893,0.007102,-0.003835,-0.053721,0.076154,-1.095862
297,0.164274,-0.040595,0.306265,-0.374833,0.394935,-0.838792,-0.745982,-0.665648,0.019884,-0.550028,0.632683,0.545168,0.000779,0.009082,0.011061,-0.00227,-0.010706,0.020221,-1.916408,-0.127046,-0.027463,0.315702,-0.495214,-0.605203,0.623285,0.862297,-0.429334,0.268421,0.105757,0.671136,0.73366,0.000251,-0.00118,0.019194,-0.033899,-0.007884,0.004496,0.200122,0.062199,0.029278,-0.010119,0.488328,0.688777,0.535836,-0.87098,0.422762,0.250328,-0.054111,-0.588945,0.806358,8.6e-05,-0.000362,0.009849,-0.039631,-0.012862,0.033944,0.097033,0.081343,0.022372,-0.064399,0.384408,-0.398836,-0.832561,0.741895,0.67017,0.021502,0.549382,-0.625939,0.553513,0.008198,-0.001062,0.009484,-0.041564,-0.009132,0.023023,-1.098965
298,0.164497,-0.040515,0.30649,-0.374151,0.395163,-0.838989,-0.746335,-0.665265,0.019428,-0.550015,0.632942,0.54488,0.000591,0.006947,0.008446,0.000788,-0.014209,0.025061,-1.916606,-0.126986,-0.027477,0.316108,-0.495063,-0.605269,0.623341,0.862462,-0.42873,0.268859,0.10512,0.671462,0.733452,8.9e-05,0.000151,0.020645,-0.034419,-0.007126,0.004964,0.197122,0.062229,0.02927,-0.009909,0.48822,0.688777,0.535935,-0.871083,0.422195,0.250928,-0.053436,-0.589353,0.806106,1.4e-05,0.000238,0.010503,-0.034767,-0.005583,0.006561,0.090339,0.081454,0.022417,-0.064281,0.383661,-0.399071,-0.832793,0.742257,0.669786,0.020993,0.549416,-0.626201,0.553184,0.00027,0.003284,0.003984,0.00153,-0.01492,0.025516,-1.098148
299,0.164863,-0.04043,0.3068,-0.375294,0.393343,-0.839333,-0.742987,-0.669025,0.01862,-0.553752,0.630111,0.544377,0.000346,0.004126,0.005005,0.012062,-0.01445,0.017755,-1.91639,-0.126895,-0.027453,0.316965,-0.494155,-0.605435,0.6239,0.863116,-0.427106,0.269342,0.104009,0.672348,0.732799,0.014801,0.003472,0.022106,-0.043512,0.060799,-0.113724,0.18639,0.062269,0.029282,-0.009488,0.487436,0.688928,0.536455,-0.871588,0.420728,0.251639,-0.052341,-0.590226,0.805539,-3.4e-05,0.000602,0.010874,-0.033913,-0.006808,0.005782,0.080214,0.081637,0.022458,-0.064128,0.384817,-0.39723,-0.83314,0.738874,0.673542,0.02014,0.553155,-0.623336,0.552693,0.007877,0.001405,0.001586,0.039,-0.015333,0.004908,-1.098638
300,0.165136,-0.040438,0.3069,-0.374821,0.393518,-0.839463,-0.743257,-0.668734,0.018317,-0.553711,0.63031,0.544188,0.015526,-4.9e-05,-0.000291,0.000984,-0.014715,0.029553,-1.916204,-0.126847,-0.027354,0.317784,-0.488737,-0.603868,0.62966,0.865572,-0.425481,0.26398,0.109099,0.674784,0.729814,-5e-06,0.000892,0.021342,-0.032543,-0.021163,0.030057,0.16835,0.062298,0.029331,-0.009079,0.482139,0.687782,0.542676,-0.874205,0.418352,0.246469,-0.057513,-0.593242,0.802966,-9e-06,0.000391,0.01061,-0.037683,-0.012024,0.009563,0.059313,0.081768,0.022456,-0.064075,0.384357,-0.397402,-0.833271,0.739136,0.673263,0.019844,0.553125,-0.623528,0.552507,1e-06,2.8e-05,2.8e-05,2.4e-05,1e-05,-1.4e-05,-1.098801
301,0.165228,-0.040451,0.306882,-0.374681,0.393569,-0.839502,-0.743307,-0.668682,0.018198,-0.55374,0.630333,0.544132,-3.3e-05,-0.000404,-0.00049,0.0,0.0,0.0,-1.916779,-0.126832,-0.027288,0.318113,-0.485694,-0.602754,0.633073,0.866826,-0.425079,0.26049,0.11269,0.676032,0.728112,-0.001284,0.01055,0.011542,0.00214,-0.01364,0.024724,0.155799,0.062306,0.029366,-0.008905,0.479264,0.686925,0.546295,-0.875541,0.417526,0.243103,-0.061099,-0.594815,0.801536,3.5e-05,3.7e-05,0.01021,-0.036366,-0.02668,0.034873,0.046087,0.081819,0.022448,-0.064086,0.384194,-0.397462,-0.833317,0.739195,0.673202,0.019706,0.553159,-0.623555,0.552442,-3.2e-05,-0.000379,-0.000464,1.8e-05,5e-06,-1.6e-05,-1.098965
302,0.16533,-0.040482,0.306843,-0.377155,0.393111,-0.838607,-0.743241,-0.668681,0.020746,-0.552144,0.630621,0.545419,0.015426,-0.001283,-0.001792,0.000984,-0.014715,0.029553,-1.916826,-0.126863,-0.02712,0.318604,-0.481239,-0.601056,0.63807,0.868584,-0.424683,0.255228,0.118161,0.677789,0.725605,-0.000821,0.00675,0.007359,0.001957,-0.013909,0.02499,0.127901,0.06229,0.029453,-0.008656,0.475057,0.685613,0.551592,-0.877433,0.416499,0.237991,-0.066568,-0.597045,0.79944,-0.000462,0.003734,0.004072,-0.001311,-0.01859,0.028986,0.011306,0.081865,0.022431,-0.064108,0.386698,-0.396972,-0.832392,0.739098,0.673228,0.022291,0.551541,-0.62384,0.553737,-5.1e-05,-0.00063,-0.000768,0.000233,0.01302,-0.02348,-1.096678
303,0.165354,-0.040485,0.306855,-0.377243,0.393089,-0.838579,-0.743227,-0.668694,0.02083,-0.552103,0.63062,0.545461,2.5e-05,0.000304,0.000369,0.0,0.0,0.0,-1.916529,-0.126865,-0.026921,0.318817,-0.481497,-0.601042,0.637888,0.868449,-0.424862,0.255389,0.118105,0.677689,0.725708,-0.000442,0.003632,0.003951,0.0,-0.0,-0.0,0.09571,0.062288,0.029558,-0.008544,0.475379,0.685595,0.551337,-0.877267,0.416733,0.238191,-0.066458,-0.596901,0.799556,-0.000208,0.001669,0.001816,8.7e-05,-2.7e-05,0.000328,-0.028864,0.081882,0.022426,-0.064106,0.386746,-0.39696,-0.832375,0.739092,0.673234,0.022338,0.551516,-0.623841,0.55376,1.4e-05,0.000171,0.000206,1.7e-05,-8e-06,2.8e-05,-1.097985
304,0.16532,-0.040479,0.306864,-0.37729,0.393071,-0.838565,-0.74321,-0.668712,0.02087,-0.552094,0.630613,0.545479,0.0,1e-06,1e-06,0.0,0.0,0.0,-1.916488,-0.126895,-0.026862,0.318823,-0.473354,-0.606731,0.638596,0.873918,-0.413923,0.254695,0.110378,0.679396,0.725329,0.00012,-0.00099,-0.001076,-6e-06,-2e-06,-7e-06,0.050019,0.062273,0.02959,-0.008538,0.467032,0.691016,0.551703,-0.882292,0.405565,0.238908,-0.058663,-0.598341,0.79909,9.2e-05,-0.000761,-0.000826,-0.000369,0.014479,-0.025724,-0.08079,0.081865,0.02243,-0.064101,0.386793,-0.396942,-0.832362,0.739074,0.673252,0.022378,0.551507,-0.623833,0.553778,0.0,-6e-06,-8e-06,2e-06,4e-06,4e-06,-1.099454
305,0.165285,-0.040478,0.306865,-0.377358,0.393048,-0.838546,-0.743186,-0.668737,0.020927,-0.552079,0.630601,0.545507,0.0,0.0,0.0,0.0,0.0,0.0,-1.916373,-0.126895,-0.026865,0.318759,-0.467663,-0.608922,0.6407,0.877203,-0.408368,0.252359,0.108547,0.6808,0.724288,0.000293,-0.002406,-0.002618,0.0,1e-06,-1e-06,0.012688,0.062273,0.029588,-0.008571,0.461294,0.6932,0.553788,-0.885424,0.399654,0.237276,-0.056844,-0.599791,0.798134,-0.000513,0.003795,-0.006007,0.03327,0.004124,-0.002607,-0.116387,0.081847,0.02243,-0.0641,0.386861,-0.396918,-0.832342,0.739049,0.673277,0.022435,0.551492,-0.623821,0.553806,2e-06,-4e-06,-8e-06,-3e-06,-1e-05,3e-06,-1.099944
306,0.165262,-0.040494,0.306879,-0.377434,0.393025,-0.838522,-0.743189,-0.668731,0.021018,-0.552023,0.630622,0.54554,0.0,0.0,0.0,0.0,0.0,0.0,-1.916348,-0.126961,-0.026803,0.318348,-0.461772,-0.607052,0.64672,0.879436,-0.407914,0.24522,0.11551,0.682738,0.72138,-0.000719,0.005057,-0.014784,0.143012,0.158685,-0.131778,-0.190063,0.06224,0.029615,-0.008773,0.455778,0.691806,0.560062,-0.887812,0.398351,0.230446,-0.063677,-0.602262,0.795754,-0.000264,0.001793,-0.008193,0.429604,0.616259,-0.556408,-0.267594,0.081836,0.022422,-0.064093,0.386937,-0.396894,-0.832318,0.739052,0.673271,0.022526,0.551436,-0.623842,0.553839,2e-06,-2e-06,-4e-06,-5e-06,-8e-06,6e-06,-1.099944
307,0.16525,-0.040501,0.306886,-0.377473,0.393014,-0.838511,-0.743191,-0.668728,0.021063,-0.551995,0.630632,0.545556,0.0,0.0,0.0,0.0,0.0,0.0,-1.916713,-0.127147,-0.026523,0.317501,-0.446171,-0.605224,0.659263,0.885847,-0.403067,0.229664,0.127274,0.687227,0.715111,-0.001624,0.011639,-0.027935,0.100857,0.064067,-0.055436,-0.461771,0.062147,0.029754,-0.00919,0.440512,0.690728,0.573448,-0.894556,0.391524,0.215584,-0.075609,-0.607949,0.790367,-0.000843,0.006156,-0.013595,0.179796,0.169831,-0.138937,-0.498651,0.08183,0.022418,-0.06409,0.386975,-0.396883,-0.832306,0.739053,0.673269,0.022571,0.551408,-0.623852,0.553855,6.6e-05,-0.005446,0.004259,-0.03566,0.012371,-0.018616,-1.100597
308,0.165261,-0.040507,0.306879,-0.37747,0.393016,-0.838511,-0.743192,-0.668726,0.02106,-0.551995,0.630632,0.545556,-1e-06,-1.6e-05,-2e-05,0.0,0.0,0.0,-1.916682,-0.127245,-0.026301,0.316931,-0.434304,-0.604499,0.667796,0.890696,-0.398394,0.218807,0.134307,0.690583,0.710577,-0.016342,0.008623,-0.029138,1.254721,1.868437,-1.698501,-0.601557,0.062103,0.029865,-0.009476,0.430695,0.691004,0.580529,-0.898884,0.385946,0.207491,-0.080676,-0.611194,0.787358,-0.000672,0.004778,-0.015113,0.069627,0.015994,-0.012836,-0.634345,0.081836,0.022415,-0.064094,0.386972,-0.396885,-0.832306,0.739054,0.673267,0.022568,0.551408,-0.623853,0.553855,2e-06,-7e-06,-1e-05,-3e-06,-3e-06,6e-06,-1.100597
309,0.165306,-0.040525,0.306856,-0.377439,0.39303,-0.838518,-0.743203,-0.668714,0.021033,-0.552001,0.630636,0.545546,-7.3e-05,-0.00088,-0.001067,0.0,0.0,0.0,-1.916901,-0.127465,-0.025687,0.315407,-0.421976,-0.599586,0.680018,0.893856,-0.400203,0.201972,0.151559,0.69381,0.703933,-0.017239,0.015092,-0.042486,1.284658,1.878581,-1.692182,-1.002212,0.061987,0.030176,-0.010247,0.417766,0.686655,0.594958,-0.903103,0.385465,0.189263,-0.099377,-0.616376,0.781155,-0.008572,0.007321,-0.021489,1.278358,1.870062,-1.687297,-0.927125,0.081858,0.022408,-0.064103,0.386941,-0.396899,-0.832314,0.739066,0.673255,0.02254,0.551414,-0.623857,0.553845,-4.7e-05,-0.000579,-0.000704,-4e-06,-7e-06,2e-06,-1.100761
310,0.165385,-0.040566,0.306805,-0.377283,0.393084,-0.838563,-0.743258,-0.668657,0.020901,-0.552033,0.630663,0.545482,-0.000122,-0.001489,-0.001806,0.0,0.0,0.0,-1.916594,-0.127744,-0.024799,0.31339,-0.41543,-0.597837,0.685566,0.89531,-0.401643,0.192449,0.160805,0.694485,0.70121,-0.004771,0.034972,-0.063656,0.162716,0.106076,-0.146869,-1.396458,0.061849,0.030607,-0.011232,0.411086,0.685136,0.601328,-0.905047,0.385668,0.179298,-0.109069,-0.617938,0.778624,-0.00166,0.012153,-0.027492,0.140205,-0.002214,0.031984,-0.93284,0.081898,0.022388,-0.064128,0.386786,-0.396954,-0.832359,0.739123,0.673197,0.02241,0.551447,-0.623884,0.553781,-7e-05,-0.000875,-0.001063,-0.000788,0.014208,-0.025063,-1.100924
311,0.16543,-0.040584,0.306782,-0.377252,0.393098,-0.83857,-0.74327,-0.668645,0.020874,-0.552039,0.630667,0.545472,-4.9e-05,-0.000592,-0.000718,0.0,0.0,0.0,-1.916056,-0.127895,-0.024274,0.312263,-0.413515,-0.597594,0.686934,0.895639,-0.402448,0.189209,0.163887,0.694227,0.700752,-0.01813,0.021479,-0.056071,0.137579,0.029338,-0.024193,-1.405799,0.061778,0.030874,-0.0118,0.409153,0.684975,0.602828,-0.90554,0.386053,0.175951,-0.112202,-0.617876,0.778228,-0.002331,0.017285,-0.032071,0.162591,0.106234,-0.146106,-0.927778,0.081914,0.022377,-0.064142,0.386778,-0.39696,-0.83236,0.739126,0.673194,0.022401,0.551448,-0.623884,0.55378,-3.2e-05,-0.000413,-0.000503,3e-06,-2e-06,1.4e-05,-1.100434
312,0.165497,-0.040611,0.306732,-0.377221,0.393113,-0.838577,-0.743267,-0.668649,0.02083,-0.552064,0.630653,0.545462,-2.9e-05,-0.000355,-0.000431,0.0,0.0,0.0,-1.916619,-0.128188,-0.02311,0.309818,-0.410805,-0.594995,0.690805,0.895736,-0.404403,0.184524,0.170071,0.695321,0.698189,-0.004494,0.032647,-0.066477,0.156609,0.116101,-0.140478,-1.407085,0.061627,0.03145,-0.01302,0.406841,0.682544,0.607135,-0.905806,0.387493,0.171359,-0.1183,-0.619662,0.7759,-0.001492,0.010793,-0.02913,0.151732,0.002611,0.001689,-0.944597,0.081953,0.022362,-0.064168,0.386724,-0.396984,-0.832374,0.739132,0.673189,0.022339,0.551477,-0.623874,0.553762,-1.2e-05,-0.000146,-0.000179,-0.0,-2e-06,3e-06,-1.098148
313,0.165531,-0.040623,0.306717,-0.377192,0.393125,-0.838584,-0.743277,-0.668638,0.020805,-0.552069,0.630657,0.545453,-1e-06,-7e-06,-8e-06,0.0,0.0,0.0,-1.91642,-0.128568,-0.021889,0.307256,-0.411879,-0.586134,0.697706,0.894279,-0.40678,0.186357,0.175083,0.701428,0.690803,-0.004508,0.032745,-0.066542,0.062769,0.255132,-0.049617,-1.407336,0.061435,0.03207,-0.014329,0.408396,0.674417,0.61512,-0.904438,0.390003,0.172884,-0.123303,-0.626944,0.769244,-0.002208,0.016311,-0.03333,0.090499,0.224526,-0.063397,-0.942148,0.08197,0.022356,-0.064176,0.386695,-0.396997,-0.832381,0.739143,0.673178,0.022314,0.551482,-0.623878,0.553753,3e-06,2.6e-05,3.1e-05,-7e-06,-6e-06,-1.6e-05,-1.098311
412,0.181993,-0.024352,0.279475,-0.387595,-0.247457,-0.88802,-0.586825,-0.676686,0.444638,-0.710465,0.693759,0.118175,0.026557,0.062289,-0.125026,-0.419959,-1.971869,-1.184042,0.470073,-0.196103,-0.025551,0.300571,-0.65036,-0.579598,0.491009,0.750093,-0.388582,0.535068,-0.118514,0.717007,0.686818,-0.049232,0.025311,-0.052307,-0.134753,-0.007665,0.824275,0.427325,0.027668,0.030233,-0.01768,0.640219,0.655099,0.401202,-0.749046,0.416484,0.515238,0.170437,-0.630384,0.757341,-0.024562,0.012825,-0.02592,-0.246916,0.084402,0.827765,0.381159,0.09019,0.03048,-0.077734,0.394871,0.240281,-0.886758,0.57933,0.683995,0.443313,0.713058,-0.688778,0.130887,0.021081,0.030946,-0.063048,-0.319044,-1.67612,-0.943998,0.396777
413,0.183189,-0.021894,0.27433,-0.386998,-0.305257,-0.870113,-0.587415,-0.645765,0.487752,-0.710304,0.700255,0.071684,0.026423,0.058576,-0.131206,-0.137723,-1.255795,-0.857271,0.515225,-0.197807,-0.024629,0.298823,-0.664808,-0.59843,0.447106,0.729937,-0.393665,0.558708,-0.157503,0.698535,0.697929,-0.033606,0.030979,-0.046783,-0.267373,-1.131146,0.705459,0.441615,0.026828,0.030678,-0.018541,0.653186,0.667939,0.356658,-0.728124,0.424799,0.53794,0.207803,-0.611067,0.763815,-0.02405,0.010267,-0.018404,-1.285918,-3.178884,1.343825,0.397488,0.090772,0.031688,-0.080254,0.393204,0.29967,-0.869245,0.579917,0.652807,0.487379,0.713503,-0.69573,0.082902,0.013338,0.029432,-0.065341,-0.16309,-1.371384,-1.883199,0.47336
414,0.18474,-0.019874,0.269201,-0.383207,-0.363247,-0.849265,-0.576429,-0.624394,0.5271,-0.721273,0.691979,0.030947,0.042203,0.045187,-0.12838,-0.153079,-1.128495,-1.221812,0.519413,-0.199312,-0.023589,0.297422,-0.669855,-0.624435,0.401704,0.714774,-0.396284,0.576186,-0.19976,0.673866,0.711241,-0.032892,0.037618,-0.038993,-0.044324,-0.662057,0.185791,0.463142,0.026093,0.031188,-0.019239,0.65633,0.688568,0.308389,-0.712245,0.430641,0.554305,0.248872,-0.583456,0.773072,-0.016526,0.019198,-0.019214,-2.284775,-4.126649,-2.822477,0.425247,0.091542,0.032705,-0.082825,0.388397,0.356865,-0.849584,0.569041,0.632291,0.525735,0.724802,-0.687643,0.042509,0.021203,0.022092,-0.064818,0.530621,0.034898,-3.109162,0.508958
415,0.185547,-0.01905,0.266788,-0.381265,-0.38474,-0.84063,-0.574914,-0.613424,0.541439,-0.723508,0.690198,0.013735,0.042242,0.045019,-0.129459,-0.174603,-1.232898,-0.806355,0.515789,-0.199947,-0.02305,0.296913,-0.668614,-0.638943,0.380392,0.70941,-0.395103,0.583578,-0.221738,0.660838,0.71693,-0.031966,0.030298,-0.026323,-1.168234,-3.188054,1.204391,0.467214,0.025757,0.031464,-0.019508,0.65319,0.700388,0.287746,-0.70782,0.429816,0.560578,0.268944,-0.569837,0.776501,-0.016073,0.01531,-0.013142,-1.97317,-3.629861,-3.329185,0.436025,0.091961,0.033132,-0.084082,0.386751,0.379499,-0.840478,0.566806,0.621099,0.541263,0.727429,-0.685722,0.025108,0.021404,0.016932,-0.060646,-0.070687,-0.753735,-0.69542,0.51157
416,0.187018,-0.017493,0.26208,-0.384179,-0.411931,-0.826295,-0.571172,-0.597127,0.563181,-0.724924,0.688831,-0.004847,0.027762,0.026992,-0.107964,-0.022699,-0.488042,-0.560971,0.503184,-0.201098,-0.021859,0.2962,-0.659929,-0.665422,0.348852,0.705457,-0.389356,0.592171,-0.257384,0.63772,0.725899,-0.015939,0.038353,-0.017659,0.137859,-0.369373,0.536949,0.453347,0.025169,0.032068,-0.019878,0.642184,0.724395,0.2507,-0.702393,0.4251,0.570905,0.306988,-0.542717,0.781803,-0.007904,0.019591,-0.008302,0.143593,-0.362347,0.52867,0.436678,0.092701,0.033908,-0.086458,0.388761,0.407959,-0.826094,0.562824,0.604725,0.563503,0.729447,-0.684014,0.005484,0.01376,0.019107,-0.057993,0.057544,-0.449894,-0.526542,0.5021
