frame,MLTx,MLTy,MLTz,MLTR1,MLTR2,MLTR3,MLTR4,MLTR5,MLTR6,MLTR7,MLTR8,MLTR9,MLTTVx,MLTTVy,MLTTVz,MLTRVx,MLTRVy,MLTRVz,MLGA,MRTx,MRTy,MRTz,MRTR1,MRTR2,MRTR3,MRTR4,MRTR5,MRTR6,MRTR7,MRTR8,MRTR9,MRTTVx,MRTTVy,MRTTVz,MRTRVx,MRTRVy,MRTRVz,MRGA,SLTx,SLTy,SLTz,SLTR1,SLTR2,SLTR3,SLTR4,SLTR5,SLTR6,SLTR7,SLTR8,SLTR9,SLTTVx,SLTTVy,SLTTVz,SLTRVx,SLTRVy,SLTRVz,SLGA,SRTx,SRTy,SRTz,SRTR1,SRTR2,SRTR3,SRTR4,SRTR5,SRTR6,SRTR7,SRTR8,SRTR9,SRTTVx,SRTTVy,SRTTVz,SRTRVx,SRTRVy,SRTRVz,SRGA
140,0.132227,-0.017985,0.320552,-0.06275,-0.119693,-0.990849,-0.549569,-0.824557,0.134356,-0.833022,0.553116,-0.012805,0.000288,0.001609,0.001668,0.0,3e-06,2e-06,-0.393909,-0.180826,-0.021286,0.321343,-0.152273,0.64768,0.746535,-0.457362,-0.715684,0.527779,0.876288,-0.261869,0.404236,0.027973,0.026514,-0.014457,0.051992,0.052131,-0.040128,-0.246182,0.037093,0.033806,-0.02092,-0.051685,-0.559132,0.827465,0.426965,0.736656,0.52444,-0.902789,0.380405,0.200656,0.007037,0.007543,-0.002689,0.03634,-0.040259,0.074531,-0.554659,0.067413,0.029267,-0.064762,0.091442,0.146024,-0.985045,0.409887,0.895988,0.170871,0.907541,-0.419382,0.022078,-0.007163,0.001557,0.00149,0.004194,-0.098524,0.160096,-0.429963
141,0.132156,-0.017984,0.320507,-0.056858,-0.116821,-0.991547,-0.550226,-0.825021,0.128699,-0.833018,0.553034,-0.016134,-0.000395,-0.002201,-0.002283,-0.0,-0.0,0.0,-0.61254,-0.180538,-0.020944,0.321123,-0.153633,0.647561,0.74636,-0.452903,-0.717368,0.529334,0.878366,-0.257504,0.402527,0.013929,0.012148,-0.008362,-0.035484,0.157592,-0.070987,-0.09754,0.037243,0.033985,-0.021022,-0.050056,-0.559178,0.827534,0.422627,0.738874,0.524833,-0.904919,0.37601,0.199338,0.006975,0.006158,-0.004102,-0.050636,0.094856,0.125846,-0.503712,0.067379,0.029272,-0.064773,0.086091,0.142299,-0.986072,0.410761,0.896641,0.165255,0.907669,-0.419267,0.018742,-0.000177,-0.000994,-0.001027,0.004735,-0.097751,0.164823,-0.537898
142,0.132226,-0.017993,0.320129,-0.07053,-0.116901,-0.990659,-0.527609,-0.83844,0.136448,-0.846479,0.532446,-0.001309,-0.00105,-0.005855,-0.006087,0.753541,1.769062,-2.175986,-0.997168,-0.180179,-0.020406,0.320302,-0.143972,0.650284,0.745919,-0.450296,-0.714169,0.535845,0.881325,-0.25954,0.394674,-0.001871,0.012055,-0.026867,-0.267311,0.45322,0.305383,0.105336,0.037434,0.034275,-0.02142,-0.057765,-0.560952,0.82583,0.41979,0.736877,0.529894,-0.90578,0.377285,0.192916,0.00637,0.005617,-0.014453,0.066032,0.087259,-0.160537,-0.42517,0.067413,0.029268,-0.064968,0.098581,0.144715,-0.98455,0.386179,0.906269,0.171876,0.91714,-0.397157,0.033455,-0.000535,-0.003065,-0.003172,0.7791,1.868335,-2.094451,-0.836883
143,0.132395,-0.017698,0.319399,-0.151005,-0.123892,-0.980761,-0.48296,-0.856399,0.182488,-0.862352,0.501376,0.070708,0.013586,0.001743,-0.017748,0.323901,2.639133,-1.541197,-1.251205,-0.180314,-0.02016,0.319013,-0.1487,0.659278,0.737043,-0.442769,-0.710737,0.546573,0.884355,-0.245879,0.396639,-0.016855,0.003121,-0.034926,0.023464,0.03105,0.051166,0.218969,0.037371,0.034401,-0.022062,-0.054769,-0.571636,0.818676,0.408782,0.735211,0.540704,-0.910986,0.364275,0.193408,-0.00074,-0.004414,-0.01437,-0.007689,-0.085523,0.174492,-0.20881,0.067492,0.029414,-0.065327,0.174016,0.164468,-0.970911,0.337152,0.916415,0.215664,0.925227,-0.364874,0.10402,0.006964,0.006266,-0.013161,0.257468,1.438666,-0.193179,-0.93943
144,0.132727,-0.017575,0.318938,-0.208013,-0.122595,-0.970436,-0.473151,-0.855701,0.209466,-0.855831,0.502883,0.121201,0.013343,0.000357,-0.019214,0.224562,2.863792,-1.809014,-1.492394,-0.180475,-0.020147,0.318342,-0.167833,0.665436,0.727337,-0.423033,-0.714937,0.556634,0.890596,-0.215089,0.400548,-0.002227,0.003248,-0.036053,-1.164409,-1.462915,0.193458,0.253701,0.037285,0.034401,-0.022404,-0.036285,-0.57991,0.813871,0.389282,0.741876,0.545966,-0.920403,0.336636,0.198829,-0.00844,0.001146,-0.018319,-4.042705,-4.578268,0.006374,-0.057766,0.067658,0.029477,-0.065556,0.230669,0.170593,-0.95796,0.326205,0.91398,0.241308,0.916723,-0.368154,0.155179,0.01414,0.004722,-0.014653,0.282041,1.895705,0.350235,-0.920815
145,0.133483,-0.017248,0.317967,-0.30744,-0.094892,-0.946848,-0.458376,-0.857197,0.234685,-0.833529,0.506278,0.221221,0.028734,0.012252,-0.02642,0.211052,2.345128,-0.634963,-1.798002,-0.180724,-0.019905,0.317023,-0.201926,0.682803,0.702138,-0.407433,-0.710395,0.573823,0.890837,-0.171051,0.420731,-0.002094,0.006806,-0.032468,0.212608,-0.337443,0.087553,0.307474,0.037161,0.03451,-0.023075,0.001097,-0.603564,0.797313,0.369261,0.741208,0.560585,-0.929324,0.293802,0.223686,-0.001388,0.009074,-0.020195,0.292917,-0.553584,0.183495,0.161043,0.068029,0.029629,-0.066046,0.333664,0.157553,-0.929432,0.309888,0.912809,0.265985,0.890301,-0.37677,0.255748,0.006909,0.001423,-0.008336,0.134362,3.656527,-1.914107,-1.048671
146,0.134316,-0.016707,0.31716,-0.38187,-0.057795,-0.922432,-0.44595,-0.862651,0.238607,-0.809058,0.502543,0.304798,0.02926,0.006302,-0.0128,0.264621,2.02756,-0.538548,-1.905782,-0.181041,-0.019102,0.315487,-0.25301,0.700884,0.666887,-0.40315,-0.702898,0.585951,0.879737,-0.121475,0.459532,-0.018154,0.030505,-0.046213,0.692667,-1.160472,0.239538,0.332146,0.037008,0.034903,-0.023838,0.053951,-0.629979,0.774736,0.361285,0.735617,0.57301,-0.930893,0.248986,0.267289,-0.001352,0.010107,-0.01914,0.29421,-1.072164,0.88526,0.232075,0.068456,0.029899,-0.066464,0.413218,0.13154,-0.901081,0.29666,0.916086,0.269773,0.860954,-0.37879,0.33952,0.014675,0.003338,-0.006219,0.266895,2.036323,-0.531973,-1.078553
147,0.135608,-0.016311,0.316714,-0.420757,-0.009786,-0.907146,-0.462029,-0.858223,0.2235,-0.780204,0.513175,0.357714,0.044373,0.00801,-0.010827,-4.199405,1.226376,3.968668,-1.911682,-0.181837,-0.018409,0.314216,-0.305768,0.712644,0.631376,-0.401305,-0.697719,0.593361,0.863745,-0.072831,0.498502,-0.016548,0.011904,-0.026055,0.208508,-1.198277,0.081224,0.391876,0.036603,0.035257,-0.024494,0.112553,-0.650444,0.751167,0.35885,0.731559,0.579695,-0.926583,0.204311,0.315751,-0.008247,0.006077,-0.012874,0.249964,-1.236787,0.038685,0.29935,0.069103,0.030099,-0.066685,0.458214,0.090907,-0.88418,0.312537,0.914753,0.256019,0.832081,-0.393651,0.390741,0.022211,0.004077,-0.005278,-4.192327,1.266275,3.955077,-0.976007
148,0.136412,-0.016172,0.316586,-0.434828,0.014951,-0.900415,-0.473349,-0.854383,0.214344,-0.76556,0.51939,0.37971,0.044782,0.010654,-0.008093,-0.149951,1.48807,0.029283,-1.911818,-0.182396,-0.018228,0.313794,-0.338929,0.713077,0.613709,-0.391894,-0.699937,0.597026,0.855693,-0.039049,0.515876,-0.030425,0.002283,-0.015143,0.399106,-0.907077,0.493281,0.415867,0.036346,0.035346,-0.024695,0.147341,-0.65505,0.741079,0.348522,0.735585,0.5809,-0.925646,0.172693,0.336682,-0.015547,0.00682,-0.011508,0.372174,-1.335365,-0.07179,0.333478,0.069476,0.030162,-0.066749,0.472976,0.069046,-0.878365,0.325443,0.912733,0.246989,0.818767,-0.402678,0.409231,0.022306,0.005167,-0.004236,-4.789402,2.305904,1.718259,-0.988907
149,0.137993,-0.015551,0.316227,-0.474648,0.033675,-0.879557,-0.468074,-0.855911,0.219764,-0.744837,0.515962,0.423116,0.045289,0.023691,-0.014378,0.308427,0.873888,0.254202,-1.911629,-0.183705,-0.018331,0.313326,-0.378727,0.713496,0.589475,-0.383088,-0.700548,0.602005,0.842943,0.001284,0.537874,-0.044519,-0.010487,-0.007612,0.114053,-0.434051,0.510889,0.458936,0.035687,0.035306,-0.024931,0.192287,-0.661762,0.724634,0.339883,0.737621,0.583432,-0.920599,0.134105,0.366757,-0.014928,-0.005349,-0.004453,0.063105,-0.402705,0.574921,0.397488,0.070278,0.030471,-0.066922,0.515693,0.055641,-0.854964,0.321004,0.912654,0.253017,0.794365,-0.404926,0.452788,0.022636,0.011722,-0.007342,0.293398,1.020604,0.08162,-1.008828
150,0.139343,-0.014455,0.315571,-0.505953,0.040715,-0.861625,-0.476091,-0.846132,0.23952,-0.718674,0.531343,0.448563,0.030835,0.036063,-0.021485,0.084396,0.295424,-0.411829,-1.911789,-0.184998,-0.019051,0.313176,-0.383272,0.72508,0.572147,-0.391324,-0.688481,0.610568,0.837089,0.009212,0.546864,-0.028583,-0.032535,0.007737,-0.042355,-0.240543,0.390669,0.471744,0.035034,0.034953,-0.025014,0.197976,-0.676109,0.709704,0.344784,0.725799,0.595263,-0.917566,0.126847,0.376803,-0.014638,-0.010883,-0.000385,-0.009944,-0.244648,0.413394,0.436188,0.070947,0.031007,-0.06724,0.54717,0.051103,-0.835459,0.330169,0.904022,0.271535,0.76915,-0.424418,0.477781,0.015343,0.017448,-0.011373,-0.192733,0.728199,-1.105724,-1.01487
151,0.140356,-0.012891,0.314716,-0.540345,0.041161,-0.840463,-0.491485,-0.826158,0.275458,-0.682351,0.561863,0.46769,0.031018,0.038091,-0.019379,-1.513051,1.357383,-0.587234,-1.911813,-0.185858,-0.020007,0.313234,-0.389247,0.731115,0.56031,-0.39671,-0.681935,0.614426,0.831785,0.015969,0.554744,-0.014671,-0.021944,-0.002199,0.310684,-0.401573,-0.165631,0.495169,0.034599,0.034473,-0.024978,0.203584,-0.684835,0.69968,0.347768,0.718626,0.60219,-0.91521,0.120731,0.384464,-0.006977,-0.016059,0.003518,0.314412,-0.444498,-0.19158,0.460682,0.071459,0.031777,-0.067665,0.577134,0.058084,-0.814581,0.342452,0.888317,0.30597,0.741378,-0.455541,0.492787,0.015511,0.018928,-0.009827,0.109458,0.344868,-0.549219,-1.024178
152,0.140748,-0.012156,0.314298,-0.559521,0.035257,-0.828093,-0.489747,-0.820089,0.29593,-0.667986,0.571088,0.477158,0.015669,0.024986,-0.013387,0.020642,0.390996,-0.648592,-1.909738,-0.186227,-0.020361,0.313125,-0.399202,0.731064,0.55333,-0.396416,-0.681699,0.614877,0.827206,0.025197,0.561212,-0.015424,-0.011864,-0.011531,-0.463842,-1.542125,-1.151818,0.507851,0.034409,0.034289,-0.025032,0.21428,-0.686691,0.69465,0.347843,0.718193,0.602664,-0.912737,0.112491,0.392754,-0.007706,-0.005968,-0.0058,-0.484489,-1.526814,-1.179201,0.477827,0.071656,0.032163,-0.067871,0.596712,0.064833,-0.799831,0.345048,0.879151,0.328685,0.724482,-0.472111,0.50223,0.00796,0.017879,-0.010983,-0.236343,0.927771,-1.229253,-1.025647
153,0.141201,-0.011607,0.313405,-0.591845,0.035504,-0.805298,-0.485552,-0.813149,0.320935,-0.642703,0.58091,0.499504,-0.001474,-0.000248,-0.020047,-0.137033,1.042705,-1.27122,-1.908304,-0.187008,-0.020639,0.31269,-0.451423,0.71727,0.530785,-0.370496,-0.691707,0.619846,0.812297,0.08226,0.577296,-0.015893,0.002978,-0.015801,-3.062782,-3.921182,-3.405971,0.520214,0.034024,0.034142,-0.025251,0.268563,-0.681682,0.680575,0.327713,0.729046,0.600911,-0.905802,0.061651,0.41919,-0.014983,-0.004014,-0.00317,-0.82184,-1.180179,-0.95406,0.505097,0.071903,0.032475,-0.068307,0.627619,0.068775,-0.775476,0.340326,0.871637,0.35274,0.700193,-0.485302,0.52365,0.006681,0.00477,-0.014759,-0.578571,2.136335,-2.685139,-1.032179
154,0.141222,-0.01157,0.312419,-0.62515,0.051235,-0.77885,-0.486994,-0.805402,0.337841,-0.609206,0.59043,0.529422,-0.001692,-0.001663,-0.021595,0.119029,0.536526,-0.383755,-1.908378,-0.187757,-0.020351,0.312315,-0.518286,0.691986,0.50252,-0.331032,-0.704015,0.628263,0.789168,0.158401,0.593284,-0.000658,0.010839,-0.008494,-0.637405,-2.019566,-0.151481,0.515309,0.033643,0.034281,-0.025452,0.344993,-0.663775,0.663613,0.284228,0.747705,0.600126,-0.894535,-0.018422,0.446617,-0.000303,0.00574,-0.003897,-0.546265,-2.142227,-0.156175,0.509342,0.071912,0.032482,-0.068805,0.662155,0.057999,-0.747118,0.341829,0.863851,0.370017,0.66686,-0.500396,0.552178,-0.000893,-0.001241,-0.011229,0.090632,0.772107,-0.559447,-1.032995
155,0.141213,-0.011549,0.311965,-0.642207,0.059427,-0.764254,-0.487252,-0.801315,0.347062,-0.59099,0.595193,0.544522,-0.001767,-0.002146,-0.022137,0.184691,0.690363,-0.312028,-1.908505,-0.187849,-0.020052,0.312144,-0.534812,0.687546,0.49117,-0.325318,-0.703912,0.631355,0.780485,0.177006,0.59948,-0.000558,0.012397,-0.006824,0.225518,-0.347396,0.029681,0.519476,0.033598,0.034423,-0.025529,0.363611,-0.661978,0.655417,0.277473,0.748604,0.602162,-0.889266,-0.037093,0.455881,-0.000247,0.006743,-0.002806,0.207298,-0.945315,-0.141162,0.510485,0.071907,0.03249,-0.069042,0.679515,0.053141,-0.731733,0.342009,0.859427,0.380017,0.649067,-0.508487,0.565819,-0.000843,-0.000901,-0.010889,0.245303,0.815016,-0.21681,-1.034301
156,0.141103,-0.011766,0.311123,-0.665917,0.075646,-0.742211,-0.494791,-0.78936,0.363407,-0.557558,0.609141,0.564006,-0.002582,-0.016883,-0.017877,0.035388,0.448138,-0.490733,-1.908015,-0.187751,-0.019696,0.311822,-0.563412,0.678189,0.471825,-0.310606,-0.702964,0.639765,0.766252,0.213047,0.60608,-0.000196,-0.003096,-0.003318,-0.378203,-1.959645,2.184729,0.522249,0.033647,0.034622,-0.025682,0.39675,-0.656769,0.641283,0.261905,0.750575,0.606665,-0.879769,-0.072739,0.469801,-0.000142,-0.001735,-0.001835,-0.380581,-1.952207,2.187969,0.518323,0.071853,0.03239,-0.069462,0.704557,0.03938,-0.708552,0.350784,0.848621,0.39597,0.616886,-0.527533,0.584088,-0.001174,-0.00304,-0.013192,0.049897,0.438143,-0.494541,-1.033159
157,0.140784,-0.012462,0.310186,-0.679937,0.087135,-0.728107,-0.501948,-0.779152,0.375423,-0.533753,0.620624,0.574422,-0.003466,-0.022472,-0.024003,-0.181395,0.360719,-0.340127,-1.907653,-0.187166,-0.019665,0.311416,-0.614599,0.635043,0.467952,-0.25873,-0.722566,0.641007,0.745953,0.272089,0.60777,0.014433,-0.004928,-0.0064,-0.253569,-0.347991,-0.325043,0.517185,0.033924,0.034636,-0.025877,0.450994,-0.620201,0.641836,0.214304,0.773333,0.596682,-0.866416,-0.131552,0.48168,0.007297,-0.00275,-0.003519,-2.832283,-3.862172,-3.647986,0.51571,0.0717,0.032054,-0.069918,0.718703,0.030088,-0.694665,0.35893,0.839604,0.407716,0.595511,-0.542363,0.592626,-0.00158,-0.005567,-0.015963,-1.95429,2.428959,-1.332188,-1.037078
158,0.14059,-0.012814,0.309719,-0.685798,0.091293,-0.722075,-0.502604,-0.776972,0.379046,-0.52558,0.62275,0.579634,-0.003427,-0.022112,-0.023723,-0.047574,0.351159,-0.396874,-1.908066,-0.186802,-0.019585,0.311217,-0.643999,0.605386,0.467723,-0.224732,-0.733994,0.640845,0.732061,0.306828,0.608118,0.013918,0.008395,-0.012228,-0.033407,-0.125412,-0.046619,0.514958,0.034116,0.034669,-0.025986,0.484128,-0.592294,0.644055,0.18101,0.787936,0.588549,-0.856069,-0.168353,0.488674,0.014316,0.004102,-0.006781,-0.217109,-0.249471,-0.427267,0.513098,0.071595,0.031857,-0.070174,0.725828,0.026877,-0.68735,0.359364,0.837217,0.412218,0.586541,-0.546208,0.598018,-0.001718,-0.011174,-0.011987,-0.070475,0.340585,-0.422458,-1.037894
159,0.140006,-0.013653,0.30884,-0.692539,0.096521,-0.714926,-0.506517,-0.77072,0.386527,-0.512843,0.629684,0.583538,-0.018326,-0.022079,-0.024085,-0.012257,0.066046,-0.094816,-1.908083,-0.186053,-0.018838,0.310736,-0.699717,0.538713,0.469229,-0.15003,-0.752833,0.640832,0.699342,0.377322,0.606969,0.027673,0.037215,-0.022647,-0.748434,-1.225231,-0.95211,0.496947,0.034496,0.03504,-0.026237,0.544892,-0.53113,0.648839,0.109985,0.812391,0.572645,-0.831261,-0.240667,0.501082,0.013847,0.018793,-0.011137,-0.712536,-1.260483,-0.985396,0.501831,0.071303,0.031437,-0.070614,0.732859,0.022837,-0.679995,0.363828,0.831384,0.420034,0.57493,-0.555228,0.600979,-0.009166,-0.011161,-0.012167,-0.008898,0.061186,-0.093285,-1.040017
160,0.139246,-0.014791,0.307883,-0.701512,0.098917,-0.705792,-0.502397,-0.771054,0.391211,-0.504638,0.6289,0.591483,-0.019258,-0.027191,-0.02997,-0.007391,0.093491,-0.141382,-1.907833,-0.185362,-0.017791,0.309946,-0.752831,0.45997,0.470812,-0.065365,-0.763869,0.642002,0.655874,0.451961,0.604503,0.0133,0.02128,-0.018508,-0.874791,-0.992991,-0.869422,0.431385,0.034841,0.035574,-0.02662,0.605076,-0.457087,0.651884,0.028087,0.830523,0.556275,-0.795671,-0.31828,0.515368,0.006653,0.010543,-0.009379,-0.890869,-0.987488,-0.874527,0.441577,0.070923,0.030872,-0.071088,0.741728,0.021569,-0.670353,0.359385,0.831104,0.424391,0.566286,-0.555698,0.608702,-0.009646,-0.013811,-0.015209,-0.020725,0.070653,-0.145037,-1.042793
161,0.13838,-0.015749,0.306727,-0.705903,0.107616,-0.700117,-0.507869,-0.765897,0.394263,-0.492916,0.633742,0.596181,-0.019252,-0.026311,-0.029369,-0.003379,0.076443,-0.126764,-1.907264,-0.185006,-0.016993,0.309081,-0.796264,0.378225,0.472123,0.019768,-0.76361,0.645323,0.605584,0.522699,0.599931,-0.001593,0.01793,-0.020963,-3.02738,-3.281023,-3.124663,0.326969,0.03502,0.035967,-0.027044,0.654293,-0.382413,0.652426,-0.051294,0.838295,0.542798,-0.754499,-0.388615,0.528875,-0.000778,0.009151,-0.01031,-0.186086,-0.360999,-0.284565,0.336581,0.070489,0.030388,-0.071672,0.747016,0.013652,-0.664665,0.365469,0.826727,0.427731,0.555336,-0.562437,0.612589,-0.009613,-0.013188,-0.014709,-0.003951,0.071334,-0.128246,-1.042303
162,0.13787,-0.01627,0.306173,-0.708574,0.110624,-0.696943,-0.510129,-0.762714,0.397502,-0.486719,0.63705,0.597745,-0.019456,-0.027088,-0.030422,-0.00318,0.076181,-0.127054,-1.907694,-0.185038,-0.016654,0.308645,-0.81386,0.333567,0.475769,0.066335,-0.759956,0.646529,0.578235,0.557319,0.595737,-0.016355,0.016554,-0.021301,-2.968227,-3.325151,-3.191676,0.239495,0.035003,0.036143,-0.027269,0.676706,-0.336945,0.654627,-0.101068,0.838203,0.53591,-0.729283,-0.428816,0.533162,-0.008157,0.008101,-0.010755,-3.080776,-3.239797,-3.124621,0.246118,0.070242,0.030138,-0.071937,0.749892,0.011027,-0.661468,0.368076,0.82386,0.431013,0.549711,-0.566684,0.613748,-0.017067,-0.012721,-0.014401,0.002042,-0.018772,0.012859,-1.046548
163,0.136912,-0.01736,0.305079,-0.71153,0.119032,-0.692533,-0.5198,-0.752343,0.404671,-0.471974,0.647763,0.598055,-0.019754,-0.037295,-0.021604,-0.072088,-0.078768,-0.015479,-1.907955,-0.185183,-0.015923,0.307732,-0.81645,0.30691,0.489088,0.104064,-0.754798,0.647599,0.568931,0.579235,0.583667,-0.016281,0.017757,-0.020004,-0.084762,0.157352,0.09519,0.143516,0.03493,0.036503,-0.027732,0.679522,-0.30891,0.665449,-0.140364,0.835539,0.531199,-0.720101,-0.454366,0.524408,-0.008125,0.008874,-0.010022,-0.034225,0.115612,0.085801,0.063559,0.069762,0.029594,-0.072491,0.753897,0.003208,-0.656984,0.378869,0.814842,0.438736,0.536746,-0.579673,0.613092,-0.017061,-0.012078,-0.013876,-0.029237,-0.099054,-0.005521,-1.045895
164,0.135883,-0.01846,0.304175,-0.70862,0.131685,-0.693226,-0.539436,-0.734424,0.411827,-0.454014,0.665614,0.592332,-0.019229,-0.033295,-0.017397,-1.224718,0.583169,0.987747,-1.908066,-0.185631,-0.015224,0.306915,-0.802334,0.325332,0.50041,0.108783,-0.74449,0.658662,0.587829,0.582485,0.561276,-0.016256,0.017977,-0.019769,-0.59147,0.528359,0.628769,0.158876,0.034713,0.03684,-0.028125,0.663046,-0.322391,0.675598,-0.147417,0.828601,0.540081,-0.733919,-0.457694,0.501875,-0.00812,0.0089,-0.009977,-0.327533,0.289742,0.434935,0.032044,0.06926,0.029049,-0.072944,0.752952,-0.005304,-0.658053,0.395928,0.802387,0.446558,0.525645,-0.596779,0.606259,-0.009583,-0.016559,-0.008582,-0.06013,-0.097224,0.002307,-1.045895
165,0.135031,-0.019598,0.303642,-0.713241,0.149681,-0.684784,-0.558283,-0.712051,0.425764,-0.422991,0.685786,0.592286,-0.033253,-0.02612,-0.009733,-0.043067,0.076424,-0.131491,-1.90793,-0.186235,-0.014761,0.306203,-0.794635,0.344376,0.499953,0.106705,-0.731327,0.67358,0.598579,0.588155,0.543728,-0.001049,0.004491,-0.01533,-0.350327,0.271068,0.427015,0.137507,0.034405,0.037087,-0.028487,0.652544,-0.342611,0.675871,-0.149675,0.816093,0.558201,-0.74282,-0.465412,0.481257,-0.007849,0.00221,-0.00713,-0.462602,0.48487,0.296105,0.012775,0.068826,0.028461,-0.073224,0.75984,-0.026804,-0.649555,0.421889,0.780512,0.461312,0.494621,-0.624564,0.604373,-0.009148,-0.013661,-0.005382,-0.021436,0.085665,-0.095508,-1.043119
166,0.134646,-0.020082,0.303455,-0.716802,0.157055,-0.679392,-0.563241,-0.704812,0.431245,-0.410228,0.691581,0.594521,-0.01825,-0.026719,-0.010154,-0.038078,0.076303,-0.120343,-1.907845,-0.186466,-0.014663,0.305902,-0.79191,0.35318,0.49813,0.104986,-0.724709,0.680961,0.602483,0.591104,0.536165,-0.001052,0.004476,-0.015355,-0.207264,0.134668,0.330265,0.147726,0.034289,0.037137,-0.028645,0.648959,-0.35208,0.674455,-0.149982,0.809885,0.567089,-0.745893,-0.469175,0.472776,-0.000516,0.002215,-0.007695,-0.142243,0.088268,0.297861,0.007387,0.068621,0.028213,-0.073317,0.764325,-0.033787,-0.643944,0.427551,0.774105,0.466863,0.482706,-0.632154,0.606114,-0.009075,-0.013111,-0.004786,-0.030385,0.072716,-0.111379,-1.045569
167,0.133905,-0.021061,0.303066,-0.723871,0.161179,-0.670879,-0.565021,-0.696531,0.442231,-0.395114,0.698976,0.596108,-0.018181,-0.025827,-0.009267,-0.064999,0.01441,-0.123709,-1.907094,-0.186783,-0.014585,0.30563,-0.788068,0.366503,0.494586,0.102303,-0.71414,0.692439,0.607961,0.595816,0.524642,-0.014746,-0.0012,-0.000186,-0.437836,0.419397,0.259769,0.184067,0.034136,0.037167,-0.02879,0.645585,-0.363596,0.671578,-0.149664,0.802099,0.578131,-0.748879,-0.473744,0.463406,-1.8e-05,-0.000411,-0.000439,0.034794,-0.113876,0.16277,0.042984,0.068251,0.027726,-0.073508,0.771437,-0.036841,-0.635237,0.430141,0.76586,0.47795,0.468895,-0.64195,0.606659,-0.009071,-0.012839,-0.004541,-0.041753,0.028523,-0.113428,-1.045732
168,0.133624,-0.021459,0.302534,-0.725158,0.161365,-0.669442,-0.56909,-0.68781,0.450583,-0.386844,0.707514,0.591441,0.013535,-0.009472,-0.010671,-0.162512,-0.270356,-0.160349,-1.907167,-0.187071,-0.014694,0.305777,-0.78794,0.366358,0.494898,0.102835,-0.713997,0.692508,0.608038,0.596077,0.524257,0.000782,-0.008991,0.010454,-0.034756,-0.003236,0.007001,0.188991,0.033986,0.037116,-0.02872,0.64456,-0.364768,0.671926,-0.150528,0.801101,0.57929,-0.749588,-0.474531,0.46145,-0.007293,0.000748,0.001375,0.003469,0.010578,-0.032542,0.062252,0.068104,0.027522,-0.07378,0.772766,-0.037713,-0.633568,0.43535,0.757881,0.485886,0.461846,-0.6513,0.602084,-0.000495,0.001826,-0.008451,-0.214752,-0.37656,-0.22853,-1.044262
169,0.133677,-0.021422,0.302294,-0.723042,0.164834,-0.670884,-0.576067,-0.67989,0.453728,-0.380444,0.714331,0.587385,-0.000465,0.00666,-0.013405,-0.081282,-0.208578,-0.100963,-1.906893,-0.187246,-0.014798,0.305967,-0.787188,0.365816,0.496493,0.104443,-0.714207,0.692051,0.608738,0.59616,0.52335,0.000199,0.003235,0.003514,-1e-06,1e-06,1e-06,0.193422,0.033905,0.037064,-0.028626,0.643633,-0.363941,0.673262,-0.15197,0.801405,0.578493,-0.750093,-0.474653,0.460503,-0.00692,-0.003995,0.006331,-0.049814,0.132999,-0.214715,0.066498,0.068136,0.027532,-0.073895,0.771205,-0.041072,-0.63526,0.443266,0.750885,0.489577,0.456899,-0.659154,0.597292,-0.000377,-0.002121,-0.002478,-0.185549,-0.274536,-0.198142,-1.043283
170,0.133671,-0.021424,0.302069,-0.721033,0.170797,-0.671555,-0.583414,-0.672557,0.455267,-0.373009,0.719842,0.585422,-0.000272,-0.001509,-0.001767,-0.000507,-0.000843,-0.000516,-1.906858,-0.187539,-0.014838,0.306387,-0.775863,0.386066,0.49898,0.085583,-0.71904,0.689631,0.625991,0.577268,0.524175,-0.014262,0.006582,0.008239,0.378043,-0.255518,-0.429776,0.229985,0.033758,0.03704,-0.028419,0.628809,-0.384712,0.675718,-0.13317,0.8029,0.581047,-0.76607,-0.455353,0.453638,0.000197,0.003271,0.003546,0.029818,0.01076,0.044278,0.089359,0.068133,0.02754,-0.074012,0.770138,-0.046706,-0.636164,0.451175,0.744893,0.491502,0.450918,-0.665545,0.594744,-0.007621,-8e-06,-0.000206,0.010637,0.02478,-0.025211,-1.043936
171,0.133642,-0.021422,0.302277,-0.720311,0.168466,-0.672917,-0.583662,-0.67144,0.456595,-0.374012,0.721435,0.582816,0.000955,0.005308,0.006205,-0.023032,-0.054549,0.000416,-1.907191,-0.187725,-0.014824,0.306934,-0.75958,0.415338,0.500523,0.057299,-0.723683,0.687702,0.648789,0.550514,0.525234,-0.013557,-0.003736,0.017222,-0.012236,0.004442,-0.027101,0.297799,0.033665,0.037053,-0.028139,0.61086,-0.410005,0.677308,-0.103893,0.806562,0.581948,-0.784892,-0.425856,0.450099,0.000234,0.003896,0.004205,0.020223,0.013288,0.045982,0.170677,0.068118,0.027535,-0.073915,0.769121,-0.044447,-0.637554,0.451587,0.743698,0.49293,0.452239,-0.667035,0.592066,0.000493,0.002742,0.003208,-0.002189,-0.149105,0.172329,-1.041323
172,0.133698,-0.021319,0.302445,-0.719599,0.166114,-0.674262,-0.583796,-0.670515,0.457781,-0.375169,0.722841,0.580323,0.001311,0.007298,0.00852,-0.007347,-0.028448,0.016378,-1.906734,-0.187798,-0.014812,0.307165,-0.7568,0.422955,0.498351,0.047304,-0.724839,0.687244,0.652835,0.54314,0.52789,-0.014219,0.007,0.00865,0.026428,-0.020771,-0.01938,0.309487,0.033624,0.03706,-0.028015,0.607771,-0.417553,0.675472,-0.093901,0.806845,0.583252,-0.78854,-0.417911,0.451169,-0.007119,0.003518,0.004342,-0.00246,0.001747,-0.008412,0.203499,0.068146,0.027588,-0.073829,0.768113,-0.042082,-0.638929,0.451749,0.74278,0.494166,0.453789,-0.668211,0.589549,0.0007,0.003912,0.004565,0.025047,-0.109881,0.195245,-1.04214
173,0.133788,-0.021111,0.302642,-0.716726,0.16973,-0.676417,-0.591396,-0.66197,0.460455,-0.368729,0.729837,0.575677,0.000449,0.002502,0.002915,-0.003997,-0.006694,-0.004094,-1.906227,-0.187957,-0.015025,0.307584,-0.747375,0.44116,0.496789,0.029923,-0.724478,0.6886,0.664621,0.528945,0.527598,-0.013991,-0.010655,0.009744,-0.037824,0.028152,-0.045949,0.321408,0.03355,0.036967,-0.027799,0.596786,-0.435209,0.67412,-0.077282,0.805048,0.588153,-0.798669,-0.403099,0.446808,0.000318,-0.005446,0.004195,-0.032243,0.013157,-0.019165,0.230442,0.068194,0.027708,-0.073712,0.765937,-0.046111,-0.641258,0.460414,0.735503,0.497044,0.448729,-0.675949,0.584579,0.000205,0.001158,0.001348,0.018142,0.013162,0.004955,-1.042793
174,0.133748,-0.021107,0.302709,-0.716193,0.164741,-0.678213,-0.590882,-0.660299,0.463503,-0.37058,0.732495,0.571094,1.6e-05,8.8e-05,0.000102,-0.073406,-0.123163,-0.075311,-1.906802,-0.188097,-0.015689,0.307893,-0.727517,0.470892,0.49897,0.002738,-0.725136,0.688553,0.686954,0.501701,0.525598,-0.014319,-0.015527,0.004495,-0.040099,0.042688,-0.070894,0.339009,0.03348,0.036637,-0.027643,0.573851,-0.462746,0.675691,-0.05057,0.803465,0.593199,-0.817396,-0.374578,0.437669,0.000179,-0.007624,0.00185,-0.044059,0.113417,-0.189411,0.260977,0.068174,0.02771,-0.073678,0.764776,-0.041632,-0.642948,0.460158,0.733768,0.499838,0.450965,-0.678123,0.580326,-1.5e-05,-7.3e-05,-8.6e-05,-0.099485,-0.158113,-0.095231,-1.042303
175,0.133754,-0.021088,0.30262,-0.714775,0.163936,-0.679903,-0.594076,-0.655336,0.466456,-0.368212,0.737119,0.56666,-0.000122,0.008564,-0.011168,0.017448,-0.029161,-0.025148,-1.906513,-0.188405,-0.015989,0.307879,-0.728252,0.468478,0.500169,0.003697,-0.727015,0.686563,0.68617,0.501244,0.527056,-0.015461,0.008905,-0.009458,0.034917,0.002544,-0.012285,0.335802,0.033326,0.036468,-0.027654,0.574685,-0.46011,0.676783,-0.051024,0.805231,0.590761,-0.816782,-0.374034,0.439278,-9.1e-05,-0.001354,-0.00146,-0.008764,0.005217,0.003578,0.265549,0.068178,0.027721,-0.073721,0.763268,-0.040522,-0.644808,0.463805,0.729167,0.503189,0.449783,-0.683134,0.575345,-8.2e-05,0.004167,-0.005721,0.050168,-0.000423,-0.012047,-1.044752
176,0.133697,-0.021161,0.30255,-0.714724,0.163941,-0.679955,-0.594127,-0.655307,0.466431,-0.368228,0.737143,0.566618,-0.000812,-0.004521,-0.005272,0.002925,-0.090608,0.143901,-1.906537,-0.188565,-0.015932,0.307816,-0.72781,0.471599,0.497873,-0.002528,-0.727705,0.685837,0.686645,0.4973,0.530164,-1.8e-05,-0.000281,-0.000304,0.007063,-0.02082,0.012694,0.335314,0.03324,0.036497,-0.027693,0.574453,-0.463363,0.674757,-0.044628,0.805389,0.591063,-0.817319,-0.369651,0.441979,-0.007661,0.005521,-0.003573,0.017804,-0.033734,0.05282,0.265223,0.068149,0.027685,-0.073755,0.763276,-0.040732,-0.644786,0.463797,0.729334,0.502954,0.449778,-0.682943,0.575575,-0.000435,-0.002428,-0.002833,0.009503,-0.083627,0.14746,-1.045569
177,0.133541,-0.021335,0.30236,-0.714455,0.163982,-0.680227,-0.594359,-0.655239,0.46623,-0.368375,0.737194,0.566456,-0.00088,-0.004886,-0.005708,-0.000538,0.015281,-0.024429,-1.906835,-0.188977,-0.015694,0.307801,-0.718506,0.490911,0.492692,-0.028359,-0.728339,0.684582,0.695804,0.477281,0.536585,-0.014543,0.002015,0.003253,0.062627,-0.046319,-0.072528,0.344917,0.033039,0.036615,-0.027701,0.564211,-0.48246,0.669998,-0.019034,0.803682,0.594754,-0.825411,-0.34832,0.444263,-0.007251,0.001351,0.001999,0.06674,-0.047829,-0.083885,0.269305,0.068071,0.027597,-0.073852,0.763029,-0.040903,-0.645067,0.464079,0.729332,0.502697,0.449907,-0.682935,0.575483,-0.000399,-0.002227,-0.002601,-0.000976,0.015857,-0.023853,-1.040017
178,0.133586,-0.021136,0.301974,-0.713389,0.161558,-0.681924,-0.594349,-0.655053,0.466504,-0.370447,0.737897,0.564185,-2.6e-05,0.009097,-0.010556,0.018412,-0.043883,-0.000422,-1.906553,-0.189634,-0.015671,0.308073,-0.70981,0.509995,0.485866,-0.049425,-0.723997,0.687982,0.703511,0.463676,0.538462,-0.029134,0.003108,0.005483,-0.003489,0.031219,-0.057836,0.369458,0.032717,0.036629,-0.027564,0.554879,-0.501559,0.663737,0.000418,0.797995,0.602663,-0.83193,-0.334127,0.443,-0.00691,-0.003717,0.006603,-0.032157,0.01657,-0.028836,0.290696,0.068092,0.027689,-0.074054,0.761651,-0.038465,-0.646844,0.464144,0.72896,0.503176,0.452169,-0.683474,0.573067,5e-06,0.004608,-0.005208,0.042062,-0.023454,0.008897,-1.040833
179,0.133652,-0.020966,0.301746,-0.71298,0.159015,-0.682949,-0.593905,-0.654749,0.467494,-0.37194,0.738722,0.562119,-6.4e-05,0.008887,-0.010803,-0.191659,-0.398667,-0.218389,-1.906686,-0.189966,-0.015677,0.308228,-0.700463,0.522239,0.486424,-0.061675,-0.723181,0.687851,0.711861,0.451151,0.538126,-0.029125,0.003152,0.005516,-0.002129,0.033182,-0.056323,0.387587,0.03254,0.036628,-0.027484,0.544297,-0.512794,0.663914,0.012303,0.796212,0.604891,-0.838801,-0.321072,0.439685,-0.014567,0.00163,0.002821,0.001662,0.030084,-0.060897,0.311924,0.068125,0.027772,-0.074163,0.761279,-0.038281,-0.647292,0.46403,0.729426,0.502606,0.452912,-0.682987,0.573061,0.00745,0.003648,-0.006138,-0.225317,-0.459581,-0.251724,-1.04116
180,0.1337,-0.020853,0.301497,-0.712816,0.156418,-0.683719,-0.593281,-0.654427,0.468736,-0.373244,0.739564,0.560143,-0.00024,-0.001332,-0.001561,-0.016872,-0.028496,-0.01753,-1.906243,-0.190798,-0.015579,0.308364,-0.699031,0.527345,0.482964,-0.067821,-0.721107,0.689448,0.712709,0.448522,0.5392,-0.015196,0.012132,-0.006021,0.034324,0.002924,-0.011986,0.397903,0.032141,0.036676,-0.02741,0.543056,-0.518154,0.66076,0.017833,0.793844,0.607859,-0.839506,-0.318318,0.440343,-0.014635,0.000522,0.001621,-0.004559,0.031877,-0.06223,0.342133,0.068149,0.027831,-0.074292,0.760381,-0.0334,-0.648617,0.463071,0.728126,0.505368,0.455396,-0.684628,0.56912,-0.00031,-0.006365,0.003152,-0.028845,0.004747,-0.02707,-1.03969
181,0.133603,-0.021056,0.301655,-0.712918,0.153871,-0.68419,-0.592955,-0.653186,0.470876,-0.373568,0.741197,0.557764,-0.000204,-0.010375,0.009062,-0.03265,-0.092081,0.150303,-1.906765,-0.191687,-0.015189,0.308137,-0.704269,0.531286,0.470884,-0.075838,-0.715657,0.694275,0.70672,0.452571,0.543681,-0.015269,0.010877,-0.007382,-0.05915,-1.762142,2.363124,0.393073,0.031685,0.03687,-0.027524,0.548457,-0.522593,0.652756,0.022936,0.78975,0.612998,-0.835863,-0.321232,0.44513,-0.007642,0.005327,-0.003796,0.034007,0.00691,-0.018773,0.345398,0.0681,0.027732,-0.074218,0.760229,-0.030903,-0.648918,0.462673,0.726954,0.507417,0.456053,-0.68599,0.56695,0.000114,0.000643,0.000755,0.011205,0.009737,0.004485,-1.040343
182,0.133475,-0.021228,0.301816,-0.712933,0.15391,-0.684166,-0.593184,-0.652737,0.47121,-0.373175,0.741584,0.557512,-0.000259,-0.010671,0.008716,-0.031591,-0.090209,0.151453,-1.906691,-0.191989,-0.014868,0.307929,-0.705434,0.532143,0.468165,-0.078167,-0.71478,0.69492,0.705304,0.45295,0.545203,-0.015802,0.022547,-0.014946,0.070672,-0.009608,0.005136,0.385128,0.031534,0.037025,-0.027626,0.551483,-0.525226,0.648077,0.026249,0.787438,0.615833,-0.833772,-0.32261,0.448045,-0.007612,0.005611,-0.003495,0.034082,0.006579,-0.018196,0.341316,0.068037,0.027644,-0.074131,0.760188,-0.031082,-0.648959,0.463045,0.726582,0.507609,0.455744,-0.686375,0.566732,-0.000122,-0.005283,0.00442,-0.030436,-0.08814,0.152726,-1.040343
183,0.133223,-0.021519,0.301994,-0.710713,0.154175,-0.686413,-0.595085,-0.652174,0.46959,-0.374383,0.742024,0.556116,-0.015338,-0.000471,-0.000952,0.002175,-0.075498,0.114589,-1.906384,-0.192328,-0.014219,0.307504,-0.70772,0.533881,0.462704,-0.082855,-0.713002,0.696202,0.702473,0.453701,0.548224,-0.015271,0.010511,-0.007779,0.03431,0.002738,-0.012091,0.389678,0.031358,0.037359,-0.027843,0.554507,-0.52778,0.643404,0.030432,0.7855,0.618112,-0.831622,-0.323168,0.451626,-0.007634,0.005178,-0.003966,0.034095,0.003278,-0.01335,0.336254,0.067917,0.027503,-0.074037,0.758195,-0.031661,-0.651258,0.465055,0.726346,0.506106,0.457015,-0.686598,0.565437,-0.000261,-0.006039,0.00354,-0.036287,0.017684,-0.018964,-1.037894
184,0.133064,-0.021563,0.301907,-0.710168,0.154262,-0.686958,-0.595514,-0.652122,0.469118,-0.374735,0.742051,0.555842,-0.000443,-0.002435,-0.002856,-0.0,-0.0,-0.0,-1.906131,-0.192562,-0.013902,0.307317,-0.706038,0.535207,0.463741,-0.082388,-0.712341,0.696933,0.704218,0.453175,0.546417,5.6e-05,0.000729,0.000784,-0.001522,0.00147,0.001043,0.382423,0.031241,0.037514,-0.02794,0.552456,-0.528897,0.64425,0.029702,0.784908,0.6189,-0.833012,-0.32278,0.449337,4.1e-05,0.000479,0.000519,0.011499,-0.007828,-0.00558,0.337724,0.067832,0.02748,-0.074082,0.757647,-0.031857,-0.651885,0.465576,0.726354,0.505615,0.457393,-0.686581,0.565153,-0.000237,-0.001307,-0.001529,-0.000302,0.000267,0.000232,-1.0392
185,0.133051,-0.021552,0.301729,-0.709322,0.154417,-0.687796,-0.596096,-0.652217,0.468245,-0.375411,0.741935,0.555541,-0.000325,-0.001786,-0.002097,-0.0,-0.0,-0.0,-1.906412,-0.192244,-0.013822,0.307441,-0.705995,0.535254,0.463752,-0.082335,-0.712279,0.697003,0.704267,0.453218,0.546319,0.01496,0.004259,0.003549,-0.007971,0.075848,-0.114033,0.375392,0.031394,0.037549,-0.027882,0.552532,-0.528906,0.644179,0.029745,0.784888,0.618922,-0.83296,-0.322813,0.449408,0.007466,0.001946,0.001577,0.002135,-0.015586,0.028985,0.325314,0.067825,0.027483,-0.074174,0.756876,-0.032135,-0.652767,0.466189,0.726546,0.504774,0.458045,-0.686364,0.564887,-0.000194,-0.001074,-0.001262,-0.000205,0.000147,0.000189,-1.039853
186,0.133021,-0.021599,0.30169,-0.708949,0.154499,-0.688161,-0.596419,-0.652136,0.467947,-0.375601,0.741989,0.55534,-0.000269,-0.001479,-0.001737,-0.0,-0.0,-0.0,-1.906519,-0.191951,-0.013723,0.307543,-0.70595,0.535286,0.463783,-0.082321,-0.712264,0.69702,0.704314,0.453202,0.546271,0.015051,0.005594,0.004972,0.003743,-0.030634,0.053525,0.380609,0.031536,0.037597,-0.027834,0.552474,-0.528912,0.644223,0.02971,0.784889,0.618922,-0.833,-0.322799,0.449345,0.00024,0.003196,0.003421,0.001579,-0.015603,0.024157,0.32466,0.06781,0.02746,-0.074193,0.756539,-0.03227,-0.653151,0.466538,0.726518,0.504492,0.458246,-0.686388,0.564694,-0.000189,-0.001045,-0.001227,-0.000158,0.000137,0.00015,-1.040017
187,0.132967,-0.021685,0.301683,-0.70611,0.154862,-0.690993,-0.598534,-0.652002,0.465428,-0.377579,0.742031,0.553941,-7.9e-05,-0.000434,-0.00051,0.0,-0.0,0.0,-1.906229,-0.191513,-0.013483,0.307664,-0.705513,0.534894,0.464899,-0.081679,-0.712862,0.696484,0.704827,0.452727,0.546005,0.014888,0.003625,0.002847,-0.009695,0.091303,-0.138294,0.393249,0.031761,0.037725,-0.027764,0.55191,-0.528369,0.645152,0.029258,0.785446,0.618237,-0.83339,-0.322335,0.448954,0.007463,0.002079,0.001702,0.003632,-0.030726,0.053446,0.338214,0.067783,0.027415,-0.074198,0.753917,-0.033017,-0.656138,0.468781,0.726752,0.50207,0.460274,-0.686105,0.563389,-3.5e-05,-0.000205,-0.00024,-0.000467,0.001153,-0.001271,-1.04116
188,0.132912,-0.021666,0.301688,-0.705958,0.154881,-0.691144,-0.598645,-0.651996,0.465292,-0.377686,0.742032,0.553867,7.8e-05,0.000427,0.000502,-0.0,-0.0,-0.0,-1.906714,-0.191082,-0.013284,0.307846,-0.704055,0.53673,0.464993,-0.081296,-0.711269,0.698155,0.706327,0.453056,0.543788,0.015052,0.006096,0.005473,0.003532,-0.030429,0.05367,0.390489,0.031976,0.03782,-0.027678,0.550167,-0.530009,0.645295,0.02831,0.784152,0.619921,-0.834574,-0.322792,0.44642,0.007515,0.002914,0.002587,0.009181,-0.034586,0.050719,0.342786,0.067755,0.027425,-0.074196,0.753788,-0.033058,-0.656285,0.468895,0.726762,0.50195,0.46037,-0.686093,0.563325,5e-05,0.000268,0.000318,-6.4e-05,8.8e-05,4.4e-05,-1.042303
189,0.132868,-0.021664,0.301704,-0.705813,0.154907,-0.691286,-0.598774,-0.651952,0.465187,-0.377752,0.742065,0.553778,-0.014996,0.001469,0.001315,-0.000984,0.014715,-0.029553,-1.906271,-0.190877,-0.013176,0.307948,-0.704104,0.536844,0.464788,-0.081462,-0.711158,0.698249,0.706259,0.453096,0.543843,0.014986,0.005311,0.004625,0.002041,-0.015202,0.029247,0.388768,0.032079,0.037877,-0.027625,0.550279,-0.530131,0.6451,0.028478,0.784059,0.620032,-0.834494,-0.322819,0.446548,0.000223,0.003146,0.003351,-0.009388,0.090389,-0.143737,0.341316,0.067739,0.027426,-0.074186,0.75364,-0.033113,-0.656451,0.469051,0.726739,0.501837,0.460452,-0.686114,0.563232,1.5e-05,8.5e-05,0.000101,-6.9e-05,3.5e-05,5.1e-05,-1.041813
190,0.132805,-0.021622,0.301737,-0.704984,0.155076,-0.692094,-0.59945,-0.651834,0.464482,-0.378229,0.742133,0.55336,0.000114,0.000625,0.000734,-0.0,-0.0,-0.0,-1.905962,-0.190523,-0.013028,0.30814,-0.697562,0.545092,0.46505,-0.089647,-0.710203,0.698218,0.711736,0.444669,0.543658,0.000305,0.004325,0.004606,0.001722,-0.015408,0.024295,0.388981,0.032261,0.037954,-0.027525,0.54297,-0.53775,0.644986,0.036421,0.782425,0.621679,-0.838961,-0.314062,0.444418,0.000143,0.002092,0.002221,0.003582,-0.016848,0.022654,0.339683,0.067702,0.027448,-0.07417,0.752901,-0.033385,-0.657284,0.469756,0.726737,0.50118,0.460941,-0.686103,0.562844,7.1e-05,0.000393,0.000464,-2.1e-05,2.6e-05,5.3e-05,-1.041976
191,0.132789,-0.021638,0.301686,-0.704407,0.152608,-0.693229,-0.599407,-0.651018,0.465681,-0.379367,0.743364,0.550924,-0.000231,-0.001266,-0.001488,-0.000396,-0.000679,-0.000416,-1.906087,-0.190333,-0.012962,0.308348,-0.692176,0.551241,0.46585,-0.097705,-0.710966,0.696358,0.715921,0.435788,0.545353,0.015479,-0.007091,0.011377,-0.010273,-0.026207,-0.004522,0.386645,0.03235,0.037989,-0.027427,0.537063,-0.543139,0.645416,0.044909,0.782451,0.621089,-0.842345,-0.304579,0.444618,0.000168,0.002458,0.002608,0.005864,-0.026641,0.015429,0.337724,0.067694,0.027443,-0.074192,0.751995,-0.030923,-0.658442,0.469772,0.725865,0.502428,0.462404,-0.687141,0.560373,-0.000152,-0.000831,-0.000975,0.007394,0.0064,0.002945,-1.041813
192,0.132714,-0.021735,0.301571,-0.704453,0.152586,-0.693187,-0.599365,-0.651025,0.465725,-0.379349,0.743362,0.55094,-0.00058,-0.003165,-0.003724,-0.000532,0.015293,-0.024422,-1.906326,-0.190254,-0.012783,0.308548,-0.692184,0.551272,0.465802,-0.097727,-0.710926,0.696396,0.71591,0.435814,0.545346,0.000387,0.005565,0.005906,0.001713,-0.015428,0.024278,0.377688,0.032395,0.038071,-0.027327,0.536949,-0.543284,0.645389,0.044717,0.782282,0.621315,-0.842428,-0.304755,0.44434,0.000176,0.002571,0.002724,0.000572,-0.014903,0.024624,0.331519,0.067657,0.027396,-0.074248,0.752036,-0.030974,-0.658392,0.469736,0.72591,0.502397,0.462373,-0.687091,0.56046,-0.00774,-0.000585,-0.000895,-0.000993,0.014993,-0.029338,-1.040507
193,0.132695,-0.021762,0.301506,-0.704146,0.152646,-0.693486,-0.599598,-0.651015,0.465441,-0.379552,0.743359,0.550804,-0.000407,-0.002221,-0.002614,-0.0,-0.0,-0.0,-1.906686,-0.190268,-0.01266,0.308665,-0.692167,0.551242,0.465863,-0.0977,-0.71097,0.696355,0.715931,0.43578,0.545346,-0.000174,0.017338,-0.001548,0.038076,-0.027765,0.041499,0.37351,0.032388,0.038128,-0.027266,0.536914,-0.54324,0.645454,0.044665,0.782317,0.621275,-0.842453,-0.304742,0.444301,0.0002,0.002947,0.003124,-0.000267,-4.4e-05,-3.2e-05,0.325314,0.067647,0.027376,-0.074279,0.751768,-0.031078,-0.658694,0.469986,0.725921,0.502146,0.462555,-0.687075,0.56033,-0.000156,-0.000866,-0.001019,-0.000116,0.000134,0.00013,-1.040996
194,0.132646,-0.021816,0.301378,-0.703654,0.152735,-0.693966,-0.599959,-0.651013,0.464976,-0.379893,0.743342,0.550592,-0.000475,-0.002588,-0.003049,0.003664,-0.105568,0.168526,-1.907261,-0.190302,-0.012329,0.308839,-0.692005,0.551017,0.46637,-0.097557,-0.711367,0.69597,0.716106,0.435419,0.545405,0.000379,0.005453,0.005767,0.001707,-0.015432,0.024277,0.369043,0.032372,0.038298,-0.027181,0.53669,-0.542934,0.645898,0.044647,0.782684,0.620815,-0.842596,-0.304348,0.4443,0.000152,0.002206,0.002333,-0.000108,-7.1e-05,-6.9e-05,0.319272,0.067622,0.027353,-0.074347,0.751418,-0.031196,-0.659088,0.470261,0.726,0.501775,0.462845,-0.686986,0.5602,-0.000277,-0.001519,-0.001789,-0.000631,0.015364,-0.024337,-1.041649
