frame,MLTx,MLTy,MLTz,MLTR1,MLTR2,MLTR3,MLTR4,MLTR5,MLTR6,MLTR7,MLTR8,MLTR9,MLTTVx,MLTTVy,MLTTVz,MLTRVx,MLTRVy,MLTRVz,MLGA,MRTx,MRTy,MRTz,MRTR1,MRTR2,MRTR3,MRTR4,MRTR5,MRTR6,MRTR7,MRTR8,MRTR9,MRTTVx,MRTTVy,MRTTVz,MRTRVx,MRTRVy,MRTRVz,MRGA,SLTx,SLTy,SLTz,SLTR1,SLTR2,SLTR3,SLTR4,SLTR5,SLTR6,SLTR7,SLTR8,SLTR9,SLTTVx,SLTTVy,SLTTVz,SLTRVx,SLTRVy,SLTRVz,SLGA,SRTx,SRTy,SRTz,SRTR1,SRTR2,SRTR3,SRTR4,SRTR5,SRTR6,SRTR7,SRTR8,SRTR9,SRTTVx,SRTTVy,SRTTVz,SRTRVx,SRTRVy,SRTRVz,SRGA
877,0.133164,0.167187,0.241664,-0.505999,0.852387,-0.132084,-0.453541,-0.132608,0.881299,0.734322,0.504782,0.453865,-0.065377,-0.049322,0.043353,0.260511,0.320304,0.30662,-1.91235,-0.112381,-0.012543,0.403288,0.460827,0.520922,0.71852,-0.686684,0.722157,-0.08299,-0.562669,-0.45581,0.689568,-0.000777,0.00453,0.002932,0.001277,-0.010275,0.026893,0.040314,0.023322,0.037548,-0.007375,-0.496683,-0.493726,0.71382,0.656762,-0.751478,-0.062792,0.567423,0.437622,0.697507,-0.000361,0.002093,0.001355,0.001283,-0.010278,0.026891,-0.126185,0.112565,0.113872,-0.141281,-0.568434,0.816272,-0.102867,-0.409859,-0.172543,0.89568,0.71337,0.551297,0.432636,-0.027379,-0.024626,0.021949,0.552509,-0.903185,-0.206455,-0.874277
878,0.131976,0.166087,0.242564,-0.509361,0.849488,-0.137723,-0.459934,-0.133395,0.87786,0.727993,0.509435,0.458835,-0.066337,-0.059227,0.049246,0.38808,0.718568,0.4728,-1.911591,-0.112403,-0.012472,0.403323,0.460982,0.520822,0.718493,-0.686584,0.722265,-0.082887,-0.562665,-0.455754,0.689608,-0.000604,0.003523,0.002278,0.0,0.0,0.0,0.041596,0.02331,0.037587,-0.007355,-0.496851,-0.493608,0.713785,0.656644,-0.751591,-0.062676,0.567412,0.437562,0.697554,-0.00035,0.002034,0.001316,0.001288,-0.010272,0.026887,-0.125205,0.111947,0.113304,-0.140814,-0.572534,0.81273,-0.108041,-0.415512,-0.174028,0.892783,0.70679,0.556041,0.437337,-0.033917,-0.036332,0.025715,-0.018273,0.394718,0.12298,-0.875093
879,0.129203,0.163475,0.244706,-0.52547,0.837658,-0.149188,-0.46932,-0.139041,0.871997,0.710345,0.527183,0.466386,-0.077576,-0.065376,0.058892,1.264902,-4.184462,-1.923146,-1.912158,-0.112438,-0.012328,0.403393,0.461312,0.520611,0.718433,-0.686372,0.722491,-0.082666,-0.562652,-0.455636,0.689697,-0.000485,0.002827,0.001826,0.0,0.0,0.0,0.041826,0.023292,0.037662,-0.007318,-0.497171,-0.493384,0.713717,0.656418,-0.751806,-0.062458,0.567392,0.437445,0.697643,-0.000241,0.0014,0.000904,5e-06,-0.0,2e-06,-0.123899,0.110536,0.111978,-0.139722,-0.586457,0.801193,-0.11898,-0.424989,-0.179321,0.887258,0.68953,0.570904,0.445663,-0.038833,-0.032472,0.029712,1.223229,-4.162084,-1.966899,-0.880155
880,0.126072,0.160264,0.247167,-0.533502,0.830386,-0.160875,-0.479908,-0.140494,0.86598,0.697159,0.538175,0.473671,-0.09186,-0.089074,0.066745,0.515585,0.326451,0.39457,-1.911957,-0.112468,-0.012205,0.403449,0.461589,0.520433,0.718384,-0.68619,0.722685,-0.082486,-0.562648,-0.455531,0.689769,-0.000391,0.002283,0.001473,0.0,0.0,0.0,0.042176,0.023277,0.037722,-0.007291,-0.497439,-0.493195,0.713661,0.656224,-0.75199,-0.06228,0.567382,0.437342,0.697716,-0.000232,0.00135,0.000872,-7e-06,-1.5e-05,1.4e-05,-0.123572,0.109007,0.110413,-0.13851,-0.59596,0.792363,-0.130352,-0.435088,-0.182184,0.881763,0.674929,0.58221,0.453322,-0.040625,-0.044923,0.033264,0.420764,-0.706051,-0.577249,-0.887013
881,0.124379,0.158503,0.248513,-0.533928,0.829036,-0.166326,-0.486299,-0.140095,0.862472,0.692383,0.540352,0.478176,-0.082951,-0.101032,0.071468,1.338615,-3.85778,-2.087699,-1.911897,-0.112479,-0.01214,0.403467,0.461741,0.520334,0.718359,-0.686076,0.722803,-0.082402,-0.562663,-0.455457,0.689806,-0.000385,0.002247,0.001449,0.0,0.0,0.0,0.042581,0.023271,0.037755,-0.007282,-0.497586,-0.493089,0.713631,0.656103,-0.752103,-0.062197,0.567393,0.437268,0.697754,-0.000191,0.001109,0.000716,5e-06,-0.0,-6e-06,-0.123572,0.108157,0.109534,-0.13784,-0.592146,0.794238,-0.136189,-0.442801,-0.1795,0.878467,0.673267,0.580486,0.45798,-0.04588,-0.043111,0.035059,0.107232,0.580618,0.286015,-0.879829
882,0.120804,0.154746,0.25136,-0.539387,0.823027,-0.178139,-0.497849,-0.140998,0.855709,0.679825,0.549222,0.486025,-0.084166,-0.100729,0.072628,0.158549,0.721099,0.179706,-1.911783,-0.11253,-0.012015,0.403466,0.461965,0.520166,0.718337,-0.685841,0.723033,-0.08234,-0.562766,-0.455284,0.689837,-0.000302,0.001765,0.001137,0.0,0.0,0.0,0.046836,0.023246,0.037817,-0.007283,-0.497802,-0.492912,0.713603,0.655858,-0.752321,-0.062138,0.567488,0.437091,0.697788,-0.00674,-2.1e-05,0.000579,-0.00204,0.015201,-0.029251,-0.12096,0.106372,0.107663,-0.136411,-0.600774,0.785435,-0.148866,-0.455638,-0.183419,0.871063,0.656859,0.591141,0.468068,-0.047287,-0.049284,0.037226,0.251573,0.520304,0.317426,-0.887993
883,0.117356,0.15045,0.254268,-0.547369,0.813698,-0.195776,-0.511559,-0.140092,0.847735,0.663054,0.563163,0.493188,-0.087703,-0.115279,0.075322,0.134852,0.412433,1.27765,-1.911034,-0.112626,-0.011854,0.403407,0.462173,0.519974,0.718342,-0.685501,0.723349,-0.082395,-0.56301,-0.455001,0.689824,-0.000351,0.002053,0.001322,0.0,0.0,0.0,0.046662,0.023198,0.037897,-0.007313,-0.498001,-0.492712,0.713603,0.655506,-0.752623,-0.062197,0.56772,0.436797,0.697783,-0.00018,0.001055,0.00068,-3e-06,-3e-06,1.1e-05,-0.119163,0.10465,0.105524,-0.134954,-0.610331,0.774946,-0.164176,-0.466964,-0.184558,0.864801,0.639874,0.60448,0.474514,-0.043865,-0.057728,0.037649,-0.966236,-0.60197,2.290437,-0.880972
884,0.115584,0.14813,0.255757,-0.551873,0.808541,-0.204307,-0.517274,-0.139651,0.844332,0.654832,0.570642,0.49557,-0.090705,-0.129831,0.077736,1.288309,-3.869859,-2.259993,-1.912001,-0.112691,-0.011762,0.403362,0.462269,0.519871,0.718354,-0.685302,0.72353,-0.082458,-0.563173,-0.454829,0.689804,-0.001705,0.01122,-0.008868,0.035648,-0.002709,0.022202,0.046402,0.023166,0.037943,-0.007335,-0.498093,-0.492606,0.713612,0.655301,-0.752797,-0.062262,0.567876,0.436619,0.697768,-0.000854,0.005619,-0.004428,0.035644,-0.002706,0.022218,-0.119,0.103766,0.104371,-0.134209,-0.609207,0.773614,-0.174317,-0.475678,-0.180608,0.860877,0.634504,0.607372,0.478019,-0.049585,-0.056841,0.038586,0.122923,0.324447,1.253764,-0.876563
885,0.111836,0.14336,0.258835,-0.554031,0.803809,-0.21676,-0.53092,-0.140523,0.835673,0.64195,0.577072,0.504891,-0.102626,-0.12624,0.082275,0.130364,0.710187,0.361654,-1.911148,-0.112794,-0.011491,0.4033,0.462863,0.519425,0.718294,-0.684657,0.724156,-0.082317,-0.563471,-0.45434,0.689883,-0.000633,0.003705,0.002382,0.0,0.0,0.0,0.048704,0.023114,0.038077,-0.007367,-0.498665,-0.492136,0.713536,0.654628,-0.753393,-0.06213,0.56815,0.436119,0.697857,-0.00033,0.00194,0.001249,2e-06,-1.1e-05,1.4e-05,-0.11851,0.101896,0.10198,-0.132675,-0.615678,0.765555,-0.186718,-0.488872,-0.18525,0.852458,0.618014,0.616122,0.488314,-0.045988,-0.06432,0.040301,0.078303,0.316046,0.974544,-0.87248
886,0.108162,0.138311,0.26193,-0.570405,0.788955,-0.228544,-0.542349,-0.152729,0.826138,0.617589,0.594204,0.515299,-0.094645,-0.131935,0.078959,0.350419,0.45336,0.011961,-1.911242,-0.113004,-0.011119,0.403191,0.463247,0.519051,0.718317,-0.68396,0.724796,-0.082483,-0.564003,-0.453746,0.68984,-0.015477,0.013063,-0.006511,0.034902,0.002117,0.019806,0.052173,0.02301,0.038261,-0.007423,-0.499033,-0.491746,0.713548,0.653907,-0.754004,-0.062304,0.568656,0.435503,0.697829,-0.007748,0.006592,-0.003215,0.034915,0.002125,0.019813,-0.115081,0.100022,0.099415,-0.131091,-0.630949,0.750127,-0.198016,-0.499855,-0.197853,0.843207,0.593335,0.631,0.49979,-0.047408,-0.066215,0.039312,0.375941,0.459823,0.013851,-0.864969
887,0.104743,0.132897,0.265017,-0.57598,0.781887,-0.238631,-0.55237,-0.156981,0.818668,0.603361,0.602377,0.522613,-0.087888,-0.148969,0.081329,0.091961,0.851717,0.058151,-1.910932,-0.113417,-0.010611,0.403004,0.462906,0.516533,0.720349,-0.682774,0.726005,-0.08167,-0.565718,-0.454683,0.687815,-0.015733,0.014708,-0.005465,0.033971,0.0069,0.021694,0.055667,0.022809,0.038509,-0.007514,-0.498544,-0.489088,0.715714,0.652668,-0.755151,-0.061409,0.570506,0.436508,0.695688,-0.007839,0.007201,-0.002825,0.039337,-0.014662,0.014326,-0.110999,0.098346,0.096764,-0.129579,-0.636508,0.742584,-0.208384,-0.51017,-0.202741,0.835835,0.57843,0.638328,0.507891,-0.04279,-0.067556,0.039219,0.240354,0.867056,0.167064,-0.855988
888,0.103005,0.130095,0.266614,-0.58018,0.776784,-0.245036,-0.55835,-0.160196,0.813974,0.593749,0.608103,0.526973,-0.088276,-0.147791,0.083508,0.689518,-0.596678,-0.444934,-1.910907,-0.113734,-0.01025,0.402825,0.46444,0.513231,0.721721,-0.681991,0.727138,-0.078051,-0.565407,-0.456605,0.686796,-0.030149,0.021816,-0.0158,0.020179,0.265061,0.081148,0.05582,0.022656,0.038689,-0.007598,-0.500271,-0.486361,0.716366,0.651859,-0.756109,-0.058121,0.569919,0.437894,0.695298,-0.007957,0.00796,-0.002341,-0.042748,0.382824,0.164412,-0.109039,0.097476,0.095359,-0.128785,-0.640114,0.737857,-0.214054,-0.515056,-0.205409,0.83218,0.570061,0.64294,0.511523,-0.043253,-0.06769,0.039465,1.707287,-3.638174,-2.383317,-0.854355
889,0.099411,0.124354,0.270004,-0.603535,0.754168,-0.258885,-0.565628,-0.176028,0.805638,0.562764,0.631726,0.533148,-0.088706,-0.144428,0.088818,0.502258,-0.826138,-0.521035,-1.910366,-0.114609,-0.009251,0.402181,0.478006,0.498658,0.723079,-0.67106,0.73846,-0.065488,-0.567196,-0.454556,0.686681,-0.018468,0.033742,-0.025372,0.052606,0.246176,0.138452,0.054813,0.022225,0.039174,-0.007907,-0.513289,-0.471304,0.717221,0.640291,-0.766775,-0.045635,0.571456,0.435807,0.695349,-0.008629,0.012716,-0.007315,-0.070482,0.421626,0.260162,-0.108713,0.095677,0.092481,-0.127097,-0.66168,0.714401,-0.227616,-0.522719,-0.221888,0.823122,0.537534,0.663623,0.52025,-0.045425,-0.078739,0.046287,1.477731,-4.164362,-2.194537,-0.847007
890,0.095891,0.118369,0.273726,-0.629217,0.728941,-0.26977,-0.572282,-0.199556,0.795389,0.526738,0.653951,0.543067,-0.091,-0.153494,0.098945,0.254856,0.796196,0.025056,-1.910787,-0.115661,-0.007983,0.401264,0.492804,0.48011,0.725692,-0.657598,0.751627,-0.050548,-0.570313,-0.452911,0.685185,-0.033207,0.043545,-0.03396,-0.425763,-0.039112,0.95871,0.054134,0.021681,0.03983,-0.008386,-0.52711,-0.451975,0.719633,0.625846,-0.779327,-0.031052,0.574865,0.434012,0.693659,-0.016609,0.021854,-0.016911,-0.502351,0.015525,1.042981,-0.109202,0.093884,0.089433,-0.125204,-0.687168,0.686501,-0.23773,-0.52756,-0.246552,0.812953,0.49948,0.684052,0.531593,-0.045487,-0.076674,0.049625,0.274636,0.810332,0.022779,-0.836557
891,0.094108,0.115313,0.27571,-0.636788,0.718574,-0.279639,-0.578223,-0.205027,0.78968,0.5109,0.663659,0.546411,-0.09324,-0.164474,0.106368,0.264814,-0.036365,0.6691,-1.910571,-0.116293,-0.007234,0.400718,0.496952,0.474752,0.726389,-0.654227,0.754877,-0.04563,-0.570596,-0.453148,0.684793,-0.033205,0.043952,-0.03369,0.079839,0.268609,0.377554,0.054831,0.021389,0.040175,-0.008637,-0.531227,-0.447267,0.719548,0.622593,-0.782096,-0.026499,0.574608,0.433908,0.693936,-0.015905,0.017257,-0.011841,-0.042008,0.674165,0.284873,-0.109202,0.092992,0.087905,-0.124212,-0.694715,0.675516,-0.247075,-0.532618,-0.252265,0.807885,0.483412,0.692848,0.535045,-0.046598,-0.082148,0.053349,0.362795,-0.065726,0.7668,-0.832311
892,0.090251,0.109194,0.280034,-0.659505,0.693231,-0.290737,-0.577017,-0.218872,0.786841,0.482647,0.685825,0.544723,-0.093159,-0.159779,0.1132,0.026136,0.558155,0.068969,-1.910598,-0.117712,-0.005792,0.39956,0.50286,0.462569,0.730173,-0.646761,0.761751,-0.037002,-0.573933,-0.454226,0.68128,-0.032572,0.040869,-0.035606,0.122036,0.064577,0.263861,0.05482,0.020683,0.040905,-0.009211,-0.536024,-0.433388,0.724466,0.614517,-0.788716,-0.017149,0.578831,0.436005,0.689095,-0.016309,0.020675,-0.017628,0.124395,0.065318,0.29738,-0.109202,0.091138,0.084959,-0.122134,-0.716114,0.648648,-0.257752,-0.530434,-0.265721,0.805004,0.453674,0.713195,0.534351,-0.046522,-0.079888,0.056597,-0.457561,-2.33424,0.90674,-0.828066
893,0.086677,0.103077,0.284447,-0.676186,0.671372,-0.30344,-0.580077,-0.231141,0.781061,0.455085,0.703327,0.546128,-0.094132,-0.158525,0.116749,-0.07153,0.035839,-0.134338,-1.910435,-0.119316,-0.004547,0.39844,0.505599,0.452041,0.73486,-0.640044,0.767641,-0.031686,-0.579042,-0.454894,0.676494,-0.043875,0.02825,-0.026509,0.08542,0.073416,0.209302,0.053333,0.019885,0.041532,-0.009775,-0.538463,-0.422749,0.72893,0.607414,-0.794294,-0.011959,0.584041,0.436323,0.684483,-0.021935,0.014205,-0.013179,0.074004,0.16564,0.034495,-0.109039,0.089345,0.08191,-0.119927,-0.730192,0.627531,-0.270228,-0.534529,-0.278339,0.798,0.425555,0.727139,0.538674,-0.047015,-0.07943,0.057951,1.145312,-5.177948,-1.051166,-0.821207
894,0.083221,0.097227,0.288925,-0.676366,0.666617,-0.313362,-0.589492,-0.234708,0.772905,0.442523,0.706663,0.552112,-0.093837,-0.154179,0.122936,0.35314,0.562285,0.347003,-1.909859,-0.12086,-0.003759,0.397689,0.507797,0.447275,0.73626,-0.63598,0.771093,-0.029646,-0.581598,-0.453758,0.675063,-0.042065,0.016447,-0.018055,0.065418,0.038793,-0.044027,0.05301,0.019096,0.041943,-0.010162,-0.540829,-0.417831,0.730014,0.602896,-0.797757,-0.009951,0.586532,0.434741,0.683358,-0.021042,0.008382,-0.008901,0.078922,-0.049821,0.134649,-0.110019,0.087585,0.078919,-0.11765,-0.732474,0.620533,-0.280034,-0.541672,-0.282035,0.791862,0.412398,0.731706,0.542709,-0.04593,-0.07103,0.058676,-0.042648,-0.314956,0.405417,-0.817125
895,0.081434,0.094379,0.291304,-0.680734,0.657362,-0.323297,-0.595432,-0.23935,0.766905,0.427598,0.713743,0.554759,-0.093414,-0.151351,0.12655,0.462174,-2.039198,1.276711,-1.910231,-0.121648,-0.003525,0.397413,0.507566,0.444506,0.738093,-0.634667,0.772218,-0.028459,-0.583232,-0.454561,0.67311,-0.041998,0.016266,-0.018171,0.073578,-0.033904,0.17215,0.054018,0.018702,0.042058,-0.010302,-0.540308,-0.415027,0.731997,0.601611,-0.79874,-0.008803,0.588329,0.435621,0.68125,-0.020185,0.002477,-0.004682,0.035251,0.027407,-0.070131,-0.109856,0.086691,0.077493,-0.116464,-0.7358,0.613071,-0.287646,-0.547098,-0.287824,0.786028,0.399099,0.735731,0.547191,-0.045634,-0.069434,0.060415,2.1871,-3.38899,-2.816264,-0.813696
896,0.078123,0.088863,0.296083,-0.692526,0.636292,-0.339979,-0.606086,-0.257466,0.752558,0.392173,0.726431,0.564381,-0.079875,-0.140115,0.122597,0.588554,-2.221435,1.400973,-1.910022,-0.123267,-0.003295,0.397133,0.512378,0.438281,0.738491,-0.624848,0.780154,-0.029322,-0.589607,-0.446975,0.672637,-0.040818,0.00826,-0.007359,0.029769,0.041626,-0.066146,0.054268,0.017893,0.042171,-0.010449,-0.545113,-0.408703,0.731992,0.591356,-0.80635,-0.009838,0.594263,0.427506,0.681241,-0.019788,-0.000322,0.001478,-0.005012,0.03377,-0.061829,-0.109039,0.085032,0.074736,-0.114069,-0.746757,0.591568,-0.303972,-0.557037,-0.306568,0.771831,0.363403,0.745695,0.558458,-0.038922,-0.063991,0.058202,2.285368,-3.331437,-2.902205,-0.804878
897,0.075315,0.083783,0.300654,-0.695755,0.627327,-0.349902,-0.616213,-0.270866,0.739517,0.370005,0.729356,0.575467,-0.066529,-0.130648,0.116644,0.478797,0.652794,0.407029,-1.909864,-0.124794,-0.003297,0.397273,0.516081,0.432899,0.739088,-0.616402,0.786808,-0.030281,-0.595252,-0.440496,0.671939,-0.026708,0.002113,0.003509,-0.003196,0.030374,-0.057678,0.056454,0.017125,0.042173,-0.010383,-0.548584,-0.403171,0.732466,0.582639,-0.812657,-0.01094,0.599655,0.420763,0.680714,-0.019921,0.000753,0.002137,-0.002426,0.034542,-0.058683,-0.10757,0.083624,0.072195,-0.111778,-0.750456,0.580253,-0.31642,-0.56719,-0.319658,0.759021,0.339278,0.749082,0.569003,-0.032147,-0.058972,0.055582,0.063017,0.388009,0.193637,-0.805858
898,0.072851,0.079146,0.30506,-0.708797,0.601909,-0.36791,-0.624132,-0.291897,0.724726,0.329706,0.742559,0.583032,-0.051723,-0.118487,0.112653,0.83975,-0.737311,-0.624939,-1.909286,-0.126155,-0.003338,0.397457,0.518636,0.428322,0.739965,-0.608717,0.792699,-0.032046,-0.600922,-0.434352,0.670891,-0.026318,-0.00052,0.00185,-0.004009,0.030407,-0.058418,0.080153,0.016443,0.04216,-0.010286,-0.550956,-0.398482,0.733251,0.574741,-0.818234,-0.012812,0.605077,0.414371,0.679835,-0.01967,-0.000937,0.00107,-0.016849,0.121624,-0.2713,-0.092547,0.082385,0.069868,-0.109577,-0.760853,0.556171,-0.334327,-0.575588,-0.340494,0.743478,0.299665,0.758113,0.579192,-0.031936,-0.057848,0.057027,2.484171,-3.570593,-2.666674,-0.812716
899,0.071733,0.076982,0.307232,-0.711704,0.596222,-0.37154,-0.626781,-0.299968,0.719122,0.318189,0.743935,0.587659,-0.061365,-0.10213,0.109871,0.192762,0.427303,0.259281,-1.910014,-0.126797,-0.003342,0.397437,0.517478,0.429,0.740382,-0.609313,0.792201,-0.033002,-0.601315,-0.434591,0.670384,-0.039111,-0.003429,0.001117,-0.006134,0.045616,-0.087736,0.092277,0.016127,0.042158,-0.010296,-0.549852,-0.399198,0.733691,0.575375,-0.817773,-0.013741,0.605479,0.414592,0.679343,-0.01373,0.003962,-0.004328,0.032824,0.01517,-0.010834,-0.076871,0.081829,0.06878,-0.10849,-0.764389,0.549146,-0.337855,-0.577365,-0.349759,0.737779,0.286981,0.759017,0.58441,-0.025902,-0.058979,0.056905,0.361951,0.384565,0.463199,-0.815982
900,0.069809,0.0732,0.311433,-0.721569,0.578912,-0.379795,-0.629285,-0.319487,0.708449,0.289685,0.749474,0.595313,-0.033589,-0.091905,0.104246,0.285432,0.288798,0.510475,-1.910223,-0.127972,-0.003365,0.397225,0.520908,0.416963,0.744841,-0.595613,0.802569,-0.032581,-0.612001,-0.427194,0.66545,-0.025477,-0.00688,-0.002125,0.099086,0.065773,0.0267,0.095562,0.015534,0.042152,-0.010398,-0.552617,-0.386782,0.73825,0.561352,-0.827469,-0.013327,0.616034,0.407053,0.674394,-0.019916,0.000923,-0.005685,0.408603,0.017683,0.26782,-0.060052,0.080855,0.066881,-0.10639,-0.773689,0.530931,-0.345709,-0.578296,-0.368908,0.727653,0.258799,0.762901,0.592456,-0.022851,-0.04425,0.053251,0.329785,0.447813,0.336937,-0.81239
901,0.068417,0.069722,0.315734,-0.738774,0.552166,-0.386486,-0.625021,-0.346596,0.699423,0.253159,0.757591,0.60166,-0.031065,-0.08544,0.110373,0.093601,0.27676,0.256901,-1.909841,-0.129358,-0.003437,0.396679,0.527658,0.389627,0.754825,-0.566261,0.82367,-0.029169,-0.633729,-0.412531,0.65427,-0.039011,-0.004858,-0.015612,1.21234,0.313014,1.124358,0.092539,0.014831,0.042116,-0.010671,-0.558196,-0.359439,0.747809,0.531453,-0.847023,-0.010427,0.63716,0.391605,0.66383,-0.019457,-0.002753,-0.007984,1.228657,0.301709,1.132389,-0.05646,0.080169,0.065174,-0.104288,-0.78904,0.503457,-0.35206,-0.572904,-0.396106,0.717552,0.221803,0.767874,0.600976,-0.015807,-0.04325,0.054776,0.555403,0.098171,0.075173,-0.813859
902,0.067839,0.068131,0.317841,-0.744081,0.542014,-0.390653,-0.625501,-0.359531,0.692429,0.235777,0.758903,0.607044,-0.029946,-0.082608,0.113005,0.654943,0.169872,0.162008,-1.909444,-0.130109,-0.003536,0.396289,0.529715,0.368733,0.763825,-0.540565,0.840698,-0.030809,-0.654147,-0.397047,0.643668,-0.038626,-0.008272,-0.017763,1.148102,0.723817,1.29357,0.084899,0.01447,0.04207,-0.010859,-0.56001,-0.340576,0.755245,0.506332,-0.862234,-0.01338,0.655755,0.374912,0.655305,-0.019123,-0.004815,-0.009317,4.25614,-0.047493,3.728877,-0.062501,0.079867,0.06434,-0.103192,-0.79406,0.492469,-0.356288,-0.572162,-0.407725,0.711611,0.205178,0.768917,0.605531,-0.014988,-0.041223,0.056595,0.664842,-0.874562,-0.758302,-0.814186
903,0.066587,0.065263,0.322304,-0.75455,0.526337,-0.392007,-0.62222,-0.383718,0.68233,0.209651,0.758112,0.617527,-0.039801,-0.0735,0.120225,0.429106,0.34749,0.561081,-1.909081,-0.131503,-0.003978,0.395526,0.516007,0.347702,0.782836,-0.507495,0.860309,-0.04745,-0.690602,-0.373245,0.619372,-0.036943,-0.022387,-0.010836,0.059452,0.52417,-0.163318,0.072047,0.013772,0.041852,-0.011244,-0.545481,-0.317262,0.775753,0.470948,-0.881669,-0.029426,0.693294,0.349288,0.630348,-0.012594,-0.005538,-0.010301,0.475168,0.744954,-0.363006,-0.076871,0.079245,0.062903,-0.100963,-0.803654,0.47588,-0.357318,-0.567476,-0.43203,0.700942,0.179192,0.766085,0.617254,-0.01301,-0.032857,0.055382,0.013654,0.125763,0.146082,-0.814676
904,0.065571,0.062315,0.326839,-0.768951,0.498914,-0.399805,-0.616111,-0.411085,0.671854,0.171798,0.762327,0.623996,-0.027684,-0.076738,0.118603,0.030937,0.171663,0.406596,-1.908858,-0.13268,-0.004685,0.39503,0.494867,0.338074,0.800502,-0.492762,0.86793,-0.061784,-0.716262,-0.364314,0.595069,-0.024357,-0.018111,-0.009286,-0.158823,0.800287,0.025968,0.041028,0.013181,0.041486,-0.011499,-0.525426,-0.309952,0.792374,0.456282,-0.888693,-0.045067,0.718146,0.337866,0.608368,-0.012126,-0.009466,-0.004878,-0.030111,0.130869,-0.063933,-0.102181,0.078725,0.061408,-0.098644,-0.815603,0.44892,-0.365049,-0.561117,-0.459699,0.688348,0.1412,0.766254,0.62683,-0.013891,-0.038343,0.059365,-0.003751,0.163621,0.399906,-0.812063
905,0.065086,0.060789,0.329183,-0.775183,0.48385,-0.406234,-0.614269,-0.426781,0.663704,0.148721,0.763427,0.62856,-0.014795,-0.078326,0.118136,0.49932,-0.009765,0.252686,-1.908858,-0.133067,-0.005023,0.394911,0.487552,0.341014,0.803737,-0.4952,0.866156,-0.066963,-0.719582,-0.365799,0.590131,-0.010499,-0.022777,0.00255,-0.065397,0.182525,-0.227944,0.036401,0.012978,0.041305,-0.011566,-0.516908,-0.311472,0.797365,0.458818,-0.887171,-0.049114,0.722697,0.340459,0.601495,-0.005269,-0.011188,0.001421,-0.049852,0.101695,-0.257888,-0.120633,0.078487,0.060673,-0.097517,-0.821432,0.432805,-0.371385,-0.557816,-0.474203,0.681155,0.118695,0.766688,0.630952,-0.013444,-0.037231,0.060337,1.017423,-0.630841,-0.627665,-0.814676
906,0.064148,0.057759,0.333937,-0.791801,0.442877,-0.420663,-0.603855,-0.463667,0.64834,0.093068,0.766824,0.635096,-0.015216,-0.079299,0.117757,2.933796,-5.049979,-0.86902,-1.909145,-0.133158,-0.005348,0.394871,0.47888,0.339527,0.80956,-0.499398,0.863762,-0.066708,-0.722491,-0.372781,0.582155,0.013269,-0.000331,-0.001302,-0.097226,0.52114,0.043651,0.078623,0.012929,0.041135,-0.011589,-0.509869,-0.31221,0.801596,0.463268,-0.884808,-0.049951,0.724855,0.345886,0.595774,8.1e-05,-0.000704,-0.00044,-0.108955,0.58733,0.03604,-0.108386,0.078031,0.059193,-0.095181,-0.835064,0.395011,-0.382925,-0.545798,-0.507463,0.666771,0.069062,0.765798,0.639361,-0.007719,-0.039755,0.05882,0.140034,0.114831,0.37196,-0.810757
907,0.063528,0.054547,0.338435,-0.804708,0.406,-0.43319,-0.592183,-0.496181,0.634898,0.043825,0.76693,0.640254,-0.01849,-0.094093,0.123181,2.425149,-3.311662,-3.127846,-1.908628,-0.132613,-0.005253,0.394897,0.475356,0.339568,0.811617,-0.500686,0.862943,-0.067653,-0.723922,-0.374639,0.579177,0.012727,0.004425,0.001718,-2.9e-05,-0.004262,0.033947,0.111282,0.013206,0.041187,-0.011574,-0.505084,-0.310822,0.805158,0.464525,-0.884151,-0.049916,0.727397,0.348804,0.590956,0.006324,0.002566,0.001078,0.006404,-0.035781,0.020756,-0.057113,0.077714,0.057568,-0.092885,-0.844321,0.358631,-0.398126,-0.535525,-0.539443,0.649779,0.018264,0.761829,0.64752,-0.002536,-0.04372,0.056255,0.191782,0.04841,0.561794,-0.805858
908,0.062786,0.050913,0.343049,-0.817263,0.357813,-0.451769,-0.575834,-0.539312,0.614434,-0.022779,0.761853,0.64737,-0.01999,-0.097781,0.121095,1.064415,-0.724258,-0.395358,-1.908832,-0.131837,-0.005084,0.395045,0.469545,0.331723,0.818217,-0.499039,0.864186,-0.063839,-0.728831,-0.37877,0.570264,0.012712,0.004458,0.001735,-0.067035,0.344876,0.183888,0.132482,0.013588,0.041278,-0.011495,-0.499607,-0.304049,0.811138,0.46289,-0.885184,-0.046695,0.732205,0.352139,0.582986,0.012845,0.003306,0.000992,-0.106367,0.503448,0.319676,-0.023638,0.077344,0.055753,-0.090577,-0.856133,0.305387,-0.416861,-0.514255,-0.58274,0.629249,-0.050757,0.753095,0.65595,-0.016234,-0.047464,0.06137,2.898007,-2.982217,-3.13983,-0.813533
909,0.062377,0.049089,0.345305,-0.819302,0.344105,-0.458673,-0.571558,-0.554531,0.604805,-0.045217,0.757247,0.651582,-0.018987,-0.088499,0.112166,0.507306,0.292502,0.673604,-1.909281,-0.131455,-0.005044,0.395109,0.467553,0.327135,0.821199,-0.498381,0.864798,-0.060608,-0.730559,-0.381351,0.56632,0.025876,0.005001,0.000984,-0.036586,0.180418,0.149007,0.135518,0.013774,0.0413,-0.011461,-0.496858,-0.29868,0.814813,0.462092,-0.885792,-0.042923,0.734576,0.355192,0.578131,0.007026,-0.002978,0.005507,-0.078461,0.22082,0.10818,-0.012208,0.077139,0.054838,-0.089445,-0.858082,0.289815,-0.423912,-0.508165,-0.598058,0.619754,-0.07391,0.747217,0.660457,-0.009821,-0.044873,0.055629,0.211151,-0.182722,0.23034,-0.814186
910,0.061835,0.04561,0.349436,-0.821558,0.313588,-0.476182,-0.562494,-0.582451,0.586791,-0.092324,0.749541,0.655509,-0.019189,-0.082171,0.101237,3.089552,-3.504777,-2.334857,-1.909122,-0.130583,-0.004936,0.395235,0.458092,0.315861,0.830888,-0.497073,0.865926,-0.054992,-0.737405,-0.388223,0.552611,0.025858,0.005079,0.001027,-0.04759,0.235836,0.172722,0.127883,0.01421,0.041355,-0.011398,-0.487028,-0.287619,0.824668,0.460633,-0.886808,-0.037254,0.742038,0.361726,0.564387,0.013544,-0.002143,0.005483,-0.086547,0.260057,0.160747,-0.008942,0.076869,0.053098,-0.087374,-0.857667,0.264481,-0.44097,-0.501121,-0.622129,0.601524,-0.115249,0.736888,0.666117,-0.003687,-0.043289,0.049207,0.23605,-1.929649,2.476978,-0.821697
911,0.061412,0.042775,0.35303,-0.818942,0.275902,-0.503246,-0.554677,-0.605717,0.570449,-0.146422,0.745959,0.649717,-0.003293,-0.063346,0.083482,0.002754,-0.139972,0.458029,-1.909353,-0.129281,-0.004778,0.395414,0.446602,0.302967,0.841872,-0.496189,0.866816,-0.048586,-0.745001,-0.396415,0.536369,0.038719,0.00802,0.001783,-0.144825,0.753529,0.214144,0.124033,0.014856,0.041431,-0.011309,-0.476619,-0.276817,0.834389,0.45966,-0.887522,-0.031878,0.749364,0.368342,0.550252,0.019328,0.004272,0.001037,-0.020294,0.096701,0.181746,-0.0158,0.076648,0.051667,-0.085575,-0.854328,0.223771,-0.469093,-0.489804,-0.648511,0.582688,-0.173823,0.727571,0.663645,-0.008038,-0.030265,0.042572,0.211803,-0.292956,0.207794,-0.821044
912,0.061297,0.04169,0.354549,-0.818865,0.251044,-0.516219,-0.545564,-0.620092,0.563753,-0.177563,0.742954,0.645382,-0.001717,-0.052646,0.0752,2.716787,-3.372673,-2.883715,-1.909371,-0.128518,-0.004687,0.39549,0.443617,0.299169,0.844803,-0.49623,0.866918,-0.046287,-0.746752,-0.399065,0.531951,0.03885,0.006905,0.00107,-0.031987,0.150753,0.171839,0.129164,0.015252,0.041482,-0.011269,-0.471974,-0.271126,0.838886,0.459529,-0.887709,-0.028366,0.752378,0.372105,0.543566,0.019429,0.003429,0.000496,-0.01535,0.077075,0.141814,-0.014004,0.076589,0.05112,-0.084814,-0.852025,0.204051,-0.482094,-0.483626,-0.659328,0.575665,-0.200393,0.723635,0.660449,-0.000238,-0.021186,0.033241,-0.100947,-0.189869,0.505049,-0.823167
913,0.06133,0.040348,0.356979,-0.817369,0.214204,-0.534856,-0.529382,-0.645651,0.550328,-0.226435,0.732696,0.641803,-0.008265,-0.014233,0.05415,0.237468,-0.117458,0.536551,-1.90938,-0.126937,-0.004389,0.395553,0.43502,0.287095,0.85342,-0.495676,0.867591,-0.039063,-0.752152,-0.406392,0.518629,0.038722,0.007729,0.001578,-0.054986,0.292848,0.016633,0.129485,0.016028,0.041626,-0.011239,-0.4633,-0.259579,0.847332,0.458792,-0.888288,-0.021269,0.758196,0.378895,0.530637,0.019325,0.004156,0.000946,-0.048414,0.239808,0.210383,-0.008126,0.076606,0.050429,-0.083595,-0.849881,0.161823,-0.501512,-0.462302,-0.685746,0.562164,-0.252939,0.709623,0.657614,0.001149,-0.014404,0.030088,0.566035,-0.300244,0.558069,-0.827086
914,0.061106,0.039947,0.358888,-0.812215,0.166907,-0.559011,-0.508632,-0.671936,0.5383,-0.284768,0.721337,0.631354,-0.006116,0.004822,0.035428,-0.055224,-0.304904,0.508739,-1.908872,-0.125157,-0.004029,0.39565,0.426355,0.27158,0.862819,-0.494277,0.86878,-0.02908,-0.758005,-0.414419,0.503536,0.051646,0.009898,0.001824,-0.088279,0.455774,0.122166,0.131437,0.016913,0.041806,-0.01119,-0.45454,-0.244905,0.856396,0.457196,-0.889289,-0.011651,0.764437,0.386246,0.516187,0.025785,0.005241,0.001066,-0.109055,0.526732,0.36722,-0.008452,0.076495,0.050229,-0.082628,-0.842363,0.115843,-0.526311,-0.440374,-0.710903,0.548348,-0.310634,0.693683,0.649853,-0.003794,-0.002733,0.022102,-0.069415,-0.349117,0.534733,-0.829372
915,0.060986,0.039918,0.359659,-0.803821,0.148862,-0.575984,-0.506185,-0.67985,0.530615,-0.311599,0.717886,0.622553,-0.006154,0.004709,0.035288,-0.427725,-0.600054,0.350507,-1.908988,-0.124215,-0.003868,0.395718,0.421239,0.262737,0.868054,-0.493656,0.869303,-0.023427,-0.761258,-0.418987,0.494772,0.051559,0.010414,0.00214,-0.113195,0.576821,0.205259,0.132204,0.017384,0.041886,-0.011157,-0.449393,-0.236598,0.861433,0.456474,-0.889714,-0.006232,0.767903,0.390422,0.507832,0.026539,-0.000292,0.005505,-0.190089,0.746861,0.437089,-0.006819,0.076434,0.050212,-0.082244,-0.833497,0.100208,-0.543361,-0.437807,-0.719695,0.538853,-0.337057,0.687019,0.643735,-0.004125,-0.003563,0.02148,-0.527756,-0.617129,0.283739,-0.831005
916,0.060933,0.039836,0.361129,-0.783091,0.114757,-0.611265,-0.502313,-0.696262,0.512711,-0.365794,0.708401,0.603647,-0.007788,-0.006199,0.043523,0.20611,-0.691151,0.431436,-1.909162,-0.122278,-0.003646,0.395833,0.409643,0.24601,0.878444,-0.493333,0.8697,-0.013375,-0.767758,-0.428199,0.476504,0.051917,0.007828,0.000479,-0.06572,0.314555,0.277553,0.130495,0.018333,0.041998,-0.011097,-0.436673,-0.219566,0.872414,0.455933,-0.890003,0.004218,0.775526,0.399605,0.488748,0.019463,0.002978,0.000174,-0.108729,0.562242,0.131524,-0.00584,0.076407,0.050173,-0.081513,-0.811749,0.06633,-0.580226,-0.433616,-0.733982,0.52273,-0.391203,0.675921,0.624571,-0.00327,0.001943,0.017299,1.033241,-1.291095,-0.306111,-0.836883
917,0.060414,0.039574,0.362878,-0.769601,0.079751,-0.633561,-0.486476,-0.71595,0.500728,-0.412712,0.693471,0.590587,-0.008274,-0.007417,0.042587,0.954305,-1.306298,-0.124026,-1.909267,-0.120524,-0.003398,0.395896,0.394639,0.228335,0.890008,-0.493877,0.869485,-0.00395,-0.775216,-0.438286,0.454761,0.038849,0.006436,0.000702,-0.11946,0.625559,0.158628,0.114767,0.01922,0.042121,-0.011067,-0.422131,-0.203407,0.883419,0.456242,-0.889757,0.013144,0.783356,0.408602,0.468397,0.018714,0.008216,-0.004464,-0.105075,0.749123,0.236514,-0.018903,0.076149,0.050044,-0.080638,-0.796903,0.033658,-0.603167,-0.417647,-0.752096,0.509825,-0.43648,0.658193,0.613405,-0.011326,-0.007971,0.026226,3.364875,-3.086936,-2.652781,-0.840149
918,0.059532,0.038868,0.364861,-0.767682,0.057124,-0.638315,-0.471566,-0.72485,0.502186,-0.433046,0.686453,0.584192,-0.024169,-0.019431,0.049881,-0.288277,0.204819,-0.004097,-1.909256,-0.118925,-0.003038,0.395933,0.382228,0.214961,0.898713,-0.494538,0.869113,0.002577,-0.78098,-0.445707,0.437354,0.051485,0.010465,0.002111,-0.05467,0.267539,0.257319,0.106268,0.020029,0.042299,-0.01105,-0.408089,-0.189225,0.893116,0.456842,-0.889315,0.020324,0.790416,0.416307,0.449366,0.019223,0.004489,0.00112,-0.066787,0.364459,0.078949,-0.033109,0.075725,0.049711,-0.079668,-0.792045,0.010218,-0.610376,-0.402057,-0.761108,0.508982,-0.459361,0.648543,0.606941,-0.011968,-0.00936,0.025199,-0.121846,-0.320614,0.63521,-0.842598
919,0.059102,0.03844,0.365862,-0.766513,0.039541,-0.641046,-0.459062,-0.7318,0.503689,-0.448252,0.680312,0.57989,-0.023738,-0.018377,0.05063,3.317888,-2.890748,-2.971367,-1.909963,-0.118108,-0.002854,0.395953,0.375308,0.207043,0.903475,-0.494823,0.868931,0.006552,-0.784142,-0.449783,0.427409,0.038444,0.008852,0.002212,-0.084749,0.453202,0.116219,0.107436,0.020443,0.042392,-0.01104,-0.40137,-0.181899,0.897671,0.457003,-0.889136,0.024167,0.793756,0.419939,0.440001,0.019322,0.003814,0.000688,-0.106879,0.568366,0.133639,-0.036212,0.075498,0.049481,-0.079149,-0.791128,-0.00297,-0.611642,-0.392657,-0.764259,0.511592,-0.468973,0.644901,0.603461,-0.01277,-0.014731,0.029474,-0.376787,0.336124,-0.276202,-0.845701
920,0.05793,0.037134,0.368255,-0.762123,0.017224,-0.647238,-0.443005,-0.742918,0.501787,-0.471259,0.669129,0.574637,-0.028581,-0.043645,0.065216,-0.101861,-0.130309,0.139471,-1.909768,-0.116592,-0.002483,0.395968,0.361707,0.190746,0.912565,-0.495207,0.86861,0.014849,-0.790255,-0.457523,0.407472,0.025605,0.00595,0.001497,-0.098448,0.538984,0.085881,0.1093,0.021206,0.04258,-0.011031,-0.387461,-0.166293,0.906763,0.457221,-0.888762,0.032379,0.800513,0.427137,0.420394,0.019249,0.004192,0.000923,-0.116725,0.596357,0.361197,-0.034905,0.074916,0.048842,-0.077955,-0.785391,-0.029152,-0.618311,-0.371543,-0.776737,0.508562,-0.495091,0.629149,0.599211,-0.020406,-0.019847,0.033844,0.124108,-0.205234,-0.236534,-0.847171
921,0.056398,0.035386,0.371003,-0.761666,0.011296,-0.647906,-0.440362,-0.742549,0.504653,-0.474459,0.669673,0.571361,-0.042746,-0.051012,0.076064,-0.233976,0.081444,0.009916,-1.909803,-0.115028,-0.00204,0.39594,0.352994,0.173923,0.919313,-0.494883,0.868537,0.025831,-0.794378,-0.464292,0.391483,0.036839,0.019231,-0.007129,-0.021752,0.310744,0.078861,0.105971,0.021984,0.042794,-0.011044,-0.377669,-0.149138,0.91385,0.456711,-0.888539,0.043739,0.805468,0.433884,0.403687,0.019239,0.004203,0.000925,-0.046733,0.258376,0.212629,-0.037355,0.074155,0.047968,-0.076587,-0.784439,-0.035006,-0.619217,-0.368893,-0.776264,0.511206,-0.498571,0.629434,0.596018,-0.020511,-0.019933,0.033885,-0.202594,0.0615,0.025795,-0.848477
922,0.05561,0.034549,0.372381,-0.761471,0.003822,-0.648222,-0.434603,-0.744983,0.506056,-0.480037,0.66706,0.569757,-0.040917,-0.039642,0.067973,-0.189188,-0.04342,0.190246,-1.909811,-0.114187,-0.001754,0.3959,0.346939,0.164934,0.923267,-0.494565,0.868556,0.030808,-0.797233,-0.467514,0.381725,0.051169,0.011776,0.002888,-0.125267,0.670043,0.245225,0.108111,0.022385,0.042933,-0.011064,-0.372933,-0.142519,0.916847,0.45629,-0.888563,0.047476,0.80791,0.436054,0.396404,0.019179,0.004504,0.001112,-0.036073,0.191304,0.189203,-0.038008,0.073759,0.047543,-0.075896,-0.783842,-0.042473,-0.619505,-0.362856,-0.778273,0.51247,-0.50391,0.626488,0.594631,-0.021178,-0.024879,0.038541,-0.206238,0.046042,0.011118,-0.844884
923,0.054388,0.032951,0.374974,-0.757433,-0.032573,-0.652134,-0.402826,-0.762745,0.505887,-0.512952,0.64591,0.565426,-0.014392,-0.035617,0.055442,3.449566,-2.8962,-2.837241,-1.910458,-0.112732,-0.00114,0.395772,0.342183,0.148279,0.927856,-0.4937,0.868511,0.043399,-0.799816,-0.473121,0.369207,0.036544,0.020422,-0.006388,-0.053328,0.477654,0.121677,0.125468,0.023132,0.043244,-0.011128,-0.366574,-0.124654,0.922,0.455176,-0.888318,0.060871,0.811441,0.441986,0.382374,0.018934,0.005791,0.001923,-0.118709,0.62571,0.18781,-0.025108,0.073137,0.046741,-0.074596,-0.777957,-0.074063,-0.623936,-0.334569,-0.791708,0.511137,-0.531832,0.606392,0.591136,-0.014032,-0.020864,0.033514,-0.177635,-0.017576,0.131271,-0.838353
924,0.05354,0.031716,0.377274,-0.750256,-0.049814,-0.659302,-0.390318,-0.771518,0.502377,-0.532761,0.634308,0.56022,-0.024022,-0.018638,0.0508,-0.131234,-0.008148,0.109015,-1.910952,-0.111596,-0.00043,0.395719,0.338903,0.127106,0.932191,-0.493158,0.867754,0.061093,-0.801542,-0.480583,0.355575,0.023114,0.020804,-0.00501,-0.848324,-0.879286,2.583538,0.129397,0.023705,0.043599,-0.011155,-0.359713,-0.104738,0.927165,0.454551,-0.887463,0.076099,0.814855,0.448818,0.366841,0.012175,0.006256,0.002786,-0.068599,0.398802,0.052693,-0.011555,0.07272,0.046123,-0.073465,-0.769377,-0.095174,-0.631663,-0.316939,-0.801669,0.506827,-0.554623,0.590141,0.586622,-0.011872,-0.0089,0.025694,-0.13423,-0.005157,0.108099,-0.841945
925,0.053096,0.031228,0.378946,-0.735843,-0.064577,-0.674099,-0.385792,-0.778152,0.495596,-0.555645,0.62482,0.54853,0.004688,-0.002984,0.029918,-0.39411,-0.446377,0.00632,-1.911165,-0.110604,0.000236,0.395722,0.328298,0.110983,0.938027,-0.493347,0.866956,0.070214,-0.805817,-0.485964,0.338173,0.024334,0.01223,0.005421,-0.050406,0.286945,0.0103,0.128107,0.024209,0.04394,-0.011156,-0.350454,-0.08693,0.932536,0.45435,-0.886454,0.088114,0.818991,0.454578,0.350158,0.012163,0.006165,0.002724,-0.030267,0.20746,-0.024606,-0.009922,0.072483,0.045864,-0.072603,-0.755163,-0.107144,-0.646721,-0.312223,-0.808679,0.498552,-0.576407,0.578409,0.577231,-0.00459,-0.004776,0.02061,-0.456779,-0.544399,0.102119,-0.848314
926,0.053063,0.031055,0.379666,-0.722958,-0.078506,-0.686451,-0.382154,-0.782302,0.491869,-0.574732,0.618024,0.53643,-0.00936,-0.010116,0.040813,-0.18358,-1.059423,-0.016152,-1.911166,-0.110077,0.000516,0.395776,0.324249,0.100215,0.940644,-0.49312,0.866437,0.077796,-0.807589,-0.489203,0.329156,0.024472,0.011339,0.004852,-0.076333,0.40369,0.276984,0.126571,0.024454,0.044074,-0.011131,-0.346909,-0.077698,0.934674,0.454035,-0.885917,0.094872,0.820674,0.457287,0.34261,0.01218,0.005989,0.002608,-0.145379,0.772362,0.212496,-0.011065,0.072472,0.045782,-0.072245,-0.742178,-0.119609,-0.659442,-0.308725,-0.81232,0.494797,-0.594861,0.570814,0.56596,0.001409,-0.007038,0.019205,1.150502,-1.616233,0.115324,-0.847824
927,0.053164,0.030359,0.381077,-0.701774,-0.122038,-0.701901,-0.351582,-0.797588,0.490118,-0.618772,0.590877,0.517699,0.00095,-0.018533,0.035421,3.67054,-3.095522,-2.435303,-1.911349,-0.109154,0.000852,0.395972,0.322873,0.080658,0.942995,-0.492231,0.865265,0.094648,-0.808681,-0.494832,0.317867,0.024901,0.008858,0.003281,-0.127515,0.235627,0.43502,0.126607,0.024924,0.04425,-0.011028,-0.344223,-0.057727,0.937111,0.452847,-0.884544,0.111852,0.822459,0.46287,0.330622,0.012395,0.004698,0.001794,-0.315237,0.041764,1.084854,-0.012535,0.072521,0.045454,-0.07155,-0.718977,-0.15985,-0.6764,-0.281546,-0.822786,0.493713,-0.635454,0.545407,0.546559,0.000326,-0.009543,0.01752,-0.158773,-0.408968,0.154566,-0.847007
928,0.053178,0.02964,0.382508,-0.682859,-0.15139,-0.714723,-0.32327,-0.814719,0.481354,-0.654326,0.55993,0.508294,0.001072,-0.018255,0.03562,1.097735,-1.026979,-0.333055,-1.911258,-0.10827,0.001129,0.396065,0.314027,0.062709,0.947336,-0.491516,0.864375,0.105834,-0.81258,-0.498945,0.301048,0.025491,0.005639,0.001253,-0.155761,0.81574,0.42336,0.128649,0.025365,0.044393,-0.010979,-0.336371,-0.042076,0.940789,0.451905,-0.883676,0.122053,0.826218,0.466202,0.316257,0.012761,0.002749,0.000567,-0.064952,0.335433,0.215932,-0.012045,0.072527,0.045081,-0.07082,-0.697737,-0.190474,-0.690566,-0.249204,-0.83925,0.483276,-0.671609,0.509292,0.538109,0.0006,-0.008965,0.01797,3.861706,-2.800557,-2.449237,-0.843252
929,0.053211,0.029215,0.383217,-0.674562,-0.162919,-0.720048,-0.31036,-0.822405,0.476759,-0.669009,0.545277,0.505101,0.012452,-0.024212,0.031898,0.26832,-0.386649,0.112862,-1.911926,-0.107826,0.0012,0.396081,0.310108,0.055103,0.949098,-0.491329,0.863898,0.110501,-0.814193,-0.500656,0.293762,0.025859,0.003711,4e-05,-0.070569,0.362172,0.22779,0.133149,0.025587,0.04443,-0.01097,-0.330533,-0.032449,0.943235,0.451694,-0.882955,0.127909,0.828685,0.468332,0.306504,0.006566,0.000399,-0.000338,-0.09054,0.465632,0.236204,-0.009105,0.07254,0.044874,-0.070462,-0.688618,-0.202048,-0.696405,-0.234974,-0.846396,0.477912,-0.685996,0.492736,0.535368,-0.000699,-0.015403,0.021614,1.083605,-0.909397,-0.519385,-0.846028
930,0.053307,0.028225,0.38464,-0.658676,-0.186089,-0.729083,-0.28278,-0.836711,0.468958,-0.696485,0.515289,0.499412,-0.00155,-0.031294,0.042964,-0.125825,-0.023154,0.142122,-1.911599,-0.107097,0.001247,0.396034,0.296837,0.033177,0.954347,-0.491406,0.862164,0.122994,-0.819064,-0.505523,0.271006,0.011921,0.008901,-0.011378,-0.071885,0.556651,0.268027,0.144888,0.025957,0.044449,-0.010991,-0.316679,-0.011337,0.948464,0.451627,-0.881112,0.14026,0.834114,0.472769,0.28415,0.006632,7e-05,-0.000543,-0.143569,0.718529,0.344619,0.002815,0.072592,0.044386,-0.069769,-0.671449,-0.224389,-0.706261,-0.206222,-0.858828,0.468919,-0.711778,0.460502,0.530386,-0.000755,-0.015548,0.02154,-0.099513,-0.040318,0.123599,-0.846354
931,0.053322,0.027438,0.386185,-0.646748,-0.205896,-0.734417,-0.261368,-0.84477,0.466929,-0.715753,0.49419,0.493459,0.002948,-0.01391,0.038523,-0.201739,-0.195129,0.115705,-1.912549,-0.106427,0.001374,0.395804,0.281906,0.008623,0.959399,-0.491307,0.860145,0.136753,-0.824364,-0.509921,0.245492,0.012155,0.00772,-0.012125,-0.101394,0.698821,0.361261,0.164239,0.026292,0.044511,-0.011107,-0.30104,0.01227,0.953532,0.451345,-0.878994,0.153805,0.840036,0.476674,0.259075,0.013364,-0.000322,-0.001369,-0.193848,0.949039,0.448692,0.027308,0.072594,0.043967,-0.06899,-0.658469,-0.242849,-0.712349,-0.184646,-0.865451,0.465723,-0.729605,0.438197,0.525032,-0.005392,-0.010112,0.025039,-0.291074,-0.219665,0.042889,-0.850436
