frame,MLTx,MLTy,MLTz,MLTR1,MLTR2,MLTR3,MLTR4,MLTR5,MLTR6,MLTR7,MLTR8,MLTR9,MLTTVx,MLTTVy,MLTTVz,MLTRVx,MLTRVy,MLTRVz,MLGA,MRTx,MRTy,MRTz,MRTR1,MRTR2,MRTR3,MRTR4,MRTR5,MRTR6,MRTR7,MRTR8,MRTR9,MRTTVx,MRTTVy,MRTTVz,MRTRVx,MRTRVy,MRTRVz,MRGA,SLTx,SLTy,SLTz,SLTR1,SLTR2,SLTR3,SLTR4,SLTR5,SLTR6,SLTR7,SLTR8,SLTR9,SLTTVx,SLTTVy,SLTTVz,SLTRVx,SLTRVy,SLTRVz,SLGA,SRTx,SRTy,SRTz,SRTR1,SRTR2,SRTR3,SRTR4,SRTR5,SRTR6,SRTR7,SRTR8,SRTR9,SRTTVx,SRTTVy,SRTTVz,SRTRVx,SRTRVy,SRTRVz,SRGA
964,0.123322,0.008479,0.312147,-0.094546,0.025525,-0.995216,-0.557315,-0.829682,0.031613,-0.824796,0.557602,0.093907,0.020098,-0.066242,-0.007645,1.573812,0.938483,-1.579806,-1.912164,-0.18145,-0.014823,0.275618,-0.944275,0.283092,0.167911,-0.100776,-0.734048,0.67153,0.314547,0.616823,0.721424,0.012441,-0.027042,-0.059311,-0.350664,3.067457,-0.673286,-0.085845,0.031032,0.049803,-0.023472,0.912426,-0.315023,0.261222,0.089276,0.77616,0.624183,-0.399382,-0.5462,0.736313,0.005866,-0.008317,-0.034149,-0.242906,3.973153,0.229554,-0.362956,0.063333,0.058044,-0.05161,0.084361,-0.0968,-0.991721,0.513119,0.857382,-0.040039,0.85416,-0.505494,0.121999,0.016909,-0.034163,-0.004737,5.522593,0.826369,-1.911975,-1.073981
965,0.123776,0.007074,0.311984,-0.144575,-0.001878,-0.989515,-0.510191,-0.85667,0.076115,-0.847658,0.515845,0.124127,0.019534,-0.069716,-0.01125,5.340972,2.19995,-4.568009,-1.911939,-0.181263,-0.015213,0.2743,-0.926356,0.314089,0.207858,-0.094729,-0.728199,0.678739,0.365709,0.608659,0.704027,0.01236,-0.029215,-0.062688,-0.900805,2.348135,-0.433729,-0.055894,0.031126,0.049608,-0.024131,0.889891,-0.341536,0.302399,0.08241,0.772365,0.629809,-0.448665,-0.535541,0.715467,0.00585,-0.008922,-0.035236,-0.788178,0.813481,0.787307,-0.29666,0.06356,0.057341,-0.051691,0.130479,-0.06868,-0.989068,0.469098,0.883145,0.000559,0.873453,-0.464043,0.14745,0.009707,-0.035216,-0.005996,0.41546,0.94381,-1.462752,-1.078063
966,0.12395,0.003981,0.311538,-0.242103,-0.084907,-0.966552,-0.367415,-0.913949,0.172262,-0.89771,0.396932,0.191279,0.003168,-0.088661,-0.011847,6.785939,0.49275,-3.464576,-1.912436,-0.180956,-0.015957,0.271479,-0.877016,0.379974,0.29403,-0.075371,-0.713031,0.697022,0.4756,0.588651,0.653573,0.010853,-0.007688,-0.081038,-1.296913,3.021755,-0.89119,-0.020172,0.03128,0.049224,-0.025539,0.831067,-0.398301,0.388179,0.061458,0.759441,0.647666,-0.552766,-0.514397,0.655625,-0.0018,-0.01022,-0.036853,-1.062758,3.0888,-0.635324,-0.232324,0.063653,0.055804,-0.051913,0.225919,0.021555,-0.973907,0.326007,0.940435,0.096438,0.917975,-0.339288,0.205435,0.001408,-0.044934,-0.00656,5.18642,2.070788,-4.800991,-1.076267
967,0.124317,0.000198,0.310869,-0.311331,-0.172173,-0.934599,-0.236479,-0.938479,0.251606,-0.920039,0.299555,0.252629,0.015947,-0.09842,-0.022201,1.456101,0.884822,-1.983687,-1.913723,-0.180818,-0.016696,0.268455,-0.809201,0.440481,0.388794,-0.057746,-0.718017,0.693579,0.585676,0.538231,0.605932,-0.00383,-0.022282,-0.077575,-0.130418,2.913036,-2.094481,0.04987,0.031354,0.04886,-0.027052,0.751654,-0.451478,0.480814,0.044745,0.762222,0.645766,-0.658037,-0.463878,0.59313,-0.001846,-0.011137,-0.038775,0.341274,3.808897,-1.483776,-0.168967,0.063838,0.053877,-0.052253,0.292292,0.11673,-0.949178,0.187799,0.966191,0.176653,0.937707,-0.229889,0.260488,0.007928,-0.049598,-0.011488,1.45905,0.855013,-1.974052,-1.083942
968,0.12469,-0.002986,0.309845,-0.381324,-0.25278,-0.889236,-0.155992,-0.93051,0.331346,-0.910731,0.265372,0.316504,0.004697,-0.065942,-0.029043,-0.264517,2.949911,-4.168635,-1.915623,-0.181066,-0.017602,0.265449,-0.75171,0.472709,0.459858,-0.039878,-0.728458,0.68388,0.659195,0.495141,0.565827,-0.019188,-0.020448,-0.075004,-0.432367,1.063723,-0.60844,0.108148,0.031236,0.048399,-0.028567,0.686822,-0.474075,0.550933,0.028441,0.774948,0.631384,-0.726268,-0.41798,0.545735,-0.001872,-0.010282,-0.038295,-0.233265,1.263577,-0.375732,-0.080137,0.06402,0.052264,-0.052788,0.358032,0.203369,-0.911291,0.108535,0.96031,0.25695,0.927379,-0.190904,0.321749,0.002518,-0.032806,-0.014318,-0.291032,2.888457,-4.190187,-1.094066
969,0.124621,-0.003882,0.309205,-0.423669,-0.278954,-0.86182,-0.139263,-0.920041,0.366199,-0.89454,0.275508,0.352022,-0.007703,-0.046137,-0.028748,0.097794,1.961885,-1.762847,-1.915777,-0.181141,-0.01788,0.263981,-0.737342,0.482174,0.473103,-0.042722,-0.732106,0.679801,0.675057,0.480422,0.559783,-0.003679,-0.017055,-0.07227,2.569814,4.133467,2.515504,0.110571,0.031192,0.048255,-0.029307,0.6731,-0.478609,0.563797,0.026901,0.777692,0.628069,-0.739061,-0.407587,0.53634,-0.002155,-0.002505,-0.03954,0.083104,-0.910256,0.884855,-0.054663,0.063984,0.051808,-0.053116,0.398483,0.235556,-0.88641,0.092647,0.951175,0.294416,0.912483,-0.199444,0.357204,-0.003744,-0.022657,-0.013934,0.157565,2.077323,-1.672468,-1.099454
970,0.124545,-0.004968,0.307835,-0.480142,-0.30963,-0.820755,-0.110566,-0.906823,0.406717,-0.869618,0.286409,0.402196,-0.005384,-0.017425,-0.038547,0.271056,1.584936,-1.093279,-1.91573,-0.18089,-0.017678,0.26108,-0.722437,0.489318,0.488512,-0.044773,-0.738011,0.673253,0.690856,0.463889,0.554426,0.010823,0.016734,-0.074362,0.08052,0.558812,-0.760992,0.141357,0.031316,0.048342,-0.030796,0.653905,-0.487516,0.578563,0.034293,0.783025,0.621043,-0.755798,-0.386263,0.528742,0.005476,0.008796,-0.036561,0.086687,0.568164,-0.784831,-0.023475,0.063948,0.051274,-0.053783,0.452308,0.271459,-0.849545,0.066098,0.93973,0.335468,0.889408,-0.207888,0.407105,0.004237,-0.015325,-0.016124,0.263566,1.563959,-0.910041,-1.097332
971,0.124769,-0.005729,0.30631,-0.521487,-0.323023,-0.78978,-0.086841,-0.900691,0.42566,-0.848201,0.290958,0.442635,0.009275,-0.018148,-0.039253,0.221331,1.193132,-0.922406,-1.914998,-0.180042,-0.016632,0.258631,-0.715806,0.501978,0.485418,-0.062103,-0.738025,0.671861,0.696395,0.45014,0.558813,0.027062,0.031734,-0.05439,0.134153,-1.58494,1.879576,0.209784,0.03174,0.048856,-0.032034,0.646421,-0.499582,0.576678,0.051126,0.782486,0.620565,-0.761266,-0.371663,0.531356,0.013598,0.016502,-0.026281,0.136255,-1.575659,1.865879,0.042004,0.064056,0.050901,-0.054539,0.494807,0.288276,-0.819794,0.042866,0.934128,0.354354,0.867944,-0.210478,0.449856,0.004607,-0.009314,-0.019885,0.26244,1.190959,-0.724304,-1.083452
972,0.124915,-0.006135,0.305576,-0.545435,-0.325732,-0.772298,-0.074424,-0.898953,0.431644,-0.834185,0.293311,0.467045,0.009457,-0.017379,-0.038599,0.410845,1.311174,-0.406123,-1.915344,-0.179459,-0.015974,0.257731,-0.714605,0.507612,0.481312,-0.07086,-0.736914,0.672213,0.696793,0.445617,0.561933,0.027385,0.038529,-0.044483,0.148246,-1.724741,2.057509,0.256007,0.032021,0.049169,-0.032469,0.644316,-0.50465,0.574617,0.058614,0.781747,0.620834,-0.762509,-0.366333,0.533271,0.021858,0.013948,-0.018596,0.113462,-0.063968,0.107184,0.092135,0.064131,0.050708,-0.054894,0.516838,0.294871,-0.803696,0.031169,0.931703,0.36188,0.855515,-0.212083,0.472349,0.004796,-0.008468,-0.019057,0.260751,1.145509,-0.714617,-1.063204
973,0.125256,-0.007383,0.304413,-0.577849,-0.319852,-0.750886,-0.059092,-0.901215,0.429291,-0.813305,0.292829,0.502805,0.007875,-0.042916,-0.026337,0.272368,0.915565,-0.217464,-1.915115,-0.178265,-0.014869,0.256781,-0.704029,0.526535,0.476545,-0.094258,-0.734247,0.672258,0.70474,0.427704,0.565928,0.029346,0.025316,-0.014916,0.076976,-0.055962,0.091965,0.337574,0.032629,0.04974,-0.032955,0.634359,-0.524323,0.568043,0.08322,0.776868,0.624139,-0.768545,-0.348656,0.536448,0.014727,0.013273,-0.006582,0.077363,-0.058032,0.08997,0.21101,0.064302,0.050092,-0.055483,0.551977,0.29129,-0.781325,0.015117,0.93335,0.358647,0.833721,-0.209776,0.510785,0.004233,-0.015719,-0.017035,0.38141,1.099019,-0.252427,-1.058142
974,0.125385,-0.008859,0.303238,-0.584633,-0.323484,-0.744048,-0.024939,-0.909493,0.414937,-0.810208,0.261539,0.524583,0.008411,-0.031829,-0.03493,4.263655,-1.687327,-3.312084,-1.915046,-0.177131,-0.014348,0.256822,-0.69891,0.529815,0.480429,-0.097123,-0.735693,0.670267,0.70943,0.421124,0.565002,0.031113,0.00757,0.00795,-0.006508,0.071532,-0.077438,0.380856,0.033186,0.050004,-0.032927,0.628817,-0.526996,0.571719,0.086276,0.778029,0.622274,-0.77275,-0.341971,0.534706,0.007872,0.003897,0.004916,0.002938,-0.038217,0.056921,0.292656,0.064369,0.049335,-0.056083,0.560099,0.294442,-0.774332,-0.01803,0.938816,0.343945,0.828228,-0.178682,0.531139,0.004163,-0.015972,-0.017549,4.194927,-1.752047,-3.368372,-1.052427
975,0.125327,-0.010033,0.30196,-0.583361,-0.347535,-0.734135,0.016105,-0.908626,0.417267,-0.811346,0.232021,0.536573,0.008754,-0.030321,-0.033657,0.005759,0.155037,-0.200488,-1.915661,-0.176282,-0.014205,0.257406,-0.692345,0.538217,0.480596,-0.105374,-0.734197,0.670661,0.714669,0.413005,0.564393,0.016555,-0.002551,0.019091,-0.011095,0.010227,0.060731,0.386373,0.033604,0.050087,-0.032637,0.621864,-0.53486,0.572021,0.094217,0.776227,0.623372,-0.777436,-0.333759,0.533101,0.007897,0.005269,0.006897,0.231355,0.407176,0.200599,0.32466,0.064338,0.048769,-0.056699,0.556512,0.320053,-0.766719,-0.0601,0.935915,0.347058,0.828662,-0.147062,0.540083,0.004049,-0.021276,-0.013384,-0.06456,0.155284,-0.267078,-1.048834
976,0.12546,-0.01074,0.301387,-0.583466,-0.354013,-0.73095,0.023492,-0.906995,0.420451,-0.81109,0.228583,0.538433,0.008549,-0.031484,-0.035181,-0.00046,0.048697,-0.066709,-1.915323,-0.175852,-0.014141,0.257693,-0.685721,0.539847,0.488204,-0.104952,-0.736938,0.667714,0.721086,0.405944,0.561344,0.031932,-0.002202,0.01794,-0.025539,0.134739,-0.117459,0.390654,0.033838,0.050121,-0.032474,0.614502,-0.535702,0.579145,0.094272,0.778706,0.620266,-0.783262,-0.326557,0.529018,0.015965,-0.000995,0.009106,-0.024712,0.141959,-0.129103,0.329396,0.064403,0.048406,-0.056995,0.556252,0.327376,-0.763811,-0.067467,0.933889,0.351139,0.828269,-0.14379,0.541565,0.004042,-0.021392,-0.013624,-0.04525,0.167873,-0.254287,-1.049977
977,0.125825,-0.012193,0.300219,-0.589139,-0.360432,-0.723221,0.026651,-0.903205,0.428347,-0.806878,0.233525,0.542625,0.009353,-0.027944,-0.031555,-0.000246,0.032652,-0.04283,-1.91448,-0.175022,-0.013854,0.25806,-0.670315,0.547497,0.500914,-0.110345,-0.740932,0.662403,0.734635,0.388053,0.556408,0.01561,0.007065,0.008654,0.013751,0.116124,-0.081739,0.424371,0.034247,0.050266,-0.032288,0.597824,-0.541615,0.590981,0.100303,0.781973,0.615189,-0.795327,-0.308498,0.521808,0.007384,0.009407,0.000695,0.10341,0.169279,-0.003286,0.359605,0.064581,0.047683,-0.057576,0.561687,0.334822,-0.756572,-0.070367,0.930472,0.359541,0.824351,-0.148712,0.546194,-0.002919,-0.018767,-0.011088,-0.03485,0.058294,-0.082509,-1.0521
978,0.125634,-0.013348,0.299138,-0.59654,-0.365376,-0.714623,0.030726,-0.900131,0.434502,-0.801271,0.237689,0.549085,-0.005485,-0.026631,-0.030918,0.00014,0.049335,-0.071058,-1.915263,-0.174444,-0.013541,0.258288,-0.661008,0.552778,0.50744,-0.115005,-0.742768,0.659548,0.742309,0.37691,0.553876,0.015543,0.005836,0.006828,-0.006663,0.08916,-0.104389,0.432388,0.03453,0.050421,-0.032176,0.587816,-0.546,0.596954,0.105363,0.783281,0.612673,-0.802103,-0.297243,0.517954,0.007777,0.003219,0.003836,0.015436,0.11437,-0.083098,0.387854,0.064503,0.047113,-0.058115,0.568902,0.340481,-0.748613,-0.074134,0.927799,0.36564,0.819056,-0.152516,0.553068,-0.002733,-0.013352,-0.015494,-0.011777,0.050444,-0.100404,-1.045895
979,0.124966,-0.014557,0.297996,-0.592881,-0.371217,-0.714658,0.035743,-0.898694,0.437085,-0.803777,0.234051,0.546982,-0.006457,-0.039831,-0.025604,-0.113323,-0.147496,-0.022238,-1.914422,-0.173944,-0.013179,0.258632,-0.650095,0.563354,0.509903,-0.126561,-0.741842,0.658473,0.750023,0.362825,0.552891,0.015619,0.009165,0.011609,0.836661,1.178247,0.810069,0.442628,0.034786,0.050597,-0.032011,0.5772,-0.554654,0.599332,0.11556,0.782027,0.612436,-0.808384,-0.284239,0.515482,0.00787,0.004771,0.006132,2.804093,3.711496,2.974636,0.396835,0.064159,0.046486,-0.058704,0.564927,0.346252,-0.748975,-0.078974,0.926217,0.368624,0.821351,-0.149097,0.55059,-0.003212,-0.019931,-0.012812,-0.122072,-0.157786,-0.02877,-1.042956
980,0.124657,-0.015203,0.29745,-0.585031,-0.37963,-0.716704,0.039432,-0.895972,0.442325,-0.809342,0.23098,0.540038,-0.02074,-0.026282,-0.031681,-0.178588,-0.297325,-0.130084,-1.914903,-0.173737,-0.01289,0.258863,-0.649525,0.569559,0.503698,-0.134636,-0.738033,0.661147,0.749109,0.360895,0.555386,0.01484,0.023918,0.008691,0.02999,0.00861,-0.009745,0.451221,0.03489,0.050733,-0.031899,0.575696,-0.562374,0.593556,0.124464,0.77773,0.616152,-0.808134,-0.28084,0.517732,0.007837,0.006027,0.007861,0.007791,-0.219327,0.272551,0.407612,0.064012,0.046171,-0.058967,0.556715,0.353997,-0.751501,-0.082375,0.923722,0.374098,0.826608,-0.146361,0.543411,-0.003131,-0.019457,-0.012352,-0.268325,-0.387802,-0.140837,-1.042793
981,0.124133,-0.016631,0.296317,-0.574865,-0.38315,-0.72303,0.035246,-0.894392,0.445862,-0.816792,0.231298,0.528564,-0.006823,-0.041057,-0.027731,-0.149133,-0.207069,-0.052285,-1.914497,-0.173196,-0.012159,0.259712,-0.66162,0.572216,0.484581,-0.1481,-0.733119,0.66373,0.735869,0.366648,0.569147,0.015844,0.020141,0.027178,0.262207,-0.26803,-0.045148,0.453298,0.035154,0.051087,-0.0315,0.588398,-0.567442,0.576017,0.136961,0.77204,0.620641,-0.796886,-0.286292,0.531985,0.00792,0.010317,0.013939,0.480166,-0.561057,0.012829,0.419859,0.063754,0.045481,-0.059521,0.54633,0.356469,-0.757926,-0.078243,0.922675,0.377555,0.833906,-0.146967,0.531977,-0.003403,-0.020596,-0.013928,-0.213074,-0.239429,-0.229623,-1.043609
982,0.123785,-0.018159,0.295117,-0.571517,-0.385203,-0.724592,0.039058,-0.894767,0.44479,-0.818967,0.226377,0.527327,-0.007127,-0.04223,-0.029654,-0.030988,-0.030966,0.051466,-1.914052,-0.172797,-0.0112,0.260981,-0.674307,0.570363,0.469027,-0.160823,-0.733211,0.660659,0.721546,0.369336,0.585513,0.000673,0.026677,0.03775,0.300684,-0.281206,-0.090779,0.466625,0.035365,0.051571,-0.030859,0.602828,-0.567073,0.561271,0.150302,0.771578,0.618122,-0.783585,-0.288261,0.550362,0.000327,0.013694,0.019379,0.39347,-0.336078,-0.151272,0.42982,0.063572,0.044701,-0.060132,0.542643,0.358448,-0.75964,-0.082162,0.922687,0.376692,0.835935,-0.141995,0.530141,-0.003584,-0.021312,-0.015054,-0.022192,-0.028216,0.046287,-1.043936
983,0.123674,-0.018835,0.294537,-0.573193,-0.387153,-0.722224,0.039854,-0.893499,0.447262,-0.817755,0.22806,0.528481,-0.005756,-0.026833,-0.032827,-0.002879,0.06687,-0.101849,-1.914241,-0.172748,-0.010666,0.261785,-0.68271,0.567231,0.460595,-0.168279,-0.735349,0.656413,0.711881,0.369914,0.596869,0.001577,0.01729,0.048004,0.432584,-0.49809,-0.044151,0.477499,0.03539,0.051844,-0.030458,0.611667,-0.565264,0.553479,0.157942,0.772789,0.614696,-0.775188,-0.288572,0.561968,0.000349,0.015134,0.021266,0.648688,-0.504028,-0.294747,0.443373,0.063514,0.04435,-0.06043,0.544271,0.360595,-0.757456,-0.082807,0.921589,0.379231,0.834812,-0.143682,0.531454,-0.003037,-0.018704,-0.011988,-0.03677,-0.033537,0.065228,-1.044752
984,0.123491,-0.019853,0.293549,-0.582727,-0.390539,-0.712709,0.044088,-0.890886,0.452051,-0.810764,0.23248,0.537254,0.010577,-0.022526,-0.027156,0.153453,0.262735,0.101253,-1.91393,-0.172819,-0.009659,0.263625,-0.696406,0.558543,0.4506,-0.178677,-0.742939,0.64502,0.695902,0.367979,0.616584,-0.013584,0.018296,0.050379,0.518237,-0.539701,-0.122745,0.489232,0.035359,0.052347,-0.029548,0.626007,-0.558513,0.544222,0.16915,0.778521,0.604394,-0.76125,-0.2863,0.581832,0.000346,0.015605,0.021591,0.171177,-0.199192,-0.02199,0.464764,0.063418,0.043849,-0.060922,0.552925,0.366004,-0.748541,-0.086777,0.918769,0.385138,0.828699,-0.147996,0.539771,-0.002153,-0.010061,-0.012429,0.314089,0.473855,0.21127,-1.045242
985,0.123487,-0.021016,0.292673,-0.582767,-0.390303,-0.712805,0.043229,-0.890782,0.45234,-0.810781,0.233275,0.536883,-0.005295,-0.033453,-0.019715,-0.03631,0.063391,-0.089066,-1.913888,-0.172805,-0.009097,0.265381,-0.699744,0.558534,0.445409,-0.187634,-0.745159,0.639895,0.690171,0.363483,0.625625,0.001429,0.012805,0.040703,0.041444,-0.089883,0.008525,0.499432,0.035362,0.052654,-0.028615,0.631243,-0.557678,0.539004,0.179327,0.78108,0.598126,-0.754568,-0.280905,0.593059,0.000681,0.006196,0.020073,-0.028464,-0.05387,0.038576,0.48044,0.063422,0.043267,-0.06136,0.553783,0.364856,-0.748467,-0.08593,0.919129,0.384469,0.828214,-0.148597,0.540351,-0.002376,-0.01106,-0.013809,-0.000959,-0.06381,0.093138,-1.033322
986,0.123355,-0.02161,0.292276,-0.581053,-0.392093,-0.713222,0.042455,-0.889735,0.454468,-0.812052,0.234273,0.534523,-0.020342,-0.031265,-0.017826,-0.166512,-0.130593,-0.216798,-1.914112,-0.172727,-0.009006,0.266162,-0.697933,0.561465,0.444564,-0.192441,-0.744839,0.638839,0.690679,0.359605,0.627303,0.002195,-0.002579,0.042807,-0.049517,-0.039321,0.0245,0.506342,0.0354,0.052703,-0.028238,0.629232,-0.560658,0.538265,0.184063,0.780348,0.597642,-0.755107,-0.276981,0.594216,0.008197,0.004668,0.017108,-0.055563,-0.043892,0.089934,0.488114,0.063361,0.042968,-0.061561,0.552493,0.366057,-0.748834,-0.085112,0.918483,0.386192,0.82916,-0.149634,0.538611,-0.00272,-0.017097,-0.010391,-0.252421,-0.346675,-0.108947,-1.035281
987,0.122834,-0.022764,0.291704,-0.575686,-0.397291,-0.714697,0.040137,-0.886728,0.460516,-0.815987,0.236916,0.527318,-0.004131,-0.02783,-0.012978,-0.214821,-0.21895,-0.233378,-1.911508,-0.172459,-0.009111,0.267383,-0.68678,0.574427,0.445374,-0.209115,-0.742854,0.635903,0.696979,0.342867,0.629703,0.01707,-0.011834,0.028539,2.417806,3.598026,3.316032,0.520963,0.035529,0.05266,-0.027614,0.620882,-0.569257,0.538934,0.196566,0.778594,0.595946,-0.758858,-0.264076,0.595312,0.000527,-0.000448,0.01091,-0.018828,-0.037011,0.015226,0.507056,0.063093,0.042384,-0.061856,0.54675,0.37092,-0.750653,-0.082487,0.916022,0.392553,0.833222,-0.15271,0.531431,-0.009638,-0.013031,-0.005736,-0.30378,-0.410633,-0.188545,-1.040017
988,0.122419,-0.023706,0.291314,-0.57145,-0.399722,-0.716738,0.037506,-0.885188,0.463689,-0.819086,0.238585,0.52173,-0.018675,-0.022927,-0.007638,-0.0602,0.027386,-0.116525,-1.908435,-0.172226,-0.009342,0.268018,-0.683996,0.579819,0.442664,-0.225322,-0.744951,0.627863,0.694658,0.328983,0.639597,0.016058,-0.006838,0.012209,0.495477,-0.390761,-0.281105,0.523047,0.035645,0.052539,-0.027294,0.612935,-0.579918,0.53666,0.216938,0.776616,0.591443,-0.759768,-0.246094,0.601822,0.00045,-0.004385,0.005602,0.037813,-0.040488,-0.068932,0.517343,0.062892,0.041913,-0.062051,0.541562,0.373627,-0.753068,-0.079626,0.914576,0.396496,0.836881,-0.154763,0.52505,-0.001664,-0.012057,-0.004184,-0.024061,-0.076977,0.123077,-1.041323
989,0.122081,-0.024572,0.291054,-0.571317,-0.399291,-0.717084,0.036111,-0.885086,0.463995,-0.819242,0.239685,0.520981,-0.002018,-0.0091,-0.011665,0.002546,-0.091752,0.14318,-1.89957,-0.172099,-0.009432,0.268213,-0.672944,0.593215,0.441853,-0.244175,-0.741897,0.624421,0.699059,0.311562,0.643512,2.8e-05,0.001392,0.001867,0.011524,-0.023887,0.01733,0.523059,0.035714,0.052485,-0.027202,0.602696,-0.591356,0.535775,0.23655,0.773645,0.587806,-0.762103,-0.227531,0.606158,1e-06,0.00043,0.000572,-0.027558,-0.003733,0.033454,0.519303,0.062715,0.041469,-0.062187,0.541814,0.372973,-0.753211,-0.078425,0.914673,0.396511,0.83683,-0.155764,0.524834,-0.000952,-0.004313,-0.005523,0.003198,-0.090276,0.144168,-1.044426
990,0.121876,-0.024714,0.291014,-0.571493,-0.399573,-0.716786,0.036126,-0.884874,0.464397,-0.819118,0.239997,0.521032,-0.015913,-0.001247,-0.002396,-0.000984,0.014714,-0.029553,-1.892176,-0.17206,-0.009507,0.268247,-0.670663,0.595481,0.442272,-0.248677,-0.742124,0.622371,0.699663,0.306668,0.645205,0.000847,-0.012851,0.005742,0.101124,-0.068948,-0.123981,0.523066,0.035734,0.052454,-0.027185,0.599898,-0.593832,0.536177,0.241072,0.773172,0.58659,-0.762893,-0.222637,0.60698,-8e-06,-0.000161,-0.00022,0.188048,-0.017226,-0.274129,0.519466,0.062611,0.041392,-0.062215,0.541991,0.373273,-0.752935,-0.07842,0.914497,0.396919,0.836716,-0.156081,0.524921,-0.007863,-0.000209,-0.000661,-0.001223,0.015078,-0.029198,-1.046058
991,0.121491,-0.024434,0.291066,-0.572305,-0.400602,-0.715563,0.036901,-0.884279,0.465469,-0.818516,0.240479,0.521756,-0.014607,0.004578,0.005066,0.001966,-0.092609,0.137875,-1.856803,-0.17199,-0.00955,0.268251,-0.65615,0.610792,0.443161,-0.265542,-0.736462,0.62213,0.707176,0.289763,0.644828,-4e-06,-0.000209,-0.00028,-0.012526,0.118049,-0.159478,0.523676,0.035769,0.052417,-0.027186,0.584707,-0.60818,0.536874,0.257607,0.766734,0.588011,-0.769256,-0.205511,0.604986,-7e-06,-0.000203,-0.000276,0.001926,0.002672,0.002289,0.520446,0.062425,0.041529,-0.062184,0.54285,0.374554,-0.751679,-0.079196,0.91388,0.398183,0.836086,-0.156624,0.525764,0.000379,0.001698,0.002183,0.000488,-0.002272,0.00312,-1.042793
992,0.121331,-0.024497,0.291061,-0.568896,-0.400035,-0.718592,0.034627,-0.884629,0.464979,-0.82099,0.240135,0.518014,-0.016407,-0.012372,0.005771,-0.048599,-0.099671,0.106614,-1.848484,-0.171775,-0.009531,0.268235,-0.644735,0.621528,0.444984,-0.27747,-0.732599,0.621485,0.713064,0.27644,0.644193,-0.0,-0.0,-0.0,0.725038,1.14824,0.908352,0.523881,0.035876,0.052429,-0.027199,0.573751,-0.617094,0.538519,0.26809,0.762788,0.588456,-0.773909,-0.193255,0.603088,0.007588,0.000267,-0.000378,2.455447,3.417375,3.595114,0.521916,0.06235,0.041524,-0.062169,0.539197,0.373653,-0.75475,-0.076818,0.914273,0.397748,0.838668,-0.156486,0.521677,-0.00058,-0.007056,0.002179,-0.032563,-0.100461,0.143448,-1.04067
993,0.12121,-0.024647,0.291066,-0.568692,-0.399696,-0.718943,0.034114,-0.884737,0.464811,-0.821153,0.240299,0.517678,-0.000587,-0.002614,-0.003355,-0.000226,-0.000343,-0.000216,-1.850607,-0.171614,-0.00954,0.268258,-0.640806,0.624942,0.445876,-0.281204,-0.731388,0.621233,0.715137,0.27192,0.643818,0.015119,0.001455,0.000336,0.002045,-0.015205,0.029246,0.524476,0.035951,0.052423,-0.02719,0.568359,-0.621244,0.539467,0.272954,0.760898,0.588668,-0.776185,-0.187325,0.602034,7e-06,0.00051,0.000677,-0.011737,0.117047,-0.160674,0.522569,0.062282,0.041442,-0.062167,0.539123,0.373112,-0.755071,-0.076359,0.914479,0.397361,0.838758,-0.15657,0.521507,-0.000352,-0.001567,-0.002006,0.004565,0.021308,-0.020948,-1.041486
994,0.120915,-0.024681,0.291074,-0.571102,-0.39649,-0.718807,0.0289,-0.884811,0.465022,-0.819677,0.24529,0.517676,-0.015074,0.002533,0.002433,-0.35851,0.246011,0.227932,-1.850875,-0.171277,-0.009554,0.268393,-0.638154,0.626691,0.447223,-0.285117,-0.73183,0.618924,0.715956,0.266669,0.645103,0.01515,0.003344,0.002859,0.269332,-0.22169,-0.108813,0.526188,0.036119,0.052412,-0.027127,0.564469,-0.623591,0.540839,0.276447,0.760179,0.587966,-0.777785,-0.182375,0.601488,0.007569,0.001545,0.001255,0.574811,-0.385416,-0.28167,0.521752,0.062139,0.041417,-0.062173,0.54153,0.370277,-0.754744,-0.071617,0.914833,0.39743,0.837624,-0.161168,0.521928,0.000126,0.000576,0.000742,-1.198945,0.774714,0.891004,-1.043119
995,0.120786,-0.024683,0.291065,-0.56991,-0.394794,-0.720684,0.027596,-0.885746,0.463319,-0.820552,0.244648,0.516593,-0.000313,-0.001383,-0.001776,-0.0,-0.0,-0.0,-1.855307,-0.17113,-0.009546,0.26863,-0.638064,0.628366,0.444997,-0.291316,-0.731863,0.615991,0.713535,0.262615,0.649433,0.000959,-0.007329,0.013136,-0.016124,-0.018119,-0.005181,0.527925,0.036198,0.05242,-0.027012,0.565765,-0.624388,0.538561,0.283706,0.760671,0.583858,-0.774222,-0.177534,0.607504,3.2e-05,0.002081,0.002781,-0.022649,-0.008499,0.027449,0.521752,0.06207,0.041423,-0.062169,0.540644,0.368104,-0.75644,-0.069916,0.915735,0.395651,0.83834,-0.161019,0.520823,-0.00017,-0.000757,-0.00097,7e-06,-2e-06,3.5e-05,-1.043772
996,0.120782,-0.024708,0.29105,-0.569133,-0.39365,-0.721923,0.026705,-0.886363,0.462189,-0.821122,0.244252,0.515875,-0.000125,-0.000553,-0.00071,0.002936,-0.107224,0.167492,-1.855975,-0.171119,-0.009584,0.268838,-0.641084,0.625761,0.444327,-0.292599,-0.734393,0.612362,0.710296,0.261778,0.65331,0.000978,-0.006194,0.014648,0.061007,-0.073258,-0.052023,0.527522,0.036204,0.052398,-0.026904,0.568952,-0.622008,0.537957,0.28542,0.762848,0.58017,-0.771251,-0.176545,0.611558,0.000486,-0.002977,0.007484,0.019036,-0.052639,-0.035851,0.522569,0.062067,0.041409,-0.062179,0.539916,0.36683,-0.757578,-0.069071,0.916311,0.394464,0.838879,-0.160651,0.520069,-6e-05,-0.000267,-0.000341,0.002965,-0.107211,0.167514,-1.044099
997,0.12082,-0.024667,0.291037,-0.566579,-0.394381,-0.723531,0.025621,-0.886058,0.462835,-0.822922,0.24418,0.513032,1e-05,4.6e-05,5.9e-05,-0.001137,-0.00175,-0.001099,-1.849832,-0.171046,-0.009777,0.269486,-0.644106,0.62318,0.443582,-0.293189,-0.736621,0.609396,0.707314,0.261678,0.656578,0.001907,-0.015159,0.025559,-0.047277,-0.009787,-0.025473,0.526055,0.036241,0.0523,-0.026581,0.572191,-0.619613,0.537285,0.286243,0.764815,0.577167,-0.768544,-0.176456,0.614981,0.000946,-0.0074,0.01302,-0.087882,0.011074,-0.008881,0.521915,0.062086,0.041429,-0.062185,0.537205,0.367386,-0.759234,-0.067926,0.916072,0.395217,0.840711,-0.160741,0.517074,9e-06,3.7e-05,4.6e-05,0.009527,0.010153,0.005598,-1.044425
998,0.120894,-0.024702,0.290995,-0.564213,-0.395355,-0.724846,0.02464,-0.885592,0.463778,-0.824577,0.244296,0.510313,-0.000216,-0.000958,-0.001231,-0.091257,-0.1409,-0.088508,-1.840162,-0.170824,-0.009855,0.270288,-0.643481,0.624663,0.442402,-0.298409,-0.736829,0.606606,0.705696,0.257537,0.659948,0.001048,-0.001489,0.02083,0.737686,0.973085,1.076781,0.52596,0.036352,0.052264,-0.026177,0.571916,-0.620832,0.53617,0.291285,0.764719,0.574766,-0.766853,-0.172539,0.618195,0.000516,-0.000615,0.010593,0.691386,1.00925,1.112419,0.521099,0.062124,0.041413,-0.062204,0.535123,0.367828,-0.760489,-0.066924,0.915858,0.395884,0.842118,-0.160952,0.514714,-0.000138,-0.000618,-0.000795,-0.138152,-0.201915,-0.12497,-1.041976
999,0.120752,-0.024827,0.290998,-0.560921,-0.395433,-0.727355,0.023079,-0.885702,0.463649,-0.826867,0.243771,0.506846,-0.015985,-0.010387,0.008303,-0.033737,0.015639,-0.029834,-1.832485,-0.17052,-0.009712,0.270872,-0.64347,0.624851,0.442153,-0.298146,-0.736479,0.607159,0.705817,0.258076,0.659607,0.000106,0.007328,0.009674,-0.01093,0.10013,-0.137019,0.526115,0.036504,0.052339,-0.02588,0.571412,-0.621566,0.535857,0.291197,0.764035,0.57572,-0.767262,-0.172933,0.617577,0.007578,0.003936,0.004382,0.002657,-0.031122,0.05338,0.520936,0.062059,0.041353,-0.062208,0.531403,0.367854,-0.763081,-0.06537,0.915917,0.396007,0.844592,-0.160556,0.510768,-0.007761,0.000296,-3.1e-05,0.055551,-0.133384,0.188028,-1.039853
1000,0.120588,-0.024854,0.291022,-0.563369,-0.392309,-0.727155,0.017893,-0.885689,0.463904,-0.825329,0.248821,0.5069,-0.01586,-0.009817,0.009031,-0.03607,0.0311,-0.046087,-1.824959,-0.170385,-0.009587,0.270989,-0.643303,0.624547,0.442824,-0.297774,-0.736843,0.606899,0.706126,0.257773,0.659395,-0.000829,0.016368,-0.001137,0.025546,0.088077,-0.119859,0.525742,0.036572,0.052401,-0.025814,0.571196,-0.621206,0.536503,0.29084,0.764392,0.575427,-0.767558,-0.172645,0.61729,0.007553,0.002248,0.002147,0.002052,-0.014856,0.029585,0.521099,0.061976,0.041338,-0.062198,0.534135,0.364777,-0.76265,-0.060221,0.916245,0.396065,0.843251,-0.165624,0.511366,-0.007655,0.000763,0.000569,0.000602,0.017515,-0.029132,-1.0392
1001,0.120256,-0.024938,0.291082,-0.563384,-0.392387,-0.727101,0.017699,-0.885578,0.464123,-0.825323,0.249094,0.506776,-0.000356,-0.001561,-0.002007,-0.0,-0.0,-0.0,-1.786282,-0.170163,-0.009488,0.270975,-0.642872,0.623657,0.444702,-0.296735,-0.737896,0.606129,0.706957,0.25692,0.658839,-1.3e-05,-0.000998,-0.001316,0.0,-0.0,-0.0,0.526134,0.036682,0.052459,-0.025817,0.570637,-0.620108,0.538365,0.289895,0.765489,0.574444,-0.76833,-0.17173,0.616584,0.007517,-0.000515,-0.001496,0.00218,-0.015039,0.029421,0.521262,0.061805,0.041297,-0.062159,0.534187,0.364878,-0.762566,-0.060023,0.916148,0.396319,0.843232,-0.165937,0.511296,-0.000484,-0.006578,0.002788,-0.032572,-0.075072,0.126815,-1.035118
1002,0.119973,-0.025232,0.291162,-0.56469,-0.389777,-0.727492,0.016862,-0.886737,0.461937,-0.824447,0.249064,0.508214,-0.000488,-0.002131,-0.002744,0.000189,0.000293,0.000184,-1.75954,-0.170039,-0.009525,0.270914,-0.642647,0.623198,0.44567,-0.296132,-0.738414,0.605793,0.707414,0.256549,0.658492,-9e-06,-0.00067,-0.000883,-0.012824,0.11714,-0.160202,0.526503,0.036744,0.052434,-0.025858,0.570359,-0.619572,0.539277,0.289357,0.766007,0.574025,-0.768741,-0.171356,0.616176,-5e-06,-0.000393,-0.000523,-0.012709,0.11724,-0.160084,0.521426,0.061664,0.041149,-0.06212,0.535678,0.362272,-0.762762,-0.059278,0.9172,0.393992,0.842338,-0.165838,0.512799,-0.008219,-0.006118,0.002955,-0.04079,0.025808,-0.049083,-1.033485
1003,0.119774,-0.025479,0.291206,-0.56441,-0.389306,-0.727961,0.016037,-0.886841,0.461766,-0.824655,0.24943,0.507697,-0.000277,-0.001206,-0.001555,0.0,0.0,0.0,-1.706218,-0.170033,-0.009537,0.270777,-0.6424,0.622597,0.446864,-0.295498,-0.739119,0.605242,0.707903,0.255976,0.658189,-3.5e-05,-0.002729,-0.003602,-0.001858,0.016978,-0.02321,0.526106,0.036747,0.05243,-0.025923,0.570056,-0.618887,0.540384,0.288824,0.766688,0.573385,-0.769166,-0.170786,0.615804,-1.2e-05,-0.001052,-0.001391,5.1e-05,7.8e-05,7.8e-05,0.521262,0.061563,0.041022,-0.062102,0.535373,0.361789,-0.763205,-0.058442,0.917315,0.393847,0.84259,-0.166252,0.51225,-0.000434,-0.006331,0.003106,-0.035082,0.016321,-0.016612,-1.029893
1004,0.119684,-0.025553,0.291208,-0.564266,-0.389094,-0.728186,0.015747,-0.886915,0.461633,-0.824759,0.249496,0.507495,-0.015611,0.000321,-0.000443,0.001963,-0.092168,0.138157,-1.68306,-0.170023,-0.009565,0.270722,-0.64227,0.622285,0.447484,-0.29512,-0.739468,0.605001,0.708179,0.255729,0.657988,-2.3e-05,-0.001826,-0.002412,0.0,-0.0,-0.0,0.526112,0.036752,0.052412,-0.025955,0.56989,-0.618513,0.540985,0.288475,0.767045,0.573081,-0.769419,-0.170532,0.615557,-1e-05,-0.000948,-0.001252,4.1e-05,5.7e-05,7.1e-05,0.521262,0.061518,0.040986,-0.062101,0.535237,0.361554,-0.763412,-0.058158,0.917394,0.393705,0.842696,-0.166327,0.512051,-0.007803,0.000171,-0.000207,0.002014,-0.092197,0.138125,-1.027933
1005,0.119496,-0.025683,0.291233,-0.559924,-0.384138,-0.734144,0.012731,-0.889938,0.455874,-0.827768,0.246381,0.504107,-0.000678,-0.011833,0.007268,-0.034718,0.015243,-0.014925,-1.665185,-0.170013,-0.009571,0.270695,-0.642075,0.621813,0.44842,-0.294539,-0.739991,0.604644,0.708597,0.255368,0.657678,-0.0,-5e-06,-7e-06,0.0,-0.0,-0.0,0.526161,0.036757,0.052407,-0.025972,0.569649,-0.617963,0.541867,0.287954,0.767568,0.572643,-0.769793,-0.170173,0.61519,2e-06,5e-05,6.6e-05,3.8e-05,2.9e-05,7.2e-05,0.521262,0.061424,0.04092,-0.062089,0.531057,0.355883,-0.768976,-0.055348,0.920154,0.387624,0.845525,-0.163289,0.508352,-0.000329,-0.005864,0.003706,-0.036671,0.021598,-0.022843,-1.029729
1006,0.119303,-0.025808,0.291332,-0.54852,-0.375182,-0.747268,0.006384,-0.895554,0.444875,-0.835449,0.239714,0.494559,-1e-06,-5e-06,-6e-06,0.247278,-1.967183,1.972234,-1.655439,-0.170045,-0.009486,0.270829,-0.642057,0.621739,0.448547,-0.294433,-0.74006,0.604611,0.708658,0.255346,0.657621,5.4e-05,0.004231,0.005583,0.001858,-0.016979,0.02321,0.525995,0.036741,0.052443,-0.025913,0.569619,-0.61787,0.542004,0.287846,0.767649,0.572588,-0.769855,-0.170144,0.615119,0.000473,-0.003908,0.006209,-0.0346,-0.004909,0.0061,0.521262,0.061328,0.040862,-0.062042,0.523014,0.345822,-0.779013,-0.050646,0.924983,0.376618,0.850817,-0.157522,0.501293,7e-06,3.8e-05,5.3e-05,-0.286349,-0.434351,-0.282198,-1.033812
1007,0.119278,-0.025828,0.291339,-0.545969,-0.372387,-0.750527,0.004987,-0.89724,0.441483,-0.83713,0.237751,0.492662,-9.3e-05,-0.000403,-0.00052,-0.003537,-0.005472,-0.003413,-1.645577,-0.169972,-0.00944,0.270984,-0.642094,0.621883,0.448295,-0.294493,-0.73987,0.604814,0.708599,0.255546,0.657607,0.016034,-0.005201,0.014225,-0.032592,-0.020138,0.035297,0.525963,0.036772,0.05247,-0.025839,0.569668,-0.618028,0.541773,0.287895,0.767482,0.572788,-0.769801,-0.170325,0.615138,3.3e-05,0.002993,0.003946,0.001888,-0.016938,0.02323,0.521099,0.061316,0.040849,-0.062034,0.517413,0.342324,-0.784281,-0.048086,0.926682,0.372756,0.854383,-0.155155,0.495938,-6e-05,-0.000244,-0.000313,0.009428,0.019774,-0.002307,-1.029403
1008,0.119288,-0.02595,0.291217,-0.54058,-0.366381,-0.757353,0.002011,-0.900771,0.434257,-0.840636,0.233678,0.488623,-0.000882,-0.003816,-0.004931,0.135638,-0.494709,0.651054,-1.634285,-0.169809,-0.009411,0.271363,-0.643487,0.620377,0.448385,-0.294589,-0.741254,0.603071,0.707295,0.255199,0.659143,0.000962,-0.006804,0.013728,-0.002737,-0.028096,-0.01346,0.525641,0.036859,0.05249,-0.025642,0.571265,-0.616507,0.541826,0.288384,0.768824,0.57074,-0.768434,-0.169789,0.616992,2.3e-05,0.002357,0.003097,0.010391,-0.013511,-0.012226,0.521262,0.061322,0.040794,-0.062087,0.512874,0.336017,-0.789969,-0.0457,0.929595,0.365737,0.857246,-0.151475,0.492121,-0.00052,-0.002401,-0.003093,0.452698,-1.627893,2.138806,-1.027443
1009,0.119258,-0.026164,0.291026,-0.534617,-0.363528,-0.76294,-0.000775,-0.902561,0.430529,-0.844447,0.231206,0.483198,-0.000811,-0.003504,-0.004537,-0.002608,0.012105,-0.026409,-1.620632,-0.16959,-0.009239,0.271634,-0.643516,0.620625,0.447998,-0.294797,-0.740981,0.603305,0.707181,0.255387,0.659193,5.4e-05,0.004826,0.006329,0.001868,-0.016964,0.02322,0.525654,0.036963,0.052571,-0.025504,0.571187,-0.61685,0.541517,0.288345,0.768472,0.571233,-0.768506,-0.170137,0.616806,2.5e-05,0.002602,0.003408,0.000759,-0.016267,0.023806,0.521262,0.061306,0.040683,-0.062187,0.506447,0.331976,-0.795803,-0.042759,0.931449,0.36135,0.86121,-0.148977,0.485924,-0.000396,-0.001716,-0.00222,0.009562,0.016616,0.002041,-1.021075
1010,0.119211,-0.026222,0.290966,-0.532895,-0.365473,-0.763215,-0.001138,-0.901628,0.432479,-0.845536,0.231783,0.481013,-0.000692,-0.002987,-0.00387,-0.013492,-0.004645,-0.036857,-1.607795,-0.169466,-0.009144,0.271728,-0.643488,0.620658,0.447994,-0.294838,-0.740966,0.603303,0.70719,0.255351,0.659197,4.3e-05,0.004028,0.005278,0.001863,-0.01696,0.023223,0.52515,0.037031,0.052622,-0.025453,0.571152,-0.616901,0.541495,0.288396,0.768437,0.571255,-0.768513,-0.170109,0.616806,1.5e-05,0.001706,0.002232,-8.4e-05,0.000153,0.000145,0.521099,0.061282,0.040653,-0.062219,0.50455,0.333909,-0.796198,-0.042289,0.930636,0.363491,0.862345,-0.149729,0.483674,-0.000305,-0.001322,-0.001714,0.003887,2e-06,-0.002105,-1.018299
1011,0.119006,-0.026262,0.290953,-0.532679,-0.365226,-0.763484,-0.001384,-0.901733,0.432257,-0.845671,0.23176,0.480785,-0.015333,0.00166,0.001268,-0.000988,0.014709,-0.029556,-1.588071,-0.169216,-0.009092,0.271785,-0.639604,0.624162,0.448686,-0.298797,-0.739547,0.603096,0.709046,0.250892,0.658916,0.0,5.1e-05,6.6e-05,0.731026,1.116948,0.932184,0.525399,0.037156,0.052653,-0.025418,0.567375,-0.619848,0.5421,0.291906,0.766966,0.571448,-0.769984,-0.165983,0.616095,2e-06,-0.000129,-0.000173,0.724353,1.133283,0.951874,0.521262,0.061184,0.040628,-0.062232,0.50458,0.333456,-0.79637,-0.042168,0.93082,0.363035,0.862334,-0.149599,0.483735,1.6e-05,5.9e-05,7.9e-05,0.000633,0.000997,0.000594,-1.015196
1012,0.118763,-0.026297,0.29103,-0.530911,-0.363186,-0.765686,-0.002649,-0.902811,0.429995,-0.846781,0.230764,0.479308,0.0,1e-06,2e-06,-0.0,-0.0,-0.0,-1.533842,-0.168892,-0.009035,0.271755,-0.641105,0.623093,0.44803,-0.299871,-0.740649,0.601207,0.707236,0.250302,0.661082,0.015048,0.002029,0.00101,0.007383,-0.019078,0.02598,0.524467,0.037312,0.052675,-0.025441,0.568749,-0.619117,0.541495,0.293664,0.767802,0.56942,-0.7683,-0.16484,0.618499,6e-06,0.000729,0.00095,-0.014171,-0.01,0.028428,0.521426,0.061058,0.040613,-0.06219,0.502916,0.331172,-0.798373,-0.040995,0.931785,0.360689,0.863361,-0.148667,0.482186,-0.007649,0.000908,0.000736,-0.001105,0.015018,-0.029805,-1.009318
1013,0.11863,-0.026318,0.291013,-0.530188,-0.362217,-0.766645,-0.003339,-0.903277,0.429011,-0.847232,0.230461,0.478657,-0.000194,-0.000833,-0.00108,-0.0,-0.0,-0.0,-1.50479,-0.168528,-0.008779,0.27183,-0.641194,0.623652,0.447124,-0.300758,-0.740171,0.601353,0.706778,0.250323,0.661563,0.015062,0.005387,0.005391,0.003918,-0.032175,0.05246,0.523855,0.037494,0.052798,-0.02541,0.568766,-0.619816,0.540677,0.294385,0.767218,0.569836,-0.768011,-0.164937,0.618832,-0.000446,0.008151,-0.000642,0.03605,-0.011628,0.017492,0.521099,0.060992,0.040605,-0.062196,0.502239,0.330097,-0.799243,-0.040339,0.932209,0.359664,0.863786,-0.148397,0.481508,-0.000123,-0.000525,-0.00068,0.002917,-0.10662,0.167861,-0.998541
1014,0.118563,-0.026374,0.290988,-0.528492,-0.360243,-0.768743,-0.004426,-0.904339,0.426759,-0.848287,0.229384,0.477304,-0.00049,-0.002097,-0.002721,3e-06,-1e-05,1.3e-05,-1.50543,-0.168399,-0.00855,0.271944,-0.637495,0.627579,0.446918,-0.305478,-0.738304,0.60127,0.708096,0.245994,0.661779,-0.000873,0.019252,0.002574,0.025986,0.088968,-0.118959,0.523695,0.037564,0.052912,-0.025354,0.564869,-0.623599,0.540413,0.299015,0.765079,0.5703,-0.769098,-0.160553,0.618635,-0.000437,0.009847,0.001569,0.027279,0.088458,-0.119706,0.521099,0.060958,0.040578,-0.062206,0.500606,0.327853,-0.801189,-0.039323,0.933165,0.357288,0.86478,-0.147356,0.480041,-0.000267,-0.001139,-0.001473,-0.001005,0.003216,-0.003999,-1.00001
1015,0.11838,-0.026554,0.291016,-0.525624,-0.356983,-0.772222,-0.006332,-0.90605,0.42309,-0.850057,0.227715,0.474948,-0.000195,-0.00083,-0.001078,0.0,-0.0,0.0,-1.496379,-0.1682,-0.008079,0.272383,-0.628452,0.636476,0.447145,-0.313705,-0.733302,0.603151,0.712562,0.237979,0.659913,0.015062,0.011391,0.013154,0.003524,-0.031899,0.052694,0.523917,0.037658,0.053145,-0.025138,0.555285,-0.632005,0.540579,0.306753,0.759815,0.57322,-0.773019,-0.152476,0.615784,2.9e-05,0.005798,0.007532,0.01129,-0.038048,0.043038,0.521426,0.060866,0.040485,-0.062197,0.497892,0.324205,-0.804359,-0.037553,0.934684,0.353488,0.866425,-0.145793,0.477547,-0.00011,-0.000462,-0.000598,-0.000548,0.001756,-0.002198,-1.007522
1016,0.118259,-0.026608,0.291042,-0.525607,-0.356963,-0.772243,-0.006482,-0.906023,0.423145,-0.850067,0.227852,0.474864,-2e-06,-9e-06,-1.1e-05,-0.0,-0.0,-0.0,-1.482338,-0.168024,-0.007742,0.272953,-0.626194,0.638997,0.446716,-0.318729,-0.732586,0.601385,0.712317,0.233399,0.661811,0.000979,-0.002151,0.019637,-0.01313,-0.036218,0.017213,0.523296,0.037752,0.053324,-0.02484,0.553124,-0.63432,0.540083,0.312069,0.758839,0.571641,-0.772441,-0.147645,0.617684,0.000483,-0.001136,0.009738,-0.041918,-0.02193,0.028386,0.522405,0.060806,0.040458,-0.062184,0.497888,0.324199,-0.804364,-0.037407,0.934663,0.353561,0.866433,-0.145945,0.477485,-0.007651,0.000927,0.000752,0.001944,-0.091792,0.138329,-1.006216
1017,0.11821,-0.02663,0.291045,-0.525342,-0.356598,-0.772592,-0.006772,-0.906184,0.422795,-0.850229,0.227783,0.474608,-0.015541,0.00084,0.000185,-0.000984,0.014715,-0.029553,-1.480991,-0.167939,-0.007674,0.273167,-0.61854,0.646309,0.44686,-0.327153,-0.728784,0.60148,0.715173,0.225035,0.661627,2.9e-05,0.006136,0.007925,0.730127,1.097233,0.959852,0.522316,0.037794,0.053363,-0.024726,0.545319,-0.64099,0.540146,0.319726,0.754731,0.572848,-0.774855,-0.139686,0.61651,1.1e-05,0.002882,0.003717,0.718018,1.115614,0.981651,0.522079,0.060781,0.040449,-0.06218,0.49764,0.323795,-0.80468,-0.037129,0.934811,0.353197,0.866588,-0.145888,0.477222,-0.007781,0.000383,4.6e-05,-0.000986,0.014721,-0.029549,-1.008338
1018,0.118155,-0.026613,0.291064,-0.524819,-0.35589,-0.773274,-0.00725,-0.90652,0.422067,-0.850548,0.227552,0.474146,0.000292,0.001241,0.001611,0.000427,-0.015437,0.024333,-1.478761,-0.167881,-0.007944,0.273402,-0.5989,0.663566,0.448319,-0.347031,-0.719465,0.60156,0.722466,0.203859,0.660566,0.000926,-0.013195,0.005358,-0.035965,0.012608,-0.016449,0.498372,0.037823,0.053233,-0.024602,0.524258,-0.657437,0.541229,0.33938,0.744225,0.575281,-0.781008,-0.117913,0.613287,0.000456,-0.006932,0.002244,-0.033804,0.0112,-0.018723,0.506893,0.060753,0.040453,-0.062176,0.497158,0.323026,-0.805287,-0.036686,0.935109,0.352453,0.866883,-0.145682,0.476748,3.6e-05,0.000148,0.000194,5e-06,8e-06,3e-06,-1.011114
