frame,MLTx,MLTy,MLTz,MLTR1,MLTR2,MLTR3,MLTR4,MLTR5,MLTR6,MLTR7,MLTR8,MLTR9,MLTTVx,MLTTVy,MLTTVz,MLTRVx,MLTRVy,MLTRVz,MLGA,MRTx,MRTy,MRTz,MRTR1,MRTR2,MRTR3,MRTR4,MRTR5,MRTR6,MRTR7,MRTR8,MRTR9,MRTTVx,MRTTVy,MRTTVz,MRTRVx,MRTRVy,MRTRVz,MRGA,SLTx,SLTy,SLTz,SLTR1,SLTR2,SLTR3,SLTR4,SLTR5,SLTR6,SLTR7,SLTR8,SLTR9,SLTTVx,SLTTVy,SLTTVz,SLTRVx,SLTRVy,SLTRVz,SLGA,SRTx,SRTy,SRTz,SRTR1,SRTR2,SRTR3,SRTR4,SRTR5,SRTR6,SRTR7,SRTR8,SRTR9,SRTTVx,SRTTVy,SRTTVz,SRTRVx,SRTRVy,SRTRVz,SRGA
1106,0.117639,-0.018874,0.401004,-0.569428,-0.421672,-0.705684,0.16318,-0.899334,0.405638,-0.804985,0.116347,0.581798,-8.3e-05,-0.000391,-0.000265,0.108005,0.175287,0.064122,-0.185105,-0.159814,0.007288,0.365463,0.796837,-0.207736,0.567351,-0.115153,0.869478,0.480293,-0.594062,-0.447786,0.668163,4.5e-05,-0.00123,-0.000854,0.0,-0.0,-0.0,-1.402322,0.039907,0.024736,0.005968,-0.714646,0.349591,0.605859,-0.014752,-0.87349,0.486617,0.699329,0.338822,0.629394,2.8e-05,-0.000733,-0.000508,-0.000236,0.000259,0.000201,-0.873239,0.07461,0.014959,-0.039442,-0.594526,-0.429507,-0.679751,0.26527,-0.902821,0.338444,-0.759058,0.020896,0.650686,-5.7e-05,-0.000266,-0.000181,0.08571,0.160445,0.056771,-0.294759
1107,0.11774,-0.018931,0.401051,-0.574885,-0.405045,-0.710979,0.16383,-0.908283,0.384905,-0.800961,0.105294,0.589408,0.000134,0.000637,0.000431,0.424204,0.413564,0.39031,-0.31892,-0.159811,0.007201,0.365403,0.796739,-0.20759,0.567542,-0.115345,0.869518,0.480174,-0.594155,-0.447775,0.668087,9.8e-05,-0.002683,-0.001864,0.0,-0.0,-0.0,-1.40212,0.039909,0.024697,0.005941,-0.71457,0.349449,0.606031,-0.014594,-0.873557,0.486501,0.699411,0.338795,0.629317,3.9e-05,-0.001037,-0.000718,3.3e-05,4.4e-05,4.9e-05,-0.874056,0.07466,0.014928,-0.03942,-0.599713,-0.414016,-0.684787,0.264198,-0.910209,0.31893,-0.755342,0.010348,0.655247,9.1e-05,0.000427,0.000288,0.331431,-0.460247,0.70878,-0.378527
1108,0.117694,-0.018831,0.400971,-0.579767,-0.401457,-0.709047,0.171163,-0.910799,0.375658,-0.795891,0.096925,0.597654,0.000303,0.001436,0.000972,0.17814,0.277318,0.131869,-0.439247,-0.159787,0.007087,0.365322,0.796684,-0.207508,0.56765,-0.115454,0.869541,0.480106,-0.594209,-0.447769,0.668043,0.000124,-0.003395,-0.002361,-0.001788,0.013364,-0.025468,-1.402103,0.039921,0.02464,0.0059,-0.714523,0.34936,0.606138,-0.014496,-0.873599,0.486428,0.699461,0.338778,0.629271,5.2e-05,-0.001389,-0.000965,2.3e-05,1.7e-05,4.2e-05,-0.874382,0.074637,0.014976,-0.039461,-0.606092,-0.410288,-0.681406,0.271304,-0.911954,0.307787,-0.747693,0.001678,0.664041,0.000152,0.000715,0.000484,0.195243,0.302557,0.138978,-0.47895
1109,0.117668,-0.01879,0.400974,-0.583835,-0.399007,-0.707089,0.172293,-0.91197,0.372286,-0.792665,0.096017,0.602072,3.1e-05,0.000146,9.9e-05,0.0364,0.059316,0.021658,-0.519435,-0.159715,0.007019,0.365269,0.796667,-0.207484,0.567682,-0.115486,0.869548,0.480087,-0.594225,-0.447767,0.66803,0.013214,-0.001039,-0.001788,0.002045,-0.015205,0.029245,-1.402091,0.039952,0.024602,0.005871,-0.714494,0.349307,0.606202,-0.014438,-0.873625,0.486385,0.699491,0.338767,0.629243,3.9e-05,-0.001019,-0.000709,-0.001765,0.013384,-0.025453,-0.874382,0.074625,0.015,-0.039457,-0.610524,-0.408106,-0.678755,0.272266,-0.912934,0.30401,-0.743727,0.000803,0.668481,1.1e-05,5.2e-05,3.5e-05,0.010828,0.02357,0.010993,-0.547042
1110,0.117679,-0.018806,0.401,-0.584661,-0.40093,-0.705317,0.172662,-0.910946,0.374616,-0.791975,0.097734,0.602703,1.7e-05,7.9e-05,5.4e-05,0.000532,0.000867,0.000317,-0.581418,-0.159684,0.006985,0.365243,0.796655,-0.207466,0.567707,-0.115511,0.869553,0.480071,-0.594237,-0.447766,0.66802,7.4e-05,-0.002004,-0.001395,0.0,-0.0,-0.0,-1.402032,0.039972,0.024586,0.005858,-0.714491,0.349302,0.606209,-0.014432,-0.873627,0.48638,0.699495,0.338766,0.62924,0.00662,-0.000812,-0.001099,0.002065,-0.015182,0.029253,-0.874219,0.07463,0.014992,-0.039444,-0.610841,-0.410254,-0.677173,0.272645,-0.911967,0.306561,-0.743328,0.002632,0.668921,3e-06,1.8e-05,1.1e-05,-0.005912,-0.01242,-0.001376,-0.585089
1111,0.117671,-0.01879,0.400998,-0.585472,-0.40284,-0.703554,0.173112,-0.909929,0.376873,-0.791276,0.099351,0.603356,5e-06,2.5e-05,1.7e-05,0.0,0.0,0.0,-0.722968,-0.159602,0.006889,0.36517,0.797609,-0.205571,0.567055,-0.115326,0.870684,0.478061,-0.592991,-0.446444,0.67001,0.000104,-0.002792,-0.001946,0.024839,-0.023966,-0.01435,-1.399365,0.040013,0.024539,0.005823,-0.715937,0.347457,0.605563,-0.015047,-0.874842,0.484172,0.698001,0.337525,0.631561,6.1e-05,-0.001628,-0.001135,0.001483,0.004531,-0.032546,-0.874382,0.074626,0.015,-0.039445,-0.611251,-0.412342,-0.675533,0.273191,-0.911019,0.308886,-0.74279,0.004258,0.66951,0.0,1e-06,-1e-06,0.000697,-0.000997,0.000322,-0.681267
1112,0.117662,-0.018768,0.400977,-0.58546,-0.402825,-0.703572,0.173164,-0.909944,0.376812,-0.791274,0.099271,0.603372,0.0,0.0,0.0,0.0,0.0,0.0,-0.839453,-0.159489,0.006781,0.365073,0.797466,-0.20536,0.567333,-0.11559,0.870754,0.477871,-0.593132,-0.446405,0.669911,0.000131,-0.003501,-0.002442,-0.001784,0.01336,-0.02547,-1.319489,0.040065,0.024487,0.005776,-0.715691,0.347357,0.605911,-0.014681,-0.87484,0.484187,0.698262,0.337634,0.631215,5.5e-05,-0.00146,-0.00102,-0.013256,0.09304,-0.17528,-0.857073,0.074621,0.015007,-0.039452,-0.611234,-0.412343,-0.675547,0.273242,-0.911018,0.308842,-0.742785,0.004187,0.669516,2e-06,-6e-06,-7e-06,0.00027,-0.000128,-0.000237,-0.72209
1113,0.117662,-0.018768,0.400977,-0.58546,-0.402825,-0.703572,0.173164,-0.909944,0.376812,-0.791274,0.099271,0.603372,0.0,0.0,0.0,0.0,0.0,0.0,-0.887555,-0.159428,0.006734,0.365036,0.797465,-0.205359,0.567335,-0.115591,0.870754,0.47787,-0.593133,-0.446405,0.66991,8.5e-05,-0.002273,-0.001586,0.0,-0.0,-0.0,-1.253218,0.0401,0.024459,0.005754,-0.715685,0.347364,0.605914,-0.01468,-0.874836,0.484195,0.698268,0.337637,0.631207,5.2e-05,-0.001352,-0.000948,-6.9e-05,0.000152,0.000125,-0.830784,0.074621,0.015011,-0.039456,-0.611228,-0.412335,-0.675558,0.273259,-0.911022,0.308814,-0.742784,0.004153,0.669517,3e-06,-4e-06,-6e-06,0.000222,-9.7e-05,-0.0002,-0.721274
1114,0.117642,-0.018758,0.400971,-0.585465,-0.402851,-0.703553,0.173202,-0.909934,0.376819,-0.791263,0.099253,0.60339,0.0,0.0,0.0,0.0,0.0,0.0,-0.982622,-0.159353,0.006594,0.364933,0.796316,-0.206968,0.568364,-0.116155,0.869703,0.479644,-0.594566,-0.447705,0.667768,0.000133,-0.003519,-0.00246,-0.065802,0.063592,0.038072,-0.987246,0.040137,0.024392,0.005704,-0.714167,0.348783,0.606889,-0.01374,-0.873834,0.486028,0.699839,0.338767,0.628856,8e-05,-0.002056,-0.001438,-0.084825,0.176169,-0.158338,-0.73036,0.074611,0.015016,-0.039459,-0.611224,-0.412369,-0.675541,0.273306,-0.911007,0.308818,-0.74277,0.004128,0.669533,-0.006733,0.000946,0.000691,-0.000833,0.014642,-0.029684,-0.721274
1115,0.117644,-0.018745,0.400881,-0.587452,-0.401565,-0.702631,0.17386,-0.910572,0.374971,-0.789642,0.098611,0.605614,0.012995,-0.004158,-0.002925,0.06815,0.107476,0.043568,-1.101125,-0.15925,0.006485,0.364848,0.795224,-0.20867,0.569268,-0.116603,0.868624,0.481488,-0.595938,-0.449006,0.665668,6.8e-05,-0.001777,-0.001243,-0.39312,0.380109,0.227556,-0.588219,0.040189,0.024334,0.00566,-0.71412,0.348621,0.607037,-0.013685,-0.873955,0.485812,0.699888,0.338621,0.628881,0.006632,-0.000791,-0.001091,0.003594,-0.016448,0.028593,-0.57752,0.074608,0.015027,-0.039501,-0.613174,-0.411348,-0.674396,0.273915,-0.911471,0.306904,-0.740937,0.003459,0.671565,4.1e-05,0.004257,-0.005351,0.124613,0.130184,0.069982,-0.721274
1116,0.117654,-0.018696,0.400803,-0.587403,-0.401479,-0.702722,0.173988,-0.910637,0.374753,-0.789651,0.098359,0.605643,0.000215,0.009162,-0.010259,0.036579,-0.01179,0.018639,-1.133307,-0.159229,0.006451,0.364822,0.795202,-0.208637,0.569311,-0.116646,0.868633,0.481461,-0.595959,-0.449004,0.665651,6.5e-05,-0.001707,-0.001195,-0.00676,0.006537,0.003914,-0.428352,0.0402,0.024316,0.005646,-0.71265,0.350342,0.607774,-0.013005,-0.872817,0.487872,0.701398,0.339778,0.62657,3.2e-05,-0.000815,-0.000573,0.014932,-0.009922,-0.004551,-0.517266,0.074617,0.015042,-0.03954,-0.613287,-0.411181,-0.674395,0.273999,-0.911547,0.306602,-0.740812,0.003251,0.671704,-4.1e-05,-0.000209,-0.000143,-0.008348,-0.011275,-0.003168,-0.721274
1117,0.117682,-0.018555,0.400688,-0.591418,-0.399237,-0.700628,0.175516,-0.911754,0.371308,-0.786307,0.097117,0.610178,0.000379,0.001794,0.001215,0.112772,0.171304,0.093407,-1.198765,-0.159273,0.006352,0.364793,0.795426,-0.211075,0.568099,-0.116147,0.866796,0.48488,-0.595758,-0.451403,0.664207,0.000108,-0.002864,-0.002006,-0.001332,0.001289,0.000771,-0.198018,0.040177,0.02427,0.005634,-0.712561,0.352743,0.606488,-0.013044,-0.870934,0.491224,0.701488,0.342117,0.625196,5.9e-05,-0.001517,-0.001063,0.011681,-0.006026,-0.00658,-0.433824,0.074631,0.015112,-0.039604,-0.616821,-0.409583,-0.67214,0.275258,-0.91227,0.303308,-0.737403,0.002074,0.675448,5.2e-05,0.000241,0.000162,0.171516,0.270064,0.095121,-0.72111
1118,0.117712,-0.018379,0.400536,-0.591316,-0.399137,-0.700771,0.175897,-0.91186,0.370868,-0.786299,0.096527,0.610282,0.000406,0.010068,-0.009643,0.035599,-0.013402,0.01805,-1.233509,-0.159246,0.006158,0.364668,0.796688,-0.203205,0.569199,-0.127065,0.864295,0.486604,-0.591824,-0.45974,0.662002,0.000195,-0.00515,-0.003614,-9.9e-05,9.6e-05,5.7e-05,-0.045713,0.040191,0.024176,0.005574,-0.715174,0.345162,0.607773,-0.001782,-0.870454,0.492245,0.698943,0.350958,0.623141,0.00012,-0.003128,-0.002195,0.002219,0.010206,-0.026994,-0.327196,0.074646,0.015201,-0.039673,-0.617105,-0.409288,-0.672058,0.275616,-0.912403,0.30258,-0.737031,0.001493,0.675856,6.7e-05,0.00031,0.00021,-0.001658,-0.002593,-0.000882,-0.721437
1119,0.117666,-0.018177,0.400414,-0.591193,-0.398786,-0.701075,0.176101,-0.912078,0.370234,-0.786346,0.09591,0.610319,3.6e-05,0.000172,0.000116,0.0,0.0,0.0,-1.234534,-0.159205,0.005886,0.364475,0.798686,-0.193267,0.56986,-0.137956,0.862857,0.486189,-0.586662,-0.466684,0.661738,0.000285,-0.007517,-0.005288,-0.00179,0.01336,-0.025471,0.079762,0.040211,0.024042,0.005478,-0.718904,0.335714,0.608663,0.009148,-0.870993,0.491209,0.695048,0.3587,0.62309,0.00014,-0.003622,-0.002548,-0.001873,0.013385,-0.025094,-0.160312,0.074624,0.015308,-0.039737,-0.617009,-0.408913,-0.672375,0.275793,-0.912572,0.301908,-0.737046,0.000844,0.675841,-0.006566,0.005788,-0.004255,0.034688,0.001159,-0.01165,-0.721273
1120,0.117666,-0.018126,0.400349,-0.591113,-0.39847,-0.701322,0.176063,-0.912245,0.36984,-0.786414,0.09563,0.610274,0.000144,0.008825,-0.010482,0.035572,-0.013462,0.018027,-1.249066,-0.15919,0.00575,0.364378,0.798534,-0.193056,0.570145,-0.138243,0.862912,0.486011,-0.586802,-0.466671,0.661624,0.000247,-0.006524,-0.004595,-0.0,0.0,0.0,0.124657,0.040219,0.02397,0.005427,-0.718769,0.335473,0.608956,0.009421,-0.871103,0.491008,0.695184,0.358658,0.622962,0.000151,-0.00389,-0.00274,-0.00172,0.01345,-0.025341,-0.088791,0.074624,0.015331,-0.039764,-0.616977,-0.408594,-0.672598,0.275726,-0.912715,0.301537,-0.737097,0.000589,0.675785,-0.000111,-0.000536,-0.000361,0.000121,-4.8e-05,-8.3e-05,-0.721437
1121,0.117665,-0.018047,0.40023,-0.591043,-0.398363,-0.701441,0.176278,-0.912332,0.369523,-0.786418,0.095245,0.610329,0.000279,0.00946,-0.010051,0.03557,-0.013469,0.018024,-1.279731,-0.159209,0.005467,0.364193,0.798234,-0.192638,0.570705,-0.138824,0.863007,0.485675,-0.587072,-0.466667,0.661386,0.000262,-0.006953,-0.00491,-0.001788,0.013361,-0.025469,0.186274,0.04021,0.023829,0.005335,-0.718523,0.335029,0.609491,0.009937,-0.871297,0.490654,0.695431,0.358603,0.622717,0.000124,-0.003189,-0.002251,-0.00173,0.013417,-0.025397,0.016858,0.074623,0.015367,-0.039826,-0.616924,-0.408479,-0.672716,0.275924,-0.912767,0.3012,-0.737068,0.000199,0.675817,-9e-06,-6e-05,-4.2e-05,7.1e-05,-4e-05,-6.1e-05,-0.7216
1122,0.117661,-0.017895,0.400086,-0.593281,-0.394631,-0.701662,0.171133,-0.913519,0.369009,-0.785867,0.099334,0.610387,0.00031,0.00961,-0.009948,0.035492,-0.013441,0.018085,-1.280533,-0.159319,0.005277,0.364118,0.797974,-0.192271,0.571193,-0.139382,0.863053,0.485435,-0.587294,-0.466735,0.661141,-0.013134,-0.002993,-0.001034,-0.002045,0.015205,-0.029245,0.235264,0.04016,0.023726,0.005291,-0.718305,0.334628,0.609968,0.010458,-0.871441,0.490387,0.695649,0.358627,0.622461,4.3e-05,-0.001135,-0.0008,3.5e-05,3.6e-05,5.1e-05,0.091645,0.074621,0.015443,-0.039898,-0.619459,-0.404927,-0.672535,0.270845,-0.914338,0.301045,-0.736826,0.004332,0.676068,7e-06,1.6e-05,1.2e-05,0.00052,-0.000628,0.000935,-0.721763
1123,0.117646,-0.017785,0.399989,-0.593209,-0.394492,-0.7018,0.171328,-0.913621,0.368666,-0.785879,0.098942,0.610435,0.000314,0.009625,-0.009937,0.035566,-0.013491,0.018015,-1.281104,-0.159377,0.005265,0.364127,0.797909,-0.192179,0.571314,-0.13952,0.863064,0.485376,-0.587349,-0.466752,0.66108,-5.1e-05,0.001364,0.000965,0.001788,-0.013358,0.025471,0.269474,0.040126,0.023716,0.005293,-0.718243,0.334513,0.610104,0.010604,-0.871484,0.490309,0.695711,0.358631,0.62239,-3.2e-05,0.000877,0.000621,0.001826,-0.013333,0.025508,0.129038,0.074613,0.015499,-0.039946,-0.619405,-0.404774,-0.672676,0.271021,-0.914408,0.300674,-0.736806,0.00393,0.676092,8e-06,1.5e-05,1e-05,0.000233,-0.000154,-2.8e-05,-0.7216
1124,0.117605,-0.017483,0.399688,-0.593041,-0.394364,-0.702014,0.172076,-0.913792,0.367892,-0.785843,0.09786,0.610657,0.000312,0.00961,-0.009944,0.035562,-0.013518,0.018004,-1.282089,-0.159496,0.005291,0.364192,0.799233,-0.192867,0.569227,-0.13857,0.862334,0.486942,-0.58577,-0.467815,0.66173,-5.7e-05,0.001543,0.001091,-0.012339,0.092172,-0.175791,0.342848,0.040066,0.023735,0.00533,-0.719602,0.335521,0.607945,0.00977,-0.870535,0.492007,0.694317,0.35999,0.623161,-3.9e-05,0.001044,0.000741,0.000906,0.002523,-0.002818,0.223257,0.074593,0.01565,-0.040097,-0.619264,-0.404626,-0.672896,0.271718,-0.914477,0.299832,-0.736669,0.002837,0.676247,0.000161,0.0048,-0.004976,0.035676,-0.013575,0.017933,-0.720784
1125,0.117549,-0.017105,0.399339,-0.597416,-0.386857,-0.702482,0.161938,-0.916117,0.366712,-0.784679,0.105796,0.61083,0.000332,0.009699,-0.009881,0.035556,-0.013551,0.017991,-1.284074,-0.159491,0.005151,0.364375,0.803603,-0.173886,0.56919,-0.159281,0.858516,0.487355,-0.574399,-0.482081,0.661458,0.000989,-0.009977,0.009272,-0.03873,0.006582,-0.021963,0.395958,0.040069,0.023672,0.005421,-0.727227,0.317494,0.608554,0.030952,-0.870521,0.491155,0.685698,0.376017,0.62324,-1.7e-05,0.00036,0.000253,-0.008125,-0.006373,-0.008014,0.303269,0.074565,0.015839,-0.040271,-0.624233,-0.397463,-0.672573,0.261696,-0.917553,0.299348,-0.736102,0.010853,0.676782,0.000172,0.004847,-0.004939,0.036228,-0.014084,0.01824,-0.721273
1126,0.117458,-0.016731,0.398953,-0.599428,-0.382832,-0.702974,0.157249,-0.917433,0.365461,-0.784097,0.108995,0.611015,-5.2e-05,-0.000244,-0.000165,-0.0,0.0,0.0,-1.301498,-0.159385,0.004781,0.364708,0.806353,-0.159246,0.569585,-0.175672,0.85498,0.487936,-0.565686,-0.493307,0.66069,0.001011,-0.010551,0.008872,-0.036417,0.00853,-0.019294,0.442382,0.040121,0.023488,0.005588,-0.732516,0.303576,0.609311,0.047736,-0.86995,0.490822,0.679073,0.388621,0.622761,0.000501,-0.005303,0.004414,-0.036084,0.008921,-0.018709,0.369729,0.074519,0.016026,-0.040465,-0.626579,-0.393586,-0.672672,0.257029,-0.919179,0.298402,-0.735754,0.014076,0.677102,0.000128,0.004627,-0.005088,0.035986,-0.013847,0.017834,-0.729601
1127,0.117422,-0.016588,0.398815,-0.599337,-0.382694,-0.703126,0.157544,-0.917552,0.365036,-0.784108,0.108476,0.611094,-1e-06,-4e-06,-3e-06,-0.0,0.0,0.0,-1.318198,-0.159351,0.004535,0.364925,0.806175,-0.158975,0.569912,-0.176505,0.854617,0.488271,-0.56568,-0.494023,0.66016,0.000995,-0.010104,0.009191,-0.036416,0.008512,-0.019303,0.465225,0.040138,0.023364,0.005696,-0.732367,0.303291,0.609633,0.048625,-0.869739,0.491108,0.679171,0.389315,0.622221,0.000994,-0.010279,0.009066,-0.072463,0.017351,-0.038228,0.40255,0.074502,0.0161,-0.040537,-0.626504,-0.393425,-0.672835,0.257314,-0.919256,0.297919,-0.735718,0.013518,0.677152,6e-06,5e-06,5e-06,0.000276,-0.000138,-0.00023,-0.738092
1128,0.117421,-0.016348,0.398571,-0.601401,-0.378786,-0.70348,0.152543,-0.918727,0.364201,-0.783514,0.112185,0.611185,0.00032,0.009634,-0.009916,0.035544,-0.013621,0.017962,-1.342613,-0.159326,0.003955,0.365412,0.805693,-0.15826,0.570792,-0.178541,0.853806,0.488949,-0.565726,-0.495652,0.658897,0.002033,-0.021377,0.017574,-0.072829,0.016949,-0.038645,0.488773,0.04015,0.023079,0.005937,-0.73197,0.302534,0.610485,0.050759,-0.869308,0.491657,0.679442,0.390866,0.620952,0.000505,-0.005472,0.004303,-0.036171,0.008693,-0.019077,0.449088,0.0745,0.016217,-0.040656,-0.628888,-0.389692,-0.672785,0.252349,-0.920782,0.297453,-0.735404,0.017288,0.677407,0.000167,0.00482,-0.004958,0.035894,-0.013819,0.017774,-0.741195
1129,0.11746,-0.016136,0.398357,-0.603439,-0.374817,-0.70386,0.14742,-0.919884,0.363391,-0.782925,0.115982,0.611231,0.0,0.0,0.0,-0.0,0.0,0.0,-1.393049,-0.159398,0.003338,0.365931,0.805205,-0.157536,0.571679,-0.180648,0.852942,0.489684,-0.565751,-0.49737,0.657581,0.002006,-0.020729,0.01805,-0.072826,0.016885,-0.038678,0.507193,0.040115,0.022769,0.006195,-0.731567,0.301751,0.611355,0.05301,-0.868828,0.492267,0.679704,0.392535,0.61961,-0.006135,-0.005465,0.004854,-0.038288,0.023798,-0.048446,0.478807,0.07452,0.016327,-0.040766,-0.631245,-0.385871,-0.672779,0.247285,-0.922311,0.29697,-0.735104,0.021092,0.677624,0.000165,0.004817,-0.004959,0.036117,-0.014062,0.018023,-0.741521
1130,0.117464,-0.016013,0.398231,-0.605569,-0.371168,-0.703965,0.142265,-0.920828,0.363054,-0.782233,0.12016,0.61131,0.000323,0.009646,-0.009905,-1.131605,0.588284,1.031479,-1.420225,-0.159503,0.003077,0.366161,0.804937,-0.157152,0.572164,-0.181656,0.852584,0.489933,-0.56581,-0.498103,0.656975,-0.012242,-0.011299,0.009451,-0.038457,0.02364,-0.048589,0.518373,0.040068,0.022636,0.006314,-0.731347,0.301336,0.611823,0.054086,-0.868642,0.492477,0.679857,0.393262,0.618981,0.000494,-0.005235,0.004478,-0.036285,0.008552,-0.01922,0.49138,0.074522,0.016385,-0.040826,-0.632907,-0.383435,-0.67261,0.243807,-0.923257,0.296906,-0.734837,0.023926,0.67782,-9.2e-05,-3e-05,-0.0001,-3.895705,2.000801,3.371014,-0.742991
1131,0.117473,-0.015788,0.398013,-0.605358,-0.370693,-0.704396,0.142556,-0.921133,0.362165,-0.782343,0.119279,0.611342,5e-06,2.5e-05,1.7e-05,-0.0,0.0,0.0,-1.504576,-0.15983,0.002497,0.366592,0.804992,-0.151227,0.573681,-0.189273,0.850843,0.490078,-0.563223,-0.502898,0.655542,-0.011169,-0.024226,0.016683,-0.07487,0.032061,-0.067938,0.531194,0.039904,0.022354,0.006529,-0.732377,0.295534,0.613418,0.061861,-0.86829,0.492184,0.678082,0.398411,0.617633,-0.006084,-0.007142,0.00368,-0.040115,0.0369,-0.074023,0.510485,0.074527,0.016501,-0.040938,-0.633506,-0.381892,-0.672924,0.24245,-0.923883,0.296067,-0.73477,0.02441,0.677876,5e-06,4e-06,3e-06,0.00029,-0.000157,-0.000236,-0.749033
1132,0.117509,-0.01559,0.397789,-0.60735,-0.366739,-0.704751,0.137439,-0.922217,0.361384,-0.781713,0.123077,0.611395,-2e-06,-8e-06,-5e-06,-1.168447,0.59916,1.013667,-1.585644,-0.160366,0.001808,0.366891,0.804074,-0.150022,0.575282,-0.191835,0.850277,0.490063,-0.563666,-0.504215,0.654148,-0.012072,-0.017523,0.00506,-0.027976,-0.053533,0.102586,0.532593,0.039636,0.02201,0.006684,-0.731546,0.294117,0.615089,0.064587,-0.868213,0.491969,0.678725,0.399625,0.616142,-0.006049,-0.008579,0.002668,-0.040138,0.03681,-0.074113,0.514241,0.074545,0.0166,-0.04105,-0.635079,-0.379126,-0.673005,0.239001,-0.924955,0.295525,-0.734542,0.026833,0.678031,7.4e-05,0.004802,-0.00504,-3.864735,1.978303,3.389463,-0.750666
1133,0.117556,-0.015407,0.397592,-0.609326,-0.36277,-0.7051,0.132252,-0.923262,0.36065,-0.781068,0.126947,0.611428,-0.0,-0.0,-0.0,-0.0,0.0,0.0,-1.662367,-0.16109,0.001029,0.367177,0.804485,-0.14942,0.574864,-0.193452,0.849021,0.491603,-0.562524,-0.506506,0.653361,-0.012129,-0.017052,0.00539,-0.038504,0.023552,-0.048442,0.532746,0.039274,0.021615,0.006824,-0.732155,0.2937,0.614563,0.066367,-0.867207,0.493504,0.677896,0.402108,0.615439,-0.0127,-0.009502,0.002551,-0.0286,-0.034206,0.069049,0.5162,0.074568,0.016691,-0.041148,-0.638116,-0.37428,-0.672845,0.232236,-0.926757,0.295273,-0.73408,0.032159,0.6783,4e-06,3e-06,1e-06,0.000705,-0.000531,0.000159,-0.751646
1134,0.117562,-0.01532,0.397528,-0.609256,-0.362623,-0.705235,0.132356,-0.92336,0.360362,-0.781105,0.126656,0.611441,0.000278,0.001311,0.000887,-0.0,0.0,0.0,-1.687445,-0.161479,0.000614,0.36736,0.804924,-0.146915,0.574895,-0.194593,0.849791,0.489819,-0.5615,-0.505951,0.654671,-0.012183,-0.015972,0.006156,-0.014109,-0.00088,-0.062739,0.532519,0.03908,0.021404,0.006913,-0.733131,0.291136,0.61462,0.067157,-0.868329,0.49142,0.676763,0.401551,0.617047,-0.012738,-0.008752,0.003085,-0.026834,-0.046428,0.065818,0.516853,0.074571,0.016731,-0.041183,-0.638064,-0.374124,-0.672981,0.23233,-0.92683,0.294969,-0.734095,0.031856,0.678298,0.000165,0.000771,0.000521,0.001555,-0.011099,0.026431,-0.754095
1135,0.117563,-0.01513,0.397386,-0.611271,-0.358834,-0.70543,0.127209,-0.924281,0.359854,-0.780385,0.130671,0.611516,0.000447,0.010229,-0.009501,0.035528,-0.013705,0.017929,-1.735584,-0.162404,-8.5e-05,0.367819,0.811469,-0.142789,0.566675,-0.192271,0.850333,0.489796,-0.552806,-0.506227,0.661818,-0.025651,-0.012405,0.009762,0.08978,-0.170231,0.030856,0.53268,0.038632,0.021057,0.00713,-0.740662,0.288378,0.606841,0.064719,-0.86838,0.491656,0.668753,0.403426,0.624513,-0.012835,-0.006123,0.004953,0.140321,-0.215295,-0.003583,0.517343,0.074572,0.016826,-0.041248,-0.640377,-0.370515,-0.672781,0.227228,-0.92813,0.294856,-0.733678,0.035944,0.678545,7.2e-05,0.000334,0.000227,0.00063,-0.000468,0.000124,-0.757524
1136,0.117558,-0.01491,0.397239,-0.612035,-0.36037,-0.703983,0.127942,-0.923552,0.361462,-0.779665,0.131601,0.612234,0.000367,0.001733,0.001172,-0.0,0.0,-0.0,-1.737334,-0.163494,-0.000661,0.368366,0.820763,-0.138182,0.554297,-0.187567,0.851186,0.490137,-0.540556,-0.506078,0.671972,-0.025737,-0.010025,0.011448,-0.625722,-1.951672,1.80074,0.527564,0.038092,0.02077,0.007403,-0.749875,0.284397,0.597332,0.061017,-0.869309,0.490487,0.658759,0.404252,0.63452,-0.012864,-0.005576,0.005343,0.169138,-0.168388,-0.202677,0.517343,0.074569,0.016933,-0.041324,-0.640902,-0.372231,-0.671332,0.22807,-0.927405,0.296483,-0.732958,0.036905,0.679271,7.8e-05,0.000353,0.000237,0.002378,-0.002825,0.003135,-0.754095
1137,0.117577,-0.014818,0.397191,-0.611984,-0.360302,-0.704062,0.128075,-0.923614,0.361256,-0.779684,0.131352,0.612264,0.000306,0.001443,0.000976,-0.0,0.0,-0.0,-1.738357,-0.164101,-0.000931,0.368631,0.824279,-0.135595,0.549699,-0.185777,0.852229,0.489004,-0.535799,-0.505026,0.676558,-0.039061,-0.011373,0.011552,0.078748,-0.14516,0.007444,0.528247,0.037788,0.020634,0.007542,-0.755576,0.283157,0.5907,0.058042,-0.869263,0.49093,0.652484,0.40522,0.640359,-0.019546,-0.005366,0.006023,0.081305,-0.071551,-0.190724,0.517343,0.074578,0.016984,-0.041351,-0.640834,-0.371979,-0.671537,0.228106,-0.92752,0.296096,-0.733006,0.036567,0.679238,0.000395,0.005918,-0.004207,0.035981,-0.014163,0.018198,-0.752625
1138,0.117607,-0.014668,0.397181,-0.612801,-0.36184,-0.702561,0.128513,-0.922825,0.363113,-0.778969,0.132671,0.612889,0.00054,0.002549,0.001721,-2e-06,3e-06,-4e-06,-1.738405,-0.165339,-0.001167,0.368972,0.834103,-0.130193,0.536015,-0.179102,0.855031,0.486598,-0.522698,-0.501709,0.689157,-0.026708,0.001608,0.00325,0.152787,-0.138888,-0.121325,0.532326,0.037155,0.020506,0.007719,-0.767004,0.279609,0.577513,0.050777,-0.870783,0.489037,0.639628,0.404419,0.653697,-0.019553,-0.005292,0.006069,0.127353,-0.194166,-0.0307,0.517997,0.074594,0.017059,-0.041355,-0.641418,-0.373807,-0.669962,0.228736,-0.926729,0.29808,-0.732299,0.037949,0.679924,0.000285,0.001348,0.000911,0.002255,-0.002801,0.003229,-0.750666
1139,0.11762,-0.014603,0.397213,-0.612737,-0.361571,-0.702756,0.128354,-0.922943,0.362869,-0.779045,0.132586,0.61281,0.000163,0.000772,0.000521,-0.0,0.0,-0.0,-1.751298,-0.166673,-0.001252,0.369143,0.842216,-0.123969,0.524687,-0.173663,0.858811,0.481891,-0.511393,-0.496817,0.70108,-0.039995,-0.001156,0.002327,0.196897,-0.156987,-0.20331,0.530996,0.036493,0.020469,0.007807,-0.776531,0.275114,0.566843,0.044591,-0.873387,0.484979,0.628498,0.401878,0.665945,-0.012884,-0.005461,0.005417,0.228436,-0.297661,-0.045624,0.51865,0.074601,0.017095,-0.041337,-0.641379,-0.3735,-0.670171,0.228566,-0.926858,0.29781,-0.732386,0.037831,0.679836,7.2e-05,0.000338,0.000229,0.000115,-7.2e-05,-6e-06,-0.750829
1140,0.11763,-0.014612,0.397219,-0.612711,-0.361443,-0.702844,0.128249,-0.922993,0.362778,-0.779083,0.132583,0.612763,-9e-06,-4.3e-05,-2.9e-05,0.0,0.0,0.0,-1.760563,-0.167969,-0.001248,0.369138,0.851617,-0.120518,0.510114,-0.166504,0.860455,0.481485,-0.498017,-0.494823,0.712034,-0.026657,-0.00117,0.001255,0.361934,-0.41624,-0.078238,0.528133,0.03584,0.02047,0.007805,-0.786463,0.274227,0.55342,0.037668,-0.873065,0.486145,0.616486,0.403182,0.676304,-0.01378,0.004595,-0.003893,0.390575,-0.361315,-0.249401,0.518976,0.074606,0.01709,-0.041334,-0.641369,-0.373368,-0.670254,0.22846,-0.926911,0.297725,-0.732428,0.037825,0.679792,-1.5e-05,-6.8e-05,-4.7e-05,5e-05,-1.9e-05,-4.6e-05,-0.753605
1141,0.117628,-0.014604,0.397199,-0.612703,-0.361438,-0.702854,0.128286,-0.923002,0.362742,-0.779084,0.13253,0.612773,-1.4e-05,-6.6e-05,-4.5e-05,0.0,0.0,0.0,-1.762572,-0.16849,-0.00113,0.369065,0.854287,-0.120202,0.505705,-0.16376,0.860967,0.481512,-0.494337,-0.49401,0.715156,-0.027543,0.009625,-0.007531,0.253697,-0.274312,0.019726,0.527139,0.03558,0.020525,0.007771,-0.789783,0.273698,0.548936,0.034802,-0.873492,0.485592,0.612397,0.402616,0.680344,-0.013774,0.004832,-0.003732,0.361066,-0.278144,-0.20749,0.519466,0.074605,0.017093,-0.041345,-0.641361,-0.373362,-0.670265,0.228495,-0.926916,0.297684,-0.732424,0.037771,0.679799,-9e-06,-4.7e-05,-3.2e-05,4.5e-05,-4e-06,-3.9e-05,-0.753768
1142,0.117661,-0.014536,0.397122,-0.614751,-0.357637,-0.70301,0.122904,-0.923855,0.362436,-0.778337,0.136844,0.612775,0.013404,-0.00189,-0.001387,0.000984,-0.014715,0.029553,-1.741396,-0.169286,-0.000856,0.368815,0.856037,-0.121619,0.502395,-0.160972,0.860728,0.482876,-0.492218,-0.494076,0.71657,-0.01419,0.008007,-0.009713,0.034435,0.006155,-0.010228,0.526342,0.035171,0.020669,0.007646,-0.791767,0.274921,0.545455,0.032105,-0.873021,0.486623,0.609977,0.402805,0.682404,-0.007092,0.00386,-0.004943,0.032285,0.009652,-0.00834,0.520446,0.074616,0.017127,-0.041383,-0.643708,-0.369745,-0.67002,0.223186,-0.928176,0.297785,-0.732002,0.042147,0.679996,0.000168,0.004843,-0.004933,0.035933,-0.014089,0.01815,-0.752952
1143,0.117723,-0.014376,0.396996,-0.616689,-0.353617,-0.703345,0.117555,-0.924797,0.361807,-0.777628,0.140875,0.612762,3.8e-05,0.000178,0.00012,-0.0,0.0,0.0,-1.734957,-0.169823,-0.000396,0.368268,0.856502,-0.121111,0.501725,-0.160551,0.861192,0.482188,-0.491546,-0.493394,0.717501,-0.015046,0.016948,-0.019789,0.058548,0.086472,-0.168443,0.52628,0.034908,0.020892,0.00738,-0.792383,0.274658,0.544694,0.031444,-0.87333,0.486112,0.609213,0.402314,0.683376,-0.000421,0.003119,-0.005987,0.036531,0.007511,-0.008949,0.521099,0.074652,0.017207,-0.041446,-0.645967,-0.365853,-0.669983,0.217867,-0.929524,0.29752,-0.731614,0.046221,0.68015,0.000189,0.004936,-0.00487,0.035878,-0.01397,0.017889,-0.750503
1144,0.117747,-0.014284,0.39691,-0.618678,-0.349773,-0.703521,0.112188,-0.925602,0.361451,-0.776839,0.145124,0.61277,0.013761,0.007939,-0.011153,0.027057,-0.023605,0.055696,-1.732965,-0.170006,-6.5e-05,0.367862,0.856629,-0.123136,0.501015,-0.159482,0.860193,0.484321,-0.491673,-0.494629,0.716563,-0.002595,0.027323,-0.02987,-0.280314,0.358849,0.280112,0.525506,0.034812,0.021047,0.007189,-0.793273,0.274826,0.543311,0.030553,-0.873242,0.486326,0.608098,0.40239,0.684323,-0.007508,0.008087,-0.010155,0.060952,0.091476,-0.172271,0.521099,0.074659,0.01725,-0.041485,-0.648261,-0.362214,-0.669745,0.21257,-0.930722,0.297605,-0.731144,0.050558,0.680347,1.6e-05,5.8e-05,3.9e-05,-0.030807,0.015653,0.028346,-0.749196
1145,0.117769,-0.014229,0.396849,-0.618585,-0.349528,-0.703725,0.11218,-0.925735,0.361112,-0.776914,0.144863,0.612737,0.0,0.0,0.0,-0.0,0.0,0.0,-1.734312,-0.170254,0.000608,0.366839,0.859713,-0.127132,0.494693,-0.154129,0.858659,0.488756,-0.487979,-0.496275,0.717948,-0.002573,0.022401,-0.03333,0.098162,-0.005262,0.036604,0.522236,0.034688,0.021396,0.006673,-0.794673,0.281242,0.537956,0.026109,-0.869545,0.493162,0.606475,0.405948,0.683661,-0.000837,0.005787,-0.012294,0.091479,-0.01041,0.006013,0.520283,0.074675,0.01728,-0.04152,-0.648193,-0.361911,-0.669974,0.21254,-0.930857,0.297207,-0.731213,0.050251,0.680296,3e-06,-1e-05,-9e-06,0.000253,-9.7e-05,-0.000181,-0.749359
1146,0.117797,-0.014262,0.396863,-0.62062,-0.345733,-0.703808,0.106551,-0.926422,0.361055,-0.776082,0.14951,0.612675,0.0134,-0.001887,-0.001386,0.000984,-0.014715,0.029553,-1.732574,-0.170281,0.001233,0.36558,0.857669,-0.133348,0.496602,-0.15168,0.857052,0.49233,-0.492333,-0.497411,0.71418,-0.002558,0.017783,-0.036604,0.070001,0.033766,0.026271,0.517012,0.034674,0.021711,0.006046,-0.791362,0.287105,0.539735,0.024224,-0.867444,0.496943,0.610865,0.406337,0.679508,-0.000825,0.003855,-0.013678,0.072595,0.006399,0.023979,0.518323,0.074684,0.017264,-0.041513,-0.650516,-0.358308,-0.669658,0.207002,-0.931983,0.297583,-0.730737,0.054962,0.680442,2e-06,3e-06,0.0,0.000477,-0.000348,3.3e-05,-0.754585
1147,0.117806,-0.014278,0.396864,-0.620624,-0.345742,-0.703799,0.106537,-0.926414,0.36108,-0.77608,0.149538,0.612671,-6e-05,-0.000283,-0.000191,-0.0,0.0,0.0,-1.728528,-0.170328,0.001554,0.364885,0.856802,-0.135169,0.497604,-0.150871,0.856932,0.492786,-0.494089,-0.497123,0.713167,-0.002558,0.017759,-0.036622,0.081864,0.089687,-0.137402,0.507622,0.034651,0.021868,0.005696,-0.790183,0.288828,0.540543,0.023307,-0.867187,0.497435,0.612426,0.405664,0.678505,-0.001256,0.008348,-0.018688,0.128091,-0.012532,0.003155,0.513098,0.074693,0.017256,-0.041512,-0.650513,-0.3583,-0.669666,0.206982,-0.931985,0.29759,-0.730746,0.054977,0.680431,-3.7e-05,-0.00018,-0.000123,0.000246,-0.000131,-0.000184,-0.754421
1148,0.117795,-0.014269,0.396846,-0.620621,-0.345756,-0.703795,0.106587,-0.926417,0.361059,-0.776075,0.14949,0.612688,-5.1e-05,-0.000241,-0.000162,0.0,0.0,0.0,-1.727641,-0.170428,0.002293,0.36344,0.855921,-0.141943,0.497235,-0.147067,0.854907,0.497432,-0.496762,-0.498709,0.710197,0.01075,0.019554,-0.036363,0.001357,0.076173,0.123556,0.494648,0.034599,0.022239,0.004956,-0.788212,0.295081,0.540044,0.020227,-0.864649,0.501967,0.61507,0.40658,0.675559,0.005398,0.009758,-0.018191,0.008967,0.072122,0.121614,0.494483,0.074688,0.01726,-0.041522,-0.650505,-0.358321,-0.669663,0.20704,-0.931981,0.297565,-0.730737,0.054921,0.680445,-3e-05,-0.000148,-0.000102,0.000145,-7.1e-05,-0.000149,-0.755075
1149,0.117803,-0.014278,0.39684,-0.62059,-0.345636,-0.703882,0.106505,-0.926466,0.360956,-0.776112,0.149463,0.612649,-1.6e-05,-7.7e-05,-5.2e-05,0.0,0.0,0.0,-1.722215,-0.170414,0.003078,0.361909,0.855818,-0.146815,0.495996,-0.143104,0.854101,0.499966,-0.498098,-0.498673,0.709286,-0.002553,0.016548,-0.037489,0.040057,0.050992,0.070676,0.49419,0.034607,0.022629,0.004207,-0.787231,0.299953,0.53879,0.016688,-0.863044,0.504852,0.616431,0.406427,0.674409,-0.001684,0.012941,-0.02361,0.087914,0.050049,0.06355,0.487788,0.074692,0.017255,-0.041525,-0.650488,-0.358199,-0.669745,0.20696,-0.93203,0.297467,-0.730775,0.054888,0.680407,-9e-06,-3.6e-05,-2.5e-05,9.9e-05,-5e-05,-0.000102,-0.756707
1150,0.1178,-0.0143,0.396838,-0.620576,-0.345562,-0.703931,0.106435,-0.926492,0.360911,-0.776133,0.149473,0.612619,0.000265,0.001256,0.000848,0.001205,-0.010986,0.026616,-1.716438,-0.170472,0.003777,0.360085,0.851603,-0.156202,0.500366,-0.141086,0.85089,0.505978,-0.505851,-0.501288,0.701917,-0.002532,0.009079,-0.04294,-0.084383,0.18406,0.118488,0.498068,0.034578,0.022988,0.003302,-0.78125,0.308336,0.542748,0.015693,-0.85951,0.510876,0.62402,0.407639,0.666654,-0.00167,0.009227,-0.026313,-0.07687,0.218303,0.131403,0.489094,0.07469,0.017241,-0.041529,-0.650483,-0.358143,-0.669779,0.206905,-0.932051,0.29744,-0.730795,0.054898,0.680386,-2e-05,-9.3e-05,-6.3e-05,6.4e-05,-3.3e-05,-7.1e-05,-0.757524
1151,0.117793,-0.014291,0.396856,-0.620609,-0.345676,-0.703845,0.106493,-0.926441,0.361024,-0.776098,0.149524,0.612651,0.000226,0.001072,0.000723,0.0,0.0,0.0,-1.701072,-0.170588,0.004092,0.358992,0.848406,-0.164033,0.503281,-0.139601,0.847631,0.511827,-0.511608,-0.504287,0.695568,-0.003388,0.014908,-0.055268,-0.104752,0.159195,0.327329,0.49794,0.034521,0.023141,0.002784,-0.776635,0.315205,0.545419,0.015362,-0.856079,0.516614,0.629762,0.4096,0.66002,-0.001664,0.007153,-0.027846,-0.241617,0.370195,0.222284,0.490237,0.074686,0.017246,-0.041519,-0.650498,-0.358247,-0.669709,0.206958,-0.932008,0.297536,-0.730766,0.054945,0.680412,0.000178,0.000852,0.000575,4.3e-05,-3.6e-05,-6.6e-05,-0.756544
1152,0.117759,-0.014212,0.396922,-0.6206,-0.345592,-0.703894,0.106418,-0.926471,0.360969,-0.776116,0.149534,0.612626,0.000663,0.003138,0.002117,0.001206,-0.010985,0.026616,-1.658247,-0.1707,0.004615,0.35654,0.842268,-0.180259,0.508018,-0.135726,0.841004,0.523664,-0.522688,-0.509787,0.683211,-0.004238,0.016291,-0.071003,-0.151868,0.32303,0.188916,0.49008,0.034464,0.02341,0.001545,-0.767537,0.330184,0.549423,0.013118,-0.848857,0.528459,0.64087,0.412819,0.647198,-0.002085,0.007675,-0.03584,-0.238121,0.313457,0.412976,0.483379,0.074669,0.017283,-0.041487,-0.650501,-0.358179,-0.669743,0.206896,-0.932033,0.297501,-0.730781,0.054957,0.680394,0.000224,0.001066,0.000719,4e-05,-3.3e-05,-3.1e-05,-0.750502
1153,0.117739,-0.01412,0.397009,-0.620608,-0.345567,-0.7039,0.106363,-0.926472,0.360982,-0.776117,0.149583,0.612613,0.000483,0.002284,0.001539,0.0,0.0,0.0,-1.619748,-0.170683,0.005509,0.353306,0.836586,-0.197345,0.511047,-0.129518,0.83502,0.534696,-0.533295,-0.513258,0.672329,0.007414,0.032136,-0.093802,-0.31951,0.529246,0.377781,0.481517,0.034468,0.023849,-6.5e-05,-0.759457,0.344951,0.551573,0.008469,-0.842533,0.538577,0.650501,0.413698,0.636946,-0.0025,0.010273,-0.042362,0.08895,0.064182,0.260334,0.475214,0.07466,0.017334,-0.041441,-0.650508,-0.358138,-0.669758,0.206833,-0.932047,0.297503,-0.730793,0.055,0.680379,0.000246,0.001173,0.00079,1.6e-05,-2.4e-05,-3.2e-05,-0.743481
1154,0.117734,-0.014149,0.3971,-0.620622,-0.345478,-0.70393,0.106126,-0.926471,0.361056,-0.776138,0.149797,0.612534,0.000149,0.000704,0.000475,0.0,0.0,0.0,-1.614012,-0.170491,0.006602,0.349478,0.830772,-0.214469,0.513627,-0.122538,0.829526,0.544798,-0.543941,-0.515268,0.662185,0.006596,0.03424,-0.109307,-0.006635,0.263559,0.204366,0.465333,0.034564,0.024399,-0.00197,-0.749502,0.362323,0.554047,0.003532,-0.834727,0.550652,0.661992,0.414671,0.62435,0.003784,0.01138,-0.050629,-0.048065,0.203556,0.37916,0.459212,0.074658,0.017321,-0.041394,-0.650531,-0.35805,-0.669782,0.206604,-0.932068,0.297596,-0.730837,0.055216,0.680314,7.9e-05,0.000389,0.000264,1.1e-05,-1.7e-05,-2.1e-05,-0.744461
1155,0.117734,-0.014178,0.397142,-0.620651,-0.345516,-0.703887,0.106053,-0.926434,0.36117,-0.776125,0.149935,0.612517,6.2e-05,0.000293,0.000198,0.0,0.0,0.0,-1.611258,-0.170313,0.007225,0.347229,0.826027,-0.226916,0.515925,-0.118853,0.824516,0.553155,-0.551935,-0.517952,0.653419,0.020042,0.031345,-0.11287,-0.315592,0.539082,0.426489,0.45733,0.034645,0.024699,-0.003052,-0.743692,0.371982,0.555473,0.001051,-0.830246,0.557395,0.668521,0.415114,0.617056,0.003372,0.014572,-0.056725,-0.0476,0.326728,0.216398,0.448271,0.074658,0.017307,-0.041373,-0.650553,-0.358092,-0.669738,0.206539,-0.932043,0.297718,-0.730836,0.055354,0.680304,3.4e-05,0.000169,0.000114,8e-06,-6e-06,-2.4e-05,-0.748543
1156,0.117716,-0.014175,0.397156,-0.620666,-0.345547,-0.703858,0.106055,-0.926417,0.361213,-0.776113,0.149968,0.612524,0.00037,0.009868,-0.00974,0.035521,-0.013742,0.017914,-1.578611,-0.169905,0.008469,0.342697,0.814673,-0.253752,0.521449,-0.112037,0.813229,0.570999,-0.569961,-0.523276,0.633396,0.020139,0.027365,-0.11661,-0.596797,0.803051,0.579212,0.456232,0.034851,0.025329,-0.005362,-0.727564,0.396271,0.560016,-0.002739,-0.817975,0.575245,0.686033,0.416994,0.596215,0.002965,0.018795,-0.062199,-0.223941,0.410596,0.545751,0.435698,0.074648,0.017308,-0.041366,-0.650563,-0.358127,-0.66971,0.206544,-0.932028,0.297762,-0.730826,0.055388,0.680312,0.00018,0.004917,-0.004882,0.035522,-0.013766,0.017907,-0.747727
1157,0.117697,-0.01418,0.397178,-0.620657,-0.34547,-0.703903,0.105965,-0.92644,0.361182,-0.776132,0.150005,0.612491,0.0,2e-06,1e-06,0.0,0.0,0.0,-1.563334,-0.1696,0.009622,0.33796,0.795378,-0.286989,0.533856,-0.10943,0.798182,0.592337,-0.597095,-0.529186,0.602746,0.006759,0.022806,-0.119965,-0.411913,2.657673,-1.270843,0.45138,0.035008,0.025907,-0.007729,-0.703373,0.426487,0.56866,-0.002651,-0.801574,0.597889,0.710815,0.419032,0.564936,0.003439,0.011613,-0.059792,-0.448232,0.476595,0.823227,0.42982,0.074639,0.017305,-0.041355,-0.650564,-0.358048,-0.669752,0.206453,-0.932056,0.297736,-0.73085,0.055424,0.680283,-2e-06,-1.6e-05,-1.1e-05,0.008366,-0.075694,0.183722,-0.748543
1158,0.117706,-0.01421,0.397207,-0.620677,-0.345495,-0.703873,0.105902,-0.926413,0.361269,-0.776124,0.150113,0.612474,-0.000333,-0.009693,0.009859,-0.035522,0.01374,-0.017915,-1.541583,-0.169523,0.010008,0.335625,0.786844,-0.302937,0.537677,-0.107774,0.790252,0.603174,-0.608599,-0.532166,0.588446,0.007676,0.00999,-0.113709,-0.547042,0.64203,0.627704,0.448234,0.035047,0.026104,-0.0089,-0.689812,0.440761,0.574358,-0.000786,-0.793781,0.608202,0.723987,0.419094,0.547907,0.003452,0.010558,-0.060895,-0.514747,0.559451,0.886865,0.425411,0.074643,0.017294,-0.041345,-0.650575,-0.358063,-0.669732,0.206408,-0.932045,0.297802,-0.730854,0.055505,0.680272,0.0,-1e-05,-6e-06,1.8e-05,1.4e-05,-0.0,-0.748216
1159,0.117714,-0.014233,0.397216,-0.620689,-0.345516,-0.703854,0.105876,-0.926397,0.361319,-0.776119,0.150169,0.612467,-2e-06,-1.1e-05,-7e-06,0.0,0.0,0.0,-1.466513,-0.169303,0.01059,0.331047,0.769984,-0.331589,0.545128,-0.106986,0.775024,0.622757,-0.629939,-0.537411,0.560561,0.007716,0.011373,-0.113694,-0.505119,0.672091,0.455033,0.44333,0.035157,0.026386,-0.011196,-0.667941,0.465982,0.580272,0.001774,-0.778712,0.627379,0.744212,0.420081,0.519307,0.003925,0.005108,-0.057312,-0.552248,0.747911,0.480295,0.419532,0.074647,0.017278,-0.041337,-0.650587,-0.358098,-0.669702,0.206374,-0.932027,0.297882,-0.730852,0.055589,0.680267,1e-06,-3e-06,-3e-06,1.1e-05,2e-06,1e-06,-0.734827
1160,0.117708,-0.014203,0.397224,-0.620675,-0.345472,-0.703887,0.105866,-0.926419,0.361265,-0.776131,0.150134,0.61246,0.000343,0.001623,0.001093,0.001209,-0.010968,0.026623,-1.413689,-0.169341,0.010599,0.326896,0.76257,-0.340663,0.549934,-0.116318,0.763903,0.634709,-0.637261,-0.547542,0.542179,-0.004102,-0.010672,-0.097453,-0.373945,0.543546,0.241554,0.414715,0.035141,0.026392,-0.013316,-0.658413,0.474123,0.584549,0.013374,-0.769156,0.638919,0.752537,0.428491,0.500082,-0.00199,-0.005283,-0.048672,-0.458063,0.593009,0.277473,0.392263,0.074644,0.01729,-0.041335,-0.650582,-0.358069,-0.669722,0.206374,-0.93204,0.297842,-0.730857,0.055558,0.680265,2.5e-05,0.000108,7.3e-05,7e-06,1.1e-05,-4e-06,-0.729438
1161,0.117711,-0.014189,0.397233,-0.620696,-0.345556,-0.703827,0.105924,-0.926384,0.361337,-0.776106,0.150152,0.612487,0.000195,0.000922,0.000621,0.0,0.0,0.0,-1.384885,-0.169401,0.010497,0.325027,0.762971,-0.336984,0.551642,-0.125036,0.760179,0.637517,-0.635123,-0.554951,0.537132,-0.004155,-0.005617,-0.093657,-3.092657,-3.281873,-2.91071,0.413252,0.035111,0.026334,-0.014257,-0.657867,0.472718,0.586299,0.021669,-0.766277,0.642143,0.752821,0.43515,0.493866,-0.001936,-0.002758,-0.04668,-3.033983,-3.32193,-2.931398,0.380669,0.074646,0.017299,-0.041329,-0.65059,-0.35814,-0.669677,0.206422,-0.932012,0.297897,-0.730836,0.055572,0.680285,0.000124,0.00059,0.000399,-6e-06,-1.1e-05,-8e-06,-0.729438
