frame,MLTx,MLTy,MLTz,MLTR1,MLTR2,MLTR3,MLTR4,MLTR5,MLTR6,MLTR7,MLTR8,MLTR9,MLTTVx,MLTTVy,MLTTVz,MLTRVx,MLTRVy,MLTRVz,MLGA,MRTx,MRTy,MRTz,MRTR1,MRTR2,MRTR3,MRTR4,MRTR5,MRTR6,MRTR7,MRTR8,MRTR9,MRTTVx,MRTTVy,MRTTVz,MRTRVx,MRTRVy,MRTRVz,MRGA,SLTx,SLTy,SLTz,SLTR1,SLTR2,SLTR3,SLTR4,SLTR5,SLTR6,SLTR7,SLTR8,SLTR9,SLTTVx,SLTTVy,SLTTVz,SLTRVx,SLTRVy,SLTRVz,SLGA,SRTx,SRTy,SRTz,SRTR1,SRTR2,SRTR3,SRTR4,SRTR5,SRTR6,SRTR7,SRTR8,SRTR9,SRTTVx,SRTTVy,SRTTVz,SRTRVx,SRTRVy,SRTRVz,SRGA
938,0.221222,0.116625,0.310762,-0.341506,0.936178,-0.083599,-0.917235,-0.312484,0.246991,0.205524,0.159862,0.965521,-0.029301,-0.029714,-0.004028,-0.203131,-0.331739,-0.285055,-0.812274,-0.107629,0.032656,0.37055,0.186503,0.268156,0.945145,-0.897123,0.438547,0.052724,-0.40056,-0.858065,0.321152,-0.00032,0.001539,0.000958,0.001881,-0.013737,0.025262,0.522925,0.035937,0.034332,0.000458,-0.01471,-0.390847,0.920337,0.918927,-0.368115,-0.141643,0.394151,0.84364,0.364575,-7e-06,2.9e-05,1.7e-05,2e-06,8e-06,4e-06,0.520119,0.148155,0.080666,-0.087746,-0.403513,0.914138,-0.039085,-0.890327,-0.382438,0.247098,0.210934,0.134506,0.968201,-0.015322,-0.008478,-0.004662,-0.303839,-0.548748,-0.317288,-0.825779
939,0.219609,0.11526,0.310405,-0.357186,0.929648,-0.090646,-0.912083,-0.326161,0.248386,0.201785,0.170238,0.964536,-0.048886,-0.05323,-0.004687,-0.153521,-0.300417,-0.090073,-0.743712,-0.107587,0.032686,0.370576,0.186693,0.268163,0.945106,-0.897097,0.438581,0.052888,-0.40053,-0.858046,0.321241,-0.000204,0.00098,0.00061,0.0,0.0,0.0,0.523124,0.035957,0.034349,0.000473,-0.014925,-0.390866,0.920326,0.918929,-0.368178,-0.141465,0.394138,0.843604,0.364674,-0.000129,0.000622,0.000387,1e-06,3e-06,1.3e-05,0.520119,0.147338,0.07997,-0.087928,-0.419864,0.906358,-0.047196,-0.883739,-0.396436,0.24868,0.206683,0.146121,0.967434,-0.024364,-0.027102,-0.002644,-0.165958,-0.306203,-0.096504,-0.79851
940,0.218502,0.114357,0.310164,-0.367753,0.924661,-0.099022,-0.909495,-0.335361,0.245611,0.19435,0.179232,0.964433,-0.060664,-0.047161,-0.013915,0.000212,-0.449381,-2.038896,-0.710163,-0.107538,0.032726,0.370596,0.186923,0.268166,0.94506,-0.897052,0.438649,0.053079,-0.400524,-0.85801,0.321345,0.011864,0.004504,0.001701,0.003925,-0.028942,0.054507,0.523495,0.035978,0.034366,0.000481,-0.015112,-0.390879,0.920317,0.918922,-0.368253,-0.141316,0.394147,0.843565,0.364753,-8.5e-05,0.000405,0.00025,-2e-06,-9e-06,2.5e-05,0.520283,0.146806,0.079539,-0.088042,-0.428267,0.901931,-0.055735,-0.881506,-0.403405,0.245378,0.19883,0.154218,0.967823,-0.030423,-0.024071,-0.007118,0.371617,-1.594526,-5.661276,-0.770261
941,0.215732,0.112215,0.309544,-0.391946,0.910597,-0.131293,-0.906808,-0.358229,0.222135,0.155724,0.204987,0.966311,-0.071548,-0.055691,-0.019259,0.399759,-0.609761,-0.31208,-0.702094,-0.107458,0.032802,0.370635,0.184409,0.267838,0.945646,-0.897154,0.43871,0.050817,-0.401459,-0.858081,0.319986,-0.000335,0.001609,0.001,0.0,0.0,-0.0,0.52394,0.036022,0.034407,0.000502,-0.012599,-0.390423,0.920549,0.918658,-0.368057,-0.143527,0.394851,0.843862,0.363302,-0.000227,0.001084,0.000672,0.00153,-0.014233,0.02599,0.520609,0.145426,0.078469,-0.088351,-0.453817,0.886749,-0.087889,-0.876819,-0.426786,0.221452,0.158863,0.177562,0.971202,-0.041197,-0.028499,-0.00976,1.72873,-1.960795,0.100108,-0.742665
942,0.212352,0.109369,0.308819,-0.424947,0.888795,-0.17178,-0.897825,-0.389525,0.205309,0.116088,0.240366,0.96373,-0.09286,-0.078969,-0.020267,1.45797,-2.098074,-0.275833,-0.699247,-0.107386,0.03287,0.370669,0.184776,0.267843,0.945573,-0.897083,0.438819,0.051122,-0.401448,-0.858024,0.320152,-0.00017,0.000813,0.000505,0.0,0.0,0.0,0.524195,0.036058,0.034443,0.000521,-0.01298,-0.39045,0.920532,0.918645,-0.368207,-0.143225,0.394868,0.843784,0.363464,-7.9e-05,0.000378,0.000234,3e-06,-2.3e-05,1.3e-05,0.520936,0.143709,0.077026,-0.088721,-0.485735,0.864573,-0.128738,-0.866215,-0.456357,0.203491,0.117182,0.210358,0.970575,-0.046347,-0.039965,-0.010419,1.428229,-2.080857,-0.299638,-0.735316
943,0.210467,0.10772,0.308405,-0.438924,0.877567,-0.193051,-0.892806,-0.401643,0.203846,0.10189,0.260736,0.960033,-0.093461,-0.082059,-0.022645,-0.508871,-0.469039,-1.377485,-0.696463,-0.107353,0.032899,0.370684,0.184936,0.267845,0.945542,-0.897052,0.438867,0.051255,-0.401443,-0.857999,0.320225,-0.000202,0.000966,0.0006,0.0,0.0,0.0,0.524437,0.036074,0.034457,0.000528,-0.013143,-0.390461,0.920525,0.91864,-0.368272,-0.143095,0.394877,0.84375,0.363533,-0.0001,0.000475,0.000292,3e-06,-1.2e-05,1.7e-05,0.520936,0.142767,0.0762,-0.088929,-0.49834,0.85386,-0.15026,-0.861104,-0.467327,0.200258,0.100772,0.229186,0.968152,-0.046658,-0.041499,-0.01159,-0.613952,-0.550364,-1.406578,-0.73303
944,0.206297,0.104075,0.307521,-0.473187,0.845367,-0.247982,-0.879295,-0.43572,0.192251,0.055055,0.307966,0.949817,-0.117471,-0.089445,-0.027371,1.300513,-2.224964,-0.377168,-0.692149,-0.107293,0.032933,0.3707,0.186752,0.266747,0.945495,-0.894393,0.444239,0.051449,-0.40651,-0.85557,0.320331,-2.4e-05,0.000117,7.3e-05,0.0,0.0,0.0,0.524602,0.036104,0.034475,0.000536,-0.015006,-0.389514,0.920898,0.916373,-0.373839,-0.143191,0.400042,0.841738,0.36255,-4e-06,1.5e-05,8e-06,-0.000168,-0.000212,2.8e-05,0.520936,0.140726,0.074409,-0.089362,-0.532631,0.82115,-0.204973,-0.844672,-0.500525,0.189745,0.053215,0.274199,0.960198,-0.052594,-0.050789,-0.010953,-0.069783,-0.797762,-1.114735,-0.729275
945,0.201323,0.100111,0.306536,-0.509791,0.802166,-0.310948,-0.860319,-0.474453,0.186331,0.002566,0.361504,0.932382,-0.130558,-0.105173,-0.024448,-0.22289,-0.852736,-1.494746,-0.687966,-0.107249,0.032949,0.370706,0.187254,0.264234,0.946101,-0.889189,0.454827,0.049084,-0.41755,-0.850769,0.318913,-0.0,0.0,0.0,0.129829,0.105762,-0.132156,0.524899,0.036126,0.034483,0.000539,-0.015576,-0.387136,0.92189,0.911544,-0.384401,-0.146023,0.410906,0.83807,0.358879,4e-06,-2e-05,-1.5e-05,0.479769,0.039722,0.145894,0.520936,0.138293,0.072465,-0.089847,-0.565765,0.779848,-0.267854,-0.82456,-0.536339,0.180114,-0.003199,0.322764,0.946473,-0.065174,-0.052379,-0.012007,1.299448,-2.81372,-0.41576,-0.726009
946,0.196022,0.095873,0.305543,-0.53681,0.751046,-0.384463,-0.841491,-0.509673,0.179159,-0.060732,0.41876,0.906079,-0.14445,-0.122253,-0.02267,0.412991,-2.534063,-0.956797,-0.683637,-0.107232,0.03296,0.370711,0.189088,0.260383,0.946804,-0.886559,0.459751,0.050741,-0.422292,-0.849303,0.316568,-9.9e-05,0.000472,0.000293,-0.054399,0.15803,0.090038,0.524297,0.036135,0.034487,0.00054,-0.0175,-0.383838,0.923234,0.909394,-0.389891,-0.144861,0.415564,0.83705,0.355883,-6.5e-05,0.000307,0.000187,-0.071178,0.228201,0.134306,0.520936,0.1356,0.070318,-0.090356,-0.591409,0.729728,-0.343119,-0.803203,-0.570773,0.170532,-0.071401,0.376449,0.923681,-0.07245,-0.055013,-0.01419,-0.278705,-0.799827,-1.436486,-0.720784
947,0.192993,0.093539,0.305054,-0.543158,0.726043,-0.421765,-0.834575,-0.521939,0.176171,-0.091558,0.446778,0.889963,-0.158626,-0.107493,-0.02693,-1.550839,-1.70436,4.27381,-0.687903,-0.107223,0.032962,0.370711,0.190651,0.259258,0.946799,-0.883817,0.465,0.050761,-0.427313,-0.846785,0.316579,-1e-06,6e-06,4e-06,-0.000676,0.001964,0.001119,0.524441,0.036139,0.034489,0.000541,-0.01911,-0.382406,0.923796,0.907107,-0.395196,-0.144827,0.420464,0.835215,0.354436,1e-06,-5e-06,-6e-06,0.000268,-0.013467,-0.008943,0.520936,0.134146,0.069183,-0.090596,-0.601427,0.702652,-0.380216,-0.79197,-0.587013,0.167922,-0.105201,0.402112,0.909525,-0.079182,-0.054286,-0.013749,-0.241826,-0.558154,-1.492571,-0.719967
948,0.186839,0.089206,0.304224,-0.552109,0.67504,-0.489431,-0.818855,-0.549555,0.165646,-0.156471,0.491386,0.856787,-0.174168,-0.103671,-0.025036,1.053931,-2.395665,0.001316,-0.68369,-0.107221,0.033001,0.370734,0.190781,0.259257,0.946773,-0.883791,0.465037,0.050869,-0.427309,-0.846764,0.316639,-0.000383,0.001829,0.001135,0.001881,-0.013736,0.025262,0.523956,0.036141,0.034504,0.00055,-0.019193,-0.382574,0.923725,0.907102,-0.395205,-0.144832,0.42047,0.835134,0.354619,-4.3e-05,0.000206,0.000126,-0.000115,-0.000319,-0.000259,0.520936,0.130954,0.066928,-0.091031,-0.605568,0.653855,-0.453608,-0.776547,-0.610127,0.157223,-0.173958,0.447457,0.877222,-0.087037,-0.051961,-0.01253,1.171001,-2.306034,0.049213,-0.719967
949,0.18026,0.084425,0.303367,-0.530366,0.63819,-0.558096,-0.818476,-0.557003,0.140773,-0.220368,0.530653,0.818457,-0.178332,-0.1218,-0.025109,0.188155,-1.094041,0.282353,-0.731443,-0.107221,0.033047,0.370762,0.19261,0.258119,0.946714,-0.880962,0.470347,0.051115,-0.432305,-0.844173,0.316777,-0.000392,0.001871,0.001161,0.0,0.0,0.0,0.523584,0.036141,0.034528,0.000565,-0.021085,-0.381581,0.924094,0.904672,-0.400737,-0.144833,0.425584,0.832949,0.353656,-0.000229,0.001097,0.00068,0.001249,-0.015424,0.02551,0.521099,0.127732,0.064595,-0.091442,-0.582744,0.621719,-0.523329,-0.776091,-0.616761,0.131486,-0.241022,0.482774,0.841924,-0.089053,-0.061002,-0.012523,1.255959,-3.227313,1.391502,-0.728948
950,0.176652,0.081909,0.302896,-0.515085,0.630236,-0.580978,-0.82362,-0.551602,0.131745,-0.236804,0.545579,0.803924,-0.180751,-0.119049,-0.023969,-0.151875,-0.769293,0.502807,-0.763601,-0.107227,0.033077,0.370769,0.194214,0.256968,0.946699,-0.878134,0.475601,0.051174,-0.437317,-0.841574,0.316811,-0.000192,0.000916,0.000568,0.000343,1.9e-05,0.000115,0.523388,0.036137,0.034546,0.00057,-0.022732,-0.380561,0.924475,0.90221,-0.406183,-0.145022,0.430696,0.830775,0.35258,-9.4e-05,0.000455,0.000283,-0.00067,-0.002868,0.000552,0.521099,0.125996,0.063378,-0.091677,-0.567786,0.615871,-0.546187,-0.781408,-0.611912,0.122327,-0.258881,0.496251,0.828682,-0.090237,-0.059914,-0.012144,0.17325,-1.313335,0.702387,-0.751319
951,0.169529,0.077423,0.30209,-0.487872,0.612819,-0.621675,-0.833497,-0.538615,0.123076,-0.25882,0.577445,0.774336,-0.184999,-0.110653,-0.01927,-0.209987,-1.282981,1.013085,-0.766909,-0.107252,0.033103,0.370787,0.195914,0.255811,0.946663,-0.875265,0.480844,0.051324,-0.442286,-0.838941,0.316897,-3.5e-05,0.000167,0.000104,0.0,0.0,0.0,0.522585,0.036125,0.03456,0.00058,-0.02449,-0.379562,0.924841,0.899728,-0.411621,-0.145108,0.435762,0.828552,0.351583,-0.006165,-0.001101,-0.000137,-0.002673,0.014136,-0.029153,0.520119,0.122438,0.061114,-0.092089,-0.541036,0.601976,-0.587285,-0.791974,-0.599629,0.114977,-0.28294,0.527323,0.801171,-0.092366,-0.055344,-0.009504,-0.142198,-1.178172,0.744331,-0.777609
952,0.162292,0.073225,0.301608,-0.474487,0.590329,-0.653008,-0.831992,-0.543014,0.113566,-0.286968,0.596447,0.749618,-0.188508,-0.109262,-0.003945,-0.299375,-1.066795,0.726116,-0.761549,-0.107244,0.033112,0.37078,0.20173,0.250893,0.946757,-0.869465,0.490821,0.055313,-0.451037,-0.83463,0.315946,0.01235,0.00211,0.000212,-0.012044,0.082799,-0.143269,0.522546,0.036129,0.034564,0.000576,-0.03052,-0.374998,0.926522,0.895271,-0.422455,-0.141493,0.444474,0.825171,0.348618,0.006183,0.001025,8.5e-05,-0.010939,0.064726,-0.154539,0.519793,0.118821,0.058999,-0.092348,-0.526362,0.582377,-0.619499,-0.790516,-0.603487,0.104342,-0.313094,0.544645,0.778031,-0.088073,-0.055435,-0.002601,-0.409811,-1.156053,0.644305,-0.777609
953,0.155232,0.069684,0.301482,-0.462977,0.568931,-0.679717,-0.82912,-0.549083,0.105072,-0.312874,0.611503,0.726775,-0.190843,-0.084085,-0.001033,-0.173855,-0.710993,0.53941,-0.754364,-0.107236,0.033122,0.370785,0.20203,0.248141,0.947418,-0.869524,0.490515,0.057069,-0.450787,-0.835629,0.313652,-0.000223,0.001064,0.00066,-0.088821,0.257248,0.146606,0.522484,0.036133,0.034565,0.000577,-0.030826,-0.373529,0.927105,0.895437,-0.422457,-0.140434,0.444119,0.825836,0.347494,-0.000152,0.000718,0.000443,-0.120855,0.421717,0.252382,0.519466,0.115221,0.057181,-0.092417,-0.513155,0.562256,-0.64849,-0.787787,-0.608443,0.095848,-0.340678,0.560058,0.755164,-0.08916,-0.041885,-0.000355,-0.149498,-0.708373,0.576364,-0.772547
954,0.151687,0.068065,0.301547,-0.459714,0.559689,-0.689534,-0.827371,-0.552019,0.103465,-0.322163,0.617367,0.717703,-0.179402,-0.078091,0.00308,-0.231814,-0.672769,0.390728,-0.749172,-0.107245,0.03312,0.370785,0.203326,0.246947,0.947453,-0.866641,0.495608,0.056928,-0.455734,-0.832971,0.313574,-4e-06,1.8e-05,1.1e-05,-0.001424,0.004431,0.002555,0.522417,0.036128,0.034567,0.000578,-0.032208,-0.371261,0.927969,0.893049,-0.427599,-0.140078,0.448804,0.824211,0.345327,-0.006149,-0.001174,-0.000183,-0.002144,-0.001841,-0.039298,0.519629,0.113444,0.056368,-0.092387,-0.509258,0.553982,-0.658604,-0.785967,-0.611127,0.093694,-0.350586,0.565356,0.746633,-0.089843,-0.045191,0.004766,-0.295469,-0.552789,0.200134,-0.769771
955,0.144548,0.065051,0.301939,-0.44638,0.553017,-0.703536,-0.83171,-0.546452,0.098088,-0.329656,0.628233,0.704754,-0.181161,-0.068346,0.010013,-0.151415,-0.299905,0.188539,-0.745907,-0.107273,0.033114,0.370784,0.204936,0.242988,0.94813,-0.863779,0.500387,0.058585,-0.460426,-0.831271,0.311223,-0.0,0.0,0.0,0.348692,0.385203,0.357717,0.522556,0.036114,0.034564,0.000578,-0.033324,-0.370332,0.9283,0.891283,-0.431273,-0.140055,0.452219,0.822712,0.344443,-2.3e-05,-0.000142,2.1e-05,5.070967,0.829359,2.000813,0.519303,0.109875,0.054862,-0.09219,-0.495531,0.548782,-0.673265,-0.790879,-0.605534,0.088522,-0.359107,0.576338,0.734081,-0.09697,-0.039314,0.009131,-0.187371,-0.283764,0.168504,-0.764382
956,0.137242,0.062173,0.302774,-0.441353,0.540756,-0.716125,-0.828518,-0.552042,0.093693,-0.344124,0.634,0.692567,-0.182828,-0.068972,0.025026,0.167242,-0.358853,-0.122089,-0.73467,-0.10734,0.033119,0.370758,0.206289,0.239015,0.948846,-0.860901,0.505153,0.060041,-0.465192,-0.829533,0.308763,1e-06,-3e-06,-2e-06,0.301904,0.522763,0.43452,0.522049,0.036081,0.034566,0.000564,-0.034791,-0.366963,0.929584,0.888936,-0.436424,-0.139014,0.456706,0.821505,0.34139,-1.1e-05,-0.00017,7e-06,5.244368,0.334013,1.716667,0.519466,0.106291,0.053453,-0.091791,-0.489146,0.53831,-0.686264,-0.788357,-0.609477,0.083836,-0.373132,0.58203,0.722504,-0.091485,-0.034742,0.012412,3.769373,-0.802373,-3.623329,-0.758177
957,0.133815,0.06085,0.30333,-0.433214,0.53508,-0.7253,-0.829052,-0.552224,0.087715,-0.353062,0.638644,0.683746,-0.183955,-0.076031,0.035321,-0.222085,-0.294809,0.21383,-0.738044,-0.107372,0.033137,0.370749,0.209074,0.239125,0.948208,-0.860699,0.505199,0.062496,-0.464324,-0.829473,0.310227,-7.1e-05,0.000341,0.000211,-0.002966,0.008379,0.004979,0.520756,0.036065,0.034575,0.000559,-0.038284,-0.364036,0.930597,0.888697,-0.43821,-0.134861,0.456892,0.821856,0.340294,-4.7e-05,0.000227,0.00014,0.001233,-0.012073,-0.015515,0.51865,0.10444,0.052734,-0.091491,-0.481266,0.532646,-0.696182,-0.78818,-0.610511,0.077764,-0.383607,0.586142,0.713639,-0.091927,-0.037664,0.018088,-0.229825,-0.284433,0.20756,-0.756544
958,0.126899,0.05842,0.304805,-0.41765,0.51864,-0.746074,-0.824849,-0.560741,0.071873,-0.380565,0.644769,0.662925,-0.170438,-0.052211,0.038108,-0.071112,-0.361469,0.195244,-0.743322,-0.107405,0.03321,0.370728,0.211783,0.236469,0.948273,-0.860568,0.504924,0.066404,-0.463341,-0.830399,0.30922,-0.00027,0.001293,0.000802,-0.004057,0.011702,0.006734,0.520303,0.036049,0.03461,0.000548,-0.041102,-0.361612,0.931422,0.889189,-0.438396,-0.130963,0.45569,0.822827,0.33956,-0.000176,0.000847,0.000526,0.000451,-0.009618,-0.014889,0.517507,0.101045,0.051537,-0.09077,-0.46518,0.518229,-0.717666,-0.783634,-0.618163,0.061562,-0.411732,0.591025,0.69366,-0.085614,-0.032011,0.022569,0.173383,-0.398785,-0.030066,-0.759483
959,0.120383,0.056251,0.30672,-0.405629,0.506118,-0.761154,-0.821906,-0.566279,0.061396,-0.399454,0.64987,0.646632,-0.157933,-0.053691,0.053295,-0.22821,-0.466214,0.478523,-0.742736,-0.107404,0.033304,0.37075,0.21458,0.236571,0.947619,-0.860332,0.504996,0.068865,-0.462494,-0.830325,0.310681,-0.000615,0.002945,0.001825,0.001883,-0.013745,0.025257,0.520038,0.03605,0.034655,0.000557,-0.043862,-0.362138,0.931091,0.889351,-0.438725,-0.128742,0.455116,0.82242,0.341311,-0.00019,0.000917,0.00057,0.001075,0.00049,-0.002042,0.517343,0.097842,0.050472,-0.089839,-0.453397,0.507055,-0.733025,-0.780088,-0.623574,0.051163,-0.431153,0.595021,0.678274,-0.078938,-0.026729,0.026879,-0.22824,-0.465768,0.475331,-0.761116
960,0.114529,0.054403,0.308962,-0.400672,0.495491,-0.770711,-0.817507,-0.573119,0.056472,-0.413237,0.65207,0.635663,-0.144344,-0.045633,0.059993,4.034339,-0.550724,-3.284096,-0.742344,-0.107391,0.033421,0.37083,0.216303,0.232529,0.948227,-0.857371,0.509757,0.070694,-0.46717,-0.828551,0.308413,-0.000735,0.003517,0.002176,-0.000133,0.000386,0.00022,0.51838,0.036056,0.034714,0.000598,-0.045712,-0.358271,0.932497,0.887015,-0.44391,-0.12707,0.45947,0.821331,0.338084,-0.00044,0.00211,0.001305,0.002602,-0.02131,0.020768,0.516364,0.094851,0.049529,-0.088697,-0.444492,0.499771,-0.743407,-0.779355,-0.6249,0.045883,-0.441624,0.599773,0.667263,-0.079029,-0.027761,0.034253,-0.26377,-0.311536,0.317445,-0.760137
961,0.111662,0.053476,0.310228,-0.397134,0.492731,-0.774304,-0.818148,-0.572312,0.05536,-0.415379,0.654866,0.631378,-0.144077,-0.042148,0.062787,-0.225246,-0.234848,0.23153,-0.743633,-0.107398,0.033504,0.370881,0.218077,0.23122,0.948141,-0.854246,0.51493,0.071028,-0.472049,-0.825711,0.308601,-0.000966,0.004622,0.002858,0.001881,-0.013741,0.02526,0.517843,0.036053,0.034754,0.000623,-0.047524,-0.35717,0.932829,0.884298,-0.449321,-0.126989,0.464497,0.818864,0.337198,-0.000402,0.001933,0.001196,-8.7e-05,-0.002276,-0.000485,0.51571,0.093364,0.049051,-0.088039,-0.443405,0.494844,-0.747342,-0.776519,-0.628515,0.044552,-0.44767,0.60008,0.662943,-0.071999,-0.02076,0.03177,-0.227106,-0.234851,0.23205,-0.760463
962,0.106225,0.051675,0.31298,-0.393678,0.482093,-0.782719,-0.812263,-0.581071,0.050576,-0.429951,0.655083,0.621318,-0.142866,-0.03357,0.069748,-0.215044,-0.246179,0.251452,-0.744812,-0.107455,0.033684,0.370994,0.221149,0.22032,0.950023,-0.84831,0.523941,0.076086,-0.481242,-0.823003,0.301555,-0.001211,0.005798,0.003579,-0.064029,0.176699,0.133892,0.517759,0.036024,0.034844,0.000679,-0.050956,-0.347062,0.936456,0.879715,-0.459471,-0.122418,0.472762,0.817577,0.328728,-0.000557,0.002662,0.001643,-0.084153,0.261111,0.152645,0.514404,0.090699,0.048162,-0.086689,-0.439554,0.484788,-0.756155,-0.769986,-0.636848,0.039296,-0.462506,0.599502,0.65321,-0.065726,-0.023843,0.037651,-0.229252,-0.23618,0.242369,-0.762096
963,0.101328,0.050256,0.315919,-0.379488,0.465305,-0.799704,-0.799799,-0.59946,0.030673,-0.464653,0.650661,0.600637,-0.117109,-0.04147,0.08046,1.173244,-0.350344,-0.698271,-0.751891,-0.107529,0.033901,0.371119,0.223783,0.209378,0.951879,-0.842318,0.532806,0.080948,-0.490471,-0.820148,0.29438,-0.001208,0.005786,0.003564,-0.059078,0.200321,0.15071,0.515656,0.035987,0.034954,0.000743,-0.053903,-0.336461,0.940153,0.875142,-0.469312,-0.117781,0.480853,0.816419,0.319748,-0.000543,0.002596,0.001597,-0.049258,0.273444,0.171565,0.512445,0.088197,0.047441,-0.085193,-0.424089,0.469895,-0.774174,-0.757143,-0.652989,0.018419,-0.496872,0.593972,0.632703,-0.058494,-0.020371,0.040632,1.190636,-0.35434,-0.701565,-0.764219
964,0.099103,0.0496,0.317453,-0.37336,0.453532,-0.809294,-0.793985,-0.607364,0.025863,-0.479349,0.651657,0.587873,-0.102488,-0.02885,0.074391,-0.043879,-0.546901,0.380283,-0.755157,-0.107572,0.034017,0.371169,0.226252,0.203871,0.95249,-0.842318,0.531958,0.086342,-0.489338,-0.822076,0.290864,-0.001004,0.00481,0.00296,-0.099156,0.286689,0.163561,0.514318,0.035965,0.035017,0.00077,-0.056626,-0.331418,0.941783,0.875955,-0.469111,-0.112415,0.479057,0.818594,0.316871,-0.000509,0.00243,0.001495,-0.105139,0.323891,0.186021,0.511138,0.087124,0.047125,-0.084452,-0.418068,0.458317,-0.784324,-0.750442,-0.66079,0.013877,-0.511914,0.594392,0.620195,-0.0583,-0.019238,0.041536,0.487524,-1.076184,0.692356,-0.766342
965,0.095327,0.048196,0.32055,-0.366084,0.425701,-0.82753,-0.780268,-0.624977,0.023609,-0.506689,0.653806,0.561988,-0.090483,-0.039583,0.082618,-0.064996,-0.821692,-0.03166,-0.758359,-0.107662,0.034282,0.37121,0.235333,0.190114,0.953135,-0.835759,0.540083,0.098747,-0.496266,-0.820054,0.284771,-0.001008,0.004836,0.002971,-0.085016,0.231635,0.172888,0.508748,0.03592,0.035146,0.000789,-0.06635,-0.318518,0.945591,0.872009,-0.479122,-0.100204,0.484971,0.817916,0.309541,-0.001305,0.007284,-0.003123,-0.072112,0.308696,0.218867,0.506403,0.085198,0.046416,-0.082872,-0.408825,0.43268,-0.803522,-0.735816,-0.67711,0.009767,-0.539848,0.595238,0.595193,-0.045227,-0.019629,0.041526,-0.10502,-0.89262,-0.08985,-0.770261
966,0.092125,0.046899,0.323747,-0.361419,0.395158,-0.844554,-0.75918,-0.650538,0.020441,-0.540896,0.648062,0.536166,-0.075039,-0.025096,0.078017,4.295136,-0.756715,-2.729678,-0.764759,-0.107733,0.034621,0.371111,0.241867,0.1804,0.953388,-0.832235,0.543666,0.10838,-0.499048,-0.819868,0.280412,-0.002309,0.013126,-0.007128,5.275738,0.736792,1.423939,0.503554,0.035885,0.035314,0.000745,-0.072295,-0.310117,0.947945,0.873291,-0.478807,-0.090039,0.481805,0.821322,0.305438,-0.001233,0.006943,-0.003331,0.011424,0.090496,-0.131024,0.499381,0.083654,0.04579,-0.081335,-0.401202,0.405134,-0.821524,-0.716578,-0.69748,0.005989,-0.570571,0.591089,0.570141,-0.03125,-0.013919,0.038157,-0.438254,-0.828793,0.073069,-0.77467
967,0.08953,0.045447,0.32696,-0.355306,0.362941,-0.861439,-0.736114,-0.676584,0.018496,-0.575689,0.640235,0.508634,-0.065072,-0.050091,0.091618,-0.432056,-0.700098,0.158493,-0.767201,-0.107835,0.0351,0.370804,0.247575,0.16911,0.953992,-0.831439,0.542503,0.119724,-0.497579,-0.823024,0.273695,-0.00364,0.021562,-0.017117,-0.114572,-0.320558,0.804435,0.498997,0.035834,0.035553,0.000596,-0.078584,-0.298235,0.951251,0.871385,-0.484068,-0.079778,0.484263,0.822637,0.297917,-0.000896,0.005349,-0.004302,-0.499459,-1.263373,2.200042,0.493176,0.082326,0.045064,-0.079698,-0.394962,0.371776,-0.840111,-0.687928,-0.725774,0.002238,-0.608899,0.57882,0.542409,-0.032019,-0.019707,0.04181,-0.374858,-0.835087,-0.004835,-0.778425
968,0.088359,0.04455,0.328627,-0.352413,0.345086,-0.869923,-0.722335,-0.691279,0.018343,-0.594599,0.634409,0.493968,-0.053159,-0.054734,0.088327,-0.409505,-0.664525,0.192631,-0.767829,-0.107939,0.035443,0.370506,0.249056,0.160575,0.95508,-0.830961,0.541881,0.125705,-0.497639,-0.825129,0.26717,-0.003505,0.020922,-0.017496,-0.079405,0.418501,0.313939,0.495099,0.035782,0.035724,0.000447,-0.081287,-0.291648,0.953065,0.871695,-0.484443,-0.073898,0.483258,0.824776,0.293608,-0.00172,0.010315,-0.008837,-0.148547,0.710296,0.319875,0.489094,0.081737,0.044622,-0.078859,-0.390999,0.354049,-0.849569,-0.673163,-0.739492,0.001636,-0.62767,0.572539,0.527474,-0.025916,-0.021591,0.040497,-0.326721,-0.766859,0.091685,-0.779078
969,0.086152,0.0425,0.332066,-0.343286,0.302892,-0.889076,-0.694287,-0.719313,0.022958,-0.63215,0.624775,0.458332,-0.054717,-0.065966,0.09627,4.236242,-1.318917,-2.688833,-0.778661,-0.108163,0.03629,0.369704,0.255433,0.143247,0.956151,-0.828993,0.541262,0.140493,-0.497696,-0.828695,0.255786,-0.00495,0.029912,-0.027095,-0.049925,0.458392,0.337371,0.486372,0.03567,0.036144,4.9e-05,-0.088446,-0.274874,0.957403,0.872134,-0.485709,-0.058881,0.481205,0.829776,0.282686,-0.0015,0.009288,-0.00945,-0.144735,0.770265,0.262777,0.478317,0.080634,0.043601,-0.077142,-0.37818,0.317944,-0.869419,-0.647644,-0.761936,0.003075,-0.661465,0.564238,0.494063,-0.02671,-0.027314,0.044346,-0.476424,-0.8862,0.142586,-0.784304
970,0.084239,0.040087,0.335637,-0.324656,0.263938,-0.908284,-0.666528,-0.745146,0.021653,-0.670693,0.612096,0.41897,-0.042316,-0.068931,0.09464,0.929163,-1.169813,-0.512832,-0.793328,-0.108404,0.037247,0.368777,0.262518,0.123068,0.957042,-0.826735,0.540048,0.157449,-0.497774,-0.832693,0.242294,-0.002842,0.017744,-0.019374,-0.104837,0.364049,0.28291,0.480473,0.035548,0.036634,-0.000424,-0.09656,-0.254283,0.962297,0.872636,-0.486643,-0.04103,0.478729,0.835774,0.268886,-0.001398,0.008837,-0.009705,-0.108242,0.344823,0.287884,0.468356,0.079673,0.042395,-0.075356,-0.35846,0.278057,-0.891173,-0.615025,-0.788505,0.00136,-0.702317,0.548582,0.45366,-0.027652,-0.033311,0.048067,4.446321,-1.191288,-2.320773,-0.790835
971,0.083471,0.03875,0.337468,-0.312872,0.241772,-0.918533,-0.652873,-0.757099,0.023045,-0.689467,0.606592,0.395866,-0.029459,-0.071067,0.093545,-0.114252,-1.147166,0.006023,-0.814175,-0.108566,0.037777,0.368258,0.262554,0.107223,0.958937,-0.823048,0.543509,0.164695,-0.503833,-0.832611,0.229726,-0.003025,0.018628,-0.01881,-0.213352,0.921984,0.358148,0.478596,0.035467,0.036896,-0.000686,-0.097212,-0.240797,0.965694,0.870197,-0.49146,-0.034948,0.483016,0.836948,0.257316,-0.001489,0.009267,-0.00943,-0.206298,0.873582,0.320791,0.46509,0.079273,0.0417,-0.074406,-0.344941,0.255475,-0.903187,-0.599634,-0.800269,0.002646,-0.722117,0.542495,0.429237,-0.014781,-0.035575,0.046775,-0.119736,-1.149433,-0.005491,-0.800633
972,0.082145,0.035911,0.341255,-0.290413,0.192962,-0.937268,-0.616224,-0.787024,0.028851,-0.731732,0.585702,0.348638,-0.029068,-0.069584,0.095106,4.682823,-1.290877,-1.721342,-0.833731,-0.108911,0.038862,0.367182,0.266778,0.075039,0.960828,-0.80832,0.560237,0.180799,-0.525031,-0.824968,0.208888,-0.01704,0.027182,-0.027542,5.24135,1.662723,1.119678,0.477547,0.035301,0.037427,-0.001214,-0.102835,-0.20904,0.972484,0.862411,-0.505902,-0.017551,0.495651,0.836877,0.232303,-0.00235,0.014455,-0.013777,-0.080253,0.638625,0.209119,0.461172,0.078621,0.040305,-0.072549,-0.319281,0.210904,-0.923892,-0.565359,-0.824814,0.007091,-0.760544,0.524595,0.382585,-0.015291,-0.040515,0.051455,-0.495129,-1.303258,0.028845,-0.820881
973,0.080787,0.032943,0.345146,-0.269532,0.146217,-0.95185,-0.582244,-0.812008,0.040081,-0.766721,0.564827,0.305183,-0.043814,-0.079279,0.104309,1.019059,-1.344031,-0.196584,-0.845003,-0.1093,0.03987,0.366146,0.271427,0.041605,0.961555,-0.802765,0.560815,0.202458,-0.531143,-0.826892,0.184392,-0.01679,0.026078,-0.028159,-0.174746,0.455321,0.806171,0.475174,0.035106,0.037934,-0.001731,-0.108972,-0.17596,0.978346,0.857486,-0.514497,0.002975,0.502833,0.839243,0.206949,-0.008307,0.012667,-0.014306,-0.336955,-0.288698,2.570362,0.459212,0.077949,0.038829,-0.070604,-0.296681,0.165206,-0.940577,-0.52608,-0.850272,0.016593,-0.797006,0.499742,0.339171,-0.015743,-0.041527,0.050905,4.639131,-1.653409,-1.700286,-0.831005
974,0.080137,0.031392,0.347136,-0.26019,0.121751,-0.957874,-0.566972,-0.822235,0.049442,-0.781262,0.555797,0.28416,-0.030712,-0.081057,0.103566,4.669789,-1.783064,-1.594695,-0.850337,-0.109497,0.040335,0.365639,0.272512,0.025505,0.96181,-0.7985,0.563591,0.211416,-0.536989,-0.825635,0.172724,-0.01488,0.014859,-0.019954,-0.272188,-0.537369,2.442282,0.472437,0.035007,0.03817,-0.001987,-0.108939,-0.16053,0.981,0.855051,-0.518443,0.010114,0.50697,0.839908,0.193741,-0.002164,0.013558,-0.014279,-0.146253,0.917027,0.107865,0.456599,0.077606,0.038021,-0.069572,-0.285684,0.142872,-0.947613,-0.510369,-0.859612,0.024261,-0.811114,0.490564,0.318495,-0.015472,-0.040634,0.051723,4.679059,-1.734673,-1.551107,-0.832638
975,0.078751,0.028348,0.351245,-0.234365,0.075591,-0.969229,-0.53465,-0.842667,0.063506,-0.811652,0.532983,0.239114,-0.042828,-0.075711,0.107766,-0.542406,-1.278179,-0.373362,-0.853911,-0.109774,0.041155,0.364608,0.270577,-0.000874,0.962694,-0.790642,0.570223,0.222857,-0.549455,-0.821429,0.15237,-0.003771,0.02429,-0.030255,0.089248,0.672571,0.069545,0.468178,0.034862,0.03859,-0.002508,-0.111129,-0.133397,0.984812,0.849495,-0.527027,0.024471,0.515758,0.839313,0.171888,-0.001842,0.012007,-0.015211,0.084666,0.720095,0.090072,0.450231,0.076913,0.036497,-0.067518,-0.256833,0.097963,-0.961477,-0.474979,-0.879206,0.037297,-0.841683,0.466261,0.272339,-0.021451,-0.037867,0.053906,-0.577438,-1.414303,-0.45537,-0.829208
976,0.077402,0.025455,0.35535,-0.200378,0.028394,-0.97933,-0.505051,-0.859508,0.078363,-0.839275,0.510274,0.187787,-0.028357,-0.066462,0.098895,-0.468689,-1.039515,-0.13786,-0.853417,-0.109807,0.041665,0.363709,0.269556,-0.017151,0.962827,-0.786011,0.57362,0.230392,-0.556558,-0.818858,0.139915,-0.001602,0.011752,-0.022903,0.056086,0.28036,-0.047833,0.467215,0.034847,0.038839,-0.002949,-0.111151,-0.116528,0.986947,0.84644,-0.531485,0.032575,0.520752,0.839014,0.15771,-0.000759,0.005752,-0.01153,0.157974,0.292058,-0.04924,0.446965,0.076249,0.035076,-0.065503,-0.219531,0.052407,-0.974196,-0.443839,-0.894602,0.051892,-0.868799,0.443778,0.219653,-0.020704,-0.031884,0.050314,-0.500268,-1.199685,-0.273208,-0.836883
977,0.076267,0.023177,0.359123,-0.17505,-0.015925,-0.984454,-0.477091,-0.873254,0.098906,-0.861043,0.487003,0.146492,-0.025502,-0.050986,0.094127,-0.414395,-0.673318,-0.401946,-0.86048,-0.109711,0.041765,0.363004,0.270254,-0.026148,0.962429,-0.784711,0.573103,0.23604,-0.558054,-0.818971,0.133137,0.01274,0.001493,-0.015275,0.017419,0.067511,0.069837,0.466062,0.034894,0.038892,-0.003311,-0.112273,-0.107762,0.987816,0.846027,-0.531772,0.038146,0.521182,0.840003,0.150873,0.0064,0.000665,-0.007688,0.024625,0.023637,0.041378,0.445985,0.075669,0.033907,-0.063583,-0.190797,0.009899,-0.981579,-0.414975,-0.907017,0.071515,-0.889601,0.420976,0.177163,-0.012734,-0.025304,0.047232,-0.410517,-0.599261,-0.380757,-0.840965
978,0.075768,0.022354,0.3609,-0.162502,-0.035028,-0.986109,-0.462035,-0.880324,0.107356,-0.87166,0.473102,0.128099,-0.024445,-0.047967,0.096419,5.053923,-1.437603,-0.883751,-0.861146,-0.109654,0.04171,0.362695,0.270053,-0.02915,0.962399,-0.784291,0.573054,0.237551,-0.558742,-0.8189,0.130666,0.000881,-0.002283,-0.016556,0.026901,0.04389,-0.016457,0.465199,0.034922,0.038867,-0.003453,-0.112138,-0.10482,0.988148,0.845903,-0.531865,0.039577,0.521414,0.840316,0.14831,0.000397,-0.000866,-0.008105,0.034272,-0.007799,-0.014874,0.445006,0.075428,0.033512,-0.062732,-0.1782,-0.00638,-0.983973,-0.40446,-0.911123,0.079156,-0.897026,0.412083,0.159781,-0.0117,-0.018769,0.043817,-0.40179,-1.063159,-0.300257,-0.84717
979,0.074853,0.021118,0.364148,-0.146838,-0.060109,-0.987355,-0.439826,-0.890075,0.119544,-0.88583,0.451889,0.10549,-0.02244,-0.027917,0.078095,5.174807,-1.170457,-0.772089,-0.857538,-0.109567,0.041572,0.362195,0.271102,-0.032313,0.962003,-0.78333,0.573294,0.240126,-0.559582,-0.818609,0.128883,0.000382,0.000147,-0.015062,0.047181,-0.087181,0.16966,0.46407,0.034967,0.038796,-0.00371,-0.113422,-0.101992,0.988298,0.845362,-0.532534,0.04206,0.522012,0.84024,0.146621,0.000237,-0.000104,-0.007643,0.036714,-0.007182,-0.013995,0.44321,0.074972,0.032895,-0.061095,-0.161186,-0.029914,-0.98647,-0.381556,-0.91993,0.090241,-0.910183,0.390939,0.136865,-0.011176,-0.013706,0.039259,-0.313133,-0.692816,-0.288367,-0.845211
980,0.074079,0.020304,0.366765,-0.141193,-0.06918,-0.987585,-0.425188,-0.896618,0.123542,-0.893864,0.437434,0.098412,-0.022943,-0.022153,0.065742,-0.046343,-0.184351,-0.017573,-0.852764,-0.109554,0.041516,0.361808,0.272801,-0.032598,0.961513,-0.782371,0.574005,0.241554,-0.560101,-0.818099,0.129859,-0.00056,0.004713,-0.012203,0.036098,-0.005245,0.020989,0.463313,0.034975,0.038757,-0.00391,-0.115299,-0.102017,0.988077,0.844659,-0.533534,0.043477,0.522739,0.839602,0.147685,0.000725,-0.003479,-0.002188,-0.001229,0.014097,-0.024937,0.442066,0.074588,0.032493,-0.059777,-0.154203,-0.039784,-0.987237,-0.361252,-0.927736,0.093812,-0.919629,0.371108,0.128688,-0.004349,-0.006948,0.027794,0.325137,-0.218226,-0.17577,-0.845701
981,0.073747,0.020001,0.367859,-0.139196,-0.071571,-0.987698,-0.422549,-0.897726,0.124548,-0.89543,0.434772,0.095948,-0.00955,-0.016532,0.053607,-0.202755,-0.389369,-0.254337,-0.849678,-0.109565,0.04155,0.361637,0.274018,-0.032778,0.961161,-0.781761,0.574403,0.242581,-0.56036,-0.817812,0.130547,0.000896,-0.004342,-0.002735,-0.0,0.0,0.0,0.463082,0.034969,0.038777,-0.004,-0.116582,-0.101894,0.98794,0.844225,-0.534134,0.044534,0.523155,0.839236,0.148291,-0.000432,0.00312,-0.005621,0.048833,-0.091216,0.1673,0.441903,0.074416,0.032339,-0.059225,-0.153475,-0.040187,-0.987334,-0.358333,-0.928898,0.093509,-0.920892,0.368146,0.128162,-0.011453,-0.007344,0.027345,-0.215974,-0.415157,-0.339115,-0.844885
982,0.073312,0.019588,0.369597,-0.139897,-0.072914,-0.987501,-0.415638,-0.900837,0.125343,-0.898549,0.428063,0.096949,-0.009076,-0.000879,0.031945,-0.068541,0.039772,-0.034627,-0.843878,-0.109639,0.041783,0.361332,0.276394,-0.033158,0.960467,-0.78046,0.575325,0.244575,-0.561008,-0.817148,0.131913,-0.00169,0.010187,-0.00875,0.05028,-0.105924,0.191905,0.463261,0.034933,0.038888,-0.00415,-0.118896,-0.101636,0.98769,0.843349,-0.535355,0.046431,0.524046,0.838489,0.149366,5.3e-05,-0.000228,-0.000141,0.000435,2e-05,7.5e-05,0.441903,0.074199,0.032129,-0.058346,-0.152618,-0.043325,-0.987334,-0.351447,-0.931355,0.095194,-0.923683,0.361524,0.126915,-0.005009,-0.005251,0.020742,-0.103767,0.050849,-0.021917,-0.839169
983,0.07311,0.019427,0.370756,-0.142144,-0.074824,-0.987037,-0.412417,-0.901983,0.127715,-0.899676,0.425313,0.098582,0.002313,-0.007959,0.027104,-0.071089,0.10589,-0.154671,-0.836764,-0.109747,0.04214,0.361084,0.277595,-0.036344,0.960006,-0.779355,0.57567,0.247271,-0.561953,-0.816765,0.130254,-0.002042,0.011896,-0.007667,0.032996,0.006418,0.028134,0.464383,0.034879,0.039069,-0.004273,-0.120497,-0.098212,0.987843,0.842691,-0.536117,0.049489,0.524739,0.83841,0.147363,-0.000144,0.000718,0.000455,0.000565,-0.013272,-0.00848,0.442393,0.074092,0.032049,-0.057773,-0.154684,-0.045298,-0.986925,-0.348166,-0.932362,0.097362,-0.924582,0.358674,0.12845,-0.005415,-0.00282,0.014256,-0.070621,0.040245,-0.0343,-0.83476
984,0.073138,0.019441,0.371378,-0.13927,-0.080724,-0.986982,-0.408457,-0.903246,0.131458,-0.901933,0.421543,0.094052,0.002139,-0.001256,0.015476,-0.035207,-0.00492,0.00448,-0.841853,-0.109924,0.042456,0.360895,0.2776,-0.045176,0.95963,-0.778483,0.574638,0.25237,-0.56316,-0.81704,0.123127,-0.000197,0.000958,0.000603,-0.043504,0.163196,0.100196,0.463972,0.034789,0.039235,-0.004367,-0.121121,-0.089577,0.988587,0.842543,-0.535846,0.054674,0.524833,0.83955,0.140375,-0.0001,0.000507,0.000324,-0.043947,0.163451,0.100273,0.44272,0.074106,0.032053,-0.057452,-0.151301,-0.051328,-0.987153,-0.344164,-0.93343,0.101285,-0.926638,0.355068,0.123564,0.001589,0.004436,0.003154,0.002697,0.007047,0.036421,-0.834271
985,0.07322,0.019527,0.371562,-0.137548,-0.083003,-0.987034,-0.408864,-0.902858,0.132848,-0.902014,0.421934,0.091479,0.01584,0.005314,0.004019,-0.079783,-0.545945,-0.221202,-0.842083,-0.110016,0.042605,0.360802,0.277534,-0.048135,0.959505,-0.77813,0.574394,0.254007,-0.56368,-0.817038,0.120736,-0.014316,0.010113,-0.007679,0.017565,0.071723,0.029706,0.464462,0.034749,0.039305,-0.004412,-0.121262,-0.086287,0.988862,0.842485,-0.53574,0.056563,0.524893,0.839961,0.13766,-0.000168,0.000835,0.00053,-0.011459,0.018803,0.044787,0.442719,0.074141,0.032091,-0.057356,-0.151584,-0.051068,-0.987123,-0.344427,-0.933344,0.101176,-0.926494,0.355329,0.123891,0.000832,-0.001255,0.007289,-0.033826,0.011535,0.013342,-0.836883
986,0.07339,0.019723,0.371739,-0.133595,-0.088517,-0.987098,-0.40393,-0.904648,0.135738,-0.904831,0.416958,0.086332,0.001956,0.005426,0.003841,-0.081209,-0.533622,-0.251977,-0.845101,-0.110173,0.042874,0.36055,0.276967,-0.05693,0.959187,-0.777379,0.573351,0.258619,-0.564993,-0.817193,0.113321,0.00017,-0.000826,-0.000521,-0.098664,0.369368,0.227542,0.464426,0.034664,0.039446,-0.004539,-0.121288,-0.079027,0.989466,0.842335,-0.535549,0.060479,0.525128,0.840798,0.131523,9.8e-05,-0.000471,-0.000294,-0.118727,0.496436,0.307184,0.442556,0.074232,0.032191,-0.057267,-0.146863,-0.056713,-0.987529,-0.339389,-0.93486,0.104162,-0.92911,0.350454,0.118048,0.000906,0.002521,0.001784,-0.07903,-0.513465,-0.241352,-0.8377
987,0.073516,0.019872,0.371846,-0.131623,-0.090694,-0.987166,-0.404138,-0.904377,0.13692,-0.90503,0.417081,0.083614,0.001472,0.004087,0.002889,5.3e-05,-0.017105,0.023532,-0.852977,-0.110331,0.043169,0.360178,0.276576,-0.062897,0.958927,-0.776502,0.573153,0.261674,-0.566388,-0.816886,0.108458,-0.013292,0.005174,-0.01078,0.000713,0.141533,0.039266,0.465835,0.034589,0.039594,-0.004719,-0.121331,-0.071791,0.990012,0.842029,-0.535578,0.064357,0.525609,0.841428,0.125433,-0.000655,0.004206,-0.004919,0.000628,0.122638,0.099877,0.443373,0.074294,0.032262,-0.057216,-0.143096,-0.060655,-0.987847,-0.339774,-0.934446,0.106595,-0.929556,0.350898,0.113107,0.000532,0.001488,0.00105,0.002638,0.019705,0.010525,-0.841782
988,0.073529,0.019919,0.371916,-0.13176,-0.090771,-0.98714,-0.404193,-0.904332,0.137053,-0.904986,0.417161,0.083695,0.001162,0.003227,0.002279,-8e-06,-5.1e-05,-2.7e-05,-0.853348,-0.110417,0.043306,0.359963,0.276384,-0.065887,0.958781,-0.776032,0.573089,0.263205,-0.567127,-0.816692,0.10604,-0.013162,0.004546,-0.011173,0.012935,0.095785,0.011071,0.465653,0.034546,0.039662,-0.004827,-0.121346,-0.068628,0.990234,0.841824,-0.535697,0.066032,0.525934,0.841616,0.122778,-0.000578,0.003833,-0.005153,0.018294,0.048476,0.053972,0.444026,0.0743,0.032286,-0.05718,-0.143353,-0.060566,-0.987816,-0.339828,-0.934425,0.106609,-0.929497,0.350971,0.113371,7.3e-05,-0.003377,0.005775,-0.034128,0.022986,-0.013259,-0.843741
989,0.073466,0.020004,0.372108,-0.132977,-0.09161,-0.986899,-0.404304,-0.904085,0.138346,-0.904756,0.417514,0.084414,-0.012548,-0.003433,0.013658,-0.038652,0.114524,-0.194575,-0.852292,-0.110606,0.04352,0.359534,0.27514,-0.076338,0.958364,-0.771746,0.576817,0.267629,-0.573547,-0.813137,0.098571,-0.000765,0.005696,-0.01155,0.005844,0.114705,0.061637,0.460574,0.034447,0.039768,-0.005042,-0.120795,-0.058068,0.990977,0.838532,-0.540263,0.070555,0.531291,0.83949,0.113953,-0.000438,0.003152,-0.005579,0.007629,0.085729,0.07727,0.441577,0.074273,0.032328,-0.057091,-0.144404,-0.061358,-0.987614,-0.339942,-0.934253,0.107747,-0.929293,0.351291,0.114051,0.000526,0.001467,0.001035,-0.000399,0.000114,7.4e-05,-0.844884
990,0.073331,0.020078,0.37239,-0.134404,-0.092541,-0.986619,-0.40458,-0.903734,0.139828,-0.90442,0.41807,0.085255,-0.012113,-0.00224,0.014494,-0.035111,0.034104,-0.044758,-0.851206,-0.110762,0.043664,0.359069,0.270512,-0.086496,0.958819,-0.768384,0.580526,0.269274,-0.58022,-0.809458,0.089355,-0.000488,0.004337,-0.01241,-0.004046,0.151946,0.085015,0.450319,0.034369,0.03984,-0.005274,-0.116749,-0.047895,0.992005,0.835701,-0.544434,0.072067,0.536631,0.837434,0.103588,-0.00027,0.002336,-0.006097,-0.007705,0.149922,0.121356,0.431126,0.074205,0.032363,-0.056951,-0.145854,-0.062475,-0.98733,-0.340213,-0.933967,0.109356,-0.928967,0.351853,0.114968,-0.00527,0.004659,0.003166,-0.000668,0.001114,-0.004124,-0.844721
991,0.073096,0.020251,0.372799,-0.135931,-0.093514,-0.986318,-0.404961,-0.903318,0.141401,-0.904019,0.418752,0.086148,0.003011,0.00833,0.005848,0.000608,-0.0136,0.025402,-0.847525,-0.110769,0.043717,0.358614,0.262143,-0.096585,0.960179,-0.758953,0.593806,0.267056,-0.596252,-0.798601,0.081135,0.001765,-0.008662,-0.005501,-0.031226,0.176033,0.074849,0.439545,0.034365,0.039872,-0.005503,-0.108861,-0.037809,0.993337,0.826822,-0.558169,0.069367,0.551828,0.828865,0.092025,-3.4e-05,0.001181,-0.006837,0.022944,0.231609,0.141251,0.41741,0.07408,0.032442,-0.056745,-0.147358,-0.063595,-0.987036,-0.340618,-0.933625,0.111006,-0.928581,0.35256,0.115915,-0.00546,0.000539,0.00841,-0.0347,0.020525,-0.019333,-0.844231
992,0.072948,0.020339,0.373041,-0.136655,-0.093945,-0.986177,-0.405227,-0.903085,0.142128,-0.90379,0.419161,0.086571,-0.011019,0.00075,0.016575,-0.034493,0.020533,-0.019343,-0.847511,-0.110726,0.043671,0.358401,0.258205,-0.100749,0.960818,-0.756002,0.598034,0.265992,-0.601694,-0.794918,0.077025,0.000362,0.000168,-0.015073,0.063791,0.48249,0.244636,0.432729,0.034386,0.039849,-0.005604,-0.105245,-0.035569,0.993809,0.823969,-0.562643,0.067121,0.556773,0.825933,0.088524,0.00097,-0.00474,-0.003016,0.3512,0.627054,0.313679,0.409245,0.074013,0.032492,-0.056627,-0.148013,-0.064057,-0.986908,-0.34087,-0.933449,0.11171,-0.928384,0.352942,0.116328,0.001428,0.003966,0.002784,-0.003769,0.080233,-0.149937,-0.843578
