frame,MLTx,MLTy,MLTz,MLTR1,MLTR2,MLTR3,MLTR4,MLTR5,MLTR6,MLTR7,MLTR8,MLTR9,MLTTVx,MLTTVy,MLTTVz,MLTRVx,MLTRVy,MLTRVz,MLGA,MRTx,MRTy,MRTz,MRTR1,MRTR2,MRTR3,MRTR4,MRTR5,MRTR6,MRTR7,MRTR8,MRTR9,MRTTVx,MRTTVy,MRTTVz,MRTRVx,MRTRVy,MRTRVz,MRGA,SLTx,SLTy,SLTz,SLTR1,SLTR2,SLTR3,SLTR4,SLTR5,SLTR6,SLTR7,SLTR8,SLTR9,SLTTVx,SLTTVy,SLTTVz,SLTRVx,SLTRVy,SLTRVz,SLGA,SRTx,SRTy,SRTz,SRTR1,SRTR2,SRTR3,SRTR4,SRTR5,SRTR6,SRTR7,SRTR8,SRTR9,SRTTVx,SRTTVy,SRTTVz,SRTRVx,SRTRVy,SRTRVz,SRGA
151,0.126141,-0.006469,0.325795,-0.093869,-0.113089,-0.989164,-0.76264,-0.630476,0.1444,-0.639866,0.76807,-0.025832,-0.000782,-0.003979,-0.003831,-0.000526,0.014937,-0.024641,0.129231,-0.18308,-0.014306,0.316013,0.262834,0.574517,0.775139,-0.749186,-0.384572,0.53922,0.607549,-0.723146,0.32834,-0.014521,-0.00031,0.000824,-0.002045,0.015205,-0.029245,-1.401901,0.035932,0.037333,-0.023126,-0.410352,-0.454588,0.790544,0.681818,0.42274,0.597004,-0.605585,0.783989,0.136474,-0.000348,0.005554,-0.004091,0.036464,-0.011576,0.017633,-0.961743,0.064565,0.034771,-0.061721,0.117233,0.123787,-0.985359,0.669169,0.723291,0.170478,0.733804,-0.679357,0.001959,-0.000383,-0.001964,-0.001891,1.7e-05,0.001084,-0.001754,-0.038229
152,0.126114,-0.006607,0.325662,-0.094337,-0.113156,-0.989112,-0.762607,-0.630424,0.144802,-0.639836,0.768103,-0.025589,-0.01507,-0.00275,-0.00291,-0.00151,0.029652,-0.054194,0.128459,-0.183378,-0.014062,0.316022,0.260242,0.578179,0.773288,-0.746589,-0.387219,0.540925,0.611848,-0.718802,0.329893,-0.01433,0.00359,0.004799,-0.000294,0.000185,-0.004715,-1.402019,0.035782,0.037444,-0.023126,-0.407718,-0.458547,0.78962,0.679148,0.425743,0.597913,-0.610346,0.780049,0.137838,-0.007164,0.001764,0.002376,-0.000297,0.000406,-0.004367,-0.960273,0.064551,0.034699,-0.06179,0.117725,0.123924,-0.985283,0.669126,0.723227,0.170913,0.733764,-0.6794,0.002221,-0.007535,-0.001385,-0.001464,-0.001618,0.029677,-0.054231,-0.044924
153,0.126099,-0.006853,0.325552,-0.088791,-0.112243,-0.989729,-0.763575,-0.630351,0.139936,-0.639481,0.768296,-0.028504,-0.000892,-0.004536,-0.004381,-0.000528,0.014929,-0.02464,0.124335,-0.183737,-0.013819,0.316123,0.260789,0.57972,0.771949,-0.746336,-0.385987,0.542154,0.611923,-0.718225,0.331007,-0.014321,0.003543,0.004739,-0.000294,0.000178,-0.004719,-1.40229,0.035598,0.037575,-0.023072,-0.408157,-0.460242,0.788406,0.678652,0.424666,0.599241,-0.610605,0.779638,0.139014,-0.007162,0.001764,0.002365,-0.000258,0.0005,-0.005132,-0.960436,0.064544,0.034577,-0.061844,0.112298,0.122283,-0.986121,0.670298,0.723281,0.166022,0.733545,-0.679639,-0.000744,-0.000383,-0.001962,-0.001896,0.004103,-0.099985,0.164903,-0.045087
154,0.12616,-0.006947,0.325491,-0.082954,-0.111303,-0.990341,-0.764415,-0.630446,0.134831,-0.639268,0.768354,-0.03155,-0.000747,-0.003803,-0.003676,-0.080983,-0.402827,0.686946,0.112964,-0.18391,-0.013747,0.316165,0.26066,0.579504,0.772155,-0.746448,-0.386113,0.541909,0.611842,-0.718331,0.330927,0.000119,0.002454,0.002499,-0.0,0.0,0.0,-1.402524,0.035511,0.037613,-0.023049,-0.408048,-0.460002,0.788602,0.678808,0.424754,0.599001,-0.610504,0.779731,0.138933,-0.007184,0.001264,0.001854,-0.000199,0.000283,-0.004754,-0.958477,0.064574,0.034529,-0.061876,0.107527,0.120857,-0.986828,0.671169,0.723446,0.161732,0.733464,-0.679719,-0.003325,-0.000282,-0.001476,-0.001427,-0.266713,-1.391063,2.369553,-0.053088
155,0.126335,-0.007037,0.325365,-0.079452,-0.110734,-0.990692,-0.764788,-0.63064,0.131771,-0.639271,0.768276,-0.033349,-0.000426,-0.002175,-0.002104,-0.000529,0.014932,-0.024644,0.113543,-0.184123,-0.013665,0.316267,0.261486,0.581599,0.770298,-0.745847,-0.384662,0.543767,0.612221,-0.717418,0.332204,-0.014428,0.001162,0.002304,-0.002045,0.015205,-0.029245,-1.402393,0.03541,0.037656,-0.022997,-0.408723,-0.462315,0.786898,0.67784,0.423571,0.600932,-0.611127,0.779006,0.140252,3.8e-05,0.000769,0.000787,-8.5e-05,0.000511,-0.000853,-0.959457,0.064661,0.034481,-0.061942,0.103335,0.119604,-0.987429,0.671775,0.723716,0.157963,0.733511,-0.679654,-0.005562,-0.000189,-0.00097,-0.000941,-0.000401,0.015702,-0.025924,-0.070234
156,0.126572,-0.007059,0.325362,-0.079045,-0.110627,-0.990736,-0.764826,-0.630673,0.13139,-0.639276,0.768264,-0.033525,0.014519,-0.000122,0.000138,0.000984,-0.014715,0.029553,0.1685,-0.184187,-0.013662,0.31629,0.26371,0.580321,0.770504,-0.74463,-0.38515,0.545087,0.612744,-0.71819,0.329561,-5.2e-05,-0.001045,-0.001062,-0.011476,0.016571,0.010985,-1.402456,0.035373,0.03766,-0.022982,-0.411108,-0.460799,0.786545,0.676295,0.424376,0.602104,-0.61124,0.779467,0.137172,-3.5e-05,-0.000687,-0.000696,0.005198,0.011688,-0.02779,-0.959457,0.064773,0.034467,-0.061946,0.102983,0.119457,-0.987483,0.67182,0.723749,0.157616,0.733519,-0.679643,-0.00572,0.0002,0.001028,0.000991,7e-06,2.2e-05,-4e-05,-0.033167
157,0.127085,-0.006971,0.325526,-0.081213,-0.110868,-0.990534,-0.764562,-0.630611,0.133215,-0.639318,0.768281,-0.032318,0.0155,0.005001,0.005075,0.003686,-0.018361,0.034988,0.218433,-0.184322,-0.013653,0.316236,0.260193,0.581758,0.770616,-0.742454,-0.38956,0.544922,0.616878,-0.714639,0.329571,-0.000782,0.009142,-0.010188,0.036407,-0.011637,0.017615,-1.402646,0.035306,0.03766,-0.023006,-0.407496,-0.462439,0.787462,0.674608,0.428762,0.600888,-0.615508,0.776087,0.137246,-0.00731,-0.001377,-0.000838,-0.003009,0.029379,-0.05352,-0.95864,0.065029,0.034506,-0.061869,0.105168,0.119997,-0.987188,0.671484,0.723649,0.159498,0.733517,-0.679655,-0.004471,0.007757,0.00254,0.002568,0.008719,0.007838,-0.009695,0.042763
158,0.127444,-0.006881,0.325661,-0.083651,-0.108226,-0.990623,-0.764181,-0.63103,0.133416,-0.639457,0.768309,-0.028684,0.015783,0.006547,0.006551,0.037113,0.233355,0.212604,0.229423,-0.184438,-0.013669,0.316125,0.262331,0.580302,0.770989,-0.741415,-0.390042,0.54599,0.617219,-0.715557,0.326928,-0.0147,-0.004245,-0.003204,-0.020703,0.042198,-0.011342,-1.402508,0.035253,0.037658,-0.023063,-0.409829,-0.460793,0.787215,0.673264,0.429467,0.601892,-0.615431,0.776677,0.134227,-0.000125,-0.00254,-0.002582,-0.01556,0.128061,-0.188525,-0.957171,0.065203,0.034548,-0.061804,0.107569,0.119117,-0.987035,0.671077,0.723809,0.160486,0.733542,-0.67964,-0.002078,0.015038,0.002661,0.002798,0.077309,0.481449,0.409261,0.069706
159,0.128245,-0.006658,0.325972,-0.087631,-0.105147,-0.990611,-0.767314,-0.627012,0.134377,-0.635154,0.772015,-0.024501,0.030235,0.006466,0.006658,-0.488619,0.034547,0.078835,0.256628,-0.184878,-0.013637,0.315737,0.261876,0.579472,0.771767,-0.742157,-0.390141,0.544911,0.616521,-0.716175,0.326893,-0.015467,0.005354,-0.012944,0.032613,0.01857,-0.036169,-1.402641,0.035033,0.037668,-0.023256,-0.409216,-0.459987,0.788006,0.674339,0.429315,0.600794,-0.61466,0.777238,0.134506,-0.014973,0.002689,-0.005894,0.033074,0.017831,-0.041529,-0.958314,0.065605,0.034666,-0.061643,0.112288,0.114861,-0.987014,0.674246,0.720834,0.16059,0.729919,-0.683523,0.003496,0.008045,0.0042,0.004143,-1.662074,0.172468,0.000993,0.10514
160,0.129007,-0.006403,0.32631,-0.088379,-0.102174,-0.990856,-0.76711,-0.627538,0.133078,-0.635295,0.771983,-0.021683,0.015855,0.007323,0.007216,0.001688,-0.028399,0.054948,0.300541,-0.18569,-0.013411,0.315208,0.260347,0.576224,0.774711,-0.744002,-0.391526,0.54139,0.614945,-0.718035,0.325778,-0.015533,0.004245,-0.014098,0.032072,0.030647,-0.054998,-1.402254,0.034621,0.037783,-0.023525,-0.407909,-0.45637,0.790781,0.676822,0.430169,0.597382,-0.612797,0.778896,0.133412,-0.007762,0.002052,-0.00711,0.033,0.028297,-0.049938,-0.95864,0.065992,0.034797,-0.06147,0.113387,0.112138,-0.987201,0.674426,0.72094,0.159355,0.729583,-0.683864,0.006116,0.007929,0.003696,0.003628,-0.000286,-0.041615,0.047478,0.163435
161,0.129365,-0.006305,0.326451,-0.088502,-0.100909,-0.990974,-0.774606,-0.618471,0.132102,-0.626117,0.779431,-0.022195,0.029821,0.004681,0.004875,0.000774,-0.029248,0.059092,0.311358,-0.186192,-0.013275,0.3149,0.258903,0.576094,0.775292,-0.741132,-0.396117,0.541986,0.619006,-0.715615,0.323404,-0.030013,0.004613,-0.01264,-0.010619,0.006299,-0.047468,-1.402468,0.034381,0.037847,-0.023677,-0.406838,-0.45616,0.791454,0.673978,0.434948,0.597137,-0.616632,0.776361,0.130488,-0.015358,0.007275,-0.01099,-0.039784,-0.068728,-0.101753,-0.95815,0.066166,0.034849,-0.061396,0.113633,0.111018,-0.9873,0.683082,0.712873,0.158778,0.721447,-0.692449,0.005171,0.007936,0.003768,0.003687,-0.002184,-0.030106,0.053173,0.189071
162,0.130141,-0.006039,0.326586,-0.087138,-0.100627,-0.991124,-0.774541,-0.618815,0.13087,-0.626391,0.779194,-0.022783,0.015117,0.003594,0.003612,0.001534,-0.029639,0.054201,0.308885,-0.186983,-0.012876,0.31456,0.248214,0.58002,0.77586,-0.735069,-0.408733,0.540874,0.630516,-0.705268,0.323899,-0.01495,0.014365,-0.003757,0.034066,0.003097,-0.0119,-1.402521,0.03398,0.038029,-0.023864,-0.396338,-0.46052,0.794251,0.669062,0.447532,0.593354,-0.628705,0.766574,0.130743,-0.007427,0.007874,-0.001148,0.048292,-0.118515,0.184355,-0.955374,0.066565,0.034986,-0.061325,0.112276,0.110561,-0.987506,0.683015,0.713219,0.157508,0.721723,-0.692166,0.004562,0.007521,0.001603,0.001609,0.001859,-0.029706,0.054187,0.209973
163,0.130595,-0.005891,0.326394,-0.084744,-0.099136,-0.991482,-0.781843,-0.610216,0.127786,-0.617589,0.786134,-0.024562,0.013644,-0.004428,-0.004038,0.000984,-0.014715,0.029553,0.302431,-0.187406,-0.01237,0.314832,0.233413,0.590919,0.77222,-0.725742,-0.422544,0.542852,0.646776,-0.68786,0.32923,0.000633,0.010678,0.010898,-4.276921,-2.912078,-1.964715,-1.402652,0.033768,0.038281,-0.023737,-0.385106,-0.471082,0.793582,0.662635,0.457372,0.593063,-0.642344,0.754249,0.136018,0.000324,0.005453,0.005583,-0.019621,0.102047,-0.140181,-0.955374,0.066788,0.035068,-0.061413,0.110096,0.108773,-0.98795,0.691491,0.705615,0.154747,0.713945,-0.700196,0.002469,-0.000165,0.003466,-0.006111,0.035529,0.001541,-0.010384,0.204747
164,0.130499,-0.005825,0.325949,-0.079256,-0.098569,-0.991992,-0.781974,-0.611004,0.123135,-0.618158,0.785593,-0.027418,-0.001003,0.003278,-0.015701,-0.207905,-1.402948,2.361279,0.315741,-0.18752,-0.012196,0.315445,0.224965,0.59756,0.769614,-0.720699,-0.429381,0.544205,0.65536,-0.677814,0.33307,0.001306,8.2e-05,0.019548,-0.034393,-0.003588,0.006748,-1.402512,0.033706,0.038384,-0.023422,-0.373424,-0.479748,0.793975,0.655667,0.468975,0.591745,-0.656243,0.741555,0.139428,0.00067,0.000431,0.010183,-0.037803,-0.010705,0.035595,-0.956028,0.066745,0.035097,-0.061634,0.107579,0.108239,-0.988286,0.691252,0.706316,0.152602,0.714561,-0.699572,0.001164,-0.007634,0.002129,-0.007478,0.034074,0.014279,-0.037655,0.208503
165,0.130348,-0.005782,0.325649,-0.079562,-0.098712,-0.991953,-0.781566,-0.611456,0.123482,-0.618634,0.785223,-0.027266,-0.001326,0.001526,-0.017389,0.034663,-0.000671,-0.007667,0.323423,-0.18747,-0.012207,0.315869,0.218477,0.601991,0.768027,-0.714606,-0.437135,0.546063,0.664172,-0.668873,0.33369,0.001389,0.001526,0.020987,-0.067306,-0.042762,0.016542,-1.40231,0.033731,0.038377,-0.02321,-0.367118,-0.484547,0.794,0.649822,0.477161,0.591648,-0.665548,0.733164,0.139695,0.000992,-0.005022,0.014362,-0.198555,0.032846,-0.229336,-0.945903,0.066669,0.035118,-0.061791,0.105027,0.107681,-0.988621,0.691208,0.706826,0.150418,0.714981,-0.699142,-0.000194,-0.000704,0.000494,-0.00895,0.035092,0.000162,-0.009103,0.21879
166,0.129842,-0.005625,0.324718,-0.061771,-0.102701,-0.992816,-0.782563,-0.612395,0.111985,-0.619427,0.783984,-0.041306,-0.01625,0.007912,-0.03039,0.058359,-0.196645,0.06795,0.326871,-0.187225,-0.01239,0.316762,0.218137,0.604643,0.766038,-0.708888,-0.441183,0.550244,0.670379,-0.663801,0.331395,0.001869,-0.012253,0.026424,-0.181185,0.170561,0.097057,-1.402565,0.033848,0.038298,-0.022765,-0.366004,-0.487722,0.79257,0.644183,0.481861,0.594001,-0.671616,0.727967,0.137819,0.000619,-0.000259,0.009438,-0.246587,0.280122,0.232388,-0.926635,0.066429,0.035194,-0.062231,0.086817,0.109518,-0.990185,0.692623,0.707777,0.13901,0.716055,-0.697894,-0.014407,-0.008134,0.003825,-0.015313,0.04553,-0.154103,-0.072061,0.23218
167,0.129225,-0.005478,0.323533,-0.040441,-0.106362,-0.993527,-0.783234,-0.614001,0.09756,-0.620362,0.782242,-0.057239,-0.016922,0.004505,-0.033788,0.066661,-0.107428,0.106677,0.332159,-0.186863,-0.012636,0.317275,0.21826,0.60472,0.765943,-0.707903,-0.442014,0.550846,0.67138,-0.663177,0.330619,0.000783,-0.008758,0.010555,-0.036423,0.011871,-0.017487,-1.402598,0.034035,0.038182,-0.022487,-0.366823,-0.48756,0.792291,0.642754,0.482864,0.594734,-0.672538,0.727411,0.136255,0.007276,0.001128,0.000592,0.00625,-0.032014,0.05228,-0.927942,0.066107,0.03527,-0.062849,0.065113,0.110658,-0.991722,0.693575,0.709508,0.124706,0.717435,-0.695954,-0.030552,-0.008476,0.002071,-0.017057,0.072535,-0.060132,0.121153,0.239202
168,0.128862,-0.005382,0.322853,-0.037632,-0.109242,-0.993325,-0.782544,-0.614935,0.097221,-0.621412,0.781114,-0.061108,-0.016885,0.004829,-0.033542,0.070616,-0.101521,0.117947,0.342736,-0.186691,-0.012779,0.31738,0.21767,0.602729,0.767678,-0.708039,-0.443726,0.549293,0.671429,-0.663844,0.329177,0.015107,-0.010915,0.007305,-0.034401,-0.002308,0.010025,-1.402556,0.034116,0.03811,-0.022434,-0.366342,-0.485312,0.793892,0.643267,0.484382,0.592943,-0.672309,0.727905,0.134736,-1.9e-05,-0.000216,-0.000225,0.001664,0.000758,0.000321,-0.930064,0.065938,0.035311,-0.063168,0.062303,0.113161,-0.99162,0.692831,0.710255,0.124582,0.718402,-0.694788,-0.034151,-0.008529,0.001841,-0.017315,0.070353,0.050893,-0.058132,0.246876
169,0.128093,-0.005182,0.321509,-0.035512,-0.11541,-0.992706,-0.781098,-0.616399,0.09955,-0.623356,0.779078,-0.067021,-0.017183,0.003525,-0.034956,0.059965,-0.190784,0.062778,0.367095,-0.186493,-0.012815,0.317417,0.208643,0.603666,0.769446,-0.708291,-0.449119,0.544564,0.674035,-0.659346,0.332871,0.013852,0.012198,-0.008175,0.3313,-0.457189,-0.237813,-1.402619,0.03422,0.03808,-0.022422,-0.359707,-0.485713,0.796676,0.643301,0.489357,0.588805,-0.67585,0.724301,0.136435,0.006921,0.006061,-0.004129,0.325679,-0.449885,-0.231455,-0.930554,0.065541,0.035413,-0.063866,0.059214,0.118833,-0.991146,0.691036,0.711645,0.126607,0.720389,-0.692415,-0.039979,-0.008593,0.001633,-0.017591,0.061716,-0.175445,0.072281,0.278718
170,0.127365,-0.00529,0.320145,-0.033293,-0.124388,-0.991697,-0.780353,-0.616692,0.103496,-0.624413,0.777474,-0.075301,-0.017963,-0.000179,-0.0388,0.049494,-0.122778,-0.163293,0.386422,-0.186435,-0.012731,0.317482,0.205134,0.605069,0.769287,-0.705603,-0.453147,0.544717,0.677923,-0.655288,0.332988,8e-05,0.001438,0.001447,3.8e-05,-0.00011,-7.2e-05,-1.40252,0.034249,0.038121,-0.02239,-0.354331,-0.487983,0.797697,0.642106,0.493181,0.586917,-0.679814,0.72017,0.138588,4e-05,0.000711,0.000716,-0.002192,0.002999,0.004088,-0.931697,0.065184,0.035362,-0.064531,0.055737,0.12747,-0.990274,0.690147,0.71181,0.13047,0.721518,-0.690707,-0.048299,-0.009221,-0.005783,-0.01543,0.016206,-0.223993,-0.021772,0.306641
171,0.126773,-0.005402,0.318872,-0.030258,-0.133214,-0.990648,-0.779768,-0.616883,0.106716,-0.6253,0.77587,-0.083977,-0.017553,-0.006446,-0.025989,0.024029,-0.045496,-0.108295,0.401629,-0.186485,-0.012693,0.317554,0.20826,0.606512,0.767308,-0.703802,-0.451713,0.548226,0.678836,-0.654946,0.331799,6.4e-05,0.001138,0.001144,-0.001898,0.002786,0.001843,-1.402478,0.034229,0.03814,-0.022355,-0.357435,-0.489517,0.795369,0.639571,0.492302,0.590412,-0.680579,0.719729,0.137115,4.3e-05,0.000807,0.000812,0.010557,-0.01052,-0.009502,-0.932677,0.064886,0.035297,-0.065183,0.05152,0.136072,-0.989357,0.689408,0.711905,0.133813,0.722538,-0.688966,-0.057132,-0.008519,0.002324,-0.01708,0.061467,-0.016834,-0.098058,0.330971
172,0.126487,-0.005371,0.318306,-0.030764,-0.136408,-0.990198,-0.779233,-0.61713,0.109171,-0.625943,0.775122,-0.086076,-0.016945,-0.003232,-0.022839,0.030258,0.005503,-0.076516,0.407388,-0.186527,-0.012669,0.317581,0.210707,0.605741,0.76725,-0.702513,-0.45182,0.549789,0.679412,-0.655585,0.329347,5.5e-05,0.000975,0.00098,-0.025584,0.037558,0.024846,-1.402588,0.034208,0.038152,-0.022341,-0.359877,-0.488627,0.794814,0.637999,0.492706,0.591775,-0.680767,0.720057,0.13443,3.7e-05,0.000683,0.000689,-0.01733,0.031882,0.019878,-0.931207,0.064742,0.035307,-0.065458,0.051594,0.13928,-0.988907,0.68879,0.712047,0.136223,0.723122,-0.688178,-0.059197,-0.008387,-0.00128,-0.011073,0.033871,0.041837,-0.053928,0.340768
173,0.126132,-0.005367,0.317493,-0.031468,-0.142622,-0.9893,-0.778589,-0.617128,0.11368,-0.626707,0.774011,-0.090392,-0.002268,-0.011427,-0.011501,-0.01286,-0.083384,-0.086322,0.414096,-0.186627,-0.012642,0.317557,0.210682,0.605724,0.76727,-0.702591,-0.451774,0.549727,0.67934,-0.655632,0.329403,-0.014499,-0.001079,-6e-06,-0.002051,0.015215,-0.029239,-1.402468,0.034153,0.038168,-0.02235,-0.359623,-0.488656,0.794912,0.638288,0.492579,0.591568,-0.68063,0.720125,0.134761,-0.007254,-0.000636,-9.9e-05,-0.001034,0.014189,-0.029995,-0.927288,0.064558,0.03531,-0.065885,0.051579,0.145313,-0.988039,0.687902,0.712048,0.140632,0.723968,-0.686928,-0.063235,-0.001077,-0.005502,-0.005533,-0.011138,-0.067093,-0.076096,0.355791
174,0.125931,-0.005579,0.317087,-0.033181,-0.14289,-0.989205,-0.778348,-0.61715,0.115202,-0.626916,0.773945,-0.089509,-0.000983,-0.004936,-0.004985,-3e-06,-2.1e-05,-1.3e-05,0.412249,-0.186719,-0.012699,0.317464,0.210599,0.605525,0.76745,-0.702685,-0.451884,0.549516,0.679268,-0.655741,0.329335,-0.000136,-0.002406,-0.002422,-0.0,0.0,0.0,-1.402237,0.034107,0.03814,-0.022396,-0.359546,-0.48844,0.795079,0.638429,0.492651,0.591356,-0.680539,0.720222,0.134704,-8.2e-05,-0.00146,-0.001468,-0.001671,0.015054,-0.024537,-0.925329,0.064457,0.035199,-0.066092,0.053299,0.145565,-0.987911,0.687595,0.712069,0.142017,0.724134,-0.686853,-0.062137,-0.000418,-0.002143,-0.002162,0.000308,0.001946,0.00124,0.36118
175,0.125856,-0.005687,0.317122,-0.037252,-0.143367,-0.988991,-0.778146,-0.616749,0.118662,-0.626933,0.774178,-0.087354,0.000164,0.00082,0.000828,0.001383,-0.011909,0.018694,0.412884,-0.186755,-0.012755,0.31741,0.210601,0.605548,0.767431,-0.702682,-0.45187,0.549533,0.679271,-0.65573,0.329351,-0.000213,-0.003753,-0.003779,-0.001737,0.015028,-0.024526,-1.402192,0.034089,0.038116,-0.02242,-0.359551,-0.488482,0.795051,0.638417,0.492628,0.591388,-0.680547,0.720209,0.134731,-9.9e-05,-0.001801,-0.001809,-0.001703,0.015079,-0.024556,-0.925655,0.064419,0.035144,-0.066083,0.057327,0.146562,-0.987538,0.687282,0.711665,0.145516,0.724124,-0.687059,-0.059932,3.4e-05,0.000155,0.000161,0.010333,0.038499,-0.062837,0.3602
176,0.125907,-0.005761,0.317542,-0.057067,-0.145767,-0.987695,-0.776106,-0.615811,0.135672,-0.627947,0.774479,-0.076759,0.001089,-0.003196,0.016151,-0.02836,-0.093465,0.157104,0.424039,-0.186855,-0.012899,0.317198,0.21047,0.605213,0.767731,-0.702837,-0.452049,0.549186,0.679151,-0.655915,0.329231,-0.000299,-0.005217,-0.005263,0.010245,-0.088706,0.144727,-1.402341,0.034039,0.038041,-0.022528,-0.359419,-0.487997,0.795409,0.638674,0.49282,0.59095,-0.680376,0.720407,0.134542,-0.000137,-0.002445,-0.002465,2.1e-05,3.2e-05,2.1e-05,-0.926635,0.064444,0.035107,-0.065872,0.076874,0.151556,-0.985454,0.68468,0.710457,0.162675,0.724778,-0.687227,-0.049152,0.000625,-0.001181,0.008497,-0.026312,0.031679,-0.04318,0.367711
177,0.12614,-0.005674,0.318214,-0.074296,-0.144894,-0.986677,-0.773904,-0.615593,0.148621,-0.628842,0.774815,-0.065169,0.002118,0.002018,0.021349,-0.033534,-0.009656,0.034454,0.443236,-0.18687,-0.012978,0.316943,0.209727,0.602831,0.769806,-0.703568,-0.453555,0.547006,0.678626,-0.657066,0.328015,-0.000265,-0.004618,-0.004667,-0.001736,0.015039,-0.02452,-1.402442,0.034031,0.037999,-0.022657,-0.358882,-0.485505,0.797175,0.639775,0.493923,0.588836,-0.679626,0.721335,0.133354,-0.000111,-0.002013,-0.002032,6.8e-05,-0.000182,0.000392,-0.926309,0.064561,0.035153,-0.065535,0.093911,0.152643,-0.983809,0.682026,0.710015,0.175266,0.725273,-0.687443,-0.037429,0.0013,0.006603,0.006623,-0.003328,-0.052898,0.050797,0.390735
178,0.126454,-0.005382,0.318814,-0.079068,-0.145437,-0.986226,-0.77314,-0.615555,0.152705,-0.629196,0.774744,-0.062544,0.002273,0.011533,0.011513,0.000472,-0.015297,0.02442,0.447983,-0.186854,-0.013048,0.316681,0.211356,0.599413,0.772026,-0.703073,-0.455338,0.546159,0.678631,-0.658954,0.324195,-0.000255,-0.00444,-0.004496,-0.000607,0.000893,0.000592,-1.402287,0.034039,0.037962,-0.022791,-0.360708,-0.481708,0.798652,0.639465,0.495619,0.587745,-0.678949,0.722715,0.129261,-0.000125,-0.002261,-0.002289,0.006639,-0.007872,-0.005215,-0.928268,0.06472,0.035305,-0.065221,0.098381,0.153976,-0.983164,0.681163,0.709829,0.17933,0.725491,-0.687338,-0.035049,0.000932,0.000444,0.010075,-0.034714,-0.016521,0.034581,0.408534
179,0.126586,-0.005216,0.318996,-0.07808,-0.145301,-0.986325,-0.773211,-0.615676,0.151854,-0.629231,0.774674,-0.063048,0.001616,0.00822,0.00819,0.000473,-0.015298,0.02442,0.444204,-0.18683,-0.013061,0.316549,0.213831,0.598696,0.7719,-0.701913,-0.45527,0.547705,0.679052,-0.659652,0.321885,-0.000875,0.007179,-0.012169,-0.006844,0.064333,0.033518,-1.402253,0.034052,0.037953,-0.022852,-0.363119,-0.480921,0.798034,0.638011,0.495856,0.589124,-0.679033,0.723077,0.126778,-0.0001,-0.001827,-0.001852,-0.053092,0.093054,0.026817,-0.928595,0.064782,0.035393,-0.065125,0.097442,0.153726,-0.983297,0.681254,0.70995,0.178502,0.725532,-0.687269,-0.035547,0.000768,0.003942,0.003924,0.000351,-0.01555,0.024758,0.409514
180,0.12666,-0.005127,0.319114,-0.072552,-0.144575,-0.986854,-0.774107,-0.615713,0.14706,-0.628798,0.774779,-0.066016,4.2e-05,0.000216,0.000215,-7e-06,-2.8e-05,4.6e-05,0.440574,-0.186652,-0.012998,0.316438,0.213228,0.596639,0.773658,-0.702555,-0.456516,0.545842,0.678579,-0.660653,0.32083,5.8e-05,0.001022,0.001036,-1e-05,1.5e-05,1e-05,-1.402474,0.03414,0.037981,-0.022919,-0.362558,-0.478687,0.799631,0.639133,0.496746,0.587156,-0.678277,0.723948,0.125846,4.5e-05,0.000727,0.000735,0.001156,-0.001825,-0.00012,-0.928758,0.064827,0.035449,-0.065055,0.091953,0.15226,-0.984053,0.682342,0.710113,0.173634,0.725226,-0.687427,-0.038597,-4.8e-05,-0.000221,-0.00022,0.000756,0.003235,-0.005337,0.405105
181,0.126527,-0.005213,0.31894,-0.073498,-0.144726,-0.986762,-0.77396,-0.615698,0.147897,-0.628868,0.774763,-0.065531,-0.015329,-0.003783,-0.004069,-0.000984,0.014715,-0.029553,0.43747,-0.186354,-0.012952,0.316506,0.21352,0.597361,0.77302,-0.702355,-0.456,0.54653,0.678693,-0.660357,0.321196,0.014544,0.001457,0.000389,0.002045,-0.015205,0.029245,-1.402267,0.034284,0.038008,-0.02288,-0.362773,-0.479469,0.799065,0.638814,0.496342,0.587844,-0.678462,0.723708,0.126232,0.007283,0.000923,0.000387,0.001993,-0.015319,0.029234,-0.925492,0.064765,0.035406,-0.065142,0.0929,0.152539,-0.983921,0.682157,0.71008,0.174492,0.72528,-0.687399,-0.038089,-0.000431,0.002135,-0.007497,0.034634,-0.000773,-0.007828,0.402656
182,0.126403,-0.005337,0.318801,-0.074189,-0.144829,-0.986695,-0.773908,-0.615619,0.148498,-0.628851,0.774807,-0.065183,-0.015744,-0.005841,-0.006133,-0.001456,0.030015,-0.053972,0.429974,-0.186188,-0.012972,0.316532,0.213632,0.597608,0.772798,-0.702232,-0.455868,0.546798,0.678786,-0.660225,0.321273,5e-06,9.7e-05,9.8e-05,-0.0,0.0,0.0,-1.401919,0.034372,0.038002,-0.022864,-0.36287,-0.479759,0.798846,0.638636,0.496242,0.588122,-0.678578,0.723584,0.12632,0.0,8e-06,2e-06,-5.1e-05,-7.1e-05,1.1e-05,-0.924676,0.064703,0.035343,-0.065212,0.093549,0.152724,-0.983831,0.682093,0.709998,0.175074,0.725256,-0.687442,-0.037753,-0.00076,-0.003863,-0.003853,-0.000492,0.015312,-0.024425,0.398247
183,0.126202,-0.005655,0.318523,-0.07365,-0.148802,-0.986143,-0.766612,-0.623994,0.151357,-0.637786,0.767321,-0.066888,-0.001511,-0.007633,-0.007644,-0.000519,0.014907,-0.024664,0.406551,-0.185878,-0.013077,0.31643,0.214846,0.592593,0.776316,-0.701808,-0.458982,0.544734,0.678839,-0.66258,0.316274,0.013643,0.008147,-0.012283,0.038175,-0.026578,0.047052,-1.40215,0.034523,0.037948,-0.022908,-0.364349,-0.474195,0.80149,0.638668,0.49913,0.585637,-0.677754,0.725263,0.120996,-0.000107,-0.001988,-0.002021,0.003757,0.007643,-0.026113,-0.926145,0.064596,0.035182,-0.065353,0.092461,0.156692,-0.983309,0.673654,0.717375,0.177659,0.733239,-0.678837,-0.039227,-0.007889,-0.002982,-0.003138,-0.000645,0.037721,-0.049295,0.373263
184,0.125965,-0.005874,0.318343,-0.075177,-0.149023,-0.985995,-0.766583,-0.623712,0.152662,-0.637641,0.767508,-0.066121,-0.001016,-0.005111,-0.00513,-0.00047,0.015296,-0.024421,0.398255,-0.185582,-0.013178,0.316261,0.214251,0.590478,0.77809,-0.702309,-0.460379,0.542905,0.67851,-0.663496,0.315057,0.014344,-0.002394,-0.003531,0.002044,-0.015205,0.029245,-1.40205,0.03467,0.037898,-0.023,-0.36384,-0.471942,0.803051,0.639576,0.500197,0.583733,-0.677172,0.725998,0.119851,-8.2e-05,-0.001563,-0.001593,6.9e-05,-0.000412,0.000347,-0.926635,0.064476,0.035064,-0.065452,0.093987,0.157027,-0.983111,0.673614,0.717095,0.178936,0.733082,-0.679055,-0.038379,-0.007596,-0.001459,-0.001618,-0.001235,0.014917,-0.029482,0.350729
185,0.125682,-0.006167,0.318232,-0.073471,-0.148771,-0.986162,-0.767186,-0.623341,0.15114,-0.637117,0.767857,-0.067109,-0.001513,-0.016227,0.003033,-0.03513,0.01609,-0.016502,0.386247,-0.185368,-0.013208,0.316184,0.214441,0.590948,0.777681,-0.70225,-0.45998,0.543321,0.678511,-0.663355,0.31535,0.014479,9.7e-05,-0.001005,0.002045,-0.015205,0.029245,-1.402181,0.034777,0.037878,-0.023043,-0.363992,-0.472459,0.802677,0.639429,0.49986,0.584183,-0.677229,0.725893,0.120159,5e-06,5.8e-05,5.6e-05,-7.7e-05,-5.4e-05,-9e-06,-0.927778,0.064335,0.034923,-0.065509,0.092281,0.156544,-0.98335,0.674316,0.716818,0.177394,0.732653,-0.679459,-0.039412,-0.007744,-0.002153,-0.002321,-0.000873,0.033129,-0.059115,0.338646
186,0.125598,-0.006275,0.318151,-0.07022,-0.148858,-0.986385,-0.76393,-0.627822,0.149076,-0.641386,0.764181,-0.068403,-0.00094,-0.004698,-0.004731,-0.000362,0.01527,-0.024419,0.378477,-0.185324,-0.013181,0.316194,0.214491,0.591078,0.777568,-0.702242,-0.459863,0.54343,0.678504,-0.66332,0.315439,8.6e-05,0.001635,0.001661,0.001743,-0.015058,0.024508,-1.402048,0.034804,0.03789,-0.02304,-0.364034,-0.472604,0.802573,0.639395,0.499758,0.584307,-0.677238,0.725869,0.120252,1.8e-05,0.000322,0.000324,-5.5e-05,-5.8e-05,1.9e-05,-0.928595,0.064293,0.034866,-0.065546,0.08906,0.156214,-0.9837,0.6706,0.720836,0.175184,0.736453,-0.675271,-0.04056,-0.000462,-0.002329,-0.002342,0.001162,0.018305,-0.029349,0.329012
187,0.125466,-0.006369,0.318025,-0.066198,-0.149345,-0.98659,-0.756812,-0.636837,0.147128,-0.650196,0.756587,-0.06964,-0.000494,-0.002465,-0.002485,0.000107,-1.6e-05,8e-06,0.369733,-0.185302,-0.01316,0.316199,0.216973,0.59039,0.777402,-0.700941,-0.459917,0.54506,0.679055,-0.663895,0.313035,1e-06,1.5e-05,1.5e-05,-0.001616,0.002364,0.001569,-1.402014,0.034815,0.037906,-0.023032,-0.366569,-0.471812,0.801885,0.637762,0.500105,0.585793,-0.677411,0.726146,0.11758,2e-06,6e-06,6e-06,0.009493,-0.011081,-0.007789,-0.927942,0.064227,0.034815,-0.065612,0.085063,0.156198,-0.984056,0.662438,0.728877,0.172955,0.744271,-0.666587,-0.041472,-0.000175,-0.000874,-0.000882,0.000776,0.000616,-0.000965,0.31105
188,0.125438,-0.006481,0.31797,-0.06583,-0.149798,-0.986546,-0.753073,-0.641157,0.147551,-0.654559,0.752839,-0.069373,-0.000311,-0.00155,-0.001564,1e-05,-1e-06,1e-06,0.359361,-0.185367,-0.013163,0.316216,0.216965,0.590398,0.777398,-0.700924,-0.459935,0.545069,0.679076,-0.663876,0.31303,2e-06,4.1e-05,4.1e-05,-0.0,1e-06,0.0,-1.401712,0.034783,0.037905,-0.023023,-0.366417,-0.47187,0.80192,0.637847,0.500091,0.585713,-0.677413,0.726118,0.117739,-1e-06,1.3e-05,1.3e-05,0.000151,-0.000319,-0.000181,-0.928105,0.064213,0.034758,-0.065641,0.08467,0.156611,-0.984024,0.658157,0.732677,0.17324,0.748103,-0.662311,-0.041039,-0.000144,-0.000715,-0.000721,-0.000567,0.000219,-0.000111,0.297333
189,0.12548,-0.006492,0.31796,-0.065903,-0.149799,-0.986541,-0.753069,-0.641148,0.147606,-0.654556,0.752846,-0.069327,0.000502,0.011156,-0.008134,0.035103,-0.01619,0.016652,0.354575,-0.185432,-0.01317,0.316214,0.21695,0.590387,0.777411,-0.700928,-0.459949,0.545051,0.679076,-0.663876,0.313028,-3.4e-05,-0.000643,-0.000653,-0.0,0.0,0.0,-1.402109,0.03475,0.037903,-0.023023,-0.366401,-0.471858,0.801935,0.637855,0.500103,0.585694,-0.677414,0.726117,0.117739,-2.2e-05,-0.000372,-0.00038,-3.1e-05,-8.3e-05,-2.2e-05,-0.928431,0.064233,0.034751,-0.065647,0.084745,0.15662,-0.984016,0.65816,0.732662,0.173295,0.748092,-0.662326,-0.040992,0.000275,0.005689,-0.003956,0.034607,-0.016104,0.016634,0.289822
190,0.125636,-0.006373,0.317967,-0.066395,-0.149869,-0.986498,-0.752907,-0.64124,0.148036,-0.654693,0.752755,-0.069034,0.014636,-3.3e-05,0.000294,0.000984,-0.014715,0.029553,0.352126,-0.185522,-0.013226,0.316163,0.216878,0.590212,0.777564,-0.700964,-0.460086,0.54489,0.679062,-0.663937,0.31293,-8.5e-05,-0.001596,-0.001622,-0.0,0.0,0.0,-1.40175,0.034705,0.037875,-0.023048,-0.36634,-0.471669,0.802073,0.637922,0.500216,0.585524,-0.677383,0.726162,0.117639,-0.007297,-0.001111,-0.000576,-0.002085,0.015172,-0.02925,-0.928921,0.064312,0.034813,-0.065641,0.085224,0.156751,-0.983953,0.657983,0.73272,0.173719,0.748194,-0.66223,-0.040694,0.007334,5.9e-05,0.000223,0.000649,-0.014647,0.029547,0.281167
191,0.125728,-0.006313,0.317942,-0.066329,-0.149862,-0.986503,-0.752806,-0.641368,0.147994,-0.654816,0.752646,-0.069047,-0.000577,-0.011546,0.00774,-0.035106,0.016182,-0.016655,0.342407,-0.185524,-0.013249,0.316125,0.216927,0.590364,0.777435,-0.700952,-0.459957,0.545013,0.679058,-0.663891,0.313036,-6e-06,-0.000108,-0.000109,-0.0,0.0,0.0,-1.401895,0.034704,0.03786,-0.02307,-0.366378,-0.471835,0.801959,0.637884,0.500106,0.585659,-0.677399,0.72613,0.117748,-2e-06,-2.7e-05,-2.7e-05,-2.7e-05,-2.4e-05,-2e-05,-0.928595,0.064359,0.034851,-0.065653,0.085145,0.156734,-0.983963,0.657857,0.732847,0.17366,0.748313,-0.662094,-0.04071,-5e-05,-0.000252,-0.000257,-0.00023,4.5e-05,-6e-06,0.273819
192,0.125733,-0.006372,0.31794,-0.06646,-0.149864,-0.986494,-0.752869,-0.641273,0.148086,-0.65473,0.752727,-0.06898,-0.000802,-0.012674,0.006602,-0.035106,0.016179,-0.016657,0.335276,-0.185503,-0.013226,0.316118,0.216954,0.590439,0.77737,-0.700973,-0.459865,0.545064,0.679028,-0.663888,0.313108,2.5e-05,0.000463,0.000471,-0.0,0.0,0.0,-1.40165,0.034715,0.037871,-0.023075,-0.366399,-0.471917,0.8019,0.637891,0.500022,0.585723,-0.677381,0.726134,0.117824,1.9e-05,0.000341,0.000346,-1.8e-05,-3e-05,3e-06,-0.928268,0.064361,0.034817,-0.06565,0.085292,0.156754,-0.983947,0.65795,0.732739,0.173767,0.748215,-0.662209,-0.040639,-0.000421,-0.006438,0.003198,-0.035295,0.016199,-0.016654,0.265655
193,0.125707,-0.006528,0.318088,-0.066067,-0.150258,-0.98646,-0.749399,-0.645247,0.148421,-0.658737,0.749244,-0.068746,-0.000192,-0.009621,0.009682,-0.035108,0.01617,-0.016663,0.315224,-0.185431,-0.013172,0.316064,0.216989,0.59052,0.777299,-0.701081,-0.459679,0.545082,0.678905,-0.663945,0.313253,-0.0,-6e-06,-6e-06,-0.0,0.0,0.0,-1.401592,0.034751,0.0379,-0.0231,-0.366428,-0.472006,0.801835,0.637984,0.499836,0.585781,-0.677278,0.726205,0.117978,1e-06,9e-06,8e-06,-1.6e-05,-1.3e-05,-3e-05,-0.927778,0.064347,0.034737,-0.065586,0.084834,0.157097,-0.983932,0.653963,0.736259,0.173937,0.751754,-0.658212,-0.040276,0.000195,0.00098,0.000988,0.000194,-0.015232,0.024426,0.241161
194,0.125726,-0.006648,0.318331,-0.066305,-0.150201,-0.986453,-0.749821,-0.644735,0.148516,-0.658233,0.749696,-0.068646,-4e-06,-0.00868,0.01063,-0.03511,0.016156,-0.016671,0.296897,-0.185436,-0.013159,0.31599,0.216303,0.588292,0.779177,-0.701666,-0.461134,0.543098,0.678522,-0.664911,0.312033,-0.000778,0.009064,-0.010263,0.036403,-0.011746,0.017553,-1.401742,0.034749,0.037907,-0.023129,-0.365883,-0.469529,0.803536,0.638941,0.501038,0.583707,-0.67667,0.726981,0.11668,-6.7e-05,-0.001301,-0.001322,-0.000923,0.013009,-0.020235,-0.926962,0.064356,0.034677,-0.065465,0.085078,0.157069,-0.983915,0.654449,0.735799,0.174051,0.751303,-0.658731,-0.040193,0.000358,0.00182,0.001834,0.000284,-0.015228,0.024444,0.216014
195,0.125777,-0.006627,0.318512,-0.065571,-0.150569,-0.986446,-0.746174,-0.648933,0.148597,-0.662438,0.74599,-0.068571,0.000569,0.002854,0.002871,0.0,-0.0,0.0,0.27773,-0.18548,-0.013225,0.315794,0.215514,0.58577,0.781293,-0.702358,-0.462745,0.540827,0.678057,-0.666015,0.310683,-0.000926,0.00629,-0.01309,0.03464,0.003644,-0.007457,-1.401667,0.034727,0.037876,-0.023225,-0.365268,-0.466781,0.805415,0.64006,0.502303,0.581389,-0.675944,0.727877,0.115293,-0.000119,-0.002312,-0.002354,0.001097,-0.00186,0.004428,-0.927615,0.064382,0.034686,-0.065369,0.084321,0.157344,-0.983936,0.650305,0.739481,0.173982,0.754978,-0.65453,-0.039968,0.000331,0.001675,0.001682,0.000202,-0.015188,0.024417,0.186622
196,0.125808,-0.006553,0.318529,-0.065598,-0.150583,-0.986442,-0.746103,-0.649007,0.148634,-0.662516,0.745923,-0.068548,0.000822,0.012786,-0.006498,0.035111,-0.016148,0.016676,0.273643,-0.185477,-0.01328,0.31565,0.214774,0.583372,0.783288,-0.702968,-0.464301,0.538696,0.677661,-0.667034,0.309361,-0.000297,-0.005555,-0.005663,-0.097451,1.497024,-2.354501,-1.401099,0.034728,0.03785,-0.023296,-0.365239,-0.466643,0.805508,0.640217,0.502258,0.581256,-0.675812,0.727998,0.115309,-0.000123,-0.002375,-0.002419,0.000113,-0.000421,0.000836,-0.928268,0.064398,0.034722,-0.065354,0.084365,0.157362,-0.98393,0.650247,0.739522,0.174027,0.755024,-0.654479,-0.039935,0.000178,0.000902,0.000905,-0.000222,5.2e-05,-3.6e-05,0.176008
197,0.125849,-0.006466,0.318385,-0.06552,-0.150619,-0.986441,-0.745828,-0.649325,0.148629,-0.662834,0.745639,-0.068564,-0.000567,-0.002844,-0.002862,0.0,0.0,0.0,0.252167,-0.185444,-0.013329,0.315479,0.214731,0.583234,0.783403,-0.703137,-0.464259,0.538512,0.677499,-0.667184,0.309391,0.014431,-0.001073,-0.002199,0.002045,-0.015205,0.029245,-1.401989,0.034744,0.037817,-0.023397,-0.364675,-0.464063,0.807252,0.641273,0.503412,0.579089,-0.675114,0.728849,0.11401,0.007225,-0.000411,-0.000972,0.002033,-0.01533,0.029436,-0.928758,0.06442,0.034776,-0.065423,0.084267,0.157387,-0.983935,0.64992,0.739816,0.173999,0.755316,-0.654141,-0.039947,-0.000111,0.00376,-0.005899,0.034483,-0.00087,-0.007768,0.153637
198,0.125924,-0.00656,0.318235,-0.06564,-0.150631,-0.986431,-0.745751,-0.649388,0.148734,-0.662907,0.745581,-0.068479,0.01397,-0.003371,-0.003074,0.000984,-0.014715,0.029553,0.220227,-0.185431,-0.013292,0.315516,0.214771,0.583348,0.783307,-0.703115,-0.464175,0.538613,0.67751,-0.667142,0.309458,7.6e-05,0.001419,0.001448,-0.0,0.0,0.0,-1.401478,0.03475,0.037835,-0.023379,-0.364706,-0.46419,0.807166,0.64123,0.503344,0.579196,-0.675139,0.728815,0.11408,5.8e-05,0.001073,0.001095,0.001709,-0.015103,0.02447,-0.927942,0.064451,0.034723,-0.065504,0.084407,0.157423,-0.983917,0.649834,0.739862,0.174122,0.755374,-0.654081,-0.039849,-0.000257,-0.001305,-0.001313,-9.8e-05,3.2e-05,5e-06,0.114938
199,0.125931,-0.006596,0.318228,-0.065115,-0.151068,-0.986399,-0.741912,-0.653702,0.149037,-0.667253,0.741713,-0.068285,-5.7e-05,-0.000286,-0.000289,0.0,-0.0,0.0,0.211125,-0.185419,-0.013261,0.315547,0.214805,0.583446,0.783225,-0.703096,-0.464104,0.538699,0.677519,-0.667107,0.309516,0.000126,0.002358,0.002405,0.001742,-0.015083,0.024492,-1.401559,0.034757,0.037851,-0.023363,-0.364728,-0.464279,0.807104,0.6412,0.503295,0.579273,-0.675156,0.728792,0.11413,3.9e-05,0.000742,0.000756,-2.5e-05,-2.5e-05,-6e-06,-0.928921,0.064459,0.0347,-0.065512,0.083806,0.157783,-0.98391,0.645452,0.743662,0.174234,0.759188,-0.649669,-0.039518,-1.5e-05,-7.7e-05,-7.7e-05,-0.000267,7.7e-05,-2.5e-05,0.094526
200,0.125941,-0.006606,0.318233,-0.064359,-0.151469,-0.986387,-0.738039,-0.658045,0.14915,-0.671607,0.737779,-0.06821,-0.0,-0.0,-0.0,0.0,-0.0,0.0,0.203348,-0.185416,-0.01322,0.315603,0.21488,0.583674,0.783035,-0.703035,-0.463957,0.538906,0.677558,-0.66701,0.309637,1e-05,0.000192,0.000195,0.0,0.0,0.0,-1.401808,0.034759,0.037878,-0.023328,-0.364791,-0.464545,0.806923,0.641093,0.503171,0.579498,-0.675223,0.728709,0.114264,3e-06,6e-05,6.2e-05,-2.2e-05,-3e-06,4e-06,-0.929574,0.064464,0.034697,-0.065508,0.083008,0.158087,-0.983929,0.641047,0.747476,0.174177,0.762998,-0.645203,-0.039295,8e-06,3.8e-05,3.8e-05,-0.000347,4.8e-05,6.1e-05,0.071829
201,0.12595,-0.006592,0.318189,-0.064476,-0.151501,-0.986375,-0.737964,-0.658105,0.149265,-0.67168,0.73772,-0.068142,-5e-06,-2.4e-05,-2.4e-05,0.0,0.0,0.0,0.202333,-0.185384,-0.013244,0.315576,0.214882,0.583663,0.783042,-0.703036,-0.463962,0.5389,0.677556,-0.667016,0.309628,-5.9e-05,-0.001114,-0.001136,0.0,0.0,0.0,-1.401887,0.034774,0.037866,-0.023341,-0.364793,-0.464533,0.806928,0.641095,0.503175,0.579492,-0.67522,0.728713,0.114255,-3.4e-05,-0.000641,-0.000654,-7e-06,-2e-05,1.8e-05,-0.929574,0.064463,0.034705,-0.065529,0.083143,0.158142,-0.983909,0.640966,0.747514,0.17431,0.763051,-0.645146,-0.039214,4e-06,1.1e-05,1e-05,-0.000235,5.2e-05,-5e-06,0.063828
202,0.126031,-0.006512,0.31814,-0.064404,-0.151504,-0.986379,-0.737807,-0.658288,0.14923,-0.671859,0.737556,-0.068156,-9.8e-05,-0.000492,-0.000495,0.0,0.0,0.0,0.202624,-0.185408,-0.013261,0.315546,0.214885,0.583686,0.783024,-0.70305,-0.46393,0.538909,0.677541,-0.667018,0.309658,-1e-05,-0.000187,-0.00019,0.0,0.0,0.0,-1.402,0.034762,0.037855,-0.023359,-0.364795,-0.464558,0.806913,0.641105,0.503144,0.579507,-0.675209,0.728718,0.114286,-7e-06,-0.000116,-0.000116,-8e-06,-9e-06,-1.1e-05,-0.929248,0.06451,0.034747,-0.065551,0.08305,0.158126,-0.98392,0.640796,0.747675,0.174247,0.763205,-0.644963,-0.039233,-7.9e-05,-0.000399,-0.000403,-0.000164,2e-05,-7e-06,0.063011
203,0.126048,-0.006522,0.318101,-0.06426,-0.151482,-0.986392,-0.737778,-0.658347,0.149113,-0.671905,0.737507,-0.068227,-0.000383,-0.00193,-0.001945,-0.000474,0.015279,-0.024432,0.202168,-0.185397,-0.013267,0.315539,0.214887,0.583688,0.783022,-0.70305,-0.463928,0.538912,0.677541,-0.667018,0.309658,-1e-06,-2.8e-05,-2.9e-05,0.0,0.0,0.0,-1.402019,0.034768,0.037852,-0.023363,-0.364797,-0.46456,0.806911,0.641104,0.503142,0.57951,-0.675209,0.728719,0.114286,1e-06,9e-06,1e-05,-1.7e-05,1e-06,-2.6e-05,-0.929574,0.064519,0.034744,-0.065568,0.08289,0.15808,-0.98394,0.640768,0.747731,0.17411,0.763246,-0.64491,-0.039313,0.007077,-0.001235,-0.001086,0.000851,-0.014694,0.029557,0.063011
204,0.126022,-0.00663,0.318065,-0.061587,-0.150961,-0.986642,-0.738288,-0.658305,0.146754,-0.671597,0.737651,-0.069681,-0.000325,-0.001635,-0.001649,-0.0,-0.0,0.0,0.200178,-0.185386,-0.013267,0.315538,0.214895,0.583705,0.783007,-0.703046,-0.463914,0.538929,0.677542,-0.667012,0.309668,-0.0,-0.0,-0.0,0.0,0.0,0.0,-1.401361,0.034773,0.037853,-0.023363,-0.364803,-0.46458,0.806897,0.641097,0.503131,0.579528,-0.675212,0.728714,0.114296,-0.0,8e-06,9e-06,5e-06,-2.4e-05,-3e-06,-0.928758,0.064505,0.034687,-0.06559,0.080337,0.157224,-0.984289,0.641373,0.747749,0.171789,0.763011,-0.645098,-0.040768,-0.00017,-0.000856,-0.000865,-4.1e-05,0.000179,-0.00028,0.062031
205,0.125991,-0.006678,0.318147,-0.061876,-0.150985,-0.986621,-0.738435,-0.658093,0.146967,-0.671409,0.737836,-0.069543,-0.014105,0.002719,0.00242,-0.000984,0.014715,-0.029553,0.191419,-0.185375,-0.013275,0.315544,0.214936,0.583822,0.782909,-0.703005,-0.463846,0.53904,0.677571,-0.666958,0.309722,-6.5e-05,-0.001231,-0.001255,-0.001742,0.015082,-0.024493,-1.40164,0.034779,0.037852,-0.023357,-0.36484,-0.464725,0.806797,0.64103,0.503072,0.579654,-0.675256,0.728663,0.114362,-0.0,-2e-06,-1e-06,2e-06,-8e-06,2.6e-05,-0.929901,0.064494,0.034658,-0.065554,0.0806,0.157276,-0.984259,0.64154,0.747559,0.171988,0.762842,-0.645304,-0.040646,-6.9e-05,-0.00468,0.004975,-0.035175,0.016147,-0.016673,0.055826
206,0.126005,-0.006686,0.318182,-0.061841,-0.150965,-0.986626,-0.73849,-0.658042,0.146922,-0.671352,0.737885,-0.069564,-0.000376,-0.010564,0.008732,-0.035114,0.016139,-0.016679,0.184475,-0.185353,-0.013275,0.315542,0.214951,0.583857,0.782878,-0.702998,-0.463818,0.539073,0.677574,-0.666946,0.309742,-1e-06,-1.8e-05,-1.8e-05,0.0,0.0,0.0,-1.401692,0.03479,0.037849,-0.023361,-0.364848,-0.464746,0.806781,0.641023,0.503058,0.579674,-0.675259,0.728659,0.114372,-0.0,-3e-06,-4e-06,-5e-06,6e-06,-1.8e-05,-0.930064,0.064496,0.034662,-0.065536,0.080573,0.15726,-0.984264,0.641583,0.74753,0.171956,0.76281,-0.645342,-0.040665,8.1e-05,0.000411,0.000413,-5.7e-05,-1e-05,1.1e-05,0.048152
