frame,MLTx,MLTy,MLTz,MLTR1,MLTR2,MLTR3,MLTR4,MLTR5,MLTR6,MLTR7,MLTR8,MLTR9,MLTTVx,MLTTVy,MLTTVz,MLTRVx,MLTRVy,MLTRVz,MLGA,MRTx,MRTy,MRTz,MRTR1,MRTR2,MRTR3,MRTR4,MRTR5,MRTR6,MRTR7,MRTR8,MRTR9,MRTTVx,MRTTVy,MRTTVz,MRTRVx,MRTRVy,MRTRVz,MRGA,SLTx,SLTy,SLTz,SLTR1,SLTR2,SLTR3,SLTR4,SLTR5,SLTR6,SLTR7,SLTR8,SLTR9,SLTTVx,SLTTVy,SLTTVz,SLTRVx,SLTRVy,SLTRVz,SLGA,SRTx,SRTy,SRTz,SRTR1,SRTR2,SRTR3,SRTR4,SRTR5,SRTR6,SRTR7,SRTR8,SRTR9,SRTTVx,SRTTVy,SRTTVz,SRTRVx,SRTRVy,SRTRVz,SRGA
342,0.163984,-0.056427,0.317149,-0.378332,0.194018,-0.905134,-0.228557,-0.967073,-0.11182,-0.89656,0.164322,0.411346,-7e-06,-8.2e-05,-0.000101,0.0,0.0,0.0,0.255618,-0.152314,-0.05577,0.287436,0.18467,-0.976363,0.112266,0.546905,0.196884,0.813674,-0.816763,-0.087627,0.570161,-6.1e-05,0.002217,0.003235,1e-06,-1e-06,-1e-06,-1.405432,0.049988,0.025982,-0.013974,-0.142705,0.984159,0.105191,-0.533055,-0.16597,0.829642,0.833958,0.062321,0.548295,-4e-05,0.001253,0.001828,-0.011084,0.083343,-0.148129,-0.956844,0.08473,0.022274,-0.047186,0.405922,-0.170929,-0.89778,0.152743,0.981224,-0.117754,0.901052,-0.089331,0.424409,-5e-06,-4.8e-05,-6e-05,-7e-06,-4e-06,-1.8e-05,0.139431
343,0.163996,-0.056427,0.317149,-0.378317,0.194038,-0.905136,-0.228565,-0.967068,-0.111841,-0.896564,0.164324,0.411336,-0.0,-0.0,-0.0,0.0,0.0,0.0,0.254991,-0.15213,-0.055717,0.287578,0.180828,-0.976956,0.113352,0.549392,0.195814,0.812256,-0.815947,-0.083367,0.571964,0.017197,-0.007773,0.010717,-0.013985,0.112295,0.093803,-1.405598,0.050074,0.026012,-0.013907,-0.139355,0.984547,0.106041,-0.535637,-0.165013,0.828167,0.832869,0.058611,0.550356,-2.3e-05,0.001237,0.00177,0.17674,1.343792,0.98837,-0.959457,0.084736,0.022274,-0.047187,0.405908,-0.170949,-0.897782,0.152752,0.981221,-0.117775,0.901057,-0.089332,0.424399,-2e-06,3e-06,4e-06,2e-06,-1.7e-05,-8e-06,0.138778
344,0.163996,-0.056421,0.317155,-0.378304,0.194055,-0.905138,-0.228572,-0.967065,-0.111859,-0.896568,0.164325,0.411327,1.6e-05,0.000185,0.000228,0.0,0.0,0.0,0.254382,-0.151962,-0.055633,0.287695,0.176993,-0.97752,0.114542,0.551941,0.194822,0.810765,-0.815062,-0.079043,0.573837,0.01611,0.002848,0.001879,0.331808,-0.242113,-0.121503,-1.405707,0.050164,0.026052,-0.013843,-0.133802,0.985186,0.107257,-0.537229,-0.163056,0.827524,0.832755,0.053103,0.551087,0.008051,0.001409,0.000919,0.492268,-0.265718,-0.137863,-0.961089,0.084737,0.022277,-0.047184,0.405897,-0.170967,-0.897784,0.152759,0.981218,-0.117792,0.901061,-0.089333,0.42439,8e-06,0.000119,0.000148,6e-06,-5e-06,1.9e-05,0.138125
345,0.163996,-0.056421,0.317155,-0.378304,0.194055,-0.905138,-0.228572,-0.967065,-0.111859,-0.896568,0.164325,0.411327,0.0,3e-06,3e-06,0.0,0.0,0.0,0.254261,-0.151902,-0.055607,0.287743,0.177047,-0.977433,0.11519,0.551784,0.195375,0.810739,-0.815157,-0.078742,0.573744,-3.2e-05,0.00109,0.001587,-0.00779,0.093261,-0.175594,-1.405793,0.050194,0.026065,-0.013818,-0.13499,0.984969,0.107764,-0.538134,-0.164201,0.826709,0.831978,0.053606,0.552211,-2.1e-05,0.000613,0.000893,-0.01566,-0.001335,-0.001069,-0.962559,0.084737,0.022277,-0.047183,0.405897,-0.170967,-0.897784,0.152758,0.981218,-0.117792,0.901061,-0.089333,0.42439,-1e-06,-3e-06,-4e-06,-4e-06,4e-06,5e-06,0.137962
346,0.163996,-0.056427,0.317149,-0.378317,0.194038,-0.905136,-0.228565,-0.967068,-0.111841,-0.896564,0.164324,0.411336,-0.0,-1e-06,-1e-06,0.0,0.0,0.0,0.254233,-0.151725,-0.055618,0.287903,0.173173,-0.978066,0.115711,0.554253,0.193778,0.809436,-0.814308,-0.074802,0.575474,-5.9e-05,0.001978,0.002877,0.066675,-0.058801,-0.004613,-1.405746,0.050283,0.026057,-0.013743,-0.130889,0.985458,0.108348,-0.540566,-0.162553,0.825447,0.831056,0.049473,0.553982,0.008602,-0.004232,0.004848,0.027789,-0.059323,-0.025332,-0.957007,0.084736,0.022274,-0.047187,0.405909,-0.170949,-0.897782,0.152752,0.981221,-0.117775,0.901057,-0.089332,0.424399,-0.0,3e-06,3e-06,0.0,-1.5e-05,-1e-05,0.137472
347,0.164008,-0.056422,0.317155,-0.378289,0.194075,-0.90514,-0.22858,-0.967061,-0.111879,-0.896573,0.164326,0.411317,8.2e-05,0.000941,0.00116,0.0,0.0,0.0,0.254261,-0.151542,-0.055701,0.288085,0.16927,-0.978737,0.115811,0.55665,0.191793,0.808263,-0.813488,-0.071111,0.5771,0.016117,0.002435,0.001264,0.035904,-0.03862,0.013723,-1.405646,0.050374,0.026017,-0.013648,-0.127117,0.985955,0.10832,-0.542985,-0.160561,0.824248,0.830064,0.04596,0.55577,0.008054,0.001213,0.000626,0.006085,-0.035798,0.015226,-0.95864,0.084742,0.022275,-0.047186,0.405883,-0.170988,-0.897786,0.152768,0.981214,-0.117812,0.901065,-0.089334,0.42438,4.6e-05,0.000543,0.00067,1.1e-05,-3.6e-05,4e-06,0.137472
348,0.164008,-0.056422,0.317155,-0.378289,0.194075,-0.90514,-0.22858,-0.967061,-0.111879,-0.896573,0.164326,0.411317,0.0,0.0,0.0,0.0,0.0,0.0,0.254574,-0.151359,-0.055774,0.288338,0.165346,-0.979426,0.115656,0.559024,0.18957,0.807149,-0.812662,-0.067566,0.578687,0.001019,-0.008319,0.01217,-0.032326,0.005784,-0.021114,-1.405327,0.050466,0.025982,-0.013529,-0.123255,0.986476,0.10804,-0.545223,-0.158282,0.823211,0.829179,0.042559,0.557359,-5.1e-05,0.001477,0.002147,-0.014522,-0.014174,0.024276,-0.959946,0.084742,0.022277,-0.047183,0.405883,-0.170988,-0.897786,0.152767,0.981214,-0.117812,0.901066,-0.089334,0.42438,0.0,-3e-06,-5e-06,-3e-06,1.2e-05,7e-06,0.137472
349,0.16402,-0.056428,0.317147,-0.378287,0.194077,-0.90514,-0.228581,-0.96706,-0.111881,-0.896573,0.164326,0.411316,-3.1e-05,-0.000355,-0.000437,0.0,0.0,0.0,0.255107,-0.15129,-0.055816,0.288486,0.167236,-0.979097,0.115725,0.560414,0.190857,0.805881,-0.811318,-0.06868,0.580438,0.001022,-0.008391,0.012063,-0.036207,0.096043,-0.198654,-1.405797,0.0505,0.025961,-0.013456,-0.125156,0.986236,0.108039,-0.546804,-0.159432,0.821939,0.827852,0.043795,0.559232,-4e-05,0.001097,0.001591,-0.014002,-0.008403,-0.005943,-0.95864,0.084748,0.022275,-0.047186,0.405882,-0.170991,-0.897786,0.152768,0.981213,-0.117815,0.901066,-0.089334,0.424379,-2.4e-05,-0.000279,-0.000346,-1.1e-05,1.8e-05,-1.2e-05,0.137635
350,0.16402,-0.056428,0.317147,-0.378287,0.194077,-0.90514,-0.228581,-0.96706,-0.111881,-0.896573,0.164326,0.411316,-0.0,-0.0,-0.0,0.0,0.0,0.0,0.255589,-0.151178,-0.055882,0.288777,0.157535,-0.980698,0.115784,0.563822,0.185466,0.804761,-0.810885,-0.060256,0.581977,0.01716,-0.006833,0.012036,-0.009915,-0.02346,-0.001131,-1.405612,0.05055,0.025929,-0.013309,-0.115352,0.987438,0.107976,-0.550002,-0.15401,0.82084,0.827158,0.035299,0.560858,-5.8e-05,0.001595,0.002318,0.001201,-0.030011,0.013186,-0.962559,0.084748,0.022274,-0.047187,0.405882,-0.170991,-0.897786,0.152769,0.981213,-0.117815,0.901066,-0.089335,0.424379,0.0,2e-06,4e-06,5e-06,-1.6e-05,-1e-06,0.137962
351,0.164032,-0.056422,0.317154,-0.378259,0.194114,-0.905144,-0.228595,-0.967052,-0.11192,-0.896581,0.164329,0.411297,1.4e-05,0.000157,0.000194,0.0,0.0,0.0,0.255135,-0.151131,-0.055893,0.289101,0.149662,-0.98196,0.115528,0.568972,0.180975,0.802155,-0.808766,-0.053078,0.585613,0.000963,-0.00652,0.014756,-0.005366,-0.025277,-0.007229,-1.405593,0.050579,0.025921,-0.013151,-0.107472,0.988378,0.107502,-0.555095,-0.149358,0.818267,0.824814,0.028267,0.564695,-6.9e-05,0.001926,0.002795,-0.000586,-0.03221,0.011429,-0.961743,0.084754,0.022276,-0.047184,0.405857,-0.171029,-0.89779,0.152784,0.981206,-0.117853,0.901075,-0.089336,0.42436,6e-06,8.4e-05,0.000105,8e-06,-9e-06,2.2e-05,0.138451
352,0.164044,-0.056423,0.317153,-0.378244,0.194134,-0.905146,-0.228603,-0.967048,-0.11194,-0.896586,0.16433,0.411287,0.0,2e-06,3e-06,0.0,0.0,0.0,0.255487,-0.151102,-0.055887,0.289287,0.147566,-0.98233,0.11508,0.573244,0.179647,0.799407,-0.806127,-0.050754,0.589446,0.000961,-0.006483,0.014802,0.429484,-0.32667,-0.206046,-1.405631,0.050594,0.025923,-0.013058,-0.103576,0.988843,0.107049,-0.55757,-0.146852,0.817036,0.823642,0.024938,0.56656,-8.3e-05,0.002313,0.00335,-0.021481,-0.016855,0.021933,-0.95815,0.08476,0.022276,-0.047184,0.405843,-0.17105,-0.897793,0.152792,0.981203,-0.117873,0.90108,-0.089337,0.42435,-1e-06,-3e-06,-3e-06,-3e-06,4e-06,3e-06,0.138125
353,0.164055,-0.056429,0.317146,-0.378242,0.194136,-0.905146,-0.228604,-0.967048,-0.111943,-0.896586,0.164331,0.411286,-1e-06,-8e-06,-1e-05,0.0,0.0,0.0,0.255869,-0.151078,-0.055905,0.289639,0.133824,-0.98436,0.11453,0.579354,0.171356,0.796819,-0.804137,-0.039035,0.593046,0.000981,-0.007109,0.013887,0.007356,-0.030857,-0.010629,-1.405692,0.050606,0.025918,-0.012877,-0.09162,0.990128,0.106073,-0.565284,-0.139408,0.81303,0.819792,0.014528,0.572476,-5.9e-05,0.001552,0.002252,0.006477,-0.017443,-0.012879,-0.957007,0.084766,0.022273,-0.047188,0.405842,-0.171053,-0.897793,0.152794,0.981202,-0.117876,0.90108,-0.089338,0.424349,0.0,-0.0,-2e-06,-1e-06,2e-06,-1e-05,0.138615
354,0.164091,-0.056424,0.317151,-0.378184,0.194212,-0.905154,-0.228634,-0.967031,-0.112021,-0.896603,0.164336,0.411247,2.2e-05,0.000256,0.000316,0.0,0.0,0.0,0.255746,-0.151044,-0.055912,0.289915,0.120045,-0.986198,0.113988,0.585434,0.162935,0.794137,-0.801887,-0.027353,0.596736,-0.000104,0.003251,0.004681,0.054114,-0.010996,0.030399,-1.405725,0.050623,0.02591,-0.012736,-0.077796,0.991405,0.105177,-0.570974,-0.130788,0.810483,0.817273,0.002999,0.576241,-5e-05,0.001302,0.00189,0.042465,0.085244,0.065124,-0.955048,0.084784,0.022275,-0.047186,0.40579,-0.171133,-0.897801,0.152826,0.981188,-0.117954,0.901098,-0.089342,0.42431,1.3e-05,0.000169,0.000208,6e-06,-1.2e-05,9e-06,0.138615
355,0.164103,-0.056438,0.31715,-0.378193,0.194202,-0.905152,-0.228653,-0.967029,-0.112,-0.896594,0.16436,0.411256,-7e-06,-8.2e-05,-0.000101,0.0,0.0,0.0,0.255712,-0.150995,-0.055841,0.290119,0.108071,-0.987682,0.113117,0.593327,0.155259,0.789804,-0.79776,-0.016991,0.602621,-0.000106,0.003275,0.004708,0.28901,-0.211351,-0.104679,-1.405215,0.050648,0.025945,-0.012635,-0.064777,0.992462,0.10403,-0.577746,-0.122299,0.807001,0.813641,-0.007828,0.581313,-5.2e-05,0.001336,0.001931,0.469083,-0.251313,-0.162371,-0.955211,0.08479,0.022269,-0.047186,0.405798,-0.171123,-0.897799,0.152845,0.981187,-0.117933,0.901091,-0.089367,0.42432,-5e-06,-5e-05,-6.3e-05,-5e-06,-1e-06,-1.6e-05,0.138615
356,0.164115,-0.056438,0.31715,-0.378178,0.194222,-0.905154,-0.228661,-0.967025,-0.11202,-0.896599,0.164362,0.411246,-0.0,-1e-06,-1e-06,0.0,0.0,0.0,0.25618,-0.150985,-0.05578,0.290205,0.096328,-0.988929,0.112838,0.595163,0.147976,0.789821,-0.797882,-0.007675,0.602651,-0.000109,0.003365,0.004834,0.006031,-0.016705,0.023338,-1.405585,0.050653,0.025977,-0.012591,-0.054096,0.993169,0.10338,-0.580123,-0.115527,0.806293,0.812729,-0.016356,0.58241,-6.2e-05,0.001659,0.002397,-0.017011,-0.012253,0.024316,-0.953415,0.084796,0.022268,-0.047186,0.405785,-0.171144,-0.897801,0.152854,0.981183,-0.117953,0.901095,-0.089369,0.42431,-0.0,3e-06,2e-06,-0.0,-6e-06,-1.4e-05,0.138778
357,0.164138,-0.056439,0.317148,-0.378148,0.194261,-0.905159,-0.228676,-0.967017,-0.112061,-0.896607,0.164365,0.411226,-0.0,-0.0,-0.0,0.0,0.0,0.0,0.25564,-0.151036,-0.055699,0.290329,0.082547,-0.990169,0.112884,0.601125,0.139698,0.786808,-0.794932,0.00416,0.606571,-0.016189,0.000942,0.003613,0.17401,-0.11913,-0.083334,-1.405354,0.050633,0.026018,-0.012528,-0.039604,0.993883,0.103084,-0.585493,-0.106682,0.803626,0.809708,-0.028528,0.586137,-2.7e-05,0.000628,0.000916,0.24055,-0.055266,-0.272337,-0.952598,0.084808,0.022268,-0.047187,0.405759,-0.171186,-0.897805,0.152871,0.981176,-0.117993,0.901104,-0.089371,0.42429,-1e-06,1e-06,3e-06,8e-06,-2.8e-05,-8e-06,0.139105
358,0.164162,-0.056432,0.317141,-0.378108,0.194313,-0.905164,-0.228673,-0.96701,-0.112126,-0.896625,0.164343,0.411195,-0.0,-0.0,-0.0,0.0,0.0,0.0,0.255365,-0.151051,-0.055622,0.290459,0.068635,-0.991645,0.109186,0.607042,0.128246,0.784211,-0.791733,0.013709,0.610601,-9.9e-05,0.003071,0.004401,0.263587,-0.281821,0.085717,-1.405457,0.05062,0.026053,-0.012467,-0.025467,0.994741,0.0992,-0.590756,-0.095027,0.801234,0.806447,-0.038198,0.59007,-4.5e-05,0.001249,0.001802,0.385401,-0.218543,-0.141841,-0.953415,0.084819,0.022272,-0.047191,0.405722,-0.17124,-0.897811,0.152869,0.981168,-0.118058,0.901121,-0.089349,0.424259,-2e-06,1e-06,1e-06,8e-06,-3e-05,-1.4e-05,0.138941
359,0.164185,-0.056438,0.317133,-0.378091,0.194335,-0.905167,-0.228682,-0.967005,-0.112149,-0.89663,0.164345,0.411184,-4e-06,-4.3e-05,-5.3e-05,0.0,0.0,0.0,0.255497,-0.151074,-0.055593,0.290558,0.064624,-0.992264,0.105955,0.609487,0.123202,0.783122,-0.790186,0.015224,0.612566,-9.2e-05,0.002864,0.004102,0.284011,-0.196088,-0.12905,-1.405703,0.050608,0.026069,-0.012416,-0.021345,0.995181,0.095699,-0.592752,-0.08968,0.800376,0.805101,-0.039642,0.591809,-6.2e-05,0.001698,0.002441,0.471466,-0.265305,-0.137897,-0.954068,0.084831,0.022269,-0.047195,0.405707,-0.171264,-0.897813,0.152879,0.981164,-0.118081,0.901126,-0.089351,0.424248,-3e-06,-2.1e-05,-2.5e-05,4e-06,-4e-06,-3.3e-05,0.138615
360,0.16422,-0.05645,0.317117,-0.378072,0.19436,-0.905169,-0.228692,-0.967,-0.112174,-0.896636,0.164346,0.411171,-9e-06,-0.0001,-0.000124,0.0,0.0,0.0,0.254656,-0.151047,-0.055637,0.290943,0.05255,-0.993397,0.101939,0.61632,0.112465,0.779381,-0.785752,0.023126,0.617998,-0.000147,0.004555,0.00651,0.23539,-0.048212,0.0184,-1.405254,0.050622,0.026045,-0.012227,-0.009894,0.995768,0.09136,-0.5998,-0.079013,0.796238,0.800088,-0.04692,0.598043,0.000473,-0.003283,0.007319,0.323305,0.19978,0.193976,-0.954395,0.084848,0.022262,-0.047203,0.40569,-0.171291,-0.897816,0.15289,0.981159,-0.118106,0.901132,-0.089353,0.424235,-4e-06,-4.2e-05,-5.2e-05,1.3e-05,-5e-06,-2.5e-05,0.138288
361,0.164253,-0.056478,0.317081,-0.378093,0.194333,-0.905166,-0.228681,-0.967005,-0.112147,-0.89663,0.164344,0.411186,0.015761,-0.001127,-0.001598,0.000984,-0.014715,0.029553,0.253555,-0.151121,-0.055775,0.291353,0.048583,-0.993916,0.098809,0.617987,0.107511,0.77876,-0.784692,0.024483,0.619292,-9e-05,0.002817,0.004019,0.033962,-0.023442,-0.015377,-1.405603,0.050585,0.02598,-0.012015,-0.006536,0.99609,0.088091,-0.601706,-0.074278,0.795255,0.798689,-0.047808,0.59984,0.000487,-0.003781,0.006599,-0.025225,-0.028447,-0.011783,-0.955374,0.084859,0.022249,-0.047219,0.405722,-0.171242,-0.897811,0.152871,0.981168,-0.118059,0.901121,-0.08935,0.424259,-3.9e-05,-0.000436,-0.000539,1.6e-05,-1.5e-05,-2.6e-05,0.137472
362,0.164252,-0.056489,0.317068,-0.378028,0.194417,-0.905175,-0.228714,-0.966988,-0.112234,-0.896648,0.164351,0.411142,-5e-05,-0.000571,-0.000704,0.0,0.0,0.0,0.253043,-0.15114,-0.055794,0.291491,0.03869,-0.994372,0.098585,0.620786,0.101112,0.77739,-0.783018,0.032379,0.621046,-6.9e-05,0.002159,0.003078,0.03481,-0.020623,-0.013071,-1.405685,0.050575,0.025972,-0.011944,0.00337,0.996149,0.087607,-0.604324,-0.067772,0.79385,0.796731,-0.055618,0.601769,0.000499,-0.004135,0.006096,-0.029978,-0.003842,-0.029206,-0.955211,0.084864,0.022243,-0.047227,0.405651,-0.171351,-0.897822,0.152915,0.981149,-0.118165,0.901145,-0.089356,0.424206,-3e-05,-0.00035,-0.000434,2.1e-05,1e-06,-1.3e-05,0.136818
363,0.164263,-0.056501,0.317053,-0.378131,0.194285,-0.905161,-0.228662,-0.967016,-0.112097,-0.896618,0.164341,0.411211,-9e-06,-9.8e-05,-0.000121,0.0,0.0,0.0,0.253284,-0.151175,-0.055784,0.291583,0.028784,-0.995282,0.092616,0.623398,0.090184,0.776644,-0.781355,0.036639,0.622902,-1e-05,0.000316,0.00045,0.006056,-0.000795,-6.2e-05,-1.405469,0.050558,0.025979,-0.011896,0.0131,0.996598,0.081356,-0.606406,-0.056775,0.793124,0.795046,-0.059725,0.6036,-8e-06,8.6e-05,0.000137,-0.014822,0.012209,0.003023,-0.955048,0.08487,0.022237,-0.047235,0.405742,-0.171212,-0.897807,0.152859,0.981174,-0.118029,0.901114,-0.089349,0.424275,-3e-06,-4e-05,-5e-05,1.7e-05,-1.5e-05,-4.2e-05,0.136002
364,0.164275,-0.056501,0.317053,-0.378116,0.194304,-0.905163,-0.22867,-0.967012,-0.112117,-0.896623,0.164342,0.411201,-0.0,-0.0,-0.0,0.0,0.0,0.0,0.252379,-0.151211,-0.055804,0.291542,0.008966,-0.995945,0.089466,0.628754,0.075067,0.77393,-0.777505,0.050572,0.626731,3.9e-05,-0.001217,-0.001734,0.051073,0.002124,0.00681,-1.40541,0.05054,0.025969,-0.011917,0.032962,0.996434,0.077661,-0.611292,-0.041375,0.790321,0.790717,-0.073524,0.607749,2.1e-05,-0.000841,-0.00118,0.042921,0.085569,0.063196,-0.955211,0.084876,0.022237,-0.047235,0.405729,-0.171232,-0.89781,0.152867,0.98117,-0.118049,0.901118,-0.08935,0.424265,-0.0,9e-06,1.1e-05,2.1e-05,-3e-05,-3.1e-05,0.136002
365,0.164299,-0.056496,0.317059,-0.378072,0.194361,-0.905169,-0.228692,-0.967,-0.112175,-0.896635,0.164346,0.411172,0.0,0.0,0.0,0.0,0.0,0.0,0.251645,-0.151198,-0.05585,0.291456,-0.014974,-0.996205,0.085689,0.635859,0.056532,0.769689,-0.77158,0.06727,0.632457,2.5e-05,-0.0008,-0.001141,0.215094,1.225699,1.015543,-1.405228,0.050546,0.025942,-0.011964,0.055095,0.995783,0.073348,-0.617862,-0.023706,0.785929,0.784354,-0.088619,0.61395,-0.000458,0.005069,-0.005198,0.541173,4.186123,3.491899,-0.955048,0.084888,0.02224,-0.047232,0.40569,-0.171292,-0.897815,0.15289,0.981159,-0.118107,0.901132,-0.089352,0.424236,-1e-06,-1e-06,-1e-06,1.5e-05,-1.9e-05,-2.1e-05,0.135186
366,0.164299,-0.056496,0.317059,-0.378072,0.194361,-0.905169,-0.228692,-0.967,-0.112175,-0.896635,0.164346,0.411172,0.0,0.0,0.0,0.0,0.0,0.0,0.251066,-0.151186,-0.055844,0.291463,-0.028993,-0.996195,0.082141,0.64008,0.044497,0.766976,-0.767663,0.076072,0.636216,-4e-06,0.00011,0.000157,0.11609,0.043094,0.048208,-1.405301,0.050552,0.025944,-0.011963,0.070759,0.995077,0.069382,-0.621766,-0.010391,0.783133,0.779999,-0.098554,0.61797,-8e-06,8.5e-05,0.000147,0.069061,0.051459,0.043221,-0.955211,0.084888,0.022239,-0.047232,0.40569,-0.171292,-0.897816,0.15289,0.981159,-0.118107,0.901132,-0.089352,0.424236,-1e-06,-1e-06,-1e-06,1.2e-05,1e-06,-2.4e-05,0.134532
367,0.164311,-0.056497,0.317058,-0.378057,0.19438,-0.905171,-0.2287,-0.966995,-0.112196,-0.89664,0.164348,0.411162,0.0,0.0,0.0,0.0,0.0,0.0,0.251408,-0.151188,-0.055808,0.291479,-0.067001,-0.994743,0.077387,0.650182,0.015184,0.759583,-0.756668,0.102464,0.645614,-2e-05,0.000621,0.000885,0.276959,0.214492,0.2142,-1.405378,0.050551,0.025963,-0.011955,0.108809,0.992017,0.06374,-0.630646,0.019322,0.775829,0.768404,-0.124615,0.627714,-1.5e-05,0.000333,0.000508,0.275507,0.215609,0.212318,-0.955701,0.084894,0.022239,-0.047232,0.405677,-0.171312,-0.897818,0.152899,0.981155,-0.118127,0.901136,-0.089354,0.424226,-1e-06,0.0,1e-06,1.2e-05,1e-05,-2.5e-05,0.134206
368,0.164311,-0.056491,0.317065,-0.378044,0.194397,-0.905173,-0.228706,-0.966992,-0.112213,-0.896644,0.164349,0.411153,0.0,1e-06,1e-06,0.0,0.0,0.0,0.250634,-0.151173,-0.05569,0.291464,-0.103397,-0.992283,0.068374,0.660278,-0.017184,0.750781,-0.74367,0.124027,0.656838,-4e-05,0.001242,0.00177,0.519279,-0.237292,-0.131326,-1.405367,0.050559,0.026021,-0.011963,0.14597,0.987816,0.053951,-0.63848,0.052411,0.767851,0.755668,-0.14653,0.638352,-3e-05,0.000784,0.001154,0.568179,-0.024319,0.053459,-0.954884,0.084894,0.022242,-0.047228,0.405665,-0.17133,-0.897819,0.152905,0.981152,-0.118145,0.90114,-0.089354,0.424217,-2e-06,-4e-06,-5e-06,6e-06,4e-06,-2.3e-05,0.133879
369,0.1643,-0.056491,0.317065,-0.378059,0.194378,-0.905171,-0.228699,-0.966996,-0.112193,-0.896639,0.164348,0.411163,0.0,0.0,0.0,0.0,0.0,0.0,0.250328,-0.151206,-0.055432,0.291437,-0.141496,-0.987945,0.062718,0.667621,-0.048575,0.74287,-0.730678,0.148232,0.666333,-0.017258,0.011676,-0.005076,0.356742,0.177283,0.190708,-1.404901,0.050549,0.026146,-0.011974,0.182381,0.98209,0.047294,-0.645728,0.083365,0.759003,0.741466,-0.168967,0.649367,-4.2e-05,0.001351,0.001927,0.502455,0.906167,1.13346,-0.951782,0.084888,0.022242,-0.047228,0.405679,-0.171309,-0.897817,0.152897,0.981156,-0.118124,0.901136,-0.089353,0.424227,2e-06,-1e-06,-5e-06,7e-06,1.2e-05,-1.9e-05,0.133389
370,0.164299,-0.056496,0.317059,-0.378072,0.194361,-0.905169,-0.228692,-0.967,-0.112175,-0.896635,0.164346,0.411172,-1.6e-05,-0.000185,-0.000228,0.0,0.0,0.0,0.249239,-0.151233,-0.055243,0.29142,-0.16139,-0.985136,0.058745,0.669592,-0.065699,0.739772,-0.724702,0.159971,0.670134,-0.001191,0.013768,-0.004341,0.375562,1.053112,1.021837,-1.405333,0.050529,0.026239,-0.011983,0.200628,0.978727,0.042899,-0.647299,0.099565,0.755705,0.735358,-0.179384,0.653505,-4.1e-05,0.002006,0.00244,0.628354,3.871371,3.610614,-0.950802,0.084888,0.02224,-0.047231,0.40569,-0.171291,-0.897815,0.15289,0.981159,-0.118107,0.901132,-0.089352,0.424236,-7e-06,-0.000119,-0.00015,1.3e-05,1e-05,-1.3e-05,0.132573
371,0.164311,-0.056497,0.317058,-0.378057,0.19438,-0.905171,-0.2287,-0.966995,-0.112196,-0.89664,0.164348,0.411162,-0.0,-0.0,-0.0,0.0,0.0,0.0,0.247087,-0.151382,-0.054744,0.291356,-0.196949,-0.978913,0.054141,0.671859,-0.094663,0.73456,-0.713685,0.182282,0.676232,-0.001216,0.014617,-0.003146,0.37861,-0.207194,-0.103368,-1.405064,0.050454,0.026489,-0.012015,0.237998,0.970537,0.0376,-0.647482,0.129684,0.750965,0.723963,-0.203074,0.65927,-0.000621,0.007683,-0.001003,0.611403,-0.207854,-0.033423,-0.949659,0.084894,0.022239,-0.047232,0.405677,-0.171312,-0.897817,0.152899,0.981156,-0.118127,0.901136,-0.089354,0.424226,0.0,3e-06,4e-06,1.7e-05,-1.4e-05,-1.8e-05,0.12996
372,0.164311,-0.056497,0.317058,-0.378057,0.19438,-0.905171,-0.2287,-0.966995,-0.112196,-0.89664,0.164348,0.411162,-0.0,-0.0,-0.0,0.0,0.0,0.0,0.242484,-0.151624,-0.054148,0.291279,-0.232327,-0.971515,0.046623,0.672237,-0.125867,0.729513,-0.70256,0.202054,0.682237,-0.001246,0.015706,-0.001618,0.395801,-0.152145,-0.011057,-1.404763,0.050333,0.026786,-0.012055,0.272811,0.961622,0.029239,-0.646805,0.16083,0.745503,0.712191,-0.222294,0.665859,-0.008647,0.007139,-0.000671,0.628126,0.073279,0.144886,-0.955048,0.084894,0.022239,-0.047232,0.405677,-0.171312,-0.897817,0.152899,0.981156,-0.118127,0.901136,-0.089354,0.424226,-2e-06,1e-06,3e-06,2e-05,-3e-05,-1.6e-05,0.126041
373,0.164311,-0.056497,0.317058,-0.378057,0.19438,-0.905171,-0.2287,-0.966995,-0.112196,-0.89664,0.164348,0.411162,-0.0,-0.0,-0.0,0.0,0.0,0.0,0.241294,-0.15176,-0.05381,0.291254,-0.247862,-0.967695,0.046062,0.672238,-0.137681,0.727374,-0.697211,0.212474,0.684555,-0.01842,0.026402,-0.008137,0.145134,-0.031289,0.033245,-1.405243,0.050272,0.02695,-0.012066,0.287177,0.957462,0.028206,-0.64765,0.17239,0.742179,0.705746,-0.231404,0.669607,-0.000638,0.008397,-1.1e-05,0.086983,0.036539,0.1058,-0.955864,0.084894,0.022239,-0.047232,0.405677,-0.171312,-0.897817,0.152899,0.981156,-0.118127,0.901136,-0.089354,0.424226,-2e-06,1e-06,3e-06,2.1e-05,-3.4e-05,-1.5e-05,0.123102
374,0.164311,-0.056502,0.317051,-0.378071,0.194363,-0.905169,-0.228693,-0.966999,-0.112178,-0.896636,0.164346,0.411171,-1e-06,-6e-06,-8e-06,0.0,0.0,0.0,0.239495,-0.152072,-0.053054,0.29123,-0.281127,-0.958915,0.037952,0.672594,-0.168791,0.720458,-0.684087,0.229277,0.69233,-0.017342,0.017014,0.002378,0.223658,-0.134045,-0.069225,-1.405139,0.050116,0.027331,-0.012082,0.320322,0.94711,0.019365,-0.646564,0.203643,0.735176,0.692349,-0.248014,0.677598,-0.001205,0.014655,-0.003103,0.313731,-0.180495,-0.042332,-0.949659,0.084894,0.022236,-0.047236,0.405689,-0.171294,-0.897816,0.152892,0.981159,-0.11811,0.901132,-0.089353,0.424235,-1e-06,3e-06,2e-06,1.3e-05,-3e-06,-3.6e-05,0.12
375,0.16431,-0.0565,0.317037,-0.378073,0.194359,-0.905169,-0.228668,-0.967004,-0.112184,-0.896642,0.164321,0.411169,-7e-06,-8.2e-05,-0.000101,0.0,0.0,0.0,0.238832,-0.152532,-0.052112,0.291147,-0.317572,-0.947546,0.035997,0.669897,-0.19745,0.715671,-0.670613,0.252587,0.697382,-0.002402,0.029562,-0.005974,0.089721,0.068715,0.163113,-1.404843,0.04988,0.027799,-0.012119,0.35547,0.934538,0.016683,-0.643258,0.231648,0.729765,0.678129,-0.270141,0.683493,-0.009204,0.014332,-0.002495,0.068707,0.341301,0.378014,-0.953251,0.084893,0.022238,-0.047242,0.40569,-0.17129,-0.897816,0.152867,0.981162,-0.118116,0.901136,-0.089327,0.424232,-5e-06,-3.7e-05,-4.4e-05,1.5e-05,-5e-06,-3.7e-05,0.117877
376,0.16431,-0.0565,0.317037,-0.378073,0.194359,-0.905169,-0.228668,-0.967004,-0.112184,-0.896642,0.164321,0.411169,-0.0,-1e-06,-1e-06,0.0,0.0,0.0,0.236924,-0.152853,-0.051563,0.291065,-0.334523,-0.941813,0.032776,0.66609,-0.211824,0.715114,-0.666128,0.262241,0.698116,-0.018397,0.029083,-0.004513,0.074265,0.015432,0.065289,-1.404976,0.049725,0.028073,-0.012161,0.372268,0.928032,0.013095,-0.638677,0.245908,0.729122,0.673429,-0.279792,0.684257,-0.0092,0.014705,-0.001988,0.074554,0.081298,0.162638,-0.956354,0.084893,0.022238,-0.047242,0.40569,-0.17129,-0.897816,0.152867,0.981162,-0.118116,0.901136,-0.089327,0.424232,-2e-06,5e-06,1e-05,1.8e-05,7e-06,-2.9e-05,0.11657
377,0.16431,-0.0565,0.317037,-0.378073,0.194359,-0.905169,-0.228668,-0.967004,-0.112184,-0.896642,0.164321,0.411169,-0.0,-0.0,-0.0,0.0,0.0,0.0,0.232899,-0.153678,-0.050289,0.290831,-0.36209,-0.93171,0.028266,0.659871,-0.234917,0.713665,-0.657821,0.278239,0.699799,-0.034301,0.028662,-0.00306,0.228674,3.928342,3.897173,-1.404749,0.049326,0.0287,-0.012276,0.394036,0.919059,0.008017,-0.632982,0.265038,0.727383,0.666384,-0.29169,0.686183,-0.009164,0.014682,-0.002068,0.060414,0.083643,-0.140908,-0.948353,0.084894,0.022238,-0.047242,0.405691,-0.17129,-0.897816,0.152867,0.981162,-0.118116,0.901136,-0.089327,0.424233,-4e-06,2e-06,8e-06,2.2e-05,-2.3e-05,-2.9e-05,0.112325
378,0.16431,-0.056492,0.317031,-0.378062,0.194371,-0.905171,-0.228649,-0.967006,-0.112208,-0.896651,0.164297,0.411158,-0.0,-0.0,-0.0,0.0,0.0,0.0,0.229332,-0.154614,-0.049095,0.290585,-0.389167,-0.920841,0.024355,0.652977,-0.257246,0.712306,-0.649153,0.294271,0.701333,-0.018264,0.029426,-0.004212,0.07271,-0.016228,0.034614,-1.404977,0.048838,0.029319,-0.012401,0.426063,0.904685,0.00354,-0.623791,0.290936,0.725423,0.65525,-0.311285,0.688292,-0.009127,0.014736,-0.002033,0.073043,-0.014651,0.032096,-0.9477,0.084894,0.022242,-0.047246,0.405681,-0.171303,-0.897818,0.152848,0.981162,-0.11814,0.901143,-0.089303,0.424222,-6e-06,1e-06,6e-06,2.4e-05,-3.3e-05,-2.4e-05,0.10612
379,0.164298,-0.056492,0.317031,-0.378077,0.194352,-0.905169,-0.228641,-0.96701,-0.112188,-0.896646,0.164295,0.411168,-0.0,-0.0,-0.0,0.0,0.0,0.0,0.227777,-0.155628,-0.048023,0.290515,-0.426563,-0.904218,0.020625,0.641742,-0.286644,0.711292,-0.636701,0.317787,0.702485,-0.033035,0.017939,0.005392,-0.327401,-0.729681,3.101929,-1.405079,0.048343,0.029849,-0.012438,0.461193,0.887297,0.002029,-0.613183,0.317061,0.723518,0.641332,-0.334926,0.690302,-0.009176,0.01538,-0.00161,0.197559,3.890313,3.952675,-0.955701,0.084888,0.022242,-0.047245,0.405694,-0.171282,-0.897816,0.15284,0.981165,-0.11812,0.901138,-0.089301,0.424232,-5e-06,0.0,7e-06,2.4e-05,-3.1e-05,-2.2e-05,0.102691
380,0.164298,-0.056492,0.317031,-0.378077,0.194352,-0.905169,-0.228641,-0.96701,-0.112188,-0.896646,0.164295,0.411168,-0.0,-0.0,-0.0,0.0,0.0,0.0,0.22568,-0.15616,-0.047585,0.290568,-0.43529,-0.900092,0.018657,0.640074,-0.294967,0.70939,-0.632453,0.321867,0.704463,-0.033003,0.018742,0.006435,0.202916,-0.317149,0.091933,-1.404871,0.048077,0.030066,-0.012414,0.471943,0.881624,-0.002775,-0.608916,0.328232,0.722138,0.637565,-0.339118,0.691742,-0.008552,0.009598,0.002555,0.22734,-0.818388,0.551797,-0.953088,0.084888,0.022242,-0.047245,0.405694,-0.171282,-0.897816,0.15284,0.981165,-0.11812,0.901138,-0.089301,0.424232,-5e-06,0.0,7e-06,2.4e-05,-3.1e-05,-2.2e-05,0.101221
381,0.164298,-0.056486,0.317038,-0.378063,0.194369,-0.905171,-0.228648,-0.967006,-0.112206,-0.89665,0.164297,0.411159,0.0,0.0,0.0,0.0,0.0,0.0,0.224259,-0.157255,-0.046821,0.290839,-0.468439,-0.883325,0.017133,0.631542,-0.321359,0.705562,-0.617133,0.342446,0.708337,-0.032927,0.019963,0.00797,0.387548,-0.146723,-0.322283,-1.404578,0.047517,0.030455,-0.012276,0.504661,0.863302,-0.005099,-0.599098,0.354456,0.717942,0.621608,-0.359263,0.696083,-0.016462,0.01,0.004057,0.508999,-0.167294,-0.322478,-0.957334,0.084888,0.022245,-0.047242,0.405682,-0.1713,-0.897818,0.152846,0.981162,-0.118138,0.901143,-0.089302,0.424223,-2e-06,-3e-06,-2e-06,1.1e-05,8e-06,-1.9e-05,0.097302
382,0.164298,-0.0565,0.317038,-0.378088,0.194339,-0.905167,-0.22866,-0.967009,-0.112164,-0.896637,0.16432,0.411179,-5e-05,-0.000578,-0.000713,0.0,0.0,0.0,0.223793,-0.158378,-0.046202,0.291314,-0.515007,-0.85702,0.016593,0.621903,-0.360393,0.695189,-0.589151,0.369426,0.718531,-0.031816,0.009952,0.017477,0.767611,3.391361,3.654798,-1.404645,0.046968,0.030761,-0.012045,0.546193,0.837636,-0.006226,-0.589393,0.389582,0.7077,0.595221,-0.382872,0.706484,-0.016418,0.010268,0.004354,0.276863,-0.155666,-0.088846,-0.95913,0.084888,0.022239,-0.04724,0.405704,-0.171269,-0.897814,0.152858,0.981166,-0.118096,0.901131,-0.089326,0.424242,-3.5e-05,-0.000389,-0.000481,1.3e-05,1.2e-05,-1.4e-05,0.095669
383,0.164298,-0.0565,0.317038,-0.378088,0.194339,-0.905167,-0.22866,-0.967009,-0.112164,-0.896637,0.16432,0.411179,-1e-06,-8e-06,-1e-05,0.0,0.0,0.0,0.222671,-0.158969,-0.04595,0.291591,-0.536821,-0.843528,0.016539,0.615205,-0.37809,0.691739,-0.576562,0.382578,0.721854,-0.031768,0.009603,0.016923,0.110929,-0.042787,-0.028091,-1.404726,0.046661,0.030892,-0.011898,0.570316,0.821393,-0.00718,-0.582293,0.410436,0.701766,0.579373,-0.396047,0.71237,-0.015883,0.004771,0.008477,0.020463,-0.03287,-0.041014,-0.949659,0.084887,0.022238,-0.047242,0.405704,-0.171269,-0.897814,0.152858,0.981166,-0.118096,0.901131,-0.089326,0.424242,1e-06,0.0,0.0,1.7e-05,1e-05,-2e-05,0.095016
384,0.164299,-0.056494,0.317045,-0.378074,0.194356,-0.905169,-0.228667,-0.967005,-0.112182,-0.896641,0.164321,0.41117,0.0,0.0,0.0,0.0,0.0,0.0,0.220624,-0.160148,-0.045618,0.292167,-0.568428,-0.822639,0.012078,0.60487,-0.408054,0.683782,-0.556851,0.397023,0.729489,-0.031672,0.007419,0.01383,0.289151,-0.19578,-0.143982,-1.404681,0.046089,0.031056,-0.011616,0.60169,0.798641,-0.01187,-0.569614,0.439465,0.694557,0.559918,-0.411147,0.719339,-0.015834,0.003324,0.006453,0.53901,-0.272838,-0.205301,-0.958966,0.084888,0.022241,-0.047238,0.405692,-0.171287,-0.897816,0.152865,0.981162,-0.118114,0.901135,-0.089326,0.424233,-1e-06,-2e-06,-3e-06,8e-06,1.2e-05,-2.1e-05,0.092893
385,0.164287,-0.056494,0.317046,-0.378089,0.194337,-0.905167,-0.228659,-0.967009,-0.112161,-0.896637,0.164319,0.41118,0.0,0.0,0.0,0.0,0.0,0.0,0.215035,-0.16118,-0.045379,0.292632,-0.602092,-0.7984,0.005836,0.587973,-0.43858,0.67961,-0.539272,0.413624,0.73346,-0.031606,0.005795,0.011541,0.130387,-0.044123,-0.062835,-1.404622,0.045567,0.031179,-0.011378,0.633475,0.77353,-0.018932,-0.552579,0.469386,0.688717,0.541631,-0.425824,0.724781,-0.007911,0.003341,0.005478,0.147867,0.001278,0.025453,-0.964518,0.084882,0.022241,-0.047238,0.405705,-0.171266,-0.897814,0.152856,0.981166,-0.118093,0.901131,-0.089325,0.424243,0.0,-1e-06,-1e-06,7e-06,3.2e-05,-1.5e-05,0.087505
386,0.164276,-0.056482,0.31706,-0.378078,0.194351,-0.905169,-0.228664,-0.967006,-0.112176,-0.89664,0.16432,0.411172,2.7e-05,0.000306,0.000377,0.0,0.0,0.0,0.212325,-0.162019,-0.045219,0.293015,-0.639212,-0.769021,0.002696,0.568382,-0.470222,0.675105,-0.517086,0.434036,0.73763,-0.015788,0.004568,0.007971,0.272365,3.553702,3.952691,-1.404709,0.045141,0.03126,-0.011183,0.665338,0.746203,-0.022462,-0.534215,0.496908,0.683882,0.521477,-0.443014,0.729245,-0.015776,0.00153,0.003943,0.368029,-0.203391,-0.172741,-0.962232,0.084876,0.022246,-0.047231,0.405696,-0.17128,-0.897815,0.152861,0.981164,-0.118108,0.901134,-0.089325,0.424236,1.7e-05,0.000195,0.000239,1.5e-05,-3e-06,1.9e-05,0.080973
387,0.164264,-0.05649,0.317067,-0.378104,0.194319,-0.905165,-0.228675,-0.967008,-0.112132,-0.896626,0.164343,0.411193,0.0,4e-06,6e-06,0.0,0.0,0.0,0.212244,-0.162275,-0.045202,0.29319,-0.65434,-0.756194,-0.000676,0.559383,-0.484791,0.672311,-0.50789,0.440494,0.740186,-9e-06,0.004312,0.005771,-0.22089,-2.117319,1.791479,-1.404576,0.045008,0.03127,-0.011092,0.684231,0.728829,-0.025203,-0.522384,0.513947,0.680421,0.508863,-0.452399,0.732387,8e-06,0.002051,0.002794,-0.158358,-2.129598,1.788892,-0.965988,0.08487,0.022243,-0.047227,0.405719,-0.171246,-0.897811,0.152871,0.981167,-0.118064,0.901122,-0.089348,0.424257,-1e-06,-5e-06,-9e-06,1e-06,-9e-06,-1e-06,0.079667
388,0.16424,-0.056489,0.317068,-0.378134,0.19428,-0.90516,-0.22866,-0.967017,-0.112091,-0.896617,0.16434,0.411213,0.0,0.0,0.0,0.0,0.0,0.0,0.210139,-0.162495,-0.045225,0.293584,-0.691316,-0.722522,-0.006004,0.536913,-0.519407,0.664737,-0.482524,0.457229,0.746977,-0.01577,0.003262,0.006189,0.138362,0.004239,0.041658,-1.40467,0.044903,0.031256,-0.0109,0.719157,0.694104,-0.032118,-0.49901,0.548081,0.671264,0.48353,-0.466717,0.740521,0.00049,-0.00371,0.006586,0.07391,0.239262,0.267486,-0.95815,0.084858,0.022243,-0.047226,0.405746,-0.171205,-0.897807,0.152854,0.981175,-0.118023,0.901113,-0.089346,0.424277,2e-06,-3e-06,-9e-06,-2e-06,4e-06,-1e-06,0.078034
389,0.164228,-0.056489,0.317069,-0.378149,0.19426,-0.905158,-0.228652,-0.967021,-0.112071,-0.896613,0.164339,0.411224,3e-05,0.00035,0.000431,0.0,0.0,0.0,0.203185,-0.162436,-0.045341,0.293995,-0.721343,-0.692398,-0.015502,0.515146,-0.551535,0.656024,-0.461861,0.466104,0.754516,0.016726,-0.005113,0.014337,0.238761,-0.203916,-0.089047,-1.404713,0.04492,0.031198,-0.010702,0.748084,0.662279,-0.041896,-0.475732,0.579242,0.661934,0.462653,-0.475252,0.748389,3e-06,0.002246,0.00302,0.331598,-0.22674,-0.123748,-0.960273,0.084853,0.022243,-0.047227,0.405759,-0.171184,-0.897805,0.152846,0.981179,-0.118003,0.901109,-0.089345,0.424287,1.9e-05,0.0002,0.000245,1e-06,1.5e-05,1e-06,0.071176
390,0.164193,-0.056482,0.317077,-0.378181,0.194218,-0.905154,-0.228636,-0.96703,-0.112027,-0.896604,0.164336,0.411245,1.2e-05,0.000134,0.000165,0.0,0.0,0.0,0.198482,-0.162107,-0.045374,0.294466,-0.742329,-0.669248,-0.032352,0.494089,-0.57954,0.64803,-0.451497,0.46591,0.760882,0.000961,-0.005332,0.015857,0.533482,-0.385132,-0.249237,-1.404555,0.045091,0.031181,-0.010467,0.768385,0.637293,-0.058665,-0.452531,0.605852,0.654338,0.452547,-0.476236,0.753923,0.008363,-0.002355,0.007441,0.04002,-0.065609,-0.009044,-0.962069,0.084835,0.022246,-0.047222,0.405787,-0.171139,-0.897801,0.152827,0.981187,-0.11796,0.901099,-0.089342,0.424308,8e-06,8.1e-05,0.0001,-0.0,8e-06,1.9e-05,0.062195
391,0.16417,-0.056482,0.317078,-0.378211,0.194179,-0.90515,-0.22862,-0.967038,-0.111987,-0.896595,0.164333,0.411265,0.0,2e-06,2e-06,0.0,0.0,0.0,0.197158,-0.16185,-0.045366,0.294671,-0.755641,-0.653734,-0.040362,0.479491,-0.594274,0.645648,-0.445105,0.469349,0.762533,-2e-05,0.005265,0.00699,0.258728,0.050528,0.313964,-1.404291,0.04522,0.031182,-0.010359,0.779801,0.622426,-0.067054,-0.438904,0.619945,0.650408,0.4464,-0.477759,0.756619,0.008354,-0.002566,0.007137,0.236421,0.615891,1.321254,-0.965335,0.084823,0.022247,-0.047221,0.405814,-0.171098,-0.897797,0.15281,0.981194,-0.117919,0.90109,-0.089339,0.424328,-0.0,-5e-06,-6e-06,-3e-06,1.2e-05,2.3e-05,0.059582
392,0.164087,-0.056487,0.317089,-0.378327,0.194029,-0.905134,-0.228585,-0.967066,-0.11182,-0.896555,0.164348,0.411346,-0.015822,0.000439,0.000745,-0.000984,0.014715,-0.029553,0.194267,-0.161385,-0.045395,0.294974,-0.771003,-0.634433,-0.055144,0.458834,-0.613633,0.642542,-0.440506,0.470899,0.764246,0.015735,0.003228,0.002432,0.04013,-0.020118,0.048078,-1.404299,0.045446,0.031171,-0.010202,0.793627,0.602829,-0.082173,-0.418144,0.638555,0.646067,0.44194,-0.478376,0.758844,0.008367,-0.004145,0.005041,-0.062277,0.234346,0.403289,-0.967458,0.084788,0.022244,-0.047216,0.405904,-0.170959,-0.897782,0.152778,0.981217,-0.117774,0.901055,-0.089356,0.424399,3e-06,-3e-06,-4e-06,-4e-06,3.4e-05,4.2e-05,0.055663
393,0.163991,-0.05649,0.317087,-0.378459,0.193855,-0.905116,-0.228516,-0.967103,-0.11164,-0.896516,0.164335,0.411436,-5e-06,-5.9e-05,-7.3e-05,0.0,0.0,0.0,0.189611,-0.161142,-0.045423,0.295064,-0.780456,-0.621522,-0.067746,0.442289,-0.625617,0.642587,-0.440771,0.472331,0.763209,0.015752,0.000123,-0.00169,0.001831,-0.007053,0.039174,-1.404186,0.045568,0.031162,-0.010152,0.802299,0.589351,-0.094758,-0.400993,0.649718,0.645809,0.442175,-0.480136,0.757594,1e-05,-0.000604,-0.000794,-0.012629,0.053894,0.004651,-0.967458,0.084734,0.022243,-0.047217,0.406035,-0.170755,-0.897761,0.152696,0.981253,-0.117574,0.901009,-0.089345,0.424497,-0.0,-3.5e-05,-4.1e-05,-1.2e-05,7e-06,1.2e-05,0.049621
394,0.163931,-0.0565,0.317076,-0.37847,0.193841,-0.905114,-0.228511,-0.967106,-0.111625,-0.896513,0.164334,0.411442,-0.015868,-7.9e-05,0.000103,-0.000984,0.014715,-0.029553,0.1898,-0.161084,-0.04543,0.295014,-0.787168,-0.611997,-0.076272,0.429743,-0.63316,0.64371,-0.441238,0.474702,0.761466,-0.000978,0.009027,-0.010937,-0.721351,-1.027465,2.981638,-1.404353,0.045603,0.031155,-0.010173,0.805305,0.584291,-0.100435,-0.393621,0.653624,0.646403,0.443334,-0.481018,0.756356,1e-05,-0.000832,-0.001098,9.7e-05,0.008835,-0.002814,-0.966478,0.08471,0.022239,-0.047222,0.406032,-0.17076,-0.897762,0.152699,0.981252,-0.11758,0.90101,-0.089346,0.424494,-3.5e-05,-0.000402,-0.000494,-1.2e-05,1e-06,4e-06,0.047172
395,0.163859,-0.056517,0.317073,-0.378597,0.193676,-0.905096,-0.22847,-0.967137,-0.111443,-0.89647,0.164348,0.411531,-2.7e-05,-0.000305,-0.000377,0.0,0.0,0.0,0.191335,-0.161064,-0.045499,0.294833,-0.800488,-0.592947,-0.087315,0.407987,-0.645981,0.645127,-0.437909,0.481541,0.75909,2.3e-05,-0.003787,-0.005027,-0.48483,3.578089,4.171416,-1.404118,0.045613,0.031124,-0.010268,0.817512,0.564412,-0.114505,-0.369509,0.666556,0.64743,0.441741,-0.486972,0.753473,1.9e-05,-0.001743,-0.002304,0.001317,0.005906,-0.002438,-0.971867,0.084668,0.02223,-0.047224,0.406158,-0.170566,-0.897742,0.152645,0.981285,-0.117379,0.900963,-0.089362,0.424593,-1.6e-05,-0.000188,-0.000232,-6e-06,-9e-06,-7e-06,0.046355
396,0.163847,-0.05653,0.317073,-0.378636,0.193627,-0.905091,-0.228474,-0.967143,-0.111381,-0.896453,0.164369,0.411561,-4e-06,-4.3e-05,-5.3e-05,0.0,0.0,0.0,0.19666,-0.161136,-0.045602,0.294635,-0.814448,-0.571662,-0.099339,0.38565,-0.661411,0.643229,-0.432375,0.486286,0.759237,1.5e-05,-0.002497,-0.00332,0.192308,-0.863637,0.359821,-1.403634,0.045576,0.031067,-0.010373,0.834993,0.536277,-0.123257,-0.342781,0.682162,0.645875,0.430449,-0.497052,0.753427,1.9e-05,-0.001094,-0.001441,-0.066866,0.42822,0.203534,-0.972193,0.084662,0.022222,-0.047225,0.406193,-0.170514,-0.897736,0.152649,0.981292,-0.117317,0.900946,-0.089385,0.424623,-1e-06,-1.4e-05,-1.6e-05,-5e-06,-2e-06,-1.8e-05,0.049948
397,0.163858,-0.056535,0.317066,-0.378634,0.19363,-0.905091,-0.228475,-0.967143,-0.111383,-0.896453,0.164369,0.41156,-3.7e-05,-0.000418,-0.000516,0.0,0.0,0.0,0.196968,-0.161137,-0.045631,0.29458,-0.822848,-0.55836,-0.105578,0.372126,-0.670045,0.642258,-0.428304,0.489896,0.759224,1e-05,-0.001645,-0.002188,-0.432823,3.440751,4.129264,-1.403951,0.045576,0.031051,-0.010403,0.838649,0.528223,-0.132841,-0.332372,0.689528,0.64349,0.431504,-0.49551,0.753839,1.8e-05,-0.001072,-0.001415,0.226693,-0.188897,-0.078859,-0.97252,0.084667,0.02222,-0.047227,0.406192,-0.170517,-0.897737,0.15265,0.981291,-0.11732,0.900947,-0.089385,0.424622,-2.5e-05,-0.000269,-0.000332,-8e-06,1.6e-05,-2.8e-05,0.052071
398,0.163868,-0.056552,0.317045,-0.378659,0.193598,-0.905087,-0.228462,-0.967149,-0.111351,-0.896446,0.164367,0.411577,-4.3e-05,-0.000494,-0.00061,0.0,0.0,0.0,0.193511,-0.161123,-0.045671,0.294577,-0.835794,-0.535881,-0.119459,0.350155,-0.68802,0.635574,-0.421717,0.490055,0.7628,-2e-06,0.000266,0.000354,-0.556769,2.672065,4.570335,-1.403818,0.045583,0.031029,-0.010407,0.85267,0.501465,-0.146578,-0.307167,0.708128,0.635769,0.422613,-0.497077,0.757833,-0.00018,0.000349,0.000287,-0.55981,2.590385,4.624636,-0.970887,0.084673,0.022212,-0.047238,0.406213,-0.170484,-0.897733,0.152637,0.981297,-0.117287,0.900939,-0.089384,0.424638,-2.7e-05,-0.00031,-0.000383,4e-06,1.1e-05,-2.5e-05,0.051254
399,0.163853,-0.056599,0.317004,-0.378777,0.193447,-0.90507,-0.228426,-0.967177,-0.111182,-0.896405,0.164381,0.41166,-7.4e-05,-0.000836,-0.001032,0.0,0.0,0.0,0.192963,-0.161171,-0.045682,0.294552,-0.845934,-0.516307,-0.133467,0.329423,-0.702906,0.630347,-0.418189,0.489916,0.764829,3e-06,-0.000493,-0.000656,-0.623641,-2.167398,1.599581,-1.403451,0.045559,0.031027,-0.010416,0.862495,0.480731,-0.158111,-0.287255,0.722287,0.629115,0.416637,-0.49719,0.761061,-0.007869,-0.000768,-8.1e-05,0.023276,-0.025373,-0.083968,-0.977255,0.084665,0.022189,-0.047258,0.406318,-0.170323,-0.897716,0.152596,0.981324,-0.117119,0.900899,-0.089401,0.424721,-4.4e-05,-0.000516,-0.000636,8e-06,-3e-06,-1.9e-05,0.050274
