frame,MLTx,MLTy,MLTz,MLTR1,MLTR2,MLTR3,MLTR4,MLTR5,MLTR6,MLTR7,MLTR8,MLTR9,MLTTVx,MLTTVy,MLTTVz,MLTRVx,MLTRVy,MLTRVz,MLGA,MRTx,MRTy,MRTz,MRTR1,MRTR2,MRTR3,MRTR4,MRTR5,MRTR6,MRTR7,MRTR8,MRTR9,MRTTVx,MRTTVy,MRTTVz,MRTRVx,MRTRVy,MRTRVz,MRGA,SLTx,SLTy,SLTz,SLTR1,SLTR2,SLTR3,SLTR4,SLTR5,SLTR6,SLTR7,SLTR8,SLTR9,SLTTVx,SLTTVy,SLTTVz,SLTRVx,SLTRVy,SLTRVz,SLGA,SRTx,SRTy,SRTz,SRTR1,SRTR2,SRTR3,SRTR4,SRTR5,SRTR6,SRTR7,SRTR8,SRTR9,SRTTVx,SRTTVy,SRTTVz,SRTRVx,SRTRVy,SRTRVz,SRGA
84,0.151261,-0.044101,0.295376,-0.046013,0.216411,-0.97524,-0.287428,-0.93781,-0.194599,-0.956652,0.271083,0.106567,-0.002386,-0.007827,-0.033358,1.13116,1.669592,-2.605812,-0.179534,-0.175771,-0.030966,0.294444,-0.710147,0.240987,0.661519,-0.032827,-0.949825,0.310949,0.704139,0.19881,0.681562,-4.4e-05,-0.001287,-0.001602,0.576048,1.50642,0.867344,-1.404105,0.037982,0.027537,-0.020531,0.755994,-0.085926,0.648913,-0.019697,0.987911,0.153761,-0.654281,-0.129024,0.745162,1e-06,-0.000699,-0.000879,3.572772,2.18545,3.483071,-0.99734,0.075101,0.020688,-0.069784,0.094732,-0.23788,-0.966663,0.31322,0.928836,-0.197877,0.944943,-0.284033,0.162499,-0.009112,0.001899,-0.020598,5.459932,1.093329,-0.620782,-0.395835
85,0.15115,-0.044299,0.29385,-0.052403,0.213826,-0.975488,-0.26325,-0.94519,-0.193098,-0.963252,0.246406,0.107034,-0.002798,-0.010873,-0.037691,1.650711,0.350189,-0.234078,-0.131097,-0.175996,-0.031055,0.294504,-0.660601,0.288938,0.692901,-0.086586,-0.946055,0.312118,0.74652,0.145836,0.649079,4.7e-05,0.001345,0.001674,-0.612041,1.131958,-0.136031,-1.404004,0.03787,0.02749,-0.020504,0.710747,-0.132255,0.690902,0.03545,0.987653,0.152592,-0.702553,-0.083962,0.70666,2.4e-05,0.000759,0.000949,-0.56628,1.061214,-0.175636,-1.002892,0.075046,0.020592,-0.070543,0.103315,-0.233423,-0.96687,0.289351,0.937085,-0.195314,0.95163,-0.259586,0.164356,-0.001486,-0.005732,-0.01932,5.426199,1.099542,-0.670221,-0.361544
86,0.151105,-0.044703,0.29221,-0.061849,0.204484,-0.976937,-0.233841,-0.954491,-0.185036,-0.970243,0.216743,0.108066,-0.00321,-0.013887,-0.042119,0.071208,-0.219186,-0.237843,-0.073597,-0.176123,-0.030871,0.294613,-0.61781,0.328794,0.71428,-0.131966,-0.938775,0.318151,0.775914,0.101894,0.622445,0.000181,0.005184,0.006443,-0.368706,0.981231,-0.174583,-1.403822,0.037806,0.027578,-0.020455,0.672057,-0.171253,0.720424,0.081636,0.984094,0.157775,-0.735985,-0.047221,0.675348,8.6e-05,0.002573,0.003205,-0.133756,1.069057,0.078511,-1.004688,0.075023,0.020391,-0.071362,0.114146,-0.224856,-0.967682,0.258145,0.947304,-0.189671,0.959338,-0.228152,0.166176,-0.001567,-0.006885,-0.020965,0.099535,-0.408594,-0.311828,-0.318272
87,0.151137,-0.045306,0.290405,-0.080747,0.192927,-0.977908,-0.170773,-0.969236,-0.17717,-0.98191,0.152447,0.112425,0.012209,-0.018082,-0.048177,0.183563,0.057211,-0.069062,-0.012008,-0.175886,-0.030493,0.294962,-0.587785,0.369077,0.719919,-0.170133,-0.926287,0.336127,0.79163,0.074635,0.606312,0.015655,0.01059,0.011682,-0.402585,0.699578,0.074896,-1.404438,0.037918,0.02776,-0.020289,0.645707,-0.211439,0.733726,0.121481,0.977104,0.174666,-0.753859,-0.02365,0.656609,0.007829,0.005446,0.006032,-0.132348,0.317962,-0.095197,-1.013179,0.075035,0.020098,-0.072243,0.132431,-0.212756,-0.968088,0.19517,0.963167,-0.184976,0.971787,-0.164445,0.169077,-0.00177,-0.008354,-0.023213,1.715643,0.349093,-0.259641,-0.273694
88,0.151116,-0.045626,0.289488,-0.090332,0.187133,-0.978196,-0.130078,-0.975968,-0.174749,-0.987282,0.111217,0.11372,-0.003841,-0.018453,-0.049137,0.52256,0.147126,-0.163186,0.027228,-0.175641,-0.030182,0.295207,-0.574357,0.387789,0.72092,-0.189952,-0.919694,0.343535,0.796949,0.059895,0.600956,0.015756,0.014331,0.016264,-0.179152,0.35721,0.126059,-1.404299,0.038041,0.027915,-0.020166,0.63209,-0.231248,0.739584,0.141489,0.97283,0.183253,-0.761867,-0.011189,0.647636,0.007475,0.012994,0.004377,-0.096319,0.426316,0.227331,-1.015955,0.075029,0.019931,-0.07272,0.142065,-0.207185,-0.967931,0.154412,0.970517,-0.185075,0.977738,-0.123167,0.169869,0.006101,-0.009363,-0.024655,1.689811,0.222429,-0.061424,-0.242669
89,0.151024,-0.046504,0.287428,-0.108401,0.175321,-0.978548,-0.041989,-0.984232,-0.171742,-0.993098,0.022246,0.11527,-0.004587,-0.034417,-0.048414,5.448578,1.030092,-0.766317,0.093349,-0.175034,-0.02937,0.295904,-0.539019,0.42779,0.725566,-0.225051,-0.903169,0.365473,0.812315,0.03318,0.582156,0.015859,0.01989,0.022939,-0.253852,0.317689,0.36118,-1.404009,0.038351,0.028327,-0.019811,0.599338,-0.272187,0.752799,0.17839,0.962182,0.205868,-0.780365,0.010908,0.625228,0.007929,0.010233,0.011819,-0.209032,0.252031,0.321559,-1.013996,0.074982,0.019488,-0.073765,0.160148,-0.195654,-0.967507,0.067513,0.980035,-0.187012,0.984781,-0.035369,0.17016,-0.002385,-0.017502,-0.02478,5.445292,1.01929,-0.763687,-0.149267
90,0.150943,-0.047863,0.285102,-0.121621,0.165231,-0.97875,0.028745,-0.985025,-0.169917,-0.992022,-0.049013,0.116267,-0.005487,-0.040759,-0.058516,0.044563,-0.005583,0.01714,0.126729,-0.174384,-0.02843,0.296908,-0.480021,0.488514,0.728646,-0.283659,-0.872331,0.398133,0.830701,-0.016177,0.55636,0.015884,0.024125,0.027835,0.706307,1.357121,1.547328,-1.403186,0.038664,0.028781,-0.019327,0.549533,-0.330725,0.767224,0.235377,0.942401,0.237647,-0.801629,0.049992,0.595726,0.007919,0.011842,0.013655,-0.36772,1.149339,1.058516,-1.008934,0.074945,0.018842,-0.07488,0.173753,-0.185626,-0.967135,-0.004834,0.981901,-0.189328,0.984776,0.037571,0.169711,-0.002748,-0.020811,-0.029819,0.482653,0.189156,-0.231234,-0.083134
91,0.150862,-0.048632,0.283956,-0.124758,0.158531,-0.979463,0.058613,-0.984229,-0.166823,-0.990312,-0.078426,0.114716,-0.005727,-0.042283,-0.06135,0.04589,-0.007753,-0.017501,0.145822,-0.17401,-0.027916,0.297414,-0.445822,0.513581,0.733123,-0.304186,-0.857123,0.415625,0.842377,-0.038345,0.537395,0.015035,0.036798,0.021391,0.377794,1.818415,1.819471,-1.404118,0.038863,0.029058,-0.019051,0.515076,-0.359559,0.778082,0.262714,0.930296,0.255987,-0.81589,0.07256,0.573635,0.007502,0.018646,0.010991,0.370828,1.856605,1.835047,-1.008444,0.074903,0.018441,-0.075477,0.176809,-0.17871,-0.967884,-0.035009,0.981613,-0.18764,0.983622,0.067061,0.167301,-0.002796,-0.021038,-0.030476,0.137355,0.124228,-0.161301,-0.056518
92,0.150637,-0.050257,0.281461,-0.13316,0.148975,-0.979857,0.099922,-0.981561,-0.162867,-0.985891,-0.119789,0.117038,-0.005877,-0.032106,-0.072388,5.445798,0.98912,-0.802443,0.190946,-0.173168,-0.02645,0.298414,-0.363647,0.563367,0.741869,-0.344829,-0.821145,0.454696,0.865781,-0.091165,0.491909,0.030116,0.041463,0.025139,-0.95449,1.323308,1.14428,-1.4036,0.039273,0.029775,-0.018561,0.437709,-0.411967,0.799182,0.308206,0.903748,0.297066,-0.844641,0.116284,0.522549,0.007469,0.020535,0.01306,-0.784783,1.334542,0.897734,-1.008117,0.07479,0.01762,-0.076726,0.184694,-0.170284,-0.96793,-0.070568,0.980035,-0.185879,0.980258,0.102636,0.16899,-0.002904,-0.021508,-0.031895,-0.004239,-0.01216,0.022607,0.002757
93,0.150272,-0.051718,0.278947,-0.140311,0.14333,-0.979701,0.117736,-0.980008,-0.160291,-0.982919,-0.138022,0.12185,-0.021815,-0.039017,-0.059543,-0.01488,0.187493,-0.127894,0.229728,-0.172143,-0.024534,0.299271,-0.277424,0.602078,0.748685,-0.37454,-0.785307,0.492897,0.88504,-0.144415,0.442394,0.02903,0.054879,0.019211,-0.350648,1.314103,0.973981,-1.40369,0.039797,0.030751,-0.01812,0.352045,-0.455639,0.817591,0.341179,0.875881,0.341216,-0.871584,0.158822,0.463804,0.014501,0.027588,0.009774,-0.372603,1.343982,0.994593,-1.011383,0.074612,0.016885,-0.077999,0.192941,-0.164038,-0.967401,-0.094248,0.978269,-0.184678,0.976673,0.126808,0.173287,-0.002718,-0.01447,-0.03449,0.01669,0.166829,-0.074983,0.061052
94,0.150059,-0.052325,0.277716,-0.142949,0.139293,-0.979902,0.129998,-0.978805,-0.158155,-0.980988,-0.150175,0.12303,-0.021504,-0.025541,-0.064787,0.07403,0.097499,-0.165089,0.252575,-0.171559,-0.023444,0.299599,-0.236419,0.616194,0.751267,-0.382975,-0.769599,0.510863,0.893243,-0.1677,0.416962,0.027993,0.065439,0.010158,-0.426263,1.465225,1.085629,-1.403802,0.040078,0.031275,-0.017956,0.314591,-0.470728,0.824285,0.351951,0.864323,0.35927,-0.881567,0.177085,0.437582,0.014425,0.027151,0.009121,0.605249,1.920747,1.203936,-1.012036,0.074505,0.016573,-0.078616,0.195612,-0.160034,-0.967535,-0.106521,0.97729,-0.183184,0.974878,0.138896,0.174122,-0.002559,-0.018458,-0.0283,0.140909,0.101072,-0.173512,0.091097
95,0.149643,-0.053296,0.275425,-0.145368,0.134309,-0.980242,0.137298,-0.978396,-0.154471,-0.979634,-0.157215,0.125006,-0.004507,-0.02072,-0.058037,0.032008,0.059881,-0.105918,0.290303,-0.170287,-0.021012,0.300016,-0.171006,0.634056,0.754137,-0.399805,-0.744126,0.535133,0.900672,-0.210779,0.379772,0.042572,0.064636,0.007317,-0.497303,0.900347,0.471253,-1.404015,0.040709,0.032495,-0.017742,0.249786,-0.492392,0.83376,0.371869,0.843805,0.386917,-0.894046,0.213403,0.393876,0.013358,0.037423,-0.000213,-0.493256,1.004931,0.497448,-1.015955,0.074291,0.016083,-0.079769,0.198017,-0.154995,-0.967866,-0.114,0.977076,-0.179794,0.973546,0.145939,0.175808,-0.002183,-0.01015,-0.028671,0.029577,0.059279,-0.105722,0.150535
96,0.149258,-0.054016,0.273473,-0.14497,0.12838,-0.981095,0.145083,-0.978049,-0.149473,-0.978571,-0.164177,0.124383,-0.019944,-0.023497,-0.037733,-0.002345,0.051519,-0.108254,0.330947,-0.168832,-0.018321,0.300098,-0.131141,0.644299,0.75344,-0.409904,-0.727142,0.550616,0.902764,-0.237425,0.358483,0.042085,0.061307,0.003112,-0.213542,0.508909,0.170744,-1.404217,0.041421,0.033818,-0.017693,0.210237,-0.505208,0.836997,0.383509,0.830128,0.404732,-0.899289,0.235906,0.368276,0.021052,0.030947,0.001875,-0.375859,0.632896,0.492911,-1.019548,0.074103,0.015719,-0.080759,0.197501,-0.148985,-0.968914,-0.122063,0.976954,-0.175102,0.972673,0.152852,0.174763,-0.001737,-0.006822,-0.023785,0.029942,0.0608,-0.071521,0.207197
97,0.148933,-0.05454,0.271986,-0.147358,0.12215,-0.981535,0.146161,-0.97874,-0.1438,-0.978051,-0.164812,0.127593,-0.019067,-0.016998,-0.027755,-0.003192,0.05928,-0.104304,0.371446,-0.167471,-0.015855,0.299948,-0.107374,0.650232,0.752104,-0.408866,-0.718332,0.562816,0.906335,-0.24788,0.342015,0.026871,0.055927,-0.001768,-0.336565,0.703142,0.234634,-1.404433,0.042132,0.035104,-0.017766,0.187729,-0.512444,0.837948,0.384119,0.823476,0.417538,-0.903996,0.243488,0.35143,0.013441,0.027754,-0.001146,-0.276249,0.626077,0.174255,-1.024773,0.073941,0.015455,-0.081507,0.200256,-0.142847,-0.969273,-0.123342,0.977766,-0.169582,0.971948,0.153512,0.178185,-0.001201,-0.002997,-0.017873,0.034091,0.013695,-0.026891,0.265655
98,0.148802,-0.054742,0.271404,-0.148915,0.118113,-0.981794,0.146491,-0.97923,-0.140078,-0.977764,-0.164838,0.129741,-0.018628,-0.013859,-0.022817,-0.003601,0.047554,-0.084746,0.390736,-0.166765,-0.014691,0.299836,-0.10218,0.651127,0.752053,-0.408448,-0.716709,0.565183,0.907117,-0.250227,0.338211,0.026722,0.055103,-0.00279,0.00043,0.141866,0.119396,-1.404433,0.042475,0.035663,-0.017823,0.180835,-0.514106,0.838446,0.383,0.822016,0.421426,-0.905874,0.244917,0.345552,0.02076,0.027386,-0.002356,0.02207,0.113955,0.103484,-1.024936,0.073876,0.015355,-0.081787,0.201879,-0.138868,-0.969515,-0.123819,0.978335,-0.165914,0.971551,0.153539,0.180311,-0.001007,-0.006921,-0.011188,-0.015738,0.065564,-0.111847,0.294067
99,0.148605,-0.054951,0.270569,-0.1553,0.109611,-0.98179,0.146397,-0.980277,-0.132653,-0.976777,-0.164476,0.137412,-0.001216,-0.008118,-0.013218,-0.000851,0.015546,-0.024964,0.434369,-0.16534,-0.012636,0.299577,-0.091892,0.653456,0.75136,-0.407243,-0.71313,0.570554,0.908745,-0.254363,0.330674,0.042154,0.039297,-0.001605,-0.03371,0.163359,0.079443,-1.404711,0.043181,0.036699,-0.017949,0.171364,-0.516978,0.838669,0.382569,0.819378,0.426917,-0.907895,0.247691,0.338192,0.013248,0.025272,-0.004049,-0.018385,0.177772,0.110368,-1.020854,0.073771,0.015245,-0.082213,0.208511,-0.13038,-0.96929,-0.124087,0.979538,-0.158452,0.970115,0.153315,0.188066,-0.000596,-0.004069,-0.006621,-0.000353,0.018986,-0.05065,0.353342
100,0.148394,-0.054967,0.270164,-0.164276,0.086518,-0.982636,0.146008,-0.98302,-0.111016,-0.975355,-0.161825,0.150077,-0.016924,-0.002175,-0.003975,-0.047596,0.152404,-0.265706,0.494277,-0.164026,-0.011123,0.299384,-0.086572,0.654623,0.750976,-0.407455,-0.711047,0.572999,0.909165,-0.257191,0.327315,0.042934,0.024903,0.002709,-0.054149,0.061039,0.224983,-1.404403,0.043838,0.037459,-0.018051,0.166377,-0.518326,0.838842,0.383114,0.817845,0.429364,-0.908593,0.249936,0.334649,0.013648,0.017791,-0.002191,-0.068133,0.205706,0.10547,-1.021344,0.073671,0.015239,-0.082422,0.217461,-0.108182,-0.970054,-0.124881,0.982587,-0.137575,0.968046,0.151059,0.200164,-7.7e-05,0.004369,-0.006044,-0.473249,1.448335,-2.487744,0.425516
101,0.148243,-0.054928,0.270106,-0.172574,0.073152,-0.982299,0.13954,-0.985346,-0.097948,-0.974858,-0.154072,0.16106,-0.016535,0.000412,0.000243,-0.051623,0.182012,-0.214617,0.517993,-0.163421,-0.010524,0.299324,-0.086444,0.654864,0.750782,-0.408527,-0.710533,0.572872,0.908696,-0.258001,0.327979,0.041887,0.034886,-0.006676,0.066625,0.028145,-0.016619,-1.404405,0.044141,0.037754,-0.018078,0.165988,-0.518793,0.83863,0.384071,0.817286,0.429571,-0.90826,0.25079,0.334913,0.014113,0.011299,0.000792,0.038645,0.039095,-0.074585,-1.020037,0.073596,0.015257,-0.082454,0.226494,-0.094378,-0.969428,-0.119066,0.985146,-0.123726,0.966707,0.14345,0.211892,1.2e-05,2.5e-05,4.9e-05,-0.181382,0.571166,-0.916632,0.469605
102,0.147978,-0.054868,0.270197,-0.192007,0.04183,-0.980525,0.121544,-0.990368,-0.066105,-0.97361,-0.13193,0.186294,-0.01609,0.003329,0.004997,-0.015557,0.264084,-0.317709,0.522236,-0.162315,-0.009478,0.299289,-0.08394,0.656769,0.7494,-0.409182,-0.708345,0.57511,0.908633,-0.259177,0.327226,0.028095,0.02283,0.001822,0.041721,-0.055942,0.101231,-1.40438,0.0447,0.038277,-0.018103,0.163607,-0.520938,0.837768,0.384979,0.815594,0.431967,-0.908307,0.25185,0.333987,0.01405,0.011556,0.001044,0.036191,0.042941,-0.071907,-1.024119,0.073464,0.015289,-0.082406,0.246429,-0.06346,-0.96708,-0.10268,0.990528,-0.091163,0.963705,0.121765,0.237579,0.000125,-0.004441,0.005945,-0.051174,0.238372,-0.344651,0.511244
103,0.147735,-0.054819,0.270448,-0.221372,0.012013,-0.975139,0.110618,-0.993145,-0.037401,-0.968631,-0.11617,0.21974,0.000373,-0.008088,0.013152,-0.082323,1.004232,-0.351359,0.522554,-0.161388,-0.008716,0.299387,-0.081314,0.657808,0.748778,-0.409004,-0.707022,0.576862,0.908948,-0.260158,0.325568,0.028049,0.020579,-0.000724,0.040139,-0.053794,0.102772,-1.404482,0.045163,0.038661,-0.018051,0.160984,-0.522236,0.837468,0.384924,0.814562,0.43396,-0.9088,0.252501,0.332152,0.007235,0.003914,0.003529,0.000409,0.066097,-0.12122,-1.026242,0.073337,0.015322,-0.082276,0.273341,-0.033231,-0.961342,-0.093763,0.993723,-0.061011,0.957335,0.106815,0.26851,-0.00795,0.002287,0.003517,-0.026185,0.424002,-0.662433,0.518592
104,0.147619,-0.054674,0.270659,-0.243239,-0.014729,-0.969878,0.109097,-0.99394,-0.012321,-0.96352,-0.108797,0.24458,0.000371,0.002425,0.003943,-0.020603,0.557941,-0.592967,0.523158,-0.160725,-0.008511,0.299495,-0.078003,0.655278,0.751344,-0.407276,-0.708732,0.575985,0.910009,-0.261885,0.32119,0.01457,0.002258,0.000924,-0.013022,0.097043,-0.134272,-1.404407,0.045499,0.038775,-0.017993,0.157675,-0.519697,0.839674,0.3831,0.815906,0.433048,-0.910149,0.253398,0.327744,0.007288,0.001003,0.000311,0.011396,-0.027838,0.0211,-1.027385,0.073279,0.015394,-0.082161,0.297418,-0.007833,-0.954714,-0.093129,0.994959,-0.037175,0.950194,0.099969,0.295189,0.000223,0.001459,0.002378,-0.027525,0.669827,-0.756237,0.520388
105,0.1477,-0.054649,0.270742,-0.24912,-0.026226,-0.968141,0.105845,-0.994368,-0.000354,-0.962373,-0.102536,0.251699,0.000187,-0.009298,0.011172,-0.049916,0.32224,-0.528432,0.523251,-0.160447,-0.008543,0.299507,-0.075383,0.655414,0.751493,-0.405811,-0.708471,0.577339,0.91088,-0.262251,0.318409,0.01462,0.000111,-0.00145,-0.022941,0.110327,-0.12468,-1.404291,0.045638,0.03876,-0.017986,0.154952,-0.520011,0.839987,0.381645,0.815758,0.434609,-0.911227,0.253234,0.324863,0.007318,-0.0003,-0.00113,0.008539,-0.022716,0.02395,-1.027875,0.07332,0.015412,-0.08212,0.303344,0.003729,-0.952873,-0.090493,0.995585,-0.024913,0.948574,0.093786,0.302341,0.00838,0.000595,0.001193,-0.015786,0.27112,-0.493089,0.520225
106,0.148135,-0.054711,0.27081,-0.25756,-0.038897,-0.965502,0.092218,-0.995605,0.015455,-0.961543,-0.085015,0.261218,0.016322,-0.001711,-0.002352,-1.610045,0.229775,0.096604,0.523124,-0.160077,-0.00867,0.299479,-0.074698,0.652682,0.753935,-0.405107,-0.710615,0.575195,0.911249,-0.263264,0.316513,4.4e-05,-0.001798,-0.001986,-2e-06,3e-06,2e-06,-1.404287,0.045829,0.038693,-0.018005,0.154464,-0.516779,0.842068,0.380817,0.817583,0.431897,-0.911656,0.253962,0.323085,0.007336,-0.000858,-0.001746,0.000508,-0.000523,0.005056,-1.027712,0.073526,0.015381,-0.082076,0.311325,0.017814,-0.950136,-0.083596,0.996461,-0.008709,0.946619,0.082139,0.311712,0.00822,-0.000466,-0.00055,-0.008841,0.191598,-0.315797,0.520551
107,0.148777,-0.054728,0.270759,-0.260607,-0.043278,-0.964498,0.088791,-0.995822,0.020638,-0.961041,-0.080214,0.264562,0.016477,-0.000672,-0.000687,-0.008636,0.189387,-0.311742,0.522931,-0.159919,-0.00875,0.299419,-0.074699,0.652842,0.753796,-0.405061,-0.710506,0.575361,0.91127,-0.26316,0.31654,0.014636,-0.00015,-0.001749,0.002045,-0.015205,0.029245,-1.404044,0.045903,0.038647,-0.01804,0.154483,-0.516937,0.841968,0.380778,0.817515,0.43206,-0.91167,0.253857,0.32313,1.7e-05,-0.000671,-0.000747,-0.000136,-0.0001,-3.7e-05,-1.026079,0.073852,0.015368,-0.08211,0.314703,0.020895,-0.94896,-0.074639,0.997206,-0.002796,0.94625,0.07171,0.315383,0.008239,-0.000332,-0.000342,-0.004409,0.090321,-0.145918,0.520878
108,0.149087,-0.054676,0.270712,-0.262825,-0.04582,-0.963778,0.083993,-0.996154,0.024399,-0.960866,-0.074489,0.266863,0.016527,-0.000318,-0.000122,-0.003837,0.087368,-0.141074,0.522768,-0.159907,-0.008794,0.299385,-0.074702,0.652863,0.753778,-0.405041,-0.710497,0.575387,0.911279,-0.263133,0.316537,4.6e-05,-0.001831,-0.002025,-0.0,0.0,0.0,-1.404138,0.045914,0.038627,-0.018056,0.15449,-0.516981,0.841939,0.38076,0.817499,0.432106,-0.911676,0.253821,0.323142,2.4e-05,-0.000963,-0.001068,-0.000114,-6.3e-05,-6e-06,-1.026406,0.074007,0.015393,-0.082135,0.316998,0.023589,-0.948132,-0.07009,0.997539,0.001385,0.945832,0.066015,0.317871,0.008275,-9.1e-05,4.1e-05,-0.00298,0.087741,-0.141589,0.520551
109,0.149669,-0.054654,0.270661,-0.265302,-0.050893,-0.962845,0.085278,-0.995918,0.029089,-0.960069,-0.074336,0.269758,0.016455,-0.000787,-0.000903,-0.003844,0.087391,-0.141062,0.522737,-0.159982,-0.008867,0.299298,-0.074672,0.652648,0.753967,-0.405029,-0.710657,0.575197,0.911286,-0.263233,0.316432,6.1e-05,-0.002476,-0.00274,-0.0019,0.015867,-0.02398,-1.404154,0.045877,0.038592,-0.018099,0.15446,-0.516758,0.842082,0.38073,0.817618,0.431909,-0.911694,0.253893,0.323034,2e-05,-0.000765,-0.000845,-7.6e-05,-4.3e-05,-1.1e-05,-1.026569,0.074298,0.015405,-0.082158,0.319497,0.028657,-0.947153,-0.07167,0.99741,0.006001,0.944872,0.065965,0.320723,0.008226,-0.000408,-0.000484,0.001603,-0.014712,0.02934,0.520715
110,0.150087,-0.054684,0.270621,-0.265823,-0.049645,-0.962766,0.079456,-0.996391,0.029386,-0.960423,-0.068632,0.270008,-1.4e-05,-0.0001,-0.000162,-0.0,0.0,0.0,0.52304,-0.160079,-0.008956,0.29921,-0.074149,0.650185,0.756144,-0.404615,-0.712535,0.573162,0.911512,-0.26425,0.314931,6.2e-05,-0.00254,-0.002813,-0.001899,0.015867,-0.02398,-1.404367,0.045828,0.038547,-0.018143,0.153868,-0.514008,0.843872,0.38009,0.819117,0.429625,-0.912061,0.254642,0.321405,2.2e-05,-0.000792,-0.000875,-7.4e-05,-0.000397,0.00049,-1.026569,0.074513,0.015389,-0.082179,0.320049,0.027513,-0.947001,-0.0659,0.997803,0.006717,0.945105,0.060258,0.321159,0.008219,-0.000466,-0.000583,0.001657,-0.014728,0.029578,0.520878
111,0.150367,-0.054709,0.270547,-0.265687,-0.047103,-0.962931,0.073384,-0.996884,0.028461,-0.960944,-0.063051,0.269516,0.016246,-0.002242,-0.003291,0.000984,-0.014715,0.029553,0.523199,-0.160152,-0.009049,0.299146,-0.074141,0.650059,0.756252,-0.404547,-0.712648,0.573069,0.911543,-0.264253,0.314838,4.7e-05,-0.001933,-0.002142,-0.001898,0.015866,-0.023981,-1.404027,0.045792,0.038499,-0.018176,0.153858,-0.513872,0.843956,0.380009,0.819208,0.429524,-0.912096,0.254625,0.321318,1.3e-05,-0.000479,-0.000531,-5.1e-05,-1.7e-05,-1.5e-05,-1.026896,0.074647,0.015379,-0.082212,0.319893,0.024989,-0.947123,-0.059791,0.998191,0.006142,0.945564,0.054664,0.320809,-0.000125,-0.00088,-0.001434,-0.000147,0.014793,-0.024882,0.520715
112,0.150508,-0.054745,0.270452,-0.265527,-0.046729,-0.962994,0.073349,-0.996897,0.028094,-0.960991,-0.063124,0.26933,0.01609,-0.003351,-0.005101,0.000984,-0.014715,0.029553,0.523335,-0.16015,-0.009072,0.299151,-0.074184,0.65024,0.756093,-0.404529,-0.712526,0.573234,0.911547,-0.264139,0.314921,3e-06,-0.000116,-0.000128,-0.0,0.0,0.0,-1.404305,0.045793,0.038484,-0.018178,0.153903,-0.514055,0.843836,0.380001,0.819123,0.429693,-0.912091,0.254528,0.321407,1e-06,-2e-06,-1e-06,0.013076,-0.109503,0.165495,-1.027059,0.074718,0.015364,-0.082256,0.319721,0.0246,-0.947191,-0.05974,0.998197,0.005759,0.945626,0.054744,0.320614,-0.000191,-0.001344,-0.002188,0.000452,-2e-06,-0.000161,0.520715
113,0.150805,-0.054824,0.270055,-0.265275,-0.046157,-0.963091,0.073573,-0.996898,0.027457,-0.961044,-0.063524,0.269048,-0.000716,-0.005018,-0.00818,0.0,0.0,0.0,0.523221,-0.160135,-0.009107,0.299217,-0.076663,0.649725,0.756288,-0.405641,-0.713136,0.571687,0.910851,-0.263756,0.317248,0.001002,-0.010072,0.009221,0.223231,-0.339292,-0.270285,-1.404483,0.0458,0.03847,-0.018148,0.154275,-0.513964,0.843824,0.380034,0.819212,0.429492,-0.912015,0.254422,0.321708,-2.3e-05,0.000924,0.001024,0.305502,-0.411605,-0.296733,-1.027059,0.074872,0.015322,-0.082458,0.319467,0.024031,-0.947292,-0.059942,0.998188,0.005107,0.945698,0.055151,0.320328,-0.000375,-0.002661,-0.004342,0.00031,5e-06,-0.000123,0.520878
114,0.151326,-0.054944,0.269493,-0.265223,-0.043819,-0.963214,0.067976,-0.997318,0.026598,-0.96147,-0.058374,0.26869,0.015605,-0.006939,-0.011029,0.000279,0.000105,0.004846,0.522552,-0.160071,-0.009141,0.299388,-0.076696,0.649877,0.756155,-0.40533,-0.713119,0.571929,0.910986,-0.263429,0.31713,0.000974,-0.008917,0.0105,-0.034552,-0.005396,0.005832,-1.404172,0.045832,0.038453,-0.018063,0.156419,-0.513518,0.843701,0.380735,0.819548,0.42823,-0.911357,0.254244,0.323707,-2.2e-05,0.000811,0.000896,-0.002401,0.003065,0.002199,-1.027386,0.075121,0.015262,-0.082729,0.319394,0.021709,-0.947372,-0.054275,0.998515,0.004582,0.946065,0.049955,0.320098,0.0078,-0.003535,-0.005627,0.000681,9.3e-05,0.004808,0.521204
115,0.152013,-0.054947,0.269104,-0.264874,-0.042946,-0.96335,0.068286,-0.997322,0.025631,-0.961545,-0.058948,0.268298,0.016297,-0.002079,-0.003103,0.000984,-0.014715,0.029553,0.521966,-0.160036,-0.009256,0.299549,-0.076186,0.647519,0.758226,-0.40448,-0.715032,0.57014,0.911407,-0.264049,0.315403,0.000998,-0.009858,0.009459,-0.034607,-0.005321,0.005886,-1.404076,0.045849,0.038398,-0.01798,0.155803,-0.510886,0.845411,0.379652,0.821095,0.426224,-0.911914,0.254556,0.321888,-6e-06,0.000177,0.000194,-0.000102,-0.001218,0.001852,-1.028039,0.075469,0.015252,-0.082947,0.319041,0.020844,-0.947511,-0.054568,0.998503,0.003592,0.946168,0.050557,0.319701,0.008163,-0.000991,-0.001482,0.001243,-0.014707,0.029471,0.520551
116,0.152373,-0.054879,0.269043,-0.264576,-0.042253,-0.963462,0.068356,-0.997336,0.024912,-0.961622,-0.059222,0.26796,0.016725,0.011932,-0.006593,0.037245,-0.043119,0.072236,0.522051,-0.159998,-0.009307,0.299595,-0.076207,0.647619,0.758139,-0.404328,-0.715005,0.570282,0.911472,-0.263876,0.315358,-5e-06,0.00022,0.000244,0.0,-0.0,-0.0,-1.404213,0.045869,0.03837,-0.017951,0.155832,-0.511016,0.845327,0.379488,0.821079,0.4264,-0.911978,0.254344,0.321875,-3e-06,8.5e-05,9.3e-05,-9e-06,-0.000203,0.000291,-1.028202,0.075648,0.015278,-0.08298,0.318758,0.020188,-0.94762,-0.054587,0.998504,0.00291,0.946262,0.0508,0.319384,0.008329,0.000238,0.000527,0.001214,-0.014716,0.029508,0.520388
117,0.152993,-0.054757,0.26939,-0.275791,-0.051425,-0.959864,0.067628,-0.997119,0.033934,-0.958505,-0.055498,0.27967,0.017482,0.006725,0.011261,-0.598283,1.690451,-2.054443,0.517567,-0.159983,-0.009361,0.29961,-0.076193,0.647546,0.758202,-0.404196,-0.715095,0.570263,0.911532,-0.263811,0.31524,3e-06,-0.000125,-0.000138,0.0,-0.0,-0.0,-1.40426,0.045876,0.038342,-0.017944,0.155818,-0.510937,0.845377,0.379348,0.821155,0.426377,-0.912039,0.254255,0.321773,1e-06,-9.1e-05,-0.000102,1.3e-05,-1.1e-05,2.5e-05,-1.028202,0.075958,0.015341,-0.082824,0.327009,0.027567,-0.944618,-0.054457,0.998463,0.010287,0.94345,0.048077,0.328007,0.008816,0.003918,0.006529,0.066505,0.589844,0.460706,0.518265
118,0.15323,-0.054653,0.270451,-0.299791,-0.066942,-0.951677,0.066574,-0.99656,0.049072,-0.951319,-0.04857,0.304402,0.002037,0.004193,0.033056,-0.025155,0.512015,-0.090396,0.515719,-0.159984,-0.009383,0.299541,-0.076194,0.647564,0.758187,-0.404271,-0.71506,0.570254,0.911499,-0.263861,0.315294,4.8e-05,-0.001944,-0.002152,0.0,-0.0,-0.0,-1.404177,0.045876,0.038335,-0.017976,0.155819,-0.510958,0.845364,0.379425,0.821124,0.42637,-0.912006,0.254316,0.321817,2.9e-05,-0.001182,-0.001308,-0.001883,0.015846,-0.024037,-1.028365,0.076082,0.015389,-0.08231,0.353273,0.044563,-0.934458,-0.054377,0.998154,0.027044,0.933938,0.041259,0.355044,0.001046,0.002391,0.017008,-0.018644,0.731418,-0.025065,0.51206
119,0.153212,-0.054576,0.271185,-0.315155,-0.072005,-0.946329,0.066207,-0.996345,0.053705,-0.946349,-0.045646,0.31995,0.00244,0.007227,0.037825,-0.01843,0.548395,-0.061574,0.51724,-0.159994,-0.009425,0.299495,-0.073692,0.647949,0.758105,-0.402967,-0.714602,0.571748,0.912278,-0.264157,0.312783,4.4e-05,-0.001774,-0.001965,-0.036937,0.049805,0.035818,-1.404264,0.045871,0.038312,-0.018001,0.15313,-0.511566,0.845488,0.378111,0.820804,0.428149,-0.913007,0.254126,0.319119,2.8e-05,-0.001115,-0.001236,-0.031354,0.04317,0.031002,-1.028365,0.076075,0.015431,-0.081917,0.36936,0.049298,-0.927977,-0.054235,0.998033,0.031433,0.927701,0.038719,0.371307,0.00125,0.003974,0.019495,-0.02681,0.504143,-0.07391,0.511244
120,0.153179,-0.054396,0.273149,-0.350765,-0.079732,-0.933087,0.066047,-0.995983,0.060222,-0.933708,-0.040412,0.355786,0.003373,0.003398,0.057246,-0.026859,0.90929,-0.072878,0.518867,-0.160013,-0.009515,0.299398,-0.073636,0.647672,0.758348,-0.402921,-0.714812,0.571518,0.912303,-0.264269,0.312616,4.9e-05,-0.00202,-0.002239,-8e-06,1.1e-05,8e-06,-1.404376,0.045861,0.038266,-0.01805,0.153269,-0.5112,0.845684,0.378152,0.820998,0.427742,-0.912967,0.254238,0.319144,3.2e-05,-0.001242,-0.001375,0.000953,-0.001251,-0.000912,-1.028202,0.076057,0.015519,-0.080958,0.402935,0.057036,-0.913449,-0.054531,0.997778,0.038247,0.913602,0.0344,0.40515,0.001715,0.002088,0.029259,0.012084,1.126125,0.083137,0.514183
121,0.153435,-0.054355,0.275747,-0.379903,-0.087977,-0.920858,0.066825,-0.995466,0.067478,-0.92215,-0.035799,0.385208,0.003946,-0.002853,0.072382,-0.063228,0.750446,-0.162089,0.519248,-0.160031,-0.009651,0.29928,-0.073607,0.647511,0.758488,-0.402847,-0.714948,0.5714,0.912338,-0.264294,0.312492,8.8e-05,-0.003639,-0.00404,-0.001897,0.015832,-0.024003,-1.404505,0.045852,0.038201,-0.018106,0.153253,-0.511035,0.845787,0.378073,0.821101,0.427613,-0.913002,0.254237,0.319045,3.9e-05,-0.0015,-0.001664,0.013108,-0.109305,0.165647,-1.024773,0.076186,0.015545,-0.079658,0.431825,0.06484,-0.899623,-0.055549,0.99743,0.045226,0.900244,0.030443,0.434317,0.01015,0.003873,0.031804,-0.005212,0.973143,-0.202148,0.515326
122,0.153673,-0.054366,0.277168,-0.39383,-0.091011,-0.914691,0.066879,-0.995276,0.070176,-0.91627,-0.03343,0.399197,0.02045,-0.00209,0.07333,-0.019518,0.890708,0.186695,0.519654,-0.160039,-0.009725,0.299214,-0.073589,0.647416,0.758571,-0.402808,-0.715028,0.571328,0.912357,-0.264313,0.312421,8.7e-05,-0.003591,-0.003989,-0.001897,0.015832,-0.024004,-1.404348,0.045848,0.038164,-0.018139,0.153233,-0.510927,0.845855,0.378024,0.821166,0.427531,-0.913026,0.254242,0.318973,4.1e-05,-0.00165,-0.001833,-0.001902,0.015826,-0.02399,-1.025099,0.076298,0.015542,-0.078973,0.443775,0.068525,-0.893513,-0.055944,0.997245,0.048695,0.894389,0.028377,0.446386,0.010221,-0.000847,0.036997,-0.091566,0.524601,-0.2535,0.515489
123,0.154285,-0.054347,0.280029,-0.414071,-0.094642,-0.905336,0.066855,-0.995046,0.073385,-0.907285,-0.030029,0.419476,0.004254,0.000428,0.076073,-0.063425,0.511376,-0.074875,0.52022,-0.160026,-0.009816,0.299097,-0.073581,0.647394,0.75859,-0.402828,-0.715036,0.571303,0.912348,-0.264343,0.312421,4.9e-05,-0.002018,-0.002244,-0.0,0.0,0.0,-1.404347,0.045854,0.038114,-0.018203,0.153221,-0.510887,0.845882,0.378037,0.821181,0.427491,-0.913022,0.254275,0.318957,3e-05,-0.001189,-0.001323,1.1e-05,2e-05,-1.4e-05,-1.0251,0.076612,0.015554,-0.077509,0.465495,0.071232,-0.882178,-0.055819,0.997134,0.05106,0.883287,0.025474,0.468137,0.010272,0.000102,0.037962,-0.048418,0.579487,-0.001409,0.516306
124,0.15503,-0.054395,0.28294,-0.426706,-0.089482,-0.899978,0.065754,-0.995519,0.067747,-0.90148,-0.030165,0.4318,0.020332,-0.000984,0.073154,0.202175,-0.067733,0.526198,0.520617,-0.160004,-0.009826,0.299083,-0.073577,0.6474,0.758586,-0.402829,-0.715031,0.57131,0.912348,-0.264344,0.31242,-1.5e-05,0.000609,0.000677,-0.0,0.0,0.0,-1.404116,0.045866,0.038106,-0.018213,0.153217,-0.510893,0.845879,0.378039,0.821177,0.427497,-0.913022,0.254276,0.318956,-1.2e-05,0.000488,0.000543,9e-06,-8e-06,8e-06,-1.024936,0.076979,0.015535,-0.076046,0.478404,0.066504,-0.875617,-0.054385,0.997457,0.046044,0.876453,0.025593,0.480804,0.018298,-0.000855,0.036096,0.859276,-1.053359,2.086869,0.517286
125,0.155773,-0.054656,0.285815,-0.436016,-0.083931,-0.896042,0.064016,-0.996002,0.062085,-0.897131,-0.030194,0.440763,0.003724,-0.013592,0.078211,0.839516,-1.118843,1.939364,0.520287,-0.160004,-0.009802,0.29914,-0.073598,0.647489,0.758508,-0.402795,-0.714979,0.571399,0.912361,-0.264268,0.312446,0.000998,-0.009865,0.009459,-0.036505,0.010511,-0.018117,-1.404547,0.045866,0.038119,-0.018183,0.153241,-0.510991,0.845815,0.378015,0.821137,0.427595,-0.913028,0.254206,0.318994,0.000496,-0.004837,0.004837,-0.036505,0.01053,-0.018164,-1.025263,0.077359,0.015407,-0.074577,0.487677,0.060938,-0.870894,-0.052278,0.997808,0.040545,0.871457,0.025756,0.489794,0.001839,-0.006942,0.038876,0.819862,-1.17898,1.901457,0.517122
126,0.156094,-0.054882,0.287193,-0.44044,-0.080748,-0.894168,0.062928,-0.996263,0.058912,-0.89504,-0.030227,0.444991,0.01953,-0.00626,0.064227,-0.089982,0.150141,-0.043349,0.521028,-0.159993,-0.009778,0.299166,-0.073614,0.647571,0.758436,-0.402809,-0.714916,0.571467,0.912354,-0.264235,0.312495,-2.1e-05,0.000862,0.000958,-0.0,0.0,0.0,-1.404385,0.045871,0.038133,-0.018167,0.153259,-0.511083,0.845757,0.378035,0.821088,0.427672,-0.913017,0.254181,0.319047,-1.4e-05,0.000532,0.000593,5e-06,-1.7e-05,1.9e-05,-1.025263,0.077512,0.0153,-0.073907,0.491514,0.056896,-0.869008,-0.050989,0.998031,0.036504,0.869375,0.026368,0.493448,0.001611,-0.008421,0.036562,-0.147699,0.225362,-0.284539,0.517775
127,0.156499,-0.055461,0.289729,-0.449164,-0.068369,-0.890855,0.060562,-0.997093,0.045928,-0.89085,-0.033245,0.45311,0.018855,-0.011468,0.056187,-0.028092,0.490604,0.111991,0.521716,-0.159972,-0.009735,0.299211,-0.071167,0.648235,0.758102,-0.401547,-0.714246,0.57319,0.913101,-0.264421,0.310147,0.014601,0.002571,0.001265,0.001201,-0.027337,0.055909,-1.40422,0.045876,0.038153,-0.018147,0.150656,-0.511956,0.845696,0.376802,0.820621,0.429651,-0.913959,0.253931,0.316538,-6e-06,0.000236,0.000262,0.009793,-0.012413,-0.008952,-1.025263,0.077715,0.015015,-0.072632,0.498348,0.045319,-0.865791,-0.048099,0.998539,0.024582,0.865641,0.029393,0.4998,0.001295,-0.010964,0.032632,-0.007307,0.736155,0.178011,0.519572
128,0.156726,-0.056211,0.291822,-0.451298,-0.054674,-0.890723,0.05737,-0.997822,0.032121,-0.88998,-0.036545,0.454562,0.017949,-0.019013,0.045099,-0.05777,0.235189,0.156133,0.521604,-0.159941,-0.009692,0.299256,-0.071172,0.648292,0.758052,-0.401556,-0.714201,0.57324,0.913097,-0.264401,0.310176,-1.9e-05,0.000769,0.000854,-1e-06,1e-06,1e-06,-1.404373,0.045897,0.038177,-0.018122,0.150853,-0.512007,0.845631,0.376919,0.820591,0.429607,-0.913879,0.253927,0.316774,0.007308,0.000932,0.000241,0.002309,-0.015569,0.028987,-1.023303,0.077829,0.014646,-0.071577,0.50096,0.031357,-0.864901,-0.044102,0.998969,0.010673,0.864345,0.032798,0.501827,0.000827,-0.014949,0.026781,-0.076316,0.363486,0.147245,0.520878
129,0.156803,-0.056618,0.292648,-0.447637,-0.047091,-0.893,0.055215,-0.99815,0.024899,-0.891966,-0.03811,0.450522,0.001316,-0.011018,0.03235,0.250133,-0.508817,0.835291,0.521293,-0.159941,-0.009668,0.299282,-0.068711,0.648869,0.757786,-0.400274,-0.713596,0.574887,0.913844,-0.264621,0.307778,-3e-05,0.001205,0.001338,-0.220673,0.297674,0.214025,-1.40438,0.045897,0.038188,-0.018109,0.149658,-0.512422,0.845592,0.376345,0.82037,0.43053,-0.914312,0.253802,0.315623,-1.5e-05,0.000625,0.000693,-0.324388,0.431675,0.310265,-1.022487,0.077873,0.01444,-0.071159,0.498212,0.024363,-0.866712,-0.041522,0.999128,0.004218,0.86606,0.033886,0.498789,0.000615,-0.01157,0.01954,0.933149,-1.371705,2.104882,0.520878
130,0.156759,-0.05742,0.293793,-0.443062,-0.037234,-0.895743,0.051013,-0.998552,0.016216,-0.894502,-0.038471,0.445437,0.000385,-0.007859,0.012809,0.279166,-0.411928,0.654377,0.52219,-0.159943,-0.009636,0.299302,-0.068728,0.648945,0.757719,-0.40031,-0.713531,0.574942,0.913827,-0.264609,0.307839,-8e-06,0.000306,0.000339,-4.7e-05,6.4e-05,4.6e-05,-1.404546,0.045896,0.038206,-0.018098,0.148421,-0.512862,0.845543,0.375791,0.820125,0.431481,-0.914741,0.253707,0.314452,-3e-06,0.000124,0.000138,0.002043,-0.002659,-0.001916,-1.02265,0.077851,0.014045,-0.070587,0.494269,0.016304,-0.869155,-0.036999,0.999312,-0.002295,0.86852,0.033292,0.494532,0.000128,-0.009866,0.009957,-0.07184,0.026036,-0.040019,0.520878
131,0.156452,-0.057997,0.294195,-0.441802,-0.034123,-0.896488,0.048146,-0.998725,0.014228,-0.895284,-0.036841,0.443999,-0.016517,-0.013204,0.005161,-0.03193,-0.054166,0.101132,0.521507,-0.159976,-0.009615,0.29933,-0.068737,0.648953,0.757712,-0.400312,-0.713527,0.574947,0.913826,-0.264601,0.30785,-5e-06,0.000213,0.000236,-0.0,0.0,0.0,-1.404421,0.045885,0.038216,-0.018085,0.148462,-0.512883,0.845523,0.375813,0.820114,0.431483,-0.914725,0.2537,0.314503,-3e-06,0.000126,0.000141,2.5e-05,-6e-05,-5.7e-05,-1.019874,0.077704,0.013749,-0.070378,0.491812,0.010837,-0.870633,-0.033824,0.999405,-0.006667,0.870043,0.032728,0.491886,-0.008297,-0.001251,-0.001802,0.004961,-0.080375,0.144429,0.521368
132,0.155937,-0.058244,0.294111,-0.441196,-0.032754,-0.896838,0.047236,-0.998783,0.013181,-0.895633,-0.036514,0.443324,-0.016761,0.007113,-0.013947,0.033853,0.015934,-0.036304,0.521198,-0.16001,-0.009588,0.299363,-0.068776,0.649087,0.757593,-0.400333,-0.713428,0.575055,0.913814,-0.264541,0.307938,-3.5e-05,0.001452,0.001611,-0.0,0.0,0.0,-1.404419,0.045863,0.038226,-0.018072,0.148498,-0.512993,0.84545,0.375838,0.820056,0.431571,-0.914709,0.253665,0.314579,-9e-06,0.000316,0.000352,-2.1e-05,1.1e-05,-4.2e-05,-1.02216,0.077451,0.013613,-0.07042,0.491213,0.009489,-0.870987,-0.032835,0.999431,-0.00763,0.87042,0.032347,0.491245,-0.008394,-0.002099,-0.003016,-0.001359,0.028502,-0.055056,0.521368
133,0.155646,-0.058304,0.293971,-0.441188,-0.032797,-0.89684,0.047323,-0.998778,0.013185,-0.895631,-0.036591,0.443319,-0.016852,-0.004668,-0.006733,-0.001778,0.028504,-0.054847,0.521705,-0.160032,-0.00956,0.299397,-0.068791,0.64913,0.757556,-0.40034,-0.713396,0.575089,0.913809,-0.26452,0.307968,-3.8e-05,0.001574,0.001745,-0.0,0.0,0.0,-1.404447,0.045852,0.03824,-0.018054,0.148519,-0.513057,0.845407,0.375851,0.820022,0.431623,-0.9147,0.253643,0.314622,-2.6e-05,0.0011,0.001221,0.001889,-0.015843,0.024011,-1.02265,0.077306,0.013587,-0.070493,0.491132,0.009369,-0.871034,-0.032878,0.999428,-0.007789,0.870464,0.032463,0.491159,-0.008403,-0.002159,-0.00311,-0.00144,0.028522,-0.055036,0.521204
134,0.155132,-0.058427,0.293595,-0.437808,-0.032282,-0.898514,0.04798,-0.998757,0.012445,-0.897257,-0.037629,0.439933,-0.0008,-0.006601,-0.00944,-0.026596,-0.12636,-0.100914,0.521684,-0.160023,-0.009473,0.299507,-0.068849,0.649392,0.757326,-0.400358,-0.713205,0.575315,0.913797,-0.264393,0.308113,-6e-05,0.002442,0.002706,-0.0,0.0,0.0,-1.404541,0.045856,0.038284,-0.017999,0.148585,-0.513349,0.845218,0.375892,0.819871,0.431875,-0.914673,0.25354,0.314784,-3.9e-05,0.001528,0.001692,7e-06,-6e-06,-9e-06,-1.02363,0.077043,0.013525,-0.070681,0.488098,0.008728,-0.872744,-0.033441,0.999402,-0.008708,0.872147,0.033436,0.488099,-0.008517,-0.003041,-0.004387,-0.043666,-0.306274,-0.0089,0.521204
135,0.15475,-0.058645,0.293263,-0.434072,-0.030893,-0.900374,0.048048,-0.99877,0.011046,-0.899071,-0.038435,0.436144,-0.000811,-0.006624,-0.009505,0.004341,-0.0832,0.148283,0.521744,-0.160014,-0.009375,0.29963,-0.068889,0.649577,0.757164,-0.400363,-0.713072,0.575475,0.913792,-0.264298,0.30821,-5.8e-05,0.002359,0.002611,-0.0,0.0,0.0,-1.404513,0.045861,0.038333,-0.017937,0.148626,-0.513537,0.845097,0.37591,0.819776,0.432039,-0.914659,0.253468,0.314884,-2.5e-05,0.000922,0.001021,-6e-06,8e-06,-1.2e-05,-1.024446,0.076845,0.013412,-0.070853,0.484132,0.007776,-0.87496,-0.033606,0.999388,-0.009713,0.874349,0.034107,0.484097,-0.008525,-0.003007,-0.004357,0.001812,0.044287,-0.048535,0.521041
136,0.154577,-0.058767,0.293105,-0.431434,-0.031618,-0.901615,0.047977,-0.998762,0.012008,-0.900345,-0.038043,0.433541,-0.017038,-0.005773,-0.008409,-0.004415,0.014079,-0.062631,0.52151,-0.160004,-0.009333,0.299675,-0.068891,0.649597,0.757146,-0.400366,-0.713057,0.575493,0.913791,-0.264291,0.308221,-5.5e-05,0.002226,0.002462,-0.0,0.0,0.0,-1.40437,0.045866,0.038356,-0.017913,0.148633,-0.513577,0.845072,0.375919,0.819754,0.432073,-0.914654,0.253458,0.314906,-3.2e-05,0.001265,0.001401,0.0019,-0.015842,0.024017,-1.025263,0.076765,0.01335,-0.070933,0.481389,0.008436,-0.876466,-0.033524,0.999399,-0.008794,0.875865,0.033616,0.481382,-0.000394,-0.003238,-0.004644,0.004328,0.02845,-0.018945,0.521368
137,0.154293,-0.058974,0.292789,-0.426887,-0.031308,-0.903789,0.053389,-0.998517,0.009314,-0.902211,-0.044245,0.429051,-0.000755,-0.006082,-0.008767,0.005366,-0.082629,0.150715,0.521741,-0.160016,-0.009289,0.29974,-0.068921,0.64971,0.757046,-0.40036,-0.712978,0.575594,0.913791,-0.264223,0.308278,-1.7e-05,0.000707,0.000781,-0.0,0.0,0.0,-1.404471,0.04586,0.03838,-0.017878,0.148666,-0.513703,0.844989,0.375923,0.819693,0.432185,-0.914647,0.2534,0.314973,-1e-05,0.000365,0.000403,5e-06,0.0,-8e-06,-1.025589,0.076616,0.013245,-0.071095,0.477178,0.008042,-0.878769,-0.038825,0.999174,-0.011938,0.877948,0.039815,0.477096,-0.000375,-0.003051,-0.004388,0.003829,-0.07307,0.148674,0.521531
138,0.154073,-0.059151,0.292477,-0.426376,-0.030166,-0.904068,0.053015,-0.998546,0.008257,-0.902475,-0.044379,0.428482,-0.01687,-0.004146,-0.006125,-0.000984,0.014714,-0.029553,0.521664,-0.160012,-0.009284,0.299852,-0.072821,0.649493,0.756867,-0.395995,-0.715232,0.575816,0.915394,-0.258586,0.308301,-2.5e-05,0.001021,0.001127,0.013094,-0.109214,0.165685,-1.404731,0.045862,0.038382,-0.017823,0.152508,-0.513159,0.844635,0.371389,0.821751,0.432197,-0.915866,0.247775,0.315904,0.000502,-0.005125,0.004512,-0.036488,0.010787,-0.018139,-1.024936,0.076512,0.013156,-0.071252,0.476733,0.0069,-0.87902,-0.038374,0.999179,-0.012968,0.878209,0.039914,0.476607,-0.000351,-0.002858,-0.004127,-0.000951,0.013979,-0.02521,0.521694
139,0.154036,-0.059241,0.292328,-0.426322,-0.030049,-0.904097,0.052993,-0.998548,0.008141,-0.902502,-0.04441,0.428422,-0.000677,-0.005409,-0.007829,-0.000789,0.0138,-0.025288,0.521437,-0.16001,-0.009286,0.299896,-0.075249,0.648775,0.757246,-0.397183,-0.715963,0.574088,0.914687,-0.258366,0.310578,-1.5e-05,0.000626,0.000692,0.010082,-0.013567,-0.00975,-1.404373,0.045863,0.038381,-0.0178,0.155184,-0.512286,0.844677,0.372603,0.822238,0.430222,-0.914922,0.247966,0.318478,-7e-06,0.000262,0.000291,-0.007731,0.009422,0.006769,-1.024936,0.076488,0.01311,-0.071327,0.47669,0.006806,-0.879044,-0.038354,0.999178,-0.013062,0.878233,0.039941,0.476559,-0.000333,-0.002692,-0.003893,-0.000916,0.013812,-0.025194,0.521531
