frame,MLTx,MLTy,MLTz,MLTR1,MLTR2,MLTR3,MLTR4,MLTR5,MLTR6,MLTR7,MLTR8,MLTR9,MLTTVx,MLTTVy,MLTTVz,MLTRVx,MLTRVy,MLTRVz,MLGA,MRTx,MRTy,MRTz,MRTR1,MRTR2,MRTR3,MRTR4,MRTR5,MRTR6,MRTR7,MRTR8,MRTR9,MRTTVx,MRTTVy,MRTTVz,MRTRVx,MRTRVy,MRTRVz,MRGA,SLTx,SLTy,SLTz,SLTR1,SLTR2,SLTR3,SLTR4,SLTR5,SLTR6,SLTR7,SLTR8,SLTR9,SLTTVx,SLTTVy,SLTTVz,SLTRVx,SLTRVy,SLTRVz,SLGA,SRTx,SRTy,SRTz,SRTR1,SRTR2,SRTR3,SRTR4,SRTR5,SRTR6,SRTR7,SRTR8,SRTR9,SRTTVx,SRTTVy,SRTTVz,SRTRVx,SRTRVy,SRTRVz,SRGA
62,0.148634,-0.038164,0.301783,-0.186636,0.229079,-0.955372,-0.700144,-0.713158,-0.03428,-0.688959,0.662213,0.294679,-0.015296,0.043545,-0.034239,0.076237,-0.982175,-0.819364,0.203755,-0.187002,-0.028689,0.324992,-0.676488,-0.462253,0.573304,0.698204,-0.649952,0.300013,0.234775,0.603816,0.761676,0.105083,-0.040124,0.010182,-2.819416,-2.2653,-4.7436,-1.304451,0.034146,0.030305,-0.017565,0.677685,0.457058,0.576056,-0.686866,0.673188,0.27392,-0.262597,-0.581305,0.770146,0.05246,-0.019858,0.005175,-2.736707,-2.346514,-4.774629,-0.885813,0.074119,0.020332,-0.074209,0.276456,-0.180239,-0.943972,0.598455,0.800843,0.022356,0.751945,-0.571106,0.329263,-0.015308,0.027747,-0.020778,0.060381,-0.927079,-1.257138,-0.022553
63,0.147761,-0.036266,0.300282,-0.221048,0.173708,-0.959692,-0.690468,-0.722796,0.028152,-0.688504,0.66864,0.280908,-0.015408,0.042196,-0.035928,-0.557908,0.62621,-3.382077,0.268172,-0.182878,-0.030373,0.325429,-0.646417,-0.515045,0.562907,0.736548,-0.613504,0.284681,0.199522,0.599275,0.775193,0.091381,-0.052887,0.017431,0.114053,-0.231549,-0.278539,-1.254068,0.036135,0.029506,-0.017348,0.648135,0.512187,0.563546,-0.72704,0.636352,0.257813,-0.226565,-0.576818,0.784823,0.052753,-0.020963,0.003852,0.229455,-0.373837,-0.325705,-0.860992,0.073694,0.021266,-0.074937,0.300422,-0.122903,-0.945854,0.584209,0.807588,0.08062,0.753953,-0.576797,0.314418,-0.007676,0.02112,-0.017917,0.088732,-0.665088,-0.786547,0.110529
64,0.147367,-0.035452,0.299569,-0.235231,0.151206,-0.960129,-0.684791,-0.72677,0.053263,-0.689455,0.669827,0.2757,-0.015475,0.041503,-0.036796,-0.104978,-0.019668,-1.812484,0.259046,-0.181155,-0.031199,0.32555,-0.638099,-0.530336,0.558179,0.745909,-0.605283,0.277824,0.191305,0.594294,0.781076,0.09084,-0.04356,0.007089,0.316393,-0.508605,-0.190164,-1.235281,0.037071,0.029058,-0.017278,0.640412,0.526885,0.558805,-0.736385,0.627937,0.251856,-0.218195,-0.572788,0.790129,0.045414,-0.021973,0.003278,0.397772,-0.578611,-0.220196,-0.857237,0.07348,0.021709,-0.075322,0.313544,-0.094908,-0.944818,0.575514,0.810416,0.109581,0.755296,-0.578115,0.308722,-0.007715,0.020655,-0.018503,-0.12901,-0.010185,-1.890898,0.133389
65,0.146407,-0.033855,0.298187,-0.255694,0.111151,-0.960371,-0.672629,-0.733955,0.094082,-0.694101,0.669888,0.263628,-0.015592,0.030121,-0.028913,0.020851,-0.10243,-1.213903,0.26773,-0.178634,-0.032714,0.325928,-0.60547,-0.574687,0.550575,0.780172,-0.564981,0.268444,0.157541,0.592797,0.789706,0.04595,-0.028616,0.006201,-2.705662,-2.156442,-4.601988,-1.225443,0.038331,0.028291,-0.017099,0.61022,0.570052,0.550156,-0.770187,0.589546,0.243406,-0.185588,-0.572254,0.7988,0.022901,-0.014062,0.003233,-2.773958,-2.096527,-4.566461,-0.872096,0.073006,0.022496,-0.076003,0.327986,-0.053159,-0.943185,0.560152,0.814905,0.14886,0.760693,-0.577151,0.297054,-0.015381,0.021309,-0.017785,0.02836,-0.390892,-1.12975,0.135839
66,0.145476,-0.032573,0.296809,-0.270319,0.081683,-0.959323,-0.670905,-0.730605,0.126785,-0.690202,0.677783,0.253493,-0.016327,0.024799,-0.035616,0.018312,-0.132382,-0.801879,0.30162,-0.176463,-0.034011,0.326364,-0.571807,-0.620541,0.536617,0.811179,-0.525002,0.257479,0.122654,0.583297,0.80286,0.061115,-0.026999,0.0065,0.30985,-0.480317,-0.247482,-1.178935,0.039417,0.027646,-0.016879,0.576721,0.618316,0.533927,-0.803082,0.548969,0.231712,-0.149838,-0.562421,0.813161,0.030561,-0.013424,0.003294,0.351561,-0.512728,-0.262195,-0.878465,0.072542,0.023146,-0.076681,0.338406,-0.021489,-0.940754,0.556762,0.810541,0.181762,0.758615,-0.585285,0.286256,-0.008105,0.012617,-0.017517,-0.022002,-0.328415,-0.654638,0.174049
67,0.145051,-0.032124,0.296102,-0.2569,0.072912,-0.963707,-0.669387,-0.732648,0.122956,-0.696782,0.676588,0.238225,-0.01662,0.022781,-0.038188,0.423925,-1.873251,1.892329,0.317518,-0.17565,-0.034566,0.326521,-0.569389,-0.627564,0.530991,0.812872,-0.52577,0.250476,0.122692,0.575032,0.808794,0.031306,-0.027731,0.008231,0.347442,-0.457812,-0.280888,-1.148167,0.039823,0.027369,-0.016799,0.574662,0.624986,0.52835,-0.80457,0.54959,0.224982,-0.149766,-0.554384,0.818674,0.015651,-0.013812,0.004138,0.424325,-0.526317,-0.308814,-0.870627,0.072329,0.023371,-0.077034,0.327114,-0.013846,-0.944883,0.554724,0.812299,0.18014,0.765033,-0.583076,0.273395,-0.01599,0.011864,-0.0186,0.027154,-0.543816,-0.533142,0.198216
68,0.144506,-0.03134,0.294665,-0.244736,0.057602,-0.967901,-0.666406,-0.735068,0.124702,-0.703993,0.67546,0.219491,-0.001141,0.022277,-0.038658,-0.044426,0.103078,-0.890063,0.338348,-0.174986,-0.035314,0.326924,-0.565726,-0.63646,0.524274,0.816394,-0.521348,0.248254,0.116024,0.569256,0.813848,0.016612,-0.020244,0.017383,-0.066667,-0.011927,-0.026146,-1.111815,0.040149,0.026997,-0.016618,0.571096,0.634535,0.520782,-0.808304,0.545324,0.221958,-0.143155,-0.547709,0.82433,0.007907,-0.004315,0.004792,-0.130261,-0.107119,0.075987,-0.858706,0.072051,0.023748,-0.077746,0.308583,-0.002521,-0.951193,0.552282,0.814647,0.177011,0.774441,-0.57995,0.252779,-0.000643,0.005492,-0.015319,-0.0263,-0.522093,-0.335204,0.23463
69,0.144723,-0.030568,0.293289,-0.259102,0.044322,-0.964856,-0.661283,-0.736224,0.143706,-0.703666,0.67522,0.221269,0.014423,0.022392,-0.03832,0.07827,-0.003585,-0.238931,0.311763,-0.174862,-0.035568,0.327414,-0.545919,-0.656208,0.520917,0.832002,-0.497386,0.245589,0.098612,0.568298,0.816809,0.000941,-0.005931,0.013747,-0.031464,-0.007485,0.004264,-1.11211,0.040217,0.026862,-0.01636,0.551846,0.654437,0.516891,-0.824411,0.521564,0.219808,-0.125742,-0.547432,0.827349,0.00047,-0.002781,0.007065,-0.049568,0.013826,0.016107,-0.880914,0.072158,0.024149,-0.078465,0.323134,0.014603,-0.94624,0.545146,0.814445,0.198732,0.773563,-0.580056,0.255214,0.007232,0.011167,-0.019193,0.091557,0.032323,-0.204197,0.239692
70,0.145347,-0.029643,0.291776,-0.261815,0.028145,-0.964731,-0.656339,-0.73803,0.156535,-0.707276,0.674137,0.212902,0.014713,0.024483,-0.035713,0.027317,-0.422305,-0.413236,0.247251,-0.174939,-0.035899,0.327885,-0.537066,-0.662848,0.521712,0.838604,-0.48586,0.246205,0.090945,0.570569,0.816115,0.000858,-0.009039,0.010478,-0.114291,-0.026939,-0.140409,-1.112247,0.040184,0.026712,-0.016123,0.543662,0.660777,0.517499,-0.830899,0.510771,0.220721,-0.118476,-0.549988,0.826726,0.000834,-0.009602,0.009883,-0.944807,-0.409036,-1.374695,-0.902142,0.072464,0.02459,-0.079199,0.324204,0.02859,-0.945554,0.539699,0.815322,0.2097,0.776927,-0.578301,0.2489,0.007362,0.012096,-0.018046,0.01357,-0.563634,-0.501161,0.170456
71,0.145568,-0.029091,0.291056,-0.259708,0.017922,-0.965544,-0.658212,-0.734878,0.163348,-0.706314,0.677931,0.203854,0.014858,0.025553,-0.034363,-5.314306,0.454301,0.703424,0.237542,-0.175009,-0.036157,0.328101,-0.532344,-0.666177,0.522311,0.842017,-0.479779,0.246481,0.08705,0.571842,0.815648,-0.014165,-0.011319,0.009376,-0.050819,0.117729,-0.223401,-1.111384,0.040149,0.026583,-0.016008,0.538805,0.664464,0.517856,-0.834642,0.504445,0.22115,-0.114283,-0.551381,0.826388,0.000394,-0.005567,0.004142,-0.034843,0.011033,-0.016185,-0.908673,0.072569,0.024865,-0.07956,0.320371,0.040636,-0.946419,0.536787,0.815409,0.216718,0.780526,-0.577456,0.239421,-0.000223,0.013351,-0.01657,-0.061789,-0.707154,-0.775769,0.137798
72,0.145779,-0.027928,0.28977,-0.251857,-0.006139,-0.967768,-0.675126,-0.71534,0.180181,-0.693084,0.698751,0.177226,-0.00026,0.028448,-0.030903,-0.065403,-0.78325,-0.445859,0.279418,-0.174867,-0.03676,0.328508,-0.518734,-0.677385,0.52159,0.851518,-0.463255,0.245449,0.076005,0.572314,0.816421,0.000791,-0.011557,0.007837,-0.036294,0.009578,-0.018758,-1.098185,0.040208,0.026287,-0.015813,0.525375,0.676002,0.516721,-0.844564,0.488107,0.220141,-0.1034,-0.552061,0.827367,0.000381,-0.00604,0.003643,-0.039808,0.01504,-0.014745,-0.913735,0.07268,0.025445,-0.080204,0.309929,0.061177,-0.948788,0.559978,0.794726,0.234164,0.768353,-0.603876,0.212052,-4.7e-05,0.014632,-0.014937,-0.441783,-0.265128,-0.293461,0.134369
73,0.145717,-0.026976,0.288615,-0.238389,-0.026027,-0.970844,-0.685746,-0.703338,0.187185,-0.687415,0.710406,0.15103,-0.015954,0.027169,-0.032796,0.01766,-0.530078,-0.330808,0.359202,-0.1746,-0.037322,0.328947,-0.51798,-0.677524,0.522158,0.852099,-0.461593,0.246563,0.074611,0.573493,0.815722,0.000831,-0.010147,0.009321,-0.036443,0.00969,-0.018689,-1.05208,0.040342,0.025998,-0.015594,0.524673,0.676094,0.517315,-0.845167,0.48652,0.22134,-0.102037,-0.553348,0.826676,0.000821,-0.010218,0.009246,-0.072016,0.01989,-0.035827,-0.904264,0.072661,0.025938,-0.080786,0.293553,0.080871,-0.952515,0.571533,0.783868,0.242692,0.766273,-0.615637,0.183887,-0.000384,0.00729,-0.013127,-0.04519,-0.774883,-0.248894,0.224832
74,0.14562,-0.026658,0.28806,-0.226493,-0.035579,-0.973386,-0.686173,-0.703416,0.185319,-0.691015,0.709927,0.136119,-0.016394,0.01409,-0.027142,-0.014526,-0.494097,-0.343371,0.389667,-0.174524,-0.037532,0.329201,-0.516819,-0.679281,0.521024,0.852817,-0.461101,0.244996,0.07446,0.571807,0.816918,0.000874,-0.008505,0.011047,0.325879,-0.394454,-0.255731,-1.048486,0.04038,0.02589,-0.01547,0.524391,0.676144,0.517534,-0.845416,0.485839,0.221883,-0.101413,-0.553885,0.826393,0.000443,-0.00376,0.006039,-0.033889,-0.003303,0.008036,-0.904101,0.072613,0.026104,-0.081063,0.28065,0.088612,-0.95571,0.572017,0.784135,0.24068,0.770733,-0.61423,0.16938,-0.000445,0.00688,-0.013659,-0.045511,-0.810929,-0.183669,0.273983
75,0.145295,-0.02629,0.286993,-0.215127,-0.048387,-0.97541,-0.685696,-0.703681,0.186083,-0.695121,0.708924,0.119418,-0.001252,0.011637,-0.030128,0.029021,-0.396723,0.000635,0.448252,-0.174075,-0.03781,0.329606,-0.498817,-0.694677,0.518263,0.864522,-0.440492,0.241873,0.060881,0.56957,0.819601,0.030869,-0.007741,0.009237,0.023774,-0.083451,0.003116,-1.047654,0.040599,0.025751,-0.015259,0.505918,0.693837,0.512481,-0.858033,0.465728,0.216505,-0.088458,-0.54926,0.830956,0.007934,-0.003912,0.005224,-0.001914,-0.047079,-0.018962,-0.908347,0.072445,0.026287,-0.081597,0.268085,0.099937,-0.958197,0.571245,0.784404,0.241635,0.775763,-0.612145,0.153199,-0.008458,0.000154,-0.011224,-0.038037,-0.341431,-0.302323,0.363139
76,0.144654,-0.026002,0.285964,-0.214039,-0.051493,-0.97549,-0.684178,-0.704841,0.187272,-0.69695,0.707555,0.116849,-0.016752,0.011876,-0.03017,0.068545,0.01566,-0.043813,0.488751,-0.173413,-0.038209,0.329925,-0.488364,-0.700829,0.519934,0.870198,-0.434976,0.231269,0.064679,0.566266,0.821598,0.015799,-0.011805,0.006266,0.00605,-0.127753,0.168228,-1.045933,0.040936,0.025558,-0.015094,0.49541,0.700303,0.513949,-0.863742,0.459997,0.205798,-0.092294,-0.545874,0.832767,0.008304,-0.011451,0.007289,-0.081166,0.012534,-0.035668,-0.919777,0.07213,0.02643,-0.082113,0.266271,0.103256,-0.958351,0.56945,0.785339,0.242833,0.777705,-0.610393,0.150314,-0.008338,0.006065,-0.014909,0.071461,0.013436,-0.010959,0.43711
77,0.144247,-0.025814,0.28542,-0.214201,-0.051734,-0.975442,-0.683284,-0.705669,0.187417,-0.697776,0.706711,0.117022,-0.032047,0.013502,-0.028387,0.068219,0.01519,-0.048864,0.494969,-0.173077,-0.038516,0.330083,-0.480492,-0.706501,0.519593,0.875093,-0.424513,0.232241,0.057087,0.567166,0.82154,0.015792,-0.012658,0.005364,-0.111522,-0.040812,-0.112393,-1.044169,0.041104,0.025404,-0.015015,0.488009,0.705867,0.513418,-0.868729,0.449808,0.207322,-0.084598,-0.547196,0.832717,0.007884,-0.006665,0.002322,-0.293849,-0.192967,-0.246201,-0.924022,0.071932,0.026521,-0.082389,0.266442,0.103385,-0.95829,0.568467,0.786043,0.242858,0.778366,-0.609464,0.150664,-0.008374,0.00587,-0.015187,0.067428,0.018473,-0.041955,0.46046
78,0.143607,-0.025459,0.284372,-0.213312,-0.051907,-0.975628,-0.681782,-0.707326,0.186644,-0.699517,0.705041,0.116708,-0.016504,0.013672,-0.027954,0.069191,0.000371,-0.019366,0.495605,-0.172354,-0.039146,0.33053,-0.461471,-0.71868,0.520129,0.885975,-0.402596,0.229998,0.044675,0.567858,0.821831,0.015868,-0.010063,0.008082,-0.020503,-0.021557,0.001017,-1.02634,0.04146,0.025086,-0.014802,0.469109,0.718664,0.513281,-0.880177,0.428026,0.205135,-0.072274,-0.54801,0.833343,0.00835,-0.010264,0.008529,-0.092168,0.091802,-0.187285,-0.922553,0.071606,0.026696,-0.082907,0.265698,0.103457,-0.958488,0.566843,0.787441,0.242126,0.779803,-0.607645,0.150577,-0.008225,0.006896,-0.013886,0.067956,0.000724,-0.019101,0.47581
79,0.143053,-0.025225,0.283506,-0.21171,-0.060524,-0.97548,-0.671889,-0.7158,0.190179,-0.709503,0.69575,0.112092,-0.016413,0.01434,-0.027144,0.164495,-0.333309,-0.235747,0.50544,-0.171692,-0.039633,0.330952,-0.437827,-0.730711,0.523795,0.898206,-0.379763,0.221225,0.037804,0.568248,0.821906,0.015886,-0.009861,0.008285,-0.102299,-0.047802,-0.11926,-1.020708,0.041802,0.024837,-0.014583,0.445696,0.731332,0.516244,-0.892788,0.405306,0.19661,-0.065449,-0.548525,0.833568,0.007938,-0.004922,0.004145,-0.137373,-0.025177,-0.10236,-0.92288,0.071329,0.026814,-0.083348,0.263293,0.110512,-0.958365,0.555925,0.794507,0.244347,0.788431,-0.597114,0.147752,-0.00833,0.001312,-0.009857,0.418476,-0.557173,-0.440937,0.484464
80,0.142539,-0.025082,0.282827,-0.210198,-0.069121,-0.975236,-0.662194,-0.723772,0.193971,-0.719002,0.686651,0.107579,-0.016288,0.005304,-0.016248,0.024278,-0.042245,-0.074333,0.510907,-0.171198,-0.039965,0.331295,-0.409641,-0.747426,0.52301,0.912013,-0.346254,0.219714,0.017376,0.567931,0.822809,0.01592,-0.008374,0.00984,-0.034085,-0.017098,-0.005433,-1.019955,0.042038,0.024671,-0.014418,0.418062,0.748653,0.51453,-0.907305,0.372146,0.195716,-0.044957,-0.548658,0.834837,0.007949,-0.004582,0.004502,-0.124844,-0.027064,-0.109655,-0.926798,0.071072,0.026887,-0.083695,0.259936,0.120596,-0.958065,0.544834,0.800837,0.248626,0.797237,-0.586614,0.142461,-0.008116,0.00275,-0.007988,0.038413,-0.004637,-0.049635,0.498017
81,0.142363,-0.025015,0.282567,-0.209783,-0.069116,-0.975325,-0.661876,-0.724155,0.193625,-0.719416,0.686248,0.107385,-0.000613,0.006028,-0.01495,0.038895,-0.125658,0.182438,0.508545,-0.170899,-0.040007,0.33136,-0.39485,-0.75614,0.521859,0.918639,-0.329671,0.217609,0.007982,0.566268,0.824099,0.030082,0.001736,-0.000888,-0.02534,-0.04064,-0.280347,-1.01886,0.042199,0.02465,-0.014379,0.403468,0.757654,0.513002,-0.914302,0.355625,0.19386,-0.035558,-0.547256,0.836208,0.015039,0.000853,-0.000464,-0.04038,-0.025258,-0.274441,-0.930718,0.070978,0.026918,-0.083827,0.259861,0.120214,-0.958133,0.544392,0.801275,0.248181,0.797564,-0.586093,0.142776,-0.008178,-0.002557,-0.003564,0.00181,0.043805,-0.04491,0.500956
82,0.142071,-0.024928,0.282126,-0.208595,-0.072,-0.975371,-0.661292,-0.724363,0.194842,-0.7203,0.685735,0.104702,-0.016205,-0.003965,-0.005642,-0.001683,0.029597,-0.054254,0.506243,-0.170386,-0.040109,0.331356,-0.388696,-0.758534,0.523004,0.92128,-0.322634,0.216985,0.004624,0.567123,0.823537,0.015004,-0.001918,-0.003381,0.000276,-0.002131,0.003626,-1.016465,0.04245,0.024604,-0.014375,0.397375,0.76011,0.514125,-0.917094,0.348551,0.193518,-0.032104,-0.548401,0.835598,-1.2e-05,-0.000852,-0.000903,-0.012852,0.092248,-0.174616,-0.939535,0.070838,0.026966,-0.084041,0.258119,0.122808,-0.958275,0.543778,0.801385,0.249173,0.798548,-0.585405,0.140072,-0.000323,-0.002066,-0.002742,0.006555,-0.098971,0.172949,0.498181
83,0.14192,-0.024931,0.281964,-0.20775,-0.075874,-0.975258,-0.648062,-0.736111,0.195265,-0.732463,0.672686,0.104971,-0.000122,-0.00076,-0.001013,3.2e-05,-7e-06,-4e-06,0.507274,-0.170116,-0.040171,0.331266,-0.382879,-0.760863,0.523911,0.923723,-0.316031,0.216319,0.001451,0.567723,0.823135,0.015019,-0.001191,-0.002623,0.002045,-0.015205,0.029245,-1.015295,0.04259,0.024569,-0.014425,0.391646,0.762565,0.514884,-0.919659,0.342037,0.192966,-0.02896,-0.549093,0.835258,0.007511,-0.000638,-0.001359,0.002795,-0.01469,0.03033,-0.944107,0.070756,0.026962,-0.084135,0.25685,0.126441,-0.958143,0.529019,0.811294,0.248876,0.808805,-0.570801,0.141491,-3.9e-05,-0.000273,-0.000365,-0.001314,6.8e-05,3.1e-05,0.498507
84,0.141958,-0.024909,0.281977,-0.208059,-0.074264,-0.975316,-0.643711,-0.740346,0.193638,-0.736201,0.668199,0.107446,0.000153,0.000957,0.001274,0.005112,0.030919,0.020353,0.506836,-0.169993,-0.040194,0.331215,-0.378251,-0.763121,0.523989,0.925625,-0.310471,0.21624,-0.001871,0.567764,0.823106,0.015024,-0.000946,-0.002368,0.002045,-0.015205,0.029245,-1.015372,0.042646,0.024556,-0.014451,0.387062,0.764928,0.514846,-0.921696,0.336513,0.192961,-0.025651,-0.54922,0.835283,-1.1e-05,-0.00094,-0.000993,0.000702,0.000438,0.001007,-0.944924,0.070775,0.026973,-0.084129,0.257505,0.12459,-0.95821,0.524208,0.815029,0.246846,0.811724,-0.565866,0.144563,0.000125,0.000773,0.001027,-0.005122,0.009602,0.006241,0.498507
85,0.142142,-0.024827,0.282039,-0.208454,-0.071297,-0.975453,-0.643757,-0.74082,0.191664,-0.736048,0.667994,0.109745,0.000282,0.001766,0.00235,0.013515,0.081988,0.053979,0.505132,-0.169891,-0.040289,0.331121,-0.373016,-0.765359,0.524476,0.927733,-0.304352,0.215903,-0.005162,0.568066,0.822884,0.015027,-0.001054,-0.002486,-0.010249,0.075125,-0.147502,-1.01575,0.042697,0.024508,-0.014499,0.382022,0.76728,0.515111,-0.923882,0.330573,0.192776,-0.022368,-0.549547,0.835162,-1e-05,-0.000986,-0.001042,0.000509,0.000222,0.000817,-0.945414,0.070868,0.027017,-0.084094,0.258243,0.121857,-0.958363,0.524336,0.815509,0.244982,0.811406,-0.56577,0.146705,0.007873,0.000554,0.000917,0.013289,0.058658,0.112348,0.497038
86,0.142236,-0.02484,0.282058,-0.208268,-0.071217,-0.975499,-0.64383,-0.740802,0.191486,-0.736038,0.668022,0.10965,-0.000321,-0.011905,0.007148,-0.035335,0.015262,-0.01703,0.496996,-0.169781,-0.040285,0.331069,-0.372574,-0.765366,0.524779,0.927912,-0.304012,0.215614,-0.005029,0.568238,0.822766,-0.0,-2.5e-05,-2.7e-05,0.0,-0.0,-0.0,-1.013908,0.042758,0.024509,-0.014527,0.381496,0.767297,0.515475,-0.924095,0.330172,0.192441,-0.022535,-0.549764,0.835015,3e-06,5.6e-05,5.5e-05,0.000332,0.000143,0.000559,-0.94623,0.070915,0.02702,-0.08408,0.258011,0.121861,-0.958425,0.524498,0.815436,0.244877,0.811376,-0.565874,0.146475,-5.5e-05,-0.000341,-0.000455,-0.000979,-0.001598,-0.001053,0.490343
87,0.142131,-0.02493,0.282142,-0.208223,-0.07255,-0.97541,-0.639603,-0.744363,0.191848,-0.739726,0.663909,0.109806,0.000118,0.000737,0.000981,5.390629,-1.060252,-0.606847,0.493134,-0.169665,-0.040159,0.330995,-0.369222,-0.76832,0.52283,0.929206,-0.298877,0.217213,-0.010176,0.566977,0.823587,-0.000874,0.010679,-0.008768,0.036349,-0.0093,0.019049,-0.918105,0.042816,0.024573,-0.014562,0.378287,0.770295,0.513364,-0.925525,0.325119,0.194165,-0.01734,-0.548582,0.835916,-0.000437,0.005351,-0.004374,0.039793,-0.004734,0.016544,-0.915531,0.070862,0.026967,-0.08404,0.257967,0.12285,-0.958311,0.521302,0.817411,0.245116,0.813446,-0.562802,0.146823,2e-06,0.000233,0.000426,5.3917,-1.076306,-0.610003,0.484464
88,0.142052,-0.024917,0.282174,-0.208476,-0.072637,-0.97535,-0.639577,-0.744323,0.192084,-0.739676,0.663944,0.109932,9.5e-05,0.000597,0.000794,0.0,0.0,0.0,0.486174,-0.16961,-0.040145,0.330959,-0.364772,-0.770492,0.522757,0.93092,-0.293506,0.217201,-0.013474,0.566837,0.823637,-1.5e-05,-0.001266,-0.001334,-0.0,-0.0,-0.0,-0.909659,0.042843,0.024584,-0.014576,0.373887,0.77256,0.513185,-0.927367,0.319798,0.194213,-0.014074,-0.548525,0.836014,0.007523,0.000124,-0.000559,0.002889,-0.014182,0.029206,-0.911612,0.070823,0.026974,-0.084023,0.258026,0.123316,-0.958235,0.519798,0.81832,0.245277,0.81439,-0.561377,0.147048,-0.007632,0.000974,0.001114,-0.001409,0.014716,-0.029551,0.480545
89,0.141954,-0.024952,0.282316,-0.208657,-0.072686,-0.975307,-0.639762,-0.744116,0.192272,-0.739466,0.664171,0.109978,2.2e-05,-0.009731,0.010038,-0.034805,-0.000641,0.006995,0.470132,-0.169393,-0.040128,0.330791,-0.352797,-0.777643,0.52038,0.93527,-0.277809,0.219146,-0.025421,0.564982,0.824628,0.01501,-0.002815,-0.004354,0.000263,-0.002096,0.003645,-0.906917,0.042946,0.024595,-0.014657,0.3621,0.779944,0.510461,-0.932137,0.304216,0.196401,-0.002108,-0.546936,0.837171,-1.3e-05,-0.001423,-0.001502,0.000722,0.000739,0.000325,-0.920593,0.070774,0.02696,-0.083957,0.258199,0.123389,-0.958179,0.519985,0.818142,0.245475,0.814216,-0.56162,0.147084,5.9e-05,0.000379,0.000505,-0.000263,6.8e-05,3.1e-05,0.459807
90,0.14181,-0.025067,0.282538,-0.209851,-0.069955,-0.975251,-0.640159,-0.744085,0.191066,-0.738782,0.664495,0.11258,-0.015318,-0.008276,0.0116,-0.035589,0.034366,-0.043707,0.469089,-0.169272,-0.039968,0.330376,-0.351319,-0.776845,0.522569,0.935906,-0.277911,0.216284,-0.022362,0.566031,0.823997,-0.015978,0.005548,-0.0128,0.154053,0.197498,-0.159725,-0.864229,0.043012,0.024672,-0.014868,0.360582,0.779216,0.512643,-0.932712,0.304296,0.193521,-0.005201,-0.547929,0.836508,-0.007983,0.002728,-0.006449,0.164198,0.212028,-0.168788,-0.916185,0.070708,0.026902,-0.083846,0.259794,0.120615,-0.958101,0.520464,0.818239,0.244134,0.813402,-0.562082,0.149798,0.000209,0.001327,0.001765,-0.0061,-0.014099,-0.009335,0.44854
91,0.141805,-0.025103,0.28268,-0.209692,-0.069887,-0.97529,-0.640403,-0.743907,0.190942,-0.738616,0.664702,0.112451,0.000532,0.003317,0.004402,0.000543,-0.015808,0.024092,0.469573,-0.169343,-0.039877,0.330161,-0.352059,-0.775354,0.524283,0.935619,-0.277757,0.21772,-0.022756,0.568147,0.822529,-0.015972,0.006169,-0.012147,-0.082693,0.149848,0.039471,-0.862175,0.042983,0.024713,-0.014973,0.3611,0.777929,0.51423,-0.932514,0.304111,0.194764,-0.004871,-0.549856,0.835244,-0.000449,0.003771,-0.006043,-0.135144,0.178802,0.124191,-0.917001,0.070699,0.026878,-0.083774,0.259633,0.120719,-0.958131,0.520768,0.818031,0.244183,0.813259,-0.562362,0.149521,9.5e-05,-0.004311,0.005755,-0.036439,0.012204,-0.019066,0.447887
92,0.141955,-0.02518,0.282907,-0.209515,-0.069753,-0.975338,-0.640812,-0.743597,0.19078,-0.738312,0.665063,0.112311,0.000268,0.001678,0.002225,0.0,0.0,0.0,0.462949,-0.169562,-0.039628,0.329826,-0.352059,-0.775343,0.524299,0.935643,-0.27837,0.216831,-0.02174,0.567862,0.822753,-0.000893,0.009191,-0.010338,0.036417,-0.009196,0.018947,-0.864481,0.042873,0.024831,-0.015141,0.361284,0.77771,0.514432,-0.932437,0.304755,0.194125,-0.005803,-0.54981,0.835269,-0.000442,0.004433,-0.005337,0.036698,0.002087,-0.007237,-0.924349,0.070769,0.026848,-0.083658,0.25945,0.120594,-0.958197,0.521209,0.81779,0.24405,0.813035,-0.56274,0.149321,0.000172,0.001106,0.001464,0.000517,-0.015917,0.02401,0.443478
93,0.142114,-0.025158,0.282991,-0.209971,-0.066791,-0.975447,-0.640968,-0.743952,0.188858,-0.738046,0.664966,0.114614,0.000336,0.002106,0.00279,0.000858,-0.013904,0.025339,0.466773,-0.169828,-0.039517,0.329575,-0.348566,-0.774419,0.527985,0.936833,-0.271929,0.219847,-0.026254,0.572232,0.819588,-2.4e-05,-0.001901,-0.002013,-0.232887,0.341583,-0.031381,-0.866038,0.04274,0.024896,-0.015271,0.357132,0.777909,0.517023,-0.934051,0.298598,0.195925,-0.001971,-0.552897,0.833246,-0.000452,0.003896,-0.005906,-0.434604,0.49955,0.289178,-0.928431,0.070854,0.026853,-0.083615,0.260387,0.117573,-0.958318,0.521451,0.818223,0.24207,0.81258,-0.562748,0.151746,9.5e-05,0.0006,0.000793,-0.004554,-0.011971,-0.007874,0.441029
94,0.142382,-0.025065,0.283068,-0.21795,-0.065889,-0.973757,-0.639526,-0.744018,0.193431,-0.736974,0.66498,0.121235,0.015783,0.001409,0.002216,0.007321,0.449178,-0.657561,0.469086,-0.170089,-0.039481,0.329365,-0.349111,-0.77291,0.529832,0.936617,-0.271543,0.221238,-0.026699,0.574452,0.818019,-2.7e-05,-0.002001,-0.002121,-0.051067,0.058076,0.033643,-0.866361,0.042603,0.024912,-0.015378,0.358254,0.775342,0.520094,-0.933623,0.298023,0.198818,-0.000848,-0.5568,0.830645,-1e-05,-0.000997,-0.001051,-0.032617,0.040681,0.026746,-0.930228,0.070982,0.026899,-0.083577,0.267586,0.117268,-0.95637,0.519916,0.818093,0.245782,0.811223,-0.563,0.157941,0.00024,0.001452,0.001919,0.014456,1.373042,-2.128684,0.445274
95,0.142643,-0.024994,0.283065,-0.220277,-0.066478,-0.973193,-0.638941,-0.74401,0.195389,-0.736788,0.664932,0.122625,0.015851,0.011783,-0.006971,0.036351,-0.029774,0.046707,0.469926,-0.170303,-0.039407,0.329237,-0.348837,-0.7729,0.530029,0.936731,-0.271529,0.220774,-0.026292,0.574474,0.818017,-0.000886,0.00937,-0.01015,0.035805,-0.008578,0.01931,-0.863035,0.042503,0.024945,-0.015439,0.357979,0.775401,0.520195,-0.933728,0.298071,0.198253,-0.001329,-0.556691,0.830717,-0.000443,0.004479,-0.005288,0.045279,-0.01779,0.015398,-0.931697,0.071107,0.026933,-0.083572,0.270535,0.118731,-0.95536,0.519041,0.817793,0.248614,0.810805,-0.56313,0.159616,0.007969,0.006171,-0.003121,0.034862,-0.038528,0.049985,0.446091
96,0.143447,-0.024546,0.282798,-0.231249,-0.076946,-0.96987,-0.62184,-0.754969,0.208109,-0.747955,0.651322,0.127947,0.015822,0.011775,-0.007001,0.021221,-0.007241,-0.23611,0.471958,-0.170864,-0.039078,0.328912,-0.349465,-0.771381,0.531824,0.936505,-0.271669,0.22156,-0.026,0.576446,0.816638,-0.01591,0.009948,-0.008171,-0.048559,0.100294,0.044528,-0.827185,0.042222,0.025108,-0.015603,0.358425,0.77401,0.521956,-0.933556,0.298158,0.19893,-0.001651,-0.558577,0.82945,-0.008381,0.010326,-0.008442,-0.036693,0.117853,0.078014,-0.929575,0.071503,0.027148,-0.0837,0.279102,0.130066,-0.951411,0.500126,0.826108,0.25965,0.81974,-0.548295,0.165519,0.007974,0.006175,-0.003128,0.036718,1.405096,-2.54567,0.448377
97,0.144643,-0.023976,0.282388,-0.232559,-0.084816,-0.9689,-0.615118,-0.758814,0.214014,-0.753085,0.645862,0.125505,0.031043,0.010054,-0.009009,-0.002104,-0.1532,-0.233814,0.468584,-0.171977,-0.038272,0.328326,-0.354256,-0.768447,0.5329,0.934571,-0.272304,0.228825,-0.030296,0.580055,0.813929,-0.017564,0.032175,-0.024786,0.037336,0.144379,-0.110341,-0.825585,0.041666,0.025504,-0.015889,0.363489,0.770673,0.523391,-0.931594,0.298922,0.206829,0.002945,-0.562768,0.826608,-0.016288,0.015965,-0.011828,0.083402,0.044275,0.022903,-0.936759,0.072096,0.02744,-0.083905,0.280043,0.137563,-0.950079,0.492438,0.828966,0.265177,0.824063,-0.542117,0.164405,0.015539,0.005094,-0.004434,-0.049497,-0.448671,-0.189685,0.446581
98,0.145284,-0.023765,0.282198,-0.232219,-0.087665,-0.968728,-0.614401,-0.758862,0.2159,-0.753776,0.64543,0.123568,0.03103,0.010121,-0.00895,0.026029,0.01968,-0.119732,0.465442,-0.172575,-0.03772,0.327877,-0.357549,-0.766225,0.533901,0.933244,-0.273147,0.233196,-0.03241,0.582596,0.812032,-0.032574,0.030752,-0.02496,0.014465,0.105287,0.058596,-0.825209,0.041373,0.025782,-0.016112,0.366531,0.768473,0.524502,-0.930392,0.299746,0.211002,0.004932,-0.565332,0.824847,-0.016277,0.015356,-0.01248,0.025853,0.102143,0.057852,-0.941985,0.072427,0.027548,-0.084005,0.278773,0.141683,-0.949847,0.491524,0.828645,0.267863,0.825038,-0.541546,0.161363,0.015526,0.005094,-0.00445,0.044835,-0.055853,0.069044,0.444131
99,0.146551,-0.023252,0.281729,-0.238613,-0.089391,-0.967015,-0.611653,-0.759587,0.221089,-0.754006,0.644341,0.127777,0.046558,0.020849,-0.017466,0.069898,0.036235,-0.042504,0.462616,-0.173679,-0.036745,0.326863,-0.370256,-0.75806,0.536887,0.928213,-0.280523,0.244256,-0.034098,0.589729,0.806797,-0.031789,0.0156,-0.020974,-0.182567,0.281122,0.126684,-0.826021,0.040827,0.026271,-0.016603,0.378546,0.760665,0.527343,-0.925561,0.307247,0.221213,0.006245,-0.571827,0.820349,-0.015884,0.007579,-0.010702,-0.467489,0.287352,0.350827,-0.944924,0.073043,0.027795,-0.084235,0.285113,0.143833,-0.94764,0.488309,0.828956,0.272735,0.824781,-0.540502,0.166111,0.015631,0.011047,-0.00805,0.068717,0.048823,-0.06473,0.440376
100,0.147699,-0.022547,0.281235,-0.24093,-0.096075,-0.965799,-0.608937,-0.759892,0.227444,-0.755462,0.643026,0.125782,0.015943,0.023812,-0.014071,0.055551,-0.161213,0.020777,0.466922,-0.174367,-0.03627,0.326113,-0.376938,-0.755083,0.536432,0.925331,-0.282532,0.252729,-0.03881,0.592582,0.804489,-0.000967,0.004977,-0.014811,0.013441,0.027843,0.007609,-0.824991,0.040465,0.02652,-0.016994,0.385804,0.756767,0.527691,-0.922512,0.309513,0.230589,0.011175,-0.575764,0.817538,-0.007971,0.00241,-0.00682,0.058711,0.004689,-0.041939,-0.94819,0.073628,0.028141,-0.084482,0.286311,0.150838,-0.946188,0.485343,0.828627,0.278959,0.826115,-0.539095,0.164037,0.007926,0.011509,-0.007577,0.048476,-0.066225,-0.187259,0.439396
101,0.148479,-0.021924,0.2809,-0.246952,-0.103923,-0.963462,-0.60564,-0.759572,0.237112,-0.756161,0.642193,0.125839,0.015911,0.013603,-0.004708,0.028302,0.037205,-0.113147,0.467544,-0.174415,-0.036224,0.325666,-0.378725,-0.753559,0.537315,0.924594,-0.283419,0.254428,-0.038977,0.594097,0.803363,-0.000153,-0.00595,-0.006337,-0.002119,0.013919,-0.025149,-0.825546,0.040435,0.026547,-0.017219,0.387372,0.755474,0.528395,-0.921857,0.310539,0.231828,0.011052,-0.576909,0.816733,-5.9e-05,-0.002641,-0.002808,0.007371,-0.007706,-0.00422,-0.947863,0.074024,0.028459,-0.084658,0.290897,0.159674,-0.943335,0.48142,0.827632,0.288545,0.826808,-0.538078,0.163886,0.007953,0.006729,-0.002464,0.043328,0.082438,-0.109633,0.442662
102,0.148708,-0.021752,0.28089,-0.251144,-0.10514,-0.962246,-0.604385,-0.759453,0.24067,-0.75578,0.642138,0.128387,0.016024,0.014503,-0.00353,0.032997,0.064875,-0.09462,0.467163,-0.174301,-0.036365,0.325597,-0.376963,-0.752728,0.539713,0.925394,-0.282599,0.252421,-0.037021,0.59554,0.802387,0.000696,-0.015678,0.003421,-0.038234,0.023354,-0.043997,-0.825803,0.040497,0.026476,-0.017262,0.385504,0.754783,0.530743,-0.922661,0.309715,0.22972,0.00901,-0.578254,0.815806,0.007457,-0.002005,-0.002795,0.000997,-0.018974,0.029511,-0.947536,0.074144,0.028549,-0.084667,0.294904,0.161021,-0.941861,0.479898,0.827406,0.291713,0.826274,-0.538025,0.166732,0.000245,0.001739,0.00228,0.003088,0.007928,0.009076,0.442825
103,0.148869,-0.021721,0.281223,-0.256307,-0.110017,-0.960338,-0.594228,-0.765653,0.246254,-0.762066,0.633909,0.132065,0.000586,-0.006059,0.014827,-0.03481,-0.001141,0.006741,0.470636,-0.173786,-0.036586,0.325572,-0.373326,-0.750279,0.545619,0.927079,-0.281639,0.247259,-0.031389,0.599076,0.799991,0.014991,-0.000897,-0.002283,0.002047,-0.015202,0.029243,-0.827732,0.040749,0.026356,-0.017277,0.381603,0.752563,0.536682,-0.92432,0.308586,0.224515,0.003349,-0.581741,0.813366,0.007497,-0.000466,-0.001165,-0.001459,-0.020071,0.031932,-0.948516,0.074231,0.028572,-0.084507,0.299336,0.166428,-0.93952,0.468584,0.832106,0.296694,0.831159,-0.529056,0.171094,0.00036,0.00264,0.003463,-0.004409,0.094812,-0.140604,0.443642
104,0.148482,-0.02194,0.281905,-0.25491,-0.118624,-0.959684,-0.562734,-0.788878,0.246929,-0.786056,0.603136,0.135536,-0.030021,-0.014404,0.026236,1.520996,-0.354509,-0.286482,0.482174,-0.173273,-0.036699,0.325572,-0.373154,-0.747891,0.549006,0.927178,-0.280956,0.247667,-0.030525,0.602377,0.797543,0.014996,-0.000907,-0.002302,0.00117,-0.014213,0.029836,-0.826724,0.041006,0.026303,-0.017273,0.381364,0.750205,0.540142,-0.924421,0.30788,0.225066,0.002547,-0.585151,0.81092,-1.7e-05,-0.000842,-0.000909,0.008274,-0.009313,-0.003386,-0.956191,0.074054,0.028467,-0.084177,0.29771,0.173075,-0.938836,0.439198,0.848343,0.295666,0.847627,-0.500358,0.176546,-0.007351,-0.007597,0.0127,-0.081547,0.019001,-0.046229,0.457684
105,0.148171,-0.022161,0.282328,-0.256188,-0.115971,-0.959669,-0.563615,-0.788631,0.245706,-0.785008,0.603971,0.137872,-0.014548,-0.003865,0.01747,-0.0194,-0.027474,0.188712,0.482331,-0.173116,-0.036742,0.325513,-0.373759,-0.746301,0.550754,0.926906,-0.28028,0.249443,-0.031336,0.604659,0.795782,0.014986,-0.001469,-0.002907,-0.029166,0.020271,0.05037,-0.826284,0.04109,0.026282,-0.017303,0.381963,0.748547,0.542015,-0.924171,0.307186,0.227034,0.003446,-0.587633,0.809119,0.007494,-0.00075,-0.001479,-0.005431,-0.002441,0.04047,-0.956191,0.073888,0.028353,-0.083954,0.29859,0.17216,-0.938725,0.435089,0.850882,0.294443,0.849436,-0.496346,0.17916,-0.007367,-0.007665,0.012606,-0.066468,0.093357,0.003016,0.461603
106,0.14774,-0.022659,0.283119,-0.256133,-0.115887,-0.959693,-0.565396,-0.78729,0.245912,-0.783744,0.605734,0.137326,0.000379,-0.007537,0.012855,-0.031502,-0.095322,0.148303,0.478726,-0.173054,-0.036725,0.325418,-0.373489,-0.746287,0.550956,0.927023,-0.280156,0.249148,-0.031125,0.604734,0.795733,-8e-06,-0.000363,-0.000388,-6e-06,6e-06,4e-06,-0.825998,0.041121,0.026289,-0.017352,0.381609,0.7487,0.542053,-0.924318,0.307139,0.226496,0.003092,-0.587463,0.809244,-3e-06,-0.000197,-0.000214,0.000826,-0.001157,-0.000844,-0.956681,0.073668,0.02811,-0.08355,0.298456,0.172253,-0.93875,0.437165,0.849661,0.294894,0.848416,-0.498402,0.178283,-0.007448,-0.003073,0.00724,-0.037338,0.012347,-0.023711,0.460787
107,0.147513,-0.022926,0.283449,-0.253606,-0.116695,-0.960266,-0.56206,-0.790143,0.244406,-0.786961,0.601852,0.135993,0.000154,0.001092,0.001424,0.0,-0.0,-0.0,0.482091,-0.173174,-0.036798,0.325458,-0.372666,-0.746252,0.551561,0.927352,-0.279332,0.248848,-0.031178,0.605159,0.795408,-0.015047,-0.001176,7.9e-05,-0.002045,0.015205,-0.029245,-0.826238,0.041067,0.026255,-0.01733,0.38078,0.74871,0.542622,-0.92466,0.306322,0.226207,0.003147,-0.587876,0.808944,0.000409,-0.005727,0.003961,-0.036625,0.009634,-0.018946,-0.957497,0.073554,0.027974,-0.08338,0.295767,0.172683,-0.939521,0.433638,0.852077,0.293123,0.851163,-0.494109,0.177134,-0.007691,-0.004813,0.004965,-0.036641,0.013956,-0.023171,0.461767
108,0.147375,-0.022978,0.283498,-0.253141,-0.118303,-0.960192,-0.557465,-0.793315,0.244655,-0.790371,0.597349,0.136069,2e-06,1.6e-05,2.1e-05,3.1e-05,-8e-06,-4e-06,0.483225,-0.173208,-0.036817,0.32544,-0.376607,-0.744013,0.551908,0.925876,-0.284412,0.248592,-0.027525,0.605548,0.795247,-1e-05,-0.000436,-0.000466,0.274512,0.123646,0.395546,-0.825676,0.041044,0.026244,-0.01734,0.384248,0.746594,0.543092,-0.923229,0.310855,0.225867,-0.000192,-0.588188,0.808723,-5e-06,-0.000236,-0.000258,0.926134,0.41998,1.330534,-0.957497,0.073485,0.027948,-0.083355,0.295089,0.174217,-0.939451,0.428642,0.854602,0.293122,0.853924,-0.489186,0.177507,-0.007681,0.00035,0.000352,-0.001818,0.014686,-0.029731,0.462747
109,0.147351,-0.022884,0.283586,-0.254155,-0.114207,-0.96042,-0.552911,-0.797578,0.241104,-0.793237,0.592443,0.14076,0.000447,0.003155,0.004109,0.004633,0.006561,0.038862,0.482721,-0.173289,-0.036814,0.325406,-0.376214,-0.743998,0.552197,0.92604,-0.28412,0.248315,-0.027395,0.605704,0.795133,-1e-06,-2.4e-05,-2.5e-05,-0.0,0.0,0.0,-0.826945,0.041004,0.026245,-0.017358,0.384235,0.746389,0.543383,-0.923234,0.311044,0.225585,-0.000642,-0.588348,0.808606,1e-06,2e-05,2.5e-05,-0.000173,-6.9e-05,-0.000235,-0.957334,0.073472,0.027982,-0.08332,0.296884,0.169975,-0.939663,0.423761,0.858378,0.289158,0.855736,-0.484039,0.18281,0.000217,0.001555,0.002025,-0.009325,-0.001427,-0.001001,0.465849
110,0.147711,-0.022811,0.283532,-0.253301,-0.113807,-0.960693,-0.552919,-0.797831,0.240244,-0.793505,0.592178,0.140364,0.014994,-0.003209,-0.003973,0.000985,-0.014709,0.029557,0.491889,-0.173186,-0.036834,0.32542,-0.376116,-0.743993,0.552271,0.926077,-0.283988,0.248324,-0.027453,0.605772,0.795079,0.015034,0.00052,-0.000781,0.002045,-0.015205,0.029245,-0.827173,0.04105,0.026236,-0.017349,0.384109,0.746391,0.543469,-0.923287,0.310887,0.225586,-0.000582,-0.588428,0.808548,1e-06,1.1e-05,1.2e-05,-0.000116,-4e-05,-0.000162,-0.958314,0.073648,0.028036,-0.083332,0.295923,0.169788,-0.94,0.423863,0.858545,0.288512,0.856019,-0.483809,0.182097,0.007526,0.003731,-0.006373,0.035169,-0.014708,0.022082,0.471074
111,0.147793,-0.022977,0.283147,-0.238001,-0.115908,-0.964347,-0.550982,-0.801525,0.232265,-0.799582,0.586758,0.128103,-0.001044,-0.007427,-0.0097,0.121524,-0.245294,0.105222,0.498409,-0.172926,-0.036789,0.325445,-0.376081,-0.743988,0.552302,0.926092,-0.283958,0.248306,-0.027445,0.605793,0.795063,0.015056,0.001617,0.000389,0.002045,-0.015205,0.029245,-0.824762,0.04118,0.026257,-0.017339,0.384069,0.74639,0.5435,-0.923304,0.310851,0.225568,-0.000586,-0.588449,0.808533,1.8e-05,0.000833,0.000887,-8.2e-05,-4e-05,-0.000102,-0.958967,0.073695,0.027955,-0.083522,0.280616,0.170256,-0.944598,0.422184,0.86193,0.280777,0.861982,-0.477586,0.169992,-0.000554,-0.00398,-0.005202,0.459568,-0.673622,0.6207,0.481035
112,0.14762,-0.023134,0.282941,-0.226871,-0.116382,-0.966969,-0.548473,-0.80516,0.225535,-0.804539,0.581665,0.12004,-0.001172,-0.008304,-0.010869,-0.032672,-0.522495,0.613843,0.495305,-0.172845,-0.03679,0.325467,-0.375991,-0.743983,0.55237,0.926128,-0.283848,0.248298,-0.02748,0.60585,0.795018,3e-06,0.000157,0.000168,-0.0,0.0,0.0,-0.82398,0.041226,0.026259,-0.017325,0.383995,0.74639,0.543552,-0.923334,0.310756,0.225573,-0.000547,-0.588499,0.808496,0.007517,0.000324,-0.000328,0.001979,-0.01523,0.029153,-0.95913,0.073608,0.027875,-0.083628,0.270256,0.169569,-0.947737,0.419296,0.865386,0.274401,0.866689,-0.471542,0.162776,-0.00828,-0.004007,-0.005342,-0.064903,-1.554757,2.191587,0.485607
113,0.146862,-0.023478,0.282634,-0.213006,-0.115771,-0.970191,-0.546683,-0.808852,0.216489,-0.809546,0.576641,0.110209,-0.03174,-0.005365,-0.007517,0.000679,-0.077139,0.101104,0.479468,-0.172538,-0.036837,0.325464,-0.374042,-0.743127,0.554839,0.926974,-0.282936,0.246169,-0.025493,0.607326,0.793958,0.015031,0.0004,-0.000919,0.002045,-0.015205,0.029245,-0.824449,0.041379,0.026235,-0.017327,0.381976,0.745633,0.546008,-0.924168,0.309814,0.223444,-0.002554,-0.589954,0.807432,0.007515,0.000197,-0.000468,0.001647,-0.015758,0.02958,-0.958967,0.073228,0.027694,-0.083793,0.256249,0.166595,-0.952146,0.417688,0.869239,0.2645,0.871706,-0.465478,0.153157,-0.015865,-0.002676,-0.003742,0.00227,-0.06482,0.09529,0.470421
114,0.145725,-0.02362,0.282414,-0.212442,-0.115871,-0.970303,-0.546728,-0.808887,0.216243,-0.809665,0.576572,0.109701,-0.015979,-0.003246,-0.004541,0.002271,-0.07946,0.11203,0.479588,-0.172234,-0.036856,0.325416,-0.372115,-0.742267,0.55728,0.927806,-0.282134,0.243947,-0.023391,0.60875,0.792931,0.01502,-0.000206,-0.001573,0.002045,-0.015205,0.029245,-0.822331,0.041526,0.026226,-0.01735,0.379966,0.744873,0.548442,-0.924988,0.308964,0.221217,-0.00467,-0.591358,0.806395,-9e-06,-0.000473,-0.000512,-0.012474,0.093054,-0.175118,-0.954885,0.072665,0.027621,-0.083907,0.255909,0.166662,-0.952225,0.41771,0.869258,0.2644,0.871796,-0.465417,0.152834,-0.015613,-0.000776,-0.001271,-0.002456,0.029845,-0.059189,0.46095
115,0.144869,-0.023634,0.282484,-0.210921,-0.115505,-0.970678,-0.547103,-0.808942,0.215086,-0.809811,0.576567,0.10864,-0.030746,-0.008269,0.011372,-0.037335,0.044543,-0.076207,0.487844,-0.171974,-0.036917,0.325358,-0.372604,-0.740651,0.559101,0.927588,-0.281332,0.245696,-0.024226,0.611086,0.791107,0.015017,-0.000531,-0.001926,0.001899,-0.015038,0.029344,-0.8198,0.041661,0.026195,-0.01738,0.380431,0.743252,0.550316,-0.924801,0.308213,0.223039,-0.00384,-0.593784,0.804614,0.007509,-0.000277,-0.000977,0.00603,-0.019133,0.027443,-0.951129,0.072248,0.027611,-0.083883,0.254324,0.166007,-0.952764,0.418177,0.869425,0.263111,0.872035,-0.46534,0.151695,-0.00752,0.001556,0.001922,0.002979,-0.111234,0.160065,0.465033
116,0.144573,-0.023652,0.282592,-0.211096,-0.114012,-0.970817,-0.542492,-0.812506,0.213325,-0.812861,0.571831,0.110877,-0.015326,-0.00882,0.010923,0.031243,0.153414,0.036285,0.497491,-0.17184,-0.036922,0.325325,-0.372084,-0.740624,0.559483,0.927799,-0.280902,0.245389,-0.024126,0.611317,0.790932,0.015031,0.000165,-0.001183,0.002042,-0.015203,0.029247,-0.819521,0.041728,0.026191,-0.017398,0.379888,0.74327,0.550665,-0.925023,0.30779,0.222703,-0.003961,-0.593981,0.804468,0.007518,0.000125,-0.000551,0.002528,-0.015797,0.028905,-0.951455,0.072088,0.027606,-0.083824,0.254665,0.164732,-0.952894,0.413186,0.872371,0.261237,0.874312,-0.460251,0.154097,-0.007504,0.001655,0.002046,0.185546,0.054962,0.240392,0.472217
