frame,MLTx,MLTy,MLTz,MLTR1,MLTR2,MLTR3,MLTR4,MLTR5,MLTR6,MLTR7,MLTR8,MLTR9,MLTTVx,MLTTVy,MLTTVz,MLTRVx,MLTRVy,MLTRVz,MLGA,MRTx,MRTy,MRTz,MRTR1,MRTR2,MRTR3,MRTR4,MRTR5,MRTR6,MRTR7,MRTR8,MRTR9,MRTTVx,MRTTVy,MRTTVz,MRTRVx,MRTRVy,MRTRVz,MRGA,SLTx,SLTy,SLTz,SLTR1,SLTR2,SLTR3,SLTR4,SLTR5,SLTR6,SLTR7,SLTR8,SLTR9,SLTTVx,SLTTVy,SLTTVz,SLTRVx,SLTRVy,SLTRVz,SLGA,SRTx,SRTy,SRTz,SRTR1,SRTR2,SRTR3,SRTR4,SRTR5,SRTR6,SRTR7,SRTR8,SRTR9,SRTTVx,SRTTVy,SRTTVz,SRTRVx,SRTRVy,SRTRVz,SRGA
3659,0.177078,0.109857,0.348043,-0.068856,0.995848,0.059931,-0.714845,-0.091097,0.693305,0.695969,0.003657,0.718082,-0.009335,-0.066649,0.043288,0.06001,-0.527695,0.690591,-1.905929,-0.148011,0.03807,0.374613,0.819679,-0.109674,0.562218,-0.30883,0.741841,0.595173,-0.483368,-0.661334,0.57346,1.6e-05,-0.000189,-0.000106,0.319721,-0.330157,-0.205638,0.537439,0.045659,0.0401,0.010557,-0.748629,0.278492,0.601661,0.179965,-0.788065,0.588698,0.638096,0.548994,0.53985,1.2e-05,-0.000136,-7.8e-05,-0.002822,0.002255,0.001321,0.523222,0.104046,0.079728,-0.065827,-0.175301,0.976318,0.126766,-0.635586,-0.210562,0.74276,0.751863,0.049635,0.657447,-0.004681,-0.033557,0.021535,-0.043982,0.111345,0.154355,-0.893545
3660,0.176082,0.106904,0.349905,-0.060362,0.996472,0.058692,-0.717445,-0.084135,0.691495,0.694066,-0.001609,0.719928,-0.030253,-0.090639,0.058146,0.13221,0.447089,0.022323,-1.905357,-0.147843,0.038046,0.374621,0.818264,-0.1093,0.564348,-0.310282,0.742292,0.593853,-0.484834,-0.66089,0.572734,1.6e-05,-0.000187,-0.000104,0.000164,0.00029,-0.00052,0.537439,0.045748,0.040088,0.01056,-0.748216,0.275798,0.603413,0.18095,-0.79019,0.585539,0.638301,0.547298,0.541327,8e-06,-0.000103,-6e-05,-0.004157,-0.000131,0.005609,0.523385,0.10356,0.07826,-0.064907,-0.168483,0.978161,0.121704,-0.638233,-0.202349,0.742773,0.751179,0.047469,0.658388,-0.020469,-0.039444,0.025778,-0.24418,0.193755,-0.17851,-0.890116
3661,0.175383,0.105359,0.350917,-0.067146,0.995946,0.060239,-0.718085,-0.090098,0.690079,0.692789,0.001839,0.721156,-0.041102,-0.077734,0.052397,0.144346,0.327602,-0.104227,-1.905963,-0.147778,0.038036,0.374632,0.818335,-0.109347,0.564235,-0.310202,0.742249,0.593948,-0.484765,-0.66093,0.572746,0.0,-3e-06,-2e-06,1e-06,-1e-06,-1e-06,0.537515,0.04578,0.040083,0.010566,-0.748299,0.275903,0.603262,0.18086,-0.790096,0.585694,0.63823,0.54738,0.541328,-2e-06,1.3e-05,5e-06,-0.000382,1e-05,0.001069,0.523385,0.103203,0.077451,-0.064381,-0.174375,0.976855,0.123884,-0.638997,-0.207982,0.740557,0.749182,0.049973,0.660475,-0.015247,-0.045362,0.029239,0.252167,0.035232,-0.170627,-0.891259
3662,0.173625,0.101712,0.35324,-0.095022,0.994254,0.049748,-0.722284,-0.103192,0.683834,0.685154,0.027809,0.727886,-0.052317,-0.093447,0.058727,0.001597,0.350965,-0.153733,-1.905883,-0.147692,0.037998,0.374616,0.818309,-0.109333,0.564276,-0.310251,0.742234,0.593941,-0.484778,-0.660949,0.572713,0.000167,-0.00197,-0.001103,0.0,-0.0,-0.0,0.537652,0.045823,0.040067,0.01056,-0.748273,0.275898,0.603296,0.1809,-0.790088,0.585692,0.638249,0.547394,0.541292,0.000101,-0.001176,-0.000657,-0.001709,0.014027,-0.02505,0.523385,0.102329,0.075641,-0.063219,-0.202047,0.972529,0.1156,-0.64325,-0.220782,0.733132,0.738515,0.073767,0.670188,-0.031436,-0.0527,0.033066,-0.024623,0.200744,-0.053976,-0.88734
3663,0.171122,0.097421,0.356013,-0.132952,0.990468,0.03662,-0.728663,-0.122667,0.673777,0.672009,0.061663,0.737989,-0.063727,-0.115121,0.07527,0.219686,0.668947,-0.213625,-1.905824,-0.147636,0.037886,0.374593,0.818221,-0.10927,0.564416,-0.310436,0.742174,0.59392,-0.484808,-0.661027,0.572598,0.000234,-0.002762,-0.001548,-0.001836,0.013873,-0.02519,0.537575,0.045851,0.04001,0.010548,-0.748191,0.275824,0.603432,0.181085,-0.790068,0.585661,0.638292,0.547459,0.541174,0.000115,-0.001367,-0.000766,-0.001729,0.013964,-0.025108,0.523548,0.101109,0.073541,-0.06187,-0.241501,0.964709,0.104936,-0.647302,-0.240711,0.723227,0.722963,0.106735,0.682591,-0.031875,-0.051373,0.034207,0.748257,-0.19635,0.271573,-0.879992
3664,0.168496,0.093079,0.358837,-0.173086,0.984745,0.019101,-0.741086,-0.142929,0.655999,0.648934,0.098163,0.754503,-0.064905,-0.105382,0.068201,0.756322,0.238475,0.346491,-1.906164,-0.147591,0.037796,0.374563,0.818711,-0.10704,0.564133,-0.310651,0.743521,0.59212,-0.483841,-0.659881,0.574733,0.000233,-0.002749,-0.001542,-0.001171,0.013186,-0.025618,0.537633,0.045873,0.039967,0.010533,-0.749193,0.273673,0.603167,0.18089,-0.791487,0.583802,0.637171,0.546488,0.543472,7.3e-05,-0.000852,-0.000478,-0.009471,0.006482,0.003545,0.523385,0.099745,0.071288,-0.060399,-0.282323,0.954981,0.091124,-0.658178,-0.261929,0.705828,0.697921,0.139296,0.702496,-0.032491,-0.052889,0.034064,0.698073,0.196843,0.40184,-0.871174
3665,0.167253,0.090847,0.360225,-0.18487,0.982735,0.010055,-0.746606,-0.147034,0.648793,0.639297,0.111211,0.760894,-0.065597,-0.11953,0.074982,0.891683,-1.169054,1.379837,-1.905966,-0.147588,0.037758,0.374541,0.818656,-0.107004,0.564219,-0.310732,0.743526,0.592071,-0.483882,-0.659881,0.574699,0.000151,-0.001786,-0.001002,1.1e-05,-1.2e-05,-7e-06,0.537788,0.045875,0.039944,0.01052,-0.749101,0.273678,0.603281,0.181007,-0.79146,0.583803,0.637247,0.546526,0.543346,9.2e-05,-0.001079,-0.000605,-0.001344,0.001188,0.000716,0.523548,0.099148,0.070219,-0.059732,-0.293655,0.952118,0.08507,-0.663551,-0.267093,0.698828,0.688088,0.148767,0.710212,-0.027429,-0.054818,0.033232,0.353634,0.809845,-0.095453,-0.871011
3666,0.164877,0.086492,0.362826,-0.225996,0.974148,-0.00244,-0.749363,-0.172191,0.639357,0.622686,0.145108,0.768917,-0.055929,-0.112242,0.066138,0.507047,-1.571889,1.173086,-1.905699,-0.147627,0.037678,0.374488,0.818557,-0.106938,0.564375,-0.310866,0.743554,0.591966,-0.483963,-0.65986,0.574654,0.000164,-0.001934,-0.001086,0.0,-0.0,-0.0,0.537322,0.045855,0.039904,0.010494,-0.749002,0.273609,0.603434,0.181125,-0.791507,0.583702,0.637329,0.546492,0.543283,0.000101,-0.001176,-0.000659,8.4e-05,0.000127,0.000114,0.523385,0.097956,0.06804,-0.058428,-0.332801,0.939941,0.075851,-0.665541,-0.291105,0.68725,0.668055,0.178236,0.722449,-0.028,-0.056364,0.033,-0.081239,0.207498,-0.336279,-0.870031
3667,0.162857,0.082687,0.36509,-0.292446,0.955747,-0.032694,-0.74922,-0.207683,0.628896,0.594636,0.207223,0.776849,-0.045365,-0.087347,0.05208,0.526643,-1.857498,1.273852,-1.906059,-0.147615,0.03764,0.374477,0.818443,-0.106861,0.564555,-0.311049,0.743548,0.591877,-0.484038,-0.659879,0.574569,2e-06,-2.2e-05,-1.2e-05,0.0,-0.0,-0.0,0.537481,0.045862,0.039882,0.010487,-0.748896,0.273515,0.603609,0.181296,-0.79154,0.583605,0.637406,0.546491,0.543194,-5e-06,6.2e-05,3.5e-05,6.6e-05,6.6e-05,8.5e-05,0.523385,0.096942,0.066121,-0.057295,-0.399189,0.915492,0.050203,-0.662047,-0.325692,0.674994,0.634303,0.236214,0.736112,-0.022698,-0.043531,0.026157,-0.048247,-0.119225,-0.593605,-0.850926
3668,0.161321,0.07955,0.366838,-0.364114,0.929497,-0.059169,-0.743969,-0.251985,0.618859,0.560768,0.268198,0.783349,-0.034971,-0.080056,0.042476,0.016304,-0.757861,-1.593577,-1.906135,-0.147616,0.037656,0.374475,0.817897,-0.109056,0.564926,-0.310929,0.742191,0.593641,-0.485038,-0.661044,0.572384,-1e-06,7e-06,4e-06,-0.023726,0.024524,0.015263,0.537519,0.045861,0.039892,0.010487,-0.747794,0.275727,0.603968,0.181649,-0.79001,0.585565,0.638597,0.547593,0.54068,-2e-06,2e-05,1.1e-05,0.003282,0.006302,0.005315,0.523385,0.09617,0.064555,-0.056414,-0.468452,0.883124,0.025347,-0.654265,-0.366048,0.661774,0.593707,0.293425,0.749274,-0.017472,-0.034629,0.017064,0.301558,-3.281966,-4.512342,-0.843251
3669,0.160609,0.078144,0.367496,-0.397766,0.91488,-0.069437,-0.738529,-0.274291,0.615882,0.544904,0.295119,0.784864,-0.03531,-0.071904,0.033304,0.019001,-0.958332,-1.51218,-1.90729,-0.147598,0.037657,0.374475,0.817997,-0.109123,0.564769,-0.31078,0.742181,0.593732,-0.484965,-0.661044,0.572445,-0.0,0.0,0.0,-0.000347,0.000358,0.000223,0.537601,0.04587,0.039893,0.010487,-0.747951,0.275703,0.603785,0.181412,-0.790106,0.585509,0.638481,0.547467,0.540945,-1e-06,9e-06,3e-06,0.006941,-0.00473,-0.002613,0.523385,0.095814,0.063852,-0.056081,-0.500909,0.865325,0.017334,-0.646642,-0.387482,0.657046,0.575276,0.317911,0.75365,-0.01769,-0.036602,0.01618,0.379525,-3.83131,-4.205108,-0.842435
3670,0.159279,0.075584,0.368407,-0.473331,0.875484,-0.097628,-0.723758,-0.323258,0.609631,0.502749,0.358127,0.786776,-0.02482,-0.056677,0.013813,0.542322,-2.211162,0.983404,-1.908376,-0.147475,0.037621,0.374479,0.818028,-0.109144,0.564721,-0.310773,0.742125,0.593806,-0.484919,-0.661103,0.572415,0.000118,-0.001384,-0.000777,-0.0,0.0,0.0,0.53757,0.045931,0.039878,0.010491,-0.748004,0.275681,0.603728,0.181399,-0.790093,0.58553,0.638422,0.547495,0.540985,0.006134,-0.000329,-0.000633,0.002133,-0.01536,0.029138,0.523385,0.095146,0.062569,-0.055616,-0.575041,0.818113,-0.004109,-0.625084,-0.436112,0.64736,0.527822,0.374828,0.762172,-0.018129,-0.034248,0.010969,0.019703,-0.937308,-1.560461,-0.836067
3671,0.158366,0.073147,0.369047,-0.58698,0.79639,-0.145821,-0.691366,-0.399249,0.60215,0.422054,0.453274,0.785137,-0.014124,-0.070126,0.020347,0.265621,-2.567877,1.025204,-1.910029,-0.147265,0.037437,0.374471,0.814606,-0.130652,0.5651,-0.293189,0.747725,0.595719,-0.501382,-0.650785,0.570051,0.000395,-0.004609,-0.002592,0.268713,0.321054,0.265114,0.537451,0.046036,0.03979,0.010489,-0.740265,0.295838,0.603728,0.163616,-0.791714,0.588572,0.652102,0.534479,0.537674,0.000779,-0.007326,0.003213,0.918344,1.001875,0.938537,0.523548,0.094685,0.06135,-0.055302,-0.682713,0.729174,-0.046978,-0.585626,-0.507597,0.63197,0.43697,0.458966,0.773567,-0.00704,-0.029948,0.005982,-0.180374,-1.916483,-1.152715,-0.834107
3672,0.158149,0.071911,0.369315,-0.649098,0.741719,-0.169029,-0.666241,-0.446937,0.596944,0.368024,0.499164,0.784488,-0.002907,-0.061066,0.010939,1.163713,-4.34402,-5.776062,-1.910481,-0.147148,0.037275,0.374471,0.810915,-0.149454,0.565749,-0.27985,0.749876,0.59942,-0.514832,-0.644207,0.565516,0.013808,-0.014943,0.005357,-0.105705,0.13133,0.070646,0.537535,0.04609,0.039712,0.010486,-0.732617,0.313798,0.603989,0.149992,-0.791135,0.592964,0.663908,0.525009,0.532532,0.000204,-0.002379,-0.001347,0.005607,0.097811,0.323463,0.523385,0.094573,0.060729,-0.055164,-0.736045,0.673147,-0.071482,-0.559956,-0.546115,0.623062,0.380375,0.498629,0.778898,-0.007053,-0.030809,0.005457,1.048751,-3.897424,-4.202788,-0.835903
3673,0.157776,0.069256,0.369829,-0.718102,0.664638,-0.206476,-0.633093,-0.500503,0.590475,0.29,0.553911,0.780455,-0.01476,-0.065732,0.009029,0.472072,-1.956669,1.260854,-1.9106,-0.146898,0.036798,0.374573,0.796146,-0.204872,0.56936,-0.241278,0.755257,0.609348,-0.555837,-0.622239,0.551114,0.01393,-0.016124,0.004689,-0.239261,0.269512,0.155366,0.537735,0.046215,0.039474,0.010537,-0.706611,0.364887,0.606264,0.111711,-0.788518,0.604779,0.698727,0.49507,0.516415,0.000869,-0.008354,0.002618,-0.212653,0.298009,0.388433,0.523385,0.094391,0.059407,-0.054904,-0.804343,0.584863,-0.104718,-0.516082,-0.600368,0.610914,0.294432,0.545428,0.78474,-0.007435,-0.037884,0.008855,-0.036282,-0.062715,-0.743946,-0.83574
3674,0.156851,0.066529,0.370193,-0.766214,0.602747,-0.222842,-0.59889,-0.543926,0.587748,0.234003,0.583046,0.778027,-0.02695,-0.071148,0.006649,1.32525,-3.932631,-3.937866,-1.911325,-0.146478,0.036197,0.37468,0.771365,-0.267109,0.577616,-0.197078,0.762618,0.616042,-0.606005,-0.588686,0.534856,0.012968,-0.008143,-0.005512,0.854412,1.060689,1.123234,0.537932,0.04642,0.039179,0.010594,-0.671102,0.416912,0.61303,0.072159,-0.786235,0.613699,0.737844,0.456091,0.49756,0.007096,-0.00942,0.001557,-0.107089,0.298485,-0.139265,0.522732,0.093923,0.058021,-0.054717,-0.845375,0.519853,-0.12285,-0.47984,-0.637978,0.602275,0.234719,0.568097,0.788778,-0.013367,-0.035798,0.00317,1.326744,-3.976925,-3.898001,-0.841292
3675,0.156445,0.064896,0.370421,-0.790906,0.564457,-0.236433,-0.57961,-0.566824,0.585435,0.197418,0.599359,0.775772,-0.016187,-0.086867,0.012036,1.256677,-3.590082,-4.108474,-1.910888,-0.1462,0.035821,0.374714,0.753397,-0.303551,0.583302,-0.169324,0.767458,0.618282,-0.63627,-0.56419,0.526036,0.014472,-0.021701,0.001515,3.315969,4.385159,2.824042,0.537892,0.046563,0.038992,0.010611,-0.647059,0.448483,0.616583,0.043789,-0.785504,0.617304,0.76118,0.426432,0.488629,0.007281,-0.011227,0.000508,0.876406,2.923824,-0.976696,0.522405,0.093726,0.057238,-0.054607,-0.864791,0.483222,-0.136498,-0.460995,-0.65629,0.597298,0.199045,0.579463,0.790317,-0.008165,-0.043958,0.005786,0.162378,-1.055459,0.311436,-0.842272
3676,0.155764,0.060952,0.371156,-0.817802,0.51189,-0.263083,-0.557649,-0.591519,0.582327,0.143483,0.622298,0.769535,-0.028402,-0.100055,0.019382,0.27101,-1.109791,-1.046058,-1.910595,-0.145725,0.034753,0.374676,0.719477,-0.363733,0.591643,-0.121114,0.772989,0.622698,-0.684717,-0.51921,0.511318,0.003015,-0.030549,-0.002661,2.901582,4.333254,2.555085,0.53793,0.046805,0.038465,0.010596,-0.602124,0.500049,0.622412,-0.00538,-0.782096,0.623134,0.798384,0.371855,0.473609,0.001512,-0.015599,-0.001529,0.303374,1.663374,-2.030161,0.522405,0.093396,0.055303,-0.054251,-0.888222,0.429213,-0.163815,-0.436761,-0.678339,0.590843,0.142475,0.596348,0.789979,-0.008519,-0.055911,0.013446,-0.166527,-0.242471,0.168832,-0.847171
3677,0.154947,0.056902,0.37219,-0.846441,0.455218,-0.276331,-0.524055,-0.619657,0.584263,0.095786,0.638788,0.763414,-0.028324,-0.104947,0.030694,0.25823,-1.10973,-1.028753,-1.91078,-0.145485,0.033408,0.374329,0.691238,-0.407882,0.596501,-0.073883,0.781125,0.619935,-0.719653,-0.472076,0.509025,0.004128,-0.042888,-0.009883,0.232976,1.592053,-2.131762,0.537818,0.046925,0.037789,0.010425,-0.560948,0.542574,0.62526,-0.057597,-0.779029,0.624336,0.825844,0.314207,0.468245,0.002093,-0.022083,-0.005309,0.239705,1.582348,-2.136509,0.522242,0.09298,0.053228,-0.053739,-0.913159,0.366716,-0.177928,-0.397462,-0.70437,0.58812,0.090346,0.607768,0.788958,-0.00816,-0.052531,0.015123,1.323244,-3.406238,-3.956569,-0.848967
3678,0.154059,0.052816,0.373712,-0.871604,0.385215,-0.30325,-0.489444,-0.647426,0.584171,0.029781,0.657109,0.753225,-0.027647,-0.104128,0.045266,0.27307,-1.209711,-0.830272,-1.912,-0.1451,0.032017,0.373457,0.66415,-0.440401,0.604106,-0.036739,0.787742,0.614856,-0.747479,-0.429993,0.506207,0.002279,-0.0283,-0.031471,1.030871,1.067085,0.758021,0.538241,0.047118,0.037087,0.009986,-0.527329,0.56798,0.631918,-0.094732,-0.778396,0.620584,0.844363,0.26739,0.464277,0.001186,-0.014559,-0.015974,1.034238,1.068064,0.778837,0.522079,0.092525,0.051136,-0.052971,-0.932939,0.294523,-0.207073,-0.359414,-0.728196,0.583567,0.021084,0.618858,0.785219,-0.013795,-0.051559,0.022906,0.292682,-1.203872,-0.84359,-0.851089
3679,0.153571,0.050766,0.374755,-0.880461,0.347613,-0.322487,-0.474119,-0.657501,0.585555,-0.007396,0.668021,0.744123,-0.026986,-0.105435,0.058866,-0.352729,-0.594743,-0.144293,-1.911949,-0.144798,0.031323,0.372862,0.649083,-0.452035,0.611839,-0.022432,0.792457,0.609462,-0.761151,-0.408744,0.503428,0.014921,-0.030341,-0.033806,3.41509,3.414185,2.712718,0.53809,0.047253,0.036766,0.009711,-0.512972,0.573352,0.638847,-0.105754,-0.780768,0.615805,0.851865,0.24833,0.461147,0.007529,-0.015932,-0.017341,0.057619,0.202673,-0.285893,0.522242,0.0923,0.050177,-0.052495,-0.938935,0.258667,-0.226918,-0.343698,-0.736633,0.582445,-0.016496,0.62487,0.780554,-0.013336,-0.05281,0.029403,1.116313,-3.796868,-3.83004,-0.849457
3680,0.152476,0.047287,0.377106,-0.8889,0.293665,-0.351657,-0.453524,-0.673103,0.584141,-0.064057,0.67836,0.73195,-0.02552,-0.088877,0.067985,-0.213189,-0.440485,0.551467,-1.912309,-0.143931,0.02997,0.37156,0.6276,-0.469841,0.620773,0.001098,0.797783,0.602889,-0.779274,-0.377099,0.500392,0.029049,-0.043502,-0.028009,0.003269,0.046522,-0.061034,0.537711,0.047692,0.036074,0.009045,-0.484486,0.589503,0.646342,-0.134765,-0.780322,0.610683,0.864355,0.208763,0.457499,0.013888,-0.016295,-0.018268,0.058972,0.038231,0.000873,0.522079,0.091742,0.048392,-0.051306,-0.944297,0.203437,-0.258679,-0.320172,-0.749689,0.579184,-0.076102,0.629744,0.773065,-0.018601,-0.038002,0.030446,-0.037798,-0.517049,0.085206,-0.855825
3681,0.151289,0.044296,0.379746,-0.892898,0.238603,-0.381899,-0.432431,-0.691065,0.579141,-0.124625,0.68196,0.720713,-0.03654,-0.068571,0.065202,1.906773,-3.664969,-3.186667,-1.911834,-0.142767,0.028734,0.370298,0.612624,-0.47425,0.632273,0.00922,0.804093,0.594376,-0.79104,-0.357702,0.496153,0.040909,-0.033514,-0.023374,-0.001192,0.009659,-0.013351,0.537505,0.04826,0.035444,0.008414,-0.468379,0.590611,0.657114,-0.144306,-0.78489,0.602597,0.871662,0.187418,0.452854,0.019837,-0.011543,-0.016103,0.019815,0.090105,-0.162289,0.521752,0.091153,0.0469,-0.049979,-0.943974,0.155179,-0.291256,-0.301829,-0.762851,0.5718,-0.133454,0.627675,0.76695,-0.012357,-0.039248,0.036963,-0.20713,-0.44042,0.585369,-0.862846
3682,0.150787,0.042902,0.381156,-0.892433,0.217097,-0.395573,-0.425407,-0.69722,0.576962,-0.149437,0.682907,0.715076,-0.02403,-0.063506,0.067676,-0.20609,-0.392138,0.679866,-1.912395,-0.142135,0.028318,0.369837,0.609407,-0.471,0.637787,0.006267,0.807146,0.590262,-0.793548,-0.35512,0.493998,0.038945,-0.014543,-0.027104,0.024308,0.083725,-0.142348,0.53761,0.048589,0.03521,0.008167,-0.465694,0.586804,0.662411,-0.142262,-0.78844,0.598433,0.873435,0.184451,0.450652,0.013848,-0.012754,-0.008823,-0.00232,-0.010182,0.014945,0.522079,0.090898,0.0462,-0.049276,-0.943081,0.1292,-0.306436,-0.290119,-0.770059,0.568189,-0.162565,0.624752,0.763712,-0.012105,-0.036626,0.03845,-0.204903,-0.436867,0.588873,-0.863663
3683,0.150105,0.040728,0.384081,-0.892996,0.163022,-0.419557,-0.399841,-0.715452,0.572912,-0.205668,0.679159,0.704607,-0.009878,-0.035441,0.067837,0.524146,-1.295599,-0.560524,-1.913078,-0.140866,0.027872,0.369098,0.605216,-0.466508,0.645039,0.002366,0.811233,0.584662,-0.796767,-0.351733,0.491232,0.037894,-0.002485,-0.019815,0.026086,0.070086,-0.116824,0.537507,0.049224,0.034981,0.007794,-0.462228,0.581525,0.669457,-0.139511,-0.793235,0.592717,0.875717,0.180574,0.447785,0.013281,-0.006379,-0.004969,-0.014013,0.089564,-0.164221,0.521752,0.09055,0.045091,-0.047819,-0.939522,0.078308,-0.333414,-0.264511,-0.784307,0.561155,-0.217556,0.615409,0.757588,-0.004912,-0.022585,0.038642,2.132483,-3.458148,-3.55849,-0.866112
3684,0.14994,0.039354,0.386931,-0.892603,0.09797,-0.440123,-0.361602,-0.738703,0.568801,-0.268288,0.666738,0.695349,0.002834,-0.029888,0.070412,-0.122548,-0.414339,0.567498,-1.913163,-0.139476,0.027937,0.368612,0.603734,-0.464687,0.647737,0.001086,0.812902,0.582342,-0.797893,-0.350291,0.490435,0.036792,0.008696,-0.01293,0.027881,0.056544,-0.091452,0.537505,0.049919,0.035011,0.007549,-0.461062,0.579408,0.672092,-0.138666,-0.795139,0.59036,0.876466,0.178997,0.446953,0.012737,-0.000853,-0.001568,-0.009661,0.064252,-0.116048,0.522079,0.090464,0.044416,-0.046387,-0.933711,0.013251,-0.357781,-0.223079,-0.803152,0.552432,-0.280032,0.595626,0.752868,-0.004632,-0.019143,0.040401,-0.01083,-0.506613,0.125896,-0.875583
3685,0.15018,0.038265,0.389926,-0.888781,0.052346,-0.455384,-0.33596,-0.750306,0.569336,-0.310773,0.658937,0.685018,0.015954,-0.020527,0.074751,2.283569,-3.281116,-3.469601,-1.913196,-0.138912,0.028056,0.368466,0.603308,-0.464204,0.64848,0.000849,0.8134,0.581647,-0.798215,-0.349777,0.490277,0.02402,0.009995,-0.011111,0.038572,-0.023756,0.053275,0.537456,0.050454,0.035131,0.00743,-0.458423,0.579385,0.673914,-0.137023,-0.795296,0.590532,0.878106,0.178372,0.443972,0.012538,0.000993,-0.000422,-0.097475,0.156498,-0.058689,0.522242,0.090579,0.043866,-0.044892,-0.926285,-0.025657,-0.375946,-0.20113,-0.810013,0.550839,-0.318655,0.585848,0.745144,0.00793,-0.014802,0.042219,-0.28795,-0.072113,0.343347,-0.879665
3686,0.150477,0.037991,0.39134,-0.888098,0.034733,-0.458391,-0.324062,-0.754603,0.570552,-0.324985,0.655207,0.681994,0.01639,-0.007229,0.067073,0.065951,-0.465414,0.055805,-1.913322,-0.138037,0.028263,0.368246,0.600791,-0.464699,0.650459,-0.000722,0.813257,0.581848,-0.800109,-0.349453,0.487412,0.0114,0.009776,-0.010229,0.03729,-0.021227,0.049957,0.537639,0.050647,0.035188,0.007374,-0.457956,0.578773,0.674757,-0.136831,-0.795875,0.589795,0.878381,0.177772,0.443669,0.006393,-0.000595,-0.0009,-0.001168,0.072251,-0.149674,0.522079,0.090728,0.043728,-0.04418,-0.923699,-0.047625,-0.380145,-0.184462,-0.814372,0.550246,-0.335785,0.578384,0.743451,0.008233,-0.002847,0.033917,0.623303,-1.155318,-0.703858,-0.883748
3687,0.150956,0.038124,0.393989,-0.88614,0.018242,-0.463106,-0.314829,-0.757046,0.572482,-0.339051,0.653073,0.677175,0.005783,0.015254,0.06397,-0.138004,-0.012223,0.055512,-1.91376,-0.137664,0.028377,0.367964,0.596844,-0.467024,0.652424,-0.002799,0.811812,0.583855,-0.803051,-0.349708,0.482366,0.0005,-0.004471,-0.002784,-0.102686,0.106799,0.066597,0.537883,0.050832,0.035253,0.007238,-0.453838,0.580149,0.676355,-0.134532,-0.794934,0.59159,0.880869,0.177495,0.43882,0.000262,-0.002288,-0.001433,-0.169947,0.170511,0.105901,0.522242,0.090964,0.043775,-0.042881,-0.920251,-0.063843,-0.386083,-0.174591,-0.815983,0.551079,-0.35022,0.574538,0.739763,0.008844,0.007607,0.031776,-0.13863,-0.037846,0.113996,-0.879012
3688,0.151608,0.039386,0.396133,-0.885562,-0.000818,-0.464569,-0.300646,-0.761407,0.57432,-0.353098,0.648265,0.674612,0.030826,0.054915,0.0392,-0.027293,-0.025425,0.034218,-1.913351,-0.137653,0.028421,0.367635,0.59618,-0.466239,0.653592,-0.003015,0.812678,0.582648,-0.803543,-0.348747,0.482243,0.000656,-0.005866,-0.00366,-0.001883,0.013937,-0.025152,0.537629,0.050842,0.03528,0.00707,-0.453069,0.579312,0.677587,-0.134516,-0.795797,0.590433,0.881267,0.176361,0.438478,-0.006617,0.001991,-0.005897,0.036099,0.005885,-0.0106,0.522079,0.091287,0.044398,-0.041775,-0.917602,-0.082399,-0.388863,-0.160224,-0.818613,0.551543,-0.363775,0.568403,0.73796,0.009396,0.022601,0.02453,-0.045389,-0.092833,0.122551,-0.885544
3689,0.152365,0.041997,0.397543,-0.888189,-0.007458,-0.459466,-0.293881,-0.759503,0.580311,-0.352193,0.650461,0.672969,0.019995,0.086159,0.025285,-0.083394,-0.011344,0.024169,-1.914129,-0.137846,0.028578,0.367242,0.595945,-0.466083,0.653917,-0.002298,0.813219,0.581896,-0.803719,-0.347694,0.482709,-0.000945,0.007105,-0.010865,0.034471,0.006762,-0.005159,0.537645,0.050747,0.035349,0.006873,-0.45288,0.579079,0.677912,-0.135332,-0.796196,0.589709,0.88124,0.175324,0.438949,-0.006783,0.003483,-0.004962,0.046854,-0.088453,0.164128,0.522242,0.091677,0.045724,-0.041055,-0.918964,-0.089465,-0.384058,-0.153446,-0.816039,0.557255,-0.363261,0.57103,0.736183,0.010042,0.043672,0.012905,-0.069615,0.009908,0.017574,-0.879012
3690,0.152685,0.043713,0.398153,-0.888763,-0.013098,-0.458229,-0.291955,-0.754535,0.587716,-0.352346,0.656136,0.667357,0.020582,0.093053,0.02782,-0.304502,-0.315055,-0.071128,-1.913524,-0.137986,0.028712,0.367083,0.594325,-0.467752,0.6542,-0.002631,0.812214,0.583297,-0.804915,-0.3478,0.480634,-0.001262,0.009963,-0.009076,-0.050171,0.083004,0.076545,0.537505,0.050677,0.035411,0.006791,-0.450999,0.580316,0.678109,-0.134657,-0.79531,0.591056,0.882307,0.175254,0.436828,-0.006202,-0.00104,-0.000135,-0.114643,0.130625,0.043007,0.522079,0.091828,0.046544,-0.040762,-0.919023,-0.094432,-0.382724,-0.151569,-0.811599,0.56421,-0.363898,0.576532,0.731566,0.010271,0.041783,0.018683,-0.508366,-0.381063,-0.159144,-0.875257
3691,0.15378,0.047103,0.399373,-0.889538,-0.032396,-0.45576,-0.286288,-0.737942,0.611107,-0.355018,0.67412,0.647728,0.04325,0.091317,0.024925,-0.805179,-0.736966,-0.245873,-1.913889,-0.138317,0.029006,0.366867,0.59406,-0.467509,0.654614,-0.002138,0.812745,0.582558,-0.805112,-0.346886,0.480965,-0.012726,0.000796,0.001523,-0.002063,0.015225,-0.029233,0.537642,0.050516,0.035562,0.006678,-0.450705,0.580105,0.678486,-0.135373,-0.795687,0.590386,0.882348,0.174241,0.43715,-0.007068,0.006115,-0.003309,0.037688,-0.007631,0.014826,0.522079,0.092369,0.048255,-0.040144,-0.917765,-0.112451,-0.380867,-0.145991,-0.796374,0.586919,-0.369313,0.594258,0.714468,0.015788,0.040791,0.017386,-0.524463,-0.193944,-0.471008,-0.871827
3692,0.155312,0.050813,0.400307,-0.891199,-0.064096,-0.449112,-0.268024,-0.724401,0.635121,-0.36494,0.686469,0.628973,0.042945,0.09645,0.025846,-0.48679,-0.487163,-0.259729,-1.913889,-0.138681,0.029274,0.366786,0.595006,-0.471565,0.650834,-0.000255,0.80956,0.586981,-0.804417,-0.34883,0.480723,-0.014099,0.011941,-0.006811,-0.031129,-0.47086,0.664312,0.537461,0.050334,0.035696,0.006644,-0.450524,0.583859,0.675378,-0.135947,-0.792547,0.594464,0.882352,0.176005,0.436435,-0.006439,0.000904,0.001088,-0.208736,-1.503575,2.030201,0.522079,0.09315,0.050141,-0.039668,-0.914732,-0.146045,-0.376742,-0.127237,-0.780845,0.611629,-0.383503,0.607413,0.695682,0.021486,0.048403,0.012979,-0.523546,-0.519162,-0.25702,-0.872807
3693,0.156228,0.052856,0.400737,-0.893053,-0.084249,-0.442045,-0.252141,-0.72002,0.646504,-0.371641,0.688923,0.622331,0.042428,0.096002,0.024964,-0.161899,-0.658769,-0.51551,-1.914178,-0.138852,0.029363,0.366786,0.593145,-0.472837,0.65161,-0.001327,0.808677,0.588195,-0.805788,-0.349154,0.478185,-0.012739,0.001047,0.001674,-0.103616,0.121423,0.037605,0.53734,0.050248,0.035746,0.006642,-0.449017,0.585035,0.675364,-0.135031,-0.791592,0.595942,0.88326,0.176393,0.434437,-0.007069,0.006202,-0.003254,-0.11808,0.247236,-0.095063,0.522242,0.093593,0.051132,-0.03946,-0.913765,-0.166188,-0.370693,-0.11127,-0.775212,0.621824,-0.390706,0.609448,0.68987,0.02697,0.053079,0.007664,0.275595,-1.463243,-1.394697,-0.87493
3694,0.158324,0.056539,0.40149,-0.894336,-0.116543,-0.432003,-0.228389,-0.71141,0.66461,-0.383677,0.693192,0.610167,0.052277,0.090715,0.021174,0.172477,-1.494122,-1.426066,-1.913126,-0.139239,0.029436,0.366794,0.59314,-0.475534,0.649648,-0.001222,0.806279,0.591478,-0.805791,-0.351025,0.476807,-0.012496,-0.001158,0.000297,-0.027762,0.076629,-0.136954,0.537384,0.050054,0.035787,0.006648,-0.448285,0.58798,0.67329,-0.134414,-0.788989,0.599524,0.883726,0.178258,0.432725,-0.006239,-0.00066,0.000104,-0.005,-0.149762,0.183043,0.522079,0.094639,0.052986,-0.039078,-0.911093,-0.196859,-0.362152,-0.087935,-0.765534,0.637356,-0.40271,0.612537,0.680163,0.031719,0.044356,0.010025,2.322952,-3.674178,-3.626189,-0.875256
3695,0.160508,0.05993,0.402257,-0.892915,-0.137745,-0.42869,-0.215443,-0.705382,0.675272,-0.394297,0.695488,0.600711,0.050916,0.077008,0.02789,2.162377,-3.970096,-3.281859,-1.704889,-0.13964,0.029375,0.366789,0.59189,-0.477069,0.649664,-0.002297,0.804908,0.59334,-0.806707,-0.352083,0.474472,-0.012415,-0.001924,-0.000181,-0.006655,0.019968,-0.026038,0.53755,0.049854,0.035755,0.006645,-0.446754,0.589145,0.673288,-0.132969,-0.787933,0.601232,0.88472,0.179077,0.43035,3.9e-05,-0.000364,-0.000218,0.014979,-0.007056,-0.011555,0.521915,0.095731,0.054685,-0.038697,-0.907558,-0.215763,-0.360255,-0.077687,-0.756824,0.648984,-0.412677,0.616978,0.6701,0.031044,0.043453,0.009064,-0.196049,-0.215927,-0.071762,-0.855008
3696,0.161718,0.061473,0.402694,-0.893583,-0.155191,-0.421273,-0.201158,-0.700557,0.684637,-0.400266,0.696713,0.595319,0.061294,0.074198,0.02589,-0.320864,-0.814867,-0.410662,-1.370422,-0.139842,0.029321,0.366784,0.591597,-0.476645,0.650241,-0.002762,0.805208,0.592931,-0.80692,-0.351972,0.474193,-0.012405,-0.00203,-0.000248,-0.002112,0.015276,-0.029201,0.53737,0.049753,0.035727,0.006642,-0.446629,0.588555,0.673887,-0.132685,-0.788424,0.60065,0.884825,0.178853,0.430225,-0.006194,-0.001104,-0.000173,0.00105,0.012857,-0.031769,0.521916,0.096332,0.05546,-0.038477,-0.904928,-0.236817,-0.353583,-0.05914,-0.752818,0.655565,-0.421433,0.614151,0.667241,0.036173,0.036613,0.012513,0.637817,-1.14204,-1.048001,-0.7474
3697,0.164357,0.063983,0.403539,-0.88585,-0.203529,-0.417001,-0.168904,-0.695657,0.698215,-0.431098,0.689198,0.582398,0.059059,0.057768,0.019053,-0.198551,-0.748348,-0.354565,-0.672436,-0.14035,0.029197,0.366738,0.591066,-0.475869,0.651292,-0.003551,0.805782,0.592146,-0.807306,-0.351711,0.47373,-0.012182,-0.004211,-0.001609,-0.002045,0.015205,-0.029245,0.537488,0.049498,0.035668,0.006621,-0.446244,0.587659,0.674924,-0.132079,-0.789169,0.599805,0.88511,0.178516,0.429779,-0.006059,-0.002411,-0.000986,-0.004057,0.029,-0.054525,0.521916,0.097654,0.056739,-0.038045,-0.891183,-0.284706,-0.353176,-0.026732,-0.744223,0.667395,-0.452854,0.604212,0.655629,0.035033,0.023195,0.013632,0.077175,-1.792967,-0.878187,-0.574639
3698,0.166844,0.065523,0.404418,-0.869905,-0.261588,-0.418189,-0.137394,-0.685815,0.71467,-0.472669,0.679475,0.561181,0.057434,0.032362,0.022298,-0.363381,-0.207368,-3.383761,-0.169686,-0.140928,0.028922,0.366616,0.591735,-0.476173,0.650462,-0.003375,0.805315,0.592782,-0.806817,-0.352365,0.474076,-0.011773,-0.008355,-0.004202,-0.003905,0.029207,-0.054363,0.53755,0.049209,0.035536,0.006563,-0.446892,0.588107,0.674104,-0.132127,-0.788663,0.600459,0.884776,0.179273,0.430153,-0.012129,-0.004844,-0.002,-0.004201,0.03067,-0.059135,0.521915,0.098919,0.057532,-0.037598,-0.868722,-0.340094,-0.360078,0.003964,-0.731743,0.681568,-0.495282,0.590667,0.63703,0.028717,0.015325,0.010824,-0.448055,-0.273624,-3.39276,-0.469806
3699,0.169232,0.066506,0.405069,-0.852178,-0.333422,-0.40332,-0.091983,-0.663355,0.742611,-0.51409,0.670349,0.535137,0.067041,0.017403,0.016403,-0.856883,-0.662115,-0.464971,0.213582,-0.141702,0.028425,0.366361,0.591897,-0.475774,0.650607,-0.003924,0.805374,0.592699,-0.806696,-0.35277,0.473981,-0.023756,-0.015295,-0.00755,-0.064227,-0.432734,0.591803,0.537575,0.048835,0.035298,0.006441,-0.44597,0.586216,0.676358,-0.130759,-0.790231,0.598694,0.885444,0.178559,0.429072,-0.005633,-0.006871,-0.003784,-0.004023,0.029154,-0.054436,0.522079,0.100088,0.058017,-0.037279,-0.842336,-0.409912,-0.349916,0.049913,-0.705794,0.706655,-0.536635,0.577776,0.614976,0.028016,0.007832,0.008053,-0.959074,-0.864895,-0.414652,-0.395672
3700,0.170371,0.066828,0.405349,-0.843212,-0.376034,-0.384236,-0.060123,-0.644322,0.762369,-0.533202,0.666406,0.521177,0.055831,0.014703,0.015838,-0.485172,-0.404491,-3.679338,0.370627,-0.142098,0.028112,0.366188,0.591284,-0.474904,0.651798,-0.004817,0.806018,0.591816,-0.807139,-0.352474,0.473447,-0.023497,-0.018327,-0.009476,-0.007804,0.058418,-0.108724,0.53776,0.048628,0.035139,0.006353,-0.446668,0.586802,0.675389,-0.130929,-0.789622,0.599462,0.885068,0.179333,0.429528,-0.011748,-0.009127,-0.004702,-0.005972,0.045265,-0.085016,0.521916,0.100661,0.058172,-0.037141,-0.826879,-0.450279,-0.336925,0.077896,-0.685035,0.724332,-0.556957,0.572691,0.601517,0.027792,0.005983,0.007477,1.274119,-4.739911,-3.646212,-0.36481
3701,0.172502,0.067368,0.405828,-0.831779,-0.427281,-0.354429,-0.031389,-0.601289,0.798398,-0.553222,0.675745,0.487176,0.055147,0.019363,0.004715,-0.873134,-0.464998,-0.843131,0.51727,-0.143116,0.027332,0.365624,0.592909,-0.469342,0.654346,-0.005328,0.810171,0.586114,-0.805945,-0.350407,0.477002,-0.022969,-0.025082,-0.013821,0.302108,-0.278634,-0.320091,0.538037,0.048132,0.034759,0.006083,-0.447419,0.582952,0.67822,-0.130524,-0.792804,0.595334,0.884747,0.17784,0.430805,-0.011474,-0.012548,-0.006894,-0.016332,0.06504,-0.104713,0.521916,0.101727,0.058434,-0.0369,-0.80693,-0.503348,-0.309034,0.107397,-0.63953,0.761226,-0.580799,0.581068,0.570115,0.027628,0.003863,0.006644,-0.951291,-0.546729,-0.901166,-0.143551
3702,0.174836,0.067627,0.405887,-0.811123,-0.474669,-0.34178,-0.018657,-0.5631,0.826162,-0.583603,0.677085,0.448321,0.065139,0.000408,-0.002216,-1.149295,-0.694041,-0.976258,0.522185,-0.144359,0.026493,0.364737,0.594138,-0.466593,0.655196,-0.005044,0.812271,0.583201,-0.805041,-0.34922,0.479392,-0.035024,-0.034029,-0.018636,0.026197,-0.024686,-0.033489,0.5377,0.047501,0.034339,0.005634,-0.451192,0.579056,0.679058,-0.132572,-0.795959,0.590655,0.882524,0.176474,0.435897,-0.018169,-0.011127,-0.013255,0.028958,0.068055,-0.153616,0.521916,0.10289,0.058586,-0.036862,-0.780625,-0.547724,-0.301035,0.11835,-0.602486,0.789305,-0.613691,0.580524,0.535139,0.032445,0.004705,-0.005934,-0.763186,-0.535127,-0.894517,0.162782
3703,0.176125,0.067671,0.405693,-0.793052,-0.508241,-0.335863,-0.005636,-0.545247,0.83824,-0.608172,0.667292,0.429971,0.064713,0.004241,-0.013542,-0.784014,-0.412677,-0.85374,0.522145,-0.145085,0.026022,0.364174,0.594735,-0.46686,0.654464,-0.004355,0.812101,0.583443,-0.804605,-0.349257,0.480098,-0.036317,-0.02423,-0.027928,0.037827,-0.017472,0.029526,0.537806,0.047153,0.034105,0.005364,-0.451649,0.57959,0.678298,-0.13303,-0.795505,0.591163,0.882222,0.176764,0.436392,-0.018085,-0.012727,-0.01433,0.028403,0.004621,0.005983,0.521915,0.103558,0.058605,-0.036961,-0.757175,-0.581019,-0.298499,0.129854,-0.581738,0.802943,-0.640174,0.569207,0.515925,0.032338,0.001368,-0.007076,-0.768384,-0.404432,-0.858496,0.324439
3704,0.178751,0.067606,0.405088,-0.754713,-0.573222,-0.31917,0.01957,-0.505989,0.862301,-0.654851,0.645256,0.393499,0.064556,-0.005453,-0.016857,-0.69739,-0.518152,-0.712967,0.522429,-0.146689,0.025092,0.363037,0.593077,-0.46458,0.657584,-0.005523,0.814255,0.580423,-0.80582,-0.347283,0.479491,-0.049081,-0.027277,-0.029087,0.020802,0.109169,-0.197704,0.537807,0.046342,0.033627,0.004782,-0.450288,0.57709,0.681327,-0.132491,-0.797802,0.588181,0.882998,0.174581,0.4357,-0.018226,-0.012649,-0.014393,0.037449,-0.017111,0.029729,0.522079,0.104846,0.05857,-0.037259,-0.710676,-0.641389,-0.289064,0.152646,-0.541675,0.826611,-0.686759,0.543328,0.482861,0.026861,-0.002717,-0.008274,-0.796907,-0.947742,-0.91006,0.490343
3705,0.181148,0.067556,0.404356,-0.734704,-0.606612,-0.303771,0.02837,-0.474904,0.879564,-0.676904,0.638355,0.36651,0.053568,0.007765,-0.024525,-0.383207,-0.138128,-0.519918,0.52127,-0.148444,0.024119,0.36191,0.59597,-0.466804,0.653379,-0.002554,0.812455,0.582961,-0.803699,-0.348508,0.482154,-0.036906,-0.023644,-0.027997,0.037506,-0.01774,0.029416,0.5377,0.04546,0.033132,0.004213,-0.452834,0.579785,0.67734,-0.134833,-0.795489,0.590775,0.88134,0.176196,0.438398,-0.024768,-0.012553,-0.013922,0.02319,0.099299,-0.178823,0.521915,0.106049,0.058521,-0.037629,-0.685006,-0.673668,-0.277375,0.15931,-0.510024,0.845277,-0.710905,0.534832,0.456692,0.032378,-0.001683,-0.00809,-0.449709,-0.271058,-0.352533,0.515653
3706,0.182302,0.067694,0.403954,-0.722957,-0.62782,-0.28848,0.043827,-0.458419,0.887639,-0.688625,0.629862,0.3593,0.053639,0.012719,-0.022749,0.138738,-1.583876,-1.079687,0.520671,-0.149334,0.023628,0.361406,0.598347,-0.468886,0.649706,-0.000227,0.810675,0.585441,-0.801938,-0.349853,0.48411,-0.049882,-0.023171,-0.026744,0.035458,-0.002706,0.000134,0.537668,0.04502,0.032884,0.003959,-0.454927,0.582336,0.673739,-0.136633,-0.793246,0.593372,0.879983,0.177887,0.440436,-0.024927,-0.011502,-0.013285,0.023275,0.100091,-0.180115,0.521915,0.106645,0.058583,-0.037842,-0.670062,-0.69382,-0.263874,0.173826,-0.492256,0.852917,-0.721665,0.525639,0.450446,0.026817,0.006458,-0.011382,0.154195,-1.602845,-1.055851,0.518102
3707,0.184613,0.068493,0.403071,-0.670305,-0.693704,-0.263652,0.095966,-0.433372,0.896075,-0.735038,0.576204,0.3574,0.05324,0.031378,-0.028766,1.101725,-5.250062,-2.299463,0.522401,-0.151113,0.022683,0.360521,0.600524,-0.470597,0.646452,0.002029,0.809251,0.587403,-0.800307,-0.350846,0.486085,-0.050398,-0.019931,-0.024783,0.035458,-0.002932,-4.9e-05,0.537651,0.044131,0.03241,0.003515,-0.456843,0.584422,0.67063,-0.138425,-0.791422,0.595389,0.878711,0.179167,0.442454,-0.018248,-0.014503,-0.00805,0.003085,-0.022739,0.033435,0.521752,0.10778,0.058967,-0.038275,-0.613395,-0.750185,-0.246916,0.222551,-0.464155,0.857339,-0.75777,0.470937,0.451665,0.026665,0.015959,-0.014317,0.171017,-0.046143,-0.211325,0.519408
3708,0.186514,0.069666,0.401841,-0.625191,-0.736924,-0.257146,0.131133,-0.424012,0.896097,-0.768613,0.527428,0.362052,0.053088,0.025162,-0.030824,0.233472,-0.446899,-0.175969,0.522552,-0.15286,0.02182,0.359668,0.603659,-0.473078,0.641704,0.00497,0.807016,0.590452,-0.797935,-0.352647,0.488675,-0.037962,-0.017326,-0.024256,0.024712,0.079222,-0.143052,0.537877,0.043253,0.031978,0.003089,-0.459703,0.587609,0.665873,-0.140768,-0.788531,0.598667,0.876845,0.181476,0.445206,-0.025392,-0.008731,-0.011617,0.037713,-0.013205,0.018618,0.521752,0.10875,0.059582,-0.038895,-0.557659,-0.792374,-0.247301,0.257536,-0.448387,0.855934,-0.789107,0.41363,0.454112,0.026586,0.012443,-0.015485,0.23804,-0.439466,-0.16923,0.521694
3709,0.188648,0.070816,0.400365,-0.614875,-0.743488,-0.263059,0.137004,-0.429237,0.892725,-0.775881,0.513798,0.366123,0.063432,0.031106,-0.041549,0.153989,-0.207255,0.407203,0.521571,-0.15446,0.021124,0.359003,0.608388,-0.473814,0.636676,0.008401,0.805916,0.591915,-0.79431,-0.354168,0.493457,-0.037478,-0.020596,-0.010771,0.207324,-0.172362,-0.294041,0.537722,0.042454,0.031625,0.002747,-0.463414,0.590006,0.661165,-0.143407,-0.786215,0.601081,0.87446,0.183734,0.448955,-0.019313,-0.00434,-0.009239,0.435262,-0.429036,-0.204197,0.521915,0.109794,0.060149,-0.039616,-0.547479,-0.79732,-0.254057,0.263663,-0.452492,0.851899,-0.794196,0.399411,0.457954,0.026334,0.015127,-0.020788,0.143982,-0.079482,0.181361,0.521368
3710,0.18957,0.071365,0.399572,-0.614914,-0.741371,-0.268877,0.137252,-0.436405,0.889205,-0.775807,0.510802,0.370448,0.041762,0.0277,-0.042021,0.351245,0.062362,0.242366,0.489406,-0.155201,0.020841,0.358767,0.61079,-0.475924,0.63279,0.010583,0.803915,0.594594,-0.79244,-0.355876,0.495232,-0.037743,-0.01712,-0.008452,0.001206,-0.084984,0.118042,0.537421,0.042098,0.031484,0.002634,-0.466548,0.591594,0.657532,-0.145395,-0.78458,0.602737,0.872463,0.185604,0.452059,-0.012462,-0.007799,-0.004207,-0.081037,-0.576644,0.833625,0.521752,0.110263,0.060426,-0.040012,-0.547829,-0.79518,-0.259942,0.263954,-0.459136,0.848245,-0.793857,0.396082,0.46142,0.020921,0.0131,-0.021307,0.486492,0.046435,0.421489,0.513367
3711,0.190617,0.071806,0.397683,-0.601931,-0.736204,-0.3094,0.120155,-0.466576,0.876265,-0.788722,0.49119,0.369698,0.020596,-0.001882,-0.05201,0.044155,-1.318426,2.995588,0.28856,-0.156447,0.020357,0.358412,0.611348,-0.475974,0.632214,0.010738,0.803702,0.59488,-0.792007,-0.356291,0.495625,-0.037977,-0.014668,-0.006834,-0.00797,0.059843,-0.112728,0.537584,0.04146,0.031243,0.002453,-0.467077,0.591958,0.656829,-0.145476,-0.784161,0.603264,0.872167,0.186218,0.452379,-0.012556,-0.006812,-0.003562,-0.007958,0.05986,-0.109002,0.521752,0.110794,0.06069,-0.040941,-0.540173,-0.786893,-0.298347,0.250965,-0.489014,0.835392,-0.803261,0.376382,0.461635,0.010347,-0.002242,-0.026488,0.105307,-0.385495,0.894176,0.34877
3712,0.190978,0.070617,0.395594,-0.589398,-0.716073,-0.374027,0.079802,-0.512369,0.855033,-0.803175,0.474996,0.359607,-0.010889,-0.049379,-0.056408,-0.049376,-1.079693,2.415539,-0.03516,-0.157635,0.019893,0.358184,0.611217,-0.475071,0.633018,0.009625,0.804103,0.594356,-0.792122,-0.356589,0.495227,-0.038197,-0.011942,-0.005011,-0.008533,0.055922,-0.107306,0.537806,0.040852,0.031007,0.002338,-0.467082,0.591029,0.657661,-0.144478,-0.784798,0.602674,0.872329,0.186481,0.451956,-0.019103,-0.005825,-0.002387,-0.008042,0.059951,-0.113046,0.521752,0.110982,0.060113,-0.041999,-0.535659,-0.761496,-0.364953,0.21273,-0.539938,0.814378,-0.817198,0.358593,0.451217,-0.005366,-0.026497,-0.028868,-0.020592,-1.044067,2.378142,0.036395
3713,0.190498,0.069152,0.394441,-0.599081,-0.686159,-0.412714,0.041275,-0.541257,0.839827,-0.798897,0.486941,0.353099,-0.043104,-0.087584,-0.057843,-0.272692,-1.151207,3.73695,-0.18408,-0.158218,0.019694,0.358073,0.611837,-0.475296,0.632251,0.009757,0.803689,0.594915,-0.791643,-0.357223,0.495537,-0.038262,-0.011338,-0.004613,-0.008534,0.055925,-0.107305,0.53753,0.040584,0.030917,0.002287,-0.467725,0.591477,0.6568,-0.144572,-0.784281,0.603325,0.871969,0.187235,0.452339,-0.0127,-0.004888,-0.002274,-0.012074,0.00185,-0.024296,0.521752,0.110741,0.059397,-0.042569,-0.552069,-0.731162,-0.400774,0.176796,-0.572382,0.8007,-0.814838,0.371186,0.445261,-0.021429,-0.046208,-0.029794,-0.259087,-1.160732,3.781526,-0.119548
