frame,MLTx,MLTy,MLTz,MLTR1,MLTR2,MLTR3,MLTR4,MLTR5,MLTR6,MLTR7,MLTR8,MLTR9,MLTTVx,MLTTVy,MLTTVz,MLTRVx,MLTRVy,MLTRVz,MLGA,MRTx,MRTy,MRTz,MRTR1,MRTR2,MRTR3,MRTR4,MRTR5,MRTR6,MRTR7,MRTR8,MRTR9,MRTTVx,MRTTVy,MRTTVz,MRTRVx,MRTRVy,MRTRVz,MRGA,SLTx,SLTy,SLTz,SLTR1,SLTR2,SLTR3,SLTR4,SLTR5,SLTR6,SLTR7,SLTR8,SLTR9,SLTTVx,SLTTVy,SLTTVz,SLTRVx,SLTRVy,SLTRVz,SLGA,SRTx,SRTy,SRTz,SRTR1,SRTR2,SRTR3,SRTR4,SRTR5,SRTR6,SRTR7,SRTR8,SRTR9,SRTTVx,SRTTVy,SRTTVz,SRTRVx,SRTRVy,SRTRVz,SRGA
368,0.129661,-0.057637,0.275752,0.608649,0.683699,-0.402675,-0.010867,0.514672,0.857301,0.792628,-0.518269,0.321193,0.004298,0.058688,-0.009621,3.563367,-3.869386,-1.566147,0.170457,-0.14903,-0.028205,0.256066,-0.442214,0.369286,0.817353,-0.130232,-0.928008,0.348961,0.887911,0.047417,0.457415,0.015843,0.001221,-0.000628,-0.157802,0.326385,0.046454,-1.406476,0.047348,0.043369,-0.033208,0.351075,-0.323896,0.878542,0.146737,0.945704,0.290019,-0.924778,0.027096,0.379541,1e-05,-0.000212,-0.000335,-0.172097,0.353745,0.036516,-0.905734,0.066304,0.025092,-0.069459,-0.575669,-0.741021,-0.345676,0.037014,-0.445933,0.8943,-0.816844,0.502027,0.284138,-0.00611,0.025046,0.000712,1.144132,0.418,-0.223,-0.085583
369,0.129546,-0.054976,0.275325,0.557297,0.732511,-0.391016,-0.110714,0.532306,0.839264,0.822219,-0.425338,0.378246,-0.011161,0.074066,-0.012297,3.624787,-4.04115,-2.20989,0.318741,-0.148918,-0.027882,0.255895,-0.42924,0.391292,0.814024,-0.128683,-0.918503,0.3738,0.894466,0.055218,0.443559,-0.001213,0.011865,-0.007014,-0.306321,0.480491,0.480601,-1.40701,0.04741,0.043524,-0.033295,0.338343,-0.344713,0.875611,0.14283,0.938521,0.314288,-0.930119,0.018727,0.366778,-0.001204,0.011733,-0.007225,-0.440017,0.67496,0.630639,-0.891364,0.066252,0.026417,-0.06967,-0.522126,-0.786001,-0.331038,0.138256,-0.461017,0.876554,-0.841587,0.411904,0.349378,0.00282,0.041918,-0.010865,2.111269,-0.425848,-0.289803,0.112325
370,0.129627,-0.053421,0.274947,0.530189,0.75502,-0.385864,-0.16234,0.537095,0.827736,0.831545,-0.377153,0.407819,0.005536,0.083729,-0.021993,1.492176,0.519175,-0.111751,0.368521,-0.148901,-0.027472,0.255625,-0.423403,0.404572,0.810582,-0.123629,-0.912097,0.390804,0.897947,0.064759,0.435155,0.013426,0.024409,-0.015516,-0.423889,0.76347,0.671808,-1.406626,0.047413,0.043724,-0.033427,0.333106,-0.357318,0.872561,0.136263,0.93394,0.330434,-0.932991,0.008828,0.35979,-0.001187,0.011456,-0.007661,-0.183707,0.396352,0.338697,-0.896753,0.066288,0.027225,-0.06986,-0.48959,-0.809545,-0.323938,0.194355,-0.46348,0.864529,-0.850015,0.360307,0.384255,0.002843,0.041977,-0.010849,1.557525,0.536759,-0.09091,0.213728
371,0.1301,-0.049949,0.273805,0.468529,0.798864,-0.377284,-0.263617,0.534049,0.803287,0.842623,-0.277896,0.461289,0.021684,0.09165,-0.034667,2.016148,-0.922849,0.020011,0.45177,-0.149219,-0.026391,0.254758,-0.406074,0.42772,0.807559,-0.112229,-0.900272,0.420534,0.90738,0.079609,0.412536,-0.01929,0.031032,-0.025698,-0.356141,0.724528,0.588945,-1.406062,0.047267,0.044252,-0.033844,0.314758,-0.379842,0.869854,0.12161,0.92502,0.359927,-0.941348,-0.007507,0.33735,-0.009631,0.015467,-0.012918,-0.195014,0.475915,0.394923,-0.901652,0.066515,0.028897,-0.070399,-0.429593,-0.848031,-0.310308,0.29104,-0.455321,0.841414,-0.854836,0.271154,0.442413,0.010888,0.045794,-0.017392,1.812369,-0.581022,-0.730001,0.349259
372,0.130894,-0.046849,0.27249,0.398895,0.831496,-0.386708,-0.33426,0.524567,0.782988,0.853411,-0.1841,0.487672,0.01964,0.063407,-0.027934,2.614238,-5.546487,-0.345777,0.515848,-0.149994,-0.024658,0.253593,-0.399607,0.44589,0.800929,-0.081928,-0.887516,0.453361,0.913464,0.114996,0.390154,-0.021809,0.058743,-0.033469,-0.43644,0.499909,0.818851,-1.405527,0.046879,0.045112,-0.034448,0.307204,-0.398505,0.864187,0.087893,0.916099,0.391199,-0.947576,-0.044222,0.316455,-0.010889,0.02908,-0.017171,-0.773119,0.010894,1.22271,-0.908347,0.066925,0.030524,-0.071069,-0.356775,-0.877903,-0.319368,0.364917,-0.445673,0.817441,-0.859969,0.175099,0.479367,0.009644,0.031358,-0.014803,2.485645,-5.590674,-0.40852,0.469115
373,0.132208,-0.044955,0.271177,0.349112,0.830024,-0.435002,-0.355252,0.54681,0.758134,0.866699,-0.111168,0.486314,0.049306,0.029117,-0.028691,0.151615,-0.680259,1.009382,0.520123,-0.151433,-0.021902,0.252028,-0.438017,0.44445,0.781407,-0.005235,-0.870387,0.492273,0.899443,0.210979,0.382561,-0.055455,0.079942,-0.046581,-4.53542,-2.469302,-1.502685,-1.404757,0.046186,0.04646,-0.035203,0.34383,-0.402531,0.84838,0.012395,0.905329,0.424528,-0.938949,-0.13545,0.316269,-0.027731,0.039587,-0.023869,-1.555648,-2.097423,2.164068,-0.914715,0.067564,0.031465,-0.071707,-0.305548,-0.878269,-0.367808,0.387016,-0.467486,0.79478,-0.869976,0.100496,0.482743,0.016537,0.014652,-0.014552,0.213055,-1.79557,2.578601,0.510101
374,0.132995,-0.044324,0.270513,0.325524,0.833327,-0.446817,-0.365045,0.546702,0.753546,0.871822,-0.083222,0.48273,0.048923,0.027545,-0.031245,-0.211101,-0.439723,0.162981,0.520937,-0.152396,-0.02046,0.251093,-0.469133,0.431944,0.770279,0.042344,-0.860121,0.508263,0.88264,0.27052,0.384224,-0.055188,0.077445,-0.050603,-1.366844,-0.855557,-0.012625,-1.403935,0.045711,0.047184,-0.035659,0.375871,-0.392747,0.839327,-0.037255,0.898607,0.437169,-0.925922,-0.195588,0.323128,-0.01975,0.039006,-0.02604,-1.413425,-2.030985,1.992293,-0.917491,0.067957,0.031778,-0.072044,-0.282713,-0.88069,-0.380076,0.397657,-0.468197,0.789087,-0.872892,0.071945,0.482578,0.016314,0.013864,-0.015912,-0.475915,-0.680625,0.201054,0.514836
375,0.134396,-0.04345,0.269451,0.29159,0.832026,-0.471968,-0.380688,0.553613,0.740649,0.877165,-0.037325,0.478765,0.03239,0.017558,-0.022201,2.688693,-4.365941,-2.216615,0.522692,-0.154491,-0.017426,0.249172,-0.524759,0.411248,0.745316,0.099934,-0.83964,0.533809,0.84596,0.354086,0.398545,-0.054913,0.080488,-0.045983,-3.960097,-4.700155,0.543806,-1.403951,0.044643,0.048721,-0.036652,0.433659,-0.375183,0.819254,-0.09885,0.883898,0.457112,-0.895638,-0.279214,0.346224,-0.028007,0.045756,-0.027103,0.011844,-0.022265,0.819721,-0.916511,0.068663,0.032211,-0.07259,-0.252522,-0.878552,-0.405434,0.409465,-0.476674,0.777894,-0.876681,0.030424,0.480108,0.016019,0.002856,-0.007555,0.047929,-0.241997,0.386083,0.519735
376,0.1356,-0.043136,0.268826,0.23506,0.842076,-0.48549,-0.414521,0.538655,0.733481,0.878867,0.02779,0.476286,0.032406,0.017839,-0.021849,0.908368,-1.50932,-0.408063,0.521907,-0.156843,-0.014011,0.24736,-0.584801,0.367572,0.723111,0.16438,-0.819136,0.549481,0.795012,0.439737,0.417671,-0.071199,0.094227,-0.047924,-1.007398,-1.597872,0.416465,-1.403541,0.043473,0.050423,-0.037557,0.500417,-0.335483,0.798143,-0.168375,0.866561,0.469809,-0.849253,-0.369488,0.377155,-0.042712,0.040357,-0.020587,-3.9359,-4.977337,0.418129,-0.915695,0.069264,0.032365,-0.072907,-0.19189,-0.88774,-0.418442,0.444774,-0.45873,0.769247,-0.874844,-0.038502,0.48287,0.016023,0.003713,-0.006578,2.792119,-4.441878,-2.312665,0.520225
377,0.136275,-0.042876,0.268591,0.184406,0.85217,-0.489742,-0.445806,0.516625,0.730977,0.8757,0.082478,0.475788,0.03281,0.010302,-0.008003,0.875563,-1.393297,-0.572376,0.520042,-0.15834,-0.012505,0.246542,-0.613326,0.340764,0.712532,0.196438,-0.807866,0.555606,0.76571,0.480304,0.427621,-0.099696,0.065655,-0.03718,-0.10991,-1.02638,0.667836,-1.403479,0.042735,0.051194,-0.03796,0.531308,-0.310746,0.788129,-0.202469,0.856764,0.4743,-0.822628,-0.411572,0.392289,-0.042618,0.039321,-0.022288,-0.847488,-3.078038,1.838649,-0.917981,0.069601,0.032493,-0.073039,-0.140591,-0.895465,-0.422346,0.474924,-0.435296,0.764829,-0.868723,-0.093054,0.486476,0.0165,0.011144,-0.007789,2.842723,-4.333515,-2.444499,0.519082
378,0.137557,-0.042224,0.268397,0.116031,0.860687,-0.495782,-0.483397,0.485007,0.728743,0.867533,0.154036,0.472954,0.033615,0.015056,-0.000631,0.111476,-0.169462,0.029554,0.519555,-0.162045,-0.010315,0.244864,-0.646042,0.298906,0.702336,0.249789,-0.786559,0.564681,0.722006,0.539862,0.432573,-0.098033,0.046109,-0.04294,-1.060166,-1.005789,-0.444824,-1.403005,0.040882,0.052304,-0.038784,0.567143,-0.272453,0.77725,-0.256092,0.838588,0.480818,-0.782793,-0.471741,0.405826,-0.048963,0.023096,-0.021262,-3.797458,-3.183683,-2.079424,-0.926472,0.070241,0.032815,-0.073141,-0.070198,-0.900865,-0.428383,0.511492,-0.401198,0.759878,-0.856415,-0.165773,0.48895,0.01674,0.002062,0.003985,0.263361,-0.513529,0.019901,0.517286
379,0.138856,-0.041828,0.268416,0.061749,0.862191,-0.502852,-0.516223,0.458807,0.723175,0.854149,0.21386,0.474046,0.033175,0.013062,-0.003862,1.190366,-1.018969,-0.539631,0.518232,-0.166289,-0.008475,0.243284,-0.678661,0.271206,0.682538,0.285654,-0.758551,0.585608,0.677393,0.592051,0.436439,-0.128533,0.046789,-0.038632,0.011131,-1.636532,2.26821,-1.403016,0.038772,0.053215,-0.03959,0.601405,-0.246026,0.76012,-0.297666,0.813907,0.498947,-0.741421,-0.526331,0.416255,-0.056523,0.023742,-0.019687,-0.381783,-0.172115,0.19252,-0.93431,0.070892,0.033023,-0.073118,-0.015966,-0.899932,-0.435736,0.541013,-0.374263,0.753148,-0.840862,-0.223714,0.49285,0.016488,0.006434,-0.002458,3.408802,-3.795255,-2.16956,0.516632
380,0.140101,-0.041234,0.2682,-0.051353,0.858922,-0.50957,-0.579188,0.390085,0.715784,0.813641,0.33083,0.478086,0.033454,0.025101,-0.010777,3.504404,-4.147938,-2.618022,0.501908,-0.171596,-0.006994,0.241836,-0.727707,0.215311,0.65121,0.347974,-0.702132,0.621174,0.591878,0.678356,0.435174,-0.142669,0.032643,-0.034728,-1.570001,-0.736283,0.099759,-1.403093,0.036124,0.053962,-0.040314,0.657721,-0.19515,0.727542,-0.363075,0.764121,0.533192,-0.659984,-0.614845,0.431724,-0.079002,0.015476,-0.017547,-3.986033,-4.213368,-1.475258,-0.934147,0.071515,0.033314,-0.073227,0.092821,-0.891507,-0.443394,0.598811,-0.3058,0.74021,-0.795492,-0.334217,0.50546,0.016729,0.012451,-0.005506,1.587858,-0.966107,-0.530242,0.503406
381,0.140652,-0.040653,0.268012,-0.097587,0.851816,-0.514715,-0.606687,0.359093,0.709194,0.789054,0.380423,0.48239,0.017938,0.039792,-0.014134,1.22042,-1.354358,-0.473408,0.499288,-0.174515,-0.006538,0.241235,-0.746418,0.196001,0.635953,0.366429,-0.676501,0.638757,0.55634,0.709552,0.432302,-0.141721,0.020597,-0.028859,-0.43329,0.125348,0.809853,-1.40306,0.034717,0.054187,-0.040607,0.678492,-0.177066,0.712949,-0.38557,0.740253,0.550782,-0.625287,-0.648593,0.433984,-0.070844,0.010116,-0.014598,-1.569234,-0.51738,0.162652,-0.937086,0.071795,0.033596,-0.073324,0.141423,-0.88217,-0.449192,0.627394,-0.271119,0.729979,-0.765751,-0.385057,0.515126,0.017046,0.019711,-0.007525,3.416394,-4.719675,-1.917132,0.493935
382,0.141641,-0.038982,0.267518,-0.159598,0.829912,-0.534622,-0.664523,0.310205,0.679819,0.730229,0.462738,0.50266,0.018202,0.041987,-0.010826,1.141795,0.192556,0.256688,0.502269,-0.180271,-0.006209,0.24027,-0.758027,0.215707,0.615514,0.355375,-0.654557,0.667232,0.547752,0.724233,0.41871,-0.172008,0.005387,-0.025691,-0.345021,0.194901,0.74103,-1.403705,0.031798,0.054368,-0.041096,0.690733,-0.200023,0.694894,-0.378048,0.719296,0.582831,-0.616414,-0.665284,0.421224,-0.078286,0.002648,-0.013593,-0.45457,0.206279,1.019451,-0.943127,0.07229,0.034431,-0.07357,0.205174,-0.857586,-0.471644,0.681416,-0.220747,0.697812,-0.702548,-0.464559,0.539082,0.009279,0.026972,-0.008862,1.434345,-1.101534,-0.29083,0.491486
383,0.142461,-0.037287,0.267261,-0.215468,0.784604,-0.58139,-0.725802,0.269667,0.632822,0.653562,0.557355,0.512093,0.018663,0.035269,0.004091,0.862393,-0.841361,1.254828,0.464497,-0.187191,-0.00665,0.239279,-0.767233,0.245521,0.592506,0.335947,-0.632926,0.69748,0.547207,0.733858,0.402344,-0.187219,-0.024376,-0.022571,-0.088559,-1.308561,2.909467,-1.403927,0.028344,0.054164,-0.041585,0.698568,-0.231138,0.677182,-0.364025,0.699966,0.614436,-0.616025,-0.675738,0.404834,-0.093617,-0.012785,-0.012104,-0.446566,0.339657,0.683576,-0.953415,0.0727,0.035277,-0.073711,0.256909,-0.814103,-0.5208,0.741315,-0.179733,0.646643,-0.620039,-0.552205,0.557332,0.009424,0.017793,0.002367,1.785583,-2.754349,2.447901,0.469931
384,0.142879,-0.036526,0.267359,-0.230171,0.763851,-0.60299,-0.746604,0.258859,0.612818,0.624475,0.590302,0.511469,0.018883,0.036956,0.006574,1.43644,-3.046266,2.220161,0.449859,-0.190836,-0.007176,0.238825,-0.776551,0.242782,0.581392,0.338253,-0.617675,0.709927,0.532429,0.747633,0.396772,-0.187303,-0.036443,-0.017439,-0.65176,-0.249,0.395945,-1.403672,0.026451,0.053888,-0.041827,0.71079,-0.231432,0.664241,-0.365772,0.684999,0.630069,-0.600823,-0.690807,0.402239,-0.093644,-0.018521,-0.009096,-0.63042,-0.26245,0.374862,-0.954068,0.072902,0.035643,-0.073664,0.266332,-0.797569,-0.541248,0.759845,-0.171764,0.627003,-0.593044,-0.578256,0.560282,0.009461,0.01855,0.003466,0.184078,-0.387881,0.846843,0.443641
385,0.143058,-0.035051,0.267738,-0.288488,0.71806,-0.633411,-0.779168,0.208462,0.59111,0.556851,0.663173,0.500146,-0.012586,0.041587,0.012391,3.603333,-4.518473,-2.332797,0.363328,-0.197677,-0.008281,0.23814,-0.815225,0.211047,0.539315,0.329018,-0.597372,0.73132,0.477525,0.773352,0.416845,-0.157023,-0.030689,-0.013162,0.235543,-0.776031,0.403675,-1.403498,0.023089,0.053338,-0.04218,0.753958,-0.206051,0.62377,-0.359176,0.665736,0.654054,-0.550035,-0.717173,0.427929,-0.086243,-0.015361,-0.005925,0.530174,-1.280656,0.762874,-0.953415,0.07301,0.036394,-0.073473,0.319702,-0.750681,-0.578159,0.791173,-0.124264,0.598835,-0.521378,-0.648873,0.554191,0.001685,0.020342,0.005772,0.84805,-2.07197,-0.240063,0.366568
386,0.141958,-0.033506,0.268682,-0.374026,0.64986,-0.661688,-0.812343,0.114707,0.571762,0.447927,0.750567,0.485836,-0.043108,0.04994,0.023541,4.077219,-3.87161,-2.424023,0.281743,-0.203824,-0.009602,0.237766,-0.858703,0.172471,0.48257,0.301943,-0.590335,0.748511,0.415043,0.788225,0.454207,-0.157535,-0.040383,-0.004814,-2.386158,-5.459583,-1.324484,-1.403402,0.020016,0.052682,-0.042368,0.802458,-0.177468,0.569706,-0.331241,0.661651,0.672678,-0.496326,-0.728506,0.472162,-0.078738,-0.02018,-0.002264,0.570478,-2.346684,2.539592,-0.95717,0.072472,0.037161,-0.073011,0.40372,-0.679419,-0.612697,0.818314,-0.031302,0.573917,-0.409108,-0.733082,0.543341,-0.021685,0.019263,0.015756,1.261315,-1.409088,-0.366911,0.235119
387,0.140927,-0.032712,0.269329,-0.413419,0.614949,-0.671542,-0.823346,0.062536,0.564059,0.389373,0.785342,0.481304,-0.058928,0.029944,0.042498,4.083284,-3.651153,-2.614204,0.265065,-0.206721,-0.010385,0.237724,-0.873254,0.163957,0.458842,0.284682,-0.59231,0.753696,0.396439,0.788571,0.469952,-0.142243,-0.038373,-0.003324,0.191517,-0.904187,0.597874,-1.403836,0.018561,0.052288,-0.042392,0.821117,-0.166438,0.545951,-0.317535,0.661628,0.679278,-0.474275,-0.731126,0.490424,-0.071069,-0.018975,-0.001186,0.251948,-1.048916,0.703729,-0.950965,0.071963,0.037567,-0.072693,0.441196,-0.643452,-0.625551,0.826934,0.020721,0.561916,-0.348603,-0.765205,0.541235,-0.021426,0.020331,0.017196,1.281812,-1.281124,-0.522325,0.189398
388,0.138443,-0.031511,0.270943,-0.483923,0.544993,-0.684723,-0.831432,-0.042125,0.554003,0.273681,0.83672,0.474368,-0.058828,0.02841,0.03943,1.256004,-1.344906,-0.389869,0.225146,-0.21153,-0.012001,0.237802,-0.893883,0.147211,0.423431,0.261123,-0.596509,0.758898,0.365414,0.788733,0.494203,-0.095615,-0.034986,-0.001113,0.27908,-0.874025,0.428964,-1.404123,0.016103,0.051463,-0.042358,0.845823,-0.153593,0.510873,-0.29402,0.66485,0.686678,-0.445123,-0.731015,0.517186,-0.047789,-0.017371,-0.000253,0.317411,-0.894099,0.408433,-0.930881,0.070723,0.038177,-0.071871,0.510724,-0.569076,-0.644447,0.829348,0.128548,0.543743,-0.226589,-0.812174,0.537615,-0.029541,0.008357,0.023284,4.110337,-3.560543,-2.619467,0.13094
389,0.136032,-0.031123,0.272555,-0.537192,0.443811,-0.717288,-0.834739,-0.157544,0.527601,0.121814,0.881622,0.455996,-0.060207,0.009834,0.036166,1.273763,-1.803921,0.478016,0.07129,-0.214962,-0.013083,0.237929,-0.906338,0.158683,0.391614,0.222095,-0.609272,0.76118,0.360519,0.776648,0.516438,-0.079322,-0.015853,0.002774,0.896816,0.409382,1.477477,-1.404065,0.014386,0.050916,-0.042303,0.860509,-0.167082,0.481256,-0.255202,0.676222,0.691083,-0.440904,-0.7175,0.539255,-0.039614,-0.007617,0.001994,0.869842,0.428077,1.507354,-0.932513,0.069497,0.03839,-0.071038,0.558827,-0.466952,-0.685322,0.826234,0.242698,0.508365,-0.071056,-0.850325,0.521438,-0.030195,0.004629,0.017758,1.288227,-1.851076,0.532144,-0.016185
390,0.133338,-0.030926,0.274147,-0.52268,0.380219,-0.763076,-0.85224,-0.208762,0.479664,0.02372,0.900563,0.434109,-0.075609,0.011903,0.037928,0.320546,-0.14423,1.058367,-0.046941,-0.21699,-0.013378,0.238061,-0.913493,0.176247,0.366686,0.186534,-0.619269,0.762657,0.362635,0.764844,0.532327,-0.016021,-0.00123,-0.001668,0.059526,-0.366435,0.389646,-1.404264,0.01339,0.050772,-0.042232,0.868482,-0.186815,0.45917,-0.219842,0.685054,0.694528,-0.444305,-0.704131,0.553887,-0.015749,0.000212,0.000815,0.011256,-0.34418,0.405473,-0.938229,0.068205,0.038475,-0.070284,0.542673,-0.405988,-0.735309,0.839487,0.29103,0.458871,0.027701,-0.8663,0.498755,-0.037879,0.00581,0.018851,0.103465,-0.960013,1.498994,-0.190253
391,0.131663,-0.030758,0.274985,-0.494227,0.38759,-0.778177,-0.868592,-0.182655,0.460607,0.036998,0.903082,0.427904,-0.091256,0.003439,0.048872,-4.188946,2.17513,3.362694,-0.080133,-0.217359,-0.013319,0.238029,-0.914794,0.184851,0.359129,0.173671,-0.622459,0.763097,0.365746,0.7602,0.536833,-0.000269,-0.001407,-0.00238,0.621282,1.028016,1.171755,-1.404471,0.013188,0.050804,-0.042241,0.870446,-0.195742,0.451671,-0.206766,0.687296,0.696327,-0.446733,-0.699506,0.557782,-0.00011,-0.000518,-0.000834,0.575721,1.068823,1.194456,-0.940025,0.067344,0.038559,-0.069857,0.51536,-0.415034,-0.749766,0.856735,0.270138,0.439351,0.020195,-0.868775,0.494793,-0.0457,0.001588,0.024326,0.130702,-0.183058,0.835593,-0.250997
392,0.126938,-0.030258,0.27676,-0.425124,0.40255,-0.810721,-0.903553,-0.135536,0.40644,0.054253,0.904818,0.422358,-0.137716,0.018469,0.042602,0.208467,-0.744895,1.900658,-0.082139,-0.217214,-0.013083,0.237689,-0.921837,0.185399,0.340348,0.158271,-0.62124,0.767428,0.354871,0.761062,0.542876,0.015142,-0.003371,-0.006117,0.218398,-1.67037,2.231117,-1.404569,0.013256,0.050928,-0.0424,0.877665,-0.198416,0.436273,-0.193641,0.685871,0.701486,-0.438414,-0.70015,0.563544,0.007448,0.004107,-0.006838,0.045617,-0.128651,0.170373,-0.944597,0.065,0.038806,-0.068964,0.445477,-0.440094,-0.779657,0.895288,0.216229,0.389491,-0.002828,-0.871528,0.490337,-0.06899,0.008792,0.020784,0.170745,-1.679026,3.593029,-0.291493
393,0.121335,-0.029617,0.278667,-0.39531,0.412544,-0.820721,-0.917332,-0.131103,0.375879,0.047954,0.900952,0.431292,-0.152644,0.003585,0.066819,0.127432,0.021563,0.803143,-0.02733,-0.216377,-0.013044,0.237343,-0.932171,0.191136,0.307433,0.13031,-0.614859,0.777754,0.338852,0.764806,0.547827,0.030904,0.009472,-0.012018,-0.141887,-0.038169,0.418417,-1.404482,0.013668,0.05094,-0.042575,0.891781,-0.206987,0.402347,-0.165138,0.678995,0.715328,-0.421255,-0.704359,0.571333,0.015522,-0.001414,-0.002841,-0.220533,-0.362741,0.975496,-0.942474,0.062202,0.039124,-0.068033,0.415555,-0.451878,-0.789379,0.909561,0.209559,0.358862,0.00326,-0.867116,0.498094,-0.068398,0.006249,0.028355,0.13558,0.49672,0.373895,-0.282512
394,0.118326,-0.029418,0.279982,-0.392095,0.431425,-0.812514,-0.917656,-0.121242,0.378392,0.065219,0.89344,0.444454,-0.151907,0.006235,0.069548,-1.511518,2.384768,-0.377212,0.070772,-0.215836,-0.012945,0.237108,-0.937942,0.198307,0.284483,0.11001,-0.607529,0.7866,0.329996,0.768817,0.547619,0.03055,0.007631,-0.015185,-0.287784,-1.214955,2.667821,-1.404421,0.013928,0.050992,-0.042678,0.898442,-0.214042,0.383387,-0.148688,0.67325,0.72431,-0.413148,-0.707756,0.573051,0.007429,0.004017,-0.00704,-0.197554,0.144946,0.22805,-0.937739,0.060748,0.039221,-0.067401,0.414985,-0.465661,-0.78163,0.909789,0.204486,0.361204,-0.008366,-0.861013,0.508512,-0.076021,0.003054,0.034824,-0.220172,0.161057,0.109466,-0.233688
395,0.113588,-0.029759,0.282724,-0.36827,0.470992,-0.801616,-0.919791,-0.058815,0.387938,0.13602,0.879603,0.455877,-0.09096,-0.015179,0.066527,-0.158413,-0.108373,0.321286,0.114325,-0.215034,-0.012786,0.236308,-0.934577,0.214945,0.283471,0.105394,-0.593471,0.797884,0.340904,0.775274,0.5316,0.029612,0.002534,-0.023968,-0.473807,0.509387,0.159704,-1.40449,0.014341,0.051081,-0.043073,0.895164,-0.232285,0.380426,-0.143225,0.658324,0.738983,-0.422098,-0.715997,0.556039,0.006991,0.001633,-0.01113,-0.737453,0.878861,-0.123655,-0.934636,0.058308,0.03907,-0.065989,0.391059,-0.510703,-0.765672,0.916328,0.138207,0.37582,-0.086111,-0.848575,0.522019,-0.05367,-0.012548,0.037734,-0.342324,0.037735,0.139655,-0.103219
396,0.110837,-0.030756,0.285344,-0.366451,0.474406,-0.800436,-0.918678,-0.048054,0.392037,0.147971,0.878418,0.454436,-0.060733,-0.030751,0.070377,-0.177471,0.097051,-0.126645,0.096846,-0.214566,-0.012717,0.235525,-0.92738,0.230672,0.294529,0.111866,-0.579991,0.806864,0.358106,0.780911,0.511664,0.014339,-0.007917,-0.01407,-0.246431,0.074079,0.335383,-1.404613,0.014585,0.05111,-0.043483,0.885845,-0.24831,0.391942,-0.150825,0.644755,0.749361,-0.438781,-0.722933,0.533701,0.007176,-0.003993,-0.007105,-0.160183,0.04738,0.31218,-0.943454,0.056898,0.038564,-0.064656,0.389376,-0.513465,-0.764682,0.915827,0.127298,0.380861,-0.098216,-0.848615,0.519812,-0.030432,-0.015475,0.035124,-0.17619,0.093535,-0.12861,-0.087706
397,0.10963,-0.031914,0.287862,-0.356498,0.473889,-0.805223,-0.922472,-0.041767,0.383761,0.148666,0.879019,0.453046,-0.013335,-0.024724,0.058595,-0.12053,0.078078,-0.02198,0.067464,-0.214004,-0.012269,0.234998,-0.932382,0.238816,0.271336,0.091181,-0.570698,0.816042,0.350903,0.785285,0.509958,0.015816,0.026708,-0.009579,0.078064,-0.184715,0.240704,-1.404818,0.014858,0.051309,-0.043771,0.892241,-0.258748,0.370073,-0.131132,0.635759,0.760667,-0.432099,-0.727227,0.53332,0.015905,0.007248,-0.001811,0.094995,-0.17862,0.20508,-0.948843,0.056299,0.037992,-0.06342,0.379118,-0.514042,-0.769433,0.920092,0.120913,0.372572,-0.098483,-0.849199,0.518807,-0.01436,-0.010938,0.030665,-0.147846,0.043737,-0.042422,-0.114322
398,0.109246,-0.032293,0.28908,-0.34728,0.481209,-0.80491,-0.925093,-0.03511,0.378077,0.154099,0.875319,0.458362,-0.012132,-0.020184,0.064641,0.009904,0.269634,0.154642,0.032307,-0.21349,-0.011689,0.235111,-0.933869,0.238662,0.266309,0.086834,-0.570781,0.816458,0.348031,0.785272,0.511943,0.033356,0.036918,0.00734,0.089568,-0.241324,0.309997,-1.404848,0.015106,0.051584,-0.043739,0.894161,-0.25879,0.36538,-0.126932,0.636056,0.76113,-0.429376,-0.726952,0.535888,0.009027,0.013029,0.008327,0.047521,-0.072185,0.082898,-0.946393,0.056104,0.037794,-0.062823,0.370763,-0.521414,-0.768544,0.922871,0.114064,0.367828,-0.104128,-0.845645,0.523489,-0.013932,-0.009332,0.032767,0.054366,0.371667,0.13868,-0.138326
399,0.108188,-0.032189,0.291284,-0.32124,0.50761,-0.799488,-0.93107,-0.015049,0.364489,0.173381,0.86084,0.478455,-0.025267,0.007935,0.054521,0.327716,0.740171,0.464435,0.03529,-0.212392,-0.010258,0.236119,-0.940078,0.230975,0.250789,0.074571,-0.57816,0.812468,0.333834,0.782178,0.525943,0.019682,0.036436,0.033844,0.555872,-0.367828,-0.341747,-1.404907,0.015662,0.052305,-0.043235,0.901793,-0.254343,0.349395,-0.113217,0.641199,0.758975,-0.417073,-0.723997,0.549434,0.009963,0.018948,0.018152,0.10271,-0.210176,0.128404,-0.948516,0.05558,0.037836,-0.061716,0.347371,-0.54732,-0.761428,0.929433,0.093192,0.357029,-0.12445,-0.831718,0.541069,-0.020082,0.010588,0.023998,-0.000383,0.331795,0.235491,-0.191069
400,0.106553,-0.03141,0.292959,-0.301147,0.517506,-0.800964,-0.939164,-0.015418,0.34308,0.165566,0.854914,0.491667,-0.056522,0.0189,0.043147,0.301575,0.355838,0.417244,0.077847,-0.211257,-0.009087,0.23802,-0.950115,0.214456,0.226453,0.062272,-0.580688,0.8117,0.306765,0.785024,0.538048,0.037117,0.021506,0.061145,-0.068624,-0.576161,-0.134076,-1.404894,0.016238,0.052906,-0.042267,0.915214,-0.238058,0.325131,-0.10133,0.64496,0.757467,-0.390018,-0.726191,0.566155,0.018631,0.011295,0.031467,-0.127713,-0.561322,-0.130748,-0.944107,0.054756,0.038239,-0.060844,0.326684,-0.559794,-0.761516,0.937903,0.092541,0.334325,-0.116681,-0.823447,0.555265,-0.028326,0.009334,0.021444,0.333506,0.381489,0.447387,-0.143388
401,0.105628,-0.030969,0.293686,-0.294314,0.521692,-0.800788,-0.941792,-0.015792,0.335783,0.162889,0.852356,0.496974,-0.041474,0.015052,0.039069,0.088136,0.223265,0.093878,0.081306,-0.210551,-0.008421,0.239234,-0.952686,0.206892,0.222655,0.063115,-0.581593,0.810988,0.298477,0.786393,0.540704,0.03733,0.037685,0.06045,0.040397,-0.159431,0.174387,-1.4049,0.016577,0.053229,-0.041678,0.918459,-0.230685,0.321273,-0.102482,0.645747,0.756642,-0.382007,-0.72787,0.569451,0.018884,0.013453,0.034662,-0.039869,-0.13379,0.166791,-0.935943,0.054309,0.038455,-0.060494,0.319566,-0.564933,-0.76074,0.940682,0.092561,0.326418,-0.113989,-0.819928,0.561002,-0.020499,0.012798,0.015087,0.105444,0.089667,0.270085,-0.127222
402,0.104162,-0.030157,0.294743,-0.283688,0.531318,-0.79829,-0.943423,-0.005552,0.331502,0.172047,0.846511,0.503831,-0.025839,0.030413,0.014611,0.041628,-0.106755,0.186069,0.101128,-0.209667,-0.007573,0.241447,-0.951595,0.20514,0.228856,0.068842,-0.583109,0.809431,0.300689,0.785731,0.54044,-0.011475,0.011659,0.045524,-0.05303,0.226567,-0.285917,-1.404445,0.017043,0.053698,-0.040508,0.917053,-0.228517,0.326792,-0.107754,0.647017,0.754823,-0.38393,-0.727426,0.568726,0.002079,-0.000499,0.025316,-0.084919,0.103825,-0.113464,-0.928921,0.053571,0.038858,-0.059952,0.309714,-0.574852,-0.757378,0.942734,0.081937,0.323322,-0.123805,-0.814144,0.56731,-0.021032,0.010586,0.012028,-0.03454,-0.011946,-0.044305,-0.105995
403,0.103162,-0.029487,0.295393,-0.289991,0.536384,-0.792618,-0.94074,-0.007558,0.339002,0.1762,0.843291,0.50778,-0.012635,0.011763,0.014089,-0.000216,-0.015346,0.019415,0.139468,-0.210577,-0.007709,0.242072,-0.947594,0.227403,0.224375,0.060814,-0.560777,0.825691,0.314778,0.795762,0.517244,-0.031254,-0.015043,0.003256,-0.878713,0.671021,0.449025,-1.405099,0.016599,0.053659,-0.04015,0.912844,-0.248676,0.323845,-0.103452,0.626397,0.772608,-0.394985,-0.738773,0.546077,-0.023643,-0.002182,-0.002515,-0.938381,0.778274,0.521109,-0.93382,0.053066,0.039201,-0.059626,0.316538,-0.578721,-0.751588,0.939878,0.084271,0.33095,-0.128191,-0.811159,0.570602,-0.014204,0.006282,0.006948,0.002285,0.006106,-0.029147,-0.062723
404,0.102209,-0.02921,0.295891,-0.295235,0.540187,-0.788086,-0.93854,-0.009531,0.344998,0.179213,0.840837,0.510787,-0.014844,-0.004575,0.015417,-0.035415,0.016887,-0.021149,0.153032,-0.212462,-0.007391,0.241366,-0.934877,0.271075,0.229158,0.053975,-0.529223,0.846725,0.351974,0.803594,0.479806,-0.048581,0.014992,-0.026432,-0.64784,0.521999,0.478595,-1.405478,0.015659,0.053788,-0.040523,0.897175,-0.292672,0.330786,-0.099838,0.595168,0.797375,-0.430243,-0.74841,0.50475,-0.032188,0.013349,-0.016543,-0.789006,0.821416,0.464675,-0.939372,0.052591,0.039346,-0.059377,0.321968,-0.581789,-0.746898,0.937617,0.086629,0.336703,-0.131188,-0.808712,0.573387,-0.007205,0.002759,0.002966,0.000595,0.013259,-0.029558,-0.026309
405,0.101814,-0.029204,0.29607,-0.29597,0.540614,-0.787517,-0.938218,-0.009723,0.345866,0.179685,0.84056,0.511077,-0.014769,0.004188,0.004148,-0.000984,0.014715,-0.029553,0.152616,-0.214013,-0.006925,0.240561,-0.91368,0.333219,0.232691,0.031315,-0.512851,0.857868,0.406337,0.790666,0.457822,-0.09666,0.019997,-0.043215,-0.615448,2.25484,1.437653,-1.40559,0.014865,0.054031,-0.040926,0.873036,-0.352402,0.337075,-0.079332,0.579375,0.81119,-0.481159,-0.734939,0.477858,-0.04847,0.009239,-0.022744,-0.771088,2.31446,1.514821,-0.940025,0.052387,0.039347,-0.059282,0.322752,-0.582125,-0.746297,0.937279,0.086882,0.337576,-0.131672,-0.808443,0.573656,-0.007463,0.001849,0.001768,5.9e-05,0.014146,-0.030236,-0.018634
406,0.1012,-0.029364,0.296439,-0.29556,0.543362,-0.785778,-0.938226,-0.010121,0.345835,0.180322,0.838779,0.51377,-0.015712,-0.00755,0.011514,-0.035394,0.032683,-0.045282,0.134233,-0.218575,-0.006382,0.238132,-0.818954,0.517695,0.247583,-0.030444,-0.469839,0.882189,0.574049,0.714265,0.400195,-0.13117,0.004837,-0.068875,-0.109225,8.731209,1.400224,-1.405853,0.012584,0.054304,-0.042134,0.769504,-0.530043,0.356254,-0.022348,0.535142,0.844466,-0.63825,-0.657781,0.399949,-0.065669,0.001179,-0.035704,-0.255342,8.771273,1.507946,-0.956191,0.052084,0.039264,-0.059109,0.322436,-0.584791,-0.744347,0.937299,0.087333,0.337406,-0.132306,-0.806468,0.576284,-0.007851,-0.003738,0.005815,-0.041607,0.024053,-0.050103,-0.025492
407,0.100581,-0.029716,0.296916,-0.293586,0.548184,-0.783165,-0.938731,-0.010558,0.344446,0.180911,0.835627,0.518677,-0.03174,-0.016082,0.021719,-0.0194,0.25843,-0.206721,0.097182,-0.223943,-0.006233,0.235297,-0.682843,0.678966,0.269671,-0.056911,-0.41729,0.906953,0.729164,0.603088,0.323216,-0.147957,0.004866,-0.071514,-0.148882,6.688855,2.439267,-1.406418,0.009953,0.054359,-0.043555,0.627923,-0.679756,0.379003,-0.001788,0.485717,0.874114,-0.778273,-0.549554,0.303778,-0.073918,0.008431,-0.039126,-1.693476,3.324514,-0.693985,-0.963049,0.05178,0.039088,-0.058878,0.320597,-0.589489,-0.74143,0.937851,0.087759,0.335756,-0.132857,-0.802994,0.580988,-0.007807,-0.003558,0.006045,0.018995,0.1119,0.03705,-0.065988
408,0.100092,-0.029867,0.297221,-0.291406,0.552747,-0.780768,-0.939441,-0.011413,0.34248,0.180751,0.832602,0.523576,-0.030794,-0.00432,0.014343,0.064154,0.212824,0.024089,0.090276,-0.227108,-0.005984,0.233766,-0.627819,0.728457,0.274198,-0.053781,-0.391889,0.918403,0.777244,0.560911,0.28484,-0.164275,0.005223,-0.072648,0.240718,5.808127,2.579233,-1.405892,0.008439,0.054475,-0.044294,0.569561,-0.727168,0.383178,-0.007419,0.461615,0.887049,-0.821915,-0.508071,0.257524,-0.082078,0.002521,-0.036369,-1.440584,1.509363,0.390075,-0.965662,0.051546,0.039009,-0.05873,0.318925,-0.593813,-0.738695,0.938419,0.088577,0.33395,-0.132872,-0.799711,0.585495,-0.015276,-0.001718,0.00776,0.11705,0.279538,0.096498,-0.085746
409,0.098597,-0.029869,0.297917,-0.284771,0.565999,-0.773691,-0.94183,-0.014855,0.335721,0.178872,0.823587,0.538272,-0.044969,0.001927,0.020999,0.290134,0.579696,0.237709,0.077712,-0.233697,-0.005733,0.230609,-0.548381,0.794127,0.261975,-0.035949,-0.335243,0.94141,0.836094,0.505818,0.212033,-0.166886,0.001553,-0.083375,-1.432004,1.054918,1.022742,-1.406208,0.005153,0.05461,-0.045865,0.484851,-0.793125,0.368605,-0.026459,0.407963,0.912614,-0.874195,-0.452235,0.176816,-0.083417,0.000371,-0.042111,-1.035106,2.519866,1.376272,-0.965662,0.050808,0.038999,-0.058393,0.314315,-0.605292,-0.731318,0.940109,0.091423,0.328384,-0.131909,-0.790735,0.597776,-0.022527,0.000863,0.010393,0.06666,0.227718,0.031075,-0.11024
410,0.096522,-0.02975,0.298797,-0.278509,0.579191,-0.76617,-0.944055,-0.018344,0.329235,0.176976,0.814283,0.552856,-0.044939,0.00202,0.020948,0.143446,0.337654,0.0928,0.098187,-0.240328,-0.006137,0.227351,-0.469094,0.847683,0.247744,-0.034383,-0.297709,0.954003,0.883014,0.437916,0.168463,-0.170395,-0.01454,-0.089075,-0.953169,1.397585,0.470766,-1.406917,0.001708,0.054412,-0.047554,0.402398,-0.845691,0.350546,-0.0313,0.369982,0.928511,-0.914929,-0.384603,0.12241,-0.085246,-0.007688,-0.045134,-0.859858,1.364896,0.420186,-0.960599,0.049739,0.039064,-0.057932,0.307344,-0.620166,-0.721756,0.942686,0.094865,0.31991,-0.129928,-0.778712,0.613778,-0.022481,0.00102,0.010521,0.119998,0.311344,0.08054,-0.106158
411,0.094374,-0.029909,0.299831,-0.272134,0.59229,-0.758408,-0.946156,-0.021062,0.322983,0.175658,0.804732,0.567079,-0.061411,-0.007592,0.029447,0.105929,0.364153,0.042853,0.171642,-0.247085,-0.007505,0.224358,-0.389419,0.889506,0.239003,-0.032761,-0.272573,0.961543,0.920909,0.36548,0.134962,-0.156867,-0.036118,-0.075958,0.572206,5.875107,1.05253,-1.406994,-0.001615,0.053731,-0.049042,0.326743,-0.882593,0.338034,-0.036139,0.345736,0.937635,-0.944421,-0.318582,0.081071,-0.086418,-0.023589,-0.033886,-0.808602,0.768322,0.121952,-0.96011,0.048665,0.038987,-0.057412,0.30187,-0.632732,-0.713108,0.944543,0.097073,0.31371,-0.129271,-0.768261,0.626946,-0.030745,-0.003874,0.014658,0.109323,0.368746,0.045448,-0.041821
412,0.093434,-0.030102,0.300339,-0.274165,0.595423,-0.755216,-0.946399,-0.027551,0.321779,0.171122,0.802218,0.572006,-0.046524,-0.01125,0.026111,0.030237,0.241994,-0.024879,0.218579,-0.250258,-0.008392,0.223058,-0.358826,0.904735,0.229541,-0.033662,-0.258176,0.965477,0.933188,0.33756,0.122784,-0.157768,-0.045587,-0.067004,-0.147282,2.195719,1.132996,-1.406852,-0.003261,0.053272,-0.049725,0.291452,-0.898904,0.327147,-0.034889,0.331778,0.942711,-0.955948,-0.286169,0.065336,-0.078792,-0.022791,-0.03334,-0.028879,2.15786,1.161077,-0.95864,0.048213,0.038896,-0.057166,0.303868,-0.635608,-0.709693,0.944509,0.103427,0.311778,-0.124768,-0.765051,0.631766,-0.023217,-0.005428,0.013345,0.031884,0.236574,0.006956,0.013044
413,0.092006,-0.030677,0.301304,-0.273815,0.60099,-0.750921,-0.94614,-0.028024,0.322501,0.17311,0.798037,0.577233,-0.031818,-0.015408,0.022152,-0.046288,0.104181,-0.068013,0.284442,-0.256217,-0.010665,0.220788,-0.333289,0.917929,0.215212,-0.014026,-0.23294,0.972356,0.943077,0.319888,0.090219,-0.142682,-0.052177,-0.05346,-0.970851,0.548361,0.614155,-1.407089,-0.006136,0.052168,-0.050832,0.267175,-0.911708,0.312096,-0.055123,0.30888,0.949502,-0.962069,-0.270887,0.032269,-0.071385,-0.026482,-0.027297,-0.748708,0.391334,0.443395,-0.953088,0.0475,0.038618,-0.056688,0.303765,-0.640844,-0.705013,0.944245,0.103865,0.312429,-0.126992,-0.760611,0.636665,-0.01585,-0.007474,0.011403,-0.060121,0.090624,-0.07337,0.124408
414,0.091451,-0.031377,0.302058,-0.274563,0.601852,-0.749956,-0.945407,-0.026514,0.32477,0.175914,0.797437,0.577213,-0.01677,-0.018635,0.01949,-0.070386,0.050032,-0.061527,0.317841,-0.260847,-0.012061,0.219072,-0.317545,0.925562,0.206134,-0.000682,-0.217484,0.97603,0.948579,0.308615,0.069412,-0.105614,-0.015345,-0.041477,-0.110315,0.019099,0.088446,-1.405607,-0.008563,0.051417,-0.051759,0.24967,-0.920516,0.300523,-0.071977,0.291851,0.953751,-0.965652,-0.259754,0.00661,-0.052534,-0.007036,-0.019321,0.021686,-0.034881,0.010238,-0.945413,0.047204,0.038254,-0.056296,0.304829,-0.641406,-0.704042,0.94348,0.102395,0.315213,-0.130089,-0.760336,0.636367,-0.00842,-0.009384,0.009675,-0.070474,0.048338,-0.063072,0.193807
415,0.091446,-0.031704,0.302381,-0.274617,0.602122,-0.74972,-0.945173,-0.025679,0.325516,0.177084,0.797261,0.5771,0.015121,-0.011457,0.009275,-0.033725,0.002916,0.01355,0.328094,-0.2625,-0.012309,0.218613,-0.300962,0.929485,0.213236,0.001724,-0.222949,0.974795,0.953949,0.292562,0.065207,-0.069275,-0.006627,-0.020782,-1.051865,0.150698,-2.410348,-1.404563,-0.009368,0.051284,-0.052003,0.232547,-0.923793,0.304181,-0.071982,0.29555,0.952611,-0.969917,-0.243422,0.002232,-0.042389,-0.001857,-0.008173,0.347678,-0.216017,-0.268916,-0.941168,0.047195,0.038092,-0.056142,0.304929,-0.641636,-0.70379,0.94329,0.101652,0.316021,-0.131229,-0.760242,0.636246,-0.000472,-0.00975,0.009958,-0.068297,0.020033,-0.008074,0.215851
416,0.091624,-0.032099,0.302935,-0.274578,0.602466,-0.749458,-0.944878,-0.024429,0.326465,0.178711,0.79704,0.576903,0.000375,-0.007135,0.013313,-0.034721,0.017587,-0.016028,0.334515,-0.264123,-0.01254,0.219142,-0.301064,0.920299,0.249802,0.012489,-0.258005,0.966029,0.953836,0.292787,0.065846,-0.030109,-0.013053,0.032657,0.222925,-0.215743,-0.515779,-1.403657,-0.010206,0.051164,-0.051749,0.230156,-0.910688,0.343038,-0.080879,0.333381,0.939316,-0.969786,-0.243933,0.003074,-0.014667,-0.005503,0.018485,0.225052,-0.232059,-0.525066,-0.940188,0.047289,0.037891,-0.055868,0.304915,-0.641942,-0.703517,0.94307,0.100486,0.31705,-0.132834,-0.760139,0.636036,0.007961,-0.004446,0.006281,-0.032721,-0.012022,0.037818,0.240345
417,0.091808,-0.032073,0.303251,-0.273855,0.602191,-0.749943,-0.945037,-0.023612,0.326066,0.178981,0.797272,0.576498,0.002497,0.016148,-0.001731,0.035175,-0.032185,0.040872,0.334167,-0.264534,-0.013594,0.220637,-0.332949,0.908849,0.251257,-0.007334,-0.268824,0.963127,0.943272,0.317673,0.095832,0.001655,-0.027801,0.037445,0.840186,-0.578916,0.361171,-1.403914,-0.010402,0.050659,-0.050954,0.262559,-0.900645,0.346267,-0.060598,0.342758,0.937467,-0.96301,-0.267124,0.035417,0.000939,-0.013555,0.019467,0.920459,-0.623003,0.395146,-0.946883,0.047381,0.037901,-0.055705,0.304203,-0.641745,-0.704005,0.943262,0.099663,0.316738,-0.133102,-0.760414,0.635652,0.00126,0.008127,-0.000802,0.035569,-0.032369,0.040524,0.245407
418,0.091841,-0.031934,0.303329,-0.277203,0.600415,-0.750137,-0.944981,-0.029178,0.325779,0.174054,0.798427,0.576407,0.001402,0.004403,0.005647,0.0,-0.0,-0.0,0.334099,-0.264107,-0.014,0.221425,-0.342082,0.908152,0.241309,-0.022695,-0.264587,0.96406,0.939764,0.323156,0.110795,0.036304,-0.013976,0.037804,0.438836,-0.389827,0.066253,-1.403875,-0.01019,0.050453,-0.050566,0.273133,-0.900945,0.337188,-0.045257,0.338093,0.940023,-0.96091,-0.272012,0.05157,0.018312,-0.006529,0.019852,0.424009,-0.392541,0.074051,-0.948843,0.047397,0.037971,-0.055665,0.307467,-0.6398,-0.704357,0.942898,0.105208,0.316029,-0.128091,-0.761305,0.635614,0.000829,0.002619,0.003358,0.000363,-0.014632,0.024333,0.245733
419,0.091838,-0.031657,0.303526,-0.287285,0.595067,-0.750605,-0.944538,-0.045769,0.325155,0.159486,0.801649,0.576151,-0.013652,0.007699,0.008358,0.033064,-0.014466,-0.030516,0.33619,-0.262706,-0.013761,0.222943,-0.39868,0.888613,0.226744,-0.030014,-0.259625,0.965209,0.917041,0.376871,0.129869,0.039021,0.014889,0.033257,-0.020956,-0.694776,0.01801,-1.404532,-0.009486,0.05058,-0.049791,0.332257,-0.884878,0.32649,-0.038402,0.333177,0.942081,-0.942406,-0.325551,0.076719,0.019563,0.007655,0.017059,-0.090917,-0.677139,0.043938,-0.948679,0.047402,0.038108,-0.055569,0.317251,-0.633958,-0.7053,0.941543,0.121669,0.314154,-0.113347,-0.763736,0.635499,0.000776,0.002455,0.003142,0.112818,-0.048847,-0.086824,0.24704
420,0.091793,-0.0314,0.303893,-0.293991,0.591464,-0.750856,-0.944028,-0.056669,0.324916,0.149985,0.803619,0.575958,0.002343,0.007362,0.009389,0.000448,-0.014624,0.02483,0.341954,-0.261675,-0.012671,0.223829,-0.466885,0.853238,0.232368,0.003488,-0.260854,0.965338,0.88484,0.450422,0.118497,0.023082,0.038561,0.016678,-0.438064,0.065315,0.116174,-1.404246,-0.008967,0.051133,-0.049333,0.402168,-0.851834,0.335617,-0.072242,0.335901,0.939122,-0.912711,-0.401931,0.073551,0.011502,0.019283,0.008344,-0.540569,0.108026,0.162724,-0.954231,0.047373,0.038237,-0.055385,0.323806,-0.63,-0.705866,0.940423,0.132547,0.313105,-0.103695,-0.765198,0.635387,0.001193,0.003767,0.004807,-0.000401,-0.014278,0.024728,0.251285
421,0.091656,-0.031007,0.304303,-0.300492,0.587654,-0.751274,-0.943478,-0.067594,0.324426,0.140236,0.805569,0.57569,0.002445,0.007679,0.009755,0.000446,-0.014626,0.024829,0.353349,-0.260127,-0.01086,0.224601,-0.564429,0.785616,0.253412,0.056613,-0.269282,0.961362,0.824188,0.55596,0.107173,0.057414,0.042987,0.027706,-0.28862,-2.43821,-0.314845,-1.404246,-0.00824,0.051994,-0.048991,0.492821,-0.792569,0.359112,-0.123293,0.344941,0.930491,-0.861351,-0.502841,0.072276,0.02129,0.022606,0.015323,-1.321756,-7.420664,-0.999611,-0.953251,0.047306,0.038436,-0.055177,0.330104,-0.625881,-0.706613,0.939268,0.143371,0.311801,-0.093843,-0.766626,0.635197,0.001219,0.003852,0.004897,-0.000249,-0.014329,0.025139,0.265655
422,0.091532,-0.030836,0.30452,-0.303817,0.585774,-0.751405,-0.943112,-0.073054,0.324309,0.13545,0.806463,0.575585,-0.013217,0.008945,0.009872,-0.000539,8.9e-05,-0.004724,0.353938,-0.25885,-0.010172,0.225286,-0.665232,0.699999,0.259727,0.082792,-0.276402,0.957435,0.74281,0.657517,0.125568,0.073762,0.032954,0.039153,0.082695,-8.476224,1.053943,-1.404141,-0.007584,0.052356,-0.048644,0.595974,-0.712544,0.370262,-0.151223,0.353255,0.923223,-0.788635,-0.60621,0.102778,0.044925,0.0097,0.022636,-0.559317,-7.154359,-1.353146,-0.951782,0.047249,0.038521,-0.055069,0.333322,-0.623837,-0.706911,0.938602,0.148781,0.311272,-0.089008,-0.767262,0.635126,0.000982,0.003099,0.003935,-0.000808,0.000357,0.000239,0.270717
