frame,MLTx,MLTy,MLTz,MLTR1,MLTR2,MLTR3,MLTR4,MLTR5,MLTR6,MLTR7,MLTR8,MLTR9,MLTTVx,MLTTVy,MLTTVz,MLTRVx,MLTRVy,MLTRVz,MLGA,MRTx,MRTy,MRTz,MRTR1,MRTR2,MRTR3,MRTR4,MRTR5,MRTR6,MRTR7,MRTR8,MRTR9,MRTTVx,MRTTVy,MRTTVz,MRTRVx,MRTRVy,MRTRVz,MRGA,SLTx,SLTy,SLTz,SLTR1,SLTR2,SLTR3,SLTR4,SLTR5,SLTR6,SLTR7,SLTR8,SLTR9,SLTTVx,SLTTVy,SLTTVz,SLTRVx,SLTRVy,SLTRVz,SLGA,SRTx,SRTy,SRTz,SRTR1,SRTR2,SRTR3,SRTR4,SRTR5,SRTR6,SRTR7,SRTR8,SRTR9,SRTTVx,SRTTVy,SRTTVz,SRTRVx,SRTRVy,SRTRVz,SRGA
2528,0.157122,0.002788,0.264998,-0.86192,0.102069,-0.49671,-0.486504,-0.442865,0.753098,-0.142039,0.890635,0.431997,0.014973,0.000631,0.000824,0.001164,-0.014988,0.029397,-1.907965,-0.171505,0.000305,0.314544,-0.939684,0.192521,0.282701,0.02606,-0.783602,0.620663,0.342195,0.590346,0.730929,0.0,4.2e-05,4e-05,0.0,-0.0,-0.0,0.192376,0.041271,0.054349,0.000135,0.938445,-0.230725,0.257071,0.027518,0.791784,0.61018,-0.344329,-0.565547,0.749395,-1e-06,1.3e-05,1.2e-05,3.5e-05,1.6e-05,5e-05,0.075479,0.080997,0.051865,-0.072737,0.873578,-0.004123,-0.486666,0.422188,0.503875,0.753569,0.242112,-0.863766,0.441915,8e-05,0.000781,0.001016,0.003017,-0.122299,0.1571,-1.07643
2529,0.157465,0.00281,0.265129,-0.861749,0.086153,-0.500012,-0.481252,-0.451095,0.751586,-0.159733,0.888203,0.430822,0.000389,0.003517,0.00463,0.00251,-0.020864,0.020896,-1.907948,-0.171505,0.000309,0.314562,-0.939659,0.19248,0.282813,0.026167,-0.783601,0.620659,0.342256,0.59036,0.730889,1e-06,0.000156,0.000151,0.0,0.0,0.0,0.193357,0.041272,0.054351,0.000144,0.938425,-0.230683,0.257183,0.027412,0.791788,0.610179,-0.344393,-0.565558,0.749357,0.0,8.5e-05,8.4e-05,3.7e-05,1.6e-05,3.6e-05,0.075969,0.081173,0.051873,-0.072677,0.87157,0.011598,-0.490131,0.416039,0.511397,0.751919,0.259373,-0.859265,0.440894,0.007582,0.001257,0.001639,0.010323,-0.146508,0.181143,-1.078063
2530,0.157661,0.002791,0.265476,-0.861637,0.075174,-0.501972,-0.476216,-0.462066,0.748121,-0.174637,0.883563,0.434564,0.000592,0.005396,0.007088,0.652505,0.026855,0.088521,-1.907866,-0.171513,0.00029,0.314587,-0.939588,0.19236,0.283132,0.026478,-0.783598,0.62065,0.342429,0.590404,0.730773,0.0,2.2e-05,2.1e-05,0.0,0.0,0.0,0.193741,0.041267,0.054341,0.000156,0.938368,-0.230556,0.257502,0.027102,0.791798,0.61018,-0.344571,-0.565595,0.749247,-0.0,-0.0,1e-06,2.4e-05,2.3e-05,2.5e-05,0.076622,0.081272,0.051863,-0.072504,0.870258,0.024195,-0.491999,0.409349,0.52007,0.749639,0.274012,-0.85378,0.442692,0.007734,-0.002982,0.007382,0.81966,-1.243897,-0.666474,-1.071695
2531,0.157709,0.002745,0.265789,-0.861304,0.074634,-0.502624,-0.475471,-0.467422,0.745262,-0.178248,0.880787,0.438712,0.000772,-0.004066,0.017255,0.201515,0.232291,0.184941,-1.908092,-0.171523,0.000272,0.314599,-0.939546,0.192289,0.28332,0.026663,-0.783593,0.620649,0.34253,0.590434,0.730701,0.0,0.0,0.0,0.0,0.0,0.0,0.194168,0.041263,0.054332,0.000162,0.938335,-0.230481,0.25769,0.026917,0.791801,0.610184,-0.344676,-0.565622,0.749179,0.000431,-0.005696,0.0039,-0.036456,0.01123,-0.01775,0.076786,0.081295,0.051842,-0.072361,0.869739,0.023945,-0.492929,0.408143,0.526611,0.74572,0.277439,-0.849768,0.448241,0.00042,-0.00165,0.009125,0.394506,0.375614,0.300006,-1.068266
2532,0.157714,0.002462,0.26672,-0.86332,0.057561,-0.501409,-0.460238,-0.49763,0.7352,-0.206127,0.865408,0.456737,0.001075,-0.01239,0.028865,3.125767,-3.651064,-2.195354,-1.907909,-0.171562,0.000224,0.314612,-0.940079,0.190131,0.283008,0.02743,-0.784967,0.618876,0.340999,0.58931,0.732323,-0.0,-4.9e-05,-4.8e-05,0.003529,-0.003206,-0.002353,0.196066,0.041243,0.054308,0.000168,0.938985,-0.228268,0.257291,0.026177,0.793294,0.608275,-0.342958,-0.564427,0.750867,0.000431,-0.005711,0.003887,-0.051722,0.014568,-0.019102,0.077928,0.081298,0.051702,-0.071893,0.870028,0.036003,-0.491683,0.392566,0.552719,0.735114,0.298229,-0.832589,0.466748,-0.006889,-0.005935,0.014778,0.512963,0.556138,0.370773,-1.056183
2533,0.157584,0.001913,0.268046,-0.869409,0.049784,-0.491625,-0.438014,-0.538272,0.719986,-0.227706,0.841239,0.490403,-0.013403,-0.019768,0.041673,0.711938,0.777508,0.291543,-1.90807,-0.171646,0.00019,0.314616,-0.939996,0.189971,0.283389,0.027798,-0.78499,0.618831,0.341197,0.589332,0.732214,-0.0,-3.6e-05,-3.5e-05,1e-06,-1e-06,-1e-06,0.198947,0.041201,0.054291,0.00017,0.938898,-0.228149,0.257713,0.02576,0.793227,0.608379,-0.343227,-0.564568,0.750637,1e-06,-8e-06,-6e-06,-0.000328,0.000398,0.000328,0.080704,0.081233,0.051422,-0.071221,0.874784,0.049862,-0.48194,0.362441,0.59277,0.719207,0.321541,-0.803826,0.500474,-0.006694,-0.009645,0.021142,0.809702,0.829872,0.342542,-1.046222
2534,0.157522,0.00114,0.269783,-0.87514,0.040175,-0.482246,-0.411299,-0.586904,0.697387,-0.25393,0.808607,0.530755,0.001744,-0.017269,0.044723,0.692431,0.839225,0.151837,-1.908136,-0.171868,0.000141,0.314602,-0.939751,0.189507,0.28451,0.028834,-0.78513,0.618605,0.341786,0.589294,0.731968,-0.01413,-0.002461,-0.001139,-0.003859,0.03087,-0.053364,0.206213,0.041095,0.05427,0.000167,0.938712,-0.227694,0.258793,0.024774,0.793401,0.608194,-0.343809,-0.564508,0.750416,-3e-06,-0.000387,-0.00037,-0.012472,0.10829,-0.16626,0.086583,0.081202,0.051043,-0.070368,0.8791,0.059739,-0.472877,0.330685,0.638054,0.695365,0.343262,-0.767669,0.541159,0.000788,-0.014692,0.025723,1.014161,0.789214,0.049626,-1.031525
2535,0.157597,0.000588,0.270762,-0.879339,0.03718,-0.47479,-0.39582,-0.611522,0.685083,-0.263783,0.790305,0.55305,0.001599,-0.029643,0.051057,1.745181,0.184628,-0.473616,-1.908189,-0.172048,0.000102,0.314581,-0.939589,0.189192,0.285254,0.029521,-0.785235,0.61844,0.342174,0.589256,0.731818,-0.014133,-0.002399,-0.001082,-0.002045,0.015205,-0.029245,0.209757,0.041,0.054249,0.000154,0.938579,-0.227348,0.25958,0.024052,0.793541,0.60804,-0.344224,-0.564451,0.750269,-0.007066,-0.001273,-0.000608,-0.002013,0.015336,-0.029074,0.091155,0.081241,0.050764,-0.069857,0.882883,0.064091,-0.465198,0.312431,0.659397,0.683799,0.350576,-0.749057,0.562147,0.00077,-0.014717,0.025665,1.730088,0.169296,-0.480322,-1.033812
2536,0.157842,-0.000595,0.272899,-0.884781,0.025115,-0.465379,-0.36585,-0.656111,0.660034,-0.287666,0.754211,0.590289,0.016708,-0.027479,0.053606,0.855883,1.117177,0.097336,-1.908284,-0.172503,-4.1e-05,0.314511,-0.939151,0.188354,0.287244,0.031373,-0.785482,0.618036,0.343213,0.589197,0.731379,-0.014146,-0.003021,-0.001693,-0.002045,0.015205,-0.029245,0.210931,0.040778,0.054177,0.000119,0.938241,-0.226483,0.261548,0.022228,0.79386,0.607693,-0.345265,-0.56435,0.749867,-0.007075,-0.001807,-0.001126,-0.002035,0.01529,-0.029117,0.09638,0.081357,0.050182,-0.06881,0.886482,0.076755,-0.456352,0.277925,0.700184,0.657647,0.370008,-0.709824,0.599368,0.000867,-0.019421,0.030674,1.106483,0.939531,0.097891,-1.023361
2537,0.158182,-0.001678,0.275269,-0.882241,0.006279,-0.470804,-0.339053,-0.702351,0.625873,-0.325646,0.711789,0.622365,0.017185,-0.022828,0.059211,1.256023,0.546457,0.417505,-1.908632,-0.173088,-0.000169,0.314424,-0.936427,0.186624,0.297099,0.037856,-0.787877,0.614614,0.349953,0.586547,0.730314,-0.014158,-0.003171,-0.001848,0.00238,0.031077,-0.044398,0.207988,0.04048,0.054112,7.4e-05,0.935869,-0.224494,0.27157,0.015684,0.796527,0.604398,-0.351997,-0.561379,0.748966,-0.007078,-0.001613,-0.000941,0.000404,0.02474,-0.038486,0.095237,0.081526,0.049649,-0.067655,0.88266,0.095199,-0.460268,0.24599,0.740874,0.624974,0.400498,-0.664862,0.630522,0.008584,-0.011458,0.02967,3.520394,-2.279888,-3.18258,-1.01487
2538,0.158379,-0.002215,0.276439,-0.87962,-0.005251,-0.475696,-0.32605,-0.721551,0.61076,-0.345355,0.692341,0.633578,0.017055,-0.035126,0.065636,1.065276,-1.255924,1.717835,-1.910491,-0.173438,-0.000224,0.314387,-0.933582,0.191204,0.303079,0.036972,-0.789628,0.612417,0.357587,0.5827,0.729695,-0.014159,-0.002875,-0.001567,0.012719,0.068105,-0.079759,0.204122,0.04031,0.054084,5.6e-05,0.933019,-0.228899,0.277633,0.016637,0.798193,0.60217,-0.359441,-0.557217,0.748538,-0.014147,-0.001949,-0.000658,0.047836,0.217127,-0.236397,0.093441,0.081626,0.049376,-0.067043,0.879428,0.104711,-0.464371,0.230189,0.76033,0.607379,0.416675,-0.641039,0.644553,0.001145,-0.01105,0.03002,1.482229,-0.028212,-0.999358,-1.013237
2539,0.158851,-0.003355,0.278837,-0.873931,-0.031973,-0.485045,-0.292565,-0.762323,0.577271,-0.387134,0.646439,0.657474,0.016882,-0.036662,0.063487,0.768376,0.447876,-0.235338,-1.912021,-0.174141,-0.000386,0.314277,-0.923457,0.218901,0.315122,0.02021,-0.792189,0.609887,0.384298,0.569292,0.726695,-0.014187,-0.003947,-0.002622,0.533334,1.084388,1.129874,0.184157,0.039959,0.054004,2e-06,0.922457,-0.254464,0.290377,0.032014,0.799903,0.599273,-0.384768,-0.543508,0.746023,-0.014242,-0.002603,-0.001159,1.796627,3.600261,3.771955,0.081358,0.081862,0.048811,-0.065837,0.869419,0.13039,-0.476558,0.194244,0.796671,0.572349,0.454289,-0.59018,0.667314,0.008424,-0.012412,0.028151,1.686716,-0.682604,-0.299032,-1.012747
2540,0.159499,-0.00451,0.280979,-0.861625,-0.073004,-0.502313,-0.246687,-0.804691,0.539991,-0.442559,0.589271,0.675965,0.016564,-0.028457,0.051683,3.55869,-2.381192,-3.326866,-1.913043,-0.17478,-0.000598,0.314126,-0.904504,0.260646,0.337532,-0.004914,-0.797611,0.603097,0.427546,0.543512,0.722262,-0.028389,-0.006871,-0.004273,-0.238084,0.618936,0.080165,0.174769,0.039645,0.053903,-7e-05,0.902689,-0.294903,0.313341,0.058329,0.80535,0.589922,-0.426319,-0.51424,0.744182,-0.007116,-0.003006,-0.00232,-0.035316,1.223982,0.129579,0.056864,0.082187,0.048234,-0.064757,0.853274,0.166066,-0.494311,0.148479,0.831322,0.535589,0.499875,-0.5304,0.684689,0.008203,-0.014663,0.025287,0.553843,0.131026,-0.077641,-1.008992
2541,0.160225,-0.005587,0.282835,-0.848974,-0.123414,-0.513865,-0.192688,-0.833165,0.518342,-0.491053,0.539224,0.684201,0.016313,-0.031008,0.048455,3.0541,-2.885889,-3.516977,-1.913401,-0.175461,-0.000893,0.31394,-0.87755,0.303272,0.37138,-0.025956,-0.803297,0.594956,0.479859,0.512079,0.712301,-0.0143,-0.008095,-0.006707,0.042183,0.679432,-0.343061,0.171138,0.039298,0.053757,-0.000161,0.874353,-0.337493,0.348716,0.079602,0.808583,0.582971,-0.478715,-0.481965,0.733853,-0.006742,-0.009778,0.000513,0.391683,2.159339,-1.610715,0.045924,0.08255,0.047696,-0.063829,0.835973,0.212986,-0.505752,0.091806,0.854343,0.511535,0.541036,-0.474061,0.694654,0.008132,-0.009693,0.020473,0.481485,-0.353431,0.208683,-1.005562
2542,0.160663,-0.006143,0.283707,-0.841726,-0.157636,-0.516422,-0.15743,-0.843265,0.513899,-0.515446,0.514055,0.685631,0.031072,-0.032253,0.046769,1.080202,-0.812816,-0.879817,-1.914539,-0.175782,-0.00109,0.313803,-0.859592,0.329665,0.390401,-0.041018,-0.805932,0.59053,0.510387,0.491182,0.705768,-0.014334,-0.009,-0.007609,0.100555,0.621103,-0.387882,0.167649,0.039144,0.053661,-0.000227,0.856237,-0.363465,0.367082,0.095428,0.809659,0.579089,-0.50769,-0.460809,0.727945,-0.007166,-0.004646,-0.003946,0.188591,0.470053,0.36575,0.043964,0.082763,0.047417,-0.063394,0.823574,0.250303,-0.508992,0.05228,0.860046,0.507529,0.564793,-0.444598,0.695226,0.008101,-0.015981,0.023722,3.386001,-2.873724,-3.755686,-1.006052
2543,0.161915,-0.007075,0.285484,-0.80399,-0.268261,-0.530737,-0.049024,-0.85957,0.508634,-0.591654,0.435285,0.678601,0.031428,-0.016786,0.043759,3.7509,-3.850579,-4.660176,-1.91559,-0.176237,-0.001486,0.313439,-0.803946,0.401146,0.439026,-0.091351,-0.812641,0.575503,0.588633,0.422061,0.689376,-0.000215,-0.010053,-0.009882,3.132625,5.347398,2.570136,0.150309,0.038911,0.053463,-0.000409,0.802289,-0.42614,0.418013,0.139477,0.814706,0.562848,-0.58041,-0.393265,0.713067,-5e-06,-0.005477,-0.00537,2.918109,5.194014,2.104494,0.028125,0.083376,0.046948,-0.062532,0.777234,0.347725,-0.524397,-0.048855,0.864256,0.500673,0.627311,-0.363521,0.688718,0.023109,-0.008503,0.021619,0.304611,-0.692571,-0.001649,-1.00295
2544,0.163496,-0.007629,0.287156,-0.731093,-0.357453,-0.581185,0.037766,-0.871708,0.488539,-0.680346,0.335659,0.651528,0.031531,-0.014993,0.045658,3.242043,-3.802953,-2.763555,-1.917009,-0.176532,-0.001936,0.313035,-0.711388,0.48908,0.504698,-0.169961,-0.816421,0.551819,0.682811,0.306164,0.663246,-0.014472,-0.012466,-0.011105,1.52447,3.634646,-0.582019,0.139579,0.038758,0.053231,-0.000618,0.704155,-0.514096,0.489765,0.222443,0.814763,0.535423,-0.674302,-0.268076,0.688077,-0.007216,-0.006369,-0.005745,1.561243,3.653823,-0.586844,0.00706,0.084178,0.04666,-0.061677,0.693283,0.432879,-0.576171,-0.141495,0.865699,0.480148,0.706638,-0.251353,0.661425,0.023158,-0.00191,0.018671,0.687754,-2.773464,2.052292,-0.972414
2545,0.164388,-0.007767,0.287953,-0.693352,-0.394406,-0.603119,0.080048,-0.873928,0.479389,-0.715296,0.284592,0.638268,0.046362,-0.002503,0.038841,3.181965,-3.188816,-3.30086,-1.917536,-0.176721,-0.002261,0.312729,-0.659889,0.518262,0.544007,-0.201827,-0.819578,0.536183,0.724555,0.243376,0.64471,-0.000387,-0.016647,-0.016486,0.21466,1.098894,0.020193,0.134329,0.03867,0.053087,-0.000753,0.654587,-0.540127,0.52894,0.253844,0.816084,0.5192,-0.712094,-0.205593,0.671306,-0.007163,-0.008836,-0.00828,3.259939,5.660521,2.115873,0.001835,0.084635,0.046585,-0.061263,0.649523,0.467402,-0.599711,-0.186996,0.862712,0.469851,0.736987,-0.193036,0.647754,0.023113,-0.00118,0.019478,3.156017,-3.183372,-3.323995,-0.955595
2546,0.16628,-0.007959,0.289504,-0.637155,-0.453563,-0.623185,0.158609,-0.8684,0.469784,-0.753459,0.201042,0.626026,0.046241,-0.002197,0.038863,3.490248,-3.287546,-2.631772,-1.917068,-0.177172,-0.003233,0.311755,-0.55594,0.549541,0.62364,-0.268943,-0.82874,0.490708,0.787183,0.104397,0.607707,-0.015027,-0.031024,-0.029823,0.403589,1.416943,-1.100404,0.111703,0.038444,0.052611,-0.00123,0.549593,-0.566768,0.613776,0.320638,0.821516,0.471489,-0.771452,-0.062327,0.633227,-0.000811,-0.010056,-0.019668,1.59611,3.315424,-1.577078,-0.021842,0.085564,0.046492,-0.060499,0.58933,0.51791,-0.620047,-0.26137,0.848438,0.460258,0.764444,-0.109182,0.635376,0.023114,-0.001131,0.019369,0.278042,-0.815674,0.584948,-0.952983
2547,0.16814,-0.008068,0.290888,-0.591449,-0.500228,-0.63246,0.226204,-0.85578,0.465238,-0.773236,0.132716,0.620096,0.045872,-0.005389,0.034843,-0.29778,1.108826,-1.534859,-1.916313,-0.177763,-0.004562,0.310261,-0.471268,0.559055,0.682169,-0.33496,-0.828855,0.448033,0.816472,-0.018048,0.576984,-0.016141,-0.027015,-0.045567,3.732554,3.429614,1.777332,0.100866,0.038149,0.051939,-0.001978,0.469714,-0.569358,0.674684,0.381144,0.820131,0.426747,-0.796302,0.056702,0.602235,-0.014882,-0.020323,-0.019335,-0.005692,1.033046,-1.41197,-0.043233,0.086495,0.046445,-0.059799,0.534831,0.560172,-0.632583,-0.330943,0.827717,0.453165,0.777451,-0.033017,0.628075,0.022932,-0.002527,0.01758,1.038528,-1.211702,-0.43318,-0.941552
2548,0.16971,-0.008026,0.292033,-0.552344,-0.530372,-0.64317,0.277014,-0.844463,0.458385,-0.785561,0.075673,0.614161,0.045526,0.004625,0.025242,0.069911,-0.244252,0.190391,-1.916337,-0.178354,-0.005556,0.30862,-0.399957,0.55619,0.728477,-0.386945,-0.822896,0.415991,0.831318,-0.116188,0.543391,-0.016851,-0.009246,-0.04735,3.900953,3.524841,1.718695,0.096432,0.037846,0.051413,-0.002835,0.397659,-0.563738,0.723924,0.434566,0.810602,0.392525,-0.808096,0.158502,0.567325,-0.008331,-0.004475,-0.023726,3.871876,3.546771,1.73139,-0.055317,0.08728,0.046462,-0.059223,0.493096,0.586872,-0.642212,-0.380632,0.809327,0.447334,0.782288,0.023868,0.622458,0.015375,0.002412,0.012885,0.293075,-0.406489,-0.024998,-0.93943
2549,0.170327,-0.008008,0.292478,-0.532649,-0.547226,-0.645658,0.304723,-0.835713,0.456836,-0.788916,0.047262,0.612703,0.030458,0.00068,0.02096,0.063651,-0.100337,-0.02652,-1.915721,-0.17851,-0.005842,0.307821,-0.368898,0.55238,0.747517,-0.401919,-0.819882,0.407662,0.838508,-0.150735,0.523495,-0.001645,-0.017321,-0.037517,-0.043727,1.524896,-0.815623,0.096519,0.037769,0.051274,-0.003222,0.367561,-0.559473,0.742891,0.4508,0.805872,0.38386,-0.813435,0.193803,0.548417,-0.00119,-0.003117,-0.022793,0.713999,2.083471,0.092184,-0.056623,0.087594,0.046478,-0.058993,0.471558,0.601095,-0.645225,-0.406976,0.797448,0.445471,0.782305,0.052526,0.620675,0.015236,0.000536,0.010694,0.288406,-0.274925,-0.213822,-0.938776
2550,0.171337,-0.008177,0.293119,-0.487992,-0.58217,-0.650375,0.364909,-0.812941,0.453807,-0.792303,-0.015155,0.609962,0.015239,-0.00625,0.013302,4.17641,-4.356345,-1.399194,-1.915999,-0.178412,-0.005975,0.306194,-0.30424,0.548495,0.778834,-0.426536,-0.809409,0.403555,0.852109,-0.210097,0.479199,-0.002274,-0.001503,-0.04098,3.667531,3.678641,2.41118,0.102542,0.037818,0.051202,-0.004033,0.30833,-0.550039,0.776137,0.470472,0.797291,0.378129,-0.826793,0.248562,0.504607,0.006097,-0.000349,-0.020645,-0.363896,1.109145,-0.432587,-0.055153,0.088105,0.046399,-0.058667,0.427385,0.629849,-0.648561,-0.459906,0.769089,0.443833,0.778349,0.10859,0.618369,0.015,-0.003053,0.006549,0.066283,-0.209544,0.141502,-0.941389
2551,0.171994,-0.008454,0.29355,-0.436192,-0.600181,-0.670496,0.413926,-0.795424,0.442648,-0.798455,-0.083715,0.596228,0.015102,-0.00857,0.010632,3.690344,-2.681911,-3.091743,-1.915479,-0.17796,-0.006034,0.304484,-0.220355,0.528475,0.819847,-0.460587,-0.797196,0.390219,0.86006,-0.29227,0.418016,0.012138,-0.002769,-0.043805,-0.178271,3.242702,-2.362619,0.131607,0.038034,0.051182,-0.004862,0.224145,-0.530316,0.817632,0.508126,0.77951,0.366292,-0.831604,0.333358,0.444191,0.006092,-0.001029,-0.021534,0.981984,2.481528,-0.322786,-0.035069,0.088427,0.046259,-0.05846,0.373363,0.640165,-0.671407,-0.505869,0.747166,0.43109,0.777621,0.178692,0.602804,0.007532,-0.004679,0.004868,0.48268,-0.951271,0.518229,-0.945308
2552,0.172209,-0.008653,0.293723,-0.409095,-0.596951,-0.690171,0.43042,-0.79316,0.430823,-0.804086,-0.12008,0.582282,0.015159,-0.02214,0.015921,0.138213,-0.912327,0.784939,-1.915727,-0.177707,-0.006129,0.303689,-0.180744,0.51577,0.83744,-0.478711,-0.789853,0.383279,0.859348,-0.332245,0.388585,0.012157,-0.002909,-0.044095,0.006215,1.909744,-0.585575,0.147789,0.038169,0.051133,-0.005293,0.18291,-0.512562,0.838941,0.524745,0.772517,0.357572,-0.831375,0.374828,0.410265,0.006088,-0.001525,-0.022086,-0.017465,1.994889,-0.607446,-0.012535,0.08854,0.046162,-0.058372,0.343297,0.636087,-0.691042,-0.526218,0.739696,0.419456,0.777972,0.219641,0.588656,0.007539,-0.00541,0.004042,0.828953,-2.31954,2.002449,-0.943512
2553,0.172441,-0.009216,0.294165,-0.350523,-0.606953,-0.713294,0.478205,-0.770833,0.420843,-0.804825,-0.192837,0.561335,0.015145,-0.022662,0.015329,0.210959,-0.645359,0.133065,-1.915437,-0.176922,-0.006404,0.302108,-0.113631,0.489249,0.864705,-0.50711,-0.776912,0.373069,0.85445,-0.396701,0.335272,0.02755,-0.012074,-0.035499,-0.347572,1.453881,-0.416394,0.168935,0.038551,0.050996,-0.006074,0.119115,-0.483341,0.86729,0.552772,0.757898,0.346458,-0.824775,0.438146,0.357455,0.013403,-0.000296,-0.02156,-0.026551,1.518145,-0.07325,0.0229,0.088656,0.045881,-0.058158,0.285205,0.638545,-0.714785,-0.569883,0.712593,0.409198,0.770642,0.290639,0.567131,0.000134,-0.011117,0.007883,3.800429,-2.903285,-2.601635,-0.933061
2554,0.172277,-0.009984,0.294744,-0.301598,-0.608564,-0.733985,0.521061,-0.749898,0.407578,-0.798075,-0.258775,0.544186,-0.01437,-0.02185,0.017033,0.309421,-0.616927,0.314962,-1.914817,-0.17553,-0.006678,0.300781,-0.068461,0.466349,0.881943,-0.527143,-0.767364,0.364973,0.847045,-0.440486,0.297235,0.042327,-0.006426,-0.030966,-0.118457,1.092167,-0.604011,0.195743,0.039242,0.050853,-0.006743,0.074329,-0.458323,0.885671,0.571646,0.747309,0.338747,-0.817126,0.481112,0.317545,0.021583,-0.009042,-0.011739,0.112687,1.229488,-0.316509,0.053435,0.088585,0.04549,-0.057869,0.235767,0.634246,-0.736304,-0.610638,0.686094,0.395467,0.755998,0.356377,0.549054,0.000205,-0.010916,0.008336,1.209652,-1.197979,-0.115229,-0.930775
2555,0.171743,-0.010878,0.295564,-0.253688,-0.607551,-0.752708,0.563493,-0.725307,0.395447,-0.785881,-0.323076,0.527295,-0.029017,-0.018749,0.020945,1.195597,-0.960503,-0.461852,-1.913852,-0.173478,-0.007154,0.29986,-0.024034,0.443515,0.89594,-0.548142,-0.755239,0.359288,0.836012,-0.483,0.260111,0.057956,-0.013265,-0.019842,-0.211926,0.754923,-0.349078,0.252593,0.040262,0.050617,-0.007207,0.030895,-0.433017,0.900855,0.591794,0.734254,0.33264,-0.805496,0.522844,0.278941,0.028997,-0.006387,-0.009654,-0.228907,0.785475,-0.326135,0.110913,0.088329,0.045045,-0.057473,0.191958,0.626733,-0.755219,-0.646249,0.659859,0.383336,0.738588,0.414476,0.531691,-0.007034,-0.015242,0.014035,0.033512,-0.334516,0.369429,-0.923917
2556,0.171389,-0.011329,0.296041,-0.232264,-0.60295,-0.76325,0.58556,-0.713247,0.385188,-0.776344,-0.356719,0.51968,-0.014174,-0.017845,0.021602,4.739045,-4.183068,-0.357318,-1.914094,-0.17218,-0.007377,0.299539,-0.004661,0.433226,0.901269,-0.551829,-0.752656,0.359064,0.83389,-0.496192,0.241419,0.072682,-0.008415,-0.016038,-0.319156,0.971439,-0.121817,0.279711,0.040884,0.050504,-0.007367,0.014549,-0.422146,0.90641,0.596057,0.73149,0.331113,-0.802809,0.535455,0.262266,0.03636,-0.003911,-0.007708,-0.127846,0.483127,-0.222291,0.145367,0.088147,0.044823,-0.057239,0.17146,0.621791,-0.764184,-0.666677,0.644324,0.374683,0.725356,0.445221,0.525009,-0.014477,-0.00858,0.011412,0.3248,-0.477339,0.167136,-0.922611
2557,0.170608,-0.012282,0.297143,-0.191123,-0.590424,-0.784166,0.62925,-0.686831,0.363704,-0.75309,-0.423196,0.503774,-0.014072,-0.015825,0.023888,4.396132,-2.372692,-2.398743,-1.913841,-0.169399,-0.007698,0.299085,0.02578,0.419327,0.907465,-0.557155,-0.747594,0.361408,0.829914,-0.515416,0.213194,0.072874,-0.005007,-0.01259,-0.336047,0.8731,0.293095,0.33107,0.042297,0.050342,-0.007596,-0.014691,-0.406238,0.913648,0.601201,0.726539,0.33271,-0.798962,0.554175,0.233557,0.043742,-0.002036,-0.006524,-0.129235,0.400846,0.001321,0.216399,0.087751,0.044334,-0.056678,0.13247,0.601906,-0.787502,-0.706793,0.614377,0.350689,0.694906,0.510146,0.50681,-0.014379,-0.013529,0.016163,0.304176,-0.571308,0.330375,-0.925387
2558,0.169853,-0.013341,0.298419,-0.157439,-0.574186,-0.803473,0.662482,-0.664779,0.345193,-0.732139,-0.477232,0.486055,-0.013891,-0.026341,0.03269,-0.174518,-0.608678,0.458899,-1.913623,-0.166447,-0.008106,0.298737,0.051194,0.409074,0.911059,-0.553589,-0.747568,0.366898,0.831086,-0.523624,0.187022,0.073041,-0.005574,-0.013517,-0.241398,0.678983,0.155728,0.384762,0.043772,0.050145,-0.007762,-0.040764,-0.394776,0.917872,0.597344,0.726762,0.339109,-0.800947,0.562109,0.206192,0.037,-0.008617,-0.00307,-0.376118,0.901843,0.25178,0.289716,0.087374,0.04381,-0.056041,0.098137,0.58268,-0.806753,-0.740805,0.584083,0.331742,0.664511,0.565092,0.488973,-0.006961,-0.013125,0.016443,-0.180727,-0.643818,0.172195,-0.923427
2559,0.169527,-0.013785,0.299058,-0.143599,-0.566101,-0.81176,0.674435,-0.656256,0.338285,-0.724045,-0.498204,0.477051,-0.013936,-0.013341,0.026668,0.288264,-0.683482,0.319807,-1.91384,-0.164976,-0.008377,0.298563,0.062733,0.398662,0.914945,-0.549503,-0.751402,0.365205,0.832989,-0.52615,0.170758,0.074108,-0.017599,-0.006621,-0.274292,0.631239,0.276023,0.409062,0.04448,0.050022,-0.007848,-0.050697,-0.383929,0.921969,0.59372,0.73073,0.33694,-0.803072,0.564474,0.190901,0.036574,-0.00274,-0.006828,-0.08422,0.436371,-0.33892,0.324007,0.087216,0.043591,-0.055734,0.08566,0.57306,-0.815023,-0.750377,0.575251,0.325605,0.655435,0.583684,0.479287,-0.007006,-0.006849,0.012894,4.326308,-2.440991,-2.113112,-0.923917
2560,0.168884,-0.014375,0.300178,-0.122822,-0.550739,-0.825619,0.691642,-0.644104,0.326701,-0.711557,-0.530228,0.461056,-0.013929,-0.013184,0.026805,-0.090887,-0.383205,0.402296,-1.91362,-0.162463,-0.009,0.29819,0.082434,0.37733,0.922398,-0.54767,-0.75603,0.358343,0.832453,-0.535156,0.14315,0.059751,-0.020688,-0.008802,-0.287447,0.753178,0.132191,0.451179,0.045769,0.049708,-0.008033,-0.06904,-0.361529,0.9298,0.591893,0.735411,0.329896,-0.803053,0.573119,0.163214,0.029392,-0.005223,-0.00896,-0.038831,0.242329,-0.240387,0.38867,0.086884,0.043285,-0.055147,0.065912,0.554511,-0.829561,-0.766623,0.560299,0.313614,0.638705,0.61529,0.462031,-0.006982,-0.006572,0.013458,-0.072362,-0.350018,0.423209,-0.929796
2561,0.168372,-0.014767,0.301158,-0.108094,-0.537341,-0.836437,0.706572,-0.633383,0.315521,-0.69919,-0.556235,0.44918,-0.013909,-0.01289,0.027095,-0.118831,-0.295583,0.226133,-1.913981,-0.16022,-0.00987,0.297608,0.087897,0.356445,0.930168,-0.550545,-0.760741,0.343667,0.829988,-0.542727,0.128184,0.059104,-0.014586,-0.022777,-0.012097,0.100492,-0.118269,0.466903,0.046874,0.049285,-0.008309,-0.075453,-0.34038,0.937255,0.593863,0.739719,0.31645,-0.801019,0.580479,0.146325,0.022738,-0.013472,-0.007283,-0.052963,0.192728,-0.321285,0.427534,0.086639,0.043094,-0.054675,0.053361,0.539951,-0.840002,-0.780231,0.547537,0.302391,0.623209,0.639261,0.450504,-0.007057,-0.001135,0.009219,-0.116954,-0.477243,0.373395,-0.930612
2562,0.168112,-0.014822,0.30186,-0.100686,-0.533713,-0.839678,0.715312,-0.62542,0.311691,-0.691377,-0.568591,0.445791,-0.014174,0.00938,0.01078,0.004882,-0.108736,0.161659,-1.913807,-0.158513,-0.010752,0.296892,0.088202,0.33789,0.937039,-0.550081,-0.767654,0.328712,0.830262,-0.544837,0.116962,0.031012,-0.028603,-0.015015,-0.049417,0.12131,-0.173075,0.471841,0.047767,0.048823,-0.008687,-0.074413,-0.321426,0.944005,0.593271,0.746617,0.300983,-0.801555,0.582449,0.135135,0.015522,-0.014435,-0.00769,-0.050464,0.117025,-0.168461,0.443209,0.086503,0.043059,-0.054308,0.046463,0.53514,-0.843484,-0.787801,0.538798,0.298439,0.614174,0.650632,0.446617,0.000375,-0.001027,0.009155,-0.024388,-0.218733,0.348946,-0.933388
2563,0.168082,-0.014775,0.30216,-0.095077,-0.533919,-0.8402,0.721595,-0.618385,0.311244,-0.685625,-0.576034,0.445117,0.000662,0.009372,0.010447,-0.107826,1.249589,-2.02397,-1.913945,-0.157737,-0.01112,0.296433,0.085516,0.328601,0.940585,-0.550944,-0.770903,0.319534,0.829974,-0.54592,0.113916,0.030071,-0.018402,-0.024256,0.091131,-0.159374,-0.376859,0.472594,0.048155,0.04864,-0.008916,-0.072251,-0.312152,0.94728,0.593683,0.74972,0.292333,-0.801447,0.583506,0.131151,0.015052,-0.009281,-0.012248,0.136465,-0.279672,-0.45089,0.446802,0.086483,0.043085,-0.054155,0.041279,0.533811,-0.844595,-0.793182,0.531545,0.297188,0.607583,0.657651,0.445351,0.000353,0.004675,0.005251,-0.104248,1.248639,-2.021023,-0.927183
2564,0.168202,-0.014615,0.302797,-0.091042,-0.52813,-0.844296,0.727493,-0.614223,0.305704,-0.679922,-0.585737,0.441186,0.000776,0.011077,0.012291,0.005805,-0.123167,0.191438,-1.913463,-0.156476,-0.011791,0.29543,0.085708,0.308675,0.947294,-0.551183,-0.777278,0.303265,0.829795,-0.548484,0.102309,0.030221,-0.018532,-0.024676,-0.069025,0.453755,-0.680492,0.46993,0.048774,0.048308,-0.009411,-0.070307,-0.293058,0.953506,0.593984,0.755635,0.27604,-0.801398,0.585775,0.120946,0.007699,-0.010374,-0.012733,-0.246628,1.646831,-2.504482,0.447945,0.086542,0.043164,-0.053838,0.037722,0.528289,-0.848226,-0.798453,0.526337,0.292303,0.600873,0.666243,0.441668,0.000384,0.005623,0.006245,0.004709,-0.124993,0.196398,-0.920161
2565,0.168427,-0.014388,0.30352,-0.081826,-0.532824,-0.842288,0.732381,-0.60533,0.311715,-0.675846,-0.590713,0.440814,0.001095,0.002664,0.023369,-0.194339,0.468581,-0.621232,-1.913714,-0.155683,-0.01241,0.294406,0.083009,0.295728,0.951654,-0.552394,-0.781087,0.291028,0.829268,-0.550189,0.097308,0.015492,-0.018231,-0.022846,-0.001764,0.016419,-0.018787,0.468843,0.049176,0.047996,-0.009928,-0.066838,-0.279383,0.95785,0.594956,0.759496,0.263044,-0.800974,0.58746,0.115457,0.007772,-0.009416,-0.011788,-0.005852,0.033599,-0.03497,0.446802,0.086654,0.043273,-0.053489,0.028174,0.531156,-0.846805,-0.802375,0.517244,0.297744,0.596153,0.671067,0.440759,0.007962,0.001104,0.011292,-0.562472,1.597213,-2.101262,-0.926203
2566,0.168569,-0.014243,0.303922,-0.082281,-0.531475,-0.843096,0.732011,-0.606299,0.310699,-0.676192,-0.590935,0.439985,0.015775,0.014374,0.015502,0.002457,-0.045839,0.078044,-1.913847,-0.155422,-0.012675,0.293895,0.08133,0.288778,0.953931,-0.548019,-0.786407,0.284908,0.832333,-0.546278,0.093081,0.014419,-0.006829,-0.030685,-5.239155,-1.552327,-0.538826,0.468437,0.049307,0.04786,-0.010179,-0.06651,-0.271905,0.960022,0.595088,0.761492,0.256904,-0.800903,0.588385,0.111161,0.007764,-0.008781,-0.0111,-0.002344,0.012597,-0.011522,0.446312,0.086726,0.043348,-0.053278,0.02865,0.530559,-0.847163,-0.802017,0.518045,0.297317,0.596613,0.670921,0.440359,0.007882,0.007279,0.007851,0.001962,-0.045408,0.080954,-0.926367
2567,0.168878,-0.014013,0.304809,-0.081771,-0.533464,-0.841888,0.735194,-0.602604,0.310371,-0.672792,-0.592914,0.442527,0.001103,0.003038,0.023639,-0.029911,0.014651,0.009036,-1.913893,-0.155042,-0.013059,0.292959,0.079796,0.279347,0.956864,-0.543963,-0.792121,0.276735,0.835139,-0.542904,0.087527,-0.000527,-0.003921,-0.025688,0.019748,0.018196,-0.031328,0.468354,0.049503,0.047663,-0.010654,-0.062796,-0.263083,0.962726,0.586506,0.770758,0.24888,-0.807506,0.580274,0.105899,0.007163,-0.001262,-0.01291,-0.008449,-0.010073,0.000942,0.445822,0.08688,0.043465,-0.052839,0.028166,0.532623,-0.845883,-0.804817,0.513966,0.296828,0.592852,0.672421,0.443141,0.007954,0.002004,0.012187,-0.046479,-0.032024,0.042616,-0.929632
2568,0.169231,-0.013833,0.305729,-0.080701,-0.537889,-0.839171,0.738037,-0.5981,0.31233,-0.669804,-0.593471,0.446297,0.001174,0.004319,0.024935,-0.041612,0.041211,-0.018595,-1.913781,-0.154847,-0.013283,0.292197,0.076672,0.274105,0.958634,-0.535181,-0.799836,0.271623,0.841089,-0.534184,0.084149,0.000422,-0.01103,-0.012996,-0.014811,0.012276,-0.025069,0.468202,0.0496,0.047552,-0.011042,-0.059389,-0.258024,0.964311,0.577903,0.778784,0.243973,-0.813941,0.571768,0.102861,-0.000327,0.00012,-0.010438,-0.010303,0.007804,-0.031817,0.445496,0.087057,0.043553,-0.052381,0.02659,0.536893,-0.84323,-0.807121,0.509208,0.298766,0.589785,0.672645,0.446878,0.007938,0.002037,0.012168,-0.095972,0.116042,-0.153266,-0.931755
2569,0.169432,-0.013706,0.306226,-0.082918,-0.540581,-0.837223,0.738019,-0.597844,0.312861,-0.669549,-0.591279,0.449577,0.015981,0.00555,0.025878,0.005058,0.030182,0.132745,-1.914164,-0.15483,-0.01334,0.291857,0.075138,0.271702,0.959439,-0.530794,-0.803554,0.269246,0.844003,-0.529807,0.082617,0.000362,-0.009446,-0.011155,-0.002285,0.015837,-0.023962,0.470477,0.049609,0.047522,-0.011206,-0.057715,-0.255538,0.965074,0.573568,0.782732,0.241558,-0.817122,0.567477,0.101392,-0.000356,0.000858,-0.009581,0.029305,0.018654,-0.027385,0.446965,0.087145,0.043612,-0.052144,0.028275,0.539798,-0.841319,-0.807053,0.508935,0.299414,0.5898,0.670524,0.450036,0.000512,0.008012,0.008672,0.050986,0.069953,0.119339,-0.932082
2570,0.169793,-0.013626,0.307152,-0.08259,-0.541232,-0.836834,0.741165,-0.594698,0.311417,-0.666107,-0.593845,0.451304,0.001028,0.002402,0.022718,-0.033238,-0.015909,0.031647,-1.913826,-0.15472,-0.01323,0.291334,0.063043,0.274281,0.959576,-0.514136,-0.815091,0.266879,0.855244,-0.510494,0.088409,-0.000944,0.007029,-0.012909,-0.339425,-0.43002,-0.225611,0.469787,0.049664,0.04757,-0.011476,-0.047231,-0.258752,0.964787,0.55738,0.794685,0.240418,-0.828911,0.549109,0.106689,0.006975,0.003942,-0.006865,-1.402648,-0.946178,-0.458349,0.448108,0.087338,0.043662,-0.051664,0.027955,0.5404,-0.840943,-0.809743,0.505519,0.297934,0.586117,0.67262,0.451717,0.007907,-0.00484,0.014751,-0.078712,-0.016626,0.010567,-0.932245
2571,0.17015,-0.013626,0.308019,-0.087445,-0.544553,-0.834183,0.741165,-0.595071,0.310704,-0.665481,-0.590427,0.456681,0.015609,0.00064,0.020412,0.027008,0.110414,0.114263,-1.913845,-0.154612,-0.013055,0.290904,0.055338,0.276284,0.959477,-0.501279,-0.823311,0.266106,0.86338,-0.496011,0.091712,-0.000976,0.007862,-0.011928,0.122909,-0.253711,-0.15171,0.466538,0.049718,0.047661,-0.011686,-0.039154,-0.261171,0.964497,0.544521,0.803751,0.239748,-0.837832,0.534577,0.110743,0.006959,0.004305,-0.006406,0.190747,-0.520035,-0.091316,0.444516,0.087511,0.043663,-0.05123,0.032086,0.544266,-0.838297,-0.809734,0.505836,0.297422,0.585918,0.669255,0.456941,0.000464,0.000738,0.01082,0.049689,0.146872,0.138468,-0.933224
2572,0.170378,-0.013715,0.308775,-0.086937,-0.5456,-0.833551,0.744294,-0.591721,0.309619,-0.662047,-0.592818,0.458571,0.015359,-0.003113,0.016357,-0.032188,-0.013482,0.037922,-1.913757,-0.154415,-0.012703,0.290496,0.042611,0.279548,0.959181,-0.473717,-0.839554,0.265848,0.879529,-0.466032,0.09543,-0.001035,0.009328,-0.010188,0.152964,-0.347735,-0.217726,0.462965,0.049816,0.047842,-0.011893,-0.026966,-0.265095,0.963844,0.517574,0.82119,0.24034,-0.855213,0.505342,0.115062,-0.000512,0.004716,-0.005017,0.205465,-0.498597,-0.324332,0.440597,0.087631,0.043621,-0.050841,0.031781,0.545269,-0.837658,-0.812451,0.502238,0.296105,0.582161,0.671147,0.458966,0.007656,-0.00174,0.007978,-0.044151,-0.03172,0.027733,-0.933551
2573,0.170445,-0.013834,0.309113,-0.086392,-0.546563,-0.832977,0.747852,-0.587976,0.308177,-0.658098,-0.595646,0.460585,0.000613,-0.003927,0.015829,-0.029552,0.008815,0.013025,-1.91388,-0.154185,-0.012444,0.290213,0.033063,0.281828,0.958891,-0.455371,-0.849732,0.265566,0.889582,-0.445759,0.099019,0.013864,0.009351,-0.011966,0.060213,-0.216915,-0.082983,0.460924,0.04992,0.047968,-0.012021,-0.0167,-0.267708,0.963354,0.499965,0.832151,0.239914,-0.865883,0.485651,0.119948,-0.00105,0.009829,-0.009573,-0.295783,-0.469919,-0.233763,0.438637,0.087665,0.043562,-0.050679,0.031201,0.546207,-0.837068,-0.815578,0.498046,0.294587,0.577803,0.673504,0.461014,0.00028,-0.002195,0.007667,-0.046587,-0.016324,-0.000941,-0.934204
2574,0.17051,-0.014048,0.309679,-0.088441,-0.548158,-0.831712,0.751616,-0.584647,0.305338,-0.65352,-0.597449,0.464751,0.000496,-0.005789,0.013837,-0.011832,0.045967,0.035763,-1.913939,-0.153585,-0.011908,0.289557,0.021183,0.285587,0.958114,-0.421695,-0.866294,0.267661,0.906401,-0.410035,0.100859,0.013905,0.008206,-0.013345,-0.439956,-0.142561,-0.026567,0.457837,0.050226,0.04824,-0.012353,-0.004589,-0.272006,0.962283,0.467584,0.850032,0.242506,-0.883936,0.451062,0.123285,0.013811,0.010663,-0.010434,-1.526898,-0.499469,-0.069342,0.434065,0.087696,0.043455,-0.050397,0.033046,0.548058,-0.835787,-0.818911,0.49425,0.29172,0.572967,0.674795,0.465143,0.000217,-0.003209,0.006585,-0.0265,0.043116,0.001768,-0.936001
2575,0.170493,-0.014295,0.310167,-0.08581,-0.545115,-0.833985,0.758706,-0.578292,0.299858,-0.645634,-0.606347,0.464247,0.000391,-0.007486,0.012031,-0.035058,0.013992,-0.017405,-1.913772,-0.152719,-0.01121,0.288835,0.004464,0.294618,0.955601,-0.377653,-0.884282,0.274514,0.925868,-0.362457,0.106098,0.027568,0.021343,-0.020843,-1.508348,-0.506391,-0.081065,0.453712,0.050643,0.048576,-0.012704,0.010025,-0.281683,0.959454,0.429141,0.867861,0.250309,-0.903181,0.409233,0.129582,0.013801,0.010555,-0.010546,0.065186,-0.033793,0.063095,0.430146,0.087688,0.043334,-0.050157,0.030678,0.544573,-0.838151,-0.825092,0.487098,0.286282,0.564163,0.68277,0.464266,0.000183,-0.003789,0.005966,-0.044817,0.005027,-0.02907,-0.936001
2576,0.170468,-0.014406,0.310409,-0.083247,-0.543236,-0.83547,0.761945,-0.575032,0.29791,-0.642151,-0.611113,0.462829,0.000452,-0.006507,0.013065,-0.034338,-0.003531,0.007702,-1.913905,-0.152191,-0.010811,0.288409,-0.005798,0.301588,0.953416,-0.353094,-0.892571,0.280314,0.935515,-0.335375,0.110448,0.027605,0.020165,-0.022269,-0.211366,-1.725166,2.294988,0.453587,0.050907,0.048778,-0.012914,0.020559,-0.28646,0.957871,0.401317,0.879866,0.254518,-0.915708,0.379177,0.13305,0.013831,0.010566,-0.010881,-5.212822,-1.575159,-0.51289,0.428513,0.087675,0.043273,-0.050035,0.028246,0.54236,-0.83967,-0.827856,0.483475,0.284438,0.560228,0.687093,0.462653,0.000121,0.002075,0.002201,-0.001177,-0.000674,-0.001837,-0.937144
2577,0.170397,-0.014554,0.310883,-0.077644,-0.541461,-0.83716,0.76822,-0.567694,0.295861,-0.635348,-0.619484,0.461084,0.00055,-0.004917,0.014738,0.090166,-0.046828,-0.062153,-1.914415,-0.151057,-0.010023,0.28758,-0.023875,0.308914,0.950786,-0.308303,-0.906913,0.287039,0.950956,-0.286643,0.115679,0.012719,0.019463,-0.021274,0.030229,-0.032316,0.036757,0.459398,0.05149,0.049178,-0.013339,0.039291,-0.297525,0.953905,0.356153,0.896113,0.26483,-0.933601,0.329331,0.141174,0.021187,0.011167,-0.010786,-0.061363,-0.10535,0.100227,0.430473,0.08764,0.043195,-0.049802,0.022959,0.539925,-0.841399,-0.833126,0.475541,0.282421,0.552606,0.694508,0.460744,-0.007077,-0.002458,0.007549,0.38346,-0.133364,-0.258703,-0.93698
2578,0.170326,-0.014655,0.311346,-0.075514,-0.538614,-0.839189,0.771127,-0.565103,0.293246,-0.632078,-0.624313,0.459061,0.000346,0.005568,0.005871,0.000763,-0.015223,0.024459,-1.913465,-0.1499,-0.009248,0.286747,-0.055077,0.318703,0.946249,-0.26059,-0.919367,0.294603,0.963884,-0.230737,0.13248,0.028741,0.00853,-0.014953,-5.148692,-1.897714,-0.824752,0.45964,0.052062,0.04957,-0.013757,0.067686,-0.309148,0.948601,0.314584,0.908895,0.273761,-0.946813,0.279886,0.158773,0.013179,0.015985,-0.01477,0.0816,-0.321597,-0.261266,0.435371,0.087605,0.043145,-0.049562,0.021101,0.536878,-0.843395,-0.835733,0.472474,0.279852,0.548729,0.698949,0.458656,0.000163,0.002761,0.002914,0.000138,-0.014362,0.023899,-0.933061
2579,0.170286,-0.014773,0.311745,-0.070491,-0.535599,-0.841552,0.777362,-0.558163,0.290061,-0.624988,-0.633084,0.456751,0.00045,-0.006513,0.013036,-0.034886,-0.00231,0.006186,-1.913179,-0.14895,-0.008551,0.285943,-0.10663,0.322024,0.940703,-0.211322,-0.931758,0.295131,0.971655,-0.167708,0.166202,0.012658,0.019694,-0.021035,-4.895747,-3.494609,0.751598,0.456105,0.052548,0.049919,-0.014167,0.120817,-0.313733,0.941792,0.262321,0.925107,0.274523,-0.957387,0.213885,0.194067,0.006357,0.009902,-0.010809,-4.904598,-3.451911,0.756129,0.433739,0.087584,0.043089,-0.049367,0.016478,0.533282,-0.845776,-0.841088,0.464782,0.276669,0.540645,0.706814,0.456196,0.00012,0.002058,0.002168,-0.000567,0.00069,-9e-06,-0.934041
2580,0.17026,-0.014808,0.311933,-0.067625,-0.535288,-0.841985,0.780371,-0.554195,0.289588,-0.62155,-0.636817,0.456253,0.000459,-0.006373,0.013179,4.618364,-1.602721,-2.515303,-1.913076,-0.148558,-0.008268,0.285587,-0.13821,0.319044,0.937603,-0.190222,-0.937552,0.291109,0.972076,-0.138501,0.189069,0.012644,0.019797,-0.020919,0.265879,-0.975484,-0.078748,0.451037,0.052744,0.050061,-0.014346,0.153002,-0.312725,0.937439,0.239789,0.932007,0.271776,-0.958692,0.183205,0.217587,0.006333,0.009872,-0.010474,0.276283,-1.030578,-0.037209,0.430146,0.087571,0.043071,-0.049273,0.016875,0.532603,-0.846196,-0.84087,0.465459,0.276195,0.540973,0.706881,0.455704,0.000129,0.002157,0.002271,-0.00046,0.000231,0.000208,-0.932408
2581,0.170207,-0.014817,0.312254,-0.064802,-0.534873,-0.842471,0.783242,-0.550378,0.289117,-0.618234,-0.640464,0.455653,0.000279,0.004468,0.004689,0.012078,-0.01906,0.018368,-1.913367,-0.148089,-0.007897,0.285034,-0.19215,0.312263,0.930356,-0.15531,-0.945689,0.285456,0.969179,-0.090018,0.229021,-0.001041,0.008535,-0.011137,0.074322,-1.879523,1.592088,0.435295,0.05298,0.050241,-0.014621,0.206305,-0.306189,0.929346,0.204787,0.942255,0.264981,-0.956817,0.135651,0.257095,0.006901,0.004702,-0.006005,0.060287,-0.44684,-0.509116,0.416103,0.087545,0.043063,-0.049109,0.010917,0.5319,-0.846736,-0.845977,0.456368,0.275773,0.533107,0.713309,0.454957,-0.00714,-0.003578,0.006354,0.001125,0.015149,-0.067954,-0.932735
2582,0.170142,-0.014769,0.312514,-0.068236,-0.532957,-0.843414,0.783844,-0.551619,0.285091,-0.617095,-0.640995,0.456449,0.000233,0.003722,0.0039,0.846746,-1.130725,2.446542,-1.914002,-0.147953,-0.007619,0.284737,-0.238439,0.306551,0.921501,-0.111747,-0.951166,0.287629,0.964946,-0.034763,0.259871,-0.001173,0.010663,-0.008562,-4.892445,-2.666749,-1.169683,0.424529,0.053047,0.050383,-0.014774,0.251541,-0.305777,0.918274,0.163279,0.948588,0.271144,-0.953974,0.081731,0.288535,-0.000511,0.005484,-0.004329,-4.842814,-2.806956,-1.184501,0.396672,0.087512,0.043088,-0.048978,0.011074,0.531636,-0.8469,-0.845779,0.456786,0.275685,0.533416,0.713238,0.454706,-0.007197,0.002279,0.002562,-0.000616,-0.000299,-0.004821,-0.934041
