frame,MLTx,MLTy,MLTz,MLTR1,MLTR2,MLTR3,MLTR4,MLTR5,MLTR6,MLTR7,MLTR8,MLTR9,MLTTVx,MLTTVy,MLTTVz,MLTRVx,MLTRVy,MLTRVz,MLGA,MRTx,MRTy,MRTz,MRTR1,MRTR2,MRTR3,MRTR4,MRTR5,MRTR6,MRTR7,MRTR8,MRTR9,MRTTVx,MRTTVy,MRTTVz,MRTRVx,MRTRVy,MRTRVz,MRGA,SLTx,SLTy,SLTz,SLTR1,SLTR2,SLTR3,SLTR4,SLTR5,SLTR6,SLTR7,SLTR8,SLTR9,SLTTVx,SLTTVy,SLTTVz,SLTRVx,SLTRVy,SLTRVz,SLGA,SRTx,SRTy,SRTz,SRTR1,SRTR2,SRTR3,SRTR4,SRTR5,SRTR6,SRTR7,SRTR8,SRTR9,SRTTVx,SRTTVy,SRTTVz,SRTRVx,SRTRVy,SRTRVz,SRGA
1248,0.077973,0.051509,0.41838,-0.161208,-0.602501,-0.781697,0.624998,-0.67531,0.391542,-0.76359,-0.424696,0.486405,-0.011495,0.002063,0.001479,0.007107,-0.067816,0.151224,-0.098044,-0.079269,0.073306,0.381605,0.762585,-0.182859,0.620499,-0.091414,0.919026,0.383366,-0.6413,-0.348846,0.683304,-3.8e-05,0.000116,5.7e-05,0.0,-0.0,-0.0,-0.792949,0.050091,0.052703,0.007245,-0.68254,0.149441,0.715405,0.113325,-0.945391,0.305601,0.722007,0.289659,0.628332,-2.1e-05,6e-05,2.9e-05,-2.1e-05,-8e-06,-6e-06,-0.846296,0.076773,0.046966,-0.032665,-0.246899,-0.566155,-0.786453,0.511655,-0.765391,0.390364,-0.822951,-0.306012,0.478651,-0.000235,-0.000674,-0.000276,0.00817,-0.082524,0.180789,-0.227646
1249,0.077759,0.051486,0.418412,-0.169937,-0.594243,-0.786156,0.616454,-0.686496,0.38559,-0.768614,-0.41837,0.483968,-0.000188,-0.000537,-0.000225,0.0081,-0.082517,0.180783,-0.229122,-0.079279,0.073303,0.381624,0.761491,-0.187352,0.620501,-0.086018,0.919537,0.38339,-0.643345,-0.345091,0.683289,-9e-06,2.7e-05,1.3e-05,0.0,0.0,0.0,-0.792193,0.050086,0.052701,0.007255,-0.681347,0.153914,0.715595,0.107945,-0.945823,0.306211,0.723957,0.285881,0.62782,1e-06,-4e-06,-3e-06,-0.014305,0.097816,-0.172645,-0.84646,0.076661,0.046953,-0.032649,-0.254252,-0.556621,-0.790903,0.501517,-0.775115,0.384287,-0.826943,-0.298945,0.47623,-0.000101,-0.000293,-0.000117,0.007917,-0.081441,0.178742,-0.307985
1250,0.07784,0.051488,0.418398,-0.189582,-0.578412,-0.793438,0.595132,-0.710419,0.375625,-0.780702,-0.400276,0.479906,0.000439,0.001258,0.000527,-0.027424,-0.065706,0.202265,-0.484807,-0.079286,0.073267,0.381618,0.761504,-0.187357,0.620485,-0.086024,0.919526,0.383413,-0.643329,-0.345115,0.683291,0.000216,-0.000664,-0.000323,0.0,-0.0,-0.0,-0.787145,0.050083,0.052684,0.007252,-0.681363,0.153915,0.715579,0.107957,-0.945815,0.306231,0.72394,0.285907,0.627828,0.000167,-0.00051,-0.000249,-7.3e-05,-3.2e-05,-5.8e-05,-0.84597,0.076697,0.046956,-0.03266,-0.271135,-0.53806,-0.798108,0.476963,-0.795313,0.374142,-0.836057,-0.279225,0.472272,0.000355,0.001007,0.000428,-0.389886,0.107998,0.419634,-0.449395
1251,0.07817,0.051545,0.418344,-0.214489,-0.564757,-0.796925,0.564258,-0.737626,0.370799,-0.796977,-0.369443,0.477878,0.013785,0.011311,-0.009617,0.025752,-0.040581,0.077612,-0.785191,-0.079282,0.073193,0.381614,0.76249,-0.185464,0.619842,-0.085871,0.920448,0.381228,-0.64218,-0.34368,0.685093,0.000433,-0.001328,-0.000647,0.013206,-0.011971,-0.00794,-0.66575,0.050084,0.052647,0.00725,-0.682592,0.151895,0.71484,0.107483,-0.946657,0.303787,0.722852,0.284196,0.629854,0.000231,-0.00071,-0.000347,-0.008485,0.008932,0.006489,-0.817067,0.076865,0.046977,-0.032686,-0.293802,-0.520397,-0.801789,0.442034,-0.817698,0.368747,-0.847517,-0.24608,0.470275,0.006941,0.005775,-0.004752,0.027476,-0.040588,0.076254,-0.665265
1252,0.078348,0.051675,0.418308,-0.221384,-0.560749,-0.797869,0.555357,-0.745023,0.369448,-0.801322,-0.360621,0.47735,0.003347,0.016418,-0.006867,0.035182,-0.03071,0.041815,-0.923982,-0.079273,0.073196,0.381604,0.764555,-0.181927,0.618344,-0.085215,0.922288,0.376904,-0.639807,-0.340632,0.688825,6.6e-05,-0.000203,-9.9e-05,0.267835,-0.242845,-0.16108,-0.527994,0.05009,0.052646,0.007244,-0.684342,0.149267,0.713718,0.106608,-0.947821,0.300446,0.721325,0.281696,0.632721,2.7e-05,-8.7e-05,-4.4e-05,0.414468,-0.381283,-0.255127,-0.757793,0.076952,0.047035,-0.032701,-0.300008,-0.515398,-0.802719,0.432094,-0.823627,0.367331,-0.850463,-0.236648,0.469795,0.006673,0.001625,0.000376,0.001855,-0.014575,0.028822,-0.741521
1253,0.078752,0.05215,0.418286,-0.241127,-0.555566,-0.79577,0.528519,-0.76287,0.372384,-0.813652,-0.330103,0.478571,0.004451,0.01285,0.005344,-4.396325,2.035181,2.695718,-1.129825,-0.079331,0.073121,0.381583,0.7711,-0.16847,0.614015,-0.084344,0.928735,0.36093,-0.632018,-0.329894,0.701132,-0.010369,-0.004978,-0.001761,0.508241,-0.449568,-0.33731,-0.219618,0.050064,0.052613,0.007235,-0.691474,0.136493,0.709388,0.103887,-0.952991,0.284628,0.714891,0.270509,0.64479,0.00038,-0.001173,-0.000571,0.547261,-0.495375,-0.326657,-0.555802,0.077154,0.047275,-0.032717,-0.317838,-0.507834,-0.800676,0.4043,-0.836435,0.370022,-0.857624,-0.206106,0.471168,0.002232,0.006747,0.002648,-4.39745,2.022668,2.699165,-0.713272
1254,0.079535,0.052822,0.418287,-0.25772,-0.551714,-0.793245,0.505355,-0.776693,0.375948,-0.823202,-0.303301,0.479973,0.029865,0.022988,-0.005436,-1.295852,0.588695,0.861274,-1.248831,-0.079566,0.072922,0.381431,0.783106,-0.138783,0.606197,-0.09634,0.935843,0.338897,-0.615308,-0.323624,0.718697,-0.011868,0.002894,-0.011599,0.642088,-0.38173,-0.741699,0.014012,0.049946,0.052512,0.007164,-0.705164,0.107828,0.700796,0.112972,-0.958656,0.26118,0.699986,0.263345,0.663828,-0.004578,-0.004383,-0.001805,0.695455,-0.523827,-0.66399,-0.287679,0.077534,0.047602,-0.032714,-0.333688,-0.501566,-0.798174,0.379281,-0.846582,0.373421,-0.863016,-0.178127,0.47273,0.014376,0.006801,0.002009,-4.450688,2.14918,2.543279,-0.721927
1255,0.080146,0.05322,0.41827,-0.267634,-0.549828,-0.791269,0.49135,-0.784293,0.378722,-0.828486,-0.286754,0.481051,0.030314,0.024533,-0.004832,0.03489,-0.069692,0.127228,-1.293569,-0.079838,0.072779,0.381308,0.792113,-0.11447,0.599537,-0.114174,0.937034,0.329948,-0.600538,-0.329669,0.728379,-0.022522,-0.001253,-0.012957,0.329062,-0.549723,-1.121649,0.100401,0.049814,0.052442,0.007102,-0.715448,0.08461,0.693523,0.129097,-0.959537,0.250242,0.686634,0.268567,0.675577,-0.00438,-0.005003,-0.002098,-0.829277,-0.677226,-1.535526,-0.172723,0.077829,0.047794,-0.03272,-0.344142,-0.497599,-0.796216,0.362718,-0.852639,0.376086,-0.866026,-0.159375,0.473917,0.015255,0.012518,-0.002314,0.001724,-0.049862,0.137066,-0.735153
1256,0.081448,0.05414,0.418273,-0.283991,-0.546565,-0.78782,0.468166,-0.796082,0.383466,-0.836405,-0.259256,0.482949,0.04338,0.028011,-0.004139,-0.002418,0.001206,0.023722,-1.36262,-0.080544,0.07234,0.38106,0.812692,-0.061626,0.579418,-0.159652,0.932688,0.323325,-0.56135,-0.355196,0.747386,-0.019478,-0.014064,-0.005539,0.027319,-0.610275,-0.751122,0.201123,0.049453,0.052223,0.006974,-0.739783,0.032484,0.67206,0.174012,-0.955615,0.237737,0.649953,0.29282,0.701296,-0.009718,-0.007106,-0.002796,0.089369,-0.67098,-0.795378,0.014408,0.078502,0.048271,-0.032722,-0.359799,-0.491774,-0.792907,0.337991,-0.860798,0.38051,-0.869658,-0.131089,0.47593,0.02179,0.014277,-0.001971,0.001197,-0.002502,0.027783,-0.743318
1257,0.082978,0.055298,0.418102,-0.315181,-0.533992,-0.784575,0.427072,-0.818069,0.385156,-0.847115,-0.213018,0.486874,0.032961,0.040436,-0.012145,-4.2935,2.16017,2.684169,-1.410785,-0.08114,0.071816,0.380826,0.840797,0.009601,0.541256,-0.224324,0.916025,0.332432,-0.493657,-0.400941,0.771629,-0.008572,-0.01077,-0.004612,-2.832167,-2.103966,-4.265562,0.255308,0.049159,0.051961,0.006857,-0.774058,-0.031595,0.632326,0.234405,-0.94208,0.239873,0.588123,0.333896,0.73663,-0.009554,-0.007665,-0.003076,0.083111,-0.315244,0.039718,0.111893,0.07927,0.048858,-0.032804,-0.388136,-0.475135,-0.78968,0.295629,-0.875765,0.381626,-0.872899,-0.085329,0.48038,0.016441,0.020394,-0.006157,-4.314126,2.124412,2.672358,-0.738582
1258,0.08456,0.056765,0.417645,-0.353544,-0.516492,-0.779928,0.382415,-0.840709,0.383326,-0.853239,-0.162097,0.495717,0.03291,0.041085,-0.011972,0.154987,0.217237,0.107064,-1.43468,-0.081683,0.07157,0.380506,0.856558,0.071453,0.511072,-0.271574,0.904424,0.328935,-0.439789,-0.420638,0.793418,-0.01167,0.002174,-0.011966,-0.339793,-1.239162,-1.085914,0.308247,0.04889,0.05183,0.006698,-0.7939,-0.093462,0.600821,0.285519,-0.929705,0.23265,0.536843,0.356247,0.764779,-0.00461,-0.004613,-0.001891,-2.175343,-2.766808,-4.156184,0.191415,0.080061,0.049593,-0.033033,-0.424118,-0.451268,-0.785162,0.24644,-0.891793,0.379435,-0.87143,-0.032571,0.489436,0.016465,0.020507,-0.006011,0.157811,0.217209,0.106498,-0.766178
1259,0.085379,0.057589,0.417307,-0.373926,-0.508981,-0.775347,0.360608,-0.849987,0.384,-0.854019,-0.135382,0.502345,0.042988,0.035885,-0.014721,-1.172193,0.772768,0.816921,-1.432279,-0.081949,0.071431,0.380384,0.86185,0.089967,0.49911,-0.283395,0.90146,0.327096,-0.421573,-0.42347,0.801756,-0.009182,-0.008944,-0.003723,0.330484,-0.617875,0.463431,0.329659,0.048763,0.051771,0.006636,-0.800628,-0.113323,0.588347,0.299202,-0.92637,0.228725,0.519108,0.359159,0.775584,-0.004581,-0.004475,-0.001857,0.453015,-0.668403,0.169727,0.226196,0.08044,0.049982,-0.033188,-0.44083,-0.443071,-0.780612,0.228738,-0.896416,0.379627,-0.867956,-0.011205,0.496514,0.022235,0.023517,-0.011893,-0.08161,0.541971,-0.656289,-0.77271
1260,0.087063,0.058986,0.416536,-0.396139,-0.496257,-0.772559,0.334604,-0.861544,0.381777,-0.854562,-0.106653,0.508307,0.04066,0.029558,-0.017218,0.064512,-0.01782,-0.004981,-1.434722,-0.082324,0.071046,0.380233,0.865958,0.147767,0.477779,-0.327566,0.889352,0.318886,-0.378872,-0.432835,0.817908,-0.008842,-0.010088,-0.004295,-0.011944,-0.50128,-0.234694,0.348965,0.048567,0.051577,0.006561,-0.809136,-0.169127,0.562756,0.341343,-0.914818,0.215853,0.478313,0.366747,0.797942,-0.00448,-0.004843,-0.002042,-0.567563,-0.988579,-0.997431,0.270121,0.081301,0.050703,-0.033576,-0.463277,-0.424649,-0.777847,0.195831,-0.905076,0.377473,-0.864305,0.022548,0.50246,0.02565,0.012825,-0.009723,0.053893,-0.124247,0.174738,-0.773363
1261,0.088699,0.060017,0.41578,-0.416621,-0.482974,-0.7702,0.301189,-0.872699,0.384259,-0.857222,-0.071291,0.510015,0.049884,0.022137,-0.020753,-4.185798,2.017082,2.996246,-1.441079,-0.082677,0.070685,0.380061,0.866975,0.187987,0.461526,-0.352394,0.885968,0.301352,-0.353327,-0.424144,0.833741,-0.009075,-0.009407,-0.003965,0.842052,0.05711,-0.403814,0.351292,0.048391,0.051395,0.006474,-0.813018,-0.207111,0.544155,0.364333,-0.909975,0.198001,0.45416,0.359232,0.815285,-0.004638,-0.004381,-0.001825,1.563693,1.65623,-1.505871,0.285144,0.082115,0.051221,-0.033953,-0.478872,-0.411463,-0.775486,0.166481,-0.909891,0.379974,-0.861954,0.052855,0.504222,0.018978,0.007403,-0.004815,0.02497,0.011737,-0.042102,-0.779242
1262,0.089453,0.060462,0.415433,-0.427629,-0.475805,-0.768628,0.287236,-0.877734,0.383471,-0.856577,-0.056209,0.512974,0.038275,0.02302,-0.019728,-0.036585,0.070994,0.052909,-1.440891,-0.082822,0.070513,0.379988,0.868901,0.197574,0.453835,-0.355117,0.887407,0.293825,-0.345767,-0.416723,0.840625,0.001664,-0.00534,-0.002652,0.522354,-0.609852,0.066407,0.351727,0.048318,0.051309,0.006437,-0.815397,-0.215958,0.537112,0.366425,-0.910829,0.190056,0.448173,0.351783,0.82182,-0.004648,-0.004339,-0.001797,0.12655,-0.182237,0.075905,0.28792,0.082482,0.051438,-0.034123,-0.491128,-0.399913,-0.773862,0.147107,-0.913704,0.378819,-0.858575,0.072208,0.507576,0.013648,0.01273,-0.009082,-1.213831,0.565749,0.980426,-0.780874
1263,0.090618,0.061054,0.414889,-0.44151,-0.466151,-0.766693,0.26798,-0.883977,0.383071,-0.85576,-0.035756,0.516163,0.0247,0.010718,-0.010491,-0.073109,0.004102,0.180889,-1.43252,-0.08289,0.070296,0.379898,0.868695,0.207637,0.449718,-0.357862,0.890678,0.280289,-0.343438,-0.404689,0.847432,0.001222,-0.003925,-0.001953,0.817774,0.16393,-0.48293,0.351108,0.048281,0.051196,0.006391,-0.816457,-0.225222,0.531669,0.367149,-0.913169,0.176979,0.445645,0.339698,0.828254,0.00069,-0.00221,-0.001096,1.095408,2.093379,-1.159953,0.28988,0.083084,0.051743,-0.034402,-0.50346,-0.388128,-0.771935,0.126851,-0.916947,0.378307,-0.854655,0.092542,0.510881,0.018117,0.008372,-0.011074,-0.320493,0.093032,0.378252,-0.777282
1264,0.091762,0.061205,0.414411,-0.444455,-0.467003,-0.764469,0.269157,-0.883563,0.383201,-0.853861,-0.034873,0.519357,0.022861,0.00487,-0.012729,0.037352,-0.04609,0.075599,-1.409398,-0.082545,0.070244,0.379801,0.864235,0.219978,0.452437,-0.370774,0.886224,0.277609,-0.340969,-0.407953,0.846863,0.023822,0.000771,-0.001033,0.031068,0.043016,-0.001429,0.346376,0.048444,0.051173,0.006344,-0.811847,-0.239059,0.532685,0.379869,-0.909106,0.170955,0.443399,0.34114,0.828866,0.00626,-0.000771,-0.000741,0.114511,0.102858,0.083566,0.288737,0.083645,0.051824,-0.034638,-0.506471,-0.388564,-0.769743,0.128008,-0.916698,0.37852,-0.852701,0.093176,0.51402,0.011357,0.002167,-0.006485,0.030686,-0.063242,0.072853,-0.774016
1265,0.092582,0.061083,0.414225,-0.452984,-0.459335,-0.764109,0.253106,-0.888064,0.383732,-0.854277,-0.019011,0.519495,0.01113,-0.001946,-0.001411,-0.033223,0.002465,0.05281,-1.409716,-0.08172,0.070368,0.379728,0.856031,0.221463,0.467073,-0.377918,0.884483,0.273499,-0.353614,-0.410922,0.840217,0.02352,0.001812,-0.000517,-0.063366,0.951866,-0.148355,0.334439,0.048857,0.051233,0.006307,-0.802736,-0.24269,0.544715,0.386301,-0.907501,0.164961,0.454295,0.342844,0.822236,0.017134,0.002977,0.000409,0.635844,2.482931,-0.974971,0.279102,0.084069,0.051755,-0.034741,-0.513523,-0.379659,-0.769514,0.111437,-0.918703,0.3789,-0.850808,0.108822,0.514083,0.011536,0.002786,-0.006236,-0.076496,0.008964,0.152624,-0.774996
1266,0.092849,0.061058,0.414159,-0.457842,-0.454882,-0.763877,0.248166,-0.890443,0.381439,-0.853131,-0.01437,0.521524,0.012009,0.007798,-0.01093,0.041775,-0.02144,0.050591,-1.409466,-0.0812,0.070373,0.37973,0.850359,0.218876,0.478513,-0.380389,0.883912,0.271916,-0.364505,-0.413527,0.834263,0.024209,-0.000308,-0.001579,-0.273775,0.566718,-0.063144,0.32056,0.049116,0.05124,0.00631,-0.795355,-0.240535,0.556374,0.388604,-0.906782,0.163496,0.465184,0.346247,0.814687,0.012016,0.000125,-0.000666,-0.207947,1.146264,-0.09241,0.269142,0.084207,0.051742,-0.034774,-0.517844,-0.374367,-0.769211,0.106264,-0.920348,0.376385,-0.848849,0.11317,0.516378,0.005996,0.003853,-0.00549,0.02604,-0.045802,0.040347,-0.776302
1267,0.093122,0.060997,0.414068,-0.480064,-0.43617,-0.761143,0.223745,-0.899829,0.374455,-0.84763,0.009997,0.530519,-0.000306,-0.001018,-0.000393,-0.053012,0.167437,0.130298,-1.409405,-0.079928,0.070241,0.379734,0.836122,0.208456,0.507382,-0.387196,0.879362,0.277009,-0.389468,-0.428336,0.815295,0.036442,-0.000585,-0.00245,-0.170221,1.095304,-0.266416,0.290962,0.049746,0.051175,0.006313,-0.778039,-0.231908,0.583844,0.395878,-0.902612,0.169028,0.487786,0.362642,0.794075,0.012737,-0.002025,-0.001754,0.358026,2.76476,-1.151247,0.235831,0.084343,0.051712,-0.03482,-0.537125,-0.352418,-0.766353,0.08102,-0.925892,0.368998,-0.839602,0.136108,0.525873,-0.000198,-0.000679,-0.000263,-0.344374,0.274036,0.308459,-0.777119
1268,0.093238,0.061093,0.413919,-0.513527,-0.406519,-0.755697,0.18473,-0.912396,0.365212,-0.837324,0.048446,0.544581,-3e-06,-8e-06,-3e-06,0.196938,0.621757,0.341092,-1.387073,-0.078332,0.070117,0.379649,0.825398,0.211344,0.523491,-0.404705,0.867893,0.28794,-0.394505,-0.449793,0.801196,0.048461,7.9e-05,-0.002871,-0.233495,0.323926,-0.135235,0.269336,0.050558,0.051112,0.006269,-0.764936,-0.235366,0.599561,0.415042,-0.891944,0.179376,0.492556,0.386054,0.779967,0.024285,-0.000116,-0.00154,-0.181852,0.280866,-0.163252,0.196967,0.0844,0.051757,-0.034896,-0.563825,-0.319251,-0.761694,0.04006,-0.931753,0.360875,-0.824921,0.172957,0.538135,0.000511,0.005079,-0.004672,-0.339113,0.198752,0.307364,-0.771894
1269,0.09323,0.061258,0.413786,-0.522727,-0.398665,-0.753571,0.17569,-0.915336,0.362304,-0.83356,0.057481,0.549455,0.001002,0.010165,-0.009349,0.249232,0.37395,0.195584,-1.370731,-0.07742,0.070031,0.379654,0.818699,0.221007,0.529981,-0.419777,0.859996,0.29005,-0.392695,-0.460217,0.79615,0.050635,-0.009594,0.006082,-0.215818,0.273851,-0.201351,0.261762,0.050997,0.051069,0.006268,-0.757984,-0.24568,0.604235,0.430221,-0.884591,0.18002,0.490274,0.396407,0.776203,0.018639,-0.001286,-0.001777,-0.20611,0.285365,-0.228353,0.186027,0.084396,0.051836,-0.034959,-0.572454,-0.309537,-0.759264,0.030669,-0.933439,0.357421,-0.819362,0.18132,0.543844,0.000514,0.005091,-0.004669,0.372959,0.65396,0.095471,-0.767811
1270,0.093023,0.061542,0.41349,-0.546465,-0.368717,-0.751976,0.134598,-0.924876,0.355612,-0.825928,0.093568,0.555982,-0.010791,0.009867,-0.0088,-0.282337,0.286202,0.316241,-1.346634,-0.075438,0.069758,0.379813,0.805603,0.247096,0.53846,-0.450175,0.846032,0.285493,-0.386009,-0.472708,0.79209,0.059647,0.003858,-0.001741,-2.996859,-1.443469,-4.601124,0.250255,0.051984,0.050928,0.006351,-0.745966,-0.267993,0.609682,0.455214,-0.873402,0.173055,0.48612,0.406629,0.773523,0.025573,-0.005244,0.002766,-0.043166,0.06673,-0.128945,0.168228,0.084298,0.051981,-0.035106,-0.592298,-0.275702,-0.75708,-0.010678,-0.936864,0.349527,-0.805648,0.215109,0.551959,-5.9e-05,0.003197,-0.005398,-1.1889,0.675183,0.998421,-0.759484
1271,0.092766,0.062005,0.41299,-0.577717,-0.334204,-0.744712,0.095937,-0.933828,0.344579,-0.809877,0.128033,0.572482,-0.010849,0.009648,-0.008874,0.275107,0.436555,0.190157,-1.267308,-0.073268,0.069483,0.380021,0.803137,0.255052,0.538434,-0.45918,0.840699,0.286902,-0.380482,-0.477983,0.791599,0.062287,-0.006616,0.006798,-0.044023,0.032277,-0.070812,0.239885,0.053068,0.050794,0.006452,-0.742346,-0.280797,0.608338,0.469524,-0.865735,0.173346,0.477985,0.414312,0.774516,0.031218,-0.003534,0.003247,-0.048351,0.040584,-0.090201,0.151899,0.084169,0.052211,-0.035357,-0.617459,-0.237054,-0.750032,-0.05073,-0.939523,0.338707,-0.784965,0.247187,0.568091,0.000471,0.008317,-0.010035,0.393921,0.648374,0.092821,-0.741195
1272,0.09242,0.062612,0.412322,-0.604112,-0.307808,-0.735084,0.070107,-0.939357,0.335657,-0.793075,0.151617,0.589976,-0.010951,0.016081,-0.019622,0.204408,0.238351,0.09178,-1.209005,-0.070844,0.069143,0.380368,0.801714,0.269056,0.533718,-0.472992,0.831373,0.291602,-0.366257,-0.486566,0.793078,0.064514,-0.015627,0.016108,-0.062721,-0.059848,0.073881,0.235172,0.054281,0.050625,0.00662,-0.741673,-0.294529,0.602638,0.484073,-0.856952,0.176932,0.464321,0.422947,0.778152,0.025494,-0.004329,0.003197,-0.031407,-0.042501,0.066264,0.141285,0.083998,0.052517,-0.035685,-0.640176,-0.206344,-0.739996,-0.077005,-0.941164,0.329056,-0.764358,0.267638,0.586622,-0.005429,0.008148,-0.009761,0.198122,0.321657,-0.054141,-0.716865
1273,0.092233,0.062846,0.411946,-0.612302,-0.300424,-0.731353,0.062451,-0.940495,0.333978,-0.787409,0.159189,0.595544,-0.000814,0.01091,-0.022273,0.270453,0.433476,-0.000193,-1.182887,-0.069643,0.068923,0.380632,0.796252,0.287283,0.532393,-0.491695,0.819886,0.293184,-0.353263,-0.495586,0.793387,0.050491,-0.006886,0.007382,-0.031136,-0.046819,0.065475,0.23519,0.054887,0.050511,0.006755,-0.736817,-0.312723,0.599419,0.503127,-0.845858,0.177161,0.451622,0.43212,0.780582,0.03202,-0.006941,0.008464,-0.070574,-0.058474,0.065608,0.138346,0.083901,0.052637,-0.035871,-0.646054,-0.198699,-0.736974,-0.085107,-0.940749,0.328247,-0.758531,0.274787,0.590864,-0.005871,0.006674,-0.010327,0.409262,0.5537,0.226941,-0.711476
1274,0.091946,0.063272,0.411193,-0.622024,-0.279843,-0.731314,0.03242,-0.94237,0.332958,-0.781573,0.183741,0.596163,-0.000605,0.011585,-0.021993,-1.144588,0.52785,0.993964,-1.15401,-0.067345,0.068407,0.381338,0.789773,0.311374,0.528485,-0.514425,0.805346,0.294483,-0.334899,-0.504832,0.795519,0.051976,-0.013944,0.01776,-0.061186,-0.057521,0.028901,0.235782,0.056036,0.050254,0.007104,-0.7314,-0.33672,0.59302,0.526158,-0.831845,0.176609,0.433833,0.441194,0.785579,0.025846,-0.006602,0.009033,-0.096762,-0.060061,0.041824,0.137203,0.083755,0.052844,-0.03625,-0.652942,-0.177379,-0.736343,-0.11327,-0.938388,0.326491,-0.748889,0.296586,0.592622,-0.005778,0.007238,-0.010154,-3.97776,1.818608,3.264327,-0.717028
1275,0.091552,0.063739,0.410543,-0.632782,-0.262021,-0.728682,0.007389,-0.943023,0.332604,-0.773528,0.205401,0.599576,-0.011807,0.006468,-0.010075,-1.258205,1.816024,-1.727943,-1.148008,-0.065362,0.067767,0.382162,0.783801,0.330666,0.52565,-0.530046,0.797108,0.289144,-0.324363,-0.505667,0.799346,0.053777,-0.02188,0.027737,0.252838,-0.35977,-0.19184,0.23498,0.057027,0.049937,0.007512,-0.72612,-0.354386,0.589201,0.541251,-0.823088,0.171966,0.424022,0.443774,0.789473,0.019814,-0.00683,0.00932,0.303652,-0.397792,-0.214566,0.139162,0.083565,0.05307,-0.036573,-0.659203,-0.156787,-0.735437,-0.138701,-0.935888,0.323844,-0.739061,0.315485,0.595194,-0.006042,0.002966,-0.005181,-3.899904,2.004391,3.347014,-0.735643
1276,0.09134,0.063898,0.410299,-0.637555,-0.253175,-0.727647,-0.00269,-0.943737,0.330645,-0.769629,0.213071,0.601913,-0.011991,0.005877,-0.010305,0.261366,0.416191,0.155135,-1.138344,-0.064524,0.06751,0.3826,0.782589,0.336899,0.523493,-0.534735,0.794206,0.288495,-0.319539,-0.506128,0.800995,0.038584,-0.01063,0.020311,-0.016029,-0.085734,0.013911,0.232901,0.057467,0.049796,0.007739,-0.725455,-0.362083,0.585329,0.545893,-0.820648,0.168927,0.419184,0.442076,0.793002,0.019183,-0.005049,0.010263,-0.060098,-0.046504,0.03987,0.138019,0.083456,0.053157,-0.036702,-0.663223,-0.149015,-0.733435,-0.149928,-0.933659,0.32527,-0.73325,0.325689,0.596883,-0.00589,0.003229,-0.005029,0.289602,0.462657,0.214299,-0.74691
1277,0.090955,0.064145,0.40983,-0.650121,-0.230228,-0.724143,-0.027984,-0.945103,0.325528,-0.758529,0.232178,0.608895,-0.011962,0.005988,-0.010259,-0.187777,0.400936,0.404623,-1.11518,-0.062998,0.067078,0.383518,0.781565,0.351031,0.515678,-0.54336,0.789,0.286658,-0.307214,-0.504684,0.806707,0.028971,-0.021665,0.029495,-0.017432,-0.10114,-0.058902,0.228871,0.058205,0.049593,0.008179,-0.725524,-0.375466,0.576749,0.554433,-0.815374,0.166639,0.407698,0.44067,0.799745,0.01883,-0.004005,0.010828,0.043344,-0.131693,-0.023667,0.132141,0.083268,0.053278,-0.036932,-0.672854,-0.1246,-0.729205,-0.17316,-0.931802,0.318996,-0.719223,0.340908,0.605391,-0.000714,0.001208,-0.006172,-3.728261,2.192378,3.5393,-0.74642
1278,0.090628,0.064261,0.409485,-0.67178,-0.186084,-0.717028,-0.075224,-0.945804,0.31586,-0.736112,0.266352,0.622272,-0.011836,0.006418,-0.01009,-0.951938,0.890133,1.163282,-1.116935,-0.061881,0.066484,0.38453,0.778846,0.368655,0.507428,-0.556556,0.779082,0.288462,-0.289951,-0.507544,0.811289,0.025712,-0.009246,0.021892,0.017236,-0.209688,-0.197231,0.219064,0.058778,0.04929,0.008697,-0.724352,-0.39198,0.567155,0.567749,-0.805841,0.168166,0.391119,0.443813,0.806259,0.008372,-0.011158,0.014978,-0.126381,-0.365406,-0.549295,0.122997,0.0831,0.053338,-0.037109,-0.68784,-0.077428,-0.721719,-0.219824,-0.925381,0.308782,-0.691774,0.371044,0.619494,-0.006392,-0.001589,-0.000316,-3.701216,2.212183,3.62305,-0.75883
1279,0.090362,0.06428,0.409287,-0.695419,-0.128907,-0.70698,-0.133611,-0.943443,0.303373,-0.705241,0.305587,0.639749,-0.0012,-0.003857,-0.001525,0.173389,0.53028,0.328036,-1.120975,-0.061316,0.065888,0.385494,0.776261,0.398185,0.488731,-0.575309,0.764241,0.291357,-0.258459,-0.507843,0.82168,0.013986,-0.011266,0.021653,0.11407,-0.27082,0.052121,0.211605,0.059069,0.048991,0.009189,-0.724591,-0.420783,0.545809,0.587191,-0.791545,0.169298,0.360795,0.443167,0.820627,0.006927,-0.005495,0.010886,0.087747,-0.230264,0.062919,0.109607,0.082962,0.053348,-0.037213,-0.702505,-0.016381,-0.711489,-0.278627,-0.9136,0.296143,-0.654868,0.406282,0.637245,-0.00068,-0.002226,-0.000873,0.024801,0.795879,0.621679,-0.767485
1280,0.090319,0.06431,0.409191,-0.707609,-0.09628,-0.700046,-0.164936,-0.940813,0.296036,-0.686239,0.325055,0.650724,-0.000702,-0.002256,-0.000893,0.05484,0.94717,0.488185,-1.124709,-0.061185,0.065651,0.385896,0.780267,0.404236,0.477251,-0.57328,0.767131,0.287739,-0.250769,-0.498621,0.829671,0.00026,-0.004396,0.011861,0.372923,-0.431181,-0.061926,0.208902,0.059134,0.048874,0.00939,-0.729996,-0.425534,0.534814,0.584666,-0.794059,0.166234,0.353936,0.434038,0.828456,7.8e-05,-0.002098,0.005973,0.413971,-0.453944,-0.083009,0.106014,0.08294,0.053361,-0.037261,-0.709043,0.016713,-0.704966,-0.308941,-0.906029,0.289248,-0.633887,0.422883,0.647578,0.000187,0.003921,-0.005074,-0.706802,1.355223,1.313273,-0.77467
1281,0.090318,0.064465,0.408995,-0.730496,-0.02542,-0.682477,-0.230809,-0.931325,0.28166,-0.641863,0.3633,0.675316,-0.0001,-0.000322,-0.000128,-0.748792,1.233757,1.274096,-1.124784,-0.061244,0.065206,0.386544,0.785526,0.411511,0.462168,-0.569529,0.772668,0.280275,-0.242743,-0.483901,0.840701,-0.01085,-0.008091,0.010723,0.179857,-0.26181,0.040422,0.204072,0.059104,0.048652,0.009714,-0.737053,-0.432069,0.51968,0.579995,-0.799109,0.158206,0.346925,0.418019,0.839584,-0.005422,-0.004084,0.005339,0.138342,-0.227321,0.060828,0.097687,0.082939,0.053439,-0.037359,-0.721434,0.089937,-0.686617,-0.371381,-0.887125,0.274013,-0.584472,0.452679,0.673404,0.000537,0.005052,-0.004616,-3.237102,2.624374,3.837541,-0.779731
1282,0.090426,0.064803,0.408697,-0.746233,0.056407,-0.663325,-0.30973,-0.911413,0.270859,-0.588361,0.4075,0.698428,0.00169,0.012179,-0.008438,0.029372,0.768685,0.463661,-1.12211,-0.06171,0.064949,0.38691,0.784982,0.430326,0.445663,-0.577652,0.768166,0.275993,-0.224553,-0.474631,0.850979,-0.013235,0.001905,0.001746,0.328868,-0.620263,0.04416,0.202821,0.058876,0.048525,0.009897,-0.738667,-0.448452,0.50325,0.587751,-0.79403,0.155128,0.330028,0.410374,0.850102,-0.005537,-0.003759,0.005514,0.049717,-1.265347,0.517028,0.094584,0.082993,0.053603,-0.037505,-0.724486,0.174265,-0.666896,-0.447568,-0.85474,0.262869,-0.524215,0.488927,0.697243,0.006382,0.004988,-0.004973,-0.649981,1.342802,1.261329,-0.783161
1283,0.090584,0.065035,0.408483,-0.749463,0.100061,-0.654476,-0.353246,-0.896494,0.267372,-0.559053,0.431447,0.708054,0.012395,0.008905,-0.010368,-3.42591,2.097475,3.920071,-1.12212,-0.061962,0.064933,0.38697,0.78831,0.43039,0.439684,-0.574652,0.770173,0.276663,-0.22054,-0.471306,0.853871,-0.012815,0.000819,0.001183,0.11566,-0.164559,0.091714,0.19726,0.058749,0.048518,0.009928,-0.742748,-0.449164,0.496563,0.58482,-0.796322,0.15445,0.326051,0.405118,0.854148,-0.00653,0.000721,0.00076,0.128336,-0.261014,0.291261,0.091971,0.083068,0.053724,-0.03761,-0.722209,0.214287,-0.657642,-0.483816,-0.835993,0.258915,-0.494303,0.505169,0.707438,0.001375,0.011143,-0.008851,0.066164,0.824916,0.295325,-0.782181
1284,0.090816,0.06562,0.40791,-0.752595,0.157517,-0.639401,-0.406795,-0.874757,0.26323,-0.516926,0.458011,0.723216,0.001991,0.019902,-0.018602,0.144435,0.33552,-0.203349,-1.113237,-0.06253,0.064922,0.387,0.789959,0.43064,0.436469,-0.572845,0.771978,0.275378,-0.219338,-0.468111,0.855936,-0.012385,-0.000281,0.000612,-0.001817,0.015019,-0.029362,0.174907,0.058465,0.048513,0.009943,-0.744824,-0.448909,0.493677,0.582741,-0.79802,0.153543,0.325038,0.402049,0.855982,-0.006306,0.000157,0.000467,-0.0091,0.021509,-0.024927,0.070744,0.08319,0.054016,-0.037892,-0.715315,0.276402,-0.641814,-0.53852,-0.803346,0.254226,-0.44533,0.527481,0.723494,0.006395,0.008458,-0.010217,0.070919,0.337672,-0.101862,-0.779895
1285,0.090941,0.066319,0.407261,-0.743918,0.220534,-0.630869,-0.471382,-0.842308,0.26132,-0.472835,0.491503,0.731354,0.002222,0.020636,-0.018278,-3.486347,1.584961,4.02946,-1.099427,-0.063035,0.064966,0.387074,0.791811,0.431285,0.432458,-0.572069,0.771514,0.278277,-0.214616,-0.468284,0.857038,-0.010609,-0.00865,0.010422,-0.136265,-0.194187,0.087179,0.164358,0.058218,0.048534,0.009974,-0.746809,-0.449113,0.490481,0.58234,-0.797805,0.156158,0.321177,0.402248,0.857345,-0.001,0.002661,0.001375,-1.122866,-2.190059,1.300838,0.052292,0.083251,0.054363,-0.038218,-0.699082,0.332936,-0.6328,-0.592699,-0.764866,0.252362,-0.399987,0.551482,0.732036,0.000565,0.005163,-0.004571,-0.280583,0.217207,0.215161,-0.775323
1286,0.091055,0.066681,0.406913,-0.736328,0.24592,-0.630388,-0.499552,-0.825947,0.261212,-0.455519,0.50694,0.731807,0.00223,0.020661,-0.018251,-0.252978,0.096391,0.40512,-1.09204,-0.063159,0.064992,0.387105,0.789818,0.438001,0.42934,-0.576738,0.76835,0.277391,-0.209369,-0.467259,0.858893,-0.001129,0.003009,0.001543,0.134735,-0.112868,-0.07375,0.158374,0.058146,0.048548,0.009996,-0.745728,-0.455487,0.486229,0.586848,-0.794586,0.155698,0.315432,0.401451,0.859847,-0.000656,0.001746,0.000902,0.19653,-0.158597,-0.113554,0.045434,0.083308,0.054543,-0.038391,-0.685887,0.360422,-0.632181,-0.622172,-0.741025,0.252551,-0.377437,0.566547,0.732505,0.006555,0.00899,-0.009976,-1.01735,0.384791,1.309101,-0.779078
1287,0.091146,0.067331,0.406238,-0.723245,0.29181,-0.625946,-0.54952,-0.792131,0.265572,-0.417441,0.535677,0.734044,0.001783,0.019205,-0.018794,0.040514,-0.025961,0.06376,-1.074374,-0.06337,0.065032,0.387137,0.79211,0.438273,0.424817,-0.575365,0.768247,0.280511,-0.204409,-0.467174,0.860133,-0.000625,0.001671,0.000856,2.9e-05,-2.4e-05,-1.5e-05,0.147569,0.05804,0.048568,0.010012,-0.748484,-0.455589,0.48188,0.585876,-0.794716,0.158661,0.310674,0.401078,0.861752,-0.00035,0.000931,0.000482,-0.000822,0.00367,0.000467,0.030411,0.083354,0.05487,-0.038729,-0.665789,0.403904,-0.627364,-0.666636,-0.699671,0.25701,-0.335142,0.589339,0.73509,0.000283,0.004241,-0.004926,-0.050798,0.01377,0.1247,-0.784793
1288,0.091221,0.068,0.405492,-0.713111,0.330408,-0.618344,-0.587646,-0.762691,0.270084,-0.381486,0.555553,0.738821,0.011902,0.014175,-0.021386,-3.279301,1.546606,4.195971,-1.056908,-0.063544,0.064967,0.387137,0.791423,0.440254,0.424048,-0.576299,0.768446,0.278036,-0.204437,-0.464979,0.861315,-0.011119,-0.003598,-0.001094,-0.001919,0.015102,-0.02931,0.136749,0.057953,0.048535,0.010012,-0.74793,-0.457522,0.480909,0.586512,-0.794763,0.156056,0.31081,0.398778,0.862769,-0.005532,-0.001873,-0.000582,-0.005741,0.018328,-0.027234,0.015388,0.083393,0.055214,-0.039108,-0.650693,0.439211,-0.619428,-0.698503,-0.666146,0.261421,-0.297811,0.602777,0.740247,0.005925,0.006932,-0.010743,-3.270489,1.540539,4.196838,-0.779568
1289,0.09129,0.068466,0.404804,-0.70226,0.35712,-0.615906,-0.613319,-0.74276,0.26855,-0.360698,0.565891,0.741412,0.010195,0.001953,-0.013036,0.032263,-0.007591,0.033957,-1.051313,-0.063549,0.06489,0.387152,0.791887,0.442364,0.420974,-0.57655,0.76856,0.2772,-0.201906,-0.462783,0.863092,0.000153,-0.000411,-0.00021,0.001439,-0.001183,-0.000743,0.123937,0.057951,0.048495,0.010019,-0.7488,-0.459452,0.477704,0.586656,-0.794843,0.155106,0.308436,0.396391,0.864719,0.000118,-0.000317,-0.000162,-0.010541,0.010442,0.004169,0.001672,0.083424,0.055447,-0.039447,-0.63507,0.465228,-0.616642,-0.721982,-0.64132,0.259712,-0.274639,0.61014,0.74317,0.000358,0.007829,-0.010072,0.031691,-0.041663,0.056918,-0.783324
1290,0.091298,0.068659,0.404494,-0.692429,0.385565,-0.609858,-0.638211,-0.72156,0.268347,-0.335728,0.574547,0.746465,0.000524,0.015104,-0.020348,-0.196778,0.52381,0.361507,-1.051001,-0.063536,0.064877,0.387156,0.791598,0.444023,0.41977,-0.577007,0.769036,0.27492,-0.201733,-0.460397,0.864408,2.8e-05,-7.4e-05,-3.8e-05,0.026839,-0.022066,-0.013866,0.116187,0.057958,0.048488,0.01002,-0.748685,-0.46111,0.476284,0.586832,-0.795199,0.152594,0.308378,0.393744,0.865948,1.4e-05,-3.9e-05,-2e-05,0.010734,-0.00976,-0.008071,-0.007472,0.083431,0.055534,-0.039595,-0.62151,0.489617,-0.611554,-0.742243,-0.617736,0.259761,-0.250595,0.615366,0.747345,-0.00027,0.002354,-0.005645,-4.442155,3.693897,2.734976,-0.7861
1291,0.091227,0.068976,0.403932,-0.668746,0.439147,-0.599979,-0.685445,-0.676761,0.268574,-0.287273,0.590311,0.754344,-0.012225,0.004897,-0.010601,0.057357,0.111062,0.03385,-1.032139,-0.063497,0.064789,0.387247,0.791237,0.444373,0.42008,-0.577525,0.768618,0.274998,-0.201664,-0.460757,0.864232,0.002223,-0.009616,0.009177,-0.034745,0.00021,-0.023736,0.105828,0.057977,0.048446,0.010062,-0.748309,-0.461307,0.476685,0.587347,-0.794759,0.152908,0.308313,0.394402,0.865673,-0.000195,0.000517,0.000265,-0.000992,0.000913,0.000703,-0.025271,0.083401,0.055702,-0.039883,-0.589391,0.541215,-0.599752,-0.783109,-0.565084,0.25965,-0.198384,0.622707,0.756886,-7.9e-05,0.006418,-0.010616,0.002336,0.081948,0.145658,-0.787243
1292,0.09113,0.06937,0.403254,-0.641835,0.483407,-0.595324,-0.723949,-0.637993,0.262365,-0.252191,0.598775,0.760194,-0.001238,0.002705,-0.012097,0.085117,0.225312,-0.088019,-1.031595,-0.063463,0.06459,0.387452,0.790423,0.446591,0.419261,-0.578799,0.768366,0.273019,-0.201202,-0.459033,0.865257,-0.00012,0.000322,0.000165,0.001221,-0.001008,-0.000631,0.103306,0.057989,0.048347,0.010165,-0.747627,-0.463552,0.475574,0.588408,-0.794396,0.150693,0.307941,0.392494,0.866671,0.001169,-0.00497,0.004507,-0.045606,0.008654,-0.019157,-0.033599,0.083348,0.055897,-0.040223,-0.555902,0.580456,-0.595014,-0.815196,-0.520676,0.253674,-0.162563,0.626072,0.762631,5e-05,0.006828,-0.010444,0.081105,0.164557,0.19194,-0.789039
1293,0.091126,0.069597,0.402871,-0.634988,0.494433,-0.593608,-0.733965,-0.625868,0.263736,-0.240337,0.60254,0.761059,-4.5e-05,0.01324,-0.021043,-0.019651,0.016298,0.119669,-1.032963,-0.06342,0.064478,0.387574,0.791343,0.448396,0.415582,-0.578592,0.76864,0.272687,-0.198147,-0.456809,0.867137,0.002081,-0.009238,0.009378,-0.026136,-0.006914,-0.028189,0.103452,0.058016,0.048291,0.010225,-0.749027,-0.465143,0.471804,0.58814,-0.794677,0.150262,0.305038,0.390037,0.868804,0.000976,-0.004453,0.004774,-0.048561,0.013545,-0.019414,-0.035069,0.083345,0.056005,-0.040411,-0.547595,0.590306,-0.593024,-0.82315,-0.507271,0.255146,-0.15021,0.627865,0.763689,4.1e-05,0.006793,-0.010451,-0.236596,0.07715,0.405493,-0.790509
1294,0.091143,0.070087,0.402089,-0.597259,0.555456,-0.578615,-0.782738,-0.561064,0.269259,-0.174342,0.613028,0.770603,0.001762,0.025726,-0.029162,-0.825716,0.713838,1.516544,-1.045733,-0.063351,0.064215,0.38783,0.790128,0.455178,0.410489,-0.580708,0.769997,0.264229,-0.196788,-0.447725,0.87217,-0.000261,0.000698,0.000357,0.327111,-0.270295,-0.168559,0.10358,0.058051,0.048157,0.010357,-0.748592,-0.470896,0.46676,0.589181,-0.795324,0.142559,0.304096,0.381725,0.872817,-0.00014,0.000363,0.000184,0.43139,-0.35184,-0.212359,-0.036048,0.083351,0.056242,-0.040801,-0.502394,0.643444,-0.577562,-0.860497,-0.437374,0.261241,-0.084517,0.628237,0.773417,0.000201,0.00724,-0.010264,-3.331589,2.084487,4.652535,-0.795571
1295,0.091202,0.070945,0.401111,-0.553729,0.620609,-0.555225,-0.82562,-0.496011,0.268878,-0.107847,0.606517,0.787739,0.001893,0.026114,-0.028937,-1.399251,2.23222,-1.207514,-1.045897,-0.063344,0.063941,0.388095,0.789598,0.4572,0.409261,-0.581701,0.769807,0.262593,-0.195977,-0.445989,0.873241,0.002102,-0.009299,0.009359,0.186771,-0.183139,-0.137735,0.103421,0.058054,0.04802,0.01049,-0.748232,-0.472966,0.465243,0.590019,-0.795041,0.140665,0.303358,0.379752,0.873934,0.001037,-0.004627,0.004689,0.264732,-0.24416,-0.170227,-0.036702,0.083383,0.056683,-0.0413,-0.447552,0.70234,-0.553547,-0.894041,-0.365029,0.259698,-0.019664,0.611122,0.791291,0.000991,0.013129,-0.014447,-1.429426,2.189047,-1.212483,-0.797693
1296,0.091345,0.071849,0.400032,-0.501417,0.683839,-0.530085,-0.864211,-0.425466,0.268497,-0.041307,0.591882,0.804982,0.002071,0.026658,-0.028641,-4.163114,3.61561,2.748272,-1.047523,-0.063362,0.063717,0.388355,0.788864,0.459359,0.408257,-0.582909,0.769504,0.260797,-0.195338,-0.444292,0.874249,0.001987,-0.008993,0.009521,-0.024587,-0.008263,-0.028985,0.103498,0.058045,0.047908,0.01062,-0.747621,-0.475619,0.463517,0.591093,-0.794724,0.137917,0.302773,0.377092,0.875287,0.000987,-0.004489,0.004766,-0.050417,0.012033,-0.018111,-0.036702,0.083453,0.057124,-0.041829,-0.389292,0.753965,-0.529138,-0.920292,-0.294104,0.258001,0.038902,0.5874,0.80836,0.006332,0.011598,-0.015323,0.138405,0.358751,-0.054135,-0.805695
1297,0.091517,0.072405,0.399412,-0.46149,0.722852,-0.514352,-0.887161,-0.374914,0.268992,0.002171,0.57955,0.814951,0.013226,0.025125,-0.029824,-2.768011,2.103045,4.830451,-1.043286,-0.06337,0.063614,0.388495,0.788417,0.461195,0.40705,-0.583661,0.76961,0.258794,-0.194897,-0.4422,0.875407,0.001642,-0.00807,0.009995,0.125273,-0.132651,-0.105992,0.103616,0.058041,0.047858,0.010685,-0.747406,-0.476931,0.462515,0.591526,-0.794653,0.13646,0.302458,0.375581,0.876046,-0.000497,0.00132,0.000676,0.243521,-0.211696,-0.093638,-0.036702,0.083539,0.057411,-0.04215,-0.34274,0.788318,-0.510962,-0.935611,-0.237449,0.261244,0.084616,0.567601,0.818943,0.006652,0.012652,-0.014909,-2.763264,2.089122,4.835236,-0.806674
1298,0.091987,0.073869,0.397971,-0.414057,0.768808,-0.487377,-0.90852,-0.315851,0.273499,0.056839,0.555078,0.82987,0.015336,0.038662,-0.037315,0.071623,0.510417,-0.452502,-1.010704,-0.063384,0.063409,0.388743,0.787806,0.463238,0.405912,-0.584705,0.769411,0.257023,-0.194232,-0.440409,0.876457,-0.000713,0.001911,0.000976,0.011898,-0.009891,-0.006108,0.103558,0.058034,0.047753,0.010813,-0.746926,-0.479343,0.460792,0.592447,-0.794392,0.13396,0.301838,0.373053,0.877339,-0.004771,-0.005789,0.004475,-0.050096,0.025185,-0.048798,-0.036538,0.083768,0.058126,-0.042857,-0.286731,0.826948,-0.483674,-0.94835,-0.17349,0.265579,0.135708,0.534842,0.833982,0.007697,0.019332,-0.018656,-0.34405,0.868213,-0.543115,-0.792142
1299,0.09288,0.0755,0.396298,-0.3781,0.797144,-0.470794,-0.920864,-0.271467,0.279798,0.095698,0.538337,0.837295,0.027161,0.046332,-0.047676,-0.618028,0.627062,1.001577,-1.003935,-0.063517,0.063232,0.38897,0.787311,0.463786,0.406246,-0.585482,0.768701,0.257378,-0.193893,-0.441073,0.876198,-0.009668,-0.011222,0.00914,-0.036758,0.015326,-0.053031,0.103034,0.057972,0.047668,0.010923,-0.746441,-0.479731,0.461175,0.593232,-0.793708,0.134541,0.301495,0.374012,0.877048,-0.000592,0.001581,0.000809,0.001228,-0.012815,0.025949,-0.037028,0.084211,0.058943,-0.043688,-0.24862,0.848709,-0.466776,-0.953377,-0.12932,0.272666,0.17105,0.512804,0.841292,0.012926,0.017682,-0.019568,-2.470824,1.615293,4.391258,-0.797857
1300,0.093482,0.076431,0.395338,-0.377696,0.801685,-0.463351,-0.919815,-0.267323,0.287143,0.106798,0.533652,0.83895,0.028311,0.056923,-0.056274,-1.276704,1.884675,-1.682127,-0.992828,-0.063597,0.063164,0.389068,0.786741,0.465676,0.405186,-0.58633,0.768783,0.255194,-0.193642,-0.438934,0.877327,-0.012304,-0.000469,0.000503,0.022495,-0.017141,-0.015459,0.10304,0.057933,0.04763,0.010975,-0.746016,-0.481727,0.459781,0.593856,-0.793667,0.132007,0.301322,0.371523,0.878165,0.000882,-0.004213,0.004913,-0.034163,-0.001585,-0.026714,-0.037028,0.084511,0.059406,-0.044164,-0.245246,0.852549,-0.461531,-0.952521,-0.123298,0.278388,0.180433,0.507892,0.84231,0.019188,0.022623,-0.024303,0.154223,0.006841,-0.211597,-0.803735
