frame,MLTx,MLTy,MLTz,MLTR1,MLTR2,MLTR3,MLTR4,MLTR5,MLTR6,MLTR7,MLTR8,MLTR9,MLTTVx,MLTTVy,MLTTVz,MLTRVx,MLTRVy,MLTRVz,MLGA,MRTx,MRTy,MRTz,MRTR1,MRTR2,MRTR3,MRTR4,MRTR5,MRTR6,MRTR7,MRTR8,MRTR9,MRTTVx,MRTTVy,MRTTVz,MRTRVx,MRTRVy,MRTRVz,MRGA,SLTx,SLTy,SLTz,SLTR1,SLTR2,SLTR3,SLTR4,SLTR5,SLTR6,SLTR7,SLTR8,SLTR9,SLTTVx,SLTTVy,SLTTVz,SLTRVx,SLTRVy,SLTRVz,SLGA,SRTx,SRTy,SRTz,SRTR1,SRTR2,SRTR3,SRTR4,SRTR5,SRTR6,SRTR7,SRTR8,SRTR9,SRTTVx,SRTTVy,SRTTVz,SRTRVx,SRTRVy,SRTRVz,SRGA
370,0.122842,-0.033438,0.424501,-0.323118,0.860833,-0.3932,-0.853462,-0.444522,-0.271981,-0.408522,0.246626,0.878813,0.000724,0.003726,0.002413,0.0,0.0,-0.0,-0.888949,-0.076787,-0.011562,0.411159,0.384189,0.801296,0.458601,-0.845491,0.504903,-0.173644,-0.371148,-0.322044,0.870862,-0.010536,-0.008714,-0.020638,-0.062795,0.358948,0.07945,-0.653652,0.056562,0.036289,-0.006129,-0.256295,-0.862593,0.436169,0.900374,-0.377198,-0.216904,0.351622,0.337124,0.873331,-0.004263,-0.009513,-0.005579,-0.133713,0.615903,0.10164,-0.803677,0.071105,0.019311,-0.058317,-0.4796,0.800251,-0.359972,-0.757945,-0.584511,-0.289593,-0.442155,0.13395,0.886879,0.000355,0.001836,0.001187,-7.2e-05,-4.5e-05,0.000124,-0.869868
371,0.122936,-0.033317,0.424664,-0.322741,0.860976,-0.393198,-0.853654,-0.444149,-0.271989,-0.408421,0.246799,0.878811,0.000865,0.004457,0.002882,0.0,0.0,0.0,-0.8905,-0.077145,-0.012113,0.410519,0.374453,0.80152,0.466199,-0.843607,0.503182,-0.187268,-0.385129,-0.32418,0.863972,-0.008583,-0.019066,-0.011244,2.166962,1.579993,-0.934392,-0.685332,0.056383,0.036015,-0.006454,-0.24784,-0.861963,0.442259,0.898432,-0.375295,-0.227973,0.362482,0.340839,0.867429,-0.005156,-0.004792,-0.010633,-0.20739,0.75636,0.041768,-0.819353,0.071153,0.019376,-0.058232,-0.479233,0.800475,-0.359964,-0.758216,-0.58416,-0.289595,-0.442091,0.134146,0.886882,0.000448,0.002317,0.001497,-2.7e-05,-2.8e-05,9.3e-05,-0.874603
372,0.123006,-0.033242,0.424749,-0.327903,0.860231,-0.390549,-0.851158,-0.448315,-0.272975,-0.40951,0.241837,0.879684,0.001019,0.005258,0.003397,0.011361,0.032503,0.039515,-0.891511,-0.077326,-0.012451,0.4102,0.372337,0.802274,0.466596,-0.844324,0.501559,-0.188387,-0.385608,-0.32483,0.863514,-0.008134,-0.020774,-0.01241,-0.005368,0.039461,-0.08169,-0.687034,0.056295,0.035856,-0.006607,-0.24425,-0.861464,0.445219,0.898311,-0.373922,-0.230691,0.365209,0.343599,0.865193,-0.004936,-0.005623,-0.011192,0.033913,0.017286,-0.066029,-0.826865,0.071187,0.01941,-0.058193,-0.48421,0.798782,-0.357052,-0.755016,-0.587679,-0.290831,-0.442143,0.128757,0.887654,0.00051,0.002637,0.001706,0.010143,0.021783,0.029535,-0.875256
373,0.123222,-0.03311,0.424965,-0.332569,0.859632,-0.387912,-0.848887,-0.451988,-0.273988,-0.410454,0.237101,0.880532,0.001274,0.006599,0.004254,0.069172,0.28011,0.114506,-0.893435,-0.077704,-0.013165,0.409442,0.368323,0.803654,0.467407,-0.845569,0.498582,-0.190689,-0.386728,-0.326007,0.862568,-0.008809,-0.015352,-0.025224,0.030981,0.035036,-0.059689,-0.684639,0.056102,0.035492,-0.006985,-0.239994,-0.862434,0.445656,0.899094,-0.370595,-0.232996,0.366102,0.344769,0.86435,-0.00427,-0.008122,-0.0129,0.031153,0.034449,-0.059682,-0.830294,0.071295,0.019476,-0.058084,-0.488406,0.796815,-0.355731,-0.752038,-0.591125,-0.291561,-0.442602,0.125124,0.887945,0.007334,-0.002155,0.006679,0.07164,0.469713,0.166345,-0.876399
374,0.123526,-0.032979,0.425242,-0.331916,0.861067,-0.385281,-0.849413,-0.450398,-0.274975,-0.409897,0.23492,0.881376,0.014894,-0.003057,0.014158,-0.023755,0.029241,0.050607,-0.894749,-0.078153,-0.013898,0.408502,0.365932,0.802908,0.470557,-0.845931,0.497758,-0.191232,-0.388201,-0.329096,0.860731,-0.021656,-0.019636,-0.026827,0.002782,0.135305,-0.087953,-0.685177,0.055883,0.035124,-0.007456,-0.237698,-0.861363,0.448946,0.899306,-0.369821,-0.233408,0.367079,0.34826,0.862535,-0.004392,-0.007792,-0.012736,0.005684,0.109225,-0.032958,-0.835356,0.071448,0.019544,-0.057944,-0.488281,0.798674,-0.35171,-0.752932,-0.58931,-0.292924,-0.441217,0.121784,0.889097,0.007453,-0.001484,0.007103,-0.030698,-0.004882,0.036948,-0.877869
375,0.123862,-0.03285,0.425528,-0.336287,0.860542,-0.382653,-0.8473,-0.453761,-0.275962,-0.410699,0.230346,0.882209,0.001329,0.006951,0.004457,0.058416,0.237004,0.101313,-0.896721,-0.078693,-0.014453,0.407438,0.361571,0.800977,0.477172,-0.845625,0.497301,-0.193762,-0.392927,-0.334462,0.856508,-0.010852,-0.005188,-0.034991,-0.085867,0.49071,0.134745,-0.687136,0.05561,0.034836,-0.007988,-0.233424,-0.860192,0.453411,0.898811,-0.368788,-0.236925,0.371014,0.352227,0.859234,-0.011118,-0.00887,-0.012819,-0.142107,0.561601,0.101534,-0.834539,0.07161,0.019607,-0.057802,-0.492222,0.796809,-0.350445,-0.750147,-0.592522,-0.293592,-0.441583,0.118373,0.889377,0.000729,0.003822,0.002445,0.107313,0.464637,0.182958,-0.878685
376,0.124038,-0.032805,0.425665,-0.335735,0.860748,-0.382674,-0.847573,-0.453234,-0.275988,-0.410588,0.230612,0.882192,0.001255,0.006582,0.004215,0.002536,-0.004393,0.028725,-0.898018,-0.079,-0.014668,0.406913,0.359866,0.799999,0.480093,-0.8458,0.496959,-0.193875,-0.394114,-0.337305,0.854846,-0.009815,-0.012236,-0.023371,-0.146531,0.571127,0.141805,-0.688381,0.055457,0.034729,-0.008257,-0.231803,-0.859271,0.455982,0.898907,-0.368372,-0.237206,0.371795,0.354901,0.857795,-0.011516,-0.007485,-0.011895,0.034901,0.030083,-0.098051,-0.83307,0.071704,0.019632,-0.057732,-0.491974,0.797478,-0.349269,-0.750569,-0.591791,-0.293986,-0.441142,0.117517,0.889709,0.007336,0.002165,0.001279,-0.002231,-0.030944,0.022902,-0.879829
377,0.124379,-0.032745,0.425991,-0.339958,0.859081,-0.382693,-0.845419,-0.457352,-0.275804,-0.411548,0.228702,0.882241,0.001055,0.00556,0.003553,0.0,1e-06,0.0,-0.898566,-0.079667,-0.014985,0.405913,0.357257,0.800636,0.480978,-0.845993,0.495633,-0.196412,-0.396068,-0.337747,0.853768,-0.010795,-0.008798,-0.021086,0.030922,0.035129,-0.059684,-0.692125,0.055125,0.034568,-0.008759,-0.229009,-0.858377,0.459066,0.898928,-0.367427,-0.238588,0.373472,0.358029,0.855764,-0.012924,-0.000842,-0.015626,0.066176,0.035387,-0.040254,-0.839112,0.071875,0.019664,-0.057568,-0.495772,0.794999,-0.349551,-0.747674,-0.595486,-0.293902,-0.441805,0.115642,0.889625,0.007328,-0.002043,0.006731,-0.033692,-0.012556,0.038457,-0.880808
378,0.124677,-0.03274,0.426271,-0.339325,0.859326,-0.382704,-0.845875,-0.456666,-0.275541,-0.411133,0.22915,0.882319,0.000702,0.00372,0.002373,0.0,0.0,0.0,-0.899431,-0.08041,-0.015049,0.405012,0.35553,0.799451,0.484219,-0.845692,0.495773,-0.197354,-0.39826,-0.340345,0.851714,-0.025708,-0.00555,-0.017454,0.029783,0.040445,-0.061886,-0.693148,0.054759,0.034531,-0.009213,-0.227359,-0.857077,0.462304,0.898617,-0.367577,-0.239524,0.375223,0.360977,0.853757,-0.007164,0.003735,-0.013211,0.068436,0.019568,-0.011347,-0.843847,0.072024,0.01967,-0.057426,-0.495181,0.795364,-0.349556,-0.748259,-0.594894,-0.293612,-0.441478,0.116167,0.889719,0.000333,0.00179,0.001135,-0.000117,-0.000125,0.000303,-0.881625
379,0.1248,-0.032754,0.426382,-0.339043,0.859435,-0.382708,-0.846076,-0.456361,-0.27543,-0.410954,0.229346,0.882352,0.000631,0.003349,0.002134,0.001559,-0.008576,0.027469,-0.899849,-0.08085,-0.014998,0.404586,0.354428,0.798187,0.487104,-0.845548,0.496027,-0.197332,-0.399545,-0.342938,0.85007,-0.026428,-0.002883,-0.015627,-0.024441,0.19993,0.029795,-0.691957,0.054551,0.034553,-0.009417,-0.226407,-0.856034,0.464699,0.898497,-0.367758,-0.239698,0.376086,0.363261,0.852407,-0.006591,4.1e-05,-0.007498,-0.06531,0.328347,0.086753,-0.845153,0.072085,0.01966,-0.057372,-0.494938,0.795516,-0.349556,-0.748506,-0.594648,-0.293482,-0.441333,0.11639,0.889762,0.006942,-0.004048,0.005448,-0.035001,-0.003497,0.010973,-0.881462
380,0.124973,-0.032801,0.42652,-0.344234,0.858554,-0.380043,-0.843647,-0.460422,-0.276122,-0.411625,0.2245,0.883284,0.013697,-0.000713,-0.000667,0.007769,0.015019,0.03843,-0.901415,-0.081804,-0.014852,0.403771,0.352585,0.796979,0.490407,-0.845208,0.496167,-0.198432,-0.401889,-0.345539,0.84791,-0.02832,0.007297,-0.025143,0.047162,0.094318,-0.017619,-0.690897,0.054062,0.034629,-0.009827,-0.224583,-0.854315,0.468729,0.898169,-0.368051,-0.240477,0.37796,0.366991,0.849978,-0.014277,0.004143,-0.012213,0.052956,0.067242,0.001162,-0.84597,0.072167,0.01964,-0.057301,-0.499909,0.793696,-0.346606,-0.745403,-0.598068,-0.294428,-0.440981,0.111174,0.890603,9e-05,0.000493,0.000313,0.001416,0.003261,-0.002259,-0.881788
381,0.125058,-0.032855,0.426607,-0.344142,0.858594,-0.380036,-0.843787,-0.460279,-0.27593,-0.411414,0.22464,0.883347,1.5e-05,8.2e-05,5.2e-05,1e-06,6e-06,2e-06,-0.902049,-0.082899,-0.014638,0.402967,0.352018,0.795657,0.492956,-0.845462,0.496283,-0.197053,-0.40185,-0.348414,0.846751,-0.027247,0.000203,-0.013517,0.02972,0.033426,-0.033719,-0.691457,0.053514,0.034739,-0.010234,-0.224126,-0.853072,0.471205,0.89849,-0.368145,-0.23913,0.377468,0.369778,0.848988,-0.014397,0.004612,-0.01189,0.067968,0.095266,-0.234335,-0.851358,0.072215,0.019611,-0.057259,-0.499763,0.793655,-0.346912,-0.745542,-0.598037,-0.294139,-0.440912,0.111638,0.89058,-7e-06,-2.6e-05,-2e-05,-0.000349,-0.001218,-0.000159,-0.882931
382,0.125095,-0.032908,0.426633,-0.344167,0.858586,-0.380033,-0.843834,-0.460269,-0.275803,-0.411297,0.224692,0.883388,-4e-06,-2.2e-05,-1.4e-05,0.0,0.0,0.0,-0.902437,-0.084033,-0.014426,0.402313,0.35076,0.794612,0.49553,-0.8461,0.495709,-0.195755,-0.401605,-0.351609,0.845546,-0.04094,-0.000849,-0.012821,0.027935,0.04801,-0.06324,-0.691521,0.052953,0.034846,-0.010561,-0.222949,-0.851959,0.473771,0.899067,-0.367554,-0.237868,0.376791,0.37292,0.847914,-0.01466,0.005665,-0.011166,0.071503,0.014903,-0.019024,-0.853644,0.072233,0.019583,-0.057247,-0.499775,0.793643,-0.34692,-0.745594,-0.598035,-0.294008,-0.440809,0.111723,0.89062,-6e-06,-2.6e-05,-1.7e-05,-9.5e-05,-8.8e-05,0.000192,-0.883584
383,0.125095,-0.032914,0.426641,-0.344182,0.858581,-0.380029,-0.843841,-0.460275,-0.275773,-0.411271,0.224697,0.883399,-0.0,-0.0,-0.0,0.0,0.0,0.0,-0.902736,-0.084626,-0.014378,0.402048,0.349239,0.794987,0.496003,-0.846323,0.49484,-0.196989,-0.40246,-0.351987,0.844982,-0.027595,0.001613,-0.012554,0.023837,0.100056,-0.221089,-0.691412,0.052651,0.034872,-0.010692,-0.22149,-0.852188,0.474043,0.899096,-0.366683,-0.239098,0.37758,0.373253,0.847416,-0.01377,0.000727,-0.006313,0.030893,0.037269,-0.063286,-0.857237,0.072233,0.019579,-0.057243,-0.499787,0.793638,-0.346916,-0.745601,-0.598041,-0.29398,-0.440784,0.111734,0.890631,-0.0,-6e-06,-5e-06,-7.1e-05,-6.3e-05,0.000165,-0.883911
384,0.12509,-0.032917,0.426701,-0.344202,0.858582,-0.380008,-0.843891,-0.460255,-0.275654,-0.411152,0.224733,0.883445,0.000177,0.000946,0.000602,0.0,0.0,0.0,-0.903702,-0.085732,-0.014418,0.401581,0.347625,0.795266,0.49669,-0.846387,0.494111,-0.198534,-0.40372,-0.352381,0.844216,-0.027063,-0.000494,-0.014017,0.02992,0.039924,-0.062144,-0.690786,0.052106,0.03486,-0.010921,-0.219756,-0.852298,0.474651,0.899026,-0.365831,-0.240662,0.378758,0.373837,0.846633,-0.006942,0.001323,-0.006617,0.040219,-0.05593,0.179962,-0.857727,0.07223,0.019576,-0.057214,-0.499802,0.793637,-0.346895,-0.745657,-0.59803,-0.293859,-0.440672,0.111793,0.890678,0.000137,0.000728,0.000464,-5.9e-05,-4.1e-05,0.000109,-0.884237
385,0.125056,-0.032914,0.426776,-0.344288,0.858564,-0.379972,-0.843931,-0.46028,-0.275487,-0.410996,0.224752,0.883513,0.000268,0.001431,0.000911,0.0,0.0,0.0,-0.90475,-0.086622,-0.014437,0.401081,0.347405,0.793943,0.498954,-0.846946,0.49407,-0.196241,-0.402734,-0.355415,0.843415,-0.026893,-0.001201,-0.014513,0.024463,0.057295,-0.055332,-0.691084,0.051651,0.034847,-0.011172,-0.219626,-0.850885,0.477239,0.899667,-0.36584,-0.23824,0.377308,0.377033,0.845862,-0.006912,0.001193,-0.006711,0.03818,0.006055,-0.012617,-0.85544,0.072213,0.019577,-0.057177,-0.499879,0.793604,-0.346859,-0.745694,-0.598065,-0.293694,-0.440522,0.11184,0.890747,0.000172,0.00092,0.000585,-2.2e-05,-3.5e-05,7.5e-05,-0.884727
386,0.12507,-0.032894,0.426887,-0.344792,0.859554,-0.377266,-0.844026,-0.459707,-0.276153,-0.410379,0.222135,0.884461,0.00054,0.00288,0.001832,0.067617,0.280853,0.113583,-0.904929,-0.087426,-0.014458,0.400508,0.345075,0.791448,0.504505,-0.847005,0.494187,-0.195692,-0.404608,-0.36079,0.84023,-0.014921,0.009568,-0.025021,0.052446,0.07076,0.008766,-0.692389,0.05125,0.034833,-0.011449,-0.217459,-0.848244,0.482899,0.899775,-0.36596,-0.237648,0.378306,0.382822,0.842811,-0.013395,-0.0008,-0.007385,0.021187,0.058542,-0.025855,-0.855277,0.072219,0.019585,-0.057123,-0.500301,0.794094,-0.345127,-0.745863,-0.597697,-0.294014,-0.439756,0.110322,0.891314,0.000161,0.000863,0.000549,0.104876,0.475434,0.154474,-0.884891
387,0.125076,-0.032877,0.426934,-0.349684,0.85758,-0.377255,-0.841388,-0.464508,-0.27617,-0.411649,0.219776,0.88446,0.00032,0.001709,0.001086,0.000966,0.004231,0.001256,-0.905354,-0.087741,-0.014434,0.40021,0.343959,0.78863,0.509654,-0.846899,0.494981,-0.194137,-0.405778,-0.365846,0.837474,-0.013323,0.000254,-0.014939,-0.144871,0.593762,0.191903,-0.69288,0.051082,0.034847,-0.011613,-0.216575,-0.846657,0.486072,0.899738,-0.366336,-0.237207,0.378899,0.385965,0.84111,-0.006647,9.4e-05,-0.007483,-0.132916,0.552171,0.173368,-0.856583,0.072223,0.019598,-0.057096,-0.505027,0.791587,-0.344001,-0.742421,-0.601683,-0.294598,-0.44018,0.106614,0.891557,0.000161,0.000867,0.000552,-0.003575,-0.015475,-0.006636,-0.885217
388,0.125149,-0.032773,0.427012,-0.349402,0.857689,-0.37727,-0.841492,-0.464262,-0.276266,-0.411676,0.219872,0.884424,0.000708,0.003778,0.002399,0.001562,-0.008537,0.027481,-0.905846,-0.088222,-0.014231,0.39947,0.342737,0.785651,0.515049,-0.846296,0.496235,-0.193565,-0.408066,-0.370534,0.834296,-0.014937,0.009617,-0.024989,0.038765,0.115111,0.026526,-0.692401,0.050841,0.034948,-0.011984,-0.215547,-0.842533,0.493637,0.899401,-0.368163,-0.235651,0.380283,0.393184,0.837132,-0.007455,0.0048,-0.012487,0.049292,0.078389,0.010001,-0.854951,0.072259,0.019646,-0.05706,-0.504757,0.791675,-0.344194,-0.742545,-0.601521,-0.294614,-0.440279,0.106871,0.891477,0.000262,0.001404,0.000889,-0.000196,-0.00053,2.3e-05,-0.885707
389,0.125265,-0.032645,0.427079,-0.349403,0.858847,-0.374625,-0.841656,-0.463322,-0.277341,-0.411339,0.21733,0.885208,0.000671,0.003588,0.002276,0.00133,0.005857,0.001742,-0.906507,-0.088376,-0.013978,0.398617,0.341728,0.782583,0.520362,-0.845514,0.497749,-0.193095,-0.410527,-0.374975,0.831098,-0.000979,0.009547,-0.026468,0.051826,0.064437,0.041821,-0.691868,0.050764,0.035074,-0.012398,-0.214776,-0.839537,0.499047,0.898875,-0.369751,-0.235174,0.381961,0.398071,0.834053,0.000362,-4.9e-05,-0.008306,0.025395,0.034253,0.00416,-0.853644,0.072317,0.019711,-0.057026,-0.504968,0.792798,-0.341287,-0.742923,-0.600506,-0.295729,-0.439399,0.104216,0.892225,0.007144,0.001273,0.000695,-0.000553,-0.039817,0.049795,-0.886197
390,0.125328,-0.032579,0.427108,-0.354172,0.856883,-0.374646,-0.838991,-0.468041,-0.277494,-0.412697,0.214975,0.885152,0.000645,0.003455,0.00219,0.001529,0.001204,-0.003541,-0.906716,-0.088395,-0.013898,0.398153,0.341375,0.78099,0.522981,-0.845067,0.498627,-0.192786,-0.41174,-0.377128,0.829522,-0.000439,0.007331,-0.028021,0.007295,0.20833,0.099651,-0.691674,0.050754,0.035119,-0.012639,-0.214581,-0.838327,0.50116,0.89852,-0.370595,-0.235202,0.382904,0.399832,0.832777,-0.000154,0.003455,-0.014154,-0.002633,0.242852,0.115043,-0.854461,0.072349,0.019745,-0.057011,-0.509275,0.789914,-0.341576,-0.739397,-0.604706,-0.296008,-0.440374,0.101811,0.892022,0.000377,0.002019,0.00128,0.004967,-0.008575,0.014034,-0.886523
391,0.12551,-0.032496,0.42717,-0.354604,0.856911,-0.374172,-0.840022,-0.467646,-0.27503,-0.410223,0.215717,0.886121,0.013892,0.000454,6.7e-05,0.000984,-0.014714,0.029553,-0.907545,-0.088334,-0.013798,0.397174,0.341239,0.77919,0.525747,-0.84406,0.500164,-0.193214,-0.413914,-0.378814,0.827671,5e-05,0.005333,-0.029447,0.057051,0.047497,0.035201,-0.693082,0.050785,0.035166,-0.013118,-0.214574,-0.836354,0.504448,0.897761,-0.372307,-0.235395,0.384684,0.402365,0.830734,0.000974,-0.002546,-0.010081,0.02775,0.034153,-0.026308,-0.858706,0.07244,0.01979,-0.056977,-0.509692,0.789835,-0.341135,-0.740474,-0.604606,-0.293509,-0.438077,0.103003,0.893016,0.006937,0.000193,9e-06,0.001297,-0.015008,0.029905,-0.88685
392,0.125736,-0.032396,0.42723,-0.359459,0.856024,-0.37156,-0.837501,-0.471487,-0.276159,-0.411145,0.210846,0.886865,0.014089,0.001555,0.00076,0.041045,0.16311,0.082479,-0.907077,-0.088139,-0.013836,0.39621,0.340728,0.77595,0.530847,-0.843206,0.501959,-0.19229,-0.416074,-0.383074,0.824621,0.002456,-0.007275,-0.021754,-0.132954,0.554917,0.186895,-0.692744,0.050881,0.035153,-0.013602,-0.214432,-0.834757,0.507147,0.897086,-0.373688,-0.23578,0.386335,0.404396,0.82898,0.007873,-0.002159,-0.010565,0.039772,-0.01269,-0.009536,-0.858706,0.072548,0.019837,-0.056949,-0.514198,0.787892,-0.338858,-0.737292,-0.607914,-0.294685,-0.438177,0.098311,0.893495,0.000349,0.001883,0.001188,0.058339,0.248893,0.108561,-0.885707
393,0.125859,-0.032344,0.427261,-0.359026,0.856188,-0.3716,-0.837647,-0.471123,-0.276335,-0.411225,0.21099,0.886794,0.000706,0.003809,0.002408,0.002139,-0.005938,0.028255,-0.906594,-0.088028,-0.013918,0.395733,0.340433,0.775959,0.531022,-0.84293,0.50211,-0.1931,-0.416872,-0.382856,0.824319,0.002631,-0.007969,-0.022281,0.030465,0.027776,-0.027326,-0.692101,0.050937,0.035111,-0.013841,-0.214075,-0.833245,0.509777,0.896895,-0.374417,-0.235353,0.386976,0.406834,0.827487,0.001327,-0.003979,-0.011139,0.038589,-0.000516,-0.040185,-0.858706,0.072614,0.019862,-0.056935,-0.513934,0.788247,-0.338434,-0.737508,-0.607505,-0.294989,-0.438125,0.097993,0.893556,0.006998,0.000542,0.000227,-0.001841,-0.029185,0.023767,-0.884891
394,0.126145,-0.032251,0.427314,-0.359163,0.856318,-0.371169,-0.838762,-0.470503,-0.274001,-0.408829,0.211843,0.887698,0.00052,0.002822,0.001782,0.0,1e-06,0.0,-0.907147,-0.087895,-0.014144,0.394743,0.343953,0.770858,0.536158,-0.839356,0.508384,-0.192253,-0.421181,-0.384874,0.821183,0.002744,-0.008413,-0.022676,0.036204,-0.038112,0.160427,-0.693806,0.051004,0.034992,-0.014347,-0.218069,-0.828827,0.515258,0.89423,-0.381162,-0.234666,0.390894,0.409586,0.824281,0.001399,-0.004249,-0.011369,0.046174,-0.07308,0.14439,-0.859359,0.072758,0.01991,-0.056906,-0.51404,0.788296,-0.338159,-0.738702,-0.607214,-0.29259,-0.435983,0.099396,0.894448,0.007055,0.000864,0.000429,0.001124,-0.015226,0.02973,-0.885707
395,0.126409,-0.03217,0.427373,-0.363509,0.854445,-0.371255,-0.836218,-0.474859,-0.274264,-0.410193,0.209687,0.887581,0.000452,0.00246,0.001551,0.0,0.0,0.0,-0.906923,-0.087843,-0.014156,0.393806,0.34291,0.766063,0.543647,-0.83856,0.510474,-0.190179,-0.423612,-0.391633,0.816725,0.001316,-0.002573,-0.018557,0.013557,0.075685,0.023577,-0.695801,0.051032,0.034979,-0.014814,-0.217461,-0.824127,0.522996,0.893801,-0.38344,-0.232577,0.39221,0.416878,0.81999,-0.000148,0.003455,-0.014242,0.055966,0.05459,0.005123,-0.860176,0.07289,0.019951,-0.056877,-0.51797,0.785648,-0.338324,-0.735388,-0.611017,-0.293019,-0.436932,0.097025,0.894245,0.007008,0.000638,0.000286,0.000694,-0.014793,0.029819,-0.88636
396,0.126689,-0.032127,0.427432,-0.368341,0.853503,-0.368651,-0.833707,-0.478651,-0.275313,-0.410985,0.204873,0.888338,0.000534,0.002924,0.001842,0.001661,-0.008021,0.027635,-0.906531,-0.087836,-0.014079,0.393009,0.342175,0.762777,0.548707,-0.837819,0.512064,-0.189163,-0.425667,-0.395953,0.813568,-0.000933,0.009394,-0.026724,0.007738,0.207293,0.101752,-0.693438,0.051036,0.035014,-0.015208,-0.217014,-0.821426,0.527411,0.893309,-0.384948,-0.231974,0.393576,0.420799,0.817327,0.000343,5.6e-05,-0.008328,-0.054588,0.300809,0.119511,-0.858053,0.07303,0.019972,-0.056848,-0.522551,0.783743,-0.335686,-0.732224,-0.614226,-0.294235,-0.436792,0.092045,0.89484,0.000257,0.001405,0.000881,-0.000512,-0.016283,0.024689,-0.886687
397,0.126827,-0.032119,0.427459,-0.367973,0.853644,-0.368692,-0.833857,-0.478333,-0.275413,-0.411012,0.205026,0.888291,0.013735,-0.008721,0.010489,-0.034922,-0.00357,0.010634,-0.907334,-0.087851,-0.014089,0.392679,0.342087,0.762719,0.548842,-0.837543,0.512312,-0.189714,-0.426281,-0.395743,0.813348,0.000646,0.000159,-0.016633,0.033126,0.012347,-0.0025,-0.693524,0.051027,0.035014,-0.015376,-0.216914,-0.821044,0.528046,0.893063,-0.385332,-0.232283,0.394188,0.421194,0.816829,-0.006361,-0.001258,-0.008525,0.044727,-0.065489,0.143978,-0.856257,0.073094,0.019981,-0.056837,-0.522208,0.783929,-0.335786,-0.732413,-0.613959,-0.29432,-0.436885,0.092238,0.894774,0.000184,0.001006,0.00063,-0.00042,-0.001328,-0.00011,-0.886523
398,0.127066,-0.032084,0.427525,-0.368936,0.854582,-0.365542,-0.834936,-0.477452,-0.273666,-0.407948,0.203173,0.890127,0.000261,0.001439,0.000906,-0.020038,0.008312,-0.00584,-0.907015,-0.087981,-0.014108,0.392105,0.341793,0.762652,0.549119,-0.837101,0.51265,-0.190748,-0.427385,-0.395434,0.812919,-0.013261,-0.00047,-0.015589,0.031981,0.024637,-0.032956,-0.693648,0.050968,0.035007,-0.015662,-0.216648,-0.82105,0.528147,0.892629,-0.385668,-0.233394,0.395317,0.420875,0.816447,0.000136,0.000882,-0.007743,0.03422,0.009005,-0.003742,-0.85887,0.073213,0.019995,-0.0568,-0.523335,0.784597,-0.332456,-0.733654,-0.61332,-0.292556,-0.433441,0.090803,0.896595,0.000179,0.000999,0.000627,-0.248527,0.06311,-0.081723,-0.887013
399,0.127278,-0.032063,0.427559,-0.373578,0.853685,-0.362914,-0.832482,-0.481065,-0.274815,-0.408733,0.198389,0.890846,0.000144,0.000797,0.000501,2.008559,1.531988,-4.919349,-0.906639,-0.088225,-0.014188,0.391587,0.341156,0.762711,0.549433,-0.836862,0.512646,-0.191808,-0.428362,-0.395325,0.812458,0.000266,0.001691,-0.015557,0.034029,0.009416,-0.00372,-0.693331,0.050845,0.034967,-0.015914,-0.215988,-0.821039,0.528434,0.892369,-0.385638,-0.234435,0.396265,0.420924,0.815963,-0.005571,-0.005957,-0.003549,-0.00318,0.025939,-0.055849,-0.859523,0.073319,0.020007,-0.056782,-0.523286,0.785818,-0.329635,-0.73423,-0.61211,-0.293642,-0.432523,0.088369,0.897281,9.3e-05,0.000517,0.000322,-0.001827,-0.012585,-0.00651,-0.887013
400,0.127385,-0.032046,0.427568,-0.373406,0.853745,-0.362951,-0.83254,-0.480928,-0.274877,-0.408771,0.198465,0.890812,0.000367,0.002032,0.001278,0.00159,-0.008299,0.027553,-0.906792,-0.088401,-0.014305,0.391349,0.340673,0.762807,0.549599,-0.836864,0.512455,-0.192307,-0.42874,-0.395389,0.812227,-0.012761,-0.002605,-0.017158,0.031987,0.024608,-0.032972,-0.693765,0.050757,0.034912,-0.016037,-0.215508,-0.821067,0.528587,0.892314,-0.385458,-0.234938,0.396648,0.421035,0.81572,-0.005534,-0.006129,-0.003678,-0.003211,0.025948,-0.055853,-0.859359,0.073377,0.020011,-0.056781,-0.52755,0.782807,-0.330005,-0.730643,-0.61628,-0.293868,-0.433418,0.086086,0.897071,0.006788,-0.000538,-0.00046,-0.000489,-0.0207,0.027562,-0.887177
401,0.127606,-0.032027,0.427588,-0.373247,0.854926,-0.360325,-0.832823,-0.479832,-0.275931,-0.408339,0.19603,0.891548,0.000417,0.002317,0.001456,0.008066,0.021268,0.036354,-0.907835,-0.088833,-0.014565,0.390951,0.338057,0.763184,0.55069,-0.836388,0.511911,-0.195792,-0.431729,-0.395365,0.810654,-0.011817,-0.009337,-0.005263,-0.003253,0.025998,-0.055938,-0.696445,0.050537,0.034776,-0.016246,-0.21279,-0.82112,0.529604,0.891646,-0.384854,-0.238438,0.399607,0.421483,0.814042,-0.005935,-0.00453,-0.002523,-0.005233,0.024974,-0.054853,-0.860013,0.073488,0.02002,-0.056771,-0.527618,0.783993,-0.327067,-0.731177,-0.615124,-0.294958,-0.432433,0.083519,0.897789,0.0068,-0.004722,0.00501,-0.033438,-0.000579,0.008551,-0.885707
402,0.127781,-0.031992,0.427643,-0.373904,0.854837,-0.359853,-0.833783,-0.479677,-0.273289,-0.405773,0.196789,0.892552,0.000336,0.001873,0.001176,-0.068353,0.021223,-0.020984,-0.908237,-0.089287,-0.014668,0.390753,0.336891,0.763481,0.550992,-0.836626,0.511209,-0.196612,-0.43218,-0.3957,0.81025,-0.013302,-0.003216,-0.000814,-0.002045,0.015205,-0.029245,-0.701179,0.050317,0.034721,-0.016349,-0.211623,-0.821261,0.529853,0.891758,-0.384118,-0.239206,0.399977,0.42188,0.813655,-0.007525,0.003404,-0.005159,0.033185,0.013704,-0.006248,-0.861482,0.073575,0.020039,-0.056742,-0.52818,0.783679,-0.326913,-0.732106,-0.615324,-0.292226,-0.430169,0.084987,0.898738,0.000205,0.001152,0.000721,-0.246766,0.074984,-0.075257,-0.886524
403,0.127843,-0.031945,0.427696,-0.373642,0.854947,-0.359865,-0.833899,-0.47944,-0.27335,-0.405776,0.19689,0.892528,0.000576,0.003209,0.002014,0.0,0.0,0.0,-0.908026,-0.089568,-0.014668,0.390696,0.336387,0.763597,0.55114,-0.836715,0.510921,-0.196979,-0.432399,-0.39585,0.81006,-0.013634,-0.001827,0.000195,-0.002045,0.015205,-0.029245,-0.702442,0.050181,0.034722,-0.016377,-0.211129,-0.821308,0.529979,0.89179,-0.383827,-0.239552,0.400167,0.422054,0.813471,-0.006902,-0.000554,0.000366,-0.000822,0.00438,-0.002519,-0.863442,0.073606,0.020059,-0.056718,-0.527961,0.78382,-0.326929,-0.732257,-0.615129,-0.292257,-0.430181,0.085096,0.898722,0.006987,0.000601,0.000256,0.002078,-0.01529,0.030029,-0.887177
404,0.127965,-0.031879,0.427809,-0.378244,0.852913,-0.359883,-0.831278,-0.483946,-0.273396,-0.406884,0.194688,0.892507,0.000584,0.003262,0.002045,0.001536,-0.008517,0.027488,-0.907399,-0.090129,-0.01463,0.390583,0.332099,0.76416,0.552956,-0.835698,0.51023,-0.202995,-0.437647,-0.395655,0.807332,-0.015188,0.007415,-0.009897,0.03328,0.013692,-0.006381,-0.706152,0.049895,0.034743,-0.016426,-0.206671,-0.821349,0.531669,0.8905,-0.383025,-0.245561,0.405334,0.422701,0.810571,-0.006804,-0.000953,7.6e-05,-0.007416,0.012502,-0.0265,-0.862625,0.073667,0.020095,-0.056661,-0.532109,0.780966,-0.327033,-0.728837,-0.61907,-0.292483,-0.430876,0.082721,0.898611,0.000182,0.001026,0.000642,-0.000147,-9.4e-05,0.000271,-0.88587
405,0.128073,-0.03184,0.427916,-0.37816,0.852946,-0.359893,-0.831384,-0.483839,-0.273263,-0.406746,0.194807,0.892544,0.013872,0.00068,0.000185,0.000984,-0.014715,0.029553,-0.907759,-0.09069,-0.014689,0.390478,0.325465,0.765146,0.555532,-0.834333,0.508861,-0.211854,-0.445171,-0.395513,0.803278,-0.01298,-0.004566,-0.001803,-0.003272,0.026028,-0.055925,-0.70914,0.049612,0.034723,-0.016477,-0.199919,-0.821494,0.534021,0.888658,-0.381586,-0.254318,0.412696,0.42372,0.806314,-0.00664,-0.001638,-0.000424,-0.015706,0.087269,-0.210702,-0.858543,0.073716,0.020116,-0.056605,-0.532029,0.781019,-0.327037,-0.728966,-0.618984,-0.292346,-0.430759,0.082863,0.898654,0.000226,0.001274,0.000795,0.001462,-0.008581,0.027681,-0.885707
406,0.128113,-0.031844,0.428023,-0.378207,0.852934,-0.359873,-0.831466,-0.483826,-0.273036,-0.406534,0.194894,0.892622,0.000239,0.001337,0.000837,0.0,0.0,0.0,-0.907522,-0.091218,-0.014746,0.390307,0.32392,0.763868,0.558187,-0.834575,0.508609,-0.211506,-0.445843,-0.398302,0.801525,-0.001293,0.00815,-0.010882,0.03457,0.000836,0.023876,-0.708562,0.049345,0.034687,-0.016561,-0.198447,-0.820028,0.536816,0.888916,-0.381296,-0.25385,0.41285,0.426809,0.804604,-0.006489,-0.002288,-0.000897,0.001453,0.001322,-0.036121,-0.854624,0.073742,0.020115,-0.056552,-0.532045,0.781015,-0.327021,-0.729064,-0.618972,-0.292126,-0.430573,0.082995,0.898731,0.000116,-0.003606,0.005834,-0.035959,0.010982,-0.018846,-0.886197
407,0.128127,-0.031849,0.428068,-0.378186,0.852948,-0.359863,-0.831518,-0.483782,-0.272953,-0.406447,0.194941,0.892651,0.000117,0.000653,0.000409,0.0,0.0,0.0,-0.907198,-0.091467,-0.014797,0.390236,0.323448,0.763979,0.558309,-0.83467,0.508323,-0.21182,-0.446008,-0.398454,0.801358,0.000381,-0.001631,-0.001186,-9e-06,3.1e-05,1.3e-05,-0.708605,0.049224,0.034667,-0.0166,-0.197999,-0.820149,0.536796,0.88894,-0.380995,-0.254219,0.413014,0.426844,0.8045,-0.006441,-0.002496,-0.00105,-0.002606,0.023512,-0.057068,-0.855767,0.073749,0.020113,-0.056529,-0.532024,0.781033,-0.327011,-0.729125,-0.61894,-0.292042,-0.430495,0.083058,0.898762,7.3e-05,0.000415,0.00026,-4.1e-05,-2.8e-05,0.000104,-0.88587
408,0.128151,-0.031869,0.428128,-0.383215,0.850705,-0.35985,-0.828711,-0.488649,-0.272821,-0.407461,0.192601,0.892697,5e-06,2.9e-05,1.8e-05,0.0,0.0,-0.0,-0.907185,-0.091922,-0.01492,0.390174,0.318985,0.764641,0.559968,-0.833767,0.507349,-0.217631,-0.450884,-0.398427,0.798639,-0.013271,-0.003355,-0.00093,-0.001901,0.015282,-0.029325,-0.708769,0.048997,0.034602,-0.016633,-0.193394,-0.820263,0.5383,0.887706,-0.379944,-0.260035,0.417821,0.427563,0.801632,-0.006631,-0.001702,-0.000476,-0.007886,0.012232,-0.026228,-0.8574,0.073761,0.020103,-0.056499,-0.536561,0.777891,-0.327088,-0.725456,-0.623213,-0.292092,-0.431062,0.080563,0.898718,-8e-06,-4e-05,-2.5e-05,-0.00013,-7.8e-05,0.000189,-0.887177
409,0.128211,-0.031889,0.428138,-0.383558,0.851684,-0.35716,-0.828841,-0.487965,-0.273649,-0.406875,0.190006,0.89352,0.013461,-0.001608,-0.001249,0.028981,0.113992,0.06773,-0.908126,-0.092378,-0.015,0.39018,0.314253,0.763696,0.563919,-0.832863,0.506885,-0.222127,-0.455848,-0.400827,0.794609,-0.013544,-0.002174,-7.3e-05,-0.018065,0.069329,-0.006497,-0.708774,0.048764,0.034561,-0.01663,-0.188731,-0.81864,0.542409,0.88662,-0.379529,-0.264312,0.422237,0.431027,0.797452,-0.006782,-0.001044,3e-06,-0.013141,0.042032,-0.019023,-0.859849,0.073786,0.020093,-0.056494,-0.537031,0.778699,-0.324381,-0.72574,-0.622512,-0.29288,-0.429997,0.078131,0.899442,-3e-06,-1.7e-05,-1.3e-05,0.03585,0.16571,0.05007,-0.88783
410,0.128243,-0.031886,0.42814,-0.383469,0.851719,-0.357171,-0.828873,-0.487891,-0.273683,-0.406893,0.190038,0.893505,0.000263,0.001475,0.000923,0.001945,-0.006615,0.028053,-0.908492,-0.092651,-0.015056,0.390195,0.311687,0.764138,0.564744,-0.832523,0.506118,-0.225133,-0.458225,-0.400955,0.793176,-0.013485,-0.002425,-0.000258,0.01544,0.025395,-0.038872,-0.70712,0.048633,0.034535,-0.016622,-0.186083,-0.818871,0.542976,0.88607,-0.378655,-0.267391,0.42456,0.431358,0.796039,-0.006751,-0.001179,-9.7e-05,0.058892,0.036882,-0.066946,-0.854624,0.073806,0.02009,-0.056495,-0.536999,0.778782,-0.324237,-0.72578,-0.622425,-0.292966,-0.42997,0.078002,0.899466,0.000131,0.000729,0.000453,-0.000878,-0.02105,0.022566,-0.887993
411,0.128339,-0.03188,0.428166,-0.383215,0.851822,-0.357199,-0.828988,-0.487667,-0.273736,-0.406899,0.190151,0.893478,0.000128,0.00072,0.000451,0.0,0.0,0.0,-0.908618,-0.093406,-0.015261,0.390183,0.307834,0.764949,0.565758,-0.832605,0.504371,-0.228718,-0.46067,-0.401611,0.791426,-0.0133,-0.003242,-0.000855,-0.002045,0.015205,-0.029245,-0.706081,0.048264,0.034439,-0.016631,-0.182203,-0.819226,0.543755,0.885781,-0.376824,-0.270916,0.426841,0.432286,0.794313,-0.006618,-0.001761,-0.000518,-0.004824,0.013571,-0.027785,-0.852011,0.073854,0.020095,-0.056481,-0.536745,0.778892,-0.324393,-0.725921,-0.622258,-0.29297,-0.430049,0.078234,0.899408,0.006823,-0.000271,-0.000292,0.000883,-0.015066,0.029567,-0.888483
412,0.128469,-0.031856,0.428203,-0.382833,0.851978,-0.357237,-0.829149,-0.487335,-0.273839,-0.40693,0.190305,0.893431,0.000326,0.001839,0.00115,0.0,0.0,0.0,-0.909152,-0.094261,-0.015441,0.390187,0.302773,0.765753,0.567399,-0.831819,0.502931,-0.234673,-0.465417,-0.401887,0.788503,-0.027049,-0.004493,-0.000274,-0.004089,0.030411,-0.058491,-0.707917,0.047843,0.034343,-0.016627,-0.177046,-0.819387,0.545213,0.884627,-0.375289,-0.276751,0.431379,0.433313,0.791296,-0.006872,-0.000642,0.000295,0.005084,-0.060302,0.155722,-0.854624,0.073919,0.020105,-0.056464,-0.536412,0.779106,-0.324429,-0.726134,-0.621971,-0.293052,-0.430105,0.078382,0.899368,0.006799,-0.000401,-0.000374,0.000974,-0.014743,0.02965,-0.88832
413,0.128641,-0.031863,0.42828,-0.387726,0.849747,-0.357274,-0.826376,-0.492087,-0.273724,-0.407931,0.188052,0.893452,0.000257,0.001454,0.000909,0.167126,0.194729,-0.634161,-0.910454,-0.095207,-0.015527,0.39014,0.300853,0.766242,0.56776,-0.832326,0.501604,-0.235711,-0.465754,-0.402614,0.787933,-0.027246,-0.003569,0.000386,-0.002828,0.019581,-0.031816,-0.704578,0.047371,0.0343,-0.016651,-0.175056,-0.819624,0.5455,0.884923,-0.373856,-0.277745,0.431584,0.434105,0.79075,-0.007561,0.003693,-0.004959,0.033327,0.013262,-0.006498,-0.847113,0.074005,0.020104,-0.056424,-0.540269,0.776389,-0.324544,-0.722942,-0.625625,-0.293168,-0.430655,0.076237,0.89929,0.000152,0.0009,0.000551,0.603853,0.456189,-1.496075,-0.888973
414,0.12872,-0.031852,0.428346,-0.387958,0.850771,-0.354574,-0.826589,-0.491282,-0.274527,-0.40728,0.185521,0.894278,0.00059,0.00334,0.002086,0.004393,0.004747,0.031418,-0.91048,-0.095605,-0.015569,0.390091,0.304963,0.76452,0.567888,-0.829407,0.506288,-0.235986,-0.468288,-0.400008,0.787758,-0.02845,0.004306,-0.010702,0.038943,0.025284,-0.025248,-0.702628,0.047161,0.034277,-0.016669,-0.179309,-0.818497,0.545811,0.88268,-0.378839,-0.278129,0.434423,0.431906,0.7904,-0.006711,-0.001351,-0.000222,0.023159,0.00422,0.006497,-0.84499,0.074044,0.020106,-0.056393,-0.541261,0.776951,-0.32153,-0.722917,-0.625275,-0.293973,-0.429448,0.073323,0.900109,0.000183,-0.003239,0.006062,-0.038408,-0.003036,-0.025855,-0.889463
415,0.128862,-0.031807,0.428481,-0.387506,0.850971,-0.354589,-0.826857,-0.490844,-0.2745,-0.407165,0.185762,0.89428,0.000487,0.002763,0.001724,1e-06,3e-06,1e-06,-0.910739,-0.096289,-0.015696,0.389975,0.323206,0.750968,0.575826,-0.813764,0.531165,-0.235765,-0.48329,-0.393334,0.782037,-0.013094,-0.004191,-0.00156,-0.119287,0.425895,0.143338,-0.698359,0.046808,0.034216,-0.016731,-0.199083,-0.80839,0.553959,0.870477,-0.405529,-0.278953,0.450149,0.426674,0.784419,-0.006532,-0.00217,-0.000823,-0.15461,0.55226,0.209899,-0.847929,0.074116,0.020131,-0.056324,-0.540794,0.777157,-0.321818,-0.723239,-0.624958,-0.293854,-0.429494,0.073837,0.900045,0.000297,0.001699,0.001059,-0.000226,-0.000835,-0.000107,-0.8893
416,0.129006,-0.031715,0.428584,-0.387526,0.852074,-0.351908,-0.827137,-0.489865,-0.275404,-0.406578,0.183287,0.895057,0.000635,0.003612,0.002251,0.00328,-0.000347,0.029907,-0.910246,-0.097017,-0.015772,0.389936,0.328652,0.737221,0.590325,-0.799267,0.550112,-0.241831,-0.503414,-0.39328,0.769265,-0.0272,-0.003727,0.00025,-0.059485,0.508665,-0.121009,-0.695362,0.046456,0.034175,-0.016754,-0.206057,-0.795542,0.569783,0.858465,-0.426434,-0.284939,0.469655,0.430425,0.770815,-0.006939,-0.000301,0.000533,0.067189,0.615709,0.057498,-0.849072,0.074188,0.020176,-0.056273,-0.541052,0.778199,-0.318852,-0.723724,-0.623959,-0.294784,-0.428352,0.071268,0.900796,0.006943,0.000454,0.000156,-0.001946,-0.031264,0.022297,-0.890116
417,0.129055,-0.031675,0.428621,-0.387312,0.852166,-0.35192,-0.827229,-0.489676,-0.275467,-0.406596,0.183363,0.895033,0.013882,0.000893,0.000306,0.001014,-0.014575,0.029595,-0.910677,-0.09741,-0.015797,0.389961,0.323027,0.73346,0.598065,-0.799476,0.549683,-0.242119,-0.506709,-0.400853,0.763168,-0.027505,-0.002281,0.001293,-0.178099,0.649565,0.232805,-0.697608,0.046259,0.034161,-0.016743,-0.200701,-0.792327,0.576139,0.858594,-0.425457,-0.286009,0.471735,0.437267,0.765677,-0.006928,-0.00034,0.000505,-0.030322,0.120027,-0.207276,-0.851032,0.074213,0.0202,-0.056252,-0.540812,0.778277,-0.31907,-0.723832,-0.623832,-0.294786,-0.428472,0.071529,0.900719,0.006939,0.000437,0.000147,0.000106,-0.01915,0.028003,-0.889952
418,0.129104,-0.031595,0.428706,-0.38715,0.852239,-0.351921,-0.827323,-0.489518,-0.275464,-0.406559,0.183443,0.895034,0.000285,0.001623,0.00101,0.0,0.0,0.0,-0.910544,-0.098197,-0.015839,0.389965,0.313442,0.732902,0.603821,-0.801076,0.545548,-0.246145,-0.51018,-0.40748,0.757324,-0.013802,-0.000873,0.000834,-0.015123,0.105672,-0.206729,-0.708318,0.045854,0.034143,-0.016737,-0.190752,-0.789354,0.583551,0.859665,-0.42132,-0.288901,0.473907,0.446551,0.758948,-0.006906,-0.000424,0.000441,-0.006301,0.061293,-0.229683,-0.858053,0.074237,0.020241,-0.056209,-0.540655,0.77837,-0.31911,-0.723953,-0.623702,-0.294765,-0.428466,0.071654,0.900711,0.000159,0.000916,0.00057,-7.1e-05,-0.000131,8.4e-05,-0.889463
419,0.129144,-0.031552,0.428756,-0.38709,0.852265,-0.351926,-0.827367,-0.489457,-0.27544,-0.406526,0.183488,0.89504,0.00019,-0.007484,0.011493,-0.035922,0.010929,-0.019016,-0.910573,-0.0989,-0.015826,0.389935,0.309342,0.736165,0.601963,-0.802442,0.541775,-0.250002,-0.510531,-0.406633,0.757542,-0.015347,0.008714,-0.009013,0.034087,0.010514,-0.007759,-0.81412,0.045509,0.034147,-0.016748,-0.186345,-0.792333,0.580933,0.860385,-0.417085,-0.292877,0.474355,0.44525,0.759433,-0.006933,-0.000272,0.000545,-0.004168,0.027624,-0.021922,-0.882383,0.074257,0.020264,-0.056189,-0.540584,0.778416,-0.319117,-0.724006,-0.623639,-0.294767,-0.428466,0.071696,0.900708,0.000131,0.000749,0.000464,-2.6e-05,-3e-05,8.6e-05,-0.889952
420,0.129174,-0.031575,0.428778,-0.387203,0.852213,-0.351927,-0.827356,-0.489542,-0.275321,-0.406441,0.183501,0.895076,0.0,0.0,0.0,0.0,0.0,0.0,-0.910635,-0.099237,-0.015699,0.38991,0.310851,0.739209,0.59744,-0.802048,0.541312,-0.25226,-0.510237,-0.401693,0.760372,-0.00218,0.012587,-0.007674,0.036598,-0.006442,0.020747,-0.919555,0.045335,0.034211,-0.016766,-0.187587,-0.795437,0.576272,0.859835,-0.416609,-0.29516,0.474862,0.440131,0.762095,-0.001106,0.006372,-0.003771,0.031908,0.017171,0.033445,-0.880751,0.074272,0.02025,-0.056174,-0.540696,0.778338,-0.319117,-0.723985,-0.623732,-0.294622,-0.42836,0.071735,0.900755,-2.4e-05,-0.004426,0.005322,-0.035957,0.010908,-0.018964,-0.889789
421,0.129174,-0.031589,0.428794,-0.387233,0.852202,-0.35192,-0.827367,-0.489557,-0.275262,-0.40639,0.183513,0.895096,0.0,0.0,0.0,0.0,0.0,0.0,-0.910419,-0.099369,-0.015606,0.389901,0.311156,0.739057,0.597469,-0.801846,0.541635,-0.252206,-0.510368,-0.401535,0.760366,-0.014013,0.000222,0.001614,-0.002028,0.015144,-0.029271,-0.944793,0.045274,0.034259,-0.01677,-0.187931,-0.795202,0.576485,0.859674,-0.417041,-0.295017,0.475016,0.440147,0.76199,-0.001132,0.006503,-0.00368,0.034737,0.00156,0.024541,-0.880914,0.074272,0.020243,-0.056166,-0.540723,0.778322,-0.319111,-0.723993,-0.62375,-0.294565,-0.428312,0.071756,0.900776,-4e-06,-2.3e-05,-1.5e-05,-1.1e-05,-3.3e-05,3.9e-05,-0.890279
422,0.129175,-0.031614,0.428839,-0.387739,0.853095,-0.349187,-0.827478,-0.488984,-0.275948,-0.405682,0.180885,0.895952,0.0,0.0,0.0,8e-05,0.000371,0.00011,-0.910586,-0.099606,-0.015385,0.38978,0.311299,0.738902,0.597586,-0.801458,0.542053,-0.252542,-0.510891,-0.401256,0.760163,-8e-05,0.000384,0.000277,0.0,-0.0,-0.0,-0.948838,0.045155,0.034371,-0.016823,-0.188074,-0.795055,0.57664,0.859352,-0.417482,-0.295332,0.475543,0.439993,0.76175,-0.000806,0.004956,-0.004797,0.035489,-0.00219,0.022519,-0.881894,0.074273,0.02023,-0.056144,-0.541384,0.779022,-0.316269,-0.724218,-0.623164,-0.295251,-0.427095,0.069203,0.901553,-1e-06,-1.3e-05,-7e-06,-0.001479,-0.007695,-0.002963,-0.890442
423,0.129185,-0.031628,0.428854,-0.387746,0.853093,-0.349184,-0.827497,-0.488979,-0.275898,-0.405636,0.180906,0.895968,0.0,0.0,0.0,0.0,0.0,0.0,-0.910293,-0.099867,-0.015285,0.389501,0.361585,0.709729,0.604593,-0.760283,0.59982,-0.249238,-0.539965,-0.370439,0.755696,-0.014673,0.005606,-0.011262,3.2523,-0.877105,4.387056,-0.952762,0.045019,0.034422,-0.016967,-0.240591,-0.77457,0.584941,0.827272,-0.478845,-0.293816,0.507677,0.413216,0.755986,-0.007252,0.002696,-0.005747,3.217449,-0.704233,4.474985,-0.88075,0.074278,0.020225,-0.056141,-0.541364,0.779005,-0.316345,-0.724226,-0.623176,-0.295207,-0.427107,0.069291,0.901541,2e-06,-4e-06,-4e-06,-4.2e-05,-0.000163,1.7e-05,-0.890116
424,0.129207,-0.031623,0.428856,-0.387681,0.85312,-0.349192,-0.827521,-0.488925,-0.275923,-0.405649,0.180929,0.895958,4.3e-05,0.000247,0.000154,0.0,0.0,0.0,-0.910479,-0.100039,-0.015242,0.389374,0.36898,0.703863,0.606978,-0.753036,0.609201,-0.248484,-0.545107,-0.366281,0.75403,-0.001406,0.008929,-0.010312,0.016578,0.068897,0.052575,-0.968821,0.044934,0.03444,-0.017033,-0.249686,-0.76822,0.589485,0.820586,-0.491066,-0.292389,0.514096,0.410719,0.753003,-0.000706,0.00448,-0.005137,0.025525,0.012838,0.021783,-0.884343,0.074288,0.020224,-0.056136,-0.541317,0.779036,-0.31635,-0.724265,-0.623134,-0.295201,-0.427101,0.069323,0.901542,3e-05,0.000155,9.5e-05,-1.8e-05,-3.3e-05,5.4e-05,-0.890116
