frame,MLTx,MLTy,MLTz,MLTR1,MLTR2,MLTR3,MLTR4,MLTR5,MLTR6,MLTR7,MLTR8,MLTR9,MLTTVx,MLTTVy,MLTTVz,MLTRVx,MLTRVy,MLTRVz,MLGA,MRTx,MRTy,MRTz,MRTR1,MRTR2,MRTR3,MRTR4,MRTR5,MRTR6,MRTR7,MRTR8,MRTR9,MRTTVx,MRTTVy,MRTTVz,MRTRVx,MRTRVy,MRTRVz,MRGA,SLTx,SLTy,SLTz,SLTR1,SLTR2,SLTR3,SLTR4,SLTR5,SLTR6,SLTR7,SLTR8,SLTR9,SLTTVx,SLTTVy,SLTTVz,SLTRVx,SLTRVy,SLTRVz,SLGA,SRTx,SRTy,SRTz,SRTR1,SRTR2,SRTR3,SRTR4,SRTR5,SRTR6,SRTR7,SRTR8,SRTR9,SRTTVx,SRTTVy,SRTTVz,SRTRVx,SRTRVy,SRTRVz,SRGA
1,0.161011,0.016142,0.421612,-0.314818,0.803377,-0.50549,-0.882045,-0.444263,-0.156839,-0.350188,0.395488,0.849108,-0.000171,-0.002141,-0.000984,0.0,0.0,0.0,0.146568,-0.194648,0.04811,0.376738,0.74485,0.666389,0.03339,-0.641699,0.701948,0.308911,0.181479,-0.252367,0.950389,-0.010949,0.014035,0.008028,-0.020438,-0.075243,0.005786,0.438322,-0.003949,0.042846,0.005107,-0.662933,-0.746392,0.058462,0.732165,-0.630021,0.258856,-0.156376,0.214408,0.964144,-0.005458,0.007386,0.004212,-0.044441,-0.054881,0.003476,0.417899,0.117662,0.032955,-0.031047,-0.397461,0.770871,-0.497776,-0.818645,-0.542946,-0.187158,-0.414541,0.333114,0.84687,-9.5e-05,-0.001212,-0.000554,-0.001032,0.010456,-0.026831,-0.00949
2,0.160999,0.016103,0.421594,-0.314802,0.803383,-0.505491,-0.88205,-0.444251,-0.156848,-0.35019,0.395491,0.849106,-1.9e-05,-0.000243,-0.000112,0.0,0.0,0.0,0.145427,-0.195039,0.048497,0.377315,0.744838,0.666623,0.028659,-0.63999,0.701807,0.312751,0.187436,-0.252139,0.949293,-0.010203,0.006955,0.018415,-0.034939,-0.001124,0.003342,0.436979,-0.00414,0.04304,0.00539,-0.66317,-0.746522,0.053942,0.730654,-0.630072,0.262968,-0.162324,0.213805,0.963295,-0.005358,0.008805,0.00491,0.002662,-0.009225,0.021141,0.409898,0.117656,0.032931,-0.031058,-0.397445,0.770879,-0.497776,-0.818651,-0.542934,-0.187167,-0.414543,0.333117,0.846868,-3e-06,-5.2e-05,-2.3e-05,-2e-06,-4e-06,-8e-06,-0.008837
3,0.160989,0.016095,0.421591,-0.314846,0.803371,-0.505481,-0.882037,-0.444284,-0.156826,-0.350183,0.395476,0.849116,-2e-06,-3e-05,-1.4e-05,0.0,0.0,0.0,0.14596,-0.195295,0.048676,0.377626,0.744544,0.666931,0.029127,-0.640299,0.701304,0.313247,0.18755,-0.252725,0.949114,-0.022001,0.005928,0.018689,-0.048868,0.11249,-0.198315,0.437057,-0.004259,0.043134,0.005542,-0.662944,-0.746697,0.054282,0.730816,-0.629694,0.26342,-0.162514,0.214303,0.963152,-0.005136,0.002936,0.008927,-0.034731,-0.000248,0.00445,0.408592,0.117651,0.032928,-0.031059,-0.397488,0.770862,-0.497768,-0.818635,-0.542966,-0.187145,-0.414535,0.333103,0.846878,3e-06,3.8e-05,1.8e-05,-2e-06,7e-06,3e-06,-0.008673
4,0.160981,0.016104,0.421595,-0.314849,0.803372,-0.505479,-0.882036,-0.444286,-0.156825,-0.350182,0.395474,0.849118,5.7e-05,0.000708,0.000325,-0.007227,0.071996,-0.185262,0.15032,-0.195794,0.048892,0.378196,0.742816,0.668965,0.026479,-0.641445,0.70001,0.313795,0.190447,-0.250929,0.949014,-0.010375,0.003407,0.016551,-0.027787,-0.007079,-0.000552,0.436067,-0.004517,0.043248,0.005836,-0.66105,-0.748571,0.051504,0.731954,-0.628228,0.263764,-0.16509,0.21206,0.96321,-0.00524,0.001021,0.007941,-0.049759,0.020672,-0.027962,0.407449,0.117647,0.032932,-0.031057,-0.397492,0.770862,-0.497766,-0.818634,-0.542968,-0.187144,-0.414533,0.3331,0.846879,3.4e-05,0.000418,0.000192,-0.007223,0.071998,-0.185256,-0.006551
5,0.16098,0.016096,0.421592,-0.314728,0.803406,-0.5055,-0.882072,-0.444192,-0.156889,-0.3502,0.395509,0.849094,-3e-05,-0.000369,-0.00017,0.0,0.0,0.0,0.159288,-0.196351,0.049023,0.378819,0.742333,0.669724,0.020065,-0.639374,0.699289,0.319576,0.199062,-0.250914,0.947248,-0.010389,0.002765,0.016199,-0.035029,-0.001057,0.003507,0.43138,-0.004795,0.043314,0.006147,-0.660867,-0.749145,0.045122,0.730086,-0.627797,0.269898,-0.173865,0.21131,0.96183,-0.01111,0.000764,0.008209,-0.034779,0.035787,-0.052068,0.405326,0.117647,0.032931,-0.031058,-0.397376,0.770911,-0.497782,-0.818679,-0.542879,-0.187207,-0.414556,0.333133,0.846855,-2e-05,-0.000239,-0.00011,-9e-06,-1e-05,4e-06,0.003737
6,0.160989,0.016088,0.421599,-0.31472,0.803408,-0.505501,-0.882084,-0.444176,-0.15687,-0.350178,0.395523,0.849096,-0.0,-0.0,-0.0,0.0,0.0,0.0,0.163133,-0.196878,0.049012,0.37941,0.73965,0.672852,0.013423,-0.640598,0.69798,0.319986,0.205002,-0.246133,0.947236,-0.010624,-0.001114,0.014238,0.059839,-0.069275,-0.07501,0.430151,-0.005058,0.043314,0.006446,-0.658446,-0.751654,0.038266,0.731001,-0.626598,0.270205,-0.179123,0.205888,0.962041,-0.005339,-0.000811,0.007001,0.083083,-0.082934,-0.087588,0.400917,0.117651,0.032926,-0.031055,-0.397368,0.770914,-0.497784,-0.818692,-0.542864,-0.187189,-0.414536,0.333149,0.846859,-1e-06,6e-06,4e-06,-2.5e-05,-9e-06,-6e-06,0.012554
7,0.160989,0.016081,0.421606,-0.314736,0.803405,-0.505497,-0.882088,-0.444177,-0.15684,-0.350152,0.395529,0.849104,-0.0,-0.0,-0.0,0.0,0.0,0.0,0.163808,-0.197092,0.04893,0.379732,0.738246,0.674407,0.012644,-0.642121,0.697095,0.318862,0.205299,-0.244376,0.947626,-0.010229,-0.012864,0.022333,-0.021686,-0.018343,-0.067273,0.427954,-0.005166,0.043276,0.006603,-0.656774,-0.753167,0.037231,0.732507,-0.625474,0.26873,-0.179111,0.203767,0.962495,-0.005373,-0.001338,0.006735,-0.0045,-0.019618,-0.059351,0.398794,0.117651,0.032922,-0.031051,-0.397383,0.770908,-0.49778,-0.818698,-0.542866,-0.187158,-0.414511,0.333158,0.846868,-3e-06,4e-06,3e-06,-1.6e-05,-2.6e-05,-1e-05,0.014187
8,0.16098,0.016096,0.421592,-0.314728,0.803406,-0.5055,-0.882072,-0.444192,-0.156889,-0.3502,0.395509,0.849094,-0.0,-0.0,-0.0,0.0,0.0,0.0,0.165789,-0.197549,0.048671,0.380371,0.733141,0.680018,0.00853,-0.64777,0.69462,0.312781,0.205848,-0.235703,0.949702,-0.022432,-0.002609,0.014313,0.11812,-0.106494,-0.137648,0.415812,-0.005398,0.04314,0.006931,-0.651409,-0.75802,0.032723,0.737419,-0.622377,0.262409,-0.178545,0.195066,0.964401,-0.011234,-0.001402,0.007113,0.091628,-0.089853,-0.143671,0.387527,0.117647,0.03293,-0.031058,-0.397375,0.770911,-0.497782,-0.818679,-0.542878,-0.187207,-0.414556,0.333133,0.846855,-3e-06,4e-06,3e-06,-1.4e-05,-3.2e-05,-6e-06,0.017943
9,0.160988,0.016102,0.421572,-0.314694,0.803413,-0.50551,-0.882063,-0.444188,-0.15695,-0.350254,0.3955,0.849076,-4.8e-05,-0.000601,-0.000277,0.0,0.0,0.0,0.165119,-0.198055,0.048271,0.381008,0.727849,0.685716,0.004592,-0.653554,0.691823,0.306891,0.206346,-0.227245,0.951653,-0.010486,-0.016481,0.020566,0.019127,-0.053978,-0.089849,0.414546,-0.005647,0.042948,0.007241,-0.645558,-0.763186,0.02828,0.742684,-0.618726,0.256119,-0.177969,0.186343,0.966231,-0.005515,-0.003439,0.005695,0.026957,-0.037582,-0.112399,0.381159,0.117651,0.032934,-0.031067,-0.397342,0.770922,-0.497792,-0.818669,-0.542872,-0.187268,-0.414607,0.333118,0.846836,-3.5e-05,-0.000397,-0.000181,-1.1e-05,-4e-06,5e-06,0.018596
10,0.160997,0.016108,0.421553,-0.314659,0.803419,-0.505521,-0.882054,-0.444184,-0.157011,-0.350307,0.395491,0.849058,-1.9e-05,-0.000236,-0.000108,0.0,0.0,0.0,0.16467,-0.198337,0.048042,0.381303,0.725179,0.688549,0.002607,-0.656448,0.690387,0.303932,0.206559,-0.222994,0.952612,-0.022747,-0.007009,0.012139,0.267309,-0.224479,-0.246478,0.414083,-0.005784,0.04283,0.007393,-0.643337,-0.765103,0.027088,0.744603,-0.617089,0.254493,-0.177998,0.183895,0.966695,-0.005526,-0.003563,0.005634,0.463035,-0.395514,-0.21011,0.379853,0.117655,0.032936,-0.031077,-0.397309,0.770932,-0.497802,-0.818659,-0.542866,-0.187329,-0.414658,0.333103,0.846817,-1.2e-05,-0.000138,-6.3e-05,-1e-06,-3e-06,1.1e-05,0.01827
11,0.161011,0.016109,0.421477,-0.314626,0.80342,-0.505542,-0.881998,-0.444236,-0.157182,-0.350479,0.395432,0.849014,-9.7e-05,-0.001213,-0.000558,0.0,0.0,0.0,0.165358,-0.198989,0.047611,0.381914,0.720849,0.693086,8.5e-05,-0.661075,0.687683,0.300011,0.206967,-0.217202,0.953861,-0.022594,-0.00473,0.01328,0.051127,-0.049636,-0.100507,0.414245,-0.00611,0.042607,0.007694,-0.638005,-0.769679,0.023316,0.749318,-0.613582,0.249075,-0.177402,0.176382,0.968203,-0.011337,-0.002748,0.006461,0.034046,-0.028055,-0.138055,0.378546,0.117662,0.032938,-0.031115,-0.397274,0.770937,-0.497822,-0.818593,-0.542907,-0.187499,-0.414821,0.333026,0.846768,-0.000114,0.004009,-0.005355,0.035811,-0.010266,0.0196,0.018433
12,0.161031,0.016063,0.42139,-0.314687,0.803393,-0.505546,-0.881923,-0.444351,-0.157279,-0.350613,0.395358,0.848993,-0.000229,-0.002868,-0.001321,-0.001046,0.010444,-0.02684,0.165225,-0.199724,0.047422,0.382589,0.716433,0.697645,-0.002415,-0.665776,0.684894,0.295967,0.207232,-0.211322,0.955124,-0.009999,-0.009595,0.024017,0.345653,-0.341563,-0.271322,0.413241,-0.006474,0.042507,0.008018,-0.634243,-0.772821,0.021968,0.752515,-0.610561,0.24685,-0.177358,0.173094,0.968804,-0.011107,0.000288,0.007963,-0.06237,0.044081,-0.05797,0.37822,0.117672,0.032916,-0.031158,-0.397332,0.770903,-0.497829,-0.818503,-0.543009,-0.187596,-0.414945,0.332936,0.846742,-0.000112,-0.00142,-0.000653,-0.001039,0.010453,-0.026833,0.018759
13,0.161016,0.015991,0.421358,-0.314753,0.803375,-0.505533,-0.881903,-0.444401,-0.157245,-0.350602,0.395337,0.849008,-9.4e-05,-0.001181,-0.000544,0.0,0.0,0.0,0.167775,-0.200487,0.047435,0.383376,0.714257,0.699875,-0.002149,-0.667982,0.682781,0.295879,0.207647,-0.21079,0.955151,-0.021725,0.006127,0.018608,-0.034173,0.012624,-0.026914,0.413201,-0.00686,0.042508,0.00842,-0.630641,-0.775797,0.020728,0.755532,-0.607626,0.244869,-0.177374,0.170085,0.969334,-0.010689,-0.002484,0.013567,-0.091485,0.053182,-0.068845,0.37724,0.117664,0.032877,-0.031176,-0.397396,0.770878,-0.497817,-0.818478,-0.543058,-0.187562,-0.414932,0.332916,0.846756,-5.3e-05,-0.000675,-0.000309,3e-06,-1e-06,5e-06,0.020066
14,0.161013,0.015952,0.421351,-0.314851,0.803348,-0.505515,-0.881884,-0.444466,-0.157171,-0.350564,0.395319,0.849032,-7.3e-05,-0.000911,-0.00042,0.0,0.0,0.0,0.169885,-0.200863,0.047465,0.383818,0.711501,0.702667,-0.00417,-0.670863,0.681199,0.292991,0.20782,-0.206561,0.956037,-0.009939,0.006726,0.018051,0.385897,-0.372716,-0.230342,0.41318,-0.007052,0.042526,0.008642,-0.628912,-0.777219,0.019951,0.756967,-0.606265,0.243809,-0.177397,0.168437,0.969617,-0.010636,-0.001934,0.01383,-0.087841,0.048672,-0.076115,0.37724,0.117663,0.032857,-0.031179,-0.39749,0.770839,-0.497802,-0.818453,-0.543121,-0.18749,-0.414892,0.332903,0.846781,-4e-05,-0.000499,-0.000229,-1.3e-05,-3e-06,-7e-06,0.021862
15,0.16101,0.015913,0.421332,-0.314812,0.803359,-0.505522,-0.881895,-0.444436,-0.157192,-0.35057,0.39533,0.849024,-1.8e-05,-0.000223,-0.000103,0.0,0.0,0.0,0.171883,-0.201598,0.047479,0.384792,0.709391,0.704797,-0.003986,-0.672861,0.679068,0.293359,0.208572,-0.206323,0.955925,-0.021155,-0.003339,0.02786,-0.052975,0.021918,-0.080018,0.413889,-0.007415,0.042541,0.009128,-0.625472,-0.780028,0.01843,0.759743,-0.603488,0.242055,-0.177687,0.165401,0.970087,-0.0049,0.004182,0.009411,-0.037539,-0.002262,-0.01224,0.376914,0.117661,0.032836,-0.031189,-0.397453,0.770855,-0.497807,-0.818467,-0.543092,-0.18751,-0.414899,0.332913,0.846774,-5e-06,-6.8e-05,-3.2e-05,-4e-06,-2e-06,1e-06,0.025618
16,0.16101,0.01592,0.421325,-0.314796,0.803363,-0.505526,-0.881891,-0.444435,-0.157222,-0.350596,0.395324,0.849016,1.5e-05,0.000191,8.8e-05,0.0,0.0,0.0,0.176371,-0.202198,0.047387,0.385819,0.70507,0.709099,-0.006722,-0.677139,0.676204,0.290111,0.209375,-0.2009,0.956903,-0.021179,-0.00407,0.027482,0.092042,-0.120154,-0.134451,0.415743,-0.007714,0.042498,0.009643,-0.621242,-0.783461,0.015663,0.763167,-0.600372,0.239015,-0.177855,0.16044,0.970889,-0.004818,-0.002698,0.013016,0.147499,-0.16712,-0.145767,0.377567,0.117662,0.032841,-0.031192,-0.397438,0.77086,-0.497811,-0.818462,-0.54309,-0.18754,-0.414924,0.332904,0.846764,1.3e-05,0.000152,7e-05,2e-06,1e-06,6e-06,0.030353
17,0.16101,0.01592,0.421325,-0.314796,0.803363,-0.505526,-0.881891,-0.444435,-0.157222,-0.350596,0.395324,0.849016,0.0,3e-06,1e-06,0.0,0.0,0.0,0.178824,-0.202414,0.047303,0.386297,0.703625,0.710525,-0.0076,-0.678483,0.675152,0.289421,0.209885,-0.199393,0.957107,-0.009612,-0.005654,0.025881,0.011419,-0.061417,-0.059123,0.415825,-0.007827,0.042458,0.009883,-0.619439,-0.784911,0.014452,0.764571,-0.599005,0.237955,-0.178117,0.158449,0.971168,-0.004874,-0.003424,0.012662,0.006224,-0.047878,-0.095069,0.37822,0.117662,0.032842,-0.031192,-0.397438,0.77086,-0.497811,-0.818462,-0.543091,-0.18754,-0.414924,0.332904,0.846765,0.0,1.3e-05,5e-06,-1.5e-05,-1.6e-05,-4e-06,0.033455
18,0.161011,0.015928,0.421329,-0.314776,0.803369,-0.505529,-0.881897,-0.444419,-0.157233,-0.350599,0.39533,0.849012,0.000127,0.001594,0.000735,0.001046,-0.010444,0.02684,0.181774,-0.202807,0.047232,0.387244,0.699881,0.714165,-0.011247,-0.682032,0.673054,0.285943,0.210899,-0.193366,0.95812,-0.009746,0.007684,0.018364,0.025761,-0.042127,-0.055799,0.41461,-0.008027,0.042416,0.010364,-0.615399,-0.788146,0.010422,0.767762,-0.596385,0.234234,-0.178395,0.152149,0.972124,-0.004875,0.004019,0.009274,-0.01288,-0.013799,-0.060161,0.377893,0.117662,0.032842,-0.031192,-0.397438,0.77086,-0.497811,-0.818462,-0.543091,-0.18754,-0.414924,0.332904,0.846765,-5e-06,7e-06,4e-06,-2.9e-05,-3.8e-05,-1.6e-05,0.038354
19,0.161011,0.015928,0.421329,-0.314776,0.803369,-0.505529,-0.881897,-0.444419,-0.157233,-0.350599,0.39533,0.849012,0.0,0.0,0.0,0.0,0.0,0.0,0.183159,-0.203285,0.047327,0.388338,0.695914,0.71797,-0.014618,-0.68578,0.670628,0.282662,0.211871,-0.187599,0.959052,-0.009014,0.00081,0.028889,0.044274,-0.091362,-0.077012,0.411441,-0.008255,0.042457,0.010892,-0.611475,-0.791232,0.007005,0.770823,-0.593657,0.231089,-0.178687,0.146704,0.972907,-0.004505,0.000648,0.014569,0.097245,-0.138124,-0.101589,0.375607,0.117662,0.032846,-0.03119,-0.397418,0.770868,-0.497814,-0.818469,-0.543075,-0.187551,-0.414928,0.33291,0.846761,-3e-06,-3e-06,-1e-06,2e-06,-1.3e-05,5e-06,0.040804
20,0.16101,0.01592,0.421325,-0.314796,0.803363,-0.505526,-0.881891,-0.444435,-0.157222,-0.350596,0.395324,0.849016,-6e-06,-7.3e-05,-3.4e-05,0.0,0.0,0.0,0.189174,-0.203776,0.047514,0.389412,0.693094,0.720651,-0.016581,-0.68833,0.668637,0.281177,0.212845,-0.184388,0.959459,-0.020396,0.003317,0.030836,0.057692,-0.090438,-0.114641,0.410712,-0.008504,0.042555,0.011437,-0.608504,-0.793535,0.004954,0.77302,-0.591338,0.229691,-0.179339,0.143597,0.97325,-0.004398,0.001659,0.015008,0.109488,-0.158811,-0.070183,0.373974,0.117662,0.032842,-0.031191,-0.397438,0.77086,-0.497811,-0.818462,-0.543091,-0.18754,-0.414924,0.332904,0.846765,-3e-06,-3.2e-05,-1.6e-05,-3e-06,3e-06,8e-06,0.046519
21,0.161011,0.015928,0.421329,-0.314776,0.803369,-0.505529,-0.881897,-0.444419,-0.157233,-0.350599,0.39533,0.849012,6e-06,7.2e-05,3.3e-05,0.0,0.0,0.0,0.191315,-0.204062,0.047614,0.389971,0.692606,0.721137,-0.015778,-0.688666,0.667759,0.282438,0.213341,-0.185672,0.959101,-0.00889,0.001561,0.029141,-0.06951,0.011669,-0.013852,0.410995,-0.008651,0.042609,0.011718,-0.60757,-0.794246,0.005549,0.773607,-0.59017,0.230715,-0.179969,0.144469,0.973004,-0.010246,0.001149,0.015168,-0.097261,0.13066,-0.217621,0.373484,0.117662,0.032846,-0.03119,-0.397418,0.770868,-0.497814,-0.818469,-0.543075,-0.18755,-0.414928,0.33291,0.846761,5e-06,5.1e-05,2.4e-05,9e-06,9e-06,1.3e-05,0.050438
22,0.161011,0.015928,0.421329,-0.314776,0.803369,-0.505529,-0.881897,-0.444419,-0.157233,-0.350599,0.39533,0.849012,0.0,0.0,0.0,0.0,0.0,0.0,0.194043,-0.204566,0.047671,0.391033,0.690313,0.723341,-0.01541,-0.690709,0.665361,0.283106,0.214167,-0.18571,0.95891,-0.009146,-0.001673,0.027591,-0.070749,0.012936,-0.013092,0.411194,-0.008903,0.042644,0.012252,-0.605075,-0.796146,0.005796,0.775364,-0.587595,0.23139,-0.180815,0.144502,0.972843,-0.010401,-0.000861,0.014214,-0.081427,0.047306,-0.066204,0.372668,0.117662,0.032846,-0.031189,-0.397418,0.770868,-0.497814,-0.818469,-0.543075,-0.18755,-0.414928,0.33291,0.846761,-0.0,-2e-06,-2e-06,-4e-06,8e-06,6e-06,0.0555
23,0.16101,0.015948,0.421295,-0.314734,0.803377,-0.505543,-0.881871,-0.44443,-0.157343,-0.3507,0.395301,0.848984,-5.6e-05,-0.000707,-0.000326,0.0,0.0,0.0,0.197046,-0.204997,0.04757,0.392097,0.68605,0.727314,-0.018477,-0.694658,0.66252,0.280091,0.215092,-0.180248,0.959744,-0.009284,-0.003451,0.026746,0.278541,-0.296641,-0.232611,0.411134,-0.009118,0.042593,0.012784,-0.601624,-0.798771,0.003591,0.777908,-0.584878,0.229731,-0.181402,0.141005,0.973247,-0.004617,-0.001232,0.013606,0.304675,-0.255477,-0.418993,0.372341,0.117662,0.032858,-0.031206,-0.397377,0.770882,-0.497826,-0.81844,-0.543081,-0.18766,-0.415024,0.33287,0.846729,-3.1e-05,-0.000401,-0.000186,6e-06,7e-06,1.5e-05,0.060399
24,0.160999,0.016012,0.421206,-0.314625,0.803398,-0.505576,-0.8818,-0.444466,-0.157642,-0.350977,0.395218,0.848909,-0.000177,0.008693,-0.010398,0.035805,-0.010274,0.019592,0.193802,-0.205202,0.047488,0.392655,0.683501,0.729643,-0.020986,-0.696997,0.661065,0.277709,0.215641,-0.176117,0.960388,-0.009169,-0.002321,0.027252,0.386286,-0.408221,-0.265353,0.410861,-0.009221,0.042548,0.013061,-0.599233,-0.800573,0.001029,0.77974,-0.583347,0.227399,-0.181449,0.137067,0.9738,-0.004636,-0.001516,0.013472,-0.046064,-0.01592,-0.053383,0.372178,0.117656,0.032886,-0.031247,-0.397287,0.770911,-0.497853,-0.818363,-0.543105,-0.187928,-0.415262,0.332764,0.846654,-4.3e-05,-0.000555,-0.000255,-1e-06,0.0,1.2e-05,0.060888
25,0.160972,0.016318,0.420634,-0.314185,0.80346,-0.505752,-0.881306,-0.444847,-0.159322,-0.352608,0.394664,0.84849,-0.000773,0.012124,-0.023211,0.070562,-0.010124,0.012336,0.166,-0.205528,0.04733,0.393726,0.683942,0.729115,-0.024629,-0.696515,0.662801,0.274767,0.2158,-0.1717,0.961152,0.002237,-0.004471,0.025409,0.020694,-0.084672,-0.032915,0.406263,-0.009388,0.042471,0.013598,-0.598759,-0.800918,-0.004107,0.7803,-0.584487,0.222498,-0.180603,0.130019,0.974924,-0.00471,-0.002424,0.01305,-0.000838,-0.045487,-0.102035,0.370055,0.117643,0.033045,-0.031524,-0.39685,0.771031,-0.498016,-0.817802,-0.543375,-0.189582,-0.416784,0.332043,0.84619,-0.000367,0.006199,-0.011543,0.070562,-0.010139,0.01234,0.046355
26,0.160815,0.017067,0.419343,-0.314195,0.80021,-0.510872,-0.879576,-0.447808,-0.16058,-0.356888,0.3979,0.845183,-0.001145,0.018327,-0.03471,0.016564,-0.342371,-0.30614,0.123263,-0.205752,0.047122,0.394693,0.689851,0.723449,-0.026818,-0.690914,0.669127,0.273572,0.214992,-0.171117,0.961437,0.00198,-0.007279,0.024131,-0.055342,0.000556,-0.004824,0.389488,-0.009496,0.042369,0.014077,-0.605178,-0.796068,-0.005807,0.775525,-0.591177,0.221516,-0.179774,0.129553,0.975139,0.000928,-0.004131,0.011851,-0.084565,0.057484,0.121056,0.357319,0.117565,0.033416,-0.032166,-0.396398,0.768842,-0.501746,-0.815868,-0.545609,-0.191489,-0.420982,0.333453,0.843552,-0.006693,0.01407,-0.022068,-0.003173,-0.692535,-0.234973,-0.003938
27,0.160457,0.018138,0.417454,-0.319613,0.790021,-0.523221,-0.873802,-0.459255,-0.159771,-0.366124,0.405142,0.837759,-0.013859,0.022643,-0.046612,0.069792,-0.231627,-0.307792,0.111476,-0.205965,0.046897,0.395507,0.689306,0.724004,-0.025809,-0.691109,0.667981,0.275869,0.216103,-0.173245,0.960807,0.001698,-0.010318,0.022768,-0.070832,0.011608,-0.009021,0.376469,-0.009606,0.04226,0.014491,-0.604602,-0.796514,-0.004608,0.775631,-0.590047,0.22414,-0.18125,0.131941,0.974545,-0.005112,0.000233,0.007383,-0.037516,0.015732,-0.01866,0.339193,0.117395,0.033941,-0.033083,-0.400103,0.757447,-0.515935,-0.808749,-0.556619,-0.189997,-0.431093,0.341244,0.83529,-0.000907,0.01546,-0.028784,0.083229,-0.473196,-0.129799,-0.038392
28,0.160256,0.018703,0.416353,-0.320577,0.783151,-0.53287,-0.871657,-0.464028,-0.157681,-0.370364,0.412955,0.832062,-0.014266,0.028398,-0.058279,0.100049,-0.3735,-0.127841,0.114034,-0.206052,0.046795,0.395839,0.688905,0.72441,-0.025157,-0.691395,0.66728,0.276847,0.21647,-0.174251,0.960542,0.001057,-0.002958,0.012371,-0.036319,0.01235,-0.017314,0.375601,-0.009645,0.04221,0.014657,-0.604173,-0.796843,-0.003998,0.77585,-0.589385,0.225123,-0.181744,0.132911,0.974321,0.000716,-0.006437,0.010815,-0.070999,0.012185,-0.007008,0.334131,0.11729,0.034236,-0.03365,-0.400066,0.750358,-0.526221,-0.805974,-0.561387,-0.18775,-0.436294,0.349009,0.82936,-0.001061,0.013515,-0.029664,0.088088,-0.343361,-0.295375,-0.042964
29,0.159581,0.019868,0.41354,-0.326299,0.761076,-0.560658,-0.864941,-0.479602,-0.147751,-0.380945,0.435776,0.81548,-0.027595,0.036264,-0.082863,0.102404,-0.552346,-0.437909,0.122356,-0.206111,0.046686,0.39628,0.69664,0.717016,-0.023938,-0.684154,0.674159,0.278167,0.214711,-0.17832,0.96019,-0.011017,0.005843,0.003458,-0.002366,0.018941,-0.01635,0.375817,-0.009674,0.04215,0.014886,-0.61267,-0.790335,-0.002193,0.76945,-0.597108,0.226732,-0.180504,0.137225,0.973954,0.00044,-0.002341,0.005802,-0.047437,0.101789,-0.123989,0.330702,0.116964,0.034813,-0.035016,-0.402264,0.728868,-0.554016,-0.797925,-0.575817,-0.178185,-0.448885,0.370386,0.813212,-0.013824,0.017195,-0.041866,0.032552,-0.849214,-0.58827,-0.038719
30,0.158636,0.020778,0.410324,-0.331481,0.734166,-0.592593,-0.856697,-0.497279,-0.136957,-0.394828,0.461358,0.794536,-0.028821,0.012386,-0.079864,0.171073,-0.953431,-0.531901,0.131937,-0.206102,0.046628,0.396584,0.694812,0.71877,-0.024445,-0.685981,0.672703,0.277188,0.214804,-0.176742,0.960461,0.000326,0.003449,0.001537,0.005853,-0.005508,-0.003219,0.385488,-0.009675,0.042123,0.015034,-0.610698,-0.791857,-0.002989,0.771059,-0.595508,0.225471,-0.18032,0.13539,0.974244,0.000207,0.002243,0.001,-0.022737,0.085083,-0.158496,0.335438,0.116486,0.035292,-0.03665,-0.403747,0.702594,-0.58596,-0.78783,-0.592613,-0.167729,-0.465093,0.393917,0.79279,-0.008314,0.010505,-0.045269,0.643159,-1.573665,-0.280941,-0.028922
31,0.158037,0.02112,0.408491,-0.33318,0.718705,-0.610327,-0.852925,-0.505598,-0.129851,-0.401499,0.476404,0.782218,-0.041673,0.016787,-0.091878,-0.051251,-1.210434,-0.640388,0.138729,-0.206076,0.046604,0.396685,0.693459,0.720033,-0.025662,-0.687347,0.671961,0.275603,0.214814,-0.174399,0.960887,0.000258,0.002736,0.001219,0.067079,-0.063179,-0.0369,0.386998,-0.009662,0.042108,0.015088,-0.609429,-0.792828,-0.004252,0.772125,-0.594716,0.223907,-0.180048,0.133173,0.974601,0.00607,-0.003997,0.004639,0.023025,0.01939,-0.21152,0.338867,0.116191,0.035461,-0.037562,-0.403369,0.688334,-0.6029,-0.783267,-0.600368,-0.161402,-0.47306,0.407127,0.781319,-0.014675,0.008089,-0.04627,0.045283,-0.829976,-0.412989,-0.02141
32,0.156639,0.02147,0.404997,-0.32805,0.690002,-0.645233,-0.845563,-0.51897,-0.125159,-0.420817,0.503666,0.754493,-0.05474,0.001018,-0.085076,-0.053159,-1.276758,-0.68801,0.160177,-0.206031,0.046543,0.396913,0.695453,0.718086,-0.026234,-0.686445,0.674859,0.270726,0.211234,-0.171185,0.962258,0.000739,-0.006331,0.010867,-0.01574,-0.018405,-0.00201,0.384856,-0.00964,0.042075,0.015196,-0.611468,-0.791254,-0.004807,0.771443,-0.597488,0.218822,-0.176016,0.130094,0.975752,0.000135,0.001471,0.000655,-0.010992,0.004345,-0.016709,0.340173,0.115496,0.035635,-0.039316,-0.394053,0.661371,-0.638207,-0.774452,-0.612859,-0.156928,-0.49492,0.432423,0.7537,-0.021234,0.004677,-0.047903,0.2179,-1.085888,-0.190264,0.000144
33,0.154719,0.021547,0.401452,-0.320674,0.660354,-0.679077,-0.838812,-0.530942,-0.120276,-0.439584,0.530226,0.725019,-0.055565,-0.002835,-0.087557,-0.018919,-0.978132,-0.406179,0.188312,-0.206028,0.046507,0.397144,0.69324,0.720104,-0.029322,-0.688587,0.673951,0.267528,0.211537,-0.166189,0.963066,0.000411,0.004357,0.001935,-0.00555,0.071811,-0.154244,0.375917,-0.009638,0.042053,0.015315,-0.609227,-0.792954,-0.008064,0.773261,-0.59629,0.215648,-0.175808,0.125144,0.976437,0.000149,0.001616,0.000718,-0.017667,0.013391,-0.005474,0.334785,0.114536,0.035668,-0.04109,-0.382274,0.632299,-0.673842,-0.76628,-0.624452,-0.15124,-0.516411,0.458536,0.72323,-0.027774,-0.002115,-0.044104,-0.098448,-1.264466,-0.569884,0.032476
34,0.152339,0.021332,0.397969,-0.308163,0.632742,-0.710435,-0.833781,-0.539175,-0.118619,-0.457728,0.555005,0.694609,-0.056653,-0.007713,-0.090788,-0.021259,-1.098426,-0.283954,0.197763,-0.206034,0.046457,0.39738,0.691994,0.721247,-0.030649,-0.689753,0.673251,0.266285,0.21182,-0.164048,0.963371,0.00067,-0.007069,0.010542,-0.031354,0.00758,-0.020082,0.375481,-0.009641,0.042034,0.015431,-0.607885,-0.793969,-0.009374,0.774319,-0.595371,0.214388,-0.175798,0.123065,0.976703,0.000189,0.00205,0.000909,-0.012919,0.009692,-0.004701,0.331029,0.113347,0.035563,-0.042831,-0.366132,0.607604,-0.704814,-0.760325,-0.632014,-0.149876,-0.536518,0.481014,0.693378,-0.034448,-0.003747,-0.045101,-0.045533,-1.275213,-0.185769,0.058766
35,0.15096,0.021132,0.396234,-0.301109,0.620988,-0.723708,-0.832083,-0.541766,-0.118744,-0.465452,0.565656,0.680746,-0.069578,-0.00876,-0.091379,0.020573,-0.918391,-0.242493,0.194911,-0.206043,0.046443,0.397478,0.69191,0.721333,-0.030507,-0.6898,0.673096,0.266553,0.211937,-0.164307,0.963301,0.000594,-0.007872,0.010187,-0.036255,0.012198,-0.017396,0.375564,-0.009645,0.042029,0.01548,-0.6078,-0.794037,-0.009119,0.774342,-0.595191,0.214802,-0.175989,0.123496,0.976614,0.000139,0.001513,0.000672,-0.003084,0.002796,0.001149,0.330376,0.112662,0.035462,-0.043699,-0.357283,0.596596,-0.718624,-0.758309,-0.634469,-0.149718,-0.545267,0.491447,0.679089,-0.034761,-0.004855,-0.045895,-0.042775,-1.268544,-0.220938,0.062031
36,0.147722,0.020613,0.392787,-0.289704,0.601105,-0.744842,-0.830014,-0.54525,-0.117269,-0.476263,0.583506,0.657815,-0.095645,-0.009455,-0.091973,0.120962,-0.567713,0.028945,0.181196,-0.20607,0.046367,0.397601,0.695684,0.717722,-0.029827,-0.686299,0.676483,0.267018,0.210946,-0.166205,0.963193,6e-06,6.5e-05,2.9e-05,0.0,-0.0,-0.0,0.373965,-0.009658,0.04199,0.015546,-0.611959,-0.790847,-0.008125,0.77123,-0.598993,0.215431,-0.17524,0.125569,0.976484,0.000165,-0.005309,0.004487,-0.048863,0.101921,-0.193509,0.329396,0.111053,0.035201,-0.045423,-0.342956,0.577606,-0.740777,-0.755808,-0.637958,-0.147521,-0.557795,0.509292,0.655351,-0.047788,-0.009706,-0.041208,0.071955,-0.500283,-0.183257,0.05452
37,0.143735,0.019977,0.389344,-0.279425,0.584781,-0.761577,-0.827819,-0.548521,-0.117525,-0.486127,0.596879,0.638312,-0.109762,-0.020003,-0.083677,0.119679,-0.396338,0.04573,0.165436,-0.206148,0.046292,0.397645,0.695102,0.718317,-0.029045,-0.686948,0.675715,0.267293,0.210753,-0.166761,0.96314,-0.011562,-1.8e-05,0.000842,-0.002045,0.015205,-0.029245,0.372791,-0.009693,0.041951,0.015567,-0.611315,-0.791352,-0.007405,0.77177,-0.598205,0.215688,-0.175114,0.126139,0.976433,-4.9e-05,-0.000505,-0.000221,-0.012528,0.089534,-0.176509,0.326783,0.109105,0.034893,-0.047117,-0.330597,0.5632,-0.757304,-0.753274,-0.640887,-0.147785,-0.56858,0.521601,0.636119,-0.054699,-0.004963,-0.046431,0.136156,-0.497689,0.022019,0.037048
38,0.141615,0.019642,0.387728,-0.275934,0.578363,-0.767726,-0.826539,-0.550421,-0.117654,-0.490284,0.601369,0.630876,-0.123065,-0.01912,-0.083451,0.088496,-0.413388,-0.221358,0.158391,-0.206165,0.046278,0.397661,0.694832,0.718594,-0.028686,-0.687256,0.675364,0.26739,0.210644,-0.166993,0.963123,-1e-06,-1e-05,-5e-06,0.0,-0.0,-0.0,0.372576,-0.009706,0.041941,0.015574,-0.610991,-0.791606,-0.007051,0.772046,-0.597816,0.215777,-0.175025,0.126394,0.976416,-2e-06,-1.2e-05,-4e-06,-0.012533,0.089496,-0.176643,0.326293,0.108009,0.034717,-0.047957,-0.326087,0.558174,-0.762959,-0.75182,-0.642394,-0.148644,-0.57309,0.525138,0.629123,-0.055218,-0.010432,-0.042316,0.065242,-0.660611,-0.083613,0.027087
39,0.136834,0.018859,0.384385,-0.271617,0.569335,-0.775969,-0.823503,-0.554707,-0.118805,-0.497745,0.606033,0.620484,-0.125003,-0.020371,-0.085588,0.154816,-0.218805,0.092653,0.153712,-0.206255,0.046228,0.397748,0.693113,0.72022,-0.029454,-0.689047,0.674145,0.26585,0.210454,-0.164888,0.963527,0.000517,-0.008674,0.009837,-0.033806,-0.001345,0.007939,0.363027,-0.009752,0.041913,0.015617,-0.609124,-0.793034,-0.008005,0.773625,-0.596377,0.214099,-0.174561,0.12422,0.976778,0.000256,-0.004346,0.004916,-0.041833,0.005213,0.007347,0.321721,0.105573,0.034318,-0.049661,-0.320341,0.549065,-0.771951,-0.74815,-0.646497,-0.149369,-0.581078,0.529687,0.617883,-0.062463,-0.010416,-0.042861,0.16717,-0.157483,0.123274,0.013044
40,0.131771,0.018127,0.380937,-0.268177,0.558284,-0.785141,-0.82248,-0.556984,-0.115186,-0.501291,0.614176,0.609527,-0.126006,-0.006963,-0.094393,0.139982,-0.355329,-0.17449,0.151053,-0.206468,0.046084,0.397968,0.690195,0.722925,-0.031663,-0.691978,0.67232,0.262842,0.210434,-0.160425,0.964284,0.000557,-0.008239,0.010034,0.07506,-0.105216,-0.05216,0.358915,-0.009854,0.041848,0.015719,-0.606399,-0.795093,-0.010299,0.775895,-0.594491,0.211106,-0.173972,0.120024,0.977408,-0.005716,0.00072,0.000747,0.173473,-0.149569,-0.112672,0.312577,0.103135,0.033955,-0.051321,-0.315653,0.539821,-0.780355,-0.747174,-0.648333,-0.146262,-0.584886,0.536894,0.607989,-0.063212,-0.009478,-0.043043,0.05148,-0.463075,-0.508348,0.008799
41,0.12937,0.017829,0.37934,-0.269427,0.550399,-0.790263,-0.820075,-0.561284,-0.111398,-0.504548,0.617374,0.603579,-0.126851,-0.015203,-0.084715,0.023877,-0.59972,-0.547323,0.149145,-0.206583,0.045958,0.398116,0.688821,0.72418,-0.032868,-0.693307,0.671481,0.26148,0.210562,-0.15825,0.964616,0.000408,-0.009785,0.009353,0.363251,-0.36952,-0.237991,0.358742,-0.009915,0.041782,0.015803,-0.605576,-0.795719,-0.010387,0.776489,-0.593697,0.211159,-0.17419,0.119808,0.977396,0.000196,-0.004912,0.004668,0.349613,-0.358411,-0.23907,0.310617,0.101887,0.0338,-0.052157,-0.315977,0.53316,-0.784791,-0.744346,-0.652215,-0.1434,-0.588308,0.538846,0.60294,-0.063381,-0.007845,-0.042421,0.145766,-0.142343,-0.092626,0.005696
42,0.12449,0.017399,0.376092,-0.265465,0.532714,-0.80361,-0.821567,-0.561133,-0.100645,-0.504225,0.632837,0.587623,-0.11441,-0.009683,-0.082869,0.0059,-0.678843,-0.55596,0.158238,-0.206854,0.045535,0.398525,0.688883,0.723953,-0.036384,-0.693428,0.672932,0.257399,0.209962,-0.153012,0.965591,0.000343,-0.010425,0.00908,0.281658,-0.292783,-0.193026,0.358799,-0.010051,0.041571,0.016007,-0.605566,-0.795659,-0.01465,0.776822,-0.595025,0.206135,-0.172731,0.113448,0.978413,0.000161,-0.005238,0.00453,0.373969,-0.369934,-0.185072,0.309638,0.099399,0.033575,-0.053816,-0.309492,0.515223,-0.799224,-0.745936,-0.652809,-0.131979,-0.589739,0.555324,0.586362,-0.057089,-0.004606,-0.04121,-0.021751,-0.811534,-0.624349,0.007492
43,0.119946,0.017193,0.372917,-0.260719,0.50894,-0.820397,-0.820521,-0.564538,-0.089522,-0.50839,0.649178,0.565804,-0.10189,-0.006055,-0.081953,0.032506,-0.809161,-0.14534,0.1666,-0.207218,0.044995,0.399127,0.684726,0.7277,-0.039949,-0.697316,0.670233,0.253913,0.210687,-0.146933,0.966378,-0.010595,-0.0177,0.020433,0.042521,-0.073195,-0.128679,0.358387,-0.010225,0.04131,0.016291,-0.600718,-0.799231,-0.019127,0.780629,-0.591562,0.201671,-0.172497,0.106216,0.979266,-0.005423,-0.003093,0.005915,0.124023,-0.140834,-0.113287,0.308168,0.097165,0.033475,-0.055372,-0.301658,0.492225,-0.816526,-0.744764,-0.656353,-0.120523,-0.595255,0.571763,0.564585,-0.05685,0.003862,-0.044215,0.01527,-0.946149,-0.42138,0.021699
44,0.115545,0.017145,0.369916,-0.255822,0.481137,-0.838516,-0.816889,-0.571377,-0.078693,-0.51666,0.664243,0.540251,-0.114423,0.002903,-0.07703,0.049592,-0.618746,-0.27967,0.167407,-0.207563,0.04457,0.399853,0.685138,0.727086,-0.043857,-0.696877,0.671943,0.250577,0.210799,-0.142045,0.967084,0.001456,-0.012924,0.02171,-0.024093,-0.033428,-0.034708,0.356278,-0.010407,0.041084,0.016659,-0.601136,-0.798807,-0.023287,0.780411,-0.593067,0.198064,-0.172025,0.10089,0.979912,-0.005222,-0.001033,0.006834,-0.025864,-0.001302,-0.057752,0.305229,0.094969,0.033446,-0.056875,-0.29276,0.464914,-0.83555,-0.740594,-0.662985,-0.109407,-0.604823,0.586774,0.538408,-0.050943,-0.00447,-0.034481,-0.006696,-0.71996,-0.321618,0.025617
45,0.113382,0.017134,0.368533,-0.252511,0.465889,-0.848074,-0.815335,-0.574366,-0.072827,-0.520728,0.672494,0.525947,-0.101819,-0.005516,-0.067335,-0.038202,-1.004681,-0.21869,0.171003,-0.207737,0.044399,0.400235,0.682632,0.729417,-0.044209,-0.700067,0.670244,0.246196,0.208351,-0.138043,0.968192,-0.010064,-0.012268,0.022864,0.135788,-0.072825,-0.139003,0.357292,-0.010488,0.041002,0.016851,-0.598745,-0.800596,-0.023433,0.782867,-0.591164,0.194017,-0.169182,0.097822,0.980717,-0.00522,-0.001015,0.006841,0.340052,0.030991,-0.193679,0.304086,0.093882,0.033441,-0.057572,-0.287951,0.451882,-0.844325,-0.738803,-0.66579,-0.104367,-0.609305,0.593738,0.525567,-0.056991,0.003405,-0.037387,-0.026809,-0.976387,-0.473689,0.027577
46,0.109241,0.017006,0.36611,-0.245692,0.442799,-0.862328,-0.813067,-0.578456,-0.065437,-0.527497,0.684501,0.503222,-0.101695,-0.008219,-0.05405,-0.003577,-0.577706,-0.211436,0.178596,-0.208065,0.044181,0.400928,0.680929,0.730968,-0.044863,-0.701472,0.668726,0.246326,0.209201,-0.137193,0.96813,-0.010254,-0.00051,0.014334,-0.028503,0.006956,-0.025221,0.359012,-0.010653,0.04089,0.017201,-0.596497,-0.802243,-0.024409,0.784419,-0.589144,0.193894,-0.169931,0.09651,0.980718,-0.005147,-0.000326,0.007143,-0.050598,0.025687,-0.027224,0.305229,0.091773,0.033373,-0.05881,-0.277547,0.428572,-0.859821,-0.736175,-0.669908,-0.096276,-0.617262,0.606258,0.501435,-0.050738,-0.003839,-0.026774,-0.002014,-0.570327,-0.20743,0.037211
47,0.105402,0.016673,0.364201,-0.239018,0.424742,-0.873218,-0.811741,-0.580861,-0.060406,-0.532586,0.693859,0.484705,-0.101702,-0.011975,-0.041281,-0.00011,-0.503427,0.027958,0.180489,-0.208357,0.044048,0.401501,0.683435,0.72859,-0.04544,-0.699105,0.671284,0.246098,0.208948,-0.137355,0.968162,-0.010429,-0.002312,0.013543,-0.036426,0.014696,-0.020839,0.358505,-0.010798,0.040828,0.01749,-0.599325,-0.800126,-0.024642,0.782301,-0.591946,0.193919,-0.169746,0.096944,0.980707,0.0005,-0.001782,0.006074,-0.040327,0.016039,-0.015484,0.305882,0.089892,0.033212,-0.059748,-0.268777,0.411951,-0.870663,-0.73468,-0.672245,-0.091271,-0.622898,0.615128,0.483337,-0.044273,-0.006902,-0.021204,-0.020679,-0.489983,-0.186784,0.042763
48,0.103616,0.016433,0.363465,-0.236237,0.419582,-0.876463,-0.811435,-0.581365,-0.059663,-0.534293,0.696575,0.478896,-0.087824,-0.009083,-0.039521,0.040451,-0.226685,0.023221,0.182379,-0.208493,0.044038,0.401725,0.683099,0.728935,-0.044948,-0.699382,0.670774,0.2467,0.209119,-0.138015,0.968031,-0.010389,-0.001957,0.013696,-0.036523,0.01481,-0.020776,0.358641,-0.010866,0.040822,0.017601,-0.598965,-0.80041,-0.024149,0.782521,-0.591448,0.194548,-0.170001,0.097631,0.980595,-0.005403,0.003857,0.002118,-0.000819,0.00348,-0.001285,0.305555,0.088993,0.033089,-0.060119,-0.265101,0.40669,-0.874256,-0.734346,-0.672744,-0.090275,-0.624865,0.618075,0.476996,-0.044353,-0.010165,-0.015541,0.012382,-0.158017,0.002552,0.044723
49,0.100318,0.015719,0.36242,-0.2326,0.414419,-0.879886,-0.811348,-0.581507,-0.059463,-0.536021,0.699546,0.472593,-0.074479,-0.015019,-0.027864,0.034068,-0.087945,0.111479,0.189222,-0.208679,0.044027,0.402055,0.682225,0.729825,-0.043767,-0.700212,0.669553,0.247659,0.209194,-0.139245,0.967839,0.000443,0.004313,0.001877,-0.012805,0.087014,-0.178366,0.358209,-0.010963,0.040819,0.017772,-0.598076,-0.801105,-0.023108,0.783144,-0.590306,0.195509,-0.170263,0.098832,0.980429,0.000404,-0.002777,0.005639,-0.034557,-5.5e-05,0.009986,0.305066,0.087339,0.032735,-0.060644,-0.260886,0.40245,-0.877479,-0.734239,-0.672857,-0.090303,-0.626762,0.620721,0.471034,-0.04407,-0.011377,-0.008503,0.004656,-0.023205,0.083837,0.050438
50,0.09749,0.014739,0.361785,-0.233439,0.414059,-0.879834,-0.811295,-0.581675,-0.058548,-0.535737,0.69962,0.472805,-0.074429,-0.020182,-0.015555,-0.002722,0.018939,-0.049522,0.204371,-0.208765,0.043934,0.402216,0.6899,0.722645,-0.042573,-0.693196,0.676573,0.24832,0.207383,-0.142728,0.967721,0.000231,-0.011276,0.00878,-0.038239,0.023352,0.025956,0.354327,-0.011005,0.040783,0.017853,-0.60628,-0.794966,-0.021275,0.777122,-0.597927,0.196376,-0.168833,0.102526,0.980297,-0.000103,-0.000958,-0.000415,-0.034535,0.213884,0.308418,0.303596,0.08595,0.032262,-0.060962,-0.261556,0.40235,-0.877326,-0.734202,-0.672973,-0.089745,-0.626526,0.620661,0.471426,-0.030627,-0.011188,-0.008459,-0.001593,0.004952,-0.019599,0.067583
51,0.095362,0.013801,0.361234,-0.238819,0.413002,-0.878886,-0.810394,-0.583369,-0.053987,-0.534722,0.698835,0.475109,-0.047885,-0.02227,-0.017094,-0.004633,0.086126,-0.164224,0.20276,-0.208834,0.043787,0.402218,0.693335,0.719411,-0.041529,-0.690109,0.679607,0.248631,0.206219,-0.144644,0.967685,-0.011797,-0.002109,-5.6e-05,-0.002045,0.015205,-0.029245,0.3348,-0.011036,0.040701,0.017855,-0.610156,-0.792028,-0.01998,0.774287,-0.601454,0.196805,-0.167892,0.104612,0.980238,-0.00019,-0.001833,-0.000794,-0.012647,0.086796,-0.178109,0.290696,0.084854,0.031785,-0.061236,-0.266749,0.400657,-0.876537,-0.733234,-0.674614,-0.085222,-0.62547,0.619974,0.473728,-0.024384,-0.016468,-0.00414,-0.039807,0.118027,-0.205385,0.076564
52,0.094444,0.013382,0.360924,-0.242222,0.412328,-0.878271,-0.809704,-0.584576,-0.051193,-0.534231,0.698225,0.476556,-0.047507,-0.02041,-0.015845,-0.004626,0.086122,-0.164226,0.200164,-0.208894,0.043718,0.402192,0.693077,0.719679,-0.041208,-0.690407,0.679286,0.24868,0.20609,-0.144823,0.967686,-0.011901,-0.003084,-0.000481,-0.003902,0.027797,-0.055099,0.318777,-0.011066,0.040666,0.017842,-0.60987,-0.792256,-0.019694,0.774535,-0.601121,0.196842,-0.167787,0.104795,0.980236,-0.000138,-0.001331,-0.000577,9e-06,2.3e-05,0.000241,0.274694,0.084394,0.031575,-0.061392,-0.270061,0.399568,-0.876019,-0.732468,-0.675791,-0.082434,-0.624945,0.619394,0.475176,-0.023705,-0.010083,-0.007795,-0.004655,0.086147,-0.164266,0.075585
53,0.092905,0.01262,0.360308,-0.247872,0.411179,-0.877232,-0.808483,-0.586648,-0.04659,-0.533483,0.697166,0.478938,-0.033663,-0.019703,-0.015328,-0.003628,0.071409,-0.134672,0.199212,-0.208962,0.043618,0.402184,0.696,0.71691,-0.040176,-0.688596,0.682409,0.245127,0.202275,-0.143859,0.968634,-6e-05,-0.000579,-0.000253,0.006732,-0.006667,-0.003738,0.30028,-0.011105,0.040608,0.017834,-0.612985,-0.789876,-0.018566,0.772932,-0.604375,0.193147,-0.163783,0.104046,0.980993,-2e-05,-0.000192,-8.2e-05,-0.012326,0.008464,-0.006771,0.243179,0.08362,0.031193,-0.061699,-0.275578,0.397722,-0.875141,-0.731105,-0.677811,-0.077821,-0.624132,0.618375,0.477567,-0.016238,-0.004142,-0.011715,0.031455,0.039387,-0.093644,0.072809
54,0.09178,0.01195,0.359736,-0.252281,0.410269,-0.876401,-0.807472,-0.58831,-0.043026,-0.532942,0.696303,0.480793,-0.019479,-0.018388,-0.014255,-0.002634,0.056701,-0.105116,0.188999,-0.208991,0.04352,0.402298,0.698963,0.713942,-0.04157,-0.685786,0.685747,0.243685,0.201604,-0.142731,0.968941,0.000127,0.001222,0.000533,0.007914,-0.007822,-0.004292,0.293021,-0.01112,0.040559,0.017891,-0.61632,-0.787248,-0.01975,0.770444,-0.607977,0.191777,-0.162984,0.10298,0.981239,7.5e-05,0.000734,0.000321,-0.011578,0.008844,-0.007486,0.227993,0.083051,0.030858,-0.061986,-0.279887,0.396266,-0.874434,-0.729978,-0.679425,-0.074244,-0.623534,0.617538,0.479428,-0.016075,-0.007088,-0.005629,-0.003117,0.057432,-0.109491,0.067583
55,0.091287,0.011674,0.359506,-0.254296,0.409856,-0.876013,-0.807016,-0.589053,-0.04139,-0.532673,0.695919,0.481646,-0.031869,-0.012962,-0.01043,-0.003065,0.057421,-0.109481,0.175026,-0.209014,0.043421,0.40239,0.697819,0.715109,-0.040735,-0.687743,0.684966,0.240345,0.198897,-0.140615,0.969809,-0.011188,-0.009612,0.010374,0.244374,-0.253022,-0.203605,0.288779,-0.011131,0.040512,0.017939,-0.615688,-0.787784,-0.017985,0.771543,-0.607319,0.189433,-0.160155,0.102756,0.981728,-0.005596,-0.004795,0.005191,0.365091,-0.364819,-0.189814,0.221787,0.082809,0.030716,-0.062103,-0.281844,0.395608,-0.874103,-0.729474,-0.680142,-0.072614,-0.623242,0.61717,0.48028,-0.009268,-0.007574,-0.0059,-0.002131,0.042702,-0.079948,0.056969
56,0.090302,0.011213,0.359175,-0.258248,0.409062,-0.875227,-0.806182,-0.590414,-0.038132,-0.532031,0.695234,0.483343,-0.030323,-0.007524,-0.006347,-0.002515,0.043422,-0.084295,0.160561,-0.209065,0.043177,0.402638,0.695524,0.717301,-0.041439,-0.690751,0.683556,0.235686,0.196509,-0.136217,0.970923,0.000331,-0.010274,0.009228,0.041783,-0.065107,-0.060673,0.278705,-0.011156,0.040395,0.01806,-0.612657,-0.7901,-0.019827,0.774597,-0.605241,0.183525,-0.157003,0.09708,0.982814,-2e-06,9e-06,4e-06,0.076729,-0.086415,-0.053762,0.210194,0.082322,0.030486,-0.062268,-0.285666,0.39434,-0.873435,-0.728563,-0.681455,-0.069381,-0.622567,0.616533,0.48197,-0.015796,-0.009606,0.000816,-0.037633,0.0756,-0.125277,0.02921
