frame,MLTx,MLTy,MLTz,MLTR1,MLTR2,MLTR3,MLTR4,MLTR5,MLTR6,MLTR7,MLTR8,MLTR9,MLTTVx,MLTTVy,MLTTVz,MLTRVx,MLTRVy,MLTRVz,MLGA,MRTx,MRTy,MRTz,MRTR1,MRTR2,MRTR3,MRTR4,MRTR5,MRTR6,MRTR7,MRTR8,MRTR9,MRTTVx,MRTTVy,MRTTVz,MRTRVx,MRTRVy,MRTRVz,MRGA,SLTx,SLTy,SLTz,SLTR1,SLTR2,SLTR3,SLTR4,SLTR5,SLTR6,SLTR7,SLTR8,SLTR9,SLTTVx,SLTTVy,SLTTVz,SLTRVx,SLTRVy,SLTRVz,SLGA,SRTx,SRTy,SRTz,SRTR1,SRTR2,SRTR3,SRTR4,SRTR5,SRTR6,SRTR7,SRTR8,SRTR9,SRTTVx,SRTTVy,SRTTVz,SRTRVx,SRTRVy,SRTRVz,SRGA
368,0.127814,-0.011535,0.307621,-0.008204,-0.113257,-0.993554,-0.550656,-0.828826,0.098972,-0.834691,0.548057,-0.054329,0.000818,-0.004695,0.015178,-0.002073,0.259984,0.172582,0.451201,-0.192891,0.000555,0.308892,-0.064033,0.566449,0.8216,0.467065,-0.710447,0.526355,0.881901,0.416727,-0.22012,-0.001541,-0.002156,-0.021366,0.020725,0.049242,-0.009874,-1.400818,0.032487,0.044658,-0.017003,0.241823,-0.481738,0.842288,-0.485344,0.691607,0.534901,-0.840215,-0.538151,-0.066563,-0.000758,-0.001084,-0.010687,0.041515,0.012146,-0.038159,-0.881893,0.062552,0.034326,-0.064124,0.167899,0.065334,-0.983636,0.40981,0.902871,0.129921,0.896585,-0.424917,0.124817,0.000627,0.003226,0.003524,0.062543,0.425565,0.270935,0.421434
369,0.127864,-0.011511,0.308058,-0.007792,-0.112971,-0.99359,-0.551241,-0.828498,0.09847,-0.834309,0.548613,-0.054581,0.000618,-0.005707,0.014057,-0.035129,0.016148,-0.016642,0.450652,-0.192954,0.000466,0.308155,-0.059503,0.572415,0.817797,0.468279,-0.707407,0.529361,0.881569,0.41373,-0.226995,-0.001375,0.000158,-0.019095,-0.155268,0.471681,0.321136,-1.400948,0.032455,0.04461,-0.017376,0.238688,-0.486417,0.840491,-0.485375,0.689883,0.537095,-0.841093,-0.536152,-0.071427,-0.000675,0.000124,-0.009499,-0.140091,0.443629,0.299971,-0.877974,0.062577,0.034339,-0.063903,0.168111,0.064044,-0.983685,0.410543,0.90268,0.128931,0.89621,-0.42552,0.125458,0.000631,0.003262,0.003554,-0.000153,-0.018527,0.022382,0.420617
370,0.127893,-0.01153,0.308281,-0.008852,-0.110173,-0.993896,-0.551342,-0.828638,0.096711,-0.834231,0.548967,-0.052171,0.000742,-0.005072,0.014743,-0.032269,0.019876,0.019849,0.450388,-0.192968,0.000401,0.307814,-0.059097,0.572234,0.817953,0.467886,-0.707833,0.52914,0.881804,0.413254,-0.226948,-0.00085,-0.011454,-0.011574,-0.004436,0.022903,-0.019072,-1.400803,0.032448,0.044583,-0.017541,0.237332,-0.48825,0.839812,-0.4854,0.689246,0.537889,-0.841462,-0.535304,-0.073417,-0.000697,-0.000197,-0.009837,0.043723,0.001468,-0.044828,-0.875362,0.062591,0.034328,-0.063794,0.169752,0.061167,-0.983586,0.410909,0.902778,0.127059,0.895732,-0.425733,0.128114,0.000562,0.002912,0.00317,-0.002894,-0.022167,0.020149,0.420128
371,0.127932,-0.011623,0.308727,-0.010072,-0.10737,-0.994191,-0.551882,-0.828475,0.095011,-0.833859,0.549763,-0.049673,0.001108,0.005668,0.006156,0.009289,0.055314,0.069122,0.448511,-0.192993,0.000312,0.307157,-0.055977,0.576151,0.815419,0.468504,-0.705949,0.531106,0.881676,0.411026,-0.231447,-0.001333,0.000781,-0.018534,-0.016058,0.128531,0.081087,-1.401208,0.032436,0.044534,-0.017866,0.234629,-0.492366,0.838166,-0.485504,0.687639,0.539849,-0.84216,-0.533598,-0.077706,-0.000667,0.000237,-0.00942,-0.036803,0.185319,0.086958,-0.877321,0.06261,0.034279,-0.063573,0.17129,0.058716,-0.983469,0.411745,0.902601,0.125601,0.895056,-0.426453,0.13043,0.000228,-0.003232,0.006609,-0.024799,0.10635,0.040508,0.418495
372,0.127949,-0.011702,0.309156,-0.010116,-0.107265,-0.994202,-0.552622,-0.827994,0.094903,-0.833368,0.550507,-0.049663,0.001099,0.005628,0.006099,0.000472,-0.015418,0.024344,0.447699,-0.193,0.000187,0.306607,-0.052341,0.576884,0.815143,0.469951,-0.705902,0.52989,0.881125,0.410081,-0.235193,-0.000676,-0.009048,-0.009218,-0.00334,0.020251,-0.020922,-1.400907,0.032432,0.044474,-0.018146,0.230963,-0.493839,0.838318,-0.487078,0.687188,0.539004,-0.842264,-0.532817,-0.081823,-0.000596,0.001215,-0.008444,0.043903,-0.012573,-0.017441,-0.875362,0.062619,0.034237,-0.063354,0.171267,0.058734,-0.983472,0.412612,0.902187,0.125734,0.894661,-0.427327,0.13028,0.000278,-0.002981,0.006875,-0.035396,0.014265,-0.017834,0.416699
373,0.12798,-0.011756,0.309598,-0.010335,-0.107239,-0.994202,-0.55334,-0.827508,0.094957,-0.832888,0.551244,-0.04955,0.000614,-0.005712,0.014011,-0.034673,0.000616,0.00763,0.445495,-0.193036,-4.3e-05,0.306096,-0.049001,0.580705,0.812633,0.471067,-0.703904,0.531553,0.880717,0.408115,-0.24009,-0.000753,-0.010039,-0.010269,-0.052334,0.141928,0.064767,-1.400729,0.032414,0.044362,-0.018398,0.228017,-0.497987,0.83667,-0.487686,0.68533,0.540818,-0.842716,-0.531348,-0.086594,-0.000384,-0.005227,-0.005345,-0.069465,0.179572,0.092206,-0.869647,0.062635,0.034215,-0.063136,0.171457,0.058749,-0.983437,0.413344,0.901823,0.125938,0.894286,-0.428091,0.13034,0.000498,0.002593,0.002802,7.8e-05,-3.7e-05,-3.2e-05,0.415066
374,0.127995,-0.011793,0.309815,-0.009769,-0.107266,-0.994205,-0.548802,-0.830526,0.094946,-0.835893,0.546679,-0.049516,0.000963,0.004942,0.005336,0.044505,-0.00425,0.002217,0.443452,-0.193054,-0.00017,0.305849,-0.04877,0.580605,0.812719,0.470906,-0.704114,0.531418,0.880816,0.407896,-0.240101,-0.000768,-0.01023,-0.010485,-0.002401,0.017952,-0.022538,-1.40115,0.032406,0.044299,-0.018521,0.227669,-0.498107,0.836693,-0.487566,0.685469,0.540749,-0.842879,-0.531055,-0.0868,-0.000387,-0.005267,-0.005396,0.003316,0.020152,-0.056965,-0.86932,0.062642,0.034194,-0.063022,0.170895,0.058673,-0.98354,0.408568,0.904137,0.124927,0.896585,-0.423193,0.130541,0.000324,-0.002737,0.007131,0.115206,-0.01326,0.015131,0.413433
375,0.12802,-0.011921,0.310267,-0.010983,-0.10445,-0.994492,-0.549409,-0.83032,0.093222,-0.835478,0.547533,-0.047029,0.000906,0.004655,0.005015,4.9e-05,0.000391,0.000246,0.4398,-0.193096,-0.000352,0.305401,-0.045967,0.584624,0.809996,0.471995,-0.701824,0.533477,0.88038,0.406096,-0.244706,-0.00057,-0.007564,-0.00778,-0.124238,0.238172,0.375653,-1.40076,0.032384,0.044203,-0.01875,0.225746,-0.501047,0.835458,-0.487843,0.684175,0.542136,-0.843236,-0.529957,-0.089983,-0.000534,0.002151,-0.007522,-0.216909,0.56558,0.401097,-0.868504,0.062655,0.03413,-0.062796,0.172552,0.056001,-0.983406,0.409452,0.903958,0.123321,0.895864,-0.423937,0.13305,0.00029,-0.002906,0.006942,-0.032893,-0.11253,0.171375,0.407881
376,0.12804,-0.012136,0.310761,-0.011786,-0.101759,-0.994762,-0.545291,-0.833206,0.091639,-0.83816,0.543638,-0.04443,0.000361,-0.007002,0.0126,-0.034905,0.017965,-0.015504,0.43736,-0.193136,-0.000407,0.304994,-0.04435,0.586526,0.80871,0.472217,-0.700959,0.534417,0.880342,0.404845,-0.246906,-0.000994,0.00542,-0.013918,-0.047297,0.20706,0.136982,-1.400541,0.032364,0.044171,-0.018951,0.223957,-0.504103,0.834099,-0.487985,0.682829,0.543704,-0.843631,-0.528794,-0.093071,-0.000208,-0.002826,-0.002913,-0.138022,0.316036,0.228162,-0.876178,0.062665,0.034025,-0.062554,0.173789,0.053359,-0.983335,0.405291,0.906171,0.120801,0.897516,-0.41953,0.135856,0.000198,-0.003366,0.006448,-0.038527,0.002652,-0.026679,0.404289
377,0.12806,-0.012242,0.310994,-0.011859,-0.101703,-0.994767,-0.545794,-0.83288,0.091605,-0.837831,0.544147,-0.044393,0.000395,-0.006825,0.012787,-0.035152,0.015999,-0.016736,0.434823,-0.193149,-0.00042,0.304805,-0.044294,0.586492,0.808738,0.471945,-0.701124,0.53444,0.88049,0.40461,-0.246762,-0.000446,-0.005895,-0.006087,-0.002857,0.019128,-0.021704,-1.400671,0.032357,0.04417,-0.019047,0.223528,-0.504833,0.833773,-0.487819,0.682632,0.5441,-0.84384,-0.528352,-0.09368,-0.000458,0.003137,-0.006519,0.041932,-0.009648,-0.017076,-0.878301,0.062675,0.033973,-0.062436,0.173773,0.05344,-0.983334,0.405845,0.905902,0.120953,0.897269,-0.4201,0.135733,0.000264,-0.003031,0.006803,-0.035307,-0.001751,0.005952,0.401839
378,0.12807,-0.012451,0.311508,-0.012694,-0.099023,-0.995027,-0.541686,-0.835729,0.090027,-0.840479,0.540255,-0.041791,0.000576,-0.005888,0.013784,-0.034011,0.005913,0.010936,0.418255,-0.193164,-0.000358,0.304443,-0.041635,0.590538,0.80593,0.472775,-0.698869,0.536656,0.880171,0.402619,-0.251117,-0.000342,-0.004511,-0.004667,-0.01784,0.056452,0.00471,-1.40083,0.03235,0.044197,-0.019224,0.221031,-0.509511,0.83159,-0.488134,0.680393,0.546616,-0.844316,-0.526747,-0.098321,-0.000425,0.003592,-0.006054,0.026046,0.034226,0.013202,-0.878954,0.06268,0.033866,-0.062181,0.175125,0.050734,-0.983237,0.401715,0.908077,0.118406,0.898863,-0.415717,0.138646,0.000244,-0.003128,0.006697,-0.039101,0.000577,-0.026605,0.388123
379,0.128104,-0.012665,0.312033,-0.01166,-0.099041,-0.995038,-0.532856,-0.841396,0.089939,-0.846121,0.53138,-0.041725,0.000484,-0.006359,0.013271,0.113312,0.002494,-0.010563,0.399451,-0.193199,-0.00024,0.304098,-0.039081,0.594601,0.803065,0.473534,-0.696586,0.538949,0.879877,0.400588,-0.255359,-0.015152,0.007171,-0.011139,0.013534,0.065746,-0.002641,-1.400639,0.032338,0.044257,-0.019397,0.218698,-0.514114,0.829371,-0.488283,0.678222,0.549175,-0.844837,-0.525072,-0.102708,-0.000401,0.003911,-0.005727,0.02876,0.016102,0.035503,-0.881894,0.062697,0.033763,-0.061923,0.174013,0.050784,-0.983432,0.392814,0.912194,0.116612,0.903003,-0.406598,0.138785,0.000268,-0.002979,0.006844,1.637036,-0.147312,0.10546,0.362813
380,0.128126,-0.012858,0.312534,-0.011203,-0.098992,-0.995048,-0.528906,-0.843893,0.089856,-0.848603,0.527413,-0.041664,0.000571,-0.005909,0.013744,-0.034635,0.000646,0.007652,0.381329,-0.193226,-0.000128,0.303714,-0.034331,0.597389,0.801211,0.475648,-0.695204,0.538873,0.878929,0.398838,-0.261296,-0.000416,-0.005466,-0.005675,-0.044804,0.123618,0.05251,-1.400687,0.032319,0.044319,-0.019589,0.214258,-0.517391,0.828492,-0.490138,0.676725,0.549369,-0.8449,-0.523782,-0.108599,-0.000447,0.003287,-0.006374,-0.015309,0.128707,0.082211,-0.873892,0.062708,0.033664,-0.061668,0.173542,0.050691,-0.98352,0.388183,0.914301,0.115618,0.905094,-0.401851,0.138992,0.000241,-0.003157,0.006654,-0.035837,0.015966,-0.018636,0.337829
381,0.12816,-0.012963,0.312798,-0.010646,-0.098971,-0.995056,-0.524455,-0.846676,0.08977,-0.851369,0.522938,-0.041653,0.000662,-0.005438,0.014241,-0.034559,0.00064,0.007656,0.365375,-0.193242,-5e-05,0.303487,-0.033072,0.599409,0.799754,0.47592,-0.694104,0.540049,0.878828,0.39772,-0.263329,-0.000931,0.006276,-0.013064,0.024056,0.01735,0.0384,-1.400595,0.032312,0.044351,-0.019696,0.212912,-0.519975,0.827221,-0.490213,0.675516,0.550789,-0.845197,-0.522784,-0.111074,-0.000484,0.002803,-0.006879,0.038821,0.006964,-0.006974,-0.8703,0.062725,0.03361,-0.061537,0.173003,0.050592,-0.98362,0.383478,0.916414,0.114582,0.907201,-0.39702,0.139141,0.007583,-0.003683,0.006273,-0.034243,-0.013969,0.035096,0.32199
382,0.12831,-0.01326,0.313356,-0.009405,-0.098802,-0.995085,-0.515685,-0.852082,0.089424,-0.856725,0.514111,-0.041698,0.000477,-0.006386,0.013224,-0.035177,0.015836,-0.016836,0.295637,-0.193279,8.5e-05,0.302966,-0.029215,0.605427,0.79536,0.477171,-0.690636,0.543382,0.878282,0.39463,-0.269724,-0.001027,0.005031,-0.014372,-0.009732,0.113523,0.071677,-1.400603,0.032294,0.044419,-0.019955,0.209498,-0.526488,0.823967,-0.490519,0.672378,0.554345,-0.845873,-0.520306,-0.117391,-0.000544,0.002021,-0.007701,-0.025407,0.154249,0.100335,-0.864585,0.062795,0.033466,-0.061261,0.171829,0.050271,-0.983842,0.374229,0.9205,0.112393,0.911277,-0.387495,0.139355,4.3e-05,-0.008597,0.010871,-0.070776,0.016607,-0.010347,0.259286
383,0.128644,-0.013643,0.313947,-0.00633,-0.098626,-0.995127,-0.491725,-0.866182,0.088921,-0.87073,0.490011,-0.041775,0.015258,-0.006933,0.012986,5.465944,-0.50551,0.268069,0.087581,-0.193317,0.000234,0.302415,-0.024452,0.608148,0.793442,0.479004,-0.689414,0.54332,0.877424,0.392577,-0.275454,-0.001037,0.004915,-0.014508,0.026027,0.024558,0.008309,-1.400541,0.032274,0.044494,-0.020237,0.204784,-0.530164,0.822793,-0.492177,0.670833,0.554746,-0.846064,-0.518564,-0.123558,-0.000503,0.00253,-0.007177,0.046642,-0.024901,0.008924,-0.864258,0.062967,0.033268,-0.060957,0.169023,0.049667,-0.984359,0.350703,0.930335,0.10716,0.921107,-0.36333,0.13983,0.007548,-0.003561,0.006287,5.465832,-0.51955,0.263158,0.061868
384,0.129,-0.013927,0.314552,-0.003628,-0.0959,-0.995407,-0.456521,-0.885441,0.086916,-0.889712,0.454854,-0.039329,0.001023,-0.003513,0.016248,-0.013813,0.06015,0.045372,-0.113086,-0.193342,0.000282,0.301919,-0.021703,0.612048,0.790518,0.479713,-0.687262,0.545418,0.877105,0.390283,-0.279694,-0.000566,-0.00737,-0.007723,-0.158172,0.406064,0.255362,-1.400219,0.032262,0.044524,-0.020487,0.203331,-0.532409,0.821703,-0.491825,0.670133,0.555904,-0.846619,-0.517167,-0.125593,-0.000536,0.00215,-0.00758,-0.144704,0.451556,0.313866,-0.871116,0.063145,0.033123,-0.060658,0.166817,0.046339,-0.984898,0.312432,0.944936,0.097377,0.935178,-0.323958,0.143153,0.000526,-0.00165,0.008241,-0.021,0.037868,0.026232,-0.209684
385,0.129126,-0.013933,0.314862,-0.001538,-0.0956,-0.995441,-0.441203,-0.893222,0.086412,-0.897416,0.439439,-0.039566,0.001333,-0.00187,0.01797,-0.02121,0.000207,0.00863,-0.234336,-0.193356,0.000244,0.301717,-0.021441,0.611936,0.790611,0.479479,-0.687523,0.545293,0.877239,0.389998,-0.279672,-0.00056,-0.007275,-0.007634,-0.003937,0.022004,-0.01962,-1.399983,0.032254,0.044505,-0.020588,0.202062,-0.534372,0.820741,-0.492058,0.669186,0.556838,-0.846787,-0.516368,-0.127726,-0.000268,-0.003574,-0.00375,0.006766,0.001985,-0.035317,-0.872912,0.063206,0.033116,-0.060514,0.164731,0.045913,-0.985268,0.296568,0.950386,0.093872,0.940696,-0.307663,0.142942,0.008027,-0.001311,0.00876,0.112479,-0.050913,0.058932,-0.304556
386,0.129437,-0.013664,0.315464,0.001081,-0.094515,-0.995546,-0.431052,-0.898321,0.084764,-0.902339,0.429153,-0.040472,0.002244,0.002991,0.023032,-0.034141,-0.014481,0.032184,-0.523687,-0.193366,6.9e-05,0.301428,-0.019991,0.613862,0.789154,0.480107,-0.686359,0.546208,0.876928,0.38902,-0.281999,-0.000424,-0.005497,-0.005783,-0.032359,0.092901,0.031189,-1.399687,0.032249,0.044416,-0.020734,0.2008,-0.536425,0.819711,-0.492407,0.6681,0.557832,-0.846885,-0.515644,-0.129985,-0.000219,-0.002917,-0.003067,-0.044581,0.123595,0.053123,-0.876341,0.063355,0.033245,-0.06022,0.162333,0.044637,-0.985725,0.286274,0.953879,0.09034,0.944295,-0.296853,0.142067,0.001294,0.006888,0.007244,-0.000918,-0.03009,0.04846,-0.505077
387,0.129815,-0.013039,0.316049,0.002586,-0.093503,-0.995638,-0.430894,-0.898541,0.083212,-0.902413,0.428912,-0.041374,0.018164,0.026701,0.008384,0.037257,-0.060547,0.095587,-0.826557,-0.193381,-0.000175,0.301216,-0.017368,0.61245,0.790313,0.481613,-0.687468,0.543481,0.876155,0.389288,-0.284025,-0.000442,-0.005726,-0.006038,-0.001659,0.016329,-0.023686,-1.400023,0.032242,0.044294,-0.02084,0.198174,-0.535203,0.821147,-0.494338,0.668838,0.555234,-0.846378,-0.515957,-0.132025,-0.000203,-0.002682,-0.002827,0.000961,-0.00216,-0.000599,-0.877321,0.063543,0.033548,-0.059922,0.161049,0.043432,-0.985989,0.286469,0.953963,0.088813,0.944456,-0.296759,0.141193,0.008922,0.008092,0.008605,0.001355,-0.059861,0.103356,-0.726172
388,0.130097,-0.012689,0.316359,0.003806,-0.09268,-0.995711,-0.430766,-0.898719,0.081952,-0.902471,0.428718,-0.042104,0.017819,0.01615,0.017107,0.002051,-0.044888,0.078653,-1.077247,-0.19339,-0.000299,0.301101,-0.01712,0.612356,0.790392,0.481653,-0.687591,0.543289,0.876137,0.38922,-0.284173,-0.000452,-0.005846,-0.006172,-0.001651,0.01631,-0.0237,-1.399493,0.032238,0.044232,-0.020898,0.197942,-0.535119,0.821258,-0.494416,0.668943,0.555038,-0.846387,-0.515908,-0.13216,-0.00021,-0.002764,-0.002917,-5.2e-05,-0.000431,-4.3e-05,-0.875688,0.063679,0.033729,-0.059768,0.159985,0.042446,-0.986206,0.286539,0.95406,0.087546,0.944616,-0.296593,0.140472,0.008976,0.008467,0.008961,0.001592,-0.059874,0.103351,-0.859417
389,0.131013,-0.012016,0.316998,0.021956,-0.084325,-0.996219,-0.426368,-0.902056,0.066905,-0.904322,0.423387,-0.054519,0.032684,0.01716,0.018275,0.001575,-0.092298,0.124329,-1.841044,-0.193418,-0.000564,0.300851,-0.016945,0.612287,0.790449,0.481712,-0.687665,0.543142,0.876108,0.389197,-0.284295,-0.000519,-0.006691,-0.007081,-0.001651,0.016308,-0.023701,-1.399382,0.032223,0.044099,-0.021023,0.197755,-0.535059,0.821343,-0.494512,0.669002,0.554881,-0.846374,-0.515894,-0.132295,-0.000257,-0.003365,-0.003561,-0.001788,0.016191,-0.023666,-0.876505,0.064138,0.034071,-0.059443,0.143138,0.031697,-0.989194,0.284512,0.955979,0.071802,0.947925,-0.291716,0.127819,0.009037,0.009057,0.009485,0.001866,-0.030879,0.076864,-1.058305
390,0.131863,-0.011119,0.317681,0.041762,-0.071077,-0.996619,-0.426518,-0.903268,0.046493,-0.903577,0.423217,-0.066797,0.033006,0.019721,0.020697,0.007315,-0.17896,0.302086,-1.913625,-0.193449,-0.000935,0.300577,-0.016907,0.612277,0.790457,0.481899,-0.6876,0.543058,0.876006,0.389327,-0.284432,-0.000705,-0.009054,-0.009613,-0.001651,0.016303,-0.023705,-1.398796,0.032208,0.04392,-0.021154,0.19774,-0.535058,0.821347,-0.494697,0.668896,0.554844,-0.84627,-0.516033,-0.132424,-0.000104,-0.010558,-0.001291,-0.038057,0.029457,-0.040334,-0.876505,0.064563,0.034518,-0.059102,0.126018,0.015644,-0.991904,0.288091,0.956207,0.051683,0.949274,-0.292271,0.115992,0.009251,0.010504,0.010873,0.001674,-0.054383,0.096022,-1.01536
391,0.13233,-0.010576,0.318051,0.047494,-0.067251,-0.996628,-0.426092,-0.903751,0.040625,-0.903502,0.422804,-0.070338,0.033532,0.032084,0.013644,0.038827,-0.090298,0.149702,-1.914079,-0.193463,-0.001221,0.300392,-0.018111,0.610258,0.791991,0.481312,-0.688879,0.541958,0.876306,0.390237,-0.282252,-0.000872,-0.011185,-0.011902,0.020453,-0.039084,-0.063343,-1.393304,0.032202,0.043788,-0.021242,0.198964,-0.532633,0.822626,-0.494324,0.670255,0.553535,-0.846201,-0.516778,-0.129937,-0.00044,-0.005691,-0.006051,0.022101,-0.04892,-0.069243,-0.876505,0.06479,0.034777,-0.058922,0.121058,0.011137,-0.992582,0.28867,0.956326,0.045937,0.949744,-0.29209,0.112555,0.016755,0.016004,0.006776,0.038309,-0.088171,0.146571,-1.008665
392,0.133189,-0.009488,0.318843,0.052116,-0.067754,-0.996363,-0.436254,-0.898994,0.03826,-0.898389,0.432753,-0.07517,0.019089,0.02526,0.025697,-5.541703,-0.107574,-0.70482,-1.914114,-0.19346,-0.00189,0.29999,-0.018031,0.610255,0.791994,0.4818,-0.688687,0.541768,0.876039,0.390579,-0.282607,0.013845,-0.025404,-0.008239,-0.037571,0.03057,-0.034866,-1.226981,0.032203,0.04344,-0.02145,0.19877,-0.532768,0.822586,-0.494918,0.669881,0.553456,-0.845899,-0.517124,-0.130525,0.006916,-0.01284,-0.004266,-0.038281,0.031908,-0.033841,-0.827028,0.065232,0.035332,-0.058523,0.117068,0.008905,-0.993083,0.294099,0.954796,0.043231,0.948578,-0.297126,0.109157,0.009591,0.012928,0.013142,-0.060532,-0.715761,-0.26419,-1.019605
393,0.134101,-0.008451,0.319719,0.05038,-0.068934,-0.996371,-0.456857,-0.888698,0.038331,-0.888185,0.453349,-0.075026,0.018661,0.023544,0.023695,0.193214,1.368559,-2.255142,-1.913529,-0.193396,-0.002753,0.299522,-0.019466,0.608366,0.793413,0.481725,-0.689572,0.540707,0.876051,0.391962,-0.280648,-0.000718,-0.02747,-0.009558,-0.039538,0.045507,-0.064299,-0.720739,0.032235,0.043018,-0.021681,0.200187,-0.530579,0.823656,-0.495057,0.670684,0.552359,-0.845484,-0.518332,-0.128404,0.006851,-0.013871,-0.005422,-0.028807,-0.076732,0.13278,-0.645612,0.065689,0.035858,-0.058078,0.115519,0.010393,-0.99325,0.321661,0.945672,0.047306,0.939781,-0.324955,0.105901,0.016503,0.01109,0.011255,-0.145169,-0.064769,0.126038,-1.021238
394,0.135053,-0.007609,0.320578,0.048394,-0.070135,-0.996386,-0.477526,-0.877756,0.038538,-0.877354,0.474018,-0.074729,0.032404,0.019533,0.019643,0.237871,1.367993,-2.246347,-1.912711,-0.193223,-0.003876,0.299061,-0.033756,0.614299,0.788346,0.472434,-0.685197,0.554297,0.880682,0.390375,-0.268086,-0.000932,-0.030257,-0.0127,0.010243,-0.009727,-0.026357,-0.162303,0.032322,0.042458,-0.021909,0.214569,-0.534993,0.817155,-0.483466,0.668777,0.564798,-0.848657,-0.516255,-0.115153,0.006744,-0.015523,-0.007281,0.090019,-0.05258,0.134502,-0.514653,0.066161,0.036284,-0.057643,0.117282,0.01185,-0.993027,0.343312,0.937795,0.051738,0.931869,-0.346986,0.105918,0.009097,0.010805,0.01076,0.000286,0.044911,-0.063184,-1.018299
395,0.135508,-0.007239,0.320946,0.04848,-0.070097,-0.996384,-0.487813,-0.872123,0.037566,-0.871671,0.484311,-0.075234,0.03202,0.017668,0.017703,-0.001396,0.029655,-0.036648,-1.912425,-0.19322,-0.004625,0.298805,-0.045137,0.621523,0.782089,0.463509,-0.680386,0.567598,0.884918,0.387339,-0.258363,-0.001172,-0.033247,-0.016046,0.384666,-0.127287,0.412931,-0.011158,0.032324,0.042104,-0.022031,0.224121,-0.540573,0.810894,-0.474102,0.666488,0.575343,-0.851467,-0.513393,-0.106913,-0.000567,-0.016468,-0.007849,0.072243,0.077309,-0.030611,-0.469258,0.066388,0.03647,-0.057457,0.119402,0.013562,-0.992752,0.353751,0.933702,0.055302,0.927686,-0.357791,0.106688,0.008744,0.008865,0.0088,-0.000223,-0.044835,0.082962,-1.017972
396,0.136332,-0.006686,0.321538,0.048967,-0.069766,-0.996383,-0.498063,-0.866371,0.036132,-0.865827,0.494576,-0.075932,0.030953,0.011901,0.011909,-0.145591,-0.0543,0.096819,-1.911551,-0.193445,-0.006274,0.298272,-0.058167,0.628007,0.776026,0.450935,-0.676892,0.58173,0.890653,0.382979,-0.244802,-0.016076,-0.037213,-0.019628,0.396925,-0.259015,0.501144,0.139655,0.03221,0.04125,-0.022306,0.238593,-0.546593,0.802688,-0.457878,0.665599,0.589342,-0.856399,-0.508146,-0.091466,-0.008051,-0.018853,-0.010081,0.41302,-0.267319,0.576938,-0.400676,0.066812,0.036756,-0.057151,0.118983,0.013167,-0.992808,0.364713,0.929432,0.056035,0.923485,-0.368757,0.105784,0.015418,0.005653,0.005652,-0.145911,-0.053583,0.097416,-1.028586
397,0.137012,-0.006298,0.321894,0.048543,-0.06999,-0.996389,-0.508197,-0.860487,0.035631,-0.859941,0.504715,-0.076099,0.015577,0.006786,0.006729,0.001514,-0.029846,0.054071,-1.912587,-0.193785,-0.008076,0.297537,-0.057561,0.623838,0.779425,0.448094,-0.681417,0.578633,0.892124,0.381773,-0.241305,-0.015851,-0.051064,-0.014921,0.011519,-0.069162,-0.523337,0.300622,0.032046,0.04038,-0.022663,0.237375,-0.544023,0.804793,-0.456121,0.669047,0.586795,-0.857674,-0.506374,-0.089325,-0.000889,-0.019975,-0.011987,0.197697,-0.478964,-0.527605,-0.213382,0.067147,0.036951,-0.056974,0.119402,0.013462,-0.992754,0.375502,0.925023,0.057706,0.919097,-0.379671,0.105394,0.014868,0.002469,0.002516,0.003268,-0.02878,0.061378,-1.035281
398,0.137289,-0.006187,0.321989,0.048781,-0.069806,-0.99639,-0.508151,-0.860526,0.035357,-0.859955,0.504674,-0.076209,0.015101,0.003936,0.003942,0.000984,-0.014715,0.029553,-1.911994,-0.193927,-0.008851,0.29711,-0.059934,0.622978,0.779934,0.445479,-0.682421,0.579469,0.893279,0.381385,-0.237614,-0.001807,-0.039783,-0.024003,0.010604,-0.059507,-0.149749,0.377585,0.031969,0.039972,-0.022883,0.240255,-0.541223,0.805825,-0.453381,0.671464,0.586156,-0.858325,-0.506173,-0.084058,-0.008261,-0.02043,-0.012091,0.021677,0.053485,-0.336159,-0.061195,0.067286,0.037008,-0.056925,0.119175,0.013217,-0.992785,0.375483,0.92505,0.057389,0.919135,-0.379613,0.10528,0.007566,0.002098,0.002088,0.002499,-0.02981,0.05429,-1.04018
399,0.137717,-0.006135,0.322,0.045597,-0.071524,-0.996419,-0.518114,-0.854469,0.037572,-0.854161,0.51463,-0.074779,0.014252,-0.001281,-0.00114,0.000984,-0.014715,0.029553,-1.912437,-0.194445,-0.010382,0.295955,-0.07623,0.625061,0.776839,0.431683,-0.681513,0.590867,0.898814,0.379599,-0.218863,-0.01696,-0.044081,-0.028298,0.395327,-0.278584,0.46859,0.478362,0.031723,0.039224,-0.023441,0.254602,-0.540377,0.801978,-0.439964,0.673783,0.593672,-0.861166,-0.503992,-0.066201,-0.01606,-0.01608,-0.017215,0.024314,0.027706,-0.136391,0.246444,0.067494,0.037034,-0.056919,0.122078,0.015388,-0.9924,0.385607,0.920596,0.061709,0.91455,-0.390211,0.106451,-5.7e-05,-0.000338,-0.000335,-0.002862,0.104453,-0.167823,-1.042303
400,0.137942,-0.006197,0.321884,0.043411,-0.072629,-0.996437,-0.51789,-0.85451,0.039668,-0.854408,0.514409,-0.073468,0.01389,-0.003556,-0.003358,0.000984,-0.014715,0.029553,-1.911788,-0.195436,-0.011704,0.2946,-0.09861,0.624751,0.774567,0.420507,-0.67919,0.601505,0.901957,0.384234,-0.196723,-0.01764,-0.032176,-0.036018,0.073521,-0.230806,-0.091954,0.51164,0.03122,0.03854,-0.024137,0.27774,-0.538916,0.795254,-0.425599,0.673122,0.60479,-0.861234,-0.506434,-0.04241,-0.016199,-0.016246,-0.017672,0.078052,-0.147554,-0.324726,0.4517,0.067611,0.036999,-0.056981,0.124049,0.016771,-0.992133,0.384988,0.92072,0.0637,0.914546,-0.389862,0.107758,-0.000239,-0.001502,-0.001465,3.5e-05,0.014714,-0.023962,-1.051121
401,0.13798,-0.006204,0.32182,0.043312,-0.072682,-0.996437,-0.517807,-0.854557,0.039773,-0.854464,0.514325,-0.073408,4.1e-05,0.009398,-0.009867,0.035301,-0.015212,0.017148,-1.911465,-0.196091,-0.012291,0.293917,-0.10492,0.625602,0.773049,0.415436,-0.67859,0.605692,0.903602,0.38391,-0.189684,-0.03241,-0.030626,-0.033502,0.139756,-0.16164,0.170289,0.519453,0.030898,0.038244,-0.024482,0.283943,-0.538579,0.793289,-0.420219,0.673758,0.607836,-0.861853,-0.505946,-0.035013,-0.023575,-0.015228,-0.016138,0.430059,-0.37318,0.686085,0.487461,0.067635,0.036987,-0.057014,0.124131,0.016827,-0.992122,0.384897,0.920753,0.063774,0.914573,-0.389782,0.107817,-0.000184,-0.00116,-0.001132,0.000464,-7.6e-05,4.3e-05,-1.05504
402,0.137944,-0.006174,0.321749,0.042704,-0.073058,-0.996436,-0.522714,-0.851554,0.03998,-0.8515,0.51923,-0.073313,-2.8e-05,-0.000177,-0.000172,-0.0,0.0,-0.0,-1.911524,-0.197809,-0.013334,0.292699,-0.104068,0.624876,0.773751,0.415485,-0.679421,0.604726,0.903677,0.383623,-0.189905,-0.047217,-0.027059,-0.028862,-0.001385,-0.00102,-0.018506,0.519623,0.030027,0.037708,-0.025107,0.283004,-0.538356,0.793776,-0.420555,0.674154,0.607165,-0.861998,-0.505656,-0.03562,-0.023574,-0.013367,-0.014215,-0.001343,0.001422,-0.017595,0.509832,0.067617,0.037002,-0.057057,0.124657,0.017279,-0.992049,0.390023,0.918507,0.065007,0.912327,-0.395025,0.107759,-5e-06,-4.4e-05,-4.3e-05,0.000519,0.00012,0.000458,-1.056672
403,0.137859,-0.006131,0.321719,0.04348,-0.07603,-0.99618,-0.527889,-0.848275,0.041648,-0.848263,0.524152,-0.075779,-0.014148,0.001952,0.001796,-0.00103,0.014169,-0.02989,-1.911706,-0.199787,-0.014239,0.291594,-0.102239,0.623683,0.774957,0.415631,-0.680895,0.602965,0.903816,0.382953,-0.190594,-0.047264,-0.024273,-0.02602,0.000192,-0.017103,0.005353,0.522063,0.029055,0.037265,-0.02565,0.281156,-0.537323,0.795132,-0.421093,0.675453,0.605345,-0.86234,-0.505021,-0.036356,-0.031291,-0.006401,-0.016363,0.035183,-0.01468,-0.00732,0.513098,0.067579,0.037022,-0.057073,0.123385,0.020175,-0.992153,0.395212,0.916086,0.067777,0.910265,-0.400473,0.105058,8.6e-05,0.000527,0.000514,0.001519,0.008123,0.005038,-1.059612
404,0.137818,-0.006096,0.32171,0.043465,-0.076058,-0.996179,-0.527825,-0.848313,0.041685,-0.848303,0.524087,-0.075777,1e-06,6e-06,6e-06,-0.0,-0.0,-0.0,-1.911419,-0.202088,-0.015093,0.290534,-0.097075,0.620705,0.778006,0.417512,-0.684095,0.598023,0.903513,0.382094,-0.193733,-0.063028,-0.013152,-0.033712,0.021653,0.111553,-0.195912,0.530813,0.027912,0.036838,-0.026172,0.276205,-0.5348,0.79856,-0.423945,0.677886,0.600617,-0.862543,-0.504439,-0.039491,-0.031241,-0.011946,-0.012527,-0.001353,-0.001582,-0.023787,0.518323,0.067554,0.037043,-0.057075,0.123468,0.020144,-0.992143,0.395119,0.916126,0.067772,0.910294,-0.400383,0.105153,-0.0,4e-06,4e-06,0.000279,0.000137,8.1e-05,-1.065
405,0.137817,-0.006102,0.321704,0.043312,-0.076134,-0.99618,-0.527834,-0.848301,0.04183,-0.848305,0.524096,-0.075688,-2.4e-05,-0.000151,-0.000147,-0.0,-0.0,-0.0,-1.910931,-0.203336,-0.015485,0.289972,-0.094789,0.619467,0.779274,0.417681,-0.685715,0.596047,0.903674,0.381202,-0.194733,-0.063181,-0.012833,-0.033589,0.023273,0.095402,-0.172088,0.532246,0.027264,0.036637,-0.026466,0.273816,-0.533689,0.800125,-0.424592,0.679387,0.598459,-0.862986,-0.503595,-0.040574,-0.031577,-0.006456,-0.016799,0.023689,0.095759,-0.17206,0.519466,0.067553,0.03704,-0.057078,0.123608,0.020241,-0.992124,0.3951,0.916124,0.067915,0.910283,-0.400384,0.105243,-1.4e-05,-7.8e-05,-7.6e-05,0.000212,0.0,-1.7e-05,-1.066143
406,0.137816,-0.0061,0.321692,0.042724,-0.07646,-0.99618,-0.532834,-0.845163,0.041963,-0.845203,0.529097,-0.075609,-5e-06,-3e-05,-2.9e-05,-1e-06,0.0,-0.0,-1.911084,-0.205823,-0.016094,0.288751,-0.092356,0.615222,0.78292,0.416942,-0.690034,0.591563,0.904264,0.380287,-0.19378,-0.063444,-0.012008,-0.033112,0.028599,0.089985,-0.210918,0.531162,0.026021,0.036332,-0.027077,0.271431,-0.529232,0.80389,-0.424913,0.683547,0.593475,-0.863582,-0.502671,-0.039341,-0.031694,-0.005937,-0.016429,0.01307,0.112802,-0.191306,0.520283,0.067553,0.03704,-0.057084,0.124139,0.020655,-0.992049,0.400378,0.913738,0.069125,0.907901,-0.405777,0.105161,-1e-06,-4e-06,-4e-06,0.000484,0.000417,0.001328,-1.067123
407,0.137803,-0.005985,0.321675,0.041635,-0.07708,-0.996178,-0.54262,-0.838902,0.042179,-0.839006,0.538882,-0.075513,0.000606,0.01291,-0.006445,0.035857,-0.030395,0.041639,-1.911035,-0.208058,-0.016251,0.287416,-0.090917,0.611357,0.786109,0.415127,-0.694157,0.588004,0.905243,0.379021,-0.19168,-0.048175,-0.008273,-0.029737,0.059783,-0.028743,-0.219031,0.52538,0.02492,0.036252,-0.027738,0.269828,-0.525638,0.806781,-0.424103,0.68734,0.58966,-0.864482,-0.501265,-0.037461,-0.031699,0.002101,-0.017677,0.105353,-0.056891,-0.253441,0.520283,0.067546,0.037095,-0.057095,0.125116,0.021419,-0.99191,0.410734,0.908952,0.071436,0.903129,-0.416349,0.104927,0.000305,0.006461,-0.003215,0.036587,-0.029859,0.043273,-1.067776
408,0.137755,-0.005869,0.321631,0.040583,-0.077679,-0.996175,-0.552288,-0.832559,0.042368,-0.832724,0.548549,-0.075449,0.000226,0.001404,0.001367,-5.505387,0.234147,-0.416972,-1.911525,-0.209033,-0.016173,0.28674,-0.089696,0.610536,0.786888,0.414172,-0.695554,0.587027,0.905801,0.377788,-0.191479,-0.048275,0.005522,-0.034731,0.063623,0.048134,-0.104003,0.520413,0.024432,0.036285,-0.028076,0.268724,-0.52473,0.80774,-0.423575,0.688774,0.588365,-0.865084,-0.500247,-0.037172,-0.024145,0.002548,-0.017582,0.065674,-0.036309,0.045795,0.519956,0.067522,0.037154,-0.057116,0.125644,0.021845,-0.991834,0.415728,0.906584,0.072631,0.900768,-0.421459,0.104825,0.000299,0.006408,-0.003264,0.036553,-0.030125,0.042488,-1.072022
409,0.137595,-0.005546,0.321431,0.039199,-0.078542,-0.996163,-0.566224,-0.823134,0.042565,-0.823375,0.562477,-0.075499,0.000336,0.011202,-0.008103,0.035182,-0.015274,0.017102,-1.911715,-0.210567,-0.015733,0.285531,-0.084867,0.604664,0.791942,0.414414,-0.701283,0.579998,0.90615,0.376649,-0.192072,-0.032085,0.013875,-0.025271,0.066759,0.017864,-0.050147,0.500832,0.02367,0.036489,-0.028684,0.263771,-0.519112,0.812986,-0.425568,0.693742,0.581045,-0.86563,-0.499244,-0.037928,-0.016049,0.006769,-0.012811,0.064652,0.036534,-0.064088,0.505423,0.067447,0.037314,-0.057211,0.127286,0.023201,-0.991594,0.435843,0.896728,0.076928,0.890975,-0.441972,0.10403,0.000167,0.005579,-0.004066,0.035497,-0.014023,0.020339,-1.081002
410,0.137325,-0.005188,0.321179,0.048935,-0.078045,-0.995771,-0.590123,-0.806573,0.034163,-0.805897,0.586049,-0.084287,-0.013999,0.011854,-0.007578,0.013952,-0.041231,0.048359,-1.910696,-0.211466,-0.014892,0.284805,-0.072692,0.594534,0.800773,0.420325,-0.709752,0.565255,0.904469,0.376923,-0.199322,-0.000453,0.023829,-0.01427,-0.334479,0.41783,-0.777948,0.4709,0.023196,0.036906,-0.029066,0.252247,-0.510039,0.822333,-0.433785,0.700041,0.56725,-0.864986,-0.499803,-0.044664,-0.007643,0.012732,-0.005748,-1.250914,1.091554,-2.109344,0.474561,0.067312,0.037493,-0.057337,0.11763,0.021443,-0.992825,0.462856,0.883345,0.073918,0.878593,-0.468231,0.093983,0.000114,0.005222,-0.004409,-0.028424,-0.134787,0.246899,-1.09276
411,0.137059,-0.00495,0.320982,0.068729,-0.080435,-0.99441,-0.609538,-0.792436,0.021916,-0.789863,0.604721,-0.102254,-0.000234,-0.001436,-0.001399,-0.154878,-0.226676,0.078401,-1.910304,-0.211633,-0.013589,0.284458,-0.06857,0.58052,0.811348,0.421281,-0.720251,0.551085,0.904341,0.378859,-0.196205,0.000762,0.032139,-0.00394,0.210085,-0.488897,-0.260954,0.433211,0.023113,0.037545,-0.029238,0.245883,-0.497425,0.83193,-0.438602,0.70829,0.55313,-0.864389,-0.500892,-0.044015,0.00799,0.016573,-0.001677,0.063836,0.010114,-0.05512,0.430636,0.067175,0.037617,-0.057437,0.097748,0.021175,-0.994985,0.485719,0.871598,0.066266,0.868631,-0.489761,0.074912,2.8e-05,0.004686,-0.004932,-0.474272,-0.128307,-0.127125,-1.097822
412,0.136928,-0.004912,0.320919,0.079952,-0.083333,-0.993332,-0.623879,-0.781354,0.01528,-0.777524,0.618598,-0.113225,0.000123,0.009837,-0.009426,-1.618981,-0.230809,-0.083815,-1.909657,-0.211442,-0.012956,0.284446,-0.066015,0.573345,0.816645,0.422022,-0.725487,0.543601,0.904183,0.379802,-0.195109,0.016147,0.034652,-0.001525,0.145827,-0.210232,-0.266378,0.415229,0.023203,0.037875,-0.029243,0.244093,-0.488405,0.837781,-0.440689,0.71369,0.544461,-0.863834,-0.5021,-0.041028,0.0082,0.018162,0.000275,0.177404,-0.303959,-0.289096,0.407939,0.067109,0.037631,-0.057467,0.086039,0.02252,-0.996036,0.501011,0.863159,0.062794,0.861153,-0.504428,0.062982,-0.007313,-0.000384,-0.000486,-5.492943,-0.137292,-0.565884,-1.098965
413,0.136731,-0.005006,0.320853,0.103743,-0.092476,-0.990319,-0.647555,-0.761993,0.003266,-0.755055,0.64106,-0.137703,-0.000336,-0.002047,-0.001996,-2.004748,-2.019541,1.977465,-1.90918,-0.210583,-0.011919,0.284821,-0.024641,0.555334,0.831257,0.394407,-0.75857,0.518603,0.918559,0.339932,-0.201391,0.032215,0.015788,0.018029,4.732369,2.923895,-1.27702,0.334752,0.023628,0.038404,-0.029058,0.206443,-0.472941,0.856567,-0.42522,0.745071,0.513864,-0.881231,-0.470313,-0.047289,0.016028,0.014155,0.005814,0.42174,0.383745,-0.351792,0.332662,0.06701,0.037587,-0.057503,0.062621,0.027273,-0.997664,0.529694,0.846312,0.056383,0.845873,-0.531987,0.03855,-0.000182,-0.001062,-0.00103,-2.032252,-2.165978,1.857178,-1.098148
414,0.136654,-0.005093,0.320797,0.12571,-0.096204,-0.987414,-0.660709,-0.750542,-0.011045,-0.740197,0.6539,-0.156686,-0.000268,-0.001628,-0.001589,-0.107939,-0.613074,0.821051,-1.908106,-0.209132,-0.011304,0.285459,0.061344,0.525807,0.848384,0.311615,-0.817503,0.484271,0.948076,0.234004,-0.215074,0.046762,0.013907,0.014805,-0.583,1.294862,-2.759719,0.234171,0.024349,0.038721,-0.028727,0.118085,-0.456233,0.88199,-0.350828,0.811756,0.466873,-0.928964,-0.364558,-0.064203,0.023523,0.001203,0.011199,1.997671,0.651908,-1.094815,0.198274,0.066972,0.037544,-0.057531,0.039607,0.029638,-0.998775,0.547021,0.835826,0.046495,0.83618,-0.548193,0.016892,-0.000148,-0.000975,-0.000944,-0.351809,-1.573455,2.477459,-1.097005
415,0.136659,-0.005125,0.320766,0.132631,-0.098351,-0.986297,-0.669235,-0.742861,-0.015972,-0.731283,0.662302,-0.163119,-0.00023,-0.001402,-0.001369,0.002176,-0.129409,0.153666,-1.908238,-0.20828,-0.011082,0.285738,0.11579,0.507814,0.853645,0.239898,-0.848198,0.472168,0.963651,0.149483,-0.221119,0.031495,0.012116,0.013262,5.293487,2.737369,-2.147175,0.207642,0.024782,0.038837,-0.028583,0.063207,-0.444404,0.893593,-0.292195,0.847907,0.442351,-0.954267,-0.289063,-0.076259,0.023379,0.000461,0.010254,1.448857,1.640503,-1.405797,0.146184,0.066974,0.037528,-0.057547,0.031595,0.03037,-0.999038,0.557345,0.829174,0.042832,0.829679,-0.558163,0.009271,-0.000133,-0.000826,-0.000803,0.005823,-0.079101,0.176994,-1.098965
416,0.136695,-0.005208,0.320756,0.147431,-0.103552,-0.98366,-0.690353,-0.722934,-0.027419,-0.708473,0.683241,-0.176848,0.014239,-0.001329,-0.001173,-0.040306,-0.1444,0.176634,-1.907694,-0.206392,-0.010783,0.28602,0.262596,0.444885,0.85622,-0.014488,-0.885362,0.464604,0.964397,-0.134951,-0.227133,0.045422,0.005264,0.004035,6.766886,3.74224,-1.871465,0.201036,0.025722,0.038995,-0.028435,-0.086234,-0.400154,0.912381,-0.052,0.916352,0.39698,-0.994916,-0.01321,-0.099829,0.022746,0.002991,0.002044,6.810636,3.875606,-2.158544,0.092625,0.066986,0.037484,-0.057554,0.016072,0.033396,-0.999312,0.582564,0.811964,0.036504,0.812625,-0.58275,-0.006406,5e-06,3.5e-05,3.7e-05,-0.142335,-0.095121,0.142519,-1.099291
417,0.136789,-0.005339,0.320858,0.176054,-0.104207,-0.978872,-0.714151,-0.69787,-0.054205,-0.677704,0.708734,-0.196065,0.000214,0.001308,0.001277,-0.433738,-1.455149,2.345986,-1.902287,-0.204571,-0.010831,0.286185,0.392606,0.358549,0.846932,-0.30409,-0.81838,0.487562,0.867408,-0.449389,-0.213344,0.044793,0.000561,-0.001781,6.605283,3.978358,-1.353068,0.29525,0.026616,0.03898,-0.028354,-0.221935,-0.334445,0.915909,0.235196,0.893237,0.383157,-0.94627,0.300454,-0.119581,0.022642,-0.005365,0.002794,6.432781,2.421445,1.040708,0.124466,0.067038,0.037417,-0.057505,-0.010193,0.030907,-0.999469,0.613535,0.789458,0.018155,0.789601,-0.613024,-0.027009,-0.000164,-0.00554,0.004108,-0.177011,-0.07318,0.122156,-1.109578
418,0.136859,-0.00557,0.321047,0.204879,-0.107287,-0.972913,-0.747363,-0.658965,-0.08477,-0.632283,0.744619,-0.213981,-0.000244,-0.010579,0.00871,-5.525478,-1.094497,-0.163511,-1.857177,-0.203087,-0.011255,0.286152,0.449389,0.326425,0.831557,-0.433733,-0.733934,0.522638,0.780324,-0.595923,-0.189296,0.029624,-0.016762,-0.000449,0.127811,0.081939,0.067529,0.4005,0.027368,0.038773,-0.028361,-0.291809,-0.306186,0.906143,0.392144,0.825795,0.405321,-0.872393,0.473615,-0.120906,0.022273,-0.008319,-0.000434,1.926061,0.568877,0.41684,0.293309,0.067074,0.037312,-0.057414,-0.039755,0.028655,-0.998798,0.65218,0.758052,-0.004211,0.75702,-0.651563,-0.048825,7.9e-05,0.000497,0.000484,-0.033908,-0.201574,0.322496,-1.113824
419,0.136911,-0.005682,0.321152,0.217468,-0.108583,-0.970032,-0.757205,-0.645835,-0.097517,-0.616171,0.755854,-0.221462,-8.8e-05,-0.009627,0.00964,-5.391512,-0.760181,-0.859799,-1.829457,-0.202515,-0.011384,0.286027,0.461126,0.320474,0.827436,-0.459072,-0.711724,0.531635,0.758682,-0.625377,-0.182125,0.029275,-0.004904,-0.007675,0.790482,-0.127184,0.612527,0.386686,0.027665,0.038696,-0.028429,-0.304728,-0.301098,0.903593,0.422056,0.807793,0.411508,-0.85382,0.506765,-0.119077,0.014551,-0.003057,-0.004482,2.667414,-0.29991,1.845719,0.329233,0.0671,0.03725,-0.05736,-0.055598,0.02725,-0.99808,0.666066,0.745704,-0.016744,0.743817,-0.665719,-0.05961,-0.000142,-0.0054,0.004244,-0.036188,-0.223062,0.376679,-1.105986
420,0.137014,-0.005855,0.321412,0.24056,-0.108301,-0.964597,-0.778441,-0.615096,-0.125129,-0.580076,0.781117,-0.231075,0.000198,-0.007878,0.011347,-0.041579,0.307872,0.629951,-1.802452,-0.202102,-0.011238,0.285676,0.475625,0.298453,0.827465,-0.491984,-0.689417,0.531592,0.728507,-0.660282,-0.182122,-0.000491,0.010872,-0.008392,4.610286,2.940912,-1.01005,0.306733,0.027881,0.038749,-0.028612,-0.320244,-0.283703,0.903856,0.454574,0.791066,0.40936,-0.831147,0.541965,-0.12437,-0.000245,0.005365,-0.00423,0.06703,0.190271,-0.221503,0.276653,0.067151,0.037162,-0.057232,-0.079216,0.028113,-0.99646,0.70017,0.713089,-0.035544,0.709567,-0.700508,-0.076173,0.000331,0.002064,0.002007,-0.03183,-0.227591,0.345398,-1.093086
421,0.137206,-0.005767,0.321698,0.256942,-0.116538,-0.959398,-0.799405,-0.583434,-0.143279,-0.543375,0.803906,-0.241878,0.001033,0.00636,0.006189,-1.586821,-0.342107,-0.231878,-1.762629,-0.2022,-0.010364,0.285236,0.481108,0.255914,0.838472,-0.548289,-0.658328,0.515672,0.683336,-0.708108,-0.177477,-0.01535,0.026409,-0.010237,0.558594,-0.316362,-0.727972,0.293188,0.027837,0.039183,-0.028836,-0.334549,-0.23858,0.911677,0.515995,0.76314,0.389058,-0.788559,0.60058,-0.132202,-0.000474,0.018639,-0.009727,1.191813,1.049075,-1.118998,0.221788,0.067247,0.0372,-0.057087,-0.096765,0.03078,-0.99483,0.726684,0.685187,-0.049484,0.680122,-0.727716,-0.088669,0.007762,0.003117,0.003139,-5.288124,-0.939304,-1.114078,-1.088514
422,0.137382,-0.005609,0.321839,0.262014,-0.120645,-0.957517,-0.808154,-0.569678,-0.14942,-0.527783,0.813121,-0.245574,0.015596,0.007098,0.007005,-0.007458,-0.13655,0.21984,-1.761659,-0.202312,-0.009874,0.284995,0.476516,0.234375,0.847344,-0.574419,-0.646513,0.501994,0.664859,-0.726201,-0.174521,-0.000645,0.024659,-0.013224,-0.484925,0.785206,-2.954799,0.296949,0.027776,0.039433,-0.028949,-0.332078,-0.218275,0.917648,0.541946,0.752101,0.375016,-0.772022,0.621851,-0.131463,-0.007719,0.012627,-0.005811,1.597238,0.461185,-0.56367,0.215582,0.067329,0.037278,-0.057018,-0.102397,0.034746,-0.994136,0.739323,0.671286,-0.052689,0.665519,-0.740383,-0.094426,0.000696,0.004333,0.004201,-0.040277,-0.016597,0.015483,-1.092433
