frame,MLTx,MLTy,MLTz,MLTR1,MLTR2,MLTR3,MLTR4,MLTR5,MLTR6,MLTR7,MLTR8,MLTR9,MLTTVx,MLTTVy,MLTTVz,MLTRVx,MLTRVy,MLTRVz,MLGA,MRTx,MRTy,MRTz,MRTR1,MRTR2,MRTR3,MRTR4,MRTR5,MRTR6,MRTR7,MRTR8,MRTR9,MRTTVx,MRTTVy,MRTTVz,MRTRVx,MRTRVy,MRTRVz,MRGA,SLTx,SLTy,SLTz,SLTR1,SLTR2,SLTR3,SLTR4,SLTR5,SLTR6,SLTR7,SLTR8,SLTR9,SLTTVx,SLTTVy,SLTTVz,SLTRVx,SLTRVy,SLTRVz,SLGA,SRTx,SRTy,SRTz,SRTR1,SRTR2,SRTR3,SRTR4,SRTR5,SRTR6,SRTR7,SRTR8,SRTR9,SRTTVx,SRTTVy,SRTTVz,SRTRVx,SRTRVy,SRTRVz,SRGA
220,0.092079,0.016596,0.439606,-0.490209,0.473374,-0.731886,-0.490775,-0.843787,-0.217107,-0.719725,0.25217,0.646864,0.000183,0.000624,0.00028,0.0,0.0,0.0,0.52158,-0.102228,-0.021715,0.410874,-0.68663,-0.149714,0.711418,0.024383,-0.982754,-0.183121,0.727411,-0.108179,0.67752,0.013315,0.002308,0.000254,0.002045,-0.015205,0.029245,0.174456,0.028685,0.023821,-0.012398,0.64285,0.115607,0.757217,0.01732,0.986098,-0.165255,-0.765796,0.119349,0.631911,0.006652,0.001185,0.000138,0.001821,-0.015474,0.029694,0.060783,0.083812,0.047546,-0.033073,0.434058,-0.528948,-0.72925,0.577334,0.784734,-0.225557,0.691576,-0.323116,0.646001,0.000116,0.000402,0.00018,-1.2e-05,-8e-06,-1.4e-05,0.520878
221,0.092043,0.016591,0.439627,-0.490313,0.473295,-0.731868,-0.490759,-0.843827,-0.216987,-0.719665,0.252185,0.646925,0.0,0.0,0.0,0.0,0.0,0.0,0.521226,-0.1017,-0.021618,0.410899,-0.687218,-0.148071,0.711194,0.02324,-0.982983,-0.18204,0.726893,-0.108365,0.678046,0.013001,0.003881,0.001298,0.003088,-0.024667,0.056445,0.155842,0.028944,0.023866,-0.012387,0.64339,0.113987,0.757004,0.018373,0.986268,-0.164125,-0.765317,0.119505,0.632461,0.00664,0.001234,0.000168,0.009365,-0.08056,0.217004,0.037432,0.083794,0.047544,-0.033062,0.43417,-0.528881,-0.729232,0.577323,0.784776,-0.225438,0.691514,-0.323125,0.646062,-1e-06,-1.1e-05,-5e-06,1e-06,1e-05,5e-06,0.520715
222,0.092023,0.016587,0.439626,-0.490366,0.473248,-0.731863,-0.49073,-0.843856,-0.216938,-0.719649,0.252174,0.646947,-2.4e-05,-8.3e-05,-3.7e-05,0.0,0.0,0.0,0.52166,-0.101271,-0.021546,0.410917,-0.687673,-0.14682,0.711015,0.022373,-0.983156,-0.181215,0.726491,-0.108503,0.678455,-0.0,0.0,0.0,-0.0,0.0,0.0,0.148816,0.029168,0.023908,-0.012375,0.643839,0.112659,0.756821,0.019234,0.986405,-0.163197,-0.764919,0.119629,0.632919,0.006643,0.001224,0.000161,0.002115,-0.0152,0.029322,0.02241,0.083784,0.047542,-0.033063,0.434228,-0.528839,-0.729228,0.577298,0.78481,-0.225388,0.6915,-0.323112,0.646084,-1.4e-05,-6.1e-05,-2.7e-05,4e-06,2.8e-05,1.2e-05,0.520715
223,0.092034,0.016593,0.439628,-0.490332,0.473279,-0.731865,-0.490749,-0.843837,-0.216971,-0.719659,0.252181,0.646933,6e-06,1.9e-05,9e-06,0.0,0.0,0.0,0.521782,-0.10114,-0.02153,0.410915,-0.68782,-0.1464,0.710959,0.022076,-0.983212,-0.180944,0.726361,-0.108555,0.678586,9.3e-05,-0.000463,-0.000308,-0.0,0.0,0.0,0.106085,0.029234,0.023917,-0.012376,0.643976,0.112236,0.756767,0.019514,0.986448,-0.162906,-0.764796,0.119675,0.633059,5.9e-05,-0.000306,-0.000211,7.6e-05,7e-06,6.7e-05,-0.007799,0.08379,0.047545,-0.033061,0.434191,-0.528867,-0.72923,0.577314,0.784788,-0.225421,0.691509,-0.32312,0.64607,3e-06,5e-06,4e-06,4e-06,6e-06,3e-06,0.520878
224,0.092043,0.016591,0.439627,-0.490313,0.473295,-0.731868,-0.490759,-0.843827,-0.216987,-0.719665,0.252185,0.646925,0.0,0.0,0.0,0.0,0.0,0.0,0.521258,-0.101158,-0.021541,0.41091,-0.687835,-0.146323,0.71096,0.022022,-0.983223,-0.180891,0.726348,-0.108559,0.678599,9.4e-05,-0.00047,-0.000313,-0.0,0.0,0.0,0.081262,0.029224,0.023911,-0.012379,0.643989,0.112157,0.756768,0.019566,0.986456,-0.162849,-0.764783,0.11968,0.633073,6e-05,-0.000303,-0.000205,6.9e-05,-0.0,4.9e-05,-0.039151,0.083794,0.047544,-0.033062,0.43417,-0.528881,-0.729232,0.577324,0.784776,-0.225437,0.691514,-0.323125,0.646062,0.0,-5e-06,-1e-06,7e-06,7e-06,6e-06,0.520715
225,0.092049,0.016581,0.439622,-0.490309,0.473295,-0.73187,-0.49076,-0.843825,-0.216988,-0.719666,0.252188,0.646923,-1.3e-05,-4.3e-05,-1.9e-05,0.0,0.0,0.0,0.521108,-0.101177,-0.021551,0.410917,-0.68699,-0.147674,0.711497,0.021432,-0.982821,-0.183133,0.727165,-0.110354,0.677434,0.0,-0.0,-0.0,0.0,0.0,-0.0,0.052994,0.029215,0.023905,-0.012376,0.643152,0.113525,0.757276,0.020292,0.986074,-0.165059,-0.765469,0.121524,0.631892,-2e-06,6e-06,4e-06,-0.00014,-0.000128,0.000215,-0.093037,0.083798,0.047539,-0.033065,0.434167,-0.528881,-0.729234,0.577325,0.784775,-0.225439,0.691515,-0.323127,0.646059,-5e-06,-2e-05,-8e-06,1e-06,-7e-06,-8e-06,0.520551
226,0.092041,0.016583,0.439623,-0.490328,0.473279,-0.731868,-0.49075,-0.843836,-0.216971,-0.719661,0.252183,0.646931,-0.0,-0.0,-0.0,0.0,0.0,0.0,0.521648,-0.10117,-0.021541,0.41096,-0.687018,-0.147619,0.711482,0.021451,-0.982837,-0.183046,0.727138,-0.110286,0.677474,-9.6e-05,0.00048,0.000319,-0.0,0.0,0.0,0.012737,0.029219,0.02391,-0.012354,0.64318,0.113467,0.757261,0.020269,0.98609,-0.16497,-0.765446,0.121454,0.631933,-5e-05,0.000246,0.000163,3.4e-05,-1e-06,1e-05,-0.129287,0.083793,0.04754,-0.033064,0.434187,-0.528867,-0.729232,0.577316,0.784787,-0.225422,0.69151,-0.323122,0.646068,2e-06,3e-06,1e-06,3e-06,-0.0,-1e-06,0.520715
227,0.092041,0.016583,0.439623,-0.490328,0.473279,-0.731868,-0.49075,-0.843836,-0.216971,-0.719661,0.252183,0.646931,-0.0,-0.0,-0.0,0.0,0.0,0.0,0.521477,-0.101218,-0.021569,0.411032,-0.687028,-0.147624,0.711471,0.02159,-0.982856,-0.182925,0.727125,-0.110106,0.677517,0.001121,-0.00759,0.011323,-0.035314,0.001287,-0.022853,-0.035079,0.029195,0.023897,-0.012324,0.643191,0.113455,0.757253,0.020155,0.98611,-0.164862,-0.76544,0.121301,0.63197,-0.000209,0.001035,0.000688,0.00106,-0.009453,0.027219,-0.1706,0.083793,0.04754,-0.033064,0.434187,-0.528867,-0.729232,0.577316,0.784787,-0.225422,0.69151,-0.323122,0.646068,1e-06,2e-06,1e-06,5e-06,-9e-06,-2e-06,0.520715
228,0.092043,0.016591,0.439627,-0.490313,0.473295,-0.731868,-0.490759,-0.843827,-0.216987,-0.719665,0.252185,0.646925,0.0,1e-06,0.0,0.0,0.0,0.0,0.521676,-0.10137,-0.021605,0.411207,-0.686222,-0.151441,0.711446,0.027526,-0.982789,-0.182489,0.727683,-0.105433,0.677661,-0.000544,0.002715,0.001803,-1e-06,0.0,-1e-06,-0.074872,0.029124,0.023875,-0.012233,0.642504,0.117321,0.757247,0.014161,0.986223,-0.164812,-0.76615,0.116616,0.631991,0.000493,-0.003477,0.005878,-0.03568,0.000984,-0.022252,-0.235263,0.083794,0.047544,-0.033062,0.434171,-0.528881,-0.729232,0.577324,0.784776,-0.225437,0.691514,-0.323125,0.646062,-0.0,-5e-06,-3e-06,6e-06,0.0,4e-06,0.520878
229,0.092043,0.016591,0.439627,-0.490313,0.473295,-0.731868,-0.490759,-0.843827,-0.216987,-0.719665,0.252185,0.646925,0.0,0.0,0.0,0.0,0.0,0.0,0.521139,-0.101502,-0.021579,0.411346,-0.686308,-0.151125,0.71143,0.027479,-0.982859,-0.182113,0.727603,-0.105224,0.677779,-0.000471,0.002356,0.001563,-0.0,0.0,-0.0,-0.06686,0.029053,0.02389,-0.012162,0.642581,0.116995,0.757231,0.014189,0.986287,-0.164426,-0.766085,0.116401,0.632109,0.000386,-0.002935,0.006237,-0.034215,-0.008173,0.004452,-0.251592,0.083794,0.047544,-0.033062,0.43417,-0.528881,-0.729232,0.577324,0.784776,-0.225438,0.691514,-0.323125,0.646062,1e-06,-3e-06,-1e-06,2e-06,1.3e-05,1e-06,0.520715
230,0.092041,0.016583,0.439623,-0.490328,0.473279,-0.731868,-0.49075,-0.843836,-0.216971,-0.719661,0.252183,0.646931,-2e-06,-7e-06,-3e-06,0.0,0.0,0.0,0.521668,-0.101524,-0.021529,0.411417,-0.686471,-0.15056,0.711393,0.027141,-0.982949,-0.181681,0.727462,-0.105199,0.677934,-0.000439,0.002195,0.001455,0.001036,-0.009434,0.027209,-0.040389,0.029042,0.023915,-0.012126,0.642724,0.116444,0.757195,0.014491,0.986355,-0.163986,-0.76596,0.11637,0.632267,0.006563,0.001593,0.000418,0.002103,-0.015222,0.029291,-0.236732,0.083793,0.04754,-0.033064,0.434187,-0.528867,-0.729232,0.577316,0.784786,-0.225422,0.69151,-0.323122,0.646068,1e-06,3e-06,2e-06,3e-06,-8e-06,-6e-06,0.520878
231,0.092041,0.016583,0.439623,-0.490328,0.473279,-0.731868,-0.49075,-0.843836,-0.216971,-0.719661,0.252183,0.646931,-0.0,-0.0,-0.0,0.0,0.0,0.0,0.521167,-0.101528,-0.021571,0.411501,-0.686469,-0.150673,0.711371,0.027392,-0.982957,-0.181601,0.727455,-0.104966,0.677978,0.00109,-0.00744,0.011422,-0.035317,0.001288,-0.022849,-0.03728,0.029039,0.023898,-0.012088,0.642733,0.116519,0.757177,0.014282,0.986371,-0.163912,-0.765957,0.116165,0.632309,-0.00018,0.000891,0.000592,0.001082,-0.009434,0.027244,-0.228241,0.083793,0.04754,-0.033064,0.434187,-0.528867,-0.729232,0.577316,0.784786,-0.225422,0.69151,-0.323122,0.646068,1e-06,5e-06,3e-06,-2e-06,-5e-06,-9e-06,0.520878
232,0.092038,0.016568,0.439627,-0.490358,0.473256,-0.731863,-0.490754,-0.843845,-0.216929,-0.719638,0.252198,0.64695,-1.8e-05,-6e-05,-2.7e-05,0.0,0.0,0.0,0.521022,-0.101634,-0.021757,0.411721,-0.686378,-0.151221,0.711343,0.028296,-0.98295,-0.181496,0.727506,-0.104234,0.678036,0.001364,-0.008816,0.010512,-0.035317,0.001283,-0.022849,-0.082057,0.028986,0.023804,-0.011972,0.64266,0.117085,0.757151,0.013345,0.986392,-0.163861,-0.766034,0.115411,0.632353,0.000688,-0.004453,0.005227,-0.035303,0.001274,-0.022821,-0.239998,0.083792,0.047533,-0.033062,0.434219,-0.528847,-0.729227,0.577321,0.784795,-0.22538,0.691486,-0.323134,0.646088,-8e-06,-2.8e-05,-1.3e-05,0.0,7e-06,-2e-06,0.520551
233,0.092019,0.016559,0.439646,-0.490425,0.473209,-0.731849,-0.490759,-0.843864,-0.216843,-0.719589,0.252222,0.646995,-0.0,-0.0,-0.0,0.0,0.0,0.0,0.521059,-0.101852,-0.022006,0.411961,-0.685371,-0.155782,0.71133,0.035066,-0.982772,-0.181281,0.728159,-0.099084,0.678107,-0.012161,-0.010045,0.010975,-0.036332,0.007102,-0.024864,-0.162755,0.028883,0.023679,-0.01186,0.641796,0.121664,0.757162,0.006594,0.986422,-0.164092,-0.766846,0.110306,0.63228,0.000706,-0.004554,0.005165,-0.035505,0.001076,-0.022426,-0.301559,0.083783,0.047528,-0.033053,0.434291,-0.528807,-0.729214,0.577328,0.784814,-0.225294,0.691435,-0.323153,0.646133,-1e-06,5e-06,2e-06,-4e-06,-1e-05,-7e-06,0.520551
234,0.092001,0.016556,0.439656,-0.490477,0.473169,-0.731839,-0.490751,-0.843884,-0.216783,-0.719559,0.25223,0.647026,-0.0,-0.0,-0.0,0.0,0.0,0.0,0.520812,-0.10192,-0.022107,0.41211,-0.682545,-0.16789,0.711292,0.052815,-0.982039,-0.180954,0.729736,-0.085709,0.678234,0.001023,-0.007113,0.011643,-3.966548,1.001391,-3.77137,-0.19246,0.028844,0.023628,-0.011785,0.640196,0.129799,0.757166,-0.00537,0.986354,-0.164548,-0.768192,0.101277,0.632157,-0.0069,5.4e-05,0.000678,-0.003521,0.014852,-0.028847,-0.337319,0.083774,0.047527,-0.033047,0.434347,-0.528773,-0.729205,0.577322,0.784836,-0.225234,0.691404,-0.323157,0.646163,-3e-06,4e-06,3e-06,-1.1e-05,-2.2e-05,-1.3e-05,0.520551
235,0.091976,0.016556,0.439679,-0.490547,0.473121,-0.731823,-0.490755,-0.843904,-0.216696,-0.719508,0.252253,0.647074,0.0,2e-06,1e-06,0.0,0.0,0.0,0.520996,-0.102068,-0.022255,0.41253,-0.678328,-0.184464,0.71122,0.077168,-0.980501,-0.180545,0.73149,-0.067332,0.678418,-0.014172,0.002068,0.002638,-0.032856,0.013942,-0.032374,-0.341511,0.028776,0.023551,-0.011577,0.635661,0.150481,0.757159,-0.035434,0.98547,-0.166109,-0.771154,0.07876,0.631757,-0.00639,-0.003499,0.0065,-0.393333,0.107186,-0.393686,-0.429252,0.083761,0.047527,-0.033036,0.434422,-0.528732,-0.729189,0.577328,0.784856,-0.225147,0.691352,-0.323173,0.646211,-3e-06,-5e-06,-2e-06,-2e-06,-5e-06,5e-06,0.520225
236,0.091976,0.016556,0.439679,-0.490547,0.473121,-0.731823,-0.490755,-0.843904,-0.216696,-0.719508,0.252253,0.647074,0.0,0.0,0.0,0.0,0.0,0.0,0.521315,-0.102542,-0.022402,0.41281,-0.669851,-0.207278,0.71297,0.101046,-0.976755,-0.188871,0.73637,-0.054191,0.674304,-0.012381,-0.008914,0.011722,0.492228,0.385233,-0.575028,-0.572662,0.028542,0.023484,-0.011433,0.628868,0.171731,0.758309,-0.059272,0.983053,-0.173474,-0.775249,0.064145,0.62839,-0.006812,-0.000372,0.000396,-0.363056,0.105517,-0.36468,-0.642183,0.083761,0.047527,-0.033036,0.434422,-0.528733,-0.72919,0.577328,0.784856,-0.225147,0.691352,-0.323173,0.646211,-0.0,-2e-06,-1e-06,-5e-06,4e-06,1e-06,0.520061
237,0.091982,0.016546,0.439674,-0.490544,0.473122,-0.731825,-0.490756,-0.843903,-0.216697,-0.71951,0.252255,0.647071,-9e-06,-3.1e-05,-1.4e-05,0.0,0.0,0.0,0.521585,-0.103223,-0.022578,0.41292,-0.655403,-0.229012,0.719716,0.118943,-0.972326,-0.200918,0.746616,-0.045768,0.663576,-0.026581,-0.004735,-0.000599,0.405998,0.842838,-0.394788,-0.817149,0.028191,0.023395,-0.011372,0.614887,0.196101,0.763843,-0.076173,0.978829,-0.189976,-0.784927,0.05863,0.616807,-0.013274,-0.002476,-0.000357,0.418208,1.089081,-0.338658,-0.85642,0.083764,0.047522,-0.033038,0.434418,-0.528733,-0.729191,0.57733,0.784855,-0.225148,0.691353,-0.323176,0.646209,-4e-06,-1.1e-05,-4e-06,-6e-06,-4e-06,-6e-06,0.520388
238,0.091991,0.016544,0.439673,-0.490525,0.473137,-0.731828,-0.490767,-0.843893,-0.216714,-0.719515,0.252259,0.647063,-0.0,-0.0,-0.0,0.0,0.0,0.0,0.521091,-0.103701,-0.022665,0.412871,-0.647283,-0.241928,0.722832,0.131459,-0.969517,-0.206614,0.751577,-0.03839,0.658423,-0.026373,-0.005819,-0.001318,-3.984585,1.31516,-3.702981,-0.986993,0.027972,0.023356,-0.011395,0.606903,0.204595,0.76799,-0.082523,0.977296,-0.195142,-0.790479,0.055056,0.610008,-0.013124,-0.003273,-0.000883,0.549585,0.630383,-0.749045,-0.924676,0.083769,0.047521,-0.033039,0.434398,-0.528747,-0.729194,0.577339,0.784843,-0.225165,0.691359,-0.323181,0.6462,1e-06,6e-06,2e-06,-6e-06,-0.0,-5e-06,0.520388
239,0.091992,0.016551,0.439665,-0.49051,0.473145,-0.731832,-0.490754,-0.843893,-0.21674,-0.719534,0.252243,0.647048,-0.0,-0.0,-0.0,0.0,0.0,0.0,0.521279,-0.104518,-0.022748,0.412784,-0.636732,-0.244257,0.73137,0.133754,-0.969109,-0.207052,0.760132,-0.033685,0.64879,-0.028245,0.005781,-0.010008,-0.16816,0.689085,0.018111,-1.277947,0.027556,0.023302,-0.011441,0.596334,0.211708,0.774316,-0.090413,0.976171,-0.197266,-0.797628,0.047628,0.601265,-0.006646,-0.001185,-0.000138,-0.02098,0.045683,-0.025389,-0.885649,0.083769,0.047524,-0.033043,0.434383,-0.528753,-0.729198,0.577326,0.784845,-0.225191,0.691379,-0.323166,0.646186,-2e-06,2e-06,2e-06,1e-06,-8e-06,2e-06,0.520551
240,0.091976,0.016556,0.439679,-0.490547,0.473121,-0.731823,-0.490755,-0.843904,-0.216696,-0.719508,0.252253,0.647074,-0.011854,0.002707,0.001742,-0.000984,0.014715,-0.029553,0.521092,-0.105191,-0.022831,0.412745,-0.628046,-0.242968,0.739267,0.13529,-0.96963,-0.203588,0.76705,-0.027522,0.64089,-0.0133,-0.002314,-0.000271,-0.129407,0.417328,0.11342,-1.404581,0.027208,0.023266,-0.011462,0.585704,0.210117,0.782816,-0.092233,0.976818,-0.193181,-0.805259,0.040945,0.591506,-0.006649,-0.00117,-0.000132,-0.140448,0.481792,0.144762,-0.923206,0.083765,0.047526,-0.033036,0.434402,-0.528746,-0.729191,0.577337,0.784845,-0.225164,0.691357,-0.323179,0.646203,-1e-06,3e-06,1e-06,-1e-06,3e-06,5e-06,0.520551
241,0.091967,0.016551,0.439688,-0.490581,0.473097,-0.731816,-0.490757,-0.843914,-0.216653,-0.719484,0.252265,0.647096,0.0,0.0,0.0,0.0,0.0,0.0,0.521741,-0.105499,-0.022893,0.412734,-0.622541,-0.243925,0.743596,0.135636,-0.969432,-0.204298,0.771461,-0.025998,0.635638,-0.013236,-0.002657,-0.000498,-0.068684,0.226326,0.04565,-1.405492,0.027059,0.023236,-0.011467,0.579401,0.210938,0.787272,-0.092557,0.976708,-0.193577,-0.809769,0.039291,0.585431,-0.006608,-0.001388,-0.000277,-0.078763,0.240106,0.047938,-0.922716,0.083756,0.047525,-0.033031,0.434458,-0.528712,-0.729183,0.577332,0.784866,-0.225104,0.691326,-0.323183,0.646234,-0.005932,0.001341,0.000866,-0.000986,0.014721,-0.029551,0.520715
242,0.091923,0.016542,0.43973,-0.490718,0.473002,-0.731786,-0.490766,-0.843953,-0.216479,-0.719384,0.252312,0.647188,0.000124,0.000423,0.00019,0.0,0.0,0.0,0.521234,-0.106019,-0.022986,0.412832,-0.614197,-0.241606,0.751252,0.136842,-0.970163,-0.199979,0.777904,-0.0197,0.627965,-0.013638,-0.000486,0.00093,-0.046374,0.156305,0.020767,-1.405583,0.026799,0.023186,-0.01142,0.570409,0.208738,0.794394,-0.094094,0.977407,-0.189263,-0.815953,0.03321,0.577163,-0.006183,-0.004508,0.00583,-0.083598,0.141485,-0.013851,-0.922063,0.083734,0.047519,-0.033011,0.434605,-0.528632,-0.729154,0.577346,0.784905,-0.224931,0.691223,-0.323218,0.646327,8.2e-05,0.000276,0.000123,-3e-06,-3e-06,-2e-06,0.520225
243,0.09186,0.016523,0.439789,-0.490922,0.472859,-0.731741,-0.490779,-0.844012,-0.21622,-0.719235,0.252383,0.647325,7.6e-05,0.00026,0.000116,0.0,0.0,0.0,0.520901,-0.106326,-0.022894,0.412968,-0.610189,-0.239938,0.755043,0.137132,-0.970635,-0.197473,0.780998,-0.016633,0.624202,-0.01426,0.00292,0.003166,-0.05528,0.178805,0.059274,-1.405049,0.026641,0.023229,-0.011353,0.566491,0.207355,0.797553,-0.094592,0.977789,-0.187028,-0.81862,0.030507,0.573522,-0.007148,0.001544,0.001644,-0.056854,0.191558,0.065836,-0.926635,0.083703,0.04751,-0.032981,0.434823,-0.528511,-0.729111,0.577366,0.784964,-0.224672,0.691068,-0.323272,0.646465,4.9e-05,0.000159,7.3e-05,-5e-06,1.1e-05,-2e-06,0.520388
244,0.091809,0.016484,0.439828,-0.491119,0.472709,-0.731706,-0.490774,-0.844078,-0.215972,-0.719105,0.252441,0.647448,-0.000172,-0.000586,-0.000263,0.0,0.0,0.0,0.521621,-0.106444,-0.022698,0.413092,-0.610499,-0.239121,0.755052,0.13658,-0.970835,-0.196874,0.780854,-0.016746,0.62438,-0.000984,0.005328,0.003497,0.001057,-0.00928,0.027262,-1.39178,0.026582,0.023326,-0.011292,0.566676,0.206741,0.797581,-0.094274,0.977919,-0.186507,-0.818529,0.030498,0.573653,-0.000497,0.002687,0.00177,0.002676,-0.01238,0.026709,-0.924186,0.083678,0.047492,-0.032961,0.435035,-0.528384,-0.729077,0.577369,0.785033,-0.224425,0.690933,-0.323314,0.646589,-0.000114,-0.000389,-0.000176,9e-06,-1.4e-05,1e-06,0.520551
245,0.0918,0.016472,0.439845,-0.491167,0.472678,-0.731694,-0.490789,-0.844087,-0.215903,-0.719061,0.25247,0.647485,-2e-06,-7e-06,-3e-06,0.0,0.0,0.0,0.52144,-0.106461,-0.02261,0.413162,-0.61083,-0.238327,0.755035,0.136079,-0.971029,-0.196264,0.780682,-0.01682,0.624592,-0.000899,0.004865,0.003191,-0.0,0.0,0.0,-1.382936,0.026574,0.023371,-0.011256,0.567059,0.205793,0.797554,-0.0937,0.978116,-0.185763,-0.81833,0.030608,0.573932,-0.000479,0.002591,0.001703,0.00846,-0.064894,0.188575,-0.921247,0.083673,0.047488,-0.032957,0.43507,-0.528364,-0.72907,0.577373,0.785042,-0.224382,0.690907,-0.323324,0.646612,1e-06,3e-06,1e-06,0.0,-5e-06,-1.1e-05,0.520388
246,0.091799,0.016465,0.439853,-0.491182,0.47267,-0.731689,-0.490802,-0.844087,-0.215876,-0.719043,0.252487,0.647499,-0.0,-0.0,-0.0,0.0,0.0,0.0,0.521513,-0.106484,-0.022492,0.413288,-0.611435,-0.236891,0.754997,0.135217,-0.971378,-0.195126,0.780359,-0.0169,0.624994,-0.000433,0.002344,0.001535,-0.0,0.0,0.0,-1.374424,0.026561,0.023438,-0.011188,0.56764,0.204298,0.797525,-0.092852,0.978426,-0.184552,-0.818023,0.030707,0.574364,0.000439,-0.003207,0.006048,-0.034701,0.001406,-0.022212,-0.921083,0.083673,0.047481,-0.032949,0.435101,-0.528351,-0.729061,0.577398,0.785039,-0.224329,0.690866,-0.323353,0.646641,-1e-06,4e-06,2e-06,0.0,-3e-06,-8e-06,0.520551
247,0.091812,0.016432,0.439859,-0.491204,0.472655,-0.731684,-0.49083,-0.844083,-0.215825,-0.719008,0.252525,0.647522,-6.5e-05,-0.000222,-9.9e-05,0.0,0.0,0.0,0.521311,-0.106485,-0.022495,0.413384,-0.611694,-0.236332,0.754963,0.135012,-0.971517,-0.194579,0.780192,-0.016777,0.625206,-2.3e-05,0.000127,8.3e-05,-0.0,0.0,0.0,-1.364859,0.02656,0.023438,-0.011139,0.567889,0.203717,0.797497,-0.092651,0.978551,-0.18399,-0.817873,0.030597,0.574583,9e-06,-6.1e-05,-3.9e-05,0.000483,-0.000112,0.00031,-0.921247,0.083679,0.047465,-0.032946,0.435124,-0.528339,-0.729056,0.577426,0.785033,-0.224278,0.690828,-0.323388,0.646664,-0.0003,-0.004668,0.005153,-0.035315,0.015408,-0.016951,0.520551
248,0.091812,0.016432,0.439859,-0.491204,0.472655,-0.731684,-0.49083,-0.844083,-0.215825,-0.719008,0.252525,0.647522,-0.0,-0.0,-0.0,0.0,0.0,0.0,0.521823,-0.106461,-0.022588,0.413493,-0.612,-0.235715,0.754908,0.134889,-0.971671,-0.193892,0.779973,-0.016517,0.625486,-0.0,0.0,0.0,-0.0,0.0,0.0,-1.36202,0.026573,0.023388,-0.011086,0.568183,0.203081,0.797449,-0.09255,0.978691,-0.183295,-0.81768,0.030341,0.574871,6e-06,-4.4e-05,-2.8e-05,0.000311,-5.7e-05,0.000242,-0.921083,0.083679,0.047465,-0.032946,0.435125,-0.528339,-0.729056,0.577426,0.785033,-0.224278,0.690828,-0.323387,0.646664,-2e-06,9e-06,4e-06,-8e-06,-2.4e-05,-2e-05,0.520878
249,0.091812,0.016432,0.439859,-0.491204,0.472655,-0.731684,-0.49083,-0.844083,-0.215825,-0.719008,0.252525,0.647522,-0.0,-0.0,-0.0,0.0,0.0,0.0,0.521369,-0.106451,-0.022656,0.413584,-0.612142,-0.235464,0.754871,0.134946,-0.971736,-0.193527,0.779852,-0.016283,0.625643,0.001322,-0.008791,0.010541,-0.035409,0.001545,-0.022689,-1.362431,0.026577,0.023357,-0.011046,0.568324,0.202805,0.797418,-0.092592,0.978754,-0.182934,-0.817577,0.030131,0.575028,-2.6e-05,0.000129,8.3e-05,0.000271,-5.3e-05,0.000187,-0.923696,0.083679,0.047465,-0.032946,0.435125,-0.528339,-0.729056,0.577426,0.785033,-0.224278,0.690829,-0.323387,0.646664,-4e-06,7e-06,4e-06,-1.2e-05,-1.9e-05,-2.2e-05,0.520715
250,0.091812,0.016432,0.439859,-0.491204,0.472655,-0.731684,-0.49083,-0.844083,-0.215825,-0.719008,0.252525,0.647522,-0.0,-0.0,-0.0,0.0,0.0,0.0,0.521037,-0.106449,-0.022749,0.41378,-0.61229,-0.23528,0.754808,0.135251,-0.971789,-0.19305,0.779683,-0.015798,0.625866,0.00117,-0.007965,0.011083,-0.035407,0.001534,-0.022692,-1.360833,0.026579,0.023309,-0.010948,0.568472,0.202612,0.797362,-0.092914,0.978809,-0.182476,-0.817438,0.029646,0.575251,-0.000124,0.000653,0.000425,0.000189,-3.1e-05,0.000121,-0.925819,0.083679,0.047465,-0.032946,0.435125,-0.528339,-0.729056,0.577426,0.785033,-0.224278,0.690829,-0.323387,0.646664,-5e-06,5e-06,3e-06,-7e-06,-2.5e-05,-1.6e-05,0.520715
251,0.091814,0.01644,0.439862,-0.491188,0.472671,-0.731684,-0.490839,-0.844074,-0.215841,-0.719013,0.252527,0.647516,2e-06,6e-06,3e-06,0.0,0.0,0.0,0.521528,-0.106482,-0.022759,0.413996,-0.612384,-0.235186,0.754761,0.135554,-0.971818,-0.192686,0.779556,-0.015371,0.626034,0.000626,-0.00502,0.013007,-0.034348,-0.007732,0.004575,-1.362062,0.026563,0.023298,-0.010844,0.56856,0.202531,0.79732,-0.093244,0.978839,-0.182148,-0.81734,0.029217,0.575414,-0.000353,0.001892,0.001235,0.000124,-2.3e-05,8e-05,-0.927125,0.08368,0.047469,-0.032944,0.435108,-0.528352,-0.729056,0.577434,0.785023,-0.224294,0.690833,-0.32339,0.646659,-3e-06,-2e-06,-0.0,3e-06,-5e-06,5e-06,0.520551
252,0.091814,0.01644,0.439862,-0.491188,0.472671,-0.731684,-0.490839,-0.844074,-0.215841,-0.719013,0.252527,0.647516,0.0,0.0,0.0,0.0,0.0,0.0,0.521167,-0.106537,-0.02275,0.414092,-0.612376,-0.235229,0.754754,0.135726,-0.971811,-0.192603,0.779533,-0.015189,0.626068,-0.000665,0.003604,0.002354,-0.0,0.0,0.0,-1.363974,0.026535,0.023304,-0.010789,0.568559,0.20257,0.797311,-0.093438,0.978837,-0.182059,-0.817318,0.029012,0.575455,-0.000352,0.001894,0.001238,9.2e-05,-1.7e-05,8.1e-05,-0.929411,0.08368,0.047469,-0.032944,0.435108,-0.528352,-0.729056,0.577434,0.785023,-0.224294,0.690833,-0.32339,0.646659,-2e-06,-3e-06,-1e-06,4e-06,-7e-06,4e-06,0.520715
253,0.091812,0.016432,0.439859,-0.491204,0.472655,-0.731684,-0.49083,-0.844083,-0.215825,-0.719008,0.252525,0.647522,-4.7e-05,-0.000159,-7.1e-05,0.0,0.0,0.0,0.521366,-0.106694,-0.022695,0.414288,-0.612351,-0.23529,0.754756,0.136016,-0.971801,-0.192447,0.779502,-0.014871,0.626115,-0.014153,0.002523,0.002874,-0.000987,0.005962,-0.001971,-1.366354,0.026462,0.02333,-0.010693,0.568541,0.202626,0.797309,-0.093731,0.978835,-0.181922,-0.817297,0.028697,0.5755,-0.000378,0.002033,0.001329,6.7e-05,-1.9e-05,3.6e-05,-0.931207,0.083679,0.047465,-0.032946,0.435125,-0.528339,-0.729056,0.577426,0.785033,-0.224278,0.690829,-0.323387,0.646664,-2.5e-05,-8.2e-05,-3.7e-05,-7e-06,4e-06,-6e-06,0.520388
254,0.091809,0.016411,0.439871,-0.491248,0.472624,-0.731674,-0.490846,-0.844091,-0.215756,-0.718967,0.252557,0.647556,-1e-06,-3e-06,-1e-06,0.0,0.0,0.0,0.520952,-0.106862,-0.022629,0.414443,-0.612312,-0.235345,0.754771,0.136221,-0.971792,-0.192352,0.779497,-0.014648,0.626125,-0.000757,0.004124,0.002686,0.001058,-0.009238,0.027276,-1.370109,0.026373,0.023364,-0.010614,0.568491,0.202703,0.797326,-0.093954,0.978826,-0.181857,-0.817306,0.028472,0.575498,-0.006923,0.000427,0.000891,-0.001991,0.015187,-0.02924,-0.934146,0.083677,0.047454,-0.03294,0.435172,-0.528313,-0.729047,0.577444,0.78504,-0.224209,0.690784,-0.323414,0.646698,2e-06,9e-06,6e-06,-1e-05,9e-06,-9e-06,0.520225
255,0.09181,0.016412,0.439882,-0.491247,0.472632,-0.73167,-0.490868,-0.844081,-0.215746,-0.718952,0.252576,0.647564,1.8e-05,6e-05,2.7e-05,0.0,0.0,0.0,0.52075,-0.10697,-0.022601,0.414494,-0.612195,-0.235571,0.754795,0.136415,-0.971738,-0.192484,0.779554,-0.014556,0.626056,-0.013859,0.000979,0.001862,-0.000986,0.005969,-0.001969,-1.374843,0.026323,0.02338,-0.010587,0.568392,0.20291,0.797344,-0.094126,0.978785,-0.181985,-0.817355,0.028389,0.575433,-0.000183,0.00099,0.000648,4e-05,-1e-05,5e-06,-0.9348,0.083678,0.047455,-0.032934,0.435171,-0.52832,-0.729042,0.577464,0.785028,-0.224199,0.690768,-0.323431,0.646707,1e-05,3.7e-05,1.4e-05,-6e-06,-5e-06,-8e-06,0.520225
256,0.09181,0.016372,0.43994,-0.491334,0.472592,-0.731637,-0.490967,-0.844067,-0.215576,-0.718826,0.252697,0.647658,-0.000515,-0.009052,0.010435,-0.035319,0.015388,-0.016953,0.520697,-0.107231,-0.022579,0.41452,-0.611967,-0.235932,0.754867,0.136644,-0.971651,-0.192758,0.779693,-0.014496,0.625885,-0.013506,-0.000931,0.000617,-0.002045,0.015205,-0.029245,-1.378167,0.026193,0.023394,-0.010573,0.568178,0.203255,0.797408,-0.094326,0.978715,-0.182259,-0.817481,0.02834,0.575257,-0.000141,0.000765,0.000502,1.9e-05,-5e-06,2.2e-05,-0.936269,0.083678,0.047438,-0.032909,0.435246,-0.528296,-0.729015,0.577549,0.785006,-0.224056,0.69065,-0.323522,0.646788,-2e-06,1e-06,1e-06,-4e-06,-6e-06,-2e-06,0.519898
257,0.091789,0.016315,0.440013,-0.491503,0.47249,-0.73159,-0.491061,-0.844082,-0.215305,-0.718646,0.25284,0.647802,0.0,0.0,0.0,0.0,0.0,0.0,0.521147,-0.107421,-0.022609,0.414554,-0.611869,-0.236054,0.754908,0.136795,-0.971623,-0.192792,0.779744,-0.014379,0.625825,-4.1e-05,0.000225,0.000146,0.0,0.0,0.0,-1.377992,0.026093,0.023378,-0.010556,0.568071,0.2034,0.797447,-0.094487,0.978688,-0.18232,-0.817537,0.028222,0.575183,-1.4e-05,7.8e-05,5.5e-05,8e-06,3e-06,1.5e-05,-0.936269,0.083667,0.047406,-0.032869,0.43544,-0.528206,-0.728964,0.577658,0.78501,-0.223758,0.690436,-0.323659,0.646948,-0.000261,-0.004537,0.005214,-0.035325,0.015394,-0.016959,0.520061
258,0.091787,0.016287,0.440045,-0.491561,0.472458,-0.731571,-0.491112,-0.844079,-0.215199,-0.718571,0.252907,0.647858,0.0,0.0,0.0,0.0,0.0,0.0,0.520888,-0.107501,-0.022622,0.414578,-0.61184,-0.236081,0.754923,0.136857,-0.971618,-0.192776,0.779755,-0.014315,0.625812,-9.3e-05,0.000512,0.000333,0.0,0.0,0.0,-1.377913,0.026053,0.023371,-0.010545,0.568042,0.203428,0.797461,-0.09455,0.978684,-0.182308,-0.817549,0.028159,0.575168,-4.3e-05,0.000233,0.000157,2.4e-05,-1e-06,-1.8e-05,-0.935453,0.083666,0.047393,-0.032853,0.435501,-0.528181,-0.728946,0.577709,0.785003,-0.223653,0.690355,-0.323718,0.647005,-2e-06,-3e-06,0.0,1.3e-05,3e-06,1.4e-05,0.520225
259,0.091781,0.016225,0.440104,-0.491588,0.472487,-0.731535,-0.491268,-0.844019,-0.21508,-0.718446,0.253056,0.647939,-0.000847,-0.010184,0.00993,-0.035322,0.015378,-0.016956,0.521055,-0.107671,-0.022649,0.414613,-0.611653,-0.236436,0.754964,0.137159,-0.971534,-0.192985,0.779849,-0.014172,0.625698,-0.013293,-0.002089,-0.000138,-0.002045,0.015205,-0.029245,-1.378182,0.025973,0.023358,-0.010527,0.567875,0.203766,0.797494,-0.094825,0.978618,-0.182521,-0.817634,0.028026,0.575055,-1.3e-05,6.6e-05,4.5e-05,-2e-06,-1e-05,-2e-06,-0.935453,0.083665,0.047368,-0.032826,0.43551,-0.528218,-0.728914,0.577845,0.784929,-0.223561,0.690235,-0.323836,0.647073,-0.00023,-0.000776,-0.000346,-0.001821,0.009507,-0.027152,0.520062
260,0.091781,0.016225,0.440104,-0.491588,0.472487,-0.731535,-0.491268,-0.844019,-0.21508,-0.718446,0.253056,0.647939,-0.0,-0.0,-0.0,0.0,0.0,0.0,0.521361,-0.107782,-0.02266,0.414616,-0.611587,-0.236515,0.754993,0.137216,-0.971515,-0.193039,0.779891,-0.014145,0.625647,-0.0,2e-06,1e-06,0.0,0.0,0.0,-1.381136,0.025912,0.023351,-0.010526,0.567798,0.203867,0.797523,-0.094893,0.978597,-0.182595,-0.817679,0.027998,0.574991,2e-06,-2e-05,-1.1e-05,-7e-06,3e-06,1e-05,-0.93382,0.083664,0.047361,-0.032824,0.435525,-0.528211,-0.728909,0.577858,0.784927,-0.223534,0.690215,-0.323851,0.647087,-0.0,6e-06,4e-06,-1e-05,-7e-06,-1.4e-05,0.520061
261,0.091781,0.016225,0.440104,-0.491588,0.472487,-0.731535,-0.491268,-0.844019,-0.21508,-0.718446,0.253056,0.647939,-0.0,-0.0,-0.0,0.0,0.0,0.0,0.521142,-0.107782,-0.02266,0.414616,-0.6117,-0.236239,0.754987,0.137035,-0.971582,-0.192833,0.779834,-0.014179,0.625717,-0.0,0.0,0.0,0.0,0.0,0.0,-1.380397,0.025913,0.023351,-0.010526,0.567903,0.203588,0.797519,-0.094724,0.978655,-0.182376,-0.817626,0.028028,0.575066,0.00663,0.001118,0.000113,0.00205,-0.015218,0.029239,-0.933493,0.083664,0.047361,-0.032824,0.435525,-0.528211,-0.728909,0.577858,0.784927,-0.223534,0.690215,-0.323851,0.647087,-2e-06,4e-06,2e-06,-2e-06,-1.4e-05,-7e-06,0.520225
262,0.091781,0.016218,0.440112,-0.489907,0.473826,-0.731797,-0.490779,-0.84362,-0.217746,-0.719929,0.251881,0.646751,-0.0,-0.0,-0.0,0.0,-0.0,0.0,0.520604,-0.107774,-0.022644,0.414625,-0.611728,-0.236177,0.754984,0.136994,-0.971597,-0.192787,0.779819,-0.014188,0.625736,-0.000172,0.000952,0.000619,0.0,0.0,0.0,-1.379532,0.025917,0.023357,-0.010523,0.56793,0.203526,0.797516,-0.094686,0.978668,-0.182328,-0.817612,0.028036,0.575085,-0.000137,0.000743,0.000481,-9e-06,-1.4e-05,1.4e-05,-0.933167,0.083664,0.047358,-0.03282,0.433683,-0.529381,-0.729159,0.577308,0.784558,-0.226235,0.691833,-0.322835,0.645866,-2e-06,2e-06,2e-06,-0.003268,0.001714,-0.003069,0.519898
263,0.091789,0.016203,0.440126,-0.489917,0.473826,-0.731789,-0.490815,-0.843608,-0.21771,-0.719897,0.251919,0.646771,-0.0,-0.0,-0.0,0.0,-0.0,0.0,0.521102,-0.10774,-0.022613,0.41469,-0.61182,-0.236018,0.754959,0.136968,-0.971637,-0.192605,0.779752,-0.014117,0.625821,-0.000324,0.001789,0.001162,0.0,0.0,0.0,-1.382083,0.025934,0.023372,-0.01049,0.568018,0.203364,0.797495,-0.09467,0.978703,-0.182144,-0.817553,0.027962,0.575174,-0.000209,0.001149,0.000746,4e-06,1e-06,-0.0,-0.93333,0.083668,0.04735,-0.032812,0.43372,-0.529366,-0.729148,0.577352,0.784548,-0.22616,0.691773,-0.322886,0.645905,-0.0,-0.0,1e-06,-5.8e-05,2.3e-05,-5.3e-05,0.519572
264,0.091785,0.016187,0.440119,-0.489947,0.473796,-0.731789,-0.490797,-0.843627,-0.217678,-0.719889,0.251914,0.646782,-4e-05,-0.000136,-6.1e-05,0.0,0.0,0.0,0.520604,-0.107756,-0.02259,0.41478,-0.611806,-0.236097,0.754946,0.137142,-0.97162,-0.192567,0.779732,-0.013961,0.625849,0.000963,-0.006855,0.011802,-0.034363,-0.007634,0.004625,-1.40341,0.025926,0.023387,-0.01045,0.568002,0.203447,0.797485,-0.094827,0.97869,-0.182135,-0.817545,0.02783,0.57519,-0.006716,-0.000659,0.000181,-0.002037,0.015209,-0.029259,-0.934963,0.083665,0.047342,-0.032816,0.433754,-0.529338,-0.729148,0.577337,0.784568,-0.226127,0.691765,-0.322881,0.645916,-2.3e-05,-7.5e-05,-3.3e-05,-0.0,2e-06,1e-06,0.519735
265,0.091784,0.016181,0.440127,-0.489962,0.473788,-0.731784,-0.49081,-0.843626,-0.217652,-0.71987,0.251931,0.646796,-0.0,-2e-06,-1e-06,0.0,0.0,0.0,0.520892,-0.107759,-0.022575,0.414802,-0.611884,-0.235915,0.75494,0.137043,-0.971664,-0.192414,0.779688,-0.013959,0.625903,-0.0003,0.001657,0.001075,0.0,0.0,0.0,-1.405004,0.025924,0.023392,-0.010434,0.568079,0.20326,0.797477,-0.094756,0.978729,-0.181958,-0.817499,0.027801,0.575257,-0.000169,0.000926,0.0006,0.001066,-0.009201,0.027286,-0.935126,0.083665,0.047339,-0.032812,0.433769,-0.529332,-0.729144,0.57735,0.784566,-0.226101,0.691745,-0.322895,0.645931,2e-06,1e-05,4e-06,-9e-06,-1.7e-05,-1.7e-05,0.519572
266,0.091783,0.01616,0.44015,-0.490005,0.473764,-0.731771,-0.490849,-0.843624,-0.217573,-0.719814,0.251982,0.646839,-0.0,-0.0,-0.0,0.0,0.0,0.0,0.520677,-0.107765,-0.022538,0.414825,-0.609911,-0.235079,0.756795,0.13716,-0.971887,-0.1912,0.781211,-0.012497,0.624032,-0.000248,0.001373,0.00089,-0.001106,0.003471,0.001218,-1.405577,0.025921,0.02341,-0.010422,0.565825,0.20238,0.799302,-0.094932,0.978952,-0.180665,-0.819041,0.026345,0.573128,-0.000137,0.000753,0.000488,0.002487,-0.023955,0.019296,-0.935616,0.083665,0.047329,-0.0328,0.433815,-0.529314,-0.72913,0.577388,0.784561,-0.226022,0.691684,-0.322939,0.645974,-3e-06,6e-06,3e-06,-7e-06,-2.4e-05,-1.3e-05,0.520225
267,0.091781,0.016119,0.440197,-0.490093,0.473717,-0.731743,-0.490926,-0.84362,-0.217414,-0.719702,0.252083,0.646924,-0.0,-0.0,-0.0,0.0,0.0,0.0,0.520943,-0.107855,-0.022553,0.414824,-0.6005,-0.234022,0.764607,0.137648,-0.972189,-0.189302,0.788377,-0.008115,0.615028,-0.0,0.0,0.0,-0.131681,0.414202,0.145307,-1.405908,0.025876,0.023405,-0.010422,0.556714,0.201729,0.805837,-0.09528,0.97917,-0.179296,-0.825221,0.023036,0.564339,-0.006624,-0.00115,-0.000138,-0.179715,0.624615,0.203903,-0.929574,0.083663,0.047308,-0.032777,0.433907,-0.529276,-0.729102,0.577465,0.78455,-0.225863,0.691562,-0.323027,0.64606,-0.000261,-0.004526,0.00522,-0.035327,0.015349,-0.016968,0.519898
268,0.091781,0.016093,0.44024,-0.49015,0.473693,-0.731719,-0.490999,-0.843607,-0.217298,-0.719613,0.25217,0.646989,0.0,1e-06,1e-06,0.0,0.0,0.0,0.520879,-0.108027,-0.02262,0.414797,-0.58219,-0.2311,0.779512,0.139836,-0.972922,-0.183854,0.801603,0.002276,0.597739,0.000317,-0.001758,-0.001141,-0.215062,0.729096,0.014584,-1.406559,0.025794,0.023375,-0.010433,0.538089,0.199136,0.819027,-0.097512,0.979873,-0.17418,-0.837228,0.01386,0.546677,0.000714,-0.004721,0.005063,-0.327674,0.927308,0.086424,-0.931207,0.083664,0.047296,-0.032755,0.433967,-0.529258,-0.729079,0.577537,0.784531,-0.225747,0.691464,-0.323103,0.646126,-5e-06,-4e-06,-1e-06,2e-06,-1.6e-05,3e-06,0.519898
269,0.09178,0.01608,0.440256,-0.490284,0.473571,-0.731709,-0.490962,-0.84367,-0.217136,-0.719546,0.252189,0.647056,0.0,0.0,0.0,0.0,0.0,0.0,0.521261,-0.108096,-0.022639,0.414791,-0.569858,-0.230485,0.788752,0.141526,-0.973038,-0.181941,0.810113,0.008257,0.586099,4.2e-05,-0.000233,-0.000151,-0.197109,0.67132,0.024775,-1.406676,0.025761,0.023362,-0.010439,0.524465,0.198282,0.828021,-0.09925,0.980112,-0.171838,-0.845626,0.007942,0.533714,2.7e-05,-0.000151,-9.6e-05,-0.286105,0.968761,0.358127,-0.933004,0.083663,0.047289,-0.032748,0.434113,-0.529151,-0.72907,0.577508,0.784598,-0.225586,0.691397,-0.323114,0.646193,-2e-06,-3e-06,-2e-06,-4e-06,-9e-06,-3e-06,0.519898
270,0.091776,0.016045,0.440283,-0.490253,0.473631,-0.731691,-0.491067,-0.843613,-0.217123,-0.719496,0.252269,0.64708,-1e-06,-4e-06,-2e-06,0.0,0.0,0.0,0.521394,-0.108242,-0.022674,0.414734,-0.537118,-0.229289,0.811741,0.147329,-0.973047,-0.177226,0.831148,0.024709,0.555379,-0.0012,0.008183,-0.010941,-0.241883,0.952901,0.146485,-1.407364,0.025683,0.023341,-0.010463,0.490169,0.197852,0.848874,-0.105429,0.980204,-0.167583,-0.865227,-0.007352,0.501325,-0.006538,-0.00163,-0.000452,-0.348228,1.264145,0.214735,-0.937086,0.083661,0.047271,-0.032734,0.434075,-0.529207,-0.729052,0.577606,0.78453,-0.225573,0.691339,-0.323189,0.646218,1e-06,4e-06,-0.0,0.0,-1.2e-05,-7e-06,0.520388
271,0.091778,0.016039,0.440303,-0.490371,0.473524,-0.731681,-0.491039,-0.843666,-0.216977,-0.719434,0.25229,0.647141,0.000172,0.000585,0.000262,0.0,0.0,0.0,0.521482,-0.108374,-0.022666,0.414605,-0.496335,-0.226874,0.837956,0.15645,-0.97281,-0.170581,0.854472,0.046736,0.51726,0.000322,-0.0018,-0.001168,-0.305448,1.141362,-0.052007,-1.407366,0.025616,0.02335,-0.01053,0.447463,0.195936,0.872573,-0.114854,0.980214,-0.161208,-0.886896,-0.028084,0.461114,-0.006601,-0.001279,-0.000222,-0.372512,1.431335,0.055888,-0.932187,0.083661,0.047267,-0.032725,0.434205,-0.529114,-0.729043,0.577584,0.784587,-0.225427,0.691275,-0.323203,0.646279,0.000113,0.000393,0.000174,-1e-05,-9e-06,-1.3e-05,0.520715
272,0.091778,0.016039,0.440303,-0.490371,0.473524,-0.731681,-0.491039,-0.843666,-0.216977,-0.719434,0.25229,0.647141,2e-06,7e-06,3e-06,0.0,0.0,0.0,0.521248,-0.108402,-0.022615,0.41453,-0.473167,-0.224921,0.851772,0.162183,-0.972563,-0.166588,0.86644,0.059619,0.495572,0.00012,-0.00067,-0.000435,-0.296813,1.139513,-0.022262,-1.407838,0.025603,0.02337,-0.010565,0.424231,0.194432,0.884433,-0.120667,0.980105,-0.157585,-0.897477,-0.03987,0.439253,8.7e-05,-0.000479,-0.000312,-0.404028,1.452776,0.075868,-0.932677,0.083662,0.047268,-0.032724,0.434205,-0.529113,-0.729043,0.577584,0.784588,-0.225427,0.691275,-0.323203,0.64628,-2e-06,-0.0,-2e-06,-3e-06,-5e-06,1e-06,0.520388
273,0.091767,0.016033,0.4403,-0.490405,0.473493,-0.731678,-0.49102,-0.843686,-0.216944,-0.719424,0.252283,0.647154,-0.000105,-0.000359,-0.000161,0.0,0.0,0.0,0.52153,-0.108385,-0.022454,0.414326,-0.432974,-0.217608,0.874741,0.162789,-0.973332,-0.161427,0.887059,0.072795,0.455732,-0.001153,0.007923,-0.011107,-0.209221,1.057895,-0.238256,-1.407955,0.025611,0.023452,-0.010666,0.381233,0.187859,0.90519,-0.122035,0.980793,-0.152152,-0.916388,-0.052459,0.396837,-0.000545,0.003798,-0.005658,-0.252521,1.261909,-0.165666,-0.929901,0.083656,0.047266,-0.032725,0.434242,-0.529086,-0.729041,0.577567,0.784609,-0.225395,0.691266,-0.323195,0.646293,-5.9e-05,-0.000199,-9e-05,-3e-06,0.0,1e-06,0.520388
274,0.091775,0.016024,0.440307,-0.488704,0.474849,-0.731937,-0.490537,-0.843273,-0.219626,-0.72091,0.251114,0.645954,-0.0,-0.0,-0.0,1.867372,-0.981581,1.782344,0.521225,-0.108231,-0.022229,0.413895,-0.404369,-0.204077,0.891533,0.157613,-0.97574,-0.151735,0.90135,0.079434,0.425584,-0.000613,0.004913,-0.013061,-0.106573,0.856361,-0.280819,-1.407994,0.025687,0.023569,-0.010879,0.351043,0.174852,0.919888,-0.117672,0.982859,-0.141916,-0.928935,-0.058427,0.365601,0.006417,0.003091,-0.006725,-0.041995,0.96551,-0.185286,-0.936269,0.08366,0.047261,-0.032722,0.432956,-0.529904,-0.729211,0.577199,0.784341,-0.227264,0.692379,-0.322505,0.645446,1.5e-05,1.2e-05,-5e-06,1.869001,-0.980373,1.780251,0.520225
275,0.091766,0.016026,0.440308,-0.488619,0.474939,-0.731936,-0.490589,-0.843219,-0.219718,-0.720933,0.251125,0.645924,-0.0,-0.0,-0.0,0.0,-0.0,0.0,0.521167,-0.107926,-0.02196,0.41321,-0.387442,-0.18937,0.90223,0.150174,-0.978552,-0.140773,0.909996,0.081205,0.406418,0.011827,0.013256,-0.025115,-0.448388,0.516017,0.631455,-1.407955,0.025835,0.0237,-0.011217,0.334121,0.162186,0.928471,-0.110903,0.985005,-0.132152,-0.935982,-0.058816,0.347098,0.006723,0.001273,-0.007926,-1.209276,-0.78608,1.72929,-0.941821,0.083656,0.047262,-0.032721,0.43231,-0.530334,-0.729282,0.577076,0.784169,-0.228164,0.692885,-0.322214,0.645048,0.0,1e-06,0.0,-0.000138,6.4e-05,-0.000126,0.520225
276,0.091766,0.01602,0.440316,-0.488633,0.474931,-0.731931,-0.490601,-0.843218,-0.219692,-0.720915,0.251142,0.645939,-0.0,-0.0,-0.0,0.0,0.0,0.0,0.521445,-0.107717,-0.021819,0.412769,-0.382984,-0.187427,0.904536,0.1473,-0.979046,-0.140372,0.912346,0.07973,0.401411,0.012278,0.010798,-0.026724,0.009372,0.301184,-0.243393,-1.408093,0.025939,0.023773,-0.011435,0.327924,0.158768,0.931267,-0.10835,0.985592,-0.129877,-0.938469,-0.058313,0.340401,-0.000452,0.004093,-0.013602,-0.014651,0.263785,-0.252283,-0.94427,0.083656,0.047259,-0.032717,0.432326,-0.530328,-0.729277,0.57709,0.784168,-0.228137,0.692863,-0.322229,0.645063,0.0,1e-06,1e-06,-2.1e-05,-4e-06,-2.6e-05,0.520061
277,0.091764,0.015992,0.440347,-0.488692,0.4749,-0.731913,-0.490653,-0.843216,-0.219586,-0.72084,0.251209,0.645996,-0.0,-0.0,-0.0,0.0,0.0,0.0,0.521287,-0.107156,-0.021511,0.411744,-0.373166,-0.184097,0.909311,0.143688,-0.979741,-0.139262,0.916969,0.078937,0.390897,0.012699,0.008592,-0.028189,0.03622,0.198299,-0.088039,-1.408103,0.026219,0.023926,-0.011948,0.317893,0.155946,0.935213,-0.104812,0.986114,-0.128807,-0.942314,-0.057075,0.329824,0.006434,0.003919,-0.014346,0.042945,0.116248,0.088233,-0.944597,0.083655,0.047245,-0.032702,0.432387,-0.530303,-0.729259,0.577142,0.784161,-0.228031,0.692782,-0.322289,0.645121,-0.0,0.0,-0.0,-7e-06,1.3e-05,-8e-06,0.520061
278,0.09177,0.015936,0.440409,-0.488789,0.474853,-0.731878,-0.490766,-0.843201,-0.219391,-0.720697,0.251349,0.646101,-0.0,-0.0,-0.0,0.0,0.0,0.0,0.521567,-0.106605,-0.021312,0.410686,-0.362949,-0.174277,0.915362,0.130583,-0.982157,-0.135091,0.923,0.070736,0.378062,0.014378,-0.001992,-0.01888,-0.019278,0.285769,0.129497,-1.407966,0.02649,0.024026,-0.012471,0.307617,0.146813,0.940115,-0.091831,0.987993,-0.124241,-0.947068,-0.048113,0.317405,0.006504,0.003603,-0.014571,-0.006042,0.451599,0.215242,-0.946883,0.083658,0.047217,-0.032671,0.432489,-0.530266,-0.729225,0.577254,0.784135,-0.227836,0.692625,-0.322411,0.645228,-0.000257,-0.004527,0.005221,-0.035327,0.015371,-0.01697,0.519898
