frame,MLTx,MLTy,MLTz,MLTR1,MLTR2,MLTR3,MLTR4,MLTR5,MLTR6,MLTR7,MLTR8,MLTR9,MLTTVx,MLTTVy,MLTTVz,MLTRVx,MLTRVy,MLTRVz,MLGA,MRTx,MRTy,MRTz,MRTR1,MRTR2,MRTR3,MRTR4,MRTR5,MRTR6,MRTR7,MRTR8,MRTR9,MRTTVx,MRTTVy,MRTTVz,MRTRVx,MRTRVy,MRTRVz,MRGA,SLTx,SLTy,SLTz,SLTR1,SLTR2,SLTR3,SLTR4,SLTR5,SLTR6,SLTR7,SLTR8,SLTR9,SLTTVx,SLTTVy,SLTTVz,SLTRVx,SLTRVy,SLTRVz,SLGA,SRTx,SRTy,SRTz,SRTR1,SRTR2,SRTR3,SRTR4,SRTR5,SRTR6,SRTR7,SRTR8,SRTR9,SRTTVx,SRTTVy,SRTTVz,SRTRVx,SRTRVy,SRTRVz,SRGA
1470,0.199643,0.027318,0.38135,-0.665596,-0.138009,-0.733472,0.025662,-0.986403,0.16224,-0.745064,0.08933,0.661005,-0.038654,0.017478,-0.04823,-0.876507,-1.157487,-0.556253,0.092208,-0.182979,0.043047,0.363611,0.3181,0.232896,0.919001,-0.64342,0.764921,0.028987,-0.696582,-0.600814,0.391995,-0.000843,0.004187,-0.012228,-0.062462,0.535358,0.321108,0.534458,0.027448,0.043973,0.004708,-0.335901,-0.234156,0.912326,0.532405,-0.846224,-0.021169,0.77699,0.478617,0.408914,0.005643,0.002223,-0.006483,-0.105903,0.727178,0.508752,0.384425,0.11474,0.038265,-0.052276,-0.629921,-0.199654,-0.750557,0.180293,-0.977584,0.10873,-0.755442,-0.06683,0.651797,-0.019566,0.013549,-0.028805,-0.427926,-1.584546,0.012349,-0.198744
1471,0.198048,0.028528,0.37926,-0.627328,-0.162411,-0.761661,0.018215,-0.980805,0.194068,-0.777782,0.108066,0.619197,-0.039396,0.033775,-0.053815,-1.538988,0.139662,-2.052272,0.12424,-0.182822,0.043521,0.362871,0.312378,0.217306,0.924764,-0.641154,0.766496,0.036585,-0.70124,-0.604615,0.37758,-0.001535,0.01455,-0.020848,0.010712,0.361257,0.006195,0.535049,0.027527,0.044193,0.00435,-0.327769,-0.218987,0.919027,0.530014,-0.847888,-0.013007,0.782081,0.482834,0.393978,-0.000748,0.007619,-0.01023,0.000102,0.370631,0.278737,0.495626,0.113923,0.038864,-0.05334,-0.586379,-0.216549,-0.780554,0.171484,-0.974949,0.141655,-0.791676,-0.050789,0.608825,-0.019957,0.022686,-0.031027,-0.458065,-1.733645,-0.225035,-0.068601
1472,0.197253,0.029411,0.378139,-0.602708,-0.181077,-0.777174,0.022079,-0.977325,0.21052,-0.796926,0.109941,0.594011,-0.040049,0.04944,-0.059698,-0.262458,-1.529982,-0.406781,0.144277,-0.182951,0.04396,0.362364,0.309448,0.209545,0.927537,-0.639604,0.767615,0.040094,-0.703948,-0.605923,0.370375,-0.002868,0.037188,-0.036941,0.069692,0.410658,0.121192,0.535105,0.027461,0.044426,0.004076,-0.323597,-0.211755,0.922195,0.528298,-0.849004,-0.00957,0.784975,0.484097,0.386605,-0.001424,0.018473,-0.018541,0.068088,0.418036,0.125551,0.507872,0.113526,0.039295,-0.0539,-0.560326,-0.232026,-0.795108,0.174643,-0.971475,0.160419,-0.80965,-0.048974,0.584865,-0.019721,0.019521,-0.02535,-0.07762,-1.628378,-0.901036,-0.041821
1473,0.195833,0.031478,0.375947,-0.545569,-0.237315,-0.803792,0.045132,-0.966002,0.254507,-0.836187,0.102863,0.538736,-0.040093,0.057191,-0.055049,-0.833998,-1.258113,-1.494713,0.238555,-0.183564,0.045429,0.360896,0.303369,0.194136,0.932883,-0.635193,0.770924,0.046253,-0.710553,-0.606833,0.355995,-0.01561,0.047361,-0.044646,0.091313,0.493864,0.128475,0.534992,0.02716,0.045142,0.003359,-0.315724,-0.198094,0.927942,0.52365,-0.851924,-0.003699,0.79127,0.484749,0.372705,-0.008113,0.029412,-0.026284,0.108912,0.527085,0.407148,0.515547,0.112816,0.040324,-0.054999,-0.495416,-0.275724,-0.823734,0.195362,-0.959359,0.203625,-0.846401,-0.060047,0.529148,-0.013741,0.028647,-0.027689,-1.642721,-0.543041,-3.142517,0.0555
1474,0.194502,0.034149,0.373783,-0.494451,-0.287784,-0.82021,0.047641,-0.951162,0.304946,-0.867299,0.112057,0.485039,-0.028286,0.07846,-0.057862,-1.252248,-0.224446,-3.022907,0.326016,-0.184655,0.047602,0.358868,0.306998,0.160937,0.937999,-0.627257,0.775399,0.072378,-0.71603,-0.610785,0.337795,-0.028291,0.055485,-0.053406,0.084408,0.730544,0.27103,0.535076,0.02663,0.046205,0.002374,-0.314933,-0.165445,0.934582,0.515746,-0.856454,0.02218,0.796757,0.488992,0.355053,-0.020164,0.027213,-0.026579,0.012701,1.066875,0.631878,0.517017,0.112162,0.041619,-0.05606,-0.437483,-0.314302,-0.842509,0.194918,-0.947796,0.252367,-0.877846,-0.053814,0.475908,-0.013863,0.03413,-0.024436,-0.493332,-1.623844,-0.784944,0.179601
1475,0.193866,0.035607,0.372797,-0.470987,-0.310172,-0.825839,0.048575,-0.943853,0.32673,-0.880231,0.11415,0.460641,-0.02774,0.071891,-0.046689,-0.54907,-1.645561,-0.864887,0.356928,-0.185237,0.048752,0.357751,0.307046,0.140303,0.941291,-0.622457,0.777734,0.087241,-0.720188,-0.612873,0.324929,-0.028293,0.052959,-0.054744,0.0354,0.967989,0.630961,0.535141,0.026318,0.046828,0.001773,-0.311997,-0.14526,0.938912,0.51061,-0.859025,0.036773,0.801207,0.490892,0.342185,-0.014119,0.026303,-0.027458,0.06482,0.866871,0.559945,0.517343,0.111828,0.042381,-0.056578,-0.410603,-0.335241,-0.847948,0.194897,-0.940734,0.277549,-0.89074,-0.051301,0.451606,-0.020232,0.041339,-0.027415,-0.446908,-1.284238,-0.885828,0.233976
1476,0.192529,0.038762,0.370795,-0.424906,-0.347097,-0.836076,0.043582,-0.930354,0.364024,-0.903673,0.118663,0.411485,-0.040181,0.083467,-0.054059,-0.472502,-1.292508,-0.587241,0.382606,-0.186225,0.051243,0.355285,0.308151,0.104377,0.94559,-0.611882,0.782777,0.113117,-0.728735,-0.613573,0.303871,-0.016809,0.062887,-0.063969,-0.380239,-1.053265,2.623462,0.534822,0.025824,0.048071,0.000539,-0.306547,-0.108531,0.945647,0.499715,-0.863906,0.062841,0.810131,0.491819,0.319063,-0.008386,0.03131,-0.032047,-0.365624,-1.09533,2.596252,0.517507,0.111164,0.043966,-0.05757,-0.358008,-0.36436,-0.859692,0.187459,-0.93002,0.316102,-0.914706,-0.047991,0.401258,-0.013944,0.04188,-0.027145,-0.834215,-1.220414,-0.693992,0.301742
1477,0.191233,0.041815,0.368672,-0.382448,-0.375245,-0.844375,0.031749,-0.918632,0.393802,-0.92297,0.124261,0.364297,-0.02713,0.067014,-0.048814,-0.295704,-1.137658,-0.566865,0.397085,-0.186861,0.053579,0.352859,0.309147,0.078927,0.947729,-0.606548,0.783853,0.132695,-0.732764,-0.615959,0.288987,-0.016723,0.062799,-0.063654,0.177254,0.215265,0.486675,0.531343,0.025511,0.049212,-0.000652,-0.30482,-0.083437,0.948748,0.494611,-0.865158,0.082826,0.813906,0.494509,0.304986,-0.008054,0.024909,-0.028404,0.08755,0.414847,0.307703,0.518976,0.110511,0.04551,-0.058627,-0.311291,-0.385012,-0.868828,0.173472,-0.921913,0.346384,-0.934347,-0.042891,0.353772,-0.019837,0.038792,-0.028486,-0.283792,-1.104699,-0.791365,0.333584
1478,0.189943,0.044659,0.366521,-0.357075,-0.393181,-0.84732,0.005113,-0.907919,0.419083,-0.933632,0.145795,0.327265,-0.038981,0.064985,-0.049203,-0.429602,-1.067503,-0.565039,0.393569,-0.187121,0.055598,0.350756,0.315669,0.064254,0.946687,-0.610968,0.777058,0.151106,-0.726287,-0.62617,0.28334,-0.003396,0.044214,-0.046222,0.109535,0.292448,0.293817,0.518282,0.025377,0.050222,-0.001714,-0.309796,-0.068742,0.948314,0.500078,-0.860067,0.101021,0.808669,0.505527,0.300822,0.004011,0.027788,-0.027396,0.11585,0.307193,0.561996,0.517833,0.109881,0.046905,-0.059686,-0.285079,-0.397638,-0.872131,0.146115,-0.917282,0.370463,-0.947301,-0.02182,0.319599,-0.019675,0.037725,-0.028906,-1.612591,-0.240462,0.079012,0.344524
1479,0.189348,0.045968,0.36556,-0.358302,-0.397052,-0.844994,-0.013602,-0.902758,0.4299,-0.933076,0.166016,0.319115,-0.026779,0.066603,-0.048556,-0.112409,-0.519364,-0.454858,0.380371,-0.187044,0.056506,0.34984,0.320472,0.063405,0.945129,-0.615804,0.772029,0.157134,-0.720076,-0.632445,0.28525,0.009153,0.03367,-0.038756,0.14151,-0.088848,0.287681,0.512151,0.025411,0.050681,-0.002174,-0.313899,-0.066218,0.947144,0.505609,-0.856011,0.10772,0.803633,0.512698,0.302182,-0.001652,0.022515,-0.022814,0.185486,-0.102787,0.220485,0.512608,0.109568,0.04758,-0.060187,-0.28355,-0.402804,-0.870257,0.125805,-0.915285,0.382656,-0.950669,-0.000981,0.310204,-0.013564,0.038864,-0.028359,-0.234468,-0.733518,-0.31149,0.338319
1480,0.188023,0.048554,0.363743,-0.376471,-0.38017,-0.844858,-0.083635,-0.894271,0.43961,-0.922194,0.236627,0.305928,-0.038167,0.056688,-0.038989,-0.458682,-0.033137,-0.212669,0.311593,-0.186683,0.058048,0.34825,0.331171,0.066561,0.941215,-0.630389,0.757763,0.16834,-0.702398,-0.649159,0.291705,0.021095,0.035466,-0.038375,0.157429,-0.175169,0.268376,0.486732,0.025587,0.051453,-0.002968,-0.325137,-0.06804,0.943215,0.522194,-0.84447,0.119089,0.788415,0.531262,0.310099,0.004911,0.01188,-0.01504,0.112661,-0.050048,0.038442,0.49334,0.10891,0.048875,-0.061101,-0.304322,-0.38879,-0.869614,0.05573,-0.918617,0.391196,-0.950936,0.070586,0.301223,-0.013238,0.034215,-0.023585,-1.571362,0.392254,0.156926,0.286066
1481,0.186515,0.050821,0.362271,-0.416582,-0.340125,-0.843101,-0.171055,-0.881503,0.440074,-0.892362,0.327962,0.310092,-0.037505,0.047239,-0.029714,-0.00316,0.173549,-0.131724,0.203577,-0.185982,0.059296,0.346922,0.340789,0.077204,0.93696,-0.654021,0.735333,0.177411,-0.675679,-0.673341,0.299888,0.02172,0.026467,-0.029196,-1.430665,-0.460295,-0.249003,0.44192,0.025929,0.052068,-0.003626,-0.336328,-0.075242,0.938734,0.544081,-0.829137,0.128475,0.768673,0.553957,0.319799,0.01089,0.013582,-0.014398,0.122109,-0.182014,0.268743,0.450721,0.108156,0.050011,-0.06184,-0.350213,-0.355687,-0.866508,-0.033172,-0.919804,0.390972,-0.936082,0.165667,0.310328,-0.024891,0.029488,-0.018491,-0.282985,0.247536,0.147768,0.166048
1482,0.185642,0.051777,0.361719,-0.435425,-0.318854,-0.841892,-0.214547,-0.871489,0.440964,-0.873766,0.373024,0.312111,-0.049333,0.049708,-0.027853,-4.551587,2.453271,1.720538,0.132268,-0.185467,0.059813,0.346368,0.348301,0.082235,0.933764,-0.659169,0.729658,0.181738,-0.666791,-0.678903,0.307152,0.021702,0.026801,-0.028959,0.134473,-0.215009,0.213337,0.413533,0.026203,0.052349,-0.003923,-0.344714,-0.081259,0.935183,0.554651,-0.821372,0.133077,0.75732,0.564574,0.328209,0.010872,0.013494,-0.014434,0.126863,-0.188202,0.226334,0.418226,0.107724,0.050485,-0.06212,-0.370128,-0.339942,-0.864548,-0.072584,-0.917214,0.391725,-0.92614,0.207741,0.314812,-0.018457,0.018999,-0.010186,-0.030206,0.180781,-0.153238,0.084239
1483,0.183445,0.053386,0.361042,-0.46515,-0.283111,-0.838766,-0.274797,-0.854513,0.440756,-0.840946,0.435856,0.320727,-0.060196,0.03304,-0.008089,0.181588,0.364779,0.11916,0.054039,-0.184116,0.060788,0.345411,0.369052,0.107482,0.923168,-0.67769,0.710787,0.188288,-0.636373,-0.695237,0.333974,0.034266,0.02017,-0.019272,0.229688,-0.773881,-0.149196,0.358973,0.026866,0.052824,-0.004397,-0.368184,-0.100779,0.924274,0.575614,-0.805389,0.141479,0.730142,0.584116,0.354541,0.022783,0.016809,-0.013246,0.268296,-0.921869,-0.103877,0.350134,0.106656,0.051279,-0.062465,-0.406213,-0.308138,-0.860256,-0.140364,-0.909213,0.391954,-0.902933,0.279966,0.326083,-0.030068,0.016959,-0.003744,-0.038461,0.848799,0.434857,-0.069091
1484,0.180686,0.054479,0.361042,-0.502261,-0.220809,-0.836076,-0.350017,-0.832207,0.429991,-0.790115,0.508879,0.341743,-0.082984,0.015448,0.011393,-1.113415,1.661501,0.959957,0.041504,-0.182201,0.061684,0.344814,0.386315,0.151127,0.909898,-0.711889,0.676028,0.190089,-0.586846,-0.721361,0.367578,0.057989,0.026501,-0.017092,-4.820187,-1.905956,-1.918631,0.282506,0.027793,0.053264,-0.004693,-0.391744,-0.139871,0.90938,0.609958,-0.779447,0.142873,0.68883,0.610653,0.390659,0.023084,0.013845,-0.007792,-0.109369,-1.23795,-0.305393,0.265713,0.105258,0.051845,-0.062475,-0.45186,-0.254318,-0.855069,-0.216392,-0.898629,0.381626,-0.865445,0.357472,0.351022,-0.035844,0.013108,0.001295,-4.827222,3.158552,1.982382,-0.131305
1485,0.179059,0.054838,0.361245,-0.519525,-0.18225,-0.834819,-0.392566,-0.816882,0.422573,-0.758323,0.547482,0.353889,-0.082806,0.015928,0.011608,-1.162984,1.2708,0.703052,0.037501,-0.181028,0.062094,0.344553,0.393563,0.180478,0.901403,-0.728571,0.659108,0.186264,-0.560973,-0.73026,0.389735,0.069744,0.026818,-0.017744,-1.145002,-1.481804,-0.716249,0.226195,0.028375,0.053472,-0.004821,-0.402974,-0.16604,0.900023,0.628857,-0.764724,0.140483,0.664944,0.622597,0.412579,0.028964,0.013729,-0.008295,0.274395,-1.043873,0.258793,0.207418,0.104476,0.052022,-0.062376,-0.475304,-0.219202,-0.852077,-0.257078,-0.8916,0.372771,-0.841425,0.39623,0.367429,-0.041384,0.008198,0.005994,0.226489,0.857421,0.333245,-0.140776
1486,0.175636,0.055274,0.361892,-0.538546,-0.101321,-0.836509,-0.461445,-0.795192,0.393332,-0.704374,0.597953,0.382538,-0.094146,0.005608,0.020411,-0.088478,0.841779,0.576905,0.015695,-0.178615,0.06287,0.344042,0.416304,0.239973,0.876981,-0.754071,0.629937,0.185716,-0.508373,-0.738912,0.442074,0.057715,0.027491,-0.016476,-4.399731,-2.499457,-2.537026,0.123564,0.029582,0.05386,-0.005076,-0.434234,-0.220182,0.873475,0.658372,-0.739383,0.140918,0.614805,0.636264,0.466028,0.029232,0.007542,-0.004829,0.219454,-1.256149,-0.011169,0.062906,0.102774,0.052251,-0.062057,-0.508421,-0.140957,-0.849493,-0.331724,-0.878312,0.344276,-0.794649,0.456834,0.399794,-0.041183,0.002908,0.01016,-3.826562,1.762501,4.807796,-0.164289
1487,0.172047,0.055445,0.362705,-0.546374,-0.019155,-0.837349,-0.525666,-0.770482,0.360562,-0.651396,0.637188,0.411949,-0.093841,-0.00632,0.027966,-1.138079,1.328973,1.047051,0.001553,-0.175995,0.063842,0.343634,0.43552,0.28959,0.852322,-0.775571,0.601251,0.192151,-0.457337,-0.745075,0.485356,0.069283,0.034716,-0.012941,-0.175118,-0.914689,0.221996,0.073292,0.030939,0.054356,-0.005293,-0.460684,-0.271629,0.844977,0.687997,-0.710748,0.146618,0.56074,0.648886,0.51431,0.034653,0.017634,-0.006356,-0.241685,-0.796713,0.29777,-0.039314,0.100909,0.052344,-0.061634,-0.529679,-0.058866,-0.846152,-0.399984,-0.862367,0.310378,-0.747965,0.502849,0.433232,-0.046935,-0.003198,0.014024,-1.182454,1.302543,1.010731,-0.189109
1488,0.168378,0.055403,0.363666,-0.554662,0.053997,-0.830349,-0.572477,-0.748952,0.333638,-0.603192,0.660342,0.447365,-0.09375,0.006057,0.020489,0.3531,0.828318,0.483335,-0.020615,-0.173415,0.064845,0.343377,0.45302,0.318818,0.832538,-0.784604,0.585863,0.20272,-0.423668,-0.74544,0.514479,0.057999,0.023605,-0.004421,0.131099,-0.557351,0.591568,0.018704,0.032208,0.054854,-0.005417,-0.481561,-0.296653,0.824678,0.699663,-0.696804,0.157906,0.527796,0.653039,0.543111,0.034908,0.0121,-0.002514,0.108321,-0.527485,0.650146,-0.114265,0.099075,0.052321,-0.061154,-0.549341,0.011399,-0.835519,-0.449866,-0.84666,0.284229,-0.704162,0.53201,0.470234,-0.046886,0.002966,0.01026,0.363693,0.838364,0.488299,-0.205928
1489,0.166533,0.055344,0.364205,-0.55734,0.090508,-0.825364,-0.595343,-0.736461,0.321191,-0.578091,0.670272,0.465374,-0.105422,-0.003938,0.029552,-0.904721,1.600611,1.290464,-0.044752,-0.172258,0.06531,0.343301,0.459995,0.32296,0.827099,-0.785788,0.581688,0.210024,-0.41384,-0.74693,0.520284,0.057863,0.024752,-0.003739,0.074519,-0.337596,0.508272,-0.005323,0.032808,0.055096,-0.005457,-0.489589,-0.298867,0.819133,0.701229,-0.693302,0.166161,0.518247,0.655751,0.549007,0.02894,0.012503,-0.001839,0.066921,-0.316597,0.52629,-0.151168,0.098192,0.052292,-0.060896,-0.556996,0.043857,-0.829355,-0.47292,-0.837641,0.273319,-0.682715,0.544457,0.487303,-0.04687,-0.001856,0.014714,-4.316916,2.292448,3.048349,-0.217522
1490,0.162703,0.05538,0.365307,-0.560534,0.148624,-0.814713,-0.63028,-0.714697,0.303198,-0.536519,0.683262,0.495305,-0.105047,-0.000549,0.031315,-0.93898,1.44636,1.295082,-0.085567,-0.169984,0.066384,0.343366,0.474191,0.334925,0.814223,-0.788828,0.572218,0.224165,-0.391409,-0.74899,0.534487,0.057396,0.033334,0.001391,0.288986,-0.793537,0.198835,-0.056417,0.033924,0.055613,-0.005429,-0.505184,-0.30532,0.807197,0.705513,-0.684788,0.182526,0.497031,0.661698,0.561351,0.029159,0.010986,0.004401,0.030358,-0.223524,0.356019,-0.208157,0.096237,0.052306,-0.060335,-0.569723,0.10128,-0.815571,-0.511749,-0.820223,0.255628,-0.643061,0.563006,0.519129,-0.052532,-0.000231,0.015743,-1.002438,1.377296,1.252111,-0.253446
1491,0.158922,0.055652,0.36632,-0.562875,0.180941,-0.806522,-0.650048,-0.699574,0.296658,-0.50985,0.691032,0.512401,-0.09287,0.011146,0.023025,0.076654,0.323334,-0.070889,-0.083662,-0.168035,0.067544,0.343644,0.484359,0.348376,0.80251,-0.794147,0.559781,0.23645,-0.367443,-0.752265,0.546759,0.045239,0.036371,0.003993,0.069996,-0.239038,0.329184,-0.096835,0.03489,0.056186,-0.005293,-0.517319,-0.319481,0.793921,0.712844,-0.674188,0.193189,0.473533,0.665883,0.576511,0.023087,0.012896,0.005938,0.023544,-0.215959,0.34514,-0.252898,0.094347,0.052445,-0.059828,-0.577671,0.134418,-0.805125,-0.534083,-0.808153,0.248278,-0.617292,0.573427,0.538638,-0.046456,0.005564,0.011562,0.039538,0.255938,-0.10903,-0.26357
1492,0.157014,0.055869,0.366763,-0.561414,0.198259,-0.803463,-0.665518,-0.68521,0.295881,-0.491188,0.700582,0.517636,-0.092817,0.010314,0.022535,-0.401253,0.323811,0.097733,-0.087399,-0.16721,0.068065,0.343838,0.48786,0.359579,0.795417,-0.798043,0.552812,0.239709,-0.354114,-0.752162,0.555625,0.046028,0.025495,0.011715,-0.305699,-0.365204,-0.227941,-0.110288,0.035315,0.056462,-0.005193,-0.522881,-0.329196,0.786272,0.717091,-0.668572,0.196956,0.460843,0.666813,0.585647,0.02252,0.019076,0.002471,-1.194754,-0.67875,-0.881606,-0.27184,0.093462,0.052548,-0.059622,-0.578843,0.150611,-0.801409,-0.5504,-0.797309,0.247703,-0.601664,0.584477,0.544413,-0.046434,0.01058,0.007183,-4.428161,1.644531,2.865359,-0.264223
1493,0.153435,0.056462,0.367481,-0.560977,0.215236,-0.79939,-0.682682,-0.666467,0.299564,-0.467598,0.713508,0.521809,-0.092251,0.022514,0.014866,-0.007455,0.08808,-0.186596,-0.124509,-0.165423,0.069131,0.344343,0.495126,0.392638,0.775034,-0.80609,0.540249,0.24142,-0.324522,-0.744764,0.582989,0.04564,0.028116,0.013145,0.035735,-1.077621,-0.533402,-0.136964,0.036209,0.056996,-0.004941,-0.535116,-0.357228,0.76553,0.72639,-0.657209,0.201075,0.431284,0.663673,0.611171,0.022796,0.014643,0.006888,-1.081369,-0.901489,-1.073746,-0.300089,0.091638,0.052841,-0.059253,-0.580916,0.167504,-0.79654,-0.571641,-0.780606,0.252743,-0.579449,0.602158,0.549219,-0.046197,0.01076,0.00722,-0.00576,-0.026644,-0.023622,-0.279736
1494,0.149636,0.057224,0.368146,-0.557679,0.22647,-0.798593,-0.696226,-0.651468,0.30138,-0.451317,0.723792,0.521983,-0.103748,0.02227,0.015009,0.719806,-1.547652,1.839304,-0.17171,-0.163809,0.070199,0.344964,0.499443,0.424903,0.754987,-0.81387,0.528632,0.241037,-0.297301,-0.735369,0.608858,0.033628,0.029849,0.014879,0.169387,-0.802692,0.053102,-0.176397,0.037033,0.057541,-0.004625,-0.543867,-0.39031,0.742876,0.73626,-0.646701,0.199244,0.402653,0.655313,0.639089,0.016806,0.015,0.007452,0.181245,-0.811596,0.039427,-0.335523,0.089743,0.053226,-0.058918,-0.58168,0.178306,-0.793633,-0.586473,-0.768016,0.257294,-0.563646,0.615107,0.551311,-0.045999,0.010992,0.007302,-0.003573,6.5e-05,-0.046328,-0.311414
1495,0.145725,0.057971,0.368824,-0.534209,0.245141,-0.809057,-0.723719,-0.627218,0.287751,-0.436257,0.738942,0.513489,-0.10372,0.01145,0.023252,-0.009966,-0.124364,0.14591,-0.221063,-0.162362,0.071105,0.34557,0.501525,0.45023,0.738754,-0.818899,0.522305,0.237773,-0.279414,-0.72477,0.629682,0.033643,0.024543,0.011664,0.214383,-0.52296,0.043852,-0.204024,0.037731,0.057985,-0.004326,-0.549049,-0.413709,0.726215,0.74241,-0.640506,0.196411,0.383889,0.64699,0.658811,0.016806,0.012521,0.005946,0.356708,-0.732364,-0.105254,-0.365732,0.087822,0.053595,-0.058588,-0.559784,0.201298,-0.803815,-0.617733,-0.747937,0.24289,-0.55231,0.632509,0.543032,-0.051781,0.010705,0.00729,0.314984,-1.50144,2.254524,-0.345052
1496,0.143896,0.058263,0.369173,-0.516749,0.254507,-0.817461,-0.739481,-0.613851,0.276275,-0.430849,0.746943,0.506432,-0.091969,0.010254,0.022234,-0.0059,-0.229237,0.321276,-0.249145,-0.161764,0.071517,0.345794,0.501831,0.458344,0.733538,-0.822184,0.515984,0.240225,-0.269,-0.724222,0.634826,0.033627,0.02306,0.010762,0.04017,-0.223372,0.273553,-0.212879,0.038055,0.058209,-0.004205,-0.550825,-0.422641,0.719697,0.746556,-0.635032,0.19846,0.373154,0.646612,0.665317,0.01682,0.011354,0.005254,-0.006296,-0.160965,0.313399,-0.378795,0.086834,0.053752,-0.0584,-0.543252,0.213916,-0.81186,-0.635617,-0.736556,0.231246,-0.548513,0.641657,0.536104,-0.046001,0.005105,0.011164,-0.002677,-0.229918,0.319102,-0.36481
1497,0.140218,0.058697,0.370054,-0.49431,0.269383,-0.82652,-0.758435,-0.598249,0.258544,-0.42421,0.754327,0.501063,-0.091642,0.011382,0.022768,0.052992,-0.150114,0.537922,-0.290063,-0.160764,0.072338,0.346188,0.50736,0.463347,0.726558,-0.820955,0.515991,0.244375,-0.262287,-0.721031,0.641236,0.02204,0.020423,0.010022,0.008138,-0.064124,0.10506,-0.226482,0.038547,0.05861,-0.004013,-0.557086,-0.425895,0.712929,0.745352,-0.634982,0.203091,0.366202,0.644523,0.671182,0.011034,0.009916,0.004822,0.006081,-0.057046,0.111557,-0.395451,0.085029,0.053964,-0.057969,-0.523845,0.232229,-0.819545,-0.656335,-0.723316,0.214561,-0.542964,0.650294,0.531326,-0.046035,0.000283,0.015613,0.052276,0.014038,0.408362,-0.401224
1498,0.136602,0.0589,0.371157,-0.473524,0.287002,-0.832736,-0.777402,-0.58061,0.241888,-0.413491,0.761552,0.499089,-0.091826,0.001491,0.031558,-0.001835,-0.1771,0.528773,-0.313798,-0.159814,0.073168,0.346578,0.513042,0.461132,0.723973,-0.818199,0.517502,0.250352,-0.259838,-0.721365,0.641856,0.021772,0.022968,0.011403,-0.035708,-0.084506,0.177092,-0.242489,0.03903,0.059025,-0.003819,-0.562636,-0.422412,0.710639,0.742343,-0.636448,0.209426,0.363821,0.645369,0.671663,0.010877,0.01161,0.005754,-0.013362,-0.106488,0.165064,-0.411453,0.083221,0.054068,-0.057421,-0.506151,0.253742,-0.824272,-0.677654,-0.708192,0.198111,-0.533474,0.658846,0.530402,-0.046047,3.9e-05,0.015471,-0.00424,-0.166215,0.502075,-0.424575
1499,0.134816,0.058896,0.371768,-0.462425,0.298246,-0.83502,-0.788342,-0.569317,0.233167,-0.405282,0.765731,0.499429,-0.080276,-0.000294,0.030268,-0.018207,-0.214552,0.545863,-0.317056,-0.15939,0.073606,0.346804,0.513553,0.464521,0.72144,-0.819882,0.513441,0.253193,-0.253431,-0.722098,0.643592,0.021669,0.023628,0.011733,-0.263666,-0.640021,0.636096,-0.247414,0.039243,0.059244,-0.003705,-0.563481,-0.425691,0.708008,0.74462,-0.632897,0.212088,0.357812,0.646704,0.673604,0.010823,0.011942,0.005921,-0.287731,-0.70765,0.686737,-0.417495,0.082294,0.054068,-0.057103,-0.496628,0.267077,-0.825851,-0.690366,-0.698242,0.189345,-0.526074,0.664174,0.531147,-0.040175,-0.000257,0.015135,-0.048182,-0.271191,0.513749,-0.432086
1500,0.131398,0.058608,0.373122,-0.448426,0.309623,-0.838506,-0.796136,-0.564786,0.217154,-0.40579,0.764556,0.500814,-0.081217,-0.013193,0.037601,-0.050029,-0.066341,0.340874,-0.340845,-0.158438,0.074363,0.347305,0.519504,0.462348,0.718569,-0.817013,0.51482,0.259585,-0.250551,-0.722507,0.644261,0.021626,0.02222,0.010851,0.00775,-0.063387,0.105622,-0.278443,0.03971,0.059618,-0.003457,-0.569225,-0.422544,0.705293,0.741602,-0.63424,0.218553,0.354978,0.647453,0.674385,0.017109,0.0057,0.008876,-0.018514,-0.073862,0.112482,-0.436927,0.080642,0.053937,-0.056452,-0.485148,0.280289,-0.828292,-0.698226,-0.694413,0.173981,-0.526412,0.662742,0.532598,-0.040666,-0.006815,0.018743,-0.046801,-0.059094,0.345616,-0.441883
1501,0.128606,0.05803,0.374549,-0.437163,0.318465,-0.841138,-0.802792,-0.559803,0.205223,-0.404979,0.764578,0.501437,-0.069612,-0.013924,0.036921,-0.015883,0.104715,0.248367,-0.394988,-0.157235,0.075076,0.347894,0.522753,0.461937,0.716474,-0.815351,0.51606,0.262333,-0.249201,-0.721885,0.64548,0.032802,0.024693,0.011313,0.010157,-0.079093,0.134476,-0.30656,0.040295,0.059966,-0.003171,-0.572432,-0.421638,0.703236,0.739779,-0.635457,0.221177,0.353621,0.646849,0.675675,0.016374,0.012732,0.005853,0.010997,-0.07902,0.134992,-0.468115,0.079215,0.05364,-0.055726,-0.474886,0.290481,-0.830724,-0.705698,-0.689684,0.16225,-0.525807,0.663291,0.532513,-0.034837,-0.00701,0.018484,0.019842,0.063844,0.453562,-0.474541
1502,0.125991,0.057332,0.376172,-0.428768,0.327227,-0.842096,-0.808453,-0.554968,0.195922,-0.4027,0.764392,0.503552,-0.058454,-0.024694,0.0451,-0.107535,-0.011906,0.191262,-0.402849,-0.155996,0.075739,0.348635,0.522727,0.464637,0.714745,-0.817132,0.511847,0.26503,-0.243337,-0.723154,0.646296,0.022197,0.015319,0.020619,-0.0424,0.062012,-0.074137,-0.31407,0.040919,0.060298,-0.002806,-0.572825,-0.424208,0.701368,0.742124,-0.63171,0.224036,0.348024,0.648837,0.676675,0.016779,0.00829,0.010224,-0.025756,-0.068247,0.116948,-0.483954,0.07793,0.053298,-0.054932,-0.468168,0.30109,-0.83076,-0.711851,-0.685528,0.152703,-0.523532,0.662869,0.535273,-0.029208,-0.012136,0.0227,-0.120318,-0.03488,0.179136,-0.496749
1503,0.124967,0.056952,0.376924,-0.422603,0.33803,-0.840945,-0.814603,-0.54838,0.188873,-0.396794,0.764433,0.508157,-0.058633,-0.025294,0.044846,-1.288154,0.774217,1.307199,-0.401113,-0.155334,0.075987,0.349105,0.520724,0.46988,0.712777,-0.82001,0.507368,0.264755,-0.237875,-0.72293,0.648576,0.034575,0.006489,0.028613,-0.016255,-0.144929,0.067905,-0.319401,0.041246,0.060424,-0.002574,-0.571501,-0.429588,0.69917,0.745594,-0.627707,0.223768,0.342746,0.649182,0.679033,0.017261,0.00354,0.014451,0.001175,-0.173604,0.045129,-0.488853,0.077392,0.053106,-0.054541,-0.463934,0.309456,-0.83006,-0.717719,-0.680545,0.14743,-0.519271,0.664148,0.537831,-0.023272,-0.008125,0.017614,-4.752975,0.944743,3.004538,-0.499198
1504,0.123256,0.056108,0.378364,-0.4137,0.349563,-0.840656,-0.820298,-0.543652,0.177556,-0.39445,0.762608,0.512705,-0.035475,-0.020759,0.03253,0.124472,0.405726,0.498531,-0.399782,-0.153879,0.076434,0.350201,0.519487,0.480871,0.70632,-0.824554,0.498709,0.267082,-0.224452,-0.72174,0.654657,0.033986,0.012053,0.031538,-0.001124,-0.181238,0.076533,-0.32421,0.041987,0.060647,-0.002022,-0.571913,-0.440507,0.692003,0.751309,-0.61994,0.226293,0.329317,0.649328,0.685509,0.022703,0.005956,0.015298,-0.008773,-0.174751,0.080665,-0.497834,0.076546,0.052693,-0.053826,-0.456693,0.322979,-0.828924,-0.725072,-0.675016,0.136464,-0.515462,0.663352,0.542458,-0.017701,-0.010094,0.016438,-0.112477,-0.140755,0.220735,-0.499688
1505,0.122001,0.055375,0.379586,-0.407732,0.355691,-0.841002,-0.824356,-0.53946,0.171441,-0.392207,0.762743,0.514221,-0.035173,-0.018971,0.033498,0.074057,0.392711,0.292976,-0.402103,-0.152316,0.076748,0.351653,0.518079,0.492846,0.699063,-0.827665,0.494806,0.264709,-0.216074,-0.71634,0.663349,0.034606,0.005905,0.041706,0.065602,-0.328142,-0.060747,-0.324914,0.042781,0.060808,-0.001285,-0.572463,-0.451689,0.684297,0.754756,-0.616375,0.224551,0.320356,0.645025,0.693767,0.017261,0.003231,0.020979,0.094257,-0.360667,-0.081221,-0.5011,0.0759,0.052313,-0.053205,-0.45149,0.329992,-0.829011,-0.729853,-0.671057,0.13037,-0.513293,0.663918,0.543821,-0.01149,-0.005089,0.01181,0.131851,0.413069,0.368565,-0.501648
1506,0.121555,0.05504,0.380167,-0.405437,0.356144,-0.841919,-0.825986,-0.537285,0.170421,-0.391159,0.764065,0.513057,-0.022741,-0.009159,0.024105,-0.064936,-0.04431,0.10887,-0.402436,-0.151559,0.07681,0.352522,0.515729,0.500367,0.695447,-0.830835,0.489977,0.263762,-0.209407,-0.714451,0.667511,0.035702,-0.004599,0.049611,0.123933,-0.461966,-0.187468,-0.324355,0.043146,0.060844,-0.000867,-0.571405,-0.458057,0.68094,0.758358,-0.611851,0.224788,0.313668,0.644842,0.696986,0.022837,0.004091,0.02099,0.163859,-0.493042,-0.189055,-0.501263,0.075672,0.052141,-0.052912,-0.449537,0.333021,-0.828862,-0.731857,-0.669327,0.128004,-0.512152,0.664152,0.544611,-0.005964,-0.010987,0.015651,-0.109953,-0.066241,0.108877,-0.502138
1507,0.120897,0.054535,0.381205,-0.401697,0.362055,-0.841191,-0.828864,-0.534297,0.165782,-0.388931,0.763376,0.515769,-0.022475,-0.007844,0.024787,-0.011636,0.082502,0.179936,-0.408148,-0.150072,0.076892,0.354358,0.514764,0.510061,0.689092,-0.833732,0.484845,0.264101,-0.200026,-0.7111,0.673936,0.035417,-0.003139,0.05023,-0.092768,-0.131089,0.064164,-0.323165,0.043889,0.060889,5.3e-05,-0.57139,-0.469464,0.673139,0.762346,-0.607336,0.223541,0.303878,0.640894,0.704919,0.017031,0.00423,0.021373,-0.095706,-0.085573,0.079896,-0.50012,0.075334,0.051885,-0.052384,-0.446705,0.339187,-0.827892,-0.735153,-0.66654,0.123584,-0.509906,0.663833,0.547101,-0.011242,-0.003858,0.01244,-0.007644,0.089867,0.183623,-0.503444
1508,0.120408,0.054292,0.38217,-0.400185,0.365135,-0.84058,-0.830608,-0.532054,0.164259,-0.386767,0.763471,0.517253,0.001396,-0.008185,0.023854,-0.062533,0.035464,0.001134,-0.417706,-0.148726,0.076823,0.356341,0.511972,0.522014,0.682185,-0.837664,0.479028,0.262269,-0.190505,-0.706364,0.681631,0.02397,-0.003651,0.050601,0.052301,-0.335715,-0.128053,-0.32177,0.044566,0.060856,0.001046,-0.570682,-0.480067,0.666225,0.766759,-0.601933,0.223059,0.29394,0.638131,0.711608,0.01759,-0.001371,0.025123,0.167247,-0.487986,-0.186426,-0.49963,0.075088,0.051765,-0.051911,-0.445719,0.342699,-0.826977,-0.737202,-0.664578,0.121931,-0.507806,0.663996,0.548854,-0.005013,-0.002724,0.01281,-0.072657,-0.07527,0.130201,-0.508832
1509,0.120212,0.054151,0.383125,-0.399406,0.368164,-0.839628,-0.832022,-0.530149,0.163262,-0.384531,0.763338,0.519113,-0.009606,-0.00365,0.02648,-0.063537,0.050189,-0.028472,-0.427826,-0.147702,0.076664,0.358195,0.512109,0.528726,0.676893,-0.838681,0.477597,0.261627,-0.185581,-0.702335,0.68713,0.011756,0.002133,0.04074,-0.013,-0.167116,-0.052277,-0.320749,0.045073,0.060785,0.001962,-0.571586,-0.487235,0.660219,0.768099,-0.600749,0.221636,0.288638,0.633798,0.717625,0.01216,-0.004352,0.023925,-0.015655,-0.221536,-0.078077,-0.498324,0.074994,0.051694,-0.051444,-0.445427,0.34574,-0.825867,-0.738857,-0.662912,0.120979,-0.505651,0.664086,0.550732,0.001041,-0.0024,0.012766,-0.073283,-0.001778,0.014306,-0.513731
1510,0.120177,0.054157,0.383612,-0.399352,0.370918,-0.838441,-0.832613,-0.529529,0.162255,-0.383306,0.762432,0.521346,-0.008899,-0.00033,0.028102,-0.06167,0.039139,-0.001688,-0.438711,-0.147336,0.076545,0.35908,0.511459,0.533205,0.673865,-0.839577,0.476871,0.260073,-0.183301,-0.69944,0.690686,0.0132,-0.010547,0.047671,-0.019026,-0.203007,-0.103569,-0.321546,0.04526,0.06073,0.002401,-0.571703,-0.49131,0.657091,0.76898,-0.600091,0.220361,0.286049,0.631271,0.720882,0.011556,0.000502,0.01965,0.09178,-0.324822,-0.122254,-0.498161,0.074975,0.051691,-0.051204,-0.445848,0.348448,-0.824501,-0.739519,-0.662357,0.119971,-0.50431,0.663224,0.552995,0.001312,-0.001109,0.013394,-0.074373,-0.003282,0.013721,-0.519446
1511,0.120145,0.054275,0.384698,-0.400925,0.379158,-0.833992,-0.833753,-0.528239,0.160593,-0.379166,0.759257,0.52895,0.003587,0.002204,0.028882,-0.02635,0.106904,0.073023,-0.449617,-0.146766,0.076274,0.360721,0.509526,0.542138,0.668177,-0.841633,0.475253,0.256364,-0.179193,-0.693658,0.697562,0.012108,-0.002071,0.038456,0.02278,-0.219786,-0.08901,-0.321075,0.04555,0.060588,0.003243,-0.571065,-0.500346,0.650798,0.771256,-0.598538,0.216598,0.281154,0.625624,0.727699,0.006047,-0.001238,0.019114,0.049355,-0.257946,-0.116049,-0.497997,0.074954,0.051748,-0.050661,-0.44879,0.355987,-0.819669,-0.7408,-0.6612,0.118444,-0.499801,0.660368,0.560456,-0.003832,0.002807,0.015479,-0.018437,0.126636,0.082566,-0.530713
1512,0.12018,0.054392,0.385978,-0.404229,0.390152,-0.8273,-0.834974,-0.526622,0.159562,-0.372926,0.754787,0.539676,0.00464,0.007223,0.03122,0.028454,0.233845,0.167471,-0.464471,-0.146491,0.076033,0.362203,0.506778,0.551055,0.662952,-0.844015,0.473459,0.251814,-0.175738,-0.687839,0.704171,0.0013,-0.00712,0.036622,0.088564,-0.292377,-0.215536,-0.318989,0.045692,0.060468,0.003999,-0.569773,-0.508833,0.645327,0.773735,-0.596768,0.212601,0.276932,0.620447,0.733725,0.000638,-0.003696,0.018237,0.139495,-0.348798,-0.246412,-0.497344,0.074974,0.051808,-0.05,-0.45386,0.365737,-0.812555,-0.7423,-0.659647,0.117707,-0.49295,0.656583,0.570874,0.002345,0.003823,0.015716,0.037974,0.242275,0.179679,-0.541001
1513,0.120201,0.054487,0.386681,-0.406173,0.395615,-0.823747,-0.835518,-0.525812,0.159385,-0.369583,0.7525,0.545142,0.00509,0.009374,0.032188,0.072899,0.331701,0.226908,-0.471192,-0.146471,0.075933,0.362906,0.506072,0.553352,0.661577,-0.844783,0.472361,0.251299,-0.174066,-0.686751,0.705646,0.001407,-0.008166,0.036075,-0.025464,-0.123401,-0.093698,-0.318496,0.045701,0.060419,0.004326,-0.569265,-0.511533,0.643638,0.77472,-0.595823,0.211668,0.275219,0.619135,0.735476,0.000688,-0.004163,0.017995,0.014069,-0.178519,-0.131341,-0.496691,0.074983,0.051852,-0.04966,-0.456627,0.369862,-0.80913,-0.742896,-0.658914,0.118051,-0.489486,0.655005,0.575648,-0.003542,0.000424,0.021181,0.116097,0.523949,0.270807,-0.546226
1514,0.120173,0.054612,0.388262,-0.413176,0.409083,-0.813623,-0.836142,-0.524356,0.160904,-0.360298,0.746276,0.559719,-0.006661,0.002562,0.043045,-0.23959,0.942327,-0.364148,-0.483415,-0.146594,0.075879,0.364061,0.503019,0.561456,0.657062,-0.84832,0.46584,0.251555,-0.165465,-0.684633,0.709762,-0.000983,0.011484,0.018975,0.174203,-0.32955,-0.18911,-0.314661,0.045645,0.060387,0.00491,-0.567846,-0.518062,0.639657,0.778833,-0.589655,0.213833,0.266398,0.619611,0.738317,0.000141,0.000287,0.013483,0.205867,-0.423976,-0.283606,-0.494405,0.074975,0.05192,-0.048872,-0.464963,0.381369,-0.798978,-0.74387,-0.657647,0.118984,-0.480069,0.649659,0.58947,0.002458,0.000692,0.021033,-0.894935,2.224173,-1.634894,-0.555534
1515,0.120107,0.054516,0.3902,-0.424229,0.424981,-0.799666,-0.836093,-0.522986,0.165547,-0.347339,0.738295,0.578188,-0.006378,-0.003605,0.053797,-0.003929,0.478818,-0.019127,-0.490095,-0.146866,0.07592,0.364949,0.505622,0.564953,0.652047,-0.847893,0.464747,0.254994,-0.159596,-0.682499,0.713153,-0.010478,-0.003814,0.025511,-0.070158,-0.002168,-0.01949,-0.312593,0.045508,0.060411,0.005362,-0.570536,-0.522796,0.633382,0.778969,-0.588804,0.215676,0.260184,0.616436,0.743176,-0.000336,0.004103,0.008656,-0.043996,-0.006298,0.036102,-0.491302,0.074938,0.051871,-0.047888,-0.479419,0.395634,-0.783345,-0.744022,-0.656597,0.123734,-0.465389,0.642147,0.609146,-0.003161,-0.001541,0.027024,-0.000358,0.468425,-0.011605,-0.564188
1516,0.120075,0.054442,0.392329,-0.447665,0.443103,-0.776725,-0.83273,-0.523067,0.181478,-0.325316,0.727491,0.604114,-0.005568,0.000115,0.055362,-0.09257,0.625672,-0.156075,-0.488986,-0.147186,0.076078,0.365645,0.508468,0.56839,0.646827,-0.847185,0.464292,0.258157,-0.154207,-0.679953,0.716762,-0.000365,0.005642,0.016012,-0.034341,-0.006955,0.004999,-0.306472,0.045344,0.060487,0.005713,-0.573896,-0.525423,0.628151,0.778365,-0.588385,0.218975,0.25454,0.6146,0.746643,-0.005801,0.002662,0.008299,-0.035196,0.002925,-0.000493,-0.487384,0.074925,0.051835,-0.046844,-0.505354,0.408391,-0.760153,-0.74086,-0.657,0.139556,-0.442428,0.633693,0.634578,0.002913,-0.000808,0.02706,-0.334706,1.15908,-0.718862,-0.566801
1517,0.120015,0.054405,0.393429,-0.455538,0.450119,-0.768065,-0.831061,-0.524281,0.18558,-0.318589,0.722286,0.613866,-0.006403,-0.011318,0.063767,0.015052,0.665334,-0.14648,-0.487668,-0.147352,0.076172,0.36596,0.509346,0.571162,0.643687,-0.847113,0.464156,0.258636,-0.151673,-0.677721,0.719412,-0.000355,0.00559,0.015963,-0.023073,-0.036336,0.019438,-0.303832,0.045262,0.060532,0.005869,-0.575138,-0.528039,0.624812,0.778332,-0.588326,0.219249,0.251821,0.61241,0.749359,-0.005702,0.001751,0.00785,-0.045095,0.018589,-0.025452,-0.484444,0.074896,0.051825,-0.046295,-0.514134,0.412945,-0.751759,-0.739093,-0.658028,0.144013,-0.435209,0.629662,0.643519,-0.002719,0.000475,0.027832,0.171985,0.790696,0.027869,-0.56778
1518,0.119866,0.054296,0.395569,-0.461508,0.455619,-0.761227,-0.828742,-0.527578,0.186598,-0.316022,0.71641,0.622024,-0.006191,-0.003075,0.053693,-0.021838,0.125744,-0.176477,-0.482477,-0.14752,0.076327,0.366602,0.512312,0.574521,0.638322,-0.846266,0.463897,0.261855,-0.146303,-0.675055,0.723021,-0.000217,0.004261,0.015285,0.013168,-0.077949,-0.044618,-0.295614,0.045178,0.06061,0.006191,-0.578717,-0.530511,0.619389,0.777477,-0.588184,0.222639,0.246203,0.610406,0.752853,-0.000153,0.002468,0.007809,0.020692,-0.095406,-0.030136,-0.478892,0.074823,0.051773,-0.045219,-0.521089,0.418304,-0.743967,-0.736421,-0.660984,0.144158,-0.431449,0.622993,0.65248,0.002653,-0.002051,0.026386,0.243064,-0.323943,0.318787,-0.565821
1519,0.119876,0.054298,0.397459,-0.461931,0.456505,-0.760439,-0.827935,-0.529384,0.185064,-0.317515,0.714512,0.623445,-0.006403,-0.004194,0.053069,0.220371,-0.346179,0.411296,-0.485194,-0.147629,0.076391,0.367116,0.513796,0.575189,0.636525,-0.845893,0.463049,0.264547,-0.143208,-0.67507,0.723627,0.000277,-0.000695,0.0129,-0.366281,-0.578451,0.505796,-0.284871,0.045123,0.060647,0.006451,-0.579668,-0.530768,0.618279,0.777538,-0.587266,0.224837,0.243759,0.611067,0.753112,0.000151,-0.000562,0.006349,-1.141594,-1.911209,1.674493,-0.467462,0.074828,0.051773,-0.044274,-0.522276,0.418499,-0.743024,-0.735121,-0.662565,0.143539,-0.432231,0.62118,0.653689,0.002636,0.001557,0.0211,1.094429,-1.455435,1.777505,-0.565984
1520,0.119875,0.05439,0.398258,-0.462051,0.456353,-0.760458,-0.828072,-0.528972,0.185625,-0.316983,0.714913,0.623256,-0.005725,0.013734,0.03367,-0.06871,0.007534,0.01375,-0.48454,-0.147663,0.076349,0.367337,0.513622,0.575245,0.636615,-0.846086,0.462502,0.264888,-0.142691,-0.675398,0.723423,-0.010572,-0.004261,0.011925,-0.036527,0.00852,-0.02407,-0.284882,0.045109,0.060628,0.006562,-0.580106,-0.530886,0.617766,0.777558,-0.586858,0.225831,0.242651,0.611355,0.753235,0.000287,-0.00192,0.005704,-0.035513,0.010313,-0.019242,-0.464686,0.074828,0.051816,-0.043866,-0.521833,0.4183,-0.743447,-0.735423,-0.662216,0.143605,-0.432253,0.621686,0.653194,0.002441,0.000639,0.020664,-0.112181,0.10305,-0.157215,-0.566474
1521,0.119767,0.054636,0.399599,-0.464332,0.454192,-0.760362,-0.82621,-0.531371,0.187066,-0.318501,0.714513,0.622941,-0.006847,0.008273,0.031172,-0.069485,0.020812,-0.011835,-0.485872,-0.147565,0.07627,0.367741,0.512677,0.577425,0.635401,-0.846814,0.461809,0.263766,-0.141759,-0.674011,0.724898,-0.000703,0.007079,0.003351,0.002432,-0.016145,0.023761,-0.284826,0.045155,0.060581,0.006765,-0.579436,-0.533183,0.616415,0.778394,-0.586203,0.224647,0.241567,0.609984,0.754695,0.000344,-0.002496,0.005427,-0.043066,0.016216,-0.015221,-0.463543,0.074774,0.051943,-0.043193,-0.523803,0.415762,-0.743486,-0.73318,-0.664394,0.145009,-0.433679,0.621065,0.652839,0.00228,0.003522,0.015074,-0.06737,-0.006959,0.042781,-0.567127
1522,0.119494,0.054998,0.400789,-0.466955,0.454222,-0.758736,-0.824087,-0.534674,0.187018,-0.320155,0.712028,0.624935,-0.017215,0.021661,0.02377,-0.017367,0.042713,0.019016,-0.489383,-0.147446,0.07623,0.368071,0.512427,0.577472,0.63556,-0.847092,0.460997,0.264293,-0.140998,-0.674527,0.724566,0.000655,-0.004502,0.011087,-0.048301,0.100156,-0.161987,-0.286066,0.045214,0.06056,0.00693,-0.579233,-0.53319,0.616601,0.77876,-0.58547,0.225292,0.240878,0.610681,0.75435,0.000329,-0.002321,0.00551,-0.048098,0.100409,-0.161575,-0.463706,0.074633,0.052119,-0.04259,-0.526481,0.415524,-0.741725,-0.730541,-0.667366,0.144675,-0.434887,0.61803,0.654913,-0.008639,0.010779,0.011865,-0.033095,0.01503,0.007094,-0.56876
1523,0.119253,0.055217,0.401374,-0.466993,0.456762,-0.757187,-0.824591,-0.534157,0.186273,-0.3188,0.710788,0.627035,-0.006838,0.008001,0.030896,0.128024,0.437104,0.192531,-0.488098,-0.147424,0.076274,0.3682,0.514195,0.578035,0.633617,-0.846398,0.461011,0.266483,-0.138699,-0.674036,0.725467,0.000578,-0.00374,0.011444,-0.034482,-0.006694,0.005172,-0.28641,0.045225,0.060582,0.006989,-0.58111,-0.533402,0.614647,0.778079,-0.585522,0.227498,0.238542,0.610446,0.755282,-0.00035,0.003464,0.001632,0.004091,-0.012441,0.022157,-0.464196,0.074516,0.052228,-0.042308,-0.526736,0.415792,-0.741394,-0.731,-0.666695,0.145453,-0.433806,0.618574,0.655116,-0.008982,0.005372,0.01629,0.158019,0.503824,0.220935,-0.568923
1524,0.118572,0.055747,0.402486,-0.475539,0.451003,-0.755317,-0.815633,-0.54769,0.186414,-0.329022,0.704147,0.629245,-0.018148,0.009284,0.03185,1.188299,-0.274412,-1.053022,-0.490331,-0.147445,0.076423,0.368438,0.516021,0.578611,0.631603,-0.845685,0.460962,0.268822,-0.136235,-0.673574,0.726361,-0.000702,0.007027,0.003304,0.0,-0.0,-0.0,-0.286696,0.045216,0.060651,0.007111,-0.582998,-0.533613,0.612673,0.777423,-0.58548,0.229838,0.236064,0.610302,0.756177,0.00027,-0.001703,0.005798,-0.034085,-0.006287,0.005101,-0.464523,0.074179,0.052491,-0.041753,-0.533819,0.411753,-0.738576,-0.72128,-0.677602,0.143558,-0.441351,0.609355,0.658706,-0.009249,0.004024,0.015685,4.093715,-1.014816,-3.523601,-0.569413
