     0.11282600     -0.01257400      0.36559400     -0.21335400      0.63381400     -0.74350900     -0.76615100     -0.58070800     -0.27525200     -0.60596200      0.51012300      0.61042000      0.00010000      0.00043300      0.00034700      0.00000000      0.00000000      0.00000000      0.04433100     -0.17962200     -0.02326600      0.32706000      0.65663800      0.55068400      0.51533000     -0.58881000      0.80128100     -0.10576400     -0.47197300     -0.23468700      0.84972200      0.01551200     -0.00653200      0.01166600     -0.03261500     -0.01869000      0.03612000      0.32880000      0.02914900      0.01106300     -0.01376100     -0.71206100     -0.49512700      0.49781200      0.48638500     -0.85918500     -0.15883500      0.50635700      0.12902800      0.85261500      0.00775300     -0.00321100      0.00588200     -0.03267600     -0.01876100      0.03616700      0.26146700      0.07109600      0.01824500     -0.06016900     -0.31141500      0.62869300     -0.71257500     -0.65730000     -0.68405300     -0.31627000     -0.68627700      0.36988500      0.62626500     -0.00683200      0.00131100      0.00097500     -0.00099500      0.01470200     -0.02955400     -0.14796000
     0.11281600     -0.01257300      0.36559600     -0.21323500      0.63385100     -0.74351100     -0.76617200     -0.58063900     -0.27533700     -0.60597700      0.51015500      0.61037800      0.00000200      0.00000700      0.00000600      0.00000000      0.00000000      0.00000000      0.04472000     -0.17954400     -0.02334800      0.32723400      0.65500700      0.55123500      0.51681500     -0.58885800      0.80097500     -0.10778400     -0.47417400     -0.23443600      0.84856500      0.00086400     -0.00781700      0.01156200      0.01674400      0.05564000     -0.04491300      0.32884700      0.02918800      0.01102800     -0.01367600     -0.71050200     -0.49593800      0.49923000      0.48642000     -0.85879000     -0.16085600      0.50850900      0.12854700      0.85140700      0.00043700     -0.00364600      0.00603700      0.15714700      0.15859600     -0.08853300      0.26146700      0.07109100      0.01824700     -0.06016800     -0.31130400      0.62874900     -0.71257500     -0.65733200     -0.68398400     -0.31635200     -0.68629600      0.36991700      0.62622400      0.00000300      0.00001100      0.00000900     -0.00000500     -0.00000400      0.00001400     -0.14747000
     0.11281400     -0.01258000      0.36559000     -0.21339900      0.63380100     -0.74350800     -0.76614300     -0.58073300     -0.27522000     -0.60595700      0.51011000      0.61043500     -0.00001400     -0.00006200     -0.00004900      0.00000000      0.00000000      0.00000000      0.04472000     -0.17950700     -0.02358000      0.32758300      0.65310000      0.55199900      0.51841000     -0.58939600      0.80035300     -0.10945800     -0.47613300     -0.23476700      0.84737500      0.00085000     -0.00821700      0.01116300     -0.03465900     -0.00348300      0.00687600      0.32808500      0.02920600      0.01091200     -0.01350100     -0.70865800     -0.49703200      0.50076200      0.48702300     -0.85813300     -0.16252600      0.51050200      0.12870700      0.85018900      0.00040000     -0.00465100      0.00504000     -0.03809200      0.00925000     -0.01749100      0.26081400      0.07109100      0.01824300     -0.06017000     -0.31145600      0.62867200     -0.71257600     -0.65728800     -0.68407800     -0.31623900     -0.68626900      0.36987300      0.62628000     -0.00000900     -0.00003000     -0.00002500     -0.00001100     -0.00001100     -0.00000100     -0.14698000
     0.11282500     -0.01258100      0.36558900     -0.21337500      0.63380800     -0.74350800     -0.76614700     -0.58071900     -0.27523700     -0.60596000      0.51011700      0.61042700     -0.00000000     -0.00000000     -0.00000000      0.00000000      0.00000000      0.00000000      0.04477100     -0.17947700     -0.02384400      0.32800200      0.65313000      0.55382600      0.51642000     -0.59048500      0.79943200     -0.11031400     -0.47473900     -0.23359700      0.84848000      0.00088700     -0.00720700      0.01216700     -0.02818000     -0.00462300     -0.02730100      0.32620500      0.02922100      0.01077900     -0.01329300     -0.70902200     -0.49886500      0.49841700      0.48821600     -0.85726500     -0.16352500      0.50885300      0.12739200      0.85137400      0.00044900     -0.00324000      0.00644400     -0.04047300      0.00560600      0.01046800      0.25885400      0.07109600      0.01824300     -0.06017100     -0.31143400      0.62868300     -0.71257600     -0.65729500     -0.68406500     -0.31625500     -0.68627300      0.36988000      0.62627200     -0.00000100      0.00000400      0.00000400     -0.00000400     -0.00000600      0.00001100     -0.14698000
     0.11282700     -0.01257500      0.36560700     -0.21335000      0.63381900     -0.74350600     -0.76616800     -0.58069000     -0.27524100     -0.60594200      0.51013600      0.61042800      0.00013800      0.00060100      0.00048100      0.00000000      0.00000000      0.00000000      0.04444800     -0.17929700     -0.02404600      0.32855700      0.65337700      0.55546900      0.51433900     -0.59146600      0.79862400     -0.11091000     -0.47317200     -0.23245800      0.84966700      0.01563900     -0.00295900      0.01519600      0.07857300     -0.22322000     -0.08576000      0.32531400      0.02930600      0.01067200     -0.01302100     -0.70927600     -0.49982700      0.49709000      0.48918000     -0.85672800     -0.16345700      0.50757200      0.12723100      0.85216300      0.00050700     -0.00155300      0.00811200      0.14485500     -0.32978800     -0.18238700      0.25820100      0.07109700      0.01824500     -0.06016300     -0.31141200      0.62869800     -0.71257200     -0.65732000     -0.68403900     -0.31625800     -0.68625900      0.36990200      0.62627400      0.00009000      0.00039700      0.00031900     -0.00000300     -0.00000300      0.00001500     -0.14681700
     0.11281700     -0.01258200      0.36561500     -0.21339100      0.63381000     -0.74350200     -0.76617700     -0.58069900     -0.27519800     -0.60591600      0.51013800      0.61045200      0.00000200      0.00000700      0.00000600      0.00000000      0.00000000      0.00000000      0.04444600     -0.17920000     -0.02408600      0.32888700      0.65352100      0.55534900      0.51428600     -0.59166900      0.79856500     -0.11024800     -0.47271800     -0.23294800      0.84978600      0.00109500     -0.00132000      0.01798600     -0.03303300     -0.00647300      0.00509700      0.32445100      0.02936000      0.01065000     -0.01285800     -0.70957700     -0.50017100      0.49631400      0.48950900     -0.85655700     -0.16336600      0.50683300      0.12703000      0.85263200      0.00055000     -0.00032000      0.00932800     -0.04257300      0.01020300      0.01388700      0.25689500      0.07109200      0.01824300     -0.06015800     -0.31145100      0.62868200     -0.71256900     -0.65732800     -0.68405100     -0.31621600     -0.68623400      0.36990600      0.62629900     -0.00000200     -0.00000400     -0.00000300     -0.00001400      0.00000200      0.00000300     -0.14681700
     0.11279400     -0.01260100      0.36562500     -0.21349300      0.63378600     -0.74349300     -0.76619100     -0.58072700     -0.27509800     -0.60586200      0.51013500      0.61050800     -0.00000000     -0.00000000     -0.00000000      0.00000000      0.00000000      0.00000000      0.04480600     -0.17896600     -0.02409500      0.32970100      0.65426500      0.55659200      0.51199000     -0.59230700      0.79806300     -0.11046100     -0.47088500     -0.23169600      0.85114500      0.01578800      0.00198000      0.02001900     -0.01914800     -0.04344500      0.02144100      0.32369200      0.02947100      0.01064600     -0.01245000     -0.71050900     -0.50127100      0.49386600      0.49022200     -0.85609300     -0.16366200      0.50483400      0.12582100      0.85399600      0.00060200      0.00134800      0.01094900     -0.03303000     -0.01866500      0.02936900      0.25509900      0.07108000      0.01823300     -0.06015300     -0.31154700      0.62864200     -0.71256300     -0.65733800     -0.68408700     -0.31611800     -0.68618100      0.36991000      0.62635500      0.00000000      0.00000200      0.00000100     -0.00000500     -0.00000600      0.00000100     -0.14632700
     0.11279500     -0.01260200      0.36563800     -0.21348900      0.63379100     -0.74349000     -0.76620800     -0.58071000     -0.27508700     -0.60584200      0.51014900      0.61051600      0.00022500      0.00097700      0.00078300      0.00000000      0.00000000      0.00000000      0.04465000     -0.17881900     -0.02421900      0.33066800      0.65253300      0.55722000      0.51351500     -0.59314700      0.79733000     -0.11124300     -0.47222800     -0.23271300      0.85012200      0.01651800     -0.00930000      0.02810200     -0.08133100      0.08753900     -0.15602000      0.32412300      0.02954500      0.01059300     -0.01196500     -0.70888400     -0.50192100      0.49553800      0.49099600     -0.85555000     -0.16418300      0.50636400      0.12692000      0.85292800      0.00096100     -0.00451000      0.01477700     -0.07061400     -0.00662200      0.01466600      0.25477200      0.07108000      0.01823000     -0.06014900     -0.31154400      0.62864700     -0.71256000     -0.65735800     -0.68407300     -0.31610600     -0.68616300      0.36992600      0.62636500      0.00015500      0.00067800      0.00054200      0.00087100     -0.01274800      0.02583100     -0.14649100
     0.11279500     -0.01260200      0.36563800     -0.21348900      0.63379100     -0.74349000     -0.76620800     -0.58071000     -0.27508700     -0.60584200      0.51014900      0.61051600      0.00000300      0.00001400      0.00001100      0.00000000      0.00000000      0.00000000      0.04435200     -0.17878400     -0.02436900      0.33121300      0.65078200      0.55786800      0.51503200     -0.59365600      0.79675100     -0.11266700     -0.47400400     -0.23314300      0.84901600      0.00193000     -0.00969000      0.02887500     -0.06931800     -0.00695700      0.01375900      0.32386900      0.02956700      0.01052300     -0.01170300     -0.70710000     -0.50295000      0.49704100      0.49160900     -0.85490600     -0.16569600      0.50826100      0.12718600      0.85175800      0.00094300     -0.00504300      0.01424600     -0.07413900      0.00467700     -0.01003100      0.25493500      0.07108100      0.01823300     -0.06014600     -0.31154400      0.62864700     -0.71256000     -0.65735700     -0.68407300     -0.31610600     -0.68616300      0.36992600      0.62636400     -0.00000100      0.00000400      0.00000400     -0.00000400      0.00000200      0.00001100     -0.14616400
     0.11279200     -0.01261500      0.36562700     -0.21353000      0.63377800     -0.74348900     -0.76620100     -0.58073400     -0.27505800     -0.60583700      0.51013700      0.61053100     -0.00003300     -0.00014100     -0.00011300      0.00000000      0.00000000      0.00000000      0.04377400     -0.17876400     -0.02483200      0.33231600      0.64798600      0.55932400      0.51697400     -0.59573800      0.79510500     -0.11330600     -0.47521800     -0.23527600      0.84774800      0.00186200     -0.01166000      0.02692100     -0.07109800      0.00686100     -0.01146600      0.32374100      0.02957700      0.01029900     -0.01115100     -0.70451900     -0.50479900      0.49882900      0.49383100     -0.85351300     -0.16626700      0.50968900      0.12919900      0.85060200      0.00092200     -0.00557600      0.01370800     -0.07162800      0.00644500     -0.01120500      0.25526200      0.07107900      0.01822600     -0.06015200     -0.31158200      0.62862700     -0.71256000     -0.65734700     -0.68409700     -0.31607800     -0.68615600      0.36991500      0.62637900     -0.00002400     -0.00009900     -0.00007800     -0.00000300     -0.00001500     -0.00000300     -0.14665400
     0.11278000     -0.01262100      0.36562200     -0.21357500      0.63376400     -0.74348800     -0.76619300     -0.58076000     -0.27502600     -0.60583200      0.51012500      0.61054700     -0.00000200     -0.00000900     -0.00000700      0.00000000      0.00000000      0.00000000      0.04380900     -0.17870000     -0.02535600      0.33341400      0.64542600      0.56243700      0.51680000     -0.59819100      0.79292300     -0.11564800     -0.47561800     -0.23522200      0.84753800      0.00261800     -0.02263300      0.03535500     -0.11929100      0.11184900     -0.20470400      0.32409700      0.02961000      0.01003200     -0.01059300     -0.70243300     -0.50812900      0.49838800      0.49643600     -0.85155800     -0.16852100      0.51003700      0.12904300      0.85041700      0.00090900     -0.00588200      0.01339700     -0.07773300      0.00901700     -0.00723200      0.25477200      0.07107300      0.01822300     -0.06015400     -0.31162300      0.62860600     -0.71256100     -0.65733500     -0.68412200     -0.31604700     -0.68614900      0.36990400      0.62639400      0.00000300      0.00000600      0.00000600     -0.00000200      0.00000500      0.00000500     -0.14665400
     0.11278100     -0.01262200      0.36563500     -0.21357100      0.63376900     -0.74348500     -0.76621000     -0.58074200     -0.27501500     -0.60581100      0.51013900      0.61055500     -0.00051600     -0.01032400      0.00918700     -0.03522900      0.01530200     -0.01721500      0.04433400     -0.17852000     -0.02574100      0.33447800      0.64331600      0.56519200      0.51642300     -0.60013600      0.79110500     -0.11799500     -0.47602400     -0.23473900      0.84744400      0.00193500     -0.00937200      0.02908200     -0.08152500      0.08709400     -0.16104300      0.32498400      0.02970000      0.00982900     -0.01006300     -0.70066100     -0.51111400      0.49783100      0.49860100     -0.84984200     -0.17077400      0.51036300      0.12856400      0.85029400      0.00093600     -0.00504300      0.01419400     -0.07724400      0.00888000     -0.00742900      0.25542500      0.07107400      0.01822300     -0.06014800     -0.31162100      0.62861200     -0.71255700     -0.65735400     -0.68410900     -0.31603600     -0.68613200      0.36992000      0.62640300     -0.00025800     -0.00516300      0.00459400     -0.03523400      0.01530400     -0.01721200     -0.14681700
     0.11277100     -0.01262000      0.36563600     -0.21359500      0.63376200     -0.74348400     -0.76620500     -0.58075600     -0.27499800     -0.60580800      0.51013200      0.61056400      0.00000000      0.00000000      0.00000000      0.00000000      0.00000000      0.00000000      0.04453300     -0.17840000     -0.02584400      0.33498700      0.64312000      0.56533800      0.51650800     -0.60082500      0.79071000     -0.11713500     -0.47541800     -0.23572200      0.84751200      0.00118100      0.00188700      0.02086900     -0.03287600     -0.01705500      0.03223600      0.32495100      0.02975900      0.00977700     -0.00981600     -0.70038600     -0.51136000      0.49796500      0.49943100     -0.84952400     -0.16992900      0.50992900      0.12968300      0.85038500      0.00824000     -0.00427600      0.01433800     -0.06808400     -0.02178200      0.04364700      0.25575200      0.07106900      0.01822300     -0.06014700     -0.31164300      0.62860100     -0.71255800     -0.65734800     -0.68412300     -0.31602000     -0.68612700      0.36991300      0.62641100     -0.00000200     -0.00000100     -0.00000100     -0.00000600     -0.00000300     -0.00000300     -0.14665400
     0.11273000     -0.01261500      0.36565300     -0.21368600      0.63373800     -0.74347900     -0.76620500     -0.58079400     -0.27491900     -0.60577700      0.51012000      0.61060600      0.00013800      0.00060000      0.00048100      0.00000000      0.00000000      0.00000000      0.04480600     -0.17818600     -0.02582800      0.33585900      0.64305700      0.56537700      0.51654400     -0.60163100      0.79029400     -0.11580100     -0.47448100     -0.23702500      0.84767300      0.00122000      0.00335500      0.02222200     -0.03287700     -0.01701600      0.03225700      0.31997700      0.02986700      0.00978100     -0.00937000     -0.70032400     -0.51140800      0.49800300      0.50032800     -0.84927300     -0.16854000      0.50913400      0.13113300      0.85063800      0.00059100      0.00154800      0.01098300     -0.04692100      0.09021000     -0.16809700      0.25248600      0.07104800      0.01822500     -0.06014000     -0.31172800      0.62856100     -0.71255500     -0.65734200     -0.68416400     -0.31594300     -0.68609400      0.36990400      0.62645300      0.00009100      0.00040100      0.00032200     -0.00000600     -0.00000800     -0.00001000     -0.14649100
     0.11267800     -0.01262300      0.36567200     -0.21383800      0.63369800     -0.74346900     -0.76621000     -0.58085100     -0.27478300     -0.60571600      0.51010300      0.61067900      0.00000000      0.00000000      0.00000000      0.00000000      0.00000000      0.00000000      0.04437800     -0.17798200     -0.02573000      0.33677900      0.64372300      0.56485100      0.51629000     -0.60183400      0.79038400     -0.11412100     -0.47331800     -0.23798000      0.84805600      0.01577500      0.00456600      0.02213500     -0.03083200     -0.03218500      0.06152100      0.31768700      0.02996300      0.00983000     -0.00890900     -0.70090900     -0.51080800      0.49779600      0.50055400     -0.84946800     -0.16688100      0.50810600      0.13220600      0.85108700      0.00059900      0.00193100      0.01131600     -0.03284100     -0.01697800      0.03227400      0.24709700      0.07102200      0.01822200     -0.06012900     -0.31187200      0.62849700     -0.71254900     -0.65733900     -0.68422800     -0.31581000     -0.68603300      0.36989400      0.62652700     -0.00690700      0.00099800      0.00072700     -0.00099100      0.01472500     -0.02955600     -0.14649100
     0.11265500     -0.01264200      0.36568300     -0.21379700      0.63371800     -0.74346400     -0.76625000     -0.58079800     -0.27478500     -0.60568000      0.51014000      0.61068500     -0.00003800     -0.00016300     -0.00013100      0.00000000      0.00000000      0.00000000      0.04427700     -0.17791000     -0.02575600      0.33726200      0.64369800      0.56486700      0.51630400     -0.60230000      0.79014300     -0.11332800     -0.47275900     -0.23874300      0.84815400      0.00119100      0.00280300      0.02159300     -0.03287600     -0.01695400      0.03229000      0.31749900      0.03000500      0.00982100     -0.00866400     -0.70090300     -0.51081000      0.49780300      0.50103800     -0.84934000     -0.16607500      0.50763700      0.13301600      0.85124000      0.00095800     -0.00425500      0.01487500     -0.07108200      0.00662500     -0.01160700      0.24611800      0.07101100      0.01821200     -0.06012400     -0.31183500      0.62852300     -0.71254200     -0.65738700     -0.68418200     -0.31581000     -0.68600300      0.36993600      0.62653500     -0.00002400     -0.00010500     -0.00008100      0.00000200     -0.00000300      0.00000300     -0.14649100
     0.11262300     -0.01264600      0.36569300     -0.21388500      0.63369500     -0.74345800     -0.76625100     -0.58083300     -0.27470900     -0.60564900      0.51012800      0.61072600     -0.00000000     -0.00000000     -0.00000000      0.00000000      0.00000000      0.00000000      0.04363200     -0.17785300     -0.02604900      0.33833200      0.64223200      0.56712500      0.51565300     -0.60365900      0.78879500     -0.11546800     -0.47301700     -0.23784600      0.84826100      0.00188900     -0.01032500      0.02798500     -0.06148500     -0.01155900     -0.02189200      0.31728600      0.03003300      0.00968200     -0.00812900     -0.69982000     -0.51332000      0.49674300      0.50250800     -0.84801800     -0.16837500      0.50767800      0.13178500      0.85140800     -0.00633000     -0.00517900      0.01455800     -0.07748600      0.02796500     -0.03841200      0.24513800      0.07099500      0.01821100     -0.06011900     -0.31191700      0.62848500     -0.71253900     -0.65738200     -0.68422100     -0.31573600     -0.68597000      0.36992700      0.62657500      0.00000100      0.00000300      0.00000400      0.00000100      0.00000500      0.00000000     -0.14665400
     0.11260300     -0.01263500      0.36568800     -0.21391500      0.63368200     -0.74346100     -0.76622900     -0.58086600     -0.27470100     -0.60566500      0.51010700      0.61072700     -0.00000000     -0.00000000     -0.00000000      0.00000000      0.00000000      0.00000000      0.04257000     -0.17787000     -0.02657700      0.33952400      0.64064200      0.57130400      0.51301200     -0.60591000      0.78653600     -0.11903200     -0.47229100     -0.23531200      0.84937200     -0.01265300     -0.01138000      0.02812500      0.08048800     -0.26929200     -0.20453400      0.31739200      0.03002500      0.00941400     -0.00752300     -0.69855400     -0.51691500      0.49479200      0.50487600     -0.84606400     -0.17110200      0.50707200      0.13028400      0.85199900     -0.00634900     -0.00575100      0.01400400      0.13458500     -0.37114600     -0.25721600      0.24481100      0.07098500      0.01821600     -0.06012100     -0.31194500      0.62846800     -0.71254300     -0.65735500     -0.68425000     -0.31572900     -0.68598300      0.36990400      0.62657500     -0.00000000      0.00000000      0.00000300      0.00000900      0.00000100      0.00001000     -0.14730700
     0.11259300     -0.01263300      0.36568900     -0.21393900      0.63367500     -0.74346000     -0.76622400     -0.58087900     -0.27468400     -0.60566300      0.51010000      0.61073500     -0.00000000     -0.00000000     -0.00000000      0.00000000      0.00000000      0.00000000      0.04251700     -0.17788200     -0.02689600      0.34014600      0.63879000      0.57385300      0.51247500     -0.60718500      0.78508800     -0.12204900     -0.47316000     -0.23393700      0.84926800      0.00187200     -0.01082800      0.02746900     -0.04164700     -0.05929000     -0.01558600      0.31793000      0.03001900      0.00925600     -0.00722400     -0.69726200     -0.52035200      0.49300800      0.50639500     -0.84435700     -0.17499400      0.50733400      0.12764000      0.85224300      0.00128400     -0.01140800      0.01750900     -0.10371100     -0.00478900     -0.04003100      0.24530100      0.07098000      0.01821700     -0.06012100     -0.31196800      0.62845700     -0.71254300     -0.65734900     -0.68426400     -0.31571200     -0.68597900      0.36989700      0.62658300     -0.00000000      0.00000100      0.00000200      0.00000900      0.00000200      0.00000900     -0.14763400
     0.11259100     -0.01264000      0.36568400     -0.21395900      0.63366800     -0.74345900     -0.76622100     -0.58089100     -0.27466900     -0.60566000      0.51009500      0.61074300     -0.00000900     -0.00003800     -0.00003000      0.00000000      0.00000000      0.00000000      0.04256200     -0.17797600     -0.02755500      0.34127700      0.63916300      0.57717100      0.50826700     -0.60647200      0.78466700     -0.12815600     -0.47357100     -0.22707500      0.85089900     -0.01197700     -0.02506800      0.03405400     -0.08752800      0.06668400     -0.29984100      0.31690300      0.02997700      0.00893600     -0.00665800     -0.69825500     -0.52315400      0.48861900      0.50549500     -0.84365000     -0.18090700      0.50686600      0.12067500      0.85353500      0.00088200     -0.00654100      0.01267100     -0.04903300     -0.04000400     -0.03814100      0.24497500      0.07097900      0.01821300     -0.06012300     -0.31198700      0.62844700     -0.71254300     -0.65734300     -0.68427600     -0.31569800     -0.68597600      0.36989200      0.62659000     -0.00000300     -0.00001300     -0.00000900      0.00000800      0.00000400      0.00000900     -0.14779700
     0.11259100     -0.01263200      0.36567700     -0.21394300      0.63367000     -0.74346300     -0.76620700     -0.58089700     -0.27469500     -0.60568300      0.51008700      0.61072700     -0.00000000     -0.00000000     -0.00000000      0.00000000      0.00000000      0.00000000      0.04261500     -0.17810400     -0.02805900      0.34225800      0.63710900      0.58237500      0.50490000     -0.61036700      0.78122300     -0.13067800     -0.47132300     -0.22566300      0.85252200      0.00181300     -0.01272100      0.02566300     -0.06416200     -0.00700200     -0.01910300      0.31092300      0.02990800      0.00867400     -0.00616900     -0.69672200     -0.52849500      0.48504600      0.50991200     -0.84046700     -0.18331400      0.50454600      0.11961200      0.85505800     -0.00637300     -0.00654900      0.01323700     -0.08341400      0.04051600     -0.03182000      0.24105600      0.07097900      0.01821700     -0.06012700     -0.31197100      0.62845100     -0.71254600     -0.65732900     -0.68427800     -0.31572400     -0.68599700      0.36988100      0.62657400     -0.00000100      0.00000300      0.00000300     -0.00000000     -0.00000400     -0.00000000     -0.14796000
     0.11257000     -0.01263700      0.36568600     -0.21400700      0.63365400     -0.74345800     -0.76621200     -0.58091900     -0.27463500     -0.60565400      0.51008200      0.61075900     -0.00000000     -0.00000000     -0.00000000      0.00000000      0.00000000      0.00000000      0.04273700     -0.17819100     -0.02839200      0.34308500      0.63929900      0.58316300      0.50120900     -0.60874300      0.78205700     -0.13324500     -0.47046100     -0.22067000      0.85430400     -0.01272300     -0.01360300      0.02598100      0.02200200     -0.09828800     -0.33302800      0.30572800      0.02986500      0.00850400     -0.00574500     -0.69887700     -0.52840600      0.48203300      0.50810300     -0.84111400     -0.18535700      0.50338900      0.11538100      0.85632100     -0.00638000     -0.00682100      0.01297300      0.05184500     -0.15577000     -0.36280400      0.23648400      0.07096900      0.01821500     -0.06012200     -0.31203100      0.62842500     -0.71254300     -0.65733000     -0.68430300     -0.31566600     -0.68596800      0.36987900      0.62660700     -0.00000200      0.00000000      0.00000500      0.00000600     -0.00000100      0.00000900     -0.14796000
     0.11254800     -0.01264100      0.36568300     -0.21407500      0.63363300     -0.74345600     -0.76620000     -0.58095800     -0.27458600     -0.60564500      0.51006300      0.61078400     -0.00022600     -0.00097600     -0.00078300      0.00000000      0.00000000      0.00000000      0.04316300     -0.17822300     -0.02852300      0.34341700      0.64059400      0.58038500      0.50277700     -0.60469700      0.78483700     -0.13530300     -0.47391000     -0.21809600      0.85305700      0.00096800     -0.00442400      0.01462600     -0.03309000     -0.00639500      0.00528000      0.30318300      0.02984800      0.00844200     -0.00558200     -0.69990800     -0.52590800      0.48326800      0.50378100     -0.84314300     -0.18791900      0.50629200      0.11193500      0.85506600     -0.00679800     -0.00265100      0.00748100     -0.04945600      0.03735000     -0.03936500      0.23354400      0.07095800      0.01821500     -0.06012200     -0.31209500      0.62839300     -0.71254300     -0.65731100     -0.68434300     -0.31561900     -0.68595700      0.36986000      0.62663000     -0.00015400     -0.00066100     -0.00052600     -0.00000100      0.00000100     -0.00000100     -0.14779700
     0.11249500     -0.01264000      0.36568300     -0.21421400      0.63359000     -0.74345300     -0.76617400     -0.58103800     -0.27448700     -0.60562800      0.51002400      0.61083300     -0.00019200     -0.00083000     -0.00066500      0.00000000      0.00000000      0.00000000      0.04359800     -0.17826600     -0.02878500      0.34389600      0.63823200      0.58337000      0.50232600     -0.60621700      0.78303300     -0.13890400     -0.47515300     -0.21661100      0.85274400      0.00082100     -0.00901000      0.01035400     -0.03628300      0.00943800     -0.01882700      0.29758200      0.02982700      0.00831400     -0.00533300     -0.69790400     -0.52906800      0.48271700      0.50547300     -0.84135800     -0.19134100      0.50737100      0.11046400      0.85461800      0.00039500     -0.00471200      0.00498500     -0.04240400      0.01417700     -0.01443900      0.22701300      0.07093100      0.01821500     -0.06012200     -0.31222500      0.62832700     -0.71254400     -0.65727400     -0.68442300     -0.31552300     -0.68593400      0.36982200      0.62667700     -0.00013000     -0.00055500     -0.00044000      0.00000600     -0.00000400      0.00000600     -0.14747000
     0.11243100     -0.01264500      0.36569100     -0.21439300      0.63353900     -0.74344500     -0.76615800     -0.58112700     -0.27434500     -0.60558500      0.50998800      0.61090600     -0.00001700     -0.00007300     -0.00005800      0.00000000      0.00000000      0.00000000      0.04443800     -0.17825700     -0.02905300      0.34412600      0.64126500      0.58170800      0.50038600     -0.60286000      0.78538800     -0.14021000     -0.47534500     -0.21249500      0.85367200      0.00075800     -0.01098100      0.00852200     -0.03636000      0.00957200     -0.01875300      0.28934600      0.02983100      0.00818100     -0.00522400     -0.70076100     -0.52692200      0.48092200      0.50181400     -0.84323800     -0.19269100      0.50706500      0.10630400      0.85532600     -0.00001800     -0.00043400     -0.00040200     -0.00278100      0.00475200      0.00240300      0.21737900      0.07089900      0.01821000     -0.06012000     -0.31239300      0.62824700     -0.71254100     -0.65724400     -0.68451400     -0.31538600     -0.68588600      0.36978900      0.62674900     -0.00691500      0.00097300      0.00070800     -0.00098300      0.01471100     -0.02955600     -0.14730700
     0.11239700     -0.01265500      0.36569600     -0.21450200      0.63350900     -0.74343900     -0.76615500     -0.58117400     -0.27425400     -0.60555100      0.50997000      0.61095400     -0.00031300     -0.00135200     -0.00108400     -0.00088100      0.01272900     -0.02584100      0.04444400     -0.17823900     -0.02918200      0.34420100      0.64152800      0.58329100      0.49820100     -0.60336200      0.78475200     -0.14161000     -0.47435000     -0.21049500      0.85472000     -0.00002300     -0.00071200     -0.00066300      0.02901000     -0.05751300     -0.03127100      0.28652600      0.02984000      0.00811500     -0.00518800     -0.70127700     -0.52841400      0.47852600      0.50238400     -0.84256200     -0.19415900      0.50578500      0.10424500      0.85633700     -0.00002300     -0.00059800     -0.00055400      0.03282900     -0.06570100     -0.03633800      0.21264300      0.07088800      0.01820800     -0.06011500     -0.31245400      0.62822000     -0.71253800     -0.65724600     -0.68454000     -0.31532800     -0.68585700      0.36978800      0.62678200      0.00000000      0.00000800      0.00000900      0.00000800     -0.00000500      0.00000500     -0.14698100
     0.11235700     -0.01265800      0.36571900     -0.21461000      0.63348300     -0.74343000     -0.76616700     -0.58120700     -0.27414900     -0.60549600      0.50996600      0.61101200      0.00026600      0.00114800      0.00092100      0.00000000      0.00000000      0.00000000      0.04458300     -0.17824900     -0.02932000      0.34435600      0.63989300      0.58391900      0.49956700     -0.60339000      0.78435300     -0.14368300     -0.47652000     -0.21023800      0.85357600      0.00082400     -0.00892200      0.01043900     -0.03492500      0.01084200     -0.01937400      0.28200300      0.02983500      0.00804000     -0.00511700     -0.69963300     -0.52923900      0.48002000      0.50241800     -0.84208200     -0.19614600      0.50802400      0.10394100      0.85504700      0.00002800      0.00093600      0.00087200      0.00047400     -0.01147700      0.02627700      0.20529500      0.07086100      0.01820100     -0.06010800     -0.31261700      0.62814600     -0.71253300     -0.65723600     -0.68461700     -0.31518100     -0.68579200      0.36977200      0.62686300     -0.00000000      0.00000800      0.00001000     -0.00000600     -0.00000500     -0.00001000     -0.14665400
     0.11232500     -0.01266900      0.36573700     -0.21471400      0.63345800     -0.74342100     -0.76618100     -0.58123700     -0.27404700     -0.60544200      0.50996200      0.61106900      0.00000000      0.00000000      0.00000000      0.00000000      0.00000000      0.00000000      0.04417300     -0.17831200     -0.02938600      0.34455300      0.63974300      0.58403600      0.49962200     -0.60373300      0.78414900     -0.14335400     -0.47628600     -0.21067500      0.85359900      0.00006100      0.00187700      0.00174500      0.00000000     -0.00000000     -0.00000000      0.27192900      0.02980400      0.00800500     -0.00501300     -0.69951100     -0.52936700      0.48005500      0.50282400     -0.84193500     -0.19573100      0.50778900      0.10446800      0.85512200      0.00042100     -0.00406300      0.00559100     -0.03659100      0.00968400     -0.01867100      0.19729400      0.07084600      0.01819900     -0.06009700     -0.31269700      0.62811300     -0.71252600     -0.65725100     -0.68464300     -0.31509500     -0.68574100      0.36977900      0.62691300     -0.00000400     -0.00000100      0.00000100     -0.00000900     -0.00000700     -0.00001000     -0.14632700
     0.11229100     -0.01270200      0.36576200     -0.21487300      0.63342300     -0.74340400     -0.76621700     -0.58126900     -0.27387800     -0.60533900      0.50996900      0.61116500     -0.00016400     -0.00070500     -0.00056500      0.00000000      0.00000000      0.00000000      0.04459900     -0.17845200     -0.02950200      0.34473900      0.63946800      0.58425200      0.49972100     -0.60419900      0.78384600     -0.14304500     -0.47606300     -0.21120500      0.85359200     -0.01452300     -0.00023500      0.00093000     -0.00204500      0.01520500     -0.02924500      0.23631700      0.02973900      0.00795100     -0.00491600     -0.69928000     -0.52960200      0.48013200      0.50331300     -0.84171900     -0.19540400      0.50762400      0.10501500      0.85515400     -0.00000300     -0.00002300     -0.00001900     -0.00002200      0.00002600     -0.00003000      0.16692200      0.07082900      0.01818400     -0.06008300     -0.31284800      0.62805100     -0.71251400     -0.65728200     -0.68468900     -0.31492800     -0.68564200      0.36979800      0.62701000     -0.00013200     -0.00056000     -0.00044700     -0.00000500     -0.00000400     -0.00000300     -0.14632700
     0.11226700     -0.01272900      0.36578000     -0.21499200      0.63339700     -0.74339200     -0.76624400     -0.58129200     -0.27375300     -0.60526300      0.50997500      0.61123600     -0.00022900     -0.00098800     -0.00079200      0.00000000      0.00000000      0.00000000      0.04476500     -0.17850300     -0.02957100      0.34477800      0.64166600      0.58258400      0.49885000     -0.59964900      0.78659000     -0.14707000     -0.47885700     -0.20551100      0.85341900     -0.00003300     -0.00100600     -0.00093500      0.20341500     -0.40491700     -0.21922000      0.20713000      0.02970900      0.00791800     -0.00489600     -0.70076000     -0.52652700      0.48135500      0.49817000     -0.84414100     -0.19811900      0.51064700      0.10096300      0.85384100     -0.00002600     -0.00071700     -0.00066600      0.23717700     -0.47797100     -0.25739500      0.13997900      0.07081800      0.01817100     -0.06007400     -0.31296000      0.62800600     -0.71250500     -0.65730600     -0.68472300     -0.31480400     -0.68556800      0.36981200      0.62708300     -0.00041400     -0.00582100      0.00406500     -0.03521600      0.01533300     -0.01719400     -0.14600100
     0.11222400     -0.01275400      0.36581200     -0.21515400      0.63336200     -0.74337500     -0.76628000     -0.58132600     -0.27358200     -0.60516000      0.50998100      0.61133300     -0.00000000     -0.00000000     -0.00000000      0.00000000      0.00000000      0.00000000      0.04542000     -0.17865500     -0.02967800      0.34476100      0.63977700      0.58342900      0.50028700     -0.59967900      0.78608700     -0.14961500     -0.48134400     -0.20503800      0.85213300     -0.00005600     -0.00166800     -0.00155200      0.00004300     -0.00008700     -0.00004700      0.15230600      0.02963300      0.00786300     -0.00490600     -0.69946600     -0.52881900      0.48072400      0.49849100     -0.84302000     -0.20204400      0.51210600      0.09831400      0.85327600     -0.00003700     -0.00107200     -0.00099400     -0.00302900      0.00284500      0.00226100      0.06829400      0.07079600      0.01815600     -0.06006000     -0.31311400      0.62794300     -0.71249200     -0.65733600     -0.68477100     -0.31463600     -0.68546800      0.36983000      0.62718200     -0.00026100     -0.00515200      0.00460500     -0.03522900      0.01533600     -0.01720300     -0.14518400
     0.11219400     -0.01275000      0.36582700     -0.21522100      0.63334500     -0.74337000     -0.76628400     -0.58134900     -0.27352000     -0.60513100      0.50997500      0.61136700      0.00011800      0.00051000      0.00040900      0.00000000      0.00000000      0.00000000      0.04638500     -0.17885300     -0.02977400      0.34470100      0.64320000      0.58324800      0.49609200     -0.59616200      0.78804700     -0.15332000     -0.48115500     -0.19788200      0.85393000     -0.00007100     -0.00209100     -0.00194600      0.01287200     -0.02574400     -0.01392900      0.09048200      0.02953900      0.00781500     -0.00493600     -0.70300800     -0.52812100      0.47630600      0.49471800     -0.84429500     -0.20595900      0.51091400      0.09084700      0.85481700     -0.00002300     -0.00068300     -0.00063200     -0.01140400      0.08702600     -0.17923000     -0.00584000      0.07078000      0.01815700     -0.06005300     -0.31317800      0.62791500     -0.71248900     -0.65733700     -0.68479900     -0.31457600     -0.68543900      0.36982700      0.62721600      0.00009000      0.00040400      0.00032600     -0.00000500     -0.00000400     -0.00000300     -0.14420500
