     0.07147700     -0.01871100      0.37873700     -0.17621900      0.00213300     -0.98437200      0.29531400     -0.95380200     -0.05498700     -0.93879500     -0.30040000      0.16867400      0.00005900      0.00016500      0.00013700      0.00000000      0.00000000      0.00000000     -1.61668200     -0.09648200      0.01009700      0.34322400      0.43241600      0.01192800      0.90159100      0.26010000      0.95574100     -0.13726400     -0.86384900      0.29381700      0.40902300     -0.00036400      0.00156300      0.00130700      0.00000000     -0.00000000     -0.00000000     -0.29664800      0.04368400      0.02388000     -0.01258500     -0.39164600     -0.02370600      0.91981000     -0.26871800     -0.95313800     -0.13898300      0.88000100     -0.30160200      0.36692300     -0.00690800     -0.00044700      0.00052700     -0.00004800      0.00091400     -0.00428100     -0.49799700      0.07380000      0.01618900     -0.05470800     -0.18880400      0.06932400     -0.97956400      0.38790000     -0.91112200     -0.13924500     -0.90215600     -0.40626300      0.14513300      0.00003300      0.00009000      0.00007400      0.00000500     -0.00000700      0.00000400     -0.88913600
     0.07147900     -0.01870400      0.37874300     -0.17621700      0.00215400     -0.98437200      0.29531200     -0.95380200     -0.05500600     -0.93879600     -0.30040100      0.16866500      0.00002200      0.00006200      0.00005100      0.00000000      0.00000000      0.00000000     -1.61582600     -0.09665000      0.01015900      0.34317900      0.43325900      0.00957100      0.90121400      0.26010200      0.95605300     -0.13506900     -0.86342700      0.29288800      0.41057700     -0.01547900      0.00887100     -0.00824300     -1.10164700     -1.55940000      1.96355400     -0.28337000      0.04360500      0.02391100     -0.01260200     -0.39159100     -0.02385300      0.91982900     -0.26884500     -0.95307500     -0.13916900      0.87998700     -0.30178900      0.36680300     -0.00680400     -0.00088200      0.00016600     -0.00205100      0.01520500     -0.02924200     -0.48460800      0.07380100      0.01619300     -0.05470500     -0.18880400      0.06934500     -0.97956300      0.38789700     -0.91112000     -0.13926400     -0.90215700     -0.40626300      0.14512400      0.00000300      0.00001300      0.00001100      0.00000400     -0.00001000     -0.00000600     -0.88930000
     0.07149700     -0.01868000      0.37875000     -0.17908600      0.00259400     -0.98385300      0.29527900     -0.95373500     -0.05631700     -0.93826000     -0.30060800      0.17125900      0.00015700      0.00043600      0.00036000      0.01891500      0.28183600      0.12547400     -1.61332800     -0.09735200      0.01040800      0.34294900      0.43296800      0.00321600      0.90139900      0.25970900      0.95712700     -0.12803300     -0.86369100      0.28950400      0.41241800     -0.03087700      0.01755300     -0.01665100     -1.07569000     -1.44782400      1.78879000     -0.24498000      0.04326000      0.02403100     -0.01271400     -0.39117600     -0.01723800      0.92015300     -0.26818100     -0.95429700     -0.13188700      0.88037400     -0.29835900      0.36867600     -0.01452200      0.00353000     -0.00397500      0.03612800      0.01755000     -0.05187400     -0.45243900      0.07381000      0.01620500     -0.05470100     -0.19092200      0.06946100     -0.97914400      0.38780400     -0.91100900     -0.14024400     -0.90175100     -0.40649200      0.14699500      0.00007900      0.00022400      0.00018400      0.01374000      0.38034900      0.17190100     -0.88913600
     0.07152200     -0.01865600      0.37873100     -0.18192100      0.00319400     -0.98333100      0.29527000     -0.95365000     -0.05777700     -0.93771400     -0.30087200      0.17377000      0.00000100      0.00000400      0.00000300      0.00371100      0.05554500      0.02473500     -1.60440500     -0.09875000      0.01084400      0.34247700      0.43295100     -0.01040700      0.90135300      0.25808500      0.95948500     -0.11276100     -0.86418600      0.28143300      0.41694300     -0.04426200      0.01523100     -0.01683100     -0.29359100     -0.30334300      0.39760300     -0.20274200      0.04256500      0.02425000     -0.01295000     -0.39152400     -0.00165300      0.92016600     -0.26577000     -0.95717600     -0.11480300      0.88095100     -0.28950100      0.37431800     -0.02220300      0.00779600     -0.00825800     -1.06288100     -1.42747400      1.75112100     -0.41308600      0.07382300      0.01621700     -0.05471100     -0.19489500      0.06972500     -0.97834200      0.38774400     -0.91074000     -0.14214900     -0.90092700     -0.40705000      0.15046400      0.00042600      0.00493200     -0.00482200      0.04131000      0.02039900      0.03211400     -0.88913600
     0.07157400     -0.01854700      0.37860900     -0.18465300      0.00387400     -0.98281900      0.29556000     -0.95346400     -0.05934200     -0.93708500     -0.30145300      0.17613800      0.00086400      0.00989800     -0.00961900      0.03546300     -0.00652100      0.02101300     -1.58208900     -0.10082200      0.01147400      0.34174000      0.42768500     -0.02335300      0.90362100      0.25517900      0.96210400     -0.09578500     -0.86765900      0.27155400      0.41628100     -0.05757800      0.01293800     -0.01703300     -0.38360000      0.01479400      0.55688900     -0.15476000      0.04153400      0.02456600     -0.01331900     -0.38730000      0.01094900      0.92188800     -0.26221400     -0.95994200     -0.09876000      0.88387800     -0.27998200      0.37465600     -0.02979500      0.01208700     -0.01252100     -1.14346500     -0.90957300      2.07612500     -0.36736500      0.07384800      0.01626800     -0.05476800     -0.19766000      0.07005600     -0.97776300      0.38801000     -0.91038800     -0.14366700     -0.90021000     -0.40777900      0.15276400     -0.00000000     -0.00000500     -0.00000400      0.00277000     -0.01648400     -0.00821600     -0.88913600
     0.07162100     -0.01842200      0.37850000     -0.18451500      0.00409000     -0.98284400      0.29591900     -0.95333800     -0.05957600     -0.93699900     -0.30184800      0.17591800      0.00115900      0.01071900     -0.00894000      0.03474700     -0.01727100      0.01622000     -1.56606800     -0.10214700      0.01187900      0.34129800      0.42467400     -0.02849200      0.90489300      0.25352300      0.96323600     -0.08852400     -0.86961800      0.26701500      0.41512700     -0.07291700      0.02225600     -0.02497100     -0.03807700      0.51214900     -0.01618800     -0.12801900      0.04085000      0.02477300     -0.01354700     -0.38409900      0.01676300      0.92313900     -0.26013500     -0.96129500     -0.09078100      0.88588700     -0.27501000      0.37359300     -0.03645400      0.01117500     -0.01240700     -0.04494800      0.59319900      0.01502000     -0.34156500      0.07387100      0.01633200     -0.05482800     -0.19728600      0.07029700     -0.97782200      0.38841100     -0.91019600     -0.14380100     -0.90011900     -0.40816700      0.15226500      0.00060000      0.00540400     -0.00443500      0.03489300     -0.02264400      0.01372600     -0.88897300
     0.07173000     -0.01799800      0.37819800     -0.18411100      0.00461700     -0.98291800      0.29703500     -0.95295400     -0.06016800     -0.93672600     -0.30305200      0.17530200      0.00169600      0.01221800     -0.00770100      0.03472800     -0.01748200      0.01612700     -1.42058900     -0.10517700      0.01284200      0.34027100      0.42080500     -0.04466400      0.90604700      0.24996200      0.96580600     -0.06835600     -0.87252100      0.25527300      0.41642000     -0.07289800      0.02359900     -0.02395800      0.01158300      0.35857300     -0.07474500     -0.08010000      0.03936300      0.02524500     -0.01405300     -0.37965400      0.03332600      0.92452700     -0.25566000     -0.96421200     -0.07023000      0.88910000     -0.26302800      0.37458700     -0.04391800      0.01550200     -0.01667900      0.00400000      0.51202700     -0.22968900     -0.29159800      0.07392500      0.01653900     -0.05497600     -0.19689200      0.07084900     -0.97786100      0.38945500     -0.90966700     -0.14432400     -0.89975400     -0.40925000      0.15151300      0.00093500      0.00633600     -0.00366600      0.03573700     -0.02944500      0.04237000     -0.85272200
     0.07190500     -0.01732300      0.37763900     -0.18350900      0.00475000     -0.98303000      0.29904800     -0.95230500     -0.06048000     -0.93620400     -0.30508600      0.17455900      0.00227400      0.02132100     -0.01796200      0.06152000      0.04702600     -0.14877600     -1.38382200     -0.10861200      0.01390500      0.33909800      0.41737100     -0.06511000      0.90639600      0.25140600      0.96674500     -0.04619400     -0.87375100      0.24721000      0.41870000     -0.09905100      0.01785300     -0.02549800     -0.04570400      0.60923000     -0.43866600     -0.03684100      0.03765400      0.02578200     -0.01463600     -0.37648700      0.05401100      0.92484500     -0.25625300     -0.96542000     -0.04793600      0.89027600     -0.25504200      0.37730900     -0.04375200      0.01570200     -0.01656600     -0.07677600      0.47331300     -0.04301300     -0.24310100      0.07401300      0.01687600     -0.05525000     -0.19631000      0.07118200     -0.97795400      0.39134300     -0.90879600     -0.14470500     -0.89906200     -0.41112300      0.15054900      0.00119800      0.01080400     -0.00886400      0.06932000     -0.03505800      0.03226900     -0.83345400
     0.07199400     -0.01697200      0.37731700     -0.18320300      0.00461600     -0.98308800      0.30017800     -0.95195000     -0.06046300     -0.93590300     -0.30619200      0.17423800      0.00199900      0.02055700     -0.01858700      0.06941900     -0.03508300      0.03220200     -1.38277300     -0.11041800      0.01445100      0.33848800      0.41801000     -0.07601700      0.90525200      0.25472100      0.96629700     -0.03635000     -0.87248500      0.24585300      0.42212600     -0.10062400      0.02891100     -0.03373800     -0.94113800     -1.21765200      1.63936900     -0.02979600      0.03671400      0.02606200     -0.01495100     -0.37605700      0.06386400      0.92439200     -0.25900100     -0.96510100     -0.03868900      0.88966200     -0.25396700      0.37947400     -0.05031000      0.01440200     -0.01686500     -0.91859000     -1.25884300      1.58220100     -0.22628200      0.07405800      0.01705200     -0.05540900     -0.19599400      0.07093600     -0.97803500      0.39245100     -0.90834600     -0.14452700     -0.89864700     -0.41215800      0.15019200      0.00790200      0.00868600     -0.01031300      0.06246900      0.03245700     -0.11909800     -0.84129200
     0.07214200     -0.01630300      0.37659300     -0.17966300      0.00413300     -0.98374300      0.30257300     -0.95126400     -0.05931000     -0.93582300     -0.30832300      0.17088100      0.00116900      0.01824000     -0.02048700      0.06130600      0.04186600     -0.15112900     -1.35764600     -0.11403300      0.01549400      0.33730400      0.41572000     -0.08892000      0.90513000      0.25026700      0.96794100     -0.01972800     -0.87486200      0.23481400      0.42348700     -0.09860200      0.01859200     -0.02515700      0.02541900      0.26753200     -0.18234200     -0.01405900      0.03497600      0.02656700     -0.01552500     -0.37454400      0.07784700      0.92393500     -0.25389400     -0.96699400     -0.02144900      0.89177000     -0.24261500      0.38194600     -0.04352000      0.01611300     -0.01632200     -0.25780200     -0.06139000      0.34105900     -0.20766700      0.07413300      0.01739000     -0.05576900     -0.19219300      0.07101200     -0.97878400      0.39478400     -0.90752000     -0.14336100     -0.89844700     -0.41396200      0.14638500      0.00740200      0.00730000     -0.01145100      0.06714100     -0.02161500      0.04364900     -0.84962000
     0.07217400     -0.01553000      0.37567300     -0.17872300      0.00681700     -0.98389900      0.29405300     -0.95388500     -0.06007700     -0.93871500     -0.30007200      0.16970200      0.00138300      0.02631600     -0.03157200      0.10403000     -0.05295300      0.04815700     -1.24365200     -0.11717500      0.01635800      0.33632800      0.41705800     -0.10645900      0.90261900      0.24879000      0.96852300     -0.00059500     -0.87464900      0.22492100      0.42925900     -0.07192100      0.02443900     -0.02365500     -0.23164700     -0.25718700      0.66422000      0.02736200      0.03336300      0.02700200     -0.01602500     -0.37583600      0.09409900      0.92189500     -0.25141100     -0.96787300     -0.00370300      0.89193000     -0.23316700      0.38741900     -0.03588200      0.01156200     -0.01231800     -0.93349900     -1.24335700      2.11502900     -0.17664200      0.07414900      0.01777400     -0.05622500     -0.19177000      0.07363300     -0.97867300      0.38649000     -0.91093900     -0.14426900     -0.90213500     -0.40591500      0.14623300      0.00055000      0.01271500     -0.01615000      0.10327400     -0.04051600      0.02213100     -0.83541400
     0.07210900     -0.01447100      0.37425100     -0.17680400      0.01432300     -0.98416500      0.27555200     -0.95917100     -0.06351600     -0.94467400     -0.28244400      0.16686300      0.00090700      0.03245200     -0.04424500     -5.30149400     -0.40984200      0.96010800     -1.01218900     -0.11989600      0.01719600      0.33552600      0.41630000     -0.12103500      0.90113100      0.25244100      0.96748500      0.01345300     -0.87396200      0.22201100      0.43216300     -0.05864600      0.02824000     -0.02216900      0.10691900     -0.02573300      0.13639100      0.08352300      0.03199800      0.02741900     -0.01642700     -0.37470800      0.10941500      0.92066300     -0.25436200     -0.96704100      0.01140100      0.89156700     -0.22991000      0.39019000     -0.03519100      0.00785800     -0.00680800      0.08392500     -0.05042500      0.08133300     -0.10936600      0.07411700      0.01830300     -0.05692900     -0.19060600      0.08027300     -0.97837800      0.37397900     -0.91555500     -0.14797700     -0.90763800     -0.39409900      0.14449000      0.00045500      0.01615000     -0.02217600      0.13815700     -0.05925500      0.03650900     -0.77385300
     0.07201400     -0.01376200      0.37332700     -0.17485000      0.02217400     -0.98436800      0.26700100     -0.96119900     -0.06913200     -0.94749100     -0.27495000      0.16337100     -0.01328600      0.03436800     -0.04324600     -0.00922100     -0.05748500      0.03862100     -0.86125000     -0.12105900      0.01760800      0.33520400      0.41370400     -0.13094400      0.90094100      0.25555500      0.96648100      0.02324900     -0.87428700      0.22076300      0.43214500     -0.04536100      0.03101300     -0.02145900      0.05160400      0.17930600      0.54173500      0.10259100      0.03141200      0.02762400     -0.01658800     -0.37385700      0.11848100      0.91988700     -0.25690000     -0.96623000      0.02004100      0.89119700     -0.22882600      0.39167000     -0.02856400      0.00931200     -0.00641000     -0.05844700      0.53215300      0.48899600     -0.07834100      0.07407500      0.01865600     -0.05739300     -0.18947200      0.08941100     -0.97780600      0.36021900     -0.92007900     -0.15393300     -0.91342200     -0.38139100      0.14212100      0.00063900      0.02037800     -0.02754500     -0.32678200     -0.03054600     -0.03166200     -0.72666200
     0.07175000     -0.01207600      0.37107200     -0.17027400      0.03695200     -0.98472700      0.24514400     -0.96627200     -0.07870200     -0.95421300     -0.25485400      0.15669900      0.00078200      0.04699600     -0.06767700      0.53997000     -1.28946700      2.51092400     -0.60831400     -0.12301400      0.01837000      0.33473900      0.41670400     -0.15000500      0.89657600      0.26175400      0.96427900      0.03980500     -0.87102400      0.21826100      0.43993300     -0.04239000      0.01144800     -0.00321900      0.04331700     -0.08098700      0.13283200      0.13637900      0.03043300      0.02801000     -0.01682900     -0.37544000      0.13837200      0.91645800     -0.26253800     -0.96417100      0.03802300      0.88888500     -0.22633000      0.39831600     -0.02196300      0.01112000     -0.00572400      0.09836600     -0.22042400      0.31147200     -0.02919000      0.07393800      0.01949800     -0.05850800     -0.18670600      0.10159100     -0.97714800      0.33877100     -0.92697200     -0.16110400     -0.92215700     -0.36110900      0.13865500     -0.00637300      0.02523700     -0.03268100     -0.29001300     -0.10221200      0.08944700     -0.65105900
     0.07151500     -0.01036100      0.36837900     -0.16127400      0.05307100     -0.98550500      0.21824400     -0.97189400     -0.08810700     -0.96228400     -0.22936400      0.14638500     -0.00171600      0.04006900     -0.07344100      0.66794300     -1.28506200      2.45529500     -0.37985300     -0.12460100      0.01901100      0.33454500      0.41856400     -0.16096200      0.89380500      0.26228800      0.96361500      0.05083400     -0.86997300      0.21333700      0.44440700     -0.02915800      0.01438600     -0.00237100      0.06299800     -0.20242600      0.32211700      0.17360300      0.02962300      0.02833800     -0.01692400     -0.37759300      0.14935200      0.91384700     -0.26263000     -0.96365200      0.04897600      0.88794600     -0.22151100      0.40309200     -0.01458000      0.00722200     -0.00112900      0.06605600     -0.20537700      0.31531200      0.01898100      0.07382300      0.02036300     -0.05984900     -0.17940100      0.11862100     -0.97659700      0.31222600     -0.93451500     -0.17086600     -0.93291400     -0.33557300      0.13061600     -0.00764500      0.02167300     -0.03564800      0.19212600     -0.06479100      0.01326500     -0.58802800
     0.07140900     -0.00954000      0.36683000     -0.15738900      0.06261600     -0.98557300      0.20510300     -0.97413400     -0.09469600     -0.96581600     -0.21713400      0.14170200     -0.00219600      0.04621600     -0.08614700      0.25121100     -0.12263000      0.09858600     -0.27670600     -0.12524700      0.01926500      0.33453800      0.42184000     -0.16103700      0.89225000      0.25365500      0.96572400      0.05450300     -0.87095500      0.20351200      0.44708400     -0.02766900      0.00411200      0.00633000      0.02304800     -0.19575400      0.30020500      0.19234700      0.02931100      0.02846300     -0.01693000     -0.38089900      0.14914900      0.91250700     -0.25371700     -0.96588100      0.05196700      0.88912400     -0.21172400      0.40574400     -0.01461600      0.00758300     -0.00084800      0.03701600     -0.09899700      0.14742100      0.04265800      0.07377000      0.02077200     -0.06061700     -0.17613700      0.13137300     -0.97555900      0.29924100     -0.93700500     -0.18020900     -0.93777900     -0.32366900      0.12572900     -0.00169200      0.01757800     -0.03877500      0.25099900     -0.18817800      0.24751900     -0.50409700
     0.07120500     -0.00803900      0.36342600     -0.15063600      0.08338000     -0.98509000      0.16758100     -0.97984200     -0.10861600     -0.97410500     -0.18155500      0.13485200     -0.00473300      0.03930200     -0.09213600     -0.24976800     -0.06751200      0.10620400     -0.13533900     -0.12639100      0.01967600      0.33467300      0.43235800     -0.16550600      0.88637800      0.23026100      0.97064200      0.06905300     -0.87230800      0.17442900      0.45663600     -0.02794100      0.00646300      0.00819400     -0.00190200     -0.09511200      0.13272400      0.23833600      0.02872900      0.02866800     -0.01686200     -0.39177800      0.15403700      0.90707300     -0.22975600     -0.97103000      0.06566300      0.89091000     -0.18268000      0.41581900     -0.01399600      0.00336400      0.00423700      0.00139200     -0.08937800      0.12651100      0.09964600      0.07366700      0.02153900     -0.06235200     -0.17171700      0.15272600     -0.97323500      0.26246400     -0.94511000     -0.19462100     -0.94953900     -0.28885900      0.12220600     -0.00244500      0.01924100     -0.04638600     -0.25055500     -0.08557000      0.08552500     -0.36562700
     0.07078300     -0.00669000      0.35983700     -0.14682300      0.09878700     -0.98424100      0.12408000     -0.98528200     -0.11745500     -0.98117800     -0.13950100      0.13362900     -0.02024700      0.03776800     -0.09443300     -1.39278500     -0.16643400      0.21339300     -0.04361500     -0.12744100      0.02008700      0.33492300      0.44771000     -0.16938900      0.87798400      0.19556400      0.97662600      0.08882700     -0.87305100      0.13212600      0.46924300     -0.02970200      0.01969500      0.00181500     -0.34716000     -0.71157400      0.89111700      0.27967400      0.02821600      0.02886600     -0.01673800     -0.40703000      0.15712900      0.89979700     -0.19416700     -0.97746200      0.08285800      0.89253800     -0.14098500      0.42836600     -0.00747100      0.00472800      0.00456700     -1.34276700     -1.85088300      2.14099900      0.15598100      0.07346300      0.02219700     -0.06411400     -0.16975100      0.16810300     -0.97104300      0.22092800     -0.95377200     -0.20373400     -0.96040300     -0.24911500      0.12476500     -0.01064700      0.01381700     -0.04278100     -5.22804700     -0.64888000      0.72639300     -0.28169500
     0.06984000     -0.00556600      0.35632700     -0.15115300      0.11733800     -0.98154500      0.03853100     -0.99145600     -0.12451000     -0.98758400     -0.05679400      0.14656100     -0.03605900      0.02827000     -0.08579100     -1.42314700      0.08972200      0.31646200      0.03866400     -0.12837900      0.02065900      0.33519700      0.47231000     -0.15980400      0.86682100      0.13346200      0.98500800      0.10900500     -0.87181700      0.06438600      0.48544100     -0.02833200      0.01039900      0.01124200     -5.17373900     -1.31441100     -1.81826000      0.32268100      0.02773600      0.02916000     -0.01660000     -0.43227600      0.14934800      0.88928700     -0.13293700     -0.98596800      0.10096500      0.89188800     -0.07457500      0.44606400     -0.01407300      0.00532000      0.00553100     -5.20306000     -1.34319300     -1.75269900      0.21394900      0.07299600      0.02275900     -0.06587600     -0.17585700      0.18600300     -0.96668300      0.13606900     -0.96796800     -0.21100300     -0.97496600     -0.16864200      0.14491400     -0.01175200      0.00724200     -0.03964900     -5.27505700     -0.36587100      0.91892000     -0.20462200
     0.06916500     -0.00516400      0.35476900     -0.15725600      0.13037900     -0.97893700     -0.01096000     -0.99139500     -0.13033200     -0.98731400     -0.00993600      0.15855000     -0.03799500      0.01589600     -0.07877900     -5.69828800     -0.16058200      1.17619600      0.07783700     -0.12882500      0.02104100      0.33534300      0.48365100     -0.15489800      0.86144000      0.10325900      0.98739100      0.11970500     -0.86970800      0.03123300      0.49243900     -0.02860200      0.01273100      0.01307000     -4.75733900     -0.98543900     -2.24838600      0.34546400      0.02752400      0.02934300     -0.01653400     -0.44311200      0.14639000      0.88443200     -0.10614700     -0.98820400      0.11038500      0.89015900     -0.04496700      0.45342400     -0.00848500      0.01284900      0.00258600     -0.05940000     -0.24770400      0.29841600      0.24252500      0.07264500      0.02297100     -0.06668700     -0.18264800      0.19787500     -0.96306000      0.08694800     -0.97244900     -0.21629400     -0.97932600     -0.12324100      0.16041000     -0.01911400      0.00774100     -0.03975800     -5.70195600     -0.11492500      1.20370500     -0.15302200
     0.06730100     -0.00479300      0.35192400     -0.16803200      0.16232000     -0.97234900     -0.11126600     -0.98314900     -0.14495000     -0.97928800      0.08362400      0.18447100     -0.05527900     -0.00408700     -0.06159700     -0.38067600      0.66804300      0.49467000      0.14199500     -0.12976500      0.02196400      0.33562300      0.51058400     -0.14873600      0.84686100      0.05065600      0.98836600      0.14318400     -0.85892500     -0.03003700      0.51108600     -0.01541200      0.01511000      0.01344800     -0.39914900     -0.31241800      0.11601900      0.38327600      0.02704800      0.02980800     -0.01639100     -0.47165100      0.13795600      0.87092600     -0.04719200     -0.99021900      0.13129400      0.88052100      0.02082400      0.47354800     -0.01505400      0.01228900      0.00278300     -1.36609400     -0.58446100     -0.31931300      0.29984000      0.07173300      0.02315600     -0.06808800     -0.19556000      0.22780900     -0.95386500     -0.01535400     -0.97323700     -0.22928800     -0.98057100     -0.03019400      0.19382400     -0.02749100     -0.00184100     -0.03055100     -1.60391700      0.50364500      0.75871300     -0.05945700
     0.06497700     -0.00520300      0.34981100     -0.17201100      0.20869300     -0.96275900     -0.21927500     -0.96087200     -0.16916200     -0.96018200      0.18174600      0.21223900     -0.05761900     -0.02368200     -0.04334000     -1.53886300      0.66959000      1.30777900      0.18656800     -0.13083200      0.02289000      0.33589000      0.53301600     -0.13682100      0.83496400     -0.00183700      0.98659400      0.16297800     -0.84671800     -0.08824500      0.52454200     -0.02858400      0.01436500      0.01414700     -1.35924400     -0.48340100     -0.54650800      0.41245300      0.02652000      0.03027200     -0.01625700     -0.49437200      0.12699000      0.85992300      0.00492500     -0.98884500      0.14886000      0.86923600      0.07782700      0.48823300     -0.01496300      0.01279700      0.00302800     -4.54412500     -1.21484200     -2.39371500      0.34262200      0.07057000      0.02295300     -0.06915700     -0.20316600      0.27128900     -0.94081000     -0.12401900     -0.96024100     -0.25011000     -0.97125800      0.06586500      0.22873400     -0.03528400     -0.00523200     -0.02543500     -5.36263600     -0.31065700      1.73406700      0.01908600
     0.06360800     -0.00570900      0.34906000     -0.16674600      0.23550600     -0.95748600     -0.27006500     -0.94480700     -0.18541100     -0.94810200      0.22736800      0.22233600     -0.07303400     -0.03083600     -0.03279300     -0.41045600      0.43907000      0.82198700      0.21020900     -0.13144400      0.02335800      0.33601500      0.54538300     -0.12904600      0.82818900     -0.03067000      0.98428600      0.17370500     -0.83825400     -0.11998700      0.53178600     -0.02990700      0.02475600      0.00549800     -0.33390600     -0.41358900      0.24717000      0.42738100      0.02621400      0.03050400     -0.01619000     -0.50716400      0.11857100      0.85365300      0.03557200     -0.98676700      0.15819400      0.86111400      0.11059700      0.49623500     -0.01495500      0.01230400      0.00271900     -1.31937400     -0.49216700     -0.58155100      0.36303400      0.06989200      0.02270200     -0.06953700     -0.20246300      0.29969300     -0.93230400     -0.17777400     -0.94745000     -0.26595500     -0.96301800      0.11189300      0.24510100     -0.03657400     -0.01571900     -0.01660000     -1.43562100     -0.01249700      1.89665200      0.05060100
     0.06048500     -0.00716400      0.34803200     -0.15149800      0.30721000     -0.93952900     -0.35297300     -0.90459700     -0.23892800     -0.92311400      0.29504400      0.24665000     -0.07503200     -0.04107600     -0.02461400     -0.44462800      1.23326700      1.16050200      0.24773500     -0.13278700      0.02432200      0.33624600      0.57186800     -0.11286900      0.81253800     -0.08248200      0.97749900      0.19397600     -0.81684600     -0.17781700      0.54864100     -0.02978700      0.02505400      0.00561800     -0.61437200     -0.83953000      0.65447900      0.45827800      0.02554200      0.03098600     -0.01607400     -0.53412700      0.10211200      0.83921400      0.08824600     -0.98052100      0.17547100      0.84078500      0.16778100      0.51471100     -0.02143800      0.01152100      0.00269100     -2.23084000     -2.21011300      1.36846100      0.40320300      0.06833100      0.02197800     -0.07005300     -0.19154500      0.36894300     -0.90950000     -0.26471700     -0.91173700     -0.31410000     -0.94511000      0.18059600      0.27230400     -0.04427500     -0.01839600     -0.01076200     -1.58833600      0.62488300      1.46866600      0.11118200
     0.05703100     -0.00880600      0.34736000     -0.14495200      0.37271000     -0.91658200     -0.43968500     -0.85408700     -0.27782200     -0.88621400      0.36226700      0.28881600     -0.10463000     -0.04290600     -0.01080300     -0.50547200      1.23879900      1.57279700      0.25829200     -0.13434200      0.02536700      0.33642000      0.59754400     -0.09637300      0.79601800     -0.13286900      0.96706000      0.21696500     -0.79143600     -0.23530000      0.56402600     -0.04424400      0.03573800     -0.00150600     -1.50884400     -1.09167400     -0.02019800      0.48940800      0.02477000      0.03150300     -0.01598600     -0.56025700      0.08695800      0.82374100      0.13849400     -0.97064000      0.19666000      0.81665800      0.22426400      0.53176500     -0.02127300      0.01218200      0.00302300     -5.29531100     -3.10255600     -0.86174900      0.44631200      0.06661600      0.02115700     -0.07039500     -0.19193200      0.43238000     -0.88102600     -0.35653300     -0.86710100     -0.34787600     -0.91435500      0.24734700      0.32058200     -0.04540900     -0.02355100     -0.00673400     -1.63015800      0.68253900      1.78547900      0.14041100
     0.05332800     -0.01047200      0.34676400     -0.13923100      0.43751100     -0.88839400     -0.52271600     -0.79438200     -0.30935000     -0.84090200      0.42075800      0.34040100     -0.10524000     -0.04134600     -0.01040400     -0.32538600      1.29186500      1.43038300      0.28605000     -0.13613300      0.02645000      0.33649300      0.62696400     -0.06941100      0.77594400     -0.18682900      0.95349000      0.23639900     -0.75703000     -0.29310300      0.58383100     -0.04360000      0.03244200     -0.00417800     -4.30039800     -1.69495000     -2.78348200      0.50887200      0.02389000      0.03204400     -0.01594600     -0.59037200      0.06270800      0.80469100      0.18939300     -0.95837800      0.21363400      0.78459600      0.27852600      0.55392300     -0.02836500      0.01557700     -0.00190400     -1.21283100     -2.13558600      2.08929500      0.48060300      0.06472400      0.02030700     -0.07069900     -0.19320900      0.49654800     -0.84623200     -0.44612600     -0.81262900     -0.37497300     -0.87386500      0.30507800      0.37853000     -0.05257900     -0.02065100     -0.00512400     -0.30553300      1.19909000      1.36101200      0.17747800
     0.05139500     -0.01125500      0.34657700     -0.12897000      0.47079300     -0.87279200     -0.56807700     -0.75643200     -0.32414500     -0.81266000      0.45341800      0.36608900     -0.08943700     -0.03968800     -0.00788800     -5.09546100     -0.66618100      3.35726000      0.28558300     -0.13703100      0.02691800      0.33649100      0.63634600     -0.05875100      0.76915700     -0.20359700      0.94887700      0.24107000     -0.74477700     -0.30993500      0.59085600     -0.04332800      0.03105700     -0.00529200      0.21602700     -0.48568500      0.10897300      0.51513500      0.02342500      0.03228800     -0.01594400     -0.60033600      0.05030200      0.79816300      0.21178700     -0.95238900      0.21931700      0.77119500      0.30070500      0.56110000     -0.02748300      0.00925600      0.00148500      0.28604300     -0.77278500      0.11733000      0.49268700      0.06378800      0.01992300     -0.07079600     -0.18894900      0.52747000     -0.82829400     -0.49004900     -0.78159900     -0.38594500     -0.85096900      0.33298100      0.40616900     -0.05152900     -0.01753700     -0.00229700     -0.66372400      1.30357200      1.42796000      0.18694900
     0.04757200     -0.01218900      0.34656000     -0.10101700      0.52707100     -0.84382300     -0.64595200     -0.67976400     -0.34733000     -0.75655000      0.50932400      0.41018000     -0.09759500     -0.01301600     -0.00281200     -4.79527500     -1.06260600      3.07199500      0.29289400     -0.13903400      0.02774100      0.33645600      0.65151100     -0.03787000      0.75768800     -0.23261100      0.94060000      0.24717900     -0.72283900     -0.33724500      0.60301900     -0.05579600      0.02693700     -0.00725900      0.03338600     -0.33086300      0.11547700      0.52017500      0.02242700      0.03270100     -0.01596000     -0.61678100      0.02863200      0.78661400      0.24089600     -0.94452100      0.22326500      0.74936600      0.32719800      0.57566500     -0.02720400      0.00774500      0.00026900     -0.26198200     -0.42334500     -0.12606200      0.50852600      0.06187600      0.01943800     -0.07081500     -0.16726600      0.58497900     -0.79361200     -0.57605100     -0.71124700     -0.40285500     -0.80011600      0.38977800      0.45594500     -0.04866900     -0.00626700     -0.00110700     -0.22581300      0.94611600      1.13937000      0.19527700
     0.04367900     -0.01241100      0.34671300     -0.07847700      0.56635000     -0.82044800     -0.70578800     -0.61273200     -0.35552100     -0.70397400      0.55045400      0.44882900     -0.09389300     -0.00344200      0.00631700     -0.11870300      0.64183400      0.50515500      0.32043200     -0.14104700      0.02827500      0.33637600      0.66036500     -0.03191700      0.75026100     -0.23308700      0.94096300      0.24534100     -0.71460800     -0.33685700      0.61296500     -0.05383600      0.01174600     -0.00247100      0.08456400     -0.15288200      0.03655300      0.51992400      0.02140000      0.03297800     -0.01600300     -0.62629400      0.02263700      0.77925700      0.24117700     -0.94491500      0.22128600      0.74134200      0.32653000      0.58633600     -0.02689600      0.00563700     -0.00138200      0.05952500     -0.11422200      0.06034100      0.51342400      0.05992900      0.01932400     -0.07074100     -0.14532200      0.62527600     -0.76675300     -0.64660700     -0.64659400     -0.40473800     -0.74885200      0.43697100      0.49827300     -0.04679600     -0.00141000      0.00354000     -0.20344100      0.81353700      0.44811600      0.21911700
     0.04183300     -0.01245800      0.34687000     -0.06693500      0.58350500     -0.80937400     -0.73441900     -0.57785600     -0.35592500     -0.67531100      0.56986800      0.46822300     -0.09314800     -0.00125700      0.00830600     -0.20911000      0.70095400      0.37426700      0.34594500     -0.14199400      0.02847300      0.33634500      0.66589000     -0.02977300      0.74545000     -0.23142000      0.94159800      0.24448300     -0.71001000     -0.33527900      0.61914200     -0.04081400      0.01316000     -0.00267400      0.25144600     -0.49994900     -0.16329600      0.51978000      0.02092700      0.03307400     -0.01602000     -0.63118200      0.02207400      0.77532000      0.23934600     -0.94526900      0.22176200      0.73778200      0.32554200      0.59135400     -0.02039700      0.00643500     -0.00141500      0.35403900     -0.64106500     -0.24774100      0.51391400      0.05897300      0.01930400     -0.07065600     -0.13538200      0.64280000     -0.75397500     -0.67857700     -0.61464600     -0.40217200     -0.72194400      0.45718300      0.51940100     -0.04640200     -0.00025800      0.00459100     -0.18939200      0.64751600      0.34911600      0.24312100
     0.03843600     -0.01262800      0.34737300     -0.04479500      0.61914000     -0.78403100     -0.78191600     -0.51013900     -0.35824300     -0.62172000      0.59622700      0.50794200     -0.07766700     -0.00149800      0.00938100     -0.50778700      1.17156800      0.69656400      0.41299200     -0.14373900      0.02879400      0.33630900      0.66978900     -0.02926600      0.74196900     -0.22976700      0.94194100      0.24472300     -0.70687400     -0.33436200      0.62321400     -0.03924700      0.00025700      0.00389300     -0.00544300      0.04423100     -0.08869400      0.51988700      0.02006900      0.03323500     -0.01604000     -0.63599200      0.02044000      0.77142400      0.23778800     -0.94581700      0.22110200      0.73414600      0.32405500      0.59667100     -0.02031100      0.00607200     -0.00171600      0.03883200     -0.06987400      0.12884300      0.51407800      0.05730500      0.01922300     -0.07040400     -0.11564700      0.67576400     -0.72798800     -0.73189100     -0.55347000     -0.39749800     -0.67153500      0.48683900      0.55859300     -0.03929600     -0.00540100      0.00981800     -1.47155000      0.36177700      1.10267000      0.32117400
     0.03565800     -0.01308000      0.34817800     -0.01940600      0.65605300     -0.75449500     -0.82021300     -0.44191300     -0.36322800     -0.57170200      0.61098100      0.54761800     -0.06344100     -0.01214100      0.01967300     -0.23789600      1.28585000      0.55186000      0.44120000     -0.14527500      0.02893500      0.33631500      0.67261500     -0.03050800      0.73935800     -0.22929200      0.94130700      0.24759000     -0.70434100     -0.33602900      0.62518100     -0.03902800     -0.00172700      0.00234700     -0.00613300      0.04561500     -0.08773600      0.51960100      0.01930100      0.03330600     -0.01603600     -0.63884700      0.02191300      0.76902100      0.23738200     -0.94520500      0.22413300      0.73179400      0.32573800      0.59864000     -0.02017300      0.00493200     -0.00260400      0.03331400      0.04035400     -0.07096500      0.51424100      0.05591200      0.01900300     -0.07000300     -0.09369400      0.71297300     -0.69490300     -0.77709500     -0.48868700     -0.39661900     -0.62236900      0.50284500      0.59983500     -0.03239800     -0.01114100      0.01451100     -0.54244600      1.37000900      0.82600600      0.38273400
