     0.11546500     -0.01697700      0.37178300     -0.43538900      0.29505200     -0.85054500     -0.66564700     -0.74156900      0.08343100     -0.60558700      0.60211700      0.52033300      0.00135400      0.00612200      0.00482800     -0.47816200     -0.10960600     -0.83797600     -0.10800500     -0.14638800      0.01827000      0.31832500      0.70128800      0.37952700      0.60344500     -0.68167800      0.60437500      0.41228400     -0.20910300     -0.70095500      0.68176300     -0.01900500      0.04470100     -0.04782800     -0.90477700     -0.65846000     -1.07549300      0.08422400      0.04522500      0.02843000     -0.02615500     -0.72221800     -0.32583900      0.61010600      0.62005300     -0.69587100      0.36234900      0.30648800      0.63999300      0.70460800     -0.00273800      0.02349200     -0.02361300     -0.15395400     -0.19275900     -0.23459000     -0.15410700      0.07021400      0.01765800     -0.06127000     -0.47060400      0.25857600     -0.84360500     -0.60243100     -0.79272300      0.09308600     -0.64467600      0.55202100      0.52883300      0.00055800      0.00252800      0.00198900     -0.15346600     -0.61080300     -0.28308100     -0.37411800
     0.11552300     -0.01675900      0.37194100     -0.43166600      0.27680100     -0.85854000     -0.66408300     -0.74161400      0.09473000     -0.60995500      0.61068600      0.50502000      0.00122700      0.00555100      0.00436900     -0.12185600     -0.48315300     -0.19023900     -0.02680700     -0.14706000      0.01963800      0.31694100      0.67657200      0.42464400      0.60159800     -0.71771400      0.56262100      0.41021800     -0.16511400     -0.70984200      0.68463500     -0.01811800      0.03870500     -0.03528000     -0.85704700     -0.69267700     -1.11001200      0.15748800      0.04488200      0.02912800     -0.02686800     -0.70139200     -0.37686200      0.60499800      0.66329300     -0.65583500      0.36044500      0.26094100      0.65410400      0.70996800     -0.00852000      0.01412000     -0.01340600     -3.23833200     -2.18529900     -3.90751200     -0.03294600      0.07024300      0.01776500     -0.06118600     -0.46758300      0.23875300     -0.85109400     -0.60041500     -0.79241900      0.10756900     -0.64874200      0.56130800      0.51387300      0.00063900      0.00288600      0.00227100     -0.21959400     -0.70038500     -0.50234200     -0.26242700
     0.11548800     -0.01641400      0.37186100     -0.43028700      0.25059400     -0.86723800     -0.65313100     -0.74957000      0.10740200     -0.62261300      0.61231900      0.48728300      0.00095600      0.01248400     -0.00754500     -0.00748300     -0.68374300     -0.35567300      0.03878600     -0.14797200      0.02082400      0.31587800      0.66823600      0.45090900      0.59172000     -0.73185000      0.54078700      0.41458200     -0.13388500     -0.71064700      0.69059300     -0.01708700      0.03095200     -0.02434100      0.09917000     -0.02159900      0.01782800      0.23142900      0.04443800      0.02971300     -0.02739400     -0.69573000     -0.40467500      0.59346100      0.68089300     -0.63469800      0.36543400      0.22878700      0.65832700      0.71712000     -0.00786800      0.00945000     -0.00863900     -0.02147400     -0.05622900     -0.11381500      0.06355900      0.07022700      0.01794500     -0.06122100     -0.46440300      0.21322100     -0.85957300     -0.58877200     -0.79937000      0.11980900     -0.66157200      0.56173200      0.49676800     -0.00642600      0.00724900     -0.00302700      0.30406700     -0.73553400     -0.54310300     -0.19629400
     0.11537600     -0.01616200      0.37168100     -0.42823900      0.23499500     -0.87260200     -0.64741200     -0.75343100      0.11476200     -0.62995200      0.61378300      0.47587600      0.00059500      0.01084500     -0.00883100     -0.18964500     -0.86383100     -0.37396800      0.06534100     -0.14842200      0.02129900      0.31551700      0.66505300      0.46427800      0.58492800     -0.73766400      0.52993100      0.41828200     -0.11659800     -0.71023500      0.69414300     -0.01595300      0.02136500     -0.01509200      0.00980200     -0.18531200      0.16714500      0.27314600      0.04420100      0.02996500     -0.02758700     -0.69394000     -0.41802400      0.58626000      0.68814700     -0.62464600      0.36914600      0.21189300      0.65959900      0.72113000     -0.01470900      0.01023000     -0.00722600     -0.15577100     -0.64805200      0.55852000      0.11744500      0.07017100      0.01807200     -0.06131000     -0.46153100      0.19844000     -0.86464400     -0.58254000     -0.80286800      0.12668600     -0.66905600      0.56216000      0.48614700     -0.00639800      0.01141600     -0.00843100     -0.19533200     -1.01188400     -0.45422900     -0.15743100
     0.11517700     -0.01554600      0.37108400     -0.42499800      0.19901200     -0.88307200     -0.62689500     -0.76841900      0.12847500     -0.65248000      0.60794400      0.45243800      0.00062500      0.01911300     -0.01967600     -0.17165700     -0.93977800     -0.38718300      0.10433300     -0.14951700      0.02210500      0.31503500      0.65124300      0.49860100      0.57207600     -0.75468000      0.50376200      0.42025600     -0.07945900     -0.70604200      0.70360100     -0.02831400      0.01111500     -0.00505300      0.33748900     -0.32446600     -0.31163300      0.33996600      0.04365800      0.03037500     -0.02783000     -0.68502300     -0.45139200      0.57182800      0.70725900     -0.60029700      0.37339900      0.17471700      0.66021800      0.73046900     -0.01479000      0.01173900     -0.00587800      0.38947500     -0.37860400     -0.35722100      0.21917500      0.07007600      0.01836800     -0.06159900     -0.45594300      0.16337100     -0.87488500     -0.56068700     -0.81614000      0.13979900     -0.69119100      0.55427700      0.46371400      0.00023600      0.00917700     -0.01013400     -0.11493500     -0.71262200     -0.28046000     -0.09652400
     0.11500400     -0.01484300      0.37032100     -0.42438500      0.15607100     -0.89195600     -0.60057600     -0.78569300      0.14821200     -0.67715100      0.59838900      0.42828200     -0.01343400      0.01990100     -0.01914200     -0.12567800     -0.79201100     -0.59321100      0.13173100     -0.15086900      0.02270800      0.31486800      0.63951200      0.53409500      0.55295500     -0.76755200      0.48264300      0.42172700     -0.04243200     -0.69478400      0.71787000     -0.04196100      0.01381600     -0.00129300     -0.59682100     -1.01273000     -1.46919700      0.38633100      0.04298700      0.03067400     -0.02791600     -0.67838900     -0.48658000      0.55047800      0.72154900     -0.58238300      0.37442700      0.13840100      0.65120500      0.74617400     -0.02110100      0.00700400     -0.00062000     -2.59871300     -2.79498000     -4.32522100      0.30131000      0.06999000      0.01872600     -0.06198800     -0.45136400      0.11928900     -0.88433000     -0.53270500     -0.83107900      0.15978800     -0.71588700      0.54321000      0.43866500      0.00012700      0.00865000     -0.01054200     -0.03028900     -0.97684600     -0.45652500     -0.04819000
     0.11478300     -0.01406100      0.36938700     -0.42319500      0.10372600     -0.90010700     -0.56775900     -0.80454200      0.17416700     -0.70558800      0.58461800      0.40049200     -0.00025400      0.01512800     -0.02278600      4.72998200     -2.03316000     -2.77935600      0.14343100     -0.15239000      0.02333900      0.31479500      0.64562100      0.56515800      0.51357700     -0.76341900      0.49052000      0.42013600     -0.01528000     -0.66402700      0.74746100     -0.04190800      0.01476600     -0.00051200      0.01043200     -2.95874900      1.18879400      0.39228200      0.04222700      0.03099300     -0.02795000     -0.68733900     -0.51420400      0.51298900      0.71795800     -0.58794600      0.37263200      0.11000200      0.62443000      0.77329500     -0.02154700      0.01313500     -0.00397600      0.59774500     -0.77751400     -0.10723300      0.33331500      0.06987500      0.01912000     -0.06245200     -0.44618600      0.07034000     -0.89217100     -0.50294200     -0.84429700      0.18496200     -0.74024700      0.53123800      0.41209000     -0.00673300      0.01384200     -0.01517500     -0.14629100     -0.45497300     -0.68021700     -0.02288000
     0.11468500     -0.01358100      0.36881500     -0.41987400      0.08644100     -0.90348200     -0.56520200     -0.80376000      0.18570700     -0.70961500      0.58851200      0.38746200      0.00027100      0.02559200     -0.03187800     -0.08400800     -0.61827000     -0.47116300      0.15286100     -0.15316700      0.02375500      0.31476200      0.64336300      0.58235800      0.49692500     -0.76544900      0.49286500      0.41364900     -0.00482500     -0.64722300      0.76219500     -0.04200400      0.01748300      0.00186300     -0.19089500     -2.86404500      1.46321200      0.40225100      0.04183800      0.03119700     -0.02797000     -0.68667800     -0.53239200      0.49500600      0.72026200     -0.59048500      0.36407200      0.09846500      0.60653400      0.78893500     -0.02161000      0.01478700     -0.00252700      0.87798000     -1.09254400     -0.13779100      0.34294900      0.06982500      0.01935500     -0.06273600     -0.44076400      0.04879000     -0.89629500     -0.49531200     -0.84596000      0.19752600     -0.74859300      0.53100800      0.39703500     -0.00668200      0.01403400     -0.01501800     -0.12176100     -0.75388800     -0.53093100     -0.01161300
     0.11438500     -0.01242400      0.36752600     -0.41006900      0.04445600     -0.91099500     -0.55486900     -0.80486800      0.21042900     -0.72337300      0.59171500      0.35585500     -0.01294600      0.03810800     -0.03942500     -0.17947500     -1.06999800     -0.70284600      0.19570300     -0.15470900      0.02465500      0.31481800      0.63162200      0.62471000      0.45911100     -0.77501700      0.49691900      0.39032500      0.01491300     -0.60313700      0.79741200     -0.04193200      0.01902600      0.00313700      0.80975800     -1.06506100     -0.14787000      0.41188200      0.04107800      0.03164200     -0.02794000     -0.68211500     -0.57348800      0.45368400      0.72756900     -0.59439400      0.34254500      0.07322100      0.56374200      0.82269800     -0.02099200      0.00999500      0.00202600      0.62106500     -0.89635500     -0.03840700      0.36303400      0.06968400      0.01991700     -0.06336700     -0.42922300      0.01067800     -0.90313400     -0.48461900     -0.84652500      0.22031100     -0.76217500      0.53223900      0.36852200     -0.00669800      0.01389100     -0.01511200     -0.16450800     -0.83974600     -0.61156500      0.02529100
     0.11395800     -0.01116600      0.36621300     -0.40270500      0.00225100     -0.91535100     -0.53474200     -0.81218100      0.23320300     -0.74241300      0.58338200      0.32941600     -0.01277600      0.03869300     -0.03891400     -0.09707900     -0.75157500     -0.55501100      0.26461600     -0.15625600      0.02546100      0.31494800      0.61921500      0.66450200      0.41833200     -0.78452400      0.50289100      0.36270800      0.02987400     -0.55361900      0.83215200     -0.04074200      0.00932900      0.01211000      1.04758800     -1.48738000      0.02709700      0.39828200      0.04027800      0.03205900     -0.02787400     -0.67557600     -0.61283500      0.40991400      0.73534000     -0.60045400      0.31421000      0.05357600      0.51369900      0.85629500     -0.02037300      0.00469200      0.00610600      0.99705000     -1.45482500      0.03729300      0.36107400      0.06946100      0.02056900     -0.06405000     -0.41722000     -0.03362200     -0.90818200     -0.46337400     -0.85179000      0.24440900     -0.78179900      0.52280100      0.33980500     -0.00635100      0.01939600     -0.01941500     -0.11604500     -0.79301400     -0.57274800      0.10905900
     0.11377800     -0.01052100      0.36553900     -0.39818800     -0.02306900     -0.91703900     -0.52205600     -0.81629800      0.24716000     -0.75379000      0.57718600      0.31414100      0.00048100      0.02638300     -0.03116400     -0.16060300     -0.84602600     -0.59156900      0.29302200     -0.15711500      0.02581100      0.31511300      0.61643200      0.67856200      0.39944400     -0.78651000      0.50791500      0.35122200      0.03467400     -0.53152300      0.84625300     -0.04187400      0.02284700      0.00633500      0.78425500     -1.09285400      0.11362900      0.39208100      0.03986400      0.03222400     -0.02779500     -0.67413500     -0.62694400      0.39048900      0.73711200     -0.60467800      0.30170900      0.04696500      0.49122700      0.86976300     -0.02705500      0.00493100      0.00693300      0.97506100     -1.23401400     -0.07868200      0.35307300      0.06937600      0.02087200     -0.06436500     -0.41156200     -0.05671000     -0.90961500     -0.45032300     -0.85506000      0.25706100     -0.79235400      0.51541700      0.32637200     -0.00659600      0.01425800     -0.01479400     -0.05186000     -0.51972600     -0.47003100      0.15086200
     0.11349100     -0.00943000      0.36434500     -0.38450000     -0.07165800     -0.92036400     -0.49823400     -0.82319500      0.27218200     -0.77667200      0.56329700      0.28196500     -0.01329200      0.02814900     -0.02985700     -0.17378100     -0.90979300     -0.63400900      0.32126600     -0.15911600      0.02629300      0.31573900      0.61434200      0.69803000      0.36787200     -0.78796300      0.51967000      0.33013700      0.03850800     -0.49356400      0.86877800     -0.05400000      0.01199300      0.01549000      0.64188700     -0.79852100     -0.03592700      0.39762600      0.03886900      0.03247200     -0.02748300     -0.67507500     -0.64497400      0.35816400      0.73669400     -0.61528500      0.28054400      0.03943000      0.45324600      0.89051200     -0.03371000      0.00624700      0.00862900      0.67843300     -0.89872800      0.05028600      0.34964400      0.06923300      0.02142800     -0.06497300     -0.39375800     -0.10477900     -0.91322200     -0.42551500     -0.85984900      0.28212600     -0.81479500      0.49967900      0.29398700      0.00013700      0.01260200     -0.01603000     -0.15695600     -1.00055600     -0.68060700      0.21176900
     0.11319300     -0.00846300      0.36322200     -0.36823600     -0.11162000     -0.92303200     -0.49047800     -0.82006400      0.29478400     -0.78939800      0.56141200      0.24838200     -0.01320400      0.02844400     -0.02959600     -0.22494200     -1.13590600     -0.52735100      0.34403900     -0.16130600      0.02651700      0.31653400      0.60756300      0.71386100      0.34822500     -0.79325000      0.52435300      0.30942400      0.03753700     -0.46512200      0.88437300     -0.06611000      0.00034100      0.02389500      1.00373000     -0.08324400     -0.62677300      0.39658500      0.03779800      0.03258800     -0.02709700     -0.67208400     -0.65999900      0.33571400      0.73964000     -0.61988800      0.26205100      0.03515200      0.42442800      0.90477800     -0.02640500      0.00034600      0.01152000      0.38951600     -0.52882000     -0.03512400      0.35160400      0.06908400      0.02190900     -0.06553500     -0.37504700     -0.14257700     -0.91597400     -0.41753400     -0.85621500      0.30423500     -0.82764900      0.49655300      0.26159100     -0.00667900      0.01380400     -0.01512600     -0.08727200     -0.59752100     -0.51518100      0.24981600
     0.11293500     -0.00758600      0.36218600     -0.35338900     -0.14515900     -0.92417000     -0.47869700     -0.82069600      0.31189600     -0.80330500      0.55279500      0.22169100     -0.01394800      0.01708300     -0.02125900      0.36904500     -0.67771600     -0.39165600      0.36273400     -0.16347000      0.02654300      0.31751600      0.60009100      0.72724300      0.33316800     -0.79911800      0.52751400      0.28822500      0.03311200     -0.44011800      0.89725300     -0.05272100      0.00374200      0.02539900      0.61676600     -0.60224500     -0.35113500      0.40543300      0.03669100      0.03259800     -0.02660000     -0.66544900     -0.67357600      0.32166900      0.74538500     -0.62256900      0.23834400      0.03971800      0.39837400      0.91636200     -0.03304000      0.00166100      0.01315600      0.65941800     -0.63774500     -0.43728600      0.35682900      0.06895500      0.02235500     -0.06605500     -0.35608600     -0.17689800     -0.91755600     -0.40603100     -0.85508900      0.32242800     -0.84162900      0.48736900      0.23265900      0.00024800      0.01307300     -0.01561500      1.47145400     -1.04934200     -0.81449000      0.27969800
     0.11282300     -0.00719900      0.36169900     -0.34450300     -0.16273000     -0.92459800     -0.47331600     -0.82042600      0.32069500     -0.81032900      0.54830600      0.20677100     -0.01324900      0.02813700     -0.02980500     -0.07993100     -0.63086600     -0.27978500      0.37140800     -0.16458900      0.02655800      0.31815400      0.59475400      0.73561200      0.32424200     -0.80318100      0.52792000      0.27592300      0.03105900     -0.42545900      0.90436900     -0.05173700     -0.00413300      0.03588900      0.70548000     -0.70533800     -0.42320500      0.41133400      0.03615600      0.03260300     -0.02629900     -0.66167600     -0.68147400      0.31269300      0.74870400     -0.62295100      0.22665700      0.04033200      0.38408800      0.92241400     -0.02589700     -0.00196300      0.01807500      0.42734200     -0.48053800     -0.24290900      0.36254400      0.06889900      0.02253700     -0.06628800     -0.34649300     -0.19287300     -0.91800900     -0.40003300     -0.85480300      0.33058100     -0.84847800      0.48177800      0.21902800     -0.00007600      0.00762600     -0.01127900     -0.24235500     -0.86143000     -0.63745200      0.29210800
     0.11267200     -0.00665000      0.36092500     -0.32722200     -0.19402000     -0.92483900     -0.45845900     -0.82320200      0.33485000     -0.82589700      0.53381000      0.18157400     -0.00007500      0.01576600     -0.02215400      0.28477500     -0.97420500     -0.48177300      0.38568500     -0.16651400      0.02655900      0.31957600      0.58402300      0.75175300      0.30622700     -0.81117700      0.52787400      0.25154500      0.02672500     -0.39626100      0.91767400     -0.05166500      0.00039900      0.03948700      0.49114200     -0.52682200     -0.27750700      0.41376800      0.03515000      0.03260400     -0.02556400     -0.65243100     -0.69927800      0.29213600      0.75666600     -0.62258900      0.19959600      0.04230800      0.35127300      0.93531600     -0.02586500      0.00042600      0.01997100      0.46365200     -0.50998900     -0.27262100      0.37119800      0.06881800      0.02282100     -0.06668600     -0.32747800     -0.22166600     -0.91848800     -0.38501700     -0.85641800      0.34396000     -0.86285500      0.46627400      0.19511300     -0.00023000      0.00295300     -0.00631100      1.31752100     -1.45440100     -0.73135100      0.31660100
     0.11253900     -0.00633900      0.36033800     -0.31441900     -0.21523800     -0.92458500     -0.44881400     -0.82452900      0.34451400     -0.83611500      0.52355300      0.16380000     -0.00061600      0.00538600     -0.01307600     -0.10929900     -0.49350400     -0.22599700      0.39139500     -0.16815900      0.02627500      0.32143800      0.56731400      0.77280200      0.28447100     -0.82304000      0.52189800      0.22396800      0.02391400     -0.36216700      0.93173300     -0.03645400     -0.01844700      0.05663800      0.55276800     -0.72335300     -0.19014600      0.42012800      0.03432800      0.03246300     -0.02463100     -0.63887800     -0.72069600      0.26912900      0.76817300     -0.61661400      0.17232300      0.04175600      0.31683100      0.94756100     -0.01826500     -0.00900600      0.02853600      0.57841200     -0.74003500     -0.19676200      0.37658700      0.06875200      0.02298000     -0.06698400     -0.31233200     -0.24272700     -0.91843900     -0.37468800     -0.85695100      0.35389700     -0.87295800      0.45466200      0.17670600     -0.00725200      0.00323900     -0.00617400     -0.17721800     -0.65002100     -0.37446400      0.33097100
     0.11246100     -0.00625600      0.36009100     -0.31147100     -0.22025600     -0.92440200     -0.44872500     -0.82339600      0.34732700     -0.83726900      0.52325400      0.15878300     -0.00069600      0.00504700     -0.01335100     -0.02222100     -0.19993700     -0.07685400      0.39197700     -0.16887900      0.02593300      0.32259700      0.56029300      0.78238500      0.27191300     -0.82791700      0.52053600      0.20863800      0.02100000     -0.34301000      0.93902400     -0.02229200     -0.02653700      0.06579200      0.73581100     -0.80926100     -0.45724000      0.42474800      0.03397600      0.03230100     -0.02407800     -0.63393200     -0.72942700      0.25703100      0.77221700     -0.61527100      0.15849400      0.04253400      0.29895900      0.95331700     -0.01826500     -0.00785100      0.02943000      0.93667200     -1.02710000     -0.43027400      0.38181200      0.06871300      0.02302300     -0.06710700     -0.30828000     -0.24840300     -0.91829100     -0.37475400     -0.85553500      0.35723600     -0.87436900      0.45426200      0.17065500     -0.00045700      0.00201500     -0.00708200     -0.02036400     -0.18467400     -0.10129900      0.33440000
     0.11225200     -0.00627000      0.35973900     -0.30899000     -0.22488100     -0.92412100     -0.44337400     -0.82554900      0.34908400     -0.84103100      0.51787100      0.15653300     -0.00087200      0.00429900     -0.01396000      0.03428200     -0.00276900     -0.00872600      0.38864300     -0.17023200      0.02491400      0.32512500      0.53661700      0.80776300      0.24403500     -0.84352100      0.50711900      0.17674100      0.01834500     -0.30171300      0.95315100     -0.02225400     -0.02636800      0.06576100      0.92965900     -1.05678300     -0.39556400      0.42865900      0.03329100      0.03178600     -0.02278500     -0.61387200     -0.75610200      0.22686800      0.78833200     -0.60215000      0.12627700      0.04113100      0.25636500      0.96570300     -0.01117100     -0.01315200      0.03293500      0.86478000     -1.01320500     -0.38590500      0.39046700      0.06860800      0.02301800     -0.06728700     -0.30567200     -0.25247200     -0.91805300     -0.36909200     -0.85739000      0.35868100     -0.87768700      0.44848500      0.16889400     -0.00042400      0.00216700     -0.00696300      0.03494600      0.00745200     -0.00349400      0.33440000
     0.11204600     -0.00647000      0.35957700     -0.30948400     -0.22520100     -0.92387700     -0.44321400     -0.82541200      0.34961100     -0.84093400      0.51795100      0.15679300     -0.00112000     -0.00478900     -0.00385900     -0.00000000     -0.00000000     -0.00000000      0.38001200     -0.17134300      0.02373300      0.32794200      0.50528200      0.83681500      0.21076200     -0.86267300      0.48479000      0.14390100      0.01761800     -0.25559000      0.96655400     -0.02223200     -0.02294700      0.06836800      0.84661200     -0.97212700     -0.31956500      0.43463200      0.03275200      0.03121500     -0.02143200     -0.58679700     -0.78654800      0.19237900      0.80887300     -0.58033700      0.09450600      0.03731100      0.21106600      0.97675900     -0.01777700     -0.01183100      0.03447200      0.75268800     -0.88710600     -0.29994800      0.39650800      0.06851100      0.02291900     -0.06736800     -0.30618700     -0.25269400     -0.91782000     -0.36903100     -0.85723100      0.35912200     -0.87753300      0.44866300      0.16922100     -0.00058800     -0.00253000     -0.00203300      0.00291400     -0.09062300      0.17692300      0.32933800
     0.11188500     -0.00663000      0.35948500     -0.30910000     -0.22494800     -0.92406700     -0.44340700     -0.82547800      0.34921000     -0.84097400      0.51795500      0.15656500     -0.00074500     -0.00317900     -0.00256600      0.00529900     -0.09173300      0.17639500      0.37602500     -0.17214600      0.02260800      0.33077200      0.47559400      0.86073700      0.18147800     -0.87954900      0.46369300      0.10637500      0.00682400     -0.21130200      0.97732700     -0.02219200     -0.02282500      0.06827200      0.80579300     -0.91871500     -0.31682700      0.43845700      0.03235100      0.03065700     -0.02001300     -0.56059600     -0.81228000      0.16103600      0.82693900     -0.55937400      0.05719300      0.04362200      0.16522900      0.98528900     -0.01072500     -0.01650000      0.03853400      0.58047400     -0.80220700     -0.71670600      0.40483600      0.06842500      0.02283700     -0.06741500     -0.30597800     -0.25248100     -0.91794900     -0.36925600     -0.85724200      0.35886600     -0.87751200      0.44876300      0.16906700     -0.00717100     -0.00031300     -0.00033400     -0.00264200      0.01538000     -0.02924200      0.32035700
     0.11182900     -0.00667600      0.35942200     -0.30762700     -0.22670100     -0.92413000     -0.43850800     -0.82815000      0.34907000     -0.84407700      0.51290000      0.15650500     -0.00083300     -0.00355200     -0.00286800      0.00010100     -0.00003800     -0.00001700      0.37791500     -0.17255300      0.02204000      0.33215500      0.46167300      0.86985700      0.17378000     -0.88695700      0.45375300      0.08573000     -0.00485000     -0.19481800      0.98075800     -0.02132600     -0.03421800      0.07597200      2.29534400      1.26006500     -0.60815600      0.44029800      0.03213100      0.03035300     -0.01926700     -0.54783200     -0.82290700      0.15067200      0.83492200     -0.54915800      0.03644500      0.05275200      0.14576500      0.98791100     -0.01071500     -0.01716200      0.03797700      2.18404200      1.31960100     -0.58820200      0.40761200      0.06839700      0.02281500     -0.06744600     -0.30428000     -0.25404000     -0.91808200     -0.36420100     -0.85953500      0.35854700     -0.88021000      0.44346500      0.16901700     -0.00047700     -0.00203900     -0.00164300      0.00340400     -0.07780700      0.15125100      0.32003100
     0.11177800     -0.00676700      0.35926900     -0.30734400     -0.22655400     -0.92426000     -0.43845800     -0.82830000      0.34877500     -0.84420600      0.51272200      0.15639300     -0.00076900     -0.00327400     -0.00264800     -0.00000000     -0.00000000     -0.00000000      0.38161100     -0.17330600      0.02071800      0.33517000      0.42420600      0.89067000      0.16354800     -0.90516800      0.42196100      0.05053300     -0.02452300     -0.17060400      0.98496500     -0.02130200     -0.03304700      0.07676600      0.42406400     -0.62555700      0.10887800      0.44043800      0.03177000      0.02972000     -0.01782100     -0.51195000     -0.84767500      0.13911400      0.85606900     -0.51685900      0.00097700      0.07107400      0.11959200      0.99027500     -0.00410500     -0.01650900      0.03790100      1.14216700     -0.16507700     -0.22864500      0.41087800      0.06837100      0.02277000     -0.06752200     -0.30402700     -0.25385300     -0.91821800     -0.36419100     -0.85966300      0.35825000     -0.88030200      0.44332500      0.16890900     -0.00043700     -0.00187100     -0.00151300     -0.00181900      0.01371300     -0.02534600      0.32297000
     0.11175700     -0.00687000      0.35912000     -0.30725200     -0.22652200     -0.92429900     -0.43837100     -0.82838600      0.34868100     -0.84428500      0.51259700      0.15637600     -0.00083100     -0.00353700     -0.00286400     -0.00076600      0.01330100     -0.02555500      0.37557500     -0.17387300      0.01939800      0.33812900      0.40585200      0.90151900      0.15013300     -0.91285900      0.40768300      0.02042500     -0.04329000     -0.14648400      0.98819600     -0.02128900     -0.03444300      0.07557200      2.01998100      1.54000400     -0.25877500      0.43424500      0.03148200      0.02905900     -0.01633400     -0.49638100     -0.85931400      0.12322500      0.86403500     -0.50278000     -0.02560300      0.08395600      0.09376200      0.99204700     -0.00410300     -0.01683900      0.03758500      0.22259500     -0.65028700     -0.27894300      0.40597900      0.06836200      0.02272000     -0.06759500     -0.30393200     -0.25379100     -0.91826700     -0.36413600     -0.85973400      0.35813600     -0.88035700      0.44322400      0.16888600     -0.00035600     -0.00151600     -0.00122600      0.00457600     -0.09151700      0.17649100      0.32199000
     0.11173700     -0.00690000      0.35907000     -0.30735800     -0.22660100     -0.92424400     -0.43829100     -0.82838100      0.34879400     -0.84428900      0.51257100      0.15644600     -0.00052700     -0.00224200     -0.00181600     -0.00000000     -0.00000000     -0.00000000      0.37159500     -0.17405800      0.01876700      0.33950300      0.39714800      0.90662900      0.14244000     -0.91640900      0.40004500      0.00963800     -0.04872900     -0.13551200      0.98950800     -0.00809600     -0.03527600      0.07385500      0.30577600     -0.59620200      0.19943900      0.43657700      0.03138100      0.02873300     -0.01561700     -0.48745700     -0.86543400      0.11579300      0.86831300     -0.49441100     -0.03985700      0.09174300      0.08111600      0.99247300     -0.00450900     -0.01173400      0.03315700      0.41829400     -0.66840200      0.19473800      0.40500000      0.06835000      0.02270100     -0.06762400     -0.30404900     -0.25388600     -0.91820200     -0.36406100     -0.85971100      0.35826600     -0.88034800      0.44321200      0.16896400     -0.00025400     -0.00108400     -0.00087600     -0.00058400      0.00022800      0.00011100      0.31807100
     0.11172900     -0.00694900      0.35896400     -0.30713100     -0.22648300     -0.92434800     -0.43824700     -0.82850400      0.34855700     -0.84439400      0.51242400      0.15635800     -0.00057300     -0.00244000     -0.00197800     -0.00076500      0.01330500     -0.02555300      0.36406800     -0.17436000      0.01764600      0.34231200      0.37221400      0.91880200      0.13134400     -0.92597500      0.37724000     -0.01395700     -0.06282400     -0.11759300      0.99100400     -0.00889200     -0.02227900      0.06705100      0.48096600     -0.58839900     -0.01156700      0.43579700      0.03123400      0.02817100     -0.01423900     -0.46476500     -0.87921900      0.10471800      0.87943800     -0.47211800     -0.06076800      0.10286700      0.06385000      0.99264300     -0.00449800     -0.01081600      0.03379500      0.14085900     -0.31102000      0.12719100      0.40663200      0.06834700      0.02267900     -0.06767400     -0.30382400     -0.25373200     -0.91831900     -0.36403400     -0.85982900      0.35801100     -0.88043700      0.44307200      0.16886900      0.00012700      0.00454800     -0.00505600      0.03472800     -0.01568200      0.01701300      0.30941700
     0.11170200     -0.00697200      0.35884100     -0.30712800     -0.22652600     -0.92433900     -0.43806100     -0.82860100      0.34856000     -0.84449100      0.51224700      0.15640800     -0.00059400     -0.00252800     -0.00205100     -0.00000000     -0.00000000     -0.00000000      0.36290500     -0.17455800      0.01709000      0.34481200      0.34226300      0.93136300      0.12414200     -0.93706900      0.34803300     -0.02663100     -0.06842300     -0.10839700      0.99168200     -0.00965000     -0.00623600      0.06237800      0.13015000     -0.45056400     -1.51585200      0.43677500      0.03112800      0.02787100     -0.01294300     -0.43700900     -0.89441100      0.09513900      0.89299800     -0.44409000     -0.07305300      0.10759000      0.05303400      0.99277900     -0.00487100     -0.00291200      0.03134100      0.22744700     -0.53477800     -1.54459600      0.40712200      0.06833400      0.02266800     -0.06773500     -0.30383600     -0.25378200     -0.91830100     -0.36384800     -0.85990100      0.35802800     -0.88051000      0.44290400      0.16893100     -0.00034000     -0.00145900     -0.00118400     -0.00103500      0.01340500     -0.02549700      0.30419100
     0.11169400     -0.00695600      0.35874900     -0.30700500     -0.22649100     -0.92438900     -0.43791300     -0.82873200      0.34843500     -0.84461300      0.51205100      0.15639500     -0.00066500     -0.00282900     -0.00229600     -0.00076300      0.01331600     -0.02554700      0.36398200     -0.17460600      0.01710000      0.34597800      0.33323600      0.93505500      0.12090700     -0.94048000      0.33871800     -0.02649400     -0.06612900     -0.10606800      0.99208900     -0.00961200     -0.00299500      0.06462300     -0.15773900     -0.02866100     -0.49052500      0.43484400      0.03110400      0.02787300     -0.01236200     -0.42772800     -0.89936400      0.09051000      0.89769700     -0.43437100     -0.07389100      0.10577000      0.04964500      0.99315000     -0.00485200     -0.00129700      0.03247700     -0.22702600      0.01322600     -0.47733400      0.40614300      0.06833000      0.02267700     -0.06778100     -0.30370200     -0.25372500     -0.91836100     -0.36370200     -0.86002300      0.35788300     -0.88061600      0.44270000      0.16891100     -0.00019700     -0.00085300     -0.00069400     -0.00022500      0.00008200      0.00003400      0.30337500
     0.11168900     -0.00683400      0.35853300     -0.30679800     -0.22649200     -0.92445700     -0.43741900     -0.82907800      0.34823200     -0.84494400      0.51149000      0.15644100      0.00017400      0.00877300     -0.01037200      0.03511500     -0.01587100      0.01693100      0.36870100     -0.17473400      0.01747800      0.34828000      0.32138500      0.93940200      0.11927500     -0.94484000      0.32650000     -0.02466900     -0.06250600     -0.10596000      0.99233500     -0.01035900      0.01145400      0.05842900     -0.11319600      0.07458400     -0.13113800      0.43021900      0.03104300      0.02805200     -0.01124900     -0.41670700     -0.90472000      0.08852400      0.90330600     -0.42303100     -0.07128600      0.10194200      0.05025900      0.99351900      0.00133200      0.00657500      0.02935400     -0.11420000     -0.03225100      0.07770100      0.40059100      0.06832700      0.02273200     -0.06788700     -0.30353000     -0.25372500     -0.91841800     -0.36320600     -0.86030600      0.35770700     -0.88088000      0.44215000      0.16897500     -0.00022200     -0.00096200     -0.00078100     -0.00090400      0.01340000     -0.02549800      0.30582400
     0.11167900     -0.00669900      0.35835400     -0.30657400     -0.22647100     -0.92453700     -0.43697700     -0.82940500      0.34801000     -0.84525500      0.51097000      0.15646500     -0.00022200     -0.00094400     -0.00076700      0.00000000      0.00000000      0.00000000      0.37374900     -0.17477300      0.01818300      0.35039000      0.31211700      0.94198800      0.12342200     -0.94826100      0.31681500     -0.01906300     -0.05743500     -0.11228100      0.99194700      0.00191500      0.02284700      0.04890400     -0.07834200      0.06416100     -0.10788700      0.43024800      0.03101900      0.02840600     -0.01018600     -0.40797900     -0.90831000      0.09232600      0.90777900     -0.41436000     -0.06512800      0.09741300      0.05724100      0.99359500     -0.00519600      0.00620300      0.02932600     -0.10833100      0.07139000     -0.12658200      0.39814100      0.06832200      0.02279900     -0.06797700     -0.30331200     -0.25368500     -0.91850100     -0.36274700     -0.86059400      0.35747900     -0.88114400      0.44161100      0.16900500     -0.00015400     -0.00066600     -0.00054000     -0.00009600      0.00004900      0.00002700      0.31072300
     0.11165400     -0.00662400      0.35821800     -0.30649500     -0.22650500     -0.92455500     -0.43665100     -0.82960600      0.34793800     -0.84545200      0.51062700      0.15652100     -0.00023100     -0.00098200     -0.00079900      0.00000000      0.00000000      0.00000000      0.37656200     -0.17492800      0.01905300      0.35224100      0.30724100      0.94294400      0.12826100     -0.95006000      0.31163100     -0.01433800     -0.05386000     -0.11864600      0.99140600      0.00108600      0.03064300      0.03782400     -0.06271300      0.06686600     -0.08034100      0.42940700      0.03094700      0.02884500     -0.00925200     -0.40327000     -0.90991500      0.09708800      0.91020100     -0.40979700     -0.05998700      0.09436900      0.06417900      0.99346500      0.00051400      0.01581800      0.01927400     -0.04058000      0.03889800     -0.05231600      0.39748800      0.06831000      0.02284100     -0.06804800     -0.30321700     -0.25370500     -0.91852700     -0.36239100     -0.86078300      0.35738500     -0.88132400      0.44123100      0.16906300      0.00013200      0.00456700     -0.00503700      0.03504000     -0.01587100      0.01693400      0.31496900
     0.11164300     -0.00658700      0.35815600     -0.30645500     -0.22651800     -0.92456400     -0.43650000     -0.82970100      0.34790100     -0.84554400      0.51046700      0.15654500     -0.00027500     -0.00117000     -0.00095100      0.00000000      0.00000000      0.00000000      0.37764200     -0.17497200      0.01955400      0.35299800      0.30496700      0.94350300      0.12956900     -0.95082500      0.30932400     -0.01360900     -0.05328600     -0.12024400      0.99124500      0.00108000      0.03035000      0.03741000     -0.04020400      0.03863100     -0.06511400      0.42765900      0.03092100      0.02910100     -0.00885600     -0.40086300     -0.91085000      0.09828100      0.91129100     -0.40746100     -0.05935300      0.09410800      0.06576900      0.99338600      0.00050600      0.01441400      0.01817600     -0.03467600      0.04834800     -0.08849400      0.39650800      0.06830400      0.02285900     -0.06807900     -0.30317700     -0.25371600     -0.91853700     -0.36223400     -0.86086500      0.35734600     -0.88140200      0.44106500      0.16908900      0.00012900      0.00455100     -0.00505100      0.03505300     -0.01588200      0.01694200      0.31627500
