     0.10478000      0.00619400      0.34272500      0.06314900      0.39211400     -0.91777100     -0.95003800     -0.25797000     -0.17564400     -0.30571700      0.88252300      0.35737500      0.02389900      0.01433400     -0.05792800      0.10137100     -0.72426300     -0.13369200     -1.91512900     -0.18268900      0.04787500      0.30663500      0.29407500     -0.09984900      0.95054800     -0.37995500      0.90029000      0.21223800     -0.87729800     -0.42345600      0.22560000     -0.05376000      0.02115700     -0.02878900     -0.04642600      0.00486200     -0.12587300      0.34176000      0.02793300      0.04628900     -0.02333400     -0.26689000      0.10486400      0.95800400      0.19244700     -0.96824100      0.15959800      0.94431600      0.22696000      0.23823300     -0.02011300      0.00476100     -0.01132400     -1.56663800     -0.33635200     -0.46654600      0.33723400      0.06666800      0.02756000     -0.07142700     -0.01980800      0.45361400     -0.89097700     -0.87866100     -0.43309100     -0.20096100     -0.47703300      0.77888700      0.40715200      0.01920100      0.01159500     -0.03390300      0.60869700     -0.11136400     -0.14639700     -0.90317900
     0.10582000      0.00690200      0.34043100      0.05299200      0.37833600     -0.92417400     -0.93483500     -0.30653000     -0.17914700     -0.35113900      0.87297500      0.33858900      0.02524000      0.02731300     -0.06469800      5.26183700      0.74088300     -1.87813600     -1.91518300     -0.18414700      0.04869200      0.30580100      0.29983500     -0.08357200      0.95031900     -0.42445100      0.88037400      0.21146100     -0.85465400     -0.46666200      0.22728000     -0.02708500      0.01910300     -0.01562300      0.06748100     -0.12549200      0.12449500      0.25928000      0.02719300      0.04669500     -0.02376400     -0.27583700      0.08992900      0.95698800      0.24049800     -0.95748800      0.15929600      0.93063000      0.27409400      0.24248300     -0.01385000      0.01593800     -0.01079400     -0.03490400     -0.04224000     -0.04507200      0.23191200      0.06719500      0.02790700     -0.07260000     -0.02453300      0.43618200     -0.89952300     -0.85690800     -0.47260400     -0.20579700     -0.51488400      0.76576000      0.38536300      0.01210300      0.00758600     -0.02868600      0.11897400     -0.27998200      0.14755200     -0.90268900
     0.10637900      0.00725100      0.33925300      0.04672100      0.37033400     -0.92774700     -0.92662800     -0.33073200     -0.17874200     -0.37309600      0.86756800      0.32886400      0.02445300      0.01637800     -0.05636600      0.23267300     -0.38399800     -0.21319400     -1.91514600     -0.18471200      0.04913400      0.30553400      0.30322600     -0.07278100      0.95013100     -0.45416800      0.86544300      0.21135900     -0.83801600     -0.49551600      0.22815600     -0.02691500      0.02306000     -0.01226200     -0.40520600     -0.23098300      0.01073400      0.20235700      0.02690600      0.04691400     -0.02390000     -0.28105400      0.08054800      0.95630500      0.27095900     -0.94926900      0.15958900      0.92064500      0.30397300      0.24497100     -0.01332800      0.01178500     -0.00601300     -5.32357600     -1.18395700     -1.32387900      0.17525000      0.06746600      0.02807900     -0.07317100     -0.03133900      0.42882700     -0.90284200     -0.84133100     -0.49898000     -0.20779900     -0.53961000      0.75307700      0.37642300      0.01900800      0.00686100     -0.02917400      1.62789000     -0.39098600     -0.84201300     -0.90171000
     0.10743800      0.00783200      0.33709700      0.02466400      0.35781900     -0.93349000     -0.89925200     -0.39993400     -0.17711600     -0.43674900      0.84336600      0.31306700      0.02431100      0.01575100     -0.05703100      5.32488400      0.67776800     -1.61659000     -1.91653700     -0.18537600      0.05002000      0.30518200      0.31043300     -0.04387100      0.94957800     -0.53170200      0.81997300      0.21182600     -0.78828000     -0.57059100      0.23000700     -0.00108200      0.02788100     -0.01008400     -5.32080700     -1.23147400     -1.27477700      0.05751200      0.02655400      0.04736900     -0.02407700     -0.29360400      0.05505600      0.95433900      0.35221300     -0.92187200      0.16154200      0.88867400      0.38356100      0.25127400     -0.00692900      0.01447200     -0.00407700     -0.41330900     -0.14008700     -0.09468100      0.00379400      0.06800500      0.02837800     -0.07426800     -0.04836900      0.41098600     -0.91035700     -0.80364500     -0.55724800     -0.20887400     -0.59313900      0.72150100      0.35724000      0.01863800      0.00142500     -0.02504200      0.22172000     -0.12804200     -0.04444300     -0.89534100
     0.10855800      0.00827800      0.33490100      0.01213400      0.33545600     -0.94200200     -0.87490600     -0.45251100     -0.17247000     -0.48414500      0.82583800      0.28917400      0.02397100      0.01429200     -0.05845900      5.58525200     -0.02124400     -0.96618500     -1.91642800     -0.18502400      0.05118000      0.30494700      0.31747700     -0.01151700      0.94819200     -0.61281800      0.76049900      0.21454400     -0.72393700     -0.64916000      0.23317100      0.02468300      0.03504600     -0.00592700     -1.50586100     -0.45414100     -0.25546700     -0.04825000      0.02672100      0.04794400     -0.02419700     -0.30742800      0.02362700      0.95127700      0.44766400     -0.87856400      0.16649400      0.83969300      0.47703800      0.25951900      0.00604000      0.01693800     -0.00301800     -5.20533400     -1.24239800     -1.21894000     -0.15476100      0.06856500      0.02860300     -0.07536500     -0.05721300      0.38756400     -0.92006400     -0.76952100     -0.60425100     -0.20668000     -0.63605300      0.69618400      0.33281000      0.01159800      0.00150200     -0.02523200      0.98448500     -1.92761200      1.91864500     -0.89321900
     0.10909800      0.00846100      0.33377200      0.01310100      0.32380300     -0.94605800     -0.86222600     -0.47540900     -0.17471300     -0.50636200      0.81760100      0.27414000      0.03739200      0.01119400     -0.06093700      0.52135800     -0.86612400      0.68433100     -1.91666200     -0.18448100      0.05184100      0.30490800      0.31447700      0.00544700      0.94924500     -0.65211500      0.72783400      0.21198500     -0.69010300     -0.68567900      0.23122700      0.03750800      0.03978900     -0.00290200     -0.39906800      0.31334300     -0.59074400     -0.09333600      0.02700200      0.04828500     -0.02422000     -0.30829100      0.00600000      0.95127200      0.49400400     -0.85356500      0.16548200      0.81296700      0.52095000      0.26018200      0.01875200      0.02032800     -0.00108600     -0.39052600      0.36982000     -0.65798500     -0.21664800      0.06883000      0.02869600     -0.07592800     -0.05569200      0.37561400     -0.92510100     -0.74893200     -0.62846100     -0.21008500     -0.66030100      0.68113800      0.31631000      0.01185000      0.00641000     -0.02993800      1.47049200     -1.77961700      2.09499000     -0.89027900
     0.11020700      0.00890600      0.33144200      0.00879700      0.29870200     -0.95433000     -0.81979500     -0.54427500     -0.17796900     -0.57259700      0.78354700      0.24127400      0.02408000      0.01452700     -0.05853100      0.57036400     -0.71051400     -0.06619700     -1.91698400     -0.18287400      0.05328200      0.30500300      0.30020900      0.03688000      0.95315600     -0.73025100      0.65167500      0.20490700     -0.61393900     -0.75759200      0.22135300      0.05069500      0.03159500      0.00587900     -1.65098100     -0.18502400      0.02470000     -0.16542100      0.02776800      0.04898400     -0.02416900     -0.30037300     -0.02803000      0.95340900      0.58141800     -0.79777300      0.15972200      0.75612700      0.60230600      0.25592600      0.01899000      0.01600800      0.00358900     -0.65034900      0.51964600      0.29770100     -0.29862000      0.06937400      0.02890800     -0.07707500     -0.05432300      0.35282400     -0.93411000     -0.69443400     -0.68555900     -0.21855900     -0.71750200      0.63680500      0.28225500      0.01203000      0.00709500     -0.02939300      5.38525100      0.17740100     -1.50588700     -0.89583100
     0.11138100      0.00956000      0.32921100     -0.00195900      0.27404500     -0.96173900     -0.76597700     -0.61863200     -0.17477300     -0.64286400      0.73598500      0.21232000      0.02513800      0.01878800     -0.05486200      1.68775100     -0.61009000     -0.57285300     -1.91802600     -0.18083500      0.05453300      0.30526100      0.27676200      0.06222500      0.95891700     -0.79151200      0.58051800      0.19089500     -0.54510900     -0.81189100      0.20869200      0.06374700      0.02092500      0.01247800     -0.47910300     -0.08129100     -0.06734800     -0.25456000      0.02880100      0.04963500     -0.02403800     -0.28239800     -0.05747800      0.95757300      0.65981500     -0.73622300      0.15039500      0.69634300      0.67429300      0.24583300      0.02519200      0.01664300      0.00353900     -1.57759800     -0.32378500     -0.31558900     -0.38614300      0.06997400      0.02923300     -0.07821900     -0.05992300      0.32732100     -0.94301000     -0.62668600     -0.74766200     -0.21969300     -0.77696400      0.57780700      0.24993000      0.01249400      0.00900300     -0.02778800      5.42073500      0.01018400     -1.46504500     -0.89305500
     0.11249800      0.01048300      0.32707900     -0.00304800      0.24341800     -0.96994000     -0.72984100     -0.66356000     -0.16429000     -0.68360900      0.70709700      0.18088600      0.02628400      0.02359200     -0.05060400      1.68404300     -0.80424100     -0.63575900     -1.91818300     -0.17816800      0.05547000      0.30558800      0.25937200      0.07981200      0.96247000     -0.83569000      0.51797300      0.18237300     -0.48427500     -0.85171200      0.19981800      0.07601100      0.01881900      0.00952400     -0.14385400     -0.02782100      0.03485500     -0.28577000      0.03013000      0.05011000     -0.02386700     -0.26893200     -0.07843500      0.95995900      0.71581200     -0.68313100      0.14471800      0.64442800      0.72607000      0.23986000      0.03130000      0.01504300      0.00160100     -0.46514700      0.03026200     -0.20017000     -0.43643700      0.07053100      0.02969000     -0.07928900     -0.05514400      0.29792500     -0.95299400     -0.58226100     -0.78495500     -0.21170000     -0.81112900      0.54321800      0.21675600      0.01356200      0.01749400     -0.02925600      5.49322800      0.29245800     -1.01575400     -0.90513900
     0.11305900      0.01103600      0.32610900     -0.00403300      0.22906600     -0.97342600     -0.71743800     -0.67872500     -0.15679900     -0.69660900      0.69745300      0.16828900      0.02720600      0.02753000     -0.04704700      0.10369200     -0.79308300     -0.12281500     -1.91784000     -0.17673700      0.05585400      0.30573900      0.25392300      0.08764900      0.96324000     -0.85386500      0.48801600      0.18080300     -0.45452100     -0.86847900      0.19753000      0.07584300      0.01801700      0.00875900     -0.47951200     -0.09171900     -0.03216500     -0.32728200      0.03084600      0.05030300     -0.02379100     -0.26520500     -0.08711000      0.96024800      0.73933200     -0.65764500      0.14453300      0.61891200      0.74827400      0.23881400      0.03791800      0.00859800      0.00399200     -1.61877100     -0.31488600     -0.25597900     -0.46338000      0.07081100      0.02996300     -0.07977800     -0.05298400      0.28205500     -0.95793300     -0.56568700     -0.79899600     -0.20396900     -0.82291500      0.53108400      0.20188900      0.01360600      0.01360800     -0.02368500      0.09650000     -0.93564100     -0.24317400     -0.90350600
     0.11432000      0.01243300      0.32432400     -0.00734800      0.19993900     -0.97980400     -0.68786400     -0.71214800     -0.14021600     -0.72579900      0.67269000      0.14398300      0.02902800      0.03557400     -0.03970400     -0.04814200     -0.48501800     -0.65948800     -1.91807600     -0.17376700      0.05652000      0.30601600      0.24656700      0.09085600      0.96485300     -0.87098400      0.45721900      0.17964400     -0.42511000     -0.88476100      0.19063800      0.08815200      0.01693800      0.00662700      0.02302900      0.03839500      0.03931800     -0.43119000      0.03229700      0.05062900     -0.02365500     -0.25920400     -0.09184200      0.96144600      0.76244100     -0.63052700      0.14532100      0.59287100      0.77071400      0.23345900      0.03777900      0.00814400      0.00351400      0.08823600      1.81142900     -2.05192900     -0.55008700      0.07142900      0.03063800     -0.08065700     -0.04881500      0.25575300     -0.96550800     -0.52976000     -0.82611800     -0.19204600     -0.84674100      0.50211400      0.17581400      0.02142000      0.01695100     -0.02046600      0.10118800     -1.14768200     -0.06870200     -0.89877000
     0.11547400      0.01398900      0.32286100     -0.00303100      0.17794000     -0.98405900     -0.65995400     -0.73964200     -0.13176500     -0.75130200      0.64881100      0.12089800      0.03000100      0.04023000     -0.03540200      0.57522800     -0.69648500     -0.19276000     -1.91755700     -0.17068400      0.05722600      0.30634500      0.24695200      0.09543900      0.96431200     -0.88058000      0.43733600      0.18234500     -0.40460900     -0.89428400      0.19081300      0.08781000      0.01946500      0.00847700      0.00315000      0.00200300      0.07412500     -0.49222500      0.03386700      0.05098500     -0.02349100     -0.25993400     -0.09625500      0.96081600      0.77583200     -0.61322500      0.14845600      0.57490700      0.78402100      0.23407600      0.03761300      0.01001500      0.00494500      0.01935700     -0.13247800      0.22535100     -0.63042600      0.07201800      0.03143600     -0.08140500     -0.04192600      0.23373500     -0.97139500     -0.49762000     -0.84796600     -0.18255800     -0.86638100      0.47573200      0.15186300      0.01505500      0.02021700     -0.01762300      1.61779200     -0.31011900     -1.19684000     -0.90007700
     0.11606900      0.01474500      0.32219900      0.00306600      0.16778500     -0.98584200     -0.64964700     -0.74909500     -0.12956600     -0.76024100      0.64063400      0.10793000      0.03014800      0.04114200     -0.03454000      0.13184900     -0.82602600     -0.12232800     -1.91820100     -0.16909600      0.05762400      0.30655800      0.24743500      0.09917900      0.96381000     -0.88276300      0.43297500      0.18219300     -0.39952100     -0.89600200      0.19345500      0.07504100      0.02042700      0.01022200      0.07256000     -0.32294500      0.05287400     -0.54151400      0.03463800      0.05117500     -0.02339000     -0.26094200     -0.09872200      0.96029300      0.77882700     -0.60928500      0.14899500      0.57038300      0.78678200      0.23587500      0.03751300      0.01078200      0.00551700      0.12200900     -0.38434300     -0.25069900     -0.66553400      0.07231600      0.03181700     -0.08173400     -0.03419300      0.22528800     -0.97369100     -0.48522100     -0.85547400     -0.18089600     -0.87372200      0.46627000      0.13856500      0.01475100      0.01497700     -0.01330400      0.10379400     -1.07588200     -0.31092100     -0.89844400
     0.11722400      0.01623700      0.32102000      0.01222300      0.14615400     -0.98920900     -0.63808400     -0.76049200     -0.12029900     -0.76989100      0.63248400      0.08519400      0.03038300      0.04274500     -0.03301900      0.13997800     -0.74852500     -0.31465800     -1.91750100     -0.16615900      0.05831400      0.30720500      0.24441700      0.10410300      0.96406100     -0.88570100      0.42853700      0.17839400     -0.39484500     -0.89758300      0.19571600      0.07553600      0.01426800      0.02135000     -0.46089400     -0.33396900     -0.00540000     -0.68794300      0.03610600      0.05151800     -0.02307900     -0.25911900     -0.10476200      0.96014600      0.78143900     -0.60698000      0.14466200      0.56763500      0.78778100      0.23914500      0.03782600      0.00711600      0.01071800     -5.28875400     -1.28118300     -1.03610800     -0.77836700      0.07288400      0.03255400     -0.08231000     -0.02142400      0.20699900     -0.97810600     -0.47174500     -0.86466400     -0.17265900     -0.88147400      0.45771800      0.11617500      0.01488800      0.01586100     -0.01247700      0.10228000     -0.46580600      0.09751100     -0.89550500
     0.11826000      0.01755800      0.31995900      0.02423700      0.12657800     -0.99168300     -0.61178700     -0.78261600     -0.11489800     -0.79068800      0.60932300      0.05970400      0.01597200      0.03326500     -0.02376900      0.11343300     -0.50176900     -0.21882000     -1.91733700     -0.16350800      0.05891500      0.30824900      0.23270100      0.12511600      0.96446200     -0.90007100      0.40322300      0.16497500     -0.36851900     -0.90661200      0.20521300      0.06349900      0.00832200      0.03368400      0.05910300     -0.41704900     -0.34738000     -0.83022900      0.03746500      0.05182400     -0.02255500     -0.25207300     -0.12716300      0.95931600      0.80152600     -0.58290100      0.13334500      0.54223000      0.80253000      0.24885800      0.03172400      0.00458400      0.01713200      0.11528400     -0.61648000     -0.50778800     -0.85217500      0.07341800      0.03323100     -0.08285300     -0.00422900      0.18849000     -0.98206500     -0.44137400     -0.88158800     -0.16730400     -0.89731300      0.43275100      0.08692300      0.01483200      0.01585400     -0.01246400      0.12340000     -0.71384700     -0.08531800     -0.89125900
     0.11938300      0.01895700      0.31899800      0.03271500      0.09992000     -0.99448000     -0.58535600     -0.80455000     -0.10014600     -0.81016400      0.58527300      0.03340500      0.04368300      0.03276800     -0.02362800      0.10143200     -0.72121100     -0.59311900     -1.91733200     -0.16114400      0.05906800      0.30968400      0.20675300      0.15042600      0.96675600     -0.91219500      0.38678600      0.13502000     -0.35385100     -0.90995400      0.21595300      0.06429500     -0.00258700      0.04091200      0.10711200     -0.00174500     -1.33014700     -0.98189700      0.03864700      0.05191100     -0.02183700     -0.23277000     -0.15692100      0.95978800      0.81643900     -0.56777100      0.10517600      0.52843600      0.80809100      0.26027600      0.03216200     -0.00189000      0.01994000      0.18012900      1.08861400     -2.71056700     -0.83437600      0.07396900      0.03392800     -0.08333600      0.00851100      0.16609600     -0.98607200     -0.41105700     -0.89835700     -0.15487000     -0.91156900      0.40665000      0.06062900      0.01555500      0.02345200     -0.01457600      0.07058500     -0.46118300     -1.19885800     -0.89517800
     0.12005900      0.01971900      0.31849600      0.03854400      0.08697300     -0.99548800     -0.57404300     -0.81346900     -0.09335000     -0.81797300      0.57493900      0.01981000      0.03005200      0.03456800     -0.02224900      0.12632400     -0.92838000     -0.23649200     -1.91771700     -0.16001300      0.05889600      0.31051600      0.19097500      0.16582700      0.96748200     -0.91958200      0.37486600      0.11738600     -0.34342400     -0.91228400      0.22284700      0.05178700     -0.00401000      0.04080000      0.18065600     -0.04500000     -1.43726600     -1.05681700      0.03921700      0.05182800     -0.02141900     -0.22048700     -0.17507900      0.95954700      0.82607400     -0.55660600      0.08825800      0.51863800      0.81211800      0.26735300      0.02642500     -0.00789800      0.02376500      0.35008700      1.14946400     -2.96842300     -0.85609400      0.07431300      0.03431100     -0.08358500      0.01664400      0.15419900     -0.98789900     -0.39819400     -0.90528000     -0.14801200     -0.91714900      0.39584000      0.04633400      0.02190000      0.01676100     -0.01148400      0.12057000     -1.02409900     -0.21945100     -0.87933900
     0.12130100      0.02121600      0.31751900      0.04795300      0.06257500     -0.99691000     -0.56099400     -0.82404700     -0.07876200     -0.82649700      0.56295600     -0.00317100      0.03077200      0.04677100     -0.02917100      0.15709600     -0.61679100      0.03884000     -1.91738100     -0.15787400      0.05800900      0.31241400      0.16476600      0.19700100      0.96645400     -0.93140700      0.35336500      0.08688000     -0.32457800     -0.91470400      0.24047800      0.05533000     -0.04249500      0.05872300     -0.01184100     -0.51556400     -1.08496900     -1.12957400      0.04028500      0.05140300     -0.02047300     -0.20052800     -0.21026400      0.95685700      0.84195300     -0.53635900      0.05858600      0.50090100      0.81737800      0.28458800      0.02084100     -0.01595600      0.02599600     -0.08113100     -0.21360800     -0.59121200     -0.86099200      0.07494500      0.03507300     -0.08408100      0.03237900      0.13024600     -0.99095200     -0.38318800     -0.91409300     -0.13266500     -0.92310200      0.38401700      0.02031100      0.01540500      0.02337700     -0.01460700      0.14697300     -0.54634600      0.10008200     -0.88097200
     0.12242000      0.02294800      0.31654000      0.04930100      0.03170600     -0.99830300     -0.54774800     -0.83490600     -0.05362000     -0.83525900      0.54941900     -0.02255300      0.03056600      0.03834800     -0.01875200      0.09977900      0.91936400     -2.29748300     -1.91769000     -0.15606900      0.05636300      0.31461100      0.14111000      0.21603300      0.96613100     -0.93699900      0.34403600      0.06004600     -0.31956300     -0.91398800      0.24973700      0.04433400     -0.05801300      0.06393800     -0.20762800      0.04090800     -0.68526800     -1.16950300      0.04120800      0.05056600     -0.01935100     -0.18031000     -0.23659800      0.95473000      0.84946900     -0.52679000      0.02988300      0.49587200      0.81640300      0.29596800      0.02214300     -0.02921000      0.03178300     -0.23057500      0.12577400     -0.61666000     -0.87960800      0.07549200      0.03592100     -0.08456700      0.04165200      0.10255100     -0.99385400     -0.36796800     -0.92322600     -0.11068500     -0.92890400      0.37031700     -0.00071900      0.00891400      0.02577500     -0.01252200      0.16749200     -0.65301100     -0.27979600     -0.86807200
     0.12289900      0.02395600      0.31613700      0.04843400      0.01837400     -0.99868000     -0.54574700     -0.83688400     -0.04191800     -0.83661700      0.54703100     -0.02926400      0.01876200      0.05649100     -0.02050900      0.16070100     -0.54397700      0.05435700     -1.91768600     -0.15524200      0.05530200      0.31574700      0.12904900      0.22707900      0.96528400     -0.93972200      0.33872400      0.04606700     -0.31664100     -0.91330800      0.25587200      0.03096000     -0.05053700      0.05493200     -0.07080600     -0.44387000     -0.87156300     -1.18685500      0.04162200      0.05004000     -0.01878000     -0.17108700     -0.24735100      0.95370100      0.85314600     -0.52136600      0.01782700      0.49281800      0.81669700      0.30022500      0.01545600     -0.02552500      0.02723600     -0.09401500     -0.35548500     -0.80059600     -0.88254700      0.07573500      0.03641300     -0.08477300      0.04127000      0.08724700     -0.99533100     -0.36576400     -0.92571100     -0.09631000     -0.92979100      0.36803100     -0.00629300      0.00935500      0.02802800     -0.01046700      0.15662400     -0.39810000     -0.16348100     -0.87395000
     0.12366900      0.02620600      0.31558100      0.04338100     -0.00965000     -0.99903500     -0.54139100     -0.84061200     -0.01544300     -0.83971300      0.54154700     -0.04044800      0.01999000      0.06298500     -0.01464400      0.17952700     -0.57908300     -0.43730200     -1.91737800     -0.15381800      0.05302300      0.31792500      0.10706600      0.24085400      0.96463300     -0.94445300      0.32773200      0.02311600     -0.31068200     -0.91380800      0.26133400      0.03140200     -0.05489700      0.05180100     -0.16685600     -0.08165100     -0.57299600     -1.25839500      0.04232200      0.04892100     -0.01771000     -0.15234500     -0.26676400      0.95164400      0.85984300     -0.51052800     -0.00546200      0.48729800      0.81743300      0.30715100      0.01631400     -0.03404700      0.02881900     -0.17948600     -0.22607300     -0.49621300     -0.88075000      0.07611800      0.03751500     -0.08505100      0.04054800      0.06149800     -0.99728200     -0.36086900     -0.92983200     -0.07201100     -0.93173400      0.36280800     -0.01551000      0.00975000      0.02612500     -0.00322500      0.15916700     -0.88208800     -0.44236100     -0.87737900
     0.12408100      0.02825000      0.31546300      0.03913000     -0.03093600     -0.99877800     -0.53784300     -0.84301400      0.00498700     -0.84219400      0.53702400     -0.04838300      0.00593200      0.04517600      0.00475400      0.12325700      0.26630500     -0.94650500     -1.91647400     -0.15268800      0.05084700      0.31980900      0.07777200      0.25497000      0.96381200     -0.94819000      0.31751500     -0.00736600     -0.30797400     -0.91360300      0.26522500      0.03064000     -0.04771800      0.04146700     -0.11999500     -0.21325500     -0.42979200     -1.39672100      0.04288700      0.04783100     -0.01676400     -0.12623200     -0.28645200      0.94974200      0.86554200     -0.49956600     -0.03563400      0.48466600      0.81754400      0.31099700      0.00902500     -0.02469200      0.02064900     -0.11530900     -0.25004800     -0.48682800     -0.88042400      0.07633200      0.03856700     -0.08511700      0.04310600      0.03823200     -0.99833800     -0.35669600     -0.93282000     -0.05112500     -0.93322400      0.35830700     -0.02657300      0.00348900      0.02909300     -0.00070300      0.24470600      1.34254000     -2.48359200     -0.87917600
     0.12412700      0.02921100      0.31558500      0.03539700     -0.04220800     -0.99850400     -0.53642400     -0.84376900      0.01659800     -0.84325900      0.53508200     -0.05126600      0.00651200      0.04798800      0.00717500      0.09359300     -0.23120100     -0.34114900     -1.91659600     -0.15213500      0.04987000      0.32057500      0.06384000      0.26221000      0.96289200     -0.94946600      0.31298200     -0.02216100     -0.30723200     -0.91312700      0.26771300      0.01838300     -0.05226000      0.03922700     -0.12839800     -0.17957500     -0.44242900     -1.40365500      0.04316800      0.04734500     -0.01637900     -0.11407500     -0.29630600      0.94825500      0.86767900     -0.49458600     -0.05016400      0.48385800      0.81705900      0.31351800      0.01486500     -0.02023600      0.01548200     -0.08674700     -0.22971200     -0.44054200     -0.87862800      0.07635500      0.03904600     -0.08505800      0.04065200      0.02638600     -0.99882400     -0.35515100     -0.93398900     -0.03912800     -0.93392400      0.35632500     -0.02859800     -0.00337600      0.02490200      0.00429700      0.10608700     -0.18625200     -0.57920900     -0.87917500
     0.12408600      0.03098000      0.31621500      0.02596500     -0.06224600     -0.99774600     -0.53434000     -0.84436600      0.03871900     -0.84491200      0.53220400     -0.05394300     -0.00617800      0.04410100      0.02095000      0.05242800     -0.24733900     -0.30306300     -1.91693400     -0.15113800      0.04799100      0.32165600      0.04325900      0.27327000      0.96096000     -0.95140500      0.30471600     -0.04370400     -0.30479100     -0.91269400      0.27194800      0.01674300     -0.03890800      0.01735400     -0.08380100     -0.06203600     -0.36983100     -1.40456300      0.04366600      0.04640600     -0.01582600     -0.09621700     -0.31103700      0.94551400      0.87123800     -0.48568100     -0.07111200      0.48133700      0.81692600      0.31771800      0.00898200     -0.02544700      0.01212400     -0.11550600     -0.08572900     -0.37638300     -0.87046300      0.07633900      0.03993000     -0.08474900      0.03526100      0.00510100     -0.99936400     -0.35294200     -0.93548600     -0.01722800     -0.93498000      0.35332500     -0.03118600      0.00351900      0.02118400      0.00980500      0.05880000     -0.34745600     -0.37752900     -0.88031900
     0.12399600      0.03249000      0.31727800      0.01346200     -0.07379500     -0.99720500     -0.53352800     -0.84396200      0.05520000     -0.84570100      0.53138200     -0.04949200     -0.00599400      0.03653800      0.03149900      0.00068200      0.14132400     -0.29508400     -1.91680600     -0.15045200      0.04649500      0.32218900      0.03180500      0.27544700      0.96078500     -0.95266700      0.29905700     -0.05408000     -0.30223900     -0.91391300      0.27069600      0.01577700     -0.03006300      0.00802400     -0.07032600      0.00123400     -0.01007700     -1.40501900      0.04401000      0.04564700     -0.01556300     -0.08525100     -0.31530800      0.94515200      0.87362800     -0.47976200     -0.08125200      0.47906700      0.81878400      0.31636200      0.00795100     -0.01603400      0.00322800     -0.07866900      0.04673300     -0.00801500     -0.86981000      0.07629500      0.04069000     -0.08422000      0.02594900     -0.00933500     -0.99961900     -0.35215200     -0.93594200     -0.00040100     -0.93558200      0.35202800     -0.02757400     -0.00296200      0.01850600      0.01596300      0.00116700      0.06374900     -0.11337200     -0.88603400
     0.12383700      0.03377900      0.31872100     -0.01079600     -0.08349000     -0.99647300     -0.53327100     -0.84247900      0.07631200     -0.84587300      0.53231400     -0.03418600     -0.00611600      0.02754000      0.04068300     -0.03682300      0.19902100     -0.27419300     -1.91609800     -0.15003300      0.04578300      0.32201800      0.02162500      0.27467100      0.96129000     -0.95242700      0.29794700     -0.06358700     -0.30388000     -0.91450800      0.26682200      0.00103100     -0.01318300     -0.01022300     -0.00411600      0.03407000     -0.04651600     -1.40463300      0.04422400      0.04528600     -0.01564100     -0.07515000     -0.31631900      0.94567100      0.87362900     -0.47810100     -0.09049600      0.48075200      0.81936600      0.31227500      0.00619200      0.00012000     -0.00863900      0.03295700     -0.00824300      0.03413500     -0.86752400      0.07621600      0.04134000     -0.08350000      0.00385600     -0.02331300     -0.99972000     -0.35213800     -0.93572300      0.02046200     -0.93593900      0.35196100     -0.01181800     -0.00263200      0.01996900      0.01699500     -0.00371100      0.27531200     -0.38545300     -0.88080800
     0.12372100      0.03433900      0.31951900     -0.02715800     -0.08679600     -0.99587800     -0.53317000     -0.84142100      0.08782100     -0.84554900      0.53346200     -0.02218600     -0.00588200      0.02851700      0.04127900     -0.03574700      0.47005300     -0.41453500     -1.91625000     -0.14991200      0.04565900      0.32175200      0.01941700      0.27375900      0.96159800     -0.95212600      0.29846800     -0.06562600     -0.30497000     -0.91461100      0.26522300      0.00104100     -0.01325500     -0.01030400     -0.00414900      0.03424700     -0.04638200     -1.40477100      0.04428500      0.04522000     -0.01577600     -0.07281800     -0.31583300      0.94601600      0.87323200     -0.47844000     -0.09251500      0.48183100      0.81935500      0.31063500     -0.00014300     -0.00041800     -0.00846700      0.04645000     -0.11480700      0.16022400     -0.86883000      0.07616000      0.04161000     -0.08311600     -0.01090000     -0.02965100     -0.99950000     -0.35220100     -0.93539000      0.03159000     -0.93586000      0.35237000     -0.00024800     -0.00296300      0.01424800      0.02064900      0.01826000      1.02896100     -1.03760700     -0.87427700
     0.12336400      0.03533400      0.32111100     -0.05061300     -0.08656300     -0.99498300     -0.53402900     -0.83949800      0.10014800     -0.84389900      0.53652300     -0.00249800     -0.00706500      0.01443300      0.04615600     -0.07501900      0.70638900     -0.18076900     -1.91667700     -0.14985700      0.04564200      0.32104800      0.01594300      0.26927300      0.96292700     -0.95136600      0.30032900     -0.06811400     -0.30753000     -0.91532700      0.25973900     -0.00025300     -0.00125300     -0.01729000      0.71364100      1.72202200     -2.09961400     -1.40457500      0.04431300      0.04520300     -0.01613000     -0.07141100     -0.31239000      0.94726500      0.87233900     -0.48005900     -0.09255200      0.48365600      0.81972900      0.30679200     -0.00015500     -0.00016000     -0.00828400      0.03606200     -0.00859000     -0.01562900     -0.87617900      0.07598200      0.04213100     -0.08230000     -0.03349500     -0.03546100     -0.99880900     -0.35337800     -0.93439600      0.04502500     -0.93488000      0.35446500      0.01876600     -0.00969900      0.01388800      0.02005200     -0.03383100      0.81328400      0.13131900     -0.87982900
     0.12298500      0.03599200      0.32275300     -0.07304900     -0.08576400     -0.99365700     -0.53527300     -0.83726200      0.11156300     -0.84143600      0.54013100      0.01649200     -0.00755900      0.01180000      0.04361300     -0.06939200      0.49689600     -0.33276800     -1.91722800     -0.14979700      0.04578500      0.32043000      0.01319700      0.26202400      0.96496700     -0.95069000      0.30227100     -0.06895700     -0.30973900     -0.91678200      0.25186400     -0.00055400      0.00258400     -0.01430900      0.03119600      0.02493700      0.00875200     -1.40496000      0.04434400      0.04526800     -0.01644300     -0.06440600     -0.30537900      0.95004900      0.87109500     -0.48168300     -0.09577700      0.48687100      0.82141600      0.29703800     -0.00027600      0.00139500     -0.00707500      0.03350000     -0.00911200     -0.01012800     -0.87748500      0.07579300      0.04246300     -0.08147700     -0.05650500     -0.03793500     -0.99768000     -0.35508100     -0.93318000      0.05559300     -0.93312500      0.35739900      0.03925900     -0.00998100      0.01230300      0.01855100     -0.03524800      0.42439500     -0.18706100     -0.87688900
     0.12279300      0.03628300      0.32358700     -0.08750800     -0.08430900     -0.99261300     -0.54052500     -0.83294600      0.11834700     -0.83666900      0.54698900      0.02855400     -0.00735400      0.01266100      0.04415400     -5.55201400      1.18786300     -0.14882300     -1.91687800     -0.14976400      0.04579900      0.32020400      0.00871400      0.25728300      0.96629300     -0.95025800      0.30292600     -0.07196900     -0.31121600     -0.91790200      0.24589500      0.01335000     -0.00704800     -0.00674400     -0.01799200      0.11441500      0.08350100     -1.40509300      0.04435500      0.04527900     -0.01655900     -0.05897100     -0.30203600      0.95147000      0.87051000     -0.48207300     -0.09907700      0.48860300      0.82242200      0.29135400     -0.00032200      0.00198300     -0.00661700      0.01345700      0.14799400      0.08525300     -0.87699500      0.07569600      0.04260400     -0.08106200     -0.07032600     -0.03998300     -0.99672200     -0.35560000     -0.93254500      0.06249900     -0.93198800      0.35883000      0.05136400     -0.01023600      0.00696400      0.02255800     -0.06513600      0.47994300     -0.13806800     -0.87786900
     0.12242200      0.03686900      0.32525200     -0.11533800     -0.08539500     -0.98967200     -0.54044200     -0.83052900      0.13459400     -0.83330900      0.55048600      0.05087400     -0.00719800      0.01315900      0.04421900     -0.06802400      0.28124800     -0.27073900     -1.91725300     -0.14960500      0.04559400      0.31996800      0.00061200      0.25421100      0.96714400     -0.94959100      0.30326600     -0.07899300     -0.31335700     -0.91864100      0.24035100      0.01450900     -0.01710300      0.00169000      0.62132400      1.71090000     -2.09043600     -1.40531500      0.04443400      0.04518100     -0.01668000     -0.05330500     -0.30115900      0.95208200      0.87001600     -0.48198200     -0.10374900      0.49013200      0.82279700      0.28770600      0.00024200     -0.00297100     -0.00234000     -0.00078200     -0.00438500      0.00124900     -0.87144300      0.07551000      0.04289600     -0.08023200     -0.09844100     -0.04607100     -0.99407500     -0.36149600     -0.92903200      0.07885500     -0.92716200      0.36711700      0.07480000     -0.00364800      0.00646300      0.02202800     -0.07300000      0.38391800     -0.50111600     -0.88717700
     0.12187500      0.03736100      0.32702600     -0.14411500     -0.08894400     -0.98557900     -0.54478300     -0.82429900      0.15399500     -0.82593600      0.55922600      0.07156700     -0.00710900      0.01328300      0.04398000     -0.06698400      0.27736700     -0.25457200     -1.91721800     -0.14929400      0.04533700      0.31983600     -0.00771000      0.25401500      0.96716500     -0.94881500      0.30346000     -0.08714600     -0.31559600     -0.91863100      0.23744300      0.01319000     -0.00467300     -0.00490600      0.00624900     -0.03259000     -0.02029100     -1.40569000      0.04459500      0.04504800     -0.01674300     -0.04216600     -0.30254600      0.95220100      0.86898200     -0.48141700     -0.11448200      0.49304200      0.82261900      0.28320600      0.00659300     -0.00228300     -0.00241500      0.00054200     -0.01160400      0.00764000     -0.86915700      0.07523700      0.04314200     -0.07934400     -0.12578000     -0.05575200     -0.99049000     -0.36698300     -0.92497900      0.09866700     -0.92168400      0.37590300      0.09588400     -0.01006400      0.00734800      0.02253000     -0.07260900      0.39063500     -0.46755300     -0.89877000
