     0.15270600     -0.05598100      0.31190600     -0.28044600      0.35409700     -0.89219400     -0.82717200     -0.56067700      0.03742500     -0.48664000      0.74805200      0.45125100     -0.00000400     -0.00003600     -0.00004500      0.00000000      0.00000000      0.00000000     -0.05079600     -0.17020000     -0.04433300      0.30453500     -0.29307600     -0.34961700      0.88986900      0.87989200     -0.46263000      0.10815800      0.37420900      0.81511100      0.44206800      0.00000000      0.00000000      0.00000000      0.00000000      0.00000000      0.00000000     -0.29452100      0.04369100      0.02184000     -0.02273600      0.31899500      0.40575600      0.85650600     -0.86964400      0.48458400      0.09432400     -0.37677600     -0.77494500      0.50744300     -0.00000400     -0.00000200     -0.00000800      0.00000100      0.00000400     -0.00001600     -0.49015900      0.07437000      0.01187600     -0.06390700      0.38476800     -0.37507900     -0.84336700      0.77397500      0.62894800      0.07339100      0.50290700     -0.68098400      0.53230000     -0.00000300     -0.00002300     -0.00003000     -0.00000400     -0.00001300     -0.00000300     -0.27630700
     0.15271600     -0.05599200      0.31189100     -0.28046400      0.35409400     -0.89219000     -0.82716700     -0.56068200      0.03744000     -0.48663700      0.74804900      0.45125800     -0.00000200     -0.00001400     -0.00001800      0.00000000      0.00000000      0.00000000     -0.05015600     -0.17020000     -0.04433900      0.30452800     -0.29305600     -0.34961700      0.88987500      0.87989700     -0.46262200      0.10814200      0.37421100      0.81511600      0.44205900     -0.00000100     -0.00005900     -0.00007400      0.00000000      0.00000000      0.00000000     -0.29491700      0.04369100      0.02183700     -0.02274000      0.31897500      0.40575700      0.85651300     -0.86965000      0.48457500      0.09430900     -0.37677800     -0.77494900      0.50743400     -0.00000300     -0.00003400     -0.00004700     -0.00000500      0.00000000      0.00000400     -0.49015900      0.07437500      0.01187000     -0.06391500      0.38478500     -0.37507400     -0.84336100      0.77396900      0.62895400      0.07340500      0.50290300     -0.68098100      0.53230800      0.00000200      0.00000100      0.00000200      0.00000600      0.00001100      0.00000900     -0.27549000
     0.15274100     -0.05599600      0.31190300     -0.28041200      0.35410500     -0.89220200     -0.82719300     -0.56064600      0.03740700     -0.48662300      0.74807100      0.45123700      0.00011600      0.00093900      0.00119600      0.00000000      0.00000000      0.00000000     -0.05051600     -0.17020000     -0.04434400      0.30452200     -0.29303500     -0.34961700      0.88988200      0.87990400     -0.46261500      0.10812600      0.37421300      0.81512000      0.44204900     -0.00000100     -0.00002600     -0.00003300      0.00000000      0.00000000      0.00000000     -0.29451300      0.04369100      0.02183400     -0.02274400      0.31895400      0.40575800      0.85652000     -0.86965700      0.48456600      0.09429300     -0.37678100     -0.77495500      0.50742500     -0.00000100     -0.00000800     -0.00001200      0.00000200      0.00000500     -0.00001400     -0.49015900      0.07438700      0.01186700     -0.06391100      0.38473500     -0.37509000     -0.84337700      0.77400000      0.62891800      0.07337600      0.50289300     -0.68100500      0.53228700      0.00006600      0.00054200      0.00068900     -0.00001000     -0.00001100     -0.00000900     -0.27549000
     0.15275300     -0.05598800      0.31189600     -0.28037200      0.35411000     -0.89221200     -0.82719000     -0.56065400      0.03736200     -0.48665100      0.74806300      0.45122000      0.00000200      0.00001400      0.00001700      0.00000000      0.00000000      0.00000000     -0.05062400     -0.17020000     -0.04433900      0.30452800     -0.29305600     -0.34961700      0.88987500      0.87989700     -0.46262200      0.10814200      0.37421100      0.81511600      0.44205900      0.00000400      0.00018400      0.00022900      0.00000000      0.00000000      0.00000000     -0.29492300      0.04369100      0.02183700     -0.02274100      0.31897500      0.40575700      0.85651300     -0.86965000      0.48457500      0.09430900     -0.37677800     -0.77495000      0.50743400      0.00000300      0.00014500      0.00018000     -0.00000600     -0.00001100      0.00000500     -0.49015900      0.07439400      0.01187300     -0.06391200      0.38469700     -0.37509900     -0.84339000      0.77400000      0.62892400      0.07333100      0.50292200     -0.68099500      0.53227200     -0.00000100      0.00000400      0.00000400     -0.00000800     -0.00000700     -0.00000900     -0.27532700
     0.15275100     -0.05597600      0.31186200     -0.28036500      0.35410600     -0.89221600     -0.82715200     -0.56071200      0.03732300     -0.48671900      0.74802100      0.45121600     -0.01591500      0.00051300      0.00058600     -0.00098400      0.01471500     -0.02955300     -0.04962000     -0.17018800     -0.04433300      0.30453500     -0.29310000     -0.34961600      0.88986100      0.87988500     -0.46263900      0.10817700      0.37420700      0.81510700      0.44207800      0.00000000      0.00000200      0.00000200      0.00000000      0.00000000      0.00000000     -0.29503400      0.04369700      0.02184000     -0.02273700      0.31901800      0.40575400      0.85649800     -0.86963600      0.48459400      0.09434200     -0.37677400     -0.77493900      0.50745300     -0.00000100     -0.00000600     -0.00000900     -0.00000000      0.00000900     -0.00001000     -0.49032300      0.07439900      0.01187900     -0.06392900      0.38466700     -0.37510200     -0.84340200      0.77397000      0.62896800      0.07326700      0.50299100     -0.68095200      0.53226100     -0.00002400     -0.00019400     -0.00024700     -0.00000300      0.00000100      0.00000300     -0.27516400
     0.15275300     -0.05598100      0.31188900     -0.28035600      0.35411100     -0.89221700     -0.82718100     -0.56066900      0.03733700     -0.48667600      0.74805100      0.45121300      0.00010100      0.00081900      0.00104300      0.00000000      0.00000000      0.00000000     -0.04943300     -0.17018800     -0.04433800      0.30452800     -0.29307900     -0.34961600      0.88986800      0.87989100     -0.46263100      0.10816100      0.37420900      0.81511100      0.44206900     -0.00000600     -0.00030000     -0.00037400      0.00000000      0.00000000      0.00000000     -0.29495000      0.04369700      0.02183800     -0.02274000      0.31899800      0.40575500      0.85650500     -0.86964300      0.48458500      0.09432700     -0.37677600     -0.77494400      0.50744400     -0.00000700     -0.00019900     -0.00025200     -0.00001000     -0.00001400      0.00000800     -0.49032300      0.07439300      0.01187400     -0.06391800      0.38468200     -0.37510100     -0.84339600      0.77399200      0.62893700      0.07330500      0.50294600     -0.68098100      0.53226600      0.00006700      0.00055200      0.00070300     -0.00000800     -0.00001000     -0.00000500     -0.27483700
     0.15274100     -0.05598000      0.31189000     -0.28038000      0.35410700     -0.89221100     -0.82717500     -0.56067600      0.03735800     -0.48667200      0.74804700      0.45122300      0.00000000      0.00000000      0.00000000      0.00000000      0.00000000      0.00000000     -0.04838900     -0.17018800     -0.04433800      0.30452800     -0.29307900     -0.34961600      0.88986800      0.87989100     -0.46263100      0.10816100      0.37420900      0.81511100      0.44206900     -0.00000000     -0.00000000     -0.00000000      0.00000000      0.00000000      0.00000000     -0.29475500      0.04369700      0.02183700     -0.02274100      0.31899800      0.40575500      0.85650500     -0.86964300      0.48458500      0.09432700     -0.37677600     -0.77494400      0.50744400     -0.00000100      0.00000200      0.00000200      0.00000300     -0.00000300     -0.00000900     -0.49032300      0.07438800      0.01187700     -0.06391500      0.38470400     -0.37509500     -0.84338900      0.77398400      0.62894500      0.07332500      0.50294100     -0.68097800      0.53227500      0.00000000     -0.00000500     -0.00000600      0.00000200     -0.00000200      0.00001000     -0.27467400
     0.15275100     -0.05597600      0.31186200     -0.28036500      0.35410600     -0.89221600     -0.82715200     -0.56071200      0.03732300     -0.48671900      0.74802100      0.45121600     -0.00012500     -0.00101600     -0.00129400      0.00000000      0.00000000      0.00000000     -0.04808900     -0.17018800     -0.04433800      0.30452800     -0.29307900     -0.34961600      0.88986800      0.87989100     -0.46263100      0.10816100      0.37420900      0.81511100      0.44206900     -0.00000000     -0.00000000     -0.00000000      0.00000000      0.00000000      0.00000000     -0.29446000      0.04369700      0.02183700     -0.02274100      0.31899800      0.40575500      0.85650500     -0.86964300      0.48458500      0.09432700     -0.37677600     -0.77494400      0.50744400     -0.00000100      0.00000200      0.00000200     -0.00000500     -0.00001400      0.00000800     -0.49032300      0.07439300      0.01188200     -0.06392500      0.38467100     -0.37510100     -0.84340100      0.77396900      0.62897000      0.07327000      0.50299100     -0.68095200      0.53226200     -0.00001400      0.00520400     -0.00456400      0.03564600     -0.01238000      0.01866500     -0.27434700
     0.15276200     -0.05599500      0.31185400     -0.28039900      0.35410200     -0.89220700     -0.82715700     -0.56070200      0.03736300     -0.48669100      0.74803000      0.45123100     -0.00000400     -0.00003300     -0.00004100      0.00000000      0.00000000      0.00000000     -0.04827400     -0.17018900     -0.04433000      0.30452100     -0.29309400     -0.34961600      0.88986300      0.87987600     -0.46265800      0.10816100      0.37423100      0.81509600      0.44207800     -0.00000000     -0.00000000     -0.00000000      0.00000000      0.00000000      0.00000000     -0.29415800      0.04369700      0.02184100     -0.02274400      0.31901300      0.40575400      0.85650000     -0.86962800      0.48461200      0.09432500     -0.37679800     -0.77492800      0.50745300      0.00000000      0.00000200      0.00000300     -0.00001000     -0.00000900      0.00000900     -0.49015900      0.07439800      0.01186900     -0.06393300      0.38472300     -0.37508900     -0.84338300      0.77396400      0.62896900      0.07332600      0.50295800     -0.68095900      0.53228400     -0.00000100     -0.00000400     -0.00000300     -0.00000700     -0.00000400      0.00000200     -0.27402100
     0.15275100     -0.05599100      0.31187500     -0.28039700      0.35410400     -0.89220700     -0.82717100     -0.56068200      0.03737200     -0.48666900      0.74804500      0.45123100      0.00000800      0.00006100      0.00007800      0.00000000      0.00000000      0.00000000     -0.04798400     -0.17018900     -0.04433000      0.30452100     -0.29309400     -0.34961600      0.88986300      0.87987600     -0.46265800      0.10816100      0.37423100      0.81509600      0.44207800     -0.00087700      0.01082500     -0.00856200      0.03644900     -0.00987400      0.01858100     -0.29411000      0.04369700      0.02184100     -0.02274400      0.31901300      0.40575400      0.85650000     -0.86962800      0.48461200      0.09432500     -0.37679700     -0.77492800      0.50745300     -0.00043800      0.00541400     -0.00427900      0.03644200     -0.00988300      0.01859500     -0.48999600      0.07439300      0.01187100     -0.06392200      0.38472100     -0.37509100     -0.84338300      0.77397800      0.62895000      0.07333800      0.50293800     -0.68097500      0.53228300      0.00000300      0.00002800      0.00003600     -0.00000500     -0.00000500     -0.00000400     -0.27385700
     0.15275100     -0.05598400      0.31186900     -0.28038100      0.35410500     -0.89221100     -0.82716200     -0.56069700      0.03734800     -0.48669400      0.74803300      0.45122300      0.00000000      0.00000100      0.00000100      0.00000000      0.00000000      0.00000000     -0.04608500     -0.17018900     -0.04433600      0.30451500     -0.29307400     -0.34961600      0.88987000      0.87988200     -0.46265100      0.10814500      0.37423300      0.81510000      0.44206900     -0.00001600     -0.00079600     -0.00099100      0.00000000      0.00000000      0.00000000     -0.29383100      0.04369700      0.02184100     -0.02274500      0.31899200      0.40575500      0.85650700     -0.86963500      0.48460300      0.09430900     -0.37680000     -0.77493300      0.50744400     -0.00001100     -0.00053700     -0.00066900     -0.00002100     -0.00000300      0.00002500     -0.48983300      0.07439300      0.01187500     -0.06392500      0.38470600     -0.37509300     -0.84338900      0.77397000      0.62896300      0.07331200      0.50296200     -0.68096200      0.53227700      0.00000000     -0.00000400     -0.00000600     -0.00000600     -0.00001100     -0.00000500     -0.27336700
     0.15275000     -0.05599400      0.31185500     -0.28042300      0.35409800     -0.89220100     -0.82715200     -0.56070900      0.03738300     -0.48668700      0.74802700      0.45124100     -0.00000200     -0.00001700     -0.00002100      0.00000000      0.00000000      0.00000000     -0.04469500     -0.17016600     -0.04432100      0.30451400     -0.29315700     -0.34961400      0.88984300      0.87984800     -0.46270300      0.10819900      0.37424900      0.81507100      0.44210900      0.00000100      0.00004300      0.00005300      0.00000000      0.00000000      0.00000000     -0.29451800      0.04370800      0.02184600     -0.02274700      0.31907500      0.40575000      0.85647900     -0.86959800      0.48465900      0.09435900     -0.37681400     -0.77490100      0.50748200      0.00000100      0.00002100      0.00002700     -0.00000300      0.00000700     -0.00000600     -0.48983300      0.07439200      0.01186900     -0.06393300      0.38474500     -0.37508200     -0.84337600      0.77395600      0.62897700      0.07334500      0.50295400     -0.68095500      0.53229300      0.00000100     -0.00000300     -0.00000400     -0.00000500      0.00000800      0.00000100     -0.27124500
     0.15275100     -0.05599700      0.31186800     -0.28041800      0.35410100     -0.89220200     -0.82716600     -0.56068800      0.03739000     -0.48666600      0.74804200      0.45123900      0.00000700      0.00005800      0.00007400      0.00000000      0.00000000      0.00000000     -0.04448700     -0.17015400     -0.04432900      0.30452000     -0.29316500     -0.34961300      0.88984100      0.87985500     -0.46268500      0.10821800      0.37422500      0.81508200      0.44210900      0.00000000      0.00000000      0.00000000      0.00000000      0.00000000      0.00000000     -0.29453600      0.04371400      0.02184200     -0.02274400      0.31908300      0.40574900      0.85647600     -0.86960500      0.48464200      0.09437900     -0.37679000     -0.77491200      0.50748300      0.00000100     -0.00000200     -0.00000200      0.00000200      0.00001700     -0.00001100     -0.48999600      0.07439300      0.01186800     -0.06392600      0.38474100     -0.37508600     -0.84337600      0.77397100      0.62895700      0.07335500      0.50293300     -0.68097200      0.53229100      0.00000200      0.00003500      0.00004500     -0.00000600     -0.00001100     -0.00001100     -0.27108100
     0.15276200     -0.05597900      0.31184100     -0.28036700      0.35410400     -0.89221600     -0.82713900     -0.56073200      0.03731300     -0.48674100      0.74800700      0.45121700      0.01583400     -0.00117700     -0.00143200      0.00098400     -0.01471500      0.02955300     -0.04350400     -0.17016700     -0.04431300      0.30450700     -0.29317200     -0.34961300      0.88983900      0.87983400     -0.46273100      0.10820000      0.37427100      0.81505600      0.44211800      0.00000000      0.00000000      0.00000000      0.00000000      0.00000000      0.00000000     -0.29422200      0.04370800      0.02185000     -0.02275100      0.31909000      0.40574900      0.85647400     -0.86958300      0.48468500      0.09435700     -0.37683500     -0.77488500      0.50749100      0.00000100     -0.00000200     -0.00000100      0.00000000      0.00001400     -0.00000500     -0.48983300      0.07439800      0.01187800     -0.06393900      0.38469200     -0.37509400     -0.84339500      0.77394800      0.62899500      0.07327400      0.50300700     -0.68093200      0.53227200      0.00791300     -0.00061500     -0.00075000      0.00098800     -0.01471100      0.02955900     -0.27091800
     0.15276100     -0.05597400      0.31181400     -0.28037600      0.35409900     -0.89221500     -0.82711100     -0.56077500      0.03729900     -0.48678400      0.74797700      0.45122000     -0.00014400     -0.00117000     -0.00149100     -0.00082900      0.01322300     -0.02559400     -0.04347800     -0.17016700     -0.04431300      0.30450700     -0.29317200     -0.34961300      0.88983900      0.87983400     -0.46273100      0.10820000      0.37427100      0.81505600      0.44211800      0.00000000      0.00000000      0.00000000      0.00000000      0.00000000      0.00000000     -0.29416400      0.04370800      0.02185000     -0.02275100      0.31909000      0.40574900      0.85647400     -0.86958300      0.48468500      0.09435700     -0.37683500     -0.77488500      0.50749100      0.00000100     -0.00000200     -0.00000100      0.00000100      0.00001500     -0.00000700     -0.48967000      0.07439800      0.01188200     -0.06395000      0.38468000     -0.37509400     -0.84340000      0.77392500      0.62902800      0.07323900      0.50305100     -0.68090200      0.53226900     -0.00000400     -0.00004600     -0.00005900      0.00000500     -0.00000500      0.00001200     -0.27042800
     0.15277300     -0.05598300      0.31182000     -0.28036800      0.35410300     -0.89221600     -0.82712600     -0.56075200      0.03730400     -0.48676200      0.74799200      0.45121700      0.00004900      0.00039700      0.00050600      0.00000000      0.00000000      0.00000000     -0.04393300     -0.17015500     -0.04431800      0.30450000     -0.29317500     -0.34961200      0.88983800      0.87983300     -0.46273200      0.10820200      0.37427100      0.81505600      0.44211900     -0.00002200     -0.00110200     -0.00137200     -0.00179600      0.01402000     -0.02511200     -0.29257200      0.04371400      0.02185000     -0.02275100      0.31911300      0.40574700      0.85646600     -0.86957600      0.48469500      0.09437500     -0.37683300     -0.77487900      0.50750100      0.00000100     -0.00000100     -0.00000200      0.00000100      0.00001500     -0.00000500     -0.48950600      0.07440300      0.01187400     -0.06395200      0.38469300     -0.37509200     -0.84339500      0.77393400      0.62901300      0.07326200      0.50302700     -0.68091600      0.53227400      0.00004100      0.00032600      0.00041800      0.00000100      0.00000700      0.00000400     -0.27026500
     0.15277300     -0.05596900      0.31182000     -0.28033100      0.35410700     -0.89222600     -0.82712200     -0.56076100      0.03726200     -0.48679100      0.74798400      0.45120100      0.00000000      0.00000400      0.00000500      0.00000000      0.00000000      0.00000000     -0.04409900     -0.17016700     -0.04431800      0.30450100     -0.29757100     -0.34340100      0.89079700      0.87410900     -0.47309900      0.10974700      0.38409700      0.81172800      0.43980700     -0.00000000     -0.00000000     -0.00000000     -0.00930600      0.03723100      0.02146000     -0.28256600      0.04370800      0.02184700     -0.02275400      0.32341700      0.39925200      0.85790300     -0.86365400      0.49501000      0.09521600     -0.38665600     -0.77172600      0.50491000      0.00000000      0.00000400      0.00000400     -0.00007700      0.01641900      0.01188400     -0.48460800      0.07440400      0.01188200     -0.06395000      0.38465800     -0.37510000     -0.84340800      0.77393300      0.62902000      0.07322000      0.50305600     -0.68090600      0.53226000     -0.00000100     -0.00000200     -0.00000200      0.00000100     -0.00001000      0.00000300     -0.27026500
     0.15277200     -0.05596400      0.31179300     -0.28034100      0.35410200     -0.89222500     -0.82709300     -0.56080400      0.03724700     -0.48683300      0.74795400      0.45120400     -0.00010500     -0.00085100     -0.00108400      0.00000000      0.00000000      0.00000000     -0.04365700     -0.17017900     -0.04431100      0.30449500     -0.29973300     -0.34163000      0.89075300      0.87124200     -0.47833700      0.10984000      0.38890700      0.80940000      0.43987200     -0.01557100     -0.00065000      0.00075000      0.13073400      0.03213900      0.03670400     -0.26939700      0.04370700      0.02185100     -0.02275700      0.32551100      0.39768900      0.85783700     -0.86075400      0.50012000      0.09476400     -0.39133600     -0.76923500      0.50510700      0.00000000      0.00000300      0.00000300      0.45191200      0.04742500      0.21496000     -0.47758600      0.07440300      0.01188700     -0.06396100      0.38466700     -0.37509400     -0.84340600      0.77390200      0.62905900      0.07320100      0.50309600     -0.68087300      0.53226400     -0.00007300     -0.00059100     -0.00075200     -0.00082700      0.01321500     -0.02558100     -0.27026500
     0.15279300     -0.05592400      0.31171000     -0.28024700      0.35410400     -0.89225400     -0.82701200     -0.56093500      0.03708000     -0.48702500      0.74785500      0.45116100     -0.00010600     -0.00086100     -0.00109700      0.00000000      0.00000000      0.00000000     -0.04355500     -0.17050400     -0.04421600      0.30441400     -0.33465800     -0.31045300      0.88972700      0.83564200     -0.53406800      0.12809100      0.43580400      0.78673800      0.43701500     -0.03201100      0.00954500     -0.00704800     -0.01124500      0.66298300      0.47157700     -0.17108200      0.04353900      0.02189800     -0.02279800      0.35989500      0.36786500      0.85740900     -0.82397100      0.55641200      0.10713500     -0.43766100     -0.74503800      0.50335900     -0.01600800      0.00478700     -0.00351700      0.00117300      0.64095800      0.45641300     -0.42223100      0.07441400      0.01190700     -0.06400300      0.38457600     -0.37510600     -0.84344200      0.77382600      0.62917500      0.07302000      0.50328200     -0.68076000      0.53223200     -0.00006900     -0.00057800     -0.00073900     -0.00083100      0.01322800     -0.02558500     -0.26977500
     0.15292300     -0.05584900      0.31162200     -0.27983000      0.35415700     -0.89236400     -0.82697100     -0.56102600      0.03660700     -0.48733500      0.74776100      0.45098200     -0.00000100     -0.00001200     -0.00001500      0.00000000      0.00000000      0.00000000     -0.04537800     -0.17221900     -0.04392700      0.30433100     -0.41278800     -0.21321900      0.88551400      0.71961000     -0.67224900      0.17371200      0.55874000      0.70919000      0.42979300     -0.06302100      0.01154800     -0.00160000      6.62568800      1.53038000      4.54253900     -0.08094600      0.04270500      0.02203300     -0.02284500      0.43371800      0.27101300      0.85932500     -0.71046100      0.68943400      0.14115000     -0.55419500     -0.67173700      0.49156500     -0.03157100      0.00542600     -0.00103900      6.03635200      0.70216800      6.16019200     -0.31886800      0.07447900      0.01194200     -0.06405000      0.38417600     -0.37519900     -0.84358400      0.77382000      0.62923700      0.07254000      0.50359800     -0.68065000      0.53207400     -0.00000500      0.00528800     -0.00445500      0.03565100     -0.01238600      0.01866400     -0.27010200
     0.15346100     -0.05546200      0.31127600     -0.27803700      0.35437800     -0.89283600     -0.82675600     -0.56147400      0.03454300     -0.48872500      0.74732000      0.45020800      0.01588600      0.02080800     -0.01820800      0.07226700     -0.03946900      0.06686000     -0.03880600     -0.17586500     -0.04297900      0.30420400     -0.48023700     -0.03058800      0.87660000      0.50640100     -0.82560000      0.24875000      0.71668800      0.56340600      0.41084600     -0.11084700      0.03818800     -0.00857600      1.69276200      1.30321300      2.39225400      0.01232600      0.04089900      0.02249300     -0.02291200      0.50028800      0.08555400      0.86162100     -0.48937300      0.84886400      0.19985900     -0.71430100     -0.52164100      0.46654400     -0.05542700      0.01935600     -0.00376400      6.03014000      2.38177400      5.17281200     -0.23346700      0.07473600      0.01212400     -0.06421200      0.38254700     -0.37557200     -0.84415700      0.77376000      0.62953500      0.07056000      0.50492700     -0.68016900      0.53143000      0.01589900      0.01013900     -0.00942000      0.07327900     -0.05419300      0.09642900     -0.26961200
     0.15386900     -0.05511300      0.31100000     -0.28460500      0.35376600     -0.89100800     -0.82618800     -0.56189500      0.04074500     -0.48589300      0.74729500      0.45330600      0.01596700      0.02163200     -0.01717000      0.06376900     -0.02873200      0.04915800     -0.03473800     -0.17816900     -0.04212500      0.30400200     -0.49957600      0.05320500      0.86463000      0.42375800     -0.85544600      0.29761600      0.75607900      0.51500700      0.40370100     -0.12677300      0.05077700     -0.01396200      4.11475500      1.20396500      6.24207200      0.04989100      0.03975300      0.02291600     -0.02301000      0.51679900      0.00489800      0.85609200     -0.40931400      0.87969800      0.24205800     -0.75191800     -0.47550600      0.45663100     -0.06340400      0.02524400     -0.00713300      0.26269700      0.65975000      1.99627000     -0.17664200      0.07494500      0.01230100     -0.06435500      0.38892600     -0.37431100     -0.84179900      0.77260700      0.63023100      0.07672200      0.50181000     -0.68022000      0.53430900      0.01594500      0.01061900     -0.00882300      0.04818700     -0.02215700      0.04304900     -0.26618300
     0.15488000     -0.05407500      0.31027400     -0.31560400      0.34348100     -0.88456800     -0.81900500     -0.56934300      0.07107400     -0.47882500      0.74646800      0.46210300      0.01616000      0.02372500     -0.01453700      0.01310100     -0.04320300     -0.23734700     -0.03055000     -0.18344300     -0.04024100      0.30350500     -0.47908000      0.18728800      0.85755300      0.28468800     -0.89092400      0.35375300      0.83084300      0.41337700      0.37240100     -0.14085400      0.03863900     -0.00671500      1.37332600      1.33495600      2.18600600      0.05964300      0.03712200      0.02387200     -0.02325000      0.49493000     -0.13390000      0.85855400     -0.26401400      0.91817100      0.29539400     -0.82785300     -0.37286900      0.41907900     -0.07035100      0.01923700     -0.00330500      4.98178200      3.50366500      3.41190100     -0.11900000      0.07545000      0.01281800     -0.06472000      0.41821200     -0.36097700     -0.83354200      0.76231300      0.63847300      0.10597600      0.49393900     -0.67974100      0.54219500      0.01604100      0.01716100     -0.01171600     -0.01142000     -0.01089100     -0.30618700     -0.26193700
     0.15573400     -0.05279500      0.30936900     -0.33710100      0.32961000     -0.88191100     -0.81243400     -0.57515100      0.09552300     -0.47533500      0.74828300      0.46277000      0.01599300      0.03372600     -0.02421300     -0.22409600      0.43941200     -0.97564700     -0.00743200     -0.18908000     -0.03930300      0.30328200     -0.43261600      0.31051800      0.84641200      0.15628600     -0.89869000      0.40971300      0.88840200      0.30914400      0.33916800     -0.14041400      0.01913000     -0.00988700      4.73416900      3.32667700      3.66389200      0.06591600      0.03425200      0.02436800     -0.02335000      0.44713400     -0.25694800      0.85676600     -0.13363200      0.92791200      0.34802500     -0.88442800     -0.27010500      0.38056500     -0.07013700      0.00901900     -0.00550600      4.79172800      3.22236300      3.62206500     -0.10708000      0.07587800      0.01345700     -0.06516500      0.43718000     -0.34494500     -0.83059300      0.75335700      0.64489400      0.12870200      0.49124900     -0.68200000      0.54180200      0.00803700      0.01704700     -0.01188700     -0.90070200      1.51436200     -2.63596900     -0.25197600
     0.15610500     -0.05218400      0.30892000     -0.34321600      0.31754000     -0.88397800     -0.80865200     -0.57862600      0.10605700     -0.47739600      0.75083400      0.45647500      0.01593600      0.03347500     -0.02454500      0.00447800     -0.31836700     -0.47100300      0.00373600     -0.19188300     -0.03925500      0.30315300     -0.39162300      0.37728000      0.83921500      0.07200900     -0.89662100      0.43682800      0.91773000      0.23103400      0.32288900     -0.13968700     -0.00833700     -0.00040300      1.34696400      1.81577200      2.01053200      0.09893100      0.03295100      0.02440300     -0.02340900      0.40816900     -0.31920300      0.85528100     -0.05403600      0.92678700      0.37167800     -0.91130500     -0.19792300      0.36103700     -0.07004100      0.00124600     -0.00441600      4.36534500      3.29613300      3.17348100     -0.09287400      0.07606300      0.01376300     -0.06538900      0.44329300     -0.33352900     -0.83201400      0.74845800      0.64849100      0.13881400      0.49325600     -0.68426300      0.53710400      0.00794900      0.01089300     -0.00853300     -0.08190000     -0.35319100     -0.76231200     -0.24283200
     0.15670700     -0.05125100      0.30810900     -0.35576700      0.29878300     -0.88555300     -0.80169200     -0.58454200      0.12479400     -0.47992200      0.75396500      0.44859700      0.01556600      0.01943000     -0.02005000      0.01255300     -0.04697700     -0.41945000      0.01547200     -0.19644900     -0.04002000      0.30336400     -0.29336200      0.47637500      0.82885300     -0.06736900     -0.87506300      0.47922800      0.95393300      0.08415800      0.28773600     -0.10794000     -0.02917300      0.01488500      4.17468400      3.57507300      2.73007300      0.18831100      0.03060900      0.02401100     -0.02332800      0.30735900     -0.41963300      0.85407100      0.08802000      0.90620600      0.41357200     -0.94751300     -0.05193900      0.31546600     -0.05403000     -0.01477800      0.00731800     -0.14425600      1.24223100      1.33674600      0.01555200      0.07636500      0.01423900     -0.06579100      0.45425600     -0.31269100     -0.83419000      0.73926200      0.65483600      0.15710200      0.49713400     -0.68805000      0.52862400      0.00784600      0.01015200     -0.00947900      0.03505800     -0.03058800     -0.38576100     -0.22176800
     0.15703400     -0.05072200      0.30758900     -0.36476300      0.28337500     -0.88695700     -0.79660500     -0.58812500      0.13964500     -0.48162400      0.75713800      0.44137100     -0.00001600     -0.00014400     -0.00018200     -0.03792000     -0.03990400     -0.24623100      0.02099800     -0.20068200     -0.04073600      0.30414900     -0.24413500      0.53574900      0.80830800     -0.11600300     -0.84359300      0.52424100      0.96302500      0.03355500      0.26705800     -0.10795100      0.00477800      0.01225800      0.04810700      0.83387300      0.99548500      0.20106800      0.02852500      0.02362500     -0.02296300      0.25489500     -0.48050400      0.83913200      0.14108900      0.87699100      0.45932500     -0.95662000      0.00131300      0.29133500     -0.05358800     -0.00276700      0.01066400      4.32514300      2.60560300      2.81619200      0.06845700      0.07653400      0.01450500     -0.06606500      0.46227400     -0.29681500     -0.83558500      0.73248200      0.65891400      0.17117500      0.49977200     -0.69118100      0.52201000     -0.00002400      0.00526800     -0.00448900      0.00826800      0.06756400     -0.39397800     -0.21082700
     0.15700000     -0.05054400      0.30748000     -0.36309400      0.27756900     -0.88947400     -0.79505900     -0.59004200      0.14036500     -0.48542300      0.75780300      0.43603400     -0.01572500      0.00120500      0.00156300      0.25777700     -0.40825100      0.63447700      0.02246700     -0.20414900     -0.04002800      0.30499200     -0.22553400      0.59959600      0.76786100     -0.18475600     -0.80009700      0.57065200      0.95678300     -0.01391000      0.29023600     -0.07463700      0.02239800      0.03160300      1.45460700     -0.83290500      3.55551300      0.27270600      0.02674200      0.02395700     -0.02255700      0.23201600     -0.54552800      0.80533700      0.20945500      0.83652600      0.50631200     -0.94989300      0.05121000      0.30835000     -0.03736800      0.01736600      0.01228300      4.40029600      2.54505700      2.61335300      0.12397600      0.07652300      0.01459400     -0.06612100      0.46129900     -0.29137500     -0.83803400      0.73042200      0.66091200      0.17227200      0.50367100     -0.69158900      0.51770500      0.00004600      0.00036900      0.00046700      0.86900600     -1.27736000      2.05244600     -0.20511200
     0.15689300     -0.05060400      0.30753900     -0.36233300      0.27752500     -0.88979800     -0.79496500     -0.59037000      0.13952100     -0.48614700      0.75756400      0.43564300      0.00000100      0.00000800      0.00001100     -0.00001400     -0.00006000     -0.00003000      0.02280600     -0.20546800     -0.03927900      0.30560500     -0.23063100      0.62949900      0.74197800     -0.20442900     -0.77676900      0.59562800      0.95155800     -0.01509400      0.30687500     -0.05835800      0.04164200      0.03213900      0.23244300     -1.99600600      3.42306100      0.33700800      0.02607600      0.02432200     -0.02225200      0.23527100     -0.57729100      0.78190900      0.23060100      0.81467500      0.53209700     -0.94417600      0.05512200      0.32479300     -0.03681900      0.02182900      0.01778500      0.08865700     -0.49531100      0.81764400      0.18455700      0.07646400      0.01456500     -0.06609000      0.45984800     -0.29180000     -0.83868400      0.73058000      0.66118900      0.17053000      0.50476800     -0.69114400      0.51723000     -0.00787300     -0.00504000      0.00479300     -0.03913100      0.03513800     -0.05059300     -0.20396900
     0.15653800     -0.05089200      0.30779400     -0.36100100      0.27760800     -0.89031300     -0.79543200     -0.58997900      0.13850800     -0.48637400      0.75783800      0.43491200     -0.00000000     -0.00000300     -0.00000400      0.00554500     -0.09414600      0.17511100      0.02469600     -0.20755300     -0.03747100      0.30745000     -0.23654500      0.67398900      0.69984000     -0.23415300     -0.73849800      0.63223900      0.94322700     -0.01515600      0.33159600     -0.05556700      0.04512700      0.05700600      3.94027800      2.87453600      2.89751100      0.43794700      0.02503300      0.02522900     -0.02133300      0.24447100     -0.62528400      0.74111600      0.25658100      0.77878000      0.57242200     -0.93509300      0.05021600      0.35082500     -0.02775900      0.02312800      0.02925400      0.06835800     -0.62364000      1.05808900      0.33576400      0.07628600      0.01442100     -0.06596300      0.45873900     -0.29204300     -0.83920700      0.73114300      0.66077600      0.16971800      0.50496300     -0.69143700      0.51664900     -0.00787900     -0.00502200      0.00481300     -0.03828700      0.02816100     -0.04829200     -0.20249900
     0.15623100     -0.05114400      0.30802900     -0.36017300      0.27778300     -0.89059400     -0.79613100     -0.58911700      0.13816000     -0.48584500      0.75844400      0.43444700      0.00012200     -0.00994600      0.00971900     -0.03008600     -0.08151400      0.15659900      0.03371800     -0.20938000     -0.03613100      0.31005500     -0.22081100      0.70950900      0.66920100     -0.27440300     -0.70351400      0.65551800      0.93614400     -0.03977000      0.34916400     -0.03936600      0.02062400      0.06890000      0.11858400     -0.68845400      0.74351700      0.48248600      0.02413200      0.02592900     -0.02003500      0.22249600     -0.66385400      0.71399600      0.30069600      0.74337800      0.59746900     -0.92740200      0.08176100      0.36501700     -0.02728400      0.01118700      0.03592400      0.26285400     -0.86140600      0.63959700      0.42737000      0.07613300      0.01429700     -0.06585200      0.45793400     -0.29232600     -0.83954800      0.73195900      0.65993700      0.16946300      0.50451000     -0.69211800      0.51617900     -0.00782400     -0.00449700      0.00547700     -0.03665400      0.01376400     -0.02225500     -0.19433500
     0.15611100     -0.05120300      0.30805400     -0.35889000      0.27800600     -0.89104200     -0.79662600     -0.58868900      0.13713000     -0.48598500      0.75869400      0.43385300     -0.00008900     -0.00079000     -0.00100300      0.00555200     -0.09396700      0.17520800      0.04106400     -0.21117700     -0.03602600      0.31289400     -0.20013600      0.72397900      0.66014400     -0.29929100     -0.68664400      0.66247900      0.93313500     -0.06589100      0.35324400     -0.05515000      0.00177400      0.06808300      0.22157500     -0.58284100      0.01206200      0.50022100      0.02324200      0.02600800     -0.01859900      0.20023300     -0.67944700      0.70587400      0.32479600      0.72575700      0.60645200     -0.92434500      0.10783300      0.36600200     -0.02745600     -0.00457500      0.03834600     -0.08532100     -0.21737200      0.45538900      0.47047900      0.07607300      0.01426700     -0.06583100      0.45672400     -0.29269000     -0.84008000      0.73260300      0.65946100      0.16853100      0.50467300     -0.69241800      0.51561700     -0.00005900     -0.00052100     -0.00066000     -0.00055800      0.00012600      0.00034900     -0.18372100
