     0.11273800     -0.01079500      0.35670800     -0.28089500     -0.24050500     -0.92914000     -0.43105000     -0.83335100      0.34596800     -0.85716400      0.49798100      0.13157400     -0.01710300     -0.00374100     -0.02108500      0.00600400     -0.06078500     -0.10760700      0.24457300     -0.17550700      0.01827200      0.35735600      0.51110900      0.79913600      0.31644800     -0.77306000      0.58838200     -0.23689300     -0.37612400     -0.12457400      0.91808200      0.01393300      0.01342800      0.02423300     -0.03803400      0.06967400     -0.11197800      0.53326100      0.03039900      0.02745100     -0.00736700     -0.49511200     -0.82408300      0.27522800      0.78720500     -0.55954400     -0.25926300      0.36765600      0.08829700      0.92576000      0.00086700      0.00064400      0.01640100     -0.06948700      0.08553300     -0.13484500      0.52240500      0.06759900      0.02086900     -0.06891600     -0.28806400     -0.20449100     -0.93552100     -0.41714500     -0.85257500      0.31480700     -0.86197900      0.48093300      0.16029400     -0.00183900     -0.00797600     -0.00665400     -0.02401800     -0.05053000     -0.09046400      0.13992100
     0.11222000     -0.01106100      0.35602600     -0.27371400     -0.24183700     -0.93093600     -0.42717700     -0.83661600      0.34287700     -0.86142200      0.49182200      0.12684800     -0.01673100     -0.00196400     -0.01967300     -0.00306300     -0.34348500      0.67781900      0.24523900     -0.17526300      0.01870300      0.35814900      0.50486200      0.80218800      0.31874500     -0.77437200      0.58410100     -0.24311900     -0.38182000     -0.12510800      0.91565500      0.01305200      0.01937300      0.01227100      0.10077900     -0.07654900     -0.17867700      0.53282800      0.03052600      0.02765800     -0.00697100     -0.48880200     -0.82706500      0.27755200      0.78847600     -0.55497700     -0.26515100      0.37333200      0.08923700      0.92339500      0.00650800      0.00928700      0.00585700      0.11255000     -0.10492900     -0.19049800      0.52224200      0.06733200      0.02073200     -0.06926700     -0.28118300     -0.20564500     -0.93736100     -0.41313000     -0.85568400      0.31165300     -0.86617500      0.47488400      0.15564600     -0.00832900     -0.00088300     -0.00974600      0.00048000     -0.36968900      0.76352900      0.13861500
     0.11197600     -0.01119600      0.35573600     -0.27239100     -0.24361100     -0.93086100     -0.42187500     -0.83924200      0.34302700     -0.86445000      0.48644300      0.12699000     -0.00263700     -0.00313400     -0.02046000      0.03359600      0.01081400     -0.03413800      0.24347700     -0.17504300      0.01900000      0.35843100      0.50296500      0.80407900      0.31697600     -0.77540500      0.58184300     -0.24523100     -0.38222600     -0.12346700      0.91570800      0.01382500      0.00802800      0.02039300      0.01160600     -0.00770500     -0.15701600      0.53204800      0.03063100      0.02779800     -0.00684100     -0.48692500     -0.82893600      0.27526100      0.78943600     -0.55252100     -0.26741300      0.37375600      0.08709100      0.92342800      0.00649700      0.00913600      0.00573300      0.04143700     -0.01167900     -0.13621300      0.52256900      0.06721100      0.02066500     -0.06940500     -0.27973200     -0.20717400     -0.93745800     -0.40786900     -0.85830100      0.31138600     -0.86913300      0.46946500      0.15559400     -0.00844900     -0.00539600     -0.00465300     -0.00215800      0.03169300     -0.05524300      0.13714500
     0.11149600     -0.01137900      0.35532100     -0.27241400     -0.24375200     -0.93081700     -0.42141500     -0.83944300      0.34309900     -0.86466700      0.48602400      0.12711700     -0.01586700     -0.00618500     -0.00547200     -0.00175000      0.02801900     -0.05510600      0.24140300     -0.17444000      0.01965200      0.35882800      0.49639100      0.80998100      0.31227900     -0.77616000      0.57527700     -0.25800300     -0.38922700     -0.11534100      0.91381700      0.01293800      0.01452800      0.00887400      0.11659700     -0.11072500     -0.19665400      0.53237600      0.03092300      0.02811700     -0.00664000     -0.48040200     -0.83429100      0.27050200      0.79000200     -0.54558600     -0.27969700      0.38093100      0.07933100      0.92119300      0.00646000      0.00687000      0.00415800      0.16468900     -0.17367100     -0.26674200      0.52240500      0.06697500      0.02056900     -0.06962200     -0.27977200     -0.20728500     -0.93742200     -0.40742000     -0.85849900      0.31142800     -0.86933000      0.46905300      0.15573200     -0.00089500     -0.00381400     -0.00321700     -0.00170900      0.01367400     -0.02538800      0.13241000
     0.11102600     -0.01143700      0.35514500     -0.27284100     -0.24411100     -0.93059800     -0.42107800     -0.83941200      0.34359000     -0.86469600      0.48590000      0.12739700     -0.01475700     -0.00143100     -0.00146200     -0.00174900      0.02802500     -0.05510300      0.24599400     -0.17360200      0.02001200      0.35896000      0.48579300      0.81820000      0.30748200     -0.77747600      0.56529300     -0.27551500     -0.39983300     -0.10625900      0.91033300      0.01287000      0.00480000      0.00227500      2.31827600      1.55125200     -0.47514300      0.53220500      0.03134100      0.02831100     -0.00656500     -0.47055900     -0.84193600      0.26403900      0.79199100     -0.53493100     -0.29427300      0.38900200      0.07064400      0.91852300      0.01286100      0.00202000      0.00038300      0.25280100     -0.29639700     -0.33589800      0.52256900      0.06674000      0.02053900     -0.06971100     -0.28019900     -0.20764900     -0.93721300     -0.40710700     -0.85847000      0.31191600     -0.86934000      0.46894400      0.15600700     -0.00726000     -0.00023800     -0.00031800     -0.00163800      0.01492400     -0.02943800      0.13306300
     0.11086300     -0.01142400      0.35511300     -0.26890900     -0.24485800     -0.93154600     -0.42217500     -0.83933400      0.34243200     -0.86539700      0.48565900      0.12349400     -0.00049800     -0.00209100     -0.00177200     -0.02207300     -0.12913200      0.18063500      0.24713700     -0.17317400      0.02010800      0.35888500      0.48468700      0.81867100      0.30797300     -0.77571200      0.56506500     -0.28090100     -0.40457800     -0.10379300      0.90851900      0.02571900      0.00051100     -0.00159400      0.01358400      0.11915400     -0.31576100      0.53196600      0.03155100      0.02836300     -0.00660000     -0.46858100     -0.84261500      0.26538800      0.78939900     -0.53423100     -0.30239800      0.39658400      0.06779900      0.91549100      0.00601200      0.00491200     -0.00509400      0.03106500      0.05088300     -0.13874100      0.52256900      0.06665300      0.02054700     -0.06972600     -0.27625000     -0.20869000     -0.93815400     -0.40823200     -0.85822500      0.31111900     -0.87007600      0.46893100      0.15189000     -0.00700900      0.00081900      0.00057500     -0.03999400     -0.40275100      0.78671100      0.13583900
     0.11069500     -0.01138200      0.35510600     -0.26411700     -0.24502800     -0.93287200     -0.42350700     -0.83950800      0.34035300     -0.86622700      0.48527200      0.11912200     -0.01393000      0.00205300      0.00148500     -0.01090100     -0.01737300     -0.04595000      0.24448400     -0.17251400      0.02013200      0.35855300      0.47861500      0.82073500      0.31195000     -0.77632500      0.56160200     -0.28610700     -0.41058900     -0.10628600      0.90553000      0.01287500     -0.00669000     -0.00550300     -0.01211500      0.09765400     -0.16799900      0.53231000      0.03189100      0.02837300     -0.00676200     -0.46231100     -0.84466400      0.26983500      0.79011700     -0.53053100     -0.30700200      0.40246900      0.07127000      0.91265400      0.01287200     -0.00389600     -0.00362300     -0.02484500      0.18235400     -0.30965900      0.52256900      0.06657500      0.02056900     -0.06972900     -0.27127300     -0.20860400     -0.93962400     -0.40967300     -0.85836200      0.30883800     -0.87096300      0.46871800      0.14739100      0.00031900      0.00537200     -0.00437800      0.04060600     -0.11313500      0.18397900      0.13632900
     0.11072400     -0.01134400      0.35512500     -0.26282200     -0.24416300     -0.93346400     -0.42383500     -0.83990300      0.33896800     -0.86646200      0.48502300      0.11842500      0.00029200      0.00122300      0.00103600     -0.00000200     -0.00000700     -0.00000400      0.23974900     -0.17185600      0.02014200      0.35813900      0.47329500      0.82422900      0.31085200     -0.77856900      0.55653900     -0.28987700     -0.41249800     -0.10587200      0.90471000      0.02491000      0.00581000     -0.01386600      0.28177100     -0.29563000     -0.34994400      0.53011800      0.03222900      0.02836600     -0.00698400     -0.45683000     -0.84750900      0.27024900      0.79235800     -0.52576600     -0.30941600      0.40432100      0.07278300      0.91171600      0.01245800      0.00289400     -0.00695800      0.41237900     -0.48352500     -0.45350100      0.52256900      0.06658500      0.02058900     -0.06971900     -0.27024800     -0.20747900     -0.94016900     -0.40993000     -0.85877400      0.30734900     -0.87116200      0.46846400      0.14703000      0.00019800      0.00082700      0.00070200      0.00014900      0.00127400      0.00056100      0.13241000
     0.11083000     -0.01129600      0.35514000     -0.26261900     -0.24403300     -0.93355500     -0.42384300     -0.83998700      0.33874900     -0.86652000      0.48494200      0.11832900      0.00032700      0.00137200      0.00116200     -0.00000000     -0.00000000     -0.00000000      0.23978900     -0.17130300      0.02040000      0.35777000      0.47293600      0.82438000      0.31100000     -0.77827500      0.55638800     -0.29095400     -0.41346500     -0.10549100      0.90431300     -0.00085800      0.01053600     -0.00869500      0.03650600     -0.01028400      0.01834700      0.52425500      0.03250500      0.02848200     -0.00717100     -0.45631500     -0.84825100      0.26878400      0.79209500     -0.52485300     -0.31163100      0.40541400      0.07070000      0.91139400      0.00601100      0.00569700     -0.00455600      0.03620100     -0.02209900      0.04959500      0.52256900      0.06663800      0.02061500     -0.06970900     -0.27005700     -0.20733000     -0.94025600     -0.40994600     -0.85884700      0.30712200     -0.87121300      0.46839500      0.14694300      0.00017700      0.00074100      0.00062600     -0.00020100      0.00008800      0.00004300      0.12947000
     0.11089500     -0.01129900      0.35513900     -0.26260400     -0.24402000     -0.93356300     -0.42384800     -0.83999200      0.33873000     -0.86652200      0.48493900      0.11832300      0.00014400      0.00060600      0.00051400     -0.00000000     -0.00000000     -0.00000000      0.23795900     -0.17122600      0.02067900      0.35759500      0.47325400      0.82421800      0.31094500     -0.77778600      0.55673800     -0.29158900     -0.41402000     -0.10490300      0.90412700     -0.00087600      0.01369400     -0.00654500      0.03825000     -0.02456800      0.04331400      0.52385100      0.03254400      0.02861800     -0.00726100     -0.45662000     -0.84809200      0.26876900      0.79162800     -0.52517900     -0.31226800      0.40598400      0.07017700      0.91118100     -0.00042900      0.00646600     -0.00353800      0.03616100     -0.00978300      0.01876500      0.52273200      0.06667100      0.02061500     -0.06970900     -0.27004300     -0.20731500     -0.94026400     -0.40995400     -0.85885000      0.30710300     -0.87121400      0.46839600      0.14693700      0.00007400      0.00030600      0.00025800     -0.00017000      0.00006000      0.00001600      0.12865400
     0.11098400     -0.01133200      0.35511200     -0.26248400     -0.24393400     -0.93361900     -0.42388100     -0.84003000      0.33859700     -0.86654300      0.48491800      0.11826000     -0.00014500     -0.00061000     -0.00051600     -0.00000000     -0.00000000     -0.00000000      0.23325100     -0.17140900      0.02152900      0.35711300      0.47321800      0.82423300      0.31096100     -0.77682000      0.55695600     -0.29374100     -0.41587500     -0.10360800      0.90342500     -0.01457400      0.02364700     -0.01463000      0.07085900     -0.00533800      0.00747200      0.52284700      0.03245200      0.02905700     -0.00749900     -0.45661800     -0.84808900      0.26878200      0.79065000     -0.52534900     -0.31444900      0.40788600      0.06893000      0.91042600     -0.00727900      0.01188800     -0.00726900      0.07085700     -0.00535600      0.00758000      0.52207900      0.06671500      0.02059900     -0.06972100     -0.26992500     -0.20722400     -0.94031800     -0.40999300     -0.85888000      0.30696900     -0.87123200      0.46838300      0.14687300     -0.00008000     -0.00034700     -0.00029600     -0.00011100      0.00004500      0.00000100      0.12424500
     0.11100300     -0.01135000      0.35511100     -0.26247800     -0.24392400     -0.93362300     -0.42390600     -0.84002000      0.33858900     -0.86653200      0.48494000      0.11825100     -0.00003800     -0.00016000     -0.00013500     -0.00000000     -0.00000000     -0.00000000      0.22878700     -0.17198700      0.02262200      0.35645800      0.47328700      0.82471300      0.30958000     -0.77679100      0.55652400     -0.29463400     -0.41585000     -0.10208300      0.90361000     -0.01538600      0.03561100     -0.02229800      0.10682900     -0.01628600      0.02570300      0.52213400      0.03216900      0.02959000     -0.00781800     -0.45666900     -0.84851500      0.26734900      0.79067900     -0.52485500     -0.31520300      0.40777500      0.06744400      0.91058700     -0.00768600      0.01819600     -0.01087900      0.09897800      0.08688100     -0.14580400      0.52142600      0.06672500      0.02058900     -0.06972300     -0.26992100     -0.20721200     -0.94032100     -0.41002200     -0.85886900      0.30696100     -0.87122000      0.46840800      0.14686500     -0.00002100     -0.00009600     -0.00008200     -0.00007800      0.00002800     -0.00000700      0.11853000
     0.11097100     -0.01134500      0.35511500     -0.26253500     -0.24396400     -0.93359700     -0.42389000     -0.84000300      0.33865100     -0.86652200      0.48495000      0.11828100     -0.00000000     -0.00000200     -0.00000200     -0.00000000     -0.00000000     -0.00000000      0.22879700     -0.17232900      0.02326100      0.35608500      0.47487400      0.82632100      0.30278600     -0.77913700      0.55478500     -0.29170400     -0.40959700     -0.09844300      0.90686400     -0.01535500      0.03581800     -0.02213300      0.09441000     -0.04539900     -0.19423100      0.52115800      0.03199800      0.02991000     -0.00800500     -0.45834100     -0.84977900      0.26038000      0.79289000     -0.52331600     -0.31219400      0.40155700      0.06336100      0.91363800     -0.00766800      0.01818400     -0.01087200     -0.02841800     -0.28851600      0.00447400      0.52109900      0.06671400      0.02059000     -0.06972200     -0.26995900     -0.20724000     -0.94030400     -0.41001300     -0.85885900      0.30700300     -0.87121200      0.46841500      0.14688500      0.00000200      0.00000600      0.00000600     -0.00006300      0.00001700      0.00001200      0.11657000
     0.11085900     -0.01133100      0.35515200     -0.26274100     -0.24409700     -0.93350400     -0.42388200     -0.83991800      0.33887300     -0.86646400      0.48503000      0.11837800     -0.01380400      0.00256700      0.00192300     -0.00098400      0.01471500     -0.02955300      0.22847600     -0.17300600      0.02449700      0.35523900      0.47503300      0.82991700      0.29252600     -0.78259100      0.55050200     -0.29057300     -0.40276200     -0.09195500      0.91059800     -0.01529300      0.03282100     -0.02410800      0.13843300      0.02045800     -0.18636900      0.52126300      0.03165400      0.03054600     -0.00843300     -0.45822900     -0.85305200      0.24965500      0.79627500     -0.51878700     -0.31113400      0.39493200      0.05622300      0.91698800     -0.00763300      0.01629800     -0.01211900      0.12423900      0.05955400     -0.16922200      0.52028300      0.06665800      0.02059700     -0.06970400     -0.27016300     -0.20737900     -0.94021500     -0.41000400     -0.85878200      0.30722800     -0.87115300      0.46849400      0.14698400      0.00008000      0.00033900      0.00028900     -0.00004500      0.00001100      0.00000200      0.11559100
     0.11077100     -0.01129100      0.35518400     -0.26284500     -0.24417100     -0.93345500     -0.42385300     -0.83988500      0.33898900     -0.86644600      0.48504800      0.11843200      0.00010000      0.00042100      0.00035600     -0.00000000     -0.00000000     -0.00000000      0.22972300     -0.17362900      0.02586000      0.35417000      0.47819400      0.83355200      0.27660900     -0.78415800      0.54712900     -0.29271000     -0.39590900     -0.07799600      0.91489700     -0.01606900      0.04218700     -0.03344000      0.35412700     -0.41455700      0.02874700      0.51754700      0.03134200      0.03122700     -0.00896800     -0.46130800     -0.85572200      0.23437800      0.79775100     -0.51566100     -0.31254700      0.38831300      0.04279500      0.92053200     -0.00801800      0.02097100     -0.01679500      0.40648500     -0.47536300     -0.00636900      0.51799700      0.06660900      0.02061900     -0.06968600     -0.27028400     -0.20747000     -0.94016000     -0.40997100     -0.85874900      0.30736600     -0.87113100      0.46851400      0.14704900      0.00005900      0.00025000      0.00021200     -0.00003200      0.00000500     -0.00000200      0.11591700
     0.11070100     -0.01126600      0.35520300     -0.26294400     -0.24424200     -0.93340900     -0.42382600     -0.83985500      0.33909800     -0.86642900      0.48506600      0.11848400     -0.00029700     -0.00124600     -0.00105400     -0.00076300      0.01331500     -0.02554800      0.22703600     -0.17402200      0.02727800      0.35291000      0.48883400      0.83292500      0.25936200     -0.78554900      0.54964500     -0.28414200     -0.37981900     -0.06590600      0.92263600     -0.00247100      0.02674900     -0.02903800      0.06735000     -0.08983400      0.01449300      0.51869500      0.03114700      0.03191700     -0.00956900     -0.47149100     -0.85491100      0.21638700      0.79931800     -0.51794600     -0.30466600      0.37253900      0.02931500      0.92755300     -0.00758500      0.01360700     -0.01387600     -0.60943900     -0.64086500      0.20140100      0.51571000      0.06657500      0.02063500     -0.06967300     -0.27036600     -0.20753200     -0.94012300     -0.40994800     -0.85872600      0.30745800     -0.87111700      0.46852800      0.14709200      0.00000500      0.00001800      0.00001400     -0.00001700      0.00001500     -0.00000500      0.11542800
     0.11069800     -0.01128000      0.35519200     -0.26297800     -0.24426400     -0.93339400     -0.42381700     -0.83984500      0.33913400     -0.86642300      0.48507200      0.11850200     -0.00023600     -0.00098900     -0.00083800     -0.00000000     -0.00000000     -0.00000000      0.22402700     -0.17417600      0.02791600      0.35221800      0.49499700      0.83151800      0.25208700     -0.78631100      0.55219900     -0.27699400     -0.37012800     -0.06216800      0.92682400     -0.01602200      0.03478900     -0.03830600      0.15446900     -0.11691100      0.18762400      0.51840500      0.03107600      0.03223500     -0.00991000     -0.47772300     -0.85320600      0.20933200      0.80018600     -0.52094800     -0.29717600      0.36260400      0.02553700      0.93159200     -0.00121500      0.01183000     -0.01554400      0.12883700     -0.10031800      0.20429800      0.51636400      0.06657300      0.02062700     -0.06968000     -0.27041500     -0.20756700     -0.94010100     -0.40993400     -0.85871300      0.30751200     -0.87110800      0.46853600      0.14712000     -0.00015900     -0.00067000     -0.00056500     -0.00002300     -0.00000500      0.00000400      0.11379500
     0.11073300     -0.01132800      0.35517900     -0.26300000     -0.24426600     -0.93338700     -0.42385800     -0.83981700      0.33915300     -0.86639600      0.48512000      0.11850200     -0.00003800     -0.00015700     -0.00013300     -0.00000000     -0.00000000     -0.00000000      0.21695500     -0.17442400      0.02890700      0.35086300      0.50424000      0.82814100      0.24477500     -0.78579700      0.55763200     -0.26740000     -0.35855300     -0.05856700      0.93159700     -0.00247700      0.01972300     -0.03373600     -0.09860800     -0.14431500      0.01979100      0.51698200      0.03094500      0.03274900     -0.01060400     -0.48714100     -0.84949900      0.20259200      0.79950200     -0.52714300     -0.28794900      0.35140800      0.02170100      0.93597000     -0.00121500      0.01009600     -0.01670300     -0.60813900     -0.57874000      0.05614300      0.51456700      0.06658900      0.02059900     -0.06969000     -0.27043800     -0.20756900     -0.94009400     -0.40997700     -0.85868600      0.30753300     -0.87108100      0.46858500      0.14712200     -0.00001700     -0.00007300     -0.00006200     -0.00001000      0.00000700      0.00000900      0.10595700
     0.11085000     -0.01134000      0.35518400     -0.26277400     -0.24410300     -0.93349300     -0.42394400     -0.83987400      0.33890300     -0.86642300      0.48510300      0.11837600      0.01427400     -0.00059200     -0.00025000      0.00174800     -0.02802700      0.05510200      0.20575400     -0.17449400      0.02922700      0.34955800      0.50863400      0.82709300      0.23916400     -0.78575100      0.55954600     -0.26351000     -0.35238900     -0.05494900      0.93416600     -0.00169200     -0.00162900     -0.03264400      0.06752000      0.02329200     -0.03756100      0.51720800      0.03091000      0.03292400     -0.01125200     -0.49161300     -0.84831300      0.19667300      0.79947600     -0.52920400     -0.28421600      0.34518400      0.01751100      0.93837000      0.00554200     -0.00066400     -0.01669200      0.07581000     -0.00474000      0.01601200      0.51391400      0.06664200      0.02059100     -0.06968900     -0.27025000     -0.20742400     -0.94018000     -0.41005400     -0.85872500      0.30732100     -0.87110200      0.46857900      0.14701500      0.00002500      0.00011000      0.00009300     -0.00000600      0.00000300      0.00001500      0.09322000
     0.11088200     -0.01135400      0.35520000     -0.26273200     -0.24406100     -0.93351600     -0.42400300     -0.83986500      0.33885300     -0.86640700      0.48514000      0.11834100      0.00009200      0.00038500      0.00032600      0.00000000      0.00000000      0.00000000      0.19862500     -0.17439900      0.02908200      0.34889300      0.50816400      0.82733200      0.23933600     -0.78555900      0.55923300     -0.26474400     -0.35349400     -0.05453600      0.93377300      0.01104400     -0.00703400     -0.03741000      0.06777200      0.02330300     -0.03272500      0.51687900      0.03095700      0.03285400     -0.01159500     -0.49110300     -0.84856400      0.19686200      0.79927000     -0.52881300     -0.28552200      0.34638800      0.01712500      0.93793400      0.00554000     -0.00400900     -0.01904300      0.06830500      0.02355700     -0.03267000      0.51424100      0.06666400      0.02058700     -0.06967900     -0.27017300     -0.20735500     -0.94021700     -0.41012400     -0.85872300      0.30723200     -0.87109300      0.46861200      0.14696200      0.00005800      0.00024500      0.00020500     -0.00000700      0.00000800     -0.00002600      0.08570900
     0.11091000     -0.01139600      0.35521800     -0.26275400     -0.24405300     -0.93351200     -0.42409200     -0.83981300      0.33886800     -0.86635700      0.48523300      0.11832900     -0.00006200     -0.00026000     -0.00022000      0.00000000      0.00000000      0.00000000      0.18910800     -0.17397700      0.02813200      0.34766400      0.50583600      0.82852200      0.24015200     -0.78635600      0.55740100     -0.26623800     -0.35506000     -0.05523000      0.93313800      0.01273600     -0.03739900     -0.02711500     -0.00513600      0.04553200     -0.06845800      0.51575300      0.03116300      0.03239100     -0.01220100     -0.48880700     -0.84971300      0.19762200      0.80000500     -0.52694200     -0.28692000      0.34793500      0.01785000      0.93734800      0.00638400     -0.01915200     -0.01387200     -0.00516100      0.04551500     -0.06837900      0.51326100      0.06667800      0.02056600     -0.06966900     -0.27019600     -0.20734700     -0.94021300     -0.41021400     -0.85867300      0.30725100     -0.87104400      0.46870700      0.14695300     -0.00004200     -0.00017400     -0.00014900     -0.00000300      0.00000500     -0.00001500      0.07035900
     0.11089700     -0.01143400      0.35525200     -0.26285200     -0.24409100     -0.93347400     -0.42418400     -0.83972800      0.33896400     -0.86628200      0.48536200      0.11834900     -0.00000000     -0.00000000     -0.00000000      0.00000000      0.00000000      0.00000000      0.18573700     -0.17352600      0.02650900      0.34648500      0.50012100      0.82978900      0.24762900     -0.78462000      0.55528500     -0.27561600     -0.36681500     -0.05751200      0.92844100     -0.00003200     -0.04350000     -0.03087400     -0.00850600      0.07628400     -0.12215000      0.51590000      0.03138800      0.03159700     -0.01278300     -0.48318200     -0.85115600      0.20510500      0.79818100     -0.52450900     -0.29630200      0.35977900      0.02054300      0.93281100      0.00642700     -0.02188300     -0.01602000      0.00055500     -0.04747700      0.07545400      0.51277100      0.06667200      0.02054700     -0.06965200     -0.27029200     -0.20738800     -0.94017600     -0.41030600     -0.85859400      0.30735100     -0.87097000      0.46883500      0.14697900      0.00000000      0.00000200     -0.00000000     -0.00000500     -0.00000400      0.00000100      0.06007200
     0.11086300     -0.01150200      0.35532800     -0.26304900     -0.24416800     -0.93339800     -0.42436800     -0.83955700      0.33915800     -0.86613200      0.48561900      0.11839200      0.00000500      0.00002300      0.00001900      0.00000000      0.00000000      0.00000000      0.18810500     -0.17301500      0.02457700      0.34537700      0.49661800      0.82943100      0.25574700     -0.78059300      0.55570400     -0.28600900     -0.37994700     -0.05865600      0.92307300      0.01294400     -0.04597300     -0.03416600      0.66748200      0.45410800      0.04580500      0.51493500      0.03164900      0.03059000     -0.01336000     -0.47963000     -0.85118700      0.21315000      0.79439200     -0.52438600     -0.30652600      0.37268400      0.02230600      0.92768900      0.00648500     -0.02322000     -0.01725500      0.73463200      0.50309200      0.04625400      0.51228100      0.06665500      0.02051300     -0.06961400     -0.27048800     -0.20747100     -0.94010100     -0.41049000     -0.85843300      0.30755400     -0.87082300      0.46909200      0.14703100     -0.00000000      0.00000800      0.00000700     -0.00000600     -0.00000500     -0.00000300      0.05860200
     0.11086100     -0.01154900      0.35536900     -0.26302700     -0.24412100     -0.93341700     -0.42451600     -0.83949600      0.33912400     -0.86606600      0.48574900      0.11834200      0.00000000      0.00000000      0.00000000      0.00529600     -0.09175200      0.17638600      0.18927700     -0.17272000      0.02351400      0.34482800      0.49718600      0.82869200      0.25703700     -0.77925000      0.55683000     -0.28747800     -0.38196000     -0.05842400      0.92225600      0.01385100     -0.05681500     -0.02613200     -0.01854600     -0.13767900      0.22644300      0.51525500      0.03179100      0.03007600     -0.01362800     -0.47999000     -0.85061200      0.21463300      0.79309900     -0.52532100     -0.30826800      0.37496800      0.02225900      0.92676900      0.00651600     -0.02278000     -0.01707700     -0.00059600     -0.04850900      0.07577900      0.51244500      0.06665400      0.02049000     -0.06959400     -0.27058100     -0.20750300     -0.94006700     -0.41060700     -0.85834300      0.30764900     -0.87073900      0.46924200      0.14704900     -0.00029300     -0.00526400      0.00447600     -0.03513100      0.01582000     -0.01695200      0.05958200
     0.11085600     -0.01163600      0.35544300     -0.26320000     -0.24417500     -0.93335400     -0.42473000     -0.83932100      0.33928900     -0.86590900      0.48602400      0.11836500      0.00000000      0.00000000      0.00000000      0.00000000      0.00000000      0.00000000      0.18922000     -0.17213200      0.02143500      0.34379600      0.49545200      0.82734500      0.26461200     -0.77426500      0.55879000     -0.29698600     -0.39417400     -0.05879400      0.91707900      0.01313200     -0.04260200     -0.03252700      0.06490700      0.00107100      0.07311500      0.51511300      0.03208500      0.02902500     -0.01414600     -0.47843900     -0.84953100      0.22224200      0.78816600     -0.52703100     -0.31785500      0.38715700      0.02308900      0.92172400      0.00700100     -0.02647900     -0.01192000      0.16647700      0.21360200     -0.09521500      0.51228100      0.06665100      0.02044600     -0.06955700     -0.27063800     -0.20748100     -0.94005600     -0.41085300     -0.85820700      0.30769900     -0.87060500      0.46950000      0.14701900     -0.00000100     -0.00000200     -0.00000200     -0.00001500     -0.00001200     -0.00000400      0.06088800
     0.11085200     -0.01170700      0.35550300     -0.26334100     -0.24421900     -0.93330300     -0.42490500     -0.83917700      0.33942400     -0.86577900      0.48624900      0.11838400      0.00000000      0.00000000      0.00000000      0.00000000      0.00000000      0.00000000      0.19125500     -0.17160500      0.01951200      0.34292800      0.49292700      0.82508000      0.27614700     -0.76829000      0.56178600     -0.30669500     -0.40878100     -0.06203600      0.91044700      0.01322400     -0.03569200     -0.02781500      2.20233500      1.61666700     -0.00374900      0.51520300      0.03235400      0.02804000     -0.01459800     -0.47631700     -0.84770900      0.23347100      0.78254700     -0.52977500     -0.32704400      0.40092600      0.02692600      0.91571400      0.00662100     -0.01753200     -0.01367900      2.19871200      1.60394000     -0.00759800      0.51244500      0.06664900      0.02041100     -0.06952700     -0.27077800     -0.20752900     -0.94000500     -0.41102800     -0.85807200      0.30784100     -0.87047900      0.46972600      0.14704700     -0.00000100      0.00000000     -0.00000100     -0.00001700      0.00000300     -0.00004200      0.06170500
     0.11085200     -0.01171600      0.35552200     -0.26335600     -0.24421800     -0.93329900     -0.42494900     -0.83915100      0.33943600     -0.86575400      0.48629600      0.11838000      0.00008600      0.00036000      0.00030500      0.00000000      0.00000000      0.00000000      0.19396600     -0.17142300      0.01871300      0.34254800      0.49207600      0.82375300      0.28157300     -0.76631200      0.56340800     -0.30866100     -0.41349700     -0.06494000      0.90811100      0.01411100     -0.04217700     -0.01634800     -0.05378700     -0.02620400      0.13132300      0.51166000      0.03244500      0.02763700     -0.01479000     -0.47527100     -0.84656600      0.23967000      0.78035600     -0.53141500     -0.32960900      0.40640000      0.03037500      0.91318900      0.00706500     -0.02072200     -0.00790400     -0.04570500     -0.05888100      0.11775800      0.51064800      0.06664900      0.02040600     -0.06951800     -0.27079300     -0.20752800     -0.94000100     -0.41107200     -0.85804600      0.30785500     -0.87045400      0.46977300      0.14704300      0.00004500      0.00019900      0.00016900     -0.00000900      0.00000900     -0.00001100      0.06333800
     0.11087800     -0.01171600      0.35556300     -0.26329800     -0.24416100     -0.93333000     -0.42503600     -0.83913400      0.33936800     -0.86572900      0.48635300      0.11833000      0.00011700      0.00049200      0.00041700      0.00000000      0.00000000      0.00000000      0.19335800     -0.17125400      0.01751800      0.34196600      0.48754400      0.82462600      0.28685200     -0.76486400      0.56190200     -0.31493200     -0.42147400     -0.06691200      0.90429200      0.00092800     -0.03074400     -0.00680500     -0.04008200      0.04087900     -0.06706500      0.50945500      0.03253000      0.02703200     -0.01508700     -0.47077400     -0.84766300      0.24461700      0.77891900     -0.52954400     -0.33595700      0.41431400      0.03237700      0.90955700      0.00047100     -0.01476200     -0.00294200     -0.04299700      0.03709500     -0.06755800      0.50558600      0.06666200      0.02040600     -0.06949700     -0.27073600     -0.20746900     -0.94003000     -0.41116000     -0.85802800      0.30778800     -0.87043000      0.46983300      0.14699500      0.00007100      0.00030000      0.00025500     -0.00000500      0.00000200      0.00001200      0.06529700
     0.11088500     -0.01170700      0.35561100     -0.26326100     -0.24412000     -0.93335100     -0.42511600     -0.83911100      0.33932300     -0.86570000      0.48641300      0.11829000      0.00026600      0.00111800      0.00094600      0.00000000      0.00000000      0.00000000      0.18743800     -0.17109500      0.01707800      0.34179300      0.48458100      0.82612100      0.28757100     -0.76651000      0.55948600     -0.31523300     -0.42189800     -0.06872400      0.90395900      0.01321200     -0.00047300     -0.00141800     -0.01044000      0.08869700     -0.13986700      0.50820900      0.03260400      0.02680300     -0.01518100     -0.46790500     -0.84907500      0.24522600      0.78047200     -0.52716700     -0.33608900      0.41464000      0.03413400      0.90934400      0.00000500      0.00019000      0.00014300     -0.00008000     -0.00010600      0.00005100      0.50313700      0.06666500      0.02040900     -0.06947400     -0.27070000     -0.20742700     -0.94005000     -0.41124200     -0.85800400      0.30774500     -0.87040200      0.46989500      0.14695900      0.00017000      0.00071400      0.00060500      0.00000300      0.00001400      0.00000600      0.06317400
     0.11087500     -0.01170700      0.35562400     -0.26327900     -0.24412700     -0.93334400     -0.42513500     -0.83909500      0.33934100     -0.86568500      0.48643900      0.11829400      0.00003700      0.00015500      0.00013100      0.00000000      0.00000000      0.00000000      0.18651900     -0.17101400      0.01716000      0.34189800      0.48409000      0.82636400      0.28769800     -0.76679800      0.55908600     -0.31524100     -0.42193800     -0.06905600      0.90391500      0.01317400      0.00833200      0.00530300      0.00385400     -0.03025800      0.05375100      0.50817200      0.03264500      0.02683900     -0.01513100     -0.46726000     -0.84938600      0.24537600      0.78082400     -0.52663800     -0.33610200      0.41470500      0.03454900      0.90929900     -0.00001700      0.00467800      0.00356900      0.00180000     -0.01507700      0.02455200      0.50281000      0.06666100      0.02041200     -0.06946600     -0.27071700     -0.20743400     -0.94004300     -0.41126100     -0.85798800      0.30776400     -0.87038800      0.46992100      0.14696200      0.00001400      0.00006200      0.00005300     -0.00000400      0.00000100      0.00000300      0.06039900
     0.11086800     -0.01169200      0.35563600     -0.26326400     -0.24411700     -0.93335100     -0.42513900     -0.83909900      0.33932500     -0.86568800      0.48643600      0.11828500      0.00001200      0.00005200      0.00004400      0.00000000      0.00000000      0.00000000      0.18686400     -0.17082600      0.01754700      0.34241600      0.48364700      0.82574000      0.29022400     -0.76728100      0.55960500     -0.31313700     -0.42156600     -0.07228900      0.90383500      0.01398000      0.00558400      0.01977800     -0.03401000     -0.03013200      0.06315000      0.50832900      0.03273900      0.02704600     -0.01486900     -0.46685300     -0.84881000      0.24813100      0.78129900     -0.52733100     -0.33390400      0.41426800      0.03798000      0.90936100     -0.00004400      0.00851200      0.00646400     -0.00074200      0.07499300     -0.15190200      0.50281000      0.06665700      0.02041900     -0.06946000     -0.27070300     -0.20742500     -0.94005000     -0.41126500     -0.85799200      0.30774900     -0.87039000      0.46991900      0.14695400      0.00000200      0.00000700      0.00000700     -0.00000000      0.00000100      0.00002000      0.05876600
     0.11086500     -0.01169700      0.35561800     -0.26328200     -0.24413500     -0.93334100     -0.42511100     -0.83910500      0.33934600     -0.86569600      0.48641700      0.11830100     -0.00001500     -0.00006200     -0.00005200      0.00000000      0.00000000      0.00000000      0.18998100     -0.17085000      0.01800100      0.34314800      0.48237700      0.82382100      0.29769500     -0.76843000      0.56118200     -0.30744700     -0.42092600     -0.08150400      0.90335000      0.00077700      0.00818100      0.02271100     -0.09647500      0.06945000      0.09010500      0.50847100      0.03273200      0.02728200     -0.01449600     -0.46567900     -0.84716900      0.25582500      0.78245200     -0.52920900     -0.32818300      0.41341200      0.04734300      0.90931100     -0.00005900      0.01003300      0.00757100     -0.06634600      0.15391800     -0.06399000      0.50330000      0.06665600      0.02041500     -0.06946900     -0.27072100     -0.20744200     -0.94004000     -0.41123600     -0.85799800      0.30776900     -0.87039800      0.46989900      0.14697000     -0.00000700     -0.00003500     -0.00003000     -0.00000500     -0.00000800      0.00000100      0.05990900
