     0.12364200     -0.00416700      0.36323300     -0.12882100      0.62247500     -0.77199500     -0.90173000     -0.39741600     -0.17004400     -0.41249900      0.67345100      0.61346200      0.01298200     -0.00479100     -0.00368200     -0.00027300     -0.01394100      0.02818500      0.37855400     -0.15150800     -0.00224700      0.33590700      0.15120100      0.26560000      0.95214800     -0.76607100      0.64018900     -0.05680700     -0.62480000     -0.72114900      0.29905100      0.00000500     -0.00008800     -0.00007600      0.05398200     -0.22008100     -0.13276500      0.42916500      0.04257100      0.02278200     -0.01075800     -0.13809600     -0.27057300      0.95274300      0.70975100     -0.69796900     -0.09534300      0.69078300      0.66304500      0.28842600     -0.00000100      0.00002200      0.00001700      0.00056300     -0.00286400     -0.00178000      0.51832300      0.07679800      0.02292500     -0.06180900     -0.20101000      0.64089800     -0.74084000     -0.82841400     -0.51483800     -0.22061300     -0.52280400      0.56937700      0.63441700     -0.00014300      0.00340100     -0.00592500      0.02995800      0.08896900     -0.18438400      0.32231700
     0.12397200     -0.00415300      0.36295000     -0.13359700      0.62233700     -0.77129400     -0.90244900     -0.39796800     -0.16486400     -0.40939300      0.67325300      0.61575600      0.01293900     -0.00503800     -0.00387700      0.00098400     -0.01471400      0.02955300      0.37799900     -0.15150700     -0.00226200      0.33590800      0.15012600      0.26921500      0.95130300     -0.76968400      0.63570400     -0.05831700     -0.62060300     -0.72377700      0.30143300      0.00000000     -0.00000300     -0.00000200      0.00010900     -0.00043600     -0.00026200      0.43915300      0.04257100      0.02278200     -0.01075800     -0.13809600     -0.27057300      0.95274300      0.70975100     -0.69796900     -0.09534300      0.69078300      0.66304500      0.28842600     -0.00000100      0.00002200      0.00001700      0.00056300     -0.00286400     -0.00178000      0.51832300      0.07696300      0.02293200     -0.06195200     -0.20570200      0.64002400     -0.74030600     -0.82916300     -0.51578700     -0.21552700     -0.51978300      0.56950100      0.63678300      0.00662900      0.00242700     -0.00667100      0.03858900     -0.01826400      0.02445400      0.31790800
     0.12416200     -0.00410600      0.36267900     -0.13698300      0.62218500     -0.77082200     -0.90255000     -0.39901500     -0.16175000     -0.40804500      0.67277400      0.61717200     -0.00059200     -0.00302300     -0.00233000     -0.00000000     -0.00000000     -0.00000000      0.37434900     -0.15150800     -0.00224200      0.33592500      0.14989800      0.26925900      0.95132600     -0.76972400      0.63563900     -0.05850400     -0.62060900     -0.72381800      0.30132300     -0.00001000      0.00016800      0.00014600      0.07072500      0.13558800     -0.19619900      0.37886800      0.04257100      0.02278200     -0.01075800     -0.13809600     -0.27057300      0.95274300      0.70975100     -0.69796900     -0.09534300      0.69078300      0.66304500      0.28842600     -0.00000100      0.00002200      0.00001700      0.00056300     -0.00286400     -0.00178000      0.51832300      0.07706300      0.02295400     -0.06208900     -0.20898400      0.63936100     -0.73996100     -0.82918100     -0.51700000     -0.21253000     -0.51844300      0.56914600      0.63819100     -0.00012200      0.00350900     -0.00583800      0.03483900     -0.00194400     -0.00778200      0.31790800
     0.12438000     -0.00402700      0.36234200     -0.13663400      0.62211300     -0.77094300     -0.90225200     -0.39939900     -0.16245900     -0.40882000      0.67261300      0.61683500     -0.00036300      0.00647300     -0.01208700      0.03451000     -0.00168400     -0.00818800      0.33566600     -0.15211200     -0.00248400      0.33572100      0.13869700      0.27079900      0.95258700     -0.76957500      0.63484100     -0.06830000     -0.62337900     -0.72394500      0.29523600     -0.02833100     -0.00114200     -0.01617600      0.03054700      0.03608800     -0.06441100     -0.48202600      0.04257100      0.02278200     -0.01075800     -0.13809600     -0.27057300      0.95274300      0.70975100     -0.69796900     -0.09534300      0.69078300      0.66304500      0.28842600     -0.00000100      0.00002200      0.00001700      0.00056300     -0.00286400     -0.00178000      0.51832300      0.07716700      0.02299300     -0.06225100     -0.20878600      0.63931700     -0.74005400     -0.82879700     -0.51737100     -0.21312300     -0.51913600      0.56885700      0.63788400      0.00664800      0.00251200     -0.00660700      0.03626600     -0.02966400      0.04700000      0.29194500
     0.12447400     -0.00398300      0.36217100     -0.13634000      0.62208000     -0.77102100     -0.90211100     -0.39953700     -0.16290500     -0.40923000      0.67256200      0.61661900     -0.00071300     -0.00365700     -0.00282400     -0.00000000     -0.00000000     -0.00000000      0.31371300     -0.15260600     -0.00258300      0.33540200      0.13969700      0.27626900      0.95086900     -0.76884900      0.63536500     -0.07152500     -0.62405300     -0.72142100      0.29995500     -0.02827400     -0.00263000     -0.01749900      0.17173100     -0.58362700     -0.20565600     -1.30029200      0.04257100      0.02278200     -0.01075800     -0.13809600     -0.27057300      0.95274300      0.70975100     -0.69796900     -0.09534300      0.69078300      0.66304500      0.28842600     -0.00000100      0.00002200      0.00001700      0.00056300     -0.00286400     -0.00178000      0.51832300      0.07721900      0.02301600     -0.06234200     -0.20832400      0.63936400     -0.74014400     -0.82864100     -0.51738200     -0.21370100     -0.51957000      0.56879600      0.63758700     -0.00020000      0.00311400     -0.00614200      0.03449700     -0.00169000     -0.00814300      0.26467500
     0.12458900     -0.00388200      0.36182500     -0.13821200      0.62196800     -0.77077800     -0.90227800     -0.39993300     -0.16099800     -0.40823100      0.67242900      0.61742500     -0.00068000     -0.00349400     -0.00270200     -0.00000000      0.00000000     -0.00000000      0.29660100     -0.15244600     -0.00206200      0.33511000      0.13927600      0.29109300      0.94649800     -0.78940300      0.60967500     -0.07122300     -0.59793200     -0.73760500      0.31349600      0.01220900      0.02202700     -0.00005300     -1.54508500     -0.01011400     -0.52417600     -1.40818200      0.04257100      0.02278200     -0.01075800     -0.13809600     -0.27057300      0.95274300      0.70975100     -0.69796900     -0.09534300      0.69078300      0.66304500      0.28842600     -0.00000100      0.00002200      0.00001700      0.00056300     -0.00286400     -0.00178000      0.51832300      0.07727700      0.02306500     -0.06251500     -0.21017600      0.63896300     -0.73996700     -0.82879900     -0.51790800     -0.21180700     -0.51857200      0.56876700      0.63842400     -0.00017500      0.00324000     -0.00604300      0.03584800     -0.00244600     -0.00683400      0.22352600
     0.12469400     -0.00379700      0.36149400     -0.14014000      0.62186000     -0.77051700     -0.90245500     -0.40032300     -0.15902000     -0.40717800      0.67229800      0.61826300     -0.00015300      0.00755500     -0.01125300      0.03529600     -0.01495600      0.01738100      0.30087800     -0.15237100     -0.00145700      0.33541100      0.12439600      0.28881300      0.94926500     -0.80030100      0.59471400     -0.07594500     -0.58659900     -0.75060300      0.30390700      0.01340700      0.00919900      0.00663600     -0.01194600      0.03464700      0.09297800     -1.40854900      0.04257100      0.02278200     -0.01075800     -0.13809600     -0.27057300      0.95274300      0.70975100     -0.69796900     -0.09534300      0.69078300      0.66304500      0.28842600     -0.00000100      0.00002200      0.00001700      0.00056300     -0.00286400     -0.00178000      0.51832300      0.07732400      0.02310100     -0.06267400     -0.21212800      0.63855300     -0.73976400     -0.82898200     -0.51843400     -0.20979300     -0.51748400      0.56874900      0.63932300     -0.00039100     -0.00204200     -0.00158300      0.00029500      0.01266800     -0.02446200      0.21732100
     0.12475600     -0.00377900      0.36135400     -0.13998600      0.62183300     -0.77056600     -0.90234300     -0.40046200     -0.15930800     -0.40748000      0.67224100      0.61812600     -0.00035700      0.00650700     -0.01206500      0.03451700     -0.00164000     -0.00816600      0.30262200     -0.15225700     -0.00142600      0.33546700      0.12287200      0.28394000      0.95093200     -0.80410100      0.59004000     -0.07216100     -0.58170000     -0.75612500      0.29960300      0.00000100     -0.00001200     -0.00001100     -0.06977000      0.28237200      0.17067400     -1.40818200      0.04257100      0.02278200     -0.01075800     -0.13809600     -0.27057300      0.95274300      0.70975100     -0.69796900     -0.09534300      0.69078300      0.66304500      0.28842600     -0.00000100      0.00002200      0.00001700      0.00056300     -0.00286400     -0.00178000      0.51832300      0.07736000      0.02311500     -0.06274700     -0.21189800      0.63856300     -0.73982100     -0.82883800     -0.51851800     -0.21015500     -0.51780800      0.56866100      0.63913800     -0.00030100     -0.00157600     -0.00122200      0.00012500     -0.00009000      0.00015900      0.21846400
     0.12488300     -0.00379600      0.36116100     -0.13975600      0.62180600     -0.77063000     -0.90221700     -0.40059600     -0.15968100     -0.40783600      0.67218600      0.61795000     -0.00052800     -0.00272700     -0.00211500      0.00000000      0.00000000      0.00000000      0.30591300     -0.15219700     -0.00167400      0.33540800      0.12329100      0.27831700      0.95253900     -0.80450100      0.58997500     -0.06813100     -0.58105900     -0.75825700      0.29543100      0.00032200     -0.00586800     -0.00510300     -0.00496600      0.02701900     -0.01727100     -1.40670300      0.04257100      0.02278200     -0.01075800     -0.13809600     -0.27057300      0.95274300      0.70975100     -0.69796900     -0.09534300      0.69078300      0.66304500      0.28842600     -0.00000100      0.00002200      0.00001700      0.00056300     -0.00286400     -0.00178000      0.51832300      0.07742300      0.02310800     -0.06284800     -0.21166700      0.63857000     -0.73988100     -0.82867100     -0.51862800     -0.21054400     -0.51817100      0.56855300      0.63894100      0.00651200     -0.00236000     -0.00183300      0.00020000     -0.00140100      0.00401800      0.22075000
     0.12493600     -0.00388500      0.36106600     -0.14213100      0.62176400     -0.77022900     -0.90265400     -0.40069000     -0.15695600     -0.40604400      0.67216800      0.61914900     -0.00041900     -0.00216400     -0.00168000     -0.00000000      0.00000000     -0.00000000      0.31630100     -0.15214500     -0.00184500      0.33526900      0.12333600      0.27428000      0.95370400     -0.79747000      0.59933200     -0.06911300     -0.59066400     -0.75236000      0.29143300      0.00020200     -0.00367800     -0.00320300     -0.00212200      0.01555700     -0.02419500     -1.40338900      0.04257100      0.02278200     -0.01075800     -0.13809600     -0.27057300      0.95274300      0.70975100     -0.69796900     -0.09534300      0.69078300      0.66304500      0.28842600     -0.00000100      0.00002200      0.00001700      0.00056300     -0.00286400     -0.00178000      0.51832300      0.07745000      0.02306300     -0.06289600     -0.21402500      0.63815700     -0.73955900     -0.82915600     -0.51894400     -0.20783700     -0.51642200      0.56872800      0.64019800     -0.00022900     -0.00119300     -0.00092800     -0.00552300      0.10496200     -0.20117900      0.22891400
     0.12493700     -0.00393400      0.36102800     -0.14210900      0.62176600     -0.77023200     -0.90265600     -0.40067800     -0.15697300     -0.40604700      0.67217400      0.61914100     -0.00010400     -0.00053600     -0.00041600      0.00000000      0.00000000      0.00000000      0.32165000     -0.15203800     -0.00188300      0.33522500      0.12077900      0.27161400      0.95479300     -0.79736800      0.59942000     -0.06953400     -0.59132800     -0.75325300      0.28775700     -0.00005800      0.00105000      0.00091500      0.01261900     -0.09919900      0.17190800     -0.89448900      0.04257100      0.02278200     -0.01075800     -0.13809600     -0.27057300      0.95274300      0.70975100     -0.69796900     -0.09534300      0.69078300      0.66304500      0.28842600     -0.00000100      0.00002200      0.00001700      0.00056300     -0.00286400     -0.00178000      0.51832300      0.07745000      0.02303600     -0.06291700     -0.21399600      0.63816200     -0.73956200     -0.82915900     -0.51893000     -0.20786000     -0.51643000      0.56873400      0.64018700     -0.00006000     -0.00031400     -0.00024400      0.00001100     -0.00002600      0.00002200      0.23789500
     0.12492700     -0.00393300      0.36102900     -0.14213300      0.62176400     -0.77022900     -0.90265300     -0.40069100     -0.15695500     -0.40604400      0.67216700      0.61914900     -0.00000200     -0.00000900     -0.00000700      0.00000000      0.00000000      0.00000000      0.32531400     -0.15184800     -0.00177400      0.33524700      0.12134600      0.27150700      0.95475100     -0.79722200      0.59966500     -0.06908500     -0.59140900     -0.75309600      0.28800100     -0.00022600      0.00403800      0.00351700      0.00186300     -0.01451100      0.02482700     -0.46388500      0.04257100      0.02278200     -0.01075800     -0.13809600     -0.27057300      0.95274300      0.70975100     -0.69796900     -0.09534300      0.69078300      0.66304500      0.28842600     -0.00000100      0.00002200      0.00001700      0.00056300     -0.00286400     -0.00178000      0.51832300      0.07744500      0.02303700     -0.06291600     -0.21402000      0.63815700     -0.73956000     -0.82915400     -0.51894400     -0.20784300     -0.51642700      0.56872800      0.64019500      0.00001300      0.00006200      0.00004800      0.00000100     -0.00000600      0.00001400      0.24148800
     0.12483300     -0.00393600      0.36103900     -0.14239200      0.62175300     -0.77019100     -0.90263400     -0.40081300     -0.15675600     -0.40599700      0.67210600      0.61924700     -0.00000100     -0.00000400     -0.00000300      0.00000000      0.00000000      0.00000000      0.33968900     -0.15148200     -0.00157800      0.33543400      0.12770000      0.27100300      0.95406600     -0.79756800      0.59982100     -0.06350600     -0.58960800     -0.75315300      0.29152400      0.01361800      0.00520500      0.00316000      0.00828200     -0.00297300      0.01156900      0.04391400      0.04257100      0.02278200     -0.01075800     -0.13809600     -0.27057300      0.95274300      0.70975100     -0.69796900     -0.09534300      0.69078300      0.66304500      0.28842600     -0.00000100      0.00002200      0.00001700      0.00056300     -0.00286400     -0.00178000      0.51832300      0.07739800      0.02303600     -0.06291000     -0.21427400      0.63810600     -0.73953100     -0.82912200     -0.51907200     -0.20765000     -0.51637300      0.56866800      0.64029200     -0.00680600      0.00084600      0.00065800     -0.00100300      0.01471700     -0.02955600      0.25602100
     0.12470200     -0.00391300      0.36105700     -0.14496800      0.62170100     -0.76975200     -0.90305900     -0.40098100     -0.15385300     -0.40413400      0.67205300      0.62052200      0.00000000      0.00000100      0.00000100     -0.00000000      0.00000000     -0.00000000      0.35820300     -0.15153400     -0.00165500      0.33558800      0.13034800      0.26807100      0.95453600     -0.79815800      0.59947300     -0.05924200     -0.58823200     -0.75447400      0.29088600     -0.00000200      0.00004100      0.00003600     -0.00015800      0.00063300      0.00038200      0.17917200      0.04257100      0.02278200     -0.01075800     -0.13809600     -0.27057300      0.95274300      0.70975100     -0.69796900     -0.09534300      0.69078300      0.66304500      0.28842600     -0.00000100      0.00002200      0.00001700      0.00056300     -0.00286400     -0.00178000      0.51832300      0.07733300      0.02304900     -0.06290100     -0.21683100      0.63765000     -0.73917800     -0.82959000     -0.51947000     -0.20476600     -0.51455100      0.56881600      0.64162600      0.00000000      0.00000300      0.00000300      0.00072000     -0.00041200      0.00072600      0.27855500
     0.12464000     -0.00391400      0.36106900     -0.14513100      0.62169500     -0.76972600     -0.90305000     -0.40105100     -0.15372100     -0.40409400      0.67201800      0.62058600      0.00000000      0.00000000      0.00000000     -0.00000000      0.00000000     -0.00000000      0.36762800     -0.15155800     -0.00173500      0.33561500      0.13095500      0.27080100      0.95368200     -0.79804400      0.59949500     -0.06052500     -0.58825100     -0.75348400      0.29340300      0.00006500     -0.00114700     -0.00099700      0.00922000     -0.03680800     -0.02219200      0.22066600      0.04257100      0.02278200     -0.01075800     -0.13809600     -0.27057300      0.95274300      0.70975100     -0.69796900     -0.09534300      0.69078300      0.66304500      0.28842600     -0.00000100      0.00002200      0.00001700      0.00056300     -0.00286400     -0.00178000      0.51832300      0.07730200      0.02304800     -0.06289400     -0.21698600      0.63762000     -0.73916000     -0.82957300     -0.51954500     -0.20464700     -0.51451400      0.56878200      0.64168600     -0.00000200      0.00000100      0.00000200      0.00008800     -0.00006500      0.00010900      0.28933200
     0.12454800     -0.00390300      0.36107800     -0.14762900      0.62164800     -0.76928900     -0.90347500     -0.40117700     -0.15087200     -0.40223500      0.67198600      0.62182700      0.00000000      0.00000000      0.00000000     -0.00000000      0.00000000     -0.00000000      0.38398800     -0.15141900     -0.00175200      0.33565400      0.13716100      0.27034600      0.95293800     -0.79837400      0.59958400     -0.05506600     -0.58639400     -0.75357700      0.29686200     -0.00010500      0.00182900      0.00159000     -0.23103500     -0.45291600      0.65501100      0.34259200      0.04257100      0.02278200     -0.01075800     -0.13809600     -0.27057300      0.95274300      0.70975100     -0.69796900     -0.09534300      0.69078300      0.66304500      0.28842600     -0.00000100      0.00002200      0.00001700      0.00056300     -0.00286400     -0.00178000      0.51832300      0.07725600      0.02305400     -0.06289000     -0.21946200      0.63718100     -0.73880600     -0.83004500     -0.51989800     -0.20182000     -0.51270000      0.56895100      0.64298700     -0.00000100      0.00000100      0.00000300      0.00039900     -0.00024500      0.00042300      0.31284600
     0.12448700     -0.00390300      0.36109100     -0.14779300      0.62164200     -0.76926300     -0.90346600     -0.40124700     -0.15074100     -0.40219500      0.67195000      0.62189200      0.00000000      0.00000000      0.00000000      0.00000000      0.00000000      0.00000000      0.39547900     -0.15128400     -0.00169500      0.33581000      0.14105100      0.27560300      0.95086200     -0.79827100      0.59970100     -0.05528400     -0.58561500     -0.75158300      0.30338100     -0.00018700      0.00324000      0.00281200      0.01309900     -0.05197200     -0.03134100      0.41403700      0.04257100      0.02278200     -0.01075800     -0.13809600     -0.27057300      0.95274300      0.70975100     -0.69796900     -0.09534300      0.69078300      0.66304500      0.28842600     -0.00000100      0.00002200      0.00001700      0.00056300     -0.00286400     -0.00178000      0.51832300      0.07722500      0.02305400     -0.06288400     -0.21961900      0.63715000     -0.73878700     -0.83002700     -0.51997300     -0.20169700     -0.51266100      0.56891700      0.64304800     -0.00000100     -0.00000100      0.00000300     -0.00001200      0.00000100      0.00002200      0.33162400
     0.12446800     -0.00389500      0.36111000     -0.14781500      0.62164300     -0.76925700     -0.90347400     -0.40124000     -0.15070900     -0.40216900      0.67195200      0.62190600      0.00004000      0.00020300      0.00015800      0.00000000      0.00000000      0.00000000      0.40705200     -0.15136500     -0.00178900      0.33601900      0.14119200      0.27841700      0.95002100     -0.79846200      0.59930000     -0.05684500     -0.58532100     -0.75086900      0.30571000     -0.00007500      0.00130400      0.00113100      0.00007400     -0.00029200     -0.00017600      0.44358700      0.04257100      0.02278200     -0.01075800     -0.13809600     -0.27057300      0.95274300      0.70975100     -0.69796900     -0.09534300      0.69078300      0.66304500      0.28842600     -0.00000100      0.00002200      0.00001700      0.00056300     -0.00286400     -0.00178000      0.51832300      0.07721600      0.02305800     -0.06287400     -0.21964100      0.63714800     -0.73878200     -0.83003700     -0.51996900     -0.20166600     -0.51263600      0.56892300      0.64306300      0.00001900      0.00010000      0.00008100     -0.00001400      0.00000100      0.00001700      0.34615700
     0.12446900     -0.00389600      0.36112200     -0.15008700      0.62161300     -0.76884200     -0.90392700     -0.40122600     -0.14800500     -0.40030300      0.67198900      0.62306900      0.00001100      0.00005600      0.00004300     -0.00037700      0.00023400     -0.00041000      0.41542000     -0.15133300     -0.00189400      0.33610000      0.14118800      0.27843400      0.95001700     -0.79866400      0.59903900     -0.05675300     -0.58504500     -0.75107100      0.30574100      0.00113800     -0.01094900      0.00836400     -0.03644400      0.00883400     -0.01910300      0.46285000      0.04257100      0.02278200     -0.01075800     -0.13809600     -0.27057300      0.95274300      0.70975100     -0.69796900     -0.09534300      0.69078300      0.66304500      0.28842600     -0.00000100      0.00002200      0.00001700      0.00056300     -0.00286400     -0.00178000      0.51832300      0.07721700      0.02305800     -0.06286800     -0.22194200      0.63675300     -0.73843500     -0.83056700     -0.52018100     -0.19892000     -0.51078300      0.56917100      0.64431600      0.00000400      0.00002400      0.00002000      0.00035300     -0.00004900     -0.00012100      0.35481100
     0.12444100     -0.00388700      0.36114200     -0.15483000      0.62153900     -0.76796000     -0.90477300     -0.40132500     -0.14246300     -0.39656300      0.67199800      0.62544600      0.00010200      0.00052300      0.00040600     -0.00037700      0.00023400     -0.00041000      0.43383700     -0.15125400     -0.00204600      0.33621700      0.14283400      0.27761400      0.95001100     -0.79540000      0.60338100     -0.05661200     -0.58908200     -0.74789100      0.30578600      0.00112200     -0.01065400      0.00862200      0.10531300      0.00037600      0.02651900      0.51647300      0.04257100      0.02278200     -0.01075800     -0.13809600     -0.27057300      0.95274300      0.70975100     -0.69796900     -0.09534300      0.69078300      0.66304500      0.28842600     -0.00000100      0.00002200      0.00001700      0.00056300     -0.00286400     -0.00178000      0.51832300      0.07720200      0.02306200     -0.06285800     -0.22664600      0.63593300     -0.73771200     -0.83152600     -0.52072500     -0.19341400     -0.50714500      0.56959100      0.64681500      0.00006400      0.00033400      0.00026000      0.00407600     -0.00232300      0.00385200      0.37816200
     0.12444100     -0.00388700      0.36114200     -0.15483000      0.62153900     -0.76796000     -0.90477300     -0.40132500     -0.14246300     -0.39656300      0.67199800      0.62544600      0.00010200      0.00052300      0.00040600     -0.00037700      0.00023400     -0.00041000      0.43383700     -0.15125400     -0.00204600      0.33621700      0.14283400      0.27761400      0.95001100     -0.79540000      0.60338100     -0.05661200     -0.58908200     -0.74789100      0.30578600      0.00112200     -0.01065400      0.00862200      0.10531300      0.00037600      0.02651900      0.51647300      0.04257100      0.02278200     -0.01075800     -0.13809600     -0.27057300      0.95274300      0.70975100     -0.69796900     -0.09534300      0.69078300      0.66304500      0.28842600     -0.00000100      0.00002200      0.00001700      0.00056300     -0.00286400     -0.00178000      0.51832300      0.07720200      0.02306200     -0.06285800     -0.22664600      0.63593300     -0.73771200     -0.83152600     -0.52072500     -0.19341400     -0.50714500      0.56959100      0.64681500      0.00006400      0.00033400      0.00026000      0.00407600     -0.00232300      0.00385200      0.37816200
     0.12432600     -0.00391300      0.36128900     -0.15785600      0.62150600     -0.76737000     -0.90522800     -0.40149900     -0.13903500     -0.39432100      0.67192400      0.62694200     -0.01347200      0.00240300      0.00185700     -0.00098400      0.01471500     -0.02955300      0.46012100     -0.15121900     -0.00241100      0.33640900      0.15123200      0.27620900      0.94912000     -0.79253200      0.60768600     -0.05044400     -0.59085900     -0.74491600      0.30959500      0.00017800     -0.00308400     -0.00267600     -0.02141400     -0.04065700      0.05880200      0.53339800      0.04262700      0.02269200     -0.01066300     -0.14296700     -0.27169300      0.95170500      0.71439700     -0.69382900     -0.09075700      0.68497900      0.66692000      0.29329100     -0.00004400     -0.00172900     -0.00108800     -0.25055500     -0.59804000      0.89220900      0.51816000      0.07715000      0.02304800     -0.06278500     -0.22956700      0.63543800     -0.73723600     -0.83202600     -0.52114600     -0.19010300     -0.50500600      0.56975800      0.64833800      0.00010400      0.00053600      0.00041500      0.00002100     -0.00003200      0.00005700      0.41882100
     0.12427500     -0.00389900      0.36139000     -0.15777800      0.62152900     -0.76736700     -0.90531200     -0.40132800     -0.13898400     -0.39416000      0.67200500      0.62695600      0.00043100      0.00220600      0.00171000      0.00077900     -0.01331000      0.02555000      0.46823000     -0.15099600     -0.00261400      0.33627900      0.17829400      0.27417600      0.94500200     -0.79390600      0.60741600     -0.02632300     -0.58141900     -0.74588500      0.32476200      0.01418200     -0.00424800     -0.00506300     -0.80788400     -1.40959400      2.01660300      0.53434300      0.04273100      0.02258000     -0.01072100     -0.16749000     -0.26694000      0.94904600      0.71663500     -0.69405200     -0.06874400      0.67703800      0.66860600      0.30754500      0.00011000     -0.00260700     -0.00214300      0.00059600      0.00123600     -0.00197700      0.51832300      0.07711900      0.02305300     -0.06273600     -0.22953600      0.63546200     -0.73722400     -0.83212700     -0.52101600     -0.19001400     -0.50485300      0.56984900      0.64837700     -0.00671600      0.00131000      0.00101300     -0.00099300      0.01469900     -0.02955200      0.43270100
     0.12422900     -0.00388200      0.36144100     -0.15784300      0.62153400     -0.76735000     -0.90533600     -0.40130800     -0.13889200     -0.39408100      0.67201300      0.62699700      0.00048000      0.00245300      0.00190200      0.00077900     -0.01330800      0.02555100      0.47150800     -0.15082700     -0.00267500      0.33616900      0.19236000      0.27327200      0.94250300     -0.79474900      0.60673200     -0.01359200     -0.57577200     -0.74677100      0.33269000      0.00025700     -0.00437800     -0.00381000     -0.08447600     -0.03593200      0.02503200      0.53437700      0.04281500      0.02254700     -0.01077700     -0.18339400     -0.26400700      0.94692400      0.71820700     -0.69370600     -0.05431100      0.67122600      0.67012800      0.31683300      0.00011600     -0.00236100     -0.00199000     -0.79984000     -1.39204800      1.99209200      0.51848600      0.07709600      0.02306200     -0.06271100     -0.22960100      0.63545700     -0.73720900     -0.83215500     -0.52100400     -0.18992200     -0.50477700      0.56986700      0.64842200     -0.00690100     -0.00380600      0.00560500     -0.03628100      0.02970000     -0.04692600      0.43841600
     0.12409400     -0.00376600      0.36151800     -0.15791600      0.62152200     -0.76734500     -0.90531600     -0.40136700     -0.13885200     -0.39409800      0.67198900      0.62701300     -0.01295200      0.00501800      0.00388000     -0.00020500      0.00140600     -0.00400300      0.47335600     -0.15042100     -0.00269700      0.33596200      0.21174500      0.27336000      0.93831200     -0.79973600      0.60026900      0.00571800     -0.56191300     -0.75194600      0.34452100      0.01404000     -0.00158800     -0.00276300     -0.01276800      0.08083800     -0.13703700      0.53478300      0.04301800      0.02252900     -0.01088500     -0.20360000     -0.26165500      0.94344200      0.72474300     -0.68815600     -0.03445000      0.65825000      0.67674000      0.32974100      0.00702500     -0.00093500     -0.00149100     -0.01211900      0.09956700     -0.16811500      0.51897600      0.07703300      0.02311800     -0.06267400     -0.22964700      0.63543900     -0.73720900     -0.83213300     -0.52104800     -0.18990200     -0.50479300      0.56984600      0.64842700      0.00023500      0.00121100      0.00094100     -0.00000400      0.00000700     -0.00000400      0.44462100
     0.12395500     -0.00364700      0.36166200     -0.16038500      0.62148700     -0.76686200     -0.90573800     -0.40140700     -0.13595100     -0.39212400      0.67199700      0.62824000      0.00058300      0.00296800      0.00229600     -0.00000000      0.00000000     -0.00000000      0.48339900     -0.15004300     -0.00251100      0.33580200      0.22048900      0.27560000      0.93563900     -0.80791900      0.58899100      0.01702100     -0.54663900     -0.76000900      0.35133200     -0.00119900      0.01165100     -0.00775300     -1.53414900      0.05074300     -0.71717500      0.53486200      0.04321300      0.02261500     -0.01096400     -0.21300500     -0.26239800      0.94115600      0.73343600     -0.67935500     -0.02341400      0.64552300      0.68529100      0.33715800      0.00692900      0.00100400      0.00027300     -5.19747400     -0.03425900     -2.03179900      0.52028300      0.07695900      0.02318100     -0.06259900     -0.23210100      0.63501200     -0.73680800     -0.83261500     -0.52132100     -0.18701500     -0.50287100      0.57007200      0.64972000      0.00035500      0.00181600      0.00140600      0.00034800     -0.00021200      0.00034700      0.45294900
     0.12390500     -0.00361800      0.36176100     -0.16268600      0.62146800     -0.76639200     -0.90619500     -0.40131900     -0.13313700     -0.39011400      0.67206700      0.62941500      0.00010400     -0.00778400      0.01107300     -0.03528600      0.01501200     -0.01735300      0.48829600     -0.14991300     -0.00232200      0.33575000      0.22178200      0.27689100      0.93495200     -0.81166900      0.58372500      0.01978700     -0.54052500     -0.76359700      0.35300800      0.01367500      0.00430100      0.00236400     -0.02059600     -0.05549200      0.08785700      0.53487100      0.04327200      0.02271000     -0.01099500     -0.21379600     -0.26402700      0.94052100      0.73911700     -0.67324900     -0.02098500      0.63874600      0.69066900      0.33908500     -0.00070300      0.00749900     -0.00242200     -0.05403500     -0.06535200      0.07963600      0.52077300      0.07693500      0.02320100     -0.06255200     -0.23437700      0.63462800     -0.73641900     -0.83314100     -0.52147200     -0.18423200     -0.50094100      0.57036100      0.65095600      0.00032300      0.00165600      0.00128200      0.00138200     -0.00080800      0.00136300      0.46013400
     0.12388000     -0.00366200      0.36199600     -0.16744300      0.62145500     -0.76537700     -0.90715300     -0.40106400     -0.12725700     -0.38585000      0.67223200      0.63186400     -0.00003500     -0.00849200      0.01052600     -0.03566400      0.01523800     -0.01776700      0.49329200     -0.14975500     -0.00175200      0.33564900      0.21885900      0.27826100      0.93523400     -0.81478900      0.57940800      0.01840400     -0.53700600     -0.76638500      0.35233700      0.01350500      0.00675100      0.00448900      0.00391600     -0.02970200      0.05408000      0.53480000      0.04335200      0.02299000     -0.01104400     -0.21096300     -0.26574300      0.94067700      0.74267900     -0.66926800     -0.02251100      0.63554700      0.69387300      0.33855200     -0.00076900      0.00854700     -0.00151000      0.02586900      0.07703300     -0.12743800      0.52142600      0.07692300      0.02318000     -0.06243300     -0.23913900      0.63385300     -0.73555500     -0.83427900     -0.52170400     -0.17833500     -0.49678000      0.57101200      0.65357000      0.00023000      0.00118300      0.00091300      0.00366100     -0.00209000      0.00342800      0.47156400
     0.12393200     -0.00376900      0.36224700     -0.16788800      0.62151600     -0.76523100     -0.90735700     -0.40082400     -0.12654700     -0.38517300      0.67231800      0.63218500      0.00010900     -0.00775800      0.01109300     -0.03529000      0.01498700     -0.01736600      0.49217100     -0.14966700     -0.00132000      0.33559500      0.21951100      0.27923300      0.93479100     -0.81723600      0.57589800      0.02000200     -0.53300600     -0.76867600      0.35342000     -0.00135500      0.01402100     -0.00568800      0.04937200     -0.10892900      0.19045500      0.53491600      0.04340000      0.02321600     -0.01106200     -0.21164000     -0.26664700      0.94026900      0.74560200     -0.66605800     -0.02106100      0.63189000      0.69660900      0.33977700     -0.00010500      0.00169700      0.00147000      0.00227900     -0.01441300      0.02497500      0.52142600      0.07694800      0.02312200     -0.06231100     -0.23956100      0.63384300     -0.73542600     -0.83451800     -0.52154700     -0.17766800     -0.49617400      0.57116500      0.65389700      0.00701100      0.00026800      0.00021000      0.00105600     -0.01476700      0.02964700      0.47532000
     0.12388600     -0.00367800      0.36230400     -0.17004900      0.62148200     -0.76478000     -0.90773200     -0.40079200     -0.12393000     -0.38333500      0.67236800      0.63324700      0.00028700      0.00146100      0.00112600     -0.00000000      0.00000000     -0.00000000      0.49284200     -0.14965900     -0.00128100      0.33564200      0.21989600      0.28031100      0.93437800     -0.82017800      0.57164100      0.02165300     -0.52830600     -0.77145800      0.35441100     -0.00001100      0.00017900      0.00015600     -0.00000000     -0.00000000     -0.00000000      0.53472000      0.04340400      0.02324300     -0.01103900     -0.21232500     -0.26762600      0.93983700      0.74902400     -0.66225800     -0.01936700      0.62759800      0.69984900      0.34107200      0.00058300     -0.00551000      0.00414600     -0.03605000      0.00876300     -0.01901400      0.52175200      0.07692500      0.02316800     -0.06227600     -0.24169900      0.63347100     -0.73504700     -0.83497300     -0.52170400     -0.17505200     -0.49436800      0.57143500      0.65502700      0.00013700      0.00069700      0.00053900      0.00025300     -0.00015700      0.00027000      0.47630000
     0.12385800     -0.00361900      0.36226000     -0.17000900      0.62146100     -0.76480600     -0.90766700     -0.40090000     -0.12406500     -0.38350900      0.67232300      0.63319000      0.00000400      0.00001800      0.00001400     -0.00000000      0.00000000     -0.00000000      0.49744800     -0.14965100     -0.00136200      0.33569200      0.22075300      0.28023300      0.93420000     -0.82010700      0.57171300      0.02241800     -0.52806000     -0.77143300      0.35483300      0.00119500     -0.01147200      0.00790200     -0.03644300      0.00873700     -0.01915200      0.53441700      0.04340700      0.02320600     -0.01101800     -0.21319000     -0.26744100      0.93969400      0.74895200     -0.66236200     -0.01859500      0.62739100      0.69982200      0.34151000      0.00002500     -0.00041200     -0.00036000      0.00032500      0.00000300      0.00010800      0.52175200      0.07691200      0.02319900     -0.06229700     -0.24165400      0.63345800     -0.73507300     -0.83488800     -0.52179200     -0.17519300     -0.49453400      0.57136800      0.65496000     -0.00001500     -0.00007700     -0.00005800      0.00002600     -0.00001300      0.00005400      0.47825900
     0.12395700     -0.00361200      0.36208700     -0.17205400      0.62139900     -0.76440000     -0.90791900     -0.40104500     -0.12173000     -0.38199600      0.67229500      0.63413400      0.01343700      0.00583100     -0.01257400      0.03627300     -0.02971100      0.04691400      0.50754700     -0.14951200     -0.00160400      0.33580500      0.21154000      0.28173000      0.93587900     -0.82382700      0.56656400      0.01578100     -0.52602600     -0.77468200      0.35075100      0.01393300     -0.00018500     -0.00154300      0.00209700     -0.01510700      0.02910200      0.53427800      0.04347200      0.02307900     -0.01095900     -0.20402500     -0.27003500      0.94098500      0.75298900     -0.65754000     -0.02543200      0.62560300      0.70336400      0.33748800      0.00063800     -0.00638700      0.00338600     -0.03905900      0.00349000     -0.01130800      0.52191600      0.07695600      0.02320200     -0.06237800     -0.24372100      0.63306700     -0.73472800     -0.83517900     -0.52211500     -0.17283100     -0.49302600      0.57150700      0.65597400     -0.00038900     -0.00198700     -0.00153400      0.00044100     -0.00026300      0.00045700      0.48920000
