     0.15343700     -0.05517400      0.30913500     -0.24148800      0.35406900     -0.90352900     -0.85712800     -0.51434400      0.02747000     -0.45470600      0.78063200      0.42881600     -0.01590000      0.00074600      0.00090100     -0.00098400      0.01471500     -0.02955300     -0.12359300     -0.16968600     -0.04078200      0.29908200     -0.28343800     -0.37278500      0.88356400      0.90412400     -0.41091800      0.11679300      0.31986600      0.83240800      0.45237900     -0.01557000     -0.00178700     -0.00067000     -0.07072600      0.27383900      0.12549600     -0.46911900      0.04399500      0.02323700     -0.02521900      0.29220300      0.43681100      0.85077100     -0.87787000      0.47544500      0.05740300     -0.37942100     -0.76364000      0.52239000     -0.00001400     -0.00063200     -0.00080100     -0.12925200      0.44147400      0.22344000     -0.66830900      0.07378500      0.01193900     -0.06547500      0.38725400     -0.35647700     -0.85026900      0.77314100      0.62798000      0.08884400      0.50228100     -0.69178300      0.51879400     -0.00000100     -0.00000200     -0.00000000     -0.00000900     -0.00000800     -0.00001100     -0.33329500
     0.15337600     -0.05518200      0.30912500     -0.24150600      0.35406500     -0.90352600     -0.85712400     -0.51434900      0.02748600     -0.45470300      0.78063000      0.42882200     -0.00014900     -0.00122900     -0.00158400     -0.00081900      0.01337100     -0.02551700     -0.11953300     -0.16977300     -0.04090600      0.29910100     -0.29006600     -0.36829500      0.88329600      0.90296700     -0.41095300      0.12530700      0.31718400      0.83438200      0.45062700     -0.00001600     -0.00088800     -0.00112300     -0.07250300      0.27257900      0.16299500     -0.46243000      0.04394600      0.02317300     -0.02521100      0.29857800      0.43161600      0.85120900     -0.87685300      0.47619000      0.06611500     -0.37680100     -0.76612600      0.52064400      0.00043100     -0.00601900      0.00351200     -0.15491900      0.42553500      0.21946700     -0.66210400      0.07374900      0.01193800     -0.06547600      0.38727300     -0.35646900     -0.85026300      0.77313400      0.62798600      0.08886100      0.50227800     -0.69178100      0.51880000     -0.00001300     -0.00009800     -0.00012200     -0.00000600      0.00000800     -0.00000700     -0.33051900
     0.15338700     -0.05518500      0.30910400     -0.24150700      0.35406300     -0.90352600     -0.85711100     -0.51437000      0.02747700     -0.45472600      0.78061700      0.42882200     -0.00001200     -0.00009700     -0.00012500      0.00000000      0.00000000      0.00000000     -0.11728400     -0.16980200     -0.04114100      0.29925900     -0.29845700     -0.36391400      0.88231600      0.90135700     -0.41128900      0.13539000      0.31396800      0.83613200      0.44963400      0.00088300     -0.01095300      0.00839600     -0.05116300      0.06486800      0.01425800     -0.46008300      0.04393100      0.02305400     -0.02513300      0.30686200      0.42548400      0.85135100     -0.87528500      0.47745800      0.07686700     -0.37377900     -0.76876300      0.51893300      0.00043900     -0.00544600      0.00423700     -0.03056000      0.02063000     -0.01349000     -0.65753200      0.07375400      0.01193400     -0.06549100      0.38729400     -0.35646200     -0.85025700      0.77311200      0.62801200      0.08886600      0.50229400     -0.69176200      0.51881100     -0.00000500     -0.00004600     -0.00006000      0.00000300      0.00001400     -0.00000000     -0.32823300
     0.15343200     -0.05519300      0.30906000     -0.24146200      0.35406600     -0.90353600     -0.85709700     -0.51439800      0.02741700     -0.45477800      0.78059700      0.42880300     -0.00002100     -0.00017500     -0.00022500      0.00000000      0.00000000      0.00000000     -0.11718500     -0.16971600     -0.04144500      0.29957000     -0.31041800     -0.35210600      0.88298000      0.89635100     -0.41757300      0.14873300      0.31670500      0.83805600      0.44409800      0.00090900     -0.00957800      0.01013700     -0.13001800      0.29621800      0.38319200     -0.44368500      0.04397400      0.02290500     -0.02498300      0.31764800      0.41481500      0.85265900     -0.87026300      0.48457800      0.08846100     -0.37648500     -0.77013700      0.51492300      0.00000800      0.00089100      0.00112400     -0.18974500      0.61545300      0.35521200     -0.65051100      0.07377700      0.01192900     -0.06551300      0.38725200     -0.35647200     -0.85027200      0.77310100      0.62803500      0.08880400      0.50234400     -0.69173600      0.51879600     -0.00001000     -0.00008900     -0.00011300      0.00000200      0.00000800      0.00000400     -0.32741700
     0.15343200     -0.05519300      0.30906000     -0.24160700      0.35405200     -0.90350300     -0.85706600     -0.51444200      0.02753800     -0.45475700      0.78057500      0.42886600     -0.00000000     -0.00000300     -0.00000300      0.00000000      0.00000000      0.00000000     -0.11727000     -0.16966300     -0.04164100      0.29975300     -0.31362200     -0.34958200      0.88285000      0.89549600     -0.41795800      0.15274600      0.31596800      0.83891700      0.44299600      0.00089800     -0.01020100      0.00934900     -0.06109200      0.09850600      0.03420000     -0.43410500      0.04400000      0.02281000     -0.02488900      0.32104400      0.41038800      0.85352900     -0.86927400      0.48538900      0.09358500     -0.37588800     -0.77199600      0.51257100      0.00822800     -0.00468000      0.00441000     -0.03515700     -0.03773000      0.22487500     -0.64022400      0.07377600      0.01192900     -0.06551300      0.38738800     -0.35643700     -0.85022400      0.77305200      0.62807800      0.08891900      0.50231400     -0.69171400      0.51885500      0.00000400      0.00001600      0.00002100      0.00000100      0.00001600     -0.00000800     -0.32741700
     0.15341000     -0.05517600      0.30908200     -0.24144800      0.35406700     -0.90354000     -0.85710000     -0.51439400      0.02740500     -0.45478000      0.78060000      0.42879600      0.00000900      0.00007400      0.00009500      0.00000000      0.00000000      0.00000000     -0.11751600     -0.16954500     -0.04208500      0.30011700     -0.32124200     -0.34258400      0.88285400      0.89155500     -0.42356500      0.16017700      0.31945200      0.83898300      0.44036500      0.00088600     -0.01090300      0.00846000      1.30764300      0.69628600      0.96149400     -0.42755600      0.04406000      0.02258800     -0.02470500      0.32732000      0.40613300      0.85318000     -0.86611700      0.48992300      0.09906900     -0.37775800     -0.77138100      0.51212100      0.00040300     -0.00550700      0.00423200      4.71439400      1.28796600      2.87864600     -0.62765000      0.07376600      0.01193900     -0.06550100      0.38723700     -0.35647500     -0.85027700      0.77310700      0.62803000      0.08879300      0.50234700     -0.69173900      0.51879000      0.00000500      0.00003800      0.00004700     -0.00000500     -0.00001300     -0.00002400     -0.32741700
     0.15338600     -0.05518300      0.30909000     -0.24151200      0.35406100     -0.90352500     -0.85709800     -0.51439200      0.02747000     -0.45474800      0.78060300      0.42882400      0.00000000      0.00000000      0.00000000      0.00000000      0.00000000      0.00000000     -0.11791100     -0.16949800     -0.04253200      0.30045100     -0.32767700     -0.33773600      0.88235600      0.89011500     -0.42329700      0.16866500      0.31692300      0.84107500      0.43819500      0.00088000     -0.01125800      0.00801100     -0.14335600      0.38123700      0.20144500     -0.42753700      0.04408300      0.02236500     -0.02453800      0.33414300      0.39955200      0.85364300     -0.86394900      0.49187100      0.10795400     -0.37674900     -0.77357600      0.50954800      0.00042900     -0.00569300      0.00392200     -0.22142100      0.52691300      0.50021700     -0.62389400      0.07375400      0.01193500     -0.06549700      0.38729800     -0.35646000     -0.85025600      0.77309800      0.62803100      0.08885700      0.50231400     -0.69174500      0.51881400      0.00000200     -0.00000300     -0.00000900     -0.00000000     -0.00001000     -0.00000200     -0.32741700
     0.15338600     -0.05518000      0.30907700     -0.24151700      0.35405900     -0.90352500     -0.85708500     -0.51441500      0.02746300     -0.45477000      0.78058900      0.42882500     -0.00006800     -0.00056200     -0.00072400      0.00000000      0.00000000      0.00000000     -0.11819000     -0.16948300     -0.04271800      0.30058400     -0.33163000     -0.33316400      0.88261800      0.88704600     -0.42849900      0.17167700      0.32139800      0.84025800      0.43650000      0.00087800     -0.01139300      0.00784100     -0.05502900      0.07527600      0.02023700     -0.42732000      0.04409000      0.02227200     -0.02447200      0.33796500      0.39286200      0.85524100     -0.86045700      0.49713500      0.11166300     -0.38130300     -0.77363700      0.50605600      0.00043300     -0.00577900      0.00381600     -0.02581700     -0.05769100      0.17619200     -0.62356800      0.07375300      0.01193800     -0.06550200      0.38730300     -0.35645700     -0.85025500      0.77308200      0.62805100      0.08884800      0.50233400     -0.69172900      0.51881700     -0.00004400     -0.00037800     -0.00049200      0.00000200     -0.00000900     -0.00000000     -0.32741700
     0.15339700     -0.05516500      0.30906300     -0.24146000      0.35406200     -0.90353900     -0.85707300     -0.51443900      0.02739500     -0.45482400      0.78057200      0.42880000     -0.00003400     -0.00028000     -0.00036100      0.00000000      0.00000000      0.00000000     -0.11756900     -0.16946200     -0.04299300      0.30078600     -0.34037100     -0.32017400      0.88409700      0.88428000     -0.42850200      0.18539000      0.31988500      0.84527700      0.42783600      0.00088700     -0.01090500      0.00845900     -0.13161500      0.33311500      0.17240900     -0.42710400      0.04410100      0.02213300     -0.02437200      0.34573300      0.38028500      0.85781700     -0.85801500      0.49819200      0.12495500     -0.37984000     -0.77922200      0.49853200     -0.00000600      0.00000500      0.00000500     -0.11919700      0.33126500      0.42213500     -0.62275100      0.07375900      0.01194500     -0.06551000      0.38724900     -0.35646800     -0.85027500      0.77307400      0.62807100      0.08877700      0.50238700     -0.69170500      0.51879600     -0.00002100     -0.00018700     -0.00024400     -0.00000000     -0.00001700      0.00000600     -0.32758000
     0.15342100     -0.05515000      0.30904800     -0.24137900      0.35406700     -0.90355800     -0.85706500     -0.51445700      0.02730600     -0.45488100      0.78055800      0.42876400     -0.00000000     -0.00000000     -0.00000000      0.00000000      0.00000000      0.00000000     -0.11862100     -0.16946700     -0.04311000      0.30082200     -0.35437700     -0.29515800      0.88729400      0.87293800     -0.44445800      0.20092400      0.33548300      0.84611000      0.41401900     -0.00001500     -0.00086700     -0.00109800     -0.14027700      0.40831900      0.47183400     -0.42752600      0.04409900      0.02207200     -0.02434900      0.35783800      0.35536300      0.86352000     -0.84603500      0.51475200      0.13875700     -0.39519000     -0.78022100      0.48484800     -0.00001500     -0.00055400     -0.00070800     -0.21657300      0.61109400      0.58598500     -0.62242500      0.07377100      0.01195100     -0.06551800      0.38717300     -0.35648500     -0.85030200      0.77307500      0.62808300      0.08868700      0.50244500     -0.69168500      0.51876600      0.00000200      0.00000200      0.00000200      0.00000100     -0.00000000      0.00000600     -0.32758000
     0.15341100     -0.05511500      0.30904200     -0.24145800      0.35405400     -0.90354300     -0.85701200     -0.51454200      0.02734000     -0.45493900      0.78050800      0.42879500      0.00002200      0.00018100      0.00023300      0.00000000      0.00000000      0.00000000     -0.11943500     -0.16955900     -0.04322900      0.30074900     -0.37129600     -0.26477400      0.88995800      0.85749400     -0.46527100      0.21945700      0.35640800      0.84493400      0.39865200     -0.00006300     -0.00346500     -0.00439000     -0.10776500      0.43464100      0.46630900     -0.42754200      0.04405200      0.02201700     -0.02438000      0.37276500      0.32419200      0.86945000     -0.82956900      0.53625300      0.15571300     -0.41576500     -0.77931400      0.46883600     -0.00002900     -0.00151100     -0.00191700     -0.08256900      0.62821500      0.63918000     -0.62030200      0.07376600      0.01196900     -0.06552100      0.38724600     -0.35646100     -0.85027900      0.77300800      0.62816300      0.08871100      0.50249200     -0.69162500      0.51880100      0.00001600      0.00013300      0.00017100     -0.00000100     -0.00000500      0.00000500     -0.32774300
     0.15341100     -0.05510700      0.30903600     -0.24144100      0.35405400     -0.90354700     -0.85700400     -0.51455800      0.02731600     -0.45496400      0.78049700      0.42878800      0.00000000      0.00000300      0.00000400      0.00000000      0.00000000      0.00000000     -0.11900800     -0.16958400     -0.04329000      0.30067400     -0.37568700     -0.25408800      0.89122900      0.85292200     -0.47077500      0.22545100      0.36273300      0.84515200      0.39243600     -0.00005700     -0.00314100     -0.00398200     -0.02875200     -0.02644500      0.44490300     -0.42832600      0.04404000      0.02198300     -0.02442200      0.37665600      0.31165300      0.87235400     -0.82452000      0.54203800      0.16235600     -0.42225000     -0.78042700      0.46112700     -0.00002600     -0.00166400     -0.00211000      0.01580300     -0.13418700      0.39469600     -0.61997500      0.07376600      0.01197300     -0.06552400      0.38723100     -0.35646300     -0.85028500      0.77300000      0.62817600      0.08868500      0.50251600     -0.69161200      0.51879500      0.00000100     -0.00000600     -0.00000800      0.00000600     -0.00000200      0.00001300     -0.32790600
     0.15340900     -0.05506200      0.30897500     -0.24136900      0.35404900     -0.90356800     -0.85693300     -0.51468200      0.02718300     -0.45513400      0.78041800      0.42875200     -0.00000600     -0.00005000     -0.00006500      0.00000000      0.00000000      0.00000000     -0.11999800     -0.16962100     -0.04340300      0.30051700     -0.37815500     -0.23460900      0.89551600      0.84795900     -0.47576100      0.23356000      0.37170800      0.84796200      0.37770000     -0.00004600     -0.00248000     -0.00314800      0.04116900      0.77802400     -0.25073200     -0.42844500      0.04402100      0.02192400     -0.02450400      0.37792200      0.29430100      0.87781600     -0.81943300      0.54763700      0.16918300     -0.43093300     -0.78324900      0.44812500     -0.00002200     -0.00124500     -0.00158200      0.02383500      0.91226400     -0.26930800     -0.61948600      0.07376500      0.01199500     -0.06555500      0.38716200     -0.35646900     -0.85031400      0.77292900      0.62828300      0.08853800      0.50267800     -0.69151200      0.51877300     -0.00000100     -0.00002400     -0.00003300      0.00000700      0.00000300      0.00001600     -0.32823300
     0.15342200     -0.05499300      0.30892800     -0.24119400      0.35405300     -0.90361300     -0.85687200     -0.51479600      0.02695200     -0.45534200      0.78034100      0.42867100      0.00001300      0.00011100      0.00014200      0.00000000      0.00000000      0.00000000     -0.11980800     -0.16969300     -0.04342000      0.30048700     -0.37517800     -0.23139900      0.89760100      0.84831700     -0.47587300      0.23202700      0.37390100      0.84877600      0.37368400      0.00000500      0.00027100      0.00034400     -0.00049400      0.00150100      0.00089000     -0.42856700      0.04398600      0.02191300     -0.02452300      0.37459900      0.29070400      0.88043500     -0.81969500      0.54762700      0.16793900     -0.43333000     -0.78459800      0.44342900      0.00000600      0.00027300      0.00034700      0.00525500     -0.01939100     -0.00716100     -0.62030200      0.07377200      0.01203000     -0.06557800      0.38699500     -0.35649900     -0.85037700      0.77288100      0.62837800      0.08829600      0.50288100     -0.69141000      0.51871100      0.00000800      0.00005900      0.00007600     -0.00000200     -0.00001100      0.00000100     -0.32856000
     0.15342200     -0.05497700      0.30891500     -0.24116200      0.35405300     -0.90362200     -0.85685500     -0.51482800      0.02690400     -0.45539200      0.78032000      0.42865600      0.00000000      0.00000100      0.00000200      0.00000000      0.00000000      0.00000000     -0.11988200     -0.16970300     -0.04341200      0.30051400     -0.37227500     -0.23117000      0.89886800      0.84910300     -0.47572200      0.22944700      0.37501400      0.84892300      0.37223300      0.00001600      0.00084500      0.00107300     -0.00000700      0.00002200      0.00001300     -0.42777900      0.04398000      0.02191700     -0.02450800      0.37166000      0.29095200      0.88159800     -0.82046600      0.54728500      0.16526900     -0.43440000     -0.78474500      0.44212100      0.00001200      0.00060100      0.00076400     -0.00116300     -0.00464900      0.00020500     -0.61997500      0.07377200      0.01203800     -0.06558500      0.38696400     -0.35650400     -0.85039000      0.77286400      0.62840400      0.08824400      0.50293000     -0.69138400      0.51869900      0.00000100     -0.00000300     -0.00000300      0.00000400      0.00000800      0.00000300     -0.32856000
     0.15342200     -0.05497000      0.30890800     -0.24114600      0.35405300     -0.90362600     -0.85684600     -0.51484400      0.02688000     -0.45541700      0.78030900      0.42864800      0.00000000      0.00000000      0.00000000      0.00000000      0.00000000      0.00000000     -0.11975000     -0.16970100     -0.04332800      0.30063800     -0.37218700     -0.23117000      0.89890400      0.84914600     -0.47567600      0.22938400      0.37500400      0.84894900      0.37218300      0.00004400      0.00237900      0.00301600     -0.00000000      0.00000000      0.00000000     -0.42801400      0.04398200      0.02195900     -0.02444600      0.37158000      0.29100800      0.88161300     -0.82053700      0.54719500      0.16521600     -0.43433500     -0.78478700      0.44211000      0.00002700      0.00151800      0.00192600     -0.00101100     -0.00026700     -0.00049100     -0.61932200      0.07377200      0.01204200     -0.06558800      0.38694900     -0.35650600     -0.85039600      0.77285600      0.62841800      0.08821900      0.50295400     -0.69137000      0.51869400      0.00000100     -0.00000200     -0.00000100      0.00000100     -0.00000400      0.00000500     -0.32839600
     0.15341300     -0.05494700      0.30893700     -0.24108600      0.35405800     -0.90364000     -0.85685800     -0.51482600      0.02683000     -0.45542600      0.78031900      0.42862200      0.00011200      0.00092500      0.00119100      0.00000000      0.00000000      0.00000000     -0.12085300     -0.16970500     -0.04331400      0.30080600     -0.37211600     -0.22839900      0.89964100      0.84914200     -0.47501800      0.23075900      0.37508400      0.85006300      0.36955000      0.00002100      0.00110200      0.00139700     -0.07140600      0.21755000      0.12889400     -0.42802300      0.04397900      0.02197400     -0.02436000      0.37126400      0.28936800      0.88228500     -0.82069500      0.54670800      0.16604000     -0.43430600     -0.78573200      0.44045600     -0.00778800      0.00041200      0.00131700     -0.15499700      0.43644700      0.21496400     -0.61932200      0.07376700      0.01205100     -0.06557600      0.38689200     -0.35652000     -0.85041500      0.77287600      0.62840000      0.08817200      0.50296700     -0.69137900      0.51866900      0.00007400      0.00060500      0.00078100      0.00000200     -0.00000600      0.00000500     -0.32872300
     0.15342800     -0.05491300      0.30896400     -0.24094100      0.35407100     -0.90367400     -0.85687600     -0.51480300      0.02669800     -0.45547000      0.78032900      0.42855900      0.00009000      0.00074400      0.00095800      0.00000000      0.00000000      0.00000000     -0.12023500     -0.16972400     -0.04352600      0.30096000     -0.37300800     -0.22620300      0.89982700      0.84673800     -0.47935500      0.23062500      0.37961400      0.84821100      0.36918200      0.00087900     -0.01112500      0.00818000     -0.02438200      0.01311900     -0.01353700     -0.42841600      0.04397000      0.02186900     -0.02428200      0.37204200      0.28610600      0.88302200     -0.81794900      0.55076900      0.16617100     -0.43879900     -0.78408900      0.43892900     -0.00780900     -0.00056300      0.00008000      0.13427300      0.04647400      0.02478200     -0.61948600      0.07377400      0.01206900     -0.06556200      0.38675500     -0.35655400     -0.85046300      0.77291200      0.62837400      0.08804300      0.50301700     -0.69138500      0.51861200      0.00006600      0.00055700      0.00071600     -0.00000700     -0.00000800     -0.00000600     -0.32856000
     0.15344000     -0.05490600      0.30895700     -0.24090000      0.35407400     -0.90368300     -0.85687200     -0.51481200      0.02665400     -0.45549800      0.78032100      0.42854100      0.00000200      0.00001300      0.00001600      0.00000000      0.00000000      0.00000000     -0.11989500     -0.16973100     -0.04358900      0.30099800     -0.37272500     -0.22620500      0.89994400      0.84691500     -0.47912200      0.23046000      0.37949600      0.84834200      0.36900200      0.00088300     -0.01091000      0.00845300     -0.04887200      0.10792300     -0.19115600     -0.42885000      0.04396600      0.02183600     -0.02426500      0.37191600      0.28614000      0.88306400     -0.81806400      0.55061100      0.16612600     -0.43869000     -0.78418800      0.43886200     -0.00000300     -0.00002900     -0.00003800     -0.00045000     -0.00071400     -0.00031400     -0.61981200      0.07378100      0.01207400     -0.06556300      0.38671700     -0.35656200     -0.85047700      0.77291200      0.62838100      0.08799900      0.50304700     -0.69137500      0.51859700     -0.00000300     -0.00001800     -0.00002300     -0.00000300     -0.00001000      0.00000500     -0.32839600
     0.15342700     -0.05491900      0.30895700     -0.24096200      0.35406900     -0.90366900     -0.85687200     -0.51481000      0.02671600     -0.45546700      0.78032500      0.42856800     -0.00006800     -0.00056200     -0.00072400      0.00000000      0.00000000      0.00000000     -0.12038400     -0.16972900     -0.04361100      0.30103800     -0.36977300     -0.22599300      0.90121400      0.84774200     -0.47889800      0.22787000      0.38053400      0.84852400      0.36751000      0.00000100      0.00004700      0.00006000      0.00000000      0.00000000     -0.00000000     -0.42906900      0.04396800      0.02182100     -0.02424200      0.36875000      0.28625900      0.88435200     -0.81894800      0.55011000      0.16341100     -0.43971300     -0.78449600      0.43728400     -0.00000000      0.00002100      0.00002500     -0.00141100     -0.00207400      0.00260900     -0.62013900      0.07377400      0.01206900     -0.06556100      0.38677500     -0.35654800     -0.85045600      0.77290400      0.62838100      0.08806000      0.50301400     -0.69138100      0.51862000     -0.00005500     -0.00045300     -0.00058700     -0.00000300     -0.00000800      0.00002300     -0.32823300
     0.15341500     -0.05491000      0.30895100     -0.24097000      0.35406600     -0.90366800     -0.85685800     -0.51483300      0.02671200     -0.45548800      0.78031100      0.42857000     -0.00000000     -0.00000000     -0.00000000      0.00000000      0.00000000      0.00000000     -0.12157400     -0.16978700     -0.04359100      0.30106800     -0.36960100     -0.22599700      0.90128400      0.84780600     -0.47885100      0.22772600      0.38055600      0.84854900      0.36742800      0.00001000      0.00052300      0.00066200     -0.00000000      0.00000000      0.00000000     -0.42821500      0.04393900      0.02183000     -0.02422800      0.36860200      0.28628600      0.88440500     -0.81901600      0.55004200      0.16329800     -0.43971000     -0.78453400      0.43721900      0.00000600      0.00032600      0.00041200     -0.00028600     -0.00008500     -0.00008700     -0.61948600      0.07376800      0.01207100     -0.06556700      0.38678200     -0.35654400     -0.85045500      0.77288800      0.62840200      0.08805400      0.50303300     -0.69136500      0.51862400      0.00000000      0.00000100      0.00000000     -0.00000100      0.00001100      0.00001700     -0.32823300
     0.15341600     -0.05490500      0.30895800     -0.24094800      0.35406800     -0.90367300     -0.85686200     -0.51482700      0.02669400     -0.45549100      0.78031400      0.42856100      0.00000200      0.00001600      0.00002000      0.00000000      0.00000000      0.00000000     -0.12579600     -0.16985700     -0.04355900      0.30110000     -0.36944000     -0.22600100      0.90134900      0.84785700     -0.47883000      0.22758200      0.38060000      0.84856000      0.36735800      0.00002500      0.00128900      0.00163200     -0.00000000      0.00000000      0.00000000     -0.42823100      0.04390300      0.02184400     -0.02421400      0.36843900      0.28630800      0.88446500     -0.81906800      0.55000600      0.16315600     -0.43974800     -0.78455100      0.43715000      0.00001700      0.00089600      0.00113900      0.00157400     -0.01423400      0.02490800     -0.61948500      0.07376900      0.01207400     -0.06556300      0.38676200     -0.35655000     -0.85046200      0.77289500      0.62839600      0.08803700      0.50303800     -0.69136800      0.51861500      0.00000000      0.00000600      0.00000800     -0.00001200     -0.00000600     -0.00000200     -0.32921300
     0.15340600     -0.05490400      0.30899300     -0.24094200      0.35407200     -0.90367300     -0.85688800     -0.51478300      0.02671000     -0.45544700      0.78034100      0.42855900      0.00005500      0.00045700      0.00058800      0.00000000      0.00000000      0.00000000     -0.13137300     -0.17010200     -0.04352600      0.30116700     -0.36856700     -0.22601800      0.90170200      0.84818500     -0.47859300      0.22685700      0.38071400      0.84869000      0.36694100      0.00001600      0.00078200      0.00098900     -0.00000000      0.00000000      0.00000000     -0.42866800      0.04378100      0.02186300     -0.02417800      0.36756200      0.28641500      0.88479600     -0.81940300      0.54971600      0.16244900     -0.43985900     -0.78471500      0.43674400     -0.00779100      0.00013000      0.00096100     -0.00220500      0.01517800     -0.02932100     -0.61948600      0.07376300      0.01207400     -0.06554600      0.38675600     -0.35655400     -0.85046300      0.77292400      0.62835700      0.08805800      0.50299700     -0.69140100      0.51861100     -0.00791100      0.00066400      0.00082100     -0.00099500      0.01470400     -0.02955100     -0.33345800
     0.15340800     -0.05486600      0.30900700     -0.24082600      0.35407900     -0.90370100     -0.85688700     -0.51479000      0.02659200     -0.45550900      0.78033300      0.42850700      0.00001100      0.00009500      0.00012200      0.00000000      0.00000000      0.00000000     -0.13149200     -0.17045300     -0.04352400      0.30120500     -0.36780000     -0.22604200      0.90200800      0.84847400     -0.47838400      0.22621600      0.38081100      0.84880100      0.36658300     -0.01559600     -0.00057600      0.00084600     -0.00204500      0.01520500     -0.02924500     -0.42939300      0.04360600      0.02186500     -0.02415800      0.36679200      0.28651800      0.88508200     -0.81969800      0.54946100      0.16182400     -0.43995300     -0.78485600      0.43639600     -0.00779900     -0.00032400      0.00038300     -0.00215600      0.01519200     -0.02929200     -0.62013900      0.07376500      0.01209400     -0.06553800      0.38664600     -0.35657900     -0.85050200      0.77293600      0.62835800      0.08794000      0.50306300     -0.69138700      0.51856500      0.00000400      0.00003400      0.00004000     -0.00000900      0.00000300     -0.00000100     -0.33460100
     0.15339600     -0.05486600      0.30900800     -0.24085000      0.35407700     -0.90369600     -0.85688200     -0.51479700      0.02661200     -0.45550500      0.78033000      0.42851700      0.00000000      0.00000100      0.00000200      0.00000000      0.00000000      0.00000000     -0.13168900     -0.17061700     -0.04353600      0.30120600     -0.36745900     -0.22605300      0.90214500      0.84860200     -0.47829100      0.22593100      0.38085300      0.84885000      0.36642400     -0.00000200     -0.00009400     -0.00011900     -0.00000000      0.00000000      0.00000000     -0.42991600      0.04353000      0.02185900     -0.02415800      0.36647200      0.28656100      0.88520000     -0.81982000      0.54935600      0.16156500     -0.43999200     -0.78491400      0.43625200     -0.00780200     -0.00041300      0.00026500     -0.00213500      0.01519400     -0.02929200     -0.62062900      0.07375900      0.01209400     -0.06553800      0.38666800     -0.35657300     -0.85049500      0.77292800      0.62836600      0.08795900      0.50305800     -0.69138300      0.51857500     -0.00000300     -0.00001700     -0.00002100     -0.00000800     -0.00000700      0.00000200     -0.33492800
     0.15338400     -0.05487900      0.30900800     -0.24091100      0.35407200     -0.90368100     -0.85688200     -0.51479500      0.02667400     -0.45547400      0.78033400      0.42854400     -0.00000100     -0.00000600     -0.00000800      0.00000000      0.00000000      0.00000000     -0.13294100     -0.17094500     -0.04355500      0.30121600     -0.36399300     -0.22586100      0.90359700      0.84956400     -0.47802000      0.22287000      0.38203300      0.84905400      0.36472000     -0.00000000     -0.00000100     -0.00000100      0.00000000      0.00000000     -0.00000000     -0.43077800      0.04336000      0.02184800     -0.02415400      0.36295200      0.28672700      0.88659600     -0.82075800      0.54884700      0.15850100     -0.44115900     -0.78520900      0.43453800     -0.00000100     -0.00000100      0.00000500     -0.00014500     -0.00015200      0.00018400     -0.62144500      0.07375300      0.01208700     -0.06553800      0.38672700     -0.35655900     -0.85047400      0.77292100      0.62836600      0.08802100      0.50302500     -0.69139000      0.51859800     -0.00000100     -0.00000300     -0.00000400     -0.00000700      0.00000300      0.00001500     -0.33541800
     0.15334900     -0.05486400      0.30901100     -0.24094600      0.35406500     -0.90367500     -0.85686200     -0.51482600      0.02669400     -0.45549200      0.78031600      0.42855700      0.00000000      0.00000000      0.00000100      0.00000000      0.00000000      0.00000000     -0.13282100     -0.17110800     -0.04354000      0.30125200     -0.36375100     -0.22587300      0.90369100      0.84965500     -0.47795400      0.22266600      0.38206200      0.84908800      0.36461000      0.00001000      0.00044900      0.00056800     -0.00000000      0.00000000      0.00000000     -0.43163700      0.04327800      0.02185600     -0.02413600      0.36271100      0.28676300      0.88668300     -0.82085000      0.54876600      0.15830400     -0.44118600     -0.78525200      0.43443300      0.00000600      0.00027800      0.00035700     -0.00005500     -0.00002000     -0.00000800     -0.62209800      0.07373500      0.01209500     -0.06553700      0.38675900     -0.35654700     -0.85046400      0.77289500      0.62839500      0.08803600      0.50303900     -0.69136900      0.51861200      0.00000000     -0.00000400     -0.00000400     -0.00000800      0.00000100      0.00001100     -0.33590800
     0.15327600     -0.05487100      0.30900100     -0.24113200      0.35404500     -0.90363300     -0.85682400     -0.51488200      0.02685100     -0.45546600      0.78028800      0.42863500     -0.01590100      0.00068000      0.00081300     -0.00098400      0.01471500     -0.02955300     -0.13505800     -0.17120000     -0.04353800      0.30129700     -0.36334200     -0.22587900      0.90385400      0.84982600     -0.47779900      0.22234500      0.38207000      0.84917400      0.36440200      0.00000300      0.00014200      0.00018000     -0.00000000      0.00000000      0.00000000     -0.43193400      0.04323200      0.02185800     -0.02411200      0.36230100      0.28681000      0.88683500     -0.82102700      0.54859100      0.15799600     -0.44119500     -0.78535800      0.43423400      0.00000100      0.00004900      0.00006400     -0.00002700      0.00000900     -0.00004600     -0.62291500      0.07370500      0.01209100     -0.06554200      0.38691200     -0.35650600     -0.85041200      0.77284000      0.62844500      0.08816600      0.50300600     -0.69134600      0.51867600     -0.00000400     -0.00003600     -0.00004500     -0.00001200      0.00000800      0.00000000     -0.33623400
     0.15324000     -0.05489100      0.30900900     -0.24125700      0.35403400     -0.90360400     -0.85682200     -0.51487900      0.02697800     -0.45540300      0.78029500      0.42868900     -0.00001000     -0.00008100     -0.00010400      0.00000000      0.00000000      0.00000000     -0.13627500     -0.17122300     -0.04352300      0.30131800     -0.36335600     -0.22588100      0.90384800      0.84982100     -0.47780200      0.22235600      0.38206700      0.84917200      0.36441000      0.00002400      0.00104200      0.00131700     -0.00000000      0.00000000      0.00000000     -0.43190000      0.04322100      0.02186300     -0.02410400      0.36231400      0.28681100      0.88682900     -0.82102200      0.54859400      0.15800700     -0.44119200     -0.78535500      0.43424200      0.00001600      0.00067100      0.00084900     -0.00002600     -0.00000500     -0.00001800     -0.62307800      0.07368000      0.01208100     -0.06553800      0.38705400     -0.35647100     -0.85036200      0.77281700      0.62845400      0.08831100      0.50293400     -0.69135600      0.51873300     -0.00000600     -0.00004200     -0.00005100     -0.00000600      0.00000400      0.00001100     -0.33721400
     0.15314500     -0.05487500      0.30902900     -0.24140800      0.35401600     -0.90357100     -0.85679100     -0.51492400      0.02710500     -0.45538200      0.78027300      0.42875100      0.00005000      0.00040900      0.00052600      0.00000000      0.00000000      0.00000000     -0.13549500     -0.17119700     -0.04345400      0.30142000     -0.36352900     -0.22588000      0.90377900      0.84976800     -0.47782700      0.22250900      0.38202200      0.84915800      0.36448900      0.00006100      0.00263100      0.00332200      0.00000000      0.00000000      0.00000000     -0.43120600      0.04323400      0.02189600     -0.02405600      0.36248800      0.28679300      0.88676400     -0.82097000      0.54862900      0.15815800     -0.44114600     -0.78533700      0.43432000      0.00003500      0.00160500      0.00202700      0.00177100     -0.01419900      0.02502100     -0.62275200      0.07363300      0.01208800     -0.06552900      0.38719600     -0.35643100     -0.85031500      0.77276600      0.62850000      0.08843100      0.50290400     -0.69133400      0.51879000      0.00002600      0.00022900      0.00029400     -0.00002000     -0.00001400     -0.00001600     -0.33770400
     0.15310800     -0.05486900      0.30900400     -0.24148900      0.35400300     -0.90355400     -0.85674900     -0.51499000      0.02715300     -0.45541700      0.78023600      0.42878300     -0.00001400     -0.00011200     -0.00014400      0.00000000      0.00000000      0.00000000     -0.13572300     -0.17113900     -0.04343800      0.30165200     -0.35813000     -0.22266800      0.90672700      0.85110800     -0.47699100      0.21915200      0.38412800      0.85047100      0.35917600      0.00094100     -0.00762800      0.01259300     -0.19253700      0.48741700      0.29661000     -0.43078900      0.04326200      0.02190800     -0.02394300      0.35685900      0.28693000      0.88900000     -0.82241800      0.54783400      0.15331500     -0.44303400     -0.78584200      0.43147600      0.00003300      0.00155900      0.00196400     -0.00062100     -0.00117000      0.00164200     -0.62226200      0.07361500      0.01209200     -0.06554000      0.38727200     -0.35640600     -0.85029000      0.77271100      0.62856200      0.08847100      0.50292900     -0.69129100      0.51882400     -0.00001000     -0.00008100     -0.00010300      0.00000100      0.00001500      0.00000900     -0.33803000
     0.15310800     -0.05488200      0.30900300     -0.24152600      0.35400200     -0.90354500     -0.85675400     -0.51498100      0.02719500     -0.45538900      0.78024300      0.42880000     -0.00001900     -0.00015500     -0.00020000      0.00000000      0.00000000      0.00000000     -0.13541500     -0.17113300     -0.04345400      0.30176500     -0.35777700     -0.22266900      0.90686600      0.85131700     -0.47671800      0.21893700      0.38399400      0.85062400      0.35895700      0.00006500      0.00285700      0.00360000     -0.00050800     -0.00698800      0.02926400     -0.43088900      0.04326500      0.02190100     -0.02388500      0.35648800      0.28399700      0.89009000     -0.82251600      0.54726600      0.15481000     -0.44315000     -0.78730200      0.42868600      0.00002500      0.00123900      0.00156100      0.00734200     -0.01454800     -0.00732400     -0.62226200      0.07361400      0.01208500     -0.06554100      0.38730800     -0.35639900     -0.85027700      0.77271200      0.62855500      0.08851300      0.50290000     -0.69130100      0.51883800     -0.00001000     -0.00009300     -0.00011700     -0.00000300      0.00000500      0.00000400     -0.33803000
