     0.14531500      0.03718000      0.38181700     -0.68890600      0.29294500     -0.66305100     -0.50436100     -0.85068000      0.14810600     -0.51980600      0.43607900      0.73461800     -0.00058400     -0.00452000     -0.00242400     -0.00075600      0.01364800     -0.02537200      0.04960400     -0.19507200      0.04720800      0.39058100      0.71738700      0.60647200      0.34283800     -0.68358900      0.70746700      0.17924900     -0.13472900     -0.36372000      0.92163900     -0.00137200      0.01502400     -0.02058100      0.05876300      0.08254900     -0.16575600     -0.58005300     -0.00781000      0.03965300      0.01174300     -0.68757500     -0.61849900      0.38039200      0.68313800     -0.72856100      0.05019900      0.24609100      0.29437600      0.92346100     -0.00091200      0.01303500     -0.01461600      0.10655800     -0.03278800      0.05364100     -0.63810100      0.11044000      0.03980800     -0.05094300     -0.63176000      0.39939900     -0.66434800     -0.62964200     -0.76430000      0.13926800     -0.45213800      0.50628600      0.73433300      0.00593200      0.00292300     -0.00586900      0.03643800     -0.02879200      0.04736100     -0.10958700
     0.14533100      0.03719900      0.38164100     -0.68876800      0.29300700     -0.66316700     -0.50422300     -0.85083500      0.14768400     -0.52012200      0.43573500      0.73459900     -0.00066000      0.00365400     -0.01255200      0.03468900     -0.00042700     -0.00756600      0.02743600     -0.19509300      0.04770100      0.38997200      0.71728300      0.60660600      0.34282000     -0.68342000      0.70813800      0.17723400     -0.13614400     -0.36218700      0.92203500     -0.00249900      0.03406500     -0.03925300      0.14373900     -0.03307900      0.04530900     -0.67970700     -0.00782100      0.03990700      0.01143100     -0.68737200     -0.61870100      0.38043100      0.68280800     -0.72901100      0.04810900      0.24757400      0.29283000      0.92355600     -0.00124600      0.01685100     -0.01970700      0.14329700     -0.03284400      0.04515700     -0.71795000      0.11044900      0.03981600     -0.05102600     -0.63162700      0.39943500     -0.66445300     -0.62953000     -0.76446300      0.13887300     -0.45248000      0.50601000      0.73431200     -0.00030900      0.00196100     -0.00620300      0.03469700     -0.00042000     -0.00756100     -0.13097800
     0.14535000      0.03733700      0.38101700     -0.69235500      0.29146500     -0.66010400     -0.50249100     -0.85126200      0.15109000     -0.51702800      0.43593800      0.73666000      0.01090000     -0.00164600     -0.01577100     -0.39712900      0.49217800     -0.46991700     -0.02815400     -0.19520900      0.04898200      0.38820500      0.72104900      0.60016200      0.34624500     -0.67817000      0.71351000      0.17584900     -0.14240800     -0.36237000      0.92101600     -0.00356500      0.03501700     -0.05242900      0.08402800      0.05436800      0.09019000     -0.84768200     -0.00787700      0.04054300      0.01057100     -0.69051300     -0.61247500      0.38479200      0.67740800     -0.73409400      0.04715300      0.25359300      0.29322100      0.92179700     -0.00176800      0.01734300     -0.02629100      0.06536400      0.07013500      0.10082400     -0.70668300      0.11045800      0.03988700     -0.05134200     -0.63530100      0.39846600     -0.66152500     -0.62791800     -0.76519300      0.14211700     -0.44956600      0.50567100      0.73633200      0.00542600     -0.00107300     -0.00802000     -0.44364500      0.54639100     -0.52235200     -0.19139600
     0.14538800      0.03775100      0.37983200     -0.69669400      0.28480700     -0.65844200     -0.49890100     -0.85186900      0.15933100     -0.51466700      0.43914400      0.73640800     -0.00164300      0.01356900     -0.03626000     -0.02292300     -0.12901000     -0.28411800     -0.09978100     -0.19538800      0.05064300      0.38544600      0.72693400      0.58881600      0.35334600     -0.67017700      0.72031100      0.17874400     -0.15017600     -0.36748600      0.91775000     -0.00543100      0.04140400     -0.07672100     -0.19388300      0.35964000      0.29833300     -0.98997200     -0.00796800      0.04139500      0.00917600     -0.69516700     -0.60218000      0.39258200      0.66973800     -0.74095200      0.04939900      0.26113800      0.29726800      0.91838900     -0.00272400      0.01993200     -0.03872100     -0.32037500      0.46680800      0.34960600     -0.70896900      0.11047700      0.04009800     -0.05193300     -0.64081600      0.39278100     -0.65960300     -0.62455300     -0.76636100      0.15041100     -0.44641600      0.50834300      0.73640900     -0.00084800      0.00644200     -0.01831400     -0.04665100     -0.17994600     -0.29687400     -0.24756800
     0.14546400      0.03808300      0.37900500     -0.69750400      0.27956400     -0.65983100     -0.49660400     -0.85237800      0.16373200     -0.51579000      0.44152500      0.73419600     -0.00200900      0.01072100     -0.03780700     -0.04013100     -0.26526700     -0.13017700     -0.12377300     -0.19552300      0.05165300      0.38362500      0.73068400      0.58258500      0.35593200     -0.66596400      0.72278200      0.18442200     -0.15072800     -0.37253100      0.91562200     -0.00677600      0.05637000     -0.09696700     -0.28033100      0.48850300      0.39940100     -1.06720000     -0.00803100      0.04185900      0.00833900     -0.69824300     -0.59674700      0.39540900      0.66647700     -0.74350700      0.05481900      0.26127700      0.30180800      0.91686700     -0.00313500      0.02229000     -0.04440600      0.04142500      0.18455000      0.18353600     -0.70880600      0.11051500      0.04026400     -0.05234600     -0.64232200      0.38751100     -0.66125400     -0.62240800     -0.76719200      0.15499400     -0.44724700      0.51112600      0.73397500     -0.00102900      0.00499200     -0.01910400     -0.04849200     -0.28548300     -0.13536600     -0.26961200
     0.14570900      0.03905700      0.37676600     -0.69515700      0.25833900     -0.67086700     -0.48980900     -0.85326300      0.17888800     -0.52535300      0.45262500      0.72052800      0.00983800      0.03383300     -0.06915000     -0.16868400     -0.60413400     -0.46021200     -0.16774700     -0.19580500      0.05391500      0.37954200      0.74419000      0.56479200      0.35662600     -0.65234800      0.72906300      0.20698600     -0.14402500     -0.38739700      0.91051800     -0.00773500      0.05866400     -0.10919000     -0.48653900      0.68508100      0.53458200     -1.16790500     -0.00817200      0.04298000      0.00630800     -0.71098400     -0.57931100      0.39862100      0.65563000     -0.75105400      0.07789000      0.25426400      0.31672700      0.91380100     -0.00382800      0.02902200     -0.05474200     -0.32296700      0.45053500      0.46466500     -0.70962200      0.11063400      0.04072900     -0.05341200     -0.64326300      0.36778400     -0.67152600     -0.61632800     -0.76910600      0.16916100     -0.45426000      0.52269500      0.72141300      0.00478000      0.01118300     -0.03044400      0.01592100     -0.22956200     -0.29059300     -0.30390300
     0.14593500      0.04026000      0.37378000     -0.68821400      0.22412800     -0.69005300     -0.48145800     -0.85257700      0.20318200     -0.54193400      0.47178100      0.69552700      0.00843400      0.03152600     -0.08496000     -0.48407400     -1.29961300     -0.63165400     -0.20934300     -0.19614700      0.05626600      0.37491200      0.75728100      0.54202000      0.36432400     -0.63678300      0.73641400      0.22833300     -0.14547500     -0.40559400      0.90232700     -0.00932500      0.06903800     -0.13118600     -0.45601100      0.60492100      0.74781600     -1.20899400     -0.00834900      0.04420500      0.00390900     -0.72296300     -0.55595700      0.41016400      0.64193200     -0.76004300      0.10127900      0.25543600      0.33651900      0.90636900     -0.00464000      0.03380600     -0.06593100     -0.38203200      0.55782600      0.72049200     -0.70945900      0.11075100      0.04136300     -0.05495300     -0.64156200      0.33313300     -0.69095500     -0.60802300     -0.77002600      0.19330300     -0.46765800      0.54413300      0.69657300      0.00418400      0.01505300     -0.04287800     -0.49056900     -1.31385300     -0.63823800     -0.33852000
     0.14612600      0.04164900      0.36986800     -0.67700300      0.18073600     -0.71347500     -0.47214200     -0.85028100      0.23254100     -0.56378900      0.49406300      0.66186900      0.00716600      0.03019600     -0.10039300     -0.35599600     -1.13551700     -0.56518400     -0.21751000     -0.19651000      0.05864300      0.36981200      0.77613000      0.51524800      0.36350200     -0.61484500      0.74601700      0.25565500     -0.14042100     -0.42257100      0.89531000     -0.00918600      0.05274600     -0.12520200     -0.46451700      0.57779700      0.68572200     -1.23532900     -0.00852800      0.04536500      0.00140200     -0.74106000     -0.52915700      0.41330700      0.62321800     -0.77114300      0.13013600      0.24985600      0.35401900      0.90124400     -0.00474000      0.03179900     -0.06673000     -0.00038500      0.13561800      0.64677100     -0.70717300      0.11084500      0.04203200     -0.05682900     -0.63705200      0.28871100     -0.71470900     -0.59887000     -0.76914200      0.22310000     -0.48530100      0.57014500      0.66288400      0.00352400      0.01412300     -0.05074200     -0.26741700     -0.98013400     -0.51221300     -0.35876800
     0.14614200      0.04232200      0.36773000     -0.66961900      0.15788400     -0.72576100     -0.46769300     -0.84871700      0.24680900     -0.57617000      0.50450000      0.64306600      0.00673900      0.03554600     -0.11208600     -0.27167300     -1.04943300     -0.53203700     -0.21482000     -0.19662600      0.05981100      0.36731400      0.78327000      0.50580400      0.36144400     -0.60702400      0.74743200      0.26981700     -0.13465700     -0.43138500      0.89198500      0.00261300      0.05586300     -0.12427800     -0.53928100      0.41327900      0.96943700     -1.23670200     -0.00859100      0.04593700      0.00014800     -0.74797200     -0.51982500      0.41269800      0.61721400     -0.77342000      0.14445500      0.24409800      0.36277100      0.89933900     -0.00443900      0.02745200     -0.06196900     -0.27690900      0.10856900      0.62483100     -0.70684600      0.11085400      0.04237200     -0.05789600     -0.63311100      0.26452000     -0.72746000     -0.59425700     -0.76831200      0.23780900     -0.49601200      0.58285800      0.64362000     -0.00276500      0.01718800     -0.05620500     -0.46764500     -1.36080700     -0.78666200     -0.36203400
     0.14585700      0.04352100      0.36332500     -0.65168500      0.10947400     -0.75057800     -0.45938300     -0.84437300      0.27563300     -0.60278700      0.52428800      0.60149500     -0.01867400      0.02945900     -0.11531700     -0.51120000     -1.69094700     -0.77182700     -0.16232500     -0.19661900      0.06184000      0.36265100      0.78990200      0.49284400      0.36489800     -0.59946400      0.74560400      0.29094900     -0.12966200     -0.44918800      0.88390100      0.00324200      0.04736100     -0.11467900     -0.26365500      0.32952800      0.57881800     -1.23418800     -0.00858700      0.04696900     -0.00223200     -0.75441700     -0.50542400      0.41880800      0.61146500     -0.77313900      0.16842200      0.23867300      0.38314700      0.89231800      0.00169100      0.02364600     -0.05735000     -0.25694600      0.32735200      0.57743100     -0.70521300      0.11071800      0.04297900     -0.06013900     -0.62311700      0.21602200     -0.75170300     -0.58546700     -0.76610600      0.26515600     -0.51860600      0.60532100      0.60384800     -0.00325500      0.01347100     -0.05853400     -0.05744200     -1.76984300     -0.06923300     -0.34603200
     0.14514600      0.04448600      0.35884100     -0.62764200      0.07071600     -0.77531300     -0.45909200     -0.83790700      0.29515700     -0.62799300      0.54110100      0.55934000     -0.03168200      0.01669100     -0.10840700     -1.36607700     -1.11487400      0.99796000     -0.06391300     -0.19622200      0.06310700      0.35856000      0.79961000      0.46325800      0.38211000     -0.58348000      0.74949600      0.31263700     -0.14255600     -0.47352600      0.86908800      0.01576300      0.02507500     -0.09971800      0.57451400      2.64671700     -0.62895800     -1.23456300     -0.00838800      0.04760300     -0.00427800     -0.76178600     -0.47695900      0.43839600      0.59777400     -0.77835300      0.19191200      0.24969200      0.40825800      0.87805300      0.00794100      0.01247800     -0.04989500      0.57187200      2.63673100     -0.62581000     -0.70505000      0.11036600      0.04345800     -0.06238800     -0.60554500      0.17016300     -0.77740400     -0.58254000     -0.76031800      0.28733600     -0.54218100      0.62686500      0.55953400     -0.00967100      0.01248400     -0.05922700     -3.77883400     -1.12294900      4.38806400     -0.29296200
     0.14458200      0.04488000      0.35660800     -0.60748200      0.05786900     -0.79225200     -0.46955000     -0.83060900      0.29930400     -0.63998100      0.55374800      0.53274300     -0.03214100      0.01412900     -0.11035800     -0.12394700     -1.62213700      0.03447700     -0.01965000     -0.19582800      0.06341300      0.35671700      0.80066300      0.44574100      0.40030600     -0.57845500      0.74877800      0.32350400     -0.15654000     -0.49113900      0.85682000      0.02821500      0.00090700     -0.08598800     -0.77603500      0.88740400      0.68445100     -1.23898700     -0.00820100      0.04775800     -0.00516500     -0.75956900     -0.46247400      0.45735200      0.59475800     -0.77848100      0.20057200      0.26328100      0.42436200      0.86637100      0.00816300      0.00658500     -0.04622300     -0.19660900      1.16686800      0.21953900     -0.70505000      0.11008500      0.04365700     -0.06350300     -0.58714200      0.15590500     -0.79432800     -0.59320100     -0.75055800      0.29116100     -0.55079600      0.64214900      0.53316700     -0.01583100      0.01248100     -0.05928300      0.37351100     -2.80099100      1.26252200     -0.25801800
     0.14281500      0.04533600      0.35216000     -0.54054100      0.05262200     -0.83969700     -0.52119700     -0.80441200      0.28503800     -0.65979700      0.59165300      0.46329300     -0.05819700      0.00835800     -0.11447500      0.21137200     -3.40415500      2.02740800      0.02404500     -0.19460000      0.06309600      0.35335400      0.79737700      0.39762500      0.45395500     -0.56692300      0.75113100      0.33813300     -0.20752200     -0.52747800      0.82375100      0.04010600     -0.01948100     -0.08492900     -0.00974500      3.23238900     -0.79683600     -1.33514600     -0.00759000      0.04762000     -0.00684000     -0.75076600     -0.41811900      0.51139600      0.58396400     -0.78197200      0.21795600      0.30876600      0.46227100      0.83124500      0.02009300     -0.00974700     -0.04247300     -0.36164600      0.87709300      0.70348900     -0.73395200      0.10921100      0.04389100     -0.06572300     -0.52367400      0.14153800     -0.84007800     -0.63946700     -0.71685600      0.27784300     -0.56289000      0.68270200      0.46590800     -0.02903800      0.00386300     -0.05739500     -0.04755200     -1.66855600      0.50760700     -0.20135600
     0.14031700      0.04508900      0.34781700     -0.48801700      0.04064600     -0.87191300     -0.56174000     -0.77918000      0.27802600     -0.66747600      0.62541600      0.40417400     -0.07291200     -0.00984000     -0.11238900     -0.34014000     -1.45655300      0.39656000      0.06777000     -0.19242500      0.06174400      0.35011300      0.79999100      0.32395100      0.50503700     -0.53289600      0.77022900      0.35029000     -0.27651200     -0.54976700      0.78813700      0.07612600     -0.03920000     -0.08581400      0.21977000      1.48352400      1.30156600     -1.39836300     -0.00648800      0.04693700     -0.00849100     -0.74430000     -0.34695800      0.57064500      0.55191200     -0.80067500      0.23304700      0.37604400      0.48840300      0.78743300      0.03806700     -0.02000600     -0.04317400      0.21408200      1.48105900      1.32807900     -0.75289400      0.10796800      0.04377700     -0.06789500     -0.47125100      0.12074400     -0.87369400     -0.67614600     -0.68552700      0.26995800     -0.56634600      0.71796300      0.40469600     -0.03640100     -0.00529100     -0.05638200     -0.78233500     -1.58955100      0.38130900     -0.14747000
     0.13710000      0.04441700      0.34366300     -0.44638000      0.02704600     -0.89446000     -0.59443100     -0.75610600      0.27372900     -0.66835500      0.65384500      0.35470400     -0.09978400     -0.02915600     -0.09611800     -0.30025000     -1.58075100      0.13600200      0.12649500     -0.18895600      0.06016600      0.34645100      0.78714900      0.25580100      0.56120800     -0.50527000      0.78910200      0.34921900     -0.35449500     -0.55876900      0.74964900      0.10080800     -0.04840800     -0.09474500     -0.40002600      1.07863700     -0.25360200     -1.40240000     -0.00479100      0.04617000     -0.01028400     -0.72417200     -0.28301400      0.62886900      0.52317000     -0.81958300      0.23361200      0.44929600      0.49818100      0.74158400      0.04420300     -0.01853500     -0.05079800     -0.32839400      1.45082900     -0.06077800     -0.73705500      0.10636800      0.04343700     -0.06998500     -0.43224700      0.10309100     -0.89584200     -0.70495700     -0.65812000      0.26440900     -0.56231400      0.74582100      0.35714500     -0.04954700     -0.00896800     -0.05192300     -0.08018800     -1.22474100      0.41003300     -0.07529600
     0.13509200      0.04398400      0.34173500     -0.43156800      0.02142100     -0.90185100     -0.60604200     -0.74739000      0.27220200     -0.66767400      0.66400300      0.33665700     -0.11272000     -0.02555500     -0.09455400     -0.17007300     -1.22175200      0.08947500      0.14729100     -0.18691900      0.05933800      0.34442700      0.77366000      0.21424900      0.59627100     -0.48879600      0.80047200      0.34678200     -0.40395900     -0.56001400      0.72323200      0.10096900     -0.04153000     -0.10619400     -0.56202600      1.76124800     -0.03996400     -1.40254200     -0.00377300      0.04575500     -0.01129000     -0.70605400     -0.24605900      0.66403400      0.50634700     -0.83095800      0.23047500      0.49507500      0.49896000      0.71129300      0.05643000     -0.02136200     -0.05391900      0.43739000      1.84556200      0.77797400     -0.73721800      0.10532600      0.04320500     -0.07098900     -0.41765800      0.09396000     -0.90373200     -0.71522200     -0.64743200      0.26322500     -0.56037300      0.75630800      0.33760700     -0.05627600     -0.01280200     -0.04724500     -0.09824100     -1.09838700      0.18294400     -0.03839200
     0.13039300      0.04285600      0.33826200     -0.40450700      0.00832300     -0.91452200     -0.61901300     -0.73857700      0.26701900     -0.67272600      0.67409900      0.30505300     -0.12711800     -0.03149000     -0.08511600     -0.00904400     -0.67478200      0.14945500      0.19173200     -0.18260000      0.05783300      0.33990300      0.72612400      0.14384800      0.67234200     -0.47514700      0.81166100      0.33967000     -0.49774800     -0.56628200      0.65683700      0.11344800     -0.02421400     -0.12810100      2.73727800      4.04577600      3.33156000     -1.40315800     -0.00161900      0.04499200     -0.01354600     -0.64838000     -0.18652400      0.73811300      0.49593900     -0.83907200      0.22361000      0.57762200      0.51104400      0.63654200      0.05704700     -0.01850200     -0.06077800     -0.64028800      2.04356900     -0.00428800     -0.73346200      0.10302400      0.04264900     -0.07269600     -0.39305200      0.07599400     -0.91636900     -0.72656600     -0.63646900      0.25885900     -0.56356900      0.76754900      0.30538000     -0.06372400     -0.02121300     -0.03846600     -0.06937700     -0.73530900      0.11548700      0.02120900
     0.12524900      0.04133200      0.33537300     -0.38701000      0.00118400     -0.92210000     -0.62576900     -0.73480100      0.26163700     -0.67677500      0.67827300      0.28626700     -0.14167300     -0.04383000     -0.06433700      0.03034400     -0.39077200      0.28244400      0.20790600     -0.17818200      0.05674800      0.33484900      0.67803700      0.08144400      0.73049600     -0.47007900      0.81195800      0.34595200     -0.56578900     -0.57805900      0.58787300      0.11537600     -0.02608600     -0.13213300      0.29859500      2.70733400      0.56155300     -1.40330600      0.00058800      0.04444500     -0.01607400     -0.59333700     -0.12495000      0.79519700      0.48813400     -0.84136300      0.23201800      0.64005900      0.52582800      0.56020400      0.05738600     -0.00718600     -0.06968700      3.38075500      3.87779100      2.52958800     -0.73395200      0.10040300      0.04186700     -0.07417900     -0.37644600      0.06594200     -0.92408800     -0.73263100     -0.63170600      0.25337300     -0.56704500      0.77239700      0.28611400     -0.07071500     -0.02161700     -0.03188100      0.05537200     -0.33848100      0.31792100      0.07084900
     0.12264000      0.04044800      0.33423400     -0.38052500      0.00169000     -0.92479400     -0.62709800     -0.73543300      0.25663100     -0.67922400      0.67758600      0.28206400     -0.12962200     -0.05062900     -0.05428600      0.02863400     -0.19235900      0.18936700      0.19678700     -0.17586500      0.05643800      0.33219200      0.65175800      0.05572500      0.75637200     -0.47083000      0.81147000      0.34607600     -0.59528600     -0.58174700      0.55413800      0.11556900     -0.01037900     -0.13807000     -0.61061600      1.90287700     -0.52872100     -1.40305800      0.00174700      0.04427500     -0.01740600     -0.56358200     -0.09930000      0.82006900      0.48765300     -0.84129800      0.23326200      0.66676000      0.53137200      0.52256400      0.05780800     -0.00562100     -0.06937100     -0.64911300      1.96622200     -0.46974200     -0.72660400      0.09914600      0.04144000     -0.07473100     -0.37015900      0.06593400     -0.92662500     -0.73395000     -0.63222700      0.24820500     -0.56947300      0.77197200      0.28241600     -0.06453700     -0.02436100     -0.02633200      0.03802800     -0.30447000      0.38861800      0.07101200
     0.11746000      0.03846800      0.33235200     -0.36753700      0.00285200     -0.93002900     -0.63043400     -0.73593600      0.24682600     -0.68328800      0.67703300      0.27344200     -0.13080800     -0.05329300     -0.04184700     -0.00582400     -0.21031600      0.22713900      0.19186700     -0.17097300      0.05636300      0.32668600      0.61155100      0.01913300      0.79096800     -0.47541800      0.80788700      0.34818000     -0.63309700     -0.58899100      0.50213700      0.12951500     -0.00026100     -0.13460500     -0.16075100      1.32590600     -0.69506400     -1.40313000      0.00413900      0.04421900     -0.02011500     -0.51933200     -0.06469600      0.85211900      0.49261200     -0.83745500      0.23664400      0.69830200      0.54266200      0.46678800      0.05864100     -0.00047600     -0.06708900     -0.26976700      1.35961200     -0.44533400     -0.72644100      0.09660700      0.04047400     -0.07566000     -0.35728700      0.06533900     -0.93170500     -0.73720100     -0.63223200      0.23836200     -0.57348000      0.77201800      0.27405600     -0.05892500     -0.02755700     -0.02147800      0.00045100     -0.24804500      0.28784900      0.06333800
     0.11272000      0.03651200      0.33074100     -0.34367900     -0.00770700     -0.93907900     -0.60560200     -0.76243600      0.22783600     -0.71732400      0.64701800      0.25853700     -0.11901100     -0.05084700     -0.04148500      0.48399500     -0.48142700      0.32200900      0.18655400     -0.16602100      0.05686200      0.32165800      0.59419700     -0.00124700      0.80431300     -0.47908400      0.80259700      0.35531700     -0.64670600     -0.59645600      0.47526300      0.13059500      0.01565300     -0.12520200     -0.03649500      0.86461300     -0.22522600     -1.40389700      0.00666300      0.04445600     -0.02269300     -0.49918600     -0.04677200      0.86523100      0.49765100     -0.83290700      0.24209000      0.70933400      0.55143200      0.43905100      0.06534800      0.00798500     -0.06255700     -0.09805800      0.95686600     -0.16286300     -0.72399200      0.09418400      0.03947900     -0.07647800     -0.33521900      0.05138800     -0.94073700     -0.71689500     -0.66179000      0.21930500     -0.61130100      0.74792500      0.25868400     -0.05947500     -0.02552200     -0.02073300      1.64944700     -1.00866000      0.35587800      0.05843900
     0.10816400      0.03461300      0.32915400     -0.31185800     -0.01566900     -0.95002400     -0.57636300     -0.79176500      0.20220200     -0.75498300      0.61063200      0.23907200     -0.12009100     -0.04753000     -0.04043400     -0.00657900     -0.20840300      0.23315100      0.19225700     -0.16085900      0.05741400      0.31742300      0.57665900     -0.00899800      0.81693000     -0.48151100      0.80396500      0.34888700     -0.66062300     -0.59453300      0.45822600      0.13412100      0.00142900     -0.09021500      0.11294800      0.31837700     -0.17407400     -1.40400000      0.00924400      0.04472500     -0.02483300     -0.47963700     -0.03988800      0.87655900      0.49952100     -0.83370800      0.23539100      0.72140600      0.55076200      0.41980200      0.06654900      0.00726000     -0.04816300      0.17646000      0.26130700     -0.19115000     -0.72872700      0.09186200      0.03851400     -0.07728400     -0.30450500      0.03852500     -0.95173000     -0.69201500     -0.69553400      0.19325500     -0.65451600      0.71745900      0.23845300     -0.05996500     -0.02359300     -0.02001300     -0.01020600     -0.19580700      0.21825600      0.05713300
     0.10598900      0.03369600      0.32837200     -0.29348300     -0.01228800     -0.95590900     -0.57585000     -0.79587000      0.18697300     -0.76271900      0.60534600      0.22769000     -0.10736500     -0.04722500     -0.04070500     -0.00596900     -0.35283900      0.44987500      0.18727700     -0.15821000      0.05763300      0.31571200      0.56749900     -0.00807900      0.82332900     -0.48318100      0.80630300      0.34109500     -0.66729700     -0.59137400      0.45260900      0.13422900      0.01009900     -0.08428400      0.16218200      0.14675900     -0.06027600     -1.40400600      0.01056900      0.04483300     -0.02569000     -0.46977500     -0.04196100      0.88178700      0.50030300     -0.83562500      0.22677300      0.72732900      0.54769400      0.41354900      0.06711000      0.00626300     -0.04130600      0.15706700      0.23144400     -0.19903400     -0.73297300      0.09081500      0.03807200     -0.07766000     -0.28620000      0.03905500     -0.95737300     -0.69195300     -0.69957300      0.17831600     -0.66278900      0.71349200      0.22724200     -0.05361000     -0.02353200     -0.02020500     -0.00822600     -0.23723900      0.28493600      0.05794900
     0.10198900      0.03184400      0.32679500     -0.25946600     -0.00699500     -0.96575000     -0.56909200     -0.80679900      0.15868500     -0.77996100      0.59077900      0.20656000     -0.09526900     -0.04717200     -0.04181800     -0.00634500     -0.36344800      0.47418500      0.19469800     -0.15311600      0.05777000      0.31316400      0.54677300      0.00407900      0.83726600     -0.50309100      0.80084500      0.32477700     -0.66985700     -0.59880100      0.43885300      0.12502900     -0.00619600     -0.04879300      0.03768600      0.26921900     -0.23016400     -1.40399300      0.01312100      0.04490200     -0.02698200     -0.44804600     -0.05553500      0.89228400      0.51826800     -0.82938200      0.20862000      0.72845900      0.55591400      0.40038400      0.06253500     -0.00261500     -0.02411500      0.02803500      0.26284700     -0.22990100     -0.73640200      0.08881100      0.03714900     -0.07844600     -0.25182800      0.03911500     -0.96698000     -0.68676100     -0.71121900      0.15008200     -0.68186500      0.70188000      0.20596800     -0.04755300     -0.02346900     -0.02073100     -0.00879800     -0.47006200      0.62941400      0.05566300
     0.09850800      0.03011800      0.32524600     -0.23580200     -0.00110300     -0.97182400     -0.56935400     -0.81023700      0.13901200     -0.78727400      0.58608900      0.19163900     -0.08171200     -0.04346000     -0.03956900     -0.00594500     -0.26467800      0.34033700      0.26305200     -0.14848800      0.05749800      0.31190900      0.53431700      0.01725200      0.84510300     -0.52227400      0.79275900      0.31416100     -0.66519000     -0.60925300      0.43150500      0.11432800     -0.01151100     -0.02015200      0.01040700      0.10627400     -0.12665900     -1.40390100      0.01544000      0.04476900     -0.02762000     -0.43508400     -0.06972700      0.89768500      0.53633200     -0.82088800      0.19618400      0.72322100      0.56681400      0.39455200      0.05091100     -0.00578800     -0.00957700     -0.01709600      0.27391500     -0.31986700     -0.74064700      0.08703300      0.03626400     -0.07924000     -0.22716600      0.04141100     -0.97297400     -0.68753100     -0.71440100      0.13011600     -0.68970600      0.69850900      0.19075900     -0.04075100     -0.02148000     -0.01951100     -0.00721200     -0.26414200      0.34018600      0.11020200
     0.09693500      0.02938300      0.32450100     -0.22761800      0.00133900     -0.97377200     -0.57094700     -0.81024100      0.13229000     -0.78853800      0.58607900      0.18640400     -0.07979900     -0.02760200     -0.04393300      0.02787600     -0.30069600      0.37885000      0.30630400     -0.14630400      0.05731100      0.31165500      0.52526200      0.03280000      0.85030400     -0.54042100      0.78462900      0.30370500     -0.65784500     -0.61908200      0.42876600      0.11374700     -0.00216000     -0.01292600      0.09207800     -0.00455200     -0.45541900     -1.40404700      0.01653300      0.04467200     -0.02775000     -0.42575500     -0.08488200      0.90084800      0.55339200     -0.81211000      0.18502000      0.71588300      0.57729600      0.39273300      0.05131300     -0.00732800     -0.00278700      0.04887800     -0.25594100     -0.48693300     -0.74358700      0.08627600      0.03590300     -0.07959800     -0.21904800      0.04254400     -0.97478500     -0.68903200     -0.71410100      0.12366900     -0.69083400      0.69874800      0.18573700     -0.03375500     -0.02042800     -0.01864200     -0.00627300     -0.29561900      0.39371700      0.15772000
     0.09397100      0.02812200      0.32310700     -0.21906700      0.00341100     -0.97572700     -0.57234000     -0.81032000      0.12561300     -0.78995800      0.58595800      0.18068300     -0.07868600     -0.02097700     -0.03906500      0.02901200      0.02257200     -0.08799400      0.38441500     -0.14236700      0.05690700      0.31175600      0.51246600      0.07046900      0.85580600     -0.57514200      0.76813000      0.28128600     -0.63816600     -0.63644200      0.43306800      0.09062000     -0.01561900      0.01109100     -4.42932100     -2.00538200     -3.06432800     -1.40422500      0.01851100      0.04448300     -0.02770200     -0.41341200     -0.11871900      0.90277100      0.58127300     -0.79756000      0.16130300      0.70086400      0.59144200      0.39872900      0.04526400     -0.00722900      0.00593700      0.04445700     -0.04494000     -0.31675000     -0.75273100      0.08476400      0.03526200     -0.08031200     -0.20991600      0.04334800     -0.97675700     -0.69045000     -0.71390300      0.11670300     -0.69225200      0.69890000      0.17978900     -0.03923500     -0.01021700     -0.01924600      0.02840700      0.02267500     -0.08783400      0.26973700
     0.09117000      0.02727600      0.32183700     -0.21964300      0.00211600     -0.97560100     -0.57155800     -0.81067700      0.12686600     -0.79036300      0.58547200      0.18048500     -0.06336400     -0.01469500     -0.03360600      0.03058500      0.10462700     -0.19826800      0.42725300     -0.13908200      0.05636800      0.31234800      0.50075000      0.12414900      0.85663800     -0.61835300      0.74374400      0.25380600     -0.60621300     -0.65694800      0.44809400      0.07763800     -0.01081500      0.01608700      0.33084500     -0.75464300     -1.00458200     -1.40384100      0.02015700      0.04422200     -0.02740000     -0.40266500     -0.17490300      0.89848100      0.62618700     -0.76858500      0.13101600      0.66764400      0.61537400      0.41900500      0.03948700     -0.01062800      0.01194800     -0.19835700     -0.44742300     -1.06672800     -0.75811900      0.08338600      0.03484000     -0.08093800     -0.21052700      0.04221000     -0.97667600     -0.68980000     -0.71434900      0.11781700     -0.69271500      0.69851500      0.17950600     -0.03825700     -0.00593200     -0.01578200      0.02834000      0.00600000     -0.06433900      0.35023900
     0.08980200      0.02703800      0.32131300     -0.22245200      0.00184300     -0.97496500     -0.57537600     -0.80752200      0.12969900     -0.78679800      0.58981700      0.18191000     -0.07502500     -0.00612300     -0.02674700     -0.11599100      0.12218900     -0.17703300      0.44428000     -0.13754100      0.05602500      0.31280900      0.49333500      0.15477100      0.85595400     -0.64016600      0.73073000      0.23697000     -0.58939000     -0.66504700      0.45847100      0.07892800     -0.01988700      0.02507200     -4.32513900     -2.01942600     -3.45063000     -1.40402100      0.02092700      0.04405700     -0.02717000     -0.39698700     -0.20335000      0.89501300      0.64191500     -0.75849300      0.11239200      0.65600700      0.61914200      0.43164500      0.03318300     -0.01056500      0.01264100      0.19011500     -0.32147100     -0.66493000     -0.75616000      0.08267700      0.03471300     -0.08121600     -0.21350000      0.04231100     -0.97602500     -0.69304400     -0.71070300      0.12079000     -0.68855400      0.70221800      0.18105800     -0.03735000     -0.00260700     -0.01292100     -0.11772800      0.12289400     -0.17699300      0.37930500
     0.08718000      0.02682000      0.32059400     -0.23064800      0.00497300     -0.97304800     -0.58732900     -0.79797700      0.13508600     -0.77551900      0.60264700      0.18818500     -0.07288800     -0.00574000     -0.00873000     -0.04810700      0.11267400     -0.18656300      0.46457100     -0.13498800      0.05527400      0.31372200      0.47538100      0.20749100      0.85495700     -0.67544300      0.70866900      0.20371200     -0.56418500     -0.67456900      0.47593500      0.06660900     -0.02155300      0.02501000     -1.08022400     -0.86367800     -1.84414800     -1.40392000      0.02223300      0.04368300     -0.02669800     -0.37970100     -0.25964700      0.88792400      0.67773700     -0.73137000      0.07595100      0.62968200      0.63061800      0.45367400      0.03327900     -0.01071400      0.01251000     -1.13155000     -0.80807100     -1.78803100     -0.76252800      0.08139200      0.03460200     -0.08157500     -0.22097100      0.04676100     -0.97415800     -0.70349600     -0.69943900      0.12600200     -0.67547300      0.71316000      0.18745300     -0.02900300      0.00187700     -0.00868000     -0.11724700      0.08796700     -0.12616600      0.41898500
     0.08469900      0.02684500      0.32038700     -0.23790600      0.00881200     -0.97127100     -0.59970400     -0.78791700      0.13969100     -0.76376200      0.61569500      0.19394500     -0.05650000      0.00149500     -0.00157800      0.00090100      0.09085100     -0.13103300      0.46595200     -0.13277900      0.05456800      0.31443700      0.45767400      0.23841200      0.85655500     -0.70432800      0.68508300      0.18578600     -0.54306700     -0.68861700      0.48036200      0.05330600     -0.01634000      0.01416200     -0.05667700      0.10442300     -0.31840300     -1.40375700      0.02331600      0.04334600     -0.02633800     -0.36283900     -0.29303000      0.88457900      0.70506800     -0.70700300      0.05500000      0.60928400      0.64364500      0.46313400      0.02039300     -0.00915700      0.00692900     -0.13578800      0.30794100     -0.45896000     -0.76644700      0.08014600      0.03461400     -0.08168000     -0.22763600      0.05194000     -0.97236000     -0.71425700     -0.68761200      0.13048300     -0.66182900      0.72421800      0.19362400     -0.03475900      0.00256900      0.00055600     -0.00610900      0.08103400     -0.17832100      0.43809000
     0.08229600      0.02714100      0.32061100     -0.24082100      0.01120600     -0.97052800     -0.61285700     -0.77712000      0.14304300     -0.75232200      0.62922600      0.19522400     -0.05389100      0.00942000      0.00560200      0.01490000     -0.07043600      0.05874900      0.47615700     -0.13092600      0.05406000      0.31475600      0.44728700      0.24711400      0.85957000     -0.71742600      0.67293100      0.17999600     -0.53448800     -0.69749000      0.47717200      0.05235800     -0.00851500      0.00402900     -0.04493300      0.06965500     -0.05829800     -1.40370400      0.02424200      0.04309000     -0.02617400     -0.35222200     -0.30108700      0.88616300      0.71774700     -0.69455600      0.04929600      0.60064800      0.65340400      0.46074300      0.01998100     -0.00568800      0.00151800     -0.06993900      0.23475600     -0.25808800     -0.76759000      0.07894500      0.03476400     -0.08156600     -0.23029600      0.05442000     -0.97159700     -0.72561500     -0.67488800      0.13419000     -0.64841700      0.73590900      0.19491300     -0.03323700      0.00719000      0.00473600      0.06494800     -0.46509900      0.59174700      0.44854000
