     0.14714600     -0.05016500      0.32228900     -0.21391500      0.30804300     -0.92703600     -0.69278800     -0.71684800     -0.07839500     -0.68843400      0.62508300      0.36790800     -0.00000000     -0.00000000     -0.00000000      0.00000000      0.00000000      0.00000000      0.07058900     -0.16700800     -0.04538400      0.31962200     -0.32925500     -0.44426900      0.83319100      0.78558200     -0.61840700     -0.01916400      0.52415100      0.64878300      0.55155200     -0.00000100     -0.00010300     -0.00011800      0.00000000      0.00000000      0.00000000     -0.22568800      0.04387800      0.02176300     -0.02178200      0.31360500      0.41343300      0.85482400     -0.76777800      0.64010700     -0.02791500     -0.55872000     -0.64756100      0.51816600      0.00000000     -0.00004600     -0.00005300      0.00000700      0.00000800     -0.00001300     -0.41341300      0.07442300      0.01339800     -0.06386200      0.31375000     -0.25961600     -0.91332300      0.60882400      0.79313700     -0.01630500      0.72862300     -0.55093800      0.40690700     -0.00000000      0.00000100      0.00000200      0.00000400      0.00000800      0.00000900     -0.13244800
     0.14714600     -0.05016500      0.32228900     -0.21391500      0.30804300     -0.92703600     -0.69278800     -0.71684800     -0.07839500     -0.68843400      0.62508300      0.36790800     -0.00000000     -0.00000000     -0.00000000      0.00000000      0.00000000      0.00000000      0.06911400     -0.16700800     -0.04537800      0.31962800     -0.32927600     -0.44426400      0.83318600      0.78557500     -0.61841600     -0.01914800      0.52414900      0.64877800      0.55156000      0.00000000      0.00001900      0.00002100      0.00000000      0.00000000      0.00000000     -0.22510200      0.04387800      0.02176600     -0.02177900      0.31362500      0.41342700      0.85481900     -0.76777100      0.64011600     -0.02790000     -0.55871800     -0.64755600      0.51817400      0.00000100      0.00002100      0.00002600     -0.00000500      0.00000600      0.00001000     -0.41325000      0.07442300      0.01339800     -0.06386200      0.31375000     -0.25961600     -0.91332300      0.60882400      0.79313700     -0.01630500      0.72862300     -0.55093800      0.40690700     -0.00000000      0.00000100      0.00000200      0.00000400      0.00000800      0.00000900     -0.13261100
     0.14715800     -0.05017300      0.32229500     -0.21390800      0.30804800     -0.92703600     -0.69280800     -0.71682900     -0.07839300     -0.68841700      0.62510200      0.36790800     -0.00000000     -0.00000000     -0.00000000      0.00000000      0.00000000      0.00000000      0.07031200     -0.16702000     -0.04537900      0.31962900     -0.32925300     -0.44427000      0.83319100      0.78558300     -0.61840500     -0.01916600      0.52415100      0.64878400      0.55155100      0.00000000      0.00000000      0.00000000      0.00000000      0.00000000      0.00000000     -0.22555700      0.04387200      0.02176600     -0.02177800      0.31360200      0.41343400      0.85482400     -0.76777900      0.64010500     -0.02791700     -0.55872000     -0.64756200      0.51816400      0.00000200      0.00000200      0.00000500      0.00000500     -0.00000700     -0.00000100     -0.41292300      0.07442900      0.01339400     -0.06385900      0.31374400     -0.25962200     -0.91332300      0.60884600      0.79312000     -0.01630200      0.72860800     -0.55095900      0.40690600     -0.00000000      0.00000100      0.00000100      0.00000400     -0.00000100      0.00001000     -0.13293800
     0.14715800     -0.05016600      0.32228800     -0.21389200      0.30805200     -0.92703800     -0.69279200     -0.71684100     -0.07841600     -0.68843700      0.62508600      0.36789800     -0.00000000     -0.00000000     -0.00000000      0.00000000      0.00000000      0.00000000      0.07097100     -0.16700800     -0.04538400      0.31962200     -0.32925500     -0.44426900      0.83319100      0.78558200     -0.61840700     -0.01916400      0.52415100      0.64878300      0.55155200     -0.00000000     -0.00002700     -0.00003200      0.00000000      0.00000000      0.00000000     -0.22517800      0.04387800      0.02176300     -0.02178200      0.31360500      0.41343300      0.85482400     -0.76777800      0.64010700     -0.02791500     -0.55872000     -0.64756100      0.51816500      0.00000200     -0.00000900     -0.00001000      0.00000200      0.00000700     -0.00000600     -0.41292300      0.07442900      0.01339800     -0.06386200      0.31372900     -0.25962700     -0.91332700      0.60883100      0.79313100     -0.01632600      0.72862700     -0.55094000      0.40689700     -0.00000100      0.00000100      0.00000100      0.00000200     -0.00000300      0.00000300     -0.13195800
     0.14716900     -0.05016600      0.32228800     -0.21386900      0.30806100     -0.92704000     -0.69279600     -0.71683500     -0.07843700     -0.68844000      0.62508900      0.36788700     -0.00000000     -0.00000000     -0.00000000      0.00000000      0.00000000      0.00000000      0.07020100     -0.16702000     -0.04538500      0.31962200     -0.32923200     -0.44427500      0.83319700      0.78559000     -0.61839600     -0.01918100      0.52415300      0.64878900      0.55154200     -0.00000000     -0.00000000     -0.00000000      0.00000000      0.00000000      0.00000000     -0.22523100      0.04387200      0.02176300     -0.02178200      0.31358200      0.41344000      0.85482900     -0.76778500      0.64009700     -0.02793300     -0.55872300     -0.64756600      0.51815600      0.00000200      0.00000500      0.00000900      0.00000000     -0.00000800     -0.00000500     -0.41276000      0.07443500      0.01339800     -0.06386200      0.31370700     -0.25963900     -0.91333100      0.60883800      0.79312600     -0.01634600      0.72863100     -0.55094300      0.40688700     -0.00000100      0.00000100      0.00000200      0.00000400     -0.00000700      0.00000500     -0.13195800
     0.14716900     -0.05018000      0.32228800     -0.21390600      0.30804900     -0.92703600     -0.69280800     -0.71682800     -0.07839600     -0.68841700      0.62510300      0.36790700     -0.00000000     -0.00000100     -0.00000100      0.00000000      0.00000000      0.00000000      0.07083600     -0.16702000     -0.04538500      0.31962200     -0.32923200     -0.44427500      0.83319700      0.78559000     -0.61839600     -0.01918100      0.52415300      0.64878900      0.55154200     -0.00000000     -0.00000000     -0.00000000      0.00000000      0.00000000      0.00000000     -0.22520300      0.04387200      0.02176300     -0.02178200      0.31358200      0.41344000      0.85482900     -0.76778600      0.64009700     -0.02793300     -0.55872200     -0.64756600      0.51815600      0.00000300      0.00000100      0.00000700      0.00000400     -0.00000700     -0.00000900     -0.41292300      0.07443400      0.01339100     -0.06386300      0.31374100     -0.25962300     -0.91332400      0.60884700      0.79311900     -0.01630500      0.72860800     -0.55095900      0.40690500     -0.00000200      0.00000500      0.00000700     -0.00000300     -0.00000300     -0.00000800     -0.13212100
     0.14716900     -0.05016600      0.32228800     -0.21386900      0.30806100     -0.92704000     -0.69279600     -0.71683500     -0.07843700     -0.68844000      0.62508900      0.36788700      0.00000000      0.00000100      0.00000200      0.00000000      0.00000000      0.00000000      0.07291700     -0.16700800     -0.04539000      0.31961500     -0.32923500     -0.44427500      0.83319600      0.78558900     -0.61839700     -0.01917900      0.52415300      0.64878800      0.55154300     -0.00000000     -0.00003800     -0.00004400      0.00000000      0.00000000      0.00000000     -0.22438100      0.04387800      0.02176000     -0.02178500      0.31358500      0.41343900      0.85482800     -0.76778500      0.64009800     -0.02793100     -0.55872200     -0.64756600      0.51815700      0.00000100     -0.00001400     -0.00001300      0.00000400     -0.00000800     -0.00000800     -0.41276000      0.07443500      0.01339800     -0.06386200      0.31370700     -0.25963900     -0.91333100      0.60883800      0.79312600     -0.01634600      0.72863100     -0.55094300      0.40688700     -0.00000200     -0.00000200     -0.00000100     -0.00000100     -0.00001100     -0.00001000     -0.13016200
     0.14720400     -0.05017400      0.32227900     -0.21368200      0.30813300     -0.92705900     -0.69283100     -0.71678300     -0.07860600     -0.68846400      0.62511300      0.36780200     -0.00000500     -0.00003700     -0.00004400      0.00000000      0.00000000      0.00000000      0.07216500     -0.16700900     -0.04539600      0.31960800     -0.32935500     -0.44424300      0.83316600      0.78554800     -0.61845200     -0.01908900      0.52414000      0.64875700      0.55159200     -0.00000000     -0.00000100     -0.00000100      0.00000000      0.00000000      0.00000000     -0.22384000      0.04387800      0.02175800     -0.02178900      0.31370400      0.41340500      0.85480100     -0.76774500      0.64015000     -0.02783900     -0.55871000     -0.64753600      0.51820700      0.00000200      0.00000700      0.00001000      0.00000100     -0.00001000     -0.00000700     -0.41227000      0.07445200      0.01339400     -0.06386700      0.31353100     -0.25973200     -0.91336500      0.60889000      0.79308200     -0.01651300      0.72866300     -0.55096200      0.40680400     -0.00000300     -0.00001600     -0.00001600      0.00000600     -0.00000300      0.00000300     -0.13081500
     0.14723900     -0.05018400      0.32228300     -0.21362900      0.30815600     -0.92706400     -0.69285900     -0.71675200     -0.07864500     -0.68845200      0.62513700      0.36778300     -0.00000000     -0.00000000     -0.00000100      0.00000000      0.00000000      0.00000000      0.07210700     -0.16700900     -0.04540100      0.31960200     -0.32919500     -0.44428500      0.83320600      0.78560300     -0.61837900     -0.01920900      0.52415700      0.64879900      0.55152700     -0.00000000     -0.00005300     -0.00006100      0.00000000      0.00000000      0.00000000     -0.22367100      0.04387800      0.02175500     -0.02179200      0.31354400      0.41345000      0.85483800     -0.76779800      0.64008100     -0.02796200     -0.55872700     -0.64757500      0.51814000      0.00000200     -0.00002300     -0.00002600      0.00000100      0.00000500     -0.00000800     -0.41210700      0.07446900      0.01338900     -0.06386500      0.31348200     -0.25976000     -0.91337400      0.60892400      0.79305500     -0.01655100      0.72865600     -0.55098700      0.40678300      0.00778000     -0.00046800     -0.00048900      0.00098700     -0.01470600      0.02955000     -0.13048800
     0.14726300     -0.05017200      0.32228200     -0.21368600      0.30813300     -0.92705900     -0.69283000     -0.71678400     -0.07860300     -0.68846300      0.62511200      0.36780500      0.00000100      0.00000700      0.00000900      0.00000000      0.00000000      0.00000000      0.07600600     -0.16702000     -0.04540200      0.31960200     -0.32917100     -0.44429100      0.83321200      0.78561100     -0.61836800     -0.01922700      0.52416000      0.64880500      0.55151700     -0.00000000     -0.00000000     -0.00000000      0.00000000      0.00000000      0.00000000     -0.21775700      0.04387200      0.02175400     -0.02179200      0.31352100      0.41345700      0.85484300     -0.76780600      0.64007100     -0.02798000     -0.55872900     -0.64758100      0.51813000      0.00000300      0.00000500      0.00000900     -0.00000200     -0.00001700     -0.00000400     -0.40916700      0.07448100      0.01339500     -0.06386500      0.31353500     -0.25973100     -0.91336400      0.60888900      0.79308300     -0.01651100      0.72866200     -0.55096100      0.40680600     -0.00000000     -0.00000100     -0.00000100     -0.00000500     -0.00000600     -0.00002200     -0.12820200
     0.14730800     -0.05017000      0.32225200     -0.21360200      0.30816200     -0.92706900     -0.69280900     -0.71679500     -0.07869600     -0.68851100      0.62508600      0.36776000     -0.00002000     -0.00014900     -0.00017500      0.00000000      0.00000000      0.00000000      0.07616700     -0.16702000     -0.04541300      0.31958900     -0.32927100     -0.44426500      0.83318700      0.78557700     -0.61841400     -0.01915200      0.52414900      0.64877900      0.55155800     -0.00000300     -0.00038200     -0.00044000      0.00000000      0.00000000      0.00000000     -0.21728600      0.04387200      0.02174900     -0.02179800      0.31362000      0.41342900      0.85482000     -0.76777300      0.64011400     -0.02790400     -0.55871900     -0.64755700      0.51817200      0.00000100     -0.00020500     -0.00023300      0.00000200     -0.00000500     -0.00000800     -0.40639100      0.07450400      0.01339500     -0.06388000      0.31345600     -0.25976900     -0.91338100      0.60887300      0.79309300     -0.01660500      0.72871000     -0.55092800      0.40676600     -0.00001200     -0.00008800     -0.00010400      0.00000400     -0.00001200      0.00000300     -0.12428300
     0.14734200     -0.05018600      0.32225000     -0.21356900      0.30817700     -0.92707100     -0.69283400     -0.71676900     -0.07871700     -0.68849600      0.62510800      0.36774900     -0.00000400     -0.00002900     -0.00003400      0.00000000      0.00000000      0.00000000      0.07536400     -0.16700900     -0.04541300      0.31958800     -0.32929400     -0.44425900      0.83318100      0.78556900     -0.61842500     -0.01913500      0.52414700      0.64877300      0.55156700     -0.00000000     -0.00000600     -0.00000600      0.00000000      0.00000000      0.00000000     -0.21797200      0.04387800      0.02174900     -0.02179900      0.31364300      0.41342200      0.85481500     -0.76776500      0.64012400     -0.02788600     -0.55871600     -0.64755100      0.51818200      0.00000200      0.00000700      0.00000900     -0.00000200      0.00000400     -0.00000400     -0.40655500      0.07452100      0.01338700     -0.06388200      0.31342500     -0.25978700     -0.91338600      0.60890200      0.79307000     -0.01662500      0.72869900     -0.55095200      0.40675300      0.00000100     -0.00000400     -0.00000400      0.00000600     -0.00000100      0.00000400     -0.12477300
     0.14739000     -0.05018300      0.32225300     -0.21345700      0.30822000     -0.92708200     -0.69285400     -0.71673800     -0.07881900     -0.68851100      0.62512200      0.36769900      0.00001900      0.00013700      0.00016100      0.00000000      0.00000000      0.00000000      0.07329300     -0.16698600     -0.04540600      0.31959400     -0.32936100     -0.44424100      0.83316400      0.78554600     -0.61845500     -0.01908500      0.52413900      0.64875600      0.55159500      0.00000100      0.00007300      0.00008400      0.00000000      0.00000000      0.00000000     -0.21768500      0.04389000      0.02175300     -0.02179600      0.31371000      0.41340300      0.85480000     -0.76774300      0.64015200     -0.02783400     -0.55870900     -0.64753500      0.51821000      0.00000200      0.00004400      0.00005500     -0.00000800     -0.00000400      0.00001400     -0.40639100      0.07454500      0.01338900     -0.06388000      0.31332000     -0.25984400     -0.91340600      0.60893400      0.79304400     -0.01672500      0.72871800     -0.55096400      0.40670400      0.00001000      0.00009100      0.00010700      0.00000800      0.00000300     -0.00001000     -0.12591600
     0.14741300     -0.05016900      0.32223800     -0.21337900      0.30824600     -0.92709200     -0.69283200     -0.71675000     -0.07890600     -0.68855800      0.62509500      0.36765700     -0.00001600     -0.00011500     -0.00013500      0.00000000      0.00000000      0.00000000      0.07110300     -0.16700900     -0.04541300      0.31958800     -0.32929400     -0.44425900      0.83318100      0.78556900     -0.61842500     -0.01913500      0.52414700      0.64877300      0.55156700     -0.00000100     -0.00016400     -0.00018900      0.00000000      0.00000000      0.00000000     -0.21736400      0.04387800      0.02174900     -0.02179800      0.31364300      0.41342200      0.85481500     -0.76776500      0.64012400     -0.02788600     -0.55871600     -0.64755100      0.51818200     -0.00000000     -0.00010500     -0.00012000      0.00000400      0.00000200     -0.00000700     -0.40606500      0.07455700      0.01339600     -0.06388700      0.31324600     -0.25987800     -0.91342100      0.60891600      0.79305600     -0.01681300      0.72876400     -0.55093000      0.40666600     -0.00001000     -0.00006500     -0.00007500      0.00000000     -0.00000900     -0.00001200     -0.12771200
     0.14741200     -0.05017500      0.32223200     -0.21339900      0.30823900     -0.92709000     -0.69282800     -0.71675500     -0.07888800     -0.68855500      0.62509300      0.36766600     -0.00000000     -0.00000200     -0.00000200      0.00000000      0.00000000      0.00000000      0.06693100     -0.16703200     -0.04543100      0.31957000     -0.32918700     -0.44428700      0.83320800      0.78560600     -0.61837500     -0.01921500      0.52415800      0.64880100      0.55152400     -0.00000100     -0.00018200     -0.00020900      0.00000000      0.00000000      0.00000000     -0.21746400      0.04386600      0.02174000     -0.02180800      0.31353600      0.41345300      0.85483900     -0.76780100      0.64007700     -0.02796900     -0.55872700     -0.64757700      0.51813700      0.00000000     -0.00010000     -0.00011400     -0.01232100      0.09200300     -0.17587400     -0.40606500      0.07455600      0.01339300     -0.06389100      0.31326500     -0.25986800     -0.91341800      0.60891000      0.79306100     -0.01679500      0.72876100     -0.55092800      0.40667500      0.00000100      0.00000500      0.00000600      0.00000700     -0.00000100      0.00000800     -0.13424400
     0.14740100     -0.05017600      0.32224600     -0.21341800      0.30823300     -0.92708700     -0.69284300     -0.71674400     -0.07886200     -0.68853400      0.62510900      0.36767800      0.00005000      0.00036400      0.00042800      0.00000000      0.00000000      0.00000000      0.06973900     -0.16704300     -0.04544300      0.31955700     -0.32912300     -0.44430400      0.83322400      0.78562800     -0.61834500     -0.01926300      0.52416500      0.64881800      0.55149800     -0.00000300     -0.00039600     -0.00045600      0.00000000      0.00000000      0.00000000     -0.21753200      0.04386100      0.02173400     -0.02181400      0.31347300      0.41347100      0.85485400     -0.76782200      0.64005000     -0.02801800     -0.55873400     -0.64759300      0.51811000     -0.00000100     -0.00024000     -0.00027600     -0.00000700     -0.00000700      0.00000500     -0.40606500      0.07455100      0.01339200     -0.06388400      0.31328300     -0.25986100     -0.91341300      0.60892500      0.79305000     -0.01676900      0.72874100     -0.55094700      0.40668500      0.00003100      0.00024400      0.00028900      0.00000800     -0.00000100      0.00000500     -0.13522400
     0.14740300     -0.05017200      0.32226600     -0.21339400      0.30824500     -0.92708900     -0.69286600     -0.71672000     -0.07887600     -0.68851900      0.62513000      0.36767100      0.00000700      0.00005300      0.00006200      0.00000000      0.00000000      0.00000000      0.07585500     -0.16703200     -0.04544300      0.31955600     -0.32914600     -0.44429800      0.83321900      0.78562000     -0.61835600     -0.01924600      0.52416300      0.64881200      0.55150700     -0.00000000     -0.00000000     -0.00000000      0.00000000      0.00000000      0.00000000     -0.21432100      0.04386600      0.02173400     -0.02181500      0.31349600      0.41346400      0.85484900     -0.76781400      0.64006000     -0.02800000     -0.55873100     -0.64758800      0.51812000     -0.00000000      0.00001000      0.00001200     -0.00000200     -0.00001000     -0.00000000     -0.40524800      0.07455200      0.01339500     -0.06387300      0.31326100     -0.25987500     -0.91341700      0.60895100      0.79303000     -0.01678100      0.72872900     -0.55096900      0.40667600      0.00000200      0.00001600      0.00001800      0.00000400     -0.00000600      0.00000000     -0.12836500
     0.14741200     -0.05018200      0.32223800     -0.21341500      0.30823500     -0.92708700     -0.69284300     -0.71674300     -0.07886500     -0.68853400      0.62510900      0.36767700     -0.00002800     -0.00020500     -0.00024100      0.00000000      0.00000000      0.00000000      0.07500000     -0.16702000     -0.04543700      0.31956200     -0.32919000     -0.44428700      0.83320700      0.78560500     -0.61837600     -0.01921300      0.52415800      0.64880000      0.55152500      0.00000100      0.00014000      0.00016100      0.00000000      0.00000000      0.00000000     -0.21421700      0.04387200      0.02173700     -0.02181200      0.31353900      0.41345200      0.85483900     -0.76780000      0.64007800     -0.02796600     -0.55872700     -0.64757700      0.51813800      0.00000300      0.00007600      0.00009100      0.00000100      0.00000200      0.00000300     -0.40377900      0.07455600      0.01339000     -0.06388700      0.31328100     -0.25986200     -0.91341400      0.60892500      0.79305000     -0.01677200      0.72874100     -0.55094700      0.40668400     -0.00001800     -0.00012400     -0.00014500     -0.00000300     -0.00001200     -0.00001400     -0.12591600
     0.14740100     -0.05018200      0.32223900     -0.21343800      0.30822600     -0.92708500     -0.69283900     -0.71674900     -0.07884400     -0.68853200      0.62510600      0.36768700     -0.00000000     -0.00000000     -0.00000000      0.00000000      0.00000000      0.00000000      0.07694400     -0.16702000     -0.04543700      0.31956200     -0.32919000     -0.44428700      0.83320700      0.78560500     -0.61837600     -0.01921300      0.52415800      0.64880000      0.55152500      0.00000000      0.00000000      0.00000000      0.00000000      0.00000000      0.00000000     -0.21441800      0.04387200      0.02173700     -0.02181100      0.31353900      0.41345200      0.85483900     -0.76780000      0.64007800     -0.02796600     -0.55872600     -0.64757700      0.51813800      0.00000100     -0.00000200     -0.00000100      0.00000500     -0.00000200      0.00000300     -0.40345200      0.07455000      0.01339000     -0.06388700      0.31330200     -0.25985100     -0.91341000      0.60891900      0.79305500     -0.01675100      0.72873700     -0.55094500      0.40669400     -0.00000200      0.00000500      0.00001100      0.00000500      0.00000100     -0.00000600     -0.12575300
     0.14740100     -0.05018400      0.32225200     -0.21343400      0.30822900     -0.92708500     -0.69285800     -0.71673100     -0.07884000     -0.68851400      0.62512500      0.36768900      0.00000800      0.00006100      0.00007200      0.00000000      0.00000000      0.00000000      0.07884700     -0.16702000     -0.04543700      0.31956200     -0.32919000     -0.44428700      0.83320700      0.78560500     -0.61837600     -0.01921300      0.52415800      0.64880000      0.55152500      0.00000000      0.00000000      0.00000000      0.00000000      0.00000000      0.00000000     -0.21447400      0.04387200      0.02173700     -0.02181100      0.31353900      0.41345200      0.85483900     -0.76780000      0.64007800     -0.02796600     -0.55872700     -0.64757700      0.51813800      0.00000100     -0.00000200     -0.00000100     -0.01231100      0.09200700     -0.17587800     -0.40345200      0.07455100      0.01338900     -0.06388000      0.31329900     -0.25985500     -0.91341000      0.60894000      0.79303900     -0.01674600      0.72872200     -0.55096500      0.40669400      0.00000400      0.00004300      0.00005300      0.00000200      0.00000100     -0.00001300     -0.12395600
     0.14741300     -0.05017700      0.32224500     -0.21339500      0.30824200     -0.92708900     -0.69284700     -0.71673700     -0.07888300     -0.68853700      0.62511100      0.36766800     -0.00004200     -0.00031000     -0.00036300      0.00000000      0.00000000      0.00000000      0.07748700     -0.16700900     -0.04543600      0.31956200     -0.32921300     -0.44428000      0.83320200      0.78559700     -0.61838700     -0.01919600      0.52415500      0.64879400      0.55153400     -0.00000000     -0.00003000     -0.00003400      0.00000000      0.00000000      0.00000000     -0.21441400      0.04387800      0.02173800     -0.02181200      0.31356200      0.41344500      0.85483400     -0.76779200      0.64008800     -0.02794800     -0.55872400     -0.64757100      0.51814800     -0.00000100     -0.00001900     -0.00002200      0.00000100     -0.00000200      0.00000300     -0.40361600      0.07455700      0.01339300     -0.06388300      0.31326200     -0.25987200     -0.91341700      0.60893100      0.79304500     -0.01679000      0.72874500     -0.55094900      0.40667500     -0.00003300     -0.00024700     -0.00029000      0.00001000     -0.00000800      0.00002100     -0.12216000
     0.14740100     -0.05018200      0.32223900     -0.21343800      0.30822600     -0.92708500     -0.69283900     -0.71674900     -0.07884400     -0.68853200      0.62510600      0.36768700     -0.00000100     -0.00000500     -0.00000600      0.00000000      0.00000000      0.00000000      0.07582300     -0.16699700     -0.04543000      0.31956800     -0.32925600     -0.44426900      0.83319100      0.78558200     -0.61840700     -0.01916300      0.52415100      0.64878300      0.55155200      0.00000000      0.00000300      0.00000300      0.00000000      0.00000000      0.00000000     -0.21407500      0.04388400      0.02174100     -0.02180800      0.31360500      0.41343300      0.85482400     -0.76777800      0.64010700     -0.02791500     -0.55872000     -0.64756100      0.51816600      0.00000000     -0.00000300     -0.00000400     -0.00000100      0.00000400      0.00000500     -0.40328900      0.07455000      0.01339000     -0.06388700      0.31330200     -0.25985100     -0.91341000      0.60891900      0.79305500     -0.01675100      0.72873800     -0.55094400      0.40669400      0.00000100      0.00000500      0.00000600      0.00000300      0.00000800      0.00000700     -0.12346700
     0.14740100     -0.05018400      0.32225200     -0.21343400      0.30822900     -0.92708500     -0.69285800     -0.71673100     -0.07884000     -0.68851400      0.62512500      0.36768900      0.00005800      0.00042900      0.00050300      0.00000000      0.00000000      0.00000000      0.07630300     -0.16699700     -0.04543000      0.31956800     -0.32925600     -0.44426900      0.83319100      0.78558200     -0.61840700     -0.01916300      0.52415100      0.64878300      0.55155200      0.00000000      0.00000000      0.00000000      0.00000000      0.00000000      0.00000000     -0.21293000      0.04388400      0.02174100     -0.02180800      0.31360600      0.41343300      0.85482400     -0.76777800      0.64010700     -0.02791500     -0.55872000     -0.64756000      0.51816600     -0.00000100     -0.00000200     -0.00000500     -0.00000500      0.00000900      0.00000900     -0.40312600      0.07455100      0.01338800     -0.06388100      0.31329900     -0.25985500     -0.91341000      0.60893900      0.79303900     -0.01674500      0.72872200     -0.55096500      0.40669400      0.00001400     -0.00496000      0.00484300     -0.03560200      0.01267700     -0.01849400     -0.12379300
     0.14741400     -0.05017100      0.32225200     -0.21337500      0.30825000     -0.92709100     -0.69285100     -0.71673200     -0.07890100     -0.68854000      0.62511400      0.36765900      0.00000000      0.00000200      0.00000200      0.00000000      0.00000000      0.00000000      0.07352800     -0.16700900     -0.04543000      0.31956900     -0.32923300     -0.44427500      0.83319700      0.78559000     -0.61839600     -0.01918100      0.52415300      0.64878900      0.55154200      0.00000000      0.00000000      0.00000000      0.00000000      0.00000000      0.00000000     -0.21153300      0.04387800      0.02174100     -0.02180800      0.31358200      0.41344000      0.85482900     -0.76778600      0.64009700     -0.02793300     -0.55872200     -0.64756600      0.51815600     -0.00000200     -0.00000200     -0.00000500      0.00000500      0.00001900     -0.00000100     -0.40165600      0.07455700      0.01339500     -0.06388000      0.31324300     -0.25988200     -0.91342100      0.60893600      0.79304000     -0.01680700      0.72874800     -0.55095100      0.40666600     -0.00000200     -0.00000700     -0.00000600      0.00000100     -0.00001300     -0.00000100     -0.12493600
     0.14741300     -0.05019200      0.32225800     -0.21342800      0.30823400     -0.92708500     -0.69287800     -0.71671200     -0.07883800     -0.68849600      0.62514400      0.36769000     -0.00000100     -0.00000900     -0.00001000      0.00000000      0.00000000      0.00000000      0.07112100     -0.16700900     -0.04544200      0.31955500     -0.32919300     -0.44428600      0.83320700      0.78560400     -0.61837800     -0.01921100      0.52415800      0.64880000      0.55152600     -0.00000200     -0.00024400     -0.00028100      0.00000000      0.00000000      0.00000000     -0.20675100      0.04387800      0.02173500     -0.02181500      0.31354200      0.41345100      0.85483800     -0.76779900      0.64008000     -0.02796400     -0.55872700     -0.64757600      0.51813900     -0.00000200     -0.00015200     -0.00017600     -0.00000300     -0.00000900      0.00000000     -0.39953300      0.07455600      0.01338400     -0.06387700      0.31329300     -0.25986000     -0.91341000      0.60896100      0.79302300     -0.01674200      0.72870700     -0.55098600      0.40669300      0.00000100     -0.00000200     -0.00000200     -0.00000400      0.00000500      0.00000100     -0.12983500
     0.14740100     -0.05019200      0.32225900     -0.21345000      0.30822500     -0.92708200     -0.69287400     -0.71671900     -0.07881700     -0.68849300      0.62514100      0.36770000     -0.00000000     -0.00000000     -0.00000000      0.00000000      0.00000000      0.00000000      0.07356400     -0.16700900     -0.04544800      0.31954900     -0.32917200     -0.44429100      0.83321200      0.78561100     -0.61836800     -0.01922600      0.52416000      0.64880500      0.55151800     -0.00000100     -0.00014300     -0.00016400      0.00000000      0.00000000      0.00000000     -0.19871400      0.04387800      0.02173200     -0.02181800      0.31352200      0.41345700      0.85484300     -0.76780500      0.64007100     -0.02797900     -0.55872900     -0.64758100      0.51813100     -0.00000200     -0.00009600     -0.00011200      0.00000500     -0.00000200     -0.00001900     -0.39561400      0.07455100      0.01338500     -0.06387700      0.31331400     -0.25984900     -0.91340600      0.60895400      0.79302800     -0.01672200      0.72870300     -0.55098400      0.40670300      0.00000100      0.00000300      0.00000300      0.00000200      0.00000800      0.00000700     -0.12983500
     0.14741300     -0.05016900      0.32223800     -0.21337900      0.30824600     -0.92709200     -0.69283200     -0.71675000     -0.07890600     -0.68855800      0.62509500      0.36765700     -0.00004900     -0.00036400     -0.00042700      0.00000000      0.00000000      0.00000000      0.07782000     -0.16703300     -0.04544100      0.31954300     -0.32914100     -0.44429900      0.83322000      0.78560800     -0.61837100     -0.01926400      0.52418400      0.64879700      0.55150400     -0.00000000     -0.00000000     -0.00000000      0.00000000      0.00000000      0.00000000     -0.18395800      0.04386600      0.02173500     -0.02182100      0.31349000      0.41346500      0.85485000     -0.76780100      0.64007500     -0.02801700     -0.55875300     -0.64757200      0.51811600      0.00000200      0.00000600      0.00001000      0.00000100     -0.00000800     -0.00000700     -0.38108100      0.07455700      0.01339700     -0.06388600      0.31324700     -0.25987800     -0.91342100      0.60891500      0.79305600     -0.01681300      0.72876400     -0.55093000      0.40666600     -0.00003300     -0.00024400     -0.00028800     -0.00000100     -0.00000400      0.00000200     -0.12412000
     0.14747100     -0.05018600      0.32223400     -0.21330000      0.30828000     -0.92709900     -0.69286500     -0.71671100     -0.07896900     -0.68854900      0.62512300      0.36762500      0.01555900     -0.00093700     -0.00098600      0.00098400     -0.01471500      0.02955300      0.07199000     -0.16710300     -0.04542200      0.31954000     -0.32905100     -0.44432200      0.83324300      0.78561100     -0.61836400     -0.01936000      0.52423600      0.64878800      0.55146600      0.00000600      0.00070900      0.00081600      0.00000000      0.00000000      0.00000000     -0.17669200      0.04383100      0.02174200     -0.02182500      0.31340100      0.41349000      0.85487100     -0.76780100      0.64007000     -0.02811300     -0.55880200     -0.64756100      0.51807700      0.00000800      0.00056600      0.00065900     -0.00000100      0.00000100      0.00000300     -0.37504000      0.07457900      0.01338800     -0.06388900      0.31319400     -0.25990800     -0.91343000      0.60895100      0.79302800     -0.01685400      0.72875700     -0.55095600      0.40664300      0.00000200      0.00000700      0.00000600     -0.00000700      0.00000600     -0.00001800     -0.12591600
     0.14755300     -0.05015400      0.32220900     -0.21305500      0.30836600     -0.92712700     -0.69283600     -0.71671100     -0.07922400     -0.68865400      0.62508100      0.36750100      0.01556100     -0.00092000     -0.00096800      0.00098400     -0.01471500      0.02955300      0.07361500     -0.16714500     -0.04532500      0.31948200     -0.32918500     -0.44428200      0.83321200      0.78541200     -0.61861500     -0.01941700      0.52445000      0.64857600      0.55151100     -0.01537100     -0.00053900      0.00090200     -0.00204500      0.01520500     -0.02924500     -0.13502300      0.04381600      0.02179300     -0.02185200      0.31355700      0.41344100      0.85483800     -0.76758600      0.64032600     -0.02814000     -0.55901000     -0.64733900      0.51813100     -0.00045000      0.00541400     -0.00428500      0.03644100     -0.00916700      0.01896100     -0.35038300      0.07462100      0.01340400     -0.06390100      0.31296300     -0.26002200     -0.91347700      0.60894100      0.79303000     -0.01711000      0.72886500     -0.55089900      0.40652700     -0.00000000      0.00000400      0.00000200      0.00000400     -0.00000400     -0.00000000     -0.12901900
     0.14759900     -0.05008100      0.32211800     -0.21554000      0.30743300     -0.92686200     -0.69286700     -0.71695100     -0.07673900     -0.68784600      0.62526600      0.36869700     -0.00012700     -0.00093800     -0.00110100     -0.00000600      0.00000700     -0.00001300      0.07920900     -0.16723300     -0.04525300      0.31939900     -0.33144500     -0.44396900      0.83248200      0.78537500     -0.61872900     -0.01714500      0.52308100      0.64868100      0.55268600     -0.01538000     -0.00167700     -0.00040900     -0.00204700      0.01520300     -0.02924200     -0.11709900      0.04377100      0.02183200     -0.02189100      0.31587200      0.41307700      0.85416100     -0.76762200      0.64038100     -0.02582200     -0.55765600     -0.64751600      0.51936600     -0.00045800      0.00463700     -0.00517800      0.03890300     -0.00655500      0.01505400     -0.33029800      0.07465000      0.01344200     -0.06394500      0.31532000     -0.25880700     -0.91301200      0.60877300      0.79320900     -0.01460000      0.72798800     -0.55121400      0.40767000      0.00771900      0.00415400     -0.00573000      0.03866100     -0.02986900      0.05263500     -0.12607900
     0.14783100     -0.04986300      0.32167200     -0.21474800      0.30764600     -0.92697500     -0.69220500     -0.71747400     -0.07781400     -0.68876000      0.62456100      0.36818500      0.01483000      0.00382800     -0.01673300      0.03576300     -0.01427800      0.02241100      0.03668200     -0.16813800     -0.04534900      0.31903000     -0.32662000     -0.43489100      0.83915500      0.78578600     -0.61827700     -0.01443700      0.52549100      0.65522100      0.54259300     -0.04716200     -0.00271400     -0.01967200     -0.05390100      0.42165300      0.07413500     -0.05389900      0.04333100      0.02179800     -0.02205200      0.31070300      0.40465300      0.86006900     -0.76818000      0.63980000     -0.02351200     -0.55978700     -0.65338300      0.50963400     -0.01543900     -0.00634500     -0.00580200     -0.13150400      0.58734700      0.17437700     -0.27853500      0.07476600      0.01355700     -0.06416000      0.31452600     -0.25912700     -0.91319500      0.60813200      0.79367900     -0.01575800      0.72886700     -0.55038700      0.40721700      0.00738900      0.00168600     -0.00863600      0.03579500     -0.01433400      0.02251100     -0.14077600
     0.14856500     -0.04955500      0.32034000     -0.20282200      0.30596900     -0.93021100     -0.68957300     -0.71904700     -0.08621600     -0.69500000      0.62357700      0.35798500      0.02895200      0.01239000     -0.04938800      0.09236400     -0.39712400     -0.15199400     -0.06548800     -0.17040900     -0.04593600      0.31806300     -0.32017100     -0.41964700      0.84934000      0.78327800     -0.62150900     -0.01167700      0.53314700      0.66205200      0.52659700     -0.07835200     -0.01529400     -0.03156700     -0.05911900      0.44235800      0.20352200     -0.01703000      0.04217800      0.02150600     -0.02254100      0.30333800      0.38875800      0.86997300     -0.76566600      0.64291600     -0.02032600     -0.56722100     -0.65994400      0.49268000     -0.03917000     -0.00820500     -0.01640500     -0.07011200      0.48580800      0.22584800     -0.22856800      0.07512400      0.01371700     -0.06479500      0.30313400     -0.25978000     -0.91685500      0.60620100      0.79492400     -0.02480800      0.73527400     -0.54827900      0.39844700      0.01448700      0.00613200     -0.02477500      0.06549900     -0.61887900     -0.23381000     -0.23434100
