     0.11502800      0.01015400      0.32720500     -0.01954200      0.30173100     -0.95321700     -0.88687300     -0.44535000     -0.12284500     -0.46156500      0.84260600      0.27748600      0.01572300      0.01491200     -0.00437900      0.03122000     -0.41755300     -0.17265500     -1.21742500     -0.17503800      0.01503000      0.30603900      0.32129300      0.05086600      0.94560800     -0.66570800      0.72223700      0.18746100     -0.67379100     -0.68978400      0.26470200      0.01469800     -0.00564500      0.01196500     -0.02451300     -0.04551800     -0.01896900      0.25249500      0.03141900      0.02996800     -0.02407800     -0.31351500     -0.05476700      0.94800200      0.56230800     -0.81518400      0.13886700      0.76519100      0.57660600      0.28636800      0.00733600     -0.00302400      0.00578200     -0.03794400     -0.00291700      0.01149000      0.16235000      0.07239500      0.02969600     -0.07937500     -0.05912000      0.34646600     -0.93619700     -0.80383500     -0.57260700     -0.16114800     -0.59190600      0.74302100      0.31235400      0.01499600      0.01174500     -0.00725300      0.09067000     -0.57825400     -0.24748700     -0.86105000
     0.11553800      0.01061600      0.32691100     -0.02060300      0.29323000     -0.95584400     -0.88667500     -0.44703100     -0.11808200     -0.46190000      0.84472400      0.27040000      0.02951400      0.02168200     -0.01610000     -0.19532300     -0.22728000     -0.95640900     -1.22703500     -0.17483300      0.01502700      0.30618600      0.32364600      0.05032600      0.94483400     -0.66513600      0.72223500      0.18948900     -0.67323200     -0.68982500      0.26601400      0.01467600     -0.00714900      0.01051200     -0.03426700     -0.00362600      0.01166400      0.24932400      0.03152100      0.02996600     -0.02400500     -0.31566200     -0.05349200      0.94736200      0.56177200     -0.81516000      0.14115600      0.76470200      0.57676000      0.28736500      0.00732900     -0.00376200      0.00507000     -0.03635300      0.00708500      0.01956900      0.15957400      0.07263900      0.02991800     -0.07951000     -0.05609100      0.33977300     -0.93883200     -0.80309800     -0.57402700     -0.15976500     -0.59319900      0.74501400      0.30506900      0.01484200      0.01117400     -0.00776600      0.06723700     -0.15389100      0.06976000     -0.86072300
     0.11638900      0.01147900      0.32622400     -0.02236400      0.28434200     -0.95848600     -0.88310100     -0.45498600     -0.11442500     -0.46861400      0.84352700      0.26247100      0.01514500      0.02082600     -0.01715900      0.06619000      0.00134200     -0.14240400     -1.24478700     -0.17457300      0.01506100      0.30642000      0.32627100      0.04971300      0.94396400     -0.66453500      0.72218400      0.19177700     -0.67256100     -0.68992200      0.26745600      0.01386500      0.00554600      0.00413300      0.00385100     -0.03188600      0.05267400      0.21657500      0.03164600      0.02997300     -0.02389700     -0.31811500     -0.05237300      0.94660400      0.56118600     -0.81515600      0.14349200      0.76411500      0.57686800      0.28870400      0.00002100      0.00211700      0.00202700      0.00290800     -0.01630600      0.02393900      0.13508000      0.07307000      0.03034900     -0.07985400     -0.05887600      0.32803300     -0.94282900     -0.79872200     -0.58202100     -0.15262200     -0.59881200      0.74407300      0.29627400      0.01438300      0.00930700     -0.00944300      0.07107200     -0.08431400      0.08286600     -0.86056000
     0.11694800      0.01209000      0.32560400     -0.02362700      0.27853700     -0.96015900     -0.88240500     -0.45718500     -0.11096800     -0.46985800      0.84428100      0.25777900      0.01382200      0.00696600     -0.01153500      0.02953900     -0.17576400     -0.08222600     -1.24976300     -0.17432800      0.01525600      0.30668400      0.33724000      0.05938600      0.93953900     -0.67508400      0.71076300      0.19751300     -0.65645300     -0.70094300      0.27858600      0.01388300      0.00844700      0.00689800      0.02435200     -0.43136900      0.06512200      0.18722100      0.03176800      0.03006500     -0.02377100     -0.32999100     -0.05936100      0.94211500      0.57322000     -0.80555000      0.15002300      0.75001500      0.58954600      0.29985100      0.00003700      0.00403200      0.00385500     -0.03407800     -0.96884300      0.44761300      0.09540100      0.07335500      0.03066700     -0.08017400     -0.05928200      0.32309600     -0.94450700     -0.79770200     -0.58415900     -0.14976100     -0.60013000      0.74455700      0.29236400      0.00701700      0.00391000     -0.00539500      0.02734900     -0.25606800     -0.09665400     -0.86023400
     0.11712100      0.01230100      0.32536300     -0.02341800      0.27843000     -0.96019500     -0.88201400     -0.45785700     -0.11131000     -0.47060400      0.84395200      0.25749700      0.01395100      0.00756000     -0.01099900      0.03573100     -0.03441400      0.04405600     -1.25195100     -0.17411800      0.01540300      0.30684800      0.34563900      0.07069500      0.93569600     -0.68207800      0.70366000      0.19891300     -0.64475500     -0.70704900      0.29023400      0.01388100      0.00941800      0.00781300      0.12131300     -0.52538800     -0.30610900      0.18425300      0.03187900      0.03014200     -0.02368600     -0.34022300     -0.06908000      0.93780300      0.58101800     -0.79959100      0.15188600      0.73936800      0.59655700      0.31217600      0.00693200      0.00484300      0.00402500      0.16774000     -0.63535400     -0.39837500      0.08086800      0.07344100      0.03076900     -0.08029700     -0.05902700      0.32263800     -0.94467900     -0.79720300     -0.58480000     -0.14991500     -0.60081700      0.74425300      0.29172800      0.00008700      0.00441200     -0.00508100      0.03489100     -0.00304400      0.02603400     -0.85696800
     0.11724100      0.01242700      0.32513900     -0.02531600      0.27850700     -0.96012500     -0.88167600     -0.45884700     -0.10990700     -0.47113700      0.84339000      0.25836400     -0.00025500     -0.00113200     -0.00102100     -0.00000000     -0.00000000     -0.00000000     -1.25303400     -0.17373700      0.01568200      0.30720600      0.35920700      0.09983400      0.92789800     -0.69666700      0.69017700      0.19556000     -0.62131300     -0.71679900      0.31627900      0.00008300      0.00916800      0.00874000     -1.36634100     -1.06754900     -0.78651800      0.18419100      0.03206900      0.03028000     -0.02350800     -0.35762900     -0.09488400      0.92903000      0.59591000     -0.78914500      0.14879700      0.71902100      0.60683300      0.33876400      0.00737600     -0.00097400      0.00779600     -4.90693100     -2.06963100     -2.17942000      0.07058000      0.07350600      0.03083200     -0.08041600     -0.06087500      0.32259200     -0.94457800     -0.79672500     -0.58576000     -0.14870200     -0.60126600      0.74351700      0.29267600     -0.00014500     -0.00066500     -0.00060400     -0.00046600      0.00027300      0.00037800     -0.85484500
     0.11716100      0.01229200      0.32515200     -0.02731100      0.27868600     -0.96001800     -0.88176600     -0.45907200     -0.10823500     -0.47085500      0.84320800      0.25946800     -0.00093200     -0.01227100      0.00703600     -0.03483300      0.01737400     -0.01601700     -1.24095700     -0.17354600      0.01597900      0.30775000      0.37002200      0.12946100      0.91995400     -0.71085900      0.67691600      0.19078500     -0.59846900     -0.72470500      0.34132300      0.00011400      0.01388200      0.01317500     -1.41683000     -0.80501800     -0.60661500      0.18220600      0.03216400      0.03042100     -0.02325000     -0.37284200     -0.12204400      0.91983300      0.60880300     -0.78028200      0.14324200      0.70024800      0.61340400      0.36522200      0.00004200      0.00653800      0.00619700      0.13912400     -0.62394900     -0.17834900      0.06584500      0.07346600      0.03076900     -0.08041300     -0.06285200      0.32245000     -0.94449700     -0.79678800     -0.58608800     -0.14706700     -0.60098100      0.74332000      0.29376100     -0.00011700     -0.00052300     -0.00047300     -0.00034000     -0.00003700      0.00008800     -0.85304900
     0.11702800      0.01220400      0.32520600     -0.02873100      0.27880300     -0.95994200     -0.88186400     -0.45916700     -0.10702000     -0.47058400      0.84311700      0.26025400     -0.00000400     -0.00001900     -0.00001700     -0.00000000     -0.00000000     -0.00000000     -1.22107700     -0.17352600      0.01621400      0.30853900      0.38145700      0.16366300      0.90977900     -0.73183200      0.65464300      0.18920700     -0.56506500     -0.73817400      0.36832500      0.00096200      0.00414200      0.02228400      0.12861100     -0.71716300      0.01228200      0.18401700      0.03217400      0.03054600     -0.02284900     -0.38865600     -0.15550500      0.90816500      0.63715400     -0.75735500      0.14299300      0.66556800      0.63421600      0.39343200     -0.00640600      0.00178700      0.01146200      0.17102700     -0.73891500     -0.29150000      0.06519200      0.07339900      0.03072000     -0.08038300     -0.06428700      0.32234100     -0.94443800     -0.79690200     -0.58623900     -0.14584100     -0.60067700      0.74324900      0.29456200      0.00001000      0.00004100      0.00003800     -0.00023100     -0.00002300      0.00006600     -0.85288600
     0.11701100      0.01223000      0.32520200     -0.02961700      0.27885600     -0.95990000     -0.88182200     -0.45941200     -0.10630900     -0.47060600      0.84296600      0.26070300      0.00015200      0.00067200      0.00060700     -0.00209300      0.10864500     -0.16658800     -1.21678300     -0.17352900      0.01628600      0.30896700      0.38376300      0.18336500      0.90503900     -0.74623700      0.63878400      0.18713300     -0.54426600     -0.74740800      0.38081400      0.00095400      0.00320500      0.02136100     -4.90178400     -1.56919500     -2.20478200      0.19162500      0.03217300      0.03058600     -0.02263100     -0.39466300     -0.17251200      0.90248500      0.64921100     -0.74741700      0.14103400      0.65020300      0.64156500      0.40697500      0.00046100      0.00146700      0.01054900      0.14200700     -0.72325000     -0.02789100      0.06878400      0.07339000      0.03073200     -0.08038600     -0.06502100      0.32226400     -0.94441300     -0.79683900     -0.58646900     -0.14526200     -0.60068200      0.74310100      0.29492500      0.00047300      0.00615500     -0.00349800      0.03464200     -0.01741300      0.01605100     -0.85223200
     0.11695600      0.01228100      0.32522000     -0.03187400      0.27900300     -0.95978500     -0.88175200     -0.45996600     -0.10448200     -0.47058800      0.84261500      0.26186700      0.00004600      0.00020200      0.00018200     -0.00000000     -0.00000000     -0.00000000     -1.21477800     -0.17347700      0.01613600      0.30989800      0.39081900      0.21670600      0.89459000     -0.76012600      0.62399000      0.18104900     -0.51944500     -0.75102000      0.40744100      0.01465300      0.00132600      0.01835500      0.18771800     -1.00593900     -0.16939600      0.20092600      0.03219300      0.03051900     -0.02217100     -0.40508600     -0.20402500      0.89122300      0.66909800     -0.73045500      0.13690300      0.62306700      0.65177300      0.43241000      0.00086500     -0.00565200      0.01300600     -0.38523900     -0.66791000     -0.14823000      0.08495000      0.07336300      0.03076000     -0.08037500     -0.06742000      0.32203400     -0.94432300     -0.79669300     -0.58713700     -0.14334600     -0.60061000      0.74267200      0.29614700      0.00002500      0.00011100      0.00010100     -0.00222700      0.10863900     -0.16655000     -0.85060000
     0.11685300      0.01227600      0.32525400     -0.03348600      0.27910900     -0.95969900     -0.88175400     -0.46026300     -0.10314700     -0.47047000      0.84241800      0.26271300     -0.01366900      0.00184300      0.00137300     -0.00098400      0.01471500     -0.02955300     -1.20305300     -0.17321900      0.01588200      0.31074000      0.39570900      0.24956700      0.88381100     -0.77667300      0.60441200      0.17719900     -0.49043400     -0.75685400      0.43186700      0.01462700     -0.00064500      0.01647600      0.15882900     -0.66830000     -0.19143300      0.20276800      0.03231700      0.03039400     -0.02174800     -0.41470800     -0.23627900      0.87874300      0.68833600     -0.71307200      0.13311600      0.59515500      0.66007500      0.45835600      0.00729900     -0.00009100      0.00844300      0.19901800     -0.93637900     -0.11370200      0.08854200      0.07331700      0.03076200     -0.08036100     -0.06898600      0.32188200     -0.94426200     -0.79665000     -0.58750700     -0.14206900     -0.60049100      0.74244600      0.29695700     -0.00000300     -0.00001400     -0.00000900     -0.00009600     -0.00001100      0.00002300     -0.84994600
     0.11671700      0.01226200      0.32527900     -0.03402800      0.27912700     -0.95967500     -0.88178100     -0.46031800     -0.10267500     -0.47038000      0.84238200      0.26298700     -0.01367000      0.00184600      0.00137400     -0.00098400      0.01471500     -0.02955300     -1.19446400     -0.17255200      0.01556600      0.31143100      0.40515100      0.26491000      0.87502400     -0.77468500      0.60763400      0.17486500     -0.48585400     -0.74903700      0.45028000      0.01545000     -0.01569900      0.02070100      0.01255400     -0.30674600      0.03837800      0.23095300      0.03265600      0.03023900     -0.02139200     -0.42666700     -0.25170300      0.86867700      0.68598200     -0.71600700      0.12946600      0.58939200      0.65113600      0.47816000      0.00771200     -0.00820800      0.01000600      0.01635200     -0.39826000      0.20305900      0.11401600      0.07324900      0.03075000     -0.08034600     -0.06954100      0.32181500     -0.94424500     -0.79668800     -0.58757300     -0.14158100     -0.60037600      0.74242300      0.29724600      0.00000100     -0.00000000      0.00000300     -0.00006500      0.00000300      0.00001900     -0.84913000
     0.11666400      0.01226200      0.32527900     -0.03417300      0.27912400     -0.95967100     -0.88177800     -0.46035000     -0.10255000     -0.47037500      0.84236500      0.26305200     -0.00011000     -0.00048600     -0.00043800     -0.00000000     -0.00000000     -0.00000000     -1.18872700     -0.17222400      0.01527800      0.31178000      0.40227600      0.26698900      0.87571800     -0.77506700      0.60833100      0.17070300     -0.48763100     -0.74773500      0.45052500      0.01544900     -0.01761900      0.01891900     -0.04589400     -0.12072500      0.15485500      0.22976500      0.03281500      0.03009900     -0.02122100     -0.42391000     -0.25417800      0.86930600      0.68631500     -0.71644800      0.12519200      0.59099100      0.64968900      0.47815600      0.00771100     -0.00895900      0.00931100     -0.00871100      0.08068500      0.01680200      0.12462900      0.07321800      0.03075200     -0.08034500     -0.06970800      0.32178400     -0.94424300     -0.79668100     -0.58761800     -0.14143700     -0.60036600      0.74240100      0.29732100     -0.00007400     -0.00032300     -0.00028800     -0.00005600      0.00000900      0.00004500     -0.84847700
     0.11659400      0.01227900      0.32529200     -0.03462200      0.27913800     -0.95965100     -0.88176900     -0.46045200     -0.10217700     -0.47035900      0.84230500      0.26327200      0.00000100      0.00000600      0.00000500     -0.00000000     -0.00000000     -0.00000000     -1.17287000     -0.17184300      0.01462800      0.31247500      0.39336500      0.26628300      0.87997100     -0.77718200      0.60755700      0.16369700     -0.49151100     -0.74861400      0.44481100      0.00173600     -0.01891500      0.01892600     -0.07294100      0.02351100     -0.03482500      0.19959600      0.03301000      0.02977500     -0.02088000     -0.41518200     -0.25419300      0.87350400      0.68821700     -0.71570400      0.11884100      0.59496200      0.65050100      0.47208700      0.00085600     -0.00942900      0.00948100     -0.07456200      0.01841300     -0.02504800      0.11091300      0.07318200      0.03075900     -0.08033900     -0.07015300      0.32172600     -0.94423000     -0.79665900     -0.58773500     -0.14106900     -0.60034300      0.74233400      0.29753700     -0.00000000      0.00000000      0.00000300     -0.00004900      0.00001600      0.00002200     -0.84717000
     0.11659200      0.01227200      0.32528600     -0.03479200      0.27915100     -0.95964100     -0.88176500     -0.46049000     -0.10203900     -0.47035400      0.84228000      0.26336100     -0.00000700     -0.00003100     -0.00002800     -0.00000000     -0.00000000     -0.00000000     -1.15515700     -0.17162400      0.01380400      0.31329900      0.41365400      0.22593000      0.88195100     -0.71518800      0.67999900      0.16137400     -0.56375900     -0.69779000      0.44173300      0.00260500     -0.03052200      0.02643400      1.48906900      0.32752700      0.74826200      0.18105300      0.03312500      0.02935900     -0.02046500     -0.42944500     -0.21229900      0.87778400      0.61808300     -0.77776100      0.11428100      0.65844500      0.59162100      0.46522400      0.00090100     -0.00926600      0.00970200      5.26064200      0.98810800      2.66374000      0.07874500      0.07318100      0.03075500     -0.08034200     -0.07032200      0.32171200     -0.94422200     -0.79665100     -0.58777900     -0.14093400     -0.60033400      0.74230500      0.29762600     -0.00000300     -0.00001400     -0.00001000     -0.00004100      0.00000700      0.00001100     -0.84700700
     0.11659200      0.01226400      0.32529200     -0.03495700      0.27916700     -0.95963000     -0.88177300     -0.46050500     -0.10190000     -0.47032600      0.84226600      0.26345500     -0.00000000     -0.00000000     -0.00000000      0.00000000     -0.00000000     -0.00000000     -1.14380300     -0.17159700      0.01325400      0.31378900      0.42479500      0.19864900      0.88322100     -0.67519500      0.71933900      0.16308300     -0.60344600     -0.66586700      0.43856300      0.00260600     -0.03029600      0.02666600      0.36592100      0.12522900      0.22242900      0.19012900      0.03313900      0.02908300     -0.02022100     -0.43685200     -0.18292800      0.88073600      0.57193900     -0.81219500      0.11499300      0.69429500      0.55396300      0.45943300      0.00128100     -0.01554100      0.01295900      1.51124300      0.32915200      0.74668300      0.07368300      0.07318100      0.03075100     -0.08033900     -0.07048800      0.32170100     -0.94421300     -0.79665800     -0.58780200     -0.14079600     -0.60030500      0.74229100      0.29771900     -0.00000100      0.00000400      0.00000500     -0.00003800      0.00001400      0.00003300     -0.84700700
     0.11660400      0.01227700      0.32529100     -0.03548800      0.27920600     -0.95959900     -0.88174700     -0.46064800     -0.10147600     -0.47033400      0.84217500      0.26373100      0.00000000      0.00000200      0.00000200      0.00000000      0.00000000      0.00000000     -1.12348700     -0.17176000      0.01225800      0.31471000      0.43623300      0.16859600      0.88389400     -0.62545300      0.76294200      0.16328800     -0.64735100     -0.62427200      0.43713400     -0.01202200     -0.01861000      0.02046700     -0.03510000      0.04577300     -0.04454100      0.19736600      0.03306300      0.02857900     -0.01976000     -0.44423100     -0.15167900      0.88297800      0.51612900     -0.84891100      0.11384100      0.73230300      0.50630300      0.45539900     -0.00603300     -0.00878500      0.01071100      0.05864900      0.04258200      0.02511600      0.08364400      0.07318700      0.03075800     -0.08033900     -0.07101900      0.32165300     -0.94419000     -0.79661500     -0.58796000     -0.14038000     -0.60030000      0.74218600      0.29799000      0.00000000     -0.00000400     -0.00000100     -0.00002700      0.00000800      0.00002300     -0.84668100
     0.11659300      0.01227000      0.32529800     -0.03597500      0.27924300     -0.95957000     -0.88174800     -0.46073500     -0.10107500     -0.47029600      0.84211500      0.26399200      0.00000000      0.00000000      0.00000000      0.00000000      0.00000000      0.00000000     -1.11412100     -0.17212800      0.01153300      0.31567800      0.44630700      0.14059100      0.88376300     -0.57274700      0.80361800      0.16153000     -0.68803100     -0.57843900      0.43804700     -0.01202000     -0.01499000      0.02380700      1.43371200      0.29243200      0.70208800      0.19509900      0.03287900      0.02821200     -0.01928000     -0.45025000     -0.12362600      0.88430200      0.45980800     -0.88106000      0.11094200      0.76540800      0.45656200      0.45354100     -0.00553800     -0.01321100      0.01576100      4.89727200      0.97008800      2.44059900      0.08397000      0.07318200      0.03075500     -0.08033600     -0.07150600      0.32161200     -0.94416700     -0.79660400     -0.58806900     -0.13998400     -0.60025600      0.74211800      0.29824800     -0.00000000     -0.00000300     -0.00000100     -0.00002900      0.00000300      0.00003100     -0.84700700
     0.11658300      0.01227100      0.32529900     -0.03614900      0.27925400     -0.95956100     -0.88174400     -0.46077400     -0.10093400     -0.47029000      0.84209000      0.26408100      0.00000000      0.00000000      0.00000000      0.00000000      0.00000000      0.00000000     -1.11011600     -0.17229100      0.01112300      0.31626100      0.45175200      0.12502100      0.88333600     -0.54080700      0.82578200      0.15983200     -0.71000000     -0.55007400      0.43952500     -0.01116500     -0.02520800      0.03261600      0.03338200      0.03699800     -0.00557100      0.19547000      0.03279700      0.02801100     -0.01899200     -0.45369400     -0.10678000      0.88473600      0.42355600     -0.89932900      0.10865900      0.78406700      0.42403300      0.45324800     -0.00561100     -0.01233600      0.01655800      0.33770300      0.11829300      0.17064800      0.08397000      0.07317700      0.03075500     -0.08033500     -0.07167800      0.32159400     -0.94416000     -0.79659500     -0.58811400     -0.13984400     -0.60024800      0.74209000      0.29833500      0.00000000     -0.00000100     -0.00000100     -0.00003300      0.00001500      0.00002700     -0.84733400
     0.11653100      0.01227000      0.32531000     -0.03673500      0.27928700     -0.95952900     -0.88174200     -0.46088400     -0.10044700     -0.47024800      0.84201900      0.26438400      0.00000000      0.00000000      0.00000000      0.00000000      0.00000000      0.00000000     -1.09910400     -0.17277900      0.01024000      0.31764400      0.46021600      0.10406600      0.88168200     -0.49027200      0.85767300      0.15480800     -0.74063400     -0.50364000      0.44460200     -0.01114400     -0.01960000      0.03774500      0.16595000     -0.36459400     -0.24925100      0.20119400      0.03255300      0.02756200     -0.01830700     -0.45808900     -0.08279200      0.88504200      0.36898300     -0.92353200      0.10458900      0.80870600      0.37447700      0.45360900     -0.01249400     -0.01000900      0.01927800      0.48420700     -0.33946900     -0.15362800      0.08690900      0.07315100      0.03075400     -0.08033000     -0.07226200      0.32153300     -0.94413600     -0.79658000     -0.58824900     -0.13936400     -0.60019700      0.74201000      0.29863600      0.00000000     -0.00000100      0.00000100     -0.00210000      0.10863100     -0.16658500     -0.84782400
     0.11644000      0.01228900      0.32532500     -0.03738100      0.27931100     -0.95949700     -0.88172600     -0.46103000     -0.09991000     -0.47022500      0.84193100      0.26470400      0.00000300      0.00001200      0.00001000      0.00000000      0.00000000      0.00000000     -1.08199000     -0.17337100      0.00962200      0.31942600      0.46369100      0.09339100      0.88105700     -0.46845000      0.86984400      0.15446800     -0.75251100     -0.48447400      0.44595500     -0.01105700     -0.00959700      0.04674000     -0.08814700     -0.03834000     -0.03652100      0.20351600      0.03226100      0.02725100     -0.01744600     -0.46118400     -0.07371200      0.88423700      0.34558500     -0.93277400      0.10248500      0.81723900      0.35284400      0.45565400     -0.01244700     -0.00478400      0.02398300     -0.06307500     -0.00903300     -0.04306600      0.09148200      0.07310600      0.03076400     -0.08032200     -0.07290400      0.32145200     -0.94411400     -0.79654700     -0.58841800     -0.13883600     -0.60016400      0.74191000      0.29895000      0.00000000     -0.00000000      0.00000300     -0.00002900      0.00000400      0.00001200     -0.84684400
     0.11638900      0.01229600      0.32533000     -0.03780200      0.27932800     -0.95947500     -0.88171600     -0.46112500     -0.09956300     -0.47021000      0.84187300      0.26491400      0.00000000      0.00000000      0.00000000      0.00000000      0.00000000      0.00000000     -1.07572100     -0.17361400      0.00940200      0.32041800      0.46598400      0.08795600      0.88040600     -0.45500300      0.87715400      0.15332500     -0.75932300     -0.47214600      0.44762700     -0.01102000     -0.00695300      0.04903100      4.76621200      0.83074000      2.45096000      0.20664600      0.03214000      0.02713800     -0.01694600     -0.46270200     -0.07082500      0.88367900      0.33675600     -0.93612600      0.10130000      0.82006100      0.34445700      0.45699900     -0.01201600     -0.00955200      0.02866200     -0.15391400      0.03853300     -0.05116700      0.09262500      0.07308000      0.03076800     -0.08032000     -0.07332300      0.32140200     -0.94409900     -0.79652500     -0.58852900     -0.13849300     -0.60014200      0.74184400      0.29915700     -0.00000200     -0.00000500     -0.00000100     -0.00003100      0.00001800      0.00001500     -0.84651700
     0.11628600      0.01231000      0.32534100     -0.03834600      0.27934100     -0.95945000     -0.88170300     -0.46124800     -0.09910700     -0.47019000      0.84180200      0.26517700      0.00000000      0.00000000      0.00000000      0.00000000      0.00000000      0.00000000     -1.06342000     -0.17409800      0.00897900      0.32239900      0.46948600      0.08247300      0.87907500     -0.43826200      0.88602400      0.15106800     -0.76698500     -0.45629500      0.45099000     -0.01017200     -0.01890500      0.05612700     -0.13846800      0.00230800     -0.03536800      0.22174200      0.03188900      0.02693200     -0.01590900     -0.46543000     -0.06210600      0.88290300      0.31366200     -0.94436800      0.09891900      0.82764200      0.32297300      0.45901700     -0.00512600     -0.00937500      0.02814800     -0.15458100      0.03171700     -0.01638900      0.10666800      0.07302900      0.03077400     -0.08031400     -0.07386200      0.32132700     -0.94408200     -0.79649600     -0.58867300     -0.13804500     -0.60011400      0.74176300      0.29941700     -0.00000100     -0.00000100      0.00000200     -0.00003100      0.00001200      0.00001500     -0.84635400
     0.11619200      0.01229900      0.32535600     -0.03877200      0.27935600     -0.95942800     -0.88171700     -0.46130000     -0.09873900     -0.47012700      0.84176900      0.26539300     -0.00000100     -0.00000300     -0.00000300      0.00000000      0.00000000      0.00000000     -1.04894900     -0.17447300      0.00855500      0.32428100      0.46840000      0.07100600      0.88065300     -0.41104900      0.89977500      0.14621100     -0.78256900     -0.43056900      0.44951000      0.00272400     -0.00971900      0.04506100      0.34089500      0.05300700      0.23094800      0.22327300      0.03170100      0.02672900     -0.01498000     -0.46263600     -0.05127200      0.88506400      0.28521000     -0.95386100      0.09382600      0.83941800      0.29583600      0.45591400     -0.00553600     -0.00534500      0.02268000      1.36550600      0.29226100      0.71705800      0.11630200      0.07298100      0.03076900     -0.08030700     -0.07428600      0.32127400     -0.94406700     -0.79650600     -0.58874500     -0.13768000     -0.60004900      0.74172800      0.29963200      0.00000000      0.00000300      0.00000600     -0.00003000      0.00000900      0.00000300     -0.84553800
     0.11610000      0.01230900      0.32537700     -0.03913800      0.27936200     -0.95941200     -0.88172100     -0.46136000     -0.09842500     -0.47009000      0.84173400      0.26557100      0.00000400      0.00001600      0.00001400      0.00000000      0.00000000      0.00000000     -1.03498000     -0.17465000      0.00823700      0.32583100      0.46215200      0.06206000      0.88462100     -0.38898500      0.91059000      0.13946500     -0.79742500     -0.40864100      0.44383400     -0.01186300     -0.00439300      0.03291200     -0.03175600      0.01308100      0.00360100      0.20729300      0.03161800      0.02657400     -0.01419500     -0.45505500     -0.04300400      0.88942400      0.26135400     -0.96129200      0.08723700      0.85124500      0.27215200      0.44868000      0.00129400     -0.00778600      0.01991300      0.02354000      0.02022800      0.06548900      0.11156600      0.07293600      0.03077400     -0.08029600     -0.07464800      0.32122200     -0.94405700     -0.79650300     -0.58882100     -0.13737000     -0.60000700      0.74169100      0.29980800     -0.00000000      0.00000400      0.00000700     -0.00002100      0.00000100      0.00000300     -0.84521100
     0.11606900      0.01231400      0.32538100     -0.03936100      0.27937000     -0.95940000     -0.88171500     -0.46141000     -0.09824000     -0.47008200      0.84170300      0.26568100      0.00000000      0.00000000      0.00000000      0.00000000      0.00000000      0.00000000     -1.02682300     -0.17470700      0.00812200      0.32644500      0.45703200      0.06023700      0.88740300     -0.38076300      0.91485600      0.13413000     -0.80431300     -0.39927200      0.43991500     -0.01189000     -0.00723300      0.03039000     -0.06142300      0.02071400     -0.03132100      0.20068400      0.03158900      0.02652100     -0.01389700     -0.44980200     -0.04193100      0.89214300      0.25242500     -0.96413900      0.08195400      0.85671400      0.26206200      0.44425600      0.00087000     -0.00400900      0.01429600      0.04290100      0.16996300     -0.19211800      0.09997300      0.07292000      0.03077600     -0.08029400     -0.07487000      0.32119300     -0.94404900     -0.79649100     -0.58888000     -0.13718700     -0.59999600      0.74165600      0.29991700     -0.00000200     -0.00000400      0.00000100     -0.00002000      0.00003200      0.00002800     -0.84423100
     0.11602900      0.01231900      0.32538500     -0.03946000      0.27936700     -0.95939700     -0.88171300     -0.46143200     -0.09815500     -0.47007700      0.84169200      0.26572400      0.00000000      0.00000000      0.00000000      0.00000000      0.00000000      0.00000000     -1.01631100     -0.17468400      0.00794600      0.32717400      0.44382500      0.05893300      0.89416800     -0.36393000      0.92364200      0.11989200     -0.81935600     -0.37870500      0.43023500      0.00089600     -0.00426600      0.01405000      0.12001300      0.05792700      0.01437700      0.19434200      0.03159600      0.02643300     -0.01351200     -0.43627900     -0.04304300      0.89878100      0.23465800     -0.96973300      0.06746500      0.86867400      0.24034000      0.43317500      0.00042200     -0.00277000      0.00647400      0.47313100      0.31480200     -0.13816400      0.08984900      0.07290000      0.03077900     -0.08029200     -0.07496700      0.32117400     -0.94404800     -0.79648700     -0.58890700     -0.13710300     -0.59999000      0.74164400      0.29995900     -0.00683200      0.00093100      0.00069200     -0.00100200      0.01472900     -0.02953200     -0.84439500
     0.11600800      0.01232200      0.32538700     -0.03965800      0.27937600     -0.95938700     -0.88170800     -0.46147700     -0.09799100     -0.47007000      0.84166500      0.26582300      0.00000000      0.00000000      0.00000000      0.00000000      0.00000000      0.00000000     -1.00891800     -0.17472000      0.00790400      0.32743400      0.42506300      0.04469700      0.90405500     -0.33575500      0.93526100      0.11175100     -0.84103800     -0.35110400      0.41139300     -0.01365800      0.00266600      0.00343700     -0.05928600      0.68881900      0.26168000      0.16946800      0.03158300      0.02640300     -0.01338400     -0.41739100     -0.03369200      0.90810100      0.20531500     -0.97696800      0.05812200      0.88522800      0.21070700      0.41469500      0.00000800      0.00099300      0.00085900      1.46816300      0.39060500      0.59078100      0.06747800      0.07288900      0.03078100     -0.08029100     -0.07516300      0.32115100     -0.94404000     -0.79647600     -0.58895800     -0.13694200     -0.59998000      0.74161200      0.30005700      0.00000100     -0.00000300      0.00000200     -0.00001600      0.00002000      0.00002400     -0.84423100
     0.11601800      0.01232100      0.32538600     -0.03963300      0.27937600     -0.95938700     -0.88170800     -0.46147200     -0.09801300     -0.47007100      0.84166700      0.26581300      0.00000000      0.00000000      0.00000000      0.00000000      0.00000000      0.00000000     -1.00642800     -0.17475200      0.00796800      0.32745300      0.42088100      0.04003100      0.90622700     -0.32635700      0.93876200      0.11022900     -0.84681900     -0.34220300      0.40701000      0.00002200      0.00180900      0.00157100     -0.02471800      0.18564500     -0.11089300      0.16401600      0.03156200      0.02643500     -0.01337500     -0.41052500     -0.02740500      0.91143700      0.19509100     -0.97904200      0.05843400      0.89073400      0.20180200      0.40726800      0.00000200      0.00091000      0.00079600      0.01711900      0.14557000     -0.12500500      0.05490500      0.07289500      0.03078000     -0.08029200     -0.07513900      0.32115600     -0.94404000     -0.79647700     -0.58895200     -0.13696300     -0.59998100      0.74161600      0.30004700      0.00000100     -0.00000200      0.00000200     -0.00001500      0.00002100      0.00002300     -0.84439500
     0.11601800      0.01232100      0.32538600     -0.03978200      0.27938700     -0.95937800     -0.88170400     -0.46150500     -0.09789300     -0.47006700      0.84164500      0.26589100      0.00000000      0.00000000      0.00000000      0.00000000      0.00000000      0.00000000     -1.00471900     -0.17471400      0.00801200      0.32742100      0.41054000      0.02524900      0.91148900     -0.30660600      0.94518400      0.11204000     -0.85918300     -0.32550400      0.39460800     -0.00001700     -0.00145500     -0.00126300     -0.02522000      0.28652200     -0.03468400      0.15416900      0.03158100      0.02645800     -0.01338900     -0.39863100     -0.01484300      0.91699000      0.17476300     -0.98277600      0.06006400      0.90030500      0.18420000      0.39435900     -0.00002100     -0.00116300     -0.00100800      0.36470600      0.42958200      0.17155000      0.03596300      0.07289500      0.03078000     -0.08029200     -0.07528800      0.32114300     -0.94403300     -0.79646800     -0.58899100     -0.13684500     -0.59997400      0.74159000      0.30012400      0.00000100     -0.00000200      0.00000100     -0.00001800      0.00002600      0.00002100     -0.84472100
     0.11601800      0.01232100      0.32538600     -0.03993000      0.27939800     -0.95936900     -0.88170000     -0.46153900     -0.09777200     -0.47006200      0.84162300      0.26596900      0.00000000      0.00000000      0.00000000      0.00000000      0.00000000      0.00000000     -0.99825300     -0.17477600      0.00797700      0.32739500      0.39694500      0.00939000      0.91779000     -0.28648000      0.95120900      0.11429600     -0.87240600     -0.30831700      0.37909100     -0.01369400     -0.00050600      0.00068100     -0.02854200      0.24595300      0.13606400      0.15232300      0.03155500      0.02643300     -0.01340900     -0.38280100     -0.00146400      0.92382900      0.15409000     -0.98609100      0.06228700      0.91088900      0.16619600      0.37770200     -0.00000500     -0.00002000     -0.00001200      0.36009500      0.38316800      0.40778100      0.02959400      0.07289500      0.03078000     -0.08029200     -0.07543600      0.32112900     -0.94402500     -0.79646000     -0.58903000     -0.13672600     -0.59996600      0.74156500      0.30020100     -0.00000000     -0.00000200      0.00000100     -0.00002200      0.00002300      0.00002100     -0.84537400
     0.11601900      0.01231900      0.32539800     -0.04007400      0.27941300     -0.95935800     -0.88170800     -0.46154900     -0.09765100     -0.47003400      0.84161300      0.26605100      0.00001900      0.00008100      0.00007300      0.00000000      0.00000000      0.00000000     -0.99411700     -0.17488900      0.00796400      0.32740700      0.38452600     -0.00371100      0.92310200     -0.26621000      0.95701200      0.11486400     -0.88430000     -0.28991100      0.36582500     -0.00001400     -0.00112600     -0.00097800     -0.03709800      0.23471300     -0.07937400      0.15254600      0.03149300      0.02642900     -0.01340100     -0.36816200      0.00981000      0.92970900      0.13313800     -0.98908200      0.06315900      0.92017900      0.14703300      0.36283600     -0.00001300     -0.00065000     -0.00055800     -0.02354200      0.18485300     -0.11044100      0.02714500      0.07289500      0.03077900     -0.08028600     -0.07558000      0.32112100     -0.94401700     -0.79646700     -0.58904700     -0.13660600     -0.59993800      0.74155400      0.30028300      0.00000800      0.00003700      0.00003500     -0.00001900      0.00001100      0.00001600     -0.84553800
