     0.10708500     -0.01336400      0.35965900     -0.09653700     -0.05023300     -0.99408400     -0.43068300     -0.89826800      0.08716300     -0.89721900      0.43660700      0.06632000     -0.00183300      0.00064700     -0.01726800      0.00944800     -0.38433000     -0.20088100      0.43674600     -0.19536800      0.02646400      0.32224200      0.24821400      0.88671400      0.39002400     -0.94727700      0.30638700     -0.09342000     -0.20262600     -0.34739000      0.91549200      0.01502900     -0.01124400      0.02401600     -0.02051400     -0.08008800     -0.03635100      0.52572100      0.02206000      0.03236400     -0.01545200     -0.34731600     -0.85986200      0.37417600      0.89186000     -0.42617600     -0.15152000      0.28975100      0.28108700      0.91489500      0.00776300     -0.01091400      0.01617000     -0.05782400     -0.08186300     -0.03566800      0.52371200      0.06861500      0.01745000     -0.05986800     -0.17686800     -0.00014100     -0.98423400     -0.22378900     -0.97380100      0.04035500     -0.95845400      0.22739800      0.17220300     -0.00757800      0.00654200     -0.01245800      0.01149500     -0.67437900     -0.35703200      0.39759400
     0.10685400     -0.01321800      0.35923000     -0.09466000     -0.05357800     -0.99408900     -0.42439500     -0.90108400      0.08892400     -0.90041200      0.43036700      0.06379700     -0.01585800      0.00242800     -0.01606400      0.07256300     -0.07193500     -0.08147400      0.43700600     -0.19507400      0.02613000      0.32274300      0.24616600      0.88741000      0.38974000     -0.94743500      0.30510200     -0.09598700     -0.20437800     -0.34674300      0.91534800      0.01536600     -0.02467700      0.02998000      0.08687100      0.15137500     -0.06998700      0.52561900      0.02221300      0.03220000     -0.01519300     -0.34543100     -0.86087200      0.37359800      0.89212500     -0.42476300     -0.15390700      0.29118500      0.28013200      0.91473200      0.01404800     -0.00659400      0.01075000      0.57399200      0.70510600     -0.32656700      0.52354800      0.06851100      0.01751900     -0.06007300     -0.17256100     -0.00443100     -0.98498800     -0.21709500     -0.97522800      0.04242100     -0.96077600      0.22115600      0.16732400     -0.00769100      0.00611100     -0.01282400      0.56498700     -0.13001900     -0.08987400      0.39873700
     0.10643400     -0.01293000      0.35835500     -0.08548000     -0.06649300     -0.99414200     -0.41724800     -0.90366400      0.09626500     -0.90467200      0.42311000      0.05073900     -0.01535800      0.01247200     -0.02548000      0.02824200     -0.60801600     -0.32799800      0.43536500     -0.19425900      0.02527100      0.32372500      0.23890800      0.88857800      0.39159100     -0.94676300      0.30276600     -0.10911200     -0.21579400     -0.34579600      0.91308300      0.02843100     -0.02772200      0.02658600      0.51799500      0.50074400     -0.18209300      0.52501200      0.02261500      0.03177200     -0.01470000     -0.33855400     -0.86311000      0.37472800      0.89124000     -0.42186900     -0.16648600      0.30178200      0.27760800      0.91206400      0.00754900     -0.01418700      0.01345700      1.89223600      1.78549600     -0.65060100      0.52354800      0.06829400      0.01766400     -0.06051600     -0.16282500     -0.01352700     -0.98656200     -0.20878600     -0.97678900      0.04785200     -0.96431100      0.21377200      0.15622100     -0.00771400      0.00604000     -0.01289700      0.07188400     -0.01393100     -0.02724500      0.39873700
     0.10598400     -0.01250400      0.35740800     -0.07469600     -0.08118900     -0.99391900     -0.41524500     -0.90361800      0.10496600     -0.90655900      0.42065600      0.03502100     -0.01496500      0.01406200     -0.02415800      0.03085300     -0.56201100     -0.30641000      0.43016800     -0.19338800      0.02437200      0.32450400      0.23273900      0.88749800      0.39770800     -0.94457700      0.30364400     -0.12453600     -0.23155700     -0.34779900      0.90844900      0.01447200     -0.01993500      0.01684100      0.02200700     -0.20131700      0.10608700      0.52019600      0.02306200      0.03131300     -0.01430100     -0.33178500     -0.86283100      0.38136500      0.88809500     -0.42201800     -0.18217200      0.31812700      0.27824600      0.90629600      0.00720500     -0.01022300      0.00819500      0.00715100     -0.20810000      0.11177500      0.52240500      0.06806300      0.01787900     -0.06100200     -0.14830300     -0.02632700     -0.98859100     -0.20599300     -0.97689600      0.05691700     -0.96724900      0.21208300      0.13945400     -0.00744500      0.00711000     -0.01200400      0.01544300     -0.68537700     -0.36868900      0.39432800
     0.10571400     -0.01219300      0.35688700     -0.06932400     -0.08861400     -0.99367400     -0.41405400     -0.90363600      0.10941800     -0.90753600      0.41912500      0.02719000     -0.01491200      0.01427600     -0.02398500      0.04389100     -0.36547300     -0.20670100      0.42768600     -0.19286800      0.02392600      0.32480600      0.23198100      0.88590100      0.40169200     -0.94329300      0.30570100     -0.12915300     -0.23748400     -0.35006800      0.90604500      0.02763000     -0.02198200      0.01424800      0.54937500      0.41490100     -0.00521000      0.51579500      0.02330100      0.03110300     -0.01415700     -0.33163500     -0.86182400      0.38376600      0.88688100     -0.42349600     -0.18464000      0.32165100      0.27912200      0.90478200      0.01380800     -0.01090600      0.00717800     -0.07237500     -0.11108600      0.19787200      0.51897600      0.06793900      0.01802400     -0.06124300     -0.14105000     -0.03275800     -0.98945900     -0.20453200     -0.97692500      0.06150000     -0.96864300      0.21105100      0.13109500     -0.00711200      0.01241000     -0.01645500      0.06187100     -0.58255600     -0.29249600      0.39073500
     0.10520700     -0.01152600      0.35587300     -0.05818100     -0.10315400     -0.99298500     -0.41174100     -0.90362100      0.11794200     -0.90938300      0.41583800      0.01133800     -0.01418000      0.02509900     -0.03269800      0.07355300     -0.45826100     -0.23088300      0.42547100     -0.19185400      0.02318900      0.32529700      0.23365600      0.88458000      0.40362600     -0.94225300      0.30843900     -0.13022200     -0.23995700     -0.35100500      0.90503000      0.01389000     -0.01022500      0.00775800     -0.03427300     -0.00203200      0.01254400      0.51262500      0.02382800      0.03071700     -0.01390800     -0.33206300     -0.86001000      0.38744700      0.88492400     -0.42624000     -0.18769000      0.32656100      0.28053600      0.90258300      0.00693300     -0.00515600      0.00382700     -0.03686000     -0.00444100      0.01445800      0.51097500      0.06768000      0.01836000     -0.06175500     -0.12729600     -0.04445300     -0.99086700     -0.20146000     -0.97701200      0.06971200     -0.97118900      0.20849400      0.11541400     -0.00738600      0.00734000     -0.01181900      0.02250200     -0.60462500     -0.33117600      0.38567300
     0.10472600     -0.01082100      0.35483800     -0.04897200     -0.11547500     -0.99212500     -0.40932600     -0.90372300      0.12533700     -0.91102500      0.41237900     -0.00177400     -0.01403800      0.02561700     -0.03225600      0.08724700     -0.25480300     -0.12671600      0.42373300     -0.19085300      0.02255800      0.32572200      0.23121800      0.88298800      0.40848700     -0.94144400      0.30897800     -0.13471900     -0.24543700     -0.35453100      0.90218100      0.02724900     -0.00947300      0.00744900      0.57153700      0.51676400     -0.15251200      0.50855100      0.02431800      0.03040200     -0.01370000     -0.32958500     -0.85901500      0.39174700      0.88398000     -0.42650000     -0.19150900      0.33158900      0.28317800      0.89992000      0.00697900     -0.00457900      0.00430100      1.97859900      1.76086000     -0.61133800      0.50689300      0.06743400      0.01872300     -0.06228500     -0.11489700     -0.05517100     -0.99184300     -0.19832000     -0.97708200      0.07732400     -0.97337900      0.20558700      0.10132200     -0.00699400      0.01283000     -0.01610200      0.09112800     -0.22235800     -0.10985100      0.38338700
     0.10432000     -0.01016000      0.35386000     -0.03968800     -0.12767700     -0.99104400     -0.40714800     -0.90366000      0.13267100     -0.91246300      0.40892100     -0.01488500     -0.01455500      0.01564600     -0.02284300      0.03721500     -0.45390000     -0.25725900      0.42425000     -0.18982100      0.02219300      0.32614500      0.23150500      0.88228300      0.40984500     -0.94113700      0.30978900     -0.13499900     -0.24634200     -0.35557900      0.90152200      0.02750400     -0.00514000      0.01100800     -0.03225000     -0.01746100      0.04166300      0.49860900      0.02483300      0.03021300     -0.01349400     -0.32935300     -0.85824700      0.39362100      0.88339400     -0.42727800     -0.19247300      0.33337500      0.28433200      0.89889600      0.01407100     -0.00753200      0.00995900     -0.06913400     -0.02282500      0.04982500      0.49742200      0.06723200      0.01905300     -0.06277400     -0.10418000     -0.06434000     -0.99247400     -0.19552200     -0.97710600      0.08386700     -0.97514900      0.20278800      0.08921500     -0.00725200      0.00785200     -0.01139100      0.02374800     -0.55835000     -0.31173200      0.38355100
     0.10416000     -0.00987300      0.35337600     -0.03583900     -0.13250200     -0.99055800     -0.40609800     -0.90370900      0.13552400     -0.91309500      0.40728000     -0.02018700     -0.00067200      0.01329600     -0.02451700      0.03000100     -0.58685000     -0.29072200      0.42241800     -0.18932000      0.02211600      0.32644600      0.23043200      0.88291000      0.40909900     -0.94074900      0.30962400     -0.13805100     -0.24882000     -0.35416000      0.90140000      0.01438000     -0.00185400      0.01464200     -0.02184900     -0.03484100      0.02436100      0.49575700      0.02507900      0.03017200     -0.01335200     -0.32833100     -0.85912000      0.39256900      0.88287200     -0.42686200     -0.19576700      0.33576100      0.28231200      0.89864500      0.01385100     -0.00051800      0.00717000     -0.03819800     -0.03394100      0.06422800      0.49219700      0.06715700      0.01918600     -0.06299800     -0.10053600     -0.06729900     -0.99265400     -0.19429300     -0.97717200      0.08592700     -0.97577700      0.20150500      0.08516400     -0.00028700      0.00677000     -0.01214800      0.07387800     -0.02646400      0.03661500      0.38289700
     0.10397400     -0.00952900      0.35258900     -0.03195400     -0.13746200     -0.99001400     -0.40444300     -0.90399700      0.13851900     -0.91397800      0.40499700     -0.02547600     -0.00068800      0.01323800     -0.02457500      0.06746000     -0.04520200     -0.00580800      0.41297900     -0.18847900      0.02201700      0.32716600      0.23008700      0.88227200      0.41066600     -0.94061800      0.30985900     -0.13841400     -0.24963400     -0.35554500      0.90063000      0.01453900      0.00170300      0.01752600     -0.04426400      0.09235100     -0.12852900      0.49534200      0.02551000      0.03012200     -0.01298600     -0.32806300     -0.85842700      0.39430600      0.88266400     -0.42726900     -0.19581300      0.33656600      0.28380100      0.89787400      0.01393200      0.00143200      0.00875000     -0.03081200     -0.05023900      0.09054800      0.48876800      0.06705900      0.01936900     -0.06340900     -0.09352800     -0.07308600     -0.99293000     -0.19227600     -0.97720100      0.09004000     -0.97687300      0.19933800      0.07734300     -0.00032300      0.00663900     -0.01226500      0.07340200      0.00567200      0.02106700      0.37603900
     0.10388500     -0.00937400      0.35206000     -0.03004700     -0.14002400     -0.98971500     -0.40340500     -0.90421300      0.14012100     -0.91450300      0.40363600     -0.02808500     -0.00135000     -0.00517000     -0.00445900     -0.00071600      0.01338000     -0.02551600      0.39890800     -0.18797000      0.02195100      0.32803900      0.22912000      0.88171400      0.41240300     -0.94068400      0.30949000     -0.13879000     -0.25027300     -0.35725200      0.89977600      0.01463000      0.00410000      0.01942900     -0.03092800     -0.03449600      0.06009200      0.49324600      0.02576400      0.03009000     -0.01254900     -0.32681200     -0.85809400      0.39606400      0.88281000     -0.42678700     -0.19620900      0.33740100      0.28552600      0.89701400      0.00759800     -0.00375200      0.01349700     -0.06912600     -0.00602800      0.01959500      0.48664500      0.06701300      0.01944300     -0.06367600     -0.09149000     -0.07488100     -0.99298600     -0.19105300     -0.97732300      0.09130300     -0.97730600      0.19806700      0.07510900     -0.00062700     -0.00243600     -0.00210100     -0.00054100      0.01943800     -0.02229000      0.35971000
     0.10384900     -0.00936200      0.35192200     -0.03010900     -0.14014400     -0.98969600     -0.40314400     -0.90430800      0.14026400     -0.91461600      0.40338300     -0.02803800     -0.00095900     -0.00367300     -0.00317000     -0.00000000     -0.00000200     -0.00000100      0.39656600     -0.18780600      0.02191800      0.32853900      0.22895200      0.88169300      0.41254100     -0.94099400      0.30897500     -0.13783900     -0.24926100     -0.35775000      0.89985900      0.01530900     -0.00541800      0.02867600     -0.06728600     -0.02177600      0.04313500      0.49316800      0.02584600      0.03007500     -0.01230400     -0.32665700     -0.85809700      0.39618700      0.88321400     -0.42637900     -0.19527600      0.33649100      0.28612900      0.89716300      0.00071300      0.00308700      0.01100900     -0.03289700     -0.01933400      0.03109300      0.48566500      0.06699600      0.01945000     -0.06374400     -0.09156600     -0.07497800     -0.99297100     -0.19077300     -0.97737000      0.09139100     -0.97735300      0.19780100      0.07519000     -0.00051900     -0.00201700     -0.00174100     -0.00110000      0.01446700     -0.02491100      0.35334200
     0.10381300     -0.00944900      0.35182000     -0.02818000     -0.13863700     -0.98996500     -0.40342000     -0.90451800      0.13810100     -0.91455900      0.40343100     -0.02920700     -0.00042000     -0.00160700     -0.00138800     -0.00000000     -0.00000000     -0.00000000      0.39555800     -0.18767800      0.02174400      0.32969400      0.22632000      0.88127600      0.41487600     -0.94161100      0.30696400     -0.13811200     -0.24932900     -0.36050400      0.89874100      0.00207000     -0.00477000      0.03008600     -0.08091400      0.10342400     -0.15150300      0.49491100      0.02591400      0.02999300     -0.01173600     -0.32402000     -0.85808200      0.39837800      0.88400400     -0.42460400     -0.19556900      0.33696700      0.28879900      0.89612800      0.00102100     -0.00231800      0.01509600     -0.07308800     -0.00969000      0.01496800      0.48631800      0.06697700      0.01940600     -0.06379600     -0.09003300     -0.07306700     -0.99325400     -0.19121300     -0.97748300      0.08923900     -0.97741000      0.19795700      0.07403500     -0.00021900     -0.00084800     -0.00073200     -0.00034100      0.00018600     -0.00022000      0.34893300
     0.10378200     -0.00951900      0.35184000     -0.02643100     -0.13722000     -0.99021100     -0.40388000     -0.90461800      0.13608600     -0.91441000      0.40368900     -0.03027700     -0.00000400     -0.00001600     -0.00001400     -0.00000000     -0.00000000      0.00000000      0.39604100     -0.18766600      0.02164000      0.33092400      0.22484100      0.88079800      0.41669200     -0.94198100      0.30587700     -0.13800600     -0.24927200     -0.36259500      0.89791500      0.00225000     -0.00093300      0.03308200     -0.06932800     -0.00651800      0.01392400      0.49452700      0.02592100      0.02993500     -0.01111300     -0.32230500     -0.85790400      0.40014900      0.88458600     -0.42346800     -0.19539900      0.33708400      0.29098900      0.89537600      0.00112700      0.00001800      0.01693000     -0.06873200     -0.02338200      0.03833200      0.48648100      0.06696200      0.01937100     -0.06378600     -0.08864000     -0.07127900     -0.99350900     -0.19183800     -0.97754000      0.08724800     -0.97741500      0.19832700      0.07297500      0.00002700      0.00009300      0.00008200     -0.00026100      0.00100000     -0.00180200      0.34828000
     0.10367900     -0.00945500      0.35189200     -0.02699100     -0.13766300     -0.99013400     -0.40388000     -0.90452300      0.13671600     -0.91439300      0.40375200     -0.02995200     -0.01358900      0.00352100      0.00267900     -0.00098400      0.01471500     -0.02955300      0.39622600     -0.18759600      0.02165400      0.33241900      0.22461400      0.88023200      0.41800900     -0.94216500      0.30568700     -0.13716800     -0.24877900     -0.36413200      0.89743000      0.00309900     -0.00695800      0.04500800     -0.10399100     -0.00972800      0.02091700      0.49315500      0.02595500      0.02994100     -0.01038600     -0.32205100     -0.85740200      0.40142700      0.88477500     -0.42344200     -0.19459900      0.33683000      0.29250200      0.89497800      0.00123400      0.00241600      0.01876400     -0.06794800     -0.02261400      0.03815600      0.48517500      0.06691600      0.01940200     -0.06376000     -0.08908300     -0.07183000     -0.99343000     -0.19180700     -0.97749000      0.08787700     -0.97738100      0.19837500      0.07330000      0.00023500      0.00089400      0.00077400      0.00055600     -0.01351300      0.02541900      0.34779000
     0.10362800     -0.00944000      0.35190400     -0.02730400     -0.13790900     -0.99009200     -0.40388000     -0.90447000      0.13706700     -0.91438300      0.40378800     -0.02977000     -0.01387800      0.00241600      0.00172300     -0.00098400      0.01471500     -0.02955300      0.39604000     -0.18753400      0.02160800      0.33320200      0.22374100      0.88144000      0.41592700     -0.94257600      0.30426900     -0.13749300     -0.24800400     -0.36239000      0.89834900      0.00250500      0.00476000      0.03737900     -0.00332100     -0.12146900     -0.03146700      0.49390100      0.02598800      0.02992000     -0.00996100     -0.32140500     -0.85866400      0.39924000      0.88540100     -0.42201200     -0.19485600      0.33580000      0.29086000      0.89590000      0.00123400      0.00253300      0.01881000     -0.00248000     -0.12307500     -0.03296100      0.48517500      0.06689200      0.01941300     -0.06375100     -0.08933200     -0.07214000     -0.99338500     -0.19178800     -0.97746200      0.08823000     -0.97736100      0.19840200      0.07348300      0.00002000      0.00007800      0.00007000     -0.00012400      0.00001200      0.00000000      0.34762700
     0.10352100     -0.00947700      0.35187000     -0.02772800     -0.13824500     -0.99003300     -0.40388000     -0.90439700      0.13754500     -0.91437000      0.40383600     -0.02952400     -0.01430300      0.00080300      0.00032800     -0.00098400      0.01471500     -0.02955300      0.39905900     -0.18729800      0.02147200      0.33494800      0.22088000      0.88164500      0.41702000     -0.94270100      0.30263400     -0.14022500     -0.25008800     -0.36326200      0.89741800      0.00318800     -0.00458500      0.04662200     -0.01493000     -0.14742300     -0.07472100      0.49414600      0.02609900      0.02985500     -0.00912200     -0.31855500     -0.85906200      0.40066800      0.88558500     -0.42044900     -0.19738300      0.33802400      0.29194900      0.89470900      0.00154900     -0.00267300      0.02301500      0.05324500     -0.26087800     -0.14157800      0.48664500      0.06683800      0.01939700     -0.06376600     -0.08967000     -0.07256300     -0.99332400     -0.19176300     -0.97742300      0.08871200     -0.97733500      0.19843800      0.07373100     -0.00029300     -0.00111900     -0.00096500     -0.00008300      0.00001000      0.00001300      0.34877000
     0.10343500     -0.00955000      0.35179100     -0.02818100     -0.13860700     -0.98996900     -0.40385600     -0.90432900      0.13806000     -0.91436600      0.40386300     -0.02925900     -0.00075500     -0.00287400     -0.00248700     -0.00070300      0.01354600     -0.02542800      0.39968200     -0.18705900      0.02112800      0.33686400      0.21859900      0.88008100      0.42150200     -0.94243800      0.30242600     -0.14241400     -0.25306100     -0.36721600      0.89497200      0.00377400     -0.01615700      0.05416300     -0.14034200      0.00264800      0.00374100      0.49525300      0.02622400      0.02969100     -0.00816400     -0.31576400     -0.85822100      0.40465800      0.88525400     -0.41996100     -0.19989200      0.34149200      0.29510700      0.89235300      0.00186500     -0.00785300      0.02725800     -0.14558700     -0.01507800      0.03090100      0.48680800      0.06679000      0.01936100     -0.06380500     -0.09004500     -0.07303700     -0.99325500     -0.19170800     -0.97738500      0.08924900     -0.97731200      0.19845100      0.07400700     -0.00037600     -0.00144100     -0.00124500     -0.00075800      0.01355900     -0.02542000      0.35105600
     0.10338200     -0.00958100      0.35175000     -0.02836000     -0.13875500     -0.98994300     -0.40383200     -0.90430800      0.13826800     -0.91437100      0.40386000     -0.02915500     -0.00078700     -0.00299600     -0.00259300     -0.00070300      0.01354600     -0.02542800      0.39912600     -0.18700600      0.02088000      0.33778400      0.21540400      0.87859900      0.42621200     -0.94178500      0.30230200     -0.14693100     -0.25818600     -0.37085700      0.89200200      0.00363800     -0.01909000      0.05184700      0.03954600      0.17687400     -0.08131100      0.49535400      0.02625100      0.02957300     -0.00768100     -0.31230900     -0.85735600      0.40914700      0.88446500     -0.41959200     -0.20411500      0.34667500      0.29813000      0.88934400      0.00150700     -0.00328600      0.02242300      0.56226900      0.57131000     -0.19815800      0.48795100      0.06676400      0.01934600     -0.06382500     -0.09017200     -0.07320400     -0.99323100     -0.19167200     -0.97737500      0.08943700     -0.97730700      0.19843900      0.07410100     -0.00722700      0.00011800     -0.00008200     -0.00103100      0.01472900     -0.02955500      0.35121900
     0.10326900     -0.00962900      0.35169200     -0.02639700     -0.13722300     -0.99021100     -0.40412800     -0.90451000      0.13606600     -0.91430100      0.40393000     -0.03034600     -0.00051100     -0.00194200     -0.00168200     -0.00000000     -0.00000000      0.00000000      0.39946100     -0.18688400      0.02032900      0.33956700      0.21363300      0.87753600      0.42928100     -0.94205600      0.30140200     -0.14704200     -0.25866700     -0.37409800      0.89050800      0.00288500     -0.01072300      0.04156700     -0.10398300     -0.00954200      0.02104300      0.49410800      0.02631300      0.02929500     -0.00678600     -0.31016400     -0.85664500      0.41225700      0.88483800     -0.41870200     -0.20432400      0.34764600      0.30140700      0.88785900      0.00169200     -0.01161900      0.02430000     -0.14490600      0.01555900     -0.01961700      0.48648100      0.06670700      0.01932000     -0.06385600     -0.08861800     -0.07128400     -0.99351100     -0.19212200     -0.97748200      0.08727100     -0.97736100      0.19860900      0.07292700     -0.00725100      0.00004400     -0.00014700     -0.00171400      0.02843300     -0.05531900      0.35072900
     0.10320100     -0.00962900      0.35166300     -0.02654700     -0.13735700     -0.99018900     -0.40408100     -0.90450300      0.13625000     -0.91431700      0.40390000     -0.03025800     -0.00029000     -0.00110000     -0.00095300     -0.00000000     -0.00000000     -0.00000000      0.39933400     -0.18681800      0.02003200      0.34038400      0.21279800      0.87875200      0.42720500     -0.94257800      0.29981800     -0.14693600     -0.25744800     -0.37251300      0.89152600      0.00278500     -0.01290800      0.03987300     -0.05904600     -0.06668600     -0.05220500      0.49493400      0.02636300      0.02898600     -0.00598900     -0.30796400     -0.85771600      0.41167900      0.88588400     -0.41631400     -0.20467000      0.34693700      0.30166900      0.88804800      0.00129400     -0.00803300      0.01872700     -0.11466200      0.01361600      0.00271700      0.48648100      0.06667200      0.01931800     -0.06387200     -0.08873500     -0.07145100     -0.99348800     -0.19206100     -0.97747800      0.08745300     -0.97736200      0.19857000      0.07301400     -0.00712900      0.00050500      0.00025200     -0.00100300      0.01474000     -0.02960900      0.35089200
     0.10303700     -0.00966200      0.35160500     -0.02708500     -0.13779800     -0.99011300     -0.40403400     -0.90443000      0.13687200     -0.91432200      0.40391300     -0.02994600     -0.00057600     -0.00218400     -0.00189400      0.00000000     -0.00000000     -0.00000000      0.40252100     -0.18677500      0.01940800      0.34186400      0.20724900      0.87976000      0.42785800     -0.94238700      0.29694700     -0.15383400     -0.26262500     -0.37243300      0.89004800      0.00259300     -0.01722000      0.03657700      0.08281900     -0.37107500     -0.01800600      0.49579600      0.02635300      0.02873200     -0.00534000     -0.30149900     -0.85994400      0.41181800      0.88475800     -0.41332000     -0.21533400      0.35538800      0.29943700      0.88545800     -0.00530700     -0.00890100      0.01853200      0.12119100     -0.34231900     -0.26322000      0.48615500      0.06655900      0.01929100     -0.06391800     -0.08733600     -0.06974800     -0.99373300     -0.19244300     -0.97757300      0.08552700     -0.97741300      0.19870700      0.07195400     -0.00024400     -0.00092800     -0.00080300     -0.00015600      0.00276800     -0.00521600      0.35334200
     0.10291800     -0.00973600      0.35152400     -0.02495500     -0.13613600     -0.99039900     -0.40432700     -0.90465800      0.13448400     -0.91425600      0.40396600     -0.03123400     -0.00075500     -0.00285500     -0.00247800     -0.00000000     -0.00000000      0.00000000      0.39898400     -0.18682300      0.01907300      0.34303200      0.20338100      0.88068000      0.42782100     -0.94149400      0.29586600     -0.16120400     -0.26877900     -0.37111300      0.88876100      0.00196700     -0.00607200      0.02842700     -0.02074500     -0.08191600     -0.03620100      0.48862800      0.02634700      0.02866400     -0.00506200     -0.30035800     -0.86122900      0.40996100      0.88437200     -0.41246000     -0.21854400      0.35730900      0.29691600      0.88553300      0.00094000     -0.00355000      0.01382900     -0.02111600     -0.07985700     -0.06818200      0.48239900      0.06653200      0.01926900     -0.06393800     -0.08744100     -0.06988200     -0.99371500     -0.19243400     -0.97756100      0.08567900     -0.97740500      0.19871700      0.07203100     -0.00033000     -0.00124800     -0.00108200     -0.00001600      0.00040700     -0.00074800      0.35285200
     0.10279000     -0.00984300      0.35141500     -0.02314400     -0.13472100     -0.99063600     -0.40461600     -0.90482800      0.13245100     -0.91417800      0.40405600     -0.03233500     -0.00100000     -0.00377700     -0.00328200     -0.00070100      0.01355100     -0.02542600      0.39700600     -0.18678400      0.01882900      0.34405000      0.20177000      0.88427200      0.42112000     -0.94178500      0.29324700     -0.16425700     -0.26897100     -0.36457600      0.89140500      0.00123400      0.00265300      0.01844200     -0.00854600     -0.04378300     -0.01983500      0.48526900      0.02636300      0.02853800     -0.00453700     -0.29965500     -0.86484100      0.40280900      0.88487300     -0.40977900     -0.22153700      0.35665800      0.29005100      0.88806800      0.00092200     -0.00399700      0.01347600     -0.06929000     -0.00827000      0.00815700      0.47521400      0.06646800      0.01921500     -0.06399300     -0.08599100     -0.06809100     -0.99396600     -0.19286800     -0.97765100      0.08365900     -0.97744900      0.19889800      0.07093700     -0.00039100     -0.00148300     -0.00128700     -0.00002300      0.00076200     -0.00144900      0.35023900
     0.10265400     -0.00992600      0.35130000     -0.02360900     -0.13510800     -0.99057200     -0.40454700     -0.90477900      0.13299500     -0.91419500      0.40403700     -0.03206300     -0.01467300     -0.00046900     -0.00079500     -0.00098400      0.01471500     -0.02955300      0.39641800     -0.18682500      0.01872900      0.34490700      0.19823500      0.88740400      0.41618200     -0.94160700      0.29034900     -0.17031600     -0.27220300     -0.35923500      0.89259100      0.00119800      0.00184800      0.01780300      0.00035500     -0.05771700     -0.02889600      0.48006400      0.02634200      0.02848700     -0.00410900     -0.29681900     -0.86818900      0.39767400      0.88481200     -0.40667500     -0.22742600      0.35917300      0.28436200      0.88889300      0.00059300      0.00114200      0.00906600     -0.01645400     -0.04578900      0.00997300      0.47145900      0.06640400      0.01917000     -0.06405300     -0.08636500     -0.06858200     -0.99389900     -0.19276000     -0.97762500      0.08420800     -0.97743700      0.19885700      0.07121200     -0.00044000     -0.00166300     -0.00144400      0.00000500      0.00000900     -0.00000900      0.34893300
     0.10257500     -0.00996500      0.35123700     -0.02386000     -0.13532100     -0.99053700     -0.40450100     -0.90475600      0.13329200     -0.91420900      0.40401800     -0.03191600     -0.00090500     -0.00340900     -0.00296800     -0.00070000      0.01355400     -0.02542400      0.39562400     -0.18682900      0.01873800      0.34528600      0.19771800      0.88857500      0.41392400     -0.94167700      0.28949500     -0.17137600     -0.27233400     -0.35701800      0.89344000      0.00120700      0.00206300      0.01794300     -0.01649600     -0.03141900     -0.01155200      0.47334600      0.02634000      0.02849000     -0.00392100     -0.29656200     -0.86933100      0.39536600      0.88495500     -0.40578900     -0.22845000      0.35903400      0.28213100      0.88966000      0.00060200      0.00131400      0.00917900     -0.03697500     -0.01320000      0.03125000      0.46737600      0.06636000      0.01915400     -0.06408200     -0.08656300     -0.06884800     -0.99386400     -0.19269200     -0.97761300      0.08450600     -0.97743300      0.19882500      0.07135900     -0.00736400     -0.00033100     -0.00048200     -0.00098200      0.01470500     -0.02956100      0.34828000
     0.10241800     -0.01001100      0.35116600     -0.02199000     -0.13387000     -0.99077800     -0.40476400     -0.90494400      0.13120300     -0.91414200      0.40407900     -0.03305200     -0.01453600      0.00007900     -0.00032400     -0.00170000      0.02818600     -0.05481600      0.39339000     -0.18682500      0.01886100      0.34595800      0.19681700      0.88975900      0.41180400     -0.94194300      0.28816600     -0.17215200     -0.27206600     -0.35513400      0.89427200      0.00119300      0.00177800      0.01769200     -0.03397000     -0.00415100      0.00637100      0.45404800      0.02634200      0.02855200     -0.00358500     -0.29596100     -0.87041100      0.39343500      0.88538300     -0.40455300     -0.22898100      0.35847300      0.28057200      0.89037900      0.00028500      0.00671700      0.00495600     -0.00378300     -0.01894400      0.05551000      0.44663900      0.06628600      0.01912800     -0.06412000     -0.08501500     -0.06694900     -0.99412700     -0.19310700     -0.97771400      0.08235700     -0.97748700      0.19897400      0.07019200     -0.00011900     -0.00045500     -0.00039500      0.00464000     -0.09076300      0.17019600      0.34648400
     0.10228200     -0.01002900      0.35114700     -0.02232100     -0.13413600     -0.99073400     -0.40476700     -0.90488800      0.13157900     -0.91413200      0.40411600     -0.03286200     -0.00014100     -0.00053000     -0.00046200     -0.00000000     -0.00000000      0.00000000      0.39304700     -0.18680200      0.01906300      0.34661100      0.19618400      0.88978800      0.41204400     -0.94235800      0.28726800     -0.17138200     -0.27108300     -0.35579100      0.89430900      0.00061300      0.01398000      0.01026000      0.00173100     -0.01494700      0.02457600      0.44527800      0.02635300      0.02864500     -0.00326400     -0.29531500     -0.87048000      0.39376800      0.88596500     -0.40376200     -0.22812500      0.35756700      0.28149600      0.89045200      0.00061300      0.00153700      0.00930100     -0.03471100     -0.00291300      0.00748300      0.42884000      0.06621800      0.01911600     -0.06413200     -0.08532800     -0.06734500     -0.99407400     -0.19308200     -0.97768200      0.08280800     -0.97746500      0.19900300      0.07042000     -0.00008500     -0.00032200     -0.00027600      0.00000800      0.00006100     -0.00009400      0.34436100
     0.10222100     -0.01005300      0.35112500     -0.02261900     -0.13437100     -0.99069600     -0.40476800     -0.90483900      0.13191300     -0.91412400      0.40414900     -0.03268900     -0.00040600     -0.00152200     -0.00132700     -0.00069900      0.01355500     -0.02542300      0.39103900     -0.18677200      0.01938500      0.34723900      0.19569100      0.88981000      0.41223200     -0.94268100      0.28656600     -0.17078000     -0.27031600     -0.35630400      0.89433800      0.00069100      0.01583700      0.01155900     -0.00848800      0.07315700     -0.12051900      0.43680300      0.02636900      0.02880500     -0.00294500     -0.29497500     -0.87053900      0.39389100      0.88637000     -0.40325300     -0.22744900      0.35684200      0.28204200      0.89057000      0.00063600      0.00207100      0.00966500     -0.03285900     -0.01803800      0.03185200      0.41822600      0.06618300      0.01910900     -0.06413900     -0.08556800     -0.06764400     -0.99403200     -0.19306200     -0.97765600      0.08314900     -0.97744700      0.19902500      0.07059600     -0.00002400     -0.00008700     -0.00007400      0.00000300     -0.00000200     -0.00001800      0.34370800
     0.10221900     -0.01006000      0.35111900     -0.02263600     -0.13438400     -0.99069400     -0.40476900     -0.90483600      0.13193200     -0.91412400      0.40415100     -0.03267900     -0.00004200     -0.00015600     -0.00013600      0.00000000      0.00000000      0.00000000      0.39011800     -0.18677100      0.01951000      0.34756400      0.19519200      0.88983600      0.41241000     -0.94291200      0.28597900     -0.17048800     -0.26986900     -0.35671000      0.89431100      0.00064000      0.01470900      0.01070700      0.00346400     -0.02982700      0.04919300      0.43415600      0.02636900      0.02887100     -0.00278000     -0.29434100     -0.87066700      0.39408300      0.88673100     -0.40260400     -0.22719300      0.35647000      0.28257400      0.89055000      0.00060600      0.00140900      0.00917000     -0.04655100      0.09981400     -0.16254200      0.41267400      0.06618100      0.01910200     -0.06414500     -0.08559500     -0.06767700     -0.99402800     -0.19306000     -0.97765400      0.08318700     -0.97744500      0.19902700      0.07061600     -0.00001000     -0.00003700     -0.00003100      0.00000400     -0.00001200     -0.00000600      0.34256500
     0.10222900     -0.01006000      0.35110500     -0.02031100     -0.13256200     -0.99098900     -0.40504900     -0.90508800      0.12932000     -0.91405700      0.40418600     -0.03407700     -0.00000000     -0.00000000     -0.00000000     -0.00000000     -0.00000000      0.00000000      0.38890600     -0.18682800      0.01960400      0.34818800      0.19352100      0.88993300      0.41298900     -0.94355200      0.28418000     -0.16995300     -0.26882900     -0.35790800      0.89414500      0.00043200      0.00991200      0.00718400      0.00173300     -0.01488500      0.02461400      0.43055700      0.02634600      0.02892600     -0.00246800     -0.29271800     -0.87099600      0.39456300      0.88761000     -0.40097200     -0.22664700      0.35561800      0.28387500      0.89047700      0.00051300     -0.00070800      0.00761700     -0.04657400      0.09964300     -0.16270600      0.40581600      0.06618600      0.01910300     -0.06415100     -0.08373200     -0.06537400     -0.99434100     -0.19352200     -0.97778000      0.08058100     -0.97751500      0.19917400      0.06922000      0.00000600      0.00002200      0.00001800     -0.00001000      0.00055100     -0.00105600      0.34060500
     0.10223900     -0.01006200      0.35110400     -0.02029200     -0.13254700     -0.99099200     -0.40504900     -0.90509100      0.12929800     -0.91405700      0.40418400     -0.03408800     -0.00000000     -0.00000000     -0.00000000      0.00000000      0.00000000      0.00000000      0.38734800     -0.18685200      0.01956400      0.34870000      0.19296100      0.88995700      0.41320100     -0.94397000      0.28330900     -0.16909000     -0.26776500     -0.35854200      0.89421100      0.00096200     -0.00335600      0.01381200     -0.03465700     -0.00303800      0.00709700      0.42487600      0.02632900      0.02890900     -0.00221000     -0.29215800     -0.87110200      0.39474400      0.88817900     -0.40019900     -0.22578000      0.35465300      0.28464000      0.89061700      0.00045800     -0.00202100      0.00665700     -0.03464000     -0.00304300      0.00715200      0.39928400      0.06619200      0.01910300     -0.06415100     -0.08372400     -0.06536300     -0.99434200     -0.19352200     -0.97778200      0.08056900     -0.97751600      0.19917300      0.06921400     -0.00000100      0.00000700      0.00000900      0.00001000      0.00000100     -0.00002300      0.33815600
