     0.05468900     -0.00784600      0.35677100     -0.34823600     -0.16289500     -0.92316900      0.25948200     -0.96304600      0.07199200     -0.90035000     -0.21428100      0.37878700      0.01678000      0.00332600      0.00415700      0.02193600      0.06147500      0.10089700      0.38593000     -0.09483300      0.02334600      0.33481300      0.59647200      0.10980000      0.79508300     -0.24211600      0.96902700      0.04795900     -0.76591700     -0.22125800      0.60355500      0.00004500     -0.00018500     -0.00015400      0.00000000      0.00000000     -0.00000000     -0.86225900      0.04554300      0.03300300     -0.01353800     -0.44994500     -0.21374700      0.86709900      0.34470700     -0.93725800     -0.05217100      0.82384800      0.27542100      0.49539500      0.00002000     -0.00008300     -0.00006900     -0.00063400     -0.00117200      0.00055300     -0.86556500      0.06384500      0.01882600     -0.06098200     -0.35595900     -0.07803700     -0.93123700      0.07108000     -0.99588000      0.05628400     -0.93179300     -0.04615800      0.36003900      0.00145900      0.00345100      0.00316400      0.01695700      0.06225600      0.06455200      0.36134300
     0.05529200     -0.00786000      0.35692500     -0.35252000     -0.15635400     -0.92267500      0.25860300     -0.96381600      0.06446600     -0.89893100     -0.21569500      0.38134800      0.02868100     -0.00481100     -0.00223700      0.02145400      0.05774000      0.10374400      0.25454600     -0.09482500      0.02331100      0.33479700      0.59641300      0.10987500      0.79511700     -0.24219500      0.96901000      0.04790900     -0.76593800     -0.22129600      0.60351400      0.00011100     -0.00045100     -0.00037600     -0.00000000      0.00000000      0.00000000     -0.85965000      0.04554700      0.03298600     -0.01354600     -0.44988300     -0.21381700      0.86711300      0.34478200     -0.93722800     -0.05222400      0.82385000      0.27547100      0.49536300      0.00110000     -0.00586400      0.00373700     -0.05165800      0.10988900     -0.18940400     -0.86589100      0.06413500      0.01883300     -0.06089400     -0.35877000     -0.07088500     -0.93073000      0.07022100     -0.99633600      0.04881300     -0.93078000     -0.04784400      0.36243300      0.00757100     -0.00024600      0.00031100      0.02916600     -0.00663100      0.28318600      0.26696100
     0.05581400     -0.00802000      0.35690100     -0.35494000     -0.15402500     -0.92213900      0.25802400     -0.96415400      0.06166900     -0.89814200     -0.21586100      0.38310800      0.04040100     -0.02083800      0.00270900      0.08371600      0.49419700      0.33876600      0.11380200     -0.09481400      0.02330500      0.33480300      0.59651100      0.10976600      0.79505800     -0.24212700      0.96902100      0.04802300     -0.76588400     -0.22130000      0.60358200      0.00000200     -0.00000800     -0.00000600     -0.00000000      0.00000000      0.00000000     -0.85186500      0.04555300      0.03298200     -0.01354300     -0.44999900     -0.21371800      0.86707800      0.34473600     -0.93725100     -0.05210300      0.82380600      0.27546700      0.49543900     -0.00000600      0.00002100      0.00001600     -0.00011500      0.00000200     -0.00003900     -0.86556400      0.06441800      0.01875000     -0.06090600     -0.35852500     -0.06913800     -0.93095600      0.06954800     -0.99646000      0.04721800     -0.93092500     -0.04781800      0.36206400      0.02011200     -0.01062300      0.00115200      0.07994500      0.48009100      0.33080900      0.13600200
     0.05712400     -0.00845600      0.35685200     -0.35722700     -0.15040300     -0.92185300      0.25676100     -0.96472700      0.05784300     -0.89759400     -0.21585400      0.38439400      0.04260000     -0.00814800     -0.00428100      0.00884000     -0.03366400      0.12636300     -0.16283800     -0.09481300      0.02329300      0.33483300      0.59660800      0.10967400      0.79499800     -0.24210900      0.96901900      0.04815400     -0.76581400     -0.22135400      0.60365100     -0.00014600      0.00059600      0.00049700     -0.00000000      0.00000000      0.00000000     -0.81024100      0.04555300      0.03297600     -0.01352900     -0.45011200     -0.21363700      0.86703900      0.34474300     -0.93725700     -0.05197000      0.82374100      0.27551300      0.49552100     -0.00008300      0.00033800      0.00028200     -0.00006900      0.00000700     -0.00004500     -0.85805300      0.06506900      0.01852300     -0.06093900     -0.36241200     -0.06405300     -0.92981400      0.06833000     -0.99677600      0.04203300     -0.92950900     -0.04830100      0.36562000      0.02129400     -0.00408400     -0.00217100      0.00055100     -0.06838000      0.10892200     -0.17718900
     0.05827900     -0.00864900      0.35693700     -0.36673600     -0.14180200     -0.91947900      0.25554900     -0.96564100      0.04693800     -0.89408800     -0.21759000      0.39152000      0.02974300     -0.00209700      0.00015900      0.09435900      0.40223700      0.27945500     -0.52403100     -0.09481600      0.02330700      0.33484400      0.59462900      0.11112100      0.79627900     -0.24228200      0.96908900      0.04583400     -0.76729600     -0.22032900      0.60214200     -0.00005900      0.00024200      0.00020200      0.00000000      0.00000000     -0.00000000     -0.69145200      0.04555100      0.03298400     -0.01352200     -0.44780500     -0.21492300      0.86791500      0.34455700     -0.93719300     -0.05430300      0.82507600      0.27472900      0.49373300     -0.00003500      0.00014200      0.00011900     -0.00085000     -0.00122900      0.00120500     -0.82163900      0.06562400      0.01842700     -0.06089700     -0.36823400     -0.05486100     -0.92811200      0.06719800     -0.99721600      0.03228400     -0.92730100     -0.05048000      0.37089500      0.01440000     -0.00590500      0.00489700      0.08871800      0.43674600      0.52320500     -0.43061600
     0.05887200     -0.00876500      0.35699700     -0.36841400     -0.13639000     -0.91962700      0.25466500     -0.96613600      0.04120800     -0.89364900     -0.21885400      0.39181800      0.02967200     -0.00222400      0.00002300      0.10637300     -0.05345500      0.34269400     -0.78845100     -0.09482600      0.02334800      0.33486500      0.59077200      0.11388600      0.79875500     -0.24248400      0.96924200      0.04129600     -0.77020300     -0.21823600      0.59918500     -0.00256100      0.01319400     -0.00625300      0.03901800     -0.00065800      0.01686600     -0.57519200      0.04554800      0.03299700     -0.01351200     -0.44327900     -0.21740400      0.86961900      0.34408500     -0.93709000     -0.05887800      0.82771200      0.27312400      0.49019800     -0.00031400      0.00127900      0.00106600      0.00859100     -0.00595400      0.01562900     -0.77755100      0.06593200      0.01837000     -0.06086500     -0.37098300     -0.04840000     -0.92737600      0.06635000     -0.99746900      0.02551500     -0.92626500     -0.05206600      0.37325600      0.01413200     -0.00655700      0.00428900      0.28315100     -0.36221400      0.83659000     -0.57823100
     0.06063600     -0.00932900      0.35702500     -0.37667700     -0.10398500     -0.92051400      0.21729000     -0.97586100      0.02126400     -0.90003900     -0.19188800      0.39132700      0.05607900     -0.01235800     -0.00726000     -1.47170700      0.22421200      0.89332800     -1.72661600     -0.09488400      0.02350300      0.33499700      0.58454900      0.11854200      0.80264600     -0.24316000      0.96935300      0.03406900     -0.77472000     -0.21524700      0.59442300     -0.00125200      0.00510300      0.00424700     -0.01546100      0.10488000     -0.16825800     -0.28593700      0.04551800      0.03307800     -0.01344900     -0.43611400     -0.22149400      0.87220600      0.34360100     -0.93678600     -0.06609000      0.83171000      0.27086800      0.48465100     -0.00067400      0.00274400      0.00228500     -0.01810300      0.10085900     -0.16427800     -0.61964900      0.06680600      0.01809700     -0.06084400     -0.37207400     -0.01576100     -0.92806900      0.02988200     -0.99954000      0.00499500     -0.92772100     -0.02587400      0.37237300      0.02739800     -0.01127400      0.00083700     -5.04422400      0.33111200      2.60930400     -0.84390500
     0.06258900     -0.01005500      0.35715300     -0.38914100     -0.08104500     -0.91763000      0.20746800     -0.97822600     -0.00164200     -0.89703500     -0.19092500      0.39862600      0.04280700     -0.01478600      0.00796700      0.03675600      0.19089700      0.43838500     -1.91504000     -0.09510600      0.02373100      0.33519500      0.58135100      0.12402700      0.80413900     -0.24945600      0.96784900      0.03121100     -0.77512100     -0.21890900      0.59256100     -0.00161800      0.00661000      0.00548700     -0.00100000     -0.01532400      0.02199300     -0.00399000      0.04540800      0.03319100     -0.01335100     -0.43220400     -0.22666700      0.87282300      0.34920900     -0.93444500     -0.06974900      0.83141500      0.27465200      0.48302500     -0.00834800      0.00728500     -0.00166500      0.02442200     -0.00447500      0.01009400     -0.33389000      0.06778400      0.01772500     -0.06079500     -0.38091400      0.00997100     -0.92455600      0.01850200     -0.99965900     -0.01840300     -0.92442500     -0.02411600      0.38059900      0.02136800     -0.00747900      0.00387800      0.04322700      0.22381600      0.45204400     -0.80765400
     0.06348200     -0.01030600      0.35732900     -0.40047700     -0.06978800     -0.91367000      0.20491100     -0.97864900     -0.01512300     -0.89261100     -0.19319900      0.40736600      0.04387300     -0.01201100      0.01044500      0.10303800      0.55213000      0.62151400     -1.91547400     -0.09533800      0.02384400      0.33525100      0.57496200      0.14293600      0.80559200     -0.28387100      0.95826900      0.03272000     -0.76799600     -0.24768700      0.59050500     -0.01435000      0.00230400      0.00368600     -1.35648600     -0.02460900     -1.00642600      0.08349800      0.04529000      0.03325400     -0.01331800     -0.42376000     -0.24431400      0.87220200      0.38184400     -0.92137200     -0.07256900      0.82135300      0.30229400      0.48373100     -0.00718000      0.00117000      0.00186100     -1.35531300     -0.06251000     -1.04921800     -0.19835900      0.06824600      0.01759200     -0.06070500     -0.38893700      0.02280700     -0.92098100      0.01610500     -0.99937200     -0.03155000     -0.92112300     -0.02710400      0.38832500      0.02202600     -0.00577200      0.00540300      0.12325500      0.66488400      0.67640000     -0.82251400
     0.06572800     -0.01089700      0.35775200     -0.41777300     -0.04779400     -0.90731900      0.19795100     -0.97939700     -0.03961400     -0.88621400     -0.19610300      0.41975700      0.07246500     -0.01639000      0.00819800      0.09826900      0.52772100      0.71444800     -1.91571600     -0.09619000      0.02410500      0.33513400      0.56099600      0.18771600      0.80624800     -0.36765300      0.92908200      0.03964400     -0.74230900     -0.31890400      0.58918600     -0.02886100      0.00818200     -0.00688600     -0.12834400      0.07974600     -0.05239600      0.18684500      0.04486400      0.03338600     -0.01337500     -0.40533100     -0.28752700      0.86777500      0.46281200     -0.88315300     -0.07644700      0.78835900      0.37063100      0.49104100     -0.01439400      0.00391600     -0.00356900     -0.12119000      0.07253800     -0.06513400     -0.00926900      0.06934300      0.01730500     -0.06049400     -0.40107800      0.04682600     -0.91484500      0.00979900     -0.99841500     -0.05540000     -0.91599100     -0.03118500      0.39998400      0.02912900     -0.00691300      0.00476600     -0.00524400     -0.03633800      0.35617800     -0.82365700
     0.06849600     -0.01145100      0.35816300     -0.43043200     -0.02976100     -0.90215700      0.19072800     -0.97987000     -0.05873300     -0.88171500     -0.19731800      0.42856800      0.07479000     -0.00223900      0.00228600      0.11754200      0.60786500      0.55628700     -1.91526100     -0.09746400      0.02428500      0.33469800      0.55750600      0.22320900      0.79959800     -0.43346000      0.89967900      0.05122000     -0.70862500     -0.37543500      0.59729600     -0.04049000     -0.00056100     -0.01238700     -1.67958000     -0.47413900     -0.70922800      0.24354000      0.04424000      0.03348200     -0.01358400     -0.39934400     -0.32146000      0.85859600      0.52476200     -0.84807400     -0.07344600      0.75176300      0.42122900      0.50736300     -0.01448900      0.00600000     -0.01046900     -5.57647300     -2.00722500     -1.62101900      0.09050200      0.07070300      0.01702500     -0.06029200     -0.40976800      0.06643200     -0.90976600      0.00311600     -0.99723600     -0.07422300     -0.91218300     -0.03324900      0.40842800      0.03728000     -0.00142100      0.00083300      0.04051500      0.12825800      0.28156800     -0.82920800
     0.07128300     -0.01143700      0.35838000     -0.44604800     -0.01468300     -0.89491400      0.18535200     -0.97968600     -0.07636900     -0.87506000     -0.19992800      0.44082300      0.07734500      0.01309900     -0.00263200      0.10484100      0.32088500      0.43651700     -1.91445100     -0.09902400      0.02436500      0.33397400      0.53793900      0.26988500      0.79860800     -0.50839600      0.85950600      0.05213200     -0.67298900     -0.43439600      0.59853900     -0.03972100     -0.00381800     -0.01512400     -0.39369700      0.11924600     -0.54060800      0.32090100      0.04344600      0.03351800     -0.01395400     -0.37554100     -0.36635000      0.85132500      0.59594600     -0.79893600     -0.08091900      0.70980000      0.47695600      0.51835800     -0.01979900     -0.00215600     -0.00774000     -0.39341600      0.12473900     -0.54268500      0.18700700      0.07214700      0.01702700     -0.06017900     -0.42456100      0.08568500     -0.90133500     -0.00213600     -0.99560300     -0.09364000     -0.90539600     -0.03783100      0.42287700      0.03876700      0.00681100     -0.00113000      0.10249600      0.29919400      0.42536100     -0.82741200
     0.07282800     -0.01125200      0.35847100     -0.45756200     -0.00625700     -0.88918100      0.18245200     -0.97933900     -0.08705600     -0.86969700     -0.20206700      0.45035800      0.07701300      0.00528900      0.00856800      0.06870700      0.32542300      0.44632800     -1.91395200     -0.09991300      0.02443600      0.33350300      0.51821200      0.30272200      0.79987900     -0.55916700      0.82755300      0.04921200     -0.64767000     -0.47315100      0.59708800     -0.04133800      0.00572200     -0.02442400     -1.30132100     -0.03399400     -1.08956600      0.36288600      0.04303200      0.03354900     -0.01417100     -0.35475000     -0.39393400      0.84791900      0.63765600     -0.76519400     -0.08872000      0.68377300      0.50920800      0.52264700     -0.02719700      0.00142200     -0.01250800     -0.39001500      0.14871200     -0.59011700      0.23762700      0.07286600      0.01711000     -0.06013700     -0.43429300      0.09561000     -0.89568200     -0.00459400     -0.99457200     -0.10393900     -0.90075900     -0.04102600      0.43237500      0.03855600      0.00275300      0.00433900      0.09565300      0.51297200      0.54113200     -0.82855500
     0.07563200     -0.01083000      0.35868600     -0.49292800      0.01347600     -0.86999200      0.17460800     -0.97798600     -0.11414000     -0.85176600     -0.20819600      0.48080700      0.07792000      0.01662700      0.00000300      0.21098700      1.16637300      0.89779500     -1.91203700     -0.10177900      0.02460000      0.33255100      0.48354900      0.35186400      0.80147500     -0.63523000      0.77097200      0.04492000     -0.60269200     -0.53128400      0.59528400     -0.05444600      0.00309400     -0.02492800     -1.28727900     -0.11794200     -0.94617800      0.43321400      0.04209000      0.03363100     -0.01465900     -0.31380900     -0.44105700      0.84082800      0.70928500     -0.69761600     -0.10122000      0.63121900      0.56462300      0.53175400     -0.02715700      0.00142100     -0.01252200     -4.48372600     -0.17877200     -3.47538600      0.34033600      0.07429400      0.01732800     -0.06002200     -0.46339100      0.12037000     -0.87794000     -0.01128600     -0.99145200     -0.12997600     -0.88608100     -0.05032100      0.46078900      0.03145300      0.00442400      0.00528600      0.12817200      0.85160400      0.64412500     -0.82773900
     0.07823000     -0.01031300      0.35888300     -0.53012500      0.04140100     -0.84693500      0.16508400     -0.97463200     -0.15103800     -0.83104500     -0.21994400      0.51089700      0.06341600      0.01899500      0.00109500      0.20161400      1.21276500      0.88589700     -1.91031600     -0.10398700      0.02469300      0.33154200      0.45376900      0.38651200      0.80292800     -0.68848900      0.72405800      0.04069200     -0.56618300     -0.57175600      0.59362800     -0.05400300      0.00110400     -0.02666400     -1.30514000     -0.00476300     -1.11084300      0.47319000      0.04101000      0.03368200     -0.01515000     -0.28292300     -0.47040000      0.83586900      0.75340100     -0.64832100     -0.10984500      0.59358300      0.59866700      0.53782500     -0.02704000      0.00077500     -0.01311100     -0.33786700      0.04381000     -0.39574900      0.42051200      0.07559900      0.01759000     -0.05992100     -0.49537400      0.15471300     -0.85479100     -0.01927900     -0.98572700     -0.16723800     -0.86846500     -0.06636600      0.49128700      0.03106300      0.00382200      0.00462600      0.11551500      0.85506100      0.63901100     -0.82790200
     0.08051800     -0.00998900      0.35922900     -0.56266100      0.09469000     -0.82127500      0.10768400     -0.97653400     -0.18643100     -0.81895800     -0.19346100      0.54028400      0.06056900     -0.00368700      0.01736300     -0.27795300      1.29089100      1.16206300     -1.90870600     -0.10609100      0.02457700      0.33043900      0.40303700      0.42903100      0.80838400     -0.75494800      0.65509900      0.02885900     -0.51767000     -0.62245400      0.58688200     -0.05290900     -0.00429000     -0.03127600     -1.39482100      0.04179100     -1.20171300      0.44512800      0.03993100      0.03362900     -0.01570700     -0.22601500     -0.50905300      0.83053000      0.81255500     -0.56877000     -0.12749000      0.53728000      0.64603800      0.54218400     -0.02636200     -0.00242300     -0.01578900     -4.78818500     -0.03945300     -3.71465800      0.43275900      0.07676800      0.01776100     -0.05974600     -0.51813600      0.21309800     -0.82832500     -0.07539600     -0.97607400     -0.20394600     -0.85196800     -0.04321900      0.52180600      0.03026400     -0.00191600      0.00858300     -0.28561500      1.26937200      1.14898800     -0.83214800
     0.08148500     -0.00983000      0.35943000     -0.57888000      0.12217700     -0.80623600      0.07236300     -0.97708700     -0.20009100     -0.81149200     -0.17433000      0.55777900      0.04729700      0.00883200      0.00941800     -1.19158800      0.90269700      1.72863100     -1.90774400     -0.10704400      0.02457600      0.32977200      0.36191300      0.45652500      0.81277000     -0.79989900      0.59976500      0.01944100     -0.47902400     -0.65773700      0.58118800     -0.04152200      0.00869900     -0.03940000     -4.49426300     -0.00458800     -3.42916900      0.39368000      0.03945100      0.03362100     -0.01604000     -0.18412200     -0.53078400      0.82726400      0.84759000     -0.51190400     -0.13979900      0.49768300      0.67544200      0.54414000     -0.01976300     -0.00145900     -0.01591500     -0.26855400      0.22751600     -0.57377100      0.40353000      0.07723400      0.01783800     -0.05964800     -0.52958800      0.24193400     -0.81302100     -0.10834700     -0.96990600     -0.21804300     -0.84130600     -0.02738500      0.53986400      0.02359200      0.00437700      0.00458700     -4.28819200      0.34014800      3.99307000     -0.83721000
     0.08303200     -0.00952000      0.35979100     -0.61660500      0.18638100     -0.76492200     -0.00703900     -0.97281200     -0.23143100     -0.78649500     -0.13755700      0.60210500      0.03231900      0.00866300      0.00855800      0.15650000      1.76165200      1.06718900     -1.90556900     -0.10843600      0.02521800      0.32800200      0.29438900      0.48561600      0.82310600     -0.85212400      0.52326300     -0.00380700     -0.43289300     -0.70086900      0.56678800     -0.03207700      0.03351000     -0.05481300      0.50868900      0.67185400     -0.70096400      0.12497400      0.03875200      0.03392800     -0.01692300     -0.11101300     -0.55457800      0.82469200      0.89057700     -0.42380300     -0.16511200      0.44107500      0.71612300      0.54094200     -0.00941500      0.01788300     -0.02728600      1.34076200      1.79023900     -1.72667500      0.19076200      0.07801400      0.01799500     -0.05946600     -0.55403300      0.31191900     -0.77185000     -0.18650100     -0.95009300     -0.25008000     -0.81133400      0.00539800      0.58455600      0.01603500      0.00393200      0.00391100      0.05197500      1.56148400      1.00882800     -0.84537400
     0.08401100     -0.00937200      0.35997900     -0.64955400      0.26229300     -0.71367100     -0.09910900     -0.95978300     -0.26261400     -0.75304700     -0.10018400      0.65031600      0.01570500      0.00304900      0.00315200     -0.16596900      1.84783400      1.17635000     -1.90491800     -0.10857800      0.02741700      0.32580200      0.26014100      0.49143100      0.83115200     -0.86635400      0.49880400     -0.02362800     -0.42649400     -0.71453400      0.55444300      0.01446800      0.07720300     -0.05904000     -0.17092100      0.04661400     -0.24306200     -0.09453800      0.03866600      0.03499400     -0.01803400     -0.07492300     -0.55659000      0.82740100      0.89860600     -0.39739800     -0.18595800      0.43231100      0.72957600      0.52993000      0.00731000      0.03836800     -0.02972200     -1.16019800      0.05923400     -0.91595000     -0.11736700      0.07851200      0.01807800     -0.05936400     -0.57348500      0.39201900     -0.71932900     -0.27365700     -0.91930300     -0.28282800     -0.77215600      0.03465200      0.63448600      0.01457300     -0.00048500      0.00012300     -1.02848700      1.23131400      2.00761900     -0.84766000
     0.08427900     -0.00930600      0.35999100     -0.66325700      0.29838900     -0.68636700     -0.14138700     -0.95049400     -0.27666500     -0.73411900     -0.08683500      0.67346500      0.01504500      0.00103400      0.00142800      0.07778900      1.85014200      0.87635600     -1.90483400     -0.10816600      0.02904600      0.32467300      0.23930600      0.49216200      0.83695900     -0.87552500      0.48197800     -0.03295100     -0.41988700     -0.72550200      0.54516400      0.02662900      0.08368000     -0.05507400      0.16388300      0.19266000      0.17937600     -0.19187000      0.03886800      0.03580700     -0.01860000     -0.05315100     -0.55576900      0.82963500      0.90453000     -0.37879300     -0.19580400      0.42308200      0.74002300      0.52284300      0.01331500      0.04202500     -0.02740200      0.12296400      0.30180500      0.22377200     -0.24832600      0.07864600      0.01811000     -0.05935900     -0.58073400      0.43003300     -0.69124300     -0.31358600     -0.90174100     -0.29753400     -0.75127200      0.04397600      0.65852400      0.00064800      0.00196900      0.00165900     -0.12110700      2.04390400      1.47830800     -0.84700700
     0.08452100     -0.00904000      0.35999500     -0.68451200      0.36183200     -0.63290400     -0.21688800     -0.92986800     -0.29711600     -0.69517500     -0.06656700      0.71577100      0.00266500      0.01590400     -0.00438600     -0.88013500      1.24762100      1.67901900     -1.90525000     -0.10699200      0.03258900      0.32257500      0.21066700      0.47908900      0.85210600     -0.88566800      0.46244300     -0.04090500     -0.41388500     -0.74665700      0.52064000      0.02515700      0.08880100     -0.05034600      0.03041400      0.54966000      0.20782900     -0.37068600      0.03945400      0.03758100     -0.01964600     -0.02441400     -0.54015600      0.84121000      0.91115600     -0.35824900     -0.20359500      0.41133600      0.76150300      0.50091300      0.01904900      0.04608400     -0.02464200     -0.02469900      0.66809100      0.35134700     -0.44084600      0.07876800      0.01822800     -0.05936400     -0.59156300      0.49467100     -0.63667200     -0.38211300     -0.86736000     -0.31886700     -0.70995800      0.05465100      0.70211900      0.00078500      0.00254400      0.00209700     -3.46217100     -0.41768300      4.54612000     -0.84635400
     0.08466500     -0.00864400      0.36021200     -0.70504300      0.39693300     -0.58771100     -0.27605300     -0.91690300     -0.28819100     -0.65239400     -0.04144800      0.75676400      0.00410000      0.02038000     -0.00060600      0.06534000      1.32710800      0.40619100     -1.90482500     -0.10566100      0.03598300      0.32100300      0.21293700      0.44521900      0.86973000     -0.88414400      0.46661300     -0.02226300     -0.41598000     -0.76477300      0.49188000      0.03782600      0.08834100     -0.03495100     -0.17570300      0.90195800      0.52781400     -0.58742000      0.04011600      0.03927500     -0.02044100     -0.02732800     -0.50830500      0.86074200      0.91281200     -0.36367100     -0.18578300      0.40746200      0.78062000      0.47392600      0.01884700      0.04464700     -0.01710800     -0.22279200      0.97506400      0.57218000     -0.64724500      0.07883700      0.01841800     -0.05926200     -0.60536200      0.53328900     -0.59087900     -0.43938200     -0.84289700     -0.31059200     -0.66368600      0.07160100      0.74457500      0.00170000      0.00528900      0.00448800     -0.27164800      0.84107900      0.19874500     -0.85370200
     0.08471200     -0.00838100      0.36032600     -0.71308300      0.41173800     -0.56747600     -0.30893500     -0.91106700     -0.27292400     -0.62850000     -0.01982300      0.77757500      0.00393900      0.01988100     -0.00104400     -3.06536600      1.66069600     -0.25723900     -1.90466400     -0.10476100      0.03760600      0.32052500      0.20823900      0.43427600      0.87637500     -0.88902700      0.45752700     -0.01534600     -0.40786400     -0.77645800      0.48023300      0.05135400      0.08446200     -0.02273800     -0.47947800      0.61404600     -0.12557400     -0.70673300      0.04056200      0.04008600     -0.02068500     -0.02357300     -0.49545600      0.86831300      0.91786700     -0.35493100     -0.17760400      0.39618600      0.79280900      0.46313000      0.02567900      0.04239900     -0.01125900     -1.52148500      0.53815400     -0.54152900     -0.75175100      0.07886100      0.01854900     -0.05920500     -0.61222400      0.54730900     -0.57064200     -0.46590300     -0.83281700     -0.29891100     -0.63883800      0.08286400      0.76486500      0.00204300      0.01017400     -0.00032400      0.07852400      1.34514600     -0.14910700     -0.85468200
     0.08479400     -0.00762900      0.36043700     -0.73183300      0.41867200     -0.53775400     -0.34714700     -0.90798300     -0.23457900     -0.58557700      0.01448000      0.81050400      0.00459600      0.02193200      0.00065300     -0.21374900      0.78483000     -0.64089300     -1.90532900     -0.10244700      0.04025100      0.32018800      0.19929500      0.42715800      0.88193500     -0.89391300      0.44792300     -0.01481600     -0.40159100     -0.78594400      0.46997900      0.06920800      0.05502700      0.00188600      0.05389800      0.09458700     -0.05854400     -0.94181600      0.04171100      0.04142800     -0.02085600     -0.01393400     -0.48817600      0.87263300      0.92201800     -0.34395600     -0.17769600      0.38689500      0.80210800      0.45490000      0.03462100      0.02758700      0.00095900      0.06727500      0.06096400     -0.08620600     -0.82719100      0.07890600      0.01891800     -0.05914900     -0.62859800      0.55979800     -0.53989700     -0.50847000     -0.82109300     -0.25935200     -0.58849100      0.11149300      0.80077800      0.00223700      0.01085400      0.00019200     -2.86232000     -0.39304700      3.68092100     -0.85778500
     0.08519200     -0.00642300      0.36017400     -0.73379700      0.42591500     -0.52932400     -0.37224500     -0.90375600     -0.21125900     -0.56745000      0.04148100      0.82237900      0.00591800      0.03371100     -0.00728800      0.03163100      0.58984900     -1.17523400     -1.85277100     -0.09933100      0.04150500      0.32105100      0.19206200      0.44837500      0.87296300     -0.89377500      0.44723200     -0.03293700     -0.40539900     -0.77445700      0.48552200      0.08879000      0.01709900      0.03609500      0.34066400     -0.91716200     -0.63663300     -1.35094300      0.04326200      0.04206800     -0.02043800     -0.00633000     -0.50601900      0.86249800      0.91937700     -0.34220000     -0.19401800      0.39332400      0.79173400      0.46738900      0.04533700      0.00335700      0.02214200      0.15932800     -0.60526300     -0.38934300     -0.81870000      0.07910100      0.01952700     -0.05927500     -0.62884500      0.56752800     -0.53147400     -0.53362200     -0.81216400     -0.23587100     -0.56550800      0.13528000      0.81357200      0.01040600      0.02108000     -0.00873900      0.06353400      0.53567500     -1.10635100     -0.84945700
     0.08589500     -0.00488100      0.35957600     -0.73254600      0.42500400     -0.53178300     -0.38584000     -0.90275600     -0.19008100     -0.55994900      0.06540500      0.82595800      0.02051600      0.04154500     -0.01802300     -0.02615800     -0.00255400     -0.93775600     -1.74611500     -0.09561300      0.04138100      0.32342500      0.16053800      0.49929500      0.85142400     -0.91217700      0.40451300     -0.06508800     -0.37708500     -0.76681600      0.51929100      0.09637200     -0.02758400      0.08333500      0.10570700     -0.99535600     -1.07080700     -1.40336600      0.04515800      0.04200400     -0.01924500      0.02722000     -0.55430600      0.83186700      0.92771200     -0.29592700     -0.22754400      0.37230100      0.77792800      0.50618100      0.04803300     -0.01328300      0.04202700      0.13818300     -1.08052600     -1.14219500     -0.83160000      0.07944700      0.02029700     -0.05956900     -0.62824600      0.56662800     -0.53314000     -0.54709500     -0.80896400     -0.21508700     -0.55316700      0.15655100      0.81822800      0.00968700      0.01512700     -0.00486800     -0.11669300     -0.25973000     -0.89518000     -0.81500200
     0.08637000     -0.00409900      0.35917600     -0.73322000      0.42345400     -0.53208900     -0.38753700     -0.90312300     -0.18480800     -0.55789300      0.07016500      0.82695700      0.01967100      0.03903700     -0.02011900      0.05409500      0.07336200     -0.48822000     -1.69227300     -0.09375500      0.04080800      0.32519700      0.13562900      0.53095400      0.83647200     -0.92256100      0.37545400     -0.08859600     -0.36124100     -0.76033500      0.53968500      0.08468500     -0.03731900      0.09386900     -1.06305600     -1.15007300     -2.15906900     -1.40339500      0.04605500      0.04173200     -0.01839200      0.05089600     -0.58035800      0.81276900      0.93102700     -0.26691100     -0.24888900      0.36138200      0.76937800      0.52674400      0.04216400     -0.01818600      0.04736000     -4.42200100     -0.48030200     -4.20629500     -0.82310900      0.07967900      0.02067800     -0.05975700     -0.62900900      0.56455500     -0.53443900     -0.54870700     -0.80941100     -0.20922100     -0.55069800      0.16164800      0.81890200      0.01675200      0.01836000     -0.01079400      0.04550600      0.01798500     -0.48506300     -0.79818300
     0.08742600     -0.00268000      0.35836700     -0.73916000      0.41091000     -0.53370400     -0.38351300     -0.90809100     -0.16810600     -0.55281300      0.07990800      0.82948100      0.01927000      0.03808000     -0.02091800      0.08433700      0.08696500     -0.26198100     -1.64014900     -0.09070400      0.03902000      0.32932800      0.09347400      0.57595300      0.81211600     -0.93341100      0.33447400     -0.12963300     -0.34638400     -0.74663200      0.56782200      0.07391900     -0.05325900      0.11625100      0.00732700     -0.67472800     -1.32593900     -1.40360800      0.04755900      0.04085900     -0.01637600      0.09317500     -0.61996800      0.77907400      0.93132300     -0.22242300     -0.28838200      0.35207200      0.75244000      0.55666600      0.03695600     -0.02685400      0.05790700     -0.05481100     -0.49601200     -1.19131600     -0.83029400      0.08021400      0.02140100     -0.06016900     -0.63750600      0.55280400     -0.53664800     -0.54559300     -0.81572400     -0.19214800     -0.54397700      0.17029600      0.82163600      0.01644600      0.01761600     -0.01142300      0.10173100      0.12829900     -0.21314600     -0.78626300
     0.08839200     -0.00111900      0.35759300     -0.74193900      0.40444300     -0.53478800     -0.39199100     -0.90869500     -0.14348600     -0.54307300      0.10266500      0.83340200      0.03397800      0.03927200     -0.01950000     -2.11075800      1.18851400     -1.44521900     -1.57505400     -0.08839400      0.03691900      0.33401300      0.06087600      0.60260600      0.79570800     -0.94013700      0.30240000     -0.15694300     -0.33524700     -0.73926600      0.58391700      0.04681400     -0.05309800      0.11984300     -0.16131000     -0.38048600     -1.11896600     -1.40332600      0.04873700      0.03982100     -0.01403300      0.12500500     -0.64213500      0.75633000      0.93028800     -0.18911700     -0.31431900      0.34487100      0.74289700      0.57373000      0.02323100     -0.02620400      0.06017800     -0.42855600     -0.06957200     -0.89294400     -0.83290600      0.08068200      0.02215900     -0.06055600     -0.64007200      0.54814600     -0.53836900     -0.55425600     -0.81469000     -0.17052500     -0.53207700      0.18924600      0.82527400      0.01022300      0.02102800     -0.00883000      0.00851200     -0.09756600     -0.57173400     -0.78708000
     0.08875700     -0.00031200      0.35726300     -0.74192300      0.40554900     -0.53397200     -0.39819800     -0.90717300     -0.13581900     -0.53856800      0.11134800      0.83520800      0.02036500      0.04205300     -0.01765200      0.05457800     -0.01251600     -0.31054100     -1.54770400     -0.08766300      0.03589800      0.33623300      0.04271200      0.61005000      0.79120600     -0.94264100      0.28700800     -0.17026200     -0.33097700     -0.73930400      0.58629900      0.03202200     -0.04556100      0.11080900     -0.19321600     -0.16684700     -1.03748900     -1.40317500      0.04911900      0.03929300     -0.01287000      0.14371600     -0.64812000      0.74785400      0.92890300     -0.17227600     -0.32781000      0.34129800      0.74179500      0.57728200      0.01692500     -0.02794000      0.05964200     -0.17662100     -0.34492900     -1.16099700     -0.83796800      0.08087800      0.02257900     -0.06072700     -0.64136300      0.54819400     -0.53678300     -0.56043200     -0.81255600     -0.16020900     -0.52399200      0.19807800      0.82836900      0.01033000      0.02144800     -0.00848800      0.05755700      0.05650100     -0.46062900     -0.78528300
     0.08931300      0.00124600      0.35668300     -0.74102100      0.40611400     -0.53479400     -0.40878400     -0.90460900     -0.12062400     -0.53184900      0.12871900      0.83701500      0.00558300      0.03332000     -0.00772600     -0.02836700     -0.17641400     -0.16271500     -1.52950500     -0.08664300      0.03395600      0.34034400      0.01109900      0.62518000      0.78039600     -0.94617100      0.25902800     -0.19390500     -0.32335700     -0.73700900      0.59339800      0.00659200     -0.04866100      0.09504600     -0.11849600     -0.45170300     -0.79321800     -1.40290100      0.04963400      0.03833900     -0.01079800      0.17455300     -0.65820300      0.73232400      0.92600700     -0.14309700     -0.34933300      0.33472500      0.73911500      0.58452300      0.00982800     -0.02368800      0.04716700     -0.29363800      0.20844300     -0.57827100     -0.84352000      0.08116200      0.02336400     -0.06101900     -0.64051300      0.54871900     -0.53726000     -0.57053900     -0.80830400     -0.14535700     -0.51403000      0.21342500      0.83079600      0.00940300      0.01477100     -0.00521000     -0.10721400     -0.16550000     -0.27701500     -0.79704000
     0.08960200      0.00247900      0.35636900     -0.74049900      0.40710600     -0.53476300     -0.41671000     -0.90234300     -0.11000900     -0.52640900      0.14086700      0.83849700      0.00477000      0.02311700      0.00139000     -0.21072800     -0.41072000     -0.43756600     -1.53128400     -0.08644700      0.03230400      0.34343600     -0.01695200      0.62709900      0.77875000     -0.94650800      0.24094600     -0.21448200     -0.32208900     -0.74150300      0.58846800     -0.00749300     -0.04060300      0.06977200     -0.22337500      0.19609700     -0.44800600     -1.40288800      0.04973300      0.03750000     -0.00921200      0.20284500     -0.65836100      0.72485400      0.92083000     -0.12352600     -0.36988200      0.33305400      0.74249600      0.58118200     -0.00365800     -0.02083600      0.03446400     -0.24273400      0.24304400     -0.40064400     -0.84613300      0.08130800      0.02399100     -0.06118000     -0.64021100      0.55065600     -0.53563600     -0.57827400     -0.80445400     -0.13583700     -0.50569500      0.22278000      0.83345000      0.00241900      0.01164000      0.00075500     -0.19653000     -0.38028300     -0.42539500     -0.82349300
