     0.06578700     -0.00702500      0.34823200     -0.65677400     -0.10212900     -0.74717000      0.16863300     -0.98557100     -0.01358600     -0.73418600     -0.13480100      0.66545300     -0.01309500      0.01295300     -0.00762300      0.03318200     -0.00456600     -0.01429900      0.50721300     -0.09813900      0.02504600      0.32789500      0.46327800     -0.00179400      0.88620700     -0.16852700      0.98152600      0.09021700     -0.87055300     -0.19115400      0.45327800      0.01462500     -0.00337800     -0.00474800     -0.00428600      0.01031500      0.01194800     -1.40307100      0.04404500      0.03274300     -0.01666500     -0.29114300     -0.11961100      0.94917200      0.29108600     -0.95618700     -0.03121000      0.91132000      0.26720500      0.31320500      0.00624300      0.00418000     -0.00606700      0.03984000     -0.02933300      0.00779500     -0.88026100      0.06958900      0.01851800     -0.06547000     -0.64443500      0.05885300     -0.76239000     -0.05340900     -0.99806200     -0.03190000     -0.76279100      0.02016100      0.64633000     -0.00718800      0.00107900      0.00051000     -0.00105500      0.01471700     -0.02950300      0.49867000
     0.06535500     -0.00691600      0.34819100     -0.65688800     -0.10299900     -0.74695000      0.16931000     -0.98546200     -0.01307800     -0.73392800     -0.13493600      0.66570900     -0.01442700      0.00203000      0.00087900     -0.00098400      0.01471500     -0.02955300      0.50771300     -0.09754100      0.02498600      0.32769900      0.45823900     -0.00126400      0.88882300     -0.16833300      0.98173300      0.08831100     -0.87324800     -0.19009600      0.44851400      0.01457100     -0.00306600     -0.00449800     -0.00035100      0.00084300      0.00522800     -1.40291700      0.04435000      0.03271000     -0.01676600     -0.28583400     -0.11997600      0.95073800      0.29056000     -0.95627600     -0.03332000      0.91316600      0.26672200      0.30819700      0.00728600     -0.00151900     -0.00224500      0.00030700     -0.00995100      0.00518300     -0.87911800      0.06936800      0.01857800     -0.06549300     -0.64474200      0.05801800     -0.76219500     -0.05271500     -0.99811600     -0.03138400     -0.76258000      0.01994400      0.64658600     -0.00722400      0.00099200      0.00042600     -0.00103200      0.01472600     -0.02951100      0.49932400
     0.06521700     -0.00688900      0.34820700     -0.65691900     -0.10318400     -0.74689700      0.16942000     -0.98544500     -0.01294200     -0.73387500     -0.13492100      0.66577100     -0.00002000     -0.00005100     -0.00004800      0.00000000      0.00000000      0.00000000      0.50754900     -0.09725200      0.02490600      0.32760700      0.45459900     -0.00439800      0.89068000     -0.16273000      0.98270100      0.08803800     -0.87620500     -0.18496800      0.44487600      0.01455200     -0.00293900     -0.00439800     -0.00652800      0.00592500      0.04372000     -1.40280700      0.04448200      0.03267600     -0.01681200     -0.28211600     -0.11632900      0.95230100      0.28507900     -0.95795000     -0.03256500      0.91604500      0.26229500      0.30341500      0.00735700     -0.00179500     -0.00248900     -0.00747600     -0.00385500      0.00873200     -0.88058700      0.06930400      0.01858800     -0.06548800     -0.64480500      0.05786600     -0.76215300     -0.05262200     -0.99812500     -0.03126300     -0.76253300      0.01994700      0.64664000      0.00000800      0.00002200      0.00002600     -0.00003900      0.00001000      0.00003500      0.49916000
     0.06509700     -0.00683800      0.34830100     -0.65700600     -0.10351800     -0.74677500      0.16954400     -0.98542700     -0.01263400     -0.73376800     -0.13479100      0.66591400      0.00098200      0.00251500      0.00235400      0.00057100     -0.01372900      0.02533300      0.50336500     -0.09684500      0.02477600      0.32740400      0.44927700     -0.00968500      0.89333500     -0.15702800      0.98347200      0.08976400     -0.87997800     -0.18060700      0.43918400      0.01441500     -0.00230000     -0.00386200     -0.01298800      0.03069200      0.05308500     -1.40285400      0.04469200      0.03260600     -0.01691200     -0.27698900     -0.11051800      0.95449500      0.27990100     -0.95956300     -0.02987900      0.91920100      0.25888900      0.29672200      0.00724400     -0.00128600     -0.00205400      0.00558000      0.06895900     -0.03582900     -0.87879100      0.06924200      0.01860900     -0.06544500     -0.64497500      0.05754000     -0.76203400     -0.05249500     -0.99814200     -0.03093700     -0.76239800      0.02004900      0.64679700      0.00038700      0.00099000      0.00093200     -0.00003300      0.00001000      0.00001200      0.49736400
     0.06519000     -0.00676300      0.34841700     -0.65693200     -0.10307900     -0.74690000      0.16922100     -0.98547900     -0.01290300     -0.73390900     -0.13474700      0.66576900      0.00113900      0.00291900      0.00272900      0.00000000      0.00000000      0.00000000      0.49889500     -0.09661400      0.02475800      0.32714900      0.44569200     -0.01657300      0.89502800     -0.15093500      0.98407700      0.09351100     -0.88286000     -0.17675900      0.43494500      0.00112400     -0.00466200     -0.00404200     -0.00103900      0.01175300      0.00958900     -1.40285200      0.04481300      0.03259600     -0.01704200     -0.27401000     -0.10337200      0.95615400      0.27473700     -0.96118800     -0.02518300      0.92164900      0.25579100      0.29177600     -0.00037000      0.00290400     -0.00625400      0.04855500     -0.01080400     -0.01541600     -0.88336300      0.06928500      0.01865100     -0.06538300     -0.64480300      0.05795100     -0.76214800     -0.05281400     -0.99811600     -0.03121100     -0.76252100      0.02012700      0.64664900      0.00071500      0.00183600      0.00171800     -0.00001700      0.00001400      0.00001300      0.49148600
     0.06534700     -0.00665300      0.34852700     -0.65682300     -0.10254200     -0.74707100      0.16889700     -0.98553000     -0.01329200     -0.73408200     -0.13478900      0.66557000      0.00127800      0.00328200      0.00306300      0.00057200     -0.01372800      0.02533400      0.49668200     -0.09662000      0.02501200      0.32673300      0.44029900     -0.02288800      0.89755400     -0.15003500      0.98369700      0.09881300     -0.88571000     -0.17815500      0.42853500     -0.00329700      0.01909600     -0.01851400      0.00630400      0.15054700      0.15312500     -1.40258600      0.04481000      0.03272000     -0.01725200     -0.26909800     -0.09672700      0.95824300      0.27467200     -0.96133100     -0.01990400      0.92311500      0.25784700      0.28526000     -0.00164900      0.00958000     -0.00922900      0.00746100      0.14162300      0.14607500     -0.88662900      0.06936400      0.01870700     -0.06532700     -0.64458200      0.05843500     -0.76229700     -0.05312000     -0.99808800     -0.03159300     -0.76268600      0.02012800      0.64645400      0.00740500     -0.00050400      0.00003200      0.00097900     -0.01471400      0.02956500      0.48854600
     0.06543200     -0.00663900      0.34854500     -0.65674100     -0.10213900     -0.74719900      0.16865400     -0.98556800     -0.01358400     -0.73421100     -0.13482000      0.66542100      0.00035600      0.00091600      0.00085500      0.00000000      0.00000000      0.00000000      0.49565200     -0.09668600      0.02522700      0.32647700      0.43671900     -0.02713200      0.89918400     -0.14938800      0.98343200      0.10235700     -0.88758600     -0.17900600      0.42427600     -0.00122900      0.00781200     -0.01076200     -0.08942300      0.31110500      0.20502900     -1.40290900      0.04477800      0.03282600     -0.01737500     -0.26644200     -0.09302900      0.95935000      0.27453300     -0.96142700     -0.01698400      0.92392500      0.25884800      0.28170400     -0.00176700      0.01006400     -0.00880500     -0.09637300      0.44642900      0.36386500     -0.88597600      0.06940800      0.01871900     -0.06531300     -0.64440100      0.05883100     -0.76242100     -0.05337000     -0.99806400     -0.03190600     -0.76282200      0.02013000      0.64629300      0.00711500     -0.00124400     -0.00065800      0.00097400     -0.01473300      0.02955300      0.48691400
     0.06561900     -0.00669300      0.34852200     -0.65667000     -0.10173200     -0.74731500      0.16839100     -0.98560900     -0.01386500     -0.73433400     -0.13482700      0.66528300      0.01367100     -0.00393600     -0.00266500      0.00098400     -0.01471500      0.02955300      0.48886300     -0.09681000      0.02582600      0.32590800      0.43324800     -0.03551200      0.90057000     -0.14738500      0.98293300      0.10979100     -0.88961700     -0.18026500      0.41946400     -0.00354600      0.02013300     -0.01758700     -0.03204200      0.24309000      0.21830500     -1.40303400      0.04471700      0.03312100     -0.01765700     -0.26355600     -0.08422000      0.96096000      0.27396900     -0.96169400     -0.00914500      0.92492000      0.26086400      0.27653400     -0.00727400      0.00282500     -0.00537300     -0.10587300      0.38451000      0.25470800     -0.87928100      0.06949600      0.01869300     -0.06532400     -0.64424900      0.05919200     -0.76252000     -0.05361600     -0.99804200     -0.03217600     -0.76293300      0.02015300      0.64616200     -0.00016700     -0.00042800     -0.00040400     -0.00000700     -0.00002100     -0.00000100      0.48185200
     0.06573900     -0.00680600      0.34845500     -0.65667000     -0.10163300     -0.74732900      0.16829400     -0.98562400     -0.01390800     -0.73435700     -0.13478500      0.66526700     -0.00052700     -0.00135900     -0.00126900      0.00000000      0.00000000      0.00000000      0.47889200     -0.09698300      0.02642000      0.32531600      0.43307200     -0.04238900      0.90035700     -0.13927100      0.98370300      0.11343000     -0.89101000     -0.17447500      0.41895500     -0.00353500      0.02009000     -0.01760500      0.06711400      0.00169700      0.05040000     -1.40283400      0.04463000      0.03341800     -0.01795300     -0.26362200     -0.07669000      0.96157200      0.26700200     -0.96368800     -0.00365900      0.92693700      0.25577800      0.27452500     -0.00066200      0.00414900     -0.00515800      0.03748600     -0.02023300      0.00783800     -0.88107700      0.06956100      0.01863800     -0.06536200     -0.64420500      0.05932200     -0.76254800     -0.05371400     -0.99803500     -0.03226400     -0.76296300      0.02017500      0.64612600     -0.00040000     -0.00103200     -0.00096700      0.00000500     -0.00001300      0.00001100      0.47025800
     0.06578000     -0.00685100      0.34843100     -0.65872900     -0.10063600     -0.74565000      0.16803400     -0.98564500     -0.01549000     -0.73257000     -0.13538100      0.66711400     -0.00035200     -0.00090600     -0.00084600      0.03476200      0.09816500      0.05235100      0.47451400     -0.09705700      0.02668000      0.32502100      0.42956500     -0.04681500      0.90181700     -0.13840800      0.98339400      0.11710600     -0.89283600     -0.17507600      0.41479500     -0.00326600      0.01897500     -0.01856800     -0.03116200      0.23964600      0.21722600     -1.40328300      0.04459100      0.03355800     -0.01810500     -0.26090000     -0.07250600      0.96263800      0.26654300     -0.96382200     -0.00035600      0.92783900      0.25649200      0.27078700     -0.00160600      0.00941500     -0.00934500     -0.04441300      0.29545300      0.25886300     -0.87944400      0.06958100      0.01860900     -0.06537300     -0.64609700      0.06073600     -0.76083500     -0.05393000     -0.99797000     -0.03386900     -0.76134700      0.01914900      0.64806100     -0.00020900     -0.00054300     -0.00050900      0.04150000      0.11738700      0.06273600      0.46372600
     0.06579500     -0.00698200      0.34843800     -0.65882400     -0.10082300     -0.74554000      0.16797400     -0.98566000     -0.01521200     -0.73249700     -0.13513600      0.66724300     -0.00054700     -0.00140900     -0.00131700      0.00000600      0.00001800      0.00001000      0.46980700     -0.09712900      0.02712800      0.32446300      0.42600700     -0.05144300      0.90325100     -0.13673200      0.98320500      0.12061200     -0.89479400     -0.17483200      0.41065900     -0.00303000      0.01799200     -0.01941200      0.05778500      0.03419800      0.03824000     -1.40286400      0.04455500      0.03378200     -0.01838300     -0.25715000     -0.06693000      0.96405000      0.26571600     -0.96404300      0.00394700      0.92912200      0.25717900      0.26568800     -0.00150300      0.00898700     -0.00971100      0.06698800     -0.00481300      0.00886900     -0.88009700      0.06958900      0.01855000     -0.06537200     -0.64617400      0.06059000     -0.76078000     -0.05401700     -0.99797400     -0.03360100     -0.76127500      0.01938300      0.64813800     -0.00008200     -0.00021100     -0.00019800     -0.00072200     -0.00192400     -0.00099600      0.45392900
     0.06576400     -0.00710000      0.34849600     -0.65889000     -0.10080800     -0.74548400      0.16773400     -0.98570400     -0.01502900     -0.73249400     -0.13482800      0.66731000     -0.00027200     -0.00070200     -0.00065600      0.00399100     -0.09463000      0.17489500      0.46641900     -0.09716900      0.02746700      0.32394100      0.42246700     -0.05970900      0.90440500     -0.13530100      0.98244300      0.12819000     -0.89668400     -0.17645900      0.40581100     -0.00067800      0.00552300     -0.01273800     -0.01150600      0.11941400      0.07388600     -1.40286300      0.04453500      0.03395300     -0.01864300     -0.25450000     -0.05848300      0.96530200      0.26555100     -0.96402600      0.01160600      0.92989800      0.25929100      0.26087500     -0.00031700      0.00271000     -0.00641200     -0.00696900      0.09992400      0.05866900     -0.87732100      0.06957300      0.01848500     -0.06534100     -0.64630500      0.06044900     -0.76068000     -0.05418200     -0.99797600     -0.03327100     -0.76115200      0.01971100      0.64827200     -0.00016400     -0.00042300     -0.00039300      0.00000900     -0.00002500     -0.00002500      0.44821400
     0.06575100     -0.00718300      0.34854400     -0.65894700     -0.10082900     -0.74543100      0.16757300     -0.98573300     -0.01487000     -0.73247900     -0.13459400      0.66737200     -0.00147600     -0.01130400      0.00815500     -0.03417100      0.01926600     -0.01526200      0.46514700     -0.09719800      0.02765800      0.32366000      0.42063700     -0.06196200      0.90510600     -0.13455900      0.98231900      0.12991000     -0.89765400     -0.17636800      0.40370100     -0.00094400      0.00662500     -0.01177400      0.00373700      0.07246400      0.07597000     -1.40256800      0.04452100      0.03404300     -0.01878200     -0.25281400     -0.05607500      0.96588800      0.26516600     -0.96410800      0.01343300      0.93046800      0.25951700      0.25861000     -0.00139900      0.00855000     -0.01008700      0.03715500      0.07366200      0.06513600     -0.87928100      0.06956700      0.01844800     -0.06531900     -0.64629400      0.06058100     -0.76067900     -0.05441900     -0.99796400     -0.03324200     -0.76114500      0.01991100      0.64827400     -0.00021300     -0.00054900     -0.00051300      0.00001800     -0.00000400     -0.00001100      0.44592800
     0.06574300     -0.00730700      0.34861100     -0.65906800     -0.10103800     -0.74529600      0.16744900     -0.98575900     -0.01451000     -0.73239800     -0.13424400      0.66753200     -0.00001500     -0.00004000     -0.00003700      0.00000000      0.00000000      0.00000000      0.46350300     -0.09724600      0.02798700      0.32310500      0.41465900     -0.07082200      0.90721200     -0.12760000      0.98254100      0.13515100     -0.90143800     -0.17172500      0.39721800     -0.00060600      0.00522300     -0.01300300      0.01833500      0.04742600      0.02316900     -1.40257500      0.04449700      0.03421000     -0.01905700     -0.24742900     -0.04648200      0.96779000      0.25938400     -0.96556800      0.01993900      0.93354000      0.25596300      0.25096600     -0.00035100      0.00284200     -0.00629900      0.02746600      0.00328900     -0.01051300     -0.88107700      0.06956100      0.01838000     -0.06528400     -0.64647300      0.06039000     -0.76054200     -0.05456600     -0.99796900     -0.03286100     -0.76098200      0.02025600      0.64845500      0.00000500      0.00001500      0.00001400      0.00000500      0.00000600     -0.00002100      0.44364100
     0.06573600     -0.00731800      0.34865700     -0.65906400     -0.10091500     -0.74531600      0.16729800     -0.98578500     -0.01453300     -0.73243600     -0.13415000      0.66750900      0.00008800      0.00022600      0.00021200      0.00000000      0.00000000      0.00000000      0.45658200     -0.09721200      0.02810100      0.32267200      0.41022700     -0.07722100      0.90870300     -0.12126800      0.98289100      0.13839800     -0.90433200     -0.16688600      0.39267800      0.00128900     -0.00534100     -0.00469500     -0.00334300      0.00802200      0.00571500     -1.40255800      0.04451400      0.03426800     -0.01928000     -0.24369700     -0.03992000      0.96902900      0.25381000     -0.96695600      0.02399500      0.93605100      0.25179700      0.24577600      0.00076500     -0.00314500     -0.00276500      0.00109500     -0.00426000     -0.03947500     -0.87732200      0.06955800      0.01837600     -0.06526100     -0.64644200      0.06050900     -0.76055900     -0.05471800     -0.99796000     -0.03288800     -0.76099800      0.02035700      0.64843400      0.00006500      0.00017200      0.00015900      0.00001000     -0.00001000     -0.00000800      0.43727300
     0.06575300     -0.00729200      0.34865300     -0.66111200     -0.09999100     -0.74362400      0.16713700     -0.98578800     -0.01610900     -0.73062400     -0.13482000      0.66935700      0.00001400      0.00003600      0.00003300      0.00043300      0.00122000      0.00064900      0.44919700     -0.09714600      0.02806700      0.32250200      0.40850500     -0.07572100      0.90960500     -0.12113200      0.98319000      0.13637400     -0.90512700     -0.16580900      0.39129900     -0.00154600      0.00912100     -0.00958600      0.03384100      0.01021700     -0.00328000     -1.40269900      0.04454900      0.03424300     -0.01936500     -0.24188500     -0.04152300      0.96941500      0.25333400     -0.96713300      0.02178500      0.93665000      0.25085500      0.24445400      0.00008900     -0.00035900     -0.00031800      0.00057700     -0.00161000      0.00082900     -0.87389200      0.06956700      0.01839000     -0.06526100     -0.64836100      0.06189700     -0.75881200     -0.05484300     -0.99789700     -0.03454000     -0.75935500      0.01922100      0.65039200      0.00000300      0.00000600      0.00000500     -0.00424500     -0.01098400     -0.00551200      0.42878200
     0.06576200     -0.00729300      0.34863900     -0.66110400     -0.09997500     -0.74363400      0.16714600     -0.98578600     -0.01613700     -0.73063000     -0.13484700      0.66934500      0.01385400     -0.00350200     -0.00226200      0.00099000     -0.01469900      0.02956100      0.44462900     -0.09714300      0.02805400      0.32249100      0.40865900     -0.07590600      0.90952000     -0.12102700      0.98317800      0.13655800     -0.90507200     -0.16579800      0.39143100      0.00009500     -0.00039300     -0.00034600     -0.00000000      0.00000000      0.00000000     -1.40240500      0.04455000      0.03423900     -0.01937500     -0.24207700     -0.04135000      0.96937500      0.25322700     -0.96715700      0.02198100      0.93662900      0.25079300      0.24459700      0.00002300     -0.00008400     -0.00007300      0.00056100     -0.00022500      0.00025600     -0.87585200      0.06956600      0.01839000     -0.06526800     -0.64828500      0.06183700     -0.75888100     -0.05481500     -0.99790000     -0.03448700     -0.75942100      0.01924000      0.65031300      0.00055300      0.00517400     -0.00452400      0.03351700     -0.02103600      0.01434800      0.42421000
     0.06574300     -0.00728200      0.34864800     -0.66110800     -0.10000100     -0.74362700      0.16716200     -0.98578300     -0.01611800     -0.73062200     -0.13484500      0.66935400      0.00005800      0.00015000      0.00014000      0.00000000      0.00000000      0.00000000      0.43174400     -0.09714700      0.02802600      0.32246800      0.40867300     -0.07889000      0.90926100     -0.11487900      0.98383700      0.13712000     -0.90586800     -0.16040500      0.39183800      0.00011700     -0.00048500     -0.00042700     -0.00000000      0.00000000      0.00000000     -1.40234200      0.04454700      0.03422800     -0.01938400     -0.24247300     -0.03837400      0.96939800      0.24736600     -0.96863600      0.02352900      0.93809200      0.24550100      0.24436100      0.00007300     -0.00030000     -0.00026400      0.00031800     -0.00012000     -0.00007600     -0.87781100      0.06956200      0.01839400     -0.06526500     -0.64827400      0.06182500     -0.75889200     -0.05481200     -0.99790100     -0.03447400     -0.75943100      0.01924700      0.65030200      0.00004400      0.00010900      0.00010500      0.00001800     -0.00001700     -0.00002600      0.41000400
     0.06572400     -0.00726100      0.34863800     -0.66107000     -0.09988300     -0.74367700      0.16712800     -0.98578700     -0.01623500     -0.73066500     -0.13490500      0.66929600     -0.01390300      0.00337700      0.00214400     -0.00098400      0.01471500     -0.02955300      0.41580700     -0.09713400      0.02801500      0.32245700      0.40919400     -0.07952800      0.90897000     -0.11451500      0.98379100      0.13775300     -0.90567900     -0.16037000      0.39228800      0.00002400     -0.00009800     -0.00008600     -0.00000000      0.00000000      0.00000000     -1.40235700      0.04455400      0.03422300     -0.01938900     -0.24310800     -0.03778800      0.96926200      0.24711200     -0.96868400      0.02421400      0.93799400      0.24540300      0.24483300      0.00000600     -0.00002200     -0.00002000      0.00019200     -0.00000800      0.00006200     -0.87911800      0.06955800      0.01840400     -0.06527000     -0.64819900      0.06195500     -0.75894500     -0.05485600     -0.99789400     -0.03460900     -0.75949200      0.01919900      0.65023200      0.00000000     -0.00000400     -0.00000400      0.00002600      0.00000600     -0.00001200      0.39302100
     0.06572500     -0.00724300      0.34861300     -0.66104800     -0.09986300     -0.74369900      0.16717400     -0.98577900     -0.01629700     -0.73067400     -0.13498400      0.66927000     -0.00009500     -0.00024400     -0.00022800      0.00000000      0.00000000      0.00000000      0.40384800     -0.09712500      0.02802300      0.32246300      0.40930900     -0.07967200      0.90890600     -0.11443400      0.98378000      0.13789500     -0.90563800     -0.16036300      0.39238700     -0.00004400      0.00018300      0.00016100     -0.00000000      0.00000000      0.00000000     -1.40258100      0.04455800      0.03422800     -0.01938600     -0.24324800     -0.03765500      0.96923200      0.24705400     -0.96869500      0.02436900      0.93797300      0.24538100      0.24493600     -0.00003000      0.00012100      0.00010600      0.00016000      0.00000900      0.00004500     -0.87977100      0.06955300      0.01841400     -0.06528200     -0.64818300      0.06194700     -0.75896000     -0.05479400     -0.99789600     -0.03465300     -0.75951000      0.01912500      0.65021300     -0.00005900     -0.00016000     -0.00014900      0.00002500      0.00000700     -0.00000800      0.37930500
     0.06574000     -0.00720600      0.34857800     -0.66097000     -0.09963500     -0.74379800      0.16713100     -0.98578200     -0.01654200     -0.73075400     -0.13513000      0.66915300     -0.00000000     -0.00000000     -0.00000000      0.00000000      0.00000000      0.00000000      0.36667100     -0.09713500      0.02806000      0.32250800      0.40983800     -0.08030800      0.90861100     -0.11409300      0.98373000      0.13853700     -0.90544200     -0.16035400      0.39284200     -0.00045400      0.00188200      0.00165600      0.00241500     -0.01598600      0.02385300     -1.40250900      0.04455400      0.03424300     -0.01936500     -0.24387500     -0.03708500      0.96909700      0.24683300     -0.96873400      0.02504500      0.93786800      0.24531300      0.24540400     -0.00010300      0.00042400      0.00037200      0.00011500      0.00001600      0.00001800     -0.88009700      0.06956000      0.01843200     -0.06530000     -0.64805400      0.06215500     -0.75905300     -0.05483000     -0.99788500     -0.03489900     -0.75961700      0.01900300      0.65009100      0.00000200      0.00000200      0.00000400      0.00002300      0.00001200     -0.00001000      0.33978900
     0.06581000     -0.00722100      0.34854200     -0.66005200     -0.09731200     -0.74492100      0.16701500     -0.98575200     -0.01928600     -0.73161000     -0.13703000      0.66783000      0.01374400     -0.00378400     -0.00252600      0.00101500     -0.01474400      0.02958700      0.28755700     -0.09710700      0.02807300      0.32251500      0.41042400     -0.08103200      0.90828300     -0.11368100      0.98367600      0.13925400     -0.90522900     -0.16031700      0.39334700      0.00019000     -0.00078500     -0.00069100     -0.00000000      0.00000000      0.00000000     -1.40231300      0.04456600      0.03425600     -0.01935600     -0.24460300     -0.03640400      0.96893900      0.24654500     -0.96878600      0.02584100      0.93775400      0.24520800      0.24594300      0.00013600     -0.00056300     -0.00049500      0.00007800     -0.00001500      0.00003000     -0.87895400      0.06959000      0.01842700     -0.06531700     -0.64660200      0.06424500     -0.76011700     -0.05485100     -0.99778300     -0.03767300     -0.76085200      0.01733300      0.64869200     -0.00010100     -0.00026400     -0.00024600     -0.00328900      0.00318600     -0.00368900      0.26549100
     0.06586800     -0.00724000      0.34851400     -0.66002600     -0.09719900     -0.74495900      0.16696600     -0.98575800     -0.01938500     -0.73164500     -0.13706400      0.66778500     -0.00027800     -0.00071800     -0.00067100      0.00000000     -0.00000000      0.00000000      0.22462100     -0.09708100      0.02804700      0.32251600      0.41050100     -0.08112000      0.90824000     -0.11367800      0.98366100      0.13936200     -0.90519400     -0.16036500      0.39340700      0.00019000     -0.00078600     -0.00069200     -0.00000000      0.00000000      0.00000000     -1.40253400      0.04458000      0.03424200     -0.01935700     -0.24469700     -0.03632400      0.96891800      0.24655900     -0.96878000      0.02594900      0.93772600      0.24524500      0.24601300      0.00776100     -0.00482800      0.00360100     -0.03414700     -0.00945200      0.00870100     -0.87928100      0.06962500      0.01841600     -0.06533100     -0.64656200      0.06434200     -0.76014200     -0.05491200     -0.99777700     -0.03774900     -0.76088200      0.01733400      0.64865800     -0.00017700     -0.00046200     -0.00043200     -0.00043300      0.00043200     -0.00049200      0.19707300
     0.06603700     -0.00731800      0.34848200     -0.65742700     -0.09077000     -0.74806100      0.16682100     -0.98560100     -0.02708700     -0.73401500     -0.14249500      0.66403600      0.01363300     -0.00407300     -0.00279900      0.14316100     -0.14744000      0.18435000      0.05880200     -0.09705900      0.02804500      0.32251100      0.40858200     -0.07927100      0.90926800     -0.11396000      0.98394400      0.13711600     -0.90602500     -0.15955500      0.39182200      0.00000000     -0.00000100     -0.00000100      0.00000000      0.00000000     -0.00000000     -1.40247000      0.04459100      0.03423900     -0.01936100     -0.24241400     -0.03799300      0.96942800      0.24645400     -0.96886500      0.02365700      0.93834700      0.24465400      0.24423000     -0.00000100      0.00000900      0.00000900     -0.00031900     -0.00119500      0.00147000     -0.87977100      0.06970400      0.01837900     -0.06534600     -0.64261600      0.06995200     -0.76298700     -0.05481500     -0.99746800     -0.04528200     -0.76422400      0.01272400      0.64482400     -0.00017000     -0.00044800     -0.00042400      0.52237400     -0.48793700      0.56954700     -0.00197900
     0.06618000     -0.00734900      0.34843500     -0.65381200     -0.08169800     -0.75226400      0.16648500     -0.98530700     -0.03775900     -0.73731400     -0.14983400      0.65874500     -0.00000400     -0.00000900     -0.00000900      0.00000900     -0.00000900      0.00001000     -0.09202600     -0.09706100      0.02804900      0.32252800      0.40821300     -0.08181400      0.90920800     -0.10808300      0.98458800      0.13725100     -0.90691100     -0.15420700      0.39191300     -0.00012000      0.00049700      0.00043800      0.00000000      0.00000000      0.00000000     -1.40238000      0.04459000      0.03424000     -0.01935300     -0.24236000     -0.03540900      0.96954000      0.24079500     -0.97026000      0.02475700      0.93982900      0.23946000      0.24367800     -0.00009400      0.00038700      0.00034100      0.00001100     -0.00048600     -0.00051200     -0.87993400      0.06978000      0.01836000     -0.06537200     -0.63685500      0.07824400     -0.76700200     -0.05480900     -0.99691400     -0.05619000     -0.76903200      0.00625400      0.63917800      0.00695900     -0.00166300     -0.00105300     -0.00070100     -0.10382300      0.19815100     -0.18666000
     0.06642200     -0.00740100      0.34840300     -0.64948900     -0.06938500     -0.75722800      0.16427400     -0.98509600     -0.05070700     -0.74161800     -0.15724800      0.65215200      0.01391300     -0.00334900     -0.00212800      0.04772300     -0.14893000      0.25100900     -0.26143300     -0.09706800      0.02802600      0.32256200      0.40829200     -0.08187700      0.90916700     -0.10813800      0.98456700      0.13735600     -0.90686900     -0.15430600      0.39197100     -0.00019800      0.00082100      0.00072200     -0.00000000      0.00000000      0.00000000     -1.40239600      0.04458700      0.03422800     -0.01933700     -0.24245400     -0.03536100      0.96951700      0.24086900     -0.97023900      0.02484900      0.93978500      0.23955100      0.24375600     -0.00013000      0.00054000      0.00047500     -0.00007700     -0.00000400     -0.00003800     -0.88075000      0.06989600      0.01833600     -0.06538600     -0.62989500      0.08917700     -0.77154200     -0.05649900     -0.99601500     -0.06899600     -0.77462100      0.00013100      0.63242400      0.00695800     -0.00167200     -0.00106500      0.15712600     -0.25038800      0.37037000     -0.31974200
     0.06659900     -0.00744400      0.34837600     -0.64878600     -0.06617500     -0.75811800      0.16238000     -0.98528800     -0.05302800     -0.74265000     -0.15743200      0.65093300      0.01391200     -0.00335100     -0.00213200      0.00500400     -0.10930300      0.20447000     -0.37161600     -0.09706300      0.02799700      0.32260200      0.40829000     -0.08183600      0.90917200     -0.10827400      0.98455000      0.13737100     -0.90685300     -0.15443700      0.39195500     -0.00026800      0.00110800      0.00097500      0.00000000      0.00000000      0.00000000     -1.40221600      0.04458900      0.03421300     -0.01931700     -0.24244700     -0.03540200      0.96951800      0.24100500     -0.97020500      0.02484100      0.93975300      0.23968100      0.24375500     -0.00017600      0.00072500      0.00063800     -0.00007000     -0.00003700     -0.00000200     -0.88075100      0.06998500      0.01831500     -0.06540000     -0.62848400      0.09215700     -0.77234300     -0.05833100     -0.99574400     -0.07134800     -0.77563100      0.00021000      0.63118500      0.00695700     -0.00167600     -0.00107100      0.00408700     -0.10840200      0.20346900     -0.39044700
     0.06722800     -0.00758800      0.34828500     -0.64802000     -0.05201300     -0.75987500      0.14687600     -0.98745400     -0.05773500     -0.74653400     -0.14896500      0.64847700      0.02784800     -0.00662900     -0.00421300      0.00194400     -0.02943100      0.05912800     -0.70045700     -0.09706600      0.02787700      0.32279000      0.40825100     -0.07781400      0.90954300     -0.10895200      0.98503500      0.13330200     -0.90679000     -0.15343200      0.39249600      0.00124500     -0.00787300      0.01068500     -0.01698900     -0.05005700     -0.02508800     -1.11395600      0.04458800      0.03415100     -0.01922500     -0.24207300     -0.03967800      0.96944600      0.24099600     -0.97031000      0.02046300      0.93985100      0.23858600      0.24444900      0.00060000     -0.00385800      0.00541000     -0.02262100     -0.02610800     -0.00403000     -0.80416700      0.07029400      0.01824400     -0.06544400     -0.62451000      0.10596100     -0.77379400     -0.07391800     -0.99432500     -0.07650300     -0.77751000      0.00942000      0.62879900      0.00696600     -0.00165200     -0.00105600      0.00501700     -0.10951400      0.20392200     -0.58786500
     0.06847200     -0.00777800      0.34801000     -0.64780500     -0.03190400     -0.76116800      0.12089600     -0.99074900     -0.06143300     -0.75136200     -0.13178700      0.64661800      0.04293300      0.00068400     -0.01515700      0.03412200     -0.06346900      0.10661800     -1.19061200     -0.09713300      0.02757400      0.32322700      0.40715400     -0.06464100      0.91106500     -0.11123800      0.98650900      0.11983300     -0.90700400     -0.15006700      0.39330200     -0.01218800     -0.00958800      0.01108700      0.01402000     -0.11389400     -0.11032500     -0.50341100      0.04455900      0.03400500     -0.01900900     -0.23926100     -0.05272500      0.96952200      0.24096200     -0.97051100      0.00668700      0.94058000      0.23521800      0.24491100      0.00160200     -0.00938300      0.00936400     -0.03477700     -0.00063400     -0.28510900     -0.61801600      0.07091000      0.01814600     -0.06557700     -0.61983300      0.12555800     -0.77462200     -0.09994200     -0.99170800     -0.08077500     -0.77834200      0.02735000      0.62724300      0.02089200     -0.00494600     -0.00317900     -0.00697000     -0.04531600      0.09617200     -0.84945700
     0.07060200     -0.00791200      0.34747800     -0.65277000     -0.01214300     -0.75748900      0.10020000     -0.99245200     -0.07050800     -0.75010500     -0.12191800      0.65000400      0.07122800     -0.00448500     -0.01817800      0.09185800      0.07147600      0.25089800     -1.84270900     -0.09775900      0.02685000      0.32379200      0.41247500     -0.02386800      0.91065100     -0.17896800      0.97800400      0.10682300     -0.89366100     -0.20702000      0.39796300     -0.02294500     -0.02525400      0.01684800     -1.56682100     -0.54843100     -1.06531700     -0.06052600      0.04425000      0.03365200     -0.01872700     -0.23912600     -0.09167100      0.96665100      0.30234500     -0.95307000     -0.01559000      0.92271600      0.28853500      0.25562000     -0.01784800     -0.01463400      0.00755000     -5.36534300     -1.17539800     -2.96079100     -0.50208000      0.07196400      0.01808000     -0.06584200     -0.62056000      0.14596100     -0.77045400     -0.12028400     -0.98861400     -0.09040800     -0.77487800      0.03656900      0.63105100      0.02870400     -0.00048800     -0.00795200      0.09861000      0.10744600      0.23170400     -0.81663500
     0.07209000     -0.00795800      0.34712300     -0.65961600     -0.00411600     -0.75162200      0.09727500     -0.99202200     -0.08000500     -0.74447800     -0.12588900      0.65569200      0.07201200     -0.00214400     -0.01609200      0.24419100      0.55601400      0.51077400     -1.91200600     -0.09838000      0.02630400      0.32406000      0.41274600      0.00769800      0.91080900     -0.24465200      0.96410600      0.10284600     -0.87781500     -0.26529900      0.39864700     -0.03556800     -0.03057700      0.01407600     -1.68399200     -0.26096500     -0.94681400      0.06734300      0.04394300      0.03338500     -0.01858800     -0.23681200     -0.12416100      0.96358900      0.36411200     -0.93085600     -0.03046000      0.90074500      0.34364100      0.26564600     -0.01766800     -0.01548600      0.00681400     -5.54899700     -0.69827800     -2.64762900     -0.46305300      0.07267500      0.01805500     -0.06601700     -0.62398900      0.15367100     -0.76617300     -0.12248300     -0.98758700     -0.09832700     -0.77177300      0.03248800      0.63506600      0.03602000     -0.00106500     -0.00807400      0.13419800      0.20462200      0.32178500     -0.82790200
     0.07535100     -0.00791300      0.34664500     -0.67869600      0.01612400     -0.73427300      0.08906700     -0.99055100     -0.10414900     -0.72817200     -0.13611300      0.67176300      0.08819700     -0.00592600     -0.00030100      0.34787700      1.00381700      0.83036600     -1.91777400     -0.10031000      0.02523400      0.32426200      0.40655100      0.06804700      0.91108500     -0.36635200      0.92563200      0.09446900     -0.83738400     -0.37227600      0.40007800     -0.05191500     -0.01510200     -0.00574900     -5.12446500     -0.63587500     -2.53950800      0.25495400      0.04298400      0.03284600     -0.01847800     -0.22426900     -0.18097700      0.95757500      0.47393800     -0.87883200     -0.05509600      0.85151900      0.44147400      0.28286700     -0.03263200     -0.00871600     -0.00292200     -0.41571400     -0.22477500     -0.53911100     -0.40394200      0.07432800      0.01806700     -0.06627700     -0.63832400      0.17730800     -0.74906800     -0.12946900     -0.98397600     -0.12258400     -0.75880100      0.01873200      0.65105200      0.04467200      0.00239900     -0.00454800      0.27876900      0.65767500      0.63674400     -0.83051500
