     0.11355900     -0.01705300      0.36446400     -0.11525800      0.21832300     -0.96906900     -0.61955600     -0.77831600     -0.10171500     -0.77631300      0.58839500      0.22617700     -0.00000000     -0.00000100     -0.00000100      0.00000000      0.00000000      0.00000000     -1.07037300     -0.15292100      0.00382700      0.32649400      0.53287600      0.11505300      0.83833000     -0.56812600      0.78277500      0.25383200     -0.62766400     -0.61167800      0.48140500      0.00007100     -0.00131000     -0.00117300     -0.00190700      0.01518500     -0.02441700     -0.24609900      0.04315100      0.02114100     -0.01346900     -0.48390800     -0.05288300      0.87351900      0.46975200     -0.85787200      0.20829500      0.73835300      0.51113300      0.43997400      0.00000200      0.00000200      0.00000300      0.00000600      0.00000200     -0.00000500     -0.44264200      0.07233500      0.01597300     -0.05747000     -0.21385200      0.28486200     -0.93440800     -0.55592400     -0.82202600     -0.12337100     -0.80325200      0.49307700      0.33415400     -0.00000100      0.00000600      0.00000500      0.00000200     -0.00001000     -0.00000300     -0.93142900
     0.11355900     -0.01705300      0.36446400     -0.11525800      0.21832300     -0.96906900     -0.61955600     -0.77831600     -0.10171500     -0.77631300      0.58839500      0.22617700     -0.00000000     -0.00000000     -0.00000000      0.00000000      0.00000000      0.00000000     -1.06350800     -0.15292200      0.00383500      0.32648800      0.53288800      0.11504600      0.83832300     -0.56810100      0.78279300      0.25383000     -0.62767600     -0.61165600      0.48141800      0.00000000     -0.00000000     -0.00000000      0.00000000      0.00000000      0.00000000     -0.22813100      0.04315100      0.02114200     -0.01347500     -0.48390300     -0.05288500      0.87352200      0.46973500     -0.85788500      0.20828000      0.73836700      0.51111100      0.43997500      0.00000200      0.00000500      0.00000700      0.00000100     -0.00000500      0.00001400     -0.42778200      0.07233500      0.01597300     -0.05747000     -0.21385200      0.28486300     -0.93440800     -0.55592400     -0.82202600     -0.12337100     -0.80325200      0.49307800      0.33415400     -0.00000300      0.00000300      0.00000300      0.00000300     -0.00001000     -0.00000700     -0.93191800
     0.11355900     -0.01705300      0.36446400     -0.11525800      0.21832300     -0.96906900     -0.61955600     -0.77831600     -0.10171500     -0.77631300      0.58839500      0.22617700     -0.00000000     -0.00000000     -0.00000000      0.00000000      0.00000000      0.00000000     -1.06110600     -0.15292100      0.00382900      0.32648200      0.53287100      0.11505300      0.83833300     -0.56811200      0.78279000      0.25381600     -0.62768100     -0.61165800      0.48140800      0.00000400     -0.00007000     -0.00006300      0.00000000      0.00000000      0.00000000     -0.21615000      0.04315100      0.02113800     -0.01347800     -0.48388600     -0.05289500      0.87353000      0.46974500     -0.85788300      0.20826400      0.73837100      0.51111300      0.43996500      0.00000200     -0.00002800     -0.00002400      0.00000300     -0.00001200      0.00001500     -0.41733200      0.07233500      0.01597400     -0.05747000     -0.21385200      0.28486300     -0.93440800     -0.55592400     -0.82202600     -0.12337100     -0.80325200      0.49307800      0.33415400     -0.00000300      0.00000200      0.00000200      0.00000400     -0.00001500     -0.00000900     -0.93208200
     0.11355800     -0.01706000      0.36445800     -0.11527700      0.21831400     -0.96906900     -0.61955500     -0.77832000     -0.10169600     -0.77631200      0.58839400      0.22618600     -0.00007100     -0.00031000     -0.00025500      0.00000000      0.00000000      0.00000000     -1.06034200     -0.15290000      0.00381200      0.32645200      0.53285200      0.11505600      0.83834500     -0.56810400      0.78280400      0.25379100     -0.62770400     -0.61164100      0.48140100      0.00008700     -0.00160500     -0.00143700     -0.00190700      0.01518600     -0.02441600     -0.19342700      0.04316200      0.02113400     -0.01349000     -0.48388400     -0.05289000      0.87353100      0.46972400     -0.85789700      0.20825500      0.73838600      0.51109100      0.43996700      0.00001200     -0.00020900     -0.00018600      0.00000800      0.00000500     -0.00001000     -0.39381800      0.07233400      0.01597100     -0.05747200     -0.21387100      0.28485100     -0.93440700     -0.55592100     -0.82203100     -0.12335300     -0.80324900      0.49307500      0.33416300     -0.00005800     -0.00023700     -0.00019300      0.00000000      0.00000100     -0.00001100     -0.93175500
     0.11355700     -0.01705100      0.36443900     -0.11526300      0.21831100     -0.96907200     -0.61951500     -0.77834900     -0.10171400     -0.77634600      0.58835600      0.22616800     -0.00003100     -0.00013800     -0.00011300      0.00000000      0.00000000      0.00000000     -1.06007700     -0.15288700      0.00376700      0.32641000      0.53274900      0.11509700      0.83840500     -0.56816600      0.78278600      0.25370600     -0.62773500     -0.61165500      0.48134100      0.00005800     -0.00106700     -0.00095500      0.00000000      0.00000000      0.00000000     -0.19327200      0.04316800      0.02110800     -0.01351300     -0.48376700     -0.05295600      0.87359200      0.46979100     -0.85788500      0.20815100      0.73842000      0.51110300      0.43989500      0.00003600     -0.00065600     -0.00058800     -0.00000100     -0.00000300      0.00000600     -0.38402100      0.07233400      0.01597400     -0.05748200     -0.21385600      0.28485000     -0.93441100     -0.55588000     -0.82205500     -0.12337600     -0.80328100      0.49303600      0.33414400     -0.00002000     -0.00007900     -0.00006400      0.00000300     -0.00000200     -0.00000100     -0.93191800
     0.11355600     -0.01705800      0.36443400     -0.11528200      0.21830200     -0.96907100     -0.61951300     -0.77835300     -0.10169500     -0.77634400      0.58835400      0.22617700     -0.00007100     -0.00031200     -0.00025700      0.00000000      0.00000000      0.00000000     -1.06031200     -0.15288700      0.00375600      0.32638700      0.53283000      0.11506200      0.83835800     -0.56810000      0.78281600      0.25376200     -0.62772600     -0.61162300      0.48139300      0.00008200     -0.00151500     -0.00135700     -0.00190700      0.01518700     -0.02441600     -0.19459400      0.04316800      0.02110400     -0.01352300     -0.48386200     -0.05289900      0.87354300      0.46971600     -0.85790800      0.20822700      0.73840500      0.51107000      0.43995700      0.00000500     -0.00007600     -0.00007000      0.00000300      0.00000200     -0.00000200     -0.38353100      0.07233300      0.01597100     -0.05748500     -0.21387500      0.28483900     -0.93441000     -0.55587700     -0.82206000     -0.12335800     -0.80327900      0.49303400      0.33415300     -0.00004600     -0.00019400     -0.00015900      0.00000100      0.00000000     -0.00000000     -0.93224500
     0.11355400     -0.01706500      0.36442800     -0.11530100      0.21829200     -0.96907100     -0.61951200     -0.77835700     -0.10167600     -0.77634300      0.58835300      0.22618600     -0.00002700     -0.00011700     -0.00009600      0.00000000      0.00000000      0.00000000     -1.06241600     -0.15288700      0.00375600      0.32638700      0.53283000      0.11506200      0.83835800     -0.56810000      0.78281600      0.25376200     -0.62772600     -0.61162300      0.48139300      0.00000000     -0.00000000     -0.00000000      0.00000000      0.00000000      0.00000000     -0.19917500      0.04316800      0.02110100     -0.01352600     -0.48384500     -0.05290900      0.87355200      0.46972600     -0.85790700      0.20821100      0.73841000      0.51107200      0.43994700     -0.00000100      0.00002500      0.00002200     -0.00000100      0.00001000      0.00000200     -0.38500000      0.07233200      0.01596800     -0.05748800     -0.21389300      0.28482700     -0.93441000     -0.55587300     -0.82206500     -0.12333900     -0.80327700      0.49303200      0.33416200     -0.00001900     -0.00007600     -0.00006200     -0.00000000     -0.00000500     -0.00000500     -0.93257100
     0.11356500     -0.01706600      0.36442700     -0.11527900      0.21830300     -0.96907100     -0.61951400     -0.77835200     -0.10169800     -0.77634400      0.58835500      0.22617600     -0.00000000     -0.00000000     -0.00000000      0.00000000      0.00000000      0.00000000     -1.06224700     -0.15285600      0.00376500      0.32639200      0.53290700      0.11502400      0.83831500     -0.56805100      0.78283000      0.25383000     -0.62770500     -0.61161400      0.48143300     -0.00001900      0.00035700      0.00032000      0.00000000      0.00000000      0.00000000     -0.20110300      0.04318400      0.02110600     -0.01352300     -0.48391800     -0.05286000      0.87351400      0.46968100     -0.85791400      0.20828200      0.73839100      0.51106500      0.43998800     -0.00001100      0.00024200      0.00021800     -0.00000100     -0.00001700      0.00001800     -0.38777600      0.07233700      0.01596700     -0.05748900     -0.21387200      0.28484000     -0.93441100     -0.55587700     -0.82205900     -0.12336100     -0.80328000      0.49303400      0.33415200     -0.00000200      0.00000700      0.00000600     -0.00000200     -0.00001200     -0.00002000     -0.93257100
     0.11355400     -0.01706500      0.36442800     -0.11530100      0.21829200     -0.96907100     -0.61951200     -0.77835700     -0.10167600     -0.77634300      0.58835300      0.22618600     -0.00000000     -0.00000000     -0.00000000      0.00000000      0.00000000      0.00000000     -1.05777500     -0.15280400      0.00376900      0.32639000      0.53300500      0.11497300      0.83825900     -0.56798800      0.78284700      0.25391800     -0.62768000     -0.61160100      0.48148300     -0.00000000      0.00000000      0.00000000      0.00000000      0.00000000      0.00000000     -0.19793100      0.04321000      0.02110900     -0.01352300     -0.48401200     -0.05279500      0.87346600      0.46962200     -0.85792400      0.20837400      0.73836700      0.51105500      0.44003900      0.00000200     -0.00000200     -0.00000100     -0.00000300      0.00000700      0.00001100     -0.38745000      0.07233200      0.01596800     -0.05748800     -0.21389300      0.28482800     -0.93441000     -0.55587300     -0.82206500     -0.12334000     -0.80327700      0.49303200      0.33416200     -0.00000400      0.00000300      0.00000500      0.00000200     -0.00001300     -0.00001600     -0.93159200
     0.11354700     -0.01705000      0.36444000     -0.11528500      0.21830000     -0.96907100     -0.61951300     -0.77835400     -0.10169200     -0.77634400      0.58835400      0.22617900      0.00016700      0.00073000      0.00060100      0.00000000      0.00000000      0.00000000     -1.05635600     -0.15278200      0.00375600      0.32639000      0.53301400      0.11496600      0.83825500     -0.56799800      0.78283300      0.25394000     -0.62766300     -0.61162000      0.48148000      0.00000400     -0.00007000     -0.00006300      0.00000000      0.00000000      0.00000000     -0.19697000      0.04322100      0.02110200     -0.01352400     -0.48402100     -0.05278800      0.87346200      0.46963500     -0.85791100      0.20839600      0.73835300      0.51107700      0.44003800      0.00000300     -0.00003900     -0.00003500     -0.00000200     -0.00000200      0.00001300     -0.38663300      0.07232800      0.01597400     -0.05748300     -0.21387700      0.28483700     -0.93441000     -0.55587600     -0.82206000     -0.12335500     -0.80327900      0.49303400      0.33415500      0.00010700      0.00048200      0.00039900     -0.00000100      0.00000500     -0.00001300     -0.93224500
     0.11353600     -0.01704800      0.36444100     -0.11530700      0.21829000     -0.96907100     -0.61951100     -0.77835800     -0.10167100     -0.77634200      0.58835200      0.22619000      0.00000000      0.00000000      0.00000000      0.00000000      0.00000000      0.00000000     -1.03736300     -0.15270000      0.00376500      0.32637500      0.53316600      0.11488600      0.83816900     -0.56788300      0.78287500      0.25406500     -0.62763800     -0.61158000      0.48156200     -0.00113900      0.01117900     -0.00804900      0.03648300     -0.00945900      0.01872800     -0.19427700      0.04326200      0.02110200     -0.01352800     -0.48415300     -0.05269300      0.87339400      0.46955100     -0.85792500      0.20852800      0.73831900      0.51106300      0.44011000      0.00000100     -0.00000600     -0.00000700     -0.00000200      0.00000300      0.00001000     -0.38516400      0.07232300      0.01597600     -0.05748100     -0.21389900      0.28482400     -0.93440900     -0.55587200     -0.82206700     -0.12333400     -0.80327600      0.49303100      0.33416500     -0.00000200     -0.00000700     -0.00000600      0.00000700      0.00000400      0.00001200     -0.93159200
     0.11349300     -0.01704900      0.36444000     -0.11541600      0.21823700     -0.96907000     -0.61950100     -0.77837900     -0.10156500     -0.77633400      0.58834300      0.22624200     -0.00000000     -0.00000100     -0.00000100      0.00000000      0.00000000      0.00000000     -1.00791800     -0.15260600      0.00377200      0.32637300      0.53334200      0.11479400      0.83806900     -0.56776900      0.78290600      0.25422400     -0.62759200     -0.61155800      0.48165200      0.00000000     -0.00000000     -0.00000000      0.00000000      0.00000000      0.00000000     -0.18584600      0.04330900      0.02111000     -0.01353200     -0.48433400     -0.05256800      0.87330200      0.46941800     -0.85795700      0.20869500      0.73828600      0.51102200      0.44021400      0.00000100      0.00000500      0.00000200     -0.00000100     -0.00000100      0.00001600     -0.37928500      0.07230100      0.01597600     -0.05748200     -0.21400200      0.28476200     -0.93440500     -0.55585100     -0.82209600     -0.12323200     -0.80326300      0.49301900      0.33421500      0.00000100      0.00000300      0.00000300     -0.00000300      0.00000700     -0.00000100     -0.92979600
     0.11349200     -0.01705700      0.36444700     -0.11543300      0.21823400     -0.96906900     -0.61952000     -0.77836700     -0.10154700     -0.77631600      0.58836100      0.22625500     -0.00000000     -0.00000000     -0.00000000      0.00000000      0.00000000      0.00000000     -1.00884000     -0.15256400      0.00376100      0.32637200      0.53339000      0.11476700      0.83804200     -0.56775300      0.78289900      0.25428100     -0.62756400     -0.61157300      0.48166900      0.00000700     -0.00013500     -0.00012100      0.00000000      0.00000000      0.00000000     -0.18508400      0.04333000      0.02110400     -0.01353300     -0.48438000     -0.05253500      0.87327800      0.46940800     -0.85794900      0.20875300      0.73826200      0.51104000      0.44023300      0.00000500     -0.00007900     -0.00007500      0.00000900      0.00001600     -0.00001300     -0.37683600      0.07230100      0.01597200     -0.05747800     -0.21401800      0.28475700     -0.93440200     -0.55587000     -0.82208600     -0.12321100     -0.80324600      0.49303700      0.33422900     -0.00000100      0.00000200      0.00000100     -0.00000500      0.00000800     -0.00001400     -0.93044900
     0.11349200     -0.01705700      0.36444700     -0.11543300      0.21823400     -0.96906900     -0.61952000     -0.77836700     -0.10154700     -0.77631600      0.58836100      0.22625500     -0.00000000     -0.00000000     -0.00000000      0.00000000      0.00000000      0.00000000     -1.00950400     -0.15250200      0.00377000      0.32634600      0.53349800      0.11470700      0.83798200     -0.56764900      0.78295000      0.25435500     -0.62756700     -0.61151800      0.48173500     -0.00110900      0.01059000     -0.00857700      0.03648300     -0.00944500      0.01873500     -0.18101600      0.04336100      0.02110600     -0.01354100     -0.48447000     -0.05246800      0.87323200      0.46933100     -0.85797200      0.20883400      0.73825200      0.51100900      0.44028600      0.00002100     -0.00039600     -0.00035700      0.00000200     -0.00000900      0.00001200     -0.37406000      0.07230100      0.01597200     -0.05747800     -0.21401800      0.28475700     -0.93440300     -0.55587000     -0.82208600     -0.12321100     -0.80324600      0.49303700      0.33422900     -0.00000100      0.00000100      0.00000000     -0.00000100      0.00000100     -0.00000700     -0.93159200
     0.11350300     -0.01705000      0.36443900     -0.11539400      0.21824800     -0.96907000     -0.61950300     -0.77837500     -0.10158700     -0.77633500      0.58834500      0.22623100     -0.00000000     -0.00000000     -0.00000000      0.00000000      0.00000000      0.00000000     -1.00913800     -0.15244100      0.00377400      0.32630300      0.53358300      0.11465500      0.83793500     -0.56754200      0.78301400      0.25439800     -0.62759200     -0.61144600      0.48179400      0.00001600     -0.00029400     -0.00026300      0.00000000      0.00000000      0.00000000     -0.15968100      0.04339100      0.02111100     -0.01356700     -0.48456100     -0.05239600      0.87318600      0.46919100     -0.85803600      0.20888400      0.73828100      0.51090900      0.44035500     -0.00056100      0.00540500     -0.00419000      0.03648700     -0.00944900      0.01874500     -0.36311900      0.07230700      0.01597500     -0.05748200     -0.21398100      0.28477500     -0.93440600     -0.55585600     -0.82209000     -0.12325300     -0.80326500      0.49302100      0.33420500     -0.00000000      0.00000200      0.00000100     -0.00000100     -0.00000700     -0.00000400     -0.93208200
     0.11349300     -0.01704900      0.36444000     -0.11541600      0.21823700     -0.96907000     -0.61950100     -0.77837900     -0.10156500     -0.77633400      0.58834300      0.22624200     -0.00000000     -0.00000000     -0.00000000      0.00000000      0.00000000      0.00000000     -0.99699600     -0.15239400      0.00401700      0.32606700      0.53641900      0.11376900      0.83624300     -0.56597200      0.78343100      0.25660400     -0.62659400     -0.61107700      0.48355800     -0.00105200      0.00953700     -0.00951800      0.03648000     -0.00946300      0.01874100     -0.07812600      0.04341500      0.02123100     -0.01368000     -0.48738800     -0.05108900      0.87168900      0.46775300     -0.85824600      0.21123400      0.73733200      0.51068900      0.44219600     -0.00051500      0.00462000     -0.00489500      0.03593000      0.00916500     -0.00994800     -0.30988700      0.07230100      0.01597600     -0.05748200     -0.21400200      0.28476200     -0.93440500     -0.55585200     -0.82209600     -0.12323200     -0.80326300      0.49301900      0.33421500     -0.00000100      0.00000100      0.00000200      0.00000100     -0.00000600      0.00000200     -0.93142800
     0.11348200     -0.01704800      0.36444100     -0.11543800      0.21822600     -0.96907000     -0.61949900     -0.77838400     -0.10154400     -0.77633200      0.58834100      0.22625300     -0.00000000     -0.00000000     -0.00000000      0.00000000      0.00000000      0.00000000     -0.97603800     -0.15239400      0.00430700      0.32580800      0.53867100      0.11028400      0.83526200     -0.56416300      0.78343900      0.26053200     -0.62629700     -0.61169900      0.48315600     -0.00217200      0.02027400     -0.01795200      0.05092200      0.02836500      0.06874400     -0.03013700      0.04341500      0.02137200     -0.01380500     -0.48907400     -0.04708200      0.87096900      0.46629900     -0.85798600      0.21546000      0.73713600      0.51150900      0.44157400     -0.00106900      0.00992400     -0.00916800      0.05813000      0.03436200      0.03317200     -0.26481800      0.07229600      0.01597600     -0.05748100     -0.21402300      0.28474900     -0.93440400     -0.55584700     -0.82210100     -0.12321100     -0.80326000      0.49301600      0.33422600     -0.00000100      0.00000100      0.00000100     -0.00000300     -0.00000100     -0.00001600     -0.92881600
     0.11346300     -0.01703800      0.36444900     -0.11546400      0.21821400     -0.96906900     -0.61949700     -0.77838900     -0.10151900     -0.77633000      0.58834000      0.22626500      0.00026000      0.00113700      0.00093700      0.00000000      0.00000000      0.00000000     -0.94177600     -0.15243600      0.00518300      0.32497700      0.54851900      0.09888700      0.83026400     -0.55731400      0.78338700      0.27502800     -0.62388700     -0.61369600      0.48374200     -0.00318900      0.02917800     -0.02800000      0.05114900      0.10654100      0.11159100      0.05071300      0.04339400      0.02180900     -0.01421600     -0.49754500     -0.03425600      0.86676000      0.46058800     -0.85715800      0.23051400      0.73505500      0.51391200      0.44225200     -0.00159600      0.01483000     -0.01378500      0.05926200      0.09332300      0.12938300     -0.16994700      0.07228600      0.01597800     -0.05748000     -0.21404700      0.28473500     -0.93440300     -0.55584300     -0.82210800     -0.12318700     -0.80325700      0.49301300      0.33423800      0.00015200      0.00066900      0.00055200      0.00090100     -0.01260700      0.02589500     -0.92816300
     0.11342300     -0.01702500      0.36445900     -0.11553300      0.21818100     -0.96906900     -0.61949100     -0.77840300     -0.10145200     -0.77632400      0.58833400      0.22629900      0.00001200      0.00005200      0.00004300      0.00000000      0.00000000      0.00000000     -0.87615100     -0.15258300      0.00654600      0.32366900      0.55625000      0.08245800      0.82690800     -0.55239300      0.77999500      0.29394600     -0.62142100     -0.62038400      0.47835400     -0.00422000      0.03835100     -0.03776100     -0.04866800      0.20897700      0.43351600      0.09888400      0.04331900      0.02250200     -0.01488000     -0.50322900     -0.01710500      0.86398300      0.45748400     -0.85347800      0.24956500      0.73312200      0.52084800      0.43732100     -0.00208400      0.01905400     -0.01898500     -0.05542900      0.22832000      0.43843000     -0.09173000      0.07226600      0.01598800     -0.05747200     -0.21411300      0.28469500     -0.93439900     -0.55583000     -0.82212700     -0.12312200     -0.80324800      0.49300600      0.33427000      0.00000300      0.00001700      0.00001500     -0.00000300     -0.00000300     -0.00001500     -0.89632100
     0.11341700     -0.01700400      0.36447600     -0.11549800      0.21819900     -0.96906900     -0.61949400     -0.77839500     -0.10148700     -0.77632700      0.58833600      0.22628200      0.00031100      0.00136000      0.00112000      0.00000000      0.00000000      0.00000000     -0.83546700     -0.15269300      0.00736000      0.32285900      0.55913100      0.07323000      0.82583300     -0.55144800      0.77655300      0.30463800     -0.61967300     -0.62582400      0.47351100     -0.00528200      0.04812000     -0.04698600     -0.04116500      0.42132400      0.37732200      0.12060300      0.04326600      0.02289200     -0.01526700     -0.50503100     -0.00812900      0.86306200      0.45792800     -0.85013200      0.25995400      0.73160400      0.52650500      0.43306600     -0.00203900      0.01826900     -0.01967700     -0.14998300      0.48858100      0.62671900     -0.05972600      0.07226300      0.01599600     -0.05746600     -0.21407900      0.28471600     -0.93440100     -0.55583700     -0.82211700     -0.12315600     -0.80325200      0.49301000      0.33425400      0.00018100      0.00079400      0.00065400      0.00090700     -0.01260300      0.02589100     -0.87117400
     0.11338600     -0.01694300      0.36451300     -0.11828900      0.21685400     -0.96903400     -0.61972200     -0.77858000     -0.09863900     -0.77572100      0.58859100      0.22769300      0.00029800      0.00130100      0.00107100     -0.00000100      0.00000200     -0.00000400     -0.70862300     -0.15297800      0.00918600      0.32093700      0.56058500      0.05990400      0.82592300     -0.56244800      0.75946100      0.32681000     -0.60835900     -0.64781100      0.45836900     -0.00510300      0.04502200     -0.04967100     -4.67241800     -1.35042100     -1.88555600      0.15962000      0.04312500      0.02379000     -0.01620700     -0.50444500      0.00766100      0.86340900      0.46810600     -0.83782900      0.28092300      0.72554200      0.54587800      0.41905300     -0.00998200      0.02759500     -0.02857700     -0.14758300      0.62935800      0.75426200     -0.00404300      0.07224800      0.01602700     -0.05744700     -0.21677000      0.28309500     -0.93427300     -0.55581400     -0.82255700     -0.12028400     -0.80254500      0.49320900      0.33565400      0.00018500      0.00081900      0.00067400      0.00181100     -0.00224400      0.00431400     -0.79818300
     0.11333500     -0.01680800      0.36457000     -0.12805300      0.21216500     -0.96883200     -0.62069700     -0.77900900     -0.08861100     -0.77337700      0.58973600      0.23265000      0.00055000      0.00240200      0.00197500     -0.00014900      0.00026200     -0.00052300     -0.53307500     -0.15344800      0.01106800      0.31883100      0.56267300      0.03770700      0.82581400     -0.56399500      0.74776200      0.35027700     -0.60498800     -0.66288700      0.44094700     -0.01987400      0.05354600     -0.05852000     -0.10082600      0.49116000      0.66562700      0.17904500      0.04289400      0.02474200     -0.01727700     -0.50343900      0.02738100      0.86359500      0.47765200     -0.82406200      0.30457900      0.71999700      0.56583600      0.40178700     -0.00987900      0.02615800     -0.02981100     -0.23790100      0.82870500      0.62292700      0.03465600      0.07222200      0.01609400     -0.05741900     -0.22609500      0.27747900     -0.93374800     -0.55591400     -0.82389800     -0.11022800     -0.79990000      0.49416200      0.34053400      0.00034300      0.00150200      0.00123500      0.00997800     -0.09148800      0.18725500     -0.68616600
     0.11332100     -0.01670600      0.36460000     -0.13276400      0.20989400     -0.96869200     -0.62112200     -0.77920600     -0.08376400     -0.77223500      0.59029100      0.23502600      0.00086100      0.00376200      0.00309200      0.00088800     -0.01259400      0.02584800     -0.44408300     -0.15374300      0.01202100      0.31772200      0.56302300      0.02724600      0.82598700     -0.56715800      0.73957800      0.36233900     -0.60169300     -0.67249600      0.43078600     -0.01866600      0.04139500     -0.05142500     -0.55976400      0.34486700      0.41883800      0.19952200      0.04274600      0.02522200     -0.01783500     -0.50229200      0.03819900      0.86385300      0.48228100     -0.81682500      0.31654400      0.71770900      0.57561800      0.39186200     -0.00301300      0.02705100     -0.02966700     -1.60512500      0.07659200      0.11996000      0.05278200      0.07221400      0.01614300     -0.05740500     -0.23056900      0.27476900     -0.93345500     -0.55591100     -0.82453300     -0.10539400     -0.79862400      0.49461700      0.34285900      0.00033700      0.00148200      0.00121700      0.00359800     -0.00457600      0.00881400     -0.61905400
     0.11331700     -0.01646800      0.36464900     -0.14164900      0.20560200     -0.96835400     -0.62190400     -0.77951500     -0.07459100     -0.77001400      0.59139800      0.23948800      0.00082700      0.00361200      0.00296400     -0.06133500      0.10796900     -0.21539800     -0.30119100     -0.15443300      0.01416100      0.31547100      0.56244200      0.01032400      0.82676700     -0.57845400      0.71927000      0.38467500     -0.59138000     -0.69460800      0.40945400     -0.00628700      0.05820500     -0.05542700     -0.19031500      0.70432900      0.62806800      0.27185800      0.04240400      0.02625600     -0.01894600     -0.49984200      0.05295800      0.86449600      0.49831600     -0.79879600      0.33705400      0.70840500      0.59926600      0.37288200     -0.00994000      0.02818900     -0.02784900     -0.04625500      0.37087400      0.59149200      0.12446600      0.07221300      0.01626300     -0.05738000     -0.23821000      0.27012200     -0.93289200     -0.55590300     -0.82555600     -0.09709500     -0.79638400      0.49546900      0.34681700      0.00066200      0.00690500     -0.00316900     -0.64285400      1.18360700     -2.37253300     -0.49511600
     0.11327300     -0.01628200      0.36469500     -0.14637800      0.20330400     -0.96813500     -0.62217700     -0.77974700     -0.06972800     -0.76890200      0.59188900      0.24183400     -0.01320800      0.00515000      0.00404500     -0.00174100      0.00500000     -0.00948000     -0.19587400     -0.15523000      0.01632300      0.31348900      0.56130300      0.00217700      0.82760200     -0.59171200      0.70008600      0.39961300     -0.57920400     -0.71399900      0.39318100     -0.01890400      0.04820700     -0.04493000      0.01866400      0.26748600      0.24956900      0.33415900      0.04200300      0.02736300     -0.01996100     -0.49671600      0.06401100      0.86554900      0.51496600     -0.78102400      0.35328500      0.69862900      0.62121100      0.35498400     -0.00999500      0.03002100     -0.02608100      0.07203500      0.24164900      0.25695000      0.21492900      0.07219600      0.01635700     -0.05735600     -0.24343000      0.26693300     -0.93246300     -0.55575200     -0.82630100     -0.09145700     -0.79490900      0.49595500      0.34949500      0.00023700      0.00103800      0.00085100     -0.00318100      0.00661700     -0.01344900     -0.40481600
     0.11319900     -0.01616600      0.36476300     -0.14895600      0.20145700     -0.96812800     -0.61283600     -0.78712500     -0.06955600     -0.77587300      0.58268900      0.24191200      0.00053600      0.00233600      0.00191300      0.01300100      0.00093400     -0.00324900     -0.12720000     -0.15613800      0.01836000      0.31179300      0.55989200     -0.01235100      0.82846900     -0.59731700      0.68680800      0.41405400     -0.57479300     -0.72665700      0.37609200     -0.03265800      0.05143200     -0.04045300     -0.08188700      0.44591100      0.38162000      0.39059900      0.04154200      0.02839800     -0.02082800     -0.49356900      0.07708700      0.86628200      0.52318100     -0.76936500      0.36654800      0.69474400      0.63414000      0.33940400     -0.01630800      0.02585900     -0.02008300     -0.11096200      0.48955900      0.41399600      0.29494200      0.07215400      0.01641700     -0.05732100     -0.24576200      0.26489200     -0.93243300     -0.54580000     -0.83276900     -0.09272100     -0.80106300      0.48613500      0.34924100      0.00030200      0.00131900      0.00108200      0.04381100     -0.00890100      0.01418300     -0.33607100
     0.11316400     -0.01612500      0.36478200     -0.14898600      0.19794000     -0.96884900     -0.60804600     -0.79095400     -0.06814700     -0.77962600      0.57870200      0.23940400     -0.01363800      0.00324900      0.00248500      0.01091700     -0.00498700     -0.04278900     -0.10808600     -0.15661300      0.01931200      0.31109200      0.55987700     -0.01391000      0.82845400     -0.60257100      0.67932000      0.41876800     -0.56929000     -0.73363200      0.37088600     -0.03272500      0.05422300     -0.03782100      0.02669400      0.24889900      0.23579000      0.41864000      0.04131700      0.02885100     -0.02116600     -0.49320800      0.07909700      0.86630700      0.52983300     -0.76252000      0.37126700      0.68994300      0.64211100      0.33417300     -0.00897500      0.02184000     -0.01539000     -0.02844700      0.28586500      0.27783600      0.33184500      0.07213700      0.01643900     -0.05730900     -0.24538900      0.26118600     -0.93357600     -0.54056100     -0.83627200     -0.09187900     -0.80472200      0.48210900      0.34639800     -0.00682800      0.00158500      0.00121100      0.01230300      0.02656000     -0.02926700     -0.31190400
     0.11308500     -0.01610100      0.36481400     -0.14938700      0.19774000     -0.96882800     -0.60801700     -0.79101000     -0.06775000     -0.77957100      0.57869400      0.23960200      0.00000800      0.00003600      0.00003000     -0.00000000     -0.00000400     -0.00000200     -0.08250900     -0.15762800      0.02104800      0.31003800      0.56016700     -0.00484300      0.82836000     -0.62194800      0.65791700      0.42456900     -0.54772900     -0.75300900      0.36446300     -0.01698700      0.03619100     -0.01953500      0.02652300      0.13274600     -0.11258600      0.46512900      0.04080400      0.02972700     -0.02170000     -0.49483400      0.07063800      0.86611100      0.55218500     -0.74403800      0.37616100      0.67099100      0.66439100      0.32917100     -0.01583600      0.02390300     -0.01276900      0.02442900     -0.07298400     -0.03894100      0.40271300      0.07209800      0.01645200     -0.05729300     -0.24593600      0.26120200     -0.93342800     -0.54052300     -0.83632500     -0.09161500     -0.80458000      0.48200800      0.34686800     -0.00001000     -0.00004400     -0.00003500     -0.00036700      0.00091400      0.00056400     -0.28430800
     0.11295700     -0.01608900      0.36481000     -0.15123700      0.19649400     -0.96879400     -0.60321600     -0.79473400     -0.06707800     -0.78293400      0.57400000      0.23992800     -0.00001400     -0.00006300     -0.00005100     -0.00000000     -0.00000000     -0.00000000     -0.05884200     -0.15875700      0.02249100      0.30936700      0.56251600      0.00974400      0.82672300     -0.64088400      0.63672200      0.42870300     -0.52290000     -0.77098600      0.36334500     -0.02943100      0.02553400     -0.00992300      0.04254700      0.02976400     -0.00707800      0.49451500      0.04025500      0.03044200     -0.02202900     -0.49934700      0.05614600      0.86458000      0.57420500     -0.72582300      0.37877200      0.64879900      0.68558600      0.33019900     -0.01471200      0.01295200     -0.00478100     -0.05534800     -0.04335700     -0.07523300      0.45284400      0.07203300      0.01645600     -0.05729700     -0.24766900      0.25979400     -0.93336300     -0.53537700     -0.83962600     -0.09164000     -0.80748400      0.47700400      0.34703600     -0.00001300     -0.00005500     -0.00004200     -0.00047700      0.00001700      0.00009300     -0.26455000
     0.11288300     -0.01606900      0.36479800     -0.15135000      0.19289500     -0.96950000     -0.59834300     -0.79853800     -0.06552700     -0.78664100      0.56993300      0.23748400      0.00045400      0.01009900     -0.00938200      0.03465700     -0.02593400      0.01204700     -0.04808600     -0.15932400      0.02304400      0.30916900      0.56221900      0.01986100      0.82674400     -0.65140400      0.62638800      0.42807100     -0.51004500     -0.77922600      0.36403900     -0.02941600      0.02649300     -0.00904800      0.05764000      0.00288100     -0.02770300      0.50437400      0.03996000      0.03073300     -0.02213400     -0.50049800      0.04578400      0.86452500      0.58596400     -0.71718500      0.37721200      0.63729600      0.69537600      0.33212200     -0.01472100      0.01381000     -0.00399400      0.03913700     -0.03364500     -0.02184300      0.47080600      0.07199600      0.01646200     -0.05729900     -0.24739300      0.25602600     -0.93447600     -0.53007400     -0.84309100     -0.09065700     -0.81105900      0.47291400      0.34428800     -0.00699000      0.00087800      0.00063100     -0.00027200      0.03038400     -0.02270700     -0.25556900
     0.11274600     -0.01604900      0.36480000     -0.15644400      0.18958500     -0.96934400     -0.58895400     -0.80572200     -0.06258600     -0.79270000      0.56086800      0.23891400     -0.00000200     -0.00000700     -0.00000600     -0.00000000     -0.00000200     -0.00000100     -0.00773800     -0.16063400      0.02388500      0.30896900      0.56791000      0.03030500      0.82252700     -0.65837800      0.61631500      0.43200500     -0.49453500     -0.78689800      0.36890200     -0.02829000      0.01593600     -0.00076400     -0.00246700     -0.01830700     -0.03256400      0.51944200      0.03930500      0.03115800     -0.02223600     -0.50796100      0.03623700      0.86061600      0.59446500     -0.70829600      0.38069300      0.62336700      0.70498400      0.33824500     -0.02088800      0.00729500     -0.00032900     -0.09052700     -0.04527100     -0.10521300      0.49676900      0.07192800      0.01647500     -0.05730200     -0.25230300      0.25246700     -0.93413100     -0.51986400     -0.84957800     -0.08920300     -0.81613900      0.46311500      0.34559900     -0.00696200      0.00100900      0.00073900     -0.00128000      0.01486200     -0.02799400     -0.23042200
     0.11262200     -0.01599200      0.36477900     -0.15890700      0.18464500     -0.96989700     -0.58411400     -0.80954500     -0.05847200     -0.79578100      0.55700600      0.23770400     -0.00000000     -0.00000000     -0.00000000     -0.01833300     -0.32660400     -0.15880700      0.01992200     -0.16214000      0.02446400      0.30895500      0.57188600      0.05126000      0.81872500     -0.67664700      0.59356300      0.43562100     -0.46433200     -0.80316300      0.37307800     -0.04170600      0.01549300      0.00007200     -4.49238700     -2.39016600     -2.10881100      0.52129500      0.03855800      0.03144800     -0.02224300     -0.51488500      0.01945200      0.85703800      0.61195800     -0.69177300      0.38334800      0.60033200      0.72185200      0.34428000     -0.02032900      0.00166700      0.00347200     -0.00345300      0.03339700     -0.06791100      0.51048500      0.07186600      0.01650400     -0.05731300     -0.25512000      0.24855300     -0.93441600     -0.51450000     -0.85312000     -0.08645700     -0.81865800      0.45870100      0.34552800      0.00000300      0.00000600      0.00000600     -0.03639100     -0.55999000     -0.26975700     -0.20070300
