     0.10584000      0.00102900      0.34666800      0.08799700     -0.09252700     -0.99183700     -0.42176200     -0.90547200      0.04699700     -0.90254600      0.41429400     -0.11746900     -0.02945100     -0.00372300     -0.00376100      1.71027300     -0.88681000     -0.13918800      0.16950800     -0.17862200      0.02641300      0.31962200      0.40602900      0.37776200      0.83212200     -0.79812900      0.59000400      0.12173300     -0.44545500     -0.71403400      0.53998900     -0.03743900     -0.02908900      0.03030600      0.08161100     -0.58403900     -0.34445400      0.53027600      0.03044500      0.03233600     -0.01674100     -0.41437000     -0.35139900      0.83953200      0.71562700     -0.69572300      0.06200900      0.56229300      0.62648700      0.53975800     -0.01874600     -0.01483600      0.01493800      0.08407100     -0.59392700     -0.35210700      0.51571000      0.06799300      0.02465100     -0.06636700      0.01316900     -0.00286300     -0.99990800     -0.21734300     -0.97609400     -0.00006800     -0.97600600      0.21732400     -0.01347700     -0.01475100     -0.00196500     -0.00195100      1.72409400     -0.97011700     -0.17111600      0.01451400
     0.10543000      0.00095500      0.34654500      0.10077700     -0.10058600     -0.98983400     -0.38956400     -0.91941600      0.05371400     -0.91560400      0.38031100     -0.13060900     -0.01508500      0.00468000     -0.01409000      0.09358200     -0.56458000     -0.35910400      0.18268400     -0.17944000      0.02592200      0.32011700      0.40558100      0.39364800      0.82494700     -0.80034900      0.58879800      0.11266400     -0.44186200     -0.70642600      0.55279600     -0.05154000     -0.01972300      0.02200800      0.10573500     -0.54832400     -0.33135800      0.53013100      0.03005400      0.03209700     -0.01650200     -0.41639400     -0.36717400      0.83174500      0.71756000     -0.69450400      0.05264100      0.55832100      0.61874700      0.55265700     -0.01879600     -0.01611300      0.01385800      0.10428300     -0.72611700     -0.23892200      0.51701700      0.06779300      0.02461200     -0.06642500      0.02780200     -0.00828800     -0.99957900     -0.18197100     -0.98329800      0.00309200     -0.98291000      0.18180900     -0.02884600     -0.01475800     -0.00199400     -0.00196600      0.16173400     -0.67179700     -0.47443200      0.03100600
     0.10477500      0.00082500      0.34631500      0.13050600     -0.12023700     -0.98415300     -0.33543300     -0.93942800      0.07023800     -0.93315400      0.32109500     -0.16170700     -0.00168500     -0.00648200     -0.00550800      1.66276800     -1.16359800     -0.32790500      0.19168200     -0.18104700      0.02482900      0.32112600      0.40406000      0.43943700      0.80226100     -0.81350700      0.57357000      0.09569600     -0.41858400     -0.69185600      0.58820500     -0.03761900     -0.03029800      0.02929900     -1.11502600     -1.25510700     -1.19643700      0.52421800      0.02924600      0.03154700     -0.01600700     -0.42255200     -0.41016100      0.80821800      0.73067800     -0.68177000      0.03602200      0.53624400      0.60576900      0.58777900     -0.01884700     -0.01548500      0.01443600     -4.11957600     -1.85664500     -3.67288600      0.51930300      0.06745900      0.02454700     -0.06654600      0.05904900     -0.02015400     -0.99805100     -0.12525900     -0.99204300      0.01262200     -0.99036500      0.12426900     -0.06110300     -0.00789100     -0.00273200     -0.00266600      5.46228500     -1.09258000      0.63187100      0.05615300
     0.10436400      0.00082100      0.34599600      0.15605400     -0.13982600     -0.97782500     -0.31388200     -0.94562700      0.08507400     -0.93675400      0.29381400     -0.19024200     -0.01511400     -0.00316900     -0.00303300      0.02501500     -0.81753900     -0.27520100      0.17818600     -0.18240700      0.02395300      0.32220800      0.40806600      0.49285500      0.76848400     -0.82593300      0.55786800      0.08094100     -0.38931000     -0.66835800      0.63371800     -0.03757800     -0.02658400      0.03242100      0.40653300     -1.60926200     -0.34321400      0.52154900      0.02856500      0.03110300     -0.01547100     -0.43453300     -0.46058700      0.77397600      0.74557400     -0.66605100      0.02222600      0.50527100      0.58671500      0.63282300     -0.01249600     -0.00724500      0.01218500      0.33889900     -1.44272800      0.08637500      0.52028300      0.06725800      0.02454200     -0.06670700      0.09009400     -0.03510800     -0.99531300     -0.09996200     -0.99465000      0.02603600     -0.99090300      0.09714800     -0.09312200     -0.00041900      0.00229700     -0.00691700      0.05228500     -0.72026600     -0.42018500      0.05386700
     0.10420500      0.00089200      0.34581400      0.16975800     -0.15057200     -0.97393800     -0.30320000     -0.94829300      0.09370500     -0.93790600      0.27957300     -0.20542200     -0.01404800      0.00879100     -0.01063700      0.06574100     -1.02155400     -0.36605000      0.16589500     -0.18293900      0.02365000      0.32277300      0.41226400      0.51832600      0.74924500     -0.83023700      0.55229400      0.07490600     -0.37547300     -0.65357800      0.65705300     -0.02485600     -0.01158100      0.02674800      0.28009400     -1.25137600     -0.04580200      0.51964600      0.02829500      0.03094300     -0.01518900     -0.44293400     -0.48697300      0.75277200      0.75059100     -0.66061200      0.01429600      0.49032900      0.57135600      0.65812500     -0.01243600     -0.00532800      0.01377800      0.28327600     -1.55805100     -0.04928300      0.51848600      0.06717800      0.02457300     -0.06679600      0.10524000     -0.04237300     -0.99354300     -0.08824800     -0.99554700      0.03311100     -0.99052300      0.08419300     -0.10851100     -0.00023300      0.00301300     -0.00631200      0.04283200     -0.39401900     -0.23432400      0.04162000
     0.10398100      0.00113900      0.34537800      0.19434600     -0.17063000     -0.96600300     -0.28737200     -0.95144500      0.11018900     -0.93814700      0.25639400     -0.23274200      0.00041400      0.01730700     -0.02083100      0.57575800     -0.93484100     -0.33584000      0.14650200     -0.18367400      0.02351100      0.32382600      0.42205300      0.56931100      0.70551200     -0.83675900      0.54401900      0.06173700     -0.34917300     -0.61711100      0.70506400     -0.01196400      0.00686600      0.02387300      0.49345000     -1.58846400      0.08451100      0.51860300      0.02792200      0.03086300     -0.01466300     -0.46136400     -0.53355900      0.70884200      0.75765500     -0.65265200      0.00187100      0.46162900      0.53792100      0.70536400     -0.00565900     -0.00196400      0.01604300      0.48598200     -1.66664000     -0.00953300      0.51652700      0.06706200      0.02469500     -0.06700700      0.13422900     -0.05732800     -0.98929000     -0.07126200     -0.99629800      0.04806500     -0.98838400      0.06404700     -0.13781700     -0.00713100      0.00399100     -0.00567100      1.67101800     -1.01905500     -0.34168200      0.01467700
     0.10393900      0.00141600      0.34480000      0.21079300     -0.18686300     -0.95952800     -0.28762100     -0.94995900      0.12175900     -0.93453200      0.25054100     -0.25279600     -0.00101000      0.00402400     -0.01437700      0.04657500     -0.39936300     -0.23656100      0.10791200     -0.18402700      0.02392200      0.32485300      0.42357800      0.61636900      0.66382300     -0.84430100      0.53407800      0.04301300     -0.32853200     -0.57945800      0.74576000     -0.01179700      0.01040900      0.02667000     -0.60830200     -1.42648800     -1.02477100      0.51849000      0.02774500      0.03106800     -0.01415700     -0.47393500     -0.57554500      0.66643200      0.76210800     -0.64722500     -0.01698300      0.44110600      0.49984500      0.74537100      0.00071800      0.00536600      0.01297800      1.06305800     -1.04360800     -0.39854300      0.51587400      0.06704200      0.02483800     -0.06728600      0.15544000     -0.07069000     -0.98531200     -0.07039100     -0.99569300      0.06033000     -0.98533300      0.05997900     -0.15974700     -0.00043100      0.00225500     -0.00697800      0.05122800     -0.61525700     -0.32771300     -0.02745200
     0.10395200      0.00156100      0.34443100      0.21697700     -0.19296700     -0.95693800     -0.28742900     -0.94943300      0.12622600     -0.93318200      0.24789800     -0.26027900     -0.00063900      0.01330000     -0.02426200      0.07851600     -0.32162100     -0.16615700      0.09796400     -0.18411200      0.02413200      0.32530400      0.41887900      0.63748400      0.64664300     -0.84782700      0.52950500      0.02737400     -0.32545500     -0.56050600      0.76143100      0.00142000      0.00925300      0.02466500     -2.95326600     -1.63838900     -4.50948100      0.51879200      0.02769800      0.03118200     -0.01391700     -0.47377400     -0.59540700      0.64886700      0.76506500     -0.64317700     -0.03156900      0.43613300      0.48147000      0.76024600     -0.00592300      0.00476400      0.01294600      0.45642800     -1.27625500      0.08928200      0.51636400      0.06704900      0.02491400     -0.06747500      0.16339900     -0.07577800     -0.98364500     -0.06994300     -0.99542600      0.06506700     -0.98407700      0.05816700     -0.16795200     -0.00073300      0.00111000     -0.00796200      0.04317500     -0.34253800     -0.20458700     -0.04868000
     0.10395600      0.00184700      0.34359300      0.22520900     -0.20128100     -0.95331700     -0.28650400     -0.94884400      0.13259800     -0.93152400      0.24351100     -0.27017000     -0.00098600      0.01198800     -0.02540000      0.07314100     -0.14896500     -0.06709800      0.08703100     -0.18428700      0.02444900      0.32609100      0.40439400      0.67363400      0.61860600     -0.85873300      0.51234600      0.00363300     -0.31497900     -0.53353200      0.78485300      0.00056400      0.01518300      0.01239600      0.33458200     -0.78933300     -0.01043900      0.51646500      0.02761100      0.03134600     -0.01351200     -0.46205000     -0.63730400      0.61672700      0.78115100     -0.62171300     -0.05722000      0.41989400      0.45531900      0.78509300      0.00058100      0.00138300      0.00963900      0.31978100     -0.81480900     -0.09012500      0.51505700      0.06705100      0.02505600     -0.06789400      0.17352300     -0.08239000     -0.98137600     -0.06863700     -0.99508200      0.07140400     -0.98243400      0.05496900     -0.17832600     -0.00093400      0.00034100     -0.00863300      0.03673600     -0.11790100     -0.07549900     -0.07399000
     0.10390000      0.00203000      0.34265300      0.22701700     -0.20401500     -0.95230600     -0.28496900     -0.94892500      0.13530200     -0.93155900      0.24091000     -0.27237500     -0.00194400      0.00836500     -0.02855800      0.06862400     -0.00679900     -0.01813600      0.08653600     -0.18425300      0.02468300      0.32668900      0.40117800      0.69955500      0.59133000     -0.86267900      0.50552900     -0.01258800     -0.30822300     -0.50595700      0.80552400      0.00112200      0.00117700      0.01792400      0.24999300     -0.67573800      0.04572100      0.51731900      0.02762800      0.03146600     -0.01321700     -0.46367700     -0.66213100      0.58871500      0.78521600     -0.61488800     -0.07312400      0.41041200      0.42836200      0.80502600      0.00020000      0.00570600      0.00463700      0.30449000     -0.61479300     -0.16487600      0.51407800      0.06702300      0.02515400     -0.06837200      0.17565800     -0.08453500     -0.98081400     -0.06684100     -0.99503000      0.07378900     -0.98217800      0.05259700     -0.18043700     -0.00098700      0.00407200     -0.01437200      0.06741100      0.00732800     -0.01005600     -0.08166400
     0.10380100      0.00202000      0.34171600      0.22547100     -0.20599900     -0.95224600     -0.28387700     -0.94886400      0.13799600     -0.93226600      0.23945700     -0.27123500     -0.00313900     -0.00400900     -0.02142800      0.03048600      0.11184400     -0.20543300      0.08405900     -0.18414500      0.02496300      0.32706200      0.38855700      0.72219100      0.57223600     -0.87248100      0.48802600     -0.02328600     -0.29655000     -0.49112500      0.81897400      0.00031700      0.00869900      0.00704300      0.02351000     -0.59414200     -0.56568600      0.51746900      0.02768300      0.03160500     -0.01302500     -0.45580600     -0.68397100      0.56958200      0.79635500     -0.59920700     -0.08226600      0.39756600      0.41609300      0.81780600      0.00013600      0.00413000      0.00333500     -0.64579600     -0.68520600     -1.37279800      0.51489400      0.06697300      0.02514600     -0.06884200      0.17444900     -0.08672900     -0.98083800     -0.06555800     -0.99492600      0.07631400     -0.98248000      0.05098900     -0.17925000     -0.00157200     -0.00206700     -0.01076600      0.02998500      0.11214600     -0.20533600     -0.08362400
     0.10374200      0.00194600      0.34130300      0.22445000     -0.20717500     -0.95223200     -0.28359300     -0.94872800      0.13951200     -0.93259800      0.23898400     -0.27051000     -0.00303000     -0.00358200     -0.02109100      0.03381900      0.01169100     -0.03362700      0.08279000     -0.18411000      0.02509900      0.32718200      0.38266100      0.72976100      0.56657900     -0.87705900      0.47965000     -0.02523700     -0.29063700     -0.48818300      0.82284300      0.01344200      0.00699500      0.00467700     -0.62916300     -0.57346400     -1.48950700      0.51816000      0.02769500      0.03167400     -0.01296300     -0.45216000     -0.69102200      0.56394900      0.80117500     -0.59254600     -0.08370100      0.39200500      0.41397600      0.82155600      0.00014300      0.00302900      0.00243000     -3.14091500      0.03510300     -4.37123800      0.51522100      0.06694400      0.02510900     -0.06904300      0.17371000     -0.08807100     -0.98085000     -0.06519900     -0.99483500      0.07778000     -0.98263500      0.05043900     -0.17855500     -0.00145100     -0.00159800     -0.01037400      0.03057900      0.09751400     -0.18050400     -0.08542000
     0.10363800      0.00179700      0.34060500      0.22286300     -0.20901200     -0.95220400     -0.28311000     -0.94851900      0.14188600     -0.93312200      0.23821200     -0.26937800     -0.00219000     -0.00038700     -0.01834900      0.03429900     -0.00283600     -0.00874100      0.06893100     -0.18397400      0.02516500      0.32730200      0.38204400      0.73148900      0.56476300     -0.87853900      0.47703100     -0.02335200     -0.28695000     -0.48816400      0.82414700      0.00002300      0.00063100      0.00050900      0.00005400     -0.00008600     -0.00006200      0.51968200      0.02776800      0.03171300     -0.01289900     -0.45056600     -0.69481200      0.56055800      0.80417900     -0.58854500     -0.08311900      0.38766600      0.41333900      0.82393200      0.00032800     -0.00568200      0.00386700     -0.03779600      0.01764100     -0.01065100      0.51701700      0.06689000      0.02502800     -0.06939700      0.17253700     -0.09022400     -0.98086100     -0.06457200     -0.99469000      0.08013800     -0.98288400      0.04950900     -0.17744800     -0.00112800     -0.00036900     -0.00932900      0.03398600     -0.00281500     -0.00878300     -0.09521700
     0.10348500      0.00161800      0.34009500      0.22360000     -0.20850900     -0.95214100     -0.28320800     -0.94859700      0.14116800     -0.93291800      0.23834200     -0.26997300     -0.00248700     -0.00936400     -0.00824000     -0.00046800      0.01457600     -0.02485800      0.06240700     -0.18371800      0.02496200      0.32737300      0.38011700      0.73169600      0.56579400     -0.87940100      0.47541700     -0.02381000     -0.28686600     -0.48942800      0.82342600     -0.00003800     -0.00108300     -0.00087500      0.00000000     -0.00000000     -0.00000000      0.51924500      0.02789600      0.03160600     -0.01286800     -0.44873300     -0.69521600      0.56152600      0.80515200     -0.58715500     -0.08352600      0.38777200      0.41463400      0.82323100      0.00689900     -0.00646500      0.00274300     -0.04479700      0.10859500     -0.14977100      0.51767000      0.06681400      0.02494200     -0.06965600      0.17318300     -0.08954700     -0.98081000     -0.06470000     -0.99474100      0.07939400     -0.98276200      0.04970900     -0.17806600     -0.00081800      0.00082700     -0.00829400      0.03468200     -0.00132700     -0.01135300     -0.10877000
     0.10340400      0.00152200      0.33990100      0.22304300     -0.20911500     -0.95213900     -0.28319300     -0.94849000      0.14191900     -0.93305500      0.23823900     -0.26958900     -0.00204900     -0.00770600     -0.00679200     -0.00046700      0.01458100     -0.02485500      0.06083900     -0.18352900      0.02478300      0.32748100      0.37890600      0.73181800      0.56644900     -0.88000300      0.47429700     -0.02391300     -0.28662000     -0.49033500      0.82297200      0.01390500     -0.01015800      0.00773100     -0.04453000      0.09248700     -0.12835700      0.51777000      0.02798400      0.03151900     -0.01282400     -0.44767200     -0.69546900      0.56205900      0.80579500     -0.58626100     -0.08361200      0.38766400      0.41547400      0.82285900      0.00692400     -0.00584800      0.00324000     -0.03310000     -0.00288900      0.01405800      0.51734300      0.06677400      0.02489500     -0.06975200      0.17276600     -0.09026100     -0.98081800     -0.06463800     -0.99468400      0.08015100     -0.98283900      0.04955100     -0.17768200     -0.00053700      0.00189400     -0.00736000      0.03466500     -0.01721900      0.01576100     -0.11268900
     0.10320200      0.00135200      0.33969300      0.22425500     -0.20801500     -0.95209500     -0.28365300     -0.94858100      0.14038100     -0.93262600      0.23883700     -0.27054300     -0.00105900     -0.00397300     -0.00351000     -0.00000000     -0.00000000      0.00000000      0.05517900     -0.18313800      0.02419100      0.32786400      0.37690500      0.73199200      0.56755700     -0.88125500      0.47199500     -0.02331500     -0.28540300     -0.49229500      0.82222500      0.00134500     -0.02300200      0.01528000     -0.07279100      0.02483600     -0.03420700      0.51772300      0.02818500      0.03122500     -0.01263100     -0.44562500     -0.69594100      0.56310100      0.80737000     -0.58417100     -0.08304700      0.38674400      0.41762300      0.82220300      0.00727200     -0.01140500      0.00721700     -0.06988400      0.00951800     -0.00370800      0.51603700      0.06667200      0.02480400     -0.06986100      0.17369800     -0.08896500     -0.98077100     -0.06522200     -0.99476300      0.07868300     -0.98263600      0.05030100     -0.17859100     -0.00056400     -0.00212600     -0.00187400     -0.00041200      0.01500900     -0.02557700     -0.11938500
     0.10295400      0.00128400      0.33969400      0.22312200     -0.20913200     -0.95211600     -0.28411200     -0.94825500      0.14164900     -0.93275600      0.23915800     -0.26980900     -0.00005600     -0.00021000     -0.00018500      0.00000000     -0.00000000     -0.00000000      0.05510500     -0.18267900      0.02335900      0.32845700      0.37585600      0.73202300      0.56821400     -0.88238700      0.46996000     -0.02157000     -0.28327900     -0.49419700      0.82181900      0.00141200     -0.02137900      0.01661800     -0.07280000      0.02466800     -0.03430900      0.51677500      0.02841500      0.03080600     -0.01233700     -0.44459700     -0.69611200      0.56370100      0.80881600     -0.58241300     -0.08129900      0.38490100      0.41978600      0.82196600      0.01393200     -0.01021800      0.00769200     -0.06813000     -0.00583900      0.02501500      0.51587400      0.06654700      0.02476900     -0.06986200      0.17282200     -0.09030200     -0.98080400     -0.06562300     -0.99463100      0.08001100     -0.98276400      0.05053600     -0.17782100     -0.00686600      0.00122400      0.00087700     -0.00106300      0.01472800     -0.02957800     -0.12346700
     0.10273900      0.00130800      0.33975000      0.22190200     -0.21034500     -0.95213400     -0.28455000     -0.94791500      0.14304100     -0.93291200      0.23944500     -0.26901300      0.00000900      0.00003400      0.00003000     -0.00320600      0.10060400     -0.17154500      0.05775600     -0.18207400      0.02241700      0.32928300      0.37495400      0.73369300      0.56665200     -0.88357100      0.46776400     -0.02079200     -0.28076500     -0.49380300      0.82291700      0.01548200     -0.02865400      0.02673300     -0.07336400     -0.04663900     -0.03558600      0.51484400      0.02871200      0.03033400     -0.01193100     -0.44400600     -0.69796000      0.56188100      0.81028500     -0.58044900     -0.08072800      0.38248800      0.41944000      0.82326900      0.00737900     -0.00872300      0.00940500     -0.04442100     -0.03552100     -0.03910500      0.51407800      0.06644100      0.02478600     -0.06983000      0.17196800     -0.09162000     -0.98083200     -0.06596900     -0.99450100      0.08133100     -0.98289000      0.05071800     -0.17706700      0.00002000      0.00007900      0.00007400     -0.00006600     -0.00000400     -0.00000300     -0.12281400
     0.10266800      0.00132600      0.33976400      0.22148000     -0.21077000     -0.95213900     -0.28467700     -0.94780200      0.14353500     -0.93297400      0.23951800     -0.26873600      0.00000600      0.00002300      0.00002000      0.00000000     -0.00000000     -0.00000000      0.05872700     -0.18172500      0.02191900      0.32978500      0.37334900      0.73320400      0.56834300     -0.88402900      0.46687300     -0.02137300     -0.28146300     -0.49537300      0.82173400      0.02879700     -0.02678500      0.02726000     -0.10292400     -0.01057500      0.03015100      0.51703100      0.02888200      0.03008400     -0.01168000     -0.44221500     -0.69768700      0.56362800      0.81085600     -0.57957800     -0.08124500      0.38335000      0.42109400      0.82202200      0.00775700     -0.01357300      0.01397400     -0.11400000      0.01093000      0.00852500      0.51358800      0.06640600      0.02479600     -0.06982200      0.17156400     -0.09224900     -0.98084400     -0.06609600     -0.99444000      0.08196700     -0.98295200      0.05076800     -0.17670700      0.00001100      0.00003700      0.00003600     -0.00005900      0.00000200      0.00000000     -0.12167100
     0.10261600      0.00137700      0.33979300      0.22040400     -0.21183500     -0.95215200     -0.28496800     -0.94752400      0.14478600     -0.93313800      0.23967900     -0.26801900      0.00038300      0.00142500      0.00125900      0.00046400     -0.01457800      0.02485700      0.06987900     -0.18094200      0.02098200      0.33088400      0.37076200      0.73213100      0.57141100     -0.88473800      0.46549100     -0.02215300     -0.28265000     -0.49825600      0.81958100      0.01497600     -0.01163700      0.02352600     -0.06728400     -0.02274200      0.04264200      0.51964000      0.02927800      0.02960800     -0.01113100     -0.43937400     -0.69701200      0.56667700      0.81171100     -0.57828300     -0.08192500      0.38480300      0.42398300      0.81985600      0.01444300     -0.01187100      0.01485400     -0.10654100     -0.01332600      0.03294300      0.51652700      0.06637900      0.02481900     -0.06980900      0.17072400     -0.09353600     -0.98086800     -0.06632700     -0.99431600      0.08327400     -0.98308300      0.05084200     -0.17595800      0.00002000      0.00006700      0.00006100     -0.00004800      0.00000200      0.00000400     -0.11350600
     0.10266000      0.00138300      0.33980000      0.21964400     -0.21256200     -0.95216600     -0.28518100     -0.94732900      0.14564200     -0.93325100      0.23980900     -0.26750900      0.00002000      0.00007300      0.00006400      0.00000000     -0.00000000      0.00000000      0.07482200     -0.18013800      0.02019500      0.33220500      0.36576300      0.73010300      0.57719900     -0.88503800      0.46467800     -0.02673900     -0.28817300     -0.50198000      0.81537400      0.02909700     -0.01728500      0.03490700     -0.08828800     -0.13314700      0.21991300      0.52375800      0.02966900      0.02922600     -0.01049300     -0.43370900     -0.69592400      0.57235000      0.81190700     -0.57730900     -0.08671700      0.39077100      0.42708500      0.81541100      0.00789200     -0.00896800      0.01768800     -0.09611100     -0.00249700      0.01998200      0.51930300      0.06640200      0.02482600     -0.06980200      0.17014700     -0.09438900     -0.98088700     -0.06649500     -0.99423300      0.08413900     -0.98317200      0.05090800     -0.17544300      0.00000800      0.00002900      0.00002600     -0.00003500      0.00000100     -0.00000700     -0.10387200
     0.10269800      0.00136300      0.33978400      0.21946600     -0.21272700     -0.95217000     -0.28522900     -0.94728500      0.14583700     -0.93327800      0.23983900     -0.26738700     -0.00022400     -0.00083500     -0.00073800      0.00000000      0.00000000      0.00000000      0.07362000     -0.17973800      0.01981100      0.33292300      0.36322100      0.72908800      0.58007900     -0.88521800      0.46420200     -0.02896200     -0.29082500     -0.50389300      0.81325000      0.02909700     -0.01726900      0.03490900     -0.10154800     -0.02610200      0.05430800      0.52943900      0.02986900      0.02903800     -0.01012900     -0.43107700     -0.69532400      0.57506200      0.81197700     -0.57688500     -0.08885600      0.39352900      0.42863400      0.81326900      0.01454100     -0.00803400      0.01792100     -0.10768900     -0.03248700      0.05822300      0.52109900      0.06642200      0.02481700     -0.06980900      0.17000800     -0.09458700     -0.98089200     -0.06653300     -0.99421300      0.08434000     -0.98319400      0.05092300     -0.17531700     -0.00012900     -0.00048400     -0.00042800     -0.00003000      0.00000600      0.00000000     -0.10240200
     0.10279200      0.00135600      0.33976700      0.21920200     -0.21296800     -0.95217700     -0.28527400     -0.94722600      0.14613200     -0.93332600      0.23985800     -0.26720300      0.00025000      0.00093100      0.00082300      0.00000000      0.00000000      0.00000000      0.07056400     -0.17888600      0.01900100      0.33437400      0.35628900      0.72663400      0.58741100     -0.88553500      0.46313500     -0.03559500     -0.29834100     -0.50840400      0.80770100      0.02908300     -0.01795500      0.03434600     -0.10166300     -0.02644200      0.05426300      0.53014900      0.03029500      0.02863900     -0.00939900     -0.42355300     -0.69409500      0.58209500      0.81212500     -0.57562400     -0.09544700      0.40131700      0.43230700      0.80749900      0.00789000     -0.00890400      0.01772700     -0.11005200     -0.01786600      0.02910000      0.52305900      0.06646700      0.02480900     -0.06982200      0.16980100     -0.09487900     -0.98090000     -0.06656300     -0.99418500      0.08464100     -0.98322700      0.05091900     -0.17512900      0.00017600      0.00065400      0.00057700      0.00043900     -0.01458100      0.02486300     -0.10485200
     0.10279500      0.00136100      0.33978400      0.21836100     -0.21377700     -0.95218900     -0.28553500     -0.94700100      0.14707600     -0.93344300      0.24002800     -0.26664400      0.00000400      0.00001500      0.00001300      0.00000000      0.00000000      0.00000000      0.07281000     -0.17815100      0.01813200      0.33585100      0.35429200      0.72612900      0.58924000     -0.88689300      0.46063600     -0.03419200     -0.29667700     -0.51139100      0.80642800      0.01582900     -0.01783600      0.03545400     -0.11593800      0.09505800     -0.14260400      0.52943000      0.03066800      0.02820400     -0.00866200     -0.42163900     -0.69388600      0.58373100      0.81380800     -0.57349700     -0.09389400      0.39992000      0.43545600      0.80649900      0.00789700     -0.00859300      0.01797200     -0.10392800     -0.01176700      0.02521900      0.52322200      0.06647000      0.02481500     -0.06981000      0.16914900     -0.09584700     -0.98091800     -0.06677800     -0.99408700      0.08561900     -0.98332500      0.05102100     -0.17454900     -0.00000000     -0.00000400     -0.00000400     -0.00002300     -0.00001200      0.00000700     -0.10534100
     0.10275200      0.00137000      0.33977700      0.21765100     -0.21447900     -0.95219300     -0.28571600     -0.94681700      0.14790400     -0.93355200      0.24012700     -0.26617100     -0.00004900     -0.00018400     -0.00016300      0.00000000      0.00000000      0.00000000      0.07706200     -0.17750800      0.01734800      0.33731300      0.35366400      0.72611600      0.58963400     -0.88839900      0.45795700     -0.03090100     -0.29288800     -0.51381400      0.80627200      0.00255700     -0.01840000      0.03602700     -0.11978800      0.12467100     -0.19675200      0.53061300      0.03100000      0.02780300     -0.00791400     -0.42103400     -0.69395600      0.58408400      0.81584000     -0.57115100     -0.09049700      0.39640200      0.43841700      0.80663100      0.00789700     -0.00846800      0.01806400     -0.10364700     -0.01160800      0.02486800      0.52338500      0.06644800      0.02481900     -0.06981400      0.16860400     -0.09668400     -0.98093000     -0.06691700     -0.99400400      0.08647000     -0.98340900      0.05106100     -0.17406400     -0.00003200     -0.00012000     -0.00010600     -0.00001900      0.00000700     -0.00000600     -0.10011600
     0.10272100      0.00137500      0.33978100      0.21738700     -0.21474200     -0.95219400     -0.28579300     -0.94674600      0.14821100     -0.93359000      0.24017300     -0.26599700     -0.00000100     -0.00000300     -0.00000200      0.00000000      0.00000000      0.00000000      0.07713800     -0.17724000      0.01699200      0.33801300      0.35152500      0.72570500      0.59141700     -0.88906800      0.45660700     -0.03164900     -0.29343300     -0.51559500      0.80493600      0.01582500     -0.01801900      0.03529600     -0.10371300     -0.01167400      0.02477800      0.53102200      0.03113500      0.02761800     -0.00755000     -0.41859900     -0.69394200      0.58584800      0.81674400     -0.56973400     -0.09127800      0.39712000      0.44027900      0.80526300      0.00788700     -0.00908100      0.01758100     -0.10638900     -0.01440500      0.02649700      0.52338500      0.06643300      0.02482100     -0.06981300      0.16840200     -0.09699700     -0.98093400     -0.06697800     -0.99397200      0.08678700     -0.98343900      0.05108600     -0.17388400      0.00000100      0.00000200      0.00000200     -0.00002100      0.00000800      0.00000300     -0.09930000
     0.10268800      0.00136500      0.33978500      0.21730600     -0.21482000     -0.95219500     -0.28584100     -0.94671800      0.14829500     -0.93359400      0.24021300     -0.26594700     -0.00003000     -0.00011300     -0.00010000      0.00000000      0.00000000      0.00000000      0.07602700     -0.17696000      0.01633200      0.33929600      0.34995100      0.72586400      0.59215400     -0.89071500      0.45354100     -0.02936400     -0.29029800     -0.51807500      0.80448000      0.00176500     -0.00817000      0.02720000     -0.06932000     -0.00782100      0.01327700      0.53054200      0.03127400      0.02729100     -0.00691900     -0.41704500     -0.69434100      0.58648400      0.81887800     -0.56702400     -0.08900300      0.39434900      0.44314000      0.80505500      0.00124000     -0.01010000      0.01730200     -0.10756600      0.01857600     -0.02889600      0.52338500      0.06641600      0.02481600     -0.06981100      0.16833900     -0.09709000     -0.98093500     -0.06702300     -0.99396100      0.08687700     -0.98344700      0.05112000     -0.17383000     -0.00001700     -0.00006600     -0.00005700     -0.00001700     -0.00000600      0.00000400     -0.09881000
     0.10268700      0.00133500      0.33973100      0.21906100     -0.21314200     -0.95217000     -0.28618700     -0.94695800      0.14607800     -0.93308000      0.24075800     -0.26725500     -0.00042500     -0.00158300     -0.00139900     -0.02279100     -0.03607000      0.06123300      0.07507700     -0.17692100      0.01575700      0.34045000      0.34780200      0.72612200      0.59310300     -0.89242200      0.45027400     -0.02774100     -0.28761800     -0.52056100      0.80383700      0.00249700     -0.02237600      0.03293500     -0.10753800      0.01851900     -0.02901200      0.52390100      0.03129400      0.02701200     -0.00634200     -0.41494700     -0.69490700      0.58730000      0.82105900     -0.56411600     -0.08737100      0.39202000      0.44595400      0.80463900     -0.00579300     -0.00570100      0.01284900     -0.07314700      0.02252000     -0.04044000      0.52354800      0.06641600      0.02480300     -0.06983500      0.16970100     -0.09507500     -0.98089800     -0.06750600     -0.99411800      0.08467700     -0.98318000      0.05184700     -0.17512200     -0.00024800     -0.00092700     -0.00082000     -0.08055800     -0.11554100      0.19591100     -0.09979000
     0.10270300      0.00131200      0.33971100      0.21904800     -0.21315000     -0.95217200     -0.28618900     -0.94695600      0.14608900     -0.93308200      0.24076000     -0.26724500      0.01345200     -0.00349900     -0.00267400      0.00098400     -0.01471500      0.02955300      0.07446200     -0.17695800      0.01552900      0.34092000      0.34666500      0.72626400      0.59359600     -0.89320000      0.44876100     -0.02723000     -0.28657300     -0.52167100      0.80349100     -0.01154800     -0.01162900      0.02552400     -0.07136400      0.00744500     -0.01593200      0.51896500      0.03128100      0.02689200     -0.00610600     -0.41380800     -0.69521900      0.58773500      0.82207100     -0.56272300     -0.08683600      0.39110300      0.44722700      0.80437900      0.00082800     -0.00643600      0.01176900     -0.07111100      0.00731000     -0.01120300      0.52175200      0.06641900      0.02479200     -0.06984500      0.16968300     -0.09510100     -0.98089900     -0.06752200     -0.99411500      0.08470200     -0.98318200      0.05186000     -0.17510600     -0.00021900     -0.00082100     -0.00072700     -0.00018800      0.01527300     -0.02604800     -0.10011600
     0.10273900      0.00130400      0.33966500      0.21909900     -0.21311200     -0.95216800     -0.28610400     -0.94698600      0.14606300     -0.93309600      0.24067600     -0.26727100      0.01372500     -0.00248600     -0.00177900      0.00098400     -0.01471500      0.02955300      0.07339400     -0.17711900      0.01505800      0.34174000      0.34291500      0.72609100      0.59598100     -0.89452300      0.44603700     -0.02853000     -0.28695400     -0.52424600      0.80167700      0.00165700     -0.01527400      0.02169100     -0.06985100      0.00861500     -0.01207500      0.51349700      0.03119500      0.02666000     -0.00569200     -0.40991800     -0.69563600      0.58996300      0.82368400     -0.56015000     -0.08817100      0.39180300      0.44980100      0.80260100     -0.00621500     -0.00265500      0.00683000     -0.03715800      0.01121400     -0.02265600      0.51440400      0.06643600      0.02478500     -0.06987100      0.16971900     -0.09506300     -0.98089600     -0.06743400     -0.99412300      0.08467700     -0.98318200      0.05177500     -0.17513200     -0.00002400     -0.00009000     -0.00008100      0.00000500      0.00000000     -0.00001600     -0.10191200
     0.10275800      0.00130400      0.33963800      0.21891800     -0.21329600     -0.95216900     -0.28610800     -0.94694900      0.14629100     -0.93313700      0.24065700     -0.26714500     -0.00018100     -0.00067700     -0.00059900      0.00000000      0.00000000      0.00000000      0.07104300     -0.17738100      0.01456400      0.34236300      0.34060100      0.72638800      0.59694500     -0.89589900      0.44329700     -0.02805400     -0.28540800     -0.52615800      0.80097600      0.00082900     -0.00756000      0.01091100     -0.03466000     -0.00381800      0.00669100      0.49607000      0.03106500      0.02640800     -0.00537300     -0.40765700     -0.69628100      0.59076800      0.82546900     -0.55760900     -0.08758900      0.39040500      0.45195500      0.80207200      0.00040000     -0.00400100      0.00529000     -0.03476600     -0.00388700      0.00671600      0.50150400      0.06645100      0.02478600     -0.06988300      0.16959300     -0.09526000     -0.98089900     -0.06742100     -0.99410600      0.08488600     -0.98320400      0.05173700     -0.17501700     -0.00011600     -0.00043100     -0.00038100     -0.00000000     -0.00000500      0.00000600     -0.10387200
     0.10276600      0.00129600      0.33963100      0.21870500     -0.21350000     -0.95217200     -0.28616800     -0.94689400      0.14653100     -0.93316800      0.24069400     -0.26700200     -0.00000400     -0.00001600     -0.00001400      0.00000000      0.00000000      0.00000000      0.06899700     -0.17766800      0.01418900      0.34276500      0.33571700      0.72807900      0.59765000     -0.89717400      0.44041500     -0.03236800     -0.28718000     -0.52624300      0.80028700     -0.01248700     -0.01001800      0.01004200      0.11654400      0.18728300     -0.15648100      0.45531500      0.03092600      0.02622300     -0.00517700     -0.40317400     -0.69866800      0.59102600      0.82691100     -0.55479500     -0.09175500      0.39200500      0.45173400      0.80141600      0.00038700     -0.00479100      0.00468500      0.53456800      0.60950700     -0.41582300      0.46460100      0.06645500      0.02478100     -0.06988800      0.16942800     -0.09550500     -0.98090300     -0.06746800     -0.99408200      0.08513400     -0.98323000      0.05175600     -0.17486900      0.00000200      0.00000800      0.00000800     -0.00000000     -0.00000200      0.00000400     -0.10648400
