     0.07197300     -0.01519200      0.37595100     -0.32520400      0.25473800     -0.91071200     -0.05010000     -0.96629600     -0.25245400     -0.94392700     -0.03679700      0.32813800     -0.00133500     -0.01120100      0.00852100     -0.03467100      0.01767200     -0.01604200     -0.14201800     -0.09398300      0.01076500      0.34520400      0.46801500      0.07245300      0.88074100     -0.06069500      0.99688900     -0.04962500     -0.88215900     -0.03034000      0.46982700      0.00000900     -0.00003900     -0.00003300      0.00000000      0.00000000      0.00000000     -0.06198000      0.04359600      0.02365500     -0.01193600     -0.42175600     -0.07991900      0.90318000      0.06828900     -0.99607800     -0.05625000      0.90413300      0.03795300      0.42555900     -0.00000300      0.00001800      0.00001600      0.00002100     -0.00000100      0.00000800     -0.24702000      0.07407800      0.01753100     -0.05591800     -0.33948400      0.31760000     -0.88537000     -0.03119600     -0.94455400     -0.32686900     -0.94009400     -0.08334700      0.33056800      0.00660000     -0.00235800     -0.00165000      0.00098300     -0.01470400      0.02955200     -0.30716900
     0.07202200     -0.01523400      0.37597200     -0.32519900      0.25479900     -0.91069700     -0.05021500     -0.96628400     -0.25247800     -0.94392300     -0.03669900      0.32816200      0.00039900      0.00111200      0.00091500      0.00000000      0.00000000      0.00000000     -0.14827700     -0.09394600      0.01078600      0.34521600      0.46808200      0.07233000      0.88071500     -0.06062800      0.99689800     -0.04951900     -0.88212800     -0.03032500      0.46988600     -0.00002100      0.00008600      0.00007200      0.00000000      0.00000000      0.00000000     -0.06170300      0.04361400      0.02366700     -0.01192800     -0.42182500     -0.07979600      0.90315800      0.06822700     -0.99608800     -0.05614100      0.90410600      0.03793800      0.42561900     -0.00001300      0.00005900      0.00004800      0.00001400      0.00000800      0.00000700     -0.24685700      0.07410000      0.01750200     -0.05590800     -0.33949300      0.31764700     -0.88535000     -0.03133200     -0.94454800     -0.32687200     -0.94008600     -0.08323100      0.33062000      0.00024700      0.00068600      0.00056100      0.00110000     -0.01208800      0.02613400     -0.31157700
     0.07201200     -0.01524000      0.37599300     -0.32522700      0.25477200     -0.91069400     -0.05025500     -0.96629300     -0.25243700     -0.94391100     -0.03665600      0.32820100      0.00040500      0.00112900      0.00093000      0.00000000      0.00000000      0.00000000     -0.14838500     -0.09395500      0.01077800      0.34521000      0.46806000      0.07237000      0.88072400     -0.06064900      0.99689500     -0.04955300     -0.88213800     -0.03033000      0.46986700      0.00027300     -0.00113200     -0.00093600      0.00000000      0.00000000      0.00000000     -0.06120400      0.04361000      0.02366600     -0.01192900     -0.42180200     -0.07983600      0.90316500      0.06824700     -0.99608500     -0.05617700      0.90411500      0.03794300      0.42559900      0.00016000     -0.00066700     -0.00055100     -0.00198800      0.01419500     -0.02499000     -0.24669300      0.07409600      0.01750000     -0.05589600     -0.33952000      0.31762000     -0.88534900     -0.03137200     -0.94456100     -0.32683100     -0.94007500     -0.08319100      0.33066200      0.00023600      0.00066000      0.00054200     -0.00000200     -0.00001700     -0.00002400     -0.31255700
     0.07192500     -0.01527300      0.37605600     -0.32541100      0.25451200     -0.91070100     -0.05034700     -0.96636600     -0.25213700     -0.94384200     -0.03652100      0.32841300      0.00000000      0.00000000      0.00000000      0.00000000      0.00000000      0.00000000     -0.14906900     -0.09403300      0.01075700      0.34517800      0.46794500      0.07256500      0.88076900     -0.06071000      0.99688200     -0.04974600     -0.88219500     -0.03030200      0.46976200      0.00016800     -0.00069900     -0.00057900      0.00000000      0.00000000      0.00000000     -0.06039200      0.04357100      0.02365300     -0.01194700     -0.42168300     -0.08003000      0.90320400      0.06829700     -0.99607000     -0.05637200      0.90416700      0.03791500      0.42549200      0.00010800     -0.00044800     -0.00036900      0.00000700     -0.00000300      0.00000400     -0.24587700      0.07405400      0.01748600     -0.05586300     -0.33969800      0.31735800     -0.88537400     -0.03146000     -0.94466000     -0.32653800     -0.94000800     -0.08307100      0.33088400     -0.00000300     -0.00000100      0.00000000      0.00000100     -0.00000600     -0.00000300     -0.31370000
     0.07186700     -0.01531300      0.37610100     -0.32549100      0.25444400     -0.91069100     -0.05047200     -0.96638900     -0.25202500     -0.94380800     -0.03639200      0.32852600     -0.00000300     -0.00000700     -0.00000600      0.00000000      0.00000000      0.00000000     -0.14873500     -0.09415800      0.01071100      0.34514500      0.46783100      0.07277600      0.88081100     -0.06080100      0.99686700     -0.04994100     -0.88224900     -0.03029900      0.46966100      0.00001800     -0.00007500     -0.00006200      0.00000000      0.00000000      0.00000000     -0.06055800      0.04350900      0.02362800     -0.01196500     -0.42156500     -0.08023900      0.90324100      0.06837700     -0.99605400     -0.05657100      0.90421600      0.03791300      0.42538800      0.00000100     -0.00000300     -0.00000100      0.00000100      0.00000800      0.00000800     -0.24555000      0.07402400      0.01746600     -0.05584000     -0.33977700      0.31728700     -0.88537000     -0.03158200     -0.94469400     -0.32642700     -0.93997500     -0.08295000      0.33100600     -0.00000300      0.00000200      0.00000300      0.00000400     -0.00000500      0.00000200     -0.31386400
     0.07184700     -0.01530100      0.37609700     -0.32556700      0.25428000     -0.91071000     -0.05039900     -0.96643100     -0.25187800     -0.94378500     -0.03642800      0.32858600     -0.00000000     -0.00000000     -0.00000000      0.00000000      0.00000000      0.00000000     -0.14836200     -0.09417800      0.01070700      0.34514400      0.46795400      0.07256600      0.88076400     -0.06068500      0.99688300     -0.04976000     -0.88219200     -0.03027200      0.46976900      0.00000000     -0.00000100     -0.00000100      0.00000000      0.00000000      0.00000000     -0.06055200      0.04349900      0.02362700     -0.01196500     -0.42169200     -0.08003000      0.90320000      0.06827000     -0.99607100     -0.05638400      0.90416500      0.03788500      0.42549900     -0.00000600      0.00002200      0.00001800      0.00001600      0.00001000     -0.00003100     -0.24555000      0.07401500      0.01747200     -0.05584200     -0.33984900      0.31712300     -0.88540100     -0.03150700     -0.94474600     -0.32628400     -0.93995100     -0.08299100      0.33106300     -0.00000000      0.00000300      0.00000600      0.00000200      0.00000400      0.00001300     -0.31386300
     0.07186100     -0.01528900      0.37609400     -0.32553300      0.25433300     -0.91070800     -0.05039100     -0.96641600     -0.25193600     -0.94379800     -0.03644600      0.32854900      0.00024500      0.00068400      0.00056300      0.00000000      0.00000000      0.00000000     -0.14808700     -0.09418300      0.01072700      0.34516100      0.46805800      0.07238400      0.88072300     -0.06058500      0.99689600     -0.04960400     -0.88214400     -0.03025000      0.46986100     -0.00025300      0.00105200      0.00087000      0.00000000      0.00000000      0.00000000     -0.06067000      0.04349700      0.02363500     -0.01195800     -0.42180000     -0.07984900      0.90316500      0.06817800     -0.99608700     -0.05622300      0.90412100      0.03786100      0.42559300     -0.00017000      0.00070500      0.00058300      0.00000800      0.00001100     -0.00001300     -0.24538700      0.07402100      0.01747700     -0.05584500     -0.33981600      0.31717600     -0.88539400     -0.03150000     -0.94472600     -0.32634100     -0.93996300     -0.08300600      0.33102500      0.00016300      0.00046100      0.00038100     -0.00000400      0.00000100     -0.00000500     -0.31386400
     0.07186100     -0.01528900      0.37609400     -0.32553300      0.25433300     -0.91070800     -0.05039100     -0.96641600     -0.25193600     -0.94379800     -0.03644600      0.32854900      0.00024500      0.00068400      0.00056300      0.00000000      0.00000000      0.00000000     -0.14808700     -0.09418300      0.01072700      0.34516100      0.46805800      0.07238400      0.88072300     -0.06058500      0.99689600     -0.04960400     -0.88214400     -0.03025000      0.46986100     -0.00025300      0.00105200      0.00087000      0.00000000      0.00000000      0.00000000     -0.06067000      0.04349700      0.02363500     -0.01195800     -0.42180000     -0.07984900      0.90316500      0.06817800     -0.99608700     -0.05622300      0.90412100      0.03786100      0.42559300     -0.00017000      0.00070500      0.00058300      0.00000800      0.00001100     -0.00001300     -0.24538700      0.07402100      0.01747700     -0.05584500     -0.33981600      0.31717600     -0.88539400     -0.03150000     -0.94472600     -0.32634100     -0.93996300     -0.08300600      0.33102500      0.00016300      0.00046100      0.00038100     -0.00000400      0.00000100     -0.00000500     -0.31386400
     0.07186700     -0.01531300      0.37610100     -0.32555700      0.25431100     -0.91070500     -0.05043300     -0.96642400     -0.25190000     -0.94378700     -0.03640200      0.32858500     -0.00000000     -0.00000000     -0.00000000      0.00000000      0.00000000      0.00000000     -0.14958600     -0.09406600      0.01084700      0.34526700      0.46830500      0.07194700      0.88062800     -0.06039200      0.99692800     -0.04920200     -0.88202600     -0.03025000      0.47008300     -0.01336400     -0.00268500     -0.00043000     -0.00204500      0.01520500     -0.02924500     -0.06008900      0.04355600      0.02369500     -0.01190500     -0.42204500     -0.07943300      0.90308700      0.06801600     -0.99612000     -0.05582900      0.90401900      0.03786200      0.42581100     -0.00012200      0.00050400      0.00041500      0.00000900      0.00001100     -0.00001300     -0.24538700      0.07401600      0.01747600     -0.05583900     -0.33984000      0.31714200     -0.88539700     -0.03151300     -0.94474000     -0.32630200     -0.93995500     -0.08298900      0.33105500     -0.00000200     -0.00000300     -0.00000200     -0.00000300      0.00000500      0.00000400     -0.31419000
     0.07189000     -0.01531100      0.37610300     -0.32552400      0.25437400     -0.91069900     -0.05045200     -0.96640700     -0.25195900     -0.94379700     -0.03639600      0.32855600      0.00012800      0.00035700      0.00029400      0.00000000      0.00000000      0.00000000     -0.14867100     -0.09406200      0.01083300      0.34525600      0.46835700      0.07185700      0.88060800     -0.06034300      0.99693500     -0.04912500     -0.88200200     -0.03023900      0.47012900      0.00027800     -0.00115600     -0.00095600      0.00000000      0.00000000      0.00000000     -0.06003800      0.04355600      0.02369500     -0.01190500     -0.42204500     -0.07943300      0.90308700      0.06801600     -0.99612000     -0.05582900      0.90401900      0.03786200      0.42581100     -0.00012200      0.00050400      0.00041500      0.00000900      0.00001100     -0.00001300     -0.24522400      0.07401600      0.01747600     -0.05583900     -0.33984000      0.31714200     -0.88539700     -0.03151300     -0.94474000     -0.32630200     -0.93995500     -0.08298900      0.33105500     -0.00000200     -0.00000300     -0.00000200     -0.00000300      0.00000500      0.00000400     -0.31419000
     0.07188000     -0.01530900      0.37610500     -0.32553600      0.25435200     -0.91070100     -0.05044500     -0.96641300     -0.25193800     -0.94379400     -0.03639800      0.32856600      0.00000000      0.00000000      0.00000000      0.00000000      0.00000000      0.00000000     -0.14955000     -0.09407200      0.01083100      0.34525500      0.46834600      0.07187800      0.88061200     -0.06035500      0.99693300     -0.04914300     -0.88200700     -0.03024100      0.47011900     -0.00011500      0.00048000      0.00039700      0.00000000      0.00000000      0.00000000     -0.05990700      0.04355600      0.02369500     -0.01190500     -0.42204500     -0.07943300      0.90308700      0.06801600     -0.99612000     -0.05582900      0.90401900      0.03786200      0.42581100     -0.00012200      0.00050400      0.00041500      0.00000900      0.00001100     -0.00001300     -0.24538700      0.07401600      0.01747600     -0.05583900     -0.33984000      0.31714200     -0.88539700     -0.03151300     -0.94474000     -0.32630200     -0.93995500     -0.08298900      0.33105500     -0.00000200     -0.00000300     -0.00000200     -0.00000300      0.00000500      0.00000400     -0.31419000
     0.07186100     -0.01529700      0.37611300     -0.32554900      0.25432800     -0.91070300     -0.05043800     -0.96641900     -0.25191600     -0.94378900     -0.03640100      0.32857800     -0.01371800      0.00327300      0.00210400     -0.00098400      0.01471500     -0.02955300     -0.14943400     -0.09406400      0.01084000      0.34526100      0.46836700      0.07183900      0.88060300     -0.06033300      0.99693600     -0.04910900     -0.88199700     -0.03023600      0.47013800     -0.00004700      0.00019700      0.00016300      0.00000000      0.00000000      0.00000000     -0.05974400      0.04355600      0.02369500     -0.01190500     -0.42204500     -0.07943300      0.90308700      0.06801600     -0.99612000     -0.05582900      0.90401900      0.03786200      0.42581100     -0.00012200      0.00050400      0.00041500      0.00000900      0.00001100     -0.00001300     -0.24538700      0.07401600      0.01747600     -0.05583900     -0.33984000      0.31714200     -0.88539700     -0.03151300     -0.94474000     -0.32630200     -0.93995500     -0.08298900      0.33105500     -0.00000200     -0.00000300     -0.00000200     -0.00000300      0.00000500      0.00000400     -0.31419000
     0.07183400     -0.01527600      0.37611600     -0.32556100      0.25429400     -0.91070800     -0.05040300     -0.96642700     -0.25189200     -0.94378700     -0.03642700      0.32858200      0.00000100      0.00000200      0.00000200      0.00000000      0.00000000      0.00000000     -0.15018200     -0.09405700      0.01085500      0.34527300      0.46832700      0.07190700      0.88061900     -0.06037100      0.99693100     -0.04916800     -0.88201600     -0.03024500      0.47010200     -0.00001700      0.00007200      0.00006000      0.00000000      0.00000000      0.00000000     -0.05969000      0.04355600      0.02369500     -0.01190500     -0.42204500     -0.07943300      0.90308700      0.06801600     -0.99612000     -0.05582900      0.90401900      0.03786200      0.42581100     -0.00012200      0.00050400      0.00041500      0.00000900      0.00001100     -0.00001300     -0.24522400      0.07401600      0.01747600     -0.05583900     -0.33984000      0.31714200     -0.88539700     -0.03151300     -0.94474000     -0.32630200     -0.93995500     -0.08298900      0.33105500     -0.00000200     -0.00000300     -0.00000200     -0.00000300      0.00000500      0.00000400     -0.31419000
     0.07185500     -0.01527300      0.37610600     -0.32552500      0.25434900     -0.91070600     -0.05039500     -0.96641200     -0.25195200     -0.94380000     -0.03644500      0.32854200      0.00000000      0.00000000      0.00000000      0.00000000      0.00000000      0.00000000     -0.14932700     -0.09405600      0.01084900      0.34526700      0.46839000      0.07179800      0.88059500     -0.06031100      0.99693900     -0.04907400     -0.88198700     -0.03023200      0.47015700      0.00000000     -0.00000100     -0.00000000      0.00000000      0.00000000      0.00000000     -0.06006100      0.04355600      0.02369500     -0.01190500     -0.42204500     -0.07943300      0.90308700      0.06801600     -0.99612000     -0.05582900      0.90401900      0.03786200      0.42581100     -0.00012200      0.00050400      0.00041500      0.00000900      0.00001100     -0.00001300     -0.24538700      0.07401600      0.01747600     -0.05583900     -0.33984000      0.31714200     -0.88539700     -0.03151300     -0.94474000     -0.32630200     -0.93995500     -0.08298900      0.33105500     -0.00000200     -0.00000300     -0.00000200     -0.00000300      0.00000500      0.00000400     -0.31419000
     0.07186600     -0.01526800      0.37609700     -0.32550100      0.25438400     -0.91070500     -0.05038100     -0.96640200     -0.25199200     -0.94380900     -0.03646500      0.32851400      0.00000000      0.00000000      0.00000000      0.00000000      0.00000000      0.00000000     -0.14940300     -0.09404700      0.01085800      0.34527300      0.46841100      0.07175900      0.88058700     -0.06028900      0.99694200     -0.04904000     -0.88197700     -0.03022700      0.47017600     -0.00016800      0.00069600      0.00057500      0.00000000      0.00000000      0.00000000     -0.06035400      0.04355600      0.02369500     -0.01190500     -0.42204500     -0.07943300      0.90308700      0.06801600     -0.99612000     -0.05582900      0.90401900      0.03786200      0.42581100     -0.00012200      0.00050400      0.00041500      0.00000900      0.00001100     -0.00001300     -0.24538700      0.07401600      0.01747600     -0.05583900     -0.33984000      0.31714200     -0.88539700     -0.03151300     -0.94474000     -0.32630200     -0.93995500     -0.08298900      0.33105500     -0.00000200     -0.00000300     -0.00000200     -0.00000300      0.00000500      0.00000400     -0.31419000
     0.07183600     -0.01525400      0.37609500     -0.32552200      0.25433000     -0.91071200     -0.05034100     -0.96641500     -0.25195000     -0.94380400     -0.03649300      0.32852600     -0.00022200     -0.00061900     -0.00051000      0.00000000      0.00000000      0.00000000     -0.15003400     -0.09402400      0.01089100      0.34529600      0.46841500      0.07174800      0.88058600     -0.06028400      0.99694300     -0.04903000     -0.88197600     -0.03022700      0.47017900     -0.00010900      0.00045200      0.00037300     -0.01379200      0.09796100     -0.17252100     -0.06040500      0.04355600      0.02369500     -0.01190500     -0.42204500     -0.07943300      0.90308700      0.06801600     -0.99612000     -0.05582900      0.90401900      0.03786200      0.42581100     -0.00012200      0.00050400      0.00041500      0.00000900      0.00001100     -0.00001300     -0.24522400      0.07401600      0.01747600     -0.05583900     -0.33984000      0.31714200     -0.88539700     -0.03151300     -0.94474000     -0.32630200     -0.93995500     -0.08298900      0.33105500     -0.00000200     -0.00000300     -0.00000200     -0.00000300      0.00000500      0.00000400     -0.31419000
     0.07180600     -0.01525500      0.37611900     -0.32557300      0.25426000     -0.91071400     -0.05036900     -0.96643500     -0.25186800     -0.94378500     -0.03645400      0.32858500      0.00005200      0.00014400      0.00011800      0.00000000      0.00000000      0.00000000     -0.15043400     -0.09402500      0.01089700      0.34530200      0.46842600      0.07172900      0.88058100     -0.06027400      0.99694500     -0.04901400     -0.88197100     -0.03022400      0.47018900      0.00016500     -0.00068700     -0.00056800      0.00000000      0.00000000      0.00000000     -0.06010200      0.04355600      0.02369500     -0.01190500     -0.42204500     -0.07943300      0.90308700      0.06801600     -0.99612000     -0.05582900      0.90401900      0.03786200      0.42581100     -0.00012200      0.00050400      0.00041500      0.00000900      0.00001100     -0.00001300     -0.24522400      0.07401600      0.01747600     -0.05583900     -0.33984000      0.31714200     -0.88539700     -0.03151300     -0.94474000     -0.32630200     -0.93995500     -0.08298900      0.33105500     -0.00000200     -0.00000300     -0.00000200     -0.00000300      0.00000500      0.00000400     -0.31419000
     0.07181300     -0.01527100      0.37611900     -0.32558500      0.25425000     -0.91071200     -0.05039000     -0.96643900     -0.25185100     -0.94378000     -0.03643200      0.32860200     -0.00002500     -0.00007000     -0.00005800      0.00000000      0.00000000      0.00000000     -0.14993200     -0.09406700      0.01085300      0.34527200      0.46838900      0.07180200      0.88059500     -0.06031300      0.99693900     -0.04907700     -0.88198800     -0.03023200      0.47015600      0.00026900     -0.00111700     -0.00092300      0.00000000      0.00000000      0.00000000     -0.05960300      0.04355600      0.02369500     -0.01190500     -0.42204500     -0.07943300      0.90308700      0.06801600     -0.99612000     -0.05582900      0.90401900      0.03786200      0.42581100     -0.00012200      0.00050400      0.00041500      0.00000900      0.00001100     -0.00001300     -0.24522400      0.07401600      0.01747600     -0.05583900     -0.33984000      0.31714200     -0.88539700     -0.03151300     -0.94474000     -0.32630200     -0.93995500     -0.08298900      0.33105500     -0.00000200     -0.00000300     -0.00000200     -0.00000300      0.00000500      0.00000400     -0.31419000
     0.07183100     -0.01528300      0.37611100     -0.32557100      0.25427400     -0.91071000     -0.05039700     -0.96643200     -0.25187400     -0.94378400     -0.03642900      0.32859000     -0.00004900     -0.00013600     -0.00011200      0.00000000      0.00000000      0.00000000     -0.14872200     -0.09409200      0.01082700      0.34525500      0.46832300      0.07192100      0.88062000     -0.06037800      0.99693000     -0.04918000     -0.88201800     -0.03024600      0.47009900      0.00018800     -0.00078200     -0.00064700      0.00000000      0.00000000      0.00000000     -0.05964200      0.04355600      0.02369500     -0.01190500     -0.42204500     -0.07943300      0.90308700      0.06801600     -0.99612000     -0.05582900      0.90401900      0.03786200      0.42581100     -0.00012200      0.00050400      0.00041500      0.00000900      0.00001100     -0.00001300     -0.24522400      0.07401600      0.01747600     -0.05583900     -0.33984000      0.31714200     -0.88539700     -0.03151300     -0.94474000     -0.32630200     -0.93995500     -0.08298900      0.33105500     -0.00000200     -0.00000300     -0.00000200     -0.00000300      0.00000500      0.00000400     -0.31419000
     0.07186100     -0.01528900      0.37609400     -0.32553300      0.25433300     -0.91070800     -0.05039100     -0.96641600     -0.25193600     -0.94379800     -0.03644600      0.32854900     -0.00000100     -0.00000300     -0.00000300      0.00000000      0.00000000      0.00000000     -0.14727700     -0.09408100      0.01082400      0.34523800      0.46839000      0.07179400      0.88059500     -0.06028500      0.99694000     -0.04908300     -0.88198900     -0.03020500      0.47015600      0.01334000      0.00278800      0.00051600      0.00204500     -0.01520500      0.02924500     -0.05973800      0.04355600      0.02369500     -0.01190500     -0.42204500     -0.07943300      0.90308700      0.06801600     -0.99612000     -0.05582900      0.90401900      0.03786200      0.42581100     -0.00012200      0.00050400      0.00041500      0.00000900      0.00001100     -0.00001300     -0.24522400      0.07401600      0.01747600     -0.05583900     -0.33984000      0.31714200     -0.88539700     -0.03151300     -0.94474000     -0.32630200     -0.93995500     -0.08298900      0.33105500     -0.00000200     -0.00000300     -0.00000200     -0.00000300      0.00000500      0.00000400     -0.31419000
     0.07187100     -0.01529100      0.37609200     -0.32552100      0.25435500     -0.91070600     -0.05039700     -0.96641100     -0.25195700     -0.94380100     -0.03644400      0.32853900      0.00000000      0.00000000      0.00000000      0.00000000      0.00000000      0.00000000     -0.14706600     -0.09404600      0.01085100      0.34526800      0.46840100      0.07177700      0.88059100     -0.06029900      0.99694100     -0.04905600     -0.88198200     -0.03022900      0.47016700     -0.00006300      0.00026000      0.00021500      0.00000000      0.00000000      0.00000000     -0.05987200      0.04355600      0.02369500     -0.01190500     -0.42204500     -0.07943300      0.90308700      0.06801600     -0.99612000     -0.05582900      0.90401900      0.03786200      0.42581100     -0.00012200      0.00050400      0.00041500      0.00000900      0.00001100     -0.00001300     -0.24522400      0.07401600      0.01747600     -0.05583900     -0.33984000      0.31714200     -0.88539700     -0.03151300     -0.94474000     -0.32630200     -0.93995500     -0.08298900      0.33105500     -0.00000200     -0.00000300     -0.00000200     -0.00000300      0.00000500      0.00000400     -0.31419000
     0.07187900     -0.01530000      0.37608500     -0.32551900      0.25435700     -0.91070600     -0.05039800     -0.96641000     -0.25195900     -0.94380200     -0.03644300      0.32853700     -0.00009300     -0.00025800     -0.00021200      0.00000000      0.00000000      0.00000000     -0.14588400     -0.09402600      0.01085500      0.34526800      0.46842400      0.07173400      0.88058200     -0.06027600      0.99694400     -0.04901900     -0.88197100     -0.03022500      0.47018700     -0.00000100      0.00000400      0.00000300      0.00000000      0.00000000      0.00000000     -0.05970800      0.04355600      0.02369500     -0.01190500     -0.42204500     -0.07943300      0.90308700      0.06801600     -0.99612000     -0.05582900      0.90401900      0.03786200      0.42581100     -0.00012200      0.00050400      0.00041500      0.00000900      0.00001100     -0.00001300     -0.24522400      0.07401600      0.01747600     -0.05583900     -0.33984000      0.31714200     -0.88539700     -0.03151300     -0.94474000     -0.32630200     -0.93995500     -0.08298900      0.33105500     -0.00000200     -0.00000300     -0.00000200     -0.00000300      0.00000500      0.00000400     -0.31419000
     0.07192500     -0.01533300      0.37607400     -0.32549400      0.25441500     -0.91069900     -0.05044000     -0.96639600     -0.25200600     -0.94380900     -0.03641400      0.32852100      0.01360200     -0.00359700     -0.00237100      0.00098400     -0.01471500      0.02955300     -0.13952500     -0.09404100      0.01083100      0.34525100      0.46844200      0.07170600      0.88057500     -0.06026000      0.99694600     -0.04899400     -0.88196300     -0.03022000      0.47020300      0.00007400     -0.00030600     -0.00025300      0.00000000      0.00000000      0.00000000     -0.05957000      0.04355600      0.02369500     -0.01190500     -0.42204500     -0.07943300      0.90308700      0.06801600     -0.99612000     -0.05582900      0.90401900      0.03786200      0.42581100     -0.00012200      0.00050400      0.00041500      0.00000900      0.00001100     -0.00001300     -0.24522400      0.07401600      0.01747600     -0.05583900     -0.33984000      0.31714200     -0.88539700     -0.03151300     -0.94474000     -0.32630200     -0.93995500     -0.08298900      0.33105500     -0.00000200     -0.00000300     -0.00000200     -0.00000300      0.00000500      0.00000400     -0.31419000
     0.07197000     -0.01535700      0.37604300     -0.32545100      0.25447900     -0.91069600     -0.05043500     -0.96637800     -0.25207300     -0.94382300     -0.03643000      0.32847700     -0.00000600     -0.00001600     -0.00001300      0.00000000      0.00000000      0.00000000     -0.13880000     -0.09405600      0.01080700      0.34523400      0.46838700      0.07180400      0.88059600     -0.06031400      0.99693900     -0.04907900     -0.88198800     -0.03023200      0.47015500      0.00003000     -0.00012600     -0.00010400      0.00000000      0.00000000      0.00000000     -0.05980200      0.04355600      0.02369500     -0.01190500     -0.42204500     -0.07943300      0.90308700      0.06801600     -0.99612000     -0.05582900      0.90401900      0.03786200      0.42581100     -0.00012200      0.00050400      0.00041500      0.00000900      0.00001100     -0.00001300     -0.24538700      0.07401600      0.01747600     -0.05583900     -0.33984000      0.31714200     -0.88539700     -0.03151300     -0.94474000     -0.32630200     -0.93995500     -0.08298900      0.33105500     -0.00000200     -0.00000300     -0.00000200     -0.00000300      0.00000500      0.00000400     -0.31419000
     0.07197500     -0.01534400      0.37605300     -0.32543200      0.25451700     -0.91069200     -0.05044700     -0.96636800     -0.25210900     -0.94382900     -0.03642700      0.32846000      0.00006100      0.00017000      0.00014000      0.00000000      0.00000000      0.00000000     -0.13924200     -0.09405600      0.01080700      0.34523400      0.46838700      0.07180400      0.88059600     -0.06031400      0.99693900     -0.04907900     -0.88198800     -0.03023200      0.47015500      0.00000000     -0.00000000     -0.00000000      0.00000000      0.00000000      0.00000000     -0.05932000      0.04355600      0.02369500     -0.01190500     -0.42204500     -0.07943300      0.90308700      0.06801600     -0.99612000     -0.05582900      0.90401900      0.03786200      0.42581100     -0.00012200      0.00050400      0.00041500      0.00000900      0.00001100     -0.00001300     -0.24522400      0.07401600      0.01747600     -0.05583900     -0.33984000      0.31714200     -0.88539700     -0.03151300     -0.94474000     -0.32630200     -0.93995500     -0.08298900      0.33105500     -0.00000200     -0.00000300     -0.00000200     -0.00000300      0.00000500      0.00000400     -0.31419000
     0.07194600     -0.01533000      0.37606300     -0.32545700      0.25447100     -0.91069600     -0.05043300     -0.96638000     -0.25206600     -0.94382200     -0.03643200      0.32848200      0.00001600      0.00004500      0.00003700      0.00000000      0.00000000      0.00000000     -0.13961600     -0.09405800      0.01081400      0.34523900      0.46839800      0.07178500      0.88059200     -0.06030400      0.99694000     -0.04906300     -0.88198300     -0.03023000      0.47016500     -0.00003900      0.00016100      0.00013300      0.00000000      0.00000000      0.00000000     -0.05951000      0.04355600      0.02369500     -0.01190500     -0.42204500     -0.07943300      0.90308700      0.06801600     -0.99612000     -0.05582900      0.90401900      0.03786200      0.42581100     -0.00012200      0.00050400      0.00041500      0.00000900      0.00001100     -0.00001300     -0.24522400      0.07401600      0.01747600     -0.05583900     -0.33984000      0.31714200     -0.88539700     -0.03151300     -0.94474000     -0.32630200     -0.93995500     -0.08298900      0.33105500     -0.00000200     -0.00000300     -0.00000200     -0.00000300      0.00000500      0.00000400     -0.31419000
     0.07192300     -0.01533200      0.37606100     -0.32549000      0.25440800     -0.91070200     -0.05041400     -0.96639700     -0.25200700     -0.94381100     -0.03643700      0.32851100      0.01361000     -0.00357700     -0.00235500      0.00098400     -0.01471500      0.02955300     -0.13988400     -0.09404800      0.01081600      0.34524000      0.46840900      0.07176400      0.88058700     -0.06029200      0.99694200     -0.04904500     -0.88197800     -0.03022700      0.47017500     -0.00000000      0.00000000      0.00000000      0.00000000      0.00000000      0.00000000     -0.05974900      0.04355600      0.02369500     -0.01190500     -0.42204500     -0.07943300      0.90308700      0.06801600     -0.99612000     -0.05582900      0.90401900      0.03786200      0.42581100     -0.00012200      0.00050400      0.00041500      0.00000900      0.00001100     -0.00001300     -0.24522400      0.07401600      0.01747600     -0.05583900     -0.33984000      0.31714200     -0.88539700     -0.03151300     -0.94474000     -0.32630200     -0.93995500     -0.08298900      0.33105500     -0.00000200     -0.00000300     -0.00000200     -0.00000300      0.00000500      0.00000400     -0.31419000
     0.07192700     -0.01531100      0.37605200     -0.32545400      0.25445200     -0.91070200     -0.05037800     -0.96638400     -0.25206400     -0.94382600     -0.03648000      0.32846600      0.00003100      0.00008700      0.00007200      0.00000000      0.00000000      0.00000000     -0.14029500     -0.09403800      0.01081600      0.34525200      0.46842700      0.07174000      0.88058000     -0.06030200      0.99694300     -0.04901200     -0.88196800     -0.03025000      0.47019200      0.00190700     -0.01064400      0.00856600     -0.03591400      0.00429300     -0.02151300     -0.05960800      0.04355600      0.02369500     -0.01190500     -0.42204500     -0.07943300      0.90308700      0.06801600     -0.99612000     -0.05582900      0.90401900      0.03786200      0.42581100     -0.00012200      0.00050400      0.00041500      0.00000900      0.00001100     -0.00001300     -0.24522400      0.07401600      0.01747600     -0.05583900     -0.33984000      0.31714200     -0.88539700     -0.03151300     -0.94474000     -0.32630200     -0.93995500     -0.08298900      0.33105500     -0.00000200     -0.00000300     -0.00000200     -0.00000300      0.00000500      0.00000400     -0.31419000
     0.07192800     -0.01530300      0.37604500     -0.32544100      0.25446400     -0.91070400     -0.05035800     -0.96638000     -0.25208400     -0.94383100     -0.03650100      0.32844700      0.00090200      0.00999400     -0.00951600      0.03467200     -0.01766700      0.01604400     -0.14036300     -0.09401900      0.01082700      0.34525800      0.46846100      0.07167900      0.88056700     -0.06026800      0.99694700     -0.04895900     -0.88195200     -0.03024300      0.47022200     -0.00003900      0.00016300      0.00013500      0.00000000      0.00000000      0.00000000     -0.05982800      0.04355600      0.02369500     -0.01190500     -0.42204500     -0.07943300      0.90308700      0.06801600     -0.99612000     -0.05582900      0.90401900      0.03786200      0.42581100     -0.00012200      0.00050400      0.00041500      0.00000900      0.00001100     -0.00001300     -0.24522400      0.07401600      0.01747600     -0.05583900     -0.33984000      0.31714200     -0.88539700     -0.03151300     -0.94474000     -0.32630200     -0.93995500     -0.08298900      0.33105500     -0.00000200     -0.00000300     -0.00000200     -0.00000300      0.00000500      0.00000400     -0.31419000
     0.07191700     -0.01530100      0.37604700     -0.32545300      0.25444200     -0.91070600     -0.05035100     -0.96638500     -0.25206300     -0.94382800     -0.03650300      0.32845700     -0.00004000     -0.00011200     -0.00009200      0.00000000      0.00000000      0.00000000     -0.14057500     -0.09400400      0.01085000      0.34528700      0.46852200      0.07157800      0.88054300     -0.06023600      0.99695400     -0.04886000     -0.88192200     -0.03025600      0.47027700      0.00169200     -0.00974800      0.00930700     -0.03591300      0.00429000     -0.02151500     -0.06031600      0.04355600      0.02369500     -0.01190500     -0.42204500     -0.07943300      0.90308700      0.06801600     -0.99612000     -0.05582900      0.90401900      0.03786200      0.42581100     -0.00012200      0.00050400      0.00041500      0.00000900      0.00001100     -0.00001300     -0.24522400      0.07401600      0.01747600     -0.05583900     -0.33984000      0.31714200     -0.88539700     -0.03151300     -0.94474000     -0.32630200     -0.93995500     -0.08298900      0.33105500     -0.00000200     -0.00000300     -0.00000200     -0.00000300      0.00000500      0.00000400     -0.31419000
     0.07188900     -0.01528700      0.37605700     -0.32547800      0.25439600     -0.91071000     -0.05033700     -0.96639700     -0.25202000     -0.94382000     -0.03650800      0.32848000      0.00001300      0.00003700      0.00003000      0.00000000      0.00000000      0.00000000     -0.14051900     -0.09400600      0.01085700      0.34529300      0.46853200      0.07156000      0.88053900     -0.06022600      0.99695600     -0.04884400     -0.88191700     -0.03025400      0.47028700     -0.00000900      0.00003800      0.00003100      0.00000000      0.00000000      0.00000000     -0.06010700      0.04355600      0.02369500     -0.01190500     -0.42204500     -0.07943300      0.90308700      0.06801600     -0.99612000     -0.05582900      0.90401900      0.03786200      0.42581100     -0.00012200      0.00050400      0.00041500      0.00000900      0.00001100     -0.00001300     -0.24522400      0.07401600      0.01747600     -0.05583900     -0.33984000      0.31714200     -0.88539700     -0.03151300     -0.94474000     -0.32630200     -0.93995500     -0.08298900      0.33105500     -0.00000200     -0.00000300     -0.00000200     -0.00000300      0.00000500      0.00000400     -0.31419000
     0.07187100     -0.01527500      0.37606500     -0.32549100      0.25437200     -0.91071200     -0.05033000     -0.96640400     -0.25199700     -0.94381500     -0.03651100      0.32849100      0.00004100      0.00011500      0.00009500      0.00000000      0.00000000      0.00000000     -0.14138300     -0.09400600      0.01085700      0.34529300      0.46853200      0.07156000      0.88053900     -0.06022600      0.99695600     -0.04884400     -0.88191700     -0.03025400      0.47028700     -0.00000000      0.00000100      0.00000000      0.00000000      0.00000000      0.00000000     -0.06031800      0.04355600      0.02369500     -0.01190500     -0.42204500     -0.07943300      0.90308700      0.06801600     -0.99612000     -0.05582900      0.90401900      0.03786200      0.42581100     -0.00012200      0.00050400      0.00041500      0.00000900      0.00001100     -0.00001300     -0.24522400      0.07401600      0.01747600     -0.05583900     -0.33984000      0.31714200     -0.88539700     -0.03151300     -0.94474000     -0.32630200     -0.93995500     -0.08298900      0.33105500     -0.00000200     -0.00000300     -0.00000200     -0.00000300      0.00000500      0.00000400     -0.31419000
