     0.14908300     -0.05014900      0.31724600     -0.22901600      0.45735200     -0.85931700     -0.73895800     -0.65626700     -0.15240500     -0.63336700      0.59952500      0.48933000     -0.00020800     -0.00157800     -0.00190100      0.00000000      0.00000000     -0.00000000     -0.26726900     -0.19236900     -0.04063700      0.31834800     -0.59748200      0.22501900      0.76965800      0.23582600     -0.86796800      0.43698100      0.76709500      0.44231000      0.46453300     -0.21431900      0.04513900      0.00326300      4.24703800      1.57631500      5.62695400     -0.56775300      0.03146600      0.02435800     -0.02086400      0.57827400     -0.22215000      0.78501400     -0.22347000      0.88228200      0.41429200     -0.78463900     -0.41500200      0.46055700     -0.10722800      0.02173300      0.00101300      4.19990300      1.57826200      5.68451900     -0.69182300      0.07433800      0.01435900     -0.06648500      0.34262300     -0.40176100     -0.84923200      0.65151500      0.75287300     -0.09332100      0.67685700     -0.52131500      0.51970500     -0.00010100      0.00432300     -0.00562400      0.03438100     -0.01313500      0.01901400     -0.42882000
     0.14903400     -0.05006000      0.31714200     -0.23180400      0.45593400     -0.85932300     -0.73482100     -0.66087700     -0.15248600     -0.63715000      0.59553200      0.48929400     -0.01563200      0.00087600      0.00095200     -0.00098400      0.01471500     -0.02955300     -0.21807500     -0.20103100     -0.03921400      0.31792300     -0.60506700      0.36639300      0.70685300      0.05379900     -0.86687200      0.49555200      0.79505800      0.33741200      0.50388400     -0.21467800      0.01972100     -0.00687900      4.23734500      1.69987100      4.88664100     -0.58986100      0.02721600      0.02506700     -0.02106800      0.58410900     -0.36161500      0.72667100     -0.04673400      0.87880500      0.47488600     -0.81032900     -0.31134500      0.49641800     -0.11502800      0.00920800     -0.00359900      0.61436300     -0.83881600      2.23466200     -0.76481400      0.07432000      0.01440100     -0.06654100      0.34515800     -0.39999800     -0.84903800      0.64683200      0.75686300     -0.09361800      0.68005300     -0.51687300      0.51996900      0.00000900      0.00005100      0.00005900     -0.00094300     -0.00015400      0.00055300     -0.41902300
     0.14864800     -0.05008800      0.31721900     -0.23199300      0.45318900     -0.86072300     -0.73459900     -0.66159900     -0.15040800     -0.63733600      0.59682700      0.48747100     -0.01563000      0.00089900      0.00097100     -0.01356600     -0.12814200     -0.10347900     -0.15984300     -0.20919100     -0.03919000      0.31788100     -0.56552500      0.45180500      0.68996000     -0.07741000     -0.86188100      0.50110100      0.82175400      0.22941100      0.52149100     -0.18459700     -0.00852500     -0.00074600      1.04116900      1.12418400     -0.66350300     -0.51983500      0.02305700      0.02507800     -0.02110200      0.54177800     -0.45083100      0.70938400      0.09051500      0.87036800      0.48401000     -0.83563300     -0.19801600      0.51235400     -0.09238200     -0.00487400     -0.00094600      1.00687600      1.12623000     -0.63226700     -0.74717900      0.07412700      0.01438900     -0.06650000      0.34507500     -0.39737400     -0.85030300      0.64646700      0.75742100     -0.09161500      0.68044300     -0.51807900      0.51825600      0.00000200      0.00001200      0.00002100     -0.01978200     -0.19680800     -0.10026700     -0.38358800
     0.14818800     -0.05019100      0.31733500     -0.23290600      0.45290100     -0.86062800     -0.73467200     -0.66173000     -0.14947500     -0.63691900      0.59689900      0.48792700     -0.00011500     -0.00085200     -0.00102700     -0.00000200     -0.00002600     -0.00001300     -0.12259700     -0.21508900     -0.03991000      0.31766000     -0.54766900      0.45511800      0.70208100     -0.11828900     -0.87271200      0.47361900      0.82893700      0.17577200      0.53087800     -0.11019900     -0.01800100     -0.01617100      0.32853500     -0.67737400      0.53470000     -0.34441400      0.02014800      0.02472200     -0.02120900      0.52289600     -0.45259700      0.72231200      0.13162400      0.88009900      0.45617900     -0.84217200     -0.14346100      0.51977300     -0.05516700     -0.00949200     -0.00851100      0.50104100     -0.35694700     -0.04503200     -0.61752600      0.07389700      0.01433900     -0.06643900      0.34589000     -0.39681300     -0.85023400      0.64641800      0.75758400     -0.09059800      0.68007500     -0.51827000      0.51854800     -0.00008000     -0.00058300     -0.00069500     -0.00091000      0.01560100     -0.02418000     -0.34848100
     0.14802400     -0.05021400      0.31737200     -0.23234000      0.45040200     -0.86209100     -0.73455100     -0.66218300     -0.14805400     -0.63726500      0.59828800      0.48576900     -0.01563400      0.00089900      0.00095800     -0.00393900     -0.01838000     -0.04665700     -0.11047700     -0.21678000     -0.04026400      0.31719500     -0.55293200      0.45238200      0.69972000     -0.13073100     -0.87638500      0.46345700      0.82356000      0.16422300      0.54280900     -0.06549000     -0.01227500     -0.03279400      0.44488500     -0.91029400      0.38069400     -0.29100200      0.01928500      0.02454000     -0.02143700      0.52784700     -0.45051400      0.72000900      0.14413200      0.88294700      0.44680000     -0.83702000     -0.13206500      0.53099500     -0.03269100     -0.01221400     -0.01274900      0.54494700     -1.09210700      0.24845600     -0.54943400      0.07381500      0.01432600     -0.06642400      0.34496600     -0.39412900     -0.85185600      0.64615000      0.75799800     -0.08904000      0.68079900     -0.51971100      0.51615000     -0.00000100      0.00000300      0.00001100      0.00723600     -0.09978600      0.17068200     -0.33541800
     0.14791600     -0.05024800      0.31737900     -0.23184200      0.44787600     -0.86354000     -0.73440100     -0.66267600     -0.14658700     -0.63761900      0.59964000      0.48363200     -0.00016500     -0.00121800     -0.00146800     -0.00295900     -0.01063500     -0.03792100     -0.10164000     -0.21793900     -0.04080800      0.31554100     -0.55651600      0.46823500      0.68632200     -0.16987500     -0.87265000      0.45777500      0.81394700      0.13758800      0.56428900     -0.00501300     -0.01803100     -0.04224000      3.96263300      2.30374300      3.10593300     -0.11697400      0.01868300      0.02426600     -0.02224700      0.53555000     -0.46301900      0.70625600      0.17818700      0.87942500      0.44142900     -0.82549000     -0.11056300      0.55348000     -0.00248500     -0.00896100     -0.02099000      0.20741200     -0.25897600      0.00948400     -0.41080000      0.07375500      0.01431200     -0.06641700      0.34422200     -0.39165100     -0.85329900      0.64584500      0.75842900     -0.08757300      0.68146500     -0.52095400      0.51401400     -0.00000600     -0.00005000     -0.00005800      0.00286800      0.00440800      0.00064100     -0.32088500
     0.14799700     -0.05025800      0.31736700     -0.23170000      0.44792500     -0.86355300     -0.73443000     -0.66261800     -0.14670700     -0.63763900      0.59966700      0.48357400     -0.00000100     -0.00000500     -0.00000600     -0.00000000     -0.00000500     -0.00000300     -0.10344200     -0.21697600     -0.04169200      0.31427000     -0.53858900      0.47764500      0.69409500     -0.18285200     -0.87032600      0.45719900      0.82312700      0.11873300      0.55518200      0.05821500     -0.03532600     -0.02260800     -0.24091400      0.20108500      0.38041700      0.08596200      0.01913700      0.02381400     -0.02292400      0.51465800     -0.47467400      0.71401000      0.19565700      0.87581400      0.44121100     -0.83477200     -0.08737100      0.54361800      0.02149700     -0.01697400     -0.01018900     -0.36359900      0.42600200      0.25333600     -0.21289200      0.07379600      0.01430400     -0.06642600      0.34422600     -0.39198300     -0.85314500      0.64589700      0.75835500     -0.08782500      0.68141300     -0.52081200      0.51422700      0.00000100      0.00001300      0.00001500     -0.00011800      0.00100700      0.00064200     -0.31761900
     0.14809000     -0.05026200      0.31734800     -0.23151700      0.44798700     -0.86357000     -0.73444900     -0.66256000     -0.14687100     -0.63768300      0.59968500      0.48349300      0.01563000     -0.00093800     -0.00100700      0.00098400     -0.01471500      0.02955300     -0.10410500     -0.21593300     -0.04253500      0.31401700     -0.52644500      0.48179100      0.70051700     -0.17788200     -0.86802900      0.46348400      0.83201500      0.11879100      0.54175900      0.05915500     -0.04332000     -0.01086200     -0.36159400      0.40880800      0.24871500      0.19498800      0.01964100      0.02341400     -0.02305600      0.50229700     -0.47853900      0.72020700      0.19044500      0.87367500      0.44768700     -0.84346200     -0.08771200      0.52997900      0.02961600     -0.02143300     -0.00516900     -0.53512800      0.60850900      0.40747200     -0.08193300      0.07383600      0.01430200     -0.06643500      0.34407800     -0.39206600     -0.85316600      0.64593200      0.75830800     -0.08797300      0.68145500     -0.52081800      0.51416600     -0.00000100     -0.00000100     -0.00000200     -0.00022100      0.00010900      0.00019900     -0.31745600
     0.14823300     -0.05026600      0.31735900     -0.23203100      0.45051600     -0.86211500     -0.73466400     -0.66200700     -0.14827900     -0.63724800      0.59839700      0.48565800      0.00001200      0.00008800      0.00010600      0.00663000      0.07459100      0.03854200     -0.10536300     -0.21372700     -0.04454700      0.31470700     -0.48291300      0.52376100      0.70175600     -0.20342600     -0.84648200      0.49195500      0.85227800      0.09416400      0.51441000      0.04776000     -0.04457200      0.03096000     -0.20908400      0.82680500      0.62623400      0.25724600      0.02076200      0.02236700     -0.02275200      0.45798900     -0.51933600      0.72148100      0.21452600      0.85218500      0.47723900     -0.86268300     -0.06379400      0.50170300      0.03171600     -0.02177300      0.01574800      0.48625000      1.54459500      1.39721400      0.10552500      0.07391300      0.01430000     -0.06642900      0.34489900     -0.39471900     -0.85161000      0.64630900      0.75780900     -0.08949000      0.68068200     -0.51953900      0.51647800      0.00000600      0.00005200      0.00005900      0.00480800      0.07311400      0.03892800     -0.31810900
     0.14833700     -0.05028400      0.31733900     -0.23186100      0.45057600     -0.86212900     -0.73469800     -0.66193800     -0.14842100     -0.63727000      0.59842900      0.48558900     -0.00000800     -0.00006000     -0.00007300      0.00000100      0.00001600      0.00000800     -0.10683100     -0.21158500     -0.04560200      0.31637100     -0.43803300      0.57865600      0.68795100     -0.26650600     -0.81437100      0.51546900      0.85905900      0.04173000      0.51004000      0.06534000     -0.00412300      0.03514700      1.08649300      0.71293800      1.19881700      0.32302700      0.02182700      0.02182100     -0.02192400      0.41166400     -0.57334700      0.70838200      0.27544900      0.81922500      0.50298800     -0.86871100     -0.01193900      0.49517300      0.02534800     -0.00644200      0.02325200      3.76660100      2.80145000      2.93674700      0.19419100      0.07396500      0.01429100     -0.06644000      0.34465200     -0.39465300     -0.85174000      0.64638500      0.75773800     -0.08954000      0.68073400     -0.51969300      0.51625400     -0.00000400     -0.00002600     -0.00003200     -0.00031400     -0.00161800     -0.00070600     -0.31892500
     0.14833700     -0.05027600      0.31733200     -0.23184500      0.45057900     -0.86213200     -0.73468400     -0.66194700     -0.14844500     -0.63729200      0.59841600      0.48557700     -0.00000000     -0.00000000     -0.00000000      0.00000000      0.00000000      0.00000000     -0.10654400     -0.20997600     -0.04563800      0.31793900     -0.42046300      0.59099400      0.68842500     -0.29517200     -0.80648800      0.51223500      0.85844500      0.01143800      0.51264500      0.01899700      0.01156100      0.03407600      0.19838600     -0.28529900     -0.04613600      0.39982900      0.02265200      0.02181700     -0.02111700      0.39225500     -0.58622100      0.70885800      0.30535500      0.80990300      0.50081300     -0.86769400      0.02000700      0.49669400      0.01723100      0.00591000      0.01681700      0.42506400     -0.41565900     -0.05253000      0.28988000      0.07396500      0.01429500     -0.06644300      0.34463100     -0.39464600     -0.85175200      0.64637300      0.75774700     -0.08955900      0.68075700     -0.51968500      0.51623100     -0.00000200      0.00000200      0.00000600     -0.00002400     -0.00004000      0.00000900     -0.31974200
     0.14833700     -0.05027600      0.31733200     -0.23184500      0.45057900     -0.86213200     -0.73468400     -0.66194700     -0.14844500     -0.63729200      0.59841600      0.48557700     -0.00000000     -0.00000000     -0.00000000      0.00000000      0.00000000      0.00000000     -0.10657600     -0.20962400     -0.04549800      0.31871100     -0.40204600      0.60168300      0.69016500     -0.31772600     -0.79851900      0.51122500      0.85919300     -0.01449500      0.51131300      0.01910500      0.01266800      0.03522400      3.77875900      2.87311500      2.73835800      0.43433900      0.02282900      0.02189100     -0.02072700      0.37844100     -0.59368400      0.71015500      0.32355000      0.80366500      0.49943800     -0.86723500      0.04076300      0.49622600      0.00208800      0.00165900      0.02314000     -0.07516100     -0.00497800      0.05640800      0.34392900      0.07396500      0.01429500     -0.06644300      0.34463000     -0.39464600     -0.85175300      0.64637300      0.75774700     -0.08955900      0.68075700     -0.51968600      0.51623100     -0.00000200      0.00000100      0.00000600     -0.00002200     -0.00000100      0.00001600     -0.31990500
     0.14834700     -0.05028800      0.31731800     -0.23186300      0.45057400     -0.86213000     -0.73468100     -0.66195400     -0.14843100     -0.63728900      0.59841200      0.48558400     -0.00011000     -0.00082300     -0.00099200      0.00000000      0.00000000      0.00000000     -0.10531100     -0.20971400     -0.04552400      0.32046900     -0.32023400      0.64760600      0.69141000     -0.41570700     -0.75179300      0.51179100      0.85162200     -0.12433300      0.50906300     -0.01149800     -0.01243400      0.04967400      4.17102700      3.19163400      3.11943200      0.45455500      0.02279400      0.02189800     -0.01981900      0.29291800     -0.63933300      0.71095000      0.42350000      0.75340200      0.50302200     -0.85723100      0.15374300      0.49144300     -0.00568800     -0.00626300      0.02453100      4.16574300      3.19687200      3.12736500      0.40565300      0.07397100      0.01429100     -0.06644800      0.34464700     -0.39463800     -0.85175000      0.64636800      0.75775200     -0.08954500      0.68075300     -0.51968300      0.51623900     -0.00007300     -0.00055000     -0.00065900     -0.00000800      0.00002100      0.00003400     -0.31892500
     0.14837900     -0.05031200      0.31728900     -0.23187500      0.45057100     -0.86212800     -0.73467900     -0.66195900     -0.14842200     -0.63728800      0.59840900      0.48559000     -0.00012400     -0.00092300     -0.00111300      0.00000000      0.00000000      0.00000000     -0.10587700     -0.21033600     -0.04609800      0.32208800     -0.22844800      0.69206100      0.68472900     -0.51577300     -0.68245400      0.51785100      0.82595300     -0.23571900      0.51195900     -0.02816700     -0.00779400      0.03455500     -0.11681900     -1.39338700      2.37663900      0.46488800      0.02249400      0.02161700     -0.01902000      0.19903000     -0.68016900      0.70551900      0.52303100      0.68254000      0.51046700     -0.82874900      0.26741000      0.49159500     -0.00632100     -0.01001200      0.02046800      1.12184900      0.80776400      0.73830300      0.43471800      0.07398700      0.01427900     -0.06646300      0.34465800     -0.39463400     -0.85174700      0.64636500      0.75775600     -0.08953600      0.68075100     -0.51968100      0.51624400     -0.00007900     -0.00059800     -0.00072200     -0.00001800      0.00000300      0.00000200     -0.31876200
     0.14840300     -0.05030800      0.31729400     -0.23180700      0.45059400     -0.86213400     -0.73469200     -0.66193100     -0.14847800     -0.63729700      0.59842200      0.48556200      0.00009200      0.00068700      0.00082900      0.00000000      0.00000000      0.00000000     -0.10732200     -0.21108400     -0.04612900      0.32347800     -0.22305900      0.70919800      0.66878600     -0.54070700     -0.66077200      0.52053000      0.81134000     -0.24638700      0.52998600     -0.01210000      0.00998300      0.03300900      0.16356800     -0.34434100     -0.07582600      0.45663000      0.02210600      0.02158100     -0.01833000      0.19376000     -0.69965300      0.68770700      0.54797700      0.65863100      0.51568000     -0.81374300      0.27693000      0.51101000     -0.00605400      0.00519400      0.01677300      0.13636100     -0.32249800     -0.07819400      0.43488200      0.07399800      0.01427700     -0.06646500      0.34459400     -0.39466600     -0.85175800      0.64638600      0.75773100     -0.08959100      0.68076300     -0.51969200      0.51621700      0.00006500      0.00047500      0.00057300      0.00000100      0.00000300      0.00001500     -0.31941500
     0.14839200     -0.05030700      0.31729500     -0.23183100      0.45058600     -0.86213200     -0.73468800     -0.66194100     -0.14845900     -0.63729400      0.59841800      0.48557200      0.00000100      0.00001000      0.00001200      0.00000000      0.00000000      0.00000000     -0.10705700     -0.21141300     -0.04579100      0.32419400     -0.22851500      0.71489700      0.66082900     -0.54893200     -0.65511500      0.51906900      0.80427300     -0.24502100      0.54127000     -0.02649200      0.01686700      0.04137800      0.03348300     -0.78014100      0.52108800      0.45780800      0.02195000      0.02173700     -0.01799500      0.19924500     -0.70496200      0.68068200      0.55601700      0.65330100      0.51385000     -0.80693600      0.27608900      0.52213800     -0.00566500      0.00809000      0.02001700     -0.27589800     -2.02809900      2.21159900      0.43226900      0.07399300      0.01428000     -0.06646200      0.34461600     -0.39465600     -0.85175400      0.64637900      0.75773900     -0.08957200      0.68075800     -0.51968900      0.51622700      0.00000100      0.00000800      0.00000800     -0.00001100     -0.00001700     -0.00001400     -0.31941500
     0.14832100     -0.05031700      0.31729900     -0.23200700      0.45052700     -0.86211500     -0.73466900     -0.66199700     -0.14830000     -0.63725000      0.59840000      0.48565100     -0.00001300     -0.00009800     -0.00011800      0.00000000      0.00000000      0.00000000     -0.10605900     -0.21197300     -0.04475800      0.32562400     -0.19890100      0.73720300      0.64572500     -0.58814500     -0.61673600      0.52312100      0.78412600     -0.27664500      0.55540700     -0.02627600      0.03090900      0.03595600      0.02432100     -0.03256100      0.04159200      0.48239500      0.02167200      0.02225500     -0.01727000      0.16984900     -0.72741100      0.66484800      0.59394100      0.61391200      0.51994700     -0.78637400      0.30656900      0.53631200     -0.00551500      0.01530500      0.01749700      0.00753300     -0.06011600      0.24826700      0.44582200      0.07395700      0.01427500     -0.06646000      0.34478100     -0.39457400     -0.85172500      0.64634400      0.75778800     -0.08941400      0.68070800     -0.51967900      0.51630200     -0.00782600      0.00039400      0.00041500     -0.00098000      0.01471500     -0.02954800     -0.31941500
     0.14823800     -0.05032000      0.31731100     -0.23218700      0.45046700     -0.86209800     -0.73465000     -0.66205400     -0.14813900     -0.63720600      0.59838200      0.48573000     -0.01562500      0.00098600      0.00106700     -0.00098400      0.01471500     -0.02955300     -0.10527500     -0.21271900     -0.04343200      0.32696900     -0.14831400      0.76593800      0.62556600     -0.62193700     -0.56394800      0.54322300      0.76903700     -0.30944500      0.55918700     -0.02610400      0.03103200      0.03562100      3.35421000      3.12496600      3.22050700      0.51143400      0.02130400      0.02290900     -0.01660000      0.12339400     -0.75443000      0.64467700      0.62241700      0.56481200      0.54183400     -0.77289700      0.33439900      0.53926400     -0.00551500      0.01494600      0.01687700     -0.15298500      0.22494500      0.20467400      0.48207300      0.07392200      0.01427300     -0.06645400      0.34492800     -0.39450200     -0.85169900      0.64631500      0.75783000     -0.08927300      0.68066200     -0.51967300      0.51637000      0.00000700      0.00005400      0.00006700      0.00000000      0.00000400      0.00000300     -0.31925200
     0.14821600     -0.05032100      0.31732600     -0.23223000      0.45045400     -0.86209300     -0.73465900     -0.66205500     -0.14809200     -0.63718100      0.59839100      0.48575300      0.00000400      0.00003200      0.00003900      0.00000000      0.00000000      0.00000000     -0.10574500     -0.21297200     -0.04288200      0.32758900     -0.13158300      0.77338400      0.62012500     -0.63088100     -0.54775200      0.54944500      0.76476000     -0.31988700      0.55917600     -0.01067800      0.01847500      0.04146000     -0.04574300     -0.00247900      0.07196300      0.52580600      0.02116300      0.02321400     -0.01626400      0.10122400     -0.76250000      0.63902000      0.63394400      0.54446200      0.54925000     -0.76672500      0.34950600      0.53849500     -0.00537800      0.00915000      0.02066500     -0.00127300     -0.03216400      0.04416600      0.50134100      0.07390500      0.01427300     -0.06644600      0.34499000     -0.39447300     -0.85168700      0.64631300      0.75783900     -0.08920600      0.68063200     -0.51968200      0.51640000      0.00000200      0.00001400      0.00001900     -0.00000900      0.00000000     -0.00001300     -0.31892600
     0.14820100     -0.05034200      0.31729900     -0.23233500      0.45041900     -0.86208300     -0.73463800     -0.66209800     -0.14800500     -0.63716700      0.59837000      0.48579700     -0.00016900     -0.00125300     -0.00151200     -0.00081900      0.01328300     -0.02556300     -0.10501000     -0.21321200     -0.04212600      0.32874000     -0.09615300      0.78274600      0.61486200     -0.65140200     -0.51644800      0.55578000      0.75268800     -0.34805300      0.55873400     -0.01212600      0.00824100      0.03003300      0.27114600      0.27771400      0.28262200      0.53246300      0.02104800      0.02359600     -0.01569300      0.06736700     -0.77093200      0.63334400      0.65300000      0.51401300      0.55621900     -0.75435500      0.37610300      0.53804600     -0.00602300      0.00435900      0.01498800      3.34988300      3.16727900      2.91668200      0.51554700      0.07389800      0.01426500     -0.06645600      0.34506900     -0.39443400     -0.85167300      0.64628700      0.75786900     -0.08913700      0.68061600     -0.51966800      0.51643500     -0.00000900     -0.00007300     -0.00008700      0.00000200      0.00000600      0.00000200     -0.31876200
     0.14823200     -0.05037200      0.31726400     -0.23222600      0.45045600     -0.86209300     -0.73466000     -0.66205300     -0.14809600     -0.63718100      0.59839100      0.48575200     -0.00012000     -0.00089400     -0.00107800      0.00000000      0.00000000      0.00000000     -0.10549600     -0.21334300     -0.04222100      0.32973100     -0.05406700      0.78919200      0.61175500     -0.67589800     -0.47977500      0.55938400      0.73502400     -0.38421900      0.55855100      0.00212800     -0.01166000      0.02807300      0.94339600      0.93864200      0.91683000      0.53314700      0.02097900      0.02356300     -0.01518900      0.02524300     -0.77651800      0.62958800      0.67667900      0.47684700      0.56100100     -0.73584400      0.41186800      0.53749000      0.00104300     -0.00596500      0.01361900      3.30044700      3.10574600      3.07991100      0.51995600      0.07391300      0.01424800     -0.06647700      0.34498700     -0.39447600     -0.85168800      0.64631400      0.75783800     -0.08921000      0.68063300     -0.51968200      0.51639900     -0.00006300     -0.00047400     -0.00057200      0.00000500     -0.00000100      0.00000300     -0.31859900
     0.14825400     -0.05038500      0.31724900     -0.23222000      0.45045900     -0.86209400     -0.73466100     -0.66205100     -0.14810100     -0.63718200      0.59839200      0.48575000     -0.00005600     -0.00041500     -0.00050100      0.00000000      0.00000000      0.00000000     -0.10615100     -0.21325500     -0.04259300      0.33036300     -0.05896800      0.78915200      0.61135400     -0.67675000     -0.48169700      0.55669800      0.73387000     -0.38188500      0.56166100      0.00232100     -0.02347600      0.03562700      0.14540400     -0.31395600     -0.21805500      0.53392700      0.02102300      0.02336700     -0.01486700      0.02787200     -0.77656500      0.62942000      0.67818500      0.47727200      0.55881600     -0.73436100      0.41128900      0.53995700      0.00109300     -0.01206200      0.01747800      0.23571600     -0.39403100     -0.25752300      0.52093600      0.07392400      0.01424100     -0.06648500      0.34498100     -0.39447900     -0.85168800      0.64631600      0.75783600     -0.08921500      0.68063400     -0.51968300      0.51639800     -0.00003100     -0.00023800     -0.00028800      0.00000100      0.00000400      0.00000500     -0.31859900
     0.14826300     -0.05040800      0.31722100     -0.23227800      0.45044000     -0.86208800     -0.73464900     -0.66207400     -0.14805300     -0.63717400      0.59838000      0.48577500     -0.00008500     -0.00063500     -0.00076700      0.00000000      0.00000000      0.00000000     -0.10308100     -0.21297700     -0.04363000      0.33187200     -0.07834900      0.78985700      0.60825800     -0.68202200     -0.48736600      0.54520900      0.72717000     -0.37310900      0.57608700      0.00285100     -0.03299200      0.04565700      0.37523200     -0.66190500     -0.43569400      0.53391800      0.02116000      0.02285300     -0.01413800      0.04622100     -0.77773700      0.62688800      0.68355000      0.48225100      0.54789700     -0.72843800      0.40318500      0.55391300      0.00121100     -0.01120900      0.01837100      0.48934600     -0.79366600     -0.48783800      0.52158900      0.07392800      0.01422900     -0.06649900      0.34503600     -0.39445200     -0.85167800      0.64629900      0.75785600     -0.08916700      0.68062300     -0.51967300      0.51642200     -0.00004300     -0.00032500     -0.00039300      0.00000300      0.00000800      0.00000700     -0.31827200
     0.14824600     -0.05043900      0.31716800     -0.23242900      0.45038800     -0.86207400     -0.73460200     -0.66215100     -0.14794100     -0.63717300      0.59833300      0.48583300     -0.00020700     -0.00153700     -0.00185600     -0.00081900      0.01328300     -0.02556300     -0.10225300     -0.21291300     -0.04410700      0.33315400     -0.10135000      0.79443700      0.59882400     -0.69565900     -0.48677800      0.52824200      0.71126700     -0.36402600      0.60120500      0.00217100      0.00190800      0.02227500      0.65493900     -0.99604700     -0.32002400      0.53296900      0.02119100      0.02259600     -0.01349400      0.06910400     -0.78294300      0.61824200      0.69731600      0.48109400      0.53131600     -0.71342300      0.39439400      0.57920500      0.00133100     -0.00377600      0.01619300      0.33348500     -0.55541400     -0.29514500      0.52109900      0.07392000      0.01421600     -0.06652300      0.34517700     -0.39438100     -0.85165400      0.64623400      0.75792400     -0.08905700      0.68061200     -0.51962800      0.51648100     -0.00009800     -0.00074800     -0.00090400     -0.00082000      0.01328500     -0.02555400     -0.31696600
     0.14822000     -0.05046200      0.31715600     -0.23255300      0.45034900     -0.86206200     -0.73459500     -0.66218500     -0.14782600     -0.63713700      0.59832600      0.48589100     -0.01577000     -0.00004000     -0.00017100     -0.00098400      0.01471500     -0.02955300     -0.10203900     -0.21293700     -0.04409600      0.33363900     -0.10997600      0.79678700      0.59416100     -0.69954300     -0.48659900      0.52325500      0.70617000     -0.35908400      0.61012000      0.00219400      0.00207800      0.02242200      0.23507400     -0.43227100     -0.00518800      0.53278600      0.02118000      0.02260300     -0.01325000      0.08067300     -0.78589400      0.61307500      0.70238000      0.48124000      0.52447100     -0.70721500      0.38830100      0.59081900      0.00114500      0.00150700      0.01171400      0.21339100     -0.37478800     -0.17438400      0.52077200      0.07391300      0.01420300     -0.06653100      0.34527200     -0.39433700     -0.85163600      0.64622200      0.75794600     -0.08896200      0.68057600     -0.51963000      0.51652700     -0.00007900     -0.00058400     -0.00070600     -0.00000100     -0.00000900      0.00000500     -0.31696600
     0.14820400     -0.05050300      0.31712200     -0.23271500      0.45029700     -0.86204500     -0.73457900     -0.66223500     -0.14768100     -0.63709500      0.59831000      0.48596500     -0.00018700     -0.00139200     -0.00168200     -0.00081900      0.01328200     -0.02556300     -0.10021200     -0.21313100     -0.04387100      0.33440600     -0.12059500      0.79981400      0.58800100     -0.70448000     -0.48616100      0.51700000      0.69951000     -0.35288000      0.62130900      0.00212000      0.00155800      0.02180200      0.17362300     -0.28634800     -0.11780500      0.53291600      0.02108300      0.02271800     -0.01286400      0.09028600     -0.78916200      0.60751200      0.70642000      0.48073100      0.51948800     -0.70201000      0.38225600      0.60088300     -0.00675500      0.00595900      0.00668000      0.33145400     -0.39103200     -0.21177500      0.52158900      0.07389900      0.01418400     -0.06654600      0.34542600     -0.39426300     -0.85160800      0.64619000      0.75799000     -0.08881500      0.68052700     -0.51962200      0.51659900     -0.00001700     -0.00013300     -0.00016100     -0.00000500     -0.00001000     -0.00000800     -0.31615000
     0.14821000     -0.05053200      0.31705400     -0.23268100      0.45030400     -0.86205000     -0.73455200     -0.66225400     -0.14773200     -0.63713900      0.59828400      0.48594000     -0.00019100     -0.00142000     -0.00171600      0.00000000      0.00000000      0.00000000     -0.10040500     -0.21344200     -0.04376600      0.33494200     -0.12090300      0.79910800      0.58889800     -0.70380900     -0.48725500      0.51688400      0.70013300     -0.35297100      0.62055500      0.00094000     -0.00663600      0.01308800     -0.03631500      0.01193700     -0.01752600      0.53293100      0.02092900      0.02278300     -0.01258200      0.09134700     -0.78861700      0.60806000      0.70602900      0.48190200      0.51893300     -0.70226500      0.38190500      0.60080800      0.00052200     -0.00289000      0.00700100     -0.03637100      0.00391100      0.01145400      0.52224200      0.07390200      0.01416900     -0.06657900      0.34541400     -0.39426500     -0.85161200      0.64615800      0.75801300     -0.08885000      0.68056400     -0.51958600      0.51658600     -0.00013200     -0.00098100     -0.00118400     -0.00081000      0.01327600     -0.02555100     -0.31517000
     0.14819000     -0.05060900      0.31699400     -0.23050900      0.45092200     -0.86231100     -0.73410700     -0.66221300     -0.15010900     -0.63844200      0.59786300      0.48474500     -0.00019500     -0.00144500     -0.00174900      0.00000000     -0.00000000      0.00000000     -0.10039200     -0.21328700     -0.04432800      0.33515500     -0.11501100      0.79824600      0.59124200     -0.70894700     -0.48276100      0.51407100      0.69592000     -0.36102600      0.62065900      0.01439400     -0.01874500     -0.00043500     -0.03365900      0.00628400     -0.01583200      0.53321400      0.02100200      0.02252200     -0.01246200      0.08544300     -0.78761700      0.61021100      0.71127100      0.47709700      0.51620800     -0.69770400      0.38991900      0.60097400      0.00712100     -0.00985700     -0.00072800     -0.04894700      0.02048300     -0.00964600      0.52240500      0.07389200      0.01413000     -0.06661000      0.34335500     -0.39516600     -0.85202700      0.64587100      0.75797100     -0.09126600      0.68187700     -0.51896300      0.51547900     -0.00013200     -0.00097700     -0.00118200     -0.00163100      0.01399100     -0.02677500     -0.31517000
     0.14818700     -0.05061500      0.31695400     -0.23055800      0.45090200     -0.86230800     -0.73406300     -0.66226500     -0.15009200     -0.63847500      0.59782000      0.48475500     -0.00012700     -0.00094200     -0.00114000      0.00000000     -0.00000000      0.00000000     -0.10054800     -0.21308500     -0.04465300      0.33502600     -0.12009200      0.79793200      0.59065500     -0.71046400     -0.48452600      0.51030300      0.69351800     -0.35934600      0.62431300      0.01354000     -0.01161800     -0.01303700      0.29572100     -0.39882900     -0.21564400      0.53326600      0.02110300      0.02234700     -0.01252500      0.08863800     -0.78710500      0.61041500      0.71206900      0.47858900      0.51372100     -0.69649100      0.38912300      0.60289500      0.00686200     -0.01173000     -0.00273300      0.27043700     -0.33232200     -0.46530000      0.52240500      0.07389000      0.01412500     -0.06663300      0.34341100     -0.39513500     -0.85201900      0.64582000      0.75801700     -0.09123900      0.68189700     -0.51891900      0.51549800     -0.00007400     -0.00054900     -0.00066300     -0.00010700      0.00008100     -0.00015600     -0.31517000
     0.14818200     -0.05063100      0.31688600     -0.23065300      0.45086500     -0.86230200     -0.73399300     -0.66235300     -0.15004900     -0.63852100      0.59775100      0.48477900     -0.00007000     -0.00052100     -0.00063100      0.00000000      0.00000000      0.00000000     -0.10016700     -0.21255700     -0.04513000      0.33450500     -0.12556000      0.79583300      0.59234800     -0.71769200     -0.48498000      0.49964600      0.68506100     -0.36337600      0.63127800      0.01365800     -0.01103200     -0.01247800      0.24360600     -0.25598200     -0.21725000      0.53275500      0.02136500      0.02209500     -0.01279900      0.09534600     -0.78527700      0.61175800      0.72024600      0.47863900      0.50214500     -0.68713500      0.39273900      0.61122900      0.00679500     -0.00578700     -0.00653300      0.38507800     -0.22469900     -0.43545400      0.52240500      0.07388800      0.01411700     -0.06666700      0.34350000     -0.39508500     -0.85200600      0.64573700      0.75809400     -0.09119700      0.68193100     -0.51884600      0.51552700     -0.00003700     -0.00027800     -0.00033600     -0.00000300     -0.00000600      0.00000700     -0.31451700
     0.14818000     -0.05066300      0.31687900     -0.23074700      0.45083800     -0.86229100     -0.73400900     -0.66235800     -0.14994800     -0.63846900      0.59776600      0.48483000     -0.00000500     -0.00003400     -0.00004100      0.00000000      0.00000000      0.00000000     -0.09977500     -0.21226300     -0.04527800      0.33440800     -0.13566800      0.79077800      0.59687300     -0.72277300     -0.49093400      0.48633100      0.67776700     -0.36640500      0.63737100      0.00065300      0.00460700      0.00492300      0.14319700     -0.02623100     -0.02263400      0.53107000      0.02151400      0.02199200     -0.01287900      0.10660900     -0.78045800      0.61605000      0.72599500      0.48444800      0.48809900     -0.67938600      0.39521400      0.61825500      0.00036200      0.00254700      0.00272000      0.26749200      0.50861600     -0.67563200      0.52256900      0.07388700      0.01410000     -0.06667100      0.34358900     -0.39504600     -0.85198800      0.64574600      0.75809800     -0.09109600      0.68187800     -0.51886800      0.51557400      0.00000300      0.00002000      0.00002300     -0.00000500      0.00000100     -0.00000300     -0.31435300
     0.14815600     -0.05065400      0.31687400     -0.23077700      0.45082500     -0.86229000     -0.73398600     -0.66238700     -0.14993400     -0.63848400      0.59774400      0.48483700     -0.01565200      0.00090900      0.00097400     -0.00098400      0.01471500     -0.02955300     -0.09879400     -0.21227800     -0.04511100      0.33466300     -0.13987000      0.79196400      0.59432500     -0.72476600     -0.49073800      0.48355400      0.67478400     -0.36409400      0.64184600     -0.01343100      0.01267200      0.01421800      0.21096200     -0.28971800     -0.13212100      0.53101400      0.02151000      0.02206900     -0.01276600      0.10911800     -0.78156400      0.61420700      0.72728100      0.48398000      0.48664600     -0.67760900      0.39360000      0.62122800      0.00093900      0.00663200      0.00707400      0.42694100     -0.53052600     -0.20835700      0.52273200      0.07388100      0.01410500     -0.06667300      0.34359500     -0.39504100     -0.85198800      0.64572600      0.75811400     -0.09110200      0.68189400     -0.51884900      0.51557200      0.00000300      0.00002300      0.00003100     -0.00000100      0.00000000     -0.00001300     -0.31435300
