     0.06613900     -0.00470700      0.35662700     -0.57395400     -0.17217800     -0.80061000      0.15303600     -0.98296700      0.10161900     -0.80375800     -0.06399100      0.59152700      0.00010100      0.00026200      0.00023100      0.00000000      0.00000000      0.00000000      0.46593200     -0.09137300      0.02858900      0.33147900      0.48612900     -0.19945100      0.85081600      0.17512200      0.97604100      0.12888300     -0.85672900      0.08657500      0.50831400      0.00047300     -0.00181900     -0.00152500     -0.00011700      0.00021400      0.00014900     -0.99986300      0.04729200      0.03456500     -0.01486700     -0.34122400      0.07409700      0.93705600     -0.05723000     -0.99667600      0.05797100      0.93823700     -0.03384700      0.34433100      0.00681700      0.00029000     -0.00067800      0.00203900     -0.00557100      0.00067000     -0.87046300      0.06994900      0.01962600     -0.06134000     -0.57751600     -0.03460600     -0.81564500     -0.04942100     -0.99578600      0.07724200     -0.81488100      0.08491900      0.57337200     -0.00000100      0.00000900      0.00000800      0.00011400     -0.00026100     -0.00024600      0.43433400
     0.06611400     -0.00472400      0.35663800     -0.57395400     -0.17213300     -0.80062000      0.15297000     -0.98297900      0.10161200     -0.80377100     -0.06394300      0.59151600     -0.00018200     -0.00047400     -0.00041800      0.00000000      0.00000000      0.00000000      0.47026500     -0.09129400      0.02861400      0.33143700      0.48485400     -0.19745700      0.85200800      0.17510500      0.97632200      0.12675500     -0.85745300      0.08796300      0.50685200      0.01336900      0.00159400     -0.00049900      0.26245700      0.52572200     -0.54272000     -1.00005200      0.04732600      0.03457500     -0.01488900     -0.34012300      0.07273700      0.93756300     -0.05751900     -0.99674600      0.05646200      0.93861900     -0.03472400      0.34320000      0.00015600     -0.00073700     -0.00062900      0.87140000      1.80112000     -1.90576300     -0.87013600      0.06993600      0.01961700     -0.06133600     -0.57750500     -0.03456600     -0.81565400     -0.04948400     -0.99578300      0.07723500     -0.81488500      0.08496500      0.57336000     -0.00016700     -0.00042900     -0.00037600      0.00016000     -0.00003800     -0.00013400      0.44184500
     0.06612400     -0.00472600      0.35663600     -0.57394900     -0.17211100     -0.80062800      0.15295800     -0.98298200      0.10159400     -0.80377700     -0.06394600      0.59150700      0.00011300      0.00029300      0.00025800      0.00000000      0.00000000      0.00000000      0.46919100     -0.09119100      0.02857400      0.33139100      0.48494000     -0.19774900      0.85189200      0.17526200      0.97626400      0.12698600     -0.85737300      0.08795400      0.50699000      0.00044400     -0.00170300     -0.00142800     -0.00000000      0.00000000      0.00000000     -0.99986000      0.04738200      0.03455800     -0.01491000     -0.33976200      0.07241500      0.93771900     -0.05771000     -0.99675700      0.05606400      0.93873800     -0.03506800      0.34283900      0.00022700     -0.00086900     -0.00073100      0.00015300     -0.00014200      0.00019600     -0.87030000      0.06994000      0.01961100     -0.06134000     -0.57749400     -0.03454800     -0.81566200     -0.04948900     -0.99578400      0.07721600     -0.81489200      0.08495800      0.57335000      0.00006200      0.00016500      0.00014600      0.00011600     -0.00000900     -0.00007900      0.44821400
     0.06610800     -0.00472600      0.35667600     -0.57383100     -0.17159800     -0.80082400      0.15261700     -0.98307300      0.10122600     -0.80392600     -0.06392700      0.59130600     -0.00096500     -0.00994200      0.00942800     -0.03421000      0.01914100     -0.01533200      0.46514200     -0.09119600      0.02855200      0.33137400      0.48510200     -0.19818700      0.85169800      0.17550400      0.97617700      0.12732600     -0.85723200      0.08794100      0.50723000      0.00001300     -0.00004900     -0.00004100     -0.00000000      0.00000000      0.00000000     -0.98712900      0.04738100      0.03454500     -0.01492000     -0.33999600      0.07285100      0.93760000     -0.05790000     -0.99672500      0.05644800      0.93864200     -0.03509500      0.34310100     -0.00001000      0.00003400      0.00002600      0.00013300      0.00001700      0.00003600     -0.86981000      0.06993200      0.01961100     -0.06132100     -0.57727100     -0.03406800     -0.81584000     -0.04982800     -0.99579700      0.07683900     -0.81503000      0.08500900      0.57314700     -0.00048000     -0.00496400      0.00472000     -0.03413200      0.01912700     -0.01538800      0.44527400
     0.06610300     -0.00472800      0.35671500     -0.57381400     -0.17146400     -0.80086400      0.15248200     -0.98310100      0.10116300     -0.80396400     -0.06386300      0.59126200      0.00045300      0.00117800      0.00103900      0.00000000      0.00000000      0.00000000      0.46265600     -0.09123800      0.02855800      0.33137100      0.48522600     -0.19851900      0.85155000      0.17571000      0.97610700      0.12756900     -0.85711900      0.08795700      0.50741800     -0.00227300      0.01168500     -0.00742600      0.03609600     -0.00494400      0.02106400     -0.98211700      0.04735900      0.03454800     -0.01492100     -0.34017500      0.07317900      0.93751000     -0.05806800     -0.99669900      0.05672900      0.93856700     -0.03514100      0.34330200     -0.00115300      0.00590700     -0.00365800      0.03619600     -0.00495600      0.02113700     -0.86997300      0.06992800      0.01960900     -0.06130300     -0.57722700     -0.03394000     -0.81587700     -0.04996300     -0.99579500      0.07677300     -0.81505300      0.08507900      0.57310500      0.00029000      0.00075900      0.00067000      0.00006500     -0.00000900     -0.00004500      0.44298800
     0.06611300     -0.00483500      0.35688000     -0.57612100     -0.17029900     -0.79945500      0.15208100     -0.98330200      0.09980000     -0.80238600     -0.06388000      0.59339900      0.00036600      0.00095300      0.00084100      0.02297600      0.06025900      0.03106000      0.44597100     -0.09130300      0.02857900      0.33134500      0.48533300     -0.19883500      0.85141500      0.17597500      0.97603500      0.12776200     -0.85700500      0.08805300      0.50759500     -0.00000000      0.00000000      0.00000000     -0.00000000      0.00000000      0.00000000     -0.97168600      0.04732600      0.03456000     -0.01493300     -0.34033300      0.07349200      0.93742800     -0.05830300     -0.99667200      0.05697000      0.93849500     -0.03526600      0.34348600     -0.00000100      0.00000700      0.00000900      0.00007600     -0.00001200      0.00002900     -0.86997300      0.06993400      0.01955700     -0.06121900     -0.57946700     -0.03225000     -0.81435700     -0.05033100     -0.99589300      0.07525200     -0.81344000      0.08459300      0.57546400     -0.00036000     -0.00464700      0.00499900     -0.01543300      0.07115100      0.01218000      0.42992500
     0.06614800     -0.00509100      0.35714800     -0.57853800     -0.16913900     -0.79795500      0.15132900     -0.98353000      0.09869100     -0.80078700     -0.06345400      0.59560100     -0.00109200     -0.01027800      0.00913600      0.03746400      0.20718200      0.08135400      0.41866900     -0.09130000      0.02861400      0.33132200      0.48192000     -0.19819700      0.85350000      0.17568800      0.97610700      0.12760200     -0.85898400      0.08868700      0.50412700     -0.01303000     -0.00290200     -0.00059800     -0.00560800      0.02167500     -0.02473000     -0.96261700      0.04733300      0.03457900     -0.01494400     -0.33635800      0.07322400      0.93888200     -0.05803400     -0.99668900      0.05694200      0.93994400     -0.03533400      0.33949400      0.00000000      0.00000200      0.00000400     -0.01324000      0.09261000     -0.17708300     -0.86964700      0.06995300      0.01943400     -0.06108600     -0.58110500     -0.03104600     -0.81323500     -0.05108100     -0.99591000      0.07452000     -0.81222300      0.08484500      0.57714300     -0.00056400     -0.00517600      0.00453700      0.07749100      0.30468400      0.12972900      0.40298200
     0.06629200     -0.00550500      0.35743600     -0.58098000     -0.16780500     -0.79646100      0.15025300     -0.98380300      0.09760700     -0.79921900     -0.06276200      0.59777700      0.01227300     -0.01458300      0.00618100     -0.01026200      0.06472500      0.04512700      0.35757900     -0.09124300      0.02863400      0.33133000      0.48200900     -0.19847900      0.85338400      0.17584100      0.97605100      0.12782500     -0.85890300      0.08867800      0.50426700      0.01295000      0.00321000      0.00085600      0.00204400     -0.01520400      0.02924600     -0.95675400      0.04735200      0.03458600     -0.01494100     -0.33667700      0.07332000      0.93876000     -0.05814200     -0.99668000      0.05699100      0.93982300     -0.03539400      0.33982300     -0.00005900      0.00023800      0.00020100      0.00030700     -0.00050700     -0.00032400     -0.86866700      0.07002000      0.01922900     -0.06094100     -0.58381300     -0.02889600     -0.81137300     -0.05214500     -0.99596800      0.07299000     -0.81021100      0.08492100      0.57995300     -0.00079100     -0.00577000      0.00401300     -0.01653700      0.06854400      0.01076000      0.34762700
     0.06641800     -0.00576700      0.35758300     -0.58109800     -0.16756900     -0.79642400      0.14957000     -0.98388700      0.09781500     -0.79926000     -0.06208000      0.59779200      0.01241900     -0.01422000      0.00650100     -0.03292200      0.00521100      0.01462400      0.30682400     -0.09122200      0.02863000      0.33133700      0.48202100     -0.19850800      0.85337100      0.17583300      0.97604700      0.12786100     -0.85889800      0.08865000      0.50428000     -0.00000100      0.00000500      0.00000400     -0.00000000      0.00000000      0.00000000     -0.95303700      0.04736700      0.03458600     -0.01493600     -0.33670700      0.07336900      0.93874600     -0.05814100     -0.99667700      0.05704300      0.93981200     -0.03537300      0.33985400      0.00000200     -0.00000300     -0.00000300      0.00014200     -0.00005000     -0.00002600     -0.86752400      0.07008700      0.01909100     -0.06086600     -0.58376300     -0.02870800     -0.81141500     -0.05289000     -0.99590700      0.07328700     -0.81019800      0.08569800      0.57985600      0.00619600     -0.00713100      0.00323000     -0.03728500     -0.00517100      0.00958400      0.29341400
     0.06682400     -0.00621100      0.35780500     -0.58342700     -0.16589400     -0.79507000      0.14838800     -0.98420500      0.09640300     -0.79778100     -0.06153500      0.59982100      0.01302000     -0.01267900      0.00785800     -0.03315000      0.00460700      0.01431500      0.15588400     -0.09113200      0.02864100      0.33134700      0.48212100     -0.19882300      0.85324100      0.17598000      0.97598600      0.12812300     -0.85881200      0.08861400      0.50443300     -0.00000000      0.00000000      0.00000000     -0.00000000      0.00000000      0.00000000     -0.94188100      0.04741200      0.03459200     -0.01493200     -0.33685800      0.07368100      0.93866700     -0.05824700     -0.99665400      0.05733000      0.93975100     -0.03536300      0.34002300      0.00000100     -0.00000100     -0.00000400      0.00007700      0.00000300      0.00003500     -0.86687100      0.07027900      0.01887500     -0.06076400     -0.58571800     -0.02666600     -0.81007500     -0.05402700     -0.99595100      0.07184800     -0.80871100      0.08584900      0.58190500      0.00716100     -0.00089300     -0.00037800     -0.00134800     -0.03534500      0.05155100      0.13404300
     0.06728500     -0.00638900      0.35789300     -0.58547500     -0.16382400     -0.79399400      0.14753700     -0.98453800      0.09428200     -0.79643700     -0.06174700      0.60158400      0.00060400      0.00158900      0.00140000      0.02285800      0.06043800      0.03079700      0.00872900     -0.09107200      0.02864800      0.33134400      0.48219700     -0.19906900      0.85314100      0.17611200      0.97593700      0.12831700     -0.85874200      0.08860600      0.50455300      0.00004300     -0.00016600     -0.00013900     -0.00000000      0.00000000      0.00000000     -0.93925700      0.04744200      0.03459500     -0.01493300     -0.33697300      0.07392500      0.93860700     -0.05834900     -0.99663600      0.05754700      0.93970400     -0.03537500      0.34015300      0.00002600     -0.00010100     -0.00008700      0.00005300      0.00000000      0.00002600     -0.86719800      0.07052000      0.01877800     -0.06071400     -0.58746100     -0.02415400     -0.80889100     -0.05490000     -0.99606200      0.06961500     -0.80738700      0.08530500      0.58382100      0.00669000     -0.00586800      0.00433500     -0.01460700      0.05626500      0.04134000     -0.08509300
     0.06743000     -0.00638000      0.35795000     -0.58542100     -0.16353100     -0.79409400      0.14731400     -0.98459000      0.09409100     -0.79651700     -0.06170200      0.60148200      0.00136500      0.00359800      0.00316700      0.00104500     -0.01241800      0.02600700     -0.04445900     -0.09103900      0.02864100      0.33133400      0.48224800     -0.19922700      0.85307500      0.17619800      0.97590500      0.12844200     -0.85869600      0.08860100      0.50463300      0.00016200     -0.00062000     -0.00052000     -0.00000000      0.00000000      0.00000000     -0.93334400      0.04745800      0.03459200     -0.01493700     -0.33705000      0.07408300      0.93856700     -0.05841400     -0.99662400      0.05768800      0.93967200     -0.03538200      0.34023900      0.00010400     -0.00039900     -0.00033600      0.00004900      0.00001700      0.00000700     -0.86736100      0.07059100      0.01877900     -0.06068800     -0.58725600     -0.02395600     -0.80904600     -0.05513900     -0.99605500      0.06951600     -0.80752000      0.08543300      0.58361900      0.00055200      0.00146000      0.00127800     -0.00412400     -0.00977400     -0.00469700     -0.16575900
     0.06765100     -0.00623800      0.35807000     -0.58954500     -0.16045600     -0.79166700      0.14685100     -0.98502100      0.09022000     -0.79355300     -0.06287600      0.60526600      0.01540100      0.00107500      0.00175500      0.05305500      0.12354900      0.10000600     -0.16024000     -0.09101800      0.02863700      0.33134100      0.47982900     -0.20006300      0.85424200      0.18184500      0.97513900      0.12636900     -0.85887100      0.09493700      0.50318100      0.00000000     -0.00000000     -0.00000000      0.00000000      0.00000000      0.00000000     -0.88057500      0.04746900      0.03458900     -0.01493500     -0.33454200      0.07508200      0.93938400     -0.06440500     -0.99631100      0.05669500      0.94017700     -0.04153400      0.33814400     -0.00000100      0.00000900      0.00001000     -0.00001500     -0.00067000     -0.00021000     -0.85642000      0.07069700      0.01885300     -0.06062600     -0.59066900     -0.02024800     -0.80665900     -0.05555200     -0.99629200      0.06568500     -0.80499900      0.08360900      0.58735400      0.00100300      0.00265500      0.00232800      0.06679700      0.16111100      0.11426500     -0.26406000
     0.06798000     -0.00616300      0.35813700     -0.59141600     -0.15819200     -0.79072600      0.14621500     -0.98534400      0.08769900     -0.79227700     -0.06356000      0.60686500      0.00046900      0.00124200      0.00109000      0.00526500      0.01404000      0.00715500     -0.36173400     -0.09099400      0.02861300      0.33138200      0.47985300     -0.20006700      0.85422800      0.18173500      0.97515100      0.12643500     -0.85888100      0.09480600      0.50318900     -0.00000400      0.00001700      0.00001400     -0.00000000      0.00000000      0.00000000     -0.80568300      0.04748100      0.03457800     -0.01491400     -0.33457400      0.07508200      0.93937300     -0.06428000     -0.99631700      0.05673800      0.94017400     -0.04140000      0.33816800      0.00000000     -0.00000100     -0.00000000     -0.00008100     -0.00004200     -0.00000500     -0.84139800      0.07086900      0.01889700     -0.06058600     -0.59227200     -0.01748100     -0.80554800     -0.05621300     -0.99643100      0.06295400     -0.80377400      0.08256800      0.58917600      0.00018100      0.00048500      0.00042300     -0.00718700     -0.01562000     -0.00700700     -0.38260900
     0.06876200     -0.00638800      0.35791800     -0.59335500     -0.14985000     -0.79089800      0.14504300     -0.98633200      0.07799600     -0.79104000     -0.06825600      0.60796700      0.02726900      0.00030400     -0.01631300      0.06637500     -0.00832000      0.11660100     -0.84288200     -0.09089100      0.02850600      0.33146300      0.47859900     -0.19782900      0.85545200      0.18119800      0.97551900      0.12435400     -0.85969200      0.09572100      0.50162800      0.00000200     -0.00000900     -0.00000700      0.00000000      0.00000000     -0.00000000     -0.57596300      0.04753200      0.03452400     -0.01487400     -0.33290500      0.07288400      0.94013900     -0.06409400     -0.99645100      0.05455300      0.94077900     -0.04209600      0.33639500      0.00107400     -0.00559300      0.00392200     -0.03671300      0.00335800     -0.01933400     -0.76122200      0.07125100      0.01878700     -0.06068700     -0.59253800     -0.00890300     -0.80549200     -0.05730300     -0.99693900      0.05317300     -0.80350000      0.07766400      0.59021500      0.01288200     -0.00558900     -0.00412300      0.04598100     -0.02587900      0.10019000     -0.62542200
     0.06941600     -0.00657700      0.35768100     -0.59548100     -0.14235600     -0.79068400      0.14440100     -0.98710300      0.06890100     -0.78955700     -0.07297600      0.60934500      0.02596100     -0.01067900     -0.00780300      0.10692100      0.24104500      0.20357300     -1.15652200     -0.09084900      0.02839500      0.33153500      0.47508000     -0.19662900      0.85768700      0.18023700      0.97574300      0.12399400     -0.86184000      0.09590800      0.49789100      0.00000700     -0.00002700     -0.00002300     -0.09215300      0.16695100      0.11630300     -0.35855500      0.04755300      0.03447200     -0.01484100     -0.32951500      0.07155200      0.94143400     -0.06348000     -0.99654600      0.05352200      0.94201300     -0.04212600      0.33291900      0.00000000     -0.00001000     -0.00000900     -0.15807600      0.31208900      0.22593700     -0.67239200      0.07157700      0.01869400     -0.06081100     -0.59239500     -0.00163700     -0.80564500     -0.05784000     -0.99733000      0.04455600     -0.80356800      0.07299400      0.59071900      0.02021800     -0.00227200     -0.00991600      0.19709200      0.35306900      0.29354200     -0.77042400
     0.07124300     -0.00670700      0.35701300     -0.60212500     -0.12649400     -0.78834700      0.14267400     -0.98851300      0.04957300     -0.78481500     -0.08247800      0.61424000      0.04267200      0.00159400     -0.01447000      0.20679200      0.40074100      0.34157800     -1.69254400     -0.09097300      0.02804400      0.33169300      0.48147700     -0.17414400      0.85897900      0.13214300      0.98323300      0.12540000     -0.86699900      0.05333200      0.49531000     -0.01049100     -0.01564700      0.00595000     -1.53573600     -0.13037700     -0.85005000      0.01951300      0.04749900      0.03430700     -0.01476200     -0.33205000      0.05195600      0.94182900     -0.02110300     -0.99864000      0.04765100      0.94302500     -0.00405300      0.33269500     -0.00623700     -0.00256600     -0.00122500     -0.48499400      0.04618100     -0.24997500     -0.45390900      0.07249700      0.01861500     -0.06115600     -0.59581100      0.01517200     -0.80298000     -0.05934800     -0.99791900      0.02518100     -0.80092800      0.06265800      0.59547200      0.02141800      0.00099200     -0.00709100      0.24221500      0.49933600      0.38635300     -0.83378100
     0.07364400     -0.00639000      0.35630800     -0.61075900     -0.11465400     -0.78350000      0.14027000     -0.98946700      0.03538200     -0.77854600     -0.08815700      0.62138600      0.07375900      0.01302700     -0.02120700      0.24944700      0.36625700      0.45708700     -1.86425500     -0.09179800      0.02729800      0.33174400      0.49479700     -0.12169000      0.86044100      0.01189000      0.99095200      0.13344400     -0.86949300     -0.05565900      0.49065900     -0.03508800     -0.02748100     -0.00032000     -0.70980800      0.08143600     -0.29617700      0.22655700      0.04707700      0.03392900     -0.01472700     -0.34077200     -0.00455600      0.94013400      0.10486100     -0.99393200      0.03319200      0.93427900      0.10989500      0.33918200     -0.01749300     -0.01401100     -0.00035600     -0.71301800      0.08106400     -0.30051100     -0.15345400      0.07369500      0.01876800     -0.06151300     -0.60177900      0.02818000     -0.79816400     -0.06154900     -0.99804100      0.01116800     -0.79628700      0.05584700      0.60233400      0.03700700      0.00682800     -0.01036500      0.30115600      0.50115500      0.52405500     -0.83378100
     0.07510700     -0.00612400      0.35597100     -0.61381700     -0.10870600     -0.78195700      0.13884200     -0.98988800      0.02855700     -0.77639300     -0.09091300      0.62367900      0.07493900      0.01682600     -0.01797700      0.23827400      0.34152600      0.44517300     -1.90360500     -0.09253800      0.02678800      0.33167600      0.50324100     -0.08637800      0.85981300     -0.07213200      0.98726800      0.14153400     -0.86170000     -0.13315100      0.48949600     -0.04788700     -0.03170100     -0.00205600     -2.19598400      0.23291000     -0.91309500      0.30650100      0.04672600      0.03368400     -0.01476200     -0.34746200     -0.04089900      0.93680100      0.18580700     -0.98224000      0.02603300      0.91910000      0.18311000      0.34889100     -0.01828200     -0.00911700     -0.00501000     -6.33139700     -0.98869500     -3.75510700     -0.00779900      0.07439800      0.01889400     -0.06167500     -0.60327700      0.03412200     -0.79680100     -0.06280600     -0.99801300      0.00481300     -0.79505400      0.05294700      0.60422100      0.03769200      0.00899300     -0.00852200      0.23642500      0.43169500      0.30185700     -0.84406800
     0.07853800     -0.00539200      0.35543000     -0.61771700     -0.09760700     -0.78034900      0.13592500     -0.99057200      0.01623700     -0.77380900     -0.09592600      0.62613400      0.10532400      0.02057500     -0.01365800      0.11136500      0.02463300      0.19713300     -1.91395500     -0.09443600      0.02597700      0.33128700      0.52151000     -0.03936000      0.85233200     -0.17882200      0.97165400      0.15442000     -0.83488000     -0.23290700      0.49859100     -0.05202900     -0.01005400     -0.01848400     -2.23811900     -1.85561400      0.83209300      0.39214600      0.04577900      0.03326700     -0.01495300     -0.35876400     -0.08887100      0.92918700      0.29234500     -0.95607200      0.02143300      0.88646600      0.27933300      0.36898500     -0.03247200     -0.00661600     -0.00967000     -4.74274400     -0.62091000     -3.11735900      0.25934400      0.07610100      0.01925500     -0.06195100     -0.60634800      0.04686900     -0.79381600     -0.06559100     -0.99780700     -0.00881200     -0.79248900      0.04672400      0.60809200      0.04580600      0.01177500     -0.00591200      0.10626500     -0.06150200      0.30764900     -0.84602800
     0.08252000     -0.00429500      0.35498200     -0.62558700     -0.08372900     -0.77567800      0.13248000     -0.99117100      0.00007700     -0.76805900     -0.10261700      0.63212500      0.10670400      0.02723700     -0.00839500      0.17339800      0.10897000      0.46643600     -1.91466400     -0.09702000      0.02552100      0.33060200      0.52438200      0.01203100      0.85139300     -0.26812700      0.95130900      0.15183400     -0.80874400     -0.30792300      0.50097800     -0.06765500      0.00000900     -0.02559700     -4.42966500     -1.21059100     -3.21469900      0.41348000      0.04449400      0.03303100     -0.01529700     -0.35808900     -0.13433400      0.92397200      0.37422300     -0.92728200      0.01021600      0.85541100      0.34943000      0.38232000     -0.03937700     -0.00696200     -0.00907000     -0.02874100      0.21390600     -0.36336300      0.33919300      0.07809300      0.01980500     -0.06217300     -0.61115200      0.06156300     -0.78911500     -0.06858200     -0.99733900     -0.02469200     -0.78853600      0.03902800      0.61374900      0.05399400      0.01927300     -0.00837100      0.22730500      0.25439400      0.34329200     -0.85484500
     0.08474100     -0.00362300      0.35469500     -0.63288500     -0.07093900     -0.77101900      0.12439700     -0.99215900     -0.01089400     -0.76341400     -0.10272700      0.63770900      0.12125100      0.03617500     -0.01838400      0.29094800      0.44236600      0.48094500     -1.91473200     -0.09831700      0.02540300      0.33018600      0.52148600      0.03026200      0.85271800     -0.29256000      0.94507600      0.14551300     -0.80210900     -0.32539900      0.50059900     -0.06565400     -0.01110200     -0.01772900      0.15074000     -0.25297100     -0.40160400      0.43084400      0.04384400      0.03297700     -0.01550700     -0.35353500     -0.15615700      0.92229400      0.40156800     -0.91582800     -0.00113300      0.84484000      0.36996300      0.38648500     -0.02727300      0.00138500     -0.01250500      0.17326600     -0.40589400     -0.73463400      0.36319700      0.07920000      0.02014200     -0.06230800     -0.61508000      0.07500000     -0.78488800     -0.07645000     -0.99644700     -0.03530500     -0.78474800      0.03828900      0.61862900      0.05390100      0.01979900     -0.00806200      0.37497300      0.70662100      0.57984700     -0.86007100
     0.08939900     -0.00223900      0.35404300     -0.65604800     -0.03037600     -0.75413800      0.08981600     -0.99521400     -0.03811800     -0.74855700     -0.09271000      0.65657700      0.12020200      0.03656700     -0.01865300      0.42280700      0.98881000      0.80553700     -1.91437200     -0.10084500      0.02547800      0.32914300      0.51004200      0.07105600      0.85720500     -0.33444300      0.93449400      0.12166700     -0.79302200     -0.34883600      0.49929200     -0.05433600      0.00200900     -0.02585500     -0.87377600      0.00914700     -2.01633300      0.46337700      0.04257500      0.03301100     -0.01602400     -0.33852100     -0.19393600      0.92075600      0.43575500     -0.89958800     -0.02927000      0.83397800      0.39131600      0.38903800     -0.03469200      0.00518700     -0.01710600     -3.76770100      1.17982900     -4.80695700      0.40989800      0.08149100      0.02082900     -0.06262500     -0.62875300      0.11769000     -0.76864600     -0.10993700     -0.99200500     -0.06196000     -0.76979400      0.04554500      0.63666400      0.06014200      0.01826800     -0.00940200      0.02819600      0.80793100      1.01441900     -0.86088700
     0.09379800     -0.00098700      0.35357100     -0.68546200      0.02064200     -0.72784700      0.04248200     -0.99674200     -0.06834900     -0.72603600     -0.07780500      0.68326000      0.10536100      0.03104800     -0.00654800     -0.83799900      0.87219600      1.62248300     -1.91433700     -0.10318000      0.02586700      0.32790100      0.49324400      0.09536600      0.86464200     -0.35808300      0.92806100      0.10204400     -0.79330200     -0.36007200      0.49079700     -0.05607800      0.01240800     -0.03444600     -0.02259600      0.05573300     -0.16975600      0.47833300      0.04140800      0.03320300     -0.01664100     -0.31837900     -0.21987400      0.92211100      0.45574500     -0.88844000     -0.05448900      0.83122200      0.40290000      0.38306700     -0.02796400      0.00593400     -0.01740800     -0.33399700      0.18663800     -0.55094100      0.44288300      0.08369600      0.02145500     -0.06286900     -0.65011100      0.17033100     -0.74050100     -0.15046700     -0.98411000     -0.09426700     -0.74479100      0.05013700      0.66541000      0.05279200      0.01577200     -0.00313500      0.47287900      1.20171900      0.86430800     -0.86464300
     0.09760500      0.00013200      0.35363900     -0.72045100      0.07165900     -0.68982700     -0.01188800     -0.99575600     -0.09109900     -0.69253400     -0.05752800      0.71910600      0.09164300      0.02855900      0.00810400      0.07374900      1.23892700      0.97939400     -1.90227000     -0.10497600      0.02653900      0.32639200      0.46660700      0.13709100      0.87377100     -0.41860700      0.90444200      0.08177100     -0.77962300     -0.40409900      0.47828300     -0.03115300      0.02648000     -0.04337000     -4.71322700     -0.29242500     -2.85595800      0.44884400      0.04050000      0.03353400     -0.01739100     -0.28780000     -0.25624700      0.92277100      0.50429000     -0.85968400     -0.08144800      0.81416300      0.44190400      0.37664000     -0.02218900      0.01219500     -0.02165800      0.11802000      0.08290700     -0.09067900      0.43978000      0.08564300      0.02202300     -0.06284600     -0.67423700      0.23013400     -0.70174200     -0.20838700     -0.97088000     -0.11817800     -0.70850400      0.06655400      0.70256000      0.04627100      0.01960100     -0.00038800     -0.64329200      1.31999400      1.92401000     -0.87476700
     0.09924700      0.00075500      0.35385500     -0.73656400      0.10841800     -0.66765500     -0.05590200     -0.99342900     -0.09972700     -0.67316700     -0.03627500      0.73861900      0.07851000      0.03406100      0.01202900      0.15375600      1.59348400      0.93257200     -1.88633700     -0.10556600      0.02708000      0.32555200      0.45224100      0.15754200      0.87786700     -0.44996000      0.89008900      0.07219600     -0.77054500     -0.42785700      0.47229500     -0.01818100      0.02997800     -0.04212000     -1.31923500     -0.10041600     -0.77696000      0.40952100      0.04020100      0.03380000     -0.01781400     -0.27021200     -0.27722600      0.92202500      0.53555400     -0.83910100     -0.09534300      0.80010400      0.46803200      0.37520500     -0.01550800      0.01329100     -0.02161400     -4.74741400     -0.20041100     -2.86227600      0.41202100      0.08646900      0.02233100     -0.06274000     -0.68248800      0.26834000     -0.67985500     -0.25080700     -0.95966900     -0.12700500     -0.68651700      0.08383300      0.72226400      0.03894000      0.01191600      0.01052000     -0.75591400      1.14262000      1.84582500     -0.87558300
     0.10188300      0.00200800      0.35462000     -0.76401700      0.17597000     -0.62077300     -0.14886900     -0.98418700     -0.09585100     -0.62687600      0.01895500      0.77890600      0.05056500      0.03022700      0.02524400     -3.48507000      0.69023900      4.47749900     -1.75877700     -0.10617700      0.02875700      0.32364500      0.42052100      0.19333100      0.88644000     -0.50427600      0.86197500      0.05136000     -0.75465900     -0.46885400      0.45883300     -0.00928500      0.05703200     -0.05533000      0.09056700     -0.01590300      0.01339200      0.22731500      0.03989300      0.03462500     -0.01876400     -0.23388500     -0.31062100      0.92130900      0.58381200     -0.80260900     -0.12239400      0.77747000      0.50924600      0.36906300     -0.00360200      0.02260900     -0.02403200     -0.25967500      0.10920000     -0.36013700      0.27110100      0.08780000      0.02296400     -0.06235900     -0.70016800      0.33681100     -0.62954000     -0.33543000     -0.93354700     -0.12639700     -0.63027800      0.12266700      0.76661600      0.03252500      0.01956000      0.00762400     -0.71600100      1.17695700      1.39175100     -0.85060000
     0.10354200      0.00318600      0.35552300     -0.77977800      0.24420400     -0.57650300     -0.23783500     -0.96728400     -0.08813400     -0.57819900      0.06807700      0.81306700      0.03559400      0.02831300      0.02304900     -0.86712300      0.85919300      0.87064900     -1.59411000     -0.10619200      0.03131500      0.32149200      0.37462400      0.24397200      0.89449800     -0.58861500      0.80794500      0.02628200     -0.71673300     -0.53666700      0.44513400      0.01545600      0.06868800     -0.04856800     -3.96896200      1.64768700     -4.44768500     -0.02383000      0.03987200      0.03586200     -0.01982900     -0.18735900     -0.35410300      0.91624600      0.65271900     -0.74193400     -0.15326500      0.73406600      0.56933600      0.37013700      0.00119600      0.03315900     -0.02442700     -1.40657900     -0.06998100     -0.85971800     -0.03098600      0.08863700      0.02356200     -0.06190100     -0.70139800      0.40964500     -0.58329300     -0.42402900     -0.89759600     -0.12049300     -0.57292100      0.16282000      0.80327400      0.01093600      0.01490200      0.01195300     -3.29426200      0.64173600      4.09331200     -0.79785700
     0.10457100      0.00405600      0.35623800     -0.78044800      0.30546600     -0.54556100     -0.31512200     -0.94575600     -0.07884100     -0.53908400      0.11000000      0.83505400      0.03252800      0.01723300      0.01402300     -3.23908900      0.20892200      4.22954700     -1.54093100     -0.10516400      0.03463200      0.31958600      0.33407800      0.28725000      0.89770300     -0.66476200      0.74696200      0.00850300     -0.66849700     -0.59995800      0.43934600      0.03751900      0.09312000     -0.04806300      0.01932300     -0.21877900     -0.59943000     -0.19913700      0.04038300      0.03753900     -0.02080400     -0.13861900     -0.39305600      0.90900500      0.72277300     -0.66764100     -0.17847100      0.67703900      0.63226600      0.37663800      0.01864300      0.04722800     -0.02349100     -0.88159700      0.13835800     -1.64643700     -0.27314600      0.08915500      0.02401200     -0.06153200     -0.69240900      0.46601800     -0.55081300     -0.49191600     -0.86339400     -0.11210700     -0.52781300      0.19333000      0.82706400      0.00926800      0.00873400      0.00698800     -0.90651900      0.42472700      0.71503500     -0.79083500
     0.10485700      0.00435600      0.35646400     -0.77709300      0.33140800     -0.53510900     -0.34828900     -0.93451900     -0.07308200     -0.52332700      0.12916300      0.84230200      0.00391800      0.01519800      0.01196800     -0.89060400      0.43414700      0.63960500     -1.53826200     -0.10444000      0.03646900      0.31870700      0.31777400      0.30441600      0.89796600     -0.69604300      0.71794700      0.00305700     -0.64413100     -0.62637300      0.43888000      0.03666200      0.09570300     -0.04565700      0.15035700     -0.10173400     -0.05786000     -0.28684600      0.04075900      0.03849500     -0.02126000     -0.12089200     -0.41058800      0.90377000      0.74957100     -0.63464600     -0.18805800      0.65078900      0.65470600      0.38448900      0.01828300      0.04821600     -0.02254900      0.14878900     -0.07611600     -0.02831900     -0.36442600      0.08931000      0.02416600     -0.06141600     -0.68198800      0.49359800     -0.53967700     -0.52627900     -0.84361200     -0.10652400     -0.50785900      0.21137300      0.83510400      0.00865900      0.00650500      0.00517800     -3.03938700      0.05829200      4.01244300     -0.80928700
     0.10501900      0.00473000      0.35678400     -0.76757600      0.37142900     -0.52241100     -0.39873700     -0.91476900     -0.06463100     -0.50094100      0.15822700      0.85091000      0.00173100      0.00673000      0.00527900     -0.26224900      0.16125600      0.11198600     -1.53979300     -0.10256300      0.03996300      0.31740600      0.29238400      0.33411400      0.89603100     -0.73894800      0.67364000     -0.00993400     -0.60725900     -0.65963000      0.44270600      0.05145900      0.08233800     -0.02419900     -1.21469000     -0.19596700     -0.78508800     -0.47820900      0.04167800      0.04021000     -0.02190300     -0.09409700     -0.43642900      0.89480400      0.78418800     -0.58622000     -0.20345700      0.61334700      0.68255000      0.39740300      0.03210500      0.04304900     -0.01138300     -4.66286800     -0.20310300     -2.49745200     -0.54763800      0.08939200      0.02435600     -0.06125300     -0.66453900      0.53098800     -0.52577400     -0.57280500     -0.81382200     -0.09791100     -0.47987600      0.23610100      0.84496900      0.00071900      0.00281600      0.00220800     -0.27762500      0.12641100      0.09285600     -0.83949600
     0.10473500      0.00482100      0.35682600     -0.75384900      0.40202700     -0.51974100     -0.43664200     -0.89754600     -0.06104600     -0.49010100      0.18041500      0.85280600     -0.00054900     -0.00212500     -0.00166600     -0.07755400     -0.00910600      0.12725700     -1.54895700     -0.10005500      0.04292200      0.31704200      0.25653700      0.37465800      0.89096100     -0.78665500      0.61647800     -0.03260300     -0.56176600     -0.69297800      0.45173400      0.06765200      0.06010700      0.00642500     -1.21060100     -0.28865200     -1.15825800     -0.75750300      0.04295400      0.04171600     -0.02209700     -0.05565000     -0.47257800      0.87952900      0.82220300     -0.52146200     -0.22816300      0.56646700      0.71045500      0.41757400      0.03372500      0.03058200      0.00361200     -1.22435200     -0.33358700     -1.17246100     -0.78604200      0.08924900      0.02440100     -0.06123200     -0.64501700      0.55782700     -0.52228400     -0.60640300     -0.78953700     -0.09436300     -0.46500200      0.25584900      0.84753400     -0.00717600     -0.00067700     -0.00062300     -0.25821900     -0.01602000      0.39183500     -0.85696800
