     0.13386000     -0.01804600      0.45380000     -0.10898900      0.87111200     -0.47888500     -0.95166500     -0.23053700     -0.20287900     -0.28700300      0.43254300      0.85473000     -0.00028800     -0.00178900     -0.00088500      0.00000000      0.00000000      0.00000000     -0.44325700     -0.11786300     -0.02622800      0.41408800      0.34622600      0.83010900      0.43707900     -0.88333400      0.44538600     -0.14590300     -0.31619700     -0.33662000      0.88688800      0.00181800     -0.01321900      0.02397900     -0.06583000     -0.01538600     -0.02104200     -0.08148500      0.03674400      0.02805000     -0.00492000     -0.13110900     -0.87879400      0.45883500      0.95168900     -0.24120000     -0.19002500      0.27766400      0.41175500      0.86796200      0.00699700     -0.00144900      0.00661000     -0.04152400      0.00904500      0.01668900     -0.24277400      0.07651700      0.02774100     -0.04441600     -0.02649500      0.87493000     -0.48352300     -0.96273900     -0.15255400     -0.22329200     -0.26912800      0.45959100      0.84637100     -0.00019500     -0.00121100     -0.00060000     -0.01338700      0.05828700     -0.21939100     -0.52663100
     0.13390000     -0.01809800      0.45377200     -0.10929200      0.87106600     -0.47890000     -0.95163800     -0.23079100     -0.20271600     -0.28697700      0.43250000      0.85476000     -0.00024200     -0.00150300     -0.00074400      0.00000000      0.00000000      0.00000000     -0.44282100     -0.11765700     -0.02640300      0.41467900      0.34531400      0.83183800      0.43450700     -0.88417800      0.44358600     -0.14627500     -0.31483000     -0.33472100      0.88809200      0.00049700     -0.00386000      0.01379100     -0.02987700     -0.01238900     -0.02741900     -0.10602100      0.03684700      0.02796100     -0.00461900     -0.12997600     -0.88030100      0.45626200      0.95210200     -0.23926300     -0.19040300      0.27677900      0.40966100      0.86923500      0.00621200      0.00406200      0.00205500     -0.00113800     -0.01154600      0.06269600     -0.26596100      0.07653700      0.02771400     -0.04443000     -0.02679000      0.87490900     -0.48354500     -0.96273900     -0.15279700     -0.22312700     -0.26910100      0.45955000      0.84640200     -0.00015000     -0.00093500     -0.00046200     -0.00010700     -0.00005100      0.00020500     -0.52842700
     0.13390900     -0.01814400      0.45371500     -0.10951500      0.87103100     -0.47891300     -0.95159500     -0.23101300     -0.20266400     -0.28703300      0.43245200      0.85476500     -0.00026000     -0.00161400     -0.00079900      0.00000000      0.00000000      0.00000000     -0.44814300     -0.11751700     -0.02632200      0.41503600      0.34618900      0.83161400      0.43423800     -0.88408800      0.44406800     -0.14535200     -0.31412000     -0.33463600      0.88837600     -0.00095000      0.00630800      0.00412200      0.00116100     -0.00910600      0.02731600     -0.18557300      0.03691800      0.02799700     -0.00443700     -0.13088300     -0.88014400      0.45630600      0.95219500     -0.23975100     -0.18932300      0.27603100      0.40971400      0.86944800     -0.00043100      0.00282300      0.00184400      0.00079800     -0.00826200      0.02749600     -0.31331600      0.07654200      0.02769100     -0.04445900     -0.02700800      0.87489200     -0.48356200     -0.96271600     -0.15301400     -0.22307300     -0.26915700      0.45950900      0.84640600     -0.00018600      0.00317800     -0.00600700      0.03596900     -0.01003300      0.01942800     -0.52957000
     0.13395500     -0.01822000      0.45367500     -0.10956200      0.87101100     -0.47893800     -0.95159000     -0.23105700     -0.20263200     -0.28702800      0.43246800      0.85475900     -0.00021100     -0.00131100     -0.00064900      0.00000000      0.00000000      0.00000000     -0.45685400     -0.11753000     -0.02610000      0.41517900      0.34670200      0.83144500      0.43415200     -0.88390100      0.44450500     -0.14514800     -0.31407900     -0.33447500      0.88845100     -0.00085000      0.00564400      0.00368000      0.00116000     -0.00910300      0.02731700     -0.30369900      0.03691100      0.02810800     -0.00436600     -0.13142100     -0.88009000      0.45625400      0.95212200     -0.24021200     -0.18910400      0.27602600      0.40955800      0.86952300     -0.00043500      0.00286500      0.00186700      0.00111000     -0.00906500      0.02721900     -0.41096400      0.07656400      0.02765100     -0.04447900     -0.02705200      0.87487600     -0.48358800     -0.96271800     -0.15305400     -0.22304100     -0.26914900      0.45952600      0.84640000     -0.00012400     -0.00077400     -0.00038600     -0.00004900     -0.00002500      0.00008900     -0.53561200
     0.13397000     -0.01824000      0.45365300     -0.10985800      0.87097100     -0.47894300     -0.95155600     -0.23131400     -0.20249800     -0.28702800      0.43241100      0.85478800     -0.00024800     -0.00154300     -0.00076500      0.00000000      0.00000000      0.00000000     -0.46072900     -0.11755700     -0.02599300      0.41522500      0.34697300      0.83134900      0.43412100     -0.88378500      0.44475700     -0.14508300     -0.31410700     -0.33438000      0.88847700     -0.00071100      0.00472100      0.00307600      0.00000000     -0.00000000     -0.00000000     -0.38065900      0.03689700      0.02816600     -0.00434000     -0.13172700     -0.88005500      0.45623500      0.95206600     -0.24049900     -0.18902400      0.27607500      0.40946600      0.86955100     -0.00041500      0.00273600      0.00178200      0.00113300     -0.00907700      0.02723100     -0.47350400      0.07657200      0.02764300     -0.04448900     -0.02734700      0.87486100     -0.48360000     -0.96270800     -0.15331000     -0.22290600     -0.26915300      0.45947000      0.84642900     -0.00013300     -0.00083300     -0.00041400     -0.00171600      0.00736300     -0.02774100     -0.53838800
     0.13399400     -0.01820400      0.45365900     -0.11015200      0.87093100     -0.47894700     -0.95152200     -0.23157000     -0.20236600     -0.28702800      0.43235400      0.85481600      0.00024900      0.00155100      0.00076800      0.00000000      0.00000000      0.00000000     -0.46854500     -0.11765000     -0.02577800      0.41531000      0.34601200      0.83121900      0.43513400     -0.88318800      0.44508900     -0.14767500     -0.31683600     -0.33425800      0.88755200     -0.00076100      0.00505800      0.00328900      0.00116500     -0.00910600      0.02731400     -0.58037700      0.03685000      0.02827400     -0.00429800     -0.13074400     -0.87969500      0.45721000      0.95142100     -0.24099500     -0.19161900      0.27875200      0.40994600      0.86847000     -0.00037500      0.00248000      0.00161300     -0.00297300     -0.01128000      0.02894700     -0.65541000      0.07658300      0.02765600     -0.04448900     -0.02764100      0.87484600     -0.48361100     -0.96269900     -0.15356400     -0.22277300     -0.26915700      0.45941400      0.84645800      0.00014400      0.00089800      0.00044500     -0.00004000     -0.00002200      0.00003900     -0.54541000
     0.13403700     -0.01824100      0.45363900     -0.10996800      0.87094000     -0.47897400     -0.95153900     -0.23142400     -0.20245400     -0.28704300      0.43241500      0.85478100     -0.00040700     -0.00253600     -0.00125700     -0.00167000      0.00738900     -0.02780500     -0.50357900     -0.11770800     -0.02559300      0.41524900      0.34016600      0.83270700      0.43689600     -0.88147300      0.44420600     -0.16006400     -0.32776300     -0.33171600      0.88453300     -0.00130800      0.00926000     -0.01025600      0.03604600     -0.00317900      0.02192600     -0.86903700      0.03682200      0.02836500     -0.00431600     -0.12455200     -0.87988100      0.45858000      0.94893500     -0.24064400     -0.20399200      0.28984300      0.40975500      0.86492200     -0.00000100     -0.00000100     -0.00000100     -0.02159800      0.06850000     -0.17995200     -0.84041800      0.07660600      0.02764700     -0.04449400     -0.02743400      0.87484000     -0.48363300     -0.96270200     -0.15339900     -0.22287300     -0.26916700      0.45948100      0.84641900      0.00623800     -0.00136800     -0.00089100      0.00097400     -0.01473700      0.02959200     -0.55765600
     0.13406900     -0.01825800      0.45359500     -0.11005700      0.87091500     -0.47899800     -0.95150900     -0.23153700     -0.20246900     -0.28711100      0.43240400      0.85476400     -0.00021600     -0.00134700     -0.00066800      0.00000000      0.00000000      0.00000000     -0.53009700     -0.11772000     -0.02550100      0.41510200      0.33506900      0.83308200      0.44010900     -0.88028500      0.44334400     -0.16875600     -0.33610500     -0.33192900      0.88131700      0.00028000     -0.00186000     -0.00120900     -0.00788400      0.06308000     -0.18852300     -1.06018400      0.03681400      0.02841800     -0.00439200     -0.11952400     -0.87899500      0.46160600      0.94712200     -0.24039600     -0.21252700      0.29777800      0.41179600      0.86124900     -0.00054400      0.00390400     -0.00559900      0.01700700      0.05718400     -0.16141500     -0.85364400      0.07662200      0.02763500     -0.04451800     -0.02754500      0.87482200     -0.48365900     -0.96268000     -0.15353100     -0.22287500     -0.26923300      0.45947100      0.84640300     -0.00016000     -0.00100800     -0.00050100     -0.00000700     -0.00000100      0.00003700     -0.57382200
     0.13416100     -0.01825500      0.45352500     -0.11007900      0.87087900     -0.47906000     -0.95146100     -0.23163800     -0.20257600     -0.28725900      0.43242400      0.85470400      0.00007200      0.00913000     -0.01063800      0.03604700     -0.00996600      0.01930500     -0.55890400     -0.11774300     -0.02526100      0.41472000      0.32905700      0.83414000      0.44263300     -0.88004100      0.44087300     -0.17633300     -0.34262100     -0.33256500      0.87856400     -0.00111200      0.00796000     -0.01109800      0.02756900      0.06091600     -0.16612600     -1.36654200      0.03680400      0.02853000     -0.00458800     -0.11333600     -0.87866100      0.46379700      0.94598700     -0.23814000     -0.21999100      0.30374600      0.41381400      0.85819300      0.00613900      0.00481200     -0.00560300      0.03652600     -0.01806700      0.05198600     -0.83502900      0.07666700      0.02763100     -0.04455500     -0.02756700      0.87478700     -0.48372100     -0.96263900     -0.15363500     -0.22298100     -0.26937700      0.45950300      0.84634000      0.00005500      0.00467500     -0.00526600      0.03603200     -0.00997300      0.01931800     -0.60370400
     0.13430400     -0.01822000      0.45345800     -0.10958200      0.87088700     -0.47915800     -0.95145300     -0.23132900     -0.20296600     -0.28747600      0.43257200      0.85455600      0.01268500     -0.00144800     -0.00114400      0.00098400     -0.01471500      0.02955300     -0.60895300     -0.11782900     -0.02494000      0.41438300      0.32749300      0.83716800      0.43805200     -0.88012600      0.43895500     -0.18063900     -0.34389900     -0.32744100      0.87998900     -0.00007900      0.00052900      0.00034400      0.04720200     -0.12215300     -0.04324500     -1.40624100      0.03676100      0.02869200     -0.00476200     -0.11119600     -0.88139900      0.45909700      0.94544700     -0.23616200     -0.22440400      0.30621100      0.40910000      0.85957600     -0.00068300      0.00485600     -0.00497700      0.09269600     -0.14999000     -0.02981500     -0.86066600      0.07673400      0.02765200     -0.04458700     -0.02709300      0.87475600     -0.48380500     -0.96259700     -0.15334900     -0.22336000     -0.26957700      0.45965800      0.84619200      0.00000200      0.00000800      0.00000200      0.00000200      0.00000200      0.00002500     -0.63048400
     0.13464400     -0.01816800      0.45327800     -0.10874800      0.87227800     -0.47681300     -0.95137500     -0.23032000     -0.20447400     -0.28805000      0.43030600      0.85550600     -0.00000300     -0.00001700     -0.00000800      0.03530100      0.25207500      0.06506100     -0.75292400     -0.11799100     -0.02472800      0.41414200      0.32721800      0.84229000      0.42833200     -0.87985500      0.43692700     -0.18677000     -0.34485200     -0.31682000      0.88349600     -0.00122300      0.00870700     -0.01060700      0.25235900     -0.56414600     -0.17718900     -1.40729900      0.03668000      0.02880000     -0.00488100     -0.11028300     -0.88590000      0.45057600      0.94453300     -0.23451600     -0.22991000      0.30934500      0.40022800      0.86262500     -0.00060400      0.00431400     -0.00533200      0.31206900     -0.73289400     -0.25038200     -0.86001300      0.07690900      0.02767700     -0.04467700     -0.02613000      0.87570900     -0.48213100     -0.96243200     -0.15242800     -0.22469700     -0.27025900      0.45814700      0.84679400      0.00634700     -0.00071500     -0.00057200      0.05409300      0.38579200      0.13900800     -0.70216900
     0.13488300     -0.01813100      0.45318600     -0.10812400      0.87227400     -0.47696300     -0.95136300     -0.22994000     -0.20495900     -0.28832700      0.43051800      0.85530600      0.01286400     -0.00030800     -0.00057800      0.00149800     -0.01103000      0.03050500     -0.81570900     -0.11815300     -0.02473400      0.41405600      0.32647500      0.84500700      0.42352100     -0.88000100      0.43529500     -0.18987000     -0.34518400     -0.31177900      0.88515800     -0.01295500     -0.00447200     -0.00172100      0.13396400     -0.33226200     -0.18321700     -1.40737600      0.03660300      0.02880200     -0.00492100     -0.10921500     -0.88886500      0.44496100      0.94408700     -0.23284400     -0.23341200      0.31107900      0.39459000      0.86459600      0.00010600     -0.00068800     -0.00044600      0.17806300     -0.42589300     -0.36704100     -0.85952300      0.07702300      0.02769400     -0.04472400     -0.02557300      0.87612500     -0.48140400     -0.96234400     -0.15194100     -0.22540300     -0.27062600      0.45751200      0.84701900      0.00646700      0.00005400     -0.00019200     -0.00060000     -0.03089200      0.02406600     -0.75768700
     0.13537400     -0.01809600      0.45309500     -0.10686600      0.87647300     -0.46949000     -0.95134200     -0.22732500     -0.20795100     -0.28886500      0.42333200      0.85870500      0.01289400     -0.00009200     -0.00047100      0.02048000      0.12686000      0.06618300     -0.91268300     -0.11868400     -0.02487300      0.41396500      0.31859000      0.85123100      0.41701000     -0.87953600      0.42953600     -0.20457200     -0.35363500     -0.30267700      0.88498100     -0.02642300     -0.00557500     -0.00125700      0.06921500     -0.11567400     -0.32212400     -1.40806300      0.03634300      0.02872800     -0.00497000     -0.10059300     -0.89358900      0.43746800      0.94152000     -0.22762000     -0.24845000      0.32158900      0.38689300      0.86422900     -0.00651300     -0.00201100     -0.00070700      0.07606300     -0.15657100     -0.29746100     -0.85723700      0.07726900      0.02771200     -0.04476900     -0.02410400      0.88029600     -0.47381100     -0.96204500     -0.14929200     -0.22842900     -0.27182200      0.45032100      0.85048300      0.00648000      0.00015000     -0.00014600      0.02207600      0.13208100      0.06589500     -0.78740600
     0.13601100     -0.01813500      0.45299700     -0.10630000      0.88065400     -0.46173000     -0.95202300     -0.22409000     -0.20834500     -0.28682500      0.41633500      0.86280000      0.02537700     -0.00280400     -0.00224100      0.06854200      0.46260900      0.18655200     -1.04498300     -0.11941800     -0.02502600      0.41404200      0.30806800      0.85700700      0.41306700     -0.87991200      0.42179200     -0.21858900     -0.36192300     -0.29720500      0.88348400     -0.01353700     -0.00056500      0.00081500      0.01906300     -0.04188000     -0.04948200     -1.40851300      0.03598200      0.02864700     -0.00493500     -0.08935900     -0.89705900      0.43278100      0.93944700     -0.22024500     -0.26254700      0.33083800      0.38311500      0.86242000     -0.00683200      0.00014400      0.00069600     -0.00176500      0.04773900     -0.22114600     -0.85331800      0.07758300      0.02769600     -0.04481700     -0.02338500      0.88331900     -0.46818600     -0.96251400     -0.14647600     -0.22827900     -0.27022200      0.44529800      0.85363200      0.00634400     -0.00071800     -0.00057700      0.07544300      0.52409300      0.16690300     -0.78985500
     0.13638400     -0.01815000      0.45294300     -0.10646100      0.88205500     -0.45901100     -0.95269900     -0.22257900     -0.20686700     -0.28451000      0.41417800      0.86460200      0.02541900     -0.00252100     -0.00210100      0.00394000      0.13769700      0.09186400     -1.14111100     -0.11978700     -0.02509000      0.41411900      0.30313700      0.85935600      0.41183500     -0.88048400      0.41791500     -0.22367300     -0.36468300     -0.29589600      0.88278800     -0.02700100     -0.00160100      0.00131900     -0.00742000      0.08042800     -0.25155000     -1.40865400      0.03578300      0.02861400     -0.00489600     -0.08392100     -0.89823000      0.43143900      0.93891600     -0.21629400     -0.26767900      0.33375500      0.38262200      0.86151400     -0.01352200     -0.00067200      0.00075400     -0.02401700      0.12067600     -0.23181600     -0.85086800      0.07776900      0.02768800     -0.04484400     -0.02352900      0.88580100     -0.46346700     -0.96304500     -0.14450300     -0.22729000     -0.26830600      0.44099200      0.85646700      0.00637000     -0.00053900     -0.00048800     -0.03910700      0.19107800      0.04738700     -0.79867300
     0.13716300     -0.01819800      0.45281200     -0.10415100      0.88480400     -0.45422300     -0.95280700     -0.21964100     -0.20949400     -0.28500600      0.40986700      0.86649100      0.01235800      0.00524800     -0.01298400      0.06391800      0.20008900      0.07752800     -1.44334500     -0.12062100     -0.02511700      0.41419900      0.29749300      0.86220800      0.40998400     -0.88223700      0.41243500     -0.22691100     -0.36508600     -0.29528800      0.88282500     -0.02723800      0.00016300      0.00245600     -0.00267500      0.02062600     -0.03141500     -1.40883400      0.03537600      0.02860000     -0.00485700     -0.07794700     -0.89965300      0.42959000      0.93927500     -0.21071300     -0.27085100      0.33419200      0.38239200      0.86144600     -0.00689000      0.00059400      0.00098800     -0.00542000      0.02470300     -0.02540800     -0.84988900      0.07816400      0.02766400     -0.04490300     -0.02105500      0.88815000     -0.45907000     -0.96286000     -0.14164000     -0.22986400     -0.26917700      0.43718100      0.85814600      0.01267400     -0.00149800     -0.00118000      0.04135200      0.27891300      0.14205400     -0.79932600
     0.13799200     -0.01821000      0.45265200     -0.10760600      0.88683200     -0.44943900     -0.95153500     -0.22279900     -0.21192600     -0.28795200      0.40374900      0.86838700      0.02555300      0.00727000     -0.01240500      0.09150900      0.22872200      0.10685100     -1.81331600     -0.12151400     -0.02507800      0.41430300      0.29590000      0.86256100      0.41039500     -0.88271200      0.41114400     -0.22740900     -0.36523300     -0.29606000      0.88250600     -0.01387900      0.00202600      0.00248200      0.00635600     -0.04833200      0.15902100     -1.40897300      0.03492400      0.02862200     -0.00480300     -0.07613300     -0.89960600      0.43001500      0.93945100     -0.20923100     -0.27139000      0.33411700      0.38331600      0.86106500     -0.01366100      0.00043900      0.00146900     -0.00318200      0.02152200     -0.03159200     -0.85413400      0.07857300      0.02765100     -0.04498700     -0.02445500      0.89039200     -0.45453500     -0.96180900     -0.14494900     -0.23219300     -0.27262700      0.43149800      0.85993200      0.00649400      0.00028800     -0.00008400      0.11793100      0.38976400      0.02971100     -0.79720400
     0.13873300     -0.01820700      0.45258300     -0.10560500      0.88951900     -0.44457600     -0.95165000     -0.22002600     -0.21429700     -0.28831600      0.39934300      0.87030200      0.02557400     -0.00141200     -0.00155100      0.00670600      0.00791300      0.06882400     -1.90974000     -0.12260600     -0.02521700      0.41438200      0.29288500      0.86415500      0.40920200     -0.88259700      0.40898700     -0.23170300     -0.36792900     -0.29439100      0.88194400     -0.02669000     -0.00358000      0.00001100     -0.00321100      0.02792900     -0.05936900     -1.40923000      0.03439700      0.02856500     -0.00476300     -0.07311700     -0.90057300      0.42850900      0.93859200     -0.20740200     -0.27573200      0.33719100      0.38203500      0.86043600     -0.01333100     -0.00191400     -0.00005800     -0.01318300      0.04261500     -0.05009100     -0.85887000      0.07895300      0.02765800     -0.04502500     -0.02235400      0.89338000     -0.44874300     -0.96159800     -0.14202700     -0.23485300     -0.27354700      0.42626100      0.86224800      0.01279300     -0.00068000     -0.00077700      0.00170100     -0.04171500      0.05320500     -0.81288000
     0.13908900     -0.01822600      0.45257200     -0.10489000      0.89213200     -0.43948100     -0.95168900     -0.21822100     -0.21596400     -0.28845000      0.39448700      0.87247000      0.01281200     -0.00052300     -0.00068500      0.06361600      0.48286000      0.15905000     -1.91033100     -0.12318000     -0.02534400      0.41442500      0.29036200      0.86687300      0.40523300     -0.88230200      0.40650900     -0.23712400     -0.37062700     -0.28978200      0.88234100     -0.03879100     -0.01452400      0.01033300      0.00699700     -0.08903700     -0.15857700     -1.40934800      0.03410000      0.02849900     -0.00474300     -0.07012300     -0.90279100      0.42432200      0.93748600     -0.20500000     -0.28123400      0.34088200      0.37807500      0.86073000     -0.01333000     -0.00193000     -0.00007000      0.04235600     -0.11581000     -0.10498200     -0.85935900      0.07913100      0.02764900     -0.04503000     -0.02149300      0.89503800     -0.44547000     -0.96150800     -0.14058900     -0.23608200     -0.27393100      0.42325000      0.86360800      0.00640700     -0.00027500     -0.00036500      0.08340800      0.68073400      0.22192400     -0.81304300
     0.13982900     -0.01825500      0.45253300     -0.10327200      0.89472500     -0.43456500     -0.95179700     -0.21569000     -0.21801800     -0.28867700      0.38998900      0.87441500      0.01300900      0.00087000      0.00000500      0.02537900      0.16195900      0.10528800     -1.91000800     -0.12434300     -0.02564100      0.41465400      0.28663800      0.87453500      0.39117500     -0.88243400      0.40003000     -0.24742600     -0.37320000     -0.27537000      0.88586400     -0.02690900     -0.00193200      0.00106500      0.19842400     -0.55154200     -0.26384900     -1.40965000      0.03352400      0.02834500     -0.00463200     -0.06561300     -0.90869000      0.41228200      0.93587000     -0.19938000     -0.29050400      0.34617900      0.36678200      0.86349800     -0.01349900     -0.00066000      0.00075000      0.04128400     -0.10009000     -0.06582400     -0.86082900      0.07948700      0.02763300     -0.04505000     -0.01988700      0.89805800     -0.43942500     -0.96133000     -0.13792400     -0.23837000     -0.27467800      0.41769200      0.86607400      0.00640900     -0.00024100     -0.00034500      0.03787700      0.29311500      0.11275600     -0.80928700
     0.14039400     -0.01823100      0.45253700     -0.10202400      0.89729200     -0.42954000     -0.95188000     -0.21342700     -0.21987500     -0.28884900      0.38532100      0.87642500      0.01293900      0.00042500     -0.00021600      0.05169200      0.39958200      0.13744900     -1.91097700     -0.12557700     -0.02593500      0.41492700      0.28107400      0.87914700      0.38482500     -0.88319300      0.39388700     -0.25447200     -0.37562400     -0.26946100      0.88665600     -0.04039000     -0.00261100      0.00176800      0.03901500     -0.09232400     -0.10569400     -1.40950100      0.03290300      0.02819400     -0.00449200     -0.05940400     -0.91307600      0.40343700      0.93469600     -0.19276100     -0.29863800      0.35044700      0.35935100      0.86490000     -0.01284000     -0.00558300      0.00568400     -0.00681500     -0.03034700     -0.30918700     -0.86327800      0.07977900      0.02764700     -0.04504700     -0.01845500      0.89992800     -0.43564600     -0.96122300     -0.13588000     -0.23997200     -0.27515300      0.41432500      0.86753900      0.00649600      0.00038700     -0.00003400      0.08156000      0.68824400      0.22512500     -0.81777800
     0.14063800     -0.01819500      0.45252300     -0.10125600      0.89731800     -0.42966700     -0.95192900     -0.21282200     -0.22024900     -0.28895800      0.38559400      0.87626900      0.01309500      0.00155100      0.00034100      0.00328500     -0.01609500      0.05893000     -1.91086500     -0.12625100     -0.02608000      0.41507500      0.27839000      0.88099600      0.38254100     -0.88409200      0.39074200     -0.25619400     -0.37550500     -0.26799400      0.88715200     -0.03924600     -0.01110000      0.01251700     -0.02703600      0.03623900     -0.29400400     -1.40965500      0.03256600      0.02812400     -0.00442200     -0.05669200     -0.91434600      0.40094400      0.93476000     -0.18968500     -0.30040200      0.35072500      0.35775600      0.86544800     -0.01288000     -0.00526700      0.00589100     -0.02601700     -0.00464400     -0.08892700     -0.86442100      0.07990100      0.02766200     -0.04505500     -0.01775900      0.90075300     -0.43396600     -0.96115700     -0.13494400     -0.24076100     -0.27542800      0.41283400      0.86816200      0.00005400      0.00490300     -0.00515800      0.03414100     -0.03027800      0.01275900     -0.82137100
     0.14109200     -0.01812200      0.45253300     -0.10555300      0.89798500     -0.42723300     -0.95072300     -0.21701300     -0.22136700     -0.29137600      0.38169600      0.87717500      0.01319100      0.00229600      0.00070800      0.00259500     -0.02170400      0.05746900     -1.91115700     -0.12762400     -0.02632000      0.41536900      0.28014900      0.88132500      0.38049200     -0.88300800      0.39212200     -0.25782000     -0.37674900     -0.26486500      0.88756400     -0.02585700     -0.00961000      0.01232100     -0.02673600     -0.00616800     -0.09421700     -1.40976600      0.03187400      0.02800600     -0.00427300     -0.05830200     -0.91504700      0.39910900      0.93394800     -0.19120800     -0.30195800      0.35261900      0.35514200      0.86575500     -0.02023500     -0.00093200      0.00113400      0.01033300     -0.04281200      0.12554900     -0.86981000      0.08013300      0.02769800     -0.04505100     -0.02201000      0.90169600     -0.43180800     -0.96027800     -0.13924200     -0.24181800     -0.27817200      0.40933400      0.86894400      0.00659400      0.00113400      0.00034000      0.00159900     -0.03027200      0.05516400     -0.82382000
     0.14152300     -0.01800000      0.45256700     -0.10495200      0.89795900     -0.42743500     -0.95076800     -0.21655800     -0.22162000     -0.29144700      0.38201400      0.87701300      0.01340100      0.00388900      0.00149200      0.00098400     -0.01471400      0.02955300     -1.91121600     -0.12904500     -0.02642500      0.41548500      0.29369800      0.87778300      0.37845600     -0.87655600      0.40528900     -0.25946900     -0.38148600     -0.25664300      0.88795600     -0.04044700     -0.00173800      0.00228600      0.08734100     -0.23401100     -0.18159100     -1.41011200      0.03116900      0.02795000     -0.00421200     -0.07236700     -0.91407700      0.39903100      0.93063000     -0.20578400     -0.30262100      0.35873300      0.34945000      0.86556000     -0.02026200     -0.00059500      0.00134300      0.14588800     -0.42250500     -0.22368400     -0.86866700      0.08034800      0.02775900     -0.04503400     -0.02139600      0.90158600     -0.43207000     -0.96028400     -0.13879100     -0.24205600     -0.27820100      0.40973100      0.86874800      0.00672300      0.00210200      0.00081700      0.00084200     -0.01495700      0.02980300     -0.82871900
     0.14213600     -0.01775600      0.45267900     -0.10726200      0.90047400     -0.42152900     -0.95282600     -0.21411300     -0.21506000     -0.28378500      0.37745500      0.88148800      0.02655200      0.00624800      0.00221700      0.01674800      0.12795200      0.12697400     -1.91235400     -0.13067800     -0.02652800      0.41561900      0.31132800      0.87364500      0.37391300     -0.86778800      0.42178000     -0.26263900     -0.38752800     -0.24381700      0.88895300     -0.05370700     -0.00396400      0.00196300      0.09282500     -0.11714400     -0.03284000     -1.41040100      0.03033600      0.02790000     -0.00414300     -0.09058300     -0.91459900      0.39408400      0.92548800     -0.22344500     -0.30584800      0.36778500      0.33701600      0.86669100     -0.02685700     -0.00200000      0.00099400      0.08494900     -0.08839400     -0.01809500     -0.86801400      0.08063900      0.02787400     -0.04498100     -0.02370800      0.90430100     -0.42623500     -0.96230500     -0.13618900     -0.23541400     -0.27093400      0.40458800      0.87344200      0.00690000      0.00348200      0.00149100     -0.03301200      0.24066000      0.09563300     -0.82953500
     0.14243400     -0.01760500      0.45272100     -0.11270600      0.90235300     -0.41605600     -0.95226400     -0.21758200     -0.21406400     -0.28355500      0.37094500      0.88432100      0.01393000      0.00800800      0.00350500      0.02509800      0.17174200      0.10788600     -1.91203800     -0.13151700     -0.02656800      0.41565300      0.31517100      0.87434600      0.36902200     -0.86575200      0.42422300     -0.26541100     -0.38898000     -0.23693900      0.89017800     -0.04042000     -0.00160000      0.00234400      0.05615100     -0.15187800     -0.12626200     -1.41080500      0.02993300      0.02787900     -0.00412800     -0.09449100     -0.91613700      0.38956900      0.92390900     -0.22643800     -0.30841000      0.37075900      0.33078500      0.86782400     -0.02014500     -0.00143800      0.00078900      0.06441900     -0.17251200     -0.16371300     -0.86638100      0.08079800      0.02795200     -0.04495900     -0.02903100      0.90683300     -0.42048700     -0.96203900     -0.13954800     -0.23453100     -0.27135900      0.39771700      0.87646100      0.00696200      0.00398900      0.00173800      0.03355100      0.17949300      0.11154000     -0.83018800
     0.14296600     -0.01723400      0.45278400     -0.11785300      0.90776600     -0.40263700     -0.95168700     -0.21895800     -0.21522300     -0.28339400      0.35669000      0.89021800      0.01394200      0.00831100      0.00363800      0.07391800      0.60079600      0.22011100     -1.91182500     -0.13300200     -0.02662600      0.41575300      0.32272600      0.87353600      0.36438200     -0.86168500      0.43049300     -0.26853300     -0.39181700     -0.22842600      0.89115900     -0.04042700     -0.00128300      0.00252800     -0.00343400      0.03717100     -0.09068700     -1.41069600      0.02919000      0.02785000     -0.00407800     -0.10237400     -0.91715200      0.38516300      0.92114600     -0.23356900     -0.31134300      0.37551200      0.32291800      0.86874200     -0.02024700     -0.00037200      0.00146200     -0.01263000      0.06443500     -0.04739200     -0.86572800      0.08106500      0.02814000     -0.04492700     -0.03397000      0.91168200     -0.40948800     -0.96158800     -0.14148200     -0.23522300     -0.27238400      0.38576900      0.88146900      0.00696400      0.00410500      0.00178600      0.00280200     -0.04321200      0.04874300     -0.82986200
     0.14366900     -0.01690300      0.45286600     -0.12591800      0.90799600     -0.39966600     -0.95157100     -0.22437800     -0.21009400     -0.28029200      0.35272600      0.89277500      0.02645200      0.00630100      0.00220800      0.00217200     -0.02765700      0.05957000     -1.91219700     -0.13434600     -0.02667400      0.41577400      0.33046100      0.87150200      0.36231300     -0.85740400      0.43772000     -0.27054100     -0.39476000     -0.22235000      0.89139700     -0.02674900     -0.00271600      0.00048300     -0.00393200      0.02991500     -0.05866400     -1.41116600      0.02850200      0.02783000     -0.00406400     -0.11038900     -0.91680100      0.38378200      0.91850700     -0.24161700     -0.31299500      0.37968200      0.31795500      0.86876000     -0.01336500     -0.00148000      0.00018800     -0.00687000      0.03878100     -0.05593200     -0.86442100      0.08141200      0.02830900     -0.04488400     -0.04213700      0.91352500     -0.40459300     -0.96197500     -0.14647400     -0.23053600     -0.26986400      0.37949500      0.88496100      0.00700800      0.00456600      0.00200200     -0.00884100      0.00865100     -0.13967400     -0.83394400
     0.14400700     -0.01673700      0.45292400     -0.12828400      0.90774800     -0.39947700     -0.95205000     -0.22546400     -0.20673100     -0.27757600      0.35267200      0.89364500      0.01384600      0.00795800      0.00344200     -0.00795600      0.02924900     -0.13449100     -1.91129000     -0.13492300     -0.02669700      0.41572300      0.33493100      0.86969300      0.36255400     -0.85494500      0.44230300     -0.27087000     -0.39632900     -0.22034300      0.89119900     -0.02669500     -0.00324700      0.00014000     -0.00407500      0.03039400     -0.05846400     -1.41139700      0.02822400      0.02781900     -0.00409000     -0.11517400     -0.91599000      0.38431200      0.91711100     -0.24669000     -0.31312800      0.38162800      0.31639300      0.86847700     -0.01333600     -0.00175500      0.00000800     -0.00473300      0.03172400     -0.05924200     -0.86540100      0.08158500      0.02839100     -0.04485500     -0.04436700      0.91340300     -0.40462900     -0.96262900     -0.14740200     -0.22719200     -0.26716200      0.37942900      0.88580900      0.01322400      0.00322700      0.00112600      0.00609500     -0.04083900      0.08764300     -0.83165800
     0.14443800     -0.01652800      0.45302300     -0.13147400      0.90725400     -0.39956100     -0.95170000     -0.22825900     -0.20527100     -0.27728100      0.35214500      0.89394400      0.00047300      0.00364000      0.00176800     -0.01041800      0.05137400     -0.19185500     -1.91149700     -0.13567200     -0.02670400      0.41575600      0.34493200      0.86565900      0.36283200     -0.84969600      0.45226500     -0.27093700     -0.39904400     -0.21594000      0.89106500     -0.01478100      0.01054600     -0.00834200      0.05016500     -0.00055400      0.03218900     -1.41155600      0.02784600      0.02780300     -0.00407400     -0.12569000     -0.91427200      0.38510600      0.91423800     -0.25746600     -0.31285600      0.38518800      0.31275600      0.86822400     -0.00686200      0.00109800      0.00127100      0.05356900     -0.03424900      0.13144700     -0.86621800      0.08180700      0.02850500     -0.04480200     -0.04751200      0.91316100     -0.40481800     -0.96254000     -0.15016400     -0.22575900     -0.26694400      0.37892700      0.88608900      0.00656200      0.00128400      0.00039700      0.00237300     -0.02230000      0.05764200     -0.83018800
     0.14479200     -0.01653000      0.45299800     -0.13212400      0.90709500     -0.39970900     -0.95161800     -0.22887100     -0.20497300     -0.27725500      0.35215900      0.89394700      0.00000100      0.00000700      0.00000300      0.00000000      0.00000000      0.00000000     -1.91195300     -0.13604000     -0.02657700      0.41575800      0.35127900      0.86336900      0.36219900     -0.84762400      0.45761600     -0.26842900     -0.39791800     -0.21381000      0.89208200     -0.00132800      0.01112100     -0.00908000      0.03734200     -0.01278100      0.04883100     -1.41137300      0.02765600      0.02787000     -0.00407000     -0.13238600     -0.91345800      0.38479600      0.91353400     -0.26308200     -0.31023000      0.38461500      0.31045400      0.86930300     -0.00002900      0.00028000      0.00018600      0.00000900      0.00024200     -0.00103200     -0.86654400      0.08197900      0.02850300     -0.04481400     -0.04833200      0.91304900     -0.40497400     -0.96251000     -0.15091600     -0.22538200     -0.26690200      0.37889900      0.88611300      0.00629600     -0.00075300     -0.00059000      0.00091800     -0.01476900      0.02975500     -0.82986200
     0.14487500     -0.01655300      0.45298300     -0.13194900      0.90710000     -0.39975500     -0.95163700     -0.22872900     -0.20504000     -0.27727100      0.35223800      0.89391100     -0.00010300     -0.00079700     -0.00038700      0.00000000      0.00000000      0.00000000     -1.91211700     -0.13601400     -0.02645800      0.41563700      0.35176700      0.86316700      0.36220700     -0.84726800      0.45815000     -0.26864200     -0.39824600     -0.21348100      0.89201400     -0.00115400      0.00930300     -0.01024000      0.03597400     -0.00366900      0.02152800     -1.41123800      0.02766800      0.02793700     -0.00413300     -0.13292500     -0.91336500      0.38483100      0.91328300     -0.26371000     -0.31043600      0.38502500      0.31019500      0.86921400     -0.00056800      0.00457100     -0.00516700      0.03573100     -0.00342900      0.02081900     -0.86964700      0.08202500      0.02849000     -0.04482200     -0.04812900      0.91303900     -0.40502100     -0.96251800     -0.15075000     -0.22545900     -0.26691000      0.37899000      0.88607200     -0.00008100     -0.00062500     -0.00030800     -0.00006300     -0.00003900      0.00016900     -0.83018800
