     0.14111400     -0.01530700      0.44872600     -0.34920700      0.77080700     -0.53287600     -0.83415100     -0.51473400     -0.19802400     -0.42650100      0.37438600      0.82338300     -0.01346800      0.00455600     -0.01243400      0.01021800     -0.26933300     -0.08558500      0.06742900     -0.11802400     -0.02143000      0.41202700      0.43617700      0.74637700      0.50265600     -0.83967900      0.53841200     -0.07061400     -0.32386700     -0.39221100      0.86089700      0.01383100     -0.00177900     -0.00231900     -0.14792600      0.32775200      0.12490100     -0.41424100      0.03675900      0.03080400     -0.00580500     -0.27034200     -0.80631200      0.52609500      0.91813300     -0.38036100     -0.11115900      0.28973500      0.45297400      0.84312900      0.00619000      0.00421400     -0.00597800     -0.18876100      0.49409600      0.24319100     -0.62177200      0.08024800      0.02862600     -0.04665300     -0.15038000      0.85088800     -0.50336300     -0.92613500     -0.29939700     -0.22942100     -0.34591700      0.43168200      0.83306100     -0.01308200      0.00274900     -0.00575900      0.00444200     -0.49379900      0.02214900     -0.12395700
     0.14025900     -0.01510600      0.44819600     -0.34688400      0.76327900     -0.54509000     -0.83252700     -0.51817200     -0.19587900     -0.43153600      0.38490300      0.81587600     -0.01381800      0.00218000     -0.01361400     -0.02618000     -0.81252100     -0.06027400      0.07029200     -0.11737200     -0.02142900      0.41185000      0.43612500      0.74189700      0.50928800     -0.83946100      0.53927600     -0.06648900     -0.32450100     -0.39946700      0.85731500      0.01389800     -0.00213700     -0.00255700     -0.20639800      0.45873400      0.17326400     -0.35648900      0.03709000      0.03080400     -0.00589500     -0.27074700     -0.80207200      0.53233000      0.91826500     -0.38116000     -0.10726600      0.28893800      0.45977800      0.83971300      0.00694300     -0.00101900     -0.00126000     -0.27981100      0.62937600      0.24093000     -0.56706900      0.07981100      0.02873300     -0.04692000     -0.14997200      0.84456000     -0.51402800     -0.92538300     -0.30295700     -0.22777700     -0.34810000      0.44151300      0.82697600     -0.01320700      0.00193500     -0.00616200      0.01179500     -0.19547500     -0.12837800     -0.11350600
     0.13980900     -0.01501400      0.44790600     -0.34586000      0.76026700     -0.54992700     -0.83181900     -0.51955400     -0.19522600     -0.43371900      0.38897100      0.81278400     -0.02650600      0.00341900     -0.01257800      0.01166400     -0.37094700      0.02808900      0.06860700     -0.11704900     -0.02140500      0.41178800      0.43631500      0.74032500      0.51141100     -0.83928900      0.53972100     -0.06503500     -0.32469300     -0.40178000      0.85616000      0.02695100      0.00129500     -0.00152000     -0.09474800      0.24450300     -0.08257100     -0.31605300      0.03724200      0.03081300     -0.00592700     -0.27128500     -0.79984300      0.53540100      0.91824300     -0.38180800     -0.10511900      0.28849900      0.46311100      0.83803000      0.00673000      0.00039800     -0.00034300     -0.11774000      0.25422000      0.12941100     -0.53653400      0.07959100      0.02877800     -0.04706600     -0.14932400      0.84025500     -0.52122200     -0.92500200     -0.30497000     -0.22663600     -0.34939000      0.44828900      0.82277700     -0.00689000      0.00119200     -0.00674400     -0.00438700     -0.43231000     -0.13254800     -0.11171000
     0.13897500     -0.01486500      0.44736000     -0.34215400      0.75305000     -0.56204300     -0.83064500     -0.52196800     -0.19377900     -0.43887600      0.39961700      0.80481200     -0.02643800      0.00407200     -0.01225900     -0.00916900     -0.43447300     -0.19648700      0.06432100     -0.11643800     -0.02127200      0.41173300      0.43702000      0.73702100      0.51556300     -0.83879800      0.54084800     -0.06193300     -0.32501500     -0.40631700      0.85389400      0.01196300      0.01112800     -0.01019600     -0.02588700      0.12438900      0.10388300     -0.26724500      0.03755300      0.03087500     -0.00595200     -0.27221800     -0.79658800      0.53976200      0.91817200     -0.38284000     -0.10194000      0.28784700      0.46784500      0.83562200      0.00662300      0.00108600      0.00010200     -0.08434300      0.22510700     -0.09378300     -0.47660600      0.07917300      0.02884900     -0.04734100     -0.14705500      0.83340200     -0.53274200     -0.92448200     -0.30732200     -0.22557400     -0.35171800      0.45933900      0.81566000     -0.00683100      0.00165400     -0.00652100     -0.02419200     -0.68502200     -0.20835000     -0.11611900
     0.13826100     -0.01465500      0.44689800     -0.33942200      0.74886800     -0.56924100     -0.82989200     -0.52323200     -0.19359300     -0.44240600      0.40576500      0.79978600     -0.01334000      0.00570500     -0.01186700      0.03067300     -0.01883100     -0.04668900      0.06439500     -0.11593100     -0.02111800      0.41165200      0.43731200      0.73383700      0.51983900     -0.83846200      0.54168500     -0.05910300     -0.32549000     -0.41094400      0.85149500      0.01326300      0.00201800      0.00012200     -0.01867900      0.03103300      0.04631800     -0.21618100      0.03780600      0.03095700     -0.00599500     -0.27290000     -0.79321300      0.54436800      0.91812900     -0.38374200     -0.09888800      0.28733700      0.47281400      0.83299600      0.00597600      0.00559900     -0.00508600      0.03170300     -0.00577900      0.05463100     -0.42712900      0.07881100      0.02895000     -0.04757300     -0.14506500      0.82807800     -0.54151700     -0.92403500     -0.30904600     -0.22505200     -0.35371400      0.46773500      0.81000600     -0.00656100      0.00354100     -0.00557600      0.03655900      0.03833600      0.00170400     -0.11807800
     0.13745800     -0.01431100      0.44648500     -0.33954600      0.74527000     -0.57387000     -0.82852600     -0.52574300     -0.19264200     -0.44486400      0.40912600      0.79670600     -0.02560000      0.00981400     -0.00939200      0.03311400      0.00928500     -0.04261100      0.08919600     -0.11530800     -0.02085500      0.41145900      0.43843500      0.72868200      0.52610700     -0.83754900      0.54356000     -0.05466000     -0.32633000     -0.41759500      0.84793000      0.01200700      0.01077300     -0.01042600      0.00234500      0.06091700      0.08056900     -0.18693400      0.03811800      0.03108600     -0.00608700     -0.27461400     -0.78823300      0.55070400      0.91779600     -0.38567600     -0.09435700      0.28676900      0.47952200      0.82934900      0.00667500      0.00076500     -0.00010700     -0.02016000      0.03252900      0.04556700     -0.38842900      0.07841400      0.02912100     -0.04778100     -0.14593900      0.82497300     -0.54600300     -0.92331300     -0.31176400     -0.22426500     -0.35523700      0.47140300      0.80720700     -0.00646300      0.00418800     -0.00525400      0.03655400      0.02933900     -0.00215500     -0.10240200
     0.13709500     -0.01414500      0.44634200     -0.34040000      0.74496900     -0.57375600     -0.82800600     -0.52658600     -0.19257200     -0.44517600      0.40859200      0.79680500     -0.01271800      0.00983400     -0.00980000      0.03498700      0.00435700     -0.01029900      0.11144000     -0.11497300     -0.02070600      0.41134200      0.43695000      0.72556000      0.53162700     -0.83710900      0.54424800     -0.05454100     -0.32943800     -0.42211400      0.84448400      0.02525800      0.01282700     -0.01028300     -0.01813200      0.09567400      0.12836300     -0.15340000      0.03828000      0.03116000     -0.00614600     -0.27339500     -0.78488600      0.55606500      0.91749200     -0.38640700     -0.09432000      0.28889800      0.48439900      0.82576900      0.00667400      0.00077200     -0.00010500     -0.06506700      0.17032100     -0.11206500     -0.36883500      0.07822800      0.02920300     -0.04785300     -0.14688800      0.82503300     -0.54565800     -0.92300600     -0.31266300     -0.22427700     -0.35564400      0.47070200      0.80743700     -0.01266800      0.00572500     -0.00427500      0.03463100      0.02576700     -0.03801000     -0.08346000
     0.13647200     -0.01382700      0.44613600     -0.34242700      0.74421300     -0.57353000     -0.82695200     -0.52843000     -0.19205200     -0.44557900      0.40759000      0.79709300     -0.01246700      0.00265200      0.00174400     -0.00098400      0.01471400     -0.02955300      0.15647600     -0.11426500     -0.02046500      0.41114000      0.43634000      0.71940600      0.54042000     -0.83697400      0.54494400     -0.04943400     -0.33058900     -0.43165500      0.83919500      0.01347000      0.00072600     -0.00072000     -0.15116600      0.32536600      0.15563600     -0.03884600      0.03863800      0.03128600     -0.00624900     -0.27347400     -0.77930700      0.56381800      0.91768700     -0.38701700     -0.08981900      0.28820400      0.49284600      0.82099900      0.01338000      0.00131100     -0.00035400     -0.22513000      0.49062400      0.22447500     -0.28196400      0.07791700      0.02936600     -0.04795900     -0.14903700      0.82479300     -0.54543800     -0.92240800     -0.31471800     -0.22386500     -0.35630200      0.46975200      0.80770000     -0.00620600      0.00586000     -0.00441700      0.03511400      0.00464400     -0.01044400     -0.02549200
     0.13597600     -0.01357500      0.44590400     -0.34439700      0.74344000     -0.57335300     -0.82591700     -0.53023800     -0.19152200     -0.44597700      0.40665500      0.79734700     -0.01282600      0.00904300     -0.01019000      0.03499600      0.00439700     -0.01030700      0.18908400     -0.11350900     -0.02027900      0.41102100      0.43520200      0.71505500      0.54707100     -0.83723900      0.54484700     -0.04590400     -0.33141900     -0.43895300      0.83507200      0.02680300      0.00231800     -0.00088500     -0.06639300      0.12673200      0.11685500      0.07541900      0.03901100      0.03138000     -0.00630800     -0.27284500     -0.77408500      0.57126700      0.91813500     -0.38688300     -0.08572500      0.28737200      0.50111100      0.81627400      0.00614300      0.00451200     -0.00579200     -0.03917100      0.15997600      0.08615500     -0.15770000      0.07766900      0.02949400     -0.04806800     -0.15116000      0.82449000     -0.54531300     -0.92183400     -0.31674200     -0.22337000     -0.35689000      0.46892400      0.80792200     -0.00642200      0.00006900      0.00025000     -0.00092400      0.01474600     -0.02968600      0.02594400
     0.13574400     -0.01346400      0.44577500     -0.34543600      0.74302200     -0.57327000     -0.82537300     -0.53119000     -0.19122800     -0.44618100      0.40617800      0.79747700     -0.00023900      0.00718800     -0.01153500      0.03597800     -0.01034600      0.01923400      0.20953600     -0.11314200     -0.02020800      0.41096000      0.43458500      0.71203900      0.55147700     -0.83737300      0.54484700     -0.04338900     -0.33189000     -0.44383300      0.83230100      0.01349100      0.00063000     -0.00078700     -0.08291700      0.17451400      0.09973100      0.11976800      0.03920000      0.03141400     -0.00634000     -0.27258900     -0.77097900      0.57557400      0.91837900     -0.38684600     -0.08323900      0.28683500      0.50590500      0.81350100      0.00611300      0.00470000     -0.00567200     -0.06682800      0.26321300     -0.05649700     -0.09320000      0.07754900      0.02955100     -0.04813200     -0.15229500      0.82431800     -0.54525700     -0.92152700     -0.31782600     -0.22309700     -0.35720000      0.46849300      0.80803500     -0.00646800     -0.00021900      0.00010900     -0.00093700      0.01474800     -0.02965500      0.05109100
     0.13529700     -0.01313200      0.44544600     -0.34721900      0.74228200     -0.57315100     -0.82424400     -0.53300500     -0.19104700     -0.44687900      0.40515600      0.79760600     -0.01266600      0.01002500     -0.00969600      0.03498900      0.00430500     -0.01034500      0.24948500     -0.11244100     -0.02005700      0.41084700      0.43385500      0.70571600      0.56011200     -0.83740000      0.54520100     -0.03808500     -0.33277400     -0.45340400      0.82677000      0.01341000      0.00113600     -0.00046200     -0.08268400      0.22223600     -0.09444500      0.18773500      0.03955100      0.03148800     -0.00639700     -0.27274500     -0.76433200      0.58429900      0.91869200     -0.38724900     -0.07773100      0.28568200      0.51559100      0.80780600      0.00672500      0.00046800     -0.00031000     -0.07318900      0.15140300      0.08998400      0.01506200      0.07732900      0.02971300     -0.04829900     -0.15418400      0.82400800     -0.54519400     -0.92085400     -0.31984500     -0.22299100     -0.35812400      0.46766300      0.80810700      0.00000100      0.00432900     -0.00539000      0.03600300     -0.01038800      0.01914800      0.10595600
     0.13488000     -0.01277400      0.44509400     -0.34965000      0.74138100     -0.57283900     -0.82392800     -0.53432300     -0.18871500     -0.44556300      0.40506900      0.79838500     -0.01265400      0.01005500     -0.00967700      0.03498500      0.00424300     -0.01037000      0.31176600     -0.11171400     -0.01988000      0.41070000      0.43544000      0.69894000      0.56733200     -0.83718500      0.54603800     -0.02994600     -0.33124100     -0.46280300      0.82216500      0.02676200      0.00264800     -0.00068600     -0.05136200      0.09342200      0.10462200      0.25795700      0.03990900      0.03157700     -0.00647000     -0.27504700     -0.75777500      0.59171400      0.91907900     -0.38788800     -0.06953100      0.28220800      0.52470800      0.80314300      0.00678200      0.00014900     -0.00051500     -0.04332500      0.15163900     -0.15713400      0.10470800      0.07712100      0.02989200     -0.04847400     -0.15676700      0.82368300     -0.54494800     -0.92090200     -0.32129000     -0.22070700     -0.35688000      0.46724400      0.80889900     -0.00631900      0.00503400     -0.00482900      0.03550100      0.00412200     -0.01010800      0.16996700
     0.13448000     -0.01254900      0.44489200     -0.35019700      0.74119400     -0.57274700     -0.82340700     -0.53502300     -0.18900800     -0.44609600      0.40449000      0.79838200     -0.01264300      0.00143700      0.00113700     -0.00098400      0.01471500     -0.02955300      0.36650500     -0.11093900     -0.01973800      0.41055000      0.43949900      0.69227800      0.57234900     -0.83752100      0.54607400     -0.01717600     -0.32496700     -0.47267700      0.81904600      0.01376000     -0.00085000     -0.00175900     -0.68844100     -0.21064300      0.51669600      0.32161600      0.04030100      0.03165100     -0.00654300     -0.27945700     -0.75216300      0.59678600      0.91996100     -0.38771300     -0.05786600      0.27490700      0.53284900      0.80031000      0.00693800     -0.00073400     -0.00109300     -2.09781000     -1.05255500      1.26402900      0.19664100      0.07691600      0.03000900     -0.04857900     -0.15735200      0.82362300     -0.54487000     -0.92053700     -0.32210000     -0.22104500     -0.35756100      0.46679200      0.80886000     -0.00631600      0.00072600      0.00057800     -0.00096300      0.01471700     -0.02956600      0.25977600
     0.13430800     -0.01250500      0.44486300     -0.34909200      0.74157200     -0.57293300     -0.82265300     -0.53524700     -0.19163800     -0.44834700      0.40350000      0.79762100     -0.01285300      0.00012000      0.00047900     -0.00098000      0.01471300     -0.02955100      0.39019100     -0.11058700     -0.01970000      0.41043300      0.43971300      0.69108600      0.57362400     -0.83813900      0.54521100     -0.01417700     -0.32307500     -0.47541300      0.81821000      0.01397500     -0.00205200     -0.00254400     -0.06006200      0.17285400     -0.11270200      0.34203700      0.04047700      0.03167200     -0.00660100     -0.28049500     -0.75095900      0.59781400      0.92057900     -0.38680900     -0.05396400      0.27176500      0.53519800      0.79981600      0.00639200      0.00308600     -0.00672600     -0.02368100      0.18962400     -0.11891400      0.23517700      0.07683600      0.03003400     -0.04859200     -0.15611400      0.82375000     -0.54503500     -0.91979400     -0.32235900     -0.22374700     -0.36000900      0.46639000      0.80800500     -0.00631800      0.00072700      0.00057800     -0.00563300      0.01600500     -0.03234400      0.29308800
     0.13400800     -0.01257400      0.44483800     -0.34830600      0.74185400     -0.57304600     -0.82185100     -0.53563500     -0.19398100     -0.45042300      0.40246900      0.79697300     -0.01321900     -0.00212400     -0.00064300     -0.00098400      0.01471500     -0.02955300      0.42150000     -0.10995700     -0.01964500      0.41009500      0.44096900      0.68889300      0.57529600     -0.83971600      0.54292900     -0.00628600     -0.31720800     -0.48118000      0.81713400      0.01312100      0.00428100     -0.01466600     -0.58135800     -0.30790300      0.26666100      0.37466600      0.04079200      0.03169800     -0.00676400     -0.28150700     -0.74882300      0.60001400      0.92206400     -0.38418700     -0.04686700      0.26561300      0.54005800      0.79861400      0.00722400     -0.00229500     -0.00211600     -1.97862000     -1.29939200      1.19270300      0.28677700      0.07668600      0.03000100     -0.04860400     -0.15531700      0.82384100     -0.54512600     -0.91905500     -0.32285000     -0.22606300     -0.36223400      0.46588900      0.80729900     -0.00035000     -0.00218900     -0.00108900     -0.00437600      0.00890700     -0.02929100      0.35040300
     0.13377700     -0.01263400      0.44450900     -0.34415000      0.73967100     -0.57835400     -0.82002600     -0.53674300     -0.19858900     -0.45689700      0.40499800      0.79199100     -0.00124900      0.00088500     -0.01468400      0.03297900     -0.01623700     -0.01245900      0.43774900     -0.10943900     -0.01957900      0.40955500      0.43839600      0.68812900      0.57816900     -0.84049700      0.54170700     -0.00722900     -0.31870300     -0.48364500      0.81509400      0.01331200      0.00329200     -0.01532700      0.03600900     -0.00666900      0.02494200      0.41476200      0.04104600      0.03172800     -0.00703100     -0.27928600     -0.74787500      0.60223000      0.92266700     -0.38268000     -0.04733900      0.26586500      0.54243700      0.79691700      0.00678500      0.00096900     -0.00811600      0.03388800      0.04678200     -0.16744500      0.34164300      0.07656600      0.02997200     -0.04876200     -0.15165600      0.82075300     -0.55078500     -0.91743800     -0.32425500     -0.23057600     -0.36784100      0.47034300      0.80216500     -0.00062000      0.00044000     -0.00733700      0.03392200      0.01196700      0.02520600      0.38518300
     0.13370900     -0.01261600      0.44416700     -0.34094800      0.73712800     -0.58347400     -0.81889000     -0.53764800     -0.20081300     -0.46131300      0.40841400      0.78766500     -0.00162100      0.00720500     -0.02664900      0.05872100     -0.12660200     -0.02230400      0.43620400     -0.10920300     -0.01948600      0.40921500      0.43867600      0.68622200      0.58022000     -0.84002600      0.54245000     -0.00625100     -0.31956000     -0.48552000      0.81364300      0.01337500      0.00298400     -0.01553600      0.03106900      0.00467000      0.02920200      0.41895700      0.04117400      0.03177600     -0.00721200     -0.27987300     -0.74590700      0.60439500      0.92235500     -0.38356200     -0.04626200      0.26633000      0.54452000      0.79534000      0.00670300      0.00146000     -0.00779700      0.04348500     -0.02411900      0.01813600      0.36025800      0.07653300      0.02998000     -0.04892700     -0.14904400      0.81763000     -0.55611600     -0.91649400     -0.32537000     -0.23274800     -0.37124600      0.47498700      0.79784800     -0.00083500     -0.00091200     -0.00801900      0.02107000     -0.08834000     -0.03292300      0.39269500
     0.13365400     -0.01245700      0.44324800     -0.33359600      0.72857900     -0.59827400     -0.81693400     -0.54007200     -0.20227000     -0.47007400      0.42036600      0.77611300     -0.00165800      0.00698200     -0.02676800      0.01537500     -0.56001000     -0.14955700      0.41429500     -0.10875300     -0.01915900      0.40842100      0.44062300      0.68358000      0.58186000     -0.83833700      0.54506500     -0.00531100     -0.32131500     -0.48631500      0.81247600      0.01316000      0.00425600     -0.01471300      0.02898100      0.00936700      0.03101400      0.42049400      0.04139400      0.03193500     -0.00760600     -0.28216200     -0.74362400      0.60614100      0.92122300     -0.38639800     -0.04520600      0.26782800      0.54563600      0.79407000      0.00584300      0.00704700     -0.01227200      0.07638600     -0.02007300      0.04288200      0.37185200      0.07650400      0.03005500     -0.04939000     -0.14375000      0.80908600     -0.56983600     -0.91513000     -0.32784400     -0.23463600     -0.37665800      0.48774600      0.78754700     -0.00082500      0.00342000     -0.01342200     -0.00628300     -0.81677400     -0.23225400      0.38322400
     0.13345400     -0.01203200      0.44210400     -0.32797900      0.71909600     -0.61268000     -0.81505800     -0.54323700     -0.20136200     -0.47722900      0.43243000      0.76504000     -0.00152900      0.00778800     -0.02635900      0.04188700     -0.30113600     -0.07475600      0.39244300     -0.10827300     -0.01850900      0.40742800      0.44317200      0.68061600      0.58339700     -0.83605400      0.54856600     -0.00468300     -0.32375500     -0.48653200      0.81137700      0.01127600      0.01622400     -0.02311900      0.06671700     -0.00499500      0.07968900      0.42894800      0.04162700      0.03224300     -0.00808800     -0.28501000     -0.74117100      0.60781000      0.91969900     -0.39009900     -0.04443300      0.27003900      0.54633900      0.79283700      0.00564400      0.00816700     -0.01153200      0.07761800     -0.02990700      0.06993500      0.38148600      0.07640900      0.03025800     -0.04994900     -0.14001700      0.79821000     -0.58587800     -0.91407700     -0.33164800     -0.23339000     -0.38060000      0.50286000      0.77606200     -0.00071200      0.00840100     -0.01846900      0.07879400     -0.45543500      0.11075000      0.35807700
     0.13327600     -0.01174700      0.44149300     -0.33252300      0.70882800     -0.62212200     -0.80748000     -0.55473600     -0.20053900     -0.48685600      0.43478300      0.75760300     -0.01411700      0.01835700     -0.03574100      3.48274300      0.47655500     -4.37258300      0.38525100     -0.10805000     -0.01807000      0.40686100      0.44429100      0.67826200      0.58528300     -0.83483600      0.55042400     -0.00394200     -0.32536500     -0.48771700      0.81002000      0.00986000      0.02554000     -0.03325400      0.07981000      0.05039800      0.09343500      0.42830100      0.04174700      0.03247100     -0.00837900     -0.28651800     -0.73901700      0.60972000      0.91883300     -0.39222600     -0.04362500      0.27138700      0.54773300      0.79141400      0.00484800      0.01330900     -0.01628100      0.08746400      0.02578600      0.11458400      0.38393500      0.07631900      0.03040300     -0.05026500     -0.14222700      0.79144900     -0.59445600     -0.91143900     -0.33895500     -0.23321100     -0.38606900      0.50864200      0.76956600     -0.00701700      0.00930100     -0.01780800      0.03333700     -0.95596200     -0.08200800      0.34452400
     0.13278900     -0.01109400      0.44012200     -0.32456400      0.69786400     -0.63850600     -0.80540400     -0.55781300     -0.20035200     -0.49559000      0.44835700      0.74390400     -0.01437100      0.01682900     -0.03649800      0.05332900     -0.73067500     -0.01098300      0.37691700     -0.10765900     -0.01691800      0.40546800      0.44680500      0.67151700      0.59111900     -0.83184500      0.55494700     -0.00146900     -0.32956700     -0.49190700      0.80577700      0.00954200      0.02717600     -0.03214000      0.06449400      0.07646900      0.13485100      0.42294200      0.04194300      0.03304600     -0.00907600     -0.28991200     -0.73259600      0.61583600      0.91683200     -0.39717400     -0.04086600      0.27453200      0.55277100      0.78681300      0.00413400      0.01797400     -0.02132200      0.11305000      0.04489800      0.14539800      0.38311900      0.07607600      0.03073300     -0.05094900     -0.14140400      0.77890200     -0.61099500     -0.90805300     -0.34786100     -0.23330500     -0.39426400      0.52182600      0.75647300     -0.00718600      0.00826000     -0.01832200      0.03710400     -0.69283200     -0.20199200      0.32721500
     0.13199800     -0.01052600      0.43871900     -0.31754700      0.68828100     -0.65228600     -0.80332600     -0.56069700     -0.20064200     -0.50344600      0.45942600      0.73177600     -0.01509700      0.01254600     -0.03867900      0.06979400     -0.39769700     -0.11940200      0.37111700     -0.10744200     -0.01556600      0.40390600      0.45627500      0.65885300      0.59809400     -0.82615400      0.56329800      0.00992700     -0.33091800     -0.49947600      0.80055000      0.00779000      0.03815900     -0.04110900     -0.02563300      0.40232000      0.07454900      0.42031900      0.04205500      0.03373100     -0.00987000     -0.30121400     -0.72228500      0.62255400      0.91323900     -0.40634800     -0.02958500      0.27434300      0.55963000      0.78201700      0.00390300      0.01916700     -0.02050200     -0.04527300      0.46527000      0.09232100      0.37936300      0.07567600      0.03102800     -0.05166200     -0.13614200      0.76747200     -0.62645900     -0.90667500     -0.35136300     -0.23341500     -0.39925500      0.53621700      0.74368300     -0.00757000      0.00599400     -0.01947000      0.06974500     -0.39424100     -0.11785400      0.31758100
     0.13093900     -0.01025600      0.43734000     -0.31175200      0.68012500     -0.66354000     -0.80139200     -0.56333800     -0.20098000     -0.51010900      0.46825100      0.72149700     -0.02873800      0.00021700     -0.02947200      0.06641100     -0.15730300      0.07524100      0.36698600     -0.10746300     -0.01401800      0.40229900      0.47116900      0.64545500      0.60114700     -0.81981000      0.57185700      0.02873800     -0.32579200     -0.50717900      0.79780500     -0.00606500      0.03926100     -0.03906800     -0.27226700      0.40678000      0.44010600      0.40704400      0.04204500      0.03450300     -0.01067500     -0.31803400     -0.71228300      0.62570400      0.90945600     -0.41565500     -0.01091000      0.26784800      0.56558200      0.77998300     -0.00304100      0.01981300     -0.01941800     -0.35110100      0.55687300      0.50574000      0.37070800      0.07514700      0.03116400     -0.05235100     -0.13204900      0.75822400     -0.63848100     -0.90540600     -0.35445200     -0.23367300     -0.40348700      0.54722800      0.73330600     -0.01438600     -0.00014000     -0.01484900      0.07133900     -0.06574700      0.10798700      0.31023300
     0.13030500     -0.01025100      0.43670000     -0.30998500      0.67661400     -0.66794400     -0.80039800     -0.56482200     -0.20077700     -0.51274000      0.47153900      0.71747900     -0.02937200     -0.00316200     -0.03125800      0.05804300     -0.04822400     -0.12909300      0.36356800     -0.10754500     -0.01315400      0.40148900      0.47650800      0.64045000      0.60229100     -0.81745300      0.57483200      0.03567400     -0.32394800     -0.51014900      0.79666200      0.00678100      0.04335200     -0.03757300      0.03660200      0.21134100      0.21476700      0.40152700      0.04200100      0.03491900     -0.01106600     -0.32417300     -0.70737300      0.62811900      0.90806100     -0.41882500     -0.00302000      0.26520800      0.56939200      0.77811000     -0.00398100      0.02568800     -0.02363600      0.06386700      0.25501900      0.24230700      0.36417700      0.07484100      0.03117000     -0.05265800     -0.13097600      0.75467500     -0.64289100     -0.90482100     -0.35600800     -0.23357100     -0.40514500      0.55111000      0.72947500     -0.02091500      0.00396800     -0.02014300      0.10791100     -0.04963800      0.10050900      0.30729400
     0.12875600     -0.01053000      0.43557100     -0.31069300      0.67214700     -0.67211100     -0.79825400     -0.56832300     -0.19942700     -0.51564200      0.47371700      0.71395600     -0.04319900     -0.01536600     -0.02212800      0.02785900      0.05368200     -0.15376600      0.36081600     -0.10785000     -0.01132200      0.39986400      0.49437700      0.62675700      0.60229400     -0.81011700      0.58332000      0.05814100     -0.31549200     -0.51746000      0.79533800     -0.00689300      0.04369900     -0.03603200     -0.11006900      0.46844400      0.53389900      0.38827300      0.04185400      0.03583500     -0.01187900     -0.34382100     -0.69868600      0.62739400      0.90355200     -0.42807900      0.01843800      0.25569200      0.57322300      0.77848300     -0.00411500      0.02641000     -0.02311100      0.18800400     -0.00507300      0.10711500      0.34964400      0.07405600      0.03102800     -0.05323500     -0.13272400      0.75098600     -0.64684100     -0.90356000     -0.35991500     -0.23246400     -0.40738500      0.55360600      0.72633100     -0.02163000     -0.00796900     -0.01118900      0.02988500      0.08495100     -0.14284100      0.30059900
     0.12686400     -0.01110300      0.43460100     -0.29958400      0.67548000     -0.67381100     -0.80899700     -0.55417100     -0.19593300     -0.50539100      0.48557000      0.71332300     -0.05670800     -0.01636800     -0.02246400     -3.69665500     -1.01025400      3.76019900      0.36422800     -0.10824000     -0.00940600      0.39822000      0.51033900      0.61561600      0.60046900     -0.80111400      0.59411400      0.07195900     -0.31306900     -0.51854100      0.79559100     -0.00836500      0.05329900     -0.04582100      0.16350500     -0.03820700      0.31648700      0.37099100      0.04165900      0.03679300     -0.01269500     -0.36183600     -0.68876400      0.62823400      0.89726000     -0.44017400      0.03419800      0.25297800      0.57606400      0.77727100     -0.00425800      0.02719700     -0.02254500      0.19481400     -0.09956400      0.32128600      0.32711000      0.07313000      0.03074500     -0.05371300     -0.12524400      0.75104600     -0.64826000     -0.90875800     -0.34901900     -0.22878700     -0.39808500      0.56045800      0.72623200     -0.02839500     -0.00852700     -0.01138300      0.02880700      0.08568800     -0.17773000      0.30027200
     0.12587900     -0.01145900      0.43415100     -0.29266500      0.67857300     -0.67374500     -0.81382200     -0.54663500     -0.19711900     -0.50169600      0.48977200      0.71305800     -0.05696600     -0.01681400     -0.02280700      0.02457300      0.07291100     -0.17880200      0.36486500     -0.10848900     -0.00840100      0.39741000      0.51619100      0.60898200      0.60222800     -0.79642300      0.59985800      0.07624800     -0.31544700     -0.51975200      0.79386000     -0.02034000      0.04331500     -0.03494800      0.08967800      0.04332900      0.32373300      0.36636300      0.04154200      0.03727700     -0.01308800     -0.36842000     -0.68358900      0.63005700      0.89401000     -0.44639200      0.03844600      0.25497100      0.57744200      0.77559600     -0.00368300      0.02329900     -0.01700200      0.07602700      0.06229700      0.36759700      0.31812900      0.07261600      0.03055800     -0.05394800     -0.11360900      0.75332500     -0.64776100     -0.91377100     -0.33517000     -0.22952700     -0.39001800      0.56582900      0.72644500     -0.02849300     -0.00855800     -0.01145400      0.02442000      0.07480400     -0.18028600      0.30304800
     0.12378400     -0.01226100      0.43330500     -0.27082200      0.68732900     -0.67400300     -0.82536200     -0.52607800     -0.20491800     -0.49509500      0.49994200      0.71060900     -0.05755400     -0.01790600     -0.02362400      0.61749900     -0.22606700      0.55101100      0.36429600     -0.10915700     -0.00660300      0.39608400      0.53142200      0.60243400      0.59553000     -0.78864700      0.60838800      0.08850200     -0.30964600     -0.51745200      0.79763700     -0.02075100      0.04586100     -0.03322900     -1.61647800     -1.53966800      1.57004600      0.36128200      0.04120500      0.03819600     -0.01376900     -0.38347500     -0.67968000      0.62528400      0.88844500     -0.45638100      0.04878200      0.25221200      0.57423800      0.77886900     -0.01036800      0.02301200     -0.01655100      0.16607800     -0.09505300      0.25872400      0.30865800      0.07159000      0.03016200     -0.05436400     -0.09089900      0.75675900     -0.64734200     -0.92027400     -0.31224100     -0.23579500     -0.38056700      0.57429900      0.72480900     -0.02884000     -0.00939500     -0.01201800      1.95364600     -0.71871700      1.62629800      0.30386500
     0.12154900     -0.01315900      0.43252600     -0.24498700      0.69652200     -0.67445100     -0.83624100     -0.50375800     -0.21656600     -0.49030600      0.51008000      0.70671500     -0.05829100     -0.02770700     -0.01379100     -0.04356300     -0.02913400      0.13994300      0.36341400     -0.11003100     -0.00496400      0.39491700      0.54442400      0.59932900      0.58685500     -0.78298300      0.61397300      0.09954300     -0.30131900     -0.51444400      0.80275600     -0.01911600      0.03575500     -0.02370400      0.10212200     -0.00865000      0.06725300      0.36094900      0.04076700      0.03902200     -0.01435400     -0.39908500     -0.67942800      0.61571700      0.88426900     -0.46277700      0.06248800      0.24248300      0.56939700      0.78548500     -0.01026300      0.02262400     -0.01678200      0.14653700     -0.08899800      0.27316600      0.30424900      0.07047300      0.02971600     -0.05475700     -0.06307200      0.75974600     -0.64715200     -0.92521400     -0.28762200     -0.24749100     -0.37416600      0.58314500      0.72106800     -0.02913700     -0.00983400     -0.01238300     -0.12072600     -0.09789600      0.30459800      0.30304800
     0.11927500     -0.01408200      0.43174700     -0.21730900      0.70558600     -0.67451500     -0.85077500     -0.47560700     -0.22350000     -0.47824000      0.52441200      0.70449000     -0.05858600     -0.01885900     -0.02466800      0.03420800      0.01958100     -0.01722700      0.36169900     -0.11108900     -0.00335600      0.39385800      0.56356200      0.59600800      0.57198200     -0.77616300      0.61895900      0.11997900     -0.28321600     -0.51231600      0.81066900     -0.03416700      0.04684100     -0.03132500      0.13712800     -0.09427100      0.27773600      0.35912700      0.04025700      0.03980400     -0.01487600     -0.41906000     -0.67983100      0.60184500      0.87955200     -0.46845900      0.08326500      0.22533300      0.56424700      0.79425900     -0.01625300      0.01813200     -0.01106500     -0.05332800     -0.13201300      0.16637800      0.30294300      0.06935700      0.02925700     -0.05513400     -0.03373800      0.76216300     -0.64650500     -0.93276300     -0.25631100     -0.25348900     -0.35890600      0.59448400      0.71956500     -0.02933000     -0.01377500     -0.00694900     -0.02989200      0.02336500     -0.01021900      0.29978300
     0.11814500     -0.01448800      0.43134900     -0.20916300      0.70809000     -0.67446600     -0.85509500     -0.46699200     -0.22517200     -0.47416000      0.52875300      0.70400300     -0.05895500     -0.01961800     -0.02522300      0.02521000      0.08225800     -0.20895200      0.36099800     -0.11169900     -0.00260400      0.39341700      0.57447100      0.59401100      0.56313800     -0.77198500      0.62175600      0.13188100     -0.27250100     -0.51124300      0.81500700     -0.03428600      0.04792800     -0.03061800      0.13591500     -0.08395400      0.25081500      0.35526800      0.03994000      0.04019300     -0.01510500     -0.43064100     -0.67991100      0.59352100      0.87648500     -0.47188400      0.09538100      0.21522300      0.56128800      0.79914500     -0.02296300      0.01841900     -0.01028500      0.07873500     -0.09551700      0.24330600      0.30033000      0.06877100      0.02905000     -0.05534000     -0.02525200      0.76271100     -0.64624500     -0.93493800     -0.24687800     -0.25483600     -0.35391000      0.59776400      0.71932200     -0.03585100     -0.00859000     -0.01173700      0.03430500      0.02748000     -0.02674000      0.29912900
     0.11570800     -0.01531700      0.43045900     -0.18601400      0.71427400     -0.67472800     -0.86446100     -0.44531900     -0.23317600     -0.46679700      0.53901200      0.70113800     -0.07254900     -0.01856400     -0.02462500      2.02718000     -0.71038900      1.48340800      0.35807900     -0.11312200     -0.00094600      0.39256600      0.59153600      0.58939200      0.55017600     -0.76329600      0.62904900      0.14700000     -0.26017500     -0.50764400      0.82126100     -0.03317600      0.04126900     -0.01895500      0.11464200     -0.06935300      0.21631700      0.33994300      0.03922800      0.04102500     -0.01553400     -0.44880000     -0.67856700      0.58148400      0.86999300     -0.48044700      0.11081600      0.20417700      0.55562200      0.80597400     -0.02318600      0.02030200     -0.00908200      0.12052200     -0.05949900      0.20808200      0.28596100      0.06755800      0.02863500     -0.05578600     -0.00329300      0.76347000     -0.64583400     -0.93959300     -0.22341900     -0.25932300     -0.34227700      0.60596700      0.71808700     -0.02973800     -0.01006200     -0.01286300     -0.06789600     -0.01254700      0.07980900      0.29668000
