     0.11118000     -0.03302000      0.41599100     -0.42126600      0.60901200     -0.67207500     -0.69965700     -0.68968900     -0.18649700     -0.57658500      0.39089600      0.71748000      0.01490500      0.00326700      0.00217600      0.00094400     -0.01469700      0.02952000      0.00067300     -0.12736600     -0.01991700      0.41087700      0.39098400      0.71030400      0.58531300     -0.64734500      0.66432300     -0.37356900     -0.65464700     -0.23374400      0.71879400     -0.04899900     -0.03408100      0.09553500     -0.26803100      0.57987800     -0.19505400     -0.75238300      0.03130500      0.03212300     -0.00635100     -0.27196000     -0.77711500      0.56756400      0.71895100     -0.55611700     -0.41694200      0.63964500      0.29465900      0.70995000     -0.02453300     -0.01743100      0.04755400     -0.09255700      0.96064200     -0.43986100     -0.88222000      0.06526200      0.01951400     -0.06257000     -0.53124800      0.54530700     -0.64839400     -0.56094500     -0.79993900     -0.21316000     -0.63491400      0.25047300      0.73085300      0.00765200      0.00650700     -0.00390900      0.04638100     -0.03959800      0.08034500     -0.21441900
     0.11154300     -0.03280000      0.41589100     -0.42157900      0.60890200     -0.67197900     -0.70044900     -0.68923900     -0.18518100     -0.57539400      0.39185800      0.71791100      0.01559300      0.01440300     -0.00686300      0.03829900     -0.03663000      0.07505500      0.01101100     -0.12816100     -0.02043200      0.41253000      0.37563400      0.71195800      0.59330200     -0.65064200      0.65852000     -0.37808900     -0.66032700     -0.24491000      0.70982500     -0.03683600     -0.02366700      0.08483800      0.41594000      0.74366100     -0.80215000     -0.77415600      0.03087400      0.03184600     -0.00545600     -0.25535900     -0.77660800      0.57590800      0.72171600     -0.54947500     -0.42095300      0.64336300      0.30814900      0.70080400     -0.01848100     -0.01187800      0.04242600      0.47816400      0.70277500     -0.87934800     -0.90361100      0.06544900      0.01962400     -0.06262000     -0.53149000      0.54516800     -0.64831200     -0.56178900     -0.79968200     -0.21189800     -0.63396400      0.25159300      0.73129200      0.01451900      0.00161800      0.00103400      0.00713100     -0.03982400      0.08842100     -0.20396900
     0.11234200     -0.03240100      0.41575900     -0.42428300      0.60763700     -0.67142200     -0.70250600     -0.68867400     -0.17940300     -0.57088200      0.39480100      0.71989800      0.01538500      0.00557600      0.00373000      0.00250900     -0.02392500      0.05677700      0.02086700     -0.12946300     -0.02139900      0.41579900      0.35888700      0.70750300      0.60879400     -0.64276100      0.66032200     -0.38828600     -0.67713600     -0.25285800      0.69095100     -0.02417500     -0.01707800      0.07165500     -0.00365100      0.61532300     -0.25273100     -0.80365300      0.03024000      0.03138600     -0.00387400     -0.24016000     -0.77089800      0.58994800      0.71392100     -0.55205600     -0.43075600      0.65775300      0.31772600      0.68294200     -0.01158000     -0.01289400      0.04115600      1.94551600      1.45710200     -1.58921700     -0.87062600      0.06585000      0.01983100     -0.06268700     -0.53392100      0.54339200     -0.64780500     -0.56385900     -0.79974000     -0.20610500     -0.63007200      0.25522700      0.73339400      0.01460200      0.00612800     -0.00422000      0.04514400     -0.05354100      0.10866300     -0.18404700
     0.11331000     -0.03209400      0.41566200     -0.42676800      0.60648600     -0.67088800     -0.70474100     -0.68787300     -0.17361700     -0.56625800      0.39795000      0.72181400      0.02876100      0.00247400      0.00151800      0.00183600     -0.02937300      0.05899700      0.00763300     -0.12991900     -0.02244800      0.41878700      0.35324800      0.70547300      0.61442200     -0.62745300      0.66584600     -0.40359100     -0.69424700     -0.24385000      0.67706800      0.00430500     -0.03026400      0.07726000     -0.16980900      0.50564600     -0.16655300     -0.86216000      0.02999600      0.03087400     -0.00237600     -0.23442300     -0.76913800      0.59453400      0.69896700     -0.55840400     -0.44679800      0.67564000      0.31082100      0.66850500      0.00157000     -0.01116400      0.03310000      0.51455500      0.71348100     -0.41833100     -0.88401600      0.06632900      0.01998900     -0.06273200     -0.53616500      0.54176900     -0.64731200     -0.56615800     -0.79959500     -0.20027700     -0.62609200      0.25909900      0.73544200      0.01451800      0.00183600      0.00115300      0.01040000     -0.04134500      0.09134500     -0.18568000
     0.11426200     -0.03178100      0.41561900     -0.43031700      0.60700200     -0.66814700     -0.70710200     -0.68671100     -0.16854100     -0.56060100      0.39916400      0.72555000      0.02901900      0.00386200      0.00243700     -0.18454700      0.13695000     -0.24032100     -0.00211800     -0.12967600     -0.02371700      0.42146500      0.35669900      0.70682100      0.61086900     -0.61142000      0.67106000     -0.41925800     -0.70668800     -0.22484900      0.67074400      0.01747400     -0.02963700      0.06062900      1.98974000      0.54308800     -1.68050000     -0.88872200      0.03011500      0.03022100     -0.00097600     -0.23709400     -0.76988400      0.59250700      0.68376900     -0.56549200     -0.46117000      0.69010600      0.29579700      0.66049800      0.00873800     -0.01529800      0.03001100      1.98022200      0.53277000     -1.67321500     -0.89071100      0.06679900      0.02013800     -0.06275300     -0.53930800      0.54212300     -0.64439800     -0.56862300     -0.79886100     -0.19618100     -0.62114000      0.26061800      0.73909600      0.01446800      0.00168300      0.00101800     -2.01929800      0.83985200     -1.60616800     -0.19972300
     0.11465400     -0.03162200      0.41561200     -0.43081000      0.60680200     -0.66801200     -0.70795800     -0.68623900     -0.16686700     -0.55914200      0.40027800      0.72606200      0.01538900      0.00599900      0.00396900      0.00260800     -0.02337200      0.05699900     -0.00715800     -0.12942700     -0.02446200      0.42266100      0.35985900      0.70663800      0.60922600     -0.60349200      0.67431600     -0.42547500     -0.71188900     -0.21545200      0.66832400      0.01938700     -0.04491500      0.06728600      0.43706300      0.16495200     -0.59104700     -0.91829900      0.03023100      0.02986900     -0.00040100     -0.24040500     -0.77004600      0.59096000      0.67601600     -0.56971600     -0.46735900      0.69656800      0.28714400      0.65752600      0.00905700     -0.01799900      0.02837000      1.98205600      0.52856800     -1.67345900     -0.88956800      0.06700600      0.02022200     -0.06275900     -0.54020200      0.54127700     -0.64435900     -0.56957600     -0.79882900     -0.19352800     -0.61948600      0.26246800      0.73982800      0.01447800      0.00184200      0.00113800      0.00755400     -0.04967300      0.08687500     -0.20527500
     0.11551400     -0.03122000      0.41560300     -0.43499000      0.60485800     -0.66706600     -0.71060800     -0.68552900     -0.15829400     -0.55250500      0.40441000      0.72884700      0.02963500      0.01522200     -0.00649600     -0.14334300      0.02477600     -0.04585300     -0.01912600     -0.12871100     -0.02601900      0.42468700      0.36633300      0.70537000      0.60683100     -0.59251400      0.67973300     -0.43223100     -0.71779600     -0.20211500      0.66616900      0.01810800     -0.03584500      0.04095100     -0.13390900     -0.05514900      0.10354800     -0.96602000      0.03059700      0.02907000      0.00063500     -0.24660600     -0.76987400      0.58862500      0.66540900     -0.57609200     -0.47470700      0.70456700      0.27461100      0.65434900      0.00906700     -0.01838100      0.02018600     -0.14150400     -0.05744400      0.10915200     -0.89022100      0.06743000      0.02041800     -0.06276100     -0.54382400      0.53857300     -0.64357800     -0.57221900     -0.79894600     -0.18506600     -0.61385600      0.26762400      0.74266800      0.00794100      0.00421300      0.00277900     -0.66914900      0.25423200     -0.49415800     -0.21246000
     0.11635600     -0.03074700      0.41564200     -0.43564000      0.60462800     -0.66684900     -0.71236300     -0.68440300     -0.15525000     -0.54972800      0.40665000      0.72970000      0.02972400      0.01597300     -0.00602500      0.03924500     -0.05117000      0.10472400     -0.03073900     -0.12783400     -0.02743100      0.42615300      0.36004300      0.71074300      0.60432100     -0.59092800      0.67503700     -0.44165900     -0.72226700     -0.19900000      0.66226200      0.03175200     -0.03729200      0.03902800     -0.08040300     -0.00627400     -0.07370700     -1.01634000      0.03102400      0.02837000      0.00134900     -0.23975400     -0.77421400      0.58575500      0.66282100     -0.57138700     -0.48392600      0.70935500      0.27222800      0.65015800      0.01536500     -0.01506900      0.01368900      0.11007100     -0.02322700      0.00001600     -0.89250700      0.06785200      0.02065600     -0.06274000     -0.54452000      0.53814200     -0.64335100     -0.57415300     -0.79830700     -0.18180600     -0.61142900      0.27038400      0.74367000      0.00799600      0.00459300      0.00301800      0.00541700     -0.02517100      0.05902300     -0.22242100
     0.11671900     -0.03051500      0.41568300     -0.43729600      0.60602000     -0.66449800     -0.71325700     -0.68370300     -0.15423100     -0.54725000      0.40575600      0.73205700      0.01598400      0.00924700      0.00608600     -0.53162300      0.78391400     -0.25836200     -0.03223900     -0.12732000     -0.02805500      0.42674400      0.36258100      0.71018900      0.60345500     -0.58597700      0.67728300     -0.44480600     -0.72503100     -0.19323800      0.66094700      0.03068900     -0.02900400      0.02810300     -0.09452900     -0.08085800      0.18204500     -1.03221400      0.03128200      0.02805100      0.00164600     -0.24221400     -0.77407700      0.58492400      0.65815100     -0.57404500     -0.48714300      0.71285900      0.26697600      0.64850200      0.01540900     -0.01525300      0.01357700     -0.11263500     -0.01680400     -0.02945300     -0.89250700      0.06803900      0.02077400     -0.06272500     -0.54470200      0.53801000     -0.64330700     -0.57477300     -0.79809200     -0.18078700     -0.61068400      0.27128000      0.74395700      0.00812500      0.00926800     -0.00213400     -1.99756300      0.85696600     -1.76299200     -0.22536000
     0.11731000     -0.03013600      0.41568400     -0.43747600      0.60592100     -0.66446900     -0.71404600     -0.68316900     -0.15293700     -0.54607600      0.40679700      0.73235500      0.01522300      0.01399600     -0.00726700      0.03826800     -0.03630900      0.07523000     -0.03343300     -0.12612400     -0.02926000      0.42775800      0.37326700      0.70689100      0.60080800     -0.56552900      0.68680000     -0.45652700     -0.73578900     -0.17026900      0.65535300      0.03117200     -0.03217500      0.02615200     -0.03752100     -0.00746200     -0.07070200     -1.07221900      0.03189100      0.02743700      0.00216300     -0.25347200     -0.77213300      0.58271900      0.63879800     -0.58596900     -0.49857400      0.72642100      0.24586500      0.64176400      0.01558400     -0.01625000      0.01295800     -0.04576700     -0.00959700     -0.06555000     -0.89283400      0.06834100      0.02097300     -0.06271800     -0.54648800      0.53906200     -0.64090700     -0.57604700     -0.79745300     -0.17954800     -0.60788100      0.27107200      0.74632400      0.00757500      0.00682500     -0.00376000      0.03956700     -0.04133000      0.07514100     -0.22715600
     0.11779300     -0.02990500      0.41557400     -0.43985900      0.60471400     -0.66399600     -0.71502400     -0.68311600     -0.14854500     -0.54287400      0.40867800      0.73368800      0.01422300      0.00112900      0.00062500      0.00248400     -0.02403900      0.05678000     -0.04110500     -0.12489200     -0.03055700      0.42873700      0.37817300      0.70599300      0.59879000     -0.54324500      0.69303900     -0.47383100     -0.74995200     -0.14700200      0.64484600      0.03161900     -0.03485300      0.02448300      1.53709900     -0.45659500      0.56765400     -1.09701700      0.03248800      0.02681600      0.00263500     -0.25601600     -0.77269400      0.58086000      0.62167500     -0.59175000     -0.51317700      0.74025300      0.22972400      0.63186300      0.01573300     -0.01701400      0.01248100     -0.09456500      0.30122200      0.07193600     -0.89756900      0.06858300      0.02108900     -0.06277300     -0.54858600      0.53739600     -0.64051400     -0.57698600     -0.79775300     -0.17514400     -0.60509400      0.27348600      0.74770700      0.00706200      0.00032600      0.00014400      0.00434700     -0.02487300      0.05821600     -0.23156500
     0.11794100     -0.02985500      0.41551900     -0.43964700      0.60478300     -0.66407400     -0.71500500     -0.68307900     -0.14880500     -0.54307000      0.40863800      0.73356500      0.00015300      0.00072900      0.00048700      0.00000000      0.00000000      0.00000000     -0.04113500     -0.12441500     -0.03118400      0.42913600      0.37496200      0.71028900      0.59572200     -0.53551200      0.69055400     -0.48610200     -0.75709200     -0.13765400      0.63853400      0.03170500     -0.03513800      0.02429400      0.09161800      0.03284900     -0.18259000     -1.11530800      0.03273400      0.02648700      0.00284300     -0.25486000     -0.77542200      0.57772400      0.60857000     -0.59291500     -0.52734400      0.75145700      0.21718700      0.62301000      0.00866300     -0.01457300      0.00649100      0.62184000      0.20525600     -0.77333400     -0.89185400      0.06865200      0.02111500     -0.06280000     -0.54840000      0.53749800     -0.64058700     -0.57696100     -0.79771300     -0.17540700     -0.60528600      0.27340100      0.74758200      0.00007000      0.00033300      0.00021400      0.00025000     -0.00012300      0.00022000     -0.23303500
     0.11807400     -0.02987800      0.41541500     -0.44012700      0.60443400     -0.66407300     -0.71467100     -0.68348900     -0.14852500     -0.54312000      0.40846800      0.73362300     -0.00035600     -0.00170300     -0.00113800      0.00000000      0.00000000      0.00000000     -0.03891800     -0.12363400     -0.03248300      0.42980000      0.36905200      0.71042500      0.59924000     -0.51826100      0.69256300     -0.50169200     -0.77185900     -0.12632000      0.62300800      0.01892600     -0.04030300      0.02215100      0.09101100      0.42091600     -0.12509800     -1.13610900      0.03313600      0.02582700      0.00318500     -0.24925100     -0.77495500      0.58079000      0.59108900     -0.59679100     -0.54263500      0.76712900      0.20804600      0.60681800      0.00946800     -0.02031600      0.01096400      0.10152000      0.45931700     -0.11107600     -0.89299700      0.06872300      0.02110200     -0.06285200     -0.54878700      0.53708300     -0.64060400     -0.57656700     -0.79805300     -0.17515900     -0.60531200      0.27322700      0.74762500     -0.00015500      0.00336300     -0.00600300      0.03574900     -0.01239000      0.01843600     -0.23336100
     0.11808000     -0.02997100      0.41529100     -0.44093400      0.60392300     -0.66400200     -0.71422500     -0.68407500     -0.14797400     -0.54305100      0.40824500      0.73379700     -0.00086200     -0.00412900     -0.00276200     -0.00149400      0.00933800     -0.02722300     -0.03212700     -0.12296800     -0.03351700      0.42976200      0.36368900      0.70067800      0.61381800     -0.49064100      0.70427100     -0.51303700     -0.79219400     -0.11547400      0.59913000      0.01624200     -0.02017200     -0.01380500     -0.00500900      1.04144500      0.24412900     -1.15148700      0.03346200      0.02532100      0.00317400     -0.24635500     -0.76575900      0.59407100      0.56485100     -0.61154100     -0.55404000      0.78756100      0.19907100      0.58319600      0.00805300     -0.00963400     -0.00662500     -0.02661700      0.57839200     -0.07151700     -0.89250700      0.06872600      0.02105700     -0.06291400     -0.54946900      0.53644300     -0.64055600     -0.57602800     -0.79855500     -0.17464500     -0.60520700      0.27301600      0.74778700     -0.00035300     -0.00169800     -0.00113700     -0.00001500     -0.00002000      0.00001100     -0.23042200
     0.11802800     -0.03011200      0.41518400     -0.44147600      0.60359800     -0.66393900     -0.71396300     -0.68443500     -0.14757100     -0.54295400      0.40812400      0.73393600     -0.00093700     -0.00448300     -0.00300400     -0.00149500      0.00933900     -0.02722300     -0.01696600     -0.12255600     -0.03416100      0.42896400      0.36219400      0.67642600      0.64129100     -0.45824500      0.72839000     -0.50930700     -0.81204300     -0.11026700      0.57296600      0.01517500     -0.01193200     -0.02492600      0.03622000      1.33267300      0.18517700     -1.19820300      0.03366900      0.02499100      0.00278800     -0.24805100     -0.74247300      0.62225600      0.53615800     -0.64020300     -0.55015700      0.80684800      0.19716000      0.55688600      0.00097700     -0.00745600     -0.01284200      0.13541400      0.99067200      0.33453600     -0.89610000      0.06870000      0.02098900     -0.06297200     -0.54992600      0.53602900     -0.64050900     -0.57569300     -0.79887400     -0.17428500     -0.60510900      0.27289400      0.74791100     -0.00043900     -0.00210800     -0.00141100     -0.00150300      0.00933700     -0.02721600     -0.22307400
     0.11803500     -0.03018700      0.41514700     -0.44161300      0.60351300     -0.66392400     -0.71391500     -0.68451300     -0.14744300     -0.54290700      0.40811800      0.73397500      0.01287800     -0.00535800     -0.00371800     -0.00051000     -0.00537700      0.00233000     -0.01244400     -0.12252200     -0.03433900      0.42835100      0.35762600      0.66640200      0.65422000     -0.44380000      0.73771600     -0.50867600     -0.82203000     -0.10928000      0.55873800      0.00083100     -0.00666900     -0.03673300      3.67999800     -1.75783000      3.14269900     -1.21928700      0.03369100      0.02489900      0.00247300     -0.23848400     -0.73300900      0.63704200      0.52690100     -0.64868900     -0.54916000      0.81578100      0.20469200      0.54092500      0.00095300     -0.00723300     -0.01273000      0.04532700      1.30481200      0.15225400     -0.89659000      0.06869800      0.02094600     -0.06298800     -0.55007800      0.53589700     -0.64049000     -0.57562800     -0.79895800     -0.17411600     -0.60503400      0.27290600      0.74796700     -0.00029100     -0.00139100     -0.00093200     -0.00001200     -0.00000900      0.00000100     -0.21850200
     0.11820700     -0.03025000      0.41506500     -0.44157600      0.60348000     -0.66397900     -0.71387500     -0.68454400     -0.14749100     -0.54298900      0.40811500      0.73391600      0.01361900      0.00639800     -0.01235300      0.03674800     -0.02707000      0.04798700     -0.00792500     -0.12253900     -0.03437300      0.42694100      0.33666000      0.64518600      0.68584700     -0.43225000      0.75302200     -0.49603500     -0.83688500     -0.13028900      0.53151800     -0.00009200      0.00028100     -0.03237600     -0.09602500      1.38901600      0.16771700     -1.24068700      0.03368400      0.02486800      0.00175800     -0.22486800     -0.70960600      0.66775200      0.51432400     -0.66849700     -0.53719800      0.82758900      0.22264300      0.51529100     -0.00067400      0.00487300     -0.02129400     -0.52960600      0.80515400      0.54101200     -0.88254700      0.06878300      0.02090600     -0.06302800     -0.55006500      0.53585000     -0.64053900     -0.57558100     -0.79899100     -0.17412200     -0.60508900      0.27290400      0.74792300     -0.00008100     -0.00039500     -0.00026800     -0.00000700      0.00000700      0.00000700     -0.21295000
     0.11845300     -0.03022900      0.41497700     -0.44144100      0.60347400     -0.66407400     -0.71380100     -0.68457800     -0.14769100     -0.54319700      0.40806500      0.73379000      0.01360500     -0.00188400     -0.00139100      0.00098400     -0.01471500      0.02955300      0.00567800     -0.12268500     -0.03381800      0.42531200      0.33865900      0.62237000      0.70566100     -0.41010000      0.77267000     -0.48449300     -0.84717100     -0.12611200      0.51600400     -0.00220400      0.01598600     -0.03859000     -0.06072800      0.50340200     -0.23051900     -1.24037700      0.03361200      0.02513600      0.00094400     -0.22674200     -0.68657800      0.69079500      0.49548500     -0.69194100     -0.52508200      0.83850000      0.22322100      0.49708100     -0.00171500      0.01264500     -0.02444000     -0.45731200      0.27906300      0.44234700     -0.87813800      0.06890600      0.02092100     -0.06307500     -0.54991800      0.53588300     -0.64063900     -0.57549500     -0.79900300     -0.17435200     -0.60530600      0.27280500      0.74778400      0.00001100      0.00004700      0.00003000     -0.00001200      0.00001400     -0.00000300     -0.20805100
     0.11866100     -0.03026100      0.41489200     -0.44112600      0.60359500     -0.66417300     -0.71385500     -0.68445800     -0.14798500     -0.54338100      0.40808900      0.73364000     -0.00020300     -0.00097900     -0.00065700      0.00000000      0.00000000      0.00000000      0.04753000     -0.12284600     -0.03277300      0.42345900      0.33483200      0.61177400      0.71666700     -0.39888900      0.78112600     -0.48027500     -0.85401600     -0.12584300      0.50466100      0.00961000      0.02971500     -0.04717400      0.14407900      0.19273100     -0.02396000     -1.24014400      0.03352600      0.02565800      0.00002300     -0.22393700     -0.67638600      0.70167800      0.48618300     -0.70151100     -0.52106300      0.84467500      0.22445900      0.48594200     -0.00181900      0.01349100     -0.02388100      0.12320200      0.23854900     -0.30404300     -0.88385300      0.06901600      0.02090600     -0.06311700     -0.54961300      0.53607700     -0.64073800     -0.57558400     -0.79887200     -0.17465600     -0.60549800      0.27280600      0.74762900      0.00667900     -0.00154500     -0.00110500      0.00098000     -0.01471500      0.02955800     -0.17147400
     0.11879600     -0.03028900      0.41480900     -0.44085600      0.60370600     -0.66425200     -0.71389400     -0.68435900     -0.14825700     -0.54354900      0.40809000      0.73351500     -0.00018300      0.00735200     -0.01158700      0.03576600     -0.01232000      0.01845300      0.06108300     -0.12285400     -0.03218200      0.42247700      0.33408800      0.60737100      0.72074700     -0.39424700      0.78466700     -0.47833200     -0.85646000     -0.12512700      0.50068100      0.00970500      0.02898400     -0.04763000      0.12854200      0.18331600     -0.03860200     -1.24032600      0.03352200      0.02595800     -0.00046500     -0.22385200     -0.67219300      0.70572400      0.48217600     -0.70565700     -0.51918500      0.84699200      0.22406200      0.48207800     -0.00186900      0.01388500     -0.02362000      0.08629700      0.17352100     -0.04425700     -0.88385300      0.06907800      0.02089100     -0.06315300     -0.54940200      0.53621600     -0.64080300     -0.57563900     -0.79878300     -0.17488000     -0.60563700      0.27279200      0.74752000      0.00653600     -0.00223500     -0.00156800      0.00099000     -0.01472600      0.02956200     -0.14583800
     0.11911200     -0.03035900      0.41449800     -0.44022400      0.60393300     -0.66446500     -0.71384100     -0.68424200     -0.14905200     -0.54413100      0.40795100      0.73316000      0.01270000      0.00193100     -0.01536200      0.03675100     -0.02702000      0.04801500      0.07274400     -0.12277600     -0.03108700      0.42068400      0.33400200      0.60318900      0.72429100     -0.39119900      0.78786200     -0.47557400     -0.85789100     -0.12527300      0.49818900     -0.00265700      0.01940600     -0.03633600      0.11368100      0.12391500      0.10723400     -1.23942100      0.03356500      0.02651000     -0.00136400     -0.22447800     -0.66851800      0.70900800      0.47974200     -0.70911200     -0.51672700      0.84820800      0.22414700      0.47989600      0.00489600      0.01436200     -0.02388500      0.15897100      0.14672700      0.14213600     -0.88205700      0.06923700      0.02086000     -0.06330600     -0.54882300      0.53656500     -0.64100700     -0.57561400     -0.79862800     -0.17567000     -0.60618500      0.27256100      0.74716000      0.00613700     -0.00420800     -0.00289900     -0.00048800     -0.00536500      0.00233800     -0.12052700
     0.11928900     -0.03041400      0.41393800     -0.45092000      0.59579600     -0.66463700     -0.70088800     -0.69736500     -0.14970000     -0.55213200      0.39758900      0.73287200     -0.00172000     -0.00012000     -0.01662800      0.03431400     -0.00291100     -0.00876600      0.09747600     -0.12291300     -0.03014000      0.41892700      0.33931300      0.59123200      0.73164400     -0.38260800      0.79732500     -0.46670900     -0.85968700     -0.12233200      0.49581900     -0.00366500      0.02679300     -0.04782600     -0.00892200      0.11119700      0.29799300     -1.24096600      0.03349700      0.02698300     -0.00223700     -0.23107000     -0.65766500      0.71699500      0.47258700     -0.72003200     -0.50814800      0.85045100      0.22142500      0.47718200     -0.00852600      0.01259900     -0.02384400     -0.42507200     -0.04373600      0.96355100     -0.88287300      0.06933100      0.02083500     -0.06358400     -0.55782300      0.52659000     -0.64150900     -0.56043200     -0.80910000     -0.17683600     -0.61216600      0.26087900      0.74645400     -0.00088300     -0.00020700     -0.00841400      0.02337700      0.06230900     -0.19642400     -0.09407400
     0.11928900     -0.03049200      0.41362400     -0.46066600      0.58576700     -0.66686600     -0.68776000     -0.71045500     -0.14903400     -0.56051100      0.38925600      0.73098100     -0.00209000     -0.00192100     -0.01785700      0.31990300     -0.27042400     -0.48798100      0.11489600     -0.12300100     -0.02971500      0.41809400      0.34060600      0.58432500      0.73657600     -0.37534300      0.80282800     -0.46316200     -0.86237800     -0.11946300      0.49183100     -0.00250000      0.01822400     -0.03708100      0.12034500      0.31975400      0.14073300     -1.24075100      0.03345200      0.02720400     -0.00267300     -0.23359700     -0.65118300      0.72207400      0.46623700     -0.72669300     -0.50451800      0.85326100      0.21880400      0.47335900     -0.00122500      0.00914000     -0.01851700      0.13790100      0.36442000      0.15862000     -0.88548600      0.06933100      0.02079700     -0.06374100     -0.56592000      0.51602600     -0.64300200     -0.54565000     -0.81908500     -0.17709900     -0.61806100      0.25063000      0.74510700     -0.00118900     -0.00585400     -0.00395900      1.03990100     -0.32906700     -1.44998900     -0.07529600
     0.11916900     -0.03082500      0.41298900     -0.46694900      0.57820500     -0.66909200     -0.67838600     -0.71953400     -0.14843900     -0.56668900      0.38386600      0.72906700     -0.00296500     -0.00615600     -0.02077200      0.02806900     -0.02863200     -0.04786600      0.14935500     -0.12304200     -0.02903000      0.41650300      0.33804900      0.56924300      0.74945100     -0.36064400      0.81393300     -0.45539400     -0.86962600     -0.11707100      0.47948800     -0.00199500      0.01443800     -0.03955200      0.13165300      0.61457100      0.23954300     -1.24450300      0.03343100      0.02754600     -0.00345000     -0.23348400     -0.63673300      0.73488500      0.45345000     -0.73986200     -0.49697700      0.86015500      0.21719800      0.46147300     -0.00093000      0.00689100     -0.01998700      0.18081200      0.88825200      0.32632600     -0.88483300      0.06927300      0.02063800     -0.06405300     -0.57019400      0.50631200     -0.64693600     -0.53414000     -0.82680700     -0.17630600     -0.62415700      0.24502600      0.74188200     -0.00153000     -0.00336000     -0.01057300      0.02968000     -0.00773300     -0.03973800     -0.02777800
     0.11909400     -0.03127100      0.41232300     -0.46745700      0.57009700     -0.67566200     -0.67298300     -0.72503900     -0.14623500     -0.57267500      0.38563700      0.72343300      0.01018400     -0.01880700     -0.01296500     -0.02093000     -0.13606300     -0.07255200      0.15893700     -0.12283600     -0.02881000      0.41510700      0.33635400      0.54629000      0.76708900     -0.32421000      0.83196100     -0.45018100     -0.88450900     -0.09798100      0.45596800      0.00010200     -0.00105200     -0.03341700      4.36116100     -1.33404300      2.88612800     -1.28502400      0.03353300      0.02766700     -0.00414700     -0.23216500     -0.61658900      0.75227400      0.42453600     -0.76008600     -0.49197300      0.87513800      0.20514900      0.43823000      0.00682000      0.00013300     -0.01686600      0.11765400      0.71185500      0.26591400     -0.88973200      0.06922800      0.02041100     -0.06439500     -0.56925600      0.49850300     -0.65378900     -0.52778100     -0.83130100     -0.17431200     -0.63039100      0.24582900      0.73632400     -0.00161900     -0.00378000     -0.01089400      0.01263800     -0.13620700     -0.08355700      0.00259400
     0.11908600     -0.03142800      0.41194100     -0.47326800      0.56263100     -0.67787200     -0.66371800     -0.73365200     -0.14562000     -0.57867100      0.38029400      0.72148700     -0.00295100     -0.00606000     -0.02079700      0.08742900     -0.31510500     -0.26067000      0.15399600     -0.12262500     -0.02899900      0.41461000      0.32927800      0.53643200      0.77705100     -0.31129500      0.83864100     -0.44689000     -0.89177600     -0.09543200      0.44214500      0.00289700     -0.02154200     -0.01424000      0.04861000      1.17712000      0.32655700     -1.30530600      0.03363700      0.02758000     -0.00440300     -0.22939200     -0.60441800      0.76292700      0.40795400     -0.77136200     -0.48844000      0.88371500      0.19919500      0.42351900      0.00763200     -0.00579700     -0.01262000      0.05716300      0.70394500      0.19333600     -0.89332400      0.06922900      0.02032400     -0.06458600     -0.57421000      0.49106400     -0.65508600     -0.51738100     -0.83777300     -0.17450300     -0.63450700      0.23872800      0.73512500     -0.00138900     -0.00268200     -0.01015700      0.29853300     -0.49487700     -0.56497900      0.00618600
     0.11900900     -0.03156500      0.41126000     -0.47381200      0.56208600     -0.67794300     -0.66266600     -0.73453600     -0.14595000     -0.57942800      0.37939400      0.72135400     -0.01559300      0.00094700     -0.01591500      0.03330300      0.01175700     -0.03830800      0.13894800     -0.12223600     -0.02989900      0.41408700      0.31278500      0.51927800      0.79530400     -0.28782400      0.84979700     -0.44151500     -0.90547800     -0.09147800      0.41425100      0.00432900     -0.03192300     -0.00484700     -0.00775300      0.89172500      0.00021100     -1.31748400      0.03383200      0.02712900     -0.00467100     -0.21333600     -0.58480400      0.78261800      0.38616400     -0.78630200     -0.48229200      0.89742100      0.19932900      0.39357600      0.00222700     -0.01638700     -0.00271000      0.02689600      1.06335200      0.24754300     -0.89952900      0.06919400      0.02024700     -0.06493200     -0.57414500      0.48971600     -0.65615100     -0.51595600     -0.83866100     -0.17445900     -0.63572400      0.23838000      0.73418600     -0.00090700     -0.00032400     -0.00855400      0.02427800      0.06663200     -0.19424400     -0.00491800
     0.11886100     -0.03157100      0.41074400     -0.47414500      0.56173500     -0.67800100     -0.66182800     -0.73520700     -0.14637400     -0.58011200      0.37861500      0.72121300     -0.00114300      0.00273200     -0.01479800      0.03574500     -0.01241800      0.01842700      0.13647800     -0.12171000     -0.03111500      0.41405500      0.28988400      0.51346300      0.80766000     -0.28725000      0.85169700     -0.43821700     -0.91322300     -0.10563000      0.39335800      0.01861800     -0.03549800      0.00789400     -0.05475600      0.33076300      0.03571000     -1.32112200      0.03409200      0.02651500     -0.00469700     -0.18973600     -0.57595600      0.79515700      0.38619800     -0.78836500     -0.47888400      0.90269000      0.21622700      0.37201500      0.00868400     -0.01318000     -0.00123000     -0.04021500      0.31198500      0.03950100     -0.89446700      0.06911400      0.02024300     -0.06519100     -0.57444700      0.48931300     -0.65618700     -0.51501200     -0.83915100     -0.17489000     -0.63621700      0.23747900      0.73405000     -0.00074300     -0.00363200     -0.00250700     -0.00178700      0.00951800     -0.02674500     -0.01340900
     0.11882400     -0.03163000      0.41035300     -0.48321800      0.55125000     -0.68019800     -0.64786000     -0.74766500     -0.14576000     -0.58831600      0.36954900      0.71926700     -0.00126200     -0.00609500     -0.00421900      0.00767400      0.01139100     -0.03685100      0.15031300     -0.12082700     -0.03212100      0.41421300      0.28573400      0.50622000      0.81368800     -0.27150900      0.85709000     -0.43773700     -0.91932300     -0.09650000      0.38130900      0.01664500     -0.02057600      0.00137700     -0.00596700      0.30349900      0.08459300     -1.31631000      0.03452300      0.02600800     -0.00461900     -0.18751100     -0.56939200      0.80039400      0.37183700     -0.79535300     -0.47869500      0.90916200      0.20785600      0.36085900      0.00827000     -0.00994600      0.00091100      0.15310700      0.45999800      0.21256700     -0.88613900      0.06909700      0.02022000     -0.06538200     -0.58139400      0.47740800     -0.65883300     -0.49898200     -0.84881200     -0.17474000     -0.64264800      0.22715400      0.73171200     -0.00064400     -0.00314500     -0.00217600      0.10077400      0.03654400     -0.13346300     -0.00851000
     0.11884300     -0.03168700      0.41019900     -0.48862000      0.54375400     -0.68236900     -0.63859300     -0.75573700     -0.14502200     -0.59394700      0.36421500      0.71735700     -0.00130400     -0.00630000     -0.00436500     -0.01220900     -0.06939000     -0.05444000      0.15531900     -0.12039700     -0.03246200      0.41420700      0.28116100      0.50897700      0.81356100     -0.27007600      0.85549200     -0.44173100     -0.92114800     -0.09618300      0.37695900      0.03018500     -0.01836800      0.00160400     -0.01793300      0.07979700     -0.00951000     -1.31438700      0.03473800      0.02583700     -0.00461600     -0.18172300     -0.57091700      0.80064300      0.36992800     -0.79408000     -0.48227400      0.91111400      0.20854100      0.35550100      0.00824500     -0.00964900      0.00109700      0.09650100      0.13733900     -0.21837000     -0.88515900      0.06910700      0.02019400     -0.06546300     -0.58526900      0.46900100     -0.66143500     -0.48828000     -0.85510800     -0.17427500     -0.64733400      0.22096800      0.72947200     -0.00058700     -0.00287000     -0.00198700     -0.01211100     -0.07638700     -0.02626600     -0.00083500
     0.11894900     -0.03187200      0.40982000     -0.49407000      0.52943000     -0.68966900     -0.61902300     -0.77116600     -0.14860900     -0.60992000      0.35283500      0.70960000      0.01227100     -0.00066000     -0.01727000      0.02317700     -0.11218000     -0.01274800      0.14545700     -0.11967400     -0.03280400      0.41390100      0.27549400      0.50718600      0.81661300     -0.26193300      0.85697700     -0.44375000     -0.92519700     -0.09230200      0.36790300      0.01519800     -0.00958900     -0.00778200      0.00794600      0.12954500      0.04586200     -1.31340800      0.03511600      0.02565700     -0.00477000     -0.17640800     -0.56852200      0.80353100      0.36195900     -0.79660400     -0.48415600      0.91534900      0.20543700      0.34630900      0.00759300     -0.00473100     -0.00386000     -0.00176000      0.10178800      0.03717800     -0.88956800      0.06915500      0.02010200     -0.06564600     -0.58785700      0.45397300     -0.66957500     -0.46612800     -0.86656500     -0.17829300     -0.66117200      0.20729700      0.72102600     -0.00079000     -0.00385500     -0.00267900     -0.01213700     -0.04446600     -0.05072100      0.00259400
     0.11910400     -0.03213500      0.40939600     -0.49253300      0.51554700     -0.70119100     -0.60387700     -0.78257200     -0.15128000     -0.62611800      0.34827700      0.69764400     -0.00220400     -0.01068900     -0.00745300     -0.06864800     -0.51133700     -0.21036700      0.12062800     -0.11895500     -0.03280600      0.41331100      0.26924700      0.49301700      0.82730400     -0.24211500      0.86611800     -0.43721200     -0.93240300     -0.08322200      0.35151500      0.01347100      0.00298200     -0.01581500      0.07460600      0.73154500      0.29513300     -1.31575000      0.03547100      0.02565100     -0.00506200     -0.17370700     -0.55494600      0.81354700      0.34377300     -0.80830800     -0.47797100      0.92284600      0.19664900      0.33118400      0.01361300      0.00187400     -0.00829000      0.06699700      0.82005800      0.32127200     -0.89365000      0.06923800      0.01997300     -0.06586200     -0.58467000      0.44187900     -0.68037000     -0.44932200     -0.87464700     -0.18193500     -0.67547800      0.19933400      0.70992600     -0.00112500     -0.00549700     -0.00383600     -0.09098900     -0.66216500     -0.26741900     -0.02141000
