     0.15196000      0.02988700      0.36452700     -0.16721400     -0.17330400     -0.97059300     -0.44493200     -0.86522100      0.23108700     -0.87962400      0.47070000      0.06877800      0.00004800      0.00043900      0.00027500      0.00000000      0.00000000      0.00000000      0.52115600     -0.18289900      0.05164500      0.32775700      0.83268500      0.28995400      0.47175600     -0.55239500      0.37825600      0.74277600      0.03588100     -0.87944000      0.47451200      0.00001000      0.00037300      0.00026800      0.00000000      0.00000000      0.00000000      0.53291000      0.02728100      0.04945400     -0.01357600     -0.82216800     -0.29942900      0.48412900      0.56725500     -0.35992800      0.74072400     -0.04754300      0.88362500      0.46577400     -0.00620200      0.00006200      0.00051300     -0.00219500      0.01527000     -0.02961700      0.52436500      0.09104600      0.03962300     -0.06111100     -0.13314000     -0.14858900     -0.97989500     -0.25781300     -0.94946800      0.17900400     -0.95697700      0.27646200      0.08810400      0.02489900     -0.00874800      0.00152100     -0.03015100     -0.04552900      0.10027000      0.45703100
     0.15196100      0.02990300      0.36452600     -0.16718100     -0.17328600     -0.97060200     -0.44491300     -0.86523900      0.23105400     -0.87964000      0.47067200      0.06876400      0.00017500      0.01108600     -0.00836100      0.03547600     -0.01399500      0.01780700      0.52141100     -0.18289800      0.05164300      0.32776700      0.83268700      0.28995500      0.47175100     -0.55239000      0.37823500      0.74279000      0.03589700     -0.87944900      0.47449400      0.00000300      0.00011100      0.00008000      0.00000000      0.00000000      0.00000000      0.53306000      0.02728100      0.04945400     -0.01357600     -0.82216800     -0.29942900      0.48412900      0.56725500     -0.35992800      0.74072400     -0.04754300      0.88362500      0.46577400     -0.00620200      0.00006200      0.00051300     -0.00219500      0.01527000     -0.02961700      0.52436500      0.09104600      0.03962300     -0.06111100     -0.13314000     -0.14858900     -0.97989500     -0.25781300     -0.94946800      0.17900400     -0.95697700      0.27646200      0.08810400      0.02489900     -0.00874800      0.00152100     -0.03015100     -0.04552900      0.10027000      0.45703100
     0.15196800      0.02988000      0.36451100     -0.16721500     -0.17330500     -0.97059300     -0.44490800     -0.86523200      0.23108700     -0.87963600      0.47067700      0.06878500     -0.00000500     -0.00004900     -0.00003100      0.00000000      0.00000000      0.00000000      0.52160600     -0.18289000      0.05163100      0.32774600      0.83267800      0.28994600      0.47177300     -0.55240600      0.37825100      0.74277000      0.03586900     -0.87944500      0.47450400      0.01239900     -0.00024900     -0.00109300      0.00204500     -0.01520500      0.02924500      0.53301400      0.02728100      0.04945400     -0.01357600     -0.82216800     -0.29942900      0.48412900      0.56725500     -0.35992800      0.74072400     -0.04754300      0.88362500      0.46577400     -0.00620200      0.00006200      0.00051300     -0.00219500      0.01527000     -0.02961700      0.52436500      0.09104600      0.03962300     -0.06111100     -0.13314000     -0.14858900     -0.97989500     -0.25781300     -0.94946800      0.17900400     -0.95697700      0.27646200      0.08810400      0.02489900     -0.00874800      0.00152100     -0.03015100     -0.04552900      0.10027000      0.45735800
     0.15196000      0.02988700      0.36452700     -0.16721400     -0.17330400     -0.97059300     -0.44493200     -0.86522100      0.23108700     -0.87962400      0.47070000      0.06877800     -0.00008100     -0.01022300      0.00890100     -0.03547600      0.01399500     -0.01780800      0.52144100     -0.18289900      0.05164500      0.32775700      0.83268500      0.28995400      0.47175600     -0.55239500      0.37825600      0.74277600      0.03588100     -0.87944000      0.47451200      0.00001200      0.00048600      0.00035000      0.00000000      0.00000000      0.00000000      0.53278700      0.02728100      0.04945400     -0.01357600     -0.82216800     -0.29942900      0.48412900      0.56725500     -0.35992800      0.74072400     -0.04754300      0.88362500      0.46577400     -0.00620200      0.00006200      0.00051300     -0.00219500      0.01527000     -0.02961700      0.52436500      0.09104600      0.03962300     -0.06111100     -0.13314000     -0.14858900     -0.97989500     -0.25781300     -0.94946800      0.17900400     -0.95697700      0.27646200      0.08810400      0.02489900     -0.00874800      0.00152100     -0.03015100     -0.04552900      0.10027000      0.45719500
     0.15196100      0.02990300      0.36452600     -0.16718100     -0.17328600     -0.97060200     -0.44491300     -0.86523900      0.23105400     -0.87964000      0.47067200      0.06876400      0.00004600      0.00041700      0.00026100      0.00000000      0.00000000      0.00000000      0.52147400     -0.18289800      0.05164300      0.32776700      0.83268700      0.28995500      0.47175100     -0.55239000      0.37823500      0.74279000      0.03589700     -0.87944900      0.47449400      0.00000700      0.00028900      0.00020800      0.00000000      0.00000000      0.00000000      0.53294600      0.02728100      0.04945400     -0.01357600     -0.82216800     -0.29942900      0.48412900      0.56725500     -0.35992800      0.74072400     -0.04754300      0.88362500      0.46577400     -0.00620200      0.00006200      0.00051300     -0.00219500      0.01527000     -0.02961700      0.52436500      0.09104600      0.03962300     -0.06111100     -0.13314000     -0.14858900     -0.97989500     -0.25781300     -0.94946800      0.17900400     -0.95697700      0.27646200      0.08810400      0.02489900     -0.00874800      0.00152100     -0.03015100     -0.04552900      0.10027000      0.45703100
     0.15196800      0.02988000      0.36451100     -0.16721500     -0.17330500     -0.97059300     -0.44490800     -0.86523200      0.23108700     -0.87963600      0.47067700      0.06878500     -0.00001600     -0.00014900     -0.00009300      0.00000000      0.00000000      0.00000000      0.52151200     -0.18289900      0.05163100      0.32774600      0.83266700      0.28994400      0.47179400     -0.55242400      0.37824400      0.74276100      0.03586100     -0.87944900      0.47449700     -0.00000700     -0.00025700     -0.00018500      0.00000000      0.00000000      0.00000000      0.53315600      0.02728100      0.04945400     -0.01357600     -0.82216800     -0.29942900      0.48412900      0.56725500     -0.35992800      0.74072400     -0.04754300      0.88362500      0.46577400     -0.00620200      0.00006200      0.00051300     -0.00219500      0.01527000     -0.02961700      0.52436500      0.09104600      0.03962300     -0.06111100     -0.13314000     -0.14858900     -0.97989500     -0.25781300     -0.94946800      0.17900400     -0.95697700      0.27646200      0.08810400      0.02489900     -0.00874800      0.00152100     -0.03015100     -0.04552900      0.10027000      0.45703100
     0.15196000      0.02988800      0.36451600     -0.16721600     -0.17330800     -0.97059200     -0.44490800     -0.86523200      0.23109100     -0.87963600      0.47067700      0.06878500      0.00002600      0.00023500      0.00014700      0.00000000      0.00000000      0.00000000      0.52063100     -0.18289900      0.05163800      0.32775200      0.83267600      0.28994900      0.47177500     -0.55241000      0.37825000      0.74276800      0.03587100     -0.87944400      0.47450500      0.00001400      0.00053800      0.00038800      0.00000000      0.00000000      0.00000000      0.53290800      0.02728100      0.04945400     -0.01357600     -0.82216800     -0.29942900      0.48412900      0.56725500     -0.35992800      0.74072400     -0.04754300      0.88362500      0.46577400     -0.00620200      0.00006200      0.00051300     -0.00219500      0.01527000     -0.02961700      0.52436500      0.09104600      0.03962300     -0.06111100     -0.13314000     -0.14858900     -0.97989500     -0.25781300     -0.94946800      0.17900400     -0.95697700      0.27646200      0.08810400      0.02489900     -0.00874800      0.00152100     -0.03015100     -0.04552900      0.10027000      0.45703100
     0.15196100      0.02989500      0.36452100     -0.16719900     -0.17329700     -0.97059700     -0.44491000     -0.86523500      0.23107300     -0.87963800      0.47067500      0.06877400      0.00000000      0.00000000      0.00000000      0.00000000      0.00000000      0.00000000      0.52112900     -0.18289800      0.05163600      0.32776200      0.83267800      0.28995000      0.47177000     -0.55240500      0.37822800      0.74278300      0.03588700     -0.87945300      0.47448600      0.00000000      0.00000300      0.00000200      0.00000000      0.00000000      0.00000000      0.53311500      0.02728100      0.04945400     -0.01357600     -0.82216800     -0.29942900      0.48412900      0.56725500     -0.35992800      0.74072400     -0.04754300      0.88362500      0.46577400     -0.00620200      0.00006200      0.00051300     -0.00219500      0.01527000     -0.02961700      0.52436500      0.09104600      0.03962300     -0.06111100     -0.13314000     -0.14858900     -0.97989500     -0.25781300     -0.94946800      0.17900400     -0.95697700      0.27646200      0.08810400      0.02489900     -0.00874800      0.00152100     -0.03015100     -0.04552900      0.10027000      0.45703100
     0.15196800      0.02988000      0.36451100     -0.16721500     -0.17330500     -0.97059300     -0.44490800     -0.86523200      0.23108700     -0.87963600      0.47067700      0.06878500     -0.00020300     -0.01134300      0.00820000     -0.04029200      0.11343000     -0.18999300      0.52139900     -0.18289900      0.05163100      0.32774600      0.83266700      0.28994400      0.47179400     -0.55242400      0.37824400      0.74276100      0.03586100     -0.87944900      0.47449700     -0.00002400     -0.00094200     -0.00067800      0.00000000      0.00000000      0.00000000      0.53279000      0.02728100      0.04945400     -0.01357600     -0.82216800     -0.29942900      0.48412900      0.56725500     -0.35992800      0.74072400     -0.04754300      0.88362500      0.46577400     -0.00620200      0.00006200      0.00051300     -0.00219500      0.01527000     -0.02961700      0.52436500      0.09104600      0.03962300     -0.06111100     -0.13314000     -0.14858900     -0.97989500     -0.25781300     -0.94946800      0.17900400     -0.95697700      0.27646200      0.08810400      0.02489900     -0.00874800      0.00152100     -0.03015100     -0.04552900      0.10027000      0.45735800
     0.15196000      0.02988800      0.36451600     -0.16709300     -0.17323200     -0.97062700     -0.44492600     -0.86525600      0.23096500     -0.87965000      0.47066100      0.06871300      0.00008500      0.00077500      0.00048500      0.00000000      0.00000000      0.00000000      0.52150200     -0.18289900      0.05163800      0.32775200      0.83267600      0.28994900      0.47177500     -0.55241000      0.37825000      0.74276800      0.03587100     -0.87944400      0.47450500      0.00003700      0.00142700      0.00102800      0.00171000     -0.01715400      0.02309200      0.53272200      0.02728100      0.04945400     -0.01357600     -0.82216800     -0.29942900      0.48412900      0.56725500     -0.35992800      0.74072400     -0.04754300      0.88362500      0.46577400     -0.00620200      0.00006200      0.00051300     -0.00219500      0.01527000     -0.02961700      0.52436500      0.09104600      0.03962300     -0.06111100     -0.13314000     -0.14858900     -0.97989500     -0.25781300     -0.94946800      0.17900400     -0.95697700      0.27646200      0.08810400      0.02489900     -0.00874800      0.00152100     -0.03015100     -0.04552900      0.10027000      0.45735800
     0.15196100      0.02989500      0.36452100     -0.16707600     -0.17322100     -0.97063200     -0.44492900     -0.86525900      0.23094700     -0.87965200      0.47065900      0.06870300      0.00000000      0.00000200      0.00000100      0.00000000      0.00000000      0.00000000      0.52159800     -0.18290800      0.05164500      0.32775700      0.83267300      0.28995200      0.47177800     -0.55241400      0.37824800      0.74276600      0.03587200     -0.87944400      0.47450500      0.00000000      0.00000300      0.00000200      0.00000000      0.00000000      0.00000000      0.53299400      0.02728100      0.04945400     -0.01357600     -0.82216800     -0.29942900      0.48412900      0.56725500     -0.35992800      0.74072400     -0.04754300      0.88362500      0.46577400     -0.00620200      0.00006200      0.00051300     -0.00219500      0.01527000     -0.02961700      0.52436500      0.09104600      0.03962300     -0.06111100     -0.13314000     -0.14858900     -0.97989500     -0.25781300     -0.94946800      0.17900400     -0.95697700      0.27646200      0.08810400      0.02489900     -0.00874800      0.00152100     -0.03015100     -0.04552900      0.10027000      0.45735800
     0.15196000      0.02989600      0.36451000     -0.16720100     -0.17330200     -0.97059600     -0.44488600     -0.86524700      0.23107600     -0.87964900      0.47065200      0.06878100      0.00014600      0.01082000     -0.00852700      0.03066200      0.08544400     -0.15437600      0.52097100     -0.18289900      0.05163800      0.32775200      0.83267600      0.28994900      0.47177500     -0.55241000      0.37825000      0.74276800      0.03587100     -0.87944400      0.47450500     -0.00001200     -0.00045800     -0.00033000      0.00000000      0.00000000      0.00000000      0.53276700      0.02728100      0.04945400     -0.01357600     -0.82216800     -0.29942900      0.48412900      0.56725500     -0.35992800      0.74072400     -0.04754300      0.88362500      0.46577400     -0.00620200      0.00006200      0.00051300     -0.00219500      0.01527000     -0.02961700      0.52436500      0.09104600      0.03962300     -0.06111100     -0.13314000     -0.14858900     -0.97989500     -0.25781300     -0.94946800      0.17900400     -0.95697700      0.27646200      0.08810400      0.02489900     -0.00874800      0.00152100     -0.03015100     -0.04552900      0.10027000      0.45735800
     0.15196900      0.02988700      0.36451600     -0.16719700     -0.17329400     -0.97059800     -0.44491100     -0.86523600      0.23106900     -0.87963800      0.47067500      0.06877400      0.00006100      0.00056000      0.00035100     -0.00481500      0.09943600     -0.17218600      0.52141000     -0.18289000      0.05163100      0.32774600      0.83267800      0.28994600      0.47177300     -0.55240600      0.37825100      0.74277000      0.03586900     -0.87944500      0.47450400      0.01241100      0.00023000     -0.00074900      0.00204500     -0.01520500      0.02924500      0.53296700      0.02728100      0.04945400     -0.01357600     -0.82216800     -0.29942900      0.48412900      0.56725500     -0.35992800      0.74072400     -0.04754300      0.88362500      0.46577400     -0.00620200      0.00006200      0.00051300     -0.00219500      0.01527000     -0.02961700      0.52436500      0.09104600      0.03962300     -0.06111100     -0.13314000     -0.14858900     -0.97989500     -0.25781300     -0.94946800      0.17900400     -0.95697700      0.27646200      0.08810400      0.02489900     -0.00874800      0.00152100     -0.03015100     -0.04552900      0.10027000      0.45703100
     0.15196100      0.02989500      0.36452100     -0.16719900     -0.17329700     -0.97059700     -0.44491000     -0.86523500      0.23107300     -0.87963800      0.47067500      0.06877400      0.00000100      0.00000600      0.00000400      0.00000000      0.00000000      0.00000000      0.52142900     -0.18289900      0.05165200      0.32776200      0.83269400      0.28995900      0.47173700     -0.55238100      0.37826200      0.74278300      0.03589100     -0.87943600      0.47451900      0.00001600      0.00060800      0.00043800      0.00000000      0.00000000      0.00000000      0.53285700      0.02728100      0.04945400     -0.01357600     -0.82216800     -0.29942900      0.48412900      0.56725500     -0.35992800      0.74072400     -0.04754300      0.88362500      0.46577400     -0.00620200      0.00006200      0.00051300     -0.00219500      0.01527000     -0.02961700      0.52436500      0.09104600      0.03962300     -0.06111100     -0.13314000     -0.14858900     -0.97989500     -0.25781300     -0.94946800      0.17900400     -0.95697700      0.27646200      0.08810400      0.02489900     -0.00874800      0.00152100     -0.03015100     -0.04552900      0.10027000      0.45719500
     0.15195900      0.02988100      0.36451200     -0.16723400     -0.17331900     -0.97058700     -0.44490500     -0.86522800      0.23110900     -0.87963300      0.47067900      0.06879500     -0.00001100     -0.00010000     -0.00006200      0.00000000      0.00000000      0.00000000      0.52122800     -0.18289900      0.05162900      0.32775700      0.83266900      0.28994500      0.47178900     -0.55241900      0.37822200      0.74277500      0.03587700     -0.87945800      0.47448000     -0.00000000     -0.00001800     -0.00001300      0.00000000      0.00000000      0.00000000      0.53276200      0.02728100      0.04945400     -0.01357600     -0.82216800     -0.29942900      0.48412900      0.56725500     -0.35992800      0.74072400     -0.04754300      0.88362500      0.46577400     -0.00620200      0.00006200      0.00051300     -0.00219500      0.01527000     -0.02961700      0.52436500      0.09104600      0.03962300     -0.06111100     -0.13314000     -0.14858900     -0.97989500     -0.25781300     -0.94946800      0.17900400     -0.95697700      0.27646200      0.08810400      0.02489900     -0.00874800      0.00152100     -0.03015100     -0.04552900      0.10027000      0.45703100
     0.15196800      0.02988000      0.36451100     -0.16721500     -0.17330500     -0.97059300     -0.44490800     -0.86523200      0.23108700     -0.87963600      0.47067700      0.06878500     -0.00000000     -0.00000100     -0.00000100     -0.00481500      0.09943600     -0.17218600      0.52147400     -0.18289900      0.05163100      0.32774600      0.83266700      0.28994400      0.47179400     -0.55242400      0.37824400      0.74276100      0.03586100     -0.87944900      0.47449700     -0.00000100     -0.00002900     -0.00002100      0.00000000      0.00000000      0.00000000      0.53300900      0.02728100      0.04945400     -0.01357600     -0.82216800     -0.29942900      0.48412900      0.56725500     -0.35992800      0.74072400     -0.04754300      0.88362500      0.46577400     -0.00620200      0.00006200      0.00051300     -0.00219500      0.01527000     -0.02961700      0.52436500      0.09104600      0.03962300     -0.06111100     -0.13314000     -0.14858900     -0.97989500     -0.25781300     -0.94946800      0.17900400     -0.95697700      0.27646200      0.08810400      0.02489900     -0.00874800      0.00152100     -0.03015100     -0.04552900      0.10027000      0.45703100
     0.15197000      0.02989500      0.36452000     -0.16717900     -0.17328300     -0.97060300     -0.44491300     -0.86524000      0.23105100     -0.87964000      0.47067200      0.06876400      0.01257200     -0.00083000     -0.00083000     -0.00383100      0.08472100     -0.14263200      0.52130900     -0.18289900      0.05164500      0.32775700      0.83268500      0.28995400      0.47175600     -0.55239500      0.37825600      0.74277600      0.03588100     -0.87944000      0.47451200      0.00000000      0.00001300      0.00000900      0.01180200     -0.11838700      0.15936400      0.53280900      0.02728100      0.04945400     -0.01357600     -0.82216800     -0.29942900      0.48412900      0.56725500     -0.35992800      0.74072400     -0.04754300      0.88362500      0.46577400     -0.00620200      0.00006200      0.00051300     -0.00219500      0.01527000     -0.02961700      0.52436500      0.09104600      0.03962300     -0.06111100     -0.13314000     -0.14858900     -0.97989500     -0.25781300     -0.94946800      0.17900400     -0.95697700      0.27646200      0.08810400      0.02489900     -0.00874800      0.00152100     -0.03015100     -0.04552900      0.10027000      0.45719500
     0.15195900      0.02988100      0.36451200     -0.16723400     -0.17331900     -0.97058700     -0.44490500     -0.86522800      0.23110900     -0.87963300      0.47067900      0.06879500     -0.00002500     -0.00022500     -0.00014100     -0.00481500      0.09943600     -0.17218600      0.52185800     -0.18289900      0.05162200      0.32775200      0.83266000      0.28994100      0.47180800     -0.55243300      0.37821600      0.74276800      0.03586700     -0.87946200      0.47447300     -0.00001000     -0.00041000     -0.00029500      0.00000000      0.00000000      0.00000000      0.53295500      0.02728100      0.04945400     -0.01357600     -0.82216800     -0.29942900      0.48412900      0.56725500     -0.35992800      0.74072400     -0.04754300      0.88362500      0.46577400     -0.00620200      0.00006200      0.00051300     -0.00219500      0.01527000     -0.02961700      0.52436500      0.09104600      0.03962300     -0.06111100     -0.13314000     -0.14858900     -0.97989500     -0.25781300     -0.94946800      0.17900400     -0.95697700      0.27646200      0.08810400      0.02489900     -0.00874800      0.00152100     -0.03015100     -0.04552900      0.10027000      0.45735800
     0.15196800      0.02988000      0.36451100     -0.16709200     -0.17322900     -0.97062800     -0.44492700     -0.86525700      0.23096200     -0.87965000      0.47066100      0.06871300     -0.00000000     -0.00000300     -0.00000200      0.00000000      0.00000000      0.00000000      0.52140500     -0.18289900      0.05163100      0.32774600      0.83266700      0.28994400      0.47179400     -0.55242400      0.37824400      0.74276100      0.03586100     -0.87944900      0.47449700     -0.00000000     -0.00000600     -0.00000400      0.00000000      0.00000000      0.00000000      0.53294600      0.02728100      0.04945400     -0.01357600     -0.82216800     -0.29942900      0.48412900      0.56725500     -0.35992800      0.74072400     -0.04754300      0.88362500      0.46577400     -0.00620200      0.00006200      0.00051300     -0.00219500      0.01527000     -0.02961700      0.52436500      0.09104600      0.03962300     -0.06111100     -0.13314000     -0.14858900     -0.97989500     -0.25781300     -0.94946800      0.17900400     -0.95697700      0.27646200      0.08810400      0.02489900     -0.00874800      0.00152100     -0.03015100     -0.04552900      0.10027000      0.45735800
     0.15196000      0.02988700      0.36452700     -0.16618500     -0.17429100     -0.97059300     -0.43980100     -0.86784000      0.23108700     -0.88239600      0.46548300      0.06877800      0.00000400      0.00003700      0.00002300      0.00035200     -0.00008400     -0.00002500      0.52170000     -0.18289900      0.05164500      0.32775700      0.83268500      0.28995400      0.47175600     -0.55239500      0.37825600      0.74277600      0.03588100     -0.87944000      0.47451200     -0.00065800      0.01187800     -0.00707900      0.04818300     -0.13160700      0.17588900      0.53297700      0.02728100      0.04945400     -0.01357600     -0.82216800     -0.29942900      0.48412900      0.56725500     -0.35992800      0.74072400     -0.04754300      0.88362500      0.46577400     -0.00620200      0.00006200      0.00051300     -0.00219500      0.01527000     -0.02961700      0.52436500      0.09104600      0.03962300     -0.06111100     -0.13314000     -0.14858900     -0.97989500     -0.25781300     -0.94946800      0.17900400     -0.95697700      0.27646200      0.08810400      0.02489900     -0.00874800      0.00152100     -0.03015100     -0.04552900      0.10027000      0.45735800
     0.15166100      0.02983800      0.36465300     -0.16471300     -0.17665900     -0.97041600     -0.42970700     -0.87270600      0.23175300     -0.88763000      0.45538200      0.06904500     -0.01230800      0.00323000      0.00233100     -0.00028700      0.00031600     -0.00459800      0.52130500     -0.18289900      0.05163100      0.32774600      0.83260400      0.28991200      0.47192500     -0.55252300      0.37820100      0.74270900      0.03579200     -0.87947800      0.47444900     -0.00000600     -0.00024800     -0.00017900      0.00000000      0.00000000      0.00000000      0.53292700      0.02728100      0.04945400     -0.01357600     -0.82216800     -0.29942900      0.48412900      0.56725500     -0.35992800      0.74072400     -0.04754300      0.88362500      0.46577400     -0.00620200      0.00006200      0.00051300     -0.00219500      0.01527000     -0.02961700      0.52436500      0.09104600      0.03962300     -0.06111100     -0.13314000     -0.14858900     -0.97989500     -0.25781300     -0.94946800      0.17900400     -0.95697700      0.27646200      0.08810400      0.02489900     -0.00874800      0.00152100     -0.03015100     -0.04552900      0.10027000      0.45735800
     0.15145200      0.02978700      0.36470700     -0.16752800     -0.17855000     -0.96958700     -0.42923100     -0.87214800      0.23471600     -0.88733100      0.45571600      0.07067800     -0.01266900     -0.00001800      0.00029700      0.01278900      0.13575000     -0.24638800      0.52030500     -0.18289900      0.05162900      0.32775700      0.83260700      0.28991200      0.47192000     -0.55251800      0.37818000      0.74272300      0.03580800     -0.87948700      0.47443100      0.00001600      0.00063000      0.00045400      0.00000000      0.00000000      0.00000000      0.53285000      0.02728100      0.04945400     -0.01357600     -0.82216800     -0.29942900      0.48412900      0.56725500     -0.35992800      0.74072400     -0.04754300      0.88362500      0.46577400     -0.00620200      0.00006200      0.00051300     -0.00219500      0.01527000     -0.02961700      0.52436500      0.09104600      0.03962300     -0.06111100     -0.13314000     -0.14858900     -0.97989500     -0.25781300     -0.94946800      0.17900400     -0.95697700      0.27646200      0.08810400      0.02489900     -0.00874800      0.00152100     -0.03015100     -0.04552900      0.10027000      0.45703100
     0.15141600      0.02974200      0.36449600     -0.16868100     -0.17766800     -0.96954900     -0.43399500     -0.86975500      0.23483200     -0.88479000      0.46060800      0.07081300      0.01212100     -0.00494100     -0.00340700      0.00098400     -0.01471500      0.02955300      0.52089100     -0.18289900      0.05164500      0.32775700      0.83262200      0.28992100      0.47188700     -0.55249500      0.37821300      0.74272400      0.03581200     -0.87946900      0.47446300      0.00000000      0.00000300      0.00000200      0.00000000      0.00000000      0.00000000      0.53318100      0.02728100      0.04945400     -0.01357600     -0.82216800     -0.29942900      0.48412900      0.56725500     -0.35992800      0.74072400     -0.04754300      0.88362500      0.46577400     -0.00620200      0.00006200      0.00051300     -0.00219500      0.01527000     -0.02961700      0.52436500      0.09104600      0.03962300     -0.06111100     -0.13314000     -0.14858900     -0.97989500     -0.25781300     -0.94946800      0.17900400     -0.95697700      0.27646200      0.08810400      0.02489900     -0.00874800      0.00152100     -0.03015100     -0.04552900      0.10027000      0.45703100
     0.15172900      0.02979400      0.36442800     -0.16458500     -0.17660800     -0.97044700     -0.42932500     -0.87292900      0.23161900     -0.88783900      0.45497300      0.06905800      0.01288400      0.00194600      0.00091100      0.00489400     -0.01564800      0.02927500      0.52045500     -0.18289900      0.05162900      0.32775700      0.83260700      0.28991200      0.47192000     -0.55251800      0.37818000      0.74272300      0.03580800     -0.87948700      0.47443100     -0.00000000     -0.00000000     -0.00000000      0.00000000      0.00000000      0.00000000      0.53286400      0.02728100      0.04945400     -0.01357600     -0.82216800     -0.29942900      0.48412900      0.56725500     -0.35992800      0.74072400     -0.04754300      0.88362500      0.46577400     -0.00620200      0.00006200      0.00051300     -0.00219500      0.01527000     -0.02961700      0.52436500      0.09104600      0.03962300     -0.06111100     -0.13314000     -0.14858900     -0.97989500     -0.25781300     -0.94946800      0.17900400     -0.95697700      0.27646200      0.08810400      0.02489900     -0.00874800      0.00152100     -0.03015100     -0.04552900      0.10027000      0.45703100
     0.15196000      0.02982900      0.36458300     -0.16170000     -0.17461500     -0.97129200     -0.43025100     -0.87327800      0.22856700     -0.88792500      0.45507100      0.06729200      0.00031500      0.00287800      0.00180200     -0.00000000     -0.00000000      0.00000000      0.52072600     -0.18289800      0.05163600      0.32776200      0.83267800      0.28995000      0.47177000     -0.55240500      0.37822800      0.74278300      0.03588700     -0.87945300      0.47448600      0.00003700      0.00142800      0.00102800      0.00171000     -0.01715400      0.02309200      0.53285400      0.02728100      0.04945400     -0.01357600     -0.82216800     -0.29942900      0.48412900      0.56725500     -0.35992800      0.74072400     -0.04754300      0.88362500      0.46577400     -0.00620200      0.00006200      0.00051300     -0.00219500      0.01527000     -0.02961700      0.52436500      0.09104600      0.03962300     -0.06111100     -0.13314000     -0.14858900     -0.97989500     -0.25781300     -0.94946800      0.17900400     -0.95697700      0.27646200      0.08810400      0.02489900     -0.00874800      0.00152100     -0.03015100     -0.04552900      0.10027000      0.45719500
     0.15196500      0.02985700      0.36462300     -0.16162400     -0.17456000     -0.97131500     -0.43030900     -0.87327000      0.22848700     -0.88791000      0.45510700      0.06723800      0.00012200      0.00111700      0.00069900      0.04587700      0.40370300     -0.72258200      0.52047200     -0.18289800      0.05164300      0.32776700      0.83268700      0.28995500      0.47175100     -0.55239000      0.37823500      0.74279000      0.03589700     -0.87944900      0.47449400      0.00003700      0.00144900      0.00104300      0.00171000     -0.01715400      0.02309200      0.53281200      0.02728100      0.04945400     -0.01357600     -0.82216800     -0.29942900      0.48412900      0.56725500     -0.35992800      0.74072400     -0.04754300      0.88362500      0.46577400     -0.00620200      0.00006200      0.00051300     -0.00219500      0.01527000     -0.02961700      0.52436500      0.09104600      0.03962300     -0.06111100     -0.13314000     -0.14858900     -0.97989500     -0.25781300     -0.94946800      0.17900400     -0.95697700      0.27646200      0.08810400      0.02489900     -0.00874800      0.00152100     -0.03015100     -0.04552900      0.10027000      0.45735800
     0.15192300      0.02987300      0.36454200     -0.16273600     -0.17368100     -0.97128700     -0.43527100     -0.87078200      0.22858300     -0.88528400      0.46018300      0.06732000     -0.00016500     -0.00150200     -0.00094100      0.00000000      0.00000000     -0.00000000      0.52151700     -0.18289900      0.05163100      0.32774600      0.83266700      0.28994400      0.47179400     -0.55242400      0.37824400      0.74276100      0.03586100     -0.87944900      0.47449700     -0.00001100     -0.00042000     -0.00030300      0.00000000      0.00000000      0.00000000      0.53313900      0.02728100      0.04945400     -0.01357600     -0.82216800     -0.29942900      0.48412900      0.56725500     -0.35992800      0.74072400     -0.04754300      0.88362500      0.46577400     -0.00620200      0.00006200      0.00051300     -0.00219500      0.01527000     -0.02961700      0.52436500      0.09104600      0.03962300     -0.06111100     -0.13314000     -0.14858900     -0.97989500     -0.25781300     -0.94946800      0.17900400     -0.95697700      0.27646200      0.08810400      0.02489900     -0.00874800      0.00152100     -0.03015100     -0.04552900      0.10027000      0.45735800
     0.15187200      0.02984700      0.36452700     -0.16426200     -0.17635600     -0.97054700     -0.42951600     -0.87293100      0.23125800     -0.88780700      0.45506700      0.06885100     -0.00008900     -0.00080600     -0.00050500      0.48273800     -0.11502500     -0.03424600      0.52125400     -0.18289900      0.05164500      0.32775700      0.83268500      0.28995400      0.47175600     -0.55239500      0.37825600      0.74277600      0.03588100     -0.87944000      0.47451200      0.00001000      0.00039700      0.00028600      0.00000000      0.00000000      0.00000000      0.53314700      0.02728100      0.04945400     -0.01357600     -0.82216800     -0.29942900      0.48412900      0.56725500     -0.35992800      0.74072400     -0.04754300      0.88362500      0.46577400     -0.00620200      0.00006200      0.00051300     -0.00219500      0.01527000     -0.02961700      0.52436500      0.09104600      0.03962300     -0.06111100     -0.13314000     -0.14858900     -0.97989500     -0.25781300     -0.94946800      0.17900400     -0.95697700      0.27646200      0.08810400      0.02489900     -0.00874800      0.00152100     -0.03015100     -0.04552900      0.10027000      0.45735800
     0.15179600      0.02982700      0.36455100     -0.16236000     -0.17842700     -0.97048900     -0.41919000     -0.87787900      0.23147500     -0.89307700      0.44461900      0.06894800     -0.00011500     -0.00104300     -0.00065300      0.14481300     -0.03454000     -0.01028800      0.52128700     -0.18288900      0.05162900      0.32775600      0.83268100      0.28994700      0.47176700     -0.55240100      0.37823000      0.74278500      0.03588600     -0.87945400      0.47448600     -0.00000400     -0.00017300     -0.00012400      0.00000000      0.00000000      0.00000000      0.53286700      0.02728100      0.04945400     -0.01357600     -0.82216800     -0.29942900      0.48412900      0.56725500     -0.35992800      0.74072400     -0.04754300      0.88362500      0.46577400     -0.00620200      0.00006200      0.00051300     -0.00219500      0.01527000     -0.02961700      0.52436500      0.09104600      0.03962300     -0.06111100     -0.13314000     -0.14858900     -0.97989500     -0.25781300     -0.94946800      0.17900400     -0.95697700      0.27646200      0.08810400      0.02489900     -0.00874800      0.00152100     -0.03015100     -0.04552900      0.10027000      0.45735800
     0.15174800      0.02982300      0.36455000     -0.16352800     -0.17754600     -0.97045400     -0.42436300     -0.87535600      0.23160100     -0.89041700      0.44991500      0.06901100     -0.00008700     -0.00079000     -0.00049500     -0.01303300      0.00311000      0.00092700      0.52163400     -0.18289900      0.05163100      0.32774600      0.83266700      0.28994400      0.47179400     -0.55242400      0.37824400      0.74276100      0.03586100     -0.87944900      0.47449700     -0.00003700     -0.00143000     -0.00103000     -0.00171000      0.01715400     -0.02309200      0.53279000      0.02728100      0.04945400     -0.01357600     -0.82216800     -0.29942900      0.48412900      0.56725500     -0.35992800      0.74072400     -0.04754300      0.88362500      0.46577400     -0.00620200      0.00006200      0.00051300     -0.00219500      0.01527000     -0.02961700      0.52436500      0.09104600      0.03962300     -0.06111100     -0.13314000     -0.14858900     -0.97989500     -0.25781300     -0.94946800      0.17900400     -0.95697700      0.27646200      0.08810400      0.02489900     -0.00874800      0.00152100     -0.03015100     -0.04552900      0.10027000      0.45703100
     0.15169700      0.02976400      0.36454900     -0.16560500     -0.17558900     -0.97045800     -0.43477200     -0.87023600      0.23159300     -0.88499300      0.46049500      0.06898400     -0.00006400     -0.00057600     -0.00036100      0.00477900     -0.09938700      0.17221200      0.52108900     -0.18289800      0.05163600      0.32776200      0.83267800      0.28995000      0.47177000     -0.55240500      0.37822800      0.74278300      0.03588700     -0.87945300      0.47448600      0.00003200      0.00126000      0.00090800      0.00000000      0.00000000      0.00000000      0.53312700      0.02728100      0.04945400     -0.01357600     -0.82216800     -0.29942900      0.48412900      0.56725500     -0.35992800      0.74072400     -0.04754300      0.88362500      0.46577400     -0.00620200      0.00006200      0.00051300     -0.00219500      0.01527000     -0.02961700      0.52436500      0.09104600      0.03962300     -0.06111100     -0.13314000     -0.14858900     -0.97989500     -0.25781300     -0.94946800      0.17900400     -0.95697700      0.27646200      0.08810400      0.02489900     -0.00874800      0.00152100     -0.03015100     -0.04552900      0.10027000      0.45703100
     0.15175500      0.02980900      0.36451800     -0.16643100     -0.17447600     -0.97051700     -0.43983200     -0.86774800      0.23137100     -0.88233300      0.46558400      0.06889000      0.00000700      0.00006800      0.00004200     -0.00000000      0.00000000      0.00000000      0.52076800     -0.18289900      0.05162900      0.32775700      0.83266900      0.28994500      0.47178900     -0.55241900      0.37822200      0.74277500      0.03587700     -0.87945800      0.47448000     -0.00001000     -0.00038900     -0.00028000      0.01180200     -0.11838300      0.15936700      0.53288400      0.02728100      0.04945400     -0.01357600     -0.82216800     -0.29942900      0.48412900      0.56725500     -0.35992800      0.74072400     -0.04754300      0.88362500      0.46577400     -0.00620200      0.00006200      0.00051300     -0.00219500      0.01527000     -0.02961700      0.52436500      0.09104600      0.03962300     -0.06111100     -0.13314000     -0.14858900     -0.97989500     -0.25781300     -0.94946800      0.17900400     -0.95697700      0.27646200      0.08810400      0.02489900     -0.00874800      0.00152100     -0.03015100     -0.04552900      0.10027000      0.45703100
