     0.07527500      0.00822900      0.37148200     -0.10078400      0.43915400     -0.89276700     -0.62860200     -0.72359300     -0.28503400     -0.77105600      0.53191900      0.35009000     -0.09499600     -0.01312600     -0.04548800      1.25975400     -1.14957200      2.09326000      0.31774000     -0.11533800      0.02072900      0.36562900      0.62885900      0.68648300      0.36506100     -0.67529800      0.71497300     -0.18088700     -0.38595700     -0.13365000      0.91270900     -0.02528700     -0.00813900      0.02869700     -0.01335300     -0.07543700     -0.10224300      0.45295700      0.03288200      0.02883800     -0.00202400     -0.59287900     -0.70141400      0.39561600      0.68607600     -0.69718600     -0.20791900      0.42165500      0.14815200      0.89457000     -0.00627800     -0.00310900      0.01440200     -0.01445100     -0.07528700     -0.09774000      0.43063600      0.07560300      0.02834100     -0.05789600     -0.13654800      0.47376500     -0.87000000     -0.59414700     -0.74190300     -0.31075600     -0.79268100      0.47447500      0.38279100     -0.04745800     -0.00658300     -0.02269100     -0.04547500     -0.02594000     -0.02680800      0.23626200
     0.07146200      0.00783800      0.36982000     -0.07480900      0.44669700     -0.89157800     -0.63783900     -0.70864700     -0.30158600     -0.76644600      0.54556300      0.33904200     -0.09445600     -0.00876400     -0.04310600     -1.37697800     -0.58514000      0.67391200      0.30858900     -0.11602700      0.02052900      0.36660700      0.62594200      0.68814600      0.36693700     -0.67713400      0.71301200     -0.18176200     -0.38747700     -0.13557300      0.91178100     -0.01358700      0.00143300      0.01801100     -0.03443500     -0.00671300      0.00042800      0.45302300      0.03253200      0.02873900     -0.00152800     -0.58979200     -0.70289300      0.39759800      0.68784300     -0.69521100     -0.20869100      0.42310200      0.15040100      0.89351100     -0.00589200     -0.00519800      0.01297400     -0.07379400      0.01395900     -0.04428500      0.43014600      0.07369300      0.02813700     -0.05873400     -0.10964100      0.48345200     -0.86847700     -0.60234500     -0.72735000     -0.32884800     -0.79066900      0.48706800      0.37095200     -0.04764800     -0.00924700     -0.01673400     -4.77499100     -1.74153400      1.96863800      0.23218000
     0.06753600      0.00755400      0.36831600     -0.05985900      0.44976400     -0.89116500     -0.64600500     -0.69800000     -0.30894300     -0.76091700      0.55664100      0.33343900     -0.09508400     -0.01503200     -0.03174900     -0.00043900      0.02020700     -0.08095600      0.30769000     -0.11664400      0.02047500      0.36708000      0.62344200      0.69003100      0.36765200     -0.67941100      0.71084700     -0.18174200     -0.38751700     -0.13736300      0.91149600     -0.01366300      0.00331800      0.00341600     -0.01469300      0.10872000     -0.20430300      0.45362600      0.03222200      0.02872000     -0.00128000     -0.58736900     -0.70459000      0.39818200      0.68996100     -0.69311000     -0.20868900      0.42302400      0.15215300      0.89325200     -0.00686000      0.00175800      0.00178500     -0.00015200      0.00161000     -0.00353500      0.43047300      0.07177100      0.02799600     -0.05947700     -0.09412000      0.48746800     -0.86805200     -0.61238200     -0.71580500     -0.33557400     -0.78493900      0.49999500      0.36588800     -0.04752800     -0.00760300     -0.01586500     -0.29965900     -0.20994300      0.23654300      0.22303600
     0.06572800      0.00739900      0.36771400     -0.05709000      0.45200000     -0.89021500     -0.65355600     -0.69092700     -0.30895900     -0.75466000      0.56360200      0.33595900     -0.09309800     -0.00140000     -0.03862500      0.06456700      0.05208500     -0.08368000      0.31335200     -0.11695000      0.02048400      0.36712600      0.62216800      0.69095300      0.36807900     -0.68036000      0.70983300     -0.18215600     -0.38789900     -0.13797800      0.91124100     -0.02583500     -0.00191200      0.00111700     -0.01673500      0.12392100     -0.23355100      0.45333200      0.03207400      0.02872600     -0.00125600     -0.58607700     -0.70545700      0.39855100      0.69084500     -0.69209200     -0.20914100      0.42337400      0.15276500      0.89298100     -0.00653800     -0.00005400      0.00057300     -0.00197800      0.01516000     -0.02897700      0.43014600      0.07079000      0.02791000     -0.05980600     -0.09152200      0.49005700     -0.86687100     -0.62039700     -0.70899600     -0.33530700     -0.77892800      0.50711700      0.36891900     -0.04645100     -0.00051200     -0.01910600      0.06960500      0.02407500     -0.10363200      0.22499500
     0.06213200      0.00704200      0.36672400     -0.05199600      0.45352700     -0.88975000     -0.66784000     -0.67815600     -0.30670400     -0.74243100      0.57769600      0.33925100     -0.09340800     -0.01455000     -0.01520500     -0.00561400      0.20522700     -0.24615700      0.31778600     -0.11757600      0.02042900      0.36698200      0.61951000      0.69404700      0.36674000     -0.68237800      0.70710900     -0.18517800     -0.38860700     -0.13642200      0.91117300     -0.01228000     -0.00468300     -0.00193300      0.03289700     -0.03881000     -0.06069000      0.45286200      0.03175600      0.02869500     -0.00133000     -0.58328100     -0.70867500      0.39694000      0.69273900     -0.68917600     -0.21247700      0.42413900      0.15104200      0.89291100     -0.00604300     -0.00291100     -0.00133500      0.02770900     -0.03118900     -0.05704100      0.42867700      0.06902500      0.02773100     -0.06030000     -0.08622100      0.49188700     -0.86637800     -0.63529800     -0.69701800     -0.33250800     -0.76743800      0.52174000      0.37259300     -0.03933300     -0.00354500     -0.01291500      0.03177700      0.16548400     -0.21289100      0.23299700
     0.05896300      0.00660900      0.36621300     -0.04881400      0.45525900     -0.88904600     -0.67776000     -0.66885900     -0.30535400     -0.73360800      0.58708500      0.34231200     -0.07726200     -0.00919700     -0.01075200      0.01159100      0.43549800     -0.05583900      0.31479300     -0.11814400      0.02026200      0.36680800      0.61783900      0.69643100      0.36503600     -0.68371200      0.70513600     -0.18776100     -0.38892000     -0.13446300      0.91133100     -0.01199400     -0.00643000     -0.00310500      0.00033800      0.02222100     -0.05841700      0.45307700      0.03147300      0.02860900     -0.00141900     -0.58163300     -0.71102300      0.39515500      0.69390000     -0.68718400     -0.21512800      0.42450600      0.14907200      0.89306800     -0.00605200     -0.00287800     -0.00131700     -0.01228700      0.03065500     -0.02122800      0.42835000      0.06743300      0.02751000     -0.06055900     -0.08254500      0.49234800     -0.86647500     -0.64562700     -0.68874100     -0.32985000     -0.75917800      0.53219200      0.37472500     -0.03849400     -0.00430200     -0.00508500     -0.00044200      0.65632500      0.07009800      0.23446600
     0.05754000      0.00641200      0.36608400     -0.04555300      0.45837900     -0.88761400     -0.67997500     -0.66509600     -0.30863000     -0.73176900      0.58892400      0.34308800     -0.06239600     -0.00827700     -0.00948900      0.01944000      0.31964500      0.17761200      0.31301700     -0.11849500      0.02013400      0.36672100      0.61701200      0.69821500      0.36302000     -0.68450900      0.70379300     -0.18988800     -0.38883000     -0.13221900      0.91169700     -0.01190300     -0.00702400     -0.00350600      0.01615500     -0.01313400     -0.04574700      0.45330500      0.03129700      0.02854400     -0.00146300     -0.58083800     -0.71284700      0.39303300      0.69457500     -0.68579600     -0.21736500      0.42448900      0.14673700      0.89346300     -0.01222400     -0.00509800     -0.00220500     -0.00419000      0.04069800     -0.08716300      0.42851300      0.06669200      0.02740700     -0.06062800     -0.07979700      0.49596600     -0.86466700     -0.64807400     -0.68489500     -0.33304200     -0.75738400      0.53379300      0.37607600     -0.03102900     -0.00374800     -0.00437900      0.00843400      0.42765700      0.23647300      0.23316000
     0.05492000      0.00611600      0.36597200     -0.03393300      0.46611400     -0.88409900     -0.68349800     -0.65616300     -0.31976800     -0.72912800      0.59284700      0.34195300     -0.06060800     -0.00314300     -0.00554900     -0.19224300     -1.55576200      2.81222400      0.30795000     -0.11938000      0.01973600      0.36649500      0.61448800      0.70119900      0.36154700     -0.68651900      0.70109300     -0.19259800     -0.38928100     -0.13075600      0.91171600     -0.02419900     -0.01197200     -0.00564100     -0.00565500      0.04356100     -0.08409000      0.45358700      0.03085900      0.02834700     -0.00157500     -0.57832200     -0.71563300      0.39167900      0.69636100     -0.68314600     -0.21998000      0.42500000      0.14553000      0.89341700     -0.01208700     -0.00603600     -0.00283900     -0.00926900      0.03837000     -0.05409500      0.42884000      0.06538400      0.02726300     -0.06068100     -0.06995100      0.50469100     -0.86046000     -0.65209200     -0.67589500     -0.34342500     -0.75490500      0.53707700      0.37638500     -0.03016700     -0.00125200     -0.00247400     -0.21013600     -1.55613900      2.80655300      0.22711800
     0.05248800      0.00596600      0.36613500     -0.03476500      0.48043700     -0.87636500     -0.69506200     -0.64165500     -0.32425300     -0.71807200      0.59725500      0.35733100     -0.05908000     -0.00614200      0.00937400     -0.42682200      0.59862600      0.36708800      0.31014100     -0.12045400      0.01916100      0.36619300      0.61125900      0.70701800      0.35564000     -0.68950000      0.69636800     -0.19898600     -0.38909200     -0.12448500      0.91267400     -0.03646600     -0.01749000     -0.00818300      0.27990600     -0.39687200     -0.37835800      0.45475500      0.03033500      0.02806900     -0.00172100     -0.57526100     -0.72022100      0.38775500      0.69872000     -0.67914100     -0.22484600      0.42528000      0.14158700      0.89391700     -0.01189800     -0.00739900     -0.00376500     -0.01760300      0.06192200     -0.07460500      0.42933000      0.06419000      0.02718900     -0.06060400     -0.06981100      0.51722400     -0.85299700     -0.66428000     -0.66202600     -0.34706100     -0.74421500      0.54240100      0.38979800     -0.02881200      0.00222800      0.00030000     -1.41568700      0.28214300      0.83351200      0.22532200
     0.05137100      0.00593700      0.36631400     -0.03444600      0.49018300     -0.87096400     -0.70259500     -0.63159900     -0.32774100     -0.71071900      0.60003400      0.36724000     -0.05774500     -0.00282300      0.01204800     -0.01209600      0.60727900      0.11665100      0.31023900     -0.12101700      0.01881400      0.36602800      0.60860000      0.70946900      0.35531700     -0.69030000      0.69425600     -0.20354100     -0.39183300     -0.12230700      0.91179600     -0.02357000     -0.01652500     -0.00875000      0.05605400     -0.01339600     -0.12883700      0.45570100      0.03005400      0.02789600     -0.00180400     -0.57259300     -0.72387300      0.38489500      0.69941600     -0.67624400     -0.23132200      0.42773100      0.13674900      0.89350100     -0.01166300     -0.00899100     -0.00484500      0.25546700      0.05973500     -0.01984900      0.43030900      0.06360900      0.02717200     -0.06051100     -0.07050600      0.52839000     -0.84606800     -0.67277800     -0.65141200     -0.35075700     -0.73647600      0.54448600      0.40141800     -0.02871600     -0.00103800      0.00636600     -0.00961900      0.62524100      0.12588100      0.22630200
     0.04926100      0.00597300      0.36698800     -0.03303400      0.52497300     -0.85050400     -0.72062800     -0.60210000     -0.34371800     -0.69249800      0.60088800      0.39925800     -0.05539100     -0.00434100      0.02831000     -0.41118700      0.88890800      0.77284000      0.31048300     -0.12220000      0.01802100      0.36560100      0.60541000      0.71631300      0.34693800     -0.69345200      0.68870300     -0.21153400     -0.39120300     -0.11343600      0.91321200     -0.02296000     -0.02109300     -0.01189800      0.10142300     -0.11790900     -0.21113600      0.45660200      0.02944800      0.02749600     -0.00201800     -0.56953100     -0.73063200      0.37657700      0.70208400     -0.67065400     -0.23937300      0.42744700      0.12805900      0.89492400     -0.01788400     -0.01149900     -0.00597400      0.11262500     -0.12464100     -0.25359200      0.43194200      0.06257400      0.02718900     -0.06018600     -0.07030300      0.56094300     -0.82486300     -0.69227200     -0.62279800     -0.36452800     -0.71820300      0.54540300      0.43210900     -0.02676700      0.00355400      0.01010500     -1.36142200      0.60434900      1.31283100      0.22728200
     0.04738800      0.00617400      0.36792200     -0.03461500      0.57142800     -0.81994900     -0.73625400     -0.56932400     -0.36574900     -0.67578100      0.59031700      0.44144300     -0.05276100      0.00168100      0.03320400      0.00570500      1.54381300      1.00949500      0.31116800     -0.12339800      0.01710700      0.36504500      0.60309400      0.72352100      0.33583500     -0.69615000      0.68299900     -0.22095800     -0.38998200     -0.10145800      0.91514200     -0.03708800     -0.01485100     -0.02249400      0.31755100     -0.47740600     -0.20450900      0.45623600      0.02884100      0.02702900     -0.00230200     -0.56740800     -0.73734500      0.36656300      0.70419200     -0.66524400     -0.24811800      0.42680300      0.11734700      0.89669800     -0.01851600     -0.00757000     -0.01132600      0.39861100     -0.60711800     -0.27430200      0.43308500      0.06163800      0.02729000     -0.05971900     -0.07332500      0.60468600     -0.79308100     -0.71022600     -0.58993300     -0.38413100     -0.70014300      0.53510100      0.47272100     -0.01900300      0.00419500      0.01101000     -0.09298900      1.34128300      0.79457400      0.22858800
     0.04558500      0.00646000      0.36904200     -0.03406700      0.62678100     -0.77847900     -0.75187800     -0.52917600     -0.39322300     -0.65838300      0.57114400      0.49025900     -0.03838000      0.00031900      0.03285800      0.03619600      1.60963300      1.59182800      0.31292800     -0.12459200      0.01619000      0.36442100      0.60078000      0.72839400      0.32938700     -0.69832700      0.67878500     -0.22698900     -0.38965600     -0.09458100      0.91601600     -0.02420400     -0.01401200     -0.02323400      0.07983900     -0.10527100      0.04971500      0.45543100      0.02825300      0.02657400     -0.00260700     -0.56520500     -0.74294100      0.35858100      0.70613500     -0.66043800     -0.25532800      0.42651500      0.10889400      0.89790100     -0.01776100     -0.01341600     -0.00737900     -0.00033800      0.06715900     -0.17731000      0.43243200      0.06071900      0.02743900     -0.05914200     -0.07545500      0.65897400     -0.74837000     -0.72827500     -0.54906600     -0.41004900     -0.68111700      0.51407900      0.52134400     -0.01909500      0.00038800      0.01662000      0.04983700      1.63254600      1.61299200      0.22793500
     0.04468500      0.00658900      0.36969500     -0.03814500      0.65449600     -0.75513200     -0.75852000     -0.51085700     -0.40453000     -0.65048800      0.55653600      0.51687400     -0.05104000      0.00547300      0.03619400     -0.04800800      1.31242400      1.56181600      0.32169800     -0.12517200      0.01576800      0.36408200      0.59952000      0.73140200      0.32498900     -0.69955000      0.67618600     -0.23094800     -0.38940300     -0.08982300      0.91660200     -0.02297000     -0.02328600     -0.01362800      0.19942400     -0.28099700     -0.30590800      0.45570800      0.02797200      0.02637200     -0.00277700     -0.56410000     -0.74486900      0.35631400      0.70691300     -0.65865800     -0.25776200      0.42668900      0.10648000      0.89810700     -0.01866300     -0.00733600     -0.01124300      0.28719000     -0.36008100     -0.36733600      0.43292200      0.06030300      0.02750200     -0.05884100     -0.08157000      0.68435300     -0.72457300     -0.73570400     -0.53179000     -0.41944800     -0.67237200      0.49885800      0.54686000     -0.01875900      0.00113200      0.01722600     -0.58649000      1.58042500      1.06965800      0.23299700
     0.04322700      0.00674100      0.37095900     -0.03453300      0.70261900     -0.71075900     -0.77361900     -0.46897100     -0.42608800     -0.63266900      0.53426700      0.56063900     -0.02427600     -0.00173000      0.03194800     -0.07675900      0.69651000      1.36342500      0.33669700     -0.12607000      0.01515000      0.36340900      0.59723200      0.73401600      0.32330300     -0.70104400      0.67360300     -0.23394400     -0.39022800     -0.08787000      0.91644100     -0.02484500     -0.01063900     -0.02104000      0.03407900      0.04225400     -0.09398500      0.45488300      0.02751500      0.02604700     -0.00311700     -0.56187900     -0.74828800      0.35264200      0.70831500     -0.65541000     -0.26215700      0.42729400      0.10248100      0.89828500     -0.00524100     -0.00947400     -0.00594600     -0.00409000     -0.03375100      0.10423700      0.43259600      0.05955100      0.02758500     -0.05819200     -0.08061700      0.73297600     -0.67545900     -0.75334300     -0.48854000     -0.44022900     -0.65266700      0.47336300      0.59156700     -0.01787000      0.00661900      0.01290400     -0.06108500      0.81672400      1.60574800      0.25340800
     0.04193700      0.00675000      0.37233700     -0.02795400      0.73948500     -0.67262600     -0.78885500     -0.42953300     -0.43952300     -0.61390900      0.51739700      0.59619000     -0.02555300     -0.01162400      0.04136400     -0.18020700      0.52809000      0.98791600      0.34893200     -0.12675000      0.01485400      0.36277600      0.59487700      0.73664300      0.32166600     -0.70242800      0.67100000     -0.23724800     -0.39133300     -0.08575600      0.91617000     -0.01283800     -0.00250200     -0.01664900      0.03326600      0.02110700     -0.03494300      0.45517500      0.02717200      0.02589000     -0.00343900     -0.55948500     -0.75081500      0.35107200      0.70949600     -0.65280800     -0.26543300      0.42847400      0.10057900      0.89793800     -0.00641700     -0.00119600     -0.00827200      0.02504300      0.03452300     -0.02748800      0.43243200      0.05890700      0.02759500     -0.05750500     -0.07541400      0.76833300     -0.63559100     -0.77062200     -0.44941900     -0.45184400     -0.63281300      0.45572500      0.62598700     -0.01851900      0.00162500      0.01757100     -0.28919300      0.78430100      0.74261400      0.26957400
     0.04123300      0.00674800      0.37305000     -0.02336300      0.75253200     -0.65817600     -0.79059800     -0.41679500     -0.44856300     -0.61186100      0.50893500      0.60550600     -0.03745500      0.00224900      0.03425100     -0.09491100      0.44416700      0.54293000      0.35402900     -0.12699500      0.01483900      0.36251000      0.59427300      0.73703100      0.32189500     -0.70258700      0.67058300     -0.23795900     -0.39196800     -0.08568900      0.91590500     -0.00037800      0.00281400     -0.01417300      0.03439800      0.00740100     -0.00482300      0.45492800      0.02704500      0.02587900     -0.00357400     -0.55883700     -0.75114700      0.35139400      0.70961700     -0.65241400     -0.26607700      0.42911800      0.10066200      0.89762100     -0.00599700     -0.00430600     -0.00238200     -0.00505100      0.03080700     -0.05328200      0.43226900      0.05856100      0.02759000     -0.05714400     -0.07110500      0.78106700     -0.62038400     -0.77308400     -0.43617200     -0.46053600     -0.63030400      0.44686300      0.63484500     -0.01867800      0.00128200      0.01727900     -0.09637600      0.57566500      0.38402800      0.27904500
     0.03978400      0.00671100      0.37448400     -0.02651600      0.76849000     -0.63934800     -0.79220800     -0.40615900     -0.45542600     -0.60964200      0.49346300      0.62036900     -0.03926700     -0.00870300      0.04281200     -0.12313200      0.42710500      0.06329500      0.35872800     -0.12733900      0.01497400      0.36210300      0.59434100      0.73744900      0.32081100     -0.70339200      0.67011100     -0.23690800     -0.39041400     -0.08579500      0.91655900      0.00032800     -0.00237100     -0.00165800      0.00000000     -0.00000000     -0.00000000      0.45496600      0.02687200      0.02594800     -0.00378200     -0.55894500     -0.75156000      0.35033700      0.71044200     -0.65192700     -0.26507000      0.42761000      0.10073500      0.89833200     -0.00704800      0.00329400     -0.00514700      0.03476900      0.00934300     -0.00872000      0.43210600      0.05783700      0.02757700     -0.05642900     -0.07447600      0.79561700     -0.60120300     -0.77518000     -0.42544800     -0.46700000     -0.62733500      0.43126000      0.64843200     -0.01892200      0.00075600      0.01682600     -0.09316000      0.44600700      0.09552900      0.28737200
     0.03848900      0.00641000      0.37593900     -0.02011200      0.78031400     -0.62510100     -0.78549000     -0.39908000     -0.47298400     -0.61852400      0.48052500      0.62173200     -0.03874000     -0.00043200      0.03198900      0.10038200      0.39458000      0.24716700      0.36125900     -0.12752400      0.01516500      0.36187600      0.59496400      0.73645100      0.32194600     -0.70373500      0.67086600     -0.23373000     -0.38884200     -0.08844500      0.91697500     -0.01441900      0.00885500     -0.00872200      0.03079800      0.01453700     -0.00548100      0.45525100      0.02678500      0.02604300     -0.00389000     -0.55954900     -0.75047400      0.35170000      0.71093900     -0.65273100     -0.26173700      0.42599300      0.10358200      0.89877600     -0.00001800      0.00016800      0.00012200      0.00917100     -0.01433200     -0.00730100      0.43210600      0.05719000      0.02742500     -0.05569700     -0.06840000      0.80643300     -0.58735500     -0.76899200     -0.41768800     -0.48392900     -0.63558800      0.41857000      0.64871000     -0.01365300     -0.00756400      0.01925200      0.56131200      0.31992200      0.88245600      0.29619000
     0.03738700      0.00593200      0.37735700     -0.00418500      0.79349600     -0.60859800     -0.77554900     -0.38670900     -0.49894900     -0.63126800      0.46892100      0.61777100     -0.02623600     -0.00583000      0.02848700     -0.07993300      0.50826700      0.39854000      0.34718300     -0.12759600      0.01526000      0.36180300      0.59465500      0.73664700      0.32206700     -0.70381300      0.67065600     -0.23409900     -0.38917300     -0.08840900      0.91683800     -0.00000800      0.00005600      0.00003900     -0.00000100      0.00000100      0.00000100      0.45559500      0.02674300      0.02609900     -0.00392700     -0.55923300     -0.75075100      0.35161000      0.71099200     -0.65245400     -0.26228200      0.42631900      0.10331600      0.89865300     -0.00648900     -0.00079800      0.00005600     -0.00175000      0.01471900     -0.02947100      0.43243200      0.05664500      0.02719300     -0.05500100     -0.05272800      0.81877400     -0.57168800     -0.75980200     -0.40438800     -0.50908700     -0.64801200      0.40752700      0.64342900     -0.01306400     -0.00276200      0.01438800      0.13614900     -0.02616600      0.28613000      0.28786200
     0.03699900      0.00578000      0.37786400      0.00275300      0.79868800     -0.60177700     -0.77209700     -0.38066900     -0.50885100     -0.63550300      0.46503600      0.61636400     -0.01197100     -0.00053000      0.01615700     -0.05701900      0.37325700      0.37748900      0.34595300     -0.12758800      0.01526900      0.36179600      0.59462200      0.73561200      0.32448500     -0.70360100      0.67144500     -0.23246800     -0.38960800     -0.09101800      0.91639800     -0.00000000      0.00000100      0.00000100     -0.00551400      0.00917600      0.00538400      0.45568800      0.02674700      0.02610400     -0.00393000     -0.55911200     -0.74959600      0.35425700      0.71086400     -0.65331900     -0.26047100      0.42669100      0.10619600      0.89814000     -0.00000300      0.00002600      0.00002000      0.00837200     -0.01348200     -0.00656400      0.43259600      0.05643000      0.02710800     -0.05472300     -0.04622000      0.82485700     -0.56344700     -0.75697000     -0.39697000     -0.51904800     -0.65181200      0.40252200      0.64274000     -0.00606200     -0.00038500      0.00799600     -0.08467400      0.46680200      0.42748900      0.28067800
     0.03673100      0.00615700      0.37793500      0.01256100      0.80193900     -0.59731200     -0.76877600     -0.37416800     -0.51860700     -0.63941000      0.46471400      0.61255400      0.00416000      0.02278600     -0.01658800      0.06695000     -0.04108000      0.02933100      0.36973000     -0.12751900      0.01527200      0.36178000      0.59426000      0.73585600      0.32459600     -0.70383500      0.67115600     -0.23259200     -0.38973600     -0.09118300      0.91632700      0.00013200     -0.00095700     -0.00066900     -0.00000100      0.00000200      0.00000100      0.45826200      0.02678100      0.02610800     -0.00393600     -0.55875100     -0.74993100      0.35411700      0.71109100     -0.65295000     -0.26077400      0.42678400      0.10610100      0.89810700      0.00008700     -0.00062700     -0.00044000      0.00035900     -0.00060500     -0.00034500      0.43373900      0.05629500      0.02729000     -0.05467900     -0.03695600      0.82883200     -0.55827400     -0.75420700     -0.38963500     -0.52854000     -0.65559400      0.40152100      0.63951100      0.00214700      0.01154500     -0.00816400      0.07345300     -0.14505400      0.19798200      0.28916900
     0.03724100      0.00751500      0.37644400      0.01841200      0.79424700     -0.60735400     -0.76510500     -0.37979400     -0.51994500     -0.64366500      0.47327300      0.60144400      0.03153000      0.03817600     -0.05474700      0.18241800     -0.28220600     -0.16530500      0.41068300     -0.12736000      0.01526900      0.36171400      0.59401100      0.73601700      0.32468600     -0.70395900      0.67097000     -0.23275400     -0.38989300     -0.09124800      0.91625400      0.00031800     -0.00230200     -0.00161100     -0.00184500      0.01371100     -0.02527900      0.46570900      0.02686100      0.02610800     -0.00396800     -0.55851200     -0.75007700      0.35418600      0.71119200     -0.65277400     -0.26094100      0.42693000      0.10615500      0.89803200      0.00655300      0.00037200     -0.00035500     -0.01068600      0.07939800     -0.14523100      0.43978000      0.05654200      0.02796900     -0.05540600     -0.03082400      0.82181100     -0.56892500     -0.75025700     -0.39511400     -0.53009200     -0.66042600      0.41050100      0.62874900      0.01619600      0.02347500     -0.03256000      0.22448300     -0.43394400     -0.02502500      0.33766600
     0.03791300      0.00834800      0.37517600      0.02272700      0.78649300     -0.61721800     -0.76222900     -0.38579300     -0.51975200     -0.64693600      0.48129500      0.59148700      0.04421000      0.04038000     -0.06949400      0.25911900     -0.82461900     -0.41132700      0.41459500     -0.12720400      0.01529300      0.36166800      0.59419100      0.73588700      0.32465200     -0.70379000      0.67113300     -0.23279600     -0.38992300     -0.09110200      0.91625500      0.01315500      0.00037300     -0.00096700      0.00204500     -0.01520500      0.02924500      0.46590700      0.02693400      0.02611700     -0.00399300     -0.55865800     -0.74997700      0.35416800      0.71105100     -0.65291000     -0.26098700      0.42697400      0.10603000      0.89802500      0.00660200      0.00002100     -0.00060400      0.00204000     -0.01521300      0.02923200      0.44239300      0.05687400      0.02838700     -0.05603200     -0.02686500      0.81607700     -0.57731700     -0.74722100     -0.40002800     -0.53069600     -0.66403200      0.41712700      0.62053600      0.02272500      0.02494300     -0.03963800      0.24876800     -0.40870400      0.05659400      0.35546500
     0.04048000      0.01025800      0.37164900      0.02891000      0.76928100     -0.63829200     -0.76070800     -0.39725000     -0.51331000     -0.64848600      0.49943500      0.57450700      0.08518800      0.04650000     -0.09675500      0.12150800     -0.57334200     -0.08828300      0.40711600     -0.12677600      0.01549100      0.36155800      0.59484100      0.73541400      0.32453200     -0.70315300      0.67172600     -0.23300600     -0.39008100     -0.09053400      0.91624400      0.01127200      0.01394100     -0.00761300      0.03827200     -0.02146800      0.04972700      0.46128700      0.02714500      0.02620500     -0.00404900     -0.55929200     -0.74954600      0.35408000      0.71045600     -0.65349100     -0.26115400      0.42713500      0.10549700      0.89801100      0.00632600      0.00200000      0.00077800      0.00388700     -0.02894200      0.05450800      0.44108700      0.05810600      0.02931700     -0.05775200     -0.01925500      0.79893600     -0.60110600     -0.74465300     -0.41265000     -0.52460400     -0.66717200      0.43751500      0.60287700      0.04270200      0.02334400     -0.04833800     -1.74302400     -0.11641200     -1.70686200      0.36183300
     0.04451500      0.01207300      0.36768000      0.02890500      0.74855200     -0.66248000     -0.76422000     -0.41058400     -0.49735400     -0.64434300      0.51972400      0.56101400      0.11241300      0.04210000     -0.09864600      0.31024900     -1.11948300      0.04278500      0.40104500     -0.12637100      0.01585300      0.36147700      0.59481200      0.73380700      0.32820300     -0.70133900      0.67329100     -0.23396000     -0.39338600     -0.09195700      0.91468800      0.01250000      0.00496000      0.00223900      0.00179200     -0.01478800      0.02949100      0.46089300      0.02735100      0.02639200     -0.00409100     -0.55917100     -0.74786300      0.35781000      0.70860500     -0.65516400     -0.26198700      0.43035500      0.10705000      0.89628900     -0.00101000      0.00725100     -0.00300100      0.04166300     -0.02745400      0.04214900      0.43880100      0.06014100      0.03023500     -0.05977900     -0.01956900      0.78044600     -0.62491600     -0.74781700     -0.42628800     -0.50896600     -0.66361500      0.45736400      0.59197300      0.06355000      0.02420300     -0.05510900      0.14445800     -0.46311700      0.10801000      0.35530100
     0.05006000      0.01387700      0.36335500      0.02504200      0.73514100     -0.67748500     -0.76581200     -0.42143900     -0.48569000     -0.64260800      0.53007300      0.55326800      0.15375800      0.04462400     -0.11178000      0.67015900     -0.35778000     -0.00724200      0.40073500     -0.12597400      0.01620600      0.36130700      0.59616900      0.73067200      0.33270500     -0.69960800      0.67613200     -0.23093000     -0.39441600     -0.09602400      0.91382700     -0.00149500      0.01071300     -0.00863500      0.02347300      0.01481200      0.03291600      0.46141200      0.02755400      0.02657200     -0.00416800     -0.56041100     -0.74460800      0.36262600      0.70708600     -0.65812900     -0.25863800      0.43123900      0.11146400      0.89532500      0.00573600      0.00618600     -0.00436100      0.04468900     -0.03141300      0.04560100      0.43896400      0.06289800      0.03113600     -0.06193500     -0.02195800      0.76640400     -0.64198200     -0.74887200     -0.43803100     -0.49731100     -0.66235000      0.46984300      0.58355700      0.07701400      0.02240900     -0.05587400      1.46024500      0.16050900     -0.70829600      0.35383200
     0.05324800      0.01470800      0.36114900      0.02293000      0.73264500     -0.68025800     -0.77012900     -0.42086700     -0.47931600     -0.63750300      0.53396500      0.55542700      0.17972400      0.03826500     -0.11560500     -1.66222300      0.43656000     -1.49320700      0.40250700     -0.12579900      0.01630000      0.36120900      0.59671000      0.72809300      0.33735700     -0.69864700      0.67822600     -0.22767400     -0.39530200     -0.10076900      0.91293200      0.01169700      0.01074500     -0.00984400     -0.16568800      0.31453600      0.24819400      0.46117200      0.02763600      0.02662100     -0.00421500     -0.56082000     -0.74279800      0.36569200      0.70644600     -0.65965200     -0.25649900      0.43175700      0.11449200      0.89469300      0.00016100     -0.00111100     -0.00078900     -0.34186800      0.57166900      0.29669500      0.43929100      0.06448300      0.03155600     -0.06303500     -0.02218200      0.76428800     -0.64449200     -0.75156100     -0.43786400     -0.49338500     -0.65928900      0.47343100      0.58412200      0.08341800      0.02100800     -0.05672900      0.30590400     -0.22429000      0.30452000      0.35350500
     0.06040300      0.01603500      0.35680800      0.00981900      0.72713500     -0.68645800     -0.77777600     -0.42583900     -0.46227500     -0.62847800      0.53754400      0.56221900      0.20431900      0.02381000     -0.10919200     -0.31679400      0.14042000     -0.53007800      0.41399800     -0.12552000      0.01642600      0.36107600      0.59771800      0.72515600      0.34186800     -0.69731700      0.68069800     -0.22435200     -0.39613000     -0.10521800      0.91207100     -0.00141700      0.01012700     -0.00904100     -0.00422300      0.06020800      0.05978900      0.46101900      0.02778200      0.02667900     -0.00428600     -0.56170300     -0.73907300      0.37183300      0.70521400     -0.66272100     -0.25193700      0.43262100      0.12070800      0.89345800      0.00651800      0.00059100     -0.00020900     -0.02600300      0.03148800      0.05845300      0.43912700      0.06805100      0.03222500     -0.06520700     -0.03621200      0.75831700     -0.65087800     -0.75971600     -0.44402400     -0.47505000     -0.64924500      0.47728000      0.59218500      0.09565800      0.01358400     -0.05368400     -1.68508200      0.65631300     -1.82044600      0.36215900
     0.06822300      0.01688300      0.35281400     -0.01119300      0.72440700     -0.68931500     -0.77966200     -0.43789300     -0.44760200     -0.62608700      0.53152000      0.57055100      0.20362700      0.01872900     -0.09685900      0.19841900      0.51708200     -0.35587000      0.41911300     -0.12529500      0.01651700      0.36100900      0.59818900      0.72369500      0.34413200     -0.69666000      0.68190700     -0.22271400     -0.39657500     -0.10744300      0.91161800      0.01293300      0.00184300      0.00005400     -0.01128100      0.08073800     -0.14444600      0.46115200      0.02788900      0.02672700     -0.00432300     -0.56225300     -0.73764300      0.37383600      0.70457700     -0.66396700     -0.25043300      0.43294500      0.12258900      0.89304500     -0.00000300      0.00002900      0.00001700      0.00669400     -0.01080600     -0.00598200      0.43929100      0.07203700      0.03265600     -0.06724700     -0.05742800      0.75397400     -0.65438800     -0.76091400     -0.45739000     -0.46022000     -0.64630500      0.47150500      0.59997600      0.10189500      0.00940300     -0.04852100      0.19328800      0.60721000     -0.29214600      0.37408000
     0.07216100      0.01710500      0.35109700     -0.02446300      0.72640300     -0.68686600     -0.77873500     -0.44462100     -0.44255600     -0.62684700      0.52315500      0.57740600      0.20298000      0.01156000     -0.08585800      0.16713300      0.55876100     -0.35627900      0.41573400     -0.12517200      0.01656000      0.36099000      0.59848500      0.72348600      0.34405800     -0.69642100      0.68215800     -0.22269200     -0.39654900     -0.10725600      0.91165100      0.01293200      0.00185100      0.00005800      0.00203700     -0.01519300      0.02925200      0.46124500      0.02795000      0.02674900     -0.00433300     -0.56243600     -0.73756900      0.37370800      0.70443000     -0.66409400     -0.25051200      0.43294700      0.12235400      0.89307600     -0.00000100      0.00001800      0.00000800      0.00098600     -0.00161900     -0.00103200      0.43929100      0.07400500      0.03276500     -0.06810700     -0.07083800      0.75565700     -0.65112400     -0.75963100     -0.46393300     -0.45577000     -0.64648400      0.46232800      0.60688500      0.10159500      0.00590400     -0.04296200      0.16723000      0.57980600     -0.34006800      0.37408000
     0.07986300      0.01708400      0.34850800     -0.05771800      0.73586700     -0.67469600     -0.77854500     -0.45616100     -0.43099500     -0.62486200      0.49948700      0.60007200      0.18877400     -0.00715100     -0.05072000      0.05884100      0.84729100     -0.49945600      0.40522200     -0.12492500      0.01663400      0.36098100      0.59871400      0.72331900      0.34401000     -0.69622700      0.68235800     -0.22268900     -0.39654600     -0.10710700      0.91167000      0.01292500      0.00188800      0.00008300      0.00204500     -0.01520500      0.02924500      0.46109600      0.02807300      0.02678700     -0.00433600     -0.56266900     -0.73741900      0.37365300      0.70424500     -0.66429100     -0.25051100      0.43294600      0.12218900      0.89309900      0.00000100      0.00001100      0.00000400     -0.00001700     -0.00000500     -0.00010600      0.43912700      0.07785400      0.03274700     -0.06940800     -0.10448100      0.76305000     -0.63783800     -0.75876200     -0.47577300     -0.44488100     -0.64293300      0.43748600      0.62868200      0.09454900     -0.00323300     -0.02522500      0.06487700      0.83395500     -0.50227100      0.36673200
