     0.03999600      0.00322900      0.35038800     -0.02632800      0.73837000     -0.67391400     -0.90149300     -0.30879800     -0.30319300     -0.43194800      0.59862800      0.67460500     -0.03184200      0.01632000      0.04867800      0.01466300      0.86200900      0.18481200      0.25009200     -0.13741000      0.03681300      0.32946500      0.50344600      0.37450400      0.77864000     -0.71847400      0.68194000      0.13669700     -0.48040200     -0.62871900      0.61138400     -0.01294200     -0.00048700      0.00091300      0.01270200     -0.09709700      0.13422000      0.32647800      0.02215800      0.03686400     -0.01975800     -0.46682300     -0.36736500      0.80443700      0.72378400     -0.68138700      0.10884800      0.50814600      0.63305100      0.58398000     -0.01289600     -0.00087100      0.00063500     -0.00388800      0.03052800     -0.05849200      0.26114000      0.05800100      0.02646500     -0.06868400     -0.05812100      0.78330900     -0.61890800     -0.89979100     -0.30964600     -0.30740000     -0.43243200      0.53902200      0.72281100     -0.02339200      0.00523500      0.03028900      0.00933700      1.03560000      0.44767500      0.11902000
     0.03930300      0.00340700      0.35149500     -0.01912900      0.75069900     -0.66040200     -0.90425800     -0.29472600     -0.30891100     -0.42652100      0.59033000      0.68528600     -0.04651500      0.01075400      0.06063300     -0.00543100      1.17690800      0.32686500      0.25336100     -0.13776500      0.03684600      0.32944000      0.50281300      0.37473800      0.77893700     -0.71873600      0.68178300      0.13610200     -0.48067200     -0.62875000      0.61113900     -0.01297400     -0.00018500      0.00114400     -0.00204500      0.01520500     -0.02924500      0.32434500      0.02198000      0.03687900     -0.01977100     -0.46630900     -0.36756400      0.80464400      0.72395300     -0.68128900      0.10833100      0.50837700      0.63304000      0.58379100     -0.00649800      0.00000400      0.00066200      0.00020900     -0.00102300     -0.00549200      0.25803800      0.05766100      0.02655800     -0.06813400     -0.05104800      0.79372100     -0.60613400     -0.90301700     -0.29591200     -0.31144100     -0.42656000      0.53145200      0.73185000     -0.01637300      0.00360100      0.02937600     -0.13301000      0.68249000      0.17874400      0.13583900
     0.03819800      0.00370400      0.35386400     -0.00839300      0.77253300     -0.63495600     -0.90772000     -0.27219600     -0.31925800     -0.41946700      0.57272100      0.70431900     -0.01711800      0.00702600      0.05955700      0.01448800      0.99366500      0.29250300      0.26236200     -0.13828000      0.03691000      0.32944200      0.50387900      0.37500500      0.77811800     -0.71890600      0.68136200      0.13730800     -0.47929900     -0.62904800      0.61191000     -0.01307100      0.00072800      0.00184400     -0.00204500      0.01520500     -0.02924500      0.32411200      0.02172300      0.03691100     -0.01977100     -0.46744800     -0.36783300      0.80385900      0.72417100     -0.68086100      0.10955800      0.50701800      0.63334500      0.58464200     -0.00656100      0.00058500      0.00110400      0.00199400      0.00179000     -0.00855600      0.25395600      0.05709700      0.02670600     -0.06695100     -0.04033800      0.81452800     -0.57871900     -0.90721500     -0.27257700     -0.32040800     -0.41872700      0.51209900      0.74994700     -0.01537300      0.00555500      0.03101700      0.02034300      1.09164500      0.30510400      0.14890200
     0.03748600      0.00386200      0.35626700      0.00469900      0.79454800     -0.60722000     -0.90697800     -0.25228300     -0.33721800     -0.42114100      0.55133200      0.72020900     -0.00538900     -0.00810400      0.06517500      0.01022900      0.99528500      0.52934000      0.26619600     -0.13857200      0.03699600      0.32952400      0.50574300      0.37503500      0.77689400     -0.71873100      0.68116100      0.13920700     -0.47759500     -0.62924800      0.61303700     -0.00040100      0.00358300      0.00276300      0.00212600     -0.01628700      0.02368200      0.32392000      0.02157200      0.03695400     -0.01972900     -0.46935000     -0.36787700      0.80272900      0.72409300     -0.68063800      0.11144700      0.50536900      0.63355900      0.58583500     -0.00020300      0.00180900      0.00140100      0.00418900     -0.01314400      0.02038200      0.25330200      0.05673700      0.02679300     -0.06572200     -0.02735800      0.83525200     -0.54918500     -0.90730300     -0.25135000     -0.33707900     -0.41958400      0.48905600      0.76470300     -0.00272500     -0.00404900      0.03260200      0.02288000      1.14180400      0.59954500      0.16278200
     0.03712000      0.00376400      0.35854500      0.01235800      0.81368800     -0.58120900     -0.90289600     -0.24062400     -0.35616200     -0.42968100      0.52816000      0.73242600     -0.00683700     -0.01108600      0.06221800     -0.03575800      0.72812500      0.34470100      0.26533300     -0.13865400      0.03712000      0.32962700      0.50569200      0.37506700      0.77691200     -0.71876300      0.68113700      0.13916100     -0.47760100     -0.62925600      0.61302400     -0.00035500      0.00318100      0.00244900     -0.00000000     -0.00000000      0.00000000      0.32419700      0.02153000      0.03701700     -0.01967600     -0.46926200     -0.36791000      0.80276600      0.72412600     -0.68061500      0.11136400      0.50540300      0.63356400      0.58580100     -0.00022100      0.00195500      0.00150700      0.00007800      0.00006700     -0.00003300      0.25313900      0.05655900      0.02675300     -0.06460100     -0.01965700      0.85295500     -0.52161300     -0.90381600     -0.23821900     -0.35548100     -0.42746800      0.46445500      0.77559700     -0.00263000     -0.00025200      0.02670900      0.02177000      0.81322200      0.63439100      0.16425100
     0.03705000      0.00361900      0.35962000      0.02014400      0.82162000     -0.56971900     -0.89864800     -0.23481000     -0.37049800     -0.43821800      0.51841800      0.73432600      0.00552100     -0.01749400      0.05760800      0.15639600      0.42457500      0.60410300      0.26335300     -0.13862400      0.03720000      0.32969600      0.50572900      0.37504900      0.77689600     -0.71875400      0.68113700      0.13920800     -0.47757500     -0.62926600      0.61303300     -0.00046400      0.00415200      0.00319500      0.00000000      0.00000000      0.00000000      0.32402400      0.02154600      0.03705500     -0.01964300     -0.46930100     -0.36789200      0.80275200      0.72411900     -0.68061600      0.11141100      0.50537900      0.63357300      0.58581100     -0.00027800      0.00248100      0.00191200      0.00216200     -0.01626800      0.02369900      0.25330300      0.05652100      0.02668500     -0.06405900     -0.01213500      0.86043500     -0.50941400     -0.90004600     -0.23134600     -0.36931700     -0.43562500      0.45401500      0.77723800     -0.00333000     -0.00168800      0.02536500      0.74427100      0.41292800      0.77809300      0.16376100
     0.03711300      0.00322600      0.36155900      0.03378600      0.83412300     -0.55058300     -0.89204000     -0.22319200     -0.39296600     -0.45071800      0.50338100      0.73721600     -0.00836000     -0.00699700      0.04733100      0.02662200      0.36313400      0.41158200      0.26047300     -0.13853800      0.03738600      0.32982900      0.50565800      0.37503600      0.77694900     -0.71878400      0.68111300      0.13917500     -0.47760600     -0.62930000      0.61297400     -0.00053300      0.00475600      0.00365400      0.00212800     -0.01628300      0.02368000      0.32384600      0.02158900      0.03714800     -0.01957700     -0.46920800     -0.36788300      0.80281100      0.72415500     -0.68058500      0.11136300      0.50541300      0.63361200      0.58574000     -0.00022700      0.00201600      0.00154800      0.00002200      0.00000900      0.00001100      0.25330300      0.05655800      0.02648700     -0.06308400      0.00164100      0.87175700     -0.48993500     -0.89413400     -0.21811200     -0.39108800     -0.44779500      0.43870900      0.77911000      0.00254800     -0.00549700      0.02249200      0.19431100      0.50045200      0.41160000      0.15886300
     0.03725700      0.00281600      0.36317500      0.04611300      0.84345300     -0.53526200     -0.88849000     -0.21020900     -0.40788400     -0.45661300      0.49333500      0.74037300      0.00348400     -0.01440100      0.04187200     -0.06649500      0.15714500      0.29427000      0.26156900     -0.13847700      0.03752700      0.32992900      0.50553900      0.37504200      0.77702300     -0.71884000      0.68106700      0.13910500     -0.47764600     -0.62934500      0.61289600     -0.00038900      0.00345900      0.00265400     -0.01256400      0.09609100     -0.13974100      0.32383000      0.02161900      0.03722100     -0.01952500     -0.46921800     -0.36785800      0.80281600      0.72414500     -0.68059400      0.11138200      0.50541900      0.63361800      0.58572900     -0.00013300      0.00116500      0.00089200      0.00001700      0.00000500      0.00000600      0.25330300      0.05662500      0.02628300     -0.06227500      0.01399300      0.88066100     -0.47353800     -0.89116500     -0.20379000     -0.40533100     -0.45346200      0.42767300      0.78196300      0.00237700     -0.00223900      0.01622100     -0.03964700      0.12963900      0.29852500      0.15821000
     0.03733400      0.00262800      0.36382900      0.05582500      0.84756300     -0.52779300     -0.88456500     -0.20311300     -0.41983500     -0.46311600      0.48925000      0.73904300      0.00416400     -0.00579700      0.03124700      0.19384700      0.19387400      0.48420700      0.26154700     -0.13847200      0.03757700      0.32996700      0.50569000      0.37500400      0.77694300     -0.71876000      0.68113000      0.13921100     -0.47760700     -0.62930000      0.61297300     -0.00033100      0.00294400      0.00225800      0.00212900     -0.01628300      0.02368000      0.32149100      0.02162100      0.03724600     -0.01950600     -0.46924100     -0.36785000      0.80280600      0.72413200     -0.68060400      0.11140000      0.50541400      0.63361200      0.58573900     -0.00009600      0.00084600      0.00064700      0.00001100     -0.00001300      0.00001700      0.25281300      0.05666300      0.02618500     -0.06194500      0.02360700      0.88410600     -0.46668700     -0.88780100     -0.19607800     -0.41636700     -0.45962000      0.42415500      0.78028200      0.00111100     -0.00844400      0.01982200      0.74022600      0.01746900      0.97808700      0.15853600
     0.03748100      0.00214600      0.36497700      0.07480000      0.85263600     -0.51716700     -0.87782800     -0.18968000     -0.43978600     -0.47317500      0.48581900      0.73492300      0.00125100     -0.01179500      0.02594200     -0.03068100      0.07595700      0.46782400      0.25980500     -0.13848900      0.03763800      0.33001500      0.50570800      0.37500200      0.77693200     -0.71875100      0.68113700      0.13922100     -0.47760100     -0.62929400      0.61298400     -0.00011200      0.00099600      0.00076300      0.00000000      0.00000000      0.00000000      0.31894100      0.02161300      0.03727900     -0.01948000     -0.46927900     -0.36784400      0.80278700      0.72411500     -0.68061800      0.11142500      0.50540500      0.63360000      0.58576100     -0.00007500      0.00065000      0.00049700      0.00001500      0.00000700     -0.00000200      0.24938300      0.05673800      0.02595000     -0.06136600      0.04264300      0.88903700     -0.45584400     -0.88170300     -0.18109200     -0.43566700     -0.46987400      0.42049700      0.77614400      0.00048700     -0.00614000      0.01275700     -0.04005700      0.21540100      0.31093000      0.15788300
     0.03730000      0.00166200      0.36591100      0.08964800      0.85618100     -0.50888300     -0.87102800     -0.18030900     -0.45691500     -0.48307900      0.48314800      0.73022600     -0.00026100     -0.01491700      0.02320500      0.01259300      0.00837600      0.25158100      0.26196200     -0.13849500      0.03768700      0.33005200      0.50571000      0.37500200      0.77693100     -0.71875000      0.68113800      0.13922300     -0.47760000     -0.62929300      0.61298500     -0.00014800      0.00131600      0.00100800      0.00000000      0.00000000      0.00000000      0.31761000      0.02161000      0.03730200     -0.01946300     -0.46928100     -0.36784300      0.80278600      0.72411400     -0.68061900      0.11142600      0.50540400      0.63359900      0.58576200     -0.00009000      0.00079500      0.00060800     -0.00000200     -0.00001300      0.00002000      0.24742400      0.05664700      0.02570500     -0.06090100      0.05766300      0.89252400     -0.44729700     -0.87546500     -0.17013500     -0.45234200     -0.47982700      0.41767700      0.77156300     -0.00707500     -0.00583000      0.01245500      0.17162400     -0.05598700      0.28267200      0.15674000
     0.03679300      0.00109900      0.36694300      0.10334400      0.85953700     -0.50056100     -0.86164000     -0.17397600     -0.47674000     -0.49699800      0.47950300      0.72325500     -0.01415300     -0.01170500      0.02486800      0.67355300     -0.10902000      0.57186200      0.26692800     -0.13849100      0.03773700      0.33008900      0.50573300      0.37499400      0.77692000     -0.71873800      0.68114800      0.13924000     -0.47759500     -0.62928700      0.61299500     -0.00012300      0.00109500      0.00083800      0.00000000      0.00000000      0.00000000      0.31536600      0.02161200      0.03732700     -0.01944400     -0.46930400     -0.36783500      0.80277600      0.72410200     -0.68062900      0.11144400      0.50540000      0.63359300      0.58577200     -0.00007400      0.00065300      0.00050100      0.00001100      0.00000500     -0.00000200      0.24530100      0.05639700      0.02541900     -0.06038900      0.07106900      0.89547500     -0.43940100     -0.86705700     -0.16231500     -0.47102600     -0.49311300      0.41446200      0.76489200     -0.00729300     -0.00626600      0.01207800      2.33321000     -0.52507800      1.17197600      0.16555800
     0.03642500      0.00083500      0.36748600      0.10690100      0.86083700     -0.49757300     -0.85917300     -0.17181500     -0.48194800     -0.50051000      0.47795100      0.72185900     -0.01439200     -0.01217800      0.02445500     -0.05536300      0.01962500      0.17781000      0.26337100     -0.13849400      0.03776500      0.33011100      0.50567900      0.37500600      0.77694900     -0.71876600      0.68112500      0.13920300     -0.47761000     -0.62930400      0.61296700     -0.00010500      0.00093400      0.00071500      0.00000000      0.00000000      0.00000000      0.31396800      0.02161100      0.03734100     -0.01943300     -0.46924900     -0.36784800      0.80280300      0.72412800     -0.68060700      0.11140500      0.50541300      0.63360900      0.58574300     -0.00006100      0.00054000      0.00041500     -0.00000100     -0.00002300      0.00002000      0.24366800      0.05621300      0.02528700     -0.06011800      0.07504000      0.89679500     -0.43603600     -0.86432300     -0.15957700     -0.47694800     -0.49730600      0.41266600      0.76314600     -0.01413000     -0.00441700      0.01312000     -0.07293800      0.11221500     -0.07737500      0.16359800
     0.03538400      0.00034900      0.36865000      0.11158000      0.86650100     -0.48659100     -0.85385900     -0.16684200     -0.49301200     -0.50852600      0.46941300      0.72185800     -0.02976700     -0.01908000      0.03539200     -0.07835700      0.31910200      0.01208900      0.27956300     -0.13851500      0.03778200      0.33013800      0.50569800      0.37501000      0.77693600     -0.71877100      0.68111500      0.13922800     -0.47758300     -0.62931300      0.61297900     -0.00000400      0.00004000      0.00003000      0.00000000      0.00000000      0.00000000      0.31204000      0.02160000      0.03735100     -0.01941800     -0.46926800     -0.36785100      0.80279000      0.72413400     -0.68059700      0.11143000      0.50538700      0.63361900      0.58575600      0.00000300     -0.00003000     -0.00002200      0.00000800     -0.00000300     -0.00000800      0.24089200      0.05569800      0.02504700     -0.05954000      0.08008100      0.90159600     -0.42510100     -0.85936700     -0.15363500     -0.48773300     -0.50504900      0.40437600      0.76249900     -0.01404600     -0.00420300      0.01330500     -0.04026000      0.25999000      0.22848000      0.17045600
     0.03416600     -0.00018300      0.36987000      0.11186600      0.87398400     -0.47295200     -0.85128800     -0.16117400     -0.49930300     -0.51275800      0.45738600      0.72657000     -0.02943600     -0.01828100      0.03608200     -0.07950100      0.30135800      0.03340600      0.26696600     -0.13855200      0.03776300      0.33012700      0.50557600      0.37504900      0.77699600     -0.71883800      0.68106300      0.13913800     -0.47761100     -0.62934600      0.61292300      0.00002900     -0.00025700     -0.00019700      0.00000000      0.00000000      0.00000000      0.31064200      0.02158200      0.03734000     -0.01942500     -0.46914400     -0.36789000      0.80284500      0.72419600     -0.68054700      0.11133700      0.50541400      0.63365000      0.58569900      0.00002000     -0.00017500     -0.00013400     -0.00001000     -0.00001700      0.00000400      0.23860600      0.05508700      0.02477700     -0.05893300      0.08040900      0.90829500     -0.41052700     -0.85706900     -0.14726800     -0.49370300     -0.50888600      0.39154800      0.76663100     -0.01420800     -0.00448200      0.01306200     -0.04714500      0.29876800      0.01747700      0.17715100
     0.03346000     -0.00044200      0.37056600      0.10917500      0.88002800     -0.46225200     -0.85123300     -0.15730200     -0.50062900     -0.51342500      0.44704600      0.73251100     -0.02917900     -0.01769700      0.03658600     -0.04087000      0.69922600      0.19724000      0.26322300     -0.13856900      0.03774000      0.33011200      0.50547800      0.37507800      0.77704600     -0.71889100      0.68102200      0.13906700     -0.47763600     -0.62937300      0.61287600      0.00013500     -0.00120100     -0.00092000      0.00000000      0.00000000      0.00000000      0.30794700      0.02157300      0.03733000     -0.01943100     -0.46904400     -0.36791900      0.80289000      0.72424500     -0.68050600      0.11126300      0.50543600      0.63367800      0.58565000      0.00008900     -0.00079300     -0.00060700     -0.00001300     -0.00001700      0.00001200      0.23664700      0.05472300      0.02464100     -0.05857200      0.07782000      0.91292700     -0.40063200     -0.85730900     -0.14383900     -0.49429700     -0.50888400      0.38193200      0.77146800     -0.01456700     -0.00876200      0.01838300     -0.03514900      0.81803100      0.27287600      0.16849700
     0.03203700     -0.00108500      0.37211900      0.10998600      0.88978000     -0.44299000     -0.85244100     -0.14468600     -0.50237700     -0.51124400      0.43177000      0.74312200     -0.02923000     -0.01766300      0.03660700     -0.05856600      0.50720700      0.13626500      0.26606200     -0.13859600      0.03772300      0.33010100      0.50537700      0.37511100      0.77709600     -0.71894600      0.68097900      0.13899300     -0.47766000     -0.62940100      0.61282900      0.00000400     -0.00003500     -0.00002700      0.00000000      0.00000000      0.00000000      0.30424800      0.02156000      0.03731900     -0.01943900     -0.46894100     -0.36795000      0.80293600      0.72429700     -0.68046300      0.11118600      0.50545800      0.63370500      0.58560200      0.00000000      0.00000300      0.00000400     -0.00000200     -0.00001200     -0.00000500      0.23174800      0.05402300      0.02432700     -0.05780800      0.07882900      0.92165400     -0.37992000     -0.85875500     -0.13076900     -0.49541600     -0.50628400      0.36531200      0.78116700     -0.01484900     -0.00924900      0.01796100     -0.04667300      0.53129400      0.34997700      0.16604800
     0.03090100     -0.00182400      0.37366800      0.11931500      0.89824600     -0.42304100     -0.85928400     -0.11996600     -0.49720400     -0.49751900      0.42171900      0.75806000     -0.02768900     -0.01449500      0.03935400     -0.26697900      0.56302400      0.26339200      0.25735500     -0.13859700      0.03773000      0.33010700      0.50539500      0.37510600      0.77708600     -0.71893600      0.68098600      0.13900600     -0.47765500     -0.62939500      0.61283900     -0.00001900      0.00016800      0.00012900      0.00000000      0.00000000      0.00000000      0.30299100      0.02155900      0.03732200     -0.01943600     -0.46895900     -0.36794600      0.80292700      0.72428800     -0.68047000      0.11120000      0.50545300      0.63369900      0.58561200     -0.00001300      0.00011300      0.00008800     -0.00000600      0.00000800      0.00000900      0.22897200      0.05345200      0.02395100     -0.05703900      0.08834000      0.92859400     -0.36042600     -0.86610300     -0.10711600     -0.48825300     -0.49199600      0.35529900      0.79479600     -0.01460200     -0.01228900      0.02437200     -0.89395800      1.04464000     -0.03377000      0.15674000
     0.03001900     -0.00261800      0.37537700      0.12875700      0.90390300     -0.40795400     -0.86252100     -0.10086300     -0.49583900     -0.48950700      0.41458700      0.76715600     -0.01375500     -0.01777400      0.03770400     -0.07357600      0.17197100      0.22435000      0.27694700     -0.13858700      0.03772900      0.33011700      0.50542200      0.37509900      0.77707200     -0.71893500      0.68098100      0.13904100     -0.47762900     -0.62940500      0.61284800     -0.00000100      0.00000500      0.00000400      0.00000000      0.00000000      0.00000000      0.30118000      0.02156400      0.03732300     -0.01943000     -0.46898600     -0.36794000      0.80291400      0.72428900     -0.68046400      0.11123500      0.50542700      0.63371000      0.58562300      0.00000100     -0.00000500     -0.00000400     -0.00000100     -0.00000200      0.00000900      0.22652300      0.05300700      0.02355800     -0.05618200      0.09774000      0.93396400     -0.34373900     -0.86973300     -0.08772600     -0.48566200     -0.48374600      0.34643000      0.80372500     -0.00761600     -0.01387400      0.02360100     -0.11163000      0.26244200      0.01564600      0.16768000
     0.02976200     -0.00305100      0.37620200      0.12936400      0.90780700     -0.39899600     -0.86248600     -0.09546200     -0.49696900     -0.48941000      0.40728900      0.77111700     -0.01491600     -0.02720500      0.04764200     -0.07948700      0.62102300      0.19260900      0.27533100     -0.13858700      0.03772900      0.33011700      0.50529300      0.37513000      0.77714100     -0.71900200      0.68092800      0.13895200     -0.47766300     -0.62944400      0.61278100     -0.00000000      0.00000000      0.00000000     -0.01468700      0.11236600     -0.16342700      0.30098500      0.02156400      0.03732300     -0.01943000     -0.46885500     -0.36797000      0.80297700      0.72435200     -0.68041200      0.11114300      0.50545800      0.63374800      0.58555400      0.00000000     -0.00000500     -0.00000400     -0.01467900      0.11235200     -0.16343100      0.22587000      0.05287400      0.02333500     -0.05575400      0.09860000      0.93663700     -0.33613700     -0.87001900     -0.08283000     -0.48600900     -0.48305700      0.34036700      0.80672500     -0.00745100     -0.01354100      0.02388400     -0.07053400      0.75396300      0.27360200      0.17502900
     0.02944800     -0.00395900      0.37788700      0.13957800      0.91280300     -0.38386500     -0.86401000     -0.07704800     -0.49751700     -0.48389300      0.39997100      0.77839400      0.00073600     -0.02002000      0.03695500     -0.26065900      0.09816500      0.50827100      0.27795500     -0.13859600      0.03772800      0.33011700      0.50540100      0.37510700      0.77708200     -0.71894600      0.68097200      0.13902500     -0.47763300     -0.62941100      0.61283900     -0.00000000      0.00000000      0.00000000      0.00000000      0.00000000      0.00000000      0.29933700      0.02155900      0.03732200     -0.01943000     -0.46896500     -0.36794700      0.80292300      0.72430000     -0.68045500      0.11121800      0.50543100      0.63371500      0.58561400     -0.00000100     -0.00000100     -0.00000200     -0.00000500     -0.00000200      0.00001000      0.22456300      0.05271700      0.02288800     -0.05492600      0.10851100      0.94124500     -0.31981400     -0.87182100     -0.06447500     -0.48556100     -0.47765300      0.33151000      0.81360100     -0.00029300     -0.01484300      0.02335900     -0.74123400     -0.50074700      1.64400100      0.17617100
     0.02945500     -0.00492000      0.37947200      0.14038500      0.91879600     -0.36898600     -0.86161500     -0.07016200     -0.50266200     -0.48791600      0.38734800      0.78225800     -0.00094900     -0.03049900      0.04601000     -0.11584900      0.24297300      0.04771800      0.28637000     -0.13859500      0.03772100      0.33011200      0.50525400      0.37514200      0.77716100     -0.71902300      0.68091100      0.13892300     -0.47767300     -0.62945500      0.61276300      0.00008100     -0.00072600     -0.00055600      0.00000000      0.00000000      0.00000000      0.29728900      0.02156000      0.03732000     -0.01943100     -0.46881400     -0.36798100      0.80299500      0.72437200     -0.68039600      0.11111200      0.50546700      0.63375900      0.58553500      0.00005300     -0.00048800     -0.00037400     -0.00000400     -0.00000500      0.00000600      0.22162400      0.05272200      0.02240300     -0.05411700      0.10986300      0.94637500     -0.30381400     -0.86969400     -0.05645600     -0.49035000     -0.48120800      0.31809700      0.81685500     -0.00050200     -0.01525800      0.02300100     -0.12490600      0.17228700      0.00243000      0.18972500
     0.02954400     -0.00538400      0.38023100      0.14631900      0.92136900     -0.36015900     -0.86054900     -0.06095000     -0.50568000     -0.48806000      0.38277900      0.78441300      0.00047800     -0.02052900      0.03651600     -0.07494000      0.29583200      0.09575700      0.26957300     -0.13858600      0.03772200      0.33011200      0.50540300      0.37510400      0.77708200     -0.71894400      0.68097300      0.13902800     -0.47763400     -0.62941100      0.61283900      0.00000100     -0.00000900     -0.00000700      0.00000000      0.00000000      0.00000000      0.29586100      0.02156500      0.03731900     -0.01943300     -0.46896800     -0.36794400      0.80292300      0.72429800     -0.68045700      0.11122100      0.50543200      0.63371500      0.58561300     -0.00000100     -0.00000000     -0.00000100      0.00000100     -0.00000300     -0.00000300      0.22048100      0.05276600      0.02218700     -0.05376400      0.11603000      0.94820900     -0.29569400     -0.86891500     -0.04731700     -0.49269200     -0.48116700      0.31410100      0.81842400      0.00699000     -0.01233500      0.01706200     -0.05892300      0.30218000      0.35349300      0.18662200
     0.02967800     -0.00602400      0.38156800      0.15593800      0.92444000     -0.34805200     -0.86152100     -0.04501200     -0.50569500     -0.48335300      0.37756200      0.78983800      0.00304800     -0.00828100      0.02893700     -0.05344300      0.13202900      0.07593500      0.26580600     -0.13859600      0.03772800      0.33011700      0.50540100      0.37510700      0.77708200     -0.71894600      0.68097200      0.13902500     -0.47763300     -0.62941100      0.61283900     -0.00000800      0.00007500      0.00005700      0.00000000      0.00000000      0.00000000      0.29338200      0.02155900      0.03732200     -0.01943000     -0.46896500     -0.36794700      0.80292300      0.72430000     -0.68045500      0.11121800      0.50543100      0.63371500      0.58561400     -0.00000500      0.00005200      0.00004000     -0.00000100     -0.00000200      0.00000400      0.21754200      0.05283000      0.02185100     -0.05308200      0.12567700      0.95080600     -0.28314500     -0.87030800     -0.03133200     -0.49150900     -0.47620100      0.30819500      0.82355700      0.00061200     -0.00948200      0.01892000     -0.08890000      0.13979800      0.01795400      0.16702700
     0.02985100     -0.00630200      0.38255100      0.15967600      0.92710200     -0.33916300     -0.86196000     -0.03646400     -0.50563600     -0.48135000      0.37193100      0.79372400      0.00376500      0.00031100      0.01822500     -0.02249300      0.27172000     -0.08722900      0.26092800     -0.13859600      0.03772800      0.33011700      0.50540100      0.37510700      0.77708200     -0.71894600      0.68097200      0.13902500     -0.47763300     -0.62941100      0.61283900     -0.00000000      0.00000000      0.00000000      0.00000000      0.00000000      0.00000000      0.29050200      0.02155900      0.03732200     -0.01943000     -0.46896500     -0.36794700      0.80292300      0.72430000     -0.68045500      0.11121800      0.50543100      0.63371500      0.58561400     -0.00000000     -0.00000300     -0.00000300      0.00000300      0.00000500     -0.00000200      0.21427600      0.05291800      0.02171300     -0.05258400      0.12972100      0.95275100     -0.27465700     -0.87099600     -0.02288400     -0.49075500     -0.47385300      0.30288700      0.82687400      0.00195500      0.00033300      0.00925900     -0.00980500      0.23218700      0.11441900      0.16506800
     0.02990800     -0.00614200      0.38332100      0.16393400      0.92866700     -0.33279000     -0.86964200     -0.02313600     -0.49311100     -0.46584800      0.36909200      0.80422900     -0.00856900      0.00682500      0.02257800     -2.62851700     -2.28245500      4.32265100      0.25297700     -0.13858700      0.03772900      0.33011700      0.50542200      0.37509900      0.77707200     -0.71893500      0.68098100      0.13904100     -0.47762900     -0.62940500      0.61284800     -0.00000000      0.00000000      0.00000000      0.00000000      0.00000000      0.00000000      0.28627000      0.02156400      0.03732300     -0.01943000     -0.46898600     -0.36794000      0.80291400      0.72428900     -0.68046400      0.11123400      0.50542700      0.63371000      0.58562300     -0.00000100     -0.00000200     -0.00000200     -0.00000700     -0.00000200      0.00001100      0.21019400      0.05295000      0.02178800     -0.05220200      0.12872900      0.95457700     -0.26871900     -0.87817200     -0.01615400     -0.47807200     -0.46069800      0.29752300      0.83620300      0.00324600      0.00647100      0.00544700     -2.55590400      0.92217700     -0.48480600      0.15347400
     0.02994000     -0.00593500      0.38359600      0.16249200      0.92906400     -0.33238900     -0.87247700     -0.02198500     -0.48813000     -0.46102200      0.36816400      0.80742800     -0.00728000      0.01651400      0.01280000     -0.23367000      0.05942000     -0.06581600      0.24914300     -0.13858700      0.03772900      0.33011700      0.50542200      0.37509900      0.77707200     -0.71893500      0.68098100      0.13904100     -0.47762900     -0.62940500      0.61284800     -0.00000000      0.00000000      0.00000000      0.00000000      0.00000000      0.00000000      0.28369300      0.02156400      0.03732300     -0.01943000     -0.46898600     -0.36794000      0.80291400      0.72428900     -0.68046400      0.11123500      0.50542700      0.63371000      0.58562300     -0.00000200     -0.00000100     -0.00000200     -0.00000500     -0.00001000      0.00001000      0.20676500      0.05296600      0.02188900     -0.05206000      0.13250900      0.95436300     -0.26763900     -0.88145300     -0.01002700     -0.47216400     -0.45330000      0.29847700      0.83989800      0.00319200      0.00635700      0.00534500     -0.85827900      0.15040100     -0.18895300      0.15037200
     0.02993600     -0.00534500      0.38403100      0.15863800      0.93100300     -0.32880600     -0.87890600     -0.01850800     -0.47660700     -0.45001400      0.36344000      0.81573700     -0.00702600      0.01697300      0.01313000     -0.23319400      0.06626200     -0.06195800      0.21673200     -0.13858600      0.03772200      0.33011200      0.50540300      0.37510400      0.77708200     -0.71894400      0.68097300      0.13902800     -0.47763400     -0.62941100      0.61283900      0.00000100     -0.00000600     -0.00000400      0.00000000      0.00000000      0.00000000      0.27882800      0.02156500      0.03731900     -0.01943300     -0.46896800     -0.36794400      0.80292300      0.72429800     -0.68045700      0.11122100      0.50543200      0.63371500      0.58561300     -0.00000100      0.00000300      0.00000200     -0.00000100     -0.00000700      0.00000100      0.20072300      0.05296400      0.02218400     -0.05184300      0.12869800      0.95595600     -0.26378800     -0.88773400     -0.00750100     -0.46029500     -0.44200000      0.29341300      0.84766900     -0.00332700      0.00887000      0.00688900     -0.85717600      0.16608400     -0.21485600      0.12261200
     0.02983700     -0.00466200      0.38451700      0.15939800      0.93106100     -0.32827400     -0.88455200     -0.01289300     -0.46623500     -0.43853200      0.36353400      0.82192500     -0.00622300      0.01850400      0.01434300     -0.00042500     -0.00880600      0.02230300      0.18989900     -0.13858600      0.03772200      0.33011200      0.50540300      0.37510400      0.77708200     -0.71894400      0.68097300      0.13902800     -0.47763400     -0.62941100      0.61283900      0.00000000     -0.00000000     -0.00000000      0.00000000      0.00000000      0.00000000      0.27440500      0.02156500      0.03731900     -0.01943300     -0.46896700     -0.36794400      0.80292300      0.72429800     -0.68045700      0.11122100      0.50543100      0.63371500      0.58561300      0.00000100      0.00000200      0.00000300      0.00000200     -0.00000500      0.00000300      0.19500800      0.05291300      0.02252300     -0.05160100      0.12938900      0.95593200     -0.26353600     -0.89342900     -0.00290700     -0.44919400     -0.43016600      0.29357200      0.85368100     -0.00320100      0.00908900      0.00703900     -0.00412500      0.08407600     -0.18408400      0.08652500
     0.02979800     -0.00432400      0.38478400      0.16240300      0.93056000     -0.32822000     -0.88621200     -0.00864600     -0.46316900     -0.43405500      0.36493500      0.82367900      0.00692400      0.01372800      0.01138700     -0.00010800     -0.01383800      0.02949900      0.17082900     -0.13858600      0.03772200      0.33011200      0.50540300      0.37510400      0.77708200     -0.71894400      0.68097300      0.13902800     -0.47763400     -0.62941100      0.61283900      0.00000000     -0.00000000     -0.00000000      0.00000000      0.00000000      0.00000000      0.27219800      0.02156500      0.03731900     -0.01943300     -0.46896800     -0.36794400      0.80292300      0.72429800     -0.68045700      0.11122100      0.50543100      0.63371500      0.58561300      0.00000100      0.00000200      0.00000300      0.00000400      0.00000200     -0.00000200      0.19206900      0.05289000      0.02269600     -0.05146500      0.13243000      0.95550300     -0.26358100     -0.89511700      0.00107600     -0.44582800     -0.42570700      0.29497700      0.85543000     -0.00293000      0.00961200      0.00745400     -0.00370100      0.06568500     -0.14541000      0.06513400
     0.02970100     -0.00365500      0.38529600      0.15620300      0.93154800     -0.32842600     -0.88839200     -0.01275800     -0.45887700     -0.43185900      0.36229100      0.82599700      0.00674200      0.01335800      0.01101700     -0.00726000      0.07067600     -0.15451900      0.12062000     -0.13859200      0.03769100      0.33010200      0.50531300      0.37513000      0.77712800     -0.71900500      0.68091800      0.13897900     -0.47763700     -0.62945400      0.61279100      0.00008700     -0.00077400     -0.00059300      0.00000000      0.00000000      0.00000000      0.26826500      0.02156100      0.03730500     -0.01943700     -0.46887500     -0.36797000      0.80296500      0.72435700     -0.68040300      0.11116900      0.50543300      0.63375800      0.58556500     -0.00633300     -0.00126400     -0.00033300     -0.00204400      0.01520800     -0.02924800      0.18668000      0.05284200      0.02303100     -0.05120900      0.12636700      0.95631900     -0.26359800     -0.89705700     -0.00326800     -0.44190000     -0.42345900      0.29230400      0.85746000     -0.00236400      0.01426300      0.00238500      0.02751500      0.05261400     -0.14332700      0.00830900
     0.02963500     -0.00304700      0.38577100      0.15475800      0.93171600     -0.32863600     -0.89074800     -0.01223300     -0.45430300     -0.42750200      0.36188000      0.82844000      0.00585500      0.01159300      0.00951000     -0.00603300      0.05870100     -0.12833400      0.07402100     -0.13858900      0.03766400      0.33008000      0.50523800      0.37514800      0.77716800     -0.71904500      0.68088800      0.13892800     -0.47765700     -0.62947700      0.61275200      0.00005800     -0.00052000     -0.00039800      0.00000000      0.00000000      0.00000000      0.26314600      0.02156300      0.03729000     -0.01944800     -0.46879900     -0.36798700      0.80300200      0.72439300     -0.68037200      0.11111600      0.50545100      0.63378100      0.58552500      0.00004200     -0.00037400     -0.00028600     -0.00000700     -0.00000200      0.00001700      0.18080100      0.05280800      0.02333400     -0.05097200      0.12488600      0.95646600     -0.26376900     -0.89933700     -0.00315300     -0.43724200     -0.41904000      0.29182300      0.85979200     -0.00388300      0.00766400      0.00578900     -0.00709200      0.08534000     -0.18413000     -0.06060000
