     0.15170700     -0.05207000      0.32398600     -0.16218300      0.31369700     -0.93559400     -0.82846100     -0.55831700     -0.04364400     -0.53585500      0.76763400      0.35160100     -0.00008600     -0.00070000     -0.00081800      0.00000000      0.00000000      0.00000000     -0.30011600     -0.16812400     -0.04502100      0.31542200     -0.37422500     -0.35088000      0.85838800      0.84324300     -0.51380600      0.15773000      0.38614600      0.78328500      0.48705100     -0.00000900     -0.00073700     -0.00086600      0.00000000      0.00000000      0.00000000     -0.33209800      0.04361600      0.02244200     -0.02248300      0.34122900      0.35232400      0.87145200     -0.83505700      0.53926600      0.10895600     -0.43155700     -0.76489200      0.47822400     -0.00000500     -0.00058100     -0.00068100      0.00000700      0.00000700      0.00000800     -0.52836900      0.07581800      0.01290800     -0.06310000      0.25686500     -0.26530800     -0.92931700      0.75945600      0.65010300      0.02431900      0.59770000     -0.71202300      0.36847800     -0.00006900     -0.00056200     -0.00065600      0.00001700     -0.00000300      0.00001600     -0.47094900
     0.15169500     -0.05207000      0.32398700     -0.16220800      0.31369300     -0.93559100     -0.82845800     -0.55832400     -0.04362300     -0.53585300      0.76763100      0.35161200     -0.00000000     -0.00000000     -0.00000000      0.00000000      0.00000000      0.00000000     -0.29868500     -0.16813600     -0.04503100      0.31539600     -0.37415700     -0.35088600      0.85841500      0.84325900     -0.51380000      0.15766400      0.38617800      0.78328600      0.48702400     -0.00000200     -0.00013300     -0.00015700      0.00000000      0.00000000      0.00000000     -0.33253300      0.04361000      0.02243500     -0.02249900      0.34116000      0.35233200      0.87147600     -0.83506900      0.53926000      0.10888900     -0.43158700     -0.76489200      0.47819600     -0.00000100     -0.00006400     -0.00007600      0.00000600     -0.00000500      0.00001100     -0.52836900      0.07581200      0.01290600     -0.06310200      0.25688800     -0.26530100     -0.92931300      0.75945100      0.65010800      0.02434000      0.59769700     -0.71202100      0.36848800      0.00000100      0.00000300      0.00000300      0.00000300      0.00000900     -0.00001300     -0.47062200
     0.15167300     -0.05204100      0.32398800     -0.16218100      0.31369400     -0.93559600     -0.82843300     -0.55835700     -0.04366200     -0.53590000      0.76760600      0.35159500     -0.01558600      0.00083300      0.00094700     -0.00098400      0.01471500     -0.02955300     -0.28394000     -0.16816000     -0.04503500      0.31537700     -0.37408600     -0.35089200      0.85844400      0.84327600     -0.51379300      0.15759500      0.38620900      0.78328800      0.48699700     -0.00001100     -0.00097100     -0.00114100      0.00000000      0.00000000      0.00000000     -0.33217800      0.04359800      0.02243500     -0.02250600      0.34108800      0.35234100      0.87150000     -0.83508300      0.53925200      0.10882000     -0.43161700     -0.76489300      0.47816700     -0.00000700     -0.00055800     -0.00065500     -0.00179000      0.01353600     -0.02536100     -0.52820600      0.07580700      0.01292000     -0.06310200      0.25683800     -0.26531100     -0.92932400      0.75943000      0.65013500      0.02427900      0.59774500     -0.71199200      0.36846500     -0.00000100      0.00000300      0.00000300      0.00000200     -0.00000200     -0.00001000     -0.46490700
     0.15167300     -0.05203400      0.32398100     -0.16216400      0.31369400     -0.93559800     -0.82842100     -0.55837400     -0.04368500     -0.53592300      0.76759400      0.35158500      0.00000000      0.00000000      0.00000000      0.00000000      0.00000000      0.00000000     -0.27794200     -0.16817400     -0.04502900      0.31533700     -0.37404700     -0.35089500      0.85846000      0.84326000     -0.51384000      0.15752700      0.38628200      0.78325600      0.48699100     -0.00091600      0.00903800     -0.01067000      0.03465200      0.00414900     -0.00653200     -0.33213900      0.04359100      0.02243600     -0.02252100      0.34105400      0.35234400      0.87151200     -0.83507200      0.53928000      0.10876800     -0.43166500     -0.76487200      0.47815700     -0.00000300     -0.00029500     -0.00034900      0.00000500      0.00000300      0.00000200     -0.52836900      0.07580100      0.01292400     -0.06310500      0.25684600     -0.26530700     -0.92932300      0.75941200      0.65015600      0.02427700      0.59776400     -0.71197500      0.36846700      0.00000100     -0.00000700     -0.00000900      0.00000900     -0.00000400      0.00001900     -0.45935500
     0.15166200     -0.05202700      0.32398800     -0.16216700      0.31369400     -0.93559800     -0.82842100     -0.55837400     -0.04368200     -0.53592300      0.76759400      0.35158600      0.00000200      0.00001400      0.00001700      0.00000000      0.00000000      0.00000000     -0.27567400     -0.16821300     -0.04503600      0.31525300     -0.37389200     -0.35090800      0.85852200      0.84326900     -0.51388300      0.15734100      0.38641400      0.78322200      0.48694100     -0.00001300     -0.00111600     -0.00131300      0.00000000      0.00000000      0.00000000     -0.33059200      0.04357100      0.02243400     -0.02256900      0.34089100      0.35236300      0.87156900     -0.83506100      0.53933900      0.10856500     -0.43181700     -0.76482200      0.47810000     -0.00000600     -0.00069300     -0.00081500      0.00000700     -0.00000100     -0.00000300     -0.52804300      0.07579500      0.01292700     -0.06310100      0.25684900     -0.26530600     -0.92932200      0.75941100      0.65015700      0.02427900      0.59776400     -0.71197400      0.36846800      0.00000100      0.00000100     -0.00000100     -0.00000600     -0.00000400     -0.00000900     -0.45364000
     0.15166500     -0.05198900      0.32400100     -0.16219500      0.31368600     -0.93559600     -0.82838900     -0.55842300     -0.04367400     -0.53596400      0.76756200      0.35159300      0.00012900      0.00105000      0.00122800      0.00000000      0.00000000      0.00000000     -0.27618900     -0.16822600     -0.04504400      0.31521300     -0.37381800     -0.35091400      0.85855200      0.84327600     -0.51389600      0.15725800      0.38646800      0.78321100      0.48691600     -0.00000200     -0.00017500     -0.00020600      0.00000000      0.00000000      0.00000000     -0.32950200      0.04356500      0.02242800     -0.02259100      0.34081600      0.35237100      0.87159500     -0.83506400      0.53935100      0.10848100     -0.43187000     -0.76481000      0.47807200      0.00000000     -0.00007000     -0.00008300      0.00000700      0.00000500     -0.00000400     -0.52657300      0.07579600      0.01294500     -0.06309600      0.25687600     -0.26529500     -0.92931800      0.75937300      0.65020100      0.02428600      0.59780100     -0.71193800      0.36847900      0.00007300      0.00058100      0.00068000      0.00000500     -0.00000000      0.00002100     -0.45266100
     0.15166500     -0.05197300      0.32398800     -0.16216200      0.31368700     -0.93560100     -0.82836500     -0.55845500     -0.04371900     -0.53601200      0.76753800      0.35157300      0.00000000      0.00000000      0.00000000      0.00000000      0.00000000      0.00000000     -0.27515300     -0.16822600     -0.04503600      0.31520700     -0.37369600     -0.35092500      0.85860100      0.84331300     -0.51386900      0.15714800      0.38650700      0.78322400      0.48686500     -0.00000000     -0.00000000     -0.00000000      0.00000000      0.00000000      0.00000000     -0.32996400      0.04356500      0.02243300     -0.02259400      0.34069100      0.35238700      0.87163700     -0.83509700      0.53932200      0.10837000     -0.43190500     -0.76482300      0.47801900      0.00000100      0.00001600      0.00001800      0.00001200      0.00001200      0.00001500     -0.52624700      0.07579700      0.01295400     -0.06310100      0.25684400     -0.26529900     -0.92932600      0.75934800      0.65023200      0.02424100      0.59784700     -0.71190800      0.36846300     -0.00000100     -0.00001100     -0.00001300     -0.00000200     -0.00000600      0.00002300     -0.45249700
     0.15166500     -0.05197300      0.32398800     -0.16216200      0.31368700     -0.93560100     -0.82836500     -0.55845500     -0.04371900     -0.53601200      0.76753800      0.35157300      0.00000000      0.00000000      0.00000000      0.00000000      0.00000000      0.00000000     -0.27457600     -0.16822600     -0.04503600      0.31520700     -0.37369600     -0.35092500      0.85860100      0.84331300     -0.51386900      0.15714800      0.38650700      0.78322400      0.48686500     -0.00000000     -0.00000000     -0.00000000      0.00000000      0.00000000      0.00000000     -0.32948600      0.04356500      0.02243300     -0.02259400      0.34069000      0.35238700      0.87163700     -0.83509700      0.53932200      0.10837000     -0.43190500     -0.76482300      0.47801900      0.00000100      0.00000900      0.00001200      0.00001300     -0.00000100      0.00002900     -0.52624700      0.07579700      0.01295400     -0.06310100      0.25684400     -0.26529900     -0.92932500      0.75934700      0.65023300      0.02424100      0.59784700     -0.71190700      0.36846300      0.00000200     -0.00000700     -0.00001000     -0.00000100     -0.00000000      0.00004500     -0.45168100
     0.15161900     -0.05190300      0.32394300     -0.16499900      0.31330900     -0.93523200     -0.82836400     -0.55865800     -0.04106600     -0.53514400      0.76754500      0.35287700      0.00000000      0.00000200      0.00000300     -0.00020000      0.00027200     -0.00050100     -0.27416200     -0.16822600     -0.04504400      0.31521300     -0.37368100     -0.35092700      0.85860600      0.84332900     -0.51384300      0.15715000      0.38648700      0.78324000      0.48685400     -0.00000000     -0.00000000     -0.00000000      0.00000000      0.00000000      0.00000000     -0.32933200      0.04356500      0.02242900     -0.02259000      0.34067600      0.35238900      0.87164200     -0.83511400      0.53929500      0.10837100     -0.43188400     -0.76484000      0.47801000      0.00000300      0.00000200      0.00000900      0.00002300      0.00000500      0.00001900     -0.52592000      0.07577400      0.01299000     -0.06312400      0.25964700     -0.26459700     -0.92874600      0.75915100      0.65035500      0.02695000      0.59688400     -0.71205700      0.36973200      0.00000100     -0.00000700     -0.00000900      0.00150800     -0.00223200      0.00410300     -0.45119100
     0.15155900     -0.05180900      0.32384500     -0.16494700      0.31329300     -0.93524600     -0.82818500     -0.55891100     -0.04121800     -0.53543500      0.76736800      0.35282100     -0.00001700     -0.00013900     -0.00016300     -0.00000000      0.00000000     -0.00000000     -0.27578000     -0.16821600     -0.04503900      0.31518600     -0.37369400     -0.35092400      0.85860200      0.84330400     -0.51388900      0.15713400      0.38653000      0.78321100      0.48686700     -0.00000200     -0.00019300     -0.00022700      0.00000000      0.00000000      0.00000000     -0.32805700      0.04357000      0.02243200     -0.02260400      0.34068800      0.35238700      0.87163900     -0.83508600      0.53934100      0.10835600     -0.43192700     -0.76481000      0.47802100      0.00000000     -0.00011600     -0.00013400      0.00000600     -0.00001400      0.00003900     -0.52526700      0.07574400      0.01303600     -0.06317300      0.25953700     -0.26460100     -0.92877600      0.75895800      0.65059000      0.02673500      0.59717900     -0.71184100      0.36967300     -0.00001000      0.00514000     -0.00462700      0.03567900     -0.01235300      0.01882900     -0.45119100
     0.15153700     -0.05173900      0.32379800     -0.16484200      0.31329400     -0.93526400     -0.82808500     -0.55904700     -0.04137500     -0.53562200      0.76726800      0.35275400      0.00003000      0.01071200     -0.00875200      0.03564700     -0.01229700      0.01869700     -0.27541000     -0.16821600     -0.04505000      0.31517300     -0.37365300     -0.35092800      0.85861800      0.84331900     -0.51387400      0.15710300      0.38653500      0.78321900      0.48684900     -0.00000900     -0.00074700     -0.00087900      0.00000000      0.00000000      0.00000000     -0.32816200      0.04357000      0.02242700     -0.02260900      0.34064800      0.35239100      0.87165200     -0.83510000      0.53932600      0.10832500     -0.43193200     -0.76481800      0.47800300     -0.00000400     -0.00040900     -0.00047900      0.00001500     -0.00000400      0.00001700     -0.52494000      0.07573200      0.01306700     -0.06319400      0.25944900     -0.26461200     -0.92879800      0.75886600      0.65070300      0.02659700      0.59733400     -0.71173400      0.36962900      0.00002500      0.00017700      0.00020900     -0.00001000     -0.00000400      0.00002400     -0.45135400
     0.15150200     -0.05164300      0.32371900     -0.16486200      0.31326900     -0.93526900     -0.82791200     -0.55929800     -0.04145600     -0.53588400      0.76709600      0.35273100      0.00000000      0.00000000      0.00000000      0.00000000      0.00000000      0.00000000     -0.27498100     -0.16821500     -0.04506900      0.31516600     -0.37359800     -0.35093300      0.85863900      0.84335000     -0.51383200      0.15707200      0.38652000      0.78324400      0.48682100     -0.00000100     -0.00008800     -0.00010300      0.00000000      0.00000000      0.00000000     -0.32886200      0.04357000      0.02241600     -0.02261400      0.34059300      0.35239800      0.87167100     -0.83513000      0.53928600      0.10829300     -0.43191800     -0.76484300      0.47797600     -0.00000100     -0.00002700     -0.00003300      0.00000700      0.00001200     -0.00000700     -0.52494000      0.07571500      0.01311900     -0.06323600      0.25945000     -0.26458600     -0.92880400      0.75865800      0.65095000      0.02648700      0.59759700     -0.71151700      0.36962000      0.00000200     -0.00000200     -0.00000000     -0.00000400     -0.00000600      0.00002200     -0.45086400
     0.15152300     -0.05164600      0.32368400     -0.16484400      0.31326800     -0.93527200     -0.82788600     -0.55933400     -0.04148800     -0.53593000      0.76707000      0.35271900     -0.00002800     -0.00022700     -0.00026500      0.00000000      0.00000000      0.00000000     -0.28207600     -0.16820400     -0.04506100      0.31515900     -0.37363600     -0.35092900      0.85862500      0.84332500     -0.51386700      0.15708900      0.38653700      0.78322300      0.48684100     -0.00000000     -0.00000000     -0.00000000      0.00000000      0.00000000      0.00000000     -0.32851100      0.04357600      0.02242000     -0.02261800      0.34063100      0.35239300      0.87165900     -0.83510600      0.53932000      0.10831100     -0.43193500     -0.76482200      0.47799500      0.00000200      0.00000700      0.00001000      0.00000800      0.00000500      0.00001700     -0.52494000      0.07572600      0.01311800     -0.06325400      0.25943200     -0.26458800     -0.92880900      0.75863000      0.65098300      0.02645400      0.59764000     -0.71148600      0.36961000     -0.00001400     -0.00013200     -0.00015700     -0.00000400      0.00001900      0.00000800     -0.45233400
     0.15156800     -0.05160300      0.32360700     -0.16497000      0.31323400     -0.93526200     -0.82775500     -0.55953100     -0.04144500     -0.53609300      0.76694000      0.35275200     -0.00001100     -0.00008700     -0.00010200      0.00000000      0.00000000      0.00000000     -0.29133800     -0.16820400     -0.04507200      0.31514500     -0.37359700     -0.35093300      0.85864000      0.84334000     -0.51385200      0.15705800      0.38654200      0.78323100      0.48682400     -0.00001000     -0.00082400     -0.00097000      0.00000000      0.00000000      0.00000000     -0.32861700      0.04357600      0.02241700     -0.02262100      0.34059000      0.35239800      0.87167200     -0.83512000      0.53930400      0.10827900     -0.43193900     -0.76483000      0.47797700     -0.00000500     -0.00056300     -0.00066100     -0.00177800      0.01353600     -0.02535800     -0.52477700      0.07574800      0.01313900     -0.06329300      0.25955300     -0.26454000     -0.92878900      0.75847500      0.65116200      0.02649200      0.59778500     -0.71134000      0.36965800     -0.00000200     -0.00003400     -0.00004100      0.00000100      0.00001500      0.00002100     -0.45788600
     0.15158000     -0.05155100      0.32357200     -0.16497100      0.31322300     -0.93526500     -0.82767000     -0.55965400     -0.04149400     -0.53622400      0.76685500      0.35273700      0.00001400      0.00011600      0.00013600      0.00000000      0.00000000      0.00000000     -0.29423600     -0.16820400     -0.04507200      0.31514500     -0.37359700     -0.35093300      0.85864000      0.84334000     -0.51385200      0.15705800      0.38654200      0.78323100      0.48682400     -0.00000000     -0.00001400     -0.00001700      0.00000000      0.00000000      0.00000000     -0.32829000      0.04357600      0.02241500     -0.02262400      0.34059100      0.35239800      0.87167200     -0.83512000      0.53930500      0.10827900     -0.43194000     -0.76483000      0.47797700      0.00000100      0.00000100      0.00000300      0.00001300     -0.00000100      0.00000200     -0.52477700      0.07575400      0.01316500     -0.06331000      0.25955300     -0.26452900     -0.92879200      0.75837900      0.65127600      0.02644100      0.59790600     -0.71124000      0.36965400      0.00001200      0.00008400      0.00009900     -0.00000100     -0.00001600      0.00001600     -0.46000900
     0.15157000     -0.05150700      0.32355900     -0.16488700      0.31322900     -0.93527800     -0.82762400     -0.55971400     -0.04159900     -0.53632100      0.76680900      0.35269000      0.00001300      0.00010200      0.00011900      0.00000000      0.00000000      0.00000000     -0.29568100     -0.16820400     -0.04508000      0.31515200     -0.37358200     -0.35093500      0.85864600      0.84335600     -0.51382500      0.15705900      0.38652200      0.78324800      0.48681300     -0.00000000     -0.00000000     -0.00000000      0.00000000      0.00000000      0.00000000     -0.32858900      0.04357600      0.02241100     -0.02262100      0.34057500      0.35240100      0.87167700     -0.83513700      0.53927800      0.10828000     -0.43191900     -0.76484800      0.47796800      0.00000400      0.00000300      0.00000800      0.00001500     -0.00000300      0.00001000     -0.52477700      0.07574900      0.01318700     -0.06331600      0.25947100     -0.26454400     -0.92881100      0.75833400      0.65133300      0.02633400      0.59800000     -0.71118200      0.36961400      0.00000600      0.00004700      0.00005300     -0.00000300     -0.00000100      0.00000200     -0.46262100
     0.15151400     -0.05148900      0.32359600     -0.16768600      0.31287300     -0.93490000     -0.82774900     -0.55972200     -0.03890500     -0.53525600      0.76694900      0.35400300      0.00006500      0.00052600      0.00061500     -0.00000000      0.00000000     -0.00000000     -0.29362300     -0.16820400     -0.04508000      0.31515200     -0.37358200     -0.35093500      0.85864600      0.84335600     -0.51382500      0.15705900      0.38652200      0.78324800      0.48681300     -0.00000000     -0.00000000     -0.00000000      0.00000000      0.00000000      0.00000000     -0.32848500      0.04357600      0.02241100     -0.02262100      0.34057500      0.35240100      0.87167700     -0.83513700      0.53927800      0.10828000     -0.43191900     -0.76484800      0.47796800      0.00000400      0.00000200      0.00000800      0.00001200     -0.00001300      0.00001900     -0.52461400      0.07572100      0.01319600     -0.06329800      0.26218700     -0.26388100     -0.92823700      0.75828500      0.65127600      0.02903700      0.59687600     -0.71148100      0.37085300      0.00004000      0.00032600      0.00038100      0.00026500     -0.00038700      0.00073200     -0.46294800
     0.15145700     -0.05147500      0.32361300     -0.16776500      0.31286000     -0.93489000     -0.82773800     -0.55974300     -0.03883700     -0.53524800      0.76693900      0.35403600     -0.01553300      0.00118200      0.00135200     -0.00098400      0.01471500     -0.02955300     -0.29130700     -0.16820400     -0.04508600      0.31514500     -0.37356100     -0.35093700      0.85865400      0.84336400     -0.51381700      0.15704300      0.38652500      0.78325200      0.48680400     -0.00000300     -0.00022400     -0.00026400      0.00000000      0.00000000      0.00000000     -0.32847600      0.04357600      0.02240800     -0.02262400      0.34055500      0.35240300      0.87168400     -0.83514400      0.53927100      0.10826400     -0.43192100     -0.76485200      0.47795900      0.00000200     -0.00014200     -0.00016200      0.00001900      0.00000200     -0.00000300     -0.52461400      0.07569900      0.01320300     -0.06328900      0.26223400     -0.26386700     -0.92822700      0.75827300      0.65128800      0.02907800      0.59687100     -0.71147500      0.37087300      0.00002600      0.00021000      0.00024800      0.00003400     -0.00005200      0.00012900     -0.46229500
     0.15135200     -0.05147700      0.32362600     -0.16800000      0.31282300     -0.93486000     -0.82772100     -0.55978400     -0.03862500     -0.53520200      0.76692400      0.35413900     -0.00001000     -0.00008400     -0.00009800      0.00000000      0.00000000      0.00000000     -0.29074300     -0.16820400     -0.04509700      0.31513200     -0.37352200     -0.35094000      0.85867000      0.84337900     -0.51380200      0.15701200      0.38653000      0.78326100      0.48678600     -0.00000100     -0.00006300     -0.00007400      0.00000000      0.00000000      0.00000000     -0.32614500      0.04357600      0.02240200     -0.02263100      0.34051500      0.35240800      0.87169800     -0.83515700      0.53925600      0.10823200     -0.43192700     -0.76486000      0.47794100      0.00000000     -0.00003300     -0.00003700      0.00000700     -0.00000500      0.00000500     -0.52412400      0.07564000      0.01320300     -0.06328200      0.26248300     -0.26379900     -0.92817600      0.75823200      0.65132500      0.02930900      0.59681300     -0.71146600      0.37098200     -0.00000900     -0.00007700     -0.00009000     -0.00000900      0.00000000      0.00000900     -0.46098800
     0.15129300     -0.05144900      0.32359600     -0.16807600      0.31280300     -0.93485300     -0.82765300     -0.55988600     -0.03859200     -0.53528200      0.76685700      0.35416100     -0.00000000     -0.00000100     -0.00000100      0.00000000      0.00000000      0.00000000     -0.28939300     -0.16820400     -0.04509700      0.31513200     -0.37352200     -0.35094000      0.85867000      0.84337900     -0.51380200      0.15701200      0.38653000      0.78326100      0.48678600     -0.00000000     -0.00000000     -0.00000000      0.00000000      0.00000000      0.00000000     -0.32524200      0.04357600      0.02240200     -0.02263100      0.34051500      0.35240800      0.87169800     -0.83515800      0.53925600      0.10823200     -0.43192600     -0.76486000      0.47794100      0.00000300      0.00000600      0.00001000      0.00000700      0.00000600      0.00000800     -0.52249100      0.07561100      0.01321600     -0.06329800      0.26255600     -0.26377100     -0.92816400      0.75815100      0.65141700      0.02933900      0.59688400     -0.71139200      0.37101100      0.00000000      0.00000000      0.00000200     -0.00000800     -0.00000600      0.00000200     -0.46082500
     0.15125800     -0.05145500      0.32360500     -0.16816600      0.31279100     -0.93484100     -0.82765500     -0.55988900     -0.03850700     -0.53525100      0.76686000      0.35420200     -0.00000000     -0.00000000     -0.00000000      0.00000000      0.00000000      0.00000000     -0.28890700     -0.16818100     -0.04508200      0.31513100     -0.37360200     -0.35093200      0.85863800      0.84333800     -0.51385400      0.15706300      0.38654200      0.78323000      0.48682600     -0.00089500      0.01075900     -0.00864700      0.03644200     -0.00939100      0.01884300     -0.32441700      0.04358700      0.02241000     -0.02263100      0.34059600      0.35239700      0.87167000     -0.83511800      0.53930700      0.10828400     -0.43193900     -0.76482900      0.47797900     -0.00044500      0.00538100     -0.00431900      0.03646000     -0.00937800      0.01884000     -0.52167500      0.07559300      0.01321300     -0.06329300      0.26264200     -0.26374800     -0.92814500      0.75814700      0.65141800      0.02942500      0.59685000     -0.71140000      0.37105000     -0.00000200      0.00000000      0.00000400     -0.00000600     -0.00001300      0.00000200     -0.46017200
     0.15127000     -0.05147100      0.32361800     -0.16817500      0.31279300     -0.93483900     -0.82768200     -0.55985000     -0.03848300     -0.53520600      0.76688800      0.35421100     -0.00000000     -0.00000000     -0.00000000      0.00000000      0.00000000      0.00000000     -0.28908900     -0.16818200     -0.04508800      0.31512400     -0.37358200     -0.35093400      0.85864600      0.84334600     -0.51384600      0.15704700      0.38654400      0.78323400      0.48681700     -0.00000500     -0.00042800     -0.00050400      0.00000000      0.00000000      0.00000000     -0.32422000      0.04358700      0.02240800     -0.02263400      0.34057600      0.35239900      0.87167700     -0.83512500      0.53929900      0.10826800     -0.43194100     -0.76483300      0.47797000     -0.00000100     -0.00024500     -0.00028700      0.00001000     -0.00000700      0.00000800     -0.52118500      0.07559900      0.01320500     -0.06328700      0.26265100     -0.26375000     -0.92814200      0.75817700      0.65138200      0.02945000      0.59680800     -0.71143200      0.37105500     -0.00000000     -0.00000100      0.00000300      0.00000200      0.00000300      0.00002200     -0.46017200
     0.15129400     -0.05144500      0.32361600     -0.16819700      0.31278600     -0.93483700     -0.82765100     -0.55989700     -0.03848000     -0.53524700      0.76685600      0.35421500      0.00000500      0.00003900      0.00004500      0.00000000      0.00000000      0.00000000     -0.27901900     -0.16818200     -0.04508800      0.31512400     -0.37358200     -0.35093400      0.85864600      0.84334600     -0.51384600      0.15704700      0.38654400      0.78323400      0.48681700     -0.00000000     -0.00000000     -0.00000000      0.00000000      0.00000000      0.00000000     -0.30814500      0.04358700      0.02240700     -0.02263500      0.34057600      0.35239900      0.87167700     -0.83512500      0.53929900      0.10826800     -0.43194100     -0.76483300      0.47797000      0.00000200      0.00000300      0.00000400      0.00000700     -0.00000900      0.00001300     -0.51481600      0.07561100      0.01321900     -0.06328700      0.26267200     -0.26374000     -0.92813900      0.75814100      0.65142500      0.02945100      0.59684600     -0.71139700      0.37106300      0.00000200      0.00000900      0.00001200     -0.00000700      0.00001100     -0.00000400     -0.45837600
     0.15127000     -0.05139500      0.32356300     -0.16815100      0.31278000     -0.93484700     -0.82755800     -0.56002800     -0.03857800     -0.53540600      0.76676300      0.35417800     -0.00000600     -0.00005200     -0.00006100      0.00000000      0.00000000      0.00000000     -0.24990600     -0.16817000     -0.04506300      0.31513700     -0.37368000     -0.35092400      0.85860800      0.84329800     -0.51390500      0.15711100      0.38655400      0.78320100      0.48686400      0.00000800      0.00063300      0.00074600      0.00000000      0.00000000      0.00000000     -0.25125400      0.04359300      0.02241900     -0.02262900      0.34067500      0.35238700      0.87164400     -0.83507900      0.53935700      0.10833300     -0.43195200     -0.76479800      0.47801600      0.00000600      0.00041300      0.00048800      0.00000800     -0.00000800      0.00000700     -0.48232200      0.07559900      0.01324300     -0.06331400      0.26262600     -0.26374000     -0.92815300      0.75803900      0.65154700      0.02935100      0.59699500     -0.71128500      0.37103800     -0.00000200      0.00519800     -0.00456100      0.03564200     -0.01233600      0.01868900     -0.44270000
     0.15127000     -0.05137900      0.32354900     -0.16811700      0.31278200     -0.93485300     -0.82753400     -0.56006000     -0.03862300     -0.53545400      0.76673900      0.35415800     -0.00000000     -0.00000100     -0.00000100      0.00000000      0.00000000      0.00000000     -0.24729600     -0.16823100     -0.04502800      0.31512000     -0.38171200     -0.34199600      0.85867700      0.83091700     -0.53374800      0.15692300      0.40510500      0.77380700      0.48680200     -0.01542900     -0.00056100      0.00086900      0.02750400      0.11633800     -0.18059300     -0.17437800      0.04356800      0.02243800     -0.02263600      0.34853800      0.34324500      0.87218300     -0.82215000      0.55881000      0.10862600     -0.45009900     -0.75492600      0.47696600      0.00000100      0.00008000      0.00009200      0.46982000      0.08553800      0.26700800     -0.43823300      0.07559900      0.01325100     -0.06332100      0.26259400     -0.26374500     -0.92816000      0.75801500      0.65157800      0.02930500      0.59704000     -0.71125500      0.37102300      0.00000000      0.00000200      0.00000400     -0.00000300     -0.00000800      0.00001100     -0.43584200
     0.15131700     -0.05127100      0.32345200     -0.17082600      0.31241300     -0.93448500     -0.82744900     -0.56035100     -0.03613200     -0.53472300      0.76667700      0.35539300     -0.00000000     -0.00000000     -0.00000000     -0.00741900      0.01010500     -0.01853300     -0.23536000     -0.16938700     -0.04480700      0.31496500     -0.44039800     -0.25033000      0.86219300      0.71403700     -0.67972600      0.16750300      0.54465200      0.68971300      0.47698400     -0.06258700      0.00806200     -0.00579500      6.27653100      1.71892200      3.66702300     -0.08901900      0.04298400      0.02254700     -0.02271400      0.40364100      0.25110700      0.87978300     -0.70328100      0.70022500      0.12280500     -0.58520900     -0.66830400      0.45923800     -0.03130000      0.00390800     -0.00288300      6.26581500      1.78350800      3.70739500     -0.32425600      0.07562300      0.01330500     -0.06337000      0.26526300     -0.26306800     -0.92759300      0.75773600      0.65178300      0.03184200      0.59621300     -0.71131800      0.37223100      0.00000300      0.00523300     -0.00452000      0.01090100      0.02126700     -0.04304900     -0.42849400
     0.15141300     -0.05084100      0.32309300     -0.18052000      0.31112100     -0.93309300     -0.82723900     -0.56116900     -0.02712600     -0.53184600      0.76660600      0.35983600      0.00000600      0.01050800     -0.00899100      0.02822300     -0.00224100      0.00013900     -0.19167800     -0.17274900     -0.04416000      0.31465700     -0.47739200     -0.13836300      0.86772400      0.59479700     -0.77768500      0.20336300      0.64725100      0.61337200      0.45244100     -0.10950800      0.01994100     -0.00907300      4.95723500      2.38995400      3.39659500     -0.08590900      0.04134400      0.02286100     -0.02286800      0.43753200      0.14206400      0.88790900     -0.58672400      0.79338000      0.16217900     -0.68141000     -0.59191600      0.43048200     -0.05516600      0.01565200     -0.00847700      1.33649300      1.10771100      1.24192000     -0.28212700      0.07567000      0.01351700     -0.06354500      0.27470400     -0.26070600     -0.92551000      0.75686700      0.65228700      0.04090600      0.59303400     -0.71172500      0.37650600      0.00000700      0.00524800     -0.00450300      0.01295900      0.01834000     -0.03753800     -0.40351000
     0.15162100     -0.05020600      0.32247900     -0.19632500      0.30624600     -0.93151200     -0.82680700     -0.56235800     -0.01068100     -0.52687900      0.76770200      0.36477200     -0.00007300      0.02036400     -0.01874500     -0.01341900      0.05980500     -0.18295300     -0.16853700     -0.17776700     -0.04310500      0.31384100     -0.50477600     -0.02320600      0.86293300      0.49962300     -0.82296500      0.27025800      0.70450000      0.56758700      0.42589600     -0.14109900      0.02346200     -0.02421800      1.02835100      1.40741100      2.60401400     -0.08874500      0.03884700      0.02340000     -0.02325700      0.46214400      0.02482300      0.88645700     -0.49052800      0.83991600      0.23221100     -0.73878500     -0.54214700      0.40033900     -0.07102900      0.01688600     -0.01645200      4.32497500      1.14579800      6.05506300     -0.27853500      0.07577400      0.01383000     -0.06384800      0.28947600     -0.25384000     -0.92291200      0.75527300      0.65289800      0.05732100      0.58801800     -0.71364400      0.38071700      0.00774000      0.00968600     -0.00994000     -0.21988200      0.36797900     -0.68518100     -0.37820000
     0.15181600     -0.04986700      0.32211000     -0.20603300      0.30214800     -0.93075400     -0.82623500     -0.56330100     -0.00002300     -0.52405300      0.76863900      0.36686300     -0.00020800      0.01929100     -0.02000000     -0.02820800     -0.06754600     -0.28032000     -0.16679000     -0.18059000     -0.04253700      0.31315200     -0.52400200      0.04314700      0.85061900      0.43872100     -0.84226700      0.31312100      0.73059100      0.53720300      0.42132400     -0.15812200      0.04042500     -0.04608700      1.06360300      1.06405100      2.79500800     -0.08615900      0.03744200      0.02368100     -0.02358900      0.47983500     -0.04279800      0.87631300     -0.43126100      0.85831000      0.27806000     -0.76404900     -0.51134300      0.39339100     -0.07104400      0.01495300     -0.01896100      4.10778800      0.87034200      5.90986900     -0.27755500      0.07587200      0.01400200     -0.06403000      0.29867600     -0.24924300     -0.92123200      0.75398000      0.65340100      0.06767000      0.58506800     -0.71480300      0.38308000      0.00774500      0.00975500     -0.00986400     -0.25048200      0.13304300     -0.80005200     -0.37101500
     0.15213900     -0.04914300      0.32137700     -0.22150500      0.28935000     -0.93126600     -0.81724300     -0.57606500      0.01534000     -0.53176400      0.76410700      0.36523200      0.01537000      0.01885000     -0.02050000      0.04563500     -0.26872800     -0.08253500     -0.16060700     -0.18642800     -0.04136300      0.31141600     -0.55151800      0.18552100      0.81326600      0.28989000     -0.87146700      0.39552800      0.78278100      0.45366500      0.42579900     -0.14284600      0.03716100     -0.05230500      1.29583400      0.05793000      3.09069300     -0.02144800      0.03446300      0.02427900     -0.02448000      0.50408900     -0.19045800      0.84238900     -0.28400600      0.88457800      0.36994700     -0.81561900     -0.42572900      0.39181500     -0.07142600      0.01825300     -0.02643000      1.34416300     -0.05093400      3.11112000     -0.24636700      0.07603300      0.01437000     -0.06440600      0.31263000     -0.23466100     -0.92043200      0.74255800      0.66464700      0.08276500      0.59234100     -0.70935000      0.38203800      0.00770000      0.00946500     -0.01020900      0.03768500     -0.30561700     -0.09570900     -0.36497300
     0.15227700     -0.04847700      0.32075100     -0.22649600      0.28552300     -0.93124700     -0.81484200     -0.57929600      0.02051400     -0.53333700      0.76310900      0.36502500     -0.00011100      0.02016600     -0.01897600      0.05565900     -0.02140700     -0.18444100     -0.15212100     -0.19191400     -0.04057200      0.30986500     -0.54583300      0.29989200      0.78238200      0.16529500     -0.87677000      0.45153700      0.82204400      0.37541200      0.42798700     -0.14163900      0.01601400     -0.03561200      4.29213000      2.59070400      4.18647100      0.07738800      0.03172000      0.02466900     -0.02526300      0.49836400     -0.30248900      0.81248500     -0.16307500      0.88772300      0.43052700     -0.85149200     -0.34705600      0.39308100     -0.07074000      0.00773700     -0.01793200      4.34887700      2.49703000      4.14302100     -0.15704700      0.07610200      0.01469500     -0.06471200      0.31693500     -0.22998000     -0.92014100      0.73949000      0.66740300      0.08790100      0.59389000     -0.70829400      0.38159100     -0.00006100      0.00468700     -0.00516200      0.02117600     -0.01357900     -0.20593100     -0.35746200
     0.15234600     -0.04822300      0.32050600     -0.22858200      0.28510900     -0.93086400     -0.81395600     -0.58048500      0.02202300     -0.53379700      0.76236100      0.36591500      0.01547400      0.00932000     -0.01036800      0.03646700     -0.02849200      0.04748900     -0.15271300     -0.19464100     -0.04053800      0.30936600     -0.53745600      0.35103700      0.76675000      0.10347600     -0.87482100      0.47319600      0.83753000      0.33322200      0.43286100     -0.14069600     -0.00617900     -0.01963400      1.35469700      0.45003800      2.20017100      0.11376800      0.03035700      0.02468600     -0.02551200      0.48766800     -0.35561300      0.79731900     -0.10151800      0.88398500      0.45635900     -0.86710500     -0.30349500      0.39499000     -0.07034000     -0.00317200     -0.00982600      1.39700200      0.40532300      2.18588300     -0.09058700      0.07613700      0.01482900     -0.06484300      0.31906700     -0.22935100     -0.91956200      0.73827400      0.66854700      0.08942000      0.59426200     -0.70741900      0.38263400      0.00774800      0.00467100     -0.00517200      0.03911000     -0.01597100      0.05349000     -0.35599200
