     0.12639600     -0.03615800      0.41974600     -0.18793300      0.71091600     -0.67773500     -0.86560700     -0.44589000     -0.22776900     -0.46389400      0.54296100      0.70001600      0.00416500      0.03113800      0.00434800      0.04567800      0.03160600      0.09235100     -1.04713200     -0.09630100     -0.03234300      0.39430800      0.28858600      0.66138700      0.69229800     -0.71394400      0.63045800     -0.30453200     -0.63821100     -0.40721400      0.65324200     -0.00282000      0.01336700      0.01035800      0.06340600     -0.25885200     -0.03643900     -1.40554000      0.04754100      0.02577000     -0.01459300     -0.17934700     -0.68724700      0.70393500      0.78025300     -0.53518200     -0.32370400      0.59919800      0.49119300      0.63221000     -0.00146800      0.00691500      0.00535700      0.07010800     -0.32372700     -0.07297000     -0.88564900      0.07271200      0.01788900     -0.06116800     -0.11304000      0.75470500     -0.64625100     -0.89560600     -0.35904000     -0.26263700     -0.43024400      0.54909800      0.71650500      0.00201300      0.01097600      0.00737200      0.01629400      0.01836000      0.06564400     -0.85337500
     0.12634200     -0.03501100      0.42015600     -0.19366200      0.71414000     -0.67271400     -0.86841800     -0.44374900     -0.22115300     -0.45621800      0.54047800      0.70694900     -0.00917500      0.03456400      0.00667600      0.05583200      0.13954900      0.09279500     -1.03663100     -0.09645200     -0.03181500      0.39495400      0.29169500      0.66028000      0.69205200     -0.71473600      0.63130500     -0.30090000     -0.63591000     -0.40769800      0.65518200     -0.00385400      0.01828900      0.01408300      0.00222900     -0.01991000      0.05404100     -1.40583200      0.04746500      0.02603500     -0.01426900     -0.18282300     -0.68687200      0.70340700      0.78114500     -0.53592700     -0.32030100      0.59698100      0.49090500      0.63452700     -0.00199000      0.00939600      0.00723800      0.00208200     -0.01688300      0.05497600     -0.88222000      0.07268300      0.01848500     -0.06095300     -0.11840000      0.75793400     -0.64149500     -0.89833500     -0.35700700     -0.25600300     -0.42305200      0.54596700      0.72314900     -0.00457100      0.01740400      0.00341900      0.06168700      0.13905000      0.09693000     -0.85517200
     0.12612400     -0.03398200      0.42063300     -0.19569800      0.71397200     -0.67230200     -0.86980500     -0.44294200     -0.21728600     -0.45269200      0.54136000      0.70853800      0.00368500      0.01994800      0.01316700      0.00295100     -0.01767800      0.05474000     -1.03200300     -0.09676100     -0.03117200      0.39550600      0.29381700      0.66140700      0.69007500     -0.71425700      0.63171000     -0.30118800     -0.63547400     -0.40523300      0.65713200     -0.00347200      0.01652600      0.01264000      0.08780200     -0.35044600     -0.07095100     -1.40588400      0.04731700      0.02635400     -0.01399600     -0.18420100     -0.68706800      0.70285600      0.78090300     -0.53655200     -0.31984400      0.59687400      0.48994800      0.63536700     -0.00167800      0.00793000      0.00606700      0.14056400     -0.67895200     -0.26675300     -0.88401600      0.07257800      0.01899200     -0.06072000     -0.12055200      0.75785200     -0.64119100     -0.89969900     -0.35637700     -0.25206300     -0.41953300      0.54649300      0.72480100     -0.00498500      0.01078400      0.00721500      0.00668800     -0.00751600      0.02796800     -0.86039700
     0.12598600     -0.03368600      0.42089200     -0.19550800      0.71408400     -0.67223900     -0.86989900     -0.44271900     -0.21736200     -0.45259300      0.54139500      0.70857500     -0.01083900      0.01668900      0.01117000      0.00051200      0.00585800     -0.00217000     -1.01441400     -0.09696700     -0.03090900      0.39572300      0.29430300      0.66112500      0.69013900     -0.71408800      0.63207600     -0.30082100     -0.63543900     -0.40512300      0.65723300     -0.01705400      0.01296000      0.01148200      0.00165100     -0.01033300      0.02266600     -1.40551100      0.04720600      0.02649700     -0.01387700     -0.18537200     -0.68820000      0.70144000      0.78061600     -0.53670900     -0.32028300      0.59688800      0.48818400      0.63671000     -0.00852000      0.00640600      0.00569100     -0.00035600      0.01015100      0.03448800     -0.88466900      0.07251100      0.01915500     -0.06058000     -0.12025000      0.75794400     -0.64114000     -0.89976400     -0.35610100     -0.25221900     -0.41947900      0.54654600      0.72479200     -0.00543900      0.00403800      0.01097300     -0.03324800      0.00774800      0.00686400     -0.86219300
     0.12561800     -0.03343300      0.42143500     -0.19689800      0.71390700     -0.67202100     -0.87003200     -0.44315400     -0.21594000     -0.45173400      0.54127300      0.70921600     -0.01230200      0.00867700      0.00587700      0.00052000      0.00587800     -0.00216400     -0.99064700     -0.09734600     -0.03048600      0.39606500      0.29611800      0.66235700      0.68817800     -0.71363500      0.63232800     -0.30136400     -0.63510700     -0.40270500      0.65903800     -0.01588500      0.00752200      0.00729400      0.00368900     -0.01245100     -0.00892100     -1.40608400      0.04702100      0.02671200     -0.01370400     -0.18708100     -0.68974700      0.69946300      0.78019200     -0.53698500     -0.32085300      0.59690900      0.48569000      0.63859500     -0.00103600      0.00493300      0.00375100      0.00385100     -0.00168100      0.03619400     -0.88466900      0.07232900      0.01928700     -0.06030600     -0.12164500      0.75787600     -0.64095600     -0.89996200     -0.35658300     -0.25082800     -0.41865100      0.54632500      0.72543700     -0.00631400     -0.00072500      0.00783200     -0.03691500      0.02610900     -0.04831700     -0.86170400
     0.12506500     -0.03359300      0.42186800     -0.19933800      0.71351700     -0.67171700     -0.87014100     -0.44408500     -0.21357700     -0.45045000      0.54102500      0.71022000     -0.01398300     -0.00877000      0.01085800     -0.03685400      0.02615200     -0.04836800     -0.98417600     -0.09765900     -0.03027100      0.39625800      0.29517800      0.66458600      0.68643000     -0.71261300      0.63172700     -0.30502000     -0.63669000     -0.39996400      0.65918000     -0.00091300      0.00439300      0.00332700      0.00126000     -0.00483400     -0.00182900     -1.40587800      0.04685800      0.02682300     -0.01360500     -0.18590900     -0.69177900      0.69776700      0.77897400     -0.53659500     -0.32444500      0.59886300      0.48322600      0.63863500     -0.00736100      0.00099400      0.00154500     -0.00207200      0.02065000      0.00825400     -0.88287300      0.07205300      0.01921500     -0.06009000     -0.12407400      0.75768800     -0.64071300     -0.90019300     -0.35759200     -0.24855600     -0.41744200      0.54592600      0.72643300     -0.00709800     -0.00491900      0.00508800     -0.03843700      0.03495100     -0.07574800     -0.86350000
     0.12472900     -0.03371500      0.42201400     -0.19857400      0.71368700     -0.67176200     -0.86953300     -0.44446800     -0.21525100     -0.45196000      0.54048600      0.70967100     -0.01424700     -0.01012800      0.00996700     -0.03342100      0.03307200     -0.07164600     -0.98410100     -0.09777200     -0.03024200      0.39629200      0.29607000      0.66632400      0.68435900     -0.71249600      0.63127500     -0.30622800     -0.63640700     -0.39778000      0.66077300     -0.00045000      0.00216700      0.00164000      0.02762400     -0.10600800     -0.04009900     -1.40550900      0.04680100      0.02683800     -0.01358700     -0.18655800     -0.69362400      0.69575900      0.77881800     -0.53610400     -0.32562900      0.59886400      0.48112100      0.64022200     -0.00017600      0.00084200      0.00064200      0.02716900     -0.09629100     -0.03369600     -0.88369000      0.07188400      0.01915000     -0.06001900     -0.12323300      0.75780100     -0.64074100     -0.89956900     -0.35793400     -0.25031300     -0.41903100      0.54554500      0.72580400     -0.00702700     -0.00030700     -0.00009800      0.01115500      0.00996800     -0.01907800     -0.86447900
     0.12394300     -0.03389300      0.42224200     -0.19494400      0.71442700     -0.67203900     -0.86758000     -0.44514500     -0.22163500     -0.45726300      0.53895100      0.70743800     -0.01415900     -0.00116400     -0.00058400     -0.00097200      0.01471000     -0.02954300     -0.98594000     -0.09806900     -0.03031200      0.39628600      0.29563900      0.66647800      0.68439400     -0.71265100      0.63098900     -0.30645700     -0.63643300     -0.39797600      0.66062900     -0.01374100     -0.00269200     -0.00046600     -0.00204000      0.01518600     -0.02925300     -1.40559300      0.04665900      0.02680000     -0.01359300     -0.18618300     -0.69357800      0.69590500      0.77886100     -0.53594900     -0.32578000      0.59892400      0.48135900      0.63998600     -0.00684100     -0.00149100     -0.00033700     -0.00260000      0.01721000     -0.02851800     -0.88369000      0.07148500      0.01905000     -0.05990600     -0.11961100      0.75823100     -0.64091900     -0.89755500     -0.35851700     -0.25663300     -0.42436700      0.54456400      0.72343700     -0.00711400     -0.00073500     -0.00038200     -0.00691900      0.01681300     -0.03400600     -0.86839800
     0.12323300     -0.03415500      0.42238800     -0.18831400      0.71610000     -0.67214800     -0.86896000     -0.44035000     -0.22577000     -0.45742900      0.54066200      0.70602400     -0.01466400     -0.01207600      0.00867800     -0.03685200      0.02624600     -0.04831400     -0.99286800     -0.09838800     -0.03037900      0.39627300      0.29642700      0.66821300      0.68236000     -0.71256500      0.63048300     -0.30769500     -0.63616400     -0.39586100      0.66215700     -0.01376700     -0.00256600     -0.00037200     -0.00195100      0.01484700     -0.02938100     -1.40557300      0.04650000      0.02676300     -0.01360200     -0.18680900     -0.69545300      0.69386300      0.77867400     -0.53545400     -0.32703900      0.59897200      0.47919900      0.64156000      0.00000600     -0.00003400     -0.00002300     -0.00089800      0.00675300      0.00361800     -0.88091400      0.07112900      0.01891800     -0.05983400     -0.11288500      0.75933200     -0.64083600     -0.89845700     -0.35342300     -0.26050800     -0.42429900      0.54635700      0.72212400     -0.00736400     -0.00618800      0.00425400     -0.03766100      0.02650600     -0.04916600     -0.87248100
     0.12276200     -0.03422600      0.42238400     -0.18579200      0.71688300     -0.67201700     -0.87132100     -0.43627200     -0.22458500     -0.45396000      0.54292300      0.70652800     -0.00016800     -0.00086400     -0.00056800     -0.00000000     -0.00000000      0.00000000     -0.99452700     -0.09846200     -0.03043600      0.39625200      0.29738600      0.66991200      0.68027300     -0.71244700      0.63005700     -0.30884100     -0.63585000     -0.39366000      0.66376900      0.00019300     -0.00093900     -0.00071100      0.00011000     -0.00042200     -0.00016000     -1.40552900      0.04645800      0.02673400     -0.01361200     -0.18758200     -0.69729400      0.69180400      0.77847100     -0.53503700     -0.32820200      0.59899400      0.47698500      0.64318700      0.00014800     -0.00072100     -0.00054200     -0.00097900      0.00777300      0.00424800     -0.88287300      0.07089800      0.01887500     -0.05984100     -0.11028100      0.75989000     -0.64062800     -0.90049500     -0.34918900     -0.25918000     -0.42064800      0.54830000      0.72278600     -0.00690300      0.00039600      0.00035400     -0.00084000      0.01475300     -0.02978000     -0.87721600
     0.12256000     -0.03418600      0.42240100     -0.18652900      0.71674100     -0.67196300     -0.87119400     -0.43676700     -0.22411800     -0.45390200      0.54271200      0.70672700      0.00023800      0.00121900      0.00080200      0.00000000      0.00000000      0.00000000     -0.99186000     -0.09846600     -0.03046500      0.39621800      0.30619800      0.66807600      0.67816600     -0.70481800      0.63797700     -0.31008400     -0.64016800     -0.38388100      0.66534500      0.00033300     -0.00162000     -0.00122700      3.75073100     -1.72458000      3.67292400     -1.40567300      0.04645500      0.02672100     -0.01362800     -0.19249000     -0.69805600      0.68968400      0.77509500     -0.53918500     -0.32940200      0.60180800      0.47116500      0.64484800      0.00023100     -0.00112500     -0.00085100     -0.00004800      0.02303300     -0.01642600     -0.88467000      0.07079000      0.01889300     -0.05983400     -0.11105800      0.75980800     -0.64059100     -0.90041600     -0.34973500     -0.25871900     -0.42061400      0.54806600      0.72298400     -0.00664400      0.00172000      0.00122400      0.00069000      0.00602100     -0.00230300     -0.87737900
     0.12225500     -0.03414500      0.42244400     -0.18790900      0.71850200     -0.66969500     -0.87107200     -0.43687500     -0.22438000     -0.45356500      0.54029400      0.70879300     -0.01384600      0.00058200      0.00055200      0.01307000      0.12517800      0.00492500     -0.96506900     -0.09857700     -0.03050000      0.39620500      0.30617300      0.66806300      0.67819000     -0.70482300      0.63797300     -0.31008000     -0.64017500     -0.38391100      0.66532100     -0.00010000      0.00049000      0.00037100      0.00775100     -0.06849300      0.18654900     -1.40569000      0.04640100      0.02669800     -0.01363900     -0.19644600     -0.69661100      0.69003000      0.77192400     -0.54381300     -0.32923900      0.60459900      0.46797300      0.64456100     -0.00007600      0.00037400      0.00028500     -0.00058500      0.00095400     -0.00002800     -0.88875200      0.07064500      0.01892200     -0.05980600     -0.11227300      0.76163400     -0.63820600     -0.90031800     -0.34976200     -0.25902100     -0.42050000      0.54550800      0.72498200     -0.00013500     -0.00068600     -0.00044500      0.01561900      0.14099800      0.01344500     -0.87607300
     0.12219100     -0.03419100      0.42250100     -0.18818900      0.71846400     -0.66965700     -0.87111200     -0.43695100     -0.22407400     -0.45337100      0.54028300      0.70892600     -0.00000900     -0.00004800     -0.00003200      0.00000300      0.00002400      0.00000700     -0.95790100     -0.09869400     -0.03050800      0.39621200      0.30635500      0.66793900      0.67822900     -0.70475400      0.63812000     -0.30993300     -0.64016300     -0.38388000      0.66535000     -0.00000200      0.00001000      0.00000800      0.00000000     -0.00000000     -0.00000000     -1.40562000      0.04634200      0.02669700     -0.01363300     -0.19676300     -0.69645900      0.69009200      0.77186100     -0.54405200     -0.32899400      0.60457700      0.46792200      0.64462000     -0.00000000      0.00000400      0.00000600     -0.00034500      0.00017500     -0.00031600     -0.89120100      0.07060800      0.01889700     -0.05977900     -0.11262800      0.76157100     -0.63821800     -0.90034500     -0.34994000     -0.25868800     -0.42034800      0.54548100      0.72509000     -0.00000400     -0.00001300     -0.00000700     -0.00011000     -0.00210700     -0.00086900     -0.87623600
     0.12220000     -0.03423300      0.42253500     -0.18631200      0.71878700     -0.66983400     -0.87050300     -0.43681600     -0.22669200     -0.45531400      0.53996200      0.70792500     -0.00000700     -0.00003500     -0.00002300      0.00000000      0.00000000      0.00000000     -0.95720100     -0.09869200     -0.03051500      0.39620700      0.30686200      0.66767100      0.67826500     -0.70457500      0.63848900     -0.30958200     -0.64011900     -0.38373300      0.66547800      0.00004000     -0.00019700     -0.00014900      0.00000000     -0.00000000     -0.00000000     -1.40558500      0.04634300      0.02669400     -0.01363600     -0.19729300     -0.69626000      0.69014200      0.77174600     -0.54443100     -0.32863600      0.60455100      0.46777700      0.64474900      0.00002500     -0.00012600     -0.00009300     -0.00027100      0.00014700     -0.00026400     -0.88973200      0.07061200      0.01887600     -0.05976200     -0.11071800      0.76172900     -0.63836500     -0.89966800     -0.34974500     -0.26129400     -0.42230000      0.54538600      0.72402600     -0.00000100      0.00000000      0.00000300     -0.00124900      0.00019500     -0.00104300     -0.87640000
     0.12226900     -0.03438200      0.42269600     -0.18648200      0.71878300     -0.66979200     -0.87073100     -0.43661400     -0.22620200     -0.45480600      0.54013100      0.70812200     -0.00009900     -0.00886000      0.01061900     -0.03586700      0.01158300     -0.01873100     -0.94353200     -0.09867800     -0.03053300      0.39619200      0.30517300      0.66815000      0.67855500     -0.70361500      0.63838000     -0.31197800     -0.64197800     -0.38308000      0.66406200      0.00004200     -0.00020400     -0.00015400      0.00000000     -0.00000000     -0.00000000     -1.40541200      0.04635500      0.02668500     -0.01364400     -0.19556000     -0.69651100      0.69038200      0.77071100     -0.54447100     -0.33099100      0.60643200      0.46735700      0.64328500      0.00002900     -0.00013700     -0.00010200     -0.00043700     -0.00004700      0.00001400     -0.88956800      0.07064700      0.01880500     -0.05968600     -0.11088200      0.76173500     -0.63832900     -0.89988300     -0.34955100     -0.26081400     -0.42180000      0.54550200      0.72423100     -0.00000200      0.00000800      0.00000500     -0.00002300     -0.00000900     -0.00003100     -0.87329700
     0.12232800     -0.03459500      0.42282600     -0.18488100      0.71906700     -0.66993200     -0.87028100     -0.43640800     -0.22832400     -0.45632200      0.53992000      0.70730800     -0.00038800     -0.00198200     -0.00130500      0.00000000      0.00000000      0.00000000     -0.91312400     -0.09871000     -0.03053200      0.39619600      0.30525500      0.66809900      0.67856800     -0.70358500      0.63844400     -0.31191500     -0.64197200     -0.38306200      0.66407800     -0.00000200      0.00001100      0.00000800      0.00000000     -0.00000000     -0.00000000     -1.40549800      0.04633400      0.02668400     -0.01364200     -0.19562000     -0.69647900      0.69039700      0.77070200     -0.54451500     -0.33093800      0.60642400      0.46735300      0.64329600     -0.00000100      0.00000800      0.00000700     -0.00013700      0.00004200     -0.00012000     -0.89022100      0.07067600      0.01869800     -0.05961500     -0.10927200      0.76188600     -0.63842600     -0.89938000     -0.34928600     -0.26289500     -0.42329000      0.54546100      0.72339200     -0.00025300     -0.00128100     -0.00084400     -0.00062200      0.00021900     -0.00047400     -0.87052100
     0.12232300     -0.03480700      0.42284600     -0.18577600      0.72089500     -0.66771500     -0.87037700     -0.43603000     -0.22867500     -0.45577100      0.53778400      0.70928700     -0.00079800     -0.00407300     -0.00268400     -0.00091100      0.01374800     -0.02586500     -0.91095200     -0.09877100     -0.03054400      0.39616900      0.30536900      0.66801700      0.67859800     -0.70350700      0.63855900     -0.31185500     -0.64200300     -0.38301300      0.66407600      0.00029100     -0.00142300     -0.00107800     -0.00112500      0.00992500     -0.02703100     -1.40422900      0.04630300      0.02668200     -0.01365300     -0.19575800     -0.69640600      0.69043200      0.77064000     -0.54464900     -0.33086200      0.60645700      0.46730600      0.64329800      0.00000400     -0.00001700     -0.00001200     -0.00009500      0.00003800     -0.00007900     -0.89169100      0.07067500      0.01859400     -0.05960300     -0.11005500      0.76383000     -0.63596500     -0.89944300     -0.34881900     -0.26330000     -0.42295300      0.54303700      0.72541100     -0.00031900     -0.00162300     -0.00106700     -0.00049700     -0.01649000     -0.00729800     -0.87117400
     0.12230000     -0.03491100      0.42285200     -0.18413700      0.72116500     -0.66787700     -0.86973200     -0.43603400     -0.23111400     -0.45766700      0.53741900      0.70834200     -0.00055000     -0.00280600     -0.00185000      0.00000800      0.00006200      0.00002000     -0.91132100     -0.09880300     -0.03054200      0.39614800      0.30557000      0.66789500      0.67862700     -0.70340000      0.63873400     -0.31174000     -0.64202500     -0.38293200      0.66410100      0.00003800     -0.00018800     -0.00014300      0.00776800     -0.06850700      0.18654300     -1.40414300      0.04628800      0.02667900     -0.01366600     -0.19581200     -0.69637100      0.69045100      0.77059600     -0.54471900     -0.33084900      0.60649600      0.46727600      0.64328400      0.00002200     -0.00010400     -0.00007700     -0.00007500      0.00003800     -0.00006100     -0.89169100      0.07066200      0.01854000     -0.05960200     -0.10838200      0.76384100     -0.63623800     -0.89873100     -0.34883400     -0.26569900     -0.42489400      0.54301100      0.72429500     -0.00038200     -0.00194100     -0.00127900     -0.00550700      0.00647800     -0.03159600     -0.87150100
     0.12228200     -0.03503800      0.42284200     -0.18462900      0.72105300     -0.66786200     -0.86972800     -0.43627600     -0.23066800     -0.45747500      0.53737300      0.70850200     -0.00038300     -0.00195200     -0.00128800     -0.00156000      0.00870000     -0.02743000     -0.91446600     -0.09885500     -0.03055200      0.39614600      0.30598200      0.66766500      0.67866800     -0.70325200      0.63904100     -0.31144500     -0.64199200     -0.38282300      0.66419600     -0.00028200      0.00138400      0.00104800      0.00112600     -0.00992700      0.02703000     -1.40334500      0.04626200      0.02667100     -0.01366900     -0.19636400     -0.69615200      0.69051600      0.77047400     -0.54512200     -0.33046900      0.60647200      0.46713300      0.64341000     -0.00000100      0.00001300      0.00001200     -0.00003700      0.00003500     -0.00003400     -0.89185400      0.07065300      0.01847300     -0.05960900     -0.10890600      0.76374600     -0.63626300     -0.89876900     -0.34910400     -0.26521400     -0.42467900      0.54297000      0.72445100     -0.00016800     -0.00085800     -0.00056700     -0.00166600      0.00864700     -0.02745200     -0.87280700
     0.12227100     -0.03501700      0.42280700     -0.18475300      0.72101200     -0.66787200     -0.86966000     -0.43642100     -0.23065100     -0.45755400      0.53731000      0.70849800     -0.00009100     -0.00046500     -0.00030700      0.00000000      0.00000000      0.00000000     -0.91602100     -0.09889600     -0.03056000      0.39614500      0.30641600      0.66742400      0.67870900     -0.70309600      0.63936200     -0.31113600     -0.64195500     -0.38270500      0.66430000     -0.00000000      0.00000000      0.00000000      0.00000000     -0.00000000     -0.00000000     -1.40369800      0.04624100      0.02667100     -0.01366700     -0.19684400     -0.69596200      0.69057100      0.77036700     -0.54547200     -0.33014100      0.60645300      0.46700700      0.64351900      0.00000200      0.00000000      0.00000200      0.00775000     -0.06851800      0.18649500     -0.89201800      0.07064700      0.01848300     -0.05962700     -0.10903100      0.76371700     -0.63627700     -0.89871500     -0.34925300     -0.26520200     -0.42476100      0.54291700      0.72444300     -0.00005000     -0.00025100     -0.00016500     -0.00002800     -0.00002300      0.00002400     -0.87493000
     0.12228000     -0.03498600      0.42275300     -0.18479600      0.72098100     -0.66789300     -0.86958000     -0.43654400     -0.23072200     -0.45768900      0.53725200      0.70845500      0.00006600      0.00869400     -0.01073000      0.03587100     -0.01155500      0.01874100     -0.91724900     -0.09888600     -0.03055800      0.39614500      0.30657000      0.66734500      0.67871700     -0.70304200      0.63947300     -0.31103100     -0.64194100     -0.38265800      0.66434000     -0.00000000      0.00000000      0.00000000      0.00000000     -0.00000000     -0.00000000     -1.40354100      0.04624600      0.02667200     -0.01366700     -0.19700700     -0.69590300      0.69058400      0.77033100     -0.54558800     -0.33003400      0.60644600      0.46696000      0.64356000      0.00000100     -0.00000100      0.00000100     -0.00002300      0.00000700     -0.00004300     -0.89201800      0.07065200      0.01849900     -0.05965400     -0.10907600      0.76369100     -0.63630000     -0.89864400     -0.34937800     -0.26527700     -0.42489900      0.54287200      0.72439500      0.00004000      0.00438300     -0.00534000      0.03585200     -0.01156300      0.01876400     -0.87542000
     0.12231600     -0.03498700      0.42269000     -0.18484600      0.72094400     -0.66792000     -0.86951100     -0.43665800     -0.23076700     -0.45780100      0.53720900      0.70841500     -0.00012400     -0.00063100     -0.00041600      0.00000000      0.00000000      0.00000000     -0.92402900     -0.09886200     -0.03057500      0.39615600      0.30670300      0.66728600      0.67871500     -0.70303100      0.63954200     -0.31091300     -0.64189000     -0.38264400      0.66439800      0.00000000     -0.00000000     -0.00000000      0.00000000     -0.00000000     -0.00000000     -1.40519600      0.04625800      0.02666300     -0.01366200     -0.19714400     -0.69586200      0.69058500      0.77033300     -0.54565600     -0.32991600      0.60639900      0.46694000      0.64361900      0.00000100      0.00000600      0.00000700     -0.00002700     -0.00001100     -0.00003400     -0.89218100      0.07067000      0.01850000     -0.05968400     -0.10912700      0.76365900     -0.63632900     -0.89858500     -0.34949400     -0.26532600     -0.42501300      0.54284100      0.72435200     -0.00008800     -0.00045600     -0.00030200     -0.00001000     -0.00000700      0.00001800     -0.87591000
     0.12233400     -0.03507000      0.42266000     -0.18513700      0.72086500     -0.66792400     -0.86948900     -0.43682800     -0.23052400     -0.45772300      0.53717600      0.70849000     -0.00044700     -0.00228100     -0.00150700      0.00000000      0.00000000      0.00000000     -0.93368900     -0.09881800     -0.03058800      0.39621900      0.30703700      0.66714000      0.67870800     -0.70302000      0.63970700     -0.31059900     -0.64174300     -0.38262400      0.66455200     -0.00010400      0.00051200      0.00038700      0.00000000      0.00000000      0.00000000     -1.40535000      0.04628000      0.02665600     -0.01363100     -0.19749400     -0.69576100      0.69058800      0.77035300     -0.54581800     -0.32960100      0.60625900      0.46690300      0.64377800     -0.00006500      0.00032400      0.00024700     -0.00001800      0.00000500     -0.00002000     -0.89234400      0.07067900      0.01846000     -0.05969800     -0.10942300      0.76360600     -0.63634200     -0.89858300     -0.34967600     -0.26509200     -0.42493900      0.54279900      0.72442700     -0.00024000     -0.00122800     -0.00081100     -0.00001000      0.00000800      0.00001100     -0.87607300
     0.12233100     -0.03514900      0.42263200     -0.18547700      0.72077900     -0.66792300     -0.86946000     -0.43703000     -0.23025100     -0.45764000      0.53712800      0.70858000     -0.00016100     -0.00082300     -0.00054400      0.00000000      0.00000000      0.00000000     -0.93389000     -0.09879600     -0.03061200      0.39636500      0.30735000      0.66702600      0.67867900     -0.70314000      0.63977300     -0.31019200     -0.64146200     -0.38271200      0.66477100      0.00114900     -0.00773700      0.01132100     -0.03537800      0.00163100     -0.02273200     -1.40540300      0.04629100      0.02664700     -0.01356200     -0.19783400     -0.69567900      0.69057200      0.77047400     -0.54588900     -0.32920300      0.60599600      0.46694100      0.64399800     -0.00019700      0.00095500      0.00072200     -0.00001400      0.00000600     -0.00001400     -0.89316100      0.07067700      0.01841700     -0.05971500     -0.10976900      0.76354900     -0.63635000     -0.89857700     -0.34989100     -0.26482800     -0.42486200      0.54274000      0.72451500     -0.00008900     -0.00045100     -0.00029700     -0.00000700      0.00000400      0.00001000     -0.87591000
     0.12233700     -0.03516600      0.42260800     -0.18549900      0.72076800     -0.66792900     -0.86944400     -0.43706100     -0.23025100     -0.45766100      0.53711800      0.70857500     -0.00027400     -0.00139900     -0.00092500      0.00000000      0.00000000      0.00000000     -0.93076300     -0.09879900     -0.03060500      0.39643500      0.30740000      0.66701700      0.67866400     -0.70321100      0.63974900     -0.31008200     -0.64136100     -0.38276800      0.66483700     -0.00044000      0.00215600      0.00163100      0.00000000      0.00000000      0.00000000     -1.40451000      0.04629000      0.02664600     -0.01352400     -0.19787100     -0.69568600      0.69055500      0.77056300     -0.54583000     -0.32909000      0.60587000      0.46699900      0.64407400     -0.00025800      0.00125800      0.00095200      0.00110400     -0.00990800      0.02703000     -0.89332400      0.07068100      0.01841100     -0.05972500     -0.10979200      0.76354000     -0.63635700     -0.89856400     -0.34992400     -0.26482900     -0.42488400      0.54273200      0.72450900     -0.00014600     -0.00075300     -0.00049800     -0.00155200      0.00870800     -0.02741200     -0.87591000
     0.12241800     -0.03514400      0.42254800     -0.18537200      0.72076400     -0.66796900     -0.86939100     -0.43707500     -0.23042900     -0.45781500      0.53711300      0.70847900      0.01363700     -0.00178400     -0.00134400      0.00098400     -0.01471500      0.02955300     -0.85440400     -0.09890500     -0.03055300      0.39643300      0.30736000      0.66700200      0.67869700     -0.70315100      0.63978100     -0.31015200     -0.64144600     -0.38274100      0.66477100     -0.01381100     -0.00234800     -0.00021100     -0.00204500      0.01520500     -0.02924500     -1.38604700      0.04624200      0.02667400     -0.01351700     -0.19784300     -0.69566800      0.69058200      0.77052000     -0.54586200     -0.32913800      0.60593300      0.46699000      0.64402100     -0.00001600      0.00007300      0.00005400     -0.00001200     -0.00000300     -0.00000800     -0.89250700      0.07072100      0.01842000     -0.05975700     -0.10966500      0.76352700     -0.63639500     -0.89850800     -0.34993400     -0.26500600     -0.42503600      0.54274400      0.72441100      0.00682700     -0.00085400     -0.00064700      0.00097000     -0.01470000      0.02956400     -0.86562200
     0.12270700     -0.03498900      0.42239900     -0.18465600      0.72082500     -0.66810000     -0.86925600     -0.43692100     -0.23122700     -0.45836000      0.53715500      0.70809500      0.01421100      0.00955200     -0.01032800      0.03685500     -0.02625200      0.04830600     -0.67382600     -0.09950700     -0.03030000      0.39601900      0.31050800      0.66585700      0.67838900     -0.70420000      0.64052700     -0.30620300     -0.63877400     -0.38348500      0.66691100     -0.03045200      0.01347800     -0.02102400     -1.94516000     -1.08410600      1.52359500     -1.34238700      0.04594700      0.02679600     -0.01372200     -0.19916500     -0.69528200      0.69059000      0.77082800     -0.54629300     -0.32769900      0.60510800      0.46706000      0.64474600     -0.00833300      0.00798100     -0.01034400      0.07133600      0.01327700      0.01411600     -0.87846400      0.07085900      0.01849100     -0.05982800     -0.10898500      0.76353100     -0.63650700     -0.89835200     -0.34976900     -0.26575100     -0.42553900      0.54284500      0.72404000      0.00029700      0.00151000      0.00099400      0.00156200     -0.00872200      0.02744400     -0.78544700
     0.12297500     -0.03485800      0.42228500     -0.17992600      0.72191400     -0.66821500     -0.87170100     -0.43172400     -0.23178000     -0.45559400      0.53988200      0.70780500      0.01441800      0.01066000     -0.00959700      0.03840100     -0.03497900      0.07573100     -0.54699600     -0.10003300     -0.02999500      0.39562000      0.31544700      0.66419800      0.67773500     -0.70611400      0.64144500     -0.29980700     -0.63422800     -0.38482500      0.67046800     -0.03226900      0.02465500     -0.02974200      0.04779800     -0.00494200      0.05102600     -1.27364100      0.04568500      0.02694100     -0.01392100     -0.20632700     -0.69393500      0.68984200      0.77404900     -0.54702700     -0.31876100      0.59856200      0.46820300      0.65000600     -0.01543600      0.00787100     -0.00964600     -0.11916300     -0.08663800      0.15673300     -0.86589100      0.07099300      0.01855600     -0.05988600     -0.10418300      0.76421400     -0.63649100     -0.90034100     -0.34435800     -0.26608800     -0.42252900      0.54533700      0.72393000      0.00707700      0.00044700      0.00020600      0.00128900     -0.01491500      0.02947800     -0.71163900
     0.12347800     -0.03457800      0.42201800     -0.17644600      0.72272500     -0.66826600     -0.87465300     -0.42647700     -0.23037200     -0.45128400      0.54295300      0.70821700      0.01415300      0.00936900     -0.01045200      0.03685300     -0.02622500      0.04832500     -0.30386000     -0.10141800     -0.02878200      0.39439100      0.33935600      0.65689300      0.67329100     -0.71682000      0.64408800     -0.26693500     -0.60940300     -0.39287400      0.68857900     -0.03466700      0.03919800     -0.03591500     -0.06704800     -0.02692200      0.02389200     -0.96972200      0.04499400      0.02753800     -0.01453700     -0.23126100     -0.68976600      0.68610500      0.78597500     -0.54808400     -0.28608500      0.57337500      0.47310200      0.66889000     -0.01805800      0.02431100     -0.02294900     -0.54262000     -0.22657200      0.21733400     -0.72938000      0.07124600      0.01870100     -0.06001600     -0.10062400      0.76472900     -0.63644500     -0.90287400     -0.33891800     -0.26448500     -0.41796200      0.54801600      0.72455800      0.00712700      0.00492800     -0.00507200      0.03874200     -0.02686300      0.04929800     -0.53430600
     0.12403900     -0.03411500      0.42146400     -0.17704700      0.71854200     -0.67260400     -0.87551000     -0.42710900     -0.22590100     -0.44938300      0.54798200      0.70554800      0.01418600      0.01804200     -0.02118800      0.04613600     -0.24956400      0.00048800     -0.14792000     -0.10319000     -0.02667300      0.39261700      0.36772200      0.64778800      0.66719000     -0.73387300      0.64280500     -0.21946700     -0.57147600     -0.40974900      0.71090400     -0.05226300      0.06145700     -0.05187200     -2.04006300     -0.87685200      1.04272700     -0.64805400      0.04411400      0.02858300     -0.01541900     -0.25928000     -0.68439300      0.68145400      0.80330800     -0.54452200     -0.24122800      0.53616200      0.48487200      0.69096200     -0.02620200      0.03119100     -0.02555800     -0.50943900     -0.16197700      0.07153700     -0.56690600      0.07152600      0.01892900     -0.06028900     -0.10163100      0.76109200     -0.64063100     -0.90385900     -0.33965700     -0.26013400     -0.41558200      0.55260300      0.72244000      0.00707600      0.00468800     -0.00523300      0.00687900     -0.35103400     -0.02533200     -0.38391500
     0.12450900     -0.03347200      0.42071000     -0.17722400      0.71438600     -0.67697200     -0.87609500     -0.42784300     -0.22221400     -0.44817100      0.55282000      0.70253800      0.00045900      0.01927200     -0.02019300      0.03564300     -0.31732100     -0.05585200     -0.05523500     -0.10521300     -0.02386700      0.39039600      0.39891000      0.63796000      0.65868700     -0.75021700      0.64010600     -0.16544700     -0.52765300     -0.42896600      0.73309900     -0.05441500      0.07631000     -0.05781100      0.62921900     -0.25007700      0.93180500     -0.43513600      0.04310400      0.02997900     -0.01652800     -0.29221100     -0.67909700      0.67337800      0.82226700     -0.53795100     -0.18570000      0.48835300      0.49943300      0.71559500     -0.02715000      0.03816500     -0.02887000      1.67426400     -1.78248500      5.12474900     -0.47889300      0.07176600      0.01925100     -0.06066600     -0.10207900      0.75746700     -0.64484200     -0.90457600     -0.34039600     -0.25665400     -0.41390900      0.55711100      0.71993400      0.00712400      0.01337700     -0.01595100      0.06127000     -0.51591100     -0.06906700     -0.28953300
     0.12467100     -0.03308800      0.42025700     -0.17968400      0.71393200     -0.67680200     -0.87692900     -0.42795100     -0.21869100     -0.44555300      0.55332200      0.70380700      0.01404300      0.02586400     -0.03246500      0.10654900     -0.05309300      0.08326400     -0.02411300     -0.10623500     -0.02226800      0.38919400      0.41845900      0.62802800      0.65609800     -0.74911600      0.64710700     -0.14146100     -0.51390700     -0.43309100      0.74040200     -0.04089500      0.08031000     -0.05630500     -0.11816800     -0.19122800      0.49217700     -0.32085100      0.04257200      0.03080900     -0.01714900     -0.31387700     -0.67128000      0.67146300      0.82210900     -0.54594300     -0.16149800      0.47499200      0.50132600      0.72322400     -0.02045500      0.04034900     -0.02797200     -0.13792900     -0.23769200      0.50606000     -0.46370600      0.07184200      0.01944100     -0.06088700     -0.10448300      0.75648500     -0.64560900     -0.90554100     -0.34076100     -0.25273400     -0.41118900      0.55822000      0.72063300      0.00018700      0.00935000     -0.01028900      0.07485500     -0.00496200      0.04652400     -0.25671200
