frame,MLTx,MLTy,MLTz,MLTR1,MLTR2,MLTR3,MLTR4,MLTR5,MLTR6,MLTR7,MLTR8,MLTR9,MLTTVx,MLTTVy,MLTTVz,MLTRVx,MLTRVy,MLTRVz,MLGA,MRTx,MRTy,MRTz,MRTR1,MRTR2,MRTR3,MRTR4,MRTR5,MRTR6,MRTR7,MRTR8,MRTR9,MRTTVx,MRTTVy,MRTTVz,MRTRVx,MRTRVy,MRTRVz,MRGA,SLTx,SLTy,SLTz,SLTR1,SLTR2,SLTR3,SLTR4,SLTR5,SLTR6,SLTR7,SLTR8,SLTR9,SLTTVx,SLTTVy,SLTTVz,SLTRVx,SLTRVy,SLTRVz,SLGA,SRTx,SRTy,SRTz,SRTR1,SRTR2,SRTR3,SRTR4,SRTR5,SRTR6,SRTR7,SRTR8,SRTR9,SRTTVx,SRTTVy,SRTTVz,SRTRVx,SRTRVy,SRTRVz,SRGA
359,0.110811,0.023148,0.377674,-0.681474,-0.722747,-0.115222,-0.127024,-0.038313,0.991145,-0.719917,0.690978,-0.065546,0.00036,-0.006088,0.01169,0.097764,0.088969,0.017708,0.303282,-0.148234,0.044756,0.340313,0.287101,-0.937646,0.195916,0.043038,0.216824,0.975228,-0.957232,-0.270365,0.102336,-0.012797,0.003229,0.003294,0.417832,-0.33009,-0.298251,-1.406923,0.045702,0.043468,-0.00661,-0.102925,0.975281,0.195531,-0.025707,-0.199118,0.979638,0.994356,0.095802,0.045566,-0.006407,0.001666,0.001689,-0.018551,0.010881,-0.021318,-0.795513,0.071195,0.035969,-0.051113,-0.633547,-0.765193,-0.114441,-0.036838,-0.117912,0.992339,-0.772825,0.63291,0.046515,0.000284,-0.002581,0.006134,0.080084,-0.001341,-0.058037,0.140411
360,0.110701,0.023074,0.378106,-0.682959,-0.720575,-0.119939,-0.127822,-0.043845,0.990814,-0.718368,0.692915,-0.062005,0.000709,-0.004621,0.012602,-0.025674,0.021611,-0.014208,0.372975,-0.148546,0.044914,0.340517,0.286951,-0.937598,0.196365,0.042734,0.217189,0.97516,-0.95729,-0.27024,0.102121,-0.012988,0.005671,0.004961,6.9e-05,-0.000933,-0.005465,-1.407504,0.045546,0.043542,-0.006511,-0.104427,0.974812,0.197068,-0.027141,-0.200871,0.979241,0.994162,0.09691,0.047434,-0.005823,-0.003345,0.005987,-0.043056,0.027327,-0.0451,-0.802208,0.071141,0.03593,-0.050893,-0.633751,-0.764995,-0.114629,-0.036713,-0.118275,0.992301,-0.772664,0.633081,0.046872,0.000377,-0.002189,0.006378,-0.010921,0.032493,0.039094,0.25945
361,0.110618,0.023032,0.378383,-0.689155,-0.71441,-0.121361,-0.125808,-0.047049,0.990925,-0.712783,0.699061,-0.057296,-0.011335,-0.000331,0.015427,0.041917,1.817135,-0.044117,0.394352,-0.148684,0.045004,0.340637,0.289055,-0.937265,0.194864,0.046163,0.216841,0.975081,-0.956501,-0.271665,0.105678,0.000688,-0.004431,0.012439,-0.00073,-0.019881,-0.041505,-1.407725,0.045472,0.043595,-0.006451,-0.1066,0.974841,0.195756,-0.030716,-0.200013,0.979311,0.993827,0.098381,0.051264,-0.006562,0.003657,0.003045,0.016943,-0.030501,-0.020843,-0.807923,0.071103,0.035906,-0.050762,-0.639696,-0.760285,-0.112932,-0.0367,-0.116546,0.992506,-0.76775,0.639048,0.046652,0.0002,-0.001831,0.006674,-1.039008,4.155025,-0.821574,0.300762
362,0.110591,0.022724,0.379179,-0.691574,-0.710231,-0.131694,-0.128225,-0.058785,0.989987,-0.710004,0.702422,-0.050244,0.000933,-0.011279,0.023937,0.229532,0.23485,0.091415,0.406965,-0.148896,0.045207,0.340885,0.290995,-0.936908,0.193693,0.049368,0.216767,0.97494,-0.955754,-0.272949,0.109065,-0.000654,0.007932,0.005421,0.298021,-0.260029,-0.165918,-1.407821,0.045366,0.043694,-0.006323,-0.107641,0.97508,0.193988,-0.032659,-0.198484,0.979559,0.993652,0.099105,0.05321,-0.000334,0.004008,0.002744,0.446512,-0.29342,-0.248457,-0.812658,0.071085,0.035752,-0.050358,-0.644089,-0.756023,-0.116524,-0.038735,-0.119899,0.992029,-0.763969,0.643469,0.047941,0.000491,-0.005517,0.012044,0.207169,0.244088,0.039536,0.346484
363,0.111033,0.022126,0.380043,-0.701195,-0.6985,-0.14307,-0.118605,-0.083666,0.989396,-0.702195,0.7116,-0.023994,-0.00069,-0.025767,0.030462,0.585566,0.524475,-0.048772,0.414386,-0.149053,0.045432,0.341178,0.290901,-0.936878,0.193975,0.048994,0.216942,0.97492,-0.955802,-0.272911,0.108743,0.000635,-0.003772,0.012863,-0.036469,0.009565,-0.018593,-1.407499,0.045288,0.043811,-0.006179,-0.108537,0.974805,0.194869,-0.033288,-0.199481,0.979335,0.993534,0.099808,0.054101,-0.006576,0.003989,0.003248,-0.003031,0.000965,-0.003578,-0.814128,0.071309,0.035462,-0.04992,-0.655379,-0.744729,-0.125917,-0.027047,-0.143463,0.989285,-0.754814,0.651763,0.07388,-0.000379,-0.012982,0.015169,0.603962,0.539421,-0.045024,0.364772
364,0.111407,0.02146,0.381088,-0.717071,-0.679497,-0.155364,-0.102416,-0.117837,0.987723,-0.688574,0.725028,0.015107,0.014064,-0.018613,0.034717,0.861866,0.66041,0.327084,0.416767,-0.14925,0.045675,0.341429,0.292301,-0.936087,0.195683,0.050201,0.219233,0.974346,-0.955314,-0.273789,0.110806,-0.000672,0.008247,0.005602,0.015501,-0.027188,0.015197,-1.407475,0.045189,0.04393,-0.00605,-0.109964,0.974259,0.19679,-0.035097,-0.201673,0.978823,0.993315,0.100728,0.05637,-0.00034,0.004121,0.002804,-0.010417,-0.021819,0.029271,-0.815598,0.071492,0.035112,-0.049408,-0.673585,-0.72654,-0.135723,-0.008587,-0.175925,0.984365,-0.739059,0.664219,0.112262,0.007113,-0.008902,0.017614,0.924756,0.682586,0.358905,0.370487
365,0.111708,0.021214,0.381755,-0.717165,-0.678197,-0.160522,-0.092623,-0.135606,0.986409,-0.689859,0.723133,0.034642,0.002238,-0.013339,0.038127,0.656144,0.435649,0.189268,0.432562,-0.149304,0.045877,0.341557,0.294016,-0.935331,0.196727,0.051811,0.220996,0.973864,-0.954704,-0.274949,0.113167,-0.000888,0.010901,0.007391,0.028046,-0.037552,0.007147,-1.407711,0.045163,0.044026,-0.005988,-0.11173,0.973818,0.197972,-0.037084,-0.203167,0.978441,0.993045,0.10198,0.058813,-0.000462,0.00561,0.003805,-0.004276,-0.031243,0.02459,-0.816414,0.071636,0.035,-0.049102,-0.674869,-0.724349,-0.140953,0.002238,-0.193017,0.981192,-0.737933,0.661861,0.131882,0.007394,-0.007707,0.018331,1.007764,0.684282,0.12341,0.380285
366,0.111887,0.020606,0.383325,-0.721877,-0.671847,-0.166011,-0.078002,-0.159438,0.984107,-0.686744,0.724191,0.062903,0.002191,-0.021174,0.048759,0.437091,-0.184814,0.071763,0.456603,-0.14953,0.046247,0.341859,0.291572,-0.935508,0.199504,0.055979,0.224774,0.972768,-0.955215,-0.271274,0.117633,-0.01316,0.008793,0.006985,0.058474,-0.049246,-0.042975,-1.407393,0.045059,0.044214,-0.005843,-0.109004,0.973603,0.200533,-0.041861,-0.206052,0.977644,0.993159,0.098173,0.063216,-0.000414,0.005048,0.003414,0.067725,-0.08121,-0.020196,-0.819516,0.071731,0.0347,-0.04832,-0.683006,-0.715798,-0.145373,0.018152,-0.215602,0.976311,-0.730186,0.664189,0.160251,0.001164,-0.005684,0.019908,1.778158,-4.017438,-0.212427,0.414249
367,0.112316,0.020136,0.384744,-0.721815,-0.666263,-0.187406,-0.085712,-0.182708,0.97941,-0.68589,0.723847,0.075016,0.014699,-0.015767,0.036425,0.116591,0.033767,0.259595,0.457514,-0.149897,0.046642,0.342177,0.29318,-0.934701,0.200924,0.057381,0.22686,0.972202,-0.954641,-0.272313,0.119869,-0.013412,0.012281,0.009299,0.080477,-0.067508,-0.057132,-1.407791,0.044871,0.044404,-0.005682,-0.110573,0.973122,0.202004,-0.043501,-0.207794,0.977204,0.992915,0.099265,0.065308,-0.00058,0.007194,0.004844,0.098364,-0.111808,-0.013157,-0.825068,0.071944,0.034471,-0.047585,-0.684653,-0.709606,-0.166456,0.011996,-0.239315,0.970867,-0.728769,0.662711,0.17236,0.001002,-0.007072,0.018789,0.076167,0.139306,0.007684,0.434007
368,0.11258,0.01985,0.385409,-0.722578,-0.665027,-0.188854,-0.08638,-0.184257,0.979061,-0.685003,0.72459,0.075938,0.014472,-0.016727,0.035842,0.039289,0.084517,0.064149,0.45099,-0.150069,0.046924,0.342402,0.294867,-0.933918,0.202095,0.058862,0.228727,0.971676,-0.954034,-0.273432,0.122139,-0.013643,0.015418,0.011373,0.114554,-0.11013,-0.053889,-1.407563,0.044786,0.044541,-0.005572,-0.112193,0.972677,0.203251,-0.045251,-0.209331,0.976797,0.992655,0.100392,0.0675,-0.006831,0.00773,0.005707,0.144472,-0.115061,-0.09727,-0.825232,0.072076,0.034328,-0.047252,-0.685292,-0.708693,-0.16771,0.01108,-0.240406,0.970608,-0.728183,0.663293,0.172601,0.007448,-0.003518,0.013138,0.090555,0.073219,0.053996,0.431558
369,0.11311,0.019656,0.386471,-0.711347,-0.676489,-0.19077,-0.084606,-0.1871,0.978676,-0.696876,0.713162,0.076103,0.016031,0.005526,0.018434,0.067804,0.030208,0.087923,0.437628,-0.150661,0.047589,0.342892,0.296209,-0.933469,0.202206,0.061761,0.22986,0.971228,-0.953436,-0.274011,0.125461,-0.025972,0.015369,0.012287,-0.002144,0.102354,-0.157184,-1.407752,0.044499,0.044873,-0.005329,-0.11405,0.972433,0.203387,-0.048464,-0.209925,0.976515,0.992291,0.101514,0.071069,-0.013045,0.008326,0.006581,0.093125,-0.052428,0.237245,-0.822292,0.072339,0.034219,-0.046717,-0.67461,-0.718061,-0.171139,0.012745,-0.243136,0.969907,-0.738063,0.652128,0.173173,0.007659,-0.002572,0.013687,0.024082,0.014782,0.065518,0.414249
370,0.113663,0.019821,0.387159,-0.705929,-0.684194,-0.18327,-0.073013,-0.187144,0.979601,-0.70366,0.705763,0.082391,0.003094,0.013629,0.0081,0.167484,0.095463,-0.779745,0.441151,-0.151408,0.04825,0.343388,0.296164,-0.933378,0.202693,0.061598,0.230314,0.971131,-0.953461,-0.273942,0.125427,-0.013747,0.018364,0.013158,0.001956,-0.016886,0.01846,-1.407677,0.044111,0.045215,-0.005072,-0.113837,0.972347,0.203914,-0.048199,-0.210412,0.976423,0.992329,0.101325,0.070819,-0.00689,0.009268,0.006645,0.001755,-0.015518,0.018606,-0.817884,0.072623,0.034306,-0.046364,-0.668086,-0.725461,-0.165425,0.023728,-0.242978,0.96974,-0.743704,0.643945,0.179544,0.00755,0.000816,0.008048,0.416625,0.275931,-2.668881,0.407064
371,0.114126,0.020062,0.387375,-0.698407,-0.691994,-0.182801,-0.068423,-0.18975,0.979431,-0.711581,0.697412,0.085409,0.013637,0.002946,0.001515,0.004206,-0.027444,0.028589,0.451623,-0.152352,0.048985,0.343936,0.297717,-0.932895,0.202639,0.064574,0.231334,0.970695,-0.952782,-0.274721,0.128834,-0.026025,0.018933,0.014428,0.000271,-0.001996,-0.011028,-1.407819,0.043648,0.045576,-0.004803,-0.115465,0.972142,0.203977,-0.05139,-0.210923,0.97615,0.99198,0.102229,0.074313,-0.013042,0.009718,0.007395,-0.007052,0.00055,-0.007207,-0.819353,0.072857,0.03444,-0.046248,-0.659936,-0.732938,-0.165184,0.029011,-0.244552,0.969201,-0.75076,0.634819,0.182652,0.006735,0.001106,0.000529,-0.027909,-0.069201,0.017361,0.417025
372,0.114298,0.02016,0.387292,-0.693711,-0.696358,-0.184109,-0.06793,-0.191285,0.979167,-0.716208,0.692633,0.085629,0.012599,-0.001642,-0.001203,0.034466,-0.249089,0.194908,0.454575,-0.152825,0.049393,0.344251,0.297871,-0.933261,0.200718,0.066228,0.229836,0.970939,-0.95262,-0.274735,0.129994,-0.026045,0.020106,0.015127,0.008972,-0.006238,0.009145,-1.407867,0.043417,0.045771,-0.004652,-0.115609,0.972528,0.202047,-0.052682,-0.209128,0.976467,0.991896,0.102244,0.075412,-0.013078,0.010641,0.007964,0.11025,-0.07028,0.253133,-0.818537,0.072938,0.03449,-0.046289,-0.655157,-0.736815,-0.166951,0.02965,-0.245889,0.968843,-0.75491,0.629795,0.182943,0.0065,0.003909,-0.005454,0.100156,-0.563798,-0.004673,0.423394
373,0.114442,0.020234,0.386909,-0.680334,-0.709432,-0.184114,-0.063313,-0.193446,0.979051,-0.729343,0.678623,0.086928,-0.001131,0.002662,-0.013717,0.182756,0.007168,-0.641628,0.452561,-0.1537,0.05019,0.344915,0.297646,-0.933135,0.201636,0.065736,0.230617,0.970788,-0.952724,-0.27451,0.129706,-0.026156,0.02353,0.017201,0.001854,-0.017717,0.013078,-1.407736,0.042975,0.046173,-0.004317,-0.115328,0.972372,0.202952,-0.052343,-0.209981,0.976302,0.991946,0.101972,0.075114,-0.006976,0.012017,0.008288,0.003938,-0.032152,0.042224,-0.82017,0.073015,0.034525,-0.046477,-0.640634,-0.748865,-0.169667,0.033605,-0.248098,0.968151,-0.767109,0.61453,0.184105,-0.000604,0.001086,-0.006982,0.503291,0.292937,-2.720349,0.425516
374,0.114309,0.020263,0.386284,-0.667851,-0.722389,-0.179375,-0.054774,-0.192705,0.979712,-0.741472,0.665027,0.089361,-0.00253,-0.003547,-0.017427,0.033411,0.00988,-0.034604,0.469029,-0.154406,0.051043,0.34572,0.298217,-0.9339,0.197203,0.068851,0.22699,0.971426,-0.952326,-0.274931,0.131721,-0.0129,0.016129,0.026287,-0.032627,-0.02289,0.024044,-1.407387,0.042617,0.046603,-0.003917,-0.115977,0.973214,0.198502,-0.054785,-0.205815,0.977055,0.991739,0.102442,0.077187,-0.007058,0.013863,0.009384,0.001356,-0.031407,0.036713,-0.817393,0.072948,0.034541,-0.046788,-0.626529,-0.761528,-0.165938,0.0428,-0.246201,0.968273,-0.778221,0.599548,0.186846,-0.007482,-0.000635,-0.007925,0.02911,-0.019596,-0.040255,0.4376
375,0.11415,0.020224,0.385884,-0.663412,-0.726455,-0.179424,-0.053014,-0.193614,0.97963,-0.745574,0.660315,0.090165,-0.015765,-0.004608,-0.017861,0.03243,0.024612,-0.064147,0.475375,-0.154724,0.051474,0.346187,0.292991,-0.93603,0.194924,0.071611,0.224659,0.971769,-0.953738,-0.269571,0.132585,-0.013002,0.018254,0.027538,0.303858,-0.190912,0.762262,-1.407978,0.042458,0.046816,-0.003685,-0.110421,0.974217,0.196743,-0.056596,-0.203796,0.977375,0.992271,0.096787,0.07764,-0.013172,0.014532,0.010257,1.113378,-0.483722,2.330165,-0.818373,0.072874,0.034521,-0.046989,-0.6215,-0.765485,-0.166641,0.044633,-0.246964,0.967995,-0.782141,0.594171,0.187654,-0.001631,-0.003468,-0.009734,0.034767,-0.028652,-0.014117,0.44756
376,0.11362,0.020046,0.384898,-0.653042,-0.735689,-0.179841,-0.051241,-0.194063,0.979636,-0.754799,0.649875,0.089265,-0.004312,-0.003595,-0.032905,0.135838,-0.584696,0.083163,0.480994,-0.155172,0.052445,0.347169,0.29512,-0.935634,0.193607,0.07423,0.22435,0.971644,-0.952884,-0.27119,0.135395,-0.014266,0.03229,0.02128,0.035372,-0.049253,0.107984,-1.40795,0.042235,0.047289,-0.003202,-0.112771,0.974279,0.195094,-0.059567,-0.202622,0.977443,0.991833,0.098606,0.080885,-0.007147,0.016143,0.010657,0.363644,-0.215913,0.866328,-0.816087,0.072605,0.034432,-0.047476,-0.610498,-0.773953,-0.168193,0.046348,-0.246907,0.96793,-0.79066,0.583124,0.186607,-0.008436,-0.000784,-0.015726,0.362667,-1.671446,-0.192448,0.459807
377,0.112922,0.019774,0.383518,-0.643505,-0.743848,-0.180657,-0.047303,-0.196978,0.979252,-0.763202,0.639626,0.091803,-0.018497,-0.000676,-0.046502,0.106645,-0.071058,0.095622,0.488915,-0.15545,0.05358,0.348129,0.28784,-0.937568,0.195207,0.079647,0.226441,0.970729,-0.954662,-0.262676,0.139584,-0.0143,0.0338,0.021952,0.026016,-0.051393,0.0281,-1.408012,0.042095,0.047868,-0.002709,-0.105268,0.974909,0.196138,-0.065603,-0.203612,0.97685,0.992277,0.089964,0.085391,-0.000599,0.012189,0.01498,-0.05073,0.04021,-0.087537,-0.815924,0.072261,0.034298,-0.048159,-0.599565,-0.781988,-0.170339,0.050849,-0.249628,0.967005,-0.798708,0.571121,0.189431,-0.009534,-0.005543,-0.018693,0.069873,0.009677,-0.07545,0.470421
378,0.112556,0.019572,0.382738,-0.641258,-0.744431,-0.186162,-0.052357,-0.199655,0.978452,-0.764764,0.638115,0.089293,-0.019465,-0.012329,-0.038304,-0.009313,-0.119767,0.337827,0.489222,-0.155526,0.05412,0.348633,0.290235,-0.937262,0.193119,0.082881,0.225545,0.970667,-0.953665,-0.264525,0.142876,-0.001049,0.022646,0.028719,0.011471,-0.073307,0.026225,-1.408039,0.042052,0.048153,-0.002447,-0.107803,0.975038,0.194105,-0.06864,-0.202077,0.976961,0.991799,0.091996,0.088711,-0.000545,0.011372,0.014398,-0.021944,-0.06769,0.03717,-0.817067,0.07207,0.034191,-0.04857,-0.597516,-0.782281,-0.176097,0.045794,-0.252544,0.9665,-0.800548,0.569435,0.186723,-0.009795,-0.006564,-0.019385,0.021206,-0.128753,0.357517,0.474014
379,0.111557,0.019125,0.381171,-0.638562,-0.743318,-0.199408,-0.063107,-0.207724,0.976135,-0.766209,0.636833,0.085992,-0.020086,-0.014407,-0.039875,0.064221,0.033684,-0.092116,0.488466,-0.155625,0.055177,0.349538,0.286956,-0.938254,0.193202,0.085524,0.225849,0.970367,-0.954419,-0.260736,0.144786,-0.002038,0.031409,0.019171,1.109168,5.285008,0.848994,-1.408029,0.042003,0.048673,-0.002,-0.110121,0.974722,0.194395,-0.069992,-0.202704,0.976735,0.99145,0.093953,0.090545,-0.000457,0.010034,0.013456,-0.0276,0.041106,-0.125699,-0.822782,0.07157,0.033963,-0.049356,-0.595745,-0.78047,-0.189612,0.035681,-0.261563,0.964526,-0.80238,0.567846,0.183673,-0.010053,-0.007359,-0.020018,0.078069,0.032985,-0.110068,0.47483
380,0.110628,0.018574,0.379619,-0.631899,-0.744386,-0.215957,-0.073401,-0.219965,0.972728,-0.770805,0.631445,0.084633,-0.020527,-0.015682,-0.04099,0.071342,-0.056223,0.078268,0.488976,-0.155533,0.056303,0.350352,0.288483,-0.937501,0.194576,0.086638,0.227818,0.969808,-0.95386,-0.261724,0.146677,-0.001977,0.030137,0.018184,0.24207,-0.147669,-0.254194,-1.408104,0.042045,0.049224,-0.001599,-0.104784,0.97529,0.194497,-0.071251,-0.202434,0.976699,0.991938,0.088484,0.090702,-0.000994,0.014984,0.009045,0.530409,-0.268753,-0.416783,-0.824252,0.07112,0.033703,-0.050105,-0.590295,-0.780278,-0.206679,0.026158,-0.274405,0.961257,-0.806763,0.562019,0.18239,-0.010259,-0.007955,-0.020543,0.075354,-0.058016,0.063179,0.47581
381,0.109724,0.017691,0.378207,-0.621032,-0.752713,-0.218601,-0.073268,-0.221986,0.972279,-0.779604,0.620771,0.08299,-0.008909,-0.029446,-0.034574,0.031263,0.03617,-0.085855,0.482688,-0.155486,0.057359,0.350977,0.28936,-0.936276,0.199123,0.086021,0.232493,0.968753,-0.953652,-0.262,0.147539,-0.001731,0.026169,0.015635,0.28588,-0.185014,-0.282777,-1.408186,0.042072,0.049768,-0.001278,-0.105595,0.974259,0.199171,-0.071537,-0.207214,0.975676,0.991832,0.088779,0.091576,0.005106,0.013062,0.007349,0.542024,-0.378862,-0.244766,-0.817557,0.070655,0.033253,-0.050828,-0.579045,-0.787635,-0.210564,0.02647,-0.276293,0.960708,-0.814865,0.55072,0.180834,-0.010833,-0.013858,-0.016652,0.046334,-0.042095,0.061305,0.471891
382,0.109394,0.017246,0.377534,-0.614326,-0.757185,-0.22208,-0.075736,-0.223624,0.971714,-0.784669,0.614712,0.080316,-0.020997,-0.024407,-0.031389,0.02752,-0.044934,0.059124,0.480304,-0.155448,0.057863,0.351272,0.289538,-0.936303,0.198732,0.086155,0.232154,0.968822,-0.953585,-0.262199,0.147611,-0.001671,0.025141,0.01495,0.010186,-0.051489,0.068972,-1.408075,0.04209,0.050029,-0.001125,-0.107051,0.973997,0.199669,-0.072952,-0.207976,0.975409,0.991573,0.089852,0.093318,-0.000831,0.012361,0.00735,-0.00899,-0.047294,0.079122,-0.815597,0.070493,0.033023,-0.051169,-0.572268,-0.791458,-0.214716,0.024026,-0.277897,0.96031,-0.819714,0.544396,0.178047,-0.003676,-0.007718,-0.020717,0.092532,-0.073003,0.1052,0.467972
383,0.108687,0.01634,0.376357,-0.604291,-0.764211,-0.225518,-0.074566,-0.227613,0.970878,-0.792539,0.604461,0.080849,-0.020871,-0.031016,-0.020184,0.035627,-0.181972,0.058122,0.478656,-0.15528,0.058811,0.351826,0.291709,-0.935622,0.19877,0.088022,0.233062,0.968436,-0.952756,-0.263817,0.150067,0.010213,0.025077,0.013885,0.009631,-0.050189,0.074721,-1.408693,0.042171,0.050491,-0.000854,-0.10928,0.973704,0.199891,-0.074956,-0.208595,0.975125,0.99118,0.091578,0.09578,0.005082,0.012795,0.00709,-0.020565,0.047697,-0.056764,-0.820986,0.070139,0.032569,-0.051764,-0.562115,-0.797444,-0.219337,0.025655,-0.281886,0.959104,-0.82666,0.5335,0.17891,-0.016499,-0.00936,-0.01393,0.146279,-0.423317,-0.181782,0.462746
384,0.107834,0.015564,0.375566,-0.594541,-0.770973,-0.2284,-0.073543,-0.230779,0.970208,-0.799978,0.594587,0.0808,-0.018702,-0.021674,-0.014242,0.002348,-0.050708,0.097678,0.479196,-0.155066,0.059741,0.352372,0.291227,-0.935199,0.201451,0.086087,0.235221,0.968088,-0.953079,-0.263402,0.148735,-0.001522,0.022253,0.013003,0.003938,-0.031913,0.047829,-1.408269,0.042281,0.050967,-0.000575,-0.108695,0.973247,0.20242,-0.073297,-0.210919,0.974751,0.991368,0.091113,0.094262,-0.000763,0.011025,0.006437,0.004591,-0.031284,0.050132,-0.826375,0.06971,0.03217,-0.052166,-0.551969,-0.803372,-0.223432,0.026899,-0.284962,0.95816,-0.83343,0.522865,0.1789,-0.008975,-0.005572,-0.011583,0.037293,-0.05325,0.086336,0.459807
385,0.107238,0.015044,0.37483,-0.592162,-0.770905,-0.234721,-0.076967,-0.235895,0.968711,-0.801421,0.59266,0.080653,-0.004473,-0.010383,-0.022877,0.038626,-0.08186,0.141794,0.481308,-0.154799,0.060502,0.352813,0.291153,-0.935232,0.201402,0.086051,0.235148,0.968109,-0.953105,-0.263349,0.148665,-0.001205,0.01732,0.01005,-0.009663,0.0782,-0.117218,-1.408507,0.042415,0.051352,-0.000353,-0.108591,0.973274,0.202347,-0.07326,-0.210832,0.974772,0.991383,0.091027,0.094196,-0.000589,0.008392,0.004864,-0.009525,0.078813,-0.117118,-0.833723,0.069407,0.031909,-0.052535,-0.550121,-0.802808,-0.229923,0.023769,-0.290269,0.956649,-0.834746,0.520808,0.178765,-0.00217,-0.004982,-0.01129,0.038881,-0.081957,0.141068,0.46389
386,0.107113,0.014855,0.374381,-0.586037,-0.774689,-0.237622,-0.076616,-0.239018,0.967973,-0.805948,0.586438,0.081023,0.00859,-0.011753,-0.023902,0.039586,-0.09668,0.171293,0.475064,-0.154755,0.060766,0.352961,0.290478,-0.934754,0.204569,0.084001,0.23775,0.967654,-0.953494,-0.26271,0.147301,-0.000814,0.011664,0.006751,-0.000653,-0.014485,0.017917,-1.408159,0.042436,0.051485,-0.000278,-0.10781,0.972687,0.205561,-0.071699,-0.213835,0.974234,0.991582,0.090294,0.092794,-0.000395,0.005581,0.003227,-0.004589,-0.01145,0.009128,-0.836989,0.069342,0.03182,-0.05275,-0.54403,-0.805955,-0.23338,0.024347,-0.293188,0.955744,-0.838712,0.514271,0.179126,-0.002104,-0.004707,-0.011132,0.038979,-0.081805,0.141554,0.462583
387,0.107135,0.014658,0.373564,-0.574484,-0.782007,-0.241824,-0.074861,-0.244057,0.966853,-0.814393,0.574519,0.081973,-0.002522,-0.002496,-0.017701,0.033763,0.008962,-0.034571,0.461379,-0.154839,0.060951,0.353062,0.289897,-0.93468,0.205731,0.083625,0.238755,0.967438,-0.953702,-0.262065,0.147095,-7.9e-05,0.001131,0.000653,0.0,-0.0,-0.0,-1.408319,0.042393,0.051585,-0.000223,-0.107189,0.972533,0.206611,-0.071559,-0.214816,0.974029,0.991659,0.089621,0.092619,-0.005892,-0.000334,0.000247,-0.001925,0.015532,-0.029067,-0.832906,0.069355,0.031713,-0.053164,-0.532254,-0.812125,-0.239076,0.026307,-0.298131,0.954162,-0.846175,0.501568,0.180046,0.005432,-0.001412,-0.008984,0.042122,-0.11337,0.196065,0.444131
388,0.107407,0.014773,0.372882,-0.572746,-0.782368,-0.244761,-0.075115,-0.247292,0.966011,-0.815594,0.572638,0.08318,0.011782,0.000995,-0.015411,0.040223,-0.110511,0.196573,0.466815,-0.155029,0.060849,0.352954,0.291901,-0.934337,0.204451,0.087076,0.238711,0.967145,-0.952784,-0.263321,0.150758,-0.012515,0.004339,-0.010898,0.032705,0.021049,-0.034893,-1.408063,0.042303,0.051532,-0.000273,-0.109348,0.972544,0.205427,-0.074993,-0.214149,0.973917,0.99117,0.091091,0.096351,-0.00563,-0.0041,-0.001929,-0.010526,0.032952,-0.052139,-0.827518,0.069478,0.031772,-0.053497,-0.530912,-0.812198,-0.241794,0.026386,-0.301033,0.953248,-0.847015,0.499711,0.181253,0.006069,0.001163,-0.007258,0.035905,-0.031008,0.046203,0.441355
389,0.107753,0.014877,0.372506,-0.566669,-0.78598,-0.247321,-0.074232,-0.250297,0.965305,-0.819912,0.566346,0.083806,0.012831,0.01289,-0.023417,0.075867,-0.140715,0.238547,0.467236,-0.155181,0.060732,0.352866,0.293134,-0.933489,0.206549,0.088322,0.241433,0.966356,-0.952292,-0.263843,0.152936,-0.011248,-0.008519,-0.004053,0.031396,0.001216,-0.076108,-1.408051,0.042227,0.051473,-0.000323,-0.110561,0.971923,0.207703,-0.076975,-0.21673,0.973191,0.990883,0.09161,0.098775,0.000261,-0.003798,-0.002197,0.014805,-0.015579,-0.038618,-0.824905,0.069651,0.031821,-0.053682,-0.524763,-0.815184,-0.245147,0.027357,-0.303986,0.952283,-0.850808,0.493017,0.181822,0.012855,0.005262,-0.012538,0.076811,-0.141245,0.242442,0.443315
390,0.108701,0.015101,0.371666,-0.548415,-0.802568,-0.234884,-0.056506,-0.244733,0.967928,-0.833634,0.545098,0.089165,0.025306,0.009047,-0.026064,0.235756,-0.49675,-0.219507,0.465756,-0.155592,0.060469,0.35266,0.295874,-0.931789,0.210283,0.091002,0.246511,0.964824,-0.951195,-0.265146,0.157442,-0.012492,0.003759,-0.011247,0.145318,-0.088917,-0.082984,-1.408093,0.042023,0.051327,-0.000429,-0.11308,0.970813,0.211503,-0.080337,-0.221105,0.971935,0.990332,0.092915,0.102994,-0.005614,-0.004532,-0.002184,0.140288,-0.084731,-0.145589,-0.820496,0.07013,0.031942,-0.054101,-0.504637,-0.830622,-0.235386,0.044523,-0.297325,0.953737,-0.862182,0.470811,0.187023,0.012681,0.004659,-0.012949,0.636431,-1.544904,-0.947488,0.442988
391,0.110139,0.015282,0.370602,-0.539354,-0.811776,-0.223969,-0.042908,-0.239182,0.970012,-0.840334,0.533801,0.094458,0.050652,0.002894,-0.030359,0.068351,0.015245,-0.049485,0.454875,-0.15625,0.060204,0.352525,0.299186,-0.927766,0.223002,0.089461,0.259828,0.961468,-0.950309,-0.266529,0.16043,-0.023226,-0.0072,-0.002423,0.131696,-0.072984,-0.197844,-1.408181,0.041689,0.051193,-0.000502,-0.116451,0.967452,0.224663,-0.081616,-0.234759,0.96862,0.989836,0.09446,0.106297,-0.011619,-0.003498,-0.001144,0.118371,-0.073992,-0.18357,-0.815924,0.07086,0.032038,-0.054642,-0.493533,-0.839923,-0.225729,0.058072,-0.290784,0.955024,-0.867786,0.458228,0.192288,0.025331,0.001371,-0.015253,0.066621,0.014379,-0.040077,0.435477
392,0.111069,0.015393,0.369949,-0.538899,-0.812448,-0.222625,-0.040296,-0.239169,0.970127,-0.840756,0.532783,0.096434,0.050408,0.001859,-0.031085,0.073205,-0.078216,0.126065,0.448913,-0.156635,0.060099,0.352472,0.307813,-0.924233,0.225914,0.090652,0.264729,0.960018,-0.947447,-0.273852,0.164962,-0.023282,-0.006525,-0.002033,0.113447,-0.121624,-0.149334,-1.40845,0.041506,0.051143,-0.000528,-0.125462,0.965539,0.228018,-0.083856,-0.239332,0.967309,0.988547,0.10224,0.110993,-0.01162,-0.003618,-0.001209,0.085261,-0.22427,-0.192071,-0.81968,0.071306,0.032093,-0.054956,-0.492976,-0.840607,-0.224396,0.060649,-0.290488,0.954954,-0.867926,0.45716,0.194186,0.0255,0.005951,-0.020181,0.102073,-0.001169,-0.02673,0.427312
393,0.112896,0.015719,0.368557,-0.527783,-0.823759,-0.207151,-0.027168,-0.227439,0.973399,-0.848307,0.520397,0.097924,0.050629,0.002803,-0.030482,-0.199429,-0.237637,0.047624,0.445852,-0.157521,0.059987,0.352345,0.321989,-0.915096,0.242722,0.090653,0.284876,0.954234,-0.94274,-0.284086,0.174353,-0.023458,-0.003951,-0.000538,0.273394,-0.305597,-0.066961,-1.408174,0.041063,0.051083,-0.000594,-0.139691,0.959226,0.245704,-0.087326,-0.259104,0.961893,0.986337,0.112912,0.11996,-0.011725,-0.002073,-0.000309,0.347139,-0.24996,-0.272477,-0.826538,0.072218,0.032252,-0.055654,-0.480305,-0.851445,-0.210587,0.073524,-0.278333,0.957665,-0.874013,0.444489,0.196287,0.025652,0.006629,-0.019733,-0.317957,-0.308542,0.041481,0.418168
394,0.114792,0.016204,0.367214,-0.513753,-0.834379,-0.199786,-0.021985,-0.220038,0.975229,-0.857036,0.506458,0.094957,0.051928,0.016473,-0.037222,-0.371796,-0.553791,0.004582,0.439444,-0.158371,0.060055,0.352093,0.371963,-0.889191,0.266411,0.07268,0.313897,0.946636,-0.925809,-0.331619,0.181024,-0.024287,0.002432,-0.011157,-0.191034,-1.728153,-0.593713,-1.40809,0.040638,0.051127,-0.000709,-0.190847,0.943089,0.272322,-0.07596,-0.290778,0.95377,0.978676,0.161339,0.127131,-0.011997,0.001377,-0.005756,-1.24526,-5.493515,-1.301069,-0.83013,0.073184,0.032493,-0.056339,-0.46534,-0.860984,-0.205336,0.07903,-0.271473,0.959195,-0.881596,0.430124,0.194371,0.025995,0.008253,-0.018626,-0.323523,-0.54617,0.021177,0.410657
395,0.117292,0.016633,0.365524,-0.509179,-0.840171,-0.186801,-0.01429,-0.208812,0.977836,-0.859926,0.50161,0.094557,0.063349,0.007886,-0.043243,-0.08756,-0.225008,0.036571,0.42944,-0.15956,0.059917,0.351359,0.418951,-0.861463,0.286972,0.061452,0.342093,0.937619,-0.906398,-0.374085,0.195872,-0.036415,-0.00195,-0.027225,0.065642,-1.990063,-0.589018,-1.40846,0.040056,0.051079,-0.001055,-0.235936,0.925947,0.294883,-0.070661,-0.318993,0.945119,0.969196,0.202151,0.14069,-0.018209,-0.000951,-0.013564,0.675497,-0.594515,-0.322608,-0.829314,0.074414,0.032715,-0.05716,-0.458562,-0.867529,-0.192647,0.084806,-0.258514,0.962277,-0.884606,0.424926,0.192116,0.031543,0.003213,-0.022159,-0.116616,-0.11889,-0.355661,0.401023
396,0.118532,0.016701,0.364728,-0.507753,-0.842497,-0.180084,-0.009585,-0.203549,0.979003,-0.860836,0.499867,0.095509,0.076085,0.004965,-0.045382,-0.194343,-0.290737,0.077944,0.418296,-0.160094,0.05979,0.350828,0.44096,-0.846472,0.29838,0.056968,0.358045,0.931929,-0.896217,-0.392868,0.205704,-0.02441,-0.005641,-0.030329,-0.843731,-5.822458,-1.550717,-1.408373,0.039775,0.05101,-0.001327,-0.259086,0.915567,0.307587,-0.069171,-0.335232,0.939592,0.963374,0.222159,0.150184,-0.012185,-0.003175,-0.015335,0.44237,-0.391802,-0.15689,-0.833723,0.075028,0.032749,-0.057558,-0.456762,-0.869856,-0.186326,0.089964,-0.253546,0.96313,-0.885027,0.423159,0.194066,0.031592,0.003412,-0.022046,-0.397503,-0.254645,-0.14686,0.391225
397,0.121219,0.01666,0.363239,-0.506348,-0.845641,-0.168958,-0.00031,-0.195805,0.980628,-0.861717,0.497645,0.099101,0.062693,-0.00353,-0.035183,0.071036,-0.079223,0.128157,0.392867,-0.160908,0.059833,0.349247,0.509275,-0.792692,0.335068,0.028878,0.404729,0.913945,-0.860706,-0.454762,0.228562,-0.026208,0.008696,-0.050784,-0.985083,-5.742605,-1.940736,-1.407793,0.039369,0.051025,-0.002111,-0.33441,0.875436,0.34897,-0.051776,-0.386795,0.92071,0.941004,0.289827,0.174675,-0.006639,-0.001084,-0.021804,0.711194,-0.803801,-1.173669,-0.833396,0.076399,0.032727,-0.058322,-0.453359,-0.873871,-0.175538,0.097869,-0.244554,0.964683,-0.885938,0.420168,0.196395,0.031362,-0.001807,-0.017668,0.090166,-0.076238,0.144212,0.357751
398,0.124018,0.016355,0.361984,-0.505644,-0.847823,-0.159893,0.009241,-0.190695,0.981592,-0.862081,0.495914,0.104465,0.075946,-0.012602,-0.025583,0.09515,-0.055608,-0.071104,0.366183,-0.161595,0.059982,0.346972,0.57806,-0.722682,0.378905,-0.016997,0.453445,0.891085,-0.81649,-0.520617,0.249331,-0.014837,0.007374,-0.06718,-0.868562,-0.982643,-2.909386,-1.408346,0.039021,0.051104,-0.003239,-0.418486,0.8172,0.396298,-0.017863,-0.443666,0.896013,0.908047,0.36789,0.200265,-0.006608,-0.00287,-0.030412,-1.838677,-5.236117,-1.997957,-0.838131,0.077769,0.032572,-0.058945,-0.451866,-0.876348,-0.166822,0.107073,-0.238929,0.965115,-0.885635,0.418241,0.201797,0.031426,-0.005779,-0.01242,0.238346,0.059548,-0.737513,0.327705
399,0.125389,0.016246,0.361495,-0.505005,-0.848724,-0.157106,0.012666,-0.189341,0.981815,-0.862412,0.494889,0.106571,0.064104,-0.005136,-0.020309,0.039575,-0.075119,0.139027,0.34445,-0.161905,0.05993,0.345675,0.598878,-0.699294,0.390288,-0.030957,0.466629,0.883874,-0.80094,-0.54052,0.257288,-0.013581,-0.009535,-0.063159,0.307929,-0.348839,0.065133,-1.40844,0.038865,0.051083,-0.00389,-0.443294,0.796234,0.411704,-0.004071,-0.461082,0.887347,0.896366,0.39168,0.207637,-0.007262,-9.3e-05,-0.03596,0.116969,-0.203876,-0.317251,-0.841234,0.078458,0.032507,-0.059197,-0.450952,-0.877363,-0.163936,0.110532,-0.237154,0.965163,-0.885677,0.417122,0.203922,0.032415,0.003287,-0.014189,0.072691,-0.10628,0.192248,0.305334
400,0.128017,0.016401,0.360958,-0.498939,-0.853781,-0.148876,0.022196,-0.18437,0.982592,-0.865749,0.488012,0.111133,0.066472,0.00786,-0.011267,0.040569,-0.088829,0.162885,0.324496,-0.162504,0.059679,0.34272,0.639193,-0.649273,0.412151,-0.070222,0.484266,0.872061,-0.76658,-0.585524,0.2634,-0.01524,0.000968,-0.086531,0.282715,-0.346202,0.274322,-1.407964,0.038566,0.050955,-0.005357,-0.490322,0.754473,0.436296,0.0314,-0.484985,0.873957,0.870974,0.442221,0.214108,-0.007055,-0.005892,-0.03988,0.114412,-0.234685,-0.065806,-0.835029,0.07977,0.032574,-0.059473,-0.443876,-0.882319,-0.156483,0.119701,-0.231446,0.965455,-0.888057,0.409811,0.208347,0.033435,0.00491,-0.004992,0.038835,-0.104618,0.197629,0.264838
401,0.130389,0.01669,0.360772,-0.497816,-0.857431,-0.130524,0.034874,-0.170219,0.984775,-0.865978,0.486753,0.11481,0.054096,0.005558,0.003341,-0.018204,-0.001441,-0.088461,0.307576,-0.16289,0.059545,0.33924,0.694939,-0.567079,0.442122,-0.120705,0.513977,0.84923,-0.709676,-0.642801,0.288149,-0.003065,-0.004959,-0.092073,0.875729,-0.924519,-0.941893,-1.407912,0.038369,0.050884,-0.007099,-0.556333,0.685922,0.469045,0.074877,-0.520786,0.850396,0.827578,0.508224,0.23837,-0.007451,-0.004005,-0.046504,0.035931,-1.759643,-1.010779,-0.835519,0.080982,0.032724,-0.059568,-0.440908,-0.886791,-0.138566,0.131139,-0.216373,0.967463,-0.88792,0.408391,0.211693,0.027128,0.003165,0.001897,0.008389,-0.001321,-0.070157,0.238875
402,0.132311,0.017262,0.360966,-0.498244,-0.858597,-0.120871,0.042432,-0.163438,0.985626,-0.865394,0.487023,0.118022,0.04231,0.015143,0.010064,-0.000261,0.025235,-0.034341,0.284664,-0.16329,0.05887,0.335448,0.734869,-0.496766,0.461717,-0.162903,0.531403,0.831268,-0.659211,-0.685447,0.308978,-0.001551,-0.030508,-0.095198,-2.838739,-3.327687,-4.518977,-1.407776,0.038168,0.050561,-0.008989,-0.606773,0.626012,0.489831,0.105961,-0.547035,0.830376,0.78778,0.555752,0.265593,-0.007269,-0.010614,-0.051512,0.259521,-0.144564,-0.27134,-0.845643,0.081928,0.033005,-0.059474,-0.440395,-0.888462,-0.129175,0.138368,-0.209326,0.968006,-0.887077,0.408431,0.215121,0.021244,0.008049,0.005332,-0.000831,0.024512,-0.026977,0.209646
403,0.1331,0.017584,0.36118,-0.492982,-0.861863,-0.119192,0.044866,-0.162049,0.985748,-0.868284,0.481682,0.118712,0.042408,0.016306,0.010807,0.001334,0.012003,-0.035931,0.269596,-0.163318,0.058222,0.33348,0.756467,-0.455552,0.469278,-0.189477,0.533926,0.823987,-0.626863,-0.711647,0.316962,0.010594,-0.030887,-0.097328,-0.301844,-1.573095,-0.844123,-1.408116,0.03815,0.050241,-0.009941,-0.632963,0.589993,0.501264,0.134043,-0.554178,0.821533,0.762489,0.587191,0.27169,-0.001219,-0.011024,-0.052699,0.551747,-0.728675,-0.646596,-0.84499,0.082323,0.033171,-0.059364,-0.434779,-0.891371,-0.128155,0.140666,-0.207785,0.968007,-0.889482,0.402842,0.215726,0.014795,0.009298,0.006253,0.008884,-0.101995,0.107426,0.19348
404,0.134392,0.018114,0.361601,-0.492124,-0.863263,-0.112407,0.050623,-0.157339,0.986232,-0.868454,0.480734,0.121279,0.028442,0.012584,0.008308,0.002631,-0.043582,0.084202,0.247702,-0.162889,0.057219,0.329753,0.78943,-0.362231,0.495561,-0.248286,0.549709,0.797564,-0.562294,-0.752189,0.343367,0.010457,-0.024582,-0.094662,-1.938936,-4.822501,-2.41064,-1.408105,0.03836,0.049718,-0.011817,-0.680962,0.504576,0.530747,0.187128,-0.580797,0.792248,0.708006,0.638809,0.30108,0.00576,-0.0177,-0.043426,1.09352,-0.782734,-0.805032,-0.846949,0.082977,0.033452,-0.059143,-0.433299,-0.893034,-0.121411,0.146136,-0.20255,0.968306,-0.889322,0.401824,0.21827,0.014284,0.006677,0.004397,0.001378,-0.05895,0.116987,0.159353
405,0.135165,0.018478,0.361864,-0.491682,-0.864238,-0.106711,0.055272,-0.153328,0.986614,-0.868422,0.480279,0.123298,0.014314,0.007092,0.004676,0.001649,-0.028866,0.05465,0.209976,-0.162636,0.055593,0.326489,0.815399,-0.264944,0.514704,-0.305666,0.557806,0.771592,-0.492545,-0.786133,0.373172,0.00041,-0.051075,-0.083239,0.532513,-0.979343,-0.914231,-1.407908,0.038494,0.048912,-0.013484,-0.725293,0.410304,0.55281,0.243823,-0.597846,0.763629,0.643816,0.688644,0.333572,0.000255,-0.025795,-0.041788,-0.683229,-1.748601,-1.37386,-0.855114,0.083369,0.033642,-0.059006,-0.432313,-0.894243,-0.115903,0.15044,-0.198261,0.968535,-0.889085,0.401273,0.22024,0.007078,0.003073,0.002001,0.000929,-0.029088,0.057465,0.123265
406,0.135332,0.018533,0.3619,-0.491128,-0.86438,-0.108105,0.054655,-0.154489,0.986468,-0.868776,0.479649,0.123259,0.000491,0.003037,0.002079,0.005257,-0.111818,0.198299,0.175149,-0.162488,0.054525,0.324958,0.830674,-0.194449,0.521692,-0.348776,0.548396,0.759968,-0.4349,-0.812977,0.387032,0.013703,-0.059045,-0.075359,-2.442355,-4.977726,-2.917925,-1.407743,0.038563,0.048374,-0.014257,-0.750834,0.347407,0.561743,0.283581,-0.598553,0.74921,0.596514,0.721832,0.350896,0.00015,-0.023751,-0.040774,0.064397,-1.727305,-1.556035,-0.856094,0.083459,0.033675,-0.058985,-0.431862,-0.894264,-0.11741,0.149869,-0.199514,0.968365,-0.8894,0.400604,0.220185,0.000162,0.001014,0.000683,0.005194,-0.111493,0.198739,0.086198
407,0.135519,0.018288,0.361728,-0.490712,-0.863969,-0.113156,0.054367,-0.160027,0.9856,-0.869029,0.478569,0.125647,-0.001672,-0.010385,-0.007122,0.003617,0.016942,-0.023643,0.083199,-0.16231,0.052372,0.322125,0.842587,-0.112084,0.526759,-0.384406,0.559601,0.734174,-0.378112,-0.820938,0.427734,-0.010361,-0.066635,-0.064783,0.697247,-0.598964,-0.71078,-1.408068,0.038661,0.047297,-0.015681,-0.779067,0.263728,0.568771,0.318841,-0.614467,0.721643,0.539809,0.743557,0.394624,0.001104,-0.032992,-0.0327,0.553997,-1.018068,-0.705916,-0.852338,0.083555,0.033568,-0.05906,-0.432006,-0.893527,-0.122383,0.150126,-0.205053,0.967168,-0.889287,0.39945,0.222726,0.005524,-0.006584,-0.004611,-0.011997,-0.082098,0.150214,-0.013899
408,0.135395,0.017644,0.361274,-0.490939,-0.863384,-0.116587,0.054812,-0.164222,0.984885,-0.868872,0.478204,0.128099,-0.016393,-0.019804,-0.01349,0.111873,0.031771,0.106046,0.020631,-0.16239,0.049683,0.319761,0.852457,-0.021238,0.522359,-0.425896,0.550926,0.717655,-0.304084,-0.834196,0.459906,0.00179,-0.060108,-0.062441,-2.261432,-4.603687,-3.076655,-1.408346,0.038617,0.045947,-0.016866,-0.804095,0.181007,0.566273,0.356649,-0.615204,0.703081,0.475637,0.767306,0.430127,0.00144,-0.03556,-0.027411,0.663409,-1.062836,-0.84049,-0.856584,0.083497,0.033244,-0.059289,-0.432289,-0.892923,-0.125748,0.150686,-0.209023,0.966231,-0.889055,0.398742,0.224909,-0.001682,-0.010449,-0.007209,0.14097,0.117509,-0.002527,-0.123793
409,0.135094,0.016825,0.360467,-0.494425,-0.86093,-0.119952,0.05956,-0.171283,0.983406,-0.866577,0.480148,0.136121,-0.004233,-0.017546,-0.028348,0.162716,0.112564,-0.013494,-0.014848,-0.162226,0.047283,0.317664,0.856754,0.0606,0.512144,-0.452796,0.563365,0.691035,-0.247716,-0.824004,0.509428,-0.009268,-0.073387,-0.040453,1.07315,-0.8855,-0.802524,-1.408492,0.038704,0.044744,-0.01793,-0.824353,0.097486,0.557618,0.382799,-0.62968,0.675993,0.417021,0.770712,0.481761,0.001226,-0.030262,-0.0239,0.848637,-0.817603,-0.456215,-0.85936,0.083341,0.03283,-0.05969,-0.436304,-0.890526,-0.128841,0.156071,-0.215916,0.963857,-0.88616,0.400427,0.233191,-0.002368,-0.014657,-0.010205,0.124648,0.044705,0.145144,-0.186987
410,0.134896,0.016289,0.359949,-0.49721,-0.859169,-0.121064,0.063169,-0.175063,0.982515,-0.864724,0.481938,0.141475,-0.005255,-0.023702,-0.032782,0.213205,0.059526,0.150586,-0.046403,-0.16226,0.046104,0.316872,0.857731,0.083911,0.507196,-0.459294,0.567889,0.682996,-0.231791,-0.81887,0.524965,-0.00967,-0.065106,-0.034329,0.461082,-0.507419,-0.176851,-1.408378,0.038687,0.044145,-0.018334,-0.829755,0.071907,0.553475,0.388597,-0.637385,0.665381,0.400623,0.767182,0.500931,0.001045,-0.026067,-0.020792,0.519336,-0.545206,-0.184611,-0.860013,0.083243,0.032567,-0.059945,-0.439259,-0.888981,-0.129469,0.159801,-0.219139,0.962518,-0.884032,0.402106,0.238319,-0.009354,-0.016791,-0.011678,0.195239,0.2101,-0.059242,-0.208378
411,0.134271,0.015067,0.358775,-0.504349,-0.854027,-0.127727,0.068882,-0.187288,0.979872,-0.860135,0.486464,0.153453,-0.019193,-0.027063,-0.035361,0.302715,0.132832,0.151891,-0.112302,-0.162187,0.044108,0.315678,0.857012,0.173976,0.48503,-0.49179,0.556569,0.669558,-0.154537,-0.812556,0.561902,0.001563,-0.041172,-0.033349,-1.701096,-5.236878,-2.747551,-1.408307,0.038719,0.043144,-0.018926,-0.845801,-0.008984,0.533421,0.418186,-0.632015,0.652438,0.331269,0.774903,0.538317,0.007189,-0.0192,-0.016141,0.708636,-2.463742,1.915133,-0.854297,0.082934,0.03195,-0.060536,-0.447191,-0.884147,-0.135287,0.166074,-0.2307,0.958747,-0.878885,0.406275,0.25,-0.003311,-0.020152,-0.014308,0.325148,0.269769,0.004617,-0.260631
412,0.133618,0.013631,0.357346,-0.511953,-0.848367,-0.134989,0.073725,-0.20001,0.977002,-0.855222,0.491283,0.165117,-0.007977,-0.047657,-0.034434,0.050432,0.105861,-0.10705,-0.114589,-0.162316,0.042541,0.314542,0.858011,0.219437,0.464388,-0.500599,0.558819,0.661103,-0.115513,-0.799967,0.588704,-0.010594,-0.046164,-0.020013,0.236935,-0.457694,0.165901,-1.408021,0.03866,0.042363,-0.019499,-0.856209,-0.061573,0.512946,0.429924,-0.635483,0.641346,0.286479,0.769655,0.570579,-0.005815,-0.01639,-0.012886,0.251306,-0.505453,0.18454,-0.859686,0.082612,0.031257,-0.061232,-0.456425,-0.878367,-0.141938,0.171929,-0.243583,0.954519,-0.872992,0.411263,0.262194,-0.010639,-0.023749,-0.017071,-0.016067,0.123974,-0.151898,-0.283655
413,0.133261,0.01275,0.356611,-0.515038,-0.845785,-0.139388,0.074321,-0.206117,0.975686,-0.853313,0.49321,0.169199,-0.008719,-0.051721,-0.037714,0.187841,0.194258,-0.060577,-0.114613,-0.162451,0.041781,0.314222,0.85763,0.237133,0.456322,-0.505256,0.552917,0.66252,-0.096277,-0.799042,0.593403,0.001988,-0.037907,-0.014496,-0.709098,-1.44595,-0.602714,-1.40837,0.038588,0.041976,-0.019665,-0.859496,-0.077611,0.505215,0.434667,-0.631042,0.642534,0.268944,0.771856,0.576113,-0.005573,-0.019512,-0.007038,-2.549901,-3.944068,-2.914501,-0.860339,0.082426,0.030804,-0.061615,-0.459663,-0.876059,-0.1457,0.172319,-0.248923,0.95307,-0.871214,0.412984,0.265382,-0.010878,-0.020625,-0.023192,0.277013,0.235438,-0.090983,-0.285778
