frame,MLTx,MLTy,MLTz,MLTR1,MLTR2,MLTR3,MLTR4,MLTR5,MLTR6,MLTR7,MLTR8,MLTR9,MLTTVx,MLTTVy,MLTTVz,MLTRVx,MLTRVy,MLTRVz,MLGA,MRTx,MRTy,MRTz,MRTR1,MRTR2,MRTR3,MRTR4,MRTR5,MRTR6,MRTR7,MRTR8,MRTR9,MRTTVx,MRTTVy,MRTTVz,MRTRVx,MRTRVy,MRTRVz,MRGA,SLTx,SLTy,SLTz,SLTR1,SLTR2,SLTR3,SLTR4,SLTR5,SLTR6,SLTR7,SLTR8,SLTR9,SLTTVx,SLTTVy,SLTTVz,SLTRVx,SLTRVy,SLTRVz,SLGA,SRTx,SRTy,SRTz,SRTR1,SRTR2,SRTR3,SRTR4,SRTR5,SRTR6,SRTR7,SRTR8,SRTR9,SRTTVx,SRTTVy,SRTTVz,SRTRVx,SRTRVy,SRTRVz,SRGA
642,0.077404,-0.033624,0.32097,-0.742602,0.39935,-0.537687,-0.606745,-0.741077,0.287468,-0.282749,0.539213,0.793303,-0.015166,0.002788,0.001739,0.03436,-0.036677,0.011364,0.184852,-0.201008,-0.009192,0.273315,-0.567738,0.756662,0.324233,-0.327141,-0.568683,0.75466,0.756109,0.321421,0.569956,0.000693,-0.009333,0.010409,-0.022631,0.142529,0.11034,-1.403428,0.021773,0.052942,-0.023746,0.487175,-0.758622,0.43261,0.292363,0.608465,0.737762,-0.822911,-0.23294,0.518222,0.000307,-0.004978,0.0048,0.107705,0.425203,0.279157,-0.941658,0.040188,0.037233,-0.046433,0.774977,-0.382594,-0.503021,0.550747,0.799239,0.240611,0.309978,-0.463505,0.830105,0.000421,0.005178,-0.004561,0.166952,-0.192366,0.163358,-0.015695
643,0.077354,-0.033522,0.320892,-0.740489,0.393245,-0.54505,-0.604175,-0.744733,0.283404,-0.293554,0.538671,0.789739,-5.7e-05,-0.000159,-0.000191,0.993778,-0.570395,-1.357277,0.220078,-0.200962,-0.009325,0.273495,-0.557532,0.761858,0.329731,-0.330751,-0.568039,0.753572,0.762102,0.310117,0.568236,0.000798,-0.008407,0.011613,-0.034811,-0.00112,0.007704,-1.403438,0.021796,0.052875,-0.023656,0.476094,-0.762843,0.437497,0.296283,0.607556,0.736947,-0.827979,-0.221233,0.515271,0.000366,-0.004415,0.005538,-0.024297,0.006513,-0.012209,-0.944597,0.040157,0.037285,-0.046472,0.771903,-0.378446,-0.510825,0.549447,0.801329,0.236598,0.3198,-0.463302,0.826484,0.000499,0.005279,-0.004469,3.466334,-2.206929,-3.851164,0.028883
644,0.077244,-0.033263,0.320752,-0.732569,0.378766,-0.565618,-0.599487,-0.752598,0.272364,-0.321615,0.538131,0.779105,0.001243,0.011466,-0.007793,1.227819,-1.897478,1.374857,0.279492,-0.200779,-0.009511,0.273852,-0.548329,0.762732,0.342878,-0.326132,-0.572465,0.752233,0.770714,0.299683,0.562185,0.000739,-0.008933,0.010925,-0.036339,0.014337,-0.016165,-1.403132,0.021882,0.052785,-0.023474,0.465747,-0.762085,0.449783,0.292089,0.612183,0.734789,-0.835322,-0.210849,0.507719,0.000355,-0.004521,0.00539,-0.031759,0.004327,-0.010401,-0.940678,0.040101,0.037408,-0.046541,0.765326,-0.364166,-0.530714,0.542252,0.809017,0.226833,0.346752,-0.461382,0.816632,-0.00687,0.00737,-0.002736,-0.030745,-0.088384,-0.059453,0.11951
645,0.077201,-0.032869,0.320473,-0.730419,0.357083,-0.582258,-0.587074,-0.763906,0.267887,-0.348229,0.53705,0.768336,0.000561,0.009568,-0.010067,-0.079404,-0.167984,-0.074735,0.336516,-0.200505,-0.009588,0.27404,-0.53229,0.769329,0.353255,-0.330983,-0.573072,0.749648,0.779823,0.281136,0.559198,0.015316,0.002491,0.002319,-0.002706,0.121898,-0.142652,-1.403222,0.022025,0.052744,-0.023375,0.448509,-0.766945,0.458949,0.297209,0.612251,0.732677,-0.842915,-0.192208,0.502543,0.007647,0.001212,0.001111,-0.001601,0.129205,-0.158401,-0.934636,0.040082,0.037611,-0.046674,0.760382,-0.34423,-0.550749,0.529873,0.81916,0.219567,0.37557,-0.458782,0.805273,0.000473,0.005309,-0.004401,-0.066647,-0.11741,-0.205847,0.201318
646,0.077252,-0.032401,0.31997,-0.723687,0.344231,-0.598186,-0.585273,-0.765418,0.267511,-0.364882,0.543265,0.756142,0.000567,0.009585,-0.010045,-0.210476,-0.313805,-0.140681,0.380891,-0.200232,-0.009597,0.274198,-0.506258,0.782042,0.363463,-0.336544,-0.567087,0.751721,0.794614,0.257255,0.549792,0.000243,0.002195,0.002846,-0.20218,0.719037,0.458999,-1.403231,0.022156,0.052739,-0.023297,0.42402,-0.77556,0.467669,0.302147,0.607945,0.734241,-0.853764,-0.170028,0.492114,0.000432,-0.005019,0.004604,1.933847,4.723214,2.328254,-0.931534,0.040106,0.037842,-0.046928,0.753157,-0.333619,-0.566966,0.527978,0.82068,0.218454,0.392418,-0.463876,0.794245,0.000721,0.00999,-0.00956,-0.288278,-0.450488,-0.184897,0.278065
647,0.077251,-0.032109,0.319704,-0.719844,0.339247,-0.605624,-0.586665,-0.763673,0.269441,-0.370202,0.548829,0.749509,0.001807,0.021037,-0.017853,-0.275301,-0.453723,-0.189987,0.404777,-0.200162,-0.009576,0.274221,-0.498678,0.784547,0.368509,-0.336541,-0.566919,0.75185,0.799387,0.249921,0.546245,8.9e-05,0.000808,0.001047,-0.102651,0.081011,0.066108,-1.402773,0.022197,0.052753,-0.023281,0.412706,-0.778988,0.47207,0.301837,0.605944,0.73602,-0.859399,-0.161272,0.485204,4.1e-05,0.00042,0.000542,-0.096958,0.079555,0.07749,-0.935453,0.040105,0.037982,-0.047061,0.749154,-0.32988,-0.574409,0.529505,0.819256,0.220096,0.397983,-0.469039,0.788422,0.000434,0.005186,-0.004553,-0.49221,-0.735531,-0.128426,0.309743
648,0.077255,-0.031376,0.31917,-0.722973,0.309845,-0.617537,-0.566343,-0.777715,0.272741,-0.394866,0.546533,0.738518,0.001272,0.011537,-0.007705,-0.091637,-0.427328,-0.065894,0.471483,-0.199969,-0.009493,0.274215,-0.490587,0.786337,0.375486,-0.335789,-0.568101,0.751293,0.804685,0.241497,0.54224,0.015071,0.000374,-0.000442,0.001006,-0.014388,0.029913,-1.40359,0.022287,0.052794,-0.023284,0.403885,-0.779782,0.478347,0.301453,0.607134,0.735196,-0.863714,-0.152735,0.48028,3.1e-05,0.000285,0.000365,0.013108,-0.009796,-0.002258,-0.941495,0.040107,0.038352,-0.047332,0.750388,-0.300444,-0.588769,0.508129,0.83188,0.223111,0.422754,-0.466591,0.776898,0.001179,0.011258,-0.008038,0.087049,-0.526247,-0.524691,0.388123
649,0.077286,-0.030524,0.318571,-0.721636,0.281107,-0.632666,-0.550929,-0.786578,0.278828,-0.418369,0.549413,0.723284,0.002029,0.021641,-0.017122,-0.19793,-0.469151,0.024318,0.520177,-0.199814,-0.009428,0.274307,-0.480549,0.791145,0.378356,-0.341188,-0.565991,0.750453,0.808452,0.23054,0.541405,0.000368,0.003367,0.004359,0.001579,-0.016946,0.023254,-1.403562,0.02237,0.052821,-0.023246,0.393454,-0.783746,0.480555,0.306851,0.604695,0.734973,-0.866623,-0.14172,0.478413,0.000189,0.001757,0.002272,0.002316,-0.019251,0.021791,-0.94574,0.040122,0.038769,-0.047618,0.747496,-0.272977,-0.605583,0.491861,0.840182,0.228399,0.446453,-0.46859,0.7623,0.001026,0.010833,-0.008548,-0.367119,-0.664443,-0.077003,0.481851
650,0.077373,-0.030176,0.318251,-0.718341,0.262522,-0.644293,-0.540466,-0.793709,0.279097,-0.437224,0.548375,0.712845,0.00175,0.020872,-0.018043,4.240401,-4.157462,-2.351321,0.521891,-0.199806,-0.009371,0.274415,-0.468614,0.79675,0.381551,-0.345284,-0.56263,0.751106,0.81369,0.21923,0.538247,0.000488,0.004471,0.005782,-0.029264,0.007729,0.042626,-1.403558,0.022374,0.052849,-0.023192,0.380817,-0.788451,0.483036,0.310405,0.601092,0.736435,-0.870992,-0.13051,0.473645,0.000249,0.002333,0.003017,0.000804,-0.009525,0.03522,-0.94574,0.040167,0.038952,-0.047783,0.743767,-0.26046,-0.615605,0.485118,0.843914,0.229058,0.459857,-0.469007,0.75403,0.008353,0.008813,-0.010165,-0.097651,-0.46753,0.279793,0.503406
651,0.077773,-0.02945,0.317478,-0.709832,0.228884,-0.66618,-0.520608,-0.807529,0.277194,-0.473636,0.543291,0.693203,0.017472,0.027877,-0.029577,3.391082,-2.31341,-3.689348,0.521969,-0.199817,-0.009319,0.274703,-0.450616,0.802912,0.390216,-0.350029,-0.560902,0.750202,0.82177,0.200453,0.533269,0.000917,-0.007333,0.012968,0.605327,1.303795,0.809401,-1.402933,0.022368,0.052881,-0.02305,0.363277,-0.792155,0.490428,0.314307,0.599732,0.735888,-0.877063,-0.113186,0.466849,0.000403,0.002707,0.003357,2.15021,4.283765,2.759444,-0.941821,0.04036,0.039312,-0.048166,0.731672,-0.228913,-0.642069,0.465084,0.856273,0.224706,0.498349,-0.463027,0.732975,0.008212,0.00844,-0.010621,-0.339385,-0.660534,-0.090227,0.516469
652,0.078345,-0.02865,0.316647,-0.697629,0.213252,-0.68402,-0.51564,-0.812271,0.272585,-0.496617,0.542602,0.677481,0.016913,0.018395,-0.019422,0.321704,-0.407208,-0.17023,0.52148,-0.19981,-0.009372,0.275106,-0.452396,0.801842,0.390356,-0.350525,-0.562238,0.748968,0.820581,0.200989,0.534896,0.000911,-0.007387,0.012887,0.024346,-0.049494,-0.03086,-1.403129,0.022372,0.052854,-0.022847,0.363734,-0.791831,0.490613,0.316203,0.600374,0.734552,-0.876192,-0.112048,0.468755,0.00024,0.002269,0.002922,0.07535,-0.081016,-0.028019,-0.934636,0.040652,0.03972,-0.048595,0.719088,-0.209839,-0.662479,0.455133,0.862614,0.220793,0.525133,-0.460286,0.715801,0.008477,0.009224,-0.009685,0.376427,-0.347649,-0.141416,0.519408
653,0.078601,-0.02824,0.316258,-0.692711,0.204492,-0.69165,-0.510596,-0.816328,0.269948,-0.508556,0.539892,0.670758,0.017352,0.019666,-0.017903,1.126263,-0.842018,-0.75341,0.521719,-0.199799,-0.009394,0.275263,-0.454131,0.80066,0.390769,-0.351256,-0.563864,0.747402,0.819311,0.201148,0.536779,0.000428,0.003936,0.005063,0.038668,-0.046248,-0.000609,-1.403155,0.022378,0.05284,-0.022765,0.365731,-0.790668,0.491002,0.317303,0.60187,0.732851,-0.874962,-0.11223,0.471004,0.000419,-0.003968,0.006086,-0.019138,-0.030021,-0.013237,-0.934963,0.040779,0.039923,-0.048793,0.713694,-0.202463,-0.670558,0.450157,0.866021,0.217635,0.536655,-0.457182,0.709214,0.008698,0.00986,-0.008924,1.168486,-0.820611,-0.741436,0.519408
654,0.079059,-0.027241,0.31544,-0.686291,0.182906,-0.703985,-0.489614,-0.831916,0.261088,-0.537053,0.523632,0.661371,0.018439,0.030836,-0.026044,0.127889,-0.299293,0.380853,0.51961,-0.199716,-0.009499,0.275476,-0.453198,0.799241,0.394735,-0.349082,-0.566463,0.746455,0.820755,0.199489,0.53519,0.000509,-0.011082,0.00813,-0.163219,1.780712,-2.390033,-1.402839,0.022414,0.052798,-0.022653,0.365258,-0.790182,0.492136,0.316064,0.602527,0.732846,-0.875607,-0.112131,0.469826,3.5e-05,0.00036,0.000461,-0.001888,0.000355,0.000397,-0.937249,0.041002,0.040412,-0.04919,0.706309,-0.181725,-0.68418,0.427602,0.879769,0.207756,0.564167,-0.439296,0.699095,0.001815,0.01709,-0.011809,0.222147,-0.17925,0.126167,0.520225
655,0.079616,-0.025983,0.314552,-0.679435,0.16214,-0.715629,-0.470748,-0.844433,0.255542,-0.562027,0.510299,0.650959,0.004112,0.035684,-0.021798,0.196391,-0.682419,-0.297548,0.520142,-0.199552,-0.00958,0.275563,-0.451697,0.79696,0.401018,-0.346108,-0.570699,0.744612,0.822839,0.196538,0.533079,8.4e-05,0.000777,0.000998,0.0,-0.0,-0.0,-1.402233,0.022496,0.05275,-0.022611,0.362488,-0.786002,0.500801,0.312453,0.60874,0.729252,-0.878051,-0.107868,0.46625,5.5e-05,0.000531,0.00068,-1.7e-05,-0.00266,0.00339,-0.938065,0.041286,0.041038,-0.049636,0.698724,-0.164538,-0.696212,0.408492,0.890701,0.199464,0.587298,-0.423767,0.689566,0.009442,0.016056,-0.012268,1.016474,-1.029755,-1.075994,0.519572
656,0.080154,-0.024926,0.313827,-0.679501,0.139094,-0.7204,-0.451996,-0.85278,0.261607,-0.577114,0.503204,0.643236,0.018178,0.022328,-0.014741,0.11762,0.976444,-2.779177,0.519554,-0.199358,-0.009555,0.275583,-0.451659,0.797018,0.400948,-0.346158,-0.570622,0.744648,0.822838,0.19653,0.533082,0.014998,-0.000105,-0.001073,0.002045,-0.015205,0.029245,-1.402541,0.022593,0.052763,-0.0226,0.362471,-0.786075,0.500698,0.312501,0.608642,0.729313,-0.878041,-0.107886,0.466264,-5e-06,-3.4e-05,-4.6e-05,-0.000114,-0.000241,-2.8e-05,-0.939535,0.04155,0.041572,-0.050001,0.694543,-0.142044,-0.705289,0.39106,0.897387,0.20437,0.603888,-0.417755,0.678821,0.009009,0.010857,-0.007718,3.925889,-1.681378,-3.601703,0.519572
657,0.0805,-0.024487,0.313558,-0.675532,0.12386,-0.726884,-0.443228,-0.856024,0.265978,-0.588451,0.501693,0.634079,0.01834,0.022857,-0.014118,-0.089028,-0.489707,-0.261421,0.519544,-0.199301,-0.009555,0.275579,-0.451547,0.796863,0.401381,-0.345969,-0.570914,0.744511,0.822979,0.196311,0.532946,0.0,1e-06,1e-06,0.0,-0.0,-0.0,-1.402492,0.022627,0.052762,-0.022603,0.362337,-0.785891,0.501085,0.31235,0.608916,0.729148,-0.87815,-0.107684,0.466106,0.007493,-0.000103,-0.000604,-0.008964,0.101268,-0.131544,-0.940188,0.041723,0.041792,-0.050135,0.691831,-0.126211,-0.710943,0.379996,0.900868,0.209853,0.61398,-0.415338,0.671208,0.009331,0.011851,-0.006566,0.069381,-0.840572,-0.362418,0.519082
658,0.081176,-0.023779,0.313155,-0.669487,0.095734,-0.73666,-0.429216,-0.859227,0.278342,-0.605483,0.502409,0.617253,0.016974,0.011047,-0.006772,-0.184921,-0.365267,-0.145637,0.520225,-0.199156,-0.009614,0.275562,-0.451171,0.796327,0.402864,-0.345234,-0.571895,0.744099,0.823494,0.195629,0.532401,-3.4e-05,-0.000315,-0.000405,0.0,-0.0,-0.0,-1.400978,0.022699,0.052732,-0.022613,0.361868,-0.785216,0.502481,0.311714,0.609902,0.728596,-0.87857,-0.107026,0.465467,0.007477,-0.000269,-0.000819,0.001955,-0.015298,0.029194,-0.940678,0.042056,0.042149,-0.050333,0.684021,-0.098845,-0.722733,0.365415,0.903931,0.222215,0.631336,-0.416098,0.654428,0.008464,0.005433,-0.003507,-0.301935,-0.532592,-0.239377,0.519898
659,0.0815,-0.023489,0.31295,-0.66245,0.076581,-0.745212,-0.421264,-0.860659,0.285963,-0.618655,0.503268,0.603336,-0.000282,-0.000811,-0.000966,-0.240406,-0.470967,-0.041808,0.520698,-0.198989,-0.00964,0.275534,-0.452787,0.795001,0.403669,-0.346012,-0.573813,0.742259,0.822281,0.195408,0.534353,-6.6e-05,-0.000624,-0.000801,0.001397,-0.001117,-0.000907,-1.401018,0.022783,0.05272,-0.022626,0.363574,-0.783872,0.503346,0.312851,0.611684,0.726613,-0.877461,-0.106705,0.467628,-4.2e-05,-0.000401,-0.000518,-0.012295,0.004935,0.004539,-0.941005,0.042233,0.042308,-0.050435,0.676003,-0.081454,-0.732382,0.357252,0.905488,0.229044,0.644507,-0.416479,0.641213,-0.000208,-0.000609,-0.000734,-0.363856,-0.624795,-0.157452,0.520551
660,0.081575,-0.023447,0.312831,-0.659598,0.069293,-0.748448,-0.417389,-0.861875,0.287975,-0.624299,0.502251,0.598349,0.000101,0.008324,-0.011516,-0.088388,-0.296649,0.051365,0.520051,-0.198855,-0.009657,0.275503,-0.452765,0.795051,0.403596,-0.346058,-0.573743,0.742292,0.822273,0.195414,0.534362,-0.000147,-0.001395,-0.001793,-0.001567,0.016881,-0.023302,-1.401743,0.02285,0.052713,-0.022639,0.363504,-0.783968,0.503247,0.312815,0.611553,0.726738,-0.877502,-0.106749,0.467539,0.007481,-0.000247,-0.000796,7e-05,-0.014219,0.030141,-0.941821,0.04227,0.042329,-0.050494,0.672154,-0.073758,-0.736727,0.353412,0.906319,0.231699,0.650621,-0.416106,0.635253,0.0,0.004009,-0.005946,-0.073085,-0.273197,0.064064,0.520551
661,0.081699,-0.02341,0.312456,-0.651816,0.04664,-0.756972,-0.404849,-0.865399,0.295219,-0.640508,0.498825,0.58391,-0.000677,0.006092,-0.014185,-0.150245,-0.409904,0.019008,0.520677,-0.198506,-0.009744,0.275487,-0.454499,0.794059,0.4036,-0.347078,-0.575047,0.740805,0.820887,0.195613,0.536417,0.000444,-0.011866,0.007122,-0.032552,0.010976,-0.018612,-1.402092,0.023024,0.05267,-0.022655,0.36539,-0.783017,0.503361,0.314182,0.61276,0.72513,-0.876229,-0.106809,0.469906,0.007499,-8.6e-05,-0.000595,-0.013765,-0.009562,0.034585,-0.944107,0.042332,0.042343,-0.050679,0.663219,-0.052615,-0.746573,0.340509,0.909517,0.238393,0.666478,-0.412322,0.621125,0.006407,-0.004465,-0.004583,-0.239924,-0.471372,-0.03673,0.521041
662,0.081774,-0.023402,0.311835,-0.641851,0.029555,-0.766289,-0.402585,-0.86347,0.303837,-0.651895,0.503474,0.567076,-0.001892,0.002606,-0.018376,-0.07491,-0.34706,0.004266,0.521423,-0.19821,-0.009806,0.275522,-0.456245,0.793053,0.403607,-0.348063,-0.576359,0.739322,0.819502,0.195831,0.538452,1e-06,9e-06,1.2e-05,0.007098,-0.005673,-0.004607,-1.402053,0.023172,0.052636,-0.022633,0.367217,-0.782088,0.503477,0.315377,0.613923,0.723626,-0.875035,-0.106943,0.472096,0.007502,-4.8e-05,-0.00055,-0.014696,-0.010479,0.033963,-0.94525,0.04237,0.042348,-0.05098,0.652058,-0.036547,-0.757286,0.338466,0.907812,0.247623,0.678424,-0.417781,0.604316,0.006384,-0.000529,-0.010627,0.239344,-0.564646,-0.2612,0.521368
663,0.081894,-0.023358,0.311053,-0.6293,-0.01444,-0.777057,-0.369706,-0.873899,0.315578,-0.682849,0.48589,0.545578,-0.00212,0.001956,-0.019197,-0.323594,-0.69721,-0.187215,0.521075,-0.198011,-0.009862,0.275469,-0.456178,0.793073,0.403645,-0.348024,-0.576343,0.739353,0.819556,0.195798,0.538382,-0.00013,-0.001262,-0.001624,-0.011009,0.116543,-0.160775,-1.402591,0.023272,0.052609,-0.022657,0.367061,-0.782235,0.503362,0.315216,0.613719,0.723869,-0.875159,-0.107036,0.471846,-8.3e-05,-0.000816,-0.001052,-0.000412,0.000538,0.000424,-0.94672,0.042428,0.042368,-0.051382,0.637282,0.004388,-0.770618,0.304568,0.917137,0.257093,0.707891,-0.398546,0.583138,0.006331,-0.000699,-0.01086,-0.304582,-0.739636,-0.190453,0.521531
664,0.082027,-0.023317,0.310651,-0.621383,-0.035281,-0.782741,-0.355987,-0.87722,0.322074,-0.697231,0.478816,0.533508,-0.001732,0.003073,-0.017872,-0.396833,-0.799203,-0.242896,0.520678,-0.197911,-0.009894,0.27544,-0.456113,0.793027,0.403809,-0.347938,-0.576436,0.739321,0.819629,0.195712,0.538302,0.014891,-0.001221,-0.002542,0.002045,-0.015205,0.029245,-1.402974,0.023316,0.052593,-0.022673,0.366935,-0.782099,0.503666,0.31508,0.61392,0.723758,-0.875261,-0.106877,0.471692,-7.1e-05,-0.000704,-0.000908,6.9e-05,0.000267,0.000177,-0.947373,0.042494,0.042385,-0.051587,0.628235,0.023912,-0.777655,0.290513,0.920022,0.262983,0.721749,-0.391135,0.571044,0.006607,7.7e-05,-0.009938,-0.446786,-0.794632,-0.435714,0.521205
665,0.082354,-0.023018,0.309816,-0.607387,-0.057459,-0.792354,-0.348875,-0.876773,0.330948,-0.71298,0.477513,0.513486,0.014738,0.012701,-0.026356,-0.162055,-0.411907,-0.183674,0.52132,-0.197818,-0.009959,0.275483,-0.457706,0.791613,0.404778,-0.348459,-0.578443,0.737505,0.81852,0.195514,0.540058,2.2e-05,0.000212,0.000273,-0.008753,0.114685,-0.162278,-1.402655,0.023368,0.052558,-0.022654,0.368653,-0.780728,0.504536,0.316054,0.615703,0.721816,-0.874187,-0.106639,0.473733,0.000248,-0.005724,0.003828,-0.05035,0.019542,-0.011098,-0.947863,0.042651,0.04253,-0.052002,0.611975,0.04569,-0.789555,0.283572,0.919272,0.27299,0.738289,-0.390959,0.549616,-3.5e-05,0.007928,-0.012039,-0.208709,-0.57258,-0.084761,0.521694
666,0.08284,-0.022256,0.308612,-0.589776,-0.084664,-0.803145,-0.336527,-0.878275,0.33964,-0.733409,0.470692,0.490498,0.015602,0.023318,-0.035166,4.138746,-2.704132,-2.884317,0.520896,-0.197839,-0.010017,0.275511,-0.464805,0.788728,0.402314,-0.347062,-0.5802,0.736783,0.815113,0.201838,0.542877,-1.3e-05,-0.00013,-0.000168,0.030816,-0.02859,-0.014559,-1.402919,0.023358,0.05253,-0.022639,0.376133,-0.778389,0.502626,0.314923,0.617565,0.720719,-0.871404,-0.112798,0.47742,-9e-06,-7.6e-05,-0.000101,0.008795,-0.026928,0.000561,-0.947373,0.042889,0.042901,-0.052584,0.594622,0.065785,-0.801308,0.276152,0.919303,0.280394,0.755091,-0.388011,0.528472,0.007849,0.011741,-0.017489,-0.043091,-0.408404,0.071843,0.522021
667,0.083529,-0.021425,0.307234,-0.570333,-0.108787,-0.814206,-0.319436,-0.88381,0.34178,-0.75608,0.455145,0.470333,0.014998,0.021641,-0.037235,0.005269,-1.084341,0.574879,0.52147,-0.197873,-0.010017,0.275513,-0.4648,0.788697,0.402381,-0.347028,-0.580251,0.736759,0.81513,0.201813,0.54286,-0.0,-0.0,-0.0,7e-06,-5e-06,-4e-06,-1.402711,0.023341,0.05253,-0.022638,0.375996,-0.778389,0.502729,0.314647,0.617555,0.720848,-0.871563,-0.112854,0.477117,1e-06,4e-06,5e-06,-0.000958,0.001004,0.000605,-0.942474,0.04324,0.043328,-0.053282,0.572777,0.092758,-0.814445,0.253202,0.924967,0.283416,0.779624,-0.368554,0.506314,0.0077,0.011305,-0.018036,0.301103,-2.391084,2.021939,0.522021
668,0.08397,-0.021017,0.30649,-0.561899,-0.115615,-0.819114,-0.320986,-0.882136,0.344637,-0.761722,0.456715,0.459584,0.029869,0.018716,-0.039304,-0.11722,-0.554261,0.022425,0.521603,-0.197918,-0.010031,0.275515,-0.464755,0.78859,0.402642,-0.346882,-0.58043,0.736687,0.815218,0.201715,0.542765,-4e-06,-3.6e-05,-4.6e-05,0.0,-0.0,-0.0,-1.402768,0.023318,0.052523,-0.022637,0.375923,-0.778265,0.502976,0.314518,0.617729,0.720755,-0.871641,-0.112753,0.476997,-1e-06,-1.4e-05,-1.6e-05,6.2e-05,0.0004,0.000258,-0.942638,0.043455,0.043533,-0.053655,0.563067,0.09867,-0.820499,0.25518,0.92357,0.286181,0.786026,-0.370514,0.494854,0.007436,0.010586,-0.018928,-0.16758,-0.601514,-0.078963,0.522511
669,0.084777,-0.020146,0.304878,-0.531051,-0.127144,-0.837773,-0.329092,-0.880129,0.342115,-0.780191,0.457539,0.426599,0.014574,0.020515,-0.038685,-0.339509,-0.932891,-0.248431,0.52187,-0.198043,-0.010027,0.275512,-0.474662,0.783857,0.400319,-0.341006,-0.582959,0.737433,0.811993,0.212532,0.543471,-2e-06,-1.6e-05,-2e-05,-0.663498,-1.226692,-0.895708,-1.403143,0.023256,0.052525,-0.022639,0.384853,-0.775088,0.501124,0.309782,0.619921,0.720924,-0.869438,-0.122211,0.478687,-0.007398,5.1e-05,0.000455,-2.22195,-4.067704,-3.01115,-0.942474,0.043863,0.043967,-0.054461,0.532882,0.104959,-0.839654,0.263262,0.922469,0.282389,0.804194,-0.371529,0.463936,0.007219,0.009975,-0.0197,-0.0843,-0.578894,0.157308,0.522348
670,0.08543,-0.019418,0.303386,-0.51181,-0.140608,-0.847541,-0.322987,-0.882659,0.341416,-0.795464,0.448655,0.407398,-0.001266,0.012509,-0.028272,-0.041348,-0.435176,0.219761,0.521295,-0.198087,-0.010021,0.275522,-0.475306,0.784812,0.397676,-0.342164,-0.581185,0.738296,0.811129,0.213856,0.544241,3e-05,0.000294,0.000378,0.0,-0.0,0.0,-1.402896,0.023234,0.052528,-0.022634,0.387097,-0.775501,0.498751,0.309736,0.618858,0.721857,-0.868457,-0.124947,0.479759,2e-05,0.000196,0.000254,9.2e-05,0.001337,-0.001246,-0.943127,0.044195,0.044332,-0.055214,0.511479,0.118642,-0.851065,0.257224,0.923867,0.283379,0.819892,-0.363857,0.442021,0.006763,0.004606,-0.015417,-0.027075,-0.322364,0.092224,0.522184
671,0.085664,-0.019248,0.302755,-0.500334,-0.149148,-0.852916,-0.320832,-0.883005,0.342552,-0.803603,0.445214,0.395012,0.012095,-0.002989,-0.024021,-0.292133,-0.815736,-0.036923,0.521617,-0.19812,-0.010024,0.275537,-0.475271,0.784732,0.397874,-0.342047,-0.581319,0.738245,0.811199,0.213785,0.544165,9e-06,8.4e-05,0.000108,0.0,-0.0,-0.0,-1.402658,0.023217,0.052527,-0.022625,0.387041,-0.7754,0.498951,0.309632,0.619,0.72178,-0.868519,-0.124867,0.479667,5e-06,5.5e-05,7.3e-05,0.000144,0.000385,-1.2e-05,-0.943291,0.044303,0.044422,-0.055516,0.501479,0.123522,-0.856305,0.254575,0.924869,0.2825,0.826866,-0.359662,0.432357,0.006037,-0.001592,-0.012138,-0.124384,-0.506881,0.153037,0.522184
672,0.085904,-0.019392,0.301873,-0.484417,-0.154391,-0.861132,-0.321291,-0.884135,0.339191,-0.813128,0.441171,0.379761,0.011969,-0.003403,-0.024616,0.427885,-0.455247,0.099565,0.520257,-0.198199,-0.010015,0.275538,-0.475234,0.784613,0.398153,-0.341929,-0.581526,0.738137,0.811271,0.213658,0.544108,0.0,0.0,0.0,0.0,-0.0,-0.0,-1.403079,0.023178,0.052532,-0.022625,0.386975,-0.775262,0.499217,0.309545,0.619201,0.721644,-0.86858,-0.124729,0.479594,-2e-06,-4e-06,-6e-06,8.7e-05,0.000181,8.4e-05,-0.943454,0.044432,0.044351,-0.05598,0.483159,0.129339,-0.865925,0.255686,0.92507,0.280837,0.837365,-0.357094,0.413886,0.006001,-0.001704,-0.012317,0.477029,-0.383469,0.145164,0.521531
673,0.08588,-0.019837,0.30148,-0.474137,-0.153399,-0.867011,-0.326326,-0.883967,0.334794,-0.817181,0.441852,0.370147,-0.002537,-0.007491,-0.009317,-0.009468,-0.11124,0.131202,0.518449,-0.198243,-0.010027,0.275559,-0.47977,0.781588,0.398662,-0.338192,-0.583879,0.738,0.810171,0.21826,0.543919,6.9e-05,0.000668,0.00086,-0.0,-0.0,-0.0,-1.403084,0.023156,0.052524,-0.022616,0.391634,-0.77246,0.499927,0.305986,0.621742,0.720977,-0.867752,-0.129388,0.479858,3.7e-05,0.000378,0.000486,-0.000122,0.000285,0.000289,-0.943781,0.044418,0.044122,-0.056184,0.473314,0.126909,-0.871703,0.260575,0.92511,0.276171,0.841471,-0.35786,0.404799,-0.00121,-0.003597,-0.004475,0.009807,-0.076157,0.15255,0.519082
674,0.085521,-0.020187,0.301478,-0.470253,-0.150449,-0.869639,-0.32913,-0.884388,0.330915,-0.818305,0.44202,0.367455,-0.016606,-0.010189,0.007761,-0.033647,-0.071742,0.123848,0.517096,-0.198232,-0.01005,0.275562,-0.479639,0.781376,0.399235,-0.337881,-0.584253,0.737847,0.810379,0.218021,0.543706,-8.1e-05,-0.000779,-0.001002,0.0,-0.0,-0.0,-1.403003,0.023162,0.052516,-0.02261,0.391456,-0.772201,0.500467,0.305719,0.622114,0.72077,-0.867927,-0.129147,0.479607,-5.7e-05,-0.000532,-0.000686,6.6e-05,0.000165,4.7e-05,-0.943291,0.044244,0.043947,-0.056194,0.469975,0.123272,-0.874029,0.263298,0.925541,0.272116,0.842494,-0.358018,0.402524,-0.000275,-0.000815,-0.001012,-0.000329,0.001347,0.001045,0.517449
675,0.085186,-0.020247,0.301617,-0.471091,-0.147716,-0.869654,-0.329503,-0.885052,0.328761,-0.817672,0.441609,0.369353,-0.014599,0.003866,0.003255,0.016403,0.049097,-0.008395,0.514928,-0.198222,-0.010057,0.275535,-0.48419,0.778413,0.399531,-0.334297,-0.586447,0.737739,0.809163,0.222662,0.543636,-0.000165,-0.00159,-0.002045,-0.001594,0.016876,-0.023304,-1.402819,0.023167,0.052514,-0.022622,0.396155,-0.769485,0.500952,0.302306,0.62448,0.720163,-0.866989,-0.133855,0.480011,-3.6e-05,-0.00033,-0.000424,-0.000371,0.00038,0.000414,-0.943454,0.044075,0.043911,-0.056123,0.471101,0.120273,-0.87384,0.263681,0.926159,0.269629,0.841745,-0.357438,0.4046,-0.007666,-0.003205,0.006242,-0.028597,-0.055898,0.134313,0.515326
676,0.084723,-0.020049,0.301959,-0.473106,-0.149064,-0.868329,-0.328942,-0.884429,0.330989,-0.816731,0.442404,0.37048,-0.0123,0.018688,-0.000309,0.03371,-0.019106,0.010402,0.520188,-0.198249,-0.010054,0.275473,-0.484117,0.778264,0.399908,-0.334198,-0.586731,0.737558,0.809247,0.222434,0.543603,-4.6e-05,-0.000445,-0.000573,0.0,-0.0,-0.0,-1.403018,0.023158,0.052511,-0.022658,0.396045,-0.769311,0.501306,0.302247,0.624744,0.719958,-0.86706,-0.133618,0.479949,-0.000261,0.005574,-0.004023,0.036331,-0.013748,0.016313,-0.942474,0.043844,0.044008,-0.055946,0.472871,0.122078,-0.872633,0.26323,0.925558,0.272123,0.840893,-0.358382,0.405535,0.000815,0.002394,0.002987,-0.001003,-0.001635,0.000338,0.516959
677,0.084553,-0.019665,0.301918,-0.463052,-0.158929,-0.871992,-0.325636,-0.884495,0.334069,-0.823795,0.438836,0.358903,0.001204,0.011636,-0.007513,-0.205284,-0.494835,-0.278003,0.520673,-0.198229,-0.010076,0.275444,-0.483981,0.77805,0.400489,-0.333924,-0.587119,0.737373,0.809441,0.222161,0.543426,-3.5e-05,-0.000334,-0.00043,0.0,-0.0,-0.0,-1.403226,0.023163,0.0525,-0.022673,0.395864,-0.769034,0.501874,0.302009,0.625146,0.71971,-0.867226,-0.133336,0.479728,-1.6e-05,-0.000152,-0.000197,6e-05,0.000103,5.6e-05,-0.942638,0.043758,0.044212,-0.055952,0.463366,0.129304,-0.876681,0.25972,0.926038,0.273857,0.847252,-0.354588,0.395512,-0.006878,0.007203,-0.002818,0.006091,-0.062359,-0.056479,0.519572
678,0.084526,-0.019496,0.301827,-0.45794,-0.165348,-0.873497,-0.326523,-0.882599,0.338193,-0.826302,0.440289,0.351279,0.001371,0.012119,-0.006913,-0.149442,-0.384752,-0.21042,0.519374,-0.198243,-0.010098,0.275417,-0.483901,0.777907,0.400863,-0.333744,-0.587373,0.737253,0.809564,0.22199,0.543314,-0.000116,-0.001122,-0.001444,0.0,0.0,0.0,-1.402953,0.023156,0.052492,-0.022683,0.395796,-0.768922,0.502099,0.301914,0.625306,0.71961,-0.86729,-0.133229,0.479643,-7.9e-05,-0.000767,-0.000988,-0.001545,0.016967,-0.023259,-0.942474,0.043744,0.044299,-0.056003,0.45656,0.136985,-0.879083,0.260965,0.923994,0.279518,0.850558,-0.357026,0.386111,0.000682,0.006039,-0.003479,-0.155872,-0.396079,-0.218131,0.519572
679,0.084575,-0.018965,0.301627,-0.448119,-0.178494,-0.875999,-0.327996,-0.878714,0.346774,-0.831098,0.442938,0.336317,0.001955,0.013822,-0.004799,-0.092174,-0.381797,0.023852,0.506454,-0.198261,-0.010107,0.275321,-0.484536,0.778829,0.398298,-0.334994,-0.585693,0.738022,0.808667,0.223188,0.544158,-0.000188,-0.001806,-0.002327,0.0,-0.0,0.0,-1.402988,0.023147,0.052487,-0.022731,0.396562,-0.770019,0.499808,0.30293,0.623716,0.720563,-0.866586,-0.134341,0.480604,-0.00011,-0.001067,-0.001376,-0.001577,0.017122,-0.02351,-0.943128,0.043766,0.044551,-0.056103,0.446199,0.149198,-0.882408,0.262505,0.920814,0.28843,0.855567,-0.360335,0.371701,0.001698,0.013065,-0.005738,-0.123634,-0.545781,-0.015485,0.510264
680,0.084599,-0.01833,0.301437,-0.440083,-0.186477,-0.878407,-0.323861,-0.879412,0.348885,-0.836999,0.438247,0.327718,-0.012799,0.017087,-0.002314,0.15633,-0.181634,0.093089,0.499006,-0.198266,-0.010118,0.275256,-0.48909,0.775858,0.398529,-0.331472,-0.587841,0.737904,0.807381,0.227822,0.544148,-1.4e-05,-0.000131,-0.000169,-0.0,-1e-06,-0.0,-1.402676,0.023144,0.052478,-0.022769,0.401266,-0.767289,0.500251,0.299569,0.626048,0.719945,-0.865588,-0.13903,0.481068,-1e-06,-1.7e-05,-2.1e-05,-0.000651,0.000386,0.000534,-0.943291,0.04378,0.04488,-0.0562,0.437144,0.156792,-0.885618,0.258373,0.921287,0.290641,0.86148,-0.355872,0.362224,-0.006379,0.008593,-0.001095,0.185845,-0.134173,0.125693,0.497037
681,0.084537,-0.018178,0.301468,-0.442421,-0.187997,-0.876907,-0.322926,-0.878806,0.351268,-0.836124,0.438814,0.329189,0.000848,0.002471,0.00306,-0.237193,1.431236,-2.115176,0.500792,-0.198266,-0.010109,0.275251,-0.489064,0.775812,0.398651,-0.331435,-0.587929,0.737851,0.807412,0.227751,0.544131,-0.0,-2e-06,-2e-06,-0.0,-0.0,-0.0,-1.402981,0.023144,0.052483,-0.02277,0.401226,-0.767236,0.500365,0.299541,0.626129,0.719886,-0.865616,-0.138958,0.481038,4e-06,4e-05,5e-05,-2.2e-05,0.000173,0.000118,-0.943291,0.043749,0.044957,-0.056184,0.437673,0.156651,-0.885382,0.258127,0.921363,0.290618,0.861284,-0.355737,0.36282,0.000508,0.001478,0.001832,0.004848,0.007931,0.008161,0.493282
682,0.084472,-0.018222,0.301668,-0.437758,-0.191373,-0.878515,-0.314117,-0.88297,0.348806,-0.841916,0.428883,0.327511,0.0002,0.000581,0.000719,0.001586,-0.105579,0.168553,0.520113,-0.19828,-0.010085,0.275216,-0.488979,0.775653,0.399063,-0.331318,-0.588235,0.73766,0.807511,0.227505,0.544087,-4.3e-05,-0.000414,-0.000534,0.0,0.0,0.0,-1.403065,0.023137,0.052497,-0.022786,0.401109,-0.767043,0.500755,0.299464,0.626422,0.719664,-0.865697,-0.138706,0.480966,-2.7e-05,-0.000256,-0.000332,6.2e-05,6.7e-05,7.8e-05,-0.942964,0.043718,0.044938,-0.056079,0.434898,0.161165,-0.885939,0.248214,0.924282,0.289985,0.865594,-0.346017,0.361965,-0.000441,-0.005337,0.004352,-0.035007,0.019842,-0.01487,0.508631
683,0.084488,-0.01832,0.301569,-0.431807,-0.187245,-0.882342,-0.316666,-0.884484,0.342612,-0.844038,0.427578,0.323734,-0.001093,-0.003184,-0.003943,0.006463,-0.041448,0.06169,0.520714,-0.198268,-0.010074,0.275229,-0.49342,0.772515,0.399684,-0.32753,-0.5906,0.737462,0.806359,0.231995,0.543899,3.8e-05,0.000361,0.000465,-1.3e-05,-2.4e-05,-1.8e-05,-1.40291,0.023144,0.052501,-0.02278,0.405677,-0.764109,0.501559,0.295861,0.628977,0.718925,-0.864807,-0.14326,0.481232,2e-05,0.000204,0.000265,-0.000778,0.000441,0.000583,-0.942638,0.043727,0.044892,-0.056126,0.429177,0.156255,-0.889601,0.25082,0.925566,0.283577,0.867695,-0.344834,0.35804,-0.000699,-0.002035,-0.002519,0.024468,-0.237233,0.362845,0.518429
684,0.08446,-0.018401,0.301468,-0.428339,-0.188178,-0.883832,-0.312355,-0.886959,0.340163,-0.847407,0.422004,0.322244,-0.001666,-0.00485,-0.006012,-0.00023,0.015297,-0.024424,0.519761,-0.198267,-0.010083,0.275234,-0.494054,0.773431,0.397122,-0.328675,-0.588895,0.738315,0.805505,0.233268,0.544619,0.0,4e-06,6e-06,1e-06,-1e-05,1.3e-05,-1.402644,0.023144,0.052497,-0.022777,0.406489,-0.765289,0.499097,0.296833,0.627248,0.720034,-0.864092,-0.144538,0.482132,-0.0,-1e-06,-1e-06,-0.000263,0.003438,-0.004441,-0.940352,0.043713,0.044853,-0.056174,0.425642,0.156821,-0.891198,0.24639,0.92757,0.280899,0.8707,-0.339145,0.356173,-0.000803,-0.002342,-0.0029,-0.001706,0.019599,-0.029435,0.519898
685,0.084412,-0.018652,0.301273,-0.421715,-0.186776,-0.887308,-0.309504,-0.890139,0.334412,-0.851769,0.415879,0.318685,-0.002793,-0.016246,0.001781,-0.033039,-0.071521,0.128742,0.510448,-0.19828,-0.010085,0.275216,-0.498618,0.770472,0.397169,-0.325178,-0.590871,0.738285,0.804116,0.237999,0.544626,-0.000119,-0.001144,-0.001475,-0.001593,0.016887,-0.023297,-1.402924,0.023138,0.052499,-0.022783,0.411205,-0.76258,0.499381,0.293468,0.629425,0.719513,-0.86301,-0.149314,0.482616,-4e-06,-4e-05,-5e-05,-1e-05,0.000297,0.000124,-0.941168,0.043688,0.044728,-0.056279,0.419284,0.154832,-0.894553,0.243328,0.930131,0.27504,0.874637,-0.33299,0.352315,-0.000843,-0.00246,-0.003058,-0.000996,0.002205,-0.002358,0.512877
686,0.084326,-0.018914,0.301063,-0.416451,-0.189513,-0.889212,-0.300348,-0.894453,0.331234,-0.85762,0.405247,0.316686,-0.001741,-0.005058,-0.0063,0.001371,-0.090225,0.144165,0.493886,-0.198291,-0.010099,0.275215,-0.498483,0.770248,0.397773,-0.324862,-0.591267,0.738107,0.804327,0.237741,0.544426,-1e-06,-5e-06,-7e-06,0.0,0.0,0.0,-1.402965,0.023132,0.052489,-0.022787,0.411055,-0.762359,0.499841,0.293248,0.629742,0.719326,-0.863156,-0.149105,0.482419,1e-06,7e-06,1.1e-05,6.5e-05,0.000148,5.2e-05,-0.941985,0.043644,0.044591,-0.056384,0.413891,0.157089,-0.89667,0.233941,0.933563,0.271536,0.879753,-0.322154,0.349643,-0.000817,-0.002381,-0.002964,-0.000779,0.00178,-0.001114,0.496711
687,0.084288,-0.019237,0.30096,-0.411268,-0.185642,-0.892435,-0.302811,-0.895621,0.325792,-0.859259,0.404453,0.31324,-0.001297,-0.003766,-0.004701,-0.000235,0.015278,-0.024436,0.46718,-0.198293,-0.010101,0.275196,-0.499088,0.771101,0.395355,-0.325987,-0.589679,0.738881,0.803497,0.238913,0.54514,-5.2e-05,-0.000503,-0.000649,0.0,-0.0,0.0,-1.403014,0.023131,0.052489,-0.022795,0.411785,-0.763384,0.497671,0.294153,0.628236,0.720272,-0.8625,-0.150206,0.48325,-2.9e-05,-0.000272,-0.000353,-4.9e-05,0.001594,-0.00208,-0.942638,0.043624,0.044427,-0.056438,0.408925,0.152542,-0.899728,0.236463,0.934544,0.265917,0.881399,-0.321493,0.346087,-0.001046,-0.007108,0.002146,-0.033757,-0.084455,0.150429,0.465849
688,0.084289,-0.019329,0.300914,-0.405413,-0.184597,-0.895326,-0.299373,-0.898585,0.320769,-0.863241,0.398305,0.310153,-0.000776,-0.002251,-0.002812,1.487991,-0.649649,-0.327044,0.455105,-0.198295,-0.010123,0.275168,-0.49907,0.771072,0.395434,-0.325949,-0.589732,0.738856,0.803524,0.238877,0.545116,-0.000106,-0.001019,-0.001315,0.0,-0.0,0.0,-1.402866,0.02313,0.052479,-0.022809,0.411754,-0.76334,0.497763,0.294114,0.628301,0.720231,-0.862528,-0.15016,0.483215,-5.8e-05,-0.000549,-0.000709,2.9e-05,0.000273,-0.000239,-0.942148,0.043624,0.044379,-0.056464,0.403651,0.150289,-0.902484,0.234479,0.936477,0.260825,0.884355,-0.316896,0.342771,-0.000522,-0.001339,-0.001708,4.95123,-1.823225,-1.657736,0.44756
689,0.084274,-0.01948,0.300926,-0.398284,-0.189009,-0.897602,-0.290694,-0.902099,0.318884,-0.869508,0.388164,0.305469,-3e-05,-8.7e-05,-0.000108,-0.002307,-0.00494,-0.003061,0.43647,-0.19831,-0.010132,0.275123,-0.498962,0.770884,0.395936,-0.325743,-0.590081,0.738667,0.803674,0.23862,0.545007,-0.000492,0.011435,-0.007678,0.03626,-0.013917,0.016218,-1.403002,0.023123,0.052468,-0.02283,0.411604,-0.763101,0.498254,0.293921,0.628651,0.720004,-0.862665,-0.14991,0.483047,-1.8e-05,-0.000181,-0.000233,-0.010951,0.11659,-0.160739,-0.942474,0.043616,0.044302,-0.05646,0.395686,0.154853,-0.905236,0.224025,0.939631,0.25866,0.890643,-0.305143,0.337108,2.8e-05,7.9e-05,9.9e-05,0.008558,-0.089223,0.176273,0.414249
690,0.084411,-0.019561,0.301101,-0.397721,-0.188413,-0.897978,-0.291366,-0.902099,0.318267,-0.869542,0.388451,0.305008,0.000915,0.002661,0.003322,0.000241,-0.015259,0.024448,0.438151,-0.19836,-0.010128,0.275064,-0.498821,0.770617,0.396633,-0.325481,-0.590579,0.738385,0.803867,0.238253,0.544881,-0.000117,-0.001119,-0.001444,0.0,0.0,0.0,-1.402933,0.023098,0.052475,-0.022861,0.411422,-0.762778,0.498899,0.293746,0.629133,0.719655,-0.862812,-0.149532,0.482902,-6e-05,-0.000593,-0.000764,1e-06,3.7e-05,3.2e-05,-0.943128,0.043684,0.04426,-0.056374,0.395344,0.154042,-0.905523,0.224674,0.939674,0.257942,0.890631,-0.305423,0.336885,0.000354,0.001035,0.001291,-0.00025,0.00057,0.000406,0.402982
691,0.084526,-0.019687,0.301172,-0.397837,-0.188377,-0.897934,-0.291646,-0.901969,0.318381,-0.869395,0.388772,0.305018,0.013447,-0.015335,0.004476,-0.033435,0.00396,0.014114,0.42365,-0.198455,-0.010144,0.274998,-0.497004,0.771685,0.396838,-0.324419,-0.58928,0.739888,0.805419,0.238011,0.542691,-1.9e-05,-0.000178,-0.00023,-0.000167,0.000136,0.000111,-1.402826,0.02305,0.052465,-0.022897,0.409482,-0.763753,0.499004,0.292453,0.627987,0.721181,-0.864173,-0.149375,0.480511,-7e-06,-7.5e-05,-9.7e-05,0.005628,-0.002567,-0.002279,-0.944271,0.04374,0.044212,-0.056329,0.395452,0.154005,-0.905483,0.224955,0.939577,0.258048,0.890512,-0.305739,0.336914,-0.000314,-0.00091,-0.001139,-0.000551,0.015364,-0.024336,0.397594
692,0.084565,-0.019788,0.301167,-0.395817,-0.186827,-0.89915,-0.292525,-0.902443,0.316225,-0.870023,0.388419,0.303673,-0.000513,-0.001493,-0.001864,5e-06,-3e-05,4.5e-05,0.411247,-0.198454,-0.010147,0.275011,-0.496972,0.771638,0.396969,-0.324335,-0.589361,0.739861,0.805473,0.237965,0.542632,0.000505,-0.011295,0.00786,-0.036261,0.013931,-0.016209,-1.402947,0.02305,0.052467,-0.022894,0.409473,-0.763683,0.499118,0.292436,0.628087,0.721101,-0.864183,-0.149312,0.480513,3.6e-05,0.000355,0.000458,0.000718,-0.000486,-0.000422,-0.94476,0.043764,0.044154,-0.056332,0.393524,0.152195,-0.906628,0.225869,0.939964,0.25583,0.891134,-0.305455,0.335523,-0.000285,-0.000828,-0.001035,-0.001033,0.003275,-0.004462,0.381591
693,0.084613,-0.019806,0.301101,-0.392534,-0.187552,-0.900437,-0.287868,-0.904754,0.313885,-0.873061,0.382645,0.302281,0.000999,0.011046,-0.008247,0.046514,-0.02288,0.011385,0.406078,-0.198478,-0.010167,0.275004,-0.49683,0.771397,0.397615,-0.323997,-0.589788,0.739669,0.805697,0.23769,0.54242,-8.3e-05,-0.00079,-0.001021,-0.0,0.0,0.0,-1.40267,0.023039,0.052457,-0.02289,0.409291,-0.763373,0.499742,0.292117,0.628525,0.720849,-0.864377,-0.149054,0.480244,0.000163,-0.006498,0.002831,-0.047277,0.13042,-0.177036,-0.945577,0.043786,0.044137,-0.056366,0.390262,0.152626,-0.907964,0.221139,0.941757,0.253357,0.893751,-0.299662,0.33378,-6e-06,-2.6e-05,-3.4e-05,0.135573,-0.046474,-0.045727,0.361833
694,0.084663,-0.019713,0.30099,-0.38954,-0.191969,-0.900806,-0.282652,-0.90593,0.315231,-0.876103,0.377643,0.29976,-0.000208,-0.000606,-0.000757,-0.002707,-0.005816,-0.003599,0.382737,-0.19847,-0.010182,0.274951,-0.501245,0.768217,0.398229,-0.320241,-0.592115,0.739445,0.804467,0.242145,0.542274,-0.000143,-0.001364,-0.001763,-0.001591,0.016892,-0.023293,-1.402792,0.023042,0.05245,-0.022917,0.413836,-0.760399,0.500532,0.288539,0.631036,0.720096,-0.863414,-0.153579,0.48055,-7e-05,-0.000664,-0.000857,-0.001646,0.016945,-0.023261,-0.944434,0.043812,0.044189,-0.056423,0.386819,0.156975,-0.908696,0.215807,0.94263,0.254703,0.896547,-0.294627,0.330751,-0.000106,-0.000313,-0.000392,0.007073,0.014684,0.00887,0.344687
695,0.084696,-0.019751,0.300931,-0.38569,-0.192487,-0.902351,-0.283802,-0.905833,0.314476,-0.877437,0.377614,0.295869,-0.000842,-0.002454,-0.003068,-0.036729,-0.063164,-0.072976,0.365725,-0.198448,-0.01021,0.274946,-0.501168,0.768113,0.398526,-0.320055,-0.592295,0.739381,0.804589,0.242034,0.542143,-4.7e-05,-0.000444,-0.000574,-0.0,0.0,0.0,-1.402647,0.023053,0.052433,-0.022922,0.413738,-0.760268,0.500812,0.288372,0.631219,0.720001,-0.863516,-0.153472,0.4804,-2.2e-05,-0.000211,-0.000273,-1e-05,2.7e-05,5e-06,-0.943618,0.04383,0.044174,-0.056447,0.382947,0.157047,-0.910322,0.216995,0.942576,0.253895,0.897921,-0.294764,0.326878,-0.000298,-0.000874,-0.001093,-0.038747,-0.079602,-0.054524,0.323786
696,0.0847,-0.019832,0.300801,-0.375433,-0.19159,-0.906856,-0.287025,-0.90628,0.310236,-0.880842,0.376997,0.286389,-0.000868,-0.00253,-0.003167,-0.095964,-0.31566,0.038536,0.350614,-0.198428,-0.010255,0.27492,-0.500918,0.767736,0.399566,-0.319506,-0.592968,0.739079,0.804963,0.241586,0.541788,-7.1e-05,-0.000674,-0.000871,-0.0,0.0,0.0,-1.399355,0.023064,0.052412,-0.022933,0.413418,-0.759796,0.501792,0.287896,0.631894,0.7196,-0.863829,-0.153032,0.479979,-4.3e-05,-0.000413,-0.000534,-0.010978,0.116576,-0.160767,-0.943781,0.043831,0.044132,-0.056515,0.373404,0.154689,-0.914679,0.220076,0.943078,0.249335,0.901184,-0.294402,0.318106,-0.000518,-0.00151,-0.001889,-0.149524,-0.29691,-0.225506,0.290148
697,0.08467,-0.019918,0.300595,-0.363102,-0.188605,-0.912486,-0.28542,-0.909712,0.30155,-0.886527,0.370165,0.277625,-0.001503,-0.004378,-0.005488,0.000406,-0.092308,0.142875,0.310031,-0.198455,-0.010238,0.27486,-0.499104,0.768859,0.399678,-0.318543,-0.591611,0.740581,0.806468,0.241341,0.539654,-5.8e-05,-0.000555,-0.000718,-0.000231,0.000189,0.000153,-1.395343,0.02305,0.05242,-0.022964,0.411485,-0.760833,0.501809,0.286694,0.630683,0.72114,-0.865151,-0.152873,0.477643,-3.4e-05,-0.000329,-0.000425,0.006018,-0.002771,-0.002447,-0.944434,0.043817,0.044091,-0.056615,0.360909,0.151045,-0.920287,0.218451,0.945651,0.240878,0.906654,-0.287973,0.308298,-0.000701,-0.002052,-0.00257,0.008416,-0.087712,0.175942,0.257
