frame,MLTx,MLTy,MLTz,MLTR1,MLTR2,MLTR3,MLTR4,MLTR5,MLTR6,MLTR7,MLTR8,MLTR9,MLTTVx,MLTTVy,MLTTVz,MLTRVx,MLTRVy,MLTRVz,MLGA,MRTx,MRTy,MRTz,MRTR1,MRTR2,MRTR3,MRTR4,MRTR5,MRTR6,MRTR7,MRTR8,MRTR9,MRTTVx,MRTTVy,MRTTVz,MRTRVx,MRTRVy,MRTRVz,MRGA,SLTx,SLTy,SLTz,SLTR1,SLTR2,SLTR3,SLTR4,SLTR5,SLTR6,SLTR7,SLTR8,SLTR9,SLTTVx,SLTTVy,SLTTVz,SLTRVx,SLTRVy,SLTRVz,SLGA,SRTx,SRTy,SRTz,SRTR1,SRTR2,SRTR3,SRTR4,SRTR5,SRTR6,SRTR7,SRTR8,SRTR9,SRTTVx,SRTTVy,SRTTVz,SRTRVx,SRTRVy,SRTRVz,SRGA
1855,0.23149,0.027133,0.307351,-0.892825,0.400364,-0.206436,-0.364283,-0.372025,0.853737,0.266116,0.836942,0.478264,0.057896,-0.025341,-0.009967,-0.034836,-0.015081,0.052203,-1.908292,-0.159395,-0.006708,0.292479,-0.903543,0.428017,-0.020064,-0.382391,-0.784041,0.488867,0.194657,0.448843,0.872074,-0.132208,-0.024885,-0.034423,-0.031521,-0.133637,-0.058468,0.366855,0.049446,0.040624,-0.024355,0.966851,-0.254064,-0.025458,0.231213,0.828843,0.509468,-0.108337,-0.498467,0.860111,-0.065547,-0.017907,-0.013014,-0.209611,-0.691727,0.255722,0.321231,0.114815,0.054128,-0.064406,0.938658,-0.34482,0.004292,0.165519,0.461422,0.871603,-0.302526,-0.817427,0.490192,0.021646,-0.007856,-0.009028,-0.001906,0.003613,0.02463,-1.046875
1856,0.23257,0.026752,0.307018,-0.892885,0.40059,-0.20574,-0.363839,-0.372336,0.853791,0.266525,0.836695,0.478468,0.04357,-0.016818,-0.019164,-0.001298,0.006909,0.018996,-1.907959,-0.161886,-0.00731,0.291944,-0.91144,0.409923,-0.03509,-0.372849,-0.786601,0.492114,0.175282,0.461096,0.869787,-0.131643,-0.03411,-0.024761,-0.426062,-5.132332,-3.495088,0.343071,0.0482,0.040325,-0.024629,0.969996,-0.24023,-0.037362,0.225005,0.828858,0.512217,-0.092082,-0.505255,0.858042,-0.065784,-0.017202,-0.012469,-0.025065,0.042934,-0.168794,0.304902,0.115339,0.053941,-0.064561,0.938598,-0.344974,0.005035,0.165016,0.461691,0.871556,-0.302989,-0.81721,0.490269,0.02916,-0.013573,-0.005932,-0.036941,-0.001597,0.034856,-1.046548
1857,0.234767,0.02574,0.306422,-0.896726,0.392531,-0.204563,-0.35999,-0.37768,0.853075,0.258713,0.838128,0.480246,0.059105,-0.029911,-0.014724,0.002538,-0.116303,-0.036515,-1.908058,-0.167202,-0.008427,0.291008,-0.926527,0.370082,-0.067668,-0.352552,-0.79088,0.50015,0.132755,0.486789,0.863294,-0.133453,-0.01718,-0.027182,0.355326,-3.027709,-4.641814,0.283919,0.045592,0.039768,-0.025093,0.977742,-0.197471,-0.070888,0.205125,0.828706,0.520739,-0.044086,-0.523689,0.850767,-0.066212,-0.014045,-0.009363,-0.60474,-2.408347,1.321219,0.236973,0.116436,0.053448,-0.064859,0.941457,-0.337074,0.006263,0.161313,0.466709,0.869575,-0.296034,-0.817657,0.493761,0.029579,-0.014988,-0.007432,0.328774,-1.415571,-0.765446,-1.043936
1858,0.236796,0.024351,0.305916,-0.904334,0.372098,-0.209207,-0.356422,-0.388306,0.849797,0.236095,0.842603,0.484051,0.047393,-0.044583,-0.009437,0.185035,0.270631,0.14806,-1.9072,-0.172408,-0.009385,0.290374,-0.942484,0.318934,-0.099982,-0.32442,-0.800261,0.504248,0.082007,0.507276,0.857793,-0.133168,-0.023608,-0.014688,-0.012265,-0.125448,0.040599,0.227442,0.04294,0.03928,-0.025422,0.985174,-0.137519,-0.102562,0.171035,0.83376,0.524967,0.01332,-0.534726,0.84492,-0.066549,-0.011861,-0.00733,-0.037893,-0.385681,0.237964,0.170841,0.117473,0.052745,-0.065123,0.949221,-0.314606,0.001241,0.156818,0.476559,0.865042,-0.272739,-0.820922,0.501696,0.023722,-0.022517,-0.004968,0.337809,0.125386,0.307148,-1.044916
1859,0.238024,0.022363,0.305693,-0.919166,0.32614,-0.220932,-0.349456,-0.416015,0.839514,0.18303,0.848454,0.496642,0.021206,-0.056706,-0.000325,0.77065,-0.742956,-0.53167,-1.907416,-0.177777,-0.010191,0.289938,-0.957813,0.256733,-0.129129,-0.286383,-0.813157,0.50665,0.026289,0.521929,0.852503,-0.148389,-0.017893,-0.007662,0.725017,-2.994282,-4.537256,0.116725,0.040261,0.038872,-0.025645,0.988375,-0.078568,-0.130159,0.136126,0.838582,0.527493,0.067705,-0.539079,0.839529,-0.066776,-0.009031,-0.00451,0.006683,-0.240011,0.172437,0.037922,0.118098,0.051748,-0.065244,0.963084,-0.268948,-0.011571,0.150501,0.502298,0.851496,-0.223197,-0.821804,0.524233,0.010687,-0.028058,0.000164,1.83112,-3.97576,-2.215307,-1.045242
1860,0.23818,0.021192,0.305842,-0.922297,0.308081,-0.233453,-0.353904,-0.429895,0.830611,0.15668,0.848307,0.505821,0.007842,-0.063808,0.012622,0.89625,-0.61805,-0.383345,-1.907586,-0.180416,-0.01048,0.28982,-0.962962,0.228123,-0.143721,-0.269718,-0.818225,0.507635,-0.000569,0.527306,0.849595,-0.134398,-0.001911,-0.011826,0.069086,-0.660713,-0.083906,0.067599,0.038936,0.03872,-0.025705,0.988663,-0.04376,-0.143629,0.114017,0.841222,0.52853,0.097696,-0.538915,0.836675,-0.066817,-0.006718,-0.002016,0.042412,-1.687662,-0.95534,-0.026578,0.118183,0.051157,-0.065184,0.967634,-0.25113,-0.024831,0.155481,0.515783,0.842492,-0.198768,-0.819085,0.538135,-0.002752,-0.033232,0.005724,1.835784,-3.619538,-2.338706,-1.038874
1861,0.237549,0.018447,0.306789,-0.924397,0.271411,-0.26809,-0.369925,-0.465623,0.803942,0.094518,0.841997,0.531164,-0.020156,-0.068399,0.029456,2.292442,-3.198024,-2.513337,-1.908249,-0.185499,-0.010806,0.28977,-0.974497,0.157128,-0.160181,-0.21839,-0.829119,0.514589,-0.050713,0.536246,0.842456,-0.118847,-0.00749,0.000687,0.596704,-3.800189,-4.533076,0.015019,0.036389,0.038561,-0.025732,0.987182,0.023192,-0.1579,0.065822,0.842149,0.535211,0.145388,-0.538744,0.829829,-0.066788,-0.00341,0.001428,-0.605038,-3.051231,-0.135256,-0.124552,0.117891,0.049812,-0.064735,0.973737,-0.219172,-0.06163,0.175245,0.548718,0.817433,-0.145341,-0.806765,0.572716,-0.017099,-0.034261,0.015299,0.91512,-0.709328,2.398677,-1.037731
1862,0.235824,0.015319,0.308678,-0.922319,0.241723,-0.301566,-0.384943,-0.504002,0.773157,0.036044,0.828883,0.558284,-0.061506,-0.083233,0.056406,0.71042,0.927477,0.311276,-1.909435,-0.190437,-0.010769,0.289867,-0.98428,0.065447,-0.164014,-0.142981,-0.840973,0.521781,-0.102529,0.536945,0.837282,-0.119121,0.010343,-0.000249,0.085377,-0.898732,-1.432982,-0.037933,0.033964,0.038573,-0.025686,0.980369,0.115492,-0.159805,-0.010508,0.839946,0.542568,0.19689,-0.530237,0.82467,-0.059519,0.005284,0.000104,-0.761955,-2.197017,1.089651,-0.197379,0.117051,0.048249,-0.063814,0.977356,-0.188438,-0.096255,0.190807,0.588216,0.785871,-0.091469,-0.786442,0.610853,-0.030815,-0.041466,0.028364,1.069889,0.014841,-1.0776,-1.025974
1863,0.234703,0.013685,0.309888,-0.921,0.234781,-0.310938,-0.389346,-0.522713,0.758388,0.016667,0.819245,0.573224,-0.075094,-0.091774,0.068153,0.93233,-0.288137,2.049428,-1.909758,-0.192609,-0.010641,0.289939,-0.985324,0.030833,-0.167859,-0.116246,-0.841808,0.527049,-0.123801,0.538786,0.833215,-0.104155,0.011995,0.000307,-0.268809,-0.617876,0.15087,-0.047496,0.032828,0.038638,-0.025645,0.974395,0.1554,-0.16249,-0.041855,0.835435,0.547992,0.220908,-0.527161,0.820548,-0.059157,0.000445,0.004814,-0.651689,-2.384661,0.777844,-0.215994,0.116477,0.047407,-0.06319,0.977484,-0.18286,-0.105282,0.196423,0.606324,0.770576,-0.077073,-0.773906,0.628591,-0.030651,-0.045101,0.034234,1.023506,0.981821,0.094824,-1.017809
1864,0.231761,0.010221,0.312787,-0.913742,0.2121,-0.346605,-0.40413,-0.564006,0.720103,-0.041619,0.797797,0.601511,-0.090831,-0.084301,0.076644,1.027367,1.010157,0.308214,-1.910838,-0.196712,-0.010232,0.289975,-0.980693,-0.012258,-0.195147,-0.097591,-0.834481,0.542265,-0.168244,0.550853,0.817384,-0.104052,0.01226,5.9e-05,0.386023,-2.786596,-4.302082,-0.124977,0.03081,0.038843,-0.02562,0.962632,0.193437,-0.189527,-0.055474,0.825861,0.561137,0.265067,-0.529655,0.805732,-0.052006,0.00615,0.000137,-0.777949,-2.147826,1.329106,-0.271677,0.115012,0.045674,-0.061741,0.975667,-0.163397,-0.146196,0.21777,0.644784,0.732686,-0.025454,-0.746695,0.664678,-0.038588,-0.040794,0.039066,1.203163,-1.069528,2.068109,-1.014543
1865,0.228361,0.007299,0.316083,-0.898135,0.206614,-0.388213,-0.430294,-0.595391,0.678475,-0.089842,0.776149,0.624137,-0.093992,-0.059263,0.081735,1.232524,-1.190743,1.672581,-1.912622,-0.200161,-0.009605,0.289872,-0.969684,-0.051692,-0.238816,-0.092497,-0.827225,0.554145,-0.224963,0.559497,0.797633,-0.089496,0.02476,-0.007771,-0.655981,-0.466421,0.682004,-0.168152,0.029013,0.039167,-0.025671,0.943502,0.236158,-0.232446,-0.063,0.816531,0.573853,0.32532,-0.526788,0.785277,-0.044729,0.01239,-0.003807,-0.768612,-0.499765,0.696726,-0.332747,0.113313,0.0442,-0.060099,0.968381,-0.164685,-0.187388,0.249166,0.675631,0.693858,0.012338,-0.71861,0.695302,-0.046578,-0.035099,0.045034,1.842009,-1.498406,0.647327,-1.013074
1866,0.226527,0.006112,0.317759,-0.890518,0.218063,-0.399338,-0.444454,-0.60496,0.660648,-0.096416,0.765534,0.636152,-0.094393,-0.056283,0.08434,0.728668,0.804025,-0.020807,-1.912322,-0.201815,-0.009212,0.289752,-0.965121,-0.069542,-0.252384,-0.086557,-0.825308,0.55795,-0.245863,0.56042,0.790787,-0.08955,0.023555,-0.009378,-0.231905,-0.329521,-0.110855,-0.185324,0.02822,0.039358,-0.025723,0.936023,0.252305,-0.24536,-0.067652,0.813161,0.578093,0.345373,-0.52451,0.778206,-0.03712,0.006401,-0.0008,-0.183109,-1.614073,-0.475155,-0.350546,0.11236,0.04359,-0.059225,0.96336,-0.177455,-0.201108,0.267634,0.685003,0.6776,0.017517,-0.706597,0.707398,-0.047314,-0.02771,0.042631,0.809918,0.820325,0.002784,-1.010788
1867,0.222816,0.004331,0.32082,-0.880238,0.217402,-0.421856,-0.456378,-0.631726,0.626588,-0.129184,0.743801,0.655819,-0.095587,-0.042675,0.078075,0.541695,-0.001055,0.639553,-1.913006,-0.204892,-0.008636,0.289481,-0.961054,-0.100041,-0.257602,-0.065367,-0.823632,0.563286,-0.267294,0.558311,0.785306,-0.074548,0.009874,-0.005479,0.006693,-0.254601,-0.293394,-0.234174,0.026648,0.039655,-0.025861,0.926588,0.281108,-0.249824,-0.087535,0.807252,0.583679,0.365747,-0.518962,0.772597,-0.037273,0.004782,-0.002861,0.053379,-0.256481,-0.284566,-0.394471,0.110503,0.042709,-0.057686,0.957635,-0.180261,-0.224587,0.284666,0.710532,0.643513,0.043576,-0.680183,0.731744,-0.047875,-0.021164,0.039258,0.489228,-0.058387,0.674896,-1.005562
1868,0.219327,0.003324,0.323618,-0.872145,0.228332,-0.432751,-0.467783,-0.648572,0.60042,-0.142494,0.725801,0.673005,-0.083659,-0.014275,0.065935,0.503579,0.33351,0.450175,-1.912771,-0.207495,-0.008495,0.289391,-0.961641,-0.100063,-0.255393,-0.064654,-0.822375,0.565202,-0.265357,0.560157,0.784648,-0.059288,-0.000507,0.00245,-0.008545,0.061001,-0.116832,-0.302115,0.025369,0.03972,-0.025913,0.927239,0.280779,-0.24777,-0.087747,0.806149,0.58517,0.364043,-0.520851,0.77213,-0.029662,-0.000442,0.001054,0.001461,0.057677,-0.118621,-0.450153,0.10879,0.042211,-0.056312,0.952642,-0.191723,-0.236038,0.299557,0.725211,0.619946,0.05232,-0.661294,0.748299,-0.041479,-0.012331,0.037426,0.45334,0.367321,0.489547,-1.007358
1869,0.216259,0.003024,0.326166,-0.865705,0.240334,-0.439134,-0.479245,-0.651474,0.588113,-0.143668,0.719285,0.679717,-0.070515,0.00202,0.06088,0.190149,0.035718,0.376347,-1.913103,-0.209699,-0.008593,0.28974,-0.962195,-0.10515,-0.251228,-0.058101,-0.822185,0.566189,-0.264862,0.55951,0.785276,-0.05852,0.005459,0.0093,0.019762,0.139342,-0.271647,-0.350618,0.024266,0.039663,-0.025749,0.9268,0.285756,-0.243687,-0.094151,0.804946,0.58583,0.36356,-0.520004,0.772928,-0.021761,-0.003419,0.007682,-0.028862,0.151836,-0.297549,-0.508775,0.107224,0.042056,-0.055012,0.948148,-0.205707,-0.242279,0.313684,0.728355,0.609181,0.051152,-0.653593,0.755115,-0.035317,0.00114,0.03061,0.189391,0.031244,0.37184,-1.008338
1870,0.214787,0.003103,0.327407,-0.864643,0.239279,-0.441795,-0.479685,-0.654822,0.584022,-0.148481,0.716594,0.681523,-0.071184,0.01434,0.053429,0.074235,0.019698,0.163927,-1.913332,-0.210641,-0.008714,0.29012,-0.962361,-0.109802,-0.248589,-0.051919,-0.823817,0.564415,-0.265537,0.556213,0.787389,-0.042826,-0.015397,0.026309,0.006114,0.124223,-0.298114,-0.358318,0.023805,0.03961,-0.025573,0.92614,0.290146,-0.240995,-0.10044,0.805589,0.583898,0.363558,-0.516566,0.775231,-0.021559,-0.001891,0.009446,0.063327,-0.024985,-0.147712,-0.526737,0.106541,0.042091,-0.054433,0.947602,-0.205028,-0.244974,0.314641,0.731598,0.604784,0.055225,-0.650174,0.757775,-0.035285,0.002167,0.031349,0.078043,-0.055665,0.321811,-1.008175
1871,0.212442,0.003281,0.329725,-0.8594,0.241216,-0.450879,-0.484964,-0.664149,0.568937,-0.161149,0.707302,0.688318,-0.055968,0.002575,0.059484,0.4649,0.375422,0.343063,-1.913088,-0.212177,-0.009086,0.291204,-0.960797,-0.126874,-0.246504,-0.033596,-0.829508,0.557424,-0.273973,0.54401,0.793003,-0.02743,-0.011239,0.030394,0.434027,-0.217434,-0.279733,-0.357221,0.023031,0.039431,-0.025039,0.921957,0.305495,-0.238047,-0.11817,0.807233,0.578282,0.368821,-0.505021,0.780335,-0.02107,-0.005102,0.016173,0.594601,-0.304977,-0.406079,-0.53931,0.105352,0.042189,-0.053271,0.944638,-0.206021,-0.255367,0.321243,0.739135,0.592015,0.066784,-0.641275,0.764398,-0.028045,0.001437,0.02993,0.04098,-0.056223,0.331429,-1.008665
1872,0.210713,0.003352,0.332145,-0.856863,0.245401,-0.453442,-0.486929,-0.674379,0.555054,-0.168519,0.696092,0.697914,-0.041247,-0.005165,0.069221,0.521873,0.426847,0.410078,-1.912797,-0.213465,-0.009741,0.29281,-0.959122,-0.139048,-0.24646,-0.0202,-0.83528,0.549394,-0.281031,0.532088,0.798603,-0.025935,-0.02738,0.053564,0.327553,-0.204357,-0.248947,-0.357283,0.022371,0.039097,-0.024234,0.917822,0.317862,-0.237836,-0.133334,0.811112,0.56949,0.37393,-0.490979,0.786838,-0.013131,-0.008033,0.022879,0.506411,-0.256954,-0.285602,-0.540126,0.104466,0.042226,-0.052044,0.94295,-0.210415,-0.25801,0.325144,0.748648,0.577759,0.071589,-0.628689,0.774354,-0.021039,0.002879,0.030474,0.11335,0.065166,0.200892,-1.006542
1873,0.209998,0.003301,0.333477,-0.855392,0.250421,-0.453475,-0.488589,-0.680977,0.545456,-0.171153,0.687828,0.705426,-0.041182,-0.004488,0.069527,0.667702,0.456362,0.657366,-1.912763,-0.213974,-0.010146,0.293893,-0.95795,-0.1456,-0.247232,-0.01331,-0.838388,0.544851,-0.285384,0.525414,0.801474,-0.025137,-0.021972,0.059733,0.403319,-0.244756,-0.280449,-0.356599,0.022115,0.038889,-0.023699,0.915511,0.324059,-0.238377,-0.140529,0.812836,0.565285,0.376948,-0.484027,0.789701,-0.012532,-0.010495,0.030465,0.604004,-0.309448,-0.302258,-0.540126,0.104093,0.042199,-0.051352,0.941812,-0.215537,-0.257937,0.328282,0.754707,0.56802,0.072238,-0.619645,0.78155,-0.02063,-0.002231,0.034802,0.632414,0.442277,0.656803,-1.003929
1874,0.209087,0.00299,0.336397,-0.851452,0.270431,-0.449379,-0.497556,-0.687544,0.52886,-0.164892,0.673551,0.720532,-0.026667,-0.01202,0.079489,0.583654,0.531534,0.480215,-1.91289,-0.21486,-0.011172,0.296633,-0.956118,-0.161366,-0.244521,0.006411,-0.846142,0.532857,-0.291665,0.50811,0.81032,-0.023685,-0.038305,0.082432,0.592638,-0.370313,-0.396496,-0.356417,0.021673,0.038386,-0.022333,0.911077,0.338565,-0.235183,-0.160805,0.817194,0.553475,0.379578,-0.46644,0.798969,-0.004608,-0.013512,0.036965,0.914712,-0.504025,-0.382844,-0.540616,0.103648,0.042045,-0.049924,0.938472,-0.235235,-0.252852,0.339695,0.760755,0.553044,0.062263,-0.604909,0.793855,-0.006496,-0.005447,0.039871,0.157335,0.280811,0.17251,-1.002296
1875,0.208743,0.002618,0.339595,-0.851645,0.289671,-0.436847,-0.501279,-0.693746,0.517115,-0.152213,0.659018,0.736583,0.000646,-0.005784,0.082656,0.406671,0.556278,0.144765,-1.912714,-0.215514,-0.012423,0.300028,-0.957038,-0.179079,-0.228034,0.037998,-0.857329,0.5133,-0.286201,0.48281,0.827554,-0.007734,-0.030713,0.089963,0.63646,-0.453465,-0.211054,-0.357001,0.02134,0.037757,-0.020639,0.908594,0.356268,-0.218009,-0.194504,0.82281,0.533995,0.369625,-0.442781,0.816896,-0.011143,-0.020537,0.049821,0.690314,-0.232774,-0.59219,-0.541269,0.103467,0.041854,-0.048328,0.937207,-0.254327,-0.23866,0.345794,0.766794,0.540789,0.045466,-0.58936,0.806589,0.000295,-0.003146,0.041135,0.637349,0.612245,0.34801,-1.006216
1876,0.208879,0.002225,0.34299,-0.8506,0.304939,-0.428413,-0.504346,-0.703786,0.500292,-0.147898,0.641234,0.752975,0.000527,-0.003964,0.083551,0.271951,0.338737,0.249788,-1.912529,-0.215846,-0.013926,0.304005,-0.95618,-0.194002,-0.219261,0.063935,-0.869392,0.489901,-0.284446,0.454662,0.843941,-0.006493,-0.04808,0.111078,0.68737,-0.580994,-0.108198,-0.356026,0.021175,0.037016,-0.018653,0.905007,0.370664,-0.208731,-0.222289,0.830421,0.51087,0.362696,-0.415942,0.833932,-0.003353,-0.017863,0.052175,0.86963,-0.53621,-0.234185,-0.541106,0.103534,0.041659,-0.046628,0.93539,-0.269643,-0.228772,0.351725,0.776264,0.523166,0.03652,-0.569829,0.82095,0.00744,-0.007236,0.045813,0.294797,0.509042,0.099819,-1.009645
1877,0.209102,0.002016,0.344772,-0.849066,0.315908,-0.423478,-0.508207,-0.707536,0.49101,-0.143459,0.631719,0.761825,0.014891,-0.013693,0.091937,0.370764,0.552567,0.148202,-1.912454,-0.215934,-0.014764,0.3062,-0.955333,-0.201103,-0.216534,0.076619,-0.876401,0.475379,-0.284153,0.437811,0.852902,-0.006467,-0.034957,0.104781,1.029672,-0.09578,-0.232899,-0.355155,0.021128,0.036612,-0.017592,0.902511,0.377144,-0.20793,-0.234353,0.835149,0.497597,0.361319,-0.400358,0.842117,-0.003285,-0.017344,0.052571,0.583026,-0.624146,0.017186,-0.541106,0.103635,0.041561,-0.04577,0.933714,-0.279262,-0.224027,0.356716,0.778955,0.515734,0.030482,-0.561463,0.826939,0.000599,-0.007986,0.045421,0.535381,0.641547,0.367513,-1.006869
1878,0.209542,0.001656,0.348091,-0.850335,0.322225,-0.416108,-0.506021,-0.717943,0.477988,-0.143668,0.616606,0.774069,0.000525,-0.00479,0.08201,0.884985,-0.500996,-1.095519,-1.912178,-0.215955,-0.016328,0.31041,-0.953869,-0.210917,-0.213632,0.096795,-0.889843,0.445807,-0.282912,0.404834,0.869444,0.00888,-0.043704,0.114202,0.820705,-0.466484,-0.118506,-0.355381,0.021118,0.0358,-0.015405,0.899323,0.387282,-0.203049,-0.258841,0.845721,0.466643,0.352445,-0.367105,0.860822,0.004387,-0.021708,0.057274,0.903001,-0.486833,-0.103074,-0.541433,0.103865,0.04138,-0.044073,0.933223,-0.287652,-0.215289,0.358386,0.787862,0.50083,0.025553,-0.544543,0.838342,0.007062,-0.001749,0.041219,2.544295,-2.32969,-4.009373,-1.001807
1879,0.2099,0.001249,0.351345,-0.846994,0.335326,-0.412556,-0.511398,-0.726062,0.45965,-0.144359,0.599881,0.786975,0.001438,-0.01908,0.087382,0.346455,0.387814,0.281266,-1.910843,-0.215784,-0.017615,0.314624,-0.953429,-0.214337,-0.212187,0.110712,-0.903285,0.414431,-0.279279,0.371914,0.885181,0.00885,-0.030627,0.107315,0.951149,0.007354,-0.071263,-0.355357,0.021204,0.035159,-0.013295,0.898038,0.390952,-0.201699,-0.275296,0.857056,0.435507,0.343129,-0.335575,0.877297,0.004363,-0.015238,0.053748,1.040669,0.049582,-0.079595,-0.541923,0.104045,0.04118,-0.042411,0.930574,-0.298751,-0.211611,0.365319,0.795552,0.483361,0.023944,-0.527109,0.84946,0.000682,-0.009731,0.043538,0.394634,0.415842,0.280781,-1.002623
1880,0.210106,0.000807,0.354244,-0.845149,0.339659,-0.412795,-0.512218,-0.73557,0.44333,-0.152011,0.585695,0.796166,0.001149,-0.015251,0.073014,0.681408,-0.127704,0.72818,-1.902184,-0.215589,-0.01845,0.318386,-0.953897,-0.211523,-0.212908,0.115395,-0.913511,0.390021,-0.275777,0.347744,0.896038,-0.006651,-0.02268,0.095686,0.357683,-0.167117,0.096803,-0.355783,0.021305,0.034759,-0.01144,0.898611,0.389249,-0.202442,-0.282899,0.866733,0.410782,0.335359,-0.311862,0.888974,0.003797,-0.006034,0.043148,0.669746,0.253787,0.074249,-0.542086,0.104146,0.04097,-0.040985,0.929384,-0.302469,-0.211558,0.368019,0.803431,0.468039,0.028405,-0.512846,0.85801,0.000547,-0.007848,0.03633,1.421278,-1.469811,1.90776,-1.000337
1881,0.210142,0.000579,0.355566,-0.84622,0.340051,-0.410272,-0.510178,-0.739383,0.439322,-0.152908,0.580648,0.799684,0.001265,-0.017101,0.071466,0.24016,0.250219,0.350712,-1.894175,-0.215508,-0.018644,0.320036,-0.953757,-0.209223,-0.215789,0.115202,-0.917714,0.380082,-0.27634,0.337918,0.899617,0.007435,-0.000982,0.077657,0.660168,-0.665793,0.345688,-0.356279,0.02134,0.034651,-0.010611,0.89931,0.386575,-0.204448,-0.282633,0.870546,0.402824,0.333703,-0.304481,0.89215,-0.003601,-0.006311,0.04302,0.056587,-0.307795,0.253956,-0.542249,0.104165,0.040848,-0.040298,0.929625,-0.3034,-0.209151,0.367398,0.80705,0.462264,0.028544,-0.506574,0.861723,0.000609,-0.008858,0.035494,0.297442,0.283961,0.347692,-1.003929
1882,0.210132,0.000134,0.357875,-0.846222,0.340765,-0.409676,-0.508148,-0.747561,0.42768,-0.15947,0.569661,0.806277,0.000998,-0.013447,0.057185,0.154546,0.142063,0.280145,-1.859804,-0.215429,-0.018584,0.322808,-0.954954,-0.201483,-0.217851,0.108832,-0.920927,0.374143,-0.274792,0.333841,0.901611,0.006401,0.005148,0.063694,-0.081501,-0.122459,0.217317,-0.35664,0.02138,0.034684,-0.009215,0.901195,0.380466,-0.207585,-0.278522,0.87535,0.395205,0.332072,-0.29834,0.89483,-0.004085,0.003181,0.032799,-0.116456,-0.215649,0.387065,-0.543229,0.104159,0.040633,-0.039163,0.929582,-0.304125,-0.208287,0.367141,0.814342,0.449503,0.032912,-0.494321,0.868655,0.000119,-0.001641,0.02401,0.271563,0.27516,0.117252,-0.999357
1883,0.21013,-0.000273,0.359776,-0.84595,0.340173,-0.410727,-0.506092,-0.754985,0.416942,-0.167212,0.560151,0.811356,0.000576,-0.007352,0.044838,0.032479,0.007781,0.2465,-1.830876,-0.215472,-0.018081,0.324869,-0.955524,-0.19943,-0.21724,0.106695,-0.920676,0.375375,-0.273651,0.335759,0.901245,-0.009447,0.022475,0.042435,-0.096691,0.093069,-0.101332,-0.356046,0.021362,0.034926,-0.008194,0.90224,0.378239,-0.207114,-0.275883,0.875417,0.396904,0.331436,-0.300964,0.894186,-0.004814,0.010883,0.020867,-0.111207,0.10495,-0.079863,-0.543392,0.104158,0.040424,-0.038211,0.92944,-0.304043,-0.209042,0.366945,0.820977,0.437432,0.038621,-0.483273,0.874616,0.00029,-0.004245,0.021993,-0.012704,0.09936,0.053291,-0.990539
1884,0.210154,-0.000472,0.360633,-0.845461,0.341,-0.411048,-0.505599,-0.759046,0.410112,-0.171108,0.554131,0.81467,0.014249,-0.008809,0.043035,0.204156,0.25649,0.150384,-1.811284,-0.215524,-0.017689,0.325613,-0.955612,-0.200433,-0.215927,0.10784,-0.92015,0.376334,-0.272898,0.336603,0.901159,0.004491,0.030819,0.030555,-0.007385,0.057021,-0.096613,-0.355525,0.021333,0.035122,-0.0078,0.9023,0.378803,-0.20582,-0.2765,0.874789,0.397859,0.330759,-0.302079,0.894061,-0.004842,0.010597,0.020485,-0.037366,0.073247,-0.106843,-0.543392,0.104165,0.040325,-0.037782,0.929144,-0.304236,-0.210072,0.367331,0.824088,0.431215,0.041927,-0.477827,0.877452,0.000331,-0.004837,0.021527,0.338861,0.261655,0.342557,-0.986621
1885,0.210181,-0.000868,0.362171,-0.846567,0.341227,-0.408576,-0.502388,-0.76595,0.401123,-0.175026,0.544413,0.820371,0.000993,-0.013933,0.039838,0.213275,0.283,0.125358,-1.74738,-0.215732,-0.01658,0.326868,-0.956595,-0.201221,-0.210778,0.10872,-0.917667,0.3821,-0.269092,0.342859,0.899944,-0.0102,0.029681,0.02975,-0.454361,0.259866,0.013981,-0.351481,0.021234,0.035674,-0.007175,0.90275,0.380192,-0.201235,-0.277946,0.872581,0.401681,0.328309,-0.306686,0.893395,-0.0051,0.015012,0.015046,-0.5265,0.279643,0.070243,-0.541106,0.104184,0.040129,-0.037011,0.929781,-0.304078,-0.207464,0.365459,0.830037,0.421279,0.044101,-0.467518,0.882882,0.000495,-0.007352,0.019631,0.359752,0.294306,0.324496,-0.972904
1886,0.210209,-0.001277,0.363548,-0.846803,0.33975,-0.409316,-0.499589,-0.772262,0.392421,-0.181725,0.536367,0.824205,0.001043,-0.014728,0.039216,0.085057,0.073818,0.24491,-1.680754,-0.216197,-0.0155,0.327935,-0.956806,-0.204897,-0.20623,0.113503,-0.916526,0.383447,-0.266364,0.343741,0.90042,-0.010662,0.026045,0.025917,-0.008593,0.07186,-0.126129,-0.352058,0.021001,0.036216,-0.00664,0.902866,0.382617,-0.196047,-0.280874,0.870197,0.404804,0.325484,-0.310419,0.893139,-0.005377,0.012836,0.012786,-0.00564,0.072486,-0.122119,-0.539473,0.104198,0.039919,-0.036327,0.93006,-0.302985,-0.207814,0.36411,0.835692,0.411147,0.049097,-0.458059,0.887564,0.000166,-0.002418,0.014902,0.147789,0.188379,0.101563,-0.951513
1887,0.210224,-0.001493,0.364214,-0.847843,0.338715,-0.40802,-0.497138,-0.775513,0.389109,-0.183577,0.53232,0.826415,0.001129,-0.016076,0.038214,0.218898,0.29181,0.127915,-1.640866,-0.216525,-0.015003,0.328449,-0.956272,-0.206461,-0.207143,0.114324,-0.915941,0.384598,-0.267917,0.344366,0.89972,-0.025119,0.025792,0.026213,-0.016971,0.066815,-0.148239,-0.352199,0.020843,0.036464,-0.006384,0.902069,0.384003,-0.197007,-0.281482,0.869483,0.405914,0.327166,-0.310709,0.892424,-0.005445,0.012237,0.012147,-0.029909,0.005605,-0.099825,-0.539963,0.104205,0.039812,-0.035993,0.930785,-0.301178,-0.207196,0.36203,0.838067,0.408138,0.050722,-0.454899,0.889096,0.000217,-0.003177,0.014333,0.456014,0.347245,0.32128,-0.945472
1888,0.210256,-0.001978,0.365484,-0.849973,0.334986,-0.406664,-0.491884,-0.781139,0.384504,-0.187804,0.526429,0.829234,0.001282,-0.018491,0.036436,-0.055988,0.054484,-0.018977,-1.555495,-0.21731,-0.01403,0.329456,-0.954536,-0.209073,-0.212466,0.11406,-0.914849,0.387267,-0.274126,0.345696,0.897336,-0.010886,0.023677,0.023281,-0.014969,0.051627,-0.11898,-0.352861,0.020441,0.036959,-0.005872,0.899897,0.386379,-0.202226,-0.281024,0.868374,0.408595,0.333481,-0.310863,0.890029,-0.005484,0.011671,0.011493,-0.012151,0.06189,-0.121068,-0.54078,0.104222,0.039565,-0.035344,0.932244,-0.298222,-0.204897,0.357886,0.843358,0.400829,0.053266,-0.447001,0.892945,0.000626,-0.009332,0.018152,-0.114735,0.018103,-0.019983,-0.927836
1889,0.210298,-0.002594,0.366782,-0.850658,0.334889,-0.405309,-0.488622,-0.788188,0.374139,-0.19311,0.515887,0.834623,0.001298,-0.018743,0.036254,0.298983,0.369881,0.162,-1.455202,-0.218374,-0.013231,0.330328,-0.950808,-0.22267,-0.215347,0.125394,-0.912485,0.389336,-0.281983,0.343468,0.895756,-0.02578,0.019736,0.020007,-0.000796,0.001398,-0.008801,-0.352912,0.019919,0.037354,-0.005441,0.893762,0.399098,-0.204715,-0.291741,0.863917,0.410529,0.340698,-0.307192,0.88857,-0.020054,0.010178,0.010639,-0.00271,0.019288,-0.037547,-0.540943,0.104242,0.039261,-0.03471,0.932841,-0.296574,-0.204574,0.355641,0.848862,0.391089,0.057669,-0.437579,0.897328,0.000673,-0.010023,0.017651,0.313595,0.319706,0.344315,-0.91363
1890,0.210365,-0.003302,0.368112,-0.849378,0.339861,-0.403853,-0.490028,-0.792098,0.363901,-0.195163,0.506562,0.839841,0.000699,-0.009878,0.026067,0.212668,0.171356,0.28052,-1.328194,-0.219708,-0.012522,0.331093,-0.943857,-0.243593,-0.223129,0.143307,-0.910648,0.387451,-0.29637,0.334037,0.894677,-0.040419,0.017237,0.018138,0.130702,-0.055561,-0.118273,-0.357723,0.019257,0.03771,-0.005058,0.883222,0.418219,-0.212157,-0.308668,0.859035,0.40839,0.353046,-0.295213,0.88781,-0.02028,0.008221,0.008719,0.173323,-0.082888,-0.251995,-0.542413,0.104276,0.038904,-0.034041,0.931607,-0.302069,-0.202139,0.35888,0.852525,0.380007,0.057541,-0.426561,0.902626,0.000672,-0.010057,0.017633,0.264621,0.34498,0.103839,-0.887503
1891,0.210391,-0.003682,0.368796,-0.8503,0.340612,-0.401271,-0.488056,-0.795705,0.358645,-0.19608,0.500371,0.843332,0.001406,-0.020437,0.035044,0.340153,0.332624,0.329491,-1.25152,-0.220511,-0.012216,0.331419,-0.939432,-0.2525,-0.231737,0.149576,-0.910559,0.385285,-0.307098,0.327612,0.893434,-0.04077,0.014614,0.015604,0.578639,-0.228296,-0.253049,-0.361135,0.018856,0.037865,-0.004893,0.877799,0.425517,-0.220005,-0.313374,0.857464,0.408107,0.362303,-0.289292,0.886027,-0.027485,0.007856,0.008657,0.040808,0.029303,-0.131032,-0.545025,0.104288,0.038725,-0.033716,0.932144,-0.301638,-0.200303,0.3574,0.855196,0.375372,0.058072,-0.421489,0.904971,0.000668,-0.009986,0.017689,-0.040377,-0.003961,0.195375,-0.872317
1892,0.210421,-0.004442,0.370066,-0.851301,0.340387,-0.399336,-0.484379,-0.802443,0.348473,-0.200774,0.489658,0.8485,0.001478,-0.021565,0.03425,0.07739,0.090173,0.217535,-1.061812,-0.222526,-0.011665,0.331999,-0.931308,-0.269096,-0.245448,0.16187,-0.909596,0.382581,-0.325022,0.316916,0.890948,-0.055539,0.01136,0.013037,0.127662,-0.01372,-0.136239,-0.36542,0.017833,0.038147,-0.004596,0.866092,0.441746,-0.233976,-0.327039,0.854715,0.403123,0.37806,-0.272622,0.884729,-0.027826,0.005362,0.006255,0.092419,0.001257,-0.151869,-0.549271,0.104303,0.038338,-0.033067,0.932573,-0.302535,-0.196922,0.355954,0.86141,0.36231,0.060019,-0.407976,0.911017,0.000721,-0.010844,0.01708,0.065982,0.18506,0.053806,-0.830515
1893,0.210505,-0.005252,0.371323,-0.851504,0.34662,-0.393499,-0.484667,-0.806724,0.338034,-0.199221,0.478118,0.855419,0.001553,-0.022737,0.033433,0.208787,0.308607,0.097326,-0.939982,-0.225003,-0.011233,0.332525,-0.926984,-0.276391,-0.253574,0.16826,-0.910719,0.377113,-0.333984,0.307268,0.891014,-0.069589,0.012593,0.014613,0.100002,-0.065445,-0.142967,-0.388804,0.016593,0.038355,-0.004341,0.86046,0.44841,-0.241941,-0.333614,0.854733,0.397657,0.385108,-0.261454,0.88506,-0.034815,0.006217,0.007272,0.063172,-0.055902,-0.15565,-0.563804,0.104346,0.037934,-0.032438,0.932007,-0.307852,-0.191279,0.35795,0.864623,0.352557,0.056849,-0.397055,0.916032,0.000424,-0.006418,0.011972,0.378686,0.318428,0.320686,-0.817288
1894,0.2105,-0.005631,0.371911,-0.849659,0.350595,-0.393964,-0.487542,-0.807016,0.333166,-0.200076,0.474711,0.857115,0.001597,-0.023431,0.032948,-0.001399,0.018187,0.184255,-0.871097,-0.226319,-0.011003,0.332808,-0.924604,-0.281413,-0.256721,0.17402,-0.911672,0.372163,-0.337598,0.299792,0.892197,-0.069557,0.012485,0.014417,0.525381,-0.276774,-0.123193,-0.403342,0.015962,0.038465,-0.004205,0.857766,0.452228,-0.244388,-0.338137,0.854481,0.394366,0.387168,-0.255637,0.88586,-0.034826,0.006039,0.007061,0.556019,-0.200331,-0.343676,-0.57556,0.104343,0.037745,-0.032143,0.930464,-0.312667,-0.190987,0.361985,0.865043,0.347372,0.0566,-0.392352,0.918072,0.000446,-0.006768,0.011726,-0.0197,0.086122,0.00673,-0.814676
1895,0.210492,-0.006273,0.372896,-0.84819,0.353409,-0.394615,-0.488151,-0.810775,0.322992,-0.204745,0.466146,0.860706,0.000984,-0.014359,0.022881,0.197276,0.164279,0.275061,-0.78275,-0.22899,-0.010507,0.333434,-0.919841,-0.28863,-0.265662,0.179004,-0.911537,0.370122,-0.347816,0.293272,0.890437,-0.069057,0.003249,0.024249,0.035307,0.03705,-0.164006,-0.416376,0.0146,0.038715,-0.003889,0.851074,0.459607,-0.253836,-0.344519,0.853672,0.390576,0.396204,-0.244958,0.884882,-0.034536,0.001649,0.012191,-0.009482,0.060142,-0.182336,-0.595482,0.104339,0.037421,-0.031647,0.929398,-0.314837,-0.192602,0.364076,0.867682,0.338488,0.060549,-0.384713,0.921047,0.000151,-0.002377,0.006584,0.374974,0.378266,0.106869,-0.814676
1896,0.210537,-0.006795,0.373678,-0.846737,0.349184,-0.401439,-0.485399,-0.815963,0.313949,-0.216884,0.460251,0.860905,-0.012424,-0.01701,0.02164,0.111669,0.204678,0.007433,-0.774209,-0.231569,-0.010035,0.33418,-0.915732,-0.295683,-0.272026,0.184874,-0.911309,0.367791,-0.355482,0.286889,0.889489,-0.068513,0.005654,0.026277,0.062951,0.025956,-0.17384,-0.418777,0.013336,0.038947,-0.003528,0.845842,0.46577,-0.260017,-0.350035,0.852451,0.38833,0.402524,-0.237451,0.884075,-0.034248,0.008532,0.009178,0.096888,-0.001087,-0.148284,-0.602177,0.104366,0.037161,-0.031255,0.928979,-0.311532,-0.199863,0.363063,0.871996,0.32834,0.071991,-0.377584,0.923172,0.000172,-0.002634,0.006401,0.247748,0.166369,0.274666,-0.828555
1897,0.210534,-0.007218,0.374347,-0.848873,0.343041,-0.402222,-0.477934,-0.823185,0.306461,-0.224922,0.451951,0.863237,0.001082,-0.015914,0.021792,0.134017,0.111952,0.249305,-0.751677,-0.233859,-0.009734,0.335168,-0.91258,-0.303647,-0.273838,0.19423,-0.911344,0.36285,-0.358575,0.278335,0.890964,-0.053898,0.006542,0.026428,0.384622,-0.14113,-0.253771,-0.419024,0.012165,0.0391,-0.003024,0.841678,0.472597,-0.261206,-0.358464,0.850792,0.384259,0.403832,-0.229789,0.885502,-0.026943,0.003399,0.013373,0.477711,-0.165284,-0.225745,-0.604463,0.10436,0.036941,-0.030914,0.93092,-0.305345,-0.200377,0.35665,0.878196,0.318701,0.078658,-0.36815,0.926432,0.000535,-0.008039,0.010837,0.151965,0.128166,0.249835,-0.816309
1898,0.210547,-0.007409,0.374671,-0.848626,0.343646,-0.402228,-0.477192,-0.825481,0.301398,-0.227406,0.447282,0.865016,0.001074,-0.01579,0.021884,0.219841,0.211653,0.261589,-0.730045,-0.234905,-0.009677,0.335786,-0.911399,-0.307754,-0.273185,0.199489,-0.911146,0.360487,-0.358691,0.274448,0.892123,-0.053577,-0.002999,0.036084,0.181707,-0.048039,-0.213179,-0.418945,0.011662,0.039129,-0.002729,0.839597,0.476536,-0.260745,-0.363946,0.849826,0.381232,0.403259,-0.225185,0.886945,-0.026695,-0.000926,0.018608,0.252212,-0.091136,-0.198736,-0.605279,0.104366,0.036851,-0.030761,0.930807,-0.30546,-0.200725,0.356481,0.879974,0.313952,0.080733,-0.363784,0.927977,0.00016,-0.002372,0.006588,0.403132,0.317128,0.331735,-0.804062
1899,0.210609,-0.007729,0.375348,-0.848537,0.342866,-0.40308,-0.474792,-0.829642,0.293663,-0.232674,0.440132,0.86728,0.000948,-0.013786,0.023313,0.093537,0.076992,0.233516,-0.701264,-0.236632,-0.009821,0.337364,-0.908408,-0.316738,-0.272878,0.210953,-0.910874,0.3546,-0.359714,0.264967,0.894573,-0.038506,-0.010557,0.047028,0.501144,-0.234717,-0.296712,-0.416779,0.010792,0.039057,-0.001946,0.835541,0.484194,-0.259667,-0.374026,0.847459,0.376719,0.402462,-0.217642,0.889188,-0.019209,0.000468,0.01957,-0.008792,0.003072,-0.129885,-0.604789,0.104398,0.036688,-0.030425,0.930799,-0.305168,-0.201208,0.355586,0.88347,0.305019,0.084679,-0.355459,0.930847,0.000137,-0.002049,0.006817,0.176163,0.114237,0.267436,-0.781201
1900,0.210645,-0.008111,0.376057,-0.851547,0.335964,-0.402545,-0.465906,-0.837023,0.28687,-0.239506,0.431409,0.869799,0.001043,-0.015279,0.022261,0.066878,-0.038388,0.040314,-0.638572,-0.23784,-0.010411,0.339289,-0.904767,-0.325853,-0.274241,0.22254,-0.910811,0.34761,-0.361898,0.253898,0.896899,-0.024483,-0.022921,0.053658,0.357734,-0.184777,-0.246073,-0.402084,0.010185,0.038772,-0.000981,0.830057,0.492767,-0.261123,-0.38595,0.845577,0.368836,0.40255,-0.205375,0.892061,-0.012256,-0.01137,0.026937,0.558818,-0.262026,-0.243943,-0.598095,0.104415,0.036501,-0.030067,0.933142,-0.298472,-0.200396,0.348046,0.889647,0.29562,0.090048,-0.345602,0.934049,0.000483,-0.007211,0.011433,0.192643,-0.167525,-0.233343,-0.747727
1901,0.210661,-0.008362,0.376438,-0.852293,0.333922,-0.402665,-0.463397,-0.839103,0.284856,-0.241702,0.428954,0.870406,0.001086,-0.015959,0.021786,0.03612,-0.068931,0.02671,-0.599712,-0.238242,-0.010857,0.340347,-0.902942,-0.329999,-0.275299,0.227733,-0.910758,0.344371,-0.363221,0.248679,0.897827,-0.010339,-0.023867,0.052328,0.234103,-0.139244,-0.173354,-0.387264,0.009978,0.038549,-0.000451,0.827259,0.496822,-0.262314,-0.391565,0.844682,0.364948,0.402887,-0.199194,0.89331,-0.012206,-0.011114,0.027145,0.331395,-0.167721,-0.218535,-0.58993,0.104423,0.036377,-0.029876,0.933753,-0.296436,-0.200575,0.345913,0.891337,0.293022,0.091918,-0.342991,0.93483,0.000511,-0.007657,0.011122,0.157335,-0.202642,-0.250249,-0.721927
1902,0.210713,-0.00899,0.377308,-0.854402,0.330843,-0.400732,-0.457936,-0.843877,0.279531,-0.244629,0.421925,0.873019,0.001084,-0.015923,0.021826,0.070081,0.07127,0.198745,-0.545195,-0.23866,-0.011962,0.342521,-0.902518,-0.337199,-0.267862,0.240886,-0.910971,0.334724,-0.355733,0.238006,0.903698,-0.010501,-0.035271,0.060379,0.116251,-0.004148,-0.167976,-0.364995,0.00977,0.038003,0.000635,0.825294,0.503942,-0.254813,-0.404994,0.842662,0.354823,0.393531,-0.189636,0.899538,-0.005298,-0.017683,0.030163,0.215625,0.146001,-0.233923,-0.56609,0.10445,0.036061,-0.029442,0.935342,-0.292603,-0.198789,0.340995,0.895299,0.286636,0.094105,-0.335889,0.937188,0.000846,-0.012684,0.015844,0.059484,0.182504,0.035168,-0.675552
1903,0.210793,-0.009738,0.378353,-0.85506,0.332237,-0.398166,-0.456846,-0.845926,0.275086,-0.244366,0.416698,0.8756,0.001671,-0.024593,0.032266,0.02764,0.162079,-0.003337,-0.496346,-0.238563,-0.01329,0.344764,-0.90372,-0.341884,-0.257678,0.252911,-0.912062,0.322665,-0.344182,0.226871,0.911006,0.003653,-0.036189,0.059104,0.297686,-0.187749,-0.192198,-0.355262,0.009813,0.037339,0.001757,0.825947,0.508215,-0.243981,-0.416364,0.841704,0.343763,0.380066,-0.182346,0.906807,0.001788,-0.018098,0.029553,0.503246,-0.372738,-0.009196,-0.553353,0.10449,0.035679,-0.028913,0.93552,-0.293923,-0.195987,0.340825,0.896897,0.281803,0.092952,-0.330429,0.939241,0.000813,-0.012202,0.016199,0.016845,0.15395,-0.002027,-0.635383
1904,0.210838,-0.010102,0.378927,-0.856632,0.330953,-0.395851,-0.453644,-0.84862,0.272072,-0.244822,0.412224,0.877588,0.001529,-0.022353,0.033856,0.061868,0.175993,0.023428,-0.478243,-0.238375,-0.013973,0.345892,-0.90575,-0.342244,-0.249956,0.257137,-0.912707,0.317462,-0.335633,0.223711,0.914969,0.003729,-0.035836,0.059412,0.210619,0.124562,-0.182124,-0.346884,0.009907,0.036997,0.00232,0.827517,0.50909,-0.236729,-0.421142,0.841693,0.337922,0.371286,-0.179939,0.910915,0.008859,-0.018609,0.028866,0.54671,0.571833,-0.12851,-0.546168,0.104512,0.035503,-0.028641,0.936527,-0.292244,-0.193672,0.338068,0.899107,0.278055,0.092872,-0.32588,0.940837,0.000412,-0.006174,0.012182,0.153879,0.117238,0.211694,-0.618727
1905,0.21099,-0.010853,0.380153,-0.860085,0.329674,-0.389377,-0.44724,-0.854447,0.264326,-0.244495,0.401073,0.882831,0.000846,-0.012175,0.0245,0.112207,0.194009,0.064853,-0.463865,-0.23788,-0.015308,0.348115,-0.908276,-0.342522,-0.240218,0.263048,-0.914137,0.308372,-0.324061,0.217341,0.920658,0.017847,-0.026255,0.049169,0.395829,0.567173,-0.049963,-0.330542,0.010149,0.036326,0.003436,0.829625,0.50984,-0.227563,-0.427321,0.842151,0.328902,0.359329,-0.175623,0.916535,0.001867,-0.01773,0.029862,1.100809,2.412695,-0.678563,-0.528696,0.104588,0.035126,-0.028022,0.938577,-0.290237,-0.186637,0.332923,0.903885,0.268612,0.090738,-0.314249,0.944993,0.007526,-0.010828,0.016865,0.107423,0.134058,0.270872,-0.598642
1906,0.211183,-0.011604,0.381342,-0.86076,0.335082,-0.38322,-0.446652,-0.858287,0.252624,-0.243196,0.388193,0.888926,0.0016,-0.023406,0.033165,0.302228,0.43947,0.142753,-0.448935,-0.237388,-0.016634,0.350319,-0.908622,-0.344663,-0.235806,0.269489,-0.915362,0.299034,-0.317758,0.208608,0.924865,0.017823,-0.02636,0.049044,0.322677,-0.295468,0.042285,-0.316648,0.010394,0.035676,0.004515,0.830291,0.511323,-0.221731,-0.433142,0.842373,0.320617,0.350719,-0.170165,0.920891,0.008886,-0.018501,0.028935,0.390762,-0.2438,-0.223434,-0.512204,0.104684,0.034763,-0.027437,0.938448,-0.294016,-0.181297,0.333908,0.906541,0.258237,0.088428,-0.302879,0.948916,0.00754,-0.011004,0.016752,-0.065952,0.051506,0.040183,-0.586559
1907,0.211494,-0.012296,0.382394,-0.857417,0.338948,-0.387293,-0.448311,-0.861478,0.238422,-0.251769,0.377629,0.891087,0.014546,-0.013515,0.022953,0.137388,0.177917,0.108654,-0.441736,-0.237111,-0.017824,0.352497,-0.908822,-0.349099,-0.228393,0.27977,-0.916227,0.286691,-0.308187,0.197106,0.930609,0.003818,-0.024641,0.050993,0.193202,-0.051887,-0.12791,-0.314446,0.010537,0.035081,0.005604,0.829314,0.515774,-0.214977,-0.443955,0.841806,0.307026,0.339325,-0.159181,0.927102,0.001867,-0.012341,0.025474,0.655084,0.63743,-0.318395,-0.505182,0.104835,0.034408,-0.026899,0.936085,-0.299478,-0.184543,0.338715,0.908951,0.243061,0.094949,-0.290034,0.952294,0.000843,-0.012613,0.015955,0.187425,0.152297,0.250877,-0.576435
1908,0.211641,-0.012652,0.382883,-0.856039,0.339262,-0.390057,-0.447578,-0.86396,0.230691,-0.257668,0.371634,0.891921,0.0011,-0.016059,0.021816,0.590726,-0.449435,0.578258,-0.43572,-0.237033,-0.018371,0.353501,-0.907239,-0.352447,-0.229541,0.285307,-0.91675,0.279468,-0.307776,0.188511,0.932523,0.003612,-0.036418,0.058866,0.287966,-0.268671,-0.001623,-0.313457,0.010578,0.034801,0.006128,0.827301,0.518665,-0.215775,-0.449309,0.84149,0.300024,0.337184,-0.151261,0.929207,0.001712,-0.013095,0.024815,0.43994,-0.243152,-0.200755,-0.504366,0.104913,0.034233,-0.026652,0.935535,-0.299837,-0.186738,0.338966,0.910771,0.235793,0.099376,-0.28389,0.953692,0.007307,-0.007363,0.011042,1.739601,-1.778541,1.474942,-0.571863
1909,0.211874,-0.013391,0.38377,-0.856714,0.334645,-0.392553,-0.44131,-0.86951,0.221743,-0.266062,0.362787,0.893098,0.001231,-0.018007,0.020475,0.03428,-0.042905,0.363835,-0.414828,-0.236955,-0.019351,0.355475,-0.907579,-0.34945,-0.232757,0.287211,-0.921144,0.262556,-0.304999,0.171894,0.936638,0.003415,-0.026571,0.049283,1.011542,0.305865,-0.244285,-0.308077,0.010616,0.034317,0.007099,0.828056,0.515208,-0.221097,-0.450095,0.846029,0.285743,0.334271,-0.137096,0.932452,0.001732,-0.007628,0.020491,0.264968,-0.145538,-0.003533,-0.501263,0.10503,0.033864,-0.026209,0.936255,-0.295671,-0.189745,0.334539,0.915243,0.224526,0.107277,-0.273691,0.955815,0.007384,-0.008549,0.010233,0.02535,0.013123,0.244339,-0.557656
