frame,MLTx,MLTy,MLTz,MLTR1,MLTR2,MLTR3,MLTR4,MLTR5,MLTR6,MLTR7,MLTR8,MLTR9,MLTTVx,MLTTVy,MLTTVz,MLTRVx,MLTRVy,MLTRVz,MLGA,MRTx,MRTy,MRTz,MRTR1,MRTR2,MRTR3,MRTR4,MRTR5,MRTR6,MRTR7,MRTR8,MRTR9,MRTTVx,MRTTVy,MRTTVz,MRTRVx,MRTRVy,MRTRVz,MRGA,SLTx,SLTy,SLTz,SLTR1,SLTR2,SLTR3,SLTR4,SLTR5,SLTR6,SLTR7,SLTR8,SLTR9,SLTTVx,SLTTVy,SLTTVz,SLTRVx,SLTRVy,SLTRVz,SLGA,SRTx,SRTy,SRTz,SRTR1,SRTR2,SRTR3,SRTR4,SRTR5,SRTR6,SRTR7,SRTR8,SRTR9,SRTTVx,SRTTVy,SRTTVz,SRTRVx,SRTRVy,SRTRVz,SRGA
1636,0.227683,0.068247,0.351013,-0.567443,0.715237,-0.408031,-0.796749,-0.601987,0.052675,-0.207255,0.354096,0.91197,-0.057017,-0.015608,-0.006488,0.198252,-0.030802,-0.091153,-1.398864,-0.131685,0.032088,0.336712,0.794944,0.065914,0.603085,-0.514566,0.599566,0.612925,-0.322176,-0.797636,0.509748,0.012757,0.002388,0.000503,0.002045,-0.015205,0.029245,0.271453,0.027693,0.034039,-0.013974,-0.756889,-0.126856,0.641112,0.569988,-0.608063,0.552605,0.319735,0.783687,0.532543,-5.5e-05,0.000415,0.000312,6e-06,1e-05,4e-06,0.189293,0.15135,0.058893,-0.066156,-0.62644,0.673963,-0.391592,-0.726111,-0.687248,-0.021234,-0.283432,0.271038,0.919893,-0.028499,-0.00785,-0.003252,0.770159,-0.223824,0.175423,-0.863989
1637,0.225172,0.067506,0.350698,-0.568624,0.706816,-0.420859,-0.789683,-0.612281,0.038516,-0.229759,0.353365,0.906847,-0.06822,-0.021794,-0.009603,0.017375,-0.161007,-0.366961,-1.390432,-0.131651,0.032128,0.336739,0.794978,0.065901,0.60304,-0.514522,0.599572,0.612955,-0.322159,-0.797633,0.509764,0.012755,0.002396,0.000509,0.002045,-0.015205,0.029245,0.270826,0.02771,0.03406,-0.01396,-0.756927,-0.126841,0.64107,0.569946,-0.608072,0.552637,0.31972,0.783682,0.532559,-5.4e-05,0.000408,0.000308,1.2e-05,-9e-06,1.6e-05,0.188639,0.150073,0.058518,-0.066315,-0.625955,0.666788,-0.404442,-0.717592,-0.695528,-0.036074,-0.305355,0.267643,0.913851,-0.034078,-0.011111,-0.004893,-0.00151,-0.175587,-0.379564,-0.865459
1638,0.223597,0.067047,0.350482,-0.567804,0.702675,-0.428826,-0.785459,-0.618314,0.026724,-0.245671,0.351122,0.903541,-0.079819,-0.024882,-0.010934,2.254953,-1.182207,0.723409,-1.385396,-0.131644,0.03215,0.336755,0.795033,0.065893,0.60297,-0.51446,0.599582,0.612998,-0.322125,-0.797626,0.509796,-0.000106,0.000806,0.000609,0.0,0.0,0.0,0.271054,0.027718,0.034071,-0.013953,-0.757002,-0.126827,0.640985,0.56987,-0.608091,0.552696,0.31968,0.78367,0.532601,-6.5e-05,0.000485,0.000366,6e-06,9e-06,8e-06,0.188639,0.149315,0.058298,-0.066419,-0.6254,0.662722,-0.411914,-0.712341,-0.700371,-0.045283,-0.318503,0.265103,0.910096,-0.045751,-0.012993,-0.005508,-0.00454,-0.013622,-0.568487,-0.866765
1639,0.219884,0.06601,0.349906,-0.559811,0.695234,-0.450894,-0.782621,-0.622361,0.011931,-0.271634,0.358691,0.893075,-0.103131,-0.031915,-0.014159,0.588222,-0.466073,-0.398996,-1.381262,-0.131619,0.032183,0.336765,0.795036,0.065882,0.602966,-0.514444,0.599603,0.612991,-0.322143,-0.797611,0.509808,-2.4e-05,0.000185,0.00014,0.0,0.0,0.0,0.270532,0.027731,0.034089,-0.013947,-0.757006,-0.126817,0.640982,0.569854,-0.608112,0.552688,0.319699,0.783655,0.532612,-1e-05,7.9e-05,6.1e-05,-0.0,3e-06,1.7e-05,0.188476,0.147467,0.057783,-0.066706,-0.614495,0.658192,-0.434945,-0.708761,-0.702713,-0.062053,-0.346484,0.270141,0.898315,-0.051497,-0.016401,-0.007301,2.145656,-1.443864,0.512076,-0.866602
1640,0.21548,0.064756,0.349173,-0.548372,0.682376,-0.483421,-0.779519,-0.626356,5e-06,-0.302115,0.375987,0.876006,-0.126766,-0.0396,-0.017889,-0.095679,-0.61991,-1.126665,-1.376805,-0.131602,0.032201,0.336764,0.794998,0.065879,0.603017,-0.514475,0.599617,0.612951,-0.322186,-0.797601,0.509797,-0.0,1e-06,1e-06,0.0,0.0,0.0,0.270924,0.027739,0.034098,-0.013947,-0.756965,-0.126814,0.641031,0.569883,-0.608123,0.552646,0.319742,0.783648,0.532597,4e-06,-2e-05,-1.4e-05,1.8e-05,-1e-05,9e-06,0.188313,0.145274,0.057161,-0.06707,-0.599688,0.650452,-0.466139,-0.705468,-0.704683,-0.075732,-0.37774,0.283431,0.881464,-0.057935,-0.013625,-0.012661,0.381803,-0.471102,-0.209544,-0.868562
1641,0.210183,0.063291,0.348257,-0.527855,0.680663,-0.508047,-0.784585,-0.619809,-0.015327,-0.324675,0.389666,0.861843,-0.151009,-0.04639,-0.021275,-0.86106,-1.522824,4.588765,-1.37517,-0.131615,0.032229,0.336724,0.794914,0.065876,0.603128,-0.514523,0.599706,0.612823,-0.322316,-0.797534,0.509819,1.4e-05,-0.000104,-7.9e-05,0.0,0.0,0.0,0.271305,0.027733,0.034111,-0.013968,-0.756875,-0.126813,0.641137,0.569927,-0.608204,0.552511,0.319877,0.783585,0.532609,7e-06,-5.1e-05,-3.8e-05,-7e-06,5e-06,1.2e-05,0.188476,0.142635,0.056432,-0.067527,-0.583209,0.648064,-0.489774,-0.706243,-0.70242,-0.088461,-0.401356,0.294308,0.867349,-0.069988,-0.016866,-0.014246,0.031564,-0.235864,-1.279351,-0.866602
1642,0.20712,0.062467,0.347734,-0.517038,0.682289,-0.516913,-0.786847,-0.61654,-0.026854,-0.336384,0.391995,0.856279,-0.16347,-0.048435,-0.022252,-0.878362,-1.351895,4.70744,-1.372139,-0.131629,0.032254,0.336696,0.794924,0.065866,0.603116,-0.514475,0.599792,0.612779,-0.32237,-0.79747,0.509884,-0.00152,0.011286,-0.007812,0.036464,-0.008059,0.019407,0.272028,0.027727,0.034119,-0.013979,-0.756876,-0.126807,0.641138,0.569899,-0.608266,0.552472,0.319926,0.783537,0.53265,3e-06,-1.6e-05,-1.1e-05,-0.0,9e-06,-7e-06,0.188803,0.141165,0.056033,-0.067778,-0.571858,0.651444,-0.498596,-0.70858,-0.698514,-0.099952,-0.41339,0.296137,0.861051,-0.075766,-0.023637,-0.010947,0.490452,-0.539512,-0.932799,-0.8635
1643,0.200867,0.060724,0.346739,-0.49285,0.688629,-0.531916,-0.793676,-0.60629,-0.04963,-0.356065,0.396849,0.846023,-0.164929,-0.050825,-0.024233,1.900384,-1.07665,0.225656,-1.360444,-0.131621,0.032345,0.336615,0.79495,0.065823,0.603085,-0.514326,0.600049,0.612653,-0.322541,-0.79728,0.510073,-0.001517,0.011261,-0.00783,0.036465,-0.008063,0.019404,0.273382,0.02773,0.034164,-0.01402,-0.756906,-0.126764,0.641111,0.569754,-0.608522,0.55234,0.320114,0.783346,0.532819,7e-06,-4e-05,-3.1e-05,-6e-06,7e-06,5e-06,0.190272,0.13792,0.055129,-0.068296,-0.544646,0.663662,-0.512749,-0.718461,-0.684613,-0.122954,-0.432635,0.301423,0.849687,-0.082417,-0.025762,-0.012267,1.885347,-1.027827,0.225051,-0.857785
1644,0.194317,0.058717,0.345624,-0.467783,0.691095,-0.55101,-0.797456,-0.598785,-0.074107,-0.380577,0.403878,0.831908,-0.166709,-0.055448,-0.027761,2.063906,-1.325746,0.311524,-1.351361,-0.131664,0.032446,0.336523,0.794741,0.065813,0.603362,-0.514432,0.600304,0.612314,-0.322889,-0.797089,0.510152,-0.001504,0.011166,-0.007899,0.036466,-0.008073,0.019398,0.274525,0.027709,0.034215,-0.014066,-0.756681,-0.126759,0.641376,0.56985,-0.608756,0.551983,0.320473,0.783164,0.532868,1.6e-05,-0.000114,-8.5e-05,-7e-06,5e-06,3e-06,0.191579,0.134708,0.054148,-0.068842,-0.519797,0.670189,-0.52977,-0.722728,-0.675625,-0.145581,-0.455493,0.307208,0.835552,-0.08329,-0.02809,-0.014022,0.558499,-0.139913,-0.58936,-0.850436
1645,0.190955,0.057669,0.34502,-0.451574,0.691105,-0.564358,-0.800313,-0.593317,-0.086287,-0.393922,0.411835,0.821732,-0.168274,-0.043132,-0.035231,1.934538,-1.50371,0.37609,-1.350091,-0.131698,0.032478,0.336489,0.794731,0.065807,0.603377,-0.514398,0.600407,0.612241,-0.322969,-0.797012,0.510222,1.2e-05,-9.1e-05,-6.8e-05,0.0,0.0,0.0,0.274996,0.027697,0.034231,-0.014083,-0.756686,-0.126749,0.641372,0.569799,-0.608861,0.55192,0.320551,0.783085,0.532939,9e-06,-4.7e-05,-3.3e-05,-8e-06,-2e-06,1.6e-05,0.192232,0.13309,0.053636,-0.069134,-0.503211,0.673275,-0.541735,-0.725875,-0.669483,-0.157785,-0.468915,0.313833,0.825606,-0.077796,-0.027605,-0.014131,0.820557,-1.648474,1.458329,-0.849293
1646,0.184728,0.055804,0.343864,-0.429419,0.680829,-0.593395,-0.799468,-0.592145,-0.100936,-0.419569,0.430206,0.79932,-0.158065,-0.039295,-0.03407,0.338832,-0.558928,-0.810773,-1.350243,-0.13174,0.032501,0.336449,0.794601,0.065817,0.603546,-0.514501,0.600489,0.612075,-0.323124,-0.796949,0.51022,3.7e-05,-0.000278,-0.00021,0.0,0.0,0.0,0.276647,0.02767,0.034247,-0.014105,-0.756542,-0.126763,0.64154,0.569892,-0.608949,0.551727,0.320727,0.783014,0.532936,2.4e-05,-0.000164,-0.000123,5e-06,3e-06,-2e-06,0.193538,0.129851,0.052658,-0.06974,-0.477677,0.667466,-0.571237,-0.723921,-0.667442,-0.174522,-0.497756,0.330165,0.802015,-0.078998,-0.019663,-0.016962,0.341506,-0.649812,-0.834507,-0.843905
1647,0.178699,0.05402,0.342651,-0.389177,0.66654,-0.635854,-0.793799,-0.59283,-0.135675,-0.46691,0.451106,0.760608,-0.147483,-0.051533,-0.028231,2.218161,-2.635565,1.200409,-1.349417,-0.131747,0.032482,0.336411,0.79454,0.06582,0.603626,-0.514552,0.600519,0.612002,-0.323194,-0.796926,0.510213,0.000194,-0.001475,-0.001115,0.0,0.0,0.0,0.277152,0.027666,0.03424,-0.014123,-0.756476,-0.126767,0.641617,0.56994,-0.608974,0.55165,0.320797,0.782994,0.532924,0.000113,-0.000852,-0.000643,-0.002109,0.015712,-0.024045,0.194518,0.126837,0.05177,-0.070344,-0.434887,0.659932,-0.612667,-0.716814,-0.665506,-0.208034,-0.545022,0.348697,0.762469,-0.07371,-0.025935,-0.014137,2.239852,-2.654511,1.209455,-0.853865
1648,0.172752,0.052328,0.341368,-0.364285,0.656537,-0.66053,-0.791514,-0.591944,-0.151923,-0.490294,0.466656,0.736118,-0.149458,-0.038317,-0.035578,1.784661,-2.219982,1.680907,-1.350478,-0.131726,0.032472,0.336389,0.794732,0.063355,0.603637,-0.513826,0.599328,0.613777,-0.323878,-0.798019,0.508067,1.5e-05,-0.000115,-8.7e-05,-0.000136,0.000162,0.000118,0.276385,0.027677,0.034231,-0.014136,-0.756763,-0.124258,0.641769,0.569255,-0.607882,0.553558,0.321337,0.784243,0.530757,5e-06,-3.5e-05,-2.6e-05,0.004597,-0.003441,-0.002289,0.195008,0.123919,0.050937,-0.070973,-0.410125,0.653527,-0.636158,-0.714238,-0.663905,-0.221569,-0.56715,0.363498,0.739058,-0.080783,-0.018544,-0.017115,0.026596,-0.447743,0.467289,-0.852069
1649,0.169636,0.051555,0.340697,-0.349066,0.655176,-0.670032,-0.795594,-0.584952,-0.157582,-0.494754,0.47725,0.726277,-0.150314,-0.024245,-0.041918,0.065397,-0.616594,0.668873,-1.348664,-0.131728,0.032486,0.3364,0.794857,0.060904,0.603725,-0.513187,0.598098,0.615509,-0.324586,-0.799128,0.505866,-7.5e-05,0.000571,0.000432,-0.125059,0.149658,0.108915,0.276779,0.027676,0.034238,-0.014131,-0.756922,-0.122398,0.641939,0.568856,-0.606914,0.555028,0.321667,0.785285,0.529014,-5.2e-05,0.000395,0.000298,-0.201982,0.21822,0.156491,0.194518,0.122423,0.050556,-0.071295,-0.39332,0.654502,-0.645697,-0.71808,-0.657268,-0.22882,-0.574159,0.373663,0.728502,-0.075086,-0.018394,-0.017426,0.050227,-0.534163,0.660456,-0.853539
1650,0.16396,0.050429,0.339371,-0.31441,0.650504,-0.691401,-0.804005,-0.569654,-0.170419,-0.504334,0.501496,0.702976,-0.151389,-0.018374,-0.038856,-0.072619,-0.957064,0.434016,-1.337824,-0.131689,0.032484,0.336395,0.795001,0.058442,0.603779,-0.512521,0.596866,0.617258,-0.325289,-0.800229,0.50367,0.000191,-0.001445,-0.001093,-0.175251,0.222883,0.12671,0.277538,0.027695,0.034242,-0.01413,-0.75714,-0.120363,0.642066,0.568306,-0.606035,0.55655,0.322127,0.786278,0.527257,3e-06,-3.2e-05,-2.4e-05,-0.30707,0.32149,0.229583,0.195008,0.119524,0.049973,-0.071975,-0.357131,0.656468,-0.664458,-0.727768,-0.641478,-0.242606,-0.585499,0.396929,0.706849,-0.075655,-0.014755,-0.015443,-0.185924,-1.13882,0.27731,-0.853212
1651,0.158232,0.04946,0.338142,-0.283421,0.641281,-0.713075,-0.809487,-0.558613,-0.180704,-0.51387,0.52521,0.67832,-0.140126,-0.025874,-0.029727,-0.130754,-0.934482,0.218474,-1.326886,-0.131558,0.032459,0.336363,0.795211,0.05595,0.603738,-0.511768,0.595639,0.619065,-0.325961,-0.801318,0.5015,0.000152,-0.001151,-0.000871,-0.024667,0.029501,0.021472,0.279258,0.027761,0.034227,-0.014148,-0.757518,-0.1167,0.642297,0.567355,-0.604371,0.559322,0.322913,0.788108,0.524033,0.006517,0.00013,-0.000555,-0.000245,0.000541,0.041838,0.195334,0.116703,0.049503,-0.07258,-0.324922,0.652561,-0.684535,-0.733885,-0.630512,-0.252716,-0.596521,0.420257,0.683772,-0.070019,-0.012984,-0.014803,0.027746,-0.485223,0.526364,-0.853539
1652,0.155751,0.049023,0.33758,-0.271745,0.638099,-0.720437,-0.811654,-0.554136,-0.184726,-0.516763,0.533752,0.669397,-0.128064,-0.023724,-0.028895,-0.032271,-0.583709,0.294374,-1.324944,-0.131504,0.032424,0.336331,0.79548,0.053472,0.603609,-0.510956,0.594417,0.620908,-0.326582,-0.80239,0.499377,0.000264,-0.001994,-0.001509,-0.040484,0.048386,0.03522,0.281083,0.027788,0.03421,-0.014163,-0.757883,-0.114249,0.642307,0.566615,-0.603265,0.561265,0.323358,0.789315,0.521939,0.000169,-0.001267,-0.000961,-0.00837,-0.06877,0.195985,0.196804,0.115411,0.049272,-0.072874,-0.311919,0.649767,-0.693186,-0.736515,-0.626261,-0.255617,-0.600208,0.430811,0.673907,-0.06403,-0.012175,-0.014577,-0.037669,-0.722197,0.439134,-0.854682
1653,0.15077,0.048138,0.336508,-0.252755,0.627132,-0.736795,-0.811358,-0.552184,-0.191737,-0.526784,0.548559,0.649314,-0.116441,-0.021454,-0.028259,4.047375,0.610696,-3.438362,-1.3215,-0.131268,0.032271,0.336193,0.790709,0.048353,0.610273,-0.51475,0.591835,0.62024,-0.332172,-0.804613,0.492059,0.013755,-0.005082,-0.005161,-0.015411,0.018858,0.018475,0.282824,0.0279,0.034144,-0.014224,-0.752899,-0.109171,0.649017,0.570264,-0.600504,0.560529,0.328545,0.792133,0.514375,0.006832,-0.002191,-0.002319,0.010717,-0.004296,0.014818,0.199253,0.112916,0.04883,-0.073409,-0.287519,0.643855,-0.709071,-0.739945,-0.619384,-0.262379,-0.608122,0.449235,0.654503,-0.064468,-0.015373,-0.009389,-0.061329,-0.560648,0.28171,-0.855662
1654,0.145924,0.047181,0.335648,-0.237267,0.618894,-0.748813,-0.81395,-0.547361,-0.194559,-0.529995,0.562562,0.634552,-0.129817,-0.027744,-0.017486,-0.120925,-0.645791,-0.020621,-1.318875,-0.130912,0.031959,0.335912,0.780228,0.031252,0.624707,-0.516995,0.594134,0.616162,-0.352871,-0.803741,0.4789,2.5e-05,-0.000314,-0.016631,-0.289908,0.315151,0.436773,0.282184,0.028083,0.033985,-0.014361,-0.741966,-0.09485,0.663694,0.572972,-0.603733,0.554264,0.348122,0.791523,0.502296,0.007276,-0.005401,-0.004776,0.018331,0.040598,-0.077275,0.20056,0.110449,0.048342,-0.07385,-0.274108,0.637246,-0.720265,-0.739205,-0.618695,-0.266067,-0.615175,0.459492,0.640644,-0.064875,-0.013744,-0.008582,-0.150279,-0.751419,-0.097934,-0.855008
1655,0.140983,0.046116,0.33497,-0.225396,0.608041,-0.761267,-0.810485,-0.550582,-0.199862,-0.540392,0.57119,0.617856,-0.131165,-0.037004,-0.00901,0.045584,-0.480855,0.062222,-1.320346,-0.130372,0.031461,0.335459,0.763473,0.01908,0.645551,-0.525411,0.599369,0.60385,-0.376347,-0.800212,0.466783,0.015133,-0.014832,-0.012678,-0.177708,1.852648,-1.861738,0.281549,0.028341,0.033747,-0.014583,-0.726456,-0.082852,0.682199,0.579153,-0.608177,0.542863,0.369921,0.789465,0.489798,0.007549,-0.007256,-0.006226,-0.319496,0.329545,0.387679,0.200886,0.108028,0.047825,-0.074185,-0.260776,0.627764,-0.73342,-0.735156,-0.621542,-0.27061,-0.625732,0.46861,0.623588,-0.065294,-0.012483,-0.008004,0.473665,-0.914425,0.419759,-0.859091
1656,0.1385,0.045642,0.334675,-0.217827,0.600781,-0.769194,-0.809836,-0.55107,-0.201147,-0.544462,0.578356,0.60753,-0.1309,-0.022825,-0.014943,-0.132459,-0.639879,-0.238092,-1.322772,-0.130086,0.031169,0.335198,0.758397,0.009794,0.651712,-0.522864,0.605901,0.599527,-0.38994,-0.795434,0.463784,0.015391,-0.016529,-0.014025,0.017114,-0.075305,0.151569,0.2816,0.02849,0.033595,-0.014719,-0.719538,-0.071508,0.690761,0.577862,-0.613311,0.538445,0.385149,0.786597,0.482622,0.007736,-0.008493,-0.007198,0.05569,-0.077783,0.160631,0.199417,0.106786,0.047582,-0.074331,-0.252107,0.623306,-0.740223,-0.734354,-0.621387,-0.273132,-0.63021,0.474727,0.614384,-0.065378,-0.011102,-0.00717,-0.113177,-0.707434,-0.202409,-0.861867
1657,0.133614,0.044811,0.334138,-0.206265,0.588559,-0.781728,-0.80986,-0.551004,-0.201228,-0.548921,0.59085,0.591277,-0.118745,-0.020065,-0.013665,-0.044955,-0.309676,0.047033,-1.326926,-0.129576,0.030406,0.334568,0.742424,-0.006268,0.669894,-0.525385,0.614763,0.588193,-0.41643,-0.788619,0.452249,0.003049,-0.022145,-0.017132,-0.012845,0.109556,-0.056056,0.2846,0.028749,0.033215,-0.015034,-0.703311,-0.055699,0.708696,0.579964,-0.621461,0.526713,0.41109,0.781462,0.469384,0.008073,-0.010716,-0.008978,0.03672,0.383678,-0.407439,0.20007,0.104294,0.047157,-0.074605,-0.238455,0.611316,-0.754606,-0.73443,-0.621908,-0.271737,-0.635414,0.489408,0.597266,-0.059349,-0.009956,-0.006703,-0.029842,-0.237372,0.098531,-0.855662
1658,0.128903,0.044238,0.333719,-0.199418,0.573882,-0.794316,-0.811011,-0.551566,-0.194956,-0.549759,0.604606,0.576407,-0.130845,-0.010885,-0.00738,-0.090972,-0.466332,-0.102951,-1.327411,-0.129108,0.029602,0.333719,0.724077,-0.023943,0.689297,-0.528495,0.622693,0.576957,-0.443928,-0.782008,0.437327,0.003698,-0.026636,-0.020802,1.085875,1.10613,0.635285,0.287189,0.028983,0.032815,-0.015456,-0.684562,-0.039498,0.727883,0.583797,-0.627665,0.514991,0.436526,0.77748,0.452735,0.0075,-0.006991,-0.014301,3.814326,3.302246,2.39884,0.204152,0.101938,0.046866,-0.074818,-0.229599,0.598888,-0.767213,-0.735766,-0.622816,-0.265983,-0.637128,0.503421,0.58364,-0.065363,-0.005145,-0.003405,-0.093055,-0.475039,-0.109532,-0.859581
1659,0.126574,0.044039,0.333597,-0.197418,0.568665,-0.798556,-0.811368,-0.551904,-0.1925,-0.549957,0.60921,0.571347,-0.117971,-0.008994,-0.006271,-0.038118,-0.183046,-0.071913,-1.324993,-0.128907,0.029231,0.333188,0.715352,-0.032673,0.697994,-0.530967,0.623752,0.573534,-0.454996,-0.780835,0.427947,0.015387,-0.015353,-0.030096,-0.037627,0.115971,0.016291,0.286102,0.029085,0.032619,-0.01573,-0.675629,-0.029391,0.736655,0.585088,-0.629308,0.51151,0.44855,0.776599,0.442376,0.007743,-0.007916,-0.015246,0.005643,0.062972,0.003504,0.204315,0.100773,0.046766,-0.074879,-0.22678,0.593653,-0.772105,-0.736197,-0.623504,-0.263164,-0.637639,0.508741,0.578443,-0.05894,-0.004267,-0.002899,-0.022549,-0.113351,-0.020024,-0.860561
1660,0.122153,0.043709,0.333413,-0.194666,0.558095,-0.806647,-0.811917,-0.553062,-0.186776,-0.550131,0.617876,0.561794,-0.105225,-0.006774,-0.005042,-0.030052,-0.169885,-0.022772,-1.321821,-0.128278,0.028595,0.331914,0.696621,-0.06275,0.714684,-0.527908,0.62956,0.570002,-0.486561,-0.774269,0.40451,0.015971,-0.018916,-0.033185,-0.449337,2.271267,-2.081573,0.277437,0.029399,0.032301,-0.016367,-0.657915,-0.001326,0.75309,0.581633,-0.636118,0.507007,0.478383,0.77159,0.419283,0.008029,-0.009626,-0.016741,-0.399832,2.215787,-2.108001,0.198927,0.098603,0.046606,-0.074967,-0.222615,0.584175,-0.7805,-0.736842,-0.62504,-0.257657,-0.638361,0.517747,0.569588,-0.05892,-0.002557,-0.001836,-0.024027,-0.12041,-0.025876,-0.862356
1661,0.117984,0.043605,0.33331,-0.19655,0.542204,-0.816963,-0.811685,-0.557339,-0.174681,-0.549801,0.628106,0.550661,-0.104423,-0.000779,-0.00089,-0.138769,-0.484059,-0.451411,-1.320668,-0.127173,0.02808,0.330434,0.677705,-0.100399,0.728442,-0.51525,0.641762,0.567972,-0.525342,-0.760107,0.38225,0.027638,-0.006197,-0.041581,-0.288703,0.514616,0.158167,0.263557,0.029931,0.032048,-0.017082,-0.639265,0.036307,0.768128,0.569627,-0.648672,0.504726,0.516589,0.760201,0.393992,0.020411,-0.002479,-0.021029,-0.361689,0.749599,0.102456,0.182924,0.096517,0.04655,-0.075021,-0.222374,0.570423,-0.790675,-0.73662,-0.629577,-0.247029,-0.638701,0.527494,0.560186,-0.052279,-0.000722,-0.000629,-0.19655,-0.712366,-0.653912,-0.863663
1662,0.114267,0.043532,0.333257,-0.191845,0.521438,-0.83147,-0.810848,-0.561465,-0.165088,-0.552694,0.641874,0.531557,-0.091946,-0.001566,-0.001702,-0.117128,-0.535141,-0.232595,-1.317303,-0.125867,0.027743,0.328957,0.659479,-0.135778,0.739353,-0.504324,0.64928,0.569233,-0.558145,-0.748087,0.358753,0.029161,-0.015812,-0.032778,0.083931,0.773866,0.258837,0.251634,0.030595,0.031872,-0.01784,-0.62168,0.072617,0.779897,0.559386,-0.655799,0.506965,0.54827,0.751434,0.367076,0.020248,-0.000738,-0.019772,0.871469,1.633934,0.674426,0.165942,0.094655,0.04652,-0.075043,-0.214764,0.55015,-0.806975,-0.735671,-0.634583,-0.236836,-0.642389,0.542805,0.541016,-0.03957,-0.001396,-0.00121,-0.138666,-0.679844,-0.250201,-0.871011
1663,0.112624,0.043478,0.333208,-0.189345,0.508805,-0.839828,-0.811381,-0.562718,-0.158051,-0.552776,0.65086,0.520429,-0.079341,-0.002895,-0.002737,-0.163697,-0.722661,-0.33145,-1.315832,-0.125032,0.027692,0.328237,0.651651,-0.152782,0.742967,-0.499393,0.650682,0.571973,-0.571621,-0.743553,0.346757,0.040155,0.00133,-0.037385,-0.36342,0.693115,0.085805,0.245888,0.031009,0.031835,-0.018202,-0.614444,0.089101,0.783911,0.554255,-0.658368,0.509266,0.561478,0.747403,0.355146,0.027442,-0.003886,-0.014696,-0.412288,0.710743,0.116561,0.157941,0.093829,0.046495,-0.075066,-0.210716,0.53936,-0.815284,-0.736352,-0.636118,-0.230516,-0.642948,0.551763,0.5312,-0.039578,-0.001096,-0.001045,-0.170307,-0.741559,-0.306006,-0.877543
1664,0.109711,0.043373,0.333096,-0.187376,0.483802,-0.85491,-0.806077,-0.573061,-0.14769,-0.561143,0.660846,0.498425,-0.066681,-0.003654,-0.003389,-0.100848,-0.641896,0.043491,-1.316551,-0.123069,0.027662,0.327109,0.633639,-0.187723,0.750502,-0.486484,0.657462,0.575335,-0.602205,-0.729413,0.324299,0.05587,-0.013583,-0.017331,-0.39708,0.658192,0.050612,0.23486,0.031985,0.031823,-0.018776,-0.5973,0.124771,0.792252,0.541763,-0.665612,0.513275,0.591375,0.735793,0.329973,0.033558,0.000694,-0.01182,-0.50465,0.68965,0.426088,0.143571,0.092393,0.046444,-0.07512,-0.20556,0.51456,-0.832449,-0.730293,-0.646897,-0.219531,-0.651472,0.562805,0.508756,-0.039688,-0.000947,-0.001036,-0.142776,-0.788846,-0.100768,-0.870031
1665,0.107314,0.043192,0.332937,-0.183245,0.45279,-0.87261,-0.797821,-0.587065,-0.137144,-0.574156,0.670491,0.469909,-0.054083,-0.005021,-0.004438,-0.129456,-0.809986,-0.034807,-1.318978,-0.120616,0.027749,0.326421,0.621083,-0.215546,0.753516,-0.478442,0.657082,0.582468,-0.621429,-0.721991,0.304002,0.06592,0.009696,-0.01686,3.863205,3.763402,1.783765,0.235193,0.033209,0.031853,-0.019124,-0.586702,0.149254,0.795929,0.537937,-0.662844,0.520826,0.605312,0.73373,0.308603,0.033813,-0.000747,-0.004567,-0.462064,0.599183,0.366858,0.13459,0.091165,0.046352,-0.075201,-0.197203,0.485491,-0.851709,-0.720957,-0.660526,-0.209584,-0.664328,0.572715,0.480275,-0.02712,-0.002845,-0.00243,-0.158987,-0.806353,-0.312713,-0.881788
1666,0.106244,0.043127,0.332852,-0.178523,0.436481,-0.88185,-0.795427,-0.591518,-0.131811,-0.578949,0.677371,0.453886,-0.053874,-0.003865,-0.003611,-0.167121,-0.887933,-0.332681,-1.320546,-0.119267,0.027791,0.326245,0.615321,-0.226286,0.755093,-0.476709,0.655926,0.585187,-0.628456,-0.71974,0.294757,0.067259,0.001022,-0.007032,-0.265201,0.464217,0.018752,0.239903,0.033908,0.031879,-0.019216,-0.579857,0.164564,0.797924,0.532647,-0.664512,0.524127,0.616483,0.728931,0.297668,0.033585,0.000884,-0.003257,-0.282066,0.48008,0.031461,0.136876,0.09063,0.046318,-0.075244,-0.190344,0.471561,-0.861044,-0.718319,-0.664744,-0.205262,-0.669168,0.579434,0.465261,-0.026977,-0.002127,-0.001913,-0.182223,-1.023657,-0.216672,-0.884727
1667,0.104185,0.043064,0.332718,-0.176585,0.409272,-0.895187,-0.783589,-0.608792,-0.123822,-0.595448,0.679083,0.42932,-0.053534,-0.001981,-0.002268,-0.110978,-0.792204,-0.022982,-1.327846,-0.116521,0.027903,0.325996,0.60308,-0.246371,0.758674,-0.469374,0.659271,0.587354,-0.645614,-0.710001,0.280973,0.067166,0.002431,-0.006015,4.038906,3.573002,1.469384,0.250645,0.035255,0.031942,-0.019332,-0.569642,0.181346,0.801636,0.529246,-0.665288,0.526583,0.628812,0.724227,0.282999,0.040127,0.002499,-0.002794,-0.166414,0.236229,0.137036,0.14798,0.0896,0.046286,-0.075312,-0.184913,0.445045,-0.876208,-0.704949,-0.681273,-0.197262,-0.684728,0.581206,0.43971,-0.026792,-0.00111,-0.001191,-0.142343,-0.969751,-0.152452,-0.88489
1668,0.10222,0.042925,0.332609,-0.168162,0.397376,-0.902141,-0.778196,-0.61523,-0.125998,-0.604892,0.680358,0.413819,-0.041483,-0.005873,-0.005173,-0.012361,-0.307463,0.323094,-1.331689,-0.113739,0.028123,0.325851,0.596862,-0.257322,0.759956,-0.467666,0.657919,0.590224,-0.652594,-0.707351,0.271365,0.0795,0.009626,-0.00176,-0.092665,0.133587,0.095857,0.246839,0.036642,0.032046,-0.019409,-0.562284,0.196133,0.803347,0.523988,-0.667046,0.529608,0.639743,0.718736,0.272298,0.033235,0.003481,-0.001232,-0.105982,0.161929,0.076531,0.153859,0.088635,0.046224,-0.075359,-0.174877,0.433459,-0.884041,-0.698821,-0.687148,-0.198682,-0.693589,0.583042,0.423077,-0.020695,-0.002788,-0.002437,-0.005966,-0.152665,0.225961,-0.886687
1669,0.100478,0.042695,0.332392,-0.166049,0.388418,-0.906424,-0.775809,-0.618819,-0.123111,-0.608532,0.682284,0.405221,-0.041999,-0.007175,-0.00628,-0.049156,-0.308268,-0.128453,-1.336491,-0.110943,0.028503,0.325816,0.603603,-0.262206,0.752929,-0.461715,0.654795,0.598328,-0.650635,-0.708449,0.273199,0.065849,0.010356,0.000366,0.009301,-0.074851,0.147121,0.243635,0.03807,0.032242,-0.019426,-0.569648,0.201053,0.796917,0.518342,-0.664586,0.538186,0.637825,0.719653,0.274366,0.032899,0.005353,0.000278,0.018099,-0.082984,0.131496,0.148143,0.087744,0.046109,-0.075468,-0.171441,0.426621,-0.888032,-0.69624,-0.690199,-0.197165,-0.697034,0.584481,0.415359,-0.02115,-0.004143,-0.003541,-0.070071,-0.542803,-0.088137,-0.887503
1670,0.099623,0.042531,0.332263,-0.166956,0.384625,-0.907874,-0.772309,-0.623374,-0.122127,-0.612718,0.680289,0.402256,-0.042017,-0.006947,-0.006156,-0.014458,-0.114708,0.007584,-1.344299,-0.109577,0.028756,0.325852,0.611204,-0.264335,0.746022,-0.455505,0.653206,0.60479,-0.647919,-0.709121,0.277871,0.078432,0.015384,0.002859,0.012325,-0.091536,0.175991,0.245355,0.038724,0.032361,-0.01941,-0.577654,0.203059,0.790621,0.512506,-0.663641,0.5449,0.635336,0.719963,0.279286,0.032619,0.006762,0.001438,0.012275,-0.08822,0.158985,0.148143,0.087331,0.046028,-0.075532,-0.171682,0.421746,-0.890311,-0.692285,-0.694622,-0.195552,-0.700904,0.582777,0.411222,-0.021076,-0.003739,-0.003255,-0.014765,-0.102323,0.01752,-0.88832
1671,0.098274,0.042228,0.332004,-0.160074,0.373036,-0.913929,-0.767526,-0.629193,-0.122442,-0.620521,0.681398,0.388171,-0.029375,-0.009017,-0.007606,0.075344,-0.292765,0.167278,-1.356018,-0.107095,0.029377,0.32606,0.625583,-0.270803,0.731644,-0.443117,0.648377,0.619022,-0.642778,-0.711099,0.28467,0.06405,0.018887,0.00739,-0.216565,0.19374,0.391562,0.24404,0.039995,0.032675,-0.019307,-0.593423,0.208403,0.777442,0.500676,-0.660705,0.559277,0.630216,0.721135,0.287735,0.031972,0.009713,0.003875,-0.337045,0.321103,0.474734,0.148143,0.086625,0.04587,-0.075666,-0.163141,0.411137,-0.896855,-0.686872,-0.699879,-0.195894,-0.70823,0.584067,0.396577,-0.014671,-0.004468,-0.003745,0.088404,-0.241937,0.223147,-0.889789
1672,0.097148,0.041854,0.331677,-0.154681,0.358764,-0.920547,-0.763211,-0.635019,-0.119299,-0.627181,0.68367,0.373184,-0.01722,-0.012951,-0.010505,-0.028748,-0.220624,-0.022272,-1.365927,-0.104964,0.030388,0.326586,0.633474,-0.27558,0.72302,-0.435956,0.644723,0.627859,-0.639947,-0.712578,0.287338,0.047972,0.029546,0.017947,-0.07277,-0.000257,0.269755,0.230966,0.041027,0.033148,-0.019066,-0.601347,0.214136,0.769758,0.494279,-0.657235,0.568972,0.62775,0.722625,0.289383,0.023997,0.014749,0.008916,-0.139022,0.088187,0.29866,0.138673,0.086081,0.045694,-0.07582,-0.155975,0.398284,-0.903903,-0.682065,-0.705337,-0.193095,-0.714463,0.586403,0.381671,-0.014835,-0.004856,-0.004096,-0.040299,-0.256708,-0.055551,-0.889953
1673,0.096702,0.041642,0.331491,-0.149068,0.350209,-0.924758,-0.758948,-0.639962,-0.120074,-0.633684,0.683507,0.36234,-0.017289,-0.013061,-0.010631,-0.045547,-0.384634,-0.112594,-1.368192,-0.104123,0.031013,0.326999,0.63975,-0.279718,0.715869,-0.430058,0.641526,0.635159,-0.637696,-0.713843,0.289195,0.046432,0.035926,0.023196,-0.176307,0.097419,0.435157,0.229644,0.041484,0.033481,-0.018848,-0.608663,0.217943,0.762908,0.488365,-0.654903,0.576715,0.625323,0.723603,0.29218,0.023071,0.018615,0.012107,-0.257819,0.178001,0.493953,0.132631,0.08584,0.045579,-0.075922,-0.149263,0.390825,-0.908281,-0.67722,-0.709718,-0.194093,-0.72048,0.586136,0.37061,-0.008645,-0.006559,-0.00532,-0.050462,-0.378564,-0.118645,-0.889953
1674,0.095967,0.041161,0.331034,-0.135582,0.328666,-0.934688,-0.754821,-0.645304,-0.117475,-0.641608,0.689183,0.336739,-0.017583,-0.013824,-0.011322,-0.103404,-0.67996,-0.342798,-1.3706,-0.102817,0.032587,0.328135,0.64951,-0.289701,0.702995,-0.420013,0.63385,0.649428,-0.634528,-0.716698,0.289103,0.017941,0.040631,0.0302,-0.295765,0.276498,0.433097,0.23765,0.042129,0.034257,-0.018287,-0.619583,0.227273,0.751307,0.478903,-0.648913,0.591237,0.621906,0.726125,0.293214,0.015329,0.022115,0.01572,-0.315095,0.299242,0.480524,0.132304,0.085478,0.045343,-0.076146,-0.133458,0.372808,-0.91826,-0.672583,-0.714581,-0.192364,-0.727887,0.591934,0.346111,-0.008734,-0.006772,-0.005538,-0.137956,-0.940479,-0.538072,-0.892565
1675,0.095361,0.040808,0.330465,-0.121416,0.300497,-0.946047,-0.74313,-0.659325,-0.114107,-0.657898,0.688806,0.304539,-0.01612,-0.001407,-0.018211,-0.096074,-0.923284,-0.452163,-1.382074,-0.102179,0.034281,0.329411,0.652032,-0.300233,0.696208,-0.415972,0.625902,0.659657,-0.634607,-0.719329,0.282317,0.016548,0.045718,0.033936,-0.144087,0.078676,0.319968,0.244299,0.042454,0.035126,-0.017633,-0.6225,0.239951,0.744927,0.475256,-0.640334,0.603409,0.621791,0.729654,0.28457,0.008193,0.02316,0.0172,-0.125966,0.063293,0.307457,0.143571,0.085174,0.045159,-0.07643,-0.116032,0.347803,-0.930359,-0.659505,-0.727377,-0.18967,-0.74269,0.591569,0.313777,-0.008222,-0.001301,-0.009574,-0.124115,-1.144295,-0.408543,-0.891585
1676,0.095094,0.040715,0.330109,-0.117224,0.285899,-0.951087,-0.73571,-0.668242,-0.110253,-0.666939,0.686442,0.289856,-0.016426,-0.002352,-0.019009,-0.008722,-0.748644,-0.138932,-1.389291,-0.102183,0.035177,0.330138,0.652402,-0.307641,0.692618,-0.414345,0.620279,0.665963,-0.635292,-0.721057,0.276304,0.002761,0.046802,0.036189,-0.154125,0.101889,0.296859,0.244378,0.042455,0.035538,-0.017298,-0.623214,0.247277,0.741928,0.473917,-0.635244,0.609808,0.622097,0.731654,0.278705,-0.005115,0.022321,0.01805,-0.225167,0.19827,0.328568,0.145531,0.085041,0.045115,-0.076606,-0.109752,0.332176,-0.936809,-0.651367,-0.735953,-0.184645,-0.750783,0.589942,0.29714,-0.008156,-0.001036,-0.009379,0.072746,-0.867144,-0.264184,-0.894851
1677,0.094547,0.040687,0.329294,-0.102394,0.255495,-0.961396,-0.728431,-0.677389,-0.102492,-0.677307,0.689496,0.256668,-0.002702,0.005771,-0.028993,0.011116,-0.651725,0.013468,-1.400488,-0.102565,0.03688,0.331565,0.655053,-0.320263,0.684345,-0.409737,0.610262,0.677961,-0.635557,-0.724084,0.267643,-0.010399,0.045634,0.036273,-0.056915,-8.3e-05,0.179451,0.251735,0.042263,0.036415,-0.016564,-0.626745,0.260812,0.734279,0.469519,-0.625651,0.622986,0.621886,0.735212,0.269668,-0.005262,0.022999,0.01829,-0.009598,-0.038844,0.147698,0.152879,0.084763,0.045099,-0.077008,-0.091065,0.303516,-0.948464,-0.643475,-0.744824,-0.176568,-0.76003,0.594234,0.263132,-0.008369,-0.001667,-0.009929,-0.03401,-0.637829,-0.043365,-0.898607
1678,0.093824,0.040996,0.328177,-0.091677,0.223975,-0.970297,-0.72018,-0.687802,-0.090776,-0.687598,0.690185,0.225566,-0.01637,0.00546,-0.029694,-0.035258,-0.97012,-0.498531,-1.406828,-0.103026,0.03836,0.333107,0.656435,-0.331832,0.677475,-0.402258,0.605601,0.686563,-0.638907,-0.722771,0.263177,-0.00785,0.032147,0.041645,0.417539,-1.321212,2.29615,0.257063,0.04203,0.037167,-0.01579,-0.627008,0.271887,0.730025,0.464058,-0.622337,0.630353,0.625707,0.734011,0.264039,-0.003903,0.015872,0.020675,-0.001565,-0.079144,0.058191,0.158594,0.084401,0.045259,-0.077576,-0.076869,0.276202,-0.958019,-0.634554,-0.754693,-0.166668,-0.769045,0.595104,0.233278,-0.008213,0.002564,-0.014973,-0.034826,-0.896163,-0.440709,-0.893545
1679,0.092945,0.041484,0.326854,-0.080322,0.189483,-0.978616,-0.715172,-0.694797,-0.075884,-0.694226,0.693545,0.192539,-0.028501,0.017602,-0.037161,0.005221,-1.090174,-0.390813,-1.408864,-0.103513,0.039329,0.334689,0.648227,-0.35348,0.674422,-0.383404,0.613567,0.690268,-0.658592,-0.705568,0.26133,-0.019183,0.023911,0.036323,-0.028995,-0.042208,0.046097,0.266096,0.04179,0.03766,-0.014993,-0.621834,0.294175,0.725798,0.443831,-0.631194,0.636087,0.64524,0.717673,0.261934,-0.002243,0.007428,0.022122,-0.058671,-0.057882,0.050556,0.168718,0.083962,0.045503,-0.078237,-0.061214,0.243,-0.968092,-0.629408,-0.76216,-0.151511,-0.774659,0.600051,0.199601,-0.01425,0.008709,-0.018645,0.002775,-1.201884,-0.470487,-0.889626
1680,0.092462,0.041757,0.326164,-0.07624,0.171701,-0.982218,-0.710568,-0.700379,-0.067332,-0.699399,0.692583,0.176625,-0.029795,0.00621,-0.029649,-0.00164,-0.765385,-0.398969,-1.411857,-0.103778,0.03963,0.335469,0.648773,-0.357732,0.671649,-0.378053,0.61432,0.692546,-0.661147,-0.70276,0.262442,-0.016449,0.009601,0.041532,-0.061368,-0.04727,0.044692,0.274573,0.041656,0.037818,-0.014603,-0.622755,0.298493,0.723241,0.438587,-0.632308,0.638613,0.647933,0.714904,0.262858,-0.009157,0.010025,0.016596,-0.018325,-0.065403,0.084672,0.17525,0.083731,0.045635,-0.078573,-0.055043,0.225616,-0.972659,-0.624622,-0.76777,-0.142743,-0.778984,0.599688,0.183185,-0.014356,0.008418,-0.01891,0.017922,-1.072102,-0.376159,-0.889953
1681,0.091373,0.042409,0.324785,-0.076511,0.137779,-0.987526,-0.705839,-0.706984,-0.044005,-0.704141,0.693494,0.152571,-0.027667,0.020495,-0.034917,-0.055827,-0.096434,-0.655562,-1.427498,-0.104384,0.040043,0.33667,0.649222,-0.366236,0.666614,-0.367451,0.616197,0.696573,-0.66667,-0.696703,0.26461,-0.015588,0.008456,0.024137,-0.029838,-0.021397,0.017363,0.307078,0.04135,0.038035,-0.013989,-0.623843,0.307183,0.718649,0.428304,-0.634772,0.643131,0.653738,0.709014,0.264431,-0.007747,0.003932,0.01185,-0.019659,-0.062662,0.083284,0.209051,0.083194,0.045942,-0.079252,-0.048743,0.192085,-0.980166,-0.620064,-0.775152,-0.121073,-0.783035,0.601865,0.156888,-0.013935,0.00985,-0.017771,0.056872,-0.687967,-0.057282,-0.893708
1682,0.090159,0.043124,0.323668,-0.095328,0.121755,-0.987995,-0.70529,-0.708635,-0.019331,-0.702371,0.694826,0.154656,-0.027774,0.012955,-0.024234,0.056264,-0.234272,0.200646,-1.442207,-0.104925,0.04013,0.337025,0.641665,-0.379686,0.666406,-0.357278,0.620724,0.697845,-0.6794,-0.685383,0.261778,-0.014691,0.009227,-0.007819,0.013895,0.128909,-0.167396,0.317454,0.041071,0.038095,-0.013792,-0.616691,0.321102,0.718738,0.418509,-0.639573,0.644822,0.666739,0.698455,0.260034,-0.007125,0.003589,-0.00468,0.03462,0.109421,-0.181887,0.233871,0.082575,0.046307,-0.079831,-0.068247,0.173467,-0.982471,-0.620587,-0.778442,-0.094335,-0.781161,0.603271,0.160778,-0.019464,0.013919,-0.014636,0.089607,-0.05795,0.070331,-0.893545
1683,0.089495,0.043448,0.323162,-0.105127,0.119576,-0.987267,-0.704568,-0.709531,-0.010967,-0.701685,0.694293,0.16007,-0.026353,0.024709,-0.031486,0.09749,-0.116358,0.096567,-1.441804,-0.105143,0.039965,0.336868,0.634127,-0.390823,0.667182,-0.346733,0.627365,0.697226,-0.691833,-0.672959,0.261452,-0.022796,-0.015982,-0.009132,0.090699,0.166163,-0.067363,0.319921,0.040969,0.038022,-0.013864,-0.609679,0.332254,0.71965,0.40819,-0.646659,0.644368,0.679463,0.686613,0.258632,-0.005993,-0.00152,-0.008537,0.369579,0.3716,0.095447,0.240729,0.082254,0.046462,-0.08007,-0.077727,0.170929,-0.982212,-0.620186,-0.779659,-0.086602,-0.780593,0.602423,0.166608,-0.020368,0.007494,-0.011506,0.068795,0.042311,-0.086686,-0.893708
1684,0.088478,0.043849,0.322258,-0.112946,0.11956,-0.986404,-0.719088,-0.694896,-0.001943,-0.685548,0.708941,0.165688,-0.027616,0.013634,-0.023771,0.068762,0.139364,-0.237773,-1.456002,-0.105824,0.039309,0.336039,0.62399,-0.40569,0.667866,-0.33143,0.636448,0.696435,-0.70836,-0.655395,0.261812,-0.021874,-0.018328,-0.027288,0.056255,0.0997,-0.092507,0.305536,0.04063,0.037686,-0.014279,-0.600087,0.347505,0.720511,0.393104,-0.656343,0.643958,0.696681,0.669667,0.257257,-0.01079,-0.009788,-0.014114,0.131532,0.150102,-0.03312,0.240729,0.081736,0.046673,-0.080533,-0.085112,0.170271,-0.981714,-0.636594,-0.767255,-0.077884,-0.766487,0.618324,0.173697,-0.008039,-0.000115,-0.008905,0.034172,0.009144,-0.037301,-0.887993
1685,0.087665,0.043977,0.321644,-0.120091,0.113225,-0.986308,-0.725509,-0.68813,0.009288,-0.677515,0.716548,0.166012,-0.029306,-0.00591,-0.006084,-0.189397,-0.449965,-0.424565,-1.478833,-0.106615,0.038614,0.33471,0.614006,-0.425117,0.665029,-0.308297,0.646316,0.69797,-0.727287,-0.633037,0.264917,-0.022511,-0.013748,-0.040352,0.407247,0.31588,0.189208,0.267991,0.040237,0.037325,-0.014947,-0.591097,0.367101,0.71822,0.370854,-0.667044,0.646157,0.716289,0.648297,0.258147,-0.011226,-0.006923,-0.020185,1.170113,1.235372,0.367117,0.202519,0.081329,0.046741,-0.080849,-0.092203,0.165472,-0.981894,-0.644021,-0.761984,-0.067937,-0.75943,0.626097,0.176824,-0.007526,0.001506,-0.007562,-0.509535,-0.553394,-0.411272,-0.890606
1686,0.086872,0.043692,0.321516,-0.130509,0.109293,-0.985428,-0.744842,-0.666764,0.024642,-0.654201,0.737066,0.169652,-0.016686,-0.016237,0.00282,-0.053285,-0.103765,-0.189815,-1.506122,-0.10718,0.038322,0.332985,0.616148,-0.453871,0.643704,-0.253092,0.659698,0.707585,-0.746555,-0.598311,0.290763,-0.01175,-0.000427,-0.048238,0.489169,-0.551584,0.027438,0.247702,0.039953,0.037163,-0.015815,-0.594475,0.398573,0.698382,0.31673,-0.682236,0.658964,0.739108,0.612937,0.279333,-0.004922,-0.005651,-0.020105,0.589451,-0.922145,0.556168,0.170188,0.080938,0.046602,-0.080916,-0.101592,0.158257,-0.982157,-0.666349,-0.743897,-0.050941,-0.738686,0.649285,0.181029,-0.008196,-0.007699,0.001782,-0.106154,-0.058866,-0.441476,-0.88783
1687,0.086442,0.043465,0.321565,-0.134478,0.111094,-0.984692,-0.756487,-0.653319,0.02955,-0.639876,0.748741,0.173125,-0.016593,-0.015874,0.00312,-0.038459,0.050192,-0.068116,-1.51897,-0.107354,0.038388,0.332069,0.615937,-0.473197,0.62984,-0.218796,0.665159,0.71388,-0.757501,-0.576906,0.305343,-0.01244,0.002728,-0.045873,3.749576,3.607695,1.882082,0.237631,0.039868,0.037187,-0.01628,-0.599187,0.413082,0.685811,0.286515,-0.689241,0.665473,0.747585,0.595239,0.29463,0.000196,0.002471,-0.022833,0.28165,-0.386126,0.241925,0.157288,0.080708,0.046484,-0.080889,-0.105774,0.159159,-0.981569,-0.679648,-0.732127,-0.045474,-0.725872,0.662312,0.185612,-0.008246,-0.007791,0.001699,-0.034133,0.065584,-0.049013,-0.884401
1688,0.085498,0.042869,0.321811,-0.146201,0.113481,-0.982748,-0.771517,-0.634838,0.041416,-0.619012,0.764118,0.18159,-0.029039,-0.011837,0.005997,-0.521249,0.205607,-0.166514,-1.539486,-0.107486,0.038822,0.330387,0.624014,-0.507648,0.594047,-0.146906,0.670321,0.727339,-0.768197,-0.540491,0.342937,0.011178,0.016329,-0.038366,1.034717,-1.601013,2.88523,0.226854,0.039795,0.037384,-0.017117,-0.606485,0.450615,0.655073,0.21534,-0.700009,0.680893,0.765378,0.554015,0.327509,-0.000686,0.006732,-0.01942,3.734942,3.32269,2.323937,0.13361,0.080253,0.046198,-0.080769,-0.11748,0.16016,-0.980074,-0.695847,-0.717392,-0.033823,-0.708515,0.678009,0.195726,-0.01437,-0.005428,0.003462,-5.462583,0.2627,0.934368,-0.881952
1689,0.084569,0.042032,0.322189,-0.165491,0.106765,-0.980438,-0.770811,-0.634114,0.061002,-0.614999,0.765694,0.188458,-0.031307,-0.025514,0.011539,-0.108924,-0.150364,-0.539429,-1.569314,-0.107445,0.039489,0.329047,0.654629,-0.507962,0.559845,-0.113695,0.665869,0.73731,-0.748112,-0.545668,0.37741,-0.002839,0.019862,-0.034036,0.404005,-0.682933,0.509048,0.241066,0.03982,0.037722,-0.017803,-0.639936,0.45357,0.620286,0.179571,-0.696594,0.694628,0.747151,0.555903,0.364328,0.005011,0.010987,-0.016964,0.474118,-0.740884,0.454379,0.1341,0.079786,0.045785,-0.080576,-0.136289,0.152701,-0.978829,-0.697286,-0.716641,-0.014711,-0.703716,0.68052,0.204146,-0.009237,-0.014159,0.004871,-0.133389,-0.369033,-0.665609,-0.875746
1690,0.084121,0.041485,0.322405,-0.179439,0.101371,-0.978555,-0.773662,-0.628921,0.076662,-0.607447,0.7707,0.1925,-0.018458,-0.028149,0.009858,-0.157407,-0.441201,-0.702607,-1.584248,-0.107444,0.039841,0.328399,0.664201,-0.510326,0.546257,-0.101503,0.662257,0.742325,-0.741406,-0.547847,0.387355,-0.002705,0.019234,-0.034535,0.201314,-0.46501,0.643385,0.254471,0.039819,0.037905,-0.018121,-0.650705,0.455516,0.607525,0.167617,-0.694176,0.700016,0.740599,0.557336,0.375352,-0.000443,0.004368,-0.013141,0.113024,-0.428315,0.648631,0.146184,0.079556,0.045511,-0.080468,-0.149913,0.147322,-0.977661,-0.701354,-0.712812,0.000132,-0.69687,0.685707,0.210185,-0.016383,-0.018436,0.009566,-0.166142,0.026781,-0.414491,-0.879339
