frame,MLTx,MLTy,MLTz,MLTR1,MLTR2,MLTR3,MLTR4,MLTR5,MLTR6,MLTR7,MLTR8,MLTR9,MLTTVx,MLTTVy,MLTTVz,MLTRVx,MLTRVy,MLTRVz,MLGA,MRTx,MRTy,MRTz,MRTR1,MRTR2,MRTR3,MRTR4,MRTR5,MRTR6,MRTR7,MRTR8,MRTR9,MRTTVx,MRTTVy,MRTTVz,MRTRVx,MRTRVy,MRTRVz,MRGA,SLTx,SLTy,SLTz,SLTR1,SLTR2,SLTR3,SLTR4,SLTR5,SLTR6,SLTR7,SLTR8,SLTR9,SLTTVx,SLTTVy,SLTTVz,SLTRVx,SLTRVy,SLTRVz,SLGA,SRTx,SRTy,SRTz,SRTR1,SRTR2,SRTR3,SRTR4,SRTR5,SRTR6,SRTR7,SRTR8,SRTR9,SRTTVx,SRTTVy,SRTTVz,SRTRVx,SRTRVy,SRTRVz,SRGA
319,0.120447,-0.044037,0.403337,0.881638,0.454908,-0.125773,-0.471309,0.862118,-0.185988,0.022724,0.222693,0.974638,0.014322,-0.009545,0.010085,-0.113755,-0.339663,-0.101713,-1.908071,-0.091749,-0.011106,0.396898,0.132509,0.74891,0.649281,-0.882591,0.387286,-0.266412,-0.451114,-0.538686,0.711461,0.019217,-0.0334,0.041468,-0.113491,-0.085186,-0.093653,-1.219489,0.049793,0.035627,-0.013516,0.069682,-0.748795,0.659127,0.931974,-0.186772,-0.310708,0.355763,0.635941,0.684844,0.002167,-0.013268,0.015555,-0.088858,-0.06201,-0.083574,-0.863768,0.069805,0.014746,-0.069652,0.918907,0.380075,-0.105601,-0.394021,0.897156,-0.199641,0.018862,0.225061,0.974161,0.000179,0.000891,0.000681,-0.131904,-0.572619,-0.176029,-0.912813
320,0.120569,-0.043988,0.403401,0.884442,0.449413,-0.12584,-0.46595,0.865028,-0.185982,0.024168,0.222573,0.97463,0.014996,0.002203,0.001704,-0.000168,-0.019641,0.027906,-1.90825,-0.091511,-0.011615,0.397507,0.119589,0.749476,0.651134,-0.882722,0.380474,-0.275638,-0.454444,-0.542745,0.706237,0.017865,-0.024972,0.030825,0.507775,0.362759,-0.457355,-1.219597,0.049913,0.035369,-0.013207,0.081881,-0.746493,0.660336,0.930408,-0.180251,-0.319139,0.357261,0.640513,0.679784,0.00892,-0.012547,0.01536,1.919018,1.245547,-1.417218,-0.861645,0.069865,0.014762,-0.06962,0.921007,0.374512,-0.107168,-0.388932,0.89949,-0.199118,0.021825,0.225071,0.974097,0.0005,0.002493,0.001906,0.006523,0.008871,0.029928,-0.914446
321,0.120845,-0.043739,0.403669,0.892151,0.433218,-0.128196,-0.450517,0.87391,-0.182449,0.031878,0.219995,0.974994,0.002129,0.010543,0.008061,0.001035,-0.02167,0.067361,-1.908145,-0.091073,-0.012566,0.398541,0.101426,0.751038,0.652415,-0.877748,0.376264,-0.296509,-0.468268,-0.543523,0.696542,0.004964,-0.028976,0.029489,-0.105597,0.003639,-0.069066,-1.219322,0.050137,0.034893,-0.012691,0.100541,-0.743735,0.660869,0.923315,-0.177703,-0.340454,0.370646,0.644421,0.668836,0.008305,-0.00854,0.009898,-0.083262,-0.015554,-0.005196,-0.865891,0.070007,0.014878,-0.069492,0.927417,0.357751,-0.109129,-0.372889,0.907098,-0.195256,0.029138,0.221777,0.974661,0.000956,0.004789,0.003655,0.003665,-0.01157,0.072295,-0.914773
322,0.12126,-0.043309,0.404023,0.894739,0.427297,-0.130023,-0.444886,0.878045,-0.176311,0.037713,0.215074,0.975883,0.002779,0.013854,0.010544,-0.063251,-0.305223,-0.04121,-1.90834,-0.090714,-0.01323,0.399294,0.089077,0.753382,0.651515,-0.875647,0.370991,-0.3091,-0.474659,-0.543907,0.691902,0.001935,-0.010835,0.009028,-0.044003,0.082996,-0.23534,-1.219948,0.050317,0.034555,-0.012306,0.112859,-0.743348,0.659314,0.919532,-0.173269,-0.352756,0.37646,0.646072,0.663978,0.008197,-0.008031,0.010255,-0.075545,-0.009892,-0.00956,-0.860502,0.070215,0.015094,-0.069315,0.929734,0.351496,-0.109744,-0.36671,0.910873,-0.189296,0.033427,0.21624,0.975767,0.008423,0.005858,0.00445,-0.102592,-0.50262,-0.0889,-0.920488
323,0.121477,-0.043032,0.40422,0.897444,0.421744,-0.129501,-0.439213,0.881429,-0.173627,0.0398,0.212182,0.976433,0.017438,0.014705,0.011155,-0.816338,0.142669,0.159751,-1.908033,-0.090486,-0.013482,0.399584,0.083552,0.753488,0.652124,-0.87446,0.369278,-0.314463,-0.477835,-0.544926,0.688907,0.014994,-0.007344,0.010039,-0.033012,-0.013976,0.006106,-1.218918,0.050433,0.034423,-0.01216,0.118491,-0.742166,0.659657,0.917726,-0.1718,-0.358136,0.379126,0.647821,0.660749,0.007495,-0.003705,0.004992,-0.040387,-0.016756,0.010648,-0.860502,0.070324,0.015237,-0.069213,0.931766,0.345841,-0.11047,-0.361221,0.913655,-0.186418,0.03646,0.213602,0.976239,0.008759,0.007607,0.005756,-0.896236,0.185301,0.159443,-0.918202
324,0.121993,-0.042308,0.404793,0.90134,0.411709,-0.134631,-0.430242,0.886678,-0.169307,0.048545,0.210023,0.976504,0.018578,0.020748,0.015611,-0.028866,-0.021547,0.063029,-1.908273,-0.090031,-0.013995,0.399998,0.068497,0.752899,0.654555,-0.868747,0.36762,-0.331766,-0.490469,-0.546861,0.678415,0.016009,-0.011537,0.007152,2.023854,1.207581,-1.41473,-1.220538,0.050659,0.034171,-0.011949,0.132649,-0.738376,0.661213,0.911231,-0.171609,-0.374442,0.389949,0.652188,0.650068,0.008024,-0.00589,0.003482,2.011035,1.201711,-1.408245,-0.859849,0.070582,0.015597,-0.068928,0.934911,0.335527,-0.115591,-0.351991,0.918207,-0.181653,0.045187,0.210516,0.976545,0.00933,0.010635,0.007993,-0.015462,0.015146,0.072211,-0.91363
325,0.122669,-0.041352,0.405521,0.903909,0.406399,-0.13354,-0.424496,0.890482,-0.163754,0.051237,0.204208,0.977599,0.019462,0.025714,0.019147,-0.004549,0.02205,-0.076554,-1.908261,-0.089793,-0.014518,0.400192,0.059694,0.752607,0.655752,-0.86545,0.366412,-0.341573,-0.49739,-0.548073,0.67237,0.003218,-0.016166,0.005354,-0.036264,0.011346,-0.049986,-1.224075,0.050777,0.033914,-0.011855,0.141718,-0.735955,0.662031,0.906965,-0.171442,-0.384735,0.396648,0.654963,0.643189,0.001565,-0.007919,0.002785,-0.042799,0.007844,-0.045914,-0.862789,0.070905,0.016057,-0.068577,0.937055,0.330027,-0.11405,-0.346,0.921566,-0.176062,0.046999,0.204442,0.977749,0.00976,0.013047,0.009709,0.001664,0.021673,-0.076607,-0.917549
326,0.12343,-0.040266,0.406324,0.904508,0.405136,-0.133324,-0.42307,0.891623,-0.161217,0.052431,0.201731,0.97805,0.020259,0.030408,0.022384,-0.003116,0.012627,-0.049356,-1.907938,-0.089701,-0.015022,0.400291,0.052855,0.752406,0.656569,-0.862939,0.365327,-0.349009,-0.502494,-0.549074,0.667743,0.003078,-0.01558,0.005751,-0.028715,-0.059532,0.135677,-1.227448,0.050825,0.033653,-0.011806,0.148413,-0.734234,0.662475,0.90392,-0.171002,-0.392028,0.401125,0.657006,0.63831,0.001532,-0.007775,0.002883,-0.033808,-0.062317,0.138886,-0.862135,0.071293,0.016608,-0.068169,0.937559,0.32867,-0.11383,-0.344499,0.922604,-0.173551,0.047979,0.201929,0.978223,0.010081,0.015003,0.011038,0.006696,-0.043203,0.110778,-0.925877
327,0.12382,-0.039633,0.406775,0.907117,0.399626,-0.132224,-0.417107,0.895398,-0.155747,0.055021,0.195942,0.979084,0.020335,0.03115,0.022778,-0.076479,0.040556,-0.083239,-1.908015,-0.089722,-0.015276,0.400358,0.04655,0.752051,0.657452,-0.860101,0.364923,-0.356358,-0.507946,-0.549828,0.66298,0.001081,-0.00453,-0.003138,0.005007,0.00292,-0.003397,-1.229877,0.050814,0.033529,-0.011777,0.154531,-0.732463,0.663036,0.90067,-0.171404,-0.399267,0.406095,0.658876,0.63322,-0.005296,-0.008359,0.003185,0.012536,0.045476,-0.086212,-0.867524,0.071481,0.016915,-0.067951,0.939663,0.323012,-0.112679,-0.338424,0.925852,-0.168125,0.050017,0.196115,0.979304,0.010205,0.01583,0.011566,-0.875873,0.174107,0.057405,-0.930122
328,0.124684,-0.038463,0.407712,0.910283,0.39239,-0.132139,-0.409791,0.899219,-0.15313,0.0576,0.19306,0.979509,0.020171,0.022535,0.033239,-0.029192,-0.040569,0.119643,-1.90813,-0.089885,-0.01578,0.40057,0.033178,0.751445,0.658955,-0.854339,0.363512,-0.371346,-0.518594,-0.551591,0.653201,-0.010936,-0.015316,0.007343,0.018459,0.048537,-0.090151,-1.234854,0.050738,0.033277,-0.011671,0.16733,-0.728938,0.663813,0.894093,-0.171527,-0.413732,0.415447,0.662742,0.623037,-0.005547,-0.00735,0.003885,0.640297,0.409799,-0.512697,-0.86883,0.071909,0.017508,-0.067482,0.942213,0.315577,-0.112452,-0.330898,0.929095,-0.165189,0.052349,0.192854,0.97983,0.010144,0.015873,0.011448,0.009935,-0.053072,0.138026,-0.929959
329,0.125601,-0.037425,0.408747,0.911159,0.390165,-0.132687,-0.407688,0.900208,-0.152932,0.05864,0.192962,0.979466,0.019887,0.02176,0.03239,-0.030614,-0.031164,0.092432,-1.907598,-0.090208,-0.016161,0.400768,0.028142,0.753245,0.657131,-0.852279,0.361635,-0.377855,-0.522263,-0.550368,0.651306,-0.011444,-0.013228,0.008793,-0.002074,-0.142733,0.098837,-1.238159,0.050577,0.033084,-0.011574,0.172934,-0.72964,0.661602,0.891269,-0.169969,-0.420415,0.419204,0.66237,0.620913,-0.006508,-0.001973,-0.000658,0.028811,-0.084918,-0.062862,-0.866218,0.072388,0.018051,-0.066941,0.942926,0.313243,-0.112995,-0.32869,0.929919,-0.164959,0.053404,0.192685,0.979806,0.009932,0.010884,0.016186,-0.030456,-0.031107,0.092058,-0.929959
330,0.12601,-0.036891,0.409252,0.912096,0.388844,-0.130101,-0.405917,0.900899,-0.153568,0.056357,0.192402,0.97971,0.019487,0.028481,0.020146,0.058614,0.201096,0.192603,-1.907535,-0.090426,-0.016273,0.400814,0.023554,0.753011,0.65758,-0.850181,0.361186,-0.382976,-0.525892,-0.550984,0.647856,9.5e-05,-0.000403,-0.000279,0.186544,0.105727,-0.126234,-1.239843,0.050468,0.033029,-0.011551,0.17654,-0.728598,0.661798,0.889227,-0.170224,-0.424614,0.422027,0.663451,0.617838,-0.0066,-0.001602,-0.000403,2.062577,1.21421,-1.417821,-0.86883,0.072584,0.018303,-0.066705,0.94347,0.312168,-0.11142,-0.327343,0.930333,-0.165305,0.052055,0.192433,0.979928,0.009774,0.014477,0.010234,0.101702,0.500175,0.065443,-0.927183
331,0.126574,-0.036035,0.410107,0.912184,0.387772,-0.132656,-0.405124,0.901886,-0.149824,0.060405,0.189935,0.979951,0.018295,0.013974,0.026537,-0.04866,0.013636,-0.132472,-1.907454,-0.090897,-0.01637,0.400859,0.019129,0.752694,0.658086,-0.84801,0.360932,-0.387997,-0.529559,-0.551584,0.644349,-0.013577,-0.00154,0.000342,-0.002044,0.015205,-0.029245,-1.246255,0.050233,0.032976,-0.011525,0.181374,-0.727035,0.66221,0.886466,-0.17067,-0.430173,0.425771,0.665049,0.613537,-0.006841,-0.000557,0.000327,-0.005491,0.013688,-0.027009,-0.87128,0.072869,0.018748,-0.066266,0.943743,0.310683,-0.113241,-0.326031,0.931426,-0.161705,0.055236,0.189529,0.98032,0.002311,0.012618,0.008878,0.008312,-0.034097,0.075669,-0.933224
332,0.127132,-0.035521,0.411017,0.912518,0.385865,-0.135882,-0.403766,0.90273,-0.148402,0.064263,0.189811,0.979729,0.003694,0.011701,0.024942,-0.041771,-0.047956,0.022076,-1.907548,-0.091298,-0.01635,0.400889,0.015322,0.752278,0.658661,-0.845686,0.361247,-0.392745,-0.53338,-0.551944,0.640879,-0.013527,-0.001732,0.000206,2.066055,1.203489,-1.42714,-1.245102,0.050026,0.032989,-0.011507,0.184468,-0.725955,0.66254,0.884416,-0.171422,-0.434074,0.428692,0.666035,0.610425,-0.006762,-0.000885,9.2e-05,2.064305,1.203992,-1.427852,-0.864748,0.073153,0.019005,-0.065812,0.943947,0.30886,-0.116483,-0.324767,0.932112,-0.160289,0.059068,0.189135,0.980172,0.008737,0.005004,0.011806,-0.034857,-0.037588,0.055062,-0.93943
333,0.127374,-0.035375,0.411506,0.91225,0.385463,-0.138793,-0.403834,0.902923,-0.147039,0.067504,0.189713,0.97953,0.003376,0.010028,0.023727,-0.094455,-0.295215,-0.059782,-1.907502,-0.091461,-0.016369,0.400893,0.011228,0.751954,0.659113,-0.843366,0.361303,-0.397653,-0.537138,-0.55235,0.637381,-0.013322,-0.00261,-0.000403,2.066111,1.203118,-1.427406,-1.24468,0.04995,0.032982,-0.011504,0.187117,-0.72513,0.662701,0.882771,-0.171816,-0.437257,0.430931,0.666832,0.607974,-4e-06,1.4e-05,1.6e-05,-0.005654,-0.003108,0.003726,-0.863115,0.073275,0.019077,-0.065567,0.943921,0.308324,-0.118097,-0.324481,0.932391,-0.159243,0.061014,0.188634,0.980149,0.00854,0.003998,0.01108,-0.133562,-0.49151,-0.074226,-0.943022
334,0.127646,-0.035342,0.412469,0.912458,0.385015,-0.138663,-0.403238,0.903485,-0.145208,0.068235,0.187939,0.979821,0.015642,-0.00852,0.027391,-0.069277,-0.000958,0.019129,-1.908087,-0.091722,-0.016505,0.400841,-0.004197,0.749104,0.662433,-0.835481,0.361437,-0.413847,-0.549405,-0.556123,0.623494,0.000609,-0.002627,-0.001821,0.185444,0.107908,-0.126113,-1.249467,0.049813,0.032915,-0.011529,0.203503,-0.718227,0.665384,0.873151,-0.174321,-0.455213,0.442937,0.673618,0.591646,-0.00627,-0.002998,-0.00137,0.671299,0.404549,-0.522793,-0.86932,0.073407,0.019107,-0.065083,0.943909,0.30803,-0.11896,-0.324224,0.932828,-0.15719,0.06255,0.186942,0.980376,0.000919,0.000886,0.008967,-0.033652,0.005834,0.009194,-0.947594
335,0.12764,-0.035532,0.413227,0.910812,0.385394,-0.148116,-0.405567,0.902167,-0.146907,0.075872,0.193404,0.978195,-0.012865,-0.01042,0.026363,-0.153574,-0.465072,-0.197103,-1.908126,-0.091776,-0.016738,0.400777,-0.023114,0.744385,0.667344,-0.826561,0.361318,-0.431486,-0.562254,-0.562505,0.606071,0.002662,-0.014075,0.006793,-0.02519,0.227166,-0.198947,-1.270511,0.049786,0.032803,-0.011564,0.220973,-0.709382,0.669288,0.863441,-0.176789,-0.472455,0.453474,0.682291,0.573444,0.000675,-0.002905,-0.002013,0.140527,0.267004,-0.09938,-0.864258,0.073414,0.019009,-0.064706,0.942883,0.30818,-0.126471,-0.325961,0.931832,-0.159491,0.068699,0.191606,0.979063,0.000369,-0.002167,0.006855,-0.075265,-0.543964,-0.16238,-0.946778
336,0.127277,-0.035889,0.414101,0.910488,0.382911,-0.156324,-0.404553,0.902958,-0.144833,0.08456,0.194641,0.977237,-0.01288,-0.010505,0.026303,-0.085083,-0.035645,-0.060733,-1.908159,-0.091587,-0.017127,0.400682,-0.048245,0.739649,0.671256,-0.814646,0.359771,-0.454807,-0.577802,-0.569703,0.584334,0.002069,-0.008916,-0.006208,-0.000905,0.119355,-0.213025,-1.296983,0.04988,0.032608,-0.011605,0.244775,-0.698827,0.672105,0.850413,-0.178213,-0.495011,0.465705,0.692734,0.55067,0.001062,-0.004574,-0.003185,0.030032,0.03395,-0.071673,-0.866544,0.073231,0.018823,-0.064275,0.942093,0.305949,-0.13731,-0.325645,0.932416,-0.156694,0.08009,0.192335,0.978054,-0.00654,-0.00572,0.012833,-0.072955,0.019289,-0.051723,-0.936164
337,0.127017,-0.036137,0.414584,0.911673,0.378865,-0.159244,-0.401163,0.904393,-0.145308,0.08783,0.195892,0.976698,-0.013437,-0.013549,0.024207,-0.092932,-0.055473,-0.097264,-1.908082,-0.091401,-0.017369,0.400662,-0.058438,0.735842,0.674621,-0.811733,0.358394,-0.461062,-0.580942,-0.575475,0.575499,0.003671,-0.018386,0.003772,-0.078419,0.216956,-0.18778,-1.307482,0.049973,0.032489,-0.011621,0.253861,-0.692934,0.67483,0.846927,-0.177746,-0.501117,0.46719,0.698747,0.541742,0.00851,-0.007877,0.002091,-0.084992,0.208566,-0.164955,-0.861646,0.073107,0.018709,-0.064039,0.9431,0.301696,-0.139783,-0.321966,0.933595,-0.15728,0.083051,0.193336,0.97761,-0.006625,-0.001895,0.00712,-0.061463,-0.095971,-0.060337,-0.940573
338,0.126482,-0.036638,0.415385,0.912045,0.375367,-0.165283,-0.39904,0.905103,-0.14672,0.093387,0.19931,0.97549,-0.013752,-0.01521,0.023069,0.689737,-0.321744,-0.013005,-1.908366,-0.090923,-0.017782,0.40078,-0.075332,0.726527,0.68299,-0.809174,0.355778,-0.467539,-0.582544,-0.588786,0.560211,0.015991,-0.011227,0.007335,-0.147275,0.601774,0.161934,-1.307763,0.050209,0.032271,-0.011568,0.268498,-0.681541,0.680742,0.843056,-0.175619,-0.508344,0.466008,0.710393,0.527423,0.000409,-0.001773,-0.001248,-0.016297,0.817837,-0.097586,-0.859686,0.072834,0.018452,-0.06363,0.943336,0.298328,-0.145314,-0.319767,0.934262,-0.157805,0.088684,0.19533,0.976719,-0.006855,-0.003067,0.006246,2.569953,-0.865387,0.231119,-0.942532
339,0.125842,-0.037164,0.416245,0.911603,0.372483,-0.174016,-0.398009,0.905496,-0.147093,0.101644,0.202894,0.973925,-0.013597,-0.014298,0.023701,-0.099525,-0.082497,-0.105233,-1.9082,-0.090559,-0.018077,0.401052,-0.099135,0.714507,0.692563,-0.802902,0.353756,-0.479729,-0.58761,-0.604509,0.537724,0.000136,-0.000577,-0.000404,0.037139,0.646058,-0.141375,-1.308178,0.050398,0.032118,-0.011431,0.289633,-0.66315,0.690176,0.836226,-0.175493,-0.519545,0.465657,0.727621,0.503715,2.2e-05,-0.00011,-8.3e-05,0.039828,0.681227,-0.121696,-0.859523,0.072514,0.018185,-0.063203,0.942786,0.29532,-0.154724,-0.318775,0.934415,-0.158902,0.09765,0.199134,0.975094,-0.006812,-0.011395,0.017291,-0.135357,-0.0546,-0.124326,-0.93796
340,0.125565,-0.037497,0.416771,0.911225,0.373351,-0.174136,-0.399001,0.904895,-0.148102,0.101145,0.203978,0.97375,-0.013567,-0.014103,0.023839,-0.073095,0.035844,-0.06777,-1.908281,-0.090415,-0.018199,0.401228,-0.111495,0.706883,0.698482,-0.795934,0.357384,-0.488569,-0.594813,-0.6113,0.521893,0.014813,-0.00614,0.010893,5.556454,-0.637121,1.470895,-1.311747,0.050464,0.032061,-0.011346,0.301887,-0.653728,0.693904,0.831736,-0.175115,-0.526829,0.465916,0.736189,0.490864,0.00069,-0.004276,0.005314,-0.148044,0.43918,-0.074746,-0.854298,0.07237,0.018012,-0.062932,0.942492,0.296331,-0.15458,-0.319853,0.933868,-0.159946,0.09696,0.200191,0.974947,-0.00679,-0.007005,0.011961,-0.073204,0.057291,-0.063927,-0.93796
341,0.125162,-0.038248,0.417849,0.915124,0.363175,-0.175205,-0.389632,0.908175,-0.152891,0.102449,0.207735,0.972819,-0.013767,-0.015104,0.023159,2.571754,-0.67657,0.293561,-1.908218,-0.090225,-0.018387,0.401652,-0.125767,0.694904,0.708013,-0.789668,0.361933,-0.495341,-0.600275,-0.622259,0.502321,-0.000729,0.003093,0.002162,-0.154154,0.612667,0.022282,-1.322534,0.050565,0.031964,-0.01113,0.311828,-0.638361,0.703745,0.824308,-0.186593,-0.534507,0.472522,0.746778,0.468021,0.00032,-0.002724,0.006398,-0.220615,0.854041,-0.046911,-0.85642,0.072174,0.017644,-0.0624,0.945573,0.286296,-0.154678,-0.310118,0.936825,-0.161818,0.098579,0.20098,0.974622,1.1e-05,-0.00831,0.010995,-0.07581,0.024375,-0.038155,-0.937144
342,0.124763,-0.038955,0.419034,0.913258,0.364613,-0.181832,-0.392811,0.906297,-0.155877,0.10682,0.213335,0.971136,-0.012999,-0.010987,0.025993,-0.072921,0.018628,-0.042785,-1.908088,-0.090193,-0.018615,0.402066,-0.134229,0.681391,0.7195,-0.775951,0.379382,-0.503888,-0.616106,-0.626783,0.476884,0.00124,-0.007914,0.011089,1.651367,1.977459,-1.58055,-1.331465,0.050578,0.03186,-0.010922,0.315407,-0.62435,0.714636,0.815691,-0.206464,-0.540388,0.484937,0.753365,0.444157,0.000582,-0.003845,0.005616,-0.303942,1.010882,-0.076933,-0.866707,0.071973,0.017283,-0.061813,0.943958,0.287354,-0.162388,-0.31338,0.934712,-0.167649,0.103611,0.209143,0.97238,-0.006603,-0.010175,0.018143,-0.110798,0.075787,-0.082802,-0.934531
343,0.124554,-0.039603,0.420358,0.913615,0.360624,-0.187891,-0.390185,0.907426,-0.155903,0.113135,0.215307,0.969985,0.001204,-0.019047,0.037024,-0.178547,-0.059571,0.456066,-1.908148,-0.090191,-0.019016,0.402553,-0.139257,0.672168,0.727178,-0.753379,0.404721,-0.518221,-0.642426,-0.620846,0.449112,0.001262,-0.008012,0.011025,0.430807,0.777363,-0.576259,-1.395889,0.05058,0.031657,-0.010681,0.320517,-0.611974,0.723018,0.798029,-0.236754,-0.554163,0.510311,0.754608,0.412489,-0.006061,-0.005347,0.005281,1.715001,1.57967,-1.759813,-0.871443,0.071863,0.016963,-0.061154,0.943996,0.283833,-0.168249,-0.311148,0.935454,-0.167662,0.109802,0.210623,0.97138,-0.006326,-0.008776,0.019112,-0.350083,-0.220734,1.58098,-0.929796
344,0.124476,-0.039882,0.421019,0.912796,0.36143,-0.190311,-0.391203,0.907438,-0.153259,0.116164,0.213903,0.969937,0.001407,-0.017977,0.037757,-0.141307,-0.12566,-0.074447,-1.908257,-0.090211,-0.019272,0.40283,-0.143489,0.667592,0.730564,-0.743647,0.414405,-0.524586,-0.652743,-0.619387,0.436061,0.00293,-0.01775,0.020849,1.6947,1.546308,-1.814611,-1.404448,0.050569,0.031533,-0.010545,0.32233,-0.607028,0.726373,0.791489,-0.248098,-0.558561,0.519274,0.754959,0.400487,0.000661,-0.00416,0.005403,-0.061722,0.532495,-0.141406,-0.875852,0.071824,0.016823,-0.060824,0.943524,0.284139,-0.170371,-0.311608,0.935763,-0.165067,0.112525,0.208834,0.971455,-0.006185,-0.003717,0.014217,-0.120507,-0.176219,-0.099926,-0.930449
345,0.124432,-0.040337,0.422374,0.912776,0.361091,-0.191046,-0.391284,0.907045,-0.155366,0.116047,0.216126,0.969458,0.002184,-0.013885,0.040537,-0.104438,0.016461,-0.001686,-1.908195,-0.090248,-0.019642,0.403366,-0.150008,0.658815,0.737192,-0.734219,0.425181,-0.529224,-0.661877,-0.62147,0.418997,0.000721,-0.00571,0.012637,-0.208328,0.813968,0.070176,-1.405674,0.050553,0.031337,-0.010272,0.32901,-0.597906,0.730931,0.782494,-0.260684,-0.565461,0.528635,0.757991,0.38209,0.000313,-0.002693,0.00643,-0.224907,0.754021,0.025048,-0.869483,0.071801,0.016592,-0.06015,0.943442,0.283873,-0.171266,-0.311782,0.935328,-0.16719,0.112729,0.211132,0.970934,0.001018,-0.002986,0.014635,-0.07693,0.018519,-0.010591,-0.928326
346,0.12455,-0.040764,0.423844,0.912919,0.36029,-0.191873,-0.390916,0.906857,-0.157377,0.116162,0.218238,0.968972,0.002272,-0.013404,0.040839,-0.093755,-0.041584,0.18819,-1.908065,-0.090258,-0.019621,0.403778,-0.148377,0.654451,0.741397,-0.719196,0.44322,-0.535021,-0.678524,-0.613411,0.403973,-0.001877,0.007994,0.005564,0.04744,0.209472,0.19884,-1.405606,0.050549,0.031342,-0.01007,0.327186,-0.592494,0.736138,0.771959,-0.281705,-0.569843,0.545003,0.754713,0.365211,-0.000184,-0.000553,0.007913,0.249671,0.139917,0.158838,-0.872913,0.071862,0.016383,-0.059411,0.943501,0.28321,-0.172035,-0.311516,0.935069,-0.169123,0.112967,0.21316,0.970464,0.001012,-0.007247,0.020053,-0.109532,0.025888,-0.029581,-0.929142
347,0.124637,-0.041001,0.424506,0.912909,0.360448,-0.191625,-0.390811,0.907195,-0.155677,0.116589,0.216567,0.969295,0.001766,-0.007601,0.028123,-0.070271,0.013762,-0.010331,-1.907866,-0.090301,-0.019495,0.40393,-0.150948,0.648448,0.746137,-0.712847,0.451585,-0.53652,-0.684624,-0.613678,0.393131,-0.00201,0.008562,0.00595,-0.099568,0.593251,0.278784,-1.406081,0.050526,0.03141,-0.009991,0.328171,-0.586896,0.740173,0.767257,-0.291461,-0.571284,0.551016,0.755382,0.354652,-0.001047,0.004428,0.003073,-0.084451,0.675392,0.355805,-0.867197,0.071907,0.016265,-0.059061,0.94354,0.283232,-0.171786,-0.311277,0.935467,-0.167352,0.113301,0.211377,0.970815,0.000842,-0.003898,0.013994,-0.070684,0.01386,-0.010349,-0.927836
348,0.124868,-0.04141,0.425686,0.913378,0.358666,-0.192729,-0.389635,0.907207,-0.158529,0.116847,0.219452,0.968615,0.001729,-0.007777,0.02799,-0.048944,0.007772,-0.007107,-1.907961,-0.090408,-0.019181,0.404188,-0.154944,0.638604,0.75377,-0.699258,0.46814,-0.540201,-0.697613,-0.611578,0.373056,-0.002084,0.008884,0.006153,-0.095889,0.483223,-0.000756,-1.406257,0.050473,0.031567,-0.009862,0.330269,-0.575595,0.748072,0.757721,-0.310909,-0.573754,0.562833,0.756323,0.333457,-0.001047,0.004447,0.003077,-0.107708,0.503006,0.22913,-0.868177,0.07202,0.016063,-0.058493,0.943887,0.281395,-0.172894,-0.310042,0.935348,-0.170289,0.113798,0.214338,0.970107,0.007709,-0.009119,0.018694,0.150058,-0.060571,0.038816,-0.922284
349,0.125125,-0.04181,0.426797,0.913639,0.357787,-0.193126,-0.388864,0.90752,-0.158628,0.117371,0.21959,0.96852,0.001472,-0.009128,0.027069,-0.070292,0.013606,-0.010387,-1.908199,-0.09057,-0.018836,0.40436,-0.146893,0.626902,0.76512,-0.680651,0.497251,-0.537949,-0.717476,-0.600584,0.352689,-0.001811,0.00773,0.005337,4.048891,-2.079133,2.101464,-1.406371,0.050397,0.031737,-0.009772,0.323044,-0.566398,0.758178,0.747459,-0.338679,-0.571489,0.58047,0.751324,0.313951,-0.000833,0.003551,0.002451,-0.118146,0.589315,0.010332,-0.868014,0.07215,0.015863,-0.057926,0.944083,0.280499,-0.173278,-0.309243,0.935602,-0.170339,0.114339,0.2144,0.97003,0.000671,-0.004807,0.013368,-0.073615,0.014541,-0.010791,-0.915426
350,0.125288,-0.042107,0.427679,0.913733,0.357332,-0.193522,-0.388574,0.90754,-0.159226,0.117593,0.22025,0.968343,0.001205,-0.002051,0.015215,-0.035954,0.010845,-0.019003,-1.908095,-0.090697,-0.01866,0.40454,-0.147693,0.615319,0.774314,-0.647962,0.531335,-0.545677,-0.746962,-0.583088,0.319248,-0.001116,0.004771,0.003287,1.764206,1.858328,-1.621002,-1.40706,0.050327,0.031834,-0.009681,0.316375,-0.555766,0.768784,0.722715,-0.383738,-0.574827,0.614482,0.737474,0.280256,-0.000432,0.001848,0.001275,1.18117,-0.368493,0.55019,-0.866381,0.072232,0.015712,-0.05748,0.944151,0.280033,-0.173661,-0.30893,0.935607,-0.170885,0.114625,0.21499,0.969866,0.000677,-0.004793,0.013375,-0.071208,0.013796,-0.010505,-0.916079
351,0.125285,-0.04212,0.427995,0.913772,0.356931,-0.194076,-0.388563,0.90717,-0.16135,0.11733,0.222411,0.967881,0.001561,-0.000152,0.016479,-0.034345,0.002711,0.008598,-1.90796,-0.090792,-0.018722,0.404645,-0.138936,0.610239,0.779934,-0.621087,0.559782,-0.548479,-0.771085,-0.561375,0.30025,0.001282,-0.008107,0.010958,1.067956,0.233998,0.711095,-1.406933,0.050282,0.031813,-0.009629,0.31188,-0.551525,0.77366,0.703062,-0.413749,-0.578372,0.639088,0.724314,0.258716,0.000632,-0.004014,0.005501,0.180696,0.548391,0.230043,-0.868014,0.072229,0.0157,-0.057326,0.944163,0.279647,-0.174215,-0.308922,0.935217,-0.173017,0.114545,0.217176,0.969387,0.000751,-0.000161,0.008183,-0.036964,0.003462,0.008278,-0.917222
352,0.125189,-0.041951,0.428333,0.912577,0.356942,-0.199603,-0.389594,0.907073,-0.159394,0.123022,0.222787,0.967088,-0.012453,0.008646,0.005941,-0.093812,-0.399647,-0.115624,-1.907942,-0.091068,-0.018986,0.404855,-0.132839,0.599879,0.78898,-0.586314,0.594302,-0.550432,-0.798881,-0.536462,0.271773,-0.013249,-0.002995,-0.000667,-0.10989,0.826159,-0.130374,-1.407157,0.050146,0.031674,-0.009523,0.301649,-0.542082,0.784317,0.675049,-0.459498,-0.577208,0.673287,0.703567,0.227325,-0.00583,-0.006227,0.004679,-0.078196,0.844216,0.119936,-0.864748,0.072187,0.015784,-0.057152,0.943441,0.279635,-0.178107,-0.309589,0.935279,-0.171486,0.118626,0.216927,0.968953,0.000584,0.003155,0.002106,-0.161527,-0.702866,-0.155476,-0.918692
353,0.124954,-0.041685,0.428514,0.911861,0.35727,-0.20227,-0.390426,0.90686,-0.15857,0.125641,0.223128,0.966673,-0.012831,0.00656,0.00454,-0.001374,0.013039,-0.030022,-1.907866,-0.091175,-0.019229,0.405137,-0.122145,0.587342,0.800063,-0.549187,0.631501,-0.547297,-0.826501,-0.506973,0.244415,0.001305,-0.008214,0.010888,1.09362,0.292225,0.615652,-1.407208,0.050088,0.031551,-0.009388,0.289145,-0.533623,0.794758,0.647623,-0.502352,-0.57291,0.704966,0.680358,0.200334,0.000634,-0.004146,0.005431,4.259135,-2.28795,1.389874,-0.869974,0.072074,0.015917,-0.057061,0.94244,0.280083,-0.182646,-0.31088,0.935088,-0.170183,0.123125,0.217169,0.968337,0.000459,0.002474,0.001651,0.004366,0.018159,0.004015,-0.924897
354,0.124777,-0.041579,0.428625,0.911812,0.357461,-0.202154,-0.390575,0.906815,-0.158459,0.125536,0.223004,0.966715,-0.01278,0.006801,0.004696,-0.000991,0.014686,-0.029561,-1.908235,-0.0911,-0.019319,0.405317,-0.121135,0.584648,0.802187,-0.529904,0.645311,-0.550189,-0.839138,-0.492466,0.230625,0.014479,-0.004888,0.011784,2.535592,0.78493,-1.75467,-1.407382,0.05012,0.031504,-0.009299,0.286651,-0.528547,0.799042,0.634076,-0.520558,-0.571808,0.718176,0.670564,0.18592,0.000552,-0.003781,0.005678,4.313653,-2.241345,1.352391,-0.869483,0.071981,0.015972,-0.057005,0.942436,0.28028,-0.182362,-0.311004,0.935058,-0.170121,0.122838,0.217044,0.968401,-0.006318,0.003813,0.002627,0.001341,0.009534,-0.001185,-0.92359
355,0.124481,-0.041311,0.42882,0.910473,0.357743,-0.207615,-0.391901,0.906522,-0.156859,0.130957,0.223743,0.965825,-0.01254,0.007995,0.005479,-0.004669,-0.001094,-0.033974,-1.907786,-0.090928,-0.01958,0.405769,-0.124762,0.573981,0.809303,-0.492005,0.672581,-0.55272,-0.861379,-0.467864,0.197469,0.00135,-0.008405,0.010761,-0.147409,0.775222,0.044906,-1.407306,0.050211,0.031377,-0.009071,0.289463,-0.518295,0.804723,0.60031,-0.556525,-0.574374,0.745545,0.649344,0.150044,0.000657,-0.004155,0.005408,-0.15627,0.915262,0.098613,-0.867197,0.071832,0.016102,-0.056909,0.941181,0.280642,-0.188194,-0.312447,0.934879,-0.168456,0.128663,0.217349,0.967576,0.000709,0.00376,0.002502,0.006459,0.011375,0.030953,-0.921631
356,0.124133,-0.040997,0.429183,0.908911,0.358595,-0.212923,-0.393694,0.906095,-0.154822,0.136276,0.224108,0.965004,-0.011878,0.011369,0.007695,-0.002571,-0.007143,-0.005786,-1.90832,-0.090912,-0.019932,0.406189,-0.121054,0.562836,0.817651,-0.457629,0.699351,-0.549015,-0.880641,-0.441352,0.17188,0.001357,-0.008436,0.010743,0.255913,0.552364,0.153582,-1.407074,0.050219,0.0312,-0.008862,0.283777,-0.508488,0.812963,0.573323,-0.589608,-0.568913,0.768616,0.627535,0.124211,0.007311,-0.002755,0.005681,1.234734,0.163474,0.304259,-0.865565,0.071657,0.016255,-0.056731,0.939801,0.281618,-0.193558,-0.314341,0.934604,-0.166446,0.134027,0.21727,0.966865,0.000917,0.00063,0.008682,-0.028251,0.027438,0.013323,-0.920325
357,0.123804,-0.040587,0.429607,0.908806,0.359022,-0.212651,-0.394002,0.906026,-0.154438,0.136088,0.2237,0.965125,-0.01157,0.012846,0.008639,0.000653,0.006621,-0.001943,-1.908161,-0.090835,-0.020272,0.406561,-0.118994,0.556027,0.822597,-0.423568,0.72093,-0.548438,-0.897794,-0.41439,0.148692,0.001573,-0.009366,0.010106,4.384889,-2.101233,0.925024,-1.407406,0.050258,0.031027,-0.008672,0.281151,-0.502393,0.817651,0.545787,-0.617099,-0.566837,0.789347,0.605631,0.100701,0.00081,-0.004846,0.004918,4.344126,-2.18309,0.868651,-0.864095,0.071493,0.016461,-0.056518,0.939803,0.282054,-0.192909,-0.314593,0.934567,-0.166174,0.133417,0.216859,0.967042,-0.005749,0.006651,0.004477,0.000843,0.007581,-0.001577,-0.914936
358,0.123587,-0.040311,0.42983,0.908818,0.359067,-0.212524,-0.394008,0.906035,-0.154372,0.13599,0.223593,0.965163,-0.011217,0.014595,0.009769,0.000658,0.006625,-0.001942,-1.908529,-0.090818,-0.020439,0.406745,-0.118209,0.554592,0.823678,-0.407196,0.729513,-0.549488,-0.905439,-0.401056,0.138555,0.001525,-0.00916,0.01025,-0.074668,0.558082,-0.017332,-1.407503,0.050266,0.030947,-0.008584,0.279475,-0.501071,0.819036,0.530833,-0.630168,-0.566659,0.800067,0.593139,0.089869,0.000754,-0.00457,0.005132,0.308502,0.570987,0.168991,-0.864422,0.071388,0.016592,-0.056412,0.939812,0.282115,-0.192775,-0.314614,0.934573,-0.166105,0.133302,0.216758,0.967081,-0.005642,0.007159,0.004801,0.000653,0.006732,-0.001789,-0.91216
359,0.123257,-0.039809,0.430325,0.907652,0.358756,-0.217962,-0.394706,0.906027,-0.152625,0.141592,0.224123,0.964234,-0.011008,0.007109,0.021281,-0.036981,0.01039,-0.022875,-1.908388,-0.090806,-0.020686,0.406963,-0.118221,0.549718,0.826937,-0.378133,0.745152,-0.54927,-0.917952,-0.378325,0.118733,0.000274,-0.001179,-0.000811,-0.056172,0.502415,0.186014,-1.407048,0.050272,0.030821,-0.00847,0.278777,-0.496105,0.822291,0.505979,-0.651881,-0.564833,0.816252,0.573525,0.069289,0.000172,-0.000758,-0.000518,-0.022654,0.613341,0.248251,-0.865564,0.07122,0.016852,-0.056163,0.938691,0.28184,-0.198553,-0.315378,0.93463,-0.164322,0.139262,0.216867,0.966216,-0.005408,0.008294,0.00552,0.008356,0.023153,0.030763,-0.911344
360,0.122987,-0.039394,0.430885,0.906953,0.358971,-0.220502,-0.395306,0.905997,-0.151247,0.144349,0.2239,0.963877,-0.011304,0.013832,0.009184,6.1e-05,0.004041,-0.00266,-1.908308,-0.090808,-0.020794,0.407052,-0.117054,0.536346,0.835836,-0.347566,0.766314,-0.540272,-0.930102,-0.354432,0.095664,3e-06,-1.4e-05,-1e-05,-0.00064,0.87538,0.359712,-1.40751,0.050272,0.030765,-0.008428,0.274038,-0.484365,0.830839,0.480813,-0.67919,-0.554545,0.832899,0.551444,0.046765,-1.3e-05,3.5e-05,2.6e-05,0.2487,0.821239,0.436132,-0.867361,0.071086,0.017062,-0.055876,0.938094,0.282116,-0.200967,-0.315995,0.934659,-0.162966,0.141861,0.216382,0.965946,-0.005643,0.002803,0.010135,-0.03144,0.033491,-0.017372,-0.909058
361,0.122816,-0.039185,0.43111,0.906133,0.359417,-0.223133,-0.396202,0.905782,-0.150185,0.147,0.224054,0.96344,-0.011454,0.012986,0.008617,-0.01389,0.048992,-0.196226,-1.90838,-0.090834,-0.02077,0.407058,-0.126543,0.525708,0.841195,-0.341619,0.773081,-0.534394,-0.931051,-0.35566,0.080705,-0.000453,0.00195,0.001341,-0.141684,1.161929,0.423544,-1.407543,0.05026,0.030773,-0.008427,0.28071,-0.472272,0.835559,0.476448,-0.687159,-0.54846,0.833185,0.552059,0.03212,-0.001046,0.005794,-0.004288,-0.041438,0.670035,0.301599,-0.870627,0.070996,0.017172,-0.05576,0.937345,0.282615,-0.203744,-0.316952,0.934523,-0.161887,0.144652,0.216321,0.965546,-0.005748,0.006422,0.004268,-0.006065,0.081214,-0.188998,-0.911833
362,0.122503,-0.038933,0.431759,0.904583,0.360049,-0.228339,-0.397628,0.905598,-0.147503,0.152547,0.223782,0.962642,0.002343,0.00364,0.018743,-0.038148,-0.013439,0.004192,-1.908157,-0.090863,-0.020585,0.407073,-0.135823,0.501775,0.854263,-0.313831,0.796097,-0.517372,-0.939473,-0.339004,0.048271,-0.013981,9.3e-05,0.001456,-0.842041,0.063213,2.82836,-1.407184,0.05025,0.030868,-0.008418,0.288107,-0.446759,0.846994,0.454011,-0.715041,-0.531592,0.843129,0.5377,-0.003175,-0.001164,0.006278,-0.00396,0.032984,1.319633,0.363319,-0.870953,0.070838,0.017293,-0.055445,0.935941,0.283352,-0.209101,-0.318477,0.934461,-0.159227,0.15028,0.215622,0.964843,-0.005609,0.002905,0.010173,-0.027435,0.034206,0.011224,-0.910527
363,0.122203,-0.03877,0.432534,0.904537,0.360433,-0.227915,-0.397686,0.905802,-0.146081,0.152665,0.222333,0.962958,-0.011273,0.005303,0.019973,-0.035267,0.017735,-0.020808,-1.908383,-0.091002,-0.020391,0.406931,-0.145605,0.472259,0.869346,-0.279587,0.823284,-0.493932,-0.948762,-0.31558,0.01107,-0.001791,0.010313,-0.009459,4.672605,-1.022747,0.295087,-1.407341,0.050175,0.030965,-0.008483,0.290488,-0.414335,0.86252,0.433358,-0.746684,-0.504641,0.853121,0.520373,-0.037347,-0.006818,-0.000696,0.00022,-0.012427,1.290305,0.257513,-0.869483,0.070693,0.017374,-0.055058,0.936015,0.283718,-0.208276,-0.318457,0.934688,-0.157929,0.149866,0.214151,0.965235,-0.005615,0.002824,0.010105,-0.033364,0.010819,0.007229,-0.919345
364,0.121885,-0.038593,0.433426,0.903069,0.36084,-0.233036,-0.398756,0.905846,-0.142861,0.158419,0.221497,0.962221,0.002695,0.005342,0.019764,-0.115107,-0.340173,-0.08487,-1.908294,-0.091197,-0.020095,0.406628,-0.151918,0.449493,0.880266,-0.242617,0.846427,-0.473954,-0.957893,-0.286145,-0.020638,-0.001634,0.009642,-0.009917,0.371561,0.888148,-0.209636,-1.406889,0.050077,0.031113,-0.008634,0.291872,-0.389479,0.873565,0.400431,-0.779678,-0.481411,0.868599,0.490313,-0.071607,-0.000812,0.004831,-0.004942,1.438319,0.53206,-0.162692,-0.872259,0.070533,0.017458,-0.054621,0.935113,0.284154,-0.211704,-0.319228,0.934876,-0.155241,0.153805,0.21275,0.964925,-0.005449,0.003619,0.010594,-0.202235,-0.682038,-0.199944,-0.922611
365,0.121746,-0.038494,0.433897,0.902369,0.360486,-0.236274,-0.399342,0.905409,-0.143985,0.160895,0.223841,0.961268,-0.010638,0.008333,0.021849,-0.167995,-0.545226,-0.173819,-1.908379,-0.091197,-0.019968,0.406465,-0.159834,0.439048,0.884128,-0.227564,0.85516,-0.465672,-0.960285,-0.276188,-0.037882,0.000302,-0.001302,-0.000894,-0.117977,1.310663,-0.1568,-1.407001,0.050076,0.031183,-0.008717,0.296544,-0.378381,0.876863,0.38756,-0.79148,-0.472605,0.872844,0.479985,-0.088063,-0.000548,0.003675,-0.00574,-0.145499,1.426404,-0.113008,-0.873402,0.070464,0.017509,-0.054378,0.934673,0.283788,-0.214127,-0.31962,0.934511,-0.156626,0.155655,0.214834,0.964166,-0.005237,0.000474,0.016737,-0.067802,0.041343,-0.008524,-0.923264
366,0.12133,-0.038265,0.434969,0.901241,0.361504,-0.239011,-0.400953,0.904747,-0.14367,0.163183,0.224871,0.960642,-0.023986,0.010987,0.023677,-0.034986,0.022702,-0.023178,-1.908405,-0.091212,-0.01977,0.406055,-0.173593,0.418587,0.891427,-0.191033,0.87369,-0.447331,-0.965824,-0.248483,-0.072821,-0.00069,0.005569,-0.012711,4.859503,-1.4486,-0.166818,-1.406839,0.050068,0.031282,-0.008923,0.307878,-0.353937,0.883141,0.358588,-0.81661,-0.452284,0.881263,0.455932,-0.124499,-0.000266,0.002508,-0.006636,4.856802,-1.440261,-0.168742,-0.882547,0.070265,0.017624,-0.053854,0.933027,0.28496,-0.219673,-0.321867,0.933908,-0.155613,0.160811,0.215897,0.963082,-0.0052,0.004761,0.011281,-0.043264,0.084709,-0.180203,-0.920325
367,0.120759,-0.038236,0.436012,0.900929,0.361915,-0.239563,-0.402021,0.90378,-0.146741,0.162281,0.22807,0.96004,-0.025097,-0.003106,0.031005,-0.072194,0.043633,-0.069146,-1.908453,-0.091042,-0.019325,0.405468,-0.184886,0.374415,0.908638,-0.183427,0.895204,-0.406077,-0.965189,-0.242229,-0.097972,0.011801,0.011824,-0.0098,-0.194709,0.294923,2.758305,-1.406555,0.050152,0.031485,-0.00921,0.309028,-0.312385,0.898285,0.355512,-0.838101,-0.413759,0.882106,0.447214,-0.14794,0.005856,0.00603,-0.004817,-0.153518,-0.045026,2.615172,-0.88369,0.069978,0.017652,-0.053318,0.932814,0.285387,-0.220025,-0.322896,0.933025,-0.15875,0.159984,0.219129,0.96249,-0.005812,0.001615,0.00927,-0.038899,0.019445,-0.021158,-0.907261
368,0.120539,-0.038338,0.43655,0.900105,0.361902,-0.24266,-0.402854,0.903312,-0.147338,0.164753,0.229933,0.959174,-0.01193,-0.006795,0.028463,-0.075615,0.01057,-0.044454,-1.908559,-0.090908,-0.018973,0.405218,-0.18834,0.360384,0.913587,-0.171318,0.903936,-0.391769,-0.96674,-0.230765,-0.109654,0.009411,0.024654,-0.01751,0.463863,0.902884,0.095472,-1.406678,0.05022,0.031658,-0.009343,0.308446,-0.294969,0.904352,0.348115,-0.849755,-0.395893,0.885254,0.436931,-0.159421,0.005567,0.007403,-0.003876,1.449402,0.343647,0.57572,-0.880097,0.069863,0.017603,-0.053048,0.931984,0.28544,-0.223448,-0.323822,0.932613,-0.159283,0.162925,0.220807,0.961612,-0.006059,-0.003787,0.013997,-0.073794,0.041501,-0.038924,-0.904649
369,0.120048,-0.038656,0.43759,0.899739,0.36291,-0.242509,-0.403799,0.902918,-0.147165,0.164436,0.229891,0.959238,-0.012627,-0.010287,0.026261,-0.072966,0.036676,-0.067265,-1.908694,-0.090712,-0.018192,0.404581,-0.204492,0.339716,0.918023,-0.14309,0.91741,-0.371238,-0.968027,-0.207715,-0.140145,0.010113,0.02157,-0.019619,0.089733,0.382525,2.53191,-1.406692,0.050318,0.032069,-0.009661,0.320446,-0.272045,0.907361,0.323775,-0.868728,-0.374807,0.890215,0.413887,-0.190299,0.005047,0.010744,-0.009834,0.05544,0.311938,2.486202,-0.888099,0.069613,0.017441,-0.052517,0.931766,0.286517,-0.222977,-0.324766,0.93231,-0.159131,0.16229,0.220689,0.961747,-0.006363,-0.005308,0.013038,-0.074986,0.038198,-0.067367,-0.905139
370,0.119596,-0.038964,0.438392,0.899391,0.36379,-0.242484,-0.404737,0.90244,-0.147521,0.164039,0.230376,0.95919,0.000589,-0.005377,0.012881,-0.035996,0.010972,-0.01885,-1.908805,-0.090458,-0.017614,0.403778,-0.215832,0.324493,0.92093,-0.101404,0.930625,-0.35155,-0.97081,-0.169684,-0.169108,0.011604,0.01519,-0.023996,0.200251,0.910823,-0.174881,-1.406816,0.050439,0.032359,-0.010048,0.328124,-0.253176,0.910074,0.28773,-0.890848,-0.351567,0.899747,0.377213,-0.219463,-0.000827,0.006213,-0.012243,0.577439,0.895612,0.197458,-0.885813,0.069386,0.017286,-0.052123,0.931496,0.287408,-0.222957,-0.325719,0.93191,-0.159526,0.161927,0.22122,0.961686,-0.006458,-0.001647,0.007207,-0.03626,0.018343,-0.020791,-0.903016
371,0.119406,-0.039034,0.438669,0.899395,0.363016,-0.243627,-0.405063,0.901497,-0.152308,0.163217,0.235225,0.958153,0.000622,0.003046,0.001912,0.233776,-0.069697,0.048084,-1.909268,-0.090346,-0.017417,0.403305,-0.22488,0.317847,0.921083,-0.084995,0.935307,-0.343382,-0.970321,-0.155921,-0.184471,-0.001076,0.009862,-0.02627,0.532296,0.804023,-0.131819,-1.406919,0.0505,0.032459,-0.010278,0.334804,-0.244754,0.909945,0.27469,-0.898383,-0.342714,0.90136,0.364695,-0.23355,0.006148,0.006135,-0.013166,5.127115,-1.373806,-1.121843,-0.885649,0.069295,0.017247,-0.051987,0.93145,0.286826,-0.223896,-0.326022,0.931117,-0.16349,0.161581,0.225278,0.960801,-0.006374,-0.001211,0.007408,2.559638,-0.758223,0.512776,-0.903506
372,0.119051,-0.038959,0.438978,0.898427,0.36331,-0.246738,-0.406332,0.900728,-0.153479,0.165363,0.237702,0.957173,-0.012753,0.005581,0.003705,-0.001379,0.013109,-0.029968,-1.908739,-0.090142,-0.017148,0.4025,-0.237993,0.308792,0.920868,-0.078357,0.938928,-0.334974,-0.967733,-0.152281,-0.200416,-0.001347,0.01102,-0.025477,0.132532,0.00533,0.687861,-1.406799,0.050604,0.032585,-0.010692,0.347848,-0.233032,0.908128,0.268088,-0.903451,-0.33452,0.898404,0.359821,-0.251791,0.006702,0.002463,-0.007272,0.222004,-0.627665,2.303335,-0.890874,0.069118,0.017281,-0.051828,0.930561,0.28698,-0.227371,-0.327329,0.930312,-0.165449,0.164046,0.228386,0.959649,0.00043,0.002127,0.00134,0.003989,0.005743,0.030561,-0.904159
373,0.118842,-0.038798,0.438961,0.898536,0.363063,-0.246705,-0.406136,0.900757,-0.153827,0.165252,0.237971,0.957125,-4.2e-05,0.008043,-0.011207,0.035997,-0.011013,0.018824,-1.908622,-0.089799,-0.016716,0.402073,-0.234957,0.308944,0.921597,-0.07679,0.939288,-0.334328,-0.968604,-0.149725,-0.198124,-0.000863,0.00363,0.002511,-0.010623,-0.033103,-0.193689,-1.406943,0.05078,0.032789,-0.010927,0.343954,-0.233599,0.909465,0.267267,-0.904141,-0.333311,0.900146,0.357714,-0.24855,0.005457,0.007761,-0.003614,0.040824,-0.123757,0.003671,-0.894467,0.06901,0.017366,-0.051828,0.930673,0.286765,-0.227184,-0.327128,0.930323,-0.165788,0.163812,0.228613,0.959635,-0.006849,0.000477,0.000407,-0.000905,0.015016,-0.029446,-0.909548
