frame,MLTx,MLTy,MLTz,MLTR1,MLTR2,MLTR3,MLTR4,MLTR5,MLTR6,MLTR7,MLTR8,MLTR9,MLTTVx,MLTTVy,MLTTVz,MLTRVx,MLTRVy,MLTRVz,MLGA,MRTx,MRTy,MRTz,MRTR1,MRTR2,MRTR3,MRTR4,MRTR5,MRTR6,MRTR7,MRTR8,MRTR9,MRTTVx,MRTTVy,MRTTVz,MRTRVx,MRTRVy,MRTRVz,MRGA,SLTx,SLTy,SLTz,SLTR1,SLTR2,SLTR3,SLTR4,SLTR5,SLTR6,SLTR7,SLTR8,SLTR9,SLTTVx,SLTTVy,SLTTVz,SLTRVx,SLTRVy,SLTRVz,SLGA,SRTx,SRTy,SRTz,SRTR1,SRTR2,SRTR3,SRTR4,SRTR5,SRTR6,SRTR7,SRTR8,SRTR9,SRTTVx,SRTTVy,SRTTVz,SRTRVx,SRTRVy,SRTRVz,SRGA
141,0.073633,0.033484,0.341487,-0.390341,0.540325,-0.745472,-0.912412,-0.335264,0.23468,-0.122648,0.77111,0.624799,-0.017635,0.056444,-0.023576,0.132473,-0.054296,-0.001959,0.328834,-0.140926,0.07245,0.319482,0.900355,0.402662,-0.164969,-0.325619,0.875055,0.358029,0.287378,-0.269154,0.919148,0.008563,0.029784,0.020175,0.819662,-0.360526,-0.227502,-1.408745,0.022907,0.055002,-0.023538,-0.858271,-0.497766,-0.124892,0.439313,-0.83842,0.322575,-0.265279,0.221991,0.938267,0.010984,0.009779,0.013461,0.333588,-0.326455,0.090077,-0.782776,0.073992,0.041586,-0.071096,-0.435289,0.506207,-0.744497,-0.870832,-0.44655,0.20553,-0.228415,0.737798,0.6352,-0.008731,0.028427,-0.011612,0.133499,0.037848,-0.144821,0.260919
142,0.073207,0.034578,0.341033,-0.388689,0.539645,-0.746826,-0.913412,-0.332014,0.23541,-0.120443,0.77299,0.622902,-0.016318,0.066855,-0.032115,0.157103,-0.000271,-0.141836,0.322558,-0.140611,0.072854,0.320009,0.897662,0.405782,-0.17186,-0.329407,0.87705,0.349584,0.291444,-0.257718,0.921143,0.021833,0.020291,0.02734,0.646859,-0.314233,-0.159439,-1.408503,0.023055,0.055209,-0.023276,-0.855514,-0.500681,-0.131958,0.443083,-0.839785,0.313746,-0.267903,0.209946,0.940292,0.004906,0.009774,0.013963,0.209729,-0.153491,-0.059737,-0.785716,0.073766,0.042148,-0.071324,-0.433504,0.505496,-0.74602,-0.872242,-0.443377,0.206422,-0.226423,0.740196,0.633121,-0.015467,0.028926,-0.011458,0.139504,-0.035652,-0.031663,0.254388
143,0.072178,0.036872,0.339926,-0.380478,0.544855,-0.747272,-0.917889,-0.321051,0.233191,-0.112391,0.773959,0.623203,-0.030519,0.065466,-0.033633,-1.074439,0.324568,1.015133,0.305476,-0.139916,0.073356,0.321303,0.89273,0.410849,-0.18501,-0.335302,0.880138,0.335952,0.299725,-0.238408,0.923683,0.02434,0.000182,0.043102,0.658251,-0.338276,-0.202111,-1.408909,0.023411,0.055473,-0.022626,-0.850763,-0.505017,-0.145459,0.448494,-0.841943,0.299975,-0.27396,0.18997,0.942791,0.011399,0.005902,0.018104,0.156898,-0.14674,-0.023701,-0.787512,0.073259,0.0433,-0.071874,-0.426868,0.511114,-0.746019,-0.877165,-0.434638,0.204129,-0.219916,0.741519,0.633865,-0.0161,0.026873,-0.013059,-3.999122,1.249833,3.410102,0.235609
144,0.070896,0.039116,0.338811,-0.382966,0.543362,-0.747087,-0.916177,-0.326866,0.231841,-0.117754,0.772576,0.623929,-0.032058,0.05363,-0.026132,0.130654,-0.041721,-0.03274,0.282852,-0.138647,0.073521,0.323012,0.886594,0.416739,-0.200677,-0.342961,0.883503,0.318958,0.309094,-0.214498,0.926453,0.047541,0.006157,0.04485,0.512175,-0.430966,0.08021,-1.408845,0.024036,0.055556,-0.02177,-0.844604,-0.510346,-0.16183,0.456354,-0.844309,0.280859,-0.27997,0.163363,0.946006,0.017828,0.002322,0.022431,0.642166,-0.317021,-0.16338,-0.775101,0.072629,0.044403,-0.072427,-0.428263,0.510147,-0.745882,-0.87553,-0.438567,0.202743,-0.223691,0.73987,0.634471,-0.022497,0.02805,-0.01234,0.130151,-0.02713,-0.062565,0.207523
145,0.070218,0.040059,0.338384,-0.384254,0.542751,-0.74687,-0.915363,-0.329361,0.231523,-0.11986,0.771947,0.624307,-0.032053,0.053367,-0.026309,0.130484,-0.042138,-0.032975,0.281592,-0.137866,0.073639,0.32385,0.884425,0.419028,-0.205428,-0.346834,0.884812,0.311045,0.310978,-0.204386,0.928107,0.047638,0.004644,0.043683,0.213138,-0.208111,0.035587,-1.408828,0.024426,0.05562,-0.021346,-0.842067,-0.512852,-0.167048,0.46067,-0.844925,0.271815,-0.280544,0.151932,0.947739,0.017128,0.007213,0.018274,0.223801,-0.187364,-0.032406,-0.774938,0.072278,0.044894,-0.072651,-0.429494,0.509344,-0.745723,-0.874379,-0.441035,0.202356,-0.225822,0.738956,0.634781,-0.023215,0.022492,-0.008352,0.096772,0.010109,-0.100591,0.19544
146,0.068663,0.041477,0.337905,-0.382498,0.54637,-0.745131,-0.916313,-0.327853,0.2299,-0.118214,0.77003,0.626981,-0.048117,0.033269,-0.009303,0.071009,0.046133,-0.104403,0.263224,-0.136618,0.073753,0.32539,0.882311,0.420992,-0.210439,-0.349877,0.885832,0.304667,0.313555,-0.195726,0.929106,0.024362,-0.002115,0.041039,0.06732,0.005769,-0.153084,-1.408948,0.025067,0.055682,-0.020558,-0.839914,-0.514692,-0.172147,0.463465,-0.845266,0.26594,-0.282387,0.143583,0.948493,0.012169,-0.001152,0.020437,0.047502,0.011311,-0.150778,-0.779021,0.071507,0.045611,-0.072896,-0.42809,0.513335,-0.74379,-0.8755,-0.439681,0.200445,-0.224135,0.736998,0.637648,-0.018377,0.009838,-0.00137,0.021526,0.014611,-0.076851,0.179601
147,0.066968,0.041976,0.337965,-0.376144,0.553127,-0.743378,-0.920629,-0.313781,0.232285,-0.104314,0.77106,0.628181,-0.039305,0.006237,0.003213,-0.002646,0.060298,-0.11251,0.239117,-0.135402,0.074206,0.326728,0.880173,0.423325,-0.214669,-0.353769,0.886708,0.297542,0.315188,-0.186492,0.930452,0.032722,0.023456,0.027441,0.316585,-0.088174,-0.152678,-1.408922,0.025675,0.055907,-0.01989,-0.838066,-0.516273,-0.176368,0.466427,-0.845715,0.259249,-0.283,0.135005,0.94957,0.016347,0.011686,0.013666,0.381012,-0.101321,-0.137431,-0.786695,0.070656,0.045871,-0.072871,-0.422658,0.520537,-0.741889,-0.881516,-0.426208,0.20316,-0.210447,0.739855,0.639003,-0.026657,-0.000511,0.006845,-0.039296,-0.03196,0.031962,0.151025
148,0.065341,0.041668,0.338356,-0.374247,0.559471,-0.739578,-0.921356,-0.314735,0.228072,-0.104713,0.766075,0.634186,-0.042738,-0.009087,0.007688,0.12523,0.257948,0.234062,0.168792,-0.134471,0.074913,0.327897,0.879096,0.424878,-0.216011,-0.356045,0.886757,0.294666,0.315629,-0.182679,0.931059,0.020829,0.021639,0.027076,0.489805,-0.13297,-0.247644,-1.409068,0.026141,0.056261,-0.019306,-0.83719,-0.517332,-0.177428,0.467809,-0.845428,0.257692,-0.283315,0.132735,0.949796,0.010401,0.010787,0.013496,0.46784,-0.126741,-0.244781,-0.79241,0.06983,0.045723,-0.072671,-0.421979,0.526372,-0.73815,-0.881845,-0.427289,0.199427,-0.210431,0.735088,0.644486,-0.021457,-0.004754,0.0037,0.181288,0.334604,0.277797,0.087341
149,0.064609,0.041187,0.338611,-0.368491,0.564765,-0.738445,-0.923362,-0.31447,0.220188,-0.107413,0.762287,0.638285,-0.034607,-0.0374,0.019245,0.164718,0.547106,0.196292,0.129036,-0.134084,0.075274,0.328463,0.877893,0.425649,-0.219358,-0.3565,0.886898,0.293691,0.318442,-0.180177,0.930588,0.008922,0.020872,0.027521,0.084422,-0.097002,0.036771,-1.409109,0.026331,0.056431,-0.019035,-0.835658,-0.518436,-0.181378,0.469307,-0.845537,0.254591,-0.285351,0.127629,0.949886,0.010279,0.011412,0.013866,0.06819,-0.003969,-0.078096,-0.793063,0.069464,0.045483,-0.072543,-0.416945,0.532174,-0.736848,-0.883654,-0.427184,0.19149,-0.212864,0.73096,0.648371,-0.017411,-0.01896,0.009437,0.230497,0.647077,0.247123,0.033619
150,0.063271,0.039639,0.339293,-0.363487,0.588209,-0.722449,-0.925561,-0.316186,0.208171,-0.105535,0.743607,0.660256,-0.035813,-0.039881,0.017226,0.217592,0.780716,0.05153,0.084552,-0.133633,0.075973,0.329579,0.872254,0.4289,-0.234968,-0.359743,0.88827,0.285472,0.330045,-0.16503,0.929354,0.010755,0.007357,0.033046,0.147566,-0.121518,-0.018568,-1.408857,0.026559,0.056792,-0.018464,-0.830677,-0.520551,-0.197487,0.472019,-0.846565,0.246017,-0.29525,0.111143,0.948932,0.005372,0.003601,0.016464,0.111187,-0.103293,-0.029135,-0.787838,0.068808,0.044722,-0.07221,-0.414841,0.556197,-0.720104,-0.885443,-0.429003,0.178736,-0.209515,0.711759,0.670449,-0.018679,-0.025344,0.012736,0.272228,0.822813,0.322269,-0.045577
151,0.061871,0.037729,0.340242,-0.360552,0.624562,-0.692798,-0.926339,-0.326637,0.187552,-0.108714,0.708611,0.697193,-0.038821,-0.060737,0.034314,0.482109,1.443164,0.226421,0.043922,-0.133717,0.076527,0.330587,0.869693,0.430625,-0.241222,-0.3623,0.888916,0.280178,0.333973,-0.156831,0.92937,-0.002172,0.014666,0.024105,-0.014524,0.067384,-0.118589,-1.408992,0.026518,0.057065,-0.017968,-0.828118,-0.522153,-0.203901,0.474642,-0.846683,0.240501,-0.298218,0.102384,0.94899,-0.001053,0.006994,0.011833,-0.048187,-0.025035,0.005083,-0.788981,0.068107,0.043769,-0.071747,-0.417424,0.590595,-0.690618,-0.884276,-0.439056,0.159009,-0.209311,0.677072,0.705522,-0.018641,-0.024989,0.01303,0.634114,1.638471,0.351658,-0.10926
152,0.060977,0.036838,0.340823,-0.361766,0.64737,-0.670881,-0.92616,-0.331819,0.179154,-0.106189,0.68535,0.720449,-0.048897,-0.043501,0.03066,0.686084,1.786095,0.199069,0.040557,-0.133818,0.076847,0.331061,0.869029,0.431402,-0.242222,-0.363559,0.888955,0.27842,0.33433,-0.15445,0.92964,-0.002152,0.014551,0.023947,-0.018312,-0.047299,0.04548,-1.409024,0.026473,0.057219,-0.017741,-0.827398,-0.522949,-0.204778,0.475878,-0.846455,0.238855,-0.298245,0.100179,0.949217,-0.001125,0.007508,0.012129,-0.051219,-0.039443,0.040418,-0.787675,0.067662,0.043313,-0.071459,-0.422028,0.611976,-0.668862,-0.883231,-0.443916,0.151127,-0.204433,0.65454,0.727862,-0.025294,-0.027303,0.019352,0.526894,1.592783,0.040831,-0.130162
153,0.059011,0.035319,0.34211,-0.36998,0.687556,-0.624841,-0.92318,-0.347505,0.164164,-0.10381,0.636722,0.764091,-0.047005,-0.038292,0.034965,0.548716,1.675599,-0.324153,0.074521,-0.134143,0.077295,0.331873,0.8675,0.434201,-0.242703,-0.367435,0.888305,0.275389,0.334066,-0.150284,0.930418,-0.001387,0.009359,0.020477,0.015749,0.073689,-0.153494,-1.408915,0.026304,0.057454,-0.017322,-0.825763,-0.525239,-0.205518,0.479135,-0.845503,0.235697,-0.297564,0.096159,0.949846,-0.0007,0.004627,0.010211,0.019411,-0.045576,-0.004082,-0.790287,0.066677,0.042548,-0.07082,-0.435125,0.651487,-0.621474,-0.878458,-0.458535,0.134372,-0.197426,0.604408,0.771824,-0.02272,-0.013739,0.013369,0.628993,1.657069,-0.090411,-0.122977
154,0.057192,0.033997,0.343563,-0.391166,0.7152,-0.579244,-0.915064,-0.369429,0.161716,-0.097851,0.592413,0.799687,-0.044759,-0.032482,0.039788,0.233094,1.155914,-0.667171,0.128769,-0.134181,0.077412,0.332751,0.865372,0.436065,-0.246919,-0.369442,0.888139,0.273233,0.337346,-0.14579,0.92995,0.010419,0.009455,0.01945,0.034785,-0.062989,0.03239,-1.408792,0.026282,0.057509,-0.016885,-0.823676,-0.526835,-0.209765,0.481046,-0.84504,0.233453,-0.300251,0.091383,0.949472,0.000259,-0.002168,0.013049,-0.019969,-0.035359,-0.024366,-0.790777,0.065778,0.041896,-0.070111,-0.45935,0.67623,-0.575941,-0.868294,-0.478531,0.13066,-0.18725,0.560105,0.80698,-0.022542,-0.016581,0.019643,0.402911,1.381019,-0.526669,-0.066315
155,0.055828,0.032892,0.344871,-0.40668,0.719754,-0.562681,-0.907616,-0.388527,0.158906,-0.103745,0.574426,0.811972,-0.030237,-0.024682,0.029805,0.002798,0.540131,-0.524497,0.21565,-0.133878,0.077121,0.3337,0.86324,0.437905,-0.251094,-0.371154,0.887831,0.271911,0.340903,-0.142096,0.929224,0.012872,-0.007911,0.022797,0.104577,-0.090101,-0.025176,-1.409026,0.026432,0.057374,-0.016409,-0.821775,-0.528108,-0.213978,0.482264,-0.844622,0.23245,-0.303489,0.087827,0.948777,0.00653,-0.00471,0.010917,0.160643,-0.089228,-0.053073,-0.789308,0.065081,0.041334,-0.069433,-0.476283,0.678826,-0.558881,-0.85833,-0.496887,0.127948,-0.190847,0.540644,0.819317,-0.015041,-0.012108,0.015118,-0.018519,0.64188,-0.705586,0.031006
156,0.055301,0.032451,0.345387,-0.41576,0.718397,-0.557757,-0.903562,-0.396101,0.16325,-0.103139,0.570947,0.814499,-0.016141,-0.018173,0.018723,-0.063141,0.379042,-0.560585,0.240302,-0.133629,0.07679,0.334186,0.861854,0.439899,-0.252363,-0.374048,0.887474,0.269093,0.341244,-0.138092,0.929702,0.013348,-0.01117,0.020743,0.153864,-0.090435,-0.066846,-1.408727,0.026556,0.057212,-0.016164,-0.820327,-0.529773,-0.215414,0.484836,-0.843999,0.229344,-0.30331,0.083697,0.949208,0.007525,-0.011703,0.013697,0.174196,-0.099315,-0.098249,-0.787675,0.064814,0.041114,-0.069168,-0.485344,0.676127,-0.55434,-0.853491,-0.503957,0.132587,-0.189718,0.537475,0.821661,-0.015334,-0.012741,0.014604,-0.119879,0.400515,-0.621738,0.08032
157,0.05446,0.031899,0.346066,-0.428186,0.717537,-0.549401,-0.898186,-0.404934,0.171064,-0.0992,0.565818,0.818558,-0.014528,-0.00734,0.010417,-0.034098,0.036735,-0.043355,0.244854,-0.133203,0.075952,0.335186,0.859033,0.443835,-0.255078,-0.379684,0.886693,0.263723,0.342133,-0.130272,0.930504,0.015004,-0.022753,0.027878,0.259161,-0.130438,-0.137023,-1.408535,0.026769,0.056788,-0.015672,-0.817412,-0.533129,-0.218197,0.489668,-0.842568,0.224283,-0.303418,0.076488,0.949782,0.001692,-0.012226,0.013893,0.41943,-0.178179,-0.147929,-0.786042,0.064403,0.040836,-0.06883,-0.498146,0.673374,-0.546275,-0.847088,-0.512477,0.140744,-0.18518,0.532854,0.825695,-0.007279,-0.003673,0.005221,-0.032545,0.142025,-0.214633,0.125062
158,0.053658,0.031719,0.346545,-0.430911,0.717564,-0.547232,-0.897112,-0.406187,0.173706,-0.097104,0.564887,0.819451,-0.012196,0.005063,0.003378,-0.000984,0.014715,-0.029553,0.243601,-0.132968,0.075211,0.336264,0.856174,0.447585,-0.258118,-0.38515,0.88594,0.25827,0.343186,-0.122289,0.931199,0.002771,-0.020005,0.030642,0.094084,-0.076162,-0.082579,-1.409116,0.026892,0.056409,-0.015139,-0.814065,-0.536785,-0.221719,0.49528,-0.841023,0.217661,-0.303308,0.067377,0.950507,0.006351,-0.003444,0.011737,0.149442,-0.09153,-0.076033,-0.786205,0.063989,0.040738,-0.068584,-0.501156,0.672953,-0.544037,-0.845797,-0.513831,0.143543,-0.182945,0.532083,0.826691,-0.01328,-0.000906,0.007103,-0.034763,-0.054338,0.094065,0.128981
159,0.053197,0.031706,0.346805,-0.430691,0.717632,-0.547316,-0.897275,-0.405669,0.174076,-0.096577,0.565172,0.819317,-0.026118,-0.000831,0.014974,-0.035056,0.051503,-0.072888,0.254308,-0.132896,0.074997,0.336827,0.854746,0.449415,-0.259668,-0.387914,0.885577,0.25536,0.343632,-0.118121,0.931573,0.002281,-0.016671,0.032731,0.014706,-0.048951,-0.053637,-1.409044,0.026929,0.0563,-0.01487,-0.812425,-0.538559,-0.223424,0.498039,-0.840236,0.214382,-0.303186,0.062896,0.950853,0.001117,-0.008306,0.016382,0.01922,-0.054565,-0.080812,-0.789634,0.063763,0.040732,-0.06846,-0.500933,0.673034,-0.544141,-0.846024,-0.513363,0.14388,-0.182506,0.532431,0.826564,-0.012934,-0.000112,0.007752,-0.034956,-0.069449,0.118877,0.133553
160,0.052179,0.031813,0.347411,-0.430669,0.71772,-0.547218,-0.897408,-0.404957,0.175043,-0.095439,0.565569,0.819176,-0.025119,0.001442,0.01682,-0.035028,0.051559,-0.072864,0.294174,-0.13302,0.074647,0.33796,0.851744,0.453571,-0.262293,-0.394023,0.88452,0.249609,0.344136,-0.10984,0.932399,-0.011136,-0.005449,0.026304,0.113607,-0.06503,-0.087176,-1.408908,0.026871,0.056126,-0.014298,-0.809222,-0.542223,-0.22617,0.503427,-0.838424,0.20882,-0.302853,0.055122,0.951441,-0.004767,-0.008514,0.01674,0.161692,-0.084299,-0.128659,-0.798615,0.063254,0.040785,-0.068158,-0.500957,0.673097,-0.544042,-0.846237,-0.512736,0.144856,-0.181448,0.532955,0.826459,-0.012324,0.001273,0.008878,-0.035192,-0.069078,0.119462,0.171926
161,0.051232,0.031911,0.348065,-0.430456,0.717856,-0.547208,-0.897637,-0.404045,0.175974,-0.094244,0.566049,0.818983,-0.024995,0.00172,0.017026,-0.035003,0.051609,-0.072843,0.329614,-0.133195,0.074285,0.339153,0.849328,0.457129,-0.263946,-0.398718,0.883318,0.246389,0.3447,-0.104617,0.932791,0.001821,-0.013509,0.034654,0.290522,-0.033103,-0.317795,-1.408614,0.026783,0.055952,-0.013708,-0.806961,-0.544955,-0.227678,0.506786,-0.836877,0.206889,-0.303284,0.051568,0.951503,-8e-06,-0.000427,0.014061,0.464003,-0.221009,-0.180137,-0.801391,0.062782,0.040836,-0.067829,-0.500785,0.673239,-0.544023,-0.846577,-0.511907,0.145798,-0.180333,0.533572,0.826305,-0.005909,-0.000546,0.007776,-0.033713,0.02157,-0.019429,0.22075
162,0.050838,0.031895,0.348402,-0.429793,0.717995,-0.547545,-0.898014,-0.403106,0.176204,-0.093677,0.56654,0.818708,-0.026652,-0.008989,0.025459,-0.068688,-0.046267,0.106912,0.344666,-0.133225,0.074045,0.339773,0.847754,0.45941,-0.265041,-0.401912,0.882577,0.243841,0.344864,-0.100789,0.933152,-0.009581,-0.016335,0.033877,0.279551,-0.127481,-0.178423,-1.408871,0.026768,0.055831,-0.013382,-0.805042,-0.547203,-0.229074,0.510163,-0.835687,0.203372,-0.30272,0.046858,0.951926,0.000964,-0.007268,0.017009,0.449812,-0.193336,-0.152442,-0.801718,0.062585,0.040832,-0.067664,-0.500272,0.673428,-0.544261,-0.846991,-0.511139,0.146088,-0.179814,0.534069,0.826097,-0.006189,-0.001168,0.007264,-0.033674,0.036828,-0.043792,0.244264
163,0.05041,0.031697,0.348975,-0.42764,0.718386,-0.548717,-0.89914,-0.4006,0.176176,-0.092729,0.567819,0.81793,-0.012795,-0.003304,0.013701,-0.034581,-0.082884,0.150374,0.362843,-0.133264,0.073349,0.34101,0.844567,0.463924,-0.267343,-0.408152,0.881027,0.239032,0.345356,-0.093363,0.933743,0.002694,-0.019509,0.030997,0.240476,-0.129203,-0.133967,-1.408871,0.026744,0.055483,-0.012747,-0.801326,-0.551532,-0.231706,0.516215,-0.833235,0.198092,-0.302319,0.039126,0.952402,0.001359,-0.009991,0.015355,0.303716,-0.146519,-0.119423,-0.802044,0.062368,0.04074,-0.067378,-0.498176,0.674081,-0.545375,-0.848389,-0.508822,0.146065,-0.17904,0.535457,0.825366,-0.000112,-0.003742,0.00555,-0.033259,-0.082497,0.155088,0.280024
164,0.050429,0.031386,0.349355,-0.425377,0.718793,-0.549942,-0.900283,-0.398171,0.175845,-0.092052,0.569008,0.817179,-0.000706,-0.008594,0.010181,-0.033035,0.022171,-0.01375,0.365138,-0.133154,0.07254,0.342126,0.842106,0.467392,-0.269062,-0.412605,0.879684,0.236321,0.346074,-0.088596,0.933941,0.00146,-0.010693,0.022095,0.292414,-0.144149,-0.120109,-1.408449,0.026798,0.055089,-0.01221,-0.798815,-0.554448,-0.233411,0.519925,-0.831481,0.195745,-0.302607,0.035008,0.952471,0.006602,-0.005203,0.010654,0.579455,-0.232774,-0.128966,-0.803024,0.062373,0.04058,-0.067178,-0.495864,0.674804,-0.546587,-0.849861,-0.506455,0.145736,-0.178479,0.536789,0.824622,-0.000313,-0.004189,0.005182,-0.032915,0.006987,0.010541,0.293741
165,0.050626,0.031145,0.349532,-0.423741,0.719069,-0.550843,-0.901086,-0.39653,0.175442,-0.091751,0.569803,0.81666,-0.001359,-0.010051,0.008996,-0.033048,0.022142,-0.013766,0.361679,-0.132999,0.072117,0.342944,0.842816,0.468688,-0.264543,-0.414788,0.878936,0.235279,0.341718,-0.089174,0.935489,-6e-06,-0.000281,0.014108,-0.032886,-0.008621,0.003845,-1.40887,0.026876,0.054868,-0.011796,-0.798487,-0.556718,-0.22909,0.523169,-0.829979,0.193462,-0.297844,0.034624,0.953986,-4e-05,1e-06,0.007138,-0.050006,-0.026773,0.028006,-0.803841,0.062471,0.04046,-0.067089,-0.494258,0.675288,-0.547442,-0.85084,-0.504921,0.145344,-0.178266,0.537623,0.824124,0.006587,-0.001436,-0.000779,0.001124,-0.014749,0.029392,0.295374
166,0.05079,0.031094,0.349514,-0.42289,0.71914,-0.551404,-0.901465,-0.395881,0.174961,-0.091949,0.570165,0.816385,0.012793,-0.003737,-0.002259,0.000984,-0.014715,0.029553,0.357409,-0.132961,0.072091,0.343183,0.842913,0.469434,-0.262908,-0.416616,0.878721,0.232839,0.339255,-0.087339,0.936558,-0.001236,0.008499,0.005121,0.012626,-0.004477,-0.00448,-1.408509,0.026895,0.054851,-0.011663,-0.798478,-0.557325,-0.227639,0.524659,-0.829638,0.190871,-0.295235,0.032974,0.954855,0.0001,-0.000936,0.00657,-0.048899,-0.009543,-0.003916,-0.803841,0.062553,0.040432,-0.067095,-0.493424,0.675475,-0.547965,-0.851281,-0.504308,0.144891,-0.178473,0.537965,0.823856,0.006358,-0.001947,-0.001198,0.001094,-0.014726,0.029416,0.292924
167,0.051107,0.031099,0.349419,-0.421357,0.719203,-0.552494,-0.902116,-0.394871,0.17388,-0.092592,0.570783,0.81588,0.000346,0.000772,0.000629,-0.000348,-0.104356,0.169324,0.34033,-0.13297,0.072454,0.343483,0.842977,0.469117,-0.263269,-0.416229,0.878889,0.232898,0.33957,-0.087355,0.936443,-0.001653,0.011355,0.006813,0.002299,-0.016769,0.023322,-1.408886,0.026893,0.05502,-0.011521,-0.798664,-0.556902,-0.228022,0.524107,-0.829914,0.19119,-0.295713,0.033188,0.954699,-0.000886,0.006029,0.003616,0.000787,-0.016001,0.026417,-0.802861,0.06271,0.040431,-0.067144,-0.492011,0.675719,-0.548932,-0.851959,-0.503451,0.143882,-0.179136,0.538459,0.823389,0.006592,-0.001429,-0.000777,0.00107,-0.014735,0.029463,0.280024
168,0.051301,0.031131,0.34943,-0.420436,0.719258,-0.553125,-0.902516,-0.394214,0.173298,-0.092887,0.571168,0.815577,0.001002,0.002242,0.001826,0.0,0.0,0.0,0.338449,-0.132939,0.072904,0.343787,0.84294,0.469345,-0.262982,-0.416421,0.878744,0.233103,0.339428,-0.087588,0.936472,-0.000183,0.000912,0.014757,-0.034271,-0.008197,0.004336,-1.40846,0.026908,0.055247,-0.011372,-0.798609,-0.557142,-0.227629,0.524302,-0.82974,0.191409,-0.295515,0.033514,0.954749,0.004902,0.006762,0.003568,0.003791,-0.031509,0.054784,-0.804657,0.062806,0.040445,-0.067141,-0.490969,0.675917,-0.549621,-0.852481,-0.502751,0.143233,-0.179509,0.538866,0.823043,0.000596,0.001338,0.001088,8e-06,-0.015139,0.024467,0.266798
169,0.051309,0.031163,0.349481,-0.420111,0.719282,-0.55334,-0.902663,-0.39394,0.173152,-0.092922,0.571326,0.815462,-0.011533,0.006536,0.004544,-0.001034,-0.000407,-0.005018,0.343029,-0.132905,0.073088,0.343998,0.842857,0.469724,-0.262569,-0.416706,0.878499,0.233515,0.339284,-0.088014,0.936484,-0.002049,0.01402,0.008354,-0.011258,0.082141,-0.114343,-1.408638,0.026925,0.055337,-0.011268,-0.798523,-0.557385,-0.227336,0.524453,-0.829561,0.191772,-0.295479,0.033907,0.954746,0.00476,0.007692,0.004117,0.003884,-0.031593,0.054395,-0.80482,0.062815,0.040459,-0.067117,-0.490642,0.675986,-0.549828,-0.852658,-0.502492,0.143086,-0.179561,0.53902,0.82293,0.000387,0.000868,0.000706,5.4e-05,-2e-06,-5.6e-05,0.268267
170,0.051239,0.031169,0.349558,-0.419403,0.719336,-0.553808,-0.902989,-0.393317,0.172869,-0.092957,0.571688,0.815205,3.9e-05,8.7e-05,7.1e-05,0.0,0.0,0.0,0.348772,-0.132863,0.073206,0.344606,0.842633,0.47053,-0.261844,-0.417039,0.877917,0.235106,0.339431,-0.089517,0.936289,0.000958,-0.007265,0.024035,-0.084366,0.099045,-0.152486,-1.40816,0.026946,0.055401,-0.010956,-0.798179,-0.558188,-0.226573,0.524809,-0.828956,0.193406,-0.295776,0.035465,0.954598,0.000455,-0.003532,0.012075,-0.084645,0.099324,-0.151308,-0.80531,0.062777,0.040469,-0.067073,-0.48994,0.676131,-0.550276,-0.853047,-0.50191,0.142809,-0.179632,0.53938,0.822678,-1.1e-05,-2e-05,-1.7e-05,2.9e-05,-1.2e-05,-4.8e-05,0.275289
171,0.051163,0.031119,0.349579,-0.418678,0.719386,-0.55429,-0.903318,-0.392698,0.172555,-0.09302,0.572049,0.814944,-0.000295,-0.00066,-0.000537,0.0,0.0,0.0,0.355774,-0.132927,0.073558,0.345472,0.842608,0.470283,-0.26237,-0.416222,0.877931,0.236498,0.340493,-0.090679,0.935791,-0.002397,0.016029,0.023543,-0.029697,-0.041573,0.0511,-1.408802,0.026916,0.055559,-0.010539,-0.798223,-0.557928,-0.227057,0.52408,-0.829085,0.194827,-0.296949,0.036519,0.954194,-0.001247,0.008253,0.011915,-0.029899,-0.041393,0.051919,-0.804004,0.062739,0.040443,-0.067063,-0.489217,0.676277,-0.55074,-0.853441,-0.501329,0.142499,-0.179734,0.539737,0.822422,-0.000198,-0.000441,-0.000357,-0.000301,-0.104306,0.169329,0.282147
172,0.051142,0.031065,0.349548,-0.4194,0.717726,-0.555894,-0.903052,-0.392434,0.174542,-0.092364,0.57431,0.813427,-0.000409,-0.000913,-0.000744,-0.041522,-0.049623,-0.030592,0.361395,-0.132991,0.074271,0.346499,0.842526,0.470363,-0.26249,-0.415766,0.877758,0.237939,0.34125,-0.091943,0.935392,-0.003175,0.021329,0.026443,-0.043177,0.056787,-0.086966,-1.408659,0.026884,0.055919,-0.010023,-0.798188,-0.55789,-0.227274,0.523585,-0.82906,0.19626,-0.297915,0.037655,0.953849,-0.001552,0.010308,0.01302,-0.029837,-0.041382,0.051704,-0.804004,0.062728,0.040415,-0.067079,-0.489717,0.674452,-0.55253,-0.853258,-0.501013,0.144689,-0.179239,0.542308,0.820837,-0.000253,-0.000569,-0.000462,-0.033926,-0.043245,-0.029165,0.288515
173,0.051157,0.031055,0.349528,-0.419382,0.717724,-0.55591,-0.903057,-0.392436,0.17451,-0.092394,0.574311,0.813423,-0.000391,-0.000874,-0.000712,-0.000607,-0.000725,-0.000447,0.365408,-0.133044,0.074685,0.347043,0.842478,0.470422,-0.262536,-0.415556,0.877659,0.238666,0.34162,-0.092581,0.935194,-0.003403,0.022882,0.027223,-0.029712,-0.041461,0.051182,-1.408753,0.026856,0.056136,-0.00974,-0.798122,-0.557985,-0.22727,0.523439,-0.828965,0.197045,-0.298347,0.038304,0.953688,-0.001765,0.011757,0.013797,-0.029841,-0.041363,0.051621,-0.803841,0.062735,0.04041,-0.067089,-0.489707,0.67451,-0.552469,-0.853245,-0.501076,0.144549,-0.179329,0.542179,0.820903,-0.000245,-0.000546,-0.000444,0.007593,0.007805,0.003655,0.292108
174,0.051229,0.031058,0.349508,-0.419073,0.717735,-0.556129,-0.903187,-0.392237,0.174287,-0.092528,0.574433,0.813322,0.000217,0.000486,0.000396,-0.0,-0.0,-0.0,0.375196,-0.133171,0.075462,0.348192,0.84092,0.472447,-0.263893,-0.418536,0.876984,0.235923,0.341823,-0.088555,0.93551,-0.003332,0.022408,0.026705,0.504632,-0.248919,-0.112749,-1.40857,0.026793,0.056524,-0.009171,-0.797172,-0.559037,-0.228022,0.524729,-0.828322,0.196318,-0.298624,0.03685,0.953658,-0.000774,0.004814,0.016691,-0.078643,-0.029735,0.027088,-0.801555,0.06277,0.040409,-0.067101,-0.489377,0.674625,-0.55262,-0.853398,-0.500903,0.144243,-0.179499,0.542195,0.820855,0.000152,0.000341,0.000278,0.000111,0.000179,0.000132,0.303212
175,0.051282,0.031079,0.349528,-0.419733,0.716072,-0.557772,-0.902942,-0.391938,0.176213,-0.091916,0.576707,0.81178,0.000263,0.000588,0.000479,-0.018404,-0.022029,-0.013583,0.386122,-0.133114,0.075815,0.349291,0.839933,0.474168,-0.263948,-0.420237,0.876105,0.236166,0.342162,-0.088057,0.935433,-0.000295,0.001272,0.028499,-0.062847,-0.018412,0.006702,-1.408369,0.026818,0.056722,-0.008614,-0.795211,-0.561441,-0.228956,0.527898,-0.826839,0.194059,-0.298263,0.033453,0.953896,0.005509,0.001557,0.014335,-0.083957,-0.027045,0.030008,-0.802208,0.062797,0.040421,-0.06709,-0.489842,0.672753,-0.554488,-0.853227,-0.500561,0.146428,-0.179045,0.544831,0.819207,0.000163,0.000366,0.000295,0.001135,-0.002381,-0.004837,0.317091
176,0.051299,0.031087,0.349548,-0.41967,0.716082,-0.557807,-0.902973,-0.391876,0.176195,-0.091906,0.576737,0.81176,0.000406,0.000908,0.000739,-0.000269,-0.000322,-0.000199,0.389513,-0.133049,0.07577,0.349844,0.83917,0.47499,-0.264895,-0.421334,0.87582,0.235266,0.342684,-0.086433,0.935393,0.013241,-0.012223,0.033903,-0.082453,-0.030662,0.011574,-1.408509,0.02685,0.0567,-0.008327,-0.794424,-0.562132,-0.229994,0.528883,-0.826437,0.193091,-0.298618,0.031756,0.953843,0.006659,-0.0065,0.016731,-0.112438,-0.022092,0.004099,-0.802045,0.062806,0.040425,-0.067081,-0.489751,0.672903,-0.554385,-0.853266,-0.500556,0.14622,-0.179109,0.54465,0.819313,0.000255,0.00057,0.000464,0.005451,0.005714,0.002773,0.323786
177,0.051301,0.031146,0.349582,-0.419456,0.716081,-0.55797,-0.903064,-0.39173,0.176053,-0.091991,0.576837,0.81168,0.000441,0.000986,0.000802,-0.0,-0.0,-0.0,0.393936,-0.13274,0.075335,0.350986,0.836926,0.477431,-0.267593,-0.42492,0.87502,0.23177,0.34374,-0.080886,0.935501,0.013879,-0.016586,0.031473,-0.010721,-0.041132,-0.037842,-1.408203,0.027,0.056486,-0.007769,-0.792162,-0.56413,-0.232887,0.532073,-0.825276,0.189256,-0.298961,0.026008,0.95391,0.006876,-0.007998,0.015895,-0.025296,-0.054163,-0.030565,-0.804494,0.062807,0.040455,-0.067063,-0.489519,0.672977,-0.554501,-0.853376,-0.500426,0.14602,-0.179219,0.544678,0.819271,0.00027,0.000602,0.00049,-0.00026,-0.104175,0.169499,0.332604
178,0.051243,0.031206,0.349639,-0.419267,0.716081,-0.55811,-0.903148,-0.391572,0.175969,-0.092017,0.576943,0.811601,0.000261,0.000583,0.000474,-0.0,-0.0,-0.0,0.398089,-0.132353,0.07479,0.352072,0.835434,0.48011,-0.267464,-0.429246,0.873989,0.227653,0.341998,-0.076002,0.936549,0.014419,-0.020204,0.029496,-0.026213,-0.035787,-0.032403,-1.40857,0.027193,0.056214,-0.007226,-0.790314,-0.566727,-0.232858,0.536137,-0.823629,0.184904,-0.296579,0.021289,0.95477,0.000683,-0.005157,0.010984,-0.016779,-0.027888,-0.056853,-0.804657,0.062779,0.040486,-0.067034,-0.489326,0.673006,-0.554636,-0.853479,-0.500275,0.145937,-0.179255,0.544781,0.819194,0.000143,0.00032,0.000261,-3.1e-05,1.7e-05,6e-05,0.337992
179,0.051234,0.031209,0.349641,-0.418435,0.71611,-0.558698,-0.903512,-0.39095,0.175487,-0.092241,0.577328,0.811302,-0.000256,-0.000572,-0.000465,-0.000328,-0.104314,0.169349,0.402558,-0.132184,0.074193,0.352909,0.836182,0.48224,-0.26122,-0.433397,0.872942,0.223772,0.33488,-0.074526,0.939236,0.000498,-0.003791,0.011754,0.045869,-0.143968,0.145393,-1.408304,0.027283,0.055909,-0.006801,-0.790401,-0.569195,-0.226454,0.540046,-0.821939,0.181012,-0.289162,0.020777,0.957054,0.00114,-0.008201,0.009315,-0.025751,-0.028636,-0.046914,-0.803024,0.062775,0.040489,-0.067032,-0.48861,0.673128,-0.555119,-0.853842,-0.499773,0.145528,-0.179475,0.545091,0.81894,-0.000217,-0.000482,-0.000393,-1.1e-05,1e-06,4e-05,0.344524
180,0.051231,0.031202,0.349635,-0.418208,0.716119,-0.558857,-0.90361,-0.390781,0.175356,-0.092302,0.577432,0.811221,-4.7e-05,-0.000106,-8.6e-05,-0.0,-0.0,-0.0,0.403333,-0.132148,0.073931,0.35319,0.836287,0.482787,-0.25987,-0.43485,0.872772,0.221605,0.332733,-0.072945,0.940123,0.000996,-0.007132,0.009915,0.243143,-0.108972,-0.091217,-1.408261,0.027301,0.05578,-0.006659,-0.790715,-0.569369,-0.224915,0.540619,-0.821823,0.179822,-0.287225,0.020594,0.957641,0.001434,-0.010164,0.008238,0.371831,-0.24981,0.036238,-0.80629,0.062772,0.040483,-0.067036,-0.48826,0.673187,-0.555355,-0.85402,-0.499528,0.145327,-0.179584,0.545242,0.818816,-3.3e-05,-7.1e-05,-5.8e-05,-1.6e-05,3e-06,3.2e-05,0.347137
181,0.051283,0.031213,0.349608,-0.418783,0.714434,-0.560579,-0.903396,-0.39046,0.177167,-0.091796,0.57973,0.809638,-0.0,-0.0,-0.0,-0.000268,-0.000323,-0.000199,0.407465,-0.132124,0.073584,0.353395,0.836897,0.483297,-0.256943,-0.435493,0.872361,0.221961,0.330358,-0.074487,0.940839,0.000289,-0.001943,-0.001073,5.9e-05,-2.2e-05,-2e-05,-1.408378,0.027313,0.055605,-0.006552,-0.79071,-0.570421,-0.222253,0.5419,-0.821073,0.179395,-0.284816,0.021411,0.958342,0.000215,-0.001496,-0.000827,-0.00416,-0.000535,0.001944,-0.803187,0.062798,0.040488,-0.06705,-0.48861,0.671436,-0.557166,-0.853878,-0.49922,0.147207,-0.179308,0.547679,0.817248,1e-06,0.0,-0.0,0.00545,0.005702,0.00277,0.351709
182,0.051347,0.031227,0.349584,-0.418607,0.714432,-0.560715,-0.903465,-0.390376,0.177001,-0.09192,0.57979,0.809581,3e-06,6e-06,5e-06,-0.0,-0.0,-0.0,0.412452,-0.132015,0.073316,0.353273,0.836778,0.484894,-0.254305,-0.438302,0.871625,0.219303,0.326935,-0.072673,0.942176,0.001315,-0.008814,-0.004876,0.27407,-0.084641,-0.119017,-1.408368,0.027366,0.055479,-0.006609,-0.790805,-0.571433,-0.219295,0.543491,-0.820368,0.177797,-0.281501,0.021418,0.959321,0.000664,-0.004452,-0.002466,0.532435,-0.171669,-0.122029,-0.80482,0.06283,0.040496,-0.067062,-0.488416,0.671503,-0.557255,-0.853959,-0.499149,0.146983,-0.179454,0.547662,0.817228,-1e-06,-2e-06,-3e-06,4.9e-05,0.000112,0.000131,0.358404
183,0.051361,0.031238,0.349581,-0.418435,0.714433,-0.560841,-0.903537,-0.390263,0.176881,-0.091992,0.579864,0.80952,4.3e-05,9.6e-05,7.8e-05,-0.0,-0.0,-0.0,0.415254,-0.131974,0.07316,0.353165,0.836712,0.48517,-0.254,-0.43859,0.871464,0.21937,0.326722,-0.072775,0.942242,0.001483,-0.009935,-0.005506,0.002523,0.014487,-0.025352,-1.408022,0.027388,0.055391,-0.006669,-0.790201,-0.572218,-0.219427,0.544675,-0.819857,0.176525,-0.280909,0.019974,0.959526,0.000781,-0.005227,-0.0029,-0.015809,0.019883,-0.028479,-0.80482,0.062837,0.040501,-0.067063,-0.488242,0.671529,-0.557376,-0.854042,-0.499042,0.146862,-0.179532,0.547727,0.817167,1.9e-05,4.3e-05,3.3e-05,-4e-05,2.4e-05,7e-05,0.36167
184,0.051361,0.031238,0.349581,-0.417825,0.714453,-0.561269,-0.903803,-0.389809,0.176525,-0.092156,0.580144,0.8093,0.0,0.0,0.0,-0.0,-0.0,-0.0,0.420692,-0.131811,0.07289,0.352985,0.836571,0.485777,-0.253303,-0.439204,0.871101,0.219582,0.326259,-0.073073,0.942379,0.012363,-0.00472,-0.003481,-0.000184,0.001018,0.005534,-1.408498,0.027462,0.055249,-0.006762,-0.789963,-0.572831,-0.218683,0.545222,-0.819416,0.176888,-0.280519,0.020504,0.959629,0.000495,-0.003296,-0.001834,-0.018327,0.128551,-0.186087,-0.804494,0.062837,0.040501,-0.067063,-0.487628,0.671632,-0.557789,-0.854352,-0.498614,0.146509,-0.179722,0.54799,0.816949,-1e-06,-4e-06,-6e-06,-4.9e-05,-7e-06,4.9e-05,0.369508
185,0.051352,0.031249,0.349577,-0.417225,0.714466,-0.5617,-0.904061,-0.389377,0.176157,-0.092343,0.580418,0.809082,0.0,0.0,0.0,-0.0,-0.0,-0.0,0.421741,-0.131583,0.072898,0.352837,0.837282,0.486167,-0.250183,-0.440183,0.870841,0.218651,0.323108,-0.073575,0.943425,0.000313,-0.002083,-0.001159,0.0,-0.0,-0.0,-1.408122,0.027585,0.055247,-0.00684,-0.790488,-0.573293,-0.215551,0.546056,-0.819071,0.175908,-0.277398,0.02135,0.960517,-0.000639,0.004517,-0.004444,0.033963,0.008156,-0.00336,-0.80531,0.062833,0.040507,-0.067065,-0.487023,0.671725,-0.558204,-0.854652,-0.498207,0.146142,-0.179935,0.548245,0.816731,-0.0,-0.0,-3e-06,-4.6e-05,-0.0,4.3e-05,0.37359
186,0.051346,0.031269,0.349566,-0.417696,0.712773,-0.563498,-0.903894,-0.388959,0.177926,-0.091845,0.582774,0.807444,0.0,0.0,0.0,-0.340707,-0.411981,-0.254182,0.424884,-0.131481,0.072975,0.352798,0.837203,0.486549,-0.249705,-0.44062,0.870621,0.218646,0.322718,-0.073655,0.943552,-0.000186,0.001233,0.000686,-0.01542,0.112047,-0.163577,-1.408216,0.027636,0.055284,-0.00686,-0.790359,-0.573645,-0.215088,0.546438,-0.818821,0.175885,-0.277014,0.02148,0.960625,-0.000122,0.000813,0.000448,-0.015551,0.112134,-0.162945,-0.807107,0.062829,0.040516,-0.067071,-0.486637,0.671529,-0.558776,-0.854844,-0.497881,0.146135,-0.180071,0.548781,0.816341,2e-06,-0.0,-5e-06,-0.340703,-0.411972,-0.254203,0.377182
187,0.051346,0.031269,0.349566,-0.417574,0.712776,-0.563584,-0.903947,-0.388868,0.177854,-0.091877,0.58283,0.8074,0.0,0.0,0.0,-0.004979,-0.006023,-0.003716,0.425856,-0.131373,0.073012,0.352831,0.837211,0.486565,-0.249648,-0.44062,0.870606,0.218709,0.322699,-0.073735,0.943553,0.011185,0.003138,0.000887,0.002045,-0.015205,0.029245,-1.408492,0.027686,0.055304,-0.006843,-0.790359,-0.573672,-0.215016,0.546447,-0.8188,0.175955,-0.276996,0.021573,0.960628,-0.000148,0.000988,0.000546,-0.015511,0.112116,-0.163059,-0.80727,0.062829,0.040516,-0.067071,-0.48717,0.6699,-0.560265,-0.854625,-0.497692,0.148043,-0.179666,0.550939,0.814975,1e-06,-0.0,-2e-06,0.012588,0.012251,0.004942,0.378815
188,0.051341,0.031294,0.349561,-0.417433,0.712767,-0.5637,-0.904003,-0.388794,0.177734,-0.091968,0.582891,0.807346,0.000577,0.00129,0.001049,-5.1e-05,-0.015124,0.024533,0.430186,-0.131139,0.073081,0.352893,0.837126,0.486979,-0.249126,-0.440994,0.870345,0.218994,0.322408,-0.074093,0.943624,-0.000331,0.00218,0.001213,0.0,-0.0,-0.0,-1.40857,0.027807,0.05534,-0.006811,-0.790219,-0.574049,-0.214523,0.546773,-0.818526,0.176219,-0.276751,0.021957,0.96069,0.005488,0.002251,0.00082,0.001955,-0.015142,0.029603,-0.807923,0.062826,0.040526,-0.067076,-0.487004,0.670049,-0.560232,-0.854688,-0.497672,0.147745,-0.179816,0.550777,0.815052,-0.0,0.0,-1e-06,0.000374,0.00048,0.000323,0.383224
189,0.051322,0.0313,0.349564,-0.417232,0.71277,-0.563846,-0.904091,-0.388644,0.177617,-0.092022,0.582987,0.80727,0.0,0.0,0.0,-0.0,-0.0,-0.0,0.43198,-0.130963,0.073357,0.35303,0.837104,0.487162,-0.248839,-0.441177,0.870229,0.219086,0.322215,-0.074246,0.943678,-0.001373,0.008994,0.004991,-0.013216,0.095784,-0.13989,-1.408456,0.027897,0.055468,-0.006748,-0.790206,-0.57414,-0.21433,0.546857,-0.818459,0.176271,-0.276624,0.022083,0.960724,0.004983,0.005513,0.002627,0.004219,-0.0314,0.053191,-0.80776,0.062818,0.040532,-0.067072,-0.48678,0.670088,-0.560381,-0.854802,-0.497516,0.147614,-0.179885,0.550871,0.814973,-2e-06,-5e-06,-3e-06,-5.5e-05,2.3e-05,6.6e-05,0.387633
190,0.051316,0.031309,0.349571,-0.416991,0.712776,-0.564017,-0.904195,-0.388465,0.177477,-0.092087,0.5831,0.807181,0.000256,0.000572,0.000466,-0.0,-0.0,-0.0,0.432466,-0.130929,0.073598,0.353137,0.837109,0.487188,-0.248775,-0.441219,0.870216,0.219052,0.322145,-0.074236,0.943703,-0.001837,0.012013,0.006653,-0.010981,0.079559,-0.116181,-1.408531,0.027915,0.055578,-0.006695,-0.790188,-0.574203,-0.214228,0.546923,-0.818413,0.176276,-0.276545,0.022125,0.960745,0.004841,0.006405,0.003118,0.004229,-0.031401,0.053145,-0.808086,0.062814,0.040536,-0.067069,-0.486537,0.670126,-0.560546,-0.854924,-0.497348,0.147475,-0.17996,0.550977,0.814885,0.00017,0.000381,0.000308,-5.5e-05,1.2e-05,6e-05,0.388613
191,0.05131,0.031327,0.349572,-0.416373,0.712786,-0.564459,-0.90446,-0.38802,0.177097,-0.092278,0.583382,0.806956,1.2e-05,2.6e-05,2.1e-05,-0.000348,-0.10437,0.169315,0.433974,-0.131015,0.074044,0.353406,0.836948,0.487767,-0.248178,-0.441773,0.869863,0.219339,0.321805,-0.074568,0.943792,-0.001853,0.012124,0.006684,-0.013219,0.095784,-0.13989,-1.408027,0.02787,0.055817,-0.006557,-0.789954,-0.574724,-0.213692,0.547412,-0.818038,0.1765,-0.276247,0.02245,0.960824,-0.000979,0.006381,0.003517,0.002193,-0.016208,0.023835,-0.80825,0.062812,0.040546,-0.067068,-0.486036,0.670201,-0.560891,-0.855171,-0.497014,0.147168,-0.180139,0.551187,0.814703,3e-06,4e-06,4e-06,-2.7e-05,1e-06,5.1e-05,0.390572
192,0.051282,0.031336,0.349577,-0.416069,0.71279,-0.564678,-0.904591,-0.387795,0.176922,-0.09236,0.583527,0.806841,0.0,0.0,0.0,-0.0,-0.0,-0.0,0.43432,-0.131095,0.074326,0.353761,0.837236,0.489377,-0.244004,-0.443678,0.868811,0.21966,0.318427,-0.076281,0.944801,-0.001343,0.008794,0.004827,-0.015444,0.111935,-0.163652,-1.408109,0.027828,0.055968,-0.006374,-0.789841,-0.576406,-0.209537,0.549191,-0.816795,0.176732,-0.273018,0.024514,0.961696,4.8e-05,-0.000639,0.00656,-0.035027,-0.010547,0.004679,-0.808086,0.062797,0.04055,-0.067065,-0.485607,0.670266,-0.561184,-0.855387,-0.496715,0.146922,-0.180272,0.551376,0.814546,-2e-06,-4e-06,-4e-06,-3.9e-05,-2e-06,3.2e-05,0.391878
193,0.051242,0.031339,0.349591,-0.415676,0.712801,-0.564954,-0.904764,-0.387486,0.176714,-0.09244,0.583718,0.806694,0.0,0.0,0.0,-0.0,-0.0,-0.0,0.433014,-0.131164,0.074246,0.354044,0.83695,0.490243,-0.243246,-0.444267,0.86823,0.220765,0.318359,-0.077337,0.944738,0.001305,-0.009129,0.008817,-0.036491,0.007935,-0.019407,-1.408333,0.027796,0.055943,-0.006235,-0.789394,-0.577299,-0.208764,0.549833,-0.816132,0.177795,-0.27302,0.025565,0.961668,-0.00022,0.001409,0.00077,-3.1e-05,-1.8e-05,7.7e-05,-0.80825,0.062782,0.04055,-0.067059,-0.485191,0.670336,-0.561461,-0.855601,-0.49641,0.146703,-0.180375,0.551566,0.814394,-1e-06,-1e-06,-2e-06,-2.7e-05,0.0,3.2e-05,0.391878
194,0.051237,0.031356,0.349591,-0.415424,0.712801,-0.565139,-0.90487,-0.387314,0.176548,-0.092533,0.583832,0.8066,0.000218,0.000487,0.000396,-0.0,-0.0,-0.0,0.433747,-0.131162,0.074168,0.354178,0.836902,0.490338,-0.243218,-0.444214,0.868141,0.221218,0.318557,-0.077731,0.944638,0.00098,-0.006996,0.009987,-0.034257,-0.008262,0.004321,-1.408541,0.027795,0.055891,-0.00617,-0.789313,-0.577431,-0.208704,0.54983,-0.816025,0.178293,-0.273259,0.025978,0.961589,-0.000256,0.001654,0.000904,-3.2e-05,1e-05,5.4e-05,-0.809066,0.062774,0.040559,-0.067059,-0.484957,0.670365,-0.561629,-0.855713,-0.496263,0.14655,-0.180474,0.551664,0.814306,0.000171,0.000382,0.000312,-2.7e-05,1.2e-05,2.4e-05,0.391552
195,0.051228,0.031367,0.349587,-0.414823,0.71281,-0.565569,-0.905127,-0.386883,0.176177,-0.092719,0.584107,0.806381,0.0,0.0,0.0,-0.0,-0.0,-0.0,0.433873,-0.131145,0.074155,0.354501,0.836877,0.490299,-0.243384,-0.4439,0.868107,0.221985,0.31906,-0.07837,0.944416,-0.001263,0.008282,0.004522,0.00223,-0.01617,0.023748,-1.408606,0.027804,0.055875,-0.006008,-0.789303,-0.577381,-0.208876,0.549544,-0.816041,0.1791,-0.273861,0.026578,0.961401,-0.000654,0.004251,0.00232,0.002209,-0.016165,0.023779,-0.811352,0.062771,0.040566,-0.06706,-0.484352,0.670455,-0.562043,-0.856011,-0.495857,0.146182,-0.180685,0.551919,0.814087,-1e-06,-5e-06,-3e-06,-5e-06,1e-05,3.1e-05,0.391878
196,0.051221,0.031346,0.349583,-0.414503,0.712825,-0.565785,-0.905267,-0.386631,0.176009,-0.092778,0.584256,0.806266,-0.000257,-0.000574,-0.000467,-0.0,-0.0,-0.0,0.434379,-0.131162,0.074193,0.354843,0.836806,0.490416,-0.243391,-0.443748,0.867979,0.222789,0.319456,-0.079061,0.944225,-0.000907,0.005954,0.003241,-0.015366,0.111463,-0.163981,-1.408111,0.027795,0.0559,-0.005834,-0.789267,-0.57739,-0.208993,0.549328,-0.816016,0.179877,-0.2744,0.027165,0.961231,0.000301,-0.002298,0.005645,-0.034266,-0.008247,0.004344,-0.811025,0.062768,0.040556,-0.067062,-0.48403,0.670513,-0.562251,-0.856178,-0.495619,0.146015,-0.180758,0.552063,0.813973,-0.00017,-0.000378,-0.000309,-2.6e-05,-5e-06,1.1e-05,0.392368
