frame,MLTx,MLTy,MLTz,MLTR1,MLTR2,MLTR3,MLTR4,MLTR5,MLTR6,MLTR7,MLTR8,MLTR9,MLTTVx,MLTTVy,MLTTVz,MLTRVx,MLTRVy,MLTRVz,MLGA,MRTx,MRTy,MRTz,MRTR1,MRTR2,MRTR3,MRTR4,MRTR5,MRTR6,MRTR7,MRTR8,MRTR9,MRTTVx,MRTTVy,MRTTVz,MRTRVx,MRTRVy,MRTRVz,MRGA,SLTx,SLTy,SLTz,SLTR1,SLTR2,SLTR3,SLTR4,SLTR5,SLTR6,SLTR7,SLTR8,SLTR9,SLTTVx,SLTTVy,SLTTVz,SLTRVx,SLTRVy,SLTRVz,SLGA,SRTx,SRTy,SRTz,SRTR1,SRTR2,SRTR3,SRTR4,SRTR5,SRTR6,SRTR7,SRTR8,SRTR9,SRTTVx,SRTTVy,SRTTVz,SRTRVx,SRTRVy,SRTRVz,SRGA
1,0.054689,-0.007846,0.356771,-0.348236,-0.162895,-0.923169,0.259482,-0.963046,0.071992,-0.90035,-0.214281,0.378787,0.01678,0.003326,0.004157,0.021936,0.061475,0.100897,0.38593,-0.094833,0.023346,0.334813,0.596472,0.1098,0.795083,-0.242116,0.969027,0.047959,-0.765917,-0.221258,0.603555,4.5e-05,-0.000185,-0.000154,0.0,0.0,-0.0,-0.862259,0.045543,0.033003,-0.013538,-0.449945,-0.213747,0.867099,0.344707,-0.937258,-0.052171,0.823848,0.275421,0.495395,2e-05,-8.3e-05,-6.9e-05,-0.000634,-0.001172,0.000553,-0.865565,0.063845,0.018826,-0.060982,-0.355959,-0.078037,-0.931237,0.07108,-0.99588,0.056284,-0.931793,-0.046158,0.360039,0.001459,0.003451,0.003164,0.016957,0.062256,0.064552,0.361343
2,0.055292,-0.00786,0.356925,-0.35252,-0.156354,-0.922675,0.258603,-0.963816,0.064466,-0.898931,-0.215695,0.381348,0.028681,-0.004811,-0.002237,0.021454,0.05774,0.103744,0.254546,-0.094825,0.023311,0.334797,0.596413,0.109875,0.795117,-0.242195,0.96901,0.047909,-0.765938,-0.221296,0.603514,0.000111,-0.000451,-0.000376,-0.0,0.0,0.0,-0.85965,0.045547,0.032986,-0.013546,-0.449883,-0.213817,0.867113,0.344782,-0.937228,-0.052224,0.82385,0.275471,0.495363,0.0011,-0.005864,0.003737,-0.051658,0.109889,-0.189404,-0.865891,0.064135,0.018833,-0.060894,-0.35877,-0.070885,-0.93073,0.070221,-0.996336,0.048813,-0.93078,-0.047844,0.362433,0.007571,-0.000246,0.000311,0.029166,-0.006631,0.283186,0.266961
3,0.055814,-0.00802,0.356901,-0.35494,-0.154025,-0.922139,0.258024,-0.964154,0.061669,-0.898142,-0.215861,0.383108,0.040401,-0.020838,0.002709,0.083716,0.494197,0.338766,0.113802,-0.094814,0.023305,0.334803,0.596511,0.109766,0.795058,-0.242127,0.969021,0.048023,-0.765884,-0.2213,0.603582,2e-06,-8e-06,-6e-06,-0.0,0.0,0.0,-0.851865,0.045553,0.032982,-0.013543,-0.449999,-0.213718,0.867078,0.344736,-0.937251,-0.052103,0.823806,0.275467,0.495439,-6e-06,2.1e-05,1.6e-05,-0.000115,2e-06,-3.9e-05,-0.865564,0.064418,0.01875,-0.060906,-0.358525,-0.069138,-0.930956,0.069548,-0.99646,0.047218,-0.930925,-0.047818,0.362064,0.020112,-0.010623,0.001152,0.079945,0.480091,0.330809,0.136002
4,0.057124,-0.008456,0.356852,-0.357227,-0.150403,-0.921853,0.256761,-0.964727,0.057843,-0.897594,-0.215854,0.384394,0.0426,-0.008148,-0.004281,0.00884,-0.033664,0.126363,-0.162838,-0.094813,0.023293,0.334833,0.596608,0.109674,0.794998,-0.242109,0.969019,0.048154,-0.765814,-0.221354,0.603651,-0.000146,0.000596,0.000497,-0.0,0.0,0.0,-0.810241,0.045553,0.032976,-0.013529,-0.450112,-0.213637,0.867039,0.344743,-0.937257,-0.05197,0.823741,0.275513,0.495521,-8.3e-05,0.000338,0.000282,-6.9e-05,7e-06,-4.5e-05,-0.858053,0.065069,0.018523,-0.060939,-0.362412,-0.064053,-0.929814,0.06833,-0.996776,0.042033,-0.929509,-0.048301,0.36562,0.021294,-0.004084,-0.002171,0.000551,-0.06838,0.108922,-0.177189
5,0.058279,-0.008649,0.356937,-0.366736,-0.141802,-0.919479,0.255549,-0.965641,0.046938,-0.894088,-0.21759,0.39152,0.029743,-0.002097,0.000159,0.094359,0.402237,0.279455,-0.524031,-0.094816,0.023307,0.334844,0.594629,0.111121,0.796279,-0.242282,0.969089,0.045834,-0.767296,-0.220329,0.602142,-5.9e-05,0.000242,0.000202,0.0,0.0,-0.0,-0.691452,0.045551,0.032984,-0.013522,-0.447805,-0.214923,0.867915,0.344557,-0.937193,-0.054303,0.825076,0.274729,0.493733,-3.5e-05,0.000142,0.000119,-0.00085,-0.001229,0.001205,-0.821639,0.065624,0.018427,-0.060897,-0.368234,-0.054861,-0.928112,0.067198,-0.997216,0.032284,-0.927301,-0.05048,0.370895,0.0144,-0.005905,0.004897,0.088718,0.436746,0.523205,-0.430616
6,0.058872,-0.008765,0.356997,-0.368414,-0.13639,-0.919627,0.254665,-0.966136,0.041208,-0.893649,-0.218854,0.391818,0.029672,-0.002224,2.3e-05,0.106373,-0.053455,0.342694,-0.788451,-0.094826,0.023348,0.334865,0.590772,0.113886,0.798755,-0.242484,0.969242,0.041296,-0.770203,-0.218236,0.599185,-0.002561,0.013194,-0.006253,0.039018,-0.000658,0.016866,-0.575192,0.045548,0.032997,-0.013512,-0.443279,-0.217404,0.869619,0.344085,-0.93709,-0.058878,0.827712,0.273124,0.490198,-0.000314,0.001279,0.001066,0.008591,-0.005954,0.015629,-0.777551,0.065932,0.01837,-0.060865,-0.370983,-0.0484,-0.927376,0.06635,-0.997469,0.025515,-0.926265,-0.052066,0.373256,0.014132,-0.006557,0.004289,0.283151,-0.362214,0.83659,-0.578231
7,0.060636,-0.009329,0.357025,-0.376677,-0.103985,-0.920514,0.21729,-0.975861,0.021264,-0.900039,-0.191888,0.391327,0.056079,-0.012358,-0.00726,-1.471707,0.224212,0.893328,-1.726616,-0.094884,0.023503,0.334997,0.584549,0.118542,0.802646,-0.24316,0.969353,0.034069,-0.77472,-0.215247,0.594423,-0.001252,0.005103,0.004247,-0.015461,0.10488,-0.168258,-0.285937,0.045518,0.033078,-0.013449,-0.436114,-0.221494,0.872206,0.343601,-0.936786,-0.06609,0.83171,0.270868,0.484651,-0.000674,0.002744,0.002285,-0.018103,0.100859,-0.164278,-0.619649,0.066806,0.018097,-0.060844,-0.372074,-0.015761,-0.928069,0.029882,-0.99954,0.004995,-0.927721,-0.025874,0.372373,0.027398,-0.011274,0.000837,-5.044224,0.331112,2.609304,-0.843905
8,0.062589,-0.010055,0.357153,-0.389141,-0.081045,-0.91763,0.207468,-0.978226,-0.001642,-0.897035,-0.190925,0.398626,0.042807,-0.014786,0.007967,0.036756,0.190897,0.438385,-1.91504,-0.095106,0.023731,0.335195,0.581351,0.124027,0.804139,-0.249456,0.967849,0.031211,-0.775121,-0.218909,0.592561,-0.001618,0.00661,0.005487,-0.001,-0.015324,0.021993,-0.00399,0.045408,0.033191,-0.013351,-0.432204,-0.226667,0.872823,0.349209,-0.934445,-0.069749,0.831415,0.274652,0.483025,-0.008348,0.007285,-0.001665,0.024422,-0.004475,0.010094,-0.33389,0.067784,0.017725,-0.060795,-0.380914,0.009971,-0.924556,0.018502,-0.999659,-0.018403,-0.924425,-0.024116,0.380599,0.021368,-0.007479,0.003878,0.043227,0.223816,0.452044,-0.807654
9,0.063482,-0.010306,0.357329,-0.400477,-0.069788,-0.91367,0.204911,-0.978649,-0.015123,-0.892611,-0.193199,0.407366,0.043873,-0.012011,0.010445,0.103038,0.55213,0.621514,-1.915474,-0.095338,0.023844,0.335251,0.574962,0.142936,0.805592,-0.283871,0.958269,0.03272,-0.767996,-0.247687,0.590505,-0.01435,0.002304,0.003686,-1.356486,-0.024609,-1.006426,0.083498,0.04529,0.033254,-0.013318,-0.42376,-0.244314,0.872202,0.381844,-0.921372,-0.072569,0.821353,0.302294,0.483731,-0.00718,0.00117,0.001861,-1.355313,-0.06251,-1.049218,-0.198359,0.068246,0.017592,-0.060705,-0.388937,0.022807,-0.920981,0.016105,-0.999372,-0.03155,-0.921123,-0.027104,0.388325,0.022026,-0.005772,0.005403,0.123255,0.664884,0.6764,-0.822514
10,0.065728,-0.010897,0.357752,-0.417773,-0.047794,-0.907319,0.197951,-0.979397,-0.039614,-0.886214,-0.196103,0.419757,0.072465,-0.01639,0.008198,0.098269,0.527721,0.714448,-1.915716,-0.09619,0.024105,0.335134,0.560996,0.187716,0.806248,-0.367653,0.929082,0.039644,-0.742309,-0.318904,0.589186,-0.028861,0.008182,-0.006886,-0.128344,0.079746,-0.052396,0.186845,0.044864,0.033386,-0.013375,-0.405331,-0.287527,0.867775,0.462812,-0.883153,-0.076447,0.788359,0.370631,0.491041,-0.014394,0.003916,-0.003569,-0.12119,0.072538,-0.065134,-0.009269,0.069343,0.017305,-0.060494,-0.401078,0.046826,-0.914845,0.009799,-0.998415,-0.0554,-0.915991,-0.031185,0.399984,0.029129,-0.006913,0.004766,-0.005244,-0.036338,0.356178,-0.823657
11,0.068496,-0.011451,0.358163,-0.430432,-0.029761,-0.902157,0.190728,-0.97987,-0.058733,-0.881715,-0.197318,0.428568,0.07479,-0.002239,0.002286,0.117542,0.607865,0.556287,-1.915261,-0.097464,0.024285,0.334698,0.557506,0.223209,0.799598,-0.43346,0.899679,0.05122,-0.708625,-0.375435,0.597296,-0.04049,-0.000561,-0.012387,-1.67958,-0.474139,-0.709228,0.24354,0.04424,0.033482,-0.013584,-0.399344,-0.32146,0.858596,0.524762,-0.848074,-0.073446,0.751763,0.421229,0.507363,-0.014489,0.006,-0.010469,-5.576473,-2.007225,-1.621019,0.090502,0.070703,0.017025,-0.060292,-0.409768,0.066432,-0.909766,0.003116,-0.997236,-0.074223,-0.912183,-0.033249,0.408428,0.03728,-0.001421,0.000833,0.040515,0.128258,0.281568,-0.829208
12,0.071283,-0.011437,0.35838,-0.446048,-0.014683,-0.894914,0.185352,-0.979686,-0.076369,-0.87506,-0.199928,0.440823,0.077345,0.013099,-0.002632,0.104841,0.320885,0.436517,-1.914451,-0.099024,0.024365,0.333974,0.537939,0.269885,0.798608,-0.508396,0.859506,0.052132,-0.672989,-0.434396,0.598539,-0.039721,-0.003818,-0.015124,-0.393697,0.119246,-0.540608,0.320901,0.043446,0.033518,-0.013954,-0.375541,-0.36635,0.851325,0.595946,-0.798936,-0.080919,0.7098,0.476956,0.518358,-0.019799,-0.002156,-0.00774,-0.393416,0.124739,-0.542685,0.187007,0.072147,0.017027,-0.060179,-0.424561,0.085685,-0.901335,-0.002136,-0.995603,-0.09364,-0.905396,-0.037831,0.422877,0.038767,0.006811,-0.00113,0.102496,0.299194,0.425361,-0.827412
13,0.072828,-0.011252,0.358471,-0.457562,-0.006257,-0.889181,0.182452,-0.979339,-0.087056,-0.869697,-0.202067,0.450358,0.077013,0.005289,0.008568,0.068707,0.325423,0.446328,-1.913952,-0.099913,0.024436,0.333503,0.518212,0.302722,0.799879,-0.559167,0.827553,0.049212,-0.64767,-0.473151,0.597088,-0.041338,0.005722,-0.024424,-1.301321,-0.033994,-1.089566,0.362886,0.043032,0.033549,-0.014171,-0.35475,-0.393934,0.847919,0.637656,-0.765194,-0.08872,0.683773,0.509208,0.522647,-0.027197,0.001422,-0.012508,-0.390015,0.148712,-0.590117,0.237627,0.072866,0.01711,-0.060137,-0.434293,0.09561,-0.895682,-0.004594,-0.994572,-0.103939,-0.900759,-0.041026,0.432375,0.038556,0.002753,0.004339,0.095653,0.512972,0.541132,-0.828555
14,0.075632,-0.01083,0.358686,-0.492928,0.013476,-0.869992,0.174608,-0.977986,-0.11414,-0.851766,-0.208196,0.480807,0.07792,0.016627,3e-06,0.210987,1.166373,0.897795,-1.912037,-0.101779,0.0246,0.332551,0.483549,0.351864,0.801475,-0.63523,0.770972,0.04492,-0.602692,-0.531284,0.595284,-0.054446,0.003094,-0.024928,-1.287279,-0.117942,-0.946178,0.433214,0.04209,0.033631,-0.014659,-0.313809,-0.441057,0.840828,0.709285,-0.697616,-0.10122,0.631219,0.564623,0.531754,-0.027157,0.001421,-0.012522,-4.483726,-0.178772,-3.475386,0.340336,0.074294,0.017328,-0.060022,-0.463391,0.12037,-0.87794,-0.011286,-0.991452,-0.129976,-0.886081,-0.050321,0.460789,0.031453,0.004424,0.005286,0.128172,0.851604,0.644125,-0.827739
15,0.07823,-0.010313,0.358883,-0.530125,0.041401,-0.846935,0.165084,-0.974632,-0.151038,-0.831045,-0.219944,0.510897,0.063416,0.018995,0.001095,0.201614,1.212765,0.885897,-1.910316,-0.103987,0.024693,0.331542,0.453769,0.386512,0.802928,-0.688489,0.724058,0.040692,-0.566183,-0.571756,0.593628,-0.054003,0.001104,-0.026664,-1.30514,-0.004763,-1.110843,0.47319,0.04101,0.033682,-0.01515,-0.282923,-0.4704,0.835869,0.753401,-0.648321,-0.109845,0.593583,0.598667,0.537825,-0.02704,0.000775,-0.013111,-0.337867,0.04381,-0.395749,0.420512,0.075599,0.01759,-0.059921,-0.495374,0.154713,-0.854791,-0.019279,-0.985727,-0.167238,-0.868465,-0.066366,0.491287,0.031063,0.003822,0.004626,0.115515,0.855061,0.639011,-0.827902
16,0.080518,-0.009989,0.359229,-0.562661,0.09469,-0.821275,0.107684,-0.976534,-0.186431,-0.818958,-0.193461,0.540284,0.060569,-0.003687,0.017363,-0.277953,1.290891,1.162063,-1.908706,-0.106091,0.024577,0.330439,0.403037,0.429031,0.808384,-0.754948,0.655099,0.028859,-0.51767,-0.622454,0.586882,-0.052909,-0.00429,-0.031276,-1.394821,0.041791,-1.201713,0.445128,0.039931,0.033629,-0.015707,-0.226015,-0.509053,0.83053,0.812555,-0.56877,-0.12749,0.53728,0.646038,0.542184,-0.026362,-0.002423,-0.015789,-4.788185,-0.039453,-3.714658,0.432759,0.076768,0.017761,-0.059746,-0.518136,0.213098,-0.828325,-0.075396,-0.976074,-0.203946,-0.851968,-0.043219,0.521806,0.030264,-0.001916,0.008583,-0.285615,1.269372,1.148988,-0.832148
17,0.081485,-0.00983,0.35943,-0.57888,0.122177,-0.806236,0.072363,-0.977087,-0.200091,-0.811492,-0.17433,0.557779,0.047297,0.008832,0.009418,-1.191588,0.902697,1.728631,-1.907744,-0.107044,0.024576,0.329772,0.361913,0.456525,0.81277,-0.799899,0.599765,0.019441,-0.479024,-0.657737,0.581188,-0.041522,0.008699,-0.0394,-4.494263,-0.004588,-3.429169,0.39368,0.039451,0.033621,-0.01604,-0.184122,-0.530784,0.827264,0.84759,-0.511904,-0.139799,0.497683,0.675442,0.54414,-0.019763,-0.001459,-0.015915,-0.268554,0.227516,-0.573771,0.40353,0.077234,0.017838,-0.059648,-0.529588,0.241934,-0.813021,-0.108347,-0.969906,-0.218043,-0.841306,-0.027385,0.539864,0.023592,0.004377,0.004587,-4.288192,0.340148,3.99307,-0.83721
18,0.083032,-0.00952,0.359791,-0.616605,0.186381,-0.764922,-0.007039,-0.972812,-0.231431,-0.786495,-0.137557,0.602105,0.032319,0.008663,0.008558,0.1565,1.761652,1.067189,-1.905569,-0.108436,0.025218,0.328002,0.294389,0.485616,0.823106,-0.852124,0.523263,-0.003807,-0.432893,-0.700869,0.566788,-0.032077,0.03351,-0.054813,0.508689,0.671854,-0.700964,0.124974,0.038752,0.033928,-0.016923,-0.111013,-0.554578,0.824692,0.890577,-0.423803,-0.165112,0.441075,0.716123,0.540942,-0.009415,0.017883,-0.027286,1.340762,1.790239,-1.726675,0.190762,0.078014,0.017995,-0.059466,-0.554033,0.311919,-0.77185,-0.186501,-0.950093,-0.25008,-0.811334,0.005398,0.584556,0.016035,0.003932,0.003911,0.051975,1.561484,1.008828,-0.845374
19,0.084011,-0.009372,0.359979,-0.649554,0.262293,-0.713671,-0.099109,-0.959783,-0.262614,-0.753047,-0.100184,0.650316,0.015705,0.003049,0.003152,-0.165969,1.847834,1.17635,-1.904918,-0.108578,0.027417,0.325802,0.260141,0.491431,0.831152,-0.866354,0.498804,-0.023628,-0.426494,-0.714534,0.554443,0.014468,0.077203,-0.05904,-0.170921,0.046614,-0.243062,-0.094538,0.038666,0.034994,-0.018034,-0.074923,-0.55659,0.827401,0.898606,-0.397398,-0.185958,0.432311,0.729576,0.52993,0.00731,0.038368,-0.029722,-1.160198,0.059234,-0.91595,-0.117367,0.078512,0.018078,-0.059364,-0.573485,0.392019,-0.719329,-0.273657,-0.919303,-0.282828,-0.772156,0.034652,0.634486,0.014573,-0.000485,0.000123,-1.028487,1.231314,2.007619,-0.84766
20,0.084279,-0.009306,0.359991,-0.663257,0.298389,-0.686367,-0.141387,-0.950494,-0.276665,-0.734119,-0.086835,0.673465,0.015045,0.001034,0.001428,0.077789,1.850142,0.876356,-1.904834,-0.108166,0.029046,0.324673,0.239306,0.492162,0.836959,-0.875525,0.481978,-0.032951,-0.419887,-0.725502,0.545164,0.026629,0.08368,-0.055074,0.163883,0.19266,0.179376,-0.19187,0.038868,0.035807,-0.0186,-0.053151,-0.555769,0.829635,0.90453,-0.378793,-0.195804,0.423082,0.740023,0.522843,0.013315,0.042025,-0.027402,0.122964,0.301805,0.223772,-0.248326,0.078646,0.01811,-0.059359,-0.580734,0.430033,-0.691243,-0.313586,-0.901741,-0.297534,-0.751272,0.043976,0.658524,0.000648,0.001969,0.001659,-0.121107,2.043904,1.478308,-0.847007
21,0.084521,-0.00904,0.359995,-0.684512,0.361832,-0.632904,-0.216888,-0.929868,-0.297116,-0.695175,-0.066567,0.715771,0.002665,0.015904,-0.004386,-0.880135,1.247621,1.679019,-1.90525,-0.106992,0.032589,0.322575,0.210667,0.479089,0.852106,-0.885668,0.462443,-0.040905,-0.413885,-0.746657,0.52064,0.025157,0.088801,-0.050346,0.030414,0.54966,0.207829,-0.370686,0.039454,0.037581,-0.019646,-0.024414,-0.540156,0.84121,0.911156,-0.358249,-0.203595,0.411336,0.761503,0.500913,0.019049,0.046084,-0.024642,-0.024699,0.668091,0.351347,-0.440846,0.078768,0.018228,-0.059364,-0.591563,0.494671,-0.636672,-0.382113,-0.86736,-0.318867,-0.709958,0.054651,0.702119,0.000785,0.002544,0.002097,-3.462171,-0.417683,4.54612,-0.846354
22,0.084665,-0.008644,0.360212,-0.705043,0.396933,-0.587711,-0.276053,-0.916903,-0.288191,-0.652394,-0.041448,0.756764,0.0041,0.02038,-0.000606,0.06534,1.327108,0.406191,-1.904825,-0.105661,0.035983,0.321003,0.212937,0.445219,0.86973,-0.884144,0.466613,-0.022263,-0.41598,-0.764773,0.49188,0.037826,0.088341,-0.034951,-0.175703,0.901958,0.527814,-0.58742,0.040116,0.039275,-0.020441,-0.027328,-0.508305,0.860742,0.912812,-0.363671,-0.185783,0.407462,0.78062,0.473926,0.018847,0.044647,-0.017108,-0.222792,0.975064,0.57218,-0.647245,0.078837,0.018418,-0.059262,-0.605362,0.533289,-0.590879,-0.439382,-0.842897,-0.310592,-0.663686,0.071601,0.744575,0.0017,0.005289,0.004488,-0.271648,0.841079,0.198745,-0.853702
23,0.084712,-0.008381,0.360326,-0.713083,0.411738,-0.567476,-0.308935,-0.911067,-0.272924,-0.6285,-0.019823,0.777575,0.003939,0.019881,-0.001044,-3.065366,1.660696,-0.257239,-1.904664,-0.104761,0.037606,0.320525,0.208239,0.434276,0.876375,-0.889027,0.457527,-0.015346,-0.407864,-0.776458,0.480233,0.051354,0.084462,-0.022738,-0.479478,0.614046,-0.125574,-0.706733,0.040562,0.040086,-0.020685,-0.023573,-0.495456,0.868313,0.917867,-0.354931,-0.177604,0.396186,0.792809,0.46313,0.025679,0.042399,-0.011259,-1.521485,0.538154,-0.541529,-0.751751,0.078861,0.018549,-0.059205,-0.612224,0.547309,-0.570642,-0.465903,-0.832817,-0.298911,-0.638838,0.082864,0.764865,0.002043,0.010174,-0.000324,0.078524,1.345146,-0.149107,-0.854682
24,0.084794,-0.007629,0.360437,-0.731833,0.418672,-0.537754,-0.347147,-0.907983,-0.234579,-0.585577,0.01448,0.810504,0.004596,0.021932,0.000653,-0.213749,0.78483,-0.640893,-1.905329,-0.102447,0.040251,0.320188,0.199295,0.427158,0.881935,-0.893913,0.447923,-0.014816,-0.401591,-0.785944,0.469979,0.069208,0.055027,0.001886,0.053898,0.094587,-0.058544,-0.941816,0.041711,0.041428,-0.020856,-0.013934,-0.488176,0.872633,0.922018,-0.343956,-0.177696,0.386895,0.802108,0.4549,0.034621,0.027587,0.000959,0.067275,0.060964,-0.086206,-0.827191,0.078906,0.018918,-0.059149,-0.628598,0.559798,-0.539897,-0.50847,-0.821093,-0.259352,-0.588491,0.111493,0.800778,0.002237,0.010854,0.000192,-2.86232,-0.393047,3.680921,-0.857785
25,0.085192,-0.006423,0.360174,-0.733797,0.425915,-0.529324,-0.372245,-0.903756,-0.211259,-0.56745,0.041481,0.822379,0.005918,0.033711,-0.007288,0.031631,0.589849,-1.175234,-1.852771,-0.099331,0.041505,0.321051,0.192062,0.448375,0.872963,-0.893775,0.447232,-0.032937,-0.405399,-0.774457,0.485522,0.08879,0.017099,0.036095,0.340664,-0.917162,-0.636633,-1.350943,0.043262,0.042068,-0.020438,-0.00633,-0.506019,0.862498,0.919377,-0.3422,-0.194018,0.393324,0.791734,0.467389,0.045337,0.003357,0.022142,0.159328,-0.605263,-0.389343,-0.8187,0.079101,0.019527,-0.059275,-0.628845,0.567528,-0.531474,-0.533622,-0.812164,-0.235871,-0.565508,0.13528,0.813572,0.010406,0.02108,-0.008739,0.063534,0.535675,-1.106351,-0.849457
26,0.085895,-0.004881,0.359576,-0.732546,0.425004,-0.531783,-0.38584,-0.902756,-0.190081,-0.559949,0.065405,0.825958,0.020516,0.041545,-0.018023,-0.026158,-0.002554,-0.937756,-1.746115,-0.095613,0.041381,0.323425,0.160538,0.499295,0.851424,-0.912177,0.404513,-0.065088,-0.377085,-0.766816,0.519291,0.096372,-0.027584,0.083335,0.105707,-0.995356,-1.070807,-1.403366,0.045158,0.042004,-0.019245,0.02722,-0.554306,0.831867,0.927712,-0.295927,-0.227544,0.372301,0.777928,0.506181,0.048033,-0.013283,0.042027,0.138183,-1.080526,-1.142195,-0.8316,0.079447,0.020297,-0.059569,-0.628246,0.566628,-0.53314,-0.547095,-0.808964,-0.215087,-0.553167,0.156551,0.818228,0.009687,0.015127,-0.004868,-0.116693,-0.25973,-0.89518,-0.815002
27,0.08637,-0.004099,0.359176,-0.73322,0.423454,-0.532089,-0.387537,-0.903123,-0.184808,-0.557893,0.070165,0.826957,0.019671,0.039037,-0.020119,0.054095,0.073362,-0.48822,-1.692273,-0.093755,0.040808,0.325197,0.135629,0.530954,0.836472,-0.922561,0.375454,-0.088596,-0.361241,-0.760335,0.539685,0.084685,-0.037319,0.093869,-1.063056,-1.150073,-2.159069,-1.403395,0.046055,0.041732,-0.018392,0.050896,-0.580358,0.812769,0.931027,-0.266911,-0.248889,0.361382,0.769378,0.526744,0.042164,-0.018186,0.04736,-4.422001,-0.480302,-4.206295,-0.823109,0.079679,0.020678,-0.059757,-0.629009,0.564555,-0.534439,-0.548707,-0.809411,-0.209221,-0.550698,0.161648,0.818902,0.016752,0.01836,-0.010794,0.045506,0.017985,-0.485063,-0.798183
28,0.087426,-0.00268,0.358367,-0.73916,0.41091,-0.533704,-0.383513,-0.908091,-0.168106,-0.552813,0.079908,0.829481,0.01927,0.03808,-0.020918,0.084337,0.086965,-0.261981,-1.640149,-0.090704,0.03902,0.329328,0.093474,0.575953,0.812116,-0.933411,0.334474,-0.129633,-0.346384,-0.746632,0.567822,0.073919,-0.053259,0.116251,0.007327,-0.674728,-1.325939,-1.403608,0.047559,0.040859,-0.016376,0.093175,-0.619968,0.779074,0.931323,-0.222423,-0.288382,0.352072,0.75244,0.556666,0.036956,-0.026854,0.057907,-0.054811,-0.496012,-1.191316,-0.830294,0.080214,0.021401,-0.060169,-0.637506,0.552804,-0.536648,-0.545593,-0.815724,-0.192148,-0.543977,0.170296,0.821636,0.016446,0.017616,-0.011423,0.101731,0.128299,-0.213146,-0.786263
29,0.088392,-0.001119,0.357593,-0.741939,0.404443,-0.534788,-0.391991,-0.908695,-0.143486,-0.543073,0.102665,0.833402,0.033978,0.039272,-0.0195,-2.110758,1.188514,-1.445219,-1.575054,-0.088394,0.036919,0.334013,0.060876,0.602606,0.795708,-0.940137,0.3024,-0.156943,-0.335247,-0.739266,0.583917,0.046814,-0.053098,0.119843,-0.16131,-0.380486,-1.118966,-1.403326,0.048737,0.039821,-0.014033,0.125005,-0.642135,0.75633,0.930288,-0.189117,-0.314319,0.344871,0.742897,0.57373,0.023231,-0.026204,0.060178,-0.428556,-0.069572,-0.892944,-0.832906,0.080682,0.022159,-0.060556,-0.640072,0.548146,-0.538369,-0.554256,-0.81469,-0.170525,-0.532077,0.189246,0.825274,0.010223,0.021028,-0.00883,0.008512,-0.097566,-0.571734,-0.78708
30,0.088757,-0.000312,0.357263,-0.741923,0.405549,-0.533972,-0.398198,-0.907173,-0.135819,-0.538568,0.111348,0.835208,0.020365,0.042053,-0.017652,0.054578,-0.012516,-0.310541,-1.547704,-0.087663,0.035898,0.336233,0.042712,0.61005,0.791206,-0.942641,0.287008,-0.170262,-0.330977,-0.739304,0.586299,0.032022,-0.045561,0.110809,-0.193216,-0.166847,-1.037489,-1.403175,0.049119,0.039293,-0.01287,0.143716,-0.64812,0.747854,0.928903,-0.172276,-0.32781,0.341298,0.741795,0.577282,0.016925,-0.02794,0.059642,-0.176621,-0.344929,-1.160997,-0.837968,0.080878,0.022579,-0.060727,-0.641363,0.548194,-0.536783,-0.560432,-0.812556,-0.160209,-0.523992,0.198078,0.828369,0.01033,0.021448,-0.008488,0.057557,0.056501,-0.460629,-0.785283
31,0.089313,0.001246,0.356683,-0.741021,0.406114,-0.534794,-0.408784,-0.904609,-0.120624,-0.531849,0.128719,0.837015,0.005583,0.03332,-0.007726,-0.028367,-0.176414,-0.162715,-1.529505,-0.086643,0.033956,0.340344,0.011099,0.62518,0.780396,-0.946171,0.259028,-0.193905,-0.323357,-0.737009,0.593398,0.006592,-0.048661,0.095046,-0.118496,-0.451703,-0.793218,-1.402901,0.049634,0.038339,-0.010798,0.174553,-0.658203,0.732324,0.926007,-0.143097,-0.349333,0.334725,0.739115,0.584523,0.009828,-0.023688,0.047167,-0.293638,0.208443,-0.578271,-0.84352,0.081162,0.023364,-0.061019,-0.640513,0.548719,-0.53726,-0.570539,-0.808304,-0.145357,-0.51403,0.213425,0.830796,0.009403,0.014771,-0.00521,-0.107214,-0.1655,-0.277015,-0.79704
32,0.089602,0.002479,0.356369,-0.740499,0.407106,-0.534763,-0.41671,-0.902343,-0.110009,-0.526409,0.140867,0.838497,0.00477,0.023117,0.00139,-0.210728,-0.41072,-0.437566,-1.531284,-0.086447,0.032304,0.343436,-0.016952,0.627099,0.77875,-0.946508,0.240946,-0.214482,-0.322089,-0.741503,0.588468,-0.007493,-0.040603,0.069772,-0.223375,0.196097,-0.448006,-1.402888,0.049733,0.0375,-0.009212,0.202845,-0.658361,0.724854,0.92083,-0.123526,-0.369882,0.333054,0.742496,0.581182,-0.003658,-0.020836,0.034464,-0.242734,0.243044,-0.400644,-0.846133,0.081308,0.023991,-0.06118,-0.640211,0.550656,-0.535636,-0.578274,-0.804454,-0.135837,-0.505695,0.22278,0.83345,0.002419,0.01164,0.000755,-0.19653,-0.380283,-0.425395,-0.823493
33,0.089676,0.003673,0.356433,-0.736801,0.418857,-0.530781,-0.438493,-0.893521,-0.096515,-0.513779,0.161104,0.842677,-0.007337,0.030215,0.006699,0.010995,0.021767,-0.158357,-1.481845,-0.086685,0.030974,0.345473,-0.029748,0.621017,0.783226,-0.93771,0.254016,-0.236877,-0.345991,-0.742253,0.573772,-0.007763,-0.033464,0.042183,4.173893,-1.186383,2.906241,-1.403047,0.049617,0.036863,-0.008217,0.21874,-0.650108,0.727675,0.910987,-0.13116,-0.391022,0.349649,0.748436,0.56355,-0.003723,-0.017442,0.020543,-0.126994,0.152422,-0.29854,-0.844663,0.081347,0.024573,-0.061154,-0.633937,0.560112,-0.533289,-0.59802,-0.792259,-0.121224,-0.490403,0.242069,0.837201,-0.003646,0.015176,0.003406,0.024292,0.038563,-0.139824,-0.825126
34,0.089566,0.004206,0.356571,-0.735567,0.422144,-0.529887,-0.446831,-0.890165,-0.088993,-0.508345,0.170778,0.844066,-0.008549,0.018619,0.01466,-0.00748,0.073523,-0.158312,-1.46752,-0.086832,0.030487,0.346023,-0.031168,0.6185,0.785161,-0.930993,0.267887,-0.247835,-0.363553,-0.739469,0.566461,-0.008025,-0.029462,0.028724,0.037055,0.132419,-0.223974,-1.402887,0.04954,0.036611,-0.007924,0.216697,-0.648118,0.730057,0.903265,-0.150582,-0.40179,0.370341,0.746503,0.552792,-0.00507,-0.009432,0.010137,0.474048,0.022962,0.084793,-0.84303,0.081294,0.024847,-0.061085,-0.632098,0.56308,-0.532344,-0.605682,-0.787524,-0.113814,-0.48332,0.25049,0.838841,-0.003848,0.014478,0.002823,0.050464,0.083648,-0.12584,-0.822514
416,0.060335,0.028499,0.384911,-0.633765,0.366608,-0.681164,-0.531977,-0.845813,0.039658,-0.560816,0.387036,0.731925,-0.018304,-0.011215,-0.007336,0.003315,-0.050199,0.094993,0.126312,-0.116803,0.054961,0.374286,0.62157,0.439628,0.648359,-0.594758,0.803458,0.025567,-0.510449,-0.402066,0.760032,-0.001397,0.012172,-0.036014,0.20577,0.599541,0.048624,-1.406844,0.034558,0.048807,0.006213,-0.46412,-0.536472,0.704833,0.670741,-0.732576,-0.115917,0.578531,0.418961,0.699837,0.005127,0.007119,-0.01788,0.94434,0.584825,1.184572,-0.866544,0.066682,0.037006,-0.046906,-0.540156,0.49184,-0.682878,-0.682958,-0.730318,0.014211,-0.49173,0.474054,0.730392,-0.009,-0.005253,-0.003431,0.004664,-0.060863,0.120018,-0.055538
417,0.059771,0.028101,0.384592,-0.64293,0.348807,-0.681924,-0.50771,-0.860657,0.03837,-0.572725,0.37045,0.731287,-0.017874,-0.010032,-0.006626,-0.001578,0.041138,-0.081619,0.165972,-0.116419,0.055514,0.372838,0.628078,0.407233,0.663076,-0.561892,0.826804,0.02462,-0.538976,-0.388558,0.747255,0.010576,0.012411,-0.036734,-0.062832,0.437238,-0.139526,-1.406098,0.034745,0.049085,0.00549,-0.471612,-0.505623,0.722444,0.640389,-0.759604,-0.113584,0.606203,0.409078,0.682034,0.005364,0.005908,-0.018528,-0.073434,0.482889,-0.087599,-0.867361,0.066399,0.036806,-0.047066,-0.552414,0.476164,-0.684182,-0.661964,-0.749423,0.012905,-0.506597,0.460033,0.729196,-0.002563,-0.00631,-0.004077,0.005312,-0.077542,0.149692,-0.010796
418,0.059446,0.027938,0.384484,-0.647111,0.341078,-0.681878,-0.497403,-0.86665,0.038462,-0.577032,0.363628,0.731325,-0.017041,-0.007931,-0.005284,0.003271,-0.063393,0.121389,0.186312,-0.116205,0.055773,0.372088,0.633527,0.383301,0.672098,-0.538815,0.841922,0.02791,-0.555931,-0.380306,0.739033,0.010724,0.011697,-0.037129,0.953878,0.632068,1.171302,-1.406523,0.034856,0.049219,0.005101,-0.477559,-0.483313,0.733719,0.6202,-0.776956,-0.108122,0.622325,0.403419,0.670793,0.005404,0.005744,-0.018626,0.946347,0.668652,1.206137,-0.865565,0.066235,0.036721,-0.047122,-0.558126,0.469286,-0.684299,-0.652897,-0.757331,0.013143,-0.512074,0.454112,0.729082,-0.008568,-0.004099,-0.002719,-0.003078,0.028517,-0.053749,0.017943
419,0.058743,0.027588,0.384311,-0.652286,0.33238,-0.681243,-0.48624,-0.872911,0.039598,-0.580697,0.356658,0.731856,-0.017068,-0.007877,-0.005288,-0.001693,0.027946,-0.055146,0.206829,-0.115693,0.056292,0.370526,0.63387,0.33788,0.695728,-0.491626,0.870399,0.025371,-0.597763,-0.358552,0.716926,0.009517,0.019748,-0.047015,-0.047212,0.653419,0.083411,-1.406387,0.035107,0.049474,0.004339,-0.479216,-0.439275,0.759861,0.575933,-0.810669,-0.105427,0.662308,0.387107,0.641479,0.011437,0.005705,-0.019093,0.08496,0.764498,0.462322,-0.869647,0.065892,0.036551,-0.047205,-0.564692,0.461829,-0.683985,-0.643268,-0.765508,0.014203,-0.517038,0.448007,0.729356,-0.00868,-0.004306,-0.00287,0.001136,-0.050004,0.09728,0.061052
420,0.058048,0.02722,0.38416,-0.659236,0.316813,-0.68197,-0.464793,-0.884575,0.038286,-0.59031,0.341815,0.731248,-0.017065,-0.007752,-0.005245,3.767301,-0.183652,-4.096491,0.23545,-0.115153,0.056857,0.368944,0.624586,0.30314,0.719715,-0.459859,0.887592,0.025388,-0.63188,-0.347213,0.692845,0.010769,0.011743,-0.037169,-0.090233,0.737533,-0.231701,-1.406262,0.035378,0.049752,0.003541,-0.469947,-0.404343,0.784637,0.546384,-0.831399,-0.101192,0.693263,0.381158,0.61164,0.005435,0.005728,-0.018668,0.055505,0.841632,-0.081135,-0.862788,0.065538,0.036365,-0.047283,-0.571883,0.45132,-0.685024,-0.628983,-0.77731,0.012977,-0.52662,0.43829,0.728404,-0.008613,-0.004083,-0.002746,-0.003988,0.029687,-0.0552,0.091097
421,0.057699,0.027065,0.384091,-0.663309,0.305683,-0.683099,-0.448871,-0.892845,0.036245,-0.598002,0.330279,0.730298,-0.028927,-0.00283,-0.002197,3.772732,-0.15767,-4.120979,0.25468,-0.114847,0.057267,0.368159,0.61777,0.287234,0.732016,-0.446956,0.894126,0.026512,-0.647653,-0.343926,0.679797,0.020277,0.026459,-0.044217,-0.215732,0.966623,-0.083853,-1.406581,0.035535,0.049961,0.003134,-0.462843,-0.389338,0.796361,0.534588,-0.839223,-0.099593,0.7071,0.379629,0.596564,0.010123,0.013414,-0.022018,-0.26165,1.056379,-0.016639,-0.863768,0.065356,0.036282,-0.047321,-0.579843,0.438725,-0.686514,-0.611624,-0.791071,0.011046,-0.538235,0.426294,0.727032,-0.014451,-0.001343,-0.001058,3.77072,-0.154763,-4.1198,0.116081
422,0.057031,0.026809,0.383975,-0.668203,0.285442,-0.687076,-0.421903,-0.905994,0.033847,-0.611999,0.312135,0.726675,-0.016012,-0.005063,-0.003521,0.2306,-0.202348,-0.523649,0.292728,-0.114192,0.058201,0.366542,0.604237,0.25284,0.75562,-0.416456,0.908653,0.029127,-0.679967,-0.332608,0.65336,0.008319,0.025967,-0.043563,-0.143854,0.735072,0.10191,-1.406305,0.035851,0.050413,0.002355,-0.449976,-0.354713,0.819573,0.506474,-0.857231,-0.092938,0.73553,0.373273,0.565386,0.009981,0.014123,-0.021604,0.021488,1.162394,0.484155,-0.857563,0.065028,0.036156,-0.047377,-0.589079,0.41964,-0.69057,-0.58662,-0.809819,0.008302,-0.555753,0.409993,0.723217,-0.007938,-0.002381,-0.001651,0.968015,-0.368591,-1.445274,0.166701
423,0.056404,0.026596,0.383911,-0.66285,0.275501,-0.696257,-0.411745,-0.910737,0.031546,-0.624597,0.307243,0.717988,-0.0155,-0.003762,-0.002681,-0.012207,-0.119207,-0.063992,0.31296,-0.1135,0.058961,0.365106,0.589634,0.219062,0.77739,-0.396234,0.917142,0.042239,-0.704441,-0.333217,0.626572,0.021828,0.017018,-0.03514,-0.375618,1.142196,0.122248,-1.4064,0.0362,0.050804,0.001622,-0.435952,-0.321457,0.840601,0.489368,-0.86855,-0.078349,0.755291,0.377207,0.535957,0.004198,0.012905,-0.021818,-0.121582,0.711119,-0.185468,-0.854297,0.064715,0.03605,-0.047409,-0.585481,0.407865,-0.700611,-0.577094,-0.816648,0.006844,-0.569362,0.408326,0.713509,-0.007639,-0.001615,-0.001152,0.10883,-0.305774,0.232617,0.207197
424,0.056156,0.026482,0.383881,-0.663084,0.256612,-0.703218,-0.391204,-0.91969,0.033196,-0.637404,0.296788,0.711098,-0.002896,-0.006904,-0.004576,0.417946,-0.877187,0.373625,0.325352,-0.113101,0.059296,0.364403,0.585847,0.204137,0.784284,-0.38874,0.919894,0.051094,-0.71174,-0.33508,0.61726,0.021523,0.01858,-0.034271,-0.54933,0.167909,0.584406,-1.406176,0.036397,0.050962,0.001281,-0.430053,-0.306273,0.849265,0.483577,-0.872515,-0.069784,0.762369,0.380674,0.523334,0.010915,0.008635,-0.017515,-0.318466,1.082314,0.076677,-0.854297,0.064592,0.035995,-0.047422,-0.591449,0.389641,-0.70595,-0.55886,-0.829194,0.010551,-0.581259,0.400768,0.708181,-0.008475,-0.007087,0.003187,0.873267,-0.629918,-1.351103,0.222219
425,0.055791,0.026198,0.383833,-0.665136,0.214627,-0.715244,-0.345354,-0.937616,0.039731,-0.661275,0.273166,0.698658,-0.002603,-0.00619,-0.004114,1.046886,-0.445917,-1.127223,0.345688,-0.112413,0.059801,0.363267,0.578086,0.183942,0.794967,-0.377884,0.923793,0.061186,-0.723833,-0.336015,0.602514,0.023111,0.009064,-0.025336,-0.123872,0.533748,-0.056859,-1.405936,0.036744,0.051225,0.000698,-0.424743,-0.285113,0.859245,0.475361,-0.877983,-0.056349,0.77047,0.384518,0.508448,0.005683,0.003793,-0.012639,-0.174046,0.650338,-0.011971,-0.856583,0.064404,0.035852,-0.047447,-0.598503,0.34982,-0.720707,-0.518477,-0.854949,0.015585,-0.610716,0.382997,0.693064,-0.007732,-0.001768,-0.001281,3.789507,-0.615898,-3.90719,0.252918
426,0.055521,0.026052,0.383793,-0.663416,0.174208,-0.727719,-0.299565,-0.953005,0.044884,-0.68488,0.247553,0.685335,-0.013353,0.001454,0.000758,-0.016669,-0.346986,-0.087596,0.368798,-0.111526,0.060089,0.36236,0.574614,0.175724,0.799331,-0.373903,0.925112,0.065556,-0.728649,-0.336771,0.596254,0.024968,-0.001575,-0.01708,-0.002101,0.075214,0.084033,-1.40619,0.037186,0.051375,0.000242,-0.420911,-0.276487,0.863937,0.472488,-0.879837,-0.051379,0.77433,0.386575,0.50097,0.011474,0.0051,-0.012377,0.027291,0.152215,-0.08341,-0.865075,0.064271,0.035772,-0.047472,-0.604816,0.309073,-0.733942,-0.475093,-0.879683,0.021061,-0.639127,0.361428,0.678885,-0.000455,-0.001087,-0.000717,0.219308,-0.504376,-0.171595,0.282637
427,0.055225,0.026195,0.383883,-0.663731,0.12958,-0.736693,-0.241208,-0.969332,0.046747,-0.707221,0.208556,0.675551,-0.011269,0.006387,0.00404,1.028362,-0.599559,-1.17296,0.390989,-0.11061,0.059945,0.36179,0.57444,0.175461,0.799514,-0.373097,0.92547,0.065105,-0.7292,-0.335923,0.596058,0.013114,-0.002551,-0.016766,0.033828,0.0096,0.001232,-1.406114,0.037649,0.051302,-4.3e-05,-0.420903,-0.276632,0.863895,0.471685,-0.880229,-0.05205,0.774825,0.385579,0.500974,0.013273,-0.005293,-0.003975,0.018364,-0.122177,0.201094,-0.868667,0.064126,0.035838,-0.04743,-0.612981,0.270599,-0.742312,-0.426018,-0.904444,0.022092,-0.665403,0.329781,0.669688,0.00046,0.00109,0.000734,0.12418,0.025235,-0.083365,0.315458
428,0.055132,0.026222,0.383959,-0.664249,0.110618,-0.739311,-0.21427,-0.975654,0.046464,-0.71535,0.189132,0.672703,-0.011408,0.006054,0.003816,-0.051928,-0.230305,0.093269,0.40029,-0.110195,0.059804,0.361614,0.575178,0.174697,0.799151,-0.372353,0.925721,0.065774,-0.728999,-0.335626,0.596472,0.014474,-0.010871,-0.007176,-0.002342,0.015135,-0.019558,-1.405986,0.037857,0.051231,-0.000137,-0.421784,-0.275941,0.863686,0.471049,-0.880612,-0.05131,0.774732,0.385197,0.50141,0.012901,-0.003478,-0.002947,0.002407,-0.015572,0.034095,-0.86883,0.064072,0.035859,-0.047387,-0.617376,0.24684,-0.746937,-0.395499,-0.918166,0.023471,-0.680019,0.309903,0.664479,-0.00568,0.003078,0.001948,-0.04631,-0.208961,0.106185,0.330155
429,0.055072,0.026125,0.384134,-0.665902,0.076686,-0.742118,-0.164631,-0.985275,0.045839,-0.726851,0.152599,0.669648,-0.000982,-0.009275,0.0098,0.333376,-0.006601,-0.349908,0.413423,-0.109423,0.059566,0.36141,0.570742,0.176391,0.801955,-0.371363,0.926468,0.06066,-0.732979,-0.332667,0.593244,0.013499,-0.006148,-0.004488,0.002733,0.004211,0.000513,-1.406057,0.038235,0.05111,-0.00024,-0.416679,-0.277338,0.865714,0.469362,-0.881203,-0.05639,0.778509,0.382837,0.497351,0.006851,-0.003523,-0.002517,0.029994,0.043924,-0.039721,-0.874382,0.064045,0.035819,-0.047301,-0.625275,0.214265,-0.750414,-0.349048,-0.936813,0.023353,-0.697994,0.276533,0.660555,0.000264,0.000633,0.000424,1.247422,-0.062107,-1.110846,0.353505
430,0.055028,0.026071,0.384324,-0.667569,0.064387,-0.741789,-0.147109,-0.98801,0.046559,-0.72907,0.140118,0.669963,-0.000214,-0.007459,0.011008,-0.032939,0.007427,0.010994,0.416948,-0.108892,0.059401,0.361233,0.564774,0.173817,0.806728,-0.371073,0.92661,0.060277,-0.73773,-0.333625,0.586782,0.013174,-0.004545,-0.003578,-0.164008,0.34396,0.233694,-1.405958,0.038509,0.051028,-0.000329,-0.411021,-0.275497,0.869001,0.468835,-0.8814,-0.057678,0.781828,0.383711,0.491437,0.005531,0.003648,-0.005595,-0.218412,0.548144,0.446009,-0.874872,0.064021,0.035789,-0.047208,-0.629458,0.202367,-0.750219,-0.331957,-0.942984,0.02416,-0.702556,0.264249,0.660746,-0.005823,0.002748,0.001724,-0.008682,0.10642,-0.203421,0.365425
431,0.054952,0.026061,0.384436,-0.668725,0.055822,-0.741442,-0.135112,-0.989688,0.047278,-0.730329,0.131717,0.670297,-0.011285,0.006343,0.004005,0.002733,0.001356,-0.006629,0.415327,-0.10864,0.059336,0.361154,0.560612,0.170383,0.810356,-0.370919,0.926562,0.06193,-0.740972,-0.335516,0.581594,0.013111,-0.004213,-0.003392,-0.240681,0.514604,0.34009,-1.405865,0.038635,0.050997,-0.000367,-0.406968,-0.272346,0.871896,0.46885,-0.881468,-0.056495,0.783936,0.385797,0.486419,0.006482,-0.001745,-0.001495,-0.004336,0.010422,0.025786,-0.873892,0.063987,0.035779,-0.047148,-0.632213,0.194199,-0.750062,-0.320565,-0.946895,0.025037,-0.705368,0.256273,0.660893,-0.000404,-0.004431,0.005042,-0.0262,0.020613,-0.021105,0.366732
432,0.054658,0.0259,0.384696,-0.670432,0.042827,-0.740764,-0.117283,-0.991888,0.04873,-0.731838,0.119489,0.670942,-0.014135,-0.007321,0.010895,-0.033753,0.035264,-0.04499,0.411838,-0.108176,0.05928,0.360999,0.555343,0.164629,0.815158,-0.37056,0.926462,0.065485,-0.745105,-0.338646,0.574457,0.012584,-0.001744,-0.001969,-0.170498,0.346444,0.269841,-1.40581,0.038863,0.050967,-0.000445,-0.401461,-0.266001,0.876396,0.469109,-0.881567,-0.05268,0.786616,0.389977,0.478698,0.00625,-0.000674,-0.000877,-0.223159,0.437261,0.332859,-0.871606,0.063844,0.035709,-0.047018,-0.636323,0.181806,-0.749691,-0.303559,-0.952438,0.026682,-0.709184,0.244555,0.661247,-0.000953,-0.005714,0.004195,-0.032821,0.02099,-0.015166,0.364282
433,0.054294,0.025538,0.385074,-0.670512,0.028063,-0.741398,-0.099648,-0.993626,0.052438,-0.73437,0.108998,0.66996,-0.014743,-0.008716,0.009972,-0.050094,0.017666,-0.085115,0.416496,-0.107851,0.059274,0.360883,0.553225,0.159984,0.81752,-0.370166,0.926337,0.069357,-0.746873,-0.341197,0.570638,0.012259,-0.000237,-0.001098,-0.049327,0.092277,0.100849,-1.406333,0.039034,0.050963,-0.000505,-0.398748,-0.259555,0.879562,0.469498,-0.881663,-0.047329,0.787763,0.394081,0.473422,0.006113,-3.4e-05,-0.000507,-0.044399,0.078008,0.090323,-0.874546,0.063662,0.035528,-0.046828,-0.639001,0.167175,-0.750819,-0.286708,-0.957522,0.03081,-0.713775,0.234954,0.659788,-0.007128,-0.003776,0.00538,-0.040434,0.027513,-0.046433,0.365262
434,0.053874,0.025186,0.385422,-0.670143,0.01354,-0.742139,-0.082102,-0.99504,0.055911,-0.736871,0.098375,0.668857,-0.013424,0.001368,0.000694,-0.039202,-0.066941,-0.070738,0.415005,-0.107527,0.059303,0.360841,0.552899,0.156993,0.81832,-0.369433,0.926427,0.072015,-0.747478,-0.342335,0.569163,0.000133,-0.000599,-0.000348,-0.031239,0.065121,0.043403,-1.406112,0.039196,0.050978,-0.000526,-0.398615,-0.256611,0.880486,0.469209,-0.881958,-0.044619,0.788002,0.395347,0.471967,0.005899,0.000939,5.9e-05,-0.029483,0.046818,0.069484,-0.874382,0.063451,0.035347,-0.046652,-0.641472,0.15295,-0.751743,-0.269837,-0.962288,0.034468,-0.718122,0.224958,0.658553,-0.007517,-0.004667,0.00479,-0.076376,-0.039163,-0.114639,0.368691
435,0.053641,0.025042,0.385587,-0.668887,-0.000145,-0.743395,-0.064616,-0.996193,0.058263,-0.739745,0.087,0.66726,-0.014446,-0.00796,0.010479,4.039908,-0.357212,-3.766681,0.414808,-0.107402,0.059322,0.36082,0.553314,0.156596,0.818116,-0.369066,0.926543,0.0724,-0.747352,-0.342202,0.569408,0.000217,-0.000974,-0.000566,-0.000538,0.00112,0.000746,-1.405883,0.039258,0.05099,-0.000535,-0.399122,-0.256357,0.88033,0.468958,-0.88211,-0.04426,0.787895,0.395173,0.472291,0.005965,0.000648,-0.000109,0.005996,-0.02553,0.021797,-0.876668,0.063334,0.035276,-0.046575,-0.641939,0.143081,-0.753287,-0.25864,-0.965262,0.037065,-0.721816,0.218624,0.656646,-0.006587,0.000999,0.000562,-0.03021,-0.04184,-0.056468,0.368201
436,0.053329,0.024807,0.38599,-0.669231,-0.012251,-0.742983,-0.047607,-0.997093,0.05925,-0.74072,0.075031,0.667631,-0.012689,-0.003836,0.013225,-0.034655,0.035306,-0.044188,0.423181,-0.107318,0.05937,0.360743,0.551382,0.151817,0.820317,-0.368546,0.926428,0.076406,-0.749033,-0.344652,0.565709,0.000438,-0.00196,-0.00114,-0.019565,0.040638,0.02711,-1.405909,0.0393,0.051017,-0.000572,-0.397272,-0.251247,0.882637,0.469039,-0.882269,-0.040029,0.788781,0.398089,0.468345,0.000236,-0.001043,-0.000608,-0.007393,0.006751,0.002058,-0.877321,0.063175,0.035152,-0.046377,-0.645508,0.127559,-0.753025,-0.236412,-0.970901,0.03819,-0.726242,0.202676,0.656881,5e-06,-0.00345,0.005709,-0.033617,0.00974,0.01361,0.37408
