frame,MLTx,MLTy,MLTz,MLTR1,MLTR2,MLTR3,MLTR4,MLTR5,MLTR6,MLTR7,MLTR8,MLTR9,MLTTVx,MLTTVy,MLTTVz,MLTRVx,MLTRVy,MLTRVz,MLGA,MRTx,MRTy,MRTz,MRTR1,MRTR2,MRTR3,MRTR4,MRTR5,MRTR6,MRTR7,MRTR8,MRTR9,MRTTVx,MRTTVy,MRTTVz,MRTRVx,MRTRVy,MRTRVz,MRGA,SLTx,SLTy,SLTz,SLTR1,SLTR2,SLTR3,SLTR4,SLTR5,SLTR6,SLTR7,SLTR8,SLTR9,SLTTVx,SLTTVy,SLTTVz,SLTRVx,SLTRVy,SLTRVz,SLGA,SRTx,SRTy,SRTz,SRTR1,SRTR2,SRTR3,SRTR4,SRTR5,SRTR6,SRTR7,SRTR8,SRTR9,SRTTVx,SRTTVy,SRTTVz,SRTRVx,SRTRVy,SRTRVz,SRGA
3128,0.137097,0.022274,0.379809,-0.884307,0.050907,-0.46417,-0.289933,-0.839111,0.46022,-0.364965,0.541487,0.757376,-0.041181,-0.01855,-0.0102,2.625368,-3.067307,-4.404651,0.193011,-0.117583,0.056934,0.363244,0.92695,-0.110773,0.358448,-0.098303,0.850129,0.517254,-0.363185,-0.514564,0.776649,0.000416,-0.00221,-0.001256,-0.0,0.0,0.0,0.078365,0.035953,0.046883,0.000745,-0.921824,0.09056,0.376878,0.113917,-0.866084,0.486744,0.370488,0.491626,0.788061,0.000268,-0.001423,-0.000807,-3.3e-05,-2.3e-05,-2.2e-05,-0.087322,0.105785,0.035521,-0.050842,-0.876424,-0.023549,-0.480962,-0.194387,-0.896503,0.398114,-0.44056,0.44241,0.781139,-0.014313,-0.010021,-0.005673,0.747328,-2.111849,1.254425,0.018596
3129,0.135725,0.021621,0.379402,-0.863484,0.021905,-0.503945,-0.280217,-0.851579,0.443016,-0.418373,0.52372,0.742097,-0.028358,-0.017258,-0.009818,0.679033,-2.080282,1.396551,0.258658,-0.117716,0.056816,0.3632,0.926734,-0.110369,0.35913,-0.098998,0.850166,0.51706,-0.363547,-0.514589,0.776463,0.000287,-0.001528,-0.000869,-0.0,0.0,0.0,0.080915,0.035888,0.046821,0.000721,-0.921594,0.090134,0.377543,0.114609,-0.866108,0.486539,0.370847,0.491662,0.787871,0.000142,-0.00076,-0.000431,-2.4e-05,-2.2e-05,-1.3e-05,-0.078504,0.105109,0.035199,-0.051043,-0.852472,-0.05254,-0.520124,-0.176713,-0.907408,0.38129,-0.491998,0.416952,0.764256,-0.014152,-0.008531,-0.004829,-0.239286,-0.980268,0.045928,0.103181
3130,0.135124,0.021282,0.379222,-0.851577,0.005033,-0.524248,-0.27346,-0.857443,0.43587,-0.446263,0.514528,0.732214,-0.028789,-0.019522,-0.011231,0.56799,-1.308813,-1.181258,0.302966,-0.117811,0.056792,0.363193,0.926183,-0.112072,0.360023,-0.098929,0.848938,0.519087,-0.364972,-0.516243,0.774695,1.1e-05,-6.1e-05,-3.5e-05,-0.012111,0.009158,0.006676,0.080928,0.035841,0.046807,0.000716,-0.920999,0.091929,0.37856,0.11461,-0.86481,0.488842,0.372321,0.493611,0.785954,-9e-06,4.4e-05,2.9e-05,0.014058,-0.002643,0.002484,-0.077361,0.104795,0.03503,-0.051132,-0.837239,-0.064231,-0.54305,-0.171557,-0.912087,0.372376,-0.519227,0.404932,0.752616,-0.014279,-0.009162,-0.005185,2.63079,-3.643097,-3.619633,0.151515
3131,0.134096,0.020533,0.378661,-0.811682,-0.029983,-0.583369,-0.265554,-0.870598,0.41414,-0.519291,0.491099,0.699418,-0.029326,-0.02193,-0.012822,0.329359,-2.902216,1.993557,0.339215,-0.117985,0.056798,0.363232,0.926139,-0.111945,0.360177,-0.099129,0.848928,0.519066,-0.36503,-0.516288,0.774638,-0.000502,0.002682,0.001525,0.00211,-0.01502,0.024502,0.079901,0.035754,0.046807,0.000734,-0.920985,0.091694,0.378651,0.114761,-0.864936,0.488583,0.37231,0.493433,0.786071,-0.000144,0.000768,0.00044,0.000731,-0.000511,-0.000364,-0.076708,0.104281,0.034658,-0.051411,-0.794197,-0.091963,-0.60066,-0.15882,-0.922707,0.351262,-0.586538,0.374369,0.718206,-0.008277,-0.011314,-0.006738,-0.008661,-0.990407,0.315711,0.241488
3132,0.133212,0.019971,0.377907,-0.76273,-0.093357,-0.639978,-0.222744,-0.891088,0.395372,-0.606243,0.444225,0.659668,-0.015793,-0.000696,-0.031004,4.080501,-5.237269,-0.921509,0.342747,-0.118036,0.056813,0.363352,0.926117,-0.111843,0.360263,-0.09935,0.848804,0.519226,-0.365024,-0.516513,0.77449,-0.000469,0.002512,0.001427,-0.0,0.0,0.0,0.079093,0.035728,0.046817,0.000796,-0.920969,0.09159,0.378714,0.114972,-0.864818,0.488743,0.372283,0.49366,0.785941,0.00056,-0.003779,0.005048,-0.034175,-0.009016,0.003849,-0.078014,0.103839,0.034369,-0.051775,-0.73854,-0.142184,-0.659045,-0.118208,-0.935059,0.334199,-0.663765,0.324724,0.673772,-0.01436,-0.004691,-0.010315,0.423399,-2.039874,-0.358065,0.266635
3133,0.132538,0.019872,0.377001,-0.719625,-0.109097,-0.685772,-0.224572,-0.897957,0.378433,-0.656189,0.426467,0.622551,-0.014931,0.004716,-0.027739,-0.254779,-1.168429,1.143458,0.343987,-0.117931,0.056809,0.363557,0.926201,-0.1119,0.360031,-0.09937,0.848523,0.519682,-0.364806,-0.516963,0.774293,-0.000591,0.003159,0.001792,-0.0,0.0,0.0,0.078967,0.03578,0.046818,0.0009,-0.921058,0.091649,0.378485,0.115001,-0.864551,0.489208,0.372055,0.494116,0.785763,-0.000305,0.001611,0.000911,-5.3e-05,-4.3e-05,-0.000102,-0.078014,0.103495,0.034307,-0.052241,-0.689273,-0.153211,-0.708115,-0.114788,-0.941944,0.315536,-0.715349,0.298774,0.63167,-0.007566,-0.00251,-0.00914,-0.367529,-1.23981,1.084346,0.272839
3134,0.132131,0.020007,0.376513,-0.699126,-0.103474,-0.707503,-0.237719,-0.899565,0.366393,-0.673492,0.424466,0.605198,-0.014407,0.007896,-0.025785,-0.084993,-0.879798,1.064109,0.334416,-0.117876,0.056794,0.363674,0.926219,-0.111878,0.359991,-0.09948,0.848361,0.519925,-0.36473,-0.517233,0.774149,0.001147,-0.007673,0.010025,-0.036236,0.006056,-0.020528,0.078811,0.035807,0.046812,0.000954,-0.921074,0.091626,0.378451,0.115109,-0.864409,0.489433,0.371982,0.494368,0.785639,-0.000277,0.001459,0.000824,-4.3e-05,-4.5e-05,-8e-05,-0.078177,0.103301,0.034371,-0.052482,-0.66942,-0.144534,-0.728687,-0.127129,-0.944133,0.304057,-0.731924,0.296179,0.613647,-0.007127,0.004256,-0.012685,-0.112959,-1.025886,1.245823,0.270227
3135,0.131188,0.020513,0.375663,-0.676964,-0.092269,-0.730241,-0.260133,-0.898103,0.35456,-0.687709,0.430094,0.584895,-0.026065,0.015393,-0.020888,-0.022379,-0.539564,0.706555,0.243473,-0.117818,0.056752,0.36385,0.926279,-0.111887,0.359833,-0.099568,0.848099,0.520335,-0.364552,-0.51766,0.773947,0.011384,0.003812,0.001244,0.002045,-0.015205,0.029245,0.07352,0.035832,0.046791,0.001048,-0.921134,0.091624,0.378308,0.115231,-0.864149,0.489865,0.371798,0.494824,0.785439,0.000702,-0.004542,0.004611,-0.036253,0.00601,-0.020596,-0.08079,0.102814,0.034626,-0.052923,-0.647846,-0.127602,-0.751007,-0.150411,-0.945034,0.290319,-0.746774,0.301041,0.593044,-0.012964,0.008,-0.010239,0.011143,-0.504259,0.736988,0.206054
3136,0.129614,0.021332,0.375044,-0.685773,-0.093499,-0.721816,-0.261653,-0.893759,0.364286,-0.678342,0.438794,0.589355,-0.049941,0.02652,-0.013477,-0.788424,1.483583,-1.809187,0.093976,-0.117731,0.056714,0.36392,0.926284,-0.111866,0.359826,-0.099666,0.847978,0.520513,-0.364512,-0.517863,0.77383,0.011824,0.001469,-8.3e-05,0.002045,-0.015205,0.029245,0.067101,0.035879,0.046774,0.001083,-0.921146,0.091615,0.37828,0.115312,-0.864031,0.490053,0.371742,0.495031,0.785335,0.005935,0.0006,-0.000118,0.00203,-0.015223,0.029202,-0.088954,0.102045,0.035022,-0.05323,-0.655438,-0.128767,-0.74419,-0.153224,-0.942194,0.297978,-0.739542,0.309334,0.59782,-0.025123,0.008284,-0.002089,0.02735,-0.11014,0.215717,0.02725
3137,0.12849,0.02184,0.374942,-0.695634,-0.10032,-0.711389,-0.256071,-0.890556,0.375911,-0.670382,0.443783,0.594703,-0.061973,0.023039,3.5e-05,0.029706,0.059569,-0.132013,0.047705,-0.117673,0.056693,0.363904,0.926299,-0.111903,0.359778,-0.099612,0.847973,0.520532,-0.36449,-0.517863,0.77384,0.00028,-0.00149,-0.000844,-0.0,0.0,0.0,0.068049,0.035908,0.046764,0.001075,-0.921161,0.091653,0.378233,0.115259,-0.864027,0.490073,0.371721,0.495031,0.785345,0.000191,-0.001022,-0.00058,-1.7e-05,-2.8e-05,-2.5e-05,-0.090424,0.101487,0.035274,-0.053288,-0.666003,-0.138704,-0.732939,-0.147709,-0.938582,0.31184,-0.731177,0.315949,0.604611,-0.030591,0.017754,-0.003805,0.072964,0.016212,-0.069393,-0.055048
3138,0.125923,0.02314,0.375141,-0.709315,-0.100521,-0.69772,-0.255419,-0.885887,0.387217,-0.656147,0.452991,0.603571,-0.071891,0.037742,0.009315,0.086373,0.227948,-0.239183,-0.011354,-0.11765,0.056575,0.363794,0.926152,-0.111683,0.360223,-0.099989,0.848056,0.520325,-0.36476,-0.517775,0.773771,0.000851,-0.004526,-0.002567,-0.0,0.0,0.0,0.070397,0.035919,0.046709,0.001023,-0.921012,0.091428,0.378651,0.115617,-0.864099,0.489862,0.371979,0.494948,0.785275,0.000457,-0.002427,-0.001377,-2.5e-05,-8e-06,-1.8e-05,-0.089444,0.100206,0.035915,-0.053195,-0.679626,-0.141236,-0.719833,-0.147995,-0.934712,0.323126,-0.718473,0.326137,0.614352,-0.029829,0.013106,0.008722,0.059496,0.336471,-0.388184,-0.16086
3139,0.12306,0.024532,0.375919,-0.731941,-0.079023,-0.676803,-0.267887,-0.879916,0.392371,-0.62563,0.468593,0.623726,-0.082879,0.037368,0.024503,0.380405,0.827478,-0.180699,-0.0695,-0.117699,0.056361,0.363603,0.925951,-0.111366,0.36084,-0.100506,0.848192,0.520003,-0.365131,-0.517621,0.7737,-0.010489,-0.008667,-0.004008,-0.002045,0.015205,-0.029245,0.058648,0.0359,0.0466,0.000926,-0.920798,0.091095,0.379251,0.116127,-0.864219,0.489529,0.37235,0.494799,0.785193,0.000757,-0.004019,-0.002285,-0.002122,0.014979,-0.024537,-0.092384,0.09878,0.036616,-0.052809,-0.704131,-0.125305,-0.698924,-0.161504,-0.930245,0.329484,-0.691458,0.344879,0.634778,-0.041436,0.018807,0.012367,0.411468,0.830982,0.033494,-0.228626
3140,0.119768,0.025918,0.377142,-0.754232,-0.030692,-0.655925,-0.302618,-0.870272,0.388614,-0.581826,0.491634,0.647921,-0.094381,0.033625,0.037479,-3.357682,2.761503,3.447447,-0.108933,-0.117637,0.056088,0.363372,0.926194,-0.109166,0.360887,-0.101405,0.849578,0.517561,-0.364261,-0.515818,0.775312,0.00182,-0.009694,-0.00553,0.364869,-0.263924,-0.227018,0.04769,0.035925,0.046466,0.000812,-0.920621,0.090451,0.379835,0.116755,-0.864517,0.488852,0.372591,0.494395,0.785333,4e-05,0.000573,-0.006882,0.465786,-0.319259,-0.242284,-0.110999,0.09714,0.037316,-0.052199,-0.733019,-0.084491,-0.674939,-0.191543,-0.926462,0.324003,-0.652681,0.366781,0.66293,-0.047158,0.017128,0.018977,0.320883,0.687717,-0.092199,-0.265856
3141,0.117946,0.026698,0.377857,-0.76402,-0.006616,-0.645194,-0.313022,-0.870607,0.379517,-0.563275,0.491922,0.663898,-0.093224,0.037528,0.03967,0.535833,1.08152,-0.1116,-0.135938,-0.117595,0.05592,0.363232,0.926052,-0.108957,0.361313,-0.101763,0.849658,0.517359,-0.364522,-0.515731,0.775248,0.002091,-0.011135,-0.006364,0.003253,0.010912,-0.027481,0.0534,0.035947,0.046379,0.00074,-0.920899,0.088551,0.379607,0.117356,-0.865687,0.486634,0.371713,0.49269,0.786819,0.001083,-0.005745,-0.003284,-0.018514,0.021425,-0.023212,-0.112958,0.096193,0.037718,-0.051828,-0.746387,-0.05903,-0.662887,-0.206946,-0.92609,0.315482,-0.632517,0.372654,0.679006,-0.046562,0.019133,0.0201,0.626634,1.186179,-0.06654,-0.283328
3142,0.114167,0.028508,0.37951,-0.78008,0.037484,-0.624593,-0.329519,-0.873192,0.359062,-0.530964,0.48586,0.694293,-0.090568,0.045894,0.044242,0.514428,1.008172,-0.117302,-0.190849,-0.117507,0.055471,0.362823,0.92611,-0.102474,0.363057,-0.104998,0.854156,0.509241,-0.363451,-0.509603,0.77979,0.001399,-0.005877,-0.017838,0.238198,-0.131376,-0.143663,0.057241,0.03599,0.04616,0.000545,-0.920748,0.082543,0.381325,0.120316,-0.869659,0.478764,0.371142,0.486701,0.790806,0.001607,-0.00852,-0.004895,0.294789,-0.199328,-0.172474,-0.105937,0.094376,0.038586,-0.051036,-0.76749,-0.018808,-0.640784,-0.223196,-0.929188,0.294603,-0.60095,0.369126,0.708946,-0.045198,0.02356,0.022546,0.190995,0.669376,0.005848,-0.323498
3143,0.110653,0.03022,0.381378,-0.788718,0.060227,-0.611835,-0.330249,-0.880931,0.338923,-0.517595,0.469293,0.715463,-0.089065,0.048741,0.045429,0.450742,0.695761,0.160456,-0.242416,-0.117401,0.054897,0.362188,0.92298,-0.093343,0.373345,-0.112578,0.862022,0.494144,-0.369111,-0.497997,0.784614,0.002353,-0.010952,-0.02085,0.491611,-0.41665,-0.106965,0.053928,0.036042,0.045875,0.000228,-0.917053,0.073934,0.391849,0.127775,-0.876366,0.464386,0.377738,0.475936,0.794228,0.00217,-0.011505,-0.006664,0.488077,-0.45813,-0.15633,-0.105773,0.092581,0.039466,-0.050081,-0.779646,0.001872,-0.626216,-0.222325,-0.935678,0.274,-0.585424,0.352847,0.729915,-0.044856,0.019464,0.027443,0.404903,0.807757,0.000702,-0.358768
3144,0.109011,0.030921,0.382432,-0.79008,0.072403,-0.60875,-0.33541,-0.882255,0.330301,-0.512179,0.46505,0.7221,-0.089573,0.037587,0.053749,0.359437,0.638286,0.105242,-0.279616,-0.117336,0.054633,0.361762,0.919186,-0.088542,0.38373,-0.118208,0.867253,0.483563,-0.376757,-0.489732,0.786181,0.002582,-0.012158,-0.021607,0.25234,0.002042,-0.086083,0.041409,0.036075,0.045741,1.4e-05,-0.913522,0.067336,0.401175,0.133355,-0.882132,0.451728,0.384308,0.466163,0.796868,0.001406,-0.006639,-0.011128,0.386907,0.606679,-0.646903,-0.111979,0.091762,0.039825,-0.049555,-0.782498,0.013468,-0.622507,-0.2272,-0.937008,0.26532,-0.579721,0.349046,0.736267,-0.03901,0.012688,0.030794,0.31965,0.653302,0.122946,-0.381139
3145,0.10592,0.032206,0.384681,-0.797679,0.092231,-0.596026,-0.343198,-0.882061,0.32273,-0.494978,0.46187,0.736003,-0.07649,0.028711,0.062942,0.121558,0.383804,0.027435,-0.345095,-0.117228,0.054136,0.360805,0.914828,-0.07942,0.395946,-0.124094,0.877574,0.463032,-0.38539,-0.472629,0.792439,0.003282,-0.015866,-0.023908,0.174221,-0.153676,0.060665,0.008267,0.03613,0.045487,-0.000473,-0.90888,0.057654,0.413051,0.139084,-0.8918,0.430519,0.393181,0.448739,0.802521,0.001704,-0.008187,-0.012103,0.105184,-0.133547,0.085788,-0.146596,0.09021,0.040467,-0.048435,-0.793336,0.03221,-0.60793,-0.234663,-0.93761,0.256553,-0.561738,0.346191,0.751399,-0.037982,0.01928,0.02686,0.169365,0.430226,0.061821,-0.433392
3146,0.103052,0.033734,0.386835,-0.800349,0.159366,-0.578005,-0.396011,-0.86434,0.30994,-0.449207,0.476753,0.755609,-0.062627,0.037833,0.052468,-2.640419,2.638978,4.310614,-0.356231,-0.117123,0.053681,0.359648,0.91612,-0.075786,0.393666,-0.120627,0.884183,0.451226,-0.383415,-0.460769,0.800343,0.001996,-0.007436,-0.033702,0.206095,-0.250028,0.242196,-0.021417,0.036182,0.045262,-0.001039,-0.910076,0.05407,0.410897,0.13576,-0.897855,0.418837,0.391573,0.436957,0.809777,0.001935,-0.0094,-0.012904,0.146446,-0.131492,0.045471,-0.179744,0.088773,0.041232,-0.047352,-0.804158,0.09075,-0.587447,-0.283954,-0.92687,0.245522,-0.522206,0.364246,0.771119,-0.037129,0.024869,0.022313,0.267176,0.479619,0.1116,-0.460825
3147,0.10041,0.035248,0.388613,-0.808351,0.179722,-0.560638,-0.401624,-0.864626,0.301814,-0.429498,0.46891,0.771805,-0.052275,0.026965,0.045787,0.135043,0.413769,-0.155196,-0.395133,-0.117001,0.053299,0.358383,0.916894,-0.070283,0.392883,-0.123405,0.886046,0.446796,-0.380661,-0.458061,0.803206,0.013915,-0.005433,-0.033669,0.068502,0.017686,-0.003272,-0.058309,0.036239,0.045066,-0.001674,-0.91088,0.048735,0.409782,0.138427,-0.899384,0.414663,0.38876,0.434433,0.812485,0.001036,-0.003811,-0.01699,0.055493,0.035714,-0.025678,-0.215341,0.087451,0.042005,-0.046454,-0.815513,0.1156,-0.567075,-0.294677,-0.926261,0.234955,-0.498099,0.358713,0.789444,-0.031722,0.020084,0.019326,0.164221,0.297388,0.033176,-0.479113
3148,0.099389,0.035829,0.389403,-0.810741,0.190733,-0.553503,-0.405665,-0.864705,0.29613,-0.421131,0.464379,0.779119,-0.052025,0.034414,0.034986,0.313886,0.566358,-0.056047,-0.432402,-0.116936,0.053113,0.357772,0.91628,-0.062292,0.395654,-0.130442,0.887399,0.442088,-0.379788,-0.456609,0.804446,0.001724,-0.00595,-0.033056,0.080597,0.022843,-0.040238,-0.069156,0.036276,0.04497,-0.001981,-0.910181,0.040604,0.412215,0.145337,-0.900604,0.409618,0.387875,0.432737,0.813812,0.006815,-0.001805,-0.016325,0.055765,0.001782,0.0248,-0.231997,0.08694,0.042294,-0.046054,-0.818966,0.124748,-0.560116,-0.29862,-0.926155,0.23035,-0.490019,0.355911,0.795743,-0.02049,0.010704,0.021204,0.435253,0.642069,0.205088,-0.497892
3149,0.097761,0.036842,0.390873,-0.810066,0.229357,-0.53966,-0.433249,-0.854285,0.287165,-0.394157,0.46614,0.792073,-0.02926,0.016839,0.039344,-0.757965,0.855809,1.213628,-0.517666,-0.116844,0.052841,0.356555,0.916457,-0.039448,0.398173,-0.152667,0.885198,0.439375,-0.370941,-0.463408,0.804686,0.001142,-0.002847,-0.031306,0.066626,0.016243,-0.011138,-0.075971,0.036323,0.044831,-0.002581,-0.910112,0.017832,0.413977,0.167523,-0.897947,0.406971,0.378987,0.43974,0.814246,0.000609,-0.00151,-0.015706,0.049873,0.000429,-0.042667,-0.249796,0.086131,0.04279,-0.045335,-0.824373,0.157894,-0.543578,-0.321756,-0.920788,0.220501,-0.465705,0.356675,0.809876,-0.020701,0.009473,0.020421,0.20875,0.4779,-0.087983,-0.554554
3150,0.096562,0.037587,0.392257,-0.814771,0.25839,-0.519064,-0.44514,-0.852395,0.274308,-0.370561,0.454228,0.810178,-0.030011,0.013583,0.037433,0.302265,0.485643,0.139446,-0.58514,-0.116879,0.052716,0.355375,0.916244,-0.011353,0.400448,-0.179785,0.881455,0.436633,-0.35908,-0.472043,0.805046,0.001109,-0.002683,-0.031311,0.050903,0.139025,-0.200187,-0.07653,0.036305,0.04477,-0.003192,-0.909603,-0.010335,0.415348,0.194563,-0.893897,0.403846,0.367106,0.448151,0.815103,0.000561,-0.001254,-0.015604,0.051437,0.140977,-0.198803,-0.255348,0.085506,0.043181,-0.044616,-0.832521,0.189571,-0.520548,-0.338707,-0.917729,0.207484,-0.438389,0.349048,0.828238,-0.015079,0.006622,0.018647,0.275006,0.448126,0.129387,-0.60844
3151,0.095895,0.037791,0.393726,-0.819125,0.29464,-0.492205,-0.458765,-0.851584,0.253598,-0.343419,0.433164,0.833342,-0.007627,-0.003964,0.041996,0.524387,0.747922,0.34288,-0.707306,-0.117038,0.052619,0.354062,0.914918,0.037026,0.401926,-0.223689,0.875206,0.42885,-0.337033,-0.482316,0.808482,-0.000389,0.006831,-0.040382,0.22428,-0.423036,-0.593958,-0.086978,0.036225,0.044722,-0.003831,-0.90773,-0.057168,0.415639,0.23759,-0.886558,0.396943,0.345796,0.45907,0.818339,-0.005306,-0.003095,-0.01627,-0.044659,-1.069677,-1.651834,-0.261553,0.085175,0.043281,-0.043899,-0.841603,0.222281,-0.492234,-0.351828,-0.917115,0.187395,-0.409781,0.330894,0.850051,-0.003564,0.002539,0.016101,0.763505,1.054439,0.255542,-0.681594
3152,0.095673,0.037741,0.394528,-0.821687,0.317416,-0.473416,-0.467459,-0.850519,0.24098,-0.32514,0.418914,0.847834,-0.007684,-0.004214,0.041834,0.835654,1.301821,0.133215,-0.759595,-0.117146,0.052638,0.353336,0.914179,0.057184,0.401245,-0.24007,0.873849,0.422714,-0.327598,-0.482837,0.812041,-0.010586,-0.006432,-0.032763,0.477679,-0.265119,-0.307184,-0.093543,0.036175,0.044736,-0.004198,-0.90683,-0.07753,0.414303,0.254179,-0.884687,0.390794,0.336231,0.459691,0.821968,-0.000204,0.003601,-0.020099,0.531143,-0.341753,-0.286981,-0.266615,0.085063,0.043254,-0.043498,-0.846879,0.242428,-0.473312,-0.3605,-0.916034,0.175841,-0.390942,0.319545,0.863165,-0.009741,-0.000572,0.021894,0.593245,0.922343,0.175341,-0.726009
3153,0.095398,0.037516,0.396236,-0.825837,0.359736,-0.434313,-0.483039,-0.848668,0.215426,-0.290068,0.387244,0.875174,-0.008494,-0.014247,0.051099,0.607404,1.42278,0.542145,-0.828701,-0.117271,0.052967,0.351694,0.914649,0.097868,0.392212,-0.266218,0.875775,0.402592,-0.305232,-0.472769,0.826551,-0.00038,0.006758,-0.040562,0.500533,-0.295229,-0.283257,-0.121953,0.036109,0.044895,-0.005016,-0.907279,-0.118795,0.4034,0.280016,-0.886342,0.368765,0.313743,0.447531,0.837424,-0.000186,0.003517,-0.020195,0.595996,-0.53821,-0.237096,-0.286699,0.084923,0.043139,-0.042629,-0.85739,0.281689,-0.430734,-0.375495,-0.914732,0.149224,-0.351972,0.289681,0.890056,-0.00427,-0.00712,0.025554,0.535999,1.354933,0.523792,-0.789692
3154,0.0954,0.037129,0.397925,-0.829098,0.384332,-0.406118,-0.490816,-0.848165,0.199215,-0.266863,0.364015,0.892359,0.003873,-0.007956,0.039454,0.262633,0.578387,-0.163737,-0.886761,-0.117279,0.053383,0.349958,0.913422,0.142903,0.381091,-0.293648,0.879538,0.374323,-0.282834,-0.454004,0.844836,-0.00193,0.016605,-0.049353,0.661174,-0.358139,-0.286954,-0.149937,0.036105,0.0451,-0.005864,-0.905768,-0.163176,0.391098,0.307133,-0.888651,0.34054,0.291982,0.428569,0.855029,0.005972,0.003789,-0.020612,0.954718,-0.582873,-0.428103,-0.314459,0.084922,0.042949,-0.041799,-0.864112,0.305194,-0.400207,-0.383656,-0.914094,0.131297,-0.325756,0.266997,0.906969,-0.003999,-0.002605,0.020611,0.315642,0.570059,-0.128971,-0.80945
3155,0.095462,0.036948,0.398713,-0.826068,0.394726,-0.402303,-0.497755,-0.84576,0.192101,-0.263401,0.35844,0.895638,0.01575,-0.010434,0.037808,0.157543,0.147557,-0.15906,-0.918519,-0.117255,0.05356,0.349112,0.911657,0.159705,0.378639,-0.304703,0.880748,0.362456,-0.276739,-0.446011,0.851089,-0.000243,0.006054,-0.041148,0.488228,-0.243644,-0.231831,-0.161511,0.036117,0.045189,-0.006292,-0.903866,-0.180392,0.387923,0.318261,-0.889479,0.327926,0.285894,0.419863,0.861382,4.1e-05,0.00234,-0.021015,0.727393,-0.433045,-0.197445,-0.327032,0.084948,0.042858,-0.041405,-0.862538,0.315827,-0.395323,-0.390812,-0.912075,0.124028,-0.321393,0.261476,0.910129,0.001956,-0.003802,0.01981,0.461147,-0.391714,0.080328,-0.8119
3156,0.095786,0.036711,0.400098,-0.818187,0.397721,-0.415252,-0.501704,-0.84661,0.177532,-0.279935,0.353088,0.892744,0.015378,-0.011638,0.037151,-0.097321,0.007897,0.03573,-1.029554,-0.117187,0.053895,0.347538,0.909402,0.164581,0.381958,-0.305588,0.887195,0.345594,-0.28313,-0.431216,0.856594,0.011094,0.011947,-0.038537,0.133814,-0.016049,0.024236,-0.186777,0.036152,0.045355,-0.007114,-0.90148,-0.186163,0.390737,0.319289,-0.895527,0.309975,0.29221,0.404195,0.86674,0.005551,0.006105,-0.019184,0.058461,0.013243,0.054464,-0.351036,0.08511,0.042741,-0.040712,-0.854767,0.319928,-0.408679,-0.394177,-0.912406,0.110173,-0.337634,0.255264,0.906003,0.0022,0.000625,0.014795,-0.081112,0.085912,-0.164786,-0.811573
3157,0.096229,0.036408,0.401224,-0.815017,0.403805,-0.415612,-0.506515,-0.844817,0.172334,-0.280517,0.350462,0.893595,0.014576,-0.007219,0.024897,0.336371,0.336349,0.387622,-1.06247,-0.117065,0.054204,0.346245,0.902532,0.173589,0.394074,-0.317132,0.886848,0.335949,-0.292295,-0.4284,0.854927,1.2e-05,0.003157,-0.028121,0.090979,-0.07301,0.146869,-0.197406,0.036213,0.045507,-0.007751,-0.894251,-0.19516,0.402773,0.330712,-0.894497,0.300836,0.301569,0.402225,0.864447,-9e-06,0.001794,-0.013922,0.089122,0.076784,-0.035302,-0.368835,0.085339,0.042591,-0.040132,-0.852245,0.325158,-0.409815,-0.398877,-0.910754,0.106882,-0.338488,0.254555,0.905884,0.007224,-0.003772,0.012357,0.316515,0.316086,0.377507,-0.843415
3158,0.096452,0.036319,0.401738,-0.813025,0.409327,-0.414111,-0.510171,-0.843551,0.167686,-0.279678,0.347086,0.895175,0.003258,-0.002839,0.027469,0.263865,0.279326,0.325456,-1.102334,-0.116989,0.054314,0.345708,0.902828,0.171191,0.394446,-0.315461,0.886885,0.337423,-0.293193,-0.429286,0.854175,0.01175,0.006998,-0.026759,0.058172,-0.08744,0.202134,-0.197078,0.036247,0.045561,-0.008019,-0.894579,-0.192587,0.403281,0.329017,-0.894502,0.302673,0.302446,0.403452,0.863569,-0.000205,0.002824,-0.013259,0.064568,0.025246,0.007263,-0.371611,0.085447,0.042542,-0.039888,-0.851194,0.330991,-0.407323,-0.402398,-0.909809,0.10159,-0.336961,0.250379,0.907615,0.00772,-0.002016,0.013233,0.454662,0.442325,0.45182,-0.846517
3159,0.096865,0.036254,0.402975,-0.813263,0.420034,-0.402766,-0.513975,-0.843013,0.158527,-0.271943,0.335409,0.901984,0.016307,-0.0081,0.038825,0.257212,0.379349,0.226097,-1.169827,-0.116967,0.05446,0.344804,0.90201,0.168137,0.397617,-0.314877,0.886153,0.339881,-0.29633,-0.431991,0.851725,-0.001048,0.008777,-0.024485,0.059132,0.024597,-0.002605,-0.197652,0.036263,0.045633,-0.008473,-0.893855,-0.189363,0.406403,0.328161,-0.893947,0.305234,0.305503,0.406201,0.861201,0.000282,-0.000587,-0.007954,0.040294,0.110122,-0.169649,-0.37357,0.085646,0.042502,-0.039279,-0.853019,0.340997,-0.395067,-0.406067,-0.909199,0.092006,-0.327821,0.238906,0.914033,0.002566,0.001991,0.015403,0.453537,0.55076,0.250656,-0.857948
3160,0.097282,0.036015,0.404576,-0.814536,0.426502,-0.393284,-0.516147,-0.842255,0.155468,-0.26393,0.329091,0.906679,0.016279,-0.015241,0.049626,0.044645,0.208455,0.125759,-1.17728,-0.116915,0.054555,0.344236,0.901103,0.167119,0.400095,-0.315356,0.885715,0.340578,-0.298579,-0.433281,0.850283,0.001361,-0.007175,-0.004747,-0.016014,0.110605,-0.164498,-0.198447,0.036289,0.045682,-0.008766,-0.893014,-0.188377,0.408704,0.328422,-0.893698,0.305682,0.307675,0.407206,0.859953,-0.000167,0.001752,-0.006418,0.039575,0.006722,-0.004289,-0.374713,0.085855,0.042386,-0.038481,-0.855288,0.346926,-0.384867,-0.408319,-0.908545,0.088428,-0.318991,0.23278,0.918725,0.002593,-0.001451,0.02086,0.142637,0.271115,0.137103,-0.855008
3161,0.097777,0.035575,0.406375,-0.813871,0.428012,-0.393021,-0.518682,-0.840004,0.159165,-0.261007,0.332855,0.906151,0.004684,-0.004759,0.040755,-0.102416,0.026743,0.003122,-1.149923,-0.116927,0.05454,0.344013,0.900215,0.168073,0.40169,-0.31676,0.885579,0.339627,-0.299771,-0.433192,0.849909,0.000386,-0.002033,-0.001348,-0.0,0.0,0.0,-0.199742,0.036284,0.045674,-0.008879,-0.892036,-0.189444,0.410343,0.32989,-0.893517,0.304629,0.308939,0.407108,0.859545,0.000179,-0.000919,-0.00061,0.00036,0.000196,0.000608,-0.375856,0.08611,0.042171,-0.037574,-0.854814,0.348649,-0.384364,-0.411261,-0.906858,0.09204,-0.316474,0.236752,0.918581,0.007915,-0.008272,0.024468,-0.130698,-0.070619,0.220183,-0.852559
3162,0.097992,0.035313,0.407243,-0.813259,0.429057,-0.393147,-0.520282,-0.838702,0.160805,-0.259732,0.334784,0.905807,0.014943,-0.019875,0.047323,-0.136349,0.028882,0.016235,-1.122203,-0.116932,0.054515,0.344008,0.899731,0.166781,0.403312,-0.317053,0.884655,0.341756,-0.300918,-0.435573,0.848286,3.6e-05,-0.000191,-0.000126,-0.010437,0.007362,0.005972,-0.19956,0.036281,0.045662,-0.00888,-0.891522,-0.18806,0.412093,0.330201,-0.892582,0.307024,0.310088,0.409792,0.857854,-3.1e-05,0.000173,0.000115,0.015667,-0.006677,-0.000955,-0.376346,0.086215,0.042049,-0.037141,-0.854343,0.349725,-0.384432,-0.413002,-0.905893,0.093728,-0.315476,0.238847,0.918382,0.00786,-0.004844,0.018952,-0.101443,0.011378,0.031382,-0.847334
3163,0.098416,0.034654,0.40887,-0.811241,0.431961,-0.394136,-0.524418,-0.835606,0.163464,-0.257728,0.338758,0.904901,0.002586,-0.012255,0.037103,-0.102508,0.026505,0.003011,-1.077821,-0.116906,0.054522,0.344056,0.899014,0.167605,0.404567,-0.318371,0.884319,0.341399,-0.301669,-0.435939,0.84783,0.011945,0.002832,0.000728,0.002043,-0.015204,0.029246,-0.199404,0.036289,0.04567,-0.008853,-0.89079,-0.189027,0.413232,0.331494,-0.892312,0.306414,0.310812,0.409935,0.857524,-0.000115,0.000612,0.000406,0.000767,-0.000321,1.1e-05,-0.376183,0.086432,0.04172,-0.036322,-0.852699,0.352896,-0.385185,-0.417523,-0.903527,0.0965,-0.313971,0.243109,0.917779,0.006641,-0.012832,0.022266,-0.12961,-0.042277,0.169868,-0.838516
3164,0.098735,0.033859,0.410349,-0.807373,0.435792,-0.397844,-0.529796,-0.832214,0.163426,-0.258872,0.342175,0.903288,0.012928,-0.019938,0.033011,-0.094939,-0.05842,0.187323,-1.039789,-0.11687,0.054581,0.34409,0.898165,0.168553,0.406054,-0.319872,0.883978,0.340879,-0.302609,-0.436267,0.847327,-0.000153,0.000808,0.000535,-0.0,0.0,0.0,-0.199614,0.03631,0.045703,-0.008834,-0.889922,-0.189998,0.414654,0.332955,-0.89195,0.305884,0.311733,0.410274,0.857027,-9.6e-05,0.000503,0.000334,5.1e-05,5.6e-05,0.000128,-0.376509,0.086588,0.041326,-0.035581,-0.849368,0.35729,-0.388481,-0.423147,-0.900897,0.096596,-0.315469,0.24643,0.916379,0.000535,-0.008793,0.017282,-0.104176,0.039146,-0.024254,-0.831495
3165,0.099096,0.032903,0.411835,-0.805265,0.440825,-0.396569,-0.533649,-0.830319,0.160502,-0.257529,0.340322,0.904371,0.011882,-0.031029,0.04211,0.244801,0.461852,0.161021,-1.03907,-0.116883,0.054599,0.344126,0.897219,0.16963,0.407694,-0.321569,0.883573,0.340333,-0.303617,-0.436672,0.846757,-0.000113,0.000594,0.000393,-0.015914,0.110577,-0.164527,-0.199553,0.036303,0.045717,-0.008819,-0.889015,-0.191028,0.416123,0.3345,-0.891555,0.305349,0.312666,0.410654,0.856505,-8.1e-05,0.00042,0.000278,1e-05,2.1e-05,0.000101,-0.376673,0.086768,0.040847,-0.034843,-0.84758,0.361336,-0.388642,-0.427133,-0.899123,0.095575,-0.314903,0.247009,0.916417,0.000374,-0.009394,0.017021,-0.106578,-0.054129,0.154339,-0.837373
3166,0.099156,0.032431,0.412577,-0.805534,0.443933,-0.392536,-0.534708,-0.830034,0.158438,-0.254485,0.336962,0.906488,0.000732,-0.019037,0.03396,0.108121,0.182234,0.248851,-1.037961,-0.116883,0.054599,0.344126,0.89696,0.169922,0.408143,-0.322026,0.883468,0.340172,-0.303899,-0.436771,0.846605,-2e-06,1e-05,7e-06,-0.0,0.0,0.0,-0.199142,0.036304,0.045714,-0.008815,-0.888673,-0.191418,0.416675,0.335087,-0.891399,0.305161,0.313011,0.410811,0.856304,4e-06,-2.8e-05,-1.7e-05,1.4e-05,1.8e-05,7.8e-05,-0.376509,0.086801,0.040606,-0.03447,-0.848676,0.365084,-0.382702,-0.428119,-0.899055,0.091726,-0.310583,0.241687,0.919306,0.005852,-0.015774,0.020946,0.13151,0.335515,0.106407,-0.840149
3167,0.099127,0.03143,0.414093,-0.801651,0.453916,-0.389053,-0.539056,-0.830198,0.141991,-0.257546,0.322979,0.910704,0.000166,-0.021135,0.033025,0.286194,0.366588,0.155098,-1.023208,-0.11687,0.054578,0.344111,0.896358,0.170594,0.409185,-0.323084,0.883225,0.3398,-0.304554,-0.437001,0.846251,0.000238,-0.001254,-0.00083,-0.0,0.0,0.0,-0.199162,0.03631,0.045706,-0.008821,-0.888058,-0.192105,0.417668,0.336118,-0.891139,0.304786,0.31365,0.411054,0.855954,3e-06,-1.3e-05,-8e-06,0.0,4e-06,5.3e-05,-0.376019,0.086787,0.040106,-0.033712,-0.84597,0.374985,-0.379104,-0.432216,-0.89859,0.075663,-0.312286,0.227863,0.922255,-0.000388,-0.015834,0.021187,0.528309,0.425592,0.268702,-0.841455
3168,0.099168,0.030448,0.415402,-0.79857,0.458877,-0.389568,-0.542886,-0.828586,0.136719,-0.259065,0.320095,0.911291,-0.00073,-0.024452,0.031519,-0.090378,-0.023157,0.134989,-1.028914,-0.116879,0.054577,0.344111,0.895892,0.171118,0.409987,-0.323904,0.883037,0.339509,-0.305056,-0.437178,0.845979,0.0,-0.0,-0.0,-0.0,0.0,0.0,-0.198587,0.036306,0.045702,-0.008823,-0.887564,-0.192661,0.41846,0.336947,-0.890929,0.304483,0.314157,0.411248,0.855674,-1e-06,7e-06,6e-06,-0.015883,0.110579,-0.164501,-0.375856,0.086808,0.039618,-0.033056,-0.843718,0.380866,-0.378258,-0.436164,-0.897177,0.069516,-0.312889,0.223635,0.923085,-0.000315,-0.01196,0.015885,-0.129827,0.012272,-0.032149,-0.847334
3169,0.099216,0.030032,0.415978,-0.797843,0.462853,-0.38634,-0.544959,-0.827731,0.133615,-0.256954,0.316563,0.913121,0.000422,-0.01298,0.022595,0.221571,0.257242,0.297718,-1.031347,-0.116878,0.05457,0.344106,0.895751,0.171274,0.410227,-0.324149,0.88298,0.339422,-0.305207,-0.437231,0.845897,0.000199,-0.001047,-0.000693,-0.0,0.0,0.0,-0.198898,0.036306,0.045701,-0.008824,-0.887419,-0.192824,0.418693,0.337189,-0.890868,0.304394,0.314306,0.411305,0.855592,0.000139,-0.00072,-0.000473,-0.002292,0.016027,-0.02381,-0.375856,0.086831,0.039409,-0.032779,-0.843377,0.383492,-0.376362,-0.438043,-0.896358,0.068255,-0.31118,0.222427,0.923954,-1.7e-05,-0.007251,0.010936,0.293473,0.439777,0.126599,-0.844885
3170,0.099127,0.029517,0.416795,-0.796515,0.468993,-0.381648,-0.54825,-0.826349,0.128612,-0.25407,0.311091,0.915804,0.000604,-0.005055,0.011983,0.175514,0.240254,0.100366,-1.029941,-0.11687,0.054527,0.344067,0.895365,0.1717,0.410892,-0.324813,0.882836,0.339161,-0.305634,-0.437356,0.845678,0.000439,-0.002312,-0.001532,-0.018221,0.126604,-0.188363,-0.198127,0.03631,0.045681,-0.008843,-0.887097,-0.19318,0.419212,0.337718,-0.890743,0.304176,0.31465,0.411409,0.855416,0.000102,-0.000528,-0.000347,-2e-06,6e-06,2e-05,-0.375693,0.086786,0.039142,-0.032354,-0.842952,0.390232,-0.370336,-0.441654,-0.895028,0.062171,-0.307201,0.215968,0.926813,-0.000209,-0.007981,0.010606,0.237278,0.375425,0.093978,-0.84815
3171,0.099024,0.029394,0.417259,-0.795349,0.471859,-0.380547,-0.550339,-0.825236,0.126825,-0.253213,0.309708,0.916511,-0.010139,0.008579,0.004489,0.004316,0.007956,-0.001331,-1.028297,-0.116826,0.054445,0.34401,0.895021,0.172074,0.411483,-0.325408,0.882698,0.338951,-0.306008,-0.437489,0.845474,0.000644,-0.003392,-0.002249,-0.002306,0.016023,-0.023839,-0.197941,0.036332,0.045641,-0.008871,-0.886673,-0.193646,0.419894,0.338421,-0.890563,0.30392,0.31509,0.411578,0.855172,0.00627,-0.000138,-0.000668,0.002037,-0.015191,0.029257,-0.375366,0.086737,0.039071,-0.032121,-0.842238,0.393527,-0.368469,-0.44392,-0.894066,0.059833,-0.30589,0.213965,0.927712,0.000404,-0.002119,0.006187,-0.05046,-0.000488,-0.021762,-0.846844
3172,0.098986,0.029475,0.417408,-0.794972,0.472301,-0.380785,-0.550875,-0.824882,0.126802,-0.25323,0.309977,0.916415,0.001901,0.006956,0.003259,5.9e-05,6.7e-05,2.6e-05,-1.029065,-0.116767,0.054381,0.343963,0.894849,0.172253,0.411784,-0.325701,0.882629,0.33885,-0.306202,-0.437558,0.845368,0.000739,-0.003888,-0.00258,-0.0,0.0,0.0,-0.198382,0.036361,0.045608,-0.008894,-0.886484,-0.193844,0.420202,0.338727,-0.890484,0.30381,0.315292,0.411657,0.85506,0.006492,-0.001295,-0.001435,-0.000263,0.000826,0.005412,-0.37553,0.086714,0.039112,-0.032046,-0.84189,0.393937,-0.368826,-0.444493,-0.89377,0.05999,-0.306014,0.214445,0.92756,0.001143,0.00421,0.001975,-0.001731,-0.01477,0.025058,-0.846517
3173,0.098998,0.029818,0.417592,-0.79455,0.472759,-0.381096,-0.551396,-0.82457,0.12657,-0.253419,0.310108,0.916318,0.00236,0.008636,0.00403,0.001275,-0.011301,0.02648,-1.032958,-0.116602,0.054156,0.343802,0.893352,0.179882,0.411771,-0.332265,0.881198,0.33619,-0.303493,-0.437383,0.846435,0.001396,-0.007326,-0.004873,0.263925,-0.17683,-0.179557,-0.198467,0.036442,0.045502,-0.008971,-0.884914,-0.200242,0.420511,0.344889,-0.888501,0.302681,0.313015,0.412876,0.855309,0.006693,-0.002323,-0.002129,0.575394,-0.400506,-0.251531,-0.375856,0.08672,0.039283,-0.031954,-0.841537,0.394421,-0.369116,-0.445017,-0.893522,0.059805,-0.306226,0.214591,0.927456,0.00117,0.004296,0.002006,-0.008723,0.077933,-0.18303,-0.849947
3174,0.099073,0.030235,0.417777,-0.800466,0.462395,-0.381432,-0.541796,-0.830335,0.13028,-0.255484,0.310362,0.915658,-0.008822,0.013283,0.006646,-3e-05,0.002368,-0.00452,-1.039552,-0.116516,0.053862,0.343558,0.891663,0.187654,0.411964,-0.339023,0.8797,0.333354,-0.300963,-0.437144,0.84746,0.001862,-0.009764,-0.006515,0.308233,-0.195251,-0.231162,-0.198184,0.036486,0.045352,-0.009089,-0.883138,-0.207746,0.420603,0.351575,-0.886709,0.300234,0.31058,0.413022,0.856126,0.000936,-0.004899,-0.003271,0.42731,-0.296445,-0.276451,-0.37553,0.086761,0.039489,-0.031863,-0.846088,0.383373,-0.370348,-0.434805,-0.898284,0.063469,-0.308346,0.21473,0.926721,0.001173,0.000678,0.007473,-0.022756,0.01222,0.00944,-0.852722
3175,0.09916,0.030614,0.418245,-0.803426,0.462111,-0.375507,-0.54126,-0.829605,0.136988,-0.247224,0.312727,0.91712,0.003785,0.006614,0.017343,-0.032876,-0.005918,0.036048,-1.051742,-0.11644,0.053469,0.343261,0.8866,0.204357,0.414933,-0.353455,0.877811,0.323189,-0.299293,-0.433461,0.84994,0.002305,-0.012085,-0.008096,0.429353,-0.296055,-0.278009,-0.198339,0.036523,0.045157,-0.009242,-0.877897,-0.224653,0.42288,0.365814,-0.884503,0.289539,0.308993,0.408881,0.858684,0.001218,-0.006365,-0.004266,0.469886,-0.319092,-0.335814,-0.375529,0.0868,0.039679,-0.031629,-0.849118,0.38237,-0.364403,-0.434473,-0.897946,0.070174,-0.300382,0.21791,0.928592,0.001935,0.003485,0.008755,-0.027597,-0.011317,0.03871,-0.848803
3176,0.09923,0.030753,0.418609,-0.803239,0.462424,-0.375522,-0.541725,-0.829217,0.137494,-0.246814,0.31329,0.917038,0.003958,0.00726,0.017616,-0.033775,0.004953,0.00978,-1.052969,-0.116393,0.053225,0.343085,0.883011,0.21164,0.418918,-0.36088,0.876664,0.318056,-0.301039,-0.432296,0.849917,0.002571,-0.013477,-0.009051,0.983667,2.237869,-1.393917,-0.198054,0.036547,0.045036,-0.009329,-0.87549,-0.233316,0.423178,0.372589,-0.883575,0.283676,0.307723,0.406028,0.860492,0.001219,-0.006357,-0.004271,0.068758,-0.04646,-0.074398,-0.37553,0.086834,0.039749,-0.031452,-0.848951,0.382708,-0.364438,-0.434986,-0.897663,0.070625,-0.300114,0.218483,0.928545,0.002182,0.004406,0.009165,-0.031767,-0.007083,0.036761,-0.855008
3177,0.099422,0.030906,0.419501,-0.803644,0.463207,-0.373684,-0.542794,-0.827946,0.140893,-0.243133,0.315481,0.91727,0.004569,0.009538,0.018604,-0.032474,-0.006252,0.036299,-1.049603,-0.116364,0.052685,0.342672,0.87889,0.225389,0.420409,-0.369779,0.878518,0.302329,-0.302292,-0.42146,0.8549,0.003101,-0.016267,-0.010983,0.218365,-0.228655,-0.00444,-0.198154,0.036561,0.044768,-0.009535,-0.869891,-0.2472,0.426826,0.3822,-0.884819,0.26649,0.311788,0.39495,0.864176,-0.004547,-0.009064,-0.005528,0.248857,-0.245192,-0.053041,-0.375693,0.086932,0.039828,-0.030999,-0.849485,0.383321,-0.362545,-0.436279,-0.896753,0.074109,-0.296706,0.221126,0.929014,0.002303,0.00488,0.009351,-0.030008,-0.008925,0.037564,-0.855988
3178,0.099665,0.031029,0.420407,-0.805819,0.45935,-0.373763,-0.539233,-0.830024,0.142334,-0.243854,0.315665,0.917016,0.004195,0.008208,0.017943,-0.03246,-0.006194,0.036322,-1.046125,-0.116271,0.052002,0.342213,0.874926,0.238703,0.421328,-0.378104,0.88019,0.28677,-0.303487,-0.410514,0.859789,0.003374,-0.017705,-0.012031,0.310435,-0.195171,-0.23141,-0.19816,0.036608,0.044425,-0.009765,-0.86586,-0.260002,0.427416,0.390117,-0.885756,0.251483,0.3132,0.384491,0.868372,0.001682,-0.008795,-0.005976,0.462498,-0.40041,-0.126176,-0.376019,0.087053,0.039891,-0.030551,-0.85116,0.379206,-0.362943,-0.432469,-0.898484,0.075465,-0.297482,0.221194,0.92875,0.00755,-0.002193,0.01298,-0.067935,0.006438,0.022794,-0.855008
3179,0.099781,0.031043,0.420891,-0.805609,0.461193,-0.371942,-0.540167,-0.829621,0.141137,-0.242482,0.314032,0.917939,0.003114,-0.003027,0.027067,-0.054353,0.0377,-0.000751,-1.048397,-0.116172,0.051634,0.341959,0.871622,0.248731,0.422373,-0.385309,0.880167,0.277086,-0.303926,-0.404577,0.862445,0.015777,-0.016626,-0.01254,0.309015,-0.306354,-0.025972,-0.198182,0.036651,0.044247,-0.009887,-0.86238,-0.270137,0.428165,0.397268,-0.885334,0.241577,0.313811,0.378427,0.870812,0.001804,-0.009425,-0.006428,0.496275,-0.428283,-0.146272,-0.376019,0.087111,0.039906,-0.030321,-0.851241,0.381064,-0.3608,-0.433411,-0.898156,0.073954,-0.295874,0.219328,0.929705,0.001931,0.003553,0.008708,-0.036931,0.002778,0.011631,-0.857621
3180,0.100057,0.030964,0.421797,-0.805221,0.464809,-0.368263,-0.541972,-0.828845,0.13876,-0.239739,0.310737,0.91978,0.014596,-0.006227,0.025099,-0.031463,0.035585,0.064117,-1.050328,-0.116038,0.050985,0.341491,0.866448,0.259928,0.426258,-0.393309,0.881114,0.262448,-0.308445,-0.395381,0.8651,0.003091,-0.016194,-0.011114,0.069353,-0.035178,-0.065328,-0.198845,0.036725,0.04391,-0.010131,-0.857064,-0.282217,0.431038,0.405238,-0.885906,0.225725,0.318156,0.368134,0.873643,0.00166,-0.00866,-0.005944,0.027131,-0.106536,0.095342,-0.376673,0.087246,0.039865,-0.029858,-0.851412,0.384496,-0.356733,-0.435255,-0.897461,0.071514,-0.292657,0.216158,0.931464,0.001616,0.002406,0.008174,-0.027695,0.014015,0.017058,-0.858927
3181,0.100431,0.030714,0.422662,-0.80509,0.469516,-0.362534,-0.543764,-0.828356,0.134607,-0.236109,0.304914,0.922663,0.013286,-0.011041,0.022943,-0.003108,0.080918,0.050031,-1.047771,-0.116024,0.050421,0.341089,0.862188,0.264792,0.431866,-0.396316,0.883435,0.249818,-0.31645,-0.386885,0.86605,0.002568,-0.013474,-0.009297,1.250226,2.147808,-1.361784,-0.198792,0.036734,0.04362,-0.010337,-0.853064,-0.286316,0.436238,0.407694,-0.887505,0.214751,0.325677,0.361048,0.873829,0.001252,-0.006549,-0.004522,1.339651,2.090081,-1.391266,-0.376999,0.087434,0.039747,-0.029422,-0.851944,0.38877,-0.350781,-0.437047,-0.896908,0.067416,-0.28841,0.210743,0.934027,0.006581,-0.005697,0.011388,-0.017,0.066361,0.047567,-0.857784
3182,0.100724,0.0303,0.423531,-0.805286,0.473821,-0.356445,-0.545184,-0.828024,0.13085,-0.232148,0.299105,0.925565,0.012526,-0.013868,0.021697,0.313399,0.458874,0.157092,-1.045895,-0.116111,0.050035,0.34078,0.859896,0.267695,0.434637,-0.398882,0.883566,0.245231,-0.319455,-0.384584,0.865971,-5.6e-05,0.001952,-0.014149,0.044519,0.001684,-0.009899,-0.197905,0.036691,0.043425,-0.010487,-0.850306,-0.289997,0.439181,0.410559,-0.887607,0.208791,0.329272,0.357845,0.873799,0.00087,-0.004553,-0.003151,-0.020452,0.023464,-0.017727,-0.376673,0.087581,0.039541,-0.028987,-0.852479,0.39148,-0.346441,-0.438349,-0.8964,0.065698,-0.284831,0.207869,0.935767,0.000555,-0.005158,0.011891,-0.085662,0.00287,-0.01095,-0.856315
