frame,MLTx,MLTy,MLTz,MLTR1,MLTR2,MLTR3,MLTR4,MLTR5,MLTR6,MLTR7,MLTR8,MLTR9,MLTTVx,MLTTVy,MLTTVz,MLTRVx,MLTRVy,MLTRVz,MLGA,MRTx,MRTy,MRTz,MRTR1,MRTR2,MRTR3,MRTR4,MRTR5,MRTR6,MRTR7,MRTR8,MRTR9,MRTTVx,MRTTVy,MRTTVz,MRTRVx,MRTRVy,MRTRVz,MRGA,SLTx,SLTy,SLTz,SLTR1,SLTR2,SLTR3,SLTR4,SLTR5,SLTR6,SLTR7,SLTR8,SLTR9,SLTTVx,SLTTVy,SLTTVz,SLTRVx,SLTRVy,SLTRVz,SLGA,SRTx,SRTy,SRTz,SRTR1,SRTR2,SRTR3,SRTR4,SRTR5,SRTR6,SRTR7,SRTR8,SRTR9,SRTTVx,SRTTVy,SRTTVz,SRTRVx,SRTRVy,SRTRVz,SRGA
484,0.10947,0.017369,0.370661,-0.269862,0.754433,-0.598374,-0.792883,-0.526651,-0.306508,-0.546046,0.390784,0.741046,-0.00016,-0.000661,-0.000445,0.0,0.0,0.0,0.44682,-0.097521,0.038621,0.33645,0.017974,0.956486,0.291211,-0.999106,0.028171,-0.030468,-0.03735,-0.291605,0.955738,0.009349,0.016216,0.010933,-0.195086,0.214544,0.233665,-1.095449,0.040988,0.037309,-0.016595,0.088225,-0.982397,0.164654,0.980769,0.056783,-0.186726,0.17409,0.177962,0.968514,0.004556,0.008575,0.005823,-0.337122,0.376139,0.340056,-0.80678,0.09227,0.03101,-0.057809,-0.330933,0.7574,-0.562874,-0.760922,-0.566958,-0.315524,-0.558104,0.323886,0.763948,-0.0001,-0.000418,-0.000281,-1e-06,5e-06,7e-06,0.413759
485,0.109492,0.017336,0.370638,-0.269874,0.754431,-0.598371,-0.79288,-0.526658,-0.306503,-0.546044,0.390778,0.74105,-0.000247,-0.001021,-0.000687,0.0,0.0,0.0,0.446679,-0.097278,0.039206,0.336915,0.018969,0.956618,0.29071,-0.999089,0.029088,-0.03013,-0.037284,-0.291077,0.955901,0.009575,0.015147,0.01006,0.00438,-0.030873,0.053317,-1.101375,0.041108,0.037606,-0.016366,0.086529,-0.982426,0.165382,0.981065,0.055156,-0.185653,0.173269,0.178315,0.968597,0.004635,0.008172,0.005484,0.009191,-0.049484,0.076242,-0.80482,0.092282,0.030994,-0.057819,-0.330945,0.757397,-0.562871,-0.760919,-0.566965,-0.315518,-0.558101,0.32388,0.763952,-0.000186,-0.000776,-0.000523,-1e-05,1.2e-05,4e-06,0.413923
486,0.10953,0.017285,0.370604,-0.26988,0.754431,-0.598367,-0.792879,-0.526661,-0.306501,-0.546043,0.390773,0.741054,-0.00036,-0.001488,-0.001002,0.0,0.0,0.0,0.445928,-0.096948,0.039673,0.337293,0.018237,0.957312,0.288466,-0.999047,0.028737,-0.031811,-0.038746,-0.288814,0.956529,0.010274,0.012187,0.007762,0.034323,0.020766,-0.154317,-1.10302,0.041276,0.037849,-0.016164,0.086857,-0.98284,0.16273,0.980704,0.055639,-0.187409,0.175139,0.175868,0.968708,0.00517,0.005941,0.00376,0.020857,0.037141,-0.149866,-0.802534,0.0923,0.030968,-0.057837,-0.33095,0.757397,-0.562867,-0.760917,-0.566968,-0.315517,-0.5581,0.323875,0.763955,-0.000192,-0.000795,-0.000537,-8e-06,9e-06,7e-06,0.413923
487,0.109554,0.017259,0.370586,-0.269729,0.754477,-0.598378,-0.792914,-0.526557,-0.306589,-0.546066,0.390826,0.741009,-0.000221,-0.000916,-0.000617,0.0,0.0,0.0,0.44552,-0.096756,0.039854,0.33744,0.018386,0.957321,0.288428,-0.999048,0.028856,-0.031694,-0.038668,-0.288774,0.956545,0.010776,0.010112,0.006168,-0.011293,0.076648,-0.11325,-1.102571,0.041372,0.037941,-0.016089,0.08678,-0.98283,0.162827,0.980744,0.05558,-0.187218,0.174953,0.175938,0.968729,0.005437,0.004839,0.002912,-0.018857,0.085866,-0.110029,-0.803024,0.092312,0.030954,-0.057847,-0.330803,0.757453,-0.562878,-0.760961,-0.566863,-0.315599,-0.558127,0.323928,0.763913,0.006294,-0.001601,-0.001109,0.000972,-0.014722,0.02955,0.413923
488,0.109561,0.017198,0.370557,-0.269843,0.754448,-0.598363,-0.792902,-0.526622,-0.306507,-0.546027,0.390794,0.741055,-0.000292,-0.00121,-0.000815,0.0,0.0,0.0,0.444712,-0.096313,0.040142,0.337685,0.018427,0.957297,0.288505,-0.999055,0.028838,-0.031483,-0.038463,-0.288855,0.956528,0.011302,0.007923,0.004488,0.004422,-0.030906,0.053291,-1.101489,0.041593,0.038083,-0.015968,0.086734,-0.982806,0.162999,0.980799,0.055553,-0.186938,0.174668,0.176083,0.968754,0.005697,0.003766,0.00209,0.004299,-0.030748,0.053472,-0.801718,0.092315,0.030924,-0.057861,-0.330914,0.757416,-0.562863,-0.760943,-0.56693,-0.315521,-0.558085,0.323897,0.763956,-0.000179,-0.000742,-0.000501,-2e-06,-5e-06,-1e-06,0.413433
489,0.109538,0.017187,0.370549,-0.269932,0.754421,-0.598357,-0.792882,-0.526683,-0.306456,-0.546013,0.390763,0.741081,-1e-06,-6e-06,-4e-06,0.0,0.0,0.0,0.441745,-0.095802,0.040268,0.337838,0.01646,0.957792,0.286975,-0.999041,0.027264,-0.033292,-0.039712,-0.287356,0.956929,0.012306,0.003888,0.001414,-0.013964,0.09259,-0.137109,-1.100924,0.041844,0.038146,-0.015891,0.088374,-0.982987,0.161013,0.980391,0.057255,-0.188561,0.176135,0.174519,0.968772,0.007235,-0.003749,0.004527,-0.040162,-0.00259,0.010887,-0.803351,0.092304,0.030917,-0.057866,-0.331,0.757383,-0.562856,-0.760918,-0.566991,-0.315472,-0.558069,0.323867,0.763981,1e-05,3.8e-05,2.5e-05,1e-05,5e-06,9e-06,0.411637
490,0.10952,0.017197,0.370556,-0.269958,0.754412,-0.598356,-0.792875,-0.526702,-0.30644,-0.546009,0.390755,0.741088,8e-05,0.000331,0.000223,0.0,0.0,0.0,0.44044,-0.095566,0.040263,0.337905,0.01476,0.958346,0.285215,-0.999013,0.025957,-0.035115,-0.041056,-0.28562,0.957392,0.014688,-0.008333,0.008436,-0.030014,0.073028,-0.176178,-1.10028,0.041961,0.038148,-0.015861,0.089785,-0.983226,0.158762,0.979955,0.058749,-0.190359,0.177839,0.172671,0.968792,0.006315,0.0013,0.000208,0.005045,-0.018953,0.016028,-0.804494,0.092295,0.030922,-0.057862,-0.331026,0.757373,-0.562855,-0.76091,-0.56701,-0.315457,-0.558064,0.323858,0.763988,5e-05,0.000204,0.000138,-1e-06,-8e-06,-1.1e-05,0.410167
491,0.109461,0.017219,0.370619,-0.270066,0.754391,-0.598335,-0.792909,-0.526729,-0.306307,-0.545907,0.390761,0.74116,0.000276,0.001141,0.000769,0.0,0.0,0.0,0.439355,-0.095117,0.040146,0.337986,0.006088,0.95956,0.281424,-0.999062,0.017789,-0.038634,-0.042067,-0.282131,0.958382,0.013085,0.000832,-0.000917,0.036071,-0.057093,-0.001561,-1.100349,0.042186,0.038084,-0.015818,0.09797,-0.983273,0.153544,0.978921,0.067432,-0.192785,0.179207,0.169195,0.969153,0.001401,-0.00693,0.002881,-0.019815,-0.011444,-0.047018,-0.8058,0.092265,0.030936,-0.057835,-0.331115,0.757346,-0.562839,-0.760929,-0.567043,-0.315352,-0.557985,0.323863,0.764044,0.00021,0.000871,0.000587,8e-06,-4e-06,-2e-06,0.408044
492,0.109429,0.017246,0.37065,-0.270094,0.754384,-0.598331,-0.792917,-0.526737,-0.306271,-0.545881,0.390764,0.741178,0.000175,0.000721,0.000486,0.0,0.0,0.0,0.435282,-0.094827,0.039855,0.338031,0.002976,0.960689,0.277597,-0.998965,0.015359,-0.04203,-0.044626,-0.278393,0.959359,0.013684,-0.001475,-0.00268,0.078526,-0.109409,-0.039689,-1.101211,0.042331,0.037939,-0.015795,0.100378,-0.983667,0.149404,0.978169,0.070105,-0.195625,0.181956,0.165779,0.96923,0.001739,-0.008244,0.001881,0.048689,-0.086642,-0.125923,-0.8058,0.092249,0.030947,-0.057815,-0.331159,0.757334,-0.562829,-0.760947,-0.567054,-0.31529,-0.557935,0.323872,0.764077,0.000106,0.000441,0.000298,4e-06,-1.9e-05,-1.4e-05,0.406575
493,0.109391,0.017297,0.370684,-0.270231,0.754341,-0.598323,-0.792885,-0.526831,-0.306192,-0.54586,0.390718,0.741218,0.000253,0.001043,0.000702,0.0,0.0,0.0,0.429149,-0.094737,0.039492,0.338034,-0.000439,0.961761,0.273876,-0.998851,0.012623,-0.045507,-0.047205,-0.274791,0.960273,0.001194,-0.00469,-0.003581,0.06241,-0.064317,-0.082503,-1.102338,0.042382,0.037757,-0.015794,0.103217,-0.98403,0.145015,0.977317,0.073229,-0.198715,0.184922,0.162237,0.969268,0.001582,-0.007622,0.002359,0.030398,-0.076989,-0.086193,-0.803841,0.09223,0.030973,-0.057798,-0.331293,0.757282,-0.562821,-0.760907,-0.56715,-0.315215,-0.557911,0.323826,0.764114,0.000155,0.000642,0.000433,-6e-06,6e-06,-8e-06,0.398247
494,0.109361,0.017339,0.370713,-0.270222,0.754342,-0.598326,-0.792887,-0.526826,-0.306196,-0.545861,0.390723,0.741214,0.000477,0.00197,0.001326,0.0,0.0,0.0,0.42834,-0.094726,0.039309,0.338046,-0.002264,0.962272,0.272065,-0.998788,0.011128,-0.047252,-0.048475,-0.273052,0.960706,0.001152,-0.004524,-0.003457,0.19755,-0.231464,-0.204463,-1.101953,0.042387,0.037663,-0.015791,0.104403,-0.984083,0.143804,0.977059,0.074504,-0.199505,0.185616,0.161334,0.969287,0.000573,-0.002254,-0.001728,0.273591,-0.326393,-0.238717,-0.802208,0.092215,0.030992,-0.057785,-0.331284,0.757284,-0.562824,-0.760909,-0.567145,-0.315218,-0.557912,0.323832,0.764111,0.000278,0.001144,0.000772,0.000685,-0.013619,0.025382,0.396451
495,0.109292,0.017425,0.370771,-0.270228,0.754336,-0.598331,-0.792885,-0.526833,-0.306189,-0.545861,0.390726,0.741212,0.000539,0.002223,0.001495,0.000683,-0.013629,0.025384,0.427562,-0.094856,0.038993,0.338048,-0.005794,0.963296,0.268362,-0.998638,0.008283,-0.050864,-0.051193,-0.269503,0.961567,0.000648,-0.002553,-0.001953,0.056297,-0.157354,0.130198,-1.103386,0.042327,0.037509,-0.015793,0.107869,-0.984466,0.138525,0.975939,0.078301,-0.203494,0.189486,0.157142,0.969226,0.000225,-0.000884,-0.000674,0.034053,-0.041988,-0.041036,-0.802371,0.09218,0.031035,-0.057756,-0.331309,0.75727,-0.562827,-0.760901,-0.567165,-0.315201,-0.557909,0.323827,0.764115,0.000128,0.000525,0.000355,1e-06,6e-06,3e-06,0.394491
496,0.109185,0.017487,0.370802,-0.270391,0.754279,-0.598328,-0.792831,-0.52696,-0.306109,-0.545858,0.390664,0.741247,0.000814,0.011013,-0.008565,0.034933,-0.01668,0.016526,0.426813,-0.094972,0.038832,0.338103,-0.010186,0.964899,0.262409,-0.998361,0.00493,-0.056444,-0.055724,-0.263767,0.962905,2e-06,-8e-06,-6e-06,0.156228,-0.193749,-0.141106,-1.105063,0.042266,0.03742,-0.015766,0.110854,-0.984953,0.132583,0.974744,0.08173,-0.207827,0.193864,0.152274,0.969138,-2.5e-05,9.3e-05,7.2e-05,0.275199,-0.342549,-0.222726,-0.804657,0.092128,0.031066,-0.057734,-0.331465,0.757207,-0.56282,-0.760854,-0.567278,-0.315111,-0.55788,0.323776,0.764157,-0.006367,0.00129,0.000898,-0.000983,0.014701,-0.029556,0.393185
497,0.109121,0.017513,0.37082,-0.270515,0.75424,-0.598322,-0.792802,-0.527047,-0.306036,-0.545839,0.390623,0.741283,0.000227,0.000933,0.000627,0.0,0.0,0.0,0.42685,-0.095043,0.038786,0.338139,-0.011623,0.965428,0.260393,-0.99826,0.00382,-0.058281,-0.057227,-0.261831,0.963344,0.002019,-0.01077,0.008147,0.241428,-0.339216,-0.27165,-1.106372,0.042229,0.037402,-0.01575,0.111588,-0.985014,0.131504,0.974516,0.082554,-0.20857,0.194588,0.151427,0.969125,-0.006401,-0.001049,-2e-05,0.305561,-0.366213,-0.31465,-0.804331,0.092096,0.031081,-0.05773,-0.331569,0.757162,-0.56282,-0.760807,-0.567365,-0.315069,-0.557883,0.32373,0.764175,0.000138,0.00057,0.000384,-4e-06,1e-05,2e-06,0.392532
498,0.108971,0.017552,0.370847,-0.270851,0.754134,-0.598303,-0.792722,-0.527281,-0.305838,-0.545788,0.390511,0.741379,3.2e-05,0.000129,8.7e-05,0.0,0.0,0.0,0.4266,-0.095159,0.038652,0.338286,-0.013431,0.965919,0.258479,-0.998173,0.002251,-0.059834,-0.05834,-0.260025,0.963767,0.00186,-0.010151,0.008623,-0.02953,-0.003095,-0.026933,-1.106736,0.042171,0.037337,-0.015675,0.113959,-0.985289,0.127347,0.973672,0.085294,-0.211392,0.197421,0.148084,0.969069,-0.000172,0.00067,0.000515,-0.013203,0.016796,0.003038,-0.80776,0.092021,0.031102,-0.057716,-0.331897,0.757033,-0.5628,-0.760708,-0.567601,-0.314882,-0.557823,0.323618,0.764266,-0.00641,0.001106,0.000775,-0.000981,0.014712,-0.02955,0.392042
499,0.108855,0.017572,0.370861,-0.271134,0.754046,-0.598286,-0.792655,-0.527478,-0.305673,-0.545745,0.390416,0.741461,-5.8e-05,-0.000238,-0.00016,0.0,0.0,0.0,0.42758,-0.095198,0.038428,0.338468,-0.018918,0.96799,0.250259,-0.997725,-0.002086,-0.066895,-0.064188,-0.252173,0.96548,0.001886,-0.010258,0.008545,0.19187,-0.365752,-0.04559,-1.106528,0.042152,0.037224,-0.015584,0.117747,-0.985859,0.119229,0.972042,0.089862,-0.216927,0.203145,0.141438,0.968878,-0.000153,0.0006,0.000458,0.328767,-0.411424,-0.261342,-0.8058,0.091963,0.031111,-0.057709,-0.332173,0.756925,-0.562783,-0.760625,-0.5678,-0.314726,-0.557772,0.323523,0.764344,-3.5e-05,-0.000145,-9.6e-05,-1e-06,-7e-06,-5e-06,0.392042
500,0.108811,0.017557,0.370851,-0.27129,0.753998,-0.598275,-0.792618,-0.527586,-0.305582,-0.545721,0.390362,0.741507,-9.9e-05,-0.000406,-0.000273,0.0,0.0,0.0,0.426959,-0.095163,0.038133,0.3387,-0.020709,0.968053,0.249872,-0.997505,-0.003136,-0.070062,-0.066994,-0.251917,0.965356,0.001773,-0.009814,0.00889,-0.000509,-0.051858,-0.026813,-1.106642,0.04217,0.037072,-0.015466,0.119861,-0.98581,0.117522,0.971032,0.091763,-0.220625,0.20671,0.140562,0.968252,0.00089,-0.004938,0.004424,-0.022659,-0.027495,-0.017484,-0.807433,0.091941,0.031103,-0.057714,-0.332326,0.756866,-0.562771,-0.760579,-0.567908,-0.31464,-0.557743,0.323469,0.764387,-6.3e-05,-0.000255,-0.000169,-5e-06,1e-06,-1e-06,0.392368
501,0.108811,0.017557,0.370851,-0.27129,0.753998,-0.598275,-0.792618,-0.527586,-0.305582,-0.545721,0.390362,0.741507,-1e-06,-6e-06,-4e-06,0.0,0.0,0.0,0.427275,-0.095118,0.037991,0.338823,-0.021983,0.968583,0.247699,-0.997398,-0.004231,-0.07151,-0.068168,-0.249845,0.965813,0.001888,-0.010266,0.008547,-0.011629,-0.025397,-0.043033,-1.107734,0.042192,0.037006,-0.015407,0.120795,-0.985987,0.115051,0.970612,0.093014,-0.221947,0.208135,0.138481,0.968247,0.000909,-0.005009,0.004368,-0.033609,0.002264,-0.035032,-0.8058,0.09194,0.031102,-0.057715,-0.332326,0.756866,-0.562771,-0.760579,-0.567909,-0.31464,-0.557744,0.323469,0.764388,2e-06,1.1e-05,9e-06,-6e-06,-2e-06,-0.0,0.392532
502,0.108833,0.017568,0.370847,-0.271206,0.754021,-0.598285,-0.792623,-0.52754,-0.305648,-0.545755,0.390381,0.741472,1.2e-05,4.7e-05,3.2e-05,0.0,0.0,0.0,0.426829,-0.094929,0.037894,0.339096,-0.021735,0.968656,0.247435,-0.997454,-0.004197,-0.070724,-0.067421,-0.249561,0.965938,0.01146,0.007445,0.004122,0.004393,-0.030747,0.053397,-1.111529,0.042283,0.036948,-0.015276,0.120523,-0.986006,0.115174,0.970858,0.092865,-0.220928,0.207141,0.138444,0.968465,0.005712,0.003781,0.002103,0.003584,-0.029778,0.05503,-0.810209,0.091951,0.031109,-0.057716,-0.332244,0.756894,-0.562782,-0.760588,-0.567861,-0.314704,-0.55778,0.323487,0.764353,5e-06,2.8e-05,2e-05,-8e-06,1e-06,6e-06,0.392695
503,0.108833,0.017568,0.370847,-0.271206,0.754021,-0.598285,-0.792623,-0.52754,-0.305648,-0.545755,0.390381,0.741472,-0.000214,-0.000878,-0.00059,0.0,0.0,0.0,0.427532,-0.094653,0.037921,0.339474,-0.021708,0.96869,0.247306,-0.99751,-0.004386,-0.069914,-0.066593,-0.249426,0.966031,0.011091,0.008864,0.005194,0.002045,-0.015205,0.029245,-1.111309,0.042421,0.036962,-0.015081,0.120431,-0.986032,0.115052,0.971044,0.09292,-0.220085,0.20632,0.138225,0.968671,0.006435,-0.000494,0.007027,-0.031653,-0.025903,0.033208,-0.809556,0.091952,0.031111,-0.057715,-0.332244,0.756894,-0.562782,-0.760588,-0.567861,-0.314704,-0.55778,0.323487,0.764354,-0.000147,-0.000599,-0.000401,-1.2e-05,1.2e-05,7e-06,0.392532
504,0.108823,0.01757,0.370848,-0.27123,0.754013,-0.598284,-0.792618,-0.527557,-0.305635,-0.545752,0.390373,0.741479,-3e-06,-1.1e-05,-7e-06,0.0,0.0,0.0,0.427049,-0.094511,0.03791,0.339681,-0.021613,0.968724,0.24718,-0.997544,-0.004423,-0.069423,-0.066111,-0.249292,0.966099,0.013496,-0.00342,0.012207,-0.034055,-0.010228,0.008195,-1.1123,0.042491,0.036962,-0.014979,0.120307,-0.986059,0.114945,0.971151,0.092886,-0.219629,0.20589,0.138052,0.968788,0.006692,-0.001512,0.006249,-0.033971,-0.010381,0.008876,-0.810046,0.091947,0.03111,-0.057716,-0.332267,0.756886,-0.56278,-0.760581,-0.567877,-0.314691,-0.557776,0.323479,0.76436,-1e-06,-5e-06,-3e-06,1e-06,1e-06,9e-06,0.392532
505,0.108828,0.017547,0.370832,-0.271268,0.754002,-0.59828,-0.792609,-0.527583,-0.305613,-0.545746,0.390359,0.741491,-0.000353,-0.001447,-0.000973,-0.000681,0.013631,-0.025383,0.427364,-0.094257,0.037869,0.34,-0.024339,0.969302,0.24465,-0.997162,-0.006093,-0.074591,-0.07076,-0.24699,0.96636,0.013896,-0.004997,0.011007,0.088381,-0.162514,-0.101248,-1.111148,0.042622,0.036944,-0.014812,0.122361,-0.986127,0.112161,0.9699,0.09484,-0.224272,0.210524,0.136227,0.96805,0.006954,-0.002542,0.005466,0.111465,-0.196149,-0.113703,-0.80825,0.09195,0.031101,-0.057721,-0.332284,0.75688,-0.562778,-0.760576,-0.567889,-0.314682,-0.557772,0.323472,0.764365,2e-06,5e-06,3e-06,-0.0,-4e-06,2e-06,0.392695
506,0.108855,0.017535,0.370824,-0.271218,0.754019,-0.598283,-0.792621,-0.527548,-0.305643,-0.545753,0.390375,0.741477,-2.6e-05,-0.000107,-7.2e-05,0.0,0.0,0.0,0.429095,-0.094202,0.037571,0.34024,-0.029156,0.969836,0.241992,-0.996415,-0.008944,-0.083733,-0.078986,-0.244786,0.966284,0.002489,-0.012579,0.006807,0.1962,-0.370725,-0.046882,-1.111867,0.042647,0.036805,-0.014692,0.126588,-0.985912,0.10932,0.967617,0.098468,-0.232422,0.218383,0.135202,0.966451,0.000249,-0.000985,-0.00075,0.323661,-0.402416,-0.288036,-0.808413,0.091962,0.031092,-0.057728,-0.332255,0.756892,-0.562779,-0.760585,-0.567868,-0.314699,-0.557777,0.323481,0.764358,-1.2e-05,-5.3e-05,-3.5e-05,7e-06,2e-06,1e-05,0.393675
507,0.108888,0.017507,0.370805,-0.271185,0.75403,-0.598283,-0.792629,-0.527524,-0.305663,-0.545758,0.390384,0.741468,0.012626,-0.003018,-0.002087,0.000984,-0.014715,0.029553,0.429969,-0.094214,0.037054,0.340401,-0.032326,0.971416,0.235154,-0.995992,-0.01165,-0.088302,-0.082977,-0.238288,0.967573,-0.009595,-0.017593,0.004557,0.017074,-0.135081,0.082016,-1.112717,0.042646,0.036545,-0.014612,0.129249,-0.98649,0.100652,0.96601,0.102346,-0.237378,0.22387,0.127912,0.966188,0.001635,-0.00784,0.002226,-0.033037,0.015445,-0.068276,-0.810535,0.091974,0.03108,-0.057736,-0.332247,0.756896,-0.562778,-0.760588,-0.567861,-0.314705,-0.557779,0.323483,0.764356,-0.000141,-0.000583,-0.000392,1e-06,-1.3e-05,1e-06,0.394981
508,0.108898,0.017514,0.370797,-0.271145,0.754039,-0.59829,-0.792623,-0.527509,-0.305703,-0.545786,0.390388,0.741446,-3e-06,-1.3e-05,-9e-06,0.0,0.0,0.0,0.429418,-0.094238,0.036788,0.340454,-0.033534,0.971916,0.232908,-0.995853,-0.012744,-0.089713,-0.084163,-0.236173,0.967989,0.002991,-0.01457,0.005299,0.003718,-0.044555,-0.05643,-1.113733,0.042631,0.036408,-0.014589,0.129968,-0.986626,0.098369,0.965632,0.10343,-0.238442,0.225078,0.125979,0.966161,-0.004724,-0.009116,0.002038,0.000842,-0.113783,0.086155,-0.804657,0.091984,0.031081,-0.057741,-0.332184,0.756917,-0.562787,-0.760591,-0.567827,-0.314758,-0.557811,0.323493,0.764328,4e-06,1.1e-05,7e-06,-0.0,-1e-06,-2e-06,0.395144
509,0.108881,0.017532,0.370798,-0.271155,0.754032,-0.598294,-0.792606,-0.527528,-0.305714,-0.545806,0.390375,0.741438,2.6e-05,0.000106,7.1e-05,0.0,0.0,0.0,0.427927,-0.094255,0.036378,0.340645,-0.034428,0.97184,0.233095,-0.995916,-0.013852,-0.088852,-0.083057,-0.236425,0.968023,0.002128,-0.011187,0.007879,-0.03607,0.004883,-0.021114,-1.114064,0.042624,0.036196,-0.014498,0.130877,-0.986467,0.098759,0.965831,0.104391,-0.237216,0.223697,0.126431,0.966423,0.001031,-0.005479,0.004028,-0.037222,0.006199,-0.019317,-0.806617,0.091976,0.03109,-0.057741,-0.332194,0.756909,-0.562791,-0.760572,-0.567845,-0.31477,-0.557831,0.323479,0.76432,1.4e-05,6.9e-05,4.8e-05,0.0,-1e-05,1e-05,0.394654
510,0.108808,0.017559,0.370816,-0.271302,0.753985,-0.598287,-0.792571,-0.527631,-0.305627,-0.545784,0.390327,0.74148,-0.012834,0.00216,0.001509,-0.000984,0.014715,-0.029553,0.425722,-0.094168,0.036007,0.340963,-0.036732,0.972198,0.231246,-0.995806,-0.016174,-0.089682,-0.083382,-0.234793,0.968392,0.001854,-0.010108,0.008707,0.05208,-0.10536,-0.099392,-1.115423,0.042666,0.036016,-0.014341,0.132573,-0.986433,0.096815,0.965526,0.106449,-0.237543,0.224014,0.124969,0.96654,0.007176,-0.00335,0.004868,0.117897,-0.201783,-0.114564,-0.805964,0.091944,0.031104,-0.057732,-0.332315,0.756861,-0.562784,-0.760536,-0.567933,-0.314701,-0.557809,0.323438,0.764353,2e-06,1.2e-05,9e-06,-1.5e-05,-4e-06,1e-06,0.392368
511,0.108761,0.017566,0.370833,-0.271416,0.753952,-0.598276,-0.792558,-0.527698,-0.305543,-0.545745,0.390299,0.741523,1e-05,4.1e-05,2.7e-05,0.0,0.0,0.0,0.425741,-0.094099,0.03589,0.341126,-0.036823,0.97221,0.231178,-0.995848,-0.016396,-0.089174,-0.082838,-0.234725,0.968455,0.001426,-0.008424,0.009991,-0.034553,0.002956,-0.022477,-1.117062,0.042702,0.035952,-0.014258,0.132925,-0.986432,0.096344,0.965536,0.106935,-0.237285,0.223763,0.124565,0.96665,0.000626,-0.003895,0.005235,-0.042833,0.001316,0.007077,-0.80678,0.091915,0.031108,-0.057723,-0.332449,0.756811,-0.562772,-0.760511,-0.568018,-0.314607,-0.557763,0.323403,0.764401,1e-06,9e-06,5e-06,-9e-06,0.0,8e-06,0.391878
512,0.108643,0.017578,0.370842,-0.27172,0.753858,-0.598257,-0.792486,-0.52791,-0.305366,-0.545698,0.390196,0.741611,-0.012978,0.001573,0.001114,-0.000984,0.014715,-0.029553,0.428818,-0.09396,0.035638,0.341477,-0.037932,0.971703,0.23312,-0.995732,-0.017082,-0.090326,-0.08372,-0.236774,0.96788,0.001552,-0.008916,0.009622,-0.036021,0.004859,-0.021158,-1.117137,0.042771,0.035826,-0.014076,0.134283,-0.986054,0.098312,0.965221,0.107695,-0.238221,0.224311,0.126882,0.966222,0.000763,-0.00443,0.00483,-0.040471,0.001439,-0.02083,-0.80776,0.091862,0.031114,-0.057718,-0.332722,0.756705,-0.562754,-0.760428,-0.568214,-0.314452,-0.557713,0.323309,0.764478,-9.2e-05,-0.000373,-0.000249,-1.2e-05,-7e-06,-3e-06,0.392368
513,0.10855,0.017572,0.370826,-0.271998,0.753769,-0.598243,-0.792405,-0.528115,-0.305221,-0.545677,0.390091,0.741682,-0.013169,0.000798,0.000592,-0.000984,0.014715,-0.029553,0.433733,-0.093933,0.035424,0.341709,-0.039703,0.972117,0.231091,-0.995594,-0.018792,-0.091504,-0.084539,-0.234929,0.968258,0.001842,-0.010057,0.008758,-0.033158,0.001166,-0.023731,-1.118492,0.042784,0.035721,-0.013959,0.135735,-0.986102,0.095802,0.964764,0.109558,-0.239219,0.225399,0.124897,0.966227,0.000923,-0.005058,0.004356,-0.046289,0.018124,-0.017535,-0.807106,0.091815,0.031112,-0.057725,-0.332994,0.756597,-0.562739,-0.760331,-0.568419,-0.314317,-0.557683,0.323202,0.764544,-0.000188,-0.000768,-0.000516,-0.000687,0.013631,-0.025377,0.396777
514,0.108518,0.017562,0.37082,-0.272111,0.753734,-0.598235,-0.792378,-0.528193,-0.305156,-0.54566,0.390052,0.741715,-1.1e-05,-4.3e-05,-2.9e-05,0.0,0.0,0.0,0.434506,-0.093895,0.035221,0.341874,-0.041202,0.972559,0.228962,-0.995448,-0.020209,-0.092788,-0.085542,-0.232967,0.968644,0.002158,-0.011296,0.007821,-0.034768,0.003177,-0.022309,-1.120261,0.042802,0.035624,-0.013879,0.136882,-0.986168,0.093465,0.964329,0.111079,-0.240271,0.226566,0.123019,0.966195,4.2e-05,-0.000178,-0.000136,-0.008952,0.011733,0.003817,-0.806617,0.091794,0.031105,-0.05773,-0.333126,0.756546,-0.562729,-0.760291,-0.568514,-0.314243,-0.557659,0.323156,0.764582,1e-06,1e-06,2e-06,-4e-06,-9e-06,2e-06,0.399227
515,0.108506,0.017549,0.370823,-0.272171,0.753719,-0.598227,-0.792379,-0.528222,-0.305104,-0.545629,0.390041,0.741744,-3.1e-05,-0.000126,-8.5e-05,0.0,0.0,0.0,0.434651,-0.093903,0.035111,0.341917,-0.042735,0.972967,0.226936,-0.995261,-0.021562,-0.09447,-0.086949,-0.231122,0.968961,0.002466,-0.01251,0.006901,0.002984,-0.044332,-0.055751,-1.123027,0.042798,0.035571,-0.013856,0.138025,-0.98623,0.091096,0.963779,0.11255,-0.241788,0.228205,0.121169,0.966043,-0.006124,-0.002258,-0.000936,0.027213,-0.008409,-0.088348,-0.80678,0.091788,0.031098,-0.057729,-0.333186,0.756526,-0.56272,-0.760289,-0.568545,-0.314192,-0.557627,0.323146,0.76461,-1.4e-05,-5.7e-05,-3.8e-05,-1.1e-05,-2.5e-05,-9e-06,0.399553
516,0.108506,0.017549,0.370823,-0.272171,0.753719,-0.598227,-0.792379,-0.528222,-0.305104,-0.545629,0.390041,0.741744,-0.0,-0.0,-0.0,0.0,0.0,0.0,0.434092,-0.093871,0.034997,0.342001,-0.045419,0.973815,0.222741,-0.994874,-0.023886,-0.097921,-0.089958,-0.227272,0.969597,-0.000297,0.001165,0.000885,0.169094,-0.212934,-0.149749,-1.142778,0.042816,0.035502,-0.013817,0.139631,-0.986308,0.087741,0.96301,0.11464,-0.243862,0.230465,0.118546,0.965832,-4e-06,1e-05,5e-06,0.334546,-0.427001,-0.254163,-0.811842,0.091788,0.031099,-0.057728,-0.333186,0.756526,-0.56272,-0.760288,-0.568546,-0.314192,-0.557627,0.323146,0.76461,-2e-06,1.1e-05,8e-06,-1.9e-05,-4e-06,6e-06,0.399716
517,0.108489,0.017567,0.370824,-0.272181,0.753712,-0.598231,-0.792361,-0.528242,-0.305115,-0.545649,0.390029,0.741736,0.0,1e-06,1e-06,0.0,0.0,0.0,0.434287,-0.093803,0.034934,0.342119,-0.046628,0.974257,0.220546,-0.994696,-0.024975,-0.09945,-0.091302,-0.225239,0.969945,0.001609,-0.00914,0.009464,-0.026971,-0.006661,-0.029218,-1.168489,0.04285,0.035472,-0.013757,0.141019,-0.986433,0.084034,0.962195,0.116585,-0.246145,0.233008,0.115568,0.965582,0.000775,-0.004465,0.00481,-0.047431,0.020295,-0.019646,-0.814454,0.09178,0.031108,-0.057728,-0.333196,0.756518,-0.562725,-0.76027,-0.568564,-0.314204,-0.557646,0.323132,0.764601,-2e-06,-1e-06,-1e-06,-1.4e-05,-1.5e-05,2e-06,0.399553
518,0.10846,0.017572,0.370827,-0.272252,0.75369,-0.598227,-0.792345,-0.528291,-0.305074,-0.545638,0.390005,0.741756,0.0,0.0,0.0,0.0,0.0,0.0,0.43417,-0.093725,0.034924,0.342212,-0.046456,0.974292,0.220427,-0.994723,-0.024868,-0.099202,-0.09109,-0.225098,0.969998,0.0141,-0.005588,0.010603,-0.03387,-0.010611,0.007938,-1.181207,0.042884,0.035469,-0.013714,0.140824,-0.98645,0.084165,0.962308,0.116407,-0.245785,0.232658,0.115605,0.965662,-0.000447,0.001742,0.00132,-0.003868,0.005004,0.002478,-0.815924,0.091765,0.031111,-0.057726,-0.333265,0.756491,-0.562721,-0.760249,-0.568613,-0.314165,-0.557634,0.323108,0.764621,-2e-06,-1e-06,0.0,-1.5e-05,-1e-06,7e-06,0.39988
519,0.108364,0.017588,0.370838,-0.272488,0.753616,-0.598213,-0.792288,-0.528455,-0.304935,-0.545602,0.389926,0.741825,0.0,0.0,0.0,0.0,0.0,0.0,0.434154,-0.093448,0.034962,0.342538,-0.045783,0.974419,0.220005,-0.994811,-0.024398,-0.098436,-0.090472,-0.224596,0.970172,0.000704,-0.005592,0.012154,-0.036039,0.004725,-0.021211,-1.189607,0.043023,0.035483,-0.013555,0.140088,-0.986578,0.083896,0.962559,0.115837,-0.245071,0.232063,0.115086,0.965867,0.006594,-0.001032,0.006631,-0.031722,-0.02577,0.03301,-0.817067,0.091717,0.031119,-0.057721,-0.333494,0.756401,-0.562706,-0.760179,-0.568778,-0.314034,-0.557591,0.323029,0.764685,0.0,-1e-06,1e-06,-7e-06,1e-06,1e-05,0.399716
520,0.108237,0.017602,0.370848,-0.272815,0.753514,-0.598192,-0.79221,-0.528683,-0.304744,-0.545551,0.389815,0.74192,-1.4e-05,-5.5e-05,-3.7e-05,0.0,0.0,0.0,0.435298,-0.093022,0.034914,0.343064,-0.045216,0.974554,0.219526,-0.994947,-0.02417,-0.097108,-0.089253,-0.224034,0.970415,0.012842,-0.000709,0.014287,-0.031711,-0.02575,0.032369,-1.19277,0.043236,0.035462,-0.01329,0.13944,-0.986703,0.083497,0.962924,0.115447,-0.243819,0.230937,0.114399,0.966219,0.006411,-0.000338,0.007151,-0.033938,-0.010646,0.008396,-0.816414,0.091653,0.031125,-0.057716,-0.333813,0.756276,-0.562685,-0.760082,-0.569007,-0.313853,-0.557532,0.322919,0.764774,-7e-06,-2.8e-05,-1.6e-05,-3e-06,7e-06,1.4e-05,0.400206
521,0.108101,0.01758,0.370834,-0.273246,0.753381,-0.598163,-0.792107,-0.528981,-0.304494,-0.545485,0.389668,0.742046,-0.000476,-0.001933,-0.001301,-0.000679,0.013632,-0.025383,0.43565,-0.092736,0.034857,0.343417,-0.046473,0.974631,0.218922,-0.99462,-0.024789,-0.100256,-0.092206,-0.22363,0.970232,0.027239,-0.007469,0.023997,-0.057973,-0.046025,0.033581,-1.194743,0.043548,0.035395,-0.01291,0.14065,-0.98685,0.079641,0.961745,0.117086,-0.24766,0.235079,0.111428,0.965567,0.013545,-0.003488,0.012173,-0.074093,-0.0251,0.037362,-0.813801,0.091586,0.031118,-0.05772,-0.334213,0.75612,-0.562656,-0.759962,-0.569293,-0.313628,-0.557457,0.322779,0.764888,-7.2e-05,-0.000297,-0.000197,-9e-06,-1e-06,1e-06,0.401023
522,0.108026,0.017562,0.370823,-0.273351,0.753347,-0.598158,-0.792082,-0.529055,-0.304432,-0.545469,0.389634,0.742076,-0.013321,0.000208,0.000191,-0.000984,0.014715,-0.029553,0.436161,-0.092025,0.034682,0.344244,-0.047802,0.975342,0.215441,-0.994224,-0.025661,-0.103894,-0.095723,-0.22039,0.970633,0.027061,-0.006796,0.024494,-0.037059,-0.072292,0.015387,-1.198566,0.043729,0.035349,-0.012703,0.141397,-0.986819,0.078704,0.960944,0.117715,-0.250455,0.237889,0.111044,0.964923,0.007168,-0.004737,0.012004,-0.059844,-0.036298,-0.00896,-0.814455,0.091554,0.031108,-0.057727,-0.334313,0.75608,-0.562651,-0.759931,-0.569365,-0.313571,-0.557439,0.322746,0.764915,-0.000281,-0.001141,-0.000767,-0.000672,0.013623,-0.025377,0.401349
523,0.107893,0.01751,0.370788,-0.27384,0.753197,-0.598123,-0.791965,-0.529393,-0.304148,-0.545393,0.389465,0.74222,-0.000401,-0.001624,-0.001094,0.0,0.0,0.0,0.435758,-0.091202,0.034364,0.345248,-0.04845,0.975218,0.215855,-0.993869,-0.025515,-0.107271,-0.099022,-0.220956,0.970173,0.028949,-0.016904,0.033247,-0.073118,-0.067798,-0.005778,-1.201711,0.044151,0.035189,-0.012191,0.142072,-0.986693,0.079061,0.960079,0.117915,-0.253657,0.24096,0.111942,0.964057,0.01445,-0.008417,0.016639,-0.097105,-0.04569,0.002302,-0.814781,0.091482,0.03108,-0.057745,-0.334813,0.755887,-0.562613,-0.75978,-0.569722,-0.31329,-0.557345,0.322568,0.765058,-0.000246,-0.000995,-0.000669,-1.3e-05,4e-06,2e-06,0.401839
524,0.107739,0.017454,0.370751,-0.274398,0.753026,-0.598083,-0.791831,-0.529779,-0.303826,-0.545307,0.389272,0.742385,-0.000541,-0.002185,-0.001473,0.0,0.0,0.0,0.436152,-0.090239,0.034037,0.346313,-0.050326,0.97644,0.209818,-0.993312,-0.02702,-0.11196,-0.103569,-0.215278,0.970975,0.026571,-0.004945,0.025862,0.090355,-0.24322,-0.066685,-1.205624,0.044622,0.035026,-0.011668,0.142807,-0.987037,0.073228,0.958817,0.119613,-0.257604,0.245506,0.107,0.963471,0.014514,-0.008636,0.016475,0.113368,-0.303265,-0.153251,-0.813801,0.091405,0.031053,-0.057763,-0.335357,0.755677,-0.562571,-0.759614,-0.570109,-0.312985,-0.557243,0.322375,0.765213,-0.006732,-0.000176,-9.5e-05,-0.001668,0.028359,-0.054927,0.401839
525,0.107663,0.01743,0.370735,-0.274524,0.752985,-0.598077,-0.791801,-0.529866,-0.303751,-0.545287,0.389231,0.74242,-0.000505,-0.002039,-0.001375,0.0,0.0,0.0,0.435763,-0.089733,0.03386,0.346822,-0.050647,0.977018,0.207033,-0.993257,-0.027571,-0.112314,-0.10394,-0.212556,0.971535,0.027078,-0.006843,0.024442,-0.034679,-0.075313,0.013772,-1.206923,0.044874,0.034942,-0.011411,0.143008,-0.987268,0.069637,0.958479,0.120613,-0.258396,0.246707,0.103698,0.963525,0.014608,-0.008974,0.016225,-0.099804,-0.032592,0.002981,-0.814781,0.091367,0.031041,-0.057771,-0.335479,0.755628,-0.562564,-0.759577,-0.570198,-0.312915,-0.557221,0.322335,0.765248,-0.000284,-0.001155,-0.000779,-0.000672,0.013628,-0.025372,0.402002
526,0.107483,0.017393,0.370711,-0.27511,0.752804,-0.598036,-0.79166,-0.530272,-0.303411,-0.545196,0.38903,0.742593,-0.000537,-0.002165,-0.001461,-0.000678,0.013631,-0.025383,0.436202,-0.088793,0.033485,0.34777,-0.052527,0.97727,0.205369,-0.992618,-0.028521,-0.117602,-0.108984,-0.21126,0.971265,0.015011,-0.011871,0.022243,0.020157,-0.118646,-0.08973,-1.210259,0.045348,0.034758,-0.010934,0.14442,-0.987163,0.068198,0.957066,0.121846,-0.263016,0.25133,0.103254,0.962378,0.013654,-0.003891,0.011854,0.048342,-0.18446,-0.054997,-0.816251,0.091277,0.031023,-0.057783,-0.336031,0.755413,-0.562523,-0.759409,-0.570592,-0.312605,-0.557117,0.322141,0.765404,-0.006521,0.000693,0.000493,-0.000992,0.014702,-0.02956,0.401839
527,0.10727,0.017384,0.370706,-0.275729,0.752611,-0.597994,-0.79151,-0.530701,-0.30305,-0.5451,0.388819,0.742774,-0.013055,0.001345,0.000951,-0.000984,0.014715,-0.029553,0.436038,-0.087903,0.033229,0.348578,-0.052078,0.976719,0.208086,-0.992413,-0.027317,-0.119599,-0.111043,-0.213965,0.970439,0.012878,-0.000974,0.014034,-0.03161,-0.026074,0.032198,-1.213829,0.045799,0.034623,-0.010524,0.144543,-0.986951,0.070951,0.956597,0.121041,-0.265084,0.253037,0.106188,0.96161,0.006448,-0.000568,0.006941,-0.036294,-0.026885,0.033476,-0.816251,0.091175,0.031015,-0.057788,-0.336631,0.755178,-0.56248,-0.759226,-0.571021,-0.312266,-0.557005,0.321931,0.765575,-0.000118,-0.000471,-0.000315,1e-06,-5e-06,-7e-06,0.401839
528,0.10714,0.017383,0.370718,-0.276093,0.7525,-0.597965,-0.791436,-0.530942,-0.302821,-0.545022,0.388706,0.74289,-0.000131,-0.000525,-0.000355,0.0,0.0,0.0,0.4359,-0.087534,0.033123,0.34891,-0.051795,0.976797,0.207789,-0.992529,-0.027274,-0.11864,-0.110133,-0.213611,0.97062,0.015416,-0.013304,0.021187,-0.069679,-0.007326,-0.014088,-1.219948,0.045983,0.034572,-0.010357,0.144199,-0.98702,0.07069,0.956881,0.120879,-0.264131,0.252157,0.105729,0.961892,0.007707,-0.006692,0.010552,-0.070236,-0.007621,-0.013184,-0.816088,0.091105,0.031015,-0.057782,-0.33701,0.755033,-0.562449,-0.759125,-0.571281,-0.312034,-0.556913,0.321811,0.765692,-0.006496,0.000804,0.000569,-0.000988,0.014715,-0.029562,0.402002
529,0.106835,0.017405,0.370734,-0.276764,0.752286,-0.597925,-0.791273,-0.531409,-0.302427,-0.544917,0.388483,0.743083,-0.0132,0.000778,0.000566,-0.000984,0.014715,-0.029553,0.436363,-0.087091,0.033016,0.349353,-0.049844,0.975995,0.211995,-0.993141,-0.025899,-0.113729,-0.105425,-0.217438,0.970294,0.00104,-0.006849,0.01122,-0.066682,0.113325,-0.152172,-1.240825,0.046204,0.03452,-0.01014,0.142703,-0.98688,0.075519,0.958452,0.118745,-0.259362,0.246991,0.109393,0.962822,0.005901,0.002967,0.001416,0.006148,-0.022035,0.036546,-0.81821,0.090958,0.031028,-0.057772,-0.33764,0.754781,-0.562408,-0.758931,-0.571735,-0.311675,-0.556795,0.321595,0.765868,-0.000199,-0.000794,-0.00053,-0.000684,0.01364,-0.025386,0.402329
530,0.106535,0.017412,0.37074,-0.277452,0.752066,-0.597881,-0.791106,-0.531888,-0.302023,-0.54481,0.388252,0.743282,-0.00027,-0.001073,-0.000725,0.0,0.0,0.0,0.436576,-0.086955,0.032897,0.349582,-0.048442,0.97433,0.21983,-0.993206,-0.023618,-0.113665,-0.105473,-0.225069,0.968547,0.001836,-0.009737,0.009086,2.017679,1.836162,-0.273339,-1.247737,0.046272,0.034464,-0.010024,0.141792,-0.986513,0.081763,0.95922,0.116526,-0.257523,0.244522,0.114944,0.962806,-0.000168,0.000592,0.000436,0.014319,-0.019873,-0.00475,-0.817557,0.090803,0.031031,-0.05777,-0.338334,0.754505,-0.562362,-0.758717,-0.572233,-0.311281,-0.556665,0.321357,0.766062,-0.006591,0.000436,0.000318,-0.001,0.014733,-0.029551,0.402656
531,0.106223,0.017413,0.370742,-0.278326,0.751791,-0.597822,-0.790892,-0.532494,-0.301513,-0.544673,0.387956,0.743538,-0.013038,0.001447,0.001014,-0.000984,0.014715,-0.029553,0.436208,-0.087051,0.03292,0.349597,-0.045532,0.972178,0.229756,-0.993442,-0.019867,-0.112311,-0.104543,-0.234586,0.966387,-9.7e-05,0.000352,0.00026,-0.263914,0.327183,0.219587,-1.264834,0.046225,0.03447,-0.010014,0.141725,-0.985559,0.092657,0.958955,0.113468,-0.259863,0.245596,0.125683,0.961189,-0.007432,0.004097,-0.004345,-0.393572,0.542316,0.307464,-0.817067,0.090647,0.03103,-0.05777,-0.339187,0.754168,-0.5623,-0.758454,-0.572843,-0.310799,-0.556505,0.32106,0.766303,-0.006516,0.000747,0.000528,-0.000997,0.014712,-0.029556,0.402656
532,0.106054,0.017419,0.370747,-0.278788,0.751644,-0.59779,-0.790779,-0.532815,-0.301244,-0.544601,0.387799,0.743672,-0.013044,0.001432,0.001003,-0.000984,0.014715,-0.029553,0.435975,-0.08722,0.032926,0.349524,-0.0425,0.970334,0.237985,-0.993874,-0.016692,-0.10895,-0.101671,-0.242378,0.964769,-0.012128,-0.0048,-0.002011,-0.290449,0.384685,0.184291,-1.266341,0.046144,0.034477,-0.010048,0.139843,-0.984906,0.101991,0.96026,0.109771,-0.256609,0.24154,0.133823,0.961118,-0.00622,-0.001828,-0.000581,-0.41099,0.521459,0.288163,-0.818047,0.090567,0.031033,-0.057767,-0.339615,0.753998,-0.562269,-0.758322,-0.57315,-0.310557,-0.556424,0.320912,0.766424,-0.006539,0.000655,0.000465,-0.000995,0.014707,-0.029555,0.402492
533,0.105647,0.017474,0.370797,-0.279814,0.75132,-0.597718,-0.790542,-0.533516,-0.300626,-0.544418,0.387465,0.74398,-0.012598,0.003193,0.002191,-0.000984,0.014715,-0.029553,0.434401,-0.087552,0.03291,0.349441,-0.035798,0.964082,0.263167,-0.994047,-0.007199,-0.108409,-0.102555,-0.266694,0.958238,-0.000116,0.000424,0.000314,-0.347949,0.381069,0.481799,-1.267096,0.045975,0.034461,-0.010095,0.137246,-0.982213,0.128143,0.96093,0.100633,-0.257848,0.240366,0.158525,0.957649,-0.006394,-0.001193,-0.000109,-0.339774,0.525182,0.300184,-0.816251,0.090362,0.031057,-0.057744,-0.340615,0.753602,-0.562195,-0.758027,-0.573857,-0.309971,-0.556215,0.320578,0.766715,-0.006246,0.001811,0.001245,-0.001009,0.014702,-0.029568,0.401676
534,0.105052,0.017568,0.370899,-0.281282,0.750859,-0.597609,-0.790224,-0.5345,-0.299713,-0.544122,0.387004,0.744437,-0.012808,0.002368,0.00163,-0.000984,0.014715,-0.029553,0.432008,-0.087909,0.032949,0.349389,-0.024384,0.955669,0.293417,-0.993766,0.008796,-0.110843,-0.108458,-0.295492,0.949097,-0.014802,0.008051,-0.008796,-0.437296,0.424275,0.744318,-1.265978,0.045796,0.034483,-0.01012,0.130235,-0.978393,0.160576,0.961258,0.084914,-0.262242,0.242941,0.188508,0.951548,-0.007392,0.003996,-0.004413,-0.388316,0.335938,0.712726,-0.815434,0.090061,0.031109,-0.05769,-0.342069,0.753029,-0.56208,-0.75762,-0.574868,-0.309091,-0.555877,0.320113,0.767155,-0.006406,0.001184,0.000824,-0.001012,0.014726,-0.029552,0.39939
535,0.104654,0.017605,0.370974,-0.282313,0.750542,-0.597521,-0.790027,-0.535166,-0.29904,-0.543872,0.386699,0.744778,-0.025678,0.004498,0.003095,-0.001969,0.029429,-0.059106,0.430744,-0.088085,0.032945,0.349322,-0.015548,0.952848,0.303035,-0.994162,0.017652,-0.106132,-0.106435,-0.304113,0.946599,-0.014349,0.006398,-0.010018,-0.350041,0.395716,0.486823,-1.263745,0.045713,0.034481,-0.010148,0.122917,-0.977404,0.171963,0.963023,0.075614,-0.258587,0.239741,0.197389,0.950558,-0.006052,-0.002441,-0.001031,-0.354622,0.296669,0.621091,-0.811025,0.089862,0.031127,-0.057653,-0.343075,0.75264,-0.561989,-0.757367,-0.575545,-0.308449,-0.555602,0.319811,0.76748,-0.012843,0.002243,0.001553,-0.001995,0.029431,-0.059105,0.397757
536,0.103636,0.017688,0.371177,-0.284981,0.749724,-0.597282,-0.789538,-0.536871,-0.297271,-0.543188,0.385925,0.745678,-0.026461,-0.006045,0.011968,-0.036796,0.046526,-0.075429,0.426543,-0.088458,0.032907,0.349143,-0.002493,0.944697,0.327921,-0.993653,0.034551,-0.106742,-0.112144,-0.327292,0.938172,-0.012205,-0.004533,-0.001822,-0.201812,0.275612,0.338725,-1.266698,0.045526,0.034463,-0.010243,0.113184,-0.973175,0.200298,0.96367,0.058438,-0.26062,0.241924,0.22252,0.944434,-0.000806,0.004486,-0.004816,-0.089496,0.351897,0.578565,-0.810699,0.089378,0.031168,-0.057558,-0.345546,0.751682,-0.561757,-0.756759,-0.577199,-0.306849,-0.554899,0.319084,0.768291,-0.012837,0.002276,0.001574,-0.002006,0.029423,-0.059116,0.394001
537,0.102362,0.017755,0.371454,-0.288395,0.748683,-0.596948,-0.788956,-0.539006,-0.294944,-0.542228,0.384971,0.746869,-0.039304,-0.003685,0.013566,-0.037756,0.06133,-0.104939,0.423264,-0.088706,0.033118,0.34892,0.004782,0.934189,0.356734,-0.993175,0.046016,-0.106866,-0.116233,-0.354961,0.927553,-0.002403,0.011911,-0.00747,-0.29424,0.309483,0.660503,-1.267488,0.0454,0.034558,-0.010355,0.110487,-0.966831,0.230281,0.963691,0.047546,-0.262752,0.243088,0.25095,0.936979,-0.006506,-0.000752,0.000209,-0.393846,0.750099,0.512316,-0.811679,0.088716,0.031202,-0.057413,-0.349006,0.750349,-0.5614,-0.755966,-0.579462,-0.304528,-0.553812,0.318118,0.769475,-0.019655,-0.001838,0.006804,-0.037808,0.061349,-0.104941,0.388776
538,0.100809,0.01772,0.371842,-0.292366,0.747502,-0.596497,-0.78844,-0.541344,-0.29203,-0.540847,0.38399,0.748374,-0.039887,-0.00568,0.012195,-0.038404,0.075012,-0.130301,0.419391,-0.088895,0.033549,0.34869,0.018099,0.921102,0.38889,-0.992256,0.064347,-0.105933,-0.122601,-0.385117,0.914613,-0.002844,0.013553,-0.006251,-0.130277,0.369707,0.584545,-1.268922,0.045305,0.034774,-0.01047,0.101522,-0.958633,0.265922,0.964208,0.029004,-0.263552,0.244936,0.283161,0.927267,-0.001524,0.007171,-0.002838,0.175481,1.061331,0.376233,-0.814291,0.087956,0.03119,-0.057222,-0.352774,0.748922,-0.56095,-0.755261,-0.581807,-0.301795,-0.552386,0.317199,0.770878,-0.019368,0.003067,0.002106,-0.003009,0.044149,-0.088662,0.383714
539,0.099953,0.017616,0.372097,-0.292651,0.747246,-0.596678,-0.787465,-0.54226,-0.292959,-0.542111,0.383196,0.747866,-0.040754,-0.016218,0.021082,-0.072473,0.07882,-0.12107,0.417579,-0.088896,0.033839,0.348568,0.022727,0.915333,0.402046,-0.991438,0.072356,-0.1084,-0.128319,-0.397288,0.908603,-0.002717,0.013078,-0.006598,0.007335,0.29927,0.294956,-1.270316,0.045303,0.034927,-0.010531,0.098198,-0.954684,0.280955,0.963654,0.020738,-0.266343,0.248447,0.296898,0.922022,-0.001364,0.006572,-0.003267,0.042656,0.262657,0.27379,-0.811679,0.087528,0.031141,-0.057098,-0.353022,0.748656,-0.561149,-0.754212,-0.582628,-0.302833,-0.553659,0.316319,0.770326,-0.02646,-0.001945,0.006722,-0.038331,-0.015398,0.038707,0.380448
