frame,MLTx,MLTy,MLTz,MLTR1,MLTR2,MLTR3,MLTR4,MLTR5,MLTR6,MLTR7,MLTR8,MLTR9,MLTTVx,MLTTVy,MLTTVz,MLTRVx,MLTRVy,MLTRVz,MLGA,MRTx,MRTy,MRTz,MRTR1,MRTR2,MRTR3,MRTR4,MRTR5,MRTR6,MRTR7,MRTR8,MRTR9,MRTTVx,MRTTVy,MRTTVz,MRTRVx,MRTRVy,MRTRVz,MRGA,SLTx,SLTy,SLTz,SLTR1,SLTR2,SLTR3,SLTR4,SLTR5,SLTR6,SLTR7,SLTR8,SLTR9,SLTTVx,SLTTVy,SLTTVz,SLTRVx,SLTRVy,SLTRVz,SLGA,SRTx,SRTy,SRTz,SRTR1,SRTR2,SRTR3,SRTR4,SRTR5,SRTR6,SRTR7,SRTR8,SRTR9,SRTTVx,SRTTVy,SRTTVz,SRTRVx,SRTRVy,SRTRVz,SRGA
1190,0.103481,0.015431,0.389344,-0.062517,0.043814,-0.997104,-0.057627,-0.997511,-0.040272,-0.996314,0.054881,0.066128,0.001669,0.006457,0.003944,-0.021481,0.348262,-0.106515,-1.917976,-0.123931,0.014918,0.337287,0.535351,0.744473,0.398938,-0.814595,0.579864,0.011322,-0.223557,-0.331976,0.916339,-0.009281,-0.028736,-0.039183,0.026172,0.067946,-0.107445,-1.399394,0.057218,0.030746,-0.00913,-0.505171,-0.76066,0.407674,0.831683,-0.555223,-0.005382,0.230444,0.336337,0.913111,-0.004579,-0.014633,-0.019793,0.024134,0.082907,-0.132249,-0.89512,0.065839,0.032379,-0.048874,-0.074303,0.084498,-0.993649,0.137655,-0.985996,-0.094141,-0.987689,-0.143776,0.06163,0.001005,0.003877,0.002373,-0.105553,0.744763,-0.620364,-0.892402
1191,0.103492,0.01559,0.389441,-0.066097,0.043385,-0.996892,-0.063564,-0.997192,-0.039236,-0.995718,0.060712,0.069909,0.002125,0.008218,0.005013,-0.133134,0.312064,0.195275,-1.91779,-0.124133,0.014364,0.336477,0.538089,0.741935,0.399981,-0.811937,0.583602,0.010038,-0.226642,-0.3311,0.915898,-0.009388,-0.028396,-0.039122,0.02778,0.068027,-0.103731,-1.399568,0.057121,0.030476,-0.009523,-0.507915,-0.758225,0.408798,0.829147,-0.558991,-0.006615,0.23353,0.335594,0.9126,-0.004604,-0.014645,-0.01991,0.044271,0.068552,-0.06638,-0.896916,0.065843,0.032452,-0.048829,-0.076749,0.082709,-0.993613,0.132313,-0.986894,-0.09237,-0.988231,-0.138558,0.064799,-0.005328,0.005009,0.003122,-1.660441,0.601351,0.437463,-0.894525
1192,0.103539,0.015974,0.389652,-0.073044,0.048976,-0.996148,-0.069363,-0.996608,-0.043966,-0.994837,0.065816,0.077433,0.00273,0.010565,0.006421,0.010596,0.210265,0.133099,-1.91832,-0.124456,0.013387,0.334915,0.539878,0.738638,0.403655,-0.809737,0.586655,0.009781,-0.230243,-0.33307,0.914284,-0.009657,-0.027227,-0.038555,0.023159,0.070831,-0.105392,-1.399514,0.056956,0.029973,-0.010322,-0.509823,-0.754873,0.412608,0.826989,-0.562177,-0.006676,0.236998,0.337819,0.910883,-0.005582,-0.008104,-0.023344,0.075437,0.0502,-0.093124,-0.900182,0.065867,0.032645,-0.048723,-0.086203,0.087413,-0.992435,0.12592,-0.987198,-0.09789,-0.988287,-0.133406,0.074093,-0.004887,0.006655,0.004133,0.011357,0.28744,0.133866,-0.895668
1193,0.103629,0.016434,0.389944,-0.080715,0.053196,-0.99534,-0.087144,-0.995111,-0.04617,-0.992834,0.082938,0.086195,0.0033,0.012785,0.007735,-0.034454,0.229375,0.154392,-1.918695,-0.124706,0.012589,0.333346,0.540044,0.736253,0.407769,-0.8076,0.589652,0.005203,-0.237272,-0.333056,0.91249,0.003156,-0.021363,-0.035543,0.030238,0.037941,-0.053551,-1.399936,0.056829,0.029559,-0.011124,-0.509869,-0.752612,0.416662,0.824893,-0.565172,-0.011444,0.244099,0.337867,0.908989,0.001584,-0.010571,-0.01767,0.029987,0.037149,-0.053987,-0.901325,0.065913,0.032879,-0.048575,-0.094492,0.089958,-0.991452,0.10818,-0.989083,-0.100053,-0.989629,-0.11671,0.083728,0.001664,0.006447,0.003907,-0.034489,0.256459,0.173004,-0.903996
1194,0.10369,0.016669,0.390086,-0.082568,0.055778,-0.995046,-0.093058,-0.994485,-0.048078,-0.992142,0.088551,0.088542,0.003154,0.012228,0.007381,-0.146209,0.01252,0.054649,-1.918508,-0.124829,0.012246,0.33259,0.537257,0.736528,0.410941,-0.808313,0.588693,0.001942,-0.241146,-0.334145,0.911076,-0.010442,-0.022633,-0.035206,0.026145,0.068262,-0.107243,-1.39975,0.056771,0.029398,-0.011488,-0.50708,-0.752786,0.41974,0.825485,-0.564232,-0.014674,0.247878,0.339048,0.907525,-0.006043,-0.00531,-0.021245,0.063336,0.044444,-0.062772,-0.901488,0.065943,0.032995,-0.048505,-0.097492,0.092364,-0.99094,0.102417,-0.989466,-0.102302,-0.989952,-0.111463,0.087005,0.001658,0.006441,0.003892,-0.493891,-0.054657,0.061047,-0.904649
1195,0.103842,0.017166,0.390349,-0.086178,0.060998,-0.994433,-0.104813,-0.993123,-0.051888,-0.990658,0.099675,0.093216,0.002855,0.011088,0.006661,-0.012295,-0.010113,0.028686,-1.919164,-0.124997,0.011648,0.331159,0.542365,0.729553,0.416634,-0.802339,0.596813,-0.000314,-0.249546,-0.335035,0.908483,0.000913,-0.005726,-0.040181,0.048773,0.047289,-0.021867,-1.400088,0.056683,0.029088,-0.012218,-0.512253,-0.74586,0.42578,0.819745,-0.572485,-0.01662,0.256149,0.340518,0.904673,0.000451,-0.002684,-0.019928,0.072166,0.024572,-0.033848,-0.900509,0.066021,0.033252,-0.048368,-0.101673,0.096665,-0.99011,0.090491,-0.990243,-0.10597,-0.990693,-0.100371,0.091934,0.001414,0.005494,0.003305,-0.010527,-0.033936,0.016767,-0.898934
1196,0.104056,0.017536,0.390488,-0.087992,0.063495,-0.994118,-0.110544,-0.992407,-0.053655,-0.989872,0.105087,0.09558,0.00153,0.005958,0.003567,3.1e-05,0.000802,0.000386,-1.919574,-0.125184,0.01117,0.329862,0.542143,0.724163,0.426216,-0.799811,0.600194,-0.002139,-0.258025,-0.34065,0.904016,-0.011618,-0.015221,-0.029318,-0.061916,0.215658,-0.174864,-1.400251,0.056594,0.028854,-0.012857,-0.512126,-0.740466,0.435242,0.817219,-0.576032,-0.018412,0.264347,0.346259,0.900124,0.00028,-0.001541,-0.019043,-0.016907,0.102869,0.023088,-0.89806,0.066129,0.033441,-0.048296,-0.103814,0.098697,-0.989687,0.084737,-0.990568,-0.107673,-0.99098,-0.095041,0.094471,0.00712,0.002139,0.001186,0.003038,-0.037469,0.050323,-0.90073
1197,0.104161,0.017679,0.390492,-0.088104,0.063238,-0.994124,-0.110352,-0.992442,-0.053404,-0.989884,0.104913,0.095654,0.001231,0.004797,0.002869,0.000934,-0.012518,0.025942,-1.919729,-0.125303,0.010925,0.329268,0.543973,0.719913,0.431058,-0.796871,0.604087,-0.003015,-0.263233,-0.342769,0.90171,0.001787,-0.012271,-0.02846,-0.357036,0.388289,0.231508,-1.400209,0.05653,0.028731,-0.013153,-0.513301,-0.737718,0.438513,0.814568,-0.579662,-0.021683,0.270186,0.346069,0.898462,-0.005824,-0.007468,-0.014576,0.035648,0.038162,-0.087319,-0.89561,0.066181,0.033511,-0.048295,-0.103789,0.098367,-0.989722,0.084953,-0.990583,-0.107361,-0.990964,-0.095223,0.094455,0.000444,0.001732,0.001035,0.000411,-0.001534,-0.000813,-0.905465
1198,0.104361,0.017891,0.390361,-0.088027,0.063048,-0.994143,-0.115628,-0.991878,-0.052719,-0.989289,0.110225,0.09584,0.013354,0.008395,-0.01057,0.035989,-0.031072,0.046249,-1.919918,-0.12552,0.010498,0.328193,0.54091,0.72109,0.43294,-0.798267,0.602224,-0.005433,-0.265307,-0.343576,0.900794,-0.012301,-0.010902,-0.025779,0.028096,0.053497,-0.082561,-1.399959,0.056426,0.02852,-0.013682,-0.510797,-0.737466,0.441847,0.815702,-0.578059,-0.021819,0.271505,0.349271,0.896824,-0.006219,-0.004842,-0.012347,0.033427,0.034916,-0.060574,-0.900999,0.066277,0.033616,-0.048355,-0.103675,0.098177,-0.989753,0.079645,-0.991101,-0.106654,-0.991417,-0.089887,0.094933,1.3e-05,4.9e-05,2.8e-05,0.000348,-1e-06,-5.9e-05,-0.908241
1199,0.104501,0.018013,0.390201,-0.088006,0.062805,-0.994161,-0.120948,-0.991284,-0.05197,-0.988655,0.115583,0.096072,0.00055,0.009664,-0.009618,0.02861,0.070309,-0.162206,-1.920055,-0.125797,0.010184,0.327285,0.539333,0.721673,0.433936,-0.798822,0.60147,-0.007188,-0.266847,-0.343674,0.900302,-0.012718,-0.008207,-0.023505,0.030227,0.038224,-0.058216,-1.400255,0.056283,0.028358,-0.014154,-0.509079,-0.738063,0.442833,0.816243,-0.577221,-0.023697,0.273103,0.349396,0.89629,-0.006362,-0.00397,-0.011629,0.030077,0.038175,-0.05862,-0.898876,0.066351,0.033677,-0.048441,-0.103586,0.097985,-0.989781,0.074335,-0.991589,-0.105943,-0.991838,-0.084549,0.095431,0.000251,0.004722,-0.004874,0.02901,0.070332,-0.162249,-0.910364
1200,0.104653,0.018079,0.390053,-0.08818,0.062361,-0.994173,-0.120516,-0.991358,-0.051549,-0.988692,0.115184,0.096171,-0.000146,-0.000572,-0.000342,0.0,0.0,0.0,-1.919471,-0.126204,0.009902,0.326457,0.537904,0.722212,0.434812,-0.79931,0.600799,-0.008825,-0.268267,-0.343717,0.899864,-0.013203,-0.004998,-0.020736,0.03023,0.038227,-0.058211,-1.400359,0.056085,0.028218,-0.014561,-0.50765,-0.738553,0.443655,0.816672,-0.576546,-0.025303,0.274476,0.349476,0.895839,-0.006646,-0.002083,-0.009989,0.03214,0.02295,-0.034114,-0.900019,0.066426,0.033707,-0.048516,-0.103671,0.097516,-0.989819,0.074787,-0.9916,-0.105524,-0.991795,-0.084965,0.095507,0.006526,0.003604,-0.00564,0.03625,-0.03103,0.046242,-0.915099
1201,0.104742,0.018125,0.389987,-0.088271,0.062134,-0.99418,-0.1203,-0.991396,-0.051332,-0.98871,0.114984,0.096223,0.012542,-0.002273,-0.00155,-0.005382,0.072063,-0.149296,-1.920057,-0.126451,0.009805,0.326093,0.537129,0.722509,0.435275,-0.799592,0.600411,-0.009657,-0.268978,-0.34377,0.899631,-0.01329,-0.004479,-0.020303,0.030232,0.038226,-0.05821,-1.400587,0.055961,0.028171,-0.014742,-0.506855,-0.73883,0.444103,0.816929,-0.576144,-0.026139,0.27518,0.349552,0.895593,-0.006703,-0.001723,-0.00968,0.030082,0.038222,-0.058405,-0.899855,0.06647,0.033729,-0.04855,-0.103716,0.097275,-0.989838,0.075012,-0.991606,-0.105308,-0.991773,-0.085172,0.095549,0.006277,-0.001128,-0.000772,-0.005166,0.072096,-0.149304,-0.915916
1202,0.104931,0.018239,0.389833,-0.087868,0.062505,-0.994192,-0.125676,-0.990733,-0.051234,-0.988077,0.12036,0.096147,0.000692,0.010241,-0.009268,0.035007,-0.016347,0.016701,-1.920145,-0.127184,0.009596,0.325404,0.536735,0.722296,0.436115,-0.800388,0.599382,-0.007384,-0.26739,-0.346012,0.899245,-0.01359,-0.002536,-0.018616,0.019679,0.034948,-0.025206,-1.400764,0.055595,0.028066,-0.015086,-0.506474,-0.738473,0.44513,0.817752,-0.575084,-0.023622,0.273432,0.352042,0.895153,-0.012833,-0.007976,-0.005481,0.000835,0.054493,-0.109514,-0.900509,0.066564,0.033782,-0.048624,-0.103405,0.097709,-0.989828,0.069575,-0.992014,-0.105193,-0.992202,-0.079746,0.095781,5e-06,3e-06,1e-06,0.000302,-4e-06,-6e-05,-0.916079
1203,0.105209,0.018383,0.389638,-0.087713,0.062489,-0.994207,-0.125066,-0.990807,-0.051295,-0.988168,0.119757,0.09596,0.013249,0.008064,-0.010759,0.029676,0.055922,-0.132496,-1.919781,-0.128172,0.009333,0.324804,0.545359,0.713078,0.440561,-0.794046,0.607803,-0.000582,-0.268858,-0.350411,0.897102,-0.02596,-0.014399,-0.009646,0.687234,0.093805,1.404542,-1.401577,0.055116,0.027941,-0.015383,-0.511117,-0.732473,0.449712,0.815172,-0.578981,-0.016543,0.272493,0.358138,0.893019,-0.013812,-0.000975,-0.008224,0.021633,0.055429,-0.050509,-0.900835,0.066699,0.033855,-0.048721,-0.103205,0.097838,-0.989836,0.070191,-0.991953,-0.105366,-0.99218,-0.080352,0.095507,0.006629,0.004041,-0.005378,0.036197,-0.031031,0.046237,-0.916896
1204,0.105365,0.018441,0.389543,-0.087507,0.06269,-0.994212,-0.124798,-0.990828,-0.051546,-0.988221,0.11948,0.095765,0.012541,-0.002244,-0.001535,0.000984,-0.014715,0.029553,-1.919656,-0.128668,0.009208,0.324564,0.544503,0.712228,0.442988,-0.794578,0.607107,0.000827,-0.269019,-0.353341,0.895903,-0.02772,-0.001491,-0.016089,-0.016383,0.083027,-0.030706,-1.401658,0.054858,0.027871,-0.015508,-0.514459,-0.728588,0.452206,0.812304,-0.583034,-0.015246,0.27476,0.359485,0.891782,-0.013105,-0.006293,-0.004,-0.034352,0.075474,-0.058942,-0.902142,0.066782,0.033887,-0.048772,-0.103076,0.097973,-0.989836,0.070493,-0.991915,-0.10552,-0.992172,-0.080653,0.095336,0.006272,-0.001127,-0.000776,0.00115,-0.014696,0.029541,-0.917385
1205,0.105686,0.018625,0.389325,-0.086846,0.063353,-0.994228,-0.129959,-0.990151,-0.051795,-0.987615,0.124625,0.095462,0.013548,0.009299,-0.010017,0.035997,-0.031038,0.046267,-1.919563,-0.129817,0.008869,0.324184,0.547128,0.710557,0.442438,-0.792575,0.609719,0.001163,-0.269607,-0.352201,0.896175,-0.040208,-0.012735,-0.00657,-0.0082,0.060996,-0.112017,-1.402111,0.054274,0.027702,-0.015704,-0.517065,-0.727174,0.451509,0.810388,-0.585694,-0.015233,0.275523,0.358022,0.892135,-0.020113,-0.006252,-0.003163,-0.006743,0.060298,-0.113584,-0.902142,0.066937,0.033973,-0.048879,-0.102578,0.09872,-0.989814,0.065264,-0.992251,-0.105727,-0.992581,-0.075445,0.09534,0.00646,-0.000382,-0.000329,-0.004116,0.059827,-0.12327,-0.917059
1206,0.106006,0.018832,0.389063,-0.086433,0.063643,-0.994245,-0.129136,-0.990237,-0.052214,-0.987759,0.123795,0.095045,0.012622,-0.001884,-0.001321,0.000984,-0.014715,0.029553,-1.919765,-0.131162,0.008592,0.324084,0.552759,0.709318,0.437399,-0.790375,0.612542,0.005749,-0.264525,-0.349785,0.898632,-0.027418,-0.003772,-0.000145,-0.046166,-0.027574,-0.037604,-1.40237,0.053612,0.027558,-0.01576,-0.522874,-0.726094,0.446531,0.808343,-0.588615,-0.01059,0.270524,0.355413,0.894705,-0.020606,-0.002491,0.000219,-0.155715,-0.160282,-0.01431,-0.903611,0.067102,0.034083,-0.049012,-0.102209,0.09912,-0.989811,0.066118,-0.992145,-0.106181,-0.992562,-0.076297,0.094852,0.006317,-0.000935,-0.000663,0.001164,-0.014701,0.029543,-0.917222
1207,0.106262,0.019099,0.388757,-0.085818,0.064109,-0.994269,-0.133978,-0.989589,-0.052296,-0.987169,0.128636,0.094751,0.000686,0.010276,-0.009229,0.035012,-0.016319,0.016716,-1.920519,-0.132651,0.008543,0.324215,0.558022,0.71255,0.425294,-0.790767,0.611934,0.012573,-0.251977,-0.344227,0.904366,-0.041799,0.00013,0.004955,-0.453626,-0.725117,0.330246,-1.402769,0.052889,0.027532,-0.015698,-0.526887,-0.729302,0.436472,0.808902,-0.587912,-0.005878,0.260894,0.349966,0.899698,-0.013995,0.000518,0.002107,-0.000385,-0.060688,0.112261,-0.903285,0.067225,0.034209,-0.049157,-0.101731,0.099653,-0.989807,0.061181,-0.992459,-0.106209,-0.992928,-0.071362,0.094866,4e-06,-7e-06,-6e-06,0.000316,-0.000248,-0.000234,-0.915589
1208,0.106384,0.019233,0.388594,-0.085623,0.064193,-0.99428,-0.133449,-0.989653,-0.052455,-0.987258,0.128107,0.094541,0.000624,0.010034,-0.009371,0.035013,-0.016321,0.016715,-1.920575,-0.133415,0.008554,0.324314,0.558495,0.712434,0.424867,-0.790501,0.612275,0.01271,-0.251765,-0.343858,0.904565,-0.04193,0.001481,0.006139,-0.004003,0.030149,-0.063515,-1.402377,0.052491,0.027538,-0.015646,-0.528718,-0.7294,0.434087,0.808615,-0.588326,-0.003678,0.258068,0.349064,0.900862,-0.020971,0.000745,0.003101,0.007587,-0.070856,0.10507,-0.899039,0.067291,0.034284,-0.049247,-0.101522,0.099822,-0.989812,0.061766,-0.992401,-0.106418,-0.992913,-0.07194,0.094584,0.000314,0.005003,-0.004698,0.035272,-0.016336,0.016682,-0.915263
1209,0.106629,0.019558,0.388196,-0.086608,0.062228,-0.99432,-0.132262,-0.989914,-0.050485,-0.98733,0.127055,0.095202,0.000505,0.009565,-0.009645,0.03501,-0.016331,0.01671,-1.919899,-0.135118,0.008667,0.324598,0.560138,0.713918,0.420187,-0.790157,0.612722,0.012562,-0.249176,-0.339954,0.906755,-0.042109,0.003762,0.008107,0.013167,0.01339,-0.075577,-1.402765,0.051639,0.027597,-0.015502,-0.530367,-0.731052,0.42927,0.808284,-0.588778,-0.004055,0.255709,0.344821,0.903166,-0.021081,0.002029,0.004217,-0.007272,0.033803,-0.066682,-0.904101,0.067414,0.034442,-0.049442,-0.10212,0.097685,-0.989963,0.062974,-0.992535,-0.104435,-0.992776,-0.073007,0.095206,0.006499,0.003582,-0.005644,0.03015,0.056405,-0.131359,-0.915263
1210,0.106942,0.019879,0.387715,-0.088504,0.058849,-0.994359,-0.136865,-0.989487,-0.046432,-0.986532,0.131904,0.096866,0.000142,0.008114,-0.010506,0.03263,-0.006424,-0.003216,-1.920074,-0.13691,0.008765,0.324903,0.561103,0.716465,0.414526,-0.790938,0.611689,0.01365,-0.24447,-0.336431,0.909347,-0.041993,0.003491,0.007774,0.003541,0.022752,-0.068833,-1.402368,0.050743,0.02765,-0.015347,-0.531354,-0.733616,0.423637,0.809071,-0.587703,-0.00294,0.25113,0.34119,0.905826,-0.021004,0.00174,0.003914,-0.015679,0.044064,-0.059999,-0.904917,0.067566,0.034599,-0.049673,-0.103354,0.093963,-0.990195,0.058339,-0.99324,-0.100341,-0.992931,-0.068138,0.097174,0.006228,0.002507,-0.006281,0.006437,0.100276,-0.218139,-0.917059
1211,0.107112,0.020022,0.387452,-0.087936,0.059399,-0.994377,-0.136135,-0.989555,-0.047125,-0.986685,0.131145,0.096342,0.012448,0.005039,-0.01254,0.035992,-0.031054,0.046259,-1.920274,-0.137821,0.00882,0.325053,0.562738,0.717433,0.410618,-0.791334,0.611091,0.017075,-0.239366,-0.335453,0.911064,-0.055691,0.002287,0.008192,-1.579983,-2.098929,0.65818,-1.402545,0.050308,0.027676,-0.015274,-0.531903,-0.734186,0.421957,0.809489,-0.587133,-0.001175,0.248608,0.340945,0.906614,-0.021003,0.001917,0.00405,-0.006879,0.036024,-0.062034,-0.904918,0.067651,0.034672,-0.049804,-0.102897,0.094627,-0.99018,0.059069,-0.993126,-0.101047,-0.992935,-0.068887,0.0966,0.006284,0.002732,-0.006147,0.03635,-0.031655,0.047497,-0.920815
1212,0.107484,0.020281,0.386898,-0.088603,0.057839,-0.994409,-0.134712,-0.98982,-0.045623,-0.98682,0.129838,0.09673,0.011976,0.003142,-0.013674,0.03513,-0.018232,0.020464,-1.920344,-0.13958,0.008948,0.325362,0.561017,0.719514,0.40933,-0.792365,0.609824,0.014336,-0.239993,-0.333293,0.911692,-0.041936,0.00422,0.008291,-0.003467,0.029582,-0.063918,-1.402454,0.049392,0.027743,-0.015113,-0.531235,-0.736597,0.418585,0.810487,-0.585751,-0.00216,0.246778,0.33811,0.908174,-0.020979,0.002141,0.004203,-0.011629,0.037351,-0.059894,-0.906224,0.067837,0.03481,-0.050087,-0.103223,0.093002,-0.9903,0.06058,-0.993182,-0.099588,-0.992811,-0.070273,0.096884,0.006074,0.001888,-0.006652,0.036183,-0.031376,0.0469,-0.923917
1213,0.107903,0.020518,0.386284,-0.087885,0.058282,-0.994447,-0.133084,-0.990008,-0.046314,-0.987105,0.128195,0.096001,0.011886,0.002775,-0.013894,0.03514,-0.018189,0.020485,-1.920781,-0.141327,0.009098,0.325685,0.558889,0.72059,0.410345,-0.793721,0.608078,0.013505,-0.240476,-0.33416,0.911247,-0.041843,0.004173,0.008161,-0.004144,0.030236,-0.063448,-1.402465,0.04855,0.027816,-0.014957,-0.529162,-0.737522,0.419581,0.811718,-0.584042,-0.002894,0.247187,0.33905,0.907713,-0.027769,0.001311,0.004166,-0.00631,0.045586,-0.092485,-0.904754,0.068042,0.034926,-0.05039,-0.102624,0.093546,-0.990311,0.062191,-0.993016,-0.100247,-0.992773,-0.071876,0.096089,0.005942,0.00135,-0.006974,0.035209,-0.018201,0.020523,-0.924734
1214,0.108308,0.020704,0.385709,-0.088849,0.056312,-0.994475,-0.131685,-0.990285,-0.044362,-0.987206,0.126938,0.096639,0.012033,0.00337,-0.013536,0.035149,-0.018147,0.020506,-1.920575,-0.142914,0.009235,0.325991,0.556026,0.721952,0.41184,-0.795519,0.605746,0.012443,-0.24117,-0.33546,0.910586,-0.041772,0.004275,0.00817,-0.004153,0.030236,-0.063447,-1.402566,0.047741,0.027886,-0.014801,-0.526191,-0.738815,0.421039,0.813447,-0.581624,-0.004,0.247842,0.340389,0.907032,-0.020244,-0.003508,0.008064,-0.04062,0.0391,-0.082396,-0.904101,0.068248,0.035017,-0.050684,-0.103166,0.091462,-0.990449,0.063654,-0.993114,-0.098338,-0.992625,-0.073191,0.096634,0.006139,0.002147,-0.006496,0.036076,-0.031251,0.046666,-0.922937
1215,0.108473,0.020811,0.385459,-0.090089,0.054237,-0.994479,-0.131091,-0.990458,-0.042196,-0.987171,0.126491,0.097577,0.012253,0.004274,-0.01299,0.035151,-0.018122,0.0205,-1.921238,-0.143677,0.009323,0.32615,0.559251,0.719164,0.41235,-0.792578,0.609597,0.012039,-0.243396,-0.334463,0.91036,-0.041746,0.004449,0.008284,-0.004158,0.030236,-0.063447,-1.402608,0.047359,0.02793,-0.014722,-0.529499,-0.736118,0.421617,0.810606,-0.585575,-0.004357,0.250096,0.339458,0.906763,-0.02088,0.002216,0.004164,-0.004137,0.03024,-0.063546,-0.905081,0.068331,0.035069,-0.05081,-0.103998,0.089144,-0.990574,0.064281,-0.99329,-0.096137,-0.992497,-0.073673,0.09757,1.4e-05,0.003806,-0.0054,0.035749,-0.018952,0.021765,-0.922937
1216,0.108828,0.020989,0.385053,-0.090555,0.053227,-0.994491,-0.135958,-0.989866,-0.040652,-0.986469,0.131455,0.098111,0.012636,0.005861,-0.012031,0.035994,-0.03105,0.046261,-1.920435,-0.14511,0.009522,0.326461,0.562215,0.717309,0.411551,-0.790483,0.612294,0.012957,-0.243386,-0.333517,0.91071,-0.028031,0.00611,0.008232,0.003406,0.015203,-0.021972,-1.402472,0.046627,0.028031,-0.014563,-0.532504,-0.734367,0.420885,0.80863,-0.588307,-0.003409,0.250114,0.338525,0.907107,-0.014025,0.003073,0.00416,0.004825,0.016801,-0.02271,-0.897406,0.068513,0.035159,-0.051018,-0.104228,0.088125,-0.990641,0.059409,-0.993736,-0.09465,-0.992777,-0.068718,0.098339,0.006332,0.002967,-0.005998,0.036295,-0.031675,0.047158,-0.922774
1217,0.109204,0.021109,0.384738,-0.091504,0.051554,-0.994492,-0.135232,-0.990035,-0.038933,-0.98648,0.130854,0.098801,0.0128,0.006558,-0.011608,0.035997,-0.031037,0.046268,-1.920624,-0.146355,0.009732,0.326788,0.560694,0.716893,0.41434,-0.791533,0.610902,0.014413,-0.243477,-0.336953,0.90942,-0.027932,0.005625,0.007752,-0.00756,0.020516,-0.030282,-1.402329,0.046015,0.028135,-0.014401,-0.530993,-0.733782,0.423804,0.809647,-0.586913,-0.001769,0.250034,0.342193,0.905751,-0.013966,0.002717,0.003817,0.011049,0.003394,-0.039047,-0.897406,0.068701,0.03522,-0.051175,-0.104832,0.0863,-0.990737,0.060168,-0.993851,-0.092938,-0.992667,-0.069354,0.098995,0.006411,0.003297,-0.005798,0.036228,-0.031556,0.047266,-0.924407
1218,0.109369,0.021191,0.384613,-0.092827,0.049499,-0.994474,-0.134937,-0.990159,-0.036742,-0.986395,0.130713,0.09983,0.012393,-0.0027,-0.001823,0.000984,-0.014714,0.029553,-1.920937,-0.146879,0.009836,0.326932,0.561279,0.717471,0.412545,-0.79188,0.610411,0.016066,-0.240984,-0.336613,0.91021,-0.027881,0.005278,0.007425,-0.002242,0.015067,-0.034129,-1.402488,0.045753,0.028187,-0.014329,-0.531596,-0.73447,0.421851,0.810009,-0.586416,-0.000255,0.247568,0.341567,0.906665,-0.013938,0.002497,0.003608,0.004583,0.016562,-0.037594,-0.899202,0.068774,0.035258,-0.051234,-0.105774,0.083936,-0.990841,0.060472,-0.994043,-0.090663,-0.992549,-0.069509,0.100069,-8.2e-05,-0.000361,-0.000223,0.000697,-0.002291,0.00445,-0.924734
1219,0.109772,0.021297,0.384382,-0.092105,0.050332,-0.994499,-0.134354,-0.990201,-0.037725,-0.986543,0.130071,0.099203,0.013,0.007429,-0.011079,0.036002,-0.031013,0.046279,-1.920451,-0.147776,0.00999,0.327171,0.560172,0.71803,0.413075,-0.792593,0.609495,0.015656,-0.241214,-0.33708,0.909976,-0.014029,0.004157,0.005016,-0.002045,0.015205,-0.029245,-1.40265,0.045299,0.028267,-0.014206,-0.530427,-0.735016,0.422371,0.810693,-0.585469,-0.000749,0.247837,0.342016,0.906421,-0.013867,0.001855,0.003028,-0.002109,0.015053,-0.034424,-0.900019,0.06898,0.035312,-0.051349,-0.105202,0.084958,-0.990814,0.061049,-0.993912,-0.091706,-0.992574,-0.070136,0.099374,0.006145,-0.001577,-0.001055,0.001026,-0.01474,0.029631,-0.922284
1220,0.110254,0.021351,0.384153,-0.091747,0.050668,-0.994515,-0.133814,-0.990257,-0.038159,-0.986651,0.12951,0.098871,0.012362,-0.00282,-0.001898,0.000984,-0.014715,0.029553,-1.921066,-0.148474,0.010111,0.327361,0.559072,0.718565,0.413636,-0.793295,0.608592,0.015255,-0.24146,-0.337574,0.909727,-0.013901,0.002609,0.003652,-0.002045,0.015205,-0.029245,-1.402159,0.04496,0.028328,-0.014112,-0.529319,-0.73551,0.4229,0.811349,-0.58456,-0.001153,0.248059,0.34251,0.906175,-0.006947,0.001188,0.001739,-0.002125,0.015199,-0.029352,-0.899856,0.069217,0.03534,-0.051462,-0.104925,0.085335,-0.990811,0.06159,-0.993841,-0.092118,-0.99257,-0.07069,0.099023,0.006146,-0.001567,-0.001051,0.001005,-0.014703,0.02955,-0.922774
1221,0.110527,0.02137,0.384033,-0.092694,0.04933,-0.994495,-0.139493,-0.98955,-0.036137,-0.985774,0.135307,0.099845,0.024583,-0.00623,-0.004155,0.001151,-0.016404,0.033411,-1.921218,-0.148724,0.010149,0.327419,0.558624,0.718778,0.413871,-0.793576,0.60823,0.015084,-0.241572,-0.337774,0.909623,-0.013837,0.001765,0.002914,-0.002045,0.015205,-0.029245,-1.402259,0.044825,0.028347,-0.014082,-0.528836,-0.735722,0.423136,0.811631,-0.584168,-0.001338,0.248167,0.342723,0.906064,-0.006932,0.001013,0.001583,-0.00016,-0.000182,-0.005043,-0.897733,0.069354,0.035356,-0.051524,-0.105585,0.083857,-0.990867,0.055899,-0.994361,-0.090109,-0.992837,-0.064902,0.100302,0.006523,0.003824,-0.005477,0.036546,-0.0325,0.048436,-0.922448
1222,0.111242,0.021341,0.383738,-0.090716,0.046844,-0.994797,-0.139018,-0.989693,-0.03398,-0.986028,0.135147,0.097532,0.024549,-0.006396,-0.004262,6e-06,-0.104535,0.021041,-1.920917,-0.149138,0.010191,0.327498,0.558981,0.719436,0.412242,-0.794054,0.607564,0.016669,-0.239157,-0.337571,0.910336,-0.013781,0.001042,0.002281,0.013213,-0.10647,0.162731,-1.402443,0.044612,0.028367,-0.014043,-0.529206,-0.736405,0.421483,0.812132,-0.583472,0.000269,0.245726,0.342443,0.906835,-0.006884,0.000412,0.001054,0.016816,-0.101762,0.160964,-0.894957,0.06972,0.035338,-0.051674,-0.102902,0.081744,-0.991326,0.056445,-0.994531,-0.087867,-0.993088,-0.064997,0.097724,0.012267,-0.003244,-0.002168,-0.000579,-0.085477,0.033101,-0.921141
1223,0.112152,0.021268,0.383332,-0.09238,0.044234,-0.994764,-0.138505,-0.989856,-0.031207,-0.985943,0.134836,0.098807,0.024109,-0.008334,-0.005445,0.001968,-0.029445,0.059098,-1.921205,-0.149459,0.010223,0.327557,0.560321,0.718479,0.412092,-0.793984,0.607535,0.020626,-0.236229,-0.339662,0.910324,-0.013731,0.000366,0.001689,-0.150754,-0.1705,0.04378,-1.402669,0.044457,0.028382,-0.014014,-0.530527,-0.735342,0.421677,0.81212,-0.583473,0.004266,0.242901,0.344716,0.906735,-6.5e-05,0.000936,0.000818,-0.518745,-0.714361,0.251622,-0.891038,0.070167,0.035306,-0.051874,-0.10428,0.078901,-0.991412,0.056962,-0.994737,-0.085156,-0.992915,-0.065353,0.099236,0.012281,0.00061,-0.007534,0.036738,-0.032625,0.054647,-0.921958
1224,0.113321,0.021143,0.382774,-0.093823,0.041871,-0.994731,-0.137748,-0.990037,-0.028734,-0.985911,0.134268,0.099894,0.02408,-0.000894,-0.016331,0.036231,-0.032407,0.050264,-1.921233,-0.149782,0.010288,0.327646,0.560057,0.718622,0.412201,-0.794155,0.607314,0.020518,-0.236278,-0.339753,0.910277,-0.013832,0.00197,0.003074,-0.000105,-0.000176,-0.004954,-1.402368,0.044291,0.028412,-0.013971,-0.530292,-0.73561,0.421506,0.812294,-0.583232,0.004084,0.242831,0.344553,0.906816,-0.006917,0.000984,0.001542,0.000322,-0.000415,-0.005319,-0.891364,0.070752,0.035243,-0.052147,-0.105263,0.076295,-0.991512,0.057728,-0.994901,-0.082684,-0.992767,-0.065942,0.100322,0.01836,-0.001304,-0.008804,0.038049,-0.050023,0.085452,-0.922284
1225,0.114041,0.021035,0.382453,-0.090279,0.04166,-0.995068,-0.137231,-0.990099,-0.029054,-0.986318,0.133873,0.096341,0.049039,-0.005699,-0.019662,0.037795,-0.085829,0.097149,-1.921186,-0.14996,0.010332,0.327702,0.560373,0.71731,0.414052,-0.79403,0.607402,0.022634,-0.235948,-0.342362,0.909384,-0.000231,0.003526,0.003052,-0.366753,0.362155,0.293254,-1.402531,0.044202,0.028433,-0.013944,-0.529958,-0.735756,0.42167,0.812489,-0.582962,0.003954,0.242909,0.344697,0.90674,-0.006899,0.000726,0.00132,-0.002038,0.015175,-0.029393,-0.891364,0.071102,0.03519,-0.052307,-0.10143,0.07666,-0.991884,0.058278,-0.994856,-0.082849,-0.993133,-0.066209,0.096441,0.018256,-0.001798,-0.009111,0.035803,-0.044614,0.082284,-0.922447
1226,0.115754,0.020758,0.381711,-0.09011,0.036445,-0.995288,-0.136314,-0.990362,-0.023976,-0.986461,0.133459,0.095448,0.04895,-0.006331,-0.020086,0.037577,-0.099855,0.087673,-1.921314,-0.150411,0.010467,0.327863,0.564195,0.714202,0.414236,-0.790691,0.611749,0.022466,-0.238056,-0.341112,0.909305,-0.013965,0.004291,0.005066,-0.000186,-9.6e-05,-0.004897,-1.4024,0.043982,0.028498,-0.013866,-0.53454,-0.731289,0.423653,0.808989,-0.587791,0.006117,0.244546,0.346001,0.905803,-0.006974,0.001972,0.002391,0.001135,0.012134,-0.031073,-0.891528,0.071958,0.035049,-0.052679,-0.100278,0.071521,-0.992385,0.059255,-0.995212,-0.077712,-0.993192,-0.066597,0.09556,0.024493,-0.00312,-0.010042,0.037225,-0.078745,0.103571,-0.922121
1227,0.117797,0.020542,0.380929,-0.091281,0.034696,-0.995243,-0.14125,-0.989724,-0.021601,-0.985657,0.138556,0.096483,0.049529,-0.003854,-0.01861,0.039072,-0.074623,0.13518,-1.921218,-0.150967,0.010653,0.328078,0.563613,0.714505,0.414505,-0.791068,0.61127,0.022233,-0.238181,-0.341338,0.909187,-0.027624,0.004292,0.006398,-0.002155,0.015028,-0.0342,-1.402555,0.043709,0.028592,-0.013758,-0.533953,-0.73159,0.423874,0.809341,-0.587309,0.005852,0.244664,0.346184,0.905701,-0.007002,0.002559,0.002891,-0.00016,-0.000233,-0.005199,-0.889895,0.072997,0.034934,-0.05308,-0.101344,0.069823,-0.992398,0.054277,-0.99566,-0.075595,-0.993369,-0.061525,0.097115,0.02478,-0.00191,-0.009328,0.040094,-0.076862,0.14222,-0.919835
1228,0.118973,0.02043,0.380562,-0.092632,0.032661,-0.995187,-0.140886,-0.989821,-0.019424,-0.985582,0.138361,0.097529,0.062485,-0.004131,-0.019008,0.04007,-0.089229,0.164745,-1.921183,-0.151271,0.010761,0.328201,0.567478,0.711339,0.414678,-0.787666,0.615652,0.022091,-0.24028,-0.340065,0.909112,-0.014035,0.005885,0.006411,0.687405,0.036449,1.502315,-1.402434,0.043552,0.028646,-0.013697,-0.536588,-0.729523,0.424108,0.807135,-0.590338,0.00574,0.24618,0.345393,0.905592,-0.007006,0.002892,0.003074,2.292565,0.115025,5.02001,-0.888915,0.073561,0.034879,-0.053257,-0.102351,0.067419,-0.99246,0.054649,-0.995812,-0.073282,-0.993245,-0.061738,0.098238,0.031177,-0.002431,-0.009764,0.040566,-0.080359,0.147756,-0.920161
1229,0.12168,0.020209,0.379949,-0.096496,0.027411,-0.994978,-0.146356,-0.989131,-0.013109,-0.984408,0.144316,0.100698,0.076077,-0.001152,-0.017444,0.034055,-0.06974,0.128431,-1.920904,-0.151962,0.010991,0.328465,0.56571,0.712163,0.415677,-0.788789,0.614237,0.02142,-0.240765,-0.340901,0.908671,-0.014052,0.006621,0.007017,-0.000117,-0.000178,-0.004955,-1.402251,0.043217,0.028759,-0.013567,-0.536099,-0.729311,0.42509,0.807134,-0.590346,0.005075,0.247249,0.345826,0.905136,-0.007019,0.003108,0.003345,-0.013533,0.105952,-0.172841,-0.892507,0.074909,0.034764,-0.053566,-0.105122,0.061513,-0.992554,0.049171,-0.996542,-0.066967,-0.993242,-0.055845,0.101734,0.037805,-0.005721,-0.00421,-0.018873,0.030487,-0.053539,-0.920978
1230,0.124791,0.02,0.379565,-0.100803,0.021452,-0.994698,-0.146437,-0.989184,-0.006547,-0.983959,0.144967,0.104093,0.089213,-0.007894,-0.006444,0.005565,-0.106016,0.212664,-1.920548,-0.152642,0.011238,0.32873,0.563976,0.71418,0.414572,-0.789822,0.612996,0.018733,-0.241445,-0.338908,0.909235,-0.027631,0.006018,0.007796,0.002386,0.010313,-0.037551,-1.402601,0.042861,0.028888,-0.013429,-0.534261,-0.731398,0.423817,0.808107,-0.589031,0.002178,0.248049,0.343653,0.905744,-0.013825,0.003053,0.003946,-0.015269,0.026812,-0.029414,-0.889405,0.076459,0.034661,-0.053762,-0.108216,0.05474,-0.992619,0.049173,-0.996966,-0.060341,-0.99291,-0.05534,0.105195,0.038231,-0.003441,-0.002849,-8.8e-05,-0.058105,0.118497,-0.920978
1231,0.128112,0.019789,0.379371,-0.106906,0.013123,-0.994205,-0.146727,-0.989159,0.002668,-0.983264,0.146139,0.108911,0.089634,-0.005035,-0.004777,-0.000703,-0.001551,0.010425,-1.921829,-0.153278,0.011441,0.328965,0.562071,0.717462,0.41148,-0.790902,0.611729,0.014012,-0.242351,-0.334225,0.910727,-0.013927,0.005331,0.005863,0.22499,-0.233733,-0.170945,-1.402364,0.042548,0.02899,-0.013312,-0.532662,-0.733825,0.421629,0.808909,-0.587931,-0.001336,0.248869,0.340348,0.906767,-0.006953,0.002356,0.002677,0.3888,-0.393009,-0.261373,-0.886792,0.07812,0.034558,-0.053858,-0.1125,0.045535,-0.992607,0.048924,-0.997483,-0.051303,-0.992446,-0.054334,0.109989,0.044946,-0.001817,-0.002018,-0.004126,0.005852,-0.004373,-0.920978
1232,0.129771,0.019731,0.379313,-0.110353,0.008415,-0.99388,-0.146732,-0.989131,0.007864,-0.982879,0.146685,0.111626,0.08996,-0.002778,-0.00344,-0.004867,0.009027,-0.010197,-1.92064,-0.153601,0.011538,0.329065,0.561753,0.71763,0.411622,-0.791101,0.611474,0.013862,-0.242438,-0.33433,0.910665,-0.013897,0.004981,0.005555,0.003163,-0.003595,-0.007382,-1.402495,0.042387,0.029038,-0.013261,-0.531972,-0.734791,0.420817,0.809262,-0.58744,-0.002712,0.249198,0.339109,0.907141,-0.00694,0.002244,0.002576,-0.015779,0.027846,-0.023629,-0.886955,0.07895,0.034528,-0.053888,-0.114942,0.040277,-0.992555,0.048942,-0.997734,-0.046155,-0.992165,-0.053883,0.112711,0.038646,-0.000701,-0.001232,-0.029745,0.200994,-0.383587,-0.921141
1233,0.13302,0.019634,0.37922,-0.114477,0.002883,-0.993444,-0.146491,-0.989099,0.013957,-0.982437,0.147119,0.114889,0.07722,-0.000888,-0.002113,-0.004326,0.080962,-0.150378,-1.921426,-0.154143,0.01173,0.32928,0.561428,0.717824,0.411726,-0.791317,0.611197,0.013724,-0.242484,-0.334421,0.910619,-0.013887,0.005159,0.005688,-0.000128,-0.000181,-0.004955,-1.402583,0.042116,0.029133,-0.013155,-0.531667,-0.734875,0.421055,0.809464,-0.587161,-0.002672,0.249191,0.339409,0.90703,-0.000155,0.002816,0.002405,0.001601,-0.015041,0.024648,-0.885486,0.080609,0.034482,-0.053933,-0.117877,0.034102,-0.992441,0.049198,-0.997981,-0.040135,-0.991808,-0.053557,0.115961,0.038616,-0.000421,-0.001098,-0.004233,0.079959,-0.148462,-0.922447
1234,0.136108,0.019565,0.379086,-0.118264,-0.002217,-0.993003,-0.145946,-0.989085,0.019537,-0.982066,0.147231,0.117886,0.076913,-0.001977,-0.002848,-0.004367,0.080984,-0.150365,-1.921274,-0.154591,0.011917,0.329482,0.560893,0.718097,0.41198,-0.79166,0.610758,0.013515,-0.242604,-0.334638,0.910508,-0.013879,0.005352,0.005835,-0.000132,-0.00018,-0.004955,-1.402586,0.041891,0.029226,-0.013055,-0.531124,-0.735127,0.4213,0.809786,-0.586717,-0.002883,0.249304,0.339632,0.906916,-0.00693,0.002427,0.002715,-8.9e-05,-0.000174,-0.004836,-0.883363,0.082125,0.034451,-0.053997,-0.120532,0.028479,-0.9923,0.049743,-0.998159,-0.034689,-0.991461,-0.053541,0.118893,0.038399,-0.001366,-0.001707,-0.005322,0.094215,-0.175926,-0.922937
1235,0.137564,0.019491,0.379019,-0.121603,-0.006785,-0.992578,-0.145714,-0.989007,0.024559,-0.981688,0.147621,0.120513,0.076492,-0.004419,-0.004367,-0.005193,0.094199,-0.175963,-1.921083,-0.154771,0.012031,0.329595,0.562069,0.718372,0.409893,-0.791633,0.610748,0.015424,-0.239951,-0.334064,0.911421,-0.000341,0.006617,0.005607,-0.484988,-0.645879,0.254368,-1.402679,0.041796,0.029282,-0.012998,-0.531947,-0.735357,0.419859,0.809807,-0.586692,-0.001557,0.247473,0.339177,0.907587,-0.00694,0.002655,0.002899,-1.625554,-2.086376,0.736659,-0.883853,0.082882,0.034417,-0.05403,-0.122983,0.023186,-0.992137,0.04999,-0.998312,-0.029527,-0.991148,-0.053228,0.121616,0.038227,-0.002333,-0.002313,-0.004933,0.092523,-0.172806,-0.923754
1236,0.140273,0.019293,0.378835,-0.124155,-0.010175,-0.992234,-0.145359,-0.98896,0.028277,-0.981418,0.147747,0.12254,0.063386,-0.005887,-0.005027,-0.000649,0.017672,-0.028873,-1.920725,-0.155112,0.012315,0.329866,0.562335,0.718294,0.409665,-0.791479,0.610945,0.015507,-0.239834,-0.333871,0.911522,-0.000433,0.008573,0.007242,0.00191,-0.015386,0.024291,-1.402669,0.041626,0.029422,-0.012865,-0.532589,-0.735369,0.419022,0.809657,-0.586901,-0.000894,0.246582,0.338788,0.907975,-0.006988,0.003809,0.003865,2e-05,-1.8e-05,-0.004952,-0.886302,0.084213,0.034322,-0.054119,-0.124797,0.019402,-0.991992,0.050341,-0.998397,-0.025861,-0.990904,-0.053165,0.12362,0.038002,-0.003724,-0.003184,0.000239,0.002916,0.00076,-0.923101
1237,0.142638,0.019068,0.378617,-0.127993,-0.0154,-0.991678,-0.144948,-0.98884,0.034011,-0.980981,0.148108,0.125567,0.063602,0.004525,-0.0141,0.027713,0.037979,-0.076887,-1.920402,-0.155405,0.012675,0.330209,0.563722,0.718486,0.407415,-0.791321,0.611096,0.017514,-0.237078,-0.333179,0.912496,-0.000579,0.011632,0.009789,0.003816,-0.030771,0.048582,-1.402471,0.04148,0.029598,-0.012696,-0.534,-0.735605,0.416805,0.80955,-0.587049,0.001112,0.243867,0.338019,0.908994,-0.000272,0.005374,0.004528,0.002385,-0.014806,0.024123,-0.886302,0.085419,0.034203,-0.054233,-0.127577,0.013434,-0.991737,0.050748,-0.998509,-0.020054,-0.990529,-0.052887,0.126705,0.031792,0.002203,-0.007129,0.027628,0.037783,-0.076758,-0.922284
1238,0.144652,0.018871,0.378435,-0.129458,-0.017322,-0.991457,-0.144708,-0.988801,0.036117,-0.980822,0.148162,0.126737,0.050744,-0.004469,-0.003935,-0.001665,0.032404,-0.058417,-1.920459,-0.155702,0.013137,0.330637,0.565596,0.718466,0.404846,-0.790849,0.61164,0.019695,-0.234164,-0.332222,0.913597,-0.000659,0.013431,0.01125,0.003813,-0.03077,0.048583,-1.402471,0.041336,0.029825,-0.012486,-0.535934,-0.735636,0.414263,0.809133,-0.587614,0.003312,0.24099,0.336969,0.91015,-0.000335,0.006712,0.005628,0.005294,-0.028907,0.047936,-0.886629,0.086406,0.034104,-0.054324,-0.128592,0.01135,-0.991632,0.050979,-0.998536,-0.01804,-0.990386,-0.052872,0.127826,0.01903,-0.001708,-0.00153,0.002912,-0.044212,0.088827,-0.918202
1239,0.145527,0.018791,0.378364,-0.131785,-0.02052,-0.991089,-0.144551,-0.988689,0.039638,-0.980533,0.148505,0.128563,0.038079,-0.003194,-0.002865,-0.002656,0.047119,-0.08797,-1.920208,-0.155835,0.013369,0.330855,0.567027,0.718613,0.402576,-0.790637,0.611846,0.021725,-0.231399,-0.331521,0.914555,-0.000674,0.013823,0.01155,0.00263,-0.032302,0.049141,-1.40261,0.041265,0.029946,-0.012372,-0.537422,-0.735829,0.411985,0.808967,-0.587829,0.005378,0.23822,0.336173,0.911174,-0.007074,0.006143,0.005769,0.000315,0.000282,-0.005092,-0.886955,0.086848,0.034063,-0.05436,-0.130248,0.00775,-0.99145,0.051126,-0.998586,-0.014523,-0.990162,-0.052581,0.129667,0.019043,-0.001582,-0.001456,-0.002487,0.046059,-0.085972,-0.918365
1240,0.147051,0.018684,0.378237,-0.134501,-0.024229,-0.99064,-0.144274,-0.988557,0.043713,-0.980201,0.148826,0.1307,0.025401,-0.002005,-0.001844,0.001969,-0.029429,0.059106,-1.920368,-0.156086,0.013915,0.331318,0.567999,0.718217,0.401911,-0.790029,0.61262,0.022036,-0.231089,-0.330947,0.914841,-0.000679,0.014104,0.011722,0.001904,-0.015385,0.024291,-1.402552,0.041139,0.030221,-0.012139,-0.538408,-0.735448,0.411378,0.808379,-0.588634,0.005657,0.237991,0.335596,0.911446,-0.000371,0.007558,0.006286,0.003918,-0.030654,0.048557,-0.887282,0.087615,0.034009,-0.054424,-0.132232,0.003463,-0.991212,0.051402,-0.998624,-0.010346,-0.989884,-0.052318,0.131872,0.019053,-0.001496,-0.001409,-0.002669,0.046727,-0.0872,-0.918692
1241,0.148243,0.018615,0.378141,-0.137349,-0.028145,-0.990146,-0.143963,-0.988403,0.048012,-0.979849,0.149167,0.132938,0.025408,-0.001933,-0.001808,0.001969,-0.029429,0.059106,-1.920378,-0.156335,0.014453,0.331785,0.569648,0.718274,0.399468,-0.789663,0.613013,0.024115,-0.228258,-0.330092,0.915861,-0.000668,0.014034,0.011602,-0.009328,0.075407,-0.11906,-1.40248,0.041015,0.030492,-0.011904,-0.540206,-0.735509,0.408903,0.808003,-0.589126,0.007779,0.235174,0.334598,0.912544,-0.007043,0.006163,0.005724,9.9e-05,9.3e-05,-0.005053,-0.887935,0.088211,0.033975,-0.054472,-0.134259,-0.000953,-0.990945,0.051696,-0.998644,-0.006044,-0.989596,-0.052039,0.134127,0.012705,-0.00097,-0.000927,-0.00367,0.061496,-0.116843,-0.919508
1242,0.149103,0.018597,0.378061,-0.142009,-0.034627,-0.989283,-0.143475,-0.988103,0.055128,-0.97925,0.149802,0.136583,0.025546,-0.000735,-0.001084,0.001968,-0.029428,0.059105,-1.920418,-0.156621,0.014936,0.332208,0.569685,0.718286,0.399395,-0.789648,0.613033,0.024118,-0.228218,-0.330031,0.915893,-0.013969,0.010784,0.01011,-0.000143,-0.00018,-0.004954,-1.402384,0.040877,0.030738,-0.01169,-0.54016,-0.735553,0.408885,0.808037,-0.58908,0.007752,0.235164,0.334582,0.912552,-0.000293,0.00609,0.005014,0.001904,-0.01538,0.024302,-0.886956,0.088641,0.033963,-0.054513,-0.13758,-0.008294,-0.990455,0.052151,-0.998638,0.001119,-0.989116,-0.051499,0.137825,0.006443,0.000294,5e-06,-0.00411,0.074062,-0.142276,-0.921304
1243,0.149389,0.018584,0.378034,-0.142696,-0.035576,-0.98915,-0.143332,-0.988065,0.056161,-0.97917,0.149829,0.137126,0.012709,-0.000913,-0.000876,0.000984,-0.014715,0.029553,-1.920523,-0.156803,0.015168,0.332414,0.570644,0.718631,0.397399,-0.789704,0.612885,0.025958,-0.225607,-0.329551,0.916712,-0.000537,0.011562,0.00949,-0.011216,0.090794,-0.143352,-1.402602,0.04078,0.030852,-0.011587,-0.541254,-0.735887,0.406833,0.808064,-0.589014,0.009636,0.23254,0.333964,0.91345,-0.006988,0.005491,0.005129,0.000917,0.00118,-0.005439,-0.886956,0.088789,0.033959,-0.054526,-0.138041,-0.009303,-0.990382,0.052283,-0.998629,0.002093,-0.989045,-0.051492,0.138338,0.006354,-0.000469,-0.000459,-0.004662,0.076249,-0.146372,-0.920978
1244,0.149825,0.018529,0.377989,-0.145831,-0.038749,-0.988573,-0.148872,-0.986984,0.060594,-0.977877,0.156049,0.139396,0.012626,-0.001633,-0.001316,-0.043269,-0.012002,0.035793,-1.920089,-0.157244,0.01555,0.33278,0.571763,0.718931,0.395244,-0.789663,0.612853,0.027871,-0.222892,-0.328956,0.917589,-0.013845,0.009087,0.008653,-0.000147,-0.00018,-0.004953,-1.402312,0.040559,0.031049,-0.0114,-0.542303,-0.736256,0.404762,0.808119,-0.588905,0.011514,0.229889,0.333341,0.914348,-0.006924,0.004452,0.004259,0.00094,0.001189,-0.005452,-0.886955,0.089012,0.033932,-0.054548,-0.140487,-0.01302,-0.989996,0.046651,-0.998889,0.006517,-0.988982,-0.045269,0.140938,0.00631,-0.000849,-0.000682,-0.043629,-0.012437,0.036018,-0.922284
