frame,MLTx,MLTy,MLTz,MLTR1,MLTR2,MLTR3,MLTR4,MLTR5,MLTR6,MLTR7,MLTR8,MLTR9,MLTTVx,MLTTVy,MLTTVz,MLTRVx,MLTRVy,MLTRVz,MLGA,MRTx,MRTy,MRTz,MRTR1,MRTR2,MRTR3,MRTR4,MRTR5,MRTR6,MRTR7,MRTR8,MRTR9,MRTTVx,MRTTVy,MRTTVz,MRTRVx,MRTRVy,MRTRVz,MRGA,SLTx,SLTy,SLTz,SLTR1,SLTR2,SLTR3,SLTR4,SLTR5,SLTR6,SLTR7,SLTR8,SLTR9,SLTTVx,SLTTVy,SLTTVz,SLTRVx,SLTRVy,SLTRVz,SLGA,SRTx,SRTy,SRTz,SRTR1,SRTR2,SRTR3,SRTR4,SRTR5,SRTR6,SRTR7,SRTR8,SRTR9,SRTTVx,SRTTVy,SRTTVz,SRTRVx,SRTRVy,SRTRVz,SRGA
42,0.22615,-0.017409,0.389677,-0.251785,0.462696,-0.850037,-0.718213,-0.678003,-0.156377,-0.648377,0.570556,0.504084,0.012769,0.011221,-0.009464,0.111802,-0.47839,0.119838,-1.885407,-0.255262,-0.034134,0.363365,-0.792452,-0.344715,0.503172,0.486436,-0.854782,0.180724,0.368788,0.388416,0.844388,-0.00104,0.025989,-0.032237,2.139956,1.969333,5.06049,-1.405288,0.001411,0.027824,0.00841,0.818598,0.401685,0.410542,-0.492998,0.858132,0.143391,-0.294701,-0.319776,0.900495,0.006416,0.016721,-0.022368,-0.689779,1.19312,0.410709,-1.065595,0.11118,0.031699,-0.023409,0.444522,-0.449451,-0.77485,0.628297,0.772988,-0.087925,0.638468,-0.447751,0.625999,0.006458,0.005657,-0.004705,0.32991,-0.626288,0.143647,-0.705108
43,0.226305,-0.017165,0.389452,-0.240115,0.456603,-0.856682,-0.713146,-0.681662,-0.163498,-0.658331,0.57111,0.490369,-0.000922,0.010742,-0.009079,0.034469,-0.587785,-0.005274,-1.37394,-0.255238,-0.03358,0.362598,-0.800056,-0.297156,0.521152,0.451366,-0.870305,0.196904,0.396043,0.393144,0.829729,-0.001817,0.033026,-0.044447,2.206463,2.302975,4.951829,-1.361256,0.00142,0.028117,0.008017,0.829868,0.352085,0.432844,-0.453616,0.877443,0.155963,-0.324884,-0.325774,0.887874,-0.00106,0.016394,-0.022423,2.102733,2.39833,4.990305,-1.049756,0.111263,0.031823,-0.023526,0.433408,-0.445069,-0.783626,0.623311,0.776055,-0.096028,0.650876,-0.446823,0.613765,-0.000423,0.005464,-0.004482,0.054269,-0.612862,-0.045782,-0.64665
44,0.225725,-0.01697,0.389122,-0.23371,0.431643,-0.871269,-0.715667,-0.682903,-0.146413,-0.657907,0.588781,0.469598,-0.026958,-0.004787,-0.001908,-0.433068,-0.437184,-0.678955,-0.090405,-0.255157,-0.032319,0.36148,-0.811484,-0.231778,0.536436,0.416417,-0.873275,0.252825,0.410865,0.42884,0.804456,0.016803,0.027267,-0.012726,-2.243602,-0.698318,1.867068,-0.172097,0.001452,0.028722,0.007433,0.843912,0.286733,0.453427,-0.413194,0.886461,0.208461,-0.342173,-0.363276,0.866572,0.008544,0.014293,-0.005822,-2.288979,-0.618739,1.87867,-0.852991,0.110974,0.031927,-0.023688,0.426184,-0.421065,-0.800669,0.62204,0.779031,-0.078584,0.656835,-0.464557,0.59393,-0.013447,-0.002508,-0.001029,-0.449643,-0.409318,-0.743809,-0.348154
45,0.224251,-0.017168,0.389125,-0.308704,0.360082,-0.880391,-0.682558,-0.728454,-0.058665,-0.662072,0.582356,0.47175,-0.054417,-0.004887,-0.000585,-0.384543,-0.215407,-1.347164,0.46507,-0.254608,-0.030657,0.36108,-0.835561,-0.174879,0.520814,0.390371,-0.855888,0.339117,0.387493,0.486884,0.782723,0.019936,0.039491,-0.001782,-2.096907,-1.158625,2.63961,0.427394,0.001726,0.029553,0.007233,0.867851,0.228218,0.441306,-0.380334,0.87668,0.294578,-0.319656,-0.423493,0.847627,0.010125,0.020428,-0.000303,-2.053565,-1.162166,2.622484,-0.584868,0.110238,0.031822,-0.02369,0.491088,-0.338731,-0.802554,0.568589,0.822621,0.000722,0.659953,-0.456678,0.596578,-0.027199,-0.002378,-0.000233,-0.395547,-0.23058,-1.391365,-0.044434
46,0.221844,-0.017253,0.388931,-0.388302,0.287617,-0.875525,-0.651983,-0.757139,0.040373,-0.650807,0.586143,0.482612,-0.068613,0.001861,-0.011808,-0.390307,0.18122,-2.201426,0.521223,-0.253518,-0.028833,0.361241,-0.865563,-0.098126,0.491084,0.340054,-0.834866,0.432777,0.368601,0.541713,0.755343,0.036164,0.045852,0.003371,-1.463771,0.516512,2.233457,0.533386,0.00226,0.030456,0.007319,0.896986,0.152587,0.414887,-0.324254,0.865011,0.382903,-0.300456,-0.477988,0.82538,0.018215,0.023593,0.002258,-2.066542,-0.943897,3.359258,-0.294537,0.10906,0.031784,-0.02378,0.556623,-0.255997,-0.790338,0.519391,0.849723,0.090567,0.648384,-0.460907,0.605938,-0.027029,-0.003558,-0.001069,-1.297954,0.654543,-3.91681,0.260593
47,0.220677,-0.017169,0.388701,-0.418628,0.24946,-0.87325,-0.62933,-0.772903,0.08084,-0.654258,0.583091,0.481641,-0.068761,0.003675,-0.010577,-1.22401,0.636103,-4.112928,0.520162,-0.252917,-0.028055,0.361231,-0.870022,-0.053328,0.490111,0.313357,-0.827118,0.466494,0.381586,0.559504,0.735669,0.033835,0.037249,-0.004365,-1.220971,1.032067,1.88339,0.485467,0.002566,0.030869,0.007335,0.90243,0.107838,0.417121,-0.294858,0.860499,0.415451,-0.314131,-0.497907,0.808337,0.016912,0.013629,0.002562,-1.123061,0.887145,1.761101,-0.142351,0.108476,0.031821,-0.023898,0.579302,-0.215915,-0.785995,0.489414,0.863251,0.123575,0.65183,-0.456264,0.605755,-0.02757,0.002428,-0.005185,0.00278,0.18369,-1.771795,0.416862
48,0.218665,-0.017025,0.388246,-0.464783,0.164526,-0.870031,-0.561106,-0.81482,0.145605,-0.684391,0.555645,0.472117,-0.040972,-0.000453,-0.014853,-0.13853,-0.520755,-1.845218,0.133288,-0.252271,-0.027821,0.360071,-0.848781,0.024822,0.528153,0.294182,-0.807665,0.510948,0.440309,0.589021,0.677529,-0.022817,-0.011712,-0.046883,-0.968413,1.925671,0.581817,-1.02143,0.002936,0.031082,0.006846,0.887248,0.032628,0.460136,-0.270283,0.845105,0.461242,-0.373814,-0.533603,0.758637,-0.011673,-0.007014,-0.024465,-0.247514,3.722617,-1.374247,-0.119653,0.107458,0.031908,-0.024115,0.613398,-0.12316,-0.78011,0.405688,0.896623,0.177437,0.677612,-0.425321,0.599952,-0.020445,-0.000286,-0.007432,-0.14355,-0.734376,-1.955814,0.520878
49,0.218393,-0.0171,0.386753,-0.455426,0.114537,-0.882901,-0.53706,-0.826264,0.169782,-0.709503,0.551348,0.438917,0.026971,0.01003,-0.060725,0.913319,-2.234131,1.348451,-1.047859,-0.253649,-0.028222,0.358115,-0.757682,0.038216,0.651497,0.349803,-0.818855,0.455025,0.551807,0.572608,0.606211,-0.020868,-0.003447,-0.039867,0.508878,2.538604,-2.744866,-1.402458,0.002211,0.030793,0.005769,0.804229,0.024175,0.593827,-0.329314,0.849886,0.411394,-0.494741,-0.52641,0.691464,-0.010424,-0.00178,-0.019954,0.68504,2.434424,-2.847889,-0.42517,0.107295,0.031888,-0.024828,0.600835,-0.07331,-0.796003,0.375704,0.904844,0.200254,0.705579,-0.419382,0.571205,0.006798,0.003238,-0.031252,0.171633,-1.544019,-0.584238,0.384204
50,0.218712,-0.016854,0.385439,-0.419475,0.107248,-0.901434,-0.53498,-0.831431,0.14997,-0.732881,0.54502,0.407265,0.012732,0.017523,-0.071482,0.918778,-2.151924,1.659338,-1.787336,-0.253685,-0.028427,0.357651,-0.744807,0.02788,0.66669,0.364787,-0.819467,0.441971,0.559572,0.572344,0.599303,-0.004652,-0.007899,-0.025695,-0.270823,0.08371,-0.65537,-1.404512,0.002194,0.030686,0.005547,0.791512,0.036516,0.610061,-0.345275,0.850364,0.39707,-0.504275,-0.524925,0.685681,-0.002101,-0.008199,-0.007398,-0.103418,0.322312,-0.951587,-0.567722,0.107461,0.031995,-0.025491,0.566654,-0.07121,-0.820872,0.375862,0.908903,0.180614,0.733232,-0.410881,0.541799,0.006407,0.008635,-0.035818,0.24677,-1.634262,-0.078897,0.232833
51,0.218883,-0.015534,0.382578,-0.334272,0.100968,-0.937077,-0.502056,-0.860501,0.086319,-0.797231,0.49919,0.339501,0.010257,0.048792,-0.082619,0.637591,-1.166584,0.176704,-1.913033,-0.254526,-0.029168,0.356163,-0.790267,0.024263,0.612275,0.344548,-0.808548,0.476939,0.507604,0.587833,0.629805,-0.038987,-0.015351,-0.050916,0.76896,0.596754,0.440598,-1.402928,0.001793,0.030347,0.004832,0.83424,0.038488,0.550055,-0.323313,0.842226,0.431419,-0.446666,-0.537747,0.715063,-0.012474,-0.014369,-0.022266,2.299494,0.746424,4.957396,-0.861156,0.107549,0.032618,-0.026935,0.486637,-0.080672,-0.869871,0.349661,0.930476,0.109321,0.800575,-0.35736,0.481011,0.0051,0.025173,-0.040755,1.89603,-1.858733,0.486598,-0.080358
52,0.219783,-0.013533,0.379351,-0.264889,0.096833,-0.959428,-0.445306,-0.894769,0.032583,-0.854989,0.435745,0.281331,0.037233,0.054121,-0.080115,0.220105,-1.192515,1.205392,-1.913918,-0.255717,-0.02986,0.354557,-0.806559,0.028265,0.590471,0.331297,-0.805487,0.49129,0.490503,0.591835,0.639532,-0.022206,-0.007372,-0.044224,0.018733,-0.293225,0.437958,-1.402092,0.001192,0.029973,0.004017,0.847734,0.032251,0.52944,-0.309487,0.840704,0.444335,-0.430772,-0.540533,0.722674,-0.018277,-0.007687,-0.016307,-0.740312,-1.784379,2.226151,-1.003382,0.107974,0.033595,-0.02852,0.423205,-0.085913,-0.90195,0.296067,0.953957,0.048051,0.856294,-0.287373,0.429155,0.012245,0.021512,-0.03534,0.267513,-1.421497,0.995416,-0.389467
53,0.220847,-0.011318,0.376322,-0.235283,0.08523,-0.968206,-0.443252,-0.895919,0.028793,-0.864694,0.435823,0.249779,0.02298,0.05891,-0.075812,-0.42271,-0.195537,-1.608156,-1.746197,-0.256765,-0.030293,0.352877,-0.81821,0.04212,0.573367,0.310658,-0.806626,0.502773,0.484684,0.589437,0.646149,-0.037716,-0.018788,-0.036231,0.073988,-0.354154,0.754466,-1.14348,0.000653,0.029758,0.00315,0.8587,0.016626,0.512208,-0.287654,0.842814,0.454884,-0.424134,-0.537948,0.728506,-0.018845,-0.009444,-0.018146,0.098623,-0.375164,0.747296,-0.947863,0.108535,0.03474,-0.030096,0.392887,-0.082207,-0.915905,0.295224,0.954549,0.040964,0.870909,-0.286491,0.399299,0.011542,0.029673,-0.03776,-0.445431,-0.353963,-1.644308,-0.689268
54,0.221119,-0.010137,0.37489,-0.249673,0.059578,-0.966519,-0.441137,-0.895502,0.0587,-0.861719,0.440944,0.25107,0.008915,0.062217,-0.072602,0.007946,-0.180703,-0.520645,-1.483525,-0.257582,-0.030702,0.352358,-0.826681,0.049315,0.560498,0.29821,-0.806175,0.510966,0.478084,0.589486,0.651004,-0.036453,-0.023585,-0.022005,0.042217,-0.283091,0.575786,-0.844604,0.000242,0.029544,0.002881,0.866399,0.008582,0.499278,-0.274578,0.843315,0.46198,-0.417084,-0.53735,0.733004,-0.018143,-0.011569,-0.010766,0.048318,-0.286296,0.570774,-0.835846,0.108668,0.035304,-0.030787,0.401932,-0.052898,-0.914139,0.288384,0.954838,0.071545,0.86907,-0.29238,0.399035,0.004515,0.031399,-0.036098,-0.544187,0.917177,-2.807775,-0.829045
55,0.221092,-0.007886,0.372306,-0.260769,0.014347,-0.965318,-0.45529,-0.88353,0.109804,-0.850995,0.468111,0.238133,-0.004085,0.052939,-0.061725,0.167509,-0.572138,-0.604265,-0.942373,-0.259356,-0.031531,0.351729,-0.846006,0.055305,0.53029,0.278785,-0.801748,0.528596,0.455444,0.594957,0.662163,-0.049873,-0.016809,-0.015711,-0.123372,-0.579223,-0.029766,-0.327798,-0.000613,0.029143,0.002579,0.883197,-0.001364,0.468999,-0.252731,0.841,0.478377,-0.395081,-0.541032,0.742424,-0.024774,-0.013089,-0.00267,-2.7623,-3.270359,-3.52375,-0.676311,0.108659,0.036441,-0.032078,0.406632,-0.007288,-0.913562,0.296477,0.946902,0.12441,0.864148,-0.321439,0.387201,-0.002022,0.026714,-0.03068,0.146962,-0.695871,-0.84855,-0.827902
56,0.220894,-0.006053,0.369912,-0.265305,-0.030737,-0.963698,-0.445462,-0.882506,0.150727,-0.854779,0.469313,0.221643,-0.003551,0.0473,-0.065701,0.123726,-0.544214,-1.063222,-0.671339,-0.261046,-0.032106,0.351419,-0.862328,0.02842,0.505544,0.293272,-0.785679,0.544642,0.413748,0.61788,0.668507,-0.033118,-0.010197,-0.009643,-2.816125,-3.214772,-3.39909,-0.013515,-0.001478,0.02884,0.00241,0.897414,0.020318,0.44072,-0.262443,0.827564,0.496247,-0.354641,-0.561003,0.748,-0.023937,-0.009405,0.000666,-0.163712,-0.332777,0.282314,-0.566579,0.108559,0.037371,-0.033265,0.404441,0.036654,-0.913829,0.280935,0.945907,0.162276,0.870346,-0.322358,0.372266,-0.008109,0.018039,-0.028227,0.095446,-0.52329,-1.308653,-0.60844
57,0.220813,-0.005341,0.368729,-0.269536,-0.048278,-0.961803,-0.438788,-0.882877,0.167227,-0.856898,0.467157,0.217982,-0.002505,0.034606,-0.058238,0.124728,-0.125667,-0.665565,-0.598068,-0.261909,-0.032255,0.351252,-0.8689,0.000862,0.494979,0.313018,-0.773491,0.551058,0.384419,0.633744,0.671158,-0.047423,-0.007128,-0.006676,-0.811189,-1.026154,-0.904832,0.089781,-0.001886,0.028771,0.002332,0.90286,0.046948,0.427362,-0.281545,0.815795,0.505183,-0.324923,-0.576432,0.749766,-0.023671,-0.00343,-0.003187,-0.051073,-0.178637,0.106696,-0.433987,0.108519,0.03772,-0.033837,0.404157,0.055781,-0.912986,0.271733,0.945754,0.178072,0.873394,-0.320057,0.367076,-0.001136,0.016484,-0.029713,0.111058,-0.164453,-0.906416,-0.540837
58,0.220723,-0.004547,0.36673,-0.274328,-0.067843,-0.959263,-0.434998,-0.880859,0.186642,-0.857304,0.468559,0.213329,-0.001275,0.019947,-0.052299,0.119085,0.087031,-0.365605,-0.518398,-0.263633,-0.032476,0.351032,-0.878681,-0.035949,0.476045,0.335505,-0.755659,0.56245,0.340604,0.653968,0.675409,-0.046783,-0.004442,-0.0042,-0.016471,-0.079749,0.115389,0.181338,-0.002765,0.02866,0.002221,0.910496,0.087277,0.404203,-0.307322,0.796827,0.520211,-0.276677,-0.59787,0.752329,-0.023399,-0.002243,-0.002103,-0.068258,-0.190111,0.215023,-0.134186,0.108473,0.038131,-0.034844,0.405679,0.076567,-0.910802,0.264853,0.943884,0.197317,0.8748,-0.321276,0.362635,-0.000113,0.003986,-0.022185,0.099866,0.147735,-0.396983,-0.465071
59,0.220672,-0.004356,0.365163,-0.280993,-0.074147,-0.956865,-0.434856,-0.87895,0.195753,-0.855208,0.471192,0.215929,0.00037,-0.000734,-0.034158,0.063507,0.100094,-0.186961,-0.492132,-0.265416,-0.03258,0.350864,-0.88264,-0.04493,0.467888,0.338797,-0.750555,0.56729,0.326789,0.659281,0.677068,-0.03179,-0.00468,-0.004548,-0.00604,0.043036,-0.084136,0.221912,-0.003644,0.028611,0.00214,0.913704,0.095515,0.394993,-0.310067,0.792149,0.525697,-0.262682,-0.602806,0.753407,-0.023178,-0.001305,-0.001239,-0.004811,0.064483,-0.117352,0.12218,0.108447,0.038232,-0.035656,0.411567,0.083588,-0.907538,0.26337,0.942391,0.206236,0.872495,-0.323898,0.365843,-0.000167,0.004501,-0.021851,0.104449,0.013967,0.018793,-0.447109
60,0.220663,-0.004601,0.364035,-0.28376,-0.073992,-0.95606,-0.437742,-0.877069,0.197745,-0.852816,0.474707,0.217679,0.001107,-0.01017,-0.024487,0.033891,0.018527,-0.030313,-0.483028,-0.266994,-0.032647,0.350756,-0.8877,-0.04452,0.458257,0.333456,-0.74822,0.573506,0.318452,0.661958,0.678428,-0.031456,-0.003314,-0.003286,-0.007766,0.038845,-0.079428,0.254115,-0.004433,0.028574,0.00209,0.91812,0.094232,0.384935,-0.304069,0.790434,0.531746,-0.254159,-0.605254,0.754367,-0.015677,-0.001498,-0.001459,-0.022643,0.001552,-0.03521,0.208071,0.108443,0.038107,-0.036234,0.414348,0.083862,-0.906245,0.266228,0.941022,0.208803,0.870308,-0.327785,0.367584,0.000574,-0.005069,-0.012229,0.031413,0.019724,-0.02773,-0.450211
61,0.220637,-0.004835,0.363622,-0.283381,-0.073665,-0.956198,-0.437439,-0.877349,0.197175,-0.853098,0.474241,0.217592,-0.012685,-0.009445,-0.023239,0.032908,0.033253,-0.059861,-0.482534,-0.267581,-0.032656,0.350659,-0.890836,-0.044194,0.452161,0.32992,-0.746906,0.577251,0.313323,0.663461,0.679346,-0.031211,0.007189,-0.012335,-0.035934,-0.132066,0.110528,0.264872,-0.004744,0.02857,0.002043,0.920676,0.09349,0.378964,-0.300454,0.789508,0.535167,-0.249163,-0.606577,0.75497,-0.015681,-0.001465,-0.001444,-0.248361,-0.543114,0.565631,0.222767,0.108435,0.037991,-0.036434,0.414021,0.083404,-0.906438,0.266077,0.941213,0.208136,0.87051,-0.327355,0.36749,0.000889,-0.009261,-0.00697,0.001814,-0.063082,0.127204,-0.45609
62,0.220518,-0.005419,0.363102,-0.282998,-0.071381,-0.956484,-0.442711,-0.874914,0.196224,-0.850503,0.479062,0.217191,-0.012336,-0.015092,-0.010666,0.004176,-0.062058,0.122117,-0.482974,-0.268288,-0.032661,0.350379,-0.895178,-0.043643,0.443557,0.324681,-0.745371,0.582184,0.306324,0.665221,0.680816,-0.001811,0.00375,-0.015646,0.033721,-0.003392,-0.009759,0.309001,-0.005108,0.028569,0.001904,0.92445,0.092208,0.369985,-0.294721,0.78845,0.539893,-0.241933,-0.608147,0.756058,-0.008213,-0.001913,-0.001885,-0.000909,0.034565,-0.060369,0.262773,0.108375,0.037706,-0.036701,0.414102,0.081102,-0.906609,0.271759,0.939578,0.20818,0.868715,-0.332587,0.367041,-0.006166,-0.007427,-0.005242,-0.002964,0.028395,-0.05362,-0.469806
63,0.220286,-0.005922,0.362799,-0.28301,-0.071408,-0.956478,-0.442814,-0.874849,0.196281,-0.850445,0.479176,0.217163,-0.012754,-0.010899,-0.007522,-0.001858,0.027721,-0.055256,-0.482866,-0.268428,-0.032628,0.349875,-0.899884,-0.03529,0.43469,0.313525,-0.744919,0.58884,0.304153,0.66621,0.680822,-0.001845,0.00365,-0.015761,-0.165775,-0.50656,0.619189,0.363475,-0.005178,0.028587,0.001654,0.928288,0.083275,0.362417,-0.28367,0.788748,0.54535,-0.240442,-0.609049,0.755808,-0.00098,-0.003162,-0.003106,-0.649557,-1.671583,2.06878,0.321395,0.10826,0.037443,-0.036854,0.414055,0.081039,-0.906637,0.271967,0.939517,0.208183,0.868672,-0.332774,0.366972,0.000439,-0.004657,-0.003538,-0.001939,0.013253,-0.02525,-0.483032
64,0.220148,-0.006104,0.362683,-0.282884,-0.071322,-0.956522,-0.442872,-0.874849,0.196152,-0.850457,0.47919,0.217087,-0.012963,-0.008754,-0.005901,-0.001858,0.02772,-0.055256,-0.483006,-0.268303,-0.032562,0.349577,-0.901655,-0.019053,0.432026,0.298356,-0.750325,0.589855,0.314048,0.66076,0.68164,0.013216,0.003013,-0.016336,0.741167,1.035507,0.997543,0.391275,-0.005122,0.028617,0.001502,0.930471,0.068252,0.359952,-0.269173,0.79386,0.545281,-0.248535,-0.604257,0.757035,-0.000791,0.002161,-0.007417,2.413902,3.265709,3.756885,0.355686,0.108191,0.037352,-0.036913,0.413952,0.080924,-0.906693,0.272062,0.939516,0.208064,0.868691,-0.332806,0.366899,0.000314,-0.003346,-0.002545,0.004285,-0.076544,0.152055,-0.489727
65,0.219814,-0.006294,0.362545,-0.282999,-0.07141,-0.956482,-0.442815,-0.87485,0.196278,-0.850448,0.479175,0.217153,-0.013477,-0.003269,-0.001729,0.005046,-0.075045,0.14783,-0.482758,-0.26778,-0.032315,0.348776,-0.903559,0.03729,0.426829,0.248596,-0.765511,0.593403,0.349999,0.642228,0.681841,0.012919,0.002049,-0.017305,0.760717,0.994513,1.18136,0.421359,-0.004859,0.028744,0.001106,0.933032,0.011614,0.359603,-0.219676,0.809941,0.543817,-0.284941,-0.586395,0.758253,0.006664,0.006308,-0.013002,2.49817,3.334885,3.90663,0.408428,0.108025,0.037253,-0.036985,0.414157,0.081134,-0.906581,0.271958,0.93949,0.208319,0.868626,-0.332829,0.367031,9.3e-05,-0.001001,-0.00076,-0.000602,0.000127,0.000225,-0.501811
66,0.219444,-0.00632,0.362572,-0.280658,-0.069757,-0.957293,-0.443336,-0.875161,0.193693,-0.850955,0.478846,0.215889,-0.000121,0.001341,0.001022,0.002367,-0.010217,0.019771,-0.482556,-0.26722,-0.031986,0.347823,-0.905182,0.0949,0.414282,0.193475,-0.775672,0.600694,0.379484,0.623766,0.683207,0.012852,0.011457,-0.027424,0.435145,1.375058,1.27067,0.432451,-0.004584,0.028902,0.000645,0.935616,-0.040903,0.350638,-0.168123,0.821761,0.544465,-0.310412,-0.568361,0.761976,-0.000885,0.001901,-0.007841,0.0026,-0.293797,0.98084,0.433412,0.10784,0.037241,-0.036971,0.412147,0.079001,-0.907685,0.272883,0.939798,0.205703,0.869292,-0.332471,0.365777,-0.00694,0.000611,0.000852,0.029155,-0.108322,0.207139,-0.511608
67,0.219038,-0.006285,0.362647,-0.280764,-0.069847,-0.957256,-0.443347,-0.875125,0.193832,-0.850915,0.4789,0.215931,-0.013803,0.000384,0.001048,-0.000984,0.014715,-0.029553,-0.479385,-0.267019,-0.031656,0.347,-0.907828,0.141455,0.394753,0.143359,-0.779757,0.609395,0.395148,0.609632,0.687074,-0.001765,0.003887,-0.015574,2.005567,2.838944,4.393543,0.434727,-0.004474,0.029075,0.000211,0.936979,-0.094917,0.336243,-0.113736,0.827104,0.55042,-0.330353,-0.553975,0.764184,-0.000867,0.001838,-0.007768,1.97748,2.782786,4.443523,0.437984,0.107631,0.037265,-0.036928,0.412249,0.079114,-0.907629,0.272892,0.93976,0.205863,0.869241,-0.332552,0.365825,-0.006907,0.000242,0.00057,-0.001279,0.014865,-0.029601,-0.519283
68,0.218831,-0.006283,0.362685,-0.280855,-0.069922,-0.957223,-0.443363,-0.875091,0.193952,-0.850876,0.478952,0.215967,-0.01376,-8.5e-05,0.000689,-0.000984,0.014715,-0.029553,-0.478785,-0.267092,-0.031523,0.34668,-0.91041,0.154247,0.383865,0.126989,-0.778685,0.614375,0.394813,0.607879,0.688817,-0.001733,0.003994,-0.015474,0.014553,-0.051009,0.043752,0.436249,-0.00451,0.02914,5.7e-05,0.938835,-0.110212,0.326252,-0.095517,0.826887,0.554195,-0.330852,-0.551461,0.765784,-0.008075,0.003321,-0.006462,-0.034594,-0.154456,0.141311,0.438637,0.107533,0.037268,-0.036908,0.412307,0.079185,-0.907596,0.272907,0.939733,0.205967,0.869208,-0.332611,0.365849,-5.5e-05,0.000619,0.000479,0.005812,-0.089687,0.177449,-0.522222
69,0.218502,-0.006305,0.362712,-0.280513,-0.069685,-0.957341,-0.443503,-0.875099,0.193595,-0.850916,0.478972,0.215765,-0.013668,-0.00111,-9.4e-05,-0.000984,0.014715,-0.029553,-0.47921,-0.267537,-0.031431,0.346216,-0.917643,0.169601,0.359385,0.102036,-0.77326,0.625773,0.385178,0.610686,0.691783,-0.016324,0.006193,-0.013368,0.0279,-0.015143,0.002364,0.435787,-0.004726,0.029188,-0.000173,0.944511,-0.12739,0.30277,-0.06985,0.822762,0.564077,-0.320966,-0.553925,0.76821,-0.008456,-0.002699,-0.002722,-0.070033,-0.136631,0.124339,0.436351,0.107368,0.037258,-0.036893,0.412122,0.078994,-0.907697,0.273054,0.939736,0.205758,0.86925,-0.332648,0.365717,-0.006829,-0.000604,-7.9e-05,-0.001117,0.014756,-0.029473,-0.529734
70,0.2183,-0.006352,0.362726,-0.28002,-0.069339,-0.957511,-0.443709,-0.875109,0.193077,-0.850972,0.479003,0.215475,3e-06,-3.9e-05,-3e-05,0.006021,-0.089709,0.17741,-0.47824,-0.268235,-0.031588,0.345925,-0.924183,0.170726,0.341658,0.091324,-0.769585,0.631928,0.371978,0.614996,0.69518,-0.032112,-0.004958,-0.005128,0.013671,-0.055862,0.089601,0.43306,-0.005069,0.029114,-0.000321,0.949803,-0.129805,0.284646,-0.058623,0.819896,0.569503,-0.307305,-0.557603,0.77113,-0.008826,-0.003826,-0.003859,-0.018782,0.048563,-0.09185,0.433086,0.107262,0.037233,-0.036887,0.411734,0.078585,-0.907909,0.27333,0.939757,0.205296,0.869347,-0.332686,0.36545,3e-06,-3.5e-05,-2.1e-05,-9.4e-05,2e-05,6.9e-05,-0.536592
71,0.21824,-0.00638,0.362734,-0.279827,-0.069205,-0.957576,-0.443808,-0.875102,0.19288,-0.850984,0.479035,0.215357,-0.013665,-0.001163,-0.000136,-0.000984,0.014715,-0.029553,-0.476422,-0.268617,-0.031745,0.345767,-0.926021,0.171708,0.336144,0.087809,-0.767884,0.634489,0.368226,0.616844,0.69554,-0.018129,-0.009059,-0.009171,-0.057883,-0.209655,0.274551,0.428709,-0.005264,0.029039,-0.000397,0.951156,-0.131172,0.279455,-0.055176,0.818427,0.571954,-0.303738,-0.559437,0.771215,-0.008971,-0.004247,-0.004291,-0.24909,-0.56581,0.591887,0.42835,0.107237,0.037219,-0.036884,0.411466,0.0783,-0.908055,0.273518,0.939772,0.204974,0.869415,-0.33271,0.365267,2e-06,-2.5e-05,-1.7e-05,-8.3e-05,-2e-06,6e-05,-0.539205
72,0.21823,-0.006389,0.362741,-0.279562,-0.067071,-0.957806,-0.449195,-0.87251,0.192152,-0.848242,0.484039,0.214987,-8.7e-05,0.001009,0.000768,-0.0,0.0,0.0,-0.473355,-0.269454,-0.032146,0.345361,-0.925442,0.183989,0.331203,0.07329,-0.770501,0.633159,0.372845,0.609988,0.699117,-0.018967,-0.011529,-0.011731,0.021584,0.011037,-0.097842,0.414834,-0.005683,0.028839,-0.0006,0.950549,-0.143898,0.275226,-0.040497,0.821191,0.569213,-0.307922,-0.552211,0.774755,-0.009442,-0.005652,-0.005741,-0.003314,0.022648,-0.104669,0.412837,0.107227,0.037211,-0.036882,0.411576,0.076155,-0.908188,0.279289,0.938019,0.205226,0.867526,-0.338113,0.364796,-5.9e-05,0.000691,0.000528,0.000401,0.000157,0.000622,-0.543123
73,0.21826,-0.006371,0.362739,-0.280997,-0.064498,-0.957563,-0.449327,-0.872785,0.190588,-0.847696,0.483889,0.217463,-0.0,5e-06,4e-06,0.004806,0.039067,0.019583,-0.473598,-0.270311,-0.032483,0.345,-0.927243,0.191201,0.321954,0.061061,-0.770864,0.634014,0.370568,0.607296,0.702662,-0.017788,-0.007619,-0.007854,-0.664179,-1.86696,1.850906,0.395144,-0.006121,0.028657,-0.000794,0.951562,-0.151756,0.267391,-0.028737,0.821988,0.568778,-0.306107,-0.548912,0.777812,-0.008862,-0.003712,-0.003821,-0.683016,-1.855057,1.846999,0.385405,0.107242,0.037223,-0.036881,0.413534,0.073644,-0.907505,0.279541,0.938314,0.203527,0.866513,-0.337851,0.367438,0.0,-6e-06,-4e-06,-0.005475,0.018542,0.011553,-0.548349
74,0.218261,-0.006379,0.362746,-0.281009,-0.064509,-0.957558,-0.449345,-0.872771,0.190609,-0.847682,0.483912,0.217464,-0.0,0.0,0.0,1e-06,8e-06,4e-06,-0.473314,-0.271098,-0.032586,0.344787,-0.929376,0.190374,0.316244,0.056068,-0.773768,0.63093,0.365977,0.603856,0.708013,-0.015889,-0.001581,-0.001764,0.101774,-0.100948,-0.095813,0.389364,-0.006499,0.0286,-0.000906,0.953423,-0.151769,0.260672,-0.023427,0.824327,0.565628,-0.300724,-0.54539,0.782377,-0.007878,-0.000594,-0.000669,0.149609,-0.14818,-0.127708,0.368749,0.107242,0.037219,-0.036877,0.413341,0.073841,-0.907577,0.279646,0.938246,0.203697,0.866572,-0.337997,0.367166,1e-06,-4e-06,-1e-06,-0.000247,-0.001239,-0.000592,-0.553574
75,0.218261,-0.006378,0.362734,-0.281014,-0.06451,-0.957557,-0.449322,-0.872784,0.190606,-0.847693,0.48389,0.217473,3e-06,-3.3e-05,-2.5e-05,0.0,0.0,0.0,-0.472542,-0.271462,-0.032492,0.34479,-0.93029,0.191801,0.312672,0.051164,-0.775995,0.628609,0.364365,0.600538,0.711657,-0.028731,0.015856,-0.003897,0.205986,-0.181056,-0.155064,0.386083,-0.006683,0.028636,-0.000908,0.953969,-0.153869,0.257423,-0.018698,0.826166,0.563115,-0.299321,-0.542008,0.78526,-0.007048,0.001997,0.001958,0.30544,-0.304574,-0.163934,0.363524,0.107242,0.037219,-0.036884,0.413337,0.073851,-0.907578,0.27962,0.938254,0.203695,0.866582,-0.337972,0.367165,-0.000396,0.005209,-0.004521,0.035785,-0.007829,0.020862,-0.555044
76,0.21825,-0.006372,0.362739,-0.280783,-0.064345,-0.957636,-0.449388,-0.872805,0.190352,-0.847735,0.483873,0.217347,-0.0,0.0,0.0,0.0,0.0,0.0,-0.471095,-0.272124,-0.032068,0.34505,-0.932851,0.185288,0.308948,0.051862,-0.779358,0.624376,0.35764,0.598232,0.71699,-0.011719,0.011283,0.011259,0.067046,-0.073355,-0.046914,0.375177,-0.007026,0.028849,-0.000784,0.956353,-0.146746,0.252692,-0.020139,0.8296,0.557994,-0.291517,-0.538728,0.790435,-0.013013,0.00731,0.007246,0.038653,-0.063501,-0.059914,0.348338,0.107237,0.037223,-0.036881,0.413147,0.073652,-0.907681,0.279716,0.938277,0.203453,0.866641,-0.337949,0.367045,0.0,-2e-06,-3e-06,0.000112,-5.5e-05,-0.000114,-0.557493
77,0.218259,-0.006364,0.362745,-0.28063,-0.064236,-0.957688,-0.449432,-0.872819,0.190184,-0.847762,0.483862,0.217264,-0.0,3e-06,2e-06,0.0,0.0,0.0,-0.471359,-0.272697,-0.03134,0.345616,-0.934572,0.178325,0.307844,0.054223,-0.783567,0.618884,0.35275,0.594853,0.722206,-0.008997,0.019521,0.019498,0.26933,-0.32327,-0.124033,0.363284,-0.007317,0.029217,-0.000498,0.957566,-0.140848,0.251452,-0.022842,0.832621,0.553371,-0.287305,-0.535634,0.794072,-0.004377,0.010164,0.010165,0.385856,-0.389679,-0.124814,0.331355,0.107242,0.037227,-0.036878,0.413021,0.073519,-0.907748,0.279781,0.938293,0.203292,0.86668,-0.337935,0.366966,0.0,-6e-06,-5e-06,8.4e-05,-3.3e-05,-0.000129,-0.560759
78,0.218259,-0.006357,0.36275,-0.280613,-0.064223,-0.957694,-0.449437,-0.872821,0.190165,-0.847765,0.483861,0.217254,-9e-06,0.000104,7.9e-05,0.0,0.0,0.0,-0.4712,-0.272906,-0.030851,0.346031,-0.93404,0.181447,0.307633,0.050528,-0.785314,0.616979,0.354708,0.591592,0.723923,-0.007781,0.023168,0.02308,0.105185,-0.138595,-0.018128,0.357736,-0.007419,0.029453,-0.000298,0.957291,-0.143204,0.251165,-0.019513,0.834737,0.550301,-0.288462,-0.5317,0.796293,-0.003852,0.011742,0.01171,0.109723,-0.057666,-0.233082,0.322864,0.107241,0.03723,-0.036875,0.413007,0.073505,-0.907756,0.279787,0.938295,0.203274,0.866685,-0.337933,0.366957,-5e-06,6.8e-05,5.3e-05,8.6e-05,-4e-06,-0.000115,-0.562229
79,0.218248,-0.006351,0.362755,-0.280382,-0.064058,-0.957772,-0.449503,-0.872842,0.189911,-0.847807,0.483845,0.217129,-5.4e-05,0.00062,0.000472,0.0,0.0,0.0,-0.471239,-0.273048,-0.02978,0.347051,-0.934064,0.182251,0.307082,0.047697,-0.788344,0.61333,0.355037,0.587301,0.727248,0.009166,0.028104,0.027904,0.039522,-0.088525,0.081671,0.34451,-0.007495,0.029988,0.000212,0.957367,-0.143679,0.250608,-0.017217,0.837613,0.545992,-0.28836,-0.527029,0.799429,-0.002672,0.015306,0.015133,-0.005859,0.042673,-0.153507,0.305392,0.107236,0.037232,-0.036874,0.412818,0.073303,-0.907858,0.279887,0.938317,0.203032,0.866743,-0.337914,0.366838,-2.7e-05,0.000343,0.000259,8e-05,1.6e-05,-0.00011,-0.565168
80,0.218246,-0.00633,0.362771,-0.280331,-0.064022,-0.95779,-0.449518,-0.872847,0.189855,-0.847816,0.483841,0.217101,-5.1e-05,0.000585,0.000445,0.0,0.0,0.0,-0.471969,-0.272891,-0.02859,0.348223,-0.935146,0.177503,0.306571,0.049617,-0.791023,0.609718,0.351904,0.585157,0.730492,0.009749,0.030002,0.029427,0.181674,-0.163062,-0.222658,0.343141,-0.007414,0.03059,0.000805,0.95808,-0.140017,0.249952,-0.019039,0.839396,0.543186,-0.285864,-0.525175,0.801543,0.005089,0.015715,0.015418,0.312917,-0.269733,-0.218956,0.293962,0.107235,0.037243,-0.036865,0.412777,0.07326,-0.90788,0.279907,0.938323,0.202979,0.866756,-0.337908,0.366812,-2.5e-05,0.000305,0.000235,7.2e-05,-9e-06,-6.2e-05,-0.56827
81,0.218254,-0.00631,0.362811,-0.280251,-0.063969,-0.957817,-0.449584,-0.872828,0.189783,-0.847808,0.483881,0.217045,-6.9e-05,0.000798,0.000607,0.0,0.0,0.0,-0.472528,-0.272443,-0.027456,0.349343,-0.934911,0.177002,0.307576,0.050605,-0.791145,0.609477,0.352388,0.585143,0.730269,0.009248,0.028648,0.02776,0.007398,-0.052219,0.102493,0.339525,-0.007188,0.031164,0.001373,0.958102,-0.138451,0.250738,-0.020584,0.839863,0.542407,-0.285682,-0.524843,0.801825,0.004478,0.013921,0.013486,-0.009448,0.053847,-0.098062,0.288247,0.107239,0.037253,-0.036845,0.41271,0.073196,-0.907916,0.279983,0.938313,0.202919,0.866763,-0.337948,0.366758,-4.3e-05,0.00049,0.000373,6.1e-05,0.0,-1.6e-05,-0.570883
82,0.218242,-0.00629,0.362827,-0.280219,-0.063947,-0.957827,-0.449593,-0.872831,0.189748,-0.847814,0.483879,0.217028,-7.3e-05,0.00084,0.000639,0.0,0.0,0.0,-0.471731,-0.272136,-0.02697,0.349828,-0.934673,0.176496,0.308589,0.051604,-0.791268,0.609233,0.352876,0.58513,0.730044,0.008435,0.026233,0.025282,-0.007176,0.050883,-0.099991,0.343826,-0.00703,0.031422,0.001629,0.957933,-0.137958,0.251657,-0.021493,0.839933,0.542263,-0.286185,-0.52486,0.801635,0.004167,0.013009,0.012526,-0.007032,0.052236,-0.098283,0.28743,0.107233,0.037264,-0.036837,0.412684,0.07317,-0.907929,0.279995,0.938317,0.202886,0.866771,-0.337944,0.366742,-3.8e-05,0.000425,0.000322,5.3e-05,-8e-06,1.6e-05,-0.572026
83,0.21824,-0.006265,0.362885,-0.28002,-0.063811,-0.957895,-0.449715,-0.872811,0.189552,-0.847815,0.483933,0.216902,-6.6e-05,0.000767,0.000583,0.0,0.0,0.0,-0.472672,-0.271413,-0.026183,0.350698,-0.934336,0.175833,0.309984,0.053013,-0.791333,0.609029,0.353559,0.585243,0.729623,0.02143,0.019848,0.018988,0.007566,-0.054317,0.106144,0.359583,-0.006684,0.031802,0.002051,0.957672,-0.137234,0.253039,-0.022884,0.839965,0.542157,-0.286947,-0.525,0.801271,0.010336,0.004038,0.013386,-0.042308,0.065765,-0.110544,0.298371,0.107232,0.037276,-0.036808,0.41252,0.073004,-0.908018,0.280145,0.93831,0.202712,0.866801,-0.338,0.36662,-4.7e-05,0.000538,0.000407,3e-05,-1.4e-05,4.8e-05,-0.574149
84,0.218247,-0.00623,0.362924,-0.279911,-0.063736,-0.957932,-0.449768,-0.872808,0.18944,-0.847823,0.483948,0.216836,-6.5e-05,0.000751,0.000571,0.0,0.0,0.0,-0.472372,-0.270717,-0.025633,0.351448,-0.933132,0.181169,0.310538,0.048952,-0.791459,0.609205,0.357316,0.583436,0.72924,0.019667,0.005099,0.023804,-0.042663,0.064872,-0.111757,0.361208,-0.006335,0.032086,0.002428,0.956612,-0.1426,0.254081,-0.018717,0.840167,0.542004,-0.290761,-0.523243,0.801045,0.009997,0.007829,0.007413,-0.006868,0.048885,-0.095584,0.308331,0.107236,0.037294,-0.036789,0.412431,0.072912,-0.908066,0.280212,0.938312,0.202609,0.866822,-0.338014,0.366557,-4.6e-05,0.00053,0.000402,1.5e-05,1.1e-05,5.5e-05,-0.576108
85,0.218247,-0.00623,0.362936,-0.279789,-0.063651,-0.957973,-0.449824,-0.872806,0.189314,-0.847833,0.483962,0.216764,-1e-05,0.000115,8.7e-05,0.0,0.0,0.0,-0.472364,-0.270429,-0.025391,0.351805,-0.933082,0.181133,0.310707,0.049163,-0.791341,0.609341,0.357416,0.583607,0.729054,0.019388,0.004315,0.023002,-0.042674,0.064825,-0.11178,0.358558,-0.006186,0.032205,0.002604,0.956577,-0.142578,0.254227,-0.01888,0.840056,0.542171,-0.290866,-0.523428,0.800886,0.00981,0.007293,0.006875,-0.006845,0.048957,-0.095862,0.308331,0.107235,0.037295,-0.036782,0.41233,0.072808,-0.90812,0.280287,0.938315,0.202493,0.866846,-0.338028,0.366488,0.000396,-0.005192,0.004536,-0.035655,0.00765,-0.020964,-0.576925
86,0.218248,-0.006238,0.362942,-0.279801,-0.063662,-0.957969,-0.449843,-0.872792,0.189335,-0.84782,0.483986,0.216764,0.0008,-0.010456,0.009017,-0.035656,0.00765,-0.02101,-0.472297,-0.270011,-0.024897,0.352439,-0.932963,0.180972,0.311159,0.049667,-0.791216,0.609463,0.357658,0.583827,0.728759,0.004746,0.015153,0.014207,0.003692,-0.026025,0.05129,0.354673,-0.005971,0.032447,0.002924,0.956488,-0.142421,0.254647,-0.019331,0.839919,0.542367,-0.291128,-0.523691,0.80062,0.002326,0.002724,0.011975,-0.031882,-0.009586,0.036298,0.304412,0.107235,0.037294,-0.036782,0.41233,0.072808,-0.90812,0.280287,0.938315,0.202493,0.866846,-0.338028,0.366488,2e-06,-1.8e-05,-1.4e-05,7e-06,2.5e-05,4.1e-05,-0.578231
87,0.218237,-0.006231,0.362935,-0.279808,-0.063665,-0.957966,-0.449819,-0.872804,0.189335,-0.84783,0.483964,0.216774,-0.0,0.0,0.0,0.0,0.0,0.0,-0.472337,-0.269864,-0.024418,0.353013,-0.932682,0.180446,0.312306,0.050833,-0.791236,0.60934,0.35823,0.583963,0.72837,0.004107,0.013143,0.012253,-0.010903,0.076756,-0.151356,0.3514,-0.005896,0.032693,0.003217,0.956286,-0.14184,0.255727,-0.020452,0.83991,0.542339,-0.291713,-0.523861,0.800294,0.00214,0.006877,0.006406,0.003739,-0.025846,0.051549,0.299187,0.10723,0.037293,-0.036783,0.412346,0.072825,-0.908111,0.280279,0.938313,0.202514,0.866841,-0.33803,0.366497,6e-06,-1e-05,-4e-06,2.2e-05,6.8e-05,5.4e-05,-0.579864
88,0.218237,-0.006231,0.362935,-0.279691,-0.063581,-0.958006,-0.449852,-0.872815,0.189207,-0.847851,0.483955,0.216711,-0.0,0.0,0.0,0.0,0.0,0.0,-0.472904,-0.269829,-0.024176,0.353267,-0.932552,0.180188,0.312841,0.051365,-0.79128,0.609238,0.358491,0.583983,0.728225,0.00404,0.01294,0.012033,0.003696,-0.02601,0.051297,0.350724,-0.005878,0.032817,0.003347,0.956172,-0.141479,0.256354,-0.021097,0.839951,0.542251,-0.292043,-0.523894,0.800152,0.001972,0.006344,0.005894,0.003731,-0.02586,0.051486,0.297554,0.10723,0.037293,-0.036783,0.41225,0.072723,-0.908163,0.28033,0.938324,0.202391,0.86687,-0.338021,0.366437,6e-06,-8e-06,-4e-06,2.1e-05,6.4e-05,5.3e-05,-0.580517
89,0.218235,-0.006217,0.362946,-0.279657,-0.063557,-0.958018,-0.449862,-0.872818,0.18917,-0.847857,0.483953,0.216692,-2e-05,0.000234,0.000178,0.0,0.0,0.0,-0.473419,-0.269828,-0.023707,0.353787,-0.932335,0.179783,0.31372,0.052252,-0.791309,0.609125,0.358929,0.584069,0.72794,0.003977,0.012748,0.011795,-0.009062,0.063723,-0.125721,0.348222,-0.005879,0.033045,0.0036,0.956028,-0.141064,0.257121,-0.021892,0.839949,0.542222,-0.292457,-0.524008,0.799927,-0.00525,0.007173,0.006651,-0.000164,0.002307,-0.003464,0.293472,0.10723,0.0373,-0.036778,0.412223,0.072694,-0.908178,0.280343,0.938328,0.202356,0.866879,-0.338017,0.366421,-1.2e-05,0.000169,0.000129,3e-06,1.4e-05,6.1e-05,-0.581987
90,0.218233,-0.006189,0.362967,-0.27959,-0.063509,-0.958041,-0.449881,-0.872824,0.189095,-0.847869,0.483948,0.216656,-8.4e-05,0.000974,0.00074,0.0,0.0,0.0,-0.472965,-0.269872,-0.023348,0.354343,-0.932759,0.177272,0.313889,0.053716,-0.792439,0.607527,0.357604,0.583308,0.729201,0.003268,0.010479,0.00965,0.08602,-0.035437,-0.215277,0.353012,-0.005899,0.033228,0.003882,0.956347,-0.138958,0.257079,-0.02318,0.840867,0.540743,-0.291311,-0.523098,0.80094,0.001662,0.005358,0.004934,0.138487,-0.160375,-0.051995,0.294125,0.107229,0.037313,-0.036768,0.412167,0.072635,-0.908208,0.280372,0.938334,0.202285,0.866896,-0.338011,0.366386,-4.5e-05,0.000526,0.000402,-8e-06,2e-05,6.1e-05,-0.58313
91,0.218243,-0.006182,0.362985,-0.279548,-0.063481,-0.958054,-0.449915,-0.872815,0.189057,-0.847865,0.483968,0.216627,-3e-06,3.6e-05,2.7e-05,0.0,0.0,0.0,-0.474267,-0.269839,-0.023211,0.354904,-0.933219,0.174965,0.313817,0.055027,-0.793293,0.606294,0.356198,0.582848,0.730257,0.016816,0.006072,0.00552,0.161622,-0.210911,-0.049034,0.358167,-0.005889,0.033299,0.004157,0.956572,-0.137089,0.257244,-0.024659,0.841286,0.540027,-0.290448,-0.522918,0.801371,0.001125,-0.001087,0.008332,0.289523,-0.313654,-0.13563,0.298697,0.107233,0.037318,-0.036757,0.412133,0.072602,-0.908226,0.280411,0.93833,0.202253,0.866899,-0.338032,0.366358,1e-06,-6e-06,-6e-06,-2e-05,-8e-06,6.6e-05,-0.584273
92,0.218243,-0.006182,0.362985,-0.279548,-0.063481,-0.958054,-0.449915,-0.872815,0.189057,-0.847865,0.483968,0.216627,-0.0,1e-06,0.0,0.0,0.0,0.0,-0.47449,-0.269778,-0.023248,0.355191,-0.933822,0.172899,0.313167,0.055743,-0.79419,0.605053,0.354498,0.582245,0.731564,0.00214,-0.002579,0.016278,0.324249,-0.411875,-0.225534,0.362631,-0.005853,0.033282,0.004303,0.956798,-0.136123,0.256917,-0.02522,0.841447,0.53975,-0.289655,-0.522912,0.801662,0.001012,-0.00145,0.007992,-0.047692,0.009473,0.008054,0.302453,0.107233,0.037318,-0.036758,0.412133,0.072602,-0.908226,0.280411,0.93833,0.202253,0.866899,-0.338032,0.366358,2e-06,-1.8e-05,-1e-05,-1e-05,1.2e-05,8e-05,-0.585089
93,0.218243,-0.006189,0.36298,-0.279448,-0.06341,-0.958088,-0.449943,-0.872824,0.188948,-0.847883,0.483961,0.216573,1e-06,-7e-06,-5e-06,0.0,0.0,0.0,-0.475073,-0.269703,-0.023489,0.355711,-0.934333,0.170894,0.312744,0.056826,-0.794644,0.604357,0.352972,0.582221,0.73232,0.00034,-0.017816,0.020961,-0.062861,0.022385,-0.03638,0.363828,-0.005813,0.033165,0.004572,0.957825,-0.132029,0.25522,-0.026982,0.842942,0.537326,-0.286079,-0.521551,0.803829,0.000107,-0.009081,0.010321,-0.089242,0.037893,-0.036652,0.308821,0.107234,0.037314,-0.036761,0.412051,0.072514,-0.90827,0.280455,0.938339,0.202148,0.866924,-0.338025,0.366307,3e-06,-4e-06,-2e-06,-1.1e-05,4.3e-05,3.6e-05,-0.586396
94,0.218243,-0.006182,0.362985,-0.279431,-0.063398,-0.958094,-0.449948,-0.872826,0.188929,-0.847886,0.48396,0.216564,-5e-06,5.4e-05,4.1e-05,0.0,0.0,0.0,-0.475043,-0.269763,-0.023784,0.35607,-0.935515,0.166747,0.311446,0.058283,-0.79644,0.601848,0.349577,0.580974,0.734934,-0.000114,-0.009819,0.009649,0.059694,-0.16864,0.107842,0.358891,-0.005844,0.033019,0.004747,0.958742,-0.128251,0.253701,-0.02859,0.844422,0.534914,-0.282834,-0.520098,0.805916,5.1e-05,0.000186,0.000172,0.101414,-0.116708,-0.065186,0.306372,0.107233,0.037317,-0.036758,0.412037,0.072499,-0.908278,0.280463,0.938341,0.20213,0.866928,-0.338023,0.366298,-2e-06,2.6e-05,2.3e-05,-7e-06,2.3e-05,6.3e-05,-0.587375
95,0.218243,-0.006182,0.362985,-0.279431,-0.063398,-0.958094,-0.449948,-0.872826,0.188929,-0.847886,0.48396,0.216564,-0.0,1e-06,1e-06,0.0,0.0,0.0,-0.475554,-0.269847,-0.02385,0.356178,-0.935423,0.166653,0.311772,0.058657,-0.796293,0.602005,0.34976,0.581201,0.734667,-0.014262,-0.007323,0.011989,-0.036541,0.029928,-0.045431,0.354992,-0.005887,0.03298,0.004802,0.958747,-0.127861,0.253879,-0.029099,0.844288,0.535098,-0.282766,-0.520411,0.805738,-0.007158,-0.003727,0.005934,-0.048464,0.037861,-0.044577,0.303106,0.107233,0.037317,-0.036758,0.412038,0.072499,-0.908278,0.280463,0.938341,0.20213,0.866928,-0.338023,0.366298,2e-06,-7e-06,-3e-06,-8e-06,2.3e-05,6.3e-05,-0.587702
96,0.218232,-0.006183,0.362985,-0.279451,-0.063412,-0.958087,-0.449942,-0.872824,0.18895,-0.847882,0.483961,0.216574,0.0008,-0.010456,0.009017,-0.035656,0.007651,-0.02101,-0.475265,-0.270085,-0.023741,0.356334,-0.937426,0.162723,0.307806,0.058397,-0.797827,0.599996,0.344384,0.580217,0.737977,-0.013042,0.006029,0.005561,0.03106,-0.034022,-0.024064,0.348215,-0.006002,0.033026,0.004873,0.960403,-0.124309,0.249342,-0.028865,0.845736,0.532819,-0.277112,-0.518918,0.80866,0.000458,0.00148,0.001353,0.009178,-0.024289,-0.026893,0.293635,0.107228,0.037321,-0.036762,0.412044,0.072504,-0.908274,0.280438,0.938349,0.202126,0.866933,-0.337999,0.366308,3e-06,-4e-06,-2e-06,-4e-06,4.8e-05,5.3e-05,-0.588355
97,0.218221,-0.006169,0.362983,-0.279324,-0.063319,-0.95813,-0.449957,-0.872848,0.188804,-0.847916,0.483929,0.216511,-1e-06,7e-06,5e-06,0.0,0.0,0.0,-0.475554,-0.270345,-0.023449,0.356575,-0.938822,0.160991,0.304444,0.057438,-0.798202,0.59959,0.340714,0.580187,0.739703,0.001872,0.005985,0.005452,0.001417,-0.001655,-0.00093,0.351488,-0.006133,0.033169,0.00499,0.961511,-0.122784,0.245802,-0.028083,0.845997,0.532447,-0.273324,-0.518857,0.809988,-0.005985,0.004723,0.004334,-0.010918,0.013864,-0.007388,0.291349,0.107222,0.037324,-0.036759,0.41195,0.072404,-0.908325,0.280487,0.93836,0.202006,0.866962,-0.33799,0.366249,2e-06,-5e-06,-3e-06,-1.5e-05,8e-06,5.1e-05,-0.588845
