frame,MLTx,MLTy,MLTz,MLTR1,MLTR2,MLTR3,MLTR4,MLTR5,MLTR6,MLTR7,MLTR8,MLTR9,MLTTVx,MLTTVy,MLTTVz,MLTRVx,MLTRVy,MLTRVz,MLGA,MRTx,MRTy,MRTz,MRTR1,MRTR2,MRTR3,MRTR4,MRTR5,MRTR6,MRTR7,MRTR8,MRTR9,MRTTVx,MRTTVy,MRTTVz,MRTRVx,MRTRVy,MRTRVz,MRGA,SLTx,SLTy,SLTz,SLTR1,SLTR2,SLTR3,SLTR4,SLTR5,SLTR6,SLTR7,SLTR8,SLTR9,SLTTVx,SLTTVy,SLTTVz,SLTRVx,SLTRVy,SLTRVz,SLGA,SRTx,SRTy,SRTz,SRTR1,SRTR2,SRTR3,SRTR4,SRTR5,SRTR6,SRTR7,SRTR8,SRTR9,SRTTVx,SRTTVy,SRTTVz,SRTRVx,SRTRVy,SRTRVz,SRGA
152,0.131871,0.044776,0.420051,-0.355707,-0.392909,-0.848021,-0.069962,-0.893614,0.443317,-0.93155,0.217504,0.291436,-5.2e-05,-0.000306,-0.000117,0.0,0.0,0.0,0.011356,-0.192084,0.012992,0.332499,0.75444,0.417341,0.506595,-0.393196,0.905376,-0.160075,-0.526396,-0.078966,0.846483,0.01253,0.00501,-0.014062,0.262837,-0.278615,-0.365258,-0.187632,0.023622,0.027555,-0.010499,-0.797001,-0.252753,0.548548,0.189961,-0.967035,-0.16958,0.573327,-0.030953,0.818741,-0.000495,0.002043,-0.006948,0.330083,-0.372072,-0.495173,-0.235426,0.08143,0.047131,-0.029793,-0.383216,-0.390211,-0.837185,0.071042,-0.916147,0.394495,-0.920922,0.091701,0.378804,-3.1e-05,-0.000176,-6.8e-05,7.6e-05,-3.8e-05,-2.2e-05,-0.179312
153,0.131864,0.044742,0.420028,-0.356649,-0.388637,-0.849593,-0.075947,-0.894315,0.440914,-0.93072,0.222254,0.290502,-0.000267,-0.001569,-0.000603,0.0,-0.0,0.0,0.008,-0.191978,0.013239,0.331994,0.756674,0.419843,0.501166,-0.378617,0.906347,-0.1874,-0.533843,-0.048495,0.844111,-0.001308,0.019107,-0.018771,2.421317,1.545459,-0.640962,-0.417036,0.023681,0.027669,-0.010747,-0.801136,-0.25532,0.541287,0.176271,-0.964978,-0.194279,0.571934,-0.060231,0.818084,-0.000324,0.004219,-0.005225,2.978133,-1.138204,4.138061,-0.457991,0.081428,0.047118,-0.029803,-0.384754,-0.385952,-0.838454,0.064958,-0.917452,0.392507,-0.92073,0.096554,0.378064,-1.9e-05,-0.000105,-4e-05,-0.000564,0.001904,-0.003845,-0.183394
154,0.131844,0.044728,0.420023,-0.355404,-0.38669,-0.851002,-0.076577,-0.895325,0.438749,-0.931145,0.221576,0.289655,-2.2e-05,-0.000127,-4.9e-05,0.0,-2e-06,4e-06,0.006678,-0.191953,0.013851,0.331458,0.762231,0.405643,0.504429,-0.34804,0.913899,-0.208782,-0.54663,-0.016951,0.837121,-0.001136,0.021831,-0.016501,2.868712,-0.975236,4.303238,-0.711791,0.023692,0.027977,-0.011019,-0.801247,-0.244848,0.54594,0.147265,-0.965068,-0.21669,0.579926,-0.093225,0.809317,-0.000557,0.010975,-0.008195,0.086152,0.249498,-0.307032,-0.713704,0.081417,0.047107,-0.029807,-0.383869,-0.383818,-0.839837,0.064269,-0.918418,0.390355,-0.921147,0.09587,0.377219,-7e-06,-4.5e-05,-1.7e-05,-0.0008,0.002339,-0.004657,-0.18568
155,0.131835,0.044721,0.420021,-0.355426,-0.386723,-0.850978,-0.076563,-0.895309,0.438785,-0.931138,0.221585,0.289671,-1.1e-05,-6.4e-05,-2.5e-05,0.0,-0.0,0.0,0.002969,-0.192045,0.014325,0.331143,0.762327,0.399416,0.50923,-0.335041,0.916771,-0.217284,-0.554576,-0.005494,0.832033,-0.014506,0.023094,-0.014517,0.047674,0.204306,-0.329273,-0.917611,0.023652,0.028215,-0.011177,-0.801098,-0.23356,0.551081,0.127719,-0.96622,-0.223843,0.584747,-0.108937,0.803867,-0.00051,0.011698,-0.00759,0.03724,0.191758,-0.292623,-0.826701,0.081412,0.047103,-0.029808,-0.383899,-0.383888,-0.839792,0.064293,-0.918386,0.390425,-0.921133,0.09589,0.377249,-1e-06,-1.7e-05,-6e-06,3e-06,0.000272,-0.000651,-0.187966
156,0.131822,0.044691,0.42002,-0.355024,-0.380445,-0.85397,-0.083259,-0.896968,0.434152,-0.930718,0.225703,0.287837,-0.000129,-0.00076,-0.000292,-0.104553,-0.038791,0.267862,-0.011179,-0.192187,0.015288,0.330535,0.756059,0.397469,0.519985,-0.323013,0.917602,-0.23152,-0.570095,0.006561,0.821469,-0.001065,0.022816,-0.015646,0.239423,0.242042,-0.200618,-1.301033,0.023576,0.028701,-0.011477,-0.793917,-0.232894,0.561653,0.115213,-0.964621,-0.237131,0.597009,-0.123553,0.792662,-0.000527,0.011419,-0.007811,0.719076,0.750243,-0.571329,-0.771346,0.081406,0.04709,-0.029808,-0.384481,-0.377684,-0.842335,0.057633,-0.920515,0.386432,-0.921331,0.100029,0.375687,-7.8e-05,-0.00048,-0.00018,-0.337931,-0.164486,0.968236,-0.19907
157,0.131793,0.044678,0.420016,-0.35508,-0.380529,-0.853909,-0.083225,-0.896927,0.434244,-0.930699,0.225726,0.287878,-8e-06,-4.8e-05,-1.8e-05,-0.0,-0.0,0.0,-0.021264,-0.192307,0.016159,0.329941,0.746182,0.403885,0.529226,-0.325997,0.91481,-0.238291,-0.581304,0.004754,0.813588,-0.001025,0.023368,-0.015164,0.187603,0.419513,-0.320279,-1.405272,0.023515,0.029134,-0.011775,-0.785168,-0.241104,0.570421,0.118299,-0.962531,-0.244006,0.607878,-0.124105,0.78427,-0.000232,0.006095,-0.003581,0.643536,0.741529,-0.366299,-0.788328,0.081392,0.047082,-0.029811,-0.38452,-0.377559,-0.842372,0.057476,-0.920553,0.386365,-0.921325,0.100149,0.375672,-0.0,1e-06,1e-06,0.000157,-1.4e-05,-0.000222,-0.209684
158,0.131783,0.044664,0.420021,-0.355046,-0.380463,-0.853953,-0.083274,-0.896953,0.434181,-0.930708,0.225735,0.287844,-0.000353,-0.009994,0.009632,-0.035495,0.013823,-0.017904,-0.022328,-0.192352,0.016484,0.329721,0.741159,0.408533,0.532705,-0.326787,0.912727,-0.245096,-0.587259,0.00704,0.809284,-0.001136,0.02161,-0.016606,0.058957,0.099491,-0.155881,-1.406374,0.023493,0.029297,-0.011878,-0.780945,-0.246839,0.573754,0.119147,-0.960601,-0.251096,0.61313,-0.127731,0.779586,-0.000248,0.005821,-0.003802,0.022093,0.078824,-0.153993,-0.788818,0.081387,0.047078,-0.029812,-0.384488,-0.377478,-0.842423,0.057447,-0.920588,0.386284,-0.92134,0.100127,0.37564,-8e-06,-5.2e-05,-1.9e-05,0.000156,-5.6e-05,-7.7e-05,-0.212787
159,0.131772,0.044656,0.420008,-0.355,-0.380393,-0.854004,-0.083278,-0.896993,0.434097,-0.930725,0.225692,0.287821,-7.6e-05,-0.000448,-0.000172,0.0,0.0,0.0,-0.022259,-0.192352,0.01705,0.329269,0.735632,0.41381,0.536281,-0.327531,0.91032,-0.252932,-0.59376,0.009875,0.804496,-0.000563,0.010883,-0.00823,0.036328,-0.012876,0.016908,-1.406375,0.023493,0.029577,-0.012107,-0.776458,-0.253337,0.577003,0.120157,-0.958352,-0.259079,0.618607,-0.131833,0.77456,0.006155,0.011014,-0.008585,0.073414,-0.041845,0.062859,-0.796003,0.081381,0.047072,-0.029814,-0.384462,-0.377415,-0.842464,0.057426,-0.920617,0.38622,-0.921352,0.100107,0.375615,-4.7e-05,-0.000275,-0.000104,0.000106,-4.5e-05,-4.5e-05,-0.214583
160,0.131771,0.044648,0.420005,-0.354943,-0.380299,-0.854069,-0.083315,-0.897039,0.433996,-0.930744,0.225668,0.28778,-1.3e-05,-7.4e-05,-2.9e-05,0.0,0.0,0.0,-0.025556,-0.192164,0.017824,0.328757,0.732901,0.410096,0.542833,-0.325363,0.912037,-0.249522,-0.598315,0.005721,0.801155,-0.001055,0.022962,-0.015448,-0.069766,0.224918,0.208949,-1.406154,0.023587,0.029968,-0.012366,-0.77289,-0.250618,0.582949,0.118017,-0.959443,-0.256009,0.623467,-0.129069,0.771121,-0.000517,0.01149,-0.007718,-0.146866,0.451684,0.127466,-0.796003,0.08138,0.047067,-0.029816,-0.38442,-0.377314,-0.842528,0.05739,-0.920661,0.386119,-0.921372,0.10008,0.375575,-4e-06,-2.1e-05,-6e-06,7.2e-05,-3.3e-05,-3.1e-05,-0.215399
161,0.13177,0.04464,0.420002,-0.354819,-0.380096,-0.854211,-0.083395,-0.897138,0.433776,-0.930784,0.225616,0.287691,-1.8e-05,-0.000103,-4e-05,0.0,0.0,0.0,-0.031157,-0.192096,0.018111,0.328433,0.733436,0.403289,0.547193,-0.318783,0.915063,-0.24692,-0.601201,0.006137,0.798989,-0.001422,0.017168,-0.020229,-0.02054,0.151182,0.122612,-1.406007,0.023622,0.030122,-0.012514,-0.771556,-0.243396,0.587757,0.110892,-0.961225,-0.252484,0.62642,-0.129628,0.76863,0.005962,0.008113,-0.010965,-0.057748,0.205528,0.199678,-0.7929,0.08138,0.047063,-0.029818,-0.384333,-0.377092,-0.842667,0.057303,-0.920758,0.385902,-0.921413,0.100027,0.375486,-1e-05,-5.8e-05,-2.1e-05,5.3e-05,-3.4e-05,-3.7e-05,-0.218175
162,0.131757,0.044609,0.420001,-0.354672,-0.379843,-0.854385,-0.083519,-0.897254,0.43351,-0.930829,0.225578,0.287574,-3e-05,-0.000174,-6.7e-05,0.0,0.0,0.0,-0.034029,-0.191998,0.018106,0.327538,0.733382,0.390818,0.556241,-0.306844,0.920457,-0.24195,-0.607458,0.006251,0.794241,0.01156,-0.009319,-0.025936,-0.170573,0.46977,0.047975,-1.405503,0.023671,0.03014,-0.012963,-0.76883,-0.231719,0.595991,0.098545,-0.963834,-0.247612,0.631814,-0.131639,0.763859,0.005755,-0.005253,-0.013463,-0.222634,0.564919,0.117785,-0.794043,0.081373,0.047047,-0.029818,-0.38423,-0.376815,-0.842838,0.057173,-0.920875,0.385641,-0.921465,0.099988,0.375371,-1.5e-05,-8.3e-05,-3.2e-05,5.3e-05,-1e-06,-1.3e-05,-0.222257
163,0.131745,0.044587,0.420003,-0.35458,-0.379683,-0.854494,-0.083605,-0.897326,0.433346,-0.930856,0.225563,0.287499,-0.000422,-0.010395,0.009477,-0.035495,0.013825,-0.017904,-0.038154,-0.191763,0.017841,0.326165,0.735696,0.373401,0.565079,-0.288572,0.927612,-0.237056,-0.613598,0.010845,0.789457,0.010527,-0.006361,-0.040952,-0.048046,0.238943,0.132686,-1.404878,0.023785,0.030009,-0.013622,-0.766871,-0.213961,0.605084,0.079444,-0.967188,-0.241318,0.636864,-0.13699,0.758707,0.005276,-0.00324,-0.020519,-0.045716,0.326783,0.363071,-0.79143,0.081368,0.047041,-0.02982,-0.384158,-0.37663,-0.842953,0.057101,-0.920956,0.385459,-0.921499,0.099944,0.375299,-6.7e-05,-0.00039,-0.000148,2.4e-05,-3.6e-05,0.0,-0.22536
164,0.131741,0.044555,0.420001,-0.35318,-0.377503,-0.856038,-0.084344,-0.898419,0.430929,-0.931323,0.224861,0.286534,-0.000251,-0.00147,-0.000566,0.0,-0.0,0.0,-0.043394,-0.191315,0.017572,0.324332,0.734983,0.351276,0.579997,-0.268159,0.936212,-0.227004,-0.623648,0.010851,0.781543,0.023091,-0.001439,-0.055436,-0.222346,0.57966,0.430163,-1.404355,0.024003,0.029865,-0.014552,-0.761493,-0.19304,0.618759,0.05838,-0.971167,-0.231138,0.645538,-0.139886,0.750807,0.005082,-0.006907,-0.023785,-0.296733,0.67161,0.429197,-0.789634,0.081366,0.047024,-0.029817,-0.383164,-0.374238,-0.84447,0.056261,-0.922003,0.383071,-0.921964,0.099269,0.374334,-0.000145,-0.000842,-0.000323,-0.001128,0.011546,-0.026674,-0.228789
165,0.131731,0.044555,0.419991,-0.351816,-0.375396,-0.857525,-0.085,-0.899483,0.428575,-0.931781,0.224131,0.285615,-5e-05,-0.000293,-0.000113,5.6e-05,-0.000252,0.000547,-0.048102,-0.191051,0.017395,0.323318,0.732467,0.342146,0.588574,-0.260865,0.939615,-0.221375,-0.629678,0.008161,0.776725,0.010125,-0.01427,-0.048176,-0.1962,0.493449,0.302793,-1.404527,0.024143,0.029772,-0.015083,-0.75585,-0.183807,0.628414,0.050513,-0.973295,-0.223927,0.652792,-0.137512,0.74495,0.00507,-0.007445,-0.024354,-0.209683,0.517771,0.319431,-0.788328,0.081361,0.047021,-0.029823,-0.382161,-0.371867,-0.845971,0.055511,-0.923043,0.380669,-0.922426,0.098516,0.373394,0.000137,0.004778,-0.0049,0.034461,-0.011539,0.013666,-0.231565
166,0.131711,0.044527,0.420001,-0.348989,-0.370988,-0.860593,-0.086467,-0.901654,0.423692,-0.932712,0.222733,0.283664,-0.000456,-0.010594,0.009401,-0.035439,0.013575,-0.017356,-0.062262,-0.19047,0.017046,0.321267,0.715788,0.336335,0.611978,-0.257515,0.941745,-0.216186,-0.64992,-0.003293,0.759906,0.023774,-0.013283,-0.048704,-0.190109,0.568369,0.154402,-1.40484,0.024424,0.029594,-0.016098,-0.737219,-0.181536,0.650807,0.04704,-0.974681,-0.218592,0.674013,-0.130537,0.727094,0.004869,-0.001036,-0.027816,-0.226846,0.681222,0.230624,-0.795023,0.081351,0.047011,-0.029821,-0.380121,-0.366994,-0.849012,0.053889,-0.925142,0.375775,-0.923365,0.097088,0.371443,-8e-05,-0.000461,-0.000178,-0.001216,0.002844,-0.005264,-0.239076
167,0.131668,0.044525,0.420013,-0.34714,-0.36806,-0.862595,-0.087468,-0.903066,0.420468,-0.93331,0.221863,0.282375,-0.0,-0.0,-0.0,0.0,-0.0,0.0,-0.075883,-0.189867,0.01696,0.319348,0.695916,0.323565,0.641092,-0.244758,0.946163,-0.211669,-0.675921,-0.010035,0.736813,0.024241,-0.006858,-0.043428,0.327939,1.299396,0.144473,-1.405313,0.024725,0.02954,-0.017066,-0.714737,-0.173367,0.677564,0.034366,-0.976325,-0.213559,0.698548,-0.129353,0.703773,0.005077,0.002234,-0.025139,1.821544,2.643381,-0.515034,-0.802371,0.081329,0.047005,-0.029812,-0.378831,-0.363833,-0.850947,0.052763,-0.926475,0.372636,-0.923959,0.096268,0.370175,1e-06,1.2e-05,5e-06,-0.000258,0.000781,-0.001535,-0.25018
168,0.131616,0.044523,0.420015,-0.346618,-0.367188,-0.863177,-0.087799,-0.903473,0.419524,-0.933474,0.221652,0.282,-0.011331,0.001446,0.001103,0.00666,-0.064245,0.152832,-0.078304,-0.189594,0.017036,0.318406,0.685281,0.31493,0.656659,-0.240644,0.948941,-0.203799,-0.688155,-0.018777,0.725226,0.010327,0.0079,-0.047326,-0.341091,1.020533,0.261181,-1.405591,0.024863,0.029568,-0.01752,-0.702126,-0.167241,0.692133,0.029611,-0.978043,-0.206288,0.711436,-0.124346,0.691661,0.005202,0.00411,-0.023524,-0.223323,0.790609,0.093973,-0.805147,0.081307,0.047004,-0.029812,-0.378508,-0.36299,-0.85145,0.05244,-0.926825,0.371812,-0.92411,0.096084,0.369846,-4e-06,-1.9e-05,-6e-06,1.5e-05,8.9e-05,-0.000197,-0.254589
169,0.131503,0.044529,0.420012,-0.345843,-0.365891,-0.864038,-0.088264,-0.90408,0.418115,-0.933718,0.221315,0.281454,-0.00028,-0.001632,-0.000629,-0.001108,0.011442,-0.026427,-0.078449,-0.189202,0.017434,0.316812,0.660572,0.292271,0.69153,-0.227973,0.955704,-0.185989,-0.716067,-0.035178,0.697046,0.011315,0.003341,-0.033691,-0.529522,1.380591,0.500003,-1.405942,0.025062,0.02977,-0.018341,-0.671513,-0.150571,0.725532,0.01688,-0.98199,-0.188171,0.7408,-0.114112,0.661961,0.005451,0.008424,-0.019753,-0.349711,1.15696,0.152547,-0.806617,0.081247,0.047011,-0.029811,-0.377926,-0.361472,-0.852355,0.051886,-0.927455,0.370315,-0.92438,0.095726,0.369265,-0.000138,-0.000803,-0.000307,-0.001068,0.011438,-0.026449,-0.257365
170,0.131394,0.044502,0.420007,-0.345432,-0.365187,-0.8645,-0.088527,-0.904405,0.417355,-0.933846,0.221149,0.281162,-0.011615,-0.000193,0.000472,-0.000984,0.014715,-0.029553,-0.078265,-0.188922,0.01802,0.315392,0.63096,0.272856,0.726244,-0.224554,0.960265,-0.16553,-0.743324,-0.058999,0.666222,0.011056,0.020582,-0.036197,-2.013596,-0.420236,1.435193,-1.406789,0.025202,0.030056,-0.019051,-0.634414,-0.138197,0.760538,0.012939,-0.985649,-0.168309,0.772884,-0.096937,0.627098,-0.000959,0.004238,-0.014103,-0.5231,1.551658,0.377716,-0.799922,0.081197,0.046997,-0.029814,-0.377631,-0.360683,-0.852819,0.051589,-0.92778,0.369543,-0.924517,0.095555,0.368966,-0.000189,-0.0011,-0.000421,3.3e-05,3e-06,-1.4e-05,-0.257692
171,0.131322,0.044445,0.419977,-0.347208,-0.36251,-0.864915,-0.094094,-0.90416,0.416669,-0.932641,0.2265,0.280902,-0.000307,-0.001783,-0.000688,-0.0,0.0,0.0,-0.084332,-0.188572,0.018656,0.314416,0.60092,0.249299,0.759432,-0.224147,0.96454,-0.139117,-0.767917,-0.086956,0.634512,0.012155,0.018606,-0.020064,-0.410572,1.52608,-0.017306,-1.407125,0.025382,0.030377,-0.019557,-0.599459,-0.11984,0.791382,0.013671,-0.990116,-0.139579,0.800287,-0.072853,0.595173,0.006123,0.009748,-0.009635,-0.429505,1.600077,0.021551,-0.79339,0.081156,0.046967,-0.029829,-0.379742,-0.358228,-0.852917,0.045985,-0.92815,0.369353,-0.923948,0.101038,0.368931,-0.00019,-0.001106,-0.000425,0.000185,-0.000116,4.4e-05,-0.259161
172,0.131297,0.044398,0.41996,-0.347019,-0.362199,-0.865121,-0.094211,-0.904303,0.416333,-0.9327,0.226425,0.280768,-0.000394,-0.002291,-0.000885,0.007651,-0.07897,0.18238,-0.08823,-0.188353,0.019107,0.314064,0.587673,0.237594,0.773421,-0.2306,0.965435,-0.121213,-0.776202,-0.107432,0.621152,0.012375,0.022971,-0.016119,-0.440701,1.510217,0.046031,-1.407289,0.025487,0.030593,-0.019727,-0.584447,-0.111091,0.80379,0.020484,-0.992287,-0.122249,0.811172,-0.054983,0.582215,0.006232,0.011941,-0.007657,-0.574689,1.398327,0.386843,-0.79535,0.081144,0.046944,-0.029838,-0.379656,-0.35801,-0.853047,0.045904,-0.92824,0.369137,-0.923987,0.100987,0.368846,-0.000246,-0.001428,-0.000551,0.000132,-6.8e-05,-4.1e-05,-0.261447
173,0.131232,0.044324,0.419934,-0.346988,-0.362133,-0.865161,-0.094235,-0.904332,0.416263,-0.932709,0.226412,0.280748,-0.000357,-0.002074,-0.000802,0.0,0.0,0.0,-0.096301,-0.187663,0.020092,0.313636,0.567833,0.207227,0.796626,-0.238412,0.967692,-0.081642,-0.788497,-0.143841,0.597867,0.012646,0.029175,-0.010516,-0.531976,1.531914,0.28513,-1.408034,0.025832,0.031088,-0.019939,-0.558365,-0.086242,0.8251,0.029801,-0.996024,-0.083941,0.829059,-0.022281,0.558715,0.013118,0.014774,-0.005597,-0.733393,0.690307,0.59405,-0.795839,0.081111,0.046906,-0.029851,-0.379586,-0.35782,-0.853158,0.045836,-0.928318,0.368949,-0.92402,0.100942,0.368777,-0.000198,-0.001153,-0.000445,-0.001021,0.0114,-0.026465,-0.266999
174,0.131143,0.044311,0.419933,-0.347073,-0.362247,-0.865079,-0.094189,-0.904279,0.416389,-0.932682,0.226444,0.280813,-2.6e-05,-0.000149,-5.7e-05,0.0,0.0,0.0,-0.100005,-0.18639,0.021241,0.313486,0.547355,0.170823,0.819276,-0.242919,0.969202,-0.039651,-0.80148,-0.177542,0.570938,0.040582,0.026081,0.002531,-0.379201,1.343783,0.685685,-1.408947,0.026458,0.031662,-0.02002,-0.529177,-0.054857,0.846736,0.036255,-0.998458,-0.042029,0.847736,0.008457,0.530349,0.020036,0.019803,-0.001609,-0.409649,1.525089,0.873438,-0.79388,0.081066,0.046897,-0.029853,-0.379649,-0.357947,-0.853076,0.04589,-0.928266,0.369074,-0.923991,0.100971,0.368841,-0.00567,0.000731,0.000558,-0.000924,0.014687,-0.029579,-0.271245
175,0.131092,0.044318,0.419939,-0.347148,-0.362352,-0.865005,-0.094147,-0.90423,0.416505,-0.932658,0.226472,0.280868,-0.0,-2e-06,-1e-06,0.0,0.0,0.0,-0.099333,-0.185623,0.021868,0.313508,0.535747,0.144834,0.831859,-0.239952,0.970645,-0.014323,-0.810162,-0.192128,0.553703,0.040541,0.027602,0.003841,-0.364346,1.226669,0.878226,-1.409496,0.026841,0.031979,-0.020006,-0.511194,-0.031532,0.858886,0.034398,-0.999276,-0.016212,0.858776,0.021257,0.511908,0.013532,0.013763,0.002375,-0.404766,1.389067,0.946573,-0.79486,0.081041,0.046901,-0.02985,-0.379704,-0.358064,-0.853003,0.045938,-0.928218,0.369189,-0.923966,0.100997,0.368896,-0.005657,0.000799,0.000582,-0.000942,0.014683,-0.029583,-0.271898
176,0.130981,0.044325,0.419957,-0.347252,-0.36248,-0.864911,-0.094118,-0.904163,0.416656,-0.932622,0.226534,0.280937,-0.011368,0.001289,0.001045,-0.000984,0.014715,-0.029553,-0.098216,-0.183999,0.023163,0.313496,0.506974,0.079693,0.858264,-0.233813,0.971058,0.04808,-0.830204,-0.22516,0.50983,0.053164,0.040819,-0.003267,-0.466934,1.375646,1.390574,-1.409454,0.027634,0.03261,-0.020005,-0.469187,0.024695,0.882753,0.031857,-0.998485,0.044864,0.882523,0.049172,0.467689,0.026567,0.02035,-0.001709,-0.79909,0.887856,1.987035,-0.790614,0.08099,0.046906,-0.02984,-0.379774,-0.358189,-0.852919,0.045966,-0.928164,0.369321,-0.923936,0.101053,0.368957,-2.9e-05,-0.000167,-6.4e-05,3.7e-05,-1.8e-05,-3e-06,-0.272061
177,0.130912,0.044276,0.419941,-0.345664,-0.360017,-0.866573,-0.094909,-0.905337,0.413918,-0.933133,0.225765,0.279856,-0.000227,-0.001312,-0.000507,0.007663,-0.078967,0.182381,-0.098949,-0.182299,0.024645,0.313442,0.474077,0.035272,0.879772,-0.258249,0.960774,0.100772,-0.842276,-0.275027,0.463459,0.039344,0.038328,-0.004543,-0.561809,1.360088,1.166067,-1.409423,0.028505,0.033377,-0.020024,-0.426163,0.062432,0.902489,0.060204,-0.993446,0.097153,0.90264,0.095736,0.419611,0.019688,0.019549,-0.001954,-0.752378,0.986676,0.783466,-0.797146,0.080951,0.046883,-0.029847,-0.378684,-0.355616,-0.854479,0.045126,-0.929233,0.366728,-0.924425,0.100315,0.367933,-0.00014,-0.000818,-0.000315,-5.8e-05,0.000244,-0.000482,-0.272224
178,0.130826,0.04418,0.419907,-0.342531,-0.355178,-0.869808,-0.096441,-0.907617,0.408535,-0.934134,0.224258,0.27772,-0.000445,-0.002565,-0.000993,0.0,-0.0,0.0,-0.100468,-0.180757,0.026013,0.313068,0.442281,-0.020891,0.896628,-0.283787,0.945046,0.162132,-0.85127,-0.32614,0.410896,0.024796,0.041703,-0.018172,-5.541213,1.050694,-0.870116,-1.408808,0.029281,0.034068,-0.020198,-0.383667,0.111969,0.916658,0.085769,-0.984011,0.156094,0.91948,0.138509,0.367929,0.019443,0.015308,-0.005711,-0.519441,1.522691,1.441602,-0.79486,0.080908,0.046837,-0.029864,-0.376411,-0.350275,-0.857684,0.043386,-0.93142,0.361348,-0.925436,0.098804,0.365794,-0.005977,-0.001025,-0.000124,-0.002549,0.02743,-0.058465,-0.272714
179,0.130752,0.044115,0.419875,-0.340816,-0.352519,-0.871562,-0.097262,-0.908857,0.405576,-0.934679,0.22343,0.276555,-0.000741,-0.004263,-0.001652,0.007666,-0.078972,0.182379,-0.102147,-0.180122,0.026558,0.312783,0.428063,-0.053035,0.902187,-0.291382,0.936807,0.19345,-0.855944,-0.345629,0.3844,0.038702,0.025662,-0.015758,-5.643945,-0.042408,-0.1579,-1.408733,0.029594,0.034349,-0.020339,-0.360529,0.141188,0.921999,0.09671,-0.977491,0.187502,0.92772,0.156766,0.338759,0.012558,0.012309,-0.007806,-1.123323,0.118228,3.61529,-0.797962,0.080872,0.046805,-0.029879,-0.375171,-0.347352,-0.859414,0.042452,-0.932602,0.358401,-0.925982,0.097978,0.364631,-0.006116,-0.001819,-0.00043,-0.002501,0.027324,-0.058267,-0.274021
180,0.13049,0.043924,0.419781,-0.335504,-0.344261,-0.876908,-0.099776,-0.912626,0.396397,-0.936339,0.22091,0.272936,-0.01264,-0.005897,-0.001747,0.253239,-1.123181,2.443602,-0.111159,-0.178951,0.02792,0.31189,0.393787,-0.117521,0.911654,-0.307657,0.917672,0.251315,-0.866599,-0.379297,0.324042,0.024445,0.035017,-0.024007,-0.554932,1.753756,1.49395,-1.407823,0.030193,0.035032,-0.020798,-0.314562,0.195657,0.928853,0.125071,-0.961452,0.244879,0.940961,0.193203,0.277965,0.012214,0.017261,-0.012229,-0.546693,1.73907,1.482146,-0.796166,0.080746,0.046713,-0.029925,-0.372289,-0.340502,-0.863399,0.040255,-0.935318,0.351507,-0.927242,0.096106,0.361916,-0.00063,-0.003611,-0.001398,-0.000515,0.001465,-0.002874,-0.279246
181,0.13005,0.043602,0.419675,-0.327757,-0.332127,-0.884484,-0.103501,-0.917925,0.382978,-0.938684,0.217477,0.267586,-0.01323,-0.009112,-0.003012,0.005641,-0.05308,0.126939,-0.124718,-0.178139,0.029732,0.310632,0.363893,-0.178175,0.914236,-0.324236,0.895839,0.303771,-0.87356,-0.406746,0.267048,0.009485,0.056785,-0.038756,-0.566737,1.522137,1.339982,-1.407574,0.030595,0.035914,-0.021416,-0.273294,0.248149,0.929371,0.148266,-0.94374,0.295585,0.950435,0.218576,0.221127,0.011402,0.028145,-0.020148,-0.81256,1.197595,1.110651,-0.790777,0.080526,0.046554,-0.029978,-0.365646,-0.324846,-0.872225,0.035265,-0.941279,0.335781,-0.930085,0.092018,0.355631,-0.006642,-0.00471,-0.001559,0.003436,-0.04763,0.116405,-0.287574
182,0.129735,0.043389,0.419615,-0.320342,-0.320558,-0.891442,-0.106908,-0.922772,0.370182,-0.940869,0.21428,0.262445,-0.013667,-0.011476,-0.003948,0.007668,-0.062128,0.146648,-0.132635,-0.177876,0.031032,0.309763,0.350051,-0.205122,0.913992,-0.342951,0.879843,0.328931,-0.872049,-0.42834,0.236472,0.008697,0.069745,-0.044743,-5.485641,-0.082594,-0.010626,-1.406816,0.03073,0.036581,-0.021869,-0.252959,0.273222,0.928095,0.169645,-0.931905,0.320582,0.952486,0.238541,0.189383,0.004454,0.034804,-0.022603,-5.457738,-0.124688,-0.055132,-0.785389,0.080369,0.04645,-0.030007,-0.360218,-0.312128,-0.879101,0.0313,-0.945877,0.323012,-0.932343,0.088839,0.350491,-0.012576,-0.005309,-0.001529,0.015966,-0.131246,0.30965,-0.293126
183,0.128946,0.042843,0.419423,-0.30395,-0.294794,-0.905956,-0.11421,-0.932796,0.341787,-0.945456,0.207717,0.250986,-0.026143,-0.015697,-0.005103,0.019118,-0.185492,0.43697,-0.142156,-0.177781,0.03432,0.307689,0.308765,-0.278231,0.909529,-0.361163,0.850255,0.382832,-0.880204,-0.446342,0.160879,-0.005365,0.081212,-0.050683,-0.432196,1.809216,1.367888,-1.407539,0.030776,0.038164,-0.022867,-0.200024,0.333728,0.921202,0.197923,-0.907057,0.371579,0.959591,0.256653,0.115381,-0.003053,0.046094,-0.029237,-0.442416,1.91866,1.447351,-0.784409,0.079985,0.046188,-0.030099,-0.348371,-0.284357,-0.893184,0.022823,-0.955166,0.295188,-0.937078,0.08245,0.339242,-0.013015,-0.007542,-0.002419,0.018485,-0.187321,0.442221,-0.304229
184,0.127993,0.042139,0.419164,-0.291518,-0.274832,-0.916259,-0.119903,-0.939791,0.319981,-0.948675,0.203478,0.242157,-0.027166,-0.020675,-0.007146,0.026726,-0.263697,0.61749,-0.137685,-0.177944,0.037669,0.30551,0.259628,-0.345344,0.901844,-0.402161,0.810287,0.426187,-0.878227,-0.472899,0.070337,-0.006143,0.090965,-0.059082,-0.44045,1.9244,1.509197,-1.407255,0.030698,0.039868,-0.023971,-0.137032,0.391013,0.910126,0.248742,-0.875771,0.413704,0.958826,0.283078,0.022747,-0.003063,0.044894,-0.030041,-0.58809,2.414186,1.613408,-0.785226,0.079493,0.045823,-0.030233,-0.339091,-0.262214,-0.903471,0.015901,-0.96183,0.273183,-0.940618,0.078268,0.330318,-0.01364,-0.010667,-0.003689,0.026808,-0.262954,0.616074,-0.306679
185,0.126726,0.041215,0.418773,-0.278976,-0.262772,-0.923671,-0.112934,-0.946187,0.303229,-0.953303,0.189228,0.23544,-0.039741,-0.016426,-0.018666,5.157084,-1.848651,-0.904352,-0.118553,-0.178188,0.040998,0.303127,0.214677,-0.400293,0.890882,-0.472598,0.755587,0.453513,-0.854913,-0.517878,-0.028106,-0.006216,0.084753,-0.064102,-0.919817,2.003617,1.138435,-1.407454,0.030576,0.041542,-0.025154,-0.083162,0.434522,0.896813,0.329357,-0.837374,0.436264,0.940535,0.331652,-0.073475,-0.003082,0.042599,-0.031848,-1.912497,1.094572,0.940076,-0.777714,0.078875,0.04537,-0.03042,-0.330539,-0.247255,-0.910828,0.016499,-0.966439,0.256364,-0.943647,0.06971,0.323526,-0.020108,-0.013429,-0.004584,0.017034,-0.158331,0.378855,-0.299167
186,0.12604,0.040691,0.418538,-0.269454,-0.259449,-0.92743,-0.097988,-0.950645,0.294355,-0.957696,0.170509,0.23189,-0.040654,-0.020602,-0.020443,5.442173,-2.941885,1.617149,-0.100701,-0.178346,0.042583,0.301849,0.207794,-0.414835,0.885847,-0.52255,0.71839,0.459121,-0.82707,-0.557773,-0.068623,-0.006254,0.081435,-0.066821,-5.319948,-0.71958,1.076183,-1.406982,0.030497,0.042337,-0.025792,-0.070459,0.449411,0.890541,0.382003,-0.812546,0.440274,0.92147,0.371211,-0.114425,-0.009634,0.040379,-0.033154,-0.62492,1.187065,0.575953,-0.777877,0.078533,0.045111,-0.030537,-0.322845,-0.245261,-0.914121,0.031634,-0.968096,0.248571,-0.945922,0.051332,0.320304,-0.020644,-0.015937,-0.005638,0.020092,-0.070388,0.165601,-0.290023
187,0.124546,0.039533,0.417792,-0.248143,-0.261356,-0.932826,-0.055279,-0.957532,0.282927,-0.966851,0.122091,0.224321,-0.03081,-0.029298,-0.024796,5.192135,-1.695062,-1.036983,-0.073216,-0.178753,0.044924,0.29929,0.187685,-0.426242,0.884921,-0.585428,0.674776,0.449316,-0.788842,-0.601841,-0.124013,0.00811,0.046256,-0.064245,-2.459699,1.648077,-2.312782,-1.407657,0.03029,0.043511,-0.027041,-0.050962,0.459185,0.886877,0.451404,-0.781552,0.430591,0.890862,0.422284,-0.167448,-0.002444,0.022199,-0.032402,-0.005628,0.905195,-0.224127,-0.774612,0.077781,0.044534,-0.030909,-0.300546,-0.241993,-0.922556,0.07304,-0.970275,0.230716,-0.950966,0.001957,0.309287,-0.021417,-0.019125,-0.007061,0.016473,-0.076317,0.157443,-0.268469
188,0.12304,0.038271,0.416783,-0.220638,-0.263389,-0.939143,-0.019045,-0.961504,0.274078,-0.974909,0.078679,0.2083,-0.032364,-0.035628,-0.027803,1.447231,-1.09924,-0.174292,-0.058724,-0.178512,0.046425,0.296794,0.202877,-0.390515,0.897959,-0.659644,0.623118,0.420151,-0.723832,-0.677067,-0.132325,0.008771,0.030035,-0.06145,-0.260732,-0.092027,-0.826685,-1.40698,0.030406,0.044261,-0.028296,-0.072137,0.425744,0.901963,0.537298,-0.745298,0.394766,0.840301,0.513101,-0.174988,0.004175,0.021289,-0.03381,-5.086471,-2.683337,-0.273354,-0.777388,0.077029,0.043905,-0.031413,-0.274477,-0.240832,-0.930946,0.113015,-0.969498,0.217484,-0.954929,-0.045517,0.293322,-0.021836,-0.011987,-0.018271,5.084234,-2.051583,-1.350441,-0.250997
189,0.122341,0.037618,0.416135,-0.203626,-0.259047,-0.94418,0.001689,-0.964454,0.264189,-0.978807,0.052517,0.198003,-0.032816,-0.029391,-0.039236,0.425883,-1.23439,0.799022,-0.060869,-0.178339,0.047028,0.295611,0.224581,-0.35137,0.908897,-0.708864,0.580982,0.399882,-0.66881,-0.733632,-0.119751,0.021045,0.042151,-0.069092,-4.184447,-4.391654,1.507425,-1.407273,0.030499,0.044585,-0.028939,-0.099241,0.391086,0.914987,0.593276,-0.71496,0.369937,0.798857,0.579553,-0.161069,0.010662,0.020723,-0.034854,-4.158632,-4.480429,1.435854,-0.780817,0.076679,0.043577,-0.031732,-0.258782,-0.235269,-0.936845,0.134399,-0.969219,0.206275,-0.956539,-0.072532,0.282436,-0.016384,-0.015073,-0.01976,1.872641,-1.689248,2.379838,-0.247404
190,0.12099,0.036373,0.41463,-0.171224,-0.252113,-0.952453,0.056656,-0.967627,0.245888,-0.983401,-0.011554,0.181153,-0.033057,-0.021329,-0.050162,1.64762,-0.681666,-0.142345,-0.085139,-0.177495,0.047838,0.293323,0.26821,-0.225783,0.936524,-0.789693,0.505143,0.348065,-0.551973,-0.832618,-0.044006,0.035645,0.019488,-0.055982,-5.010651,-4.066454,-2.005788,-1.407352,0.030908,0.044974,-0.030068,-0.16642,0.282142,0.944828,0.682143,-0.658965,0.31693,0.712028,0.697252,-0.082797,0.011246,0.009059,-0.028029,-0.923601,-2.70319,-1.889517,-0.790287,0.076003,0.042944,-0.032484,-0.225921,-0.223877,-0.94807,0.185737,-0.965278,0.18368,-0.956274,-0.134595,0.259659,-0.016904,-0.015974,-0.020614,5.301867,-1.71417,-0.695849,-0.255405
191,0.119627,0.035335,0.412892,-0.147966,-0.247736,-0.957485,0.114849,-0.965872,0.232103,-0.982128,-0.075322,0.172563,-0.033809,-0.031048,-0.040957,0.127855,-0.197884,0.379714,-0.115942,-0.175953,0.04831,0.291506,0.296458,-0.0394,0.954228,-0.86498,0.412334,0.285876,-0.405071,-0.910067,0.086944,0.05043,0.002358,-0.037848,-5.155318,-4.885213,-2.822813,-1.407221,0.031691,0.045209,-0.031004,-0.233037,0.101217,0.967185,0.7747,-0.581857,0.24755,0.58782,0.806967,0.057182,0.02515,0.00134,-0.018533,-5.154398,-4.928476,-2.854656,-0.805147,0.07532,0.042425,-0.033358,-0.20348,-0.217014,-0.954724,0.243687,-0.955664,0.165291,-0.948267,-0.199021,0.247342,-0.016659,-0.010745,-0.025307,0.258979,-0.118018,0.178696,-0.278266
192,0.118239,0.034467,0.411033,-0.124576,-0.249934,-0.960239,0.185453,-0.956565,0.224862,-0.974579,-0.149763,0.166714,-0.033279,-0.019409,-0.050267,0.594818,-0.23268,0.14035,-0.131489,-0.173856,0.048328,0.290304,0.287415,0.179941,0.940748,-0.930694,0.284252,0.230095,-0.226346,-0.941883,0.247965,0.064512,-0.001946,-0.02548,-0.925551,-4.043413,-2.323367,-1.407442,0.032713,0.045216,-0.031597,-0.270297,-0.113431,0.956071,0.862574,-0.469645,0.188144,0.427673,0.875538,0.224786,0.025988,-0.007007,-0.008871,-5.019072,-5.318599,-3.027363,-0.816414,0.074625,0.041984,-0.034285,-0.180546,-0.216147,-0.959522,0.311444,-0.937918,0.152678,-0.932954,-0.271273,0.236655,-0.016614,-0.00976,-0.025123,1.734084,-0.499236,-0.044238,-0.295085
193,0.117512,0.034062,0.410053,-0.113428,-0.253143,-0.96078,0.226752,-0.948072,0.22297,-0.967193,-0.192261,0.166137,-0.033733,-0.028368,-0.040486,1.676548,-0.396091,-0.252355,-0.138777,-0.172648,0.048162,0.290051,0.269067,0.292401,0.917658,-0.952685,0.220306,0.209264,-0.141296,-0.930889,0.336666,0.065446,-0.004728,-0.010345,-4.84317,-5.38381,-3.273243,-1.40758,0.033292,0.045132,-0.031737,-0.276098,-0.221904,0.935162,0.894016,-0.416497,0.165119,0.352852,0.881639,0.31338,0.032579,-0.002415,-0.005263,-4.782764,-4.926582,-3.667593,-0.81821,0.074274,0.04179,-0.034761,-0.170676,-0.217434,-0.961036,0.346203,-0.926394,0.148112,-0.922503,-0.307435,0.233389,-0.016541,-0.009116,-0.024917,0.247955,-0.06504,0.016351,-0.30031
194,0.116167,0.033477,0.408149,-0.097422,-0.261101,-0.960406,0.298042,-0.928341,0.222095,-0.949454,-0.264287,0.169458,-0.032688,-0.014683,-0.048714,1.773708,-0.052837,-0.298882,-0.140402,-0.170191,0.048084,0.290235,0.206373,0.481634,0.851722,-0.978165,0.081858,0.190855,0.021957,-0.873096,0.486913,0.066248,0.00043,0.012266,-4.630907,-4.961155,-2.816799,-1.407734,0.034525,0.04508,-0.031666,-0.256465,-0.422595,0.869274,0.947939,-0.285621,0.14082,0.188774,0.860135,0.473846,0.026474,0.000241,0.006576,-4.74652,-5.02706,-2.951665,-0.822456,0.073588,0.041483,-0.03573,-0.151744,-0.223747,-0.962762,0.418178,-0.897105,0.142578,-0.8956,-0.38097,0.229696,-0.021918,-0.000798,-0.02837,5.572162,-0.755526,-0.856965,-0.306515
195,0.114847,0.033023,0.406259,-0.079732,-0.270751,-0.959366,0.361868,-0.904612,0.225169,-0.92872,-0.328882,0.171299,-0.032229,-0.011484,-0.047549,1.694,-0.342976,-0.397067,-0.132568,-0.168224,0.048163,0.290945,0.13417,0.623408,0.770294,-0.976821,-0.047337,0.208601,0.166349,-0.78119,0.601608,0.05294,0.008715,0.021144,-4.948748,-4.548575,-3.65386,-1.407727,0.035535,0.045125,-0.031304,-0.222297,-0.579315,0.784204,0.974441,-0.158719,0.158972,0.032373,0.7995,0.599791,0.019908,0.003996,0.010684,-4.22781,-3.942273,-2.644824,-0.821966,0.072928,0.041255,-0.036675,-0.13413,-0.231352,-0.963578,0.47919,-0.866265,0.141284,-0.867401,-0.442787,0.227053,-0.016178,-0.005799,-0.023998,5.402493,-1.214567,-1.086774,-0.304719
196,0.114225,0.032843,0.405331,-0.069637,-0.272285,-0.959717,0.395712,-0.890643,0.223919,-0.915649,-0.363848,0.170965,-0.020065,-0.011733,-0.048254,1.695542,-0.355706,-0.367004,-0.115893,-0.167309,0.048391,0.291487,0.077011,0.693258,0.716557,-0.963266,-0.133519,0.232865,0.257021,-0.709021,0.656577,0.039652,0.014636,0.027819,-5.815378,-6.723934,-2.298219,-1.407262,0.035983,0.04523,-0.031048,-0.185553,-0.655095,0.732406,0.980623,-0.075793,0.180646,-0.062829,0.751735,0.656465,0.026277,0.008377,0.013972,-4.99336,-5.051499,-2.967371,-0.820006,0.072613,0.041165,-0.037139,-0.123961,-0.23169,-0.964858,0.511022,-0.848405,0.138072,-0.850581,-0.475949,0.223568,-0.015991,-0.004734,-0.023562,5.404188,-1.203343,-1.087113,-0.299004
197,0.113103,0.032539,0.403587,-0.05759,-0.268898,-0.961469,0.435876,-0.873179,0.218042,-0.898095,-0.406198,0.168692,-0.031123,-0.005253,-0.044944,0.106719,-0.053305,0.067507,-0.075943,-0.166156,0.049526,0.292539,-0.015667,0.786111,0.61788,-0.923637,-0.247913,0.292178,0.382889,-0.567092,0.729154,0.012234,0.032549,0.02896,-0.215648,-1.974406,1.589405,-1.406406,0.036585,0.045804,-0.030506,-0.110791,-0.772029,0.625856,0.968647,0.057019,0.241808,-0.222369,0.633024,0.741506,0.006132,0.016467,0.01471,-1.237448,-2.320941,0.492172,-0.820496,0.072056,0.04101,-0.038012,-0.112096,-0.227014,-0.967418,0.549722,-0.825179,0.129939,-0.827792,-0.517246,0.217294,-0.015444,-0.002285,-0.022261,0.095197,0.038476,-0.119955,-0.27549
198,0.112191,0.032152,0.401967,-0.049701,-0.249792,-0.967047,0.464759,-0.862787,0.198921,-0.883983,-0.439254,0.16018,-0.019771,-0.016668,-0.036848,0.090627,-0.161169,0.302975,-0.038494,-0.166294,0.050962,0.29378,-0.098068,0.82839,0.551493,-0.869712,-0.340577,0.357129,0.483793,-0.445646,0.753132,-0.001871,0.047942,0.026367,-1.725362,-1.484042,0.873321,-1.40599,0.036523,0.046523,-0.029878,-0.042398,-0.830281,0.555729,0.938391,0.157845,0.307419,-0.342963,0.534526,0.772436,-0.006904,0.017848,0.016826,-4.740585,-3.063125,-2.809234,-0.819353,0.071597,0.040825,-0.038823,-0.10693,-0.207033,-0.972472,0.575396,-0.81054,0.10929,-0.810854,-0.54787,0.205797,-0.009786,-0.008064,-0.018253,0.140224,-0.443989,0.890641,-0.245935
199,0.111585,0.031631,0.400467,-0.045611,-0.233882,-0.971218,0.48268,-0.856342,0.183496,-0.874554,-0.460136,0.153159,-0.018912,-0.012549,-0.035018,0.072999,-0.065516,0.105677,-0.039204,-0.166661,0.052543,0.294815,-0.152254,0.831059,0.534932,-0.829039,-0.401934,0.388687,0.53822,-0.385333,0.749467,-0.015637,0.056098,0.017166,-2.333907,-0.870687,-4.337302,-1.406435,0.03635,0.047301,-0.029358,0.001947,-0.8441,0.536182,0.912797,0.220482,0.343784,-0.408407,0.488756,0.770921,-0.000883,0.021748,0.011022,-0.101825,-0.493318,0.77368,-0.813312,0.071295,0.040564,-0.039562,-0.105086,-0.190554,-0.976035,0.59092,-0.80137,0.092832,-0.799855,-0.567004,0.196815,-0.009378,-0.006057,-0.01737,0.069568,-0.060148,0.099496,-0.233198
200,0.111353,0.031379,0.39983,-0.042989,-0.228716,-0.972567,0.493852,-0.851061,0.178259,-0.868431,-0.472365,0.150751,-0.019195,-0.021064,-0.024935,1.649354,-0.332846,-0.187213,-0.044193,-0.166889,0.053378,0.295222,-0.172819,0.827042,0.534907,-0.819376,-0.42198,0.38793,0.546771,-0.372276,0.749876,-0.014575,0.042782,0.022333,-2.874402,-2.833454,-3.412701,-1.406062,0.036225,0.047756,-0.029138,0.025332,-0.844143,0.535518,0.90705,0.244609,0.342673,-0.420258,0.477062,0.771876,-0.007272,0.021352,0.01102,-2.809335,-2.886029,-3.411696,-0.804331,0.071176,0.040435,-0.039898,-0.103619,-0.184919,-0.977275,0.599537,-0.795607,0.086976,-0.79361,-0.5769,0.193306,-0.003064,-0.005367,-0.017515,5.438244,-1.078212,-0.699399,-0.234178
201,0.110833,0.03097,0.398679,-0.040071,-0.226293,-0.973258,0.505816,-0.844585,0.175495,-0.861663,-0.484984,0.149519,-0.01675,-0.002899,-0.030312,0.073783,-0.078554,0.131375,-0.045649,-0.167561,0.054605,0.295718,-0.230667,0.824443,0.516796,-0.789306,-0.469028,0.396161,0.569292,-0.317554,0.758241,-0.025895,0.011023,0.012172,-0.383198,-0.513839,0.195338,-1.40575,0.035903,0.048385,-0.028878,0.082508,-0.853397,0.514689,0.888159,0.297235,0.350462,-0.452067,0.42821,0.782477,-0.007005,0.012112,0.002642,-3.277323,-2.999681,-3.134098,-0.804984,0.070921,0.040223,-0.040466,-0.10067,-0.18221,-0.978092,0.61172,-0.786645,0.083584,-0.784641,-0.589905,0.190653,-0.008298,-0.001224,-0.015022,0.065248,0.008359,-0.047554,-0.236954
202,0.110304,0.030739,0.397914,-0.03689,-0.228696,-0.972822,0.517123,-0.837354,0.177186,-0.855071,-0.496256,0.150366,-0.015897,-0.014026,-0.006958,0.142309,0.013312,-0.103874,-0.046662,-0.168116,0.054926,0.296067,-0.246658,0.827731,0.503996,-0.775566,-0.480331,0.409527,0.581371,-0.2909,0.759768,-0.012946,0.006716,0.007128,-0.292904,0.124126,0.353462,-1.404938,0.035621,0.048537,-0.02871,0.098332,-0.860352,0.500124,0.877542,0.311969,0.364134,-0.469307,0.403074,0.785672,-0.006487,0.003651,0.003841,-0.574765,0.302821,0.543504,-0.805147,0.070655,0.040104,-0.040861,-0.097347,-0.184092,-0.978076,0.62183,-0.778563,0.08465,-0.777078,-0.599957,0.190265,-0.007507,-0.001473,-0.007909,1.660345,-0.288608,-0.309279,-0.237444
203,0.110061,0.030699,0.39768,-0.03668,-0.229811,-0.972567,0.517572,-0.836866,0.178172,-0.854808,-0.496561,0.150852,-0.002645,-0.011068,-0.005782,-0.000931,0.012532,-0.025936,-0.047933,-0.168337,0.055017,0.296207,-0.242927,0.82845,0.504627,-0.769887,-0.481027,0.419309,0.590419,-0.287675,0.753997,-0.025708,0.004978,0.006734,-0.466227,0.254764,0.476842,-1.405583,0.035501,0.048584,-0.028638,0.093921,-0.860278,0.501098,0.872367,0.31365,0.374963,-0.479742,0.401925,0.779937,-0.012854,0.002158,0.003086,-0.556288,0.313916,0.526261,-0.804657,0.070522,0.04008,-0.040986,-0.096861,-0.185273,-0.977901,0.622724,-0.777737,0.085668,-0.776422,-0.600665,0.190706,-0.006912,0.001048,-0.00658,0.031747,0.011581,-0.038467,-0.239076
204,0.109582,0.030721,0.397364,-0.039231,-0.231484,-0.972071,0.51887,-0.836077,0.178104,-0.853905,-0.497111,0.154122,-0.013222,-0.002691,-0.001064,-0.000379,0.016775,-0.028578,-0.047709,-0.16888,0.055257,0.296469,-0.229365,0.836399,0.497815,-0.760129,-0.473262,0.445153,0.608207,-0.277343,0.743659,-0.012912,0.006746,0.007118,-0.585761,0.22664,0.58094,-1.405105,0.035229,0.048695,-0.028515,0.078394,-0.865374,0.494955,0.862639,0.307745,0.401429,-0.499707,0.395498,0.770631,-0.006459,0.003306,0.003513,-0.681643,0.292264,0.624634,-0.803514,0.070292,0.040089,-0.041139,-0.099346,-0.18726,-0.977273,0.623877,-0.776838,0.085433,-0.775182,-0.601211,0.194003,-0.006528,-0.001026,-0.000356,-0.00431,0.000742,-0.036261,-0.239403
205,0.10922,0.030846,0.397242,-0.036876,-0.227194,-0.973174,0.529243,-0.830468,0.173769,-0.847624,-0.508363,0.152078,-0.0121,0.001978,0.001382,0.000354,0.004821,-0.009522,-0.033961,-0.169134,0.05551,0.296702,-0.230401,0.846846,0.479332,-0.74288,-0.471125,0.475504,0.628789,-0.247586,0.737014,-0.000105,0.006183,0.005455,-0.879877,-1.945726,2.197218,-1.405353,0.035102,0.048822,-0.028398,0.075874,-0.875404,0.477399,0.846895,0.309296,0.432554,-0.526318,0.371488,0.764843,-8.2e-05,0.002955,0.002628,-0.935884,-1.902168,2.215192,-0.797309,0.070103,0.040156,-0.041203,-0.097421,-0.182619,-0.978345,0.633128,-0.769833,0.080653,-0.767891,-0.611561,0.190619,-0.005974,0.001289,0.000858,-0.001507,0.00834,-0.015248,-0.236137
206,0.109107,0.030913,0.397226,-0.036829,-0.227402,-0.973127,0.529354,-0.830359,0.173951,-0.847556,-0.508448,0.152171,0.000118,0.000486,0.000255,0.0,0.0,0.0,-0.025614,-0.169124,0.05561,0.296853,-0.233741,0.850353,0.471441,-0.735742,-0.471569,0.486046,0.635916,-0.234311,0.735236,-0.000157,0.009225,0.008128,-0.254764,-0.146564,0.592654,-1.405612,0.035108,0.048861,-0.028331,0.07753,-0.879771,0.469032,0.840405,0.310772,0.444003,-0.536383,0.359754,0.763459,-7.2e-05,0.003913,0.003458,-0.352274,-0.102626,0.57303,-0.795186,0.070047,0.040193,-0.041209,-0.097338,-0.182885,-0.978303,0.633228,-0.769726,0.08089,-0.76782,-0.611615,0.190732,0.000122,0.000499,0.000269,-0.000982,0.000737,-0.001018,-0.230259
