frame,MLTx,MLTy,MLTz,MLTR1,MLTR2,MLTR3,MLTR4,MLTR5,MLTR6,MLTR7,MLTR8,MLTR9,MLTTVx,MLTTVy,MLTTVz,MLTRVx,MLTRVy,MLTRVz,MLGA,MRTx,MRTy,MRTz,MRTR1,MRTR2,MRTR3,MRTR4,MRTR5,MRTR6,MRTR7,MRTR8,MRTR9,MRTTVx,MRTTVy,MRTTVz,MRTRVx,MRTRVy,MRTRVz,MRGA,SLTx,SLTy,SLTz,SLTR1,SLTR2,SLTR3,SLTR4,SLTR5,SLTR6,SLTR7,SLTR8,SLTR9,SLTTVx,SLTTVy,SLTTVz,SLTRVx,SLTRVy,SLTRVz,SLGA,SRTx,SRTy,SRTz,SRTR1,SRTR2,SRTR3,SRTR4,SRTR5,SRTR6,SRTR7,SRTR8,SRTR9,SRTTVx,SRTTVy,SRTTVz,SRTRVx,SRTRVy,SRTRVz,SRGA
202,0.154471,-0.009978,0.266306,-0.089884,-0.684396,-0.72358,-0.452062,-0.619346,0.641889,-0.887348,0.385648,-0.252817,0.012657,-0.043198,-0.01244,0.288555,-0.251505,0.052495,-1.822669,-0.148011,-0.02074,0.307823,-0.413246,0.406713,0.814741,-0.031291,-0.900445,0.433766,0.910543,0.153254,0.38378,0.025901,0.066916,0.070741,-0.836194,-0.460368,2.631822,-1.403628,0.054777,0.033618,-0.021112,0.424739,-0.352699,0.833786,0.055088,0.929352,0.365062,-0.903637,-0.109124,0.414162,0.005503,0.032798,0.035535,-0.373498,0.753822,0.101929,-1.030978,0.075252,0.034875,-0.086712,0.099053,0.65141,-0.752232,0.34369,0.687032,0.640206,0.933844,-0.321949,-0.155831,0.006356,-0.021476,-0.006053,0.286282,-0.252579,0.060784,-0.986947
203,0.155407,-0.01164,0.265865,-0.080572,-0.689514,-0.719808,-0.420958,-0.631066,0.651553,-0.903408,0.356361,-0.238511,0.02824,-0.042196,-0.011233,1.889312,0.662462,-1.734948,-1.739947,-0.147547,-0.018104,0.310196,-0.38563,0.434194,0.814099,-0.021737,-0.886293,0.462542,0.922823,0.160135,0.350169,-0.00454,0.065931,0.05127,-0.657463,1.301161,0.432333,-1.392903,0.055021,0.034921,-0.019927,0.399508,-0.381207,0.833711,0.04738,0.916811,0.3965,-0.915504,-0.118904,0.384334,-0.001719,0.027527,0.029848,-0.666729,1.093529,0.547247,-1.02314,0.075699,0.034076,-0.086922,0.088553,0.654787,-0.750607,0.313701,0.696887,0.644934,0.945383,-0.292577,-0.143696,0.021615,-0.027502,-0.002771,3.935399,-3.409346,1.434324,-0.959841
204,0.156764,-0.013245,0.265566,-0.086356,-0.694801,-0.714031,-0.399158,-0.632553,0.663718,-0.912714,0.343188,-0.221818,0.044307,-0.049146,0.002533,-0.089388,0.160576,-0.150295,-1.745666,-0.148497,-0.015878,0.311987,-0.362373,0.443881,0.81954,0.023174,-0.874657,0.48412,0.932137,0.193872,0.305609,-0.047674,0.051566,0.03995,-0.62708,0.988941,0.253988,-1.358989,0.05456,0.036068,-0.019005,0.373683,-0.391533,0.840869,0.002015,0.906883,0.421375,-0.927553,-0.155766,0.339676,-0.017138,0.031716,0.015466,-1.015706,0.914654,0.548269,-1.011056,0.076381,0.033253,-0.08709,0.094112,0.661687,-0.74385,0.287888,0.697157,0.656575,0.953027,-0.275937,-0.124881,0.022172,-0.018867,-0.002632,-0.053384,0.029131,-0.0548,-0.959188
205,0.157648,-0.013903,0.265517,-0.09431,-0.696222,-0.711636,-0.388457,-0.632439,0.670145,-0.916525,0.340505,-0.209917,0.045022,-0.021398,-0.006189,0.004731,0.219902,-0.031139,-1.739876,-0.149379,-0.014966,0.312555,-0.351044,0.445536,0.823564,0.057701,-0.867488,0.494033,0.934955,0.220392,0.277758,-0.046929,0.042413,0.029895,-5.191041,-1.59469,-0.771936,-1.330933,0.054119,0.036535,-0.01871,0.3606,-0.393641,0.845584,-0.027221,0.901751,0.431396,-0.932322,-0.17858,0.314456,-0.031351,0.025602,0.010524,-0.751748,1.446535,0.657766,-0.993911,0.076823,0.032911,-0.087115,0.101595,0.664011,-0.740788,0.276777,0.696375,0.662159,0.955547,-0.272306,-0.113035,0.03017,-0.016639,0.000429,-0.042147,0.223406,-0.006883,-0.964576
206,0.159946,-0.014915,0.265554,-0.115778,-0.693723,-0.710908,-0.376984,-0.631493,0.677548,-0.918826,0.347307,-0.187521,0.060863,-0.030372,0.004728,0.211972,0.607164,0.00834,-1.678752,-0.151836,-0.013843,0.313084,-0.3013,0.453438,0.838811,0.109474,-0.857337,0.502913,0.947533,0.242789,0.207598,-0.059944,0.018778,0.006385,-2.198246,1.04054,-0.400133,-1.322774,0.052894,0.037115,-0.018427,0.313709,-0.398597,0.861803,-0.08211,0.892833,0.442838,-0.945961,-0.209685,0.247361,-0.037102,0.007258,0.001779,-5.435977,-0.1885,-3.123093,-0.975133,0.077944,0.032421,-0.087093,0.121392,0.664219,-0.737615,0.265818,0.694214,0.668884,0.956349,-0.277268,-0.092289,0.0305,-0.014591,0.003182,1.588749,1.593547,-1.809294,-0.957555
207,0.162339,-0.016071,0.265788,-0.119955,-0.700047,-0.703981,-0.331918,-0.640032,0.692937,-0.935516,0.317653,-0.154702,0.061263,-0.028403,0.007232,0.188221,0.555655,-0.250927,-1.668511,-0.154308,-0.0133,0.313003,-0.264855,0.48083,0.83585,0.122143,-0.843007,0.523789,0.956784,0.24022,0.163471,-0.044872,0.011799,-0.002663,-0.034231,-0.421635,2.660697,-1.353546,0.051653,0.037372,-0.018482,0.274195,-0.423814,0.863248,-0.097688,0.880733,0.463427,-0.956699,-0.211398,0.200092,-0.029693,0.005086,-0.001345,-0.539633,1.23376,0.23012,-1.005015,0.079163,0.031837,-0.086974,0.125936,0.670232,-0.731387,0.218107,0.700511,0.679494,0.967764,-0.245093,-0.057963,0.030689,-0.019602,0.007888,0.576404,0.766003,-0.700212,-0.964413
208,0.164384,-0.017381,0.266674,-0.133689,-0.709757,-0.691677,-0.286246,-0.640555,0.712548,-0.948633,0.29413,-0.116665,0.046844,-0.031254,0.026987,1.176164,-0.500404,-0.005115,-1.594112,-0.156072,-0.012884,0.312678,-0.239114,0.506799,0.828234,0.141836,-0.825507,0.546218,0.960805,0.247447,0.124446,-0.044501,0.00373,-0.01114,-0.605417,1.326829,0.511452,-1.357039,0.050788,0.03758,-0.018639,0.252315,-0.44955,0.856878,-0.114895,0.865347,0.487825,-0.960799,-0.221537,0.166688,-0.022227,0.001346,-0.006073,-0.454678,1.044397,0.336807,-1.018894,0.080167,0.031188,-0.086558,0.141138,0.681521,-0.718058,0.17492,0.69674,0.695669,0.974413,-0.223788,-0.020876,0.023417,-0.015591,0.013513,0.248373,0.961809,-0.257364,-0.968006
209,0.165321,-0.018009,0.267225,-0.137982,-0.712846,-0.687646,-0.270596,-0.640756,0.718457,-0.952597,0.286092,-0.10362,0.046936,-0.030798,0.027551,1.128597,-0.473572,-0.222924,-1.550169,-0.156858,-0.012885,0.31245,-0.221016,0.518757,0.825853,0.148756,-0.818864,0.554316,0.964064,0.244714,0.102754,-0.029892,0.002276,-0.014243,-0.593881,1.308832,0.536549,-1.360833,0.050373,0.037578,-0.01876,0.232841,-0.461967,0.855786,-0.122199,0.8591,0.497004,-0.964806,-0.220299,0.143582,-0.021662,-0.005267,-0.003129,-0.455634,0.914917,0.448077,-1.013996,0.08066,0.030867,-0.086266,0.142556,0.685098,-0.714365,0.156036,0.697157,0.699732,0.977409,-0.211217,-0.007516,0.023412,-0.021195,0.017369,3.76021,-3.308392,0.323248,-0.955922
210,0.166988,-0.019657,0.268723,-0.132997,-0.715628,-0.685735,-0.232434,-0.650081,0.723423,-0.963326,0.256488,-0.079018,0.031984,-0.038759,0.040256,3.794593,-3.30599,0.204458,-1.557195,-0.158011,-0.013063,0.312047,-0.197003,0.536919,0.820304,0.183759,-0.801558,0.568921,0.963201,0.262144,0.058195,-0.014293,-0.009055,-0.007921,-0.579068,1.019507,-0.344359,-1.402431,0.049796,0.037488,-0.018969,0.208146,-0.483387,0.8503,-0.156516,0.841678,0.516798,-0.965493,-0.240655,0.099534,-0.007666,0.00088,-0.008154,-0.869624,0.668765,0.561529,-1.032938,0.081499,0.030046,-0.085522,0.14025,0.687198,-0.712802,0.119582,0.702892,0.701172,0.982867,-0.183578,0.016404,0.016056,-0.024898,0.02426,0.005024,0.723135,-0.191184,-0.961474
211,0.167952,-0.021323,0.270825,-0.145856,-0.706519,-0.692533,-0.203938,-0.663526,0.719802,-0.967891,0.247097,-0.04644,0.032759,-0.042749,0.058241,0.332426,1.037152,0.321489,-1.558511,-0.158532,-0.013251,0.31152,-0.177763,0.541062,0.821976,0.230795,-0.788966,0.569386,0.956774,0.290243,0.014323,-0.01528,-0.000745,-0.019035,-0.389673,0.907241,0.274668,-1.402802,0.04953,0.037392,-0.019227,0.188609,-0.484153,0.854413,-0.204437,0.831611,0.516361,-0.960537,-0.272064,0.057871,-0.007641,-0.000264,-0.009382,-0.298983,0.431243,-0.026041,-1.006647,0.081975,0.029221,-0.084504,0.148195,0.680685,-0.717429,0.087429,0.713582,0.695094,0.985085,-0.165734,0.046237,0.008581,-0.015237,0.025946,1.284785,-0.462701,0.364514,-0.975354
212,0.168358,-0.021858,0.271847,-0.155324,-0.699396,-0.697686,-0.192535,-0.671295,0.715728,-0.968741,0.246365,-0.029516,0.017258,-0.016595,0.047448,1.541412,-0.027821,0.659227,-1.553134,-0.158693,-0.013336,0.311151,-0.169614,0.540461,0.82409,0.246576,-0.786243,0.56653,0.954302,0.298612,-0.000961,-0.015199,-0.003999,-0.022483,-0.236657,0.693606,-0.10353,-1.402984,0.049444,0.037348,-0.01942,0.178899,-0.484461,0.856324,-0.220995,0.828338,0.514797,-0.958726,-0.281341,0.041125,-0.007586,-0.002259,-0.011496,-0.224882,0.674462,-0.104364,-1.004525,0.08219,0.028934,-0.083968,0.15966,0.674333,-0.720959,0.076902,0.719612,0.690103,0.984171,-0.165625,0.063035,0.008595,-0.013998,0.027444,4.036191,-2.998929,0.347071,-0.97568
213,0.169021,-0.022723,0.274166,-0.171921,-0.69076,-0.702381,-0.164162,-0.682951,0.711758,-0.971137,0.238527,0.004896,0.002444,-0.020718,0.065208,0.331611,1.242001,0.167605,-1.552794,-0.158644,-0.013655,0.310062,-0.138686,0.538621,0.831051,0.272396,-0.785954,0.554988,0.952236,0.302666,-0.038779,0.013132,0.001303,-0.039973,-1.029345,1.782727,-2.426755,-1.403909,0.049468,0.037192,-0.01996,0.148638,-0.482198,0.86336,-0.246742,0.82736,0.504571,-0.957614,-0.288026,0.003999,0.006568,0.000265,-0.020363,-1.007269,1.749969,-2.435227,-1.007954,0.082527,0.0285,-0.082818,0.176313,0.666586,-0.724276,0.047028,0.729258,0.68262,0.983209,-0.154416,0.097229,0.001206,-0.010222,0.032804,0.204662,0.663584,0.062797,-0.978946
214,0.168828,-0.02333,0.277047,-0.186055,-0.683401,-0.705968,-0.138704,-0.693063,0.707388,-0.972484,0.23038,0.035041,0.003108,-0.011597,0.076966,0.335426,1.158863,0.356182,-1.541909,-0.15833,-0.01397,0.308672,-0.103676,0.545141,0.831904,0.297075,-0.781166,0.549054,0.949262,0.303376,-0.08202,-0.000349,-0.012755,-0.033652,-0.695777,0.677592,-0.122937,-1.404095,0.049625,0.037033,-0.020649,0.113474,-0.487544,0.865693,-0.271413,0.822967,0.499058,-0.95575,-0.291591,-0.038941,0.006638,-0.000469,-0.021303,-1.696591,0.134521,0.124495,-1.01024,0.082431,0.028191,-0.081385,0.191073,0.660522,-0.726086,0.021555,0.736713,0.675861,0.981338,-0.14479,0.126529,-0.006168,-0.00528,0.039355,0.148089,0.928737,-0.078079,-0.983192
215,0.168652,-0.023407,0.280073,-0.186628,-0.674084,-0.714721,-0.120201,-0.706381,0.697531,-0.974833,0.216924,0.0517,-0.012023,0.005682,0.076386,3.947758,-3.405223,-0.101084,-1.509874,-0.15798,-0.014181,0.3072,-0.071498,0.549341,0.832529,0.337114,-0.772148,0.538588,0.938758,0.318473,-0.131043,0.014277,-0.010512,-0.033059,-0.547667,1.112799,-0.216585,-1.404693,0.049795,0.03692,-0.021392,0.082408,-0.490248,0.867678,-0.311675,0.814289,0.489684,-0.946608,-0.310788,-0.085694,0.006627,0.000397,-0.020482,-1.06802,1.209527,-0.64832,-1.009423,0.082349,0.02815,-0.079866,0.199705,0.648616,-0.734448,0.006462,0.748659,0.662923,0.979834,-0.137135,0.145319,0.001722,-0.00294,0.041882,-0.230469,0.364337,0.606341,-0.978293
216,0.168479,-0.023265,0.281648,-0.189976,-0.666417,-0.721001,-0.119104,-0.713319,0.690625,-0.974316,0.217901,0.057043,-0.011703,0.009647,0.081031,-0.659482,-0.199709,2.347645,-1.498608,-0.157716,-0.014233,0.306417,-0.062084,0.544783,0.836271,0.356102,-0.770559,0.528549,0.932383,0.329925,-0.147223,0.013274,-0.000214,-0.042188,-4.707726,-2.233654,0.302581,-1.404018,0.049928,0.036892,-0.021778,0.068659,-0.487,0.870698,-0.327132,0.813514,0.480811,-0.94248,-0.317845,-0.103458,0.006656,-0.000146,-0.021135,-0.05564,0.554298,-0.351725,-1.009913,0.082257,0.028223,-0.079051,0.199274,0.643064,-0.73943,0.001654,0.754343,0.656478,0.979941,-0.132042,0.149257,-0.005843,0.005159,0.041025,-0.728204,-0.265573,2.275774,-0.977803
217,0.167869,-0.022695,0.284954,-0.20146,-0.65722,-0.726306,-0.123471,-0.718566,0.68439,-0.971448,0.228369,0.064523,-0.011378,0.025936,0.078186,-0.197961,-0.051683,0.775787,-1.415244,-0.157158,-0.014343,0.304666,-0.046253,0.531641,0.845701,0.372187,-0.776387,0.50856,0.926985,0.337612,-0.163034,0.013469,-0.00475,-0.047448,0.02813,0.344959,-0.533903,-1.404024,0.050206,0.036844,-0.022646,0.057007,-0.471996,0.879755,-0.347848,0.816583,0.460643,-0.935815,-0.332281,-0.117632,0.006751,-0.002315,-0.023655,0.034613,0.318608,-0.517836,-1.011709,0.081958,0.028502,-0.077423,0.213139,0.63381,-0.743542,0.005579,0.760227,0.649632,0.977005,-0.142611,0.158498,-0.005593,0.007938,0.043944,-0.801298,-0.68209,2.307481,-0.964577
218,0.167508,-0.021625,0.288048,-0.217786,-0.647434,-0.730372,-0.120247,-0.724844,0.678317,-0.968305,0.236354,0.080924,-0.011029,0.029512,0.081224,0.130198,0.385375,0.192565,-1.321422,-0.156694,-0.014569,0.302784,-0.035083,0.518625,0.854277,0.3878,-0.78067,0.49,0.921042,0.347825,-0.174819,0.013543,-0.005348,-0.048494,0.045297,0.142228,-0.216649,-1.404235,0.050438,0.036727,-0.023591,0.046053,-0.457938,0.88779,-0.363861,0.819989,0.44184,-0.930313,-0.34338,-0.128864,0.006788,-0.002491,-0.024041,0.011952,0.269293,-0.426505,-1.011709,0.081777,0.029037,-0.075875,0.229783,0.624942,-0.746087,0.002837,0.766167,0.642635,0.973237,-0.149783,0.174279,-0.005594,0.014306,0.040081,0.188596,0.490826,0.223876,-0.934041
219,0.167338,-0.020965,0.289596,-0.214999,-0.639784,-0.7379,-0.11283,-0.734247,0.669419,-0.969822,0.227974,0.086599,-0.01083,0.031595,0.083011,4.247475,-3.24515,-0.234886,-1.317028,-0.156393,-0.01457,0.301778,-0.028932,0.507298,0.86128,0.400079,-0.78365,0.475146,0.915983,0.357687,-0.18138,0.012448,0.007253,-0.055133,0.027694,0.115438,-0.456502,-1.404065,0.050584,0.03672,-0.024077,0.040968,-0.446733,0.893728,-0.376172,0.821769,0.428007,-0.925643,-0.35373,-0.134383,0.006223,0.003636,-0.027518,-0.954314,1.068317,-2.550514,-1.012689,0.081691,0.029365,-0.075102,0.231818,0.61586,-0.752978,-2e-06,0.774064,0.633106,0.972758,-0.146763,0.179443,-0.005536,0.021257,0.037325,0.290087,0.695059,0.160513,-0.93649
220,0.166687,-0.019509,0.292721,-0.223094,-0.61709,-0.754636,-0.117046,-0.751595,0.649136,-0.967483,0.233908,0.096393,-0.010748,0.043721,0.074418,0.147554,0.452158,0.109177,-1.31865,-0.155897,-0.014464,0.299778,-0.022303,0.476821,0.878712,0.421467,-0.792441,0.440835,0.906519,0.379579,-0.184406,0.013612,-0.005,-0.048671,-0.292323,-0.316185,-0.524287,-1.404115,0.050836,0.036779,-0.025094,0.034318,-0.414363,0.909464,-0.398058,0.829038,0.39274,-0.916717,-0.375497,-0.13649,0.006292,0.003351,-0.028058,-1.258399,-1.039917,-0.211362,-1.014322,0.081363,0.030111,-0.073501,0.239911,0.593634,-0.768141,2.9e-05,0.791245,0.611498,0.970794,-0.146728,0.189811,-0.005422,0.021847,0.037205,0.134588,0.442377,0.089297,-0.952493
221,0.166244,-0.017645,0.295255,-0.229554,-0.60863,-0.759552,-0.116008,-0.757726,0.642157,-0.966088,0.236277,0.104284,-0.011092,0.050416,0.059558,0.033344,0.090029,-0.012456,-1.325883,-0.155454,-0.014419,0.297654,-0.02484,0.441138,0.89709,0.436327,-0.802516,0.406842,0.899398,0.400974,-0.173684,0.013668,-0.005173,-0.049279,0.230895,-0.431834,-0.812156,-1.4041,0.051053,0.036802,-0.026139,0.037473,-0.379174,0.924566,-0.41433,0.836045,0.359664,-0.909354,-0.396553,-0.125774,0.006326,0.002702,-0.028988,0.03798,-0.137339,-0.517489,-1.010403,0.081146,0.031032,-0.072248,0.247774,0.58537,-0.771977,-0.00077,0.796943,0.604053,0.968817,-0.149075,0.197913,-0.013071,0.025614,0.030401,-0.005412,0.049408,-0.049905,-0.96474
222,0.165926,-0.016705,0.296425,-0.22672,-0.605548,-0.762859,-0.118573,-0.760274,0.638666,-0.966448,0.236002,0.101522,-0.025947,0.038491,0.066388,-0.055389,0.026698,-0.032817,-1.329395,-0.155177,-0.014605,0.296781,-0.027471,0.42263,0.905881,0.449424,-0.804167,0.388932,0.892852,0.417276,-0.168997,0.014816,-0.016954,-0.042162,-1.331386,-0.964481,-0.490155,-1.4037,0.051202,0.036705,-0.026612,0.041074,-0.358,0.932818,-0.426932,0.837797,0.340331,-0.90335,-0.412229,-0.11843,0.007447,-0.008514,-0.021132,-1.339173,-0.987239,-0.47357,-1.00926,0.080982,0.03152,-0.071641,0.245112,0.582162,-0.775246,0.002197,0.799303,0.600923,0.969491,-0.148996,0.194639,-0.013026,0.019115,0.033051,-0.063886,0.013628,-0.045805,-0.972251
223,0.164915,-0.015169,0.298718,-0.21834,-0.596797,-0.772144,-0.1258,-0.767425,0.628653,-0.967474,0.235134,0.093449,-0.026249,0.031569,0.05733,-0.051751,-0.066948,0.109083,-1.329041,-0.154348,-0.015471,0.295398,-0.043483,0.368907,0.928444,0.466224,-0.814356,0.345534,0.883572,0.447421,-0.13776,0.015897,-0.025017,-0.030947,-4.844994,-2.80371,-0.621946,-1.402731,0.051611,0.036276,-0.027298,0.055943,-0.305343,0.950597,-0.440458,0.846888,0.297952,-0.896028,-0.435367,-0.087113,0.015384,-0.012106,-0.01588,0.347297,-1.123322,-1.53178,-1.018731,0.080487,0.032283,-0.070508,0.238148,0.572429,-0.784608,0.009638,0.806418,0.591267,0.97118,-0.148371,0.186529,-0.013168,0.015706,0.028597,-0.092707,-0.163828,0.296221,-0.978783
224,0.163892,-0.013879,0.300416,-0.214417,-0.589769,-0.778616,-0.128342,-0.773238,0.62097,-0.968022,0.233805,0.091077,-0.026964,0.032473,0.03694,0.005205,-0.025704,0.042385,-1.324411,-0.15336,-0.016543,0.294456,-0.0628,0.292443,0.954215,0.477823,-0.830521,0.286102,0.876207,0.473542,-0.08879,0.030735,-0.019395,-0.026473,0.265937,-1.150815,-1.736979,-1.40298,0.052111,0.035728,-0.027783,0.079901,-0.225429,0.970977,-0.45781,0.856979,0.236635,-0.885451,-0.463431,-0.034731,0.015344,-0.009487,-0.012991,0.285597,-1.241257,-1.797508,-1.019711,0.079966,0.032944,-0.069633,0.235493,0.564671,-0.791005,0.012222,0.81211,0.583376,0.971798,-0.147048,0.184344,-0.013557,0.015718,0.017899,-0.009401,-0.043892,0.026551,-0.98858
225,0.162492,-0.012886,0.301657,-0.208724,-0.58547,-0.783393,-0.125623,-0.778354,0.615106,-0.969628,0.227523,0.089893,-0.042271,0.024275,0.027588,0.000579,-0.001124,-0.014897,-1.325326,-0.151975,-0.017703,0.293894,-0.091546,0.19458,0.976601,0.501158,-0.838402,0.214141,0.860531,0.508787,-0.022003,0.046827,-0.025662,-0.014751,-5.108353,-2.747766,-1.817849,-1.402643,0.052803,0.035148,-0.028064,0.110547,-0.126765,0.985753,-0.481232,0.860984,0.164687,-0.869594,-0.492581,0.034176,0.0235,-0.012778,-0.00728,-5.09233,-2.830977,-1.886295,-1.017262,0.079265,0.03344,-0.069015,0.230486,0.559715,-0.795986,0.009644,0.816656,0.577043,0.973027,-0.140677,0.18283,-0.021202,0.011643,0.01326,-0.007852,-0.010648,-0.029286,-0.99054
226,0.161609,-0.012584,0.302235,-0.205882,-0.57872,-0.78914,-0.128681,-0.783406,0.60802,-0.969838,0.227444,0.087806,-0.057141,0.022206,0.025326,-0.174741,-0.307119,0.701258,-1.32454,-0.151015,-0.018317,0.293673,-0.112535,0.140304,0.983688,0.513637,-0.83918,0.17857,0.850652,0.525175,0.021122,0.06194,-0.024576,-0.015486,0.401054,-2.528138,-1.601339,-1.370205,0.05326,0.034854,-0.028165,0.130778,-0.075965,0.988496,-0.496329,0.8581,0.131608,-0.858227,-0.507832,0.074517,0.024035,-0.018057,-0.00304,0.49732,-3.407423,0.082681,-1.005504,0.078845,0.033579,-0.068738,0.22916,0.552926,-0.801097,0.01242,0.82127,0.570403,0.973309,-0.140663,0.181335,-0.021242,0.004436,0.015483,-0.66545,-1.235249,2.528769,-0.98711
227,0.159761,-0.012236,0.303379,-0.202809,-0.568677,-0.797196,-0.132063,-0.790795,0.597642,-0.970035,0.22719,0.086276,-0.042542,0.007074,0.028601,0.183694,0.306192,0.353961,-1.323544,-0.148673,-0.019441,0.293339,-0.163263,0.025321,0.986253,0.556932,-0.822735,0.113433,0.814468,0.56776,0.118965,0.062074,-0.021155,-0.011739,-0.211515,-2.914094,-1.351943,-1.111818,0.054431,0.034289,-0.028335,0.183534,0.038509,0.982258,-0.540836,0.838359,0.068187,-0.82086,-0.543755,0.174694,0.031633,-0.016101,-0.001813,-1.505469,-3.918886,0.225403,-0.892671,0.077915,0.033754,-0.068173,0.225382,0.54314,-0.808826,0.017271,0.827829,0.560713,0.974116,-0.140343,0.177197,-0.028663,0.003679,0.014563,0.209191,0.375071,0.353688,-0.984498
228,0.157732,-0.012017,0.304647,-0.197833,-0.556964,-0.806659,-0.136263,-0.799309,0.585242,-0.970487,0.226387,0.083245,-0.05698,0.008912,0.030487,-0.195344,-0.38078,0.831497,-1.325109,-0.146196,-0.020495,0.293156,-0.200804,-0.087209,0.975738,0.626505,-0.777093,0.059596,0.75326,0.623376,0.209437,0.062199,-0.018404,-0.008741,-1.428284,-2.272928,-1.408529,-0.839842,0.055669,0.033761,-0.028427,0.224021,0.151121,0.962796,-0.611466,0.791063,0.018109,-0.758896,-0.592774,0.26962,0.031724,-0.014601,-0.000107,-5.327394,-3.197766,-1.888604,-0.687251,0.076905,0.033857,-0.067547,0.224622,0.529728,-0.817882,0.020556,0.836568,0.547476,0.974228,-0.139788,0.177022,-0.028484,-0.001092,0.019401,-0.684685,-1.225242,2.482784,-0.993642
229,0.156632,-0.012014,0.305388,-0.195989,-0.548007,-0.813217,-0.138492,-0.80552,0.576132,-0.970549,0.226217,0.082995,-0.057068,-0.01429,0.045591,-0.022495,0.111665,0.223988,-1.327588,-0.145047,-0.020996,0.293049,-0.209342,-0.140021,0.967761,0.660121,-0.750329,0.034352,0.72156,0.646201,0.248272,0.062415,-0.019676,-0.010439,-0.27671,-1.819567,-1.232513,-0.781174,0.056244,0.033516,-0.028474,0.233446,0.203731,0.950787,-0.647125,0.76237,-0.00447,-0.725763,-0.614235,0.309811,0.031796,-0.015371,-0.001185,-1.436453,-2.079588,-1.687267,-0.646918,0.076372,0.033865,-0.067192,0.22321,0.520452,-0.8242,0.023498,0.842414,0.538318,0.974486,-0.139525,0.175806,-0.028504,-0.001256,0.019121,-0.09216,-0.154731,1.045459,-0.994132
230,0.154759,-0.012353,0.306793,-0.194901,-0.537089,-0.820728,-0.140282,-0.812907,0.56522,-0.970512,0.225959,0.084118,-0.042836,-0.008572,0.031305,0.14113,0.349033,0.315183,-1.326425,-0.142948,-0.022102,0.29279,-0.218794,-0.232794,0.94759,0.707404,-0.70669,-0.010155,0.672259,0.668393,0.318089,0.0488,-0.031659,-0.001616,-5.095109,-1.48202,-2.719512,-0.709132,0.057299,0.032965,-0.028611,0.245122,0.293382,0.924035,-0.692215,0.720283,-0.045065,-0.678788,-0.628585,0.37964,0.024425,-0.016354,-0.001502,0.161559,-1.686771,-1.094933,-0.673698,0.075431,0.033709,-0.066482,0.222043,0.510155,-0.830925,0.026366,0.848746,0.528142,0.974679,-0.139179,0.175007,-0.021457,-0.00442,0.01554,-0.078927,-0.172188,0.204705,-0.997234
231,0.153322,-0.012771,0.307937,-0.193809,-0.529742,-0.825746,-0.141582,-0.81779,0.557804,-0.970543,0.225672,0.084525,-0.043046,-0.010453,0.029168,0.104516,0.273265,0.302938,-1.321738,-0.14187,-0.023336,0.293116,-0.236207,-0.294045,0.92614,0.741184,-0.67083,-0.023826,0.628554,0.681175,0.375212,0.019193,-0.03548,0.019578,-0.209915,-1.76381,-0.240976,-0.613805,0.057857,0.032324,-0.028463,0.261557,0.35343,0.89815,-0.731136,0.680036,-0.054681,-0.630101,-0.642368,0.436274,0.009557,-0.017325,0.010269,-0.249881,-1.713303,-0.135435,-0.70358,0.074679,0.033486,-0.065887,0.222746,0.50163,-0.835912,0.027701,0.853852,0.519777,0.974482,-0.138934,0.176297,-0.021567,-0.005442,0.014379,0.189767,0.388354,0.380749,-0.996581
232,0.152283,-0.013137,0.308831,-0.194156,-0.523487,-0.829645,-0.142136,-0.8218,0.551736,-0.970393,0.225691,0.086188,-0.028566,-0.002384,0.017612,-0.00797,-0.028972,0.146059,-1.319379,-0.141105,-0.024525,0.29395,-0.257499,-0.359747,0.89681,0.780208,-0.624904,-0.026527,0.570256,0.693313,0.44044,0.018958,-0.03171,0.024212,-1.322254,-1.824204,-1.478911,-0.542725,0.058226,0.031755,-0.028055,0.284839,0.41186,0.865584,-0.766812,0.639756,-0.052071,-0.575209,-0.648909,0.498047,0.016999,-0.014729,0.012387,0.142162,-1.85584,-0.645505,-0.732809,0.074175,0.033308,-0.065457,0.225272,0.494495,-0.839479,0.027868,0.858004,0.512885,0.973897,-0.138933,0.179504,-0.014385,-0.007099,0.012539,-0.052375,-0.13385,0.288402,-0.997725
233,0.151997,-0.01328,0.309176,-0.195801,-0.51787,-0.832777,-0.141858,-0.825323,0.546525,-0.9701,0.225786,0.089176,0.000574,-0.005501,0.014184,0.20809,0.278098,0.612993,-1.31951,-0.140726,-0.02512,0.294466,-0.276668,-0.389705,0.878394,0.788928,-0.613972,-0.023773,0.548892,0.686895,0.476188,0.020057,-0.040272,0.035467,-1.476551,-3.08225,1.453131,-0.506976,0.058415,0.031464,-0.027806,0.300067,0.443952,0.844313,-0.778487,0.625483,-0.052216,-0.551285,-0.641619,0.533299,0.001808,-0.015313,0.013848,-4.753662,-1.263303,-3.070591,-0.737055,0.074022,0.033234,-0.065279,0.225523,0.490557,-0.841719,0.028596,0.860272,0.509031,0.973817,-0.138868,0.179983,-0.007022,-0.002053,0.00787,-0.04815,-0.111561,0.132751,-0.998867
234,0.151963,-0.013274,0.309528,-0.193848,-0.512477,-0.836562,-0.14253,-0.828975,0.540793,-0.970397,0.2247,0.088697,0.000548,0.004591,0.004902,0.001939,-0.012684,0.026029,-1.321501,-0.14049,-0.026292,0.295919,-0.315966,-0.456236,0.831869,0.814435,-0.580133,-0.00869,0.486929,0.675324,0.553806,0.002915,-0.021694,0.038644,-1.176446,-3.58838,1.676894,-0.398708,0.058547,0.030854,-0.027077,0.339213,0.506275,0.792855,-0.80521,0.59204,-0.033546,-0.486386,-0.627035,0.608485,0.002,-0.015566,0.024398,-0.253831,-1.868695,-0.25759,-0.649368,0.073999,0.033231,-0.065094,0.226203,0.483126,-0.845825,0.028898,0.864622,0.501591,0.973651,-0.137904,0.181618,0.007547,0.00151,0.001599,-0.010332,-0.031197,0.018973,-1.00148
235,0.152387,-0.013129,0.309651,-0.191441,-0.510165,-0.838527,-0.143029,-0.830706,0.537998,-0.970804,0.223558,0.08711,0.015025,0.002403,0.002515,0.000985,-0.014714,0.029554,-1.324894,-0.140194,-0.027078,0.297813,-0.365107,-0.533214,0.763133,0.848089,-0.528525,0.036614,0.384246,0.661236,0.644194,0.017416,-0.011763,0.048495,-1.543374,-3.88491,2.228795,-0.300367,0.058696,0.030454,-0.026115,0.390387,0.579469,0.71541,-0.838762,0.544235,0.016878,-0.379572,-0.606648,0.698499,0.008643,-0.005486,0.024728,-1.505873,-3.909169,2.179197,-0.532942,0.0742,0.033299,-0.06503,0.224015,0.4807,-0.847787,0.029584,0.86614,0.498924,0.974136,-0.136847,0.179807,0.00749,0.001037,0.001081,0.001481,-0.015518,0.029152,-1.00295
236,0.152694,-0.012999,0.309668,-0.190502,-0.50924,-0.839303,-0.143039,-0.831434,0.536869,-0.970988,0.222957,0.086597,0.015283,0.015058,-0.004029,0.037103,-0.044362,0.071506,-1.328543,-0.139874,-0.027337,0.298855,-0.383513,-0.57658,0.721432,0.865416,-0.497012,0.062994,0.3227,0.649216,0.688656,0.017207,-0.009361,0.051288,-0.813186,-2.439547,-0.232448,-0.294984,0.058856,0.030328,-0.02559,0.409258,0.619246,0.670105,-0.855791,0.515222,0.046545,-0.31643,-0.592519,0.740804,0.008533,-0.004332,0.026048,-0.781186,-2.471077,-0.279865,-0.505509,0.074358,0.033361,-0.065025,0.223202,0.47965,-0.848596,0.029628,0.866818,0.497742,0.974321,-0.136239,0.179264,0.007544,0.001526,0.001592,0.00223,-0.030495,0.053774,-1.004256
237,0.15336,-0.012446,0.309609,-0.196696,-0.503456,-0.841361,-0.151416,-0.832229,0.533328,-0.968473,0.232921,0.088516,0.015521,0.017448,-0.001507,0.15244,0.199339,0.22251,-1.336532,-0.139679,-0.027764,0.301051,-0.396597,-0.640727,0.657397,0.886882,-0.452147,0.094535,0.237147,0.621326,0.746711,-0.014599,0.001289,0.046533,-0.016797,-1.805803,1.344872,-0.225215,0.058958,0.030121,-0.024524,0.419091,0.678352,0.60349,-0.878199,0.471596,0.079764,-0.230496,-0.563413,0.79337,-0.006716,-0.004829,0.027352,-3.262355,-2.500167,-2.567661,-0.450153,0.074685,0.033627,-0.065058,0.228894,0.475157,-0.849607,0.038546,0.867669,0.495643,0.972687,-0.146198,0.180289,0.00775,0.008579,-0.000912,0.294188,0.432408,0.371571,-1.00246
238,0.153953,-0.011971,0.309719,-0.210461,-0.496995,-0.841871,-0.169024,-0.829689,0.531995,-0.962633,0.254875,0.091665,0.015504,0.007145,0.007495,-1.323805,1.001719,0.298863,-1.34057,-0.139985,-0.027849,0.302744,-0.428721,-0.669046,0.607097,0.883309,-0.451293,0.126622,0.189784,0.591377,0.783657,-0.015454,0.007554,0.032351,0.173876,-1.114716,1.435213,-0.189713,0.058805,0.030084,-0.023638,0.450955,0.703439,0.549374,-0.874146,0.472419,0.112641,-0.180299,-0.531029,0.827949,0.000474,-0.001347,0.019741,0.128778,-1.201241,1.570866,-0.400676,0.074987,0.033876,-0.065006,0.243051,0.469449,-0.848847,0.054505,0.867096,0.495148,0.96848,-0.166613,0.185161,0.007639,0.003608,0.003595,-4.548316,3.107297,0.685519,-1.002133
239,0.154223,-0.011864,0.309907,-0.217358,-0.491756,-0.843195,-0.178477,-0.829259,0.529573,-0.959382,0.266205,0.093533,0.015426,-0.003955,0.015663,-0.382326,0.399203,0.176952,-1.340555,-0.139956,-0.027801,0.303421,-0.440673,-0.67875,0.587449,0.882326,-0.447762,0.144717,0.165348,0.582944,0.795424,-0.000124,0.006396,0.028815,-0.013342,-0.857155,1.273601,-0.160473,0.058808,0.030108,-0.023307,0.461944,0.71132,0.529745,-0.873092,0.469736,0.130604,-0.155939,-0.522848,0.83804,0.000532,-0.002105,0.018789,-0.969922,-1.053468,0.091128,-0.381408,0.075117,0.033932,-0.064917,0.250409,0.464803,-0.849266,0.064124,0.867325,0.493594,0.966013,-0.178059,0.18738,0.00764,0.003693,0.003684,-4.535179,3.134831,0.72102,-1.004093
240,0.155031,-0.011572,0.310299,-0.231996,-0.478591,-0.846861,-0.191029,-0.831241,0.522033,-0.953502,0.283475,0.102478,0.030389,0.009573,0.009891,0.174804,0.326766,0.31397,-1.342802,-0.140006,-0.027498,0.304276,-0.421623,-0.717168,0.554883,0.901569,-0.396608,0.172654,0.096764,0.573958,0.813064,-0.001058,0.013184,0.015466,-0.018116,-0.549514,0.753962,-0.056772,0.058788,0.030261,-0.022863,0.444377,0.747237,0.49413,-0.891676,0.422057,0.163648,-0.086268,-0.513326,0.853846,-0.008111,0.006117,0.008222,-0.209158,-0.603964,0.462873,-0.290129,0.075509,0.034069,-0.064723,0.266201,0.453328,-0.850664,0.07895,0.869288,0.487959,0.960678,-0.197055,0.195615,0.007899,0.005134,0.005358,0.206381,0.434541,0.341991,-1.008338
241,0.156187,-0.011314,0.310888,-0.249752,-0.471951,-0.845536,-0.201553,-0.828742,0.522048,-0.946808,0.301385,0.112913,0.016039,0.002414,0.022233,-0.003885,0.064182,0.11699,-1.343303,-0.140192,-0.02707,0.30467,-0.403978,-0.752173,0.520605,0.914546,-0.342343,0.21527,0.0168,0.564022,0.825506,0.014495,0.00865,0.008061,-3.139414,-1.235178,-3.559042,0.010047,0.058689,0.030479,-0.02266,0.430277,0.77859,0.456792,-0.902648,0.376334,0.208801,-0.009336,-0.502165,0.864721,-0.000263,0.003176,0.003725,-0.296353,-0.023417,1.005796,-0.216484,0.076104,0.034203,-0.06443,0.285964,0.446786,-0.847706,0.089017,0.868437,0.487742,0.954096,-0.214937,0.208571,0.015305,0.000856,0.010678,-0.051039,0.037615,0.13995,-1.026627
242,0.157231,-0.011314,0.311887,-0.270468,-0.467409,-0.841678,-0.211774,-0.82396,0.525559,-0.938829,0.32097,0.124922,0.030806,0.004283,0.023934,-0.004454,0.130969,-0.036543,-1.337953,-0.139894,-0.026827,0.304847,-0.401854,-0.774151,0.489076,0.914572,-0.3138,0.254993,-0.043437,0.550733,0.833468,-0.000288,0.003559,0.004149,-0.342323,-0.259331,0.207447,0.024148,0.058844,0.030599,-0.022574,0.425024,0.799182,0.425042,-0.90353,0.346221,0.252513,0.054645,-0.491362,0.869238,0.007372,0.002633,0.002054,-0.892433,-0.67704,-0.539898,-0.166191,0.076621,0.034203,-0.06393,0.30646,0.44415,-0.841909,0.099326,0.864717,0.492338,0.946686,-0.234506,0.220885,0.015397,-0.003277,0.016189,-0.054254,0.012276,0.104025,-1.04018
243,0.157726,-0.011294,0.312494,-0.27913,-0.463554,-0.840981,-0.215241,-0.8233,0.525186,-0.93549,0.328181,0.131083,0.031006,0.00669,0.026351,0.048365,0.260293,-0.208857,-1.329986,-0.139778,-0.026816,0.304987,-0.389374,-0.783898,0.483614,0.918503,-0.291904,0.266604,-0.067343,0.548991,0.833029,-0.000269,0.003308,0.003854,-0.14982,-0.203681,0.477183,0.023567,0.058896,0.0306,-0.022508,0.412318,0.80865,0.419616,-0.907665,0.325021,0.265526,0.078334,-0.490353,0.867995,0.000511,-0.004015,0.005875,-0.942673,-0.685817,-0.638862,-0.160802,0.076857,0.034213,-0.063642,0.314737,0.440574,-0.840734,0.103177,0.86462,0.491717,0.943553,-0.241506,0.22667,0.008234,0.003551,0.013482,0.442451,1.475428,-2.443119,-1.042466
244,0.158571,-0.011289,0.313714,-0.292001,-0.459916,-0.838605,-0.212176,-0.823817,0.525622,-0.932241,0.331982,0.144021,0.016403,-0.003593,0.035387,0.070138,0.40079,0.06579,-1.321814,-0.139694,-0.027008,0.305419,-0.371737,-0.793775,0.481379,0.92387,-0.266042,0.274991,-0.089756,0.547948,0.831601,0.000878,-0.006125,0.013952,-0.021069,-0.188427,0.350909,0.035655,0.058944,0.030504,-0.022301,0.395223,0.818642,0.41668,-0.91305,0.300381,0.275882,0.100686,-0.489485,0.866179,0.000456,-0.003342,0.006661,0.021423,-0.217278,0.333337,-0.153944,0.077297,0.034221,-0.063018,0.327109,0.439444,-0.836592,0.09995,0.864241,0.493047,0.939685,-0.244898,0.238779,0.015497,0.003868,0.013619,0.204444,0.395048,0.40128,-1.047365
786,0.160156,0.022195,0.297673,-0.124362,-0.719777,-0.683009,-0.035207,-0.684732,0.727925,-0.991471,0.115464,0.060669,0.051681,-0.061448,-0.024135,-0.000588,-2.558264,2.301313,-1.890146,-0.150806,0.014778,0.319095,-0.755295,0.333309,0.564293,0.084237,-0.804371,0.588069,0.650844,0.491276,0.578717,-0.099438,0.084448,0.157069,3.364307,2.08328,3.783266,-1.167356,0.053429,0.051355,-0.015527,0.763159,-0.302744,0.570905,-0.063026,0.844384,0.532017,-0.643129,-0.441995,0.625319,-0.05612,0.036101,0.082872,0.055263,-2.319723,1.757995,-0.965009,0.078076,0.050999,-0.071003,0.128833,0.693533,-0.708811,-0.082875,0.719797,0.689219,0.988196,-0.030052,0.150211,0.025748,-0.025252,-0.016324,3.610448,-4.355117,-0.29754,-1.0005
787,0.162231,0.019676,0.296692,-0.046903,-0.706121,-0.706568,-0.009208,-0.707023,0.707111,-0.998811,0.040546,0.027544,0.052508,-0.059269,-0.022575,-0.167853,-0.219224,0.337306,-1.89887,-0.15536,0.017481,0.325006,-0.75529,0.361445,0.546703,0.048482,-0.800942,0.596721,0.654494,0.476744,0.586698,-0.121756,0.056715,0.147117,-0.156512,-0.03561,-0.017876,-1.046937,0.051159,0.052749,-0.01254,0.761651,-0.3353,0.554492,-0.021682,0.842048,0.538966,-0.647624,-0.422527,0.634076,-0.061551,0.033202,0.069099,-0.128782,-0.090294,0.169248,-0.907367,0.079112,0.049724,-0.071508,0.052404,0.670875,-0.739716,-0.108478,0.740175,0.663606,0.992716,0.045467,0.111563,0.019358,-0.023429,-0.014428,-0.282885,-0.560285,1.070984,-0.978619
788,0.163793,0.01891,0.296003,-0.037545,-0.69927,-0.713903,-0.012052,-0.714049,0.699972,-0.999188,0.03575,0.019275,0.041118,-0.008582,-0.009439,0.006282,-0.146785,0.224229,-1.915247,-0.160507,0.019505,0.329933,-0.749243,0.3878,0.536878,0.023451,-0.794465,0.606802,0.662776,0.466741,0.585443,-0.133498,0.052071,0.105728,-0.216494,0.124491,-0.033644,-0.88952,0.048638,0.053767,-0.010082,0.754982,-0.362256,0.5466,0.003466,0.835749,0.549099,-0.655736,-0.412665,0.632231,-0.06687,0.025494,0.052551,-0.296758,0.194337,0.005335,-0.864911,0.079895,0.049292,-0.071888,0.045016,0.662686,-0.747542,-0.105877,0.747251,0.656053,0.993359,0.049615,0.103801,0.013712,0.002904,-0.006871,0.043505,-0.155184,0.238875,-0.991519
789,0.165354,0.018489,0.29586,-0.041625,-0.690386,-0.722274,-0.025523,-0.721941,0.691464,-0.998769,0.048071,0.013335,0.041352,-0.018512,-0.000483,-0.02568,-0.250443,0.366269,-1.891484,-0.165522,0.021223,0.333108,-0.74223,0.415185,0.52603,0.006862,-0.780073,0.625597,0.670999,0.46742,0.575449,-0.132641,0.047117,0.065459,-0.598909,0.413702,0.429914,-0.724334,0.04608,0.054654,-0.008435,0.748019,-0.388819,0.537853,0.020019,0.823265,0.567303,-0.663374,-0.413586,0.623602,-0.059282,0.016732,0.035256,-0.755404,0.088261,1.027079,-0.797309,0.080678,0.049108,-0.07194,0.050775,0.653813,-0.754949,-0.092305,0.755761,0.648308,0.994434,0.036767,0.098724,0.020739,-0.014586,0.00389,-0.065352,-0.231992,0.351443,-0.992499
790,0.166184,0.017756,0.296102,-0.036405,-0.685234,-0.727444,-0.027442,-0.726976,0.686093,-0.998928,0.045787,0.008572,0.041645,-0.05251,0.022361,-0.12633,-0.342914,0.497679,-1.860477,-0.168152,0.021974,0.334164,-0.727898,0.436031,0.52918,-0.002946,-0.773612,0.633601,0.68655,0.459085,0.563696,-0.131517,0.02808,0.04973,-0.448376,0.478364,0.061624,-0.685171,0.044815,0.055031,-0.00791,0.732849,-0.41033,0.542734,0.029824,0.816286,0.576877,-0.679736,-0.406577,0.610452,-0.05968,0.019203,0.020078,-0.624867,0.539953,0.413481,-0.788491,0.081072,0.048772,-0.07183,0.046696,0.648265,-0.759981,-0.090446,0.76043,0.643091,0.994805,0.038708,0.094142,0.020822,-0.020119,0.007818,-0.096676,-0.236931,0.356058,-0.991683
791,0.167839,0.015894,0.297003,-0.026918,-0.667295,-0.744337,-0.033578,-0.743591,0.66777,-0.999053,0.043794,-0.00146,0.04234,-0.04612,0.028883,0.031798,0.030292,0.558706,-1.852485,-0.172492,0.023041,0.334991,-0.706116,0.46663,0.532586,-0.000727,-0.752491,0.658552,0.708938,0.464035,0.530982,-0.106801,0.0354,0.00259,-0.626221,0.624154,0.500232,-0.640822,0.042585,0.055569,-0.007469,0.710677,-0.439888,0.549031,0.027453,0.797154,0.60315,-0.702982,-0.413573,0.578596,-0.046428,0.010469,0.003552,-0.894156,0.823227,0.619671,-0.80776,0.08192,0.047818,-0.071382,0.03898,0.628877,-0.776526,-0.08344,0.776451,0.624628,0.995749,0.040446,0.082739,0.014159,-0.023088,0.014537,0.151731,0.222447,0.620147,-0.982538
792,0.168632,0.014566,0.298469,-0.027232,-0.648399,-0.760843,-0.015389,-0.76077,0.648818,-0.99949,0.030179,0.01169,0.001438,-0.030282,0.045952,0.252592,0.576778,0.61938,-1.87672,-0.175567,0.02433,0.334534,-0.682955,0.494101,0.537985,0.0067,-0.732108,0.681108,0.731241,0.468142,0.495977,-0.054829,0.031294,-0.021515,-0.814178,0.732714,0.883748,-0.623233,0.041028,0.056201,-0.007699,0.687847,-0.465412,0.557008,0.020527,0.779546,0.626007,-0.725565,-0.419163,0.545762,-0.033971,0.014142,-0.011354,-0.538494,1.00055,-0.054801,-0.824742,0.082332,0.047138,-0.070666,0.041958,0.609189,-0.791913,-0.101455,0.791112,0.603198,0.993954,0.055035,0.094999,0.000754,-0.014377,0.023748,0.436311,0.842714,0.817429,-0.992336
793,0.168664,0.014026,0.299459,-0.040061,-0.637135,-0.76974,-0.0098,-0.770076,0.637855,-0.999112,0.033884,0.025569,0.001819,-0.037511,0.057759,0.23124,0.624653,0.623199,-1.875034,-0.176484,0.024886,0.33395,-0.666454,0.50706,0.546553,0.015492,-0.723389,0.690218,0.746173,0.467822,0.473531,-0.042555,0.033493,-0.03744,-0.939415,2.402475,-1.347597,-0.623229,0.040549,0.056488,-0.008001,0.671221,-0.478534,0.566097,0.012222,0.77074,0.637032,-0.741156,-0.420671,0.523186,-0.021272,0.015656,-0.019521,-0.872207,2.357443,-1.355881,-0.81772,0.082348,0.046874,-0.070172,0.05705,0.59826,-0.799267,-0.107215,0.799613,0.590866,0.992597,0.051985,0.10976,-0.00604,-0.017548,0.030266,0.36538,0.832914,0.770981,-0.993152
794,0.16854,0.01223,0.302054,-0.064372,-0.599503,-0.797808,0.003254,-0.79959,0.600514,-0.997853,0.0368,0.05442,-0.011967,-0.046727,0.067894,-0.369266,-0.753341,3.37272,-1.90628,-0.177429,0.025646,0.332223,-0.611166,0.527006,0.590535,0.0584,-0.713913,0.697747,0.790055,0.460258,0.404769,-0.016566,0.018181,-0.051411,-1.276914,3.055353,-2.324862,-0.626075,0.040083,0.056852,-0.008833,0.619707,-0.495595,0.608563,-0.027493,0.76122,0.64791,-0.784351,-0.418245,0.458108,-0.008272,0.008199,-0.026369,-1.034924,1.524384,-0.087611,-0.816414,0.082297,0.046013,-0.068895,0.087545,0.564022,-0.821105,-0.119784,0.82425,0.55341,0.988932,0.049908,0.13972,0.001039,-0.029476,0.037188,1.715214,-0.169067,1.145823,-0.996581
795,0.168051,0.010029,0.305181,-0.085166,-0.57082,-0.816674,0.031888,-0.820794,0.570309,-0.995763,0.023234,0.089127,-0.025336,-0.061755,0.09128,0.171557,0.814376,0.610581,-1.913794,-0.177251,0.025859,0.330176,-0.545299,0.537244,0.643436,0.113589,-0.713045,0.691808,0.83113,0.449647,0.32696,0.023399,-0.003504,-0.055043,-0.93941,1.461773,-0.185664,-0.62788,0.040156,0.056963,-0.009876,0.551516,-0.499996,0.667707,-0.08608,0.762064,0.641753,-0.82971,-0.411413,0.377251,0.004766,0.002887,-0.031696,-1.051369,1.796007,-0.525012,-0.819027,0.082053,0.044891,-0.067317,0.111702,0.53336,-0.83848,-0.146854,0.843356,0.516898,0.98283,0.065396,0.17253,-0.005667,-0.024231,0.042601,0.338447,0.855641,0.983741,-1.001317
796,0.167107,0.00809,0.308917,-0.107299,-0.546072,-0.830866,0.058274,-0.837706,0.542978,-0.992396,0.010516,0.122745,-0.02465,-0.051176,0.101473,0.218424,0.779832,0.88259,-1.914478,-0.175872,0.025457,0.32777,-0.491866,0.552337,0.67304,0.157699,-0.703596,0.692833,0.856818,0.446218,0.258099,0.049841,-0.011353,-0.063942,-0.82271,1.509058,-0.290856,-0.624116,0.040836,0.056756,-0.011081,0.498703,-0.512259,0.699204,-0.130015,0.753339,0.644652,-0.856966,-0.412397,0.309091,0.025336,-0.012189,-0.028773,-0.933274,1.710089,-0.410507,-0.817884,0.081581,0.043916,-0.065454,0.136012,0.510473,-0.849068,-0.17151,0.856224,0.487301,0.975748,0.079345,0.204008,-0.012353,-0.025282,0.051077,0.251217,0.994982,0.784759,-1.004909
797,0.166533,0.007249,0.31088,-0.110365,-0.538433,-0.835437,0.073874,-0.842688,0.533284,-0.991016,-0.002198,0.133823,-0.038534,-0.036268,0.097237,1.415751,-0.402072,0.204292,-1.914156,-0.174901,0.025208,0.326598,-0.462608,0.559679,0.687564,0.176658,-0.70168,0.690196,0.869293,0.440044,0.224841,0.050057,-0.00721,-0.060924,-0.761714,1.496819,-0.327962,-0.622519,0.041321,0.056615,-0.01168,0.46972,-0.517966,0.714894,-0.148951,0.751681,0.642487,-0.870158,-0.408273,0.275928,0.025463,-0.009341,-0.026653,-0.881681,1.709907,-0.471567,-0.815271,0.081299,0.043493,-0.064468,0.142762,0.501862,-0.853084,-0.185621,0.860195,0.474983,0.972195,0.09054,0.215959,-0.012335,-0.017745,0.048614,4.663244,-2.43285,-0.252671,-1.006542
