frame,MLTx,MLTy,MLTz,MLTR1,MLTR2,MLTR3,MLTR4,MLTR5,MLTR6,MLTR7,MLTR8,MLTR9,MLTTVx,MLTTVy,MLTTVz,MLTRVx,MLTRVy,MLTRVz,MLGA,MRTx,MRTy,MRTz,MRTR1,MRTR2,MRTR3,MRTR4,MRTR5,MRTR6,MRTR7,MRTR8,MRTR9,MRTTVx,MRTTVy,MRTTVz,MRTRVx,MRTRVy,MRTRVz,MRGA,SLTx,SLTy,SLTz,SLTR1,SLTR2,SLTR3,SLTR4,SLTR5,SLTR6,SLTR7,SLTR8,SLTR9,SLTTVx,SLTTVy,SLTTVz,SLTRVx,SLTRVy,SLTRVz,SLGA,SRTx,SRTy,SRTz,SRTR1,SRTR2,SRTR3,SRTR4,SRTR5,SRTR6,SRTR7,SRTR8,SRTR9,SRTTVx,SRTTVy,SRTTVz,SRTRVx,SRTRVy,SRTRVz,SRGA
311,0.154271,-0.023479,0.308184,-0.034704,-0.377282,-0.925473,0.026348,-0.92604,0.376468,-0.99902,-0.010856,0.043233,-0.000999,-0.019441,-0.001121,-0.036219,0.028736,-0.042496,-1.917807,-0.138848,-0.030443,0.304062,0.100126,-0.68812,0.71865,0.950063,0.280544,0.136418,-0.295619,0.669948,0.680912,0.015769,-0.001137,0.017916,-1.445869,-1.767401,1.656138,0.144208,0.057187,0.026717,-0.016692,-0.048264,0.73197,0.679624,-0.953136,-0.237205,0.187787,0.298665,-0.638712,0.709116,0.007879,-0.000598,0.008916,-0.390255,-0.076673,-0.311523,-0.025598,0.076195,0.030578,-0.063669,0.126708,0.337365,-0.932807,-0.116125,0.938965,0.323818,0.985118,0.067292,0.158151,-0.000484,-0.004292,-0.004815,-0.000558,0.016615,-0.027352,-1.005889
312,0.154199,-0.02396,0.307923,-0.032679,-0.373541,-0.927063,0.024789,-0.927561,0.37281,-0.99913,-0.01034,0.040728,-0.000902,-0.007915,-0.008916,-0.001735,0.011736,-0.018826,-1.917098,-0.138168,-0.030373,0.304579,0.119904,-0.694424,0.709499,0.937265,0.314698,0.149777,-0.327445,0.647883,0.68767,0.014713,0.006882,0.006052,-0.00558,-0.03175,0.044819,0.180819,0.057521,0.026753,-0.016432,-0.067189,0.739854,0.669403,-0.940606,-0.270747,0.204831,0.332784,-0.615882,0.714102,0.007342,0.003515,0.003107,-0.084892,-0.150706,0.119675,0.023879,0.076158,0.03033,-0.0638,0.125061,0.333426,-0.934444,-0.114186,0.940417,0.320275,0.985556,0.066647,0.155682,-0.000448,-0.003965,-0.004465,-0.003929,0.007625,-0.01087,-1.006052
313,0.154144,-0.024355,0.307696,-0.031782,-0.371839,-0.927777,0.023883,-0.928249,0.371153,-0.999182,-0.009906,0.039539,-0.000687,-0.006009,-0.006789,-8e-06,-2.6e-05,4.7e-05,-1.917541,-0.137562,-0.030505,0.304947,0.136837,-0.694103,0.706744,0.928006,0.339285,0.153702,-0.346651,0.635683,0.689639,0.01633,-0.007908,0.009825,-0.034372,-0.007164,0.009724,0.232024,0.05783,0.026692,-0.016242,-0.084129,0.740078,0.667238,-0.93205,-0.295274,0.209989,0.352426,-0.604233,0.714631,0.008162,-0.004006,0.004842,-0.01882,-0.107756,0.182089,0.080378,0.076131,0.030129,-0.063918,0.124356,0.331682,-0.935158,-0.113127,0.941068,0.318734,0.985767,0.066155,0.154549,-0.000425,-0.009064,0.00015,-0.035991,0.03184,-0.047706,-1.005889
314,0.154142,-0.024505,0.307588,-0.031878,-0.371976,-0.927719,0.023778,-0.928196,0.371293,-0.999181,-0.009767,0.039591,-0.000664,-0.005808,-0.006571,-0.000692,0.014935,-0.024638,-1.917821,-0.137228,-0.030606,0.305055,0.148231,-0.692493,0.706026,0.921898,0.355048,0.154851,-0.358099,0.628781,0.690118,0.016455,-0.009286,0.008184,-3.936233,-0.862978,-3.804242,0.257916,0.057997,0.026641,-0.016189,-0.091452,0.739561,0.666847,-0.928341,-0.30561,0.211621,0.360302,-0.599709,0.714514,0.007588,0.000656,-0.000299,0.004202,-0.015564,0.030361,0.116955,0.07613,0.030055,-0.06397,0.124449,0.33185,-0.935086,-0.113044,0.941019,0.318911,0.985764,0.066017,0.154623,-0.000298,-0.002615,-0.002959,-0.000635,0.015347,-0.025357,-1.006052
315,0.154138,-0.024673,0.307461,-0.031858,-0.371926,-0.92774,0.023673,-0.928217,0.371247,-0.999185,-0.009679,0.039533,-0.000289,-0.00253,-0.002867,-0.000692,0.014932,-0.02464,-1.917017,-0.136586,-0.030885,0.305197,0.160281,-0.690006,0.705828,0.915168,0.371695,0.155707,-0.369999,0.621842,0.690128,0.015413,-0.001112,-0.003468,0.000117,-0.000737,0.004378,0.275079,0.058317,0.026503,-0.016116,-0.107666,0.736815,0.667466,-0.920263,-0.327903,0.213528,0.376195,-0.591255,0.713368,0.008348,-0.005948,0.002527,-0.032582,-0.007798,0.010409,0.164146,0.076122,0.029968,-0.064037,0.124446,0.331826,-0.935095,-0.112939,0.941033,0.318903,0.985777,0.065923,0.154584,-9e-05,-0.000794,-0.0009,2.4e-05,-9e-06,2e-06,-1.005726
316,0.154128,-0.024658,0.307462,-0.031625,-0.371559,-0.927895,0.023698,-0.928363,0.370882,-0.999192,-0.009804,0.039322,0.000113,0.000991,0.001123,0.0,0.0,0.0,-1.91722,-0.136014,-0.031264,0.305345,0.168395,-0.688157,0.705743,0.910302,0.38312,0.156532,-0.378321,0.616926,0.690028,0.016649,-0.011056,0.006057,-0.03461,-0.007366,0.0094,0.287829,0.058604,0.026307,-0.01605,-0.115816,0.735257,0.667819,-0.91577,-0.339409,0.214866,0.384645,-0.586684,0.712635,0.007684,-0.000265,-0.001405,0.003001,-0.015983,0.029108,0.184231,0.076122,0.029972,-0.06404,0.124251,0.331438,-0.935258,-0.112928,0.941162,0.318527,0.985802,0.066039,0.154369,0.000101,0.000887,0.001004,1.6e-05,-1.6e-05,4e-05,-1.005889
317,0.154125,-0.024591,0.307554,-0.031431,-0.371249,-0.928026,0.02367,-0.928486,0.370574,-0.999199,-0.009864,0.039129,0.000231,0.00202,0.002287,0.0,0.0,0.0,-1.917783,-0.135533,-0.031628,0.305587,0.168392,-0.688233,0.70567,0.909853,0.383833,0.157395,-0.379402,0.616397,0.689908,0.001337,-0.011155,0.008103,-0.036394,0.007843,-0.019625,0.303907,0.058851,0.026123,-0.015933,-0.115766,0.735352,0.667723,-0.915332,-0.340018,0.215761,0.385698,-0.586211,0.712455,0.008253,-0.004711,0.003986,-0.033616,-0.007159,0.010379,0.205785,0.076121,0.030009,-0.063991,0.12409,0.331112,-0.935395,-0.11287,0.941273,0.318219,0.985829,0.06609,0.154175,0.000149,0.001313,0.001486,1.3e-05,-4e-06,1.3e-05,-1.006379
318,0.154141,-0.024553,0.307612,-0.031271,-0.370983,-0.928137,0.023643,-0.928591,0.370311,-0.999205,-0.009909,0.038967,0.000218,0.001909,0.00216,0.0,0.0,0.0,-1.917216,-0.135338,-0.031808,0.305748,0.172497,-0.687237,0.705649,0.907309,0.389632,0.157835,-0.383636,0.613859,0.689828,0.016498,-0.009188,0.008265,-0.034354,-0.007389,0.0096,0.310195,0.058942,0.026032,-0.015851,-0.119906,0.734494,0.667937,-0.912969,-0.345882,0.216454,0.390012,-0.583852,0.712043,0.000646,-0.005379,0.00428,-0.035273,0.007476,-0.019187,0.215582,0.076129,0.03003,-0.063959,0.123957,0.330833,-0.935512,-0.112817,0.941368,0.317956,0.985852,0.066129,0.154013,0.000113,0.000999,0.001131,1.3e-05,5e-06,7e-06,-1.006542
319,0.154169,-0.024507,0.307664,-0.031164,-0.370804,-0.928212,0.023643,-0.928662,0.370133,-0.999208,-0.009956,0.038865,4.2e-05,0.000363,0.000411,0.0,0.0,0.0,-1.916902,-0.135073,-0.032285,0.306129,0.176963,-0.685911,0.705834,0.904261,0.396344,0.158608,-0.388772,0.611033,0.689462,0.016517,-0.009272,0.008162,-0.034343,-0.007433,0.009581,0.313242,0.059075,0.025795,-0.01566,-0.124387,0.733352,0.668372,-0.910132,-0.35262,0.217523,0.395203,-0.58125,0.711309,0.000654,-0.005466,0.00418,-0.035803,0.007889,-0.019125,0.226849,0.076144,0.030056,-0.063931,0.123868,0.330645,-0.93559,-0.112799,0.941432,0.317775,0.985866,0.066171,0.15391,2.2e-05,0.000201,0.000226,6e-06,-4e-06,-1.1e-05,-1.006542
320,0.154191,-0.024514,0.307656,-0.031153,-0.37078,-0.928222,0.023643,-0.928672,0.370108,-0.999208,-0.009961,0.038856,-2.9e-05,-0.000256,-0.000289,0.0,0.0,0.0,-1.917048,-0.13495,-0.032824,0.306571,0.177528,-0.685473,0.706118,0.903417,0.397964,0.15936,-0.390475,0.610469,0.688999,0.002582,-0.021188,0.017546,-0.072767,0.015464,-0.039375,0.312501,0.059141,0.02553,-0.015443,-0.124908,0.73298,0.668683,-0.90934,-0.354154,0.218345,0.396859,-0.580788,0.710765,0.000613,-0.005049,0.004677,-0.036014,0.007884,-0.019338,0.229625,0.076154,0.030052,-0.063935,0.12386,0.33062,-0.9356,-0.112797,0.94144,0.317751,0.985867,0.066176,0.1539,-2.3e-05,-0.000192,-0.000218,1e-05,-3e-06,1.2e-05,-1.006542
321,0.154201,-0.024527,0.307642,-0.03109,-0.370674,-0.928267,0.023643,-0.928714,0.370004,-0.99921,-0.009989,0.038796,-3.9e-05,-0.000344,-0.000389,0.0,0.0,0.0,-1.917343,-0.134931,-0.033074,0.306819,0.179952,-0.686148,0.704847,0.903217,0.398977,0.157959,-0.389833,0.609047,0.690619,0.002513,-0.020459,0.018414,-0.061963,-0.005679,-0.052319,0.311476,0.059152,0.025396,-0.015313,-0.127565,0.733757,0.667327,-0.909273,-0.355265,0.216815,0.396167,-0.579125,0.712505,0.001242,-0.010174,0.009272,-0.081317,0.019806,-0.041433,0.229625,0.076159,0.030045,-0.063943,0.123808,0.33051,-0.935646,-0.112787,0.941477,0.317645,0.985875,0.066202,0.15384,-2.6e-05,-0.000227,-0.000257,1.2e-05,1e-05,1.9e-05,-1.006705
322,0.154212,-0.024519,0.307635,-0.03107,-0.370641,-0.928281,0.023669,-0.928727,0.369969,-0.99921,-0.010022,0.038786,-0.0,-0.0,-0.0,0.0,0.0,0.0,-1.917455,-0.134795,-0.033417,0.30728,0.18821,-0.687052,0.701803,0.900748,0.405458,0.155536,-0.391655,0.603717,0.694258,0.00103,-0.007812,0.012077,0.162598,-0.387218,-0.2631,0.306567,0.05922,0.025223,-0.015084,-0.134308,0.734161,0.665558,-0.906894,-0.361759,0.216039,0.399379,-0.574575,0.714394,0.000496,-0.003793,0.00617,0.295168,-0.564818,-0.34015,0.226849,0.076165,0.030048,-0.063947,0.123791,0.330475,-0.93566,-0.11281,0.941487,0.317607,0.985874,0.066235,0.153829,0.0,3e-06,4e-06,-8e-06,-2.4e-05,7e-06,-1.006705
323,0.154202,-0.024498,0.307643,-0.031049,-0.370614,-0.928292,0.023695,-0.928737,0.369942,-0.999211,-0.010055,0.038776,1e-05,8.9e-05,0.000101,0.0,0.0,0.0,-1.91758,-0.134437,-0.033568,0.307788,0.20059,-0.690666,0.694792,0.896264,0.415633,0.154574,-0.395795,0.592559,0.701486,0.015994,-0.00357,0.014912,0.118204,-0.387811,0.043682,0.300858,0.059399,0.025146,-0.014831,-0.147905,0.738265,0.658094,-0.903006,-0.372196,0.21459,0.403365,-0.562525,0.721707,0.00798,-0.001691,0.007561,0.149314,-0.43003,0.024447,0.220155,0.07616,0.030059,-0.063943,0.123773,0.330446,-0.935673,-0.112832,0.941495,0.317576,0.985874,0.066267,0.153816,5e-06,4.8e-05,5.3e-05,3e-06,-0.0,-3.1e-05,-1.006705
324,0.154191,-0.024478,0.307618,-0.030966,-0.370495,-0.928342,0.023773,-0.928783,0.369821,-0.999211,-0.010164,0.038727,-4.3e-05,-0.000373,-0.000421,0.0,0.0,0.0,-1.917704,-0.133939,-0.033627,0.308369,0.205471,-0.699753,0.684192,0.896848,0.414357,0.154615,-0.391956,0.582707,0.711819,0.015824,-0.001907,0.01685,-1.251087,-2.088748,1.738318,0.298797,0.059648,0.025118,-0.01454,-0.153485,0.746487,0.647455,-0.903688,-0.371094,0.213627,0.399737,-0.552309,0.731549,0.007858,-0.000874,0.008493,-1.250091,-2.093363,1.73311,0.216236,0.076154,0.030069,-0.063954,0.123702,0.330321,-0.935726,-0.112898,0.941531,0.317445,0.985875,0.066373,0.153762,-2.3e-05,-0.000213,-0.000242,5e-06,-6e-06,8e-06,-1.006705
325,0.154201,-0.024476,0.307605,-0.030956,-0.370479,-0.928349,0.0238,-0.928789,0.369804,-0.999211,-0.010192,0.038727,-1.4e-05,-0.000124,-0.00014,0.0,0.0,0.0,-1.917572,-0.133646,-0.033628,0.308693,0.20845,-0.702789,0.680167,0.897447,0.41378,0.152672,-0.389004,0.579453,0.716081,0.01569,-0.000608,0.018365,0.051339,-0.255149,0.124909,0.296777,0.059789,0.025116,-0.014387,-0.156737,0.749911,0.642702,-0.904272,-0.370638,0.211939,0.397146,-0.547959,0.736216,0.007822,-0.000147,0.009359,0.020595,-0.152267,-0.021584,0.214766,0.076159,0.030069,-0.063962,0.123694,0.330305,-0.935733,-0.112922,0.941535,0.317425,0.985873,0.066402,0.153761,-8e-06,-8.7e-05,-9.9e-05,6e-06,4e-06,1.8e-05,-1.006705
326,0.154212,-0.024477,0.307604,-0.030946,-0.370459,-0.928357,0.0238,-0.928797,0.369784,-0.999211,-0.010197,0.038717,-0.0,-0.0,-0.0,0.0,0.0,0.0,-1.917304,-0.133044,-0.033578,0.309399,0.226246,-0.708479,0.668477,0.894294,0.422985,0.145794,-0.386338,0.565702,0.728415,0.015569,0.000413,0.019517,-0.142551,-0.513285,-0.581638,0.290716,0.060096,0.025143,-0.014024,-0.173718,0.755366,0.631856,-0.901689,-0.379972,0.206341,0.395951,-0.533893,0.747114,0.007766,0.000301,0.009859,-0.094715,-0.583494,-0.61421,0.209377,0.076165,0.030069,-0.063963,0.123686,0.330283,-0.935742,-0.112921,0.941542,0.317404,0.985875,0.066406,0.153751,-0.0,4e-06,6e-06,-6e-06,-1.3e-05,7e-06,-1.006542
327,0.154224,-0.024478,0.307604,-0.030935,-0.370438,-0.928366,0.0238,-0.928805,0.369763,-0.999212,-0.010202,0.038707,-0.0,-0.0,-0.0,0.0,0.0,0.0,-1.917408,-0.132404,-0.033547,0.31025,0.233003,-0.716314,0.657719,0.895969,0.420977,0.141251,-0.378364,0.557266,0.739025,0.01532,0.00263,0.022052,0.086485,-0.252778,-0.071535,0.282331,0.06041,0.025156,-0.013608,-0.181471,0.762932,0.620485,-0.903478,-0.3785,0.201157,0.388322,-0.524091,0.757979,0.008339,-0.004294,0.015039,0.070871,-0.353531,0.038265,0.200233,0.076171,0.030069,-0.063963,0.123678,0.330261,-0.935751,-0.112919,0.94155,0.317383,0.985876,0.066411,0.153741,-3e-06,2e-06,4e-06,-1.2e-05,-2.5e-05,-7e-06,-1.006705
328,0.154212,-0.024469,0.307598,-0.030936,-0.370446,-0.928363,0.023826,-0.928802,0.36977,-0.999211,-0.010226,0.038717,-0.0,-0.0,-0.0,0.0,0.0,0.0,-1.917365,-0.132066,-0.033537,0.310737,0.237111,-0.720814,0.651304,0.896931,0.41989,0.138347,-0.373503,0.552259,0.745231,0.016506,-0.006779,0.032167,0.072897,-0.285101,-0.115208,0.278544,0.060579,0.025164,-0.01337,-0.185529,0.767147,0.614055,-0.904516,-0.377507,0.198336,0.383963,-0.518626,0.763936,0.007577,0.001923,0.011705,0.150503,-0.44057,0.047628,0.195824,0.076165,0.030073,-0.063966,0.123677,0.33027,-0.935748,-0.112945,0.941545,0.317388,0.985873,0.066435,0.15375,-3e-06,1e-06,6e-06,-7e-06,-2e-05,1e-05,-1.006705
329,0.154213,-0.024463,0.307605,-0.030925,-0.370429,-0.92837,0.023826,-0.928809,0.369753,-0.999211,-0.01023,0.038707,5e-06,4.5e-05,5.1e-05,0.0,0.0,0.0,-1.917518,-0.131343,-0.033526,0.311802,0.255921,-0.724676,0.639797,0.891122,0.433293,0.134504,-0.37502,0.536608,0.755827,0.015109,0.004186,0.023732,0.053998,-0.177492,-0.059194,0.274397,0.060941,0.025168,-0.01283,-0.205052,0.771076,0.602821,-0.899316,-0.391488,0.194851,0.386243,-0.502172,0.773717,0.008154,-0.002728,0.016796,0.016094,-0.26806,0.118878,0.187986,0.076165,0.030076,-0.063962,0.123668,0.330251,-0.935756,-0.112943,0.941551,0.31737,0.985874,0.066439,0.15374,-1e-06,1.8e-05,2.4e-05,-6e-06,-1.6e-05,-2.7e-05,-1.006705
330,0.154223,-0.024467,0.307585,-0.030926,-0.37043,-0.928369,0.023852,-0.928808,0.369753,-0.999211,-0.010254,0.038718,-9.6e-05,-0.000844,-0.000954,0.0,0.0,0.0,-1.917504,-0.130647,-0.033683,0.312976,0.266953,-0.730324,0.628772,0.889821,0.437246,0.130263,-0.370404,0.525621,0.765759,0.016519,-0.00736,0.031313,-0.011572,-0.126846,-0.019215,0.269596,0.061288,0.025097,-0.012243,-0.21651,0.776475,0.591785,-0.898328,-0.395797,0.190658,0.382268,-0.490337,0.783223,0.015837,-0.003069,0.015256,-0.038117,-0.178424,0.173048,0.182598,0.076171,0.030076,-0.06397,0.123669,0.330253,-0.935755,-0.11297,0.941549,0.317368,0.985871,0.066464,0.153749,-6.5e-05,-0.000567,-0.000642,-0.0,-4e-06,1.7e-05,-1.006705
331,0.154257,-0.024443,0.307564,-0.030864,-0.37033,-0.928412,0.023931,-0.928847,0.369651,-0.999211,-0.010355,0.038689,-0.0,-0.0,-0.0,0.0,0.0,0.0,-1.917595,-0.130097,-0.033975,0.314092,0.276926,-0.734053,0.620056,0.887881,0.442111,0.127037,-0.367741,0.516261,0.773371,0.001636,-0.0115,0.028678,-0.047719,-0.04018,-0.039022,0.261459,0.061568,0.024955,-0.011681,-0.22666,0.78001,0.583274,-0.896649,-0.400957,0.18776,0.380322,-0.480434,0.790276,0.008345,-0.0047,0.014439,-0.074954,-0.09852,0.183737,0.173943,0.076187,0.030086,-0.063983,0.123618,0.330148,-0.935799,-0.113038,0.941579,0.317255,0.98587,0.066563,0.153715,-1e-06,5e-06,6e-06,-1e-05,-2e-05,1.7e-05,-1.006869
332,0.154268,-0.024427,0.307551,-0.030834,-0.370284,-0.928431,0.023984,-0.928865,0.369603,-0.999211,-0.010416,0.038679,5.4e-05,0.011135,-0.008202,0.035531,-0.013758,0.017883,-1.917729,-0.129903,-0.034119,0.314592,0.280141,-0.736228,0.61602,0.888065,0.442329,0.124974,-0.364852,0.512964,0.776926,0.016779,-0.009927,0.02827,0.0141,-0.243917,0.142399,0.25446,0.06166,0.024881,-0.011432,-0.229789,0.781891,0.579519,-0.896883,-0.401325,0.185841,0.377883,-0.477057,0.793486,0.000198,-0.00112,0.009168,0.025572,-0.120748,-0.067587,0.167085,0.076193,0.03009,-0.063986,0.123601,0.330113,-0.935813,-0.113061,0.941588,0.317217,0.985869,0.066596,0.153704,-2e-06,3e-06,6e-06,-1.4e-05,-2.2e-05,7e-06,-1.006542
333,0.154291,-0.02442,0.307544,-0.030803,-0.37023,-0.928453,0.02401,-0.928885,0.369549,-0.999211,-0.010455,0.03866,-0.0,-0.0,-0.0,0.0,0.0,0.0,-1.917202,-0.129694,-0.034372,0.31536,0.288138,-0.736301,0.612232,0.885183,0.448591,0.123087,-0.36564,0.50738,0.780215,0.01587,-0.003382,0.014834,-0.021924,-0.02974,-0.003596,0.238536,0.06177,0.024755,-0.011034,-0.237902,0.782113,0.575935,-0.894274,-0.407778,0.18436,0.379044,-0.471184,0.796435,0.007935,-0.00182,0.007263,-0.049189,0.006649,0.011489,0.147817,0.076204,0.030098,-0.063993,0.123567,0.330043,-0.935842,-0.113106,0.941608,0.317142,0.985868,0.066661,0.153682,-4e-06,1e-06,5e-06,-1.6e-05,-3.2e-05,1e-06,-1.006542
334,0.15429,-0.024417,0.307531,-0.030804,-0.370235,-0.928451,0.024036,-0.928883,0.369553,-0.99921,-0.010479,0.03867,-0.0,-1e-06,-2e-06,0.0,0.0,0.0,-1.917488,-0.129637,-0.034442,0.315758,0.292187,-0.737485,0.608879,0.885076,0.449624,0.120054,-0.362679,0.504736,0.783306,-0.000365,0.003316,0.003785,0.007879,-0.013761,-0.008132,0.194953,0.061799,0.024716,-0.010839,-0.242019,0.783239,0.57268,-0.89434,-0.40897,0.181381,0.376274,-0.468274,0.79946,-0.000172,0.001486,0.001694,-0.017226,0.018061,0.00363,0.113036,0.076204,0.030099,-0.063999,0.123567,0.330048,-0.935841,-0.113133,0.941605,0.317143,0.985865,0.066686,0.15369,-1e-06,4e-06,7e-06,-7e-06,1e-06,1.8e-05,-1.006869
335,0.15428,-0.024411,0.307538,-0.030803,-0.370238,-0.92845,0.024036,-0.928882,0.369556,-0.99921,-0.010479,0.03867,1.6e-05,0.000141,0.000159,0.0,0.0,0.0,-1.917523,-0.129609,-0.03438,0.315824,0.304776,-0.735195,0.605467,0.879915,0.460555,0.116497,-0.364889,0.498161,0.786482,-0.000267,0.00242,0.00276,-3.203927,-0.891997,-4.493182,0.165041,0.061812,0.024749,-0.010804,-0.252771,0.781582,0.570295,-0.890459,-0.418458,0.178814,0.378402,-0.462625,0.801741,-9.6e-05,0.001075,0.001218,-3.164117,-0.948154,-4.510509,0.080051,0.076199,0.030102,-0.063996,0.123567,0.330051,-0.93584,-0.113132,0.941604,0.317146,0.985865,0.066685,0.15369,9e-06,9.1e-05,0.000106,-1.3e-05,-1.1e-05,-3e-05,-1.006542
336,0.154269,-0.024369,0.307508,-0.030764,-0.370196,-0.928468,0.024167,-0.928897,0.369509,-0.999209,-0.010617,0.038681,0.0,0.0,0.0,0.0,0.0,0.0,-1.917002,-0.129562,-0.034202,0.315799,0.306505,-0.735981,0.603637,0.880246,0.460405,0.11458,-0.362639,0.497138,0.788169,-0.001392,0.01097,-0.008345,0.05041,-0.031574,0.005553,0.083616,0.061836,0.024834,-0.010813,-0.256493,0.781938,0.56814,-0.8901,-0.420206,0.176488,0.376738,-0.460434,0.803783,-2e-06,2e-06,1e-06,-0.005443,0.000143,-0.005432,-0.010575,0.076193,0.030123,-0.06401,0.123532,0.330006,-0.93586,-0.113257,0.94161,0.317084,0.985855,0.066823,0.153694,-2e-06,-2e-06,-2e-06,-5e-06,-8e-06,-0.0,-1.006705
337,0.15427,-0.024304,0.307472,-0.030683,-0.37009,-0.928513,0.02435,-0.928937,0.369398,-0.999207,-0.010821,0.038673,0.0,0.0,0.0,0.0,0.0,0.0,-1.917689,-0.129564,-0.034008,0.315578,0.308336,-0.736612,0.601932,0.880642,0.460215,0.112273,-0.360115,0.496378,0.789803,-0.001065,0.008007,-0.011722,0.034639,0.006528,-0.005303,-0.055388,0.061835,0.024934,-0.01092,-0.258195,0.782478,0.566624,-0.890547,-0.420135,0.174388,0.374513,-0.459579,0.805311,-0.007429,-0.00199,-0.001178,-0.00642,0.022217,-0.025453,-0.142677,0.076194,0.030155,-0.064028,0.123462,0.329895,-0.935909,-0.113427,0.941634,0.31695,0.985845,0.067026,0.153675,1e-06,-5e-06,-7e-06,9e-06,1.8e-05,-9e-06,-1.006705
338,0.15427,-0.024271,0.307447,-0.030643,-0.37004,-0.928534,0.024455,-0.928956,0.369344,-0.999206,-0.010936,0.038674,0.0,0.0,0.0,0.0,0.0,0.0,-1.917082,-0.129752,-0.033819,0.31494,0.301794,-0.736364,0.60554,0.880726,0.458432,0.118721,-0.365408,0.498394,0.786093,-0.000398,0.001946,-0.018659,-0.087581,0.230078,0.09419,-0.309798,0.06174,0.025034,-0.011232,-0.251857,0.782271,0.569753,-0.89028,-0.418107,0.180517,0.379432,-0.461776,0.801744,-0.008465,0.005785,-0.013174,-0.112391,0.319345,0.15324,-0.354302,0.076194,0.030172,-0.064041,0.123428,0.329841,-0.935932,-0.113525,0.941645,0.316883,0.985838,0.06714,0.15367,2e-06,-1e-06,-5e-06,9e-06,2.3e-05,-2.7e-05,-1.006542
339,0.154269,-0.024277,0.307441,-0.030654,-0.370057,-0.928527,0.024455,-0.928949,0.369361,-0.999205,-0.010931,0.038684,-2.2e-05,-0.000195,-0.00022,0.0,0.0,0.0,-1.917947,-0.129831,-0.03367,0.314446,0.294834,-0.736541,0.608746,0.880825,0.456364,0.125748,-0.370805,0.500033,0.782517,-0.00158,0.01101,-0.029202,-1.76172,-1.244147,1.800812,-0.498989,0.061701,0.025104,-0.011477,-0.246564,0.78105,0.573729,-0.890313,-0.416403,0.184255,0.382815,-0.465368,0.798049,-0.000723,0.005007,-0.015169,-0.251385,0.588916,0.342294,-0.497344,0.076193,0.030169,-0.064044,0.123436,0.32986,-0.935924,-0.113528,0.941639,0.316901,0.985836,0.067136,0.153681,-1.1e-05,-0.000125,-0.000145,1.1e-05,1.2e-05,1.9e-05,-1.006869
340,0.154291,-0.024281,0.30742,-0.030645,-0.370038,-0.928535,0.024482,-0.928956,0.369341,-0.999205,-0.01096,0.038685,-9e-06,-7.6e-05,-8.6e-05,0.0,0.0,0.0,-1.917515,-0.130047,-0.033209,0.313002,0.279494,-0.736035,0.616545,0.884525,0.447076,0.132933,-0.373843,0.509103,0.775189,-0.00243,0.017047,-0.043289,0.255359,0.269637,0.745173,-0.989887,0.061593,0.025331,-0.012195,-0.229395,0.781474,0.580238,-0.892809,-0.406361,0.194325,0.387646,-0.473464,0.790924,-0.001166,0.008279,-0.021923,0.922503,0.596204,1.528749,-0.792084,0.076204,0.030167,-0.064055,0.123429,0.32984,-0.935932,-0.113553,0.941644,0.316878,0.985834,0.067166,0.15368,-2e-06,-3.6e-05,-4.2e-05,-3e-06,-2e-06,3.8e-05,-1.007032
341,0.154344,-0.024305,0.307378,-0.030562,-0.369889,-0.928598,0.024508,-0.929015,0.369191,-0.999207,-0.011022,0.038616,0.014937,-0.001385,-0.001613,0.000984,-0.014715,0.029553,-1.917317,-0.13027,-0.032351,0.310887,0.232565,-0.746227,0.623738,0.906355,0.398793,0.139352,-0.35303,0.533841,0.768275,-0.003212,0.022443,-0.058221,0.03147,0.215667,0.137007,-1.400157,0.061482,0.02576,-0.013245,-0.18098,0.79055,0.585044,-0.913019,-0.35617,0.198842,0.36557,-0.49817,0.786246,-0.002258,0.016562,-0.033427,0.071402,0.244046,0.201255,-0.962886,0.076225,0.030156,-0.064075,0.123369,0.329705,-0.935988,-0.113566,0.941687,0.316744,0.98584,0.06722,0.153619,-4.6e-05,-0.000416,-0.000471,-1e-06,1.6e-05,5e-06,-1.007032
342,0.154375,-0.024329,0.307349,-0.030573,-0.369896,-0.928594,0.024509,-0.929012,0.369198,-0.999206,-0.011017,0.038627,-8.7e-05,-0.000762,-0.000863,0.0,0.0,0.0,-1.917602,-0.130414,-0.031717,0.30953,0.227466,-0.745545,0.626429,0.907596,0.395331,0.141124,-0.353155,0.537363,0.765758,-0.019566,0.030136,-0.068249,0.105095,0.138989,0.067604,-1.408292,0.061417,0.026061,-0.013896,-0.175613,0.789803,0.587682,-0.914011,-0.352567,0.200697,0.365709,-0.501903,0.783804,-0.002174,0.015822,-0.034339,0.116128,0.043773,0.286188,-0.929574,0.076246,0.030143,-0.064089,0.123372,0.329691,-0.935992,-0.113565,0.941692,0.31673,0.98584,0.06722,0.15362,-6.1e-05,-0.000555,-0.000628,-1e-06,2.1e-05,-1.1e-05,-1.007032
343,0.15444,-0.024364,0.307325,-0.030563,-0.369853,-0.928612,0.024483,-0.92903,0.369157,-0.999207,-0.010999,0.038608,-3.2e-05,-0.00028,-0.000317,0.0,0.0,0.0,-1.91773,-0.130894,-0.030304,0.306509,0.208995,-0.743665,0.635039,0.91214,0.382275,0.147654,-0.352834,0.549302,0.757389,-0.020368,0.035651,-0.083251,-0.055733,0.398078,0.455534,-1.409746,0.061168,0.026793,-0.015455,-0.157727,0.787983,0.595151,-0.917982,-0.33911,0.205699,0.363908,-0.513894,0.776841,-0.01011,0.017526,-0.041961,-0.119756,0.477101,0.488921,-0.938066,0.076279,0.030125,-0.064103,0.123366,0.329648,-0.936008,-0.113536,0.941709,0.316691,0.985844,0.067201,0.153602,-1.8e-05,-0.000146,-0.000164,-8e-06,-1.2e-05,3.2e-05,-1.007032
344,0.154509,-0.024375,0.30736,-0.030498,-0.369715,-0.928669,0.024405,-0.929085,0.369022,-0.999211,-0.010956,0.038517,8.8e-05,0.000779,0.000881,0.0,0.0,0.0,-1.917764,-0.131698,-0.028728,0.302802,0.175757,-0.74537,0.643059,0.915251,0.364169,0.172136,-0.362714,0.559226,0.745364,-0.02254,0.051949,-0.107035,-0.275597,0.873752,0.782061,-1.409739,0.060773,0.027562,-0.017268,-0.125997,0.789439,0.600757,-0.919547,-0.320169,0.22787,0.372234,-0.523714,0.766267,-0.01809,0.019517,-0.049365,-0.116715,0.562072,0.539559,-0.935943,0.076313,0.030118,-0.064087,0.123315,0.329503,-0.936066,-0.113444,0.941762,0.316564,0.985861,0.067154,0.153514,3.4e-05,-0.005042,0.004693,-0.035535,0.01375,-0.017892,-1.007032
345,0.154523,-0.024422,0.307447,-0.033038,-0.368367,-0.929118,0.024755,-0.929627,0.367631,-0.999119,-0.010403,0.040992,3.2e-05,-0.010409,0.009023,-0.03471,0.016961,-0.015962,-1.91732,-0.13279,-0.027104,0.298688,0.14114,-0.742621,0.654664,0.916765,0.34752,0.196739,-0.373795,0.573321,0.729003,-0.037286,0.045983,-0.112618,-0.097776,0.487507,0.741553,-1.410205,0.060233,0.028375,-0.019323,-0.08906,0.785293,0.612684,-0.919143,-0.301778,0.253189,0.383722,-0.540596,0.748673,-0.017846,0.01698,-0.052764,-0.239865,0.668313,0.793888,-0.934146,0.07632,0.0301,-0.064045,0.12612,0.32818,-0.936157,-0.113722,0.942254,0.314997,0.985474,0.066734,0.156158,5e-05,0.000457,0.000517,-0.006451,-0.013492,-0.008172,-1.007032
346,0.154514,-0.024456,0.307517,-0.035665,-0.36717,-0.929494,0.025155,-0.930106,0.366389,-0.999015,-0.009864,0.043568,0.000109,0.00096,0.001086,0.016486,0.186169,-0.120265,-1.917364,-0.133424,-0.026386,0.296538,0.121814,-0.741115,0.660228,0.91734,0.337947,0.210272,-0.379117,0.580953,0.720159,-0.035644,0.031825,-0.108656,-0.172659,0.553691,0.73174,-1.410323,0.059915,0.028741,-0.020398,-0.069787,0.783552,0.617394,-0.918945,-0.291316,0.265844,0.38816,-0.548799,0.740371,-0.018428,0.021294,-0.05855,-0.278374,0.743974,0.869123,-0.93284,0.076316,0.030079,-0.064007,0.128748,0.327011,-0.936208,-0.114007,0.942687,0.313596,0.985101,0.066359,0.158651,4.1e-05,-0.004969,0.004777,-0.015056,0.102457,0.035192,-1.007195
347,0.15453,-0.024569,0.307686,-0.043381,-0.363292,-0.930689,0.026388,-0.931642,0.362377,-0.998668,-0.008393,0.051163,4.7e-05,-0.010278,0.009171,-0.02123,0.069529,0.015483,-1.917555,-0.134801,-0.025232,0.292305,0.088898,-0.740019,0.666679,0.918951,0.319004,0.231732,-0.384276,0.592957,0.707529,-0.035843,0.032683,-0.108579,0.053225,0.164045,0.51309,-1.410398,0.059227,0.029308,-0.022525,-0.035292,0.781184,0.623302,-0.91886,-0.270628,0.287151,0.393001,-0.562594,0.72735,-0.017112,0.010077,-0.051069,0.061098,0.064056,0.643944,-0.937086,0.076324,0.030023,-0.063921,0.137183,0.323449,-0.936248,-0.114896,0.944,0.309292,0.983859,0.065141,0.166664,2.1e-05,-0.005143,0.004582,-0.04304,0.019187,-0.014771,-1.007685
348,0.154576,-0.024637,0.307765,-0.051033,-0.359311,-0.931845,0.027823,-0.933195,0.358251,-0.998258,-0.007204,0.058784,3.6e-05,0.000323,0.000365,0.025713,0.100244,0.059933,-1.917646,-0.135966,-0.024593,0.288807,0.060149,-0.739761,0.670169,0.919976,0.301474,0.250381,-0.387341,0.602392,0.697821,-0.017375,0.008201,-0.076249,-0.027942,0.126682,0.448844,-1.410157,0.05864,0.029626,-0.024301,-0.006734,0.78022,0.625468,-0.918709,-0.251822,0.304236,0.394878,-0.572574,0.718491,-0.016272,0.00356,-0.037611,-0.009929,0.039349,0.621563,-0.950312,0.076347,0.02999,-0.063882,0.144855,0.319961,-0.936291,-0.115843,0.945248,0.3051,0.982647,0.064268,0.173988,1.8e-05,0.000176,0.000201,0.021121,0.097305,0.058144,-1.010298
349,0.154599,-0.024622,0.307751,-0.051066,-0.359364,-0.931823,0.027877,-0.933175,0.358301,-0.998255,-0.007239,0.058834,0.0,4e-06,5e-06,0.00032,0.001246,0.000745,-1.917369,-0.136332,-0.024463,0.287485,0.050652,-0.73747,0.673471,0.921157,0.294914,0.253829,-0.385876,0.608425,0.693384,-0.001454,0.005555,-0.059949,0.025937,-0.024319,0.394546,-1.410188,0.058457,0.029683,-0.024955,0.002679,0.777516,0.628856,-0.919515,-0.245256,0.30715,0.393045,-0.579066,0.714281,-0.008349,0.002468,-0.029169,0.068037,-0.081703,0.534599,-0.950475,0.076358,0.029993,-0.063885,0.144779,0.320083,-0.936261,-0.115766,0.945211,0.305242,0.982668,0.064195,0.173901,0.007505,-0.000378,-0.000453,-0.004772,-0.029047,0.020984,-1.010625
350,0.1546,-0.024566,0.307721,-0.050923,-0.359151,-0.931913,0.028029,-0.933255,0.35808,-0.998258,-0.007446,0.058753,4.9e-05,0.011134,-0.008205,0.035535,-0.013724,0.017901,-1.917797,-0.136643,-0.024636,0.286217,0.046297,-0.731549,0.680209,0.925034,0.288289,0.247257,-0.37704,0.618671,0.689167,0.00119,-0.013109,-0.016956,1.021988,1.860796,-1.573855,-1.409684,0.058296,0.029598,-0.025637,0.007942,0.773997,0.633139,-0.923287,-0.237482,0.301897,0.384027,-0.586967,0.712735,0.000556,-0.005782,-0.007471,0.027366,-0.219922,0.310091,-0.95766,0.076359,0.030021,-0.063901,0.144498,0.319936,-0.936354,-0.115868,0.945247,0.305094,0.982697,0.064408,0.173656,-1e-06,-1.2e-05,-1.4e-05,0.000362,-0.000466,-0.000258,-1.01634
351,0.154587,-0.024568,0.307702,-0.050871,-0.359074,-0.931946,0.028054,-0.933284,0.358002,-0.99826,-0.007492,0.058713,-1.9e-05,-0.000168,-0.00019,0.0,0.0,0.0,-1.91757,-0.136591,-0.025523,0.286341,0.047687,-0.72969,0.682107,0.926596,0.287203,0.242627,-0.373011,0.621367,0.688934,0.002869,-0.024515,0.013239,0.103097,-0.304505,-0.022543,-1.40924,0.058323,0.02916,-0.025584,0.006331,0.770381,0.637551,-0.925238,-0.237342,0.295978,0.379334,-0.591761,0.711283,0.002074,-0.017453,0.01114,0.171382,-0.33046,-0.283809,-0.963049,0.076353,0.030023,-0.063913,0.144437,0.319846,-0.936395,-0.115923,0.945271,0.304997,0.982699,0.064497,0.17361,-1e-05,-0.000104,-0.000119,0.000338,-0.000119,-3e-05,-1.016993
352,0.154599,-0.024569,0.307701,-0.050787,-0.358934,-0.932004,0.02805,-0.933338,0.357862,-0.998264,-0.007528,0.058632,2.6e-05,0.000227,0.000257,0.0,0.0,0.0,-1.917916,-0.136237,-0.026797,0.287613,0.062282,-0.727626,0.683135,0.928148,0.293756,0.228436,-0.366974,0.620719,0.692749,0.019987,-0.035498,0.041655,0.085425,-0.213488,-0.415165,-1.409257,0.058493,0.028531,-0.024953,-0.008481,0.769285,0.638849,-0.927759,-0.244414,0.282001,0.373082,-0.590307,0.715784,0.002262,-0.017963,0.021733,0.195867,-0.429709,-0.349304,-0.964682,0.076358,0.030022,-0.063915,0.144364,0.319701,-0.936456,-0.115918,0.945317,0.304856,0.982711,0.064542,0.173528,1.8e-05,0.000155,0.000177,0.000217,-7.7e-05,-5e-06,-1.017646
353,0.154609,-0.024575,0.307694,-0.050787,-0.358931,-0.932006,0.02805,-0.933339,0.357859,-0.998264,-0.007528,0.058633,-6.8e-05,-0.000604,-0.000682,0.0,0.0,0.0,-1.917604,-0.135985,-0.027507,0.288525,0.069427,-0.729608,0.680326,0.928401,0.296671,0.223588,-0.365058,0.616991,0.697078,0.004383,-0.033982,0.045965,-0.051403,-0.031402,-0.292952,-1.409057,0.058625,0.028179,-0.024495,-0.016802,0.771852,0.635579,-0.928585,-0.247745,0.276316,0.370737,-0.585547,0.720893,0.002825,-0.022453,0.027159,-0.12502,-0.075238,-0.154044,-0.963539,0.076364,0.030021,-0.063916,0.144363,0.319697,-0.936457,-0.115921,0.945318,0.304852,0.98271,0.064546,0.173528,-4.5e-05,-0.000406,-0.000459,0.000173,-5.2e-05,-6e-05,-1.016993
354,0.154674,-0.024602,0.307664,-0.048175,-0.360121,-0.931685,0.027487,-0.932877,0.359104,-0.998413,-0.007868,0.056003,-5.4e-05,-0.000479,-0.000541,-0.011085,-0.043352,-0.025933,-1.917223,-0.135568,-0.028843,0.2905,0.087057,-0.731245,0.67653,0.929821,0.303268,0.208315,-0.357615,0.611817,0.705445,0.01944,-0.029296,0.049557,0.157198,-0.415017,-0.273372,-1.409246,0.058827,0.027516,-0.023499,-0.033358,0.773196,0.633287,-0.930448,-0.25537,0.262776,0.364901,-0.580476,0.727938,0.002008,-0.015337,0.025072,0.299097,-0.57758,-0.400134,-0.964682,0.076396,0.030007,-0.063932,0.141408,0.320886,-0.936501,-0.115384,0.944902,0.306342,0.983203,0.064738,0.170641,-3.4e-05,-0.000293,-0.000333,-0.002083,-0.026908,-0.016058,-1.017973
355,0.154727,-0.024633,0.307628,-0.048177,-0.360104,-0.931691,0.027487,-0.932884,0.359087,-0.998413,-0.007868,0.056004,-3e-05,-0.000265,-0.0003,-2e-06,-9e-06,-6e-06,-1.917531,-0.135227,-0.029837,0.292262,0.099134,-0.728563,0.677761,0.930405,0.309276,0.196539,-0.352937,0.612007,0.707634,0.018214,-0.019384,0.039812,-0.008391,-0.1502,-0.067093,-1.409451,0.058998,0.027023,-0.022605,-0.046606,0.771473,0.634552,-0.9319,-0.262329,0.250488,0.359707,-0.579665,0.731162,0.001425,-0.010699,0.019794,-0.024121,-0.117849,-0.120829,-0.971867,0.076422,0.02999,-0.063952,0.141661,0.320748,-0.93651,-0.115504,0.944945,0.306165,0.983153,0.064799,0.17091,-1.2e-05,-0.00011,-0.000126,0.000478,0.001171,0.000702,-1.017646
356,0.154727,-0.024639,0.307621,-0.048187,-0.360121,-0.931684,0.027488,-0.932877,0.359104,-0.998412,-0.007864,0.056014,-6e-06,-4.9e-05,-5.5e-05,-0.0,-0.0,-0.0,-1.917571,-0.135054,-0.030165,0.292977,0.102314,-0.728486,0.677371,0.929975,0.311633,0.194849,-0.353171,0.610899,0.708474,0.016942,-0.009051,0.030657,-0.070929,0.07392,-0.164879,-1.409436,0.059085,0.026857,-0.022242,-0.049862,0.771602,0.634148,-0.93159,-0.26484,0.248996,0.360073,-0.57835,0.732022,0.001416,-0.010588,0.019918,-0.14645,0.122689,-0.168038,-0.976112,0.076422,0.029987,-0.063955,0.14168,0.320762,-0.936502,-0.115509,0.94494,0.306177,0.983149,0.064795,0.17093,1e-06,1e-06,1e-06,5e-05,0.000174,0.000139,-1.018462
357,0.154705,-0.024643,0.307648,-0.048133,-0.360034,-0.931721,0.027433,-0.932911,0.35902,-0.998416,-0.007838,0.055943,5.3e-05,0.000471,0.000533,-0.0,-0.0,-0.0,-1.917519,-0.134915,-0.030474,0.293905,0.110156,-0.725841,0.678979,0.929745,0.316612,0.187793,-0.351426,0.611484,0.708837,0.000725,-0.004535,0.01646,-0.033492,-0.008099,0.004253,-1.409413,0.059159,0.026707,-0.021765,-0.057588,0.769155,0.636461,-0.931708,-0.270409,0.242483,0.358612,-0.579032,0.732201,0.000374,-0.002577,0.007835,-0.061209,0.11037,-0.156206,-0.974153,0.076411,0.029985,-0.063941,0.141636,0.320669,-0.936541,-0.115446,0.944974,0.306097,0.983163,0.064766,0.170862,3.1e-05,0.000268,0.000301,-1.9e-05,2.6e-05,-1.5e-05,-1.018625
358,0.154706,-0.024654,0.307667,-0.047995,-0.359802,-0.931817,0.027376,-0.933,0.358792,-0.998425,-0.007848,0.055791,0.0,1e-06,2e-06,-0.0,-0.0,-0.0,-1.917671,-0.134867,-0.030352,0.2942,0.112264,-0.723825,0.680783,0.929253,0.319029,0.18613,-0.352062,0.612615,0.707544,-0.001688,0.014734,-0.003544,0.038389,-0.023115,0.043984,-1.409175,0.059184,0.026765,-0.021613,-0.059531,0.767276,0.638546,-0.931324,-0.272932,0.241127,0.359291,-0.580339,0.730831,-0.000829,0.007139,-0.002062,0.038714,-0.022592,0.04485,-0.97105,0.076412,0.029981,-0.063931,0.141523,0.320426,-0.936641,-0.115365,0.945056,0.305874,0.983189,0.064768,0.170713,0.0,-7e-06,-1e-05,-7e-06,9e-06,2e-06,-1.018626
359,0.154716,-0.024691,0.307672,-0.047962,-0.359735,-0.931845,0.027296,-0.933027,0.358729,-0.998429,-0.007789,0.055731,-0.000137,-0.001215,-0.001375,-0.000696,0.014923,-0.024646,-1.917528,-0.13489,-0.030248,0.294167,0.112933,-0.723155,0.681384,0.929212,0.3196,0.185353,-0.351958,0.613108,0.707169,-0.001384,0.011516,-0.007613,0.036433,-0.008196,0.019407,-1.409128,0.059172,0.026815,-0.021624,-0.060195,0.766661,0.639222,-0.931327,-0.273562,0.240399,0.359172,-0.580855,0.73048,-2e-06,-1.1e-05,-1.5e-05,-0.013056,0.103241,-0.168953,-0.97056,0.076417,0.029965,-0.063925,0.141488,0.320338,-0.936677,-0.115278,0.94509,0.305802,0.983204,0.064711,0.170646,-2e-06,-3.3e-05,-3.9e-05,-1e-05,-6e-06,3.3e-05,-1.018789
360,0.154737,-0.024823,0.307756,-0.050619,-0.358534,-0.932167,0.027465,-0.933495,0.357497,-0.99829,-0.007067,0.058263,-4.9e-05,-0.01115,0.008187,-0.033962,0.019872,-0.014227,-1.917652,-0.134953,-0.030032,0.293897,0.113011,-0.723,0.681536,0.929494,0.319187,0.184647,-0.351186,0.613507,0.707207,0.000283,-0.003004,-0.0038,-0.001959,0.014951,-0.024556,-1.409257,0.05914,0.026927,-0.021761,-0.060228,0.766539,0.639366,-0.931643,-0.273117,0.239681,0.358347,-0.581226,0.73059,-0.000544,0.004217,-0.005754,0.036776,-0.00808,0.019795,-0.967131,0.076427,0.0299,-0.06389,0.144439,0.319171,-0.936625,-0.115409,0.945524,0.304406,0.982759,0.064127,0.173405,-2e-06,-3e-06,-5e-06,-0.007494,-0.014393,-0.008614,-1.018952
361,0.154779,-0.025223,0.308037,-0.061058,-0.353466,-0.933477,0.028447,-0.935442,0.352293,-0.997665,-0.004611,0.068336,-8.9e-05,-0.022238,0.016449,0.070981,0.582696,0.294962,-1.917856,-0.13504,-0.029914,0.293491,0.111047,-0.721983,0.682936,0.929411,0.318677,0.185941,-0.352028,0.614969,0.705516,0.000459,-0.004879,-0.006183,-0.044872,0.075263,0.015719,-1.409348,0.059096,0.026984,-0.021967,-0.058154,0.765467,0.64084,-0.931431,-0.272599,0.24109,0.359239,-0.582879,0.728833,-0.008099,0.002304,-0.00701,-0.005002,0.067296,0.032824,-0.968601,0.076449,0.029696,-0.063746,0.153315,0.315539,-0.936445,-0.115599,0.946869,0.300125,0.981392,0.062238,0.181646,-4.6e-05,-0.01111,0.008233,0.04842,0.530977,0.264161,-1.018952
362,0.154861,-0.026068,0.308579,-0.079277,-0.344397,-0.935495,0.029675,-0.938832,0.343053,-0.996325,-0.000143,0.085815,0.014774,-0.024615,0.013711,0.086409,0.622914,0.355107,-1.918035,-0.135189,-0.02988,0.293022,0.106379,-0.721684,0.683994,0.928628,0.317883,0.191141,-0.355513,0.615731,0.7031,-0.000809,0.005413,-0.015363,-0.222537,0.368182,0.236641,-1.409492,0.059022,0.026995,-0.022201,-0.05519,0.765805,0.6407,-0.930839,-0.271613,0.244466,0.361236,-0.582896,0.727831,-0.000406,0.002808,-0.007547,-0.256413,0.420458,0.273064,-0.970397,0.076484,0.029285,-0.063478,0.17271,0.307081,-0.93588,-0.116182,0.949877,0.290233,0.978096,0.058607,0.199731,-0.000184,-0.01768,0.01121,0.141561,0.821037,0.605225,-1.015523
363,0.154921,-0.02673,0.308968,-0.096639,-0.335629,-0.937048,0.02524,-0.941961,0.334729,-0.994892,0.009108,0.10067,0.014554,-0.037464,0.019988,0.091613,0.81295,0.406102,-1.918189,-0.135217,-0.029869,0.292806,0.104707,-0.725152,0.680576,0.928226,0.31678,0.194889,-0.357054,0.612215,0.705385,-0.000836,0.005702,-0.015004,-0.072705,-0.159825,0.145554,-1.409597,0.059009,0.026999,-0.022311,-0.051747,0.768134,0.638194,-0.929851,-0.270163,0.249775,0.364277,-0.580501,0.72823,0.000241,-0.002537,-0.003226,-0.368164,-0.631446,0.511762,-0.971867,0.076515,0.028961,-0.063283,0.190554,0.29918,-0.934975,-0.111034,0.952884,0.282282,0.975376,0.050024,0.214795,-0.000234,-0.018138,0.010699,0.190168,1.109595,0.575885,-1.015687
364,0.15512,-0.028425,0.309859,-0.139466,-0.310992,-0.940148,0.028318,-0.950273,0.310084,-0.989661,0.017003,0.142511,0.014225,-0.051634,0.024776,0.24061,1.432923,0.966923,-1.918088,-0.135387,-0.029853,0.292317,0.101093,-0.727616,0.678489,0.927563,0.315401,0.200203,-0.3598,0.609999,0.705909,-0.000774,0.005024,-0.015888,-0.068869,-0.164482,0.142808,-1.409497,0.058923,0.027007,-0.022556,-0.048216,0.770378,0.63576,-0.928968,-0.268456,0.254848,0.367003,-0.578314,0.728601,-0.007379,-0.003882,-0.003776,-0.373787,-0.625947,0.510832,-0.976112,0.07662,0.028101,-0.062828,0.23387,0.277231,-0.931904,-0.111543,0.959808,0.257539,0.965847,0.043717,0.255394,0.007084,-0.026001,0.012176,0.244114,1.453178,0.978788,-1.035118
365,0.155488,-0.030698,0.310954,-0.194384,-0.279719,-0.940222,0.024701,-0.959576,0.280313,-0.980386,0.031605,0.194608,0.014126,-0.064099,0.031493,0.17517,1.451997,0.710371,-1.917865,-0.135712,-0.029738,0.291606,0.093866,-0.726879,0.680315,0.926599,0.313594,0.20738,-0.364206,0.611809,0.702073,-0.017256,0.012312,-0.026577,0.036851,0.058596,0.015202,-1.409538,0.058767,0.027064,-0.022905,-0.040664,0.76951,0.637338,-0.92752,-0.266269,0.26231,0.371554,-0.580477,0.724564,-0.007928,0.000382,-0.009502,0.028793,0.046002,-0.018476,-0.973336,0.076793,0.027011,-0.062306,0.28912,0.249439,-0.924223,-0.105092,0.96789,0.22835,0.951506,0.031108,0.30605,0.007014,-0.032355,0.015393,0.191699,1.479737,0.726131,-1.060591
366,0.155751,-0.03188,0.311503,-0.223731,-0.262493,-0.938663,0.019504,-0.964066,0.264892,-0.97419,0.041276,0.221982,0.014135,-0.064497,0.031037,0.18754,1.380432,0.892485,-1.917949,-0.135927,-0.029634,0.291149,0.086724,-0.726045,0.68215,0.925399,0.312162,0.214769,-0.368988,0.61353,0.698063,-0.001771,0.01241,-0.02883,-0.274797,0.494032,0.315879,-1.409227,0.058653,0.027117,-0.02313,-0.035483,0.76934,0.637852,-0.926441,-0.264667,0.267689,0.374762,-0.581435,0.72214,-0.008574,0.005663,-0.013926,0.06339,0.039255,0.008763,-0.971867,0.076935,0.02637,-0.06201,0.321447,0.23259,-0.917917,-0.098215,0.972325,0.211982,0.941819,0.022012,0.335395,0.007044,-0.032349,0.0154,0.221578,1.472498,0.943407,-1.071368
