     0.10872600     -0.01321000      0.34700300      0.67608000     -0.02370900     -0.73647800      0.29497700      0.92461000      0.24094900      0.67440600     -0.38011000      0.63302500      0.00000700      0.00003000      0.00002700     -0.00000000     -0.00000000     -0.00000000     -0.03922200     -0.22694000     -0.01517100      0.32105500      0.42798300      0.26773200      0.86321600     -0.72324900      0.67413200      0.14963400     -0.54237100     -0.68869000      0.48104200      0.00008300      0.00045400      0.00046000      0.00000000      0.00000000      0.00000000      0.08450200      0.01639000      0.04012500     -0.03381600     -0.40263800     -0.33861600      0.85042300      0.80969200     -0.56508600      0.15835000      0.42694300      0.75233900      0.50170000      0.00005100      0.00028600      0.00028900     -0.01087300      0.10250700     -0.17008000     -0.05953600      0.06873500      0.04590900     -0.05267400     -0.61464200     -0.02972600     -0.78824500     -0.27072200     -0.93064300      0.24619400     -0.74089400      0.36471700      0.56396500     -0.00036900     -0.00552700      0.00421700     -0.03416500      0.01589700     -0.01741000     -0.26755600
     0.10861000     -0.01327900      0.34693900      0.67766400     -0.02652900     -0.73492400      0.29990900      0.92243900      0.24317200      0.67063300     -0.38516100      0.63397900     -0.00064500     -0.00261100     -0.00234400     -0.00000000      0.00000000      0.00000000     -0.03878500     -0.22695100     -0.01522900      0.32109900      0.42799200      0.26771100      0.86321800     -0.72333900      0.67401100      0.14974000     -0.54224400     -0.68881600      0.48100600     -0.00016100     -0.00088200     -0.00089500      0.00000000      0.00000000      0.00000000      0.08438400      0.01638600      0.04009900     -0.03379100     -0.40265000     -0.33859700      0.85042600      0.80976100     -0.56495600      0.15845900      0.42680000      0.75244600      0.50166200     -0.00011800     -0.00064100     -0.00065300      0.00931300     -0.08759800      0.14542200     -0.05986200      0.06867700      0.04587300     -0.05270800     -0.61638800     -0.02685500     -0.78698400     -0.27597500     -0.92866100      0.24784100     -0.73749700      0.36995400      0.56500400     -0.00746400     -0.00060100     -0.00072900     -0.00083300      0.02774100     -0.05517400     -0.26543300
     0.10833200     -0.01335400      0.34689300      0.67958300     -0.02899600     -0.73305700      0.30450700      0.92022700      0.24582300      0.66661000     -0.39023700      0.63511700     -0.00067500     -0.00272100     -0.00244500     -0.00069700      0.01362900     -0.02538400     -0.03872000     -0.22693900     -0.01528800      0.32114200      0.42791100      0.26770900      0.86325900     -0.72346800      0.67386500      0.14977600     -0.54213500     -0.68896000      0.48092200     -0.00000000     -0.00000000     -0.00000000      0.00000000      0.00000000      0.00000000      0.08462200      0.01639100      0.04006600     -0.03377400     -0.40257100     -0.33858300      0.85046800      0.80986600     -0.56479400      0.15850000      0.42667400      0.75257400      0.50157700     -0.00000200     -0.00000600     -0.00000700      0.00000500      0.00002200     -0.00002400     -0.06018900      0.06853700      0.04583300     -0.05273300     -0.61855600     -0.02443000     -0.78536000     -0.28086800     -0.92660300      0.25003800     -0.73382600      0.37524500      0.56629400     -0.00726700      0.00020300     -0.00000400      0.00026900      0.01341900     -0.02867500     -0.26575900
     0.10821800     -0.01337000      0.34687600      0.67961300     -0.02895400     -0.73303000      0.30447300      0.92022700      0.24586500      0.66659500     -0.39023900      0.63513100     -0.00041300     -0.00166100     -0.00149400     -0.00000000      0.00000000     -0.00000000     -0.03920500     -0.22692800     -0.01531400      0.32115900      0.42788900      0.26770400      0.86327100     -0.72351800      0.67380600      0.14980100     -0.54208700     -0.68901900      0.48089100     -0.00000000     -0.00000000     -0.00000000      0.00000000      0.00000000      0.00000000      0.08436300      0.01639600      0.04005300     -0.03376500     -0.40255100     -0.33857500      0.85048100      0.80990600     -0.56472900      0.15852800      0.42661800      0.75262600      0.50154700     -0.00000200     -0.00000200     -0.00000700      0.00000300      0.00002000     -0.00002700     -0.06002600      0.06847900      0.04582200     -0.05274400     -0.61859000     -0.02448900     -0.78533200     -0.28081400     -0.92660600      0.25008600     -0.73381800      0.37523300      0.56631200     -0.00730500      0.00005100     -0.00014000     -0.00038600      0.01440000     -0.02976100     -0.26478000
     0.10810300     -0.01336700      0.34682000      0.68473700     -0.02941100     -0.72822800      0.30807000      0.91721300      0.25255600      0.65966500     -0.39723800      0.63802100     -0.00017400     -0.00070000     -0.00063000     -1.12239600      1.62939000     -1.92753500     -0.04271400     -0.22692700     -0.01532400      0.32117700      0.42787900      0.26770000      0.86327700     -0.72354900      0.67376800      0.14982200     -0.54205300     -0.68905800      0.48087400      0.00000000      0.00000300      0.00000300      0.00000000      0.00000000      0.00000000      0.08410300      0.01639700      0.04004800     -0.03375600     -0.40254100     -0.33857100      0.85048700      0.80993100     -0.56468800      0.15854900      0.42658000      0.75265900      0.50152900     -0.00000200     -0.00000400     -0.00000800     -0.00000200      0.00001100     -0.00001600     -0.06018900      0.06842100      0.04582200     -0.05277300     -0.62226100     -0.02291900     -0.78247300     -0.28547900     -0.92408700      0.25409400     -0.72889800      0.38149200      0.56848000     -0.00011600     -0.00046800     -0.00042000      0.00184500     -0.00247900      0.00259000     -0.26412600
     0.10814700     -0.01336700      0.34682100      0.68841300     -0.02690500     -0.72485100      0.30671400      0.91637500      0.25720900      0.65646300     -0.39934900      0.64000300      0.00025400      0.00102300      0.00092000     -0.00000000      0.00000000     -0.00000000     -0.06242000     -0.22691600     -0.01531700      0.32117000      0.42791600      0.26769300      0.86326100     -0.72351900      0.67379700      0.14983800     -0.54206400     -0.68903300      0.48089800      0.00000000      0.00000000      0.00000000      0.00000000      0.00000000      0.00000000      0.08366300      0.01640200      0.04005100     -0.03375900     -0.40257900     -0.33856800      0.85047000      0.80990500     -0.56472100      0.15856400      0.42659400      0.75263500      0.50155300     -0.00000200     -0.00000200     -0.00000700     -0.00000800      0.00002600     -0.00002600     -0.06051600      0.06844300      0.04582000     -0.05277400     -0.62794800     -0.02676500     -0.77779400     -0.28411100     -0.92254800      0.26112200     -0.72454200      0.38495100      0.57170800      0.00015200      0.00061300      0.00055300      0.00221100     -0.00326700      0.00384600     -0.27359700
     0.10826800     -0.01336600      0.34682600      0.68804700     -0.02730400     -0.72518300      0.30709000      0.91636600      0.25678900      0.65667100     -0.39934100      0.63979500      0.00003600      0.00014500      0.00013100     -0.00000000      0.00000000     -0.00000000     -0.07557300     -0.22690500     -0.01530900      0.32116300      0.42795200      0.26768500      0.86324500     -0.72348900      0.67382600      0.14985300     -0.54207600     -0.68900700      0.48092100      0.00000000      0.00000000      0.00000000      0.00000000      0.00000000      0.00000000      0.08272500      0.01640800      0.04005500     -0.03376300     -0.40261600     -0.33856500      0.85045400      0.80987800     -0.56475500      0.15857900      0.42660900      0.75261200      0.50157600     -0.00000300      0.00000000     -0.00000700     -0.00000300     -0.00000200     -0.00003100     -0.06133200      0.06850400      0.04582400     -0.05276900     -0.62754300     -0.02634200     -0.77813500     -0.28445200     -0.92258000      0.26063500     -0.72475800      0.38490200      0.57146600      0.00002100      0.00008000      0.00007000      0.00024300     -0.00012700     -0.00006200     -0.28600700
     0.10834000     -0.01337400      0.34679300      0.68769000     -0.02767900     -0.72550800      0.30741500      0.91637800      0.25635700      0.65689300     -0.39928600      0.63960100     -0.00033400     -0.00134500     -0.00121000      0.00000000      0.00000000      0.00000000     -0.08722000     -0.22689500     -0.01531000      0.32116200      0.42797400      0.26767800      0.86323700     -0.72347800      0.67383300      0.14987100     -0.54207200     -0.68900300      0.48093100      0.00000000      0.00000000      0.00000000      0.00000000      0.00000000      0.00000000      0.08242700      0.01641300      0.04005500     -0.03376400     -0.40263900     -0.33856100      0.85044500      0.80986900     -0.56476300      0.15859600      0.42660600      0.75260700      0.50158600     -0.00000300      0.00000000     -0.00000600     -0.00000800      0.00000200     -0.00002300     -0.06149500      0.06854100      0.04582300     -0.05278300     -0.62717800     -0.02596300     -0.77844200     -0.28473600     -0.92262200      0.26017800     -0.72496300      0.38482900      0.57125600      0.00685300     -0.00187400     -0.00149800      0.00047200     -0.00114300      0.00407700     -0.29058000
     0.10851000     -0.01348600      0.34669700      0.68681800     -0.02862100     -0.72629700      0.30830600      0.91635600      0.25536400      0.65738800     -0.39926900      0.63910300     -0.00085000     -0.00343300     -0.00309000     -0.00069600      0.01363300     -0.02538200     -0.12718300     -0.22684000     -0.01531400      0.32115600      0.42808400      0.26764400      0.86319300     -0.72342700      0.67386700      0.14996200     -0.54205300     -0.68898300      0.48098200      0.00000000      0.00000000      0.00000000      0.00000000      0.00000000      0.00000000      0.08306600      0.01644000      0.04005300     -0.03376700     -0.40275200     -0.33854200      0.85039900      0.80982200     -0.56480600      0.15868600      0.42658900      0.75258300      0.50163600     -0.00000300      0.00000100     -0.00000800     -0.00000100     -0.00000800     -0.00003200     -0.06165900      0.06862600      0.04576900     -0.05282900     -0.62627600     -0.02499200     -0.77919900     -0.28554900     -0.92267400      0.25910100     -0.72542300      0.38476900      0.57071200     -0.00033800     -0.00136500     -0.00123200      0.00011700     -0.00003800     -0.00008600     -0.31425600
     0.10871400     -0.01364400      0.34657400      0.68578900     -0.02973800     -0.72722400      0.30937500      0.91631800      0.25420400      0.65796000     -0.39927300      0.63851100     -0.00057700     -0.00233500     -0.00210400      0.00000000      0.00000000      0.00000000     -0.16179200     -0.22680700     -0.01531000      0.32115800      0.42817000      0.26761800      0.86315800     -0.72338800      0.67389400      0.15003200     -0.54203800     -0.68896700      0.48102200      0.00000600      0.00003400      0.00003500      0.00000000      0.00000000      0.00000000      0.07418400      0.01645700      0.04005500     -0.03376500     -0.40283900     -0.33852900      0.85036300      0.80978500     -0.56483900      0.15875500      0.42657500      0.75256400      0.50167500      0.00000100      0.00001500      0.00001100     -0.00001000     -0.00000300     -0.00001100     -0.06606700      0.06872700      0.04568500     -0.05289500     -0.62524100     -0.02386900     -0.78006600     -0.28650500     -0.92272100      0.25787400     -0.72593900      0.38472700      0.57008400      0.00671300     -0.00246700     -0.00203700      0.00107800     -0.01473300      0.02949700     -0.34022000
     0.10882200     -0.01367600      0.34650700      0.68550000     -0.03003800     -0.72748400      0.30961000      0.91634200      0.25383300      0.65815100     -0.39919700      0.63836200     -0.00046100     -0.00186800     -0.00168400      0.00000000      0.00000000      0.00000000     -0.18194900     -0.22679600     -0.01531100      0.32115700      0.42819200      0.26761100      0.86314900     -0.72337800      0.67390100      0.15005100     -0.54203400     -0.68896300      0.48103200      0.00000000      0.00000100      0.00000100      0.00000000      0.00000000      0.00000000      0.07045000      0.01646200      0.04005400     -0.03376600     -0.40286200     -0.33852500      0.85035300      0.80977600     -0.56484800      0.15877300      0.42657200      0.75256000      0.50168600     -0.00000200     -0.00000400     -0.00001100     -0.00001000      0.00003100     -0.00002600     -0.07047600      0.06878100      0.04566800     -0.05292900     -0.62494500     -0.02356500     -0.78031200     -0.28670600     -0.92276700      0.25748700     -0.72611400      0.38463600      0.56992200      0.00681300     -0.00206500     -0.00167900      0.00037000     -0.00110100      0.00413800     -0.35361000
     0.10909300     -0.01363700      0.34642400      0.68672600     -0.02940100     -0.72635300      0.30937500      0.91600100      0.25534600      0.65698200     -0.40002700      0.63904600      0.00010000      0.00040700      0.00036700     -0.00000000      0.00000000     -0.00000000     -0.22203000     -0.22680700     -0.01529300      0.32114600      0.42819900      0.26761700      0.86314400     -0.72334800      0.67393800      0.15002700     -0.54206800     -0.68892400      0.48104900      0.00000000      0.00000000      0.00000000      0.00000000      0.00000000      0.00000000      0.06922100      0.01645700      0.04006300     -0.03377100     -0.40286900     -0.33853100      0.85034800      0.80975200     -0.56488800      0.15874800      0.42661100      0.75252600      0.50170200     -0.00000200     -0.00000100     -0.00000700     -0.00001000      0.00000500     -0.00003000     -0.07602800      0.06891600      0.04568600     -0.05297200     -0.62623400     -0.02423400     -0.77925700     -0.28660600     -0.92237200      0.25900900     -0.72504200      0.38554000      0.57067600      0.00745200      0.00459100     -0.00488200      0.03645000     -0.03144500      0.04706200     -0.38300200
     0.10933000     -0.01363500      0.34639100      0.68590300     -0.03413600     -0.72692300      0.31538000      0.91416300      0.25458200      0.65498700     -0.40382800      0.63870300      0.00000200      0.00000800      0.00000700     -0.00000000      0.00000000      0.00000000     -0.27412000     -0.22682100     -0.01530300      0.32112200      0.42813400      0.26763700      0.86317000     -0.72336400      0.67393600      0.14996000     -0.54209800     -0.68891900      0.48102300     -0.00011400     -0.00062700     -0.00063600      0.00000000      0.00000000      0.00000000      0.07095400      0.01645000      0.04005900     -0.03378300     -0.40280100     -0.33854300      0.85037500      0.80976900     -0.56488200      0.15868100      0.42664200      0.75252600      0.50167700     -0.00007400     -0.00040500     -0.00041300     -0.00002500     -0.00000800      0.00001100     -0.07651800      0.06903500      0.04568900     -0.05298700     -0.62557900     -0.01946500     -0.77991700     -0.29262500     -0.92084700      0.25769900     -0.72320100      0.38943500      0.57036800      0.00706400     -0.00103600     -0.00075400      0.00112300     -0.01476600      0.02937000     -0.41778300
     0.10943700     -0.01365200      0.34639200      0.68693500     -0.04143300     -0.72556900      0.32589300      0.90992900      0.25650600      0.64873800     -0.41260400      0.63947200      0.00019300      0.00079000      0.00071200     -0.11739000      0.05142200      0.07978300     -0.29814900     -0.22682300     -0.01531500      0.32111000      0.42809500      0.26764700      0.86318700     -0.72338200      0.67392400      0.14993000     -0.54210600     -0.68892600      0.48100300     -0.00009600     -0.00052700     -0.00053500      0.00000000      0.00000000      0.00000000      0.07336400      0.01644900      0.04005300     -0.03378900     -0.40276100     -0.33854700      0.85039200      0.80978500     -0.56486800      0.15865100      0.42664900      0.75253500      0.50165800     -0.00005900     -0.00032700     -0.00033200     -0.00002100      0.00000500      0.00000500     -0.07537500      0.06908900      0.04567900     -0.05298800     -0.62708300     -0.01228900     -0.77885500     -0.30331800     -0.91710500      0.25868100     -0.71747100      0.39845500      0.57137400      0.00719200     -0.00050600     -0.00027900     -0.39208800      0.15782900      0.30097700     -0.43656100
     0.10964700     -0.01364200      0.34639200      0.68531100     -0.05813900     -0.72595700      0.34777400      0.90193700      0.25599700      0.63903700     -0.42782900      0.63923500      0.00018300      0.00075000      0.00067500     -0.10832700      0.03820000      0.09538600     -0.34570600     -0.22683700     -0.01534900      0.32110500      0.42798600      0.26766900      0.86323400     -0.72345700      0.67385600      0.14987000     -0.54209200     -0.68898400      0.48093700     -0.00001300     -0.00007100     -0.00007300      0.00000000      0.00000000      0.00000000      0.07523500      0.01644100      0.04003400     -0.03379300     -0.40265100     -0.33855500      0.85044200      0.80985200     -0.56478900      0.15859400      0.42662700      0.75259100      0.50159200     -0.00000300     -0.00001600     -0.00001800     -0.00001500      0.00000400      0.00000200     -0.07276200      0.06919400      0.04568500     -0.05298600     -0.62616400      0.00453800     -0.77967700     -0.32550300     -0.91019300      0.25611600     -0.70849500      0.41415800      0.57140700      0.00011100      0.00047100      0.00041500     -0.36263600      0.12846400      0.32256900     -0.47297500
     0.10988700     -0.01366800      0.34641600      0.68599400     -0.08087100     -0.72313000      0.37884700      0.88817300      0.25998900      0.62039100     -0.45220200      0.64082400      0.00010600      0.00043400      0.00039100     -1.19979300      0.43136600      1.06323300     -0.39032200     -0.22685900     -0.01535600      0.32111300      0.42792700      0.26768400      0.86325800     -0.72349800      0.67382000      0.14983600     -0.54208400     -0.68901300      0.48090300     -0.00000000     -0.00000000     -0.00000000      0.00000000      0.00000000      0.00000000      0.07537400      0.01643100      0.04003100     -0.03378800     -0.40259000     -0.33856100      0.85046800      0.80988700     -0.56474700      0.15856200      0.42661600      0.75261900      0.50155800     -0.00723300      0.00053000      0.00078800     -0.00206200      0.01518800     -0.02923100     -0.07178300      0.06931400      0.04567300     -0.05297300     -0.62813900      0.02708100     -0.77762900     -0.35712700     -0.89794500      0.25720300     -0.69130300      0.43927200      0.57370600      0.00005200      0.00019600      0.00018000     -1.20385100      0.43507600      1.08435900     -0.50742900
     0.11028700     -0.01370200      0.34642200      0.68455400     -0.10073200     -0.72200000      0.40492400      0.87610800      0.26161700      0.60535000     -0.47131700      0.64143400      0.00025700      0.00106000      0.00095500     -0.03232000      0.01171100      0.02871400     -0.45611000     -0.22690100     -0.01534700      0.32112400      0.42785800      0.26770700      0.86328600     -0.72353000      0.67379800      0.14977900     -0.54209500     -0.68902600      0.48087300      0.00000000      0.00000200      0.00000200      0.00000000      0.00000000      0.00000000      0.07554000      0.01641000      0.04003600     -0.03378300     -0.40251900     -0.33857500      0.85049600      0.80991800     -0.56471900      0.15850500      0.42662600      0.75263400      0.50152800     -0.00000000     -0.00000100      0.00000100     -0.00000500     -0.00000100      0.00000400     -0.07129300      0.06950800      0.04565500     -0.05297100     -0.62769100      0.04729300     -0.77702400     -0.38414000     -0.88697900      0.25632800     -0.67708200      0.45938100      0.57491600      0.00724900     -0.00023300     -0.00004500     -0.35839600      0.11608800      0.35309800     -0.54874200
     0.11055800     -0.01371500      0.34641700      0.68220200     -0.11327100     -0.72236800      0.42084100      0.86871500      0.26114800      0.59710800     -0.48201200      0.64121200      0.01445500     -0.00068400     -0.00026200     -1.19693300      0.41835300      1.09288700     -0.47236400     -0.22691400     -0.01535000      0.32110700      0.42781200      0.26772300      0.86330300     -0.72353700      0.67380200      0.14972800     -0.54212200     -0.68901700      0.48085700     -0.00007500     -0.00041400     -0.00042000      0.00000000      0.00000000      0.00000000      0.07615400      0.01640300      0.04003600     -0.03379100     -0.40247200     -0.33858400      0.85051500      0.80992700     -0.56472000      0.15845400      0.42665300      0.75262900      0.50151200     -0.00005700     -0.00031700     -0.00032100     -0.00001200      0.00000400      0.00001600     -0.07145600      0.06964400      0.04564900     -0.05297400     -0.62602000      0.05881200     -0.77758500     -0.39886500     -0.88098900      0.25448600     -0.67007800      0.46946500      0.57497500      0.01443800     -0.00128400     -0.00065600     -3.99901300      1.41484600      3.59491300     -0.56997000
     0.11112900     -0.01366400      0.34647500      0.67732700     -0.13440300     -0.72333300      0.44745500      0.85568300      0.25992800      0.58317100     -0.49954400      0.64062100      0.01511100      0.00209300      0.00222600     -0.35879300      0.11457100      0.34819000     -0.49555200     -0.22693300     -0.01537500      0.32105200      0.42768300      0.26776200      0.86335500     -0.72356800      0.67379800      0.14959600     -0.54218300     -0.68900500      0.48080500     -0.00023900     -0.00131000     -0.00133100      0.00000000      0.00000000      0.00000000      0.08183200      0.01639400      0.04002400     -0.03381700     -0.40234000     -0.33860500      0.85056900      0.80995900     -0.56471100      0.15832400      0.42671600      0.75262700      0.50146200     -0.00015200     -0.00083700     -0.00084900      0.00000600      0.00002500     -0.00002500     -0.06786400      0.06992900      0.04567000     -0.05294800     -0.62195400      0.08101400     -0.77885100     -0.42699800     -0.86883100      0.25060700     -0.65638800      0.48843400      0.57496600      0.00767000      0.00151400      0.00153100     -1.20110700      0.40841400      1.13651600     -0.59103400
     0.11180900     -0.01352900      0.34662400      0.66725200     -0.17168700     -0.72480600      0.49404500      0.83023200      0.25808100      0.55662400     -0.53007400      0.63970200      0.01576500      0.00493700      0.00475900     -0.03102200     -0.01670700      0.08380000     -0.58497900     -0.22698300     -0.01543200      0.32093800      0.42751900      0.26781900      0.86341900     -0.72358800      0.67381800      0.14940700     -0.54228500     -0.68896300      0.48074900     -0.00053700     -0.00294100     -0.00299100     -0.00157700      0.01484600     -0.02464800      0.08198300      0.01637000      0.03999800     -0.03387200     -0.40219100     -0.33863600      0.85062700      0.80997800     -0.56473200      0.15815000      0.42682200      0.75259700      0.50141800     -0.00019000     -0.00104800     -0.00106500      0.00000400      0.00000600     -0.00001800     -0.06492400      0.07026200      0.04573300     -0.05287700     -0.61360300      0.11892400     -0.78060700     -0.47469900     -0.84555700      0.24432200     -0.63099200      0.52047000      0.57528900      0.00781600      0.00223800      0.00214800     -0.36224900      0.10177600      0.37749800     -0.63642900
     0.11264500     -0.01336000      0.34698400      0.64980500     -0.22391800     -0.72640200      0.55839300      0.78899800      0.25622600      0.51495300     -0.57183300      0.63863700      0.03055500     -0.00217400      0.01700800     -4.07899300      1.38680300      3.65122500     -0.69582400     -0.22700600     -0.01547300      0.32085200      0.42746100      0.26784300      0.86344000     -0.72357400      0.67385300      0.14931800     -0.54234900     -0.68891900      0.48073900     -0.00016400     -0.00089600     -0.00091200      0.00000000      0.00000000      0.00000000      0.07267000      0.01635700      0.03997200     -0.03392000     -0.40211100     -0.33865500      0.85065800      0.80997900     -0.56476100      0.15804500      0.42689600      0.75256700      0.50139900     -0.00010700     -0.00059400     -0.00060400     -0.00000700      0.00000400      0.00000600     -0.06770000      0.07067400      0.04581400     -0.05270700     -0.59950300      0.16812600     -0.78251500     -0.53584200     -0.81055600      0.23637000     -0.59453300      0.56100900      0.57602000      0.01527100     -0.00103900      0.00851700     -0.39599800      0.08778200      0.41370500     -0.70974600
     0.11311100     -0.01326200      0.34724500      0.64080900     -0.24986700     -0.72593100      0.58722300      0.76861000      0.25373500      0.49376600     -0.58856500      0.64016700      0.03088900     -0.00060000      0.01837400     -0.37997700      0.21502400      0.25535700     -0.75016500     -0.22700800     -0.01548500      0.32083900      0.42742200      0.26785300      0.86345600     -0.72359100      0.67384200      0.14928700     -0.54235700     -0.68892700      0.48071900     -0.00002600     -0.00014500     -0.00014700      0.00000000      0.00000000      0.00000000      0.06785200      0.01635600      0.03996500     -0.03392800     -0.40207100     -0.33865900      0.85067500      0.80999500     -0.56474600      0.15801500      0.42690200      0.75257600      0.50138000     -0.00000300     -0.00002500     -0.00002300     -0.00000100     -0.00000600      0.00000100     -0.07308900      0.07091300      0.04586800     -0.05257300     -0.59062700      0.19853100     -0.78214100     -0.56991000     -0.78882100      0.23013600     -0.57128000      0.58167500      0.57904400      0.00866100      0.00597700      0.00545900     -1.20259700      0.41586500      1.14374500     -0.75089500
     0.11418800     -0.01303800      0.34788700      0.61564300     -0.30821300     -0.72528200      0.65158200      0.71672400      0.24843500      0.44249600     -0.62514200      0.64297900      0.03186500      0.01222900      0.01139800     -1.19157000      0.40860800      1.17873500     -0.87535000     -0.22700100     -0.01545700      0.32088300      0.42752400      0.26782500      0.86341400     -0.72355900      0.67385500      0.14938200     -0.54231900     -0.68892500      0.48076500      0.00038000      0.00207900      0.00211500      0.00157600     -0.01484700      0.02464700      0.06632300      0.01635900      0.03997700     -0.03390800     -0.40217500     -0.33864500      0.85063100      0.80996400     -0.56476500      0.15810900      0.42686400      0.75256900      0.50142500      0.00020000      0.00109500      0.00111600      0.00157300     -0.01483900      0.02464800     -0.07896700      0.07146400      0.04598300     -0.05224200     -0.56831400      0.25818900     -0.78125300     -0.63601200     -0.74023800      0.21802600     -0.52202100      0.62079400      0.58489900      0.01596700      0.00634100      0.00587400     -1.21672300      0.37847900      1.17614100     -0.84152200
     0.11548100     -0.01279900      0.34874600      0.58289800     -0.37242900     -0.72219900      0.71604900      0.65554500      0.23980500      0.38340500     -0.65644600      0.64969700      0.03235300      0.00671500      0.02459000      0.05612500      0.36066800      0.41271200     -1.00731600     -0.22698500     -0.01539800      0.32100100      0.42775600      0.26775600      0.86332100     -0.72351100      0.67385400      0.14962300     -0.54220100     -0.68895300      0.48085800      0.00057600      0.00315700      0.00321000      0.00157700     -0.01484500      0.02464900      0.06183100      0.01636700      0.04000600     -0.03384900     -0.40239300     -0.33861100      0.85054200      0.80991800     -0.56476700      0.15833400      0.42674400      0.75258200      0.50150500      0.00021900      0.00120400      0.00122400     -0.00000400     -0.00001200      0.00001200     -0.08207000      0.07211000      0.04610000     -0.05181500     -0.53854700      0.32325000     -0.77812300     -0.70265900     -0.68194600      0.20302200     -0.46501200      0.65609300      0.59439500      0.01618500      0.00352600      0.01240600      0.12119500      0.46157800      0.45575600     -0.93149500
     0.11616400     -0.01267800      0.34923000      0.56526000     -0.40160400     -0.72058400      0.74434200      0.62484400      0.23557800      0.35494700     -0.66902100      0.65303200      0.03241200      0.00729000      0.02500400     -1.10198300      0.59854800      1.30664600     -1.08941900     -0.22698600     -0.01534900      0.32105200      0.42775600      0.26775700      0.86332100     -0.72351200      0.67385300      0.14962200     -0.54220000     -0.68895300      0.48085900      0.00041700      0.00228500      0.00232200      0.00000000      0.00000000      0.00000000      0.05691900      0.01636700      0.04003400     -0.03382000     -0.40241200     -0.33861000      0.85053300      0.80991100     -0.56477300      0.15834800      0.42674000      0.75257800      0.50151600      0.00025600      0.00141100      0.00143600      0.00001000     -0.00001200     -0.00001600     -0.08631500      0.07244000      0.04616000     -0.05158000     -0.52321200      0.35288300     -0.77570700     -0.73071400     -0.65415800      0.19527700     -0.43852500      0.66899200      0.60012000      0.01643100      0.00424000      0.01305000     -3.86852500      1.66282700      3.71270300     -0.98766700
     0.11765900     -0.01247800      0.35027900      0.53879700     -0.44630900     -0.71452900      0.78055400      0.58354500      0.22401600      0.31631600     -0.67787000      0.66367400      0.04628400      0.00538900      0.02337900     -0.04516000      0.72660400      0.79858400     -1.14605200     -0.22695700     -0.01523700      0.32115000      0.42812200      0.26766800      0.86316600     -0.72333600      0.67398000      0.14989900     -0.54214500     -0.68886400      0.48104900      0.00054400      0.00298200      0.00302600      0.00157700     -0.01484500      0.02464900      0.04881900      0.01638100      0.04008900     -0.03377200     -0.40276500     -0.33857500      0.85038000      0.80975800     -0.56492100      0.15860400      0.42669800      0.75248300      0.50169400      0.00018700      0.00103300      0.00104900      0.00000200     -0.00002500      0.00001100     -0.09643900      0.07317100      0.04626200     -0.05106100     -0.49957500      0.39687300     -0.77001000     -0.76756000     -0.61486800      0.18107400     -0.40159200      0.68149000      0.61179600      0.02325300      0.00281700      0.01181400     -3.86895900      1.53994800      3.72655200     -1.04873800
     0.11923100     -0.01231700      0.35123400      0.52726600     -0.47053300     -0.70755500      0.79412800      0.56908200      0.21325700      0.30166400     -0.67374500      0.67460600      0.04603800      0.00505900      0.02290200      0.26361600      0.51302300      0.44718400     -1.22040700     -0.22699200     -0.01512900      0.32126200      0.42820800      0.26765400      0.86312800     -0.72330100      0.67400300      0.14996400     -0.54212500     -0.68884600      0.48109700     -0.01384500      0.00443000      0.00498600     -0.00046800      0.00036000     -0.00459700      0.03780200      0.01636900      0.04014100     -0.03371900     -0.40287300     -0.33856900      0.85033100      0.80971600     -0.56495800      0.15868500      0.42667600      0.75245700      0.50175100      0.00028100      0.00155500      0.00157800     -0.00000300      0.00000400      0.00000700     -0.11048200      0.07395800      0.04634400     -0.05058100     -0.48910800      0.42304700     -0.76276000     -0.78187900     -0.60023800      0.16845900     -0.38657200      0.67878100      0.62435300      0.02294800      0.00227900      0.01120800      0.05977800      0.23353700      0.04865200     -1.06310700
     0.11999200     -0.01228400      0.35170200      0.52602400     -0.47773300     -0.70364500      0.79551900      0.56896000      0.20834200      0.30016700     -0.66875900      0.68021200      0.04511500     -0.00728500      0.03019300      0.13523100      0.35889400      0.30990000     -1.25564200     -0.22705800     -0.01506800      0.32132600      0.43076400      0.26735700      0.86194700     -0.72285100      0.67395400      0.15233700     -0.54070000     -0.68901000      0.48246500      0.00060800      0.00333300      0.00337700      0.00151900     -0.01495100      0.02478400      0.03631400      0.01633100      0.04017400     -0.03368300     -0.40546700     -0.33862900      0.84907300      0.80920600     -0.56500700      0.16109100      0.42518200      0.75239300      0.50311200      0.00029900      0.00164800      0.00167100      0.00358200     -0.01135900      0.02017500     -0.11538100      0.07435100      0.04637100     -0.05033900     -0.48844300      0.43196100     -0.75817700     -0.78294600     -0.60056100      0.16223800     -0.38525100      0.67285600      0.63154200      0.01579100      0.00261000      0.01136500      0.23712000      0.57947700      0.18236200     -1.08449800
     0.12154500     -0.01233600      0.35258600      0.52330500     -0.49430100     -0.69416400      0.79857700      0.56872900      0.19696100      0.29678900     -0.65679700      0.69322500      0.03033600     -0.00879300      0.02861900      0.22003900      0.64882900      0.19663700     -1.33961800     -0.22734100     -0.01493000      0.32147700      0.43238000      0.26732400      0.86114800     -0.72282300      0.67361700      0.15395100     -0.53944700     -0.68935200      0.48337700      0.00059200      0.00323100      0.00326900      0.00157500     -0.01484500      0.02464900      0.02654900      0.01619500      0.04024200     -0.03361000     -0.40701300     -0.33881400      0.84826000      0.80910300     -0.56470300      0.16267000      0.42390000      0.75253900      0.50397700     -0.00697000      0.00194100      0.00221200     -0.00186300      0.01552100     -0.02963600     -0.12403500      0.07513300      0.04634700     -0.04989400     -0.48718300      0.44781200     -0.74974400     -0.78501900     -0.60070700      0.15131000     -0.38261800      0.66227900      0.64419600      0.02230100     -0.00034900      0.00884600      0.27889500      0.56594700      0.44146400     -1.10817600
     0.12298600     -0.01255700      0.35345700      0.52129500     -0.50612000     -0.68712300      0.80102000      0.56788300      0.18933700      0.29373600     -0.64846800      0.70230700      0.03012300     -0.00953000      0.02790400      0.16594000      0.43939200      0.31170400     -1.43878000     -0.22777700     -0.01480900      0.32164400      0.43148800      0.26760000      0.86151000     -0.72326700      0.67330100      0.15324300     -0.53956400     -0.68955400      0.48295900     -0.01391000      0.00397900      0.00450800     -0.00204500      0.01520500     -0.02924500     -0.00748200      0.01597200      0.04030500     -0.03352300     -0.40609100     -0.33896600      0.84864000      0.80951400     -0.56431500      0.16196900      0.42399900      0.75276100      0.50356100     -0.00695000      0.00202700      0.00230000     -0.00204500      0.01522400     -0.02925500     -0.15326500      0.07586400      0.04623000     -0.04945200     -0.48639100      0.46035500     -0.74262700     -0.78684700     -0.60029600      0.14323000     -0.37985900      0.65400100      0.65420800      0.01503600     -0.00484100      0.01386100      0.23911000      0.56236300      0.36606000     -1.11732000
     0.12424800     -0.01278300      0.35439700      0.52853200     -0.51038800     -0.67838200      0.79808000      0.57110700      0.19203200      0.28876700     -0.64226200      0.71002800      0.03009400     -0.00938600      0.02794300     -0.41834600      0.60565400     -0.41050500     -1.46938300     -0.22853500     -0.01463600      0.32194800      0.44029600      0.26680200      0.85729100     -0.72212900      0.67254300      0.16170600     -0.53394900     -0.69060100      0.48768000     -0.02796900      0.00703200      0.00804600     -0.01118500      0.01737600     -0.04172700     -0.04137500      0.01560300      0.04038700     -0.03337600     -0.41497800     -0.33937800      0.84416500      0.80806400     -0.56386800      0.17054100      0.41812000      0.75291100      0.50823200     -0.00667400      0.00348700      0.00376700     -0.02187000     -0.03929500      0.04632900     -0.19098500      0.07648400      0.04611900     -0.04899300     -0.49396500      0.46547300     -0.73439200     -0.78407500     -0.60352500      0.14485500     -0.37579800      0.64737200      0.66308600      0.01514900     -0.00411100      0.01443800     -1.39394600      1.80719100     -1.78920800     -1.13152600
     0.12481700     -0.01291000      0.35492100      0.54152500     -0.50031000     -0.67563800      0.78487500      0.58881200      0.19298500      0.30060500     -0.63417300      0.71238200      0.01622000     -0.00708200      0.02974300      1.13090200     -0.17481200     -1.05724300     -1.47552100     -0.22900000     -0.01450900      0.32215100      0.44638700      0.26631500      0.85428600     -0.72141900      0.67184900      0.16765200     -0.52983900     -0.69146400      0.49092900     -0.02761300      0.00883900      0.00984600     -0.00465100      0.01166800     -0.02880400     -0.04817300      0.01537000      0.04044800     -0.03327700     -0.42102400     -0.33973200      0.84102300      0.80713900     -0.56336200      0.17649100      0.41384100      0.75313000      0.51140000     -0.01382400      0.00436300      0.00487700     -0.00472200      0.01104700     -0.02799800     -0.20372100      0.07677400      0.04605400     -0.04873200     -0.50651500      0.45550000     -0.73209300     -0.77112000     -0.61918500      0.14826700     -0.38576600      0.63963100      0.66487200      0.01518300     -0.00441900      0.01419900      3.76330400     -0.78535900     -3.96355500     -1.13185200
