     0.20700800      0.01859700      0.41337900     -0.54699800      0.38677400     -0.74245800     -0.69426000     -0.70513400      0.14408700     -0.46712900      0.59379000      0.65515700     -0.00000100      0.00001400      0.00000700      0.00000000      0.00000000      0.00000000     -0.02762100     -0.24626800      0.03890400      0.35052800      0.47865500      0.84395800      0.24210900     -0.84045800      0.52023600     -0.15139100     -0.25430500     -0.13209200      0.95799000     -0.01349100     -0.00291400     -0.00138000     -0.01084100      0.12322500     -0.19599900      0.42399300     -0.00355200      0.04154100     -0.00134600     -0.60640700     -0.74638600      0.27418500      0.73443500     -0.65790600     -0.16662300      0.30475400      0.10033000      0.94713100     -0.00672400     -0.00137600     -0.00063300     -0.01027600      0.12382600     -0.19629400      0.36842200      0.11815000      0.03271100     -0.03358700     -0.58315500      0.47848800     -0.65648800     -0.69977700     -0.70633400      0.10678900     -0.41260300      0.52167000      0.74673800     -0.00000100      0.00000400      0.00000200     -0.00000700     -0.00001200     -0.00001600     -0.22225700
     0.20700800      0.01858100      0.41337100     -0.54703400      0.38675600     -0.74244200     -0.69423900     -0.70514900      0.14411700     -0.46712000      0.59378500      0.65516900      0.00003500     -0.00060000     -0.00028700      0.00000000      0.00000000      0.00000000     -0.02815500     -0.24655900      0.03883700      0.35051900      0.47849000      0.84450300      0.24052800     -0.84133900      0.51938600     -0.14940300     -0.25168100     -0.13195300      0.95870200     -0.01249000      0.00145600      0.00159100     -0.00204500      0.01520500     -0.02924500      0.42494400     -0.00369300      0.04150400     -0.00135300     -0.60640600     -0.74696400      0.27260800      0.73550300     -0.65720200     -0.16467900      0.30216800      0.10064200      0.94792600     -0.00620400      0.00090400      0.00091900     -0.00193000      0.01540500     -0.02940700      0.37968900      0.11815100      0.03270400     -0.03359100     -0.58319000      0.47846800     -0.65647200     -0.69975400     -0.70635200      0.10681700     -0.41259300      0.52166400      0.74674800      0.00002800     -0.00046600     -0.00022300      0.00001900      0.00000900      0.00001200     -0.22258400
     0.20700800      0.01858100      0.41337100     -0.54703400      0.38675600     -0.74244200     -0.69423900     -0.70514900      0.14411700     -0.46712000      0.59378500      0.65516900      0.00000100     -0.00001000     -0.00000500      0.00000000      0.00000000      0.00000000     -0.02747900     -0.24676300      0.03887200      0.35055300      0.47791300      0.84476700      0.24074700     -0.84163100      0.51888300     -0.14950700     -0.25180000     -0.13224400      0.95863000     -0.01226600      0.00242600      0.00225000     -0.00204500      0.01520500     -0.02924500      0.43177100     -0.00379000      0.04152200     -0.00133600     -0.60589200     -0.74730700      0.27280800      0.73586000     -0.65677200     -0.16479900      0.30232800      0.10089900      0.94784700     -0.00605100      0.00156500      0.00137000     -0.00207100      0.01524900     -0.02936700      0.38295500      0.11815100      0.03270200     -0.03359100     -0.58319000      0.47846800     -0.65647200     -0.69975300     -0.70635200      0.10681700     -0.41259300      0.52166300      0.74674800     -0.00000000      0.00000500      0.00000200      0.00000600     -0.00000500      0.00000200     -0.22258400
     0.20700100      0.01855600      0.41336000     -0.54698500      0.38678200     -0.74246300     -0.69426900     -0.70512800      0.14407500     -0.46713200      0.59379200      0.65515300      0.00005600     -0.00095700     -0.00045800      0.00000000      0.00000000      0.00000000     -0.02944300     -0.24717300      0.03891800      0.35055700      0.47567900      0.84576300      0.24167400     -0.84271600      0.51696900     -0.15002200     -0.25240000     -0.13337600      0.95831600     -0.01259600      0.01054600     -0.00786300      0.03212600      0.01351100     -0.03875200      0.45299400     -0.00399300      0.04155100     -0.00132400     -0.60383100     -0.74865300      0.27368800      0.73724200     -0.65507900     -0.16535900      0.30308400      0.10192500      0.94749600     -0.00639300      0.00009700      0.00037100     -0.00210400      0.01522800     -0.02932400      0.40614200      0.11814700      0.03269100     -0.03359600     -0.58314300      0.47849700     -0.65649400     -0.69978500     -0.70632700      0.10677900     -0.41260600      0.52167200      0.74673500      0.00003100     -0.00052100     -0.00024800      0.00000700      0.00000900      0.00000300     -0.22307400
     0.20700200      0.01854100      0.41335200     -0.54702100      0.38676400     -0.74244700     -0.69424700     -0.70514200      0.14410600     -0.46712200      0.59378600      0.65516500      0.00000100     -0.00001200     -0.00000600      0.00000000      0.00000000      0.00000000     -0.03195400     -0.24768100      0.03900900      0.35057400      0.47516200      0.84693200      0.23857600     -0.84448700      0.51514000     -0.14630800     -0.24739200     -0.13303200      0.95966800     -0.01226800      0.00241700      0.00223900     -0.00204800      0.01520200     -0.02924500      0.45403400     -0.00425300      0.04159400     -0.00132400     -0.60361700     -0.74995700      0.27057200      0.73944200     -0.65350400     -0.16173200      0.29811200      0.10244800      0.94901600     -0.01230600      0.00225600      0.00213600      0.00003400      0.03436500     -0.05908900      0.41969600      0.11814700      0.03268200     -0.03360100     -0.58317700      0.47847700     -0.65647700     -0.69976300     -0.70634500      0.10680600     -0.41259600      0.52166500      0.74674500     -0.00000200      0.00002100      0.00001000      0.00000000     -0.00000800     -0.00000200     -0.22503300
     0.20700100      0.01855600      0.41336000     -0.54698500      0.38678200     -0.74246300     -0.69426900     -0.70512800      0.14407500     -0.46713200      0.59379200      0.65515300     -0.00001700      0.00029200      0.00014000      0.00000000      0.00000000      0.00000000     -0.02984100     -0.24797900      0.03912100      0.35068900      0.47531700      0.84733200      0.23684000     -0.84519200      0.51456800     -0.14423900     -0.24466700     -0.13269400      0.96041300     -0.01123000      0.00681000      0.00522500     -0.00248200      0.01479100     -0.02919900      0.45360000     -0.00440400      0.04164300     -0.00127100     -0.60390300     -0.75035100      0.26883700      0.74030600     -0.65303000     -0.15968200      0.29537600      0.10258900      0.94985600     -0.00544400      0.00414300      0.00312400      0.00334100      0.00348700     -0.00569600      0.42034900      0.11814700      0.03269000     -0.03359700     -0.58314300      0.47849600     -0.65649400     -0.69978500     -0.70632700      0.10677900     -0.41260600      0.52167200      0.74673500     -0.00001100      0.00019300      0.00009200      0.00000400      0.00000500     -0.00000000     -0.22503300
     0.20697300      0.01856300      0.41336400     -0.54702900      0.38676500     -0.74244000     -0.69424400     -0.70514500      0.14411100     -0.46711700      0.59378300      0.65517200     -0.00000000      0.00000100      0.00000000      0.00000000      0.00000000      0.00000000     -0.03037600     -0.24868200      0.03958500      0.35114900      0.47408500      0.84790200      0.23726800     -0.84587800      0.51344500     -0.14422000     -0.24468600     -0.13340700      0.96031000     -0.02145100      0.01763400      0.01313000     -0.00157500     -0.00088500     -0.01015800      0.45358800     -0.00475200      0.04186600     -0.00104700     -0.60273700     -0.75112500      0.26929400      0.74117100     -0.65202800     -0.15976200      0.29558800      0.10329800      0.94971400     -0.01073900      0.00879900      0.00656400     -0.00277000      0.01486700     -0.03439100      0.42083900      0.11813300      0.03269400     -0.03359500     -0.58318500      0.47847600     -0.65647000     -0.69975900     -0.70634800      0.10681100     -0.41259100      0.52166200      0.74675100      0.00000200     -0.00001000     -0.00000400      0.00000900      0.00001800      0.00000400     -0.22487000
     0.20698200      0.01856300      0.41336400     -0.54700900      0.38677400     -0.74245100     -0.69425600     -0.70513700      0.14409400     -0.46712400      0.59378700      0.65516300     -0.00000000      0.00000000      0.00000000      0.00000000      0.00000000      0.00000000     -0.03487400     -0.24959900      0.04008900      0.35187900      0.47107900      0.84920900      0.23857800     -0.84754100      0.51075000     -0.14402200     -0.24473300     -0.13543900      0.96001300     -0.02165600      0.00705000      0.02149600     -0.04686700      0.14018500     -0.21573800      0.45097800     -0.00519600      0.04212300     -0.00068500     -0.60012300     -0.75279700      0.27045600      0.74315300     -0.64979400     -0.15965600      0.29593000      0.10517700      0.94940100     -0.01075000      0.00390700      0.01102200     -0.03827000      0.03233300     -0.04892300      0.42083900      0.11813700      0.03269400     -0.03359500     -0.58316600      0.47848600     -0.65648100     -0.69977100     -0.70633800      0.10679600     -0.41259800      0.52166600      0.74674300      0.00000500     -0.00000700     -0.00000400      0.00003100      0.00003300      0.00002800     -0.22666600
     0.20697200      0.01857100      0.41336800     -0.54701200      0.38677400     -0.74244900     -0.69425500     -0.70513700      0.14409600     -0.46712200      0.59378600      0.65516600     -0.00001100      0.00019200      0.00009200      0.00000000      0.00000000      0.00000000     -0.03936200     -0.25002800      0.04032900      0.35228700      0.46977000      0.84976800      0.23917000     -0.84830000      0.50956000     -0.14377500     -0.24461900     -0.13642700      0.95990200     -0.02077400      0.01056400      0.02381900     -0.03695400      0.01675600     -0.02466100      0.45004200     -0.00542400      0.04224600     -0.00047800     -0.59875000     -0.75366300      0.27108900      0.74421700     -0.64861500     -0.15949400      0.29603700      0.10625200      0.94924700     -0.01036500      0.00543100      0.01202700     -0.04560300      0.12451000     -0.19166900      0.42018500      0.11813300      0.03269800     -0.03359300     -0.58316800      0.47848600     -0.65647800     -0.69977000     -0.70633900      0.10679700     -0.41259600      0.52166500      0.74674500     -0.00000300      0.00011400      0.00005400      0.00000100      0.00000700      0.00000100     -0.22813600
     0.20696400      0.01855500      0.41337100     -0.54706300      0.38674700     -0.74242400     -0.69423600     -0.70514300      0.14415700     -0.46708900      0.59379700      0.65518000      0.00000300     -0.00005200     -0.00002500      0.00000000      0.00000000      0.00000000     -0.04202800     -0.25093700      0.04082500      0.35338200      0.46808700      0.85090200      0.23843900     -0.85023600      0.50723300     -0.14052600     -0.24108800     -0.13803300      0.96056600     -0.01944900      0.01564700      0.02709400     -0.04558800      0.12439100     -0.19168400      0.44933600     -0.00587900      0.04249200      0.00006800     -0.59743500     -0.75500400      0.27025800      0.74655500     -0.64670100     -0.15630900      0.29279000      0.10837800      0.95001400     -0.00983600      0.00278600      0.01795600     -0.06931200      0.02059500     -0.01518600      0.42018500      0.11812900      0.03269000     -0.03359100     -0.58321900      0.47845800     -0.65645400     -0.69974700     -0.70635200      0.10685600     -0.41256200      0.52167300      0.74675800      0.00000400     -0.00002600     -0.00001200      0.00001000      0.00000200      0.00001100     -0.23205500
     0.20695500      0.01854600      0.41336800     -0.54710100      0.38672900     -0.74240600     -0.69421300     -0.70515900      0.14418900     -0.46707800      0.59379000      0.65519400      0.00000900     -0.00016300     -0.00007800      0.00000000      0.00000000      0.00000000     -0.03409600     -0.25178000      0.04108600      0.35480100      0.47064200      0.84907800      0.23990400     -0.84902700      0.50984500     -0.13836700     -0.24037200     -0.13964400      0.96051200     -0.01946800      0.00592800      0.03597600     -0.07224400      0.03472500     -0.03900400      0.44560700     -0.00629900      0.04263100      0.00077800     -0.59949200     -0.75280800      0.27182400      0.74504500     -0.64896200     -0.15412700      0.29243200      0.11012400      0.94992400     -0.00960900      0.00357400      0.01840700     -0.07100700      0.01924400     -0.01494000      0.41577700      0.11812400      0.03268500     -0.03359300     -0.58325700      0.47843800     -0.65643500     -0.69972300     -0.70637200      0.10688500     -0.41255000      0.52166500      0.74677100      0.00000700     -0.00009700     -0.00004600      0.00001000      0.00001600      0.00001000     -0.23058500
     0.20696500      0.01854600      0.41335600     -0.54708500      0.38673700     -0.74241400     -0.69421100     -0.70516800      0.14415800     -0.46710100      0.59377400      0.65519200      0.00000000     -0.00000100     -0.00000000      0.00000000      0.00000000      0.00000000     -0.03082600     -0.25247000      0.04107200      0.35633800      0.47708500      0.84623200      0.23721800     -0.84527700      0.51575900     -0.13940000     -0.24089400     -0.13508600      0.96103400     -0.02015300     -0.00630900      0.04324900     -0.09934100      0.04285200     -0.05992300      0.44973700     -0.00664300      0.04263300      0.00154600     -0.60545300     -0.74904000      0.26900700      0.74029700     -0.65412100     -0.15519200      0.29220800      0.10518400      0.95055200     -0.00362600      0.00188700      0.01693300     -0.08285700      0.01986300      0.01813700      0.41594000      0.11812900      0.03268500     -0.03359900     -0.58324100      0.47844700     -0.65644300     -0.69972300     -0.70637700      0.10685300     -0.41257300      0.52164900      0.74676900     -0.00000300      0.00001100      0.00000600     -0.00002900     -0.00003700     -0.00001800     -0.22797300
     0.20696500      0.01854600      0.41335600     -0.54696300      0.38680100     -0.74247000     -0.69428400     -0.70511700      0.14405300     -0.46713500      0.59379300      0.65515000      0.00000000     -0.00000000     -0.00000000      0.00000000      0.00000000      0.00000000     -0.03154700     -0.25273500      0.04095700      0.35713400      0.47558200      0.84747300      0.23580300     -0.84634900      0.51393700     -0.13962800     -0.24009900     -0.13424500      0.96135000     -0.00803200     -0.00887100      0.04093200      0.00296900     -0.09181000     -0.11169800      0.45353500     -0.00677900      0.04257800      0.00194600     -0.60432500     -0.75030100      0.26802600      0.74157700     -0.65269600     -0.15507900      0.29129600      0.10504400      0.95084700     -0.00373800      0.00140700      0.01659300      0.08654600     -0.17985500     -0.10339900      0.41969600      0.11812900      0.03268500     -0.03359900     -0.58312000      0.47851500     -0.65650000     -0.69980200     -0.70631300      0.10675900     -0.41260900      0.52167400      0.74673200     -0.00000400      0.00000900      0.00000500     -0.00001600     -0.00003300     -0.00001300     -0.22748300
     0.20695800      0.01849800      0.41333400     -0.54709000      0.38673600     -0.74241100     -0.69420900     -0.70516900      0.14416100     -0.46709900      0.59377300      0.65519400      0.00013300     -0.00230100     -0.00110200     -0.00074700      0.01093900     -0.02665200     -0.03521900     -0.25308300      0.04066100      0.35864800      0.47351900      0.84841600      0.23656000     -0.84734900      0.51213900     -0.14016300     -0.24064500     -0.13515800      0.96108500      0.00372200     -0.01283900      0.03769500     -0.08756200     -0.09139300      0.16796100      0.45516500     -0.00695800      0.04243300      0.00270600     -0.60214800     -0.75192200      0.26838600      0.74305600     -0.65076700     -0.15610700      0.29203700      0.10542700      0.95057800     -0.00404200      0.00014800      0.01573700     -0.08379500      0.03390800     -0.00582800      0.42524700      0.11812500      0.03266500     -0.03360800     -0.58322700      0.47845600     -0.65644800     -0.69973200     -0.70637000      0.10684200     -0.41257600      0.52165200      0.74676500      0.00002500     -0.00043700     -0.00020800     -0.00000900     -0.00000900     -0.00000700     -0.22764600
     0.20695300      0.01843400      0.41330300     -0.54725200      0.38665300     -0.74233400     -0.69411100     -0.70523600      0.14430000     -0.46705300      0.59374700      0.65525000      0.00014400     -0.00248100     -0.00118900     -0.00074700      0.01093900     -0.02665200     -0.03578200     -0.25324300      0.04010400      0.36014300      0.48135100      0.84260400      0.24147500     -0.84169900      0.52125900     -0.14058600     -0.24491600     -0.13665100      0.95979500      0.00250100     -0.01770800      0.03456000     -0.06870400      0.01655100      0.12390300      0.45206000     -0.00703600      0.04216100      0.00345700     -0.60873400     -0.74470000      0.27361000      0.73592300     -0.65885800     -0.15595400      0.29640900      0.10642100      0.94911200     -0.00482900     -0.00760800      0.01839600      0.01079800     -0.03535500      0.45954700      0.42459400      0.11812300      0.03263300     -0.03362400     -0.58338600      0.47836700     -0.65637100     -0.69962800     -0.70645400      0.10696600     -0.41252800      0.52161900      0.74681500      0.00003000     -0.00052000     -0.00025000     -0.00001000     -0.00000400     -0.00000800     -0.22878900
     0.20694600      0.01840200      0.41328800     -0.54722100      0.38667100     -0.74234800     -0.69413000     -0.70522300      0.14427300     -0.46706100      0.59375100      0.65524100      0.00011800     -0.00203400     -0.00097500      0.00000000      0.00000000      0.00000000     -0.03510200     -0.25326600      0.03970200      0.36085300      0.47959200      0.84235500      0.24580400     -0.84151800      0.52093600     -0.14284900     -0.24896200     -0.13941200      0.95835500      0.00212600     -0.01920800      0.03361400     -0.04977000      0.08746500     -0.02606700      0.45092700     -0.00704400      0.04196600      0.00379800     -0.60700700     -0.74458600      0.27772800      0.73561900     -0.65867900     -0.15813100      0.30067600      0.10831600      0.94755500      0.00099200     -0.00978700      0.01669300      0.56847900      0.65024400     -0.10254100      0.42296100      0.11811900      0.03261500     -0.03363200     -0.58337400      0.47837600     -0.65637600     -0.69963700     -0.70644700      0.10695500     -0.41253100      0.52162000      0.74681200      0.00006700     -0.00116200     -0.00055700     -0.00074600      0.01093700     -0.02664800     -0.22895200
     0.20695800      0.01834700      0.41326200     -0.54720200      0.38667900     -0.74235700     -0.69414100     -0.70521600      0.14425700     -0.46706700      0.59375500      0.65523300      0.00010600     -0.00183400     -0.00087900      0.00000000      0.00000000      0.00000000     -0.03396000     -0.25324900      0.03895800      0.36224000      0.48270300      0.83870800      0.25210700     -0.83793900      0.52603700     -0.14518000     -0.25497000     -0.14223800      0.95635900      0.00295000     -0.01593600      0.03571100     -0.09844500      0.02679500      0.00459700      0.44973900     -0.00704100      0.04157000      0.00451200     -0.60913300     -0.74037300      0.28426000      0.73116400     -0.66310100     -0.16029600      0.30717200      0.11019900      0.94525100      0.00146200     -0.00791800      0.01788900     -0.10556900      0.01991700      0.00540400      0.42083900      0.11812500      0.03258700     -0.03364500     -0.58335500      0.47838500     -0.65638600     -0.69964800     -0.70643700      0.10694100     -0.41253700      0.52162500      0.74680600      0.00005900     -0.00102800     -0.00049300     -0.00074800      0.01092600     -0.02664700     -0.22862600
     0.20696000      0.01830800      0.41324300     -0.54729100      0.38663300     -0.74231600     -0.69408800     -0.70525300      0.14433300     -0.46704200      0.59374100      0.65526300      0.00004500     -0.00077600     -0.00037200      0.00000000      0.00000000      0.00000000     -0.03572600     -0.25323800      0.03833300      0.36372800      0.48630100      0.83525300      0.25662100     -0.83486000      0.53086500     -0.14534400     -0.25822300     -0.14462500      0.95512700      0.00372800     -0.00359100      0.02823400     -0.06802100      0.00491200      0.01981200      0.44687100     -0.00703800      0.04126500      0.00523100     -0.61195600     -0.73629900      0.28874200      0.72728500     -0.66734300     -0.16034200      0.31075000      0.11187500      0.94388400     -0.00455300     -0.00652200      0.01909100     -0.10719900      0.03589700     -0.02415900      0.41724600      0.11812700      0.03256600     -0.03365600     -0.58344200      0.47833600     -0.65634500     -0.69959100     -0.70648400      0.10700900     -0.41251100      0.52160700      0.74683200      0.00003100     -0.00053700     -0.00025900     -0.00000400     -0.00000400     -0.00000100     -0.22895200
     0.20695400      0.01825900      0.41322000     -0.54729600      0.38663200     -0.74231300     -0.69408500     -0.70525400      0.14433700     -0.46704000      0.59374000      0.65526600      0.00004400     -0.00075300     -0.00036100      0.00000000      0.00000000      0.00000000     -0.03646800     -0.25322500      0.03785800      0.36506900      0.48497800      0.83514400      0.25946600     -0.83556900      0.53010900     -0.14402600     -0.25841900     -0.14801500      0.95455400      0.00306400     -0.01547900      0.03598800     -0.10483700      0.03711600     -0.01956800      0.44877900     -0.00702800      0.04102300      0.00592800     -0.61054500     -0.73636300      0.29155300      0.72819100     -0.66669300     -0.15892400      0.31140200      0.11527600      0.94326000      0.00152300     -0.00768100      0.01803100     -0.10528400      0.03678300     -0.01967100      0.41708300      0.11812300      0.03254100     -0.03366700     -0.58344700      0.47833400     -0.65634200     -0.69958900     -0.70648600      0.10701200     -0.41250900      0.52160600      0.74683500      0.00002600     -0.00043100     -0.00020800      0.00001200      0.00001300      0.00001200     -0.22976900
     0.20694600      0.01824300      0.41321200     -0.54735100      0.38660500     -0.74228600     -0.69405200     -0.70527700      0.14438400     -0.46702400      0.59373000      0.65528600      0.00002500     -0.00043000     -0.00020600      0.00000000      0.00000000      0.00000000     -0.03506600     -0.25323700      0.03768000      0.36575000      0.48461600      0.83519500      0.25997800     -0.83615800      0.52962800     -0.14236800     -0.25718700     -0.14945100      0.95466300      0.00385500     -0.00306900      0.02850300     -0.06800200      0.00499600      0.01985900      0.45032000     -0.00703600      0.04093300      0.00625600     -0.61017100     -0.73647800      0.29204500      0.72890400     -0.66628900     -0.15734400      0.31046700      0.11686600      0.94337200     -0.00444300     -0.00610500      0.01933900     -0.10556200      0.03746400     -0.02429600      0.41887900      0.11811900      0.03253300     -0.03367100     -0.58350100      0.47830500     -0.65631400     -0.69955400     -0.70651400      0.10705400     -0.41249100      0.52159400      0.74685300      0.00001500     -0.00027200     -0.00013200     -0.00000700     -0.00001100     -0.00000400     -0.22976900
     0.20691200      0.01819300      0.41319000     -0.54962600      0.38582900     -0.74100800     -0.69353100     -0.70522000      0.14714500     -0.46512300      0.59430400      0.65611800      0.00012800     -0.00222100     -0.00106700     -0.00074800      0.01093900     -0.02665200     -0.03398600     -0.25326700      0.03739900      0.36698600      0.48357500      0.83546000      0.26106000     -0.83740300      0.52842400     -0.13949400     -0.25508100     -0.15221900      0.95479100      0.00386000     -0.00304300      0.02847400     -0.07793300      0.10657800     -0.15083100      0.45267600     -0.00705100      0.04079300      0.00687500     -0.60927000     -0.73682600      0.29304700      0.73035400     -0.66536500     -0.15450300      0.30882500      0.11989400      0.94353100     -0.00421700     -0.00060500      0.01513900     -0.07006000      0.02028200     -0.00948400      0.42214500      0.11810200      0.03251200     -0.03368000     -0.58570900      0.47742700     -0.65498600     -0.69886900     -0.70677500      0.10977500     -0.41051800      0.52204700      0.74762400      0.00002200     -0.00036300     -0.00017500      0.00185900     -0.00142300      0.00185700     -0.22878900
     0.20688800      0.01812800      0.41315900     -0.54982900      0.38572800     -0.74090900     -0.69341000     -0.70530300      0.14731700     -0.46506400      0.59427000      0.65619000      0.00014700     -0.00253900     -0.00122000     -0.00074800      0.01093900     -0.02665200     -0.03392600     -0.25336600      0.03725000      0.36813600      0.48697000      0.83310600      0.26227000     -0.83567700      0.53177100     -0.13710100     -0.25428100     -0.15346900      0.95480400      0.00333500     -0.00514000      0.02713800     -0.07802700      0.10616500     -0.15107300      0.45074300     -0.00710100      0.04072600      0.00744300     -0.61218700     -0.73390300      0.29430000      0.72814200     -0.66835000     -0.15203900      0.30827800      0.12121600      0.94354100     -0.00439600     -0.00134900      0.01465800     -0.07007800      0.02034600     -0.00953500      0.42361500      0.11809000      0.03248000     -0.03369500     -0.58589100      0.47732300     -0.65489900     -0.69874200     -0.70688000      0.10990500     -0.41047500      0.52199900      0.74768100      0.00003900     -0.00067000     -0.00032000      0.00002100     -0.00003400      0.00004300     -0.22846200
     0.20687200      0.01809500      0.41314400     -0.54981900      0.38573700     -0.74091200     -0.69341700     -0.70529800      0.14730700     -0.46506500      0.59427100      0.65618900      0.00012200     -0.00212200     -0.00102000      0.00000000      0.00000000      0.00000000     -0.03399500     -0.25341600      0.03726200      0.36861500      0.48560100      0.83317800      0.26457200     -0.83582200      0.53121700     -0.13836500     -0.25642000     -0.15500400      0.95398400      0.00367200      0.00544300      0.01846500     -0.03397900      0.00257800      0.00997000      0.44638300     -0.00712200      0.04072200      0.00768700     -0.61063100     -0.73425000      0.29665700      0.72842700     -0.66774200     -0.15334000      0.31068000      0.12245900      0.94259200      0.00169100     -0.00240500      0.01366400     -0.07221900      0.00141200      0.02048800      0.42132800      0.11808200      0.03246200     -0.03370400     -0.58589800      0.47732200     -0.65489400     -0.69873900     -0.70688200      0.10990900     -0.41047100      0.52199600      0.74768500      0.00007000     -0.00121800     -0.00058400      0.00441700     -0.06455500      0.15729800     -0.22862600
     0.20684800      0.01803100      0.41311400     -0.54990000      0.38570000     -0.74087200     -0.69337000     -0.70533000      0.14737400     -0.46504000      0.59425700      0.65622000      0.00013500     -0.00233600     -0.00112400     -0.00074800      0.01093900     -0.02665200     -0.03178300     -0.25364200      0.03733500      0.36951900      0.48356000      0.83473600      0.26339500     -0.83721600      0.52891600     -0.13875000     -0.25572300     -0.15448700      0.95425500     -0.00915300     -0.00439500      0.02821100      0.05558300     -0.13546800     -0.10836700      0.44302200     -0.00723600      0.04076300      0.00815400     -0.60903800     -0.73597400      0.29565800      0.73011400     -0.66585800     -0.15351100      0.30984600      0.12237000      0.94287800     -0.00462400     -0.00231900      0.01403600      0.08697700     -0.17338100     -0.12612500      0.41398000      0.11807000      0.03243000     -0.03371900     -0.58595900      0.47729200     -0.65486100     -0.69870000     -0.70691300      0.10995600     -0.41044900      0.52198100      0.74770700      0.00002300     -0.00040600     -0.00019500     -0.00000900     -0.00000300     -0.00000100     -0.22764600
     0.20684100      0.01798200      0.41309100     -0.54978200      0.38576300     -0.74092600     -0.69344200     -0.70528100      0.14727300     -0.46507100      0.59427400      0.65618100      0.00005100     -0.00088500     -0.00042600      0.00000000      0.00000000      0.00000000     -0.03027500     -0.25384300      0.03731700      0.37029500      0.48688500      0.83200200      0.26590700     -0.83449500      0.53303100     -0.13939200     -0.25830500     -0.15508800      0.95346200     -0.01001900     -0.00788100      0.02607300     -0.07143300      0.03498900     -0.03409600      0.44500200     -0.00733300      0.04076000      0.00853300     -0.61169300     -0.73284500      0.29794000      0.72676800     -0.66933500     -0.15426200      0.31247300      0.12217200      0.94203700      0.00131400      0.00067700      0.00795300     -0.03610500      0.00464400      0.01091100      0.41447000      0.11806700      0.03240300     -0.03373200     -0.58586100      0.47734900     -0.65490700     -0.69876600     -0.70686100      0.10987900     -0.41047800      0.52200100      0.74767800      0.00003000     -0.00050900     -0.00024600      0.00000700     -0.00000800      0.00001100     -0.22699300
     0.20683500      0.01793400      0.41306800     -0.54978700      0.38576200     -0.74092300     -0.69343900     -0.70528200      0.14727600     -0.46506900      0.59427300      0.65618400      0.00005100     -0.00089300     -0.00043000      0.00000000      0.00000000      0.00000000     -0.03035200     -0.25393200      0.03751900      0.37094900      0.48610800      0.83304400      0.26406000     -0.83508900      0.53188400     -0.14021400     -0.25784600     -0.15341400      0.95385700      0.00341900      0.01359600      0.00818800      0.24156100     -0.31393800     -0.16436400      0.43321900     -0.00738000      0.04084700      0.00885700     -0.61151400     -0.73300700      0.29790900      0.72722800     -0.66903500     -0.15339500      0.31175200      0.12284500      0.94218800      0.00167000      0.00209200      0.00878300      0.29976600     -0.42624600     -0.22701400      0.40891800      0.11806400      0.03237900     -0.03374300     -0.58586600      0.47734800     -0.65490400     -0.69876400     -0.70686200      0.10988200     -0.41047500      0.52199900      0.74768000      0.00003000     -0.00052100     -0.00025100      0.00000100     -0.00000300      0.00000300     -0.22634000
     0.20683600      0.01792600      0.41306400     -0.54980500      0.38575300     -0.74091500     -0.69342900     -0.70528900      0.14729100     -0.46506400      0.59427000      0.65619000      0.00001200     -0.00020400     -0.00009800      0.00000000      0.00000000      0.00000000     -0.03312900     -0.25396300      0.03762700      0.37125600      0.48565800      0.83321400      0.26435200     -0.83544300      0.53144200     -0.13978100     -0.25754700     -0.15402500      0.95383900      0.00295300      0.00253800      0.01656100     -0.02983300     -0.00247300      0.00677300      0.42783500     -0.00739800      0.04090800      0.00902200     -0.61070600     -0.73435800      0.29623500      0.72800100     -0.66786800     -0.15480900      0.31153100      0.12111700      0.94248500      0.00146700      0.00127400      0.00828500     -0.04538600      0.01615800      0.01477200      0.40189700      0.11806400      0.03237400     -0.03374500     -0.58588300      0.47733800     -0.65489500     -0.69875200     -0.70687100      0.10989500     -0.41047000      0.52199500      0.74768500      0.00000500     -0.00007400     -0.00003600      0.00000900      0.00000200      0.00001200     -0.22650300
     0.20680700      0.01794100      0.41307200     -0.54995300      0.38568000     -0.74084300     -0.69334100     -0.70535000      0.14741600     -0.46502000      0.59424600      0.65624300     -0.00002100      0.00037300      0.00018000      0.00000000      0.00000000      0.00000000     -0.03574500     -0.25403100      0.03780800      0.37181300      0.48921600      0.83088600      0.26511800     -0.83321600      0.53510600     -0.13908900     -0.25802900     -0.15391300      0.95372700      0.00229000     -0.00009700      0.01495400     -0.04428800      0.10245400     -0.16170200      0.42269900     -0.00743200      0.04100200      0.00929700     -0.61391100     -0.73129600      0.29718300      0.72511600     -0.67122800     -0.15381200      0.31196000      0.12106500      0.94234900      0.00134400      0.00538300      0.00321700      0.00119100     -0.01404000      0.02497100      0.39389600      0.11805000      0.03238200     -0.03374100     -0.58602800      0.47726100     -0.65482200     -0.69865800     -0.70694700      0.11000600     -0.41042400      0.52196400      0.74773300     -0.00001500      0.00025500      0.00012300     -0.00516200      0.07550200     -0.18393900     -0.22862600
     0.20678800      0.01795500      0.41308000     -0.54983700      0.38574400     -0.74089600     -0.69341200     -0.70530000      0.14731500     -0.46505100      0.59426300      0.65620600     -0.00000400      0.00007400      0.00003500      0.00000000      0.00000000      0.00000000     -0.03661500     -0.25401900      0.03805300      0.37225700      0.48838400      0.83122200      0.26559800     -0.83379700      0.53432500     -0.13861100     -0.25772800     -0.15481700      0.95366200      0.00307700      0.01223000      0.00727800      0.00150100     -0.01443800      0.02489400      0.40371200     -0.00742900      0.04110900      0.00951500     -0.61296800     -0.73186700      0.29772400      0.72595800     -0.67041600     -0.15338400      0.31185600      0.12211600      0.94224900     -0.00485300      0.00122800      0.00857500     -0.04634900      0.11757000     -0.19108300      0.37920000      0.11804000      0.03239000     -0.03373700     -0.58591300      0.47732900     -0.65487500     -0.69873500     -0.70688500      0.10991600     -0.41045600      0.52198600      0.74770000     -0.00000400      0.00004000      0.00002000     -0.00000800     -0.00001900     -0.00000400     -0.22944200
     0.20675200      0.01794500      0.41307600     -0.54993600      0.38569900     -0.74084500     -0.69335400     -0.70534000      0.14739800     -0.46502000      0.59424500      0.65624400     -0.01220800     -0.00076000      0.00002900     -0.00098400      0.01471500     -0.02955300     -0.03590000     -0.25404200      0.03835900      0.37272800      0.48718700      0.83172500      0.26622100     -0.83455900      0.53323200     -0.13823600     -0.25752600     -0.15588800      0.95354200     -0.00958100      0.00283400      0.01734400     -0.03599300      0.01793000     -0.01919700      0.38764200     -0.00743700      0.04127400      0.00975800     -0.61190400     -0.73252400      0.29829700      0.72687200     -0.66950400     -0.15304100      0.31181800      0.12317800      0.94212300     -0.00480400      0.00139600      0.00865800     -0.03602000      0.01792800     -0.01924000      0.35617600      0.11802700      0.03238500     -0.03373900     -0.58599100      0.47728900     -0.65483500     -0.69868500     -0.70692500      0.10997500     -0.41043000      0.52196800      0.74772700      0.00000200     -0.00001800     -0.00000800      0.00000100      0.00000200     -0.00000100     -0.22960600
     0.20673400      0.01793600      0.41307200     -0.54999500      0.38567100     -0.74081600     -0.69332000     -0.70536400      0.14744700     -0.46500200      0.59423500      0.65626600     -0.01220500     -0.00081300      0.00000300     -0.00098400      0.01471500     -0.02955300     -0.03462600     -0.25403800      0.03850800      0.37290800      0.48635300      0.83208800      0.26661000     -0.83503300      0.53249600     -0.13821200     -0.25756600     -0.15646600      0.95343700      0.00251400      0.00999200      0.00590600      0.00150600     -0.01441600      0.02490600      0.37989200     -0.00743400      0.04135100      0.00984900     -0.61113100     -0.73301800      0.29866800      0.72746400     -0.66885800     -0.15304600      0.31195200      0.12373900      0.94200500      0.00122000      0.00488000      0.00288400      0.00146200     -0.01441400      0.02487900      0.34621500      0.11801800      0.03238000     -0.03374100     -0.58604800      0.47725900     -0.65480500     -0.69864800     -0.70695500      0.11001900     -0.41041100      0.52195500      0.74774600      0.00000300     -0.00004500     -0.00002100      0.00000800      0.00000300      0.00000900     -0.22960600
     0.20670700      0.01792700      0.41306900     -0.54995200      0.38569800     -0.74083400     -0.69334800     -0.70534500      0.14740800     -0.46501100      0.59424000      0.65625500      0.00000000     -0.00000400     -0.00000200      0.00000000      0.00000000      0.00000000     -0.03208500     -0.25402300      0.03879600      0.37313800      0.48439300      0.83296100      0.26745200     -0.83606100      0.53080500     -0.13850200     -0.25792200     -0.15757600      0.95315700      0.00197700      0.00786300      0.00463300     -0.00889000      0.08505700     -0.14699100      0.34075300     -0.00742400      0.04148800      0.00996000     -0.60942200     -0.73413200      0.29942400      0.72868300     -0.66745500     -0.15337500      0.31244900      0.12471500      0.94171100      0.00087100      0.00348400      0.00205400     -0.00003600      0.00000600     -0.00002300      0.30996400      0.11800000      0.03237500     -0.03374300     -0.58602600      0.47727800     -0.65481100     -0.69866500     -0.70694100      0.10999900     -0.41041300      0.52195700      0.74774400     -0.00000000      0.00001000      0.00000500     -0.00000500     -0.00000800      0.00000300     -0.22895200
