     0.12963300     -0.00889400      0.39200300      0.79350900     -0.10305800     -0.59980600      0.38703500      0.84605100      0.36656900      0.46870600     -0.52288900      0.71198900      0.00011300      0.00064400      0.00042700      0.00000000      0.00000000      0.00000000      0.15793400     -0.25264800     -0.00500500      0.36628600      0.51987900      0.59414700      0.61376500     -0.81979300      0.54882600      0.16329400     -0.24046500     -0.58879600      0.77159500     -0.00001000     -0.00003900     -0.00003000      0.00000000      0.00000000      0.00000000      0.18772800      0.00402800      0.04577300     -0.01100100     -0.39677700     -0.64871600      0.64941000      0.89948700     -0.41583300      0.13418100      0.18300100      0.63737700      0.74850500     -0.00000500     -0.00001700     -0.00001400     -0.00000600      0.00001000      0.00000400      0.07436300      0.07978700      0.04784800     -0.03067700     -0.67155700      0.03561900     -0.74009500     -0.36712600     -0.88361100      0.29060100     -0.64360600      0.46686400      0.60647200      0.00009000      0.00050900      0.00033800      0.00001400      0.00001000      0.00000200     -0.00531100
     0.12963500     -0.00888700      0.39200800      0.79349700     -0.10307000     -0.59981900      0.38705000      0.84604900      0.36655600      0.46871300     -0.52289000      0.71198400      0.00005900      0.00033600      0.00022300      0.00000000      0.00000000      0.00000000      0.15733600     -0.25265800     -0.00500400      0.36628800      0.51985800      0.59415200      0.61377700     -0.81980400      0.54881200      0.16328200     -0.24047000     -0.58880400      0.77158800     -0.00000000     -0.00000000     -0.00000000      0.00000000      0.00000000      0.00000000      0.18768800      0.00402300      0.04577400     -0.01100000     -0.39675500     -0.64871800      0.64942200      0.89949600     -0.41581700      0.13416700      0.18300400      0.63738500      0.74849700      0.00000400      0.00000500      0.00000800     -0.00001700      0.00000500      0.00002100      0.07419900      0.07978800      0.04785300     -0.03067300     -0.67154400      0.03563200     -0.74010600     -0.36713800     -0.88361100      0.29058600     -0.64361200      0.46686300      0.60646600      0.00003700      0.00021500      0.00014300      0.00000900     -0.00000100      0.00000800     -0.00580100
     0.12963500     -0.00888700      0.39200800      0.79349700     -0.10307000     -0.59981900      0.38705000      0.84604900      0.36655600      0.46871300     -0.52289000      0.71198400      0.00000000      0.00000000      0.00000000      0.00000000      0.00000000      0.00000000      0.15720500     -0.25267700     -0.00499400      0.36629600      0.51983500      0.59415800      0.61379100     -0.81981700      0.54879600      0.16326800     -0.24047500     -0.58881300      0.77158000      0.00004100      0.00016500      0.00012700      0.00000000      0.00000000      0.00000000      0.18775900      0.00401400      0.04577900     -0.01099600     -0.39673000     -0.64872000      0.64943500      0.89950600     -0.41580000      0.13415300      0.18300800      0.63739400      0.74848900      0.00002900      0.00010600      0.00008300     -0.00000300     -0.00000400      0.00001400      0.07436300      0.07978800      0.04785400     -0.03067300     -0.67154400      0.03563200     -0.74010600     -0.36713800     -0.88361100      0.29058600     -0.64361200      0.46686300      0.60646600     -0.00000100     -0.00000500     -0.00000300      0.00001100      0.00000400      0.00000900     -0.00629100
     0.12963300     -0.00889400      0.39200300      0.79350900     -0.10305800     -0.59980600      0.38703500      0.84605100      0.36656900      0.46870600     -0.52288900      0.71198900     -0.00000000     -0.00000300     -0.00000200      0.00000000      0.00000000      0.00000000      0.15797900     -0.25268700     -0.00499300      0.36629700      0.52175300      0.59409800      0.61221900     -0.81927100      0.54885800      0.16578500     -0.23816700     -0.58881600      0.77229300      0.00000000      0.00000000      0.00000000     -0.00000000     -0.00000000      0.00000000      0.18777600      0.00400900      0.04578000     -0.01099500     -0.39871300     -0.64898900      0.64795000      0.89908600     -0.41587800      0.13670400      0.18074900      0.63707000      0.74931300     -0.00000100     -0.00000300     -0.00000000      0.00079700      0.00067500     -0.00079700      0.07436300      0.07978700      0.04785000     -0.03067600     -0.67155700      0.03561800     -0.74009500     -0.36712500     -0.88361100      0.29060100     -0.64360600      0.46686300      0.60647200      0.00000100      0.00000300      0.00000100      0.00000500      0.00000100      0.00000800     -0.00612700
     0.12963300     -0.00889400      0.39200300      0.79350900     -0.10305800     -0.59980600      0.38703500      0.84605100      0.36656900      0.46870600     -0.52288900      0.71198900     -0.00000000     -0.00000000     -0.00000000      0.00000000      0.00000000      0.00000000      0.15852600     -0.25269700     -0.00499100      0.36629900      0.52173300      0.59410400      0.61223200     -0.81928300      0.54884400      0.16577300     -0.23817200     -0.58882300      0.77228600      0.00000000      0.00000000      0.00000000     -0.00000000     -0.00000000      0.00000000      0.18772400      0.00400400      0.04578000     -0.01099400     -0.39868400     -0.64899000      0.64796700      0.89909700     -0.41586200      0.13668200      0.18076000      0.63707900      0.74930300     -0.00000100     -0.00000300      0.00000200      0.00010300      0.00008500     -0.00009100      0.07419900      0.07978700      0.04785000     -0.03067600     -0.67155700      0.03561800     -0.74009500     -0.36712500     -0.88361100      0.29060100     -0.64360600      0.46686400      0.60647200      0.00000000      0.00000300      0.00000200      0.00000200      0.00000900     -0.00000500     -0.00596400
     0.12964300     -0.00889500      0.39200200      0.79349500     -0.10307100     -0.59982200      0.38705200      0.84604900      0.36655500      0.46871500     -0.52289000      0.71198200     -0.00000000     -0.00000000     -0.00000000      0.00000000      0.00000000      0.00000000      0.16053100     -0.25269900     -0.00499800      0.36629400      0.52159000      0.59414100      0.61231700     -0.81936500      0.54874700      0.16568800     -0.23820300     -0.58887500      0.77223600     -0.00000000     -0.00000100     -0.00000000      0.00000000      0.00000000      0.00000000      0.18803700      0.00400300      0.04577700     -0.01099700     -0.39853300     -0.64900300      0.64804700      0.89915900     -0.41575700      0.13659000      0.18078300      0.63713400      0.74925100      0.00000100      0.00000400      0.00000600     -0.00000800      0.00000800      0.00001500      0.07387300      0.07979300      0.04785000     -0.03067600     -0.67154100      0.03563300     -0.74010900     -0.36714000     -0.88361000      0.29058400     -0.64361400      0.46686400      0.60646400      0.00000100      0.00000100      0.00000200      0.00001800      0.00002200     -0.00000100     -0.00433100
     0.12964200     -0.00890200      0.39199800      0.79350700     -0.10305900     -0.59980900      0.38703600      0.84605100      0.36656800      0.46870800     -0.52289000      0.71198700     -0.00000700     -0.00004100     -0.00002700      0.00000000      0.00000000      0.00000000      0.15923300     -0.25270200     -0.00501200      0.36628300      0.52155400      0.59415000      0.61233900     -0.81938500      0.54872300      0.16566700     -0.23821100     -0.58888900      0.77222400     -0.00029500     -0.00117800     -0.00090500      0.00000000      0.00000000      0.00000000      0.18891500      0.00400200      0.04577300     -0.01100000     -0.39849500     -0.64900600      0.64806700      0.89917500     -0.41573100      0.13656800      0.18078800      0.63714800      0.74923800     -0.00017100     -0.00068400     -0.00052400     -0.00180200      0.01315000     -0.02557200      0.07436200      0.07979200      0.04784600     -0.03067800     -0.67155400      0.03562000     -0.74009800     -0.36712800     -0.88361100      0.29060000     -0.64360800      0.46686400      0.60647000     -0.00000200     -0.00001700     -0.00001200      0.00000600     -0.00000700     -0.00000200     -0.00351500
     0.12963200     -0.00890900      0.39200600      0.79353100     -0.10303900     -0.59978000      0.38702100      0.84604000      0.36660900      0.46868100     -0.52291100      0.71199000     -0.00000000     -0.00000100     -0.00000000      0.00000000      0.00000000      0.00000000      0.15816100     -0.25270400     -0.00501900      0.36627800      0.52153600      0.59415500      0.61234900     -0.81939600      0.54871100      0.16565600     -0.23821500     -0.58889500      0.77221700     -0.00005300     -0.00021200     -0.00016300      0.00000000      0.00000000      0.00000000      0.19028000      0.00400000      0.04576600     -0.01100500     -0.39847600     -0.64900800      0.64807700      0.89918300     -0.41571700      0.13655600      0.18079100      0.63715500      0.74923100     -0.00003000     -0.00012000     -0.00009100      0.00000700     -0.00000200      0.00000200      0.07501600      0.07978700      0.04784300     -0.03067400     -0.67158100      0.03559800     -0.74007400     -0.36712100     -0.88360000      0.29064300     -0.64358400      0.46688700      0.60647800      0.00000100      0.00000500      0.00000400     -0.00001600     -0.00002100     -0.00001500     -0.00400500
     0.12963400     -0.00890200      0.39202300      0.79351700     -0.10305700     -0.59979500      0.38705300      0.84602400      0.36661100      0.46867700     -0.52293300      0.71197600      0.00001400      0.00008100      0.00005400      0.00000000      0.00000000      0.00000000      0.15677300     -0.25271400     -0.00505900      0.36624600      0.52142700      0.59418400      0.61241400     -0.81945800      0.54863700      0.16559200     -0.23823900     -0.58893500      0.77217900     -0.00020700     -0.00082400     -0.00063300      0.00000000      0.00000000      0.00000000      0.19193400      0.00399500      0.04574600     -0.01102100     -0.39836200     -0.64901800      0.64813700      0.89923000     -0.41563800      0.13648800      0.18080700      0.63719600      0.74919100     -0.00010500     -0.00042100     -0.00032200     -0.00000200      0.00000100      0.00000600      0.07664800      0.07978800      0.04784700     -0.03066600     -0.67156700      0.03561700     -0.74008600     -0.36715400     -0.88358700      0.29063900     -0.64357900      0.46691000      0.60646500      0.00000700      0.00003900      0.00002700     -0.00000100      0.00000300     -0.00000800     -0.00629100
     0.12961600     -0.00889200      0.39202900      0.79353300     -0.10304400     -0.59977700      0.38703400      0.84602700      0.36662600      0.46866600     -0.52293200      0.71198400      0.00000000      0.00000100      0.00000100      0.00000000      0.00000000      0.00000000      0.15524300     -0.25271900     -0.00512200      0.36619800      0.52128500      0.59422100      0.61249900     -0.81953900      0.54854100      0.16550800     -0.23827100     -0.58898700      0.77213000     -0.00034800     -0.00138800     -0.00106800      0.00000000      0.00000000      0.00000000      0.19366200      0.00399300      0.04571500     -0.01104500     -0.39821300     -0.64903100      0.64821500      0.89929200     -0.41553300      0.13639800      0.18082800      0.63725100      0.74914000     -0.00017900     -0.00071400     -0.00055100     -0.00000100      0.00000200      0.00000300      0.07877100      0.07977900      0.04785200     -0.03066200     -0.67158400      0.03560200     -0.74007100     -0.36713800     -0.88358700      0.29065700     -0.64357000      0.46691000      0.60647500     -0.00000200     -0.00001100     -0.00000700      0.00001400      0.00000400      0.00000900     -0.00792400
     0.12961600     -0.00889200      0.39202900      0.79353300     -0.10304400     -0.59977700      0.38703400      0.84602700      0.36662600      0.46866600     -0.52293200      0.71198400      0.00000000      0.00000000      0.00000000      0.00000000      0.00000000      0.00000000      0.15533400     -0.25271800     -0.00515800      0.36617000      0.52121600      0.59423900      0.61254100     -0.81957800      0.54849400      0.16546700     -0.23828600     -0.58901200      0.77210600     -0.00032100     -0.00128200     -0.00098600      0.00000000      0.00000000      0.00000000      0.19388100      0.00399300      0.04569700     -0.01105900     -0.39814000     -0.64903800      0.64825400      0.89932300     -0.41548200      0.13635400      0.18083900      0.63727800      0.74911500     -0.00019200     -0.00077000     -0.00059300      0.00000300     -0.00000100     -0.00000300      0.07942400      0.07977900      0.04785100     -0.03066200     -0.67158500      0.03560200     -0.74007100     -0.36713800     -0.88358700      0.29065700     -0.64357000      0.46691000      0.60647500     -0.00000000     -0.00000600     -0.00000500     -0.00001000     -0.00000700     -0.00001600     -0.00874000
     0.12960400     -0.00889100      0.39201800      0.79354900     -0.10302500     -0.59975900      0.38700000      0.84604300      0.36662500      0.46866800     -0.52291000      0.71199900     -0.00000000     -0.00000000     -0.00000000      0.00000000      0.00000000      0.00000000      0.15536500     -0.25274700     -0.00522400      0.36610700      0.52113300      0.59426400      0.61258600     -0.81962000      0.54845300      0.16539700     -0.23832300     -0.58902500      0.77208500     -0.00040500     -0.00161400     -0.00124300      0.00000000      0.00000000      0.00000000      0.19353500      0.00397900      0.04566400     -0.01109000     -0.39805300     -0.64904900      0.64829600      0.89935500     -0.41543700      0.13628200      0.18087300      0.63729600      0.74909100     -0.00024600     -0.00098300     -0.00075700     -0.00000300      0.00000700      0.00000200      0.07975100      0.07977300      0.04785200     -0.03066800     -0.67160100      0.03558100     -0.74005700     -0.36710300     -0.88360000      0.29066300     -0.64357300      0.46688700      0.60648900      0.00000100      0.00000300      0.00000200      0.00000500      0.00001300     -0.00000800     -0.00890300
     0.12960400     -0.00889100      0.39201800      0.79354900     -0.10302500     -0.59975900      0.38700000      0.84604300      0.36662500      0.46866800     -0.52291000      0.71199900     -0.00000000     -0.00000000     -0.00000000      0.00000000      0.00000000      0.00000000      0.15652800     -0.25275200     -0.00524500      0.36609100      0.52107900      0.59427800      0.61261900     -0.81965100      0.54841700      0.16536500     -0.23833500     -0.58904500      0.77206600     -0.00000500     -0.00002100     -0.00001600      0.00000000      0.00000000      0.00000000      0.19380100      0.00397600      0.04565200     -0.01110000     -0.39799600     -0.64905400      0.64832600      0.89937800     -0.41539700      0.13624800      0.18088100      0.63731700      0.74907200      0.00001300      0.00004800      0.00003800      0.00000400     -0.00000200     -0.00000500      0.08007800      0.07977300      0.04785200     -0.03066800     -0.67160100      0.03558100     -0.74005700     -0.36710400     -0.88360000      0.29066300     -0.64357200      0.46688800      0.60648900      0.00000000      0.00000100      0.00000100      0.00002500      0.00002100      0.00000200     -0.00890300
     0.12960400     -0.00889100      0.39201800      0.79354900     -0.10302500     -0.59975900      0.38700000      0.84604300      0.36662500      0.46866800     -0.52291000      0.71199900     -0.00000000     -0.00000000     -0.00000000      0.00000000      0.00000000      0.00000000      0.15718800     -0.25274800     -0.00523900      0.36610800      0.52110300      0.59426800      0.61260800     -0.81964300      0.54841800      0.16540000     -0.23831100     -0.58905300      0.77206700      0.00022000      0.00087800      0.00067600      0.00000000      0.00000000      0.00000000      0.19383900      0.00397700      0.04565400     -0.01109200     -0.39802100     -0.64904800      0.64831600      0.89937200     -0.41539900      0.13628300      0.18085600      0.63732100      0.74907400      0.00017800      0.00070900      0.00054600      0.00000400      0.00002000     -0.00001100      0.08007800      0.07977300      0.04785200     -0.03066800     -0.67160100      0.03558100     -0.74005700     -0.36710400     -0.88359900      0.29066300     -0.64357200      0.46688800      0.60648900     -0.00000000      0.00000000      0.00000000      0.00002900      0.00001100      0.00001000     -0.00759700
     0.12961400     -0.00889900      0.39202400      0.79354500     -0.10303100     -0.59976300      0.38701900      0.84602800      0.36663900      0.46865900     -0.52293200      0.71198900     -0.00000000     -0.00000000     -0.00000000      0.00000000      0.00000000      0.00000000      0.15662100     -0.25273800     -0.00524000      0.36610700      0.52112400      0.59426300      0.61259500     -0.81963100      0.54843200      0.16541200     -0.23830600     -0.58904600      0.77207400      0.01349500     -0.00187500     -0.00191400      0.00204500     -0.01520500      0.02924500      0.19377300      0.00398300      0.04565600     -0.01109000     -0.39804300     -0.64904700      0.64830500      0.89936300     -0.41541400      0.13629600      0.18085300      0.63731300      0.74908100      0.00674800     -0.00093900     -0.00095800      0.00203300     -0.01519200      0.02925000      0.08007800      0.07977800      0.04784800     -0.03066500     -0.67159700      0.03558900     -0.74006000     -0.36712600     -0.88358700      0.29067300     -0.64356400      0.46691100      0.60648100      0.00000000      0.00000000      0.00000100      0.00002700      0.00000800      0.00001000     -0.00759700
     0.12961600     -0.00888500      0.39202200      0.79352300     -0.10305000     -0.59978900      0.38703200      0.84603900      0.36659900      0.46868400     -0.52291000      0.71198800      0.00011300      0.00064400      0.00042700      0.00000000      0.00000000      0.00000000      0.15422300     -0.25273800     -0.00523200      0.36610000      0.52101100      0.59429600      0.61265900     -0.81969000      0.54837100      0.16532500     -0.23835000     -0.58907000      0.77204200     -0.00000200     -0.00000800     -0.00000700      0.00000000      0.00000000      0.00000000      0.19350300      0.00398300      0.04566000     -0.01109400     -0.39792400     -0.64906000      0.64836300      0.89940800     -0.41534700      0.13620500      0.18089100      0.63734300      0.74904700     -0.00000100     -0.00000300     -0.00000300      0.00000600     -0.00000900     -0.00000600      0.08007800      0.07977900      0.04785400     -0.03066700     -0.67157300      0.03561000     -0.74008100     -0.36713100     -0.88359900      0.29063100     -0.64358600      0.46688700      0.60647500      0.00006300      0.00036400      0.00024200      0.00002800      0.00001400      0.00000900     -0.00874000
     0.12960700     -0.00887600      0.39202800      0.79352500     -0.10304900     -0.59978600      0.38703100      0.84604000      0.36660000      0.46868200     -0.52291000      0.71198900      0.00001600      0.00009200      0.00006100      0.00000000      0.00000000      0.00000000      0.15325000     -0.25274800     -0.00522300      0.36609500      0.52112800      0.59426900      0.61258600     -0.81961800      0.54846400      0.16537300     -0.23834300     -0.58901000      0.77209000      0.00007900      0.00031600      0.00024300      0.00000000      0.00000000      0.00000000      0.19333100      0.00397800      0.04566400     -0.01109700     -0.39804600     -0.64905300      0.64829600      0.89935300     -0.41544800      0.13625800      0.18089500      0.63728400      0.74909600      0.00004500      0.00017900      0.00013800     -0.00000400      0.00000600      0.00000200      0.08024100      0.07977400      0.04785900     -0.03066300     -0.67157600      0.03560800     -0.74007900     -0.36712900     -0.88359900      0.29063300     -0.64358500      0.46688600      0.60647700      0.00000800      0.00004700      0.00003100      0.00000700     -0.00000400      0.00000200     -0.01102600
     0.12960800     -0.00886900      0.39203300      0.79351300     -0.10306200     -0.59979900      0.38704600      0.84603800      0.36658800      0.46868900     -0.52291000      0.71198400      0.00004300      0.00024400      0.00016200      0.00000000      0.00000000      0.00000000      0.15324200     -0.25274600     -0.00521600      0.36610000      0.52114600      0.59426400      0.61257500     -0.81960700      0.54847600      0.16538300     -0.23833900     -0.58900400      0.77209600      0.00005900      0.00023300      0.00018000      0.00000000      0.00000000      0.00000000      0.19335900      0.00397900      0.04566800     -0.01109400     -0.39806600     -0.64905200      0.64828600      0.89934500     -0.41546200      0.13627000      0.18089200      0.63727700      0.74910200      0.00003700      0.00014500      0.00011200     -0.00000600     -0.00000000      0.00000500      0.08007800      0.07977500      0.04786300     -0.03066100     -0.67156300      0.03562200     -0.74009000     -0.36714200     -0.88359900      0.29061800     -0.64359100      0.46688600      0.60647100      0.00002500      0.00014700      0.00009800     -0.00000000     -0.00000700     -0.00000300     -0.01151600
     0.12961100     -0.00884700      0.39203500      0.79348000     -0.10309300     -0.59983800      0.38707500      0.84604700      0.36653600      0.46872200     -0.52288900      0.71197900      0.00004400      0.00024800      0.00016400      0.00000000      0.00000000      0.00000000      0.15233900     -0.25273100     -0.00519700      0.36611400      0.52122100      0.59424500      0.61253000     -0.81956400      0.54852700      0.16542800     -0.23832200     -0.58897600      0.77212200      0.00022200      0.00088700      0.00068300      0.00000000      0.00000000      0.00000000      0.19293600      0.00398700      0.04567600     -0.01108800     -0.39814400     -0.64904500      0.64824400      0.89931200     -0.41551700      0.13631700      0.18088100      0.63724800      0.74913000      0.00012200      0.00048600      0.00037500      0.00000100     -0.00001700      0.00000400      0.07991400      0.07977600      0.04787400     -0.03066000     -0.67152600      0.03565600     -0.74012200     -0.36715900     -0.88361000      0.29056100     -0.64361900      0.46686200      0.60645900      0.00002600      0.00014400      0.00009500      0.00000000     -0.00000400     -0.00000100     -0.01265900
     0.12961600     -0.00882500      0.39206100      0.79344300     -0.10313500     -0.59988000      0.38713800      0.84602800      0.36651300      0.46873200     -0.52291100      0.71195500      0.00023800      0.00135300      0.00089700      0.00000000      0.00000000      0.00000000      0.15214200     -0.25272400     -0.00517000      0.36613500      0.52116900      0.59425800      0.61256200     -0.81959400      0.54849100      0.16539700     -0.23833400     -0.58899500      0.77210400      0.00017700      0.00070500      0.00054300      0.00000000      0.00000000      0.00000000      0.19327800      0.00399000      0.04569100     -0.01107700     -0.39808900     -0.64905000      0.64827300      0.89933500     -0.41547800      0.13628400      0.18088900      0.63726800      0.74911100      0.00010900      0.00043800      0.00033700     -0.00000100      0.00001100     -0.00000100      0.07975100      0.07977800      0.04788200     -0.03064800     -0.67148600      0.03570300     -0.74015600     -0.36721800     -0.88359700      0.29052700     -0.64362700      0.46688400      0.60643400      0.00013600      0.00077400      0.00051400      0.00108600     -0.01144700      0.02643400     -0.01363900
     0.12962000     -0.00879600      0.39206900      0.79339800     -0.10317900     -0.59993200      0.38718200      0.84603600      0.36644900      0.46877200     -0.52289000      0.71194500      0.00002900      0.00016700      0.00011000      0.00000000      0.00000000      0.00000000      0.15453000     -0.25272100     -0.00515600      0.36614600      0.52471400      0.59115200      0.61254000     -0.81631100      0.55335900      0.16541800     -0.24180900     -0.58756000      0.77211700      0.00001000      0.00004000      0.00003000      0.00000000      0.00000000      0.00000000      0.19273900      0.00399200      0.04569900     -0.01107000     -0.40206400     -0.64650500      0.64836300      0.89682100     -0.42078900      0.13655400      0.18454200      0.63637000      0.74898400     -0.00000000     -0.00000300     -0.00000400     -0.00001800     -0.00008600     -0.00011500      0.07975100      0.07978100      0.04790000     -0.03064200     -0.67143600      0.03575100     -0.74019900     -0.36724800     -0.88360800      0.29045500     -0.64366200      0.46685900      0.60641600      0.00001200      0.00007100      0.00004800      0.00000900     -0.00000100      0.00000700     -0.01265900
     0.12963300     -0.00876800      0.39206300      0.79334100     -0.10322900     -0.59999900      0.38722700      0.84605600      0.36635500      0.46883200     -0.52284800      0.71193600      0.00007500      0.00042700      0.00028300      0.00000000      0.00000000      0.00000000      0.15564700     -0.25273100     -0.00515500      0.36614700      0.52469300      0.59115800      0.61255300     -0.81632300      0.55334500      0.16540600     -0.24181400     -0.58756800      0.77210900      0.00000000      0.00000100      0.00000000      0.00000000      0.00000000      0.00000000      0.19271500      0.00398700      0.04569900     -0.01107000     -0.40204100     -0.64650800      0.64837400      0.89683100     -0.42077300      0.13654100      0.18454400      0.63637800      0.74897600     -0.00000400     -0.00001700     -0.00001100     -0.00003900     -0.00003300     -0.00008600      0.08007800      0.07978700      0.04791300     -0.03064500     -0.67137300      0.03580700     -0.74025400     -0.36727200     -0.88363100      0.29035500     -0.64371500      0.46681100      0.60639700      0.00004400      0.00024700      0.00016400     -0.00000200      0.00000100     -0.00000700     -0.01102600
     0.12963600     -0.00871700      0.39203600      0.79326800     -0.10328500     -0.60008600      0.38724900      0.84611500      0.36619500      0.46893700     -0.52274100      0.71194600      0.00002700      0.00015100      0.00010000      0.00000000      0.00000000      0.00000000      0.15528200     -0.25273400     -0.00516000      0.36613000      0.52467000      0.59116800      0.61256300     -0.81633200      0.55334400      0.16537100     -0.24183800     -0.58756000      0.77210800     -0.00004900     -0.00019500     -0.00015000      0.00000000      0.00000000      0.00000000      0.19306100      0.00398500      0.04569600     -0.01107900     -0.40201300     -0.64651500      0.64838400      0.89683800     -0.42076800      0.13650500      0.18456700      0.63637300      0.74897500     -0.00003700     -0.00014600     -0.00011200     -0.00004900     -0.00000700     -0.00004000      0.08089400      0.07978900      0.04794000     -0.03065900     -0.67129000      0.03587100     -0.74032600     -0.36725800     -0.88369000      0.29019300     -0.64380900      0.46669400      0.60638600      0.00014100      0.00503200     -0.00477500      0.03557100     -0.01325300      0.01818500     -0.00923000
     0.12963000     -0.00867100      0.39201800      0.79477200     -0.10224800     -0.59827100      0.38624700      0.84556900      0.36850800      0.46721600     -0.52382900      0.71227800      0.00007100      0.00040100      0.00026600     -0.00000000      0.00000000     -0.00000000      0.15452100     -0.25273800     -0.00516600      0.36611300      0.52464600      0.59117800      0.61257400     -0.81634000      0.55334200      0.16533600     -0.24186200     -0.58755100      0.77210700     -0.00000600     -0.00002500     -0.00001900      0.00000000      0.00000000      0.00000000      0.19324200      0.00398300      0.04569200     -0.01108800     -0.40198700     -0.64652200      0.64839400      0.89684500     -0.42076500      0.13647000      0.18459100      0.63636800      0.74897300      0.00000100      0.00000200      0.00000100     -0.00002500     -0.00000100     -0.00004100      0.08105700      0.07978600      0.04796100     -0.03066800     -0.67300600      0.03467200     -0.73882300     -0.36676900     -0.88308100      0.29265400     -0.64229400      0.46793600      0.60703600      0.00004300      0.00024500      0.00016200      0.00013900     -0.00014500      0.00024600     -0.01037300
     0.12964100     -0.00866500      0.39202200      0.79474700     -0.10227400     -0.59830000      0.38628000      0.84556600      0.36848100      0.46723200     -0.52382900      0.71226700      0.00003200      0.00018100      0.00012000      0.00000000      0.00000000     -0.00000000      0.15396500     -0.25274900     -0.00516400      0.36610200      0.52462000      0.59118800      0.61258600     -0.81634900      0.55333900      0.16530000     -0.24188700     -0.58754300      0.77210500     -0.00000700     -0.00002800     -0.00002200      0.00000000      0.00000000      0.00000000      0.19326800      0.00397800      0.04569300     -0.01109300     -0.40195900     -0.64652800      0.64840500      0.89685300     -0.42076100      0.13643300      0.18461600      0.63636500      0.74897000      0.00000000      0.00000000     -0.00000100     -0.00002500      0.00000500     -0.00003300      0.08089400      0.07979100      0.04796500     -0.03066600     -0.67297700      0.03470100     -0.73884800     -0.36679700     -0.88308100      0.29262000     -0.64230900      0.46793400      0.60702200      0.00001700      0.00009500      0.00006300      0.00001700     -0.00001700      0.00003600     -0.01118900
     0.12966500     -0.00864600      0.39203400      0.79468400     -0.10233600     -0.59837300      0.38636100      0.84555700      0.36841600      0.46727200     -0.52383100      0.71224000      0.00004500      0.00025700      0.00017000      0.00000000      0.00000000      0.00000000      0.15452700     -0.25274600     -0.00514200      0.36610600      0.52660400      0.59110200      0.61096500     -0.81575100      0.55345800      0.16783600     -0.23958000     -0.58751800      0.77284400      0.00003600      0.00014300      0.00011000     -0.00000000     -0.00000000      0.00000000      0.19288600      0.00398000      0.04570500     -0.01109100     -0.40400600     -0.64678200      0.64687700      0.89639300     -0.42090100      0.13900100      0.18236800      0.63601300      0.74981800      0.00001800      0.00007200      0.00005600      0.00032600      0.00029100     -0.00036600      0.08073100      0.07980300      0.04797500     -0.03066000     -0.67290800      0.03477100     -0.73890800     -0.36686400     -0.88307900      0.29254000     -0.64234300      0.46793200      0.60698700      0.00002000      0.00011400      0.00007400      0.00000400      0.00000500      0.00000500     -0.01118900
     0.12966700     -0.00863100      0.39204400      0.79466100     -0.10236100     -0.59839900      0.38639100      0.84555400      0.36839200      0.46728600     -0.52383100      0.71223000      0.00008200      0.00046700      0.00030900      0.00000000      0.00000000      0.00000000      0.15658400     -0.25274600     -0.00514200      0.36610600      0.52660400      0.59110200      0.61096500     -0.81575100      0.55345800      0.16783600     -0.23958000     -0.58751800      0.77284400      0.00000000      0.00000000      0.00000000      0.00000000      0.00000000      0.00000000      0.19286900      0.00398000      0.04570500     -0.01109100     -0.40400300     -0.64678200      0.64687900      0.89639300     -0.42090100      0.13899700      0.18237200      0.63601400      0.74981700     -0.00000300     -0.00000500     -0.00000400      0.00001500      0.00000600     -0.00004500      0.08024100      0.07980400      0.04798100     -0.03065500     -0.67288200      0.03479800     -0.73893000     -0.36689000     -0.88307900      0.29251000     -0.64235500      0.46793200      0.60697500      0.00005200      0.00029100      0.00019100      0.00000100      0.00000600      0.00000200     -0.00988300
     0.12966700     -0.00862400      0.39203600      0.79457000     -0.10245200     -0.59850400      0.38649600      0.84555500      0.36827900      0.46735300     -0.52381100      0.71220100      0.00000000      0.00000000      0.00000000      0.00000000      0.00000000      0.00000000      0.15758300     -0.25274600     -0.00513400      0.36609900      0.53357900      0.58482500      0.61095400     -0.80912600      0.56310200      0.16782200     -0.24653600     -0.58461700      0.77285500      0.00021000      0.00083700      0.00064400      0.00000000      0.00000000      0.00000000      0.19050900      0.00397900      0.04570600     -0.01109600     -0.41184900     -0.64160500      0.64708700      0.89129000     -0.43144500      0.13948500      0.18968800      0.63418900      0.74954700      0.00017000      0.00067200      0.00051500      0.00029700     -0.00056400     -0.00051600      0.07926100      0.07980500      0.04798600     -0.03065900     -0.67278300      0.03489800     -0.73901600     -0.36697100     -0.88308900      0.29237900     -0.64241400      0.46790500      0.60693400     -0.00000100     -0.00000900     -0.00000800     -0.00000500      0.00000500     -0.00000700     -0.00727000
     0.12966800     -0.00861600      0.39202900      0.79456000     -0.10245800     -0.59851600      0.38649400      0.84556800      0.36825100      0.46737200     -0.52378900      0.71220500      0.00000000      0.00000000      0.00000000      0.00000000      0.00000000      0.00000000      0.15630600     -0.25273400     -0.00512900      0.36610300      0.54038200      0.57849000      0.61100600     -0.80245200      0.57258800      0.16777100     -0.25346200     -0.58168800      0.77282600      0.00021400      0.00085400      0.00065800      0.00022200      0.00006100      0.00028000      0.18748500      0.00398500      0.04570900     -0.01109400     -0.41952900     -0.63634400      0.64734800      0.88611200     -0.44183900      0.13993800      0.19697500      0.63233200      0.74923700      0.00014700      0.00057300      0.00043800      0.00144000     -0.00100000     -0.00009700      0.07746500      0.07980500      0.04798900     -0.03066200     -0.67277100      0.03490600     -0.73902600     -0.36696300     -0.88310100      0.29235300     -0.64243000      0.46788200      0.60693400      0.00000000     -0.00000500     -0.00000500     -0.00001100     -0.00001100     -0.00000800     -0.00727000
     0.12966900     -0.00860900      0.39203400      0.79454800     -0.10247000     -0.59852900      0.38650900      0.84556600      0.36823900      0.46737900     -0.52379000      0.71220000      0.00013300      0.00075800      0.00050200      0.00000000      0.00000000      0.00000000      0.15777800     -0.25272800     -0.00508500      0.36609800      0.56080200      0.55887100      0.61086500     -0.78145500      0.60091000      0.16783600     -0.27396400     -0.57218700      0.77292200      0.00025300      0.01081900     -0.00876100      0.34042300      0.06822800      0.40111000      0.17141200      0.00398800      0.04572900     -0.01109100     -0.44152100     -0.62081200      0.64780400      0.87047100     -0.47144600      0.14148100      0.21757100      0.62636200      0.74855300     -0.00010100      0.00014700      0.00020100      3.39125700      0.84994800      4.45947600      0.06619800      0.07980500      0.04799100     -0.03066100     -0.67275800      0.03491900     -0.73903700     -0.36697500     -0.88310000      0.29233800     -0.64243600      0.46788100      0.60692800      0.00009100      0.00050800      0.00033400     -0.00001300     -0.00000100     -0.00000500     -0.00759700
     0.12965900     -0.00860100      0.39202800      0.79455200     -0.10246400     -0.59852600      0.38649000      0.84558100      0.36822600      0.46738800     -0.52376700      0.71221000      0.00000000      0.00000000      0.00000000      0.00000000      0.00000000      0.00000000      0.16416200     -0.25270700     -0.00491900      0.36600800      0.59392300      0.52540600      0.60925800     -0.74647800      0.64218600      0.17407500     -0.30052600     -0.55884400      0.77281400      0.00037400      0.01130000     -0.00838900      0.77128200      0.50013600      1.64242000      0.15651500      0.00399800      0.04581200     -0.01113700     -0.47589100     -0.59670800      0.64611600      0.84507700     -0.51376200      0.14795900      0.24366200      0.61643100      0.74875900      0.00024900      0.00585500     -0.00404800     -1.76892200     -0.98976500      1.96153600      0.04660300      0.07980000      0.04799700     -0.03066300     -0.67276200      0.03491200     -0.73903400     -0.36695300     -0.88311300      0.29232900     -0.64244500      0.46785900      0.60693600      0.00012500      0.00494000     -0.00483700      0.03557600     -0.01324500      0.01819100     -0.00237200
     0.12965900     -0.00860800      0.39203500      0.79456200     -0.10245700     -0.59851300      0.38649200      0.84556800      0.36825300      0.46737000     -0.52378900      0.71220600      0.00000000      0.00000000      0.00000000      0.00000000      0.00000000      0.00000000      0.16587400     -0.25270000     -0.00477200      0.36591600      0.62203600      0.49593300      0.60589900     -0.71382500      0.67705100      0.17885400     -0.32228900     -0.54438200      0.77436400      0.00027700      0.01091500     -0.00868400      3.39656100      0.97539200      4.34751800      0.14942800      0.00400200      0.04589000     -0.01118500     -0.51193000     -0.56773600      0.64467200      0.81563500     -0.55674800      0.15738600      0.26956700      0.60638800      0.74808100      0.00001500      0.00530700     -0.00436200      3.41214100      0.97005200      4.33323900      0.03549900      0.07980000      0.04799300     -0.03065900     -0.67277400      0.03490400     -0.73902400     -0.36696100     -0.88310100      0.29235500     -0.64242900      0.46788200      0.60693600      0.00000000     -0.00000300     -0.00000500     -0.00000300     -0.00000800      0.00001000      0.00105700
