     0.13569200     -0.02155500      0.41968000      0.64633700     -0.66225500     -0.37909200      0.75424600      0.62978700      0.18561300      0.11502600     -0.40507000      0.90703600      0.01363100     -0.00793400      0.01083000     -0.03485800     -0.00353600      0.01053200     -1.14675600     -0.25726200     -0.01593200      0.38306400      0.53069800      0.74465500      0.40477200     -0.82694600      0.55950900      0.05517000     -0.18604200     -0.36494500      0.91217700     -0.00019600     -0.00074300     -0.00055300      0.00000000      0.00000000      0.00000000     -0.76712300      0.00117700      0.03980400     -0.00303100     -0.39424500     -0.82618100      0.40248400      0.91037300     -0.41097900      0.04811900      0.12565800      0.38538200      0.91416000     -0.00014600     -0.00055800     -0.00041600     -0.00003500     -0.00001300     -0.00009700     -0.85753700      0.08240600      0.04165000     -0.01679100     -0.64917500      0.61349800     -0.44965700     -0.72320900     -0.68098800      0.11498700     -0.23566700      0.39984200      0.88576800      0.00025000      0.00161300      0.00098100      0.00148200     -0.00973800      0.02654100     -1.10033800
     0.13578000     -0.02146300      0.41977000      0.64486700     -0.66315500     -0.38002300      0.75543800      0.62856700      0.18490200      0.11545400     -0.40549300      0.90679300      0.00041700      0.00267300      0.00162600      0.00000000      0.00000000      0.00000000     -1.14673400     -0.25726600     -0.01594500      0.38305300      0.53053800      0.74472400      0.40485400     -0.82704100      0.55937400      0.05511200     -0.18607200     -0.36501200      0.91214400     -0.00007400     -0.00028300     -0.00021000      0.00000000      0.00000000      0.00000000     -0.76871100      0.00117500      0.03979600     -0.00303700     -0.39407300     -0.82622400      0.40256500      0.91044500     -0.41082600      0.04806100      0.12567500      0.38545300      0.91412800     -0.00004100     -0.00016000     -0.00012000     -0.00003800      0.00000400     -0.00005600     -0.85933300      0.08245500      0.04169500     -0.01674000     -0.64769200      0.61448400     -0.45044900     -0.72440100     -0.67985900      0.11416600     -0.23608900      0.40025000      0.88547200      0.00025900      0.00167200      0.00101600      0.00949800     -0.06463800      0.18746700     -1.09984800
     0.13572800     -0.02140500      0.41980600      0.64430100     -0.66351200     -0.38035900      0.75589500      0.62810800      0.18459600      0.11562900     -0.40561800      0.90671400     -0.01289100      0.00382400      0.00261500     -0.00098400      0.01471500     -0.02955300     -1.14787500     -0.25726900     -0.01595900      0.38304300      0.53050200      0.74474000      0.40487200     -0.82706300      0.55934300      0.05509900     -0.18607900     -0.36502700      0.91213700     -0.00011000     -0.00041900     -0.00031200      0.00000000      0.00000000      0.00000000     -0.77085300      0.00117300      0.03978900     -0.00304200     -0.39403400     -0.82623400      0.40258300      0.91046200     -0.41079100      0.04804900      0.12567800      0.38547000      0.91412000     -0.00005300     -0.00020400     -0.00015200     -0.00002700     -0.00000100     -0.00004600     -0.85884300      0.08243500      0.04172500     -0.01672100     -0.64710700      0.61488400     -0.45074200     -0.72486300     -0.67942800      0.11380000     -0.23627300      0.40036700      0.88537000      0.00023300      0.00149700      0.00091100      0.00020900     -0.00005200     -0.00033800     -1.10001100
     0.13564800     -0.02126800      0.41989200      0.64285700     -0.66441200     -0.38122800      0.75705200      0.62693900      0.18382000      0.11608100     -0.40595000      0.90650700      0.00058600      0.00374600      0.00227400      0.00134300     -0.00935900      0.02722400     -1.14934800     -0.25727300     -0.01597300      0.38303300      0.53046700      0.74475500      0.40489100     -0.82708400      0.55931300      0.05508600     -0.18608600     -0.36504200      0.91212900     -0.00000600     -0.00002100     -0.00001600      0.00000000      0.00000000      0.00000000     -0.78030200      0.00117100      0.03978100     -0.00304800     -0.39399500     -0.82624400      0.40260100      0.91047800     -0.41075600      0.04803600      0.12568100      0.38548600      0.91411300      0.00000400      0.00001500      0.00001200     -0.00001000     -0.00000400     -0.00003500     -0.85966000      0.08238900      0.04179100     -0.01668000     -0.64569300      0.61585100     -0.45145000     -0.72597900     -0.67838200      0.11291800     -0.23671500      0.40065400      0.88512200      0.00025000      0.00161100      0.00098000      0.00941000     -0.06460900      0.18764500     -1.10082700
     0.13574700     -0.02113600      0.41993400      0.64230400     -0.66531100     -0.38059400      0.75783500      0.62556700      0.18526600      0.11403400     -0.40659400      0.90647900      0.01360700      0.00082400      0.00020800      0.00098400     -0.01471500      0.02955300     -1.14859700     -0.25725300     -0.01597600      0.38303000      0.53050700      0.74473900      0.40486700     -0.82706100      0.55934700      0.05510100     -0.18607600     -0.36502300      0.91213900     -0.00000000     -0.00000000     -0.00000000      0.00000000      0.00000000      0.00000000     -0.78377300      0.00118100      0.03978000     -0.00304900     -0.39403700     -0.82623500      0.40257800      0.91046100     -0.41079200      0.04805100      0.12567500      0.38546600      0.91412200      0.00000200      0.00000700      0.00001100      0.00000300     -0.00001700     -0.00003200     -0.85982300      0.08243900      0.04186300     -0.01665500     -0.64526600      0.61679500     -0.45077100     -0.72700600     -0.67705600      0.11426600     -0.23471900      0.40144500      0.88529500      0.00679700      0.00037600      0.00008000      0.00244500     -0.01577300      0.03021200     -1.10131700
     0.13583300     -0.02110000      0.41995400      0.64228400     -0.66588600     -0.37962000      0.75819500      0.62459300      0.18707000      0.11174700     -0.40714700      0.90651600      0.00001300      0.00008600      0.00005200     -0.00000000      0.00000000     -0.00000000     -1.14903500     -0.25726100     -0.01596800      0.38303600      0.53050500      0.74473900      0.40487000     -0.82706200      0.55934500      0.05510000     -0.18607700     -0.36502500      0.91213800      0.00000000      0.00000000      0.00000000      0.00000000      0.00000000      0.00000000     -0.78586400      0.00117700      0.03978500     -0.00304500     -0.39403400     -0.82623500      0.40258000      0.91046200     -0.41079000      0.04805000      0.12567600      0.38546800      0.91412100     -0.00677500      0.00102600      0.00100800     -0.00204800      0.01521300     -0.02927100     -0.85998600      0.08248300      0.04188300     -0.01664400     -0.64538600      0.61737100     -0.44980900     -0.72761300     -0.67610600      0.11601000     -0.23249800      0.40215900      0.88555700      0.00662200     -0.00074600     -0.00060000      0.01143500     -0.08017300      0.21798200     -1.10131700
     0.13588100     -0.02112000      0.41994100      0.64188900     -0.66611800     -0.37988200      0.75850900      0.62427400      0.18686300      0.11188500     -0.40725700      0.90644900     -0.00021400     -0.00137800     -0.00083500      0.00000000      0.00000000      0.00000000     -1.14898300     -0.25726300     -0.01597500      0.38303100      0.53048700      0.74474700      0.40487900     -0.82707300      0.55933000      0.05509400     -0.18608100     -0.36503200      0.91213400     -0.00000900     -0.00003300     -0.00002400      0.00000000      0.00000000      0.00000000     -0.78615800      0.00117600      0.03978100     -0.00304800     -0.39401500     -0.82624000      0.40258900      0.91047000     -0.41077300      0.04804300      0.12567800      0.38547600      0.91411800     -0.00000400     -0.00001500     -0.00001000     -0.00000800      0.00000600     -0.00002000     -0.85982300      0.08250700      0.04187400     -0.01665000     -0.64498000      0.61762900     -0.45003800     -0.72792500     -0.67581300      0.11575800     -0.23264600      0.40225600      0.88547400      0.00649600     -0.00156100     -0.00109400     -0.00014000     -0.00548200      0.00232500     -1.10131700
     0.13602200     -0.02112600      0.41994600      0.64147800     -0.66503600     -0.38246300      0.75874700      0.62361300      0.18809900      0.11262400     -0.41002400      0.90511000      0.01348800      0.00007900     -0.00024600      0.00028500     -0.01592400      0.02917200     -1.15080600     -0.25726700     -0.01599600      0.38302800      0.53043900      0.74476500      0.40490800     -0.82710500      0.55928100      0.05510100     -0.18607100     -0.36507100      0.91212100     -0.00004400     -0.00016900     -0.00012600      0.00000000      0.00000000      0.00000000     -0.78850100      0.00117400      0.03977000     -0.00304900     -0.39396400     -0.82625000      0.40261800      0.91049400     -0.41071900      0.04805000      0.12566200      0.38551200      0.91410500     -0.00002600     -0.00009600     -0.00007300     -0.00000900      0.00000200     -0.00001900     -0.85982300      0.08257100      0.04186300     -0.01665200     -0.64426500      0.61647500     -0.45263700     -0.72830000     -0.67518500      0.11705600     -0.23345200      0.40507100      0.88397700      0.00001900      0.00012200      0.00007100      0.01669200     -0.05329900      0.18995700     -1.10213400
     0.13613400     -0.02113600      0.41996100      0.64082100     -0.66541900     -0.38290000      0.75927400      0.62306200      0.18780000      0.11281300     -0.41024100      0.90498700      0.01326800     -0.00133300     -0.00110200      0.00098400     -0.01471500      0.02955300     -1.14998800     -0.25727300     -0.01598100      0.38304000      0.53045500      0.74475800      0.40490100     -0.82709600      0.55929400      0.05510600     -0.18606900     -0.36506500      0.91212300      0.00004600      0.00017300      0.00012900      0.00000000      0.00000000      0.00000000     -0.79098700      0.00117100      0.03977800     -0.00304300     -0.39398000     -0.82624600      0.40261200      0.91048800     -0.41073300      0.04805600      0.12566000      0.38550600      0.91410700      0.00002800      0.00010700      0.00007800     -0.00000800      0.00000300     -0.00001200     -0.85966000      0.08262800      0.04186200     -0.01664200     -0.64370300      0.61690100     -0.45285600     -0.72875300     -0.67476200      0.11668000     -0.23359000      0.40512800      0.88391500     -0.00002400     -0.00456200      0.00519500     -0.03568000      0.01140500     -0.01897300     -1.10180700
     0.13612400     -0.02115600      0.41998500      0.64042400     -0.66566400     -0.38313600      0.75960000      0.62270800      0.18765800      0.11287400     -0.41037900      0.90491700      0.00000000      0.00000100      0.00000000     -0.00000000     -0.00000000     -0.00000000     -1.14900800     -0.25728100     -0.01597200      0.38304700      0.53032900      0.74481200      0.40496700     -0.82717100      0.55918800      0.05506000     -0.18609400     -0.36511900      0.91209700      0.00001700      0.00006600      0.00004900      0.00000000      0.00000000      0.00000000     -0.79151900      0.00116700      0.03978300     -0.00304000     -0.39384600     -0.82627800      0.40267700      0.91054300     -0.41061500      0.04801000      0.12567600      0.38556300      0.91408100      0.00000500      0.00002100      0.00001500     -0.00001500     -0.00000600     -0.00000300     -0.85917000      0.08262800      0.04185200     -0.01663100     -0.64317000      0.61726000     -0.45312400     -0.72918900     -0.67433500      0.11641900     -0.23369600      0.40529000      0.88381200     -0.00000400     -0.00001700     -0.00001100      0.00926300     -0.06454300      0.18791300     -1.10148100
     0.13611100     -0.02122500      0.42004000      0.63933100     -0.66633700     -0.38379200      0.76049400      0.62173500      0.18725900      0.11305000     -0.41076000      0.90472300     -0.00000400     -0.00002700     -0.00001600     -0.00000000     -0.00000000     -0.00000000     -1.14634300     -0.25727700     -0.01599400      0.38303000      0.53029500      0.74482700      0.40498300     -0.82719100      0.55915900      0.05504800     -0.18609900     -0.36513200      0.91209100     -0.00016300     -0.00061700     -0.00045900      0.00000000      0.00000000      0.00000000     -0.79184200      0.00117000      0.03977200     -0.00304800     -0.39381100     -0.82628700      0.40269200      0.91055800     -0.41058300      0.04799800      0.12567800      0.38557700      0.91407500     -0.00010500     -0.00039900     -0.00029800     -0.00000700      0.00000100     -0.00000700     -0.85949600      0.08262100      0.04181700     -0.01660400     -0.64206500      0.61800700     -0.45367200     -0.73010500     -0.67343000      0.11592100     -0.23387700      0.40565700      0.88359600     -0.00000200     -0.00000800     -0.00000400      0.00002300      0.00000300      0.00002300     -1.10066400
     0.13613300     -0.02122500      0.42006200      0.63838300     -0.66690600     -0.38438100      0.76125000      0.62094800      0.18680000      0.11331500     -0.41102700      0.90456800      0.01328900     -0.00120800     -0.00102600      0.00098400     -0.01471500      0.02955300     -1.14295200     -0.25726100     -0.01605400      0.38298400      0.53021300      0.74486400      0.40502200     -0.82724100      0.55908800      0.05501800     -0.18611200     -0.36516400      0.91207500     -0.00030400     -0.00115300     -0.00085900      0.00000000      0.00000000      0.00000000     -0.79257200      0.00117700      0.03974200     -0.00307100     -0.39372300     -0.82631000      0.40273000      0.91059500     -0.41050400      0.04796900      0.12568600      0.38561100      0.91406000     -0.00018700     -0.00071300     -0.00053200     -0.00000200     -0.00000200     -0.00000700     -0.85949600      0.08262700      0.04181700     -0.01659200     -0.64123800      0.61855400     -0.45409700     -0.73076100     -0.67279800      0.11545900     -0.23409800      0.40587300      0.88343800      0.00001700      0.00011000      0.00006900      0.00001200      0.00000900      0.00000800     -1.09968400
     0.13613400     -0.02121800      0.42006700      0.63802900     -0.66711800     -0.38460100      0.76153000      0.62066200      0.18661000      0.11342900     -0.41111500      0.90451400      0.00000900      0.00006100      0.00003700     -0.00000000     -0.00000000     -0.00000000     -1.14175300     -0.25726000     -0.01609000      0.38295700      0.53014400      0.74489500      0.40505600     -0.82728300      0.55902900      0.05499300     -0.18612400     -0.36519200      0.91206100     -0.00042600     -0.00161700     -0.00120500      0.00000000      0.00000000      0.00000000     -0.79279900      0.00117800      0.03972500     -0.00308300     -0.39364900     -0.82632900      0.40276400      0.91062600     -0.41043800      0.04794400      0.12569300      0.38564100      0.91404600     -0.00028900     -0.00110100     -0.00081900     -0.00210500      0.01184400     -0.02619200     -0.85933300      0.08263300      0.04182100     -0.01659000     -0.64074500      0.61887600     -0.45435400     -0.73114200     -0.67243400      0.11515700     -0.23425500      0.40598400      0.88334600      0.00000300      0.00002100      0.00001300      0.00001400     -0.00000600      0.00001100     -1.09886800
     0.13612800     -0.02124900      0.42014400      0.63761400     -0.66605700     -0.38712100      0.76179400      0.61992200      0.18798700      0.11398800     -0.41393700      0.90315600      0.00013100      0.00084700      0.00051400     -0.01785400     -0.03131400     -0.00984400     -1.14008300     -0.25731000     -0.01616200      0.38290500      0.52988600      0.74500500      0.40519200     -0.82743600      0.55881100      0.05489900     -0.18617600     -0.36530300      0.91200700     -0.00063500     -0.00240900     -0.00179600      0.00000000      0.00000000      0.00000000     -0.79271200      0.00115300      0.03969000     -0.00310900     -0.39337600     -0.82639400      0.40289800      0.91074000     -0.41019700      0.04785000      0.12572400      0.38575900      0.91399200     -0.00037300     -0.00141700     -0.00105500     -0.00210800      0.01185100     -0.02618800     -0.85933300      0.08262900      0.04180300     -0.01655200     -0.63997000      0.61768800     -0.45705400     -0.73161000     -0.67166300      0.11668100     -0.23491400      0.40905700      0.88175100      0.00006100     -0.00400900      0.00553400     -0.03871200      0.00247900     -0.02509900     -1.09723500
     0.13612200     -0.02136100      0.42033900      0.63702000     -0.66644900     -0.38742300      0.76233400      0.61919800      0.18818200      0.11369200     -0.41438900      0.90298500      0.00012400      0.00080000      0.00048500     -0.00000400     -0.00000700     -0.00000200     -1.13946500     -0.25738600     -0.01625100      0.38284000      0.53406000      0.74195100      0.40531500     -0.82424900      0.56350900      0.05481600     -0.18838400     -0.36429400      0.91195700     -0.00084600     -0.00320500     -0.00239200     -0.00210100      0.01183900     -0.02618800     -0.79283500      0.00111500      0.03964500     -0.00314200     -0.39801500     -0.82409100      0.40305900      0.90839400     -0.41537800      0.04774800      0.12807300      0.38514100      0.91392700     -0.00042000     -0.00159800     -0.00119100     -0.00214700      0.01183300     -0.02629400     -0.85966000      0.08262700      0.04174900     -0.01645400     -0.63941300      0.61826100     -0.45706000     -0.73219900     -0.67103000      0.11662900     -0.23459400      0.40923300      0.88175500      0.00006000      0.00040900      0.00024700      0.00061800      0.00103200      0.00027500     -1.09658200
     0.13613100     -0.02151200      0.42051000      0.63602000     -0.66707800     -0.38798300      0.76319400      0.61814600      0.18815800      0.11352900     -0.41494500      0.90275100      0.00000000      0.00000000      0.00000000     -0.00000000     -0.00000000     -0.00000000     -1.13859700     -0.25741100     -0.01630400      0.38280100      0.53389700      0.74202200      0.40540000     -0.82434800      0.56337100      0.05475600     -0.18841600     -0.36436300      0.91192200     -0.00041000     -0.00155200     -0.00115900     -0.00210100      0.01183900     -0.02618800     -0.79342300      0.00110200      0.03961700     -0.00316300     -0.39785800     -0.82413100      0.40313300      0.90846100     -0.41523800      0.04769500      0.12808900      0.38520700      0.91389600     -0.00000700     -0.00002700     -0.00002200     -0.00003900     -0.00000300     -0.00006600     -0.86014900      0.08263200      0.04167400     -0.01636800     -0.63840600      0.61896500     -0.45751500     -0.73312600     -0.67004000      0.11650000     -0.23444300      0.40979000      0.88153700     -0.00000500     -0.00002000     -0.00001200      0.00000700      0.00003300      0.00004900     -1.09527500
     0.13614000     -0.02157500      0.42056700      0.63554700     -0.66737000     -0.38825600      0.76359100      0.61767500      0.18809100      0.11350500     -0.41517600      0.90264800     -0.00006200     -0.00922600      0.01033800     -0.03584900      0.01110600     -0.01905100     -1.13836500     -0.25740900     -0.01629700      0.38280600      0.53391500      0.74201400      0.40539100     -0.82433700      0.56338600      0.05476200     -0.18841300     -0.36435500      0.91192600      0.00018300      0.00069400      0.00051800      0.00000000      0.00000000      0.00000000     -0.79351500      0.00110200      0.03961600     -0.00316300     -0.39785700     -0.82413100      0.40313300      0.90846100     -0.41523700      0.04769500      0.12808900      0.38520700      0.91389600      0.00012300      0.00046400      0.00034500     -0.00003600     -0.00000400     -0.00005100     -0.86096600      0.08263600      0.04164500     -0.01634400     -0.63791600      0.61929600     -0.45775000     -0.73355000     -0.66960000      0.11635800     -0.23445000      0.41000900      0.88143300     -0.00001600     -0.00008900     -0.00005300     -0.00000200     -0.00000100      0.00003400     -1.09478600
     0.13615000     -0.02159000      0.42058200      0.63464700     -0.66790400     -0.38880900      0.76430300      0.61692800      0.18765300      0.11374900     -0.41542700      0.90250100     -0.00000000     -0.00000000     -0.00000000     -0.00000000     -0.00000000     -0.00000000     -1.13729100     -0.25740000     -0.01625500      0.38282500      0.53389300      0.74202600      0.40539800     -0.82434600      0.56337600      0.05473000     -0.18843500     -0.36434600      0.91192500      0.00033000      0.00125100      0.00093400     -0.01449700      0.08171100     -0.18072700     -0.79347600      0.00110700      0.03963900     -0.00315300     -0.39783100     -0.82414000      0.40314000      0.90846900     -0.41522300      0.04766300      0.12811200      0.38520200      0.91389500      0.00018600      0.00070200      0.00052400     -0.01451200      0.08170900     -0.18076100     -0.86145600      0.08264100      0.04163400     -0.01633300     -0.63701600      0.61988500     -0.45820500     -0.73426100     -0.66890500      0.11587100     -0.23466900      0.41025400      0.88126100     -0.00000100      0.00000100     -0.00000100     -0.00000200     -0.00001400      0.00003000     -1.09380600
     0.13615000     -0.02158300      0.42057400      0.63350200     -0.66857800     -0.38951800      0.76519500      0.61601600      0.18701100      0.11413500     -0.41569400      0.90233000     -0.00000000     -0.00000000     -0.00000000     -0.00000000     -0.00000000     -0.00000000     -1.13538500     -0.25738600     -0.01624300      0.38283300      0.53394900      0.74200200      0.40536800     -0.82431200      0.56342300      0.05475100     -0.18842400     -0.36432200      0.91193700      0.00000200      0.00000800      0.00000600      0.00000000      0.00000000      0.00000000     -0.79271200      0.00111500      0.03964800     -0.00314600     -0.39789000     -0.82412600      0.40311000      0.90844400     -0.41527500      0.04768400      0.12810400      0.38517700      0.91390700     -0.00000500     -0.00001800     -0.00001500     -0.00000600      0.00000300     -0.00002800     -0.86178200      0.08264100      0.04163700     -0.01633700     -0.63585400      0.62063600     -0.45880100     -0.73514500     -0.66806000      0.11513200     -0.23505200      0.41049300      0.88104700     -0.00000000      0.00000000     -0.00000100      0.00000300      0.00000600      0.00002300     -1.09315300
     0.13616000     -0.02158400      0.42057300      0.63291600     -0.66892100     -0.38988100      0.76565100      0.61554400      0.18669600      0.11432300     -0.41584000      0.90223900     -0.00000000     -0.00000000     -0.00000000     -0.00000000     -0.00000000     -0.00000000     -1.13470300     -0.25738800     -0.01625000      0.38282800      0.53393100      0.74201000      0.40537700     -0.82432300      0.56340800      0.05474400     -0.18842700     -0.36432900      0.91193300     -0.00019000     -0.00072000     -0.00053700      0.00000000      0.00000000      0.00000000     -0.79216400      0.00111400      0.03964600     -0.00314700     -0.39787100     -0.82413100      0.40311900      0.90845200     -0.41525800      0.04767700      0.12810600      0.38518500      0.91390400     -0.00015500     -0.00058500     -0.00043600      0.00000300      0.00000200     -0.00003700     -0.86194600      0.08264600      0.04163700     -0.01633700     -0.63526100      0.62101800     -0.45910700     -0.73559900     -0.66762400      0.11476700     -0.23523900      0.41062600      0.88093600      0.00000100      0.00000000     -0.00000100      0.00001700     -0.00000900      0.00003300     -1.09282600
     0.13619000     -0.02158700      0.42057100      0.63195300     -0.66948200     -0.39048100      0.76640000      0.61476900      0.18617700      0.11463300     -0.41608400      0.90208700     -0.00000000     -0.00000000     -0.00000000     -0.00000000     -0.00000000     -0.00000000     -1.13439800     -0.25741700     -0.01628100      0.38280500      0.53380100      0.74206500      0.40544600     -0.82440100      0.56329800      0.05469700     -0.18845400     -0.36438500      0.91190600     -0.00030500     -0.00115500     -0.00086300      0.00000000      0.00000000      0.00000000     -0.79209200      0.00109900      0.03962900     -0.00316000     -0.39773200     -0.82416400      0.40318800      0.90851100     -0.41513600      0.04763000      0.12812300      0.38524500      0.91387600     -0.00016500     -0.00062700     -0.00046800     -0.00000700     -0.00001800     -0.00002100     -0.86227200      0.08266000      0.04163500     -0.01633800     -0.63428200      0.62164300     -0.45961200     -0.73634400     -0.66690500      0.11416600     -0.23554700      0.41084700      0.88075000      0.00000100      0.00000000     -0.00000200      0.00000800     -0.00000500      0.00002600     -1.09249900
     0.13620900     -0.02158900      0.42056900      0.63100600     -0.67003200     -0.39106600      0.76713300      0.61400800      0.18566800      0.11493500     -0.41632100      0.90193900     -0.00000000     -0.00000000     -0.00000000     -0.00000000     -0.00000000     -0.00000000     -1.13237900     -0.25749100     -0.01631300      0.38277100      0.53369000      0.74211300      0.40550600     -0.82446300      0.56321500      0.05463100     -0.18849900     -0.36441900      0.91188300     -0.00042200     -0.00159700     -0.00119300      0.00000000      0.00000000      0.00000000     -0.79245000      0.00106300      0.03961400     -0.00317600     -0.39761400     -0.82419300      0.40324600      0.90855700     -0.41504200      0.04756500      0.12816200      0.38528500      0.91385300     -0.00024200     -0.00091500     -0.00068100     -0.00211000      0.01183800     -0.02619700     -0.86112900      0.08267000      0.04163400     -0.01633900     -0.63332200      0.62225800     -0.46010500     -0.73707400     -0.66619900      0.11357600     -0.23584800      0.41106200      0.88056900      0.00000100      0.00000000     -0.00000100      0.00929200     -0.06421400      0.18802200     -1.09168300
     0.13618800     -0.02159500      0.42056600      0.63068800     -0.66887900     -0.39354600      0.76728900      0.61344300      0.18688600      0.11563600     -0.41899500      0.90061000     -0.00000500     -0.00003600     -0.00002200     -0.26865200     -0.56305500      0.03167000     -1.13119000     -0.25749700     -0.01633400      0.38275600      0.53363600      0.74213600      0.40553300     -0.82449500      0.56316900      0.05461200     -0.18851000     -0.36444100      0.91187200     -0.00001400     -0.00005100     -0.00003800      0.00000000      0.00000000      0.00000000     -0.79221900      0.00105900      0.03960000     -0.00318600     -0.39755700     -0.82420700      0.40327400      0.90858100     -0.41499100      0.04754500      0.12816800      0.38530900      0.91384200      0.00000400      0.00001400      0.00001200     -0.00000100      0.00000300     -0.00001000     -0.86227200      0.08266000      0.04163100     -0.01634100     -0.63280000      0.62259800     -0.46036400     -0.73747200     -0.66581400      0.11325300     -0.23600600      0.41117200      0.88047600     -0.00000200     -0.00001500     -0.00000900      0.00000800      0.00000800      0.00000600     -1.09054000
     0.13617800     -0.02159400      0.42056700      0.63454300     -0.66519100     -0.39360200      0.76371800      0.61790000      0.18683300      0.11814300     -0.41832400      0.90059700     -0.00000000     -0.00000100     -0.00000000     -0.00401900     -0.00731300     -0.00238300     -1.12881500     -0.25750900     -0.01633900      0.38275200      0.53359800      0.74215200      0.40555400     -0.82451800      0.56313700      0.05459800     -0.18851800     -0.36445800      0.91186300     -0.00000600     -0.00002400     -0.00001800      0.00000000      0.00000000      0.00000000     -0.79207600      0.00105300      0.03959800     -0.00318800     -0.39751600     -0.82421700      0.40329400      0.90859900     -0.41495500      0.04753200      0.12817300      0.38532700      0.91383400      0.00000500      0.00001900      0.00001500     -0.00000300     -0.00000500     -0.00000700     -0.86210900      0.08265500      0.04163200     -0.01634000     -0.63623000      0.61702400     -0.46313300     -0.73351800     -0.66982100      0.11528200     -0.23908400      0.41306200      0.87875900     -0.00000000      0.00000500      0.00000400      0.01113300      0.01585100      0.00237200     -1.08988700
     0.13617800     -0.02160000      0.42057500      0.63421400     -0.66538600     -0.39380100      0.76397800      0.61762500      0.18667800      0.11822600     -0.41841800      0.90054200     -0.00000000     -0.00000000     -0.00000000     -0.00000100     -0.00000200     -0.00000000     -1.12907600     -0.25752100     -0.01633700      0.38274200      0.53344900      0.74222000      0.40562700     -0.82460300      0.56301900      0.05451900     -0.18856600     -0.36450300      0.91183500     -0.00013700     -0.00052000     -0.00038900      0.00000000      0.00000000      0.00000000     -0.79211900      0.00104800      0.03960100     -0.00319200     -0.39735600     -0.82425900      0.40336600      0.90866300     -0.41482300      0.04745300      0.12821200      0.38538000      0.91380600     -0.00007400     -0.00028200     -0.00021000     -0.00000300      0.00001000      0.00000100     -0.86161900      0.08265500      0.04162900     -0.01633600     -0.63591400      0.61737000     -0.46310500     -0.73377800     -0.66959400      0.11494600     -0.23912800      0.41291200      0.87881700     -0.00000000      0.00000200     -0.00000000      0.00026900      0.00059400      0.00030600     -1.08890700
     0.13618700     -0.02160900      0.42056900      0.63375900     -0.66565300     -0.39408300      0.76433400      0.61726000      0.18643000      0.11837200     -0.41853200      0.90047000     -0.00000000     -0.00000200     -0.00000100     -0.00000000     -0.00000000     -0.00000000     -1.12942900     -0.25753300     -0.01637800      0.38269800      0.53333600      0.74227200      0.40568100     -0.82466700      0.56293200      0.05445300     -0.18860600     -0.36453200      0.91181600     -0.00038100     -0.00144200     -0.00107800      0.00000000      0.00000000      0.00000000     -0.79153300      0.00104100      0.03958100     -0.00321300     -0.39723500     -0.82429100      0.40341900      0.90871100     -0.41472600      0.04738800      0.12824700      0.38541600      0.91378600     -0.00020200     -0.00076900     -0.00057300     -0.00000400      0.00000600      0.00000400     -0.86014900      0.08265900      0.04162400     -0.01633900     -0.63544800      0.61767500     -0.46333800     -0.73413500     -0.66925200      0.11465600     -0.23927000      0.41301100      0.87873200      0.00000100      0.00000600      0.00000300     -0.00005100      0.00003300      0.00013400     -1.08841700
     0.13618800     -0.02160200      0.42057400      0.63340200     -0.66586300     -0.39430200      0.76461200      0.61697400      0.18623500      0.11848500     -0.41861900      0.90041500      0.00003300      0.00021200      0.00012900     -0.00000000     -0.00000000     -0.00000000     -1.12980700     -0.25755600     -0.01641700      0.38265700      0.53320300      0.74233200      0.40574600     -0.82474300      0.56282800      0.05438000     -0.18865100     -0.36457000      0.91179100     -0.00057500     -0.00217300     -0.00162500      0.00000000      0.00000000      0.00000000     -0.79141600      0.00103000      0.03956200     -0.00323300     -0.39709400     -0.82432800      0.40348300      0.90876700     -0.41461000      0.04731500      0.12828500      0.38546100      0.91376200     -0.00036200     -0.00137500     -0.00102700     -0.00000800      0.00000500      0.00000500     -0.86112900      0.08266000      0.04162800     -0.01633700     -0.63508400      0.61791200     -0.46352200     -0.73441400     -0.66898500      0.11443100     -0.23938100      0.41309100      0.87866400      0.00002100      0.00013700      0.00008400     -0.00003400      0.00002100      0.00010800     -1.08841700
     0.13617800     -0.02160000      0.42057500      0.63251100     -0.66638800     -0.39484500      0.76530500      0.61626100      0.18575000      0.11876500     -0.41883300      0.90027800      0.00000000      0.00000000      0.00000000      0.00928600     -0.06422000      0.18800600     -1.12942700     -0.25760000     -0.01645600      0.38247400      0.53311000      0.74240200      0.40573900     -0.82474700      0.56285300      0.05405700     -0.18889400     -0.36438900      0.91181300     -0.00086800      0.00639400     -0.01224900      0.03599500     -0.01480100      0.01602300     -0.79057200      0.00100800      0.03954200     -0.00332500     -0.39699100     -0.82438100      0.40347600      0.90877400     -0.41463200      0.04699200      0.12855500      0.38532400      0.91378200     -0.00045700      0.00310200     -0.00619500      0.03599500     -0.01480100      0.01602600     -0.86145600      0.08265500      0.04162900     -0.01633600     -0.63429400      0.61842500     -0.46391900     -0.73501800     -0.66840500      0.11394100     -0.23962200      0.41326100      0.87851900     -0.00000000     -0.00000200     -0.00000200     -0.00002500      0.00000900      0.00006100     -1.08825400
     0.13619800     -0.02160300      0.42057300      0.63167800     -0.66687200     -0.39535900      0.76595100      0.61559400      0.18529700      0.11903200     -0.41904100      0.90014600      0.01326800     -0.00136500     -0.00112100      0.00098400     -0.01471500      0.02955300     -1.12980800     -0.25767800     -0.01647300      0.38218200      0.53270800      0.74263100      0.40584700     -0.82489500      0.56270100      0.05337900     -0.18938400     -0.36415600      0.91180500     -0.00155000      0.00382300     -0.01418100      0.03389700     -0.00295000     -0.01015900     -0.78756500      0.00097000      0.03953600     -0.00346300     -0.39656200     -0.82453500      0.40358200      0.90889100     -0.41445000      0.04634000      0.12905600      0.38519000      0.91376800     -0.00076300     -0.00289600     -0.00217400     -0.00209500      0.01186700     -0.02617800     -0.86129200      0.08266000      0.04162800     -0.01633700     -0.63335300      0.61903000     -0.46439700     -0.73573400     -0.66771600      0.11335700     -0.23991500      0.41346800      0.87834100      0.00000000     -0.00000100     -0.00000200     -0.00000600     -0.00000600      0.00006500     -1.08841700
     0.13619800     -0.02160300      0.42057300      0.63141100     -0.66566800     -0.39780800      0.76606200      0.61508200      0.18653700      0.11973300     -0.42169600      0.89881300      0.00000000      0.00000000      0.00000000     -0.03919000     -0.07112300     -0.02231000     -1.12970300     -0.25784100     -0.01645800      0.38178800      0.53226500      0.74289900      0.40593900     -0.82502300      0.56260200      0.05244300     -0.19007500     -0.36376100      0.91181800     -0.00169100      0.00329800     -0.01458400      0.03389600     -0.00295300     -0.01016100     -0.71514200      0.00088800      0.03954100     -0.00366200     -0.39607800     -0.82472500      0.40367000      0.90899500     -0.41432500      0.04540500      0.12980400      0.38491800      0.91377600     -0.00083200     -0.00315900     -0.00237200     -0.00210600      0.01189500     -0.02615700     -0.85100500      0.08266500      0.04162800     -0.01633700     -0.63269300      0.61777100     -0.46696600     -0.73604900     -0.66714200      0.11468100     -0.24068600      0.41626800      0.87680600      0.00000100     -0.00000000     -0.00000200     -0.03748300     -0.07014700     -0.02388000     -1.08890700
     0.13620800     -0.02161000      0.42058000      0.63129100     -0.66573900     -0.39788200      0.76615800      0.61497500      0.18649500      0.11975100     -0.42174100      0.89878900      0.00000000      0.00000000      0.00000000     -0.00057300     -0.00104000     -0.00032600     -1.12980400     -0.25791200     -0.01646300      0.38160600      0.53204900      0.74302600      0.40599000     -0.82509200      0.56254000      0.05202600     -0.19038200     -0.36359800      0.91182000     -0.00156600      0.00377300     -0.01423200      0.03389500     -0.00295400     -0.01016200     -0.59946300      0.00085300      0.03953700     -0.00375400     -0.39584200     -0.82481400      0.40371900      0.90905000     -0.41424900      0.04498800      0.13013400      0.38481000      0.91377500     -0.00074500     -0.00282500     -0.00212400     -0.00210200      0.01189000     -0.02614900     -0.80708000      0.08267000      0.04162400     -0.01633400     -0.63260700      0.61786400     -0.46695800     -0.73611500     -0.66708700      0.11457700     -0.24070900      0.41621800      0.87682400      0.00000000      0.00000100     -0.00000000      0.00637200      0.01022400      0.00203700     -1.08890700
     0.13619800     -0.02161600      0.42058900      0.63120700     -0.66579100     -0.39792700      0.76622600      0.61489700      0.18647200      0.11975300     -0.42177300      0.89877400      0.00000000      0.00000000      0.00000000     -0.00000000     -0.00000000     -0.00000000     -1.12751800     -0.25810000     -0.01645500      0.38133500      0.53288800      0.74326500      0.40444900     -0.82505500      0.56243100      0.05375400     -0.18817500     -0.36327700      0.91240500     -0.00093700      0.00614400     -0.01245100      0.03598000     -0.01487400      0.01599000     -0.34496500      0.00076300      0.03953700     -0.00389200     -0.39667200     -0.82518100      0.40215200      0.90899400     -0.41417700      0.04675000      0.12798500      0.38409900      0.91437700     -0.00048400     -0.00183600     -0.00138000      0.00244600      0.00194900     -0.00117400     -0.64934100      0.08266500      0.04162100     -0.01632900     -0.63253100      0.61798200     -0.46690600     -0.73618700     -0.66702500      0.11448000     -0.24069200      0.41614300      0.87686400      0.00000000      0.00000000     -0.00000100      0.00008600      0.00022900      0.00013100     -1.08858000
