     0.16156200      0.01375200      0.43086000     -0.75850900      0.47106500     -0.45034000     -0.48974100     -0.86788500     -0.08307300     -0.42903800      0.15694600      0.88956200      0.00029600      0.00378100      0.00165900     -0.06724700     -0.01240500      0.13283400      0.26681900     -0.18440200      0.03735900      0.39100000      0.85357000      0.34462800      0.39069200     -0.46399200      0.84372700      0.26975900     -0.23773600     -0.41197500      0.87955700      0.00007300      0.00253800      0.00124800      0.00179200     -0.01300600      0.02565200      0.26966600     -0.00225700      0.03459400      0.01226700     -0.79883600     -0.38132200      0.46524600      0.49769000     -0.85337300      0.15510500      0.33788400      0.35545200      0.87148600      0.00000200      0.00006400      0.00003200     -0.00000400      0.00000800      0.00000100      0.51734300      0.11867000      0.02808400     -0.02583400     -0.68531100      0.56903000     -0.45448000     -0.60280200     -0.79341100     -0.08442300     -0.40862900      0.21610600      0.88674600      0.00018300      0.00260300      0.00077400     -0.18636200     -0.04574600      0.40532600      0.51859200
     0.16156000      0.01379100      0.43094200     -0.74807300      0.48830500     -0.44943300     -0.51059000     -0.85604700     -0.08033800     -0.42304000      0.16876400      0.89027100      0.00049000     -0.00477900      0.01222400     -0.78044400     -0.13302000      1.48318600      0.32233600     -0.18436000      0.03725700      0.39108500      0.85367000      0.34451400      0.39057500     -0.46392200      0.84365000      0.27011800     -0.23751500     -0.41222600      0.87949900      0.01187000      0.00009600     -0.00078100      0.01441100     -0.10490400      0.20630900      0.37035600     -0.00225700      0.03459400      0.01226700     -0.79883600     -0.38132200      0.46524600      0.49769000     -0.85337300      0.15510500      0.33788400      0.35545200      0.87148600      0.00000200      0.00006400      0.00003200     -0.00000400      0.00000800      0.00000100      0.51734300      0.11866900      0.02811200     -0.02580100     -0.67437500      0.58268900     -0.45353100     -0.61954200     -0.78068900     -0.08179100     -0.40172600      0.22582400      0.88747800      0.00008000      0.00189300      0.00061900     -2.44643300     -0.44411300      4.86512800      0.51859200
     0.16163600      0.01367100      0.43125200     -0.73360000      0.51380300     -0.44484000     -0.54122300     -0.83751800     -0.07492800     -0.41015300      0.18514500      0.89304200      0.01241900     -0.00719600      0.01072800     -0.10089000     -0.01511100      0.14337700      0.38589400     -0.18437200      0.03702900      0.39129400      0.85362800      0.34454400      0.39064100     -0.46416300      0.84330100      0.27079400     -0.23719300     -0.41291600      0.87926200      0.00071400     -0.00896800      0.00974900     -0.03643700      0.01032200     -0.01835900      0.49968500     -0.00225700      0.03459400      0.01226700     -0.79883600     -0.38132200      0.46524600      0.49769000     -0.85337300      0.15510500      0.33788400      0.35545200      0.87148600      0.00000200      0.00006400      0.00003200     -0.00000400      0.00000800      0.00000100      0.51734300      0.11870300      0.02806100     -0.02564600     -0.65689800      0.60586400     -0.44878800     -0.64718100     -0.75847200     -0.07665000     -0.38683300      0.24009600      0.89034400      0.00019600     -0.00295700      0.00580400     -0.23810000     -0.03761300      0.38742500      0.51908200
     0.16166000      0.01351700      0.43149500     -0.73153400      0.51900400     -0.44219800     -0.54642500     -0.83411200     -0.07515200     -0.40694200      0.18600000      0.89433100      0.00030900     -0.00710800      0.01120900     -0.00748400      0.09941800      0.01111500      0.41014800     -0.18437700      0.03698200      0.39134600      0.85356800      0.34460400      0.39071700     -0.46429300      0.84318800      0.27092300     -0.23715100     -0.41309700      0.87918900      0.00001100      0.00038400      0.00018900      0.00000000      0.00000000      0.00000000      0.52745000     -0.00225700      0.03459400      0.01226700     -0.79883600     -0.38132200      0.46524600      0.49769000     -0.85337300      0.15510500      0.33788400      0.35545200      0.87148600      0.00000200      0.00006400      0.00003200     -0.00000400      0.00000800      0.00000100      0.51734300      0.11872000      0.02798500     -0.02552500     -0.65455200      0.61036000     -0.44611800     -0.65139500     -0.75482300     -0.07697700     -0.38372400      0.24021400      0.89165700      0.00023800     -0.00796200      0.01080000     -0.02410100      0.11830200     -0.03905000      0.52022500
     0.16170900      0.01302400      0.43213800     -0.72292000      0.53123300     -0.44184200     -0.56134000     -0.82435800     -0.07282200     -0.40202800      0.19471300      0.89470000      0.00035900     -0.01755900      0.02097500     -0.09148300      0.01595000      0.00036800      0.46551000     -0.18437900      0.03691900      0.39130400      0.85332000      0.34487500      0.39102000     -0.46465700      0.84304000      0.27076000     -0.23733200     -0.41317400      0.87910400     -0.00007500     -0.00261600     -0.00128700     -0.01237200      0.08953100     -0.17714800      0.53331800     -0.00225900      0.03458300      0.01225000     -0.79869200     -0.38142700      0.46540600      0.49789700     -0.85324100      0.15516900      0.33791700      0.35565700      0.87138900     -0.00004300     -0.00150200     -0.00073700     -0.00993900      0.09536900     -0.18086400      0.51734300      0.11874500      0.02774300     -0.02520800     -0.64516100      0.62044600     -0.44588300     -0.66392200     -0.74405900     -0.07471100     -0.37811800      0.24783100      0.89196700     -0.00593400     -0.00379000      0.00571700     -0.09263600      0.01417400      0.06286800      0.52055100
     0.16160300      0.01250200      0.43279500     -0.72359600      0.53063100     -0.44145800     -0.56160600     -0.82438000     -0.07049100     -0.40043900      0.19625300      0.89507600      0.00040800     -0.01692100      0.02127400     -0.07171300      0.01912900     -0.03970800      0.50616800     -0.18438900      0.03675300      0.39128700      0.85262300      0.34562800      0.39187600     -0.46572900      0.84252900      0.27050600     -0.23773600     -0.41358800      0.87880000     -0.00008500     -0.00293700     -0.00144700      0.00000000      0.00000000      0.00000000      0.53359200     -0.00226400      0.03449900      0.01224100     -0.79784900     -0.38225800      0.46617000      0.49897100     -0.85268200      0.15479100      0.33832500      0.35610500      0.87104700      0.00027600     -0.00731800      0.00348000     -0.05092600      0.11279800     -0.22196600      0.51750700      0.11869100      0.02748000     -0.02488100     -0.64637900      0.61944600     -0.44551000     -0.66363600     -0.74454500     -0.07237700     -0.37653600      0.24887300      0.89234600     -0.00591200     -0.00346100      0.00587300     -0.02818200      0.01590100     -0.03743400      0.52055100
     0.16138300      0.01197400      0.43340100     -0.72420700      0.53011800     -0.44107200     -0.56189200     -0.82436600     -0.06833100     -0.39893300      0.19768500      0.89543300     -0.01183900     -0.01828900      0.02113600     -0.07270400      0.03379400     -0.06927300      0.51876300     -0.18437600      0.03658000      0.39120000      0.85025900      0.35099400      0.39224200     -0.47115500      0.83956200      0.27033700     -0.23548600     -0.41510900      0.87868900     -0.00015200     -0.00525800     -0.00259400     -0.00706000      0.00933900     -0.03747100      0.53372700     -0.00225800      0.03441300      0.01219800     -0.79543900     -0.38762100      0.46585900      0.50432800     -0.84963500      0.15418000      0.33604700      0.35758700      0.87132200     -0.00006400     -0.00225800     -0.00111600     -0.01881200     -0.01091000     -0.03988600      0.51750700      0.11858600      0.02721900     -0.02457700     -0.64737200      0.61867900     -0.44513500     -0.66353600     -0.74484000     -0.07022900     -0.37500400      0.24989900      0.89270400      0.00003400     -0.00497100      0.00500300     -0.03074500      0.01035500     -0.03012500      0.52055100
     0.16130100      0.01173800      0.43361300     -0.72436100      0.53000500     -0.44095400     -0.56207400     -0.82430500     -0.06756800     -0.39839600      0.19824000      0.89554900     -0.01215200     -0.01116000      0.00991100     -0.03796200      0.03375700     -0.07659700      0.51956400     -0.18437900      0.03650100      0.39115000      0.84592500      0.36116200      0.39238300     -0.48122900      0.83385800      0.27024800     -0.23064300     -0.41789400      0.87865300     -0.00014000     -0.00485100     -0.00239500     -0.00706200      0.00934000     -0.03747100      0.53351000     -0.00225900      0.03437200      0.01217300     -0.79106000     -0.39775100      0.46477600      0.51432200     -0.84378700      0.15328200      0.33120500      0.36030000      0.87205800     -0.00005500     -0.00195700     -0.00096700     -0.01936800     -0.00960000     -0.03939300      0.51734300      0.11854600      0.02710500     -0.02446900     -0.64764900      0.61847000     -0.44502200     -0.66357500     -0.74487500     -0.06947700     -0.37445600      0.25030900      0.89281900      0.00000500     -0.00535800      0.00483400     -0.03165600      0.01020300     -0.02831200      0.52071500
     0.16122700      0.01144300      0.43385300     -0.72459800      0.52980800     -0.44080200     -0.56222800     -0.82427600     -0.06663300     -0.39774900      0.19888400      0.89569400      0.00002600     -0.01068300      0.00968200     -0.03586300      0.00951600     -0.01986600      0.52058800     -0.18437300      0.03637500      0.39109800      0.83005800      0.39607200      0.39258300     -0.51561100      0.81307000      0.27017800     -0.21322300     -0.42718700      0.87858400     -0.00006700     -0.00233200     -0.00115300     -0.00001300     -0.00000900     -0.00002900      0.53103900     -0.00225600      0.03430300      0.01214400     -0.77505800     -0.43246800      0.46071100      0.54844500     -0.82252000      0.15055600      0.31383300      0.36936500      0.87468700     -0.00003100     -0.00112300     -0.00055600     -0.00103700      0.00270200      0.00104800      0.51767000      0.11850400      0.02694900     -0.02434700     -0.64814500      0.61807200     -0.44485200     -0.66347600     -0.74505500     -0.06849300     -0.37377300      0.25075600      0.89298000     -0.00007900     -0.00092300     -0.00040300      0.00284100      0.00044400     -0.00571500      0.52071500
     0.16122600      0.01137100      0.43389600     -0.72462100      0.52979200     -0.44078300     -0.56228400     -0.82425200     -0.06645700     -0.39762900      0.19902500      0.89571600     -0.00000100     -0.00001800     -0.00000800      0.00000000      0.00000000      0.00000000      0.51695800     -0.18438600      0.03635100      0.39103400      0.82990900      0.39621600      0.39275200     -0.51578500      0.81302400      0.26998300     -0.21338000     -0.42714000      0.87856900     -0.00007600     -0.00263900     -0.00130500     -0.00000000     -0.00000000     -0.00000000      0.40820000     -0.00226300      0.03429600      0.01211400     -0.77489600     -0.43259000      0.46087000      0.54857400     -0.82247100      0.15035800      0.31400900      0.36933300      0.87463700     -0.00004400     -0.00152900     -0.00075500     -0.00154500      0.01311000     -0.02514100      0.46590700      0.11850300      0.02690700     -0.02432200     -0.64830900      0.61791600     -0.44482900     -0.66337600     -0.74516300     -0.06828600     -0.37366500      0.25081900      0.89300800      0.00000100      0.00004500      0.00002000      0.00192000      0.00029100     -0.00386600      0.52087800
     0.16127600      0.01142600      0.43377800     -0.71715300      0.53764100     -0.44348500     -0.57212900     -0.81748700     -0.06598400     -0.39713300      0.20573600      0.89441900     -0.00033400      0.00680000     -0.01138100      0.03179400     -0.02230700      0.01557300      0.30957000     -0.18442500      0.03625500      0.39071100      0.82948800      0.39663200      0.39322200     -0.51621600      0.81302600      0.26915400     -0.21397900     -0.42675100      0.87861200     -0.00030900     -0.01062900     -0.00527400     -0.00179200      0.01299000     -0.02566000      0.10610900     -0.00228200      0.03426000      0.01195800     -0.77444100     -0.43300400      0.46124600      0.54887100     -0.82243000      0.14949300      0.31461100      0.36893900      0.87458700     -0.00049500     -0.00040700     -0.00730200      0.03481200      0.00272300     -0.00694600      0.19958000      0.11852800      0.02693900     -0.02437900     -0.63989300      0.62454400     -0.44775100     -0.67218200     -0.73727900     -0.06775700     -0.37243400      0.25761300      0.89158600     -0.00017600      0.00327200     -0.00574700      0.04343200      0.00636100      0.01997700      0.52104100
     0.16137400      0.01145100      0.43354800     -0.71523600      0.53723800     -0.44705600     -0.57162600     -0.81765900     -0.06818600     -0.40128700      0.20610600      0.89247700     -0.00069100      0.00227600     -0.01336300      0.02406100     -0.03418200     -0.01871400      0.13177300     -0.18445300      0.03620000      0.39042800      0.82923100      0.39864500      0.39172600     -0.51688000      0.81342400      0.26666500     -0.21336900     -0.42410800      0.88003900     -0.00105000     -0.00252700     -0.01546800      0.19952100     -0.21160600     -0.16003000     -0.01443700     -0.00229600      0.03422900      0.01182000     -0.77439200     -0.43416500      0.46023500      0.54899900     -0.82267400      0.14767300      0.31450900      0.36702500      0.87542800     -0.00050600     -0.00077200     -0.00748900      0.32392700     -0.36954400     -0.19226000      0.04510700      0.11857700      0.02695700     -0.02448700     -0.63801100      0.62382700     -0.45142000     -0.67166000     -0.73754800     -0.06994800     -0.37658000      0.25857300      0.88956500      0.00571100      0.00085400     -0.00702800      0.03350000     -0.02491100      0.04075000      0.43057800
     0.16164400      0.01142400      0.43304100     -0.70923300      0.53572500     -0.45829300     -0.56915600     -0.81866500     -0.07630000     -0.41518700      0.20605300      0.88610800      0.01124600     -0.00058700     -0.01506800      0.68519300     -0.37167700      0.12941500     -0.08518400     -0.18445500      0.03641200      0.38975300      0.82913300      0.40226300      0.38821900     -0.51750600      0.81475900      0.26131900     -0.21222000     -0.41808500      0.88319300     -0.00154100      0.01403500     -0.02143100      0.40697600     -0.47543000     -0.21870800     -0.30918700     -0.00229700      0.03431400      0.01147800     -0.77465000     -0.43668700      0.45740500      0.54882300     -0.82358200      0.14319400      0.31418000      0.36196000      0.87765300      0.00551500      0.00128300     -0.00688500      0.02918800     -0.00864200      0.01759500     -0.26710500      0.11871200      0.02694100     -0.02474700     -0.63232000      0.62140600     -0.46262800     -0.66923100     -0.73896200     -0.07787700     -0.39025800      0.26036200      0.88312400      0.00561600     -0.00045400     -0.00760800      0.76604300     -0.36362000      0.17007400      0.11542700
     0.16169800      0.01110800      0.43268200     -0.70130500      0.53804200     -0.46768300     -0.56495000     -0.81953100     -0.09577600     -0.43394600      0.19637400      0.87929200     -0.00095500     -0.01225600     -0.00541800      0.01557000     -0.00509500     -0.02023800     -0.26682500     -0.18448600      0.03723300      0.38880600      0.82951000      0.40541300      0.38411400     -0.51720000      0.81697100      0.25494400     -0.21148700     -0.41065800      0.88684700     -0.00209500      0.02834600     -0.02844800      0.16501400     -0.10680300      0.01216500     -0.62571300     -0.00231200      0.03470700      0.01101700     -0.77550700     -0.44131700      0.45147200      0.54822900     -0.82537600      0.13490000      0.31310100      0.35212600      0.88202800     -0.00068500      0.00940900     -0.00950400      0.13247900     -0.10649300     -0.01693600     -0.55906800      0.11873900      0.02678700     -0.02492500     -0.62406600      0.62276600     -0.47191300     -0.66499800     -0.74042500     -0.09770700     -0.41026600      0.25284500      0.87621300      0.00548900     -0.00216200     -0.00837000      0.08442900      0.04695700     -0.13720200     -0.16902500
     0.16173300      0.01088400      0.43253800     -0.69816600      0.53979100     -0.47035600     -0.56375500     -0.81939300     -0.10366500     -0.44050200      0.19211300      0.87697100     -0.00097000     -0.01246300     -0.00552400      0.00701300     -0.05672300      0.16052500     -0.34990300     -0.18453300      0.03771500      0.38828100      0.82854500      0.40727800      0.38422400     -0.51779000      0.81828000      0.24948900     -0.21382500     -0.40617800      0.88834800     -0.00213800      0.02678800     -0.02919500      0.22788900     -0.08215400     -0.03604300     -0.78420400     -0.00233600      0.03496500      0.01074700     -0.77452900     -0.44306700      0.45143700      0.54812000     -0.82632900      0.12939900      0.31570400      0.34766500      0.88286900     -0.00106600      0.01298800     -0.01480100      0.34917200      0.04877400     -0.15659500     -0.70717300      0.11875700      0.02667300     -0.02499800     -0.62091500      0.62407100     -0.47434000     -0.66366600     -0.74054200     -0.10555900     -0.41714600      0.24926000      0.87398900      0.00556300     -0.00682700     -0.00324800     -0.00927700      0.00440800     -0.00225700     -0.26259000
     0.16178400      0.01043800      0.43224900     -0.69430700      0.54277600     -0.47262800     -0.56450100     -0.81801700     -0.11026800     -0.44561100      0.18955900      0.87494300     -0.00108000     -0.00277200     -0.01565300      0.03475100      0.00004500     -0.00728900     -0.47575300     -0.18467000      0.03867600      0.38698800      0.82905800      0.40686000      0.38356000     -0.51619700      0.82039400      0.24582100     -0.21568900     -0.40231000      0.88965600     -0.00231000      0.02075300     -0.03215600      0.10752200     -0.01847400      0.02916100     -1.12530700     -0.00240400      0.03545500      0.01010500     -0.77506300     -0.44263700      0.45094100      0.54620300     -0.82813500      0.12591100      0.31770700      0.34389400      0.88362700     -0.00147400      0.01539200     -0.02065300      0.14238800     -0.02704600      0.04891600     -0.89805900      0.11878300      0.02644700     -0.02513700     -0.61677200      0.62651200     -0.47652200     -0.66420600     -0.73910400     -0.11204900     -0.42240000      0.24740000      0.87199200     -0.00048500     -0.00628500     -0.00280100      0.00542000     -0.05563800      0.15926000     -0.38832400
     0.16175600      0.01016000      0.43184400     -0.69147100      0.54568300     -0.47343800     -0.56681900     -0.81606000     -0.11284300     -0.44707600      0.18964200      0.87417700     -0.01323900     -0.00207700     -0.01492800      0.03376700      0.01476400     -0.03684100     -0.58543900     -0.18480800      0.03958900      0.38553500      0.82818400      0.40697400      0.38532400     -0.51559500      0.82259000      0.23966700     -0.22045900     -0.39767700      0.89056900     -0.00242400      0.01679300     -0.03409700      0.10572100     -0.00521100      0.00364100     -1.39255000     -0.00247300      0.03591400      0.00938000     -0.77400200     -0.44281800      0.45258300      0.54484600     -0.82993900      0.11975800      0.32258500      0.33928200      0.88364300     -0.00151000      0.01401000     -0.02130600      0.14389000     -0.02949500      0.04801100     -0.85397100      0.11877200      0.02630400     -0.02534200     -0.61348200      0.62910900     -0.47734600     -0.66631700     -0.73679400     -0.11469800     -0.42386400      0.24769900      0.87119600     -0.00046800     -0.00609600     -0.00272800      0.00669500     -0.05650100      0.15999200     -0.49283000
     0.16172700      0.01025100      0.43111500     -0.69346700      0.54276500     -0.47387100     -0.56222500     -0.81889000     -0.11529200     -0.44976800      0.18579000      0.87362300     -0.00100300      0.00935200     -0.02468100      0.07060600     -0.00951100      0.01257200     -0.70600500     -0.18485800      0.04039800      0.38405700      0.83353300      0.39315800      0.38812400     -0.50304300      0.83038000      0.23947800     -0.22917700     -0.39535600      0.88940100     -0.00311000      0.02633800     -0.04340500      0.11984200      0.00257500      0.06598800     -1.40376100     -0.00249800      0.03631200      0.00864300     -0.77899200     -0.42909900      0.45721400      0.53241700     -0.83781400      0.12082800      0.33121300      0.33755300      0.88111000     -0.00122400      0.00715100     -0.01766200      0.10456400      0.00247400      0.01620800     -0.86213500      0.11875300      0.02634100     -0.02570500     -0.61588700      0.62642800     -0.47777500     -0.66207800     -0.74023200     -0.11707700     -0.42700600      0.24421800      0.87064400     -0.00046800      0.00496600     -0.01220900      0.07058000     -0.00943300      0.01254800     -0.59178400
     0.16178200      0.01041900      0.43065800     -0.69647200      0.53878000     -0.47401300     -0.55692100     -0.82233400     -0.11651700     -0.45171400      0.18216100      0.87338400     -0.00098300      0.00959800     -0.02456600      0.07060500     -0.00952000      0.01257100     -0.74271200     -0.18487300      0.04071100      0.38331900      0.84059200      0.37454400      0.39129700     -0.48636500      0.83972600      0.24133600     -0.23923900     -0.39365600      0.88750400     -0.00251100      0.01373400     -0.03560300      2.20099500      1.40717100      4.98847600     -1.40396900     -0.00250600      0.03647300      0.00827100     -0.78345800     -0.41574300      0.46189700      0.52104300     -0.84452600      0.12364200      0.33868100      0.33753700      0.87827200     -0.00125800      0.00593600     -0.01827600      0.05169100      0.07354100      0.05953600     -0.86213500      0.11878100      0.02642700     -0.02593300     -0.61939200      0.62284600     -0.47792800     -0.65723800     -0.74434500     -0.11827000     -0.42940700      0.24085700      0.87040000      0.00562900      0.00475200     -0.01252300      0.06386100      0.04253600     -0.14494300     -0.63815800
     0.16198800      0.01104300      0.42924000     -0.70010400      0.52910100     -0.47953400     -0.54577800     -0.82948800     -0.11852000     -0.45961100      0.17807900      0.87009900      0.01042200      0.02126500     -0.04859200      0.12751800     -0.08081700      0.03832500     -0.75311800     -0.18496800      0.04109200      0.38193700      0.85201700      0.33565700      0.40173600     -0.45500000      0.85417300      0.25159300     -0.25976600     -0.39757900      0.87995300     -0.00258500      0.01130000     -0.03685700     -0.22893800      0.47409500      0.32161300     -1.40413400     -0.00255400      0.03666400      0.00758000     -0.79603600     -0.37388900      0.47595400      0.48658300     -0.86300300      0.13587500      0.35994800      0.33975200      0.86891000     -0.00095200      0.00017500     -0.01413300     -0.38507000      0.62354100      0.66884600     -0.85919600      0.11888400      0.02675400     -0.02664600     -0.62413900      0.61351600     -0.48378400     -0.64703400     -0.75294200     -0.12010000     -0.43794500      0.23806600      0.86690600      0.00521500      0.01040800     -0.02439700      0.13829800     -0.04600700      0.04970600     -0.68355300
     0.16219700      0.01223900      0.42675000     -0.71516500      0.49570100     -0.49281200     -0.50812400     -0.85279400     -0.12051600     -0.47912300      0.16359900      0.86238300      0.00958900      0.04384100     -0.08154400      0.12568200     -0.68508900     -0.24315300     -0.73803100     -0.18501700      0.04133300      0.38070300      0.87014000      0.27685400      0.40767600     -0.40405400      0.87425700      0.26897900     -0.28303100     -0.39912600      0.87204100     -0.00253000      0.01313300     -0.03592900     -0.25701700      0.47642500      0.34431900     -1.40368800     -0.00257800      0.03677800      0.00696000     -0.81367600     -0.31555300      0.48821800      0.43804400     -0.88494300      0.15808500      0.38216100      0.34249100      0.85828400     -0.00091800      0.00131100     -0.01356300     -0.41625100      0.55107700      0.73042100     -0.85037800      0.11898400      0.02733600     -0.02786000     -0.64391200      0.58347500     -0.49490600     -0.61295000     -0.78053200     -0.12272000     -0.45789500      0.22433200      0.86023600     -0.00127300      0.02190800     -0.04056300      0.47543800     -0.05108700     -0.37417000     -0.69318700
     0.16223700      0.01309100      0.42513200     -0.72206800      0.48085600     -0.49743400     -0.49142700     -0.86252100     -0.12053500     -0.48611500      0.15681400      0.85972600     -0.00280900      0.05264500     -0.09140600      0.18092600     -0.40191900     -0.02386000     -0.71529400     -0.18507300      0.04141800      0.38013900      0.88352800      0.23045900      0.40774800     -0.36110700      0.88944900      0.28002900     -0.29923900     -0.39494900      0.86852500     -0.00185800      0.00314700     -0.02687300      0.49362000      0.81489700      1.70447300     -1.40269800     -0.00260600      0.03682300      0.00667400     -0.82670800     -0.27026100      0.49346900      0.39813700     -0.90073100      0.17369000      0.39754200      0.34005900      0.85224300     -0.00095100      0.00085600     -0.01378900      2.07048900      1.90598200      5.34790200     -0.85315400      0.11900700      0.02777600     -0.02870000     -0.65220000      0.56851700     -0.50142000     -0.59728400     -0.79271200     -0.12189700     -0.46678200      0.21998900      0.85657300     -0.00136800      0.02606600     -0.04582100      0.17414600     -0.42980100     -0.02985000     -0.69024800
     0.16219000      0.01533100      0.42130100     -0.74203700      0.44048300     -0.50537200     -0.45105800     -0.88570000     -0.10979500     -0.49505200      0.14592600      0.85653700     -0.00302400      0.07187300     -0.11101200     -0.43267300     -0.05450300     -0.55058600     -0.63998100     -0.18532100      0.04160600      0.37899800      0.90818700      0.09543600      0.40752800     -0.23596600      0.92078200      0.31050600     -0.34674600     -0.37828500      0.85821400     -0.01383600      0.00162700     -0.02686800     -1.16271800     -0.80406400      3.68233900     -1.06732600     -0.00272600      0.03692200      0.00610500     -0.85103000     -0.13806800      0.50663900      0.27875700     -0.93643100      0.21305000      0.44501700      0.32254200      0.83541900     -0.00720700      0.00623400     -0.01771000      2.36017700      2.08438900      5.54099700     -0.77150900      0.11898400      0.02886300     -0.03057700     -0.67697000      0.53147700     -0.50915900     -0.56034200     -0.82070000     -0.11165200     -0.47720800      0.20971800      0.85339900     -0.00139900      0.03084000     -0.05067100     -2.05022400      0.50816900     -1.28367400     -0.66085600
     0.16204100      0.01817100      0.41709900     -0.76499800      0.39740200     -0.50684900     -0.41535700     -0.90581100     -0.08341000     -0.49130900      0.14621400      0.85864100     -0.01477500      0.07712300     -0.10756900     -1.80314900      0.69718900     -2.10435900     -0.51636400     -0.18549900      0.04156200      0.37809300      0.91273200     -0.04127300      0.40645700     -0.10769100      0.93526100      0.33708000     -0.39519700     -0.35138800      0.84865100      0.01073600     -0.00682200     -0.01873500      1.82837800      2.39543100      5.57341900     -0.57488400     -0.00282400      0.03689900      0.00564800     -0.85820900     -0.00454600      0.51328000      0.15762100     -0.95398200      0.25509300      0.48850000      0.29982700      0.81943200     -0.00056400     -0.00301800     -0.00874300      0.09442100      0.23481400      0.89521300     -0.58731700      0.11891400      0.03027600     -0.03268200     -0.70439000      0.49338600     -0.51029700     -0.52820500     -0.84459600     -0.08749600     -0.47416500      0.20791000      0.85553400     -0.00123400      0.03845400     -0.05404600      0.99249600     -0.43820700     -1.91690900     -0.59423300
     0.16193800      0.01967600      0.41498800     -0.77698000      0.37539300     -0.50539800     -0.39665400     -0.91526900     -0.07013600     -0.48794200      0.14550000      0.86068000     -0.00257300      0.07701600     -0.10773200      0.14265000     -0.24485400     -0.61366600     -0.42545600     -0.18536900      0.04134800      0.37787300      0.91338200     -0.07810300      0.39953000     -0.07148000      0.93527400      0.34653600     -0.40187800     -0.34498500      0.84814000      0.01151800     -0.01363600     -0.00804700     -0.18161100     -0.22619200      0.59633700     -0.36837900     -0.00276000      0.03678900      0.00553100     -0.85870700      0.04005000      0.51089800      0.11678400     -0.95541600      0.27118400      0.49898100      0.29253300      0.81574600      0.00576800     -0.00695000     -0.00410100     -0.39773600     -0.71312600      1.01010400     -0.52330700      0.11885700      0.03105900     -0.03377700     -0.72037000      0.47101500     -0.50912700     -0.51029000     -0.85707400     -0.07090100     -0.46975600      0.20872800      0.85776500     -0.00120500      0.03855100     -0.05383900      0.13050100     -0.32693700     -0.62539900     -0.54296000
     0.16184400      0.02252600      0.41093100     -0.79487000      0.34150500     -0.50159900     -0.37013100     -0.92786000     -0.04528800     -0.47989500      0.14922800      0.86455700     -0.00245200      0.06713500     -0.09745100      0.10342400     -0.20678100     -0.62460400     -0.38600800     -0.18473800      0.04081000      0.37769400      0.91159600     -0.13737500      0.38744200     -0.01315300      0.93214500      0.36175400     -0.41199000     -0.33470200      0.84740900      0.02368300     -0.00840100     -0.00613800     -0.21798400      0.20268300      0.42863300     -0.05033300     -0.00244800      0.03651700      0.00544000     -0.85965800      0.09859200      0.50126500      0.06056000     -0.95461500      0.29161900      0.50726600      0.28105000      0.81467200      0.00587200     -0.00385100     -0.00247400     -0.37192800      0.43304300      0.58666800     -0.43284400      0.11881000      0.03248700     -0.03580400     -0.74241800      0.43979700     -0.50536400     -0.48577000     -0.87287500     -0.04599300     -0.46134800      0.21134500      0.86167900     -0.00115600      0.03351900     -0.04874500      0.08116400     -0.28778600     -0.64056100     -0.47470500
     0.16180400      0.02491500      0.40742700     -0.80754300      0.31610700     -0.49799100     -0.34828200     -0.93689300     -0.03003900     -0.47506000      0.14878400      0.86729900     -0.00223200      0.05871000     -0.08667900      0.09680100     -0.27346900     -0.63610200     -0.35296200     -0.18415500      0.04060700      0.37748900      0.90233700     -0.20660400      0.37827700      0.05598900      0.92625000      0.37264000     -0.42849700     -0.31481300      0.84684500      0.01187000     -0.00376400     -0.00284300      0.60378800      0.63595000      1.45627800      0.12322800     -0.00214800      0.03641100      0.00533600     -0.85126300      0.16924400      0.49669500     -0.00649500     -0.94988400      0.31253200      0.52469700      0.26282100      0.80970100      0.00594900     -0.00162400     -0.00129500      0.63507600      0.61619300      1.45679600     -0.38173500      0.11879000      0.03368100     -0.03755600     -0.75845900      0.41677900     -0.50103200     -0.46545700     -0.88452000     -0.03117400     -0.45616600      0.20956500      0.86486600     -0.00105200      0.02933800     -0.04334700      0.02570600     -0.45413700     -0.68389900     -0.45282400
     0.16176500      0.02664600      0.40464400     -0.81102500      0.30448100     -0.49957400     -0.33834500     -0.94069700     -0.02416300     -0.47630000      0.14904700      0.86657400     -0.00199700      0.03970900     -0.06686200      0.08682100     -0.26765600     -0.25207000     -0.34087800     -0.18347800      0.04065100      0.37721600      0.88850400     -0.25485700      0.38157700      0.10165200      0.92011200      0.37814800     -0.44858000     -0.29688200      0.84291200      0.01114000      0.00445000     -0.01282900     -0.06445100      0.14419500      0.14584700      0.24671600     -0.00180900      0.03644700      0.00520600     -0.83738300      0.21741900      0.50151600     -0.05149100     -0.94478700      0.32361300      0.54418500      0.24516400      0.80234400      0.00557200      0.00218600     -0.00644800     -0.05826100      0.13733800      0.13918100     -0.13892200      0.11877100      0.03454700     -0.03894800     -0.76303800      0.40521900     -0.50355700     -0.45608500     -0.88959100     -0.02476200     -0.45799500      0.21077100      0.86360600     -0.00094700      0.01984400     -0.03343500      0.06309100     -0.32020900     -0.26720100     -0.43878100
     0.16179400      0.02723800      0.40354100     -0.81110800      0.30214800     -0.50085600     -0.33946500     -0.94043800     -0.01769300     -0.47536500      0.15529000      0.86599200      0.01031300      0.02028100     -0.04792600     -0.07699200     -0.49151700     -0.36465700     -0.34073800     -0.18312300      0.04073700      0.37685800      0.87774700     -0.28778300      0.38305600      0.13476200      0.91540100      0.37922700     -0.46088500     -0.28088700      0.84175400      0.02232700      0.01040400     -0.02485700      0.67806400      0.63956100      1.50351900      0.26255000     -0.00163100      0.03649600      0.00503000     -0.82664300      0.25008700      0.50409900     -0.08382900     -0.94055000      0.32914600      0.55644600      0.22982800      0.79846400      0.01116500      0.00490100     -0.01260300      0.70924200      0.61717900      1.50712500      0.01326500      0.11878600      0.03484100     -0.03950000     -0.76368500      0.40354400     -0.50392100     -0.45738600     -0.88906800     -0.01881200     -0.45561200      0.21612100      0.86354400      0.00520500      0.01019800     -0.02393700     -0.15586500     -0.67690800     -0.41700700     -0.43682100
     0.16178200      0.02805200      0.40183800     -0.80810000      0.30185100     -0.50587100     -0.34555800     -0.93834800     -0.00800300     -0.47609800      0.16795900      0.86321900     -0.00131000      0.01577400     -0.03532600      0.04242100     -0.18271700     -0.04070300     -0.33991000     -0.18252700      0.04107300      0.37579400      0.83826000     -0.38406100      0.38705000      0.23314400      0.89402700      0.38248300     -0.49398000     -0.22990400      0.83844500      0.01031600      0.00865700     -0.02495600      0.72181400      0.74028200      1.60904200      0.20053000     -0.00134100      0.03665100      0.00451300     -0.78959700      0.34129100      0.50995700     -0.17577000     -0.92202800      0.34491600      0.58791200      0.18271000      0.78801900      0.00481400      0.00913500     -0.01709600      0.76829900      0.74636100      1.62159900      0.09327800      0.11878000      0.03523700     -0.04034100     -0.76021500      0.40175700     -0.51055100     -0.46302100     -0.88631000     -0.00800300     -0.45572300      0.23031200      0.85980900     -0.00063300      0.00774900     -0.01772800      0.05548400     -0.06742200     -0.24037100     -0.43747500
     0.16166300      0.02850600      0.40081500     -0.80497400      0.29625200     -0.51409700     -0.34671800     -0.93795100      0.00228900     -0.48052300      0.17971500      0.85838600     -0.00087400      0.01050700     -0.02354300     -0.00696000     -0.20532900     -0.07564200     -0.32768100     -0.18255700      0.04183800      0.37461600      0.77668800     -0.49230800      0.39291300      0.34481000      0.85423000      0.38901400     -0.52812500     -0.16604900      0.83269100     -0.00300700      0.03180900     -0.04036500      2.07363400      2.44224300      4.87732400      0.20567000     -0.00134700      0.03702500      0.00391900     -0.72930000      0.44986500      0.51550100     -0.28681500     -0.88506300      0.36660500      0.62117400      0.11951200      0.77450500     -0.00116000      0.01030600     -0.01601200     -0.22000600      0.55570100      0.22275000      0.08054100      0.11872000      0.03546400     -0.04085800     -0.75779700      0.39591900     -0.51864200     -0.46419900     -0.88572800      0.00210600     -0.45854200      0.24234900      0.85498800     -0.00038900      0.00557200     -0.01161400     -0.00368300     -0.20952100     -0.08081500     -0.43486200
     0.16162300      0.02867800      0.40045900     -0.80107000      0.29582600     -0.52040200     -0.34994900     -0.93673400      0.00609400     -0.48468300      0.18662100      0.85456500     -0.00059100      0.01413100     -0.02176600     -0.03965500     -0.20137500     -0.26065100     -0.32542100     -0.18264400      0.04228500      0.37390000      0.75093100     -0.52808700      0.39650800      0.38120000      0.83682400      0.39286900     -0.54021700     -0.14321000      0.82916800     -0.00236600      0.01891500     -0.03291900      0.48494000      0.97255100      1.62588900      0.23288000     -0.00139000      0.03725000      0.00357200     -0.70397500      0.48555900      0.51831400     -0.32266000     -0.86878200      0.37564200      0.63269900      0.09720300      0.76827200     -0.00151400      0.01505300     -0.02062000     -0.31976700      0.68964500      0.32605100      0.09964600      0.11870100      0.03554600     -0.04103200     -0.75394700      0.39537500     -0.52463400     -0.46746600     -0.88399200      0.00559600     -0.46156000      0.24946800      0.85130800     -0.00024700      0.00202800     -0.00617600     -0.12122700     -0.38618900     -0.17924600     -0.43175900
