     0.15067400      0.01548700      0.41821300     -0.06546100      0.87930700     -0.47178300     -0.94109500     -0.21151900     -0.26376100     -0.33164500      0.42563300      0.84194700      0.01220700     -0.00092800     -0.00086900      0.00098400     -0.01471500      0.02955300      0.49177800     -0.19513000      0.03806300      0.39572000      0.72453700      0.59524200      0.34745500     -0.63472500      0.77269500      0.00016200     -0.26927800     -0.22141600      0.93719100     -0.00000200     -0.00002800     -0.00001300     -0.00000000      0.00000000      0.00000000      0.51029100     -0.00414000      0.03811400      0.01452200     -0.63693100     -0.67634800      0.36996100      0.71111300     -0.70077400     -0.05686200      0.29771800      0.22686700      0.92730500      0.00603800      0.00245500      0.00073800      0.00199500     -0.01519400      0.02909900     -0.03751800      0.11252100      0.03272000     -0.03278000     -0.13626500      0.88161400     -0.45187200     -0.90808900     -0.29347600     -0.29873900     -0.39598600      0.36963300      0.84057400     -0.00018000     -0.00163200     -0.00077800     -0.00001600     -0.00000100     -0.00000400      0.03982400
     0.15076100      0.01559200      0.41803100     -0.05839200      0.87944100     -0.47246100     -0.94139300     -0.20593700     -0.26709600     -0.33212800      0.42808000      0.84051500     -0.00002700      0.00925700     -0.01010700      0.03574700     -0.01130400      0.01913000      0.35927200     -0.19518700      0.03801500      0.39558500      0.72431900      0.59543700      0.34757500     -0.63486300      0.77258200     -0.00019200     -0.26954100     -0.22128500      0.93714700     -0.00044300     -0.00715300     -0.00338900     -0.00181500      0.01278300     -0.02576200      0.29069900     -0.00414000      0.03811400      0.01452200     -0.63693100     -0.67634800      0.36996100      0.71111300     -0.70077400     -0.05686200      0.29771800      0.22686700      0.92730500      0.00603800      0.00245500      0.00073800      0.00199500     -0.01519400      0.02909900     -0.03751800      0.11252100      0.03272000     -0.03278000     -0.13626500      0.88161400     -0.45187200     -0.90808900     -0.29347600     -0.29873900     -0.39598600      0.36963300      0.84057400     -0.00018000     -0.00163200     -0.00077800     -0.00001600     -0.00000100     -0.00000400      0.03982400
     0.15084000      0.01574900      0.41779700     -0.05261400      0.87974400     -0.47257500     -0.94237400     -0.20024300     -0.26796600     -0.33031400      0.43015000      0.84017300      0.01189300      0.01526500     -0.02218100      0.07141600     -0.02662800      0.04101500      0.12299300     -0.19522000      0.03788700      0.39543100      0.72431900      0.59544400      0.34756400     -0.63480300      0.77263100     -0.00041500     -0.26968400     -0.22109500      0.93715100     -0.00065700     -0.01059000     -0.00502800     -0.00181500      0.01278900     -0.02575900      0.04579900     -0.00414000      0.03811400      0.01452200     -0.63693100     -0.67634800      0.36996100      0.71111300     -0.70077400     -0.05686200      0.29771800      0.22686700      0.92730500      0.00603800      0.00245500      0.00073800      0.00199500     -0.01519400      0.02909900     -0.03751800      0.11252100      0.03272000     -0.03278000     -0.13626500      0.88161400     -0.45187200     -0.90808900     -0.29347600     -0.29873900     -0.39598600      0.36963300      0.84057400     -0.00018000     -0.00163200     -0.00077800     -0.00001600     -0.00000100     -0.00000400      0.03982400
     0.15082000      0.01600700      0.41736600     -0.03810100      0.88224400     -0.46929600     -0.94149900     -0.18900000     -0.27898300     -0.33478900      0.43011500      0.83841800     -0.00009500      0.00864300     -0.01039000     -2.52136600     -1.40082300      4.71226200     -0.56201100     -0.19525000      0.03776000      0.39531900      0.72436500      0.59666200      0.34537000     -0.63499700      0.77246800     -0.00236800     -0.26909800     -0.21835600      0.93796100      0.00008700      0.00139300      0.00066300      0.00015300     -0.00021100     -0.00011600     -0.36069100     -0.00414000      0.03811400      0.01452200     -0.63693100     -0.67634800      0.36996100      0.71111300     -0.70077400     -0.05686200      0.29771800      0.22686700      0.92730500      0.00603800      0.00245500      0.00073800      0.00199500     -0.01519400      0.02909900     -0.03751800      0.11252100      0.03272000     -0.03278000     -0.13626500      0.88161400     -0.45187200     -0.90808900     -0.29347600     -0.29873900     -0.39598600      0.36963300      0.84057400     -0.00018000     -0.00163200     -0.00077800     -0.00001600     -0.00000100     -0.00000400      0.03982400
     0.15073400      0.01624200      0.41720900     -0.03253600      0.88107400     -0.47190500     -0.94256900     -0.18401700     -0.27869800     -0.33236000      0.43464000      0.83705000      0.00012900      0.01065500     -0.00942800      0.02760200     -0.04530500      0.00586300     -1.39102400     -0.19526600      0.03793300      0.39528700      0.72389600      0.59707500      0.34564000     -0.63537700      0.77215400     -0.00281300     -0.26946300     -0.21833800      0.93786000      0.00002800      0.00044700      0.00021200     -0.01251800      0.08833900     -0.17773500     -0.65707100     -0.00414000      0.03811400      0.01452200     -0.63693100     -0.67634800      0.36996100      0.71111300     -0.70077400     -0.05686200      0.29771800      0.22686700      0.92730500      0.00603800      0.00245500      0.00073800      0.00199500     -0.01519400      0.02909900     -0.03751800      0.11252100      0.03272000     -0.03278000     -0.13626500      0.88161400     -0.45187200     -0.90808900     -0.29347600     -0.29873900     -0.39598600      0.36963300      0.84057400     -0.00018000     -0.00163200     -0.00077800     -0.00001600     -0.00000100     -0.00000400      0.03982400
     0.15071700      0.01634600      0.41711800     -0.03097500      0.88081100     -0.47250200     -0.94164200     -0.18417500     -0.28171100     -0.33512700      0.43510600      0.83570300      0.00000700      0.00006700      0.00003200     -0.00011800     -0.00049600     -0.00019500     -1.81078500     -0.19525200      0.03798000      0.39523400      0.72287600      0.59725700      0.34745500     -0.63532700      0.77218300     -0.00522200     -0.27231300     -0.21773600      0.93717700     -0.00002800     -0.00045100     -0.00021400      0.00003900      0.00003600     -0.00001400     -0.73712900     -0.00414000      0.03811400      0.01452200     -0.63693100     -0.67634800      0.36996100      0.71111300     -0.70077400     -0.05686200      0.29771800      0.22686700      0.92730500      0.00603800      0.00245500      0.00073800      0.00199500     -0.01519400      0.02909900     -0.03751800      0.11252100      0.03272000     -0.03278000     -0.13626500      0.88161400     -0.45187200     -0.90808900     -0.29347600     -0.29873900     -0.39598600      0.36963300      0.84057400     -0.00018000     -0.00163200     -0.00077800     -0.00001600     -0.00000100     -0.00000400      0.03982400
     0.15071500      0.01638800      0.41705100     -0.02936200      0.88055200     -0.47308800     -0.94075000     -0.18423400     -0.28463700     -0.33776800      0.43560500      0.83437900     -0.00015700     -0.00141800     -0.00067600     -0.00000000     -0.00000000     -0.00000000     -1.90982400     -0.19524700      0.03794000      0.39519300      0.71589400      0.60565800      0.34736800     -0.64427900      0.76472900     -0.00522100     -0.26969100     -0.22083800      0.93720900     -0.00009900     -0.00159500     -0.00075800     -0.17277700      0.00259700     -0.46615600     -0.59935300     -0.00414000      0.03811400      0.01452200     -0.63693100     -0.67634800      0.36996100      0.71111300     -0.70077400     -0.05686200      0.29771800      0.22686700      0.92730500      0.00603800      0.00245500      0.00073800      0.00199500     -0.01519400      0.02909900     -0.03751800      0.11252100      0.03272000     -0.03278000     -0.13626500      0.88161400     -0.45187200     -0.90808900     -0.29347600     -0.29873900     -0.39598600      0.36963300      0.84057400     -0.00018000     -0.00163200     -0.00077800     -0.00001600     -0.00000100     -0.00000400      0.03982400
     0.15071700      0.01620000      0.41701500     -0.02842600      0.88030000     -0.47361200     -0.93995600     -0.18468000     -0.28696100     -0.34005200      0.43592300      0.83328500     -0.00065000     -0.00585300     -0.00279400     -0.00108400      0.01076000     -0.02671300     -1.46132000     -0.19514200      0.03806400      0.39524500      0.71632400      0.60529900      0.34710900     -0.64387500      0.76507100     -0.00506600     -0.26951700     -0.22063900      0.93730600      0.01221900      0.00681200      0.00240000      0.00385800     -0.02801200      0.05499600      0.01762800     -0.00414000      0.03811400      0.01452200     -0.63693100     -0.67634800      0.36996100      0.71111300     -0.70077400     -0.05686200      0.29771800      0.22686700      0.92730500      0.00603800      0.00245500      0.00073800      0.00199500     -0.01519400      0.02909900     -0.03751800      0.11252100      0.03272000     -0.03278000     -0.13626500      0.88161400     -0.45187200     -0.90808900     -0.29347600     -0.29873900     -0.39598600      0.36963300      0.84057400     -0.00018000     -0.00163200     -0.00077800     -0.00001600     -0.00000100     -0.00000400      0.03982400
     0.15059400      0.01594600      0.41712600     -0.03580900      0.88038600     -0.47295300     -0.93985100     -0.19046900     -0.28350300     -0.33963900      0.43325800      0.83484100     -0.00008100     -0.00072600     -0.00034700      0.22897100      2.53289500     -5.61832300     -0.35832300     -0.19513900      0.03833500      0.39542800      0.71638300      0.60399800      0.34924700     -0.64359500      0.76531700     -0.00307600     -0.27003000     -0.22334200      0.93651800      0.00044300      0.00718100      0.00339900     -0.00710600     -0.00054800      0.03248400      0.34598800     -0.00414000      0.03811400      0.01452200     -0.63693100     -0.67634800      0.36996100      0.71111300     -0.70077400     -0.05686200      0.29771800      0.22686700      0.92730500      0.00603800      0.00245500      0.00073800      0.00199500     -0.01519400      0.02909900     -0.03751800      0.11252100      0.03272000     -0.03278000     -0.13626500      0.88161400     -0.45187200     -0.90808900     -0.29347600     -0.29873900     -0.39598600      0.36963300      0.84057400     -0.00018000     -0.00163200     -0.00077800     -0.00001600     -0.00000100     -0.00000400      0.03982400
     0.15050400      0.01581000      0.41730400     -0.04289400      0.87904900     -0.47484600     -0.93988900     -0.19659900     -0.27915900     -0.33870300      0.43323500      0.83523300      0.00006800     -0.00886700      0.01028400     -0.10326300     -0.26948400     -0.12903900     -0.01364500     -0.19510300      0.03836800      0.39553600      0.71653100      0.60386700      0.34916900     -0.64351500      0.76538500     -0.00279900     -0.26982600     -0.22346200      0.93654800      0.00032700      0.00531400      0.00251300      0.00168300     -0.01261800      0.02585400      0.44421000     -0.00414000      0.03811400      0.01452200     -0.63693100     -0.67634800      0.36996100      0.71111300     -0.70077400     -0.05686200      0.29771800      0.22686700      0.92730500      0.00603800      0.00245500      0.00073800      0.00199500     -0.01519400      0.02909900     -0.03751800      0.11252100      0.03272000     -0.03278000     -0.13626500      0.88161400     -0.45187200     -0.90808900     -0.29347600     -0.29873900     -0.39598600      0.36963300      0.84057400     -0.00018000     -0.00163200     -0.00077800     -0.00001600     -0.00000100     -0.00000400      0.03982400
     0.15051300      0.01556500      0.41769900     -0.05767100      0.87918800     -0.47302100     -0.94031600     -0.20693900     -0.27009900     -0.33529100      0.42811800      0.83923900      0.00021900     -0.00751400      0.01093600     -0.04314800      0.08688100     -0.20773900      0.33219800     -0.19502400      0.03832800      0.39563800      0.71682500      0.60235800      0.35116700     -0.64306000      0.76577200     -0.00054700     -0.27013100     -0.22619800      0.93580300      0.00000400      0.00006900      0.00003300     -0.00015400      0.00021100      0.00011600      0.52830700     -0.00414000      0.03811400      0.01452200     -0.63693100     -0.67634800      0.36996100      0.71111300     -0.70077400     -0.05686200      0.29771800      0.22686700      0.92730500      0.00603800      0.00245500      0.00073800      0.00199500     -0.01519400      0.02909900     -0.03751800      0.11252100      0.03272000     -0.03278000     -0.13626500      0.88161400     -0.45187200     -0.90808900     -0.29347600     -0.29873900     -0.39598600      0.36963300      0.84057400     -0.00018000     -0.00163200     -0.00077800     -0.00001600     -0.00000100     -0.00000400      0.03982400
     0.15055600      0.01543100      0.41805900     -0.05905900      0.87945100     -0.47236000     -0.94144300     -0.20635300     -0.26659700     -0.33186700      0.42786100      0.84073000      0.00043700      0.00391700      0.00186700      0.00109400     -0.01067000      0.02674900      0.45816700     -0.19504500      0.03825700      0.39561600      0.71686700      0.60232100      0.35114400     -0.64302700      0.76580000     -0.00050700     -0.27009900     -0.22620100      0.93581200     -0.00010200     -0.00166300     -0.00078600     -0.00000000      0.00000000      0.00000000      0.53038300     -0.00414000      0.03811400      0.01452200     -0.63693100     -0.67634800      0.36996100      0.71111300     -0.70077400     -0.05686200      0.29771800      0.22686700      0.92730500      0.00603800      0.00245500      0.00073800      0.00199500     -0.01519400      0.02909900     -0.03751800      0.11252100      0.03272000     -0.03278000     -0.13626500      0.88161400     -0.45187200     -0.90808900     -0.29347600     -0.29873900     -0.39598600      0.36963300      0.84057400     -0.00018000     -0.00163200     -0.00077800     -0.00001600     -0.00000100     -0.00000400      0.03982400
     0.15059800      0.01539700      0.41816100     -0.05871400      0.87947200     -0.47236500     -0.94155400     -0.20594700     -0.26652100     -0.33161400      0.42801400      0.84075100      0.00019800      0.00177500      0.00084600      0.00755600     -0.07358000      0.18462500      0.47552400     -0.19505600      0.03820200      0.39561200      0.71675300      0.60241600      0.35121500     -0.64314800      0.76569800     -0.00050000     -0.27011300     -0.22629500      0.93578500     -0.00008700     -0.00140900     -0.00066700     -0.00000000      0.00000000      0.00000000      0.52963400     -0.00414000      0.03811400      0.01452200     -0.63693100     -0.67634800      0.36996100      0.71111300     -0.70077400     -0.05686200      0.29771800      0.22686700      0.92730500      0.00603800      0.00245500      0.00073800      0.00199500     -0.01519400      0.02909900     -0.03751800      0.11252100      0.03272000     -0.03278000     -0.13626500      0.88161400     -0.45187200     -0.90808900     -0.29347600     -0.29873900     -0.39598600      0.36963300      0.84057400     -0.00018000     -0.00163200     -0.00077800     -0.00001600     -0.00000100     -0.00000400      0.03982400
     0.15070000      0.01539700      0.41815700     -0.05857100      0.87946500     -0.47239300     -0.94156100     -0.20583800     -0.26658300     -0.33162200      0.42807900      0.84071500     -0.00007900      0.00878500     -0.01033400      0.03576300     -0.01128900      0.01910500      0.43857800     -0.19508700      0.03816200      0.39556300      0.71661400      0.60253400      0.35129500     -0.64325900      0.76560500     -0.00062500     -0.27021700     -0.22629600      0.93575400     -0.00020300     -0.00329900     -0.00156200     -0.00181400      0.01278900     -0.02576000      0.47744400     -0.00414000      0.03811400      0.01452200     -0.63693100     -0.67634800      0.36996100      0.71111300     -0.70077400     -0.05686200      0.29771800      0.22686700      0.92730500      0.00603800      0.00245500      0.00073800      0.00199500     -0.01519400      0.02909900     -0.03751800      0.11252100      0.03272000     -0.03278000     -0.13626500      0.88161400     -0.45187200     -0.90808900     -0.29347600     -0.29873900     -0.39598600      0.36963300      0.84057400     -0.00018000     -0.00163200     -0.00077800     -0.00001600     -0.00000100     -0.00000400      0.03982400
     0.15080900      0.01560400      0.41791500     -0.04737300      0.88006400     -0.47253400     -0.94369000     -0.19442800     -0.26761400     -0.32734100      0.43215300      0.84030800      0.00001300      0.00962500     -0.00993000     -2.57380900     -1.48919800      4.65971100      0.23028900     -0.19512200      0.03799500      0.39540100      0.71737900      0.60385000      0.34745300     -0.64370800      0.76522700     -0.00053100     -0.26708900     -0.22404900      0.93719200     -0.00047100     -0.00762900     -0.00362100      0.00155000      0.00817100     -0.02829400      0.26675800     -0.00414000      0.03811400      0.01452200     -0.63693100     -0.67634800      0.36996100      0.71111300     -0.70077400     -0.05686200      0.29771800      0.22686700      0.92730500      0.00603800      0.00245500      0.00073800      0.00199500     -0.01519400      0.02909900     -0.03751800      0.11252100      0.03272000     -0.03278000     -0.13626500      0.88161400     -0.45187200     -0.90808900     -0.29347600     -0.29873900     -0.39598600      0.36963300      0.84057400     -0.00018000     -0.00163200     -0.00077800     -0.00001600     -0.00000100     -0.00000400      0.03982400
     0.15082900      0.01576900      0.41762200     -0.04302600      0.88068700     -0.47178900     -0.94084600     -0.19450700     -0.27739600     -0.33602000      0.43085000      0.83754800     -0.00011100     -0.00100800     -0.00048000      0.00954600      0.03997400      0.01560900     -0.16349400     -0.19517500      0.03773400      0.39525900      0.71722100      0.60398300      0.34754700     -0.64384400      0.76511300     -0.00063800     -0.26718600     -0.22408000      0.93715700      0.01149000     -0.00513500     -0.00328000      0.00204500     -0.01520600      0.02924500     -0.03494300     -0.00414000      0.03811400      0.01452200     -0.63693100     -0.67634800      0.36996100      0.71111300     -0.70077400     -0.05686200      0.29771800      0.22686700      0.92730500      0.00603800      0.00245500      0.00073800      0.00199500     -0.01519400      0.02909900     -0.03751800      0.11252100      0.03272000     -0.03278000     -0.13626500      0.88161400     -0.45187200     -0.90808900     -0.29347600     -0.29873900     -0.39598600      0.36963300      0.84057400     -0.00018000     -0.00163200     -0.00077800     -0.00001600     -0.00000100     -0.00000400      0.03982400
     0.15076700      0.01582500      0.41759700     -0.03938100      0.88116700     -0.47121000     -0.94273700     -0.18900400     -0.27476400     -0.33113300      0.43231100      0.83874000     -0.01200600      0.00273600      0.00173000     -0.23522400     -0.12144400      0.38779200     -0.29987400     -0.19517700      0.03771000      0.39524700      0.71709000      0.60533700      0.34545600     -0.64422500      0.76478800     -0.00252600     -0.26661800     -0.22151400      0.93792800      0.00002400      0.00038200      0.00018200      0.01708200     -0.02348400     -0.01289000     -0.15553000     -0.00414000      0.03811400      0.01452200     -0.63693100     -0.67634800      0.36996100      0.71111300     -0.70077400     -0.05686200      0.29771800      0.22686700      0.92730500      0.00603800      0.00245500      0.00073800      0.00199500     -0.01519400      0.02909900     -0.03751800      0.11252100      0.03272000     -0.03278000     -0.13626500      0.88161400     -0.45187200     -0.90808900     -0.29347600     -0.29873900     -0.39598600      0.36963300      0.84057400     -0.00018000     -0.00163200     -0.00077800     -0.00001600     -0.00000100     -0.00000400      0.03982400
     0.15075900      0.01598700      0.41757600     -0.02706600      0.88130500     -0.47182100     -0.94403400     -0.17768200     -0.27784700     -0.32867600      0.43679900      0.83738000      0.00008700      0.00078100      0.00037200     -0.00190100     -0.00111900      0.00337400     -0.69830000     -0.19517400      0.03784400      0.39524800      0.71239800      0.60979600      0.34731800     -0.64876800      0.76092700     -0.00493600     -0.26817500     -0.22259100      0.93722900      0.00011800      0.00190400      0.00090500      0.00000400     -0.00000600     -0.00000300     -0.37690600     -0.00414000      0.03811400      0.01452200     -0.63693100     -0.67634800      0.36996100      0.71111300     -0.70077400     -0.05686200      0.29771800      0.22686700      0.92730500      0.00603800      0.00245500      0.00073800      0.00199500     -0.01519400      0.02909900     -0.03751800      0.11252100      0.03272000     -0.03278000     -0.13626500      0.88161400     -0.45187200     -0.90808900     -0.29347600     -0.29873900     -0.39598600      0.36963300      0.84057400     -0.00018000     -0.00163200     -0.00077800     -0.00001600     -0.00000100     -0.00000400      0.03982400
     0.15075800      0.01606600      0.41748300     -0.02197000      0.88143500     -0.47184100     -0.94496600     -0.17233500     -0.27804700     -0.32637600      0.43866900      0.83730200     -0.00000000     -0.00000200     -0.00000100     -0.00000000     -0.00000000      0.00000000     -1.09582600     -0.19518900      0.03791500      0.39526200      0.71217800      0.60997900      0.34744500     -0.64896000      0.76076200     -0.00506400     -0.26829400     -0.22265000      0.93718100      0.00058100     -0.00942000      0.00956200     -0.04892600      0.09948400     -0.19566600     -0.59059500     -0.00414000      0.03811400      0.01452200     -0.63693100     -0.67634800      0.36996100      0.71111300     -0.70077400     -0.05686200      0.29771800      0.22686700      0.92730500      0.00603800      0.00245500      0.00073800      0.00199500     -0.01519400      0.02909900     -0.03751800      0.11252100      0.03272000     -0.03278000     -0.13626500      0.88161400     -0.45187200     -0.90808900     -0.29347600     -0.29873900     -0.39598600      0.36963300      0.84057400     -0.00018000     -0.00163200     -0.00077800     -0.00001600     -0.00000100     -0.00000400      0.03982400
     0.15075700      0.01606500      0.41747200     -0.02182600      0.88143400     -0.47185100     -0.94495900     -0.17223200     -0.27813600     -0.32640800      0.43871300      0.83726700     -0.00002100     -0.00019100     -0.00009100      0.00000000      0.00000000      0.00000000     -1.23807200     -0.19522400      0.03792400      0.39525800      0.71222400      0.60994100      0.34741800     -0.64890900      0.76080500     -0.00507300     -0.26829300     -0.22260900      0.93719100     -0.01178500      0.00028000      0.00096900     -0.00204500      0.01520500     -0.02924500     -0.65099900     -0.00414000      0.03811400      0.01452200     -0.63693100     -0.67634800      0.36996100      0.71111300     -0.70077400     -0.05686200      0.29771800      0.22686700      0.92730500      0.00603800      0.00245500      0.00073800      0.00199500     -0.01519400      0.02909900     -0.03751800      0.11252100      0.03272000     -0.03278000     -0.13626500      0.88161400     -0.45187200     -0.90808900     -0.29347600     -0.29873900     -0.39598600      0.36963300      0.84057400     -0.00018000     -0.00163200     -0.00077800     -0.00001600     -0.00000100     -0.00000400      0.03982400
     0.15078000      0.01603700      0.41742500     -0.01893800      0.88089100     -0.47298700     -0.94330200     -0.17247400     -0.28355800     -0.33134700      0.43970400      0.83480300     -0.00023600     -0.00213500     -0.00101700      0.00064800      0.01002400     -0.02598400     -1.49795900     -0.19521600      0.03791600      0.39525400      0.71120700      0.61009100      0.34923400     -0.64888900      0.76080400     -0.00730400     -0.27103600     -0.22219900      0.93649900     -0.00000000     -0.00000100     -0.00000100     -0.01251700      0.08834800     -0.17773000     -0.68429300     -0.00414000      0.03811400      0.01452200     -0.63693100     -0.67634800      0.36996100      0.71111300     -0.70077400     -0.05686200      0.29771800      0.22686700      0.92730500      0.00603800      0.00245500      0.00073800      0.00199500     -0.01519400      0.02909900     -0.03751800      0.11252100      0.03272000     -0.03278000     -0.13626500      0.88161400     -0.45187200     -0.90808900     -0.29347600     -0.29873900     -0.39598600      0.36963300      0.84057400     -0.00018000     -0.00163200     -0.00077800     -0.00001600     -0.00000100     -0.00000400      0.03982400
     0.15078500      0.01604800      0.41735400     -0.01890700      0.88088200     -0.47300600     -0.94324100     -0.17253600     -0.28372300     -0.33152100      0.43969900      0.83473700     -0.00001800     -0.00015800     -0.00007500      0.00000000      0.00000000      0.00000000     -1.85898100     -0.19519700      0.03795500      0.39526000      0.71039200      0.61007000      0.35092400     -0.64866200      0.76097400     -0.00948500     -0.27371000     -0.22167300      0.93584600      0.00007400      0.00119100      0.00056600      0.00001200      0.00001100     -0.00000400     -0.81580500     -0.00414000      0.03811400      0.01452200     -0.63693100     -0.67634800      0.36996100      0.71111300     -0.70077400     -0.05686200      0.29771800      0.22686700      0.92730500      0.00603800      0.00245500      0.00073800      0.00199500     -0.01519400      0.02909900     -0.03751800      0.11252100      0.03272000     -0.03278000     -0.13626500      0.88161400     -0.45187200     -0.90808900     -0.29347600     -0.29873900     -0.39598600      0.36963300      0.84057400     -0.00018000     -0.00163200     -0.00077800     -0.00001600     -0.00000100     -0.00000400      0.03982400
     0.15076100      0.01609600      0.41735600     -0.01748700      0.88061400     -0.47355900     -0.94239600     -0.17268400     -0.28643000     -0.33399700      0.44017600      0.83349700     -0.01206900      0.00212200      0.00143700     -0.00098400      0.01471500     -0.02955300     -1.90995600     -0.19520200      0.03803500      0.39528800      0.71041800      0.61005000      0.35090900     -0.64863100      0.76100000     -0.00950000     -0.27371600     -0.22164000      0.93585100      0.00013900      0.00224400      0.00106600      0.00000000     -0.00000000     -0.00000000     -0.85731000     -0.00414000      0.03811400      0.01452200     -0.63693100     -0.67634800      0.36996100      0.71111300     -0.70077400     -0.05686200      0.29771800      0.22686700      0.92730500      0.00603800      0.00245500      0.00073800      0.00199500     -0.01519400      0.02909900     -0.03751800      0.11252100      0.03272000     -0.03278000     -0.13626500      0.88161400     -0.45187200     -0.90808900     -0.29347600     -0.29873900     -0.39598600      0.36963300      0.84057400     -0.00018000     -0.00163200     -0.00077800     -0.00001600     -0.00000100     -0.00000400      0.03982400
     0.15075000      0.01607300      0.41735600     -0.01757100      0.88061600     -0.47355200     -0.94240400     -0.17273900     -0.28637000     -0.33396900      0.44015000      0.83352200     -0.00011000     -0.01048500      0.00951100     -0.03575700      0.01134300     -0.01908400     -1.90935400     -0.19519000      0.03806600      0.39531300      0.71050000      0.60998100      0.35086200     -0.64856200      0.76105900     -0.00944600     -0.27366800     -0.22162400      0.93586900      0.00009800      0.00158000      0.00075000      0.01251700     -0.08835300      0.17772800     -0.83293000     -0.00414000      0.03811400      0.01452200     -0.63693100     -0.67634800      0.36996100      0.71111300     -0.70077400     -0.05686200      0.29771800      0.22686700      0.92730500      0.00603800      0.00245500      0.00073800      0.00199500     -0.01519400      0.02909900     -0.03751800      0.11252100      0.03272000     -0.03278000     -0.13626500      0.88161400     -0.45187200     -0.90808900     -0.29347600     -0.29873900     -0.39598600      0.36963300      0.84057400     -0.00018000     -0.00163200     -0.00077800     -0.00001600     -0.00000100     -0.00000400      0.03982400
     0.15075000      0.01608100      0.41734900     -0.01770300      0.88061600     -0.47354800     -0.94239500     -0.17285700     -0.28632900     -0.33398800      0.44010500      0.83353900      0.00003200      0.00978000     -0.00984700      0.03575700     -0.01134300      0.01908400     -1.56939600     -0.19516000      0.03812100      0.39533700      0.71157800      0.60978500      0.34901400     -0.64853700      0.76110500     -0.00719500     -0.27090500     -0.22200700      0.93658200      0.00008900      0.00144200      0.00068400     -0.58697500     -0.54474300      0.21515000     -0.60073800     -0.00414000      0.03811400      0.01452200     -0.63693100     -0.67634800      0.36996100      0.71111300     -0.70077400     -0.05686200      0.29771800      0.22686700      0.92730500      0.00603800      0.00245500      0.00073800      0.00199500     -0.01519400      0.02909900     -0.03751800      0.11252100      0.03272000     -0.03278000     -0.13626500      0.88161400     -0.45187200     -0.90808900     -0.29347600     -0.29873900     -0.39598600      0.36963300      0.84057400     -0.00018000     -0.00163200     -0.00077800     -0.00001600     -0.00000100     -0.00000400      0.03982400
     0.15066500      0.01605700      0.41748200     -0.02472900      0.88078000     -0.47292800     -0.94229300     -0.17846300     -0.28320800     -0.33382100      0.43753800      0.83495600      0.00025400      0.00228500      0.00108800      0.23522800      0.14086400     -0.41529600     -0.54543300     -0.19513000      0.03815300      0.39537100      0.71529600      0.60545900      0.34894500     -0.64392000      0.76501700     -0.00710200     -0.27213400     -0.22038600      0.93660900      0.00010900      0.00176500      0.00083700     -0.05164600      0.00105100     -0.13862500     -0.17110000     -0.00414000      0.03811400      0.01452200     -0.63693100     -0.67634800      0.36996100      0.71111300     -0.70077400     -0.05686200      0.29771800      0.22686700      0.92730500      0.00603800      0.00245500      0.00073800      0.00199500     -0.01519400      0.02909900     -0.03751800      0.11252100      0.03272000     -0.03278000     -0.13626500      0.88161400     -0.45187200     -0.90808900     -0.29347600     -0.29873900     -0.39598600      0.36963300      0.84057400     -0.00018000     -0.00163200     -0.00077800     -0.00001600     -0.00000100     -0.00000400      0.03982400
     0.15060400      0.01601400      0.41758400     -0.02774300      0.88131800     -0.47175700     -0.94401700     -0.17822900     -0.27755800     -0.32867200      0.43655000      0.83751200     -0.01203400     -0.00705500      0.01157500     -0.25083400      0.11317300     -0.14015200     -0.20028100     -0.19511800      0.03817700      0.39540300      0.71893900      0.60115200      0.34890500     -0.63932500      0.76886100     -0.00702600     -0.27337400     -0.21878000      0.93662400      0.00012700      0.00205200      0.00097300      0.00000000     -0.00000000      0.00000000      0.01961600     -0.00414000      0.03811400      0.01452200     -0.63693100     -0.67634800      0.36996100      0.71111300     -0.70077400     -0.05686200      0.29771800      0.22686700      0.92730500      0.00603800      0.00245500      0.00073800      0.00199500     -0.01519400      0.02909900     -0.03751800      0.11252100      0.03272000     -0.03278000     -0.13626500      0.88161400     -0.45187200     -0.90808900     -0.29347600     -0.29873900     -0.39598600      0.36963300      0.84057400     -0.00018000     -0.00163200     -0.00077800     -0.00001600     -0.00000100     -0.00000400      0.03982400
     0.15061200      0.01588200      0.41770600     -0.03568300      0.88165900     -0.47058300     -0.94469200     -0.18329900     -0.27189900     -0.32594400      0.43375800      0.84002400     -0.00000600     -0.00005200     -0.00002500     -0.00000000      0.00000000     -0.00000000      0.13237900     -0.19512900      0.03818600      0.39548200      0.71901500      0.59982400      0.35102800     -0.63903400      0.76911900     -0.00497500     -0.27385700     -0.22150800      0.93584200      0.00002900      0.00046400      0.00022000     -0.02010200      0.09871900     -0.17203500      0.22661100     -0.00414000      0.03811400      0.01452200     -0.63693100     -0.67634800      0.36996100      0.71111300     -0.70077400     -0.05686200      0.29771800      0.22686700      0.92730500      0.00603800      0.00245500      0.00073800      0.00199500     -0.01519400      0.02909900     -0.03751800      0.11252100      0.03272000     -0.03278000     -0.13626500      0.88161400     -0.45187200     -0.90808900     -0.29347600     -0.29873900     -0.39598600      0.36963300      0.84057400     -0.00018000     -0.00163200     -0.00077800     -0.00001600     -0.00000100     -0.00000400      0.03982400
     0.15067400      0.01569500      0.41786500     -0.04129800      0.88144800     -0.47052000     -0.94378000     -0.18893300     -0.27121400     -0.32791400      0.43177000      0.84028200     -0.00003700     -0.00982400      0.00983400     -0.03574500      0.01132300     -0.01912200      0.28141700     -0.19512400      0.03812400      0.39555800      0.71914200      0.59970800      0.35096500     -0.63898000      0.76916600     -0.00468000     -0.27364700     -0.22166100      0.93586700      0.00002300      0.00037700      0.00017800     -0.00000200      0.00000200      0.00000100      0.35737000     -0.00414000      0.03811400      0.01452200     -0.63693100     -0.67634800      0.36996100      0.71111300     -0.70077400     -0.05686200      0.29771800      0.22686700      0.92730500      0.00603800      0.00245500      0.00073800      0.00199500     -0.01519400      0.02909900     -0.03751800      0.11252100      0.03272000     -0.03278000     -0.13626500      0.88161400     -0.45187200     -0.90808900     -0.29347600     -0.29873900     -0.39598600      0.36963300      0.84057400     -0.00018000     -0.00163200     -0.00077800     -0.00001600     -0.00000100     -0.00000400      0.03982400
     0.15066400      0.01556600      0.41800000     -0.04146700      0.88146800     -0.47046800     -0.94393000     -0.18885100     -0.27074500     -0.32745900      0.43176500      0.84046200     -0.00001500     -0.00962400      0.00993200      0.17830700     -0.07576200      0.07247500      0.34475800     -0.19511900      0.03814000      0.39561900      0.71908900      0.59974900      0.35100300     -0.63906500      0.76909600     -0.00457500     -0.27358900     -0.22179000      0.93585300      0.00014400      0.00232900      0.00110200      0.00181500     -0.01278500      0.02576200      0.43828800     -0.00414000      0.03811400      0.01452200     -0.63693100     -0.67634800      0.36996100      0.71111300     -0.70077400     -0.05686200      0.29771800      0.22686700      0.92730500      0.00603800      0.00245500      0.00073800      0.00199500     -0.01519400      0.02909900     -0.03751800      0.11252100      0.03272000     -0.03278000     -0.13626500      0.88161400     -0.45187200     -0.90808900     -0.29347600     -0.29873900     -0.39598600      0.36963300      0.84057400     -0.00018000     -0.00163200     -0.00077800     -0.00001600     -0.00000100     -0.00000400      0.03982400
     0.15065600      0.01554600      0.41803400     -0.04290700      0.88171500     -0.46987600     -0.94474800     -0.18871900     -0.26797100     -0.32490400      0.43132000      0.84168100      0.00000600      0.00005200      0.00002500     -0.00000000      0.00000000     -0.00000000      0.35661200     -0.19510800      0.03816400      0.39564000      0.72017900      0.59952700      0.34914400     -0.63901900      0.76914500     -0.00229500     -0.27081000     -0.22222200      0.93655900      0.00015500      0.00251900      0.00119200      0.00181500     -0.01278400      0.02576200      0.47204900     -0.00414000      0.03811400      0.01452200     -0.63693100     -0.67634800      0.36996100      0.71111300     -0.70077400     -0.05686200      0.29771800      0.22686700      0.92730500      0.00603800      0.00245500      0.00073800      0.00199500     -0.01519400      0.02909900     -0.03751800      0.11252100      0.03272000     -0.03278000     -0.13626500      0.88161400     -0.45187200     -0.90808900     -0.29347600     -0.29873900     -0.39598600      0.36963300      0.84057400     -0.00018000     -0.00163200     -0.00077800     -0.00001600     -0.00000100     -0.00000400      0.03982400
     0.15064900      0.01554100      0.41806500     -0.04278800      0.88172100     -0.46987500     -0.94477700     -0.18858700     -0.26796200     -0.32483500      0.43136400      0.84168500      0.00000600      0.00005400      0.00002600     -0.00000000      0.00000000     -0.00000000      0.35891100     -0.19511400      0.03820400      0.39565900      0.72013300      0.59956600      0.34917100     -0.63906200      0.76910900     -0.00231200     -0.27082900     -0.22224300      0.93654900      0.00008800      0.00142900      0.00067600     -0.00000000      0.00000000      0.00000000      0.50930700     -0.00414000      0.03811400      0.01452200     -0.63693100     -0.67634800      0.36996100      0.71111300     -0.70077400     -0.05686200      0.29771800      0.22686700      0.92730500      0.00603800      0.00245500      0.00073800      0.00199500     -0.01519400      0.02909900     -0.03751800      0.11252100      0.03272000     -0.03278000     -0.13626500      0.88161400     -0.45187200     -0.90808900     -0.29347600     -0.29873900     -0.39598600      0.36963300      0.84057400     -0.00018000     -0.00163200     -0.00077800     -0.00001600     -0.00000100     -0.00000400      0.03982400
