     0.20457400      0.02085900      0.40444300     -0.59800100      0.20730500     -0.77425100     -0.53561900     -0.82196400      0.19354300     -0.59554700      0.53018100      0.60353900     -0.00057600      0.00917000     -0.00996800      0.03537100     -0.00717500      0.02062400     -0.02414100     -0.24249900      0.04271900      0.34975000      0.34588900      0.92720400      0.14368000     -0.93819000      0.34273800      0.04758400     -0.00554600     -0.15243300      0.98822900     -0.00046100     -0.00212000     -0.00141700      0.18675400     -0.44785900     -0.31200100      0.39414200     -0.00195100      0.04403800     -0.00230700     -0.44614900     -0.87859500      0.17035600      0.89177600     -0.45247100      0.00191000      0.07540300      0.15277200      0.98538000     -0.00026100     -0.00119300     -0.00078900      0.10649900     -0.39644100     -0.29426200      0.35242000      0.11668400      0.03494500     -0.03916400     -0.63736600      0.26517700     -0.72349400     -0.50047500     -0.85638300      0.12701200     -0.58590800      0.44304400      0.67854500     -0.00029000      0.00467700     -0.00493800      0.03913500     -0.01047300      0.02534400     -0.22405400
     0.20452600      0.02089400      0.40442900     -0.59802600      0.20729600     -0.77423400     -0.53555900     -0.82201000      0.19351500     -0.59557600      0.53011300      0.60357000     -0.00002500      0.00048900      0.00024500     -0.00000000      0.00000000     -0.00000000     -0.02701100     -0.24244000      0.04253900      0.34957800      0.30923100      0.94097600      0.13759100     -0.95081600      0.30817900      0.03014800     -0.01440800     -0.14133900      0.98978800     -0.00127800     -0.00588100     -0.00393700      0.13335700     -0.27668500     -0.47206900      0.38916900     -0.00192100      0.04394900     -0.00239200     -0.41192900     -0.89649500      0.16312400      0.90746300     -0.41983500     -0.01575500      0.08260900      0.14153900      0.98647900     -0.00066400     -0.00305100     -0.00203900      0.12704600     -0.28699400     -0.46818100      0.34490900      0.11665900      0.03496400     -0.03917000     -0.63735100      0.26519000     -0.72350300     -0.50042200     -0.85642700      0.12692200     -0.58596900      0.44295100      0.67855200     -0.00001900      0.00036200      0.00018200      0.00003500     -0.00007300      0.00012000     -0.22552300
     0.20449600      0.02093900      0.40443100     -0.59788600      0.20740600     -0.77431300     -0.53563200     -0.82200300      0.19334000     -0.59565000      0.53008100      0.60352500     -0.00001500      0.00029100      0.00014500      0.00000000      0.00000000      0.00000000     -0.03103000     -0.24227700      0.04222900      0.34937000      0.28104300      0.94787000      0.15016500     -0.95933200      0.28150300      0.01931100     -0.02430600     -0.15068600      0.98821400     -0.00145900     -0.00673000     -0.00451800     -0.07454400     -0.00949300     -0.49156700      0.40749100     -0.00183900      0.04379600     -0.00249400     -0.38558600     -0.90602000      0.17449800      0.91790400     -0.39587100     -0.02714100      0.09366900      0.14970800      0.98428300     -0.00077200     -0.00392100     -0.00264900     -0.83759200     -0.10231300     -5.47566300      0.35225700      0.11664400      0.03498900     -0.03916800     -0.63721700      0.26531400     -0.72357600     -0.50050500     -0.85640400      0.12675100     -0.58604500      0.44292100      0.67850600     -0.00001000      0.00020400      0.00010300     -0.00001900     -0.00000100      0.00002900     -0.22797300
     0.20448600      0.02095400      0.40441700     -0.59766300      0.20757500     -0.77444000     -0.53576500     -0.82197700      0.19308400     -0.59575500      0.53005500      0.60344400     -0.00000000      0.00000000      0.00000000      0.00000000      0.00000000      0.00000000     -0.03280700     -0.24232000      0.04181600      0.34921900      0.27130300      0.94784400      0.16726700     -0.96161400      0.27420800      0.00656000     -0.03997300     -0.16382600      0.98561000     -0.00171700     -0.00791200     -0.00532700      0.01244300      0.03334700     -0.02651200      0.44644800     -0.00186100      0.04358900     -0.00257000     -0.37366700     -0.90768400      0.19099900      0.92097300     -0.38756200     -0.04003400      0.11036300      0.16094600      0.98077200     -0.00117100     -0.01026900      0.00084000      0.12223000      0.23473300     -0.06033300      0.39193600      0.11663900      0.03499700     -0.03917500     -0.63700500      0.26550300     -0.72369300     -0.50064900     -0.85635600      0.12650500     -0.58615200      0.44290100      0.67842700      0.00000400     -0.00001200     -0.00000600      0.00001600      0.00004500      0.00004800     -0.22976900
     0.20447600      0.02096100      0.40441000     -0.59756100      0.20765300     -0.77449800     -0.53582500     -0.82196600      0.19296500     -0.59580400      0.53004200      0.60340800     -0.00000000      0.00000000      0.00000000      0.00000000      0.00000000      0.00000000     -0.03488100     -0.24232600      0.04166300      0.34910300      0.25953600      0.94952900      0.17614300     -0.96469800      0.26321600      0.00316500     -0.04366800     -0.17194800      0.98406800     -0.00167100     -0.00769900     -0.00519200     -0.11582900      0.13022600      0.07857900      0.45076500     -0.00186500      0.04350800     -0.00263100     -0.36154500     -0.91084100      0.19913000      0.92522200     -0.37686700     -0.04397400      0.11509900      0.16834100      0.97898500     -0.00099900     -0.00459900     -0.00310200     -0.15230800      0.23072600      0.08187000      0.41006100      0.11663400      0.03500000     -0.03917900     -0.63690800      0.26559000     -0.72374600     -0.50071400     -0.85633500      0.12639100     -0.58620200      0.44289000      0.67839100      0.00000500     -0.00000900     -0.00000500      0.00002400      0.00004300      0.00006200     -0.23074900
     0.20444700      0.02099800      0.40442900     -0.59753700      0.20767400     -0.77451100     -0.53584400     -0.82196000      0.19294000     -0.59581100      0.53004300      0.60340000     -0.00006600      0.00129800      0.00064900      0.00000000      0.00000000      0.00000000     -0.03829000     -0.24249200      0.04144200      0.34886600      0.22871800      0.95559800      0.18577300     -0.97226300      0.23370500     -0.00451900     -0.04800600     -0.18079500      0.98227900     -0.00145100     -0.00666500     -0.00450800     -0.30929500      0.02334400     -1.65261200      0.43897300     -0.00194800      0.04339500     -0.00275100     -0.33325100     -0.91973500      0.20743600      0.93510300     -0.35054200     -0.05197600      0.12051900      0.17665300      0.97686600     -0.00677900     -0.00230900     -0.00124000     -1.02527100      0.02979600     -5.45541700      0.41447000      0.11662000      0.03501600     -0.03917000     -0.63688500      0.26561500     -0.72375700     -0.50073600     -0.85632600      0.12636600     -0.58620800      0.44289200      0.67838400     -0.00004800      0.00099300      0.00049600     -0.00001100     -0.00000100      0.00001200     -0.23319800
     0.20439700      0.02106600      0.40446500     -0.59825100      0.21014000     -0.77329400     -0.54023800     -0.81848100      0.19546100     -0.59111300      0.53443200      0.60414900     -0.00007500      0.00147300      0.00073600     -0.00000000      0.00000000     -0.00000000     -0.04116400     -0.24272700      0.04126200      0.34878900      0.21462600      0.95813600      0.18948100     -0.97545900      0.21993000     -0.00659400     -0.04824400     -0.18462800      0.98155400     -0.00060600     -0.00277200     -0.00187800     -0.00000000      0.00000000      0.00000000      0.42414000     -0.00206700      0.04329900     -0.00279400     -0.31784500     -0.92452100      0.21031900      0.94040800     -0.33567300     -0.05436200      0.12085800      0.18050700      0.97611900     -0.00026900     -0.00122700     -0.00082800     -0.00004100     -0.00049200      0.00348800      0.39993700      0.11659500      0.03505200     -0.03915100     -0.63763600      0.26791400     -0.72224700     -0.50513400     -0.85327800      0.12943800     -0.58160000      0.44736600      0.67941400     -0.00004600      0.00090000      0.00045000      0.00195500     -0.00163000      0.00219900     -0.23564700
     0.20434900      0.02111100      0.40447800     -0.59825300      0.21014700     -0.77329100     -0.54022500     -0.81849400      0.19544300     -0.59112400      0.53441000      0.60415900     -0.00008800      0.00174800      0.00087300     -0.00000000      0.00000000     -0.00000000     -0.04107200     -0.24277700      0.04127200      0.34876300      0.21171400      0.95891400      0.18882200     -0.97600500      0.21740300     -0.00912300     -0.05004800     -0.18357200      0.98166200     -0.00005200     -0.00023800     -0.00016100      0.23784700     -0.10789200     -0.32210900      0.40701900     -0.00209200      0.04330200     -0.00280800     -0.31582500     -0.92520700      0.21034400      0.94095900     -0.33388800     -0.05580000      0.12185800      0.18030200      0.97603300      0.00002000      0.00009700      0.00006800      0.43150300     -0.37440800     -0.22314300      0.38687400      0.11657100      0.03507400     -0.03914500     -0.63762200      0.26792900     -0.72225400     -0.50512300     -0.85329100      0.12939400     -0.58162600      0.44733200      0.67941400     -0.00617500      0.00074300      0.00057500     -0.00066500      0.01447700     -0.02932600     -0.23695400
     0.20424500      0.02114400      0.40447600     -0.59827600      0.21014600     -0.77327300     -0.54018500     -0.81852500      0.19542400     -0.59113700      0.53436200      0.60418700     -0.00000200      0.00004800      0.00002400      0.00000000      0.00000000      0.00000000     -0.04460500     -0.24275300      0.04148500      0.34888500      0.20663300      0.95988300      0.18952600     -0.97699200      0.21278800     -0.01191600     -0.05200900     -0.18391600      0.98149600      0.00171300      0.00784200      0.00530300      0.33214000     -0.20851000     -0.35887700      0.34670300     -0.00208100      0.04340400     -0.00275000     -0.31092800     -0.92668300      0.21113900      0.94235200     -0.32948800     -0.05838500      0.12367200      0.18081400      0.97571000      0.00093300      0.00428000      0.00289000      0.51100400     -0.36062800     -0.41047200      0.33168200      0.11651900      0.03509300     -0.03914500     -0.63764200      0.26792500     -0.72223700     -0.50508000     -0.85332100      0.12936700     -0.58164000      0.44727800      0.67943700     -0.00611900     -0.00036400      0.00002300     -0.00092900      0.01470200     -0.02959600     -0.23875000
     0.20415400      0.02113800      0.40445500     -0.59835900      0.21010100     -0.77322100     -0.54010000     -0.81857000      0.19546600     -0.59112900      0.53431100      0.60424000      0.00006700     -0.00134100     -0.00067000      0.00000000      0.00000000      0.00000000     -0.05580100     -0.24267100      0.04157500      0.34933000      0.19354700      0.96264400      0.18933800     -0.97957800      0.20024800     -0.01615500     -0.05369200     -0.18356100      0.98147100      0.00177700     -0.00158000      0.01445400      0.02652000      0.04781300     -0.20161500      0.33157300     -0.00203900      0.04345700     -0.00252300     -0.29765000     -0.93155000      0.20884900      0.94626800     -0.31684900     -0.06465900      0.12640700      0.17838100      0.97580700      0.00091900     -0.00062500      0.00734000     -0.00390400      0.07400500     -0.19235300      0.27534700      0.11647300      0.03509200     -0.03915400     -0.63772200      0.26787100     -0.72218700     -0.50499100     -0.85336800      0.12940100     -0.58162900      0.44722000      0.67948500      0.00004000     -0.00080100     -0.00039900     -0.00076600      0.01156200     -0.02642700     -0.24364800
     0.20408800      0.02115700      0.40442200     -0.59812900      0.21028200     -0.77334900     -0.54021100     -0.81856800      0.19516800     -0.59126100      0.53424200      0.60417300      0.00000100     -0.00001000     -0.00000500      0.00000000      0.00000000      0.00000000     -0.06677900     -0.24257900      0.04180400      0.34965700      0.18887500      0.96347700      0.18981300     -0.98040800      0.19594400     -0.01843400     -0.05517300     -0.18383000      0.98133900      0.00187500      0.00860900      0.00578200      0.00178700     -0.01627000      0.02373000      0.34552400     -0.00199100      0.04357600     -0.00235500     -0.29307400     -0.93289700      0.20930800      0.94752000     -0.31264500     -0.06675900      0.12771900      0.17875800      0.97556700      0.00092900      0.00429000      0.00287900     -0.00715500     -0.00836100      0.02803600      0.28367500      0.11644000      0.03509800     -0.03917200     -0.63750400      0.26807100     -0.72230500     -0.50511400     -0.85334000      0.12910900     -0.58176200      0.44715400      0.67941500     -0.00030500      0.00498900     -0.00478000      0.03568900     -0.00749900      0.02100700     -0.25246600
     0.20407800      0.02117100      0.40440800     -0.59801500      0.21036900     -0.77341400     -0.54026400     -0.81856800      0.19502100     -0.59132800      0.53420800      0.60413700      0.00000000     -0.00000000     -0.00000000      0.00000000      0.00000000      0.00000000     -0.06813500     -0.24257200      0.04197500      0.34976100      0.17602600      0.96573700      0.19067600     -0.98291000      0.18295800     -0.01865300     -0.05310300     -0.18535400      0.98116600      0.00159700      0.00733300      0.00491700     -0.02844400      0.00277600     -0.14641100      0.33844400     -0.00198800      0.04366100     -0.00230400     -0.28072100     -0.93662400      0.20959200      0.95150400     -0.30021100     -0.06716600      0.12583200      0.18057300      0.97547800      0.00093300      0.00430800      0.00288700     -0.10444300      0.10244700     -0.63327000      0.28400100      0.11643500      0.03510500     -0.03918000     -0.63739600      0.26816900     -0.72236400     -0.50517400     -0.85332600      0.12896500     -0.58182900      0.44712100      0.67937900     -0.00000100      0.00000700      0.00000500      0.00001100     -0.00001800     -0.00006100     -0.25475200
     0.20405600      0.02122300      0.40438000     -0.59752300      0.21073600     -0.77369400     -0.54054600     -0.81851700      0.19445000     -0.59156700      0.53414000      0.60396300     -0.00000100      0.00001300      0.00000600      0.00000000      0.00000000      0.00000000     -0.08166100     -0.24250100      0.04228000      0.35000000      0.17328600      0.96589600      0.19237500     -0.98339200      0.18031800     -0.01895200     -0.05319400     -0.18711600      0.98082700      0.00214000      0.00984400      0.00658000      0.00253700     -0.03159400      0.04813700      0.31575800     -0.00195300      0.04381100     -0.00218600     -0.27784400     -0.93712900      0.21116600      0.95231500     -0.29755500     -0.06749600      0.12608600      0.18234300      0.97511600      0.00106400      0.00491200      0.00328100      0.00270600     -0.03163200      0.04935300      0.26277300      0.11642500      0.03513200     -0.03919300     -0.63692900      0.26858000     -0.72262300     -0.50548100     -0.85322800      0.12841500     -0.58207300      0.44706400      0.67920800     -0.00612000     -0.00033300      0.00004000     -0.00097300      0.01470500     -0.02960600     -0.26014100
     0.20402700      0.02124400      0.40434800     -0.59689100      0.21120500     -0.77405400     -0.54094600     -0.81841900      0.19375700     -0.59184100      0.53410600      0.60372400      0.00000300     -0.00005200     -0.00002600      0.00000000      0.00000000      0.00000000     -0.10478100     -0.24243600      0.04267200      0.35040300      0.17062800      0.96603300      0.19405700     -0.98386500      0.17771600     -0.01901300     -0.05305000     -0.18890200      0.98049200      0.00318400      0.01466700      0.00975700     -0.00622300      0.07739000     -0.11799100      0.29872100     -0.00191900      0.04399100     -0.00199600     -0.27527000     -0.93755000      0.21266100      0.95305500     -0.29515400     -0.06759100      0.12613800      0.18407200      0.97478400      0.00144200      0.00180700      0.00891400     -0.04158800      0.09447000     -0.13193700      0.23664700      0.11641000      0.03514100     -0.03921000     -0.63632800      0.26910600     -0.72295700     -0.50591200     -0.85307200      0.12775200     -0.58235600      0.44704500      0.67897800     -0.00611800     -0.00036300      0.00002300     -0.00095400      0.01469600     -0.02957600     -0.27353100
     0.20400800      0.02126600      0.40433800     -0.59666900      0.21137100     -0.77417900     -0.54107600     -0.81839200      0.19350300     -0.59194500      0.53408100      0.60364500     -0.00000400      0.00008300      0.00004200      0.00000000      0.00000000      0.00000000     -0.11321800     -0.24245800      0.04288500      0.35067500      0.16915100      0.96610400      0.19499400     -0.98413000      0.17624700     -0.01893500     -0.05285500     -0.18991800      0.98030700     -0.00941500      0.00521800      0.01950600     -0.04504900      0.12546400     -0.18609100      0.30368100     -0.00192900      0.04410400     -0.00186100     -0.27379100     -0.93779000      0.21351000      0.95348800     -0.29375700     -0.06756600      0.12608300      0.18508100      0.97460000      0.00151300      0.00214700      0.00912800     -0.04162400      0.09443300     -0.13210600      0.23109500      0.11640000      0.03515200     -0.03921500     -0.63611800      0.26929200     -0.72307300     -0.50605400     -0.85302400      0.12750800     -0.58246200      0.44702400      0.67890000     -0.00000100      0.00004900      0.00002500      0.00002600     -0.00000000     -0.00002600     -0.28006200
     0.20394000      0.02132400      0.40432500     -0.59636000      0.21161000     -0.77435200     -0.54124400     -0.81837000      0.19312600     -0.59210400      0.53401900      0.60354300     -0.00004700      0.00095300      0.00047600      0.00000000      0.00000000      0.00000000     -0.11851200     -0.24242900      0.04315100      0.35120200      0.16548600      0.96625600      0.19737200     -0.98478200      0.17259400     -0.01868400     -0.05230900     -0.19249700      0.97983300      0.00238000      0.00126500      0.01620900     -0.04175300      0.09437500     -0.13283500      0.30465600     -0.00191700      0.04425100     -0.00158900     -0.27007100     -0.93836800      0.21569800      0.95458200     -0.29022700     -0.06738500      0.12583300      0.18770300      0.97413100      0.00121300      0.00562900      0.00371600     -0.00748000      0.09298800     -0.14172400      0.23501400      0.11636700      0.03518000     -0.03922200     -0.63582400      0.26955800     -0.72323200     -0.50623800     -0.85296900      0.12714200     -0.58262300      0.44696700      0.67879900     -0.00003100      0.00061200      0.00030700      0.00552500     -0.08014500      0.18193600     -0.28888000
     0.20387300      0.02136600      0.40429400     -0.59619500      0.21174500     -0.77444300     -0.54129200     -0.81839800      0.19287500     -0.59222600      0.53392300      0.60350800     -0.00000000      0.00000200      0.00000100      0.00000000      0.00000000      0.00000000     -0.11890800     -0.24249400      0.04319200      0.35181300      0.16082400      0.96693500      0.19789900     -0.98552600      0.16813900     -0.02005400     -0.05285000     -0.19303100      0.97969900      0.00175800     -0.01130400      0.02327000     -0.02297900     -0.02575900     -0.03683000      0.29760700     -0.00194900      0.04427600     -0.00128600     -0.26544700     -0.93964700      0.21587000      0.95577500     -0.28587100     -0.06907400      0.12661700      0.18798700      0.97397500     -0.00506600      0.00095200      0.00862300     -0.00610500      0.08743000     -0.21919000      0.22701300      0.11633300      0.03520300     -0.03923600     -0.63566800      0.26970700     -0.72331400     -0.50629500     -0.85297300      0.12689100     -0.58274400      0.44687100      0.67875900      0.00000100     -0.00002000     -0.00000900      0.00000800     -0.00002100     -0.00002100     -0.29084000
     0.20385500      0.02137200      0.40428700     -0.59589200      0.21196900     -0.77461500     -0.54149600     -0.81833700      0.19255700     -0.59234500      0.53392700      0.60338900     -0.00000000      0.00000000      0.00000000      0.00550500     -0.08015100      0.18194500     -0.11852600     -0.24249900      0.04313200      0.35217800      0.15975000      0.96694400      0.19872200     -0.98574400      0.16694400     -0.01931100     -0.05203200     -0.19402500      0.97954600      0.00184300     -0.01091000      0.02352300     -0.06906100      0.01781100     -0.00589800      0.29909900     -0.00195200      0.04424500     -0.00110400     -0.26428400     -0.93977600      0.21673200      0.95620100     -0.28464100     -0.06824400      0.12582600      0.18920400      0.97384200      0.00113800      0.00044200      0.00795900     -0.05123700      0.11717300     -0.15465300      0.22521700      0.11632400      0.03520600     -0.03924000     -0.63548300      0.26986900     -0.72341600     -0.50643100     -0.85292200      0.12669200     -0.58282700      0.44687100      0.67868800      0.00000200     -0.00001400     -0.00000800      0.00003000      0.00001300     -0.00000600     -0.29100300
     0.20383400      0.02140000      0.40423600     -0.59567000      0.21214000     -0.77473900     -0.54156700     -0.81836600      0.19223800     -0.59250300      0.53381500      0.60333200      0.00000200     -0.00003900     -0.00001900      0.00000000      0.00000000      0.00000000     -0.11757500     -0.24249300      0.04302000      0.35296000      0.15752600      0.96747800      0.19789700     -0.98611200      0.16471000     -0.01971400     -0.05184800     -0.19326500      0.97970600      0.00224200     -0.00906200      0.02471500     -0.00523100     -0.04302700     -0.04884700      0.29789400     -0.00194900      0.04418600     -0.00071500     -0.26228600     -0.94055700      0.21577100      0.95678000     -0.28257400     -0.06872000      0.12560700      0.18842100      0.97402200      0.00137100      0.00152800      0.00865300      0.03680000     -0.08115500     -0.01670000      0.22521700      0.11631400      0.03521900     -0.03926600     -0.63516900      0.27014900     -0.72358700     -0.50659800     -0.85288500      0.12627200     -0.58302500      0.44677200      0.67858300      0.00000200     -0.00001000     -0.00000500      0.00000700     -0.00002100     -0.00001500     -0.29132900
     0.20383000      0.02146700      0.40414900     -0.59546100      0.21230600     -0.77485400     -0.54155200     -0.81846700      0.19184900     -0.59272700      0.53359400      0.60330800      0.00002100     -0.00042900     -0.00021400      0.00000000      0.00000000      0.00000000     -0.11220100     -0.24255100      0.04295500      0.35378700      0.15041800      0.96836600      0.19908000     -0.98737200      0.15718700     -0.01798800     -0.04888300     -0.19508300      0.97949800      0.00253200      0.00197900      0.01657100     -0.04190000      0.09355600     -0.13339600      0.29606100     -0.00197700      0.04415200     -0.00029000     -0.25518200     -0.94229700      0.21669800      0.95907100     -0.27512800     -0.06698300      0.12273700      0.19073600      0.97393700      0.00123200      0.00089600      0.00822500     -0.04363900      0.09538100     -0.13230200      0.22276700      0.11631100      0.03525300     -0.03930900     -0.63497100      0.27033300     -0.72369200     -0.50659600     -0.85294400      0.12587500     -0.58324200      0.44654700      0.67854500     -0.00029100      0.00471800     -0.00491200      0.03567000     -0.00755700      0.02102200     -0.28920700
     0.20382500      0.02155700      0.40406300     -0.59405000      0.21594600     -0.77493100     -0.54631200     -0.81537700      0.19150800     -0.58977300      0.53684700      0.60331700      0.00000000     -0.00000000     -0.00000000     -0.00000000      0.00000000      0.00000000     -0.11663800     -0.24254000      0.04243400      0.35456200      0.14611200      0.96891200      0.19962800     -0.98805100      0.15284400     -0.01809400     -0.04821000     -0.19582300      0.97938400      0.00047000     -0.01723700      0.01940700     -0.06499500      0.01380700     -0.00869600      0.29578500     -0.00197000      0.04390000      0.00010300     -0.25092600     -0.94339400      0.21689100      0.96025200     -0.27088900     -0.06732600      0.12226900      0.19137700      0.97387000      0.00014900     -0.00894800      0.00948800     -0.08299900      0.03036100     -0.00296400      0.21982800      0.11630900      0.03529700     -0.03935200     -0.63367500      0.27402100     -0.72344100     -0.51147400     -0.85000300      0.12605000     -0.58038700      0.44989600      0.67878000     -0.00000100      0.00001000      0.00000600      0.00014300     -0.00007200     -0.00006500     -0.28920700
     0.20381300      0.02159400      0.40402800     -0.59400900      0.21598300     -0.77495200     -0.54626700     -0.81543600      0.19138400     -0.58985600      0.53674200      0.60332900      0.00000000     -0.00000000     -0.00000000      0.00000000      0.00000000      0.00000000     -0.11988800     -0.24251100      0.04206300      0.35491700      0.14367500      0.96944300      0.19881800     -0.98839000      0.15051300     -0.01907700     -0.04858100     -0.19499300      0.97953100      0.00014700     -0.01873800      0.01845100     -0.06754500      0.12873600     -0.20562600      0.30260500     -0.00195500      0.04371300      0.00027900     -0.24860000     -0.94424000      0.21588700      0.96081400     -0.26861000     -0.06843400      0.12260700      0.19041400      0.97401600      0.00002300     -0.00954300      0.00911200     -0.09372400      0.15295400     -0.19754400      0.22342000      0.11630300      0.03531600     -0.03937000     -0.63363600      0.27406000     -0.72346000     -0.51143000     -0.85004800      0.12591800     -0.58046800      0.44978600      0.67878400     -0.00030600      0.00499900     -0.00477100      0.03575800     -0.00760500      0.02095400     -0.29051300
     0.20379100      0.02166800      0.40396700     -0.59392200      0.21605900     -0.77499800     -0.54619600     -0.81554000      0.19114900     -0.59000900      0.53655500      0.60334600     -0.00000000      0.00000600      0.00000300      0.00000000      0.00000000      0.00000000     -0.12890300     -0.24248500      0.04150100      0.35563100      0.13987500      0.97099000      0.19391800     -0.98880800      0.14717000     -0.02308700     -0.05111400     -0.18974500      0.98043200      0.00078700     -0.01579500      0.02037400     -0.00394000     -0.04572400     -0.05001700      0.30307500     -0.00194500      0.04343000      0.00062300     -0.24532700     -0.94624900      0.21077200      0.96139700     -0.26542000     -0.07257300      0.12461500      0.18483200      0.97483700      0.00033800     -0.00809700      0.01005900     -0.01753900     -0.01945800     -0.07554800      0.23338100      0.11629200      0.03535400     -0.03940000     -0.63355500      0.27414000     -0.72350100     -0.51136100     -0.85012700      0.12567000     -0.58061700      0.44959000      0.67878700     -0.00030500      0.00499200     -0.00477400      0.03571600     -0.00758700      0.02096800     -0.29475900
     0.20375200      0.02168800      0.40393500     -0.59385500      0.21611700     -0.77503300     -0.54618600     -0.81557800      0.19101300     -0.59008600      0.53647300      0.60334300      0.00000200     -0.00003200     -0.00001600      0.00000000      0.00000000      0.00000000     -0.14378200     -0.24250200      0.04094400      0.35637500      0.13456900      0.97303200      0.18732500     -0.98932200      0.14255700     -0.02918400     -0.05525300     -0.18262600      0.98155900      0.00077200     -0.01587400      0.02034400      0.27767200     -0.32103400     -0.24014000      0.27571600     -0.00195300      0.04315700      0.00098800     -0.24154700     -0.94834300      0.20566500      0.96208200     -0.26171000     -0.07683900      0.12669500      0.17930600      0.97560000      0.00043600     -0.00764600      0.01035800     -0.08449800      0.03076600     -0.01276400      0.21052000      0.11627300      0.03536300     -0.03941600     -0.63349100      0.27420300     -0.72353300     -0.51135600     -0.85015100      0.12553100     -0.58069200      0.44950600      0.67877900      0.00000300     -0.00001900     -0.00000800      0.00004600      0.00000300     -0.00005300     -0.30292300
     0.20372300      0.02172500      0.40392100     -0.59373300      0.21621200     -0.77510000     -0.54623000     -0.81558900      0.19084200     -0.59016800      0.53641900      0.60331100     -0.00006700      0.00136900      0.00068300      0.00000000      0.00000000      0.00000000     -0.16254200     -0.24254200      0.04050300      0.35719700      0.13088800      0.97448900      0.18229600     -0.98967400      0.13923300     -0.03307700     -0.05776000     -0.17731500      0.98238800      0.00158700     -0.01211000      0.02277400      0.00125300     -0.05125200     -0.05340700      0.28777200     -0.00197300      0.04292200      0.00141200     -0.23732100     -0.95091600      0.19858600      0.96270800     -0.25755600     -0.08280100      0.12988400      0.17153100      0.97657900      0.00080900     -0.00591900      0.01147600     -0.04188200     -0.01066500     -0.04041100      0.20235600      0.11625800      0.03537900     -0.03942400     -0.63337600      0.27430700     -0.72359400     -0.51140500     -0.85014600      0.12536100     -0.58077400      0.44945100      0.67874400     -0.00003700      0.00077900      0.00039000      0.00003800     -0.00000700     -0.00004300     -0.31484300
     0.20370300      0.02174700      0.40391100     -0.59373000      0.21621900     -0.77510100     -0.54620300     -0.81561500      0.19080400     -0.59019600      0.53637500      0.60332300     -0.00004100      0.00084100      0.00042000      0.00000000      0.00000000      0.00000000     -0.16984600     -0.24261900      0.04031700      0.35764500      0.12968000      0.97495200      0.18067400     -0.98980900      0.13806200     -0.03392900     -0.05816800     -0.17566500      0.98266100     -0.01044300      0.00037700      0.01617500     -0.00206500     -0.01681200     -0.04283800      0.29729600     -0.00200800      0.04283600      0.00162200     -0.23627100     -0.95151100      0.19698000      0.96293800     -0.25642300     -0.08364100      0.13009500      0.16991700      0.97683200      0.00077100     -0.00609600      0.01136600     -0.05674000      0.00428700     -0.02652100      0.20954100      0.11624800      0.03539100     -0.03942900     -0.63337400      0.27431400     -0.72359400     -0.51137900     -0.85016800      0.12532000     -0.58080000      0.44940500      0.67875200     -0.00644600      0.00522200     -0.00445500      0.03470300      0.00714800     -0.00857800     -0.32153800
     0.20365600      0.02176700      0.40389000     -0.59367700      0.21626600     -0.77512800     -0.54619900     -0.81564300      0.19069900     -0.59025300      0.53631400      0.60332100     -0.00000000      0.00000000      0.00000000      0.00000000      0.00000000      0.00000000     -0.17451600     -0.24279400      0.04003400      0.35845000      0.12783400      0.97539900      0.17957200     -0.99007800      0.13612100     -0.03392900     -0.05768000     -0.17468500      0.98286400     -0.01057000     -0.00994400      0.02483100     -0.07168000      0.03336500     -0.03489400      0.30263100     -0.00209500      0.04269400      0.00203000     -0.23457100     -0.95211800      0.19607600      0.96346700     -0.25452900     -0.08333300      0.12925000      0.16936600      0.97704000      0.00088100     -0.00558700      0.01169100     -0.07506200      0.02344000     -0.00243700      0.22293100      0.11622400      0.03540300     -0.03943800     -0.63332300      0.27436500     -0.72361800     -0.51137800     -0.85018400      0.12521300     -0.58085500      0.44934200      0.67874600      0.00000400     -0.00001000     -0.00000400      0.00002700      0.00002500     -0.00004300     -0.32888600
     0.20360000      0.02178600      0.40385800     -0.59375600      0.21622100     -0.77507900     -0.54608500     -0.81571700      0.19070700     -0.59027700      0.53622000      0.60338100      0.00000000     -0.00000100     -0.00000000      0.00000000      0.00000000      0.00000000     -0.17599400     -0.24301200      0.03953300      0.35941600      0.12595200      0.97535100      0.18115700     -0.99047600      0.13383600     -0.03130300     -0.05491700     -0.17672100      0.98265800     -0.01138300     -0.02339200      0.03153600     -0.10740200      0.05024900     -0.04980800      0.29193200     -0.00220300      0.04245300      0.00251400     -0.23269100     -0.95226400      0.19760100      0.96425600     -0.25237200     -0.08072400      0.12674000      0.17175500      0.97695200      0.00053900     -0.00715600      0.01069700     -0.06970300      0.01831100     -0.00445300      0.21852200      0.11619600      0.03541200     -0.03945500     -0.63340000      0.27431200     -0.72357100     -0.51126100     -0.85025500      0.12520800     -0.58087500      0.44924100      0.67879700      0.00000200      0.00000200      0.00000100      0.00001700      0.00000500     -0.00003800     -0.33117200
     0.20357100      0.02179900      0.40384400     -0.59249800      0.21971700     -0.77505900     -0.55085500     -0.81250400      0.19070300     -0.58710700      0.53965900      0.60340700     -0.01223100     -0.00064300      0.00008700     -0.03568000      0.02325100     -0.00254200     -0.17443000     -0.24317100      0.03919100      0.35990600      0.12337000      0.97583100      0.18035100     -0.99079400      0.13129300     -0.03200200     -0.05504500     -0.17597500      0.98278500      0.00106400     -0.01452600      0.02126500     -0.03083700     -0.02043000     -0.03179600      0.29172400     -0.00228700      0.04227800      0.00276200     -0.23023000     -0.95309200      0.19649000      0.96482200     -0.24989800     -0.08165800      0.12693000      0.17077800      0.97709900     -0.00569500     -0.00677100      0.01128700     -0.04467500      0.00572900     -0.06016300      0.21525600      0.11618700      0.03541900     -0.03946200     -0.63216400      0.27784400     -0.72330500     -0.51610600     -0.84726300      0.12561300     -0.57792900      0.45271000      0.67900600      0.00000200      0.00000200      0.00000200     -0.39142400      0.09848200      0.30063400     -0.33149900
     0.20355100      0.02183600      0.40380800     -0.59236400      0.21982000     -0.77513200     -0.55087600     -0.81254000      0.19048800     -0.58722200      0.53956300      0.60338200      0.00000000     -0.00000000     -0.00000000     -0.00000000      0.00000000      0.00000000     -0.17568400     -0.24336400      0.03878700      0.36076100      0.12230700      0.97576900      0.18140200     -0.99105600      0.12985500     -0.02966300     -0.05263600     -0.17738400      0.98266400     -0.01027800     -0.00860000      0.02570200     -0.07180900      0.03350600     -0.03481100      0.29469300     -0.00238100      0.04206500      0.00318300     -0.22913200     -0.95311400      0.19766500      0.96539400     -0.24849600     -0.07914100      0.12455000      0.17269100      0.97706900      0.00121900      0.00080200      0.00812600     -0.03378200     -0.01242400      0.03507700      0.21574600      0.11617200      0.03543700     -0.03947900     -0.63212000      0.27795500     -0.72330000     -0.51616600     -0.84724100      0.12551400     -0.57792300      0.45268400      0.67903000      0.00000100      0.00000100      0.00000100      0.00013400     -0.00003700     -0.00010100     -0.33198900
     0.20356500      0.02189600      0.40374000     -0.59305800      0.22227000     -0.77390200     -0.55505600     -0.80912000      0.19289800     -0.58257300      0.54367800      0.60419400      0.00001500     -0.00031000     -0.00015500     -0.00552900      0.08050900     -0.18178600     -0.18491000     -0.24356000      0.03862800      0.36163500      0.12087800      0.97572600      0.18259000     -0.99134000      0.12810900     -0.02767800     -0.05053100     -0.17889600      0.98250000     -0.01028200     -0.00865100      0.02565800     -0.08160100      0.13725800     -0.20420100      0.30310700     -0.00248100      0.04198800      0.00363300     -0.22764800     -0.95323100      0.19881100      0.96599500     -0.24678300     -0.07713200      0.12258800      0.17449200      0.97699700     -0.00515000     -0.00429500      0.01285200     -0.08149200      0.13725900     -0.20370600      0.22162400      0.11617900      0.03546800     -0.03951300     -0.63274600      0.28032300     -0.72183800     -0.52043400     -0.84419800      0.12835900     -0.57339300      0.45688800      0.68005300     -0.00029200      0.00479900     -0.00486900      0.03777100     -0.00924700      0.02314400     -0.33558100
     0.20357100      0.02194800      0.40365600     -0.59296600      0.22234500     -0.77395100     -0.55497200     -0.80923800      0.19264400     -0.58274500      0.54347200      0.60421300      0.00006700     -0.00137600     -0.00068700     -0.00000000      0.00000000      0.00000000     -0.18918200     -0.24381500      0.03861000      0.36236100      0.11815300      0.97572200      0.18438500     -0.99174700      0.12519800     -0.02639200     -0.04896600     -0.18097700      0.98219800     -0.01001200      0.00221500      0.01725800     -0.04604700      0.12033800     -0.18929900      0.30520300     -0.00260500      0.04197900      0.00399000     -0.22501800     -0.95352600      0.20038600      0.96677500     -0.24409600     -0.07590300      0.12128900      0.17664900      0.97677100     -0.00497400      0.00131500      0.00876300     -0.03619600      0.01686500     -0.01939500      0.22897200      0.11618200      0.03549600     -0.03955400     -0.63274800      0.28032300     -0.72183600     -0.52027000     -0.84432900      0.12816500     -0.57354000      0.45664600      0.68009200      0.00003800     -0.00076900     -0.00038200      0.00015300     -0.00005600     -0.00010300     -0.34113300
