     0.23773400     -0.05991500      0.34700100     -0.56937600      0.72453100     -0.38847400     -0.79020000     -0.61263100      0.01544100     -0.22610200      0.31485900      0.92182900      0.00000200     -0.00001100     -0.00001300      0.00000000      0.00000000      0.00000000      0.51919300     -0.23676900     -0.04333500      0.31108500     -0.85598700     -0.41445400      0.30903900      0.51223000     -0.76004200      0.39986500      0.07022900      0.50110100      0.86245600     -0.00026700     -0.00118100     -0.00145200     -0.00168400      0.01395200     -0.02515800      0.53448600      0.00391300      0.03599300     -0.00474300      0.85679000      0.37294700      0.35611700     -0.48029000      0.82852900      0.28785400     -0.18769900     -0.41767100      0.88899900     -0.00852300     -0.00290600     -0.00349200     -0.00379300      0.02913400     -0.05450300      0.52044600      0.12038900      0.02416000     -0.03320900      0.64064600     -0.69167500     -0.33340100      0.72794100      0.68525700     -0.02286500      0.24428000     -0.22804800      0.94250700     -0.00001800      0.00014400      0.00015900     -0.00000300      0.00001800      0.00003500      0.51271300
     0.23773400     -0.05990900      0.34700700     -0.56935900      0.72454000     -0.38848200     -0.79021100     -0.61261700      0.01543300     -0.22610700      0.31486500      0.92182600     -0.00008300      0.00062400      0.00068100      0.00000000      0.00000000      0.00000000      0.51930400     -0.23673700     -0.04330900      0.31103500     -0.85603700     -0.41442000      0.30894600      0.51214300     -0.76014800      0.39977400      0.07024300      0.50096800      0.86253100     -0.00005800     -0.00025800     -0.00031700      0.00000000     -0.00000000     -0.00000000      0.53460200      0.00391300      0.03599300     -0.00474300      0.85679000      0.37294700      0.35611700     -0.48029000      0.82852900      0.28785400     -0.18769900     -0.41767100      0.88899900     -0.00852300     -0.00290600     -0.00349200     -0.00379300      0.02913400     -0.05450300      0.52044600      0.12038900      0.02416000     -0.03320900      0.64064600     -0.69167500     -0.33340100      0.72794100      0.68525700     -0.02286500      0.24428000     -0.22804800      0.94250700     -0.00001800      0.00014400      0.00015900     -0.00000300      0.00001800      0.00003500      0.51271300
     0.23777000     -0.05991800      0.34700900     -0.56503000      0.72791000     -0.38850100     -0.79384800     -0.60789700      0.01544400     -0.22423000      0.31622800      0.92181800      0.00003100     -0.00023300     -0.00025400     -0.00000000      0.00000000      0.00000000      0.51967700     -0.23670100     -0.04330600      0.31103800     -0.85601200     -0.41444100      0.30898800      0.51218300     -0.76012700      0.39976200      0.07026500      0.50098200      0.86252200      0.01544600     -0.00129000     -0.00173700     -0.00958000      0.08110700     -0.14436300      0.53466600      0.00391300      0.03599300     -0.00474300      0.85679000      0.37294700      0.35611700     -0.48029000      0.82852900      0.28785400     -0.18769900     -0.41767100      0.88899900     -0.00852300     -0.00290600     -0.00349200     -0.00379300      0.02913400     -0.05450300      0.52044600      0.12038900      0.02416000     -0.03320900      0.64064600     -0.69167500     -0.33340100      0.72794100      0.68525700     -0.02286500      0.24428000     -0.22804800      0.94250700     -0.00001800      0.00014400      0.00015900     -0.00000300      0.00001800      0.00003500      0.51271300
     0.23778200     -0.05991500      0.34699500     -0.56501400      0.72792000     -0.38850800     -0.79385200     -0.60789200      0.01541200     -0.22425600      0.31621700      0.92181600      0.00005100     -0.00038300     -0.00041800     -0.00000000      0.00000000      0.00000000      0.51953200     -0.23670000     -0.04330900      0.31105100     -0.85601600     -0.41443500      0.30898600      0.51217900     -0.76011700      0.39978700      0.07025200      0.50100200      0.86251200     -0.01543600      0.00133500      0.00179200     -0.00204500      0.01520500     -0.02924500      0.53464500      0.00391300      0.03599300     -0.00474300      0.85679000      0.37294700      0.35611700     -0.48029000      0.82852900      0.28785400     -0.18769900     -0.41767100      0.88899900     -0.00852300     -0.00290600     -0.00349200     -0.00379300      0.02913400     -0.05450300      0.52044600      0.12038900      0.02416000     -0.03320900      0.64064600     -0.69167500     -0.33340100      0.72794100      0.68525700     -0.02286500      0.24428000     -0.22804800      0.94250700     -0.00001800      0.00014400      0.00015900     -0.00000300      0.00001800      0.00003500      0.51271300
     0.23773400     -0.05990400      0.34696600     -0.56506900      0.72789700     -0.38846900     -0.79380200     -0.60795900      0.01536500     -0.22429300      0.31614100      0.92183200      0.00005000     -0.00038000     -0.00041400      0.00000000      0.00000000      0.00000000      0.51957500     -0.23669000     -0.04330700      0.31103700     -0.85602400     -0.41443000      0.30897000      0.51216400     -0.76013700      0.39976800      0.07025600      0.50097600      0.86252600     -0.00011000     -0.00048800     -0.00060000      0.00000000     -0.00000000     -0.00000000      0.53470900      0.00391300      0.03599300     -0.00474300      0.85679000      0.37294700      0.35611700     -0.48029000      0.82852900      0.28785400     -0.18769900     -0.41767100      0.88899900     -0.00852300     -0.00290600     -0.00349200     -0.00379300      0.02913400     -0.05450300      0.52044600      0.12038900      0.02416000     -0.03320900      0.64064600     -0.69167500     -0.33340100      0.72794100      0.68525700     -0.02286500      0.24428000     -0.22804800      0.94250700     -0.00001800      0.00014400      0.00015900     -0.00000300      0.00001800      0.00003500      0.51271300
     0.23771100     -0.05990700      0.34696600     -0.56510900      0.72787700     -0.38844800     -0.79377700     -0.60799100      0.01538300     -0.22427900      0.31612600      0.92184100      0.00000000     -0.00000000     -0.00000000      0.00000000      0.00000000      0.00000000      0.51957400     -0.23667700     -0.04329500      0.31103600     -0.85605400     -0.41440500      0.30892000      0.51211600     -0.76017400      0.39975800      0.07024300      0.50094000      0.86254800      0.00000100      0.00000600      0.00000700      0.00000000     -0.00000000     -0.00000000      0.53453700      0.00391300      0.03599300     -0.00474300      0.85679000      0.37294700      0.35611700     -0.48029000      0.82852900      0.28785400     -0.18769900     -0.41767100      0.88899900     -0.00852300     -0.00290600     -0.00349200     -0.00379300      0.02913400     -0.05450300      0.52044600      0.12038900      0.02416000     -0.03320900      0.64064600     -0.69167500     -0.33340100      0.72794100      0.68525700     -0.02286500      0.24428000     -0.22804800      0.94250700     -0.00001800      0.00014400      0.00015900     -0.00000300      0.00001800      0.00003500      0.51271300
     0.23769900     -0.05990800      0.34696500     -0.56525200      0.72780200     -0.38838200     -0.79368800     -0.60810500      0.01544900     -0.22423600      0.31607800      0.92186800     -0.01548300     -0.00170700     -0.00033400     -0.00098400      0.01471500     -0.02955300      0.51951100     -0.23668800     -0.04330200      0.31104400     -0.85603500     -0.41442000      0.30895300      0.51214700     -0.76014600      0.39977200      0.07024800      0.50097100      0.86253000      0.00000000      0.00000000      0.00000000      0.00000000     -0.00000000     -0.00000000      0.53456900      0.00391300      0.03599300     -0.00474300      0.85679000      0.37294700      0.35611700     -0.48029000      0.82852900      0.28785400     -0.18769900     -0.41767100      0.88899900     -0.00852300     -0.00290600     -0.00349200     -0.00379300      0.02913400     -0.05450300      0.52044600      0.12038900      0.02416000     -0.03320900      0.64064600     -0.69167500     -0.33340100      0.72794100      0.68525700     -0.02286500      0.24428000     -0.22804800      0.94250700     -0.00001800      0.00014400      0.00015900     -0.00000300      0.00001800      0.00003500      0.51271300
     0.23763500     -0.05985400      0.34695400     -0.56521100      0.72783400     -0.38838100     -0.79368800     -0.60810900      0.01530800     -0.22434000      0.31599700      0.92187000     -0.00002200      0.00016700      0.00018200      0.00000000      0.00000000      0.00000000      0.52001300     -0.23668800     -0.04328600      0.31103100     -0.85604900     -0.41441200      0.30892500      0.51212300     -0.76018300      0.39973300      0.07025700      0.50092100      0.86255800     -0.01546000      0.00122700      0.00166000     -0.00204500      0.01520500     -0.02924500      0.53475200      0.00391300      0.03599300     -0.00474300      0.85679000      0.37294700      0.35611700     -0.48029000      0.82852900      0.28785400     -0.18769900     -0.41767100      0.88899900     -0.00852300     -0.00290600     -0.00349200     -0.00379300      0.02913400     -0.05450300      0.52044600      0.12038900      0.02416000     -0.03320900      0.64064600     -0.69167500     -0.33340100      0.72794100      0.68525700     -0.02286500      0.24428000     -0.22804800      0.94250700     -0.00001800      0.00014400      0.00015900     -0.00000300      0.00001800      0.00003500      0.51271300
     0.23759800     -0.05983300      0.34690400     -0.56523600      0.72783000     -0.38835300     -0.79364600     -0.60816700      0.01519800     -0.22442500      0.31589700      0.92188400      0.00002900     -0.00021800     -0.00023800      0.00000000      0.00000000      0.00000000      0.52029700     -0.23670100     -0.04328200      0.31101900     -0.85603300     -0.41442900      0.30894600      0.51214500     -0.76018300      0.39970300      0.07027900      0.50090700      0.86256400     -0.00000100     -0.00000300     -0.00000400      0.00000000     -0.00000000     -0.00000000      0.53448400      0.00391300      0.03599300     -0.00474300      0.85679000      0.37294700      0.35611700     -0.48029000      0.82852900      0.28785400     -0.18769900     -0.41767100      0.88899900     -0.00852300     -0.00290600     -0.00349200     -0.00379300      0.02913400     -0.05450300      0.52044600      0.12038900      0.02416000     -0.03320900      0.64064600     -0.69167500     -0.33340100      0.72794100      0.68525700     -0.02286500      0.24428000     -0.22804800      0.94250700     -0.00001800      0.00014400      0.00015900     -0.00000300      0.00001800      0.00003500      0.51271300
     0.23759800     -0.05983100      0.34689000     -0.56524000      0.72782900     -0.38834900     -0.79363800     -0.60817800      0.01517500     -0.22444400      0.31587700      0.92188600      0.00000600     -0.00004900     -0.00005400      0.00000000      0.00000000      0.00000000      0.52006400     -0.23669000     -0.04329100      0.31102400     -0.85603800     -0.41442200      0.30894100      0.51213900     -0.76017400      0.39972800      0.07026500      0.50092600      0.86255400     -0.00000000     -0.00000000     -0.00000000      0.00000000     -0.00000000     -0.00000000      0.53479400      0.00391300      0.03599300     -0.00474300      0.85679000      0.37294700      0.35611700     -0.48029000      0.82852900      0.28785400     -0.18769900     -0.41767100      0.88899900     -0.00852300     -0.00290600     -0.00349200     -0.00379300      0.02913400     -0.05450300      0.52044600      0.12038900      0.02416000     -0.03320900      0.64064600     -0.69167500     -0.33340100      0.72794100      0.68525700     -0.02286500      0.24428000     -0.22804800      0.94250700     -0.00001800      0.00014400      0.00015900     -0.00000300      0.00001800      0.00003500      0.51271300
     0.23761000     -0.05984200      0.34693900     -0.56522300      0.72783200     -0.38836800     -0.79367000     -0.60813400      0.01526500     -0.22437300      0.31595600      0.92187700     -0.00008300      0.00062400      0.00068100      0.00000000      0.00000000      0.00000000      0.52005200     -0.23669000     -0.04328300      0.31101700     -0.85604500     -0.41441800      0.30892700      0.51212600     -0.76019300      0.39970900      0.07027000      0.50090100      0.86256800     -0.00000000     -0.00000000     -0.00000000      0.00000000     -0.00000000      0.00000000      0.53453200      0.00391300      0.03599300     -0.00474300      0.85679000      0.37294700      0.35611700     -0.48029000      0.82852900      0.28785400     -0.18769900     -0.41767100      0.88899900     -0.00852300     -0.00290600     -0.00349200     -0.00379300      0.02913400     -0.05450300      0.52044600      0.12038900      0.02416000     -0.03320900      0.64064600     -0.69167500     -0.33340100      0.72794100      0.68525700     -0.02286500      0.24428000     -0.22804800      0.94250700     -0.00001800      0.00014400      0.00015900     -0.00000300      0.00001800      0.00003500      0.51271300
     0.23761100     -0.05984800      0.34693200     -0.56524100      0.72782300     -0.38836000     -0.79365900     -0.60814800      0.01527300     -0.22436700      0.31595000      0.92188000     -0.00078800      0.00908600     -0.01050100      0.03539800     -0.00532900      0.02213200      0.52039100     -0.23671300     -0.04328100      0.31102000     -0.85602100     -0.41443900      0.30896400      0.51216400     -0.76017300      0.39969800      0.07028800      0.50091300      0.86256000     -0.00000000     -0.00000000     -0.00000000      0.00000000      0.00000000      0.00000000      0.53488300      0.00391300      0.03599300     -0.00474300      0.85679000      0.37294700      0.35611700     -0.48029000      0.82852900      0.28785400     -0.18769900     -0.41767100      0.88899900     -0.00852300     -0.00290600     -0.00349200     -0.00379300      0.02913400     -0.05450300      0.52044600      0.12038900      0.02416000     -0.03320900      0.64064600     -0.69167500     -0.33340100      0.72794100      0.68525700     -0.02286500      0.24428000     -0.22804800      0.94250700     -0.00001800      0.00014400      0.00015900     -0.00000300      0.00001800      0.00003500      0.51271300
     0.23761300     -0.05986800      0.34694000     -0.56528600      0.72779600     -0.38834400     -0.79364100     -0.60817000      0.01534300     -0.22431600      0.31597000      0.92188600      0.00000000     -0.00000100     -0.00000200      0.00000000      0.00000000      0.00000000      0.52017500     -0.23671000     -0.04327000      0.31103300     -0.85604200     -0.41442100      0.30893100      0.51213200     -0.76019000      0.39970800      0.07027200      0.50090200      0.86256800     -0.00005200      0.01092800     -0.00847900      0.03608100     -0.01422700      0.01634600      0.53446100      0.00391300      0.03599300     -0.00474300      0.85679000      0.37294700      0.35611700     -0.48029000      0.82852900      0.28785400     -0.18769900     -0.41767100      0.88899900     -0.00852300     -0.00290600     -0.00349200     -0.00379300      0.02913400     -0.05450300      0.52044600      0.12038900      0.02416000     -0.03320900      0.64064600     -0.69167500     -0.33340100      0.72794100      0.68525700     -0.02286500      0.24428000     -0.22804800      0.94250700     -0.00001800      0.00014400      0.00015900     -0.00000300      0.00001800      0.00003500      0.51271300
     0.23762500     -0.05987500      0.34694800     -0.56528000      0.72779700     -0.38835000     -0.79365000     -0.60815700      0.01536500     -0.22429900      0.31599100      0.92188200      0.00000000     -0.00000000     -0.00000000      0.00000000      0.00000000      0.00000000      0.52043600     -0.23668600     -0.04327500      0.31104400     -0.85606900     -0.41439400      0.30889100      0.51209000     -0.76020000      0.39974300      0.07024100      0.50091000      0.86256600      0.00001600      0.00007100      0.00008800      0.00000000      0.00000000      0.00000000      0.53469800      0.00391300      0.03599300     -0.00474300      0.85679000      0.37294700      0.35611700     -0.48029000      0.82852900      0.28785400     -0.18769900     -0.41767100      0.88899900     -0.00852300     -0.00290600     -0.00349200     -0.00379300      0.02913400     -0.05450300      0.52044600      0.12038900      0.02416000     -0.03320900      0.64064600     -0.69167500     -0.33340100      0.72794100      0.68525700     -0.02286500      0.24428000     -0.22804800      0.94250700     -0.00001800      0.00014400      0.00015900     -0.00000300      0.00001800      0.00003500      0.51271300
     0.23765000     -0.05988700      0.34696300     -0.56526800      0.72779900     -0.38836400     -0.79366800     -0.60813300      0.01540800     -0.22426600      0.31603300      0.92187600      0.00000600     -0.00004500     -0.00004900      0.00000000      0.00000000      0.00000000      0.52000200     -0.23668600     -0.04327500      0.31104400     -0.85606900     -0.41439400      0.30889100      0.51209000     -0.76020000      0.39974300      0.07024100      0.50091000      0.86256600      0.00000000      0.00000000      0.00000000      0.00000000      0.00000000      0.00000000      0.53445600      0.00391300      0.03599300     -0.00474300      0.85679000      0.37294700      0.35611700     -0.48029000      0.82852900      0.28785400     -0.18769900     -0.41767100      0.88899900     -0.00852300     -0.00290600     -0.00349200     -0.00379300      0.02913400     -0.05450300      0.52044600      0.12038900      0.02416000     -0.03320900      0.64064600     -0.69167500     -0.33340100      0.72794100      0.68525700     -0.02286500      0.24428000     -0.22804800      0.94250700     -0.00001800      0.00014400      0.00015900     -0.00000300      0.00001800      0.00003500      0.51271300
     0.23766200     -0.05989000      0.34694300     -0.56527000      0.72779900     -0.38836200     -0.79366100     -0.60814200      0.01538400     -0.22428600      0.31601500      0.92187700      0.00002700     -0.00020300     -0.00022100      0.00000000      0.00000000      0.00000000      0.52002700     -0.23668600     -0.04327500      0.31104400     -0.85606900     -0.41439400      0.30889100      0.51209000     -0.76020000      0.39974300      0.07024100      0.50091000      0.86256600      0.00000000      0.00000000      0.00000000      0.00000000      0.00000000      0.00000000      0.53448200      0.00391300      0.03599300     -0.00474300      0.85679000      0.37294700      0.35611700     -0.48029000      0.82852900      0.28785400     -0.18769900     -0.41767100      0.88899900     -0.00852300     -0.00290600     -0.00349200     -0.00379300      0.02913400     -0.05450300      0.52044600      0.12038900      0.02416000     -0.03320900      0.64064600     -0.69167500     -0.33340100      0.72794100      0.68525700     -0.02286500      0.24428000     -0.22804800      0.94250700     -0.00001800      0.00014400      0.00015900     -0.00000300      0.00001800      0.00003500      0.51271300
     0.23765200     -0.05989700      0.34693600     -0.56530700      0.72778000     -0.38834300     -0.79363800     -0.60817200      0.01540200     -0.22427400      0.31600200      0.92188500      0.00001000     -0.00007800     -0.00008500      0.00000000      0.00000000      0.00000000      0.52002200     -0.23667400     -0.04326700      0.31103600     -0.85608900     -0.41437900      0.30885900      0.51205900     -0.76022800      0.39972900      0.07023600      0.50087900      0.86258400      0.00000000      0.00000000      0.00000000      0.00000000      0.00000000      0.00000000      0.53453400      0.00391300      0.03599300     -0.00474300      0.85679000      0.37294700      0.35611700     -0.48029000      0.82852900      0.28785400     -0.18769900     -0.41767100      0.88899900     -0.00852300     -0.00290600     -0.00349200     -0.00379300      0.02913400     -0.05450300      0.52044600      0.12038900      0.02416000     -0.03320900      0.64064600     -0.69167500     -0.33340100      0.72794100      0.68525700     -0.02286500      0.24428000     -0.22804800      0.94250700     -0.00001800      0.00014400      0.00015900     -0.00000300      0.00001800      0.00003500      0.51271300
     0.23763900     -0.05989200      0.34694200     -0.56531000      0.72777900     -0.38834100     -0.79363700     -0.60817400      0.01540300     -0.22427200      0.31600000      0.92188600     -0.00000100      0.00000500      0.00000600      0.00000000      0.00000000      0.00000000      0.51991500     -0.23668600     -0.04326600      0.31103800     -0.85851500     -0.40931400      0.30887700      0.50756700     -0.76323700      0.39972300      0.07321000      0.50046100      0.86258000      0.00013800      0.00061200      0.00075200      0.51378900      0.64876700      1.45527600      0.53452200      0.00391300      0.03599300     -0.00474300      0.85679000      0.37294700      0.35611700     -0.48029000      0.82852900      0.28785400     -0.18769900     -0.41767100      0.88899900     -0.00852300     -0.00290600     -0.00349200     -0.00379300      0.02913400     -0.05450300      0.52044600      0.12038900      0.02416000     -0.03320900      0.64064600     -0.69167500     -0.33340100      0.72794100      0.68525700     -0.02286500      0.24428000     -0.22804800      0.94250700     -0.00001800      0.00014400      0.00015900     -0.00000300      0.00001800      0.00003500      0.51271300
     0.23764100     -0.05990600      0.34694300     -0.56522000      0.72782500     -0.38838500     -0.79369900     -0.60809300      0.01538500     -0.22428000      0.31604800      0.92186800      0.00088900     -0.00984700      0.00967100     -0.03539700      0.00532400     -0.02213300      0.51963300     -0.23668600     -0.04326600      0.31103800     -0.85851500     -0.40931400      0.30887700      0.50756700     -0.76323700      0.39972300      0.07321000      0.50046100      0.86258000      0.00000000      0.00000000      0.00000000      0.00000000      0.00000000      0.00000000      0.53449100      0.00391300      0.03599300     -0.00474300      0.85679000      0.37294700      0.35611700     -0.48029000      0.82852900      0.28785400     -0.18769900     -0.41767100      0.88899900     -0.00852300     -0.00290600     -0.00349200     -0.00379300      0.02913400     -0.05450300      0.52044600      0.12038900      0.02416000     -0.03320900      0.64064600     -0.69167500     -0.33340100      0.72794100      0.68525700     -0.02286500      0.24428000     -0.22804800      0.94250700     -0.00001800      0.00014400      0.00015900     -0.00000300      0.00001800      0.00003500      0.51271300
     0.23761700     -0.05990800      0.34694300     -0.56538200      0.72774100     -0.38830800     -0.79359700     -0.60822400      0.01546000     -0.22423000      0.31599300      0.92189900      0.00000000     -0.00000000     -0.00000000      0.00000000      0.00000000      0.00000000      0.51968400     -0.23667600     -0.04327300      0.31102900     -0.85851700     -0.40931200      0.30887500      0.50756500     -0.76323900      0.39972400      0.07320900      0.50046000      0.86258000     -0.00000100     -0.00000500     -0.00000600      0.00000000      0.00000000      0.00000000      0.53456100      0.00391300      0.03599300     -0.00474300      0.85679000      0.37294700      0.35611700     -0.48029000      0.82852900      0.28785400     -0.18769900     -0.41767100      0.88899900     -0.00852300     -0.00290600     -0.00349200     -0.00379300      0.02913400     -0.05450300      0.52044600      0.12038900      0.02416000     -0.03320900      0.64064600     -0.69167500     -0.33340100      0.72794100      0.68525700     -0.02286500      0.24428000     -0.22804800      0.94250700     -0.00001800      0.00014400      0.00015900     -0.00000300      0.00001800      0.00003500      0.51271300
     0.23761600     -0.05989500      0.34694200     -0.56522800      0.72782400     -0.38837600     -0.79368900     -0.60810700      0.01536500     -0.22429400      0.31602600      0.92187200     -0.00001400      0.00010300      0.00011300      0.00000000      0.00000000      0.00000000      0.52019000     -0.23667700     -0.04327000      0.31101600     -0.85851400     -0.40931700      0.30887800      0.50756800     -0.76324900      0.39970000      0.07322200      0.50044000      0.86259000     -0.00008000     -0.00035300     -0.00043300      0.00000000      0.00000000      0.00000000      0.53442400      0.00391300      0.03599300     -0.00474300      0.85679000      0.37294700      0.35611700     -0.48029000      0.82852900      0.28785400     -0.18769900     -0.41767100      0.88899900     -0.00852300     -0.00290600     -0.00349200     -0.00379300      0.02913400     -0.05450300      0.52044600      0.12038900      0.02416000     -0.03320900      0.64064600     -0.69167500     -0.33340100      0.72794100      0.68525700     -0.02286500      0.24428000     -0.22804800      0.94250700     -0.00001800      0.00014400      0.00015900     -0.00000300      0.00001800      0.00003500      0.51271300
     0.23762900     -0.05990700      0.34694300     -0.56524000      0.72781600     -0.38837400     -0.79368600     -0.60810900      0.01539500     -0.22427300      0.31604100      0.92187200      0.00000000     -0.00000000     -0.00000000      0.00000000      0.00000000      0.00000000      0.51978300     -0.23667600     -0.04327300      0.31102900     -0.85851700     -0.40931200      0.30887500      0.50756500     -0.76323900      0.39972400      0.07320900      0.50046000      0.86258000      0.00005800      0.00025500      0.00031300      0.00000000      0.00000000      0.00000000      0.53462000      0.00391300      0.03599300     -0.00474300      0.85679000      0.37294700      0.35611700     -0.48029000      0.82852900      0.28785400     -0.18769900     -0.41767100      0.88899900     -0.00852300     -0.00290600     -0.00349200     -0.00379300      0.02913400     -0.05450300      0.52044600      0.12038900      0.02416000     -0.03320900      0.64064600     -0.69167500     -0.33340100      0.72794100      0.68525700     -0.02286500      0.24428000     -0.22804800      0.94250700     -0.00001800      0.00014400      0.00015900     -0.00000300      0.00001800      0.00003500      0.51271300
     0.23765100     -0.05989100      0.34694300     -0.56529000      0.72778900     -0.38835100     -0.79364900     -0.60815800      0.01539400     -0.22427900      0.31600800      0.92188200     -0.00000100      0.00001100      0.00001200      0.00000000      0.00000000      0.00000000      0.51979200     -0.23667400     -0.04326700      0.31103600     -0.85852700     -0.40930300      0.30885900      0.50754800     -0.76324700      0.39972900      0.07320100      0.50045500      0.86258400      0.00002600      0.00011300      0.00013900      0.00000000      0.00000000      0.00000000      0.53466700      0.00391300      0.03599300     -0.00474300      0.85679000      0.37294700      0.35611700     -0.48029000      0.82852900      0.28785400     -0.18769900     -0.41767100      0.88899900     -0.00852300     -0.00290600     -0.00349200     -0.00379300      0.02913400     -0.05450300      0.52044600      0.12038900      0.02416000     -0.03320900      0.64064600     -0.69167500     -0.33340100      0.72794100      0.68525700     -0.02286500      0.24428000     -0.22804800      0.94250700     -0.00001800      0.00014400      0.00015900     -0.00000300      0.00001800      0.00003500      0.51271300
     0.23764000     -0.05989800      0.34693600     -0.56532700      0.72776900     -0.38833300     -0.79362600     -0.60818800      0.01541100     -0.22426700      0.31599400      0.92188900      0.00000800     -0.00006300     -0.00006900      0.00000000      0.00000000      0.00000000      0.51969100     -0.23667600     -0.04327300      0.31102900     -0.85851700     -0.40931200      0.30887500      0.50756500     -0.76323900      0.39972400      0.07320900      0.50046000      0.86258000     -0.00002500     -0.00011100     -0.00013700      0.00000000      0.00000000      0.00000000      0.53447600      0.00391300      0.03599300     -0.00474300      0.85679000      0.37294700      0.35611700     -0.48029000      0.82852900      0.28785400     -0.18769900     -0.41767100      0.88899900     -0.00852300     -0.00290600     -0.00349200     -0.00379300      0.02913400     -0.05450300      0.52044600      0.12038900      0.02416000     -0.03320900      0.64064600     -0.69167500     -0.33340100      0.72794100      0.68525700     -0.02286500      0.24428000     -0.22804800      0.94250700     -0.00001800      0.00014400      0.00015900     -0.00000300      0.00001800      0.00003500      0.51271300
     0.23760600     -0.05991000      0.34694200     -0.56540200      0.72773100     -0.38829700     -0.79358500     -0.60823900      0.01547000     -0.22422300      0.31598500      0.92190300      0.00000000     -0.00000000     -0.00000000      0.00000000      0.00000000      0.00000000      0.51989700     -0.23666300     -0.04327700      0.31104100     -0.85853200     -0.40929600      0.30885400      0.50754200     -0.76323800      0.39975400      0.07318700      0.50047400      0.86257400      0.00003000      0.00013300      0.00016300      0.00000000      0.00000000      0.00000000      0.53478300      0.00391300      0.03599300     -0.00474300      0.85679000      0.37294700      0.35611700     -0.48029000      0.82852900      0.28785400     -0.18769900     -0.41767100      0.88899900     -0.00852300     -0.00290600     -0.00349200     -0.00379300      0.02913400     -0.05450300      0.52044600      0.12038900      0.02416000     -0.03320900      0.64064600     -0.69167500     -0.33340100      0.72794100      0.68525700     -0.02286500      0.24428000     -0.22804800      0.94250700     -0.00001800      0.00014400      0.00015900     -0.00000300      0.00001800      0.00003500      0.51271300
     0.23756000     -0.05992200      0.34694900     -0.56979500      0.72432100     -0.38825100     -0.78991600     -0.61299500      0.01553800     -0.22603900      0.31463500      0.92192100      0.00102000     -0.01084800      0.00857900     -0.03539800      0.00532900     -0.02213100      0.52011000     -0.23666300     -0.04328500      0.31104800     -0.86093400     -0.40420900      0.30886800      0.50302600     -0.76621200      0.39977300      0.07614500      0.50005700      0.86256000      0.00000000      0.00000000      0.00000000      0.00000000      0.00000000      0.00000000      0.53457000      0.00391300      0.03599300     -0.00474300      0.85679000      0.37294700      0.35611700     -0.48029000      0.82852900      0.28785400     -0.18769900     -0.41767100      0.88899900     -0.00852300     -0.00290600     -0.00349200     -0.00379300      0.02913400     -0.05450300      0.52044600      0.12038900      0.02416000     -0.03320900      0.64064600     -0.69167500     -0.33340100      0.72794100      0.68525700     -0.02286500      0.24428000     -0.22804800      0.94250700     -0.00001800      0.00014400      0.00015900     -0.00000300      0.00001800      0.00003500      0.51271300
     0.23751300     -0.05993000      0.34697500     -0.56986800      0.72428100     -0.38821800     -0.78988200     -0.61303700      0.01562000     -0.22597600      0.31464300      0.92193400     -0.00002600      0.00020000      0.00021900      0.00000000      0.00000000      0.00000000      0.51970800     -0.23666100     -0.04328700      0.31106100     -0.86093700     -0.40420400      0.30886600      0.50302300     -0.76620100      0.39979700      0.07613200      0.50007700      0.86254900      0.00011000      0.00048800      0.00060000      0.00000000      0.00000000      0.00000000      0.53447500      0.00391300      0.03599300     -0.00474300      0.85679000      0.37294700      0.35611700     -0.48029000      0.82852900      0.28785400     -0.18769900     -0.41767100      0.88899900     -0.00852300     -0.00290600     -0.00349200     -0.00379300      0.02913400     -0.05450300      0.52044600      0.12038900      0.02416000     -0.03320900      0.64064600     -0.69167500     -0.33340100      0.72794100      0.68525700     -0.02286500      0.24428000     -0.22804800      0.94250700     -0.00001800      0.00014400      0.00015900     -0.00000300      0.00001800      0.00003500      0.51271300
     0.23750200     -0.05994200      0.34701000     -0.56989500      0.72426300     -0.38821200     -0.78988200     -0.61303500      0.01570600     -0.22590900      0.31468800      0.92193500     -0.00014700      0.00111300      0.00121400      0.00000000      0.00000000      0.00000000      0.51849300     -0.23665100     -0.04331000      0.31106600     -0.86092500     -0.40421000      0.30889200      0.50304500     -0.76616600      0.39983700      0.07612300      0.50012600      0.86252100     -0.00012800     -0.00056700     -0.00069700      0.00000000      0.00000000      0.00000000      0.53443000      0.00391300      0.03599300     -0.00474300      0.85679000      0.37294700      0.35611700     -0.48029000      0.82852900      0.28785400     -0.18769900     -0.41767100      0.88899900     -0.00852300     -0.00290600     -0.00349200     -0.00379300      0.02913400     -0.05450300      0.52044600      0.12038900      0.02416000     -0.03320900      0.64064600     -0.69167500     -0.33340100      0.72794100      0.68525700     -0.02286500      0.24428000     -0.22804800      0.94250700     -0.00001800      0.00014400      0.00015900     -0.00000300      0.00001800      0.00003500      0.51271300
     0.23747900     -0.05996200      0.34711200     -0.57004500      0.72417300     -0.38816000     -0.78983000     -0.61309500      0.01597100     -0.22571000      0.31478000      0.92195200     -0.00018500      0.00140300      0.00153000      0.00000000      0.00000000      0.00000000      0.51237100     -0.23664600     -0.04330400      0.31110600     -0.86095200     -0.40418200      0.30885400      0.50300500     -0.76616200      0.39989500      0.07608100      0.50015500      0.86250800      0.00022100      0.00097800      0.00120200      0.00000000      0.00000000      0.00000000      0.53468800      0.00391300      0.03599300     -0.00474300      0.85679000      0.37294700      0.35611700     -0.48029000      0.82852900      0.28785400     -0.18769900     -0.41767100      0.88899900     -0.00852300     -0.00290600     -0.00349200     -0.00379300      0.02913400     -0.05450300      0.52044600      0.12038900      0.02416000     -0.03320900      0.64064600     -0.69167500     -0.33340100      0.72794100      0.68525700     -0.02286500      0.24428000     -0.22804800      0.94250700     -0.00001800      0.00014400      0.00015900     -0.00000300      0.00001800      0.00003500      0.51271300
     0.23743800     -0.05993000      0.34721200     -0.57548200      0.72048600     -0.38699700     -0.78613100     -0.61775200      0.01878400     -0.22482500      0.31414000      0.92238700     -0.00009200      0.00069800      0.00076100     -0.00000000      0.00000000     -0.00000000      0.50071800     -0.23669400     -0.04329500      0.31119900     -0.86331800     -0.39907900      0.30888500      0.49848700     -0.76905200      0.40000400      0.07899700      0.49980900      0.86244700      0.00021600      0.00095400      0.00117100     -1.70581600     -2.20901900     -4.76285800      0.53455300      0.00391300      0.03599300     -0.00474300      0.85679000      0.37294700      0.35611700     -0.48029000      0.82852900      0.28785400     -0.18769900     -0.41767100      0.88899900     -0.00852300     -0.00290600     -0.00349200     -0.00379300      0.02913400     -0.05450300      0.52044600      0.12038900      0.02416000     -0.03320900      0.64064600     -0.69167500     -0.33340100      0.72794100      0.68525700     -0.02286500      0.24428000     -0.22804800      0.94250700     -0.00001800      0.00014400      0.00015900     -0.00000300      0.00001800      0.00003500      0.51271300
     0.23743000     -0.05998800      0.34730400     -0.57546800      0.72048000     -0.38702800     -0.78619400     -0.61766400      0.01902100     -0.22463900      0.31432500      0.92236900      0.00083900     -0.00948000      0.01007100     -0.03539800      0.00532200     -0.02213300      0.49803400     -0.23668700     -0.04329200      0.31125200     -0.86801300     -0.38879300      0.30884500      0.48930200     -0.77488600      0.40008600      0.08485600      0.49888800      0.86242300      0.00024900      0.00110200      0.00135300      0.00124100      0.00160800      0.00346600      0.53438300      0.00391300      0.03599300     -0.00474300      0.85679000      0.37294700      0.35611700     -0.48029000      0.82852900      0.28785400     -0.18769900     -0.41767100      0.88899900     -0.00852300     -0.00290600     -0.00349200     -0.00379300      0.02913400     -0.05450300      0.52044600      0.12038900      0.02416000     -0.03320900      0.64064600     -0.69167500     -0.33340100      0.72794100      0.68525700     -0.02286500      0.24428000     -0.22804800      0.94250700     -0.00001800      0.00014400      0.00015900     -0.00000300      0.00001800      0.00003500      0.51271300
     0.23745500     -0.06010500      0.34729700     -0.57010100      0.72411500     -0.38818600     -0.78991600     -0.61297000      0.01653400     -0.22527100      0.31515600      0.92193100      0.00046400     -0.00352300     -0.00384100     -0.05812900      0.01375300      0.10995200      0.41684100     -0.23653600     -0.04328900      0.31133600     -0.86822000     -0.38858400      0.30852600      0.48897100     -0.77498600      0.40029700      0.08464200      0.49889600      0.86244000      0.00029400      0.00130200      0.00159700      0.00000000      0.00000000      0.00000000      0.52499900      0.00391300      0.03599300     -0.00474300      0.85679000      0.37294700      0.35611700     -0.48029000      0.82852900      0.28785400     -0.18769900     -0.41767100      0.88899900     -0.00852300     -0.00290600     -0.00349200     -0.00379300      0.02913400     -0.05450300      0.52044600      0.12038900      0.02416000     -0.03320900      0.64064600     -0.69167500     -0.33340100      0.72794100      0.68525700     -0.02286500      0.24428000     -0.22804800      0.94250700     -0.00001800      0.00014400      0.00015900     -0.00000300      0.00001800      0.00003500      0.51271300
