     0.13766700      0.05427400      0.40390800     -0.24961500     -0.54330500     -0.80159600      0.57479700     -0.74930900      0.32881000     -0.77897600     -0.37801000      0.50033100      0.00000000      0.00000000      0.00000000      0.00000000      0.00000000      0.00000000      0.52078600     -0.18840300      0.07793500      0.36155800     -0.21770200     -0.67065000      0.70910200      0.74279800      0.35730800      0.56614100     -0.63276800      0.65079200      0.41945000      0.00000000      0.00000000      0.00000000      0.00000000      0.00000000      0.00000000      0.53542600      0.02395100      0.05725800     -0.00527700      0.19923600      0.64047400      0.74168500     -0.73811500     -0.39976100      0.54348500      0.64458500     -0.65573100      0.39309700      0.00027000     -0.00577700      0.00379900     -0.03639900      0.01299200     -0.01682100      0.52354800      0.08005100      0.05339700     -0.04533100     -0.25186600     -0.51269800     -0.82079400      0.58749700     -0.75497400      0.29130700     -0.76903100     -0.40884400      0.49136100     -0.00000100      0.00000400     -0.00000100     -0.00032200      0.00007000      0.00016100      0.52104100
     0.13766700      0.05427400      0.40390800     -0.24961500     -0.54330500     -0.80159600      0.57479700     -0.74930900      0.32881000     -0.77897600     -0.37801000      0.50033100      0.00000000      0.00000000      0.00000000      0.00000000      0.00000000      0.00000000      0.52095200     -0.18841200      0.07792800      0.36155500     -0.21768700     -0.67062100      0.70913400      0.74280500      0.35733600      0.56611400     -0.63276500      0.65080600      0.41943100     -0.00000200     -0.00005200     -0.00002500      0.00000000      0.00000000      0.00000000      0.53560300      0.02395100      0.05725800     -0.00527700      0.19923600      0.64047400      0.74168500     -0.73811500     -0.39976100      0.54348500      0.64458500     -0.65573100      0.39309700      0.00027000     -0.00577700      0.00379900     -0.03639900      0.01299200     -0.01682100      0.52354800      0.08005100      0.05339700     -0.04533100     -0.25186600     -0.51269800     -0.82079400      0.58749700     -0.75497400      0.29130700     -0.76903100     -0.40884400      0.49136100     -0.00000100      0.00000400     -0.00000100     -0.00032200      0.00007000      0.00016100      0.52104100
     0.13766700      0.05427400      0.40390800     -0.24961500     -0.54330500     -0.80159600      0.57479700     -0.74930900      0.32881000     -0.77897600     -0.37801000      0.50033100      0.00000000      0.00000000      0.00000000      0.00000000      0.00000000      0.00000000      0.52117900     -0.18841100      0.07793500      0.36155800     -0.21769300     -0.67063500      0.70911900      0.74280200      0.35732400      0.56612700     -0.63276600      0.65079900      0.41944100      0.00000000      0.00000200      0.00000100      0.00000000      0.00000000      0.00000000      0.53555500      0.02395100      0.05725800     -0.00527700      0.19923600      0.64047400      0.74168500     -0.73811500     -0.39976100      0.54348500      0.64458500     -0.65573100      0.39309700      0.00027000     -0.00577700      0.00379900     -0.03639900      0.01299200     -0.01682100      0.52322200      0.08005100      0.05339700     -0.04533100     -0.25186600     -0.51269800     -0.82079400      0.58749700     -0.75497400      0.29130700     -0.76903100     -0.40884400      0.49136100     -0.00000100      0.00000400     -0.00000100     -0.00032200      0.00007000      0.00016100      0.52104100
     0.13754900      0.05491900      0.40435000     -0.25666100     -0.52909000     -0.80884700      0.57423900     -0.75662000      0.31264500     -0.77708700     -0.38357700      0.49903000     -0.00663600      0.03132500      0.01310400      0.85014600     -1.47815200      2.47693100      0.49852200     -0.18842100      0.07797800      0.36154000     -0.22036000     -0.67859100      0.70067700      0.74071300      0.35082900      0.57288500     -0.63428500      0.64607400      0.42442200      0.00002400      0.00070200      0.00034200     -0.02031500     -1.67688400      2.29171900      0.53566500      0.02395100      0.05725800     -0.00527700      0.19923600      0.64047400      0.74168500     -0.73811500     -0.39976100      0.54348500      0.64458500     -0.65573100      0.39309700      0.00027000     -0.00577700      0.00379900     -0.03639900      0.01299200     -0.01682100      0.52354800      0.08005100      0.05339700     -0.04533100     -0.25186600     -0.51269800     -0.82079400      0.58749700     -0.75497400      0.29130700     -0.76903100     -0.40884400      0.49136100     -0.00000100      0.00000400     -0.00000100     -0.00032200      0.00007000      0.00016100      0.52104100
     0.13724900      0.05560400      0.40481200     -0.25997900     -0.51895800     -0.81433300      0.57461900     -0.76088800      0.30138500     -0.77569800     -0.38894000      0.49703600     -0.01642700      0.04152300      0.01756800      0.00926900      0.08616000     -0.11760000      0.49825300     -0.18854700      0.07821700      0.36153600     -0.22835500     -0.70245300      0.67409600      0.73418200      0.33034000      0.59311600     -0.63902000      0.63121400      0.43941500      0.00029500      0.00845300      0.00411100     -0.00863700     -1.92167000      2.63776600      0.53570300      0.02395100      0.05725800     -0.00527700      0.19923600      0.64047400      0.74168500     -0.73811500     -0.39976100      0.54348500      0.64458500     -0.65573100      0.39309700      0.00027000     -0.00577700      0.00379900     -0.03639900      0.01299200     -0.01682100      0.52354800      0.08005100      0.05339700     -0.04533100     -0.25186600     -0.51269800     -0.82079400      0.58749700     -0.75497400      0.29130700     -0.76903100     -0.40884400      0.49136100     -0.00000100      0.00000400     -0.00000100     -0.00032200      0.00007000      0.00016100      0.52104100
     0.13705700      0.05647800      0.40505400     -0.25060800     -0.52954400     -0.81044700      0.58308500     -0.75083000      0.31022200     -0.77247100     -0.39416400      0.49794600      0.00033100      0.01011400     -0.00925700      0.19268700      0.35706600     -1.07243400      0.50009000     -0.18916200      0.07933500      0.36157800     -0.22678200     -0.72645000      0.64871500      0.72508900      0.31862100      0.61045900     -0.64986700      0.60971200      0.45363700     -0.02193600      0.03242700      0.00404900     -3.54960100     -3.38884800     -2.50125600      0.53554800      0.02395100      0.05725800     -0.00527700      0.19923600      0.64047400      0.74168500     -0.73811500     -0.39976100      0.54348500      0.64458500     -0.65573100      0.39309700      0.00027000     -0.00577700      0.00379900     -0.03639900      0.01299200     -0.01682100      0.52338500      0.08005100      0.05339700     -0.04533100     -0.25186600     -0.51269800     -0.82079400      0.58749700     -0.75497400      0.29130700     -0.76903100     -0.40884400      0.49136100     -0.00000100      0.00000400     -0.00000100     -0.00032200      0.00007000      0.00016100      0.52104100
     0.13758500      0.05537200      0.40426200     -0.24917600     -0.54516800     -0.80046800      0.57957000     -0.74612300      0.32767600     -0.77557400     -0.38160600      0.50288000      0.00493400     -0.04235300     -0.01749500     -0.01549200      0.11101500     -0.25835900      0.51781700     -0.18958500      0.08050600      0.36146200     -0.22368000     -0.71812700      0.65897700      0.72869600      0.32565100      0.60240000     -0.64690600      0.61582400      0.44959600      0.01050500      0.01067200     -0.00877000      0.02755300      0.12799500     -0.17818900      0.53539800      0.02395100      0.05725800     -0.00527700      0.19923600      0.64047400      0.74168500     -0.73811500     -0.39976100      0.54348500      0.64458500     -0.65573100      0.39309700      0.00027000     -0.00577700      0.00379900     -0.03639900      0.01299200     -0.01682100      0.52338500      0.08005100      0.05339700     -0.04533100     -0.25186600     -0.51269800     -0.82079400      0.58749700     -0.75497400      0.29130700     -0.76903100     -0.40884400      0.49136100     -0.00000100      0.00000400     -0.00000100     -0.00032200      0.00007000      0.00016100      0.52104100
     0.13775900      0.05449700      0.40388500     -0.24848800     -0.55164600     -0.79623200      0.57988100     -0.74314700      0.33383100     -0.77556300     -0.37808800      0.50554700      0.00466800     -0.04445800     -0.01851000     -0.00264600      0.03629900     -0.07395800      0.51824100     -0.18927000      0.08029200      0.36132600     -0.21563300     -0.69320900      0.68771700      0.73564500      0.34767300      0.58127700     -0.64176700      0.63211000      0.43409100      0.02209900     -0.02651700     -0.00118100     -0.05407000      1.90592000     -2.63673900      0.53535800      0.02395100      0.05725800     -0.00527700      0.19923600      0.64047400      0.74168500     -0.73811500     -0.39976100      0.54348500      0.64458500     -0.65573100      0.39309700      0.00027000     -0.00577700      0.00379900     -0.03639900      0.01299200     -0.01682100      0.52322200      0.08005100      0.05339700     -0.04533100     -0.25186600     -0.51269800     -0.82079400      0.58749700     -0.75497400      0.29130700     -0.76903100     -0.40884400      0.49136100     -0.00000100      0.00000400     -0.00000100     -0.00032200      0.00007000      0.00016100      0.52104100
     0.13792300      0.05335300      0.40361600     -0.25200200     -0.54596900     -0.79903500      0.57528000     -0.74845400      0.32990800     -0.77784700     -0.37585900      0.50369600     -0.00183000     -0.02008800      0.00517200     -0.03627700      0.02706900     -0.04352900      0.51836700     -0.18808500      0.07859300      0.36131900     -0.21202800     -0.65026700      0.72951200      0.74414500      0.37631700      0.55187600     -0.63312000      0.66067200      0.40315700      0.02242900     -0.04989400      0.00060100     -0.20368700      0.25035600      0.07520700      0.53552400      0.02395100      0.05725800     -0.00527700      0.19923600      0.64047400      0.74168500     -0.73811500     -0.39976100      0.54348500      0.64458500     -0.65573100      0.39309700      0.00027000     -0.00577700      0.00379900     -0.03639900      0.01299200     -0.01682100      0.52338500      0.08005100      0.05339700     -0.04533100     -0.25186600     -0.51269800     -0.82079400      0.58749700     -0.75497400      0.29130700     -0.76903100     -0.40884400      0.49136100     -0.00000100      0.00000400     -0.00000100     -0.00032200      0.00007000      0.00016100      0.52104100
     0.13768300      0.05350900      0.40382300     -0.26560000     -0.52654000     -0.80762500      0.55693700     -0.76757600      0.31720600     -0.78660400     -0.36489800      0.49812800     -0.00977900      0.01120700      0.00507100      0.02389900     -0.12421300      0.23617800      0.51913500     -0.18776600      0.07705000      0.36140700     -0.21674400     -0.65565100      0.72328100      0.73986900      0.37288800      0.55989500     -0.63651700      0.65729000      0.40333600      0.00011300     -0.02516000      0.00093700     -0.03991700     -0.45414200      0.63537200      0.53570000      0.02395100      0.05725800     -0.00527700      0.19923600      0.64047400      0.74168500     -0.73811500     -0.39976100      0.54348500      0.64458500     -0.65573100      0.39309700      0.00027000     -0.00577700      0.00379900     -0.03639900      0.01299200     -0.01682100      0.52354800      0.08005100      0.05339700     -0.04533100     -0.25186600     -0.51269800     -0.82079400      0.58749700     -0.75497400      0.29130700     -0.76903100     -0.40884400      0.49136100     -0.00000100      0.00000400     -0.00000100     -0.00032200      0.00007000      0.00016100      0.52104100
     0.13750800      0.05360700      0.40396200     -0.26914300     -0.53244400     -0.80256500      0.54672000     -0.77048500      0.32775100     -0.79253800     -0.34991100      0.49947200      0.00005400      0.00034900      0.00014200     -0.78979300      1.43851800     -2.22229700      0.51943000     -0.18832600      0.07706400      0.36157400     -0.21571000     -0.66938000      0.71090900      0.73913400      0.36368400      0.56687600     -0.63772100      0.64855800      0.41538800     -0.01134000      0.02196400     -0.00173400      0.20625100     -0.26443700     -0.17016400      0.53572400      0.02395100      0.05725800     -0.00527700      0.19923600      0.64047400      0.74168500     -0.73811500     -0.39976100      0.54348500      0.64458500     -0.65573100      0.39309700      0.00027000     -0.00577700      0.00379900     -0.03639900      0.01299200     -0.01682100      0.52322200      0.08005100      0.05339700     -0.04533100     -0.25186600     -0.51269800     -0.82079400      0.58749700     -0.75497400      0.29130700     -0.76903100     -0.40884400      0.49136100     -0.00000100      0.00000400     -0.00000100     -0.00032200      0.00007000      0.00016100      0.52104100
     0.13749600      0.05339600      0.40409700     -0.25430500     -0.54065500     -0.80191400      0.55871700     -0.75892500      0.33442400     -0.78908400     -0.36233100      0.49607400     -0.00076500     -0.01303000      0.00807500      4.30679800     -1.99052700     -2.85854700      0.51909600     -0.18861400      0.07737800      0.36166900     -0.21112800     -0.67248900      0.70934900      0.74133700      0.36267600      0.56464100     -0.63670300      0.64590300      0.42104800     -0.01120800      0.02498800     -0.00027100      0.26983600     -0.35868300     -0.23843500      0.53597900      0.02395100      0.05725800     -0.00527700      0.19923600      0.64047400      0.74168500     -0.73811500     -0.39976100      0.54348500      0.64458500     -0.65573100      0.39309700      0.00027000     -0.00577700      0.00379900     -0.03639900      0.01299200     -0.01682100      0.52322200      0.08005100      0.05339700     -0.04533100     -0.25186600     -0.51269800     -0.82079400      0.58749700     -0.75497400      0.29130700     -0.76903100     -0.40884400      0.49136100     -0.00000100      0.00000400     -0.00000100     -0.00032200      0.00007000      0.00016100      0.52104100
     0.13734500      0.05331500      0.40426100     -0.24391600     -0.54724700     -0.80066900      0.57699300     -0.74546200      0.33367300     -0.77916500     -0.37991800      0.49858900      0.00081900      0.01335500     -0.00794700      0.04137000     -0.00283400      0.02314100      0.51891600     -0.18900500      0.07774400      0.36206500     -0.26253800     -0.65967300      0.70419900      0.76206900      0.30575500      0.57069900     -0.59145000      0.68728700      0.42152900     -0.02120900      0.00252700      0.01600600     -0.17017600      0.22230000      0.08891500      0.53314900      0.02395100      0.05725800     -0.00527700      0.19923600      0.64047400      0.74168500     -0.73811500     -0.39976100      0.54348500      0.64458500     -0.65573100      0.39309700      0.00027000     -0.00577700      0.00379900     -0.03639900      0.01299200     -0.01682100      0.52354800      0.08005100      0.05339700     -0.04533100     -0.25186600     -0.51269800     -0.82079400      0.58749700     -0.75497400      0.29130700     -0.76903100     -0.40884400      0.49136100     -0.00000100      0.00000400     -0.00000100     -0.00032200      0.00007000      0.00016100      0.52104100
     0.13725500      0.05382100      0.40414200     -0.24160700     -0.53589000     -0.80900800      0.58221900     -0.74701300      0.32088100     -0.77599400     -0.39283300      0.49350000      0.00129200      0.01639500     -0.00670800      0.05713600     -0.06640000      0.10337500      0.51904100     -0.18921600      0.07715100      0.36277800     -0.27255200     -0.64579400      0.71320100      0.76011200      0.30977700      0.57114000     -0.58942200      0.69856900      0.40552000      0.01164000     -0.01211500      0.00658300     -0.15467500      0.17674700      0.14121800      0.53314500      0.02395100      0.05725800     -0.00527700      0.19923600      0.64047400      0.74168500     -0.73811500     -0.39976100      0.54348500      0.64458500     -0.65573100      0.39309700      0.00027000     -0.00577700      0.00379900     -0.03639900      0.01299200     -0.01682100      0.52322200      0.08005100      0.05339700     -0.04533100     -0.25186600     -0.51269800     -0.82079400      0.58749700     -0.75497400      0.29130700     -0.76903100     -0.40884400      0.49136100     -0.00000100      0.00000400     -0.00000100     -0.00032200      0.00007000      0.00016100      0.52104100
     0.13733200      0.05411500      0.40403900     -0.23832100     -0.53897000     -0.80793600      0.58684600     -0.74276000      0.32232100     -0.77352600     -0.39665400      0.49431800      0.01251600      0.00674200      0.00224200      0.00185600     -0.02747300      0.05538000      0.51957700     -0.18894600      0.07697600      0.36279300     -0.27484900     -0.64433500      0.71364000      0.75878400      0.31034100      0.57259900     -0.59006400      0.69966500      0.40268800      0.01153200     -0.01537700      0.00500400     -0.14465700      0.17567700      0.10495200      0.53326400      0.02395100      0.05725800     -0.00527700      0.19923600      0.64047400      0.74168500     -0.73811500     -0.39976100      0.54348500      0.64458500     -0.65573100      0.39309700      0.00027000     -0.00577700      0.00379900     -0.03639900      0.01299200     -0.01682100      0.52354800      0.08005100      0.05339700     -0.04533100     -0.25186600     -0.51269800     -0.82079400      0.58749700     -0.75497400      0.29130700     -0.76903100     -0.40884400      0.49136100     -0.00000100      0.00000400     -0.00000100     -0.00032200      0.00007000      0.00016100      0.52104100
     0.13776000      0.05440500      0.40400800     -0.22815300     -0.54808100     -0.80473600      0.60007400     -0.73003300      0.32700900     -0.76642600     -0.40761800      0.49645400      0.01187100      0.00266000      0.00058100      0.00098400     -0.01471500      0.02955300      0.51886300     -0.18861000      0.07718900      0.36243400     -0.26832400     -0.64589800      0.71470900      0.75923100      0.31471200      0.56961200     -0.59249400      0.69626000      0.40501300      0.00980500      0.01591100     -0.01952500      0.31420300     -0.34001000     -0.28007900      0.53430700      0.02395100      0.05725800     -0.00527700      0.19923600      0.64047400      0.74168500     -0.73811500     -0.39976100      0.54348500      0.64458500     -0.65573100      0.39309700      0.00027000     -0.00577700      0.00379900     -0.03639900      0.01299200     -0.01682100      0.52322200      0.08005100      0.05339700     -0.04533100     -0.25186600     -0.51269800     -0.82079400      0.58749700     -0.75497400      0.29130700     -0.76903100     -0.40884400      0.49136100     -0.00000100      0.00000400     -0.00000100     -0.00032200      0.00007000      0.00016100      0.52104100
     0.13793300      0.05428300      0.40407100     -0.22796600     -0.55045200     -0.80316800      0.59973600     -0.72920400      0.32946900     -0.76674600     -0.40590300      0.49736400     -0.01163200     -0.00109100      0.00005400      0.00849500      0.00161700     -0.01364800      0.51940300     -0.18828900      0.07771600      0.36174100     -0.25866600     -0.65086500      0.71376300      0.75792200      0.32120400      0.56772900     -0.59844500      0.68862600      0.40929300      0.01035900      0.00490300     -0.01162300      0.04061100     -0.03142400      0.04349400      0.53498000      0.02395100      0.05725800     -0.00527700      0.19923600      0.64047400      0.74168500     -0.73811500     -0.39976100      0.54348500      0.64458500     -0.65573100      0.39309700      0.00027000     -0.00577700      0.00379900     -0.03639900      0.01299200     -0.01682100      0.52354800      0.08005100      0.05339700     -0.04533100     -0.25186600     -0.51269800     -0.82079400      0.58749700     -0.75497400      0.29130700     -0.76903100     -0.40884400      0.49136100     -0.00000100      0.00000400     -0.00000100     -0.00032200      0.00007000      0.00016100      0.52104100
     0.13742100      0.05393400      0.40420200     -0.21603800     -0.54645500     -0.80917200      0.61684300     -0.71878600      0.32066100     -0.75657900     -0.42918400      0.49337300     -0.01269700     -0.01595100      0.00738800      4.43465200     -1.73034200     -2.79971600      0.51866600     -0.18850000      0.07799800      0.36149600     -0.25936000     -0.65290000      0.71165000      0.75793800      0.31892800      0.56898900     -0.59812500      0.68775800      0.41121600      0.00014200      0.00408200      0.00198800      0.01314600     -0.12762300      0.18810500      0.53410600      0.02395100      0.05725800     -0.00527700      0.19923600      0.64047400      0.74168500     -0.73811500     -0.39976100      0.54348500      0.64458500     -0.65573100      0.39309700      0.00027000     -0.00577700      0.00379900     -0.03639900      0.01299200     -0.01682100      0.52322200      0.08005100      0.05339700     -0.04533100     -0.25186600     -0.51269800     -0.82079400      0.58749700     -0.75497400      0.29130700     -0.76903100     -0.40884400      0.49136100     -0.00000100      0.00000400     -0.00000100     -0.00032200      0.00007000      0.00016100      0.52104100
     0.13718100      0.05379200      0.40422400     -0.21024500     -0.54763900     -0.80989800      0.62027300     -0.71504100      0.32241300     -0.75541300     -0.43389700      0.49103200     -0.00075900     -0.00490900     -0.00199600     -0.08013500     -0.15540300     -0.07391100      0.51926100     -0.18855100      0.07801400      0.36160700     -0.25692300     -0.65382600      0.71168300      0.75903700      0.31916000      0.56739300     -0.59778600      0.68677100      0.41335400      0.01183000     -0.00681800      0.00912700      0.00018100     -0.05292700     -0.02440500      0.53397800      0.02395100      0.05725800     -0.00527700      0.19923600      0.64047400      0.74168500     -0.73811500     -0.39976100      0.54348500      0.64458500     -0.65573100      0.39309700      0.00027000     -0.00577700      0.00379900     -0.03639900      0.01299200     -0.01682100      0.52322200      0.08005100      0.05339700     -0.04533100     -0.25186600     -0.51269800     -0.82079400      0.58749700     -0.75497400      0.29130700     -0.76903100     -0.40884400      0.49136100     -0.00000100      0.00000400     -0.00000100     -0.00032200      0.00007000      0.00016100      0.52104100
     0.13728100      0.05373000      0.40416400     -0.21014000     -0.54798700     -0.80968900      0.62040300     -0.71480300      0.32269000     -0.75533600     -0.43384800      0.49119300      0.01123600     -0.00162200     -0.00115500      0.00096700     -0.01474800      0.02953700      0.51858800     -0.18842100      0.07785300      0.36177800     -0.24821300     -0.65706000      0.71179600      0.75922600      0.32426000      0.56423800     -0.60122500      0.68127000      0.41744700      0.00054000     -0.01163100      0.00756900     -0.00073400     -0.03946200     -0.05485800      0.53106000      0.02395100      0.05725800     -0.00527700      0.19923600      0.64047400      0.74168500     -0.73811500     -0.39976100      0.54348500      0.64458500     -0.65573100      0.39309700      0.00027000     -0.00577700      0.00379900     -0.03639900      0.01299200     -0.01682100      0.52354800      0.08005100      0.05339700     -0.04533100     -0.25186600     -0.51269800     -0.82079400      0.58749700     -0.75497400      0.29130700     -0.76903100     -0.40884400      0.49136100     -0.00000100      0.00000400     -0.00000100     -0.00032200      0.00007000      0.00016100      0.52104100
     0.13767400      0.05372400      0.40411400     -0.21251000     -0.55005900     -0.80766300      0.62094100     -0.71421100      0.32296700     -0.75422700     -0.43220000      0.49434100      0.01135500     -0.00083800     -0.00083500      0.01070400      0.00406100      0.03847200      0.51846600     -0.18816300      0.07754000      0.36199500     -0.25721600     -0.65401600      0.71140300      0.75791500      0.32002400      0.56840400     -0.59908000      0.68618600      0.41244900      0.00061300     -0.00963300      0.00854800     -0.05515300      0.03955300      0.00490500      0.52714100      0.02395100      0.05725800     -0.00527700      0.19923600      0.64047400      0.74168500     -0.73811500     -0.39976100      0.54348500      0.64458500     -0.65573100      0.39309700      0.00027000     -0.00577700      0.00379900     -0.03639900      0.01299200     -0.01682100      0.52322200      0.08005100      0.05339700     -0.04533100     -0.25186600     -0.51269800     -0.82079400      0.58749700     -0.75497400      0.29130700     -0.76903100     -0.40884400      0.49136100     -0.00000100      0.00000400     -0.00000100     -0.00032200      0.00007000      0.00016100      0.52104100
     0.13770900      0.05357100      0.40422000     -0.21259200     -0.54998500     -0.80769300      0.62058500     -0.71446400      0.32309300     -0.75449700     -0.43187700      0.49421000     -0.00066300     -0.01239100      0.00833900     -0.03611300      0.02735600     -0.04339400      0.51866600     -0.18814400      0.07754600      0.36201700     -0.25169500     -0.65565400      0.71186900      0.75290600      0.32936600      0.56972300     -0.60768200      0.68017000      0.40982100      0.00004300      0.00127500      0.00062000     -3.95932700     -3.11154400     -2.23785500      0.53178900      0.02395100      0.05725800     -0.00527700      0.19923600      0.64047400      0.74168500     -0.73811500     -0.39976100      0.54348500      0.64458500     -0.65573100      0.39309700      0.00027000     -0.00577700      0.00379900     -0.03639900      0.01299200     -0.01682100      0.52338500      0.08005100      0.05339700     -0.04533100     -0.25186600     -0.51269800     -0.82079400      0.58749700     -0.75497400      0.29130700     -0.76903100     -0.40884400      0.49136100     -0.00000100      0.00000400     -0.00000100     -0.00032200      0.00007000      0.00016100      0.52104100
     0.13756100      0.05334500      0.40440600     -0.22534400     -0.54745800     -0.80595000      0.60290400     -0.72815900      0.32597900     -0.76503800     -0.41177900      0.49515900      0.00006200     -0.00765000      0.01027300     -0.03569700      0.01441900     -0.01752800      0.51836300     -0.18826000      0.07776800      0.36180500     -0.24851400     -0.65477100      0.71379700      0.75525300      0.33028000      0.56607600     -0.60608200      0.68057700      0.41151200     -0.00061900      0.00939900     -0.00865600      0.04571500     -0.02686400      0.00675400      0.53244200      0.02395100      0.05725800     -0.00527700      0.19923600      0.64047400      0.74168500     -0.73811500     -0.39976100      0.54348500      0.64458500     -0.65573100      0.39309700      0.00027000     -0.00577700      0.00379900     -0.03639900      0.01299200     -0.01682100      0.52354800      0.08005100      0.05339700     -0.04533100     -0.25186600     -0.51269800     -0.82079400      0.58749700     -0.75497400      0.29130700     -0.76903100     -0.40884400      0.49136100     -0.00000100      0.00000400     -0.00000100     -0.00032200      0.00007000      0.00016100      0.52104100
     0.13760400      0.05344000      0.40485600     -0.22370500     -0.54549400     -0.80773600      0.59626500     -0.73214700      0.32924400     -0.77070200     -0.40729900      0.49005300      0.00154900      0.01010600      0.00409400     -0.02890700     -0.16965600      0.17156700      0.51809800     -0.18827300      0.07779800      0.36174000     -0.23976000     -0.65805200      0.71377500      0.75589100      0.33468600      0.56262600     -0.60881800      0.67523700      0.41624400     -0.00003400     -0.00098600     -0.00048000      0.02132600     -0.03144300     -0.02281300      0.52636700      0.02395100      0.05725800     -0.00527700      0.19923600      0.64047400      0.74168500     -0.73811500     -0.39976100      0.54348500      0.64458500     -0.65573100      0.39309700      0.00027000     -0.00577700      0.00379900     -0.03639900      0.01299200     -0.01682100      0.52322200      0.08005100      0.05339700     -0.04533100     -0.25186600     -0.51269800     -0.82079400      0.58749700     -0.75497400      0.29130700     -0.76903100     -0.40884400      0.49136100     -0.00000100      0.00000400     -0.00000100     -0.00032200      0.00007000      0.00016100      0.52104100
     0.13745500      0.05347000      0.40498600     -0.22366900     -0.54582600     -0.80752100      0.59611000     -0.73208600      0.32966000     -0.77083200     -0.40696400      0.49012700     -0.01062100      0.00559100      0.00276100     -0.00062400      0.00102200     -0.00416600      0.51853200     -0.18825700      0.07776600      0.36172400     -0.24288600     -0.65899400      0.71184600      0.75409700      0.33318700      0.56591400     -0.60979800      0.67506000      0.41509400     -0.00061600      0.00947600     -0.00861700     -0.04102600      0.09709100      0.10495100      0.53340000      0.02395100      0.05725800     -0.00527700      0.19923600      0.64047400      0.74168500     -0.73811500     -0.39976100      0.54348500      0.64458500     -0.65573100      0.39309700      0.00027000     -0.00577700      0.00379900     -0.03639900      0.01299200     -0.01682100      0.52338500      0.08005100      0.05339700     -0.04533100     -0.25186600     -0.51269800     -0.82079400      0.58749700     -0.75497400      0.29130700     -0.76903100     -0.40884400      0.49136100     -0.00000100      0.00000400     -0.00000100     -0.00032200      0.00007000      0.00016100      0.52104100
     0.13724400      0.05354800      0.40474500     -0.22082700     -0.54649300     -0.80785300      0.59614100     -0.73118100      0.33160500     -0.77163100     -0.40769400      0.48826100     -0.01226800     -0.00507900     -0.00156100     -0.25849700     -0.38223900     -0.43704100      0.51861500     -0.18828900      0.07801300      0.36150800     -0.23688900     -0.65931000      0.71357100      0.74990500      0.34273300      0.56578300     -0.61728500      0.66994600      0.41230400      0.01055900      0.01088900     -0.00870000      0.03533500     -0.01986100      0.04381700      0.53424400      0.02395100      0.05725800     -0.00527700      0.19923600      0.64047400      0.74168500     -0.73811500     -0.39976100      0.54348500      0.64458500     -0.65573100      0.39309700      0.00027000     -0.00577700      0.00379900     -0.03639900      0.01299200     -0.01682100      0.52354800      0.08005100      0.05339700     -0.04533100     -0.25186600     -0.51269800     -0.82079400      0.58749700     -0.75497400      0.29130700     -0.76903100     -0.40884400      0.49136100     -0.00000100      0.00000400     -0.00000100     -0.00032200      0.00007000      0.00016100      0.52104100
     0.13729800      0.05354800      0.40449100     -0.22149500     -0.54466600     -0.80890300      0.59152000     -0.73450400      0.33253500     -0.77498700     -0.40415700      0.48588100     -0.00014100     -0.00091400     -0.00037100     -0.00270700     -0.00522100     -0.00247200      0.51934100     -0.18820100      0.07826400      0.36133500     -0.23286900     -0.66041300      0.71387600      0.74840500      0.34691000      0.56522300     -0.62063000      0.66670000      0.41254400      0.00005600      0.00165700      0.00080700      0.00166500     -0.01616800      0.02379600      0.53414100      0.02395100      0.05725800     -0.00527700      0.19923600      0.64047400      0.74168500     -0.73811500     -0.39976100      0.54348500      0.64458500     -0.65573100      0.39309700      0.00027000     -0.00577700      0.00379900     -0.03639900      0.01299200     -0.01682100      0.52322200      0.08005100      0.05339700     -0.04533100     -0.25186600     -0.51269800     -0.82079400      0.58749700     -0.75497400      0.29130700     -0.76903100     -0.40884400      0.49136100     -0.00000100      0.00000400     -0.00000100     -0.00032200      0.00007000      0.00016100      0.52104100
     0.13752800      0.05367900      0.40437400     -0.23076400     -0.54369600     -0.80696300      0.57878500     -0.74335600      0.33526200     -0.78185300     -0.38902200      0.48723100      0.00001300      0.00008500      0.00003500     -0.02989900     -0.05754100     -0.02727700      0.51876900     -0.18819200      0.07792500      0.36157700     -0.23301500     -0.66066800      0.71359100      0.74766500      0.34737600      0.56591500     -0.62146500      0.66620400      0.41208800      0.00055100     -0.01142800      0.00766200     -0.02482600     -0.09836800      0.14754300      0.53448100      0.02395100      0.05725800     -0.00527700      0.19923600      0.64047400      0.74168500     -0.73811500     -0.39976100      0.54348500      0.64458500     -0.65573100      0.39309700      0.00027000     -0.00577700      0.00379900     -0.03639900      0.01299200     -0.01682100      0.52354800      0.08005100      0.05339700     -0.04533100     -0.25186600     -0.51269800     -0.82079400      0.58749700     -0.75497400      0.29130700     -0.76903100     -0.40884400      0.49136100     -0.00000100      0.00000400     -0.00000100     -0.00032200      0.00007000      0.00016100      0.52104100
     0.13752800      0.05365600      0.40440400     -0.23712200     -0.54297000     -0.80560700      0.56972200     -0.74939800      0.33732800     -0.78658300     -0.37831500      0.48804800      0.00024800      0.00161600      0.00065600      0.16421800      0.32734500      0.19141800      0.51820100     -0.18816600      0.07772600      0.36170800     -0.23374400     -0.66263300      0.71152900      0.74672600      0.34619800      0.56787500     -0.62231900      0.66486600      0.41295900      0.00000000      0.00000200      0.00000100     -0.00046400     -0.14610700      0.20123300      0.53428800      0.02395100      0.05725800     -0.00527700      0.19923600      0.64047400      0.74168500     -0.73811500     -0.39976100      0.54348500      0.64458500     -0.65573100      0.39309700      0.00027000     -0.00577700      0.00379900     -0.03639900      0.01299200     -0.01682100      0.52354800      0.08005100      0.05339700     -0.04533100     -0.25186600     -0.51269800     -0.82079400      0.58749700     -0.75497400      0.29130700     -0.76903100     -0.40884400      0.49136100     -0.00000100      0.00000400     -0.00000100     -0.00032200      0.00007000      0.00016100      0.52104100
     0.13732200      0.05382000      0.40431000     -0.25999200     -0.53956300     -0.80082500      0.55495300     -0.76217900      0.33329000     -0.78987900     -0.35710300      0.49859400     -0.00001400      0.00793900     -0.01014800      0.11393100      0.13692000      0.08946100      0.51807500     -0.18803400      0.07767000      0.36179000     -0.23391800     -0.66291300      0.71121000      0.74645100      0.34611800      0.56828400     -0.62258300      0.66462800      0.41294500      0.01123100      0.00296800      0.00066700      0.00204500     -0.01520500      0.02924500      0.53426300      0.02395100      0.05725800     -0.00527700      0.19923600      0.64047400      0.74168500     -0.73811500     -0.39976100      0.54348500      0.64458500     -0.65573100      0.39309700      0.00027000     -0.00577700      0.00379900     -0.03639900      0.01299200     -0.01682100      0.52338500      0.08005100      0.05339700     -0.04533100     -0.25186600     -0.51269800     -0.82079400      0.58749700     -0.75497400      0.29130700     -0.76903100     -0.40884400      0.49136100     -0.00000100      0.00000400     -0.00000100     -0.00032200      0.00007000      0.00016100      0.52104100
     0.13711100      0.05370000      0.40413900     -0.25317700     -0.53743900     -0.80442900      0.56963000     -0.75489600      0.32500100     -0.78161200     -0.37528200      0.49826900     -0.00075200      0.00316600     -0.01209200      1.36909500     -0.53879600     -0.83347800      0.51580000     -0.18791600      0.07799600      0.36181200     -0.23649100     -0.66229100      0.71093900      0.74535300      0.34559200      0.57004400     -0.62292300      0.66552200      0.41098700     -0.00035900      0.01743600     -0.00474800     -0.08871700      0.15721200      0.17582400      0.53449100      0.02395100      0.05725800     -0.00527700      0.19923600      0.64047400      0.74168500     -0.73811500     -0.39976100      0.54348500      0.64458500     -0.65573100      0.39309700      0.00027000     -0.00577700      0.00379900     -0.03639900      0.01299200     -0.01682100      0.52354800      0.08005100      0.05339700     -0.04533100     -0.25186600     -0.51269800     -0.82079400      0.58749700     -0.75497400      0.29130700     -0.76903100     -0.40884400      0.49136100     -0.00000100      0.00000400     -0.00000100     -0.00032200      0.00007000      0.00016100      0.52104100
     0.13697100      0.05376000      0.40404900     -0.25612100     -0.53870700     -0.80264600      0.56545100     -0.75694100      0.32753200     -0.78368000     -0.36930600      0.49948500      0.00032500      0.01010800     -0.00926400      0.01428200      0.02507600     -0.04200300      0.48062100     -0.18791500      0.07809300      0.36182900     -0.23643400     -0.66215700      0.71108300      0.74543500      0.34566100      0.56989500     -0.62284700      0.66561900      0.41094600      0.00012000      0.00366100      0.00177700     -0.00018200     -0.01340700      0.02579800      0.53408000      0.02395100      0.05725800     -0.00527700      0.19923600      0.64047400      0.74168500     -0.73811500     -0.39976100      0.54348500      0.64458500     -0.65573100      0.39309700      0.00027000     -0.00577700      0.00379900     -0.03639900      0.01299200     -0.01682100      0.52354800      0.08005100      0.05339700     -0.04533100     -0.25186600     -0.51269800     -0.82079400      0.58749700     -0.75497400      0.29130700     -0.76903100     -0.40884400      0.49136100     -0.00000100      0.00000400     -0.00000100     -0.00032200      0.00007000      0.00016100      0.52104100
