     0.16224600      0.01817700      0.39678700     -0.48629000      0.60565400     -0.62988200     -0.79973200     -0.59890000      0.04147100     -0.35152200      0.52314700      0.77638700     -0.01205900     -0.00554600      0.01225800     -0.03578600      0.01401200     -0.02254500      0.38122700     -0.19849200      0.04447800      0.38056200      0.64784700      0.71877500      0.25228500     -0.76094800      0.59636900      0.25541600      0.03232400     -0.35835600      0.93295200      0.00057400     -0.00888800      0.00959800     -0.03633300      0.01226600     -0.01734800      0.48583000     -0.00589300      0.04094500      0.00718500     -0.54359500     -0.79610700      0.26592700      0.83880700     -0.50389200      0.20614300     -0.03011300      0.33512000      0.94169300      0.00008000      0.00114900      0.00059200     -0.00964100      0.08191300     -0.14823900      0.47684700      0.11824700      0.03385800     -0.04363900     -0.53700000      0.55839800     -0.63231400     -0.72704100     -0.68650100      0.01119700     -0.42783300      0.46573200      0.77463000      0.00011200      0.00148400      0.00079600      0.00002200      0.00000100      0.00001700      0.32427600
     0.16225500      0.01816400      0.39694600     -0.48613200      0.60573100     -0.62993000     -0.79995300     -0.59859100      0.04166200     -0.35123700      0.52341100      0.77633800      0.00012100      0.00157300      0.00084200      0.00000000      0.00000000      0.00000000      0.38363300     -0.19862000      0.04455200      0.38061000      0.65120200      0.71541400      0.25320200     -0.75818300      0.59997500      0.25519000      0.02983900     -0.35905900      0.93276400     -0.01156600      0.00377800      0.00275600      0.00070900      0.00228300     -0.00033200      0.48334700     -0.00595700      0.04097100      0.00720900     -0.54726900     -0.79319000      0.26710300      0.83649600     -0.50778500      0.20598000     -0.02775000      0.33615800      0.94139600      0.00008000      0.00111400      0.00057200      0.00388100      0.00278200      0.01270000      0.47113200      0.11824700      0.03385400     -0.04355200     -0.53686700      0.55848600     -0.63234800     -0.72730300     -0.68622000      0.01141900     -0.42755300      0.46604000      0.77459900      0.00005300      0.00071900      0.00038500      0.00000100      0.00000500     -0.00000700      0.32672500
     0.16225800      0.01811100      0.39704000     -0.48606100      0.60783100     -0.62795800     -0.80038700     -0.59808800      0.04052400     -0.35034500      0.52154800      0.77799300      0.00014800     -0.00918000      0.00992000      0.02119900      0.20824100      0.06948000      0.38419200     -0.19872900      0.04463300      0.38066000      0.65064700      0.71571700      0.25377100     -0.75866800      0.59942200      0.25504900      0.02961600     -0.35938000      0.93264800     -0.01148200      0.00487600      0.00331300     -0.00204500      0.01520500     -0.02924500      0.48277300     -0.00601200      0.04101100      0.00723300     -0.54667500     -0.79342600      0.26761900      0.83689000     -0.50719600      0.20583000     -0.02757600      0.33649000      0.94128200      0.00019800      0.00276100      0.00141000      0.00177300     -0.01406400      0.02517900      0.46966300      0.11824800      0.03383200     -0.04350900     -0.53706900      0.56014500     -0.63070800     -0.72765100     -0.68586700      0.01048600     -0.42670900      0.46456700      0.77594800      0.00003600      0.00049400      0.00026300      0.09349000      0.30073400      0.12747000      0.32819500
     0.16224100      0.01795300      0.39721200     -0.48640100      0.60773400     -0.62778900     -0.80044000     -0.59797100      0.04121500     -0.34975400      0.52179500      0.77809300      0.00000000      0.00000600      0.00000300      0.00001000      0.00003600      0.00001600      0.38626800     -0.19916700      0.04497600      0.38085600      0.65053300      0.71484300      0.25651200     -0.75878600      0.59858800      0.25665000      0.02910900     -0.36250100      0.93145500     -0.01107400      0.01016000      0.00598700     -0.00102200      0.00211200     -0.00356500      0.48240000     -0.00622700      0.04117200      0.00732600     -0.54655900     -0.79254200      0.27046000      0.83696700     -0.50637500      0.20752900     -0.02752100      0.33979300      0.94009700     -0.01143500      0.00533700      0.00354400     -0.00532800      0.10476600     -0.20747700      0.46819300      0.11824500      0.03375200     -0.04342300     -0.53737600      0.56044600     -0.63017900     -0.72786400     -0.68563400      0.01091100     -0.42595700      0.46454800      0.77637200     -0.00000800     -0.00006100     -0.00003400     -0.00099800     -0.00271800     -0.00094000      0.33064400
     0.16222300      0.01777900      0.39736400     -0.48652200      0.60771800     -0.62771200     -0.80059100     -0.59773400      0.04173600     -0.34924200      0.52208700      0.77812800     -0.00000200     -0.00003100     -0.00001700      0.00000000      0.00000000      0.00000000      0.38735200     -0.19981800      0.04538000      0.38112000      0.65351500      0.71167000      0.25775000     -0.75631700      0.60183100      0.25635400      0.02650200     -0.36337300      0.93119300     -0.02278200      0.01107700      0.00725800     -0.00226500      0.01655300     -0.03299700      0.48227600     -0.00654900      0.04138200      0.00745600     -0.54986000     -0.78979200      0.27181000      0.83488100     -0.50995300      0.20717000     -0.02501100      0.34084400      0.93978600     -0.01139100      0.00560500      0.00367200     -0.00081900      0.01654300     -0.02994600      0.46721300      0.11823100      0.03366300     -0.04334800     -0.53751400      0.56038500     -0.63011500     -0.72803900     -0.68543900      0.01145900     -0.42548500      0.46490800      0.77641600     -0.00000600     -0.00003600     -0.00001900      0.00002600     -0.00006700     -0.00010500      0.33244100
     0.16223300      0.01764100      0.39748000     -0.48624400      0.60784100     -0.62780700     -0.80088900     -0.59732300      0.04188700     -0.34894500      0.52241200      0.77804300     -0.00000700     -0.00009800     -0.00005200      0.00000000      0.00000000      0.00000000      0.38990900     -0.20063800      0.04571200      0.38141200      0.65586200      0.70882200      0.25963100     -0.75437900      0.60440200      0.25601600      0.02373000     -0.36466800      0.93076200     -0.02251200     -0.00204800      0.01469200     -0.04040200      0.04286600     -0.07574100      0.47895700     -0.00697000      0.04155800      0.00761300     -0.55240300     -0.78729700      0.27388500      0.83327400     -0.51269500      0.20687400     -0.02245200      0.34249900      0.93924900     -0.01126100     -0.00101700      0.00736000     -0.04048800      0.04268000     -0.07614400      0.46476400      0.11823600      0.03359000     -0.04328700     -0.53726500      0.56053400     -0.63019500     -0.72838700     -0.68506600      0.01163900     -0.42520100      0.46528000      0.77634800     -0.00000600     -0.00004800     -0.00002600      0.00004300     -0.00000900     -0.00006000      0.33521700
     0.16223300      0.01758800      0.39753000     -0.48634600      0.60781200     -0.62775600     -0.80090500     -0.59728600      0.04209600     -0.34876600      0.52248800      0.77807200     -0.00000000     -0.00000100     -0.00000100      0.00000000      0.00000000      0.00000000      0.39416000     -0.20109000      0.04582800      0.38158800      0.65502300      0.70928500      0.26048300     -0.75511300      0.60349500      0.25599200      0.02355400     -0.36527200      0.93052900     -0.02293800      0.00817900      0.00577000     -0.01602100      0.12662100     -0.23213300      0.47669000     -0.00717900      0.04160900      0.00769700     -0.55163200     -0.78760800      0.27454400      0.83378600     -0.51186100      0.20687800     -0.02241100      0.34303100      0.93905600     -0.01124400     -0.00087900      0.00743100     -0.03878100      0.02887600     -0.05090200      0.46231400      0.11823600      0.03356400     -0.04326200     -0.53736400      0.56049200     -0.63014800     -0.72841300     -0.68503500      0.01184800     -0.42503300      0.46537500      0.77638400      0.00003700     -0.00505500      0.00471600     -0.03568700      0.01131400     -0.01923500      0.33799200
     0.16222400      0.01749700      0.39760400     -0.48615500      0.60789700     -0.62782200     -0.80110400     -0.59701300      0.04218600     -0.34857600      0.52270000      0.77801400     -0.00003800     -0.00049600     -0.00026600      0.00000000      0.00000000      0.00000000      0.39897400     -0.20176600      0.04586800      0.38198600      0.65809100      0.70600400      0.26166000     -0.75250300      0.60655000      0.25645500      0.02152800     -0.36656400      0.93007000     -0.01121500      0.00703400      0.00435500     -0.00031500      0.00128500     -0.00407300      0.47295500     -0.00752600      0.04163400      0.00789300     -0.55488100     -0.78479400      0.27605200      0.83167600     -0.51509800      0.20733400     -0.02052100      0.34463200      0.93851300     -0.00541300     -0.00176900      0.00656300     -0.03662600      0.01356000     -0.02163800      0.45692600      0.11823100      0.03351900     -0.04322400     -0.53718400      0.56059900     -0.63020700     -0.72864300     -0.68478900      0.01193700     -0.42486800      0.46560800      0.77633500      0.00001100     -0.00538300      0.00454000     -0.03569800      0.01128300     -0.01923100      0.34599400
     0.16222400      0.01745200      0.39764600     -0.48611200      0.60792000     -0.62783200     -0.80118200     -0.59690200      0.04227600     -0.34845600      0.52280000      0.77800100      0.00005100      0.00066800      0.00035700      0.00000000      0.00000000      0.00000000      0.39879900     -0.20219200      0.04580500      0.38241900      0.66147400      0.70250900      0.26253400     -0.74958100      0.60982300      0.25725000      0.01979600     -0.36784400      0.92960300     -0.01115600      0.00759000      0.00462400     -0.00031400      0.00131200     -0.00405800      0.47103800     -0.00774800      0.04160100      0.00811500     -0.55858300     -0.78176000      0.27719100      0.82923100     -0.51867700      0.20820500     -0.01899400      0.34615500      0.93798400     -0.00558700      0.00377800      0.00231100     -0.00022400      0.00090400     -0.00444100      0.45447700      0.11823100      0.03349400     -0.04320500     -0.53714400      0.56062700     -0.63021600     -0.72873400     -0.68469000      0.01202700     -0.42476100      0.46572100      0.77632500      0.00003500      0.00046000      0.00024600      0.00003300      0.00002900     -0.00002900      0.34860600
     0.16222500      0.01743700      0.39767100     -0.48613700      0.60791500     -0.62781900     -0.80119900     -0.59687500      0.04235300     -0.34838400      0.52283800      0.77800800      0.00004600      0.00059400      0.00031800      0.00000000      0.00000000      0.00000000      0.39736700     -0.20234300      0.04572700      0.38265500      0.66626700      0.69720900      0.26453600     -0.74537600      0.61393800      0.25967000      0.01780500     -0.37107000      0.92836000     -0.01092000     -0.00491500      0.01241400      1.40236000      1.48911200      5.10012100      0.46690800     -0.00781900      0.04156700      0.00823000     -0.55932000     -0.78043900      0.27941900      0.82871600     -0.51842400      0.21086500     -0.01970900      0.34950000      0.93672800     -0.00543300     -0.00204900      0.00641900     -0.03841000      0.02356700     -0.00452900      0.45153700      0.11823100      0.03348700     -0.04319200     -0.53716900      0.56061800     -0.63020300     -0.72875500     -0.68466600      0.01210400     -0.42469400      0.46576600      0.77633500      0.00002800      0.00039400      0.00021200      0.00001800     -0.00000900     -0.00003200      0.34860600
     0.16222600      0.01738400      0.39773200     -0.48597300      0.60798500     -0.62787700     -0.80135500     -0.59666100      0.04240100     -0.34825300      0.52299900      0.77795800      0.00000000      0.00000300      0.00000200      0.00000000      0.00000000      0.00000000      0.39661700     -0.20251400      0.04555100      0.38310800      0.66993000      0.69347200      0.26510800     -0.74212200      0.61740500      0.26076800      0.01632100     -0.37231600      0.92788900      0.00085600     -0.00505700      0.01151500     -0.03457300     -0.00129000      0.00801100      0.45851600     -0.00790900      0.04147700      0.00845600     -0.56795500     -0.77383500      0.28036700      0.82290100     -0.52720400      0.21187100     -0.01614200      0.35104800      0.93621800      0.00038400     -0.00296100      0.00554500     -0.03543100      0.01126800     -0.01805600      0.44255600      0.11823200      0.03346200     -0.04316000     -0.53701300      0.56070700     -0.63025600     -0.72893600     -0.68447300      0.01215100     -0.42458100      0.46594200      0.77629100     -0.00000100     -0.00001100     -0.00000700      0.00001900      0.00001600     -0.00002800      0.34697300
     0.16221600      0.01730100      0.39778800     -0.48603300      0.60797500     -0.62784100     -0.80141100     -0.59657000      0.04262200     -0.34804100      0.52311500      0.77797500     -0.00007300     -0.00095300     -0.00051000      0.00000000      0.00000000      0.00000000      0.39863000     -0.20260500      0.04542800      0.38352900      0.67379100      0.68959200      0.26544500     -0.73865200      0.62111700      0.26180300      0.01482500     -0.37334400      0.92750100      0.00062800      0.00744100      0.00369700      0.00173700     -0.01381300      0.02523100      0.45041600     -0.00795400      0.04141000      0.00866900     -0.57222600     -0.77046600      0.28096000      0.81996100     -0.53131400      0.21299600     -0.01482900      0.35225800      0.93578400      0.00031300      0.00378100      0.00188100      0.00158000     -0.01399700      0.02459200      0.43128900      0.11822700      0.03342200     -0.04313100     -0.53707200      0.56068900     -0.63022200     -0.72900600     -0.68439400      0.01237100     -0.42438400      0.46608000      0.77631600     -0.00001000     -0.00569400      0.00437500     -0.03570500      0.01129100     -0.01919400      0.34713700
     0.16219700      0.01724800      0.39783900     -0.48604700      0.60797900     -0.62782500     -0.80147100     -0.59647900      0.04277100     -0.34788400      0.52321300      0.77797900     -0.00000000     -0.00000000     -0.00000000      0.00000000      0.00000000      0.00000000      0.40113500     -0.20267700      0.04553500      0.38396900      0.67791000      0.68553500      0.26546500     -0.73490400      0.62517200      0.26269600      0.01328000     -0.37404300      0.92724200     -0.01039800      0.00107800      0.01537800     -0.03661000      0.01394000     -0.02122100      0.44855300     -0.00799000      0.04146100      0.00888800     -0.57679000     -0.76694300      0.28126400      0.81678200     -0.53580200      0.21396800     -0.01339900      0.35314700      0.93547100     -0.00519100      0.00071400      0.00777600     -0.03670800      0.01372800     -0.02179100      0.42622700      0.11821800      0.03339400     -0.04310800     -0.53708800      0.56069200     -0.63020600     -0.72907900     -0.68431400      0.01252000     -0.42424000      0.46619500      0.77632600     -0.00000300      0.00000700      0.00000500     -0.00001300     -0.00002500     -0.00002800      0.35089200
     0.16219700      0.01724100      0.39784600     -0.48593200      0.60802400     -0.62787200     -0.80153700     -0.59639400      0.04271200     -0.34789200      0.52325900      0.77794500     -0.00000000     -0.00000000     -0.00000000      0.00000000      0.00000000      0.00000000      0.40139600     -0.20273100      0.04570100      0.38418300      0.67782300      0.68557700      0.26557900     -0.73498100      0.62496900      0.26296500      0.01345900     -0.37430700      0.92713300      0.00147600      0.00225500      0.01511400     -0.03456500     -0.00125600      0.00802800      0.44890900     -0.00801800      0.04154400      0.00898900     -0.57668100     -0.76698500      0.28137400      0.81685500     -0.53559200      0.21421200     -0.01359600      0.35337400      0.93538200     -0.00528100      0.00717200      0.00395900     -0.00044100      0.00129700     -0.00446300      0.42541100      0.11821800      0.03339000     -0.04310400     -0.53697700      0.56074900     -0.63024900     -0.72915300     -0.68423600      0.01246100     -0.42425200      0.46624000      0.77629100     -0.00000200      0.00000500      0.00000400     -0.00001400     -0.00002100     -0.00002700      0.35187200
     0.16220600      0.01723300      0.39784100     -0.48592900      0.60802400     -0.62787400     -0.80153900     -0.59639200      0.04271000     -0.34789300      0.52326000      0.77794400     -0.00000000     -0.00000200     -0.00000100      0.00000000      0.00000000      0.00000000      0.40284500     -0.20288000      0.04613900      0.38460200      0.67648300      0.68735200      0.26440400     -0.73620800      0.62417800      0.26140700      0.01380000     -0.37236400      0.92791100      0.00128900      0.01514000      0.00742800     -0.00833700      0.06725200     -0.12392200      0.45105700     -0.00809200      0.04175900      0.00920200     -0.57523100     -0.76857900      0.27998800      0.81787500     -0.53467100      0.21261600     -0.01371000      0.35129900      0.93616200     -0.00506600      0.00200600      0.00839100     -0.04162100      0.01854200     -0.02089200      0.42557400      0.11822200      0.03338600     -0.04310600     -0.53697400      0.56075000     -0.63025100     -0.72915500     -0.68423500      0.01245900     -0.42425300      0.46624100      0.77629000     -0.00000200      0.00000800      0.00000500     -0.00000400     -0.00002200     -0.00002000      0.35350500
     0.16220500      0.01723300      0.39783000     -0.48580300      0.60807000     -0.62792700     -0.80159100     -0.59632900      0.04260400     -0.34794800      0.52327900      0.77790700     -0.00000100     -0.00000900     -0.00000500      0.00000000      0.00000000      0.00000000      0.40332300     -0.20299600      0.04646400      0.38502400      0.67627900      0.68745300      0.26466200     -0.73638800      0.62374200      0.26193800      0.01414500     -0.37290700      0.92768700      0.00094800      0.01109100      0.00541300      0.00174100     -0.01375400      0.02526300      0.45384500     -0.00815000      0.04193200      0.00941300     -0.57491400     -0.76868200      0.28035700      0.81809100     -0.53413000      0.21314400     -0.01409200      0.35189800      0.93593200     -0.00537900      0.00577800      0.00323900     -0.00039800      0.00156000     -0.00396300      0.42835000      0.11822200      0.03338600     -0.04311200     -0.53685300      0.56081000     -0.63030000     -0.72921100     -0.68417600      0.01235300     -0.42430900      0.46625400      0.77625200     -0.00000100      0.00000600      0.00000300      0.00000500     -0.00000300     -0.00000500      0.35432200
     0.16220500      0.01722500      0.39782600     -0.48582200      0.60806300     -0.62791900     -0.80158200     -0.59634100      0.04261700     -0.34794300      0.52327400      0.77791200     -0.00000800     -0.00009800     -0.00005200      0.00000000      0.00000000      0.00000000      0.40320400     -0.20303700      0.04651100      0.38524000      0.67613900      0.68752000      0.26484600     -0.73651200      0.62342800      0.26233900      0.01440700     -0.37331000      0.92752100      0.00118700     -0.00117300      0.01337100     -0.03456100     -0.00121100      0.00805200      0.45284000     -0.00817000      0.04196100      0.00952400     -0.57477500     -0.76872700      0.28052000      0.81818400     -0.53382500      0.21355100     -0.01441300      0.35226100      0.93579000      0.00056400     -0.00085700      0.00655700     -0.03457500     -0.00118200      0.00805700      0.42900300      0.11822200      0.03338200     -0.04311400     -0.53687200      0.56080100     -0.63029300     -0.72920100     -0.68418700      0.01236600     -0.42430400      0.46625000      0.77625700     -0.00000600     -0.00004700     -0.00002500     -0.00000400     -0.00003000     -0.00001000      0.35432200
     0.16220500      0.01722500      0.39782600     -0.48569200      0.60811100     -0.62797300     -0.80164600     -0.59626100      0.04252800     -0.34797700      0.52330900      0.77787300     -0.00000000     -0.00000000     -0.00000000      0.00000000      0.00000000      0.00000000      0.40412500     -0.20312400      0.04642900      0.38577400      0.67502600      0.68757400      0.26753300     -0.73756900      0.62248100      0.26161800      0.01250500     -0.37479300      0.92695100      0.00116100     -0.00149200      0.01320900     -0.03455900     -0.00119200      0.00806100      0.44702600     -0.00821500      0.04192000      0.00978000     -0.57352400     -0.76868700      0.28317700      0.81909000     -0.53276600      0.21272200     -0.01264900      0.35394900      0.93517800      0.00054400     -0.00108000      0.00644400     -0.03782600     -0.00493900      0.00991200      0.42541100      0.11822200      0.03338200     -0.04311400     -0.53674600      0.56086500     -0.63034300     -0.72927100     -0.68411300      0.01227700     -0.42434100      0.46628100      0.77621900     -0.00000400      0.00000900      0.00000400     -0.00003100     -0.00003500     -0.00003400      0.35513800
     0.16220500      0.01722500      0.39782600     -0.48569200      0.60811100     -0.62797300     -0.80164600     -0.59626100      0.04252800     -0.34797700      0.52330900      0.77787300     -0.00000000     -0.00000000     -0.00000000      0.00000000      0.00000000      0.00000000      0.40382900     -0.20311700      0.04624800      0.38642000      0.67751700      0.68331400      0.27211100     -0.73537000      0.62599100      0.25942600      0.00608500     -0.37673200      0.92622900      0.00167200     -0.01056100      0.02274300     -0.02578300      0.06396100     -0.03682200      0.44198300     -0.00821100      0.04182500      0.01010100     -0.57635600     -0.76483800      0.28781000      0.81717000     -0.53650400      0.21070100     -0.00674100      0.35662900      0.93422100      0.00083800     -0.00513700      0.01144300      0.48226600      0.65612600     -0.34635200      0.41822600      0.11822200      0.03338200     -0.04311400     -0.53674600      0.56086500     -0.63034300     -0.72927100     -0.68411300      0.01227700     -0.42434100      0.46628100      0.77621900     -0.00000600      0.00000600      0.00000400     -0.00002400     -0.00004700     -0.00003000      0.35530100
     0.16218700      0.01721800      0.39784500     -0.48561400      0.60814300     -0.62800200     -0.80170300     -0.59618500      0.04251500     -0.34795300      0.52335800      0.77785100      0.00002000      0.00025900      0.00013900      0.00636300     -0.08262600      0.18080500      0.40382200     -0.20303300      0.04612700      0.38720600      0.68018100      0.67834000      0.27785100     -0.73293800      0.63030500      0.25583400     -0.00243600     -0.37851900      0.92551700      0.00156200      0.00321700      0.01545700     -0.03455800     -0.00117100      0.00807300      0.44100700     -0.00816900      0.04175800      0.01050200     -0.57924500     -0.76031100      0.29394000      0.81515100     -0.54098700      0.20702900      0.00161200      0.35952600      0.93313200      0.00099800     -0.00325100      0.01234800     -0.07406700      0.00743200     -0.00754000      0.41430700      0.11821300      0.03337800     -0.04310400     -0.53667300      0.56090600     -0.63036900     -0.72933600     -0.68404400      0.01226300     -0.42432200      0.46633300      0.77619800      0.00000500      0.00014300      0.00007800      0.00635600     -0.08263900      0.18078800      0.35546500
     0.16216900      0.01721900      0.39785700     -0.48565300      0.60813100     -0.62798300     -0.80169400     -0.59619400      0.04256100     -0.34792000      0.52336100      0.77786400      0.00005300      0.00069100      0.00037000      0.00000000      0.00000000      0.00000000      0.40377700     -0.20300600      0.04606000      0.38762300      0.67971100      0.67800900      0.27980000     -0.73336700      0.63013400      0.25502600     -0.00424900     -0.37939700      0.92515000      0.00195800     -0.00720500      0.02435100     -0.07086800      0.01125000     -0.00920700      0.44073200     -0.00815500      0.04173000      0.01070800     -0.57872900     -0.75995700      0.29586600      0.81551300     -0.54076600      0.20617800      0.00330800      0.36060400      0.93271200      0.00100500     -0.00314700      0.01239500     -0.07460500      0.00694200     -0.00722300      0.41316400      0.11820400      0.03337800     -0.04309900     -0.53671000      0.56088900     -0.63035200     -0.72932700     -0.68405300      0.01231000     -0.42429000      0.46634000      0.77621100      0.00003100      0.00045600      0.00024600      0.00000900     -0.00000300     -0.00000200      0.35546500
     0.16212200      0.01719100      0.39788900     -0.48582000      0.60807700     -0.62790700     -0.80165100     -0.59623900      0.04275300     -0.34778800      0.52337300      0.77791500      0.00000000      0.00000000      0.00000000      0.00000000      0.00000000      0.00000000      0.40479000     -0.20296900      0.04595100      0.38847000      0.67903900      0.67937100      0.27812200     -0.73399500      0.62929500      0.25528800     -0.00243300     -0.37835000      0.92558500      0.00204700     -0.00615600      0.02484000     -0.06609100     -0.00607200      0.01394600      0.43786600     -0.00813700      0.04167500      0.01113100     -0.57794300     -0.76129000      0.29396900      0.81607500     -0.53986600      0.20631200      0.00164100      0.35913800      0.93328200      0.00077900      0.00174900      0.00777800     -0.04752500      0.00983700      0.00744600      0.41087800      0.11818000      0.03336500     -0.04308200     -0.53687100      0.56081600     -0.63028000     -0.72928400     -0.68409600      0.01250200     -0.42416100      0.46636600      0.77626600     -0.00000100     -0.00000700     -0.00000300     -0.00000300      0.00000500     -0.00001500      0.35611800
     0.16210300      0.01713900      0.39792800     -0.48570800      0.60812700     -0.62794500     -0.80176300     -0.59608500      0.04279700     -0.34768500      0.52349000      0.77788200     -0.00002000     -0.00025900     -0.00013900      0.00636800     -0.08257400      0.18082800      0.40614900     -0.20295300      0.04583700      0.38936700      0.67632100      0.68397900      0.27341300     -0.73650200      0.62776600      0.25181100     -0.00024900     -0.37253900      0.92794300      0.00207400     -0.00583700      0.02497700      0.18340800     -0.30678300     -0.19555900      0.43799000     -0.00812800      0.04161800      0.01159000     -0.57547900     -0.76474900      0.28979400      0.81781600     -0.53823200      0.20367100      0.00021900      0.35420700      0.93516600      0.00102700     -0.00285400      0.01252000      0.28504300     -0.40604900     -0.21317000      0.40924500      0.11817100      0.03333900     -0.04306300     -0.53689100      0.56081500     -0.63026500     -0.72934300     -0.68403000      0.01263400     -0.42403500      0.46646300      0.77627600     -0.00001200     -0.00016800     -0.00009000      0.00000300     -0.00000400     -0.00000700      0.35726100
     0.16209300      0.01710100      0.39795300     -0.48580700      0.60809600     -0.62789800     -0.80175200     -0.59608800      0.04294300     -0.34757200      0.52352200      0.77791100     -0.00006300     -0.00081200     -0.00043500      0.00000000      0.00000000      0.00000000      0.40665700     -0.20293200      0.04574900      0.38982600      0.67544000      0.68547300      0.27184500     -0.73730900      0.62710500      0.25109500      0.00080100     -0.37090100      0.92859900      0.00162600      0.00401200      0.01575800      0.21216900     -0.30987000     -0.17232500      0.43789600     -0.00811800      0.04157400      0.01181400     -0.57459100     -0.76591700      0.28847200      0.81844000     -0.53743900      0.20326000     -0.00064400      0.35288800      0.93566400      0.00101300     -0.00300600      0.01244000      0.36527800     -0.50546600     -0.21889200      0.40891800      0.11816600      0.03332200     -0.04305000     -0.53686100      0.56083600     -0.63027100     -0.72940600     -0.68396200      0.01269200     -0.42396400      0.46653800      0.77627000     -0.00000300     -0.00559100      0.00443300     -0.03570900      0.01130100     -0.01918100      0.35807700
     0.16210400      0.01708600      0.39797700     -0.48581000      0.60809800     -0.62789400     -0.80177900     -0.59604800      0.04300600     -0.34750600      0.52356600      0.77791100      0.00001400      0.00018700      0.00010000      0.00000000      0.00000000      0.00000000      0.40783600     -0.20298300      0.04542700      0.39077400      0.67665100      0.68453000      0.27120600     -0.73619800      0.62970300      0.24783100     -0.00197600     -0.36822300      0.92966200      0.00219900     -0.01948200      0.03241300      0.10083000     -0.23760200     -0.17821800      0.43744500     -0.00814300      0.04142300      0.01228300     -0.57580900     -0.76529500      0.28769100      0.81758000     -0.54007800      0.19969500      0.00255000      0.35019600      0.93667200     -0.00491800     -0.00410400      0.01234400      0.28380400     -0.39240400     -0.23428500      0.40859200      0.11817100      0.03331200     -0.04303800     -0.53686400      0.56083700     -0.63026700     -0.72943900     -0.68392600      0.01275400     -0.42390400      0.46658900      0.77627200      0.00000800      0.00012300      0.00006500     -0.00000400     -0.00000700     -0.00000400      0.35922000
     0.16210400      0.01707800      0.39798500     -0.48569400      0.60814300     -0.62794100     -0.80184500     -0.59596300      0.04294700     -0.34751500      0.52361100      0.77787700      0.00000000      0.00000000      0.00000000      0.00000000      0.00000000      0.00000000      0.40813400     -0.20305000      0.04505100      0.39164700      0.67759800      0.68161900      0.27613200     -0.73526700      0.63286400      0.24248500     -0.01031600     -0.36820100      0.92961500      0.00159200     -0.01152500      0.02231000     -0.06369200      0.01198500     -0.01394100      0.43679700     -0.00817600      0.04122900      0.01273200     -0.57622000     -0.76338200      0.29192100      0.81722100     -0.54292000      0.19335400      0.01088700      0.34997900      0.93669300      0.00076900     -0.00591000      0.01108900     -0.08787900      0.02194100     -0.00694100      0.40826500      0.11817100      0.03330900     -0.04303400     -0.53675300      0.56089500     -0.63031000     -0.72951300     -0.68384700      0.01269400     -0.42391600      0.46663400      0.77623800     -0.00000200     -0.00000100     -0.00000100     -0.00000400     -0.00000000     -0.00001100      0.36036300
     0.16210300      0.01707800      0.39797300     -0.48569800      0.60814000     -0.62794000     -0.80183400     -0.59598000      0.04293000     -0.34753500      0.52359500      0.77787800     -0.00000000     -0.00000100     -0.00000000      0.00000000      0.00000000      0.00000000      0.40812700     -0.20316800      0.04468800      0.39245600      0.67593200      0.68400700      0.27430100     -0.73679400      0.63232900      0.23922500     -0.01065900     -0.36466900      0.93100300      0.00149200     -0.01270600      0.02177400     -0.07036700      0.02146400     -0.03646800      0.43509300     -0.00823200      0.04105500      0.01311900     -0.57442200     -0.76553200      0.28982600      0.81847500     -0.54221700      0.18999700      0.01170000      0.34635400      0.93803000      0.00059400     -0.00043200      0.00672400     -0.05181400      0.01421600      0.01001200      0.40679600      0.11817100      0.03330800     -0.04304000     -0.53675700      0.56089200     -0.63031000     -0.72949900     -0.68386300      0.01267800     -0.42393500      0.46661600      0.77623900      0.00000000      0.00000500      0.00000300     -0.00000300     -0.00001200     -0.00000500      0.36036300
     0.16210300      0.01707000      0.39798000     -0.48571300      0.60813600     -0.62793300     -0.80183600     -0.59597400      0.04296000     -0.34751000      0.52360600      0.77788200     -0.00000000     -0.00000000     -0.00000000      0.00000000      0.00000000      0.00000000      0.40791000     -0.20324600      0.04459000      0.39280200      0.67523800      0.68540000      0.27253000     -0.73744200      0.63192900      0.23828300     -0.00974200     -0.36274000      0.93176600      0.00166600     -0.01068000      0.02272100     -0.06402500      0.00253000     -0.01419800      0.43418400     -0.00827400      0.04099300      0.01330700     -0.57360900     -0.76682600      0.28800900      0.81905500     -0.54165400      0.18910000      0.01099500      0.34436500      0.93877000      0.00082300     -0.00530900      0.01137600     -0.08659300      0.02489700     -0.01006600      0.40548900      0.11817100      0.03330500     -0.04303700     -0.53677100      0.56088600     -0.63030300     -0.72950300     -0.68385800      0.01270700     -0.42391100      0.46662900      0.77624400     -0.00000200      0.00000400      0.00000400     -0.00001500     -0.00001400     -0.00001300      0.36036300
     0.16210400      0.01707800      0.39798500     -0.48556400      0.60819100     -0.62799500     -0.80191000     -0.59588300      0.04285800     -0.34754900      0.52364600      0.77783800      0.00000000      0.00000100      0.00000000      0.00000000      0.00000000      0.00000000      0.40833000     -0.20344400      0.04454100      0.39345200      0.67839400      0.68187300      0.27353500     -0.73452100      0.63483400      0.23957900     -0.01113200     -0.36431000      0.93113800      0.00133600      0.00045600      0.01404200     -0.03454100     -0.00100700      0.00815800      0.42969600     -0.00837400      0.04096900      0.01362700     -0.57716900     -0.76361200      0.28943300      0.81653400     -0.54490900      0.19064700      0.01213500      0.34636800      0.93801900     -0.00514900      0.00053000      0.00758300     -0.03662200      0.01453400     -0.01999800      0.40206000      0.11817100      0.03330900     -0.04303400     -0.53662800      0.56095900     -0.63036000     -0.72958400     -0.68377400      0.01260500     -0.42395300      0.46666500      0.77619900     -0.00000100     -0.00000400     -0.00000200      0.00001100      0.00000200      0.00000300      0.36052700
     0.16210300      0.01707000      0.39798000     -0.48558300      0.60818400     -0.62798700     -0.80190000     -0.59589400      0.04287100     -0.34754400      0.52364100      0.77784400     -0.00001000     -0.00013500     -0.00007200      0.00000000      0.00000000      0.00000000      0.40820100     -0.20365300      0.04465100      0.39398900      0.68162200      0.67829200      0.27441500     -0.73150200      0.63798100      0.24045700     -0.01282100     -0.36549500      0.93065100      0.00135600      0.00064900      0.01411400     -0.03085500      0.00225300      0.02067100      0.42743300     -0.00847500      0.04102000      0.01389300     -0.58076300     -0.76045700      0.29054800      0.81395800     -0.54841700      0.19159900      0.01363900      0.34776800      0.93748100     -0.00512500      0.00070300      0.00765700      0.00525100      0.05047600      0.11975200      0.39765100      0.11817100      0.03330500     -0.04303600     -0.53664600      0.56095000     -0.63035300     -0.72957400     -0.68378400      0.01261800     -0.42394800      0.46666100      0.77620500     -0.00000800     -0.00009900     -0.00005400     -0.00001000     -0.00000800     -0.00001300      0.36036300
     0.16210300      0.01707000      0.39798000     -0.48558300      0.60818400     -0.62798700     -0.80190000     -0.59589400      0.04287100     -0.34754400      0.52364100      0.77784400     -0.00000000     -0.00000200     -0.00000100      0.00000000      0.00000000      0.00000000      0.40778000     -0.20378500      0.04473900      0.39422700      0.68049900      0.67997600      0.27302800     -0.73255300      0.63734800      0.23893200     -0.01239400     -0.36346100      0.93145300     -0.01010400      0.00275300      0.01591400     -0.02178500     -0.01531600     -0.00482400      0.42753800     -0.00854500      0.04106600      0.01401800     -0.57954100     -0.76202700      0.28887000      0.81482900     -0.54773200      0.18984600      0.01355600      0.34540300      0.93835500     -0.00506200      0.00137100      0.00795900     -0.04453100      0.00688200     -0.00185800      0.39634500      0.11817100      0.03330500     -0.04303700     -0.53664600      0.56095000     -0.63035300     -0.72957400     -0.68378400      0.01261800     -0.42394800      0.46666100      0.77620500      0.00000100      0.00000500      0.00000200     -0.00000400      0.00000400     -0.00000600      0.36036300
     0.16210300      0.01707000      0.39798000     -0.48558300      0.60818400     -0.62798700     -0.80190000     -0.59589400      0.04287100     -0.34754400      0.52364100      0.77784400     -0.00000000     -0.00000000     -0.00000000      0.00000000      0.00000000      0.00000000      0.40780600     -0.20417300      0.04492900      0.39469800      0.68386200      0.67630400      0.27374600     -0.72938300      0.64072900      0.23958200     -0.01422000     -0.36436300      0.93107500     -0.01026600      0.00070300      0.01495500     -0.03657600      0.01428400     -0.02104400      0.42185100     -0.00873400      0.04116500      0.01425000     -0.58331500     -0.75870800      0.29000600      0.81210200     -0.55145300      0.19075300      0.01519900      0.34678500      0.93782000     -0.00533200      0.00556300      0.00297200     -0.00075900      0.00273500     -0.00314000      0.39307900      0.11817100      0.03330500     -0.04303700     -0.53664600      0.56095000     -0.63035300     -0.72957400     -0.68378400      0.01261800     -0.42394800      0.46666100      0.77620500     -0.00000100      0.00000300      0.00000200     -0.00000500     -0.00001600     -0.00000800      0.36036300
