     0.15004600      0.03165700      0.38496500     -0.80092600      0.03322400     -0.59787900     -0.13582400     -0.98251000      0.12726500     -0.58220100      0.18308900      0.79217900      0.01197900      0.00622600     -0.01164000      0.02048600     -0.05823800      0.03259800     -0.60496300     -0.19402300      0.04953300      0.39065100      0.70324600     -0.59433400      0.39013200      0.48344400      0.80202700      0.35066800     -0.52219300     -0.05725900      0.85082200      0.00961300      0.00544000     -0.02569000     -0.14046900      0.19099300      0.16856300     -0.81586000     -0.00679600      0.04077400      0.01234300     -0.67629500      0.51762400      0.52410700     -0.37985400     -0.85465900      0.35393100      0.63113700      0.04027700      0.77462400     -0.00093900      0.00277500     -0.01240900     -0.32780400      0.37199400      0.22591400     -0.75371100      0.11287100      0.03760600     -0.04873300     -0.74476300      0.22515600     -0.62819700     -0.34831200     -0.93411500      0.07814300     -0.56921500      0.27700700      0.77411900     -0.00017800      0.00299300     -0.00570000      0.03236500     -0.01919400     -0.01473400     -0.64991600
     0.15009500      0.03194900      0.38455100     -0.80212800      0.02895300     -0.59648800     -0.13418600     -0.98201800      0.13269100     -0.58092500      0.18643300      0.79233600      0.00003700      0.01879300     -0.01910600      0.04034800     -0.08452100      0.00726000     -0.60934900     -0.19401600      0.04991400      0.38956800      0.69768700     -0.59559400      0.39811000      0.48412400      0.80149700      0.35094400     -0.52897900     -0.05137300      0.84699800     -0.00193200      0.00512600     -0.02501700     -0.18769400      0.26279900      0.14082400     -0.94220700     -0.00678800      0.04096800      0.01179200     -0.66972700      0.51878800      0.53134000     -0.38060300     -0.85418400      0.35427400      0.63765500      0.03503700      0.76952300     -0.00118100      0.00830000     -0.01671700     -0.31316800      0.45608100      0.07742200     -0.76040500      0.11290000      0.03775100     -0.04894100     -0.74691300      0.22125600     -0.62702900     -0.34690000     -0.93416900      0.08359100     -0.56725600      0.27995200      0.77449700     -0.00007200      0.00393000     -0.00519300      0.01423000     -0.06500400     -0.00609100     -0.65497700
     0.15010200      0.03213200      0.38433100     -0.80187700      0.03372000     -0.59657600     -0.13958600     -0.98134900      0.13206600     -0.58000100      0.18912600      0.79237400      0.00008300      0.01919500     -0.01888000      0.07068700     -0.02750600      0.03593800     -0.61236300     -0.19398100      0.05011400      0.38897600      0.69607100     -0.59695100      0.39890600      0.48515400      0.80054000      0.35170400     -0.53016400     -0.05053600      0.84630700      0.00959300      0.00487400     -0.02595400      0.02344700      0.02496800      0.06944800     -0.97472400     -0.00677400      0.04106200      0.01150900     -0.66723900      0.52074900      0.53255100     -0.38128800     -0.85300200      0.35637900      0.63985200      0.03473400      0.76771200     -0.00096200      0.00228800     -0.01263700      0.04124100      0.02810100      0.03911900     -0.76285500      0.11290400      0.03783900     -0.04904700     -0.74569800      0.22593400     -0.62680700     -0.35197900     -0.93234900      0.08267400     -0.56572400      0.28227300      0.77477500     -0.00007100      0.00392800     -0.00519100      0.04173600     -0.00451200      0.02204600     -0.65759000
     0.15009900      0.03247800      0.38379400     -0.80264300      0.03749200     -0.59531800     -0.14438900     -0.98055100      0.13283200     -0.57776400      0.19252100      0.79319100     -0.00039500      0.01499400     -0.02113700      0.07026000     -0.01349400      0.01074200     -0.61996400     -0.19381000      0.05044900      0.38775700      0.69320900     -0.59751600      0.40302300      0.48194000      0.79997300      0.35736500     -0.53680900     -0.05275200      0.84197200      0.00892100      0.01246200     -0.03615000     -0.01193900      0.09687000      0.10469600     -1.04550800     -0.00668900      0.04123500      0.01089200     -0.66395400      0.52119100      0.53621300     -0.37736900     -0.85260900      0.36145400      0.64556700      0.03763900      0.76277400     -0.00128800      0.00630800     -0.01763000     -0.01038700      0.10146500      0.10698000     -0.76350800      0.11290300      0.03802400     -0.04931500     -0.74573600      0.22982400     -0.62534600     -0.35654800     -0.93056500      0.08319400     -0.56280500      0.28500700      0.77589900     -0.00024400      0.00239700     -0.00601600      0.03838400     -0.01598500      0.02052300     -0.66281500
     0.15005000      0.03282600      0.38298400     -0.80075500      0.04260400     -0.59751300     -0.15405100     -0.97856200      0.13658900     -0.57789200      0.20136200      0.79090000     -0.00119600      0.00797700     -0.02493600      0.05307200     -0.03090800     -0.03045200     -0.63283200     -0.19333100      0.05091400      0.38622400      0.68799200     -0.59556200      0.41468400      0.47351500      0.80131900      0.36552100     -0.55084800     -0.05437500      0.83275100      0.01975400      0.01907500     -0.04758600     -0.48184100      0.57760200      0.46317200     -1.10797100     -0.00645400      0.04146800      0.01013100     -0.65885700      0.51759900      0.54589100     -0.36818300     -0.85467900      0.36600900      0.65600800      0.04015900      0.75368300      0.00436000      0.00380500     -0.01921300     -0.18286600      0.26588400      0.21269400     -0.76350800      0.11287900      0.03820700     -0.04971400     -0.74250700      0.23429500     -0.62752500     -0.36580300     -0.92662900      0.08685900     -0.56113300      0.29404400      0.77373500     -0.00054500      0.00433000     -0.01227900      0.07475800     -0.01421800      0.00699300     -0.66902000
     0.15001500      0.03302800      0.38240300     -0.79954500      0.03794300     -0.59944500     -0.15228700     -0.97819600      0.14111600     -0.58002800      0.20406300      0.78864000     -0.00135600      0.01579400     -0.03532000     -0.09364800     -0.40167600     -0.16287000     -0.64281600     -0.19303400      0.05115800      0.38529300      0.67825500     -0.59863800      0.42613900      0.47364300      0.79943800      0.36945200     -0.56268900     -0.04800000      0.82519100      0.01951400      0.01422200     -0.04986500     -0.45624800      0.84165100      0.34920700     -1.11639500     -0.00631200      0.04159100      0.00968800     -0.64819800      0.52089500      0.55543300     -0.36784600     -0.85286600      0.37055100      0.66672900      0.03587700      0.74443500      0.00401000      0.00747100     -0.02438200      0.80862800      2.36541500     -0.97312000     -0.77118200      0.11286200      0.03830500     -0.05000100     -0.74284400      0.23073600     -0.62844300     -0.36434900     -0.92686600      0.09037100     -0.56163200      0.29610500      0.77258700     -0.00076100      0.00700600     -0.01814400     -0.23023200     -0.61980700     -0.28869100     -0.67473600
     0.14983100      0.03353600      0.38070600     -0.79583300      0.03824300     -0.60434500     -0.15893000     -0.97620600      0.14742500     -0.58334100      0.21332000      0.78373100     -0.01472300      0.01598900     -0.04952100      0.05378000     -0.15771700     -0.11582700     -0.69205700     -0.19223000      0.05164600      0.38318800      0.67203400     -0.59154100      0.44546700      0.45746000      0.80458800      0.37855400     -0.58318800     -0.04988100      0.81072000      0.03018800      0.01654500     -0.06335800     -0.20314200      0.28539900      0.41768800     -1.17568300     -0.00590700      0.04184400      0.00862300     -0.63661300      0.51382100      0.57507500     -0.34952900     -0.85695800      0.37874900      0.68742500      0.04011100      0.72514600      0.01511800      0.00826200     -0.03168900     -0.23960200      0.42877800      0.29789200     -0.78457200      0.11277600      0.03856000     -0.05082200     -0.73830200      0.22930200     -0.63429500     -0.37076000     -0.92357800      0.09767400     -0.56342400      0.30728400      0.76689500     -0.00132300      0.00665300     -0.02567200      0.02953500     -0.12258800     -0.28664000     -0.69955600
     0.14944700      0.03421700      0.37822700     -0.78781900      0.03037300     -0.61519400     -0.16246900     -0.97365600      0.15990200     -0.59315400      0.22588000      0.77277000     -0.01618400      0.02197900     -0.07565500     -1.21986700     -0.50110500      0.85945000     -0.72272600     -0.19075100      0.05230100      0.38035500      0.66095500     -0.58445000      0.47068800      0.43882500      0.80973700      0.38947700     -0.60958900     -0.05015000      0.79104300      0.05191000      0.02748500     -0.08733400     -0.10516200      0.96397700      0.41160900     -1.23158600     -0.00517600      0.04217100      0.00721800     -0.62290900      0.50550900      0.59702900     -0.32952700     -0.86171900      0.38581200      0.70950300      0.04358900      0.70335100      0.02044700      0.00812800     -0.03911400      0.48119500      2.54850400     -0.85277400     -0.80596300      0.11258400      0.03891200     -0.05206600     -0.73277600      0.22064200     -0.64370300     -0.37284700     -0.92151800      0.10857200     -0.56922900      0.31956200      0.75753300     -0.00822900      0.00996800     -0.03840200     -3.34392300      0.66851300      3.89505500     -0.72943800
     0.14871200      0.03499600      0.37478900     -0.77486000      0.01374200     -0.63201900     -0.16196500     -0.97070800      0.17738000     -0.61010800      0.23978700      0.75518100     -0.01809900      0.01550700     -0.09429500     -0.22102800     -0.73620900     -0.67893400     -0.72513200     -0.18856200      0.05285000      0.37683000      0.64619500     -0.56925400      0.50830400      0.41107300      0.82069900      0.39674500     -0.64381800     -0.04671600      0.76366200      0.06316700      0.01132100     -0.09632500     -0.40684300      1.36084700      0.15703900     -1.28693000     -0.00410900      0.04245700      0.00550100     -0.60373500      0.48943900      0.62924700     -0.30101500     -0.87086500      0.38856300      0.73816800      0.04517700      0.67310100      0.03189000     -0.00002500     -0.04407300     -0.58268400      0.56312700      0.42830200     -0.80710700      0.11221800      0.03930900     -0.05377500     -0.72204900      0.20319000     -0.66133000     -0.37439900     -0.91859200      0.12654100     -0.58178100      0.33897000      0.73934300     -0.01513100      0.01261100     -0.05157700     -0.21780800     -0.91589500     -0.57003700     -0.74658400
     0.14814900      0.03533600      0.37268700     -0.76657500      0.00477600     -0.64217200     -0.16550600     -0.96766100      0.19029000     -0.61954600      0.25214300      0.74337900     -0.03146200      0.01724600     -0.10803100     -0.30819600     -0.91019500     -0.85776600     -0.66722900     -0.18729800      0.05296900      0.37495800      0.63956100     -0.55759600      0.52918700      0.39329300      0.82871600      0.39809900     -0.66132100     -0.04579100      0.74861300      0.07483000      0.00444300     -0.10084300      0.25898500      2.79665100     -1.21859100     -1.33604400     -0.00345900      0.04252300      0.00453000     -0.59285300      0.47782900      0.64823100     -0.28279300     -0.87721000      0.38798100      0.75402400      0.04670100      0.65518300      0.03158800      0.00137900     -0.05045600     -0.65651800      0.87717400      0.46854000     -0.81494400      0.11195400      0.03947600     -0.05477800     -0.71576900      0.19450200     -0.67070300     -0.37828400     -0.91530400      0.13826700     -0.58700400      0.35268300      0.72872400     -0.01565600      0.00853100     -0.05402900     -0.27750500     -0.85995900     -0.79102000     -0.73743900
     0.14674500      0.03570500      0.36828700     -0.74754700     -0.00396900     -0.66423100     -0.18349700     -0.95983600      0.21216900     -0.63746800      0.28049000      0.71762600     -0.04608700      0.00230500     -0.11734200     -0.36389700     -1.03686300     -0.93974700     -0.57584900     -0.18396700      0.05302400      0.37067600      0.62630000     -0.53259200      0.56928500      0.35090600      0.84459200      0.40430500     -0.69692100     -0.05279000      0.71510700      0.09812100      0.00455900     -0.11720000     -0.58026100      1.17692700      0.07764900     -1.39895700     -0.00180200      0.04254600      0.00239400     -0.57192700      0.45002900      0.68583700     -0.23909700     -0.89122800      0.38541500      0.78468600      0.05644800      0.61731700      0.04353400     -0.00420500     -0.05458500     -0.11278800      1.36866800     -0.63633500     -0.82539500      0.11124500      0.03967200     -0.05701600     -0.69768500      0.18189900     -0.69292600     -0.39499700     -0.90459700      0.16024600     -0.59767100      0.38550500      0.70297400     -0.02291800      0.00577600     -0.06334800     -0.04277400     -0.71973400     -0.77873300     -0.67865500
     0.14478700      0.03575000      0.36317600     -0.71973800      0.00093700     -0.69427800     -0.21821300     -0.94962900      0.22485700     -0.65820400      0.31333200      0.68455600     -0.06057100      0.00968400     -0.14418400     -4.07119400      0.15104800      2.92024500     -0.45008800     -0.18010500      0.05293400      0.36598900      0.61407800     -0.50768300      0.60428300      0.30364900      0.85859900      0.41296400     -0.72925100     -0.06947200      0.68060900      0.09916100     -0.00347100     -0.12265800     -1.57353800      0.49267600     -1.27051100     -1.39951500      0.00012800      0.04250000      0.00005000     -0.55224800      0.42550300      0.71691600     -0.19185800     -0.90172600      0.38740100      0.81130200      0.07639600      0.57961300      0.04972400     -0.00257600     -0.06195400     -3.99315600     -1.11851000     -3.67008400     -0.81657800      0.11027100      0.03969000     -0.05956200     -0.66875100      0.17736600     -0.72201900     -0.42213100     -0.88999800      0.17235700     -0.61202600      0.42005100      0.67005900     -0.02419300     -0.00187000     -0.06873200      0.24858400     -1.13449500     -0.18771300     -0.60125500
     0.14349400      0.03571800      0.36025500     -0.69896900      0.00558200     -0.71516200     -0.24116200     -0.94324300      0.22826500     -0.67243200      0.33200800      0.66153800     -0.06233600     -0.00868400     -0.14153200     -0.52322100     -1.64710500     -0.10984600     -0.37414500     -0.17799300      0.05286600      0.36341400      0.60294900     -0.49900200      0.62244700      0.28390600      0.86327400      0.41723900     -0.74629000     -0.07423800      0.66136400      0.09983600     -0.00642200     -0.12504400     -0.45550400      1.24440600     -0.17278300     -1.39978900      0.00114600      0.04246300     -0.00118700     -0.53993900      0.41588000      0.73178500     -0.17029000     -0.90540300      0.38890100      0.82429700      0.08536700      0.55968300      0.05580700     -0.00386900     -0.06331900      0.32686100      2.92732200     -2.11127100     -0.81167900      0.10964800      0.03968000     -0.06096700     -0.64824000      0.18196400     -0.73937400     -0.44669700     -0.87725500      0.17574100     -0.61664100      0.44419800      0.64995400     -0.03731800      0.00071800     -0.07498800     -4.21179500      0.10099500      2.93295000     -0.54998200
     0.14070400      0.03544600      0.35434700     -0.65398100      0.01166400     -0.75645100     -0.28421900     -0.93042600      0.23130100     -0.70031500      0.36624500      0.61274100     -0.07749800     -0.00930900     -0.15975200     -0.50756000     -1.83327700      0.31028100     -0.27206900     -0.17389400      0.05293000      0.35822400      0.58355600     -0.48367100      0.65231500      0.24199500      0.87026600      0.42896400     -0.77588400     -0.09186800      0.62404100      0.10040000      0.00465000     -0.13472000     -0.46820000      1.02801900     -0.29140200     -1.39947900      0.00323200      0.04248400     -0.00383300     -0.51386800      0.40030400      0.75874500     -0.12615500     -0.91010000      0.39471700      0.84854200      0.10711300      0.51817100      0.05618700      0.00230300     -0.06784000     -0.83992100      0.91248900     -0.20374800     -0.80188100      0.10823600      0.03954300     -0.06397100     -0.59925100      0.17945500     -0.78018800     -0.48712500     -0.85511100      0.17746500     -0.63530000      0.48639600      0.59984300     -0.03860800     -0.00472200     -0.07981800     -0.86680400     -3.02620400      2.22490800     -0.45968200
     0.13733400      0.03466100      0.34798300     -0.59125900      0.02626000     -0.80608200     -0.34332900     -0.91257700      0.22203600     -0.72905100      0.40799500      0.54959300     -0.09344000     -0.02715500     -0.15973400     -4.78598100     -0.23082000      2.83221800     -0.19988100     -0.16964100      0.05345600      0.35285100      0.55710700     -0.48103600      0.67692500      0.21462000      0.87076200      0.44231800     -0.80289500     -0.10054100      0.58746400      0.10156500      0.01110100     -0.13244600     -0.35407200      1.00283300      0.02740400     -1.39951400      0.00531500      0.04272500     -0.00647300     -0.48506600      0.39744100      0.77894200     -0.09733000     -0.90975400      0.40357500      0.86904300      0.11994600      0.47997400      0.05680500      0.00555600     -0.06669600     -0.54277300      1.20115700      0.17742800     -0.79926900      0.10658600      0.03916200     -0.06709700     -0.53329500      0.17914200     -0.82674200     -0.53603100     -0.82762800      0.16643600     -0.65442000      0.53191900      0.53739600     -0.04636100     -0.00835600     -0.08398100     -0.23929400     -1.36760100     -0.13216900     -0.38979400
     0.13361100      0.03332100      0.34194100     -0.55029700      0.02788500     -0.83453000     -0.38880700     -0.89303300      0.22648000     -0.73826900      0.44906300      0.50331700     -0.10947000     -0.04908000     -0.14772200     -0.24533000     -1.16827400      0.35664700     -0.20950800     -0.16540900      0.05422900      0.34780900      0.53539400     -0.47540700      0.69809200      0.18501300      0.87238800      0.45237500     -0.82472400     -0.11245300      0.55411900      0.10232400      0.02242500     -0.12684200     -1.49567700      0.15492500     -0.67122900     -1.39955700      0.00747400      0.04310500     -0.00905600     -0.45915700      0.39266600      0.79686100     -0.06805000     -0.90991800      0.40916600      0.88574400      0.13364500      0.44451600      0.05737400      0.01119500     -0.06409800     -4.24308400     -1.54401400     -2.76749200     -0.79600300      0.10469900      0.03847700     -0.07019100     -0.49000100      0.17386200     -0.85420700     -0.58119000     -0.79549400      0.17147800     -0.64970400      0.58048200      0.49084100     -0.05431300     -0.01896500     -0.07773800     -0.56222900     -1.21345200      0.48077800     -0.36546300
     0.13131500      0.03249100      0.33893900     -0.53208900      0.02982000     -0.84619000     -0.40827900     -0.88455200      0.22549400     -0.74111900      0.46542300      0.48389200     -0.12263400     -0.04150100     -0.14451800     -4.64559100      0.40746500      2.94729500     -0.21556100     -0.16329900      0.05462600      0.34542700      0.52583600     -0.46795500      0.71028600      0.17035300      0.87599000      0.45117100     -0.83397300     -0.11566200      0.53941900      0.10365500      0.01529500     -0.11711400     -0.24728500      1.39187300     -0.74463200     -1.39994800      0.00852800      0.04330700     -0.01025000     -0.44875200      0.38491900      0.80650900     -0.05232700     -0.91225200      0.40627000      0.89212200      0.14011200      0.42951600      0.05733400      0.01461100     -0.06209400     -0.18424500      2.36231800     -2.11607800     -0.79551300      0.10360000      0.03806300     -0.07164800     -0.47247700      0.16892000     -0.86500300     -0.59375100     -0.78632000      0.17076100     -0.65132400      0.59427800      0.47181500     -0.05480400     -0.02213000     -0.07315200     -0.01807900     -1.07550500      0.40148500     -0.36774900
     0.12653200      0.03068700      0.33388200     -0.50927300      0.03256100     -0.86001500     -0.43767500     -0.87020700      0.22616800     -0.74040000      0.49154400      0.45849800     -0.13705500     -0.04873100     -0.12150500      0.03935700     -0.53716200      0.17445100     -0.23460300     -0.15930900      0.05539100      0.34107900      0.50925800     -0.45306500      0.73169700      0.14779800      0.88353000      0.44437000     -0.84842500     -0.11759400      0.51595600      0.10510000      0.01486900     -0.10360400      0.00228500      0.60186000     -0.27445100     -1.39949600      0.01052400      0.04368700     -0.01243100     -0.42726600      0.37005900      0.82492400     -0.02983200     -0.91767200      0.39621400      0.90363300      0.14468000      0.40313000      0.04651800      0.00775600     -0.05117300     -0.00662400      0.51121800     -0.09543400     -0.79388000      0.10111400      0.03711500     -0.07429600     -0.44712700      0.17051900     -0.87806600     -0.62413700     -0.76265900      0.16971500     -0.64072500      0.62391800      0.44743300     -0.06832500     -0.02393900     -0.06035000      0.07957100     -0.47534700      0.22307900     -0.37787300
     0.12121100      0.02863000      0.32987900     -0.49594900      0.04574700     -0.86717200     -0.46933300     -0.85430700      0.22328900     -0.73000500      0.51767100      0.44624600     -0.15106800     -0.06056900     -0.08439800     -0.07859000     -0.14960500      0.18114500     -0.23087300     -0.15570200      0.05582000      0.33749900      0.50431300     -0.44608900      0.73936800      0.12975000      0.88556600      0.44595100     -0.85430600     -0.12841300      0.50352200      0.09528700      0.00371600     -0.08087200     -0.23448600      0.70933000      0.04313700     -1.39982600      0.01233100      0.04390100     -0.01423300     -0.42248100      0.36144800      0.83118200     -0.01245900     -0.91927300      0.39342200      0.90628500      0.15585800      0.39287900      0.04103000      0.00728000     -0.04393200      0.14658300      0.40182700     -0.47813700     -0.79600300      0.09850700      0.03609600     -0.07627700     -0.43114600      0.18106600     -0.88392700     -0.65133400     -0.74040200      0.16603000     -0.62440000      0.64731600      0.43715600     -0.06836700     -0.02483000     -0.04611000     -0.32322600     -0.05630900      0.41342400     -0.38130300
     0.11843700      0.02752600      0.32834900     -0.48862700      0.05067500     -0.87104600     -0.48054500     -0.84887800      0.22012300     -0.72765500      0.52606700      0.44022400     -0.13790900     -0.06324100     -0.07099600      0.01006000     -0.21106100      0.14202600     -0.22146300     -0.15399700      0.05594300      0.33598500      0.50655400     -0.44013200      0.74140200      0.11942200      0.88733200      0.44532400     -0.85448800     -0.13649500      0.50108100      0.08307000      0.00870800     -0.07693000     -1.24801800     -0.35684100     -0.83370100     -1.39985700      0.01318900      0.04396000     -0.01499200     -0.42233900      0.35697000      0.83318700     -0.00330800     -0.91978900      0.39239700      0.90643100      0.16296800      0.38964400      0.04834800     -0.00025200     -0.03469100     -4.25363300     -1.85246000     -2.84520200     -0.79730900      0.09711500      0.03554200     -0.07704900     -0.42276300      0.18465200     -0.88722800     -0.66103500     -0.73254200      0.16252300     -0.61992200      0.65519800      0.43175300     -0.07490300     -0.02430300     -0.03800800      0.05779300     -0.07513400     -0.02174400     -0.37787300
     0.11265800      0.02530900      0.32607300     -0.47260200      0.06089100     -0.87919600     -0.49462200     -0.84399100      0.20736600     -0.72882500      0.53279100      0.43008800     -0.14997600     -0.05198100     -0.04705800     -0.00199500     -0.18475700      0.18832900     -0.18758800     -0.15079400      0.05605400      0.33341100      0.50629300     -0.43387100      0.74526100      0.10381200      0.88850600      0.44689400     -0.85667900     -0.14835400      0.49391800      0.07317000     -0.00543700     -0.05576900     -0.19442400      0.43016100      0.23351500     -1.39977000      0.01476300      0.04402100     -0.01626200     -0.42288000      0.34833800      0.83656000      0.01361200     -0.92062000      0.39022100      0.90608300      0.17640400      0.38457100      0.03656700     -0.00206000     -0.02747900      0.07716800      0.18603100     -0.21763600     -0.80008500      0.09428500      0.03444600     -0.07818200     -0.40475900      0.19180200     -0.89408100     -0.67296400     -0.72446200      0.14924200     -0.61910300      0.66209100      0.42230900     -0.07475400     -0.02539000     -0.02290500      0.05386100     -0.22091200      0.20619000     -0.36040100
     0.10701300      0.02357700      0.32466100     -0.45903200      0.06491700     -0.88607100     -0.49904200     -0.84395500      0.19664000     -0.73447400      0.53236600      0.42090400     -0.14770800     -0.03360900     -0.03305600     -0.00769000     -0.20302800      0.21934200     -0.16568900     -0.14798600      0.05600200      0.33138200      0.50376600     -0.42833600      0.75015900      0.09338200      0.89023200      0.44575900     -0.85936300     -0.15397600      0.48749400      0.07311800      0.00084500     -0.05194800      0.03264700      0.14372200      0.04191300     -1.39984700      0.01619900      0.04400000     -0.01729800     -0.41762500      0.34437300      0.84083000      0.02454100     -0.92078000      0.38930700      0.90828700      0.18321900      0.37609000      0.03047200     -0.00013700     -0.02587300      0.03324300      0.16958400     -0.01148700     -0.80237100      0.09146200      0.03357300     -0.07890000     -0.39023500      0.19305200     -0.90024800     -0.67669700     -0.72316300      0.13825400     -0.62433600      0.66314700      0.41284200     -0.07372000     -0.01652200     -0.01618100     -0.00896600     -0.07014700      0.02449100     -0.34097000
     0.10159500      0.02247000      0.32361900     -0.44519000      0.06906600     -0.89279400     -0.50323600     -0.84396800      0.18559000     -0.74012400      0.53181900      0.41159600     -0.13336100     -0.02553600     -0.02693500     -0.00770400     -0.21749300      0.24906600     -0.11107200     -0.14539800      0.05584500      0.32950200      0.49605800     -0.42088600      0.75945600      0.07982000      0.89297600      0.44289600     -0.86518600     -0.15856000      0.47557800      0.06241200     -0.00949600     -0.04319300      0.03548100      0.11949200     -0.04541200     -1.39951800      0.01747400      0.04393100     -0.01821900     -0.40819300      0.33705800      0.84839200      0.03776200     -0.92231200      0.38459400      0.91211400      0.18902600      0.36375300      0.03123700     -0.00482400     -0.02168900      0.03830500      0.22498600     -0.24155500     -0.80351400      0.08869500      0.03301100     -0.07942300     -0.37549900      0.19431300     -0.90622400     -0.68022700     -0.72190300      0.12706500     -0.62951600      0.66415100      0.40325100     -0.07305900     -0.01057900     -0.01166100     -0.00969500     -0.10296800      0.07318100     -0.31059800
     0.09888100      0.02209000      0.32317800     -0.43525500      0.06645800     -0.89787600     -0.50557000     -0.84322300      0.18260900     -0.74443900      0.53333400      0.40173600     -0.14583900     -0.01716500     -0.02054500     -0.14069800     -0.40030600     -0.11970900     -0.09722500     -0.14428400      0.05577600      0.32864200      0.48915100     -0.42121700      0.76374100      0.07791400      0.89316800      0.44284700     -0.86927600     -0.15659000      0.46872300      0.06247300     -0.00819900     -0.04248500     -0.03632700      0.30757500     -0.14760200     -1.39947700      0.01807700      0.04389400     -0.01868300     -0.40071000      0.33755100      0.85175600      0.03953800     -0.92242000      0.38415600      0.91535100      0.18761200      0.35627700      0.03125400     -0.00395700     -0.02118500     -0.01347100      0.27804700     -0.16794800     -0.80384100      0.08734300      0.03281800     -0.07964500     -0.36611100      0.19088900     -0.91078100     -0.68219500     -0.72072000      0.12317100     -0.63290700      0.66642500      0.39408700     -0.06600500     -0.00913100     -0.01042200     -0.21870300     -0.60405000     -0.19493100     -0.29508500
     0.09365000      0.02157900      0.32253600     -0.42054500      0.05927400     -0.90535900     -0.50916500     -0.84132500      0.18137000     -0.75043300      0.53717300      0.38512500     -0.13067700     -0.00929300     -0.01392600     -0.09454900     -0.33231600      0.00047400     -0.07808100     -0.14214000      0.05556400      0.32686700      0.48443800     -0.41311800      0.77113200      0.06470300      0.89589300      0.43945800     -0.87298600     -0.16248400      0.45973600      0.05065300     -0.01060200     -0.04352300      0.02760400      0.15784200     -0.09274900     -1.39932800      0.01912900      0.04379800     -0.01955000     -0.39466400      0.32940100      0.85775000      0.05225900     -0.92397000      0.37887700      0.91733800      0.19435400      0.34744300      0.02527400     -0.00460300     -0.02128800      0.03244800      0.23648200     -0.24642300     -0.80449400      0.08472200      0.03256200     -0.07996700     -0.35280500      0.17950500     -0.91831600     -0.68523300     -0.71787300      0.12293300     -0.63716800      0.67263200      0.37627300     -0.06514200     -0.00406000     -0.00634100     -0.10259200     -0.36334700      0.01020800     -0.27663300
     0.08873100      0.02150800      0.32224100     -0.40602100      0.04617600     -0.91272100     -0.51259300     -0.83832500      0.18555600     -0.75609000      0.54313300      0.36518600     -0.12759500      0.00344900     -0.00302400     -0.22518400     -0.67062200     -0.15954200     -0.07659700     -0.14021400      0.05539300      0.32505600      0.47585400     -0.40672800      0.77982500      0.05636700      0.89884300      0.43455500     -0.87826200     -0.16232400      0.44963400      0.04935200      0.00251400     -0.05004400      0.07916300      0.11637300     -0.06415900     -1.39932400      0.02009300      0.04370600     -0.02045500     -0.38448600      0.32306100      0.86475500      0.06003400     -0.92602900      0.37264400      0.92117600      0.19519100      0.33665100      0.02545700     -0.00477500     -0.02162800      0.06482600      0.09344100     -0.10160800     -0.80547400      0.08226000      0.03251900     -0.08012200     -0.34141200      0.16574200     -0.92518400     -0.68805000     -0.71466200      0.12587700     -0.64033100      0.67954900      0.35803300     -0.06371400      0.00196100     -0.00121300     -0.23756000     -0.56973200     -0.36648100     -0.26650900
     0.08631500      0.02163700      0.32225600     -0.40163800      0.04136700     -0.91488800     -0.51369800     -0.83719300      0.18760300     -0.75768400      0.54526900      0.35864000     -0.12593000      0.00954100      0.00227600     -0.13608300     -0.37051500     -0.16142700     -0.07524900     -0.13932500      0.05530200      0.32412500      0.46874400     -0.40702000      0.78396800      0.05455600      0.89907400      0.43430800     -0.88218300     -0.16030400      0.44262700      0.04960900      0.00151700     -0.05099300     -0.10117000      0.34595800      0.12683000     -1.39938700      0.02053700      0.04366300     -0.02091900     -0.37779200      0.32261100      0.86786700      0.06135800     -0.92654900      0.37113400      0.92385400      0.19346300      0.33024800      0.01942600     -0.00613200     -0.02214500     -0.25276700      0.53016200      0.18263000     -0.80612700      0.08105100      0.03258100     -0.08011700     -0.33774900      0.15892800     -0.92772100     -0.68906500     -0.71318100      0.12868800     -0.64118100      0.68272500      0.35038800     -0.06299400      0.00468700      0.00113600     -0.17880800     -0.56870600     -0.09100400     -0.26520300
     0.08161400      0.02216600      0.32253400     -0.39583200      0.03640100     -0.91762600     -0.51527800     -0.83589400      0.18905600     -0.75967000      0.54761800      0.35077500     -0.10961400      0.01647700      0.00892400     -0.01336300     -0.11430500      0.08686100     -0.06497600     -0.13771600      0.05516800      0.32221700      0.46302000     -0.40245500      0.78970500      0.04225200      0.89989300      0.43398200     -0.88586700     -0.16707700      0.43265100      0.03722300      0.00212600     -0.04973700     -0.42300200      0.05453500     -0.19200000     -1.39955400      0.02133200      0.04359600     -0.02186000     -0.37006900      0.31960500      0.87229600      0.07212500     -0.92623900      0.36996900      0.92619900      0.19982900      0.31972100      0.01876500      0.00093200     -0.02510900     -4.47305200     -2.02089000     -2.28219200     -0.80678000      0.07873700      0.03284000     -0.07998000     -0.33288500      0.15226600     -0.93059200     -0.69044100     -0.71150800      0.13056100     -0.64224400      0.68598100      0.34198100     -0.06155300      0.00959700      0.00540000      0.00092000     -0.04580000      0.05916500     -0.25654900
     0.07750900      0.02291100      0.32303700     -0.39444100      0.03563000     -0.91825500     -0.51569900     -0.83563800      0.18903900     -0.76010900      0.54806000      0.34912900     -0.10723100      0.02366500      0.01519200     -0.00899000      0.00626300     -0.07169000     -0.07134500     -0.13630700      0.05518900      0.32041900      0.45897900     -0.40142600      0.79258300      0.03739400      0.89995600      0.43429900     -0.88818100     -0.16919800      0.42704600      0.02634800     -0.00967700     -0.04186200      0.02921000      0.16991900     -0.12889700     -1.39941500      0.02205600      0.04360800     -0.02277700     -0.36576200      0.31827500      0.87459600      0.07874800     -0.92575700      0.36982600      0.92737000      0.20414100      0.31354300      0.01861400      0.00200100     -0.02434900      0.10426600     -0.00247100      0.05340700     -0.80743300      0.07664300      0.03321900     -0.07972500     -0.33164900      0.15166900     -0.93113000     -0.69079800     -0.71122800      0.13019800     -0.64250000      0.68640300      0.34065000     -0.05421000      0.00650200      0.01186600     -0.04204000      0.02779000     -0.08554500     -0.25573200
     0.07373600      0.02377900      0.32379300     -0.39818800      0.02358600     -0.91702500     -0.49469000     -0.84736300      0.19295100     -0.77201400      0.53044000      0.35022100     -0.09278200      0.01621600      0.02709700      0.41415200     -0.09952800     -0.20663400     -0.08256700     -0.13498700      0.05522500      0.31860400      0.45042700     -0.39971800      0.79833200      0.03073400      0.90050700      0.43367900     -0.89279400     -0.17030900      0.41686600      0.02634600     -0.00834700     -0.04119000      0.09793600      1.92812800     -1.99857200     -1.39949400      0.02271600      0.04362500     -0.02368500     -0.35835600      0.31831900      0.87764000      0.08459100     -0.92513800      0.37008600      0.92974400      0.20686300      0.30460100      0.01859500      0.00282100     -0.02388400      0.03243500      0.19075300     -0.04163900     -0.80596300      0.07478600      0.03365000     -0.07936000     -0.33762800      0.14135900     -0.93060400     -0.67422600     -0.72621000      0.13430000     -0.65683000      0.67278100      0.34049700     -0.04574200      0.01357100      0.00960600      5.06329100     -0.96940600     -2.14099700     -0.26177400
     0.07213900      0.02413900      0.32430700     -0.40112800      0.01711600     -0.91588700     -0.48392500     -0.85287300      0.19594700     -0.77728900      0.52179500      0.35153700     -0.07781500      0.01735000      0.02892900     -0.03989800      0.07709300     -0.14371000     -0.08778800     -0.13434100      0.05523000      0.31773200      0.44418500     -0.40127200      0.80104400      0.02977500      0.90012400      0.43453800     -0.89594200     -0.16866700      0.41073400      0.03715400      0.00615600     -0.04749100     -0.07585000      0.50627100     -0.10025800     -1.39945700      0.02303400      0.04362200     -0.02411900     -0.35063200      0.31803000      0.88086000      0.08600900     -0.92566300      0.36844200      0.93255500      0.20494900      0.29721400      0.01936500     -0.00255700     -0.02009200     -0.15475800      0.93544200     -0.37748100     -0.80580000      0.07394700      0.03383500     -0.07909500     -0.34219400      0.13490300     -0.92989400     -0.66372700     -0.73521100      0.13758700     -0.66510800      0.66427700      0.34112400     -0.04569000      0.01000900      0.01530200     -0.04107500      0.10967400     -0.19648000     -0.26618300
     0.06896700      0.02459900      0.32580000     -0.40768200      0.00268100     -0.91314500     -0.44768800     -0.87214500      0.19725600     -0.79536500      0.48921400      0.35789700     -0.09094700      0.01359400      0.04249500      0.02280500      0.24809800     -0.14117800     -0.10251300     -0.13300100      0.05519100      0.31615500      0.43768500     -0.39820600      0.80613600      0.02334300      0.90122500      0.43264500     -0.89931800     -0.17005100      0.40270700      0.02598900     -0.00395500     -0.03822100      0.03442400      0.16510400     -0.13361600     -1.39970400      0.02370900      0.04360400     -0.02491300     -0.34253100      0.31571200      0.88487100      0.09250700     -0.92593700      0.36617300      0.93494000      0.20728300      0.28795600      0.01917300     -0.00048700     -0.01862200      0.07944400     -0.02755600      0.05119600     -0.80596300      0.07236800      0.03407100     -0.07834800     -0.35175800      0.12212100     -0.92809000     -0.63251000     -0.76188900      0.13947800     -0.69006900      0.63608900      0.34524300     -0.03933500      0.00025400      0.02486200      0.10005300      0.25388800     -0.11626000     -0.27794000
