     0.23836600     -0.06002200      0.35240800     -0.90860100      0.27635100     -0.31324100     -0.37277400     -0.87483800      0.30930400     -0.18743200      0.39745300      0.89829100     -0.00000100      0.00001000      0.00001000      0.00000000      0.00000000      0.00000000      0.52035200     -0.22827300     -0.03888700      0.32048900     -0.77138700     -0.63092800      0.08297400      0.62291700     -0.72227000      0.30039200     -0.12862600      0.28420700      0.95002400     -0.00000200     -0.00000900     -0.00001000      0.00000000      0.00000000      0.00000000      0.53407200      0.00780900      0.03820500     -0.00099600      0.79546000      0.59681800      0.10511800     -0.60529100      0.77406200      0.18560700      0.02940600     -0.21127000      0.97698500     -0.00009200      0.00536000     -0.00436800      0.03682400     -0.01274400      0.01624500     -0.24081500      0.12064800      0.02392500     -0.03105200      0.92331700     -0.24321400     -0.29720400      0.31887900      0.91680100      0.24039700      0.21401000     -0.31673500      0.92405500      0.00007800     -0.00058000     -0.00061800     -0.00007700      0.00011900      0.00024400     -0.24773100
     0.23836900     -0.06004200      0.35241700     -0.90862400      0.27631100     -0.31321000     -0.37273600     -0.87483200      0.30936900     -0.18739700      0.39749600      0.89828000      0.00001400     -0.00010500     -0.00011100      0.00000000      0.00000000      0.00000000      0.51965700     -0.22826200     -0.03888800      0.32048700     -0.77139900     -0.63091500      0.08295700      0.62290000     -0.72228400      0.30039300     -0.12863400      0.28419900      0.95002500     -0.00000000     -0.00000000     -0.00000000      0.00000000      0.00000000      0.00000000      0.53432100      0.00780900      0.03820500     -0.00099600      0.79546000      0.59681800      0.10511800     -0.60529100      0.77406200      0.18560700      0.02940600     -0.21127000      0.97698500     -0.00009200      0.00536000     -0.00436800      0.03682400     -0.01274400      0.01624500     -0.24081500      0.12064800      0.02392500     -0.03105200      0.92331700     -0.24321400     -0.29720400      0.31887900      0.91680100      0.24039700      0.21401000     -0.31673500      0.92405500      0.00007800     -0.00058000     -0.00061800     -0.00007700      0.00011900      0.00024400     -0.24773100
     0.23838400     -0.06008500      0.35246100     -0.90700300      0.28162300     -0.31317500     -0.37786800     -0.87256900      0.30953600     -0.18497000      0.39873400      0.89823500      0.00000000     -0.00000000     -0.00000000     -0.00443400      0.07637800     -0.18359100      0.51964400     -0.22826100     -0.03885000      0.32046800     -0.77143500     -0.63088000      0.08288700      0.62286100     -0.72235900      0.30029400     -0.12860500      0.28408700      0.95006300      0.00000000      0.00000000      0.00000000      0.00000000      0.00000000      0.00000000      0.53408100      0.00780900      0.03820500     -0.00099600      0.79546000      0.59681800      0.10511800     -0.60529100      0.77406200      0.18560700      0.02940600     -0.21127000      0.97698500     -0.00009200      0.00536000     -0.00436800      0.03682400     -0.01274400      0.01624500     -0.24081500      0.12064800      0.02392500     -0.03105200      0.92331700     -0.24321400     -0.29720400      0.31887900      0.91680100      0.24039700      0.21401000     -0.31673500      0.92405500      0.00007800     -0.00058000     -0.00061800     -0.00007700      0.00011900      0.00024400     -0.24773100
     0.23834800     -0.06007500      0.35245900     -0.90701900      0.28160500     -0.31314800     -0.37783600     -0.87258700      0.30952300     -0.18496000      0.39870600      0.89824900     -0.00000600      0.00004700      0.00004900      0.00000000      0.00000000      0.00000000      0.52011000     -0.22825000     -0.03885900      0.32047300     -0.77144100     -0.63087400      0.08288300      0.62285100     -0.72235700      0.30031900     -0.12862200      0.28410500      0.95005500      0.00022300      0.00115300      0.00130600      0.00171900     -0.01377800      0.02525100      0.53432500      0.00780900      0.03820500     -0.00099600      0.79546000      0.59681800      0.10511800     -0.60529100      0.77406200      0.18560700      0.02940600     -0.21127000      0.97698500     -0.00009200      0.00536000     -0.00436800      0.03682400     -0.01274400      0.01624500     -0.24081500      0.12064800      0.02392500     -0.03105200      0.92331700     -0.24321400     -0.29720400      0.31887900      0.91680100      0.24039700      0.21401000     -0.31673500      0.92405500      0.00007800     -0.00058000     -0.00061800     -0.00007700      0.00011900      0.00024400     -0.24805700
     0.23833700     -0.06007500      0.35244500     -0.90696800      0.28168600     -0.31322000     -0.37793300     -0.87256700      0.30946200     -0.18500900      0.39869300      0.89824500      0.01556800      0.00052100     -0.00093200      0.00034100     -0.00364600      0.00295100      0.52062400     -0.22823700     -0.03886200      0.32048500     -0.77145700     -0.63085600      0.08286400      0.62282600     -0.72236800      0.30034500     -0.12864600      0.28411500      0.95004900      0.00004100      0.00021000      0.00023800      0.00000000      0.00000000      0.00000000      0.53412100      0.00780900      0.03820500     -0.00099600      0.79546000      0.59681800      0.10511800     -0.60529100      0.77406200      0.18560700      0.02940600     -0.21127000      0.97698500     -0.00009200      0.00536000     -0.00436800      0.03682400     -0.01274400      0.01624500     -0.24081500      0.12064800      0.02392500     -0.03105200      0.92331700     -0.24321400     -0.29720400      0.31887900      0.91680100      0.24039700      0.21401000     -0.31673500      0.92405500      0.00007800     -0.00058000     -0.00061800     -0.00007700      0.00011900      0.00024400     -0.24805700
     0.23832700     -0.06009900      0.35246700     -0.90706200      0.28153500     -0.31308300     -0.37775800     -0.87259200      0.30960300     -0.18490500      0.39874300      0.89824300     -0.00004300      0.00032000      0.00034000      0.00000000      0.00000000      0.00000000      0.51999500     -0.22824600     -0.03884200      0.32049300     -0.77140000     -0.63091600      0.08294400      0.62290700     -0.72230900      0.30031800     -0.12859400      0.28413400      0.95005000      0.00000100      0.00000400      0.00000500      0.00000000      0.00000000      0.00000000      0.53419500      0.00780900      0.03820500     -0.00099600      0.79546000      0.59681800      0.10511800     -0.60529100      0.77406200      0.18560700      0.02940600     -0.21127000      0.97698500     -0.00009200      0.00536000     -0.00436800      0.03682400     -0.01274400      0.01624500     -0.24081500      0.12064800      0.02392500     -0.03105200      0.92331700     -0.24321400     -0.29720400      0.31887900      0.91680100      0.24039700      0.21401000     -0.31673500      0.92405500      0.00007800     -0.00058000     -0.00061800     -0.00007700      0.00011900      0.00024400     -0.24773100
     0.23832500     -0.06007800      0.35245900     -0.90703900      0.28157500     -0.31311400     -0.37779600     -0.87259900      0.30953800     -0.18493900      0.39870100      0.89825500     -0.00000000      0.00000400      0.00000400      0.00000000      0.00000000      0.00000000      0.52033800     -0.22825000     -0.03885100      0.32046600     -0.77144700     -0.63086700      0.08287000      0.62284500     -0.72237300      0.30029400     -0.12861300      0.28407900      0.95006400     -0.00008900     -0.00045800     -0.00051800      0.00000000      0.00000000      0.00000000      0.53426200      0.00780900      0.03820500     -0.00099600      0.79546000      0.59681800      0.10511800     -0.60529100      0.77406200      0.18560700      0.02940600     -0.21127000      0.97698500     -0.00009200      0.00536000     -0.00436800      0.03682400     -0.01274400      0.01624500     -0.24081500      0.12064800      0.02392500     -0.03105200      0.92331700     -0.24321400     -0.29720400      0.31887900      0.91680100      0.24039700      0.21401000     -0.31673500      0.92405500      0.00007800     -0.00058000     -0.00061800     -0.00007700      0.00011900      0.00024400     -0.24773100
     0.23833500     -0.06006200      0.35244400     -0.90866600      0.27624100     -0.31314800     -0.37266300     -0.87482600      0.30947200     -0.18733400      0.39755700      0.89826600      0.01540700      0.00172100      0.00034400      0.00099400     -0.01472500      0.02952400      0.52048000     -0.22825000     -0.03885100      0.32046600     -0.77144700     -0.63086700      0.08287000      0.62284500     -0.72237300      0.30029400     -0.12861300      0.28407900      0.95006400     -0.01517000      0.00107300      0.00161300     -0.00204500      0.01520500     -0.02924500      0.53424200      0.00780900      0.03820500     -0.00099600      0.79546000      0.59681800      0.10511800     -0.60529100      0.77406200      0.18560700      0.02940600     -0.21127000      0.97698500     -0.00009200      0.00536000     -0.00436800      0.03682400     -0.01274400      0.01624500     -0.24081500      0.12064800      0.02392500     -0.03105200      0.92331700     -0.24321400     -0.29720400      0.31887900      0.91680100      0.24039700      0.21401000     -0.31673500      0.92405500      0.00007800     -0.00058000     -0.00061800     -0.00007700      0.00011900      0.00024400     -0.24773100
     0.23832400     -0.06006300      0.35244400     -0.90867700      0.27622600     -0.31313100     -0.37264300     -0.87483200      0.30948000     -0.18732400      0.39755500      0.89826900     -0.00016100      0.00120000      0.00127600      0.00064300     -0.01106900      0.02660100      0.52024600     -0.22825000     -0.03884300      0.32046000     -0.77145400     -0.63086100      0.08285600      0.62283900     -0.72238900      0.30027000     -0.12860400      0.28405300      0.95007300     -0.00000000     -0.00000000     -0.00000000      0.00000000      0.00000000      0.00000000      0.53408300      0.00780900      0.03820500     -0.00099600      0.79546000      0.59681800      0.10511800     -0.60529100      0.77406200      0.18560700      0.02940600     -0.21127000      0.97698500     -0.00009200      0.00536000     -0.00436800      0.03682400     -0.01274400      0.01624500     -0.24081500      0.12064800      0.02392500     -0.03105200      0.92331700     -0.24321400     -0.29720400      0.31887900      0.91680100      0.24039700      0.21401000     -0.31673500      0.92405500      0.00007800     -0.00058000     -0.00061800     -0.00007700      0.00011900      0.00024400     -0.24773100
     0.23833400     -0.06004900      0.35244300     -0.91027000      0.27088300     -0.31317000     -0.36750500     -0.87701800      0.30943600     -0.18970600      0.39642000      0.89827000     -0.00002300      0.00017100      0.00018200      0.01401900     -0.01385200     -0.04021100      0.51984100     -0.22824900     -0.03884500      0.32047300     -0.77145800     -0.63085700      0.08285400      0.62283000     -0.72238500      0.30029500     -0.12862000      0.28407100      0.95006500      0.00000500      0.00002800      0.00003100      0.00000000      0.00000000      0.00000000      0.53384600      0.00780900      0.03820500     -0.00099600      0.79546000      0.59681800      0.10511800     -0.60529100      0.77406200      0.18560700      0.02940600     -0.21127000      0.97698500     -0.00009200      0.00536000     -0.00436800      0.03682400     -0.01274400      0.01624500     -0.24081500      0.12064800      0.02392500     -0.03105200      0.92331700     -0.24321400     -0.29720400      0.31887900      0.91680100      0.24039700      0.21401000     -0.31673500      0.92405500      0.00007800     -0.00058000     -0.00061800     -0.00007700      0.00011900      0.00024400     -0.24773100
     0.23832200     -0.06004100      0.35242200     -0.91342000      0.26008200     -0.31315700     -0.35707500     -0.88133200      0.30939300     -0.19439500      0.39409700      0.89829000      0.00000200     -0.00001500     -0.00001600      1.73066900     -1.70986600     -4.96442400      0.52057700     -0.22823600     -0.03884000      0.32047800     -0.77148000     -0.63083300      0.08282100      0.62279900     -0.72241200      0.30029500     -0.12863500      0.28405600      0.95006800      0.00016800      0.00087000      0.00098600      0.00171900     -0.01377800      0.02525100      0.53426200      0.00780900      0.03820500     -0.00099600      0.79546000      0.59681800      0.10511800     -0.60529100      0.77406200      0.18560700      0.02940600     -0.21127000      0.97698500     -0.00009200      0.00536000     -0.00436800      0.03682400     -0.01274400      0.01624500     -0.24081500      0.12064800      0.02392500     -0.03105200      0.92331700     -0.24321400     -0.29720400      0.31887900      0.91680100      0.24039700      0.21401000     -0.31673500      0.92405500      0.00007800     -0.00058000     -0.00061800     -0.00007700      0.00011900      0.00024400     -0.24789400
     0.23832100     -0.06003400      0.35241500     -0.91341300      0.26009500     -0.31316500     -0.35708500     -0.88133800      0.30936400     -0.19440700      0.39407500      0.89829700      0.00000000     -0.00000000     -0.00000000      0.00000000     -0.00000000     -0.00000000      0.52048900     -0.22823700     -0.03883800      0.32046500     -0.77147600     -0.63083800      0.08282400      0.62280700     -0.72241500      0.30027000     -0.12861900      0.28403700      0.95007600      0.01516400     -0.00110000     -0.00164400      0.00204500     -0.01520500      0.02924500      0.53423100      0.00780900      0.03820500     -0.00099600      0.79546000      0.59681800      0.10511800     -0.60529100      0.77406200      0.18560700      0.02940600     -0.21127000      0.97698500     -0.00009200      0.00536000     -0.00436800      0.03682400     -0.01274400      0.01624500     -0.24081500      0.12064800      0.02392500     -0.03105200      0.92331700     -0.24321400     -0.29720400      0.31887900      0.91680100      0.24039700      0.21401000     -0.31673500      0.92405500      0.00007800     -0.00058000     -0.00061800     -0.00007700      0.00011900      0.00024400     -0.24789400
     0.23834500     -0.06004000      0.35243600     -0.91345800      0.26001400     -0.31310100     -0.35699800     -0.88134400      0.30944600     -0.19435700      0.39411400      0.89829100     -0.00003700      0.00027800      0.00029600      0.00000000      0.00000000      0.00000000      0.52000800     -0.22823600     -0.03883200      0.32047200     -0.77148700     -0.63082700      0.08280800      0.62279300     -0.72242700      0.30027100     -0.12862600      0.28403000      0.95007700      0.00001700      0.00008600      0.00009700      0.00000000      0.00000000      0.00000000      0.53423600      0.00780900      0.03820500     -0.00099600      0.79546000      0.59681800      0.10511800     -0.60529100      0.77406200      0.18560700      0.02940600     -0.21127000      0.97698500     -0.00009200      0.00536000     -0.00436800      0.03682400     -0.01274400      0.01624500     -0.24081500      0.12064800      0.02392500     -0.03105200      0.92331700     -0.24321400     -0.29720400      0.31887900      0.91680100      0.24039700      0.21401000     -0.31673500      0.92405500      0.00007800     -0.00058000     -0.00061800     -0.00007700      0.00011900      0.00024400     -0.24773100
     0.23841300     -0.06002500      0.35243000     -0.91333100      0.26021700     -0.31330500     -0.35725400     -0.88128300      0.30932500     -0.19448500      0.39411700      0.89826200     -0.00000000      0.00000000      0.00000000      0.00000000      0.00000000      0.00000000      0.52029000     -0.22821100     -0.03881400      0.32047600     -0.77621500     -0.62481900      0.08416100      0.61728400     -0.72633100      0.30222100     -0.12672900      0.28733500      0.94933700      0.00000200      0.00001300      0.00001400      0.00506400     -0.08864800      0.17825100      0.53401600      0.00780900      0.03820500     -0.00099600      0.79546000      0.59681800      0.10511800     -0.60529100      0.77406200      0.18560700      0.02940600     -0.21127000      0.97698500     -0.00009200      0.00536000     -0.00436800      0.03682400     -0.01274400      0.01624500     -0.24081500      0.12064800      0.02392500     -0.03105200      0.92331700     -0.24321400     -0.29720400      0.31887900      0.91680100      0.24039700      0.21401000     -0.31673500      0.92405500      0.00007800     -0.00058000     -0.00061800     -0.00007700      0.00011900      0.00024400     -0.24789400
     0.23846100     -0.06003600      0.35246000     -0.91336200      0.26015400     -0.31326600     -0.35719700     -0.88127200      0.30942100     -0.19444200      0.39418300      0.89824300     -0.00000900      0.00006400      0.00006800      0.00000000      0.00000000      0.00000000      0.51921500     -0.22822400     -0.03881900      0.32047100     -0.77619300     -0.62484200      0.08419400      0.61731600     -0.72630400      0.30222100     -0.12671400      0.28735100      0.94933500     -0.00000400     -0.00002000     -0.00002200      0.01186100     -0.09509600      0.17426000      0.53440100      0.00780900      0.03820500     -0.00099600      0.79546000      0.59681800      0.10511800     -0.60529100      0.77406200      0.18560700      0.02940600     -0.21127000      0.97698500     -0.00009200      0.00536000     -0.00436800      0.03682400     -0.01274400      0.01624500     -0.24081500      0.12064800      0.02392500     -0.03105200      0.92331700     -0.24321400     -0.29720400      0.31887900      0.91680100      0.24039700      0.21401000     -0.31673500      0.92405500      0.00007800     -0.00058000     -0.00061800     -0.00007700      0.00011900      0.00024400     -0.24773100
     0.23845000     -0.06005300      0.35248800     -0.91332300      0.26021200     -0.31333100     -0.35729000     -0.88122000      0.30946300     -0.19445400      0.39426100      0.89820600     -0.00003200      0.00023700      0.00025200      0.00000000      0.00000000      0.00000000      0.51920000     -0.22822400     -0.03881900      0.32047100     -0.77619300     -0.62484200      0.08419400      0.61731600     -0.72630400      0.30222100     -0.12671400      0.28735100      0.94933500     -0.00000000     -0.00000000     -0.00000000     -0.00000000      0.00000000      0.00000000      0.53388400      0.00780900      0.03820500     -0.00099600      0.79546000      0.59681800      0.10511800     -0.60529100      0.77406200      0.18560700      0.02940600     -0.21127000      0.97698500     -0.00009200      0.00536000     -0.00436800      0.03682400     -0.01274400      0.01624500     -0.24081500      0.12064800      0.02392500     -0.03105200      0.92331700     -0.24321400     -0.29720400      0.31887900      0.91680100      0.24039700      0.21401000     -0.31673500      0.92405500      0.00007800     -0.00058000     -0.00061800     -0.00007700      0.00011900      0.00024400     -0.24805700
     0.23836900     -0.06005500      0.35247900     -0.91183100      0.26552300     -0.31322200     -0.36237200     -0.87913400      0.30948700     -0.19205700      0.39536800      0.89823500     -0.00000000      0.00000000      0.00000000     -0.00125900      0.00124400      0.00361000      0.51994100     -0.22822400     -0.03881900      0.32047100     -0.77619300     -0.62484200      0.08419400      0.61731600     -0.72630400      0.30222100     -0.12671400      0.28735100      0.94933500     -0.00000000     -0.00000000     -0.00000000     -0.00000000      0.00000000      0.00000000      0.53393600      0.00780900      0.03820500     -0.00099600      0.79546000      0.59681800      0.10511800     -0.60529100      0.77406200      0.18560700      0.02940600     -0.21127000      0.97698500     -0.00009200      0.00536000     -0.00436800      0.03682400     -0.01274400      0.01624500     -0.24081500      0.12064800      0.02392500     -0.03105200      0.92331700     -0.24321400     -0.29720400      0.31887900      0.91680100      0.24039700      0.21401000     -0.31673500      0.92405500      0.00007800     -0.00058000     -0.00061800     -0.00007700      0.00011900      0.00024400     -0.24789400
     0.23834700     -0.06006800      0.35245200     -0.91187100      0.26546300     -0.31315600     -0.36228700     -0.87916600      0.30949400     -0.19202600      0.39533500      0.89825600      0.00001800     -0.00013500     -0.00014300     -0.00000000      0.00000000      0.00000000      0.51999200     -0.22824800     -0.03882300      0.32046600     -0.77615800     -0.62487800      0.08424400      0.61736400     -0.72626400      0.30222000     -0.12669100      0.28737500      0.94933100     -0.01520500      0.00088700      0.00140300     -0.00204500      0.01520500     -0.02924500      0.53428800      0.00780900      0.03820500     -0.00099600      0.79546000      0.59681800      0.10511800     -0.60529100      0.77406200      0.18560700      0.02940600     -0.21127000      0.97698500     -0.00009200      0.00536000     -0.00436800      0.03682400     -0.01274400      0.01624500     -0.24081500      0.12064800      0.02392500     -0.03105200      0.92331700     -0.24321400     -0.29720400      0.31887900      0.91680100      0.24039700      0.21401000     -0.31673500      0.92405500      0.00007800     -0.00058000     -0.00061800     -0.00007700      0.00011900      0.00024400     -0.24789400
     0.23836000     -0.06008000      0.35245300     -0.91187600      0.26545100     -0.31315100     -0.36227900     -0.87916000      0.30952200     -0.19201500      0.39535800      0.89824800      0.00000400     -0.00002600     -0.00002800     -0.00000000      0.00000000      0.00000000      0.52009700     -0.22823800     -0.03882200      0.32045200     -0.77521100     -0.62624600      0.08279600      0.61850600     -0.72612100      0.30022100     -0.12691700      0.28474100      0.95009400     -0.00019100     -0.00098500     -0.00111500      0.03453000     -0.03276400     -0.02027400      0.53429300      0.00780900      0.03820500     -0.00099600      0.79546000      0.59681800      0.10511800     -0.60529100      0.77406200      0.18560700      0.02940600     -0.21127000      0.97698500     -0.00009200      0.00536000     -0.00436800      0.03682400     -0.01274400      0.01624500     -0.24081500      0.12064800      0.02392500     -0.03105200      0.92331700     -0.24321400     -0.29720400      0.31887900      0.91680100      0.24039700      0.21401000     -0.31673500      0.92405500      0.00007800     -0.00058000     -0.00061800     -0.00007700      0.00011900      0.00024400     -0.24789400
     0.23836000     -0.06008000      0.35245300     -0.91028800      0.27084500     -0.31315100     -0.36747800     -0.87699900      0.30952200     -0.18967100      0.39648800      0.89824800      0.00015100     -0.00112500     -0.00119600     -1.73090000      1.72127400      4.93650400      0.51958500     -0.22825800     -0.03884100      0.32049400     -0.77518200     -0.62627500      0.08285400      0.61853600     -0.72605500      0.30032000     -0.12695100      0.28484800      0.95005700      0.00001400      0.00007500      0.00008500      0.00000600     -0.00000600     -0.00000400      0.53423900      0.00780900      0.03820500     -0.00099600      0.79546000      0.59681800      0.10511800     -0.60529100      0.77406200      0.18560700      0.02940600     -0.21127000      0.97698500     -0.00009200      0.00536000     -0.00436800      0.03682400     -0.01274400      0.01624500     -0.24081500      0.12064800      0.02392500     -0.03105200      0.92331700     -0.24321400     -0.29720400      0.31887900      0.91680100      0.24039700      0.21401000     -0.31673500      0.92405500      0.00007800     -0.00058000     -0.00061800     -0.00007700      0.00011900      0.00024400     -0.24789400
     0.23832600     -0.06008400      0.35245200     -0.90870000      0.27618500     -0.31310000     -0.37260500     -0.87482600      0.30954500     -0.18728900      0.39759700      0.89825700      0.00088300     -0.00974900      0.00977000     -0.03536600      0.00506300     -0.02224100      0.51989300     -0.22823500     -0.03883400      0.32048500     -0.77514100     -0.62631800      0.08291300      0.61859600     -0.72601500      0.30029300     -0.12690800      0.28485600      0.95006100      0.00000000      0.00000000      0.00000000      0.00000000     -0.00000000     -0.00000000      0.53418900      0.00780900      0.03820500     -0.00099600      0.79546000      0.59681800      0.10511800     -0.60529100      0.77406200      0.18560700      0.02940600     -0.21127000      0.97698500     -0.00009200      0.00536000     -0.00436800      0.03682400     -0.01274400      0.01624500     -0.24081500      0.12064800      0.02392500     -0.03105200      0.92331700     -0.24321400     -0.29720400      0.31887900      0.91680100      0.24039700      0.21401000     -0.31673500      0.92405500      0.00007800     -0.00058000     -0.00061800     -0.00007700      0.00011900      0.00024400     -0.24773100
     0.23832600     -0.06008400      0.35245200     -0.90704800      0.28156100     -0.31310000     -0.37777800     -0.87260400      0.30954500     -0.18493200      0.39869900      0.89825700     -0.00088000      0.00972700     -0.00979400      0.03536300     -0.00506000      0.02225000      0.51963100     -0.22823600     -0.03884000      0.32047800     -0.77513100     -0.62632900      0.08292800      0.61861100     -0.72600200      0.30029300     -0.12690100      0.28486400      0.95005900     -0.00000400     -0.00002000     -0.00002300      0.00000000     -0.00000000     -0.00000000      0.53414500      0.00780900      0.03820500     -0.00099600      0.79546000      0.59681800      0.10511800     -0.60529100      0.77406200      0.18560700      0.02940600     -0.21127000      0.97698500     -0.00009200      0.00536000     -0.00436800      0.03682400     -0.01274400      0.01624500     -0.24081500      0.12064800      0.02392500     -0.03105200      0.92331700     -0.24321400     -0.29720400      0.31887900      0.91680100      0.24039700      0.21401000     -0.31673500      0.92405500      0.00007800     -0.00058000     -0.00061800     -0.00007700      0.00011900      0.00024400     -0.24789400
     0.23836000     -0.06008000      0.35245300     -0.90533400      0.28697200     -0.31315100     -0.38299800     -0.87033300      0.30952200     -0.18259800      0.39979500      0.89824800      0.00008400     -0.00062300     -0.00066200     -0.00000000      0.00000000      0.00000000      0.50087400     -0.22824500     -0.03884400      0.32050600     -0.77519800     -0.62625700      0.08283500      0.61851100     -0.72606600      0.30034500     -0.12697500      0.28485800      0.95005100      0.00007600      0.00039400      0.00044600      0.00000000     -0.00000000     -0.00000000      0.53365100      0.00780900      0.03820500     -0.00099600      0.79546000      0.59681800      0.10511800     -0.60529100      0.77406200      0.18560700      0.02940600     -0.21127000      0.97698500     -0.00009200      0.00536000     -0.00436800      0.03682400     -0.01274400      0.01624500     -0.24081500      0.12064800      0.02392500     -0.03105200      0.92331700     -0.24321400     -0.29720400      0.31887900      0.91680100      0.24039700      0.21401000     -0.31673500      0.92405500      0.00007800     -0.00058000     -0.00061800     -0.00007700      0.00011900      0.00024400     -0.24773100
     0.23865000     -0.06001500      0.35225300     -0.90502200      0.28745300     -0.31361000     -0.38353300     -0.87031400      0.30891400     -0.18301900      0.39949100      0.89829800      0.01593500     -0.00217100     -0.00380200      0.00034100     -0.00363500      0.00295600      0.18082600     -0.22829000     -0.03882700      0.32051100     -0.77509500     -0.62636600      0.08298200      0.61865700     -0.72595300      0.30031700     -0.12689200      0.28490900      0.95004700     -0.00022500     -0.00116000     -0.00131400      0.04094000      0.14816400      0.46871400      0.48584000      0.00780900      0.03820500     -0.00099600      0.79546000      0.59681800      0.10511800     -0.60529100      0.77406200      0.18560700      0.02940600     -0.21127000      0.97698500     -0.00009200      0.00536000     -0.00436800      0.03682400     -0.01274400      0.01624500     -0.24081500      0.12064800      0.02392500     -0.03105200      0.92331700     -0.24321400     -0.29720400      0.31887900      0.91680100      0.24039700      0.21401000     -0.31673500      0.92405500      0.00007800     -0.00058000     -0.00061800     -0.00007700      0.00011900      0.00024400     -0.24789400
     0.23885200     -0.06008600      0.35197700     -0.90498000      0.28752300     -0.31366600     -0.38356000     -0.87041400      0.30859800     -0.18316800      0.39922200      0.89838600      0.00058300     -0.00429600     -0.00457900      0.00000000      0.00000000      0.00000000     -0.36822900     -0.22850000     -0.03900400      0.32039300     -0.76348700     -0.64039500      0.08351800      0.63192400     -0.71438600      0.30043000     -0.13177000      0.28296600      0.94996300     -0.00107100     -0.00550800     -0.00624700      0.01186500     -0.09506100      0.17427900      0.13269600      0.00780900      0.03820500     -0.00099600      0.79546000      0.59681800      0.10511800     -0.60529100      0.77406200      0.18560700      0.02940600     -0.21127000      0.97698500     -0.00009200      0.00536000     -0.00436800      0.03682400     -0.01274400      0.01624500     -0.24081500      0.12064800      0.02392500     -0.03105200      0.92331700     -0.24321400     -0.29720400      0.31887900      0.91680100      0.24039700      0.21401000     -0.31673500      0.92405500      0.00007800     -0.00058000     -0.00061800     -0.00007700      0.00011900      0.00024400     -0.24789400
     0.23885200     -0.06008600      0.35197700     -0.90498000      0.28752300     -0.31366600     -0.38356000     -0.87041400      0.30859800     -0.18316800      0.39922200      0.89838600      0.00058300     -0.00429600     -0.00457900      0.00000000      0.00000000      0.00000000     -0.36822900     -0.22850000     -0.03900400      0.32039300     -0.76348700     -0.64039500      0.08351800      0.63192400     -0.71438600      0.30043000     -0.13177000      0.28296600      0.94996300     -0.00107100     -0.00550800     -0.00624700      0.01186500     -0.09506100      0.17427900      0.13269600      0.00780900      0.03820500     -0.00099600      0.79546000      0.59681800      0.10511800     -0.60529100      0.77406200      0.18560700      0.02940600     -0.21127000      0.97698500     -0.00009200      0.00536000     -0.00436800      0.03682400     -0.01274400      0.01624500     -0.24081500      0.12064800      0.02392500     -0.03105200      0.92331700     -0.24321400     -0.29720400      0.31887900      0.91680100      0.24039700      0.21401000     -0.31673500      0.92405500      0.00007800     -0.00058000     -0.00061800     -0.00007700      0.00011900      0.00024400     -0.24789400
     0.23813000     -0.06015300      0.35160000     -0.89858800      0.28562000     -0.33317700     -0.38590000     -0.87581900      0.28981900     -0.20791100      0.38864000      0.89764100     -0.03134200      0.00344900     -0.01351500      0.54334800     -0.68850800      0.69587300     -1.87066800     -0.22887900     -0.03906600      0.31992400     -0.76320900     -0.64068800      0.08380400      0.63236900     -0.71426800      0.29977400     -0.13124400      0.28260000      0.95014500     -0.01644300      0.00628300     -0.01339800      0.03412100      0.00154000     -0.01260900     -0.48846900      0.00780900      0.03820500     -0.00099600      0.79546000      0.59681800      0.10511800     -0.60529100      0.77406200      0.18560700      0.02940600     -0.21127000      0.97698500     -0.00009200      0.00536000     -0.00436800      0.03682400     -0.01274400      0.01624500     -0.24081500      0.12061500      0.02396300     -0.03108400      0.92227400     -0.24304500     -0.30056200      0.31899600      0.91770900      0.23675000      0.21828700     -0.31422700      0.92391000     -0.00982600      0.00772900     -0.01205600      0.37430300     -0.46737500      0.56442200     -0.25834500
     0.23813000     -0.06015300      0.35160000     -0.89858800      0.28562000     -0.33317700     -0.38590000     -0.87581900      0.28981900     -0.20791100      0.38864000      0.89764100     -0.03134200      0.00344900     -0.01351500      0.54334800     -0.68850800      0.69587300     -1.87066800     -0.22887900     -0.03906600      0.31992400     -0.76320900     -0.64068800      0.08380400      0.63236900     -0.71426800      0.29977400     -0.13124400      0.28260000      0.95014500     -0.01644300      0.00628300     -0.01339800      0.03412100      0.00154000     -0.01260900     -0.48846900      0.00780900      0.03820500     -0.00099600      0.79546000      0.59681800      0.10511800     -0.60529100      0.77406200      0.18560700      0.02940600     -0.21127000      0.97698500     -0.00009200      0.00536000     -0.00436800      0.03682400     -0.01274400      0.01624500     -0.24081500      0.12061500      0.02396300     -0.03108400      0.92227400     -0.24304500     -0.30056200      0.31899600      0.91770900      0.23675000      0.21828700     -0.31422700      0.92391000     -0.00982600      0.00772900     -0.01205600      0.37430300     -0.46737500      0.56442200     -0.25834500
     0.23699200     -0.06027300      0.35117400     -0.86997400      0.31910500     -0.37598300     -0.42568000     -0.87085900      0.24570800     -0.24794300      0.37340600      0.89393500     -0.01215100     -0.03301400      0.00656800     -0.07758300      0.12411200     -0.31051000     -1.91093600     -0.22895500     -0.03836500      0.31885400     -0.76653800     -0.63600600      0.08892400      0.62977800     -0.71767700      0.29707300     -0.12415800      0.28453000      0.95052100     -0.01577000      0.00969800     -0.00951700     -0.08381600      0.20110500     -0.12343300     -1.40599400      0.00779500      0.03834200     -0.00094900      0.79346600      0.59787400      0.11382900     -0.60826700      0.77271100      0.18145900      0.02053200     -0.21322000      0.97678800      0.00006200     -0.00100400     -0.00197000     -0.14728000      0.13800200      0.07814800     -0.27902500      0.11998300      0.02393900     -0.03131200      0.89443400     -0.28302600     -0.34623900      0.36186800      0.91296800      0.18852200      0.26274900     -0.29391400      0.91900900     -0.00661700     -0.01177500     -0.00182700     -0.04317200      0.10941500     -0.26187300     -0.55488000
     0.23667300     -0.06178100      0.35127100     -0.87898100      0.31103300     -0.36151900     -0.41669100     -0.86960600      0.26481300     -0.23092400      0.38301500      0.89442800     -0.01071000     -0.04773300      0.01089500     -0.59993800      0.61386600     -0.51424600     -1.90947300     -0.22919700     -0.03820200      0.31843200     -0.76541700     -0.63631000      0.09611300      0.63172700     -0.71478600      0.29989300     -0.12116300      0.29106900      0.94892600     -0.01614600     -0.00379200     -0.00396200     -0.39733000      0.40914700      0.18233100     -1.28329700      0.00768200      0.03843900     -0.00116900      0.79116000      0.59983600      0.11942500     -0.61135800      0.77002200      0.18250200      0.01751100     -0.21739900      0.97592500     -0.00043500      0.00316700     -0.00712000      0.05033600     -0.02467300      0.01866600     -0.39169500      0.11982500      0.02319800     -0.03127600      0.90176800     -0.27388300     -0.33436500      0.35343400      0.91256200      0.20570400      0.24879000     -0.30367400      0.91971900     -0.00532600     -0.02439000      0.00486900     -0.10427000      0.06770700     -0.15256700     -0.67783800
     0.23651700     -0.06252400      0.35134400     -0.88342700      0.31132000     -0.35026100     -0.41333700     -0.86985500      0.26921800     -0.21976800      0.38221800      0.89757400     -0.01082500     -0.04712900      0.01148400     -0.01201200      0.50508300     -0.14608800     -1.77954100     -0.22944700     -0.03811000      0.31819600     -0.76512100     -0.63661600      0.09644300      0.63217900     -0.71462200      0.29932900     -0.12067600      0.29080200      0.94907000     -0.01630300      0.00702400     -0.01259200      0.02835400      0.00697000     -0.00921100     -0.70197900      0.00755200      0.03848300     -0.00129300      0.79160100      0.59885800      0.12138900     -0.61080900      0.77010100      0.18400000      0.01670800     -0.21980100      0.97540100     -0.00811000      0.00347300     -0.00647100      0.05007600     -0.01029300     -0.00919400     -0.26579800      0.11974300      0.02280600     -0.03124500      0.90697200     -0.27186700     -0.32169600      0.34901500      0.91265900      0.21269800      0.23577400     -0.30518800      0.92264200     -0.00584400     -0.01888300      0.00064500     -0.21354900      1.10852300     -0.36653000     -0.73237700
     0.23629300     -0.06371100      0.35181400     -0.88668500      0.32967800     -0.32426500     -0.41925400     -0.86899600      0.26276300     -0.19405800      0.36852300      0.90915300      0.00189900     -0.02089700      0.01802100      0.42682200      0.66567700     -0.00007500     -0.41726500     -0.23040000     -0.03796400      0.31818200     -0.76637100     -0.63587200      0.09129000      0.62913500     -0.71451100      0.30593700     -0.12834500      0.29270400      0.94747800     -0.03005900      0.00374600      0.00498700     -0.00617900      0.02978600     -0.05730200      0.03311000      0.00708700      0.03854700     -0.00131300      0.79333100      0.59759000      0.11623600     -0.60829700      0.77042600      0.19083100      0.02448800     -0.22209900      0.97471600     -0.01487800     -0.00319700      0.00716100     -0.02513400      0.02758900     -0.05055600      0.02632900      0.11962900      0.02217900     -0.03103900      0.91130900     -0.28810500     -0.29412600      0.35483000      0.91192200      0.20613600      0.20883100     -0.29221900      0.93327200      0.00045400     -0.00517300      0.00455900      0.65138700      0.86503400      0.09056500     -0.46768300
