     0.15356300      0.03183000      0.38590300     -0.75370800      0.37753600     -0.53799300     -0.53733300     -0.82530900      0.17352500     -0.37756600      0.41939400      0.82557800     -0.03449600      0.03813500     -0.18306200     -0.86161300     -1.92070100     -0.81494300     -0.39276800     -0.17263900      0.05039100      0.36109800      0.74957900     -0.21023800      0.62763200     -0.24482200      0.79277300      0.55812800     -0.61583500     -0.57174900      0.54195300      0.12562100     -0.01176100     -0.13157600     -0.10897800      0.87443400     -0.66836100     -1.40304900      0.00401100      0.04144300     -0.00230600     -0.65996500      0.12773900      0.74035700      0.37352700     -0.79922600      0.47086400      0.65186100      0.58729700      0.47974700      0.06922800     -0.01159300     -0.06231800     -0.21244900      1.04240800     -0.70485500     -0.77657100      0.11471300      0.03826100     -0.04815000     -0.63441100      0.54026100     -0.55284500     -0.70028600     -0.70451600      0.11512500     -0.32729100      0.46018700      0.82529200     -0.01723000      0.01784400     -0.09215200     -0.87122200     -1.90665700     -0.82706400     -0.53495900
     0.15236800      0.03322900      0.37827000     -0.73205200      0.32070200     -0.60107900     -0.52650200     -0.82622200      0.20031100     -0.43147900      0.46270400      0.77444100     -0.03577000      0.04830600     -0.20806800     -0.64257500     -1.91314700     -0.38125700     -0.28289600     -0.16733400      0.04964400      0.35615000      0.72332400     -0.19572000      0.66218400     -0.26963500      0.80266200      0.53194400     -0.63651300     -0.56306500      0.52694700      0.14058400     -0.01716200     -0.12328300      0.15777200      0.75237300     -1.10277300     -1.40416700      0.00661000      0.04105800     -0.00474900     -0.62909000      0.11423800      0.76889100      0.39396500     -0.80583700      0.44206000      0.67010100      0.58101200      0.46193900      0.07028800     -0.00849800     -0.06162900      0.16595700      0.84559300     -1.28581500     -0.78342900      0.11414100      0.03892000     -0.05181700     -0.62226700      0.48337900     -0.61573300     -0.69108700     -0.70866700      0.14208400     -0.36766900      0.51394000      0.77503800     -0.01785300      0.01815600     -0.09994300     -0.69607400     -1.92069400     -0.41767000     -0.46556100
     0.15077300      0.03447100      0.37028400     -0.70753200      0.26924400     -0.65341600     -0.52263300     -0.82169500      0.22725200     -0.47484700      0.50194600      0.72290900     -0.05020600      0.03467500     -0.21745200     -0.52485200     -1.88138600     -0.28751000     -0.19927700     -0.16193400      0.04908700      0.35183700      0.69447100     -0.18932300      0.69416100     -0.29239900      0.80712200      0.51282700     -0.65821600     -0.55887200      0.50426000      0.14406400     -0.02262200     -0.09911900     -0.05883300      0.72969700     -0.64672800     -1.40454600      0.00941200      0.04074500     -0.00701000     -0.59395400      0.10781600      0.79724100      0.41468500     -0.80815500      0.41823600      0.68938700      0.57901700      0.43529700      0.07207000     -0.01082700     -0.04936200     -0.04752300      0.72012300     -0.65393800     -0.78408300      0.11333500      0.03956300     -0.05587900     -0.60583500      0.42842200     -0.67038500     -0.68762200     -0.70579900      0.17035900     -0.40017200      0.56418200      0.72219100     -0.02514600      0.01060600     -0.10514600     -0.74590700     -2.12044100     -0.44400700     -0.39665200
     0.14881100      0.03500400      0.36169000     -0.68047100      0.20972300     -0.70215500     -0.51379300     -0.81974200      0.25300700     -0.52168300      0.53266100      0.66644300     -0.06594600      0.00603500     -0.22290900     -0.49895800     -1.79131400     -0.44473500     -0.14702500     -0.15663500      0.04829100      0.34820100      0.66345800     -0.21099200      0.71784200     -0.29449200      0.80821600      0.50989700     -0.68856800     -0.54942400      0.47314900      0.12236500     -0.02769600     -0.08729000      0.97907500      1.66020700      0.33972200     -1.40431600      0.01201600      0.04036400     -0.00879100     -0.56189000      0.12957000      0.81700100      0.41743200     -0.80826900      0.41527200      0.71416300      0.57438000      0.40007200      0.06735100     -0.01267400     -0.04342200      3.71436300      3.56153700      2.43513300     -0.78604200      0.11233700      0.03984800     -0.06025400     -0.58847100      0.36521900     -0.72132900     -0.67985100     -0.70640200      0.19697000     -0.43761200      0.60630800      0.66399200     -0.03290800      0.00182600     -0.11212200     -0.55624500     -1.86541400     -0.48538900     -0.34113300
     0.14773500      0.03491000      0.35732000     -0.66523600      0.18460100     -0.72348400     -0.51406800     -0.81596200      0.26441000     -0.54070400      0.54758100      0.63860900     -0.05504300     -0.01186200     -0.22171600     -0.42083100     -1.75644700     -0.23600100     -0.14165600     -0.15414200      0.04775400      0.34658300      0.63736400     -0.22984100      0.73548100     -0.28773500      0.81433300      0.50398800     -0.71554200     -0.53255400      0.45193900      0.12292000     -0.02230700     -0.08467600      0.81890400      2.33508800      0.05544900     -1.40418300      0.01326200      0.04009000     -0.00960300     -0.53582300      0.14779200      0.83129400      0.40962000     -0.81543200      0.40899900      0.73831100      0.55966600      0.37638900      0.06217700     -0.01661300     -0.03841700      4.08583600      5.11116400      0.00359100     -0.78506200      0.11181900      0.03980300     -0.06235700     -0.57801200      0.33894500     -0.74230500     -0.67986800     -0.70311500      0.20834400     -0.45130900      0.62509500      0.63684700     -0.03364200     -0.00610000     -0.11069500     -0.54124500     -1.82529800     -0.51438100     -0.32709000
     0.14509400      0.03423200      0.34881900     -0.63845100      0.13948600     -0.75694700     -0.51290900     -0.81036000      0.28321700     -0.57310700      0.56888900      0.58986500     -0.06922300     -0.02885900     -0.20739000     -0.31871400     -1.41030300     -0.35003100     -0.16981500     -0.14903100      0.04693100      0.34394900      0.58984800     -0.22535700      0.77542600     -0.30034200      0.83004600      0.46984200     -0.75023900     -0.50974100      0.42091300      0.12393400     -0.01069100     -0.06317300      0.05835700      0.62297300     -0.81272000     -1.40419500      0.01586600      0.03965300     -0.01096400     -0.48067000      0.14721200      0.86445500      0.41748300     -0.82849800      0.37322500      0.77114400      0.54029400      0.33677500      0.06193500     -0.00441800     -0.03106800      0.07986000      0.59738000     -0.83906300     -0.77232600      0.11047500      0.03943300     -0.06670800     -0.55875500      0.28993800     -0.77699800     -0.67855300     -0.69849200      0.22731700     -0.47682000      0.65425000      0.58702500     -0.03446900     -0.01481500     -0.10387100     -0.20430500     -1.25187700     -0.25636100     -0.32333400
     0.14162000      0.03330300      0.34115300     -0.61379800      0.11312800     -0.78134500     -0.51206000     -0.81031900      0.28486600     -0.60015500      0.57480100      0.55627800     -0.09435800     -0.01823600     -0.18918900      0.02767000     -0.91825100     -0.01223800     -0.23445300     -0.14443000      0.04616300      0.34222900      0.57202900     -0.21541700      0.79143500     -0.31348300      0.83412500      0.45375900     -0.75859800     -0.50739100      0.40859100      0.10153600     -0.01990800     -0.03741700     -0.04072300      0.59131200     -0.82641000     -1.40417600      0.01812900      0.03927900     -0.01180900     -0.46104600      0.13784800      0.87660300      0.42785100     -0.83091900      0.35569000      0.77741800      0.53904600      0.32411300      0.05760600     -0.01456200     -0.01475400     -0.07499500      0.58299600     -0.81427600     -0.77836700      0.10876900      0.03894700     -0.07049000     -0.53896700      0.26018000     -0.80113600     -0.67776900     -0.69868200      0.22906500     -0.50014200      0.66644500      0.55290800     -0.05364600     -0.01468700     -0.09039500     -0.07569800     -1.16603000     -0.05632100     -0.35974800
     0.13947600      0.03280200      0.33781200     -0.60396400      0.11019000     -0.78938600     -0.51186800     -0.81278400      0.27810900     -0.61021000      0.57188900      0.54828200     -0.12014500     -0.02568600     -0.16449300      0.21939800     -0.39189700      0.14311500     -0.24460100     -0.14244000      0.04575200      0.34170900      0.56863800     -0.21007900      0.79530400     -0.31784600      0.83552900      0.44810700     -0.75932700     -0.50732700      0.40731300      0.10228200     -0.02099900     -0.02301100      0.15693300      0.13779200     -0.81991200     -1.40450600      0.01912500      0.03907000     -0.01207700     -0.45605200      0.13405700      0.87979800      0.43180100     -0.83109700      0.35046400      0.77818000      0.53972700      0.32113700      0.04491500     -0.01059700     -0.01110200      0.29026700     -0.07789500     -1.04167300     -0.78212300      0.10766100      0.03867900     -0.07223900     -0.52919500      0.25445200     -0.80944700     -0.67768300     -0.70080300      0.22275100     -0.51058400      0.66642800      0.54330000     -0.05980000     -0.01209900     -0.08163300      0.27036200     -0.30659800      0.19028900     -0.37509700
     0.13418500      0.03155000      0.33237300     -0.58469800      0.11695600     -0.80280400     -0.51390600     -0.81908600      0.25489300     -0.62703300      0.56145200      0.54002500     -0.14618600     -0.04027800     -0.11396600      0.29511000     -0.07322800      0.32081700     -0.28569300     -0.13876500      0.04519400      0.34109800      0.56146000     -0.19407500      0.80441800     -0.32677100      0.84100400      0.43112100     -0.76087000     -0.50467200      0.40773300      0.09046000     -0.02048200     -0.00640900      0.01696000      0.14234200     -0.44657100     -1.40438500      0.02096600      0.03879800     -0.01238400     -0.44720400      0.11590000      0.88689000      0.43815300     -0.83605900      0.33019000      0.77976200      0.53625600      0.32310700      0.04444900     -0.00382700     -0.00661500      0.02706200      0.26970600     -0.58059100     -0.78506200      0.10506800      0.03805600     -0.07492700     -0.50851400      0.25810200     -0.82145900     -0.67979400     -0.70587900      0.19903100     -0.52848100      0.65963400      0.53440600     -0.07278000     -0.01908400     -0.05607900      0.40333700     -0.10439600      0.51613200     -0.39697800
     0.12818400      0.03015200      0.32925600     -0.57691500      0.13228500     -0.80604900     -0.52487200     -0.81613700      0.24166200     -0.62516700      0.56232300      0.54128200     -0.17037700     -0.04426800     -0.05291400      0.07474700     -0.08162500      0.22034200     -0.33585900     -0.13562400      0.04476200      0.34067000      0.55664100     -0.17991400      0.81103200     -0.33287100      0.84607000      0.41629000     -0.76176100     -0.50146500      0.41002100      0.07672200     -0.00834700     -0.01264800      0.02498200      0.09317700     -0.25171200     -1.40422800      0.02254100      0.03859300     -0.01258600     -0.44044700      0.10172000      0.89199600      0.44235900     -0.83999100      0.31421600      0.78123100      0.53297900      0.32497500      0.03907400     -0.00948600     -0.00228300     -0.03555900      0.14205500     -0.24159900     -0.79812600      0.10207300      0.03733900     -0.07652600     -0.49777500      0.27274100     -0.82330500     -0.68926800     -0.70058000      0.18465100     -0.52642900      0.65939300      0.53672300     -0.08467600     -0.01568200     -0.02963800      0.06378200     -0.10801900      0.21442600     -0.43731100
     0.12117300      0.02878300      0.32816400     -0.57395300      0.15380700     -0.80434200     -0.54056700     -0.80895600      0.23097700     -0.61444400      0.56717600      0.54845000     -0.18058600     -0.03168900     -0.01054400      0.10596600      0.24915500      0.22648600     -0.33379700     -0.13268800      0.04442200      0.34012900      0.56107800     -0.14616700      0.81475000     -0.36103300      0.84242000      0.39989800     -0.74549400     -0.51833900      0.41884000      0.07716000     -0.00904800     -0.01334100      0.03863400     -0.17180600     -0.46389400     -1.40420600      0.02398400      0.03843000     -0.01284300     -0.44188800      0.06866200      0.89443800      0.46728100     -0.83349700      0.29484000      0.76575600      0.54824100      0.33622800      0.03858000     -0.00450900     -0.00670300     -1.09486400     -0.95260000     -1.22811300     -0.79437000      0.09863900      0.03666400     -0.07708300     -0.49043200      0.29167600     -0.82121900     -0.70263200     -0.68979500      0.17461500     -0.51554200      0.66265200      0.54323800     -0.09001300     -0.01471600     -0.00425900     -0.11196400      0.61240900      0.61506500     -0.45037400
     0.11770100      0.02830100      0.32815900     -0.57359700      0.15861500     -0.80366200     -0.54555200     -0.80580300      0.23027400     -0.61036100      0.57032300      0.54974300     -0.17878700     -0.01907900     -0.00075800      0.03099300      0.15777200     -0.05866300     -0.33255200     -0.13141700      0.04422700      0.33978200      0.55753800     -0.13247900      0.81950700     -0.36941200      0.84436600      0.38796100     -0.74403600     -0.51887000      0.42076900      0.06560300     -0.01593900     -0.01710500      0.39991400      1.70076900     -2.55346300     -1.40433500      0.02467100      0.03833900     -0.01302300     -0.43764800      0.05428400      0.89750600      0.47407900     -0.83422500      0.28163100      0.76401000      0.54874500      0.33936100      0.03282700     -0.00818600     -0.00875600      0.38579900      1.72574000     -2.52920000     -0.79698300      0.09683600      0.03641300     -0.07708800     -0.48902000      0.29753200     -0.81995900     -0.70704600     -0.68571500      0.17285900     -0.51082800      0.66428000      0.54569800     -0.09616100     -0.01340300      0.00499900      0.00418600      0.09065200      0.06957600     -0.45119100
     0.11052300      0.02744500      0.32894900     -0.56407400      0.15920700     -0.81025800     -0.54976900     -0.80454300      0.22458100     -0.61543700      0.57193400      0.54236100     -0.17768700     -0.02323700      0.02914100     -0.11381300     -0.05628800      0.01611300     -0.32687700     -0.12919000      0.04359000      0.33879800      0.54355800     -0.11694400      0.83118000     -0.38274100      0.84668100      0.36956000     -0.74762000     -0.51885400      0.41438800      0.04053600     -0.01576000     -0.03058500      0.00460800      0.23004400     -0.31884200     -1.40389000      0.02576900      0.03803000     -0.01350100     -0.42049400      0.03935500      0.90644000      0.48476800     -0.83475300      0.26112400      0.76693100      0.54921500      0.33193100      0.02649800     -0.00686100     -0.01520900      0.01172800      0.10156500     -0.07816900     -0.80335100      0.09325000      0.03600300     -0.07669200     -0.47927500      0.29617900     -0.82617900     -0.71057200     -0.68347200      0.16719100     -0.51515200      0.66719100      0.53802700     -0.08857500     -0.01044500      0.01565800     -0.11800500     -0.06915500      0.03154100     -0.44988500
     0.10377000      0.02668400      0.33040900     -0.55556300      0.16093100     -0.81578000     -0.55960800     -0.79800100      0.22361700     -0.61432100      0.58054600      0.53441700     -0.16353600     -0.02428800      0.04501100     -0.22053000     -0.20016200      0.00001200     -0.33746300     -0.12735800      0.04321800      0.33736400      0.52485100     -0.10855500      0.84423900     -0.39110400      0.85009000      0.35258700     -0.75658700     -0.51510200      0.40262700      0.03802200      0.00387100     -0.04846300      0.07636500      0.21640000     -0.27826800     -1.40384500      0.02668500      0.03783400     -0.01421400     -0.39949100      0.03187500      0.91618200      0.49078500     -0.83667500      0.24311000      0.77429700      0.54676900      0.31860000      0.02612700     -0.00303100     -0.02053800      0.04277700      0.18749500     -0.23708900     -0.80759600      0.08987000      0.03563400     -0.07595800     -0.47043200      0.29641400     -0.83116100     -0.71879800     -0.67508900      0.16608000     -0.51188000      0.67556800      0.53064600     -0.08784300     -0.00518800      0.01962500     -0.21519600     -0.23243400     -0.07009300     -0.45184400
     0.10058000      0.02631100      0.33128000     -0.54831400      0.16610300     -0.81963900     -0.57249600     -0.78897200      0.22303000     -0.60895100      0.59132000      0.52872200     -0.16324000     -0.02119900      0.04725400     -0.22116500     -0.20020600      0.00023800     -0.36652700     -0.12657200      0.04314200      0.33636400      0.51503900     -0.10421600      0.85080300     -0.39470400      0.85216300      0.34345400     -0.76143700     -0.51257400      0.39666700      0.03757500      0.00816000     -0.06143000      0.19821200      0.74717300     -0.92027000     -1.40356300      0.02707700      0.03780200     -0.01470400     -0.38938700      0.02820800      0.92064100      0.49292800     -0.83796800      0.23415900      0.77807400      0.54498900      0.31238900      0.01965200     -0.00182800     -0.02707600      0.38484700      1.84278300     -2.23730600     -0.80922900      0.08827700      0.03545400     -0.07551700     -0.46208500      0.30001200     -0.83454700     -0.72958800     -0.66357800      0.16542000     -0.50416000      0.68531400      0.52551500     -0.07503000     -0.01164300      0.02304400     -0.23993300     -0.23011300     -0.01811900     -0.46164100
     0.09467600      0.02575200      0.33303000     -0.53459100      0.17024100     -0.82781400     -0.58916000     -0.77731600      0.22055100     -0.60526800      0.60540400      0.51687900     -0.13480400     -0.00830400      0.04091700     -0.12207000     -0.25175700      0.31108500     -0.40537400     -0.12530900      0.04320400      0.33375800      0.50175500     -0.09809500      0.85942400     -0.40276300      0.85269500      0.33260500     -0.76605800     -0.51290500      0.38722900      0.02486300      0.00936600     -0.07574400      0.14382400      0.16252000     -0.13317500     -1.40418100      0.02771300      0.03783100     -0.01600200     -0.37364600      0.02260900      0.92729500      0.49960500     -0.83739500      0.22172900      0.78152600      0.54613000      0.30159300      0.01875700      0.00553400     -0.03790000      0.15774500      0.10700900     -0.09398500     -0.81249500      0.08531600      0.03517400     -0.07463500     -0.44759800      0.30107400     -0.84202600     -0.74336600     -0.64866400      0.16321800     -0.49705300      0.69899000      0.51414900     -0.07447400     -0.00819900      0.02563000     -0.13489400     -0.06843900      0.12316000     -0.49478900
     0.08944600      0.02546200      0.33471800     -0.52615100      0.17296500     -0.83264300     -0.59995600     -0.76939200      0.21922600     -0.60206300      0.61467600      0.50962700     -0.12040800      0.00229200      0.03242500     -0.07677200     -0.15559600      0.20312100     -0.39292100     -0.12417100      0.04360100      0.33060500      0.48618300     -0.09467300      0.86870900     -0.41392700      0.85047800      0.32447700     -0.77012000     -0.51721600      0.37318200      0.03844800      0.00634700     -0.07996700     -0.00714900      0.38814700     -0.02137900     -1.40400700      0.02827700      0.03802700     -0.01758000     -0.35701300      0.01887500      0.93390800      0.50911500     -0.83431100      0.21148500      0.78316200      0.55097000      0.28825000      0.01218700      0.00743800     -0.04417000     -0.11041700      0.60692200     -0.12383400     -0.80939200      0.08269800      0.03503400     -0.07378000     -0.43848000      0.30252800     -0.84629200     -0.75231400     -0.63871000      0.16146500     -0.49168900      0.70747700      0.50765800     -0.06079600     -0.00435800      0.02037000     -0.10321300     -0.12413400      0.19548000     -0.50540300
     0.08505900      0.02531600      0.33599100     -0.51871300      0.17523100     -0.83682600     -0.60569000     -0.76609700      0.21495800     -0.60278300      0.61813700      0.50456500     -0.09509000     -0.00493000      0.02701200     -0.07450400     -0.05787400      0.07317700     -0.35124100     -0.12315300      0.04396500      0.32724400      0.47573000     -0.09666500      0.87425900     -0.42716200      0.84338900      0.32582400     -0.76940600     -0.52833100      0.35881000      0.02471900      0.01347300     -0.09014500      0.03081000      0.42730600      0.05858000     -1.40394700      0.02879200      0.03820200     -0.01925900     -0.34585200      0.02178400      0.93803500      0.52206500     -0.82622100      0.21167100      0.77963600      0.56292300      0.27437800      0.00692600      0.00010600     -0.04135500     -0.05550100      0.52571200      0.10895200     -0.81216800      0.08049700      0.03496900     -0.07313600     -0.43043600      0.30350200     -0.85006400     -0.75707600     -0.63420100      0.15691800     -0.49148700      0.71110700      0.50275800     -0.05331300      0.00509700      0.01097500     -0.04056300     -0.18679900      0.24932100     -0.48058300
     0.08311000      0.02532400      0.33652400     -0.51548600      0.17617500     -0.83861900     -0.60806300     -0.76475000      0.21304600     -0.60316600      0.61953300      0.50239100     -0.08021200      0.00527500      0.01859600     -0.03952100     -0.10761300      0.14203900     -0.33563500     -0.12271300      0.04414100      0.32548200      0.47108000     -0.10098800      0.87628600     -0.43069100      0.84053800      0.32853400     -0.77029300     -0.53204400      0.35134000      0.02639500      0.00287400     -0.08245600     -0.01223600      0.34875800      0.26050600     -1.40416000      0.02900200      0.03828500     -0.02011300     -0.34146300      0.02568200      0.93954400      0.52579200     -0.82335800      0.21359700      0.77906700      0.56694000      0.26764300      0.01326600      0.00127100     -0.04134800     -0.15143400      0.69832000      0.28133200     -0.81331200      0.07955100      0.03496700     -0.07288000     -0.42714200      0.30381700     -0.85161200     -0.75895700     -0.63240900      0.15505400     -0.49146000      0.71256800      0.50071200     -0.04673600      0.00390700      0.01016600     -0.04002800     -0.09299200      0.11222100     -0.47176600
     0.08003700      0.02544500      0.33720700     -0.51106300      0.17731200     -0.84108300     -0.61112000     -0.76304100      0.21040900     -0.60384400      0.62131100      0.49937100     -0.06800400      0.00023600      0.01474200     -0.03864700     -0.12159700      0.17202800     -0.23852400     -0.12186900      0.04442400      0.32229200      0.46043400     -0.10943100      0.88091800     -0.42878200      0.84142200      0.32876900     -0.77775200     -0.52895800      0.33936500      0.01340200      0.00365300     -0.08117600      0.10552300      0.17110400      0.04763100     -1.40420900      0.02944400      0.03842800     -0.02177600     -0.33019200      0.03599700      0.94322700      0.52406300     -0.82411900      0.21490800      0.78506700      0.56527100      0.25325300      0.00673000      0.00193400     -0.04050800      0.12569400      0.12698400      0.01329400     -0.81478100      0.07795000      0.03503200     -0.07251700     -0.42226400      0.30412400     -0.85393200     -0.76158200     -0.62993000      0.15225000     -0.49161500      0.71462900      0.49761300     -0.03406500     -0.00003200      0.00730300     -0.03830200     -0.12165300      0.17184300     -0.42359500
     0.07785500      0.02562000      0.33730300     -0.50096100      0.17964900     -0.84664600     -0.61487900     -0.76229000      0.20201200     -0.60848200      0.62155900      0.49339800     -0.04233800      0.00044800     -0.00144200      0.01769600     -0.20196400      0.27620700     -0.22001500     -0.12114100      0.04453100      0.31932200      0.45575700     -0.11141100      0.88309900     -0.43063600      0.84060800      0.32842600     -0.77947500     -0.52983400      0.33400000      0.01460300     -0.00386500     -0.07136400      0.12418100      0.07090700     -0.01969400     -1.40435200      0.02980300      0.03848000     -0.02323700     -0.32548200      0.03799900      0.94478400      0.52587900     -0.82312600      0.21427300      0.78581900      0.56658400      0.24793000      0.00729900     -0.00166300     -0.03546200      0.13908100      0.03888200     -0.04524000     -0.81641400      0.07686000      0.03512200     -0.07246600     -0.41158300      0.30454200     -0.85898300     -0.76468800     -0.62817500      0.14369000     -0.49583300      0.71599500      0.49142600     -0.02125000      0.00000500     -0.00086300      0.01777300     -0.20151400      0.27561700     -0.38260900
     0.07709700      0.02565300      0.33719500     -0.49827700      0.18036400     -0.84807700     -0.61602900     -0.76193600      0.19983400     -0.60952400      0.62178500      0.49182300     -0.02854700      0.00679600     -0.01295800      0.03169100     -0.19077300      0.26565300     -0.22527500     -0.12079900      0.04453300      0.31796900      0.45590100     -0.10903200      0.88332200     -0.43352500      0.83948300      0.32750200     -0.77778700     -0.53211000      0.33431800      0.01412600     -0.00076100     -0.06915400      0.00184400      0.00565300     -0.08258400     -1.40393500      0.02997600      0.03847800     -0.02391600     -0.32553900      0.03532600      0.94486800      0.52837100     -0.82191900      0.21277100      0.78412100      0.56850700      0.24890100      0.00701000      0.00017100     -0.03412500     -0.30191200     -0.13835300     -0.18620500     -0.81641400      0.07648000      0.03513900     -0.07252000     -0.40878700      0.30474300     -0.86024600     -0.76562300     -0.62752900      0.14151900     -0.49670300      0.71647600      0.48984400     -0.01435600      0.00316000     -0.00664600      0.03156200     -0.18998600      0.26463800     -0.37901600
     0.07603700      0.02552900      0.33681100     -0.49389200      0.18155300     -0.85038500     -0.61781200     -0.76143900      0.19619100     -0.61128900      0.62204600      0.48929600     -0.01850700     -0.01186900     -0.01074200     -0.00109400     -0.06180900      0.08918200     -0.22340800     -0.12009100      0.04439200      0.31560500      0.45659800     -0.11030100      0.88280500     -0.42926900      0.84173700      0.32732300     -0.77973900     -0.52827400      0.33585200      0.01465800     -0.00449500     -0.05599200      0.10200200      0.02870600     -0.00559400     -1.40382000      0.03033000      0.03840300     -0.02510700     -0.32638300      0.03643600      0.94453400      0.52436300     -0.82442400      0.21299500      0.78645800      0.56479700      0.24997200      0.00832100     -0.00835600     -0.02467000      0.08079300     -0.06405000      0.11152000     -0.81412800      0.07595800      0.03508400     -0.07270500     -0.40422900      0.30508200     -0.86227700     -0.76705000     -0.62659200      0.13789300     -0.49822800      0.71715100      0.48730100     -0.00855000     -0.00035900     -0.00936100      0.03303700      0.02541900     -0.06358100     -0.37901600
     0.07548600      0.02531200      0.33601700     -0.48828000      0.18276600     -0.85336100     -0.61906700     -0.76173500      0.19101700     -0.61452300      0.62132700      0.48615000     -0.01838000     -0.00406300     -0.02172600      0.03260600     -0.08250500      0.10356900     -0.20438100     -0.11932900      0.04401700      0.31377000      0.45411300     -0.10150800      0.88513800     -0.42810500      0.84633500      0.31682400     -0.78182600     -0.52267500      0.33973800      0.03017000     -0.01960400     -0.03685000      0.26509700     -0.18811700     -0.51054700     -1.40415200      0.03071700      0.03821500     -0.02604500     -0.32261400      0.02907700      0.94608300      0.52211000     -0.82824500      0.20349400      0.78950600      0.55961000      0.25202200      0.01505400     -0.00946900     -0.01815500      0.33520900     -0.32811200     -0.65004500     -0.80873900      0.07568200      0.03497000     -0.07310000     -0.39832600      0.30523000     -0.86496800     -0.76808800     -0.62645300      0.13264900     -0.50137300      0.71721000      0.48397700     -0.00273900     -0.00391100     -0.01212500      0.03252400      0.01373900     -0.03744100     -0.36889200
     0.07509900      0.02534000      0.33488200     -0.47761500      0.18441000     -0.85902400     -0.61998300     -0.76349400      0.18074500     -0.62194200      0.61867500      0.48006000     -0.00403800      0.00357300     -0.03219800      0.06814000     -0.01111200     -0.01800000     -0.17992400     -0.11830700      0.04336500      0.31245100      0.45199400     -0.08979200      0.88748500     -0.42830900      0.85079900      0.30434700     -0.78293900     -0.51756600      0.34495700      0.03100600     -0.02470400     -0.02450100      0.24983500     -0.41687300     -0.36713100     -1.40423400      0.03121700      0.03789700     -0.02669700     -0.31932400      0.01765500      0.94748000      0.52079100     -0.83203700      0.19102300      0.79171200      0.55443800      0.25649500      0.01550900     -0.01226600     -0.01219000      0.27410600     -0.45190600     -0.38569100     -0.81690400      0.07548100      0.03497700     -0.07366700     -0.38711200      0.30487900     -0.87016700     -0.76887800     -0.62761800      0.12215400     -0.50889100      0.71634000      0.47737300     -0.00867100      0.00305500     -0.01533900      0.06426100     -0.09934200      0.11333700     -0.35501300
     0.07482300      0.02544200      0.33429800     -0.46975100      0.18568300     -0.86307600     -0.62077300     -0.76457400      0.17332000     -0.62712500      0.61695800      0.47550400     -0.01762300      0.00550900     -0.03127400      0.29589900     -0.60426500      0.69974800     -0.15700400     -0.11763900      0.04298500      0.31202300      0.45103600     -0.08395400      0.88854400     -0.42882500      0.85265400      0.29836900     -0.78320800     -0.51549800      0.34743500      0.04308800     -0.01747300     -0.02004600      0.19149400     -0.32821300     -0.25278200     -1.40407300      0.03154700      0.03770100     -0.02691500     -0.31812600      0.01099100      0.94798400      0.52039800     -0.83379600      0.18430300      0.79245200      0.55196100      0.25953300      0.01499300     -0.00918900     -0.00960900      0.26904000     -0.49066100     -0.38407100     -0.81674100      0.07534800      0.03502800     -0.07395900     -0.37987100      0.30463900     -0.87343600     -0.76933500     -0.62832600      0.11544700     -0.51363400      0.71582100      0.47305300     -0.00863700      0.00317600     -0.01525900      0.82936100     -1.70981400      1.96462100     -0.34341900
     0.07396500      0.02581500      0.33296600     -0.45371400      0.18299800     -0.87218100     -0.62215400     -0.76573600      0.16292400     -0.63748900      0.61632100      0.46236700     -0.03138600      0.00714500     -0.03070500     -0.05887400     -0.31074300     -0.09199200     -0.11287400     -0.11575900      0.04222300      0.31173400      0.45544000     -0.06048300      0.88820500     -0.44436300      0.84899700      0.28579600     -0.77191300     -0.52477000      0.35865000      0.05747500     -0.02501800      0.00600600     -0.04205000     -0.34402800     -0.21988800     -1.40411600      0.03245800      0.03732300     -0.02707800     -0.32122600     -0.01324500      0.94690900      0.53309600     -0.82895200      0.16925000      0.78270100      0.55916100      0.27334200      0.02126800     -0.00741700     -0.00037500     -1.28151900     -0.92715300     -0.90049300     -0.81755700      0.07493600      0.03520700     -0.07461000     -0.36356300      0.30029700     -0.88184000     -0.77049300     -0.62899500      0.10346300     -0.52360400      0.71706700      0.46005600     -0.00911700      0.00194300     -0.01639300     -0.17739600     -0.55193800     -0.22785000     -0.30782200
     0.07277400      0.02622400      0.33170800     -0.43623600      0.17282700     -0.88310500     -0.62425700     -0.76493100      0.15861000     -0.64756600      0.62025700      0.44268100     -0.03114800      0.00804600     -0.03007100     -0.13534400     -0.47723100     -0.16870400     -0.09963100     -0.11340800      0.04140800      0.31234500      0.46280800     -0.02393200      0.88613100     -0.46582900      0.84384200      0.26621200     -0.75467900     -0.53595800      0.37824900      0.05740600     -0.02514800      0.02309400      0.28980100     -0.70839300     -0.74310700     -1.40462700      0.03365900      0.03691000     -0.02677400     -0.32619900     -0.04821100      0.94407100      0.55177400     -0.82062100      0.14874400      0.76755400      0.56943400      0.29428700      0.03503200     -0.01070100      0.01228200      0.00366600     -0.49817300     -0.29020300     -0.81657700      0.07433900      0.03541200     -0.07524500     -0.34812700      0.28701300     -0.89242900     -0.77208400     -0.62771400      0.09930400     -0.53168900      0.72360100      0.44012300     -0.02214700      0.00554500     -0.01406200     -0.28418800     -0.75496100     -0.40464700     -0.28741000
     0.07199900      0.02640100      0.33118300     -0.42889700      0.16618500     -0.88796100     -0.62542300     -0.76388200      0.15906500     -0.65133700      0.62336500      0.43267100     -0.04555700      0.00077800     -0.01953500     -0.25410000     -0.70137500     -0.18154100     -0.09702700     -0.11206500      0.04088800      0.31293400      0.46623300     -0.00547100      0.88464000     -0.47735700      0.84027500      0.25690800     -0.74530500     -0.54205900      0.38801500      0.05849800     -0.03195800      0.03443600      0.23302600     -0.60851900     -0.64181500     -1.40449700      0.03430400      0.03666500     -0.02649600     -0.32887600     -0.06723700      0.94197600      0.56138000     -0.81601200      0.13775000      0.75940300      0.57410900      0.30611200      0.03474900     -0.00900300      0.01374300      0.02089100     -0.23600700     -0.31771600     -0.81559800      0.07396100      0.03550000     -0.07551500     -0.34200300      0.27984500     -0.89706200     -0.77301800     -0.62657100      0.09924800     -0.53429900      0.72738900      0.43061400     -0.02188600      0.00633800     -0.01339800      0.02118300     -0.24998100      0.17576700     -0.28251200
     0.07018300      0.02647400      0.33060100     -0.41812200      0.16312600     -0.89364900     -0.62814300     -0.76255800      0.15464000     -0.65572000      0.62579200      0.42242400     -0.04574100     -0.00651500     -0.00831300     -0.01574300     -0.16526000      0.18059700     -0.08004800     -0.10953400      0.03996100      0.31447200      0.47090200      0.02119600      0.88192600     -0.48653300      0.84009100      0.23972200     -0.73638100     -0.54199600      0.40477900      0.06964700     -0.01988600      0.04317100      0.19539500     -0.55592900     -0.55150900     -1.40423600      0.03559200      0.03618800     -0.02571500     -0.33224300     -0.09428500      0.93846900      0.56786300     -0.81444300      0.11921300      0.75309000      0.57253000      0.32413400      0.02809400     -0.01003600      0.02233300      0.21443000     -0.48665500     -0.75158200     -0.81347500      0.07303600      0.03554000     -0.07582300     -0.33167400      0.27261300     -0.90314600     -0.77529300     -0.62421500      0.09630200     -0.53750500      0.73214500      0.41839100     -0.02277300     -0.00304200     -0.00393600      0.00020200     -0.12137900      0.20421800     -0.27549000
     0.06827600      0.02627000      0.33045900     -0.41242800      0.16454300     -0.89603200     -0.63053700     -0.76144200      0.15033800     -0.65703300      0.62677800      0.41890800     -0.04422300     -0.00212300     -0.00452400     -0.00508500     -0.14357000      0.19500700     -0.03488000     -0.10711800      0.03930400      0.31637900      0.47819900      0.04998500      0.87682300     -0.50515900      0.83227300      0.22818700     -0.71892400     -0.55211400      0.42211500      0.06778400     -0.01086900      0.05086800      0.01955400     -0.54455200     -0.49975800     -1.40425300      0.03680100      0.03585800     -0.02476300     -0.33852800     -0.12326400      0.93284700      0.58386700     -0.80496200      0.10551800      0.73790000      0.58038000      0.34447200      0.02734100     -0.00643200      0.02541000     -0.27334000     -0.60591500     -0.71768300     -0.81135200      0.07208100      0.03543400     -0.07589800     -0.32574900      0.27340600     -0.90506100     -0.77718400     -0.62256100      0.09165700     -0.53839700      0.73325600      0.41528600     -0.02185100     -0.00041200     -0.00165000     -0.00308700     -0.04848900      0.05372500     -0.24969000
     0.06733200      0.02621800      0.33049100     -0.41236500      0.16713500     -0.89558200     -0.63082100     -0.76161300      0.14826500     -0.65680000      0.62588000      0.42061200     -0.05617400      0.00449700      0.00048200      0.05608100      0.08939200      0.10627200     -0.01351500     -0.10606400      0.03911000      0.31739300      0.48244200      0.06299500      0.87365500     -0.51665300      0.82582000      0.22588700     -0.70783100     -0.56043100      0.42983300      0.04121200     -0.01275000      0.05267700     -0.44549000     -2.18561500      1.60887100     -1.40415600      0.03733700      0.03576400     -0.02425500     -0.33981400     -0.13751400      0.93038400      0.59483600     -0.79768200      0.09935800      0.72848800      0.58719000      0.35286200      0.02696000     -0.00474100      0.02682800      0.12176800     -0.40768900     -0.65836900     -0.80857600      0.07161300      0.03540400     -0.07588500     -0.32503800      0.27581800     -0.90458400     -0.77745600     -0.62253000      0.08954100     -0.53843400      0.73237900      0.41678200     -0.02219100     -0.00481800      0.00336000      0.04573400      0.14299100      0.15336500     -0.23466800
