     0.14593400      0.02805400      0.37774500     -0.80654700      0.29841000     -0.51037100     -0.48477700     -0.82794600      0.28190300     -0.33743800      0.47440900      0.81308000     -0.00008100     -0.00063600     -0.00037000      0.00000000      0.00000000      0.00000000     -0.33865100     -0.19657600      0.04058200      0.39594200      0.54843400      0.67727200      0.49042300     -0.80408800      0.58799100      0.08742200     -0.22982800     -0.44314200      0.86641000      0.00094700     -0.00357500      0.01225900     -0.03442900     -0.00174600      0.00776900      0.25940200     -0.00830600      0.03596600      0.01468400     -0.48256300     -0.71549500      0.50517200      0.80682500     -0.58758000     -0.06149800      0.34083100      0.37790900      0.86082400      0.00044800     -0.00198900      0.00603800     -0.03865300      0.00274500      0.01054400      0.16675900      0.11101100      0.03565400     -0.05243000     -0.70233600      0.48286100     -0.52303700     -0.65715400     -0.72224400      0.21566200     -0.27362600      0.49518300      0.82457300     -0.00004700     -0.00037000     -0.00021600      0.00532200     -0.09374700      0.17533700     -0.46278500
     0.14600000      0.02798700      0.37769300     -0.80583500      0.29902600     -0.51113600     -0.48562100     -0.82765400      0.28130800     -0.33792700      0.47452900      0.81280700     -0.00018500     -0.00145500     -0.00084600      0.00000000      0.00000000      0.00000000     -0.33866700     -0.19680900      0.04024200      0.39653500      0.54958600      0.67581200      0.49114700     -0.80212100      0.59110600      0.08444100     -0.23392700     -0.44121900      0.86629500      0.00135700     -0.01528100      0.02075700     -0.07004700      0.00854100     -0.01064000      0.25739700     -0.00842300      0.03579900      0.01497100     -0.48360600     -0.71413800      0.50609300      0.80445100     -0.59050100     -0.06453800      0.34493800      0.37591700      0.86006000     -0.00546300     -0.00279900      0.00608300     -0.04780200      0.03503300     -0.04112900      0.17100400      0.11104500      0.03562200     -0.05245500     -0.70147600      0.48335300     -0.52373700     -0.65789000     -0.72175700      0.21505200     -0.27406500      0.49541500      0.82428800      0.00610400     -0.00140600     -0.00098400      0.00632100     -0.10847000      0.20490100     -0.46245800
     0.14602000      0.02794900      0.37762500     -0.80525100      0.29952000     -0.51176600     -0.48627600     -0.82745600      0.28075600     -0.33837400      0.47456200      0.81260200     -0.00019900     -0.00156800     -0.00091300      0.00000000      0.00000000      0.00000000     -0.33947000     -0.19703000      0.03997000      0.39694900      0.54793400      0.67789800      0.49011600     -0.80342600      0.58953000      0.08303700     -0.23331900     -0.44012600      0.86701500      0.00010700      0.00159500      0.00073900      0.00343600     -0.00458200     -0.00251600      0.25623800     -0.00853300      0.03566000      0.01518700     -0.48210100     -0.71618600      0.50463300      0.80559400     -0.58878000     -0.06598500      0.34437600      0.37471800      0.86080800     -0.00555700     -0.00422100      0.00542800     -0.04908700      0.04024300     -0.04005900      0.17018800      0.11105500      0.03560300     -0.05248900     -0.70077300      0.48374500     -0.52431600     -0.65846300     -0.72140100      0.21448700     -0.27448500      0.49555000      0.82406700     -0.00001200      0.00437300     -0.00495900      0.03549000     -0.01388400      0.01790600     -0.46245800
     0.14601700      0.02793500      0.37760500     -0.80501500      0.29972000     -0.51201900     -0.48654600     -0.82736800      0.28054700     -0.33854600      0.47458800      0.81251400     -0.00010100     -0.00079800     -0.00046500      0.00530100     -0.09377500      0.17531800     -0.33930000     -0.19713600      0.03983400      0.39709200      0.55101000      0.67647400      0.48863200     -0.80060800      0.59359800      0.08125500     -0.23576000     -0.43682900      0.86802100     -0.01120500     -0.00998400      0.01013900      0.09850600     -0.04691300      0.03551600      0.24925700     -0.00858200      0.03559600      0.01525500     -0.48528200     -0.71466600      0.50373900      0.80261100     -0.59265700     -0.06761100      0.34686400      0.37149700      0.86120500      0.00023100     -0.00531400      0.00450500      0.28309700     -0.04199300      0.36441400      0.16724800      0.11105300      0.03559300     -0.05250000     -0.70059500      0.48384300     -0.52446200     -0.65860800     -0.72131200      0.21434500     -0.27459100      0.49558400      0.82401100     -0.00005500     -0.00044200     -0.00025700      0.00000800      0.00001100     -0.00001000     -0.46278400
     0.14601500      0.02792000      0.37758500     -0.80616300      0.29963500     -0.51026100     -0.48611100     -0.82704500      0.28224700     -0.33643900      0.47520400      0.81303000     -0.00000800     -0.00006300     -0.00003700     -0.00000000      0.00000000     -0.00000000     -0.33941100     -0.19735900      0.03966800      0.39724100      0.55031500      0.67673300      0.48905700     -0.80115400      0.59284200      0.08139400     -0.23552600     -0.43745600      0.86776900     -0.01170500      0.00032600      0.00098800     -0.00203100      0.01518700     -0.02925500      0.23060000     -0.00869300      0.03550500      0.01533100     -0.48463300     -0.71483700      0.50412000      0.80310600     -0.59201100     -0.06740400      0.34662700      0.37219600      0.86099800     -0.00000700     -0.00004400     -0.00001600     -0.00138200      0.00168500      0.00079800      0.15157200      0.11105200      0.03558600     -0.05251100     -0.70171700      0.48397400     -0.52283800     -0.65829100     -0.72110500      0.21600900     -0.27247900      0.49575700      0.82460800      0.00000300      0.00001500      0.00000900      0.00035700     -0.00048000      0.00034300     -0.46294800
     0.14600700      0.02793600      0.37759500     -0.80588800      0.29987000     -0.51055600     -0.48643800     -0.82692800      0.28202800     -0.33662300      0.47525900      0.81292100      0.00000500      0.00003700      0.00002200      0.00000000      0.00000000      0.00000000     -0.33953900     -0.19758400      0.03961200      0.39731600      0.55712100      0.67212600      0.48770300     -0.79486700      0.60153200      0.07924100     -0.24079200     -0.43265400      0.86873000     -0.00003500     -0.00050800     -0.00023500      0.00237700     -0.00230100     -0.00026200      0.20609500     -0.00881000      0.03547800      0.01536900     -0.49151700     -0.71026200      0.50392200      0.79656300     -0.60054700     -0.06949800      0.35199100      0.36724700      0.86094700     -0.00587900     -0.00018300      0.00033800     -0.00934200      0.02515400     -0.01999000      0.12479300      0.11104800      0.03559500     -0.05250500     -0.70138400      0.48416100     -0.52311300     -0.65857700     -0.72091200      0.21577900     -0.27264700      0.49585400      0.82449400      0.00000300      0.00002600      0.00001600      0.00002100     -0.00000500      0.00000200     -0.46311100
     0.14600700      0.02793600      0.37759500     -0.80562500      0.30009600     -0.51083800     -0.48675200     -0.82681500      0.28181700     -0.33679900      0.47531300      0.81281700      0.00000000      0.00000100      0.00000000      0.00000000      0.00000000      0.00000000     -0.34006900     -0.19767200      0.03959100      0.39732300      0.55927900      0.66883500      0.48975300     -0.79176100      0.60591200      0.07692800     -0.24598200     -0.43163600      0.86778200     -0.01178300     -0.00078200      0.00047600     -0.00201400      0.01517100     -0.02925600      0.19239400     -0.00885000      0.03546800      0.01537200     -0.49340400     -0.70705500      0.50658100      0.79315500     -0.60479400     -0.07161200      0.35701100      0.36646400      0.85921200     -0.00005400     -0.00074800     -0.00034400     -0.00335800     -0.00134000      0.00142100      0.10830100      0.11104800      0.03559500     -0.05250500     -0.70106600      0.48434100     -0.52337200     -0.65885000     -0.72072800      0.21556300     -0.27280300      0.49594800      0.82438600      0.00000000      0.00000100      0.00000000      0.00001300      0.00000200     -0.00000500     -0.46311100
     0.14599500      0.02791400      0.37758200     -0.80488800      0.30072700     -0.51162900     -0.48762900     -0.82650000      0.28122500     -0.33729300      0.47546200      0.81252500     -0.00003500     -0.00027400     -0.00015900      0.00000000      0.00000000      0.00000000     -0.34133600     -0.19784400      0.03950900      0.39730700      0.55689300      0.66909400      0.49211200     -0.79258000      0.60516400      0.07434500     -0.24874800     -0.43228600      0.86667000     -0.00016200     -0.00232700     -0.00107900      0.00000000     -0.00000000     -0.00000000      0.16162300     -0.00893600      0.03542800      0.01536500     -0.49085600     -0.70741900      0.50854500      0.79357600     -0.60393600     -0.07414200      0.35957800      0.36717600      0.85783600     -0.00011500     -0.00164400     -0.00075900     -0.00391800      0.01084100     -0.02502300      0.07074400      0.11104200      0.03558400     -0.05251100     -0.70028300      0.48478300     -0.52401100     -0.65952300     -0.72027100      0.21502900     -0.27318800      0.49617900      0.82412000     -0.00002400     -0.00019100     -0.00011000      0.00002300      0.00001100      0.00000400     -0.46343800
     0.14601400      0.02792000      0.37757400     -0.80432100      0.30121100     -0.51223600     -0.48829300     -0.82627000      0.28075000     -0.33768500      0.47555500      0.81230700      0.00021600      0.01066300     -0.00880400      0.03547300     -0.01388200      0.01790200     -0.34319900     -0.19794800      0.03936900      0.39728000      0.56061600      0.66113700      0.49859900     -0.78397700      0.61754600      0.06286100     -0.26703500     -0.42696500      0.86386200     -0.00020400     -0.00291300     -0.00135200      0.06329200     -0.01178200     -0.23400200      0.12049500     -0.00899200      0.03535700      0.01535200     -0.49363200     -0.69990100      0.51620300      0.78350900     -0.61549900     -0.08528400      0.37741300      0.36235100      0.85220800     -0.00014400     -0.00203500     -0.00094300      0.12600900     -0.14374800     -0.12161700      0.02273600      0.11105100      0.03558300     -0.05251200     -0.69950600      0.48522200     -0.52464200     -0.66019000     -0.71981800      0.21449800     -0.27356800      0.49640700      0.82385600      0.00622000     -0.00050700     -0.00046000      0.00630700     -0.10848400      0.20487800     -0.46392800
     0.14603300      0.02792700      0.37756600     -0.80375300      0.30169400     -0.51284300     -0.48895600     -0.82603900      0.28027300     -0.33807600      0.47564900      0.81209000     -0.00001200     -0.00009500     -0.00005500      0.00000000      0.00000000      0.00000000     -0.34384300     -0.19794400      0.03928100      0.39726000      0.56430500      0.65396400      0.50386800     -0.77570900      0.62882200      0.05284000     -0.28297900     -0.42149900      0.86146600     -0.00003000     -0.00043400     -0.00020200      0.64106900      0.39420900     -0.41342400      0.08724900     -0.00899100      0.03530700      0.01533900     -0.49701000     -0.69303400      0.52219000      0.77409800     -0.62603400     -0.09408100      0.39211100      0.35746800      0.84762300     -0.00001200     -0.00015000     -0.00006900      1.90387100      1.69753400     -1.39274600     -0.02755700      0.11106100      0.03559100     -0.05251900     -0.69881100      0.48561100     -0.52520900     -0.66077000     -0.71944000      0.21398200     -0.27394500      0.49657500      0.82362900     -0.00000800     -0.00005600     -0.00003400      0.00530800     -0.09379300      0.17530800     -0.46507100
     0.14603000      0.02790400      0.37755300     -0.80343900      0.30196200     -0.51317800     -0.48932800     -0.82590400      0.28002100     -0.33828500      0.47571200      0.81196600     -0.00022800     -0.00179200     -0.00104300     -0.00076800      0.01359000     -0.02540300     -0.34429700     -0.19793500      0.03921800      0.39728200      0.56521000      0.65351500      0.50343500     -0.77393700      0.63125800      0.04968900     -0.28601800     -0.41853700      0.86190700     -0.00007600     -0.00109100     -0.00050700      0.05170000     -0.00051300     -0.22609200      0.07729700     -0.00898600      0.03527900      0.01535100     -0.49770600     -0.69279600      0.52184400      0.77173200     -0.62833000     -0.09813100      0.39587500      0.35388400      0.84737600     -0.00005500     -0.00076000     -0.00035300      0.08570000     -0.12147100     -0.06405600     -0.04731500      0.11106000      0.03558300     -0.05252400     -0.69841600      0.48583200     -0.52552800     -0.66110700     -0.71921000      0.21371300     -0.27413700      0.49669100      0.82349500     -0.00002100     -0.00016500     -0.00009600      0.00530700     -0.09379300      0.17530500     -0.46539700
     0.14601700      0.02788300      0.37752900     -0.80278800      0.30251200     -0.51387100     -0.49008600     -0.82563800      0.27948000     -0.33873200      0.47582300      0.81171400     -0.00005500     -0.00043500     -0.00025400      0.00000000      0.00000000      0.00000000     -0.34938800     -0.19792800      0.03904500      0.39732700      0.56767500      0.64927200      0.50614500     -0.76699100      0.64042400      0.03893600     -0.29956300     -0.41113200      0.86086900     -0.00011700     -0.00166600     -0.00077400      0.80682300      0.52517400      0.07062900      0.05005500     -0.00898200      0.03519200      0.01537400     -0.49969500     -0.68935700      0.52449000      0.76394700     -0.63613200     -0.10826100      0.40827600      0.34658500      0.84450500      0.00016900     -0.00619100      0.00409800      2.54567800      2.01310000      0.13532600     -0.07883100      0.11105300      0.03556800     -0.05253800     -0.69764900      0.48626000     -0.52615200     -0.66175300     -0.71877700      0.21316900     -0.27453100      0.49690000      0.82323800     -0.00002500     -0.00020000     -0.00011700      0.00001200     -0.00000800     -0.00000100     -0.46735700
     0.14602400      0.02786700      0.37752000     -0.80218000      0.30302800     -0.51451500     -0.49080200     -0.82537700      0.27899300     -0.33913300      0.47594600      0.81147400     -0.00000200     -0.00001700     -0.00001000      0.00000000      0.00000000      0.00000000     -0.35018300     -0.19798100      0.03895200      0.39736100      0.57013800      0.64511500      0.50868500     -0.75977500      0.64953000      0.02805300     -0.31300700     -0.40329600      0.85979200      0.00043000     -0.01111800      0.00878600      0.48980600      0.63096100     -0.53502400      0.02677500     -0.00900900      0.03514500      0.01539000     -0.50175400     -0.68509200      0.52810100      0.75496500     -0.64483400     -0.11922700      0.42222000      0.33887500      0.84076900      0.00021400     -0.00553200      0.00440600      0.52447000      0.71967900     -0.54642400     -0.11753000      0.11105600      0.03556000     -0.05254300     -0.69691800      0.48666900     -0.52674200     -0.66237600     -0.71835100      0.21267000     -0.27488600      0.49711500      0.82299000      0.00000200      0.00002100      0.00001300      0.00001500      0.00000300     -0.00000100     -0.46915300
     0.14603300      0.02785800      0.37751500     -0.80191300      0.30325600     -0.51479800     -0.49111700     -0.82526300      0.27877800     -0.33931000      0.47600000      0.81136900     -0.00000700     -0.00005900     -0.00003400      0.00000000      0.00000000      0.00000000     -0.35038700     -0.19798000      0.03892900      0.39738100      0.57089600      0.64481400      0.50821600     -0.75798900      0.65174600      0.02477900     -0.31594900     -0.40018400      0.86017000     -0.00000100     -0.00001100     -0.00000500      0.02508400      0.03383700     -0.20728900      0.02110100     -0.00900800      0.03513200      0.01540000     -0.50244200     -0.68475300      0.52788600      0.75276100     -0.64679200     -0.12251500      0.42532500      0.33581600      0.84043100      0.00000100      0.00004600      0.00002200      0.00514100      0.05853100     -0.19235400     -0.12830800      0.11106100      0.03555600     -0.05254500     -0.69659600      0.48684900     -0.52700100     -0.66264900     -0.71816400      0.21245000     -0.27504200      0.49720900      0.82288100     -0.00000100     -0.00001100     -0.00000600      0.00002200      0.00000500      0.00000300     -0.46964300
     0.14605200      0.02787300      0.37750000     -0.80142100      0.30366900     -0.51532100     -0.49167600     -0.82507700      0.27834200     -0.33966300      0.47605800      0.81118700     -0.00000000     -0.00000000     -0.00000000      0.00000000      0.00000000      0.00000000     -0.35170600     -0.19798600      0.03889000      0.39742700      0.57648200      0.64070500      0.50710700     -0.75033200      0.66075600      0.01837500     -0.32400700     -0.39190200      0.86098500      0.00000000      0.00000200      0.00000100      2.85062800      0.10111800      4.53245000     -0.00137600     -0.00901100      0.03511500      0.01542400     -0.50698100     -0.68156500      0.52767200      0.74548900     -0.65401300     -0.12849800      0.43268400      0.32822800      0.83967200      0.00005900     -0.00007400     -0.00001500      2.84329100      0.12028400      4.53878700     -0.15231100      0.11107000      0.03556400     -0.05255200     -0.69600500      0.48717700     -0.52748000     -0.66313700     -0.71784600      0.21200400     -0.27536600      0.49734800      0.82268900      0.00000200      0.00000900      0.00000500      0.00000800     -0.00000500     -0.00000600     -0.47029600
     0.14607100      0.02787900      0.37750300     -0.80084600      0.30415500     -0.51592600     -0.49235000     -0.82483000      0.27788200     -0.34004100      0.47617400      0.81096100      0.00000000      0.00000100      0.00000100      0.00000000      0.00000000      0.00000000     -0.35209200     -0.19798500      0.03889000      0.39743800      0.57987700      0.63760300      0.50714500     -0.74532800      0.66649100      0.01450500     -0.32946900     -0.38720800      0.86103600      0.00008100      0.00115100      0.00053500     -0.01026100      0.08424600     -0.17991400     -0.02294200     -0.00901100      0.03511300      0.01542800     -0.51147300     -0.67745900      0.52862500      0.73882800     -0.66083200     -0.13203300      0.43878000      0.32303200      0.83852300      0.00004500      0.00066400      0.00030900     -0.02281700      0.10145800     -0.17062000     -0.17647800      0.11108000      0.03556700     -0.05255000     -0.69531300      0.48756200     -0.52803400     -0.66372200     -0.71744300      0.21153300     -0.27570000      0.49755000      0.82245500     -0.00000000     -0.00000300     -0.00000200      0.00001200     -0.00000400     -0.00000900     -0.47094900
     0.14609000      0.02788500      0.37749500     -0.80175700      0.30427500     -0.51444000     -0.49220900     -0.82440200      0.27939900     -0.33809800      0.47683900      0.81138200      0.00000000      0.00000000      0.00000000     -0.00000000      0.00000000     -0.00000000     -0.35248900     -0.19800100      0.03891500      0.39745000      0.57794900      0.63861200      0.50807600     -0.74660600      0.66507800      0.01355700     -0.32996100     -0.38797600      0.86050200      0.00004400      0.00062200      0.00028900      0.00000000     -0.00000100     -0.00000000     -0.06244600     -0.00901900      0.03512700      0.01543500     -0.50942100     -0.67842600      0.52936500      0.74000100     -0.65934700     -0.13288800      0.43918900      0.32403500      0.83792200      0.00002700      0.00038800      0.00018100     -0.01327500      0.08815800     -0.17847100     -0.20783000      0.11109000      0.03557000     -0.05255400     -0.69626000      0.48779600     -0.52656900     -0.66356900     -0.71712600      0.21308700     -0.27367300      0.49777900      0.82299300     -0.00000000     -0.00000000     -0.00000200      0.00089300     -0.00123700      0.00087900     -0.47160200
     0.14610900      0.02790000      0.37748000     -0.80161800      0.30438800     -0.51458800     -0.49235100     -0.82436800      0.27924700     -0.33821800      0.47682500      0.81134000      0.00000000      0.00000000      0.00000000     -0.00000000      0.00000000     -0.00000000     -0.35281400     -0.19805000      0.03897200      0.39747000      0.57770400      0.63873900      0.50819500     -0.74675900      0.66490900      0.01341400     -0.33004300     -0.38805700      0.86043400     -0.01153500      0.00299600      0.00223100     -0.00204500      0.01520500     -0.02924500     -0.08994000     -0.00904000      0.03515000      0.01544200     -0.50915700     -0.67856300      0.52944300      0.74014200     -0.65915900     -0.13303200      0.43925800      0.32412900      0.83784900      0.00006700      0.00095600      0.00044500     -0.00037500      0.00013200     -0.00050400     -0.23020100      0.11109900      0.03557700     -0.05256200     -0.69608700      0.48788600     -0.52671500     -0.66369700     -0.71705600      0.21292200     -0.27380200      0.49779200      0.82294200      0.00000000     -0.00000000     -0.00000300      0.00012400     -0.00017400      0.00010700     -0.47176600
     0.14617400      0.02795100      0.37740700     -0.80257400      0.30445000     -0.51306000     -0.49207200     -0.82406300      0.28063900     -0.33635900      0.47731300      0.81182600     -0.00008600     -0.00067900     -0.00039600     -0.40312400      0.56675200     -0.45056900     -0.35251500     -0.19820100      0.03908800      0.39753600      0.57729900      0.64052500      0.50640300     -0.74711300      0.66454900      0.01138000     -0.32994800     -0.38572100      0.86152000      0.00016700      0.00235100      0.00109100      0.08250400     -0.12198300     -0.06600200     -0.14769900     -0.00911900      0.03521300      0.01547800     -0.50896100     -0.68014900      0.52759400      0.74026100     -0.65863300     -0.13496200      0.43928600      0.32186700      0.83870600     -0.00575700      0.00162000      0.00117500      0.11086100     -0.15248600     -0.12094500     -0.28359700      0.11113200      0.03560400     -0.05259800     -0.69697100      0.48808400     -0.52536100     -0.66348200     -0.71687500      0.21419900     -0.27207100      0.49785800      0.82347600     -0.00004800     -0.00037600     -0.00022100     -0.44834200      0.62825800     -0.49595100     -0.47192900
     0.14626800      0.02803200      0.37731700     -0.80214200      0.30479200     -0.51353300     -0.49246200     -0.82403100      0.28004700     -0.33681800      0.47714900      0.81173300     -0.00000100     -0.00000400     -0.00000300     -0.00000000      0.00000000     -0.00000000     -0.35418400     -0.19835200      0.03918900      0.39759400      0.58457300      0.63378300      0.50654200     -0.73937100      0.67315400      0.01124800     -0.33456800     -0.38190100      0.86144000      0.00020300      0.00283800      0.00131500      0.02269000      0.00048100      0.03855000     -0.19875400     -0.00919000      0.03526100      0.01550500     -0.51606800     -0.67362700      0.52905500      0.73260800     -0.66715900     -0.13484600      0.44380000      0.31800000      0.83780400      0.00014000      0.00198700      0.00092300      0.25445200     -0.00123200      0.46042100     -0.33634000      0.11117400      0.03564300     -0.05264400     -0.69658500      0.48832900     -0.52564500     -0.66376000     -0.71675200      0.21374600     -0.27237900      0.49779500      0.82341200      0.00000200      0.00001100      0.00000400      0.00010900     -0.00014300      0.00009000     -0.47274500
     0.14632500      0.02806700      0.37727900     -0.80191500      0.30497600     -0.51377900     -0.49268000     -0.82399700      0.27976100     -0.33703900      0.47709000      0.81167600      0.01243700     -0.00102300     -0.00092400      0.00098400     -0.01471500      0.02955300     -0.35436300     -0.19843500      0.03926300      0.39763500      0.59025200      0.62863100      0.50637700     -0.73168600      0.68155700      0.00700400     -0.34144500     -0.37543900      0.86158200      0.00029600      0.00412700      0.00191100      0.18240400     -0.24615200     -0.06210200     -0.22771100     -0.00923600      0.03529700      0.01552600     -0.52167400     -0.66789300      0.53082300      0.72437100     -0.67545800     -0.13799000      0.45071200      0.31252700      0.83617200      0.00010500      0.00153200      0.00071000      0.33380700     -0.38867700     -0.08347800     -0.36246600      0.11120200      0.03566100     -0.05266200     -0.69631300      0.48847300     -0.52587200     -0.66395300     -0.71666100      0.21345400     -0.27260600      0.49778600      0.82334300      0.00000200      0.00000800      0.00000300      0.00002500     -0.00002300      0.00000500     -0.47290800
     0.14644800      0.02812100      0.37721800     -0.80276500      0.30513100     -0.51235700     -0.49253300     -0.82363300      0.28109100     -0.33523000      0.47761800      0.81211400      0.01243600     -0.00101900     -0.00092200      0.00098400     -0.01471500      0.02955300     -0.36287500     -0.19863200      0.03934900      0.39767900      0.58888100      0.62938000      0.50704200     -0.73261000      0.68057200      0.00630400     -0.34183200     -0.37597300      0.86119600      0.00002500      0.00035200      0.00016300      0.00003400     -0.00005000     -0.00002700     -0.32218400     -0.00933400      0.03534800      0.01555100     -0.52034400     -0.66924600      0.53042500      0.72514900     -0.67432500     -0.13944000      0.45099900      0.31208100      0.83618400     -0.00584800      0.00027400      0.00054900     -0.01672000      0.10556100     -0.20621300     -0.43660000      0.11126400      0.03568800     -0.05269300     -0.69718600      0.48873300     -0.52447200     -0.66379800     -0.71639800      0.21481300     -0.27074500      0.49790800      0.82388300      0.00000100      0.00000400     -0.00000100      0.00048600     -0.00068400      0.00047900     -0.47503100
     0.14657100      0.02818400      0.37714900     -0.80386700      0.30507000     -0.51066300     -0.49207200     -0.82339100      0.28260400     -0.33326600      0.47807500      0.81265300      0.01243600     -0.00101600     -0.00092000      0.00098400     -0.01471500      0.02955300     -0.37086400     -0.19880100      0.03935400      0.39767200      0.58405000      0.63369700      0.50725200     -0.73406500      0.67902500     -0.00285900     -0.34696400     -0.37149000      0.86108900     -0.00000400     -0.00005300     -0.00002500      0.18495500     -0.27613000     -0.14931300     -0.43225300     -0.00941400      0.03534800      0.01554600     -0.51556400     -0.67251400      0.53095900      0.72538200     -0.67239800     -0.14731200      0.45608500      0.30919900      0.83449400     -0.00000800     -0.00006800     -0.00003100      0.37132600     -0.56483500     -0.31154800     -0.54143300      0.11132500      0.03572000     -0.05272700     -0.69835600      0.48882000     -0.52283100     -0.66337300     -0.71632900      0.21635000     -0.26876300      0.49792200      0.82452300      0.00000100      0.00000200     -0.00000300      0.00019700     -0.00031100      0.00020600     -0.48025700
     0.14669400      0.02827000      0.37706100     -0.80502200      0.30495300     -0.50890900     -0.49150900     -0.82321200      0.28410000     -0.33130600      0.47845700      0.81323000     -0.00000000     -0.00000000     -0.00000000     -0.00000000      0.00000000     -0.00000000     -0.38274400     -0.19897700      0.03950900      0.39763100      0.58097000      0.63462900      0.50962000     -0.73500100      0.67798900     -0.00616800     -0.35014300     -0.37179200      0.85967100      0.00012000      0.00163300      0.00075500      0.00004600     -0.00006900     -0.00003800     -0.49182300     -0.00950700      0.03542200      0.01552500     -0.51215800     -0.67464200      0.53155500      0.72593600     -0.67077700     -0.15189600      0.45903100      0.30808100      0.83329100     -0.00600800      0.00641600     -0.00357500      0.01905000      0.09446600     -0.18758300     -0.62569100      0.11139100      0.03576200     -0.05277200     -0.69957900      0.48887200     -0.52114500     -0.66287500     -0.71633100      0.21786400     -0.26680500      0.49786800      0.82519200      0.00621900     -0.00050500     -0.00046100      0.00129200     -0.01512400      0.02986400     -0.48678800
     0.14675100      0.02831300      0.37701700     -0.80478600      0.30514200     -0.50916900     -0.49173100     -0.82318700      0.28378800     -0.33154900      0.47837900      0.81317600     -0.00000000     -0.00000000     -0.00000000     -0.00000000      0.00000000     -0.00000000     -0.38785000     -0.19906500      0.03962200      0.39759600      0.58024400      0.63503100      0.50994500     -0.73540500      0.67754600     -0.00673300     -0.35049700     -0.37191400      0.85947300     -0.01157900      0.00204300      0.00178500     -0.01464400      0.10299600     -0.20724600     -0.51120400     -0.00954600      0.03548000      0.01550700     -0.51154400     -0.67496600      0.53173500      0.72618400     -0.67040100     -0.15237300      0.45932300      0.30819200      0.83309000     -0.00015700      0.00621400     -0.00408900      0.03589200     -0.01099700      0.01787900     -0.65214400      0.11142000      0.03578400     -0.05279300     -0.69929400      0.48902000     -0.52138800     -0.66307200     -0.71624600      0.21754200     -0.26706000      0.49784400      0.82512300      0.00000100     -0.00000000     -0.00000300      0.00003700     -0.00005800      0.00004200     -0.49054400
     0.14684400      0.02836200      0.37695300     -0.80422000      0.30560700     -0.50978400     -0.49232500     -0.82304500      0.28317100     -0.33204000      0.47832700      0.81300700     -0.00001600     -0.00013200     -0.00007700      0.00000000      0.00000000      0.00000000     -0.39489600     -0.19922900      0.03976700      0.39748700      0.58711200      0.62847200      0.51021100     -0.72758300      0.68593100     -0.00745000     -0.35537100     -0.36764300      0.85931000     -0.00009700     -0.00131200     -0.00060600      0.00018500     -0.00000300      0.00031200     -0.55759500     -0.00962800      0.03555400      0.01545900     -0.51816000     -0.66854500      0.53343800      0.71838700     -0.67866600     -0.15274300      0.46414300      0.30407000      0.83193200     -0.00007200     -0.00096300     -0.00044200      0.00026700      0.01036200     -0.02325400     -0.68676100      0.11146700      0.03580900     -0.05282500     -0.69861500      0.48938700     -0.52195400     -0.66359400     -0.71595500      0.21691100     -0.26754200      0.49790300      0.82493200      0.00620900     -0.00058200     -0.00050700      0.00099200     -0.01471500      0.02956100     -0.49625900
     0.14693700      0.02838800      0.37689800     -0.80506300      0.30576600     -0.50835700     -0.49218800     -0.82265200      0.28454500     -0.33020000      0.47889900      0.81341900      0.00019100      0.01056600     -0.00884800      0.03547800     -0.01385000      0.01791700     -0.40486400     -0.19943800      0.03997400      0.39724200      0.58696600      0.62858500      0.51023900     -0.72737700      0.68613900     -0.00830300     -0.35603300     -0.36705900      0.85928500     -0.00057000      0.00890800     -0.00980100      0.03638900     -0.01149200      0.01775000     -0.61835000     -0.00973700      0.03565500      0.01533500     -0.51798800     -0.66868800      0.53342600      0.71809500     -0.67878300     -0.15359100      0.46478600      0.30349200      0.83178400     -0.00029600      0.00425700     -0.00498600      0.03623000     -0.01148700      0.01750200     -0.69166000      0.11151300      0.03581700     -0.05285000     -0.69949400      0.48964400     -0.52053400     -0.66344300     -0.71565900      0.21834700     -0.26561300      0.49807700      0.82545000     -0.00000700     -0.00005800     -0.00003400      0.00064900     -0.00091100      0.00065600     -0.50246400
     0.14698200      0.02840100      0.37685900     -0.80488700      0.30590700     -0.50855000     -0.49235800     -0.82262800      0.28432200     -0.33037400      0.47885100      0.81337700     -0.00004700     -0.00038200     -0.00022300     -0.00000000      0.00000000     -0.00000000     -0.41079800     -0.19951100      0.04011600      0.39706100      0.58702700      0.62857500      0.51017900     -0.72712100      0.68640400     -0.00882500     -0.35645500     -0.36657900      0.85931500     -0.00067100      0.00754600     -0.01042800      0.03456500      0.00126200     -0.00802600     -0.64792600     -0.00977400      0.03572800      0.01524600     -0.51807200     -0.66866800      0.53337000      0.71776700     -0.67901900     -0.15408400      0.46520000      0.30300900      0.83172900     -0.00028100      0.00444300     -0.00489700      0.03625500     -0.01148000      0.01755000     -0.69198700      0.11153600      0.03582800     -0.05287300     -0.69926700      0.48975900     -0.52073000     -0.66359800     -0.71559500      0.21808300     -0.26582400      0.49805400      0.82539600     -0.00002800     -0.00022600     -0.00013300      0.00009200     -0.00011800      0.00009600     -0.50605700
     0.14708800      0.02846000      0.37669900     -0.80430300      0.30636600     -0.50919700     -0.49288500     -0.82259400      0.28350700     -0.33100900      0.47861600      0.81325700     -0.00032000     -0.00258500     -0.00150800      0.00000000      0.00000000      0.00000000     -0.42661500     -0.19983300      0.04052900      0.39655300      0.58659000      0.62889000      0.51029500     -0.72679900      0.68672000     -0.01062800     -0.35783200     -0.36544500      0.85922600     -0.01299400      0.01592800     -0.01961000      0.07072200     -0.00794400      0.00617300     -0.69438100     -0.00992500      0.03592800      0.01500400     -0.51761900     -0.66898800      0.53340800      0.71725400     -0.67917400     -0.15578200      0.46649400      0.30195300      0.83138800     -0.00628000      0.00255900     -0.00534700      0.03242500      0.01646200     -0.03740100     -0.69639500      0.11158900      0.03585800     -0.05294600     -0.69856600      0.49012200     -0.52132900     -0.66407600     -0.71539900      0.21726900     -0.26647000      0.49797900      0.82523200     -0.00011800     -0.00095800     -0.00055800      0.00000300     -0.00001100      0.00000800     -0.51552700
     0.14720500      0.02859600      0.37633600     -0.80492100      0.30663600     -0.50805700     -0.49268700     -0.82253200      0.28402800     -0.32980300      0.47854800      0.81378700      0.01205200      0.01399300     -0.02217800      0.07118000     -0.02874700      0.04002300     -0.43792700     -0.20013800      0.04090500      0.39575400      0.58587300      0.62616000      0.51445900     -0.72617900      0.68739300     -0.00943700     -0.36026200     -0.36885400      0.85675000     -0.00181800      0.00876500     -0.02376000     -0.07604600      0.28103100     -0.05668200     -0.71930800     -0.01008700      0.03612900      0.01460100     -0.51651800     -0.66679300      0.53721000      0.71667600     -0.67997900     -0.15492700      0.46859600      0.30498300      0.82909600     -0.00093500      0.00390000     -0.01209900     -0.12934200      0.29319900      0.17892300     -0.70325400      0.11164300      0.03592700     -0.05312200     -0.69921600      0.49044400     -0.52015400     -0.66387200     -0.71540800      0.21786200     -0.26527400      0.49764800      0.82581700     -0.00026400      0.00235300     -0.00613400      0.03639300     -0.00247300     -0.00577500     -0.52418200
     0.14725800      0.02883600      0.37564100     -0.80427800      0.30700700     -0.50884900     -0.49271600     -0.82321200      0.28200000     -0.33131900      0.47713900      0.81399800     -0.00097600      0.01019100     -0.02407200      0.07019400     -0.01404900      0.01046100     -0.47382700     -0.20042500      0.04138100      0.39451800      0.58618200      0.62202100      0.51910800     -0.72537000      0.68829000     -0.00542700     -0.36139000     -0.37415200      0.85397300     -0.00283900      0.01172400     -0.03629300     -0.05736000      0.23659300      0.13754600     -0.75362700     -0.01023100      0.03637400      0.01397600     -0.51608500     -0.66295800      0.54234800      0.71644200     -0.68113800     -0.15086300      0.46943000      0.31070300      0.82649700     -0.00143300      0.00546900     -0.01832600     -0.08596100      0.28384800      0.16420900     -0.70896900      0.11167500      0.03605100     -0.05346700     -0.69844100      0.49072100     -0.52093300     -0.66396000     -0.71596100      0.21576700     -0.26708700      0.49658000      0.82587600     -0.00063100     -0.00066700     -0.00790300      0.03477500     -0.00020200     -0.00737700     -0.54247000
     0.14728900      0.02899500      0.37511200     -0.80376700      0.30524900     -0.51071200     -0.49227400     -0.82327900      0.28257700     -0.33320700      0.47815200      0.81263200     -0.00147000      0.00618500     -0.02642900      0.00081100     -0.08390500     -0.05823000     -0.49863900     -0.20054400      0.04168400      0.39365100      0.58620200      0.61959600      0.52197600     -0.72526900      0.68841400     -0.00243200     -0.36156000     -0.37793200      0.85223500     -0.00361100      0.01788200     -0.04732800     -0.02974800      0.31006500     -0.02365900     -0.77702600     -0.01028900      0.03652000      0.01356000     -0.51585400     -0.66060700      0.54542800      0.71671500     -0.68155900     -0.14763200      0.46926800      0.31476100      0.82505200     -0.00768300      0.00848600     -0.02345300     -0.08195700      0.42166800     -0.03508400     -0.71337800      0.11169000      0.03613400     -0.05372900     -0.69815500      0.48900500     -0.52292700     -0.66363900     -0.71606800      0.21640000     -0.26863100      0.49811500      0.82445000     -0.00060600      0.00853200     -0.01753200      0.02387800     -0.12809800     -0.02399600     -0.55667700
