     0.05974400      0.02667600      0.34720800     -0.11060400      0.06335300     -0.99186600     -0.08967500     -0.99451500     -0.05357600     -0.98968700      0.08293400      0.11691300      0.02718600     -0.01812800      0.02112000     -0.06878100     -0.00198200      0.05585200     -1.07730900     -0.10309500      0.04770800      0.30435000     -0.00004400      0.73863500      0.67409900     -0.98404800      0.11985200     -0.13122000     -0.17769200     -0.66426800      0.72597300     -0.01458200      0.00464600      0.00616000     -0.27066900      0.44754600      0.62460600      0.12928900      0.03790800      0.04093200     -0.03166500      0.14091000     -0.79210700      0.59389400      0.96827900     -0.01476600     -0.24943300      0.20634700      0.61020300      0.76490000     -0.00725200      0.00213400      0.00291600     -0.29850200      0.49496900      0.67163500     -0.09124100      0.06818100      0.03488600     -0.06897200     -0.10029300      0.07671100     -0.99199500     -0.11596500     -0.99112900     -0.06492000     -0.98817600      0.10852600      0.10829900      0.00802100     -0.00157000      0.00771600     -0.04542700     -0.00667100      0.03727400     -0.71849800
     0.06069200      0.02612800      0.34806100     -0.10585700      0.07178000     -0.99181000     -0.12741700     -0.99013100     -0.05811300     -0.98606700      0.12012600      0.11519300      0.02803900     -0.01600300      0.02282200     -0.55816300     -0.03083900      0.11259000     -1.07021000     -0.10414200      0.04788600      0.30448500      0.02205000      0.71372200      0.70007600     -0.97819200      0.16002000     -0.13216600     -0.20635900     -0.68277900      0.70077900     -0.04255200      0.01180100     -0.00111700      0.37493100      0.76111900     -0.01162100      0.16925600      0.03739500      0.04101500     -0.03159700      0.11828300     -0.77085200      0.62593400      0.96630600     -0.05576300     -0.25127800      0.22860200      0.63456700      0.73828400     -0.01377100      0.00120700      0.00298600      1.42478200      2.17555000     -1.02040100      0.00428400      0.06865300      0.03460800     -0.06854900     -0.09536200      0.08496700     -0.99180900     -0.15307600     -0.98575100     -0.06972900     -0.98360200      0.14517300      0.10701000      0.01418600     -0.00755600      0.01175100     -1.72553100     -0.11206300      0.27219200     -0.71882400
     0.06176100      0.02541200      0.34915600     -0.09592900      0.08123600     -0.99209000     -0.14807600     -0.98672100     -0.06653200     -0.98420700      0.14041500      0.10791900      0.04211600     -0.01660600      0.02295200     -0.06391200     -0.03235600      0.10904600     -1.07316100     -0.10561500      0.04798600      0.30469000      0.03412300      0.69114900      0.72190100     -0.97378800      0.18548800     -0.13139800     -0.22473800     -0.69935000      0.67842800     -0.04254900      0.01228600     -0.00075900     -0.14524900      0.44811000      0.05603600      0.20348500      0.03665900      0.04106500     -0.03149400      0.10757300     -0.75172200      0.65064600      0.96386800     -0.08155500     -0.25358400      0.24368800      0.65441700      0.71578900     -0.02020800      0.00016900      0.00299200     -0.22802800      0.51458600      0.10029100      0.05980300      0.06918200      0.03424900     -0.06800200     -0.08508000      0.09413600     -0.99191600     -0.17408500     -0.98161800     -0.07822700     -0.98104800      0.16602300      0.09990400      0.01377900     -0.01209300      0.01665500     -0.09743000      0.01506100      0.06580200     -0.71980400
     0.06293200      0.02464600      0.35036800     -0.09345900      0.08621700     -0.99190600     -0.15153600     -0.98585000     -0.07146700     -0.98392100      0.14351600      0.10643600      0.02808900     -0.02286000      0.03434500     -0.09842700      0.00375400      0.06541100     -1.09593600     -0.10718900      0.04817000      0.30478400      0.04420000      0.67815700      0.73358100     -0.96726800      0.21268100     -0.13817600     -0.24975400     -0.70430200      0.66441200     -0.04034800      0.00051700      0.00602100     -0.11409900      0.41991200     -0.25149100      0.21868800      0.03588700      0.04115700     -0.03145000      0.09742300     -0.74105900      0.66433400      0.95887900     -0.10889600     -0.26209000      0.26656800      0.66255000      0.69997700     -0.02121200      0.00609900     -0.00043300     -0.11203400      0.47547100     -0.16011400      0.09197100      0.06977400      0.03387000     -0.06739900     -0.08255000      0.09910000     -0.99164700     -0.17740500     -0.98061200     -0.08322900     -0.98066900      0.16905200      0.09853100      0.02049200     -0.01317000      0.01606900     -0.09626900     -0.01046900      0.09454100     -0.72372300
     0.06347300      0.02427500      0.35100700     -0.09343400      0.08727100     -0.99181600     -0.15335200     -0.98550700     -0.07232200     -0.98364200      0.14522400      0.10669800      0.02985400     -0.01126400      0.02649900     -0.06591500      0.08510400     -0.09077800     -1.12010300     -0.10802600      0.04840900      0.30480800      0.04666200      0.66926800      0.74154800     -0.96338500      0.22634200     -0.14350400     -0.26391900     -0.70852900      0.65436700     -0.04297800      0.01516100      0.00170500     -0.08832000      0.48729300     -0.09807400      0.23316500      0.03545400      0.04127100     -0.03144100      0.09574200     -0.73330700      0.67312100      0.95544400     -0.12198100     -0.26878700      0.27921200      0.66886400      0.68895500     -0.02139400      0.00710900      0.00045400     -0.07109900      0.58404900      0.03984400      0.10634100      0.07004300      0.03368000     -0.06707700     -0.08242300      0.10025200     -0.99154100     -0.17921600     -0.98019800     -0.08420800     -0.98035000      0.17075900      0.09875800      0.01418000     -0.01102800      0.01746400     -0.09746400      0.00376700      0.06519700     -0.72176300
     0.06443400      0.02366200      0.35226200     -0.09377400      0.08873800     -0.99165300     -0.15671100     -0.98490100     -0.07336800     -0.98308000      0.14840600      0.10749800      0.02992900     -0.01093200      0.02667900     -0.06492600     -0.01738200      0.07969400     -1.15456300     -0.10972000      0.04915000      0.30494300      0.06068000      0.64178800      0.76447200     -0.95204200      0.26729100     -0.14867700     -0.29980500     -0.71958300      0.62624300     -0.04573100      0.03119600     -0.00144200      1.47915400      1.15176100      0.81395100      0.28613800      0.03459200      0.04164600     -0.03137400      0.08279800     -0.70954600      0.69977700      0.94705400     -0.16255500     -0.27688100      0.31021200      0.68565200      0.65852000     -0.02291600      0.01578600     -0.00055300      1.50202500      1.32387900      0.88188800      0.16071700      0.07053600      0.03337100     -0.06643800     -0.08280300      0.10167000     -0.99136500     -0.18255900     -0.97949500     -0.08520500     -0.97970100      0.17392800      0.09966600      0.01495100     -0.00545000      0.01333600     -0.06423000     -0.01732200      0.07958400     -0.72339600
     0.06506900      0.02337600      0.35341300     -0.09850200      0.08909100     -0.99116400     -0.15937200     -0.98452300     -0.07270900     -0.98218400      0.15068500      0.11241000      0.01839600      0.00330800      0.02026400     -0.03222400     -0.02306600      0.06483200     -1.15344300     -0.11161600      0.05003000      0.30497400      0.08748400      0.60426800      0.79195800     -0.93725000      0.31925100     -0.13991100     -0.33746100     -0.73077100      0.59326000     -0.05564000      0.01403300      0.00224400     -0.43132200      1.37106800      0.28093600      0.32744800      0.03367900      0.04207900     -0.03135000      0.05594100     -0.67898300      0.73201900      0.93730400     -0.21688600     -0.27280100      0.34399200      0.70138500      0.62428100     -0.02895500      0.01347700     -0.00176500     -0.20589700      1.04389900      0.43753500      0.22489000      0.07084000      0.03323000     -0.06588000     -0.08762500      0.10211500     -0.99090500     -0.18510900     -0.97907500     -0.08452700     -0.97880300      0.17601800      0.10469400      0.00198500     -0.00208300      0.01539700     -0.06773900      0.10611800     -0.15471400     -0.72323300
     0.06532800      0.02333600      0.35388700     -0.10031800      0.08747400     -0.99112500     -0.16052100     -0.98448400     -0.07069400     -0.98181100      0.15188900      0.11403600      0.00512100      0.00586200      0.02167500     -0.03323800     -0.00866900      0.03509100     -1.15298500     -0.11258700      0.05056500      0.30490500      0.09675800      0.58462200      0.80550900     -0.93127000      0.33875200     -0.13385200     -0.35121500     -0.73791900      0.57618300     -0.04482200      0.02871200     -0.00383000     -0.30719800      1.18288300      0.19048500      0.33279400      0.03319000      0.04234000     -0.03138300      0.04632900     -0.66079900      0.74913000      0.93389600     -0.23750800     -0.26725800      0.35452900      0.71199200      0.60611400     -0.02979800      0.01897300     -0.00556500     -0.29858600      1.48156400      0.52325300      0.24546400      0.07097500      0.03320600     -0.06564000     -0.08946200      0.10048100     -0.99090800     -0.18628800     -0.97902800     -0.08245800     -0.97841300      0.17721700      0.10630500      0.00818200     -0.00443600      0.01379900     -0.06497200     -0.00632900      0.05360200     -0.72356000
     0.06568400      0.02346000      0.35456700     -0.09961400      0.08888000     -0.99107100     -0.16752400     -0.98326500     -0.07139600     -0.98071300      0.15879900      0.11407000      0.00514100      0.01311700      0.01032400      0.00045700     -0.02927500      0.04965100     -1.13452900     -0.11437900      0.05179500      0.30475400      0.12275000      0.53677500      0.83474300     -0.91127000      0.39407500     -0.11926600     -0.39309700     -0.74670000      0.53644800     -0.04492000      0.03049800     -0.00234900     -0.25264600      1.40104600      0.50006500      0.34875700      0.03227700      0.04296200     -0.03146200      0.02055700     -0.61841100      0.78558500      0.92036300     -0.29521300     -0.25647400      0.39052100      0.72829700      0.56309500     -0.02240700      0.01494000     -0.00142500      0.14959900      1.15706800      0.23194600      0.26701900      0.07116300      0.03327500     -0.06528200     -0.08864200      0.10196900     -0.99082900     -0.19331000     -0.97759300     -0.08331300     -0.97712400      0.18415200      0.10636700      0.00248200      0.00636800      0.00500600      0.00080400     -0.02917500      0.04935900     -0.71866100
     0.06595200      0.02384100      0.35488300     -0.09479000      0.08984900     -0.99145700     -0.19669800     -0.97795700     -0.06987300     -0.97576800      0.18827600      0.11160800      0.01674800      0.00648600      0.00561900     -0.14966700     -0.06703700      0.05499200     -1.11589300     -0.11620800      0.05313300      0.30453200      0.15371500      0.48296100      0.86203900     -0.87740000      0.46792900     -0.10557200     -0.45452500     -0.74072200      0.49457200     -0.04638500      0.04128300     -0.01011200      4.54379800      0.63552900      2.98026800      0.37013900      0.03136300      0.04363000     -0.03156800     -0.00905600     -0.56972900      0.82178200      0.89697600     -0.36787300     -0.24515700      0.44198500      0.73489900      0.51436500     -0.02226100      0.01487200     -0.00153300     -0.26535200      1.34762300      0.12357100      0.29820700      0.07129000      0.03346300     -0.06512600     -0.08357000      0.10255300     -0.99121000     -0.22222800     -0.97155800     -0.08178300     -0.97140600      0.21344100      0.10398300      0.00191000      0.00489600      0.00383700     -0.50303200      0.04998100     -0.09216900     -0.71572200
     0.06622200      0.02424000      0.35492200     -0.08329400      0.08471800     -0.99294000     -0.21984900     -0.97337400     -0.06466000     -0.97188200      0.21279900      0.10093700      0.00186400      0.00477800      0.00373400     -0.01441600     -0.13521800     -0.07967500     -1.09581400     -0.11798700      0.05441900      0.30426800      0.18969100      0.42264600      0.88621600     -0.83751600      0.54068900     -0.07846300     -0.51253900     -0.72785700      0.45540100     -0.04402200      0.02855000     -0.00423000      0.14364400      1.36370400      0.86301700      0.38477800      0.03045600      0.04428800     -0.03170400     -0.04920800     -0.51519200      0.85566000      0.86435900     -0.45122900     -0.22197700      0.50046000      0.72867600      0.46751500     -0.02202200      0.01428200     -0.00209800      0.16383900      1.29786300      0.79518300      0.32694700      0.07143200      0.03366700     -0.06510400     -0.07191800      0.09692500     -0.99268900     -0.24544000     -0.96638200     -0.07657500     -0.96674000      0.23813800      0.09328900      0.00173100      0.00800900     -0.00220200      0.01677400     -0.14188000     -0.02248600     -0.71131300
     0.06634300      0.02440700      0.35487700     -0.07492400      0.08049200     -0.99395800     -0.23722500     -0.96954300     -0.06068600     -0.96848300      0.23113900      0.09297400      0.00125300      0.00321400      0.00251000     -0.05328800     -0.37899700     -0.22179100     -1.07317300     -0.11873300      0.05501200      0.30419100      0.21881100      0.38958600      0.89461500     -0.80932100      0.58458700     -0.05649800     -0.54523600     -0.71214900      0.44206800     -0.02935200      0.01892200      0.00273400      4.74870200      0.93637300      3.12150600      0.37488200      0.03010600      0.04456500     -0.03174300     -0.07754300     -0.48791700      0.86943800      0.84573500     -0.49397700     -0.20178400      0.52793700      0.71966800      0.45095300     -0.01558500      0.01514600     -0.00217100      0.98136100      0.27898100      1.89042300      0.32547700      0.07149200      0.03375100     -0.06512500     -0.06429300      0.09314900     -0.99357300     -0.26272000     -0.96209100     -0.07319800     -0.96272700      0.25632600      0.08632700      0.00056100      0.00143100      0.00112200     -0.05258600     -0.42851300     -0.25309700     -0.71114900
     0.06648300      0.02466400      0.35473900     -0.05873900      0.07118200     -0.99575500     -0.27186100     -0.96087700     -0.05270500     -0.96048300      0.26751700      0.07703100      0.00153300      0.01108400     -0.00826400     -1.65380300     -0.45934200     -0.06528600     -1.00710700     -0.11984100      0.05574000      0.30408200      0.27885700      0.34525600      0.89611900     -0.78396200      0.62073600      0.00492700     -0.55487400     -0.70432300      0.44261500     -0.02759500      0.00986000     -0.00517700      0.27807300      0.20856600      0.91065200      0.43389000      0.02953700      0.04495800     -0.03178400     -0.14275900     -0.44588300      0.88363300      0.82808600     -0.54280700     -0.14011700      0.54211800      0.71172100      0.44672000     -0.00647500     -0.00022200      0.00064100      1.07333400     -0.17161200      1.89904000      0.34899100      0.07156100      0.03387400     -0.06519200     -0.04834700      0.08319400     -0.99535900     -0.29555400     -0.95309000     -0.06530500     -0.95410100      0.29102500      0.07066700      0.00063000      0.00530000     -0.00447900     -5.50967900     -0.77181700      0.17911300     -0.70494400
     0.06651700      0.02486900      0.35462000     -0.04568600      0.05486600     -0.99747100     -0.30113400     -0.95278300     -0.03866800     -0.95244400      0.29853200      0.06129200      0.00032100      0.00082500      0.00064400     -0.03063500     -0.38595600     -0.02312400     -0.95600700     -0.12078200      0.05555500      0.30384000      0.32796700      0.30559000      0.89389200     -0.74036200      0.67081800      0.04243700     -0.58705400     -0.67610000      0.44510700     -0.02428700     -0.00997600     -0.00543500      0.12643000     -0.07086200      0.39824400      0.45659100      0.02907500      0.04487500     -0.03190400     -0.19440100     -0.41081400      0.89075200      0.79347900     -0.59974300     -0.10343000      0.57671300      0.68668700      0.44256300     -0.01203300     -0.00556900     -0.00320200      1.52592900     -0.15626400      1.18444700      0.41577700      0.07157600      0.03397100     -0.06525600     -0.03542600      0.06624400     -0.99717300     -0.32646600     -0.94382600     -0.05110200     -0.94454400      0.32373300      0.05506200      0.00022800      0.00057300      0.00045400     -0.06410600     -0.26569700     -0.46886200     -0.70380100
     0.06650100      0.02494700      0.35459100     -0.03816900      0.04570700     -0.99824800     -0.31307900     -0.94918900     -0.03154300     -0.94892600      0.31126400      0.05178200      0.00014900      0.00038200      0.00029800     -0.03821300     -0.49876400     -0.06411300     -0.92561700     -0.12119800      0.05536200      0.30374100      0.33238600      0.29180700      0.89686100     -0.72176000      0.69076700      0.04286900     -0.60740100     -0.66192800      0.43906500     -0.02417000     -0.01074100     -0.00611200      1.51330500      0.01880100      0.98709400      0.43145000      0.02885900      0.04477100     -0.03195800     -0.19915000     -0.39872400      0.89518600      0.77749700     -0.62033800     -0.10333600      0.59652000      0.67542500      0.43354700     -0.01201400     -0.00551600     -0.00311000      5.07554200      0.14880800      2.68065500      0.41447000      0.07156900      0.03401500     -0.06527300     -0.02797400      0.05684600     -0.99799000     -0.33836900     -0.93998100     -0.04405700     -0.94059700      0.33645700      0.04553000      0.00006100      0.00015100      0.00012400     -0.03686300     -0.48127700     -0.04632200     -0.70870000
     0.06643600      0.02517300      0.35454700     -0.02325600      0.02343700     -0.99947700     -0.33699700     -0.94138200     -0.01428600     -0.94120200      0.33645400      0.03103500     -0.01060800      0.01627500     -0.00473000     -0.02896800     -0.77556400     -0.24049700     -0.86985100     -0.12216900      0.05488600      0.30338300      0.29577600      0.26647200      0.91733400     -0.65131400      0.75869600     -0.01026200     -0.69905200     -0.59476900      0.39678600     -0.03629800     -0.01631800     -0.00939900      3.09337000      2.52232300     -1.74761800      0.41258500      0.02839200      0.04453900     -0.03213500     -0.16658400     -0.37386800      0.91239900      0.71179700     -0.68593600     -0.15111300      0.68234400      0.62427000      0.38038400     -0.01163600     -0.00778300     -0.00513300      5.55085400      0.78834400      1.41549600      0.38491500      0.07154000      0.03411900     -0.06529500     -0.01489500      0.03548900     -0.99925800     -0.36213000     -0.93171500     -0.02769200     -0.93200800      0.36144900      0.02672900      0.00051100      0.00130200      0.00102200     -0.07334800     -0.69068800     -0.40035100     -0.71784400
     0.06624900      0.02560500      0.35451800     -0.00649700     -0.00115800     -1.00000100     -0.36055800     -0.93271500      0.00337000     -0.93271900      0.36057700      0.00688700      0.00300300      0.01482700     -0.00534100     -0.04211200     -1.02268100     -0.31533100     -0.79179600     -0.12340800      0.05405700      0.30294500      0.25601400      0.25068100      0.93359900     -0.56670300      0.82131300     -0.06500500     -0.78336200     -0.51274700      0.35113700     -0.02264200     -0.02056300     -0.01480000      0.41427100      0.40816000     -0.38464600      0.35789000      0.02776100      0.04413700     -0.03234900     -0.12389500     -0.35438500      0.92685500      0.62200300     -0.75550500     -0.20572400      0.77315000      0.55101900      0.31403200     -0.01758300     -0.01151000     -0.00765600      5.20394400      0.19858300      1.26598400      0.34099000      0.07144400      0.03432800     -0.06530900      0.00053100      0.01139400     -0.99993400     -0.38553300     -0.92263100     -0.01071800     -0.92269300      0.38551400      0.00390300      0.00075200      0.00193000      0.00151200     -0.04365400     -0.61227500     -0.12344400     -0.71947700
     0.06606700      0.02615600      0.35445500      0.01218100     -0.03178600     -0.99944300     -0.37837600     -0.92530500      0.02476400     -0.92559900      0.37789800     -0.02205400      0.00333900      0.01566200     -0.00469100     -1.61242800      0.27075700     -2.82173200     -0.74036000     -0.12406100      0.05315000      0.30240100      0.26857800      0.23159800      0.93499700     -0.50918100      0.85807400     -0.06615900     -0.81792400     -0.45860800      0.34719200     -0.00995800     -0.01879100     -0.01495200      0.60033800     -1.11159200      2.06202500      0.31720800      0.02741900      0.04365500     -0.03263600     -0.13684600     -0.33787200      0.93118900      0.56708200     -0.79747900     -0.20602000      0.81221200      0.49986900      0.30073300     -0.00497400     -0.00944400     -0.00750300      0.61320200     -0.97605600      2.15275200      0.27191800      0.07135000      0.03461000     -0.06534200      0.02110200     -0.01825300     -0.99961000     -0.40168800     -0.91573800      0.00824200     -0.91553200      0.40135800     -0.02665700     -0.00491900      0.00910900     -0.00173200     -5.53709500     -0.59162400     -0.29859500     -0.72143700
     0.06600300      0.02648000      0.35438500      0.02608000     -0.04736400     -0.99856000     -0.38997200     -0.92020500      0.03340900     -0.92050200      0.38859300     -0.04122600      0.00334600      0.01566900     -0.00468600     -0.53255900     -1.11213200     -0.40106700     -0.72294700     -0.12430900      0.05281600      0.30210600      0.28694700      0.21577900      0.93332300     -0.46881200      0.88125500     -0.05948300     -0.83566000     -0.42076000      0.35284100     -0.01189500     -0.00621100     -0.02106300      0.70072600     -1.52594100      2.06665600      0.31617700      0.02730000      0.04348800     -0.03277700     -0.15447000     -0.32334800      0.93358600      0.53061100     -0.82424100     -0.19768200      0.83342100      0.46483500      0.29889200     -0.00496700     -0.00911600     -0.00727700      5.15767500      0.03018400      1.45987500      0.25607900      0.07131800      0.03477300     -0.06537600      0.03248800     -0.03642800     -0.99880700     -0.41438400     -0.90988800      0.01970600     -0.90952100      0.41324900     -0.04465600     -0.00485500      0.00920100     -0.00154400     -1.72240700     -1.26590600     -0.39582800     -0.72976500
     0.06587700      0.02726100      0.35415900      0.04909400     -0.08931800     -0.99481500     -0.41758300     -0.90659100      0.06073600     -0.90738400      0.41254200     -0.08056700      0.00316100      0.01517400     -0.00506800     -0.03134200     -1.42743700     -0.35622100     -0.68315800     -0.12468600      0.05217900      0.30157600      0.30125600      0.17979600      0.93643500     -0.37846500      0.92391300     -0.05551500     -0.87551200     -0.33791700      0.34518500     -0.01054800     -0.01568300     -0.01231600      0.59691200      0.22077800      0.00799000      0.31126400      0.02711200      0.04316900     -0.03305000     -0.17352400     -0.28803000      0.94176800      0.44457300     -0.87620400     -0.18606400      0.87877400      0.38639800      0.28009200     -0.00521300     -0.00819400     -0.00646400      2.08671500      0.26585900      0.35283500      0.23925900      0.07125900      0.03515400     -0.06548300      0.05328700     -0.07823300     -0.99550900     -0.44234000     -0.89562900      0.04670700     -0.89526200      0.43786500     -0.08233100      0.00155800      0.00751900     -0.00257700     -0.03703400     -1.08668000     -0.46599000     -0.73319400
     0.06575300      0.02812500      0.35381000      0.07575900     -0.13218900     -0.98834800     -0.43345400     -0.89698100      0.08669000     -0.89809000      0.42199600     -0.12402200     -0.01020800      0.01703400     -0.00413100     -0.50257300     -1.47121600     -0.54496300     -0.66691900     -0.12483600      0.05139700      0.30123700      0.26539100      0.16296700      0.95026400     -0.29918500      0.95085200     -0.07939000     -0.91679900     -0.26345000      0.29989400     -0.00898900     -0.02646800     -0.00470500      0.71596800      2.71548200     -1.61678300      0.37695300      0.02703300      0.04277300     -0.03322300     -0.13937800     -0.27119000      0.95238000      0.36491200     -0.90814900     -0.20519100      0.92054900      0.31893600      0.22553600     -0.00451500     -0.01317200     -0.00228000      0.70420900      2.68227300     -1.62296400      0.27632700      0.07119900      0.03559900     -0.06566100      0.07936400     -0.12203900     -0.98934600     -0.45769500     -0.88614000      0.07259200     -0.88555900      0.44705800     -0.12618500      0.00209300      0.01240500     -0.00721100     -1.61414000     -0.92490200     -0.60384500     -0.71033300
     0.06563200      0.02851000      0.35360900      0.09044700     -0.15426600     -0.98390400     -0.44441600     -0.89035200      0.09869100     -0.89136500      0.42852300     -0.14786300      0.00172500      0.01148700     -0.00791200     -0.02121800     -1.47714700     -0.63341100     -0.65464500     -0.12494800      0.05091600      0.30111600      0.23797800      0.16208800      0.95764600     -0.25908700      0.96082300     -0.09812200     -0.93629900     -0.22497800      0.26943000      0.00389000     -0.02491000     -0.00497300      2.21601400      2.32601700     -1.39356000      0.41422900      0.02697900      0.04255400     -0.03327800     -0.11231800     -0.26762100      0.95695500      0.32961600     -0.91855500     -0.21819500      0.93740900      0.29092100      0.19138300     -0.00451600     -0.01324900     -0.00236000      0.19953800      1.56689200     -0.15483500      0.32074100      0.07113600      0.03579600     -0.06575800      0.09350700     -0.14446500     -0.98508100     -0.46904600     -0.87913000      0.08440300     -0.87820900      0.45415700     -0.14996500     -0.00479900      0.01281200     -0.00713300     -0.01015200     -1.12782300     -0.43302200     -0.70445500
     0.06532700      0.02912600      0.35312700      0.11658800     -0.20006000     -0.97284600     -0.46187700     -0.87805200      0.12515900     -0.87940100      0.43498800     -0.19356300     -0.01265100      0.01076900     -0.00897400     -0.00495400     -1.39669500     -0.89005500     -0.60489200     -0.12532900      0.04994500      0.30084600      0.19951500      0.14623900      0.96891700     -0.14846900      0.98187800     -0.11750400     -0.96876000     -0.12061000      0.21637900     -0.00885500     -0.02786400     -0.00603100      0.33910700      1.01168500     -0.13540700      0.43809300      0.02678900      0.04206200     -0.03341300     -0.07218900     -0.24851500      0.96593400      0.21404400     -0.94975600     -0.22835600      0.97415200      0.19026800      0.12175500     -0.00524600     -0.00841900     -0.00672800      1.61847400      0.89578400      0.42635700      0.38638400      0.07098800      0.03609800     -0.06599100      0.11770100     -0.18981800     -0.97473800     -0.48636100     -0.86679600      0.11006800     -0.86579300      0.46112000     -0.19434400     -0.00629900      0.00542200     -0.00444600     -0.00125500     -1.12857500     -0.69433900     -0.67734800
     0.06498700      0.02959100      0.35267900      0.14153200     -0.23912600     -0.96064200     -0.46458300     -0.87292500      0.14878800     -0.87433000      0.42553200     -0.23344500     -0.00026800      0.00641900     -0.01182700      0.00581400     -1.07081200     -0.65673800     -0.57067300     -0.12564700      0.04913000      0.30054600      0.16345200      0.13131700      0.97776800     -0.09205500      0.98878800     -0.11729100     -0.98238200     -0.07102000      0.17246600     -0.01119300     -0.01266700     -0.00979700     -0.09313800      1.13602900     -0.16036700      0.43689800      0.02663200      0.04164300     -0.03356600     -0.03686800     -0.23097600      0.97226000      0.15843400     -0.96196700     -0.22252300      0.98668000      0.14583500      0.07206000      0.00174600     -0.01146600     -0.00161600     -0.02125800      1.14835500      0.15230500      0.39863100      0.07081300      0.03633700     -0.06622200      0.14289400     -0.23178900     -0.96221300     -0.48927100     -0.86163500      0.13490100     -0.86034500      0.45150600     -0.23653100     -0.00639000      0.00518100     -0.00463100     -0.00048000     -1.17277600     -0.72434600     -0.64795600
     0.06471400      0.02991200      0.35222500      0.16626800     -0.27748200     -0.94625800     -0.46800700     -0.86682800      0.17190000     -0.86815600      0.41461400     -0.27281100     -0.01369500      0.00812900     -0.01102700      0.00086800     -1.25530600     -0.80961500     -0.55928400     -0.12539600      0.04866100      0.30038600      0.12150700      0.11642600      0.98573500     -0.07269200      0.99145400     -0.10802400     -0.99000800     -0.05869300      0.12768200      0.00269900     -0.01776700      0.00137800     -0.09371700      1.14493500      0.36866400      0.43699300      0.02675300      0.04140700     -0.03365300      0.00377300     -0.21413600      0.97679600      0.14067900     -0.96697500     -0.21252700      0.99004700      0.13821600      0.02647600      0.00683300     -0.00141300     -0.00210400      0.02157400      1.18117100      0.52247000      0.40026400      0.07068200      0.03649600     -0.06644400      0.16539500     -0.26904500     -0.94881900     -0.49249400     -0.85605700      0.15689100     -0.85445400      0.44133900     -0.27409100     -0.00107700     -0.00274400     -0.00212200     -0.02617800     -1.16085600     -0.70593200     -0.62852400
     0.06459900      0.03001600      0.35199900      0.17932900     -0.28932300     -0.94030800     -0.46472600     -0.86732500      0.17818200     -0.86733500      0.40538800     -0.28882200     -0.00099500      0.00459100     -0.01325200      5.21485100     -1.60108800      1.21375900     -0.56227900     -0.12507600      0.04858000      0.30039200      0.10521600      0.10398200      0.98899400     -0.05644300      0.99351800     -0.09833600     -0.99290900     -0.04562300      0.10914900      0.01313200      0.00064000     -0.00108800      5.38673500      0.42049800      0.91821700      0.44264000      0.02689900      0.04136000     -0.03365400      0.01979400     -0.20089200      0.97941200      0.13174300     -0.97053900     -0.20173500      0.99108500      0.13302400      0.00725500      0.00655400      0.00035800     -0.00050600     -0.11624300      1.17334400      0.47436800      0.40369300      0.07062400      0.03654600     -0.06655800      0.17815100     -0.28538700     -0.94170900     -0.49474300     -0.85323500      0.16498000     -0.85058200      0.43651300     -0.29319800     -0.00065200      0.00188300     -0.00693900      0.01450100     -0.86729100     -0.54182100     -0.62705500
     0.06434400      0.03020400      0.35149400      0.20480900     -0.31289600     -0.92746700     -0.45295700     -0.87026100      0.19351500     -0.86795000      0.38085400     -0.31881100     -0.00177600      0.00264300     -0.01478200      0.02965000     -0.55586500     -0.33337500     -0.57101400     -0.12427100      0.04869100      0.30051900      0.08591800      0.07248000      0.99365800     -0.04156100      0.99671800     -0.06899400     -0.99547400     -0.03547800      0.08738900      0.02701600     -0.00429700      0.01024000     -0.38817100     -1.06051100      2.48027300      0.43998600      0.02729600      0.04141200     -0.03359300      0.03847600     -0.16963800      0.98475400      0.11484500     -0.97820300     -0.17299700      0.99263700      0.11975100     -0.01815600      0.01255800      0.00415500      0.00209000     -0.09077000      0.90946400      0.31150000      0.41185800      0.07049800      0.03664300     -0.06680900      0.20439000     -0.30835700     -0.92905300     -0.47808500     -0.85964100      0.18014100     -0.85420000      0.40734700     -0.32312300     -0.00088000      0.00131800     -0.00738400      0.12659900     -0.88244300     -0.39877900     -0.62819800
     0.06412300      0.03037700      0.35090300      0.22912000     -0.33323700     -0.91460500     -0.43544300     -0.87540800      0.20981400     -0.87086200      0.35059600     -0.34454100     -0.00202400      0.00203400     -0.01527400      0.01210900     -0.84364500     -0.52417700     -0.59644400     -0.12325300      0.04901000      0.30080200      0.08805100      0.04722200      0.99499200     -0.04459700      0.99803300     -0.04330400     -0.99515900     -0.04063700      0.08872200      0.03755100      0.01292500      0.00664800     -0.04710000      0.68249000      0.19581700      0.41482900      0.02781000      0.04157200     -0.03344500      0.03158600     -0.14377700      0.98910500      0.12177300     -0.98167300     -0.14658500      0.99205400      0.12507600     -0.01349900      0.01218600      0.00630300      0.00400700     -0.04436700      0.13875700     -0.21147900      0.39193600      0.07038100      0.03673000     -0.06711100      0.22725300     -0.32835900     -0.91680700     -0.46055200     -0.86574300      0.19591000     -0.85804800      0.37771600     -0.34796900     -0.00102800      0.00095200     -0.00768000      0.02230100     -0.29190300     -0.18829300     -0.64011800
     0.06399000      0.03047300      0.35058200      0.24267000     -0.34051400     -0.90840800     -0.42138000     -0.88042500      0.21739900     -0.87412200      0.33044800     -0.35600800     -0.00198500      0.00213700     -0.01520300      5.03864000     -1.79237700      1.59773300     -0.60779600     -0.12268800      0.04917800      0.30102100      0.09414900      0.03997600      0.99475100     -0.04613700      0.99826600     -0.03563500     -0.99453700     -0.04260700      0.09456800      0.02602300      0.00147600      0.01541400     -0.31625600     -1.64098400      2.05217000      0.41161800      0.02810700      0.04166000     -0.03333400      0.02754200     -0.13615400      0.99030400      0.12428100     -0.98252700     -0.13854100      0.99186400      0.12689200     -0.01013900      0.01294800      0.00097000      0.00790200     -0.31470300     -1.66426900      2.01084200      0.38066900      0.07031400      0.03677700     -0.06727300      0.23920800     -0.33857900     -0.91002300     -0.45201800     -0.86831000      0.20424200     -0.85933600      0.36249100     -0.36075100     -0.00736800      0.00276500     -0.00653800      0.01412900     -0.73640300     -0.49742900     -0.64909900
     0.06374700      0.03061700      0.34996600      0.26408000     -0.35851200     -0.89542000     -0.40923100     -0.88229400      0.23250700     -0.87371500      0.30547300     -0.37859600     -0.00245100      0.00099300     -0.01612400      0.01498200     -0.69403700     -0.43448500     -0.62037900     -0.12148500      0.04935700      0.30159800      0.09706400      0.03601600      0.99462200     -0.04817900      0.99831400     -0.03133300     -0.99416400     -0.04494000      0.09737300      0.02603500      0.00122900      0.01514600     -0.05004800      0.07055100     -0.07479900      0.41221900      0.02869800      0.04175500     -0.03304500      0.02339500     -0.13217700      0.99094900      0.12684500     -0.98281700     -0.13408700      0.99164600      0.12883400     -0.00622800      0.01944000      0.00172900      0.00771300     -0.03369700     -0.10074400      0.14693300      0.37479100      0.07019300      0.03685000     -0.06757900      0.26171200     -0.35538500     -0.89733300     -0.43478600     -0.87346700      0.21912500     -0.86166500      0.33280100     -0.38311400     -0.00766600      0.00203100     -0.00712600      0.01030900     -0.93369700     -0.61959800     -0.66069300
     0.06349700      0.03071000      0.34927100      0.28572300     -0.37572800     -0.88161000     -0.39744400     -0.88355100      0.24768700     -0.87237200      0.28008400     -0.40068400     -0.00353900     -0.00168900     -0.01827600      0.02045200     -0.46344800     -0.32694800     -0.63815100     -0.12014000      0.04925900      0.30221100      0.10055300      0.03142000      0.99443100     -0.04902200      0.99841300     -0.02647400     -0.99378000     -0.04614300      0.10067200      0.04130200     -0.01163400      0.01924600     -0.06726600     -0.02802000      0.05048100      0.41384300      0.02936400      0.04171600     -0.03273600      0.01967900     -0.12808100      0.99156800      0.12819000     -0.98325100     -0.12955100      0.99155400      0.12965800     -0.00293000      0.01318900     -0.00042800      0.00659500     -0.01105000     -0.16325600      0.21676000      0.37577000      0.07007000      0.03690000     -0.06792300      0.28346700     -0.37431300     -0.88291300     -0.42338500     -0.87493900      0.23500100     -0.86045900      0.30719700     -0.40649500     -0.00801700      0.00118700     -0.00781400      0.01674300     -0.53414500     -0.37623200     -0.67294000
     0.06323500      0.03061900      0.34842000      0.31862000     -0.38651500     -0.86552500     -0.36552100     -0.89257100      0.26397500     -0.87497600      0.23273500     -0.42459300     -0.00566400     -0.00691400     -0.02249700      0.05540100     -0.57723400     -0.37238000     -0.66927400     -0.11895400      0.04897900      0.30291800      0.10812500      0.01800100      0.99397000     -0.05021300      0.99862700     -0.01250800     -0.99293500     -0.04859700      0.10761800      0.02787600     -0.01052500      0.02192400     -0.06672600     -0.03036400      0.04422700      0.41285700      0.02996300      0.04156800     -0.03238900      0.01103500     -0.11530000      0.99326900      0.13099700     -0.98460100     -0.11574900      0.99132100      0.13139300      0.00423800      0.01390200     -0.00511400      0.01107500     -0.04832200     -0.15760500      0.18536400      0.37528100      0.06994300      0.03686400     -0.06833600      0.31532600     -0.38541600     -0.86719200     -0.39176900     -0.88517600      0.25095400     -0.86434100      0.26060700     -0.43011400     -0.00296700     -0.00382600     -0.01152300      0.44466100     -1.02660300     -0.38026800     -0.68894200
