     0.11852900     -0.01586000      0.36727700      0.48265200     -0.32691600     -0.81253800      0.64231200      0.76278800      0.07457100      0.59482300     -0.55748500      0.57915800     -0.01418000     -0.00782200      0.01112300     -0.04961200     -0.21903300      0.27543500     -1.89640700     -0.23867700     -0.01149800      0.35294500      0.57404400      0.41765400      0.70429400     -0.63627200      0.76886000      0.06282200     -0.51596500     -0.48471200      0.70618500      0.01414700     -0.00015700     -0.00063500      0.00204500     -0.01520500      0.02924500     -1.40846800      0.01028500      0.04182200     -0.01793700     -0.56818700     -0.45487500      0.68574900      0.67397100     -0.73537300      0.07063500      0.47215100      0.50230900      0.72440200      0.00016500      0.00079200      0.00066100      0.00023100      0.00002000      0.00023600     -0.90570800      0.07370800      0.04494800     -0.04277400     -0.47465000      0.32582400     -0.81764600     -0.65891200     -0.74744000      0.08465600     -0.58355900      0.57893900      0.56946200     -0.01397500     -0.00268700      0.00650800     -0.02128900     -0.23018600      0.45258400     -1.19847500
     0.11783700     -0.01628300      0.36787800      0.47007000     -0.33110000     -0.81820000      0.64924200      0.75766500      0.06633200      0.59738100     -0.56197600      0.57214100     -0.01436600     -0.01686300      0.02136700     -0.05913700     -0.12877000      0.29346200     -1.89673900     -0.23844600     -0.01154000      0.35303400      0.57164100      0.42096300      0.70427900     -0.64087700      0.76500400      0.06308300     -0.51291700     -0.48794800      0.70617700      0.01413300     -0.00020800     -0.00068100     -0.00079300     -0.01545900      0.02640000     -1.40879600      0.01040100      0.04180100     -0.01789200     -0.56561800     -0.45804600      0.68576200      0.67835800     -0.73128600      0.07105700      0.46894100      0.50538400      0.72434800      0.00015400      0.00074400      0.00062000     -0.00890500     -0.00133900     -0.00967400     -0.90325800      0.07336200      0.04474400     -0.04247400     -0.46211800      0.33026300     -0.82302600     -0.66575300     -0.74229700      0.07594300     -0.58584900      0.58302700      0.56290200     -0.00692900     -0.00308200      0.00623700     -0.01970200     -0.14275700      0.34389600     -1.20288400
     0.11759100     -0.01657900      0.36828200      0.46499200     -0.33394500     -0.81994400      0.65248900      0.75520800      0.06238400      0.59782400     -0.56359400      0.57008400     -0.01415000     -0.01581700      0.02220800     -0.05880100     -0.12755400      0.29403400     -1.89576500     -0.23835700     -0.01156200      0.35307900      0.57168300      0.42092100      0.70427000     -0.64090800      0.76496800      0.06321400     -0.51283200     -0.48804200      0.70617400      0.00020900      0.00100000      0.00084000     -0.00000000     -0.00000000     -0.00000000     -1.40867200      0.01045100      0.04179000     -0.01787000     -0.56568200     -0.45799900      0.68574000      0.67836900     -0.73126200      0.07119900      0.46884700      0.50546100      0.72435500      0.00705800     -0.00013700     -0.00037200      0.00229800     -0.01526100      0.02941000     -0.90325800      0.07324000      0.04459500     -0.04227300     -0.45699400      0.33308700     -0.82474800     -0.66897000     -0.73980300      0.07189600     -0.58620300      0.58458800      0.56091100     -0.00701300     -0.00757100      0.01138500     -0.05868500     -0.13801900      0.32190600     -1.20174100
     0.11716400     -0.01720400      0.36913000      0.45799900     -0.33798200     -0.82222300      0.65750300      0.75124500      0.05737600      0.59773600     -0.56646900      0.56732000     -0.01425400     -0.01623200      0.02188600     -0.06515100     -0.04128900      0.11493600     -1.89610100     -0.23820700     -0.01163700      0.35314400      0.57176000      0.42084100      0.70425500     -0.64097400      0.76489100      0.06347200     -0.51266300     -0.48823100      0.70616700      0.00002200      0.00010500      0.00008800      0.00000000     -0.00000000     -0.00000000     -1.40851700      0.01052600      0.04175400     -0.01783700     -0.56576700     -0.45791900      0.68572300      0.67841800     -0.73119100      0.07145800      0.46867300      0.50563600      0.72434400      0.00694000     -0.00070400     -0.00084800      0.00218600     -0.01518300      0.02937400     -0.90195200      0.07302700      0.04428700     -0.04184500     -0.44976600      0.33704600     -0.82710900     -0.67399700     -0.73571600      0.06670300     -0.58603600      0.58747000      0.55806800     -0.00015600     -0.00889100      0.01038300     -0.06419700     -0.06826600      0.17122600     -1.19831200
     0.11683000     -0.01785000      0.36977900      0.45731800     -0.34255500     -0.82070700      0.65666600      0.75238100      0.05181000      0.59917500     -0.56219500      0.57004600     -0.01459700     -0.00952100      0.00977100     -0.01074000      0.00737500      0.16166200     -1.89574400     -0.23809300     -0.01177600      0.35323600      0.57176400      0.42078200      0.70428700     -0.64116000      0.76470700      0.06379800     -0.51242400     -0.48856900      0.70610500      0.00000000      0.00000000      0.00000000      0.00000000     -0.00000000     -0.00000000     -1.40847900      0.01058300      0.04168300     -0.01779200     -0.56578000     -0.45785500      0.68575500      0.67858100     -0.73100700      0.07179100      0.46842300      0.50595900      0.72428100     -0.00000500     -0.00001700     -0.00001700      0.00010500      0.00004000      0.00005600     -0.90080900      0.07286100      0.04396600     -0.04151300     -0.44908600      0.34188700     -0.82549000     -0.67319300     -0.73694400      0.06101800     -0.58747900      0.58311600      0.56110800     -0.00062700     -0.01105700      0.00865500     -0.05858800      0.07748300     -0.01122200     -1.19553600
     0.11666600     -0.01811600      0.36999900      0.45682400     -0.34571000     -0.81965900      0.65789000      0.75145700      0.04965500      0.59821100     -0.56149600      0.57174500     -0.00079600     -0.01187200      0.00800000     -0.00240800      0.01762800      0.20263900     -1.89606800     -0.23805200     -0.01185100      0.35327800      0.56972700      0.42140000      0.70556700     -0.64146200      0.76464700      0.06144100     -0.51431200     -0.48813100      0.70503500     -0.00001300     -0.00006100     -0.00005100      0.47407100      0.44687900     -0.51320900     -1.40837400      0.01060300      0.04164600     -0.01777100     -0.56434200     -0.45822100      0.68669400      0.67886300     -0.73090100      0.07018600      0.46974600      0.50578100      0.72354900     -0.00001300     -0.00004200     -0.00003700      1.58116600      1.48952800     -1.70973800     -0.90211500      0.07277300      0.04382800     -0.04140000     -0.44842500      0.34510700     -0.82450800     -0.67446500     -0.73596300      0.05877600     -0.58652300      0.58245900      0.56278700     -0.00043100     -0.00604100      0.00392100     -0.01229000     -0.00779700      0.19244200     -1.19439300
     0.11632700     -0.01841600      0.37022900      0.45616400     -0.34621700     -0.81981300      0.65880700      0.75066400      0.04949600      0.59770700     -0.56224300      0.57153900     -0.01425300      0.00035600      0.00017300      0.00568900     -0.06987200      0.15033100     -1.89623700     -0.23800900     -0.01192000      0.35333800      0.56982400      0.42131600      0.70553900     -0.64150500      0.76459100      0.06169100     -0.51415100     -0.48829200      0.70504100      0.00000100      0.00000400      0.00000300      0.00000000      0.00000000     -0.00000000     -1.40861500      0.01062400      0.04161100     -0.01774100     -0.56384500     -0.45829900      0.68705100      0.67896700     -0.73085200      0.06969300      0.47019300      0.50578200      0.72325800     -0.00000200     -0.00000500     -0.00000300     -0.00007100     -0.00010400      0.00016300     -0.90309500      0.07260800      0.04367600     -0.04128700     -0.44775900      0.34531500     -0.82478300     -0.67535600     -0.73513800      0.05885500     -0.58600700      0.58337600      0.56237600     -0.00738700     -0.00509300      0.00462500     -0.03740900      0.02730200     -0.04774100     -1.19357700
     0.11600200     -0.01841200      0.37020400      0.45919500     -0.34500700     -0.81863000      0.65828500      0.75090100      0.05272500      0.59595500     -0.56267100      0.57294500     -0.00035300     -0.00160400     -0.00128400     -0.00000000      0.00000000     -0.00000000     -1.89685800     -0.23800800     -0.01191400      0.35334400      0.56972100      0.42137300      0.70558800     -0.64157300      0.76454000      0.06161700     -0.51418000     -0.48832300      0.70499800      0.00000000      0.00000000      0.00000000      0.00000000     -0.00000000     -0.00000000     -1.40860300      0.01062500      0.04161400     -0.01773800     -0.56374200     -0.45835000      0.68710100      0.67903300     -0.73079800      0.06962300      0.47022100      0.50581400      0.72321700     -0.00000200     -0.00000600     -0.00000800      0.00002000      0.00000500      0.00004500     -0.90407500      0.07244100      0.04367900     -0.04129900     -0.45072800      0.34422100     -0.82362300     -0.67489900     -0.73529700      0.06203300     -0.58425500      0.58382300      0.56373300     -0.00694000      0.00513800     -0.00469200      0.03494600      0.01043800     -0.03512800     -1.19357600
     0.11571700     -0.01827500      0.37006200      0.46200800     -0.34383600     -0.81753900      0.65756700      0.75132600      0.05555100      0.59457100     -0.56282100      0.57423500     -0.01423000      0.00048300      0.00026800     -1.33007100      1.34516800     -2.05248600     -1.89602500     -0.23805900     -0.01189400      0.35334900      0.56965200      0.42141500      0.70561900     -0.64160800      0.76451600      0.06154700     -0.51421400     -0.48832300      0.70497400      0.00000000      0.00000100      0.00000000      0.00000000      0.00000000      0.00000000     -1.40881500      0.01060000      0.04162400     -0.01773500     -0.56367300     -0.45838900      0.68713300      0.67906700     -0.73077300      0.06955400      0.47025600      0.50581500      0.72319300     -0.00000200     -0.00000600     -0.00000800      0.00002100      0.00001300      0.00002600     -0.90440100      0.07230300      0.04374600     -0.04137100     -0.45122100      0.34391400     -0.82348100     -0.67436200     -0.73577400      0.06222800     -0.58449500      0.58340300      0.56391900      0.00002200      0.00419100     -0.00539400      0.03520600     -0.01470600      0.01764600     -1.19390300
     0.11559900     -0.01820300      0.36997500      0.46214700     -0.34372400     -0.81750800      0.65731800      0.75154500      0.05553600      0.59473800     -0.56259700      0.57428000      0.00007900      0.00854900     -0.01066000      0.03534000     -0.01471000      0.01750000     -1.89626800     -0.23809100     -0.01188900      0.35334100      0.56958800      0.42145400      0.70564700     -0.64163800      0.76449600      0.06148100     -0.51424600     -0.48832100      0.70495200     -0.00001300     -0.00006100     -0.00005100      0.00000000      0.00000000      0.00000000     -1.40880500      0.01058300      0.04162600     -0.01774000     -0.56360800     -0.45842500      0.68716200      0.67909700     -0.73075100      0.06948900      0.47028900      0.50581500      0.72317200     -0.00000900     -0.00004200     -0.00003800      0.00001200      0.00001000      0.00003200     -0.90391100      0.07223900      0.04377900     -0.04141000     -0.45370500      0.34302500     -0.82248700     -0.67396900     -0.73590500      0.06486300     -0.58302300      0.58376000      0.56507200     -0.00717900     -0.00005300     -0.00009800     -0.00030300      0.01388300     -0.02816100     -1.19390300
     0.11538600     -0.01800500      0.36972500      0.46669900     -0.34194700     -0.81566500      0.65647300      0.75191400      0.06032800      0.59210800     -0.56318900      0.57641500     -0.00001500      0.00811400     -0.01100700      0.03533400     -0.01474200      0.01748400     -1.89602600     -0.23818500     -0.01185600      0.35333300      0.56944900      0.42154300      0.70570600     -0.64169500      0.76446100      0.06132000     -0.51432900     -0.48829900      0.70490600     -0.00000000     -0.00000000     -0.00000000      0.00000000      0.00000000      0.00000000     -1.40873600      0.01053700      0.04164300     -0.01774400     -0.56346600     -0.45850600      0.68722400      0.67915600     -0.73071100      0.06933000      0.47037400      0.50579800      0.72312800      0.00000100      0.00000300      0.00000300      0.00001400     -0.00000600      0.00002200     -0.90374800      0.07213200      0.04387900     -0.04153500     -0.45831500      0.34137100     -0.82061700     -0.67313900     -0.73622500      0.06968400     -0.58037000      0.58432700      0.56721300     -0.00699500      0.00486000     -0.00491800      0.03543700      0.01005000     -0.03464100     -1.19455600
     0.11518200     -0.01775100      0.36937500      0.46911300     -0.34087800     -0.81472700      0.65553100      0.75255800      0.06251600      0.59124200     -0.56297900      0.57750800     -0.01397800      0.00979400     -0.00978400      0.03434300     -0.00006500     -0.01208700     -1.89584100     -0.23825800     -0.01180000      0.35330200      0.56939000      0.42159700      0.70572100     -0.64166300      0.76450100      0.06115700     -0.51443400     -0.48818900      0.70490500     -0.00000000     -0.00000000     -0.00000000      0.00000000      0.00000000      0.00000000     -1.40902200      0.01050000      0.04167100     -0.01775900     -0.56340400     -0.45855800      0.68724000      0.67913000     -0.73075100      0.06916500      0.47048500      0.50569400      0.72312900      0.00000100      0.00000100      0.00000300      0.00001500      0.00000500      0.00002300     -0.90521800      0.07203000      0.04400800     -0.04171400     -0.46071500      0.34038100     -0.81968400     -0.67220800     -0.73686800      0.07183300     -0.57954900      0.58409300      0.56829300     -0.00699200      0.00486100     -0.00491700      0.03499700     -0.00081800     -0.01086700     -1.19243300
     0.11505900     -0.01765000      0.36919200      0.47148900     -0.33991800     -0.81375600      0.65496600      0.75284300      0.06494800      0.58997500     -0.56317800      0.57860800     -0.00021000      0.00723300     -0.01171300     -1.29253600      1.32204900     -2.00206600     -1.89665100     -0.23823300     -0.01178200      0.35331600      0.56948200      0.42154600      0.70567700     -0.64160200      0.76454700      0.06122300     -0.51440900     -0.48816200      0.70494300      0.00032900      0.00157600      0.00132400      0.00174500     -0.01350300      0.02539700     -1.40912100      0.01051200      0.04167600     -0.01775500     -0.56348000     -0.45852000      0.68720300      0.67908100     -0.73079200      0.06921700      0.47046500      0.50567000      0.72315900      0.00003900      0.00017900      0.00015300      0.00001300      0.00001100      0.00001500     -0.90587100      0.07197400      0.04405700     -0.04180000     -0.46081300      0.34025700     -0.81968000     -0.67185000     -0.73721000      0.07168200     -0.57988700      0.58373400      0.56831700     -0.00023500      0.00300700     -0.00634100      0.03441100     -0.00256400     -0.00833300     -1.19161700
     0.11474000     -0.01750200      0.36882200      0.47689100     -0.33767200     -0.81154000      0.65354700      0.75358300      0.07042700      0.58719600     -0.56354300      0.58107400     -0.01454600      0.00726700     -0.01182100     -0.00244800      0.04842600     -0.09261000     -1.89616800     -0.23813800     -0.01175400      0.35336400      0.56975400      0.42138700      0.70555300     -0.64144500      0.76466000      0.06145900     -0.51430300     -0.48812200      0.70504800      0.00034500      0.00165600      0.00139000      0.00000000      0.00000000      0.00000000     -1.40862000      0.01055900      0.04169200     -0.01773000     -0.56377500     -0.45836500      0.68706400      0.67891300     -0.73092500      0.06946100      0.47035400      0.50561700      0.72326700      0.00021800      0.00105000      0.00088200      0.00001100      0.00000900      0.00001300     -0.90374800      0.07181500      0.04413200     -0.04198400     -0.46854300      0.33740800     -0.81646900     -0.67028500     -0.73780500      0.07975400     -0.57548600      0.58463600      0.57185300     -0.00742800     -0.00116700     -0.00100200     -0.12905000      0.14401000     -0.22448700     -1.19178000
     0.11424100     -0.01733300      0.36854700      0.48138600     -0.33557200     -0.80975600      0.65173300      0.75475200      0.07460200      0.58553800     -0.56323600      0.58304100     -0.01419800      0.00882500     -0.01057300      0.03432300     -0.00017900     -0.01214100     -1.89576400     -0.23793800     -0.01172300      0.35349000      0.56561800      0.43005300      0.70365000     -0.65054800      0.75701300      0.06042900     -0.50737300     -0.49248100      0.70703500      0.00050700      0.00244000      0.00204600     -0.00279900     -0.00034900     -0.00290700     -1.40855200      0.01065400      0.04171200     -0.01767000     -0.55914000     -0.46682700      0.68515200      0.68763900     -0.72279500      0.06869400      0.46315700      0.50954700      0.72515200      0.00035200      0.00170100      0.00142200     -0.03153400     -0.01250900     -0.00503500     -0.90178900      0.07156500      0.04421300     -0.04212500     -0.47309900      0.33542500     -0.81465700     -0.66849500     -0.73896100      0.08396000     -0.57383700      0.58431600      0.57383200     -0.00738500     -0.00094800     -0.00082500     -0.00127200      0.02631800     -0.05433000     -1.18900400
     0.11360400     -0.01727600      0.36844200      0.48326300     -0.33456700     -0.80905400      0.65062600      0.75555500      0.07612200      0.58522200     -0.56275900      0.58381900     -0.01459800     -0.00105600     -0.00100000     -0.00192800      0.02711300     -0.05555200     -1.89550400     -0.23766700     -0.01176800      0.35356200      0.56685600      0.43425000      0.70006700     -0.65100800      0.75682000      0.05784200     -0.50539700     -0.48908500      0.71079800      0.01400200     -0.00079800     -0.00118600      0.12542600     -0.37390400     -0.16985000     -1.40891400      0.01079100      0.04169000     -0.01762700     -0.55993900     -0.46958800      0.68260800      0.68791100     -0.72268300      0.06713100      0.46178500      0.50716400      0.72769300      0.00006000      0.00031300      0.00025400      0.24407800     -0.62177800     -0.31515300     -0.90146200      0.07125200      0.04424600     -0.04218000     -0.47493200      0.33449900     -0.81397100     -0.66742100     -0.73976400      0.08542000     -0.57357400      0.58383000      0.57458900     -0.00721100     -0.00015500     -0.00018900     -0.00104300      0.01471200     -0.02950000     -1.18410500
     0.11328000     -0.01728600      0.36844400      0.48390600     -0.33424600     -0.80880100      0.65032500      0.75575400      0.07670000      0.58502400     -0.56268100      0.58409300     -0.02849800      0.00099100      0.00049600     -0.00291300      0.04182600     -0.08510600     -1.89585500     -0.23749000     -0.01181000      0.35356000      0.56727700      0.43400900      0.69987500     -0.65076600      0.75700100      0.05820200     -0.50523600     -0.48901900      0.71095700      0.01389300     -0.01202600      0.00716100     -0.03218900     -0.00600300      0.01009100     -1.40871900      0.01087900      0.04167300     -0.01763100     -0.56051800     -0.47097600      0.68117500      0.68792600     -0.72274000      0.06635800      0.46106000      0.50579300      0.72910600     -0.00001200     -0.00006000     -0.00005600     -0.00900700      0.01624200      0.00568600     -0.90472800      0.07109000      0.04424000     -0.04218000     -0.47558200      0.33419700     -0.81371500     -0.66712700     -0.73996200      0.08600100     -0.57337800      0.58375200      0.57486400     -0.00716500      0.00006700     -0.00001200     -0.00104300      0.01471500     -0.02952200     -1.18067600
     0.11263900     -0.01730400      0.36851600      0.48330000     -0.33644600     -0.80825100      0.65422700      0.75224600      0.07800100      0.58116700     -0.56605600      0.58468100     -0.02838900     -0.00659500      0.01191800     -0.03725500      0.04443900     -0.07646100     -1.89562400     -0.23711500     -0.01187200      0.35353300      0.56831200      0.43587200      0.69787400     -0.65070100      0.75713500      0.05717600     -0.50415500     -0.48715100      0.71300400      0.01388100     -0.00138500     -0.00168300      0.00210400     -0.01537900      0.02914900     -1.40872100      0.01106600      0.04163600     -0.01764200     -0.56136000     -0.47275200      0.67924900      0.68791900     -0.72283000      0.06544100      0.46004500      0.50400400      0.73098300      0.00693700     -0.00070900     -0.00086100     -0.00053500     -0.00940200      0.03187600     -0.90979000      0.07076900      0.04423100     -0.04215100     -0.47492100      0.33639500     -0.81319500     -0.67094800     -0.73635400      0.08723800     -0.56945400      0.58704300      0.57541400     -0.00699000      0.00085500      0.00062100     -0.00088700      0.01473800     -0.02965800     -1.18116600
     0.11211800     -0.01725200      0.36860500      0.48413700     -0.33605000     -0.80791500      0.65388200      0.75246400      0.07878300      0.58085700     -0.56600200      0.58504200     -0.01387700      0.00214300      0.00156600     -0.00098400      0.01471500     -0.02955300     -1.89522700     -0.23663100     -0.01191700      0.35351600      0.56529900      0.43652200      0.69991300     -0.65042100      0.75768300      0.05293800     -0.50789200     -0.48571500      0.71133000      0.01421400      0.00025700     -0.00031100      0.00496200     -0.02760200      0.05342200     -1.40904200      0.01130200      0.04161000     -0.01765300     -0.55827600     -0.47324600      0.68144300      0.68778700     -0.72333200      0.06113700      0.46397700      0.50282000      0.72931200      0.00698500     -0.00047500     -0.00067000      0.01153100     -0.00632800      0.01966600     -0.90832000      0.07050300      0.04425500     -0.04210100     -0.47580600      0.33600700     -0.81283900     -0.67060400     -0.73656800      0.08806800     -0.56912000      0.58699600      0.57579200     -0.00692800      0.00112400      0.00083400     -0.00091700      0.01470400     -0.02961000     -1.18181900
     0.11192100     -0.01722400      0.36863900      0.48428100     -0.33598800     -0.80785500      0.65382900      0.75249600      0.07891800      0.58079700     -0.56599600      0.58510700     -0.01388800      0.00209400      0.00152500     -0.00098400      0.01471500     -0.02955300     -1.89514800     -0.23633700     -0.01194100      0.35349800      0.56142000      0.44005600      0.70082100     -0.65459600      0.75421500      0.05097100     -0.50682200     -0.48792600      0.71057900      0.01400700     -0.00075500     -0.00116200      0.00215000     -0.01510700      0.02913500     -1.40868500      0.01145500      0.04160100     -0.01766000     -0.55427900     -0.47656300      0.68239300      0.69180000     -0.71964500      0.05934100      0.46280100      0.50497200      0.72857200      0.00701900     -0.00030800     -0.00053200     -0.00183900     -0.01918600      0.03381300     -0.90848300      0.07040500      0.04427000     -0.04208300     -0.47595100      0.33594800     -0.81277800     -0.67055100     -0.73660100      0.08820300     -0.56906100      0.58699000      0.57585700     -0.00694100      0.00106600      0.00078500     -0.00092500      0.01470400     -0.02959200     -1.18214600
     0.11167600     -0.01719300      0.36862200      0.48478900     -0.33572100     -0.80766100      0.65352900      0.75271400      0.07932700      0.58071100     -0.56586500      0.58531900     -0.01403400      0.00147200      0.00102100     -0.00098400      0.01471500     -0.02955300     -1.89535900     -0.23566600     -0.01198700      0.35343300      0.55701900      0.44094300      0.70376900     -0.65397800      0.75515100      0.04463800     -0.51244700     -0.48567000      0.70808600      0.01398500     -0.00084900     -0.00124800      0.04528300      0.02517900     -0.01626300     -1.40849200      0.01179100      0.04157800     -0.01769300     -0.54995000     -0.47724000      0.68541600      0.69137200     -0.72054900      0.05302600      0.46857000      0.50304000      0.72621700      0.01394600     -0.00105000     -0.00142700      0.15889000      0.11395100     -0.10364000     -0.90881000      0.07028200      0.04428700     -0.04209100     -0.47646600      0.33569400     -0.81258100     -0.67025400     -0.73682100      0.08861500     -0.56898000      0.58685800      0.57607100     -0.00008300     -0.00035500     -0.00028100      0.00003600     -0.00000500     -0.00002700     -1.18263600
     0.11164700     -0.01711900      0.36855000      0.48484400     -0.33564900     -0.80765800      0.65333600      0.75289000      0.07925000      0.58088200     -0.56567500      0.58533400     -0.00000100     -0.00000300     -0.00000200      0.00000000      0.00000000      0.00000000     -1.89518100     -0.23498900     -0.01205300      0.35335100      0.55820400      0.43785500      0.70475700     -0.65265600      0.75613100      0.04732700     -0.51284500     -0.48693500      0.70692800      0.02776900     -0.00269000     -0.00334000      0.00395200     -0.03002300      0.05870600     -1.40856400      0.01213400      0.04154500     -0.01773400     -0.55135100     -0.47415100      0.68643400      0.69000800     -0.72165100      0.05574400      0.46893500      0.50437900      0.72505100      0.01388400     -0.00135600     -0.00169100      0.00739000     -0.03700100      0.05604000     -0.90881000      0.07026200      0.04432300     -0.04212700     -0.47654500      0.33561200     -0.81256800     -0.67005300     -0.73701100      0.08855900     -0.56915000      0.58666700      0.57609700      0.00000400      0.00001600      0.00001500      0.00002300     -0.00001800     -0.00000800     -1.18165600
     0.11170900     -0.01705600      0.36844300      0.48459200     -0.33572400     -0.80777800      0.65326200      0.75299400      0.07887600      0.58117500     -0.56549200      0.58521900     -0.00035000     -0.00150200     -0.00121300      0.00000000      0.00000000      0.00000000     -1.89540100     -0.23429900     -0.01209800      0.35327200      0.55365500      0.44164400      0.70598000     -0.66058500      0.74906500      0.04962000     -0.50758400     -0.49438900      0.70555000      0.01395300     -0.00098900     -0.00137800     -0.04487800      0.02576600      0.02165700     -1.40896600      0.01247400      0.04152200     -0.01777300     -0.54658700     -0.47754800      0.68788700      0.69751500     -0.71418200      0.05843400      0.46337200      0.51175200      0.72346000      0.00698600     -0.00045200     -0.00066700     -0.12104200      0.09539400     -0.23414600     -0.90881000      0.07029400      0.04435800     -0.04217800     -0.47629200      0.33568000     -0.81268900     -0.66998000     -0.73712200      0.08818800     -0.56944800      0.58648900      0.57598400     -0.00020600     -0.00089200     -0.00072000     -0.00092500      0.01240700     -0.02598800     -1.18214600
     0.11177600     -0.01706200      0.36837300      0.48683700     -0.33489900     -0.80677000      0.65295800      0.75299100      0.08138100      0.57963700     -0.56598600      0.58626600     -0.00051300     -0.00220000     -0.00177700     -0.00651200      0.08564400     -0.17939000     -1.89541000     -0.23391400     -0.01213400      0.35322500      0.55239100      0.44180800      0.70686700     -0.66024600      0.74949000      0.04767300     -0.50940000     -0.49359800      0.70479500      0.01389000     -0.00130900     -0.00165000      0.00570900     -0.01101600      0.02543000     -1.40872100      0.01266200      0.04150500     -0.01779600     -0.54531300     -0.47782700      0.68870400      0.69725800     -0.71460500      0.05628800      0.46525600      0.51090000      0.72285200      0.01388900     -0.00132300     -0.00167200      0.05126200      0.00153400      0.00960200     -0.90848300      0.07032800      0.04435600     -0.04221200     -0.47844500      0.33497500     -0.81171500     -0.66973700     -0.73705000      0.09059800     -0.56792600      0.58698300      0.57698300     -0.00030900     -0.00133100     -0.00107700      0.00009100      0.01131300     -0.02436600     -1.18214600
     0.11188700     -0.01715000      0.36822400      0.48903200     -0.33409300     -0.80577600      0.65265300      0.75298500      0.08383000      0.57812900     -0.56646900      0.58728700     -0.00077700     -0.00333800     -0.00270000     -0.00000000      0.00000000     -0.00000000     -1.89585700     -0.23321700     -0.01219800      0.35312900      0.55173000      0.44165100      0.70748200     -0.65950700      0.75023700      0.04613700     -0.51107300     -0.49260100      0.70428100      0.01388400     -0.00133700     -0.00168000      0.00204400     -0.01520500      0.02924500     -1.40843400      0.01301500      0.04147200     -0.01784400     -0.54473500     -0.47769600      0.68925200      0.69657900     -0.71538900      0.05471600      0.46694600      0.50992500      0.72245100      0.00694300     -0.00067000     -0.00085400      0.00074700     -0.01668600      0.03063800     -0.91223900      0.07038400      0.04431200     -0.04228700     -0.48079800      0.33416500     -0.81065800     -0.66937200     -0.73706000      0.09317600     -0.56636700      0.58743100      0.57805900     -0.00046600     -0.00201300     -0.00162900      0.00098600      0.01035800     -0.02293300     -1.18279900
     0.11197400     -0.01732900      0.36806800      0.48710800     -0.33694100     -0.80575500      0.65705200      0.74914500      0.08387700      0.57476700     -0.56985800      0.58730900      0.01317000      0.00287200     -0.01508900      0.03531600     -0.01737100      0.02088700     -1.89601000     -0.23279100     -0.01223600      0.35306600      0.54827500      0.44003300      0.71116700     -0.65884800      0.75097700      0.04343600     -0.51562300     -0.49292000      0.70073200      0.01386800     -0.00141700     -0.00175200     -0.00380200      0.00106300      0.03829000     -1.40891400      0.01323300      0.04145300     -0.01787700     -0.54143900     -0.47571400      0.69320900      0.69601300     -0.71612900      0.05218600      0.47160200      0.51073800      0.71884400      0.00693600     -0.00070800     -0.00088400      0.00936900     -0.02721500      0.02764200     -0.91223900      0.07042200      0.04422100     -0.04235900     -0.47879100      0.33698700     -0.81067700     -0.67371000     -0.73310000      0.09315800     -0.56291500      0.59076400      0.57803300     -0.00056900     -0.00245600     -0.00199000      0.00018500      0.00001500     -0.00005900     -1.18230900
     0.11192400     -0.01753700      0.36788600      0.49004900     -0.33579500     -0.80444900      0.65644900      0.74931200      0.08704600      0.57295100     -0.57031600      0.58863700     -0.00133700     -0.00574700     -0.00466500     -0.00094200      0.01241500     -0.02599100     -1.89529900     -0.23280300     -0.01216200      0.35299500      0.54575700      0.44325100      0.71110400     -0.66310100      0.74723200      0.04330600     -0.51282700     -0.49572700      0.70080400     -0.01375000      0.00202700      0.00226300     -0.00204600      0.01520900     -0.02924300     -1.40919100      0.01323200      0.04148700     -0.01791500     -0.53883300     -0.47899400      0.69298100      0.70005100     -0.71219200      0.05205700      0.46860000      0.51317200      0.71907300      0.00010100      0.00052400      0.00043400      0.00042600     -0.00088900     -0.00035400     -0.91256600      0.07040200      0.04411600     -0.04245700     -0.48175800      0.33592000     -0.80936100     -0.67310000     -0.73325100      0.09632000     -0.56110900      0.59118400      0.57935800     -0.00066900     -0.00288500     -0.00234100      0.00025300      0.01122400     -0.02431100     -1.18002300
     0.11188100     -0.01761900      0.36779300      0.49102200     -0.33801400     -0.80292500      0.65639800      0.74949800      0.08582600      0.57217700     -0.56875700      0.59089400     -0.00122600     -0.00526300     -0.00427700      0.01577700      0.06544600     -0.00128300     -1.89536300     -0.23295900     -0.01203000      0.35292700      0.54553600      0.44341100      0.71117400     -0.66306900      0.74728500      0.04287100     -0.51310200     -0.49550400      0.70076000     -0.01391900      0.01214400     -0.00701400      0.03404900      0.00108200     -0.01283800     -1.40874700      0.01316000      0.04155000     -0.01794500     -0.53861500     -0.47914300      0.69304800      0.70003900     -0.71223400      0.05164100      0.46886900      0.51297600      0.71903800     -0.00694500      0.00613700     -0.00345100      0.03409000      0.00098700     -0.01287500     -0.91272900      0.07038100      0.04407800     -0.04250200     -0.48272600      0.33838800     -0.80775500     -0.67303500     -0.73349100      0.09493800     -0.56035500      0.58947600      0.58182300     -0.00758900     -0.00168300     -0.00145300      0.01324800      0.08097300     -0.02882100     -1.17349200
     0.11181800     -0.01773300      0.36766000      0.49129500     -0.33786200     -0.80282200      0.65621100      0.74963800      0.08602900      0.57215600     -0.56866300      0.59100400     -0.00079700     -0.00341800     -0.00278100      0.00000400      0.00001300      0.00000600     -1.89550900     -0.23345500     -0.01167000      0.35277000      0.54880700      0.44283100      0.70901600     -0.66287300      0.74724000      0.04654800     -0.50985900     -0.49609100      0.70270900     -0.01378100      0.01279100     -0.00647400      0.02124200     -0.01119800      0.00085200     -1.40868000      0.01290600      0.04173000     -0.01802300     -0.54188900     -0.47870600      0.69079300      0.69975900     -0.71223000      0.05536100      0.46550200      0.51338900      0.72092800     -0.01377400      0.00184800      0.00211000     -0.04552900     -0.00927600     -0.01401800     -0.91305600      0.07034800      0.04401700     -0.04257200     -0.48294600      0.33805500     -0.80776300     -0.67287200     -0.73359700      0.09528100     -0.56036200      0.58953600      0.58175500     -0.00045200     -0.00194300     -0.00158000     -0.00146400      0.01083200     -0.02669500     -1.16908300
     0.11181400     -0.01781900      0.36753700      0.48936700     -0.34070600     -0.80279800      0.66053200      0.74583100      0.08605000      0.56883200     -0.57195700      0.59103400     -0.00048800     -0.00209300     -0.00170500      0.00000000      0.00000000      0.00000000     -1.89558800     -0.23407100     -0.01132600      0.35269800      0.55039100      0.44260800      0.70792600     -0.66267000      0.74731900      0.04813100     -0.50841300     -0.49617000      0.70370100     -0.01348500      0.01422800     -0.00527600      0.04778300     -0.10606000      0.18760000     -1.40888700      0.01259800      0.04190000     -0.01806200     -0.54327400     -0.47862800      0.68975800      0.69961100     -0.71226200      0.05679000      0.46410700      0.51341600      0.72180800     -0.01376200      0.00188500      0.00213900     -0.00315600      0.03128600     -0.05947400     -0.91321900      0.07034600      0.04397300     -0.04263400     -0.48094400      0.34085100     -0.80778200     -0.67711700     -0.72968300      0.09525100     -0.55695900      0.59277400      0.58173300     -0.00033700     -0.00145000     -0.00118100      0.00021500     -0.00002300     -0.00017400     -1.16565400
     0.11181300     -0.01785900      0.36747900      0.48933600     -0.34071200     -0.80281400      0.66051500      0.74585200      0.08599800      0.56887800     -0.57192600      0.59102000     -0.00073200     -0.00313900     -0.00255900     -0.00094100      0.01242300     -0.02598800     -1.89581300     -0.23438700     -0.01122200      0.35273100      0.54979500      0.44293900      0.70818200     -0.66298700      0.74707200      0.04760700     -0.50864400     -0.49624800      0.70347900     -0.01355500      0.00292400      0.00299700     -0.00204500      0.01520500     -0.02924500     -1.40869000      0.01244100      0.04195800     -0.01804600     -0.54281500     -0.47886400      0.68995700      0.69982300     -0.71209000      0.05635200      0.46432600      0.51343600      0.72165300     -0.00674000      0.00165600      0.00167100     -0.01392200      0.10880700     -0.20449500     -0.91321900      0.07034600      0.04395500     -0.04266100     -0.48089600      0.34086300     -0.80780600     -0.67710600     -0.72970300      0.09518300     -0.55701400      0.59274400      0.58171100     -0.00023700     -0.00102200     -0.00083200      0.00018200     -0.00001900     -0.00013100     -1.16581700
     0.11184900     -0.01791000      0.36738500      0.48937100     -0.34067500     -0.80280800      0.66043200      0.74592800      0.08597900      0.56894500     -0.57184900      0.59103100     -0.00037000     -0.00158700     -0.00129500      0.00000000      0.00000000      0.00000000     -1.89547200     -0.23495400     -0.01116400      0.35284300      0.54870600      0.44350400      0.70867300     -0.66370900      0.74647500      0.04689300     -0.50887600     -0.49664300      0.70303200     -0.01386400      0.00135600      0.00167800     -0.00204500      0.01520500     -0.02924500     -1.40878100      0.01216300      0.04199000     -0.01798900     -0.54173000     -0.47936700      0.69046000      0.70051800     -0.71145900      0.05567500      0.46454500      0.51384000      0.72122400     -0.00692300     -0.00469900      0.00521600     -0.03812100      0.02952100     -0.04556400     -0.91338200      0.07036400      0.04392700     -0.04271000     -0.48095300      0.34081400     -0.80779200     -0.67701100     -0.72979200      0.09518200     -0.55708100      0.59266200      0.58173000     -0.00021500     -0.00092700     -0.00075800      0.00012000     -0.00000900     -0.00010100     -1.16304100
