     0.12835800     -0.01716900      0.40772100      0.72285900     -0.39610900     -0.56623100      0.61217200      0.74718100      0.25872200      0.31970100     -0.53315500      0.78330400      0.01332600     -0.00158400     -0.00123200      0.00098400     -0.01471500      0.02955300      0.52025100     -0.24772200     -0.01538200      0.36995200      0.51745700      0.73803800      0.43304600     -0.83111000      0.55384500      0.04946100     -0.20397000     -0.38643500      0.89940400      0.00037900     -0.00851300      0.01064500     -0.03603100      0.01452500     -0.01619400      0.53290800      0.00579000      0.03955900     -0.00900500     -0.33512800     -0.83625600      0.43400800      0.92845600     -0.37143800      0.00123200      0.16017700      0.40337000      0.90090700     -0.00701000      0.00025900      0.00045200     -0.00209100      0.01521900     -0.02933500      0.40927200      0.07898300      0.04375600     -0.02250800     -0.66942100      0.33263900     -0.66424800     -0.57337800     -0.79987900      0.17728300     -0.47234800      0.49954200      0.72618400     -0.00017400     -0.00099300     -0.00063500      0.00064000     -0.00053300      0.00073100     -0.32552400
     0.12835700     -0.01721200      0.40776600      0.72292900     -0.39607600     -0.56616600      0.61216300      0.74712900      0.25889600      0.31956200     -0.53325300      0.78329400     -0.00021700     -0.00121700     -0.00077700      0.00000000      0.00000000      0.00000000      0.51974100     -0.24771900     -0.01536100      0.36995600      0.51750500      0.73802200      0.43301700     -0.83107700      0.55389400      0.04945700     -0.20397900     -0.38639700      0.89941800      0.00012600      0.00053400      0.00042100      0.00000000      0.00000000      0.00000000      0.53314400      0.00579000      0.03955900     -0.00900500     -0.33512800     -0.83625600      0.43400800      0.92845600     -0.37143800      0.00123200      0.16017700      0.40337000      0.90090700     -0.00701000      0.00025900      0.00045200     -0.00209100      0.01521900     -0.02933500      0.40927200      0.07898300      0.04375600     -0.02250800     -0.66942100      0.33263900     -0.66424800     -0.57337800     -0.79987900      0.17728300     -0.47234800      0.49954200      0.72618400     -0.00017400     -0.00099300     -0.00063500      0.00064000     -0.00053300      0.00073100     -0.32552400
     0.12829900     -0.01719000      0.40776900      0.72300500     -0.39602900     -0.56610100      0.61208400      0.74718000      0.25893300      0.31954100     -0.53321600      0.78332800      0.00006100      0.00034000      0.00021700      0.00000000      0.00000000      0.00000000      0.52126300     -0.24769700     -0.01531500      0.36999200      0.51752800      0.73801300      0.43300400     -0.83106400      0.55391200      0.04946500     -0.20397400     -0.38638700      0.89942400      0.00051600      0.00219200      0.00172500      0.00000000      0.00000000      0.00000000      0.53271500      0.00579000      0.03955900     -0.00900500     -0.33512800     -0.83625600      0.43400800      0.92845600     -0.37143800      0.00123200      0.16017700      0.40337000      0.90090700     -0.00701000      0.00025900      0.00045200     -0.00209100      0.01521900     -0.02933500      0.40927200      0.07898300      0.04375600     -0.02250800     -0.66942100      0.33263900     -0.66424800     -0.57337800     -0.79987900      0.17728300     -0.47234800      0.49954200      0.72618400     -0.00017400     -0.00099300     -0.00063500      0.00064000     -0.00053300      0.00073100     -0.32536000
     0.12835500     -0.01711700      0.40773000      0.72288200     -0.39608800     -0.56621700      0.61213200      0.74722100      0.25870100      0.31972700     -0.53311400      0.78332100      0.00012400      0.00069200      0.00044100      0.00000000      0.00000000      0.00000000      0.52247500     -0.24768200     -0.01520400      0.37007900      0.51767100      0.73795600      0.43293000     -0.83098200      0.55403100      0.04952200     -0.20394600     -0.38632500      0.89945700      0.00065000      0.00275900      0.00216900      0.00000000      0.00000000      0.00000000      0.53276100      0.00579000      0.03955900     -0.00900500     -0.33512800     -0.83625600      0.43400800      0.92845600     -0.37143800      0.00123200      0.16017700      0.40337000      0.90090700     -0.00701000      0.00025900      0.00045200     -0.00209100      0.01521900     -0.02933500      0.40927200      0.07898300      0.04375600     -0.02250800     -0.66942100      0.33263900     -0.66424800     -0.57337800     -0.79987900      0.17728300     -0.47234800      0.49954200      0.72618400     -0.00017400     -0.00099300     -0.00063500      0.00064000     -0.00053300      0.00073100     -0.32536000
     0.12841600     -0.01712400      0.40773700      0.72277600     -0.39615800     -0.56630300      0.61224000      0.74715500      0.25863900      0.31976100     -0.53315500      0.78327900      0.01341000     -0.00110200     -0.00092500      0.00098400     -0.01471500      0.02955300      0.52217100     -0.24766500     -0.01517800      0.37009900      0.51764000      0.73796900      0.43294600     -0.83100000      0.55400500      0.04950900     -0.20395200     -0.38633900      0.89944900      0.00018000      0.01088400     -0.00877900      0.03603100     -0.01452500      0.01619400      0.53292300      0.00579000      0.03955900     -0.00900500     -0.33512800     -0.83625600      0.43400800      0.92845600     -0.37143800      0.00123200      0.16017700      0.40337000      0.90090700     -0.00701000      0.00025900      0.00045200     -0.00209100      0.01521900     -0.02933500      0.40927200      0.07898300      0.04375600     -0.02250800     -0.66942100      0.33263900     -0.66424800     -0.57337800     -0.79987900      0.17728300     -0.47234800      0.49954200      0.72618400     -0.00017400     -0.00099300     -0.00063500      0.00064000     -0.00053300      0.00073100     -0.32552400
     0.12847800     -0.01713800      0.40776300      0.72267800     -0.39622700     -0.56638000      0.61235900      0.74706300      0.25862200      0.31975400     -0.53323200      0.78323000      0.00007500      0.00041800      0.00026700      0.00000000      0.00000000      0.00000000      0.52270500     -0.24764300     -0.01522000      0.37014300      0.51750000      0.73801100      0.43304100     -0.83110900      0.55383400      0.04959800     -0.20386300     -0.38650400      0.89939900     -0.00010200     -0.00043400     -0.00034100      0.00000000      0.00000000      0.00000000      0.53300100      0.00579000      0.03955900     -0.00900500     -0.33512800     -0.83625600      0.43400800      0.92845600     -0.37143800      0.00123200      0.16017700      0.40337000      0.90090700     -0.00701000      0.00025900      0.00045200     -0.00209100      0.01521900     -0.02933500      0.40927200      0.07898300      0.04375600     -0.02250800     -0.66942100      0.33263900     -0.66424800     -0.57337800     -0.79987900      0.17728300     -0.47234800      0.49954200      0.72618400     -0.00017400     -0.00099300     -0.00063500      0.00064000     -0.00053300      0.00073100     -0.32552400
     0.12840200     -0.01714800      0.40784200      0.72506700     -0.39193700     -0.56631100      0.60794400      0.75060000      0.25879600      0.32274400     -0.53143900      0.78322200     -0.01330300      0.00169800      0.00130500      0.93793500     -0.41435900     -1.32810200      0.51686000     -0.24765900     -0.01531700      0.37019800      0.51742600      0.73801600      0.43312000     -0.83119800      0.55368100      0.04980800     -0.20368500     -0.38671300      0.89934900     -0.00025200     -0.00107200     -0.00084200      0.00000000      0.00000000      0.00000000      0.53060700      0.00579000      0.03955900     -0.00900500     -0.33512800     -0.83625600      0.43400800      0.92845600     -0.37143800      0.00123200      0.16017700      0.40337000      0.90090700     -0.00701000      0.00025900      0.00045200     -0.00209100      0.01521900     -0.02933500      0.40927200      0.07898300      0.04375600     -0.02250800     -0.66942100      0.33263900     -0.66424800     -0.57337800     -0.79987900      0.17728300     -0.47234800      0.49954200      0.72618400     -0.00017400     -0.00099300     -0.00063500      0.00064000     -0.00053300      0.00073100     -0.32536000
     0.12828200     -0.01729200      0.40794600      0.72991200     -0.38320000     -0.56606600      0.59892800      0.75763900      0.25930700      0.32860500     -0.52782500      0.78322900     -0.00036900     -0.00206400     -0.00131600      0.00000600     -0.00000300     -0.00000800      0.42577500     -0.24768800     -0.01550800      0.37016500      0.51724000      0.73806900      0.43325300     -0.83134700      0.55344400      0.04995000     -0.20354900     -0.38695200      0.89927700     -0.00112100     -0.00475900     -0.00374400     -0.00193000      0.01251200     -0.02588700      0.48345100      0.00579000      0.03955900     -0.00900500     -0.33512800     -0.83625600      0.43400800      0.92845600     -0.37143800      0.00123200      0.16017700      0.40337000      0.90090700     -0.00701000      0.00025900      0.00045200     -0.00209100      0.01521900     -0.02933500      0.40927200      0.07898300      0.04375600     -0.02250800     -0.66942100      0.33263900     -0.66424800     -0.57337800     -0.79987900      0.17728300     -0.47234800      0.49954200      0.72618400     -0.00017400     -0.00099300     -0.00063500      0.00064000     -0.00053300      0.00073100     -0.32552400
     0.12831200     -0.01734200      0.40789000      0.72826800     -0.38383500     -0.56775200      0.59969400      0.75790100      0.25675900      0.33084700     -0.52698600      0.78285000      0.01288900     -0.00404500     -0.00280200      0.00098400     -0.01471500      0.02955300      0.29654100     -0.24772200     -0.01560900      0.37008600      0.51707300      0.73813400      0.43334100     -0.83144300      0.55330600      0.04988400     -0.20358300     -0.38702400      0.89923800     -0.00145500     -0.00617500     -0.00486300     -0.00193100      0.01251200     -0.02588700      0.41827400      0.00579000      0.03955900     -0.00900500     -0.33512800     -0.83625600      0.43400800      0.92845600     -0.37143800      0.00123200      0.16017700      0.40337000      0.90090700     -0.00701000      0.00025900      0.00045200     -0.00209100      0.01521900     -0.02933500      0.40927200      0.07898300      0.04375600     -0.02250800     -0.66942100      0.33263900     -0.66424800     -0.57337800     -0.79987900      0.17728300     -0.47234800      0.49954200      0.72618400     -0.00017400     -0.00099300     -0.00063500      0.00064000     -0.00053300      0.00073100     -0.32552400
     0.12846400     -0.01737700      0.40780400      0.73040300     -0.37956400     -0.56788000      0.59525600      0.76145400      0.25657400      0.33412500     -0.52496100      0.78281800      0.00001500     -0.00838800      0.01077900     -0.03570800      0.01238200     -0.01852300     -0.15576100     -0.24781400     -0.01578300      0.36988500      0.51734700      0.73803600      0.43318100     -0.83126200      0.55357900      0.04987200     -0.20362600     -0.38682000      0.89931600     -0.00110100     -0.00466500     -0.00368200      0.01138900     -0.07385600      0.15275500      0.12431300      0.00579000      0.03955900     -0.00900500     -0.33512800     -0.83625600      0.43400800      0.92845600     -0.37143800      0.00123200      0.16017700      0.40337000      0.90090700     -0.00701000      0.00025900      0.00045200     -0.00209100      0.01521900     -0.02933500      0.40927200      0.07898300      0.04375600     -0.02250800     -0.66942100      0.33263900     -0.66424800     -0.57337800     -0.79987900      0.17728300     -0.47234800      0.49954200      0.72618400     -0.00017400     -0.00099300     -0.00063500      0.00064000     -0.00053300      0.00073100     -0.32536000
     0.12846700     -0.01738300      0.40784800      0.73040500     -0.37957600     -0.56787100      0.59529500      0.76139700      0.25665200      0.33405300     -0.52503500      0.78279900      0.00022900      0.00128400      0.00081900      0.00000000     -0.00000000     -0.00000000     -0.37352400     -0.24783300     -0.01576500      0.36988700      0.51758500      0.73794400      0.43305400     -0.83112000      0.55378600      0.04994200     -0.20359800     -0.38670100      0.89937400      0.00042100      0.00178500      0.00140800      0.01331900     -0.08637600      0.17863800      0.00512000      0.00579000      0.03955900     -0.00900500     -0.33512800     -0.83625600      0.43400800      0.92845600     -0.37143800      0.00123200      0.16017700      0.40337000      0.90090700     -0.00701000      0.00025900      0.00045200     -0.00209100      0.01521900     -0.02933500      0.40927200      0.07898300      0.04375600     -0.02250800     -0.66942100      0.33263900     -0.66424800     -0.57337800     -0.79987900      0.17728300     -0.47234800      0.49954200      0.72618400     -0.00017400     -0.00099300     -0.00063500      0.00064000     -0.00053300      0.00073100     -0.32536000
     0.12831300     -0.01733400      0.40766400      0.72160400     -0.38327300     -0.57657100      0.59944600      0.76254000      0.24324700      0.34553600     -0.52067100      0.78072600     -0.00105200     -0.00588600     -0.00376000      1.71194300     -1.44443000      1.87103400     -1.79644800     -0.24774900     -0.01558700      0.37002500      0.51329000      0.73800000      0.43804100     -0.83177500      0.55342000      0.04253600     -0.21165800     -0.38711700      0.89733200      0.00059900      0.01266300     -0.00737900      0.04281500     -0.02315300      0.03952600     -0.89760400      0.00579000      0.03955900     -0.00900500     -0.33512800     -0.83625600      0.43400800      0.92845600     -0.37143800      0.00123200      0.16017700      0.40337000      0.90090700     -0.00701000      0.00025900      0.00045200     -0.00209100      0.01521900     -0.02933500      0.40927200      0.07903400      0.04373100     -0.02259100     -0.66560200      0.33402900     -0.66738100     -0.57436700     -0.80025800      0.17230200     -0.47652400      0.49800600      0.72450900     -0.00074100     -0.00304100     -0.00273800      1.83280000     -1.54242800      2.00039100     -0.34609800
     0.12786100     -0.01721400      0.40771300      0.71787900     -0.37064100     -0.58933800      0.58523400      0.77975100      0.22239700      0.37622000     -0.50409000      0.77741800     -0.01195600      0.00921300      0.00610200      0.14739200     -0.05006500     -0.03957500     -1.89891000     -0.24752100     -0.01514200      0.36987500      0.51188300      0.73755200      0.44043700     -0.83115000      0.55473700      0.03727900     -0.21745800     -0.38608400      0.89639000      0.00208500      0.01900200     -0.00239300      0.03795600     -0.02706500      0.04206800     -1.40609100      0.00579000      0.03955900     -0.00900500     -0.33512800     -0.83625600      0.43400800      0.92845600     -0.37143800      0.00123200      0.16017700      0.40337000      0.90090700     -0.00701000      0.00025900      0.00045200     -0.00209100      0.01521900     -0.02933500      0.40927200      0.07880400      0.04376800     -0.02260000     -0.65772500      0.32239300     -0.68077900     -0.55684700     -0.81673300      0.15121500     -0.50726400      0.47854800      0.71671000     -0.01274300      0.00101400      0.00869500      0.51748400     -0.34748400      0.30627400     -0.57699100
     0.12756200     -0.01706200      0.40792400      0.71197500     -0.36921400     -0.59734300      0.58270700      0.78532000      0.20904000      0.39104500     -0.49644400      0.77502000     -0.01193200      0.00084400      0.01688100      1.66009100     -1.29676200      1.47970300     -1.89901000     -0.24745500     -0.01486900      0.36994500      0.51181900      0.73760400      0.44042500     -0.83113200      0.55478500      0.03699100     -0.21768300     -0.38591600      0.89640800      0.00201800      0.00859900      0.00675000      0.00192300     -0.01254900      0.02586900     -1.40883300      0.00579000      0.03955900     -0.00900500     -0.33512800     -0.83625600      0.43400800      0.92845600     -0.37143800      0.00123200      0.16017700      0.40337000      0.90090700     -0.00701000      0.00025900      0.00045200     -0.00209100      0.01521900     -0.02933500      0.40927200      0.07865500      0.04385400     -0.02249700     -0.65236000      0.32063700     -0.68674400     -0.55200000     -0.82190100      0.14062100     -0.51934700      0.47081800      0.71316700     -0.00587700      0.00536700      0.00340400      0.00093000      0.00588700     -0.00359800     -0.64867600
     0.12703000     -0.01706200      0.40803100      0.70931000     -0.36891900     -0.60068600      0.58142900      0.78796400      0.20254500      0.39771900     -0.49246100      0.77416400     -0.01457800     -0.01369300      0.00761300     -0.03796500      0.03743900     -0.07493200     -1.89866600     -0.24754100     -0.01464900      0.36988800      0.51181500      0.73819200      0.43944100     -0.83166400      0.55388600      0.03845300     -0.21564100     -0.38608100      0.89683000     -0.01414500      0.01001000     -0.00896500      0.03398300      0.00066000     -0.01306100     -1.40878200      0.00579000      0.03955900     -0.00900500     -0.33512800     -0.83625600      0.43400800      0.92845600     -0.37143800      0.00123200      0.16017700      0.40337000      0.90090700     -0.00701000      0.00025900      0.00045200     -0.00209100      0.01521900     -0.02933500      0.40927200      0.07839400      0.04388700     -0.02242600     -0.64769900      0.32119200     -0.69088300     -0.54985900     -0.82475100      0.13206200     -0.52738900      0.46542500      0.71080100     -0.00055800     -0.00298000     -0.00193200     -0.00414900      0.01258500     -0.02964100     -0.76265200
     0.12664500     -0.01779000      0.40793400      0.71123100     -0.36987600     -0.59782000      0.58063100      0.78847200      0.20285800      0.39545200     -0.49092800      0.77629600     -0.01677300     -0.02545400      0.00005900      0.01590800      0.16589000     -0.05972000     -1.84564300     -0.24768600     -0.01495000      0.36973300      0.51199400      0.73810500      0.43937900     -0.83159200      0.55398000      0.03866800     -0.21549300     -0.38611400      0.89685100     -0.00188100     -0.00798600     -0.00628100     -0.00192200      0.01255700     -0.02586500     -1.21267300      0.00579000      0.03955900     -0.00900500     -0.33512800     -0.83625600      0.43400800      0.92845600     -0.37143800      0.00123200      0.16017700      0.40337000      0.90090700     -0.00701000      0.00025900      0.00045200     -0.00209100      0.01521900     -0.02933500      0.40927200      0.07820300      0.04353100     -0.02247100     -0.65004600      0.32199200     -0.68830200     -0.54906700     -0.82520500      0.13251300     -0.52532300      0.46406400      0.71321700     -0.00178400     -0.01390400     -0.00083500      0.03297700      0.18546100     -0.01814100     -0.85915700
     0.12582500     -0.01866000      0.40832100      0.72351900     -0.37680000     -0.57843600      0.57750000      0.78942700      0.20801400      0.37735900     -0.48407600      0.78949200     -0.02811900     -0.02933300      0.03010200      0.15084200      0.65906600      0.07761100     -0.45938000     -0.24756200     -0.01521800      0.36964600      0.51340500      0.74104500      0.43273400     -0.83403600      0.54948700      0.04880200     -0.20224600     -0.38690700      0.89959000      0.01336500     -0.01342400      0.00628200     -2.03195800     -1.60062300      1.06223100     -0.18478500      0.00579000      0.03955900     -0.00900500     -0.33512800     -0.83625600      0.43400800      0.92845600     -0.37143800      0.00123200      0.16017700      0.40337000      0.90090700     -0.00701000      0.00025900      0.00045200     -0.00209100      0.01521900     -0.02933500      0.40927200      0.07779100      0.04306500     -0.02230900     -0.66492000      0.32717500     -0.67144400     -0.54651200     -0.82587200      0.13877800     -0.50912200      0.45922900      0.72794400     -0.02067100     -0.00924200      0.01054900      0.29889500      0.96189900      0.13348900     -0.61830400
     0.12516500     -0.01910300      0.40887300      0.73726500     -0.37870900     -0.55952200      0.57291800      0.78936500      0.22054600      0.35723300     -0.48268600      0.79964100     -0.04083600     -0.01560800      0.02294800     -0.02384800      0.72211700     -0.29659100     -0.06659700     -0.24752900     -0.01524600      0.36967400      0.51586200      0.74116400      0.42959700     -0.83380500      0.54938200      0.05368100     -0.19685900     -0.38682800      0.90081800      0.00026700      0.00113500      0.00089400     -0.01328500      0.08658500     -0.17852900      0.04807700      0.00579000      0.03955900     -0.00900500     -0.33512800     -0.83625600      0.43400800      0.92845600     -0.37143800      0.00123200      0.16017700      0.40337000      0.90090700     -0.00701000      0.00025900      0.00045200     -0.00209100      0.01521900     -0.02933500      0.40927200      0.07745100      0.04283500     -0.02202100     -0.68170800      0.32930600     -0.65332200     -0.54357200     -0.82566500      0.15101400     -0.48969600      0.45807600      0.74186500     -0.02037600     -0.00749300      0.01168600     -0.03185500      0.70786000     -0.29885800     -0.46464700
     0.12394500     -0.01988700      0.41015000      0.76168300     -0.38737400     -0.51944700      0.56587000      0.78820700      0.24185100      0.31480300     -0.47766800      0.82021900     -0.03975600     -0.01796600      0.03764100      0.01558600      0.63813400     -0.39586800      0.37252500     -0.24768400     -0.01530300      0.36976500      0.51428200      0.74121000      0.43140900     -0.83418000      0.54903300      0.05138900     -0.19939800     -0.38723700      0.90008400     -0.00040200     -0.01182800      0.00803300     -0.03649900      0.02823700     -0.04282900      0.23216200      0.00579000      0.03955900     -0.00900500     -0.33512800     -0.83625600      0.43400800      0.92845600     -0.37143800      0.00123200      0.16017700      0.40337000      0.90090700     -0.00701000      0.00025900      0.00045200     -0.00209100      0.01521900     -0.02933500      0.40927200      0.07684100      0.04244100     -0.02138300     -0.71167300      0.33657200     -0.61663500     -0.53952500     -0.82402300      0.17290900     -0.44992600      0.45574500      0.76802400     -0.01984000     -0.00866100      0.01904300     -0.00059800      0.58398300     -0.39660100     -0.16305000
     0.12273600     -0.02048500      0.41153400      0.78153200     -0.40101700     -0.47795300      0.56457500      0.78060500      0.26811200      0.26460800     -0.47887600      0.83707200     -0.02585000     -0.00853100      0.02731000     -1.19812200      1.58836800      0.46429300      0.52046200     -0.24779800     -0.01543400      0.36975700      0.51853000      0.73818400      0.43151200     -0.83102200      0.55379000      0.05150500     -0.20158300     -0.38623500      0.90002800     -0.00049400     -0.00209300     -0.00165000     -0.00000000     -0.00000000      0.00000000      0.33783200      0.00579000      0.03955900     -0.00900500     -0.33512800     -0.83625600      0.43400800      0.92845600     -0.37143800      0.00123200      0.16017700      0.40337000      0.90090700     -0.00701000      0.00025900      0.00045200     -0.00209100      0.01521900     -0.02933500      0.40927200      0.07625800      0.04215600     -0.02070700     -0.73692100      0.34405200     -0.58187000     -0.53849700     -0.81911600      0.19765800     -0.40861500      0.45899400      0.78889500     -0.00618600     -0.00472700      0.01327800      0.16958500      0.77976100     -0.40348600      0.14083400
     0.12239000     -0.02063500      0.41197800      0.78263500     -0.42108600     -0.45849200      0.57904300      0.76282800      0.28770500      0.22763300     -0.49012700      0.84141900     -0.01250900     -0.00214300      0.01501400     -4.38624100      3.37961400      2.57938100      0.52243300     -0.24782600     -0.01546500      0.36973300      0.52300900      0.73505300      0.43145100     -0.82766000      0.55879800      0.05155100     -0.20384300     -0.38498500      0.90005400     -0.00024300     -0.00103000     -0.00081200      0.00000400      0.00000100      0.00000900      0.36884300      0.00579000      0.03955900     -0.00900500     -0.33512800     -0.83625600      0.43400800      0.92845600     -0.37143800      0.00123200      0.16017700      0.40337000      0.90090700     -0.00701000      0.00025900      0.00045200     -0.00209100      0.01521900     -0.02933500      0.40927200      0.07607100      0.04208000     -0.02046700     -0.74272400      0.36512900     -0.56128500     -0.55655800     -0.80269500      0.21429700     -0.37229500      0.47155100      0.79939600     -0.00627700     -0.00519100      0.01297600     -0.15846700      0.28523300     -0.57964700      0.29661300
     0.12211700     -0.02068700      0.41252000      0.80759100     -0.41928500     -0.41478000      0.56410900      0.75439100      0.33563000      0.17118100     -0.50450800      0.84628400      0.00123300      0.00625800      0.00400100     -0.57634100      0.73018900     -1.19197300      0.52302100     -0.24783500     -0.01545000      0.36973300      0.52289400      0.73510100      0.43150800     -0.82772100      0.55871300      0.05148200     -0.20388600     -0.38501700      0.90003100      0.00014900      0.00063100      0.00049700     -0.01329100      0.08652100     -0.17857000      0.40427700      0.00579000      0.03955900     -0.00900500     -0.33512800     -0.83625600      0.43400800      0.92845600     -0.37143800      0.00123200      0.16017700      0.40337000      0.90090700     -0.00701000      0.00025900      0.00045200     -0.00209100      0.01521900     -0.02933500      0.40927200      0.07593400      0.04205000     -0.02019800     -0.77041100      0.36630800     -0.52180900     -0.55390700     -0.78983400      0.26334100     -0.31567800      0.49191500      0.81139700      0.00067700      0.00352800      0.00226100     -0.06865400      0.28348100     -0.74758800      0.52162800
     0.12211700     -0.02056400      0.41266000      0.82279300     -0.40936600     -0.39430600      0.54732900      0.75774100      0.35529000      0.15231900     -0.50763300      0.84801900      0.00161800      0.00821600      0.00524400     -0.19700200      0.40135600     -0.85258400      0.52174200     -0.24783000     -0.01542100      0.36974200      0.52296100      0.73507600      0.43146900     -0.82767800      0.55877700      0.05148400     -0.20389200     -0.38497000      0.90004900      0.00015300      0.00064900      0.00051100      0.00000000      0.00000000      0.00000000      0.41583600      0.00579000      0.03955900     -0.00900500     -0.33512800     -0.83625600      0.43400800      0.92845600     -0.37143800      0.00123200      0.16017700      0.40337000      0.90090700     -0.00701000      0.00025900      0.00045200     -0.00209100      0.01521900     -0.02933500      0.40927200      0.07592700      0.04210500     -0.02012600     -0.78840300      0.35509500     -0.50232200     -0.53928700     -0.79182400      0.28667400     -0.29595500      0.49691100      0.81577500      0.00075700      0.00386800      0.00246700     -1.79872400      1.79421700     -2.18589700      0.52244400
     0.12235600     -0.01993500      0.41288900      0.84309300     -0.40145300     -0.35787700      0.52468300      0.76016100      0.38319100      0.11716600     -0.51033400      0.85197400      0.00195400      0.01822700     -0.00457000     -0.00750400      0.19866500     -0.47642400      0.51512100     -0.24783000     -0.01539800      0.36972100      0.52324600      0.73496900      0.43130700     -0.82749800      0.55904000      0.05152400     -0.20389100     -0.38479400      0.90012500     -0.01373300      0.00175400      0.00187200      0.01124300     -0.07133400      0.14931600      0.43254700      0.00589800      0.03959600     -0.00900300     -0.33606800     -0.83590100      0.43396600      0.92801600     -0.37253700      0.00108700      0.16076000      0.40309300      0.90092800      0.00000000      0.00010200     -0.00009200      0.01209000     -0.09168400      0.18072400      0.40927200      0.07604800      0.04242300     -0.02000300     -0.81350000      0.34526600     -0.46798300     -0.51960300     -0.79293500      0.31822300     -0.26120800      0.50204000      0.82445400      0.00751300      0.00347600      0.00210600     -0.07811500      0.23400800     -0.37543900      0.52473000
     0.12249300     -0.01979700      0.41293800      0.84738000     -0.39704800     -0.35262800      0.51828800      0.76303900      0.38616200      0.11469300     -0.50949100      0.85281400      0.01451200      0.00429000      0.00251700     -0.01667100      0.11140100     -0.31673100      0.51309600     -0.24784400     -0.01540300      0.36970500      0.52472300      0.73491800      0.42959400     -0.82721900      0.55922100      0.05399000     -0.20120300     -0.38462700      0.90080100     -0.00022500     -0.00095300     -0.00075200     -1.99620900     -1.59845900      1.04949300      0.43370000      0.00588700      0.03959800     -0.00901000     -0.33657000     -0.83582600      0.43372200      0.92784000     -0.37297400      0.00125000      0.16072300      0.40284600      0.90104500     -0.00017700     -0.00069200     -0.00064200      0.00028200     -0.00067200      0.00116300      0.40992500      0.07611200      0.04250000     -0.01998000     -0.81813100      0.34058300     -0.46331700     -0.51347500     -0.79539500      0.32200700     -0.25885000      0.50134600      0.82561900      0.00724600      0.00212400      0.00124000     -0.01603500      0.11030600     -0.31830900      0.52440400
     0.12294100     -0.01975800      0.41295600      0.84793800     -0.39639200     -0.35202300      0.51742900      0.76341000      0.38658100      0.11444900     -0.50944700      0.85287300      0.01358700     -0.00040500     -0.00046300      0.00098400     -0.01471500      0.02955300      0.50401400     -0.24792500     -0.01545000      0.36969700      0.53260700      0.73494900      0.41972600     -0.82593600      0.55951300      0.06861700     -0.18506600     -0.38414100      0.90446100     -0.01392500      0.00095500      0.00124100     -1.99795800     -1.58408400      1.02002200      0.43408200      0.00584600      0.03957300     -0.00901700     -0.34562500     -0.83756600      0.42311300      0.92735700     -0.37375800      0.01765700      0.14335300      0.39848000      0.90590400     -0.00696500      0.00048600      0.00059700     -1.98767200     -1.57607200      1.01456200      0.41041400      0.07633700      0.04252500     -0.01996700     -0.81898300      0.33959300     -0.46254000     -0.51228400     -0.79586500      0.32274200     -0.25851900      0.50127200      0.82576800      0.00678100     -0.00025500     -0.00026900      0.01113400     -0.08311700      0.21514300      0.52473000
     0.12340300     -0.01966400      0.41293600      0.84365000     -0.40163900     -0.35635000      0.52365600      0.76221200      0.38051200      0.11774000     -0.50712100      0.85381100      0.01417200      0.01096100     -0.00939600      0.03688100     -0.02692000      0.04807900      0.50261500     -0.24807100     -0.01538400      0.36966200      0.54012400      0.73454100      0.41073900     -0.82397200      0.56075400      0.08098600     -0.17150000     -0.38310800      0.90756800     -0.00000000     -0.00000100     -0.00000100      0.01328400     -0.08656800      0.17854800      0.43841500      0.00577300      0.03960600     -0.00903500     -0.35374500     -0.83869100      0.41407900      0.92629900     -0.37553400      0.03071100      0.12974400      0.39442500      0.90972200     -0.00686100      0.00091000      0.00095400      0.01920900     -0.06527400      0.14601000      0.41188400      0.07656700      0.04256100     -0.01997800     -0.81454300      0.34511800     -0.46627400     -0.51770600     -0.79510900      0.31588000     -0.26172300      0.49869100      0.82632100      0.00040400      0.00209600      0.00132000      0.00429600     -0.07271000      0.18431900      0.52456700
     0.12352100     -0.01954700      0.41293500      0.84029800     -0.40755700     -0.35755000      0.52953500      0.75853900      0.37971500      0.11541900     -0.50789800      0.85366600      0.01428300      0.01157200     -0.00901100      0.03627500     -0.02672300      0.04902600      0.50274300     -0.24816300     -0.01531900      0.36962700      0.53881700      0.73755200      0.40704300     -0.82637300      0.55648000      0.08585200     -0.16385300     -0.38356000      0.90878900      0.00004100      0.01027100     -0.00925900     -0.01784400     -0.05789100      0.04431700      0.43476400      0.00572600      0.03963500     -0.00905000     -0.35210500     -0.84126900      0.41022800      0.92794100     -0.37102100      0.03560000      0.12225400      0.39320200      0.91128700     -0.00686200      0.00089700      0.00094900     -0.19319900     -0.13818800      0.07083200      0.41204700      0.07662500      0.04261900     -0.01997900     -0.81145400      0.35122400     -0.46710000     -0.52366200     -0.79181800      0.31432600     -0.25945900      0.49966400      0.82644600      0.00045400      0.00236500      0.00149000     -0.00131300     -0.01030200      0.02919200      0.52391400
     0.12361500     -0.01942800      0.41290000      0.83738100     -0.40970500     -0.36191200      0.53331700      0.75771200      0.37605500      0.11911600     -0.50740200      0.85345300      0.00005200      0.00027300      0.00017200      0.00944200     -0.06807800      0.18663600      0.50134500     -0.24843300     -0.01532800      0.36953700      0.52988600      0.74395200      0.40712100     -0.83297200      0.54658900      0.08562400     -0.15947900     -0.38543100      0.90877500     -0.01486800     -0.00299600     -0.00188300     -0.00396800      0.02775800     -0.05511200      0.39891500      0.00559900      0.03964300     -0.00909100     -0.34207300     -0.84563300      0.40974200      0.93228000     -0.36000700      0.03532200      0.11764100      0.39407800      0.91151600     -0.00049900     -0.00210700     -0.00166300     -0.00150100      0.01297100     -0.02535800      0.39065600      0.07667900      0.04268800     -0.01999700     -0.80821400      0.35345200     -0.47102000     -0.52686400     -0.79130400      0.31024400     -0.26306400      0.49890700      0.82576500      0.00000400      0.00002400      0.00001200      0.00020300     -0.00009700     -0.00078000      0.52391400
     0.12364500     -0.01947100      0.41284800      0.83408500     -0.41222300     -0.36663300      0.53760500      0.75654700      0.37227600      0.12288100     -0.50709700      0.85310000      0.01304700     -0.00313900     -0.00219600      0.04791900     -0.05768600      0.06844100      0.49390100     -0.24869500     -0.01560400      0.36936500      0.51388900      0.75556400      0.40624200     -0.84416400      0.52951000      0.08330500     -0.15279800     -0.38669800      0.90938400     -0.00202800     -0.00849300     -0.00672400     -0.00693800      0.01059200     -0.03852100      0.31388800      0.00546200      0.03950300     -0.00917800     -0.32397400     -0.85365800      0.40780800      0.93954200     -0.34084600      0.03291100      0.11090500      0.39381600      0.91247300     -0.00105600     -0.00444300     -0.00351200     -0.01272700      0.02088300     -0.03528400      0.31342000      0.07668900      0.04266600     -0.02002300     -0.80444000      0.35623600     -0.47536300     -0.53076400     -0.79040000      0.30587000     -0.26676500      0.49836000      0.82490700     -0.00018300     -0.00095500     -0.00060500      0.17852100     -0.22275000      0.32697200      0.52358700
     0.12368700     -0.01948200      0.41287600      0.83134800     -0.41417800     -0.37062500      0.54105400      0.75569500      0.36899600      0.12621900     -0.50677300      0.85280500     -0.00004900     -0.00856000      0.01070400     -0.02628200     -0.05560800      0.16819400      0.49266100     -0.24894900     -0.01589800      0.36911200      0.49918500      0.76499500      0.40692600     -0.85409200      0.51342200      0.08281500     -0.14618400     -0.38985900      0.90912200     -0.01555100     -0.00569900     -0.00405400     -0.00396900      0.02775800     -0.05511300      0.20788400      0.00534000      0.03935500     -0.00930600     -0.30765100     -0.85973900      0.40767300      0.94582500     -0.32304200      0.03250600      0.10374900      0.39558900      0.91254800     -0.00102600     -0.00430400     -0.00341100     -0.00159000      0.01308800     -0.02479500      0.19225800      0.07671400      0.04265800     -0.02001600     -0.80139400      0.35828900     -0.47895200     -0.53371100     -0.78984200      0.30216100     -0.27003600      0.49777200      0.82419800      0.00011000      0.00057400      0.00036100     -0.00261700      0.00253700     -0.00286400      0.52375000
     0.12367700     -0.01950200      0.41290000      0.83089400     -0.41462900     -0.37113900      0.54170400      0.75535300      0.36874100      0.12642100     -0.50691300      0.85269200      0.00000200      0.00001300      0.00000800      0.00000000      0.00000000      0.00000000      0.49218000     -0.24906400     -0.01600700      0.36900200      0.49414700      0.76811100      0.40720500     -0.85738200      0.50794600      0.08258400     -0.14401100     -0.39090900      0.90901800     -0.01538100     -0.00495300     -0.00346900     -0.00396900      0.02775900     -0.05511200      0.17701800      0.00528100      0.03929600     -0.00936500     -0.30207000     -0.86172400      0.40765600      0.94787600     -0.31699800      0.03228300      0.10140700      0.39615900      0.91256400     -0.00075700     -0.00317100     -0.00251700      0.00041400      0.00028000      0.00098100      0.12808500      0.07670900      0.04264600     -0.01999900     -0.80084700      0.35883800     -0.47945500     -0.53443400     -0.78948900      0.30180500     -0.27022600      0.49793700      0.82403600     -0.00000100     -0.00000200     -0.00000300      0.00922900     -0.06778200      0.18607700      0.52358700
