frame,MLTx,MLTy,MLTz,MLTR1,MLTR2,MLTR3,MLTR4,MLTR5,MLTR6,MLTR7,MLTR8,MLTR9,MLTTVx,MLTTVy,MLTTVz,MLTRVx,MLTRVy,MLTRVz,MLGA,MRTx,MRTy,MRTz,MRTR1,MRTR2,MRTR3,MRTR4,MRTR5,MRTR6,MRTR7,MRTR8,MRTR9,MRTTVx,MRTTVy,MRTTVz,MRTRVx,MRTRVy,MRTRVz,MRGA,SLTx,SLTy,SLTz,SLTR1,SLTR2,SLTR3,SLTR4,SLTR5,SLTR6,SLTR7,SLTR8,SLTR9,SLTTVx,SLTTVy,SLTTVz,SLTRVx,SLTRVy,SLTRVz,SLGA,SRTx,SRTy,SRTz,SRTR1,SRTR2,SRTR3,SRTR4,SRTR5,SRTR6,SRTR7,SRTR8,SRTR9,SRTTVx,SRTTVy,SRTTVz,SRTRVx,SRTRVy,SRTRVz,SRGA
12,0.080316,0.046835,0.458807,-0.630147,0.585912,-0.509575,-0.691939,-0.721468,0.026009,-0.351625,0.368251,0.860684,-0.0,-0.0,-0.0,0.0,0.0,0.0,0.467654,-0.103464,-0.039681,0.384463,0.534505,0.811238,0.237041,-0.800281,0.576032,-0.166343,-0.272141,-0.101823,0.956783,-0.013224,-0.009495,0.011733,0.025764,-0.084157,-0.093098,-0.277968,0.027623,0.024913,-0.017127,-0.515844,-0.828783,0.216844,0.828129,-0.547217,-0.121467,0.219331,0.116917,0.968619,-0.000258,0.001346,0.00113,0.051285,-0.091683,-0.011404,-0.397574,0.085905,0.05414,-0.032973,-0.693474,0.529142,-0.488979,-0.619343,-0.784571,0.029345,-0.368111,0.323196,0.871801,0.0,4e-06,1e-06,-4e-06,-8e-06,6e-06,0.445438
13,0.080319,0.046843,0.458809,-0.630131,0.585924,-0.509581,-0.691951,-0.721457,0.025998,-0.351631,0.368254,0.860681,0.000126,0.000371,0.000113,0.0,0.0,0.0,0.466838,-0.103534,-0.039819,0.384735,0.534524,0.811969,0.23448,-0.800522,0.575432,-0.167264,-0.271394,-0.099335,0.957257,0.000592,-0.004897,0.013813,-0.023642,-0.025005,-0.00244,-0.333272,0.027584,0.024839,-0.016994,-0.515623,-0.829583,0.214296,0.828445,-0.546532,-0.122391,0.218654,0.114425,0.969069,0.000339,-0.002723,0.006682,-0.053125,0.029277,-0.017122,-0.444438,0.085906,0.054144,-0.032971,-0.693459,0.529156,-0.488985,-0.619357,-0.784561,0.029334,-0.368117,0.323198,0.871798,6.9e-05,0.000205,6.2e-05,-9e-06,2e-06,6e-06,0.444621
14,0.08031,0.046838,0.458818,-0.630163,0.585908,-0.50956,-0.691939,-0.721467,0.026038,-0.351597,0.36826,0.860692,0.0,0.0,0.0,0.0,0.0,0.0,0.465491,-0.103639,-0.039843,0.385277,0.533971,0.813358,0.2309,-0.800326,0.574347,-0.171865,-0.273058,-0.094061,0.957317,-0.000371,0.000286,0.018129,-0.022695,-0.026504,-0.003025,-0.403012,0.027533,0.02482,-0.016728,-0.514845,-0.830941,0.210881,0.828433,-0.545509,-0.126954,0.220529,0.109339,0.969232,-0.000261,0.000492,0.009357,-0.045609,0.004058,0.00622,-0.538004,0.085902,0.054142,-0.032967,-0.693489,0.529137,-0.488964,-0.619343,-0.78457,0.029374,-0.368084,0.323207,0.871808,-1e-06,-4e-06,-2e-06,6e-06,8e-06,1.4e-05,0.442988
15,0.080316,0.046835,0.458807,-0.630147,0.585912,-0.509575,-0.691939,-0.721468,0.026009,-0.351625,0.368251,0.860684,-1e-06,-2e-06,-1e-06,0.0,0.0,0.0,0.462536,-0.103692,-0.039508,0.385622,0.531747,0.812385,0.239305,-0.797913,0.575328,-0.179627,-0.284255,-0.096465,0.953812,-0.001671,0.008983,0.007468,0.678017,0.462398,-0.054017,-0.592738,0.027505,0.024992,-0.016546,-0.513246,-0.829685,0.219546,0.826573,-0.546709,-0.133734,0.230984,0.112832,0.966392,-0.001563,0.009219,-0.001265,2.314939,1.506617,-0.235683,-0.652797,0.085905,0.05414,-0.032973,-0.693474,0.529142,-0.488979,-0.619343,-0.784571,0.029345,-0.368111,0.323196,0.871801,1e-06,5e-06,0.0,-8e-06,-4e-06,2e-06,0.440376
16,0.080343,0.046842,0.458797,-0.63006,0.585964,-0.509623,-0.691991,-0.721421,0.025933,-0.351679,0.36826,0.860658,0.010683,-0.003052,-0.001876,0.000984,-0.014715,0.029553,0.461227,-0.103953,-0.039021,0.385792,0.526674,0.811621,0.252741,-0.791785,0.576624,-0.201284,-0.309746,-0.09514,0.945975,-0.003356,0.019792,-0.001441,0.729863,0.380928,0.150138,-0.829808,0.027375,0.02523,-0.016458,-0.50873,-0.828783,0.233046,0.821681,-0.548209,-0.155905,0.256969,0.112176,0.959886,-0.008105,0.004246,0.00439,2.265249,1.537425,-0.283898,-0.815761,0.085919,0.054144,-0.032977,-0.693394,0.529203,-0.489028,-0.619401,-0.784528,0.02927,-0.368167,0.323201,0.871776,0.005339,-0.00153,-0.000939,0.000984,-0.014714,0.029562,0.437763
17,0.080349,0.046832,0.458793,-0.630058,0.585964,-0.509626,-0.691992,-0.72142,0.025933,-0.351681,0.368263,0.860656,-6.6e-05,-0.000194,-5.9e-05,0.0,0.0,0.0,0.460485,-0.104069,-0.03874,0.385872,0.519443,0.814398,0.2587,-0.792275,0.572482,-0.210945,-0.320528,-0.096426,0.942246,-0.015972,0.007309,0.007773,0.681682,0.468233,-0.088108,-0.944632,0.027323,0.025371,-0.016419,-0.502321,-0.831205,0.238265,0.822797,-0.544205,-0.163842,0.265851,0.113743,0.95728,-0.000937,0.005036,0.004168,-0.015573,-0.016944,0.016439,-0.796983,0.085922,0.054139,-0.032979,-0.693391,0.529203,-0.489032,-0.619403,-0.784527,0.02927,-0.368169,0.323203,0.871774,-4.2e-05,-0.000122,-3.6e-05,-1.1e-05,8e-06,-1e-06,0.436947
18,0.080367,0.046854,0.458759,-0.629968,0.586004,-0.509691,-0.692013,-0.721405,0.025794,-0.351801,0.368229,0.860622,-0.0,-0.0,-0.0,0.0,0.0,0.0,0.460244,-0.104309,-0.038215,0.38575,0.499578,0.82511,0.263831,-0.801682,0.555814,-0.219799,-0.328607,-0.102753,0.938788,-0.003534,0.022479,-0.01706,0.063842,0.055432,-0.114148,-1.308447,0.027194,0.025651,-0.016471,-0.481705,-0.841115,0.245935,0.831538,-0.527291,-0.174665,0.276593,0.120367,0.953418,-0.00171,0.010921,-0.008786,0.060652,0.052794,-0.112871,-0.800575,0.08593,0.05415,-0.032997,-0.693307,0.529252,-0.489098,-0.619428,-0.784513,0.029132,-0.368285,0.323158,0.871742,1e-06,4e-06,2e-06,-4e-06,1.2e-05,3e-06,0.43613
19,0.080392,0.046893,0.458688,-0.629824,0.58606,-0.509805,-0.692029,-0.721398,0.02554,-0.352027,0.368152,0.860562,-0.000284,-0.000836,-0.000255,0.0,0.0,0.0,0.460249,-0.104462,-0.037626,0.385056,0.4922,0.827846,0.269077,-0.803814,0.550937,-0.224245,-0.334483,-0.106969,0.936238,-0.002558,0.0172,-0.021406,0.062962,0.008529,0.050189,-1.40347,0.027119,0.025933,-0.016802,-0.47463,-0.843403,0.251788,0.83369,-0.522515,-0.17871,0.282288,0.125092,0.951138,-0.00204,0.013591,-0.015479,0.103861,0.053808,-0.120165,-0.811189,0.085944,0.054171,-0.033031,-0.693171,0.529323,-0.489213,-0.619449,-0.784504,0.028878,-0.368504,0.323061,0.871685,0.005151,-0.002085,-0.001109,0.000987,-0.014722,0.029557,0.43564
20,0.080419,0.046926,0.458636,-0.629689,0.58612,-0.509902,-0.69206,-0.721376,0.025332,-0.352207,0.368101,0.860511,-4e-06,-1.2e-05,-4e-06,0.0,0.0,0.0,0.459379,-0.104492,-0.037211,0.38462,0.490087,0.828125,0.272057,-0.804414,0.549951,-0.224514,-0.336139,-0.10987,0.935309,-0.002855,0.018804,-0.020079,0.020989,0.134227,-0.112822,-1.40447,0.027105,0.02614,-0.017034,-0.472671,-0.843585,0.254842,0.834246,-0.52152,-0.179024,0.283928,0.127982,0.950265,-0.002119,0.014037,-0.015109,0.061113,0.124498,-0.09168,-0.811026,0.085957,0.054185,-0.033058,-0.693044,0.529397,-0.489312,-0.619487,-0.784482,0.028671,-0.368679,0.322993,0.871636,2e-06,3e-06,-1e-06,1e-06,-2e-06,2e-06,0.435477
21,0.080541,0.046995,0.458508,-0.629222,0.586357,-0.510206,-0.692242,-0.721222,0.02475,-0.352683,0.368026,0.860348,1.5e-05,4.5e-05,1.4e-05,0.0,0.0,0.0,0.452625,-0.104713,-0.036102,0.38346,0.486955,0.824632,0.287836,-0.804617,0.55179,-0.219211,-0.340185,-0.125902,0.931819,-0.005657,0.037331,-0.040363,-0.07974,0.413656,0.050731,-1.404751,0.027001,0.026678,-0.017595,-0.470488,-0.840101,0.269942,0.834273,-0.523154,-0.174061,0.287451,0.143312,0.947012,-0.00206,0.013754,-0.015337,-0.245925,0.573103,0.304892,-0.804004,0.086018,0.054217,-0.033118,-0.692621,0.529675,-0.489611,-0.619694,-0.784338,0.028124,-0.369124,0.322889,0.871486,0.005351,-0.001495,-0.00093,0.000981,-0.014716,0.029558,0.431231
22,0.080673,0.047011,0.458422,-0.630354,0.586009,-0.509208,-0.69229,-0.721093,0.027039,-0.350563,0.368831,0.86087,0.010683,-0.003043,-0.001871,0.000984,-0.014715,0.029553,0.446133,-0.105275,-0.035101,0.382201,0.480832,0.821465,0.306574,-0.806326,0.551664,-0.213163,-0.344815,-0.145748,0.927213,-0.017966,0.023498,-0.032251,-0.083197,0.38793,-0.048689,-1.405,0.026718,0.027195,-0.018237,-0.465453,-0.836252,0.289887,0.835635,-0.523146,-0.167421,0.291659,0.164313,0.942302,-0.009054,0.012252,-0.0157,-0.11176,0.485338,-0.190522,-0.796819,0.08608,0.05423,-0.033164,-0.693703,0.529199,-0.488593,-0.619692,-0.784255,0.030405,-0.367091,0.32387,0.871981,0.0,-3e-06,-4e-06,0.000707,-0.000429,0.000423,0.42176
23,0.080761,0.04698,0.458414,-0.630156,0.586136,-0.509308,-0.692443,-0.72095,0.026937,-0.350619,0.368907,0.860814,0.0,0.0,0.0,0.0,0.0,0.0,0.442507,-0.105975,-0.034184,0.381064,0.471253,0.819599,0.325836,-0.809878,0.548459,-0.207909,-0.349681,-0.166952,0.921799,-0.01694,0.01639,-0.020326,-0.125858,0.459621,-0.224902,-1.40493,0.026369,0.02765,-0.018815,-0.457076,-0.833865,0.309435,0.838715,-0.519885,-0.162097,0.296038,0.185437,0.937002,-0.008454,0.00821,-0.010141,-0.146347,0.436845,-0.018252,-0.791757,0.086128,0.054213,-0.033169,-0.693498,0.529361,-0.488708,-0.619875,-0.784115,0.030289,-0.36717,0.323944,0.87192,1e-06,-1e-06,-4e-06,3e-06,-1.2e-05,1.6e-05,0.415066
24,0.080793,0.04697,0.458408,-0.630079,0.586183,-0.509348,-0.692498,-0.720899,0.026889,-0.350649,0.368931,0.860792,0.0,0.0,0.0,0.0,0.0,0.0,0.441483,-0.106269,-0.033816,0.380637,0.464376,0.819526,0.335745,-0.811706,0.545514,-0.208525,-0.354607,-0.176734,0.918086,-0.002887,0.0191,-0.019797,-0.224155,0.624192,-0.11838,-1.4048,0.026223,0.027828,-0.019021,-0.450721,-0.83418,0.317794,0.840445,-0.516529,-0.163854,0.300834,0.193236,0.933893,-0.008488,0.008406,-0.009978,0.037523,0.172281,-0.341271,-0.787675,0.086144,0.054208,-0.033172,-0.693427,0.529416,-0.48875,-0.619936,-0.784069,0.030243,-0.367203,0.323965,0.871899,1e-06,0.0,-4e-06,-1.3e-05,-1.2e-05,5e-06,0.412943
25,0.080787,0.046974,0.45842,-0.630094,0.58618,-0.509333,-0.692498,-0.720898,0.026918,-0.350621,0.36894,0.860799,0.000333,0.000983,0.000301,0.0,0.0,0.0,0.440686,-0.106842,-0.033325,0.380102,0.449804,0.819899,0.354167,-0.814797,0.539146,-0.212983,-0.366115,-0.193816,0.910087,-0.015726,0.008244,-0.009271,2.139605,1.903381,-0.802705,-1.404854,0.025929,0.028086,-0.019304,-0.437131,-0.833209,0.338642,0.843785,-0.510267,-0.166294,0.311356,0.213049,0.926102,-0.00786,0.004173,-0.004583,2.154604,1.870312,-0.815036,-0.787838,0.08614,0.054208,-0.033166,-0.693441,0.529411,-0.488735,-0.619935,-0.784068,0.030272,-0.367175,0.323976,0.871906,0.000225,0.000663,0.000199,-1.3e-05,-1.3e-05,2e-06,0.41033
26,0.080783,0.046953,0.458434,-0.630022,0.586243,-0.509349,-0.692574,-0.720826,0.026906,-0.350601,0.36898,0.86079,-0.000542,-0.001601,-0.00049,-0.002148,0.009194,-0.027227,0.439532,-0.107512,-0.033193,0.379835,0.434187,0.819155,0.374777,-0.818484,0.532542,-0.215446,-0.376591,-0.214245,0.901189,-0.013918,-0.003355,-0.001071,0.003697,0.572093,-0.116427,-1.405113,0.025594,0.028156,-0.019434,-0.422287,-0.831821,0.360202,0.847198,-0.503503,-0.169526,0.322378,0.233575,0.917341,-0.006939,-0.001755,-0.000588,0.01492,0.580702,-0.119202,-0.78294,0.08614,0.054203,-0.033158,-0.693376,0.529481,-0.488751,-0.620018,-0.784003,0.030262,-0.367159,0.324018,0.871897,-0.000271,-0.000806,-0.000249,-0.002149,0.009198,-0.027221,0.409187
27,0.080782,0.046933,0.458457,-0.630061,0.586231,-0.509315,-0.692578,-0.720818,0.026992,-0.350522,0.369014,0.860808,-8e-06,-2.3e-05,-7e-06,0.0,0.0,0.0,0.438437,-0.107871,-0.03325,0.379752,0.423937,0.817729,0.389343,-0.819699,0.529287,-0.218824,-0.385523,-0.227414,0.894158,-0.013713,-0.004532,-0.002044,1.916071,2.237055,-0.764176,-1.405081,0.025419,0.02813,-0.019474,-0.414137,-0.830543,0.372409,0.848851,-0.500094,-0.171339,0.328544,0.245163,0.912115,-0.006809,-0.002511,-0.001214,-0.374328,0.81634,-0.142191,-0.783266,0.086138,0.054189,-0.033147,-0.693412,0.529465,-0.488717,-0.620022,-0.783996,0.030349,-0.367084,0.324059,0.871913,-2e-06,-7e-06,-3e-06,-2e-06,1.2e-05,4e-06,0.408371
28,0.080779,0.0469,0.458497,-0.630125,0.586211,-0.509259,-0.692586,-0.720805,0.027136,-0.350392,0.369071,0.860836,-0.0,-0.0,-0.0,0.0,0.0,0.0,0.437224,-0.108563,-0.03347,0.379762,0.399928,0.815001,0.419311,-0.8222,0.521214,-0.2286,-0.405339,-0.254367,0.877987,-0.02809,-0.005338,-0.001028,-0.034604,0.731495,-0.309352,-1.404765,0.025079,0.028016,-0.019472,-0.39082,-0.825957,0.406268,0.851064,-0.492386,-0.182334,0.35064,0.2745,0.895377,-0.006267,-0.006372,0.004486,0.423392,1.144612,-0.433967,-0.780327,0.086137,0.054173,-0.033127,-0.693473,0.529438,-0.488659,-0.620028,-0.783986,0.030493,-0.366959,0.324128,0.87194,-2e-06,4e-06,-0.0,-1.6e-05,-2.4e-05,0.0,0.406411
29,0.080782,0.046901,0.458508,-0.630121,0.586219,-0.509255,-0.6926,-0.720791,0.027153,-0.350371,0.369086,0.860838,0.000735,0.009101,-0.010517,0.035002,-0.01689,0.016164,0.437197,-0.109216,-0.033599,0.379776,0.376211,0.810375,0.449165,-0.828712,0.511142,-0.227825,-0.414659,-0.287544,0.863273,-0.015535,0.007303,-0.010068,-0.209484,0.68646,-0.368458,-1.404596,0.024748,0.027947,-0.019462,-0.368867,-0.820058,0.43754,0.857103,-0.482218,-0.181218,0.359599,0.308171,0.880749,-0.014118,-0.002256,-0.000171,-0.270835,0.689152,-0.20853,-0.782286,0.086138,0.05417,-0.033118,-0.693482,0.529441,-0.488643,-0.620044,-0.783971,0.030539,-0.366914,0.324159,0.871948,4.8e-05,0.000147,4.4e-05,-1.5e-05,-1.1e-05,-2e-06,0.405268
30,0.08079,0.046899,0.458506,-0.630102,0.586231,-0.509265,-0.692614,-0.720778,0.027141,-0.350378,0.369092,0.860833,1e-06,3e-06,1e-06,0.0,0.0,0.0,0.437287,-0.109549,-0.033614,0.379683,0.364565,0.806825,0.464884,-0.833389,0.505447,-0.223428,-0.415675,-0.306996,0.856055,-0.015237,0.005579,-0.011493,-0.319128,0.932215,-0.263003,-1.404519,0.024581,0.027944,-0.019506,-0.358202,-0.816548,0.452703,0.861337,-0.476113,-0.17724,0.360263,0.326443,0.873867,-0.006881,-0.002175,-0.000949,-0.471978,1.192208,-0.204925,-0.781143,0.086142,0.054172,-0.033123,-0.693452,0.52946,-0.488665,-0.620058,-0.783962,0.030499,-0.366948,0.32415,0.871937,-2e-06,-4e-06,-2e-06,-7e-06,-3e-06,3e-06,0.405268
31,0.08079,0.046899,0.458506,-0.630102,0.586231,-0.509265,-0.692614,-0.720778,0.027141,-0.350378,0.369092,0.860833,0.0,0.0,0.0,0.0,0.0,0.0,0.437199,-0.109982,-0.033593,0.379338,0.337374,0.801083,0.494406,-0.839928,0.493345,-0.22598,-0.42534,-0.340038,0.838644,-0.000605,0.004816,-0.013804,0.375406,1.262623,-0.358379,-1.40433,0.024358,0.027957,-0.019675,-0.333026,-0.809941,0.482792,0.86776,-0.463576,-0.17913,0.368896,0.359293,0.857218,-0.000338,0.002629,-0.006715,1.90158,2.301735,-1.166292,-0.772816,0.086142,0.054172,-0.033123,-0.693452,0.529461,-0.488665,-0.620058,-0.783962,0.030499,-0.366947,0.32415,0.871937,0.0,-2e-06,-1e-06,7e-06,3e-06,9e-06,0.404778
32,0.080781,0.046894,0.458515,-0.630134,0.586215,-0.509243,-0.692601,-0.720789,0.027182,-0.350345,0.369097,0.860844,0.0,0.0,0.0,0.0,0.0,0.0,0.436374,-0.110066,-0.033431,0.378786,0.337034,0.789405,0.513068,-0.834558,0.502765,-0.225109,-0.436053,-0.353313,0.827582,-0.000431,0.003785,-0.014661,0.72961,0.165724,0.946035,-1.404684,0.024317,0.028037,-0.019952,-0.332387,-0.797753,0.503098,0.863339,-0.472104,-0.178216,0.379688,0.375108,0.845654,-0.000176,0.002006,-0.007243,2.716426,-0.761925,4.366692,-0.775428,0.086138,0.05417,-0.033118,-0.693482,0.529441,-0.488643,-0.620044,-0.783971,0.030539,-0.366914,0.324159,0.871948,1e-06,-2e-06,-1e-06,1e-06,4e-06,4e-06,0.404615
33,0.080781,0.046894,0.458515,-0.630134,0.586215,-0.509243,-0.692601,-0.720789,0.027182,-0.350345,0.369097,0.860844,0.0,0.0,0.0,0.0,0.0,0.0,0.435714,-0.110161,-0.032974,0.377966,0.337603,0.775584,0.533371,-0.829275,0.513176,-0.221104,-0.445596,-0.368646,0.815725,-0.002068,0.014681,-0.023441,-0.09099,0.460705,-0.00348,-1.404348,0.02427,0.028257,-0.020361,-0.335641,-0.783489,0.522961,0.857493,-0.483935,-0.174675,0.389936,0.389808,0.834265,-0.001092,0.007741,-0.011386,-0.119771,0.525114,0.054769,-0.776734,0.086138,0.05417,-0.033118,-0.693482,0.529441,-0.488643,-0.620044,-0.783971,0.030539,-0.366914,0.324159,0.871948,1e-06,-2e-06,-1e-06,1e-06,4e-06,4e-06,0.403472
34,0.080782,0.046901,0.458508,-0.630121,0.586219,-0.509255,-0.6926,-0.720791,0.027153,-0.350371,0.369086,0.860838,0.0,0.0,0.0,0.0,0.0,0.0,0.434253,-0.110166,-0.032629,0.37746,0.332678,0.769198,0.545574,-0.830305,0.513228,-0.217083,-0.447376,-0.381745,0.808696,-0.002017,0.01438,-0.023689,-0.267834,0.91586,0.192655,-1.404582,0.024268,0.028426,-0.020605,-0.331733,-0.778362,0.533015,0.858279,-0.483526,-0.171925,0.391547,0.400443,0.828454,0.005349,0.01314,-0.016655,-0.080952,0.516752,0.079832,-0.772979,0.086138,0.054173,-0.033122,-0.69347,0.529447,-0.488655,-0.620043,-0.783973,0.03051,-0.366939,0.324145,0.871942,1e-06,-1e-06,-2e-06,5e-06,-3e-06,7e-06,0.402819
35,0.080776,0.046905,0.458519,-0.630137,0.586215,-0.50924,-0.6926,-0.72079,0.027182,-0.350343,0.369094,0.860846,1e-06,2e-06,1e-06,0.0,0.0,0.0,0.433309,-0.10998,-0.031863,0.376338,0.348019,0.748193,0.564873,-0.815578,0.538769,-0.210936,-0.462568,-0.388233,0.796975,-0.00322,0.022696,-0.034591,-0.159199,0.7935,0.205979,-1.404538,0.02436,0.028813,-0.021169,-0.34865,-0.757331,0.55217,0.844247,-0.509627,-0.165909,0.407049,0.408324,0.817056,0.006157,0.007766,-0.012215,-0.161207,0.820462,0.353777,-0.775101,0.086135,0.054175,-0.033116,-0.693485,0.529441,-0.48864,-0.620042,-0.783972,0.030539,-0.366912,0.324156,0.87195,-3e-06,-7e-06,-1e-06,0.0,1e-06,7e-06,0.401023
36,0.080773,0.04689,0.458525,-0.630166,0.586199,-0.509222,-0.692589,-0.720799,0.027223,-0.350311,0.369103,0.860855,-4e-05,-0.000119,-3.6e-05,0.0,0.0,0.0,0.432288,-0.109954,-0.031328,0.375261,0.391264,0.713022,0.581811,-0.776701,0.594962,-0.206615,-0.493942,-0.371953,0.785834,-1.1e-05,0.001349,-0.016711,3.176576,-0.825506,4.29909,-1.404708,0.024372,0.029089,-0.021714,-0.389587,-0.72432,0.568842,0.810514,-0.562951,-0.161715,0.437364,0.398052,0.806391,-0.001428,0.010352,-0.018122,0.107372,0.259579,0.076595,-0.775918,0.086134,0.054168,-0.033114,-0.693512,0.529422,-0.488622,-0.62003,-0.78398,0.030579,-0.366881,0.324168,0.871958,-2e-05,-6.1e-05,-1.7e-05,-3e-06,-4e-06,-0.0,0.399553
37,0.080773,0.04689,0.458525,-0.630166,0.586199,-0.509222,-0.692589,-0.720799,0.027223,-0.350311,0.369103,0.860855,-1e-06,-2e-06,-1e-06,0.0,0.0,0.0,0.43232,-0.109953,-0.031156,0.37476,0.432368,0.682686,0.589058,-0.737113,0.643879,-0.204984,-0.51974,-0.346439,0.780842,-0.001331,0.010355,-0.027049,3.538999,-0.947785,4.640776,-1.404775,0.024373,0.029171,-0.021961,-0.431922,-0.69603,0.573572,0.773242,-0.613132,-0.161755,0.464261,0.373645,0.803025,8.5e-05,0.000226,-0.008731,0.966359,-0.077751,1.239572,-0.779674,0.086133,0.054168,-0.033114,-0.693512,0.529422,-0.488621,-0.62003,-0.78398,0.030579,-0.366881,0.324168,0.871958,2e-06,4e-06,3e-06,4e-06,5e-06,1e-06,0.399063
38,0.080768,0.046887,0.458504,-0.630174,0.586183,-0.509231,-0.692562,-0.720827,0.027189,-0.350352,0.369074,0.860851,-0.000394,-0.001166,-0.000357,0.0,0.0,0.0,0.432347,-0.109809,-0.031099,0.373879,0.499389,0.63511,0.589268,-0.677655,0.710128,-0.190882,-0.54029,-0.304803,0.784248,0.000797,-0.003346,-0.020687,-1.784684,-1.332138,1.670041,-1.404691,0.024444,0.029208,-0.022401,-0.5031,-0.649251,0.570405,0.711555,-0.685775,-0.152974,0.490489,0.328914,0.806991,0.000501,-0.002209,-0.010791,1.003798,-0.169973,1.125949,-0.788002,0.086132,0.05417,-0.033123,-0.693518,0.529406,-0.488631,-0.620001,-0.784005,0.030544,-0.366919,0.324135,0.871954,-0.000268,-0.000797,-0.000244,-0.002151,0.009195,-0.027229,0.398573
39,0.080777,0.046865,0.458486,-0.630172,0.586174,-0.509243,-0.69255,-0.720838,0.027171,-0.350377,0.369066,0.860844,-0.000167,-0.000494,-0.000151,0.0,0.0,0.0,0.434451,-0.109597,-0.031394,0.373021,0.573619,0.57536,0.58302,-0.603837,0.777965,-0.173447,-0.554062,-0.253291,0.79292,0.001591,-0.007925,-0.024618,1.075851,-0.218658,1.220615,-1.404627,0.02455,0.029063,-0.022827,-0.580094,-0.592692,0.558754,0.640806,-0.755534,-0.136143,0.502848,0.279078,0.818081,0.000913,-0.004173,-0.012541,3.561716,-1.020811,4.738394,-0.790614,0.086136,0.054156,-0.033133,-0.693516,0.529397,-0.488643,-0.619989,-0.784015,0.030527,-0.366943,0.324125,0.871948,-0.00012,-0.000357,-0.000109,-0.0,3e-06,-1e-06,0.39939
40,0.080759,0.046823,0.458453,-0.630148,0.586181,-0.509265,-0.692546,-0.720844,0.027115,-0.350429,0.369043,0.860833,-0.000607,-0.001794,-0.000549,0.0,0.0,0.0,0.436345,-0.109237,-0.031671,0.372306,0.610412,0.541018,0.578523,-0.559079,0.811675,-0.168961,-0.561728,-0.220997,0.797173,0.016118,-0.008964,-0.009352,0.022827,-0.066546,-0.024185,-1.402966,0.024727,0.028911,-0.023203,-0.618834,-0.558943,0.551929,0.595761,-0.791905,-0.133991,0.511969,0.2459,0.823055,0.007343,0.000348,-0.009561,0.057684,-0.055551,-0.004518,-0.800085,0.086127,0.054136,-0.033149,-0.693493,0.529407,-0.488665,-0.619985,-0.78402,0.03047,-0.366993,0.324097,0.871938,-0.000324,-0.000961,-0.000294,-1.2e-05,-0.0,-9e-06,0.400696
41,0.080748,0.04679,0.458443,-0.630214,0.586132,-0.509239,-0.692497,-0.72089,0.027162,-0.350407,0.369031,0.860847,-0.000591,-0.001746,-0.000535,0.0,0.0,0.0,0.436301,-0.108912,-0.031697,0.372043,0.623519,0.525966,0.578424,-0.539081,0.825093,-0.168958,-0.566882,-0.207144,0.797245,0.014279,0.003084,-0.017119,0.039045,-0.009026,0.027456,-1.402838,0.024895,0.028894,-0.023338,-0.63235,-0.544349,0.551195,0.576298,-0.806032,-0.134872,0.517699,0.232367,0.823403,0.007103,0.001776,-0.008361,0.03214,0.003796,0.028924,-0.799105,0.086122,0.05412,-0.033154,-0.693554,0.529351,-0.488639,-0.619931,-0.784061,0.030516,-0.36697,0.324087,0.871951,-0.00037,-0.001097,-0.000336,-2e-06,3e-06,2e-06,0.401839
42,0.080721,0.046743,0.458419,-0.630337,0.586039,-0.509195,-0.692396,-0.720985,0.027228,-0.350387,0.368994,0.860871,-0.000394,-0.001166,-0.000357,0.0,0.0,0.0,0.435113,-0.108256,-0.031731,0.371611,0.642099,0.498781,0.582166,-0.501929,0.847527,-0.172333,-0.580144,-0.182192,0.79379,0.015453,-0.004898,-0.005945,3.206167,-0.923977,4.404015,-1.402518,0.025217,0.028882,-0.023549,-0.648768,-0.521361,0.554329,0.54511,-0.826671,-0.139529,0.530994,0.211648,0.820517,0.014764,-0.000958,-0.00259,-0.00758,-0.011941,0.036757,-0.8058,0.086108,0.054095,-0.033166,-0.693666,0.529247,-0.488594,-0.61982,-0.784147,0.030578,-0.366946,0.324051,0.871974,-0.000282,-0.000838,-0.000257,7e-06,-7e-06,-1e-06,0.402002
43,0.080698,0.046711,0.45839,-0.63043,0.585962,-0.509168,-0.692305,-0.721071,0.027253,-0.350399,0.368948,0.860886,-0.000493,-0.001456,-0.000447,0.0,0.0,0.0,0.433179,-0.10749,-0.031724,0.371456,0.658334,0.469497,0.588354,-0.457278,0.870329,-0.182645,-0.598619,-0.149405,0.786891,0.014505,0.000549,-0.001308,1.006993,-0.209443,1.332534,-1.402519,0.025591,0.028879,-0.023631,-0.666566,-0.492866,0.559259,0.502123,-0.851363,-0.151825,0.550963,0.179615,0.81497,0.007282,0.000118,-0.000794,0.652645,0.513301,-0.341538,-0.810046,0.086097,0.054079,-0.03318,-0.693751,0.529161,-0.488566,-0.619721,-0.784224,0.030601,-0.366954,0.324004,0.871989,-0.000305,-0.000905,-0.000277,5e-06,1.5e-05,1e-06,0.400696
44,0.080682,0.046696,0.458376,-0.630371,0.586002,-0.509195,-0.692338,-0.721042,0.02719,-0.350439,0.368941,0.860872,-0.000388,-0.001147,-0.000352,0.0,0.0,0.0,0.431623,-0.10709,-0.031692,0.371433,0.667131,0.453067,0.591319,-0.435585,0.881198,-0.183547,-0.605046,-0.135705,0.784453,0.028698,0.002878,-0.001103,0.794077,0.190772,1.561014,-1.402987,0.025806,0.0289,-0.02364,-0.679478,-0.474546,0.559567,0.476476,-0.865362,-0.155297,0.557924,0.161099,0.814104,0.014306,0.001663,-0.000373,0.806076,0.168651,1.566525,-0.811352,0.086089,0.054071,-0.033188,-0.693697,0.529206,-0.488594,-0.619758,-0.784198,0.030539,-0.366993,0.323994,0.871976,-0.000236,-0.000693,-0.000211,6e-06,-9e-06,5e-06,0.39939
45,0.080647,0.046592,0.458345,-0.630244,0.586096,-0.509245,-0.692433,-0.720954,0.027099,-0.350482,0.368963,0.860846,0.009331,-0.007079,-0.003112,-0.001164,-0.005522,0.002325,0.425995,-0.106387,-0.031508,0.371392,0.689507,0.408488,0.598088,-0.374681,0.907872,-0.187924,-0.620599,-0.095048,0.778258,0.012507,0.013179,-0.00855,0.199111,0.262493,0.608047,-1.402815,0.026148,0.028985,-0.023658,-0.703222,-0.431572,0.564998,0.418051,-0.89379,-0.162394,0.575075,0.121999,0.808952,0.014055,0.003245,0.000904,3.151752,-0.598751,4.637985,-0.815271,0.086069,0.054026,-0.033201,-0.693582,0.529313,-0.488641,-0.619861,-0.78412,0.030451,-0.367035,0.32401,0.871952,-0.000511,-0.001514,-0.000465,3e-06,-1e-06,1e-06,0.394818
46,0.080676,0.046423,0.458225,-0.630107,0.586139,-0.509364,-0.692461,-0.720934,0.026904,-0.350671,0.368933,0.860782,0.008897,-0.008381,-0.003517,0.000984,-0.014715,0.029553,0.416616,-0.105683,-0.031005,0.371291,0.71305,0.35395,0.605203,-0.305899,0.933779,-0.185516,-0.631667,-0.053312,0.773316,0.011659,0.017682,-0.004707,0.103505,0.014113,0.225997,-1.402609,0.026506,0.029234,-0.023712,-0.728775,-0.375453,0.572644,0.348467,-0.923242,-0.161846,0.589454,0.081598,0.803669,0.01292,0.009993,-0.002273,0.333325,-0.103211,0.480001,-0.811189,0.086083,0.05394,-0.033261,-0.693468,0.529357,-0.488755,-0.619881,-0.784111,0.030268,-0.367216,0.32396,0.871895,-0.001096,-0.003244,-0.000997,-0.002138,0.009195,-0.027224,0.384694
47,0.080803,0.046192,0.457945,-0.633074,0.582601,-0.509743,-0.68832,-0.724914,0.026227,-0.353458,0.366741,0.860578,-0.002759,-0.008165,-0.002528,2.829732,-0.19929,-4.595356,0.400215,-0.105151,-0.030123,0.371055,0.724921,0.301226,0.619471,-0.234327,0.953522,-0.189262,-0.648583,-0.008357,0.761008,0.023677,0.033037,-0.01142,3.3351,-0.534323,4.405418,-1.40257,0.026767,0.02967,-0.023827,-0.742303,-0.32818,0.584194,0.283553,-0.943786,-0.169893,0.60711,0.039538,0.793632,0.005484,0.010593,-0.000864,-0.067894,0.440608,0.418051,-0.819027,0.08615,0.053822,-0.033402,-0.695151,0.526787,-0.489141,-0.616805,-0.786562,0.029486,-0.369208,0.322202,0.871705,-0.001455,-0.004165,-0.001328,2.833267,-0.199233,-4.592632,0.367058
48,0.080886,0.046082,0.457729,-0.636348,0.578837,-0.509956,-0.683938,-0.729065,0.025806,-0.356068,0.364475,0.860465,0.008353,-0.003117,-0.015228,2.852138,-0.16499,-4.736874,0.389678,-0.104904,-0.029573,0.370915,0.728321,0.274856,0.627689,-0.198198,0.961375,-0.190815,-0.656789,0.014202,0.75385,0.010787,0.022034,-0.001021,-0.078993,0.53263,0.46523,-1.402569,0.026895,0.02995,-0.0239,-0.748996,-0.29787,0.591842,0.242431,-0.954511,-0.173594,0.616629,0.01346,0.787138,0.004588,0.01619,-0.005098,0.161212,0.580169,0.614919,-0.821966,0.086188,0.053768,-0.033505,-0.695939,0.525562,-0.489338,-0.615318,-0.787743,0.029052,-0.370204,0.321316,0.871609,-0.001184,-5.6e-05,-0.006686,0.034801,-0.016894,0.016274,0.355628
49,0.081087,0.04588,0.457208,-0.646054,0.567488,-0.510505,-0.670724,-0.741276,0.024692,-0.363615,0.357651,0.860172,0.007827,-0.004726,-0.01574,0.034052,-0.022346,0.018213,0.372982,-0.104378,-0.02848,0.370651,0.735095,0.224923,0.639559,-0.133463,0.972913,-0.188579,-0.665558,0.052962,0.744372,0.011088,0.020168,-0.00263,0.267098,0.170532,0.362899,-1.402537,0.027147,0.030493,-0.02402,-0.756862,-0.248269,0.604583,0.179383,-0.968427,-0.173114,0.628474,-0.022571,0.777502,0.005607,0.009963,-0.001503,3.458388,-0.703948,4.102244,-0.826538,0.086288,0.053668,-0.033765,-0.707631,0.509226,-0.489842,-0.5963,-0.802294,0.027378,-0.379056,0.311466,0.87138,0.003898,-0.002436,-0.007894,0.033323,-0.022424,0.017805,0.330808
50,0.081314,0.04577,0.456585,-0.665005,0.544442,-0.511269,-0.643916,-0.764729,0.023087,-0.377592,0.343885,0.859764,0.008098,-0.003971,-0.015514,2.859479,-0.149891,-4.733058,0.364132,-0.104075,-0.027688,0.370393,0.730451,0.183547,0.657832,-0.081166,0.979712,-0.183057,-0.678988,0.080068,0.729676,0.011488,0.0179,-0.004562,-0.211939,0.726379,0.213269,-1.40253,0.027308,0.030903,-0.024152,-0.756079,-0.206123,0.621174,0.125638,-0.977169,-0.171329,0.642307,-0.051495,0.764714,-0.001225,0.00736,-0.002734,-0.222248,0.803781,0.202223,-0.822129,0.086398,0.053611,-0.034072,-0.721515,0.488643,-0.490553,-0.572221,-0.819714,0.025111,-0.389843,0.298823,0.871048,0.004119,-0.001811,-0.007704,0.032893,-0.022349,0.018313,0.314642
51,0.081419,0.04575,0.456295,-0.671049,0.53664,-0.511621,-0.634765,-0.772364,0.02233,-0.382346,0.339071,0.859575,0.009189,0.006199,-0.025668,0.323365,-0.050262,-0.39281,0.361331,-0.104027,-0.027386,0.370273,0.726989,0.165048,0.666511,-0.058452,0.982031,-0.179253,-0.685018,0.091126,0.72271,0.011764,0.016399,-0.005834,-0.154132,0.633227,0.164952,-1.402477,0.027331,0.031055,-0.024211,-0.753308,-0.187175,0.630469,0.102811,-0.980374,-0.168214,0.649581,-0.061898,0.757767,-0.001197,0.007205,-0.002863,-0.166567,0.844163,0.343641,-0.822946,0.086453,0.053594,-0.034219,-0.729401,0.476442,-0.490891,-0.557958,-0.829522,0.023949,-0.395796,0.291365,0.87089,0.004362,-0.001085,-0.00748,0.893015,-0.059616,-1.418884,0.308763
52,0.081627,0.045671,0.455816,-0.674837,0.527966,-0.515648,-0.625459,-0.779987,0.019826,-0.390897,0.335235,0.857231,-0.001431,0.002665,-0.012518,0.015908,-0.062769,0.001924,0.367356,-0.103973,-0.026985,0.370073,0.717947,0.110909,0.6872,0.016115,0.984309,-0.175529,-0.696772,0.136932,0.704005,-0.000151,0.000789,0.000667,0.065472,0.744359,0.513403,-1.402209,0.027363,0.031264,-0.024312,-0.747611,-0.133132,0.650655,0.028726,-0.985267,-0.168591,0.663514,-0.107349,0.740421,-0.000822,0.005221,-0.004538,0.889085,0.59151,1.393308,-0.825885,0.08656,0.053553,-0.034465,-0.732572,0.466992,-0.495232,-0.547606,-0.836465,0.021279,-0.404308,0.286781,0.868499,0.004183,-0.005109,-0.002071,-0.012653,-0.032026,-0.007179,0.305661
53,0.081873,0.04549,0.45546,-0.680323,0.511303,-0.525144,-0.606457,-0.795015,0.011502,-0.410775,0.325661,0.851608,0.009064,-0.001175,-0.014643,0.24406,-0.150723,-0.443273,0.387957,-0.10388,-0.026871,0.369874,0.702756,0.052192,0.709507,0.100548,0.980003,-0.171519,-0.70514,0.191786,0.682538,0.000327,-0.001709,-0.001445,0.170934,0.514243,0.404301,-1.402491,0.027409,0.031319,-0.024412,-0.734573,-0.073171,0.674572,-0.056131,-0.984207,-0.167881,0.676203,-0.161186,0.718865,0.007257,5.7e-05,-0.000835,0.997946,0.381367,1.295609,-0.818374,0.08668,0.053468,-0.03464,-0.736424,0.450483,-0.50472,-0.527875,-0.849233,0.012234,-0.423115,0.275439,0.863195,0.004301,-0.004767,-0.001968,0.815926,-0.174119,-1.443987,0.320031
54,0.082184,0.045174,0.455175,-0.675159,0.505241,-0.537529,-0.600646,-0.799493,0.002869,-0.427467,0.324168,0.843928,0.008158,-0.010891,-0.004371,0.145513,-0.228528,0.117272,0.410059,-0.103626,-0.026945,0.369808,0.67727,-0.010517,0.735654,0.18835,0.969047,-0.159392,-0.712045,0.2465,0.657338,0.014407,0.000705,-0.001191,0.020643,1.133827,0.510685,-1.402061,0.027532,0.031278,-0.024448,-0.714464,-0.009848,0.699602,-0.144663,-0.976215,-0.161479,0.684552,-0.216578,0.696046,0.00021,-0.001085,-0.000915,1.10437,0.501196,1.122715,-0.822129,0.086836,0.053315,-0.034786,-0.731183,0.444423,-0.517549,-0.521372,-0.85332,0.003832,-0.439932,0.272638,0.855643,0.003822,-0.006235,-0.002442,0.653027,-0.496255,0.413217,0.349749
55,0.082359,0.044971,0.45501,-0.675463,0.498743,-0.543185,-0.595559,-0.803288,0.002929,-0.434039,0.324852,0.840302,0.007629,-0.012521,-0.0049,-0.107433,-0.260077,-0.077202,0.417772,-0.103476,-0.026934,0.369826,0.660713,-0.043449,0.749375,0.237061,0.959299,-0.15324,-0.713034,0.278924,0.643154,-0.000176,0.000915,0.000775,0.049836,0.967527,0.578358,-1.402386,0.027608,0.031277,-0.024445,-0.699874,0.023184,0.713889,-0.19291,-0.968465,-0.157672,0.687721,-0.248067,0.682276,-0.00012,0.000771,0.000575,3.909295,-0.005258,3.575627,-0.824905,0.086925,0.053215,-0.034868,-0.731075,0.438463,-0.52276,-0.515999,-0.856582,0.003166,-0.446399,0.272058,0.852473,0.00417,-0.001729,-0.007695,-0.117975,-0.365346,-0.090163,0.361343
56,0.082774,0.0445,0.454632,-0.676287,0.488076,-0.551782,-0.586821,-0.809694,0.002926,-0.444511,0.325164,0.834689,0.018423,-0.008687,-0.017969,-0.01905,-0.166888,0.00745,0.424484,-0.103231,-0.026878,0.370109,0.624964,-0.084643,0.776047,0.303939,0.942034,-0.141872,-0.719827,0.324616,0.613463,0.000353,-0.00371,0.014777,-0.21294,1.011975,0.131545,-1.402251,0.027736,0.031305,-0.024311,-0.665741,0.067068,0.743162,-0.262499,-0.95334,-0.149117,0.698486,-0.294353,0.652283,0.007196,-0.000588,0.007575,-0.01897,1.224941,0.477187,-0.829641,0.087128,0.052979,-0.035052,-0.730949,0.427522,-0.531917,-0.506654,-0.862143,0.003295,-0.45718,0.271906,0.846789,0.003411,-0.007544,-0.002877,-0.054503,-0.132435,-0.037812,0.377999
57,0.083188,0.04414,0.454221,-0.68193,0.469869,-0.56057,-0.568706,-0.82252,0.002299,-0.459157,0.319779,0.82882,0.007838,-0.012058,-0.004784,-0.049892,-0.222941,0.141839,0.424527,-0.103026,-0.026974,0.370969,0.588533,-0.119888,0.79953,0.355326,0.92665,-0.122462,-0.726931,0.356291,0.586934,0.000896,-0.008411,0.028687,-1.878047,-0.284504,1.900779,-1.402134,0.027839,0.031256,-0.023875,-0.631403,0.102913,0.768595,-0.315182,-0.93965,-0.133106,0.708512,-0.326291,0.625734,0.000353,-0.003952,0.014522,-1.892118,-0.222749,1.920627,-0.840581,0.08734,0.052791,-0.035266,-0.735003,0.408975,-0.540841,-0.487398,-0.873176,0.002092,-0.471395,0.265143,0.841121,0.003953,-0.005951,-0.002373,-0.041688,-0.200476,0.148981,0.383387
58,0.083382,0.044006,0.454048,-0.685799,0.460985,-0.563221,-0.559469,-0.82883,0.002755,-0.464697,0.316415,0.827022,0.008826,-0.009082,-0.003823,-0.011081,-0.062591,0.003391,0.423893,-0.102789,-0.027035,0.371558,0.572725,-0.130757,0.809247,0.372087,0.921089,-0.114366,-0.731143,0.366748,0.575143,0.014275,-0.002512,0.031846,-0.229074,0.754387,-0.017586,-1.401643,0.027958,0.031223,-0.023582,-0.615899,0.115171,0.77936,-0.332564,-0.934803,-0.124672,0.714191,-0.335973,0.614046,0.007072,-0.001002,0.016143,-0.214221,0.710313,-0.051838,-0.840254,0.087429,0.052723,-0.035347,-0.738028,0.399701,-0.543647,-0.477595,-0.878576,0.002412,-0.476671,0.261423,0.83931,0.004371,-0.004692,-0.001965,0.077552,-0.034989,-0.101692,0.383714
59,0.08366,0.043851,0.453871,-0.689281,0.447967,-0.56944,-0.545774,-0.837914,0.001372,-0.475675,0.311169,0.82276,0.010173,-0.004999,-0.002497,-0.019009,-0.06939,0.009005,0.422799,-0.101887,-0.02712,0.373166,0.546041,-0.156283,0.823047,0.399911,0.911886,-0.092025,-0.736819,0.379565,0.559368,0.028335,-0.00235,0.047953,4.277098,0.158397,3.053413,-1.401634,0.028399,0.031179,-0.022798,-0.592747,0.1386,0.793372,-0.356317,-0.928559,-0.103997,0.722279,-0.344337,0.599786,0.007144,-0.002483,0.023769,-0.332023,0.96056,-0.193762,-0.847113,0.087575,0.052642,-0.035443,-0.740392,0.386521,-0.549927,-0.4631,-0.886305,0.000545,-0.487193,0.255075,0.835211,0.005153,-0.002314,-0.001192,-0.005426,-0.031314,0.020173,0.382734
60,0.083862,0.043841,0.453862,-0.686804,0.448108,-0.572316,-0.54724,-0.836958,0.001304,-0.477571,0.313528,0.820764,0.011733,-0.000223,-0.000942,0.001622,-0.027543,0.055638,0.421874,-0.100791,-0.02709,0.37525,0.526701,-0.171897,0.832483,0.406132,0.911195,-0.068666,-0.747402,0.374454,0.548669,0.026769,0.005007,0.05387,-0.309172,0.853476,0.070986,-1.401392,0.028938,0.031189,-0.021779,-0.575099,0.158278,0.802625,-0.369212,-0.92572,-0.081996,0.730029,-0.343495,0.590819,0.014153,-0.002484,0.031685,-0.259517,0.352524,-0.149282,-0.847439,0.087671,0.052635,-0.035447,-0.738077,0.387021,-0.552679,-0.464667,-0.885484,0.000468,-0.489208,0.257157,0.833393,0.000317,0.000962,0.00031,0.006779,0.017496,0.005944,0.381918
61,0.083902,0.043915,0.453875,-0.685216,0.447365,-0.574794,-0.547872,-0.836542,0.001946,-0.479122,0.315686,0.819031,0.000511,0.001565,0.000509,-0.013415,-0.03326,-0.010496,0.417853,-0.099742,-0.026912,0.377515,0.505727,-0.173892,0.844981,0.414513,0.907953,-0.061102,-0.757202,0.381348,0.530171,0.027463,-0.001139,0.066257,-0.149217,0.577218,0.186107,-1.401487,0.029482,0.031287,-0.020601,-0.552965,0.160629,0.817573,-0.377774,-0.922921,-0.074181,0.742641,-0.349878,0.571025,0.013638,-0.000291,0.03335,-0.154276,0.594054,0.193878,-0.840581,0.087698,0.052679,-0.035439,-0.736393,0.386478,-0.5553,-0.465396,-0.885101,0.001156,-0.491051,0.259286,0.831648,0.000325,0.000992,0.000322,-0.003147,-0.008231,-0.002856,0.379142
62,0.083889,0.043935,0.453873,-0.685124,0.447458,-0.574832,-0.547943,-0.836496,0.001842,-0.479174,0.315676,0.819005,3.1e-05,9.6e-05,3.1e-05,-0.000196,-0.000486,-0.000153,0.413598,-0.099311,-0.026767,0.378646,0.490871,-0.179155,0.852608,0.427604,0.902163,-0.056482,-0.759677,0.392502,0.518358,0.011724,0.006943,0.05678,-0.26508,0.754525,0.203286,-1.401308,0.029692,0.031359,-0.020055,-0.539796,0.166536,0.825157,-0.391351,-0.91751,-0.070837,0.745294,-0.361164,0.560443,0.012819,0.00462,0.028458,-0.244137,0.751406,0.253705,-0.841398,0.087692,0.052692,-0.035439,-0.736392,0.38671,-0.555139,-0.465482,-0.885056,0.000932,-0.49097,0.259093,0.831756,0.0,-5e-06,-2e-06,0.002784,0.007575,0.002801,0.375713
63,0.083881,0.043936,0.453772,-0.682699,0.446834,-0.578193,-0.547845,-0.836563,0.00027,-0.48273,0.316384,0.81664,-0.000804,-0.002462,-0.000801,-0.000995,-0.00247,-0.00078,0.400518,-0.098586,-0.026463,0.380938,0.463892,-0.197853,0.86351,0.44901,0.892742,-0.036532,-0.764235,0.404893,0.501865,0.025347,0.010359,0.057506,-0.236499,0.58738,0.159444,-1.400913,0.030045,0.031509,-0.018928,-0.514121,0.186453,0.837206,-0.414159,-0.90872,-0.051951,0.7511,-0.373446,0.544413,0.012704,0.004873,0.02851,-0.265818,0.701025,0.186138,-0.837968,0.087689,0.052695,-0.035489,-0.733948,0.386333,-0.558628,-0.465429,-0.885084,-0.0006,-0.494665,0.259561,0.829417,-0.000163,0.002986,-0.005738,0.038633,0.007172,-0.006483,0.363792
64,0.083849,0.043981,0.453505,-0.684479,0.43665,-0.583841,-0.537613,-0.843174,-0.000411,-0.491613,0.313051,0.812614,-0.001423,-0.004356,-0.00142,-0.011978,-0.129356,0.167053,0.391418,-0.098081,-0.026192,0.383063,0.443345,-0.214965,0.870188,0.459434,0.888056,-0.014562,-0.77019,0.406493,0.49136,0.010408,0.014661,0.044849,-0.195426,0.536421,0.111428,-1.401598,0.030306,0.031653,-0.017835,-0.494253,0.204288,0.844973,-0.425715,-0.904347,-0.030373,0.757944,-0.37473,0.533945,-0.001033,0.001474,0.027342,-0.299041,0.731512,0.206761,-0.830294,0.087673,0.052718,-0.035622,-0.734892,0.375885,-0.564484,-0.454518,-0.890735,-0.001404,-0.503334,0.255537,0.825442,-0.000535,0.001833,-0.006112,0.013221,-0.052581,-0.026613,0.348606
65,0.083807,0.044002,0.453332,-0.686942,0.428089,-0.587278,-0.527528,-0.849518,-0.002283,-0.499032,0.3077,0.810133,-0.002045,-0.006258,-0.002043,0.45268,-0.244021,-0.137297,0.390264,-0.097901,-0.025971,0.38398,0.43743,-0.219348,0.872085,0.462112,0.886742,-0.008625,-0.771961,0.407023,0.488132,0.010507,0.014023,0.044213,-0.104604,0.155346,-0.030848,-1.401588,0.030396,0.031763,-0.017377,-0.487167,0.208858,0.847965,-0.428774,-0.903095,-0.0239,0.760802,-0.375229,0.529511,0.005361,0.006357,0.021588,-0.094735,0.102672,-0.078034,-0.825395,0.087653,0.052732,-0.035708,-0.7365,0.36748,-0.567913,-0.44438,-0.895831,-0.003369,-0.509993,0.249888,0.823081,-0.000632,0.001568,-0.006206,1.659635,-0.494456,-0.882293,0.344851
66,0.083724,0.044019,0.452915,-0.684786,0.41852,-0.596619,-0.517973,-0.855362,-0.005596,-0.511821,0.304674,0.803268,-0.001992,0.000879,-0.013141,0.18714,-0.282079,0.276179,0.389653,-0.097198,-0.025307,0.385441,0.429919,-0.232204,0.872492,0.469939,0.882654,0.003478,-0.771445,0.408788,0.487472,0.023585,0.021793,0.03106,-0.028825,-0.054526,0.118533,-1.401155,0.030742,0.032095,-0.016638,-0.480742,0.221789,0.848349,-0.437204,-0.899272,-0.012653,0.760091,-0.376985,0.529285,0.004952,0.009237,0.015052,-0.028889,0.006215,-0.116065,-0.827354,0.087611,0.052736,-0.035912,-0.733777,0.357794,-0.57754,-0.433899,-0.900935,-0.006864,-0.522783,0.245558,0.816332,-0.00094,0.000584,-0.006522,0.663274,-0.495845,0.445075,0.340279
67,0.083641,0.043891,0.452469,-0.682134,0.405344,-0.608634,-0.504815,-0.863162,-0.009167,-0.528223,0.300485,0.794177,0.007779,-0.005403,-0.016078,0.293392,-0.22768,-0.235446,0.391161,-0.096611,-0.02464,0.386265,0.426431,-0.250719,0.869073,0.479977,0.877066,0.017645,-0.767182,0.4099,0.493231,0.010772,0.016578,0.01122,0.003217,-0.025966,0.056123,-1.401538,0.031037,0.032443,-0.01621,-0.478054,0.240444,0.844778,-0.448113,-0.893976,0.000863,0.755419,-0.378143,0.535115,0.005401,0.008154,0.005495,-0.00028,0.040569,-0.110303,-0.828008,0.087566,0.052676,-0.036134,-0.729841,0.34549,-0.589887,-0.420589,-0.907184,-0.010951,-0.538921,0.240108,0.80741,-0.001629,-0.001502,-0.007216,1.014312,-0.185279,-1.196183,0.338809
