frame,MLTx,MLTy,MLTz,MLTR1,MLTR2,MLTR3,MLTR4,MLTR5,MLTR6,MLTR7,MLTR8,MLTR9,MLTTVx,MLTTVy,MLTTVz,MLTRVx,MLTRVy,MLTRVz,MLGA,MRTx,MRTy,MRTz,MRTR1,MRTR2,MRTR3,MRTR4,MRTR5,MRTR6,MRTR7,MRTR8,MRTR9,MRTTVx,MRTTVy,MRTTVz,MRTRVx,MRTRVy,MRTRVz,MRGA,SLTx,SLTy,SLTz,SLTR1,SLTR2,SLTR3,SLTR4,SLTR5,SLTR6,SLTR7,SLTR8,SLTR9,SLTTVx,SLTTVy,SLTTVz,SLTRVx,SLTRVy,SLTRVz,SLGA,SRTx,SRTy,SRTz,SRTR1,SRTR2,SRTR3,SRTR4,SRTR5,SRTR6,SRTR7,SRTR8,SRTR9,SRTTVx,SRTTVy,SRTTVz,SRTRVx,SRTRVy,SRTRVz,SRGA
1123,0.111085,-0.001465,0.322731,-0.37734,0.591465,-0.712622,-0.809129,-0.584833,-0.057034,-0.450037,0.554343,0.700141,-0.014099,0.002066,0.001525,0.001567,-0.090701,0.139083,-1.914789,-0.208155,-0.003391,0.320672,-0.448798,0.873523,0.18849,-0.645383,-0.462604,0.607793,0.618678,0.150026,0.771098,0.003035,-0.002645,0.035018,-0.241977,0.400892,-0.406385,0.392093,0.024601,0.042869,-0.014121,0.41365,-0.878801,0.237909,0.688456,0.47292,0.549885,-0.595752,-0.06367,0.80064,0.001501,-0.00116,0.017669,-0.217643,0.584523,0.157564,0.338377,0.053779,0.039564,-0.057607,0.560719,-0.550623,-0.618391,0.704929,0.709235,0.007675,0.434359,-0.440225,0.785832,3e-06,1.7e-05,1.9e-05,0.003527,-0.103196,0.170827,-1.031362
1124,0.111021,-0.001456,0.322738,-0.377241,0.591955,-0.712267,-0.810045,-0.583653,-0.056112,-0.448471,0.555062,0.700577,-0.014112,0.002013,0.001473,0.001588,-0.090629,0.139134,-1.914671,-0.208074,-0.003411,0.321242,-0.433685,0.879414,0.196313,-0.648309,-0.455727,0.60987,0.626335,0.13611,0.767491,0.016828,-0.005824,0.031161,-0.082111,0.533281,0.119852,0.391995,0.024637,0.042858,-0.013823,0.398847,-0.883104,0.247078,0.690616,0.466528,0.552631,-0.6033,-0.049779,0.795959,0.001127,0.002614,0.01185,0.189947,1.258569,1.007913,0.340173,0.053747,0.039568,-0.057604,0.560657,-0.551132,-0.617993,0.705904,0.708253,0.008785,0.432854,-0.441169,0.786133,-2e-06,-1.1e-05,-9e-06,0.001412,-0.001373,0.002341,-1.034955
1125,0.110934,-0.001458,0.322747,-0.374423,0.592552,-0.713257,-0.811008,-0.582133,-0.057955,-0.449093,0.556018,0.699419,-9e-06,-3.5e-05,-3.4e-05,0.00257,-0.105338,0.168691,-1.914835,-0.20781,-0.003263,0.322003,-0.418794,0.883063,0.211663,-0.646804,-0.453566,0.61307,0.637905,0.118732,0.760817,0.001774,0.000919,0.019558,-0.072512,0.202384,-0.297384,0.392296,0.024775,0.042926,-0.013434,0.3839,-0.885008,0.2634,0.689247,0.464478,0.556055,-0.614457,-0.031921,0.788302,0.000826,0.000112,0.009449,-0.031581,0.188367,-0.305916,0.344092,0.053698,0.039567,-0.057599,0.557996,-0.552303,-0.619355,0.70742,0.706757,0.007093,0.433816,-0.442102,0.785078,-4e-06,-1.5e-05,-1.2e-05,0.002231,-0.105345,0.169228,-1.035771
1126,0.11086,-0.001448,0.322754,-0.374308,0.592564,-0.713307,-0.811045,-0.582074,-0.058024,-0.449122,0.556066,0.699361,0.000115,0.000467,0.000457,-0.0,-0.0,-0.0,-1.914812,-0.207449,-0.002907,0.322208,-0.397714,0.889839,0.223612,-0.650306,-0.445197,0.615496,0.647738,0.098253,0.75541,0.014648,0.004267,0.003247,-0.106651,0.236959,-0.273945,0.39264,0.024955,0.043107,-0.013328,0.363066,-0.88979,0.276505,0.692435,0.456225,0.55892,-0.62347,-0.011463,0.781762,0.007275,0.001803,0.001308,-0.079164,0.226656,-0.279742,0.344582,0.053661,0.039571,-0.057596,0.55788,-0.552348,-0.619419,0.707489,0.706689,0.007033,0.433852,-0.442156,0.785028,7.6e-05,0.000317,0.000312,-0.000265,1e-06,0.000346,-1.037078
1127,0.110831,-0.001431,0.32277,-0.374475,0.592522,-0.713254,-0.810988,-0.582165,-0.05791,-0.449086,0.556015,0.699425,7.2e-05,0.000291,0.000284,-0.0,-0.0,-0.0,-1.915143,-0.207159,-0.002743,0.322165,-0.368157,0.899497,0.235278,-0.654053,-0.43029,0.622092,0.661265,0.074009,0.746401,0.014093,-0.000414,-0.001177,-0.583179,0.450839,-0.108782,0.39282,0.025094,0.043186,-0.013352,0.334696,-0.89684,0.289233,0.697004,0.442173,0.564507,-0.634163,0.012659,0.773094,-3.5e-05,-0.000255,-0.00024,-0.010194,0.111564,-0.159265,0.344909,0.053647,0.039581,-0.057587,0.558022,-0.552284,-0.619348,0.707413,0.706763,0.007133,0.433793,-0.442116,0.785083,3.7e-05,0.000152,0.000149,-0.000186,-0.0,0.000226,-1.038384
1128,0.110812,-0.001421,0.322778,-0.37661,0.592534,-0.712119,-0.811147,-0.582178,-0.055506,-0.447008,0.55599,0.700775,0.000222,0.0009,0.000879,-0.0,0.0,-0.0,-1.915003,-0.206992,-0.002753,0.322132,-0.362378,0.900614,0.239935,-0.653625,-0.428967,0.623455,0.664865,0.067964,0.743773,0.014039,-0.000877,-0.001617,-0.080723,0.123268,-0.113395,0.392628,0.025183,0.043177,-0.013373,0.327735,-0.897603,0.294784,0.695091,0.440408,0.568232,-0.639872,0.018672,0.768253,0.006996,-0.000614,-0.000977,-0.014645,0.101175,-0.126453,0.344745,0.053637,0.039584,-0.057585,0.559979,-0.551887,-0.617934,0.707243,0.706905,0.009565,0.431542,-0.442386,0.786171,0.000148,0.000597,0.000585,0.002643,-0.002672,0.002426,-1.03871
1129,0.110729,-0.001403,0.322793,-0.376774,0.592484,-0.712074,-0.81109,-0.582269,-0.055389,-0.446975,0.555948,0.70083,5e-06,2.1e-05,2.1e-05,-0.0,-0.0,-0.0,-1.915289,-0.206481,-0.002842,0.322032,-0.345171,0.905044,0.24848,-0.655535,-0.421838,0.626307,0.672082,0.052155,0.738545,0.013872,-0.002368,-0.003032,-0.036784,0.103414,-0.128847,0.39272,0.025427,0.043133,-0.013422,0.310668,-0.900619,0.303925,0.696994,0.433252,0.571394,-0.646284,0.03432,0.762323,0.00697,-0.000872,-0.001224,-0.005596,0.092988,-0.134324,0.345072,0.053596,0.039595,-0.057575,0.560096,-0.551816,-0.617891,0.707163,0.706984,0.009635,0.431523,-0.442346,0.786203,-0.007055,0.001011,0.000742,-0.001041,0.01468,-0.029381,-1.039037
1130,0.110605,-0.001364,0.322813,-0.377131,0.592382,-0.71197,-0.810953,-0.582481,-0.055155,-0.446921,0.555834,0.700954,1.2e-05,4.9e-05,4.8e-05,-0.0,-0.0,-0.0,-1.91429,-0.205959,-0.002916,0.321932,-0.335767,0.906736,0.255111,-0.658207,-0.419478,0.625088,0.674219,0.040826,0.737309,0.013908,-0.002088,-0.002776,-0.009153,0.090493,-0.138844,0.392262,0.025693,0.043092,-0.013476,0.30165,-0.901255,0.31104,0.699687,0.43087,0.569902,-0.647645,0.04572,0.760569,0.006939,-0.001168,-0.001511,-0.010025,0.103619,-0.165529,0.344909,0.053534,0.039615,-0.057565,0.560411,-0.551654,-0.61775,0.706967,0.707177,0.009834,0.431434,-0.442241,0.786312,3e-06,1.3e-05,1.5e-05,-7.9e-05,-4e-06,8.5e-05,-1.04067
1131,0.110519,-0.001367,0.322822,-0.37735,0.592323,-0.711903,-0.810889,-0.582587,-0.054985,-0.446852,0.555787,0.701036,-1.6e-05,-6.6e-05,-6.4e-05,-0.0,-0.0,-0.0,-1.914429,-0.205728,-0.002919,0.321888,-0.336302,0.905779,0.25779,-0.657318,-0.421675,0.624545,0.67482,0.039445,0.736834,0.014053,-0.000802,-0.001563,-0.009154,0.090499,-0.13884,0.392186,0.025808,0.043088,-0.013501,0.302376,-0.900117,0.313619,0.69887,0.433097,0.569215,-0.648188,0.047062,0.760024,0.007029,-0.000398,-0.000785,-0.009722,0.089135,-0.140606,0.344909,0.05349,0.039613,-0.057561,0.560605,-0.551558,-0.617659,0.706866,0.707276,0.009988,0.431347,-0.442202,0.786381,-1e-05,-4e-05,-3.7e-05,-6.1e-05,-2e-06,6.9e-05,-1.040997
1132,0.110346,-0.001355,0.322828,-0.377618,0.592236,-0.711833,-0.810794,-0.582738,-0.054789,-0.446798,0.555721,0.701122,-0.014113,0.002011,0.001461,-0.000984,0.014715,-0.029553,-1.914934,-0.205431,-0.002803,0.321826,-0.337528,0.905747,0.256296,-0.656942,-0.421545,0.625028,0.674576,0.041452,0.736948,0.000145,0.001304,0.001232,-0.01195,0.100792,-0.163589,0.391044,0.025962,0.043139,-0.013531,0.303612,-0.900259,0.312012,0.698469,0.433026,0.569761,-0.648043,0.044945,0.760276,0.007163,0.000823,0.000368,-0.01767,0.035854,-0.091431,0.344092,0.053409,0.039618,-0.057559,0.560823,-0.551437,-0.617571,0.706736,0.707404,0.010146,0.431278,-0.44215,0.786448,-1e-06,-2e-06,0.0,-4.9e-05,6e-06,4.7e-05,-1.041486
1133,0.110228,-0.001352,0.32284,-0.377906,0.592157,-0.711746,-0.810706,-0.582881,-0.054569,-0.446714,0.555655,0.701228,-0.000308,-0.001239,-0.001211,-0.000368,0.015262,-0.024444,-1.915011,-0.205327,-0.002479,0.321818,-0.331438,0.908013,0.256228,-0.658001,-0.416977,0.626976,0.676554,0.038062,0.735316,0.000508,0.004589,0.004332,-0.008679,0.004225,0.003252,0.390921,0.026008,0.043296,-0.01354,0.297362,-0.902191,0.312453,0.699187,0.428623,0.572205,-0.650163,0.048311,0.758257,0.000281,0.002545,0.0024,0.018298,-0.018684,0.022247,0.343602,0.053346,0.039623,-0.057549,0.561082,-0.551304,-0.617454,0.706596,0.707541,0.010345,0.431171,-0.442095,0.786538,-0.007055,0.001022,0.000749,-0.001022,0.014732,-0.029509,-1.042466
1134,0.110196,-0.001339,0.322837,-0.377959,0.592137,-0.711735,-0.810674,-0.582926,-0.054547,-0.446726,0.555629,0.701241,-5e-06,-2.1e-05,-2.1e-05,-0.0,-0.0,-0.0,-1.915089,-0.205318,-0.002229,0.32183,-0.326191,0.909771,0.256724,-0.660565,-0.413523,0.626567,0.676597,0.033652,0.735491,0.000384,0.018015,-0.001644,0.026515,0.077212,-0.126891,0.390739,0.026018,0.043421,-0.013534,0.29212,-0.903639,0.31321,0.701713,0.425032,0.571791,-0.649818,0.052752,0.758256,0.00019,0.009001,-0.000828,0.043265,-0.03149,0.039071,0.343439,0.053329,0.039626,-0.057554,0.561146,-0.551267,-0.617428,0.706546,0.707591,0.010371,0.431169,-0.442061,0.786558,-1e-06,-4e-06,-2e-06,-2.9e-05,3e-06,4e-05,-1.042956
1135,0.110135,-0.001324,0.32285,-0.378215,0.592071,-0.711654,-0.810586,-0.583066,-0.054372,-0.44667,0.555554,0.701336,1.4e-05,5.7e-05,5.5e-05,0.0,0.0,0.0,-1.914847,-0.205276,-0.00158,0.32198,-0.324816,0.910145,0.257142,-0.6597,-0.412737,0.627995,0.6781,0.0332,0.734126,0.000861,0.022359,0.002417,0.037571,-0.02868,0.041086,0.390323,0.026039,0.043743,-0.013462,0.2908,-0.90385,0.313832,0.700806,0.424525,0.573279,-0.651388,0.053226,0.756875,0.000656,0.005959,0.005597,-0.001385,0.07252,-0.121193,0.342459,0.053298,0.039634,-0.057547,0.561374,-0.551156,-0.61732,0.706413,0.70772,0.010525,0.43109,-0.441992,0.78664,8e-06,3.2e-05,3.7e-05,-3.4e-05,3e-06,3e-05,-1.04165
1136,0.110001,-0.001294,0.322889,-0.378468,0.591996,-0.711582,-0.810509,-0.583192,-0.054173,-0.446595,0.555502,0.701425,6.4e-05,0.000256,0.00025,0.0,0.0,0.0,-1.914597,-0.204918,-0.000858,0.322193,-0.321903,0.911,0.257777,-0.657451,-0.41089,0.631555,0.681663,0.032676,0.730843,0.014863,0.021872,0.001104,-0.389357,0.164951,0.231684,0.390525,0.026207,0.044106,-0.013353,0.28933,-0.904202,0.314174,0.699981,0.423728,0.574874,-0.652927,0.053588,0.755522,0.007485,0.011444,0.001022,0.050249,-0.062745,0.092376,0.342459,0.053237,0.039648,-0.057528,0.561578,-0.551048,-0.61723,0.706304,0.707827,0.01069,0.431002,-0.441956,0.786708,4.5e-05,0.000181,0.00018,-1.6e-05,0.0,2.4e-05,-1.041487
1137,0.109918,-0.001267,0.322898,-0.378616,0.591945,-0.711545,-0.810444,-0.58329,-0.054082,-0.446588,0.555452,0.701469,-0.014019,0.002387,0.001822,-0.000984,0.014715,-0.029553,-1.915023,-0.204604,-0.00057,0.322305,-0.31648,0.912875,0.257859,-0.660037,-0.407037,0.631352,0.681695,0.028464,0.730989,0.028877,0.021668,7.3e-05,0.03457,-0.05564,0.102239,0.390391,0.026365,0.044255,-0.013292,0.282325,-0.906093,0.315097,0.700863,0.419097,0.577189,-0.655043,0.057885,0.75337,0.007635,0.00561,0.004819,0.013301,0.054722,-0.092268,0.342459,0.05319,0.039663,-0.057523,0.56173,-0.550962,-0.61717,0.706201,0.707928,0.010779,0.430974,-0.441901,0.786755,-0.00701,0.001198,0.000918,-0.001001,0.014718,-0.029535,-1.041813
1138,0.109724,-0.00126,0.322912,-0.378945,0.591844,-0.711453,-0.810339,-0.583459,-0.053827,-0.446497,0.555383,0.701582,-0.014149,0.001871,0.001315,-0.000984,0.014715,-0.029553,-1.914899,-0.203858,-4.9e-05,0.322568,-0.31496,0.913236,0.258441,-0.658793,-0.406259,0.633151,0.683599,0.028008,0.729226,0.015141,0.010443,0.00888,-0.001659,-0.028015,0.055553,0.388017,0.026744,0.044521,-0.013163,0.280824,-0.906346,0.315709,0.699697,0.418493,0.579039,-0.656933,0.058293,0.751691,0.014595,0.005278,0.004067,0.01226,0.055274,-0.08758,0.341316,0.053099,0.039666,-0.057516,0.562003,-0.550815,-0.617053,0.70605,0.708076,0.010993,0.430866,-0.441848,0.786844,-2.8e-05,-0.000116,-0.000112,-1.7e-05,-1.7e-05,1.1e-05,-1.041976
1139,0.109564,-0.001243,0.322923,-0.379309,0.591738,-0.711348,-0.810212,-0.58366,-0.05357,-0.446421,0.555285,0.701708,-0.014103,0.002054,0.001492,-0.000984,0.014715,-0.029553,-1.914735,-0.203036,0.000377,0.322902,-0.314924,0.913088,0.259007,-0.658671,-0.40662,0.633045,0.683733,0.02761,0.729116,0.029077,0.01011,0.007686,-0.00553,0.060502,-0.084905,0.38432,0.027149,0.044734,-0.012995,0.280887,-0.906183,0.316121,0.699748,0.418798,0.578757,-0.656851,0.058641,0.751735,0.007567,0.005459,0.004622,0.003977,-0.031197,0.052911,0.337561,0.053018,0.039673,-0.057511,0.562327,-0.550645,-0.61691,0.705857,0.708265,0.011218,0.430758,-0.441759,0.786953,1e-06,8e-06,1.1e-05,-2e-05,-5e-06,4e-06,-1.041813
1140,0.10948,-0.001223,0.322926,-0.379476,0.591683,-0.711304,-0.81014,-0.583769,-0.053466,-0.446408,0.555228,0.701761,-0.0,-0.0,-0.0,0.0,0.0,0.0,-1.914748,-0.202183,0.000807,0.323263,-0.31463,0.912323,0.262044,-0.658223,-0.40849,0.632308,0.684299,0.025311,0.728668,0.015166,0.0117,0.009937,0.003679,-0.030607,0.053541,0.379493,0.027581,0.044946,-0.012817,0.280789,-0.905114,0.319257,0.699315,0.420768,0.57785,-0.657354,0.061008,0.751107,0.014597,0.00601,0.004679,-0.004813,0.040851,-0.057619,0.332988,0.052971,0.039685,-0.057509,0.562496,-0.550549,-0.61684,0.705743,0.708376,0.011319,0.430724,-0.441698,0.787006,-2e-06,3e-06,1e-05,-6e-06,2.7e-05,2.3e-05,-1.041323
1141,0.109471,-0.001215,0.322933,-0.379479,0.591681,-0.711305,-0.810139,-0.583771,-0.053463,-0.446408,0.555229,0.70176,2.3e-05,9.2e-05,9e-05,0.0,0.0,0.0,-1.915122,-0.20174,0.001037,0.323448,-0.314407,0.911532,0.265047,-0.657779,-0.410389,0.631539,0.684829,0.02307,0.728245,0.029114,0.011602,0.008967,0.281856,2.084644,-1.944128,0.378211,0.027797,0.045061,-0.012724,0.280729,-0.905128,0.319269,0.699324,0.420731,0.577867,-0.657371,0.061048,0.751089,0.014588,0.006138,0.004778,0.007146,-0.061974,0.10724,0.330212,0.052967,0.039689,-0.057506,0.562499,-0.550547,-0.61684,0.705741,0.708378,0.011321,0.430723,-0.441698,0.787006,1.5e-05,6.5e-05,6.9e-05,-3e-06,1.5e-05,2e-05,-1.04165
1142,0.109473,-0.001209,0.322939,-0.379459,0.591685,-0.711312,-0.810145,-0.583761,-0.053476,-0.446412,0.555235,0.701752,9e-06,3.5e-05,3.4e-05,0.0,0.0,0.0,-1.91478,-0.200877,0.001479,0.323844,-0.314314,0.910374,0.269106,-0.656957,-0.413105,0.630623,0.68566,0.020276,0.727546,0.015124,0.012146,0.010258,-0.007644,0.075693,-0.114154,0.378996,0.028234,0.045283,-0.012526,0.280808,-0.902697,0.326011,0.698238,0.425196,0.575908,-0.65849,0.065914,0.749696,0.01456,0.006272,0.004867,0.006813,-0.06384,0.108996,0.328906,0.052968,0.039692,-0.057502,0.562481,-0.550555,-0.616849,0.705752,0.708368,0.01131,0.43073,-0.441704,0.786999,2e-06,1.2e-05,1.4e-05,-1.2e-05,3e-06,1e-05,-1.041813
1143,0.109472,-0.001207,0.322927,-0.379463,0.591681,-0.711313,-0.810131,-0.583779,-0.05349,-0.446434,0.555221,0.70175,-0.000191,-0.000761,-0.000744,0.0,0.0,0.0,-1.914866,-0.200003,0.001926,0.324268,-0.314631,0.90955,0.271512,-0.656124,-0.41498,0.630259,0.686313,0.019009,0.726964,0.029056,0.012669,0.009801,-0.005629,0.060469,-0.084918,0.375679,0.028666,0.045506,-0.012314,0.281268,-0.901713,0.328329,0.697473,0.427086,0.575437,-0.659105,0.067149,0.749046,0.014566,0.006781,0.005291,-0.004095,0.04492,-0.06071,0.325314,0.052967,0.039695,-0.057507,0.562485,-0.55055,-0.61685,0.705737,0.708383,0.011294,0.430749,-0.441687,0.786998,-0.000129,-0.000517,-0.000505,-7e-06,-1e-06,1.4e-05,-1.042303
1144,0.10946,-0.001213,0.322935,-0.379502,0.591674,-0.711298,-0.81013,-0.583784,-0.053447,-0.446403,0.555223,0.701768,-3e-06,-1.1e-05,-1.1e-05,0.0,0.0,0.0,-1.915084,-0.199551,0.002152,0.324488,-0.314817,0.909077,0.272874,-0.655646,-0.416047,0.630053,0.686684,0.018299,0.726631,0.028981,0.012313,0.00944,-0.005645,0.060458,-0.084924,0.375139,0.028892,0.04562,-0.012203,0.281528,-0.901152,0.329645,0.697036,0.42816,0.575168,-0.659455,0.067848,0.748675,0.007564,0.006636,0.005579,-0.006125,0.06017,-0.089974,0.323681,0.052961,0.039689,-0.057505,0.562519,-0.550536,-0.616831,0.70573,0.708389,0.011336,0.430716,-0.441693,0.787013,0.0,-1e-06,-1e-06,-1.1e-05,-5e-06,6e-06,-1.042303
1145,0.109461,-0.001205,0.322928,-0.379486,0.591674,-0.711307,-0.810123,-0.583791,-0.053474,-0.446429,0.555215,0.701758,-0.0,-0.0,-0.0,0.0,0.0,0.0,-1.914625,-0.198668,0.002459,0.324971,-0.316732,0.907573,0.275653,-0.655755,-0.41938,0.627726,0.685701,0.016918,0.727592,0.015403,0.000498,0.017755,-0.030791,-0.033045,0.060926,0.368919,0.029339,0.045779,-0.011964,0.283681,-0.899482,0.332348,0.697215,0.431423,0.572506,-0.658342,0.069308,0.74952,0.014368,0.005238,0.003839,-0.010802,0.062117,-0.083965,0.318619,0.052962,0.039694,-0.057508,0.562505,-0.550539,-0.616841,0.705725,0.708395,0.011308,0.430742,-0.441682,0.787005,-0.0,2e-06,3e-06,-9e-06,0.0,8e-06,-1.04214
1146,0.10947,-0.001213,0.322921,-0.379484,0.591676,-0.711306,-0.810125,-0.583789,-0.053477,-0.446429,0.555215,0.701758,-1e-06,-2e-06,-2e-06,0.0,0.0,0.0,-1.914652,-0.197975,0.00261,0.325488,-0.318749,0.905914,0.278765,-0.655509,-0.423007,0.625544,0.685003,0.015519,0.728281,0.01524,-0.001026,0.016335,-0.016116,-0.025908,0.030275,0.362152,0.029679,0.045852,-0.011708,0.28595,-0.897737,0.33511,0.697254,0.43482,0.569883,-0.657318,0.070699,0.750288,0.000696,-0.000155,0.008925,-0.053581,0.08759,-0.138854,0.308658,0.052966,0.03969,-0.057512,0.562502,-0.550542,-0.616841,0.705727,0.708392,0.011305,0.430742,-0.441681,0.787005,-1e-06,6e-06,6e-06,-1e-05,-5e-06,4e-06,-1.042466
1147,0.109491,-0.001216,0.322919,-0.379438,0.59169,-0.711319,-0.810141,-0.583764,-0.053509,-0.446439,0.555227,0.701742,-0.0,-0.0,-0.0,0.0,0.0,0.0,-1.915197,-0.197639,0.002618,0.326034,-0.32078,0.904321,0.281594,-0.655142,-0.426444,0.623593,0.684408,0.014413,0.728862,0.00121,-0.00252,0.015857,-0.003135,-0.018406,-0.004858,0.353388,0.029858,0.045861,-0.01143,0.288176,-0.896012,0.337812,0.696963,0.438177,0.567664,-0.656655,0.071855,0.750759,0.000591,-0.001339,0.007848,-0.041241,0.095608,-0.168827,0.30033,0.052977,0.039688,-0.057513,0.562461,-0.550564,-0.616859,0.705752,0.708369,0.011276,0.430756,-0.441692,0.786992,-2e-06,2e-06,4e-06,-5e-06,4e-06,1e-05,-1.042303
1148,0.109512,-0.001219,0.322917,-0.379392,0.591704,-0.711332,-0.810157,-0.583738,-0.053542,-0.446449,0.555239,0.701726,-0.0,-0.0,-0.0,0.0,0.0,0.0,-1.914571,-0.197588,0.00259,0.326292,-0.322543,0.903347,0.282704,-0.655681,-0.428517,0.621603,0.683065,0.013993,0.73013,0.000655,0.007765,0.006964,0.085571,-0.058015,-0.008369,0.349108,0.029884,0.045846,-0.011295,0.289974,-0.895062,0.338789,0.697495,0.44004,0.565565,-0.655297,0.072304,0.751902,0.000312,0.003786,0.003391,0.062194,-0.050325,-0.004221,0.294452,0.052987,0.039687,-0.057514,0.562421,-0.550585,-0.616877,0.705776,0.708345,0.011248,0.430769,-0.441703,0.786978,-1e-06,1e-06,3e-06,1e-06,7e-06,1.5e-05,-1.042466
1149,0.109553,-0.001231,0.322906,-0.37932,0.591726,-0.711351,-0.810182,-0.583698,-0.053594,-0.446463,0.555257,0.701703,-3.2e-05,-0.000127,-0.000124,0.0,0.0,0.0,-1.914961,-0.197667,0.002422,0.3268,-0.327708,0.90192,0.281316,-0.658542,-0.431451,0.616527,0.677838,0.015648,0.734951,0.000902,-0.006149,0.012588,0.410231,-0.248258,-0.152839,0.346768,0.029845,0.045766,-0.011045,0.294018,-0.894264,0.337406,0.699266,0.441914,0.561906,-0.651597,0.070726,0.75526,0.000173,0.002123,0.0019,0.468538,-0.307431,-0.146772,0.287267,0.053008,0.039681,-0.057519,0.562357,-0.550621,-0.616904,0.705814,0.708308,0.011202,0.430789,-0.441719,0.786958,-2.2e-05,-7.7e-05,-7.5e-05,-8e-06,1e-06,8e-06,-1.042466
1150,0.10958,-0.001255,0.322885,-0.379312,0.591734,-0.71135,-0.810186,-0.583692,-0.053603,-0.446464,0.555255,0.701704,-4.2e-05,-0.000167,-0.000163,0.0,0.0,0.0,-1.914634,-0.197924,0.002121,0.327187,-0.332887,0.901647,0.276062,-0.662092,-0.431832,0.612446,0.671835,0.019962,0.74034,-0.013273,-0.009547,0.010444,0.03251,-0.10788,0.09885,0.345142,0.029722,0.045618,-0.01085,0.300407,-0.894288,0.331668,0.703894,0.442516,0.555619,-0.643651,0.066548,0.762419,0.000291,-0.004872,0.004691,-0.033649,0.006422,-0.035793,0.284001,0.053021,0.039669,-0.05753,0.562349,-0.55063,-0.616903,0.705821,0.708302,0.011194,0.43079,-0.441718,0.786959,-2.1e-05,-8.8e-05,-8.6e-05,-1e-06,-1e-06,6e-06,-1.042303
1151,0.109589,-0.001262,0.322877,-0.379309,0.591736,-0.71135,-0.810188,-0.58369,-0.053606,-0.446464,0.555255,0.701704,-9e-06,-3.7e-05,-3.6e-05,0.0,0.0,0.0,-1.914654,-0.198134,0.001945,0.327343,-0.336194,0.901346,0.273021,-0.664605,-0.432341,0.609357,0.667696,0.022277,0.744009,-0.013393,-0.010876,0.009257,-0.319825,-2.064498,1.738582,0.343653,0.029621,0.045534,-0.010775,0.30354,-0.893369,0.33129,0.705968,0.444376,0.551487,-0.639899,0.066482,0.765576,0.000223,-0.005662,0.003988,-0.000101,-0.01517,-0.044256,0.282205,0.053026,0.039664,-0.057534,0.562346,-0.550633,-0.616902,0.705823,0.7083,0.011192,0.43079,-0.441718,0.786959,-2e-06,-5e-06,-6e-06,-8e-06,-1.3e-05,-0.0,-1.042303
1152,0.109586,-0.001275,0.322865,-0.379349,0.591728,-0.711336,-0.810174,-0.583712,-0.05358,-0.446455,0.555242,0.701721,-7.3e-05,-0.000293,-0.000286,0.0,0.0,0.0,-1.915129,-0.198675,0.001631,0.327586,-0.342544,0.900091,0.269245,-0.669441,-0.434798,0.602274,0.659593,0.024928,0.751119,-0.013464,-0.011514,0.008684,0.07706,-0.031539,-0.091421,0.335746,0.029341,0.045366,-0.010649,0.309828,-0.893746,0.324383,0.710954,0.444305,0.545102,-0.631308,0.061734,0.77307,-0.006743,-0.005823,0.004291,0.020763,-0.008319,-0.083357,0.274857,0.053024,0.039659,-0.057539,0.562382,-0.550617,-0.616884,0.705802,0.70832,0.011215,0.430776,-0.441705,0.786973,-4.6e-05,-0.000176,-0.000172,-2e-06,-2e-06,5e-06,-1.042303
1153,0.109585,-0.001281,0.322859,-0.379369,0.591723,-0.711329,-0.810167,-0.583722,-0.053566,-0.446451,0.555235,0.701729,-1e-06,-4e-06,-4e-06,0.0,0.0,0.0,-1.914341,-0.199396,0.001365,0.327803,-0.346112,0.900459,0.263388,-0.672073,-0.433733,0.600107,0.655041,0.029555,0.754925,-0.013443,-0.011082,0.009067,-0.034858,0.026333,-0.047545,0.331815,0.028995,0.045234,-0.010548,0.313112,-0.894743,0.318423,0.713261,0.442922,0.54321,-0.627071,0.057033,0.77687,-0.006727,-0.005551,0.004535,-0.063502,0.041626,-0.044495,0.267182,0.053023,0.039655,-0.057543,0.5624,-0.550609,-0.616875,0.705792,0.70833,0.011226,0.43077,-0.441699,0.78698,1e-06,1.3e-05,1.2e-05,-8e-06,-4e-06,0.0,-1.042629
1154,0.109579,-0.001306,0.322835,-0.379449,0.591706,-0.7113,-0.81014,-0.583765,-0.053513,-0.446432,0.555209,0.701761,-0.000187,-0.000749,-0.000732,0.0,0.0,0.0,-1.914229,-0.200072,0.001268,0.328032,-0.349723,0.900711,0.257691,-0.674774,-0.432869,0.597695,0.650331,0.034011,0.758799,-0.027495,0.003414,0.004787,0.007932,0.024169,-0.063205,0.328764,0.028652,0.045177,-0.010434,0.316506,-0.89557,0.312695,0.715835,0.441789,0.540742,-0.622417,0.05269,0.780909,-0.00678,0.001932,0.002173,-0.021452,0.00807,-0.004764,0.262937,0.053021,0.039644,-0.057554,0.562471,-0.550577,-0.616838,0.705751,0.708369,0.011272,0.430743,-0.441675,0.787008,-0.00012,-0.000478,-0.000466,1e-06,5e-06,4e-06,-1.042303
1155,0.109563,-0.001323,0.322818,-0.379404,0.593854,-0.709532,-0.810215,-0.583503,-0.055205,-0.446334,0.553187,0.703418,-0.000384,-0.001532,-0.001499,0.005292,0.028522,-0.016256,-1.91502,-0.200384,0.001275,0.328195,-0.350113,0.901165,0.255566,-0.674721,-0.431757,0.598557,0.650176,0.035993,0.75884,-0.013439,0.004988,0.005317,-0.001869,0.015114,-0.029314,0.326676,0.028491,0.045179,-0.010354,0.316696,-0.89621,0.31066,0.7156,0.440724,0.541921,-0.62259,0.050685,0.780904,-0.006453,-0.002519,0.007238,-0.041965,0.018859,-0.021758,0.260651,0.053013,0.039638,-0.057561,0.562546,-0.55283,-0.614752,0.706108,0.708041,0.009422,0.430061,-0.439381,0.788663,-4.9e-05,-0.000197,-0.00019,-0.007805,-0.008989,-0.000508,-1.041813
1156,0.109556,-0.001354,0.322788,-0.379366,0.593862,-0.709545,-0.810228,-0.583482,-0.055231,-0.446342,0.5532,0.703403,-0.000128,-0.000513,-0.000502,1e-06,3e-06,2e-06,-1.91511,-0.2009,0.00148,0.328629,-0.350665,0.901404,0.25396,-0.674363,-0.431098,0.599435,0.650251,0.037805,0.758688,-0.012949,0.009977,0.009734,-0.000415,-0.00011,-0.00469,0.324178,0.028232,0.045278,-0.01014,0.31712,-0.896612,0.309063,0.715228,0.440109,0.542911,-0.622802,0.048883,0.78085,-0.006238,-0.000297,0.009202,-0.035477,0.018411,-0.024517,0.256242,0.053009,0.039619,-0.057578,0.562491,-0.55265,-0.614963,0.706126,0.70802,0.009597,0.430103,-0.43964,0.788496,-8.8e-05,-0.000357,-0.000347,-0.000367,-0.000787,-0.000452,-1.042139
1157,0.109505,-0.001368,0.322744,-0.379546,0.593808,-0.709494,-0.810141,-0.583612,-0.05514,-0.446348,0.553121,0.703462,-0.000181,-0.000721,-0.000706,0.0,0.0,0.0,-1.914773,-0.201152,0.001898,0.329276,-0.350873,0.90112,0.254682,-0.673762,-0.431704,0.599675,0.650762,0.03768,0.758256,0.001602,0.016845,0.014901,0.00331,-0.030333,0.048894,0.323741,0.028105,0.045474,-0.009828,0.31731,-0.896312,0.309738,0.714699,0.440704,0.543125,-0.623312,0.049031,0.780433,0.001019,0.002996,0.011659,-0.032738,-0.016821,0.03249,0.254446,0.052983,0.039608,-0.057597,0.562667,-0.552554,-0.614888,0.706008,0.708136,0.0097,0.430065,-0.439575,0.788553,-0.000129,-0.000517,-0.000505,4e-05,-1.5e-05,-8.8e-05,-1.042303
1158,0.109479,-0.001383,0.322728,-0.379651,0.593782,-0.70946,-0.810104,-0.58367,-0.055068,-0.446324,0.553088,0.703502,-0.000143,-0.000569,-0.000557,0.0,0.0,0.0,-1.914679,-0.20119,0.002128,0.329645,-0.350943,0.901008,0.254982,-0.673447,-0.431939,0.599859,0.651051,0.037665,0.758009,0.001668,0.017543,0.015468,0.00331,-0.030318,0.048904,0.324013,0.028082,0.045599,-0.009634,0.317422,-0.896133,0.31014,0.714368,0.441058,0.543272,-0.623635,0.049108,0.780171,0.001054,0.003383,0.011974,-0.044196,0.087661,-0.136289,0.254282,0.052971,0.039604,-0.057609,0.562748,-0.55251,-0.614853,0.705948,0.708196,0.009735,0.430058,-0.439533,0.78858,-8.1e-05,-0.000324,-0.000316,5.3e-05,7e-06,-5.6e-05,-1.042792
1159,0.109439,-0.001407,0.322689,-0.379824,0.593735,-0.709406,-0.810031,-0.58378,-0.054967,-0.446308,0.553023,0.703563,-0.000107,-0.000426,-0.000417,0.0,0.0,0.0,-1.915202,-0.20105,0.002691,0.330446,-0.351097,0.90072,0.255785,-0.672772,-0.432553,0.600174,0.651665,0.0375,0.757489,0.001807,0.019148,0.016761,0.003313,-0.030288,0.048922,0.324387,0.028152,0.045884,-0.00923,0.317602,-0.895802,0.310913,0.713743,0.441712,0.543562,-0.624259,0.049276,0.779661,0.000916,0.009833,0.008608,0.003404,-0.030053,0.049225,0.254282,0.05295,0.039591,-0.057629,0.562904,-0.552431,-0.614782,0.705844,0.708298,0.009819,0.430025,-0.439467,0.788635,-4.6e-05,-0.000183,-0.000179,2.8e-05,9e-06,-4.1e-05,-1.042466
1160,0.109408,-0.001441,0.322655,-0.37999,0.593695,-0.709351,-0.809974,-0.58387,-0.054856,-0.446271,0.552971,0.703628,-0.000186,-0.000742,-0.000727,0.0,0.0,0.0,-1.914719,-0.200752,0.003291,0.331129,-0.351284,0.900368,0.256766,-0.672207,-0.433318,0.600255,0.652148,0.037126,0.757091,0.015414,0.017306,0.014187,0.005361,-0.045477,0.078177,0.32612,0.028297,0.046189,-0.008884,0.317836,-0.895383,0.311879,0.713215,0.442518,0.543599,-0.624742,0.049662,0.779249,0.007694,0.008608,0.00705,-0.006015,0.059118,-0.090478,0.255752,0.052935,0.039575,-0.057645,0.563053,-0.552361,-0.614709,0.705757,0.708383,0.009916,0.429973,-0.439419,0.788691,-0.000111,-0.000442,-0.000433,1.9e-05,6e-06,-2.7e-05,-1.042466
1161,0.10937,-0.00147,0.32264,-0.380154,0.593657,-0.709295,-0.809929,-0.583944,-0.054727,-0.446212,0.552933,0.703695,-7.6e-05,-0.000302,-0.000296,0.0,0.0,0.0,-1.914791,-0.200287,0.003838,0.33159,-0.351493,0.899963,0.257896,-0.671798,-0.43421,0.600069,0.652458,0.036533,0.756853,0.001096,0.011977,0.010357,0.00166,-0.015135,0.024466,0.328473,0.028529,0.046466,-0.00865,0.318063,-0.894961,0.312858,0.712884,0.44331,0.543388,-0.625005,0.0502,0.779004,0.007379,0.005433,0.00426,-0.007717,0.074197,-0.115007,0.258528,0.052916,0.039561,-0.057653,0.563201,-0.552293,-0.614635,0.705684,0.708455,0.010033,0.429901,-0.439388,0.788747,-4.7e-05,-0.000194,-0.00019,1.3e-05,1e-05,-2e-05,-1.042629
1162,0.109338,-0.001465,0.322643,-0.378121,0.593616,-0.710415,-0.80974,-0.583984,-0.057059,-0.448279,0.552935,0.702378,-1e-06,-4e-06,-4e-06,0.013204,-0.013246,0.012278,-1.914371,-0.200023,0.004019,0.33173,-0.351656,0.899664,0.258719,-0.671509,-0.434868,0.599917,0.652668,0.0361,0.756693,0.014562,0.008758,0.006695,-0.007761,0.074112,-0.115136,0.328585,0.028662,0.04656,-0.008577,0.318261,-0.89462,0.313631,0.712628,0.44395,0.543202,-0.625196,0.050622,0.778823,0.007257,0.004142,0.003136,-0.007727,0.074174,-0.115021,0.259671,0.0529,0.039563,-0.057651,0.561362,-0.552639,-0.616004,0.705804,0.708364,0.007698,0.432102,-0.4391,0.787704,7e-06,2.5e-05,2.5e-05,0.159301,-0.159039,0.14657,-1.042792
1163,0.109235,-0.001437,0.322667,-0.378172,0.593587,-0.710412,-0.80972,-0.584016,-0.057014,-0.448272,0.552933,0.702385,3.8e-05,0.000151,0.000148,0.0,0.0,0.0,-1.914975,-0.199517,0.004264,0.331896,-0.351774,0.899385,0.259524,-0.671256,-0.435482,0.599753,0.652864,0.035638,0.756545,0.014166,0.0046,0.003092,0.002045,-0.015205,0.029245,0.328734,0.028915,0.046687,-0.00849,0.318446,-0.894249,0.314501,0.712369,0.444639,0.542979,-0.625398,0.051132,0.778628,0.007097,0.002495,0.001704,-0.007744,0.074158,-0.115067,0.260161,0.052849,0.039577,-0.057639,0.561404,-0.552604,-0.615997,0.705777,0.708391,0.007737,0.432092,-0.4391,0.787709,-0.007031,0.001129,0.000845,-0.001087,0.014822,-0.029649,-1.042792
1164,0.109064,-0.001427,0.322685,-0.378436,0.593504,-0.710341,-0.809639,-0.584149,-0.056805,-0.448196,0.552882,0.702473,-0.014275,0.001425,0.000868,-0.000984,0.014715,-0.029553,-1.914951,-0.199105,0.0044,0.331961,-0.351968,0.899006,0.260571,-0.670926,-0.436312,0.59952,0.6531,0.035056,0.75637,0.013895,0.001642,0.000538,-0.009453,0.089261,-0.139591,0.319836,0.029121,0.046753,-0.008459,0.318652,-0.893866,0.31538,0.712116,0.44535,0.542728,-0.625581,0.051646,0.778448,0.006959,0.000959,0.00038,0.003713,-0.030306,0.053765,0.256568,0.052769,0.039583,-0.057629,0.56162,-0.552485,-0.615907,0.705659,0.708506,0.007912,0.432003,-0.439064,0.787778,-0.000111,-0.000438,-0.000424,3e-06,1.2e-05,-1.3e-05,-1.042629
1165,0.108969,-0.001413,0.322695,-0.378643,0.593442,-0.710283,-0.809566,-0.584264,-0.056659,-0.448153,0.552827,0.702544,-3e-06,-1.1e-05,-1.1e-05,0.0,0.0,0.0,-1.914617,-0.198958,0.004424,0.331972,-0.352083,0.898798,0.261135,-0.670726,-0.436766,0.599414,0.653244,0.034762,0.756259,0.013877,0.00146,0.00038,-0.009458,0.089261,-0.139591,0.313669,0.029194,0.046763,-0.008455,0.318796,-0.893623,0.315922,0.711934,0.445803,0.542595,-0.625714,0.051939,0.778321,7.2e-05,0.000834,0.00071,0.001654,-0.015102,0.024506,0.248894,0.052715,0.039589,-0.057625,0.561824,-0.552377,-0.615819,0.705538,0.708625,0.008054,0.431936,-0.439009,0.787846,-0.0,-2e-06,2e-06,6e-06,3e-06,-9e-06,-1.041486
1166,0.108731,-0.001398,0.322702,-0.379206,0.593278,-0.710119,-0.809368,-0.584576,-0.056261,-0.448033,0.552673,0.702742,-4.9e-05,-0.000192,-0.000188,0.002473,-0.105333,0.168696,-1.915067,-0.198696,0.004541,0.33199,-0.352203,0.898567,0.261767,-0.67059,-0.437273,0.599195,0.653318,0.034369,0.756212,0.000225,0.002602,0.002237,-0.01151,0.104488,-0.168822,0.304142,0.02933,0.046818,-0.00845,0.318939,-0.893363,0.316511,0.711823,0.446278,0.54235,-0.625767,0.052323,0.778252,0.00013,0.001505,0.001288,0.001658,-0.015116,0.024482,0.23583,0.052597,0.039597,-0.057621,0.56245,-0.552059,-0.615532,0.70517,0.708987,0.008481,0.431723,-0.438825,0.788065,-0.007083,0.000933,0.000652,-0.000986,0.014716,-0.029564,-1.041813
1167,0.108491,-0.001396,0.322709,-0.377426,0.59315,-0.711174,-0.809096,-0.584746,-0.058385,-0.450025,0.552631,0.701501,-0.000112,-0.000442,-0.000433,0.0,-0.0,0.0,-1.915186,-0.198637,0.004665,0.332053,-0.352592,0.897952,0.263347,-0.670056,-0.438598,0.598824,0.653657,0.033553,0.755956,0.000281,0.003265,0.002804,-0.009843,0.08936,-0.144352,0.29279,0.029359,0.046878,-0.00842,0.319419,-0.892646,0.318045,0.711331,0.447613,0.541894,-0.626081,0.053144,0.777944,9.8e-05,0.001149,0.000985,-8e-06,9e-06,2.4e-05,0.220644,0.052477,0.039598,-0.057618,0.560709,-0.552332,-0.616874,0.705234,0.708946,0.006252,0.433878,-0.438547,0.787035,-5.6e-05,-0.000221,-0.000212,-0.000158,0.000145,-0.000131,-1.041976
1168,0.108274,-0.001437,0.322677,-0.377938,0.593007,-0.711021,-0.808929,-0.585014,-0.058008,-0.449894,0.552502,0.701687,-0.01457,0.000296,-0.000252,-0.000984,0.014715,-0.029553,-1.914791,-0.198752,0.004885,0.332117,-0.352962,0.897413,0.264688,-0.669716,-0.439761,0.598352,0.653806,0.0328,0.75586,0.00037,0.004278,0.003669,-0.009837,0.089398,-0.144329,0.288935,0.029307,0.046981,-0.008388,0.319857,-0.892033,0.319323,0.711016,0.448746,0.541371,-0.626216,0.053883,0.777784,0.000177,0.00205,0.001759,0.001656,-0.015133,0.024464,0.211827,0.052374,0.03958,-0.057632,0.561147,-0.552108,-0.616676,0.704989,0.709187,0.006575,0.433709,-0.438439,0.787188,-0.000322,-0.001265,-0.001236,-0.000357,0.01526,-0.024445,-1.041976
1169,0.1082,-0.001471,0.322641,-0.378216,0.592934,-0.710934,-0.808833,-0.585165,-0.057818,-0.449833,0.552419,0.701791,-0.000555,-0.002178,-0.002138,0.0,0.0,0.0,-1.914586,-0.19886,0.005032,0.332158,-0.353097,0.897235,0.265109,-0.669669,-0.440143,0.598123,0.653781,0.032531,0.755893,-2.1e-05,0.016173,-0.003832,0.037966,-0.02803,0.041422,0.28559,0.029248,0.047056,-0.008366,0.320065,-0.891761,0.319875,0.710925,0.449245,0.541076,-0.626213,0.054227,0.777763,-0.006662,0.002345,0.00245,-0.002062,0.015211,-0.029229,0.208724,0.052331,0.039563,-0.05765,0.561415,-0.551976,-0.61655,0.704833,0.70934,0.006755,0.433616,-0.438357,0.787285,-0.000349,-0.001372,-0.001342,-7e-06,8e-06,-8e-06,-1.042303
1170,0.108102,-0.001552,0.322558,-0.376432,0.59283,-0.711967,-0.808547,-0.585343,-0.059974,-0.451838,0.552343,0.700562,-0.000509,-0.001995,-0.001961,0.0,-0.0,0.0,-1.915003,-0.19921,0.005471,0.332212,-0.353718,0.898441,0.260153,-0.670611,-0.437369,0.599102,0.65248,0.036321,0.756845,-0.013223,0.005624,0.005681,-0.002045,0.015205,-0.029245,0.276132,0.029078,0.047274,-0.008341,0.32044,-0.893377,0.314951,0.711783,0.446468,0.542245,-0.625045,0.05042,0.778957,-0.006588,0.003089,0.003082,0.000241,0.003023,-0.007134,0.199417,0.052282,0.039521,-0.057693,0.559781,-0.552219,-0.617817,0.704817,0.709373,0.004554,0.435748,-0.437998,0.786308,-0.000309,-0.001212,-0.001189,-0.001626,0.001558,-0.001289,-1.042629
1171,0.108058,-0.001597,0.322513,-0.376384,0.592835,-0.711987,-0.808562,-0.585319,-0.060002,-0.45185,0.552363,0.700538,-0.000145,-0.000568,-0.000558,0.0,-0.0,0.0,-1.914394,-0.1995,0.005835,0.332251,-0.354193,0.898816,0.258201,-0.671027,-0.436461,0.599298,0.651794,0.037876,0.757359,-0.013441,0.002994,0.003425,-0.002045,0.015205,-0.029245,0.26192,0.028933,0.047464,-0.008315,0.320777,-0.893977,0.3129,0.712214,0.445444,0.542522,-0.624382,0.048823,0.77959,-0.006685,0.001903,0.002062,-0.000333,0.000263,-0.005,0.185047,0.052259,0.039496,-0.057718,0.559752,-0.552231,-0.617832,0.70484,0.709351,0.004549,0.435748,-0.438019,0.786296,-5.7e-05,-0.000225,-0.000221,-2.1e-05,2.5e-05,-1.7e-05,-1.042793
1172,0.108058,-0.001597,0.322513,-0.376384,0.592835,-0.711987,-0.808562,-0.585319,-0.060002,-0.45185,0.552363,0.700538,-2e-06,-7e-06,-7e-06,0.0,0.0,0.0,-1.914432,-0.199609,0.005886,0.332288,-0.354377,0.898558,0.258849,-0.670795,-0.437021,0.59915,0.651933,0.037559,0.757255,-0.013493,0.002377,0.002896,-0.000385,2.1e-05,-0.00481,0.255362,0.028878,0.047493,-0.008299,0.321039,-0.893617,0.313657,0.711971,0.446121,0.542284,-0.624524,0.049221,0.779452,3.4e-05,0.000381,0.00033,-3.6e-05,4.1e-05,-2.2e-05,0.17525,0.052259,0.039496,-0.057718,0.559753,-0.552231,-0.617832,0.70484,0.709351,0.004549,0.435748,-0.438019,0.786296,1.5e-05,5.6e-05,5.6e-05,1e-06,1e-06,-3e-06,-1.042629
1173,0.10808,-0.001594,0.322517,-0.376457,0.592823,-0.711959,-0.808538,-0.585356,-0.059956,-0.451833,0.552336,0.70057,1.2e-05,4.8e-05,4.7e-05,0.0,0.0,0.0,-1.915238,-0.199723,0.005873,0.332298,-0.356263,0.897539,0.259791,-0.671509,-0.439155,0.596785,0.650169,0.037031,0.758796,-5.3e-05,-0.000592,-0.000505,0.026313,-0.014256,-0.010679,0.245949,0.028817,0.047489,-0.008292,0.323104,-0.892611,0.314402,0.712881,0.448065,0.539479,-0.622418,0.049823,0.781097,-4.3e-05,-0.000477,-0.000404,-0.00074,-0.005801,-0.007623,0.1599,0.052271,0.039499,-0.057714,0.559818,-0.552205,-0.617796,0.704803,0.709387,0.004589,0.435723,-0.437994,0.786324,1.2e-05,4.2e-05,4.4e-05,-7e-06,-4e-06,3e-06,-1.043119
1174,0.108082,-0.001588,0.322523,-0.376437,0.592827,-0.711966,-0.808545,-0.585346,-0.059969,-0.451837,0.552342,0.700562,1e-06,2e-06,2e-06,0.0,0.0,0.0,-1.915033,-0.199705,0.005824,0.332268,-0.358082,0.897607,0.257041,-0.672936,-0.43883,0.595415,0.647691,0.039106,0.760809,-0.000183,-0.002056,-0.001755,-0.009926,0.11824,-0.194371,0.214259,0.028826,0.047465,-0.008306,0.324777,-0.893042,0.311438,0.714203,0.447444,0.538244,-0.620027,0.047621,0.783133,-4.2e-05,-0.000469,-0.000399,-0.016098,0.009243,-0.000865,0.13361,0.052272,0.039503,-0.057711,0.5598,-0.552213,-0.617805,0.704813,0.709377,0.004577,0.435729,-0.438,0.786317,-1e-06,-3e-06,2e-06,-0.0,1.2e-05,9e-06,-1.043772
1175,0.10805,-0.001583,0.322526,-0.376505,0.592807,-0.711947,-0.808521,-0.585384,-0.05992,-0.451823,0.552324,0.700586,0.0,0.0,0.0,0.0,0.0,0.0,-1.914744,-0.199536,0.005729,0.332215,-0.364009,0.895864,0.254787,-0.677974,-0.442311,0.587066,0.639079,0.03983,0.76802,0.013505,-0.002304,-0.002837,0.06927,-0.051623,0.001968,0.181086,0.028905,0.047416,-0.008333,0.330857,-0.891664,0.30898,0.719274,0.450231,0.52909,-0.610883,0.047188,0.790313,-5.6e-05,-0.00064,-0.000548,0.034722,-0.029936,-0.028747,0.088053,0.052256,0.039505,-0.057709,0.559861,-0.55218,-0.617779,0.704777,0.709413,0.00462,0.435709,-0.437983,0.786337,2e-06,-3e-06,1e-06,2e-06,1.7e-05,1.1e-05,-1.043936
1176,0.108022,-0.001566,0.322542,-0.376534,0.592795,-0.711942,-0.80851,-0.585401,-0.059898,-0.451818,0.552319,0.700593,8.2e-05,0.000321,0.000315,0.0,0.0,0.0,-1.914794,-0.199444,0.005666,0.332209,-0.366974,0.89496,0.25371,-0.680386,-0.444107,0.582905,0.634807,0.040163,0.771537,-9.1e-05,-0.001033,-0.000883,0.345287,-0.186969,-0.140034,0.163205,0.028956,0.047381,-0.00834,0.332999,-0.891194,0.308032,0.720961,0.451187,0.52597,-0.607722,0.046932,0.792761,0.000167,-0.006216,0.003518,0.49764,-0.255104,-0.205247,0.066335,0.052242,0.039513,-0.057701,0.559887,-0.552164,-0.61777,0.704761,0.709428,0.00464,0.435702,-0.437979,0.786344,5.2e-05,0.0002,0.000198,-1e-06,8e-06,4e-06,-1.043936
1177,0.107922,-0.001536,0.322596,-0.376694,0.592749,-0.711896,-0.808479,-0.58546,-0.059748,-0.451741,0.552306,0.700653,0.000292,0.001141,0.001122,0.0,0.0,0.0,-1.914932,-0.199242,0.005513,0.332184,-0.369895,0.894074,0.252589,-0.682711,-0.445852,0.57884,0.630604,0.040539,0.774957,-0.000229,-0.002609,-0.002231,0.031333,-0.002685,-0.037815,0.106602,0.029057,0.047308,-0.008349,0.336796,-0.890309,0.30646,0.723764,0.452977,0.520554,-0.602273,0.046484,0.796934,0.00678,-0.000886,-0.001197,-0.011349,-0.017051,0.022527,0.005917,0.052192,0.039527,-0.057676,0.56003,-0.552089,-0.617707,0.704701,0.709487,0.004781,0.435616,-0.437977,0.786392,0.000159,0.000623,0.000614,6e-06,2e-06,6e-06,-1.043936
1178,0.107826,-0.00153,0.322612,-0.376916,0.592687,-0.71183,-0.808414,-0.585567,-0.059574,-0.451672,0.552259,0.700735,0.0,0.0,0.0,0.0,0.0,0.0,-1.914838,-0.199013,0.005273,0.332135,-0.372913,0.893022,0.251869,-0.684786,-0.447936,0.574766,0.626565,0.040737,0.778216,0.013307,-0.004766,-0.004955,0.116316,-0.06283,-0.042191,0.011531,0.029167,0.047191,-0.008371,0.339609,-0.889515,0.305659,0.725633,0.454546,0.516569,-0.598432,0.046365,0.799829,-0.000172,-0.001985,-0.001704,0.131424,-0.072391,-0.054806,-0.09418,0.052144,0.039532,-0.057666,0.560228,-0.551989,-0.617618,0.704597,0.709589,0.004937,0.43553,-0.437938,0.786462,-3e-06,-1.6e-05,-1.2e-05,4e-06,3e-06,3e-06,-1.044099
1179,0.107783,-0.001522,0.322605,-0.377012,0.592655,-0.711805,-0.808368,-0.585636,-0.059523,-0.451674,0.55222,0.700764,-0.00014,-0.000548,-0.000538,0.0,0.0,0.0,-1.914596,-0.198906,0.005142,0.332082,-0.37442,0.892498,0.251492,-0.685841,-0.448972,0.572695,0.624509,0.040821,0.779862,0.013281,-0.005133,-0.005274,0.22004,-0.119042,-0.084237,-0.05748,0.02922,0.047124,-0.008398,0.340762,-0.889185,0.305337,0.726359,0.455198,0.514972,-0.596895,0.046301,0.800981,-0.000189,-0.002185,-0.001876,0.337663,-0.169705,-0.118706,-0.162762,0.052123,0.039537,-0.057668,0.560313,-0.55194,-0.617584,0.704534,0.709652,0.004978,0.435523,-0.437898,0.786488,-9.4e-05,-0.000376,-0.000368,-2e-06,4e-06,-4e-06,-1.044099
