frame,MLTx,MLTy,MLTz,MLTR1,MLTR2,MLTR3,MLTR4,MLTR5,MLTR6,MLTR7,MLTR8,MLTR9,MLTTVx,MLTTVy,MLTTVz,MLTRVx,MLTRVy,MLTRVz,MLGA,MRTx,MRTy,MRTz,MRTR1,MRTR2,MRTR3,MRTR4,MRTR5,MRTR6,MRTR7,MRTR8,MRTR9,MRTTVx,MRTTVy,MRTTVz,MRTRVx,MRTRVy,MRTRVz,MRGA,SLTx,SLTy,SLTz,SLTR1,SLTR2,SLTR3,SLTR4,SLTR5,SLTR6,SLTR7,SLTR8,SLTR9,SLTTVx,SLTTVy,SLTTVz,SLTRVx,SLTRVy,SLTRVz,SLGA,SRTx,SRTy,SRTz,SRTR1,SRTR2,SRTR3,SRTR4,SRTR5,SRTR6,SRTR7,SRTR8,SRTR9,SRTTVx,SRTTVy,SRTTVz,SRTRVx,SRTRVy,SRTRVz,SRGA
143,0.169893,-0.020176,0.360639,-0.758361,0.463929,-0.457935,-0.554136,-0.82875,0.077962,-0.342406,0.3123,0.886146,-0.0,-0.0,-0.0,0.0,0.0,0.0,0.417311,-0.199723,-0.066246,0.295268,0.500867,-0.230856,0.834164,0.293511,0.951922,0.087347,-0.814837,0.201356,0.543469,0.001127,-0.00607,0.015489,-0.036404,0.011197,-0.017908,-0.506743,0.027031,0.021075,-0.009564,-0.462393,0.262857,0.846816,-0.3312,-0.937121,0.110041,0.822495,-0.229584,0.520377,0.000335,0.002725,0.003983,0.002701,-0.011986,0.023832,-0.630263,0.087438,0.040533,-0.02506,0.812619,-0.379352,-0.442426,0.456563,0.8862,0.078724,0.362214,-0.265968,0.893342,-2e-06,2e-06,0.0,-4.5e-05,-4e-06,5.2e-05,0.368854
144,0.169926,-0.02017,0.360643,-0.758299,0.463986,-0.457979,-0.5542,-0.828711,0.07792,-0.34244,0.312317,0.886127,4.2e-05,0.000711,0.000581,0.0,0.0,0.0,0.417402,-0.199723,-0.066346,0.295765,0.501645,-0.233487,0.832963,0.293001,0.951787,0.090475,-0.814543,0.198945,0.544798,0.000506,0.004051,0.005912,-0.0,-0.0,0.0,-0.606412,0.027031,0.021024,-0.00931,-0.463092,0.265485,0.845614,-0.330556,-0.936979,0.113144,0.822361,-0.227127,0.521665,0.00057,-0.00291,0.007915,-0.034069,-0.001359,0.006612,-0.730033,0.087454,0.040534,-0.025059,0.812564,-0.379417,-0.442471,0.456632,0.886169,0.078684,0.36225,-0.265982,0.893323,2.6e-05,0.000479,0.000388,-3.3e-05,1e-06,5.5e-05,0.368854
145,0.169947,-0.02017,0.360642,-0.758267,0.464016,-0.458002,-0.554234,-0.828691,0.077899,-0.342458,0.312326,0.886117,0.0,0.0,0.0,0.0,0.0,0.0,0.417304,-0.199787,-0.066505,0.296249,0.503142,-0.238016,0.830776,0.292268,0.951498,0.095735,-0.813884,0.194919,0.547231,-0.015378,-0.007127,0.014872,-0.036667,0.013086,-0.021659,-0.703194,0.027005,0.020949,-0.00907,-0.464473,0.270096,0.843393,-0.329671,-0.936641,0.118402,0.821937,-0.223048,0.524087,0.000151,0.001269,0.001849,0.001944,0.002925,-0.003712,-0.800085,0.087465,0.040536,-0.025058,0.812536,-0.379451,-0.442494,0.456668,0.886152,0.078663,0.362269,-0.26599,0.893314,0.007053,-0.000158,-0.000317,0.000958,-0.014708,0.029603,0.368691
146,0.169947,-0.020163,0.360647,-0.758253,0.464029,-0.458012,-0.554248,-0.828682,0.077889,-0.342466,0.31233,0.886112,1.6e-05,0.000268,0.000219,0.0,0.0,0.0,0.416951,-0.199813,-0.06661,0.296409,0.503893,-0.240293,0.829664,0.291967,0.951324,0.098343,-0.813528,0.192961,0.548454,0.000213,0.001705,0.002482,-1.109551,-1.609162,1.989957,-0.761588,0.026987,0.020894,-0.008984,-0.464435,0.26997,0.843454,-0.329237,-0.936775,0.11855,0.822132,-0.222638,0.523955,0.000309,-0.005005,0.004859,-0.036115,0.011558,-0.018429,-0.797636,0.087465,0.040539,-0.025055,0.812523,-0.379466,-0.442504,0.456684,0.886144,0.078654,0.362276,-0.265993,0.893309,9e-06,0.000143,0.000115,-2.8e-05,-1e-06,4.4e-05,0.368528
147,0.169937,-0.020163,0.360648,-0.758269,0.464014,-0.458001,-0.554232,-0.828692,0.0779,-0.342457,0.312325,0.886117,0.0,0.0,0.0,0.0,0.0,0.0,0.417083,-0.199868,-0.066837,0.296537,0.504602,-0.242304,0.828648,0.291358,0.951247,0.10087,-0.813308,0.190818,0.549529,-0.000251,-0.002004,-0.002918,-0.001785,0.013256,-0.025524,-0.914449,0.02696,0.020785,-0.008914,-0.465815,0.274419,0.841255,-0.328565,-0.93637,0.123514,0.821621,-0.218873,0.52634,-0.007989,-0.005907,0.004022,-0.03663,0.029112,-0.050677,-0.804331,0.08746,0.040539,-0.025055,0.812537,-0.37945,-0.442492,0.456666,0.886152,0.078664,0.362267,-0.265989,0.893314,2e-06,-5e-06,-7e-06,-2e-05,1.3e-05,4.3e-05,0.368528
148,0.169937,-0.020156,0.360653,-0.758255,0.464028,-0.458011,-0.554246,-0.828684,0.077891,-0.342464,0.312329,0.886113,1e-06,9e-06,7e-06,0.0,0.0,0.0,0.41718,-0.199908,-0.066986,0.296357,0.506861,-0.248794,0.82534,0.291351,0.950495,0.107735,-0.811906,0.186149,0.55319,-0.000594,-0.004735,-0.006908,-0.101837,-0.130165,0.151427,-1.067444,0.02694,0.020713,-0.009,-0.467684,0.280249,0.838291,-0.328299,-0.935635,0.129634,0.820665,-0.214582,0.529587,-0.0004,-0.002786,-0.00407,-1.110368,-1.580216,1.938857,-0.808576,0.08746,0.040543,-0.025052,0.812525,-0.379465,-0.442503,0.456683,0.886145,0.078655,0.362275,-0.265992,0.89331,2e-06,-3e-06,-7e-06,-2.2e-05,6e-06,3.5e-05,0.368528
149,0.169937,-0.020156,0.360653,-0.758255,0.464028,-0.458011,-0.554246,-0.828684,0.077891,-0.342464,0.312329,0.886113,0.0,0.0,0.0,0.0,0.0,0.0,0.417222,-0.19996,-0.067102,0.296172,0.50519,-0.251097,0.825666,0.290803,0.950265,0.111198,-0.813142,0.184225,0.552019,-0.000839,-0.006667,-0.009744,-0.09955,0.2268,0.092315,-1.128521,0.026914,0.020657,-0.009089,-0.467027,0.282953,0.837748,-0.327735,-0.935331,0.133207,0.821264,-0.212349,0.529559,-0.000441,-0.003539,-0.005169,-0.193439,0.432688,0.196635,-0.811842,0.08746,0.040543,-0.025052,0.812524,-0.379465,-0.442503,0.456683,0.886145,0.078655,0.362275,-0.265993,0.89331,2e-06,-7e-06,-9e-06,-1.1e-05,1.4e-05,3.9e-05,0.368528
150,0.169948,-0.020157,0.360653,-0.758239,0.464042,-0.458022,-0.554262,-0.828673,0.07788,-0.342473,0.312334,0.886108,0.0,0.0,0.0,0.0,0.0,0.0,0.417149,-0.200034,-0.067384,0.295578,0.49708,-0.264931,0.826265,0.289403,0.948291,0.130092,-0.818614,0.17477,0.546982,-0.00187,0.000207,-0.024119,-0.270647,0.318078,0.425056,-1.243453,0.026877,0.020511,-0.009384,-0.458257,0.296223,0.838005,-0.325574,-0.933242,0.15185,0.827044,-0.203246,0.524107,-0.000723,-0.005723,-0.008405,-0.670063,0.18095,0.978469,-0.827191,0.087465,0.040543,-0.025052,0.81251,-0.379481,-0.442514,0.4567,0.886137,0.078645,0.362284,-0.265996,0.893305,5e-06,-4e-06,-7e-06,-8e-06,1.9e-05,4.1e-05,0.368691
151,0.169938,-0.020143,0.360665,-0.758227,0.464054,-0.45803,-0.554275,-0.828666,0.077872,-0.342479,0.312337,0.886104,5.8e-05,0.000985,0.000804,0.0,0.0,0.0,0.417362,-0.200058,-0.067596,0.294657,0.485347,-0.274288,0.830178,0.28651,0.94693,0.145498,-0.826622,0.167563,0.537105,0.014133,-0.003078,-0.030029,-0.125983,0.420634,0.003866,-1.319568,0.026864,0.020405,-0.009854,-0.4449,0.305668,0.841801,-0.322001,-0.93169,0.168127,0.83569,-0.196261,0.512935,0.007056,-0.001724,-0.015285,-0.120138,0.42442,-0.006134,-0.845316,0.08746,0.040547,-0.025048,0.8125,-0.379495,-0.442522,0.456714,0.88613,0.078637,0.362291,-0.265999,0.893302,4.2e-05,0.000659,0.000536,-1e-06,2.7e-05,3.5e-05,0.368691
152,0.169939,-0.020129,0.360676,-0.758199,0.46408,-0.45805,-0.554304,-0.828648,0.077853,-0.342495,0.312345,0.886096,1.2e-05,0.0002,0.000164,0.0,0.0,0.0,0.417315,-0.199995,-0.067612,0.293369,0.471996,-0.28486,0.834305,0.28216,0.945336,0.163279,-0.835787,0.158679,0.525495,-0.002951,0.006811,-0.039159,-0.393866,-0.018534,0.621283,-1.389779,0.026896,0.020391,-0.010488,-0.43093,0.315105,0.84558,-0.317036,-0.930182,0.185062,0.844858,-0.188331,0.500744,-0.00153,0.003161,-0.019942,-1.130479,-0.933484,1.918157,-0.874545,0.087461,0.040556,-0.025041,0.812475,-0.379525,-0.442542,0.456746,0.886115,0.078618,0.362307,-0.266005,0.893294,1e-05,0.000135,0.00011,-1.5e-05,9e-06,1.9e-05,0.368528
153,0.169939,-0.020122,0.360681,-0.758184,0.464093,-0.45806,-0.554318,-0.828639,0.077843,-0.342502,0.312348,0.886091,6e-06,0.000104,8.5e-05,0.0,0.0,0.0,0.417163,-0.199879,-0.067446,0.292589,0.466333,-0.288969,0.836075,0.274301,0.945734,0.174012,-0.841557,0.148533,0.519213,-0.002832,0.007767,-0.037818,-0.125848,0.557995,-0.137932,-1.402084,0.026953,0.020471,-0.010883,-0.425212,0.319924,0.846666,-0.308911,-0.930573,0.196488,0.850745,-0.177995,0.494518,0.006814,0.003737,-0.019601,-0.172604,0.603154,-0.036746,-0.881567,0.087461,0.04056,-0.025038,0.812462,-0.37954,-0.442552,0.456762,0.886108,0.078609,0.362314,-0.266008,0.893289,3e-06,5.8e-05,4.7e-05,-3e-06,2e-06,2.1e-05,0.368691
154,0.16994,-0.020102,0.360698,-0.758142,0.464132,-0.45809,-0.554362,-0.828613,0.077815,-0.342525,0.31236,0.886079,1.4e-05,0.000241,0.000196,0.0,0.0,0.0,0.417034,-0.199652,-0.066763,0.29073,0.453046,-0.307428,0.836797,0.265346,0.942558,0.20276,-0.851614,0.13055,0.507517,-0.003483,0.017747,-0.047804,-0.4211,0.280854,0.599777,-1.402991,0.027067,0.02081,-0.011806,-0.411644,0.336807,0.846823,-0.29891,-0.927697,0.223672,0.86093,-0.161051,0.482557,0.00616,0.013983,-0.029096,-1.108521,-0.598116,2.190475,-0.886303,0.087461,0.04057,-0.02503,0.812425,-0.379585,-0.442582,0.456809,0.886086,0.078582,0.362338,-0.266018,0.893277,8e-06,0.000133,0.000108,-8e-06,-5e-06,1.1e-05,0.368528
155,0.169942,-0.020082,0.360727,-0.758097,0.464175,-0.458121,-0.554418,-0.828576,0.077807,-0.342534,0.312394,0.886063,7.8e-05,0.001316,0.001074,0.0,0.0,0.0,0.41701,-0.1993,-0.065444,0.288471,0.438273,-0.318201,0.840628,0.25593,0.940644,0.222763,-0.862147,0.117893,0.492612,0.012185,0.041866,-0.062337,-0.109062,0.673824,0.474578,-1.403326,0.027241,0.021472,-0.01296,-0.396809,0.347221,0.849693,-0.288795,-0.925908,0.243497,0.871285,-0.148766,0.467685,0.006139,0.021036,-0.03101,-0.046312,0.571014,0.4117,-0.877975,0.087462,0.040577,-0.025017,0.812385,-0.379633,-0.442614,0.45687,0.886056,0.078575,0.362351,-0.266051,0.893262,4.3e-05,0.000755,0.000615,0.000856,-0.012653,0.025885,0.368691
156,0.169943,-0.020069,0.360738,-0.758069,0.464202,-0.458141,-0.554447,-0.828558,0.077788,-0.342549,0.312401,0.886054,6.6e-05,0.001122,0.000916,0.0,0.0,0.0,0.417227,-0.199099,-0.064554,0.287237,0.433636,-0.321146,0.841912,0.247971,0.940726,0.231255,-0.866801,0.108875,0.486482,-0.00407,0.043551,-0.058891,-0.008786,0.421474,0.329112,-1.403221,0.027343,0.021899,-0.013557,-0.391066,0.350211,0.851128,-0.280276,-0.926167,0.252309,0.876648,-0.139881,0.460348,0.005904,0.026831,-0.034753,-0.02489,0.530897,0.41482,-0.873729,0.087463,0.040585,-0.025011,0.812361,-0.379663,-0.442634,0.456901,0.886041,0.078557,0.362367,-0.266057,0.893254,4.2e-05,0.000722,0.000587,-1.9e-05,-1.8e-05,-5e-06,0.368691
157,0.169944,-0.020041,0.36076,-0.758013,0.464254,-0.45818,-0.554505,-0.828523,0.07775,-0.342579,0.312417,0.886037,6.4e-05,0.001082,0.000883,0.0,0.0,0.0,0.417417,-0.198789,-0.062476,0.284659,0.421032,-0.333083,0.843669,0.232906,0.938583,0.25446,-0.87712,0.089762,0.471663,-0.004399,0.056387,-0.064577,-4.854821,-0.777135,-1.851049,-1.40325,0.027496,0.022955,-0.014868,-0.378543,0.3619,0.851899,-0.266345,-0.924052,0.2742,0.886433,-0.123103,0.446185,-0.002053,0.02834,-0.032275,-4.822908,-0.84313,-1.870233,-0.86932,0.087463,0.040599,-0.025,0.812312,-0.379722,-0.442674,0.456964,0.886012,0.07852,0.362399,-0.266069,0.893237,3.3e-05,0.000581,0.000474,-2e-06,-6e-06,-1e-06,0.368528
158,0.169945,-0.020021,0.360777,-0.757971,0.464293,-0.45821,-0.554548,-0.828497,0.077722,-0.342602,0.312428,0.886024,3.7e-05,0.00063,0.000514,0.0,0.0,0.0,0.417412,-0.198564,-0.060122,0.282104,0.409715,-0.347781,0.843311,0.229645,0.933954,0.273728,-0.883306,0.081933,0.461434,0.012363,0.059621,-0.060792,0.082099,0.169213,0.516919,-1.403829,0.027605,0.024086,-0.016102,-0.365767,0.375685,0.851513,-0.260007,-0.919729,0.294095,0.893649,-0.113829,0.434088,0.006176,0.029427,-0.030976,-0.007031,0.4349,0.39749,-0.869484,0.087464,0.04061,-0.024991,0.812275,-0.379765,-0.442704,0.45701,0.885991,0.078493,0.362423,-0.266078,0.893225,2.3e-05,0.000389,0.000318,8e-06,-1e-06,8e-06,0.368528
159,0.169946,-0.020014,0.360783,-0.757957,0.464307,-0.45822,-0.554563,-0.828488,0.077713,-0.342609,0.312432,0.88602,5e-06,8.6e-05,7e-05,0.0,0.0,0.0,0.417683,-0.198575,-0.057871,0.279875,0.39894,-0.35611,0.844999,0.219697,0.931721,0.289071,-0.890726,0.070754,0.448847,-0.003349,0.049856,-0.049663,0.003355,0.361895,0.308553,-1.4039,0.027605,0.02524,-0.01724,-0.354709,0.38371,0.852611,-0.249737,-0.917658,0.309086,0.901006,-0.103293,0.421328,-0.001881,0.030649,-0.028657,-0.007146,0.44549,0.381629,-0.8703,0.087464,0.040614,-0.024987,0.812262,-0.37978,-0.442714,0.457026,0.885983,0.078484,0.362431,-0.266081,0.893221,1e-06,4.5e-05,3.8e-05,-6e-06,2e-06,-0.0,0.368691
160,0.169945,-0.020021,0.360777,-0.757971,0.464293,-0.45821,-0.554548,-0.828497,0.077722,-0.342602,0.312428,0.886024,-1.1e-05,-0.000192,-0.000157,0.0,0.0,0.0,0.417271,-0.198629,-0.056768,0.27886,0.391983,-0.36007,0.846576,0.216898,0.930384,0.295423,-0.894485,0.068257,0.441702,-0.003725,0.062235,-0.055938,-0.039716,0.531467,0.43928,-1.403883,0.027576,0.025809,-0.017767,-0.348287,0.387119,0.853718,-0.246979,-0.916458,0.31481,0.904266,-0.101206,0.4148,-0.001813,0.031245,-0.027764,-0.103886,0.635937,0.498793,-0.873892,0.087464,0.040611,-0.02499,0.812275,-0.379765,-0.442704,0.45701,0.885991,0.078493,0.362423,-0.266078,0.893225,-8e-06,-0.000135,-0.00011,-7e-06,-8e-06,1e-06,0.368691
161,0.169935,-0.020021,0.360778,-0.757987,0.464279,-0.458199,-0.554532,-0.828507,0.077733,-0.342593,0.312424,0.886029,-0.0,-0.0,-0.0,0.0,0.0,0.0,0.417378,-0.198798,-0.054718,0.277182,0.385113,-0.363339,0.84833,0.205577,0.929844,0.305062,-0.900118,0.057355,0.431696,-0.002784,0.054465,-0.042669,-0.350756,0.038137,0.027426,-1.403892,0.027493,0.026813,-0.018591,-0.339907,0.390729,0.855449,-0.235501,-0.915991,0.324806,0.910495,-0.091055,0.403369,-0.001079,0.021777,-0.017089,-1.390436,-0.284329,-0.488917,-0.87128,0.087459,0.04061,-0.02499,0.812289,-0.379749,-0.442692,0.456993,0.885999,0.078503,0.362414,-0.266074,0.89323,0.0,-1e-06,-1e-06,-1e-06,-1e-06,-1e-06,0.368854
162,0.169936,-0.020007,0.360789,-0.757959,0.464305,-0.458218,-0.554561,-0.828489,0.077714,-0.342608,0.312431,0.886021,1.6e-05,0.000272,0.000222,0.0,0.0,0.0,0.417031,-0.198924,-0.053007,0.275966,0.382955,-0.376991,0.843335,0.20046,0.925023,0.322616,-0.902188,0.045966,0.428727,-0.001546,0.033677,-0.02409,-0.169983,0.011256,0.336217,-1.403915,0.02743,0.027679,-0.019202,-0.33782,0.403815,0.850182,-0.229429,-0.911369,0.341713,0.912819,-0.079619,0.400525,-0.001011,0.022473,-0.016018,-0.579852,-0.439933,0.765819,-0.872096,0.087459,0.040617,-0.024985,0.812264,-0.379778,-0.442712,0.457024,0.885984,0.078485,0.36243,-0.26608,0.893221,1e-05,0.000168,0.000136,1e-06,1.1e-05,1e-06,0.368528
163,0.169936,-0.02,0.360794,-0.757945,0.464318,-0.458228,-0.554575,-0.82848,0.077704,-0.342616,0.312435,0.886017,5e-06,7.7e-05,6.3e-05,0.0,0.0,0.0,0.417494,-0.198992,-0.052312,0.275462,0.379796,-0.383102,0.842009,0.202699,0.922488,0.328426,-0.90302,0.046406,0.426926,-0.001596,0.033276,-0.024721,-0.056365,0.087528,0.418974,-1.404105,0.027397,0.028016,-0.019442,-0.334927,0.408814,0.848937,-0.231232,-0.909084,0.346551,0.91343,-0.080232,0.399008,-0.008955,0.016685,-0.011745,-0.60815,-1.165196,2.504788,-0.87079,0.087459,0.040621,-0.024981,0.812252,-0.379793,-0.442722,0.457039,0.885977,0.078475,0.362438,-0.266083,0.893217,2e-06,3.1e-05,2.3e-05,-9e-06,-7e-06,-0.0,0.368528
164,0.169937,-0.019987,0.360805,-0.757917,0.464344,-0.458248,-0.554604,-0.828463,0.077685,-0.342631,0.312443,0.886008,1e-06,1.1e-05,9e-06,0.0,0.0,0.0,0.417549,-0.199021,-0.051258,0.274634,0.37852,-0.385789,0.841357,0.195225,0.921751,0.334958,-0.905198,0.037936,0.423131,-0.001112,0.021808,-0.017071,-0.030993,0.124789,0.364665,-1.403782,0.027382,0.02856,-0.019868,-0.333746,0.412073,0.847826,-0.223663,-0.908327,0.353433,0.915744,-0.071671,0.395315,-0.000813,0.016407,-0.012723,-0.077012,0.334158,0.284787,-0.87079,0.08746,0.040628,-0.024976,0.812227,-0.379822,-0.442742,0.45707,0.885963,0.078457,0.362454,-0.266089,0.893209,0.0,-1.2e-05,-1e-05,-3e-06,2e-06,6e-06,0.368691
165,0.169947,-0.019994,0.360799,-0.757915,0.464346,-0.45825,-0.554606,-0.828461,0.077684,-0.342632,0.312444,0.886007,-5.8e-05,-0.000984,-0.000803,0.0,0.0,0.0,0.417778,-0.199052,-0.050277,0.273769,0.378698,-0.392091,0.838358,0.194133,0.919255,0.34237,-0.905358,0.033577,0.423157,-0.001814,0.031558,-0.027407,0.081674,0.021655,0.089369,-1.403868,0.027366,0.02906,-0.020305,-0.332825,0.418958,0.844808,-0.222122,-0.905506,0.36155,0.916454,-0.067318,0.394436,-0.0009,0.015711,-0.013806,0.106917,-0.014983,0.066642,-0.866381,0.087465,0.040627,-0.024977,0.812225,-0.379824,-0.442744,0.457072,0.885962,0.078456,0.362455,-0.26609,0.893208,-3.7e-05,-0.000675,-0.00055,1.9e-05,1.2e-05,1.3e-05,0.368691
166,0.169947,-0.019994,0.360799,-0.757915,0.464346,-0.45825,-0.554606,-0.828461,0.077684,-0.342632,0.312444,0.886007,-0.0,-0.0,-0.0,0.0,0.0,0.0,0.417742,-0.199105,-0.049335,0.272786,0.374035,-0.401432,0.836028,0.197898,0.915175,0.351034,-0.906476,0.03464,0.420671,-0.002064,0.029568,-0.030508,0.088651,0.005828,0.079458,-1.40373,0.027341,0.029515,-0.020774,-0.327725,0.427915,0.842309,-0.225211,-0.901229,0.370222,0.917537,-0.068366,0.391726,-0.001053,0.01449,-0.015704,0.108361,-0.00416,0.039731,-0.867197,0.087465,0.040624,-0.024979,0.812225,-0.379824,-0.442744,0.457072,0.885962,0.078456,0.362455,-0.26609,0.893208,1e-06,1e-06,1e-06,1e-06,3e-06,2e-06,0.369018
167,0.169947,-0.019994,0.360799,-0.757915,0.464346,-0.45825,-0.554606,-0.828461,0.077684,-0.342632,0.312444,0.886007,-0.0,-0.0,-0.0,0.0,0.0,0.0,0.4182,-0.199122,-0.048876,0.272179,0.37093,-0.407494,0.834476,0.199736,0.912487,0.356941,-0.907345,0.034773,0.418784,-0.001829,0.016087,-0.02597,-0.032832,0.208489,0.151419,-1.403251,0.027332,0.029758,-0.021084,-0.325248,0.433609,0.840354,-0.227008,-0.898489,0.375745,0.917976,-0.068557,0.390665,-0.001176,0.013485,-0.017275,-0.045232,0.279703,0.219067,-0.867034,0.087465,0.040624,-0.024979,0.812225,-0.379824,-0.442744,0.457072,0.885962,0.078456,0.362455,-0.26609,0.893208,2e-06,1e-06,-0.0,-2e-06,3e-06,1e-06,0.369018
168,0.169947,-0.019986,0.360792,-0.757904,0.464355,-0.458258,-0.554608,-0.828463,0.077654,-0.342653,0.312425,0.886006,-0.0,-0.0,-0.0,0.0,0.0,0.0,0.419662,-0.199289,-0.047831,0.270477,0.359723,-0.423732,0.831289,0.214898,0.90453,0.368211,-0.908379,0.046707,0.415367,-0.003736,0.031643,-0.052915,1.414363,0.810523,0.852348,-1.403476,0.027257,0.030272,-0.0219,-0.315855,0.447394,0.836704,-0.235923,-0.891185,0.387465,0.919008,-0.075015,0.387036,-0.001895,0.01542,-0.027068,-0.011773,0.223784,0.375809,-0.865401,0.087465,0.040628,-0.024983,0.812216,-0.379835,-0.442753,0.457074,0.885963,0.078426,0.362474,-0.266069,0.893207,1e-06,0.0,-0.0,9e-06,9e-06,6e-06,0.370487
169,0.169957,-0.019985,0.36078,-0.757891,0.464367,-0.458268,-0.554612,-0.828463,0.077622,-0.342676,0.312408,0.886003,-1e-05,-0.000165,-0.000134,0.0,0.0,0.0,0.422801,-0.199502,-0.046485,0.268107,0.305277,-0.473571,0.826152,0.293071,0.872107,0.391757,-0.906381,0.123107,0.403958,-0.004708,0.039411,-0.06665,4.908491,2.766204,2.966076,-1.403762,0.027141,0.030962,-0.023127,-0.257648,0.496278,0.82905,-0.315575,-0.854186,0.413252,0.913251,-0.155154,0.376692,-0.002225,0.019572,-0.033805,4.890516,2.80571,2.983549,-0.866544,0.08747,0.040628,-0.024989,0.812204,-0.379848,-0.442762,0.457079,0.885964,0.078394,0.362494,-0.266049,0.893204,-5e-06,-0.000102,-8.5e-05,1e-06,1e-05,2e-06,0.373753
170,0.169967,-0.019985,0.360779,-0.757875,0.464381,-0.45828,-0.554628,-0.828453,0.077611,-0.342685,0.312412,0.885998,-0.0,-2e-06,-2e-06,0.0,0.0,0.0,0.424592,-0.199575,-0.045665,0.26671,0.26832,-0.497073,0.825176,0.335154,0.851165,0.403886,-0.903438,0.168799,0.393916,-0.005502,0.048578,-0.078146,0.04684,0.551651,0.678028,-1.404115,0.027107,0.031354,-0.023795,-0.219353,0.51828,0.826601,-0.357817,-0.830934,0.426044,0.907662,-0.202318,0.367717,-0.002515,0.018318,-0.03555,0.211419,0.911365,0.939279,-0.867361,0.087475,0.040628,-0.02499,0.81219,-0.379864,-0.442774,0.457097,0.885956,0.078383,0.362504,-0.266053,0.8932,1e-06,5e-06,4e-06,-6e-06,-7e-06,-3e-06,0.375876
171,0.17004,-0.019985,0.360751,-0.757672,0.464569,-0.458426,-0.554819,-0.828343,0.077428,-0.342825,0.312426,0.885939,0.014097,-0.000368,-0.000673,0.000984,-0.014715,0.029553,0.4273,-0.199688,-0.044134,0.263536,0.162355,-0.544682,0.822772,0.445964,0.784234,0.431308,-0.880357,0.297568,0.369172,-0.006372,0.042106,-0.089014,1.381145,1.320717,1.292554,-1.405177,0.027051,0.032126,-0.025373,-0.111742,0.561084,0.820181,-0.463256,-0.759593,0.456521,0.879151,-0.328942,0.344805,-0.003119,0.020731,-0.045351,4.796379,3.318967,2.938798,-0.87128,0.087512,0.040628,-0.025004,0.812011,-0.380075,-0.442921,0.457301,0.885866,0.078204,0.362646,-0.266051,0.893142,0.00705,-0.000173,-0.000326,0.000992,-0.014718,0.029554,0.379958
172,0.170103,-0.019955,0.360721,-0.757532,0.464696,-0.458528,-0.554925,-0.828289,0.077242,-0.342963,0.312379,0.885902,-0.0,-0.0,-0.0,0.0,0.0,0.0,0.427366,-0.199796,-0.042755,0.259948,0.034574,-0.575804,0.816851,0.54891,0.69387,0.466021,-0.835152,0.432968,0.339001,-0.006613,0.025468,-0.090551,1.1594,1.706043,1.435367,-1.405243,0.026997,0.032823,-0.027166,0.015651,0.586697,0.809654,-0.561893,-0.664638,0.492476,0.827061,-0.462647,0.319258,0.004575,0.018046,-0.050678,4.620253,3.75297,3.051176,-0.879934,0.087543,0.040643,-0.025019,0.811888,-0.380218,-0.443025,0.457416,0.885823,0.07802,0.362777,-0.26599,0.893107,-2e-06,7e-06,8e-06,-4e-06,-7e-06,-5e-06,0.381754
173,0.170123,-0.019916,0.360673,-0.757448,0.46477,-0.458592,-0.554955,-0.828288,0.077047,-0.343099,0.312274,0.885886,-2.5e-05,-0.000437,-0.000356,0.0,0.0,0.0,0.426855,-0.199918,-0.04176,0.255865,-0.119694,-0.579967,0.805793,0.643285,0.572792,0.507963,-0.75599,0.579861,0.303486,-0.007669,0.018161,-0.104008,4.167115,3.976948,2.661664,-1.405636,0.026933,0.033331,-0.02924,0.170559,0.584284,0.793423,-0.649605,-0.538779,0.536404,0.740892,-0.606901,0.28766,-0.003836,0.008818,-0.05279,4.084731,4.06825,2.7145,-0.88222,0.087553,0.040663,-0.025042,0.811814,-0.380301,-0.443089,0.457448,0.885823,0.077826,0.362902,-0.26587,0.893092,-1.8e-05,-0.00024,-0.000194,-1.1e-05,-6e-06,-1e-05,0.382081
174,0.170122,-0.019907,0.360641,-0.758727,0.464336,-0.456915,-0.554712,-0.828236,0.07932,-0.340664,0.313056,0.88655,-4.9e-05,-0.000837,-0.000682,-0.566938,0.50197,-0.336624,0.42479,-0.199927,-0.041371,0.253717,-0.195954,-0.577402,0.792591,0.673396,0.508197,0.536851,-0.712512,0.639627,0.288214,-0.007708,0.018281,-0.104676,3.987564,4.162591,2.859356,-1.406053,0.026927,0.033507,-0.030243,0.240462,0.579184,0.778924,-0.675236,-0.476668,0.562888,0.697305,-0.661311,0.276465,-0.003877,0.008749,-0.052697,1.264511,0.39014,3.845163,-0.894467,0.087553,0.040669,-0.025058,0.812649,-0.379891,-0.441907,0.457252,0.885786,0.079391,0.361275,-0.266581,0.89354,-2.8e-05,-0.000545,-0.00045,-1.888765,1.673087,-1.124034,0.381918
175,0.170159,-0.019928,0.36053,-0.75874,0.464318,-0.456911,-0.554632,-0.828304,0.079168,-0.340763,0.312903,0.886566,-0.000155,-0.002662,-0.002173,-0.0,0.0,-0.0,0.40618,-0.199624,-0.040765,0.249751,-0.314843,-0.56294,0.764175,0.704484,0.400803,0.585657,-0.635567,0.723421,0.269405,0.009172,0.007911,-0.097749,1.045819,1.655165,1.590928,-1.406128,0.027074,0.033815,-0.032277,0.362899,0.558282,0.746072,-0.701426,-0.36342,0.613128,0.613436,-0.745819,0.259708,0.004546,0.003821,-0.049543,4.273475,4.241009,2.763717,-0.914715,0.087571,0.040661,-0.025111,0.813021,-0.379694,-0.441393,0.457093,0.885819,0.079943,0.36064,-0.266752,0.893745,-9.3e-05,-0.001614,-0.001317,-0.000734,0.012547,-0.025794,0.367711
176,0.170224,-0.019996,0.360354,-0.76145,0.459835,-0.456938,-0.54966,-0.831633,0.078943,-0.342762,0.310694,0.886572,-0.000419,0.006484,-0.012328,0.035727,-0.010991,0.019344,0.382875,-0.199263,-0.040623,0.246242,-0.427824,-0.537076,0.726985,0.712836,0.293855,0.636748,-0.555063,0.791287,0.256189,0.010731,-0.010936,-0.076652,3.575788,4.091155,2.778634,-1.406425,0.027254,0.033886,-0.03405,0.470467,0.529351,0.706008,-0.703243,-0.258365,0.662341,0.533018,-0.808105,0.25071,0.005201,0.000453,-0.041746,-0.052443,0.163804,1.284224,-0.925002,0.087604,0.040623,-0.025196,0.815228,-0.37491,-0.441412,0.451766,0.888574,0.079646,0.362367,-0.264344,0.893762,-0.000133,-0.002343,-0.001916,-0.000969,0.012683,-0.025726,0.340932
177,0.170271,-0.020046,0.360244,-0.761401,0.459877,-0.456977,-0.549663,-0.831645,0.078794,-0.342864,0.3106,0.886565,-0.000283,-0.004889,-0.003999,-0.000866,0.012674,-0.025869,0.363962,-0.198985,-0.04083,0.244812,-0.473807,-0.524289,0.707546,0.709892,0.247863,0.659206,-0.520384,0.81525,0.253833,0.027475,-0.008386,-0.073815,0.961506,1.099315,1.636627,-1.406374,0.027397,0.033777,-0.034797,0.520327,0.510835,0.684329,-0.697443,-0.208214,0.685725,0.492779,-0.834082,0.247939,0.013814,-0.004065,-0.036618,1.012832,1.071656,1.595268,-0.929411,0.087627,0.040602,-0.025253,0.815162,-0.374986,-0.44147,0.451791,0.888578,0.079458,0.362485,-0.264224,0.89375,-0.000122,-0.002165,-0.001772,-6e-05,1e-05,0.00013,0.32199
178,0.170384,-0.020142,0.359951,-0.766587,0.451014,-0.457138,-0.539842,-0.838101,0.078285,-0.346871,0.306229,0.886528,0.013776,-0.006198,-0.005456,0.228359,-0.053653,-0.411395,0.336347,-0.199058,-0.041415,0.243498,-0.571834,-0.467657,0.674014,0.702902,0.144095,0.696492,-0.422116,0.872604,0.245445,-0.016528,-0.01603,0.000523,4.032701,2.801518,4.560253,-1.40625,0.027363,0.033457,-0.035516,0.609921,0.451548,0.65123,-0.68633,-0.109831,0.718949,0.396165,-0.885461,0.242923,-0.008364,-0.001527,-0.002155,-0.081614,0.809883,0.905089,-0.937249,0.087683,0.040552,-0.025402,0.819293,-0.365686,-0.441622,0.441413,0.89384,0.078759,0.365939,-0.259464,0.893736,0.006885,-0.003227,-0.002833,0.230786,-0.054093,-0.415614,0.280188
179,0.170481,-0.02025,0.359541,-0.771753,0.442007,-0.457245,-0.529778,-0.844558,0.077648,-0.350894,0.301609,0.886529,0.013474,0.002157,-0.016275,0.035846,-0.013008,0.02304,0.308619,-0.200179,-0.041581,0.244428,-0.648356,-0.432336,0.626668,0.678132,0.045912,0.733459,-0.345052,0.901024,0.262598,-0.031109,-0.002773,0.025481,1.07954,0.799027,1.103259,-1.406176,0.026811,0.033385,-0.03503,0.687065,0.410466,0.599549,-0.654915,-0.007526,0.755664,0.314686,-0.911844,0.263649,-0.007322,-0.000328,0.013963,3.69477,3.141794,2.858288,-0.944597,0.087727,0.040498,-0.0256,0.823497,-0.355992,-0.441724,0.430532,0.899201,0.077954,0.369448,-0.254371,0.893757,-0.00022,-0.003922,-0.003222,-0.001415,0.012723,-0.025329,0.239692
180,0.170596,-0.020301,0.359045,-0.779359,0.42833,-0.457361,-0.514495,-0.854033,0.076779,-0.35675,0.29461,0.886545,-0.000704,0.001524,-0.016438,0.035416,0.001629,-0.007577,0.270384,-0.200953,-0.042512,0.245446,-0.696101,-0.425257,0.578438,0.646251,-0.020543,0.762805,-0.311626,0.905316,0.288367,-0.014711,-0.032714,0.027253,0.407322,-0.449127,0.891676,-1.406101,0.026416,0.032942,-0.034468,0.73355,0.399718,0.549662,-0.618977,0.058938,0.783194,0.280661,-0.914741,0.290651,-0.007352,-0.016373,0.013658,0.48147,-0.499272,0.833567,-0.941168,0.08779,0.040473,-0.025848,0.829524,-0.341536,-0.441861,0.414287,0.906902,0.076771,0.374505,-0.24674,0.893792,0.006718,0.000551,-0.008582,0.036763,-0.013284,0.020138,0.193807
181,0.170679,-0.020323,0.358758,-0.78151,0.422146,-0.459436,-0.508977,-0.85722,0.078022,-0.359933,0.294287,0.885364,-0.000747,0.000741,-0.017096,-0.056346,-0.148776,-0.07754,0.253157,-0.201032,-0.043127,0.245942,-0.720226,-0.408874,0.560436,0.632419,-0.055276,0.772609,-0.284011,0.911373,0.297658,0.001671,-0.033046,0.025657,0.174341,-0.658628,0.869777,-1.405905,0.026376,0.032635,-0.03422,0.755936,0.382426,0.531327,-0.603694,0.093307,0.791736,0.253205,-0.919262,0.301403,0.000837,-0.016552,0.012831,0.190203,-0.681364,0.850298,-0.942311,0.087831,0.040462,-0.025997,0.830993,-0.335327,-0.443851,0.408528,0.909423,0.077795,0.377562,-0.245973,0.892716,-0.000372,0.000267,-0.008634,-0.074508,-0.173913,-0.084974,0.165068
182,0.170828,-0.02034,0.358034,-0.793023,0.395477,-0.463421,-0.482096,-0.872408,0.080366,-0.371528,0.286648,0.883078,-0.001116,0.008113,-0.02875,0.088236,-0.091987,-0.184307,0.226983,-0.20061,-0.044605,0.246941,-0.750329,-0.39449,0.530448,0.611335,-0.109185,0.783761,-0.250322,0.912833,0.322394,0.018072,-0.033616,0.023606,0.211924,-0.779299,0.643261,-1.40595,0.026588,0.031895,-0.033721,0.784183,0.366567,0.500684,-0.580068,0.146449,0.801294,0.220403,-0.918793,0.327477,0.009026,-0.016875,0.011712,0.211304,-0.794117,0.633918,-0.944107,0.087906,0.040453,-0.026346,0.839377,-0.307357,-0.448304,0.380147,0.921458,0.080014,0.388502,-0.237583,0.890291,-0.00043,-0.000815,-0.009547,0.228551,-0.108284,-0.488214,0.120816
183,0.170958,-0.020392,0.357134,-0.800663,0.367814,-0.472967,-0.458372,-0.884368,0.088095,-0.384882,0.286866,0.877269,-0.001006,-0.003913,-0.021041,2.395477,-0.90161,-5.052937,0.198445,-0.1995,-0.046023,0.248153,-0.768631,-0.387915,0.508646,0.59675,-0.148876,0.788454,-0.229158,0.910029,0.34525,0.035849,-0.039853,0.039601,3.221265,3.457006,2.087094,-1.406348,0.027129,0.031193,-0.033143,0.800001,0.362061,0.478444,-0.563791,0.18081,0.805882,0.205271,-0.91445,0.348776,0.017693,-0.013969,0.016353,0.099372,-0.657093,0.662688,-0.941658,0.087971,0.040428,-0.026789,0.842812,-0.285089,-0.456498,0.360765,0.928674,0.086094,0.399394,-0.237249,0.885548,-0.000509,-0.002293,-0.010805,-0.278957,-0.508058,-0.290963,0.07983
184,0.171011,-0.020454,0.356654,-0.804463,0.354573,-0.476616,-0.446428,-0.890145,0.091185,-0.390929,0.285683,0.874978,-0.001164,-0.006748,-0.023444,-0.048019,-0.131771,-0.113233,0.194425,-0.198806,-0.046651,0.248851,-0.777828,-0.382369,0.498769,0.588362,-0.16454,0.791638,-0.219649,0.909673,0.352298,0.035453,-0.027693,0.033033,0.079354,-0.336162,0.273464,-1.406201,0.027476,0.030877,-0.032786,0.809523,0.353626,0.468636,-0.55501,0.200725,0.807262,0.191401,-0.913596,0.358758,0.018013,-0.01931,0.020863,0.073348,-0.355567,0.454399,-0.942638,0.087997,0.040403,-0.027038,0.846323,-0.265209,-0.461951,0.342385,0.935203,0.090364,0.408054,-0.234643,0.882289,0.00651,-0.003626,-0.012123,-0.008897,-0.120036,-0.107433,0.063828
185,0.170982,-0.020663,0.355568,-0.810732,0.324253,-0.487461,-0.421305,-0.901251,0.101092,-0.405542,0.286919,0.867894,-0.015602,-0.010702,-0.026491,-0.212627,-0.369754,-0.295915,0.209558,-0.197352,-0.047849,0.250279,-0.79766,-0.382721,0.466106,0.56441,-0.201851,0.800395,-0.211237,0.901977,0.376403,0.035776,-0.025466,0.036807,0.796897,-1.973296,2.215025,-1.406132,0.028203,0.030277,-0.032074,0.828331,0.350161,0.437324,-0.529541,0.234518,0.815221,0.182899,-0.906855,0.379684,0.026186,-0.012312,0.018588,0.024174,-0.281248,0.159102,-0.94574,0.087988,0.040302,-0.027578,0.849693,-0.235381,-0.471822,0.316201,0.94354,0.098729,0.421945,-0.23308,0.876148,-0.000671,-0.00524,-0.013341,-0.326799,-0.591839,-0.338049,0.056806
186,0.170728,-0.021059,0.354313,-0.811945,0.30525,-0.497606,-0.406847,-0.907162,0.10726,-0.417663,0.289154,0.861379,-0.015934,-0.015668,-0.030867,-0.223457,-0.372682,-0.287209,0.268429,-0.195349,-0.048411,0.251713,-0.817041,-0.380408,0.433273,0.54059,-0.244633,0.804892,-0.199163,0.89231,0.404944,0.052185,-0.009979,0.034756,0.575881,-1.190471,0.777281,-1.406333,0.029198,0.02999,-0.031355,0.8469,0.347505,0.402491,-0.502888,0.277436,0.818615,0.172808,-0.895694,0.409717,0.026105,-0.004749,0.017835,0.828212,-2.216301,2.378547,-0.952598,0.087861,0.040107,-0.028203,0.848975,-0.216495,-0.482047,0.301062,0.947857,0.10453,0.434282,-0.23387,0.869887,-0.000845,-0.008229,-0.015956,-0.365914,-0.58992,-0.333511,0.111672
187,0.17035,-0.021765,0.352828,-0.812051,0.292063,-0.50529,-0.397448,-0.910721,0.112227,-0.426395,0.291592,0.856264,-0.016511,-0.024251,-0.038505,-0.081788,-0.126706,-0.201174,0.317999,-0.193156,-0.048946,0.252852,-0.837088,-0.374108,0.399147,0.513267,-0.28517,0.809425,-0.18793,0.882879,0.430196,0.068095,-0.014302,0.025515,0.359415,-0.585412,0.526062,-1.406346,0.030315,0.029728,-0.030757,0.865278,0.3416,0.366881,-0.473692,0.317679,0.821398,0.164039,-0.884527,0.436694,0.034024,-0.007319,0.012433,0.377673,-0.596373,0.522481,-0.952108,0.087673,0.039762,-0.028938,0.847348,-0.202665,-0.490842,0.291133,0.950312,0.110211,0.444117,-0.236288,0.864249,-0.001118,-0.012657,-0.019884,-0.093046,-0.153762,-0.183805,0.184009
188,0.170153,-0.022263,0.351982,-0.810598,0.288105,-0.509874,-0.395516,-0.911377,0.113714,-0.430922,0.293476,0.853349,-0.002538,-0.029154,-0.043332,-0.064749,-0.100423,-0.183952,0.332369,-0.191931,-0.049205,0.253305,-0.847115,-0.375325,0.37619,0.495764,-0.30385,0.813528,-0.189962,0.876106,0.442964,0.067378,-0.003717,0.016076,0.442737,-0.823255,0.399673,-1.406568,0.030902,0.0296,-0.030537,0.874892,0.340995,0.343925,-0.454862,0.334659,0.82529,0.166322,-0.878479,0.447896,0.033992,-0.007516,0.011984,0.414421,-0.841124,0.334956,-0.951782,0.087568,0.039505,-0.029375,0.84552,-0.198736,-0.495579,0.28902,0.950768,0.111828,0.448957,-0.237785,0.861333,-0.001268,-0.015005,-0.022027,-0.039331,-0.05699,-0.172965,0.215198
189,0.16969,-0.023518,0.350133,-0.804431,0.281209,-0.523315,-0.391498,-0.913463,0.110844,-0.445862,0.293687,0.845566,-0.017387,-0.03583,-0.049405,0.465781,-0.565468,0.160573,0.355941,-0.189401,-0.049581,0.253939,-0.871567,-0.365253,0.327033,0.451939,-0.34056,0.824441,-0.188654,0.866797,0.46145,0.06704,-0.006475,0.010848,0.091986,-0.471086,0.623909,-1.40619,0.032167,0.029414,-0.030215,0.896553,0.330929,0.294408,-0.410355,0.370372,0.833326,0.166732,-0.867934,0.467857,0.03349,-0.003538,0.004864,0.131606,-0.896837,1.32428,-0.933167,0.087343,0.03889,-0.030281,0.839119,-0.192562,-0.508721,0.284903,0.952283,0.109477,0.463366,-0.236801,0.853941,-0.001468,-0.017935,-0.024887,1.684791,-1.778477,1.117108,0.255041
190,0.169103,-0.025096,0.348167,-0.79928,0.27527,-0.53425,-0.387124,-0.915756,0.107228,-0.458736,0.292179,0.839178,-0.017802,-0.03972,-0.053659,-0.024915,-0.102572,-0.033042,0.383553,-0.187021,-0.049567,0.254067,-0.889252,-0.360694,0.281285,0.412834,-0.368637,0.832832,-0.19558,0.857158,0.476332,0.066197,0.003513,0.000244,0.165695,-0.4034,0.395512,-1.406403,0.033333,0.029414,-0.030151,0.912735,0.324409,0.248339,-0.369522,0.396249,0.840499,0.174262,-0.85892,0.481547,0.032745,0.007204,-0.004249,0.306166,-0.45578,0.347475,-0.911286,0.087049,0.038097,-0.031267,0.833243,-0.187559,-0.520121,0.280335,0.954137,0.105034,0.476567,-0.233327,0.847608,-0.008878,-0.020058,-0.026985,-0.030343,-0.009054,-0.188954,0.295374
191,0.168766,-0.025967,0.34714,-0.795168,0.27238,-0.541814,-0.385574,-0.916674,0.104942,-0.467098,0.292011,0.834612,-0.018001,-0.041269,-0.055512,-0.267438,-0.480626,-0.215762,0.388784,-0.185963,-0.049365,0.253948,-0.896821,-0.358313,0.25945,0.39378,-0.379839,0.837015,-0.200229,0.853252,0.481386,0.048948,0.014182,-0.00746,0.31319,-1.719666,2.814133,-1.406162,0.033893,0.029511,-0.030209,0.918741,0.321769,0.228864,-0.352246,0.405963,0.843277,0.17843,-0.85537,0.486317,0.024442,0.006649,-0.004542,0.051416,-0.261469,0.431151,-0.910633,0.086881,0.037661,-0.031782,0.829729,-0.186726,-0.526004,0.278892,0.955005,0.100912,0.483494,-0.230428,0.844473,-0.008891,-0.026133,-0.023458,0.009995,0.12545,-0.177568,0.311049
192,0.168074,-0.027833,0.345099,-0.792605,0.269491,-0.54699,-0.384931,-0.916825,0.105978,-0.471953,0.29421,0.8311,-0.01809,-0.052461,-0.048121,-0.156267,-0.238434,-0.124225,0.379313,-0.184269,-0.048636,0.253457,-0.906686,-0.358933,0.221539,0.362035,-0.393213,0.845132,-0.215085,0.846909,0.486155,0.031559,0.023835,-0.016911,-0.270976,0.119761,0.477215,-1.40618,0.034746,0.029873,-0.03045,0.927513,0.323221,0.187743,-0.318413,0.420129,0.849766,0.195786,-0.84795,0.492593,0.02438,0.006366,-0.005123,-0.340558,0.060195,0.690031,-0.903121,0.086528,0.036708,-0.032827,0.826478,-0.183191,-0.532328,0.278125,0.954987,0.103169,0.489467,-0.23332,0.840227,-0.009016,-0.026337,-0.024144,-0.208453,-0.30692,-0.149388,0.317418
193,0.167232,-0.029568,0.343231,-0.791069,0.268816,-0.549539,-0.38557,-0.916482,0.106624,-0.474001,0.295892,0.829336,-0.017805,-0.045009,-0.042034,-2.6e-05,-0.011212,0.018729,0.365926,-0.183333,-0.047508,0.252712,-0.913721,-0.355871,0.196113,0.338835,-0.401394,0.850886,-0.222929,0.844353,0.487065,0.014381,0.035748,-0.022286,-0.219853,0.190408,0.298062,-1.406031,0.03522,0.030429,-0.030827,0.93378,0.319057,0.162039,-0.294242,0.426874,0.855102,0.203656,-0.846156,0.492486,0.007529,0.011732,-0.008041,-0.458735,0.187046,0.483063,-0.888588,0.086113,0.035845,-0.033757,0.824723,-0.182248,-0.535365,0.27869,0.954697,0.104322,0.4921,-0.235237,0.838152,-0.016269,-0.017103,-0.025191,0.044029,0.005587,0.014119,0.305008
194,0.16671,-0.030309,0.342357,-0.7899,0.265165,-0.552983,-0.38483,-0.91637,0.110193,-0.47654,0.299511,0.826577,-0.017784,-0.030458,-0.047553,-0.063159,-0.175991,-0.037172,0.357195,-0.18305,-0.046868,0.252282,-0.916714,-0.352911,0.1873,0.329596,-0.403485,0.853522,-0.224482,0.844596,0.48593,0.015047,0.023928,-0.015243,-0.275373,0.226667,0.272285,-1.405968,0.035367,0.030763,-0.03105,0.936488,0.315549,0.153026,-0.284494,0.428415,0.857626,0.205064,-0.846692,0.490978,0.007538,0.011969,-0.00763,-0.376084,0.250727,0.286978,-0.886139,0.085863,0.035482,-0.03418,0.823301,-0.179068,-0.538618,0.278044,0.954515,0.107666,0.49484,-0.238401,0.835642,-0.016151,-0.014438,-0.022843,-0.128506,-0.255709,-0.108639,0.294067
195,0.165573,-0.031399,0.340924,-0.795804,0.253221,-0.550109,-0.371508,-0.921491,0.113166,-0.477279,0.294108,0.82809,-0.03186,-0.018744,-0.036528,0.304794,0.000894,-0.528888,0.334486,-0.182949,-0.045669,0.251301,-0.921617,-0.3441,0.179465,0.31733,-0.402419,0.858658,-0.222076,0.84872,0.479812,-0.002461,0.030754,-0.029436,-0.332691,0.212189,0.512266,-1.40592,0.035419,0.031357,-0.031519,0.940533,0.306939,0.145549,-0.272811,0.427189,0.862022,0.202411,-0.850468,0.485522,-0.000852,0.009663,-0.010844,-0.329084,0.042378,0.963532,-0.889242,0.085294,0.034922,-0.03491,0.827335,-0.167916,-0.536021,0.265938,0.957638,0.110475,0.494764,-0.233949,0.836944,-0.015882,-0.009075,-0.017955,3.074793,-0.564637,-4.690289,0.267778
