frame,MLTx,MLTy,MLTz,MLTR1,MLTR2,MLTR3,MLTR4,MLTR5,MLTR6,MLTR7,MLTR8,MLTR9,MLTTVx,MLTTVy,MLTTVz,MLTRVx,MLTRVy,MLTRVz,MLGA,MRTx,MRTy,MRTz,MRTR1,MRTR2,MRTR3,MRTR4,MRTR5,MRTR6,MRTR7,MRTR8,MRTR9,MRTTVx,MRTTVy,MRTTVz,MRTRVx,MRTRVy,MRTRVz,MRGA,SLTx,SLTy,SLTz,SLTR1,SLTR2,SLTR3,SLTR4,SLTR5,SLTR6,SLTR7,SLTR8,SLTR9,SLTTVx,SLTTVy,SLTTVz,SLTRVx,SLTRVy,SLTRVz,SLGA,SRTx,SRTy,SRTz,SRTR1,SRTR2,SRTR3,SRTR4,SRTR5,SRTR6,SRTR7,SRTR8,SRTR9,SRTTVx,SRTTVy,SRTTVz,SRTRVx,SRTRVy,SRTRVz,SRGA
386,0.160461,-0.054487,0.312068,-0.236362,0.257157,-0.937043,-0.321164,-0.930795,-0.174488,-0.916777,0.259376,0.30376,0.00054,0.005458,0.006868,0.001064,-0.002656,0.031077,-1.831922,-0.134536,-0.025932,0.289341,-0.185097,-0.704952,0.68467,0.980838,-0.090131,0.172532,-0.059699,0.704358,0.707234,-0.034408,0.019341,-0.104385,-1.405701,-1.268476,2.147664,-1.40801,0.05861,0.03005,-0.02304,0.164858,0.81547,0.554824,-0.976401,0.055369,0.208744,0.139505,-0.576144,0.805354,-0.008807,0.004742,-0.048487,0.073758,0.165024,0.231547,-0.93382,0.0797,0.015484,-0.061461,0.284793,-0.278621,-0.917203,0.344343,0.922697,-0.17337,0.894606,-0.266458,0.358719,0.008179,0.002386,0.002939,0.003295,-0.032593,0.026688,-1.039853
387,0.160791,-0.054096,0.312208,-0.246498,0.254948,-0.935033,-0.32311,-0.931176,-0.168773,-0.913407,0.260193,0.313073,0.000555,0.005675,0.007121,-0.006229,0.098606,0.027691,-1.875112,-0.13568,-0.025342,0.285534,-0.205669,-0.698506,0.685405,0.976449,-0.100522,0.190726,-0.06408,0.709353,0.701837,-0.03354,0.011667,-0.092935,0.03065,0.201351,0.217621,-1.407766,0.058026,0.030348,-0.024988,0.189055,0.810164,0.55488,-0.970981,0.069948,0.228697,0.14647,-0.582014,0.799878,-0.016721,0.005944,-0.046292,0.096328,0.136963,0.184628,-0.938555,0.079865,0.015681,-0.061389,0.29484,-0.276497,-0.914668,0.345981,0.923161,-0.167539,0.89071,-0.267061,0.367848,0.008192,0.008421,-0.00059,0.014556,0.075579,0.060672,-1.043609
388,0.160992,-0.053836,0.312249,-0.251112,0.254277,-0.933986,-0.324052,-0.931263,-0.166468,-0.91181,0.260536,0.317413,0.016458,0.006099,0.007511,-0.000268,-0.006695,0.059138,-1.898108,-0.136382,-0.025095,0.283665,-0.215578,-0.693005,0.68794,0.974282,-0.106042,0.198653,-0.06446,0.713929,0.697146,-0.033752,0.01302,-0.091698,-0.003232,0.162281,0.433797,-1.407939,0.0577,0.030462,-0.025854,0.198544,0.806173,0.557373,-0.969025,0.076249,0.234895,0.146866,-0.586746,0.796341,-0.016808,0.006419,-0.045919,-0.099536,0.298271,0.521622,-0.940515,0.079959,0.015803,-0.06137,0.299594,-0.275947,-0.913288,0.346826,0.923268,-0.16519,0.888793,-0.267262,0.372311,0.008166,0.00823,-0.000841,0.0123,-0.030289,0.006715,-1.047691
389,0.161451,-0.053252,0.312229,-0.260245,0.256925,-0.930756,-0.331673,-0.929054,-0.163774,-0.906483,0.26576,0.328156,0.016251,0.015951,-0.002338,0.037252,0.039014,0.082082,-1.916433,-0.137997,-0.024798,0.280356,-0.232562,-0.683261,0.692142,0.970312,-0.11513,0.212541,-0.065255,0.721867,0.688849,-0.048124,0.001856,-0.082246,-0.204518,0.505667,0.372765,-1.408206,0.056886,0.030621,-0.027545,0.215588,0.799128,0.561174,-0.96534,0.087843,0.245767,0.147104,-0.594708,0.790368,-0.024705,0.006958,-0.044492,-0.162482,0.409798,0.620864,-0.94574,0.080189,0.0161,-0.061374,0.308448,-0.278694,-0.909499,0.354278,0.920989,-0.162065,0.882806,-0.272227,0.382812,0.000281,0.008787,-9.2e-05,0.046083,-0.085711,0.247726,-1.051447
390,0.162039,-0.052534,0.312123,-0.268607,0.256537,-0.928485,-0.339232,-0.927302,-0.158129,-0.901224,0.272172,0.337261,0.016151,0.027121,-0.010546,0.078959,-0.097973,0.292535,-1.915901,-0.140028,-0.024807,0.277272,-0.239016,-0.677157,0.695932,0.968465,-0.115027,0.220858,-0.069216,0.727611,0.682389,-0.064041,0.003061,-0.079233,0.071327,0.007285,0.257718,-1.407731,0.055894,0.030618,-0.029062,0.223913,0.792972,0.566619,-0.962686,0.089294,0.255463,0.151979,-0.602678,0.783377,-0.023636,-0.002968,-0.035272,0.031691,0.116005,0.115954,-0.946557,0.080477,0.016447,-0.061424,0.316802,-0.278146,-0.906791,0.36147,0.919291,-0.155696,0.876912,-0.278454,0.391775,0.000224,0.008286,-0.000731,0.038894,0.002506,0.066357,-1.051284
391,0.162707,-0.051728,0.311927,-0.275232,0.250303,-0.928246,-0.346087,-0.926554,-0.147286,-0.8966,0.280399,0.342799,0.016171,0.027898,-0.00962,0.072946,-0.051707,0.092304,-1.916802,-0.142214,-0.025255,0.274788,-0.244473,-0.67317,0.697901,0.967031,-0.117039,0.226022,-0.070175,0.73098,0.67868,-0.045304,-0.026338,-0.052815,0.007612,0.044668,0.004523,-1.407841,0.054776,0.030401,-0.030343,0.229862,0.789786,0.568683,-0.961165,0.092528,0.26,0.152725,-0.606362,0.780383,-0.030996,-0.007974,-0.029716,0.076234,0.018946,-0.023034,-0.944597,0.080817,0.016855,-0.061525,0.323107,-0.271898,-0.906461,0.367696,0.918652,-0.14449,0.872009,-0.286616,0.396799,0.00815,0.008651,-0.000376,0.043214,-0.047127,0.083176,-1.060755
392,0.163069,-0.051263,0.311788,-0.279855,0.24614,-0.927977,-0.352353,-0.925433,-0.139262,-0.892716,0.28769,0.34687,0.01614,0.027878,-0.009667,-0.234394,0.307165,-0.587743,-1.916475,-0.143414,-0.025664,0.273717,-0.242781,-0.672678,0.698966,0.967538,-0.116473,0.224139,-0.06907,0.731523,0.678208,-0.062401,-0.014359,-0.057768,0.070324,-0.003991,-0.009992,-1.408087,0.054183,0.030191,-0.030879,0.228059,0.789554,0.56973,-0.961799,0.091679,0.257948,0.151431,-0.606793,0.780301,-0.030512,-0.013113,-0.025303,0.039309,0.010702,-0.06072,-0.945904,0.080998,0.017088,-0.061594,0.327139,-0.26836,-0.906069,0.373442,0.917494,-0.136912,0.868055,-0.293575,0.400365,0.008097,0.013939,-0.004849,-0.944423,1.141006,-2.166296,-1.061244
393,0.16384,-0.050269,0.311457,-0.287926,0.242589,-0.926442,-0.358191,-0.924426,-0.130797,-0.887805,0.293876,0.354213,0.016017,0.027182,-0.010571,0.066726,0.043903,-0.083511,-1.916365,-0.146053,-0.026726,0.272014,-0.241236,-0.673857,0.698365,0.967784,-0.114264,0.224212,-0.070999,0.730786,0.678803,-0.060755,-0.030578,-0.033848,-0.000391,-0.001539,-0.023764,-1.407814,0.052892,0.029673,-0.031734,0.226416,0.790681,0.568822,-0.961885,0.089571,0.258366,0.153334,-0.60564,0.780824,-0.030341,-0.015286,-0.016865,-0.016162,0.126689,-0.217514,-0.947536,0.081384,0.017587,-0.061756,0.335754,-0.264545,-0.904037,0.378897,0.916613,-0.127505,0.862383,-0.299727,0.407991,0.015869,0.013297,-0.005754,0.075718,-0.068778,0.09555,-1.069082
394,0.164606,-0.049246,0.311061,-0.293531,0.238184,-0.925826,-0.367752,-0.922046,-0.120673,-0.882037,0.304752,0.359394,0.015913,0.026668,-0.011244,0.067483,0.041669,-0.082644,-1.916105,-0.14863,-0.027846,0.270927,-0.236184,-0.678391,0.695697,0.968936,-0.11105,0.220824,-0.072264,0.72708,0.682639,-0.061426,-0.025191,-0.026754,0.105816,-0.161593,-0.139721,-1.40766,0.051576,0.029099,-0.032292,0.221078,0.794148,0.566085,-0.962929,0.085751,0.255763,0.154571,-0.601643,0.783666,-0.038506,-0.01294,-0.012665,0.149218,-0.105981,-0.377516,-0.948679,0.081772,0.018109,-0.061958,0.341304,-0.260093,-0.903251,0.38777,0.914331,-0.11676,0.856239,-0.310403,0.41292,0.007958,0.013267,-0.005712,0.071895,0.03767,-0.075608,-1.081656
395,0.165011,-0.048718,0.31085,-0.297323,0.235211,-0.925376,-0.372154,-0.921054,-0.114596,-0.878912,0.310012,0.362537,0.031636,0.027098,-0.010959,0.068495,0.027133,-0.052942,-1.916843,-0.150021,-0.028397,0.270565,-0.233703,-0.680702,0.694276,0.969471,-0.109289,0.219351,-0.073155,0.725185,0.684557,-0.077408,-0.022323,-0.020594,-0.054689,-0.237284,0.077512,-1.407577,0.050887,0.028821,-0.032479,0.217744,0.796372,0.56425,-0.963608,0.083558,0.253923,0.15507,-0.599006,0.785584,-0.038106,-0.016801,-0.006296,-0.384651,-0.56991,0.297052,-0.949986,0.081963,0.018361,-0.062061,0.345068,-0.257203,-0.902648,0.391871,0.913366,-0.110451,0.852857,-0.315608,0.415963,0.007979,0.013671,-0.005228,0.071596,0.038356,-0.076075,-1.081329
396,0.165807,-0.047654,0.310403,-0.305236,0.229255,-0.924294,-0.379855,-0.919319,-0.102636,-0.872877,0.319479,0.368844,0.01583,0.026763,-0.011181,0.067524,0.042254,-0.082279,-1.917118,-0.152868,-0.02944,0.27012,-0.229186,-0.685511,0.691042,0.970386,-0.105879,0.216965,-0.075291,0.72115,0.688576,-0.076779,-0.028648,-0.006021,-0.32035,-0.626821,0.412892,-1.407423,0.049463,0.028304,-0.032703,0.212387,0.800081,0.561036,-0.964522,0.079512,0.251741,0.156804,-0.594598,0.788583,-0.03841,-0.01386,-0.002287,-1.102569,-1.858379,1.445333,-0.951455,0.082355,0.018885,-0.062279,0.352898,-0.251427,-0.901247,0.398942,0.911709,-0.098133,0.846349,-0.324915,0.422045,0.007951,0.013715,-0.005189,0.06439,0.135242,-0.253836,-1.087698
397,0.166612,-0.046765,0.310036,-0.310826,0.225668,-0.923313,-0.386887,-0.917306,-0.094015,-0.867797,0.32771,0.373581,0.01586,0.015154,-0.003566,0.026204,0.149462,-0.275638,-1.916461,-0.155778,-0.03028,0.270013,-0.228198,-0.68702,0.68987,0.970303,-0.102687,0.218864,-0.079249,0.720176,0.689151,-0.078288,-0.011221,-0.005469,0.001159,-0.018011,-0.004992,-1.407434,0.048009,0.027877,-0.032757,0.211674,0.801525,0.559241,-0.963907,0.076666,0.25496,0.161482,-0.593025,0.788824,-0.038605,-0.010989,0.001658,-0.045482,0.092172,-0.167112,-0.952435,0.082769,0.019345,-0.062469,0.358372,-0.24799,-0.900038,0.405422,0.909763,-0.08924,0.840952,-0.332914,0.426574,0.007841,0.012683,-0.006473,0.06776,0.056532,-0.106896,-1.093576
398,0.167557,-0.045994,0.309782,-0.318528,0.219827,-0.922096,-0.389459,-0.917174,-0.084177,-0.863837,0.332027,0.378908,0.031514,0.015899,-0.002971,0.027195,0.135393,-0.245757,-1.917095,-0.158695,-0.030845,0.270123,-0.228735,-0.689746,0.686966,0.969726,-0.100024,0.222622,-0.084564,0.717943,0.690848,-0.077435,-0.017594,0.009177,-0.046733,0.086542,-0.16433,-1.407511,0.046573,0.0276,-0.032707,0.211975,0.803791,0.555864,-0.962953,0.074771,0.259095,0.166696,-0.590192,0.789863,-0.039247,-0.00301,0.000896,-0.006883,0.081358,-0.150312,-0.953252,0.08323,0.019721,-0.062598,0.366082,-0.242237,-0.898501,0.407474,0.90977,-0.079256,0.836629,-0.337102,0.431756,0.015662,0.013061,-0.006168,0.071356,0.0389,-0.072091,-1.101087
399,0.168032,-0.045647,0.309721,-0.32322,0.216698,-0.921204,-0.393985,-0.915849,-0.07726,-0.86003,0.337693,0.382544,0.031543,0.01677,-0.001937,-0.060038,0.152461,-0.272629,-1.916947,-0.16001,-0.030965,0.270215,-0.230047,-0.691802,0.684456,0.969127,-0.099289,0.225539,-0.087793,0.716064,0.692393,-0.062815,-0.00333,0.003348,-0.008416,0.060407,-0.116611,-1.407408,0.045863,0.027533,-0.032655,0.212954,0.805492,0.553021,-0.962178,0.074469,0.262042,0.16989,-0.587908,0.790886,-0.031417,-0.001435,0.00206,-0.004118,0.067199,-0.121849,-0.953578,0.083467,0.019893,-0.06263,0.370222,-0.239598,-0.897512,0.411537,0.908483,-0.072769,0.83281,-0.342418,0.434944,0.015794,0.00827,-0.001131,-0.994645,1.286571,-2.307287,-1.103374
400,0.168982,-0.045036,0.309727,-0.3288,0.212041,-0.920312,-0.391965,-0.917195,-0.071343,-0.858831,0.337003,0.385833,0.031533,0.017632,-0.000953,0.032835,0.040468,-0.071057,-1.916872,-0.162571,-0.030987,0.270423,-0.232884,-0.695957,0.679265,0.967874,-0.098311,0.231274,-0.093897,0.712164,0.695607,-0.062806,4.6e-05,0.007946,-0.015154,0.029597,-0.079303,-1.407578,0.044624,0.027522,-0.032555,0.215346,0.808938,0.547031,-0.960576,0.074608,0.267816,0.175834,-0.583139,0.793114,-0.03141,0.000232,0.00433,-0.111443,-0.136242,0.068206,-0.951619,0.083943,0.020198,-0.062628,0.376432,-0.234495,-0.896275,0.409198,0.910037,-0.066233,0.831176,-0.341822,0.438523,0.015864,0.003481,0.003906,-0.001832,0.051563,-0.08885,-1.102557
401,0.169875,-0.044597,0.309898,-0.332256,0.210123,-0.91951,-0.396179,-0.915771,-0.066171,-0.855558,0.342038,0.388662,0.016117,0.007616,0.008902,-0.003852,0.067112,-0.119465,-1.916617,-0.164775,-0.030914,0.270749,-0.23774,-0.701464,0.671878,0.965898,-0.098176,0.23945,-0.101716,0.70676,0.700005,-0.04705,0.002935,0.009946,-1.101273,-1.856384,1.633225,-1.407755,0.043498,0.02756,-0.032388,0.218039,0.812444,0.540733,-0.958836,0.075055,0.273861,0.181912,-0.578187,0.795365,-0.03138,0.00104,0.005355,-0.001743,0.052028,-0.098576,-0.949496,0.084401,0.020428,-0.062546,0.379919,-0.232569,-0.895305,0.413042,0.908681,-0.06077,0.827681,-0.346711,0.441287,0.015756,0.009158,-0.000108,0.040912,-0.057255,0.106954,-1.101904
402,0.170738,-0.044301,0.310269,-0.337282,0.209605,-0.917797,-0.396348,-0.915881,-0.063571,-0.853505,0.34206,0.393131,0.031657,0.007623,0.008508,0.002821,-0.042376,0.084861,-1.916619,-0.166702,-0.030751,0.271235,-0.252909,-0.705218,0.662342,0.960492,-0.101274,0.259099,-0.115337,0.702575,0.702103,-0.046957,0.005242,0.013065,-0.189629,0.2387,0.331141,-1.407434,0.042535,0.027641,-0.032144,0.23263,0.817329,0.52712,-0.95249,0.081912,0.293345,0.196582,-0.570318,0.797553,-0.023489,0.002847,0.006894,-0.365565,0.549665,0.250147,-0.94574,0.084827,0.020577,-0.062359,0.385027,-0.232077,-0.893249,0.413017,0.908867,-0.058107,0.82533,-0.346554,0.44579,0.00805,0.004012,0.004657,-0.004715,0.05607,-0.123083,-1.10272
403,0.171088,-0.044159,0.310497,-0.33963,0.211248,-0.916554,-0.396605,-0.91573,-0.064154,-0.852453,0.341453,0.395933,0.01616,0.00913,0.010649,-0.001293,0.140935,-0.079027,-1.916965,-0.167547,-0.030634,0.271504,-0.258517,-0.706522,0.658778,0.958493,-0.103152,0.265678,-0.119439,0.70099,0.703001,-0.046907,0.005888,0.013892,-0.05609,0.024254,0.175977,-1.407593,0.042112,0.027701,-0.032009,0.239042,0.817517,0.52395,-0.949959,0.085148,0.300544,0.201087,-0.569574,0.796961,-0.015624,0.003603,0.007017,-0.049035,0.024676,0.210977,-0.947863,0.085008,0.020646,-0.062248,0.387215,-0.23391,-0.891824,0.413316,0.908682,-0.058878,0.824156,-0.345806,0.448534,0.015865,0.004642,0.005224,0.003792,0.013566,0.149874,-1.1037
404,0.171659,-0.043911,0.310945,-0.341945,0.21294,-0.915301,-0.397012,-0.915513,-0.064729,-0.851334,0.340982,0.398735,0.016238,-0.003283,0.017295,-0.0382,0.117287,-0.117373,-1.91679,-0.168902,-0.030162,0.272082,-0.270616,-0.702846,0.657849,0.954556,-0.107707,0.277771,-0.124045,0.703993,0.699193,-0.031094,0.010357,0.018294,-0.191731,0.303797,0.207412,-1.407599,0.041441,0.027925,-0.031728,0.25025,0.815173,0.522366,-0.946167,0.091512,0.310471,0.205285,-0.571941,0.794191,-0.007737,0.005419,0.008631,-0.371293,0.427911,0.506595,-0.944924,0.085293,0.020776,-0.062025,0.389484,-0.235689,-0.890366,0.413754,0.908443,-0.059481,0.822865,-0.345226,0.451342,0.008007,0.003728,0.004284,-0.00121,-0.004093,0.07034,-1.106802
405,0.172037,-0.043781,0.311318,-0.343393,0.215342,-0.914196,-0.39782,-0.915059,-0.066173,-0.850372,0.340689,0.401031,0.015864,0.005202,0.005852,0.002079,-0.02096,0.058972,-1.916773,-0.169873,-0.029659,0.272744,-0.281357,-0.695503,0.661139,0.95097,-0.110311,0.288827,-0.127606,0.710847,0.691575,-0.015373,0.011818,0.018455,-0.090135,0.038656,0.302005,-1.407927,0.040937,0.028186,-0.031389,0.262825,0.808191,0.527019,-0.941815,0.096273,0.322048,0.209539,-0.580997,0.786469,-0.015512,0.005503,0.009547,-0.079427,0.155213,0.116323,-0.945414,0.085483,0.020843,-0.061828,0.390901,-0.237969,-0.889138,0.414636,0.907959,-0.060716,0.82175,-0.344934,0.453592,0.000253,-0.00296,0.007236,-0.045285,0.089476,-0.201246,-1.105496
406,0.172159,-0.043744,0.311441,-0.34316,0.215555,-0.914233,-0.398022,-0.914956,-0.066385,-0.850372,0.340831,0.400911,0.000197,0.00322,0.003853,4e-06,0.000111,6.1e-05,-1.916369,-0.170211,-0.029415,0.273074,-0.288998,-0.689089,0.66455,0.9483,-0.111375,0.297079,-0.130346,0.7169,0.684782,-0.015366,0.011026,0.017271,-0.159685,0.25101,0.17469,-1.40742,0.040769,0.028311,-0.03122,0.271025,0.802999,0.530788,-0.938839,0.098826,0.32987,0.21243,-0.587728,0.780671,-0.007686,0.005993,0.00933,-0.142835,0.14525,0.389236,-0.94574,0.08555,0.020864,-0.061764,0.3905,-0.238045,-0.889293,0.414851,0.907852,-0.060846,0.821831,-0.345164,0.45327,0.0001,0.001703,0.002032,0.000419,-0.018261,0.022998,-1.10419
407,0.172247,-0.043697,0.311591,-0.34272,0.215939,-0.914307,-0.39832,-0.914795,-0.066806,-0.85041,0.341018,0.400671,-0.015437,0.001626,0.002327,-0.000984,0.014715,-0.029553,-1.916309,-0.170471,-0.02871,0.273717,-0.312996,-0.669858,0.673286,0.939549,-0.115174,0.322359,-0.138006,0.73431,0.664535,0.000311,0.014565,0.02039,-0.457944,0.688188,0.563712,-1.407588,0.040632,0.028664,-0.030896,0.295805,0.787532,0.54064,-0.929501,0.106779,0.353024,0.220289,-0.606952,0.763597,0.000144,0.007387,0.010346,-0.532121,0.76208,0.598271,-0.945414,0.0856,0.020886,-0.06169,0.390018,-0.238404,-0.889409,0.415164,0.907682,-0.061246,0.821902,-0.345364,0.452989,4.1e-05,0.000737,0.00088,0.000237,-5.4e-05,-0.000172,-1.102394
408,0.172188,-0.043678,0.311567,-0.342562,0.216064,-0.914338,-0.398308,-0.914786,-0.066999,-0.85048,0.340963,0.40057,-3.4e-05,-0.000558,-0.000667,0.0,0.0,0.0,-1.916402,-0.170437,-0.028287,0.274608,-0.336367,-0.648817,0.682557,0.930591,-0.118287,0.346327,-0.143551,0.752474,0.64268,0.001186,0.002916,0.027667,-0.388931,0.435447,0.598724,-1.407348,0.040649,0.028878,-0.030457,0.321213,0.76947,0.55203,-0.919675,0.114428,0.375637,0.225873,-0.628348,0.744418,0.008359,0.0019,0.0136,-0.51129,0.571327,0.728251,-0.944924,0.085564,0.020896,-0.061702,0.38988,-0.238506,-0.889442,0.415146,0.907679,-0.06142,0.821977,-0.345302,0.452901,-2.8e-05,-0.000446,-0.000531,0.000168,1.7e-05,-8.5e-05,-1.100598
409,0.172141,-0.043686,0.311542,-0.342558,0.216062,-0.91434,-0.398286,-0.914795,-0.067009,-0.850492,0.34094,0.400564,-6e-05,-0.000987,-0.00118,0.0,0.0,0.0,-1.916714,-0.170314,-0.028142,0.275134,-0.344458,-0.638014,0.688679,0.927669,-0.119129,0.353797,-0.143262,0.76152,0.632002,0.015868,0.016714,0.02144,-0.375703,0.51857,0.639556,-1.407486,0.040705,0.028942,-0.030195,0.329822,0.760778,0.558957,-0.916754,0.11678,0.382,0.225342,-0.638418,0.735963,0.000596,0.002545,0.015297,-0.351763,0.596785,0.710855,-0.946393,0.08554,0.02089,-0.061716,0.389877,-0.238502,-0.889444,0.415121,0.907689,-0.061431,0.821991,-0.345277,0.452895,-3.6e-05,-0.000583,-0.000695,0.00013,1.2e-05,-8e-05,-1.101087
410,0.172116,-0.043708,0.311516,-0.342434,0.216164,-0.914362,-0.39833,-0.914766,-0.067141,-0.850521,0.340953,0.40049,-1.8e-05,-0.000298,-0.000357,0.0,0.0,0.0,-1.91655,-0.169813,-0.027543,0.276206,-0.351613,-0.623962,0.697877,0.925898,-0.12226,0.357351,-0.137218,0.772579,0.619803,0.015869,0.020505,0.02643,-0.140388,0.083558,0.424209,-1.407239,0.040956,0.029238,-0.029664,0.339343,0.748066,0.5703,-0.914727,0.121041,0.385516,0.219361,-0.652492,0.72535,0.007922,0.010311,0.013291,-0.184038,0.06765,0.605682,-0.947536,0.085528,0.020877,-0.061732,0.389754,-0.238601,-0.889471,0.415168,0.907659,-0.061559,0.822025,-0.345287,0.452824,-1.1e-05,-0.000177,-0.000212,9.3e-05,-9e-06,-5e-05,-1.102067
411,0.172254,-0.043703,0.311471,-0.342112,0.216446,-0.914416,-0.398383,-0.914714,-0.067527,-0.850626,0.340912,0.400302,0.015245,0.009572,-0.01049,0.03669,-0.026342,0.048561,-1.916191,-0.169308,-0.026941,0.277394,-0.350709,-0.616468,0.704955,0.927425,-0.124674,0.352524,-0.128999,0.778184,0.614534,0.016692,0.009117,0.033943,-0.016642,-0.160254,0.248897,-1.407288,0.041208,0.029548,-0.029067,0.339708,0.741526,0.578564,-0.916504,0.122837,0.380697,0.211228,-0.659583,0.72134,0.000142,0.009832,0.013348,0.022232,-0.180408,0.237793,-0.957007,0.085591,0.020877,-0.061749,0.389464,-0.238852,-0.889531,0.415247,0.9076,-0.061896,0.822123,-0.345269,0.45266,-4.2e-05,-0.000659,-0.000791,6.6e-05,5e-06,-2.8e-05,-1.10223
412,0.172666,-0.043707,0.311261,-0.343553,0.215301,-0.914145,-0.398512,-0.914789,-0.065743,-0.849984,0.341438,0.401218,0.015338,-0.00339,-0.004451,0.000984,-0.014715,0.029553,-1.916142,-0.169012,-0.026733,0.278745,-0.349995,-0.613876,0.707568,0.928113,-0.125406,0.350448,-0.125968,0.780112,0.612715,0.017545,-0.002467,0.041219,0.648498,1.838632,-1.831203,-1.406935,0.041362,0.029655,-0.028379,0.339716,0.739924,0.580607,-0.917044,0.123501,0.379178,0.208857,-0.661255,0.720499,0.008738,-0.001236,0.02062,0.645017,1.834004,-1.835531,-0.959457,0.085797,0.020882,-0.061854,0.390906,-0.237721,-0.889202,0.415258,0.907715,-0.060117,0.821433,-0.345748,0.453547,0.007536,0.003318,-0.007011,0.036779,-0.013405,0.024915,-1.101904
413,0.172985,-0.043717,0.311062,-0.345266,0.21392,-0.913824,-0.398558,-0.914917,-0.063649,-0.849266,0.341964,0.402288,0.030513,0.004942,-0.016457,0.03685,-0.027161,0.052877,-1.916208,-0.168902,-0.026638,0.279486,-0.351187,-0.614422,0.706502,0.927511,-0.125618,0.351963,-0.127072,0.779648,0.613078,0.001199,0.009476,0.035728,-0.030962,-0.036385,0.054214,-1.407067,0.041417,0.029697,-0.028024,0.340301,0.740053,0.580099,-0.91667,0.123612,0.380045,0.209546,-0.66109,0.72045,0.001031,-0.000913,0.021817,-0.069997,-0.028012,0.035149,-0.959947,0.085951,0.020876,-0.061946,0.392644,-0.236337,-0.888805,0.415203,0.907878,-0.057986,0.820632,-0.346267,0.454601,0.007612,-0.002772,-0.003531,0.001684,-0.002492,0.007072,-1.101904
414,0.174057,-0.043749,0.310426,-0.349109,0.211901,-0.912834,-0.404061,-0.912911,-0.057446,-0.845082,0.348517,0.405463,0.030303,0.000797,-0.021512,0.036021,-0.0132,0.02767,-1.91206,-0.168819,-0.026628,0.281082,-0.342606,-0.617028,0.708442,0.931082,-0.122913,0.343386,-0.124381,0.778022,0.615691,0.002075,-0.003219,0.041513,0.156594,-0.319379,-0.208781,-1.406923,0.041458,0.029711,-0.027222,0.332613,0.741584,0.582598,-0.920029,0.119462,0.373193,0.207156,-0.660137,0.722013,0.001018,-0.001125,0.0214,0.335432,-0.519434,-0.281354,-0.957007,0.086487,0.020864,-0.06226,0.396456,-0.234357,-0.887636,0.420341,0.905906,-0.051438,0.816171,-0.352717,0.457662,0.015175,0.000676,-0.010434,0.040035,-0.030263,0.058473,-1.10517
415,0.17562,-0.043654,0.309389,-0.353528,0.20845,-0.911927,-0.403656,-0.913396,-0.052358,-0.843432,0.34933,0.408189,0.045534,0.009368,-0.033424,-0.022979,0.073602,-0.123386,-1.911271,-0.168673,-0.027034,0.28287,-0.331566,-0.623554,0.707981,0.935464,-0.120477,0.332154,-0.121413,0.773189,0.622336,0.002946,-0.016552,0.046521,0.116666,-0.28039,-0.230949,-1.406976,0.041525,0.029518,-0.026342,0.320761,0.747646,0.581495,-0.924961,0.115122,0.362206,0.203859,-0.654042,0.72847,0.001445,-0.008344,0.023175,0.353677,-0.306443,-0.517671,-0.957824,0.087245,0.020906,-0.062767,0.400298,-0.231406,-0.886685,0.419666,0.906455,-0.047105,0.814641,-0.353256,0.459965,0.022787,0.004464,-0.017008,-0.98772,1.21423,-2.142334,-1.108272
416,0.176534,-0.043534,0.308805,-0.356579,0.206056,-0.911283,-0.403383,-0.913712,-0.048823,-0.842274,0.349925,0.410066,0.061144,0.009888,-0.033364,0.07196,-0.064708,0.125825,-1.912867,-0.168617,-0.027384,0.28374,-0.330629,-0.627073,0.705305,0.936404,-0.125365,0.327667,-0.116645,0.769558,0.627724,0.002931,-0.017516,0.045178,0.132066,-0.325578,-0.235958,-1.406969,0.041559,0.029341,-0.025892,0.319243,0.750846,0.578198,-0.926526,0.119123,0.356874,0.19908,-0.649645,0.733707,0.001436,-0.008704,0.022661,0.230224,-0.453137,-0.279042,-0.961906,0.087714,0.020962,-0.063072,0.40402,-0.228502,-0.88575,0.41918,0.906895,-0.042755,0.813053,-0.354015,0.462187,0.022785,0.004548,-0.016947,0.068755,-0.03391,0.066918,-1.108762
417,0.178687,-0.0431,0.30748,-0.36775,0.197172,-0.908806,-0.402138,-0.914863,-0.035818,-0.838044,0.352043,0.416864,0.04563,0.010303,-0.032596,-0.997064,1.317446,-2.31323,-1.912243,-0.168497,-0.028357,0.285631,-0.329214,-0.631,0.702459,0.939426,-0.144359,0.310762,-0.094282,0.762993,0.639387,0.003812,-0.03062,0.050607,0.319196,-0.624966,-0.467726,-1.406801,0.041619,0.02886,-0.024948,0.318368,0.753324,0.575451,-0.931255,0.135059,0.338411,0.177213,-0.643631,0.744535,0.00142,-0.009738,0.021248,0.024567,-0.214506,-0.164701,-0.964519,0.088796,0.021177,-0.063736,0.41293,-0.221532,-0.883409,0.41735,0.908158,-0.032657,0.80951,-0.355206,0.467462,0.030627,0.005445,-0.016229,0.073645,0.023908,-0.033244,-1.107782
418,0.180993,-0.042473,0.306149,-0.384434,0.183802,-0.904695,-0.399087,-0.916745,-0.016723,-0.831976,0.354389,0.426909,0.045762,0.013608,-0.028759,0.053285,0.152511,-0.262697,-1.914113,-0.168363,-0.029749,0.287637,-0.329421,-0.63174,0.701697,0.941722,-0.167059,0.291864,-0.066755,0.757728,0.649041,0.003789,-0.032177,0.048504,0.20347,-0.412265,-0.295582,-1.406549,0.041687,0.028151,-0.023928,0.317118,0.755104,0.573805,-0.936543,0.154022,0.314902,0.149405,-0.637255,0.756031,0.001859,-0.016198,0.024114,0.212442,-0.432889,-0.30068,-0.969744,0.089965,0.021491,-0.06442,0.431765,-0.206543,-0.878019,0.41313,0.910604,-0.011052,0.801811,-0.357965,0.478497,0.022904,0.006916,-0.014277,0.061202,0.143553,-0.247893,-1.101251
419,0.18315,-0.041782,0.30499,-0.403938,0.171191,-0.898651,-0.403689,-0.914853,0.00712,-0.820418,0.365434,0.439772,0.045811,0.015911,-0.026102,-1.433941,0.253227,0.31207,-1.913717,-0.16816,-0.031617,0.2899,-0.337575,-0.630446,0.69898,0.940865,-0.205468,0.269237,-0.02571,0.749312,0.661614,0.005597,-0.055544,0.063314,0.553304,-0.424827,-0.131434,-1.40657,0.041785,0.027254,-0.022842,0.325164,0.75336,0.571591,-0.939232,0.186946,0.28791,0.110044,-0.630475,0.768368,0.002752,-0.027673,0.031711,3.810709,1.265403,3.403135,-0.966805,0.09101,0.021824,-0.064979,0.451606,-0.192133,-0.871284,0.411296,0.91142,0.0122,0.791762,-0.363865,0.490626,0.030716,0.008397,-0.012851,0.060152,0.223131,-0.381471,-1.10174
420,0.184035,-0.041472,0.304561,-0.409849,0.166468,-0.89686,-0.40013,-0.916355,0.012706,-0.819223,0.363856,0.443295,0.045846,0.017894,-0.023727,0.05593,0.242165,-0.416639,-1.914048,-0.168077,-0.032558,0.290998,-0.342668,-0.630456,0.696488,0.939363,-0.224833,0.258808,-0.006156,0.743718,0.668362,0.00559,-0.055982,0.062735,0.293642,-0.488816,-0.371108,-1.406769,0.04183,0.026746,-0.022248,0.33027,0.753682,0.568229,-0.93968,0.20577,0.27324,0.089011,-0.624197,0.776179,0.002753,-0.028019,0.031339,0.331421,-0.537459,-0.388727,-0.968764,0.091469,0.021983,-0.065206,0.456551,-0.189755,-0.869226,0.412733,0.910674,0.01798,0.78817,-0.366967,0.494087,0.022952,0.009347,-0.011401,0.063158,0.129396,-0.217858,-1.098964
421,0.185624,-0.040991,0.303932,-0.416594,0.164424,-0.894125,-0.404787,-0.914167,0.020431,-0.813509,0.370232,0.448508,0.030676,0.008727,-0.012525,0.025015,0.170644,-0.2921,-1.912235,-0.167952,-0.034666,0.293347,-0.373294,-0.622019,0.688285,0.926577,-0.285557,0.244635,0.044832,0.729839,0.682047,0.005575,-0.056899,0.061535,0.412819,-0.253729,0.01042,-1.406114,0.041893,0.025692,-0.021073,0.360533,0.746347,0.559447,-0.931975,0.263868,0.248584,0.03791,-0.611014,0.79071,0.002744,-0.028586,0.030604,0.403855,-0.244711,0.015636,-0.977582,0.09227,0.022229,-0.065523,0.463218,-0.187714,-0.866136,0.416889,0.908584,0.026042,0.782069,-0.373145,0.499128,0.023142,0.005024,-0.005815,0.026617,0.142635,-0.238604,-1.100434
422,0.186795,-0.040822,0.303693,-0.418183,0.163148,-0.893617,-0.401841,-0.915457,0.020854,-0.814151,0.367604,0.449502,0.031102,-7.5e-05,-0.001489,0.321245,-0.425143,0.713441,-1.912173,-0.167884,-0.037165,0.295844,-0.392029,-0.621152,0.678584,0.916351,-0.328267,0.229076,0.080943,0.712395,0.696998,0.005543,-0.058939,0.058934,0.419841,-0.696027,-0.482881,-1.406316,0.041927,0.024444,-0.019823,0.379799,0.743856,0.549936,-0.925067,0.30427,0.22731,0.001757,-0.59506,0.803679,0.002724,-0.029591,0.029314,0.370897,-0.650508,-0.463433,-0.979705,0.092855,0.022317,-0.065647,0.465654,-0.185777,-0.865247,0.413736,0.909987,0.027279,0.782296,-0.370687,0.500602,0.015381,0.005459,-0.004962,1.097898,-1.259764,2.084673,-1.097985
423,0.187215,-0.040848,0.303674,-0.419408,0.16221,-0.893213,-0.401353,-0.915641,0.022113,-0.81376,0.367561,0.450244,0.01555,-0.000145,-0.000886,0.000984,-0.014715,0.029553,-1.911768,-0.167846,-0.038483,0.297088,-0.400307,-0.621719,0.67321,0.911297,-0.346856,0.221723,0.096145,0.703023,0.704541,0.00643,-0.071579,0.065188,0.196281,-0.534653,-0.490877,-1.406139,0.041946,0.023786,-0.019199,0.387207,0.744844,0.543394,-0.921885,0.321746,0.215884,-0.014035,-0.584539,0.811243,0.003165,-0.035903,0.032455,0.236452,-0.588189,-0.511714,-0.980195,0.093071,0.022305,-0.065656,0.466223,-0.185349,-0.865031,0.413248,0.910196,0.0277,0.782215,-0.370387,0.50095,0.007779,-3.9e-05,-0.00042,0.00042,-0.013949,0.028238,-1.095209
424,0.187815,-0.040963,0.303767,-0.419465,0.162247,-0.89318,-0.401701,-0.915484,0.022293,-0.813559,0.367936,0.450302,0.015561,0.000403,-0.000224,0.000984,-0.014715,0.029553,-1.910135,-0.167752,-0.04114,0.299498,-0.416848,-0.626454,0.658623,0.900171,-0.384754,0.203938,0.126158,0.678663,0.723439,0.005508,-0.060899,0.056458,3.987706,0.263885,3.579055,-1.406135,0.041991,0.022478,-0.018019,0.399369,0.749455,0.528035,-0.915892,0.351644,0.193618,-0.040572,-0.560948,0.826855,-0.004623,-0.036657,0.032315,0.37225,-0.858384,-0.714044,-0.981828,0.093377,0.022248,-0.065608,0.466271,-0.185393,-0.864997,0.413588,0.910036,0.027896,0.782007,-0.37076,0.501,0.007782,0.000234,-8.5e-05,0.001068,-0.014699,0.029481,-1.098801
425,0.18818,-0.04103,0.303815,-0.418238,0.163297,-0.893564,-0.402466,-0.915177,0.021071,-0.813814,0.368233,0.449597,0.01556,0.00025,-0.00042,0.000984,-0.014715,0.029553,-1.910242,-0.167683,-0.043543,0.301629,-0.409817,-0.644139,0.645853,0.901994,-0.391309,0.182254,0.13583,0.658049,0.74053,0.005481,-0.062463,0.054486,0.534878,0.075824,-0.919571,-1.406433,0.042025,0.021278,-0.016952,0.394178,0.763554,0.511476,-0.917414,0.35994,0.169687,-0.054536,-0.536122,0.842376,0.002251,-0.025592,0.023257,1.570079,1.148626,-1.908001,-0.98591,0.093554,0.022216,-0.065583,0.465069,-0.186416,-0.865424,0.414403,0.9097,0.026743,0.782291,-0.371072,0.500325,-0.0,-1.5e-05,-2.5e-05,7.6e-05,-1e-06,-3.6e-05,-1.099781
426,0.188283,-0.041007,0.303773,-0.417947,0.163549,-0.893654,-0.402517,-0.915163,0.020705,-0.813939,0.368156,0.449435,-2e-06,-0.000188,-0.000232,0.0,0.0,0.0,-1.908985,-0.167729,-0.045396,0.30338,-0.403253,-0.657034,0.636934,0.902989,-0.398254,0.161055,0.148333,0.640909,0.753058,-0.011952,-0.040644,0.03921,0.093937,-0.305259,-0.321758,-1.406572,0.042009,0.020341,-0.016074,0.385466,0.774542,0.501497,-0.920204,0.362802,0.146963,-0.068116,-0.518129,0.852584,0.001804,-0.019701,0.019579,0.118777,-0.384629,-0.296044,-0.981174,0.093611,0.022228,-0.065604,0.464763,-0.18668,-0.865532,0.414482,0.909675,0.026362,0.782432,-0.370999,0.500159,-0.00021,0.005323,-0.004412,0.035809,-0.010885,0.019327,-1.095699
427,0.188283,-0.041012,0.303766,-0.417626,0.16381,-0.893756,-0.402661,-0.915107,0.020369,-0.814033,0.368178,0.449247,-5e-06,-0.000421,-0.000519,0.0,0.0,0.0,-1.909598,-0.16776,-0.046075,0.304066,-0.398426,-0.662267,0.634548,0.90491,-0.396448,0.154598,0.149663,0.636631,0.756416,0.002766,-0.02853,0.030643,-0.006708,-0.135201,-0.121507,-1.406348,0.041988,0.019996,-0.015729,0.379789,0.779428,0.498247,-0.922454,0.359586,0.140626,-0.069555,-0.513019,0.855553,-0.006464,-0.014922,0.01531,-0.067133,-0.049321,-0.15843,-0.986073,0.093611,0.022225,-0.065606,0.464445,-0.186938,-0.865647,0.414642,0.909611,0.026036,0.782535,-0.371026,0.499977,-3e-06,-0.000269,-0.000334,5.2e-05,-8e-06,-1.2e-05,-1.096352
428,0.188249,-0.041015,0.30378,-0.41689,0.164404,-0.893991,-0.403011,-0.91497,0.019613,-0.814238,0.368255,0.448812,1e-06,4.3e-05,5.3e-05,0.0,0.0,0.0,-1.909849,-0.16787,-0.047039,0.305052,-0.398931,-0.663884,0.632538,0.904392,-0.398512,0.152305,0.151445,0.633649,0.758562,0.001836,-0.019332,0.020033,-0.070382,0.016761,-0.038108,-1.40632,0.041933,0.019512,-0.015229,0.380203,0.780325,0.496524,-0.922167,0.361075,0.138674,-0.071072,-0.510603,0.856873,-0.006921,-0.009916,0.010516,-0.088448,0.041682,-0.027258,-0.988196,0.093594,0.022223,-0.0656,0.463714,-0.187525,-0.865911,0.415031,0.909455,0.025303,0.782763,-0.371113,0.499555,-1e-06,2.9e-05,3.4e-05,3.8e-05,-1.5e-05,-1.8e-05,-1.097005
429,0.188272,-0.041001,0.30378,-0.415205,0.162269,-0.895164,-0.402614,-0.915118,0.0208,-0.815296,0.368835,0.446409,0.0,1e-06,2e-06,-0.000391,-0.005429,-0.00308,-1.9114,-0.167969,-0.047491,0.30553,-0.403576,-0.66218,0.631376,0.90228,-0.402209,0.155088,0.151739,0.633094,0.758967,9e-06,0.000631,0.000793,-2.7e-05,-3.7e-05,3e-05,-1.406448,0.041884,0.01928,-0.014982,0.38508,0.778562,0.495534,-0.920127,0.365356,0.140999,-0.07127,-0.51025,0.857067,-8e-06,0.000235,0.000298,0.00408,0.004656,0.000287,-0.989665,0.093606,0.022231,-0.0656,0.462007,-0.185218,-0.867319,0.414559,0.909634,0.026574,0.784021,-0.371833,0.497041,-0.0,-4e-06,-6e-06,0.005826,0.015852,0.006404,-1.097658
430,0.188318,-0.041,0.303779,-0.415133,0.162334,-0.895186,-0.402648,-0.915105,0.020719,-0.815315,0.368839,0.44637,0.0,0.0,0.0,-6e-06,-7.9e-05,-4.5e-05,-1.910407,-0.16801,-0.047561,0.305597,-0.407055,-0.663351,0.627904,0.901458,-0.402303,0.159562,0.147257,0.631806,0.76092,-0.015648,-0.000672,0.000774,-0.005424,0.010751,-0.025523,-1.406374,0.041869,0.019245,-0.014949,0.388392,0.779358,0.491683,-0.919071,0.366287,0.145401,-0.066778,-0.508364,0.858548,0.000442,-0.005434,0.004256,-0.04103,0.001743,-0.008511,-0.990319,0.093629,0.022231,-0.065601,0.462042,-0.185419,-0.867258,0.414592,0.909624,0.026402,0.783984,-0.371757,0.497158,0.00778,0.000142,-0.000191,0.001888,-0.011132,0.031228,-1.098638
431,0.188516,-0.040991,0.303748,-0.414723,0.162695,-0.89531,-0.402799,-0.91505,0.020242,-0.81545,0.368817,0.446142,0.015559,0.000199,-0.000491,0.000984,-0.014715,0.029553,-1.910435,-0.168088,-0.047486,0.305515,-0.416456,-0.661774,0.623386,0.898616,-0.403437,0.172228,0.138028,0.632735,0.761878,-1.7e-05,-0.001191,-0.001497,-0.167366,0.231052,0.12552,-1.406573,0.041824,0.019283,-0.014988,0.397297,0.778184,0.486399,-0.91588,0.3695,0.156945,-0.057592,-0.507837,0.859525,-0.000453,0.005293,-0.004426,-0.2453,0.216538,0.428899,-0.9864,0.093728,0.022235,-0.065617,0.461653,-0.185804,-0.867382,0.414771,0.909556,0.025918,0.784117,-0.37173,0.496966,0.007781,0.000104,-0.000244,0.000907,-0.014655,0.02965,-1.098311
432,0.188912,-0.040973,0.303718,-0.413992,0.163344,-0.895531,-0.403101,-0.914935,0.019406,-0.815673,0.368815,0.445737,0.015559,0.000265,-0.000418,0.000984,-0.014715,0.029553,-1.910046,-0.168261,-0.047273,0.305301,-0.425685,-0.657627,0.621539,0.895346,-0.4052,0.184671,0.130922,0.635924,0.760476,-0.015646,-0.000761,0.000657,-0.107638,0.173247,0.065113,-1.406357,0.041743,0.019382,-0.015098,0.406997,0.773847,0.485296,-0.91205,0.373465,0.169374,-0.050172,-0.511549,0.857787,-0.000448,0.005359,-0.004344,-0.102918,0.133231,0.327043,-0.986563,0.09392,0.022244,-0.065631,0.460944,-0.186434,-0.867624,0.415112,0.909423,0.025121,0.784354,-0.371741,0.496584,-1e-06,-1.7e-05,-2.7e-05,-6.9e-05,1e-06,3e-05,-1.098475
433,0.189203,-0.040967,0.303678,-0.413568,0.163731,-0.895656,-0.403262,-0.914874,0.018902,-0.815809,0.368793,0.445505,0.015554,-0.000329,-0.001157,0.000984,-0.014715,0.029553,-1.909407,-0.168378,-0.047135,0.305202,-0.430284,-0.654263,0.621922,0.893531,-0.40628,0.190978,0.12825,0.638697,0.758605,-0.016534,0.010413,-0.007467,-0.099532,0.128362,0.293941,-1.4063,0.041685,0.01945,-0.015147,0.411667,0.770965,0.485944,-0.910096,0.375576,0.175123,-0.047496,-0.514348,0.856264,6e-06,0.000245,0.000311,-0.194514,0.29076,0.163851,-0.990155,0.094071,0.022248,-0.065651,0.460502,-0.186834,-0.867772,0.415311,0.909346,0.024609,0.784508,-0.371728,0.49635,0.007776,-0.000185,-0.000613,0.000936,-0.014724,0.029585,-1.098801
434,0.189925,-0.040966,0.30356,-0.412442,0.164746,-0.895989,-0.403691,-0.914712,0.017579,-0.816168,0.368742,0.444889,0.015552,-0.001025,-0.002033,0.000984,-0.014715,0.029553,-1.910707,-0.16872,-0.04685,0.304944,-0.44406,-0.64669,0.620156,0.888122,-0.408868,0.209759,0.118455,0.644726,0.755089,-2e-06,-9.7e-05,-0.000122,-0.196006,0.290335,0.174082,-1.40662,0.041507,0.019597,-0.015279,0.425944,0.764151,0.4844,-0.903973,0.381614,0.19288,-0.037464,-0.520041,0.853319,-0.008265,0.004997,-0.004,-0.220856,0.308006,0.381561,-0.990155,0.094426,0.022249,-0.065708,0.4594,-0.187825,-0.868143,0.415802,0.909155,0.023334,0.784894,-0.371695,0.495764,0.007556,0.004773,-0.005479,0.036722,-0.025489,0.048978,-1.096842
435,0.19075,-0.040962,0.303374,-0.411316,0.165778,-0.896316,-0.404037,-0.914584,0.016195,-0.816566,0.368595,0.444281,0.031115,-0.002101,-0.004169,0.001093,-0.015152,0.034087,-1.910618,-0.169145,-0.046547,0.304719,-0.460315,-0.641489,0.613673,0.881307,-0.412935,0.229601,0.106684,0.647322,0.754623,-0.016505,0.011033,-0.006704,-0.067064,0.076252,0.263479,-1.407024,0.041301,0.019743,-0.015391,0.442432,0.75858,0.478341,-0.896438,0.38927,0.211816,-0.025525,-0.522518,0.852246,1.3e-05,0.000554,0.000704,-0.102051,0.082188,0.309248,-0.988522,0.094833,0.022253,-0.065799,0.458279,-0.188845,-0.868514,0.416223,0.908996,0.021977,0.785326,-0.371568,0.495176,0.007779,-0.000864,-0.001477,0.000983,-0.014729,0.029585,-1.092433
436,0.191563,-0.040941,0.303143,-0.410205,0.166797,-0.896636,-0.40429,-0.914496,0.014781,-0.817,0.368351,0.443683,0.031127,-0.002416,-0.0046,0.00109,-0.015144,0.034092,-1.911255,-0.169572,-0.046165,0.304509,-0.476814,-0.638106,0.604533,0.873821,-0.418163,0.248014,0.095119,0.647305,0.756183,-0.016486,0.01134,-0.006329,-0.026841,-0.083681,0.241119,-1.406692,0.041088,0.019935,-0.015495,0.458882,0.754577,0.469084,-0.888387,0.397981,0.228864,-0.013991,-0.52175,0.852983,-0.008236,0.005833,-0.002951,-0.081332,-0.239817,0.343091,-0.988686,0.095239,0.022263,-0.065914,0.457174,-0.189854,-0.868877,0.416553,0.908878,0.020582,0.785796,-0.371343,0.494599,0.007785,-0.001063,-0.00173,0.000992,-0.014705,0.029573,-1.089984
437,0.191934,-0.04093,0.303022,-0.409706,0.167257,-0.896779,-0.404378,-0.914468,0.014131,-0.817208,0.368214,0.443416,0.0151,0.008584,-0.01218,0.036745,-0.025375,0.049019,-1.911536,-0.169808,-0.045944,0.304427,-0.484315,-0.635156,0.601671,0.870191,-0.420373,0.256884,0.09036,0.648772,0.755509,-0.015569,0.00195,0.004026,-0.067044,0.096144,0.053895,-1.406781,0.040969,0.020047,-0.015542,0.466513,0.75172,0.466135,-0.884467,0.40189,0.237069,-0.009126,-0.522876,0.852359,-0.000419,0.006341,-0.003105,0.007005,-0.018161,0.246094,-0.989339,0.095437,0.022266,-0.065979,0.456656,-0.190328,-0.869045,0.416688,0.90883,0.019915,0.786024,-0.371215,0.494331,0.007553,0.004254,-0.006148,0.036756,-0.025392,0.049029,-1.088351
438,0.192654,-0.040943,0.302753,-0.410936,0.16644,-0.896367,-0.404484,-0.914397,0.015586,-0.816537,0.368759,0.444199,0.015576,-0.00312,-0.004701,0.000984,-0.014715,0.029553,-1.910531,-0.170311,-0.045549,0.304357,-0.498691,-0.629259,0.596097,0.862973,-0.424183,0.27437,0.080818,0.652026,0.753786,-0.015533,0.003017,0.005348,-0.330985,0.469488,0.279981,-1.406508,0.040718,0.020239,-0.015576,0.4798,0.747492,0.459398,-0.877378,0.408674,0.251383,0.000163,-0.523679,0.851915,-0.007767,0.001488,0.002653,0.023741,-0.082703,0.181854,-0.979541,0.095791,0.022261,-0.066111,0.457895,-0.189503,-0.868573,0.416701,0.908791,0.0214,0.785296,-0.371735,0.495097,0.015578,-0.001686,-0.002934,0.001335,-0.015408,0.034574,-1.085575
439,0.193267,-0.04096,0.302399,-0.416811,0.161997,-0.894467,-0.404181,-0.914382,0.02268,-0.813698,0.370773,0.447716,0.015593,-0.005069,-0.007148,7.8e-05,-0.000379,0.00451,-1.909302,-0.170754,-0.045186,0.304491,-0.512675,-0.626278,0.587309,0.855198,-0.432471,0.28555,0.075792,0.64944,0.756536,-0.01545,0.006074,0.009149,-0.016393,-0.004986,0.014596,-1.406796,0.040497,0.020422,-0.015515,0.494813,0.742397,0.451671,-0.868982,0.419522,0.26243,0.005341,-0.522348,0.852715,7.4e-05,0.003444,0.004312,0.000531,-0.173366,0.238972,-0.97105,0.096097,0.022256,-0.066284,0.46375,-0.185085,-0.866417,0.416008,0.908914,0.028504,0.782223,-0.373655,0.498505,0.007802,-0.002419,-0.00344,0.003186,-0.00397,0.010231,-1.085411
440,0.193532,-0.040953,0.302194,-0.42304,0.157215,-0.892393,-0.403774,-0.914342,0.030269,-0.810674,0.37293,0.451395,0.015115,0.006076,-0.015355,0.035631,-0.010685,0.023585,-1.908976,-0.170952,-0.045024,0.304647,-0.514816,-0.626778,0.584898,0.8541,-0.433166,0.287776,0.07362,0.648494,0.757561,-0.015426,0.006678,0.009884,-0.003291,-0.003173,-3.9e-05,-1.406516,0.040392,0.020507,-0.015432,0.496726,0.742774,0.448941,-0.867875,0.420672,0.264248,0.007419,-0.520884,0.853594,-0.007714,0.003456,0.005095,0.0041,-0.001824,-0.007425,-0.968274,0.09623,0.022254,-0.066385,0.469979,-0.18031,-0.864064,0.415188,0.909017,0.036137,0.778934,-0.375733,0.502081,0.007805,-0.002326,-0.003333,0.006028,-0.020535,0.038682,-1.086065
