frame,MLTx,MLTy,MLTz,MLTR1,MLTR2,MLTR3,MLTR4,MLTR5,MLTR6,MLTR7,MLTR8,MLTR9,MLTTVx,MLTTVy,MLTTVz,MLTRVx,MLTRVy,MLTRVz,MLGA,MRTx,MRTy,MRTz,MRTR1,MRTR2,MRTR3,MRTR4,MRTR5,MRTR6,MRTR7,MRTR8,MRTR9,MRTTVx,MRTTVy,MRTTVz,MRTRVx,MRTRVy,MRTRVz,MRGA,SLTx,SLTy,SLTz,SLTR1,SLTR2,SLTR3,SLTR4,SLTR5,SLTR6,SLTR7,SLTR8,SLTR9,SLTTVx,SLTTVy,SLTTVz,SLTRVx,SLTRVy,SLTRVz,SLGA,SRTx,SRTy,SRTz,SRTR1,SRTR2,SRTR3,SRTR4,SRTR5,SRTR6,SRTR7,SRTR8,SRTR9,SRTTVx,SRTTVy,SRTTVz,SRTRVx,SRTRVy,SRTRVz,SRGA
43,0.14515,-0.073513,0.287468,-0.694589,0.424129,-0.581124,-0.575653,-0.812111,0.095246,-0.430683,0.400151,0.808962,0.016131,0.005367,-0.016764,0.06335,0.043994,0.051506,-1.901754,-0.165027,-0.070604,0.280509,-0.632857,-0.087997,0.769246,0.617662,-0.656313,0.43322,0.46752,0.7494,0.468708,-0.017632,0.010136,-0.007497,0.050833,-0.074648,0.146781,-1.400598,0.044707,0.01935,-0.015005,0.676324,0.049894,0.734912,-0.574426,0.660277,0.483805,-0.461107,-0.749362,0.475221,-0.00928,0.010457,-0.008014,0.080751,0.027778,-0.035109,-1.014159,0.075991,0.012988,-0.060001,0.731274,-0.386205,-0.562212,0.504602,0.860905,0.064951,0.458927,-0.33119,0.824438,0.008135,0.008191,-0.012479,0.055598,0.072894,-0.125396,-0.774669
44,0.145779,-0.072963,0.28668,-0.693478,0.424206,-0.582395,-0.574425,-0.81342,0.091417,-0.434095,0.397405,0.808491,0.016553,0.01841,-0.021727,0.052473,-0.081622,0.045697,-1.91536,-0.165855,-0.069873,0.279955,-0.621805,-0.086224,0.778406,0.621144,-0.659509,0.423275,0.477631,0.746793,0.462636,-0.018544,0.020559,-0.016684,0.078204,-0.087357,0.188881,-1.404482,0.044293,0.019714,-0.015276,0.665784,0.047928,0.744603,-0.57834,0.663675,0.474401,-0.471438,-0.746483,0.469583,-0.009265,0.010266,-0.008346,0.094529,-0.11322,0.190219,-0.972357,0.076299,0.013249,-0.060388,0.729917,-0.386055,-0.564075,0.503468,0.861809,0.061666,0.46232,-0.329005,0.823416,-0.000126,0.00944,-0.010747,0.047942,-0.061578,-0.015692,-1.063531
45,0.146331,-0.072205,0.285911,-0.692858,0.413896,-0.590494,-0.571548,-0.814479,0.099644,-0.438846,0.406015,0.801619,-6.2e-05,0.030688,-0.028419,-0.07577,-0.407329,-0.163523,-1.911449,-0.166734,-0.069035,0.279207,-0.622913,-0.074706,0.77871,0.61662,-0.659307,0.430149,0.482037,0.748196,0.455748,-0.01854,0.019671,-0.018182,-0.010287,0.146128,0.094934,-1.404198,0.043853,0.020134,-0.015649,0.666757,0.036344,0.744388,-0.573412,0.663028,0.481239,-0.47606,-0.747711,0.462919,-0.009723,0.015038,-0.013667,0.042439,0.051772,0.296468,-1.011383,0.076588,0.013632,-0.060775,0.728612,-0.37666,-0.572058,0.500623,0.862871,0.069487,0.46744,-0.337014,0.817263,0.008422,0.010123,-0.009411,-0.194705,-0.487074,-0.367743,-1.095536
46,0.146568,-0.071805,0.285492,-0.694871,0.406739,-0.593097,-0.569404,-0.814892,0.108179,-0.43845,0.412371,0.798585,0.016555,0.029031,-0.030635,-0.027601,-0.176748,-0.251631,-1.644688,-0.167178,-0.068567,0.278784,-0.623315,-0.063743,0.779363,0.613717,-0.657362,0.437219,0.485217,0.750902,0.447855,-0.019448,0.030098,-0.027372,-0.250849,0.643265,0.408064,-1.403729,0.043625,0.020375,-0.015867,0.667155,0.027343,0.744416,-0.570387,0.661509,0.486891,-0.479125,-0.749437,0.456926,-0.009716,0.01499,-0.013763,-0.213244,0.605764,0.389461,-1.019058,0.0767,0.013835,-0.06098,0.729745,-0.368736,-0.575765,0.498342,0.863403,0.07867,0.468109,-0.344337,0.813821,-3.5e-05,0.010065,-0.009752,-0.084935,-0.232896,-0.135202,-1.095372
47,0.14686,-0.070914,0.2845,-0.709257,0.367502,-0.601616,-0.541991,-0.829953,0.131892,-0.449966,0.419154,0.788586,-0.000292,0.029325,-0.030677,0.589221,-0.755758,-1.973982,-0.739447,-0.168117,-0.067481,0.277733,-0.623769,-0.031913,0.780951,0.599939,-0.659823,0.452373,0.501616,0.750728,0.429713,-0.019432,0.029416,-0.02856,-0.153652,0.422058,0.481028,-1.211223,0.043162,0.020907,-0.016382,0.666495,-0.005956,0.745485,-0.555813,0.662459,0.502213,-0.496845,-0.749073,0.438216,-0.018018,0.014675,-0.013309,-0.224332,0.664908,0.391776,-0.976765,0.076852,0.01428,-0.061476,0.740651,-0.331771,-0.584261,0.471483,0.876168,0.100155,0.478683,-0.34965,0.80536,0.008368,0.014542,-0.015305,2.759277,-0.388183,-5.096795,-0.913466
48,0.146906,-0.06988,0.283285,-0.71472,0.33363,-0.614745,-0.521515,-0.839858,0.15044,-0.465224,0.427701,0.775026,-0.00059,0.027432,-0.033796,-0.142507,-0.502747,-0.439439,-0.234273,-0.168812,-0.065988,0.276386,-0.62463,0.024117,0.780543,0.573803,-0.663656,0.479839,0.530348,0.747557,0.399692,-0.003673,0.040655,-0.038503,0.783572,1.841187,1.612084,-0.675331,0.042808,0.02165,-0.01705,0.666297,-0.058174,0.743412,-0.529642,0.664857,0.526728,-0.524905,-0.744701,0.412181,-0.010277,0.019554,-0.019172,3.922955,3.448665,2.962356,-0.766774,0.076876,0.0148,-0.06208,0.743562,-0.295455,-0.59985,0.448371,0.885825,0.119481,0.496062,-0.357797,0.791139,-0.000355,0.013174,-0.017776,-0.155415,-0.548749,-0.788242,-0.757524
49,0.146803,-0.068995,0.28182,-0.714306,0.301313,-0.631683,-0.509856,-0.842323,0.174673,-0.478567,0.446458,0.756093,-0.001239,0.023271,-0.040645,-0.366572,-0.85514,-0.626968,0.020348,-0.169524,-0.064531,0.274602,-0.621422,0.073912,0.779976,0.560159,-0.65397,0.508408,0.548418,0.752741,0.363981,-0.021388,0.044384,-0.05682,-0.299255,1.151086,0.241251,-0.302762,0.042467,0.022372,-0.017905,0.663337,-0.110683,0.740089,-0.512031,0.654101,0.556753,-0.545716,-0.748265,0.377217,-0.010244,0.016488,-0.024591,-0.558004,1.065798,1.103146,-0.619649,0.076825,0.015238,-0.06279,0.740995,-0.266062,-0.616552,0.436932,0.888244,0.141816,0.509918,-0.374476,0.774435,-0.000624,0.011449,-0.020618,-0.282991,-0.682132,-0.532773,-0.649915
50,0.146713,-0.068614,0.281043,-0.715855,0.281807,-0.638891,-0.499321,-0.846165,0.186155,-0.487262,0.451917,0.747244,-0.001562,0.010807,-0.034822,-0.389195,-0.789612,-0.652409,0.08222,-0.169886,-0.063939,0.273574,-0.618374,0.097782,0.779772,0.556443,-0.646044,0.522429,0.555607,0.756818,0.344079,-0.020653,0.029232,-0.055477,-0.391578,0.832335,0.696346,-0.188188,0.04227,0.0227,-0.018454,0.657356,-0.136194,0.74117,-0.508792,0.645304,0.569834,-0.555889,-0.751686,0.3549,-0.01031,0.014296,-0.02825,-0.381264,0.825533,0.700499,-0.560538,0.07678,0.015446,-0.063209,0.740719,-0.245043,-0.62553,0.425444,0.891702,0.154475,0.519934,-0.38055,0.764754,-0.000779,0.005236,-0.017686,-0.46685,-0.906608,-0.697455,-0.502138
51,0.146454,-0.067741,0.279312,-0.717569,0.243278,-0.652652,-0.481406,-0.850401,0.21222,-0.502501,0.466166,0.728154,-0.018242,0.0224,-0.04278,-0.076695,-0.848079,-1.231152,0.196157,-0.170849,-0.062736,0.270988,-0.610211,0.147383,0.778404,0.550107,-0.628072,0.55031,0.570744,0.763811,0.301175,-0.02176,0.034862,-0.073057,-0.519378,1.0782,0.880882,-0.047202,0.041796,0.023287,-0.019722,0.64824,-0.183154,0.739079,-0.501526,0.627646,0.595424,-0.572935,-0.756646,0.315009,-0.010861,0.017,-0.037213,-0.318109,0.840971,0.501579,-0.474973,0.076657,0.015858,-0.064045,0.739132,-0.209749,-0.640068,0.409143,0.894684,0.179281,0.535055,-0.394392,0.747107,-0.009051,0.010848,-0.021897,3.359323,-1.59235,-4.745232,-0.207725
52,0.146038,-0.066785,0.277608,-0.714976,0.207777,-0.667595,-0.464539,-0.854769,0.231399,-0.521676,0.475306,0.708495,-0.018056,0.023627,-0.04092,0.789303,-0.938509,-1.948141,0.307827,-0.171829,-0.061838,0.268338,-0.60477,0.194507,0.772277,0.54277,-0.608804,0.578526,0.58343,0.768784,0.261617,-0.021068,0.020887,-0.070271,-0.57669,1.102763,0.934223,0.002611,0.041306,0.023738,-0.021053,0.641281,-0.229817,0.73208,-0.493025,0.60766,0.622634,-0.587948,-0.760218,0.276375,-0.018813,0.010048,-0.034791,-0.389851,0.815939,0.704964,-0.254858,0.076447,0.016345,-0.064923,0.733392,-0.174096,-0.657134,0.391558,0.89838,0.198986,0.555714,-0.403241,0.727033,-0.000471,0.016975,-0.024818,3.404929,-1.889036,-4.651836,0.083096
53,0.145739,-0.066202,0.276735,-0.710323,0.190266,-0.677707,-0.458575,-0.85551,0.240383,-0.533169,0.481287,0.695787,-0.017814,0.035523,-0.047822,-0.362178,-0.703126,-0.823469,0.362371,-0.172339,-0.061609,0.267062,-0.608661,0.219271,0.762525,0.534165,-0.597225,0.598268,0.587324,0.771165,0.245396,-0.020302,0.008719,-0.064237,-0.44587,0.596812,1.480479,0.006752,0.041051,0.023856,-0.021695,0.643154,-0.255218,0.721952,-0.484075,0.595013,0.641583,-0.593315,-0.762116,0.259141,-0.010139,0.004171,-0.032392,-0.331801,-0.086579,3.067008,-0.211259,0.076298,0.016631,-0.065358,0.727786,-0.156652,-0.667672,0.383973,0.899739,0.207444,0.568235,-0.407343,0.714967,-0.000493,0.012272,-0.019464,-0.454348,-0.836199,-0.8528,0.190215
54,0.145179,-0.065012,0.275146,-0.701305,0.153792,-0.696106,-0.443271,-0.858809,0.256767,-0.557467,0.48844,0.67133,-0.017471,0.037566,-0.044566,-0.402396,-0.745267,-0.823669,0.445076,-0.17307,-0.061419,0.264607,-0.605031,0.279152,0.745656,0.507372,-0.586407,0.631374,0.614245,0.759959,0.212198,-0.003731,0.009051,-0.066277,3.760961,4.108267,1.972199,0.033878,0.040679,0.023946,-0.022928,0.638785,-0.312334,0.703135,-0.458759,0.579038,0.673983,-0.61765,-0.753101,0.226596,-0.009744,-0.001424,-0.028761,-0.528274,0.83078,0.860927,-0.173702,0.076018,0.017214,-0.066141,0.715995,-0.122296,-0.687308,0.368453,0.90244,0.223257,0.592952,-0.413092,0.691203,-0.008761,0.013272,-0.01813,-0.242449,-0.428746,-0.680162,0.331951
55,0.144767,-0.064086,0.273736,-0.699384,0.1156,-0.705368,-0.420443,-0.86459,0.275107,-0.577187,0.488825,0.654166,-0.01774,0.015208,-0.028615,-0.18282,-0.419801,-0.249152,0.497119,-0.173253,-0.061335,0.262271,-0.5767,0.363099,0.731825,0.45476,-0.601354,0.656887,0.679301,0.71116,0.180734,-0.002849,-0.000654,-0.056323,3.680663,4.266792,1.778316,0.125813,0.040587,0.023988,-0.024105,0.60798,-0.394601,0.688948,-0.404266,0.592972,0.696385,-0.683321,-0.701907,0.200991,-0.001375,-0.000211,-0.028015,-0.283117,0.763941,0.825771,-0.083566,0.075812,0.017698,-0.066862,0.710367,-0.082394,-0.698991,0.344562,0.906688,0.243293,0.613721,-0.413674,0.672472,-0.000486,0.012399,-0.019354,-0.183267,-0.404763,-0.406896,0.438743
56,0.14456,-0.063685,0.273077,-0.69759,0.101791,-0.709262,-0.413159,-0.865874,0.282017,-0.584562,0.489639,0.646968,-0.017647,0.026109,-0.037169,-0.086802,-0.332665,-0.177376,0.510684,-0.17323,-0.061319,0.261211,-0.554371,0.408414,0.725163,0.419749,-0.615037,0.667438,0.719265,0.673868,0.168592,0.014798,-0.009481,-0.046402,3.888107,4.694759,1.845133,0.179829,0.040591,0.023997,-0.024642,0.584833,-0.438215,0.682595,-0.368478,0.606151,0.704843,-0.722629,-0.663737,0.193025,-0.001337,0.000711,-0.026502,1.045968,1.476833,0.694179,-0.018576,0.075702,0.017904,-0.067202,0.707347,-0.06866,-0.703522,0.337046,0.907605,0.250301,0.621335,-0.41417,0.665135,-0.008804,0.013044,-0.018595,-0.045713,-0.27568,-0.150722,0.47287
57,0.144129,-0.062992,0.271974,-0.69563,0.089262,-0.712865,-0.409889,-0.864222,0.29169,-0.589177,0.494989,0.638658,-0.017399,0.017276,-0.025264,-0.007359,-0.125577,-0.089025,0.512784,-0.172988,-0.061219,0.259321,-0.512958,0.472239,0.716837,0.355614,-0.643013,0.678238,0.781844,0.602219,0.160979,0.014165,0.005554,-0.048063,0.050124,-0.020765,0.205315,0.300482,0.040713,0.024038,-0.025591,0.537076,-0.50672,0.674376,-0.298893,0.633277,0.713878,-0.788803,-0.584974,0.188664,-0.001253,0.002665,-0.023356,0.127602,-0.040075,0.139416,0.130181,0.075486,0.018248,-0.067758,0.704447,-0.056551,-0.707498,0.333808,0.90609,0.259944,0.626358,-0.419286,0.65717,-0.008667,0.008723,-0.012482,0.035586,-0.071255,-0.058455,0.49818
58,0.143754,-0.0625,0.271157,-0.698563,0.078416,-0.711271,-0.401386,-0.865823,0.298684,-0.591549,0.494042,0.637197,-0.000648,0.006442,-0.016056,0.032521,-0.003112,-0.009119,0.513779,-0.172895,-0.061127,0.257696,-0.498932,0.498625,0.708824,0.321306,-0.653057,0.685721,0.80542,0.56924,0.164705,-0.001649,-0.004397,-0.036122,0.31085,-0.219233,0.696934,0.373661,0.040766,0.024091,-0.026405,0.521945,-0.531478,0.667161,-0.264337,0.642865,0.718923,-0.810986,-0.551594,0.195051,-0.000799,-0.001905,-0.017567,0.985785,-0.926587,2.610242,0.273714,0.075305,0.018489,-0.068154,0.706602,-0.045753,-0.70613,0.325154,0.907308,0.266583,0.628481,-0.417969,0.655982,-0.000254,0.003556,-0.007455,0.05333,0.005786,0.03375,0.503732
59,0.143398,-0.062248,0.27068,-0.69899,0.070349,-0.711694,-0.390746,-0.871048,0.297596,-0.59812,0.486017,0.637234,-0.017027,0.009199,-0.012052,0.033821,0.015357,-0.036588,0.512734,-0.172879,-0.061491,0.256434,-0.485121,0.543658,0.684898,0.25223,-0.662827,0.704964,0.837811,0.514052,0.183538,-0.000803,-0.01547,-0.028168,0.412298,-0.504375,0.732395,0.368957,0.040774,0.023916,-0.027034,0.505278,-0.575858,0.642714,-0.194042,0.649892,0.734838,-0.840857,-0.496011,0.216636,-0.000388,-0.007523,-0.013736,1.148249,-1.181967,2.411563,0.308985,0.075127,0.018616,-0.0684,0.706437,-0.037977,-0.706755,0.314144,0.911635,0.265016,0.634239,-0.40924,0.655943,-0.000161,-0.00099,-0.001672,0.003264,-0.097566,0.174594,0.505039
60,0.143282,-0.062183,0.270565,-0.69865,0.066772,-0.712373,-0.386077,-0.873434,0.296697,-0.601535,0.482231,0.636895,-0.016763,0.010756,-0.009422,0.039708,-0.098401,0.16043,0.51121,-0.172893,-0.061774,0.255917,-0.477598,0.57338,0.665679,0.208986,-0.661668,0.720038,0.853886,0.482276,0.195321,-0.000715,-0.013664,-0.025005,0.686397,-1.152432,2.569668,0.369256,0.040767,0.023776,-0.02729,0.495509,-0.603017,0.625172,-0.151675,0.648617,0.745848,-0.855257,-0.464397,0.229933,9.9e-05,-0.012155,-0.008016,1.138607,1.043512,0.643112,0.311271,0.075069,0.018647,-0.068461,0.705901,-0.034396,-0.707474,0.309225,0.913575,0.26412,0.637247,-0.405211,0.655529,-9.8e-05,-0.000604,-0.001021,-0.00096,0.000875,0.001016,0.504386
61,0.143094,-0.062085,0.2705,-0.696964,0.068087,-0.713898,-0.387436,-0.873451,0.294868,-0.602617,0.482013,0.636037,-0.016538,0.001802,0.002395,-0.000984,0.014715,-0.029553,0.510342,-0.173113,-0.062265,0.255169,-0.445168,0.608062,0.657327,0.149145,-0.673357,0.724072,0.883429,0.4196,0.208215,-0.000571,-0.010627,-0.019597,0.466698,0.019825,0.260269,0.37525,0.040664,0.023528,-0.02767,0.463407,-0.637407,0.615602,-0.090599,0.656976,0.748447,-0.881502,-0.402609,0.246698,-0.008134,-0.011131,-0.004968,3.771355,3.711246,0.987713,0.318619,0.074975,0.0187,-0.068498,0.704242,-0.036066,-0.709043,0.31075,0.913618,0.262173,0.638339,-0.404968,0.654616,0.000107,0.000607,0.001031,-0.001301,0.000513,0.001263,0.502916
62,0.142952,-0.062015,0.270572,-0.69633,0.060956,-0.71516,-0.378316,-0.877914,0.293453,-0.6091,0.474817,0.635274,0.000215,0.001259,0.002132,0.000864,-0.000355,-0.000768,0.510679,-0.17388,-0.062892,0.254577,-0.388183,0.648041,0.655247,0.078281,-0.685135,0.724152,0.918673,0.331578,0.214379,-0.016623,-0.022195,-0.010368,0.138476,-0.015603,0.051913,0.353471,0.04028,0.023217,-0.027973,0.40487,-0.676061,0.615646,-0.01814,0.667227,0.744632,-0.914193,-0.312648,0.257877,-0.017177,-0.005713,-0.008598,0.426548,0.155528,0.285972,0.308658,0.074898,0.018737,-0.068458,0.703029,-0.029063,-0.710566,0.3013,0.91723,0.260588,0.64418,-0.397295,0.653596,0.00013,0.000759,0.001289,0.007457,-0.114012,0.19561,0.502916
63,0.142916,-0.062016,0.27061,-0.695603,0.061558,-0.715816,-0.379025,-0.877842,0.292756,-0.609492,0.474873,0.634856,8.1e-05,0.000476,0.000805,0.0,-0.0,-0.0,0.511236,-0.174426,-0.063212,0.254351,-0.362214,0.670863,0.647097,0.040879,-0.682028,0.730137,0.931589,0.290072,0.218776,-0.034299,-0.010154,-0.014871,0.266636,-0.307283,0.848439,0.3399,0.040014,0.02305,-0.028088,0.377575,-0.697504,0.609035,0.018779,0.663353,0.74807,-0.925788,-0.271016,0.263564,-0.01678,-0.010834,-0.003655,0.81917,-0.85561,2.581361,0.291186,0.074881,0.018739,-0.068435,0.70236,-0.029769,-0.711198,0.302041,0.917182,0.259896,0.644562,-0.397352,0.653184,4.7e-05,0.000281,0.00048,0.003983,-0.098882,0.173138,0.503406
64,0.142919,-0.061995,0.270626,-0.694639,0.054703,-0.717307,-0.370122,-0.882189,0.291075,-0.616018,0.467611,0.633947,2e-06,1e-05,1.6e-05,0.0,-0.0,-0.0,0.511197,-0.175777,-0.063855,0.254115,-0.270597,0.732916,0.624181,-0.071911,-0.66184,0.746144,0.960283,0.156098,0.230986,-0.050308,-0.019184,-0.001004,5.092015,4.241767,4.187246,0.331681,0.039345,0.022731,-0.028213,0.288076,-0.753532,0.590933,0.125854,0.641532,0.756701,-0.949301,-0.143616,0.279645,-0.016967,-0.003752,-0.005203,3.799752,4.555595,1.381198,0.268162,0.074882,0.018751,-0.068425,0.700832,-0.023083,-0.712952,0.29282,0.920692,0.258034,0.650453,-0.389605,0.65201,-4e-06,-2.1e-05,-3.6e-05,-0.00086,0.000448,0.000822,0.504712
65,0.142968,-0.06199,0.270595,-0.693363,0.05578,-0.718458,-0.371278,-0.88214,0.289748,-0.61676,0.467574,0.633252,-2.3e-05,-0.000136,-0.000231,-0.0,-0.0,-0.0,0.511427,-0.177356,-0.064436,0.254236,-0.190648,0.784552,0.59002,-0.166928,-0.618092,0.768135,0.967542,0.046969,0.248032,-0.033116,-0.013228,0.008038,0.333502,0.122404,0.610604,0.347453,0.038549,0.022435,-0.028165,0.200245,-0.805144,0.558251,0.226709,0.592405,0.773083,-0.953155,-0.028246,0.30116,-0.025037,-0.006731,0.004804,1.168869,0.776931,1.438338,0.272408,0.074906,0.018752,-0.068442,0.699657,-0.024336,-0.714062,0.294021,0.920678,0.256711,0.651175,-0.38956,0.651315,0.00832,-0.000597,-0.000682,0.000392,-0.014487,0.030116,0.505202
66,0.14303,-0.061986,0.270585,-0.69294,0.052311,-0.719127,-0.366727,-0.884295,0.288973,-0.619947,0.463894,0.632847,9e-06,5.5e-05,9.3e-05,0.000869,-0.000349,-0.000765,0.511726,-0.179077,-0.06495,0.254883,-0.149624,0.810149,0.5668,-0.207494,-0.586106,0.783173,0.966854,-0.001441,0.255057,-0.049759,-0.009346,0.017018,0.266278,0.229679,0.387532,0.367564,0.037713,0.022186,-0.027851,0.158288,-0.82864,0.536935,0.266302,0.559466,0.784907,-0.950803,0.018746,0.309225,-0.024764,-0.004384,0.00878,3.116188,4.178013,1.681414,0.298861,0.074938,0.018754,-0.068448,0.698946,-0.020945,-0.714867,0.289316,0.922409,0.255846,0.654041,-0.385645,0.650774,5e-06,3.8e-05,6.2e-05,0.002462,-0.000549,-0.002129,0.505202
67,0.14308,-0.061989,0.270582,-0.692898,0.048506,-0.719433,-0.361805,-0.886435,0.288621,-0.622874,0.460215,0.632659,0.016669,-0.001013,-0.001059,0.000991,-0.014717,0.029547,0.511344,-0.180004,-0.065214,0.255277,-0.146725,0.813911,0.56215,-0.211109,-0.580863,0.786108,0.966513,-0.004353,0.256317,-0.049746,-0.00902,0.017506,-0.016235,-0.160585,0.260481,0.367521,0.037231,0.022049,-0.027639,0.153793,-0.83253,0.532203,0.270934,0.553498,0.787549,-0.950232,0.023072,0.310685,-0.024517,-0.010071,0.012877,-0.05779,-0.141271,0.214774,0.306698,0.074956,0.018753,-0.068449,0.698601,-0.017147,-0.715305,0.28421,0.924112,0.255421,0.656643,-0.381734,0.650459,1e-06,1e-06,-2e-06,-0.000525,0.000563,0.000471,0.505365
68,0.143106,-0.061978,0.270581,-0.692377,0.045097,-0.720157,-0.357282,-0.888538,0.287786,-0.626052,0.456495,0.632217,2e-06,9e-06,1.6e-05,0.0,-0.0,-0.0,0.511923,-0.181926,-0.065823,0.256192,-0.132914,0.822373,0.553198,-0.22676,-0.568467,0.790796,0.964946,-0.021366,0.261316,-0.048953,-0.019252,0.02704,3.56153,3.086225,3.921609,0.364347,0.036252,0.021744,-0.027171,0.140862,-0.839788,0.524321,0.285351,0.541565,0.790747,-0.948014,0.03823,0.31592,-0.024325,-0.009584,0.013453,3.529524,3.092626,3.940015,0.307841,0.074976,0.018758,-0.068449,0.697787,-0.013845,-0.71617,0.279554,0.92579,0.254481,0.659501,-0.377781,0.649876,1e-06,0.0,-2e-06,-0.000526,0.000257,0.000487,0.505855
69,0.142999,-0.061898,0.27061,-0.692337,0.041227,-0.720427,-0.352194,-0.890686,0.287418,-0.628968,0.452665,0.632077,0.000336,0.012223,-0.006293,0.035508,-0.013773,0.017918,0.512179,-0.183848,-0.066541,0.25709,-0.113347,0.831851,0.543293,-0.246309,-0.553163,0.795787,0.962623,-0.04466,0.266881,-0.049159,-0.020849,0.023801,-0.058546,0.015337,-0.036713,0.371696,0.035309,0.021396,-0.026724,0.11944,-0.849119,0.514518,0.305943,0.524488,0.79455,-0.944527,0.062512,0.322427,-0.024635,-0.010783,0.011286,-0.05053,-0.042219,0.110307,0.310128,0.074922,0.018792,-0.068435,0.697435,-0.009999,-0.716577,0.274319,0.927473,0.254049,0.662066,-0.373753,0.649596,-0.008193,0.001337,0.001933,-0.00145,0.01492,-0.029093,0.505529
70,0.142822,-0.061788,0.270688,-0.692421,0.041114,-0.720353,-0.35201,-0.890749,0.287448,-0.628979,0.452551,0.632147,-0.016068,0.004483,0.006912,-0.000274,0.000314,-0.004599,0.511521,-0.184757,-0.06698,0.257532,-0.097251,0.83746,0.537768,-0.261489,-0.542735,0.798121,0.960356,-0.064051,0.271064,-0.049279,-0.021678,0.022137,0.367503,0.141622,0.047885,0.377695,0.034836,0.02117,-0.026493,0.102128,-0.854301,0.509645,0.320369,0.513274,0.796186,-0.941771,0.081962,0.326111,-0.024668,-0.01089,0.011027,0.443459,0.107223,-0.00239,0.316986,0.074839,0.018847,-0.068406,0.697497,-0.009898,-0.716518,0.274136,0.927528,0.254046,0.662077,-0.37362,0.649662,-0.008049,0.002162,0.003325,-0.001381,0.014883,-0.029196,0.505855
71,0.142137,-0.061299,0.27092,-0.692503,0.040865,-0.720288,-0.35137,-0.891086,0.287187,-0.629246,0.45191,0.63234,-0.015394,0.018455,0.003509,0.035219,-0.013551,0.01327,0.510286,-0.186325,-0.06789,0.25837,-0.077443,0.847746,0.52471,-0.280209,-0.523472,0.804608,0.956847,-0.085778,0.277398,-0.032485,-0.022193,0.019416,0.166009,-0.349565,-0.114893,0.386106,0.034065,0.020723,-0.026081,0.080407,-0.863789,0.497395,0.338327,0.493037,0.801528,-0.937586,0.103834,0.331887,-0.016268,-0.011128,0.009704,0.378475,-0.387939,-0.409019,0.327927,0.07449,0.019093,-0.068288,0.697559,-0.009649,-0.716461,0.273485,0.927795,0.253773,0.662281,-0.372964,0.649831,-0.007674,0.009378,0.002016,0.034952,-0.013454,0.013524,0.503896
72,0.141007,-0.060525,0.271165,-0.694345,0.039547,-0.718586,-0.349644,-0.891268,0.288725,-0.628175,0.451671,0.633575,-0.031903,0.019822,0.004994,0.034214,0.001031,-0.016353,0.514012,-0.187705,-0.06898,0.259347,-0.037193,0.860285,0.508447,-0.315884,-0.492718,0.81079,0.948053,-0.131531,0.289408,-0.031848,-0.032911,0.02812,1.074722,0.709429,1.119299,0.409656,0.033386,0.020193,-0.025608,0.044388,-0.873074,0.485562,0.370596,0.465751,0.803575,-0.927732,0.144279,0.344232,-0.016288,-0.010933,0.010001,0.316806,-0.407508,-0.182587,0.347685,0.07395,0.019469,-0.068163,0.69928,-0.008138,-0.7148,0.271798,0.927863,0.255333,0.66116,-0.372831,0.651048,-0.015923,0.010104,0.002834,0.034955,-0.000411,-0.014538,0.505692
73,0.139753,-0.059884,0.271319,-0.696224,0.042106,-0.71662,-0.353037,-0.889298,0.290663,-0.624189,0.455303,0.634912,-0.032471,0.006216,0.008882,-0.001278,0.01495,-0.034198,0.516859,-0.188723,-0.070153,0.260412,-0.000204,0.867279,0.497814,-0.344535,-0.46728,0.814173,0.938711,-0.172432,0.298249,-0.031752,-0.031276,0.031019,0.215997,-0.249629,-0.069332,0.426184,0.032865,0.019591,-0.025072,0.001683,-0.88023,0.474542,0.401672,0.435173,0.80578,-0.915781,0.189254,0.354296,-0.007437,-0.015842,0.014468,0.578927,-0.092717,-0.060554,0.376424,0.0733,0.019809,-0.068075,0.701364,-0.010449,-0.712726,0.275307,0.926273,0.257337,0.65749,-0.376705,0.652532,-0.016262,0.002975,0.004238,-0.000231,0.013257,-0.032354,0.510427
74,0.139127,-0.059694,0.271348,-0.698474,0.040619,-0.714514,-0.351621,-0.889056,0.293111,-0.622473,0.455913,0.636159,-0.032937,0.00359,0.004448,-0.001989,0.029462,-0.059144,0.516757,-0.189128,-0.070717,0.260997,0.010127,0.867299,0.497677,-0.354019,-0.462242,0.812981,0.935107,-0.185504,0.301705,-0.01466,-0.030002,0.031881,0.077557,-0.148944,-0.181171,0.430547,0.032656,0.019307,-0.024781,-0.007794,-0.879898,0.475097,0.411713,0.430149,0.803407,-0.911279,0.201866,0.358913,-0.015876,-0.015256,0.016245,0.193901,-0.190107,-0.0702,0.385405,0.073,0.019905,-0.068058,0.703463,-0.008719,-0.710678,0.273924,0.926001,0.259783,0.655823,-0.37742,0.653796,-0.01648,0.001744,0.002161,0.000464,0.025467,-0.054842,0.51206
75,0.138025,-0.059613,0.27131,-0.700433,0.036282,-0.712827,-0.349552,-0.888181,0.298193,-0.621434,0.457985,0.635686,-0.017083,-0.001497,-0.003316,-0.003726,0.025705,-0.056433,0.516795,-0.189709,-0.071642,0.262176,0.023193,0.867815,0.496338,-0.37229,-0.45315,0.809932,0.927734,-0.20465,0.311916,-0.01507,-0.01654,0.028062,0.022877,-0.104674,-0.119067,0.439675,0.03236,0.018832,-0.024182,-0.02004,-0.879955,0.474632,0.429935,0.421009,0.798691,-0.902637,0.220067,0.369886,-0.007545,-0.008143,0.014308,-0.043777,-0.078467,-0.097326,0.399611,0.072443,0.019948,-0.068072,0.704924,-0.004054,-0.70927,0.271939,0.925111,0.264984,0.65508,-0.379672,0.653236,-0.016817,-7.7e-05,-0.000923,0.008926,0.041845,-0.053401,0.51353
76,0.137219,-0.059712,0.271209,-0.700877,0.039747,-0.712206,-0.354189,-0.88606,0.299032,-0.618304,0.461786,0.635988,-0.017148,-0.001753,-0.00378,-0.001845,0.015075,-0.028785,0.516922,-0.190022,-0.072229,0.263377,0.03309,0.872891,0.486782,-0.387656,-0.437594,0.811276,0.921104,-0.216639,0.32326,0.001589,-0.002694,0.023545,0.081286,-0.231719,0.188116,0.443768,0.032208,0.018544,-0.023603,-0.030787,-0.884136,0.466213,0.44449,0.405665,0.798664,-0.895254,0.231815,0.3805,0.001096,-0.006811,0.016099,0.410822,-1.359427,2.375295,0.409245,0.072039,0.019896,-0.068128,0.705821,-0.007493,-0.70835,0.276633,0.923462,0.265877,0.652143,-0.383614,0.653872,-0.008601,-0.001029,-0.002133,-0.01012,0.018709,-0.020407,0.513367
77,0.136919,-0.0599,0.271059,-0.699952,0.040531,-0.713071,-0.355213,-0.885914,0.298248,-0.618765,0.461996,0.635387,-0.000664,-0.003493,-0.005864,-0.00068,0.014481,-0.024908,0.515286,-0.190333,-0.072325,0.264491,0.040654,0.875211,0.482021,-0.393439,-0.429306,0.812918,0.918336,-0.223788,0.326254,0.001935,0.000359,0.029011,-0.031097,-0.019335,0.030818,0.457019,0.032047,0.01849,-0.023036,-0.038401,-0.886534,0.461066,0.449924,0.39665,0.800147,-0.89224,0.238171,0.383641,-0.007867,0.005679,0.011082,-0.014513,-0.003947,0.022176,0.420349,0.071882,0.019799,-0.068207,0.704897,-0.008465,-0.709258,0.277746,0.923375,0.265017,0.652669,-0.383804,0.653235,-0.000296,-0.00157,-0.002628,4.4e-05,-3.5e-05,-3e-06,0.512713
78,0.136918,-0.060022,0.270997,-0.699373,0.041053,-0.713609,-0.355892,-0.885806,0.297759,-0.61903,0.462157,0.635012,-0.000795,-0.014112,0.00314,-0.036125,0.028698,-0.042602,0.514297,-0.190504,-0.072183,0.265021,0.050909,0.875893,0.479804,-0.398441,-0.422606,0.813992,0.915651,-0.233708,0.326844,0.001443,0.012698,0.023095,0.012859,0.10506,-0.108517,0.465877,0.031967,0.018555,-0.022782,-0.048765,-0.886941,0.4593,0.454619,0.389742,0.800888,-0.889349,0.247862,0.384215,0.000692,0.006267,0.011424,0.242987,0.386277,0.209796,0.42884,0.071882,0.019743,-0.068241,0.704356,-0.009061,-0.709787,0.278426,0.923316,0.264507,0.652962,-0.383931,0.652867,-0.000289,-0.001525,-0.002558,-0.000644,0.014454,-0.024922,0.511244
79,0.137177,-0.060147,0.270861,-0.698584,0.041781,-0.714339,-0.356719,-0.885738,0.296971,-0.619445,0.462221,0.634561,0.016297,-0.00284,-0.003923,0.000984,-0.014715,0.029553,0.51189,-0.190961,-0.071724,0.266105,0.060848,0.880382,0.470336,-0.404023,-0.40904,0.81816,0.912581,-0.24091,0.330184,-0.015294,0.014428,0.027331,0.011769,-0.045501,0.087251,0.482652,0.031734,0.018792,-0.022215,-0.059556,-0.890882,0.450313,0.460095,0.37584,0.804397,-0.885869,0.255093,0.387507,-0.007651,0.007349,0.01393,0.011484,-0.04237,0.082802,0.450557,0.072004,0.019673,-0.068311,0.703673,-0.009842,-0.710455,0.279238,0.923279,0.263781,0.653353,-0.384002,0.652435,-6.9e-05,0.004593,-0.005711,0.034793,0.000264,-0.007222,0.508631
80,0.137572,-0.060173,0.270777,-0.69796,0.042368,-0.714914,-0.35729,-0.885749,0.29625,-0.61982,0.462145,0.63425,0.016597,-0.001257,-0.001274,0.000984,-0.014715,0.029553,0.509465,-0.191663,-0.071149,0.267302,0.063021,0.886666,0.458086,-0.408846,-0.39566,0.822333,0.910279,-0.240219,0.33697,-0.015011,0.016435,0.030593,0.00634,-0.036724,0.065946,0.498397,0.0314,0.019071,-0.021643,-0.062546,-0.896738,0.438119,0.464819,0.36229,0.807891,-0.883193,0.254177,0.394161,-0.007532,0.008172,0.015242,0.034785,-0.139959,0.279064,0.472275,0.072202,0.019659,-0.068355,0.703103,-0.010501,-0.711009,0.279809,0.923312,0.263061,0.653722,-0.383906,0.652122,5e-06,2.6e-05,3.9e-05,1.9e-05,-3e-06,-3e-06,0.505529
81,0.13776,-0.060181,0.270771,-0.697632,0.042677,-0.715216,-0.357615,-0.885736,0.295897,-0.620001,0.462142,0.634075,0.000168,0.000894,0.001504,0.000683,-0.014477,0.02491,0.509097,-0.192045,-0.070865,0.267901,0.065541,0.889157,0.452875,-0.413014,-0.388858,0.823494,0.908215,-0.242127,0.341149,-0.014983,0.016436,0.030421,0.053381,-0.159408,0.252827,0.504968,0.031197,0.019217,-0.021326,-0.065346,-0.898919,0.433213,0.469049,0.355519,0.808454,-0.88075,0.256028,0.398406,-0.01597,0.008138,0.015746,0.113704,-0.433748,0.815935,0.481746,0.072302,0.019653,-0.06836,0.702803,-0.010849,-0.7113,0.280137,0.923313,0.262707,0.653903,-0.383893,0.651947,0.008314,-0.00054,-0.0005,0.000994,-0.014735,0.029567,0.504386
82,0.138073,-0.060206,0.270785,-0.696874,0.04338,-0.715912,-0.358394,-0.88568,0.295123,-0.620404,0.462183,0.63365,2.6e-05,0.000137,0.00023,0.004725,-0.099902,0.171918,0.507712,-0.193085,-0.070323,0.269295,0.062554,0.894808,0.442038,-0.41488,-0.379392,0.826965,0.907579,-0.236241,0.34692,-0.031668,0.017312,0.032813,0.008774,-0.02768,0.032966,0.5126,0.030696,0.019481,-0.020641,-0.063078,-0.90445,0.42189,0.470783,0.345777,0.811666,-0.879991,0.249817,0.403989,-0.015541,0.003282,0.020787,-0.018225,-0.115739,0.233583,0.497095,0.072459,0.019644,-0.068348,0.702183,-0.011562,-0.711901,0.280846,0.923293,0.262017,0.654265,-0.383919,0.651569,0.008325,-0.000477,-0.000397,0.000997,-0.014703,0.029549,0.50161
83,0.138223,-0.060225,0.270781,-0.69643,0.043786,-0.71632,-0.358843,-0.885649,0.294669,-0.620644,0.462204,0.633401,0.0,0.0,0.0,-0.0,-0.0,-0.0,0.505493,-0.19436,-0.069826,0.270713,0.057037,0.901397,0.42921,-0.418336,-0.368651,0.830075,0.906362,-0.228027,0.355491,-0.030843,0.00724,0.042244,0.289619,-0.440139,-0.242878,0.515198,0.030046,0.01974,-0.019923,-0.060946,-0.910794,0.408337,0.472602,0.334003,0.81553,-0.879165,0.242685,0.410087,-0.015755,0.009054,0.016892,-0.003503,-0.051212,0.104821,0.504117,0.072534,0.019634,-0.068349,0.701692,-0.01211,-0.712377,0.281388,0.923283,0.261471,0.654559,-0.383927,0.651268,2e-06,-2e-06,-1.2e-05,-2e-06,-8e-06,-1.9e-05,0.49916
84,0.138234,-0.06023,0.270772,-0.696336,0.043869,-0.716407,-0.358933,-0.885644,0.294572,-0.620697,0.462204,0.633348,-1.7e-05,-9.2e-05,-0.000155,-0.0,-0.0,-0.0,0.505041,-0.195058,-0.06956,0.271431,0.056797,0.904017,0.423696,-0.418473,-0.363628,0.83222,0.906315,-0.225703,0.357091,-0.030756,0.007497,0.042448,-0.030503,-0.006479,-0.004667,0.515299,0.029697,0.019873,-0.019564,-0.058554,-0.913341,0.402962,0.474238,0.329749,0.816311,-0.878447,0.238898,0.413833,-0.015697,0.009263,0.017137,-0.018491,-0.003486,0.010734,0.505913,0.07254,0.019632,-0.068353,0.701605,-0.012204,-0.71246,0.281479,0.923283,0.261375,0.654613,-0.383924,0.651216,-1e-05,-6.8e-05,-0.000119,1.2e-05,5e-06,-8e-06,0.498017
85,0.138135,-0.060223,0.270779,-0.696083,0.044071,-0.71664,-0.359164,-0.885633,0.294324,-0.620848,0.462205,0.633199,-0.016613,0.00116,0.001131,-0.000984,0.014715,-0.029553,0.50404,-0.196567,-0.069005,0.272817,0.056701,0.909842,0.411052,-0.424142,-0.350643,0.834917,0.903682,-0.222824,0.365473,-0.030724,0.006834,0.040847,0.057674,-0.195422,0.168386,0.515135,0.028943,0.020153,-0.018868,-0.059622,-0.918713,0.390399,0.47965,0.31662,0.818343,-0.875431,0.236046,0.421784,-0.024079,0.008803,0.016677,0.164986,-0.410059,0.55974,0.507546,0.072496,0.019635,-0.068351,0.701358,-0.012451,-0.712699,0.281725,0.923282,0.261112,0.654772,-0.383919,0.65106,1e-06,3e-06,1e-06,1.5e-05,9e-06,-6e-06,0.496384
86,0.137923,-0.060237,0.270827,-0.695902,0.044205,-0.716807,-0.359389,-0.885576,0.29422,-0.62092,0.462301,0.633058,1e-06,4e-06,6e-06,-0.0,-0.0,-0.0,0.503814,-0.198029,-0.068461,0.27406,0.059246,0.914244,0.400799,-0.428102,-0.339318,0.837571,0.901646,-0.22235,0.370752,-0.031458,0.015616,0.028412,0.030741,-0.043389,0.053542,0.515152,0.028201,0.020429,-0.018227,-0.062552,-0.922856,0.38003,0.483481,0.305095,0.820465,-0.873117,0.235059,0.427099,-0.015767,0.007697,0.014043,0.005133,-0.039774,0.073288,0.508036,0.072384,0.019629,-0.068327,0.701204,-0.012591,-0.712848,0.281941,0.923241,0.261027,0.654844,-0.384014,0.65093,-1e-06,-1e-06,-0.0,2.2e-05,1e-05,-1.2e-05,0.495731
87,0.137697,-0.060255,0.270846,-0.695487,0.044536,-0.717189,-0.359816,-0.885521,0.293864,-0.621138,0.462374,0.632791,-2.2e-05,-0.000118,-0.000198,0.0,0.0,0.0,0.504814,-0.199287,-0.067975,0.275081,0.067355,0.916987,0.39318,-0.433862,-0.327827,0.839183,0.898308,-0.228257,0.37524,-0.031769,0.012556,0.022985,0.031445,-0.113997,0.209218,0.515142,0.027583,0.02067,-0.017721,-0.071165,-0.925091,0.373017,0.488923,0.293607,0.82143,-0.869418,0.240834,0.431404,-0.015923,0.006142,0.011304,0.087644,-0.410697,0.802355,0.508036,0.072271,0.019619,-0.068317,0.70082,-0.012971,-0.713219,0.282373,0.923208,0.260674,0.655069,-0.384079,0.650666,-0.008322,0.000517,0.000456,-0.000969,0.014718,-0.029579,0.496058
88,0.137608,-0.060258,0.270837,-0.695152,0.04481,-0.717496,-0.360123,-0.885507,0.293532,-0.621334,0.462376,0.632597,-4.9e-05,-0.000261,-0.000439,0.0,0.0,0.0,0.505232,-0.199823,-0.067766,0.275484,0.067281,0.918042,0.390721,-0.433969,-0.325578,0.840002,0.898261,-0.227227,0.375975,-0.032008,0.010522,0.01949,-0.002283,0.016379,-0.033323,0.514859,0.027304,0.020781,-0.017509,-0.071346,-0.926166,0.370304,0.488882,0.29113,0.822336,-0.869426,0.239706,0.432016,-0.016041,0.005112,0.009523,-0.005463,0.022229,-0.038183,0.508526,0.072226,0.019618,-0.068321,0.700511,-0.013283,-0.713516,0.282682,0.923207,0.260343,0.655265,-0.384072,0.650472,-3.3e-05,-0.000159,-0.000263,7e-06,-1.7e-05,-1.7e-05,0.496384
89,0.137517,-0.060269,0.270813,-0.694659,0.045219,-0.717949,-0.36058,-0.885484,0.293038,-0.621622,0.462378,0.632313,-6.7e-05,-0.000355,-0.000598,0.0,0.0,0.0,0.507333,-0.200591,-0.067431,0.276109,0.064659,0.920273,0.385886,-0.435724,-0.321729,0.840577,0.897608,-0.223643,0.379666,-0.015685,0.007387,0.013192,0.000485,0.000221,-0.004719,0.514868,0.02692,0.020948,-0.017197,-0.069024,-0.928327,0.3653,0.490617,0.287244,0.822669,-0.868636,0.236007,0.435626,-0.007879,0.003519,0.006324,-0.009774,0.007254,-0.005667,0.509016,0.072181,0.019612,-0.068333,0.700057,-0.013748,-0.713953,0.283141,0.923205,0.259852,0.655553,-0.384061,0.650189,-4e-05,-0.000214,-0.000356,1.8e-05,-1e-06,-6e-06,0.498507
90,0.137546,-0.060333,0.270748,-0.694027,0.04577,-0.718525,-0.361211,-0.885431,0.292421,-0.621962,0.462425,0.631945,0.016295,-0.002889,-0.004022,0.000301,-0.000245,0.004638,0.508041,-0.20091,-0.067212,0.27651,0.070073,0.920743,0.383812,-0.437717,-0.317237,0.841247,0.896224,-0.228103,0.380283,0.000724,0.005224,0.008619,0.001749,-0.01394,0.025161,0.514097,0.026759,0.021053,-0.017003,-0.074651,-0.928582,0.363541,0.492454,0.282676,0.823153,-0.86713,0.240477,0.436182,0.000324,0.002393,0.003958,0.001449,-0.010783,0.021742,0.508852,0.07219,0.019583,-0.068361,0.699478,-0.014369,-0.714509,0.283775,0.923182,0.25924,0.655897,-0.384093,0.649823,-9.2e-05,-0.000501,-0.000843,1.6e-05,2e-06,-1e-06,0.50063
91,0.13759,-0.060368,0.270692,-0.693782,0.045986,-0.718747,-0.361444,-0.88542,0.292166,-0.622099,0.462425,0.631809,-0.000361,-0.001915,-0.003228,-0.000684,0.014469,-0.024915,0.508248,-0.200949,-0.067129,0.276649,0.070109,0.920452,0.384505,-0.437723,-0.317855,0.841012,0.896218,-0.228422,0.380104,0.000611,0.004408,0.007264,0.001749,-0.013939,0.02516,0.513036,0.02674,0.021096,-0.016931,-0.074659,-0.928301,0.364255,0.492467,0.283303,0.822931,-0.867122,0.240823,0.436006,0.000284,0.00209,0.003448,0.001954,-0.012979,0.025044,0.508036,0.072218,0.019566,-0.068389,0.69924,-0.014629,-0.714736,0.284024,0.923181,0.258971,0.656043,-0.384085,0.64968,0.008171,-0.00133,-0.001818,0.000997,-0.01471,0.029552,0.50112
92,0.137679,-0.060433,0.270587,-0.693465,0.04627,-0.719034,-0.361748,-0.885406,0.291834,-0.622276,0.462424,0.631636,-0.000255,-0.001358,-0.002291,0.0,0.0,0.0,0.506124,-0.200844,-0.066995,0.276846,0.070134,0.921028,0.383117,-0.437872,-0.31654,0.84143,0.896144,-0.227922,0.38058,0.000437,0.003168,0.00521,0.001749,-0.01394,0.02516,0.509888,0.026792,0.02116,-0.016838,-0.0748,-0.92883,0.362875,0.492609,0.281977,0.823301,-0.867029,0.240339,0.436458,0.008525,0.001368,0.001776,0.003888,-0.028264,0.053948,0.50526,0.072262,0.019531,-0.068446,0.698963,-0.014936,-0.715001,0.284317,0.92318,0.258654,0.656212,-0.384076,0.649515,-0.000154,-0.000828,-0.001399,-7e-06,-2e-06,-1.2e-05,0.500467
93,0.137707,-0.060493,0.270508,-0.693301,0.046419,-0.719183,-0.361923,-0.885385,0.291678,-0.622357,0.462447,0.631539,-0.000126,-0.000668,-0.001127,0.0,0.0,0.0,0.504711,-0.20067,-0.066905,0.276983,0.070203,0.92057,0.384206,-0.43788,-0.317505,0.841062,0.896134,-0.228434,0.380295,0.000363,0.002646,0.004346,0.001749,-0.01394,0.02516,0.507351,0.026879,0.021205,-0.016768,-0.074813,-0.928403,0.363963,0.492628,0.28293,0.822962,-0.867017,0.240867,0.436191,0.000171,0.001269,0.002078,0.001875,-0.013623,0.025311,0.502811,0.072276,0.019499,-0.068489,0.698812,-0.015104,-0.715145,0.284493,0.923169,0.258499,0.656296,-0.384096,0.649418,-5.6e-05,-0.000298,-0.000502,-6e-06,-1.3e-05,-4e-06,0.498181
94,0.137689,-0.060535,0.270476,-0.692953,0.046719,-0.719499,-0.362283,-0.885345,0.291354,-0.622536,0.462494,0.631328,-2.7e-05,-0.000143,-0.000241,0.004723,-0.099843,0.171952,0.504214,-0.200492,-0.066793,0.277158,0.067779,0.920225,0.385466,-0.439394,-0.319216,0.839624,0.895583,-0.227433,0.38219,0.000484,0.003546,0.005812,0.044977,-0.060911,-0.03693,0.499655,0.026968,0.021259,-0.016684,-0.072386,-0.928147,0.365107,0.494333,0.284555,0.821378,-0.866253,0.239941,0.438216,0.000249,0.001851,0.003033,0.027477,-0.056932,-0.03357,0.496279,0.072267,0.019478,-0.068505,0.698578,-0.015354,-0.715368,0.284769,0.923147,0.258272,0.656425,-0.384138,0.649263,-8e-06,-3.7e-05,-6.4e-05,4e-06,1.3e-05,-5e-06,0.497201
95,0.137676,-0.060555,0.270482,-0.692818,0.046838,-0.719622,-0.362444,-0.885314,0.291247,-0.622593,0.462541,0.631238,-4e-06,-2e-05,-3.4e-05,0.0,0.0,0.0,0.503085,-0.200405,-0.06669,0.277303,0.067803,0.920059,0.385857,-0.439419,-0.319556,0.839481,0.895568,-0.227624,0.382109,0.00011,0.015622,-0.000727,0.038689,-0.026343,0.042368,0.49683,0.027011,0.021302,-0.016616,-0.072238,-0.927991,0.365531,0.494185,0.285037,0.8213,-0.866349,0.239969,0.438009,0.008699,0.002724,0.003972,-0.017551,0.069897,-0.117063,0.492197,0.07226,0.019468,-0.068501,0.698368,-0.015579,-0.715568,0.285021,0.923125,0.258072,0.656539,-0.384182,0.649122,6e-06,2.6e-05,4.4e-05,8e-06,4e-06,2e-06,0.496384
96,0.137627,-0.06058,0.27054,-0.692333,0.047258,-0.720061,-0.362982,-0.88523,0.290833,-0.622819,0.462659,0.630929,9.3e-05,0.000492,0.00083,0.0,0.0,0.0,0.500761,-0.200283,-0.066455,0.277721,0.065336,0.920006,0.386407,-0.440874,-0.320655,0.838298,0.89504,-0.22628,0.38414,0.017596,0.006995,0.010438,0.005536,-0.031507,0.052974,0.488575,0.027065,0.021421,-0.016414,-0.069692,-0.928011,0.365975,0.495669,0.286161,0.820014,-0.86571,0.238551,0.440043,0.000518,0.003872,0.006312,-0.010214,-0.025042,0.052707,0.482562,0.072236,0.019456,-0.068472,0.697923,-0.016054,-0.715991,0.285566,0.923071,0.257662,0.656775,-0.384292,0.648817,5.3e-05,0.000281,0.000475,5e-06,-3e-06,-4e-06,0.493445
97,0.13754,-0.060635,0.270604,-0.691955,0.04759,-0.720402,-0.363471,-0.885114,0.290574,-0.622954,0.462846,0.630658,1e-06,3e-06,5e-06,0.0,0.0,0.0,0.499629,-0.200253,-0.06615,0.278237,0.060365,0.920048,0.387115,-0.443839,-0.322513,0.836018,0.89393,-0.223436,0.388368,0.001189,0.008815,0.014305,0.063093,-0.01739,-0.208878,0.480383,0.027087,0.021576,-0.016153,-0.065036,-0.928253,0.366216,0.498555,0.287682,0.817729,-0.864414,0.235761,0.444076,0.000632,0.004738,0.007689,0.092851,-0.148797,-0.02295,0.471296,0.072193,0.01943,-0.068438,0.697662,-0.016339,-0.71624,0.285978,0.922988,0.257504,0.656874,-0.384479,0.648607,-9.5e-05,-0.005488,0.004205,-0.035448,0.014155,-0.017722,0.490996
98,0.13749,-0.060652,0.270634,-0.691848,0.047682,-0.720499,-0.363621,-0.885072,0.290515,-0.622985,0.462917,0.630575,-0.01646,0.002072,0.002648,-0.000299,0.000259,-0.004631,0.498657,-0.200252,-0.065952,0.27856,0.057854,0.920273,0.386966,-0.445329,-0.323004,0.835036,0.893358,-0.221789,0.39062,0.001316,0.009783,0.015827,0.040862,-0.066971,-0.006985,0.477848,0.027087,0.021671,-0.015998,-0.062263,-0.928485,0.366111,0.500158,0.288411,0.816491,-0.863691,0.233951,0.446432,-0.007617,0.005223,0.008935,0.029401,-0.078345,-0.017659,0.46656,0.072174,0.019419,-0.068427,0.697477,-0.016537,-0.716415,0.286219,0.922956,0.257349,0.656965,-0.384547,0.648474,-1e-06,-4e-06,-8e-06,-5e-06,-6e-06,1e-06,0.490016
