frame,MLTx,MLTy,MLTz,MLTR1,MLTR2,MLTR3,MLTR4,MLTR5,MLTR6,MLTR7,MLTR8,MLTR9,MLTTVx,MLTTVy,MLTTVz,MLTRVx,MLTRVy,MLTRVz,MLGA,MRTx,MRTy,MRTz,MRTR1,MRTR2,MRTR3,MRTR4,MRTR5,MRTR6,MRTR7,MRTR8,MRTR9,MRTTVx,MRTTVy,MRTTVz,MRTRVx,MRTRVy,MRTRVz,MRGA,SLTx,SLTy,SLTz,SLTR1,SLTR2,SLTR3,SLTR4,SLTR5,SLTR6,SLTR7,SLTR8,SLTR9,SLTTVx,SLTTVy,SLTTVz,SLTRVx,SLTRVy,SLTRVz,SLGA,SRTx,SRTy,SRTz,SRTR1,SRTR2,SRTR3,SRTR4,SRTR5,SRTR6,SRTR7,SRTR8,SRTR9,SRTTVx,SRTTVy,SRTTVz,SRTRVx,SRTRVy,SRTRVz,SRGA
860,0.195037,0.002083,0.307861,-0.509429,-0.198989,-0.837216,-0.399698,-0.80688,0.434923,-0.76145,0.55644,0.332559,-0.016911,0.039475,-0.074882,-0.722389,-0.831098,-2.638711,0.277088,-0.181451,0.012274,0.337621,-0.573688,-0.460649,0.677256,0.814164,-0.410322,0.41074,0.089394,0.7876,0.609556,-0.003111,0.000874,-0.050439,-0.648706,0.961145,0.587959,0.342142,0.034996,0.049164,0.000882,0.573811,0.555481,0.601813,-0.818166,0.421676,0.390885,-0.036641,-0.716679,0.696439,-0.001532,0.000313,-0.025311,-0.372483,0.612717,0.393934,0.032534,0.096729,0.043695,-0.063575,0.515113,0.192749,-0.835168,0.392378,0.813261,0.429703,0.762035,-0.549047,0.343291,-0.008659,0.025104,-0.041637,-0.075645,-2.073867,-0.406301,0.127021
861,0.194713,0.00299,0.306308,-0.484793,-0.236671,-0.842026,-0.387676,-0.804834,0.449357,-0.783444,0.544569,0.299479,-0.01743,0.051012,-0.082557,-0.642361,-2.124695,-0.46363,0.318428,-0.181606,0.012277,0.336568,-0.587163,-0.434969,0.682666,0.802686,-0.421123,0.422237,0.104552,0.796421,0.59552,-0.01669,-0.003824,-0.053353,0.688383,1.431782,1.347764,0.363126,0.034924,0.049169,0.000358,0.588476,0.530667,0.609989,-0.806948,0.432432,0.40229,-0.050297,-0.728968,0.682697,-0.002034,0.004228,-0.030789,3.203162,3.198268,3.836802,0.183251,0.096567,0.044145,-0.064348,0.492405,0.231608,-0.838983,0.378905,0.810762,0.446199,0.78356,-0.537607,0.311466,-0.008659,0.02581,-0.040955,-0.573712,-1.96428,-0.371696,0.171763
862,0.194083,0.005125,0.3029,-0.445706,-0.303185,-0.842301,-0.382535,-0.786182,0.485342,-0.808801,0.538903,0.235479,-0.017873,0.058988,-0.093863,-0.649,-2.082182,-0.887839,0.389183,-0.182148,0.01243,0.334008,-0.608285,-0.389206,0.691737,0.784439,-0.427039,0.449697,0.121126,0.816643,0.564168,-0.017758,-0.001333,-0.068903,-0.609686,0.968863,0.54575,0.390835,0.034653,0.049247,-0.000914,0.612105,0.487248,0.622828,-0.787811,0.443886,0.426987,-0.068416,-0.752032,0.655565,-0.009177,0.005216,-0.038219,-0.28513,0.554667,0.390702,0.304086,0.096252,0.045217,-0.06604,0.453174,0.29697,-0.8405,0.373593,0.792803,0.481549,0.809358,-0.532231,0.248332,-0.008862,0.029265,-0.04714,-0.510566,-1.694787,-0.884985,0.273329
863,0.193468,0.007557,0.298946,-0.403131,-0.368277,-0.837796,-0.373048,-0.769835,0.517842,-0.835179,0.521752,0.174007,-0.0041,0.065988,-0.106956,4.322822,-4.259519,-1.618852,0.459184,-0.183033,0.012836,0.330767,-0.634553,-0.351411,0.688364,0.762219,-0.431335,0.482604,0.12811,0.831348,0.540659,-0.032983,0.014594,-0.089875,-0.397942,0.78697,0.440213,0.396229,0.034215,0.04944,-0.002529,0.640263,0.449585,0.622845,-0.764441,0.452556,0.459153,-0.075444,-0.770107,0.633436,-0.009707,0.007055,-0.045615,-0.413157,0.801222,0.550754,0.34001,0.095939,0.046433,-0.06801,0.410479,0.362647,-0.836655,0.36899,0.772984,0.516082,0.833877,-0.520559,0.183481,-0.009066,0.032579,-0.053518,-0.475499,-1.676361,-0.891156,0.37457
864,0.192912,0.010186,0.294497,-0.361806,-0.429869,-0.827257,-0.363169,-0.752284,0.549681,-0.858179,0.499844,0.117099,-0.018747,0.074236,-0.117435,-0.150831,-1.358616,-0.869858,0.502681,-0.184129,0.013612,0.3269,-0.657288,-0.314837,0.68472,0.739628,-0.44329,0.506337,0.14493,0.839628,0.523339,-0.034582,0.034968,-0.108224,-0.258109,0.599913,0.585481,0.37734,0.03368,0.049805,-0.004425,0.664096,0.414266,0.622382,-0.741906,0.468106,0.480052,-0.092472,-0.78055,0.618214,-0.010459,0.017695,-0.054389,0.044392,0.240844,0.368544,0.335111,0.095673,0.047718,-0.070191,0.367882,0.424236,-0.827457,0.354558,0.758637,0.546587,0.859622,-0.494462,0.128673,-0.00222,0.037149,-0.058995,1.109232,-2.198354,-1.013169,0.458011
865,0.192645,0.011417,0.292385,-0.347906,-0.44987,-0.822571,-0.362059,-0.74485,0.560431,-0.864387,0.493353,0.097287,-0.018244,0.062831,-0.109987,-0.161458,-1.101299,-0.520202,0.509427,-0.18464,0.01426,0.324918,-0.663238,-0.306406,0.682804,0.733848,-0.444774,0.513397,0.147208,0.841949,0.518956,-0.020988,0.037703,-0.10716,-0.16297,0.558237,0.356842,0.365499,0.033407,0.05013,-0.00546,0.670548,0.405441,0.621274,-0.735753,0.470723,0.486915,-0.095033,-0.783605,0.613947,-0.017209,0.018676,-0.053189,-0.153434,0.499843,0.520092,0.322701,0.095532,0.048358,-0.071295,0.352554,0.446083,-0.822626,0.352951,0.750759,0.558377,0.866677,-0.487205,0.107238,-0.009033,0.030991,-0.055418,-0.162151,-1.007954,-0.725429,0.483321
866,0.191725,0.013904,0.288065,-0.327727,-0.475885,-0.816194,-0.357364,-0.737283,0.573303,-0.874191,0.480155,0.072583,-0.031931,0.053303,-0.100072,0.103719,-0.47493,-0.143785,0.490904,-0.18543,0.016396,0.320445,-0.674664,-0.296824,0.675806,0.722345,-0.453252,0.52222,0.15214,0.840846,0.51932,-0.008469,0.067661,-0.117762,0.19818,0.127978,0.206544,0.358678,0.033014,0.051153,-0.007655,0.682393,0.394453,0.615424,-0.724117,0.479911,0.495317,-0.099969,-0.78364,0.613118,-0.004197,0.033288,-0.059327,0.115743,-0.049093,0.585857,0.302943,0.09509,0.049574,-0.073425,0.331683,0.472632,-0.816458,0.348315,0.742947,0.57158,0.876733,-0.473969,0.081798,-0.015886,0.026314,-0.050375,0.036488,-0.601994,-0.238336,0.489689
867,0.190068,0.016149,0.284269,-0.326488,-0.478561,-0.815126,-0.353048,-0.738229,0.574758,-0.876406,0.476022,0.073087,-0.060227,0.057053,-0.094953,0.276923,0.039042,-0.091771,0.488132,-0.185664,0.019224,0.316026,-0.694239,-0.291936,0.657873,0.703852,-0.465824,0.536222,0.150773,0.835663,0.528014,0.005403,0.075433,-0.111879,0.009378,-0.268735,0.95839,0.367474,0.032886,0.052614,-0.009955,0.701354,0.389164,0.597203,-0.705939,0.495279,0.506308,-0.098745,-0.776691,0.622093,0.002783,0.038059,-0.055625,-0.090842,-0.260474,1.048791,0.305555,0.09426,0.050717,-0.075369,0.330339,0.475043,-0.815603,0.343628,0.744283,0.57268,0.879087,-0.469443,0.082628,-0.02296,0.029055,-0.047208,0.286872,0.050882,-0.043645,0.477443
868,0.188899,0.017212,0.282483,-0.324499,-0.477979,-0.816261,-0.349727,-0.741183,0.572983,-0.878475,0.471993,0.074372,-0.059741,0.048324,-0.084706,0.249165,-0.08794,0.070014,0.484742,-0.185623,0.020904,0.313796,-0.706363,-0.290074,0.645677,0.692199,-0.47324,0.544829,0.148397,0.832133,0.534224,0.004943,0.09136,-0.115348,-0.105707,-1.55711,2.464451,0.371889,0.032906,0.053452,-0.011072,0.712736,0.38643,0.585386,-0.694748,0.503844,0.513288,-0.096594,-0.772535,0.62758,0.002552,0.045992,-0.057384,-0.196721,-1.484861,2.490326,0.310454,0.093697,0.051232,-0.076237,0.328579,0.474198,-0.816805,0.340487,0.747198,0.570756,0.880967,-0.46565,0.084055,-0.029804,0.024394,-0.042062,0.240365,0.043637,-0.085651,0.474503
869,0.186165,0.018775,0.279593,-0.321569,-0.467899,-0.823231,-0.357651,-0.74499,0.56307,-0.876364,0.476075,0.07325,-0.073008,0.029803,-0.064778,0.327027,0.345048,0.294481,0.473404,-0.185534,0.024563,0.30936,-0.732106,-0.276648,0.622477,0.665573,-0.484457,0.567669,0.145429,0.830231,0.537988,0.004994,0.093523,-0.112995,-0.03293,0.117652,0.820934,0.380609,0.032951,0.055291,-0.013282,0.738752,0.371574,0.562296,-0.667557,0.518279,0.534559,-0.092798,-0.770271,0.630927,0.002571,0.046931,-0.056345,-0.098024,0.154779,0.855251,0.323028,0.092346,0.052021,-0.077697,0.32449,0.466238,-0.822999,0.348926,0.749715,0.562296,0.879179,-0.469625,0.080592,-0.036446,0.015462,-0.031715,-0.236398,0.226682,0.052575,0.462257
870,0.182886,0.019875,0.277468,-0.319205,-0.453452,-0.832187,-0.366105,-0.750953,0.549553,-0.873738,0.480649,0.074737,-0.086648,0.026889,-0.047627,-0.111093,0.39775,0.435327,0.438972,-0.185595,0.028076,0.305141,-0.753051,-0.249453,0.608835,0.64077,-0.487586,0.592964,0.14988,0.836953,0.526221,-0.007734,0.08434,-0.102067,-0.132785,0.352078,0.672864,0.31719,0.032923,0.057015,-0.015353,0.760226,0.343741,0.551268,-0.642368,0.524489,0.558815,-0.097046,-0.778943,0.619539,0.002925,0.042336,-0.051397,-0.24702,0.343369,0.958234,0.292492,0.090679,0.052582,-0.0788,0.323242,0.450299,-0.832313,0.356664,0.756697,0.547905,0.87653,-0.473962,0.083991,-0.050374,0.01329,-0.023651,-1.011107,1.350338,0.428804,0.432048
871,0.179075,0.020702,0.276274,-0.328991,-0.431072,-0.84023,-0.369349,-0.760145,0.53454,-0.868719,0.48673,0.091915,-0.099772,0.01605,-0.019088,0.346278,0.382996,0.545726,0.323888,-0.185342,0.0313,0.301539,-0.765677,-0.220012,0.60442,0.623161,-0.486013,0.612696,0.159909,0.846039,0.508439,0.020806,0.072491,-0.078755,-0.163499,0.144372,0.865229,0.178799,0.033039,0.058619,-0.017175,0.77379,0.314392,0.549914,-0.624227,0.525995,0.57764,-0.107647,-0.790244,0.603262,0.010144,0.042066,-0.042985,-0.280331,0.392158,0.797048,0.16137,0.088778,0.052993,-0.079415,0.333453,0.427829,-0.840101,0.36033,0.765611,0.532917,0.871188,-0.480417,0.101135,-0.049716,0.002535,-0.005518,0.431667,0.738275,0.550912,0.336523
872,0.176977,0.020965,0.276096,-0.341721,-0.411305,-0.845045,-0.380152,-0.761834,0.524468,-0.85908,0.500975,0.105032,-0.113368,0.010732,-0.004525,-0.997193,1.588646,0.702724,0.212102,-0.184955,0.032912,0.300055,-0.768304,-0.208009,0.605336,0.618311,-0.485188,0.618238,0.166059,0.849526,0.500592,0.021126,0.082074,-0.069629,-0.060388,0.522429,0.149684,0.108222,0.033219,0.059382,-0.017901,0.778303,0.30294,0.549973,-0.617692,0.526625,0.584056,-0.112695,-0.794287,0.596998,0.01095,0.035242,-0.031238,-0.300949,0.295686,0.77208,0.066825,0.087735,0.053125,-0.079511,0.345211,0.40918,-0.84463,0.369955,0.767758,0.523145,0.862532,-0.493071,0.11366,-0.056796,0.005718,-0.001764,-4.229934,3.577177,1.331555,0.231037
873,0.172337,0.021173,0.276583,-0.370446,-0.363984,-0.854594,-0.397794,-0.76924,0.500002,-0.838925,0.525626,0.141239,-0.12629,0.001321,0.025256,0.376157,0.950733,0.435313,-0.155338,-0.183666,0.03565,0.298259,-0.766624,-0.201671,0.609596,0.617887,-0.489405,0.615331,0.175199,0.848626,0.499001,0.037464,0.051522,-0.026915,0.144106,0.060997,-0.036767,-0.100537,0.033885,0.060809,-0.018855,0.776253,0.295853,0.556687,-0.618141,0.530635,0.579938,-0.123821,-0.79429,0.594786,0.018812,0.026653,-0.012653,0.166804,0.046329,-0.057499,-0.154761,0.08542,0.053229,-0.079283,0.375517,0.360107,-0.853996,0.38894,0.775139,0.497879,0.841256,-0.519115,0.151018,-0.063192,0.007128,0.009861,0.543773,1.044289,0.794502,-0.079215
874,0.16701,0.021566,0.278089,-0.409236,-0.299558,-0.86188,-0.409059,-0.784115,0.466697,-0.815112,0.543918,0.199428,-0.138755,0.006946,0.051122,0.682434,1.657916,0.964895,-0.596208,-0.181832,0.037138,0.297961,-0.749939,-0.210212,0.627211,0.634576,-0.495913,0.59272,0.187377,0.842765,0.504479,0.053634,0.017257,0.011846,0.275046,1.555151,-2.339362,-0.752164,0.034783,0.061548,-0.019007,0.761467,0.305896,0.571483,-0.634001,0.535014,0.558392,-0.134942,-0.787519,0.601335,0.026866,0.009313,0.006532,0.391374,-0.340893,-0.319954,-0.441662,0.082761,0.053422,-0.078543,0.413774,0.298154,-0.860171,0.400528,0.788872,0.466108,0.817537,-0.537386,0.206995,-0.06932,0.01085,0.023827,0.63268,1.367241,1.047987,-0.386854
875,0.164316,0.021818,0.279228,-0.435401,-0.260265,-0.86182,-0.42319,-0.785778,0.451039,-0.794053,0.561416,0.233063,-0.137737,0.003565,0.066807,-0.867004,2.182711,1.208964,-0.861667,-0.180799,0.037425,0.298321,-0.736101,-0.222544,0.639235,0.648582,-0.501622,0.572409,0.194183,0.836211,0.512746,0.054356,0.010129,0.023029,0.68328,-0.603573,-0.641777,-1.27466,0.0353,0.061699,-0.018827,0.746377,0.317043,0.585152,-0.649891,0.536649,0.53819,-0.143393,-0.781978,0.606586,0.027193,0.0053,0.011699,0.800075,-0.479284,-1.065764,-0.589603,0.081414,0.053548,-0.077979,0.440588,0.257965,-0.859846,0.413241,0.792025,0.449364,0.796939,-0.553308,0.242355,-0.068935,0.008237,0.030765,-4.093613,3.968427,2.413608,-0.535286
876,0.159178,0.02211,0.282171,-0.471525,-0.175368,-0.864266,-0.445808,-0.798188,0.405121,-0.760312,0.576535,0.299265,-0.122099,0.001836,0.083147,0.567858,1.809804,1.129156,-1.452347,-0.178569,0.037794,0.299661,-0.69641,-0.253672,0.671309,0.685039,-0.513355,0.516839,0.214375,0.820108,0.530405,0.055852,-0.001021,0.048094,0.705809,-0.450383,-1.017324,-1.403393,0.036415,0.061886,-0.018167,0.706261,0.351315,0.614631,-0.688789,0.541617,0.481892,-0.163599,-0.763694,0.624504,0.034179,0.006354,0.020882,1.015019,-0.127863,-1.779842,-0.88418,0.07884,0.053704,-0.076503,0.477199,0.173843,-0.861428,0.437586,0.803069,0.404472,0.762101,-0.569963,0.307152,-0.067992,0.002337,0.043321,0.189249,1.664551,1.252059,-0.831658
877,0.154508,0.021957,0.285946,-0.491413,-0.10219,-0.864936,-0.470389,-0.804658,0.362258,-0.732393,0.584999,0.348432,-0.106713,-0.012392,0.105558,0.385932,1.070172,0.907399,-1.894076,-0.176061,0.037358,0.30199,-0.670322,-0.297375,0.679874,0.709088,-0.526437,0.469033,0.219261,0.796854,0.56286,0.070494,-0.018115,0.066402,0.721271,-0.648517,-1.080521,-1.404824,0.037665,0.061684,-0.017001,0.678903,0.394381,0.619317,-0.714748,0.547997,0.434551,-0.168005,-0.737673,0.65392,0.029012,-0.015227,0.036977,0.337787,-0.303142,-0.88173,-0.986889,0.0765,0.053636,-0.07462,0.498358,0.098778,-0.861325,0.462713,0.809854,0.360599,0.733167,-0.578255,0.357891,-0.053379,-0.005878,0.053241,0.445373,0.742226,1.495409,-1.094882
878,0.150552,0.021654,0.290225,-0.495816,-0.053471,-0.866806,-0.484276,-0.81149,0.327004,-0.720279,0.58197,0.377538,-0.10538,-0.00587,0.1107,0.076612,0.46495,0.457729,-1.91771,-0.173553,0.036068,0.305176,-0.662064,-0.327747,0.673976,0.719526,-0.529188,0.449641,0.21011,0.783034,0.585298,0.059672,-0.047,0.093961,0.310863,-0.454639,-0.725422,-1.405241,0.038923,0.061051,-0.015416,0.668968,0.423944,0.610533,-0.726258,0.547639,0.415499,-0.158204,-0.721361,0.674246,0.035984,-0.017431,0.04304,-0.049141,-0.084584,-0.385993,-0.976602,0.074522,0.053489,-0.072474,0.503425,0.04845,-0.862679,0.477059,0.816861,0.32427,0.7204,-0.574795,0.388115,-0.04575,-0.002817,0.055578,0.097436,0.459132,0.515915,-1.081982
879,0.148821,0.021482,0.292419,-0.495056,-0.036704,-0.868112,-0.489229,-0.813906,0.313342,-0.717452,0.57987,0.386057,-0.091026,-0.005212,0.110505,0.168862,0.690072,0.573329,-1.917696,-0.172349,0.035154,0.307083,-0.658477,-0.334326,0.67426,0.723836,-0.526293,0.446105,0.206528,0.782211,0.587668,0.059653,-0.045377,0.095233,0.146827,-0.381282,-0.443863,-1.405261,0.039503,0.060619,-0.014498,0.665016,0.43048,0.610278,-0.730656,0.544154,0.412355,-0.154575,-0.720126,0.676405,0.029776,-0.022446,0.047819,-0.267143,0.02722,-0.115618,-0.994564,0.073618,0.053404,-0.071331,0.502153,0.033625,-0.864124,0.482296,0.818518,0.312119,0.717796,-0.573496,0.394804,-0.045562,-0.002409,0.055542,0.09235,0.577766,0.476974,-1.093576
880,0.145881,0.021074,0.296866,-0.490311,-0.021419,-0.87131,-0.499104,-0.81265,0.300776,-0.713909,0.582372,0.388849,-0.063209,-0.018834,0.11423,-0.198489,0.0414,0.129097,-1.917256,-0.170241,0.033209,0.311164,-0.649354,-0.338623,0.680929,0.732743,-0.517867,0.441401,0.203964,0.785986,0.583514,0.047253,-0.051475,0.108113,-0.174779,-0.119865,-0.089159,-1.405387,0.040567,0.059647,-0.012464,0.655331,0.436344,0.616558,-0.739881,0.535126,0.407695,-0.152042,-0.723355,0.673528,0.030163,-0.025177,0.053959,0.012371,0.397211,-0.68398,-1.001912,0.072196,0.053217,-0.069184,0.498245,0.016927,-0.86687,0.491918,0.817796,0.298706,0.71398,-0.575258,0.399136,-0.031628,-0.009061,0.057577,-0.216274,-0.127263,0.287204,-1.095209
881,0.143915,0.020434,0.301026,-0.482535,-0.010054,-0.875845,-0.510076,-0.809658,0.290254,-0.71146,0.586814,0.386654,-0.035832,-0.023854,0.108142,-0.210233,-0.115369,0.304094,-1.916502,-0.168569,0.031416,0.31527,-0.633833,-0.348711,0.690397,0.745922,-0.511321,0.426714,0.204997,0.785874,0.583303,0.033992,-0.051013,0.10931,0.184263,-0.392559,-0.601144,-1.404741,0.041413,0.058752,-0.010404,0.640673,0.444775,0.625869,-0.7524,0.526184,0.396262,-0.153075,-0.724779,0.671761,0.023063,-0.019249,0.050788,0.068567,0.372551,-0.716711,-0.999789,0.07118,0.052902,-0.067055,0.490406,0.005954,-0.871473,0.503036,0.814641,0.288641,0.711657,-0.579934,0.39651,-0.02464,-0.005118,0.051425,-0.188229,-0.158637,0.29614,-1.085411
882,0.143174,0.020062,0.303054,-0.479447,-0.003048,-0.877591,-0.515422,-0.808372,0.284333,-0.709697,0.588653,0.387097,-0.03601,-0.025478,0.106069,-0.107416,0.226308,0.306671,-1.915844,-0.167874,0.030692,0.317172,-0.628432,-0.357379,0.690902,0.751105,-0.509403,0.419861,0.202674,0.78323,0.587653,0.032089,-0.027393,0.094744,0.29834,-0.431508,-0.733437,-1.404746,0.041774,0.058368,-0.009408,0.634826,0.453334,0.625686,-0.757812,0.523275,0.389748,-0.15072,-0.721575,0.675731,0.016445,-0.019615,0.050947,-0.059975,-0.182019,-0.309017,-0.992278,0.070809,0.052718,-0.066039,0.48686,0.000243,-0.873479,0.508422,0.813062,0.283611,0.710262,-0.582175,0.395724,-0.017867,-0.006729,0.049593,0.022909,0.227928,0.61447,-1.084432
883,0.142164,0.019224,0.306894,-0.478028,0.012575,-0.87828,-0.524601,-0.806058,0.273927,-0.703912,0.591673,0.393012,-0.022672,-0.020612,0.091418,-0.030038,0.192048,0.555439,-1.916422,-0.166605,0.029456,0.320984,-0.61372,-0.379182,0.692503,0.764038,-0.505943,0.400252,0.199356,0.775206,0.599313,0.031986,-0.0278,0.093916,0.254707,-0.404884,-0.701433,-1.405018,0.042397,0.057763,-0.007535,0.619328,0.474733,0.625348,-0.771138,0.517512,0.370844,-0.147573,-0.711904,0.686595,0.015942,-0.014399,0.046541,0.013617,-0.147964,-0.507088,-0.992441,0.070303,0.052309,-0.064143,0.485777,-0.014924,-0.873954,0.517313,0.81085,0.273695,0.704561,-0.585063,0.401613,-0.011398,-0.01034,0.045713,0.124842,0.575665,0.623933,-1.085085
884,0.141914,0.018241,0.310115,-0.479314,0.033329,-0.877036,-0.532848,-0.805081,0.260555,-0.696811,0.59217,0.404741,-0.010227,-0.030336,0.081759,0.037231,0.477854,0.513545,-1.915799,-0.165638,0.028727,0.324223,-0.601842,-0.39673,0.693097,0.774136,-0.502699,0.384631,0.196566,0.768525,0.608764,0.030974,-0.019152,0.083584,-0.044671,-0.131302,-0.24471,-1.405056,0.042892,0.057388,-0.005874,0.605562,0.494212,0.623737,-0.782524,0.512355,0.353761,-0.144742,-0.702314,0.696996,0.008373,-0.003918,0.038499,-0.052937,-0.101318,-0.245691,-0.993584,0.070171,0.051817,-0.062491,0.486898,-0.035623,-0.872731,0.525822,0.809785,0.260304,0.697452,-0.585644,0.413014,0.001874,-0.009926,0.036645,0.073653,0.446673,0.604416,-1.083779
885,0.141995,0.017684,0.311547,-0.482106,0.044519,-0.875007,-0.536306,-0.804726,0.254487,-0.692218,0.591902,0.412932,0.002856,-0.035611,0.076697,-0.016474,0.34671,0.458724,-1.916049,-0.165208,0.028552,0.325809,-0.596858,-0.405557,0.692297,0.778365,-0.501712,0.377316,0.195046,0.764562,0.614219,0.029898,-0.006158,0.076963,0.151969,-0.344415,-0.342519,-1.405021,0.043101,0.057295,-0.005111,0.600939,0.500915,0.62286,-0.786385,0.510008,0.348552,-0.143068,-0.699267,0.700396,0.008343,-0.003652,0.038582,0.204294,-0.413892,-0.444909,-0.993911,0.070206,0.051541,-0.061773,0.490065,-0.047881,-0.870369,0.529305,0.809679,0.253484,0.692583,-0.584915,0.422139,0.001499,-0.012439,0.034202,0.078839,0.565684,0.400505,-1.083452
886,0.142393,0.016447,0.314072,-0.490013,0.07162,-0.868794,-0.54237,-0.805273,0.239461,-0.681863,0.588455,0.434524,0.015731,-0.033125,0.060594,0.046901,0.521817,0.365499,-1.915752,-0.164432,0.028631,0.32858,-0.591891,-0.41435,0.691354,0.782933,-0.499028,0.371378,0.191853,0.761608,0.618877,0.015646,0.005823,0.070298,-0.011918,-0.195344,-0.030282,-1.40503,0.043501,0.057325,-0.003695,0.594869,0.510656,0.620773,-0.791562,0.506514,0.341865,-0.139855,-0.694746,0.705526,0.013807,0.009539,0.031474,0.021704,-0.136922,-0.13302,-0.99587,0.0704,0.05092,-0.060505,0.497977,-0.075043,-0.863936,0.535522,0.810202,0.238301,0.682081,-0.581326,0.443649,0.007761,-0.017006,0.029879,0.110368,0.652707,0.454717,-1.083779
887,0.142997,0.015106,0.316251,-0.498783,0.103738,-0.860522,-0.548144,-0.806805,0.220396,-0.670797,0.581488,0.460359,0.015309,-0.026864,0.048091,0.244591,0.881502,0.63169,-1.915692,-0.163624,0.029142,0.331163,-0.588647,-0.418682,0.691514,0.786038,-0.495861,0.369053,0.189105,0.761313,0.620085,0.014518,0.016667,0.061516,-0.092977,0.012699,-0.060149,-1.4046,0.043894,0.057573,-0.002422,0.591486,0.514988,0.620427,-0.794583,0.503066,0.339945,-0.137048,-0.694053,0.706757,0.007226,0.008101,0.030579,-0.126211,0.055907,-0.068127,-0.995544,0.070695,0.050258,-0.059435,0.506236,-0.104745,-0.856009,0.541262,0.811341,0.220818,0.671386,-0.575112,0.467425,0.014391,-0.014575,0.022977,0.121843,0.595855,0.44271,-1.083779
888,0.14358,0.013834,0.318058,-0.512486,0.128311,-0.849081,-0.547248,-0.810767,0.207723,-0.661123,0.57095,0.486785,0.014634,-0.031676,0.04368,-0.133052,1.078584,-0.267529,-1.915661,-0.162792,0.029846,0.333319,-0.585774,-0.422991,0.691331,0.788649,-0.493755,0.366295,0.187131,0.760304,0.621919,0.013483,0.023847,0.049977,0.209064,-0.300146,-0.299445,-1.404661,0.044321,0.057934,-0.001313,0.589271,0.517084,0.620792,-0.796607,0.500064,0.339634,-0.134817,-0.694664,0.706587,0.013705,0.00631,0.028352,0.227985,-0.463443,-0.159224,-0.995707,0.070992,0.049608,-0.058511,0.519948,-0.131963,-0.843942,0.540835,0.815595,0.205675,0.661173,-0.563373,0.495437,0.007336,-0.01547,0.022165,-0.609735,2.363063,-1.599909,-1.087208
889,0.143875,0.013191,0.31894,-0.519271,0.143257,-0.842544,-0.549334,-0.811155,0.200579,-0.65406,0.566811,0.500958,0.014638,-0.031727,0.04364,0.102332,0.573163,0.380711,-1.915792,-0.162312,0.030272,0.334328,-0.587656,-0.419438,0.691898,0.786402,-0.496918,0.366848,0.190671,0.760207,0.620962,0.014498,0.009961,0.055549,-0.100152,0.063649,-0.089075,-1.404383,0.04455,0.058145,-0.000827,0.590573,0.515545,0.620833,-0.794991,0.503821,0.337865,-0.138605,-0.693091,0.707397,0.013175,0.011204,0.023751,0.017377,0.088603,0.078038,-0.995544,0.071134,0.049294,-0.05809,0.52733,-0.145813,-0.837054,0.542681,0.815837,0.199763,0.653772,-0.559595,0.509346,0.007218,-0.016398,0.021321,0.254963,0.900553,0.564961,-1.087371
890,0.14438,0.012081,0.320485,-0.537471,0.165603,-0.826889,-0.550985,-0.81125,0.195602,-0.637759,0.560524,0.528301,0.014882,-0.020792,0.035443,0.135609,0.553092,0.388212,-1.916054,-0.161362,0.031131,0.336019,-0.585733,-0.423719,0.69092,0.788167,-0.496181,0.364049,0.189289,0.758317,0.623689,0.026353,0.018158,0.043886,-0.007234,-0.043605,-0.10575,-1.40406,0.045031,0.058581,4.2e-05,0.588513,0.519493,0.619498,-0.796741,0.502792,0.335265,-0.137311,-0.690888,0.709801,0.012637,0.014702,0.018001,0.028239,-0.056941,-0.091336,-0.990155,0.071391,0.048719,-0.057302,0.545598,-0.168087,-0.821016,0.544513,0.81581,0.194829,0.637046,-0.553353,0.53663,0.007217,-0.016486,0.021251,0.189973,0.853375,0.321911,-1.083779
891,0.144818,0.01122,0.321985,-0.549956,0.183389,-0.814839,-0.55212,-0.811842,0.189861,-0.626024,0.554072,0.548748,0.001492,-0.017187,0.038712,0.107957,0.613585,0.149754,-1.915821,-0.160315,0.031961,0.337541,-0.587897,-0.422284,0.68996,0.785857,-0.500084,0.363702,0.192177,0.756549,0.624952,0.02628,0.015092,0.041258,-0.065129,0.025108,-0.055632,-1.403982,0.045554,0.058995,0.000802,0.590657,0.518123,0.618604,-0.794649,0.506691,0.334359,-0.140202,-0.689065,0.711007,0.019026,0.01339,0.016299,-0.038496,-0.073866,0.145302,-0.987053,0.071614,0.048282,-0.056558,0.55779,-0.185567,-0.80897,0.545819,0.816285,0.189101,0.62526,-0.547031,0.556602,0.007609,-0.009028,0.018931,0.210257,0.786144,0.295012,-1.085412
892,0.144992,0.010904,0.322728,-0.555065,0.189663,-0.809924,-0.55221,-0.812169,0.188193,-0.621418,0.551468,0.556552,0.0016,-0.01638,0.039409,0.083975,0.554416,0.109936,-1.916089,-0.159769,0.032399,0.338251,-0.587642,-0.424403,0.688876,0.786223,-0.500283,0.362636,0.191453,0.755232,0.626764,0.026189,0.014985,0.041015,-0.049629,0.006407,-0.069128,-1.403581,0.045827,0.059211,0.001155,0.59029,0.520111,0.617285,-0.795043,0.506801,0.333254,-0.139512,-0.687485,0.71267,0.018968,0.013282,0.016137,-0.020843,-0.109236,0.154165,-0.988196,0.071701,0.048124,-0.056186,0.562866,-0.191763,-0.803995,0.545948,0.816581,0.187446,0.620582,-0.544446,0.564318,0.007673,-0.008548,0.019346,0.181068,0.715816,0.245243,-1.088187
893,0.145339,0.010356,0.324235,-0.56335,0.200144,-0.801638,-0.552769,-0.812395,0.185562,-0.613413,0.547404,0.569298,0.015511,-0.016081,0.039547,-0.017448,0.18993,0.148784,-1.915953,-0.158743,0.033131,0.3396,-0.58668,-0.428658,0.687059,0.787269,-0.500375,0.360231,0.190094,0.752768,0.630133,0.025141,0.022003,0.029786,0.126735,-0.250537,-0.019658,-1.404068,0.04634,0.059577,0.001836,0.589283,0.52344,0.615431,-0.796023,0.506433,0.331468,-0.138171,-0.685226,0.715103,0.013091,0.005319,0.018771,0.159421,-0.227387,-0.230252,-0.989175,0.071869,0.047851,-0.055432,0.571547,-0.203147,-0.795025,0.546519,0.81695,0.184146,0.612086,-0.539744,0.577949,0.000895,-0.007301,0.02046,-0.02329,0.318203,-0.042311,-1.093249
894,0.145637,0.009959,0.325806,-0.567536,0.209239,-0.796346,-0.554172,-0.812372,0.181428,-0.608268,0.544016,0.578,0.002282,-0.011213,0.043828,-0.077162,0.173931,-0.102886,-1.916224,-0.1578,0.033578,0.340873,-0.585281,-0.43295,0.68556,0.788658,-0.500003,0.3577,0.188637,0.750561,0.633197,0.025277,0.016368,0.025527,0.125929,-0.249768,-0.018496,-1.403927,0.046806,0.059804,0.002463,0.587822,0.527282,0.613545,-0.797356,0.505775,0.329262,-0.136702,-0.682762,0.717737,0.013166,0.002531,0.016671,0.226069,-0.37906,-0.125998,-0.993421,0.072023,0.047647,-0.054651,0.575665,-0.212478,-0.789596,0.548059,0.816897,0.179746,0.606827,-0.536219,0.58671,0.007965,-0.006228,0.021325,-0.108979,0.124312,-0.12589,-1.100598
895,0.145814,0.009807,0.327468,-0.572609,0.220881,-0.789541,-0.556164,-0.812191,0.17607,-0.601661,0.539655,0.5889,0.002855,-0.006836,0.047506,0.073431,0.383169,0.263851,-1.915891,-0.157038,0.033753,0.342009,-0.586287,-0.433827,0.684144,0.787209,-0.504115,0.355111,0.191553,0.747296,0.636176,0.026504,0.000927,0.030305,0.175103,-0.237397,-0.313438,-1.403834,0.047192,0.059897,0.003041,0.589011,0.527483,0.61223,-0.795978,0.509538,0.326784,-0.139582,-0.679802,0.719989,0.006877,-8.7e-05,0.015281,0.3774,-0.528762,-0.260602,-0.990645,0.072111,0.047568,-0.053823,0.580476,-0.222305,-0.783343,0.549852,0.816568,0.17572,0.60059,-0.532725,0.596234,0.001446,-0.003115,0.024019,0.186344,0.582125,0.377693,-1.102394
896,0.145874,0.009776,0.328362,-0.57413,0.225784,-0.787046,-0.557505,-0.811772,0.173741,-0.598966,0.538247,0.592922,0.00301,-0.005612,0.048467,0.029755,0.288724,0.203513,-1.916389,-0.156754,0.033769,0.342546,-0.586358,-0.433817,0.684089,0.787392,-0.503247,0.355935,0.190578,0.747886,0.635775,0.013893,-0.002355,0.029009,-0.063418,-0.030922,0.037534,-1.403837,0.047339,0.059907,0.00331,0.588413,0.528844,0.611632,-0.796581,0.508882,0.326338,-0.138667,-0.679236,0.7207,0.006386,0.004257,0.010405,-0.049523,-0.020826,0.067267,-0.991788,0.072141,0.047554,-0.053375,0.582174,-0.227823,-0.780493,0.551237,0.816233,0.172916,0.59767,-0.530904,0.600774,0.00153,-0.002428,0.024565,0.088311,0.395816,0.265746,-1.102557
897,0.145996,0.009791,0.330264,-0.576236,0.236014,-0.782492,-0.560792,-0.810632,0.168405,-0.593857,0.535559,0.600448,0.003653,-0.000646,0.052495,0.135913,0.503501,0.369664,-1.915991,-0.156352,0.033682,0.343559,-0.584655,-0.438256,0.682716,0.789039,-0.50254,0.353278,0.188987,0.745776,0.638722,0.001363,-0.006797,0.026891,-0.056168,-0.026926,0.00037,-1.403542,0.047539,0.059865,0.003806,0.586485,0.533074,0.609807,-0.798263,0.507905,0.32374,-0.137147,-0.676656,0.723412,0.000665,-0.003412,0.013427,-0.079948,-0.007279,0.01014,-0.993094,0.072202,0.047557,-0.052428,0.58393,-0.236439,-0.776609,0.554458,0.814913,0.168795,0.59296,-0.529161,0.606947,0.001923,0.005313,0.022252,-0.070687,-0.021658,0.073256,-1.103373
898,0.146096,0.009936,0.332291,-0.577054,0.241396,-0.780245,-0.563776,-0.80893,0.166618,-0.590231,0.535726,0.603864,0.004106,0.002938,0.055215,-0.091153,0.010904,0.06273,-1.916373,-0.156186,0.033468,0.344395,-0.585439,-0.439274,0.68139,0.787732,-0.506601,0.350383,0.192,0.742422,0.641724,0.001605,-0.011218,0.023768,0.081328,-0.179415,-0.142262,-1.403625,0.047627,0.059758,0.004235,0.58751,0.533279,0.608641,-0.796983,0.511604,0.321057,-0.14017,-0.673701,0.725588,0.00023,7e-06,0.007907,0.198223,-0.271333,-0.172881,-0.993911,0.072252,0.047628,-0.051414,0.585318,-0.244166,-0.773165,0.557677,0.813431,0.165303,0.588556,-0.527931,0.612282,0.002179,0.007349,0.023809,-0.081053,-0.062079,0.081782,-1.103537
899,0.146145,0.010045,0.333344,-0.579968,0.245965,-0.776649,-0.565169,-0.808072,0.166059,-0.586028,0.534937,0.608638,0.004297,0.004473,0.056319,-0.404859,0.546189,-0.450081,-1.916132,-0.156175,0.033339,0.344768,-0.584443,-0.441529,0.680787,0.788619,-0.5063,0.348818,0.191389,0.74129,0.643213,0.0017,-0.012942,0.022558,0.056499,-0.149749,-0.121088,-1.403278,0.047633,0.059694,0.004422,0.58634,0.535576,0.607752,-0.797952,0.51112,0.319419,-0.139561,-0.672245,0.727054,0.00029,-0.001048,0.007166,0.150202,-0.218665,-0.139124,-0.994727,0.072276,0.047683,-0.050888,0.587607,-0.248883,-0.769918,0.559173,0.812654,0.164067,0.584844,-0.526925,0.61669,0.00219,0.007445,0.02379,-1.174616,1.687016,-1.796117,-1.10272
900,0.146304,0.010354,0.335462,-0.58341,0.253125,-0.771755,-0.567915,-0.806412,0.164756,-0.579929,0.534093,0.615186,0.004458,0.005919,0.057109,-0.065674,0.050671,0.120486,-1.916052,-0.156208,0.033001,0.345356,-0.582553,-0.446032,0.67947,0.790273,-0.505919,0.345614,0.190319,0.738856,0.646323,-0.011785,-0.008417,0.010985,-0.020439,0.003088,-0.063129,-1.403743,0.047621,0.059529,0.004718,0.584012,0.540384,0.605734,-0.799844,0.510388,0.315837,-0.138486,-0.668945,0.730296,0.000414,-0.003252,0.005627,-0.042089,-0.006764,3e-05,-0.99587,0.072356,0.04784,-0.049827,0.591686,-0.255641,-0.764561,0.561777,0.81095,0.163602,0.578198,-0.526314,0.623441,0.002268,0.008188,0.024201,-0.042323,0.03219,0.107228,-1.103374
901,0.146489,0.010725,0.337588,-0.588018,0.262325,-0.765157,-0.570443,-0.805128,0.162284,-0.572752,0.531575,0.624028,0.004465,0.006212,0.056918,-0.038096,0.128042,0.133143,-1.915596,-0.156269,0.032695,0.345731,-0.580669,-0.450507,0.67813,0.791811,-0.505914,0.342084,0.189679,0.736144,0.649598,0.001002,-0.009233,0.00936,0.110917,-0.168884,-0.14336,-1.403117,0.047586,0.059369,0.004907,0.582204,0.543799,0.604416,-0.801282,0.509755,0.313204,-0.137784,-0.666657,0.732518,-0.006413,0.000579,0.000933,0.240233,-0.257312,-0.209157,-0.994727,0.072449,0.048028,-0.048761,0.596261,-0.264713,-0.75789,0.564304,0.809684,0.161157,0.570992,-0.523772,0.632162,0.002361,0.009034,0.024674,-0.004052,0.101007,0.179461,-1.10517
902,0.14667,0.011073,0.339691,-0.593162,0.273831,-0.757114,-0.573184,-0.803992,0.158206,-0.56466,0.527462,0.634799,0.004473,0.015885,0.047132,-0.008715,0.213487,-0.021998,-1.915689,-0.156279,0.032525,0.345911,-0.580399,-0.450552,0.678331,0.792117,-0.505276,0.342319,0.189226,0.736554,0.649265,-1.2e-05,0.000218,0.000152,2.7e-05,-3.2e-05,-2.3e-05,-1.403247,0.047581,0.059279,0.005,0.581664,0.544425,0.604373,-0.80176,0.509115,0.313019,-0.137281,-0.666635,0.732632,-5e-06,-2e-06,-1e-06,-0.001687,0.002267,0.001686,-0.995217,0.072542,0.048208,-0.047685,0.601472,-0.276477,-0.749528,0.567164,0.808523,0.156892,0.562633,-0.519471,0.643111,0.002197,0.007883,0.023518,-0.045067,0.150773,-0.05034,-1.106802
903,0.146714,0.011292,0.34069,-0.595336,0.280811,-0.752838,-0.574514,-0.803775,0.154439,-0.56101,0.524106,0.640787,0.004205,0.004518,0.05494,0.033622,0.285902,0.22622,-1.916047,-0.156277,0.032499,0.345929,-0.580362,-0.450557,0.678359,0.792157,-0.505196,0.342344,0.189174,0.736606,0.649222,-0.0,4e-06,3e-06,0.0,-1e-06,-0.0,-1.402812,0.047583,0.059265,0.005008,0.581641,0.544407,0.604411,-0.801785,0.509043,0.313072,-0.137233,-0.666704,0.732578,2e-06,-8.4e-05,-5.9e-05,0.000132,0.000546,0.000715,-0.995381,0.072562,0.048316,-0.047207,0.603484,-0.282577,-0.745624,0.568372,0.808288,0.153696,0.559249,-0.516545,0.648398,0.002198,0.007914,0.023443,0.113519,0.468359,0.126254,-1.106639
904,0.146755,0.011825,0.342624,-0.603247,0.288387,-0.74362,-0.5754,-0.802974,0.155305,-0.551575,0.521204,0.651259,0.004235,0.004894,0.054849,-0.053978,0.092989,0.110654,-1.915493,-0.156218,0.032481,0.345923,-0.583205,-0.447094,0.678212,0.789032,-0.509963,0.342492,0.193455,0.735425,0.649298,0.012697,0.000932,-0.00041,0.002045,-0.015205,0.029245,-1.402831,0.047607,0.059253,0.005003,0.58462,0.541041,0.60456,-0.798857,0.513929,0.312576,-0.141585,-0.665695,0.732668,2e-06,-4.2e-05,-3e-05,0.000132,5.4e-05,0.000421,-0.996197,0.072582,0.048581,-0.04624,0.611495,-0.290755,-0.73589,0.569375,0.80751,0.154074,0.549441,-0.513213,0.659337,0.002218,0.008133,0.023417,-0.043749,0.150139,-0.053571,-1.106639
905,0.146795,0.01244,0.344454,-0.606302,0.297472,-0.737532,-0.57734,-0.802421,0.150898,-0.546175,0.516922,0.659174,-0.008652,0.028567,0.039281,0.047172,0.130692,0.179741,-1.915965,-0.156189,0.032482,0.345933,-0.583382,-0.44708,0.678068,0.78892,-0.510042,0.342632,0.193377,0.735379,0.649374,-2.5e-05,0.000462,0.000322,0.0,-0.0,-0.0,-1.40291,0.047627,0.059253,0.005007,0.58482,0.541008,0.604396,-0.798724,0.51405,0.312717,-0.141508,-0.665629,0.732743,-2e-05,0.000301,0.000208,0.000181,8.6e-05,0.000199,-0.996197,0.072607,0.048878,-0.045321,0.614493,-0.299425,-0.729892,0.571328,0.806901,0.149982,0.544042,-0.50917,0.666904,0.002133,0.007529,0.022751,0.022056,0.169239,0.181998,-1.106476
906,0.146789,0.012773,0.345333,-0.60689,0.299869,-0.736076,-0.578277,-0.80191,0.150024,-0.544531,0.516328,0.660999,0.004354,0.015349,0.045523,-0.048096,0.013901,0.089683,-1.915742,-0.156178,0.032466,0.345945,-0.583377,-0.447081,0.678072,0.788934,-0.51,0.342662,0.193337,0.735407,0.649354,0.001114,-0.011252,0.007957,-0.036492,0.009732,-0.018571,-1.403287,0.047632,0.059246,0.005014,0.584818,0.541005,0.6044,-0.798732,0.514015,0.312752,-0.141471,-0.665657,0.732724,0.000555,-0.005636,0.00397,-0.036354,0.009804,-0.0184,-0.995544,0.072599,0.049051,-0.044882,0.615107,-0.30212,-0.728262,0.57235,0.806378,0.148893,0.542271,-0.508406,0.668927,-0.004419,0.013712,0.019101,-0.043557,0.075679,-0.111665,-1.106313
907,0.146738,0.013398,0.347125,-0.607905,0.309943,-0.731049,-0.581483,-0.800697,0.14399,-0.53997,0.512235,0.667888,0.004092,0.013362,0.043635,0.095551,0.346105,0.249749,-1.915351,-0.156172,0.032408,0.345976,-0.583286,-0.447092,0.678143,0.789025,-0.509833,0.342701,0.193239,0.735516,0.64926,0.0,-7e-06,-5e-06,0.0,-0.0,-0.0,-1.403018,0.047635,0.059216,0.005029,0.584732,0.541017,0.604473,-0.798812,0.513856,0.312812,-0.141375,-0.665771,0.732639,-2e-06,-1e-06,-2e-06,8.9e-05,3.6e-05,0.000131,-0.996034,0.072578,0.049362,-0.044001,0.615718,-0.310148,-0.72436,0.575358,0.805059,0.144362,0.53838,-0.505653,0.674136,0.002094,0.007259,0.022265,0.131256,0.422843,0.332699,-1.103863
908,0.146658,0.013794,0.348879,-0.60776,0.315449,-0.728811,-0.584472,-0.79896,0.141511,-0.536901,0.511579,0.670858,0.003761,0.010804,0.041401,-0.046033,0.035396,0.068485,-1.915452,-0.156173,0.032329,0.346052,-0.583278,-0.447107,0.678141,0.789089,-0.509614,0.342881,0.193004,0.735659,0.649168,-3e-05,0.000552,0.000385,0.0,-0.0,-0.0,-1.403003,0.047634,0.059176,0.005066,0.584726,0.541028,0.604469,-0.798857,0.51366,0.313016,-0.141141,-0.665914,0.732555,-1.8e-05,0.000303,0.000211,6.1e-05,1.9e-05,8.1e-05,-0.997013,0.072538,0.049567,-0.043124,0.615976,-0.317517,-0.720941,0.578565,0.803448,0.140474,0.534636,-0.50364,0.678609,0.001854,0.005409,0.020713,-0.058493,0.018987,0.062871,-1.098148
909,0.146528,0.013915,0.350616,-0.610649,0.322377,-0.723343,-0.587217,-0.797144,0.14039,-0.530597,0.510084,0.676985,0.003293,0.00715,0.03844,-0.162064,0.19393,-0.084927,-1.912239,-0.156142,0.032215,0.346173,-0.583287,-0.447122,0.678123,0.789172,-0.509288,0.343174,0.192637,0.735876,0.649031,-4.4e-05,0.000789,0.00055,0.0,-0.0,-0.0,-1.402896,0.04765,0.05912,0.005127,0.584736,0.541039,0.60445,-0.798915,0.513369,0.313347,-0.140773,-0.666129,0.73243,0.000529,-0.00513,0.004328,-0.036453,0.009744,-0.018538,-0.996034,0.072474,0.049631,-0.042252,0.618249,-0.324621,-0.715813,0.581446,0.801686,0.138631,0.528855,-0.501915,0.684391,0.001519,-0.001894,0.023436,-1.435456,1.674582,-1.726097,-1.094229
910,0.146464,0.013883,0.351439,-0.611478,0.327201,-0.720472,-0.588825,-0.796374,0.138002,-0.527856,0.508206,0.68053,-0.010354,-0.00434,0.046575,0.041029,0.339584,0.178141,-1.906024,-0.156114,0.032137,0.346259,-0.583226,-0.447135,0.678166,0.789274,-0.509021,0.343336,0.192401,0.736053,0.6489,0.001075,-0.010534,0.008465,-0.036491,0.009706,-0.018587,-1.402907,0.047664,0.059081,0.005171,0.584678,0.541053,0.604493,-0.799,0.513119,0.31354,-0.140535,-0.66631,0.732311,0.000535,-0.005268,0.004233,-0.036448,0.009726,-0.018559,-0.996687,0.072439,0.049616,-0.041809,0.619516,-0.328347,-0.713012,0.582909,0.800783,0.137707,0.525753,-0.500933,0.687494,-0.005228,-0.002363,0.023146,0.086879,0.414059,0.213254,-1.094556
911,0.146391,0.01356,0.353171,-0.618733,0.330155,-0.71289,-0.590338,-0.794093,0.144531,-0.51762,0.509858,0.687126,-0.010882,-0.008557,0.043354,-0.093473,0.056484,-0.01696,-1.873147,-0.156056,0.031961,0.346476,-0.583208,-0.447162,0.678164,0.789436,-0.508446,0.343814,0.191787,0.736434,0.648649,0.000994,-0.009062,0.009493,-0.03649,0.009688,-0.018599,-1.402934,0.047693,0.058994,0.005274,0.584671,0.541075,0.604479,-0.79911,0.512621,0.314072,-0.139932,-0.666675,0.732094,0.000484,-0.004336,0.00488,-0.034565,-0.005604,0.005766,-0.997013,0.072407,0.04946,-0.040958,0.626878,-0.332136,-0.704775,0.584507,0.798587,0.143557,0.515144,-0.501939,0.694753,0.001163,-0.004613,0.021331,-0.114341,-0.017443,0.023463,-1.09276
912,0.146368,0.012943,0.354906,-0.62086,0.33954,-0.706605,-0.593786,-0.792152,0.141009,-0.511095,0.506693,0.694313,0.001802,-0.013721,0.039319,-0.037321,0.164892,0.081278,-1.82456,-0.155977,0.031775,0.346721,-0.585747,-0.443732,0.678229,0.786645,-0.512435,0.344288,0.195497,0.735739,0.648331,-0.0001,0.001808,0.001258,2e-06,1e-06,2e-06,-1.402894,0.047732,0.058903,0.005398,0.587354,0.537766,0.604833,-0.796472,0.516756,0.313998,-0.143694,-0.666161,0.731834,0.000487,-0.004402,0.004836,-0.035401,-0.0061,0.006499,-0.996034,0.07239,0.049159,-0.040103,0.628958,-0.341136,-0.698596,0.587846,0.796732,0.140191,0.50877,-0.498842,0.701647,0.000741,-0.012539,0.023746,-0.04414,0.135107,0.267663,-1.081819
913,0.146412,0.012543,0.355675,-0.621248,0.339012,-0.706517,-0.591057,-0.79466,0.138341,-0.513775,0.503111,0.69494,0.001374,-0.017064,0.036885,0.340993,-0.415745,0.551085,-1.798519,-0.155945,0.03166,0.346853,-0.585646,-0.443754,0.678301,0.786807,-0.512028,0.344522,0.195147,0.736008,0.64813,0.001001,-0.009176,0.00942,-0.036488,0.009656,-0.018618,-1.403033,0.047748,0.058846,0.005464,0.587258,0.537793,0.604901,-0.796608,0.51637,0.31429,-0.14333,-0.666438,0.731652,0.000489,-0.004451,0.004803,-0.034743,-0.005699,0.005774,-0.996034,0.072413,0.048957,-0.039702,0.629983,-0.340718,-0.697876,0.585112,0.799116,0.138044,0.51065,-0.495302,0.702788,0.00059,-0.009102,0.018025,1.309001,-1.660586,1.908562,-1.078717
914,0.146505,0.011584,0.357158,-0.619479,0.347007,-0.704185,-0.594618,-0.793044,0.132222,-0.511803,0.500194,0.698491,0.0008,-0.021567,0.033646,-0.076787,0.089081,0.007204,-1.730765,-0.155892,0.031462,0.347128,-0.588103,-0.440324,0.678411,0.784056,-0.51591,0.345002,0.19881,0.735353,0.647761,0.000951,-0.008257,0.010063,-0.035667,0.010052,-0.017848,-1.402459,0.047775,0.058745,0.0056,0.589855,0.534487,0.605304,-0.794008,0.520393,0.314232,-0.147043,-0.665968,0.731343,-0.000103,0.001761,0.001222,0.00352,-0.01454,0.027954,-0.992441,0.072459,0.048477,-0.03896,0.62757,-0.348894,-0.696008,0.588871,0.797508,0.131194,0.509299,-0.492193,0.705946,0.000365,-0.010862,0.016761,-0.098861,0.060552,-0.007105,-1.06647
