frame,MLTx,MLTy,MLTz,MLTR1,MLTR2,MLTR3,MLTR4,MLTR5,MLTR6,MLTR7,MLTR8,MLTR9,MLTTVx,MLTTVy,MLTTVz,MLTRVx,MLTRVy,MLTRVz,MLGA,MRTx,MRTy,MRTz,MRTR1,MRTR2,MRTR3,MRTR4,MRTR5,MRTR6,MRTR7,MRTR8,MRTR9,MRTTVx,MRTTVy,MRTTVz,MRTRVx,MRTRVy,MRTRVz,MRGA,SLTx,SLTy,SLTz,SLTR1,SLTR2,SLTR3,SLTR4,SLTR5,SLTR6,SLTR7,SLTR8,SLTR9,SLTTVx,SLTTVy,SLTTVz,SLTRVx,SLTRVy,SLTRVz,SLGA,SRTx,SRTy,SRTz,SRTR1,SRTR2,SRTR3,SRTR4,SRTR5,SRTR6,SRTR7,SRTR8,SRTR9,SRTTVx,SRTTVy,SRTTVz,SRTRVx,SRTRVy,SRTRVz,SRGA
697,0.065597,-0.006404,0.447693,-0.550734,-0.175747,-0.815996,-0.023378,-0.973953,0.22548,-0.833688,0.143468,0.5333,-0.010454,0.001546,0.016554,-0.033842,0.022425,-0.018511,0.295232,-0.08312,-0.020257,0.422865,-0.051969,0.119143,0.991512,-0.799084,0.590501,-0.112724,-0.59882,-0.798296,0.063262,0.000132,-0.000517,-0.000331,-3e-05,0.00027,8.7e-05,-1.40224,0.037951,0.033695,0.002417,0.027285,-0.111318,0.993409,0.775236,-0.625033,-0.091332,0.631081,0.772619,0.069243,7.7e-05,-0.000304,-0.000196,-0.000329,-0.006399,-0.002164,-0.776734,0.078738,0.027047,-0.038224,-0.567775,-0.205471,-0.797127,0.052084,-0.975374,0.214318,-0.821533,0.080166,0.564495,-0.005072,0.004798,0.002722,0.001006,0.006754,-0.001821,0.20785
698,0.06546,-0.006376,0.447932,-0.550986,-0.175902,-0.815793,-0.023665,-0.973848,0.2259,-0.833513,0.143986,0.533433,-0.010865,0.000434,0.015953,-0.033836,0.022441,-0.018504,0.291916,-0.08309,-0.020251,0.422867,-0.051896,0.119131,0.991517,-0.799085,0.590512,-0.112659,-0.598825,-0.798289,0.063295,2e-06,-8e-06,-5e-06,-0.0,4e-06,1e-06,-1.402077,0.037966,0.033698,0.002417,0.027192,-0.111357,0.993408,0.775235,-0.625041,-0.091285,0.631086,0.772607,0.069331,-6e-06,2.6e-05,1.6e-05,7.8e-05,-0.000862,-0.000293,-0.777387,0.07867,0.027063,-0.038103,-0.568013,-0.205639,-0.796914,0.051797,-0.975294,0.214749,-0.821387,0.080702,0.564631,-0.005575,-0.000149,0.007782,-0.036579,0.031027,-0.045694,0.205727
699,0.065146,-0.00645,0.448503,-0.550655,-0.174177,-0.816386,-0.024713,-0.97416,0.224443,-0.833702,0.143976,0.533141,-0.011425,-0.001073,0.015142,-0.033822,0.022476,-0.018489,0.279211,-0.08308,-0.020205,0.422858,-0.051744,0.11907,0.991532,-0.799044,0.590597,-0.112506,-0.598893,-0.798235,0.063326,-0.000309,0.001206,0.000773,-0.0,0.0,0.0,-1.402218,0.037972,0.033719,0.002411,0.02704,-0.111297,0.993419,0.775185,-0.625125,-0.091135,0.631154,0.772548,0.069372,-0.000207,0.000807,0.000519,9.3e-05,-4.2e-05,8e-06,-0.776898,0.078514,0.027029,-0.037816,-0.567817,-0.203854,-0.797512,0.050702,-0.975671,0.213295,-0.821591,0.080677,0.564338,-0.005939,-0.001122,0.007263,-0.038244,0.032421,-0.048848,0.19397
700,0.064726,-0.006626,0.449171,-0.549346,-0.16988,-0.818172,-0.026473,-0.975088,0.220171,-0.834512,0.142814,0.532186,-0.01162,-0.001597,0.014862,-0.033804,0.022517,-0.018465,0.258945,-0.083075,-0.020181,0.422872,-0.051237,0.118902,0.991579,-0.799062,0.590669,-0.112001,-0.598913,-0.798207,0.063491,-4.2e-05,0.000163,0.000105,-0.0,0.0,0.0,-1.401977,0.037973,0.033734,0.002421,0.026539,-0.111108,0.993453,0.775188,-0.625195,-0.09063,0.631172,0.772519,0.069537,-2e-05,7.7e-05,4.9e-05,6.6e-05,-8e-06,1.5e-05,-0.776734,0.078304,0.02694,-0.037482,-0.566868,-0.199433,-0.799303,0.04884,-0.976683,0.209053,-0.822358,0.079468,0.563391,-0.006309,-0.005693,0.012533,-0.058108,-0.007931,0.121881,0.171926
701,0.064341,-0.006913,0.449918,-0.545482,-0.159095,-0.822911,-0.03003,-0.977479,0.20882,-0.836925,0.138811,0.529447,-0.012532,-0.011199,0.025164,-0.052177,-0.018572,0.154867,0.226921,-0.08302,-0.020154,0.422871,-0.050916,0.118813,0.991606,-0.799054,0.590737,-0.111695,-0.598951,-0.798169,0.063605,-0.001497,0.008781,-0.01058,0.034709,0.000648,0.023787,-1.402471,0.038002,0.033744,0.002424,0.026234,-0.111017,0.993472,0.775186,-0.62524,-0.090338,0.631187,0.772496,0.069656,0.006535,0.001462,0.0003,0.00209,-0.01522,0.029206,-0.776408,0.078112,0.0268,-0.037112,-0.563958,-0.188489,-0.804003,0.045111,-0.97918,0.197914,-0.824569,0.075346,0.56072,-0.006312,-0.002094,0.006743,-0.022309,-0.024047,0.138893,0.141881
702,0.064227,-0.00712,0.45025,-0.543043,-0.152179,-0.825827,-0.032539,-0.978888,0.201718,-0.838418,0.136597,0.527659,-0.00095,-0.016884,0.021844,0.053844,-0.117868,0.360936,0.177281,-0.083009,-0.020152,0.422859,-0.050898,0.118806,0.991608,-0.799039,0.590761,-0.111677,-0.598973,-0.798153,0.063606,7.3e-05,-0.000285,-0.000183,-0.0,0.0,0.0,-1.402104,0.038007,0.033749,0.002414,0.026203,-0.110996,0.993475,0.775153,-0.625285,-0.090305,0.631229,0.772462,0.069655,5.7e-05,-0.000229,-0.000147,3.5e-05,-1.3e-05,-1.3e-05,-0.776408,0.078052,0.026702,-0.036943,-0.56218,-0.181574,-0.806835,0.042465,-0.980651,0.191101,-0.825923,0.07317,0.559012,-0.000263,-0.00428,0.005434,0.379495,-0.38362,0.922013,0.10612
703,0.064215,-0.007599,0.450722,-0.542274,-0.136021,-0.829145,-0.043418,-0.980953,0.189257,-0.838425,0.138792,0.527075,-0.00102,-0.009888,0.010152,-0.131571,-0.018913,0.270923,0.011856,-0.083052,-0.02008,0.422763,-0.049818,0.118887,0.991653,-0.795358,0.595783,-0.111268,-0.603942,-0.794399,0.063622,0.0,-0.0,-0.0,0.0,-0.0,0.0,-1.401695,0.037985,0.033784,0.002365,0.025122,-0.111035,0.993498,0.771242,-0.630156,-0.08993,0.636045,0.768488,0.069803,-0.000749,0.004395,-0.005287,0.034564,0.000625,0.023857,-0.776735,0.078045,0.026458,-0.036704,-0.562683,-0.165216,-0.809994,0.031411,-0.98339,0.178763,-0.826075,0.075144,0.558526,0.005605,-0.006916,0.003881,-0.40801,0.000475,0.523306,-0.062233
704,0.064243,-0.0078,0.450915,-0.545511,-0.089581,-0.83333,-0.082482,-0.983703,0.159677,-0.833378,0.155946,0.530273,8.6e-05,0.000227,0.000122,0.504162,-0.015875,0.960267,-0.173344,-0.083081,-0.019908,0.422557,-0.048753,0.118892,0.991705,-0.791427,0.601073,-0.110852,-0.609171,-0.790403,0.063534,0.0,-0.0,-0.0,0.0,-0.0,0.0,-1.323285,0.037971,0.03387,0.002262,0.02406,-0.110996,0.993529,0.767072,-0.635279,-0.089549,0.641108,0.764264,0.069857,-0.000747,0.004397,-0.005285,0.034435,0.000588,0.023881,-0.763508,0.078057,0.02635,-0.036606,-0.569092,-0.119763,-0.813505,-0.008676,-0.988406,0.151581,-0.822227,0.093321,0.561455,0.000143,0.00018,9.2e-05,1.428168,-0.639428,2.752455,-0.238586
705,0.064231,-0.007767,0.45091,-0.546943,-0.066453,-0.834555,-0.096064,-0.985274,0.141349,-0.830982,0.157557,0.533547,0.000515,0.001364,0.000731,0.276907,0.186738,0.686512,-0.281964,-0.083076,-0.019812,0.422434,-0.047953,0.119059,0.991724,-0.787622,0.606073,-0.110729,-0.614146,-0.78655,0.063455,-0.001455,0.00862,-0.01068,0.034716,0.000617,0.023777,-1.187207,0.037974,0.033914,0.002205,0.023269,-0.111143,0.993531,0.763063,-0.640099,-0.089477,0.645904,0.76021,0.069915,3.1e-05,-0.000104,-6.7e-05,-0.000423,-7.7e-05,0.000156,-0.71746,0.07805,0.026364,-0.036609,-0.572213,-0.096279,-0.814433,-0.022768,-0.990837,0.133129,-0.819788,0.094722,0.564778,0.000317,0.00082,0.000441,0.603136,0.115316,1.083649,-0.31517
706,0.064258,-0.007663,0.45078,-0.553286,-0.037048,-0.832194,-0.101499,-0.988561,0.111428,-0.826119,0.146158,0.544235,0.012911,0.00499,-0.013057,0.180517,0.208707,0.521151,-0.66516,-0.082977,-0.019718,0.422302,-0.042263,0.130477,0.990546,-0.779181,0.616235,-0.114301,-0.625236,-0.776797,0.074367,0.000133,-0.000517,-0.000331,0.056484,-0.470587,-0.361643,-0.670369,0.038022,0.033965,0.002135,0.017551,-0.120958,0.992502,0.754467,-0.649781,-0.092532,0.656102,0.750435,0.079854,7.8e-05,-0.000312,-0.000201,0.06349,-0.818996,-0.268666,-0.531799,0.078061,0.026419,-0.036667,-0.580905,-0.067204,-0.811192,-0.029002,-0.994244,0.103138,-0.813454,0.08344,0.575612,-2e-06,-6e-06,-3e-06,0.176263,0.234494,0.67597,-0.532999
707,0.064272,-0.007433,0.45066,-0.564084,-0.010502,-0.825678,-0.107938,-0.990393,0.086273,-0.817954,0.137794,0.558561,0.00158,0.004184,0.00224,0.239029,0.591875,0.572347,-1.2083,-0.082706,-0.019731,0.422305,-0.033213,0.157479,0.986959,-0.761882,0.635118,-0.126862,-0.646737,-0.756347,0.097635,0.000219,-0.000852,-0.000547,0.573577,-0.791158,-0.187483,-0.227727,0.038158,0.033958,0.002136,0.007444,-0.148285,0.988916,0.737009,-0.667574,-0.105649,0.675841,0.729627,0.104318,0.006652,0.000961,-3.1e-05,1.743427,-1.168948,-0.323078,-0.407534,0.078073,0.026522,-0.036734,-0.591324,-0.042695,-0.805302,-0.03627,-0.996178,0.079448,-0.805617,0.076188,0.587516,0.000848,0.002246,0.001202,0.117272,0.170458,0.45719,-0.781201
708,0.064307,-0.006937,0.450708,-0.570077,0.007772,-0.821582,-0.113091,-0.991169,0.069031,-0.813085,0.13225,0.566947,0.00399,0.010563,0.005634,0.110838,0.148271,0.481475,-1.864753,-0.082571,-0.019731,0.42228,-0.021031,0.190133,0.981529,-0.740147,0.65701,-0.143012,-0.672005,-0.729713,0.125664,5.9e-05,-0.000229,-0.000147,0.073549,-0.643589,-0.626371,0.030648,0.038226,0.033956,0.002123,-0.006093,-0.179844,0.983675,0.71428,-0.689217,-0.121585,0.699832,0.70188,0.132659,2.4e-05,-0.000105,-6.9e-05,0.127229,-0.919385,-0.501353,-0.329482,0.078083,0.026763,-0.036713,-0.600197,-0.024037,-0.79949,-0.041866,-0.997233,0.061412,-0.798755,0.07033,0.59753,0.002416,0.009992,-0.002384,0.160564,0.300538,0.338578,-0.735806
709,0.064282,-0.006552,0.450708,-0.580535,0.014735,-0.81413,-0.11363,-0.991508,0.063017,-0.80557,0.129068,0.578296,-0.007284,0.017006,0.009339,0.25099,0.927725,0.252174,-1.912094,-0.082596,-0.019752,0.422269,-0.01428,0.205546,0.978539,-0.72331,0.673555,-0.15192,-0.690273,-0.710206,0.137815,0.000247,-0.000958,-0.000615,5.474257,-1.43739,0.359739,0.085143,0.038213,0.033948,0.002119,-0.012627,-0.19546,0.98063,0.700989,-0.701089,-0.130716,0.713059,0.685761,0.145867,-0.006354,-0.002186,-0.000765,0.121817,-0.980522,-0.555938,-0.298293,0.078076,0.02696,-0.036717,-0.60875,-0.018318,-0.79315,-0.042944,-0.997506,0.055997,-0.792198,0.068149,0.606445,0.00303,0.011612,-0.001527,0.173646,0.32511,0.380681,-0.74887
710,0.064073,-0.005574,0.45081,-0.604803,0.021464,-0.796114,-0.114454,-0.991592,0.060149,-0.787381,0.127464,0.603168,-0.005706,0.028242,-0.000154,0.191796,0.578857,0.177807,-1.915328,-0.082702,-0.019929,0.422291,-0.006453,0.238442,0.97113,-0.713374,0.679439,-0.171445,-0.700661,-0.694178,0.164482,0.00067,-0.002604,-0.001672,0.050046,-0.530083,-0.589334,0.145784,0.038159,0.033862,0.002131,-0.023249,-0.229025,0.973142,0.686974,-0.710845,-0.150882,0.726309,0.665016,0.17386,0.000424,-0.00165,-0.001054,0.063325,-0.733379,-0.446993,-0.167497,0.077973,0.027449,-0.03666,-0.634716,-0.012613,-0.772642,-0.043744,-0.997676,0.052222,-0.771506,0.066944,0.632689,-0.002558,0.014901,0.000337,0.250515,0.641667,0.436504,-0.747727
711,0.064213,-0.004635,0.450662,-0.619632,0.035022,-0.78414,-0.116427,-0.992043,0.047627,-0.775465,0.120756,0.619757,0.005043,0.020493,-0.004586,0.114127,0.276487,0.127664,-1.915789,-0.082972,-0.020067,0.422109,-0.000969,0.273911,0.96175,-0.711313,0.675791,-0.193065,-0.702788,-0.68463,0.192961,-0.012068,-0.006882,-0.003146,0.040732,-0.524602,-0.621687,0.175172,0.038029,0.033795,0.002041,-0.03013,-0.264406,0.96394,0.685511,-0.70731,-0.172586,0.727438,0.655592,0.202564,-0.006682,0.000557,-0.007109,0.087636,-0.709683,-0.479867,0.009673,0.07804,0.02792,-0.036722,-0.650271,-0.000195,-0.759701,-0.046141,-0.998143,0.03975,-0.758299,0.060902,0.649055,0.002282,0.009605,-0.00263,0.152637,0.301592,0.341493,-0.750502
712,0.064249,-0.004238,0.450514,-0.627121,0.040827,-0.777881,-0.116407,-0.992312,0.041698,-0.769421,0.116643,0.628023,0.004086,0.017963,-0.005923,0.224529,0.712388,0.251089,-1.916248,-0.083179,-0.020167,0.421958,0.002705,0.294185,0.95574,-0.710235,0.673364,-0.205137,-0.703878,-0.678608,0.209549,-0.011487,-0.009179,-0.004627,0.054488,-0.771767,-0.522978,0.171248,0.037929,0.033749,0.001973,-0.033769,-0.283121,0.958489,0.684871,-0.705018,-0.184122,0.727881,0.650224,0.217708,-0.005882,-0.004063,-0.001971,0.081296,-0.973657,-0.763015,0.032534,0.07806,0.028125,-0.036798,-0.656051,0.004264,-0.754703,-0.046345,-0.998324,0.034647,-0.753291,0.057707,0.655149,0.0022,0.012967,-0.008541,0.116225,0.131834,0.110721,-0.748706
713,0.064314,-0.003629,0.450306,-0.640603,0.045986,-0.766524,-0.126943,-0.990801,0.04658,-0.756538,0.12708,0.641505,0.003103,0.015364,-0.007293,-4.134577,0.522466,3.635806,-1.917439,-0.083568,-0.020471,0.421782,0.020902,0.326416,0.94499,-0.694153,0.684974,-0.221126,-0.719464,-0.651751,0.2397,-0.011745,-0.008231,-0.004024,0.504766,-0.727101,-0.323216,0.169129,0.037732,0.033592,0.001876,-0.053597,-0.316135,0.947198,0.668893,-0.715664,-0.20101,0.741423,0.622801,0.249818,-0.005749,-0.004624,-0.002342,1.619168,-1.065454,-0.31006,0.038902,0.078094,0.028437,-0.036904,-0.671094,0.005308,-0.741353,-0.050882,-0.997946,0.038915,-0.739624,0.063837,0.669986,0.001477,0.003896,0.002034,0.074985,0.304256,0.109113,-0.745277
714,0.064573,-0.003313,0.450213,-0.655377,0.064455,-0.752576,-0.149143,-0.987767,0.045212,-0.739645,0.141785,0.657913,0.002013,0.012494,-0.008795,0.172879,0.648593,-0.001316,-1.918073,-0.08408,-0.020845,0.421475,0.036522,0.353263,0.934806,-0.678628,0.69543,-0.236167,-0.733532,-0.6262,0.263945,-0.0108,-0.012052,-0.006504,0.036607,-0.794276,-0.528497,0.188098,0.037474,0.03341,0.001727,-0.069231,-0.340579,0.937663,0.65273,-0.726263,-0.215601,0.75442,0.597115,0.272586,-0.005377,-0.006102,-0.003291,0.023867,-0.145222,-0.521901,0.060783,0.078224,0.028597,-0.036949,-0.685487,0.026154,-0.727614,-0.079315,-0.996089,0.038918,-0.723751,0.084388,0.68488,0.006984,0.000457,7.3e-05,0.231118,0.862526,0.273869,-0.745767
715,0.064911,-0.00316,0.450136,-0.671213,0.084029,-0.736517,-0.169909,-0.984531,0.042447,-0.720726,0.153521,0.676027,0.001049,0.002785,0.001449,-0.228266,0.554706,0.487341,-1.917368,-0.084909,-0.021249,0.420986,0.049092,0.36733,0.92879,-0.654216,0.714488,-0.247873,-0.754687,-0.59592,0.274209,-0.023998,-0.014821,-0.00703,-0.076774,-0.51672,-0.229074,0.154476,0.037066,0.033205,0.00148,-0.082317,-0.354559,0.931402,0.627548,-0.744465,-0.227935,0.774213,0.565737,0.283785,-0.012008,-0.007343,-0.003455,-0.291945,-0.776683,0.560921,0.042984,0.078393,0.028675,-0.036993,-0.702658,0.044255,-0.710149,-0.09974,-0.994335,0.036723,-0.704502,0.096634,0.703091,0.006738,-0.000172,-0.000258,-1.069236,0.807935,1.1645,-0.757361
716,0.065074,-0.003171,0.450149,-0.678268,0.094982,-0.728682,-0.180462,-0.982763,0.039804,-0.7115,0.158372,0.684627,0.000653,0.001737,0.000903,0.178402,0.684564,0.193898,-1.917738,-0.085323,-0.021451,0.420839,0.060387,0.372113,0.926217,-0.647055,0.721139,-0.247411,-0.760036,-0.584838,0.283148,-0.024674,-0.012191,-0.005331,-0.962948,-1.250395,2.216314,0.152339,0.03686,0.033099,0.001402,-0.092002,-0.361075,0.927986,0.619688,-0.750243,-0.230479,0.779436,0.553858,0.292778,-0.01243,-0.005708,-0.002399,0.001773,-0.609705,-0.278252,0.029921,0.078475,0.028671,-0.036985,-0.709771,0.054831,-0.702294,-0.111033,-0.993211,0.034672,-0.695626,0.102587,0.711041,0.000289,0.000756,0.000389,0.217263,0.811172,0.224966,-0.762423
717,0.065509,-0.003343,0.450104,-0.687909,0.115115,-0.716642,-0.201725,-0.978753,0.036346,-0.69638,0.169417,0.69741,0.011504,-0.005591,-0.00324,-0.058716,0.307072,-0.01277,-1.917856,-0.086111,-0.021714,0.420529,0.075618,0.378776,0.92239,-0.649419,0.720658,-0.242572,-0.756667,-0.581149,0.299305,-0.013338,0.000716,-0.014526,-0.255378,-0.755688,0.525833,0.174915,0.036461,0.032965,0.001253,-0.108448,-0.365323,0.924541,0.622404,-0.750136,-0.223402,0.775146,0.551211,0.308729,-0.012615,-0.005036,-0.001969,-0.985152,-1.323792,2.206213,0.03384,0.078689,0.028589,-0.037005,-0.721178,0.074726,-0.688706,-0.132632,-0.990667,0.031395,-0.679933,0.113986,0.724359,0.005964,-0.002236,-0.001332,-0.297041,0.242544,0.447628,-0.763402
718,0.065777,-0.003494,0.450063,-0.696639,0.13602,-0.704441,-0.223131,-0.974233,0.032472,-0.681011,0.179628,0.709919,0.011758,-0.004923,-0.002894,0.064615,0.225319,0.098069,-1.917806,-0.086902,-0.021805,0.420134,0.091428,0.38335,0.919062,-0.642324,0.727968,-0.239619,-0.760985,-0.568908,0.311622,-0.025444,-0.009247,-0.003433,0.003641,-0.278063,-0.188709,0.207307,0.03607,0.032923,0.00105,-0.125714,-0.369655,0.920625,0.615138,-0.757103,-0.219998,0.778331,0.538655,0.322568,-0.007037,0.00186,-0.006273,0.037424,-0.423729,-0.160646,0.068131,0.078821,0.028509,-0.037028,-0.730825,0.094818,-0.675946,-0.154496,-0.987581,0.028507,-0.664849,0.125264,0.736398,-0.000352,-0.000949,-0.000498,0.043806,0.293279,-0.120091,-0.769118
719,0.065927,-0.003579,0.450003,-0.702152,0.14828,-0.696449,-0.234092,-0.971766,0.029035,-0.671611,0.183229,0.717909,0.011419,-0.005837,-0.00337,0.174835,0.746038,0.275723,-1.917862,-0.087307,-0.021801,0.419919,0.103077,0.384002,0.917556,-0.634602,0.735722,-0.236487,-0.765973,-0.558389,0.318357,-0.013887,0.002925,-0.013093,0.042997,-0.491008,-0.194063,0.21588,0.035863,0.032921,0.000947,-0.136542,-0.368781,0.919432,0.606996,-0.764631,-0.216548,0.782886,0.528525,0.328253,-0.012945,-0.003699,-0.001103,0.010032,-0.510866,-0.2195,0.089522,0.078901,0.028465,-0.037059,-0.73558,0.105762,-0.66913,-0.165666,-0.98583,0.026299,-0.656868,0.130197,0.742678,0.005677,-0.003018,-0.001739,0.151349,0.663129,0.254789,-0.77173
720,0.066486,-0.003815,0.449829,-0.711814,0.158199,-0.684353,-0.238909,-0.97073,0.024019,-0.659641,0.180392,0.729629,0.01157,-0.005451,-0.003171,0.079138,0.504871,0.002429,-1.917742,-0.088251,-0.021738,0.419415,0.118802,0.386465,0.914616,-0.637003,0.736255,-0.228232,-0.761709,-0.555984,0.332483,-0.02736,0.001399,-0.012798,0.008692,-0.285575,-0.0659,0.215245,0.035386,0.032953,0.00069,-0.153374,-0.372131,0.91542,0.609357,-0.764896,-0.208846,0.777919,0.525787,0.344076,-0.013682,0.000738,-0.006358,0.010623,-0.2836,-0.073335,0.103075,0.079175,0.028347,-0.037146,-0.746054,0.115358,-0.655816,-0.170752,-0.98509,0.02097,-0.643619,0.127627,0.754628,0.011902,-0.00457,-0.002719,0.070143,0.60728,0.313476,-0.775649
721,0.06704,-0.003976,0.449741,-0.72442,0.172781,-0.667389,-0.248178,-0.968522,0.018564,-0.642276,0.178858,0.745331,0.012318,-0.003438,-0.002122,0.149579,0.642309,0.009397,-1.917713,-0.089267,-0.021482,0.418649,0.134736,0.395549,0.908503,-0.633512,0.739383,-0.227837,-0.761987,-0.545347,0.349049,-0.028724,0.009855,-0.023578,0.208424,-0.334371,-0.068182,0.215731,0.034888,0.033078,0.000317,-0.169468,-0.380715,0.90903,0.605925,-0.767695,-0.208561,0.77726,0.51546,0.360785,-0.014295,0.004677,-0.011934,0.526894,-0.412315,-0.158789,0.106014,0.079451,0.028263,-0.037191,-0.758843,0.128783,-0.638413,-0.180351,-0.983472,0.015983,-0.625803,0.127267,0.769527,0.006179,-0.001673,-0.001045,0.216069,0.870728,0.070596,-0.781528
722,0.071187,-0.006665,0.444316,-0.841412,0.42623,-0.332264,-0.439144,-0.897535,-0.039452,-0.313991,0.11218,0.94279,0.006793,-0.019306,-0.010724,0.334525,0.892152,-0.120355,-1.917671,-0.097592,-0.016511,0.410631,0.326125,0.499609,0.802511,-0.653508,0.732551,-0.19034,-0.683356,-0.463004,0.564371,-0.004829,0.02936,-0.029551,-4.315158,0.915362,-2.675571,0.145996,0.030715,0.035567,-0.003702,-0.363718,-0.476738,0.800268,0.623989,-0.762565,-0.170677,0.691625,0.437281,0.574838,-0.002328,0.014662,-0.014809,-4.308069,0.92301,-2.683048,0.015062,0.081526,0.026924,-0.039902,-0.88004,0.370143,-0.297527,-0.377873,-0.925254,-0.033386,-0.287646,0.083047,0.954128,0.003478,-0.005823,-0.011022,0.080362,0.365982,-0.171861,-0.815982
723,0.071657,-0.00714,0.443567,-0.839176,0.444592,-0.313315,-0.455775,-0.88913,-0.0411,-0.295811,0.107751,0.949164,0.020638,-0.01168,-0.022366,-0.622939,0.25627,1.389265,-1.916735,-0.098143,-0.015308,0.409319,0.333021,0.494625,0.802767,-0.656961,0.732418,-0.178602,-0.67669,-0.468533,0.567829,-0.019383,0.035806,-0.040276,0.153352,-0.124574,0.436148,0.15111,0.030446,0.036156,-0.004342,-0.36922,-0.47232,0.800368,0.628795,-0.761122,-0.159089,0.684319,0.444529,0.578014,-0.008969,0.013482,-0.014902,0.118142,-0.123739,0.41295,0.018817,0.081764,0.026679,-0.04028,-0.879194,0.388732,-0.275506,-0.3947,-0.918109,-0.035861,-0.266885,0.077214,0.960629,0.01039,-0.005667,-0.011099,-0.700663,0.166457,1.377998,-0.813859
724,0.072323,-0.007394,0.442831,-0.83581,0.468062,-0.287029,-0.480762,-0.876346,-0.029306,-0.264218,0.11291,0.957845,0.022982,-0.005145,-0.018822,-0.250089,0.378266,0.139522,-1.916732,-0.098865,-0.014104,0.407966,0.335934,0.492541,0.802835,-0.665029,0.727633,-0.167989,-0.667303,-0.478097,0.570959,-0.017857,0.026553,-0.030055,0.082956,-0.118023,0.38705,0.148522,0.030084,0.036762,-0.005022,-0.372063,-0.470087,0.800367,0.636811,-0.756612,-0.148357,0.675307,0.454484,0.580863,-0.008939,0.013416,-0.014923,-0.001294,-0.100662,0.327129,0.02143,0.082082,0.026545,-0.040634,-0.876541,0.411344,-0.249939,-0.419218,-0.907581,-0.023468,-0.236494,0.084208,0.967976,0.00549,-0.000141,-0.007998,-3.769893,1.512321,4.378516,-0.815166
725,0.072574,-0.007315,0.442473,-0.831623,0.483805,-0.272727,-0.497335,-0.867259,-0.022154,-0.246213,0.116605,0.96219,0.012061,0.002679,-0.014285,-2.043053,1.990369,-0.766854,-1.917152,-0.099212,-0.013525,0.407297,0.339175,0.490323,0.802829,-0.665228,0.728428,-0.163697,-0.665464,-0.479162,0.57221,-0.019272,0.035543,-0.040374,0.154463,-0.128033,0.435045,0.141534,0.029912,0.037048,-0.005352,-0.375175,-0.467764,0.800274,0.63695,-0.757326,-0.144053,0.673451,0.45569,0.582072,-0.008891,0.013232,-0.015034,0.112455,-0.058176,0.226319,0.017674,0.082214,0.026581,-0.040827,-0.871586,0.428348,-0.238441,-0.437426,-0.899106,-0.016259,-0.221349,0.090129,0.97102,0.006318,0.005762,-0.012478,0.288044,0.582168,-0.016811,-0.815166
726,0.072802,-0.006773,0.441743,-0.817711,0.519863,-0.247258,-0.535603,-0.844442,-0.004364,-0.210051,0.128211,0.969261,0.014386,0.016601,-0.022147,-1.979617,0.698711,4.869427,-1.916761,-0.099757,-0.012511,0.406064,0.343473,0.487437,0.80276,-0.666817,0.728477,-0.156881,-0.661663,-0.482024,0.574211,-0.017246,0.023825,-0.031777,0.110655,-0.048902,0.198324,0.131957,0.029638,0.037563,-0.00597,-0.379502,-0.464588,0.800084,0.638304,-0.757479,-0.137082,0.669734,0.458675,0.584014,-0.0022,0.013851,-0.015238,0.114714,-0.074335,0.255138,0.004448,0.082327,0.026841,-0.04118,-0.862148,0.460391,-0.211516,-0.47143,-0.8819,0.002004,-0.185614,0.101443,0.977372,0.000643,0.005434,-0.004774,-0.325333,0.356595,1.139424,-0.815002
727,0.072944,-0.00598,0.440969,-0.80101,0.558433,-0.215826,-0.57551,-0.817523,0.020408,-0.164054,0.139856,0.976501,0.002829,0.029863,-0.030099,-2.15451,1.7742,-0.854858,-1.91614,-0.10026,-0.011627,0.404988,0.350807,0.482267,0.802711,-0.661213,0.734551,-0.152205,-0.663447,-0.477977,0.575535,-0.004452,0.027816,-0.030392,0.114056,-0.075154,0.254158,0.132372,0.029381,0.03801,-0.006523,-0.386739,-0.459006,0.79984,0.632219,-0.763392,-0.132399,0.671364,0.454471,0.585427,-0.00221,0.013918,-0.015179,0.114722,-0.075201,0.254563,-0.000614,0.082406,0.027258,-0.04158,-0.844658,0.50444,-0.179144,-0.517279,-0.855267,0.030664,-0.137748,0.118568,0.983344,0.001485,0.015098,-0.014967,-2.144195,1.742778,-0.858035,-0.805695
728,0.072953,-0.005087,0.440228,-0.780188,0.594012,-0.196219,-0.611583,-0.790185,0.03933,-0.130721,0.149945,0.980029,0.00223,0.020878,-0.019523,-0.07113,0.172825,-0.043716,-1.916072,-0.100744,-0.010918,0.404042,0.35649,0.478148,0.802671,-0.656599,0.739392,-0.148695,-0.665006,-0.474628,0.576505,-0.002494,0.016289,-0.021709,0.077696,-0.063994,0.204202,0.132771,0.029139,0.038362,-0.006985,-0.392119,-0.454741,0.799658,0.627418,-0.767917,-0.129032,0.672747,0.451124,0.586427,-0.007898,0.007517,-0.010635,0.077292,-0.059067,0.202177,-0.001594,0.082411,0.027696,-0.041937,-0.82618,0.540264,-0.159812,-0.553571,-0.831183,0.051879,-0.104805,0.131329,0.985782,0.001427,0.011178,-0.00939,-1.05262,0.347269,4.917295,-0.815655
729,0.07294,-0.004766,0.439952,-0.769869,0.61096,-0.184595,-0.628083,-0.776592,0.048873,-0.112543,0.152801,0.981842,0.001476,0.011466,-0.009199,-0.117994,0.484307,1.378428,-1.915982,-0.101008,-0.010644,0.403623,0.361112,0.475113,0.802407,-0.654928,0.741741,-0.144308,-0.664165,-0.474007,0.577985,-0.015415,0.013062,-0.022563,0.075725,-0.049086,0.174836,0.131569,0.029012,0.038501,-0.007194,-0.396641,-0.451491,0.799268,0.625546,-0.770168,-0.124623,0.671838,0.450549,0.587909,-0.007794,0.00703,-0.010949,0.070496,0.012296,0.014723,-0.002084,0.082406,0.027866,-0.042082,-0.817006,0.556908,-0.149509,-0.569977,-0.819231,0.06313,-0.087325,0.136794,0.986742,0.000594,0.005111,-0.004982,-0.710361,0.961404,4.978973,-0.818105
730,0.07288,-0.004424,0.43948,-0.734121,0.662402,-0.149451,-0.676979,-0.7311,0.084641,-0.052289,0.162483,0.985339,-0.000362,0.006214,-0.012059,-2.244032,2.215308,0.922373,-1.916015,-0.101471,-0.010228,0.402854,0.366645,0.471173,0.802221,-0.650853,0.746033,-0.140564,-0.665145,-0.471186,0.579162,-0.002163,0.014707,-0.022719,0.079095,-0.075155,0.230737,0.135348,0.02878,0.038706,-0.007574,-0.401853,-0.447422,0.798953,0.621293,-0.774171,-0.121051,0.672688,0.44774,0.589083,-0.007595,0.006064,-0.011572,0.069108,0.011429,0.01624,-0.001594,0.082379,0.028044,-0.042314,-0.783388,0.610466,-0.116762,-0.620791,-0.777698,0.099012,-0.030362,0.150049,0.988212,-0.006745,-1.3e-05,5.6e-05,-0.497146,1.270187,5.196319,-0.822024
731,0.072739,-0.004179,0.439037,-0.704743,0.699289,-0.119903,-0.709422,-0.697055,0.103953,-0.010014,0.157448,0.98749,-6.7e-05,0.007055,-0.011597,0.122696,0.407183,-0.488762,-1.915716,-0.10177,-0.009949,0.402188,0.374219,0.466162,0.801652,-0.647417,0.750237,-0.1339,-0.664289,-0.469484,0.581522,-0.014995,0.011049,-0.023859,0.075952,-0.050018,0.174453,0.130131,0.028631,0.038848,-0.007911,-0.409332,-0.442,0.798174,0.617457,-0.778253,-0.114315,0.671709,0.446046,0.59148,-0.000274,0.002433,-0.006483,0.042996,-0.063171,0.180991,-0.001431,0.082306,0.02816,-0.04254,-0.754509,0.650715,-0.085348,-0.656105,-0.744822,0.121511,0.0155,0.147679,0.988913,-0.000103,0.003326,-0.005901,0.151983,0.515944,-0.487549,-0.829045
732,0.07264,-0.003996,0.438827,-0.695314,0.710266,-0.110022,-0.718746,-0.686772,0.108255,0.00219,0.153461,0.988166,0.000313,0.008134,-0.011006,-0.14414,0.550421,1.125836,-1.91561,-0.101896,-0.009829,0.401901,0.376913,0.464294,0.801473,-0.645624,0.752127,-0.131943,-0.664514,-0.468305,0.582215,-0.000754,0.005755,-0.012397,0.043814,-0.073843,0.207857,0.123926,0.028563,0.038906,-0.008062,-0.411913,-0.440034,0.797933,0.615538,-0.780048,-0.112415,0.671893,0.444853,0.592169,-0.006828,0.001273,-0.006622,0.042021,-0.058627,0.178697,-0.006493,0.082255,0.028249,-0.042646,-0.746615,0.660956,-0.075504,-0.664679,-0.736429,0.125987,0.027668,0.144249,0.989154,0.000246,0.004199,-0.0055,-0.675646,1.071883,5.115508,-0.829208
733,0.072462,-0.003799,0.438555,-0.675165,0.73314,-0.081879,-0.736639,-0.663991,0.128262,0.040502,0.145996,0.988469,-0.000809,-0.0023,-0.001257,0.021774,0.324349,-0.34325,-1.915716,-0.10226,-0.009772,0.401427,0.381068,0.461365,0.8012,-0.642881,0.755007,-0.128853,-0.664809,-0.466557,0.583281,-0.013432,0.001305,-0.014067,0.040621,-0.048456,0.151672,0.12095,0.028386,0.03894,-0.008296,-0.415973,-0.436907,0.797544,0.61259,-0.782802,-0.109325,0.672085,0.443092,0.59327,-0.000219,0.002139,-0.006674,0.044063,-0.074123,0.207853,-0.014657,0.082168,0.028354,-0.042784,-0.726123,0.68592,-0.047516,-0.684299,-0.71422,0.147049,0.066926,0.139291,0.987986,-0.000432,-0.00123,-0.000665,0.04067,0.319182,-0.345963,-0.831168
734,0.072129,-0.003593,0.438444,-0.641956,0.764176,-0.063027,-0.763401,-0.629197,0.145954,0.072672,0.140856,0.987373,-0.011784,0.012463,-0.00838,-0.402269,0.977775,5.070117,-1.915525,-0.102615,-0.00983,0.401073,0.381651,0.461297,0.800961,-0.645275,0.753395,-0.126292,-0.662149,-0.469223,0.584167,-0.000446,0.004225,-0.013402,0.042717,-0.063821,0.180849,0.116055,0.028208,0.038911,-0.008473,-0.416545,-0.436819,0.797295,0.615006,-0.781266,-0.106729,0.66952,0.445884,0.594078,-0.000222,0.002139,-0.006678,0.042967,-0.063942,0.180973,-0.020046,0.082004,0.028449,-0.042839,-0.698332,0.71516,-0.029612,-0.708983,-0.685432,0.165906,0.098352,0.136852,0.985696,-0.006142,0.001904,0.001181,-0.231274,0.297626,-0.402739,-0.831985
735,0.071767,-0.003444,0.43844,-0.608745,0.792515,-0.037343,-0.785585,-0.59543,0.168197,0.111815,0.130735,0.985105,-0.012636,0.002814,0.001793,-0.665746,0.614619,-0.181729,-1.915667,-0.102792,-0.009882,0.400802,0.382107,0.461411,0.800678,-0.647877,0.751576,-0.123785,-0.659337,-0.472025,0.58509,-0.000641,0.005191,-0.012772,0.034234,0.008386,-0.004263,0.114855,0.02812,0.038882,-0.00861,-0.416998,-0.436916,0.797004,0.617637,-0.77953,-0.104185,0.666809,0.448815,0.594919,-0.000353,0.002771,-0.006266,0.035758,-0.002245,0.022714,-0.023312,0.081825,0.028527,-0.042838,-0.662285,0.749221,-0.006731,-0.736811,-0.649633,0.187313,0.135966,0.129014,0.982276,-0.000127,-0.000363,-0.000191,-0.088541,0.333465,1.458719,-0.830025
736,0.071705,-0.003354,0.438352,-0.588732,0.80794,-0.025927,-0.797793,-0.575505,0.179698,0.130991,0.125469,0.983425,0.000431,0.008447,-0.010829,-2.125738,1.789434,-0.392039,-1.915834,-0.102862,-0.009868,0.40066,0.383455,0.46049,0.800564,-0.647018,0.75248,-0.12278,-0.6594,-0.47148,0.585457,0.000671,-0.00333,-0.002185,-0.0,0.0,-0.0,0.110355,0.02808,0.038889,-0.008686,-0.4184,-0.435866,0.796844,0.616648,-0.780455,-0.103117,0.666847,0.448229,0.595319,-0.006921,0.001648,-0.006382,0.040963,-0.048835,0.151694,-0.024945,0.081789,0.028572,-0.042882,-0.64283,0.765997,0.004178,-0.750056,-0.630541,0.199581,0.155513,0.125163,0.979872,-9.5e-05,-0.000273,-0.000135,-0.041954,0.211354,0.113495,-0.834434
737,0.07152,-0.003053,0.438116,-0.557498,0.830204,-0.001541,-0.813899,-0.546117,0.198231,0.164419,0.110731,0.980169,-0.011543,0.013107,-0.008024,-0.180553,1.396133,5.01395,-1.91574,-0.103159,-0.009809,0.400338,0.385053,0.459271,0.800498,-0.645677,0.753798,-0.121753,-0.659786,-0.470562,0.585762,-0.014052,0.004299,-0.012112,0.042011,-0.059468,0.178263,0.095939,0.027937,0.038917,-0.008843,-0.419834,-0.434662,0.796748,0.615303,-0.781638,-0.102195,0.667189,0.447337,0.595607,-0.000437,0.00319,-0.005992,0.034409,0.008362,-0.004152,-0.04111,0.0817,0.028719,-0.043002,-0.616791,0.786567,0.029651,-0.763453,-0.606986,0.220696,0.19159,0.113486,0.974891,-0.006008,0.002266,0.001379,-0.711095,0.647988,-0.280982,-0.840312
738,0.0713,-0.002509,0.437712,-0.525545,0.850463,0.02367,-0.827995,-0.5176,0.215607,0.196266,0.092651,0.976178,0.001019,0.010086,-0.009926,-0.620009,0.649441,-0.445039,-1.915574,-0.103529,-0.009734,0.399947,0.386151,0.458316,0.800516,-0.644429,0.75495,-0.121227,-0.660366,-0.469643,0.585847,0.000759,-0.003806,-0.002503,0.00863,-0.072711,0.184906,0.09552,0.027746,0.038959,-0.009041,-0.420883,-0.43366,0.796741,0.613978,-0.782743,-0.101704,0.667748,0.446376,0.5957,-0.00685,0.001295,-0.006611,0.03231,0.023529,-0.033427,-0.046989,0.081586,0.028994,-0.043203,-0.580716,0.812355,0.053361,-0.782516,-0.575064,0.23868,0.224579,0.096849,0.96963,-0.005669,0.006812,-0.003853,-2.094797,1.869097,-0.674109,-0.842925
739,0.071193,-0.002275,0.437437,-0.508354,0.860322,0.038311,-0.834636,-0.503097,0.224161,0.212752,0.080904,0.973765,-0.012533,0.010285,-0.00956,-0.145961,0.331183,-0.404194,-1.915422,-0.103689,-0.009656,0.399673,0.384086,0.460026,0.800528,-0.648064,0.751871,-0.120987,-0.658005,-0.472905,0.585879,-0.000468,0.004308,-0.013355,0.034243,0.008335,-0.004292,0.091979,0.027666,0.038998,-0.009178,-0.41901,-0.435373,0.796793,0.617681,-0.779875,-0.101309,0.665506,0.449715,0.595698,-0.000221,0.002122,-0.006692,0.034457,0.008126,-0.004159,-0.048622,0.081534,0.02912,-0.043341,-0.563894,0.823023,0.068225,-0.789416,-0.561443,0.248199,0.242578,0.0861,0.966303,-0.006324,0.004961,-0.004864,-0.165659,0.306989,-0.401366,-0.844395
740,0.07105,-0.001699,0.436702,-0.485344,0.872174,0.061645,-0.840596,-0.484784,0.241567,0.241172,0.064336,0.968362,0.000893,0.016932,-0.021601,-2.021312,1.82647,-0.467698,-1.915639,-0.103976,-0.009436,0.398981,0.388956,0.459572,0.798435,-0.646502,0.753583,-0.118669,-0.656684,-0.470613,0.589197,-0.013147,-0.000288,-0.015138,0.04285,-0.067668,0.143941,0.088595,0.027522,0.03911,-0.009523,-0.423955,-0.434949,0.794405,0.616014,-0.781473,-0.099118,0.663918,0.447344,0.599244,-0.006542,-0.000251,-0.007633,0.038719,-0.036426,0.154926,-0.056133,0.081461,0.029396,-0.043704,-0.541022,0.836327,0.088607,-0.796798,-0.543438,0.264172,0.269086,0.072321,0.960396,0.000424,0.008369,-0.010838,0.054342,0.08132,-0.344373,-0.838353
741,0.071012,-0.00095,0.435888,-0.455907,0.88638,0.080774,-0.850562,-0.460552,0.253788,0.262716,0.045894,0.963795,0.001525,0.018688,-0.020623,0.134522,0.501235,1.434852,-1.915456,-0.104248,-0.009161,0.398091,0.39599,0.455058,0.797562,-0.644081,0.756698,-0.111812,-0.654864,-0.469992,0.591713,-0.001149,0.009659,-0.02603,0.078609,-0.06764,0.202672,0.09633,0.027386,0.039244,-0.009958,-0.430526,-0.430026,0.793551,0.613413,-0.784355,-0.092247,0.662095,0.44706,0.601469,-0.006346,-0.001245,-0.008296,0.042265,-0.04844,0.149947,-0.053031,0.08144,0.029761,-0.044104,-0.516702,0.849238,0.108687,-0.804143,-0.524956,0.27888,0.293891,0.056698,0.954155,0.00086,0.00958,-0.010172,-0.616185,0.624218,-0.258139,-0.840149
742,0.071018,-0.000622,0.435524,-0.447294,0.88983,0.09042,-0.851624,-0.454547,0.260952,0.273854,0.038608,0.96101,0.001268,0.017962,-0.021012,-0.559086,0.580451,-0.241029,-1.91548,-0.104384,-0.009013,0.397569,0.400176,0.452347,0.797016,-0.642399,0.758691,-0.107908,-0.653975,-0.469391,0.593171,-0.000908,0.008431,-0.026847,0.07867,-0.067923,0.202553,0.096306,0.027318,0.039319,-0.010219,-0.434585,-0.427134,0.792901,0.61157,-0.786241,-0.088348,0.661148,0.44652,0.602911,-0.00695,0.002768,-0.013749,0.06972,0.022407,-0.013269,-0.050255,0.081445,0.029935,-0.044293,-0.503135,0.856181,0.117504,-0.808546,-0.514366,0.285797,0.305134,0.048787,0.951058,0.000641,0.008964,-0.010505,-1.981544,1.84922,-0.443054,-0.839659
743,0.071067,6e-05,0.434602,-0.411854,0.904824,0.108235,-0.862349,-0.425316,0.27465,0.295051,0.01865,0.955314,0.001276,0.02518,-0.032453,0.066201,0.041109,0.183862,-1.915733,-0.104584,-0.008717,0.396455,0.401839,0.452377,0.796161,-0.647272,0.755315,-0.102333,-0.648122,-0.474783,0.595301,-0.013931,0.00549,-0.027552,0.076661,-0.053297,0.172997,0.087228,0.027224,0.039462,-0.010767,-0.436106,-0.427193,0.792033,0.616582,-0.782926,-0.082781,0.655467,0.452253,0.604838,-0.000299,0.0035,-0.013901,0.079291,-0.06821,0.200384,-0.058093,0.08147,0.030274,-0.044749,-0.468313,0.873204,0.134894,-0.820294,-0.486414,0.300863,0.328329,0.030245,0.944078,0.000245,0.007838,-0.011108,-0.075749,0.334492,0.296041,-0.842109
744,0.071158,0.000984,0.43342,-0.388819,0.913221,0.122035,-0.865742,-0.40739,0.290684,0.315653,0.006233,0.948869,0.001763,0.026527,-0.031678,-0.241591,0.031272,-0.079575,-1.915719,-0.104618,-0.008499,0.395396,0.40423,0.451194,0.795621,-0.647516,0.755509,-0.099319,-0.646391,-0.475599,0.59653,-0.000342,0.005548,-0.028804,0.068487,0.016658,-0.008605,0.088663,0.027201,0.039576,-0.011305,-0.43867,-0.425745,0.791396,0.616588,-0.783252,-0.079589,0.653748,0.453053,0.606098,-0.000235,0.003185,-0.014123,0.079295,-0.069042,0.202291,-0.060869,0.081514,0.030733,-0.045341,-0.444856,0.883266,0.148131,-0.824752,-0.468497,0.316691,0.349121,0.01871,0.93689,0.001219,0.017743,-0.021076,-0.731955,0.458957,0.209213,-0.846517
745,0.071311,0.002328,0.431938,-0.372615,0.918916,0.129601,-0.867499,-0.394447,0.303034,0.330042,-0.00066,0.94398,0.015919,0.03534,-0.042434,0.04143,-0.115132,-0.093306,-1.915866,-0.104619,-0.008473,0.394415,0.408403,0.448248,0.795155,-0.644007,0.758821,-0.09685,-0.647278,-0.473098,0.597555,0.001443,-0.005428,-0.019935,0.042078,-0.055993,0.152927,0.087601,0.027199,0.039595,-0.011791,-0.442481,-0.422779,0.790864,0.613005,-0.786281,-0.077359,0.654548,0.450575,0.607081,0.000761,-0.002832,-0.010045,0.033161,0.019212,-0.030735,-0.061195,0.081582,0.031385,-0.046064,-0.428982,0.88998,0.154623,-0.826583,-0.455788,0.330176,0.364325,0.013831,0.931168,0.001269,0.014267,-0.015257,-0.049581,-0.054826,-0.194758,-0.840149
746,0.07146,0.002959,0.431209,-0.364016,0.92174,0.133915,-0.86728,-0.387796,0.312107,0.340061,-0.003679,0.94041,0.015562,0.034363,-0.042935,-0.098299,-0.241047,0.027209,-1.91573,-0.104576,-0.008548,0.394045,0.407311,0.449585,0.794961,-0.647262,0.756171,-0.095868,-0.644711,-0.476067,0.597973,0.001388,-0.005139,-0.019764,0.042096,-0.056094,0.152885,0.087758,0.027222,0.039554,-0.011985,-0.441557,-0.42408,0.790685,0.616276,-0.78383,-0.076246,0.652097,0.453613,0.607456,0.000644,-0.002241,-0.009659,0.034585,0.008085,-0.004092,-0.062012,0.081659,0.031718,-0.046442,-0.420367,0.893288,0.159141,-0.826615,-0.44935,0.338808,0.374163,0.010875,0.927298,0.001674,0.018982,-0.020352,-0.302914,-0.102395,-0.20634,-0.843251
747,0.071784,0.004278,0.429633,-0.334437,0.931306,0.14445,-0.871768,-0.363875,0.328004,0.358445,-0.017392,0.933403,0.002811,0.036618,-0.041377,-0.005752,-0.137285,-0.154094,-1.91573,-0.104483,-0.008874,0.393467,0.407198,0.450312,0.794607,-0.649979,0.754059,-0.094106,-0.642041,-0.478727,0.598721,0.002636,-0.013379,-0.009067,0.006542,-0.053616,0.130505,0.086143,0.027268,0.039392,-0.012272,-0.441487,-0.424802,0.790336,0.619035,-0.781828,-0.074431,0.649525,0.456386,0.608134,0.001272,-0.006407,-0.004341,0.00822,-0.064623,0.157363,-0.062665,0.081826,0.032369,-0.047218,-0.391147,0.904772,0.168495,-0.832062,-0.425893,0.355369,0.393289,-0.001197,0.919414,0.007605,0.016619,-0.02173,-0.089014,-0.145783,-0.016984,-0.848477
748,0.071923,0.005541,0.428206,-0.303737,0.940786,0.150698,-0.874072,-0.338025,0.348869,0.379523,-0.02693,0.924805,0.003075,0.037332,-0.040916,-0.438567,-0.52095,-0.305328,-1.915502,-0.104447,-0.009262,0.393196,0.408908,0.449255,0.794328,-0.649135,0.754963,-0.092681,-0.641811,-0.478295,0.599313,0.003043,-0.017363,0.004545,-0.035575,0.002594,-0.022331,0.081793,0.027288,0.039191,-0.012425,-0.443243,-0.423599,0.789999,0.618028,-0.782762,-0.072963,0.649289,0.455902,0.608749,-0.005731,-0.005571,-0.003137,0.00607,-0.049388,0.128046,-0.067074,0.081896,0.033009,-0.047944,-0.359751,0.916498,0.174953,-0.836181,-0.399879,0.375362,0.413979,-0.011255,0.910216,0.001231,0.014128,-0.01526,-0.200302,0.059713,-0.236984,-0.845864
749,0.071991,0.006158,0.427508,-0.281329,0.947087,0.15468,-0.875516,-0.319244,0.362668,0.393203,-0.034577,0.918816,0.002189,0.027659,-0.030847,-2.370859,1.464725,-0.291992,-1.915754,-0.104478,-0.009416,0.393121,0.409935,0.448621,0.794156,-0.648671,0.755471,-0.091786,-0.641625,-0.478086,0.599678,-0.012117,-0.007909,-0.004078,0.007171,-0.060283,0.154515,0.080881,0.027278,0.03911,-0.01246,-0.444128,-0.423004,0.789821,0.617601,-0.783173,-0.072158,0.64909,0.455747,0.609078,0.000596,-0.003011,-0.002051,-0.001135,0.010921,-0.026498,-0.06887,0.081931,0.033322,-0.048297,-0.338511,0.92434,0.176079,-0.839254,-0.381209,0.387724,0.425512,-0.016526,0.904801,0.00148,0.018418,-0.020576,0.213777,0.401082,1.317128,-0.847334
750,0.072213,0.007401,0.42606,-0.24603,0.956532,0.156719,-0.876375,-0.288534,0.385599,0.414358,-0.043669,0.909081,0.014943,0.025577,-0.032182,-0.328724,-0.319329,-0.121696,-1.915519,-0.104565,-0.009499,0.393075,0.410779,0.451644,0.792004,-0.652129,0.752607,-0.090801,-0.637566,-0.47976,0.602665,8e-06,-4.2e-05,-2.8e-05,0.006061,-0.075343,0.18124,0.079776,0.027231,0.039065,-0.012485,-0.445055,-0.426063,0.787652,0.621179,-0.78043,-0.071166,0.645028,0.4576,0.611996,-4.8e-05,0.000247,0.00017,-0.011608,0.006624,-0.005854,-0.071482,0.082041,0.03395,-0.049034,-0.304161,0.935937,0.177501,-0.839624,-0.35141,0.414176,0.450019,-0.023058,0.89272,0.007529,0.012854,-0.016038,-0.30954,-0.322271,-0.133777,-0.857458
751,0.072532,0.008425,0.424814,-0.210514,0.964359,0.160439,-0.876866,-0.258758,0.40512,0.432454,-0.056603,0.899893,0.01361,0.014705,-0.02279,-0.311539,-0.009229,-0.202533,-1.915123,-0.104569,-0.009373,0.393158,0.415138,0.451736,0.789675,-0.650699,0.754043,-0.08913,-0.636206,-0.47741,0.605958,-0.000836,0.004253,0.002895,0.00141,-0.011437,0.026418,0.080066,0.027229,0.039127,-0.012444,-0.449365,-0.426033,0.785217,0.619668,-0.781776,-0.069542,0.643492,0.455325,0.615302,-0.000413,0.002101,0.001431,-0.000236,-0.002016,0.030106,-0.072462,0.082197,0.034461,-0.049646,-0.269799,0.946029,0.179542,-0.841176,-0.322303,0.434214,0.468647,-0.033876,0.882735,0.00063,0.008843,-0.010438,-0.735258,0.506889,-0.305837,-0.852559
