frame,MLTx,MLTy,MLTz,MLTR1,MLTR2,MLTR3,MLTR4,MLTR5,MLTR6,MLTR7,MLTR8,MLTR9,MLTTVx,MLTTVy,MLTTVz,MLTRVx,MLTRVy,MLTRVz,MLGA,MRTx,MRTy,MRTz,MRTR1,MRTR2,MRTR3,MRTR4,MRTR5,MRTR6,MRTR7,MRTR8,MRTR9,MRTTVx,MRTTVy,MRTTVz,MRTRVx,MRTRVy,MRTRVz,MRGA,SLTx,SLTy,SLTz,SLTR1,SLTR2,SLTR3,SLTR4,SLTR5,SLTR6,SLTR7,SLTR8,SLTR9,SLTTVx,SLTTVy,SLTTVz,SLTRVx,SLTRVy,SLTRVz,SLGA,SRTx,SRTy,SRTz,SRTR1,SRTR2,SRTR3,SRTR4,SRTR5,SRTR6,SRTR7,SRTR8,SRTR9,SRTTVx,SRTTVy,SRTTVz,SRTRVx,SRTRVy,SRTRVz,SRGA
148,0.152969,-0.038921,0.269535,-0.548359,-0.040329,-0.835297,-0.536588,-0.749144,0.388367,-0.640744,0.661222,0.390204,-8e-06,-6.3e-05,-9.6e-05,0.0,0.0,0.0,0.517744,-0.265986,-0.027445,0.344824,-0.493032,-0.853546,0.168432,0.861761,-0.452792,0.228651,-0.118287,0.258961,0.958546,-0.000284,-0.000936,-0.00092,0.0,0.0,0.0,-0.094446,-0.006885,0.039921,0.014414,0.477463,0.863199,0.16406,-0.869928,0.438163,0.226358,0.123507,-0.250798,0.960128,-0.000178,-0.00059,-0.000579,-5e-05,-0.000186,-0.000902,-0.244244,0.079149,0.031333,-0.071965,0.551074,0.062714,-0.832096,0.504912,0.768853,0.392336,0.664365,-0.636341,0.39203,-1e-06,-1.5e-05,-2.4e-05,5e-06,4e-06,-1e-06,0.515979
149,0.152969,-0.038934,0.269534,-0.548391,-0.040337,-0.835276,-0.536588,-0.749125,0.388404,-0.640717,0.661243,0.390212,-0.0,-3e-06,-5e-06,0.0,0.0,0.0,0.518531,-0.266044,-0.027479,0.344775,-0.507933,-0.844732,0.168593,0.8537,-0.467836,0.228603,-0.113603,0.261113,0.958529,-0.000573,-0.001888,-0.001856,0.0,0.0,0.0,-0.152281,-0.006913,0.039905,0.014391,0.49253,0.854652,0.164266,-0.862139,0.453364,0.226223,0.118869,-0.253041,0.960124,-0.00034,-0.001121,-0.001099,-0.001843,0.013028,-0.026552,-0.29715,0.079149,0.031327,-0.071965,0.551104,0.062724,-0.832075,0.504912,0.768834,0.392373,0.664339,-0.636364,0.392038,2e-06,1.3e-05,2.2e-05,8e-06,1.1e-05,2e-06,0.515489
150,0.152969,-0.038929,0.269541,-0.548373,-0.040332,-0.835288,-0.536597,-0.749126,0.388389,-0.640724,0.661243,0.390203,4e-06,2.7e-05,4.1e-05,0.0,0.0,0.0,0.518201,-0.266066,-0.027498,0.344728,-0.512835,-0.841751,0.168664,0.850978,-0.472799,0.228542,-0.111994,0.2618,0.958531,-0.000655,-0.002158,-0.002123,0.0,0.0,0.0,-0.1843,-0.006924,0.039896,0.014367,0.497481,0.851762,0.164352,-0.85951,0.458373,0.226132,0.117276,-0.253759,0.960131,-0.000259,0.003969,-0.005758,0.033847,-0.00297,-0.01106,-0.327195,0.079149,0.031329,-0.071961,0.551087,0.062717,-0.832086,0.504922,0.768836,0.392357,0.664346,-0.636362,0.392029,3e-06,2e-05,3.1e-05,7e-06,3e-06,8e-06,0.515489
151,0.152969,-0.038934,0.269534,-0.548391,-0.040337,-0.835276,-0.536588,-0.749125,0.388404,-0.640717,0.661243,0.390212,-2.1e-05,-0.000162,-0.000245,0.0,0.0,0.0,0.518183,-0.266099,-0.027577,0.344592,-0.528058,-0.832677,0.166718,0.841878,-0.487868,0.230562,-0.10999,0.263161,0.95839,-0.00097,-0.003195,-0.003146,0.000671,0.000929,0.003861,-0.253208,-0.00694,0.039857,0.0143,0.51288,0.842954,0.162424,-0.850675,0.473627,0.228097,0.115347,-0.255156,0.959994,-0.000581,-0.001921,-0.001891,0.016106,-0.072343,0.161236,-0.392185,0.079149,0.031327,-0.071964,0.551104,0.062724,-0.832074,0.504912,0.768834,0.392373,0.664339,-0.636364,0.392038,-1.3e-05,-0.000103,-0.000154,1e-05,5e-06,9e-06,0.515816
152,0.152968,-0.038939,0.269526,-0.548408,-0.040343,-0.835265,-0.536578,-0.749124,0.388419,-0.640711,0.661244,0.390222,-0.000127,-0.000966,-0.001466,-0.000643,0.015657,-0.024187,0.518131,-0.266148,-0.027662,0.344349,-0.534181,-0.829947,0.160719,0.837121,-0.493107,0.23666,-0.116498,0.262012,0.957936,-0.001178,0.005773,-0.013659,-0.139376,-0.178401,0.085137,-0.329145,-0.006964,0.039814,0.014185,0.518907,0.84028,0.157045,-0.846217,0.478923,0.233557,0.121041,-0.254089,0.959576,-0.00079,-0.002613,-0.002577,-1.943556,-1.787652,0.745214,-0.464849,0.079149,0.031327,-0.071964,0.551104,0.062724,-0.832074,0.504913,0.768834,0.392373,0.664339,-0.636364,0.392038,0.0,2e-06,5e-06,1.9e-05,2.4e-05,-1e-06,0.515653
153,0.152968,-0.038939,0.269526,-0.548408,-0.040343,-0.835265,-0.536578,-0.749124,0.388419,-0.640711,0.661244,0.390222,-2e-06,-1.4e-05,-2.1e-05,0.0,0.0,0.0,0.518168,-0.26618,-0.027693,0.344173,-0.535223,-0.830093,0.156439,0.835679,-0.493604,0.240682,-0.121903,0.260603,0.957647,-0.001623,-0.005338,-0.005273,-0.052525,-0.048728,0.020886,-0.362952,-0.00698,0.039798,0.014097,0.520046,0.840452,0.152285,-0.844632,0.479495,0.238074,0.12707,-0.252434,0.959233,-0.000792,0.002205,-0.007502,-0.607923,-0.598455,0.243839,-0.50061,0.079149,0.031324,-0.071968,0.551121,0.06273,-0.832063,0.504903,0.768833,0.392388,0.664332,-0.636365,0.392048,-1e-06,-4e-06,-5e-06,-0.0,-6e-06,-2e-06,0.515816
154,0.152978,-0.038959,0.269496,-0.548339,-0.040317,-0.835311,-0.536618,-0.749128,0.388356,-0.640737,0.661241,0.390185,-0.000154,-0.001172,-0.00178,-0.000643,0.015657,-0.024187,0.517902,-0.26635,-0.027647,0.343594,-0.535865,-0.830148,0.153924,0.834965,-0.494286,0.241762,-0.123948,0.259125,0.957786,-0.017218,0.002935,-0.016532,0.030118,0.025747,-0.064819,-0.446566,-0.007059,0.039825,0.013811,0.520724,0.840509,0.149632,-0.843884,0.480219,0.239265,0.129248,-0.250863,0.959355,-0.001225,0.00078,-0.008924,0.034873,-0.00196,-0.010952,-0.576377,0.079154,0.031317,-0.071979,0.551037,0.062695,-0.832121,0.504952,0.76884,0.39231,0.664365,-0.636359,0.392001,-1.7e-05,-0.000122,-0.000184,-4e-06,-1.1e-05,5e-06,0.515653
155,0.152973,-0.039001,0.269451,-0.548354,-0.04032,-0.835301,-0.536627,-0.74911,0.388379,-0.640716,0.661261,0.390185,-0.00013,-0.000989,-0.001502,0.0,0.0,0.0,0.51806,-0.266478,-0.027468,0.342563,-0.535738,-0.830606,0.151885,0.834882,-0.494426,0.241762,-0.125045,0.25738,0.958114,-0.003827,0.00677,-0.032149,0.067883,-0.005493,-0.020132,-0.559662,-0.007127,0.039914,0.013303,0.52055,0.840973,0.147613,-0.843823,0.480312,0.239294,0.13034,-0.249124,0.95966,-0.001911,0.003346,-0.016107,0.069694,-0.003838,-0.02118,-0.675331,0.079151,0.031294,-0.072004,0.551069,0.062705,-0.832099,0.504951,0.768821,0.392348,0.664338,-0.636381,0.39201,-8.1e-05,-0.000624,-0.000946,5e-06,6e-06,6e-06,0.515816
156,0.15299,-0.03906,0.269362,-0.548285,-0.040291,-0.835348,-0.536667,-0.749115,0.388314,-0.640741,0.661258,0.39015,0.015826,-0.002109,-0.003003,0.000984,-0.014715,0.029553,0.518702,-0.266535,-0.027182,0.341051,-0.537513,-0.829948,0.149187,0.833236,-0.495819,0.24457,-0.128341,0.25682,0.957829,-0.004908,0.003275,-0.035746,-0.069342,0.188455,0.09225,-0.695047,-0.00716,0.040053,0.012565,0.52155,0.840923,0.144337,-0.84268,0.481173,0.241585,0.133703,-0.247628,0.959585,-0.002448,0.006413,-0.022836,-0.172868,0.355636,0.123381,-0.786368,0.079154,0.031266,-0.072047,0.55102,0.062684,-0.832133,0.504981,0.768825,0.392302,0.664357,-0.636378,0.391984,-0.000125,-0.000956,-0.001454,-0.00065,0.015646,-0.02419,0.515816
157,0.152986,-0.039089,0.269318,-0.54827,-0.040286,-0.835358,-0.536676,-0.749116,0.3883,-0.640747,0.661257,0.390141,-0.000241,-0.001831,-0.002785,-0.000643,0.015657,-0.024187,0.518234,-0.266575,-0.026986,0.340209,-0.537839,-0.830168,0.146768,0.832799,-0.496382,0.244914,-0.129797,0.255005,0.958117,-0.005127,0.012239,-0.046335,0.099496,-0.004792,-0.028207,-0.76363,-0.007176,0.040151,0.012129,0.5227,0.840503,0.142608,-0.841738,0.482306,0.242603,0.135128,-0.246848,0.959586,-0.002465,0.006361,-0.022918,0.118555,-0.028191,-0.003047,-0.798452,0.079158,0.031251,-0.072069,0.550969,0.062661,-0.832169,0.505011,0.76883,0.392254,0.664376,-0.636374,0.391957,-6.5e-05,-0.000501,-0.000763,-1e-06,-6e-06,9e-06,0.515979
158,0.152992,-0.039133,0.269251,-0.548287,-0.040289,-0.835346,-0.536668,-0.749115,0.388313,-0.640739,0.661258,0.390152,-7.8e-05,-0.000593,-0.000902,0.0,0.0,0.0,0.517972,-0.266741,-0.026476,0.338271,-0.542904,-0.827168,0.145048,0.828617,-0.499793,0.252062,-0.135326,0.258083,0.956527,-0.005126,0.021967,-0.056242,0.093515,0.026646,0.048353,-0.915836,-0.007264,0.040396,0.011179,0.527613,0.837675,0.141151,-0.837725,0.485526,0.249957,0.14085,-0.250127,0.957912,-0.002627,0.010678,-0.028419,0.103836,0.035212,0.064113,-0.79535,0.079161,0.031227,-0.072107,0.551003,0.062672,-0.832146,0.504993,0.768827,0.392282,0.664362,-0.636377,0.391978,-5e-05,-0.000391,-0.000594,-1e-06,-4e-06,4e-06,0.516306
159,0.15299,-0.039144,0.269216,-0.548342,-0.040309,-0.835309,-0.536619,-0.749129,0.388353,-0.640733,0.661241,0.390192,-8e-06,-5.9e-05,-8.9e-05,0.0,0.0,0.0,0.518261,-0.266979,-0.025864,0.336209,-0.554114,-0.819421,0.146625,0.82098,-0.50907,0.258406,-0.136409,0.264601,0.95459,-0.005806,0.019847,-0.058572,-0.01006,0.10508,0.292003,-1.080778,-0.007379,0.040707,0.010131,0.538643,0.830408,0.142424,-0.830483,0.49481,0.25585,0.141987,-0.256093,0.956166,-0.003018,0.004613,-0.024858,-0.104921,0.286881,0.12621,-0.809882,0.079159,0.031221,-0.072125,0.551058,0.062694,-0.832108,0.504944,0.768839,0.392322,0.664354,-0.63636,0.392018,3e-06,9e-06,1.3e-05,3e-06,-2e-06,3e-06,0.516306
160,0.15299,-0.039144,0.269216,-0.548342,-0.040309,-0.835309,-0.536619,-0.749129,0.388353,-0.640733,0.661241,0.390192,-0.0,-1e-06,-1e-06,0.0,0.0,0.0,0.51819,-0.267103,-0.02553,0.335115,-0.567765,-0.809177,0.151222,0.812386,-0.52138,0.261008,-0.131649,0.272068,0.953158,-0.005734,0.020127,-0.058378,0.57596,1.97619,5.58394,-1.171942,-0.007442,0.040872,0.009582,0.546737,0.824527,0.145715,-0.825706,0.502072,0.257159,0.138875,-0.260916,0.955319,-0.002988,0.00473,-0.024782,0.034357,0.091037,0.085823,-0.813965,0.079159,0.031221,-0.072124,0.551057,0.062694,-0.832108,0.504944,0.768839,0.392322,0.664354,-0.63636,0.392018,3e-06,2.7e-05,4e-05,-6e-06,-1.3e-05,-1e-05,0.516142
161,0.15298,-0.039138,0.269244,-0.548323,-0.040304,-0.835322,-0.536646,-0.749112,0.388347,-0.640726,0.66126,0.390171,1.7e-05,-0.01077,0.008786,-0.035499,0.014234,-0.017572,0.518252,-0.267343,-0.024876,0.332922,-0.584192,-0.796354,0.15662,0.801284,-0.535507,0.266665,-0.127759,0.28229,0.950712,-0.006036,0.009595,-0.049646,-0.012353,0.151984,0.065781,-1.347503,-0.007562,0.041201,0.008481,0.569709,0.807481,0.152989,-0.810902,0.522019,0.264448,0.133674,-0.274718,0.952187,-0.0028,0.010204,-0.029126,0.048045,0.112223,0.126532,-0.817557,0.079154,0.031224,-0.07211,0.551039,0.062688,-0.832121,0.504972,0.768824,0.392316,0.664348,-0.636379,0.391997,1.3e-05,-0.005344,0.004457,-0.035488,0.014236,-0.017569,0.515979
162,0.152967,-0.039133,0.269232,-0.548346,-0.040316,-0.835307,-0.536615,-0.749128,0.38836,-0.640733,0.661241,0.390191,-6.6e-05,-0.000503,-0.000766,0.0,0.0,0.0,0.517779,-0.267569,-0.024245,0.330847,-0.60915,-0.77666,0.160394,0.782498,-0.55603,0.280108,-0.127603,0.29712,0.946203,-0.005232,0.021914,-0.05688,-0.259753,0.203798,0.418153,-1.391568,-0.007678,0.041518,0.007423,0.594699,0.788582,0.15643,-0.792745,0.542833,0.277285,0.133747,-0.28891,0.947967,-0.002558,0.011028,-0.028356,-0.287632,0.21218,0.426441,-0.826538,0.079148,0.031229,-0.072113,0.55106,0.062701,-0.832105,0.504939,0.768838,0.392329,0.664355,-0.63636,0.392017,-3.6e-05,-0.000289,-0.00044,9e-06,1.2e-05,6e-06,0.515816
163,0.152966,-0.039138,0.269224,-0.548244,-0.040282,-0.835375,-0.536672,-0.749134,0.38827,-0.640773,0.661236,0.390134,-2e-06,-1.2e-05,-1.8e-05,0.0,0.0,0.0,0.518331,-0.267733,-0.023635,0.328819,-0.63055,-0.75798,0.166929,0.765614,-0.572436,0.293403,-0.126049,0.313769,0.941023,-0.004945,0.022906,-0.055999,-0.247525,0.494761,0.335943,-1.407888,-0.00776,0.041823,0.006408,0.616155,0.770639,0.162687,-0.776393,0.559514,0.290098,0.132535,-0.305054,0.943067,-0.002434,0.011467,-0.027981,-0.318962,0.570135,0.334857,-0.8316,0.079148,0.031225,-0.072119,0.550961,0.062663,-0.832175,0.504996,0.768847,0.392239,0.664395,-0.636354,0.39196,1e-06,2e-06,1e-06,-9e-06,-1.2e-05,-1e-06,0.515816
164,0.152967,-0.039133,0.269232,-0.548227,-0.040276,-0.835387,-0.536682,-0.749135,0.388254,-0.640779,0.661235,0.390124,4e-06,3.2e-05,4.8e-05,0.0,0.0,0.0,0.517987,-0.267817,-0.023312,0.327777,-0.640826,-0.748177,0.171945,0.757641,-0.580589,0.298044,-0.122359,0.322215,0.938653,-0.005049,0.022614,-0.05639,-0.078835,0.272486,0.167395,-1.407937,-0.007798,0.041973,0.005928,0.627018,0.760591,0.168371,-0.768236,0.567921,0.295428,0.129078,-0.314587,0.940411,-0.002707,0.005785,-0.024004,-0.184528,0.306199,0.398309,-0.831437,0.079148,0.031228,-0.072115,0.550944,0.062657,-0.832186,0.505006,0.768849,0.392224,0.664401,-0.636353,0.391951,3e-06,2e-05,3e-05,-3e-06,-2e-06,2e-06,0.515816
165,0.15298,-0.039138,0.269244,-0.548204,-0.040264,-0.835402,-0.536713,-0.74912,0.388242,-0.640772,0.661254,0.390104,3e-06,2.3e-05,3.5e-05,0.0,0.0,0.0,0.518419,-0.267844,-0.02275,0.325719,-0.667834,-0.72099,0.184833,0.735569,-0.601749,0.311079,-0.112225,0.344619,0.931937,0.008843,0.008474,-0.051308,-0.189299,0.291381,0.427556,-1.408561,-0.007818,0.042266,0.004881,0.654397,0.734056,0.181452,-0.746687,0.589477,0.308178,0.119258,-0.337159,0.933863,-0.002835,0.005411,-0.024497,-0.262283,0.474087,0.299183,-0.817067,0.079155,0.031226,-0.072108,0.550922,0.062643,-0.832202,0.505038,0.768834,0.392211,0.664395,-0.636371,0.39193,0.0,8e-06,1.3e-05,-0.0,5e-06,1e-06,0.515979
166,0.152979,-0.039134,0.269231,-0.548208,-0.040267,-0.8354,-0.536693,-0.749137,0.388235,-0.640786,0.661234,0.390116,-7e-06,-5.2e-05,-7.9e-05,0.0,0.0,0.0,0.518353,-0.267623,-0.022331,0.323624,-0.693429,-0.692818,0.197866,0.713186,-0.621325,0.324431,-0.100964,0.366963,0.924667,0.008416,0.007126,-0.052985,-0.174956,0.379644,0.283271,-1.408626,-0.007707,0.042476,0.003835,0.68075,0.706182,0.194639,-0.724449,0.609729,0.321561,0.108403,-0.359909,0.926667,0.004223,0.003496,-0.026558,-0.18563,0.37656,0.598101,-0.819517,0.079154,0.031227,-0.072115,0.550925,0.062647,-0.8322,0.505018,0.768851,0.392205,0.664408,-0.636351,0.391942,-3e-06,-3e-05,-4.8e-05,0.0,7e-06,-1e-06,0.515979
167,0.152968,-0.039128,0.269239,-0.548209,-0.04027,-0.835399,-0.536691,-0.749136,0.388239,-0.640786,0.661234,0.390115,0.000108,0.000819,0.001246,0.0,0.0,0.0,0.518141,-0.267425,-0.022178,0.32256,-0.699803,-0.684515,0.204222,0.707304,-0.624442,0.331252,-0.098345,0.377124,0.920852,0.023024,0.004759,-0.05544,-0.21106,0.301725,0.476279,-1.408898,-0.007614,0.042553,0.003304,0.687079,0.698252,0.200909,-0.718819,0.612925,0.328055,0.105923,-0.369818,0.923046,0.004198,0.003419,-0.02671,-0.310544,0.521098,0.324939,-0.822293,0.079148,0.031228,-0.072115,0.550944,0.062656,-0.832186,0.505006,0.768849,0.392224,0.664401,-0.636353,0.391951,-0.0,3e-06,5e-06,-6e-06,-5e-06,-4e-06,0.515979
168,0.152968,-0.039124,0.269246,-0.548192,-0.040265,-0.83541,-0.536701,-0.749137,0.388224,-0.640793,0.661234,0.390105,6.6e-05,0.000503,0.000766,0.0,0.0,0.0,0.518105,-0.266759,-0.021963,0.320405,-0.719433,-0.65933,0.218383,0.689796,-0.642074,0.334451,-0.079394,0.392089,0.91642,0.023061,0.004768,-0.055708,1.173638,1.918904,5.391261,-1.408959,-0.007281,0.04266,0.002225,0.703719,0.676951,0.215673,-0.704853,0.627082,0.331587,0.089224,-0.385362,0.918441,0.011542,0.002311,-0.027937,-0.020868,0.170929,0.172725,-0.831273,0.079149,0.031232,-0.072109,0.55091,0.062644,-0.83221,0.505025,0.768851,0.392193,0.664415,-0.63635,0.391931,3.7e-05,0.000284,0.000432,-1e-05,-7e-06,-5e-06,0.515816
169,0.15297,-0.039114,0.269261,-0.548157,-0.040253,-0.835433,-0.53672,-0.749139,0.388193,-0.640806,0.661232,0.390086,8e-06,6.4e-05,9.8e-05,0.0,0.0,0.0,0.517968,-0.265743,-0.021923,0.318357,-0.736497,-0.634459,0.234574,0.67395,-0.659352,0.333137,-0.055772,0.404248,0.912873,0.023083,0.004685,-0.05609,-0.027615,0.138578,0.14135,-1.409254,-0.006773,0.042681,0.001203,0.725269,0.64827,0.231799,-0.685529,0.648944,0.330034,0.063526,-0.398268,0.915066,0.011365,-0.003221,-0.023936,-0.051878,0.062163,0.293219,-0.848092,0.079149,0.031238,-0.0721,0.550876,0.062631,-0.832233,0.505045,0.768854,0.392162,0.664428,-0.636348,0.391912,4e-06,2.8e-05,4.2e-05,1e-06,5e-06,-3e-06,0.515816
170,0.152935,-0.039098,0.269285,-0.547914,-0.043509,-0.83543,-0.532269,-0.752303,0.388203,-0.644711,0.657426,0.390084,1e-05,7.7e-05,0.000117,0.0,-0.0,-0.0,0.517632,-0.264469,-0.022205,0.316393,-0.746707,-0.617885,0.24625,0.663624,-0.668055,0.33651,-0.042481,0.415473,0.908538,0.037316,-0.009142,-0.050967,-0.068721,0.147806,0.161063,-1.409255,-0.006141,0.042545,0.00022,0.735672,0.632044,0.243528,-0.675449,0.657744,0.333377,0.05053,-0.409747,0.910798,0.018603,-0.004844,-0.025802,-0.053208,0.044068,0.351499,-0.854624,0.079132,0.031246,-0.072088,0.550507,0.065888,-0.832226,0.500458,0.771852,0.392155,0.668194,-0.632379,0.391936,4e-06,3.3e-05,4.9e-05,-9.8e-05,0.000122,0.000176,0.515816
171,0.152924,-0.039092,0.269293,-0.547916,-0.043512,-0.835428,-0.532267,-0.752303,0.388207,-0.644711,0.657426,0.390083,4e-06,2.8e-05,4.3e-05,0.0,-0.0,-0.0,0.517726,-0.263742,-0.022427,0.315425,-0.753858,-0.605559,0.254928,0.656065,-0.674086,0.339295,-0.032675,0.423795,0.905093,0.037432,-0.008981,-0.05098,-0.24908,0.381685,0.310307,-1.40946,-0.005778,0.042433,-0.000266,0.742468,0.620857,0.251546,-0.668617,0.663792,0.335157,0.04111,-0.417032,0.907961,0.01867,-0.004727,-0.025778,-0.406669,0.530656,0.363381,-0.861972,0.079127,0.031249,-0.072083,0.550509,0.065889,-0.832224,0.500459,0.77185,0.392158,0.668192,-0.632381,0.391936,-1e-06,0.0,2e-06,-0.000119,8.2e-05,8e-05,0.515326
172,0.152878,-0.039076,0.269318,-0.547673,-0.046776,-0.835411,-0.527785,-0.755439,0.388236,-0.648587,0.653599,0.39009,4.2e-05,0.000317,0.000482,0.124657,-0.057931,-0.058208,0.517174,-0.2622,-0.02298,0.313433,-0.77122,-0.572931,0.277417,0.636453,-0.693232,0.33807,-0.000411,0.438013,0.898892,0.051655,-0.013463,-0.056277,-0.079022,0.071836,0.35234,-1.409163,-0.004992,0.042156,-0.001277,0.760965,0.587541,0.275183,-0.648733,0.683335,0.334958,0.008759,-0.433412,0.901152,0.025831,-0.006813,-0.028254,-0.021349,0.003645,0.354291,-0.87079,0.079104,0.031256,-0.072072,0.550151,0.069066,-0.832203,0.49597,0.774735,0.392172,0.671823,-0.628502,0.391966,2.4e-05,0.000195,0.000297,0.42008,-0.194795,-0.195603,0.514673
173,0.152855,-0.039074,0.26934,-0.547403,-0.050028,-0.8354,-0.523309,-0.758532,0.388264,-0.652426,0.649768,0.390087,2.6e-05,0.000196,0.000298,2.7e-05,-1.3e-05,-1.3e-05,0.517028,-0.260341,-0.023671,0.3113,-0.788974,-0.53405,0.303811,0.613251,-0.713665,0.338438,0.037064,0.454007,0.89015,0.051198,-0.015735,-0.059464,-0.319221,0.393392,0.544036,-1.409585,-0.004081,0.041818,-0.00232,0.778638,0.550631,0.300876,-0.626845,0.704037,0.33376,-0.028049,-0.448481,0.893351,0.025426,-0.013531,-0.025767,-0.310925,0.354205,0.731842,-0.873729,0.079092,0.031257,-0.072061,0.549745,0.072401,-0.832188,0.491243,0.777736,0.392179,0.675618,-0.624406,0.39199,1.4e-05,0.000116,0.000174,-0.000149,0.000199,0.000312,0.513856
174,0.152833,-0.03905,0.269357,-0.54707,-0.053266,-0.835418,-0.518803,-0.761636,0.388234,-0.656289,0.645872,0.390078,8.1e-05,0.000613,0.000932,0.0,-0.0,-0.0,0.51666,-0.25817,-0.024449,0.308982,-0.806675,-0.492605,0.326508,0.586458,-0.73484,0.340603,0.073157,0.466861,0.881222,0.066114,-0.018581,-0.063253,-0.413216,0.547253,0.637728,-1.409254,-0.002977,0.041421,-0.003503,0.797189,0.509682,0.323592,-0.600346,0.725889,0.335661,-0.063811,-0.461853,0.884657,0.033055,-0.009395,-0.031786,-0.34859,0.478475,0.634966,-0.876505,0.079081,0.031269,-0.072053,0.549287,0.075628,-0.832203,0.486616,0.780665,0.39213,0.679329,-0.620355,0.392008,4.3e-05,0.000336,0.000507,-0.000353,0.000216,0.000282,0.514183
175,0.152834,-0.039045,0.269365,-0.546383,-0.059734,-0.835429,-0.509757,-0.767728,0.388219,-0.663898,0.638054,0.390068,6.8e-05,0.000512,0.000779,4.617022,-2.145502,-2.15572,0.517046,-0.256999,-0.024843,0.307736,-0.811392,-0.477097,0.337658,0.577699,-0.741887,0.340294,0.089166,0.471779,0.877119,0.050867,-0.018272,-0.063497,1.172557,2.23141,-0.529061,-1.409376,-0.00241,0.041233,-0.0041,0.803168,0.493796,0.333294,-0.590703,0.732751,0.337853,-0.077391,-0.468231,0.880209,0.032813,-0.010497,-0.033283,-0.175061,0.434112,1.149175,-0.877975,0.079081,0.031271,-0.07205,0.548821,0.078852,-0.832212,0.481982,0.783552,0.392095,0.682999,-0.616301,0.392024,4.3e-05,0.00033,0.0005,-0.000453,0.00025,0.000313,0.51402
176,0.152822,-0.039044,0.269365,-0.545656,-0.066211,-0.835417,-0.500618,-0.773709,0.388238,-0.671402,0.630148,0.390077,0.0,0.0,0.0,9.1e-05,-4.2e-05,-4.2e-05,0.516813,-0.254428,-0.025515,0.304925,-0.829511,-0.420313,0.367748,0.540922,-0.768122,0.342528,0.139543,0.483585,0.864024,0.065799,-0.011215,-0.077259,0.764191,2.661994,-0.286576,-1.409227,-0.001131,0.040893,-0.005501,0.821883,0.439357,0.362591,-0.555315,0.759853,0.338005,-0.127011,-0.479153,0.868492,0.03291,-0.005678,-0.038747,-0.132256,0.553696,1.007218,-0.882873,0.079075,0.031272,-0.072048,0.547375,0.088543,-0.83219,0.467937,0.792038,0.392058,0.69384,-0.604015,0.392109,-1e-06,-4e-06,-1.2e-05,-0.000336,0.000298,0.000446,0.51451
177,0.15281,-0.039035,0.26936,-0.544399,-0.0759,-0.835413,-0.486773,-0.782494,0.388235,-0.682502,0.618103,0.390087,0.0,0.0,0.0,1.385079,-0.643677,-0.646748,0.516773,-0.251741,-0.025906,0.301801,-0.844707,-0.354791,0.40073,0.497723,-0.795767,0.344906,0.197573,0.491245,0.848238,0.066061,-0.001012,-0.087607,-0.143854,0.659432,1.345425,-1.409822,0.000237,0.040694,-0.007092,0.837753,0.372726,0.399055,-0.512744,0.788282,0.340153,-0.187784,-0.489577,0.851499,0.033027,-0.000641,-0.044012,-0.23453,0.722476,1.376204,-0.885159,0.079069,0.031277,-0.072051,0.545916,0.097228,-0.832178,0.455174,0.799467,0.392004,0.703414,-0.592787,0.392186,-2.1e-05,-0.000128,-1.7e-05,4.612303,-2.153679,-2.160225,0.51451
178,0.152797,-0.039039,0.269353,-0.543975,-0.079139,-0.835388,-0.48211,-0.785359,0.388269,-0.686136,0.614053,0.390106,-4e-06,-2.7e-05,-4.1e-05,0.124653,-0.057936,-0.05821,0.516499,-0.250329,-0.026032,0.30012,-0.847881,-0.328843,0.415875,0.482041,-0.804499,0.346919,0.221548,0.49503,0.840075,0.081112,-0.00341,-0.090971,-0.021031,0.922483,0.404017,-1.409252,0.000943,0.040631,-0.007932,0.841607,0.346296,0.414458,-0.496834,0.797318,0.342692,-0.211783,-0.494329,0.843081,0.040554,-0.001864,-0.045727,-0.022887,0.989279,0.380607,-0.885486,0.079063,0.031274,-0.072054,0.545249,0.101132,-0.83215,0.449397,0.802725,0.392013,0.707633,-0.587711,0.392236,-3e-06,-2.3e-05,-2.4e-05,1.399445,-0.650178,-0.652893,0.51451
179,0.152774,-0.039008,0.269344,-0.541927,-0.092002,-0.835402,-0.463327,-0.796605,0.388227,-0.700535,0.597567,0.390118,2e-06,1.2e-05,1.8e-05,1.385061,-0.643665,-0.6468,0.516872,-0.247433,-0.026017,0.296428,-0.854876,-0.274099,0.44051,0.446953,-0.82002,0.357398,0.264331,0.502763,0.822934,0.066291,0.008904,-0.09906,-0.417492,0.514503,0.971198,-1.409214,0.002365,0.040634,-0.009743,0.849244,0.293291,0.439048,-0.462808,0.813743,0.35161,-0.254148,-0.501798,0.826804,0.040658,0.003262,-0.051006,-0.269551,1.111797,0.71333,-0.88418,0.079052,0.03129,-0.072058,0.54331,0.111024,-0.832157,0.434555,0.810906,0.391907,0.718313,-0.574546,0.392328,1e-06,9e-06,8e-06,-0.001027,0.000652,0.00074,0.515
180,0.15275,-0.038956,0.26931,-0.541326,-0.095207,-0.835432,-0.45851,-0.799431,0.388137,-0.704156,0.593278,0.390144,0.0,0.0,0.0,0.0,-0.0,-0.0,0.516105,-0.244725,-0.025637,0.292393,-0.856461,-0.2133,0.470073,0.409479,-0.835032,0.367401,0.315227,0.507419,0.801886,0.066176,0.007649,-0.101949,0.465876,2.404882,-0.477901,-1.409337,0.003719,0.040824,-0.011758,0.853265,0.232044,0.467005,-0.424464,0.82928,0.363489,-0.302932,-0.508379,0.80609,0.033215,0.009516,-0.054932,-0.494767,0.485343,0.944679,-0.890711,0.07904,0.031316,-0.072076,0.541931,0.117386,-0.832184,0.424828,0.816109,0.391773,0.725142,-0.565849,0.392405,1e-06,1e-06,-0.0,-0.001034,0.000522,0.000543,0.514673
181,0.152714,-0.03892,0.269289,-0.540753,-0.098427,-0.83543,-0.453687,-0.802193,0.388107,-0.707709,0.589013,0.390177,0.0,0.0,0.0,0.0,-0.0,-0.0,0.515272,-0.243477,-0.025342,0.290281,-0.85683,-0.183945,0.481662,0.392173,-0.838808,0.377539,0.335642,0.512614,0.790212,0.06616,0.018025,-0.111791,2.085003,2.818601,5.213626,-1.409119,0.004368,0.040976,-0.012851,0.852748,0.204276,0.480719,-0.40935,0.833023,0.372162,-0.324426,-0.514143,0.793979,0.033043,0.008919,-0.055988,2.172536,2.755277,5.187296,-0.89414,0.079022,0.031334,-0.072086,0.541234,0.120585,-0.83218,0.419902,0.818678,0.391724,0.728524,-0.561448,0.392463,2e-06,1e-06,1e-06,-0.000955,0.000541,0.000653,0.513856
182,0.152619,-0.03883,0.269235,-0.537608,-0.114439,-0.83542,-0.429528,-0.815413,0.388044,-0.724957,0.567591,0.390262,3e-05,0.000223,0.000339,0.037425,-0.017383,-0.017483,0.51363,-0.241189,-0.024511,0.28592,-0.854969,-0.145571,0.497823,0.375194,-0.83611,0.400103,0.359056,0.529038,0.768804,0.051371,0.020843,-0.109529,-0.709139,0.762006,0.66163,-1.409313,0.005492,0.04138,-0.014995,0.852059,0.165261,0.496672,-0.390968,0.831839,0.393937,-0.348049,-0.529841,0.773388,0.025784,0.016061,-0.058769,-0.362868,0.46435,0.481496,-0.89463,0.078974,0.031378,-0.072114,0.537475,0.136482,-0.832161,0.395238,0.830944,0.391558,0.74492,-0.539355,0.392668,2.2e-05,0.000154,0.000228,0.125006,-0.057568,-0.057574,0.511897
183,0.152465,-0.038728,0.2692,-0.530915,-0.143068,-0.835288,-0.385162,-0.837235,0.38815,-0.75421,0.527971,0.39044,-0.015933,0.001249,0.00168,0.123746,-0.043246,-0.087856,0.513779,-0.23914,-0.023414,0.281429,-0.851914,-0.115206,0.510844,0.363871,-0.8316,0.419493,0.37755,0.543397,0.749693,0.036737,0.024644,-0.105788,-0.504549,0.693409,0.33435,-1.409389,0.006501,0.041911,-0.017203,0.849649,0.134639,0.509871,-0.379416,0.827571,0.413724,-0.366251,-0.544974,0.754229,0.025993,0.011274,-0.0543,-0.270451,0.480164,0.221726,-0.896426,0.078903,0.031428,-0.072133,0.529728,0.164644,-0.832033,0.350384,0.850879,0.391451,0.772411,-0.498894,0.393046,5.3e-05,0.000398,0.000608,1.39927,-0.649618,-0.652646,0.510754
184,0.152214,-0.038681,0.269211,-0.523816,-0.168294,-0.835068,-0.344831,-0.854501,0.38845,-0.778294,0.491639,0.390612,-0.015984,0.000863,0.001085,0.01023,0.009498,-0.034799,0.515539,-0.237359,-0.022269,0.277267,-0.848866,-0.089423,0.52098,0.356991,-0.823677,0.440508,0.390784,0.560028,0.730424,0.052644,0.025643,-0.105585,-0.617002,0.675356,0.617005,-1.409185,0.007406,0.042496,-0.019328,0.847051,0.108944,0.520225,-0.372384,0.82003,0.434602,-0.379253,-0.561854,0.735177,0.018812,0.01946,-0.055414,-0.236413,0.465476,0.237145,-0.901162,0.078778,0.031453,-0.072125,0.521568,0.189875,-0.831813,0.30894,0.866738,0.391561,0.795312,-0.461206,0.393403,-0.007985,0.000459,0.000576,0.122522,-0.042172,-0.086434,0.511897
185,0.152035,-0.038672,0.269242,-0.520966,-0.177766,-0.834889,-0.329465,-0.860418,0.388723,-0.786812,0.477795,0.390725,4.6e-05,0.000343,0.000521,0.41529,-0.193358,-0.194354,0.516475,-0.236513,-0.02165,0.275153,-0.847307,-0.075233,0.52574,0.353113,-0.819052,0.452105,0.397649,0.568809,0.719857,0.037752,0.028776,-0.101836,-0.439079,0.515361,0.495931,-1.409025,0.00782,0.042793,-0.020349,0.845763,0.094244,0.525168,-0.368348,0.815222,0.446914,-0.38601,-0.571428,0.724199,0.018984,0.020228,-0.054629,-0.596181,0.683845,0.656368,-0.901488,0.078682,0.031458,-0.07211,0.518465,0.198998,-0.831621,0.293769,0.871897,0.391783,0.803053,-0.44743,0.393589,-0.007973,0.000583,0.000775,1.39608,-0.635366,-0.682175,0.512877
186,0.151508,-0.038625,0.269268,-0.512892,-0.195419,-0.835942,-0.299163,-0.872032,0.387343,-0.804029,0.448987,0.38984,-0.015997,0.000764,0.000914,0.01025,0.009509,-0.034792,0.516617,-0.235074,-0.020584,0.271382,-0.841575,-0.045031,0.538252,0.347655,-0.807645,0.476214,0.414319,0.587949,0.694637,0.03842,0.031618,-0.098854,-0.485173,0.661099,0.363952,-1.409112,0.008554,0.043335,-0.022275,0.840529,0.063302,0.538054,-0.362528,0.803747,0.471766,-0.402596,-0.591593,0.698521,0.011571,0.016368,-0.048635,-0.700722,0.840856,0.452862,-0.89463,0.078425,0.031482,-0.072097,0.50959,0.21659,-0.832709,0.262594,0.882475,0.390233,0.819366,-0.417523,0.392826,-0.007996,0.000377,0.000451,0.034193,-0.000383,-0.04625,0.514183
187,0.1508,-0.038536,0.269261,-0.495253,-0.233732,-0.836743,-0.231337,-0.892887,0.386275,-0.836791,0.38516,0.38918,-0.015998,0.000761,0.000888,4.656818,-2.029575,-2.36424,0.518295,-0.233647,-0.019628,0.267852,-0.8358,-0.012404,0.548885,0.342193,-0.7934,0.503343,0.43028,0.60853,0.666643,0.023765,0.024535,-0.085761,-0.855368,0.986634,0.554679,-1.409126,0.009281,0.043824,-0.024079,0.835436,0.031695,0.548671,-0.356903,0.790466,0.497777,-0.417929,-0.611684,0.671696,0.01197,0.012424,-0.042677,-0.844177,0.979834,0.550098,-0.896753,0.07807,0.031526,-0.072101,0.491822,0.251266,-0.833652,0.199341,0.89953,0.388726,0.847569,-0.357365,0.392322,-0.00799,0.000388,0.000459,0.122534,-0.038792,-0.089867,0.515653
188,0.150381,-0.038476,0.26927,-0.481751,-0.251395,-0.839501,-0.195478,-0.903014,0.382527,-0.853652,0.348695,0.386934,-0.03188,0.013017,-0.005934,0.190875,-0.185001,0.101611,0.519117,-0.232945,-0.019222,0.266234,-0.832816,0.00189,0.553539,0.340241,-0.786863,0.514798,0.437567,0.617061,0.653938,0.039585,0.013643,-0.077674,-0.577087,0.715265,0.359699,-1.409485,0.009617,0.044021,-0.02486,0.832676,0.016451,0.553515,-0.354664,0.78349,0.51025,-0.425279,-0.621185,0.658229,0.019964,0.013115,-0.041891,-0.532519,0.711688,0.430163,-0.890058,0.077867,0.031551,-0.072094,0.476402,0.27147,-0.836267,0.157735,0.909319,0.385042,0.864962,-0.315344,0.390381,-0.007983,0.000435,0.000521,0.534485,-0.698516,0.516352,0.517286
189,0.149352,-0.038396,0.269355,-0.452075,-0.275261,-0.848472,-0.135095,-0.919104,0.370093,-0.881148,0.282271,0.379378,-0.031962,0.00177,0.002064,1.444811,-0.730697,-0.49055,0.519472,-0.231566,-0.018606,0.263421,-0.826388,0.028159,0.56239,0.341223,-0.769265,0.540123,0.448862,0.638208,0.625361,0.025369,0.008324,-0.061605,-0.691891,0.786718,0.425247,-1.409525,0.010312,0.044328,-0.026276,0.826805,-0.009308,0.56241,-0.355356,0.766415,0.535097,-0.436021,-0.642277,0.630369,0.0204,0.00924,-0.035674,-0.732709,0.746485,0.681669,-0.890058,0.077353,0.031596,-0.072054,0.446264,0.293434,-0.845425,0.098315,0.922919,0.372227,0.889484,-0.249229,0.383017,-0.016075,0.00082,0.000905,4.821792,-2.554476,-1.442695,0.518592
190,0.148133,-0.038307,0.269466,-0.4007,-0.303654,-0.864453,-0.043281,-0.936165,0.348845,-0.914705,0.177569,0.363059,-0.031811,0.002806,0.003564,0.485562,-0.219686,-0.229697,0.519709,-0.23012,-0.018309,0.261184,-0.818438,0.050288,0.572382,0.345443,-0.752787,0.560281,0.460073,0.65621,0.597984,0.041979,0.000499,-0.049105,-0.542763,0.63044,0.318,-1.409685,0.011029,0.044479,-0.027401,0.819141,-0.032232,0.572685,-0.359167,0.74963,0.555924,-0.447221,-0.66107,0.602476,0.013336,0.000961,-0.023467,-0.752613,0.796388,0.411801,-0.887609,0.076742,0.031638,-0.072003,0.393133,0.320468,-0.861826,0.004931,0.936548,0.350503,0.919467,-0.142044,0.366608,-0.01589,0.0015,0.001943,1.689464,-1.034466,-0.125064,0.519082
191,0.147511,-0.038259,0.269527,-0.365261,-0.318704,-0.874676,0.019083,-0.941944,0.335184,-0.93027,0.106129,0.35123,-0.031872,0.002389,0.002892,1.649771,-1.002064,-0.198263,0.51963,-0.229409,-0.018251,0.260278,-0.813997,0.055629,0.578192,0.35147,-0.745152,0.566702,0.463375,0.664433,0.586238,0.042489,-0.009138,-0.038878,-0.330631,0.42839,0.129046,-1.409421,0.011401,0.044509,-0.027871,0.814569,-0.038926,0.578758,-0.364895,0.74122,0.563421,-0.45092,-0.670131,0.589571,0.021339,-0.004305,-0.019076,-0.255972,0.376453,0.099138,-0.885976,0.076432,0.031664,-0.071971,0.357904,0.334199,-0.871903,-0.056459,0.939793,0.337045,0.932049,-0.071403,0.355225,-0.016022,0.001258,0.001285,5.573284,-3.637007,0.082144,0.519408
192,0.146353,-0.038199,0.269667,-0.30404,-0.328755,-0.894162,0.110892,-0.944408,0.309464,-0.945816,-0.004664,0.324711,-0.031791,0.002921,0.003629,0.109933,-0.345824,0.214335,0.519915,-0.227931,-0.018312,0.258862,-0.793596,0.059962,0.605476,0.379911,-0.728288,0.570262,0.476138,0.6825,0.554391,0.028095,-0.003471,-0.030543,-0.32407,0.586455,-0.097173,-1.409278,0.01213,0.04448,-0.028568,0.794442,-0.042894,0.605821,-0.392979,0.724237,0.56661,-0.463063,-0.688215,0.558508,0.021866,-0.002023,-0.015809,-0.376566,0.742458,-0.15842,-0.882547,0.075852,0.031693,-0.071902,0.295553,0.342332,-0.891883,-0.149824,0.938647,0.310633,0.943504,0.041817,0.328709,-0.015958,0.000958,0.001108,0.438678,-0.32953,-0.054369,0.519898
193,0.145188,-0.038221,0.269793,-0.261979,-0.336861,-0.904399,0.177456,-0.937945,0.297893,-0.948301,-0.082037,0.306629,-0.032048,0.001309,0.001112,4.977169,-2.031743,-1.338747,0.520045,-0.226373,-0.018525,0.257824,-0.784317,0.057239,0.617707,0.403801,-0.708621,0.578564,0.471807,0.703125,0.531861,0.044462,-0.00068,-0.026722,-0.38212,0.568179,0.06205,-1.409225,0.01292,0.044373,-0.029097,0.785107,-0.039753,0.618083,-0.416643,0.704491,0.574543,-0.458274,-0.708598,0.536538,0.022288,-0.000156,-0.013116,-0.437389,0.602798,0.088179,-0.890058,0.075271,0.031685,-0.071834,0.255443,0.347653,-0.902155,-0.210658,0.930707,0.299009,0.943594,0.113667,0.310978,-0.016034,0.000532,0.00042,-5.7e-05,-0.241103,0.142141,0.519572
194,0.14393,-0.038162,0.269886,-0.231899,-0.350829,-0.907297,0.223329,-0.926991,0.301304,-0.946475,-0.132324,0.294451,-0.031923,0.002136,0.002291,0.027679,-0.516831,0.046376,0.521271,-0.224619,-0.018854,0.257239,-0.774339,0.036857,0.63169,0.441953,-0.682753,0.581774,0.453689,0.72961,0.511566,0.045694,-0.007105,-0.011542,-0.513072,0.204586,-0.534515,-1.409628,0.013779,0.044209,-0.029388,0.774967,-0.020596,0.631665,-0.453672,0.677715,0.57869,-0.440009,-0.735035,0.515863,0.022946,-0.003152,-0.005182,-1.240051,-0.614903,-0.953471,-0.892998,0.074641,0.031713,-0.07179,0.223628,0.361534,-0.905142,-0.261508,0.916867,0.301608,0.938937,0.169254,0.299582,-0.015953,0.001089,0.00122,0.290463,-0.739045,-0.119821,0.520878
195,0.143272,-0.038094,0.269932,-0.223419,-0.364758,-0.903925,0.23944,-0.919471,0.311791,-0.944585,-0.146329,0.293893,-0.031871,0.002462,0.002745,-0.065057,-0.099107,-0.200873,0.521281,-0.223713,-0.018989,0.257036,-0.769661,0.024961,0.637958,0.461971,-0.667736,0.583649,0.441509,0.743886,0.501565,0.04588,-0.00628,-0.010373,-0.301729,0.593798,-0.200359,-1.409548,0.014233,0.044144,-0.029485,0.770139,-0.007415,0.637831,-0.473906,0.662655,0.579913,-0.426963,-0.748886,0.506824,0.023033,-0.002728,-0.004604,-0.412621,0.545125,0.050493,-0.89561,0.074313,0.031746,-0.071768,0.213582,0.375192,-0.902004,-0.277215,0.908633,0.312308,0.936767,0.183346,0.298076,-0.015822,0.006976,-0.002426,-0.045193,0.138085,-0.560312,0.521368
196,0.14174,-0.037952,0.270005,-0.19294,-0.407938,-0.892416,0.281493,-0.894271,0.347868,-0.939732,-0.18359,0.288487,-0.03192,0.002184,0.00223,-0.208094,-0.611371,-0.479483,0.520973,-0.221698,-0.019258,0.256641,-0.767356,-0.015701,0.641022,0.508205,-0.624273,0.59325,0.391808,0.781011,0.486181,0.045886,-0.006412,-0.010772,-0.518785,0.654161,0.110047,-1.409985,0.015242,0.044015,-0.029674,0.767024,0.03465,0.640681,-0.519712,0.619122,0.588716,-0.376261,-0.78453,0.492889,0.030791,-0.003299,-0.005747,-0.187958,0.188083,-0.213633,-0.904264,0.073547,0.031817,-0.07173,0.183395,0.416581,-0.890407,-0.318722,0.882039,0.34702,0.929936,0.220151,0.294535,-0.023942,0.001618,0.001684,-0.134787,-0.584337,-0.736624,0.522021
197,0.140167,-0.03771,0.270093,-0.147525,-0.450267,-0.880648,0.342229,-0.858617,0.381612,-0.927785,-0.244532,0.281861,-0.031699,0.003451,0.004059,1.267247,-0.875795,-1.173235,0.521375,-0.219577,-0.019511,0.256202,-0.761492,-0.071347,0.644229,0.561256,-0.569466,0.600527,0.324965,0.818949,0.472846,0.061615,-0.006506,-0.011509,-0.25238,0.136214,-0.015355,-1.4103,0.016319,0.043886,-0.029898,0.760086,0.087974,0.643839,-0.571565,0.561897,0.597984,-0.309164,-0.822515,0.477373,0.030832,-0.003181,-0.005716,-0.199688,0.103174,-0.045246,-0.903448,0.072778,0.031935,-0.071692,0.138178,0.45604,-0.879166,-0.372986,0.846288,0.380363,0.917489,0.275359,0.287034,-0.015682,0.007666,-0.001469,-0.180396,-0.744503,-0.720135,0.521858
198,0.138606,-0.037338,0.270203,-0.091741,-0.473902,-0.875811,0.402678,-0.822046,0.402569,-0.910623,-0.315155,0.267339,-0.047473,0.005474,0.006394,0.116187,-0.797892,-0.868352,0.521177,-0.21737,-0.019717,0.255765,-0.751954,-0.132726,0.645709,0.612604,-0.502089,0.610374,0.244124,0.854687,0.458013,0.046098,-0.005625,-0.009988,-1.337485,-0.83621,-0.493051,-1.410435,0.017405,0.043785,-0.030111,0.749557,0.148651,0.645032,-0.621067,0.495044,0.607622,-0.228996,-0.856056,0.463386,0.03072,-0.00353,-0.006205,-3.999539,-3.06532,-2.409018,-0.90704,0.071968,0.032125,-0.071632,0.079623,0.478612,-0.874408,-0.43736,0.805026,0.40081,0.895754,0.350518,0.273424,-0.023723,0.002773,0.003312,0.14371,-0.751072,-0.841019,0.522348
199,0.137818,-0.037099,0.270252,-0.0718,-0.476237,-0.876406,0.425487,-0.809329,0.404869,-0.902027,-0.343244,0.261837,-0.031376,0.005098,0.006409,-0.010715,-0.002821,-0.279393,0.520822,-0.216319,-0.019836,0.25555,-0.744825,-0.165218,0.646475,0.636859,-0.464659,0.615172,0.199678,0.870099,0.450466,0.046123,-0.005579,-0.010021,-1.35425,-0.707906,-0.661831,-1.410962,0.017931,0.043726,-0.030219,0.74201,0.181042,0.645479,-0.644596,0.457182,0.612765,-0.184165,-0.870751,0.455933,0.023031,-0.002606,-0.004632,-4.007478,-3.100753,-2.376831,-0.908836,0.071603,0.032235,-0.071611,0.056791,0.480139,-0.875351,-0.458865,0.791229,0.404226,0.886688,0.378712,0.265254,-0.015561,0.00815,-0.000802,0.464521,-0.251029,-0.194801,0.522184
200,0.136373,-0.036657,0.270351,-0.036737,-0.470716,-0.881545,0.460121,-0.791032,0.40315,-0.887054,-0.390228,0.246748,-0.046956,0.017804,-0.000231,0.058167,-0.024436,-0.097276,0.520507,-0.214256,-0.019932,0.255273,-0.7247,-0.24303,0.644777,0.682412,-0.381838,0.623255,0.095633,0.891963,0.441724,0.046788,-0.001791,-0.004385,-3.724306,-3.420003,-2.542231,-1.411075,0.018961,0.043673,-0.030365,0.721972,0.254755,0.643316,-0.686854,0.376193,0.621859,-0.083589,-0.89083,0.44658,0.023442,-0.00078,-0.002078,-0.340531,-0.36224,-0.144009,-0.912429,0.070868,0.032459,-0.071557,0.022385,0.473439,-0.880541,-0.492989,0.77146,0.402256,0.869746,0.425093,0.25067,-0.015615,0.002856,0.003681,0.147414,-0.025275,-0.045313,0.521531
201,0.134884,-0.036231,0.270515,-0.021265,-0.456042,-0.889729,0.483315,-0.783714,0.390092,-0.875166,-0.421165,0.238189,-0.031159,0.005962,0.007523,0.010414,0.004838,-0.032507,0.519768,-0.212276,-0.019929,0.255089,-0.698964,-0.33287,0.632959,0.714531,-0.291449,0.635953,-0.026341,0.897176,0.440732,0.046903,-0.000975,-0.003308,-1.182318,-1.196009,-0.613808,-1.411123,0.019934,0.043677,-0.030453,0.694972,0.344225,0.631286,-0.718026,0.285705,0.634673,0.038109,-0.89436,0.445719,0.023368,0.005601,-0.005026,-1.045068,-1.537034,-0.057487,-0.900019,0.07013,0.032669,-0.071479,0.008321,0.45826,-0.888778,-0.51599,0.763307,0.388736,0.856553,0.455366,0.242809,-0.023539,0.003597,0.004372,0.1262,-0.060908,-0.04306,0.520388
202,0.134172,-0.036033,0.270632,-0.015319,-0.450472,-0.892684,0.492596,-0.780319,0.385257,-0.870107,-0.433278,0.234969,-0.030978,0.006827,0.008781,4.922737,-2.56106,-0.63456,0.519239,-0.211337,-0.019884,0.255005,-0.684813,-0.374757,0.624964,0.723782,-0.251281,0.642598,-0.08292,0.892848,0.442506,0.046756,0.011743,-0.009182,-1.186495,-1.141897,-0.5923,-1.410952,0.02042,0.043694,-0.030495,0.67854,0.389432,0.622837,-0.727884,0.242383,0.641431,0.098828,-0.88859,0.447927,0.023322,-0.000388,-0.001671,-3.90719,-3.78886,-2.485376,-0.8961,0.069762,0.032773,-0.071423,0.005332,0.45325,-0.891366,-0.520594,0.762317,0.384516,0.853786,0.461991,0.240024,-0.023417,0.003843,0.004753,-0.032983,-1.557881,2.430402,0.519735
203,0.13278,-0.035588,0.270896,-0.006675,-0.445452,-0.895306,0.506734,-0.773355,0.380939,-0.862071,-0.450592,0.232006,-0.030676,0.008171,0.010706,0.135523,-0.151878,0.096924,0.51831,-0.209743,-0.01964,0.254798,-0.649338,-0.445441,0.616388,0.739739,-0.182414,0.647646,-0.175236,0.877047,0.447152,0.047059,0.000352,-0.001495,-1.044194,-1.149157,-0.674175,-1.410916,0.021235,0.043822,-0.030601,0.641309,0.460273,0.613898,-0.742884,0.17231,0.646863,0.191953,-0.870894,0.452434,0.023562,0.000228,-0.000697,-1.049138,-1.157965,-0.682905,-0.882873,0.069066,0.032994,-0.071293,-0.005664,0.447276,-0.894377,-0.538713,0.752146,0.379557,0.842469,0.483963,0.236693,-0.023113,0.010426,0.00204,0.482619,-0.284501,0.002364,0.517775
