frame,MLTx,MLTy,MLTz,MLTR1,MLTR2,MLTR3,MLTR4,MLTR5,MLTR6,MLTR7,MLTR8,MLTR9,MLTTVx,MLTTVy,MLTTVz,MLTRVx,MLTRVy,MLTRVz,MLGA,MRTx,MRTy,MRTz,MRTR1,MRTR2,MRTR3,MRTR4,MRTR5,MRTR6,MRTR7,MRTR8,MRTR9,MRTTVx,MRTTVy,MRTTVz,MRTRVx,MRTRVy,MRTRVz,MRGA,SLTx,SLTy,SLTz,SLTR1,SLTR2,SLTR3,SLTR4,SLTR5,SLTR6,SLTR7,SLTR8,SLTR9,SLTTVx,SLTTVy,SLTTVz,SLTRVx,SLTRVy,SLTRVz,SLGA,SRTx,SRTy,SRTz,SRTR1,SRTR2,SRTR3,SRTR4,SRTR5,SRTR6,SRTR7,SRTR8,SRTR9,SRTTVx,SRTTVy,SRTTVz,SRTRVx,SRTRVy,SRTRVz,SRGA
493,0.105877,0.169736,0.257528,-0.710241,0.093195,-0.697794,-0.405162,-0.864702,0.296827,-0.574843,0.493418,0.652779,0.000745,0.026926,-0.035264,-0.148789,-0.231316,-0.380649,-1.48492,-0.120576,0.021392,0.322784,0.38277,-0.512274,0.7688,0.046636,0.841738,0.537806,-0.923089,-0.169364,0.345088,0.000445,-0.002741,-0.002396,0.008279,0.002435,-0.033837,0.377932,0.033799,0.032554,-0.018892,-0.345505,0.432889,0.832605,0.133299,-0.855609,0.500163,0.928901,0.283795,0.237914,0.000132,-0.000832,-0.000725,-0.010838,0.011429,0.008051,0.31274,0.089714,0.107751,-0.111053,-0.671424,0.220514,-0.707504,-0.55529,-0.78193,0.283261,-0.490756,0.583058,0.647457,-0.004461,0.014928,-0.016542,-0.199826,-0.251687,-0.475169,-0.831821
494,0.105689,0.170629,0.256538,-0.710019,0.09123,-0.69828,-0.406114,-0.863125,0.300099,-0.574446,0.49654,0.650759,-0.00758,0.027673,-0.019855,-0.032317,-0.13015,-0.188535,-1.446255,-0.12054,0.021364,0.322756,0.381727,-0.513019,0.768822,0.052538,0.842419,0.536193,-0.923203,-0.163647,0.347533,1e-05,-5.9e-05,-5.2e-05,0.00013,-0.000169,-0.000124,0.386908,0.033817,0.032535,-0.01891,-0.344388,0.433944,0.832519,0.127522,-0.856925,0.499417,0.930126,0.278157,0.239777,-1e-05,4.7e-05,4.2e-05,-0.004618,0.004318,0.003114,0.324334,0.089621,0.108208,-0.111562,-0.672025,0.216645,-0.708128,-0.555523,-0.7798,0.288627,-0.489669,0.587347,0.644397,-0.003565,0.014432,-0.009349,-0.048716,-0.13936,-0.205579,-0.819411
495,0.105647,0.17168,0.256074,-0.70996,0.08708,-0.69887,-0.407143,-0.860452,0.306315,-0.573792,0.501899,0.647215,0.004417,0.025086,-0.00627,0.047444,-0.064381,-0.005206,-1.432455,-0.120436,0.021418,0.322762,0.378961,-0.515699,0.768397,0.057834,0.841814,0.536599,-0.924023,-0.158267,0.347846,0.013231,0.002923,0.000888,0.002045,-0.015205,0.029245,0.407176,0.033865,0.032561,-0.018907,-0.342027,0.437006,0.83189,0.122333,-0.857041,0.500514,0.931693,0.272957,0.239671,-9.6e-05,0.000586,0.000512,-0.000511,-0.000492,-0.00047,0.342949,0.089597,0.108721,-0.111794,-0.672878,0.211951,-0.708739,-0.555979,-0.776889,0.295515,-0.487977,0.59289,0.640592,-0.00258,0.014138,-0.001915,0.090803,-0.028827,0.003643,-0.819738
496,0.105637,0.17238,0.256021,-0.709758,0.085811,-0.699232,-0.409914,-0.857534,0.310771,-0.57207,0.507086,0.644691,-0.00115,0.04594,-0.001919,-0.043498,-0.181576,-0.165714,-1.423428,-0.120308,0.021454,0.322804,0.379191,-0.51605,0.768048,0.057998,0.84157,0.536965,-0.923918,-0.158423,0.348052,0.013109,0.003662,0.001532,0.002045,-0.015205,0.029245,0.416985,0.033933,0.03258,-0.018886,-0.342365,0.437341,0.831576,0.122189,-0.856822,0.500924,0.931587,0.273108,0.239907,0.006542,0.001908,0.000833,0.001533,-0.015536,0.029056,0.356665,0.089595,0.109083,-0.111821,-0.672734,0.211142,-0.709116,-0.558413,-0.773646,0.299406,-0.485388,0.597402,0.638363,-0.000348,0.023594,-0.00035,-0.049379,-0.185487,-0.172895,-0.821371
497,0.1058,0.173997,0.256102,-0.709046,0.086527,-0.699866,-0.412202,-0.856102,0.31169,-0.57131,0.509377,0.643558,0.008257,0.036001,0.004459,0.052031,0.070295,-0.111937,-1.398366,-0.119883,0.021621,0.322894,0.373666,-0.521533,0.767052,0.068564,0.840131,0.537971,-0.925438,-0.14778,0.348695,0.01301,0.004227,0.002021,0.036381,0.008877,0.044855,0.447066,0.034141,0.032664,-0.01884,-0.337775,0.443534,0.830171,0.111785,-0.856864,0.503277,0.934565,0.262795,0.239847,0.00646,0.002373,0.001233,0.117684,0.064873,0.081118,0.388834,0.089679,0.1099,-0.111772,-0.67198,0.21144,-0.709743,-0.560305,-0.771831,0.300556,-0.484253,0.59964,0.637126,0.004278,0.018421,0.00264,0.077355,0.08227,-0.089358,-0.821371
498,0.10612,0.175378,0.256469,-0.71089,0.078908,-0.698895,-0.408537,-0.855196,0.318919,-0.571647,0.512138,0.641062,0.007907,0.02887,0.012732,-0.029938,0.040897,-0.166234,-1.397283,-0.119388,0.021798,0.322997,0.371179,-0.524795,0.766034,0.074125,0.838992,0.53901,-0.926008,-0.142633,0.349325,0.012812,0.00537,0.003012,0.004258,-0.031088,0.053187,0.479375,0.034388,0.032751,-0.01879,-0.335865,0.447115,0.829025,0.106271,-0.856545,0.50501,0.935895,0.257717,0.240168,0.006481,0.002222,0.001095,0.001606,-0.015625,0.028954,0.42982,0.089837,0.110581,-0.111592,-0.675107,0.204211,-0.708891,-0.556721,-0.771514,0.307939,-0.484035,0.602547,0.634544,0.002773,0.007985,0.007715,-0.068029,-0.098962,-0.062282,-0.823983
499,0.10614,0.175259,0.257134,-0.719742,0.075159,-0.690194,-0.404598,-0.853276,0.328925,-0.563314,0.515894,0.645412,-0.003111,-0.027285,0.019106,-0.104578,0.035369,-0.000269,-1.407488,-0.118758,0.02202,0.323148,0.350237,-0.535164,0.768717,0.102571,0.837587,0.536527,-0.931413,-0.108397,0.347252,0.012576,0.006694,0.004158,0.014611,-0.023863,0.057863,0.517751,0.034699,0.032858,-0.018717,-0.316224,0.460138,0.829623,0.077812,-0.858971,0.506075,0.945487,0.224588,0.235823,0.012954,0.004413,0.002163,0.123824,0.029335,0.136179,0.47848,0.089858,0.11057,-0.111258,-0.6847,0.201984,-0.700276,-0.552408,-0.770592,0.317855,-0.475426,0.604475,0.639202,-0.006482,-0.012576,0.010257,-0.078925,0.117641,-0.03411,-0.829209
500,0.105929,0.174431,0.257502,-0.724391,0.076008,-0.685219,-0.404047,-0.852133,0.332545,-0.557726,0.517655,0.648846,-0.009125,-0.056856,0.021053,-0.18494,-0.082199,0.097152,-1.414132,-0.118383,0.022108,0.323255,0.341445,-0.536018,0.77207,0.110738,0.838569,0.533361,-0.933729,-0.095949,0.344684,0.014412,-0.005385,0.011217,-0.034398,-0.007539,0.008979,0.522567,0.034881,0.032908,-0.018664,-0.307297,0.462134,0.831865,0.069395,-0.860952,0.503928,0.949079,0.212583,0.232498,0.006335,0.003012,0.001778,0.002732,-0.018588,0.029558,0.498891,0.089754,0.110156,-0.111063,-0.689241,0.20387,-0.695258,-0.551732,-0.769661,0.321269,-0.469616,0.605027,0.642963,-0.009761,-0.028122,0.010499,-0.157603,0.118513,-0.042778,-0.83672
501,0.105124,0.171234,0.25837,-0.728942,0.077806,-0.680173,-0.407378,-0.847782,0.33953,-0.549319,0.524484,0.650532,-0.028136,-0.099315,0.025873,-0.277172,0.038026,0.030639,-1.43201,-0.117658,0.022109,0.323483,0.333767,-0.538318,0.773825,0.119238,0.838326,0.531908,-0.935448,-0.084595,0.342993,0.014867,-0.008016,0.00892,-0.034372,-0.007954,0.009435,0.523125,0.035252,0.032917,-0.018544,-0.299842,0.465394,0.832767,0.060828,-0.861829,0.503537,0.952047,0.201638,0.230103,0.007424,-0.003981,0.004473,-0.050327,0.100042,-0.156394,0.511791,0.089359,0.108574,-0.11063,-0.693338,0.206452,-0.690404,-0.554424,-0.764842,0.328068,-0.46032,0.610239,0.644757,-0.014227,-0.050111,0.012495,-0.256626,0.204631,-0.074471,-0.83672
502,0.103788,0.166398,0.259658,-0.727346,0.096843,-0.679437,-0.420177,-0.845607,0.329199,-0.541756,0.5248,0.656591,-0.034676,-0.136352,0.037693,0.096758,0.447214,0.599234,-1.4632,-0.116843,0.021541,0.323925,0.301711,-0.557599,0.773334,0.166937,0.82941,0.533051,-0.938995,-0.031038,0.342327,0.017273,-0.023032,0.013437,1.246968,0.907411,0.572827,0.52304,0.035659,0.032641,-0.018322,-0.27178,0.488257,0.8293,0.014335,-0.859587,0.510786,0.962252,0.150709,0.22662,0.015485,-0.010847,0.006315,4.318394,3.034306,1.941264,0.514078,0.088705,0.106218,-0.110013,-0.688908,0.222873,-0.689733,-0.565592,-0.760403,0.319206,-0.453333,0.610011,0.649903,-0.022335,-0.066991,0.019621,-0.231071,0.245869,0.176309,-0.852559
503,0.102998,0.163385,0.260547,-0.722078,0.096221,-0.685121,-0.419835,-0.848048,0.323302,-0.549014,0.520963,0.653611,-0.038512,-0.159669,0.047303,1.15445,-0.642967,-0.305178,-1.47177,-0.116356,0.020927,0.324187,0.267229,-0.572363,0.77523,0.213374,0.819574,0.531699,-0.939995,0.024039,0.340139,0.033587,-0.038857,0.015553,4.301191,3.047567,1.885984,0.520256,0.035895,0.032349,-0.018185,-0.241769,0.50613,0.827876,-0.029356,-0.856612,0.515124,0.969889,0.100238,0.22196,0.010022,-0.020161,0.007995,0.317471,0.306039,0.130535,0.514404,0.088297,0.104661,-0.109561,-0.683652,0.22327,-0.694816,-0.567089,-0.761789,0.313186,-0.459378,0.608133,0.647413,-0.020335,-0.085996,0.025299,3.837029,-3.719376,-1.763868,-0.845864
504,0.10102,0.156253,0.262881,-0.717689,0.086852,-0.690959,-0.4075,-0.856968,0.315469,-0.563843,0.507862,0.651294,-0.056375,-0.203689,0.070018,0.312047,-1.881118,1.277815,-1.512655,-0.11528,0.019534,0.324118,0.227035,-0.582433,0.780524,0.27504,0.807086,0.522398,-0.934474,0.096793,0.342421,0.032929,-0.031337,-0.013303,4.616125,2.480439,1.538197,0.432567,0.036431,0.031659,-0.0182,-0.201031,0.522721,0.828461,-0.091931,-0.852062,0.515304,0.975261,0.027431,0.219345,0.009841,-0.017333,-0.007241,-0.025007,0.041741,-0.084214,0.466887,0.087293,0.101032,-0.108379,-0.681148,0.213065,-0.700456,-0.555445,-0.773678,0.304796,-0.476987,0.596677,0.645336,-0.028067,-0.101557,0.035285,0.387785,-1.828259,1.333653,-0.849293
505,0.098442,0.147807,0.266181,-0.714495,0.087463,-0.694184,-0.398169,-0.866662,0.300549,-0.574452,0.49103,0.65492,-0.07071,-0.229981,0.096186,0.109469,0.469514,0.086603,-1.564134,-0.114585,0.018513,0.322964,0.195664,-0.56759,0.799718,0.32266,0.807251,0.494136,-0.926264,0.162051,0.340056,0.002583,-0.011306,-0.045703,0.337212,1.455125,-2.947042,0.277322,0.036789,0.031144,-0.018756,-0.164268,0.51569,0.84088,-0.147787,-0.855704,0.495911,0.975281,-0.042809,0.216777,0.002248,-0.011722,-0.019315,0.177829,0.208402,-0.28969,0.311924,0.086029,0.096889,-0.106771,-0.676926,0.21344,-0.704424,-0.548041,-0.785017,0.288787,-0.491347,0.58154,0.648372,-0.035392,-0.115156,0.047896,1.048846,0.22359,-0.57382,-0.877053
506,0.095513,0.138302,0.270464,-0.714187,0.108423,-0.691539,-0.398607,-0.875099,0.274383,-0.574532,0.471474,0.669068,-0.075286,-0.260134,0.121446,1.121134,0.201266,-0.127256,-1.57832,-0.114506,0.017936,0.32091,0.183038,-0.534761,0.824936,0.323302,0.8251,0.463271,-0.928602,0.182564,0.32285,0.002731,-0.010588,-0.063449,0.058681,0.774473,-1.089983,0.183671,0.036828,0.030848,-0.019789,-0.145211,0.48153,0.864315,-0.150647,-0.874149,0.4617,0.977864,-0.063162,0.199477,0.008064,-0.004133,-0.03152,0.020487,1.983637,-2.746756,0.131651,0.08454,0.092053,-0.104591,-0.673344,0.233849,-0.70137,-0.549571,-0.792887,0.263249,-0.494547,0.562711,0.662403,-0.037493,-0.129699,0.061075,1.220397,0.252902,-0.058603,-0.883421
507,0.093995,0.133305,0.272992,-0.716548,0.119578,-0.687244,-0.396857,-0.880103,0.260566,-0.572802,0.459293,0.678952,-0.075075,-0.265163,0.136084,1.10902,0.266856,-0.112837,-1.590569,-0.114462,0.01787,0.319512,0.177437,-0.518952,0.836179,0.321852,0.833457,0.449103,-0.930184,0.190075,0.313835,-0.00028,0.009197,-0.081829,0.124422,0.373294,-0.517969,0.179547,0.036852,0.030807,-0.020515,-0.13552,0.465444,0.874639,-0.149694,-0.882269,0.44631,0.9794,-0.070444,0.18924,-1.1e-05,0.004041,-0.041406,0.121388,0.364954,-0.502644,0.091645,0.083808,0.089649,-0.103383,-0.673621,0.245366,-0.697157,-0.549008,-0.797631,0.249745,-0.494796,0.550979,0.67201,-0.041666,-0.124457,0.067066,3.905447,-0.513445,-2.767336,-0.88832
508,0.090882,0.123381,0.278881,-0.722026,0.149911,-0.675463,-0.398762,-0.88796,0.229101,-0.564546,0.434575,0.701755,-0.080054,-0.244239,0.161098,0.215439,1.040167,1.11261,-1.618139,-0.114171,0.017779,0.316133,0.159742,-0.492465,0.855542,0.317271,0.846222,0.427996,-0.93493,0.203671,0.290322,0.003815,-0.014788,-0.086727,-0.008706,0.550231,-0.481866,0.200738,0.036994,0.030773,-0.022166,-0.112173,0.441736,0.890104,-0.146002,-0.893362,0.424954,0.982903,-0.082289,0.164705,0.007966,-0.001246,-0.047675,0.019298,0.548075,-0.449314,0.083154,0.082251,0.084672,-0.100453,-0.674337,0.274172,-0.685637,-0.550279,-0.805746,0.219009,-0.492404,0.524977,0.694216,-0.039943,-0.12186,0.080773,-0.021088,0.854917,0.872053,-0.885871
509,0.087934,0.114045,0.285711,-0.730834,0.174091,-0.660015,-0.393386,-0.897617,0.198753,-0.556935,0.404675,0.72532,-0.062826,-0.228711,0.181391,1.351007,0.854541,-0.171383,-1.637094,-0.113955,0.017312,0.312322,0.12578,-0.477622,0.86951,0.319234,0.849261,0.420452,-0.939393,0.225275,0.258176,0.005292,-0.02274,-0.095673,-0.344876,1.10751,-0.103692,0.210953,0.037102,0.030538,-0.024072,-0.077146,0.430234,0.899414,-0.149544,-0.896891,0.416199,0.98574,-0.102394,0.133531,0.008742,-0.005209,-0.052129,-0.050499,0.671597,-0.361391,0.09687,0.080772,0.079997,-0.097046,-0.678397,0.300511,-0.670425,-0.547749,-0.815031,0.188932,-0.489641,0.495395,0.717519,-0.038197,-0.11936,0.093888,3.66578,-0.167545,-3.100686,-0.876073
510,0.086596,0.109612,0.289376,-0.736462,0.179299,-0.652319,-0.384935,-0.903985,0.186034,-0.55542,0.387879,0.735586,-0.060901,-0.222995,0.188975,3.739303,-0.067031,-3.033003,-1.654431,-0.113829,0.016948,0.310326,0.103559,-0.472586,0.875174,0.330817,0.846096,0.41787,-0.938068,0.246823,0.242837,0.005668,-0.024698,-0.098434,-0.128494,0.71493,-0.14798,0.221293,0.037168,0.030343,-0.025111,-0.051323,0.428857,0.901912,-0.160518,-0.894903,0.41639,0.985697,-0.123403,0.114768,0.002962,-0.012792,-0.04962,-0.117171,0.689813,-0.168718,0.104382,0.080081,0.077701,-0.09514,-0.683104,0.308042,-0.662176,-0.540864,-0.822646,0.175265,-0.490748,0.477872,0.728562,-0.03031,-0.110948,0.094916,3.659081,-0.115141,-3.091832,-0.875583
511,0.084009,0.101137,0.297149,-0.748906,0.194649,-0.63348,-0.376841,-0.911379,0.165382,-0.544221,0.36233,0.756682,-0.057233,-0.212203,0.20289,0.024249,0.994958,0.682344,-1.689425,-0.113426,0.016073,0.306426,0.066519,-0.464847,0.882884,0.332504,0.844516,0.419724,-0.940777,0.266208,0.209608,0.007206,-0.034398,-0.091025,-0.316744,0.977939,0.027498,0.252401,0.037371,0.029894,-0.027071,-0.014037,0.425447,0.904874,-0.162667,-0.893879,0.417753,0.98658,-0.14133,0.081753,0.003673,-0.017294,-0.045593,-0.375907,1.083893,0.10616,0.138509,0.078812,0.073549,-0.091323,-0.693353,0.323767,-0.643766,-0.532165,-0.832422,0.154509,-0.48586,0.449719,0.74946,-0.028481,-0.105592,0.101891,0.157645,0.917272,0.834869,-0.876889
512,0.08188,0.093337,0.305156,-0.756863,0.211931,-0.618295,-0.373965,-0.916238,0.143634,-0.535128,0.339663,0.773495,-0.052776,-0.193064,0.206706,-0.002384,0.970974,0.665423,-1.691694,-0.112903,0.015363,0.302814,0.047723,-0.461604,0.885796,0.329826,0.84427,0.422324,-0.942834,0.272565,0.191405,0.017438,-0.010333,-0.089476,0.001873,0.467747,-0.244468,0.248299,0.037629,0.029528,-0.028858,0.006168,0.425638,0.904871,-0.158988,-0.892961,0.42112,0.987261,-0.146461,0.062164,0.009652,-0.01078,-0.040866,-0.012662,0.340508,-0.107959,0.151246,0.077749,0.06965,-0.087313,-0.698376,0.34207,-0.628695,-0.529858,-0.837618,0.13284,-0.481166,0.425891,0.766221,-0.025274,-0.09002,0.100731,-0.375748,0.461184,0.508887,-0.869868
513,0.080266,0.086386,0.312869,-0.764368,0.216365,-0.607431,-0.363916,-0.922399,0.129296,-0.531372,0.319609,0.784551,-0.037479,-0.172619,0.194928,-0.119034,0.482647,0.521694,-1.692056,-0.112288,0.014998,0.299986,0.050534,-0.482415,0.874479,0.335994,0.832691,0.440078,-0.940511,0.272168,0.203046,0.016139,-0.004376,-0.064992,0.355776,-1.458014,2.126595,0.262944,0.03794,0.029331,-0.030294,-7.8e-05,0.443524,0.896262,-0.164286,-0.88409,0.437486,0.986412,-0.14721,0.072934,0.008001,-0.001553,-0.031842,0.11041,0.008747,0.005069,0.16039,0.076926,0.066114,-0.08337,-0.705248,0.348942,-0.617141,-0.521281,-0.845214,0.117805,-0.48051,0.404786,0.777982,-0.018898,-0.086514,0.097342,-0.10445,0.475827,0.537172,-0.854029
514,0.079618,0.083134,0.316575,-0.768909,0.210251,-0.603836,-0.353002,-0.926997,0.126644,-0.532175,0.310266,0.787751,-0.024323,-0.165025,0.186813,-0.263702,0.363255,0.360667,-1.694942,-0.11199,0.014872,0.298954,0.055997,-0.500963,0.86365,0.340475,0.822657,0.455242,-0.938595,0.26917,0.215523,0.016436,-0.007472,-0.049055,0.131221,-0.336463,0.508644,0.274452,0.038089,0.029267,-0.030819,-0.010296,0.463206,0.88619,-0.168347,-0.87439,0.455082,0.985673,-0.144502,0.086982,0.008086,-0.003021,-0.02376,0.319278,-1.456374,2.100853,0.171657,0.076603,0.064491,-0.081514,-0.710818,0.343856,-0.613595,-0.511374,-0.851605,0.115165,-0.482942,0.395638,0.781176,-0.012374,-0.082855,0.093165,-0.28139,0.35293,0.348397,-0.853865
515,0.07873,0.076828,0.323633,-0.770401,0.19332,-0.607581,-0.328188,-0.937218,0.117845,-0.545699,0.289943,0.786239,-0.024483,-0.159286,0.177864,0.861597,-1.996249,1.678232,-1.704202,-0.111484,0.014456,0.297525,0.068793,-0.543073,0.836858,0.349346,0.79876,0.489769,-0.934493,0.259325,0.243593,0.016424,-0.008829,-0.031261,0.055603,-0.116314,0.182754,0.293119,0.038348,0.029063,-0.031544,-0.032116,0.504431,0.862854,-0.175919,-0.852675,0.491932,0.98388,-0.135993,0.116123,0.008129,-0.003771,-0.014966,0.052638,-0.108631,0.170746,0.195824,0.076171,0.061405,-0.078047,-0.717093,0.326305,-0.615875,-0.487825,-0.866093,0.109122,-0.497799,0.37869,0.780249,-0.006586,-0.081533,0.087679,0.059867,0.390783,0.151056,-0.846517
516,0.078077,0.070918,0.330059,-0.775399,0.174746,-0.606849,-0.302933,-0.946087,0.114553,-0.553154,0.272436,0.787291,-0.023535,-0.143789,0.160156,0.659464,-0.018019,-0.753498,-1.71139,-0.111017,0.013887,0.296803,0.078975,-0.566735,0.820101,0.354865,0.784676,0.508221,-0.931617,0.251584,0.262028,0.002406,-0.012626,-0.013505,0.056642,-0.344691,0.448206,0.300627,0.038581,0.028784,-0.0319,-0.047372,0.526309,0.848972,-0.180883,-0.840394,0.510898,0.982363,-0.129363,0.135011,0.008182,-0.004933,-0.006438,0.039829,-0.319077,0.464918,0.216399,0.075844,0.058447,-0.074826,-0.723026,0.310487,-0.617113,-0.466164,-0.878545,0.10415,-0.509826,0.362979,0.77995,-0.005235,-0.068164,0.075092,3.116078,-0.414875,-3.699507,-0.843088
517,0.077729,0.068221,0.332944,-0.777904,0.174702,-0.603647,-0.298017,-0.948241,0.109527,-0.552305,0.264875,0.790461,-0.01249,-0.142549,0.146615,-0.15654,0.312486,0.682981,-1.711903,-0.110834,0.013783,0.296636,0.083227,-0.571372,0.816455,0.356865,0.781962,0.510996,-0.930488,0.249537,0.267932,0.013228,0.008259,-0.013179,0.178319,-0.512145,0.38537,0.29729,0.038669,0.028721,-0.031987,-0.051924,0.53062,0.846017,-0.182516,-0.837933,0.514348,0.98183,-0.127704,0.140355,0.000402,-0.002017,-0.002172,0.176794,-0.469452,0.141117,0.217215,0.075668,0.057104,-0.073374,-0.726059,0.309023,-0.614282,-0.459984,-0.882296,0.099834,-0.511128,0.355046,0.782744,-0.01167,-0.064702,0.070111,0.062883,0.486435,0.745911,-0.839333
518,0.07689,0.063296,0.337829,-0.786379,0.180406,-0.590853,-0.286157,-0.95398,0.089483,-0.546544,0.239213,0.802554,-0.023906,-0.111219,0.107805,0.340982,0.668112,0.919539,-1.710986,-0.110594,0.014342,0.296589,0.092608,-0.575266,0.812702,0.362008,0.779717,0.510808,-0.927622,0.247606,0.279412,0.008767,0.033287,-0.006094,0.177706,-0.300346,0.145603,0.288291,0.038791,0.028992,-0.032013,-0.062843,0.533152,0.843681,-0.188221,-0.836514,0.514603,0.980113,-0.126459,0.152919,0.005201,0.01149,0.001283,0.164585,-0.425277,0.285622,0.214439,0.07526,0.054685,-0.070954,-0.73353,0.314657,-0.602431,-0.448627,-0.890004,0.081395,-0.510555,0.329972,0.794009,-0.012305,-0.056347,0.053348,0.447598,0.555708,0.253975,-0.843088
519,0.076216,0.059594,0.341277,-0.797633,0.187431,-0.573321,-0.273438,-0.959565,0.066627,-0.536662,0.209672,0.817349,-0.019142,-0.071017,0.074652,1.398827,0.736853,-0.700967,-1.705969,-0.1104,0.015215,0.29661,0.102769,-0.58228,0.806462,0.368387,0.775295,0.512975,-0.924047,0.245088,0.293141,0.010838,0.02043,-0.000163,0.119843,-0.254347,0.155527,0.287446,0.038884,0.029452,-0.031985,-0.074562,0.538988,0.839006,-0.194782,-0.833014,0.517829,0.978008,-0.124813,0.167096,-0.002496,0.01484,-0.003833,0.137288,-0.121316,-0.043158,0.208398,0.074909,0.052755,-0.069187,-0.742884,0.325738,-0.584821,-0.438824,-0.8967,0.057977,-0.505524,0.299704,0.809087,-0.009846,-0.036033,0.036896,3.312246,0.123241,-4.100997,-0.839333
520,0.075542,0.057173,0.343999,-0.80676,0.189355,-0.559758,-0.264638,-0.962727,0.055646,-0.527357,0.192784,0.8275,-0.004128,-0.052356,0.057135,-0.056037,0.151012,0.245902,-1.680273,-0.110422,0.016103,0.296475,0.128454,-0.580349,0.804168,0.350976,0.78492,0.510539,-0.927638,0.217377,0.303478,-0.005063,0.029984,-0.007335,0.108875,-0.086809,0.01934,0.254146,0.03888,0.029882,-0.032046,-0.100097,0.533479,0.839869,-0.17666,-0.840226,0.512651,0.979169,-0.097056,0.178348,-0.00155,0.008964,-0.000267,0.049074,-0.071933,0.01051,0.183088,0.074562,0.05153,-0.067825,-0.752696,0.32984,-0.569783,-0.429269,-0.90206,0.044883,-0.499175,0.278374,0.820567,-0.008313,-0.025078,0.02923,-0.096982,0.143133,0.172812,-0.830842
521,0.075268,0.056102,0.34504,-0.805492,0.189051,-0.561682,-0.262487,-0.963517,0.052029,-0.530356,0.189102,0.826432,-0.005665,-0.049659,0.043444,-0.159761,-0.112286,0.268027,-1.65795,-0.110494,0.016718,0.296388,0.140654,-0.578686,0.803324,0.345282,0.789032,0.508078,-0.928021,0.206622,0.309754,-0.005714,0.033338,-0.003774,0.290702,-0.369847,-0.20385,0.237234,0.038841,0.030208,-0.032099,-0.110879,0.531012,0.840078,-0.17038,-0.842932,0.510328,0.97912,-0.086547,0.183937,-0.002902,0.016898,-0.001635,0.364598,-0.465501,-0.279425,0.163166,0.074427,0.050986,-0.067276,-0.751276,0.329219,-0.572013,-0.427468,-0.903068,0.041677,-0.502847,0.275828,0.819184,-0.003076,-0.025367,0.021345,-0.210626,-0.154395,0.235137,-0.823493
522,0.075001,0.053973,0.346273,-0.799272,0.177743,-0.574123,-0.253574,-0.965798,0.053922,-0.543911,0.188453,0.817724,-0.008387,-0.043321,0.016579,-0.187527,-0.339615,0.196848,-1.644969,-0.110811,0.01835,0.29645,0.180327,-0.57043,0.801301,0.303617,0.807068,0.506352,-0.935746,0.152683,0.317694,-0.007684,0.043538,0.006937,-1.240932,-0.940003,-0.444444,0.223498,0.038688,0.030999,-0.03208,-0.149319,0.517212,0.842731,-0.129147,-0.855186,0.501973,0.980318,-0.033882,0.194491,-0.011658,0.026526,-0.000277,-4.365253,-2.848121,-1.676364,0.132467,0.074299,0.049944,-0.066661,-0.746942,0.316395,-0.584782,-0.418957,-0.906916,0.044448,-0.516286,0.278199,0.80997,0.000708,-0.029719,0.010584,-0.137927,-0.384321,0.111267,-0.817452
523,0.074716,0.052011,0.346504,-0.792193,0.161716,-0.588492,-0.239649,-0.969219,0.056173,-0.560312,0.185324,0.8073,-0.012786,-0.048321,-0.00285,-0.363399,-0.479245,-0.007723,-1.643999,-0.111214,0.02038,0.296868,0.236673,-0.566017,0.789686,0.256953,0.820215,0.511035,-0.93724,0.082664,0.338542,-0.011382,0.06462,0.009394,-0.171479,-0.505848,-0.137397,0.22788,0.038488,0.032005,-0.031874,-0.206164,0.505379,0.837907,-0.07972,-0.862131,0.500374,0.975264,0.036361,0.218029,-0.004798,0.026688,0.008528,-1.122365,-1.124948,-0.584962,0.126752,0.074158,0.048968,-0.066536,-0.742953,0.300706,-0.597993,-0.405905,-0.912792,0.045295,-0.532223,0.27638,0.800219,-0.000576,-0.026419,-0.002902,-0.382293,-0.515525,0.003318,-0.826269
524,0.074533,0.051079,0.34629,-0.790644,0.157435,-0.591728,-0.233426,-0.970888,0.05349,-0.5651,0.180214,0.805116,-0.013382,-0.042986,-0.015028,-0.040267,-0.141277,0.216968,-1.639117,-0.111404,0.021498,0.297204,0.26838,-0.568125,0.777945,0.235827,0.82166,0.518841,-0.934286,0.044917,0.353491,-0.010065,0.055918,0.019456,-0.987764,-1.729467,-0.023056,0.238086,0.038392,0.032569,-0.031707,-0.23722,0.503991,0.830493,-0.058246,-0.860736,0.505707,0.969708,0.071591,0.233539,-0.005041,0.028406,0.009983,-3.808207,-5.139994,0.202072,0.131814,0.074066,0.048497,-0.066641,-0.741742,0.294788,-0.602427,-0.399923,-0.91547,0.044437,-0.538405,0.273886,0.796935,-0.000725,-0.023414,-0.008744,-0.021459,-0.25926,0.451098,-0.828555
525,0.074014,0.049723,0.345331,-0.789907,0.147849,-0.595174,-0.22315,-0.973256,0.054304,-0.570248,0.175518,0.80252,-0.024038,-0.021501,-0.032043,-0.17755,-0.077933,0.045246,-1.587258,-0.111811,0.023787,0.298251,0.309811,-0.582249,0.751661,0.2167,0.812902,0.540523,-0.926113,-0.003852,0.377046,-0.009702,0.052203,0.034234,0.085402,-0.345082,0.468919,0.263188,0.038188,0.033716,-0.031188,-0.285242,0.512296,0.810054,-0.036764,-0.850393,0.52486,0.957749,0.119932,0.261402,-0.005895,0.03234,0.01398,0.089327,-0.23951,0.374205,0.155328,0.073805,0.047798,-0.067123,-0.742611,0.285498,-0.60582,-0.390292,-0.919587,0.045053,-0.544243,0.269904,0.794324,-0.006831,-0.018356,-0.013383,-0.583849,0.38682,-0.249134,-0.820391
526,0.073127,0.048473,0.344174,-0.798827,0.122335,-0.58903,-0.206129,-0.975487,0.07686,-0.564198,0.182656,0.805198,-0.027528,-0.037307,-0.028005,-0.686237,0.251391,-0.553083,-1.47898,-0.112002,0.026066,0.299585,0.32255,-0.604643,0.728258,0.229445,0.796286,0.559658,-0.918679,-0.012671,0.394629,0.003358,0.057179,0.036448,0.085434,-0.343544,0.482894,0.286207,0.038086,0.034861,-0.030514,-0.303383,0.533491,0.789522,-0.048978,-0.836209,0.546218,0.951609,0.127044,0.279821,0.001578,0.029015,0.018664,0.087127,-0.338801,0.480151,0.186353,0.073361,0.047176,-0.067705,-0.755666,0.262614,-0.600001,-0.374482,-0.92482,0.066855,-0.537337,0.27521,0.797199,-0.014003,-0.019376,-0.01453,-1.795994,1.515222,-1.537127,-0.786263
527,0.071866,0.046666,0.343123,-0.804067,0.092145,-0.587393,-0.188781,-0.976357,0.105166,-0.562818,0.195328,0.803187,-0.043503,-0.049865,-0.022114,-0.360634,-0.270508,-0.466309,-1.460752,-0.1118,0.02815,0.301106,0.332249,-0.622264,0.708795,0.239737,0.782427,0.574691,-0.912585,-0.020242,0.408219,0.005158,0.045201,0.042558,0.049066,-0.336112,0.463271,0.292175,0.038186,0.035913,-0.029749,-0.317661,0.550201,0.772249,-0.059094,-0.824338,0.563004,0.946361,0.133209,0.294373,0.002525,0.022778,0.021464,0.050855,-0.334826,0.463637,0.203825,0.072736,0.046274,-0.068235,-0.766422,0.233764,-0.598289,-0.358103,-0.928748,0.095856,-0.533253,0.287715,0.795525,-0.0148,-0.021119,-0.016107,-0.460217,-0.362509,-0.684727,-0.769607
528,0.071082,0.045865,0.342576,-0.804599,0.077951,-0.588718,-0.17859,-0.977213,0.114598,-0.565372,0.197242,0.800922,-0.041838,-0.037975,-0.029765,-0.211447,-0.0378,-0.519822,-1.458146,-0.111574,0.029135,0.301942,0.335575,-0.628493,0.701696,0.243352,0.777348,0.580037,-0.910412,-0.023104,0.412892,0.00514,0.044821,0.041823,0.031867,-0.218353,0.30394,0.291563,0.038292,0.03639,-0.029345,-0.322488,0.555952,0.766105,-0.062558,-0.820094,0.568797,0.944503,0.135504,0.29925,0.002516,0.022586,0.021094,0.033352,-0.217413,0.30445,0.207091,0.072342,0.045865,-0.068509,-0.769077,0.219296,-0.600356,-0.34841,-0.931313,0.106138,-0.535844,0.290798,0.792657,-0.021759,-0.024742,-0.011035,-0.281425,-0.170595,-0.397187,-0.778099
529,0.069539,0.044294,0.341376,-0.806734,0.042124,-0.58945,-0.152553,-0.97849,0.138771,-0.569924,0.201815,0.796545,-0.030716,-0.043711,-0.034364,-0.462137,-0.457792,-0.528739,-1.435881,-0.111067,0.030833,0.303482,0.336261,-0.642394,0.688657,0.259497,0.766036,0.588033,-0.905688,-0.018228,0.423392,0.019087,0.043509,0.037932,0.121248,-0.03137,0.236896,0.290659,0.038546,0.037262,-0.028553,-0.327143,0.570267,0.753506,-0.079139,-0.811115,0.579507,0.941655,0.12995,0.31048,0.002919,0.02011,0.018377,0.363941,0.104162,0.504013,0.207744,0.071567,0.045084,-0.069105,-0.778089,0.185758,-0.600058,-0.323345,-0.937436,0.129079,-0.538538,0.294461,0.789473,-0.022561,-0.026266,-0.012538,-0.122173,0.015606,-0.313267,-0.790672
530,0.068145,0.042466,0.340245,-0.816708,0.01757,-0.576823,-0.142733,-0.974632,0.172313,-0.558149,0.223033,0.79922,-0.030846,-0.050283,-0.023525,-0.379401,-0.207749,-0.423084,-1.42379,-0.110359,0.032272,0.304702,0.332296,-0.67022,0.663609,0.294307,0.742043,0.602237,-0.896455,-0.003981,0.442963,0.007744,0.030116,0.026694,0.05406,-0.263595,0.260214,0.289481,0.038902,0.037997,-0.027928,-0.330115,0.59904,0.729502,-0.115091,-0.792604,0.598776,0.936898,0.113706,0.330594,0.010564,0.016016,0.013268,0.059906,-0.661108,0.817442,0.208561,0.070865,0.04416,-0.069685,-0.792161,0.162525,-0.588273,-0.313461,-0.935388,0.163678,-0.523662,0.31406,0.791924,-0.021035,-0.018359,-0.015008,-0.576626,-0.113626,-0.811579,-0.795407
531,0.067432,0.041685,0.339736,-0.82224,0.006148,-0.569147,-0.13617,-0.973031,0.186119,-0.551633,0.230522,0.801616,-0.02778,-0.035111,-0.028516,-0.171652,0.008388,-0.450638,-1.422647,-0.110056,0.032817,0.305161,0.339409,-0.68257,0.647218,0.30718,0.73067,0.609668,-0.889451,-0.007262,0.456823,0.022055,0.027285,0.021932,0.071413,-0.284633,0.247371,0.288288,0.039056,0.038282,-0.027688,-0.341084,0.610855,0.714504,-0.128482,-0.783245,0.608291,0.93121,0.115678,0.345637,0.011113,0.013154,0.010489,0.025543,-0.246287,0.274563,0.207908,0.070521,0.043773,-0.06993,-0.79937,0.152083,-0.581272,-0.307197,-0.934877,0.17786,-0.516369,0.320741,0.794032,-0.02078,-0.02099,-0.00885,-0.314218,-0.081185,-0.544389,-0.795407
532,0.066277,0.04046,0.338852,-0.828598,-0.02147,-0.559473,-0.108067,-0.974344,0.197349,-0.548328,0.224004,0.805721,-0.02707,-0.039837,-0.015845,-0.029707,0.193858,-0.284149,-1.428257,-0.109589,0.033514,0.305759,0.363994,-0.697948,0.61674,0.325105,0.715622,0.618163,-0.873237,-0.023631,0.486581,0.011223,0.012453,0.009781,0.484061,-0.793425,-0.039131,0.255092,0.039284,0.038631,-0.027388,-0.368982,0.624891,0.688013,-0.145946,-0.77002,0.621102,0.917906,0.128763,0.375324,0.005709,0.005706,0.004388,0.139513,-0.437687,0.309767,0.187823,0.069928,0.043149,-0.070387,-0.810631,0.125418,-0.571968,-0.279568,-0.941168,0.189849,-0.514508,0.313802,0.798003,-0.012761,-0.01449,-0.011976,0.020283,0.197787,-0.292586,-0.796877
533,0.06557,0.039368,0.338031,-0.833854,-0.0512,-0.549646,-0.073472,-0.976543,0.202332,-0.546078,0.209156,0.811221,-0.00961,-0.023911,-0.019515,-0.2577,0.775076,-0.370623,-1.473632,-0.10936,0.033659,0.305832,0.382959,-0.704019,0.598073,0.33879,0.709254,0.618153,-0.859841,-0.033227,0.509346,0.000556,-0.002707,-0.002548,0.233664,-0.539382,0.284196,0.223266,0.039402,0.03871,-0.027347,-0.392643,0.627285,0.672564,-0.161079,-0.766895,0.621228,0.905474,0.135585,0.402159,-0.006326,-0.002728,-0.001599,0.219438,-0.439551,0.104647,0.145694,0.069575,0.042601,-0.070793,-0.819664,0.097371,-0.564507,-0.246296,-0.949615,0.193824,-0.517192,0.297907,0.802348,-0.004831,-0.012045,-0.009815,0.219939,0.265621,0.067885,-0.817452
534,0.065309,0.039025,0.337706,-0.838433,-0.068868,-0.540678,-0.04875,-0.978539,0.20014,-0.541817,0.194241,0.81776,-0.008008,-0.019879,-0.016291,1.157491,-0.018053,-1.215032,-1.505772,-0.109463,0.033565,0.305706,0.393358,-0.703716,0.591645,0.345369,0.709393,0.614341,-0.852508,-0.03644,0.521311,-0.011949,-0.008889,-0.006424,0.443307,-0.651905,-0.111369,0.207446,0.039356,0.03866,-0.027412,-0.402311,0.626902,0.667186,-0.16733,-0.766841,0.61964,0.90008,0.137647,0.413408,-0.00025,0.002264,-0.006927,0.49587,-0.713709,-0.093553,0.124303,0.069436,0.042419,-0.070963,-0.828891,0.081426,-0.55345,-0.223251,-0.955299,0.19381,-0.51293,0.284206,0.810018,-0.010219,-0.008047,-0.006896,3.356451,-0.684996,-4.345167,-0.831331
535,0.064802,0.038398,0.337294,-0.856958,-0.103291,-0.504974,0.007931,-0.982246,0.187353,-0.514296,0.156671,0.843197,-0.004969,-0.01228,-0.010129,0.59882,0.662188,0.068016,-1.576277,-0.109821,0.033223,0.3052,0.407889,-0.706955,0.577782,0.356383,0.705793,0.612194,-0.841085,-0.042912,0.539072,-0.010713,-0.015078,-0.012307,0.149252,-0.229125,-0.014491,0.163177,0.039177,0.038491,-0.027664,-0.420111,0.62748,0.655571,-0.179419,-0.765588,0.617805,0.889558,0.141925,0.434214,-0.006242,-0.002124,-0.010105,0.23832,-0.381326,0.100899,0.066498,0.069187,0.042107,-0.071169,-0.853613,0.04937,-0.51856,-0.166601,-0.969085,0.181982,-0.493545,0.241735,0.835449,-0.003457,-0.012074,-0.001404,1.651186,0.722786,-1.043993,-0.824473
536,0.064821,0.037994,0.33711,-0.87613,-0.128042,-0.464808,0.052361,-0.983662,0.172162,-0.478168,0.126652,0.869104,0.011111,-0.007405,-0.005432,0.665935,1.021295,-0.026139,-1.694119,-0.109963,0.032729,0.304536,0.422484,-0.715328,0.556601,0.3688,0.696533,0.615436,-0.828445,-0.053842,0.557353,-0.009733,-0.020063,-0.01712,0.234911,-0.966531,0.667917,0.17007,0.039107,0.038239,-0.028001,-0.43722,0.634671,0.637204,-0.191744,-0.758006,0.623426,0.878675,0.150394,0.45311,0.001869,-0.009272,-0.008815,0.312113,-2.234585,1.892754,0.04625,0.069184,0.0419,-0.071266,-0.877295,0.027701,-0.47915,-0.122551,-0.978168,0.167833,-0.46404,0.20596,0.861537,-0.000453,-0.001118,-0.000925,0.247134,0.474151,-0.132783,-0.82333
537,0.06523,0.037827,0.337121,-0.882563,-0.159119,-0.442501,0.091614,-0.981166,0.169975,-0.460117,0.109666,0.881074,0.014006,-0.000236,0.000492,0.052391,0.238023,-0.244774,-1.808279,-0.109826,0.031847,0.303767,0.43004,-0.730817,0.530059,0.37947,0.678954,0.628456,-0.819698,-0.068205,0.5686,0.004538,-0.022348,-0.021446,0.029938,-0.202091,0.272659,0.167842,0.039168,0.03781,-0.02838,-0.45108,0.649555,0.612049,-0.203271,-0.74253,0.638222,0.869026,0.163478,0.466976,0.002409,-0.011804,-0.011323,0.024527,-0.174687,0.243942,0.049026,0.069388,0.041815,-0.07126,-0.889957,-0.000259,-0.456043,-0.084042,-0.982779,0.164565,-0.448233,0.184782,0.874609,0.006958,-0.000225,0.000151,-0.017142,0.418921,-0.625299,-0.829208
538,0.06553,0.037821,0.337169,-0.879416,-0.177597,-0.441737,0.114533,-0.979495,0.165665,-0.461007,0.095309,0.882279,0.014659,0.001408,0.001844,0.254553,0.376244,-0.472432,-1.867892,-0.1097,0.031319,0.303352,0.436872,-0.733615,0.520522,0.379356,0.674842,0.632938,-0.816137,-0.07813,0.572433,0.005288,-0.026015,-0.025084,0.02737,-0.184524,0.249212,0.157548,0.039233,0.037536,-0.02859,-0.459404,0.651781,0.603431,-0.203186,-0.738467,0.642947,0.864675,0.172764,0.471688,0.002727,-0.013362,-0.012881,0.025226,-0.159805,0.220345,0.044617,0.06954,0.041815,-0.071234,-0.889697,-0.019446,-0.456136,-0.061316,-0.984951,0.161588,-0.452414,0.171733,0.875116,0.013991,-0.000238,0.000476,0.565383,0.087927,-0.458998,-0.826596
539,0.066083,0.0378,0.337318,-0.866032,-0.217088,-0.450453,0.164132,-0.974345,0.153894,-0.471228,0.059606,0.88001,0.014543,0.001162,0.001628,0.770548,-0.168055,-1.581161,-1.91494,-0.109609,0.030036,0.302326,0.454874,-0.734641,0.503372,0.368855,0.669782,0.644416,-0.811121,-0.106536,0.574975,0.006026,-0.029692,-0.028956,-0.227414,0.148956,0.265456,0.14513,0.03928,0.036909,-0.029096,-0.480447,0.64998,0.588808,-0.19253,-0.73316,0.652232,0.855629,0.2,0.477385,0.003073,-0.015115,-0.01473,-0.539384,-0.029314,0.689498,0.024042,0.06982,0.041813,-0.071152,-0.88362,-0.059128,-0.464454,-0.01277,-0.988581,0.150146,-0.468029,0.138603,0.872775,0.007568,0.001067,0.001277,2.508825,-0.934196,-4.792305,-0.837046
540,0.066591,0.03766,0.337509,-0.856241,-0.249592,-0.452328,0.208968,-0.968053,0.138482,-0.471376,0.024355,0.881611,0.013866,-0.000506,0.000244,0.239548,0.120468,0.009682,-1.915452,-0.109405,0.028571,0.301347,0.461205,-0.745099,0.481777,0.371711,0.655169,0.657661,-0.806233,-0.123299,0.578488,0.021516,-0.039208,-0.022126,-0.027819,-0.157857,0.251404,0.139313,0.039384,0.036143,-0.02961,-0.48955,0.661368,0.56827,-0.195089,-0.718258,0.667865,0.84987,0.216091,0.480649,0.010777,-0.019627,-0.011085,0.015657,-0.171136,0.220336,0.014572,0.070081,0.041748,-0.071053,-0.879525,-0.094779,-0.466315,0.034773,-0.990144,0.135663,-0.474578,0.103104,0.874153,0.006901,-0.000307,6.4e-05,0.230726,0.126722,0.006552,-0.840965
541,0.066792,0.037534,0.337595,-0.851596,-0.259302,-0.455622,0.225064,-0.965771,0.128855,-0.47238,0.007504,0.881378,0.01337,-0.001751,-0.000782,0.278455,-0.064412,0.216806,-1.915807,-0.109236,0.027983,0.300911,0.459543,-0.751975,0.472594,0.373928,0.646349,0.66509,-0.806155,-0.127976,0.577581,0.018346,-0.021349,-0.023274,-0.076677,-0.113181,0.390018,0.139437,0.039464,0.035846,-0.029831,-0.490102,0.668349,0.559561,-0.197361,-0.710359,0.675602,0.849028,0.220678,0.480054,0.002522,-0.012344,-0.012245,-0.090628,-0.059871,0.343774,0.010816,0.070173,0.041691,-0.071011,-0.876879,-0.105559,-0.468976,0.051358,-0.99058,0.126937,-0.477958,0.087223,0.874041,0.00041,0.001034,0.000807,1.624795,-1.943653,1.130414,-0.841129
542,0.067136,0.036911,0.33781,-0.842084,-0.27056,-0.466623,0.250325,-0.962314,0.106115,-0.4767,-0.02712,0.878663,0.008189,-0.029079,0.010953,0.110374,0.144634,0.063856,-1.915515,-0.108977,0.027552,0.300373,0.473784,-0.749805,0.461858,0.361563,0.643725,0.674406,-0.803564,-0.151589,0.575473,0.014761,-0.003581,-0.005687,-0.300962,-1.009976,0.752396,0.139513,0.039598,0.035609,-0.030121,-0.502777,0.664285,0.553118,-0.184437,-0.707579,0.682139,0.84451,0.240948,0.478273,0.006404,0.00441,-0.005993,-2.688395,-3.707805,-2.860779,0.00706,0.070352,0.041389,-0.070902,-0.869028,-0.117794,-0.480534,0.077027,-0.991613,0.103774,-0.488729,0.053168,0.870813,0.004715,-0.009402,0.001141,0.224291,0.113,-0.011605,-0.838026
543,0.067479,0.035825,0.337983,-0.835928,-0.27156,-0.476995,0.264248,-0.960793,0.083789,-0.480008,-0.055673,0.875511,0.008217,-0.022029,-0.000365,0.180142,0.191458,0.113392,-1.915733,-0.108422,0.027941,0.300495,0.521621,-0.726581,0.447194,0.325053,0.653751,0.68329,-0.78946,-0.210141,0.576591,0.024953,0.015051,0.010752,-0.007172,-0.063994,0.097034,0.161464,0.039869,0.035787,-0.030075,-0.550844,0.635659,0.540839,-0.146085,-0.711445,0.687389,0.821723,0.299636,0.484756,0.012376,0.008021,0.005854,-0.037093,-0.326178,0.189459,0.020777,0.070521,0.040855,-0.070815,-0.862738,-0.120134,-0.491172,0.091335,-0.992412,0.082302,-0.497333,0.026143,0.867165,0.004129,-0.010944,-0.000133,0.49484,0.0085,0.321612,-0.839659
544,0.067907,0.035012,0.3381,-0.829917,-0.269739,-0.48839,0.270117,-0.960177,0.071191,-0.487111,-0.072511,0.870341,0.010077,-0.017396,0.003455,-0.025795,-0.213152,0.337735,-1.91562,-0.107961,0.028813,0.301235,0.557712,-0.712112,0.426432,0.302932,0.652826,0.694251,-0.773458,-0.257114,0.57924,0.008587,0.026027,0.023627,-0.05603,-0.057801,0.109422,0.171057,0.040106,0.036217,-0.029711,-0.587217,0.617063,0.523839,-0.123196,-0.707766,0.695621,0.799998,0.343946,0.491633,0.004178,0.01353,0.012312,-0.252668,-0.379497,-0.154329,0.042331,0.070729,0.04043,-0.070765,-0.856667,-0.119338,-0.501875,0.0976,-0.992797,0.069475,-0.506552,0.010534,0.862144,0.005161,-0.008369,0.001991,0.02992,-0.025405,-0.118518,-0.842435
545,0.068119,0.034846,0.338116,-0.825681,-0.266784,-0.497114,0.271807,-0.960223,0.063754,-0.493322,-0.082154,0.865974,0.011129,-0.01473,0.005657,-0.032103,-0.214151,0.344803,-1.91585,-0.107882,0.029336,0.301722,0.579633,-0.700361,0.416546,0.287974,0.654127,0.699373,-0.763003,-0.284541,0.580281,-0.00565,0.027116,0.026675,-0.206465,-0.916199,0.429049,0.173111,0.040153,0.036493,-0.029454,-0.6078,0.602853,0.516862,-0.107501,-0.70736,0.69863,0.78678,0.369064,0.494741,0.003745,0.01557,0.014243,-0.617599,-3.021066,1.248728,0.047393,0.070841,0.040332,-0.070757,-0.851688,-0.11688,-0.510846,0.099056,-0.993142,0.06208,-0.5146,0.00227,0.857426,0.005635,-0.007179,0.002976,-0.042832,-0.205352,0.339538,-0.838189
546,0.068748,0.034709,0.338072,-0.817786,-0.263207,-0.511853,0.276826,-0.959549,0.051037,-0.503564,-0.099637,0.858209,0.013138,-0.002453,-0.001378,0.021196,-0.236117,0.323137,-1.91556,-0.108104,0.030609,0.302878,0.598446,-0.6895,0.407975,0.277212,0.655862,0.702092,-0.752406,-0.306197,0.583088,-0.006871,0.033002,0.032068,-0.666228,-1.232274,-0.874398,0.173619,0.040038,0.037147,-0.028859,-0.626483,0.58991,0.509435,-0.096985,-0.707514,0.700011,0.773377,0.389138,0.500458,-0.003535,0.016882,0.01642,-0.658264,-1.24426,-0.899505,0.051965,0.071153,0.040268,-0.070775,-0.843162,-0.114995,-0.525217,0.104516,-0.99328,0.04969,-0.527402,-0.012997,0.849515,0.006629,-0.00107,-0.00057,0.073719,-0.240524,0.232893,-0.845538
547,0.06944,0.034661,0.337949,-0.812638,-0.271155,-0.515887,0.286135,-0.95676,0.052053,-0.506683,-0.104983,0.855733,0.013672,-0.001056,-0.000233,0.008709,-0.220036,0.314425,-1.915456,-0.108877,0.031976,0.3042,0.612534,-0.680686,0.401822,0.268855,0.657332,0.703964,-0.744065,-0.322309,0.585104,-0.020728,0.033357,0.03395,-0.009416,0.064709,-0.096208,0.172579,0.039671,0.037813,-0.028218,-0.640308,0.579115,0.504609,-0.088018,-0.707934,0.700772,0.763058,0.404296,0.504269,-0.010517,0.017303,0.01759,0.010429,-0.065169,0.082198,0.051149,0.071488,0.040244,-0.070837,-0.839469,-0.124023,-0.529063,0.114326,-0.992124,0.051171,-0.531243,-0.017529,0.847037,0.006727,-0.0008,-0.000352,0.122291,-0.053175,-0.160647,-0.845211
