frame,MLTx,MLTy,MLTz,MLTR1,MLTR2,MLTR3,MLTR4,MLTR5,MLTR6,MLTR7,MLTR8,MLTR9,MLTTVx,MLTTVy,MLTTVz,MLTRVx,MLTRVy,MLTRVz,MLGA,MRTx,MRTy,MRTz,MRTR1,MRTR2,MRTR3,MRTR4,MRTR5,MRTR6,MRTR7,MRTR8,MRTR9,MRTTVx,MRTTVy,MRTTVz,MRTRVx,MRTRVy,MRTRVz,MRGA,SLTx,SLTy,SLTz,SLTR1,SLTR2,SLTR3,SLTR4,SLTR5,SLTR6,SLTR7,SLTR8,SLTR9,SLTTVx,SLTTVy,SLTTVz,SLTRVx,SLTRVy,SLTRVz,SLGA,SRTx,SRTy,SRTz,SRTR1,SRTR2,SRTR3,SRTR4,SRTR5,SRTR6,SRTR7,SRTR8,SRTR9,SRTTVx,SRTTVy,SRTTVz,SRTRVx,SRTRVy,SRTRVz,SRGA
714,0.126891,0.001325,0.307375,-0.172387,0.916028,-0.362244,-0.396515,-0.401105,-0.825749,-0.901499,0.000144,0.432811,-0.000974,-0.004906,-0.005101,-0.000348,0.016089,-0.023908,-1.913215,-0.129862,0.021473,0.324388,-0.007273,0.903515,0.428484,-0.913666,-0.180014,0.364341,0.406333,-0.389969,0.826245,0.013293,0.002179,0.000332,-0.012677,0.09435,-0.136075,0.143446,0.054818,0.029863,-0.014359,-0.095522,-0.911855,0.399243,0.94547,0.042353,0.322943,-0.311386,0.408321,0.858086,-9e-06,5e-05,4e-05,0.000387,0.000344,0.000937,-0.021515,0.078518,0.024801,-0.08601,-0.392863,0.879905,-0.267254,-0.378172,-0.419496,-0.825232,-0.838238,-0.223135,0.49756,-0.000507,-0.002582,-0.002684,-0.000347,0.016053,-0.023851,-0.948084
715,0.126942,0.001171,0.307144,-0.172714,0.915901,-0.362409,-0.396344,-0.401396,-0.82569,-0.901512,-0.000112,0.432786,-0.001014,-0.005111,-0.005324,-0.000348,0.016093,-0.023906,-1.91362,-0.129578,0.021478,0.324359,-0.007779,0.903113,0.429322,-0.913624,-0.180806,0.364053,0.406418,-0.390535,0.825936,0.00021,-0.001568,-0.001344,-0.014736,0.109553,-0.165321,0.171562,0.054965,0.029864,-0.014375,-0.094886,-0.911519,0.400161,0.94553,0.043219,0.32265,-0.311396,0.408979,0.857768,0.000124,-0.000934,-0.000804,-0.014424,0.109752,-0.164715,0.016695,0.078543,0.024722,-0.086128,-0.393168,0.879723,-0.267405,-0.377941,-0.419745,-0.825211,-0.838199,-0.223384,0.497514,0.006671,-0.003105,-0.003057,0.000984,-0.014736,0.029593,-0.947594
716,0.127037,0.000997,0.306951,-0.172977,0.915811,-0.362511,-0.39628,-0.401601,-0.825621,-0.901489,-0.0003,0.432833,-0.000686,-0.00346,-0.003611,-0.0,0.0,0.0,-1.913553,-0.129046,0.021541,0.324364,-0.007612,0.903118,0.429314,-0.913611,-0.180678,0.364148,0.40645,-0.390582,0.825898,0.013294,0.002173,0.000319,0.002045,-0.015205,0.029245,0.236596,0.055227,0.02989,-0.014376,-0.095055,-0.911494,0.400178,0.945507,0.04309,0.322734,-0.311414,0.409049,0.857729,0.006639,0.001145,0.000203,-0.012499,0.094484,-0.135664,0.076295,0.07859,0.02463,-0.08623,-0.39343,0.879576,-0.267502,-0.377823,-0.419951,-0.82516,-0.838129,-0.223575,0.497546,-0.000333,-0.001701,-0.001776,8e-06,-9e-06,3e-05,-0.946125
717,0.127056,0.000928,0.306879,-0.173367,0.915659,-0.362708,-0.396219,-0.401947,-0.825482,-0.90144,-0.000542,0.432933,-0.000623,-0.003146,-0.003285,-0.000349,0.016093,-0.023906,-1.913558,-0.128676,0.021591,0.324364,-0.007362,0.903212,0.429122,-0.913618,-0.180389,0.364273,0.406438,-0.3905,0.825943,0.026682,0.003652,3.5e-05,0.004089,-0.030411,0.058491,0.288024,0.055402,0.029914,-0.014376,-0.095297,-0.911534,0.400029,0.945485,0.042831,0.322835,-0.311409,0.408988,0.85776,0.013343,0.001821,3e-06,-0.010508,0.079252,-0.106489,0.129528,0.0786,0.024598,-0.086263,-0.393779,0.879368,-0.267673,-0.377685,-0.420269,-0.825062,-0.838028,-0.223797,0.497617,-0.000252,-0.001287,-0.001344,-1.2e-05,-1.4e-05,7e-06,-0.946288
718,0.127099,0.000859,0.306823,-0.173575,0.915584,-0.362797,-0.396211,-0.402118,-0.825403,-0.901404,-0.000668,0.433009,0.014057,-0.002638,-0.0024,0.000984,-0.014715,0.029553,-1.913681,-0.12781,0.021669,0.324473,-0.007044,0.902447,0.430734,-0.91396,-0.180449,0.363386,0.405675,-0.392241,0.825493,0.027898,-0.005186,0.009896,-0.032383,-0.022397,0.03908,0.376188,0.05584,0.029954,-0.014328,-0.095471,-0.910797,0.401661,0.945798,0.042826,0.321918,-0.310404,0.410624,0.857342,0.013125,0.003388,0.001335,0.005931,-0.047055,0.083232,0.248894,0.078616,0.024562,-0.086292,-0.394009,0.879234,-0.267774,-0.377619,-0.420474,-0.824987,-0.837949,-0.223936,0.497687,-0.000145,-0.000741,-0.000775,-5e-06,-3.5e-05,-2.8e-05,-0.945145
719,0.127244,0.000819,0.306785,-0.173509,0.915631,-0.362712,-0.396224,-0.402013,-0.825448,-0.901411,-0.00065,0.432995,-2e-05,-0.000104,-0.000108,0.0,0.0,0.0,-1.913192,-0.126677,0.021727,0.324848,0.013915,0.898651,0.438433,-0.919426,-0.160705,0.358837,0.392914,-0.409222,0.823419,0.027299,-0.000967,0.013485,2.419727,2.002266,4.574382,0.460856,0.056407,0.029978,-0.014144,-0.110097,-0.905259,0.410345,0.948124,0.028221,0.316643,-0.298225,0.42392,0.855191,0.013656,-0.000543,0.006681,0.063015,0.160862,-0.072762,0.372178,0.078694,0.024541,-0.086313,-0.393929,0.8793,-0.267678,-0.377667,-0.420352,-0.825028,-0.837966,-0.22391,0.497671,0.007144,-0.000752,-0.000611,0.000989,-0.014736,0.029548,-0.945471
720,0.12751,0.000776,0.306761,-0.173447,0.915692,-0.362587,-0.396263,-0.401873,-0.825497,-0.901406,-0.000643,0.433005,0.014281,-0.001511,-0.001229,0.000984,-0.014715,0.029553,-1.913121,-0.12562,0.021593,0.325397,0.014936,0.885545,0.464305,-0.925044,-0.163892,0.342588,0.379458,-0.435724,0.8161,0.014108,-0.003837,0.01258,1.000931,2.05453,-1.2979,0.49714,0.056929,0.029918,-0.013869,-0.114045,-0.893327,0.434695,0.953138,0.025028,0.301496,-0.280215,0.448708,0.84861,0.014603,-0.007273,0.009631,0.254492,0.678074,-0.45203,0.449741,0.078822,0.024521,-0.086323,-0.393887,0.879352,-0.267565,-0.37773,-0.42024,-0.825055,-0.837957,-0.223911,0.497685,0.007147,-0.000727,-0.000587,0.001007,-0.01471,0.029588,-0.945635
721,0.127618,0.000753,0.306769,-0.173647,0.915629,-0.36265,-0.396281,-0.402016,-0.825419,-0.901359,-0.000762,0.433102,-0.000436,-0.010948,0.008247,-0.035035,0.016678,-0.016312,-1.913207,-0.125078,0.021436,0.325698,0.013751,0.879523,0.475649,-0.92726,-0.166643,0.335189,0.374057,-0.446756,0.812621,0.027432,-0.001888,0.012665,0.011541,-0.089331,0.189029,0.5106,0.057195,0.029843,-0.013722,-0.110649,-0.886866,0.448581,0.955848,0.028671,0.292456,-0.272231,0.461136,0.844537,0.0138,-0.001559,0.005791,0.303204,0.559314,-0.264607,0.474235,0.078881,0.024513,-0.086323,-0.39404,0.879273,-0.267602,-0.377702,-0.420352,-0.825011,-0.837897,-0.224014,0.497739,0.007215,-0.000379,-0.000225,0.001006,-0.014698,0.029595,-0.945962
722,0.127814,0.000751,0.306772,-0.174,0.915513,-0.362774,-0.396228,-0.402281,-0.825315,-0.901314,-0.001006,0.433196,1.7e-05,8.5e-05,8.9e-05,0.0,0.0,0.0,-1.913846,-0.123961,0.021094,0.326378,0.014776,0.872216,0.488888,-0.930317,-0.167059,0.326398,0.366348,-0.460731,0.808318,0.029131,-0.013662,0.020029,-0.053852,-0.123558,0.185113,0.532845,0.057764,0.029674,-0.013375,-0.110156,-0.88002,0.461984,0.958511,0.028893,0.283586,-0.26291,0.474056,0.840326,0.01449,-0.006391,0.010373,-0.058337,-0.153048,0.217485,0.510648,0.078979,0.02451,-0.086316,-0.394386,0.879084,-0.267713,-0.377603,-0.420623,-0.824919,-0.837779,-0.224248,0.497832,0.007149,-0.000711,-0.000574,0.001006,-0.014694,0.029587,-0.946778
723,0.128112,0.000708,0.306733,-0.173884,0.915599,-0.362613,-0.396252,-0.402086,-0.825399,-0.901326,-0.00098,0.433171,0.014129,-0.002287,-0.00205,0.000984,-0.014715,0.029553,-1.912956,-0.123037,0.020627,0.326911,0.017252,0.872128,0.488965,-0.930455,-0.164864,0.327119,0.365886,-0.46169,0.807981,0.029916,-0.018546,0.015864,-0.068763,-0.015381,0.019103,0.534953,0.058235,0.029441,-0.013096,-0.112738,-0.879712,0.461949,0.958334,0.026535,0.284412,-0.262459,0.474766,0.840066,0.01498,-0.009471,0.007747,-0.069198,-0.016407,0.019807,0.51767,0.079123,0.02449,-0.086334,-0.394294,0.879169,-0.267567,-0.377667,-0.420451,-0.824977,-0.837794,-0.224233,0.497814,-0.000105,-0.000534,-0.000563,-0.002453,0.111108,-0.164934,-0.947431
724,0.12828,0.000669,0.306711,-0.173761,0.915672,-0.362487,-0.396299,-0.401919,-0.825458,-0.901329,-0.000921,0.433164,-0.000161,-0.000828,-0.000866,0.0,0.0,0.0,-1.913531,-0.122684,0.020376,0.327118,0.015534,0.872886,0.487668,-0.930855,-0.165299,0.325759,0.364947,-0.460096,0.809314,0.014975,-0.009311,0.0079,0.07163,-0.105189,-0.063368,0.534732,0.058406,0.029316,-0.012998,-0.111415,-0.880586,0.460602,0.958701,0.026805,0.283146,-0.261681,0.473126,0.841233,0.008318,-0.010428,0.00773,0.077673,-0.132825,-0.105403,0.518486,0.079207,0.024471,-0.086345,-0.394177,0.879259,-0.267444,-0.377753,-0.420294,-0.825017,-0.83781,-0.224176,0.497813,0.00702,-0.001385,-0.001285,0.001012,-0.014705,0.029574,-0.947594
725,0.128622,0.000628,0.306676,-0.173552,0.915801,-0.362262,-0.396339,-0.401626,-0.825581,-0.901352,-0.000845,0.433116,-1e-06,-5e-06,-5e-06,0.0,0.0,0.0,-1.913211,-0.122132,0.020088,0.327413,0.01473,0.87238,0.488598,-0.93039,-0.166896,0.326272,0.366164,-0.46048,0.808545,0.013104,0.003508,0.001389,-0.012774,0.092597,-0.137214,0.534934,0.058689,0.029164,-0.012852,-0.110274,-0.880296,0.461429,0.958509,0.028596,0.283622,-0.262866,0.47356,0.840619,0.006539,0.001805,0.000727,-0.014593,0.093997,-0.136394,0.520119,0.079383,0.024447,-0.086365,-0.393962,0.879426,-0.267213,-0.377872,-0.419989,-0.825118,-0.837857,-0.224093,0.49777,3e-06,1.4e-05,9e-06,-2e-06,2.9e-05,3e-05,-0.948411
726,0.128976,0.0006,0.306639,-0.173414,0.915901,-0.362075,-0.396343,-0.401397,-0.82569,-0.901377,-0.000823,0.433065,0.014288,-0.001466,-0.001206,0.000984,-0.014715,0.029553,-1.913101,-0.121865,0.020079,0.327479,0.012852,0.873866,0.485988,-0.930617,-0.16719,0.325473,0.365661,-0.457541,0.810439,-0.001677,0.011461,-0.007667,0.036671,-0.007627,0.019589,0.535065,0.058822,0.029157,-0.012815,-0.10869,-0.881937,0.458664,0.958742,0.028919,0.282801,-0.262677,0.470479,0.842407,0.006656,0.001075,0.000108,-0.003631,-0.010273,0.031049,0.520609,0.079555,0.024434,-0.086383,-0.39385,0.879528,-0.267041,-0.377926,-0.41978,-0.8252,-0.837886,-0.224083,0.497727,-0.0,6e-06,1e-06,9e-06,-2e-06,-9e-06,-0.94939
727,0.129319,0.000536,0.306639,-0.173357,0.915974,-0.361917,-0.396455,-0.40123,-0.825718,-0.901339,-0.000803,0.433144,0.014392,-0.000921,-0.000642,0.000984,-0.014715,0.029553,-1.913101,-0.121794,0.020082,0.327485,0.012174,0.873402,0.486838,-0.930587,-0.168104,0.325089,0.365762,-0.458091,0.810082,-0.0,0.0,0.0,0.0,-0.0,-0.0,0.53543,0.058858,0.029162,-0.012815,-0.107969,-0.88158,0.459519,0.958808,0.029817,0.282486,-0.262736,0.47109,0.842047,3e-06,-1.6e-05,-1.4e-05,-0.014832,0.107942,-0.166209,0.520772,0.079726,0.024405,-0.086387,-0.39378,0.879609,-0.266878,-0.378055,-0.419622,-0.825221,-0.83786,-0.224062,0.497779,0.007225,-0.000303,-0.000162,0.000975,-0.014697,0.029577,-0.95135
728,0.129479,0.000503,0.306637,-0.173356,0.915999,-0.361856,-0.396506,-0.401175,-0.82572,-0.901317,-0.000809,0.433191,0.014293,-0.001442,-0.001189,0.000984,-0.014715,0.029553,-1.912921,-0.121835,0.020082,0.32749,0.011688,0.873085,0.487419,-0.930574,-0.168737,0.3248,0.365814,-0.458463,0.809849,-0.013489,-0.001056,0.000702,-0.016893,0.122988,-0.195715,0.535379,0.058842,0.02916,-0.012814,-0.10754,-0.8814,0.459965,0.958853,0.030317,0.282275,-0.262742,0.471395,0.841874,-0.000104,0.000641,0.000543,7.7e-05,8e-05,0.00021,0.520936,0.079812,0.024385,-0.086384,-0.393776,0.879632,-0.266806,-0.378142,-0.419577,-0.825205,-0.837823,-0.224055,0.497845,0.007145,-0.000726,-0.000606,0.001002,-0.014702,0.029579,-0.952166
729,0.129799,0.000464,0.306604,-0.173061,0.916158,-0.361591,-0.396559,-0.400808,-0.825872,-0.90135,-0.000677,0.433121,0.014265,-0.001588,-0.001346,0.000984,-0.014715,0.029553,-1.912451,-0.121907,0.020152,0.327518,0.009736,0.874551,0.484828,-0.9309,-0.168977,0.323737,0.365042,-0.455568,0.811828,-0.000311,0.001976,0.001683,0.00347,-0.003231,-0.002406,0.535002,0.058802,0.029193,-0.012802,-0.105792,-0.883069,0.45716,0.959216,0.030565,0.281013,-0.262127,0.468244,0.843821,-9.7e-05,0.000615,0.000524,-0.014246,0.010664,0.002421,0.520936,0.079966,0.024367,-0.0864,-0.393515,0.879823,-0.266565,-0.378276,-0.419241,-0.825314,-0.837885,-0.223938,0.497793,-1.7e-05,-9.2e-05,-0.000101,3e-05,1.7e-05,2.7e-05,-0.953146
730,0.130115,0.000393,0.306551,-0.172853,0.916285,-0.361371,-0.396622,-0.40052,-0.825982,-0.901363,-0.000589,0.433095,-0.000187,-0.000995,-0.00104,0.0,0.0,0.0,-1.912028,-0.121963,0.02024,0.327637,0.010204,0.875777,0.4826,-0.930464,-0.168306,0.325336,0.366138,-0.453453,0.812519,-0.000654,0.004153,0.003533,0.002152,-0.015619,0.024121,0.53559,0.058774,0.029235,-0.012744,-0.106523,-0.884043,0.455105,0.958722,0.030039,0.282752,-0.263636,0.466439,0.844351,-0.006943,0.000755,0.001441,-0.001106,0.018053,-0.030291,0.520936,0.08013,0.024332,-0.086426,-0.393301,0.879987,-0.266338,-0.378416,-0.418945,-0.8254,-0.837923,-0.223844,0.497773,0.007028,-0.001361,-0.001272,0.001022,-0.014705,0.029567,-0.953962
731,0.130263,0.000375,0.30652,-0.172859,0.916301,-0.361328,-0.3966,-0.400484,-0.82601,-0.901371,-0.000624,0.433077,0.014044,-0.002773,-0.002593,-0.002003,0.112417,-0.159346,-1.911782,-0.121963,0.020306,0.327705,0.010859,0.877108,0.480162,-0.93005,-0.167367,0.327,0.367169,-0.451219,0.813297,-0.000564,0.003586,0.003048,-0.991753,-2.137368,1.444761,0.535085,0.058774,0.029271,-0.012708,-0.106602,-0.884065,0.455043,0.958709,0.02996,0.282802,-0.263648,0.466402,0.844368,-0.000337,0.002132,0.001813,0.002378,-0.01517,0.024188,0.520772,0.080204,0.024323,-0.086441,-0.393306,0.879998,-0.266293,-0.378405,-0.418903,-0.825426,-0.837925,-0.223879,0.497753,0.007028,-0.001364,-0.001279,-0.001982,0.112473,-0.159311,-0.954289
732,0.130546,0.000318,0.306452,-0.172444,0.916502,-0.361015,-0.396646,-0.400022,-0.826211,-0.901431,-0.000424,0.432954,0.013928,-0.003406,-0.00326,0.000604,0.001376,0.005647,-1.911157,-0.121992,0.02042,0.327882,0.010739,0.877047,0.480275,-0.92999,-0.167582,0.327062,0.367326,-0.451256,0.813205,-0.000631,0.004011,0.003404,0.0,-0.0,-0.0,0.535243,0.058759,0.02933,-0.012617,-0.107356,-0.885135,0.45278,0.958236,0.029297,0.284472,-0.265061,0.46441,0.845024,-0.000326,0.002061,0.001751,0.00018,0.000232,6.3e-05,0.521262,0.080346,0.024295,-0.086474,-0.392916,0.880262,-0.265997,-0.378565,-0.418451,-0.825582,-0.838036,-0.223688,0.497652,0.006963,-0.001711,-0.001644,0.000623,0.001383,0.005648,-0.954452
733,0.130844,0.000204,0.306368,-0.172255,0.916621,-0.360804,-0.39673,-0.39975,-0.826303,-0.90143,-0.000337,0.432955,-0.000418,-0.002247,-0.002351,-0.000383,0.01609,-0.023907,-1.910373,-0.122014,0.020619,0.328114,0.008811,0.877629,0.479251,-0.930663,-0.167968,0.324942,0.365672,-0.449978,0.814658,-0.001109,0.007046,0.005966,0.026539,-0.03834,0.007217,0.533435,0.058749,0.029421,-0.012508,-0.105451,-0.885996,0.451542,0.958939,0.029618,0.28206,-0.263278,0.462745,0.846493,-0.000524,0.003312,0.002805,0.008387,-0.01403,-0.015997,0.520936,0.080489,0.024239,-0.086515,-0.392738,0.880402,-0.265794,-0.378711,-0.418201,-0.825642,-0.838053,-0.223602,0.497661,-0.000138,-0.000739,-0.000778,1e-05,-3e-06,-9e-06,-0.952493
734,0.130957,0.000154,0.306332,-0.172403,0.916578,-0.36084,-0.396733,-0.399847,-0.826254,-0.9014,-0.000435,0.433017,-0.000369,-0.001988,-0.002081,0.0,0.0,0.0,-1.910706,-0.122002,0.020737,0.328262,0.008828,0.877646,0.479219,-0.930625,-0.167988,0.32504,0.365767,-0.449937,0.814638,0.011994,0.010348,0.007165,0.004614,-0.031204,0.053083,0.532985,0.05875,0.029481,-0.012433,-0.105512,-0.885956,0.451606,0.958852,0.029729,0.282345,-0.263571,0.462814,0.846364,0.000152,-0.001401,0.007496,-0.041601,-0.00302,0.006718,0.520772,0.080551,0.024212,-0.086535,-0.392876,0.880333,-0.265819,-0.37869,-0.418295,-0.825603,-0.837998,-0.223697,0.497712,0.00694,-0.001861,-0.001808,-0.002028,0.112451,-0.159341,-0.952493
735,0.131165,3.2e-05,0.306224,-0.172295,0.916652,-0.360705,-0.396779,-0.399678,-0.826314,-0.901401,-0.000394,0.433016,-0.000393,-0.002123,-0.002225,0.0,0.0,0.0,-1.90836,-0.122018,0.020887,0.328713,0.006545,0.878045,0.478524,-0.931091,-0.169043,0.323152,0.36463,-0.448759,0.815796,0.000192,-0.002032,0.01562,-0.005585,-0.034995,-0.01552,0.531714,0.058746,0.029564,-0.012215,-0.103327,-0.886687,0.450675,0.959433,0.030645,0.280263,-0.262316,0.461352,0.847551,6.8e-05,-0.000871,0.007935,-0.018318,-0.028937,-0.016255,0.520936,0.080649,0.024152,-0.086588,-0.392792,0.880408,-0.265699,-0.378767,-0.418156,-0.825639,-0.838003,-0.223666,0.497717,-0.000271,-0.001468,-0.001542,-0.000391,0.016101,-0.023901,-0.952003
736,0.131361,-9.1e-05,0.306099,-0.172351,0.916658,-0.360663,-0.396775,-0.399665,-0.826323,-0.901392,-0.000459,0.433033,0.01378,-0.004304,-0.004223,0.000596,0.001375,0.005645,-1.903219,-0.122048,0.02092,0.329211,0.004219,0.87845,0.477807,-0.931447,-0.170258,0.321485,0.363758,-0.447503,0.816874,0.000269,-0.002521,0.015189,0.111315,-0.144379,-0.096504,0.528581,0.058731,0.029581,-0.011953,-0.101501,-0.887207,0.450065,0.95972,0.03181,0.279147,-0.261978,0.460271,0.848243,0.000126,-0.001257,0.007597,0.149747,-0.172667,-0.110336,0.520936,0.080747,0.024091,-0.08665,-0.392826,0.880409,-0.265644,-0.378773,-0.418126,-0.825652,-0.837984,-0.223719,0.497726,-0.000184,-0.001,-0.001052,-6e-06,1.6e-05,1.4e-05,-0.952003
737,0.131576,-0.000125,0.305964,-0.170523,0.916132,-0.362863,-0.395981,-0.40086,-0.826124,-0.90209,0.001671,0.431574,0.000186,0.009909,-0.009342,0.035141,-0.016587,0.016319,-1.898318,-0.122063,0.020924,0.329669,0.002963,0.880436,0.474146,-0.931427,-0.169977,0.32169,0.363823,-0.443684,0.818926,0.000543,-0.004263,0.013713,-0.018767,-0.009165,-0.032,0.52714,0.058723,0.029585,-0.011721,-0.100248,-0.889405,0.445991,0.959812,0.031647,0.278852,-0.262127,0.456022,0.850489,0.000263,-0.002126,0.006861,-0.046066,0.01427,-0.024844,0.520283,0.080854,0.024068,-0.086717,-0.391132,0.880423,-0.268083,-0.377724,-0.419192,-0.825591,-0.839249,-0.221653,0.496517,-0.00019,-0.001034,-0.00109,-0.002016,0.01984,-0.018985,-0.950043
738,0.131668,-0.00015,0.305925,-0.17041,0.916188,-0.362774,-0.395976,-0.400732,-0.826189,-0.902114,0.001716,0.431525,-0.000177,-0.000967,-0.001015,1e-06,-3e-06,-2e-06,-1.897124,-0.122073,0.020908,0.329916,0.001103,0.881089,0.472941,-0.931946,-0.170437,0.31994,0.362506,-0.442206,0.820308,-0.001262,0.008026,0.006711,0.126192,-0.131597,-0.061523,0.527281,0.058719,0.029571,-0.011603,-0.098936,-0.890072,0.444953,0.960183,0.032011,0.277531,-0.261265,0.454694,0.851465,0.0002,-0.001718,0.007201,0.144846,-0.16861,-0.108442,0.520283,0.080906,0.024057,-0.086742,-0.391007,0.880525,-0.267932,-0.37777,-0.418993,-0.825671,-0.839287,-0.221627,0.496465,-7.9e-05,-0.000441,-0.000467,-0.000123,0.000706,0.000544,-0.950534
739,0.131808,-0.000154,0.305908,-0.170399,0.916209,-0.362726,-0.395957,-0.400683,-0.826222,-0.902125,0.001693,0.431503,0.000135,0.000739,0.000776,0.0,-0.0,-0.0,-1.888784,-0.122032,0.020814,0.330416,-0.007285,0.883604,0.468168,-0.9315,-0.176121,0.318155,0.363592,-0.434883,0.823736,0.00058,-0.004492,0.013506,0.053784,-0.077102,-0.081982,0.527534,0.058738,0.029531,-0.011353,-0.091,-0.89362,0.439501,0.960508,0.037772,0.275675,-0.26295,0.447231,0.854892,0.000186,-0.001634,0.007265,0.07223,-0.105454,-0.07062,0.520446,0.080976,0.024053,-0.086752,-0.391006,0.880543,-0.267875,-0.377763,-0.418938,-0.825702,-0.83929,-0.221661,0.496444,0.000101,0.000543,0.000569,1.1e-05,0.000164,-9.7e-05,-0.950697
740,0.131867,-0.000127,0.305923,-0.170714,0.91609,-0.36288,-0.395885,-0.400958,-0.826123,-0.902096,0.001485,0.431562,0.000109,0.000595,0.000625,0.0,-0.0,-0.0,-1.86003,-0.12204,0.020699,0.331009,-0.01044,0.886136,0.463299,-0.931998,-0.176359,0.316561,0.362242,-0.429594,0.827099,0.000236,-0.002306,0.015312,0.030775,-0.069774,-0.040179,0.525838,0.058735,0.02947,-0.011067,-0.088363,-0.896401,0.434346,0.960981,0.038029,0.273985,-0.262118,0.441608,0.858064,0.000102,-0.001102,0.0077,0.04599,-0.085357,-0.054931,0.521099,0.081005,0.024069,-0.086742,-0.391307,0.880367,-0.268015,-0.377625,-0.419199,-0.825633,-0.839212,-0.221867,0.496484,7.2e-05,0.000388,0.000405,3.3e-05,0.000111,-5.1e-05,-0.949064
741,0.131856,-0.000117,0.305918,-0.170841,0.916036,-0.362955,-0.39584,-0.40108,-0.826085,-0.902091,0.0014,0.431573,2e-06,1e-05,1.1e-05,0.0,-0.0,-0.0,-1.854972,-0.122066,0.020652,0.331296,-0.012358,0.88673,0.462114,-0.932448,-0.17697,0.314891,0.361024,-0.428112,0.828399,0.000232,-0.00228,0.015325,-0.01241,-0.028664,-0.010628,0.524687,0.058722,0.029446,-0.010917,-0.086375,-0.897259,0.432972,0.961493,0.038736,0.272084,-0.260901,0.439801,0.859363,0.000102,-0.001109,0.00769,-0.048342,-0.002712,-0.001342,0.521099,0.081,0.024076,-0.086743,-0.391428,0.880292,-0.268085,-0.377552,-0.419313,-0.825609,-0.839189,-0.221951,0.496486,-2e-06,-7e-06,-8e-06,2.8e-05,0.000102,-3.1e-05,-0.945471
742,0.131812,-9.7e-05,0.30588,-0.171279,0.915851,-0.363217,-0.395675,-0.401506,-0.825958,-0.902081,0.001105,0.431597,-0.014342,0.001264,0.001041,-0.000984,0.014715,-0.029553,-1.832792,-0.122225,0.020519,0.331915,-0.016477,0.887755,0.460013,-0.933273,-0.178607,0.311505,0.358728,-0.425292,0.830845,-0.013028,-0.004249,0.015218,-0.015225,-0.012755,-0.03931,0.525994,0.058648,0.029382,-0.010606,-0.082566,-0.898734,0.43065,0.962359,0.040374,0.268765,-0.258935,0.43663,0.861571,0.000104,-0.001123,0.007668,-0.044438,-0.006232,-0.001672,0.521099,0.080983,0.024085,-0.086764,-0.391824,0.880045,-0.268316,-0.377297,-0.419681,-0.825538,-0.839118,-0.222232,0.49648,0.000227,0.005683,-0.003907,0.035129,-0.016286,0.016451,-0.944982
743,0.131752,-1e-05,0.305852,-0.171475,0.915752,-0.363372,-0.39545,-0.401731,-0.825956,-0.902142,0.000922,0.431469,7.1e-05,0.000389,0.000408,0.0,-0.0,-0.0,-1.816427,-0.12244,0.020298,0.332457,-0.018976,0.888077,0.459294,-0.933406,-0.180228,0.310168,0.35826,-0.42393,0.831743,-0.010908,-0.01857,0.020565,-0.066062,0.008046,-0.04926,0.526542,0.058543,0.029283,-0.010339,-0.080244,-0.899334,0.429835,0.962628,0.041984,0.26755,-0.258663,0.435241,0.862355,0.000464,-0.003416,0.005774,-0.051731,0.016581,-0.018081,0.521099,0.080948,0.024128,-0.086778,-0.392029,0.879905,-0.268476,-0.377022,-0.419873,-0.825566,-0.839146,-0.222425,0.496346,4.9e-05,0.000256,0.000271,1.7e-05,6.8e-05,1.3e-05,-0.939756
744,0.131734,7e-05,0.305802,-0.171617,0.91568,-0.363487,-0.395211,-0.401897,-0.82599,-0.90222,0.000757,0.431307,0.0,0.0,0.0,0.0,-0.0,-0.0,-1.807418,-0.122804,0.019921,0.332863,-0.0221,0.888019,0.459267,-0.933509,-0.182628,0.308451,0.357818,-0.423021,0.832396,-0.012051,-0.010519,0.010032,-0.034199,0.005084,-0.026279,0.526762,0.058357,0.029089,-0.010127,-0.077161,-0.899661,0.429715,0.962939,0.044476,0.266024,-0.258444,0.434317,0.862887,-0.005919,-0.006002,0.00441,-0.051698,0.031954,-0.045253,0.520936,0.080939,0.024169,-0.086802,-0.392164,0.879811,-0.268587,-0.376756,-0.419981,-0.825632,-0.839202,-0.222592,0.496176,1e-06,-5e-06,-3e-06,1.3e-05,5.5e-05,1.4e-05,-0.940573
745,0.131713,8.9e-05,0.305792,-0.171747,0.915623,-0.363571,-0.395141,-0.402028,-0.825959,-0.902225,0.000664,0.431296,0.0,0.0,0.0,0.0,-0.0,-0.0,-1.805346,-0.12302,0.019729,0.333003,-0.022618,0.887782,0.459699,-0.933282,-0.183464,0.308643,0.35838,-0.423155,0.832086,-0.013366,-0.001309,0.000448,-0.002013,0.015176,-0.029267,0.526305,0.058249,0.028991,-0.010052,-0.076673,-0.899475,0.430191,0.962793,0.045342,0.266405,-0.259131,0.434611,0.862533,-0.005867,-0.006352,0.004123,-0.040453,0.024477,-0.047561,0.520283,0.080929,0.024179,-0.086807,-0.392286,0.879733,-0.268665,-0.376659,-0.420096,-0.825618,-0.839189,-0.222684,0.496157,-0.007156,0.000689,0.00058,-0.00094,0.014756,-0.029536,-0.941716
746,0.131651,0.000136,0.30578,-0.172025,0.915497,-0.363755,-0.395,-0.402314,-0.825887,-0.902234,0.000468,0.431278,0.000115,0.000629,0.00066,-0.002673,0.111201,-0.164884,-1.784162,-0.123466,0.019579,0.3331,-0.025448,0.887812,0.459493,-0.933754,-0.18512,0.306215,0.35696,-0.422369,0.833095,-0.013385,-0.001185,0.000546,-0.001743,0.014919,-0.029452,0.526311,0.058026,0.028912,-0.010007,-0.073873,-0.899887,0.429819,0.963384,0.046997,0.26397,-0.257743,0.433582,0.863466,-0.006702,-0.000552,0.000314,-0.008195,0.020046,-0.026742,0.519956,0.080898,0.0242,-0.086814,-0.392432,0.879633,-0.268777,-0.376501,-0.420241,-0.825617,-0.839192,-0.222804,0.496099,8e-05,0.00042,0.000443,5.4e-05,9e-06,-3.1e-05,-0.941879
747,0.131601,0.000179,0.30578,-0.172283,0.915382,-0.363921,-0.394886,-0.402576,-0.825814,-0.902234,0.000292,0.431278,1e-05,5.7e-05,5.9e-05,0.0,-0.0,-0.0,-1.756925,-0.123738,0.019628,0.333171,-0.035757,0.888505,0.457461,-0.931102,-0.195754,0.307675,0.362971,-0.41605,0.833677,-0.000282,0.001866,0.001534,0.0,-0.0,-0.0,0.526087,0.057886,0.028934,-0.009973,-0.063881,-0.901856,0.427287,0.962247,0.057849,0.265958,-0.264574,0.428145,0.864113,-0.006807,0.000162,0.000899,-0.00134,0.016409,-0.028961,0.51963,0.080873,0.024224,-0.086812,-0.392792,0.879407,-0.268993,-0.376282,-0.420585,-0.825541,-0.839122,-0.223049,0.496107,5e-06,1.9e-05,2.2e-05,-7e-06,2.3e-05,-1.2e-05,-0.933225
748,0.131588,0.00016,0.305774,-0.172354,0.915354,-0.363959,-0.394899,-0.40264,-0.825777,-0.902215,0.000259,0.431318,-0.000141,-0.000767,-0.000805,0.0,-0.0,-0.0,-1.756487,-0.123811,0.019635,0.33321,-0.042446,0.889969,0.454032,-0.930185,-0.200917,0.30712,0.364609,-0.410407,0.835757,-0.000262,0.001732,0.001424,0.015685,-0.0179,-0.015411,0.526355,0.057849,0.028938,-0.009953,-0.057513,-0.904155,0.423315,0.962084,0.063043,0.265366,-0.266619,0.422527,0.866247,-0.006793,7.7e-05,0.000828,-0.012648,0.01356,-0.04845,0.51963,0.080866,0.024215,-0.086814,-0.392858,0.879366,-0.269028,-0.376277,-0.420653,-0.825508,-0.839092,-0.223079,0.496143,-9.5e-05,-0.00052,-0.000545,1.4e-05,2.1e-05,4e-06,-0.935021
749,0.131574,0.00014,0.305768,-0.172673,0.915226,-0.364129,-0.394873,-0.402931,-0.825648,-0.902165,7.6e-05,0.431422,-0.014332,0.001296,0.001071,-0.000984,0.014715,-0.029553,-1.756157,-0.123912,0.019699,0.3333,-0.041815,0.891281,0.45151,-0.929815,-0.199958,0.308862,0.365624,-0.408018,0.836483,-0.01363,0.000501,0.001925,-0.002041,0.015202,-0.029248,0.522576,0.057804,0.02897,-0.009909,-0.058556,-0.905198,0.420935,0.961597,0.062114,0.26734,-0.268142,0.420425,0.866799,-0.00023,0.001512,0.001245,-0.000234,0.001411,0.000617,0.519956,0.080865,0.024203,-0.08682,-0.39314,0.879196,-0.269171,-0.376187,-0.42092,-0.825414,-0.839001,-0.223245,0.496223,-8e-06,-4.4e-05,-4.6e-05,-7e-06,2.4e-05,1e-06,-0.93894
750,0.131568,0.000185,0.305771,-0.172838,0.915155,-0.364231,-0.394774,-0.403094,-0.825615,-0.902176,-5e-05,0.431398,5.9e-05,0.000323,0.000339,0.0,0.0,0.0,-1.75219,-0.123874,0.019706,0.333506,-0.053619,0.892525,0.44779,-0.927532,-0.210487,0.30873,0.369876,-0.399899,0.838532,0.014359,-0.005927,0.010766,-0.005542,-0.128194,0.165964,0.51654,0.057813,0.028974,-0.009811,-0.046978,-0.907889,0.416569,0.960839,0.072943,0.267331,-0.273093,0.412815,0.868909,-0.000236,0.001542,0.001268,-0.011038,-0.002614,-0.019018,0.516364,0.080856,0.024226,-0.086818,-0.393314,0.879086,-0.269279,-0.376045,-0.42108,-0.825397,-0.838983,-0.223379,0.496193,4.5e-05,0.000241,0.000254,-1.2e-05,9e-06,-1.1e-05,-0.940736
751,0.131571,0.000206,0.305778,-0.17291,0.915124,-0.364273,-0.394739,-0.403163,-0.825598,-0.902178,-0.000103,0.431395,5e-06,2.9e-05,3.1e-05,0.0,0.0,0.0,-1.72709,-0.123728,0.019667,0.333766,-0.052986,0.893862,0.44519,-0.92696,-0.2097,0.310974,0.371396,-0.397311,0.83909,-0.000471,0.003108,0.002546,4e-06,-4e-06,-3e-06,0.506738,0.057891,0.028955,-0.009674,-0.048135,-0.909013,0.413976,0.960184,0.072075,0.269906,-0.275186,0.410486,0.869352,-0.00024,0.001563,0.001279,0.000844,0.003227,-0.000507,0.507546,0.080858,0.024237,-0.086813,-0.393382,0.879043,-0.269318,-0.375995,-0.421141,-0.825389,-0.838974,-0.223431,0.496185,-1e-06,0.0,1e-06,-1.6e-05,6e-06,-6e-06,-0.93992
752,0.131591,0.000206,0.305764,-0.172999,0.91509,-0.364317,-0.394701,-0.403241,-0.825578,-0.902177,-0.000169,0.431396,-0.000115,-0.000628,-0.000659,0.0,0.0,0.0,-1.718911,-0.123655,0.019647,0.333922,-0.052961,0.893903,0.445111,-0.926829,-0.209794,0.311302,0.371727,-0.39717,0.83901,0.000881,-0.00641,0.011878,-0.034293,-0.008035,0.004465,0.50209,0.057927,0.028945,-0.009603,-0.048177,-0.909033,0.413927,0.960092,0.072158,0.270213,-0.275501,0.410426,0.86928,0.006307,0.003058,0.001746,0.002392,-0.014586,0.029628,0.501667,0.080868,0.024239,-0.086819,-0.393465,0.878994,-0.269358,-0.37594,-0.42121,-0.825378,-0.838959,-0.223496,0.49618,-8e-05,-0.000432,-0.000454,-3e-05,8e-06,-7e-06,-0.93992
753,0.131717,0.000176,0.305734,-0.1732,0.915026,-0.364382,-0.394671,-0.403386,-0.825521,-0.902151,-0.000311,0.431451,0.014295,-0.001488,-0.001275,0.000984,-0.014715,0.029553,-1.708717,-0.123564,0.019635,0.334261,-0.058396,0.893535,0.445169,-0.925282,-0.215713,0.311857,0.374762,-0.394811,0.838773,0.000846,-0.006182,0.01206,-0.036381,0.007243,-0.019877,0.499776,0.057973,0.02894,-0.009432,-0.04277,-0.909404,0.413708,0.959388,0.078181,0.271038,-0.278827,0.408499,0.869127,-0.000456,0.002969,0.002425,0.002393,-0.014964,0.024736,0.494319,0.08093,0.024221,-0.086836,-0.393654,0.878892,-0.269413,-0.375876,-0.42135,-0.825336,-0.838899,-0.223632,0.49622,0.007149,-0.00073,-0.000624,0.000979,-0.0147,0.029573,-0.940246
754,0.131835,0.000164,0.305724,-0.171701,0.914356,-0.366765,-0.393999,-0.404893,-0.825105,-0.902733,0.001693,0.430228,2.3e-05,0.000123,0.00013,0.000177,-0.001009,-0.000684,-1.706561,-0.123459,0.019667,0.334582,-0.063911,0.893066,0.445354,-0.923724,-0.221702,0.312276,0.377704,-0.392541,0.838519,-0.000848,0.005567,0.004539,0.002087,-0.015266,0.024351,0.496984,0.058026,0.028951,-0.009269,-0.037222,-0.909673,0.413651,0.958668,0.084339,0.271735,-0.282077,0.40667,0.868936,0.000416,-0.00308,0.006036,-0.036166,0.007399,-0.019499,0.491054,0.08099,0.024215,-0.086841,-0.392224,0.878716,-0.272062,-0.374819,-0.422765,-0.825093,-0.840041,-0.221647,0.495178,1.5e-05,8.6e-05,8.9e-05,-0.003039,0.006255,0.009131,-0.941062
755,0.131869,0.000164,0.30574,-0.171749,0.914343,-0.366777,-0.394016,-0.404924,-0.825081,-0.902716,0.001668,0.430264,8.9e-05,0.000484,0.000509,2e-06,-1.3e-05,-8e-06,-1.707444,-0.123427,0.019651,0.334784,-0.06427,0.892861,0.445714,-0.92351,-0.222329,0.312464,0.378168,-0.392653,0.838257,0.000687,-0.00514,0.0129,-0.034291,-0.008044,0.004461,0.49249,0.058041,0.028945,-0.009173,-0.036941,-0.909577,0.413888,0.958556,0.084829,0.271979,-0.282496,0.406782,0.868747,0.000299,-0.00232,0.006654,-0.034137,-0.007919,0.00479,0.487951,0.081001,0.024215,-0.086833,-0.392308,0.878701,-0.271989,-0.374872,-0.422756,-0.825074,-0.839979,-0.221723,0.495251,6.8e-05,0.000373,0.000392,-0.000408,0.001247,0.001264,-0.942042
756,0.131848,0.000164,0.305754,-0.171908,0.914277,-0.366865,-0.394015,-0.405072,-0.825009,-0.902687,0.001584,0.430327,0.0,3e-06,3e-06,0.0,-0.0,-0.0,-1.707742,-0.123425,0.019547,0.335188,-0.064852,0.892563,0.446225,-0.923062,-0.223422,0.313007,0.379162,-0.392708,0.837783,0.000792,-0.005828,0.012336,-0.036374,0.007193,-0.019909,0.486159,0.058042,0.028897,-0.008968,-0.036231,-0.909343,0.414465,0.958288,0.08604,0.272542,-0.283495,0.407051,0.868296,-0.000487,0.00315,0.00256,0.002185,-0.015148,0.024589,0.478154,0.080996,0.024216,-0.086825,-0.392452,0.87862,-0.272042,-0.374846,-0.422879,-0.825023,-0.839923,-0.221808,0.495307,-2e-06,-1.1e-05,-1.2e-05,4.2e-05,0.00018,-8.1e-05,-0.942206
757,0.131795,0.000186,0.305747,-0.172342,0.914093,-0.367122,-0.393898,-0.405491,-0.82486,-0.902655,0.00131,0.430395,0.0,0.0,0.0,0.0,-0.0,-0.0,-1.702846,-0.123398,0.019413,0.335627,-0.065274,0.892384,0.446522,-0.922586,-0.224344,0.313749,0.380246,-0.392588,0.837347,0.000706,-0.005264,0.012789,-0.034293,-0.008034,0.004468,0.486319,0.058056,0.028826,-0.008745,-0.035771,-0.90923,0.414754,0.95797,0.087005,0.273353,-0.284626,0.4071,0.867903,0.00035,-0.002652,0.006379,-0.034226,-0.00798,0.004607,0.474398,0.08097,0.024227,-0.086829,-0.392864,0.878362,-0.27228,-0.374628,-0.423273,-0.82492,-0.839827,-0.222078,0.495348,0.0,-3e-06,-4e-06,5e-05,0.000114,-6.1e-05,-0.942206
758,0.131773,0.000182,0.305743,-0.172646,0.913967,-0.36729,-0.393849,-0.405773,-0.824744,-0.902617,0.001129,0.430474,-1.9e-05,-0.000105,-0.00011,0.0,-0.0,-0.0,-1.698471,-0.123398,0.019189,0.336013,-0.071277,0.891601,0.447167,-0.920705,-0.231131,0.314348,0.383722,-0.390416,0.836778,0.001126,-0.00802,0.010556,-0.036367,0.007149,-0.019936,0.487183,0.058055,0.028721,-0.008553,-0.029703,-0.909287,0.415108,0.95706,0.093935,0.274244,-0.28836,0.405429,0.867452,0.000532,-0.003851,0.005409,-0.034147,-0.007856,0.00461,0.474725,0.080958,0.024225,-0.086832,-0.393153,0.878185,-0.272436,-0.37451,-0.423548,-0.824832,-0.839745,-0.222255,0.495408,-1e-05,-6.3e-05,-6.7e-05,2.9e-05,9.5e-05,-2e-05,-0.942696
759,0.131763,0.00019,0.30575,-0.17277,0.913916,-0.36736,-0.39383,-0.40589,-0.824696,-0.902602,0.001054,0.430506,0.000135,0.000738,0.000774,0.0,-0.0,-0.0,-1.698943,-0.123392,0.019073,0.336188,-0.073336,0.891966,0.446105,-0.921117,-0.231923,0.312553,0.382346,-0.389107,0.838016,0.001188,-0.008427,0.010229,-0.015824,-0.012623,-0.033982,0.488616,0.058058,0.028663,-0.008466,-0.027659,-0.909953,0.413786,0.957574,0.094669,0.272194,-0.286857,0.40376,0.868729,0.000553,-0.003986,0.005299,-0.038921,0.002905,-0.029735,0.475214,0.080953,0.024227,-0.08683,-0.393271,0.878112,-0.272501,-0.374461,-0.423661,-0.824796,-0.839712,-0.222328,0.495432,9.1e-05,0.000503,0.000528,1.7e-05,7.6e-05,-2.5e-05,-0.943185
760,0.131734,0.000202,0.305777,-0.173161,0.913755,-0.367575,-0.393791,-0.406252,-0.824536,-0.902543,0.000831,0.430629,4.1e-05,0.000221,0.000232,0.0,-0.0,-0.0,-1.696381,-0.12335,0.01891,0.336527,-0.073477,0.891961,0.446092,-0.920735,-0.232413,0.313312,0.383238,-0.388824,0.83774,-0.000669,0.004395,0.003552,0.002072,-0.015144,0.024429,0.493456,0.05808,0.028572,-0.008297,-0.027582,-0.909889,0.413931,0.95721,0.095293,0.273251,-0.288074,0.403756,0.868327,0.000517,-0.003746,0.005492,-0.037166,0.007887,-0.019418,0.479787,0.080939,0.024235,-0.086814,-0.393639,0.877885,-0.272699,-0.374332,-0.424018,-0.824671,-0.839596,-0.222543,0.495531,2e-05,0.000103,0.000108,3.5e-05,7.4e-05,1.7e-05,-0.944655
761,0.131706,0.000229,0.305805,-0.173641,0.913557,-0.367842,-0.393715,-0.406699,-0.824352,-0.902484,0.000544,0.430754,9.9e-05,0.00054,0.000567,0.0,-0.0,-0.0,-1.678879,-0.123285,0.018798,0.336852,-0.07549,0.892375,0.444927,-0.921032,-0.233252,0.311813,0.382134,-0.387366,0.838919,0.00099,-0.007123,0.011283,-0.015821,-0.012694,-0.033969,0.494947,0.058112,0.028522,-0.008136,-0.025632,-0.910602,0.412487,0.957635,0.09603,0.271502,-0.286842,0.401971,0.869563,0.007052,-0.002231,0.005972,-0.034804,-0.027462,0.023987,0.483542,0.080925,0.024248,-0.086801,-0.394091,0.877606,-0.272945,-0.374147,-0.42445,-0.824534,-0.839468,-0.22282,0.495625,7.2e-05,0.000397,0.000416,-2e-06,5.9e-05,1e-06,-0.943675
762,0.131687,0.000243,0.305819,-0.17389,0.913453,-0.367982,-0.393675,-0.406933,-0.824256,-0.902453,0.000396,0.430819,0.00011,0.000599,0.000628,0.0,-0.0,-0.0,-1.671016,-0.123259,0.018746,0.337038,-0.075495,0.892415,0.444845,-0.920856,-0.233404,0.312218,0.382557,-0.387181,0.838811,0.000825,-0.006041,0.012155,-0.033995,-0.008309,0.004273,0.494025,0.058125,0.028494,-0.008045,-0.025681,-0.910581,0.412532,0.957436,0.096277,0.272113,-0.287499,0.401961,0.86935,-0.00035,0.002251,0.001815,-0.00631,0.004683,0.001881,0.484032,0.080915,0.024255,-0.086793,-0.394325,0.877461,-0.273074,-0.37405,-0.424676,-0.824461,-0.8394,-0.222963,0.495674,5.6e-05,0.000308,0.000323,-7e-06,5.2e-05,5e-06,-0.943349
763,0.1316,0.000307,0.305884,-0.174516,0.913186,-0.368347,-0.393573,-0.407532,-0.824008,-0.902376,3e-05,0.430981,-0.013924,0.003478,0.003359,-0.000984,0.014715,-0.029553,-1.657888,-0.123158,0.018664,0.337409,-0.075401,0.892558,0.444576,-0.920529,-0.233568,0.31306,0.383363,-0.386753,0.838641,0.014037,-0.003979,0.012329,-0.03431,-0.008143,0.009255,0.490727,0.058171,0.028454,-0.007859,-0.025843,-0.910681,0.412299,0.957156,0.096451,0.273035,-0.288415,0.40169,0.869172,-0.00048,0.003095,0.002491,0.002073,-0.014917,0.02477,0.481746,0.080877,0.024284,-0.086764,-0.394896,0.877102,-0.2734,-0.373811,-0.425235,-0.824281,-0.839239,-0.223306,0.495794,0.00023,0.001256,0.001317,0.000383,-0.016086,0.023881,-0.942369
764,0.131423,0.000471,0.306053,-0.175804,0.912636,-0.3691,-0.393363,-0.408766,-0.823497,-0.902216,-0.000722,0.431315,-0.013368,0.006454,0.006468,-0.0006,-0.001401,-0.005664,-1.647462,-0.122952,0.018625,0.337814,-0.082618,0.892536,0.443333,-0.9194,-0.239787,0.311672,0.384593,-0.382964,0.839815,0.01239,0.007394,0.004458,0.011163,-0.023999,0.023057,0.486338,0.058274,0.028432,-0.007657,-0.018622,-0.911638,0.41057,0.956887,0.102799,0.271659,-0.289861,0.397928,0.870421,0.006954,-0.001629,0.00645,-0.044924,-0.016927,0.031752,0.477827,0.080788,0.024362,-0.086684,-0.396122,0.876328,-0.274107,-0.373294,-0.426443,-0.823891,-0.838891,-0.224039,0.496052,0.000428,0.002343,0.002456,0.000364,-0.016087,0.023894,-0.941716
765,0.131263,0.000733,0.306322,-0.178703,0.911102,-0.371488,-0.397409,-0.412171,-0.819849,-0.899867,-1.4e-05,0.436195,0.001414,0.007655,0.007993,-2.426565,0.420661,-1.220068,-1.633785,-0.122745,0.018572,0.338271,-0.094869,0.892101,0.441754,-0.916752,-0.251134,0.310534,0.388092,-0.376632,0.841069,0.000486,-0.003847,0.013901,0.110275,-0.147426,-0.093384,0.478344,0.058383,0.028406,-0.007429,-0.007068,-0.91263,0.408723,0.955587,0.114261,0.271655,-0.294622,0.392491,0.871291,0.006064,0.004467,0.002839,0.232669,-0.236714,-0.078821,0.469499,0.080702,0.024492,-0.086551,-0.397974,0.875037,-0.275547,-0.374541,-0.429162,-0.821911,-0.837457,-0.223895,0.498533,-0.006419,0.00465,0.004714,-0.001763,0.109699,-0.169883,-0.942532
766,0.131186,0.000898,0.306507,-0.179747,0.910501,-0.372457,-0.399515,-0.413494,-0.818157,-0.898725,0.000605,0.438543,-0.012707,0.009917,0.010051,-0.001133,-0.001305,-0.005935,-1.623098,-0.122662,0.018545,0.338508,-0.094741,0.892236,0.44151,-0.916568,-0.25113,0.31108,0.388557,-0.376315,0.840996,0.00048,-0.003812,0.013924,-0.032176,-0.010085,0.003036,0.473629,0.058424,0.028393,-0.00731,-0.006694,-0.912875,0.408184,0.955556,0.114471,0.271675,-0.29473,0.391861,0.871538,0.006865,-0.001081,0.006883,-0.045047,-0.014116,0.036558,0.463784,0.080669,0.024575,-0.086458,-0.399846,0.873613,-0.277349,-0.377853,-0.432788,-0.818486,-0.835074,-0.222472,0.503146,0.000817,0.004442,0.004637,0.006591,-0.016491,0.02639,-0.942859
767,0.131025,0.00146,0.307057,-0.184844,0.907244,-0.377873,-0.414317,-0.420532,-0.807135,-0.890952,0.006233,0.454085,0.0029,0.015654,0.01623,-0.72715,0.097799,-0.326219,-1.555418,-0.122367,0.018448,0.338934,-0.096398,0.892848,0.439909,-0.916816,-0.251585,0.309979,0.387565,-0.374549,0.842241,0.00087,-0.006337,0.011901,0.240884,-0.260195,-0.206926,0.470461,0.058571,0.02835,-0.007093,-0.006527,-0.913234,0.407381,0.955402,0.114584,0.272172,-0.295236,0.390989,0.871758,0.006978,-0.001821,0.006284,0.483254,-0.476558,-0.238599,0.456436,0.080582,0.024848,-0.086191,-0.404402,0.869892,-0.282394,-0.389297,-0.443125,-0.807519,-0.82759,-0.216627,0.517847,-0.005633,0.008812,0.008961,-2.412322,0.30813,-1.061433,-0.924407
768,0.130976,0.002183,0.30783,-0.184467,0.907046,-0.37853,-0.41888,-0.4209,-0.804583,-0.888894,0.009008,0.458053,0.003867,0.020882,0.021487,0.001134,-0.048344,0.071672,-1.553446,-0.122193,0.01835,0.339359,-0.096318,0.892991,0.439637,-0.916426,-0.251806,0.310953,0.388507,-0.374059,0.842025,-0.000794,0.005099,0.004064,0.002098,-0.015017,0.024505,0.471453,0.058658,0.028297,-0.006883,-0.005391,-0.913734,0.406276,0.955468,0.115166,0.27169,-0.295041,0.389649,0.872423,0.000407,-0.003032,0.006055,-0.037198,-0.00561,0.005769,0.454966,0.080561,0.025203,-0.085818,-0.404327,0.869621,-0.283332,-0.39384,-0.445133,-0.804204,-0.825475,-0.213574,0.522471,0.001988,0.010782,0.011103,0.005412,-0.048803,0.0736,-0.930286
769,0.130916,0.002584,0.308326,-0.184847,0.906715,-0.379137,-0.421179,-0.421584,-0.803024,-0.887728,0.010117,0.460286,0.003977,0.012651,0.032406,-0.034,-0.031842,0.05525,-1.558712,-0.122132,0.018268,0.339529,-0.09634,0.893019,0.439575,-0.916234,-0.251984,0.311372,0.388954,-0.373871,0.841902,0.001133,-0.008022,0.010556,-0.036331,0.006884,-0.020094,0.470748,0.058688,0.028258,-0.00679,-0.0054,-0.913758,0.406221,0.955308,0.115352,0.272174,-0.29556,0.389537,0.872298,0.000574,-0.004099,0.005206,-0.0365,0.007317,-0.019524,0.45464,0.080527,0.02541,-0.085563,-0.40467,0.869265,-0.283934,-0.39581,-0.446399,-0.802534,-0.824364,-0.212377,0.524708,-0.004818,0.01309,0.013279,0.006111,-0.034196,0.044725,-0.935184
