frame,MLTx,MLTy,MLTz,MLTR1,MLTR2,MLTR3,MLTR4,MLTR5,MLTR6,MLTR7,MLTR8,MLTR9,MLTTVx,MLTTVy,MLTTVz,MLTRVx,MLTRVy,MLTRVz,MLGA,MRTx,MRTy,MRTz,MRTR1,MRTR2,MRTR3,MRTR4,MRTR5,MRTR6,MRTR7,MRTR8,MRTR9,MRTTVx,MRTTVy,MRTTVz,MRTRVx,MRTRVy,MRTRVz,MRGA,SLTx,SLTy,SLTz,SLTR1,SLTR2,SLTR3,SLTR4,SLTR5,SLTR6,SLTR7,SLTR8,SLTR9,SLTTVx,SLTTVy,SLTTVz,SLTRVx,SLTRVy,SLTRVz,SLGA,SRTx,SRTy,SRTz,SRTR1,SRTR2,SRTR3,SRTR4,SRTR5,SRTR6,SRTR7,SRTR8,SRTR9,SRTTVx,SRTTVy,SRTTVz,SRTRVx,SRTRVy,SRTRVz,SRGA
217,0.175759,-0.036654,0.29695,-0.409493,0.455435,-0.790532,-0.816865,-0.568872,0.095333,-0.405791,0.684228,0.605965,0.000353,0.006886,0.008673,-0.076302,-0.151666,-0.286113,-1.917594,-0.142318,-0.026109,0.287194,-0.489232,-0.241253,0.838117,0.669847,-0.719267,0.184104,0.559004,0.651777,0.51241,0.019947,-0.037768,0.038853,1.3372,0.300268,0.340597,-1.406086,0.054542,0.029999,-0.024373,0.503201,0.353382,0.788612,-0.69714,0.70527,0.128799,-0.510669,-0.614585,0.601249,0.009352,-0.013879,0.014631,0.030177,-0.102291,-0.575683,-1.023303,0.087084,0.024337,-0.069064,0.418679,-0.459439,-0.78334,0.812874,0.574186,0.097697,0.404898,-0.677661,0.613866,-0.007598,0.003379,0.004486,-0.137831,-0.41536,-0.239572,-1.129337
218,0.175706,-0.03648,0.297087,-0.409554,0.450424,-0.793366,-0.816334,-0.569143,0.09822,-0.406796,0.687316,0.601781,0.000346,0.006748,0.008486,-0.065326,-0.235925,-0.10509,-1.917577,-0.14192,-0.026734,0.287789,-0.484024,-0.245507,0.839904,0.666696,-0.72507,0.172403,0.567246,0.643711,0.513547,0.018853,-0.028611,0.028211,4.782462,0.626943,2.137762,-1.406128,0.054754,0.029667,-0.024061,0.497489,0.355911,0.791094,-0.694751,0.709559,0.117673,-0.519447,-0.608155,0.600268,0.010078,-0.020577,0.017226,-0.169345,0.203249,-0.398921,-1.024283,0.087058,0.024424,-0.068995,0.418883,-0.454002,-0.786395,0.812236,0.574524,0.100963,0.405967,-0.68103,0.609415,0.000163,0.003236,0.004072,-0.106567,-0.357358,-0.173198,-1.129663
219,0.175625,-0.036117,0.297379,-0.410232,0.440269,-0.798698,-0.815058,-0.569864,0.104441,-0.408664,0.69328,0.593619,0.000406,0.007883,0.009882,-0.05427,-0.198954,-0.083454,-1.917831,-0.141274,-0.027914,0.288768,-0.473202,-0.254414,0.843412,0.663482,-0.732674,0.151377,0.580003,0.631536,0.514415,0.019088,-0.031272,0.024779,0.030612,-0.03083,-0.514566,-1.40615,0.055077,0.029073,-0.023576,0.488101,0.36372,0.793388,-0.688515,0.719116,0.093911,-0.536381,-0.592097,0.601427,0.008891,-0.010114,0.00827,0.194706,-0.190366,-0.307036,-1.025589,0.087018,0.024606,-0.068849,0.419576,-0.443452,-0.792025,0.810836,0.575331,0.107416,0.408043,-0.687272,0.600962,-0.00755,0.004095,0.005363,-0.063096,-0.1009,-0.296906,-1.132113
220,0.175523,-0.035593,0.297706,-0.408719,0.434945,-0.802382,-0.817118,-0.565978,0.109361,-0.406063,0.699796,0.587729,0.000259,0.020924,0.004016,0.024731,-0.066216,0.020315,-1.917597,-0.140851,-0.029016,0.289407,-0.460406,-0.261504,0.848312,0.655291,-0.744713,0.126215,0.599295,0.614326,0.513138,0.002784,-0.02545,0.012093,0.089509,-0.149007,-0.469191,-1.406102,0.055296,0.02851,-0.023247,0.474822,0.37056,0.798266,-0.681767,0.72846,0.06737,-0.55654,-0.57622,0.598525,0.00139,-0.012943,0.005755,0.109691,-0.201487,-0.493755,-1.028365,0.086967,0.02487,-0.068683,0.41811,-0.437889,-0.795887,0.812793,0.571584,0.112512,0.405649,-0.693934,0.594898,0.000131,0.010575,0.00215,0.049235,-0.01461,0.045067,-1.125091
221,0.17545,-0.035306,0.297901,-0.408995,0.43236,-0.803638,-0.81668,-0.566313,0.110888,-0.406666,0.701128,0.585722,0.000556,0.010749,0.013385,-0.002704,-0.044002,0.040957,-1.917018,-0.140666,-0.029543,0.289619,-0.455275,-0.258759,0.851915,0.646182,-0.754213,0.116379,0.612957,0.603799,0.509483,0.018292,-0.025714,0.009488,0.347081,0.26495,-0.155084,-1.405995,0.055381,0.028257,-0.023145,0.47013,0.369008,0.801753,-0.673639,0.736948,0.055825,-0.570251,-0.566338,0.59504,0.001448,-0.013566,0.004953,1.355499,0.404202,0.572704,-1.029508,0.08693,0.025009,-0.068591,0.418431,-0.435422,-0.79707,0.812314,0.571974,0.113976,0.406276,-0.695163,0.593031,-0.007604,0.010698,0.002513,0.048734,0.010219,0.023008,-1.125254
222,0.175248,-0.034711,0.298333,-0.408261,0.432419,-0.803979,-0.816741,-0.566389,0.110044,-0.40728,0.70103,0.585412,0.000645,0.012364,0.015318,0.001616,-0.029621,0.049419,-1.91724,-0.140359,-0.030464,0.289881,-0.44735,-0.248318,0.85919,0.621638,-0.776949,0.099249,0.643436,0.578814,0.500826,0.001727,-0.017013,0.000498,5.647468,2.380661,0.597907,-1.406025,0.055541,0.02779,-0.023014,0.463728,0.360408,0.809359,-0.654344,0.755209,0.038616,-0.597318,-0.547507,0.586042,0.001491,-0.014046,0.004328,-0.087467,0.138545,-0.212407,-1.026242,0.086829,0.025305,-0.068377,0.417697,-0.435853,-0.79722,0.812398,0.572071,0.112889,0.406863,-0.694814,0.593039,-0.007419,0.006078,0.007756,0.000319,-0.01383,0.020905,-1.124438
223,0.17496,-0.034009,0.298897,-0.406654,0.432582,-0.804705,-0.817122,-0.566132,0.10853,-0.408122,0.701137,0.584697,-0.014588,0.015924,0.020044,0.001435,-0.02975,0.044556,-1.917674,-0.139903,-0.031262,0.289958,-0.43252,-0.24212,0.868502,0.604653,-0.792384,0.080354,0.669247,0.5602,0.488004,0.000544,-0.006987,-0.009065,0.502178,0.311391,-0.127795,-1.405935,0.055769,0.027384,-0.022977,0.44835,0.352789,0.821292,-0.634738,0.772588,0.01464,-0.629356,-0.527869,0.570319,0.000272,-0.003563,-0.004633,0.509659,0.319135,-0.133098,-1.02216,0.086685,0.025658,-0.068093,0.416045,-0.436059,-0.797971,0.812826,0.571765,0.111344,0.407699,-0.694936,0.592321,-0.007296,0.008088,0.01018,0.00093,-0.029667,0.044973,-1.128357
224,0.174554,-0.033309,0.299687,-0.404979,0.432743,-0.805464,-0.817674,-0.565592,0.107183,-0.408684,0.701473,0.5839,-0.014465,0.01733,0.021603,0.000624,-0.014935,0.019849,-1.917373,-0.139283,-0.031633,0.289846,-0.422066,-0.231324,0.87655,0.594188,-0.800789,0.074907,0.685106,0.552741,0.47431,0.015708,-0.001998,-0.004914,-0.109371,0.416362,0.089716,-1.406013,0.056074,0.027193,-0.023039,0.438934,0.343291,0.830354,-0.624707,0.780823,0.007413,-0.645815,-0.521982,0.557186,0.007866,-0.001198,-0.002727,-0.098227,0.609215,0.230027,-1.020854,0.086488,0.026004,-0.067703,0.414384,-0.436243,-0.798734,0.813399,0.571207,0.110017,0.408248,-0.695279,0.591539,-0.007228,0.008965,0.011177,0.001085,-0.029719,0.044817,-1.126887
225,0.17433,-0.033017,0.300115,-0.404373,0.432791,-0.805742,-0.817933,-0.565291,0.106789,-0.408766,0.701686,0.583588,-0.014441,0.017314,0.0215,0.000622,-0.01493,0.019852,-1.917476,-0.138967,-0.031646,0.289765,-0.420073,-0.224643,0.879241,0.590398,-0.803395,0.07694,0.689594,0.551704,0.468984,0.015636,-0.001025,-0.003659,-0.105259,0.320615,-0.023551,-1.405791,0.056232,0.027186,-0.02308,0.437176,0.335872,0.834305,-0.620926,0.783807,0.009823,-0.650635,-0.522337,0.551213,0.007773,4e-05,-0.001122,-0.124307,0.346978,0.030376,-1.014975,0.086376,0.026152,-0.067486,0.413777,-0.436301,-0.799017,0.813667,0.570899,0.109627,0.408328,-0.695496,0.591229,-0.007217,0.008977,0.011152,0.000341,-0.014884,0.02007,-1.126561
226,0.173736,-0.032467,0.301092,-0.403449,0.432833,-0.806183,-0.81845,-0.564618,0.106383,-0.408645,0.7022,0.583053,-0.014174,0.005989,0.029295,-0.035073,-0.002614,0.001248,-1.917488,-0.13819,-0.03148,0.289691,-0.414395,-0.200477,0.887737,0.582128,-0.80813,0.089368,0.699983,0.554061,0.450448,0.029398,0.016049,-0.006383,-0.122063,0.340274,0.358591,-1.405789,0.056615,0.02726,-0.02312,0.43256,0.312636,0.845665,-0.612619,0.790092,0.021265,-0.661505,-0.527268,0.533289,0.007668,0.001317,0.00053,-0.211175,0.567545,0.17378,-1.021017,0.086084,0.026427,-0.067006,0.412853,-0.436357,-0.799464,0.814188,0.570236,0.109215,0.408226,-0.696004,0.590701,-0.007194,0.008908,0.010975,0.001229,-0.029688,0.044715,-1.121336
227,0.173118,-0.032076,0.302002,-0.402755,0.432847,-0.806523,-0.818969,-0.563886,0.106277,-0.408291,0.70278,0.582602,-0.014303,0.002996,0.025551,-0.035872,0.012244,-0.023438,-1.917202,-0.137366,-0.031194,0.28973,-0.402294,-0.172769,0.899056,0.575081,-0.811739,0.101465,0.712745,0.558064,0.424761,0.030562,0.006318,0.003503,1.228689,0.912561,0.82691,-1.406089,0.057027,0.027409,-0.0231,0.422092,0.287169,0.859867,-0.606627,0.794321,0.032502,-0.673678,-0.535338,0.509481,0.007615,0.002045,0.001498,4.626035,1.443402,2.722488,-1.014322,0.08577,0.026635,-0.066535,0.412122,-0.436385,-0.799826,0.81473,0.569484,0.109091,0.407883,-0.696602,0.590233,-0.007246,0.007525,0.009237,0.00048,-0.014856,0.019961,-1.11709
228,0.17279,-0.031946,0.302426,-0.402499,0.432841,-0.806653,-0.819227,-0.563499,0.10634,-0.408026,0.703094,0.58241,-0.014345,0.001984,0.024285,-0.035075,-0.002514,0.001301,-1.916799,-0.136948,-0.03105,0.28975,-0.396018,-0.159067,0.904355,0.572004,-0.813123,0.107588,0.718707,0.5601,0.411838,0.029272,0.016984,-0.005221,-0.301028,0.86708,0.429183,-1.405896,0.057247,0.027486,-0.023086,0.416907,0.274019,0.866661,-0.602099,0.797541,0.037475,-0.680929,-0.537439,0.497487,0.014627,0.00857,-0.002528,-0.275637,0.80018,0.387666,-1.012853,0.085607,0.0267,-0.066324,0.411885,-0.43638,-0.79995,0.814984,0.569105,0.109174,0.407614,-0.696915,0.590049,-0.007208,0.000603,0.011688,-0.035174,-0.002498,0.001367,-1.114804
229,0.17215,-0.031821,0.303077,-0.40258,0.432754,-0.806659,-0.819505,-0.562989,0.106895,-0.407388,0.703555,0.582299,-0.014664,-0.003739,0.017394,-0.035871,0.012318,-0.023401,-1.91708,-0.136082,-0.030735,0.289784,-0.382738,-0.132775,0.914261,0.561692,-0.81909,0.116314,0.73387,0.558216,0.386903,0.030523,0.006367,0.003504,-0.248822,0.855837,0.174311,-1.405885,0.05768,0.027644,-0.023068,0.404859,0.247782,0.880166,-0.591784,0.804802,0.045643,-0.697051,-0.539348,0.472465,0.015253,0.003261,0.001836,-0.291983,0.959172,0.242918,-1.003218,0.085287,0.026769,-0.065991,0.411945,-0.436297,-0.799965,0.81527,0.56859,0.10972,0.406982,-0.697387,0.589928,-0.007459,0.003435,0.004291,-0.00105,0.014727,-0.029504,-1.115784
230,0.171569,-0.031906,0.303521,-0.402678,0.432679,-0.806651,-0.819812,-0.562427,0.107502,-0.406675,0.704051,0.582199,-0.014929,-0.008116,0.012164,-0.036662,0.027104,-0.048129,-1.917234,-0.135318,-0.03014,0.2897,-0.370062,-0.109959,0.922472,0.559975,-0.81865,0.127182,0.741631,0.563762,0.363343,0.029037,0.018655,-0.003126,-0.135004,0.545656,0.018482,-1.405574,0.058062,0.027941,-0.023111,0.393041,0.224112,0.891791,-0.589736,0.805548,0.057477,-0.705499,-0.548512,0.44878,0.01452,0.009349,-0.001553,-0.110228,0.487108,-0.025204,-1.001749,0.084996,0.026728,-0.065767,0.412021,-0.436226,-0.799965,0.815584,0.568024,0.110318,0.406276,-0.697893,0.589817,-0.007475,-0.004102,0.00604,-0.035914,0.012366,-0.023349,-1.115783
231,0.171138,-0.032144,0.303732,-0.402752,0.432629,-0.80664,-0.820098,-0.561907,0.108035,-0.406024,0.704496,0.582114,-0.015341,-0.000443,-0.000167,-0.000984,0.014715,-0.029553,-1.916559,-0.134732,-0.029359,0.289409,-0.365839,-0.085916,0.926699,0.561297,-0.81456,0.146191,0.742722,0.573741,0.345035,0.012461,0.026072,-0.013651,-0.106934,0.313347,0.109365,-1.405872,0.05835,0.028326,-0.023246,0.390047,0.200487,0.898703,-0.590284,0.80352,0.076937,-0.706701,-0.560499,0.431755,0.006901,0.007607,-0.002615,-0.275545,-0.080971,0.592913,-1.005015,0.08478,0.026604,-0.065659,0.412108,-0.436175,-0.799948,0.815876,0.567494,0.110884,0.405602,-0.698355,0.589734,5.1e-05,-0.006133,0.003443,-0.030248,-0.089211,0.152337,-1.115294
232,0.170977,-0.032292,0.303786,-0.402992,0.432585,-0.806544,-0.820158,-0.561742,0.108442,-0.405666,0.704655,0.582172,-0.015249,-0.012929,0.006435,-0.03745,0.041835,-0.072891,-1.91725,-0.134496,-0.028883,0.289152,-0.369639,-0.073247,0.92628,0.560805,-0.812364,0.159678,0.741215,0.578573,0.340172,0.012514,0.025329,-0.014616,-0.648555,-0.973932,2.221253,-1.406047,0.058468,0.028564,-0.023374,0.392457,0.190271,0.899874,-0.589741,0.802844,0.087446,-0.70582,-0.565011,0.427292,0.006259,0.01272,-0.007248,-0.188161,0.818425,0.151115,-1.009097,0.0847,0.026534,-0.065636,0.412312,-0.436134,-0.799865,0.815935,0.567338,0.11125,0.405274,-0.698508,0.589777,-4.8e-05,-0.000691,-0.000813,-3.5e-05,1e-06,1e-06,-1.115294
233,0.170861,-0.032551,0.303866,-0.402985,0.432588,-0.806546,-0.820417,-0.561293,0.108802,-0.405148,0.70501,0.582102,-0.000111,-0.00172,-0.002045,0.0,0.0,0.0,-1.916819,-0.134239,-0.027724,0.288415,-0.37882,-0.059074,0.923578,0.559212,-0.809714,0.177703,0.737783,0.583865,0.338588,-0.004115,0.033741,-0.023804,-0.147858,-0.064936,0.533587,-1.406062,0.058602,0.029141,-0.023739,0.403856,0.175151,0.897898,-0.587128,0.802314,0.107572,-0.701556,-0.570625,0.426855,0.00562,0.01767,-0.012084,-0.527313,-1.019005,1.961243,-1.010403,0.084636,0.026396,-0.065597,0.412361,-0.436128,-0.799843,0.816184,0.566896,0.111676,0.404723,-0.69887,0.589727,2.4e-05,-0.006551,0.00294,-0.03649,0.027101,-0.043361,-1.116763
234,0.170908,-0.032763,0.303967,-0.402784,0.432639,-0.806619,-0.82073,-0.560802,0.108972,-0.404715,0.705369,0.581969,-4.1e-05,-0.000638,-0.000759,0.0,0.0,0.0,-1.917081,-0.134402,-0.026206,0.287137,-0.389606,-0.040887,0.920069,0.554631,-0.807888,0.199083,0.735633,0.587911,0.336256,-0.005056,0.040548,-0.037475,-0.054227,0.566127,0.289674,-1.405735,0.058522,0.029886,-0.024353,0.416373,0.158873,0.895205,-0.581893,0.803109,0.128119,-0.698593,-0.574259,0.42684,-0.002541,0.0206,-0.018314,-0.058562,-0.337742,0.697212,-1.017098,0.084659,0.026292,-0.065552,0.412145,-0.436183,-0.799925,0.816494,0.56642,0.111825,0.404318,-0.699222,0.589588,-3.2e-05,-0.000456,-0.000542,-1.5e-05,4e-06,0.0,-1.118886
235,0.170967,-0.032855,0.304033,-0.402702,0.432666,-0.806646,-0.820881,-0.560563,0.109069,-0.404491,0.705542,0.581914,-1e-06,-1.1e-05,-1.3e-05,0.0,0.0,0.0,-1.917064,-0.134512,-0.025403,0.28639,-0.396341,-0.029419,0.917627,0.550471,-0.807448,0.211998,0.735168,0.589184,0.335042,-0.006306,0.050558,-0.047002,-0.362469,-1.311094,2.492309,-1.406035,0.058466,0.030299,-0.024738,0.420188,0.14619,0.895583,-0.577954,0.803983,0.139926,-0.699578,-0.576402,0.422315,-0.002439,0.019586,-0.019626,0.020352,0.378494,0.298175,-1.015792,0.084689,0.02624,-0.065518,0.412078,-0.43621,-0.799944,0.81665,0.566169,0.111952,0.40407,-0.699408,0.589537,9.3e-05,-0.005499,0.004188,-0.035694,0.012359,-0.018598,-1.118069
236,0.171086,-0.033022,0.304186,-0.402615,0.432711,-0.806665,-0.821153,-0.560114,0.109324,-0.404025,0.705871,0.581839,4.1e-05,0.000646,0.000768,0.0,0.0,0.0,-1.916949,-0.134923,-0.023601,0.284484,-0.396592,0.001417,0.917989,0.541865,-0.806765,0.235469,0.741405,0.590805,0.318012,-0.007361,0.058643,-0.059033,0.054635,0.445955,0.416442,-1.406075,0.05826,0.031196,-0.025687,0.424151,0.114654,0.898303,-0.568043,0.806225,0.16531,-0.705282,-0.580392,0.407089,-0.010557,0.022359,-0.026082,-0.000258,0.457174,0.595071,-1.014812,0.084748,0.026157,-0.065442,0.411991,-0.436255,-0.799964,0.816924,0.565723,0.112212,0.403606,-0.699741,0.58946,0.00012,-0.005093,0.004671,-0.035676,0.01236,-0.018595,-1.11709
237,0.171146,-0.033188,0.304308,-0.402398,0.432763,-0.806745,-0.82145,-0.559654,0.109451,-0.403639,0.706204,0.581704,0.000139,-0.011847,0.007367,-0.035678,0.012344,-0.018606,-1.916983,-0.135462,-0.021714,0.2823,-0.395144,0.037747,0.917839,0.532537,-0.804638,0.262482,0.748903,0.592449,0.296669,-0.005724,0.04472,-0.05464,-0.06733,0.700325,0.5369,-1.405782,0.05799,0.032144,-0.026781,0.424563,0.079448,0.901905,-0.557808,0.807588,0.191443,-0.713158,-0.58437,0.387188,-0.010462,0.02156,-0.027147,-0.167393,0.964327,0.667194,-1.02118,0.084778,0.026081,-0.065379,0.41176,-0.436311,-0.800053,0.817217,0.565278,0.112318,0.403248,-0.700065,0.58932,-3.7e-05,-0.000556,-0.000663,-1e-05,1.1e-05,-1.5e-05,-1.1166
238,0.171102,-0.033334,0.30441,-0.402312,0.435317,-0.805413,-0.821886,-0.559256,0.108203,-0.402837,0.704946,0.583782,-1e-06,-1e-05,-1.2e-05,0.009096,0.031347,0.01819,-1.916769,-0.135886,-0.019814,0.280045,-0.396204,0.071962,0.915334,0.522651,-0.801885,0.289399,0.755286,0.592965,0.278925,-0.005814,0.045719,-0.053368,-0.01669,0.47442,0.513238,-1.406026,0.057781,0.033071,-0.027896,0.426587,0.045253,0.903313,-0.547179,0.808149,0.217918,-0.720151,-0.587235,0.369507,-0.002858,0.022629,-0.02698,-0.202067,0.308132,1.379993,-1.020364,0.084756,0.026002,-0.065328,0.411707,-0.439122,-0.798541,0.817662,0.564912,0.110917,0.4024,-0.698602,0.591631,-0.007664,0.000109,0.00031,0.001615,-0.077359,0.150354,-1.117906
239,0.17108,-0.033392,0.304454,-0.402464,0.435299,-0.805347,-0.821905,-0.559185,0.108427,-0.402647,0.705014,0.583831,-0.0,-0.0,-0.0,0.000133,0.000458,0.000266,-1.91733,-0.136012,-0.019,0.279059,-0.396176,0.087355,0.914005,0.518317,-0.800319,0.301281,0.758282,0.59299,0.270618,-0.004393,0.03386,-0.046298,-0.101994,0.610529,0.703058,-1.405538,0.057715,0.0335,-0.028411,0.427705,0.03058,0.9034,-0.542183,0.80836,0.229327,-0.72326,-0.587893,0.36232,-0.002871,0.022869,-0.026672,0.119114,0.202783,0.192022,-1.023466,0.084745,0.025973,-0.065306,0.411838,-0.438912,-0.798589,0.817698,0.564788,0.11128,0.402192,-0.698834,0.591499,9.4e-05,-0.005516,0.004169,-0.039163,0.00496,-0.022034,-1.119213
240,0.171046,-0.033447,0.304487,-0.402507,0.435293,-0.805329,-0.821953,-0.55909,0.108553,-0.402506,0.705092,0.583833,-3.2e-05,-0.000502,-0.000597,0.0,0.0,0.0,-1.917,-0.136137,-0.017545,0.277303,-0.402086,0.102981,0.909787,0.519128,-0.792775,0.319294,0.754613,0.600544,0.264137,-0.004706,0.03714,-0.041985,0.090634,0.0533,0.347583,-1.405419,0.057651,0.034236,-0.029313,0.433607,0.012503,0.901015,-0.541813,0.802579,0.249606,-0.720016,-0.596413,0.354778,-0.002331,0.018671,-0.020853,0.12292,-0.005062,0.301675,-1.016772,0.084728,0.025947,-0.065289,0.411881,-0.438834,-0.798609,0.817742,0.564689,0.111453,0.402057,-0.698963,0.591439,-1.9e-05,-0.000283,-0.000334,4e-05,-0.00015,-0.000126,-1.120192
241,0.171057,-0.033452,0.304479,-0.402368,0.435313,-0.805387,-0.822004,-0.559036,0.108444,-0.40254,0.705123,0.583773,-1.2e-05,-0.000189,-0.000225,0.0,0.0,0.0,-1.916901,-0.136134,-0.016361,0.276078,-0.40959,0.109822,0.905631,0.521255,-0.78645,0.331244,0.749097,0.607595,0.263716,0.011409,0.032118,-0.02826,-0.357286,-0.221936,0.153221,-1.405237,0.057654,0.034825,-0.029929,0.441377,0.005778,0.897302,-0.543157,0.797694,0.262038,-0.714259,-0.603034,0.355222,0.005705,0.016308,-0.013802,-0.341299,-0.261711,0.122292,-1.019547,0.084734,0.025943,-0.065293,0.411745,-0.438853,-0.798669,0.817792,0.564638,0.111346,0.402095,-0.698993,0.591378,-8e-06,-0.000117,-0.000137,6.7e-05,-0.0,-4.6e-05,-1.118886
242,0.171067,-0.033469,0.304459,-0.402268,0.435328,-0.805429,-0.822041,-0.558997,0.108366,-0.402565,0.705144,0.58373,-8.1e-05,-0.00127,-0.001511,0.0,0.0,0.0,-1.916795,-0.136111,-0.015892,0.275696,-0.413099,0.111233,0.903863,0.518438,-0.78717,0.333945,0.74913,0.606403,0.266353,-0.002584,0.020956,-0.017813,0.08506,-0.113626,0.177883,-1.405426,0.057667,0.035052,-0.030114,0.444803,0.004765,0.895615,-0.540492,0.798796,0.264182,-0.714155,-0.601582,0.357882,0.006251,0.012016,-0.008083,0.096228,-0.160002,0.218645,-1.020364,0.084739,0.025937,-0.065301,0.411646,-0.438868,-0.798712,0.81783,0.5646,0.111269,0.40212,-0.699014,0.591335,-4.9e-05,-0.000751,-0.000893,-0.000743,0.014623,-0.024861,-1.119376
243,0.171053,-0.033509,0.304412,-0.402293,0.435323,-0.805419,-0.822032,-0.559007,0.108386,-0.402559,0.70514,0.583739,-6.5e-05,-0.001023,-0.001217,0.0,0.0,0.0,-1.916813,-0.136088,-0.015302,0.275403,-0.420668,0.117012,0.899632,0.513421,-0.786766,0.342536,0.748381,0.605831,0.269737,-0.00023,0.0024,0.003197,-0.00027,0.000686,0.000499,-1.405602,0.057677,0.035353,-0.030268,0.452624,-0.001114,0.8917,-0.535131,0.799566,0.272629,-0.713277,-0.600575,0.361307,-0.000843,0.007398,-0.001575,0.057023,-0.146529,0.198387,-1.020364,0.084732,0.025915,-0.065326,0.411672,-0.438862,-0.798702,0.817819,0.564612,0.111288,0.402116,-0.699008,0.591345,-4e-05,-0.00064,-0.00076,4.2e-05,9e-06,-1.9e-05,-1.120846
244,0.17104,-0.033543,0.304372,-0.402298,0.435321,-0.805418,-0.82203,-0.559009,0.10839,-0.402558,0.705139,0.58374,-3.9e-05,-0.000616,-0.000733,0.0,0.0,0.0,-1.917038,-0.136066,-0.01506,0.275667,-0.423936,0.121188,0.897543,0.511374,-0.785805,0.347765,0.747943,0.606252,0.270008,-0.000717,0.007468,0.009922,-0.025552,-0.023712,0.263548,-1.405581,0.057689,0.035474,-0.030137,0.455998,-0.005283,0.889964,-0.53298,0.799213,0.277831,-0.712739,-0.601024,0.361624,-0.000386,0.004012,0.005331,-0.026533,-0.022236,0.264488,-1.021834,0.084725,0.025897,-0.065347,0.411677,-0.438859,-0.798701,0.817816,0.564615,0.111293,0.402117,-0.699007,0.591345,-2.2e-05,-0.000362,-0.000429,2.8e-05,4e-06,-7e-06,-1.121172
245,0.170981,-0.033565,0.304348,-0.402354,0.435306,-0.805398,-0.822008,-0.559033,0.108437,-0.402548,0.705131,0.583759,-3.7e-05,-0.000583,-0.000694,0.0,0.0,0.0,-1.917072,-0.136037,-0.014856,0.276237,-0.423867,0.121223,0.89757,0.511545,-0.785674,0.347809,0.747864,0.606414,0.269859,-0.001006,0.010459,0.013836,0.00421,-0.032662,0.047298,-1.405853,0.057703,0.035578,-0.02985,0.455945,-0.005286,0.889992,-0.5331,0.799125,0.277855,-0.712683,-0.601141,0.361539,-0.000526,0.005396,0.007137,0.004497,-0.034759,0.046054,-1.018894,0.084696,0.025887,-0.065359,0.411734,-0.438843,-0.798681,0.817793,0.56464,0.111339,0.402106,-0.698998,0.591364,-0.007688,-0.000239,-0.000106,-0.000976,0.014707,-0.029562,-1.121009
246,0.170934,-0.033575,0.304336,-0.402484,0.435282,-0.805346,-0.821959,-0.559085,0.108541,-0.402517,0.705104,0.583812,-1.7e-05,-0.000267,-0.000318,0.0,0.0,0.0,-1.917376,-0.136055,-0.014762,0.276602,-0.424547,0.121428,0.897221,0.511509,-0.78541,0.348459,0.747504,0.606715,0.270181,0.000302,-0.000173,0.022486,-0.032333,-0.023387,0.028605,-1.405239,0.057695,0.035622,-0.029679,0.456568,-0.005462,0.889671,-0.533052,0.798946,0.27846,-0.71232,-0.601377,0.361862,0.000179,-0.000478,0.010731,-0.034857,-0.007493,0.00454,-1.016935,0.084672,0.025881,-0.065366,0.411863,-0.438818,-0.798627,0.817742,0.564692,0.111442,0.402076,-0.698971,0.591416,-1.1e-05,-0.000169,-0.000199,6e-06,-3e-06,-1.5e-05,-1.121009
247,0.17075,-0.033592,0.304336,-0.402765,0.43522,-0.805239,-0.821861,-0.55918,0.108785,-0.402434,0.705067,0.583914,-0.015147,-0.010811,0.008952,-0.03666,0.027069,-0.048156,-1.916406,-0.136074,-0.014525,0.277305,-0.428533,0.122704,0.895151,0.510291,-0.784634,0.351974,0.746064,0.60746,0.272478,-0.001118,0.011612,0.015239,-0.010327,0.079986,-0.115948,-1.405389,0.057685,0.035743,-0.029315,0.460715,-0.006854,0.887521,-0.531647,0.798589,0.282146,-0.710698,-0.601837,0.364278,0.000142,-0.000115,0.01117,-0.034421,-0.005126,0.002262,-1.017262,0.08458,0.025872,-0.065366,0.412144,-0.438754,-0.798518,0.817642,0.564789,0.111685,0.401993,-0.698933,0.591518,-0.007572,-0.005382,0.004507,-0.036653,0.027071,-0.048161,-1.121662
248,0.170507,-0.033611,0.30432,-0.402912,0.435168,-0.805194,-0.821801,-0.559243,0.108912,-0.40241,0.705049,0.583952,-0.0154,-0.000782,-0.000586,-0.000984,0.014715,-0.029553,-1.916609,-0.136066,-0.014316,0.278016,-0.441006,0.123756,0.888926,0.506065,-0.783598,0.360286,0.741674,0.608581,0.281801,0.000387,-0.001073,0.021155,0.004521,-0.259524,0.128963,-1.405409,0.057688,0.035856,-0.028957,0.472767,-0.008072,0.88115,-0.52717,0.798685,0.290161,-0.706103,-0.601695,0.373336,-0.000541,0.005497,0.007177,0.037901,-0.710755,0.681687,-1.018404,0.084464,0.025865,-0.065372,0.412267,-0.438705,-0.798481,0.81759,0.564844,0.111794,0.401973,-0.698919,0.591547,-4.2e-05,-0.00066,-0.000782,8e-06,5e-06,0.0,-1.122315
249,0.170355,-0.033648,0.304279,-0.402936,0.435144,-0.805194,-0.821788,-0.559257,0.10894,-0.402411,0.705052,0.583947,-0.015478,-0.001918,-0.001943,-0.000984,0.014715,-0.029553,-1.916496,-0.136047,-0.014247,0.27839,-0.444807,0.124991,0.886857,0.504739,-0.782911,0.363624,0.74031,0.60921,0.284018,0.000301,-0.000195,0.022263,-0.031703,-0.024884,0.027525,-1.405162,0.057698,0.035888,-0.028774,0.476766,-0.009238,0.878981,-0.525709,0.798413,0.29354,-0.704502,-0.602038,0.3758,0.000161,-0.000318,0.010845,-0.026,-0.104609,0.169778,-1.019058,0.084383,0.025847,-0.065391,0.412314,-0.438677,-0.798473,0.817568,0.564866,0.111839,0.40197,-0.698918,0.59155,-0.007744,-0.001053,-0.001081,-0.000987,0.014719,-0.029567,-1.122642
250,0.170009,-0.03381,0.304078,-0.401125,0.435069,-0.806139,-0.821879,-0.559514,0.106924,-0.404035,0.704896,0.583015,-0.015717,-0.00531,-0.006007,-0.001774,0.029344,-0.054371,-1.916598,-0.135873,-0.014173,0.279334,-0.454762,0.116487,0.882957,0.502858,-0.78458,0.362632,0.735536,0.608761,0.297087,0.015068,0.0046,0.026008,0.085133,-0.314622,-0.141905,-1.404648,0.05778,0.035919,-0.028308,0.486021,-0.00141,0.873945,-0.523828,0.799992,0.292603,-0.699562,-0.600008,0.388074,0.000666,-0.004167,0.017037,0.116008,-0.509123,-0.10348,-1.017588,0.08421,0.025769,-0.065489,0.410489,-0.438619,-0.799444,0.817676,0.56511,0.109801,0.403613,-0.698758,0.590619,-0.007864,-0.002778,-0.003142,-0.003017,0.030886,-0.056349,-1.123295
251,0.169618,-0.034147,0.303682,-0.397904,0.432368,-0.809182,-0.82171,-0.560184,0.104678,-0.407545,0.706026,0.579191,-0.000762,-0.0111,-0.013312,-0.025697,-0.054144,-0.097369,-1.916253,-0.135736,-0.014343,0.280643,-0.464586,0.102033,0.879625,0.502517,-0.787431,0.35688,0.729613,0.607694,0.313426,0.001143,-0.0061,0.036813,0.039915,-0.269901,-0.174406,-1.405037,0.057854,0.035838,-0.027657,0.495377,0.013769,0.868568,-0.52376,0.802421,0.285999,-0.69302,-0.596599,0.404712,0.000517,-0.002697,0.018861,0.06291,-0.426199,-0.008381,-1.015465,0.084015,0.025609,-0.065676,0.407166,-0.435866,-0.802642,0.817585,0.56567,0.107565,0.407148,-0.700025,0.58668,-0.008049,-0.005339,-0.006229,-0.029134,-0.058483,-0.112604,-1.124111
252,0.169174,-0.034766,0.302995,-0.398621,0.427385,-0.811473,-0.81492,-0.570935,0.09955,-0.420264,0.700435,0.576884,-0.001258,-0.017914,-0.021631,4.483074,-0.520956,-3.237775,-1.916541,-0.135676,-0.014806,0.282391,-0.475685,0.079236,0.876034,0.503549,-0.79197,0.34519,0.721714,0.605223,0.335703,0.002181,-0.013952,0.048837,0.221456,-0.789938,-0.383062,-1.404499,0.057884,0.035609,-0.026789,0.504704,0.034356,0.862607,-0.52528,0.805175,0.275268,-0.685093,-0.59204,0.424422,0.001058,-0.006934,0.024477,0.015716,-0.199258,-0.201185,-1.021017,0.083793,0.025304,-0.066014,0.405399,-0.433332,-0.804906,0.814108,0.571632,0.102288,0.415786,-0.696748,0.584519,-0.008354,-0.009418,-0.011207,-0.006492,0.064984,-0.108941,-1.123785
253,0.168892,-0.035209,0.30253,-0.398331,0.422314,-0.814265,-0.811203,-0.57651,0.097765,-0.427657,0.69895,0.573241,-0.016976,-0.02174,-0.026064,0.107357,-0.196314,-0.018508,-1.916583,-0.135692,-0.01517,0.283436,-0.482528,0.069754,0.873094,0.503637,-0.793359,0.341858,0.717102,0.604584,0.346564,-0.011589,-0.025845,0.058108,0.062917,-0.540762,-0.177301,-1.40457,0.057881,0.035432,-0.026269,0.511527,0.045424,0.858065,-0.52561,0.806527,0.270642,-0.679759,-0.589449,0.436435,0.00098,-0.006191,0.025359,0.154875,-0.677618,-0.206741,-1.023793,0.083658,0.025086,-0.066243,0.407734,-0.42599,-0.807641,0.807035,0.581886,0.100513,0.427138,-0.692778,0.581043,-0.0085,-0.011229,-0.013457,0.473005,-0.601711,0.377098,-1.122478
254,0.168205,-0.036383,0.301372,-0.40135,0.412176,-0.81797,-0.799994,-0.592599,0.093854,-0.445552,0.691524,0.5686,-0.017436,-0.039615,-0.026467,-0.042835,0.0756,-0.153164,-1.916331,-0.13586,-0.016171,0.285811,-0.496975,0.036444,0.866994,0.510473,-0.795583,0.326186,0.702252,0.604633,0.375666,-0.010271,-0.036504,0.066486,0.102539,-0.690743,-0.304894,-1.404045,0.0578,0.034949,-0.025102,0.524103,0.077672,0.848105,-0.532923,0.806683,0.255451,-0.664311,-0.585858,0.464177,0.001635,-0.011569,0.02949,0.170817,-0.834204,-0.345924,-1.027549,0.083321,0.024516,-0.066809,0.410453,-0.415529,-0.811703,0.795715,0.597974,0.096251,0.445382,-0.685391,0.576083,-0.008714,-0.020037,-0.013498,-0.036529,0.106651,-0.148664,-1.120355
255,0.167379,-0.037752,0.300139,-0.40276,0.394661,-0.825876,-0.784632,-0.613454,0.089432,-0.470848,0.683536,0.55777,-0.033223,-0.040742,-0.028092,-0.068082,0.013623,-0.227029,-1.916998,-0.136098,-0.01737,0.288223,-0.514826,-0.019197,0.857074,0.536489,-0.786911,0.304767,0.669212,0.616732,0.414318,-0.011568,-0.025934,0.057519,0.376352,-1.209176,-0.635862,-1.403307,0.057677,0.034339,-0.023867,0.53926,0.131436,0.831818,-0.559127,0.794504,0.236937,-0.629742,-0.592863,0.501934,-0.005126,-0.018809,0.032447,0.165489,-0.836393,-0.40867,-1.030488,0.082907,0.023814,-0.067447,0.411896,-0.397955,-0.819739,0.780237,0.618728,0.091676,0.470713,-0.677352,0.565351,-0.008925,-0.015299,-0.018888,-0.02819,0.009765,-0.180557,-1.118886
256,0.166903,-0.038506,0.299503,-0.403239,0.384651,-0.830353,-0.776694,-0.623646,0.088221,-0.483418,0.680025,0.551271,-0.033465,-0.029439,-0.036384,-0.069882,-0.156715,-0.276226,-1.916834,-0.136223,-0.018057,0.289484,-0.523331,-0.05427,0.850394,0.556362,-0.777564,0.292897,0.645973,0.626472,0.436022,-0.010099,-0.038331,0.063899,0.204989,-1.289548,-0.505005,-1.403535,0.057614,0.034002,-0.023237,0.546172,0.166541,0.82095,-0.578969,0.783321,0.226276,-0.605384,-0.598891,0.52425,-0.00508,-0.019414,0.031647,-0.062366,-1.404338,-0.945521,-1.030161,0.082669,0.023429,-0.067765,0.412389,-0.388615,-0.823961,0.772301,0.628856,0.089939,0.483202,-0.673437,0.559462,-0.00888,-0.020577,-0.014565,-0.120778,-0.273173,-0.281241,-1.120192
257,0.165947,-0.039807,0.298427,-0.403717,0.3724,-0.835689,-0.76516,-0.638155,0.085206,-0.501074,0.67337,0.543623,-0.017725,-0.025508,-0.032142,0.066941,-0.162491,-0.005561,-1.916147,-0.136549,-0.019407,0.291618,-0.535784,-0.121998,0.83549,0.591215,-0.760565,0.268215,0.603372,0.637807,0.478548,-0.010963,-0.032415,0.04931,0.420175,-1.344243,-0.761925,-1.403502,0.057451,0.03333,-0.022158,0.555336,0.23162,0.798719,-0.613857,0.762119,0.205798,-0.561052,-0.604587,0.565414,-0.005494,-0.016518,0.024275,0.202023,-1.084276,-0.61703,-1.030815,0.082184,0.02277,-0.068313,0.413092,-0.37586,-0.829507,0.760601,0.643326,0.087278,0.50084,-0.666978,0.551632,-0.016547,-0.017678,-0.011013,0.310588,-0.619522,0.620045,-1.113497
258,0.164946,-0.040744,0.2976,-0.407482,0.365464,-0.836923,-0.754335,-0.651221,0.082836,-0.514248,0.664617,0.542088,-0.017054,-0.016116,-0.020438,0.0028,-0.056615,0.092309,-1.916443,-0.136878,-0.02089,0.293358,-0.540855,-0.190764,0.819193,0.633292,-0.733221,0.247514,0.554088,0.652891,0.516317,-0.010292,-0.03993,0.040098,-4.190791,-2.41746,-3.429705,-1.380712,0.057285,0.032596,-0.021279,0.558432,0.296378,0.774798,-0.65144,0.734938,0.188391,-0.513593,-0.609939,0.603486,0.002381,-0.019535,0.019471,0.393341,-1.274685,-0.49789,-1.019384,0.081677,0.022284,-0.06875,0.416848,-0.369063,-0.83068,0.749657,0.656401,0.084557,0.514053,-0.657973,0.550291,-0.008481,-0.007677,-0.00972,0.001499,-0.053712,0.093671,-1.116273
259,0.163995,-0.041233,0.297172,-0.41261,0.358407,-0.837462,-0.743267,-0.66393,0.081997,-0.526122,0.655842,0.541382,-0.016244,-0.006124,-0.007698,0.003588,-0.071103,0.117194,-1.916609,-0.137062,-0.022009,0.294492,-0.541424,-0.248236,0.803262,0.670868,-0.703316,0.23498,0.507274,0.666412,0.546287,0.002361,-0.018972,0.020163,-1.103273,-1.135558,-0.979175,-1.098823,0.057189,0.032024,-0.02071,0.555166,0.355377,0.751995,-0.691522,0.699593,0.179908,-0.462156,-0.6199,0.634141,0.001799,-0.015037,0.01415,-4.183189,-2.165783,-3.164771,-0.908836,0.081207,0.022037,-0.068967,0.422044,-0.361971,-0.831176,0.738488,0.669061,0.083609,0.525844,-0.649101,0.549685,-0.015902,-0.002324,-0.00279,-0.003535,0.029771,-0.058119,-1.111701
260,0.163521,-0.041345,0.297169,-0.414467,0.355976,-0.837582,-0.73952,-0.668109,0.081929,-0.529923,0.65292,0.541206,-0.015716,-0.012223,0.006983,-0.036621,0.027444,-0.047977,-1.916582,-0.137101,-0.022437,0.294877,-0.539362,-0.275803,0.795621,0.690395,-0.685688,0.230477,0.482637,0.673944,0.559218,0.002492,-0.020438,0.018383,-4.185969,-1.99765,-3.1534,-0.91271,0.057169,0.031809,-0.020519,0.552964,0.379285,0.741871,-0.707721,0.68371,0.17796,-0.439727,-0.623444,0.646495,0.001236,-0.010295,0.0091,0.282902,-0.896959,-0.153412,-0.796493,0.080964,0.021979,-0.068972,0.423791,-0.359559,-0.831334,0.734763,0.673176,0.083408,0.529644,-0.646182,0.549477,-0.007809,-0.005592,0.004175,-0.038151,0.027706,-0.047025,-1.108435
261,0.16271,-0.041357,0.297468,-0.410866,0.356575,-0.8391,-0.74042,-0.667484,0.078837,-0.531471,0.653232,0.539308,-0.030756,-0.00489,0.016562,-0.036835,0.027679,-0.052629,-1.916387,-0.137111,-0.023034,0.295265,-0.535884,-0.31665,0.782657,0.718809,-0.657261,0.226397,0.443373,0.684294,0.578813,0.001455,-0.012539,0.006372,-1.217091,-0.754873,-0.762959,-0.653586,0.057164,0.031506,-0.020322,0.546075,0.421533,0.723955,-0.738025,0.650967,0.177652,-0.396385,-0.631309,0.666579,0.000742,-0.006606,0.002788,-4.282617,-1.586744,-2.987272,-0.629283,0.08057,0.021979,-0.068824,0.420141,-0.360229,-0.832896,0.735734,0.672496,0.080274,0.531202,-0.646517,0.547576,-0.007576,0.003023,0.003984,0.003708,-0.099495,0.167128,-1.108435
262,0.162066,-0.041399,0.298079,-0.404918,0.355741,-0.842339,-0.738609,-0.670265,0.071922,-0.538509,0.650837,0.535207,-0.014908,-0.00347,0.018187,-0.035849,0.013014,-0.02305,-1.916738,-0.137014,-0.02319,0.295306,-0.526116,-0.358426,0.771184,0.752009,-0.619398,0.225303,0.397556,0.698916,0.594415,3e-05,-0.000325,-0.000395,0.077322,-0.553952,0.038345,-0.300551,0.057214,0.031417,-0.020306,0.533965,0.461098,0.708709,-0.770422,0.610658,0.183157,-0.348326,-0.643805,0.681309,1.3e-05,-0.000169,-0.000207,0.120302,-0.600454,0.011184,-0.517266,0.080244,0.021964,-0.068509,0.414209,-0.359456,-0.836194,0.733971,0.675211,0.073319,0.538253,-0.644112,0.543509,-0.007446,-0.001563,0.009326,-0.033126,-0.084676,0.146386,-1.109089
611,0.172841,-0.012873,0.319162,-0.705343,0.466759,-0.533547,-0.662776,-0.701231,0.262631,-0.250682,0.538284,0.804634,-0.000156,0.011867,-0.007464,-0.068429,-0.074644,-0.240184,-1.915808,-0.147675,0.012026,0.320488,-0.346858,-0.268517,0.898654,0.665687,-0.745397,0.034342,0.661039,0.610468,0.436142,0.021299,-0.063994,0.066935,0.198002,0.164495,-0.229497,-1.406873,0.051884,0.049036,-0.007705,0.362812,0.379953,0.850882,-0.695223,0.718381,-0.024346,-0.620509,-0.58272,0.52479,0.010616,-0.032345,0.033137,0.169764,0.2516,-0.171062,-1.027875,0.085625,0.036234,-0.05795,0.712469,-0.466211,-0.524436,0.656555,0.70666,0.263755,0.247633,-0.532238,0.809567,-7.4e-05,0.005892,-0.003774,-0.020492,-0.026174,-0.226965,-1.110885
612,0.172803,-0.012494,0.318919,-0.705692,0.463868,-0.535604,-0.663425,-0.69801,0.269484,-0.247979,0.544926,0.800993,-0.01467,0.011668,-0.007268,-0.105405,-0.106265,-0.327086,-1.916001,-0.147205,0.010826,0.321735,-0.343922,-0.270421,0.899212,0.657983,-0.752558,0.025469,0.670224,0.600762,0.435601,0.021385,-0.064605,0.06649,4.750512,0.183971,1.891319,-1.406673,0.052112,0.048456,-0.00711,0.358351,0.382706,0.851539,-0.691989,0.721157,-0.032901,-0.626685,-0.577466,0.523256,0.01006,-0.02718,0.02883,-0.160286,-0.109712,-0.38216,-1.029508,0.085612,0.036411,-0.058063,0.712652,-0.463867,-0.526263,0.657407,0.703412,0.270233,0.244828,-0.538551,0.806238,-0.000177,0.011334,-0.007992,-0.252494,-0.0764,-0.475583,-1.112681
613,0.172683,-0.011745,0.318409,-0.70348,0.456173,-0.545039,-0.665742,-0.691448,0.280463,-0.248057,0.559585,0.790797,-0.000149,0.011948,-0.007374,-0.344421,-0.691694,-0.376668,-1.91626,-0.146297,0.008721,0.323866,-0.334005,-0.270049,0.903054,0.648192,-0.761336,0.012198,0.684623,0.589764,0.428176,0.019376,-0.047386,0.0461,-0.159694,0.002629,-0.072559,-1.406489,0.052566,0.047401,-0.006033,0.349981,0.380819,0.855855,-0.678861,0.732669,-0.048404,-0.645492,-0.564067,0.514944,0.009669,-0.024028,0.022734,-0.162738,0.178899,-0.275955,-1.027222,0.085547,0.036792,-0.058326,0.710314,-0.458102,-0.53441,0.660095,0.697135,0.279778,0.24439,-0.551492,0.797576,-0.007396,0.011748,-0.007377,-0.081081,-0.134931,-0.277564,-1.112517
614,0.172509,-0.010988,0.317867,-0.704726,0.450122,-0.54845,-0.666544,-0.684912,0.294255,-0.242318,0.572372,0.783389,-0.014839,0.02258,-0.015661,-0.140485,-0.280455,-0.385498,-1.915776,-0.145369,0.007074,0.325446,-0.330322,-0.269498,0.904572,0.639484,-0.768747,0.004615,0.694527,0.580321,0.425115,0.017141,-0.027581,0.027896,-0.099884,-0.001652,-0.034712,-1.406164,0.053019,0.046581,-0.005253,0.34637,0.380269,0.857567,-0.670694,0.739537,-0.057039,-0.655893,-0.555409,0.511197,0.009163,-0.019406,0.017915,-0.112275,0.025722,-0.014744,-1.02363,0.085465,0.037167,-0.058593,0.711709,-0.450439,-0.539048,0.660421,0.690556,0.294917,0.239401,-0.565894,0.788955,-8.5e-05,0.005581,-0.004074,-0.239621,-0.498989,-0.257212,-1.11562
615,0.172282,-0.010192,0.317366,-0.706995,0.443697,-0.550759,-0.666422,-0.678682,0.308618,-0.235983,0.584675,0.776205,-0.014538,0.013122,-0.005804,-0.330276,-0.656316,-0.406499,-1.915877,-0.144628,0.006088,0.326429,-0.32723,-0.268894,0.905874,0.637431,-0.770463,0.001687,0.697869,0.57832,0.422359,0.016004,-0.017509,0.018912,-0.068949,-0.012663,0.015585,-1.406524,0.053407,0.04606,-0.004741,0.343313,0.379417,0.859172,-0.668943,0.740897,-0.059885,-0.65928,-0.554178,0.508169,0.007995,-0.008927,0.009287,-0.071978,-0.014324,0.018595,-1.028692,0.085351,0.037566,-0.05885,0.713841,-0.445676,-0.540187,0.660534,0.684739,0.307939,0.232646,-0.576632,0.783179,-0.000111,0.012328,-0.006979,-0.05104,-0.147199,-0.268599,-1.117743
616,0.172128,-0.009726,0.317156,-0.706319,0.442808,-0.55234,-0.667752,-0.675817,0.31201,-0.234248,0.588651,0.773721,-0.014579,0.026592,-0.011642,-0.053594,-0.130157,-0.260792,-1.916145,-0.144293,0.005712,0.326765,-0.324315,-0.268163,0.907138,0.63359,-0.773623,-0.00205,0.70271,0.574424,0.419642,0.014945,-0.008721,0.008755,-0.018622,-0.107416,0.173623,-1.406496,0.053563,0.045885,-0.00458,0.340285,0.378776,0.860658,-0.66535,0.743759,-0.064264,-0.664465,-0.550772,0.505109,0.008082,-0.009884,0.008441,-0.047927,0.043562,-0.061753,-1.031631,0.08528,0.037782,-0.058951,0.713426,-0.442666,-0.543202,0.661314,0.681659,0.313054,0.2317,-0.582569,0.779055,2.6e-05,0.007562,-0.002088,-0.151615,-0.198359,-0.266269,-1.121336
617,0.171817,-0.008863,0.316926,-0.706114,0.43741,-0.556886,-0.667802,-0.672919,0.318109,-0.234722,0.595964,0.767958,-0.014401,0.029151,-0.009096,0.005721,-0.143008,-0.039146,-1.915839,-0.143669,0.00536,0.327037,-0.322488,-0.266988,0.908136,0.629244,-0.77715,-0.004902,0.707441,0.570192,0.417459,0.015086,-0.010238,0.007401,-0.034424,-0.00643,0.01016,-1.40648,0.053881,0.0457,-0.00444,0.338699,0.377601,0.8618,-0.661254,0.747121,-0.067473,-0.669347,-0.547016,0.502739,0.006911,0.000325,-0.00046,0.012675,-0.122699,0.200807,-1.029835,0.085119,0.038222,-0.059071,0.713428,-0.43684,-0.547896,0.661053,0.678941,0.319449,0.232441,-0.590093,0.773149,0.0001,0.00887,-0.000786,-0.004622,-0.000405,-0.220086,-1.121662
618,0.171442,-0.008099,0.317018,-0.706959,0.428345,-0.562828,-0.665357,-0.672669,0.32371,-0.239063,0.602796,0.761257,-0.013758,0.011326,0.011602,-0.216057,-0.403525,-0.215923,-1.916059,-0.143065,0.005479,0.326995,-0.319936,-0.263135,0.910161,0.623821,-0.781498,-0.006529,0.713377,0.566018,0.413013,0.013772,0.001404,-0.00023,-0.139261,0.467998,0.341053,-1.406509,0.054183,0.045752,-0.00446,0.336975,0.376394,0.863003,-0.656153,0.751238,-0.071442,-0.675211,-0.542188,0.50012,-0.0,-2.2e-05,-3e-05,-0.002064,-0.001875,0.001994,-1.030161,0.084926,0.038612,-0.059031,0.714072,-0.429051,-0.553186,0.658904,0.678872,0.324003,0.236529,-0.595858,0.767467,-0.006869,0.005823,0.005968,-0.301211,-0.494655,-0.244819,-1.124111
619,0.17125,-0.007785,0.31722,-0.706886,0.42615,-0.564583,-0.665004,-0.672402,0.32499,-0.240258,0.604648,0.759411,-0.013646,0.012958,0.013186,-0.186235,-0.350665,-0.183969,-1.916181,-0.142824,0.005563,0.326948,-0.321474,-0.258287,0.911007,0.618776,-0.785514,-0.00423,0.717075,0.562673,0.411177,-0.0,0.0,0.0,0.095227,0.138049,0.150894,-1.406459,0.054309,0.045794,-0.004484,0.338086,0.369191,0.865676,-0.651274,0.755791,-0.067975,-0.679367,-0.540811,0.495967,0.006885,0.000688,-0.000139,0.412092,0.150406,0.340721,-1.030978,0.084835,0.03876,-0.05894,0.713983,-0.427631,-0.554399,0.65863,0.678859,0.324586,0.237556,-0.596893,0.766345,-0.006816,0.006624,0.006745,-0.232779,-0.449671,-0.250909,-1.124275
