frame,MLTx,MLTy,MLTz,MLTR1,MLTR2,MLTR3,MLTR4,MLTR5,MLTR6,MLTR7,MLTR8,MLTR9,MLTTVx,MLTTVy,MLTTVz,MLTRVx,MLTRVy,MLTRVz,MLGA,MRTx,MRTy,MRTz,MRTR1,MRTR2,MRTR3,MRTR4,MRTR5,MRTR6,MRTR7,MRTR8,MRTR9,MRTTVx,MRTTVy,MRTTVz,MRTRVx,MRTRVy,MRTRVz,MRGA,SLTx,SLTy,SLTz,SLTR1,SLTR2,SLTR3,SLTR4,SLTR5,SLTR6,SLTR7,SLTR8,SLTR9,SLTTVx,SLTTVy,SLTTVz,SLTRVx,SLTRVy,SLTRVz,SLGA,SRTx,SRTy,SRTz,SRTR1,SRTR2,SRTR3,SRTR4,SRTR5,SRTR6,SRTR7,SRTR8,SRTR9,SRTTVx,SRTTVy,SRTTVz,SRTRVx,SRTRVy,SRTRVz,SRGA
807,0.131011,0.007024,0.32544,-0.203426,0.903198,-0.378017,-0.473579,-0.428623,-0.769401,-0.856701,0.021378,0.515395,0.00219,0.003471,0.021347,-0.031767,-0.029002,0.022834,-1.614503,-0.123923,0.015646,0.337019,-0.101839,0.905485,0.411968,-0.935001,-0.228409,0.271176,0.339777,-0.358705,0.869336,-0.013305,-0.001044,-0.03368,0.064812,0.046488,-0.063117,-1.404759,0.057796,0.026956,-0.008027,-0.003021,-0.925788,0.378029,0.968847,0.090906,0.23037,-0.247639,0.366949,0.896673,-0.006668,-0.000332,-0.016669,0.063263,0.026062,-0.036505,-0.866218,0.080577,0.027642,-0.076993,-0.421762,0.861729,-0.282025,-0.442074,-0.467003,-0.765818,-0.791635,-0.198317,0.577913,0.001065,0.001622,0.010576,-0.040693,0.009415,0.025857,-0.944165
808,0.131009,0.006975,0.32635,-0.203034,0.903454,-0.377614,-0.475259,-0.428034,-0.768691,-0.855864,0.022267,0.516747,0.001785,0.001248,0.019279,-0.034671,0.000621,0.00763,-1.609697,-0.124803,0.015719,0.335333,-0.068329,0.902318,0.42561,-0.946361,-0.193523,0.258618,0.315815,-0.386237,0.866571,-0.027467,0.002663,-0.046475,0.916752,0.674489,1.252601,-1.404803,0.057371,0.026989,-0.008849,-0.030097,-0.919273,0.392467,0.97428,0.060745,0.216997,-0.22332,0.388904,0.893801,-0.014464,0.006564,-0.027533,1.375201,2.165923,-1.296362,-0.870627,0.080577,0.027624,-0.076533,-0.421438,0.862131,-0.281279,-0.443962,-0.466603,-0.76497,-0.79075,-0.19751,0.579398,0.000687,-0.004764,0.01386,-0.069488,0.002159,0.015795,-0.943838
809,0.131088,0.006579,0.327259,-0.203592,0.903374,-0.377506,-0.477295,-0.428173,-0.767352,-0.854597,0.022828,0.518815,0.000635,-0.013752,0.023895,-0.06981,0.016697,-0.00906,-1.601204,-0.125993,0.015945,0.333308,-0.037769,0.895563,0.443319,-0.952722,-0.165972,0.254377,0.301445,-0.41387,0.858898,-0.041971,0.008381,-0.057681,0.013985,0.19295,-0.023704,-1.405232,0.056772,0.027098,-0.009877,-0.063719,-0.908461,0.413083,0.977079,0.027454,0.211094,-0.203112,0.417065,0.88589,-0.013526,-0.000222,-0.024584,-0.008008,0.060314,0.191764,-0.867687,0.080617,0.027434,-0.076077,-0.42195,0.861932,-0.281125,-0.445776,-0.467252,-0.763517,-0.789456,-0.196847,0.581385,0.000512,-0.001397,0.007807,-0.034616,0.000806,0.007465,-0.93943
810,0.13115,0.005909,0.328071,-0.203328,0.903811,-0.376601,-0.477588,-0.42726,-0.767679,-0.854497,0.022641,0.518988,-0.000345,-0.019203,0.019015,-0.050504,0.02908,-0.02346,-1.587773,-0.127373,0.016424,0.330892,-0.017772,0.892891,0.449913,-0.953753,-0.150036,0.260342,0.299991,-0.425593,0.853662,-0.029916,0.019242,-0.067675,0.298626,0.276764,0.434547,-1.404991,0.056077,0.027332,-0.011083,-0.082622,-0.903348,0.420873,0.976123,0.011775,0.216896,-0.200888,0.428745,0.880807,-0.021613,0.008695,-0.033825,0.874592,0.562481,1.425944,-0.872586,0.08065,0.027104,-0.075666,-0.421683,0.862368,-0.280185,-0.446251,-0.466363,-0.763782,-0.78933,-0.197041,0.58149,-0.000168,-0.009506,0.009591,-0.004353,0.022306,-0.000164,-0.933878
811,0.131164,0.005542,0.328435,-0.202711,0.904307,-0.375743,-0.476727,-0.426238,-0.768782,-0.855125,0.022157,0.517974,-0.000466,-0.019886,0.018412,-0.064367,0.03108,-0.0305,-1.580033,-0.128229,0.016781,0.329496,-0.002367,0.890673,0.454628,-0.954847,-0.136926,0.263537,0.296986,-0.434588,0.850174,-0.044771,0.027765,-0.07646,-0.154831,0.414945,0.189422,-1.405341,0.055655,0.027506,-0.011778,-0.096548,-0.899879,0.425319,0.976004,-0.001801,0.217743,-0.195176,0.436136,0.878459,-0.021578,0.008246,-0.034252,-0.190523,0.43406,0.193589,-0.872096,0.080656,0.026919,-0.075486,-0.421104,0.862928,-0.279331,-0.445713,-0.465095,-0.764869,-0.789943,-0.197588,0.580472,-0.000229,-0.009857,0.009281,-0.056728,0.029443,-0.026133,-0.931592
812,0.13118,0.00488,0.329052,-0.200063,0.906014,-0.373041,-0.472804,-0.422682,-0.773155,-0.857925,0.020565,0.51339,-0.000174,-0.009621,0.009503,-0.035146,0.015928,-0.016773,-1.5639,-0.130139,0.017658,0.326792,0.032443,0.883409,0.467469,-0.959712,-0.102913,0.261332,0.278939,-0.458216,0.843856,-0.057153,0.017953,-0.06601,0.922072,2.626549,-1.125802,-1.405424,0.054684,0.027948,-0.013164,-0.12969,-0.888857,0.439446,0.976056,-0.036389,0.214452,-0.174626,0.456736,0.872294,-0.028561,0.009044,-0.032936,0.972941,2.58176,-1.148759,-0.873402,0.080663,0.026589,-0.075184,-0.418747,0.864904,-0.27675,-0.442969,-0.460586,-0.76918,-0.792735,-0.1995,0.575995,-6.9e-05,-0.004652,0.004894,-0.042031,0.001014,0.004576,-0.931592
813,0.131155,0.004399,0.329463,-0.200211,0.906045,-0.372884,-0.474204,-0.422588,-0.772348,-0.857116,0.02106,0.514718,-0.000321,-0.010439,0.008777,-0.035165,0.015899,-0.0168,-1.554346,-0.132448,0.01891,0.32401,0.049497,0.877747,0.476551,-0.960321,-0.089128,0.264148,0.274275,-0.471811,0.837873,-0.072672,0.032208,-0.069888,-0.037662,0.311845,0.075579,-1.405477,0.053557,0.028558,-0.014533,-0.145996,-0.880506,0.450991,0.974698,-0.050031,0.217852,-0.169256,0.471386,0.865532,-0.029589,0.017003,-0.034884,-0.100533,0.356243,0.144911,-0.877485,0.08065,0.026339,-0.074973,-0.41881,0.864936,-0.276553,-0.444403,-0.460812,-0.768216,-0.791898,-0.198836,0.577373,-0.000165,-0.0052,0.004407,-0.035289,0.015924,-0.016884,-0.932898
814,0.13115,0.004216,0.329626,-0.200545,0.905946,-0.372946,-0.474696,-0.422799,-0.77193,-0.856766,0.021099,0.5153,-0.000182,-0.00967,0.009467,-0.034665,0.000665,0.007659,-1.554885,-0.133738,0.019518,0.322696,0.06415,0.874098,0.481487,-0.960679,-0.076347,0.266834,0.269927,-0.480762,0.834189,-0.072818,0.0336,-0.068745,-0.014065,0.288044,0.059212,-1.405409,0.052885,0.028875,-0.015215,-0.160003,-0.87493,0.457052,0.973398,-0.062923,0.220309,-0.163996,0.480144,0.861723,-0.036385,0.016929,-0.03421,0.007664,0.27039,0.05149,-0.88271,0.080647,0.026242,-0.07489,-0.419135,0.864764,-0.276601,-0.444816,-0.461169,-0.767763,-0.791494,-0.19876,0.577953,-0.000109,-0.004904,0.004672,-0.034681,0.000678,0.007629,-0.933878
815,0.131125,0.003997,0.329851,-0.201359,0.90566,-0.373203,-0.475261,-0.423421,-0.771242,-0.856261,0.020942,0.516145,0.000152,0.000849,0.000759,0.0,-0.0,-0.0,-1.554205,-0.13627,0.020793,0.320441,0.095569,0.868419,0.486525,-0.96175,-0.045312,0.270033,0.256436,-0.494805,0.830224,-0.05908,0.034566,-0.051869,0.921054,0.538225,1.374634,-1.405731,0.051642,0.029489,-0.016332,-0.188911,-0.865557,0.463813,0.970472,-0.092419,0.222804,-0.149984,0.492208,0.857458,-0.036152,0.016257,-0.026166,2.835192,1.581305,4.525126,-0.889242,0.080635,0.026137,-0.07478,-0.419877,0.864335,-0.276816,-0.445157,-0.461927,-0.76711,-0.790909,-0.198865,0.578717,0.000103,0.0006,0.000536,-1.5e-05,7e-06,-2.1e-05,-0.934694
816,0.131247,0.003861,0.329961,-0.201467,0.905653,-0.37316,-0.475635,-0.423429,-0.771007,-0.856028,0.021025,0.516528,4.7e-05,0.000261,0.000234,0.0,-0.0,-0.0,-1.555429,-0.138722,0.022088,0.31883,0.109418,0.864611,0.490374,-0.961725,-0.032411,0.271973,0.250915,-0.502442,0.827319,-0.058751,0.034808,-0.034034,-1.20497,-1.77706,1.32816,-1.405544,0.050417,0.030132,-0.017149,-0.201462,-0.859387,0.469964,0.969419,-0.106293,0.221195,-0.140138,0.500155,0.85452,-0.028661,0.011775,-0.013096,-0.287952,0.409756,0.167256,-0.897733,0.080696,0.026065,-0.074721,-0.419992,0.864294,-0.276769,-0.445512,-0.462049,-0.76683,-0.790648,-0.198759,0.57911,2e-05,0.000129,0.000114,-0.0,1.5e-05,2e-06,-0.937144
817,0.131473,0.00383,0.330044,-0.201521,0.905664,-0.373104,-0.475812,-0.423405,-0.770911,-0.855916,0.021043,0.516712,0.014103,1.3e-05,0.000111,0.000984,-0.014715,0.029553,-1.555144,-0.140791,0.023126,0.318118,0.121839,0.865127,0.48652,-0.961193,-0.0192,0.275088,0.247182,-0.502235,0.828568,-0.056856,0.022508,-0.009624,0.275476,0.108722,0.395812,-1.405711,0.04936,0.030665,-0.017517,-0.215647,-0.858594,0.465094,0.966568,-0.120032,0.226576,-0.13871,0.498406,0.855774,-0.028471,0.011797,-0.004296,0.300518,0.098088,0.387036,-0.909,0.080803,0.026048,-0.074681,-0.42006,0.864277,-0.276718,-0.445673,-0.462089,-0.766712,-0.790521,-0.19874,0.579291,0.000158,0.000892,0.000794,1.1e-05,5e-06,-3e-06,-0.936327
818,0.131674,0.00383,0.330044,-0.201085,0.905861,-0.372862,-0.475895,-0.422974,-0.771096,-0.855973,0.021257,0.516609,0.014091,-4.7e-05,5.4e-05,0.000984,-0.014715,0.029553,-1.55583,-0.141728,0.0235,0.318067,0.132751,0.862336,0.488615,-0.96111,-0.008252,0.275922,0.241812,-0.507317,0.827055,-0.05581,0.0153,0.001613,2.716596,1.574284,4.507185,-1.405843,0.048913,0.030847,-0.017542,-0.221183,-0.855809,0.46762,0.965712,-0.12537,0.227335,-0.13593,0.501869,0.854195,-0.021275,0.009015,0.001313,0.044362,0.014617,-0.0459,-0.909653,0.080904,0.026048,-0.074681,-0.419655,0.864545,-0.276495,-0.445861,-0.461675,-0.766853,-0.79063,-0.198536,0.579211,0.007056,4.8e-05,8.7e-05,0.001507,-0.029883,0.05406,-0.936654
819,0.132292,0.00381,0.330003,-0.198846,0.906989,-0.371317,-0.474113,-0.420557,-0.773512,-0.857486,0.021105,0.5141,0.013893,-0.001145,-0.000934,0.000984,-0.014715,0.029553,-1.555907,-0.143453,0.024041,0.318483,0.142935,0.860098,0.489686,-0.960536,0.001465,0.278033,0.238247,-0.511175,0.825713,-0.04162,0.012784,0.015397,-1.102957,-2.117142,1.334453,-1.405966,0.048045,0.031122,-0.017336,-0.234657,-0.849877,0.471851,0.963738,-0.139951,0.227204,-0.12706,0.508056,0.851899,-0.020853,0.00676,0.008056,0.011179,0.003479,-0.04347,-0.911776,0.081213,0.026041,-0.074699,-0.41757,0.866021,-0.27503,-0.444849,-0.458769,-0.769181,-0.792302,-0.19884,0.576817,0.006944,-0.000587,-0.000487,0.000549,-0.014703,0.029378,-0.93698
820,0.133167,0.003764,0.329912,-0.197085,0.907777,-0.370328,-0.474351,-0.418809,-0.774314,-0.857763,0.021927,0.513603,0.027705,-0.00273,-0.002282,0.001969,-0.029429,0.059106,-1.559954,-0.14478,0.024363,0.319255,0.147469,0.860897,0.486931,-0.959709,0.005693,0.280821,0.238808,-0.509798,0.826402,-0.026995,0.004591,0.024231,-0.034446,-0.00893,-0.006026,-1.405498,0.047365,0.031295,-0.016938,-0.240328,-0.851046,0.466863,0.962038,-0.144752,0.23136,-0.129319,0.504743,0.853528,-0.013523,0.002433,0.012263,-0.032657,-0.005952,-0.01046,-0.911939,0.081645,0.026017,-0.074745,-0.415949,0.867087,-0.274125,-0.445513,-0.457084,-0.769799,-0.792782,-0.198071,0.576423,0.014062,0.004209,-0.005229,0.037188,-0.045124,0.076019,-0.938613
821,0.133706,0.003725,0.329825,-0.196037,0.908244,-0.36974,-0.474454,-0.417769,-0.774812,-0.857948,0.0224,0.513275,0.027537,-0.003705,-0.003166,0.001969,-0.029429,0.059106,-1.560744,-0.145319,0.024466,0.319714,0.154782,0.859767,0.486656,-0.960248,0.015304,0.278608,0.231905,-0.511507,0.827311,-0.026943,0.004505,0.024087,0.886206,0.350489,1.249833,-1.405763,0.047106,0.031348,-0.016714,-0.246234,-0.849245,0.467066,0.961348,-0.152752,0.229075,-0.123195,0.50542,0.854033,-0.013489,0.002571,0.012226,2.823223,1.372741,4.420834,-0.913409,0.081905,0.026001,-0.074786,-0.415009,0.867703,-0.2736,-0.445859,-0.456098,-0.770183,-0.793079,-0.197646,0.576159,0.013719,-0.002149,-0.001861,0.001995,-0.029456,0.059097,-0.940083
822,0.135132,0.003663,0.329516,-0.193212,0.909481,-0.368183,-0.474536,-0.415,-0.776249,-0.858546,0.023601,0.512219,0.041475,0.00427,-0.014129,0.037654,-0.044515,0.081145,-1.562658,-0.146205,0.024703,0.320595,0.154081,0.860142,0.486215,-0.96151,0.017434,0.274097,0.227101,-0.510807,0.829075,-0.026703,0.002576,0.022311,0.186614,-0.223088,-0.207737,-1.405363,0.046663,0.031474,-0.016267,-0.247509,-0.848866,0.46708,0.96168,-0.156554,0.225081,-0.11794,0.504892,0.855086,-0.006706,0.001845,0.010967,0.334696,-0.249802,-0.445946,-0.913735,0.082623,0.025967,-0.074936,-0.412354,0.869425,-0.272145,-0.446682,-0.453301,-0.771357,-0.794002,-0.19651,0.575277,0.020815,0.002576,-0.006692,0.038263,-0.059703,0.105657,-0.942206
823,0.137319,0.00368,0.328992,-0.188683,0.91142,-0.365729,-0.474427,-0.410609,-0.778647,-0.859618,0.025457,0.510329,0.069212,0.001927,-0.016241,0.040183,-0.08901,0.164794,-1.573037,-0.146873,0.024885,0.321391,0.151296,0.860913,0.485726,-0.96203,0.015524,0.272378,0.226772,-0.509567,0.829927,-0.013217,0.002188,0.020527,-0.015172,-0.027627,-0.01574,-1.405842,0.046323,0.031566,-0.015867,-0.243893,-0.850655,0.465726,0.962709,-0.154391,0.222156,-0.117074,0.502541,0.856589,-0.006598,0.00076,0.009993,-0.057105,0.119481,-0.196528,-0.917164,0.083705,0.025974,-0.075199,-0.408179,0.872088,-0.26991,-0.447689,-0.44889,-0.77335,-0.79559,-0.19483,0.573652,0.034564,0.000676,-0.008412,0.039758,-0.073778,0.140388,-0.942532
824,0.140164,0.00384,0.328237,-0.183083,0.913776,-0.362683,-0.473882,-0.405193,-0.78181,-0.861135,0.027593,0.507654,0.08317,0.01075,-0.02663,0.075948,-0.10353,0.187109,-1.612141,-0.147431,0.024966,0.322049,0.160017,0.85865,0.486935,-0.961791,0.024817,0.272538,0.221738,-0.513012,0.829165,-0.012961,-0.000685,0.018037,-0.050001,0.121089,-0.186692,-1.405632,0.046039,0.031607,-0.015531,-0.252255,-0.847175,0.467612,0.961166,-0.163473,0.222338,-0.111917,0.50554,0.855513,-0.006486,-0.000429,0.008961,-0.051181,0.121002,-0.186545,-0.919777,0.085154,0.026057,-0.07558,-0.402832,0.87545,-0.267045,-0.448606,-0.443167,-0.776115,-0.797795,-0.192846,0.571254,0.041587,0.005325,-0.013405,0.076089,-0.103459,0.187192,-0.95282
825,0.141773,0.003946,0.327798,-0.180802,0.914571,-0.361822,-0.475532,-0.40325,-0.781812,-0.86071,0.029563,0.508263,0.082894,-3e-06,-0.018254,0.041224,-0.103448,0.194475,-1.650241,-0.147613,0.025031,0.32233,0.164255,0.857414,0.487702,-0.961684,0.029387,0.27246,0.219081,-0.514838,0.828739,-0.014094,0.009243,0.009134,-0.014035,0.110943,-0.169279,-1.405549,0.045953,0.031638,-0.015392,-0.256368,-0.845428,0.468536,0.960404,-0.168102,0.222179,-0.109075,0.506944,0.855049,0.00021,-0.000494,0.008222,-0.034974,-0.00693,0.005051,-0.917001,0.085927,0.026108,-0.075794,-0.400836,0.87657,-0.266372,-0.450608,-0.441785,-0.775742,-0.797672,-0.190916,0.572073,0.041539,0.005151,-0.013619,0.080239,-0.103407,0.18902,-0.941716
826,0.145436,0.004182,0.326798,-0.181871,0.916239,-0.357034,-0.477129,-0.399645,-0.78269,-0.859598,0.02686,0.51029,0.09687,0.009453,-0.028224,0.109672,0.096136,0.202401,-1.703516,-0.147891,0.025094,0.32276,0.166602,0.857166,0.487342,-0.962137,0.033408,0.270391,0.215288,-0.515007,0.829628,-0.000467,0.006034,0.005072,0.002665,-0.016867,0.023242,-1.405846,0.045809,0.031673,-0.015174,-0.258485,-0.844877,0.468366,0.96027,-0.17193,0.219818,-0.105193,0.506578,0.855752,0.000427,-0.003215,0.005919,-0.045385,0.015788,-0.015795,-0.919124,0.087753,0.026223,-0.07629,-0.40156,0.877756,-0.261328,-0.453196,-0.438408,-0.776151,-0.79584,-0.193238,0.573842,0.048357,-0.000686,-0.009959,0.206726,0.407445,0.020588,-0.951513
827,0.1492,0.004492,0.325865,-0.183984,0.917091,-0.35375,-0.482896,-0.397736,-0.780122,-0.85592,0.02615,0.516473,0.097164,0.012731,-0.02558,0.057402,-0.105588,0.208818,-1.722878,-0.147994,0.02506,0.322988,0.17145,0.856126,0.487488,-0.961856,0.038621,0.270695,0.212716,-0.516372,0.829443,-0.000192,0.002491,0.002091,0.0,-0.0,-0.0,-1.405727,0.045757,0.031657,-0.015059,-0.263191,-0.843168,0.468826,0.959278,-0.177071,0.220068,-0.102539,0.507655,0.855436,-0.000107,0.001316,0.001107,-0.000379,-0.00019,-0.000103,-0.915858,0.089635,0.026373,-0.076761,-0.40384,0.877796,-0.257655,-0.458917,-0.438024,-0.773,-0.791396,-0.193926,0.579727,0.048569,0.001255,-0.008374,-0.010448,-0.111664,0.168007,-0.948411
828,0.151163,0.004731,0.325462,-0.183854,0.919241,-0.348194,-0.488168,-0.392784,-0.779349,-0.852952,0.025544,0.521389,0.097529,0.016648,-0.022206,0.03676,-0.044278,0.534283,-1.725414,-0.147973,0.025059,0.32305,0.171215,0.856038,0.487726,-0.961872,0.038294,0.270685,0.212833,-0.516543,0.829306,-0.000166,0.00215,0.001804,0.0,-0.0,-0.0,-1.405709,0.045768,0.031654,-0.01503,-0.262932,-0.843122,0.469052,0.959338,-0.176744,0.220069,-0.102643,0.507843,0.855311,-8.7e-05,0.001086,0.000915,0.001875,-0.016273,0.023563,-0.915858,0.090579,0.026484,-0.076962,-0.40353,0.879368,-0.252733,-0.464732,-0.434925,-0.771274,-0.788154,-0.193779,0.584175,0.048802,0.008474,-0.011024,0.006988,0.184241,0.466437,-0.946941
829,0.154577,0.00519,0.32495,-0.194173,0.918557,-0.344377,-0.496886,-0.394722,-0.772833,-0.84559,0.019907,0.533487,0.083858,0.011152,-0.009117,-0.029229,-0.180266,0.37778,-1.725379,-0.147888,0.025129,0.323099,0.175875,0.854837,0.488173,-0.961707,0.043536,0.270478,0.20975,-0.518116,0.82911,-7.1e-05,0.000918,0.00077,0.0,-0.0,-0.0,-1.405499,0.04581,0.031688,-0.015006,-0.267363,-0.841325,0.469774,0.958456,-0.181908,0.219705,-0.099388,0.508999,0.855009,-3.7e-05,0.000464,0.000389,-0.000142,-9.1e-05,-0.00024,-0.916511,0.092328,0.026717,-0.07723,-0.413391,0.876348,-0.247224,-0.472556,-0.438565,-0.764428,-0.77833,-0.19918,0.595423,0.041927,0.005395,-0.004774,-0.185633,-0.073991,0.066665,-0.944002
830,0.157422,0.005469,0.324834,-0.195513,0.921753,-0.33495,-0.510769,-0.387203,-0.767568,-0.836966,0.019863,0.54692,0.070036,0.003441,0.002067,-0.27923,0.17531,0.219829,-1.723994,-0.147612,0.025181,0.323076,0.185536,0.852467,0.48874,-0.961234,0.054443,0.270181,0.203488,-0.520986,0.828872,2.1e-05,-0.000264,-0.000222,0.006564,0.003628,0.011131,-1.405447,0.045948,0.031713,-0.015018,-0.276576,-0.837703,0.470912,0.956499,-0.192639,0.219086,-0.092814,0.511021,0.854542,0.006646,0.000408,-0.000325,0.00989,0.108042,-0.0974,-0.917164,0.093756,0.026861,-0.077291,-0.413905,0.878646,-0.238039,-0.48684,-0.434608,-0.757695,-0.769199,-0.197728,0.607647,0.028082,0.001982,0.001327,-0.895102,0.304114,-0.043866,-0.938287
831,0.158633,0.005581,0.3249,-0.199417,0.922134,-0.331582,-0.511872,-0.386503,-0.767186,-0.835364,0.015587,0.5495,0.056283,0.005985,0.00449,-0.052721,0.144253,0.283755,-1.724737,-0.147513,0.025186,0.323057,0.1919,0.850107,0.490392,-0.960361,0.059951,0.272115,0.201695,-0.524233,0.827262,1.5e-05,-0.000194,-0.000163,-0.011736,0.012388,0.009465,-1.405753,0.045998,0.031714,-0.015029,-0.282597,-0.834454,0.473101,0.954927,-0.198022,0.221136,-0.090844,0.51427,0.852803,1.2e-05,-0.000139,-0.000118,-0.003165,0.105965,-0.161813,-0.917328,0.094346,0.026913,-0.077261,-0.417645,0.877688,-0.235024,-0.487753,-0.434801,-0.756996,-0.766595,-0.201522,0.609687,0.028162,0.003114,0.002311,-0.099128,0.301952,0.415655,-0.935184
832,0.160609,0.005727,0.325186,-0.19954,0.921981,-0.331934,-0.509799,-0.386904,-0.768363,-0.836602,0.014751,0.547638,0.042385,-0.003771,0.013961,-0.023195,0.011434,-0.104592,-1.725636,-0.147429,0.025149,0.323044,0.190712,0.848905,0.49293,-0.960925,0.059053,0.270312,0.20013,-0.52628,0.826342,0.000105,-0.001329,-0.001115,-3e-06,3e-06,2e-06,-1.405294,0.04604,0.031698,-0.015034,-0.281043,-0.833632,0.475469,0.955569,-0.19719,0.219093,-0.088886,0.515919,0.852013,7e-05,-0.000878,-0.000739,0.000246,-0.001034,-0.000546,-0.918471,0.095361,0.026996,-0.077116,-0.417805,0.877684,-0.234753,-0.485937,-0.434199,-0.758508,-0.76766,-0.202834,0.60791,0.021214,0.003907,0.003096,0.012376,-0.105633,0.091914,-0.93845
833,0.162238,0.005899,0.32566,-0.204969,0.920515,-0.332694,-0.512258,-0.390464,-0.764919,-0.833777,0.012493,0.551985,0.042672,0.011951,0.009846,-0.020264,0.032975,-0.040668,-1.728051,-0.147436,0.025086,0.322914,0.200452,0.846477,0.493242,-0.960257,0.070186,0.270028,0.193711,-0.528823,0.826248,-0.000961,0.007595,-0.010842,0.036498,0.007551,-0.001946,-1.405457,0.046037,0.031665,-0.015093,-0.290341,-0.829937,0.476347,0.953384,-0.208112,0.21851,-0.082216,0.517584,0.851672,0.000129,-0.001621,-0.00136,0.00631,0.002788,0.010858,-0.918634,0.096174,0.027072,-0.076882,-0.422837,0.875196,-0.235031,-0.487487,-0.438312,-0.755141,-0.763913,-0.204727,0.611982,0.014401,0.000413,0.009092,-0.098844,-0.026787,0.033454,-0.937634
834,0.163443,0.006052,0.326298,-0.202986,0.919825,-0.335805,-0.516528,-0.391868,-0.761321,-0.831628,0.017768,0.555073,0.02881,0.001738,0.018957,-0.032083,-0.047112,0.089576,-1.728409,-0.147719,0.025087,0.322801,0.207425,0.845046,0.492812,-0.958875,0.076112,0.273312,0.1932,-0.530291,0.825426,-0.014515,0.010072,-0.007427,-1.097848,-2.106835,1.366071,-1.405803,0.045901,0.031657,-0.015158,-0.29593,-0.82663,0.478651,0.951867,-0.21332,0.220094,-0.079831,0.520745,0.84997,1e-06,3e-06,7e-06,0.01269,-0.00992,-0.004122,-0.918961,0.096783,0.027156,-0.076563,-0.421078,0.875127,-0.238421,-0.490936,-0.440926,-0.751375,-0.762675,-0.199338,0.615296,0.014369,0.006316,0.005294,0.004296,-0.039517,0.091705,-0.937797
835,0.16395,0.006168,0.326578,-0.202346,0.919882,-0.336034,-0.519008,-0.391646,-0.759748,-0.830239,0.019525,0.557089,0.014806,0.012136,0.010438,0.001687,-0.030172,0.053867,-1.73196,-0.147862,0.025111,0.32281,0.217426,0.84256,0.492757,-0.957913,0.08751,0.273273,0.186864,-0.532487,0.825471,-0.000146,0.001891,0.001589,0.008612,-0.012499,0.034855,-1.405885,0.045824,0.03167,-0.015158,-0.306664,-0.823749,0.476857,0.94886,-0.225117,0.221327,-0.07497,0.520344,0.850658,-8e-05,0.001036,0.000878,0.01113,-0.014135,0.032854,-0.919614,0.097042,0.027213,-0.076417,-0.420467,0.875372,-0.238602,-0.493315,-0.441276,-0.749609,-0.761477,-0.19748,0.617376,0.014355,0.000506,0.009119,-0.030447,-0.046123,0.091987,-0.93845
836,0.164742,0.006403,0.327078,-0.206771,0.919126,-0.33541,-0.517393,-0.393617,-0.759831,-0.830153,0.015281,0.557351,0.014597,0.009987,0.00849,0.001691,-0.030151,0.05388,-1.743136,-0.148134,0.02523,0.322833,0.231508,0.838344,0.493532,-0.956463,0.103744,0.272669,0.177109,-0.536217,0.825207,-0.00025,0.003264,0.00274,0.002028,-0.016209,0.023741,-1.405933,0.045693,0.031729,-0.015148,-0.319991,-0.81772,0.478476,0.945201,-0.240996,0.220258,-0.064799,0.522737,0.850027,-0.000113,0.001464,0.001239,-0.014489,0.110916,-0.164578,-0.920593,0.097438,0.027335,-0.076163,-0.424553,0.873644,-0.237696,-0.491333,-0.442822,-0.749999,-0.76049,-0.201626,0.617252,0.007298,0.005068,0.004299,0.001578,-0.030452,0.054106,-0.937797
837,0.165269,0.006535,0.327357,-0.208289,0.918391,-0.336479,-0.519467,-0.395302,-0.757537,-0.828474,0.015857,0.559826,0.014197,-0.007181,0.011286,-0.033892,-0.016616,0.035937,-1.744408,-0.14847,0.025309,0.322958,0.235895,0.836855,0.493983,-0.955971,0.108801,0.272425,0.173947,-0.537542,0.825018,-0.000253,0.003345,0.002804,0.075734,0.024441,0.146846,-1.405797,0.04552,0.031774,-0.01508,-0.324049,-0.815698,0.479194,0.944036,-0.245862,0.219878,-0.061538,0.523628,0.84972,-0.000126,0.001652,0.001393,0.076305,0.024651,0.147307,-0.920104,0.097707,0.027409,-0.076017,-0.425929,0.872702,-0.238692,-0.492815,-0.44503,-0.747717,-0.75876,-0.200844,0.619632,0.007071,-0.003892,0.005368,-0.033463,-0.016819,0.036334,-0.939756
838,0.16549,0.006556,0.327411,-0.209115,0.917879,-0.337364,-0.521427,-0.39645,-0.755588,-0.827033,0.016761,0.561927,0.013948,0.001535,0.001042,0.00097,-0.014714,0.029546,-1.748361,-0.148566,0.025374,0.322983,0.240713,0.835418,0.49409,-0.955359,0.114368,0.272292,0.170676,-0.538621,0.824997,-0.000164,0.002173,0.001821,5e-06,3e-06,8e-06,-1.405777,0.045472,0.031808,-0.015067,-0.328654,-0.813619,0.479592,0.942659,-0.251334,0.2196,-0.058133,0.524265,0.849568,-9.9e-05,0.001298,0.001096,-0.000461,-0.000814,-0.000552,-0.918144,0.097813,0.02742,-0.07599,-0.426732,0.872068,-0.239576,-0.494322,-0.446747,-0.745695,-0.757327,-0.199784,0.621724,6.3e-05,0.000912,0.000793,0.005151,-3.9e-05,0.002341,-0.93992
839,0.165847,0.006563,0.327475,-0.21,0.917126,-0.338858,-0.525445,-0.398081,-0.751938,-0.824261,0.019001,0.565915,0.000101,0.001418,0.001243,-0.0,0.0,-0.0,-1.746887,-0.148831,0.025538,0.323017,0.257911,0.828353,0.497296,-0.95218,0.130947,0.275935,0.163138,-0.545716,0.821853,-0.013458,0.001597,0.002655,-0.302946,0.336193,0.216066,-1.405981,0.045339,0.031889,-0.01505,-0.343622,-0.805336,0.48307,0.937815,-0.267299,0.221476,-0.049239,0.529135,0.847106,-0.006735,0.000844,0.001369,-0.477778,0.478836,0.285072,-0.918471,0.097996,0.027418,-0.075962,-0.427544,0.871267,-0.241039,-0.497554,-0.449416,-0.741933,-0.754748,-0.197279,0.625647,4.3e-05,0.000628,0.000543,0.002339,-9e-05,0.001144,-0.938613
840,0.166004,0.006542,0.327521,-0.210085,0.917112,-0.338844,-0.525545,-0.398115,-0.75185,-0.824176,0.018981,0.56604,9e-06,0.000126,0.00011,0.0,-0.0,-0.0,-1.745836,-0.149161,0.025657,0.323097,0.273832,0.822346,0.498753,-0.949176,0.147712,0.277811,0.15445,-0.550504,0.820337,-0.000226,0.003068,0.002565,-0.067637,0.05819,0.080618,-1.40564,0.045174,0.031948,-0.015011,-0.359397,-0.796388,0.486414,0.932292,-0.283638,0.224453,-0.040786,0.534149,0.844405,-0.007316,0.006131,-0.002794,-0.045856,0.090133,0.05604,-0.917818,0.098074,0.027408,-0.07594,-0.427613,0.87124,-0.241012,-0.497626,-0.44946,-0.741857,-0.754662,-0.197294,0.625747,-3e-06,-8e-06,-1e-05,-0.004929,0.106322,-0.167835,-0.937307
841,0.165956,0.006565,0.327582,-0.211421,0.916616,-0.339355,-0.525371,-0.399289,-0.751349,-0.823943,0.018293,0.566401,0.000164,0.002308,0.002022,0.000716,-0.015418,0.024338,-1.745318,-0.14944,0.02574,0.323103,0.296316,0.812782,0.501571,-0.945233,0.174667,0.275606,0.136037,-0.556782,0.81936,-0.013355,0.000371,0.00162,-4.1e-05,-0.001003,-0.005501,-1.405879,0.045035,0.031991,-0.015006,-0.380321,-0.783991,0.490625,0.924601,-0.309904,0.221519,-0.021622,0.537881,0.842743,-0.006669,9e-05,0.00074,-0.000486,-0.005438,-0.006283,-0.919614,0.09805,0.027413,-0.075915,-0.42887,0.870495,-0.241468,-0.49716,-0.450615,-0.741469,-0.754255,-0.197946,0.626031,4.1e-05,0.000594,0.000519,-4.4e-05,-8e-05,4.9e-05,-0.939267
842,0.165916,0.006599,0.327613,-0.210752,0.915749,-0.3421,-0.524397,-0.401188,-0.751018,-0.824735,0.019975,0.56519,0.000106,0.001493,0.001307,0.008442,-0.03064,-0.01967,-1.745099,-0.149642,0.025761,0.323102,0.29762,0.811441,0.502969,-0.944679,0.174592,0.27755,0.137037,-0.558761,0.817845,-0.013291,-0.000491,0.000898,-0.015726,0.029853,-0.01805,-1.405998,0.044939,0.032003,-0.015006,-0.381455,-0.782431,0.492232,0.92411,-0.309762,0.223754,-0.022597,0.540229,0.841213,-0.006647,-0.000208,0.000489,0.006435,0.011338,-0.026598,-0.924186,0.09803,0.027433,-0.075897,-0.42823,0.869927,-0.244631,-0.495611,-0.452453,-0.741387,-0.755637,-0.196243,0.6249,6.3e-05,0.000916,0.000803,0.000231,-0.013922,-0.000139,-0.940083
843,0.166101,0.006719,0.327714,-0.208185,0.914469,-0.347059,-0.522679,-0.403869,-0.750779,-0.826479,0.023958,0.562482,0.000316,0.004472,0.003912,0.06454,-0.246813,-0.124213,-1.749914,-0.149944,0.025777,0.323081,0.31328,0.804679,0.50432,-0.940873,0.191302,0.279455,0.12801,-0.563054,0.816362,4e-06,-6e-05,-5e-05,0.799936,0.502204,1.383276,-1.405814,0.044782,0.032011,-0.015017,-0.394561,-0.77446,0.494502,0.918759,-0.324202,0.225329,-0.01419,0.543235,0.83946,-0.006627,-0.000565,7.7e-05,2.759494,1.583741,4.513934,-0.926962,0.098122,0.027489,-0.075849,-0.426177,0.869589,-0.249372,-0.493539,-0.45452,-0.741505,-0.75815,-0.192938,0.622883,0.000164,0.002307,0.002016,0.076158,-0.277445,-0.151679,-0.942369
844,0.166415,0.006795,0.327933,-0.208099,0.914301,-0.347555,-0.524987,-0.404155,-0.749012,-0.825037,0.025453,0.56453,0.000285,0.004088,0.00357,1.2e-05,-4.2e-05,-2.7e-05,-1.746974,-0.150182,0.025944,0.322985,0.328203,0.794058,0.51161,-0.93824,0.211705,0.273532,0.108487,-0.570778,0.813821,-0.014491,0.010761,-0.006871,0.036626,0.006478,-0.007712,-1.405869,0.044669,0.032089,-0.015064,-0.408824,-0.76154,0.502909,0.912583,-0.345542,0.218612,0.007295,0.548321,0.836235,-0.007251,0.005475,-0.003347,0.05429,0.008418,0.02796,-0.929248,0.098274,0.027532,-0.075742,-0.425867,0.869527,-0.250118,-0.495553,-0.455447,-0.73959,-0.757009,-0.19102,0.624857,0.00704,0.001912,0.001508,0.003138,-0.011503,0.03357,-0.943838
845,0.166617,0.00681,0.328035,-0.207583,0.914514,-0.347304,-0.525238,-0.403652,-0.749108,-0.825008,0.025774,0.564558,0.014062,0.003562,0.00279,0.000984,-0.014715,0.029553,-1.745986,-0.150362,0.026038,0.322938,0.332249,0.788829,0.51706,-0.937527,0.216687,0.272073,0.102172,-0.576138,0.810857,-0.013262,-0.000773,0.000655,-0.068831,-0.007769,0.200678,-1.40589,0.044579,0.03214,-0.015089,-0.411632,-0.7561,0.508794,0.91124,-0.350115,0.216931,0.014115,0.55293,0.833107,-0.000627,0.006014,-0.003546,-0.071961,0.09781,0.104682,-0.928921,0.098375,0.027538,-0.075686,-0.425389,0.869839,-0.249845,-0.495932,-0.454976,-0.739626,-0.75703,-0.190723,0.624924,0.007051,0.002113,0.001679,0.002091,-0.029494,0.054241,-0.944165
846,0.167183,0.006824,0.328155,-0.206823,0.914851,-0.346867,-0.525587,-0.402857,-0.749291,-0.824977,0.026196,0.564583,0.027691,0.001009,0.000229,0.001969,-0.029429,0.059106,-1.746932,-0.150778,0.026282,0.322756,0.35371,0.777877,0.51941,-0.930936,0.239405,0.275638,0.089629,-0.582005,0.808146,-0.013222,-0.00128,0.000228,-0.165088,0.227193,0.160016,-1.406143,0.044376,0.032259,-0.015177,-0.430841,-0.743204,0.511881,0.902014,-0.371834,0.219338,0.027322,0.556224,0.830582,-0.007217,0.0051,-0.003663,-0.08234,0.520301,0.658639,-0.924349,0.098664,0.027549,-0.075622,-0.42467,0.870311,-0.249423,-0.496459,-0.454245,-0.739721,-0.757088,-0.190309,0.624978,0.013837,0.000426,3.9e-05,0.002037,-0.029248,0.058987,-0.944982
847,0.16784,0.006786,0.328265,-0.205472,0.914284,-0.349158,-0.525022,-0.403998,-0.749072,-0.825676,0.028262,0.563461,0.014045,-0.009158,0.009512,-0.016253,0.008205,-0.184274,-1.744933,-0.151187,0.026554,0.322596,0.367331,0.769049,0.52309,-0.926749,0.255643,0.275166,0.077441,-0.58681,0.805928,-0.014496,0.011291,-0.006429,0.032176,0.007611,-0.009055,-1.406075,0.044167,0.032392,-0.015259,-0.443738,-0.731865,0.517175,0.895277,-0.387586,0.21967,0.039681,0.560491,0.827208,-0.007261,0.005884,-0.003003,0.049204,-0.009954,-0.017242,-0.926472,0.098982,0.027529,-0.075574,-0.423454,0.87019,-0.251903,-0.495568,-0.455278,-0.739684,-0.758352,-0.188387,0.624028,0.006942,0.000593,0.000341,0.032747,-0.129488,-0.043259,-0.946124
848,0.168547,0.00675,0.328309,-0.210125,0.913405,-0.348688,-0.522934,-0.406282,-0.749297,-0.825824,0.023755,0.563452,0.027602,-0.000204,-0.000859,0.054003,0.082361,-0.024981,-1.746254,-0.151534,0.026951,0.322469,0.376343,0.756366,0.53504,-0.924595,0.270629,0.26799,0.057439,-0.596495,0.800474,-0.001434,0.014973,-0.004646,2.003481,2.526945,-0.055684,-1.405967,0.043987,0.032593,-0.015327,-0.450384,-0.719006,0.529324,0.890837,-0.401519,0.212581,0.059687,0.567285,0.821355,-0.000737,0.007555,-0.002287,2.022352,2.520309,-0.049451,-0.927615,0.099335,0.027511,-0.075546,-0.427653,0.868353,-0.251144,-0.493199,-0.456979,-0.740219,-0.75754,-0.192694,0.623699,0.006907,3.4e-05,-0.00015,0.178387,0.363837,-0.250808,-0.947268
849,0.168877,0.00671,0.328306,-0.209659,0.913612,-0.348426,-0.523094,-0.405802,-0.749446,-0.825841,0.023992,0.563416,0.027566,-0.000798,-0.001383,0.001969,-0.029429,0.059106,-1.746336,-0.151695,0.027171,0.322423,0.380216,0.750838,0.540065,-0.923411,0.276014,0.266577,0.050624,-0.600995,0.797562,-0.014698,0.014739,-0.003555,0.022985,0.01108,0.022455,-1.405866,0.043913,0.032697,-0.015349,-0.453146,-0.712673,0.535495,0.888856,-0.406897,0.21064,0.067774,0.571428,0.817848,-0.000722,0.007643,-0.002182,0.061863,-0.118986,0.177878,-0.922226,0.099501,0.027491,-0.075547,-0.427364,0.86857,-0.250887,-0.493405,-0.45661,-0.740309,-0.757568,-0.192593,0.623696,0.006885,-0.000327,-0.000466,0.00054,-0.014474,0.029474,-0.947594
850,0.169496,0.006698,0.328225,-0.210431,0.914513,-0.345586,-0.523994,-0.403878,-0.749857,-0.825074,0.022151,0.564615,0.013767,-0.000686,-0.000949,-0.070405,0.238532,0.191836,-1.745933,-0.151935,0.027517,0.322423,0.399744,0.734431,0.548458,-0.91594,0.298328,0.268307,0.032942,-0.610525,0.791225,-0.014709,0.015163,-0.003207,0.300962,0.67598,-0.378231,-1.405595,0.043793,0.032871,-0.015348,-0.470372,-0.694305,0.544692,0.878313,-0.428162,0.212705,0.085534,0.578461,0.811212,-0.000137,0.002064,0.001722,1.036111,2.02942,-1.247457,-0.925329,0.099815,0.027483,-0.075589,-0.427554,0.869046,-0.248908,-0.494333,-0.455293,-0.740501,-0.756856,-0.193561,0.62426,0.006821,0.005252,-0.004523,-0.088742,0.370239,0.334372,-0.948084
851,0.170064,0.006809,0.328133,-0.209714,0.914829,-0.345187,-0.523857,-0.403153,-0.750342,-0.825344,0.02233,0.564212,0.01379,-0.00024,-0.000567,0.000971,-0.014669,0.029583,-1.747375,-0.152011,0.027952,0.32248,0.418759,0.714914,0.559938,-0.907905,0.319991,0.270641,0.013796,-0.622596,0.782334,-0.001603,0.017734,-0.002357,0.242248,0.716218,-0.311692,-1.405097,0.04375,0.033088,-0.015319,-0.485913,-0.672917,0.557736,0.867585,-0.448581,0.21464,0.105755,0.58818,0.801784,-0.006785,0.002344,0.002585,0.916389,2.229477,-1.400099,-0.926798,0.100094,0.027534,-0.075632,-0.427416,0.869507,-0.247532,-0.494806,-0.454145,-0.74089,-0.756625,-0.194187,0.624346,0.01379,-0.000254,-0.00059,0.002994,-0.031873,0.056819,-0.948247
852,0.170312,0.006821,0.328111,-0.209449,0.914949,-0.345027,-0.523869,-0.402873,-0.750484,-0.825404,0.022419,0.564121,0.013788,-0.000265,-0.000591,0.000984,-0.014714,0.029554,-1.747656,-0.152026,0.028131,0.322514,0.429234,0.703265,0.566718,-0.903097,0.330501,0.274078,0.004921,-0.630321,0.776231,-0.001528,0.016583,-0.003315,-0.394457,0.469379,0.364227,-1.404844,0.043742,0.033181,-0.015299,-0.492973,-0.661621,0.565008,0.862211,-0.458452,0.215438,0.116491,0.593361,0.796461,-0.00019,0.002939,0.002442,-0.029156,0.101266,0.045574,-0.926309,0.100223,0.027545,-0.075647,-0.427129,0.869687,-0.247396,-0.49487,-0.453843,-0.741032,-0.756745,-0.194087,0.624232,0.0,-2e-06,-1.3e-05,0.000113,-0.000418,-0.000271,-0.948737
853,0.17079,0.006814,0.328131,-0.210576,0.914097,-0.346597,-0.527771,-0.404675,-0.746772,-0.822626,0.024531,0.568077,0.013813,0.000183,-0.000206,-0.004931,-0.014371,0.026401,-1.7483,-0.151954,0.02848,0.322601,0.434752,0.689768,0.578967,-0.900394,0.34138,0.269601,-0.012219,-0.639367,0.768716,-0.000375,0.005698,0.004717,-0.000169,-0.087174,0.194136,-1.404976,0.043778,0.033358,-0.01526,-0.49695,-0.646213,0.57918,0.857391,-0.468594,0.212834,0.133864,0.602352,0.786925,-0.000169,0.002597,0.002152,0.036503,0.042779,-0.036179,-0.93284,0.100462,0.027541,-0.075637,-0.428202,0.86871,-0.248968,-0.497987,-0.456733,-0.737158,-0.754089,-0.19167,0.62818,0.00691,0.000137,-7.2e-05,-0.01331,-0.01351,0.021423,-0.945471
854,0.171198,0.006867,0.328206,-0.210554,0.913903,-0.347122,-0.529858,-0.405024,-0.745103,-0.82129,0.0259,0.569947,0.000193,0.003516,0.00306,-0.0,0.0,-0.0,-1.769414,-0.151813,0.028586,0.322637,0.435344,0.689058,0.579368,-0.900087,0.34269,0.268964,-0.013746,-0.639431,0.768637,-4e-06,5.8e-05,4.8e-05,-5e-06,5e-06,4e-06,-1.404519,0.043848,0.03342,-0.015234,-0.497458,-0.645799,0.579205,0.856856,-0.470004,0.21188,0.135397,0.601697,0.787164,0.006593,0.000417,-0.000293,0.001968,-0.017454,0.02772,-0.932677,0.100666,0.02756,-0.075606,-0.428197,0.86856,-0.249499,-0.499762,-0.45763,-0.735399,-0.752916,-0.190205,0.630029,0.000173,-0.003839,0.00556,-0.032969,0.013059,-0.016962,-0.94939
855,0.171378,0.007006,0.328496,-0.210353,0.913998,-0.346994,-0.530183,-0.404795,-0.744996,-0.821132,0.026117,0.570164,0.000425,0.007823,0.006793,0.000756,-0.015387,0.024357,-1.864083,-0.151642,0.028537,0.322554,0.439776,0.679399,0.587371,-0.897649,0.351568,0.265632,-0.02657,-0.644918,0.7637,0.001399,-0.014441,0.005093,-0.041792,0.015618,-0.013994,-1.40483,0.043933,0.0334,-0.015279,-0.500189,-0.635808,0.587842,0.853076,-0.478294,0.208552,0.148562,0.60579,0.78163,0.006705,-0.001234,-0.001661,0.010808,-0.014096,0.001767,-0.930064,0.100761,0.027627,-0.075463,-0.427982,0.868705,-0.249361,-0.500113,-0.457449,-0.735273,-0.752806,-0.189975,0.630231,0.00718,-0.001767,0.007171,-0.039121,0.089102,-0.132315,-0.954453
856,0.171378,0.007007,0.328737,-0.210605,0.91391,-0.347071,-0.53053,-0.404989,-0.744644,-0.820843,0.026165,0.570578,0.00062,-0.002666,0.015467,-0.034888,-0.002344,0.006165,-1.896532,-0.151509,0.028476,0.322478,0.444554,0.669752,0.594807,-0.894832,0.36088,0.262632,-0.039301,-0.64984,0.758964,0.000273,-0.004065,-0.003368,0.931418,2.158861,-1.455351,-1.404832,0.044,0.033365,-0.015314,-0.50492,-0.626501,0.593759,0.84829,-0.487321,0.207174,0.159557,0.608287,0.777513,0.006757,-0.00195,-0.002256,-0.03255,-0.068794,0.215926,-0.927615,0.100761,0.027633,-0.075345,-0.428201,0.86858,-0.249422,-0.500364,-0.457718,-0.734934,-0.752514,-0.189897,0.630602,0.000312,-0.0012,0.007848,-0.03491,-0.002399,0.006187,-0.95331
857,0.171343,0.006943,0.329403,-0.211684,0.913283,-0.348064,-0.533507,-0.406307,-0.741794,-0.818632,0.027529,0.573682,0.000807,-0.013302,0.024005,-0.070532,0.010675,-0.012043,-1.913173,-0.151406,0.028397,0.322313,0.444581,0.662638,0.602702,-0.894371,0.364522,0.259148,-0.048522,-0.655077,0.753912,0.000261,-0.003874,-0.003215,-0.006477,0.021019,-0.020021,-1.404526,0.044051,0.033322,-0.015399,-0.501943,-0.619146,0.603912,0.84779,-0.490411,0.201861,0.171184,0.613314,0.771065,0.000103,-0.001503,-0.001249,0.011777,-0.017074,-0.004869,-0.925002,0.100743,0.02761,-0.075017,-0.429199,0.867812,-0.250379,-0.502692,-0.459822,-0.732027,-0.750392,-0.188322,0.633597,0.000325,-0.000894,0.008103,-0.034675,-0.002386,0.006278,-0.95086
858,0.171476,0.006842,0.330151,-0.214932,0.912514,-0.348093,-0.541353,-0.407905,-0.735202,-0.812611,0.029285,0.582094,0.000837,0.001402,0.018921,-0.135601,0.348694,0.229134,-1.913528,-0.151409,0.028319,0.321915,0.455573,0.648205,0.610143,-0.887519,0.383137,0.255831,-0.068496,-0.65887,0.749041,-0.000525,0.001381,-0.015945,0.000392,0.045758,0.027337,-1.404923,0.04405,0.033288,-0.015588,-0.510472,-0.60364,0.612401,0.838361,-0.507754,0.198333,0.191227,0.614657,0.765263,0.000378,-0.005505,-0.004579,-0.035312,0.153284,-0.148723,-0.927125,0.10081,0.02755,-0.074632,-0.431659,0.86624,-0.251589,-0.508922,-0.464156,-0.724952,-0.74476,-0.184893,0.641206,0.000417,0.000891,0.009622,-0.182258,0.483458,0.356732,-0.942369
859,0.171587,0.006795,0.330599,-0.215139,0.912216,-0.348744,-0.544092,-0.408444,-0.732877,-0.810724,0.030941,0.584633,0.01458,0.00106,0.018228,-0.035152,-0.012687,0.038494,-1.913643,-0.151455,0.028209,0.321675,0.464317,0.634599,0.617806,-0.881699,0.396573,0.255482,-0.083446,-0.664133,0.742851,-0.012465,-0.011942,-0.008671,-0.104926,0.149858,0.046293,-1.405407,0.044027,0.033231,-0.015716,-0.516916,-0.589239,0.620962,0.83077,-0.520245,0.197902,0.206441,0.618176,0.758446,-0.006211,-0.006164,-0.004494,-0.088784,0.123497,0.039157,-0.919614,0.10086,0.027529,-0.074412,-0.432491,0.866085,-0.250695,-0.511884,-0.464745,-0.722486,-0.742243,-0.184142,0.644333,0.000501,-0.004617,0.013733,-0.060288,-0.016134,0.001625,-0.944492
860,0.171897,0.00658,0.331441,-0.215208,0.913365,-0.345682,-0.546865,-0.405917,-0.732217,-0.808838,0.030323,0.587271,0.000907,-0.01138,0.025601,-0.070332,-0.002755,0.01356,-1.913992,-0.151476,0.027985,0.32122,0.461998,0.628052,0.626179,-0.88206,0.398362,0.251418,-0.092109,-0.669263,0.737201,-0.00054,0.001566,-0.015834,0.03424,0.006534,-0.005152,-1.405689,0.044011,0.033117,-0.015938,-0.513483,-0.583524,0.629153,0.83061,-0.522085,0.193682,0.215453,0.622034,0.752763,-0.000243,0.00051,-0.008141,0.041301,-0.003829,-0.0104,-0.912429,0.101021,0.027429,-0.073991,-0.432493,0.86698,-0.247578,-0.514984,-0.462921,-0.721453,-0.740095,-0.184524,0.646691,0.007197,-0.000883,0.007882,-0.029263,-0.027654,0.025423,-0.954452
861,0.172355,0.006246,0.332163,-0.214844,0.913563,-0.345382,-0.548596,-0.405398,-0.731209,-0.807763,0.031239,0.588702,0.014302,-0.003866,0.013965,-0.033903,-0.017084,0.035711,-1.913558,-0.151477,0.027859,0.320703,0.456886,0.627638,0.630331,-0.884501,0.395234,0.247754,-0.094188,-0.671504,0.734897,-0.000501,0.000976,-0.016358,0.02062,0.119652,-0.168154,-1.405728,0.044016,0.033051,-0.0162,-0.50814,-0.584055,0.632987,0.833307,-0.519161,0.189921,0.217698,0.623979,0.750503,0.000371,-0.005427,-0.004559,-0.004621,0.032507,-0.047994,-0.914715,0.101245,0.027262,-0.073623,-0.432129,0.867197,-0.247451,-0.516619,-0.462957,-0.72026,-0.739167,-0.183408,0.648068,0.007212,-0.00782,0.01078,-0.069515,-0.004725,0.017309,-0.958208
