frame,MLTx,MLTy,MLTz,MLTR1,MLTR2,MLTR3,MLTR4,MLTR5,MLTR6,MLTR7,MLTR8,MLTR9,MLTTVx,MLTTVy,MLTTVz,MLTRVx,MLTRVy,MLTRVz,MLGA,MRTx,MRTy,MRTz,MRTR1,MRTR2,MRTR3,MRTR4,MRTR5,MRTR6,MRTR7,MRTR8,MRTR9,MRTTVx,MRTTVy,MRTTVz,MRTRVx,MRTRVy,MRTRVz,MRGA,SLTx,SLTy,SLTz,SLTR1,SLTR2,SLTR3,SLTR4,SLTR5,SLTR6,SLTR7,SLTR8,SLTR9,SLTTVx,SLTTVy,SLTTVz,SLTRVx,SLTRVy,SLTRVz,SLGA,SRTx,SRTy,SRTz,SRTR1,SRTR2,SRTR3,SRTR4,SRTR5,SRTR6,SRTR7,SRTR8,SRTR9,SRTTVx,SRTTVy,SRTTVz,SRTRVx,SRTRVy,SRTRVz,SRGA
687,-0.019461,0.021515,0.380658,-0.294391,0.355879,-0.886977,0.512479,0.842141,0.167737,0.807028,-0.405615,-0.429196,0.002748,0.010767,-0.008629,-1.359459,0.590381,-0.531642,-1.89045,-0.216836,0.014223,0.342461,0.509355,-0.44799,0.734747,0.186863,0.89093,0.413834,-0.840624,-0.072938,0.536558,-0.00208,-0.002577,-0.018864,6.2e-05,-0.002649,-0.056776,0.11396,0.021392,0.054419,-0.022629,-0.556182,0.317876,0.767864,0.024196,-0.917372,0.397293,0.830707,0.239547,0.502535,-0.001071,-0.001498,-0.009587,0.000624,-0.002391,-0.056152,-0.052514,0.005138,0.06315,-0.036118,0.430974,-0.335779,-0.837563,-0.4725,-0.874742,0.107556,-0.768768,0.349395,-0.535647,0.000381,0.000392,0.000271,-4.80682,1.432342,-2.141516,-1.020652
688,-0.019375,0.021564,0.380575,-0.283937,0.354617,-0.890883,0.524592,0.835159,0.165181,0.802965,-0.420885,-0.422054,0.000162,0.000228,0.000205,0.018972,0.085123,0.041675,-1.890584,-0.217289,0.013755,0.34195,0.531857,-0.425391,0.732231,0.145039,0.89757,0.416252,-0.834948,-0.114658,0.538125,-0.015582,-0.015393,-0.011347,-0.370678,-0.163447,-0.345051,0.112179,0.02117,0.054188,-0.022883,-0.57347,0.291476,0.765619,0.066069,-0.915064,0.397858,0.816557,0.278744,0.505504,-0.007864,-0.002145,-0.009764,-1.191612,-0.684356,-0.945642,-0.031123,0.005183,0.063179,-0.036162,0.419713,-0.334649,-0.843712,-0.485608,-0.868115,0.102758,-0.766828,0.366584,-0.526867,9.7e-05,0.00014,0.000127,0.024822,0.042612,0.028765,-1.025224
689,-0.019322,0.021555,0.38056,-0.277258,0.353449,-0.893447,0.527345,0.833273,0.165937,0.803488,-0.425582,-0.41631,0.000193,0.000271,0.000244,0.037637,0.159705,0.079334,-1.890584,-0.217625,0.013557,0.341659,0.541551,-0.41861,0.729026,0.130197,0.898418,0.419317,-0.831163,-0.131647,0.540094,-0.015744,-0.004042,-0.019391,-0.021602,-0.126364,0.123319,0.111262,0.021002,0.054081,-0.023028,-0.581697,0.282416,0.762803,0.081469,-0.912845,0.400093,0.809315,0.294878,0.507991,-0.007777,-0.007432,-0.005467,-0.194599,-0.530765,0.605093,-0.02949,0.005209,0.063175,-0.03617,0.413468,-0.334158,-0.846984,-0.488676,-0.866335,0.103238,-0.76827,0.371215,-0.521497,0.000117,0.000168,0.000152,0.046092,0.164923,0.088468,-1.027673
690,-0.019201,0.021497,0.380567,-0.272613,0.350509,-0.89603,0.530551,0.83165,0.163848,0.80296,-0.431155,-0.411567,0.013004,-0.005326,-0.002835,0.013841,0.039912,0.056686,-1.890938,-0.218083,0.013397,0.341135,0.563139,-0.408372,0.7184,0.103327,0.897244,0.429199,-0.820541,-0.166962,0.546534,-0.001358,-0.009469,-0.007475,-0.015674,-0.004695,-0.014971,0.110375,0.020766,0.05399,-0.023305,-0.601289,0.26816,0.752689,0.107865,-0.906137,0.408997,0.791717,0.327115,0.515925,-0.000651,-0.004512,-0.003547,-0.012167,0.003923,-0.02321,-0.030307,0.005265,0.063147,-0.036166,0.409017,-0.331406,-0.85022,-0.491527,-0.865018,0.100714,-0.768833,0.376712,-0.516702,0.000266,0.000376,0.000337,0.017213,0.022553,0.018835,-1.032572
691,-0.019131,0.021446,0.3806,-0.272213,0.350704,-0.896076,0.530753,0.831466,0.164124,0.802962,-0.431351,-0.411359,2.3e-05,3.2e-05,2.9e-05,2e-06,1e-05,5e-06,-1.890815,-0.218217,0.013435,0.340789,0.585877,-0.395208,0.707495,0.077502,0.896257,0.436634,-0.807377,-0.200492,0.554805,-0.000636,0.00779,-0.010814,0.026559,-0.020787,0.009101,0.123538,0.020699,0.054005,-0.023474,-0.621271,0.250671,0.742418,0.133224,-0.899867,0.415317,0.772186,0.356933,0.525667,-0.00026,0.004341,-0.005046,-0.061118,-0.177002,0.101433,-0.021489,0.005306,0.063121,-0.036149,0.408932,-0.331864,-0.850082,-0.491762,-0.864844,0.101064,-0.768728,0.376711,-0.51686,0.006289,-0.002961,-0.001687,-4.3e-05,-0.016436,0.028308,-1.034858
692,-0.019107,0.021427,0.380587,-0.271759,0.351002,-0.896097,0.530897,0.831289,0.164553,0.80302,-0.431449,-0.411142,-0.000505,-0.000711,-0.000638,0.0,0.0,0.0,-1.890692,-0.218268,0.01342,0.340702,0.595462,-0.390413,0.702135,0.069593,0.895668,0.439169,-0.801067,-0.21216,0.559591,-0.000476,-0.003303,-0.002615,-3.803416,-2.549014,-3.165396,0.130646,0.020679,0.054005,-0.023518,-0.628167,0.248317,0.73739,0.135592,-0.898269,0.418002,0.766172,0.36256,0.530593,-0.000191,-0.001309,-0.00103,0.137922,-0.34473,0.093794,-0.014304,0.005319,0.063113,-0.036154,0.408506,-0.332211,-0.850151,-0.491994,-0.864664,0.101473,-0.768806,0.376817,-0.516666,-0.000415,-0.000582,-0.000523,-0.006321,0.089351,-0.178193,-1.031919
693,-0.01902,0.021364,0.380519,-0.265258,0.352623,-0.897408,0.540132,0.825313,0.164582,0.799015,-0.441497,-0.408267,-0.000819,-0.001153,-0.001035,-1.47295,0.335579,-0.645754,-1.890862,-0.218503,0.013265,0.340681,0.613023,-0.384578,0.69014,0.058895,0.89325,0.445613,-0.788593,-0.232047,0.569332,-0.000164,-0.013303,0.006449,-0.034054,-0.31185,0.295641,0.141509,0.020562,0.053933,-0.023531,-0.645944,0.234247,0.726555,0.151376,-0.893552,0.422669,0.748224,0.383004,0.541725,-9.6e-05,-0.000516,-0.000399,-0.53579,-1.807238,2.011948,0.000555,0.005362,0.063082,-0.036188,0.404154,-0.33246,-0.852132,-0.496579,-0.862114,0.100834,-0.768158,0.382399,-0.513519,0.006216,-0.003065,-0.001778,0.023267,0.057097,0.068186,-1.033062
694,-0.018935,0.021341,0.38047,-0.263231,0.35087,-0.898691,0.539451,0.825806,0.164347,0.800143,-0.44197,-0.405536,-5e-06,-7e-06,-6e-06,0.076037,0.318474,0.158152,-1.890904,-0.218779,0.013194,0.340806,0.637767,-0.375547,0.672464,0.051049,0.891671,0.449722,-0.769293,-0.252023,0.586972,0.000244,0.001676,0.001328,0.230953,-0.432106,-0.047638,0.148401,0.020418,0.05389,-0.023468,-0.669312,0.221502,0.709195,0.158514,-0.889977,0.427566,0.725874,0.398593,0.560562,0.000142,0.001031,0.000821,0.273998,-0.465381,-0.080332,0.015088,0.005403,0.063067,-0.036215,0.401016,-0.333746,-0.853111,-0.501411,-0.859352,0.100492,-0.766662,0.387461,-0.511959,1.2e-05,1.5e-05,1.4e-05,0.083291,0.549333,0.242065,-1.031592
695,-0.018823,0.02128,0.380446,-0.261954,0.348578,-0.899954,0.5386,0.826564,0.163321,0.801134,-0.442362,-0.403147,0.012591,-0.005907,-0.00336,0.013716,0.038647,0.056051,-1.891028,-0.218931,0.013259,0.340866,0.654609,-0.360823,0.664293,0.045253,0.89577,0.442134,-0.755391,-0.258915,0.601839,0.000173,0.001184,0.000937,0.348335,-0.599479,-0.158575,0.155328,0.020343,0.053927,-0.023434,-0.682329,0.204556,0.701842,0.164857,-0.892268,0.420331,0.712213,0.402508,0.575098,-0.006563,0.001179,0.00129,0.355104,-0.62218,-0.218041,0.024885,0.005454,0.063039,-0.036225,0.398907,-0.330296,-0.855439,-0.499844,-0.860423,0.099134,-0.768783,0.388042,-0.508326,4e-06,7e-06,6e-06,0.016938,0.034521,0.022659,-1.029469
696,-0.018761,0.021244,0.380423,-0.260746,0.346181,-0.90123,0.542994,0.824429,0.159521,0.798555,-0.448194,-0.401819,-2.7e-05,-3.8e-05,-3.4e-05,-0.342004,-0.173917,0.741924,-1.890866,-0.218959,0.013292,0.340867,0.662973,-0.350737,0.661393,0.03635,0.897406,0.439631,-0.748549,-0.266986,0.60684,5.3e-05,0.00036,0.000285,0.097231,-0.160731,-0.110615,0.158051,0.020329,0.053945,-0.023432,-0.68963,0.191351,0.698422,0.173644,-0.892623,0.416016,0.703034,0.408175,0.582353,2.2e-05,0.000195,0.000156,0.067585,-0.268878,0.042119,0.029131,0.00549,0.063019,-0.036238,0.395826,-0.329842,-0.857044,-0.503908,-0.858228,0.097568,-0.767722,0.393252,-0.505919,0.006283,-0.002969,-0.001695,-0.00856,0.10414,0.067995,-1.030286
697,-0.018618,0.021161,0.380373,-0.259116,0.347451,-0.901211,0.547738,0.821362,0.159122,0.795838,-0.452825,-0.402019,-1.2e-05,-1.7e-05,-1.6e-05,4e-06,1.9e-05,9e-06,-1.890736,-0.219055,0.013297,0.340825,0.6753,-0.337354,0.655861,0.027808,0.900175,0.434563,-0.737824,-0.274802,0.616411,-0.013515,-0.000385,0.000395,0.029268,-0.030438,-0.059401,0.165195,0.020287,0.05395,-0.023451,-0.699235,0.175631,0.69298,0.182429,-0.893422,0.410507,0.691222,0.413461,0.592672,-0.000131,-0.000865,-0.000685,-0.009645,0.009301,-0.04046,0.039908,0.005561,0.062977,-0.036264,0.396411,-0.329498,-0.856906,-0.508637,-0.855856,0.093795,-0.764293,0.398673,-0.506867,2e-06,4e-06,2e-06,-9.5e-05,-0.002264,-0.001476,-1.032409
698,-0.018509,0.021112,0.380318,-0.257506,0.345401,-0.90246,0.546957,0.822006,0.158482,0.796895,-0.453222,-0.399468,-0.000312,-0.00044,-0.000395,0.033661,0.141313,0.070182,-1.891016,-0.219291,0.013346,0.340762,0.687346,-0.318245,0.652892,0.007213,0.901747,0.432129,-0.727113,-0.291916,0.621252,-0.000421,0.009214,-0.00969,0.036507,-0.002273,-0.010263,0.167815,0.020163,0.053971,-0.02348,-0.7069,0.154725,0.690182,0.20296,-0.890373,0.407481,0.677567,0.428128,0.598002,-0.006724,7.4e-05,0.000412,-0.016748,0.03423,-0.020856,0.04595,0.005612,0.062956,-0.036289,0.394918,-0.327901,-0.858207,-0.508024,-0.856265,0.093383,-0.765473,0.399111,-0.504737,0.000832,0.004634,-0.004989,0.071841,0.307746,-0.05187,-1.035348
699,-0.018501,0.021093,0.38029,-0.253861,0.344842,-0.903705,0.551052,0.819394,0.157815,0.795236,-0.458351,-0.396914,-0.000678,-0.000957,-0.000859,0.029145,0.122173,0.060679,-1.890714,-0.219455,0.013352,0.34075,0.694091,-0.306938,0.651167,-0.008215,0.901012,0.433639,-0.720666,-0.305952,0.62201,-0.013458,2.2e-05,0.000714,-1.081627,-0.703787,-1.060537,0.168754,0.020091,0.053974,-0.023492,-0.710212,0.146877,0.688495,0.212706,-0.887513,0.408749,0.671084,0.436746,0.59908,-9.5e-05,-0.000602,-0.000473,0.000263,0.007062,0.000539,0.047909,0.005621,0.062945,-0.036303,0.391286,-0.327336,-0.860084,-0.512082,-0.853989,0.09205,-0.764634,0.404416,-0.501777,-0.000518,-0.000732,-0.000657,0.041649,0.180534,0.088345,-1.033551
700,-0.01853,0.021047,0.38017,-0.241383,0.337846,-0.909747,0.561334,0.8133,0.153033,0.791907,-0.474149,-0.384829,-0.001513,-0.002136,-0.00192,0.111879,0.470063,0.233511,-1.890631,-0.219766,0.013349,0.34079,0.701209,-0.301456,0.646081,-0.017281,0.898656,0.438238,-0.713579,-0.318086,0.624091,-0.013333,0.000873,0.001385,-0.002058,0.01517,-0.029206,0.168214,0.01993,0.053972,-0.023473,-0.717169,0.135794,0.68354,0.226428,-0.882213,0.41283,0.659088,0.450842,0.601948,-1e-06,3.2e-05,3.1e-05,0.003723,0.006398,-0.004262,0.049379,0.005607,0.062923,-0.036363,0.379696,-0.322017,-0.867257,-0.522524,-0.848255,0.086194,-0.763412,0.420436,-0.490341,-0.00095,-0.001345,-0.001204,0.128338,0.700681,0.32273,-1.027183
701,-0.018607,0.02093,0.380039,-0.233613,0.324195,-0.916716,0.576422,0.805418,0.137883,0.783338,-0.496604,-0.373889,-0.002375,-0.003352,-0.003017,0.089664,0.433353,0.209616,-1.891054,-0.220072,0.013381,0.340845,0.708544,-0.296233,0.640471,-0.025803,0.896033,0.443162,-0.706037,-0.330156,0.626396,-0.01332,0.000953,0.001446,-0.16103,-0.212008,0.055903,0.167572,0.019777,0.053989,-0.023444,-0.723328,0.129325,0.678285,0.234327,-0.878039,0.417298,0.649528,0.460784,0.604805,2e-06,3.6e-05,3.4e-05,-0.551826,-0.815278,0.343221,0.048726,0.005569,0.062865,-0.036428,0.371832,-0.308433,-0.875562,-0.535808,-0.841523,0.068896,-0.758056,0.443516,-0.478167,-0.001422,-0.002006,-0.001801,0.086176,0.527811,0.408708,-1.033388
702,-0.018668,0.020744,0.379866,-0.222704,0.30982,-0.92437,0.589504,0.79796,0.125368,0.776737,-0.517381,-0.359199,0.01115,-0.001051,-0.017321,-4.948126,1.108394,-1.526904,-1.890645,-0.220492,0.013401,0.340895,0.717525,-0.286569,0.634845,-0.03956,0.893102,0.448038,-0.69626,-0.346234,0.628654,-0.013329,0.000895,0.001397,-0.021858,-0.033637,0.023595,0.162486,0.019567,0.053999,-0.023419,-0.730489,0.118063,0.672641,0.24741,-0.872283,0.421793,0.636531,0.474533,0.607984,-0.006672,0.000447,0.000705,-0.071214,-0.156871,0.159436,0.046113,0.005539,0.062772,-0.036515,0.361449,-0.294235,-0.884748,-0.546067,-0.835938,0.054916,-0.755753,0.463283,-0.462822,0.005521,-0.000748,-0.008869,-4.944037,1.154694,-1.511338,-1.038287
703,-0.018674,0.020646,0.379785,-0.217289,0.304218,-0.927514,0.5962,0.793709,0.120602,0.773144,-0.527153,-0.352685,-0.002829,-0.003991,-0.003603,0.012926,0.146013,0.243997,-1.890692,-0.220743,0.013411,0.340916,0.720401,-0.283138,0.633125,-0.044276,0.892131,0.449527,-0.692998,-0.351518,0.629326,-0.013537,-0.000467,0.000316,-0.003594,0.030326,-0.053726,0.156795,0.019442,0.054007,-0.023406,-0.732683,0.114166,0.670925,0.251847,-0.870363,0.423132,0.632256,0.478992,0.608948,-0.00667,0.000453,0.000709,-0.010163,0.124534,-0.202012,0.041215,0.005535,0.062722,-0.036556,0.354983,-0.288448,-0.88926,-0.553393,-0.831488,0.0488,-0.753486,0.474788,-0.45479,0.00513,-0.004612,-0.003178,-0.069603,0.17495,0.075265,-1.037797
704,-0.018685,0.020587,0.379615,-0.205485,0.293508,-0.933635,0.609769,0.784553,0.112379,0.765734,-0.546571,-0.339024,-0.001389,-0.00196,-0.001771,0.060651,0.285142,0.140306,-1.890464,-0.221214,0.013453,0.340949,0.726119,-0.273023,0.631032,-0.054607,0.891876,0.448898,-0.686258,-0.360071,0.631871,-0.013395,0.000477,0.00106,0.007521,0.001018,-0.038629,0.146933,0.019206,0.054025,-0.023392,-0.736304,0.102912,0.668778,0.261805,-0.86806,0.421816,0.62395,0.485675,0.612213,-4.8e-05,-0.000283,-0.000218,-0.010891,0.005551,-0.000192,0.029294,0.005526,0.062689,-0.036644,0.343947,-0.279141,-0.896538,-0.566463,-0.823164,0.038979,-0.748878,0.494449,-0.441248,0.000278,0.003856,-0.005691,0.096071,0.323472,0.177528,-1.037471
705,-0.018681,0.020762,0.379372,-0.195172,0.291211,-0.936563,0.625612,0.772361,0.109726,0.755569,-0.564869,-0.331763,0.002011,0.009756,-0.009536,0.010266,0.071363,0.043258,-1.890374,-0.221764,0.013445,0.340946,0.726799,-0.267283,0.632704,-0.061464,0.892065,0.447635,-0.684956,-0.363895,0.631094,-0.013638,-0.001067,-0.000168,-0.002042,0.015202,-0.029247,0.137994,0.018932,0.054024,-0.023392,-0.735581,0.097324,0.670408,0.268535,-0.866663,0.420455,0.621939,0.489307,0.611366,-0.006865,-0.000817,-0.0003,-0.001969,0.016332,-0.028222,0.018191,0.005526,0.062767,-0.03676,0.333909,-0.277172,-0.900932,-0.582281,-0.812272,0.034087,-0.74125,0.513214,-0.432617,0.001054,0.004948,-0.004704,-0.408674,0.124951,-0.100537,-1.037634
706,-0.018659,0.020957,0.379202,-0.189242,0.288965,-0.938473,0.633003,0.766516,0.108317,0.750898,-0.573914,-0.326805,0.002148,0.009948,-0.00936,-5.083663,1.00094,-1.802431,-1.890326,-0.222062,0.013403,0.34094,0.730674,-0.255702,0.633027,-0.073109,0.892471,0.445067,-0.679665,-0.37116,0.632581,-0.01375,-0.001761,-0.000721,0.032841,-0.036971,-0.063717,0.132365,0.018783,0.054003,-0.023395,-0.736991,0.085079,0.670525,0.27977,-0.864673,0.417215,0.615281,0.495077,0.613454,-0.006919,-0.001136,-0.000555,0.022168,-0.017247,-0.086435,0.012149,0.005539,0.062873,-0.036851,0.329041,-0.275857,-0.903125,-0.588771,-0.807658,0.032186,-0.738295,0.521143,-0.428169,0.001119,0.00485,-0.004771,-5.085511,1.064622,-1.77933,-1.03943
707,-0.01857,0.02159,0.378652,-0.180985,0.285732,-0.941088,0.643227,0.758221,0.106452,0.744203,-0.586419,-0.319847,0.0044,0.020037,-0.018582,0.084154,0.043764,0.072055,-1.890516,-0.222645,0.013299,0.340886,0.734174,-0.241331,0.634617,-0.090506,0.891462,0.443889,-0.673768,-0.383026,0.631815,-0.013931,-0.002834,-0.00158,-0.002038,0.015196,-0.029252,0.120993,0.018497,0.053952,-0.02342,-0.737285,0.070384,0.671905,0.296578,-0.859878,0.415511,0.607002,0.505623,0.613101,-0.00697,-0.001421,-0.000786,-0.002464,0.01699,-0.027802,-0.001894,0.005582,0.06318,-0.037114,0.320154,-0.272591,-0.9073,-0.600364,-0.799226,0.028274,-0.732846,0.535658,-0.41953,0.002237,0.010066,-0.009247,0.096403,0.04203,0.075049,-1.040573
708,-0.018454,0.022278,0.378018,-0.171278,0.283405,-0.943605,0.657613,0.746034,0.104644,0.733839,-0.602953,-0.312976,0.004287,0.019871,-0.018718,-0.062686,0.032361,0.012029,-1.89051,-0.223055,0.013135,0.340776,0.73906,-0.232999,0.632054,-0.095983,0.892173,0.441303,-0.667638,-0.386525,0.636177,-0.000821,-0.005154,-0.004098,0.207741,-0.313587,-0.207003,0.114119,0.018281,0.05387,-0.023476,-0.739853,0.06272,0.669837,0.301807,-0.858895,0.413776,0.601272,0.508295,0.616527,-0.007169,-0.002624,-0.001746,0.395099,-0.487029,-0.374947,-0.013325,0.005641,0.063528,-0.037434,0.310645,-0.270856,-0.911118,-0.615025,-0.788123,0.0246,-0.724736,0.552718,-0.41141,0.002149,0.009936,-0.009361,-0.394041,0.124926,-0.284639,-1.03845
709,-0.018308,0.022931,0.377371,-0.165989,0.281416,-0.945144,0.663722,0.740706,0.103924,0.729534,-0.61041,-0.308556,0.004217,0.019768,-0.018798,0.079826,0.024187,0.062703,-1.890254,-0.2233,0.012931,0.340625,0.739926,-0.230269,0.632042,-0.096806,0.893247,0.438945,-0.666559,-0.385685,0.637817,-0.000789,-0.004929,-0.003928,0.034618,-0.052391,-0.034576,0.108089,0.018159,0.053768,-0.023551,-0.740742,0.058315,0.669253,0.302769,-0.86033,0.410074,0.599692,0.506389,0.619627,-0.007084,-0.00208,-0.00132,0.030411,-0.029266,-0.095034,-0.022795,0.005714,0.063855,-0.037757,0.30553,-0.269446,-0.913263,-0.621494,-0.783077,0.023117,-0.721384,0.560525,-0.406713,0.002105,0.009868,-0.009414,0.081523,0.100747,-0.117566,-1.038614
710,-0.018242,0.023231,0.377093,-0.164289,0.282915,-0.944994,0.667496,0.73721,0.104607,0.726466,-0.613943,-0.308785,0.004398,0.020021,-0.018563,0.063058,-0.049136,0.025473,-1.890074,-0.223374,0.012839,0.340566,0.741039,-0.227905,0.631595,-0.097229,0.894193,0.43692,-0.665259,-0.3849,0.639645,-0.000791,-0.004933,-0.003933,0.007062,0.002096,-0.033078,0.107831,0.018121,0.05372,-0.023581,-0.741413,0.05559,0.668742,0.303341,-0.861167,0.407891,0.598573,0.505273,0.621617,-0.000335,-0.002096,-0.00167,-0.020949,0.014748,0.005544,-0.025571,0.005747,0.064005,-0.037897,0.304051,-0.271179,-0.913243,-0.625473,-0.779896,0.023341,-0.718565,0.564112,-0.406744,0.00112,0.005022,-0.004627,0.032047,-0.037922,0.007239,-1.03894
711,-0.018118,0.023776,0.376648,-0.161966,0.285002,-0.944768,0.670934,0.73384,0.106295,0.723813,-0.617012,-0.308899,0.002963,0.011086,-0.008304,0.031385,-0.025144,0.012444,-1.889962,-0.223526,0.012712,0.340472,0.747744,-0.223657,0.625179,-0.095756,0.895287,0.435,-0.657929,-0.384854,0.647209,-0.000495,-0.003075,-0.002456,0.287222,-0.435672,-0.287261,0.107387,0.018045,0.053653,-0.023632,-0.746615,0.052223,0.663202,0.30191,-0.861741,0.407739,0.592802,0.504652,0.627623,-0.000244,-0.001512,-0.001202,0.272993,-0.415509,-0.283211,-0.029,0.005809,0.064279,-0.038124,0.301928,-0.273545,-0.913243,-0.629348,-0.776734,0.024587,-0.716072,0.567325,-0.406672,0.001607,0.005712,-0.004002,0.030486,-0.025467,0.01178,-1.039104
712,-0.018086,0.024238,0.376366,-0.155654,0.285717,-0.945612,0.678517,0.726612,0.107801,0.718096,-0.625187,-0.305788,-0.009527,0.017067,-0.004864,0.076289,0.351808,-0.059675,-1.889882,-0.223644,0.01261,0.340396,0.75032,-0.219422,0.62359,-0.096027,0.897018,0.431359,-0.654949,-0.383265,0.651162,-0.000311,-0.001927,-0.00154,0.048681,-0.073809,-0.048699,0.100314,0.017986,0.053602,-0.02367,-0.749036,0.045584,0.660958,0.302463,-0.864073,0.40236,0.589457,0.501298,0.633435,-0.000176,-0.001095,-0.000874,0.048355,-0.172811,0.12074,-0.035042,0.00583,0.064509,-0.038265,0.296325,-0.275571,-0.914467,-0.63792,-0.769689,0.02523,-0.710808,0.575881,-0.40387,0.001627,0.005737,-0.003974,0.051552,0.426694,0.207369,-1.034695
713,-0.018108,0.024459,0.376305,-0.152217,0.284588,-0.946512,0.682036,0.72332,0.10774,0.71549,-0.629506,-0.303023,0.001891,0.002664,0.002407,0.109614,0.507742,0.288223,-1.889874,-0.223679,0.012578,0.340372,0.751523,-0.217205,0.622918,-0.096291,0.897908,0.429446,-0.65353,-0.382448,0.653066,-0.000124,-0.00077,-0.000616,0.015922,-0.024152,-0.015935,0.096042,0.017968,0.053584,-0.023683,-0.749824,0.043019,0.660237,0.302869,-0.864878,0.400318,0.588246,0.500134,0.635477,-7e-05,-0.00044,-0.000352,-0.011818,-0.000724,-0.005421,-0.040267,0.005814,0.064623,-0.0383,0.293369,-0.276132,-0.915251,-0.642043,-0.766247,0.025381,-0.708317,0.580185,-0.402082,-0.004503,0.008893,-0.002106,-0.00867,-0.02168,-0.037235,-1.033878
714,-0.018126,0.024839,0.376255,-0.145336,0.279169,-0.949203,0.683708,0.721769,0.107538,0.715316,-0.633694,-0.294589,0.002366,0.003331,0.003005,0.03626,0.13895,0.103851,-1.889682,-0.223672,0.012564,0.34036,0.753933,-0.212808,0.621522,-0.096793,0.899664,0.425642,-0.650673,-0.380798,0.656872,-0.0,-2e-06,-1e-06,0.067673,-0.102727,-0.067774,0.091796,0.017972,0.053578,-0.023688,-0.751191,0.038632,0.658952,0.303463,-0.866322,0.396731,0.586192,0.497989,0.63905,1.1e-05,6.7e-05,5.5e-05,0.098884,-0.147991,-0.096991,-0.048269,0.005808,0.064806,-0.038324,0.285517,-0.268766,-0.919915,-0.643174,-0.765344,0.023982,-0.710497,0.584818,-0.391382,0.001125,0.001586,0.001432,0.051889,0.209755,0.109059,-1.036981
715,-0.018077,0.025001,0.37638,-0.141555,0.272008,-0.95185,0.686002,0.720149,0.103721,0.713871,-0.638625,-0.287355,0.002436,0.003431,0.00309,0.011501,0.049253,0.02533,-1.889597,-0.223673,0.01254,0.340366,0.753717,-0.21253,0.621878,-0.097163,0.899723,0.425431,-0.650867,-0.380813,0.656671,-7.1e-05,-0.000437,-0.00035,1.7e-05,-2.6e-05,-1.7e-05,0.088479,0.017972,0.053569,-0.023683,-0.750903,0.038285,0.659301,0.303988,-0.866232,0.396525,0.586289,0.498172,0.638818,-4.3e-05,-0.000267,-0.000213,-0.001208,0.00248,0.001807,-0.053004,0.00583,0.064896,-0.038261,0.281559,-0.261435,-0.923241,-0.644794,-0.764101,0.019729,-0.710608,0.589746,-0.383712,0.001443,0.002037,0.001834,0.020734,-0.012394,0.034141,-1.037144
716,-0.017954,0.025086,0.376556,-0.140661,0.269303,-0.952752,0.685485,0.720818,0.102487,0.714544,-0.639014,-0.284809,0.002516,0.003546,0.003188,0.000215,0.000922,0.000474,-1.889721,-0.223654,0.012475,0.34039,0.753352,-0.212075,0.622476,-0.09782,0.899795,0.425128,-0.651192,-0.380897,0.6563,-5e-06,-2.9e-05,-2.3e-05,-0.010597,0.104328,-0.168982,0.085247,0.017981,0.053535,-0.023672,-0.750497,0.038029,0.659778,0.304498,-0.866161,0.39629,0.586544,0.498316,0.638472,-0.0,2e-06,2e-06,0.000562,0.000401,0.000599,-0.057086,0.005892,0.064939,-0.038172,0.280844,-0.259167,-0.924098,-0.644032,-0.764768,0.018753,-0.711581,0.589883,-0.381692,0.001475,0.002081,0.001868,0.00095,-0.025409,0.020666,-1.039593
717,-0.017902,0.025111,0.376663,-0.140269,0.269371,-0.95279,0.685634,0.720639,0.102744,0.714477,-0.639186,-0.284588,0.002403,0.003389,0.003044,3e-06,1.3e-05,7e-06,-1.889668,-0.223634,0.01244,0.340412,0.75321,-0.211911,0.622703,-0.098093,0.899804,0.425047,-0.651314,-0.380968,0.656138,-0.0,-1e-06,-0.0,0.0,-0.0,-0.0,0.084146,0.017991,0.053518,-0.02366,-0.750229,0.037836,0.660094,0.304848,-0.866116,0.396119,0.586705,0.498408,0.638251,2e-06,1.4e-05,1.1e-05,0.00048,0.000316,0.00048,-0.058719,0.005919,0.064952,-0.038119,0.280508,-0.259361,-0.924146,-0.644248,-0.764579,0.019028,-0.711518,0.590042,-0.381564,0.001392,0.001967,0.001765,-0.000498,-0.015111,0.024342,-1.040246
718,-0.017797,0.025231,0.376799,-0.135967,0.268184,-0.953749,0.684884,0.72102,0.10505,0.716022,-0.639255,-0.280524,0.002738,0.003864,0.003465,0.039398,0.151976,0.110472,-1.890156,-0.223623,0.012379,0.340465,0.752782,-0.21138,0.623401,-0.098878,0.899877,0.42471,-0.651691,-0.381091,0.655692,0.0,1e-06,1e-06,0.0,-0.0,-0.0,0.081006,0.017997,0.053488,-0.023633,-0.749665,0.037414,0.660759,0.305592,-0.866023,0.395747,0.587039,0.4986,0.637794,3.4e-05,-0.005591,0.00407,-0.035696,0.014997,-0.015674,-0.061495,0.00597,0.065011,-0.038052,0.276331,-0.258827,-0.925553,-0.644053,-0.764677,0.021552,-0.713327,0.59015,-0.378002,0.001133,0.001602,0.001437,0.042049,0.240619,0.118083,-1.041063
719,-0.017734,0.025384,0.376812,-0.130069,0.262036,-0.956277,0.691426,0.715209,0.101879,0.710803,-0.648266,-0.273015,0.003493,0.011824,-0.007645,-5.202187,0.740696,-1.359731,-1.889973,-0.223625,0.012298,0.340503,0.752442,-0.210966,0.623951,-0.099522,0.899917,0.424475,-0.651984,-0.381227,0.655321,-1.6e-05,-0.000102,-8.2e-05,0.0,-0.0,-0.0,0.07819,0.017996,0.053447,-0.023615,-0.749219,0.037084,0.661282,0.306205,-0.865927,0.395483,0.587288,0.498792,0.637414,-7e-06,-4.3e-05,-3.3e-05,0.000211,0.000123,0.000231,-0.064434,0.006005,0.065091,-0.038042,0.270692,-0.252411,-0.928985,-0.649128,-0.760477,0.01748,-0.710884,0.598299,-0.369703,0.001656,0.005589,-0.004046,-5.195309,0.722585,-1.362096,-1.041716
720,-0.017717,0.025457,0.376794,-0.125214,0.25226,-0.959548,0.693129,0.714203,0.097257,0.71001,-0.653223,-0.263083,-0.011255,0.007658,0.004941,0.161824,0.69329,0.351796,-1.889765,-0.223626,0.012249,0.340528,0.752264,-0.210752,0.624239,-0.099871,0.899929,0.424367,-0.652137,-0.381317,0.655117,1.7e-05,-0.011494,0.007888,-0.036014,0.014775,-0.016005,0.076358,0.017996,0.053423,-0.023602,-0.748986,0.036912,0.661556,0.306538,-0.865865,0.395361,0.587412,0.498912,0.637206,7e-06,-0.005753,0.003939,-0.035828,0.014885,-0.01583,-0.066557,0.006012,0.065126,-0.038053,0.265761,-0.244764,-0.932448,-0.652182,-0.757948,0.013077,-0.709949,0.604651,-0.361064,-0.005679,0.003755,0.002402,0.173261,0.615647,0.321964,-1.040247
721,-0.017709,0.025597,0.376803,-0.116122,0.23548,-0.964941,0.701342,0.707333,0.088159,0.703446,-0.666806,-0.246088,-0.011363,0.007499,0.004797,0.077704,0.352867,0.144445,-1.889868,-0.223613,0.012153,0.340618,0.753389,-0.208508,0.623635,-0.100425,0.90068,0.42264,-0.650751,-0.38078,0.656805,0.000164,0.001018,0.000814,0.000959,-0.001471,-0.000968,0.074028,0.018001,0.053373,-0.023559,-0.749687,0.034387,0.660898,0.307144,-0.866502,0.393493,0.5862,0.497987,0.639043,0.00011,0.000686,0.000548,-0.009779,0.008952,0.004264,-0.069823,0.00602,0.065192,-0.038051,0.255674,-0.227166,-0.939694,-0.659197,-0.751966,0.002428,-0.70717,0.618823,-0.342005,0.000785,0.00111,0.00099,0.112393,0.473083,0.274225,-1.045145
722,-0.017677,0.025674,0.376882,-0.113013,0.216079,-0.969837,0.705586,0.704654,0.074721,0.699694,-0.676125,-0.230891,0.00148,0.002089,0.001868,0.103227,0.450857,0.232017,-1.889797,-0.223581,0.012065,0.340687,0.753271,-0.208409,0.623811,-0.100751,0.900602,0.422727,-0.650837,-0.381018,0.656582,8.3e-05,0.000514,0.000411,0.0,-0.0,-0.0,0.072614,0.018018,0.053331,-0.023523,-0.7495,0.034411,0.661108,0.307465,-0.866309,0.393665,0.586271,0.49832,0.638719,5.3e-05,0.000337,0.000269,-7e-06,0.000344,0.000303,-0.072599,0.006031,0.065232,-0.038011,0.252344,-0.208977,-0.944801,-0.661957,-0.74946,-0.01103,-0.705786,0.628201,-0.327456,0.00054,0.000765,0.000683,0.130398,0.762455,0.375335,-1.040573
723,-0.017556,0.025726,0.376925,-0.109664,0.205819,-0.972449,0.711352,0.69954,0.067783,0.694363,-0.684574,-0.221914,0.00189,0.00267,0.002385,0.027267,0.10535,0.086605,-1.889629,-0.223573,0.012009,0.340705,0.753093,-0.208198,0.624096,-0.101098,0.900613,0.422621,-0.650989,-0.381108,0.656378,-0.000115,-0.000716,-0.000572,0.0,-0.0,-0.0,0.071059,0.018022,0.053305,-0.023512,-0.749267,0.034247,0.661381,0.307792,-0.866247,0.393546,0.586397,0.498439,0.63851,-7.8e-05,-0.000479,-0.000385,0.000138,0.000101,0.000136,-0.074395,0.006091,0.065257,-0.03799,0.24835,-0.19735,-0.948353,-0.66646,-0.745286,-0.019437,-0.702959,0.636867,-0.316618,0.000635,0.000905,0.000806,0.038833,0.080488,0.046541,-1.040246
724,-0.017465,0.025754,0.376944,-0.109,0.203074,-0.973101,0.710764,0.700263,0.066467,0.695068,-0.684651,-0.219456,0.001589,0.002246,0.002005,0.009036,0.040058,0.02062,-1.890209,-0.223574,0.011994,0.340706,0.752948,-0.20801,0.624333,-0.10134,0.900655,0.422473,-0.651119,-0.381111,0.656248,-3.8e-05,-0.000239,-0.000191,0.0,-0.0,-0.0,0.070471,0.018021,0.053296,-0.023513,-0.749075,0.034092,0.661606,0.308027,-0.866236,0.393387,0.586519,0.498469,0.638374,-2.4e-05,-0.000144,-0.000117,0.000107,6.9e-05,0.000125,-0.075212,0.006137,0.065273,-0.037978,0.247689,-0.194748,-0.949063,-0.665565,-0.746054,-0.02061,-0.70404,0.636768,-0.314408,0.007233,-0.001545,-0.000434,0.016466,-0.019955,0.031971,-1.04041
725,-0.017333,0.025872,0.377002,-0.104398,0.199153,-0.974415,0.717926,0.693087,0.064682,0.688374,-0.693051,-0.214122,0.002097,0.002966,0.002644,0.023682,0.088782,0.07812,-1.88981,-0.2236,0.011961,0.340681,0.754087,-0.205719,0.623718,-0.101706,0.901537,0.4205,-0.649742,-0.380273,0.658096,-0.000271,-0.001684,-0.001347,-0.001405,0.014872,-0.024645,0.070009,0.018009,0.053282,-0.023523,-0.749767,0.031579,0.660947,0.308469,-0.867003,0.391346,0.585402,0.4973,0.640309,-2.9e-05,-0.000179,-0.000145,-0.004362,0.004403,0.002262,-0.076681,0.006202,0.065331,-0.03795,0.24315,-0.191525,-0.950892,-0.673054,-0.739229,-0.023212,-0.698481,0.645646,-0.308651,0.000748,0.001061,0.000942,0.027655,0.11176,0.057983,-1.037144
726,-0.017203,0.026024,0.376863,-0.093179,0.194904,-0.976409,0.727857,0.682455,0.066714,0.679483,-0.704711,-0.204238,0.002256,0.010081,-0.009203,-0.098426,0.055043,0.017979,-1.88962,-0.223637,0.011916,0.340646,0.753994,-0.205586,0.623874,-0.101861,0.901573,0.420387,-0.649826,-0.380261,0.65802,-0.013549,-8e-05,0.000594,-0.002044,0.015205,-0.029245,0.069474,0.017995,0.053257,-0.023543,-0.749624,0.031517,0.661113,0.308619,-0.866984,0.391269,0.585506,0.497337,0.640185,-0.000105,-0.000652,-0.000523,6.8e-05,0.000187,0.000223,-0.077661,0.00627,0.065408,-0.038012,0.231856,-0.187627,-0.954483,-0.683725,-0.729385,-0.022707,-0.691926,0.657869,-0.297398,-5e-05,-6.8e-05,-6.2e-05,-0.468313,0.063794,-0.073042,-1.040083
727,-0.017148,0.026108,0.376738,-0.090056,0.187346,-0.97818,0.730081,0.680424,0.06305,0.67751,-0.708704,-0.196837,0.001902,0.009581,-0.009648,0.144977,0.477718,0.271951,-1.889828,-0.223641,0.011896,0.34063,0.75523,-0.203435,0.623083,-0.102067,0.902411,0.418533,-0.648355,-0.379431,0.659947,-0.000129,-0.000799,-0.000639,0.009305,-0.014334,-0.009417,0.067168,0.017988,0.053246,-0.023551,-0.750495,0.028963,0.66024,0.308871,-0.867841,0.389164,0.584255,0.495995,0.642365,-7.5e-05,-0.000469,-0.000375,-0.011646,0.004658,-0.000584,-0.078967,0.006297,0.06545,-0.038075,0.229215,-0.182444,-0.956124,-0.686285,-0.726874,-0.025826,-0.69027,0.662093,-0.291819,-0.000246,-0.000352,-0.000318,0.142222,0.523886,0.277657,-1.042369
728,-0.017063,0.026383,0.376349,-0.08079,0.179648,-0.980431,0.74307,0.666423,0.060826,0.664418,-0.723836,-0.186111,0.002925,0.017917,-0.020399,0.098577,0.124846,0.083094,-1.889605,-0.223632,0.011888,0.340623,0.757749,-0.199211,0.621388,-0.102399,0.904056,0.414886,-0.645356,-0.377761,0.663834,-0.0,-1e-06,-1e-06,0.065918,-0.101543,-0.066712,0.064953,0.017992,0.053242,-0.023555,-0.752085,0.024559,0.658607,0.309293,-0.869278,0.385606,0.581983,0.493712,0.646175,5e-06,3e-05,2.5e-05,0.077716,-0.12109,-0.079876,-0.082886,0.00634,0.065582,-0.038261,0.219165,-0.173421,-0.960151,-0.699362,-0.714109,-0.030656,-0.680337,0.678212,-0.277792,0.000568,0.004248,-0.005312,0.085891,0.175531,0.121206,-1.046778
729,-0.016902,0.026832,0.375753,-0.069153,0.16979,-0.983074,0.754745,0.653277,0.059684,0.652448,-0.738052,-0.172101,0.000664,0.007827,-0.011204,0.102991,0.295392,0.17912,-1.889642,-0.223621,0.011886,0.340634,0.761637,-0.193067,0.618567,-0.102722,0.906435,0.409583,-0.64071,-0.375253,0.66973,4.3e-05,0.000268,0.000215,0.113484,-0.174678,-0.114761,0.064181,0.017998,0.053241,-0.02355,-0.754666,0.017976,0.655862,0.309818,-0.871394,0.380374,0.578352,0.490253,0.652042,2.9e-05,0.000182,0.000147,0.15544,-0.228984,-0.147325,-0.087295,0.00642,0.065812,-0.038567,0.207574,-0.165022,-0.964199,-0.711757,-0.701643,-0.033142,-0.671055,0.693155,-0.263098,0.001318,0.008741,-0.010394,0.141288,0.395873,0.221979,-1.045145
730,-0.016709,0.027403,0.375022,-0.061319,0.164523,-0.984488,0.759264,0.647903,0.06093,0.647962,-0.743953,-0.163421,0.002775,0.017702,-0.020569,0.133446,0.194093,-0.156023,-1.889326,-0.223629,0.011885,0.340646,0.764236,-0.189009,0.616611,-0.102921,0.90799,0.406073,-0.637574,-0.373563,0.673656,1e-06,5e-06,4e-06,0.019,-0.029226,-0.019201,0.062187,0.017994,0.053241,-0.023543,-0.756633,0.01288,0.653712,0.31034,-0.872933,0.376399,0.575495,0.487669,0.656493,-1e-06,-5e-06,-3e-06,-0.017264,0.006369,-0.001757,-0.089091,0.006516,0.066093,-0.03893,0.199718,-0.159552,-0.966776,-0.716491,-0.696814,-0.033015,-0.668396,0.69928,-0.253483,0.000593,0.004272,-0.005285,0.23129,0.488872,-0.735068,-1.047105
731,-0.01658,0.027682,0.374655,-0.056738,0.163571,-0.984922,0.765551,0.640341,0.06219,0.640937,-0.750681,-0.160328,0.003398,0.018585,-0.019773,0.084195,0.021284,-0.020537,-1.88926,-0.22363,0.01187,0.340647,0.765518,-0.186968,0.615643,-0.103052,0.90876,0.404312,-0.636013,-0.372719,0.675597,-5.1e-05,-0.000316,-0.000253,0.021277,-0.03272,-0.021495,0.061213,0.017993,0.053234,-0.023542,-0.757478,0.010682,0.652772,0.310558,-0.8736,0.374668,0.574264,0.486526,0.658416,-2.8e-05,-0.000177,-0.000142,-0.008578,-0.003232,-0.007003,-0.090724,0.00658,0.066237,-0.039123,0.194932,-0.15882,-0.967872,-0.723264,-0.689806,-0.032476,-0.662487,0.706359,-0.249334,0.001711,0.009299,-0.009887,0.089436,-0.028587,-0.041954,-1.045635
732,-0.016368,0.028242,0.373877,-0.049724,0.163764,-0.985268,0.770856,0.633522,0.066342,0.635124,-0.756404,-0.156514,0.002049,0.016672,-0.021472,0.062395,-0.035698,-8e-06,-1.889941,-0.22363,0.011845,0.340665,0.766662,-0.184754,0.614887,-0.103429,0.90955,0.402436,-0.63457,-0.371901,0.677401,-0.0,-0.0,-0.0,0.000504,-0.000776,-0.00051,0.058333,0.017993,0.053221,-0.023533,-0.758081,0.008453,0.652105,0.311077,-0.874145,0.372962,0.573187,0.485591,0.660043,0.0,3e-06,1e-06,-0.008056,0.00878,0.004689,-0.09399,0.006687,0.066514,-0.039501,0.188155,-0.159798,-0.969052,-0.729541,-0.683322,-0.028969,-0.657545,0.712414,-0.24515,0.007491,0.005726,-0.012126,0.062961,-0.082441,0.053527,-1.048738
733,-0.016147,0.028679,0.37308,-0.044776,0.166137,-0.985108,0.776853,0.625738,0.070166,0.628141,-0.762348,-0.155856,0.014123,0.010277,-0.025292,0.06061,0.028253,-0.121207,-1.88976,-0.22363,0.011778,0.340714,0.766471,-0.184526,0.615194,-0.103845,0.909528,0.402378,-0.634734,-0.372067,0.677157,7.1e-05,-0.011168,0.008155,-0.036017,0.014751,-0.016019,0.05644,0.017993,0.053192,-0.023512,-0.757806,0.008381,0.652426,0.311431,-0.87402,0.372961,0.573359,0.485818,0.659727,-1e-06,1e-06,1e-06,0.000467,0.000537,0.000754,-0.096439,0.006793,0.066734,-0.039899,0.183568,-0.162612,-0.969463,-0.736519,-0.675912,-0.026087,-0.65103,0.718818,-0.243842,-0.00062,0.002547,-0.006825,0.029406,-0.013636,-0.01147,-1.051514
734,-0.016057,0.028892,0.372682,-0.040246,0.16481,-0.985527,0.77931,0.622441,0.072213,0.625392,-0.765329,-0.152262,0.01414,0.010305,-0.025265,0.122885,0.202217,0.196635,-1.889617,-0.223608,0.011691,0.340785,0.766346,-0.184408,0.615385,-0.104187,0.909452,0.402461,-0.634829,-0.37231,0.676934,0.013475,-0.012012,0.006822,-0.033974,-0.000461,0.013222,0.05535,0.017999,0.053149,-0.023476,-0.757635,0.00829,0.652625,0.311755,-0.873879,0.373019,0.573408,0.486072,0.659497,1.2e-05,8.6e-05,6.9e-05,0.00051,0.00033,0.000554,-0.097582,0.006837,0.06684,-0.040099,0.17911,-0.162689,-0.970284,-0.739795,-0.67241,-0.023819,-0.648554,0.722078,-0.240792,-0.000593,0.002584,-0.00679,0.08728,0.428052,0.216742,-1.052493
735,-0.015967,0.02936,0.371923,-0.037208,0.163637,-0.985842,0.785028,0.615188,0.072431,0.618386,-0.77142,-0.150123,0.001245,0.015533,-0.022476,0.090328,0.196719,-0.101265,-1.889822,-0.223568,0.01143,0.340959,0.766064,-0.184167,0.615808,-0.105024,0.909226,0.402754,-0.635031,-0.372981,0.676375,-0.0,-3e-06,-2e-06,0.0,-0.0,-0.0,0.049271,0.018024,0.053014,-0.023387,-0.757292,0.008136,0.653024,0.312522,-0.873482,0.373305,0.573443,0.486786,0.658939,-2e-06,2e-06,1e-06,0.000356,0.000202,0.000363,-0.101991,0.006887,0.067073,-0.040478,0.176083,-0.160744,-0.971162,-0.745778,-0.665723,-0.02503,-0.642501,0.728679,-0.237102,-0.000324,0.002968,-0.006448,0.065739,0.176377,0.084038,-1.049391
736,-0.015887,0.029752,0.371219,-0.033057,0.15963,-0.986646,0.793981,0.603755,0.071027,0.60708,-0.781228,-0.145474,0.001747,0.016244,-0.021831,0.091451,0.185513,-0.074213,-1.889438,-0.223503,0.011237,0.341122,0.766892,-0.179417,0.61618,-0.111117,0.908399,0.402987,-0.632988,-0.377292,0.675898,0.000122,0.000759,0.000608,0.0,-0.0,-0.0,0.04363,0.018056,0.052915,-0.023306,-0.757089,0.003321,0.653303,0.318304,-0.871395,0.3733,0.570525,0.49057,0.658666,0.000129,-0.004989,0.004557,-0.035714,0.014895,-0.015748,-0.109013,0.006926,0.067264,-0.040828,0.171795,-0.156999,-0.972541,-0.755251,-0.654849,-0.027698,-0.63252,0.739272,-0.231073,-0.000393,0.002872,-0.006535,0.071087,0.195723,0.126987,-1.046941
737,-0.015881,0.029913,0.370914,-0.031404,0.157441,-0.987052,0.796709,0.600232,0.070339,0.603582,-0.784379,-0.143056,-0.000481,0.006202,-0.012647,-1.507267,0.527863,0.010313,-1.889612,-0.223483,0.011177,0.341162,0.76679,-0.179315,0.616337,-0.111369,0.908355,0.403014,-0.633068,-0.377445,0.675738,2e-06,1.3e-05,1e-05,0.0,-0.0,-0.0,0.043071,0.018067,0.052888,-0.023284,-0.75696,0.003247,0.653452,0.318534,-0.871303,0.373318,0.570567,0.490734,0.658507,-4e-06,-9e-06,-8e-06,0.000243,0.000149,0.00025,-0.111462,0.006929,0.067348,-0.040984,0.171393,-0.157193,-0.972581,-0.754663,-0.655554,-0.027037,-0.63333,0.738605,-0.230986,0.000856,0.008083,-0.010952,0.065074,-0.067681,0.016715,-1.051024
738,-0.015906,0.030075,0.37058,-0.028199,0.152634,-0.987904,0.80254,0.592618,0.0686,0.595964,-0.791086,-0.137977,-0.001153,-0.001633,-0.001475,-0.453401,0.202654,0.02234,-1.888865,-0.223485,0.011155,0.341158,0.766573,-0.179025,0.61669,-0.111732,0.908412,0.402785,-0.633267,-0.377446,0.675552,-5.6e-05,-0.000348,-0.000279,0.0,-0.0,-0.0,0.042308,0.018066,0.052877,-0.023287,-0.75667,0.003012,0.653789,0.318879,-0.871282,0.373073,0.570758,0.490773,0.658313,-3.7e-05,-0.000223,-0.00018,0.000169,0.000101,0.00016,-0.113258,0.006914,0.067431,-0.041163,0.166572,-0.15019,-0.974523,-0.763964,-0.6445,-0.031254,-0.623386,0.749707,-0.222096,-0.000501,-0.000714,-0.000647,-0.457737,0.210452,0.025886,-1.055759
739,-0.015909,0.030086,0.370549,-0.023945,0.138866,-0.990045,0.811043,0.581676,0.061918,0.584522,-0.801658,-0.125322,9.5e-05,0.000134,0.000121,0.090297,0.40144,0.216723,-1.888989,-0.223533,0.011135,0.341105,0.766368,-0.178723,0.617032,-0.112033,0.908509,0.402483,-0.633461,-0.377356,0.67542,-0.000214,-0.001332,-0.001067,0.0,-0.0,-0.0,0.04239,0.018042,0.052868,-0.023312,-0.756391,0.002761,0.654113,0.319172,-0.87131,0.372755,0.570965,0.490724,0.65817,-0.000136,-0.000847,-0.000677,0.000117,6.5e-05,0.000106,-0.113748,0.006909,0.067439,-0.041177,0.1619,-0.137971,-0.977113,-0.772663,-0.633644,-0.038552,-0.613823,0.761221,-0.209193,0.000139,0.000196,0.000172,0.112699,0.706275,0.370432,-1.056086
740,-0.015792,0.030017,0.370612,-0.020402,0.124798,-0.991995,0.819551,0.570351,0.054844,0.572664,-0.812026,-0.11268,0.013697,-0.004079,-0.001746,0.120658,0.414572,0.48719,-1.889685,-0.223525,0.011058,0.341043,0.766159,-0.178445,0.617372,-0.112366,0.908574,0.402246,-0.633655,-0.377334,0.675251,-0.000307,-0.001908,-0.001529,0.0,-0.0,-0.0,0.042438,0.018046,0.052829,-0.023344,-0.756112,0.002532,0.654436,0.319493,-0.8713,0.372503,0.571154,0.490742,0.657992,-0.00016,-0.001,-0.000799,7.2e-05,4.7e-05,7.2e-05,-0.114075,0.006973,0.067403,-0.041146,0.157737,-0.124054,-0.979657,-0.780814,-0.623005,-0.04683,-0.604522,0.772317,-0.195134,0.006931,-0.001921,-0.000771,0.108551,0.552827,0.553154,-1.048901
741,-0.015691,0.029998,0.370661,-0.018616,0.11921,-0.992717,0.825593,0.561846,0.051933,0.563976,-0.818762,-0.107643,0.014543,-0.002874,-0.000662,0.060661,0.238332,0.198765,-1.889324,-0.223521,0.011017,0.341009,0.765987,-0.178214,0.617653,-0.112642,0.908627,0.402049,-0.633814,-0.377317,0.675111,-0.000356,-0.002213,-0.001775,0.0,-0.0,-0.0,0.042292,0.018048,0.052809,-0.02336,-0.755882,0.002339,0.654703,0.319763,-0.871291,0.372293,0.571308,0.490759,0.657845,-0.000205,-0.001284,-0.001027,-0.0015,0.015055,-0.024463,-0.114075,0.007017,0.067393,-0.041122,0.155479,-0.117528,-0.980822,-0.786768,-0.615136,-0.051009,-0.597345,0.779611,-0.188109,0.000797,0.001138,0.00102,0.069942,0.332078,0.177587,-1.048901
742,-0.015486,0.030059,0.370695,-0.015868,0.102214,-0.994659,0.833362,0.551006,0.043275,0.552514,-0.82835,-0.092687,0.01447,-0.002966,-0.00075,0.108666,0.455089,0.315768,-1.889709,-0.223545,0.010929,0.340939,0.76573,-0.177864,0.618072,-0.113057,0.908706,0.401753,-0.63405,-0.377291,0.674903,-0.000426,-0.002642,-0.00212,0.0,-0.0,-0.0,0.042314,0.018036,0.052766,-0.023394,-0.755538,0.002046,0.655101,0.320169,-0.871277,0.371977,0.571536,0.490786,0.657628,-0.000249,-0.001553,-0.001246,-0.001521,0.01506,-0.024495,-0.114238,0.007121,0.067426,-0.041103,0.152052,-0.101746,-0.983121,-0.794231,-0.604619,-0.060264,-0.588282,0.789989,-0.172744,0.00071,0.001006,0.000898,0.113566,0.702294,0.37171,-1.056739
