frame,MLTx,MLTy,MLTz,MLTR1,MLTR2,MLTR3,MLTR4,MLTR5,MLTR6,MLTR7,MLTR8,MLTR9,MLTTVx,MLTTVy,MLTTVz,MLTRVx,MLTRVy,MLTRVz,MLGA,MRTx,MRTy,MRTz,MRTR1,MRTR2,MRTR3,MRTR4,MRTR5,MRTR6,MRTR7,MRTR8,MRTR9,MRTTVx,MRTTVy,MRTTVz,MRTRVx,MRTRVy,MRTRVz,MRGA,SLTx,SLTy,SLTz,SLTR1,SLTR2,SLTR3,SLTR4,SLTR5,SLTR6,SLTR7,SLTR8,SLTR9,SLTTVx,SLTTVy,SLTTVz,SLTRVx,SLTRVy,SLTRVz,SLGA,SRTx,SRTy,SRTz,SRTR1,SRTR2,SRTR3,SRTR4,SRTR5,SRTR6,SRTR7,SRTR8,SRTR9,SRTTVx,SRTTVy,SRTTVz,SRTRVx,SRTRVy,SRTRVz,SRGA
988,0.028052,0.03495,0.383176,-0.603235,0.239367,-0.760825,-0.198785,-0.968897,-0.147289,-0.771672,0.062086,0.633004,0.014466,0.006678,-0.011076,0.382321,-0.027266,-0.304515,-1.91356,-0.132719,0.07776,0.348027,0.107143,0.966076,0.234967,-0.99404,0.099976,0.042707,0.017649,-0.23936,0.9707,-0.014601,0.021138,-0.014915,-0.060255,0.130738,0.260009,0.123559,0.02705,0.057462,-0.008849,-0.008791,-0.974855,0.222664,0.999836,-0.012087,-0.013447,0.0158,0.22251,0.974801,-0.012927,0.009532,-0.007598,0.239216,0.256485,1.752131,-0.121776,0.051277,0.04215,-0.0501,-0.608024,0.196573,-0.769197,-0.090274,-0.979696,-0.179009,-0.788769,-0.039403,0.613424,0.007372,0.003595,-0.005372,1.285905,0.163188,-1.028012,-0.763076
989,0.028537,0.035015,0.382958,-0.605851,0.207178,-0.768158,-0.153859,-0.977759,-0.142427,-0.779832,0.031634,0.625211,0.01259,-0.003665,-0.002063,0.328679,-0.060183,-0.342223,-1.915012,-0.133665,0.078436,0.347445,0.129458,0.960787,0.245195,-0.991427,0.121847,0.046467,0.014622,-0.25032,0.967982,-0.025707,0.018317,-0.015607,-0.180379,0.107852,0.360567,0.14705,0.026571,0.057807,-0.009146,-0.030875,-0.971834,0.233633,0.999347,-0.034397,-0.011012,0.018738,0.23314,0.972262,-0.018473,0.008095,-0.007958,-0.327204,0.347699,0.332465,-0.022495,0.051523,0.042191,-0.05021,-0.606851,0.164439,-0.777619,-0.044666,-0.983873,-0.173198,-0.793559,-0.070373,0.604409,0.006367,-0.001704,-0.000952,1.235273,0.129902,-1.058548,-0.77124
990,0.028851,0.034831,0.382976,-0.602672,0.175859,-0.778399,-0.115052,-0.98435,-0.133377,-0.788927,0.008948,0.614444,0.012195,-0.00442,-0.00259,0.005602,-0.233413,-0.186269,-1.914665,-0.134817,0.079306,0.346678,0.154968,0.955623,0.250522,-0.987808,0.147182,0.050067,0.010794,-0.256431,0.966432,-0.027013,0.028203,-0.023796,0.134397,0.497752,1.653756,0.174071,0.025986,0.058251,-0.009535,-0.055857,-0.969163,0.240006,0.998191,-0.05956,-0.008196,0.022238,0.239114,0.970736,-0.01349,0.014084,-0.011899,-0.01675,0.615096,1.713848,0.023063,0.051681,0.042101,-0.050199,-0.600263,0.133769,-0.788536,-0.005162,-0.986541,-0.163429,-0.799785,-0.09403,0.592874,-0.000901,-0.005131,0.004535,0.229028,-0.17277,-0.453286,-0.778099
991,0.028945,0.034665,0.383048,-0.598121,0.164702,-0.784327,-0.098902,-0.98632,-0.131765,-0.794559,-0.001452,0.607207,-0.002327,-0.011252,0.008385,-0.114059,-0.173021,-0.124415,-1.914701,-0.135502,0.07982,0.346227,0.167523,0.952443,0.254522,-0.98577,0.159442,0.052625,0.009346,-0.260917,0.965245,-0.038271,0.026648,-0.023773,-0.179105,0.337192,-0.018458,0.185323,0.025668,0.058486,-0.009743,-0.069211,-0.967054,0.244981,0.997342,-0.072669,-0.005092,0.022727,0.243978,0.969513,-0.019142,0.013421,-0.011817,-0.370299,0.370498,0.241617,0.040372,0.05173,0.042025,-0.050165,-0.594358,0.123311,-0.794689,0.011156,-0.986814,-0.161467,-0.804122,-0.104835,0.585146,-0.00127,-0.005833,0.00405,-0.036389,-0.286411,-0.080084,-0.778915
992,0.029144,0.034353,0.383204,-0.58668,0.151676,-0.795517,-0.073281,-0.988195,-0.134436,-0.80579,-0.020771,0.591861,-0.001319,-0.009328,0.009726,-0.178875,-0.40471,-0.014014,-1.914446,-0.136959,0.080816,0.345319,0.19933,0.943139,0.265986,-0.979867,0.190696,0.05857,0.004283,-0.273494,0.961793,-0.038033,0.025841,-0.024152,-0.140741,0.219991,0.108179,0.188827,0.024915,0.059005,-0.010215,-0.101353,-0.960509,0.259131,0.994517,-0.10456,0.001413,0.025738,0.257853,0.96584,-0.019006,0.012911,-0.012058,-0.128214,0.209508,0.104251,0.06013,0.051832,0.041861,-0.050092,-0.582163,0.112284,-0.80528,0.036909,-0.985747,-0.16413,-0.812233,-0.125273,0.569722,0.000336,0.000644,0.000449,-0.197991,-0.57175,-0.097535,-0.777119
993,0.029227,0.034107,0.383403,-0.585279,0.140464,-0.798601,-0.047587,-0.989111,-0.139162,-0.808727,-0.043628,0.586586,0.000232,0.000446,0.00031,0.029568,-0.007528,-0.033384,-1.915256,-0.138645,0.081952,0.344323,0.222155,0.934575,0.277864,-0.974947,0.212058,0.066653,0.003105,-0.286888,0.957888,-0.037913,0.026029,-0.023961,-0.328785,0.360701,0.228602,0.189617,0.0241,0.059552,-0.010695,-0.123217,-0.954623,0.271129,0.992014,-0.125892,0.007572,0.026904,0.269897,0.962512,-0.025391,0.018296,-0.015414,0.103961,0.068994,-0.019448,0.064539,0.051873,0.041737,-0.049988,-0.578718,0.101237,-0.809219,0.062319,-0.983873,-0.167655,-0.813142,-0.147455,0.563076,-0.00077,-0.004879,0.004719,0.091666,-0.033004,0.087728,-0.77271
994,0.029133,0.033794,0.383803,-0.587476,0.131538,-0.798508,-0.031866,-0.989674,-0.139651,-0.807904,-0.056767,0.586596,-0.002427,-0.01826,0.019745,-0.029089,0.038332,-0.027933,-1.914584,-0.139469,0.082521,0.343836,0.23512,0.930399,0.28119,-0.971906,0.22484,0.069128,0.000814,-0.290717,0.956737,-0.037996,0.027227,-0.02324,-0.04741,0.144695,0.119041,0.192938,0.02324,0.060143,-0.011209,-0.150267,-0.947867,0.281009,0.988213,-0.152404,0.014367,0.029209,0.279856,0.959596,-0.024494,0.012261,-0.011907,0.075231,0.084182,0.002157,0.07009,0.051825,0.041578,-0.049789,-0.580203,0.092253,-0.809229,0.078003,-0.982703,-0.167955,-0.810727,-0.16057,0.562972,-0.001217,-0.009132,0.009874,-0.029464,0.039652,-0.026642,-0.780875
995,0.029086,0.033532,0.384083,-0.589558,0.124065,-0.798169,-0.020624,-0.990101,-0.138731,-0.80675,-0.065491,0.587276,-0.002876,-0.019127,0.019152,0.331572,0.11448,-0.319288,-1.915612,-0.141199,0.083679,0.342821,0.259974,0.921511,0.288483,-0.965545,0.249433,0.073752,-0.004306,-0.298879,0.95421,-0.04895,0.0247,-0.023731,1.604456,0.524766,5.248388,0.197672,0.022795,0.060435,-0.011464,-0.160908,-0.944826,0.285325,0.986482,-0.163041,0.016427,0.030999,0.284112,0.958289,-0.024383,0.012277,-0.011862,1.655044,0.487729,5.228816,0.074009,0.051804,0.041456,-0.049655,-0.581425,0.08492,-0.809155,0.088731,-0.981987,-0.166817,-0.808746,-0.168789,0.563417,-0.00136,-0.009396,0.009692,1.269629,0.27398,-1.01374,-0.781038
996,0.029,0.032787,0.385001,-0.590305,0.123022,-0.797778,-0.0099,-0.989324,-0.145301,-0.806405,-0.078035,0.586215,-0.002366,-0.02496,0.031351,-0.060481,0.136296,0.026873,-1.915698,-0.14271,0.084705,0.341904,0.26722,0.917627,0.294186,-0.963559,0.256199,0.076488,-0.005504,-0.305061,0.952245,-0.037616,0.026445,-0.023515,0.040774,0.064311,0.00961,0.197848,0.022053,0.060937,-0.011914,-0.169772,-0.941376,0.291526,0.984961,-0.171708,0.019129,0.03205,0.290389,0.956371,-0.018742,0.012758,-0.011995,0.065983,0.063074,-0.020469,0.076622,0.051759,0.04109,-0.049216,-0.582069,0.083655,-0.808824,0.099943,-0.979791,-0.173261,-0.806973,-0.181686,0.561946,-0.000117,-0.007009,0.011361,-0.01075,0.056918,0.232247,-0.780221
997,0.028742,0.031949,0.386384,-0.581619,0.133543,-0.802453,-0.011764,-0.987687,-0.155909,-0.812673,-0.081413,0.577029,-0.012689,-0.016875,0.036513,-0.127998,-0.129734,-0.078227,-1.915784,-0.143914,0.085295,0.341217,0.2741,0.913658,0.300148,-0.961623,0.262218,0.080354,-0.005618,-0.311806,0.950057,-0.023238,0.003164,-0.010184,-0.055406,0.103349,-0.004856,0.197674,0.021455,0.061236,-0.012256,-0.176505,-0.938167,0.297805,0.983793,-0.177843,0.022825,0.031549,0.297007,0.954353,-0.011597,0.001474,-0.005132,-0.070167,0.115721,0.010203,0.078092,0.051634,0.040666,-0.048528,-0.574923,0.094932,-0.812681,0.09844,-0.978005,-0.183885,-0.812263,-0.18572,0.552933,-0.006234,-0.008188,0.018434,0.284299,-0.719057,0.361378,-0.778262
998,0.028581,0.031539,0.387141,-0.575156,0.138304,-0.806296,-0.007522,-0.986434,-0.163903,-0.817314,-0.088384,0.569398,-0.001737,-0.030569,0.043754,-0.020959,-0.225159,0.265477,-1.915121,-0.144268,0.085389,0.341019,0.279896,0.91122,0.302205,-0.959945,0.267844,0.081846,-0.006701,-0.314157,0.949275,-0.012045,0.004782,-0.010112,-0.038341,0.076753,0.014292,0.197381,0.02126,0.061289,-0.012366,-0.182363,-0.93625,0.300297,0.982696,-0.183625,0.024269,0.032421,0.299527,0.953536,-0.006021,0.00243,-0.005018,-0.00971,0.05647,0.003166,0.078582,0.051549,0.040448,-0.048122,-0.568159,0.100422,-0.816767,0.102522,-0.976155,-0.191336,-0.816506,-0.192446,0.544316,-0.000816,-0.015144,0.021984,-0.011613,-0.195861,0.292606,-0.779895
999,0.028591,0.030584,0.38866,-0.557144,0.137883,-0.818916,-0.003951,-0.986525,-0.16348,-0.829732,-0.088026,0.551202,0.012294,-0.024761,0.032037,-0.336755,-0.612241,-0.087157,-1.915405,-0.144527,0.085261,0.340884,0.283666,0.90965,0.303417,-0.95882,0.272016,0.081277,-0.008943,-0.315125,0.948936,-0.010856,-0.004633,-0.001789,-0.00206,0.015217,-0.029235,0.194843,0.021135,0.061223,-0.012434,-0.186124,-0.935112,0.301532,0.981908,-0.187906,0.023361,0.034814,0.300425,0.953169,0.000956,-0.007873,0.002368,-0.03551,0.008439,-0.02137,0.078092,0.051556,0.039975,-0.04736,-0.550652,0.102328,-0.828438,0.106359,-0.975766,-0.191222,-0.82793,-0.193409,0.526425,0.006138,-0.012352,0.016038,-0.361235,-0.693426,-0.140849,-0.778915
1000,0.028711,0.029717,0.389989,-0.537547,0.132175,-0.832838,-0.002489,-0.98786,-0.155235,-0.84258,-0.081545,0.532388,0.001234,-0.011256,0.024674,-0.333204,-0.705355,-0.142032,-1.914964,-0.144477,0.084976,0.340885,0.291189,0.904494,0.311595,-0.956423,0.281624,0.07666,-0.018765,-0.321479,0.946658,0.000323,-0.002863,-0.001634,0.036623,0.062707,-0.017168,0.18752,0.021157,0.061081,-0.012433,-0.193496,-0.930761,0.310227,0.980117,-0.197537,0.018659,0.043914,0.30767,0.950478,0.000925,-0.007618,0.002508,0.093521,0.233342,-0.080645,0.07352,0.051617,0.039548,-0.046703,-0.530657,0.099169,-0.841764,0.107882,-0.977151,-0.183129,-0.840692,-0.18799,0.507834,-0.000287,-0.010737,0.016936,-0.442566,-1.028344,-0.123923,-0.791978
1001,0.028668,0.028894,0.391042,-0.521437,0.128802,-0.843539,-8.2e-05,-0.988527,-0.150953,-0.852659,-0.078811,0.516516,-0.001522,-0.016578,0.021065,-0.181121,-0.340245,0.00628,-1.915389,-0.144184,0.084748,0.340919,0.29022,0.903222,0.316156,-0.956638,0.281593,0.074046,-0.022497,-0.325075,0.945348,0.013047,-0.013413,0.005199,-0.036824,0.012151,-0.011806,0.182498,0.021303,0.060968,-0.012415,-0.192306,-0.929479,0.314778,0.980197,-0.197374,0.016019,0.047239,0.311625,0.949029,0.006513,-0.006618,0.002647,-0.040622,0.006574,-0.011892,0.065845,0.051599,0.039143,-0.046172,-0.512851,0.097632,-0.852907,0.109892,-0.977872,-0.178015,-0.851414,-0.185023,0.490774,-0.001574,-0.013232,0.015257,-0.226063,-0.447709,0.1876,-0.800469
1002,0.02865,0.028506,0.391519,-0.514311,0.127645,-0.848078,0.001412,-0.988712,-0.14973,-0.856981,-0.078372,0.509381,0.010999,-0.020508,0.01882,-0.121709,-0.333038,0.299908,-1.914998,-0.143983,0.084711,0.340935,0.290609,0.903173,0.315938,-0.956524,0.281922,0.074273,-0.022339,-0.324925,0.945403,0.011289,0.000942,-0.000317,0.002045,-0.015205,0.029245,0.180913,0.021399,0.060946,-0.012409,-0.192677,-0.929479,0.314552,0.980132,-0.197672,0.016269,0.047056,0.311437,0.9491,0.005635,0.000547,-0.000121,0.001225,-0.016006,0.028337,0.062906,0.051587,0.038939,-0.045928,-0.505081,0.097409,-0.857556,0.111135,-0.977997,-0.176546,-0.855886,-0.184475,0.483142,0.005409,-0.010395,0.009315,-0.106595,-0.245731,0.356292,-0.803735
1003,0.028648,0.027937,0.392226,-0.49939,0.12143,-0.857852,0.018459,-0.988391,-0.150715,-0.865576,-0.09126,0.49242,-9e-05,-0.007001,0.011422,1.31402,-0.038723,-0.727343,-1.91488,-0.1436,0.084731,0.340938,0.290122,0.902473,0.318377,-0.956622,0.28197,0.072814,-0.02441,-0.326828,0.944696,0.011283,0.001001,-0.000284,0.002045,-0.015205,0.029245,0.180862,0.02159,0.060958,-0.012406,-0.192077,-0.928778,0.316981,0.98016,-0.197652,0.0148,0.048906,0.313535,0.948316,2.2e-05,-0.000182,-0.000109,-0.016878,0.118197,-0.158182,0.060456,0.051585,0.038656,-0.045579,-0.489529,0.094007,-0.866904,0.126464,-0.976006,-0.177251,-0.862767,-0.196402,0.465895,-0.000426,-0.004046,0.005217,4.62256,0.566225,-2.64431,-0.813859
1004,0.02875,0.027563,0.392535,-0.480398,0.113716,-0.869673,0.048394,-0.986588,-0.155796,-0.875131,-0.11708,0.469535,-0.000582,-0.001125,-0.000765,5.077882,-0.099943,-1.820912,-1.884775,-0.143325,0.084722,0.340942,0.28969,0.902436,0.318874,-0.956753,0.281527,0.072808,-0.024416,-0.327313,0.944528,3e-05,-0.000258,-0.000148,-0.0,0.0,0.0,0.178093,0.021732,0.060955,-0.012404,-0.191626,-0.928718,0.317428,0.980251,-0.197197,0.014811,0.04884,0.313998,0.948166,0.005638,0.000543,-0.000122,0.001868,-0.015231,0.028778,0.058334,0.051639,0.038471,-0.045417,-0.470177,0.089958,-0.877974,0.152193,-0.971624,-0.181057,-0.86935,-0.218751,0.443145,0.004869,-0.008158,0.002751,1.125106,-1.953812,1.934559,-0.813859
1005,0.028902,0.027475,0.392432,-0.473841,0.107104,-0.874099,0.063288,-0.985845,-0.155165,-0.877758,-0.128984,0.461444,0.010876,-0.007132,-0.004436,4.755391,0.534814,-2.448337,-1.857358,-0.14321,0.084692,0.340958,0.289204,0.902434,0.319321,-0.9569,0.281025,0.072803,-0.024386,-0.32775,0.944377,0.011274,0.001106,-0.000224,0.002045,-0.015205,0.029245,0.177508,0.021785,0.060939,-0.012396,-0.191088,-0.928682,0.317858,0.98036,-0.196655,0.014802,0.048762,0.314444,0.948022,0.000765,-0.006077,0.003384,-0.036777,0.009828,-0.018606,0.057027,0.05171,0.038429,-0.045468,-0.462005,0.084865,-0.882807,0.166863,-0.969315,-0.180507,-0.871038,-0.230703,0.433668,0.006028,0.000985,-0.007212,-0.052011,-0.332556,0.128313,-0.81043
1006,0.029299,0.027642,0.391878,-0.463951,0.09997,-0.880228,0.083758,-0.984188,-0.155985,-0.881329,-0.146228,0.449338,0.014193,0.012968,-0.023137,0.045218,-0.118296,0.028679,-1.837495,-0.143059,0.084647,0.340993,0.288086,0.902448,0.320289,-0.957238,0.279892,0.072727,-0.024361,-0.328682,0.944054,0.001501,-0.011869,0.006938,-0.036643,0.009811,-0.01823,0.175831,0.021865,0.060917,-0.012378,-0.189931,-0.928613,0.318752,0.980592,-0.195504,0.014735,0.048634,0.315364,0.947723,0.000751,-0.005923,0.003474,-0.036767,0.009804,-0.018484,0.055394,0.051905,0.038501,-0.04574,-0.451585,0.076351,-0.888954,0.192554,-0.964513,-0.180657,-0.871202,-0.252754,0.420858,0.006147,0.001205,-0.007064,0.021474,-0.118017,0.202772,-0.800959
1007,0.029623,0.028085,0.39112,-0.452716,0.084366,-0.88768,0.118621,-0.980944,-0.153787,-0.883178,-0.175032,0.435186,0.001161,0.015917,-0.021528,1.367094,-0.245592,-0.948216,-1.827423,-0.143066,0.084562,0.341059,0.286659,0.902507,0.321403,-0.957669,0.27843,0.072665,-0.024253,-0.329765,0.943679,-0.000131,0.00112,0.00064,-0.0,0.0,0.0,0.175207,0.021862,0.060873,-0.012347,-0.188436,-0.928562,0.319784,0.980891,-0.194001,0.014677,0.04841,0.316439,0.947376,-8.8e-05,0.000752,0.000429,-8.5e-05,5e-06,-0.000181,0.053925,0.052067,0.038718,-0.04611,-0.44054,0.065367,-0.895349,0.221414,-0.958623,-0.178929,-0.869999,-0.277069,0.407839,0.005914,0.00075,-0.007374,-0.187934,-0.619527,-0.272778,-0.805858
1008,0.029863,0.028199,0.390732,-0.442528,0.085286,-0.892715,0.130388,-0.978746,-0.158199,-0.886686,-0.186521,0.423114,0.011209,0.000356,-0.01553,0.294435,-0.736183,0.487998,-1.830427,-0.143093,0.084511,0.341105,0.286168,0.902535,0.321761,-0.95782,0.277899,0.07272,-0.02413,-0.330137,0.943552,-0.000179,0.001524,0.000871,-0.0,0.0,0.0,0.17442,0.021848,0.060847,-0.012324,-0.187922,-0.928553,0.320114,0.980998,-0.193456,0.014734,0.048247,0.316801,0.947263,0.000644,-0.005039,0.003982,-0.03444,-0.007555,0.0045,0.052945,0.052193,0.038786,-0.046321,-0.428416,0.064222,-0.901295,0.238685,-0.953997,-0.181433,-0.871486,-0.292855,0.393378,0.005589,0.000107,-0.007811,0.332106,-0.729012,0.581699,-0.80994
1009,0.030535,0.028046,0.390033,-0.420116,0.072425,-0.904601,0.161578,-0.974889,-0.153151,-0.892457,-0.210603,0.39899,0.020774,-0.016202,-0.01024,-0.122732,-0.829229,-0.213903,-1.837384,-0.143139,0.084465,0.341154,0.285419,0.902573,0.322318,-0.958045,0.277122,0.072713,-0.024036,-0.330686,0.943362,-1.4e-05,0.000123,7e-05,-0.0,0.0,0.0,0.173311,0.021825,0.060828,-0.012297,-0.187137,-0.928534,0.320628,0.981155,-0.192656,0.01473,0.048093,0.317343,0.94709,-7e-06,4.4e-05,2.4e-05,-0.015648,0.119798,-0.158087,0.050986,0.052517,0.038716,-0.04666,-0.407001,0.054549,-0.911796,0.269054,-0.946769,-0.17674,-0.872902,-0.317256,0.37066,0.010075,-0.008728,-0.005562,1.402589,-0.134391,-0.59677,-0.820228
1010,0.031002,0.027536,0.389692,-0.408339,0.061419,-0.910787,0.192298,-0.969533,-0.151653,-0.891847,-0.237153,0.385221,0.008405,-0.01203,-0.007828,0.380757,-0.135839,-0.29042,-1.852899,-0.143129,0.084459,0.34115,0.284845,0.902588,0.322786,-0.958214,0.276572,0.072579,-0.024107,-0.331109,0.943212,1e-05,-8.2e-05,-4.7e-05,0.0,0.0,0.0,0.173751,0.02183,0.060824,-0.0123,-0.186537,-0.928505,0.321064,0.981268,-0.192089,0.014597,0.048119,0.317773,0.946944,6e-06,-5.8e-05,-3.2e-05,-4.6e-05,-1.4e-05,-7.4e-05,0.050169,0.052758,0.038457,-0.046839,-0.391503,0.045115,-0.919069,0.298479,-0.938565,-0.173217,-0.870421,-0.342139,0.353986,0.004266,-0.005896,-0.003846,1.446913,-0.048036,-0.563371,-0.821207
1011,0.031299,0.026966,0.389608,-0.391611,0.049704,-0.918812,0.217012,-0.965359,-0.144774,-0.893694,-0.256158,0.368403,-0.001963,-0.003863,-0.002658,4.920967,0.339342,-2.261415,-1.86771,-0.143145,0.084449,0.341146,0.289662,0.900905,0.323198,-0.956716,0.281741,0.072455,-0.026132,-0.331331,0.94308,0.0,-1e-06,-1e-06,0.0,0.0,0.0,0.171234,0.021822,0.060819,-0.012302,-0.19146,-0.927256,0.321773,0.98022,-0.197379,0.014456,0.050107,0.318177,0.946705,-2e-06,6e-06,4e-06,-8.4e-05,-0.000283,-0.000177,0.049189,0.052904,0.03817,-0.046889,-0.374802,0.037761,-0.926334,0.317624,-0.933472,-0.166564,-0.870998,-0.356655,0.337874,0.005252,-0.003985,-0.002523,-0.223638,-0.874745,-0.185255,-0.82578
1012,0.031435,0.026734,0.389625,-0.37949,0.041586,-0.924286,0.231896,-0.962803,-0.138588,-0.895198,-0.266991,0.356881,0.009083,-0.017611,0.004564,1.212888,-0.596572,-1.01571,-1.870651,-0.143154,0.084448,0.341146,0.289409,0.900915,0.323397,-0.956792,0.2815,0.072395,-0.026163,-0.33151,0.943016,0.0,-0.0,-0.0,0.0,0.0,0.0,0.170113,0.021818,0.060818,-0.012302,-0.191192,-0.927248,0.321956,0.980272,-0.197127,0.014397,0.050117,0.318357,0.946644,0.0,4e-06,4e-06,-3.3e-05,-7e-06,-0.000144,0.04821,0.052968,0.038055,-0.04688,-0.363742,0.031014,-0.930983,0.332398,-0.929325,-0.160829,-0.870174,-0.367957,0.327725,0.004786,-0.008335,0.002609,-0.233503,-0.62371,-0.298396,-0.829209
1013,0.031742,0.026344,0.389686,-0.354169,0.029694,-0.934734,0.25542,-0.958401,-0.127281,-0.89919,-0.283875,0.333015,0.011489,-0.006034,-0.003722,-0.123576,-0.892932,-0.23686,-1.873831,-0.143143,0.084433,0.341147,0.294036,0.899211,0.323966,-0.955323,0.286481,0.072254,-0.028193,-0.33187,0.942831,0.000178,-0.00152,-0.000869,1.788142,0.416672,5.187689,0.170503,0.021822,0.060814,-0.012299,-0.190475,-0.927216,0.322472,0.980411,-0.196443,0.014261,0.050124,0.318872,0.94647,3e-06,3e-06,5e-06,-7.7e-05,-2.6e-05,-0.000117,0.047067,0.053125,0.037855,-0.046846,-0.335591,0.019817,-0.941799,0.360302,-0.921057,-0.147767,-0.870379,-0.388921,0.301958,0.00492,-0.008082,0.002784,0.11851,-0.805087,-0.603687,-0.824963
1014,0.032033,0.026015,0.389776,-0.330337,0.011506,-0.943817,0.277462,-0.954541,-0.108805,-0.901754,-0.297838,0.313303,-7.4e-05,-0.000146,-0.000101,5.076299,-0.041385,-1.603132,-1.875996,-0.143152,0.084362,0.34117,0.293186,0.899251,0.324625,-0.955586,0.285617,0.0722,-0.028146,-0.332508,0.942608,0.00013,-0.001114,-0.000637,0.0,0.0,0.0,0.170191,0.021818,0.060783,-0.012291,-0.195041,-0.925938,0.323413,0.979415,-0.201357,0.014167,0.052004,0.319519,0.946151,-0.005536,-0.00144,-0.000393,-0.019952,0.152306,-0.210348,0.04723,0.053275,0.037688,-0.046803,-0.307841,0.006113,-0.951418,0.375821,-0.917879,-0.127498,-0.874066,-0.396812,0.280263,0.005331,-0.007277,0.003338,-0.202875,-0.602182,-0.042695,-0.822514
1015,0.032251,0.025945,0.389747,-0.316883,-0.001185,-0.948488,0.279255,-0.955769,-0.092159,-0.906034,-0.29408,0.304379,0.013174,-0.002705,-0.001432,-0.270547,-0.882308,-0.219182,-1.879816,-0.143183,0.084339,0.34119,0.292846,0.899273,0.324871,-0.955691,0.285267,0.07219,-0.028109,-0.33275,0.942523,-0.000126,0.001082,0.000618,0.0,0.0,0.0,0.168591,0.021803,0.060764,-0.012285,-0.194685,-0.925934,0.32364,0.979489,-0.200996,0.014158,0.05194,0.319759,0.946073,-9e-05,0.000766,0.000439,0.002192,-0.017367,0.022746,0.04723,0.053373,0.037653,-0.046818,-0.295388,-0.006807,-0.955352,0.38315,-0.916878,-0.111935,-0.87518,-0.399108,0.273443,0.006325,-0.001878,-0.001078,-0.430656,-0.113491,-0.740674,-0.823493
1016,0.032834,0.025879,0.389695,-0.29287,-0.036549,-0.955477,0.298984,-0.952642,-0.055259,-0.907845,-0.301818,0.291117,0.013698,-0.001641,-0.000705,0.137312,-1.086174,-0.260579,-1.885111,-0.14331,0.084324,0.341191,0.297499,0.897575,0.325336,-0.95419,0.290287,0.072022,-0.030154,-0.33299,0.942375,-0.0,0.0,0.0,0.0,0.0,0.0,0.154523,0.02174,0.060756,-0.012279,-0.199426,-0.924658,0.324399,0.978428,-0.206111,0.013998,0.053919,0.320193,0.945816,-0.0,1e-06,5e-06,-9e-05,-6.3e-05,-0.000216,0.036779,0.053671,0.037621,-0.046843,-0.267624,-0.039122,-0.962727,0.401036,-0.913037,-0.074379,-0.876097,-0.405994,0.26004,0.007034,-0.000446,-0.0001,1.201396,-0.127304,-1.087168,-0.825616
1017,0.033387,0.025754,0.389553,-0.274864,-0.064809,-0.95932,0.313438,-0.949245,-0.025733,-0.908622,-0.307688,0.282422,0.011762,-0.005498,-0.003361,-0.806638,0.739856,-1.982908,-1.897996,-0.143394,0.084313,0.341191,0.297055,0.89761,0.325645,-0.954328,0.289865,0.07191,-0.030204,-0.333265,0.942277,-1.8e-05,0.000156,8.9e-05,0.0,0.0,0.0,0.14548,0.021698,0.060751,-0.012279,-0.198956,-0.92466,0.324683,0.978522,-0.205669,0.013887,0.053936,0.320472,0.94572,-0.005637,-0.000579,9.9e-05,-0.002084,0.015204,-0.029394,0.02241,0.053951,0.037567,-0.046908,-0.243819,-0.062667,-0.967793,0.414449,-0.90893,-0.045558,-0.876802,-0.41221,0.247587,-0.000417,-0.000833,-0.000576,-0.154278,-0.424709,-0.023311,-0.827576
1018,0.033765,0.02555,0.389378,-0.252065,-0.090649,-0.963479,0.328539,-0.944471,0.002853,-0.909924,-0.315717,0.26905,0.010902,-0.007234,-0.004559,-0.392394,-0.737974,-0.614025,-1.913759,-0.143413,0.084326,0.3412,0.296699,0.897628,0.325923,-0.954437,0.289525,0.071824,-0.030249,-0.333514,0.942187,-3e-06,2.4e-05,1.4e-05,0.0,0.0,0.0,0.13526,0.021688,0.060758,-0.012274,-0.19858,-0.924651,0.32494,0.978598,-0.205315,0.013801,0.053954,0.320726,0.945633,1e-06,-5e-06,-2e-06,-4.1e-05,-1.1e-05,-9.4e-05,0.009836,0.05414,0.037464,-0.046996,-0.22134,-0.087727,-0.971242,0.428514,-0.903392,-0.016058,-0.876004,-0.419745,0.237549,0.005725,-0.003149,-0.001961,-0.744487,0.667109,-2.006491,-0.826106
1019,0.033929,0.025389,0.389346,-0.242161,-0.107679,-0.964266,0.33667,-0.941384,0.02052,-0.909654,-0.319545,0.26542,-0.003076,-0.013051,0.007274,-0.345016,0.458209,-2.593586,-1.914003,-0.143388,0.084337,0.341204,0.296548,0.897628,0.326059,-0.954483,0.289381,0.07179,-0.030272,-0.333638,0.942142,-8e-06,7e-05,4e-05,0.0,0.0,0.0,0.131025,0.0217,0.060763,-0.012272,-0.19842,-0.924641,0.325067,0.97863,-0.205165,0.013768,0.053962,0.320852,0.94559,-2e-06,2e-05,1.2e-05,-2.6e-05,1e-05,-8e-05,0.003468,0.054227,0.037385,-0.047017,-0.208943,-0.101248,-0.972671,0.435324,-0.900273,0.000198,-0.875691,-0.423386,0.232181,0.005674,-0.003152,-0.00198,1.389085,-0.990914,-0.474856,-0.823493
1020,0.034093,0.024877,0.389442,-0.227841,-0.133022,-0.964593,0.342272,-0.938334,0.0485,-0.91128,-0.318945,0.260522,-0.004337,-0.015603,0.005515,-0.714514,0.608838,-2.347234,-1.914953,-0.143311,0.084409,0.341229,0.296544,0.89761,0.326112,-0.954483,0.289386,0.071771,-0.030307,-0.333683,0.942125,-0.00028,0.002403,0.001372,0.00226,-0.017354,0.022894,0.127949,0.02174,0.060795,-0.012263,-0.198395,-0.924622,0.325133,0.978633,-0.205151,0.013744,0.053993,0.320913,0.945567,0.005548,0.001327,0.000328,0.00202,-0.015199,0.029186,-0.004207,0.054311,0.037133,-0.046966,-0.191604,-0.124993,-0.97348,0.440289,-0.897401,0.028566,-0.877173,-0.423139,0.226978,0.00406,-0.009859,0.001548,-0.191532,-0.954259,-0.069049,-0.821534
1021,0.03413,0.024198,0.38947,-0.210045,-0.160718,-0.964415,0.348933,-0.93375,0.079556,-0.913048,-0.319614,0.253411,0.008629,-0.01189,-0.007795,-0.181973,-0.704327,-0.398246,-1.915036,-0.143282,0.084452,0.34125,0.296249,0.897614,0.326368,-0.954573,0.289105,0.071703,-0.03035,-0.333916,0.942042,-1.1e-05,9.8e-05,5.6e-05,0.0,0.0,0.0,0.126957,0.021754,0.060822,-0.012248,-0.198103,-0.924605,0.32536,0.978692,-0.204877,0.013681,0.054009,0.321137,0.945491,-1e-06,-3e-06,-2e-06,-1.9e-05,6e-06,-3.5e-05,-0.00633,0.054321,0.036798,-0.04695,-0.171757,-0.152693,-0.973233,0.445727,-0.893056,0.061452,-0.878536,-0.423242,0.221448,-0.002953,-0.009506,0.001582,-0.610466,1.031081,-2.401687,-0.823657
1022,0.034192,0.023829,0.389452,-0.197572,-0.184865,-0.962723,0.353068,-0.92956,0.105985,-0.914257,-0.318745,0.250125,-0.005959,-0.018896,0.00322,-0.240664,-0.724527,-0.692093,-1.914944,-0.143298,0.084442,0.341246,0.297269,0.896679,0.328008,-0.9543,0.289425,0.074015,-0.028924,-0.336151,0.941291,4.8e-05,-0.000413,-0.000236,-0.013409,0.010622,0.009392,0.124982,0.021746,0.060818,-0.01225,-0.199183,-0.923708,0.327244,0.978574,-0.205248,0.016275,0.052133,0.323474,0.944799,4.1e-05,-0.000361,-0.000207,0.008123,-0.004117,0.004102,-0.007636,0.054358,0.036617,-0.046962,-0.157808,-0.175081,-0.971824,0.448844,-0.889331,0.087335,-0.879565,-0.422415,0.218928,0.00402,-0.006679,-0.004399,-0.579715,0.640207,-2.765848,-0.824473
1023,0.034214,0.023047,0.389311,-0.178117,-0.242141,-0.953775,0.363564,-0.916857,0.164818,-0.914164,-0.317109,0.252531,0.005025,-0.019242,-0.01295,-0.077398,-0.144609,-0.548387,-1.914928,-0.143319,0.084403,0.341205,0.297115,0.896688,0.328124,-0.954346,0.289296,0.073927,-0.028993,-0.336239,0.941258,0.000157,-0.001346,-0.000769,-3e-06,3e-06,2e-06,0.120802,0.021735,0.060798,-0.012271,-0.198965,-0.923776,0.327182,0.978603,-0.205136,0.015918,0.052412,0.323349,0.944826,-0.000646,0.005071,-0.003967,0.037382,-0.010395,0.017758,-0.012861,0.05437,0.036224,-0.047021,-0.128612,-0.230806,-0.964461,0.45614,-0.877323,0.149126,-0.880564,-0.420751,0.218114,-0.004487,-0.012485,-0.000515,-0.097008,-0.108368,-0.575297,-0.829698
1024,0.03398,0.022075,0.388884,-0.158252,-0.264194,-0.951422,0.369131,-0.909503,0.1911,-0.915613,-0.320636,0.242639,-0.010407,-0.020967,-0.014722,-0.085428,0.002509,-0.72599,-1.914277,-0.143336,0.084398,0.341173,0.297045,0.896691,0.328179,-0.954365,0.289256,0.073836,-0.029078,-0.336265,0.941246,1e-06,-1.3e-05,-7e-06,-0.0,0.0,0.0,0.117548,0.021727,0.060792,-0.012289,-0.198883,-0.923778,0.327228,0.978615,-0.205085,0.015819,0.052497,0.323377,0.944812,-4e-06,4.1e-05,2.3e-05,-1.5e-05,1e-05,-0.000138,-0.017923,0.054258,0.035748,-0.047228,-0.107463,-0.249866,-0.962297,0.460334,-0.870406,0.174599,-0.881216,-0.424216,0.208558,-0.006062,-0.015677,-0.002792,-0.150883,-0.106123,-0.802626,-0.837863
1025,0.033687,0.021011,0.388264,-0.145004,-0.28646,-0.947079,0.380527,-0.899697,0.213812,-0.913154,-0.329037,0.240647,0.000224,-0.029024,-0.020078,-0.058371,0.137333,-0.655555,-1.912768,-0.143335,0.084465,0.341169,0.296955,0.896688,0.328267,-0.95439,0.289206,0.073716,-0.029194,-0.336315,0.941224,-0.000202,0.00174,0.000994,0.00226,-0.017359,0.02289,0.116451,0.021727,0.060823,-0.012292,-0.198767,-0.923769,0.327324,0.978633,-0.20501,0.015695,0.052607,0.32345,0.944781,-1.6e-05,0.000141,8.2e-05,-0.015609,0.119792,-0.158071,-0.020372,0.054111,0.035216,-0.047538,-0.091905,-0.270684,-0.95827,0.470084,-0.860152,0.197884,-0.877823,-0.432282,0.206296,-0.006456,-0.013009,-0.009214,-0.068517,0.012857,-0.535328,-0.83819
1026,0.033492,0.020494,0.387935,-0.137693,-0.290753,-0.946862,0.385676,-0.896234,0.219066,-0.912134,-0.334664,0.236723,-0.012767,-0.02565,-0.018285,-0.13173,-0.448188,-0.480539,-1.911002,-0.143322,0.084497,0.341186,0.297065,0.896681,0.328189,-0.954356,0.28931,0.073744,-0.029182,-0.336245,0.941249,-0.000254,0.002185,0.001248,-0.0,0.0,0.0,0.116119,0.021734,0.060839,-0.012284,-0.198897,-0.923771,0.327239,0.978607,-0.205132,0.015726,0.0526,0.323367,0.94481,-0.000153,0.001321,0.000757,0.002253,-0.017366,0.022821,-0.021026,0.054013,0.034945,-0.047711,-0.086648,-0.274874,-0.957567,0.475159,-0.856213,0.202784,-0.875622,-0.437426,0.204798,-0.000159,-0.015082,-0.01048,0.096401,-0.199084,0.411971,-0.839496
1027,0.033119,0.019559,0.387232,-0.129097,-0.304642,-0.943701,0.396502,-0.888114,0.232401,-0.908754,-0.343806,0.236622,-0.011324,-0.022697,-0.016343,1.527603,-0.470221,-0.529419,-1.907229,-0.143285,0.084548,0.341212,0.298584,0.89571,0.329456,-0.953925,0.290098,0.076181,-0.027699,-0.338152,0.940611,-9.6e-05,0.000825,0.000471,-0.00052,0.000412,0.000364,0.113448,0.021752,0.060869,-0.012268,-0.200465,-0.922928,0.328659,0.978379,-0.20601,0.018251,0.050862,0.325212,0.944271,0.005565,0.001168,0.000239,0.009883,-0.02074,0.026555,-0.022659,0.053818,0.03446,-0.048075,-0.074252,-0.287935,-0.954766,0.483834,-0.847577,0.217982,-0.872004,-0.445763,0.202247,-0.005606,-0.011239,-0.008101,1.547914,-0.455445,-0.528284,-0.841782
1028,0.032734,0.0188,0.386708,-0.117282,-0.315015,-0.941836,0.406119,-0.880648,0.243921,-0.90612,-0.353506,0.232393,-0.008383,-0.016759,-0.012165,-0.138372,-0.337659,-0.448118,-1.899397,-0.14321,0.084565,0.341216,0.298792,0.895687,0.329331,-0.95386,0.290296,0.076237,-0.02768,-0.338044,0.94065,-0.0,1e-06,1e-06,-0.0,0.0,0.0,0.10625,0.021789,0.060878,-0.012266,-0.200649,-0.922946,0.328494,0.978338,-0.206205,0.018225,0.050917,0.325036,0.944329,3e-06,-3.1e-05,-1.9e-05,0.000102,-9.6e-05,-0.000231,-0.029353,0.053626,0.034081,-0.048337,-0.063612,-0.29701,-0.952752,0.49323,-0.839294,0.228709,-0.867569,-0.455378,0.199883,-0.004004,-0.008027,-0.005817,-0.143568,-0.465837,-0.288973,-0.844231
1029,0.032544,0.018477,0.386547,-0.114647,-0.318963,-0.940831,0.405749,-0.87949,0.248668,-0.906626,-0.352843,0.231424,-0.006336,-0.012653,-0.009213,-0.118084,-0.277166,-0.386725,-1.898144,-0.143143,0.084573,0.341215,0.298847,0.895671,0.329326,-0.953844,0.290347,0.076255,-0.02768,-0.338042,0.940651,-0.0,0.0,0.0,-0.0,0.0,0.0,0.104633,0.021823,0.060881,-0.012267,-0.200704,-0.922936,0.328492,0.978327,-0.206257,0.018241,0.050918,0.325033,0.94433,0.005624,0.000665,-5e-05,0.001989,-0.015258,0.029079,-0.032456,0.053531,0.033919,-0.048418,-0.060694,-0.300683,-0.95179,0.492641,-0.83834,0.233428,-0.868112,-0.454724,0.199012,-0.004159,-0.011793,-0.00024,-0.185963,-0.357265,-0.481978,-0.844231
1030,0.03227,0.018169,0.38638,-0.112274,-0.328303,-0.9379,0.405623,-0.876771,0.258292,-0.906983,-0.351034,0.232776,-0.002332,-0.004648,-0.003396,-0.024996,0.025702,-0.208341,-1.884204,-0.143006,0.084575,0.341196,0.304332,0.893849,0.329253,-0.952047,0.296176,0.076286,-0.029696,-0.337808,0.940674,0.0001,-0.00085,-0.000485,0.004422,0.001024,0.012633,0.103599,0.021891,0.060883,-0.012276,-0.206318,-0.921601,0.328761,0.977051,-0.212218,0.018258,0.052943,0.324983,0.944236,0.005687,0.000132,-0.000355,0.016809,-0.01228,0.071553,-0.035232,0.053388,0.033755,-0.048509,-0.054998,-0.309776,-0.949216,0.491464,-0.835922,0.244327,-0.869158,-0.453069,0.198218,-0.001151,-0.0023,-0.001677,-0.021406,0.049165,-0.223197,-0.844231
1031,0.032309,0.018,0.386323,-0.109234,-0.349449,-0.93059,0.416493,-0.866121,0.276295,-0.902421,-0.356976,0.241314,-0.002539,-0.012006,0.00793,-0.041177,0.119731,-0.212294,-1.849338,-0.14294,0.084523,0.341151,0.305537,0.892874,0.33078,-0.951703,0.296669,0.078625,-0.028298,-0.339953,0.939944,0.00023,-0.001956,-0.001118,-0.094298,0.07462,0.066046,0.101712,0.021924,0.060858,-0.012298,-0.207386,-0.920792,0.330352,0.976913,-0.21264,0.020586,0.051291,0.326994,0.943633,0.005769,-0.000558,-0.000748,-0.120232,0.080996,0.112361,-0.037518,0.053412,0.03368,-0.048536,-0.050128,-0.330798,-0.942369,0.500819,-0.824677,0.262845,-0.864099,-0.45878,0.207009,0.005818,-0.003164,-0.002006,-0.010749,0.104321,-0.203714,-0.83525
1032,0.032476,0.017879,0.386269,-0.105646,-0.368846,-0.923492,0.427134,-0.855466,0.292756,-0.897867,-0.363075,0.249076,0.011396,-0.006812,-0.004376,-0.269138,1.43497,-2.798507,-1.843701,-0.142936,0.084486,0.34112,0.305565,0.892871,0.33076,-0.951694,0.296705,0.078608,-0.02832,-0.339927,0.939953,0.000334,-0.002836,-0.001621,-0.003645,0.018451,-0.021923,0.098714,0.021926,0.06084,-0.012313,-0.207601,-0.920719,0.330419,0.976869,-0.212831,0.020705,0.05126,0.327074,0.943607,0.000166,-0.00141,-0.000808,0.008306,0.009942,-0.026334,-0.039804,0.053497,0.03362,-0.048557,-0.044694,-0.349254,-0.935961,0.509908,-0.813637,0.27926,-0.859066,-0.464773,0.214452,0.005854,-0.003276,-0.002064,-0.267449,1.43054,-2.779794,-0.826923
1033,0.032964,0.017699,0.386322,-0.089041,-0.415631,-0.905189,0.451764,-0.826782,0.335131,-0.887575,-0.378582,0.262515,0.013511,-0.009525,0.010348,-0.459685,1.004297,-3.190535,-1.84801,-0.142965,0.084443,0.341046,0.306674,0.891911,0.332321,-0.951374,0.297136,0.080819,-0.027031,-0.34207,0.939213,0.000206,-0.00175,-0.001001,-0.130486,0.10329,0.091445,0.093848,0.021912,0.060816,-0.012352,-0.208397,-0.920035,0.331821,0.976766,-0.213116,0.022545,0.049974,0.32881,0.943072,-0.000626,0.004879,-0.004074,-0.156362,0.140115,0.14139,-0.045193,0.053732,0.033525,-0.04854,-0.026427,-0.392585,-0.919335,0.531163,-0.784604,0.319782,-0.846857,-0.479866,0.229262,0.007528,0.000261,0.000488,-9.5e-05,0.250249,-0.485955,-0.832474
1034,0.033849,0.017809,0.386484,-0.083123,-0.460654,-0.883705,0.451901,-0.80777,0.378504,-0.888086,-0.367318,0.276418,0.032095,0.005175,0.004931,-0.048249,0.329223,-0.807269,-1.863009,-0.142967,0.084525,0.34099,0.306811,0.891894,0.332241,-0.951324,0.297356,0.080608,-0.027271,-0.341924,0.939259,0.0,-1e-06,-1e-06,-2.8e-05,2.2e-05,2e-05,0.091148,0.021911,0.060855,-0.012381,-0.208817,-0.919903,0.331923,0.976671,-0.213545,0.02261,0.050081,0.328901,0.943035,-5e-06,5.2e-05,2.9e-05,0.00191,-0.001432,-0.001058,-0.049438,0.054177,0.033572,-0.048458,-0.012792,-0.439954,-0.897928,0.527206,-0.766009,0.367808,-0.84964,-0.468689,0.241745,0.016256,0.003018,0.002766,-0.025639,0.372794,-0.781832,-0.849457
1035,0.03497,0.018059,0.387037,-0.082849,-0.491359,-0.867034,0.453057,-0.793481,0.406324,-0.887523,-0.358548,0.289436,0.034405,0.003173,0.020014,-0.060074,0.392754,-0.769394,-1.87367,-0.142981,0.084639,0.340941,0.30699,0.891875,0.332126,-0.951258,0.297625,0.080382,-0.027529,-0.341738,0.939319,-0.00016,0.001361,0.000778,-0.0,0.0,0.0,0.089046,0.021904,0.060911,-0.012406,-0.208985,-0.919907,0.331805,0.97662,-0.213803,0.022363,0.050369,0.328722,0.943082,-9.2e-05,0.000788,0.000451,-5.1e-05,-4.1e-05,-0.000272,-0.052377,0.054725,0.033696,-0.048189,-0.010148,-0.470356,-0.882417,0.526395,-0.752803,0.395214,-0.850178,-0.46049,0.255233,0.010932,0.003791,0.011315,-0.068953,0.512078,-1.004978,-0.848477
1036,0.035581,0.018146,0.387527,-0.079906,-0.504265,-0.85987,0.457774,-0.784839,0.417662,-0.885373,-0.359632,0.294628,0.036155,0.006913,0.022615,-0.054019,0.304419,-0.59129,-1.878552,-0.142977,0.084674,0.34093,0.306952,0.891872,0.33217,-0.951268,0.297616,0.0803,-0.027613,-0.341754,0.939311,-5.1e-05,0.000434,0.000248,-0.0,0.0,0.0,0.087434,0.021906,0.060931,-0.01241,-0.208941,-0.919902,0.331847,0.976625,-0.213787,0.02228,0.050449,0.328746,0.943069,-2.6e-05,0.000235,0.000135,-6.4e-05,-3e-06,-0.000214,-0.054337,0.05503,0.033738,-0.047944,-0.006001,-0.483207,-0.875485,0.529895,-0.744011,0.407011,-0.848041,-0.461473,0.260514,0.017476,-0.001242,0.016215,-0.095224,0.417178,-0.788047,-0.858601
1037,0.036638,0.018006,0.388932,-0.067822,-0.519771,-0.851636,0.480149,-0.765249,0.428747,-0.874479,-0.379194,0.302532,0.021844,0.000962,0.034221,4.633085,-2.099165,-2.120248,-1.885359,-0.142914,0.084715,0.340928,0.308493,0.890872,0.333422,-0.950808,0.298426,0.082699,-0.0262,-0.343655,0.938657,-9e-06,7.3e-05,4.1e-05,-0.000319,0.000252,0.000224,0.08669,0.021938,0.060953,-0.01241,-0.210526,-0.919035,0.333245,0.976369,-0.214682,0.024758,0.048788,0.330583,0.942514,-4e-06,3.3e-05,1.7e-05,0.006845,-0.00484,-0.002535,-0.056297,0.05557,0.033682,-0.047238,0.004121,-0.497604,-0.867393,0.545747,-0.725716,0.41892,-0.837939,-0.475105,0.268575,0.016419,-0.006723,0.02049,-0.123323,0.258628,-0.451776,-0.863499
1038,0.037578,0.017346,0.390754,-0.046925,-0.531342,-0.845884,0.507951,-0.741845,0.437749,-0.86005,-0.408472,0.305764,0.019433,-0.010805,0.042263,4.582937,-2.32759,-1.808678,-1.894151,-0.142795,0.084722,0.340923,0.308773,0.890835,0.333261,-0.950718,0.298691,0.082777,-0.026174,-0.343519,0.938708,0.01143,-0.0002,-0.000972,-0.000226,0.002173,0.006371,0.085359,0.021993,0.060959,-0.012411,-0.210781,-0.919046,0.333055,0.976312,-0.214941,0.024763,0.048829,0.330385,0.942581,6e-06,-4.3e-05,-2.5e-05,5.8e-05,-0.000105,-0.000294,-0.058093,0.056043,0.033362,-0.046326,0.026325,-0.507469,-0.861267,0.570705,-0.699731,0.429733,-0.820732,-0.502842,0.271195,0.015081,-0.012869,0.02434,-0.107025,0.18511,-0.318132,-0.86203
1039,0.03844,0.016396,0.392519,-0.014453,-0.539759,-0.841722,0.535278,-0.715202,0.449373,-0.844536,-0.443396,0.30031,0.028156,-0.02295,0.034137,0.238926,-0.263984,-0.353912,-1.894044,-0.142641,0.084726,0.340913,0.310318,0.889816,0.334547,-0.950253,0.299479,0.085235,-0.024721,-0.345475,0.938029,0.011253,0.001296,-0.000117,-0.009367,-0.006201,0.037234,0.082096,0.022074,0.060957,-0.012419,-0.212411,-0.918109,0.334599,0.97605,-0.215802,0.02748,0.046978,0.332422,0.941959,0.005625,0.000664,-5e-05,0.015439,-0.023574,0.028671,-0.061032,0.056476,0.032902,-0.045434,0.062499,-0.512442,-0.856444,0.598348,-0.667567,0.443094,-0.798794,-0.540145,0.264897,0.007175,-0.014096,0.02323,1.184612,-0.789557,-0.738999,-0.86203
1040,0.038747,0.015916,0.393228,0.003169,-0.541215,-0.840905,0.54818,-0.70236,0.454049,-0.83636,-0.46174,0.295509,0.013335,-0.02347,0.033353,0.250941,-0.324447,-0.195489,-1.901461,-0.142581,0.084725,0.340908,0.31045,0.889798,0.334473,-0.950211,0.299603,0.085272,-0.02471,-0.345413,0.938052,1.2e-05,-9.7e-05,-5.6e-05,-0.000167,0.000132,0.000117,0.082369,0.022104,0.060956,-0.012421,-0.212499,-0.918159,0.334405,0.976023,-0.215944,0.027311,0.047137,0.332191,0.942033,4e-06,-3.3e-05,-2e-05,0.004492,-0.003206,-0.001828,-0.062338,0.056641,0.032656,-0.045065,0.080726,-0.512044,-0.855156,0.60972,-0.653341,0.44876,-0.788494,-0.557633,0.259462,0.006435,-0.012189,0.016364,0.282035,-0.281443,-0.176492,-0.86301
1041,0.039211,0.015214,0.394011,0.043175,-0.540546,-0.840233,0.561919,-0.682245,0.46772,-0.826122,-0.49167,0.275337,0.012172,-0.01201,0.008486,-0.451868,-0.733177,-0.534663,-1.914071,-0.142496,0.084728,0.340903,0.310644,0.889772,0.33436,-0.950148,0.299788,0.085327,-0.024691,-0.345319,0.938088,0.0,-1e-06,-1e-06,-0.0,0.0,0.0,0.082101,0.022147,0.060958,-0.012423,-0.212678,-0.918164,0.334276,0.975983,-0.216125,0.027319,0.047162,0.332059,0.942078,-1e-06,1.4e-05,7e-06,1e-06,-8.6e-05,-0.000271,-0.063481,0.056869,0.03231,-0.044676,0.117692,-0.507773,-0.853413,0.622158,-0.632112,0.461901,-0.773994,-0.58532,0.24152,0.005953,-0.006264,0.004074,-0.189432,-0.391082,-0.165417,-0.854355
1042,0.039226,0.014757,0.394141,0.101412,-0.533666,-0.83962,0.58913,-0.647863,0.482879,-0.80178,-0.542958,0.249747,-0.003825,-0.008074,-0.005613,1.011079,-1.414905,-0.937156,-1.91476,-0.142493,0.084776,0.340919,0.310647,0.889769,0.334366,-0.950146,0.299799,0.085304,-0.024718,-0.345317,0.938087,-0.000125,0.001051,0.000601,-0.0,0.0,0.0,0.081618,0.022148,0.06098,-0.012416,-0.212673,-0.918164,0.334281,0.975983,-0.216128,0.027295,0.047186,0.332058,0.942077,-9.6e-05,0.000805,0.00046,-5.4e-05,7e-06,-0.000166,-0.063971,0.056885,0.032086,-0.044602,0.172353,-0.49551,-0.85133,0.64151,-0.599389,0.478745,-0.747501,-0.62865,0.214568,-0.008382,-0.002314,-0.001796,-0.502339,-0.854773,-0.670945,-0.834924
1043,0.039032,0.014618,0.394004,0.127609,-0.530325,-0.838163,0.598184,-0.632928,0.491477,-0.791297,-0.563439,0.237512,-0.017839,-0.006859,-0.005195,0.046084,-0.815324,-0.65806,-1.915081,-0.142498,0.084815,0.340932,0.310727,0.889765,0.334303,-0.950119,0.299885,0.085299,-0.024732,-0.345254,0.93811,-0.000266,0.002231,0.001276,0.002275,-0.017379,0.022873,0.080982,0.022146,0.060998,-0.012411,-0.212736,-0.918166,0.334236,0.975968,-0.216195,0.027286,0.047207,0.332009,0.942093,-5.1e-05,0.000425,0.000243,-3.3e-05,1.2e-05,-0.000137,-0.064461,0.05679,0.032011,-0.044675,0.201678,-0.488396,-0.848996,0.651511,-0.580337,0.488612,-0.73134,-0.651673,0.201154,-0.00296,-0.006242,-0.004348,1.05205,-1.499022,-0.736585,-0.835087
