frame,MLTx,MLTy,MLTz,MLTR1,MLTR2,MLTR3,MLTR4,MLTR5,MLTR6,MLTR7,MLTR8,MLTR9,MLTTVx,MLTTVy,MLTTVz,MLTRVx,MLTRVy,MLTRVz,MLGA,MRTx,MRTy,MRTz,MRTR1,MRTR2,MRTR3,MRTR4,MRTR5,MRTR6,MRTR7,MRTR8,MRTR9,MRTTVx,MRTTVy,MRTTVz,MRTRVx,MRTRVy,MRTRVz,MRGA,SLTx,SLTy,SLTz,SLTR1,SLTR2,SLTR3,SLTR4,SLTR5,SLTR6,SLTR7,SLTR8,SLTR9,SLTTVx,SLTTVy,SLTTVz,SLTRVx,SLTRVy,SLTRVz,SLGA,SRTx,SRTy,SRTz,SRTR1,SRTR2,SRTR3,SRTR4,SRTR5,SRTR6,SRTR7,SRTR8,SRTR9,SRTTVx,SRTTVy,SRTTVz,SRTRVx,SRTRVy,SRTRVz,SRGA
1152,0.19091,0.001046,0.313675,-0.495045,-0.387226,-0.777839,-0.182772,-0.828788,0.528844,-0.848834,0.404446,0.340486,-0.071311,0.007983,-0.007924,-0.49953,-0.940605,0.180888,0.113549,-0.174111,0.020725,0.330913,-0.482875,-0.607301,0.630879,0.875402,-0.350317,0.332991,0.019377,0.713818,0.699965,-0.001739,0.006143,-0.028966,-0.292825,0.492448,0.093504,0.221089,0.039691,0.052337,-0.0029,0.553189,0.613828,0.563201,-0.832358,0.434911,0.343555,-0.034059,-0.658837,0.751513,-0.000854,0.003334,-0.01427,-0.564999,0.849651,0.082682,-0.025271,0.094288,0.042769,-0.060828,0.569013,0.389395,-0.724289,0.054655,0.860923,0.50579,0.82051,-0.327387,0.468594,-0.035421,-0.001998,-0.000277,-1.569423,0.224974,0.852219,-0.157268
1153,0.18964,0.001064,0.313524,-0.492243,-0.363158,-0.791113,-0.226862,-0.823912,0.519304,-0.839788,0.435544,0.324167,-0.057133,0.004462,-0.012065,-1.640218,-0.089293,0.717358,0.159691,-0.174216,0.020735,0.330419,-0.484411,-0.602147,0.634632,0.874589,-0.347539,0.338,0.017631,0.719519,0.694151,-0.014204,-0.007083,-0.021629,-0.22347,0.328251,-0.006069,0.275557,0.039632,0.052344,-0.003165,0.554954,0.607734,0.568052,-0.83123,0.432112,0.349765,-0.032898,-0.666286,0.744969,-0.007085,-0.003672,-0.010915,-0.187732,0.30044,-0.022334,0.083317,0.093642,0.042792,-0.060896,0.566714,0.367763,-0.737281,0.095752,0.85939,0.502273,0.81833,-0.355242,0.451815,-0.035631,0.002407,-0.005488,-0.060801,-0.39317,0.300645,-0.087379
1154,0.187685,0.000879,0.313076,-0.467213,-0.337221,-0.817337,-0.292405,-0.813482,0.502712,-0.833838,0.474282,0.282486,-0.043037,-0.0011,-0.01822,-0.292686,-0.920458,0.233564,0.246081,-0.17436,0.020608,0.329276,-0.500651,-0.590022,0.633415,0.865552,-0.344819,0.363117,0.004784,0.730778,0.682498,-0.001798,-0.001327,-0.035156,-0.445668,0.579763,0.376022,0.377517,0.039561,0.052286,-0.003718,0.569416,0.595988,0.566181,-0.821767,0.430724,0.373062,-0.021527,-0.677697,0.735025,-0.000883,-0.00063,-0.017548,-0.488302,0.644583,0.428252,0.242362,0.092638,0.042703,-0.061116,0.548409,0.337155,-0.765227,0.168914,0.851584,0.496257,0.818972,-0.401409,0.410067,-0.021292,-0.006848,-0.005744,-0.472676,-1.033977,0.08589,0.044886
1155,0.186247,0.000575,0.312041,-0.437022,-0.322907,-0.839517,-0.355347,-0.795451,0.490875,-0.825763,0.513241,0.233935,-0.043661,-0.00189,-0.038155,-0.502003,-1.224163,0.219993,0.30665,-0.174691,0.0204,0.327757,-0.528594,-0.577202,0.622429,0.848653,-0.346506,0.39957,-0.014302,0.740149,0.672188,-0.015198,-0.008767,-0.040377,-1.030448,-1.573191,2.216246,0.438046,0.039406,0.052187,-0.004456,0.594553,0.579031,0.557879,-0.804039,0.432613,0.40788,-0.005171,-0.691063,0.722775,-0.000919,-0.004299,-0.020646,-0.563514,0.724445,0.412456,0.356502,0.09193,0.042565,-0.061604,0.524103,0.318784,-0.789741,0.232839,0.838339,0.492922,0.819207,-0.442225,0.36515,-0.014707,-0.001214,-0.019598,-1.679812,-0.299735,0.713636,0.158046
1156,0.185651,0.000453,0.311216,-0.423937,-0.317124,-0.848384,-0.386527,-0.783781,0.486061,-0.818568,0.534374,0.210757,-0.029589,-0.00779,-0.04471,-0.240037,-1.06131,0.337202,0.320086,-0.174874,0.02032,0.32688,-0.541733,-0.56583,0.621573,0.840204,-0.346404,0.417128,-0.020037,0.748918,0.662256,-0.015258,-0.011954,-0.043146,-0.718321,0.809001,0.711814,0.452342,0.039308,0.05215,-0.004911,0.607531,0.568938,0.554268,-0.794294,0.434211,0.424919,0.001083,-0.698404,0.715701,-0.001343,-0.000216,-0.025919,-0.425818,0.512798,0.542455,0.390303,0.091627,0.042502,-0.062004,0.511665,0.313143,-0.800086,0.265869,0.827803,0.494018,0.817013,-0.46549,0.340303,-0.021863,-0.003951,-0.022082,-0.542316,-1.397759,0.308368,0.192827
1157,0.184389,0.000431,0.308787,-0.39206,-0.318776,-0.862969,-0.436706,-0.761142,0.479502,-0.809214,0.565251,0.16028,-0.03069,0.001786,-0.073999,-0.168603,-1.155802,0.29106,0.36216,-0.175219,0.020492,0.324613,-0.561876,-0.543949,0.623222,0.826566,-0.341523,0.447307,-0.02977,0.767136,0.640686,-0.017781,0.018075,-0.070137,-0.799021,0.30958,0.519483,0.469848,0.03913,0.052228,-0.006063,0.627177,0.544085,0.557333,-0.778829,0.43023,0.456427,0.008554,-0.720328,0.69358,-0.008861,0.008678,-0.035356,-0.878809,0.36338,0.549889,0.429983,0.090985,0.042492,-0.063224,0.481171,0.312165,-0.819162,0.318179,0.808533,0.495011,0.816845,-0.498825,0.289718,-0.022431,-0.000131,-0.037704,-0.243065,-1.269379,0.145978,0.247203
1158,0.182954,0.000814,0.30517,-0.355068,-0.345512,-0.868674,-0.457676,-0.745996,0.48373,-0.814726,0.569755,0.107831,-0.032162,0.02424,-0.110152,-0.182164,-1.346963,-0.07069,0.405732,-0.1756,0.021185,0.321628,-0.578783,-0.52297,0.625703,0.813967,-0.325335,0.481194,-0.047367,0.788452,0.613158,-0.018714,0.022274,-0.084296,-0.737834,0.930304,0.854207,0.489206,0.038939,0.052578,-0.007552,0.642169,0.523118,0.560326,-0.766203,0.415654,0.490064,0.02346,-0.744028,0.667735,-0.009324,0.010783,-0.042439,-0.692784,0.909285,0.836263,0.456436,0.090268,0.042675,-0.065019,0.44401,0.334939,-0.831065,0.339341,0.79556,0.501928,0.829277,-0.504876,0.239579,-0.015851,0.005714,-0.05186,-0.234838,-1.311171,-0.30822,0.315785
1159,0.181691,0.001538,0.300474,-0.313163,-0.385743,-0.867857,-0.466822,-0.73328,0.494317,-0.826679,0.560414,0.050647,-0.032938,0.025973,-0.129342,-0.203251,-1.415494,-0.379879,0.4148,-0.175944,0.022344,0.31792,-0.602373,-0.503818,0.619116,0.795094,-0.311382,0.520384,-0.068646,0.806339,0.587339,-0.006988,0.041908,-0.103879,-0.683412,0.693591,1.091305,0.495319,0.038771,0.053127,-0.009334,0.662936,0.502741,0.554767,-0.7475,0.402963,0.528075,0.041934,-0.764768,0.642938,-0.003453,0.020161,-0.052593,-0.95127,-1.11847,2.805424,0.474725,0.089644,0.043024,-0.067313,0.400723,0.371104,-0.837676,0.347823,0.784227,0.513815,0.847607,-0.497261,0.185179,-0.016227,0.006816,-0.061216,-0.194761,-1.30688,-0.331706,0.356118
1160,0.18119,0.002021,0.297884,-0.294038,-0.408101,-0.864315,-0.466879,-0.72774,0.502384,-0.833661,0.551755,0.024529,-0.033413,0.035386,-0.140015,-0.171884,-1.585994,-0.273582,0.413519,-0.176075,0.023068,0.31589,-0.612399,-0.493226,0.617809,0.786936,-0.306814,0.535286,-0.073701,0.814588,0.575219,-0.007025,0.039965,-0.105808,-0.356073,0.654501,0.506357,0.495655,0.038706,0.053486,-0.010345,0.673583,0.489892,0.553435,-0.737654,0.398579,0.544978,0.046392,-0.775331,0.629847,-0.003467,0.01955,-0.05326,-0.705034,0.873917,0.908469,0.47848,0.089393,0.043258,-0.068607,0.380146,0.39181,-0.837838,0.347046,0.779237,0.521869,0.857348,-0.489155,0.160248,-0.009436,0.017012,-0.070903,-0.177744,-1.459999,-0.382457,0.360527
1161,0.18042,0.003338,0.292392,-0.26096,-0.451755,-0.853148,-0.469108,-0.713065,0.521007,-0.8434,0.53674,-0.024775,-0.01952,0.045628,-0.151275,-0.096743,-1.331533,-0.53616,0.428233,-0.17627,0.024672,0.311655,-0.628436,-0.472286,0.618066,0.772941,-0.29092,0.563792,-0.085679,0.832612,0.547064,-0.007886,0.048236,-0.11668,-0.500899,0.546146,0.661857,0.496006,0.038606,0.054299,-0.012499,0.688175,0.46783,0.554572,-0.723433,0.384169,0.573636,0.055315,-0.795958,0.602819,0.003238,0.018477,-0.055036,-0.786362,0.51199,0.404733,0.481419,0.088996,0.043914,-0.071406,0.341582,0.434754,-0.833252,0.347874,0.765127,0.541816,0.8731,-0.474941,0.110113,-0.002311,0.016578,-0.07257,-0.153876,-1.581042,-0.4404,0.373916
1162,0.18015,0.005109,0.286383,-0.240245,-0.49725,-0.833709,-0.474341,-0.689208,0.54769,-0.846645,0.527658,-0.069246,-0.00548,0.056769,-0.161693,-0.042515,-1.368975,-0.520128,0.438305,-0.176388,0.026334,0.307174,-0.645544,-0.449625,0.617335,0.758018,-0.279567,0.589224,-0.091537,0.848868,0.520487,-0.00714,0.035409,-0.111083,-0.589097,0.876926,0.677276,0.492501,0.038547,0.055131,-0.014744,0.703131,0.445066,0.554546,-0.708623,0.374091,0.598255,0.058812,-0.813616,0.578419,-0.003897,0.023565,-0.059122,-0.265206,0.58598,0.46487,0.481093,0.088855,0.044792,-0.074409,0.315431,0.479567,-0.818851,0.351114,0.742682,0.570211,0.881601,-0.467373,0.065882,0.00473,0.021925,-0.078069,-0.246405,-1.682995,-0.772601,0.395471
1163,0.180276,0.006147,0.283257,-0.227694,-0.52112,-0.822578,-0.475503,-0.677695,0.560891,-0.849472,0.519495,-0.09246,0.009003,0.057997,-0.161835,-0.111609,-1.453818,-0.802448,0.435092,-0.1764,0.027162,0.304958,-0.653924,-0.43827,0.61668,0.751131,-0.27963,0.59795,-0.088804,0.854754,0.511247,-0.007132,0.0369,-0.110061,-0.261086,0.54889,0.413287,0.484944,0.038541,0.055541,-0.015855,0.711556,0.431567,0.55447,-0.700462,0.373782,0.607979,0.055132,-0.820996,0.568264,0.003239,0.018841,-0.055216,-0.406602,0.543838,0.70652,0.477337,0.088912,0.045308,-0.075976,0.300431,0.501868,-0.811091,0.351178,0.732435,0.583276,0.8868,-0.460072,0.043802,0.004607,0.028517,-0.0814,0.013459,-1.123612,-0.583907,0.398083
1164,0.181012,0.008683,0.276851,-0.209981,-0.567509,-0.79617,-0.47989,-0.649669,0.589582,-0.851586,0.506578,-0.134929,0.023364,0.075881,-0.164318,0.026599,-1.099798,-0.746741,0.431629,-0.176342,0.028763,0.300681,-0.668423,-0.416974,0.615902,0.738967,-0.279338,0.613052,-0.082747,0.865414,0.494039,0.007216,0.031638,-0.098673,-0.19233,0.425125,0.370503,0.467726,0.038562,0.056323,-0.017969,0.724199,0.409785,0.554627,-0.687957,0.374004,0.621961,0.047437,-0.831984,0.552768,-0.003469,0.021405,-0.052566,-0.226294,0.533016,0.448072,0.458395,0.089266,0.046538,-0.079126,0.276098,0.548357,-0.78935,0.353894,0.705573,0.613942,0.893603,-0.448854,0.000747,0.019046,0.03792,-0.082363,-0.109556,-1.503445,-1.001057,0.393021
1165,0.182408,0.011557,0.270685,-0.205575,-0.608741,-0.766302,-0.495654,-0.610419,0.617808,-0.843602,0.507582,-0.175281,0.03827,0.068315,-0.15444,-0.101321,-1.345739,-0.957484,0.424773,-0.176119,0.030178,0.297082,-0.672766,-0.411258,0.615016,0.735108,-0.278678,0.617971,-0.081913,0.868351,0.488999,0.00813,0.02805,-0.084323,-0.168997,-0.240366,-0.165918,0.44974,0.038675,0.057038,-0.019816,0.729146,0.401779,0.554003,-0.682855,0.373505,0.627856,0.045336,-0.836102,0.546696,0.003717,0.020129,-0.045466,-0.809057,-1.012973,-0.743211,0.437005,0.089967,0.048001,-0.082272,0.265046,0.589971,-0.762681,0.368124,0.669145,0.645545,0.891198,-0.45186,-0.039829,0.026345,0.040502,-0.080437,0.056273,-1.052933,-0.651944,0.390572
1166,0.184444,0.014744,0.2646,-0.195203,-0.648033,-0.736203,-0.50405,-0.577652,0.642047,-0.841101,0.497216,-0.212962,0.052878,0.07588,-0.147327,-0.034279,-1.220976,-0.809489,0.380776,-0.175755,0.031499,0.293988,-0.67591,-0.407447,0.614104,0.73282,-0.284322,0.618118,-0.076402,0.868314,0.489957,0.009073,0.026585,-0.067661,0.174988,-0.007364,0.022996,0.420362,0.038849,0.057684,-0.021349,0.731514,0.398481,0.553261,-0.680632,0.378781,0.627108,0.040326,-0.835306,0.548303,0.004595,0.013626,-0.033506,0.194787,-0.024124,0.008292,0.407775,0.09098,0.049587,-0.085322,0.247907,0.629989,-0.735972,0.375387,0.63787,0.672462,0.893098,-0.442983,-0.078357,0.033622,0.044221,-0.076952,-0.048102,-1.421435,-0.89093,0.353505
1167,0.185558,0.016509,0.261583,-0.201034,-0.65959,-0.724273,-0.513519,-0.558689,0.651257,-0.833964,0.503672,-0.225491,0.052887,0.080095,-0.142725,-1.092786,0.243867,-0.881064,0.35672,-0.175549,0.032019,0.292807,-0.676052,-0.407382,0.613991,0.732931,-0.287151,0.616677,-0.074069,0.867412,0.491908,0.009933,0.018853,-0.056829,0.128119,0.128083,-0.149942,0.386402,0.038964,0.057966,-0.021989,0.731559,0.398623,0.553101,-0.680715,0.381785,0.625193,0.038051,-0.83387,0.550647,0.005021,0.009945,-0.027917,0.127898,0.122159,-0.155024,0.380506,0.091516,0.050432,-0.086778,0.24714,0.643734,-0.724243,0.381482,0.622427,0.683413,0.890725,-0.445185,-0.091747,0.026376,0.046126,-0.074573,0.091717,-1.061923,-0.644113,0.323296
1168,0.187426,0.020098,0.256253,-0.209252,-0.671289,-0.711077,-0.520121,-0.539393,0.662195,-0.82782,0.509245,-0.235393,0.038378,0.092023,-0.127583,0.28902,-0.252846,-0.031985,0.31588,-0.175021,0.032852,0.290978,-0.668829,-0.419003,0.614082,0.73888,-0.284687,0.610691,-0.080224,0.862689,0.499195,0.024413,0.020154,-0.038278,0.219501,-0.15348,-0.043848,0.253981,0.039215,0.058362,-0.022881,0.725274,0.410451,0.552725,-0.686989,0.379044,0.619976,0.044962,-0.829369,0.556887,0.00549,0.010309,-0.018321,0.215954,-0.172059,-0.362462,0.258201,0.092461,0.052215,-0.089467,0.255437,0.656975,-0.709319,0.391149,0.600712,0.697242,0.884168,-0.455551,-0.103532,0.02653,0.046115,-0.064004,-0.024379,0.020661,-0.114672,0.262715
1169,0.188598,0.023579,0.252086,-0.235322,-0.661355,-0.712235,-0.531444,-0.526022,0.663958,-0.813477,0.535578,-0.226798,0.010313,0.083323,-0.092955,-3.723047,3.698432,-1.1944,0.217429,-0.174268,0.033749,0.290048,-0.666449,-0.425218,0.612394,0.741282,-0.29132,0.604622,-0.07786,0.857423,0.508553,0.025345,0.024205,-0.01562,0.417913,-0.376093,-0.197482,0.168328,0.039596,0.05881,-0.023375,0.723763,0.415789,0.550712,-0.688672,0.384874,0.614493,0.043544,-0.824008,0.564901,0.012703,0.012802,-0.007131,0.43642,-0.414227,-0.231957,0.107974,0.093073,0.053985,-0.091624,0.278378,0.649296,-0.707756,0.39921,0.591999,0.700119,0.873576,-0.477441,-0.094406,0.01246,0.042506,-0.04576,-0.045066,0.392276,-0.13639,0.174212
1170,0.188927,0.025136,0.250532,-0.252438,-0.651075,-0.715837,-0.538976,-0.519811,0.662777,-0.80331,0.553937,-0.218799,0.010744,0.079939,-0.074867,0.43833,0.480773,0.359853,0.101284,-0.173721,0.034342,0.289886,-0.666422,-0.427562,0.610789,0.741365,-0.29425,0.603099,-0.077304,0.855256,0.512274,0.039681,0.02139,-0.001009,0.088462,-0.00423,-0.075267,0.106879,0.039855,0.059093,-0.02346,0.722839,0.41976,0.548912,-0.689656,0.388421,0.611148,0.043327,-0.820323,0.570256,0.013121,0.011117,0.000505,0.081016,-0.117813,0.046124,0.04821,0.093238,0.054762,-0.092412,0.29959,0.640883,-0.706762,0.410782,0.581959,0.70184,0.861105,-0.50059,-0.088914,0.005677,0.033983,-0.034152,0.22093,0.085916,-0.071854,0.069543
1171,0.188715,0.028018,0.248474,-0.268762,-0.633348,-0.725729,-0.539925,-0.524908,0.65797,-0.797338,0.569463,-0.199979,-0.031329,0.071923,-0.0378,0.410104,0.619206,0.385047,-0.114214,-0.172352,0.035496,0.290301,-0.66327,-0.438266,0.60662,0.74422,-0.302072,0.59567,-0.07699,0.847082,0.525726,0.040379,0.02596,0.021949,0.114121,-0.080389,-0.09554,-0.026295,0.040549,0.05968,-0.023264,0.720179,0.430525,0.544049,-0.69238,0.396072,0.603105,0.044169,-0.811032,0.58333,0.0202,0.013789,0.011756,0.089978,-0.199007,0.063862,-0.128308,0.093148,0.056202,-0.093461,0.318552,0.623113,-0.71432,0.411834,0.587759,0.69637,0.853766,-0.516012,-0.069388,-0.008436,0.036834,-0.018117,0.53955,0.832237,0.650808,-0.202173
1172,0.187242,0.030753,0.247839,-0.272745,-0.605949,-0.747316,-0.525867,-0.556588,0.643153,-0.805333,0.569158,-0.165908,-0.043883,0.051803,0.003791,0.524606,0.6715,0.767442,-0.544768,-0.170707,0.036651,0.291449,-0.657037,-0.454998,0.601058,0.749104,-0.305716,0.587636,-0.082799,0.836908,0.540918,0.040935,0.02306,0.037193,0.145804,-0.145454,-0.144578,-0.169407,0.041388,0.060278,-0.022671,0.714876,0.447184,0.537566,-0.697352,0.39933,0.595176,0.051487,-0.80035,0.597316,0.02046,0.012114,0.019146,0.110827,-0.1296,-0.131695,-0.267921,0.092417,0.057577,-0.093794,0.32749,0.594727,-0.734199,0.397551,0.618189,0.678082,0.857148,-0.513946,-0.033984,-0.022107,0.033196,0.000397,0.944484,0.795847,0.970061,-0.442373
1173,0.184802,0.032133,0.248854,-0.23591,-0.58129,-0.778777,-0.463432,-0.637113,0.615866,-0.853879,0.50692,-0.118114,-0.070218,0.012055,0.041603,4.829179,-1.947289,1.874316,-1.704443,-0.16924,0.037589,0.29291,-0.638439,-0.480543,0.601219,0.762867,-0.292306,0.576649,-0.100567,0.827393,0.552421,0.028196,0.011799,0.045387,0.158876,-0.273993,-0.065719,-0.565959,0.042111,0.060754,-0.021947,0.698104,0.473768,0.536836,-0.71253,0.386011,0.585914,0.070363,-0.791541,0.60705,0.020298,0.012675,0.019462,0.224389,-0.218622,-0.202776,-0.519225,0.091208,0.058293,-0.093288,0.299027,0.567024,-0.767506,0.33764,0.689406,0.640872,0.892513,-0.450779,0.014701,-0.035091,0.00712,0.022328,0.515934,1.269228,1.115794,-0.738256
1174,0.183128,0.032406,0.24981,-0.237806,-0.553613,-0.798127,-0.450511,-0.665113,0.595514,-0.86024,0.501867,-0.090244,-0.098222,0.01819,0.050439,0.615416,1.698662,1.42736,-1.90276,-0.168598,0.038056,0.293695,-0.631769,-0.486359,0.603585,0.768763,-0.294202,0.567787,-0.097783,0.823319,0.55897,0.027125,0.025819,0.040407,0.272096,-0.354421,-0.11008,-0.818613,0.042432,0.060983,-0.021552,0.692045,0.48006,0.539086,-0.718632,0.387712,0.577275,0.068117,-0.786905,0.613301,0.020208,0.0137,0.020322,0.346966,-0.453498,-0.105253,-0.667003,0.090345,0.058434,-0.092794,0.302477,0.538836,-0.786232,0.321546,0.718833,0.616349,0.897282,-0.439241,0.04417,-0.049102,0.009712,0.026122,0.614298,1.727143,1.439685,-0.890443
1175,0.178686,0.033164,0.252568,-0.258641,-0.473534,-0.841971,-0.453539,-0.710057,0.538602,-0.852579,0.521758,-0.030065,-0.12469,0.025405,0.080999,0.333569,1.378327,2.164302,-1.917883,-0.167493,0.039042,0.295316,-0.610984,-0.498524,0.614949,0.786658,-0.296254,0.541606,-0.087061,0.815278,0.572368,0.026895,0.025468,0.03958,0.46353,0.091933,-0.822343,-1.354516,0.042985,0.061483,-0.020734,0.673318,0.494435,0.549704,-0.736994,0.389517,0.552372,0.058993,-0.777052,0.626665,0.013425,0.01295,0.019986,0.67884,1.457786,-2.442837,-0.955211,0.088124,0.058805,-0.091425,0.335062,0.457783,-0.823509,0.328939,0.7622,0.557538,0.88291,-0.457695,0.104801,-0.062341,0.013526,0.041671,0.248805,1.281438,2.15363,-1.079043
1176,0.173743,0.033415,0.256553,-0.26428,-0.388846,-0.88261,-0.465159,-0.750278,0.469768,-0.844548,0.535185,0.01851,-0.136348,-0.011616,0.1184,-0.452871,-0.230465,3.3534,-1.918322,-0.166768,0.039929,0.296955,-0.590197,-0.514279,0.622235,0.803335,-0.299293,0.514791,-0.077781,0.804322,0.588965,0.013441,0.026799,0.041589,0.72175,1.515921,-2.437565,-1.404632,0.043352,0.061923,-0.019918,0.655512,0.512221,0.554915,-0.753344,0.392266,0.527825,0.052689,-0.764039,0.643014,0.006688,0.013823,0.021177,0.529936,-0.511503,-0.524668,-0.951292,0.085654,0.058938,-0.089423,0.35309,0.370929,-0.858917,0.346933,0.800687,0.488402,0.868886,-0.470437,0.154027,-0.068182,-0.005197,0.060122,-0.449308,-0.210274,3.342894,-1.059122
1177,0.171132,0.033105,0.258985,-0.269003,-0.357758,-0.894255,-0.469042,-0.762274,0.445992,-0.840897,0.539859,0.038367,-0.135568,-0.019801,0.128008,0.182165,1.04506,0.915877,-1.91845,-0.166482,0.040381,0.297817,-0.582564,-0.522838,0.622295,0.809121,-0.301489,0.504342,-0.075349,0.797966,0.59786,0.013365,0.02728,0.041781,0.571842,-0.402641,-0.690913,-1.405083,0.0435,0.06216,-0.019471,0.646976,0.520545,0.557184,-0.760889,0.39312,0.516239,0.049685,-0.75795,0.650416,0.006655,0.013648,0.020885,0.47536,-0.350505,-0.646648,-0.950966,0.084399,0.058796,-0.088248,0.360574,0.340088,-0.868519,0.35376,0.811722,0.464715,0.863041,-0.474811,0.172376,-0.067852,-0.009505,0.064669,0.159,0.964882,1.083567,-1.060428
1178,0.165939,0.032019,0.26458,-0.284603,-0.319931,-0.90371,-0.472839,-0.773191,0.422576,-0.833588,0.54797,0.069905,-0.133893,-0.032271,0.151559,-0.105295,0.511983,0.432779,-1.918196,-0.166229,0.040988,0.29959,-0.574083,-0.531091,0.623187,0.815313,-0.301694,0.494146,-0.07371,0.792426,0.605385,0.001153,0.01249,0.046698,0.227037,-0.311414,-0.182042,-1.405644,0.043626,0.062463,-0.018599,0.638848,0.529765,0.557872,-0.767767,0.392787,0.506212,0.049049,-0.751709,0.657667,0.000544,0.006423,0.023511,0.382926,-0.29945,-0.429476,-0.961743,0.081847,0.058269,-0.085516,0.380185,0.303236,-0.873788,0.359988,0.821719,0.441797,0.851978,-0.482518,0.203244,-0.06707,-0.016375,0.075723,0.020323,0.681495,0.732048,-1.075941
1179,0.161318,0.030703,0.270847,-0.297435,-0.309819,-0.9031,-0.456761,-0.784454,0.419491,-0.838043,0.537655,0.092938,-0.104426,-0.034114,0.166028,-0.194072,0.231764,0.195617,-1.917436,-0.166256,0.041347,0.301452,-0.571765,-0.532591,0.624038,0.8168,-0.299212,0.493198,-0.075242,0.792362,0.605281,0.001202,0.009811,0.04387,-0.078105,0.076422,-0.099167,-1.405776,0.043612,0.062643,-0.01768,0.636159,0.532335,0.558498,-0.7699,0.390556,0.504696,0.050543,-0.751055,0.658301,-0.005489,-0.001804,0.025278,-0.117709,0.008928,-0.003139,-0.958803,0.079525,0.057614,-0.08239,0.39341,0.29368,-0.871194,0.344057,0.831717,0.435741,0.852556,-0.471165,0.226163,-0.059356,-0.023329,0.086329,0.381503,0.551299,-0.327584,-1.075777
1180,0.157251,0.029176,0.277641,-0.296403,-0.304103,-0.90538,-0.433547,-0.801827,0.411197,-0.850641,0.51478,0.106951,-0.102861,-0.035202,0.18127,0.21226,0.153468,0.293693,-1.917491,-0.166328,0.041292,0.303316,-0.568268,-0.538877,0.621832,0.818993,-0.298376,0.490058,-0.077834,0.788423,0.610078,0.002225,-0.004249,0.048471,0.210964,-0.20959,-0.380903,-1.406052,0.043576,0.062625,-0.016752,0.634306,0.536834,0.556295,-0.771206,0.389313,0.503662,0.05381,-0.748494,0.660953,0.001081,-0.002106,0.024259,-0.119883,-0.024792,0.046007,-0.954721,0.077447,0.056839,-0.078935,0.392866,0.288549,-0.873152,0.321259,0.846606,0.424324,0.861654,-0.44721,0.239903,-0.051571,-0.023298,0.094494,1.306993,-0.069378,0.118475,-1.085575
1181,0.155341,0.028321,0.28136,-0.299069,-0.297907,-0.906562,-0.424748,-0.809168,0.405965,-0.854135,0.506839,0.116593,-0.088338,-0.042746,0.190802,-0.204033,0.668636,0.351269,-1.916743,-0.166279,0.041114,0.30428,-0.56549,-0.542527,0.621191,0.82084,-0.297892,0.487254,-0.078597,0.786102,0.612968,0.003227,-0.017509,0.054007,0.085593,-0.227305,-0.158652,-1.40592,0.043601,0.06254,-0.016254,0.6309,0.541814,0.555339,-0.773953,0.389288,0.499451,0.054422,-0.74491,0.664941,0.001106,-0.003282,0.023154,0.221867,-0.294467,-0.223979,-0.952598,0.076487,0.056416,-0.077077,0.39536,0.283386,-0.873717,0.312191,0.85313,0.417976,0.863844,-0.438018,0.248823,-0.051214,-0.026502,0.099941,-0.111925,0.900073,0.510687,-1.087534
1182,0.151873,0.026249,0.289412,-0.309745,-0.280797,-0.908436,-0.402018,-0.827136,0.392682,-0.861285,0.487185,0.14445,-0.08754,-0.069871,0.216642,1.233815,0.158818,0.153095,-1.916419,-0.166068,0.040375,0.306287,-0.55604,-0.555271,0.618455,0.827217,-0.298306,0.476089,-0.079178,0.777003,0.624388,0.017332,-0.031516,0.057717,0.179825,-0.33359,-0.272812,-1.406261,0.043701,0.062176,-0.015251,0.622337,0.554883,0.552087,-0.780744,0.389595,0.488521,0.055982,-0.735064,0.675681,0.001607,-0.010175,0.025685,0.348685,-0.432717,-0.368872,-0.953741,0.074781,0.055411,-0.073131,0.408885,0.265441,-0.873128,0.294606,0.867142,0.401584,0.863724,-0.421431,0.27636,-0.043713,-0.028652,0.105428,-0.046895,1.198259,0.732826,-1.090147
1183,0.149233,0.023932,0.297566,-0.327242,-0.248709,-0.911648,-0.39,-0.843204,0.369971,-0.86032,0.476918,0.180073,-0.059206,-0.066934,0.21614,0.2994,0.908546,0.576276,-1.915766,-0.165732,0.039163,0.308517,-0.543557,-0.568569,0.617467,0.835538,-0.297216,0.462031,-0.0785,0.767759,0.635804,0.00428,-0.032923,0.057634,0.566101,1.702957,-2.141728,-1.40578,0.043874,0.061569,-0.014138,0.612086,0.569939,0.548195,-0.788651,0.388998,0.476139,0.058123,-0.723773,0.687584,0.008639,-0.016155,0.028491,0.281397,-0.416074,-0.336134,-0.953905,0.073424,0.054242,-0.068969,0.42715,0.236308,-0.872754,0.280205,0.883128,0.376257,0.859667,-0.405268,0.311013,-0.029566,-0.027513,0.104697,1.438135,0.575163,0.4906,-1.092433
1184,0.148205,0.022637,0.301707,-0.337571,-0.23029,-0.91272,-0.386868,-0.850003,0.357491,-0.857727,0.474063,0.198984,-0.045455,-0.068152,0.213388,-0.13657,1.113556,0.705746,-1.915774,-0.165545,0.038443,0.309681,-0.538011,-0.575701,0.615714,0.839065,-0.296744,0.455902,-0.079085,0.762614,0.641894,0.017354,-0.032203,0.057071,0.246505,-0.506733,-0.154209,-1.405918,0.043963,0.061208,-0.013556,0.605636,0.576169,0.548847,-0.793642,0.387298,0.469182,0.057761,-0.719742,0.691833,0.002596,-0.022528,0.032185,0.369353,-0.49129,-0.459776,-0.955701,0.072906,0.0536,-0.066893,0.438585,0.218894,-0.871624,0.277855,0.889334,0.363153,0.854657,-0.401459,0.329228,-0.022885,-0.034541,0.10637,-0.099432,1.241772,0.801015,-1.092433
1185,0.146866,0.019841,0.309764,-0.354561,-0.194247,-0.914658,-0.382086,-0.862696,0.331267,-0.852985,0.46717,0.232802,-0.018494,-0.063994,0.196357,-0.200832,0.834129,0.546309,-1.915644,-0.165104,0.036903,0.312084,-0.526226,-0.581247,0.620669,0.84665,-0.291096,0.445399,-0.077558,0.760587,0.644481,0.004281,-0.032865,0.05768,-0.075022,-0.021807,-0.137114,-1.405684,0.044188,0.060437,-0.012356,0.593782,0.584027,0.553473,-0.802641,0.381653,0.458375,0.056469,-0.716416,0.695383,0.009138,-0.022054,0.032027,-0.12791,0.142924,-0.235055,-0.955374,0.07222,0.052186,-0.062774,0.459355,0.182171,-0.86937,0.276156,0.90095,0.334703,0.844233,-0.39383,0.363548,-0.009417,-0.032488,0.097776,-0.2332,0.790459,0.515234,-1.09227
1186,0.146551,0.017081,0.317086,-0.371153,-0.16396,-0.914006,-0.376072,-0.873415,0.309334,-0.84857,0.458742,0.263651,0.007643,-0.064928,0.175531,0.003337,0.892617,0.557582,-1.915197,-0.164513,0.0354,0.314314,-0.520177,-0.588123,0.619288,0.850069,-0.287416,0.441257,-0.080875,0.756696,0.64864,0.017466,-0.035412,0.05437,-0.026509,-0.147889,-0.104084,-1.405586,0.044485,0.059676,-0.011217,0.588464,0.59077,0.551996,-0.806255,0.377667,0.455325,0.060521,-0.712992,0.698554,0.0087,-0.017883,0.027028,-0.022491,-0.149313,-0.104191,-0.952598,0.072061,0.05084,-0.059171,0.476464,0.155072,-0.865409,0.272423,0.909837,0.313019,0.835922,-0.3849,0.391259,0.003731,-0.032429,0.087826,0.344877,0.859322,0.557893,-1.092106
1187,0.146695,0.015828,0.32034,-0.377512,-0.152572,-0.913374,-0.372533,-0.877978,0.300575,-0.847318,0.453918,0.275749,0.020607,-0.061218,0.160216,4.895669,-0.898582,-0.989476,-1.914604,-0.164177,0.034747,0.315329,-0.517354,-0.588809,0.621,0.851737,-0.284778,0.439749,-0.081438,0.757161,0.648026,0.016492,-0.024416,0.046566,-0.105252,-0.035305,-0.021471,-1.405564,0.044647,0.059359,-0.010727,0.585528,0.592053,0.55374,-0.808365,0.375162,0.45365,0.060843,-0.71325,0.698263,0.008705,-0.017879,0.027038,-0.179166,-0.020802,0.003698,-0.954068,0.072128,0.050216,-0.057535,0.484804,0.141605,-0.863082,0.274979,0.912088,0.304105,0.830271,-0.384761,0.403246,0.003283,-0.030945,0.079865,-0.038309,0.919823,0.798607,-1.092106
1188,0.147546,0.01366,0.325825,-0.387422,-0.135309,-0.911943,-0.368833,-0.883811,0.287769,-0.844448,0.448007,0.29364,0.032888,-0.043264,0.121632,4.863935,-1.210367,-1.300559,-1.914637,-0.163507,0.033786,0.317133,-0.508874,-0.593623,0.623418,0.856945,-0.281383,0.431743,-0.080242,0.754671,0.651073,0.01653,-0.025615,0.045539,0.165371,-0.292757,-0.231051,-1.40461,0.044982,0.058878,-0.009824,0.578423,0.596371,0.556567,-0.813511,0.371366,0.447532,0.060205,-0.711637,0.699962,0.00772,-0.006751,0.019301,0.401498,-0.455501,-0.312533,-0.954231,0.072549,0.049129,-0.054774,0.496076,0.124211,-0.859348,0.272866,0.91727,0.290101,0.824289,-0.378399,0.421143,0.016105,-0.028356,0.063823,-0.192577,0.452496,0.34209,-1.09129
1189,0.148897,0.012057,0.329767,-0.394297,-0.123091,-0.910727,-0.362142,-0.889992,0.277018,-0.844154,0.439189,0.307482,0.044773,-0.028366,0.080902,-0.043837,0.431521,0.399764,-1.914303,-0.162935,0.033234,0.318569,-0.501927,-0.597296,0.625538,0.861103,-0.278196,0.425491,-0.079499,0.752955,0.653147,0.002482,-0.016858,0.03696,0.046588,-0.145277,-0.1238,-1.404664,0.045273,0.0586,-0.009103,0.57135,0.601476,0.558378,-0.818549,0.368324,0.440811,0.059473,-0.708917,0.702779,0.007252,-0.002252,0.014515,0.116818,-0.094053,-0.265704,-0.955538,0.073219,0.048325,-0.052785,0.501851,0.115925,-0.857149,0.262002,0.924047,0.278372,0.824317,-0.364276,0.433361,0.01526,-0.020585,0.04383,0.015965,0.674262,0.443978,-1.094066
1190,0.150334,0.011016,0.332303,-0.396708,-0.118424,-0.910299,-0.352602,-0.895912,0.270158,-0.847053,0.42829,0.314795,0.029636,-0.02016,0.052695,0.359958,-0.020953,-0.012815,-1.91387,-0.162504,0.033034,0.319743,-0.496077,-0.601934,0.625759,0.864516,-0.276271,0.419785,-0.079189,0.749967,0.656613,0.001424,-0.00445,0.030196,0.012957,0.012564,-0.223709,-1.404975,0.045489,0.058491,-0.008517,0.56576,0.606795,0.558313,-0.822419,0.366388,0.435184,0.059508,-0.705377,0.706328,0.006712,0.004135,0.011278,0.058219,-0.13006,-0.018535,-0.96011,0.073942,0.047798,-0.051511,0.505387,0.11005,-0.855845,0.253637,0.929073,0.269242,0.824773,-0.353145,0.441629,0.014736,-0.005393,0.021508,1.462168,-0.375487,-0.357909,-1.093739
1191,0.150994,0.010698,0.333116,-0.398367,-0.115127,-0.909997,-0.349347,-0.898274,0.266519,-0.84762,0.424216,0.31876,0.042587,-0.016569,0.03801,-0.070275,0.061397,0.142399,-1.914466,-0.162318,0.03306,0.320307,-0.492696,-0.605203,0.625277,0.866509,-0.27595,0.41587,-0.07853,0.747453,0.659553,0.014429,-0.001942,0.031041,0.222904,-0.306695,-0.184011,-1.404858,0.045577,0.0585,-0.008237,0.563232,0.609186,0.558265,-0.824156,0.365545,0.4326,0.059463,-0.703753,0.707951,0.006669,0.005119,0.012061,0.444769,-0.365677,-0.40516,-0.960926,0.074282,0.04763,-0.051086,0.507175,0.107003,-0.855174,0.250355,0.931183,0.26499,0.824679,-0.348493,0.445484,0.021156,-0.009113,0.01828,-0.102057,0.004637,0.109364,-1.088677
1192,0.152112,0.010429,0.333975,-0.401649,-0.106555,-0.909598,-0.351634,-0.899135,0.260541,-0.845119,0.42462,0.324804,0.028097,0.006401,0.004978,0.020053,0.023679,0.091831,-1.913826,-0.16199,0.033202,0.321447,-0.488883,-0.608323,0.625242,0.868659,-0.274489,0.412335,-0.078605,0.745458,0.661798,0.001268,-0.000544,0.033233,0.053777,-0.130521,-0.083796,-1.404556,0.045746,0.058569,-0.00767,0.559095,0.613358,0.557856,-0.826963,0.364235,0.428327,0.059527,-0.700802,0.710866,0.006601,0.00653,0.013148,0.132021,-0.205345,-0.036856,-0.961253,0.074829,0.047489,-0.050662,0.510882,0.098875,-0.853944,0.253335,0.931932,0.259465,0.821473,-0.348891,0.451059,0.007156,-0.001964,0.006964,-0.037058,0.001105,0.0495,-1.084921
1193,0.152826,0.01048,0.33402,-0.406708,-0.109162,-0.907037,-0.345139,-0.900898,0.263122,-0.845371,0.420199,0.329859,0.013567,-0.001023,-0.001041,-0.002849,0.092465,-0.138174,-1.914451,-0.161632,0.033405,0.322766,-0.485705,-0.611644,0.624478,0.870391,-0.273324,0.409447,-0.07915,0.743166,0.664305,0.014079,0.005546,0.036843,0.166504,-0.268826,-0.115064,-1.404857,0.045925,0.058666,-0.007001,0.556474,0.61636,0.557169,-0.828655,0.36284,0.426236,0.060551,-0.69889,0.712661,0.007009,0.003025,0.018618,0.257795,-0.330353,-0.153099,-0.961906,0.075191,0.047511,-0.050643,0.51508,0.102166,-0.851031,0.246542,0.933253,0.261254,0.820919,-0.344382,0.455512,-8.3e-05,-0.000681,-0.00058,-0.004792,-0.017004,-0.003013,-1.09227
1194,0.152956,0.010532,0.333917,-0.412504,-0.11259,-0.903996,-0.337961,-0.902604,0.266573,-0.845457,0.415613,0.335405,-2.5e-05,0.009757,-0.00929,0.11717,0.34381,0.004709,-1.914171,-0.161415,0.033503,0.323531,-0.48428,-0.613352,0.62391,0.871136,-0.272697,0.408279,-0.07968,0.74199,0.665556,0.014998,-0.003457,0.046237,0.261102,-0.299427,-0.381219,-1.404931,0.046028,0.058716,-0.006637,0.555954,0.617068,0.556903,-0.828929,0.361961,0.42645,0.061572,-0.69872,0.71274,0.000461,0.003373,0.019427,-0.084602,-0.015972,0.042109,-0.96011,0.07526,0.047526,-0.050697,0.51949,0.107124,-0.847734,0.238748,0.934399,0.264379,0.820444,-0.339737,0.459836,-0.000139,-0.001251,-0.001052,0.167881,0.403739,0.24998,-1.092433
1195,0.152811,0.010626,0.333802,-0.422079,-0.119394,-0.898688,-0.334252,-0.90096,0.276622,-0.842189,0.417288,0.34149,-1.2e-05,-0.000111,-9.3e-05,-0.004336,0.105607,-0.168485,-1.914789,-0.160866,0.033689,0.325297,-0.480437,-0.618596,0.621699,0.873177,-0.271849,0.404466,-0.080598,0.737939,0.669935,0.014714,0.002151,0.050443,0.175842,-0.217217,-0.314553,-1.404967,0.046303,0.058805,-0.005756,0.551903,0.623106,0.554202,-0.831551,0.361293,0.421888,0.062652,-0.693689,0.717544,0.006792,0.007133,0.021705,0.425058,-0.492985,-0.23503,-0.960436,0.075186,0.047567,-0.050766,0.528385,0.113927,-0.841326,0.233935,0.933058,0.273269,0.816139,-0.341207,0.466362,-0.006806,0.000292,0.000336,-0.005077,0.114004,-0.196401,-1.09031
1196,0.15219,0.010676,0.33401,-0.426719,-0.119503,-0.896479,-0.33294,-0.900865,0.278506,-0.840364,0.417461,0.345749,-0.013139,0.00479,0.004172,0.14327,0.425124,0.223408,-1.914467,-0.16018,0.033753,0.327481,-0.475639,-0.625671,0.6183,0.875682,-0.270994,0.399596,-0.081871,0.732271,0.675973,0.015451,-0.003602,0.062138,0.321673,-0.50057,-0.271811,-1.404889,0.046646,0.05884,-0.004668,0.547791,0.629667,0.550858,-0.834113,0.360172,0.417769,0.064652,-0.688328,0.722512,0.014167,-0.001439,0.030781,-0.079067,-0.120495,0.022932,-0.9606,0.074875,0.047587,-0.050667,0.531643,0.116049,-0.838979,0.232209,0.932641,0.27615,0.814514,-0.341632,0.468884,-0.006551,0.002566,0.002236,0.257703,0.61642,0.326277,-1.090474
1197,0.151411,0.010702,0.334643,-0.430888,-0.11574,-0.894978,-0.333246,-0.901237,0.276931,-0.838109,0.417713,0.350879,-0.025793,0.003675,0.020792,0.029522,0.199318,0.086561,-1.914347,-0.159363,0.033579,0.329974,-0.474736,-0.62996,0.614628,0.876362,-0.274636,0.395598,-0.079824,0.727221,0.681646,0.029281,-0.012825,0.069958,-0.050082,-0.161476,0.012897,-1.40497,0.04705,0.058762,-0.003419,0.545666,0.635565,0.546173,-0.835661,0.364005,0.411303,0.0626,-0.68085,0.729742,0.00762,-0.00125,0.031305,-0.030792,-0.112804,0.004855,-0.961089,0.074494,0.047588,-0.050366,0.536711,0.111452,-0.836372,0.23263,0.933273,0.273646,0.811063,-0.341434,0.474971,-0.012989,-0.003791,0.014432,0.027494,0.300771,0.0859,-1.096025
1198,0.150966,0.010782,0.33516,-0.434508,-0.111512,-0.893763,-0.333566,-0.901824,0.274623,-0.836107,0.417589,0.355769,-0.025244,-0.001615,0.033738,-0.017751,0.162997,0.071463,-1.914684,-0.158923,0.03334,0.331295,-0.474678,-0.632384,0.612178,0.876715,-0.279102,0.391671,-0.076239,0.723406,0.686101,0.016385,-0.014737,0.069466,0.137384,-0.301683,-0.122287,-1.404998,0.047274,0.058647,-0.002756,0.546223,0.637051,0.543881,-0.835504,0.368024,0.408032,0.059776,-0.677291,0.733282,0.014619,-0.007319,0.034202,0.326824,-0.361214,-0.112427,-0.963375,0.074262,0.047627,-0.050103,0.540847,0.107012,-0.834285,0.233195,0.933914,0.270966,0.808147,-0.341102,0.480151,-0.012583,-0.000366,0.017249,-0.037614,0.13211,0.055591,-1.100924
1199,0.150126,0.010925,0.336603,-0.447492,-0.096864,-0.889052,-0.33419,-0.903987,0.266641,-0.828968,0.416548,0.373265,-0.024254,0.006188,0.040001,0.105853,0.624076,0.119086,-1.914901,-0.157951,0.032576,0.334071,-0.468885,-0.641229,0.607424,0.879563,-0.276943,0.386789,-0.079218,0.716421,0.693057,0.02935,-0.017019,0.066369,-0.035257,-0.176059,-0.037273,-1.405317,0.047748,0.058282,-0.00139,0.540363,0.646575,0.538467,-0.839056,0.366,0.402528,0.063186,-0.669316,0.740285,0.014632,-0.008458,0.033215,-0.026914,-0.096768,-0.230203,-0.967621,0.073851,0.047698,-0.049395,0.55315,0.094573,-0.827695,0.234608,0.93564,0.263696,0.799364,-0.340048,0.495362,-0.012096,0.003526,0.020373,0.213009,0.731765,0.407833,-1.105006
1200,0.149247,0.011049,0.338671,-0.4637,-0.081233,-0.882286,-0.334978,-0.905802,0.259391,-0.819677,0.415923,0.393911,-0.023204,0.004449,0.05553,0.089251,0.664182,0.147796,-1.914393,-0.157076,0.031703,0.336681,-0.460201,-0.650664,0.604022,0.884116,-0.274628,0.377959,-0.079473,0.708769,0.700852,0.02944,-0.019899,0.064052,0.019197,-0.230411,-0.076032,-1.404991,0.048186,0.057844,-8e-05,0.532329,0.65615,0.534875,-0.844082,0.363328,0.394357,0.064422,-0.661406,0.747255,0.007728,-0.005368,0.02787,0.130076,-0.286763,-0.167589,-0.966641,0.07342,0.047763,-0.048391,0.568939,0.080728,-0.818406,0.236204,0.937196,0.25665,0.787727,-0.33933,0.514139,-0.011579,0.002654,0.02814,0.129266,0.706723,0.412635,-1.105823
1201,0.148856,0.011106,0.339805,-0.471907,-0.073547,-0.878601,-0.335473,-0.90658,0.256014,-0.81477,0.415648,0.404245,-0.022701,0.008137,0.058315,0.154094,0.818622,0.272445,-1.914703,-0.156751,0.031327,0.337825,-0.456475,-0.655839,0.601246,0.886001,-0.273999,0.373978,-0.079964,0.70423,0.705358,0.015549,-0.011269,0.055294,0.204953,-0.375148,-0.1964,-1.40495,0.04836,0.057645,0.000519,0.529324,0.660742,0.532198,-0.845859,0.362289,0.391496,0.065868,-0.657393,0.750663,0.008317,-0.011906,0.03109,0.341429,-0.490752,-0.326852,-0.968927,0.073208,0.047792,-0.047778,0.577389,0.073868,-0.81312,0.237127,0.9378,0.253577,0.781275,-0.339226,0.52396,-0.011338,0.004432,0.029471,0.104017,0.738382,0.232541,-1.111375
1202,0.148149,0.011162,0.342412,-0.484935,-0.06253,-0.872338,-0.337369,-0.906865,0.252489,-0.806283,0.416813,0.419764,-0.022468,-0.000375,0.068162,0.01434,0.443885,0.216329,-1.914682,-0.156254,0.030732,0.339922,-0.446977,-0.662308,0.601292,0.891051,-0.271081,0.363975,-0.077513,0.699291,0.710526,0.002985,-0.017937,0.051384,0.231307,-0.375548,-0.269575,-1.404831,0.048608,0.057357,0.001556,0.52071,0.667239,0.53259,-0.851314,0.358882,0.38271,0.064222,-0.652682,0.754904,0.001477,-0.009394,0.025373,-0.132529,-0.024218,-0.050922,-0.969907,0.072864,0.047828,-0.046493,0.59044,0.063592,-0.804572,0.239566,0.938152,0.249956,0.770706,-0.340332,0.538688,-0.004357,0.005614,0.030097,0.138712,0.681796,0.213461,-1.119539
1203,0.147682,0.01117,0.34496,-0.492666,-0.057793,-0.868324,-0.339774,-0.905822,0.253008,-0.800561,0.419749,0.427715,-0.00901,-0.001641,0.066574,-0.11898,0.052658,0.055565,-1.914431,-0.15613,0.030324,0.341408,-0.445673,-0.664551,0.599783,0.891993,-0.273863,0.359556,-0.074134,0.696071,0.714039,0.001186,-0.003344,0.029736,0.083338,-0.163503,-0.098377,-1.40466,0.048676,0.057148,0.002325,0.518632,0.670692,0.530275,-0.852822,0.36159,0.376758,0.060947,-0.647629,0.759513,-0.005271,-0.008195,0.018722,0.087286,-0.176622,-0.170923,-0.969744,0.072626,0.047838,-0.045214,0.598675,0.058445,-0.798856,0.242106,0.937481,0.250025,0.763525,-0.343092,0.547097,-0.004593,-0.00121,0.033003,-0.151169,0.12637,-0.160303,-1.123621
1204,0.147407,0.011069,0.347406,-0.492167,-0.060013,-0.868456,-0.333543,-0.908486,0.251742,-0.803481,0.413636,0.428194,0.003857,-0.006954,0.061937,-0.135332,0.008671,0.03455,-1.914526,-0.156214,0.03005,0.342426,-0.445482,-0.665086,0.599332,0.892392,-0.276899,0.356226,-0.070416,0.694356,0.716082,0.000464,0.000742,0.016586,0.085981,-0.126683,-0.081066,-1.404599,0.048633,0.05701,0.002839,0.518502,0.671138,0.529838,-0.853138,0.364351,0.373367,0.057534,-0.645617,0.76149,-0.006191,-0.000254,0.008387,0.129639,-0.150478,-0.134084,-0.967621,0.072485,0.047796,-0.043984,0.597836,0.06085,-0.799305,0.235938,0.93959,0.247998,0.76611,-0.336849,0.547364,-0.004819,-0.003175,0.031304,-0.152256,0.002201,-0.011969,-1.126071
1205,0.147394,0.010951,0.348514,-0.491335,-0.062251,-0.868769,-0.330565,-0.909486,0.25206,-0.805219,0.411103,0.427369,0.003497,-0.000378,0.050049,-0.104245,-0.000674,0.021711,-1.914423,-0.156321,0.029939,0.342755,-0.443583,-0.666701,0.598946,0.893351,-0.276219,0.354346,-0.070255,0.693078,0.717336,-0.012179,-0.003459,0.014643,0.234118,-0.262859,-0.218444,-1.404461,0.048584,0.056955,0.003003,0.517356,0.671968,0.529906,-0.853808,0.363405,0.372756,0.057909,-0.645286,0.761742,0.000327,-0.001705,0.006792,0.456123,-0.451657,-0.286948,-0.967294,0.072479,0.047739,-0.043422,0.596798,0.063214,-0.799896,0.232894,0.940329,0.248073,0.767848,-0.334341,0.546464,0.001624,-0.005595,0.029294,-0.136372,-0.106029,0.196275,-1.12754
1206,0.147482,0.010574,0.350463,-0.491874,-0.061818,-0.868495,-0.329488,-0.910081,0.251323,-0.805331,0.40985,0.428361,0.002511,-0.008153,0.043983,-0.102896,0.002987,0.023793,-1.913031,-0.156504,0.029829,0.343162,-0.441584,-0.668315,0.598623,0.894343,-0.275344,0.352519,-0.070221,0.69187,0.718504,-0.000304,0.005737,0.004121,0.018925,-0.032574,0.012025,-1.404572,0.048489,0.056893,0.003208,0.514582,0.674886,0.528897,-0.855507,0.362709,0.369526,0.057552,-0.642627,0.764014,-0.00015,0.00263,0.001891,-0.009935,-0.010673,0.023651,-0.963702,0.072523,0.047556,-0.042443,0.597408,0.062778,-0.799475,0.231804,0.940856,0.247095,0.767704,-0.332938,0.547523,0.001138,-0.004756,0.021481,-0.11368,-8.5e-05,-0.009885,-1.120682
