frame,MLTx,MLTy,MLTz,MLTR1,MLTR2,MLTR3,MLTR4,MLTR5,MLTR6,MLTR7,MLTR8,MLTR9,MLTTVx,MLTTVy,MLTTVz,MLTRVx,MLTRVy,MLTRVz,MLGA,MRTx,MRTy,MRTz,MRTR1,MRTR2,MRTR3,MRTR4,MRTR5,MRTR6,MRTR7,MRTR8,MRTR9,MRTTVx,MRTTVy,MRTTVz,MRTRVx,MRTRVy,MRTRVz,MRGA,SLTx,SLTy,SLTz,SLTR1,SLTR2,SLTR3,SLTR4,SLTR5,SLTR6,SLTR7,SLTR8,SLTR9,SLTTVx,SLTTVy,SLTTVz,SLTRVx,SLTRVy,SLTRVz,SLGA,SRTx,SRTy,SRTz,SRTR1,SRTR2,SRTR3,SRTR4,SRTR5,SRTR6,SRTR7,SRTR8,SRTR9,SRTTVx,SRTTVy,SRTTVz,SRTRVx,SRTRVy,SRTRVz,SRGA
196,0.164413,-0.032045,0.339821,-0.806602,0.210118,-0.55253,-0.324928,-0.938411,0.117383,-0.492836,0.273946,0.825889,-0.031399,-0.010693,-0.029014,-0.043159,-0.200603,-0.358338,0.325557,-0.183099,-0.044979,0.250268,-0.916263,-0.36258,0.170264,0.31552,-0.391834,0.864203,-0.245465,0.845998,0.473178,-0.001231,0.005126,-0.018814,-0.429628,-1.320111,-0.615765,-1.405669,0.035344,0.031704,-0.032032,0.938025,0.318749,0.136042,-0.267791,0.417455,0.868342,0.219992,-0.850958,0.476942,-0.000975,0.00803,-0.013714,-0.088919,-0.254236,0.953055,-0.89414,0.084708,0.034587,-0.035473,0.833919,-0.122957,-0.538014,0.216061,0.969788,0.113259,0.507834,-0.210692,0.835292,-0.008238,-0.00485,-0.014146,0.047803,-0.41402,-0.6528,0.244754
197,0.163401,-0.032481,0.338967,-0.811203,0.17606,-0.557671,-0.290243,-0.949068,0.122474,-0.5067,0.260987,0.821686,-0.016219,-0.005031,-0.023917,-0.165499,-0.278373,-0.216338,0.324178,-0.183214,-0.044716,0.249462,-0.906734,-0.385801,0.170245,0.324467,-0.380818,0.865813,-0.268048,0.840769,0.470235,-0.001221,0.005293,-0.018571,0.032025,0.005524,-0.005306,-1.405776,0.035285,0.031839,-0.03246,0.927916,0.347165,0.135821,-0.279081,0.405369,0.87051,0.247153,-0.845666,0.473036,-0.000586,0.002627,-0.009309,0.057422,0.000649,-0.012305,-0.885813,0.084197,0.03437,-0.035899,0.834783,-0.088396,-0.543435,0.180136,0.976554,0.117863,0.520276,-0.196282,0.831134,-0.015397,-0.007089,-0.006656,-0.302627,-0.496794,-0.158054,0.236426
198,0.162966,-0.032675,0.338626,-0.810043,0.157813,-0.564775,-0.273286,-0.953712,0.125381,-0.517842,0.255707,0.816382,-0.015986,-0.013712,-0.013192,-0.266295,-0.495287,-0.255114,0.32527,-0.183232,-0.044687,0.249157,-0.899575,-0.401645,0.171575,0.332301,-0.374846,0.865448,-0.282146,0.836038,0.470421,-0.000469,-0.0058,-0.010235,-0.004096,0.004385,-0.030212,-1.405961,0.035276,0.031855,-0.03261,0.921462,0.363446,0.137161,-0.287278,0.39987,0.870387,0.261492,-0.841433,0.472875,-0.000569,0.002844,-0.008933,0.019734,0.072326,-0.195701,-0.886792,0.083973,0.034273,-0.036077,0.831703,-0.070449,-0.550732,0.162709,0.979294,0.12045,0.530843,-0.189788,0.825944,-0.00796,-0.006615,-0.006346,-0.348891,-0.60261,-0.294787,0.235773
199,0.162258,-0.032993,0.338065,-0.804967,0.12584,-0.57986,-0.241259,-0.962231,0.126005,-0.541105,0.241164,0.80565,-0.015823,0.000487,-0.018616,0.307111,-0.929846,0.401013,0.334625,-0.183111,-0.044909,0.248815,-0.878616,-0.442755,0.178867,0.354954,-0.355316,0.864692,-0.318176,0.823763,0.469087,0.016103,-0.003727,-0.008231,-1.001059,-4.671185,-2.754045,-1.406043,0.035336,0.03174,-0.032789,0.903197,0.404134,0.144604,-0.310251,0.381873,0.870583,0.296612,-0.831172,0.47029,0.007863,-0.001621,-0.003945,-1.009983,-4.678751,-2.743098,-0.886792,0.083619,0.034116,-0.036355,0.823152,-0.038816,-0.566491,0.129794,0.984109,0.121168,0.552786,-0.173267,0.815109,-0.007884,0.000469,-0.009075,0.328417,-1.017664,0.430627,0.241814
200,0.161752,-0.033263,0.337748,-0.796272,0.108808,-0.595111,-0.223827,-0.96687,0.122619,-0.561067,0.230699,0.79499,-0.000602,-0.006899,-0.006821,-0.249214,-0.576334,0.126375,0.347574,-0.182607,-0.045306,0.248796,-0.853169,-0.48608,0.189262,0.381582,-0.334492,0.861652,-0.35444,0.80795,0.470587,0.000564,-0.013571,0.003963,-0.880495,-5.011138,-2.567444,-1.405947,0.035588,0.031541,-0.032799,0.880299,0.44832,0.15518,-0.337599,0.362158,0.868831,0.333315,-0.817221,0.47016,8.2e-05,-0.006568,0.002077,-0.842447,-5.027014,-2.567053,-0.891364,0.083367,0.033985,-0.03651,0.813565,-0.023633,-0.580993,0.111781,0.986893,0.116384,0.570628,-0.159629,0.805543,-0.007679,-0.00281,-0.002651,-0.263889,-0.57594,0.080201,0.259286
201,0.161534,-0.033353,0.337693,-0.793652,0.104626,-0.599345,-0.216452,-0.969201,0.117346,-0.567625,0.222725,0.792605,-0.015121,-0.002724,-0.002464,0.033626,-0.178691,0.285441,0.354376,-0.182247,-0.045581,0.248903,-0.83949,-0.507134,0.195097,0.394756,-0.322772,0.860186,-0.37219,0.799755,0.470881,0.017139,-0.011697,0.00562,-0.001246,-0.177444,-0.101572,-1.406042,0.035762,0.031406,-0.03275,0.866719,0.471994,0.161301,-0.352449,0.35069,0.867637,0.352953,-0.808849,0.470304,0.008591,-0.005794,0.002919,-0.092672,-0.484596,-0.274796,-0.891364,0.083263,0.033936,-0.036542,0.809672,-0.018684,-0.586583,0.104233,0.98818,0.112399,0.577551,-0.152148,0.80205,-0.007562,-0.001429,-0.001291,0.107764,-0.068206,0.036653,0.267288
202,0.161168,-0.033428,0.337799,-0.787544,0.107761,-0.606801,-0.219338,-0.969129,0.112477,-0.574972,0.221535,0.787628,0.000196,0.002207,0.002184,0.005702,-0.091153,0.176683,0.368899,-0.181283,-0.046223,0.249436,-0.801735,-0.561103,0.205853,0.426055,-0.295255,0.855123,-0.418012,0.773978,0.475485,0.017422,-0.00821,0.011765,0.078743,-0.256573,-0.118706,-1.405954,0.03623,0.03109,-0.032495,0.831995,0.52727,0.172539,-0.384916,0.324653,0.863967,0.399528,-0.78523,0.473065,0.009087,-0.009748,0.009872,-0.235177,-1.596725,-0.884623,-0.889078,0.083074,0.033896,-0.036491,0.804172,-0.022783,-0.593958,0.107287,0.988415,0.107345,0.584633,-0.150048,0.797301,-0.007235,-0.003436,0.006411,-0.022595,-0.163594,0.334747,0.286882
203,0.160914,-0.033361,0.338029,-0.785353,0.105395,-0.610048,-0.215005,-0.970493,0.109035,-0.579582,0.216657,0.785603,0.000337,0.003761,0.003716,0.033085,-0.095864,0.1416,0.381717,-0.180146,-0.047008,0.250328,-0.757421,-0.614947,0.21942,0.460296,-0.264794,0.847317,-0.461988,0.743533,0.48331,0.034834,-0.016843,0.022657,0.352213,-0.743156,-0.727066,-1.405931,0.036806,0.030696,-0.032044,0.791561,0.582005,0.18628,-0.418942,0.29492,0.858783,0.444878,-0.75782,0.477274,0.017798,-0.014075,0.015295,-0.464894,-1.183663,-1.463774,-0.889405,0.082948,0.033934,-0.036371,0.801812,-0.020792,-0.597213,0.102975,0.989251,0.103812,0.588636,-0.144736,0.795335,-0.007207,0.002621,0.002704,0.097796,-0.107155,0.057503,0.306967
204,0.160794,-0.033292,0.338245,-0.786592,0.103239,-0.608818,-0.21397,-0.970406,0.111808,-0.578283,0.218081,0.786166,0.00031,0.003448,0.003401,-0.00725,-0.077324,0.164729,0.388141,-0.178968,-0.048029,0.251569,-0.703089,-0.672423,0.231311,0.491727,-0.224971,0.841146,-0.51267,0.705976,0.488499,0.035826,-0.025427,0.035271,-0.587604,-0.203647,-3.0182,-1.406086,0.037395,0.030187,-0.03143,0.739937,0.643227,0.196853,-0.452534,0.25947,0.853163,0.4977,-0.72037,0.483073,0.017742,-0.012732,0.017202,-1.28666,-4.79095,-2.739964,-0.888099,0.082888,0.033973,-0.036259,0.802805,-0.018483,-0.595953,0.101915,0.989063,0.106614,0.587465,-0.146327,0.795909,0.000182,0.002044,0.00202,-0.036473,-0.060111,0.164841,0.32052
205,0.160767,-0.033253,0.338341,-0.786915,0.103868,-0.608294,-0.21537,-0.96997,0.1129,-0.577324,0.219716,0.786415,0.000327,0.003631,0.003579,-0.003082,-0.009097,0.022003,0.392371,-0.178289,-0.048523,0.252365,-0.672333,-0.701841,0.235327,0.507797,-0.206165,0.836404,-0.537647,0.682712,0.494676,0.036011,-0.022668,0.040012,0.074893,-0.304421,-0.16153,-1.405954,0.03772,0.029946,-0.031052,0.709673,0.67424,0.204359,-0.471439,0.23891,0.84892,0.523553,-0.698799,0.487411,0.009747,-0.011643,0.020355,-0.26386,-1.507454,-1.195304,-0.888589,0.082875,0.033991,-0.036212,0.803139,-0.019201,-0.595481,0.103459,0.98879,0.107654,0.586739,-0.148069,0.796123,0.000189,-0.003578,0.006149,-0.079156,0.056401,-0.057053,0.325419
206,0.160777,-0.033171,0.338466,-0.78616,0.105135,-0.609053,-0.21655,-0.969808,0.112025,-0.577912,0.219823,0.785953,0.000252,0.0028,0.002757,0.000838,-0.013172,0.02562,0.396791,-0.177108,-0.049347,0.254008,-0.62489,-0.741697,0.243701,0.534007,-0.178539,0.826374,-0.568609,0.647453,0.507298,0.019714,-0.019913,0.046398,0.212771,-0.365548,0.044538,-1.405935,0.038339,0.029517,-0.030199,0.663827,0.716764,0.213497,-0.499192,0.212078,0.840136,0.556902,-0.664282,0.498586,0.009856,-0.009807,0.023487,0.164525,-0.36142,0.063155,-0.875852,0.08288,0.034036,-0.036146,0.802505,-0.020635,-0.596288,0.104729,0.988756,0.106731,0.587381,-0.148101,0.795643,0.000118,0.001329,0.001309,0.000365,-0.013176,0.02649,0.334563
207,0.160825,-0.033166,0.338528,-0.786089,0.105263,-0.609122,-0.216724,-0.969771,0.112014,-0.577944,0.219927,0.785901,5.5e-05,0.000615,0.000605,-0.0,-0.0,-0.0,0.397257,-0.17604,-0.04985,0.255836,-0.586681,-0.771385,0.246501,0.552601,-0.159005,0.818097,-0.591121,0.617139,0.51921,0.036313,-0.016449,0.050232,0.476231,-0.463204,-0.268,-1.405851,0.038859,0.029274,-0.0293,0.628301,0.747118,0.216912,-0.517033,0.19267,0.833999,0.581304,-0.636153,0.507339,0.009527,-0.002281,0.022602,0.035774,-0.152851,-0.010922,-0.88222,0.082904,0.03404,-0.036113,0.802448,-0.020796,-0.596358,0.104937,0.988735,0.106722,0.587421,-0.148219,0.795591,2.1e-05,0.000248,0.000242,-0.000393,6.3e-05,0.000528,0.337666
208,0.160835,-0.033189,0.338534,-0.786036,0.105356,-0.609174,-0.216837,-0.969749,0.111987,-0.577973,0.21998,0.785864,2e-06,-0.011428,0.00808,-0.035674,0.011962,-0.018861,0.397627,-0.175618,-0.050003,0.256703,-0.564746,-0.786936,0.248566,0.560091,-0.144444,0.8157,-0.605275,0.600864,0.521985,0.018989,-0.005831,0.042806,0.114763,-0.219666,-0.063007,-1.405946,0.039077,0.029196,-0.028859,0.605799,0.764704,0.21962,-0.526865,0.17874,0.830941,0.596169,-0.619095,0.511177,0.009471,-0.003042,0.021212,0.104148,-0.325436,-0.129246,-0.886629,0.082909,0.034035,-0.036111,0.8024,-0.020917,-0.596419,0.105059,0.988728,0.106667,0.587466,-0.148249,0.795553,-6.1e-05,-0.00067,-0.00066,-0.000332,4.8e-05,0.00043,0.338156
209,0.16089,-0.033197,0.338525,-0.78599,0.105435,-0.60922,-0.216907,-0.96974,0.111929,-0.57801,0.219982,0.785837,-5e-06,-5.7e-05,-5.6e-05,-0.0,-0.0,-0.0,0.396796,-0.175004,-0.050169,0.258156,-0.529793,-0.810916,0.248446,0.571119,-0.124705,0.811299,-0.626232,0.572723,0.528852,0.018813,-0.008314,0.038303,0.022738,-0.091555,-0.007582,-1.405797,0.039384,0.029118,-0.028124,0.571693,0.790351,0.220252,-0.53894,0.159334,0.827137,0.618635,-0.591571,0.517042,0.008979,0.00153,0.015271,0.02825,-0.011374,-0.131113,-0.893977,0.082937,0.034023,-0.036116,0.80237,-0.021001,-0.596456,0.105151,0.988721,0.10664,0.58749,-0.148282,0.795529,-5e-06,-4.5e-05,-4.6e-05,-0.000223,4.2e-05,0.000309,0.338482
210,0.16098,-0.033194,0.338527,-0.78589,0.105604,-0.609319,-0.217058,-0.96972,0.111804,-0.578088,0.219986,0.785778,0.000112,0.001252,0.001232,0.000838,-0.013168,0.025622,0.396431,-0.174577,-0.050142,0.259275,-0.504136,-0.824285,0.257666,0.582598,-0.104518,0.805971,-0.636771,0.557463,0.53256,0.017828,0.000651,0.026244,-0.004021,0.076334,-0.166289,-1.406034,0.039605,0.02913,-0.027547,0.546894,0.804961,0.230096,-0.55146,0.139572,0.822441,0.629918,-0.576677,0.520235,0.008893,0.00019,0.012905,-0.056512,0.102293,-0.166798,-0.8961,0.082981,0.034021,-0.036119,0.802299,-0.021173,-0.596545,0.105302,0.988717,0.106529,0.587559,-0.148286,0.795477,0.00741,-0.000278,-0.000389,0.000841,-0.014683,0.029763,0.338482
211,0.161091,-0.033206,0.338528,-0.78717,0.104629,-0.607833,-0.216975,-0.96948,0.114025,-0.576376,0.221505,0.786608,0.014818,-0.000548,-0.000766,0.000984,-0.014715,0.029553,0.396825,-0.174273,-0.050019,0.259998,-0.475319,-0.839443,0.263436,0.591095,-0.083063,0.802272,-0.650968,0.538098,0.535307,0.001171,-0.004418,0.019482,-0.04458,0.05845,-0.198988,-1.406058,0.039756,0.029197,-0.027187,0.519117,0.821339,0.236473,-0.560805,0.118529,0.819419,0.644991,-0.55799,0.522141,0.008359,0.003596,0.005123,-0.053868,-0.141987,-0.039389,-0.906061,0.083031,0.034018,-0.036115,0.803442,-0.020052,-0.595043,0.105219,0.988483,0.108758,0.58601,-0.149991,0.796299,0.0,-6e-06,-7e-06,0.000413,-0.000513,0.000597,0.338482
212,0.161147,-0.033202,0.338531,-0.789152,0.098805,-0.606236,-0.210968,-0.970528,0.116357,-0.575894,0.219591,0.787498,8e-06,9.3e-05,9.1e-05,0.000188,-9e-06,-0.000315,0.397521,-0.174179,-0.049963,0.260203,-0.465309,-0.844937,0.263744,0.592043,-0.07574,0.802299,-0.657316,0.530519,0.535116,0.000236,0.004918,0.00825,-0.010431,0.090287,-0.143733,-1.405931,0.039804,0.029223,-0.027078,0.509443,0.827198,0.237086,-0.561853,0.111076,0.819745,0.651757,-0.550822,0.52135,0.000102,0.002222,0.003746,-0.014667,0.096933,-0.137983,-0.90949,0.083065,0.03402,-0.036113,0.804745,-0.014016,-0.593453,0.099092,0.988865,0.111018,0.585289,-0.148148,0.797174,5e-06,5.1e-05,4.7e-05,0.003903,-0.003688,0.002342,0.338809
213,0.161252,-0.033149,0.338581,-0.789032,0.099012,-0.606358,-0.211153,-0.970506,0.116205,-0.575991,0.219595,0.787426,0.000189,0.002132,0.002097,0.0,-0.0,-0.0,0.396,-0.173962,-0.049841,0.260423,-0.437414,-0.857453,0.270987,0.598487,-0.052818,0.799348,-0.670527,0.512899,0.535903,0.000103,0.002186,0.00366,0.002787,-0.006159,-0.004302,-1.406393,0.039912,0.029282,-0.026971,0.482439,0.840943,0.245082,-0.569454,0.088514,0.817243,0.665562,-0.533833,0.521581,0.008255,0.001462,0.00153,-0.015475,-0.023103,0.029882,-0.913735,0.083117,0.034043,-0.036092,0.804629,-0.014268,-0.593605,0.099297,0.988866,0.110827,0.585415,-0.148118,0.797087,0.007522,0.001016,0.000883,0.001746,-0.027917,0.055418,0.338646
214,0.161308,-0.033049,0.338722,-0.788817,0.099382,-0.606577,-0.21153,-0.97045,0.115995,-0.576147,0.219678,0.787288,0.000468,-0.006231,0.013188,-0.034838,-0.001238,0.006745,0.394702,-0.173774,-0.04978,0.260526,-0.416325,-0.866241,0.27621,0.601272,-0.034579,0.798254,-0.681391,0.499492,0.534861,0.016451,0.001738,0.001028,-1.524434,-4.426778,-2.926679,-1.405821,0.039999,0.02931,-0.026923,0.467101,0.84791,0.250726,-0.57253,0.073947,0.816541,0.673814,-0.524956,0.519995,2.8e-05,0.000567,0.000963,-0.011407,0.108066,-0.16308,-0.914225,0.083145,0.034094,-0.036027,0.804461,-0.014662,-0.593823,0.099668,0.988854,0.110605,0.585583,-0.148162,0.796956,0.000167,0.001909,0.001874,-9.9e-05,1.1e-05,0.000146,0.337992
215,0.161315,-0.032985,0.338828,-0.788705,0.099577,-0.606691,-0.21175,-0.970411,0.115914,-0.57622,0.219759,0.787213,0.000367,0.004158,0.004081,0.0,0.0,0.0,0.394227,-0.173698,-0.049766,0.260579,-0.408866,-0.868518,0.280174,0.604671,-0.028027,0.795941,-0.682908,0.495931,0.53624,6.1e-05,0.001312,0.002193,0.191069,-0.145852,-0.106249,-1.405879,0.040044,0.029314,-0.026901,0.455769,0.852833,0.254851,-0.575833,0.064177,0.815044,0.678741,-0.518224,0.520339,0.008215,0.000612,9.5e-05,0.391758,-0.24776,-0.139309,-0.916348,0.083149,0.034125,-0.035968,0.804372,-0.014877,-0.593938,0.099914,0.988835,0.110545,0.585663,-0.148262,0.796878,0.00022,0.002509,0.002462,0.000749,-0.013149,0.025745,0.337503
216,0.161311,-0.032855,0.339087,-0.788488,0.09996,-0.60691,-0.212227,-0.970318,0.11582,-0.576342,0.219995,0.787058,0.000486,0.0055,0.005388,0.000839,-0.013157,0.025627,0.394545,-0.17358,-0.049815,0.260686,-0.395866,-0.872257,0.287138,0.608941,-0.015438,0.793024,-0.686776,0.48987,0.53687,5.4e-05,0.001183,0.001977,0.02439,-0.020335,-0.006974,-1.405979,0.040103,0.029289,-0.026849,0.442318,0.857613,0.262401,-0.58179,0.05171,0.811692,0.682549,-0.511689,0.521823,5e-06,0.000106,0.000188,-0.006343,0.030125,-0.068049,-0.918634,0.083147,0.034189,-0.03584,0.80421,-0.01527,-0.594147,0.100389,0.988796,0.11047,0.585804,-0.148487,0.796733,0.000224,0.002581,0.00253,-5.7e-05,1.7e-05,8.9e-05,0.33636
217,0.161305,-0.032704,0.339293,-0.788259,0.100353,-0.607143,-0.212639,-0.970252,0.115614,-0.576502,0.220105,0.786909,0.000345,0.003912,0.003826,0.0,0.0,0.0,0.394436,-0.173476,-0.05,0.26089,-0.384737,-0.87616,0.290365,0.615351,-0.009142,0.788158,-0.6874,0.483005,0.542265,0.000895,-0.010222,0.009717,0.05575,-0.059655,-0.069269,-1.405942,0.040154,0.029201,-0.02675,0.431649,0.861976,0.265848,-0.588633,0.045844,0.807098,0.683512,-0.50487,0.527177,2.8e-05,0.000637,0.001067,0.078799,-0.077223,-0.053038,-0.920103,0.083144,0.034269,-0.035732,0.804023,-0.015707,-0.594389,0.100827,0.988775,0.110259,0.585986,-0.148581,0.796581,0.000197,0.00225,0.0022,0.0008,-0.013131,0.025685,0.336033
218,0.161326,-0.032591,0.339403,-0.788005,0.100782,-0.607402,-0.213024,-0.970206,0.115297,-0.576709,0.220114,0.786756,0.000187,0.002125,0.002075,0.0,0.0,0.0,0.395319,-0.173442,-0.050354,0.261303,-0.367986,-0.881304,0.296445,0.622126,0.003437,0.782867,-0.690487,0.473612,0.54661,0.000968,-0.008615,0.012393,0.279896,-0.203468,-0.230015,-1.406062,0.040171,0.029021,-0.026549,0.416402,0.867431,0.272343,-0.594763,0.03333,0.803209,0.687652,-0.496438,0.529795,0.000468,-0.004547,0.005804,0.511905,-0.165545,-0.481832,-0.921736,0.083155,0.034327,-0.035676,0.803822,-0.016165,-0.594649,0.101222,0.988769,0.109948,0.586194,-0.14857,0.796431,9.6e-05,0.001116,0.00109,0.000812,-0.013151,0.02568,0.336196
219,0.161327,-0.032571,0.339408,-0.787977,0.100827,-0.607431,-0.21305,-0.970207,0.115243,-0.576737,0.22009,0.786741,1.5e-05,0.000166,0.000162,0.0,0.0,0.0,0.39646,-0.173428,-0.05062,0.261623,-0.360807,-0.884141,0.296823,0.62342,0.007926,0.781804,-0.693111,0.468231,0.547924,0.000993,-0.008057,0.013317,0.053868,-0.072335,-0.042761,-1.405851,0.040178,0.028895,-0.026397,0.408355,0.871061,0.272942,-0.597555,0.029052,0.801301,0.690053,-0.490313,0.53237,0.000491,-0.004,0.006712,0.07466,-0.095793,-0.057832,-0.922553,0.083155,0.03434,-0.03567,0.8038,-0.016213,-0.594678,0.101248,0.988772,0.109894,0.58622,-0.148543,0.796417,-3e-06,-2.6e-05,-2.8e-05,-3.2e-05,0.0,4.4e-05,0.336523
220,0.161324,-0.032594,0.339371,-0.78795,0.10087,-0.607459,-0.213074,-0.970208,0.11519,-0.576765,0.220066,0.786728,-0.000145,-0.001649,-0.001611,0.0,0.0,0.0,0.398114,-0.173422,-0.051228,0.262501,-0.354335,-0.884591,0.303212,0.629338,0.014099,0.776961,-0.691108,0.467233,0.551295,-0.014411,-0.016386,0.028021,0.097985,-0.110039,-0.135831,-1.405935,0.040182,0.028577,-0.025951,0.40227,0.871781,0.2796,-0.603731,0.023012,0.796855,0.688249,-0.489355,0.535578,-0.007212,-0.008001,0.014331,0.106472,-0.116676,-0.132243,-0.924022,0.083154,0.034328,-0.035689,0.803778,-0.016259,-0.594705,0.101272,0.988776,0.109842,0.586245,-0.148515,0.796404,-9.2e-05,-0.00104,-0.001017,-0.000868,0.013156,-0.025578,0.338646
221,0.161319,-0.032619,0.339289,-0.787938,0.100883,-0.607472,-0.213025,-0.97023,0.115097,-0.5768,0.219965,0.786731,-9.7e-05,-0.001097,-0.001072,0.0,0.0,0.0,0.402179,-0.173417,-0.051907,0.263823,-0.341134,-0.888804,0.306016,0.635445,0.021711,0.771798,-0.692179,0.458854,0.556961,0.003037,-0.022669,0.042264,0.103462,-0.159385,-0.120595,-1.405755,0.040185,0.028236,-0.025292,0.389409,0.8766,0.282723,-0.610299,0.015669,0.792015,0.68985,-0.480964,0.54109,0.001507,-0.01112,0.021495,0.116424,-0.164622,-0.122677,-0.927288,0.083151,0.034312,-0.035734,0.803768,-0.016273,-0.594719,0.101223,0.988791,0.109748,0.586268,-0.148411,0.796406,-7e-05,-0.000811,-0.000794,-2.8e-05,1.1e-05,5.5e-05,0.341911
222,0.161326,-0.032608,0.339198,-0.787938,0.100869,-0.607474,-0.212909,-0.970271,0.114961,-0.576842,0.219787,0.786749,-4.8e-05,-0.00054,-0.000528,0.0,0.0,0.0,0.405735,-0.173391,-0.052664,0.265489,-0.330895,-0.890727,0.311617,0.643873,0.028162,0.764571,-0.68937,0.454748,0.56377,0.003103,-0.021034,0.044793,0.141284,-0.03967,-0.339532,-1.405846,0.040195,0.027877,-0.024487,0.379851,0.879149,0.287764,-0.618838,0.010285,0.78545,0.687569,-0.476434,0.547958,0.00153,-0.010386,0.022685,0.328335,1.35048,-2.436147,-0.935943,0.083154,0.034316,-0.035781,0.803766,-0.016259,-0.594721,0.101104,0.988819,0.109609,0.58629,-0.148229,0.796423,-2.4e-05,-0.000294,-0.000288,-3.5e-05,8e-06,5.4e-05,0.347627
223,0.161325,-0.032597,0.339166,-0.787933,0.100872,-0.607481,-0.212867,-0.970288,0.114896,-0.576865,0.219711,0.786754,-3e-05,-0.000335,-0.000328,0.0,0.0,0.0,0.408343,-0.173404,-0.053062,0.26641,-0.325209,-0.892969,0.311186,0.647968,0.029109,0.761068,-0.688246,0.450261,0.568722,0.003182,-0.019158,0.047761,0.336012,-0.354051,-0.22131,-1.405962,0.04019,0.027668,-0.024013,0.374875,0.881085,0.288368,-0.622466,0.008706,0.782597,0.687025,-0.472876,0.55171,0.001551,-0.009812,0.023507,0.33449,-0.378505,-0.271704,-0.938882,0.083154,0.034321,-0.035797,0.803762,-0.016262,-0.594727,0.101061,0.98883,0.109544,0.586304,-0.148151,0.796428,-1.4e-05,-0.000164,-0.000162,-4.1e-05,-8e-06,4.9e-05,0.350239
224,0.161325,-0.032566,0.339139,-0.7879,0.100919,-0.607515,-0.21285,-0.970306,0.114778,-0.576916,0.219611,0.786744,1.8e-05,0.000205,0.000201,0.0,0.0,0.0,0.412779,-0.173462,-0.053818,0.268372,-0.315341,-0.89575,0.313345,0.655059,0.033303,0.7548,-0.686138,0.444398,0.575838,0.003244,-0.017529,0.050161,0.113073,-0.18136,-0.098467,-1.405811,0.040166,0.027298,-0.023048,0.364234,0.884745,0.290791,-0.6311,0.004867,0.775686,0.684869,-0.46605,0.560135,0.001593,-0.008665,0.025253,0.210202,-0.253721,-0.145332,-0.940678,0.083154,0.034337,-0.035811,0.803735,-0.016313,-0.594762,0.101044,0.988845,0.109425,0.586343,-0.148046,0.796418,1.7e-05,0.000183,0.000178,-3.3e-05,2e-06,5e-05,0.355955
225,0.161325,-0.032566,0.339139,-0.787833,0.101032,-0.607584,-0.212951,-0.970294,0.114694,-0.57697,0.219613,0.786704,0.0,0.0,0.0,0.0,0.0,0.0,0.416219,-0.173575,-0.054457,0.270324,-0.30574,-0.899262,0.312798,0.661497,0.035523,0.749062,-0.684317,0.437057,0.58357,0.003269,-0.016734,0.051169,0.152339,-0.19898,-0.144591,-1.405751,0.040105,0.026973,-0.022051,0.354859,0.888642,0.290496,-0.637515,0.002724,0.770432,0.683848,-0.458591,0.56749,0.00162,-0.007931,0.026293,0.248136,-0.264053,-0.15381,-0.932514,0.083154,0.034338,-0.03581,0.803682,-0.016434,-0.594831,0.101149,0.988844,0.109342,0.586398,-0.148043,0.796378,-2e-06,7e-06,6e-06,-4.5e-05,-1.1e-05,3.9e-05,0.361016
226,0.161325,-0.032559,0.339145,-0.787823,0.101049,-0.607594,-0.212966,-0.970292,0.114681,-0.576978,0.219614,0.786698,8e-06,9.3e-05,9.1e-05,0.0,0.0,0.0,0.418399,-0.173673,-0.054732,0.271342,-0.301839,-0.900598,0.312742,0.663853,0.036754,0.746915,-0.683773,0.434189,0.586343,-0.013933,-0.005724,0.044488,0.088021,-0.130876,-0.076402,-1.406037,0.040061,0.026838,-0.021559,0.350725,0.890266,0.290547,-0.640299,0.001564,0.768123,0.683379,-0.455438,0.570585,-0.006568,-0.008111,0.026835,0.113717,-0.168059,-0.12745,-0.930227,0.083154,0.034341,-0.035807,0.803674,-0.016452,-0.594841,0.101164,0.988844,0.109331,0.586407,-0.148043,0.796372,2e-06,5.7e-05,5.8e-05,-3.8e-05,-0.0,4.3e-05,0.363466
227,0.161326,-0.032553,0.339151,-0.787813,0.101065,-0.607604,-0.212981,-0.97029,0.114669,-0.576986,0.219614,0.786692,1.1e-05,0.000129,0.000126,0.0,0.0,0.0,0.419923,-0.173813,-0.055094,0.273196,-0.294142,-0.903346,0.31215,0.668862,0.038597,0.742339,-0.682256,0.428268,0.592433,0.002469,-0.004438,0.044437,0.046641,-0.112207,-0.023367,-1.405861,0.039986,0.026651,-0.020611,0.342855,0.893445,0.290182,-0.645733,-0.000201,0.763562,0.682259,-0.449171,0.576858,0.001197,-0.002337,0.022042,0.024126,-0.114735,-0.026134,-0.931697,0.083154,0.034344,-0.035804,0.803666,-0.016469,-0.594851,0.101179,0.988843,0.109319,0.586414,-0.148042,0.796367,5e-06,7.6e-05,7.6e-05,-2.4e-05,1.2e-05,5.1e-05,0.367221
228,0.161326,-0.032547,0.339157,-0.788388,0.096415,-0.607614,-0.207246,-0.971532,0.114657,-0.578284,0.216194,0.786686,1.6e-05,0.000179,0.000175,0.090666,-0.017109,-0.117386,0.421461,-0.173977,-0.055378,0.274854,-0.288348,-0.905373,0.311683,0.672325,0.040197,0.739119,-0.681333,0.423808,0.596688,-0.013995,-0.007583,0.041019,0.056141,-0.092954,-0.084207,-1.405791,0.039905,0.026511,-0.019759,0.337252,0.895682,0.289849,-0.64917,-0.001716,0.760641,0.68179,-0.44469,0.580872,-0.00703,-0.003858,0.02041,0.034742,-0.085693,-0.079835,-0.933003,0.083154,0.034347,-0.035801,0.803716,-0.011895,-0.594893,0.09548,0.989421,0.109213,0.587302,-0.144577,0.79635,1e-05,0.000108,0.000106,0.305692,-0.057784,-0.395002,0.369671
229,0.161316,-0.032548,0.339171,-0.788397,0.096401,-0.607604,-0.207249,-0.971528,0.114689,-0.578271,0.216219,0.786689,1.6e-05,0.000182,0.000178,0.0,-0.0,-0.0,0.421686,-0.174008,-0.055483,0.275617,-0.286446,-0.906076,0.311393,0.673231,0.040759,0.738263,-0.681243,0.422246,0.597897,0.001516,0.004184,0.032004,0.022749,-0.075357,0.027535,-1.40573,0.039889,0.026456,-0.019392,0.335214,0.896511,0.289652,-0.650245,-0.002324,0.75972,0.68177,-0.443014,0.582173,0.001132,-0.003816,0.019545,-0.046213,-0.044135,-0.012503,-0.936432,0.083149,0.034347,-0.035794,0.803725,-0.011754,-0.594883,0.095328,0.989432,0.109245,0.587313,-0.144512,0.796353,1e-05,0.000106,0.000105,-0.000172,5.1e-05,0.000143,0.370651
230,0.161318,-0.032531,0.339202,-0.788367,0.096455,-0.607635,-0.207312,-0.971517,0.11467,-0.57829,0.216245,0.786668,0.000118,0.001342,0.001312,0.0,0.0,0.0,0.422056,-0.173991,-0.055662,0.277022,-0.280615,-0.908006,0.311079,0.677059,0.042325,0.734665,-0.679882,0.417913,0.602471,0.002244,-0.009111,0.036598,-0.025387,-0.04264,-0.010179,-1.405893,0.039896,0.026372,-0.018699,0.329453,0.898699,0.289483,-0.65438,-0.00368,0.756156,0.680622,-0.438549,0.586879,0.001092,-0.004646,0.018164,-0.063306,-0.038371,-0.009246,-0.943617,0.08315,0.034353,-0.035781,0.803701,-0.011817,-0.594914,0.0954,0.989427,0.109227,0.587334,-0.14454,0.796332,6.9e-05,0.000785,0.000768,0.000754,-0.013149,0.025748,0.37163
231,0.161322,-0.032481,0.339251,-0.789655,0.09542,-0.606123,-0.20717,-0.97128,0.116906,-0.576581,0.217761,0.787503,0.00019,0.002149,0.002099,-0.144735,0.137066,-0.108678,0.423103,-0.173941,-0.055815,0.278154,-0.276708,-0.909263,0.310909,0.67937,0.04358,0.732455,-0.679185,0.415036,0.605241,0.002173,-0.010572,0.03422,-0.076936,0.087718,-0.161077,-1.40589,0.039922,0.026296,-0.018123,0.325649,0.900153,0.289268,-0.656546,-0.004869,0.75427,0.680367,-0.435545,0.589406,0.000637,-4.7e-05,0.012545,-0.056461,-0.011364,0.035293,-0.943454,0.083152,0.034377,-0.035757,0.804489,-0.011015,-0.593863,0.095318,0.989263,0.110775,0.586268,-0.145723,0.796902,7.6e-05,0.000644,0.000612,-1.615796,1.669235,-1.494358,0.372284
232,0.161328,-0.032433,0.339326,-0.790193,0.090771,-0.606137,-0.201469,-0.972476,0.116928,-0.57786,0.214395,0.78749,9e-05,0.001022,0.000998,0.0,-0.0,-0.0,0.424299,-0.173854,-0.055858,0.279103,-0.272851,-0.910554,0.31054,0.681951,0.044487,0.729999,-0.678164,0.412093,0.608389,0.001256,-0.00129,0.023162,-0.029408,-0.021144,0.029664,-1.405971,0.039966,0.026271,-0.017644,0.321858,0.901549,0.289164,-0.659233,-0.005821,0.751916,0.679572,-0.432637,0.592457,0.000596,-0.001023,0.011004,-0.055575,0.002773,0.01026,-0.935943,0.083155,0.034405,-0.035716,0.804857,-0.005942,-0.593438,0.08944,0.989742,0.111394,0.586689,-0.142733,0.797133,5.2e-05,0.000594,0.00058,-9.2e-05,-7.4e-05,0.000287,0.374243
233,0.16133,-0.032416,0.339357,-0.790162,0.090825,-0.606168,-0.201533,-0.972465,0.116909,-0.577879,0.214421,0.787468,6e-05,0.000683,0.000667,0.0,-0.0,-0.0,0.42471,-0.173823,-0.055868,0.279464,-0.272687,-0.910398,0.311142,0.681718,0.045229,0.73017,-0.678463,0.412359,0.607875,0.001159,-0.003501,0.019759,-0.034605,-0.00407,0.006562,-1.405819,0.039982,0.026268,-0.017451,0.321827,0.901369,0.28976,-0.65885,-0.006584,0.752245,0.679958,-0.433001,0.591748,0.000558,-0.001896,0.009658,-0.037425,-0.000648,0.008939,-0.936759,0.083157,0.034414,-0.0357,0.804833,-0.006005,-0.59347,0.089511,0.989738,0.111375,0.586711,-0.142761,0.797112,3.8e-05,0.000452,0.000441,-0.000121,1.1e-05,0.000173,0.375386
234,0.161344,-0.032415,0.339401,-0.790137,0.090875,-0.606193,-0.201622,-0.972443,0.116936,-0.577883,0.214498,0.787445,3.8e-05,0.000428,0.000418,0.0,0.0,0.0,0.426463,-0.173807,-0.055832,0.280046,-0.272636,-0.910886,0.309754,0.680726,0.044752,0.731125,-0.679479,0.411328,0.607438,0.00025,0.005858,0.008897,0.001793,-0.014356,0.024922,-1.405871,0.03999,0.026283,-0.017165,0.321848,0.901808,0.288367,-0.657782,-0.006085,0.753183,0.680982,-0.432093,0.591235,0.000525,-0.002739,0.008358,-0.033923,-0.000802,0.0058,-0.930391,0.083163,0.034414,-0.035678,0.804813,-0.006063,-0.593495,0.089608,0.989726,0.111403,0.586723,-0.142841,0.797089,1.9e-05,0.000232,0.000224,-9.4e-05,-2e-06,0.000115,0.377345
235,0.161355,-0.032423,0.339407,-0.790068,0.090996,-0.606265,-0.201746,-0.972426,0.116867,-0.577934,0.214525,0.7874,0.0,0.0,0.0,0.0,0.0,0.0,0.426954,-0.173802,-0.055694,0.280482,-0.272322,-0.910584,0.310917,0.680752,0.045895,0.731029,-0.679579,0.411872,0.606957,0.000256,0.006026,0.00912,-0.010582,0.084672,-0.147098,-1.405756,0.039992,0.026347,-0.016955,0.321649,0.901533,0.289445,-0.657837,-0.007094,0.753126,0.681022,-0.43265,0.59078,0.000114,0.002879,0.004357,0.002197,-0.013217,0.025768,-0.93137,0.083169,0.03441,-0.035675,0.80476,-0.006192,-0.593567,0.089735,0.989722,0.111337,0.586777,-0.142863,0.797045,-1e-06,-2e-05,-2e-05,-6.8e-05,2.7e-05,0.000118,0.378652
236,0.161355,-0.032423,0.339407,-0.790068,0.090996,-0.606265,-0.201746,-0.972426,0.116867,-0.577934,0.214525,0.7874,0.0,0.0,0.0,0.0,0.0,0.0,0.427408,-0.173797,-0.055595,0.28065,-0.272508,-0.911296,0.308658,0.680061,0.044364,0.731766,-0.680195,0.410459,0.607224,0.000229,0.005404,0.008167,-0.029679,-0.068925,0.047572,-1.405852,0.039994,0.026399,-0.016867,0.321802,0.902151,0.287342,-0.657113,-0.005686,0.75377,0.681649,-0.431381,0.590986,0.000102,0.002597,0.003929,-0.06933,-0.564706,0.719975,-0.93137,0.083169,0.034409,-0.035675,0.80476,-0.006192,-0.593567,0.089735,0.989722,0.111337,0.586777,-0.142863,0.797045,0.0,-1.3e-05,-1e-05,-5.9e-05,3.9e-05,0.000123,0.378815
237,0.161355,-0.032423,0.339407,-0.790593,0.086317,-0.606265,-0.195984,-0.973603,0.116867,-0.579194,0.211099,0.7874,0.0,0.0,0.0,0.0,-0.0,-0.0,0.428757,-0.173788,-0.055367,0.280994,-0.270383,-0.911755,0.309174,0.681973,0.045154,0.729937,-0.679132,0.409351,0.609159,0.000258,0.006136,0.009243,0.041111,0.043446,-0.17461,-1.405693,0.039999,0.026508,-0.016702,0.319841,0.902722,0.287737,-0.6592,-0.006117,0.751942,0.680555,-0.430179,0.593118,0.00012,0.003006,0.004527,0.059151,-0.068191,-0.011966,-0.93186,0.083169,0.034409,-0.035675,0.804758,-0.00147,-0.5936,0.083864,0.990247,0.111244,0.587648,-0.139306,0.797033,5e-06,-6e-06,-6e-06,-0.000188,6.3e-05,0.000216,0.380611
238,0.161355,-0.032417,0.339413,-0.790584,0.086334,-0.606275,-0.195999,-0.973602,0.116855,-0.579202,0.2111,0.787394,0.0,2e-06,2e-06,0.0,0.0,0.0,0.429513,-0.173755,-0.055139,0.281316,-0.268668,-0.913137,0.306578,0.683052,0.043666,0.729019,-0.678731,0.406415,0.611567,0.000249,0.005978,0.008978,0.118259,-0.107308,-0.037106,-1.405777,0.040015,0.026625,-0.016537,0.318316,0.904032,0.285309,-0.660046,-0.004672,0.751209,0.68045,-0.427439,0.595216,0.000116,0.002943,0.004419,0.163757,-0.132166,-0.054393,-0.932024,0.083169,0.034412,-0.035672,0.80475,-0.001497,-0.59361,0.083891,0.990247,0.111232,0.587654,-0.139313,0.797027,3e-06,-7e-06,-9e-06,-9.5e-05,2.9e-05,0.00013,0.381591
239,0.161356,-0.032411,0.33942,-0.790574,0.08635,-0.606285,-0.196014,-0.973601,0.116843,-0.57921,0.2111,0.787388,3e-06,3.5e-05,3.4e-05,0.0,0.0,0.0,0.429325,-0.173739,-0.05504,0.281462,-0.268709,-0.913175,0.30643,0.683021,0.043536,0.729055,-0.678745,0.406344,0.611598,0.000202,0.004855,0.007282,0.003496,-0.015707,0.02402,-1.405498,0.040023,0.026676,-0.016461,0.31796,0.904206,0.285153,-0.660201,-0.004704,0.751073,0.680467,-0.42707,0.595462,9e-05,0.002269,0.003402,-0.013186,0.003681,0.001552,-0.932514,0.083169,0.034416,-0.035669,0.804743,-0.001516,-0.59362,0.083907,0.990246,0.111221,0.587662,-0.139313,0.797022,4e-06,1e-05,1e-05,-8.6e-05,1.9e-05,0.000126,0.381918
240,0.161357,-0.032398,0.339432,-0.790555,0.086383,-0.606305,-0.196044,-0.973597,0.116819,-0.579226,0.2111,0.787376,5e-06,5.8e-05,5.6e-05,0.0,0.0,0.0,0.429238,-0.17372,-0.054887,0.281709,-0.26859,-0.913061,0.306871,0.683093,0.04393,0.728964,-0.67872,0.406556,0.611485,0.000159,0.003847,0.005757,0.001794,-0.014348,0.024927,-1.405326,0.040033,0.026754,-0.016337,0.317922,0.904075,0.28561,-0.66019,-0.005118,0.751081,0.680495,-0.427341,0.595234,6.4e-05,0.001649,0.002467,-0.012436,0.099728,-0.1715,-0.930554,0.08317,0.034422,-0.035663,0.804728,-0.001551,-0.59364,0.083938,0.990246,0.111197,0.587678,-0.139312,0.79701,3e-06,2.1e-05,2e-05,-7.7e-05,1.6e-05,0.000125,0.382407
241,0.161358,-0.032378,0.339437,-0.790528,0.086429,-0.606334,-0.196069,-0.973599,0.116765,-0.579254,0.211075,0.787362,1.6e-05,0.000181,0.000177,0.0,0.0,0.0,0.430189,-0.173704,-0.054784,0.281862,-0.26874,-0.913734,0.304731,0.682445,0.0425,0.729655,-0.679312,0.405193,0.611733,9.1e-05,0.002218,0.003314,-0.012377,0.099015,-0.172027,-1.405675,0.040041,0.026807,-0.016257,0.31806,0.904712,0.283431,-0.65945,-0.003671,0.751739,0.681148,-0.426007,0.595445,4.1e-05,0.001064,0.001591,-0.012143,0.099854,-0.172242,-0.929738,0.08317,0.034432,-0.03566,0.804707,-0.0016,-0.593668,0.083964,0.99025,0.111143,0.587703,-0.139285,0.796996,9e-06,0.000102,9.9e-05,-7.2e-05,1.6e-05,0.000122,0.382407
242,0.161358,-0.032378,0.339437,-0.790528,0.086429,-0.606334,-0.196069,-0.973599,0.116765,-0.579254,0.211075,0.787362,0.0,0.0,0.0,0.0,0.0,0.0,0.429814,-0.173629,-0.054733,0.281931,-0.270149,-0.913301,0.304785,0.686292,0.039227,0.726223,-0.674864,0.406502,0.615775,1.7e-05,0.000416,0.000621,0.363263,-0.290891,-0.194019,-1.405823,0.040078,0.026834,-0.016221,0.321038,0.903609,0.283592,-0.661791,-0.000161,0.749688,0.677471,-0.428358,0.597948,5e-06,0.000153,0.00023,0.418127,-0.33907,-0.226544,-0.929901,0.08317,0.034432,-0.03566,0.804707,-0.0016,-0.593669,0.083964,0.99025,0.111143,0.587703,-0.139285,0.796996,2e-06,-9e-06,-8e-06,-6.7e-05,2.6e-05,0.000125,0.382734
243,0.161358,-0.032378,0.339437,-0.790528,0.086429,-0.606334,-0.196069,-0.973599,0.116765,-0.579254,0.211075,0.787362,0.0,0.0,0.0,0.0,0.0,0.0,0.429809,-0.173592,-0.054726,0.281937,-0.275541,-0.911671,0.304835,0.686522,0.035205,0.726211,-0.672439,0.410517,0.615764,3e-06,6.8e-05,0.000101,0.006538,-0.001327,-0.000356,-1.405836,0.040097,0.026836,-0.016219,0.324683,0.902387,0.283334,-0.663487,0.003811,0.748177,0.674066,-0.430909,0.599959,-2e-06,-3.8e-05,-5.1e-05,-0.013783,0.012384,0.008203,-0.929738,0.08317,0.034432,-0.03566,0.804707,-0.0016,-0.593669,0.083964,0.99025,0.111143,0.587703,-0.139285,0.796996,4e-06,-6e-06,-7e-06,-6.5e-05,3.4e-05,0.000125,0.382897
244,0.161358,-0.032364,0.339437,-0.790511,0.086457,-0.606352,-0.19608,-0.973602,0.116723,-0.579274,0.21105,0.787354,2e-06,2.2e-05,2.1e-05,0.0,0.0,0.0,0.429747,-0.173492,-0.054764,0.281963,-0.275837,-0.91246,0.302195,0.685663,0.033406,0.727107,-0.673193,0.408909,0.616011,0.000843,-0.010936,0.008422,-0.036448,0.010303,-0.018346,-1.405528,0.040147,0.026816,-0.016208,0.325002,0.9031,0.280682,-0.662358,0.005525,0.749166,0.675022,-0.429393,0.599971,0.000421,-0.005493,0.004175,-0.036665,0.011772,-0.019028,-0.923369,0.08317,0.034439,-0.03566,0.804693,-0.001631,-0.593687,0.083975,0.990254,0.111101,0.58772,-0.139258,0.796988,4e-06,4e-06,3e-06,-7.7e-05,1.4e-05,0.000114,0.382897
245,0.161358,-0.032372,0.339443,-0.791017,0.081763,-0.606344,-0.190316,-0.974741,0.116753,-0.580501,0.207642,0.787356,0.0,0.0,0.0,0.0,-0.0,-0.0,0.429713,-0.173414,-0.054813,0.282011,-0.273771,-0.912992,0.302469,0.687392,0.034086,0.725441,-0.672276,0.407662,0.617836,0.000846,-0.010882,0.008502,0.389963,-0.33178,-0.246309,-1.405721,0.040186,0.026791,-0.016185,0.324611,0.903086,0.281178,-0.662632,0.005,0.748927,0.67494,-0.429428,0.600038,0.000421,-0.005451,0.004233,0.390094,-0.331456,-0.245975,-0.923533,0.08317,0.034435,-0.035657,0.80467,0.003102,-0.593712,0.078109,0.990741,0.111039,0.58856,-0.135723,0.796978,4e-06,-5e-06,-7e-06,-0.000153,4.6e-05,0.000201,0.382897
246,0.161359,-0.032357,0.339443,-0.791,0.081792,-0.606362,-0.190326,-0.974744,0.116711,-0.580521,0.207617,0.787348,3e-06,3e-05,2.9e-05,0.0,-0.0,-0.0,0.429711,-0.173386,-0.054849,0.282049,-0.273654,-0.912886,0.302895,0.687392,0.034511,0.725421,-0.672324,0.407864,0.61765,0.000846,-0.010895,0.008483,-0.031153,0.006039,-0.021185,-1.405577,0.040199,0.026777,-0.01617,0.322802,0.903657,0.281429,-0.664366,0.00456,0.747393,0.674103,-0.428232,0.601831,-0.0,1.6e-05,2.2e-05,-0.016777,0.001236,-0.000476,-0.925329,0.083171,0.034442,-0.035657,0.804657,0.003067,-0.59373,0.078125,0.990744,0.110997,0.588576,-0.1357,0.79697,3e-06,9e-06,7e-06,-0.000124,2.4e-05,0.000152,0.382897
247,0.16136,-0.032359,0.339456,-0.790998,0.081796,-0.606364,-0.190345,-0.974738,0.116728,-0.580517,0.207642,0.787344,0.0,4e-06,4e-06,0.0,0.0,0.0,0.429697,-0.173364,-0.054952,0.282172,-0.271863,-0.914203,0.300525,0.688207,0.033446,0.724697,-0.672218,0.404986,0.619655,0.000881,-0.010025,0.00978,-0.02783,0.003349,-0.022971,-1.405497,0.040211,0.02672,-0.016107,0.320969,0.905037,0.27908,-0.665145,0.00564,0.746692,0.67421,-0.425294,0.603791,0.000441,-0.004968,0.004955,-0.05318,0.013408,-0.02231,-0.925329,0.083171,0.034442,-0.035651,0.804656,0.003059,-0.593732,0.078149,0.990741,0.111015,0.588574,-0.135728,0.796967,2e-06,-8e-06,-9e-06,-7.8e-05,2.3e-05,0.000131,0.383061
248,0.161383,-0.032347,0.339467,-0.790958,0.081868,-0.606406,-0.190409,-0.974732,0.116676,-0.580551,0.207643,0.787319,0.014783,-0.000499,-0.000721,0.000984,-0.014715,0.029553,0.429406,-0.173349,-0.05508,0.282371,-0.269848,-0.914791,0.300552,0.689631,0.034087,0.723313,-0.671574,0.403599,0.621256,3.7e-05,0.000916,0.001367,0.136507,-0.109922,-0.07305,-1.405946,0.040218,0.026657,-0.016006,0.319492,0.905511,0.279236,-0.666281,0.005135,0.745682,0.67379,-0.42429,0.604966,0.000441,-0.004902,0.005055,0.167174,-0.134229,-0.112198,-0.924186,0.083177,0.034448,-0.035645,0.804633,0.003002,-0.593763,0.078197,0.990741,0.110977,0.588599,-0.135727,0.796949,2e-06,1.1e-05,1e-05,-8.3e-05,1.8e-05,0.00012,0.383224
249,0.161383,-0.032341,0.339473,-0.790949,0.081885,-0.606416,-0.190424,-0.974731,0.116664,-0.580559,0.207643,0.787313,1.3e-05,0.000153,0.000149,0.0,0.0,0.0,0.430285,-0.173353,-0.055154,0.282484,-0.27519,-0.913119,0.300791,0.689659,0.030342,0.723452,-0.669367,0.407672,0.620978,4.3e-05,0.001065,0.001588,0.001995,-0.001608,-0.001068,-1.405672,0.040216,0.02662,-0.01595,0.324272,0.903793,0.279293,-0.666446,0.008736,0.745502,0.671339,-0.427879,0.605162,0.000445,-0.00481,0.005194,-0.050206,0.013657,-0.017249,-0.924675,0.083183,0.034451,-0.035642,0.804618,0.002964,-0.593784,0.07823,0.990741,0.110952,0.588616,-0.135725,0.796937,7e-06,8.5e-05,8.4e-05,-7.9e-05,9e-06,0.000119,0.383551
250,0.161396,-0.032329,0.339485,-0.790919,0.081938,-0.606448,-0.190471,-0.974726,0.116626,-0.580584,0.207644,0.787295,6.9e-05,0.000786,0.000766,0.0,0.0,0.0,0.429688,-0.173296,-0.055321,0.282768,-0.273153,-0.913695,0.300899,0.690959,0.031138,0.722177,-0.668864,0.406317,0.622407,9.9e-05,0.002484,0.003701,0.002679,-0.015,0.024489,-1.405335,0.040245,0.026533,-0.015812,0.322254,0.904455,0.279485,-0.667796,0.007936,0.744301,0.67097,-0.426493,0.606549,0.000455,-0.004535,0.005599,-0.047119,0.01354,-0.016826,-0.925982,0.083189,0.034455,-0.035638,0.804595,0.002907,-0.593816,0.078278,0.990742,0.110914,0.588641,-0.135724,0.796918,4.7e-05,0.000516,0.000503,-7.9e-05,1.2e-05,0.000109,0.383551
251,0.161419,-0.032317,0.339496,-0.790879,0.08201,-0.60649,-0.190535,-0.97472,0.116573,-0.580617,0.207644,0.78727,1.2e-05,0.000135,0.000132,0.0,0.0,0.0,0.429421,-0.173185,-0.055493,0.283132,-0.271163,-0.914306,0.300843,0.692133,0.031848,0.721021,-0.668463,0.404882,0.623772,0.00098,-0.007538,0.013473,-0.034481,-0.004179,0.006492,-1.405701,0.0403,0.026451,-0.015634,0.320302,0.905152,0.279475,-0.669009,0.007263,0.743218,0.670695,-0.425025,0.607881,0.000475,-0.003979,0.006421,-0.041833,0.012597,-0.01709,-0.924349,0.083201,0.034463,-0.035631,0.804564,0.00283,-0.593858,0.078344,0.990742,0.110863,0.588675,-0.135721,0.796894,5e-06,6.7e-05,6.5e-05,-6.6e-05,2.2e-05,0.000107,0.383387
252,0.161432,-0.032292,0.33952,-0.790831,0.082096,-0.606541,-0.190611,-0.974713,0.116511,-0.580658,0.207645,0.78724,4.6e-05,0.000529,0.000515,0.0,0.0,0.0,0.429795,-0.173045,-0.055669,0.283599,-0.269131,-0.91488,0.300921,0.693226,0.032746,0.71993,-0.668154,0.403507,0.624992,0.001034,-0.006141,0.015535,-0.033215,-0.005205,0.005816,-1.405375,0.04037,0.026361,-0.015402,0.318275,0.905827,0.279604,-0.670231,0.006421,0.742124,0.670441,-0.423599,0.609157,0.000505,-0.003173,0.007612,-0.047,-0.000498,0.008143,-0.924349,0.083207,0.034474,-0.03562,0.804526,0.002738,-0.59391,0.078423,0.990743,0.110801,0.588716,-0.135718,0.796865,3.3e-05,0.000387,0.000377,-6.5e-05,1.3e-05,9.6e-05,0.383551
