frame,MLTx,MLTy,MLTz,MLTR1,MLTR2,MLTR3,MLTR4,MLTR5,MLTR6,MLTR7,MLTR8,MLTR9,MLTTVx,MLTTVy,MLTTVz,MLTRVx,MLTRVy,MLTRVz,MLGA,MRTx,MRTy,MRTz,MRTR1,MRTR2,MRTR3,MRTR4,MRTR5,MRTR6,MRTR7,MRTR8,MRTR9,MRTTVx,MRTTVy,MRTTVz,MRTRVx,MRTRVy,MRTRVz,MRGA,SLTx,SLTy,SLTz,SLTR1,SLTR2,SLTR3,SLTR4,SLTR5,SLTR6,SLTR7,SLTR8,SLTR9,SLTTVx,SLTTVy,SLTTVz,SLTRVx,SLTRVy,SLTRVz,SLGA,SRTx,SRTy,SRTz,SRTR1,SRTR2,SRTR3,SRTR4,SRTR5,SRTR6,SRTR7,SRTR8,SRTR9,SRTTVx,SRTTVy,SRTTVz,SRTRVx,SRTRVy,SRTRVz,SRGA
52,0.206246,0.01763,0.412942,-0.550156,0.385677,-0.740694,-0.693256,-0.705406,0.147546,-0.464908,0.594181,0.656382,3.9e-05,-0.000702,-0.000339,0.0,0.0,0.0,-0.06479,-0.255896,0.043271,0.371526,0.534309,0.780086,0.325532,-0.802195,0.589356,-0.09527,-0.266827,-0.211228,0.940239,-0.000413,0.025524,-0.029528,-0.378481,0.595543,0.422819,-1.408213,-0.008363,0.043728,0.009172,-0.647326,-0.673655,0.356591,0.687236,-0.718179,-0.109199,0.329659,0.174375,0.927856,0.005808,0.011787,-0.015692,-0.03582,0.141682,0.182579,-0.70505,0.117769,0.032229,-0.033805,-0.58622,0.477243,-0.654662,-0.698567,-0.707019,0.110123,-0.410304,0.521882,0.747856,-0.006078,-0.000913,-0.00024,-0.000971,0.014735,-0.029551,-0.248057
53,0.206182,0.017626,0.412942,-0.550177,0.385677,-0.740678,-0.693247,-0.705412,0.14756,-0.464895,0.594174,0.656397,0.0,-0.0,-0.0,0.0,0.0,0.0,-0.062868,-0.255736,0.044119,0.370198,0.544709,0.767397,0.338209,-0.79434,0.601442,-0.084996,-0.269306,-0.22333,0.936729,0.009714,0.016312,-0.035576,-0.120473,0.254842,0.212134,-1.408253,-0.008286,0.044159,0.008513,-0.655185,-0.658153,0.370898,0.677496,-0.729102,-0.096994,0.33426,0.187733,0.923594,-0.000843,0.014729,-0.020987,-0.122597,0.19616,0.429895,-0.715174,0.117737,0.032225,-0.033806,-0.586241,0.477242,-0.654645,-0.698557,-0.707026,0.110135,-0.410291,0.521873,0.747869,-1e-06,5e-06,7e-06,-6e-06,-5e-06,-1.2e-05,-0.248221
54,0.206127,0.017623,0.412942,-0.550178,0.385686,-0.740672,-0.69325,-0.70541,0.147556,-0.46489,0.594171,0.656404,0.0,-0.0,-0.0,0.0,0.0,0.0,-0.060896,-0.255529,0.045077,0.368443,0.549756,0.760201,0.3462,-0.790104,0.60774,-0.079505,-0.271513,-0.230792,0.93428,0.008778,0.021707,-0.047176,0.045119,0.066568,0.117907,-1.408894,-0.008179,0.044643,0.007621,-0.658781,-0.64973,0.379284,0.672271,-0.734702,-0.090905,0.337725,0.195095,0.920803,0.004322,0.010491,-0.023802,0.092448,0.009872,0.090882,-0.725461,0.11771,0.032223,-0.033806,-0.586241,0.47725,-0.654638,-0.69856,-0.707024,0.110133,-0.410285,0.521869,0.747875,-3e-06,2e-06,8e-06,7e-06,-9e-06,4e-06,-0.247894
55,0.206099,0.017621,0.412942,-0.55024,0.385659,-0.740641,-0.693214,-0.705434,0.147607,-0.46487,0.594159,0.656428,-0.012221,-0.000709,5.4e-05,-0.000984,0.014715,-0.029553,-0.060008,-0.25542,0.045567,0.36741,0.551401,0.757552,0.349376,-0.788405,0.610103,-0.078263,-0.273119,-0.233258,0.933199,0.00833,0.028984,-0.057674,0.061504,0.072562,0.148399,-1.408901,-0.008127,0.044879,0.007128,-0.659769,-0.647061,0.382119,0.670361,-0.736576,-0.089833,0.339588,0.196889,0.919735,0.003722,0.008137,-0.025189,0.012649,0.121479,0.120771,-0.728237,0.117701,0.032223,-0.033806,-0.586281,0.47723,-0.654617,-0.698535,-0.707044,0.110163,-0.410271,0.521859,0.747889,-2e-06,2e-06,7e-06,1e-05,2e-06,4e-06,-0.247404
56,0.206071,0.017627,0.412946,-0.550161,0.385705,-0.740675,-0.693263,-0.7054,0.147538,-0.464889,0.59417,0.656405,-0.0,3e-06,2e-06,0.0,0.0,0.0,-0.062139,-0.255149,0.046625,0.365053,0.555275,0.752591,0.353932,-0.785292,0.614577,-0.074472,-0.274246,-0.237544,0.931786,0.007425,0.025426,-0.05975,0.010467,0.14975,0.166236,-1.409201,-0.007993,0.045404,0.005947,-0.66256,-0.641648,0.386395,0.666729,-0.740308,-0.086103,0.341299,0.200572,0.918305,0.00399,0.018177,-0.034031,-0.003949,0.197574,0.216587,-0.73134,0.117682,0.032226,-0.033804,-0.586224,0.477269,-0.65464,-0.698575,-0.707012,0.110116,-0.410284,0.521868,0.747876,-1e-06,-4e-06,0.0,1e-06,-1e-06,-7e-06,-0.247078
57,0.206035,0.017625,0.412947,-0.550243,0.385668,-0.740633,-0.693216,-0.705433,0.147605,-0.464863,0.594155,0.656437,-0.0,0.0,0.0,0.0,0.0,0.0,-0.064449,-0.254847,0.047819,0.36251,0.561156,0.747262,0.355942,-0.781627,0.619887,-0.068801,-0.272744,-0.240555,0.931454,0.007548,0.034899,-0.068856,0.108598,0.050541,0.128037,-1.409184,-0.007843,0.045995,0.004677,-0.667395,-0.635106,0.388875,0.662368,-0.744915,-0.079817,0.340371,0.204309,0.917826,0.003469,0.011591,-0.030538,0.077548,0.067982,0.116555,-0.731666,0.117664,0.032225,-0.033804,-0.586304,0.477229,-0.654597,-0.698524,-0.707053,0.110177,-0.410256,0.521849,0.747904,1e-06,-3e-06,1e-06,-1e-06,1e-05,-5e-06,-0.248057
58,0.206016,0.017624,0.412947,-0.550162,0.385714,-0.74067,-0.693266,-0.705398,0.147534,-0.464883,0.594167,0.656412,-0.0,0.0,0.0,0.0,0.0,0.0,-0.064713,-0.254674,0.0484,0.361239,0.564707,0.743175,0.35887,-0.779384,0.623227,-0.063891,-0.271832,-0.244562,0.930677,0.00711,0.024137,-0.060479,-0.218992,0.434214,0.361577,-1.409037,-0.007757,0.046287,0.004037,-0.669916,-0.631736,0.390026,0.660078,-0.747278,-0.076625,0.339865,0.206115,0.917609,0.003833,0.017518,-0.034371,0.176489,-0.027493,0.084334,-0.734442,0.117655,0.032224,-0.033804,-0.586225,0.477277,-0.654633,-0.698578,-0.707009,0.110113,-0.410278,0.521864,0.747882,1e-06,-3e-06,2e-06,7e-06,5e-06,0.0,-0.248384
59,0.205961,0.017629,0.412951,-0.550146,0.385732,-0.740672,-0.69328,-0.705389,0.147516,-0.464883,0.594166,0.656413,-0.0,1e-06,1e-06,0.0,0.0,0.0,-0.068849,-0.254316,0.049421,0.358689,0.56862,0.736321,0.366734,-0.77518,0.628805,-0.060276,-0.275684,-0.250946,0.92784,0.006463,0.021558,-0.062072,-0.009494,0.169726,0.184831,-1.408818,-0.00758,0.046793,0.002788,-0.67243,-0.623204,0.399316,0.654944,-0.752312,-0.071222,0.344796,0.213637,0.914042,0.003552,0.016399,-0.035043,-0.072823,0.271818,0.275201,-0.739504,0.117627,0.032227,-0.033801,-0.586208,0.477296,-0.654635,-0.698592,-0.706998,0.110097,-0.410277,0.521863,0.747883,1e-06,-7e-06,-2e-06,1.1e-05,3e-06,5e-06,-0.250017
60,0.205878,0.017631,0.412944,-0.550195,0.385722,-0.740641,-0.693244,-0.70542,0.147534,-0.464879,0.594135,0.656444,-0.012221,-0.000702,5.8e-05,-0.000984,0.014715,-0.029553,-0.069049,-0.254132,0.050119,0.356259,0.571315,0.731041,0.373054,-0.771874,0.633058,-0.058152,-0.279378,-0.255656,0.925446,0.005292,0.016917,-0.065049,0.128573,0.012161,0.042332,-1.408942,-0.007484,0.047155,0.001552,-0.674125,-0.616927,0.406147,0.650792,-0.756167,-0.068411,0.34932,0.218199,0.911243,0.002359,0.002661,-0.028656,0.133573,-0.014493,0.007436,-0.740157,0.11759,0.032228,-0.033805,-0.586235,0.477293,-0.654613,-0.698568,-0.707022,0.110094,-0.410279,0.521833,0.747903,2e-06,-4e-06,0.0,1.1e-05,2.5e-05,3e-06,-0.251486
61,0.205842,0.017621,0.41294,-0.55005,0.385804,-0.740706,-0.693334,-0.705358,0.147407,-0.464915,0.594155,0.6564,8e-06,-0.000138,-6.7e-05,0.0,0.0,0.0,-0.069538,-0.254023,0.050367,0.355039,0.572078,0.729798,0.374316,-0.770624,0.634501,-0.059003,-0.281266,-0.25563,0.924881,0.004535,0.004872,-0.05769,0.126694,-0.010647,-0.000308,-1.408673,-0.007429,0.047281,0.000938,-0.674656,-0.615638,0.407219,0.649254,-0.757398,-0.069399,0.351152,0.217569,0.910689,0.002554,0.007933,-0.032892,0.193591,-0.064921,-0.004632,-0.740484,0.117572,0.032223,-0.033807,-0.586094,0.477379,-0.654677,-0.698665,-0.706945,0.109981,-0.410318,0.521859,0.747864,7e-06,-0.000102,-4.7e-05,1.2e-05,2e-06,1.1e-05,-0.251486
62,0.205804,0.017641,0.412907,-0.54973,0.385983,-0.74085,-0.693483,-0.705284,0.147058,-0.465071,0.594127,0.656315,-0.000564,0.008757,-0.01028,0.035621,-0.006844,0.021345,-0.07796,-0.25374,0.050599,0.352601,0.574434,0.729283,0.371705,-0.769422,0.636008,-0.058469,-0.279752,-0.253338,0.925971,0.015475,-0.001525,-0.062646,0.138174,-0.022571,-0.00388,-1.408855,-0.007292,0.047403,-0.000277,-0.676986,-0.614948,0.404387,0.647872,-0.758616,-0.069015,0.349215,0.215268,0.91198,0.001786,0.000351,-0.030298,0.143723,0.079967,-0.183128,-0.741137,0.117548,0.032232,-0.033818,-0.585812,0.47755,-0.654804,-0.698823,-0.706832,0.109699,-0.410451,0.521856,0.747794,4.3e-05,-0.000771,-0.00037,5e-06,2.5e-05,-2e-06,-0.255079
63,0.205764,0.017688,0.412822,-0.547522,0.386749,-0.742086,-0.693851,-0.705519,0.144171,-0.467123,0.593349,0.65556,-0.000576,0.008982,-0.01017,0.035621,-0.006853,0.021341,-0.087998,-0.253472,0.050416,0.350166,0.576009,0.727271,0.373207,-0.767958,0.637868,-0.057441,-0.280538,-0.254445,0.925429,0.014402,-0.006021,-0.065951,0.114711,0.006785,0.016956,-1.40894,-0.007157,0.047313,-0.001493,-0.67808,-0.612611,0.406095,0.646187,-0.760164,-0.067764,0.350213,0.216464,0.911314,0.007164,-0.003289,-0.033151,0.136009,-0.015357,0.00609,-0.737871,0.117528,0.032253,-0.033862,-0.583664,0.47842,-0.656086,-0.699374,-0.706726,0.106826,-0.412566,0.521201,0.747086,2.7e-05,-0.000473,-0.000226,-0.000491,0.000382,-0.000495,-0.26161
64,0.20571,0.017796,0.412593,-0.547572,0.386762,-0.742042,-0.693515,-0.705936,0.143748,-0.467563,0.592845,0.655703,-0.01274,0.007239,-0.010612,0.034638,0.007843,-0.00822,-0.09925,-0.253043,0.049892,0.347661,0.578098,0.721921,0.380294,-0.76532,0.641347,-0.053793,-0.283445,-0.260866,0.922752,0.013551,-0.009769,-0.06895,0.02136,0.018361,0.270142,-1.408684,-0.006938,0.047047,-0.002771,-0.678923,-0.606933,0.413153,0.643167,-0.763044,-0.064033,0.354118,0.222253,0.908407,0.006741,-0.005163,-0.034659,0.041763,-0.003837,0.259564,-0.733626,0.117506,0.032308,-0.033976,-0.583696,0.478437,-0.656045,-0.699086,-0.707087,0.10633,-0.413009,0.520696,0.747193,6.4e-05,-0.001125,-0.000545,-5e-06,-3e-06,-8e-06,-0.269122
65,0.205685,0.017902,0.41245,-0.547545,0.386801,-0.742041,-0.693318,-0.706199,0.143404,-0.467886,0.592506,0.655779,-0.000583,0.009123,-0.010096,0.035623,-0.006883,0.021328,-0.100875,-0.25277,0.049591,0.346342,0.580312,0.71624,0.387594,-0.763164,0.64438,-0.047841,-0.284736,-0.268945,0.920031,0.013344,-0.010817,-0.069954,-0.265125,0.470058,0.351959,-1.408242,-0.006802,0.046895,-0.003432,-0.67974,-0.601703,0.41941,0.640988,-0.765276,-0.059044,0.356492,0.228702,0.905874,0.006647,-0.00564,-0.035138,-0.372626,0.589646,0.41429,-0.735095,0.117489,0.032362,-0.034053,-0.583675,0.478474,-0.656036,-0.698903,-0.707327,0.10593,-0.413348,0.520335,0.747257,-0.00029,0.004612,-0.005023,0.035631,-0.006885,0.021329,-0.272388
66,0.205602,0.018206,0.412142,-0.549525,0.383773,-0.74215,-0.688807,-0.710803,0.142393,-0.472199,0.588966,0.655877,-0.012904,0.010404,-0.009075,0.034641,0.007802,-0.008238,-0.074854,-0.252083,0.049163,0.343461,0.587668,0.700747,0.404464,-0.756665,0.652986,-0.031636,-0.287,-0.288343,0.913429,0.013413,-0.001855,-0.079942,-0.395893,0.558179,0.658206,-1.408438,-0.006459,0.046681,-0.004872,-0.683728,-0.585058,0.436144,0.63376,-0.772358,-0.042543,0.36175,0.247323,0.89887,0.006705,-0.001086,-0.040085,-0.325174,0.482554,0.621256,-0.737055,0.117448,0.032511,-0.034208,-0.585735,0.475497,-0.656366,-0.694554,-0.711867,0.104109,-0.417742,0.516862,0.747223,-0.006453,0.00534,-0.004468,0.034143,0.008112,-0.008443,-0.268142
67,0.205424,0.018711,0.411652,-0.562108,0.349051,-0.749829,-0.66021,-0.735414,0.152514,-0.497507,0.580336,0.644766,-0.001248,0.019863,-0.019382,-0.140606,-0.688826,-0.232268,-0.001503,-0.251154,0.048977,0.340091,0.597897,0.680115,0.424211,-0.746856,0.664811,-0.012941,-0.291556,-0.30995,0.90487,0.024395,-0.009477,-0.086514,-0.271821,0.38481,0.57742,-1.408269,-0.005993,0.046592,-0.006555,-0.689731,-0.561657,0.456958,0.622497,-0.782313,-0.021964,0.369821,0.269306,0.889216,0.012152,-0.005097,-0.043516,-0.261114,0.372285,0.574686,-0.74081,0.117358,0.032767,-0.034451,-0.599669,0.443017,-0.666432,-0.666175,-0.737788,0.108985,-0.443404,0.509316,0.737556,-0.00061,0.009948,-0.009683,-0.212863,-0.85104,-0.279183,-0.234667
68,0.205271,0.01911,0.411306,-0.570393,0.322484,-0.755448,-0.639688,-0.751307,0.162203,-0.514562,0.575366,0.635773,-0.013562,0.021374,-0.018243,4.010821,-1.537519,-3.978992,0.056255,-0.250638,0.04893,0.338188,0.601747,0.66769,0.438273,-0.741212,0.671206,-0.00461,-0.297989,-0.322926,0.898212,0.023916,-0.002553,-0.097757,-0.311089,0.570919,0.6485,-1.408076,-0.005743,0.046573,-0.007466,-0.690744,-0.549503,0.470019,0.616456,-0.787256,-0.014437,0.377958,0.279774,0.882537,0.011856,-0.001865,-0.049295,-0.212245,0.743748,0.635052,-0.745383,0.117287,0.032955,-0.034619,-0.606755,0.420613,-0.674485,-0.649924,-0.751046,0.116303,-0.457651,0.508932,0.729068,-0.000677,0.01131,-0.00902,-0.267779,-0.940402,-0.50606,-0.193192
69,0.204984,0.020365,0.410236,-0.577688,0.25189,-0.77645,-0.60186,-0.773999,0.196628,-0.55073,0.580587,0.599702,-0.014843,0.042576,-0.036884,-0.45153,-1.680154,-1.037661,0.165648,-0.249464,0.048943,0.333842,0.608647,0.640198,0.468708,-0.730621,0.682529,0.01675,-0.309932,-0.353455,0.882539,0.023345,0.012933,-0.119282,-0.341353,0.659352,0.557006,-1.408569,-0.005169,0.046576,-0.009587,-0.691861,-0.520997,0.499889,0.604922,-0.79625,0.007357,0.394204,0.307484,0.866057,0.011264,-6.5e-05,-0.056456,-0.56866,0.93942,0.704111,-0.756813,0.117144,0.033575,-0.035147,-0.619582,0.352331,-0.701413,-0.606719,-0.781917,0.143166,-0.498005,0.514264,0.698228,-0.001273,0.021103,-0.018733,-0.303289,-1.345082,-0.918579,-0.055538
70,0.204656,0.02215,0.408495,-0.57434,0.168164,-0.801186,-0.56818,-0.786446,0.24217,-0.588657,0.594094,0.548236,-0.015116,0.04668,-0.049195,-0.508391,-1.703468,-1.306426,0.213202,-0.248221,0.049324,0.329171,0.615857,0.61353,0.49426,-0.72175,0.69083,0.042013,-0.31643,-0.383383,0.867613,0.035568,0.009562,-0.123419,-0.211032,0.618642,0.290895,-1.408444,-0.004528,0.046764,-0.012015,-0.693831,-0.491263,0.526552,0.59503,-0.802943,0.034933,0.405631,0.337552,0.849423,0.017794,0.004567,-0.061869,-0.140814,0.549336,0.250536,-0.766121,0.116979,0.034476,-0.036008,-0.619264,0.270962,-0.736947,-0.570623,-0.800021,0.185347,-0.539352,0.535297,0.650042,-0.001472,0.024294,-0.024338,-0.442408,-1.616419,-0.984648,0.052071
71,0.204211,0.024495,0.406073,-0.561193,0.089381,-0.822872,-0.54092,-0.792087,0.282801,-0.625817,0.603699,0.49389,-0.016876,0.075997,-0.077952,-0.307951,-1.596882,-0.97494,0.208321,-0.246775,0.050048,0.324064,0.617075,0.581688,0.529952,-0.71259,0.698694,0.063051,-0.334356,-0.417281,0.844953,0.048348,0.017609,-0.135162,-0.557416,1.030099,0.690506,-1.408954,-0.003824,0.047119,-0.014517,-0.688289,-0.46146,0.559743,0.585855,-0.808631,0.053751,0.427822,0.364924,0.82692,0.017932,0.009412,-0.066871,-0.304917,0.649704,0.599378,-0.781796,0.116757,0.035635,-0.037209,-0.609277,0.193954,-0.768871,-0.540731,-0.810836,0.223951,-0.579993,0.5522,0.5989,-0.00805,0.032658,-0.034363,-0.368367,-1.911144,-1.206444,0.07934
72,0.203893,0.025985,0.404528,-0.553613,0.051422,-0.831212,-0.52961,-0.792001,0.303676,-0.642023,0.60827,0.466735,-0.017416,0.085437,-0.087506,-0.367606,-1.817091,-0.823659,0.208172,-0.245995,0.050407,0.321391,0.61334,0.56341,0.553511,-0.708874,0.701654,0.071501,-0.348841,-0.436936,0.829011,0.047817,0.014804,-0.13807,0.740079,3.259812,-0.349871,-1.408607,-0.003433,0.047303,-0.01585,-0.682408,-0.443784,0.580838,0.58186,-0.810753,0.064161,0.442443,0.381751,0.811485,0.018027,0.014359,-0.071505,-0.411492,0.872788,0.580474,-0.787185,0.116598,0.036376,-0.037979,-0.603623,0.157755,-0.781505,-0.527988,-0.813569,0.243582,-0.597383,0.559658,0.574382,-0.008625,0.042241,-0.043982,-0.304665,-1.509457,-0.932433,0.080157
73,0.203144,0.029352,0.400879,-0.538145,-0.012826,-0.842781,-0.516565,-0.785082,0.34173,-0.665372,0.619264,0.416916,-0.016972,0.078531,-0.090219,-0.295775,-1.571969,-0.774916,0.185596,-0.244223,0.051242,0.315824,0.600853,0.518854,0.608077,-0.703694,0.704114,0.094723,-0.379744,-0.485468,0.787387,0.04823,0.015368,-0.13918,-0.499294,2.284296,0.345869,-1.408922,-0.002549,0.047713,-0.018638,-0.659733,-0.401604,0.63519,0.577147,-0.8121,0.085989,0.481304,0.423328,0.767553,0.024314,0.0131,-0.07348,0.53259,3.620898,-0.635906,-0.783919,0.116223,0.038071,-0.039798,-0.590221,0.094357,-0.801708,-0.512316,-0.811286,0.281685,-0.623836,0.576984,0.527179,-0.01473,0.04355,-0.049981,-0.125281,-1.21347,-0.654537,0.069053
74,0.20248,0.032675,0.396837,-0.515762,-0.074544,-0.85351,-0.505973,-0.777429,0.373589,-0.690756,0.624625,0.364317,-0.017669,0.089709,-0.112601,-0.262352,-1.649657,-0.818196,0.117832,-0.242136,0.052319,0.310062,0.574792,0.458144,0.678019,-0.697751,0.707192,0.113832,-0.42804,-0.539094,0.725274,0.061793,0.02643,-0.148779,-0.949217,2.187555,0.45516,-1.408565,-0.001511,0.048247,-0.021516,-0.621245,-0.345253,0.703458,0.571212,-0.814069,0.104913,0.536442,0.467001,0.70295,0.024656,0.014072,-0.073471,-0.890295,1.974445,0.516733,-0.780817,0.11589,0.039734,-0.041808,-0.570062,0.034272,-0.820886,-0.499652,-0.807596,0.313264,-0.652209,0.588738,0.477504,-0.008424,0.039073,-0.051991,-0.189452,-1.340498,-0.72826,0.012064
75,0.202128,0.034283,0.394694,-0.50566,-0.10628,-0.856188,-0.499995,-0.772648,0.391142,-0.70248,0.626004,0.338627,-0.029461,0.08556,-0.113836,-0.17217,-1.351054,-0.783905,0.070904,-0.24095,0.052915,0.307043,0.569592,0.419449,0.706837,-0.688054,0.71367,0.131115,-0.450147,-0.56155,0.694185,0.049717,0.02995,-0.146224,-0.789871,2.18996,0.213987,-1.408856,-0.000938,0.048526,-0.022971,-0.609539,-0.307673,0.730615,0.560824,-0.818731,0.123105,0.560302,0.484784,0.671598,0.031179,0.013897,-0.074237,-0.70397,2.22409,0.335706,-0.773469,0.115719,0.040538,-0.042879,-0.560353,0.001689,-0.828251,-0.492468,-0.804709,0.331538,-0.665942,0.593666,0.451753,-0.00834,0.037761,-0.052451,-0.254132,-1.50261,-0.874673,-0.039372
76,0.201347,0.037285,0.390371,-0.48109,-0.164836,-0.861061,-0.490755,-0.763236,0.42024,-0.725872,0.624946,0.287367,-0.028539,0.07031,-0.10643,-0.134633,-1.149455,-0.709392,-0.004024,-0.238137,0.054284,0.301288,0.557734,0.346529,0.754216,-0.672177,0.721567,0.165691,-0.487479,-0.599811,0.634393,0.077302,0.03602,-0.143235,-0.803254,1.520194,0.829321,-1.409245,0.00048,0.049213,-0.025916,-0.582541,-0.235789,0.777849,0.545251,-0.823084,0.158844,0.602782,0.516657,0.608045,0.038767,0.018348,-0.071354,-1.324741,0.361868,2.373637,-0.755507,0.115318,0.042066,-0.045086,-0.53686,-0.057737,-0.841692,-0.480955,-0.798721,0.361559,-0.693153,0.598923,0.401033,-0.014171,0.034751,-0.053402,-0.125071,-1.132831,-0.70156,-0.154165
77,0.200486,0.039785,0.3862,-0.460557,-0.209649,-0.862543,-0.492043,-0.748469,0.444589,-0.738228,0.629425,0.242634,-0.01565,0.054026,-0.100269,-0.041164,-0.91118,-0.405509,-0.067028,-0.234838,0.055832,0.295949,0.536112,0.276295,0.797645,-0.665452,0.719617,0.19814,-0.519904,-0.637361,0.568624,0.092224,0.044398,-0.137367,-0.592529,2.017293,0.542403,-1.409275,0.002123,0.049981,-0.02859,-0.548454,-0.169813,0.818756,0.539884,-0.81963,0.191653,0.638532,0.547146,0.541209,0.046007,0.01629,-0.065392,-0.796517,2.161361,0.906614,-0.740157,0.114893,0.043297,-0.047133,-0.517538,-0.102378,-0.849512,-0.480491,-0.786729,0.387535,-0.708012,0.608748,0.35797,-0.013714,0.026439,-0.050209,-0.100354,-0.942983,-0.681253,-0.223074
78,0.199517,0.041642,0.382556,-0.444274,-0.247095,-0.861168,-0.499108,-0.729989,0.466882,-0.743461,0.637545,0.202064,-0.026469,0.033589,-0.081568,-0.175895,-1.023263,-0.564162,-0.085611,-0.231049,0.057387,0.291016,0.51532,0.193943,0.834759,-0.647127,0.726555,0.230823,-0.562354,-0.65938,0.498837,0.094088,0.043116,-0.122079,-0.543594,2.000479,0.774853,-1.409398,0.004017,0.050756,-0.031065,-0.512756,-0.092328,0.853555,0.521808,-0.823007,0.224442,0.68176,0.560477,0.470179,0.053583,0.02136,-0.06151,-0.304817,2.41737,0.045373,-0.744566,0.114413,0.044225,-0.048967,-0.502781,-0.1383,-0.853278,-0.485637,-0.771415,0.411185,-0.715099,0.62112,0.320689,-0.013164,0.016836,-0.040743,-0.196992,-1.12001,-0.613745,-0.256875
79,0.198977,0.042283,0.381024,-0.441334,-0.25711,-0.859746,-0.509362,-0.717011,0.475834,-0.738247,0.648241,0.186554,-0.026545,0.035246,-0.080665,-0.141903,-0.819225,-0.465255,-0.073997,-0.229001,0.058077,0.288771,0.499924,0.156772,0.851757,-0.639108,0.7304,0.240812,-0.584974,-0.664943,0.464241,0.107602,0.035041,-0.112929,-0.54476,1.9131,0.72,-1.409601,0.005076,0.051117,-0.032234,-0.48992,-0.05705,0.869898,0.51355,-0.825221,0.235107,0.704446,0.56192,0.43359,0.053938,0.017916,-0.056171,-0.509702,1.852029,0.676676,-0.747016,0.114133,0.044554,-0.049765,-0.49955,-0.149475,-0.853291,-0.494874,-0.759217,0.422715,-0.711018,0.63344,0.305296,-0.013206,0.017629,-0.040308,-0.166115,-0.852953,-0.479205,-0.259488
80,0.197633,0.042954,0.378618,-0.435679,-0.271891,-0.858082,-0.518718,-0.703256,0.486143,-0.735094,0.65724,0.166431,-0.049047,0.0079,-0.051303,-0.39334,0.051984,-0.164134,0.001223,-0.224505,0.059217,0.284755,0.467256,0.089523,0.879573,-0.624154,0.737919,0.256595,-0.626643,-0.66899,0.399542,0.121971,0.020385,-0.092815,-0.262474,1.405127,0.383076,-1.409349,0.007279,0.051677,-0.034209,-0.445674,0.004991,0.895181,0.497994,-0.829588,0.252555,0.743892,0.558352,0.36724,0.061057,0.010257,-0.046428,-0.306757,1.785708,0.479873,-0.746526,0.11348,0.044879,-0.050953,-0.493462,-0.165547,-0.853867,-0.502955,-0.746622,0.435419,-0.709599,0.644319,0.285167,-0.018498,0.004162,-0.025729,-1.363071,0.569662,0.238175,-0.233524
81,0.195878,0.042823,0.377099,-0.421331,-0.277583,-0.863408,-0.527333,-0.699567,0.482178,-0.737339,0.658804,0.149449,-0.048278,-0.008886,-0.031669,-0.087605,-0.465735,0.495468,0.119147,-0.219376,0.060114,0.281258,0.430775,0.035258,0.901766,-0.615342,0.742317,0.265054,-0.660564,-0.66911,0.34031,0.149172,0.015762,-0.081562,-0.206006,1.336379,0.112907,-1.409158,0.009783,0.052122,-0.03593,-0.400719,0.051629,0.914744,0.488638,-0.832519,0.261044,0.77502,0.551584,0.308378,0.06825,0.008514,-0.039962,-0.308141,1.518591,0.296165,-0.742444,0.112603,0.044819,-0.051721,-0.480653,-0.170046,-0.860264,-0.511612,-0.742371,0.432594,-0.712197,0.648049,0.269826,-0.023847,-0.009338,-0.011239,-0.305957,-1.420161,2.367349,-0.12461
82,0.194837,0.0425,0.376697,-0.413642,-0.274308,-0.868159,-0.535864,-0.697548,0.475656,-0.735551,0.662306,0.142627,-0.059535,-0.024515,-0.010952,-0.155628,-0.253252,-0.39067,0.202638,-0.216727,0.060481,0.279839,0.413304,0.010758,0.910525,-0.608752,0.746814,0.267626,-0.677605,-0.664901,0.314042,0.150139,0.010069,-0.069653,-0.245215,1.375147,0.163916,-1.409069,0.011158,0.052312,-0.036677,-0.378462,0.072929,0.922738,0.481525,-0.835864,0.26356,0.790505,0.54407,0.281225,0.06881,0.012192,-0.036626,-0.227837,1.386587,0.211518,-0.741953,0.112087,0.044656,-0.051934,-0.473215,-0.164226,-0.865503,-0.520799,-0.740247,0.425207,-0.710517,0.651968,0.264768,-0.023997,-0.006377,-0.009699,-0.249351,-0.594079,-0.306111,-0.037413
83,0.192691,0.041702,0.376554,-0.415973,-0.272398,-0.867647,-0.53995,-0.693739,0.476605,-0.731236,0.667078,0.142578,-0.059542,-0.023322,0.003986,-0.0416,0.097839,-0.19262,0.334116,-0.211101,0.060895,0.277384,0.36913,-0.042518,0.9284,-0.593361,0.757988,0.270757,-0.715663,-0.65076,0.253379,0.151444,0.006099,-0.056616,-0.326073,1.701566,0.395488,-1.409544,0.014029,0.052527,-0.037927,-0.324844,0.117418,0.93845,0.464657,-0.844437,0.266496,0.823753,0.522627,0.219751,0.07582,0.003453,-0.028011,-0.311855,1.66408,0.368123,-0.745546,0.111014,0.044252,-0.052013,-0.475014,-0.163844,-0.86459,-0.524782,-0.735937,0.427784,-0.706374,0.656925,0.263598,-0.029774,-0.011113,0.002316,-0.036256,0.006712,-0.016089,0.159189
84,0.190282,0.040935,0.376856,-0.41857,-0.267696,-0.867861,-0.544872,-0.690492,0.475717,-0.726085,0.672325,0.144243,-0.059369,-0.02779,0.015977,-0.065525,0.009684,-0.006807,0.404488,-0.205,0.060899,0.275585,0.325401,-0.101901,0.940064,-0.56803,0.773651,0.280606,-0.756254,-0.625159,0.192662,0.165983,0.004426,-0.041984,4.848518,3.056907,1.701132,-1.409226,0.017018,0.052525,-0.038813,-0.272915,0.166083,0.947593,0.442333,-0.853032,0.276905,0.854317,0.494723,0.159342,0.076694,-0.003538,-0.017347,-0.246158,1.395147,0.16321,-0.742117,0.10981,0.043878,-0.051863,-0.477775,-0.158807,-0.864008,-0.529647,-0.732589,0.427533,-0.700859,0.661885,0.265901,-0.029911,-0.008538,0.003695,-0.047647,-0.008005,-0.023173,0.297986
85,0.187814,0.04018,0.377241,-0.415472,-0.266841,-0.869611,-0.547601,-0.69,0.473292,-0.725815,0.67317,0.141639,-0.059573,-0.025816,0.017043,-0.070465,-0.001287,-0.012749,0.430419,-0.198275,0.060438,0.274539,0.267359,-0.154187,0.951177,-0.547065,0.788238,0.281665,-0.793486,-0.59546,0.125179,0.16809,-0.022792,-0.015804,0.035214,1.790361,0.45439,-1.409353,0.020313,0.052309,-0.039336,-0.207584,0.209066,0.955614,0.41519,-0.865707,0.279586,0.885734,0.454799,0.092904,0.084219,-0.01118,-0.007877,4.608853,4.775439,-0.849053,-0.739831,0.108599,0.043511,-0.051671,-0.474653,-0.157978,-0.865878,-0.532622,-0.731641,0.425457,-0.700726,0.663131,0.263133,-0.029997,-0.006999,0.004518,-0.036465,-0.010207,0.003692,0.364772
86,0.186634,0.039945,0.377406,-0.413133,-0.266062,-0.870963,-0.549268,-0.690054,0.471276,-0.725893,0.673421,0.140033,-0.060032,-0.012473,0.009778,-0.034741,-0.011782,0.006823,0.437491,-0.19495,0.059993,0.274285,0.243772,-0.176572,0.953619,-0.532777,0.797166,0.283916,-0.810597,-0.577049,0.099037,0.181603,-0.019621,-0.014146,4.9819,2.846836,0.68307,-1.409375,0.022107,0.052078,-0.039473,-0.177521,0.229971,0.956869,0.400374,-0.871331,0.283691,0.898992,0.433467,0.062605,0.090977,-0.009525,-0.007005,4.977317,2.854139,0.68618,-0.744076,0.107986,0.043381,-0.051583,-0.472419,-0.157093,-0.86726,-0.534452,-0.731378,0.423609,-0.700842,0.663631,0.261558,-0.030023,-0.006093,0.005002,-0.035882,-0.010178,0.005009,0.382081
87,0.184233,0.039704,0.377761,-0.407938,-0.264322,-0.873937,-0.552622,-0.69047,0.466726,-0.726292,0.673679,0.136691,-0.060396,0.003656,0.003986,0.001803,-0.036295,0.051575,0.45034,-0.18799,0.05871,0.274232,0.19743,-0.218015,0.955763,-0.508841,0.810466,0.290102,-0.838074,-0.543327,0.047859,0.170845,-0.035743,0.005894,-0.309076,1.218163,0.009016,-1.40943,0.025524,0.051449,-0.039503,-0.125338,0.262668,0.95671,0.372906,-0.881131,0.290772,0.919364,0.393208,0.012489,0.098461,-0.017405,0.002323,-0.339097,1.21546,0.372385,-0.742933,0.106786,0.043254,-0.051404,-0.467395,-0.155086,-0.870338,-0.538135,-0.731172,0.419281,-0.701392,0.66433,0.258289,-0.030037,-0.003887,0.006182,-0.035552,-0.008443,0.002568,0.404942
88,0.182047,0.0397,0.378073,-0.402223,-0.268498,-0.875312,-0.545769,-0.697303,0.464626,-0.734615,0.664933,0.135027,-0.060018,-0.006102,0.013167,-0.032927,-0.025601,0.032228,0.444905,-0.180776,0.057062,0.274722,0.153038,-0.245415,0.957258,-0.485242,0.825117,0.289234,-0.860989,-0.508453,0.005971,0.186396,-0.054572,0.021242,-0.264052,0.821359,0.146515,-1.409333,0.029126,0.050637,-0.039258,-0.076807,0.281686,0.956427,0.347121,-0.891694,0.290497,0.934669,0.354308,-0.029291,0.09285,-0.020588,0.008114,-0.180903,1.105044,0.187089,-0.749465,0.105692,0.043261,-0.051248,-0.461883,-0.159181,-0.872539,-0.531548,-0.737843,0.415985,-0.710014,0.655933,0.256185,-0.024138,0.001954,0.001886,0.004805,-0.037105,0.053922,0.412616
89,0.18097,0.039744,0.378166,-0.395322,-0.277907,-0.875519,-0.533921,-0.706075,0.465142,-0.746964,0.651682,0.13184,-0.048248,0.003699,0.003581,-0.033674,-0.149272,0.028936,0.436378,-0.177257,0.056146,0.275148,0.133918,-0.252224,0.958353,-0.475764,0.831894,0.285544,-0.869403,-0.493869,-0.009812,0.173218,-0.037538,0.020613,0.282714,0.634767,-0.138947,-1.409404,0.03089,0.05017,-0.039048,-0.056183,0.286456,0.956444,0.337188,-0.89623,0.288228,0.939758,0.338695,-0.046237,0.093536,-0.024776,0.012745,1.387889,0.919027,-0.175386,-0.749138,0.105132,0.043284,-0.051195,-0.455137,-0.168727,-0.874288,-0.519967,-0.746714,0.41479,-0.72283,0.643388,0.252125,-0.024126,0.001789,0.001794,-0.029951,-0.140285,0.029266,0.407881
90,0.178924,0.039827,0.378271,-0.381727,-0.299541,-0.874417,-0.518647,-0.713654,0.470825,-0.764594,0.63361,0.118157,-0.048239,0.002695,0.003036,-0.221519,-0.595708,-0.21088,0.409185,-0.170428,0.054199,0.276441,0.090054,-0.272955,0.957798,-0.448753,0.847358,0.283794,-0.889138,-0.455027,-0.047398,0.175915,-0.052765,0.040993,0.107473,1.010059,0.453875,-1.409193,0.034304,0.049199,-0.038412,-0.010777,0.296567,0.95495,0.307397,-0.907778,0.285386,0.951519,0.296625,-0.081381,0.081384,-0.026732,0.02068,1.332033,0.921239,-0.017073,-0.750444,0.104127,0.043325,-0.051144,-0.442814,-0.188937,-0.87648,-0.504444,-0.755659,0.417747,-0.741249,0.62712,0.239309,-0.024135,0.000577,0.001145,-0.234499,-0.52649,-0.435739,0.381101
91,0.176908,0.039944,0.378391,-0.362102,-0.336297,-0.869386,-0.504383,-0.713655,0.486073,-0.783462,0.614927,0.08988,-0.060266,0.003257,0.003722,-0.366101,-0.942102,-0.464545,0.380919,-0.164301,0.052287,0.278318,0.044479,-0.291022,0.955677,-0.411716,0.8662,0.283057,-0.910203,-0.405692,-0.082503,0.137051,-0.043594,0.053377,4.983688,2.143453,-0.420907,-1.409258,0.037435,0.04822,-0.037462,0.038471,0.309242,0.950204,0.269468,-0.91889,0.288141,0.962239,0.244965,-0.118682,0.068562,-0.02135,0.026877,4.983936,2.107154,-0.485399,-0.752241,0.103123,0.043382,-0.051084,-0.423859,-0.226154,-0.877038,-0.489381,-0.757623,0.431871,-0.762134,0.612258,0.21045,-0.024078,0.001878,0.001833,-0.40254,-1.025132,-0.695777,0.343055
92,0.17483,0.040054,0.378542,-0.330036,-0.388032,-0.860554,-0.484146,-0.713021,0.507125,-0.80997,0.584484,0.048533,-0.048223,0.001623,0.002445,-0.358231,-1.173669,-0.745735,0.372355,-0.159223,0.05052,0.280676,-0.002354,-0.317285,0.948323,-0.368598,0.881762,0.294222,-0.929507,-0.34846,-0.120229,0.125096,-0.048202,0.06799,1.191303,1.265073,0.321921,-1.409346,0.039927,0.047356,-0.036308,0.087823,0.325785,0.941355,0.224193,-0.927226,0.299979,0.970578,0.1847,-0.154471,0.055436,-0.018363,0.030992,4.834822,2.772659,-0.091614,-0.753874,0.102079,0.043442,-0.051006,-0.39243,-0.279163,-0.876393,-0.468027,-0.759642,0.451546,-0.7918,0.587376,0.16745,-0.030133,0.000887,0.001501,-0.129673,-1.631436,-0.723997,0.318398
93,0.173834,0.040078,0.378578,-0.311733,-0.415471,-0.854548,-0.479769,-0.707472,0.518919,-0.819784,0.572264,0.02228,-0.048296,-0.000238,0.001453,-0.532117,-1.318653,-0.631024,0.372111,-0.157028,0.049684,0.282057,-0.029449,-0.335175,0.941691,-0.345194,0.887482,0.305207,-0.937958,-0.315659,-0.143029,0.111741,-0.04284,0.074524,1.099612,1.803147,0.476479,-1.409159,0.04103,0.046933,-0.035623,0.116121,0.337522,0.934127,0.200125,-0.929152,0.310847,0.972864,0.150846,-0.175441,0.049321,-0.022037,0.037119,4.818339,2.576994,-0.244112,-0.75616,0.101582,0.043457,-0.050986,-0.374467,-0.307638,-0.874718,-0.462665,-0.755539,0.46379,-0.803563,0.578376,0.140591,-0.024142,-0.000427,0.000605,-0.617954,-1.535466,-0.751569,0.314479
94,0.171819,0.040075,0.378547,-0.275522,-0.469542,-0.838847,-0.481431,-0.687909,0.543119,-0.831731,0.554069,-0.035471,-0.06045,-0.001487,0.001173,-0.568202,-1.276569,-0.872353,0.364257,-0.153283,0.048129,0.285157,-0.093005,-0.363956,0.926757,-0.283046,0.901986,0.325946,-0.954398,-0.231548,-0.188078,0.085045,-0.037622,0.082105,1.146938,1.694524,0.416451,-1.409296,0.042912,0.046159,-0.034071,0.183831,0.355789,0.916307,0.137332,-0.932347,0.334465,0.973316,0.064353,-0.220256,0.042515,-0.018438,0.041159,4.799541,3.129919,-0.206127,-0.75567,0.100579,0.043453,-0.051003,-0.338251,-0.364119,-0.867757,-0.462468,-0.73876,0.49026,-0.819578,0.567141,0.081493,-0.024197,-0.001295,0.000137,-0.631671,-1.577103,-0.772011,0.307457
95,0.169659,0.04019,0.378465,-0.228948,-0.525467,-0.819459,-0.478317,-0.672464,0.56478,-0.847552,0.521918,-0.096357,-0.048425,-0.002035,0.000479,-0.615096,-1.497514,-0.761697,0.362279,-0.150229,0.046636,0.288745,-0.149518,-0.398135,0.905055,-0.22265,0.905322,0.361597,-0.963107,-0.146953,-0.225152,0.070936,-0.026631,0.093714,1.121381,1.77169,0.227081,-1.409135,0.044446,0.045402,-0.032287,0.24485,0.38029,0.891867,0.07856,-0.924624,0.372689,0.966372,-0.021188,-0.256271,0.036115,-0.019443,0.049724,4.668224,3.180473,-0.501538,-0.755833,0.099494,0.04351,-0.051044,-0.292276,-0.422206,-0.858088,-0.457422,-0.726255,0.513144,-0.839844,0.542489,0.01914,-0.030264,0.00514,-0.003451,-0.433385,-1.169296,-0.570273,0.298313
96,0.168468,0.040244,0.378394,-0.209509,-0.547203,-0.810383,-0.481235,-0.663759,0.572545,-0.850944,0.510617,-0.123257,-0.072768,0.007708,-0.007954,-0.457041,-1.071662,-0.808667,0.368007,-0.149012,0.045981,0.290714,-0.178456,-0.410853,0.894061,-0.185418,0.906337,0.379613,-0.966026,-0.097524,-0.239052,0.058747,-0.036462,0.103449,1.437813,1.10405,0.647491,-1.40903,0.045059,0.045082,-0.031303,0.276342,0.387613,0.879426,0.042691,-0.919106,0.391688,0.96011,-0.070696,-0.270535,0.02931,-0.017222,0.052442,5.691101,1.812389,1.105783,-0.756486,0.098908,0.043536,-0.051076,-0.271915,-0.446208,-0.852619,-0.459903,-0.718017,0.522436,-0.845311,0.53418,-0.009973,-0.030278,-0.001436,0.000248,-0.495837,-1.259789,-0.642024,0.300599
97,0.165977,0.040433,0.378188,-0.18042,-0.580469,-0.794071,-0.49384,-0.644739,0.583444,-0.850422,0.498129,-0.169343,-0.060552,-0.001805,0.000969,-0.328311,-0.918459,-0.231035,0.370577,-0.14683,0.044688,0.294784,-0.239307,-0.437923,0.866572,-0.113815,0.898928,0.422977,-0.963881,0.003131,-0.266058,0.045151,-0.033939,0.106571,1.314238,-7.4e-05,2.792806,-1.408995,0.046171,0.04443,-0.029222,0.339638,0.402237,0.850206,-0.026897,-0.899416,0.436263,0.940171,-0.17104,-0.294658,0.022443,-0.016783,0.053541,1.316446,-0.061767,2.717819,-0.771019,0.097658,0.043628,-0.051185,-0.242492,-0.4823,-0.841774,-0.471312,-0.699833,0.536746,-0.847975,0.526895,-0.05761,-0.03636,0.004277,-0.003724,-0.373324,-0.984635,-0.511884,0.308274
98,0.16311,0.040502,0.378039,-0.15846,-0.602634,-0.782156,-0.504055,-0.6318,0.588838,-0.84883,0.488304,-0.202668,-0.072977,-0.005331,-0.000551,-0.280053,-0.771536,-0.222744,0.392671,-0.144923,0.043521,0.299087,-0.302782,-0.461847,0.833674,-0.03663,0.879645,0.474148,-0.951906,0.113591,-0.284313,0.04435,-0.027042,0.112073,4.610166,3.86525,-0.653478,-1.408868,0.047108,0.043855,-0.027114,0.401648,0.41715,0.815268,-0.093173,-0.866998,0.489521,0.911041,-0.272577,-0.309361,0.02211,-0.013586,0.056001,1.08095,1.29657,0.432593,-0.784572,0.096229,0.043671,-0.051255,-0.220908,-0.505042,-0.834344,-0.480514,-0.688084,0.543733,-0.848708,0.521029,-0.090677,-0.042516,-0.002394,0.000102,-0.271917,-0.661731,-0.42385,0.32052
99,0.161523,0.040436,0.378013,-0.14775,-0.608238,-0.779912,-0.503805,-0.632311,0.588502,-0.85092,0.480629,-0.212035,-0.08517,-0.005439,-0.000244,-0.235536,-0.344583,-0.006052,0.408813,-0.144099,0.04306,0.301212,-0.325046,-0.469825,0.820731,-0.008555,0.869199,0.494322,-0.945182,0.154231,-0.287588,0.042964,-0.016312,0.103742,1.071203,1.155673,0.503757,-1.40891,0.04752,0.043629,-0.026041,0.427917,0.419569,0.800529,-0.121942,-0.85082,0.51111,0.895553,-0.316331,-0.312918,0.022064,-0.013733,0.055338,4.176528,3.392809,-0.642698,-0.787185,0.09544,0.043638,-0.051269,-0.209418,-0.512214,-0.832934,-0.480474,-0.687993,0.543883,-0.851638,0.514102,-0.102028,-0.04259,-0.002798,-0.000121,-0.522561,-0.649069,0.730528,0.339952
100,0.158312,0.040141,0.378023,-0.130047,-0.612824,-0.779474,-0.507609,-0.634172,0.583208,-0.85157,0.472273,-0.22763,-0.085483,-0.006563,-0.000888,-0.099883,-0.30631,0.013406,0.432779,-0.142625,0.042098,0.305181,-0.370979,-0.481915,0.793803,0.050143,0.843069,0.535402,-0.92675,0.239013,-0.289602,0.04336,-0.022231,0.097635,1.039418,1.241248,0.715191,-1.408649,0.048256,0.04316,-0.024045,0.473021,0.422757,0.772999,-0.174687,-0.814939,0.552591,0.863559,-0.39642,-0.311634,0.015763,-0.017574,0.052229,4.144381,3.581856,-0.5049,-0.795839,0.093835,0.043489,-0.051265,-0.192228,-0.516295,-0.834557,-0.484558,-0.689582,0.538217,-0.853376,0.507852,-0.117619,-0.042791,-0.008923,0.003791,-0.199749,-0.385634,-0.011956,0.376692
101,0.154871,0.039649,0.378052,-0.119042,-0.610117,-0.783347,-0.507466,-0.640747,0.576102,-0.853276,0.466859,-0.232359,-0.086304,-0.021528,0.005454,-0.023054,-0.055832,0.075709,0.462471,-0.14127,0.041075,0.309005,-0.424795,-0.485745,0.763932,0.090645,0.816695,0.569849,-0.900136,0.311906,-0.303866,0.030566,-0.027159,0.09413,0.891489,1.471447,0.774745,-1.408515,0.048927,0.042656,-0.022165,0.523341,0.41852,0.742263,-0.206422,-0.782864,0.586952,0.826742,-0.460396,-0.323313,0.015249,-0.013869,0.046848,-0.226882,0.345297,1.039876,-0.810699,0.092147,0.043257,-0.05125,-0.181401,-0.513589,-0.838641,-0.485058,-0.695107,0.530607,-0.855459,0.503042,-0.123028,-0.04317,-0.011042,0.00263,0.085515,-0.127697,0.105956,0.410493
102,0.151657,0.038909,0.378099,-0.094301,-0.610343,-0.786533,-0.490766,-0.658895,0.570069,-0.86607,0.440519,-0.236419,-0.086975,-0.0237,0.004202,-0.023059,-0.055201,0.076054,0.503054,-0.140232,0.040381,0.312038,-0.470409,-0.487022,0.735878,0.121158,0.790259,0.60062,-0.873428,0.372285,-0.313671,0.028687,-0.013899,0.070789,0.043155,0.836935,0.851335,-1.408032,0.049456,0.042307,-0.020599,0.570114,0.409716,0.71211,-0.234544,-0.749533,0.619022,0.787374,-0.519935,-0.331223,0.014282,-0.006849,0.035482,1.067056,0.963021,0.293685,-0.813312,0.090475,0.042872,-0.051227,-0.156795,-0.513765,-0.84348,-0.469189,-0.712768,0.521366,-0.869066,0.4775,-0.129295,-0.043501,-0.012013,0.002068,-0.023501,-0.05117,0.072971,0.460787
103,0.150112,0.038481,0.378109,-0.080339,-0.610635,-0.787856,-0.479584,-0.669235,0.567534,-0.873724,0.424195,-0.238101,-0.074962,-0.014285,-0.00561,0.003102,-0.076076,0.120553,0.517574,-0.139762,0.040093,0.313283,-0.492822,-0.485111,0.722347,0.136211,0.776808,0.614775,-0.85871,0.401954,-0.317666,0.014971,-0.010511,0.057862,0.126159,0.687378,0.684845,-1.407556,0.049695,0.042167,-0.019968,0.592191,0.403878,0.697274,-0.246028,-0.733378,0.63374,0.767319,-0.546844,-0.334935,0.014737,-0.011137,0.031766,0.959427,1.561596,0.634276,-0.813965,0.089759,0.042672,-0.051221,-0.143247,-0.514258,-0.845587,-0.458356,-0.722771,0.517213,-0.877148,0.46167,-0.132179,-0.0315,-0.012968,0.001168,-0.029058,-0.074936,0.130099,0.486587
104,0.147807,0.037671,0.378161,-0.055311,-0.612141,-0.788841,-0.461445,-0.684951,0.56381,-0.885387,0.39595,-0.243599,-0.050631,-0.022058,0.003914,4.322777,-3.129367,1.356824,0.519172,-0.139059,0.039526,0.31506,-0.529576,-0.48059,0.698981,0.152594,0.756487,0.635905,-0.833686,0.444001,-0.328168,0.015556,-0.017541,0.034817,-0.054952,0.155573,0.497125,-1.407743,0.05004,0.041898,-0.019073,0.627806,0.392489,0.672168,-0.257508,-0.710202,0.655211,0.734539,-0.584435,-0.3448,0.007051,-0.003201,0.013584,1.040497,1.074292,0.27661,-0.815108,0.088568,0.04225,-0.051203,-0.121627,-0.515668,-0.84811,-0.444926,-0.735477,0.510991,-0.887269,0.439497,-0.13998,-0.025346,-0.011319,0.001848,-0.024724,-0.074833,0.169288,0.511244
105,0.146078,0.037053,0.37842,-0.031587,-0.613286,-0.789258,-0.442996,-0.69927,0.561024,-0.89594,0.368119,-0.248609,-0.03736,-0.01279,0.008629,-0.031839,-0.043976,0.066552,0.506567,-0.138659,0.039187,0.315616,-0.558402,-0.474659,0.68035,0.165248,0.739928,0.652022,-0.812169,0.47709,-0.335604,0.012971,0.001453,-0.000181,-0.031799,0.326507,0.915886,-1.407533,0.050246,0.041718,-0.018773,0.65282,0.381503,0.654431,-0.268118,-0.691627,0.670644,0.708475,-0.613275,-0.349221,0.00084,-0.006912,0.002704,0.313247,0.199414,0.203121,-0.812822,0.087698,0.041929,-0.05108,-0.094408,-0.517545,-0.850431,-0.423037,-0.752428,0.504865,-0.901179,0.407428,-0.147906,-0.02476,-0.005892,0.004806,-0.017055,0.002282,0.022615,0.505855
106,0.145356,0.036899,0.378576,-0.021719,-0.614926,-0.788315,-0.435975,-0.703759,0.560912,-0.899682,0.35663,-0.251823,-0.024739,-0.00996,0.009834,-0.108247,-0.143066,-0.176893,0.505424,-0.138443,0.039106,0.315551,-0.56754,-0.476061,0.671755,0.165894,0.732916,0.659732,-0.805672,0.486439,-0.337836,0.013661,-0.004636,-0.00529,-0.114868,0.228157,0.679585,-1.40766,0.050354,0.041676,-0.018806,0.662487,0.381256,0.64479,-0.266689,-0.684335,0.678647,0.699991,-0.621553,-0.351686,0.006146,0.003027,-0.00664,-0.143975,0.282738,1.021653,-0.813475,0.087346,0.041854,-0.051006,-0.085072,-0.518745,-0.850685,-0.415893,-0.757359,0.503426,-0.905425,0.396621,-0.151313,-0.018304,0.001067,0.001147,-0.136637,-0.391302,-0.103375,0.501283
