frame,MLTx,MLTy,MLTz,MLTR1,MLTR2,MLTR3,MLTR4,MLTR5,MLTR6,MLTR7,MLTR8,MLTR9,MLTTVx,MLTTVy,MLTTVz,MLTRVx,MLTRVy,MLTRVz,MLGA,MRTx,MRTy,MRTz,MRTR1,MRTR2,MRTR3,MRTR4,MRTR5,MRTR6,MRTR7,MRTR8,MRTR9,MRTTVx,MRTTVy,MRTTVz,MRTRVx,MRTRVy,MRTRVz,MRGA,SLTx,SLTy,SLTz,SLTR1,SLTR2,SLTR3,SLTR4,SLTR5,SLTR6,SLTR7,SLTR8,SLTR9,SLTTVx,SLTTVy,SLTTVz,SLTRVx,SLTRVy,SLTRVz,SLGA,SRTx,SRTy,SRTz,SRTR1,SRTR2,SRTR3,SRTR4,SRTR5,SRTR6,SRTR7,SRTR8,SRTR9,SRTTVx,SRTTVy,SRTTVz,SRTRVx,SRTRVy,SRTRVz,SRGA
632,0.139067,-0.063769,0.309316,-0.837464,-0.280444,-0.469096,0.244438,-0.959874,0.137349,-0.487749,0.000702,0.872999,-0.016161,0.001115,0.001045,-0.000971,0.014743,-0.029539,-0.060297,-0.163939,-0.057541,0.305927,-0.260728,0.655339,0.708903,-0.485251,-0.723669,0.490681,0.834886,-0.216871,0.505762,0.0,1e-06,2e-06,0.0,0.0,-0.0,-0.717084,0.044705,0.025356,-0.004266,0.254171,-0.657281,0.709492,0.523613,0.710291,0.470441,-0.813158,0.251927,0.524696,1e-06,-3e-06,-3e-06,-0.000187,-0.000536,0.000698,-0.914388,0.072013,0.018658,-0.050722,0.80926,0.368603,-0.457414,-0.351188,0.927748,0.126291,0.470917,0.058436,0.880239,-7e-06,-3.2e-05,-3.8e-05,-0.001191,-0.002267,-0.00088,-0.244628
633,0.138995,-0.063751,0.309322,-0.84089,-0.279672,-0.463393,0.243882,-0.960097,0.136777,-0.482108,0.002342,0.876124,-0.01615,0.001174,0.001124,0.164144,0.370067,0.142938,-0.150415,-0.163939,-0.057541,0.305927,-0.260728,0.655339,0.708903,-0.485251,-0.723669,0.490681,0.834886,-0.216871,0.505762,0.0,0.0,0.0,0.0,0.0,0.0,-0.710065,0.044705,0.025356,-0.004266,0.254172,-0.657286,0.709486,0.523612,0.710288,0.470446,-0.813158,0.251922,0.524698,-0.0,-1e-06,-3e-06,-3e-06,-1.6e-05,9e-06,-0.909653,0.071971,0.018668,-0.050718,0.811859,0.368811,-0.452616,-0.350964,0.927806,0.126491,0.466591,0.05616,0.882687,-0.008077,0.000585,0.000561,0.258379,0.519197,0.176111,-0.30276
634,0.138971,-0.063749,0.309323,-0.844727,-0.280609,-0.455785,0.243824,-0.959805,0.138909,-0.475393,0.006551,0.879765,0.0,0.0,0.0,0.04901,0.105234,0.051078,-0.297764,-0.163939,-0.057541,0.305927,-0.260728,0.655339,0.708903,-0.485251,-0.723669,0.490681,0.834886,-0.216871,0.505762,0.0,0.0,0.0,0.0,0.0,0.0,-0.65774,0.044705,0.025356,-0.004266,0.254172,-0.657286,0.709486,0.523612,0.710288,0.470446,-0.813158,0.251922,0.524698,-0.0,-1e-06,-3e-06,-7e-06,8e-06,-5e-06,-0.888262,0.071959,0.018669,-0.050718,0.816353,0.369731,-0.443695,-0.350761,0.927716,0.127701,0.458839,0.051382,0.887031,-2e-06,-1e-06,2e-06,0.043481,0.096415,0.057949,-0.38914
635,0.138972,-0.063728,0.309317,-0.851808,-0.281439,-0.441883,0.243882,-0.959505,0.140871,-0.462576,0.012571,0.886506,5.6e-05,0.000333,0.000452,0.114907,0.34699,-0.052558,-0.515517,-0.163952,-0.057533,0.305921,-0.260721,0.655443,0.708809,-0.485312,-0.72358,0.490752,0.834852,-0.216855,0.505825,-0.000942,0.010563,-0.008876,0.036431,-0.008907,0.019096,-0.526078,0.044699,0.025355,-0.004266,0.254161,-0.657379,0.709404,0.523647,0.710214,0.47052,-0.813139,0.251889,0.524743,-1e-06,0.0,-4e-06,-6e-06,1.6e-05,-1.2e-05,-0.79388,0.071959,0.018679,-0.050722,0.822894,0.371558,-0.429869,-0.350906,0.927366,0.129834,0.446887,0.044004,0.893507,3e-05,0.000186,0.000253,0.124761,0.353234,-0.045847,-0.53251
636,0.138984,-0.063729,0.309316,-0.855485,-0.282903,-0.43377,0.244395,-0.959008,0.14334,-0.455476,0.016959,0.890102,1e-06,4e-06,6e-06,0.010644,0.176688,0.033421,-0.6293,-0.163952,-0.057531,0.305907,-0.260721,0.655439,0.708813,-0.485333,-0.723578,0.490735,0.83484,-0.216876,0.505835,-0.000943,0.010471,-0.008998,0.036431,-0.008908,0.019096,-0.430774,0.044699,0.025357,-0.004273,0.254161,-0.657374,0.709408,0.523666,0.710211,0.470503,-0.813126,0.25191,0.524753,-0.0,-6.6e-05,-8.8e-05,-0.0,-9e-06,5e-06,-0.720726,0.071965,0.018679,-0.050721,0.826464,0.373081,-0.421624,-0.3512,0.926973,0.131827,0.440016,0.039124,0.897136,-0.0,-3e-06,-7e-06,-0.586479,0.657518,-0.310655,-0.611216
637,0.139046,-0.063723,0.309326,-0.861419,-0.282767,-0.421955,0.245559,-0.959022,0.141242,-0.44353,0.018399,0.896086,9e-06,5.6e-05,7.6e-05,0.075969,0.262399,-0.094072,-0.839362,-0.163942,-0.057514,0.305893,-0.256089,0.65621,0.709787,-0.48307,-0.722796,0.494108,0.837577,-0.217152,0.501172,-0.0,-0.0,-0.0,-0.050218,0.060076,0.034818,-0.237773,0.044704,0.025369,-0.004284,0.249292,-0.657999,0.710555,0.521298,0.709525,0.474152,-0.816149,0.252209,0.519893,1e-06,3e-06,3e-06,-0.037778,0.050977,0.030576,-0.533268,0.071997,0.018682,-0.050716,0.832099,0.373775,-0.409757,-0.352281,0.926814,0.130045,0.428377,0.036139,0.902876,0.008079,-0.000561,-0.000527,0.095602,0.177604,0.129725,-0.776629
638,0.139117,-0.063739,0.309307,-0.865877,-0.282564,-0.412867,0.246116,-0.95905,0.140078,-0.434464,0.020021,0.900482,-9.3e-05,-0.000556,-0.000753,0.176113,0.367605,0.178282,-1.044684,-0.163945,-0.057488,0.30586,-0.246836,0.65714,0.712201,-0.478264,-0.721716,0.500324,0.843084,-0.217934,0.491505,-0.0,-7e-06,-9e-06,-0.091095,0.109206,0.063293,-0.084287,0.044703,0.025382,-0.0043,0.239959,-0.658578,0.713227,0.516538,0.708675,0.48059,-0.821953,0.253087,0.510234,0.0,2e-06,3e-06,-0.078625,0.102045,0.060395,-0.3592,0.072032,0.018675,-0.050724,0.835314,0.374848,-0.402166,-0.353121,0.926486,0.130106,0.421372,0.033334,0.906274,0.008001,-0.001023,-0.001155,0.216289,0.542877,0.091617,-0.924407
639,0.139166,-0.063735,0.309296,-0.866275,-0.283871,-0.411133,0.246406,-0.958609,0.142565,-0.433508,0.022541,0.900883,0.016149,-0.001176,-0.00113,0.00356,-0.009341,0.032159,-1.129401,-0.163971,-0.057466,0.305841,-0.239894,0.657283,0.714437,-0.47442,-0.721346,0.504499,0.847241,-0.218729,0.483946,-0.0,-0.0,-0.0,-0.348938,0.496456,0.058518,-0.020653,0.04469,0.025393,-0.00431,0.235145,-0.658269,0.715114,0.513876,0.708703,0.483394,-0.825007,0.253812,0.504916,0.0,3e-06,4e-06,-0.017006,0.110805,-0.162787,-0.286373,0.07205,0.018676,-0.050731,0.836718,0.375368,-0.398748,-0.352977,0.926362,0.131372,0.418699,0.030827,0.907601,1e-06,1e-06,-0.0,-0.011111,-0.02397,-0.001128,-0.933715
640,0.139203,-0.063724,0.309294,-0.8697,-0.278328,-0.407677,0.240041,-0.960116,0.143276,-0.430213,0.027087,0.902336,1.1e-05,6.6e-05,8.9e-05,0.0003,0.000626,0.000304,-1.276242,-0.164008,-0.057446,0.305836,-0.252677,0.650434,0.716297,-0.448544,-0.734615,0.509002,0.857576,-0.193482,0.476437,0.0,1.1e-05,1.5e-05,-0.565844,-0.606318,0.504262,0.081903,0.044671,0.025403,-0.004312,0.245849,-0.651546,0.717667,0.487894,0.722941,0.489197,-0.837566,0.229877,0.49562,-3.4e-05,-1e-05,-5.3e-05,-1.677174,-2.219532,1.338513,-0.153128,0.072075,0.018681,-0.050732,0.84058,0.370269,-0.395378,-0.346807,0.928562,0.132275,0.41611,0.025933,0.908943,6e-06,4e-05,5.4e-05,-0.002513,-0.010753,-0.001777,-0.935674
641,0.139206,-0.063708,0.309315,-0.871445,-0.27807,-0.404112,0.239489,-0.960132,0.144092,-0.426984,0.029127,0.903804,2.2e-05,0.000133,0.00018,5.9e-05,0.000123,6e-05,-1.369378,-0.16402,-0.057431,0.305857,-0.270279,0.643323,0.716293,-0.424478,-0.747303,0.511166,0.864455,-0.166689,0.474125,5e-06,0.000874,0.001149,-0.000632,0.000493,0.000472,0.1425,0.044665,0.025409,-0.004304,0.264241,-0.645664,0.716445,0.464203,0.736287,0.492337,-0.845394,0.202481,0.494276,-2e-06,0.000572,0.000765,-0.00105,0.087319,-0.188178,-0.042743,0.072076,0.018689,-0.050721,0.842239,0.37026,-0.39184,-0.346309,0.928628,0.133112,0.413161,0.023585,0.910352,1e-05,5.7e-05,7.9e-05,-0.001343,-0.004581,-0.001901,-0.940899
642,0.139197,-0.063695,0.309351,-0.875212,-0.27375,-0.398885,0.233393,-0.961133,0.147382,-0.422638,0.036227,0.905589,7.1e-05,0.000423,0.000572,4.6e-05,0.001349,0.000246,-1.469081,-0.164068,-0.057449,0.305838,-0.303304,0.637107,0.708586,-0.388802,-0.76155,0.518468,0.870306,-0.119036,0.477768,-5e-06,-0.000769,-0.001012,-0.076297,-0.073692,0.004156,0.18065,0.044641,0.025403,-0.004309,0.297208,-0.640407,0.708198,0.429363,0.752131,0.499945,-0.852827,0.155486,0.498506,-4.5e-05,-0.000638,-0.000806,-0.721749,-1.741031,1.812351,0.021103,0.072072,0.018696,-0.050704,0.846404,0.366434,-0.386426,-0.340436,0.930305,0.136505,0.409515,0.016016,0.912162,4.4e-05,0.000256,0.000346,-0.001526,-0.013176,-0.000132,-0.951513
643,0.139212,-0.063675,0.309378,-0.87853,-0.268332,-0.395257,0.227215,-0.96248,0.148246,-0.419113,0.040758,0.907034,0.000122,0.000726,0.000982,-0.043834,0.06317,-0.019548,-1.508431,-0.164163,-0.05747,0.305822,-0.322913,0.628968,0.70719,-0.365609,-0.772023,0.51985,0.873324,-0.091468,0.478333,-4e-06,-0.000579,-0.000761,-0.36494,-0.167668,-0.414424,0.19372,0.044593,0.025391,-0.004319,0.316973,-0.633627,0.705722,0.406927,0.76298,0.502265,-0.856701,0.127973,0.499684,-0.007968,-0.000774,-0.000128,-1.198887,-0.760803,-1.015936,0.04723,0.07208,0.018706,-0.050691,0.850307,0.361404,-0.382573,-0.334504,0.932341,0.137281,0.406304,0.011241,0.913668,7.4e-05,0.000447,0.000604,-0.201749,0.143544,-0.10106,-0.961147
644,0.139282,-0.063627,0.309444,-0.883345,-0.25745,-0.391748,0.215135,-0.965132,0.149028,-0.415356,0.047678,0.908423,0.000135,0.000807,0.001092,-2.1573,0.839736,5.028247,-1.561927,-0.164588,-0.057479,0.305704,-0.348313,0.623965,0.699525,-0.338628,-0.779528,0.526878,0.874473,-0.054135,0.481902,-0.015953,-0.002853,-0.001996,-0.017368,0.094071,-0.187188,0.194342,0.044393,0.025391,-0.004374,0.342699,-0.629498,0.697344,0.380021,0.771741,0.5099,-0.85915,0.090263,0.503698,-0.008448,0.00404,-0.005173,-0.011128,-0.049944,0.024207,0.070254,0.072114,0.01873,-0.050656,0.854118,0.356165,-0.378982,-0.328335,0.9344,0.138171,0.403333,0.006419,0.91503,0.008151,-0.000109,7.9e-05,-0.006192,-0.024794,0.03473,-0.968332
645,0.139459,-0.0636,0.309503,-0.886539,-0.251575,-0.388334,0.208588,-0.966453,0.14977,-0.411882,0.052081,0.909763,0.000155,0.000931,0.001259,0.010179,0.022505,0.011928,-1.605528,-0.165314,-0.057396,0.305395,-0.356848,0.622561,0.696468,-0.330483,-0.781382,0.529299,0.874159,-0.042065,0.483674,-0.016905,0.006047,-0.013086,-0.301492,-0.335586,-0.100298,0.182466,0.044018,0.025431,-0.004529,0.351051,-0.628312,0.694252,0.372078,0.773995,0.512336,-0.859255,0.07846,0.505493,-0.008452,0.002965,-0.006601,-0.303508,-0.336757,-0.103821,0.063559,0.072203,0.018744,-0.050627,0.859991,0.345663,-0.375409,-0.316451,0.938358,0.139077,0.400342,-0.000807,0.916365,7.4e-05,0.000459,0.00062,-0.006733,-0.006471,0.007687,-0.973394
646,0.139584,-0.063583,0.309529,-0.886958,-0.252345,-0.386876,0.208473,-0.966118,0.152076,-0.41104,0.054539,0.91,0.000207,0.001245,0.001682,0.000156,0.000326,0.000158,-1.620262,-0.165877,-0.057355,0.305203,-0.364877,0.62015,0.694456,-0.322116,-0.78381,0.530864,0.873977,-0.030766,0.484851,-0.03285,0.00521,-0.012474,0.032094,0.021153,-0.039652,0.181018,0.043736,0.02545,-0.004627,0.359215,-0.626177,0.692001,0.363726,0.776793,0.514095,-0.859457,0.067028,0.506793,-0.016426,0.002504,-0.006345,0.034111,0.024635,-0.042868,0.059313,0.072266,0.018752,-0.050615,0.860204,0.346505,-0.374141,-0.316298,0.938041,0.141538,0.400003,-0.003411,0.916506,0.000104,0.000639,0.00086,-0.001506,-0.007374,-0.001172,-0.976007
647,0.139916,-0.063583,0.309555,-0.893199,-0.240794,-0.379817,0.19568,-0.968532,0.153711,-0.403766,0.063265,0.912687,0.016238,-0.000567,-0.000327,-2.099841,0.936757,4.900736,-1.636581,-0.167246,-0.057271,0.304775,-0.385098,0.607174,0.695004,-0.300144,-0.794453,0.527913,0.873148,-0.006058,0.487277,-0.04881,0.00425,-0.012112,0.359503,-0.375255,-0.340506,0.163815,0.043052,0.025491,-0.004843,0.377989,-0.614678,0.69231,0.341255,0.78764,0.512998,-0.86062,0.042347,0.507482,-0.024404,0.002137,-0.006009,0.361009,-0.374228,-0.340563,0.045434,0.072432,0.018753,-0.0506,0.867058,0.337264,-0.36669,-0.305576,0.941331,0.143241,0.393487,-0.012146,0.919249,0.008187,-0.00038,-0.000149,-2.115038,0.911257,4.898229,-0.986131
648,0.140384,-0.063568,0.309587,-0.898038,-0.230109,-0.374997,0.183173,-0.970493,0.156723,-0.398878,0.072334,0.914162,0.01642,0.000567,0.001193,-0.011805,0.000728,0.074564,-1.651084,-0.168673,-0.057031,0.304281,-0.397671,0.597642,0.696185,-0.28731,-0.801622,0.524203,0.871844,0.007697,0.489583,-0.033742,0.016566,-0.020461,0.085372,0.066928,-0.218035,0.151554,0.042351,0.025603,-0.005084,0.393077,-0.6049,0.692521,0.32963,0.795787,0.508001,-0.85839,0.028593,0.512199,-0.016427,0.002723,-0.006124,0.041159,0.013484,-0.078899,0.027308,0.072659,0.018757,-0.050588,0.873536,0.3257,-0.361736,-0.291769,0.945207,0.146469,0.389621,-0.022402,0.920702,0.008232,0.000442,0.000799,-0.061191,-0.021169,0.195656,-0.982212
649,0.140619,-0.063553,0.309613,-0.900992,-0.223962,-0.371619,0.17652,-0.971609,0.157443,-0.395208,0.076529,0.915413,0.016399,0.000464,0.001046,0.01751,-0.081329,0.218185,-1.656775,-0.169436,-0.05687,0.304042,-0.410202,0.588554,0.696656,-0.274144,-0.808037,0.521396,0.870291,0.022162,0.4919,-0.033708,0.017611,-0.019118,-3.768102,-2.886846,-2.749177,0.149136,0.041957,0.025689,-0.005213,0.404911,-0.596817,0.692716,0.318023,0.802223,0.50527,-0.857267,0.01571,0.514631,-0.016736,0.008865,-0.00961,-3.804335,-2.851359,-2.725697,0.021267,0.072777,0.018766,-0.050574,0.877126,0.320005,-0.358114,-0.28538,0.947031,0.147272,0.386273,-0.026977,0.921989,0.000158,0.000993,0.00133,-0.00475,-0.007893,0.009463,-0.981395
650,0.141167,-0.063491,0.30971,-0.908418,-0.207281,-0.36312,0.157716,-0.974191,0.161398,-0.386073,0.089598,0.918121,0.016541,0.001393,0.002281,0.138504,0.378194,-0.000775,-1.662089,-0.171098,-0.056468,0.30354,-0.427492,0.579591,0.693769,-0.257686,-0.813624,0.521103,0.867012,0.043273,0.496267,-0.033689,0.017266,-0.019662,-0.393534,-0.716207,0.371522,0.141439,0.041157,0.025883,-0.00545,0.4216,-0.586763,0.691348,0.301001,0.809747,0.503693,-0.855365,-0.004261,0.518006,-0.016723,0.008833,-0.00968,-3.794984,-2.83931,-2.744383,0.011143,0.073051,0.018796,-0.050526,0.885521,0.304735,-0.350697,-0.267148,0.951547,0.152282,0.380111,-0.04116,0.924024,0.008305,0.000928,0.001443,0.265036,0.459868,0.248766,-0.983028
651,0.141668,-0.063411,0.309811,-0.914371,-0.191779,-0.35664,0.139571,-0.976036,0.166865,-0.378957,0.103032,0.919675,0.016642,0.002089,0.003201,0.074407,0.130756,0.130853,-1.661946,-0.172767,-0.056005,0.302928,-0.434777,0.574661,0.693343,-0.249496,-0.816558,0.520498,0.865792,0.052599,0.497493,-0.048777,0.005274,-0.011171,0.03031,0.035968,-0.069027,0.13118,0.040291,0.026125,-0.005765,0.430684,-0.58331,0.688665,0.292076,0.812083,0.505185,-0.853933,-0.016433,0.520122,-0.024387,0.00255,-0.00567,0.031637,0.038348,-0.069695,-0.000941,0.073301,0.018835,-0.050477,0.893445,0.289768,-0.343204,-0.249363,0.955503,0.15758,0.373595,-0.055207,0.925947,0.00827,0.000745,0.001186,0.114722,0.206303,0.124185,-0.981559
652,0.142148,-0.063301,0.309934,-0.921062,-0.170818,-0.350016,0.115837,-0.978178,0.172403,-0.370682,0.118455,0.92119,0.000633,0.004004,0.005379,0.002901,-0.003149,0.0302,-1.661099,-0.174543,-0.055495,0.302107,-0.445264,0.5666,0.693322,-0.236514,-0.821149,0.519336,0.864117,0.066556,0.498734,-0.049696,0.013544,-0.023257,0.064968,0.039562,-0.075848,0.120238,0.039422,0.026377,-0.006164,0.441447,-0.575695,0.688257,0.279236,0.817096,0.50436,-0.852731,-0.030462,0.52146,-0.016874,0.007012,-0.012044,0.068425,0.025674,-0.046719,-0.012045,0.073547,0.01889,-0.050415,0.902572,0.269282,-0.335932,-0.225803,0.960408,0.16318,0.366573,-0.071427,0.927643,0.000318,0.002035,0.002723,-0.003992,-0.03368,0.029719,-0.982212
653,0.14239,-0.063199,0.30999,-0.925978,-0.158554,-0.34274,0.103177,-0.97929,0.17412,-0.362098,0.126059,0.923592,0.016812,0.003295,0.004791,0.241781,0.497651,0.306048,-1.662329,-0.175451,-0.055269,0.30165,-0.452543,0.561901,0.692433,-0.227805,-0.823485,0.51953,0.862682,0.076671,0.499764,-0.049728,0.012828,-0.02429,0.064962,0.039424,-0.075922,0.109785,0.038968,0.02649,-0.006393,0.448872,-0.571288,0.687126,0.270628,0.819743,0.504758,-0.85163,-0.040616,0.522566,-0.024451,0.00097,-0.007872,0.030241,0.051388,-0.095777,-0.020699,0.073662,0.01894,-0.050388,0.907567,0.25907,-0.330458,-0.214116,0.962507,0.166532,0.361212,-0.080383,0.929012,0.000313,0.002033,0.002719,-0.010599,0.01152,0.008981,-0.983028
654,0.142842,-0.062971,0.310132,-0.936312,-0.125724,-0.32796,0.067972,-0.980962,0.181835,-0.343413,0.148112,0.927447,0.016747,0.002993,0.004363,-0.550145,0.603973,-0.183372,-1.663609,-0.177344,-0.054824,0.300414,-0.461592,0.550925,0.695274,-0.213868,-0.82967,0.515597,0.861464,0.088614,0.499889,-0.050854,0.017116,-0.041779,0.099627,0.042753,-0.082879,0.098358,0.038022,0.026717,-0.006996,0.458372,-0.560628,0.689631,0.256817,0.826396,0.501113,-0.850846,-0.052587,0.522776,-0.025026,0.002941,-0.016842,0.064301,0.053654,-0.100901,-0.04307,0.073888,0.019055,-0.050316,0.921815,0.225587,-0.315225,-0.178646,0.968941,0.170993,0.344008,-0.10131,0.933485,0.008402,0.001723,0.002469,0.07973,0.258723,0.289017,-0.980905
655,0.143295,-0.062791,0.310364,-0.945638,-0.094452,-0.311277,0.037974,-0.982444,0.182574,-0.321881,0.160939,0.933015,0.01693,0.004286,0.006066,-0.244137,0.948593,1.708008,-1.666403,-0.179225,-0.054397,0.298762,-0.460618,0.547664,0.698489,-0.214835,-0.832244,0.511029,0.861744,0.084648,0.500095,-0.034313,0.004595,-0.037227,0.065229,0.037427,-0.07222,0.091617,0.037093,0.026929,-0.007815,0.457585,-0.557374,0.692783,0.257811,0.828837,0.496549,-0.850969,-0.048606,0.522961,-0.025525,0.00689,-0.023232,0.098455,0.056643,-0.107788,-0.055153,0.074109,0.019143,-0.050203,0.932659,0.202997,-0.298226,-0.155416,0.972106,0.175652,0.325564,-0.117474,0.938193,0.000362,0.0024,0.00319,0.034648,0.081755,0.060546,-0.978456
656,0.143894,-0.062638,0.310613,-0.950364,-0.075802,-0.301841,0.020715,-0.983157,0.181505,-0.309335,0.166331,0.936308,0.016848,0.003895,0.005511,0.031242,0.150247,-0.111327,-1.666706,-0.181,-0.05408,0.297097,-0.464136,0.540697,0.701581,-0.205278,-0.83607,0.508706,0.86219,0.091417,0.49813,-0.050514,0.001946,-0.039688,0.02975,0.043868,-0.14886,0.091726,0.036194,0.02709,-0.008661,0.461335,-0.55055,0.695746,0.248393,0.832969,0.494431,-0.851744,-0.05528,0.521031,-0.025603,0.006458,-0.023986,-0.001252,-0.025773,-0.186343,-0.060215,0.074414,0.019223,-0.050074,0.941415,0.178007,-0.286442,-0.131767,0.975986,0.173454,0.31044,-0.125548,0.942264,0.008487,0.002412,0.003361,0.014628,0.01191,0.094082,-0.972088
657,0.144236,-0.062569,0.310745,-0.953731,-0.063308,-0.293998,0.008561,-0.98293,0.183705,-0.299424,0.17276,0.938364,0.016857,0.004022,0.005664,-1.701923,1.37121,5.244813,-1.667823,-0.181865,-0.054001,0.296315,-0.46154,0.540392,0.703526,-0.204707,-0.83643,0.508345,0.863716,0.089933,0.495752,-0.034615,0.002095,-0.041048,-0.102208,0.274416,0.03754,0.090084,0.035755,0.027128,-0.009054,0.459704,-0.549589,0.697584,0.248028,0.833701,0.493379,-0.852733,-0.053788,0.519569,-0.025268,0.000911,-0.019973,-0.228941,0.408295,0.107579,-0.061522,0.074592,0.019259,-0.050005,0.945494,0.168157,-0.278861,-0.12176,0.976796,0.176188,0.302018,-0.13263,0.94403,0.008563,0.001989,0.002943,-1.708641,1.408336,5.237267,-0.971925
658,0.14502,-0.062423,0.311073,-0.958802,-0.048631,-0.279963,-0.004459,-0.982571,0.185758,-0.282926,0.179407,0.942228,0.016963,0.004907,0.006799,0.063299,0.217183,-0.078988,-1.670592,-0.183424,-0.053908,0.294656,-0.458639,0.539068,0.706433,-0.204708,-0.837598,0.506418,0.865257,0.08698,0.493587,-0.034675,0.002962,-0.040175,0.045285,0.064065,-0.05598,0.086795,0.034988,0.027169,-0.009874,0.455865,-0.548772,0.70074,0.247648,0.83442,0.492354,-0.854902,-0.05091,0.516285,-0.017326,0.001271,-0.020338,0.073208,-0.030234,0.086948,-0.065767,0.074971,0.019328,-0.049848,0.952343,0.1522,-0.26434,-0.106861,0.978171,0.178213,0.285695,-0.141473,0.94782,0.008533,-0.002187,0.008686,0.048268,0.149174,0.133431,-0.978946
659,0.145844,-0.06222,0.311406,-0.964277,-0.03,-0.263277,-0.0193,-0.983003,0.182498,-0.263078,0.181091,0.947641,0.017104,0.006083,0.008306,0.256641,0.502408,0.312395,-1.673594,-0.184617,-0.05387,0.293302,-0.461284,0.534545,0.708146,-0.200497,-0.8402,0.503784,0.864839,0.089742,0.493824,-0.033862,-0.005137,-0.028071,0.028793,0.047669,-0.090607,0.086863,0.034365,0.027187,-0.010585,0.458893,-0.544135,0.702376,0.24368,0.837292,0.489449,-0.854421,-0.05345,0.516822,-0.016902,-0.002478,-0.013885,0.029826,0.046859,-0.09106,-0.067074,0.075389,0.01943,-0.04968,0.958981,0.135678,-0.248889,-0.092894,0.979947,0.176275,0.267815,-0.145924,0.952355,0.016585,0.002577,0.003656,0.26296,0.61044,0.207892,-0.979926
660,0.146322,-0.062118,0.311565,-0.966501,-0.028883,-0.255124,-0.019485,-0.982561,0.184843,-0.254812,0.183651,0.949405,0.033113,-0.005331,0.016315,0.055924,0.259909,-0.015304,-1.674663,-0.185186,-0.053857,0.292691,-0.461949,0.531919,0.709688,-0.194847,-0.841412,0.503979,0.865776,0.09387,0.491409,-0.034523,0.006888,-0.035083,-0.007359,0.136102,-0.011776,0.087076,0.034094,0.027191,-0.010878,0.459798,-0.541495,0.703823,0.237966,0.838718,0.489819,-0.855545,-0.057732,0.514499,-0.008872,-0.001811,-0.013669,-0.063493,0.159744,0.015712,-0.067237,0.075622,0.019486,-0.049603,0.961728,0.133703,-0.239169,-0.092059,0.979795,0.177553,0.258076,-0.14874,0.954605,0.008537,0.003046,0.004129,0.095165,0.270275,-0.008689,-0.983845
661,0.147232,-0.061991,0.311829,-0.971105,-0.012717,-0.238408,-0.032792,-0.982039,0.185732,-0.235281,0.188193,0.953548,0.032854,0.003303,0.004801,0.228037,0.538076,0.141535,-1.676209,-0.186131,-0.053817,0.2917,-0.462468,0.528867,0.711628,-0.189478,-0.842937,0.503477,0.866691,0.097346,0.489114,-0.017492,0.000833,-0.021285,0.012891,0.045451,-0.019661,0.087008,0.033615,0.02721,-0.011383,0.460165,-0.538607,0.705797,0.232588,0.840335,0.489631,-0.856825,-0.061151,0.511966,-0.008734,0.000381,-0.010674,0.044909,-0.055502,0.118954,-0.067727,0.076078,0.019548,-0.049464,0.967318,0.119207,-0.223795,-0.079256,0.980521,0.179712,0.240859,-0.156101,0.957923,0.008348,-0.003299,0.007162,0.190836,0.513923,0.281874,-0.978619
662,0.148207,-0.061962,0.312067,-0.975121,0.00381,-0.221747,-0.046359,-0.981296,0.186765,-0.215675,0.192388,0.957339,0.016643,0.003329,0.004573,0.208226,0.511798,0.092004,-1.681931,-0.186819,-0.053699,0.290972,-0.461139,0.527944,0.713174,-0.183659,-0.843027,0.505479,0.868649,0.101459,0.484787,-0.017255,0.00413,-0.016716,-0.029508,0.103817,0.01632,0.0873,0.033271,0.027268,-0.011747,0.459029,-0.537552,0.70734,0.226835,0.840702,0.491696,-0.858975,-0.065253,0.507842,-0.008255,-0.00314,-0.003758,-0.066587,0.12187,0.00319,-0.0674,0.076559,0.019562,-0.049346,0.972849,0.10344,-0.207036,-0.065812,0.981274,0.181018,0.221884,-0.162477,0.96144,0.008319,0.001682,0.002293,0.207847,0.666734,0.15481,-0.987274
663,0.149212,-0.062014,0.312282,-0.977856,0.030475,-0.207157,-0.070691,-0.979346,0.189357,-0.195892,0.199763,0.960077,0.032564,-0.008775,0.011602,0.018289,0.165841,0.290487,-1.690809,-0.187302,-0.053584,0.290438,-0.4567,0.529878,0.714595,-0.182625,-0.841903,0.507722,0.871204,0.100714,0.480336,-0.001058,0.006199,-0.015115,0.010646,0.036196,0.013344,0.087984,0.033024,0.027327,-0.012012,0.45432,-0.53943,0.708948,0.225782,0.839561,0.494123,-0.861751,-0.064422,0.503223,-0.008184,-0.00213,-0.002356,0.004103,0.022345,-0.02278,-0.067237,0.077067,0.01954,-0.049241,0.978722,0.076353,-0.190451,-0.041041,0.982275,0.182892,0.20104,-0.171184,0.964508,0.016228,0.000462,0.000761,-0.026064,0.315129,0.460524,-0.995112
664,0.149763,-0.062039,0.312407,-0.979798,0.044604,-0.195069,-0.082994,-0.977659,0.193045,-0.180883,0.205273,0.961858,0.032629,0.002185,0.003185,-1.948232,1.985131,-0.3678,-1.699837,-0.187425,-0.053509,0.29023,-0.457718,0.528436,0.715012,-0.177257,-0.842202,0.509127,0.87178,0.105638,0.47823,-0.000965,0.007346,-0.013502,0.011791,0.028589,0.008007,0.089295,0.032962,0.027364,-0.012116,0.455422,-0.538021,0.709312,0.22049,0.840075,0.495638,-0.862539,-0.069328,0.501217,-0.000103,-0.00135,-0.001897,-0.001168,-0.003877,-0.00322,-0.06691,0.077331,0.019526,-0.049181,0.981276,0.063269,-0.181912,-0.028923,0.9822,0.185593,0.190417,-0.176856,0.96564,0.016303,0.001081,0.001559,0.000907,0.040091,0.286445,-0.993969
665,0.150867,-0.062098,0.31268,-0.98029,0.082335,-0.179715,-0.117752,-0.973492,0.196008,-0.157594,0.213198,0.964229,0.032715,-0.007464,0.013225,0.001519,0.223597,0.097587,-1.726175,-0.187587,-0.053391,0.289979,-0.452459,0.529323,0.717698,-0.175544,-0.841817,0.510355,0.874861,0.104269,0.472874,-0.016178,-0.001643,-0.001048,-0.02947,0.052989,-0.005879,0.092354,0.032887,0.027428,-0.012245,0.45023,-0.538678,0.712122,0.218846,0.839774,0.496875,-0.865677,-0.067863,0.495979,-5.3e-05,-0.000719,-0.001013,-0.006685,0.032528,-0.011156,-0.063155,0.077889,0.019494,-0.049047,0.98635,0.025298,-0.162702,0.006211,0.981707,0.190294,0.16454,-0.188707,0.96815,0.016297,0.00103,0.001466,-0.228143,0.53627,1.589265,-0.992662
666,0.151986,-0.062185,0.31305,-0.979094,0.128366,-0.157932,-0.15894,-0.967003,0.199033,-0.125955,0.219808,0.967392,0.032787,-0.00675,0.014089,-0.026312,0.951462,1.731161,-1.766168,-0.187599,-0.053279,0.289814,-0.452432,0.526249,0.719971,-0.169488,-0.843261,0.510019,0.876068,0.108068,0.469775,-0.000733,0.010186,-0.009493,0.035869,-0.010304,0.01837,0.093584,0.032875,0.027481,-0.012322,0.450499,-0.535447,0.714385,0.212936,0.841533,0.496467,-0.867011,-0.07154,0.493125,-3.4e-05,-0.000454,-0.000641,0.008325,-0.012451,-0.000375,-0.060705,0.078455,0.019452,-0.048861,0.989665,-0.017925,-0.14227,0.045787,0.97972,0.195067,0.135889,-0.199565,0.970416,0.016668,-0.002825,0.007834,-0.617224,1.764313,5.546972,-1.010298
667,0.152521,-0.062194,0.313295,-0.976816,0.152501,-0.150399,-0.181125,-0.96298,0.199586,-0.11318,0.222004,0.968468,0.016955,-0.004144,0.017355,-0.75326,1.409961,5.323546,-1.788552,-0.187591,-0.05324,0.28976,-0.450312,0.527548,0.720349,-0.168828,-0.842444,0.511585,0.877285,0.108102,0.467492,-4.2e-05,-0.000507,-0.000717,-0.099753,0.137359,0.085064,0.093724,0.032879,0.027505,-0.012351,0.448887,-0.536387,0.714695,0.212418,0.840929,0.497711,-0.867973,-0.071602,0.491421,-2.5e-05,-0.000329,-0.000465,-0.188001,0.238001,0.145797,-0.060215,0.078728,0.019444,-0.048742,0.990325,-0.039154,-0.133119,0.064896,0.978666,0.194932,0.122647,-0.201686,0.97174,0.016478,0.002848,0.003775,0.134474,0.310695,0.039961,-1.01536
668,0.153577,-0.062078,0.313908,-0.969166,0.206154,-0.135141,-0.230561,-0.952139,0.200613,-0.086112,0.225323,0.970485,0.017399,-0.000241,0.022348,-0.05133,0.269008,0.422825,-1.837154,-0.18761,-0.053131,0.289665,-0.447162,0.527183,0.722575,-0.167673,-0.842835,0.51132,0.879112,0.106831,0.46434,-0.000675,0.010883,-0.008508,-0.007878,0.049846,0.055715,0.093744,0.032869,0.027559,-0.012399,0.445219,-0.536214,0.717115,0.211058,0.841146,0.497922,-0.870192,-0.070332,0.487666,-0.000333,0.005473,-0.00421,0.008789,0.032103,0.049467,-0.059726,0.079243,0.019495,-0.048445,0.988237,-0.097836,-0.117533,0.11974,0.973112,0.196757,0.095123,-0.208516,0.973381,0.008887,2.3e-05,0.011395,-0.738671,1.302134,5.360437,-1.018789
669,0.15434,-0.061782,0.314545,-0.957791,0.256708,-0.129545,-0.279029,-0.93867,0.202515,-0.068424,0.229788,0.970846,0.01748,0.011608,0.015005,-0.717584,1.170543,5.270381,-1.863433,-0.187676,-0.053029,0.289599,-0.447155,0.527136,0.722614,-0.167921,-0.8429,0.511132,0.879069,0.106557,0.464485,1e-06,1.7e-05,2.5e-05,-9e-06,1.3e-05,8e-06,0.094848,0.032837,0.027611,-0.01243,0.445371,-0.536111,0.717097,0.211471,0.841242,0.497584,-0.870013,-0.069964,0.488037,4e-06,1.4e-05,2.1e-05,0.000849,-0.001482,-0.000862,-0.059072,0.079637,0.019644,-0.048116,0.983046,-0.145288,-0.111847,0.165453,0.965799,0.199639,0.079017,-0.21476,0.973464,0.00871,0.005772,0.007447,-0.005695,-0.045017,0.051933,-1.021565
670,0.154587,-0.061569,0.31492,-0.951329,0.279605,-0.129772,-0.301521,-0.931668,0.202612,-0.063072,0.231525,0.970796,0.017632,0.013104,0.01687,-0.016642,-0.010058,0.226065,-1.877245,-0.187737,-0.052981,0.289599,-0.445014,0.528382,0.723026,-0.167172,-0.842111,0.512675,0.880295,0.106621,0.462143,-0.000597,0.011823,-0.007178,0.031869,-0.004866,0.021809,0.097085,0.032806,0.027629,-0.01243,0.443025,-0.537355,0.717619,0.210589,0.840438,0.499314,-0.871424,-0.070086,0.485497,5.5e-05,0.00065,0.000921,0.015303,-0.024593,0.019513,-0.057766,0.07976,0.019744,-0.047937,0.978387,-0.173811,-0.112013,0.193556,0.960413,0.200353,0.072756,-0.217704,0.973299,0.00883,0.001363,0.012999,-0.258144,0.395096,1.503312,-1.024831
671,0.154665,-0.061047,0.315673,-0.934192,0.331769,-0.131381,-0.352932,-0.91349,0.202354,-0.051721,0.234987,0.970636,-0.01422,0.0157,0.020013,-0.019025,0.019538,0.16806,-1.910974,-0.187891,-0.052921,0.289662,-0.444912,0.528108,0.723289,-0.167042,-0.842299,0.51241,0.880371,0.106501,0.462025,9.3e-05,0.001119,0.001582,-1e-06,2e-06,1e-06,0.100028,0.032729,0.027664,-0.012401,0.443123,-0.536986,0.717835,0.210601,0.84069,0.498884,-0.871371,-0.06989,0.485619,-0.007967,0.000619,0.001511,-0.001885,0.014529,-0.029729,-0.05401,0.079812,0.020011,-0.047553,0.967045,-0.227863,-0.113582,0.246974,0.947935,0.20105,0.061857,-0.222476,0.972973,0.000867,0.007626,0.00973,-0.062605,0.074295,0.536659,-1.009808
672,0.154411,-0.060423,0.316451,-0.914746,0.382262,-0.130995,-0.402258,-0.892384,0.204476,-0.037599,0.239256,0.970242,-0.014102,0.016391,0.020744,-0.723369,1.119389,5.385295,-1.915266,-0.188188,-0.052874,0.289753,-0.444642,0.527418,0.723958,-0.166596,-0.842756,0.511803,0.880592,0.106304,0.46165,-0.015924,0.0013,0.003095,-0.000285,0.000992,-0.004239,0.102536,0.032587,0.027688,-0.012356,0.442907,-0.536274,0.718499,0.21015,0.84116,0.498282,-0.871589,-0.0697,0.485254,-0.008,0.000197,0.000915,-0.00227,0.015051,-0.029399,-0.050255,0.07968,0.020331,-0.047156,0.953731,-0.27856,-0.113134,0.296688,0.932913,0.204077,0.048697,-0.2282,0.972395,-0.006882,0.008326,0.010513,-0.723993,1.128339,5.376883,-1.006542
673,0.153933,-0.05968,0.317171,-0.895822,0.426682,-0.124461,-0.444098,-0.870997,0.210032,-0.017677,0.242888,0.969907,-0.014072,0.016234,0.02039,-0.015974,0.024141,0.168573,-1.915504,-0.188573,-0.052864,0.28978,-0.444406,0.526789,0.72456,-0.166215,-0.843174,0.511238,0.880783,0.106109,0.461331,-0.016044,-0.00014,0.001051,-0.002045,0.015205,-0.029245,0.102273,0.032394,0.027695,-0.012339,0.44272,-0.535642,0.719086,0.209772,0.841578,0.497735,-0.871776,-0.069513,0.484946,-3e-06,-3.2e-05,-3.6e-05,-0.000173,-7.8e-05,-0.000133,-0.049275,0.079446,0.020697,-0.046801,0.939268,-0.326282,-0.106368,0.341975,0.915845,0.210427,0.028758,-0.234023,0.971805,-0.007072,0.013413,0.005764,-0.033646,0.153105,0.350706,-1.004746
674,0.153634,-0.059294,0.317506,-0.887457,0.444343,-0.122577,-0.460783,-0.862678,0.208418,-0.012035,0.240885,0.970493,-0.029977,0.016707,0.020869,0.040803,0.085337,0.03265,-1.915552,-0.188803,-0.052855,0.289775,-0.444288,0.526467,0.724867,-0.166055,-0.843392,0.51093,0.880872,0.105978,0.46119,-1.7e-05,-0.0002,-0.000282,-0.0,0.0,0.0,0.101898,0.032273,0.027699,-0.012342,0.442618,-0.535294,0.719408,0.209598,0.841811,0.497414,-0.871869,-0.069378,0.484798,-0.008035,-0.000215,0.000324,-0.002187,0.015125,-0.029347,-0.049438,0.079303,0.020891,-0.046633,0.932879,-0.34468,-0.104549,0.359452,0.909435,0.209095,0.023009,-0.232641,0.97229,-0.00706,0.008019,0.010045,0.045448,0.075356,0.070324,-1.005236
675,0.153018,-0.058659,0.318149,-0.865691,0.488313,-0.110338,-0.500605,-0.84128,0.203996,0.007863,0.231221,0.972884,-0.014307,0.013654,0.016963,0.096481,0.387685,0.64854,-1.915819,-0.189299,-0.052863,0.289767,-0.4419,0.52707,0.725888,-0.164848,-0.843024,0.511926,0.882296,0.105903,0.458476,-0.01614,-0.001208,-0.000477,-0.011162,0.039641,-0.047913,0.101789,0.032031,0.027697,-0.012344,0.440052,-0.535937,0.720502,0.208292,0.841403,0.498651,-0.873479,-0.069358,0.481893,-4e-06,-3.3e-05,-4e-05,0.012825,-0.008273,-0.004034,-0.049438,0.078989,0.021212,-0.046308,0.916286,-0.38971,-0.092439,0.400516,0.89294,0.205533,0.002445,-0.22535,0.974274,-0.007189,0.00654,0.008124,0.006159,0.705134,1.819437,-0.999847
676,0.1523,-0.058202,0.318782,-0.847057,0.523869,-0.09,-0.530796,-0.824427,0.196334,0.029705,0.213421,0.976522,-0.014564,0.011208,0.013829,0.349555,0.686893,0.324887,-1.916156,-0.189798,-0.052816,0.289727,-0.441658,0.5264,0.72652,-0.164607,-0.843487,0.511241,0.882462,0.105548,0.458239,-0.016743,0.01022,-0.00823,0.034363,0.003941,-0.011391,0.100488,0.031782,0.027715,-0.012363,0.440028,-0.535126,0.72112,0.208145,0.841954,0.497783,-0.873527,-0.068941,0.481867,-0.008054,-0.000419,2.5e-05,-0.001662,0.014574,-0.029666,-0.050255,0.07863,0.021443,-0.045988,0.90151,-0.426484,-0.073422,0.432277,0.879452,0.199249,-0.020404,-0.211364,0.977194,-0.00729,0.005719,0.007074,0.384389,0.846531,0.23721,-1.006379
677,0.151884,-0.058041,0.319095,-0.836199,0.542862,-0.078215,-0.546909,-0.814382,0.194022,0.042667,0.204336,0.977984,-0.014669,0.010201,0.012547,0.145211,0.542365,0.506969,-1.91651,-0.190079,-0.052762,0.289681,-0.441539,0.526056,0.726842,-0.164574,-0.843735,0.510842,0.882527,0.105283,0.458174,-0.016097,-0.0007,0.000221,-0.002045,0.015205,-0.029245,0.09836,0.031647,0.027741,-0.012386,0.439941,-0.534788,0.721423,0.208122,0.84219,0.497393,-0.873576,-0.06868,0.481815,-0.008061,-0.000502,-9.3e-05,-0.002127,0.015044,-0.029378,-0.051398,0.078433,0.021523,-0.04584,0.893021,-0.445958,-0.060284,0.448653,0.871878,0.196312,-0.034987,-0.202358,0.978686,-0.007212,0.004699,0.005663,-0.171283,1.698231,5.465979,-1.010298
678,0.151071,-0.057867,0.319554,-0.8213,0.568332,-0.050102,-0.567133,-0.803543,0.180696,0.063454,0.176108,0.982337,-0.015174,0.00597,0.007279,0.355052,0.779853,0.148094,-1.917242,-0.190609,-0.052584,0.289542,-0.441326,0.525417,0.727434,-0.164726,-0.844221,0.50999,0.882606,0.104591,0.458182,-0.016691,0.010686,-0.007594,0.034362,0.003871,-0.011428,0.090198,0.03137,0.027833,-0.01246,0.439765,-0.534107,0.722036,0.208273,0.84268,0.496499,-0.873629,-0.067962,0.481821,-0.008341,0.00536,-0.003763,0.034248,0.003825,-0.011499,-0.059562,0.078016,0.021614,-0.045597,0.88002,-0.473795,-0.032872,0.471289,0.862611,0.183816,-0.058735,-0.177254,0.98241,-0.015564,0.003026,0.003662,0.487716,0.948091,0.323789,-1.01291
679,0.150095,-0.057709,0.319662,-0.802804,0.596068,-0.015943,-0.589826,-0.78981,0.168155,0.088635,0.143652,0.985665,-0.015946,-0.000116,-0.000244,0.432773,0.933729,0.157883,-1.91786,-0.191082,-0.052338,0.289369,-0.439079,0.526316,0.728143,-0.164392,-0.843737,0.510898,0.883786,0.103969,0.456044,-0.000632,0.010913,-0.008471,0.035362,-0.009925,0.018698,0.089231,0.031134,0.027952,-0.012543,0.437394,-0.534965,0.72284,0.207859,0.842184,0.497513,-0.874917,-0.067361,0.479564,-0.008014,-2.2e-05,0.00057,0.007753,0.006238,-0.03429,-0.063481,0.077528,0.021699,-0.045536,0.864232,-0.503092,0.000651,0.495492,0.8514,0.172061,-0.087117,-0.148378,0.985085,-0.015856,0.00068,0.000754,0.471072,1.109702,0.056014,-1.018136
680,0.149082,-0.057594,0.319403,-0.784555,0.619711,0.021853,-0.609445,-0.777024,0.157424,0.11551,0.109413,0.987275,-0.016381,0.006972,-0.013469,0.440663,0.931193,-0.00435,-1.918287,-0.191528,-0.052094,0.289209,-0.434769,0.528705,0.728997,-0.163344,-0.842291,0.513612,0.886103,0.103568,0.451616,-0.016658,0.010863,-0.007371,-0.103128,0.195849,0.108203,0.090258,0.03091,0.028079,-0.012626,0.433468,-0.536927,0.72375,0.206919,0.840967,0.499958,-0.877091,-0.066958,0.475632,-0.008325,0.005435,-0.003672,-0.143094,0.235899,0.131373,-0.064461,0.077022,0.021751,-0.045664,0.847843,-0.528814,0.038928,0.516926,0.840667,0.161449,-0.118102,-0.11676,0.986112,-0.016198,-0.001911,-0.002463,0.540808,1.205993,-0.013272,-1.026953
681,0.148593,-0.057506,0.319147,-0.773894,0.631535,0.047918,-0.61933,-0.770351,0.15153,0.133569,0.0868,0.987245,-0.016497,-0.004132,-0.005239,-0.213597,1.606489,-0.160737,-1.918815,-0.191727,-0.05198,0.289133,-0.432664,0.530025,0.729292,-0.162871,-0.84148,0.515091,0.887218,0.103421,0.449456,-0.016029,-5.2e-05,0.001094,-0.192896,0.281782,0.13699,0.090115,0.030817,0.028136,-0.012664,0.431947,-0.537825,0.723992,0.206729,0.840412,0.500969,-0.877886,-0.066722,0.474197,-0.00031,0.005464,-0.004218,-0.299044,0.410582,0.275864,-0.064461,0.076789,0.021794,-0.045794,0.838582,-0.54123,0.062039,0.527756,0.835342,0.153869,-0.135102,-0.09629,0.986141,-0.008308,0.002652,-0.007748,0.404145,0.851328,-0.051891,-1.02777
682,0.147727,-0.057106,0.318498,-0.747275,0.657844,0.094174,-0.644963,-0.752016,0.135895,0.161144,0.039988,0.986134,-0.032126,0.018702,-0.021147,0.481305,1.078216,-0.347484,-1.920279,-0.192066,-0.051749,0.288965,-0.430515,0.531192,0.729714,-0.162652,-0.840807,0.516258,0.8883,0.102907,0.447432,-0.016681,0.010505,-0.007893,-0.154458,0.267472,0.153225,0.089804,0.030648,0.028248,-0.012744,0.429879,-0.538835,0.724471,0.206571,0.839808,0.502046,-0.878937,-0.066165,0.472324,-2.3e-05,-0.000255,-0.000351,-0.346246,0.430924,0.263559,-0.065604,0.076355,0.021977,-0.046115,0.813579,-0.570915,0.110198,0.555809,0.819265,0.140995,-0.170777,-0.053462,0.983857,-0.008192,0.003494,-0.006732,0.614372,1.231678,0.437744,-1.024177
683,0.147099,-0.056456,0.317597,-0.725008,0.676466,0.129627,-0.664882,-0.736429,0.124805,0.180785,0.00345,0.98353,-0.016515,0.016221,-0.024095,0.343278,0.725097,-0.330775,-1.920513,-0.192319,-0.051591,0.288793,-0.430427,0.530895,0.729982,-0.163006,-0.841065,0.515725,0.888278,0.10233,0.447608,-0.016108,-0.000924,-0.000156,-0.002079,0.015253,-0.029215,0.090104,0.030521,0.028332,-0.012832,0.428698,-0.539203,0.724898,0.206615,0.839618,0.502345,-0.879504,-0.06558,0.47135,-0.000371,0.004795,-0.00517,0.038625,-0.014217,0.016075,-0.066094,0.07603,0.022312,-0.04657,0.792372,-0.592257,0.14621,0.578113,0.805536,0.129979,-0.194758,-0.018466,0.980677,-0.008219,0.013456,-0.016406,0.471884,0.852552,-0.287583,-1.021565
684,0.146873,-0.056059,0.317047,-0.710513,0.688563,0.14525,-0.677567,-0.725062,0.123128,0.190976,-0.011795,0.981537,-0.016499,0.016309,-0.024002,0.218299,0.563483,-0.401304,-1.920563,-0.19241,-0.051556,0.288705,-0.42826,0.532117,0.730366,-0.162327,-0.840299,0.517185,0.889447,0.10227,0.445296,-0.000124,-0.001279,-0.001809,-0.016475,0.023033,0.014409,0.090111,0.03047,0.02835,-0.012875,0.42631,-0.540421,0.725399,0.205776,0.838834,0.503997,-0.88086,-0.065589,0.468809,-0.008101,-0.000974,-0.0008,-0.001909,0.025362,-0.021906,-0.065767,0.075916,0.022509,-0.046846,0.778693,-0.606061,0.162254,0.592338,0.795408,0.128295,-0.206812,-0.003793,0.978372,-0.00031,0.012984,-0.016904,0.243755,0.59024,-0.276197,-1.02728
685,0.146581,-0.055201,0.315762,-0.678839,0.713729,0.172666,-0.705407,-0.699098,0.11677,0.204893,-0.043425,0.977835,-0.001113,0.012362,-0.028767,0.124289,0.402737,-0.232613,-1.921205,-0.192578,-0.05155,0.288545,-0.42605,0.533226,0.730851,-0.16162,-0.839613,0.518519,0.890634,0.102132,0.442949,-0.000208,-0.002135,-0.003022,-0.188491,0.263684,0.165043,0.090392,0.030386,0.028353,-0.012955,0.425396,-0.540673,0.725748,0.205582,0.838692,0.504312,-0.881347,-0.065331,0.467929,-0.000121,-0.001265,-0.001787,-0.349497,0.447085,0.24047,-0.065604,0.075765,0.022944,-0.047482,0.749473,-0.63426,0.189742,0.622919,0.772664,0.122312,-0.224185,0.026524,0.974185,-0.000463,0.011855,-0.018326,0.000673,0.55667,-0.22827,-1.034302
686,0.146428,-0.05436,0.31424,-0.650404,0.733634,0.196981,-0.729652,-0.675433,0.106631,0.21208,-0.075293,0.974361,-0.001316,0.021079,-0.040059,0.342486,0.381438,0.145829,-1.921739,-0.192743,-0.05161,0.288436,-0.425877,0.532803,0.73126,-0.161404,-0.839902,0.518119,0.890756,0.101964,0.442742,-0.000147,-0.001499,-0.002124,-4e-05,5.6e-05,3.5e-05,0.091118,0.030303,0.02832,-0.013013,0.424112,-0.540909,0.726323,0.205018,0.838551,0.504775,-0.882097,-0.065172,0.466536,-8.7e-05,-0.000893,-0.001262,0.002231,-0.002649,-0.001627,-0.065441,0.075688,0.023359,-0.04824,0.723583,-0.656461,0.213274,0.649114,0.752234,0.113111,-0.234684,0.056594,0.970422,-0.008599,0.010604,-0.020025,0.462917,0.516219,0.451377,-1.034955
687,0.146369,-0.053386,0.312568,-0.624146,0.750509,0.21731,-0.74967,-0.65354,0.104172,0.220975,-0.098832,0.970273,-0.001166,0.0323,-0.048231,-0.274273,0.89246,0.183152,-1.922457,-0.19288,-0.051661,0.288373,-0.425693,0.532366,0.731685,-0.161132,-0.840195,0.517728,0.890893,0.101833,0.442497,-5.4e-05,-0.000544,-0.000771,-0.0,0.0,0.0,0.092361,0.030241,0.028294,-0.013046,0.423992,-0.54046,0.726727,0.20476,0.83885,0.504383,-0.882215,-0.06505,0.466331,-3.1e-05,-0.000336,-0.000472,-0.012226,0.098744,-0.172268,-0.064134,0.075658,0.023831,-0.049062,0.700197,-0.675702,0.230545,0.671313,0.73303,0.109561,-0.243027,0.078054,0.966874,-0.000565,0.011056,-0.019406,0.550674,0.573585,0.600785,-1.036098
