frame,MLTx,MLTy,MLTz,MLTR1,MLTR2,MLTR3,MLTR4,MLTR5,MLTR6,MLTR7,MLTR8,MLTR9,MLTTVx,MLTTVy,MLTTVz,MLTRVx,MLTRVy,MLTRVz,MLGA,MRTx,MRTy,MRTz,MRTR1,MRTR2,MRTR3,MRTR4,MRTR5,MRTR6,MRTR7,MRTR8,MRTR9,MRTTVx,MRTTVy,MRTTVz,MRTRVx,MRTRVy,MRTRVz,MRGA,SLTx,SLTy,SLTz,SLTR1,SLTR2,SLTR3,SLTR4,SLTR5,SLTR6,SLTR7,SLTR8,SLTR9,SLTTVx,SLTTVy,SLTTVz,SLTRVx,SLTRVy,SLTRVz,SLGA,SRTx,SRTy,SRTz,SRTR1,SRTR2,SRTR3,SRTR4,SRTR5,SRTR6,SRTR7,SRTR8,SRTR9,SRTTVx,SRTTVy,SRTTVz,SRTRVx,SRTRVy,SRTRVz,SRGA
68,0.177984,-0.009601,0.377946,-0.464687,0.533951,-0.706404,-0.779229,-0.625454,0.039754,-0.420026,0.568257,0.707594,-1.8e-05,-0.000552,-0.000387,0.0,0.0,0.0,0.120821,-0.192103,-0.035115,0.317134,0.138247,-0.752625,0.643766,0.777902,0.48472,0.39981,-0.613123,0.446445,0.651636,-0.000197,0.015878,-0.00296,0.035792,-0.01269,0.019206,-0.008966,0.031833,0.026301,-0.022568,-0.242781,0.843531,0.479074,-0.82908,-0.436834,0.349001,0.503669,-0.31246,0.80541,-5.9e-05,0.008397,-0.000968,0.042444,-0.021588,0.041497,-0.188888,0.09095,0.032358,-0.036123,0.533672,-0.485364,-0.692542,0.698922,0.714184,0.038057,0.476132,-0.504343,0.720371,-1.2e-05,-0.000336,-0.000234,4e-06,-5e-06,1e-05,-0.058477
69,0.177811,-0.009636,0.377939,-0.463086,0.534126,-0.707323,-0.779142,-0.6257,0.037541,-0.421952,0.567822,0.706797,-5e-06,-0.00016,-0.000112,0.0,-0.0,0.0,0.121174,-0.192114,-0.034414,0.316971,0.142104,-0.752907,0.642595,0.776281,0.487451,0.399641,-0.614301,0.442974,0.652894,-0.000149,0.016483,-0.002298,0.038151,-0.025476,0.042874,-0.005614,0.031827,0.02665,-0.022652,-0.246413,0.843437,0.477382,-0.827452,-0.43954,0.349467,0.504582,-0.308898,0.806212,-9e-05,0.008015,-0.001399,0.026738,0.072041,-0.129957,-0.186439,0.090863,0.032339,-0.036127,0.532112,-0.485742,-0.693477,0.698833,0.714386,0.035834,0.478004,-0.503693,0.719586,-0.006773,-3.5e-05,0.000195,-0.001326,0.014984,-0.029885,-0.056354
70,0.177761,-0.009638,0.377989,-0.463178,0.534097,-0.707285,-0.779145,-0.625688,0.037682,-0.421844,0.567864,0.706827,5.2e-05,0.001538,0.001079,0.000876,-0.012135,0.026125,0.119958,-0.192214,-0.034107,0.316993,0.141939,-0.754392,0.640888,0.776268,0.48646,0.400871,-0.614354,0.441535,0.653818,0.000227,0.002813,0.003119,-0.004993,-0.028696,0.040641,0.009406,0.031777,0.026811,-0.022638,-0.245957,0.844664,0.475443,-0.827664,-0.438304,0.350514,0.504456,-0.307296,0.806903,-0.007473,0.000852,0.001467,-0.024107,-0.033119,0.023016,-0.177458,0.090838,0.032336,-0.036104,0.532202,-0.4857,-0.693437,0.698836,0.714376,0.03598,0.477899,-0.503748,0.719617,2.6e-05,0.000762,0.000535,0.000874,-0.012123,0.026129,-0.056844
71,0.177762,-0.009653,0.378003,-0.463076,0.534135,-0.707323,-0.779214,-0.625603,0.037642,-0.421828,0.56792,0.706792,1e-06,2.2e-05,1.6e-05,0.0,0.0,0.0,0.118415,-0.192218,-0.034106,0.317104,0.141847,-0.754538,0.640737,0.776192,0.486382,0.401112,-0.614471,0.441371,0.653819,0.000868,-0.007557,0.012203,-0.036397,0.011426,-0.017776,0.010356,0.031775,0.026814,-0.022589,-0.245819,0.844787,0.475295,-0.827659,-0.438154,0.350713,0.504531,-0.307171,0.806903,0.000153,0.001911,0.00212,0.002441,-0.013055,0.024758,-0.172723,0.090839,0.032331,-0.036095,0.532106,-0.485752,-0.693475,0.698916,0.714299,0.035943,0.47789,-0.503806,0.719582,-1e-06,-4e-06,-4e-06,-5e-06,-5e-06,-6e-06,-0.057661
72,0.177753,-0.009698,0.378034,-0.463059,0.534145,-0.707327,-0.779279,-0.625519,0.037721,-0.421729,0.568005,0.706783,-0.0,-7e-06,-5e-06,0.0,0.0,0.0,0.113667,-0.192015,-0.034013,0.317409,0.154116,-0.756198,0.635928,0.76689,0.497265,0.405637,-0.623155,0.426107,0.655724,0.015593,0.006474,0.006113,0.003796,-0.029272,0.054333,0.006519,0.031871,0.02685,-0.022439,-0.257202,0.845238,0.468422,-0.819091,-0.447892,0.358444,0.512773,-0.291488,0.807525,0.000254,0.00321,0.003551,0.006497,-0.009417,0.021048,-0.1706,0.090834,0.032308,-0.03608,0.53209,-0.485762,-0.693479,0.698988,0.714224,0.036024,0.477801,-0.503902,0.719574,-0.0,-3e-06,-2e-06,7e-06,-0.0,1.1e-05,-0.061906
73,0.177744,-0.009722,0.378091,-0.46298,0.534177,-0.707354,-0.779382,-0.625386,0.037772,-0.421624,0.56812,0.706754,2.1e-05,0.000628,0.000441,0.0,0.0,0.0,0.109741,-0.191748,-0.033733,0.317639,0.167398,-0.753548,0.635715,0.758063,0.51054,0.405737,-0.630506,0.414925,0.655868,0.00046,0.005808,0.006405,0.001523,-0.014215,0.024851,-0.004291,0.03201,0.026997,-0.022317,-0.270254,0.842175,0.466586,-0.810329,-0.460671,0.362143,0.519931,-0.280218,0.806938,0.000222,0.002875,0.003171,0.004621,-0.013079,0.023504,-0.179744,0.09083,0.032296,-0.036051,0.532016,-0.485804,-0.693506,0.699106,0.714106,0.036078,0.477711,-0.504029,0.719545,9e-06,0.000337,0.000237,5e-06,6e-06,1e-05,-0.067295
74,0.177746,-0.009731,0.378135,-0.462982,0.534178,-0.707352,-0.779426,-0.625327,0.037847,-0.42154,0.568184,0.706752,2.6e-05,0.000767,0.000538,0.0,0.0,0.0,0.109412,-0.191501,-0.03366,0.317765,0.169668,-0.753824,0.634787,0.758806,0.510827,0.403983,-0.629006,0.41407,0.657845,0.015502,0.005681,0.005206,0.010278,-0.03786,0.049059,-0.017859,0.032128,0.027031,-0.022256,-0.272511,0.842215,0.4652,-0.810872,-0.461291,0.360134,0.517903,-0.279077,0.808635,0.007728,0.00259,0.002325,-0.009957,-0.020696,0.053075,-0.185949,0.090831,0.032291,-0.036029,0.532018,-0.485805,-0.693504,0.699156,0.714053,0.036154,0.477635,-0.504103,0.719543,1.3e-05,0.000397,0.000277,-4e-06,-5e-06,-0.0,-0.069744
75,0.177749,-0.009764,0.378223,-0.462887,0.534217,-0.707384,-0.779571,-0.625141,0.037942,-0.421377,0.568352,0.706714,3e-06,9.8e-05,6.9e-05,0.0,0.0,0.0,0.107575,-0.190722,-0.033434,0.318036,0.177924,-0.754652,0.631535,0.757686,0.51446,0.40147,-0.628087,0.408007,0.662495,0.030784,0.009161,0.007935,0.094345,-0.161194,0.01187,-0.096813,0.032511,0.027137,-0.022128,-0.279839,0.84226,0.460746,-0.809342,-0.465105,0.358667,0.516386,-0.272532,0.811831,0.007883,0.004797,0.004728,0.121261,-0.190098,-0.009773,-0.235263,0.090832,0.032277,-0.035984,0.531929,-0.485856,-0.693537,0.699321,0.713887,0.036253,0.477493,-0.504289,0.719507,0.000143,-0.00506,0.004701,-0.035755,0.010048,-0.01981,-0.071704
76,0.177709,-0.009809,0.378267,-0.465955,0.531505,-0.707413,-0.775965,-0.629609,0.037985,-0.424632,0.565963,0.706683,-7e-06,-0.000204,-0.000143,0.0,-0.0,-0.0,0.105541,-0.190003,-0.032768,0.318301,0.195651,-0.760105,0.619639,0.74657,0.525047,0.408525,-0.636102,0.383617,0.669384,0.015935,0.012489,0.012582,0.006257,-0.045363,0.078686,-0.150918,0.032871,0.02746,-0.021999,-0.295842,0.845076,0.445335,-0.799296,-0.474284,0.369026,0.52307,-0.246781,0.815779,0.007979,0.006446,0.006509,-0.00228,-0.02834,0.074657,-0.299436,0.090812,0.032254,-0.035962,0.534664,-0.482787,-0.693577,0.695195,0.717908,0.036188,0.480454,-0.50152,0.719472,-7e-06,-0.000176,-0.000122,-0.000177,6.3e-05,9.4e-05,-0.075296
77,0.177669,-0.009854,0.378275,-0.463947,0.531837,-0.708483,-0.77608,-0.629612,0.035506,-0.426616,0.565648,0.70574,-2.8e-05,-0.000821,-0.000575,0.498966,-0.407055,0.521427,0.104315,-0.189419,-0.03214,0.318762,0.217326,-0.758798,0.613993,0.741046,0.537573,0.402245,-0.635557,0.368518,0.678326,0.000997,0.01401,0.015236,-3.014593,-2.738219,-3.998972,-0.237059,0.033174,0.027785,-0.021765,-0.309815,0.843739,0.438312,-0.795703,-0.482426,0.366224,0.520451,-0.235305,0.820829,0.00799,0.007011,0.007079,0.027941,-0.075939,0.012957,-0.357894,0.090792,0.032232,-0.035958,0.533321,-0.48319,-0.69433,0.695304,0.717887,0.034485,0.481788,-0.501162,0.718829,-1.5e-05,-0.000537,-0.000376,1.66415,-1.356725,1.737082,-0.077419
78,0.177668,-0.00986,0.378245,-0.463843,0.531876,-0.708522,-0.776105,-0.629587,0.035391,-0.426683,0.565639,0.705706,-4.2e-05,-0.001226,-0.000859,0.0,-0.0,0.0,0.101192,-0.189189,-0.031797,0.319013,0.21873,-0.761905,0.609631,0.742191,0.535401,0.40303,-0.633738,0.365251,0.681786,0.000368,0.025158,0.006964,0.096956,-0.120372,0.025358,-0.322208,0.033284,0.027948,-0.021641,-0.317097,0.844489,0.431609,-0.794215,-0.485183,0.365812,0.518334,-0.226793,0.824556,0.000156,0.012279,0.003151,0.078555,-0.265504,0.231746,-0.419945,0.090792,0.03223,-0.035972,0.532613,-0.483429,-0.694707,0.695375,0.71786,0.033585,0.482468,-0.50097,0.718506,-0.000174,0.004142,-0.005344,0.03477,-0.009295,0.018977,-0.079378
79,0.177671,-0.009816,0.378053,-0.463468,0.527634,-0.711931,-0.76886,-0.638825,0.027002,-0.439982,0.559231,0.702641,-0.000372,0.007605,-0.011168,0.036988,-0.011047,0.021043,0.081126,-0.189096,-0.030811,0.319113,0.221313,-0.771164,0.596924,0.744818,0.528676,0.407041,-0.629748,0.355472,0.690594,0.000116,0.021684,0.003142,-0.035308,-0.200039,0.204564,-0.444987,0.033337,0.028462,-0.021576,-0.317735,0.851436,0.417252,-0.797384,-0.478051,0.368299,0.513051,-0.215689,0.830816,5.1e-05,0.010749,0.001471,-0.067146,-0.185412,0.218132,-0.563477,0.090793,0.032251,-0.036069,0.531755,-0.479301,-0.698216,0.687163,0.726075,0.024912,0.495017,-0.493035,0.715453,-0.000184,0.003729,-0.005635,0.030927,-0.006337,0.015644,-0.094891
80,0.17767,-0.009783,0.377741,-0.464443,0.519494,-0.717261,-0.75488,-0.655695,0.013826,-0.462551,0.547219,0.697585,-0.000461,0.004968,-0.013022,1.700991,-1.363057,1.75896,0.048551,-0.189372,-0.029654,0.318769,0.220241,-0.775946,0.591095,0.746708,0.523913,0.409727,-0.62788,0.352099,0.694014,-0.000879,0.02727,-0.011094,0.074564,-0.036894,0.060637,-0.528441,0.033199,0.029034,-0.021739,-0.315581,0.855184,0.411179,-0.799585,-0.472991,0.370057,0.510951,-0.21199,0.833059,-0.007928,0.013163,-0.005513,0.072089,-0.004079,0.006776,-0.655246,0.090793,0.032269,-0.036224,0.532481,-0.47093,-0.70334,0.671374,0.741018,0.012123,0.515479,-0.47866,0.710749,-0.000225,0.002322,-0.006627,1.697224,-1.359432,1.754279,-0.133427
81,0.177632,-0.009798,0.377534,-0.460524,0.518797,-0.720287,-0.752149,-0.658942,0.00621,-0.47084,0.543975,0.694571,-0.000259,-0.007626,-0.005366,0.155179,-0.193142,0.310789,0.029004,-0.189696,-0.029194,0.318498,0.220305,-0.775942,0.591076,0.747557,0.523465,0.408751,-0.626847,0.352774,0.694605,-0.016117,0.022507,-0.015142,0.070761,-0.00758,0.006329,-0.599512,0.033043,0.02927,-0.021869,-0.315588,0.8552,0.41114,-0.8003,-0.472681,0.368906,0.509827,-0.212613,0.833589,-0.008072,0.010964,-0.007876,0.071515,-0.006576,0.007628,-0.706193,0.090773,0.032264,-0.036325,0.527951,-0.47095,-0.706734,0.668389,0.743802,0.003655,0.523949,-0.474303,0.707469,-0.000128,-0.003969,-0.002792,0.16277,-0.199586,0.319992,-0.159554
82,0.177305,-0.009722,0.376953,-0.443299,0.521895,-0.728806,-0.755134,-0.655471,-0.01014,-0.482459,0.545199,0.68558,-0.014133,0.001886,-0.014777,0.028813,-0.204609,0.300153,-0.009326,-0.19024,-0.028214,0.317648,0.222577,-0.776272,0.589791,0.75048,0.522472,0.404644,-0.622539,0.353524,0.69809,-0.001317,0.020766,-0.018074,0.081995,-0.034664,0.028103,-0.76172,0.032771,0.029741,-0.022292,-0.317729,0.855252,0.409378,-0.802615,-0.472466,0.36412,0.504832,-0.212881,0.836555,-0.000983,0.015457,-0.013672,0.097783,-0.031067,0.04774,-0.812005,0.090621,0.032298,-0.036607,0.511539,-0.47587,-0.715453,0.67186,0.740576,-0.012209,0.535658,-0.47444,0.698552,-0.007189,0.006224,-0.011926,0.058786,-0.210411,0.312643,-0.212787
83,0.17655,-0.009498,0.376316,-0.429491,0.517926,-0.739821,-0.753921,-0.656574,-0.022043,-0.496636,0.547652,0.673392,-0.027656,0.003404,-0.013292,1.2308,-0.23201,-0.882063,-0.029872,-0.190355,-0.027046,0.316664,0.226331,-0.780639,0.582553,0.754313,0.518759,0.402287,-0.616526,0.349345,0.705491,-0.002051,0.030069,-0.028253,0.155732,-0.083475,-0.009804,-0.829131,0.032707,0.030345,-0.022799,-0.320265,0.858337,0.400858,-0.806204,-0.469153,0.360457,0.497458,-0.207731,0.842248,-0.001016,0.014943,-0.014221,0.127226,-0.053665,-0.008766,-0.793717,0.090242,0.032406,-0.036934,0.496539,-0.474583,-0.726787,0.67206,0.740103,-0.024129,0.549349,-0.476464,0.686438,-0.013869,0.0019,-0.006471,4.092703,-0.151151,-3.490929,-0.244138
84,0.17548,-0.009255,0.375728,-0.424704,0.499272,-0.755248,-0.745072,-0.666609,-0.021764,-0.5138,0.552846,0.656047,-0.027688,0.00297,-0.013619,-0.179065,-0.895777,-0.055843,-0.044678,-0.19087,-0.02617,0.315563,0.23203,-0.790663,0.566573,0.757593,0.512122,0.404619,-0.61036,0.33633,0.717082,-0.017407,0.023342,-0.034448,-0.767074,-1.948292,1.723393,-0.993348,0.032456,0.030781,-0.023331,-0.323951,0.864151,0.385095,-0.809673,-0.463789,0.359623,0.489371,-0.195301,0.849924,-0.008359,0.006452,-0.012731,0.113131,-0.047727,-0.076018,-0.806127,0.089708,0.03253,-0.037227,0.491247,-0.457878,-0.74096,0.660876,0.750066,-0.025353,0.567378,-0.477229,0.671069,-0.013954,0.006774,-0.011325,0.014187,-0.384475,0.199669,-0.257365
85,0.17498,-0.009109,0.3754,-0.422812,0.487718,-0.763811,-0.738617,-0.673764,-0.021424,-0.524558,0.554496,0.646066,-0.027685,0.003204,-0.013462,-0.094919,-0.739371,-0.013174,-0.062201,-0.191176,-0.025772,0.314873,0.23585,-0.794609,0.55943,0.760084,0.509428,0.403348,-0.605786,0.331071,0.72338,-0.002711,0.020997,-0.03805,0.16987,-0.099755,-0.022274,-1.102485,0.032297,0.03098,-0.023675,-0.326143,0.868009,0.374421,-0.812106,-0.459997,0.359005,0.483852,-0.186983,0.85494,-0.008821,0.009801,-0.019244,0.15216,-0.142797,0.085511,-0.817231,0.089458,0.032602,-0.037392,0.487763,-0.445704,-0.750622,0.653571,0.756469,-0.024479,0.578733,-0.478645,0.660277,-0.01382,0.001822,-0.00656,-0.089331,-0.973926,-0.186156,-0.266672
86,0.17423,-0.008635,0.374579,-0.409686,0.46317,-0.785924,-0.733355,-0.679579,-0.018282,-0.542063,0.568292,0.619063,-0.014305,0.014704,-0.022275,-0.070032,-0.737551,0.107498,-0.114302,-0.191574,-0.024754,0.31303,0.23932,-0.80766,0.538891,0.770104,0.49581,0.401305,-0.591603,0.319965,0.739926,-0.018596,0.026583,-0.051297,-0.503981,-2.232257,1.803003,-1.287347,0.032106,0.031477,-0.024571,-0.326205,0.876094,0.355033,-0.821033,-0.448722,0.352919,0.468502,-0.17637,0.865678,-0.001819,0.013471,-0.025959,1.538452,0.072536,1.13001,-0.816251,0.089083,0.032828,-0.037792,0.472187,-0.422396,-0.773705,0.647469,0.761809,-0.020756,0.598183,-0.491149,0.633204,-0.007148,0.00709,-0.011311,-0.147001,-0.991907,-0.04075,-0.297861
87,0.173645,-0.008019,0.373755,-0.402307,0.431486,-0.807475,-0.728111,-0.68543,-0.003569,-0.554514,0.585956,0.59093,-0.014229,0.016172,-0.02122,-0.126994,-0.987641,-0.044672,-0.125099,-0.192082,-0.024014,0.311055,0.238112,-0.822604,0.516349,0.777727,0.479829,0.406002,-0.582035,0.305928,0.75333,-0.018397,0.010795,-0.048344,-0.106563,-0.774367,0.581467,-1.401299,0.03185,0.031862,-0.025581,-0.32182,0.888063,0.328289,-0.829955,-0.431465,0.353569,0.455638,-0.15868,0.875907,-0.009505,0.010727,-0.028505,-0.777005,-2.165997,1.814917,-0.814291,0.088785,0.03314,-0.038213,0.461414,-0.392801,-0.795488,0.641497,0.767095,-0.006688,0.612843,-0.507218,0.60593,-0.007078,0.008594,-0.010238,-0.107562,-1.091416,0.162226,-0.321375
88,0.173388,-0.007639,0.373312,-0.403325,0.412519,-0.816825,-0.724849,-0.688815,0.009975,-0.558032,0.595582,0.577849,-0.000621,0.017008,-0.02102,-0.295802,-1.112588,-0.271532,-0.134521,-0.192542,-0.02374,0.310097,0.237527,-0.836218,0.494278,0.778999,0.467848,0.417386,-0.580569,0.286943,0.761883,-0.018364,0.011528,-0.04764,-0.864174,-2.11702,1.840465,-1.403837,0.031619,0.031994,-0.026066,-0.318381,0.897137,0.306231,-0.832979,-0.418972,0.361397,0.452525,-0.140022,0.880689,-0.016586,0.005828,-0.023216,0.043817,-0.360123,0.382953,-0.814291,0.088652,0.033329,-0.038435,0.460521,-0.374952,-0.804568,0.63773,0.770236,0.006074,0.61743,-0.515894,0.593828,-0.007069,0.0084,-0.010379,-0.68046,-0.863512,-1.063094,-0.325784
89,0.173008,-0.006865,0.372421,-0.40187,0.378254,-0.833948,-0.719915,-0.693285,0.032402,-0.565415,0.612921,0.551962,-0.0141,0.018426,-0.019586,-0.147388,-1.04683,-0.265985,-0.161765,-0.193469,-0.023174,0.308241,0.217929,-0.864648,0.452639,0.78271,0.431769,0.44819,-0.583234,0.25769,0.770257,-0.018288,0.013029,-0.046168,-0.084762,-0.317346,0.743233,-1.405643,0.031155,0.032271,-0.027,-0.29238,0.919634,0.26227,-0.841381,-0.377731,0.386517,0.454522,-0.107659,0.884204,-0.0166,0.006074,-0.023037,-0.33704,-0.713408,1.102713,-0.818537,0.088466,0.033715,-0.038881,0.455077,-0.340949,-0.822592,0.632055,0.774391,0.028698,0.627224,-0.532983,0.567906,-0.000269,0.008917,-0.0102,-0.164316,-1.073521,-0.455002,-0.344236
90,0.172654,-0.006118,0.371673,-0.397306,0.347542,-0.849357,-0.716371,-0.695885,0.050292,-0.573089,0.628002,0.526508,-0.000463,0.020022,-0.018828,-0.123935,-0.852374,-0.359629,-0.191814,-0.194513,-0.022761,0.30668,0.18159,-0.885963,0.426714,0.779067,0.394286,0.487368,-0.600263,0.245045,0.76125,-0.032328,0.006138,-0.032411,-0.695861,0.513681,1.210145,-1.406275,0.030627,0.032477,-0.027804,-0.254312,0.937407,0.237891,-0.844548,-0.335112,0.417656,0.471234,-0.094696,0.876909,-0.016117,0.003238,-0.015997,-0.681943,0.527992,1.215882,-0.842377,0.088284,0.034087,-0.039256,0.446868,-0.311178,-0.838735,0.628032,0.776802,0.046407,0.637091,-0.54749,0.542558,-0.006979,0.010167,-0.009096,-0.126995,-0.880095,-0.413806,-0.36481
91,0.172367,-0.005634,0.37117,-0.396011,0.322715,-0.859695,-0.705978,-0.705646,0.060253,-0.586711,0.630382,0.508346,-0.000269,0.009176,-0.010004,1.304469,-0.77697,-1.144483,-0.211216,-0.195992,-0.022651,0.305814,0.136798,-0.902114,0.409228,0.769796,0.356695,0.52926,-0.62359,0.243749,0.742688,-0.031234,0.001875,-0.016639,-0.724977,0.453221,1.182823,-1.407512,0.029916,0.032526,-0.02823,-0.208263,0.95159,0.226056,-0.842266,-0.291982,0.453137,0.497205,-0.096028,0.862302,-0.015333,-0.004652,-0.004238,-0.64786,0.369162,1.065501,-0.863768,0.088146,0.034332,-0.039505,0.441359,-0.28991,-0.849207,0.62103,0.781792,0.055873,0.647706,-0.552043,0.525094,-0.000138,0.004346,-0.00517,0.020329,-0.107051,-0.031177,-0.384405
92,0.17221,-0.005565,0.37105,-0.396299,0.315408,-0.862271,-0.701405,-0.70999,0.062598,-0.591974,0.629213,0.503672,-0.013855,0.008138,-0.01035,1.33147,-0.666092,-1.118334,-0.209731,-0.196589,-0.022634,0.305655,0.115494,-0.907058,0.404844,0.763718,0.341577,0.547717,-0.635236,0.247063,0.731641,-0.015364,-0.004639,-0.004261,-0.828474,0.592156,1.053403,-1.407815,0.029588,0.032533,-0.028325,-0.184577,0.956945,0.224024,-0.839301,-0.272076,0.470689,0.511375,-0.101146,0.853383,-0.007628,-0.001879,-0.001612,-0.720819,0.539499,1.060155,-0.868994,0.088068,0.034373,-0.039567,0.442061,-0.281034,-0.851822,0.612656,0.788226,0.057891,0.655159,-0.547465,0.520622,-0.000152,-0.001606,-0.001116,4.775434,-0.296876,-2.80572,-0.38914
93,0.17201,-0.005689,0.37093,-0.395351,0.312984,-0.863587,-0.701329,-0.709965,0.0637,-0.592696,0.630451,0.501268,-0.013782,-0.00477,-0.003022,-0.002365,0.025204,-0.056476,-0.180786,-0.197668,-0.022525,0.305817,0.076472,-0.914892,0.396377,0.749764,0.314705,0.582021,-0.657318,0.253826,0.709484,-0.029409,0.004637,0.007117,-0.90144,0.625613,1.074198,-1.40766,0.029049,0.032587,-0.028244,-0.144731,0.964624,0.220347,-0.831552,-0.239269,0.501269,0.536259,-0.11068,0.836764,-0.014657,0.00279,0.004105,-0.859377,0.607869,1.078575,-0.860013,0.087963,0.034317,-0.039629,0.440647,-0.276226,-0.854124,0.611032,0.789331,0.059963,0.657624,-0.548321,0.516599,-0.006891,-0.002455,-0.001557,0.002104,0.046468,-0.04594,-0.380323
94,0.171915,-0.005989,0.370755,-0.389836,0.314743,-0.865453,-0.701955,-0.709837,0.057979,-0.595605,0.629717,0.498735,-0.000474,-0.009318,-0.006692,0.108409,-0.192319,0.345836,-0.168759,-0.198925,-0.022018,0.306066,0.049744,-0.919184,0.390663,0.73404,0.298771,0.609799,-0.67729,0.257579,0.689053,-0.029454,0.019783,0.003386,-0.674019,0.484554,0.798884,-1.40848,0.028432,0.032838,-0.028116,-0.117139,0.968777,0.218514,-0.82066,-0.218337,0.528058,0.55928,-0.117469,0.820612,-0.014699,0.010205,0.002065,-0.75534,0.585434,0.883476,-0.855767,0.087916,0.034174,-0.039712,0.435701,-0.278743,-0.855842,0.611746,0.789181,0.054402,0.66025,-0.547261,0.514367,-0.000244,-0.004864,-0.003489,0.379111,-0.419019,0.685515,-0.36677
95,0.171842,-0.006177,0.370559,-0.381004,0.314783,-0.869364,-0.702506,-0.709844,0.050793,-0.600657,0.629691,0.492674,-0.014357,-0.001209,-0.017089,0.033391,-0.544553,-0.056568,-0.169171,-0.199386,-0.021558,0.306131,0.037701,-0.919695,0.390809,0.728921,0.29271,0.618813,-0.683552,0.26269,0.680893,-0.029642,0.033436,-0.002,-0.361493,0.287161,0.480355,-1.408217,0.028202,0.033063,-0.028081,-0.103758,0.969756,0.220922,-0.816557,-0.209875,0.53776,0.567862,-0.124598,0.813637,-0.007167,0.010808,0.002262,-0.494167,0.379508,0.520355,-0.857563,0.087884,0.034077,-0.039805,0.427616,-0.282062,-0.858827,0.612604,0.789057,0.045872,0.664726,-0.545737,0.510206,-0.000324,-0.006424,-0.00462,0.258622,-1.025346,0.607898,-0.364647
96,0.171513,-0.006538,0.369946,-0.362882,0.312402,-0.877934,-0.703644,-0.709499,0.038315,-0.61048,0.631265,0.478379,-0.01437,-0.015125,-0.010554,-0.124951,-0.631111,-0.151102,-0.180724,-0.199958,-0.020032,0.305847,0.011993,-0.920755,0.389947,0.717541,0.279405,0.637966,-0.696369,0.273304,0.663504,-0.015248,0.043603,-0.012209,-0.460908,0.387146,0.586221,-1.408271,0.027917,0.03381,-0.028202,-0.079697,0.971439,0.223504,-0.809159,-0.193993,0.554641,0.582159,-0.136647,0.801509,-0.007585,0.022164,-0.005692,-0.675503,0.67112,0.583673,-0.852991,0.08772,0.033902,-0.040108,0.409451,-0.281918,-0.867681,0.613907,0.788669,0.033451,0.674883,-0.546372,0.495992,-0.007302,-0.002855,-0.010187,0.040678,-0.08508,0.113952,-0.365627
97,0.170788,-0.00681,0.369131,-0.344687,0.310427,-0.88593,-0.713214,-0.700192,0.032084,-0.60994,0.642527,0.463853,-0.028581,0.002517,-0.030781,-1.484514,-0.409156,0.677398,-0.210104,-0.200895,-0.018079,0.304762,-0.02872,-0.921238,0.387926,0.710688,0.253963,0.656017,-0.702821,0.295688,0.646896,-0.032002,0.055444,-0.039224,-0.380492,0.496794,0.369732,-1.408416,0.02745,0.034818,-0.028725,-0.03826,0.972955,0.227802,-0.805009,-0.165073,0.569833,0.592026,-0.161581,0.789554,-0.015747,0.022243,-0.015414,-0.61042,0.649406,0.468665,-0.862952,0.087362,0.033757,-0.040516,0.391084,-0.280225,-0.876656,0.623261,0.781504,0.028233,0.677198,-0.557427,0.480287,-0.014286,-0.004279,-0.011051,-4.983466,-0.551401,2.546005,-0.382282
98,0.170241,-0.006976,0.368637,-0.333273,0.305773,-0.891895,-0.713966,-0.699645,0.026864,-0.615389,0.645352,0.452597,-0.028809,-0.000776,-0.033242,-0.054035,-0.818544,-0.021603,-0.209357,-0.201491,-0.017085,0.30393,-0.07447,-0.91934,0.386341,0.712407,0.221922,0.665704,-0.697641,0.325957,0.637896,-0.032437,0.050763,-0.044424,0.254121,1.603563,1.431794,-1.40858,0.027164,0.035299,-0.029121,0.001279,0.972563,0.232635,-0.807372,-0.13626,0.574094,0.590041,-0.188558,0.785046,-0.008613,0.019426,-0.018976,-0.527162,0.759164,0.609932,-0.867197,0.087089,0.033679,-0.04076,0.379345,-0.278826,-0.882242,0.625535,0.779871,0.022495,0.681764,-0.560407,0.470256,-0.014328,-0.006115,-0.012431,0.048308,-0.16202,0.069085,-0.388977
99,0.168922,-0.007427,0.367349,-0.308073,0.295635,-0.904288,-0.71964,-0.694088,0.018194,-0.621901,0.655997,0.427708,-0.029516,-0.010431,-0.040537,-0.072453,-0.884291,-0.110831,-0.208265,-0.202439,-0.015202,0.302088,-0.206245,-0.906422,0.368583,0.718262,0.115427,0.686083,-0.664155,0.407373,0.626743,-0.033092,0.059112,-0.055642,1.837524,2.586895,6.340819,-1.408349,0.026678,0.03625,-0.030064,0.13469,0.961056,0.241306,-0.817272,-0.029953,0.575471,0.560288,-0.274724,0.78141,-0.008983,0.023325,-0.024888,0.453286,1.56659,1.619096,-0.874382,0.08643,0.033463,-0.041396,0.353283,-0.271976,-0.895108,0.631965,0.77487,0.013984,0.689789,-0.570618,0.445628,-0.021593,-0.005825,-0.020512,-0.094188,-1.063414,-0.052066,-0.388977
100,0.16706,-0.007951,0.365392,-0.288947,0.281966,-0.914904,-0.720186,-0.693627,0.013622,-0.63041,0.662484,0.40463,-0.058073,-0.011812,-0.058095,0.019142,-0.699647,0.085602,-0.239082,-0.203876,-0.013199,0.300193,-0.348651,-0.881347,0.318844,0.700469,-0.01915,0.71338,-0.62218,0.473162,0.623596,-0.047314,0.047857,-0.04682,1.955711,3.510732,6.989275,-1.407866,0.025964,0.037252,-0.031019,0.282633,0.933959,0.21872,-0.805804,0.107474,0.582348,0.520382,-0.340836,0.782963,-0.023591,0.024451,-0.023092,1.581578,3.921873,4.229794,-0.890058,0.08551,0.033207,-0.042364,0.332421,-0.25954,-0.906716,0.632562,0.774442,0.010233,0.699543,-0.576956,0.421615,-0.029021,-0.006313,-0.029318,-0.028326,-0.808988,-0.188896,-0.40351
101,0.164438,-0.008197,0.362767,-0.261637,0.273353,-0.925673,-0.750434,-0.660707,0.016941,-0.60665,0.698746,0.379152,-0.072741,-0.005905,-0.070873,-0.418466,-0.591699,0.091036,-0.200637,-0.20587,-0.011245,0.297962,-0.540603,-0.787409,0.296186,0.65867,-0.177321,0.731195,-0.52254,0.591356,0.614095,-0.04887,0.062803,-0.071358,2.345386,7.590182,3.251413,-1.406979,0.024968,0.038233,-0.032118,0.477999,0.845723,0.237207,-0.767667,0.271,0.580728,0.426852,-0.459684,0.778772,-0.031785,0.025517,-0.032089,2.084775,5.945002,5.359739,-0.902631,0.084204,0.033075,-0.043678,0.304074,-0.253603,-0.918272,0.666201,0.745628,0.014681,0.680966,-0.616218,0.395676,-0.043284,0.001768,-0.040131,-1.518752,-0.756311,0.632343,-0.402367
102,0.162878,-0.00826,0.361235,-0.248303,0.2639,-0.932066,-0.7644,-0.644374,0.021135,-0.594721,0.717389,0.362886,-0.087237,0.000496,-0.083092,0.064834,-0.730001,-0.214546,-0.170008,-0.207055,-0.010183,0.296602,-0.667592,-0.684595,0.292645,0.613322,-0.283074,0.737318,-0.421077,0.672564,0.608452,-0.063806,0.060734,-0.073007,2.169425,5.928689,5.334934,-1.40679,0.024379,0.038765,-0.0328,0.604208,0.748337,0.27372,-0.726498,0.376255,0.575005,0.327309,-0.546281,0.771002,-0.031994,0.023934,-0.033771,2.034966,6.025848,5.362686,-0.906877,0.083429,0.033043,-0.044438,0.289692,-0.246321,-0.92488,0.682437,0.730693,0.01915,0.671087,-0.63672,0.379774,-0.03671,-0.00046,-0.042194,0.040265,-1.009262,-0.095241,-0.387181
103,0.15978,-0.008785,0.357868,-0.230716,0.233329,-0.944655,-0.762201,-0.646782,0.026344,-0.60456,0.725803,0.328243,-0.075287,-0.023459,-0.086038,0.049299,-1.022625,-0.21373,-0.144729,-0.210509,-0.007678,0.293631,-0.851258,-0.436276,0.291572,0.488315,-0.455704,0.744188,-0.190725,0.776412,0.60056,-0.108225,0.071441,-0.07974,1.805786,4.822796,3.920794,-1.405856,0.022666,0.040011,-0.034287,0.789665,0.508566,0.343203,-0.605176,0.553602,0.572089,0.100948,-0.659457,0.744932,-0.046589,0.035635,-0.040018,0.630362,2.076379,1.515534,-0.918797,0.081876,0.032796,-0.046115,0.269285,-0.219425,-0.937729,0.679859,0.732958,0.023724,0.682112,-0.643912,0.346553,-0.037585,-0.011993,-0.043159,0.146473,-1.213311,-0.091115,-0.35387
104,0.156619,-0.009918,0.354474,-0.249598,0.191988,-0.94915,-0.750774,-0.657391,0.064402,-0.611296,0.728431,0.309406,-0.090433,-0.03603,-0.080021,-0.029883,-0.775148,-0.445544,-0.161449,-0.214879,-0.005074,0.290798,-0.926776,-0.242909,0.286484,0.374821,-0.552924,0.744122,-0.021183,0.797307,0.603089,-0.107185,0.063517,-0.068608,2.381676,4.103225,6.676805,-1.406189,0.02048,0.041305,-0.035715,0.86544,0.321105,0.384582,-0.4965,0.652457,0.572527,-0.067082,-0.686433,0.724091,-0.053718,0.031845,-0.03411,2.371922,5.552828,4.287571,-0.935453,0.080329,0.032234,-0.047789,0.28316,-0.1762,-0.942747,0.66678,0.742716,0.061457,0.689364,-0.646007,0.327794,-0.045138,-0.018242,-0.040109,-0.258714,-0.614953,-1.263961,-0.35436
105,0.155032,-0.010547,0.352872,-0.262286,0.168412,-0.950205,-0.747225,-0.658497,0.089492,-0.610317,0.733277,0.299741,-0.091187,-0.037698,-0.082209,-0.660694,0.417419,-3.012102,-0.159442,-0.216932,-0.003995,0.289555,-0.94992,-0.135231,0.281701,0.304799,-0.598274,0.741012,0.069522,0.789922,0.609141,-0.092268,0.038739,-0.056349,0.845888,1.774421,1.296984,-1.406013,0.019449,0.041856,-0.036337,0.892188,0.209774,0.399993,-0.422138,0.702228,0.573301,-0.160623,-0.680345,0.715073,-0.053604,0.026151,-0.030352,2.398142,5.745742,4.814018,-0.940515,0.079507,0.031909,-0.048623,0.290273,-0.152142,-0.944771,0.663042,0.743862,0.083926,0.690011,-0.650785,0.3168,-0.045538,-0.013966,-0.045806,-0.017108,-1.00472,-0.717017,-0.357135
106,0.151447,-0.0119,0.349587,-0.285046,0.118269,-0.951213,-0.737414,-0.661018,0.138734,-0.612014,0.740835,0.276819,-0.09241,-0.036989,-0.08344,-0.525216,0.719177,-3.103158,-0.091898,-0.220636,-0.002619,0.287688,-0.959189,0.090387,0.267914,0.141684,-0.66596,0.732364,0.24582,0.740308,0.625603,-0.090799,0.010782,-0.026478,1.823622,2.68869,5.668448,-1.404321,0.017595,0.042542,-0.037294,0.903779,-0.010232,0.427877,-0.264673,0.772281,0.57752,-0.336351,-0.635198,0.695263,-0.052624,0.011607,-0.016152,0.916717,1.54444,1.010641,-0.940678,0.077715,0.031226,-0.05027,0.30614,-0.098128,-0.946915,0.652501,0.745907,0.133657,0.693196,-0.658781,0.29238,-0.046166,-0.018861,-0.04195,-0.058112,-0.760403,-0.829904,-0.330846
107,0.148022,-0.013611,0.346377,-0.298093,0.073012,-0.951764,-0.728544,-0.661615,0.177371,-0.616388,0.746183,0.251602,-0.080034,-0.050903,-0.079551,-0.060901,-0.477933,-0.684912,-0.10188,-0.224036,-0.002209,0.287206,-0.952439,0.181922,0.24445,0.05252,-0.69191,0.720025,0.301321,0.698379,0.649104,-0.059431,-0.002061,-0.00068,0.663795,-0.138784,-0.010498,-1.404047,0.015884,0.042743,-0.037555,0.901761,-0.111255,0.41767,-0.168678,0.799108,0.577039,-0.397963,-0.590803,0.701838,-0.036838,4.9e-05,0.0012,1.146248,0.585207,0.627742,-0.943781,0.075998,0.030377,-0.051875,0.316246,-0.050577,-0.947327,0.64267,0.745955,0.174716,0.697827,-0.664073,0.268409,-0.03987,-0.020043,-0.044021,-0.043307,-0.598036,-0.720649,-0.308475
108,0.144809,-0.015413,0.343278,-0.305292,0.046208,-0.951161,-0.733477,-0.648399,0.203867,-0.606939,0.759834,0.23303,-0.094717,-0.034332,-0.085057,-0.033105,-0.234688,-0.563192,-0.090374,-0.226046,-0.002267,0.287468,-0.943395,0.232386,0.23663,0.001045,-0.711123,0.703019,0.332829,0.66317,0.670294,-0.043457,-0.0071,0.013963,1.829152,4.376356,3.46014,-1.403928,0.014874,0.042718,-0.037426,0.896116,-0.155326,0.415751,-0.119785,0.817351,0.56355,-0.427349,-0.554807,0.713835,-0.014294,-0.00347,0.006909,0.949197,2.792469,-0.923922,-0.930228,0.07436,0.029448,-0.053462,0.320367,-0.022744,-0.947019,0.64863,0.733862,0.2018,0.690392,-0.678916,0.249858,-0.047276,-0.01703,-0.042352,-0.014862,-0.175824,-0.531978,-0.312884
109,0.143117,-0.016095,0.341738,-0.312723,0.036049,-0.949184,-0.736952,-0.63965,0.218451,-0.598889,0.767772,0.227783,-0.080324,-0.030037,-0.082164,-0.031408,-0.244902,-0.499931,-0.06344,-0.226724,-0.002488,0.287829,-0.925722,0.29202,0.240322,-0.047646,-0.720203,0.692078,0.376342,0.628844,0.680283,-0.028423,-0.017396,0.022551,1.873052,3.201002,3.670856,-1.404097,0.01453,0.042614,-0.037246,0.877705,-0.215555,0.427981,-0.070325,0.825507,0.559992,-0.474011,-0.521607,0.709393,-0.021489,-0.002283,0.008462,0.855288,-0.571373,-0.312513,-0.928268,0.073543,0.029112,-0.054207,0.326526,-0.0124,-0.945106,0.653049,0.725828,0.2161,0.683305,-0.687763,0.245099,-0.047266,-0.019503,-0.03584,-0.189055,-0.187684,-0.706918,-0.298841
110,0.140033,-0.016868,0.338649,-0.326195,0.010877,-0.945264,-0.732252,-0.635292,0.245322,-0.597452,0.772179,0.216373,-0.065058,-0.009349,-0.083234,0.001365,-0.356511,-0.698173,-0.058274,-0.227775,-0.003261,0.288914,-0.898236,0.361097,0.250546,-0.102079,-0.725679,0.680371,0.428622,0.585095,0.688339,-0.013201,-0.026626,0.032418,1.427574,3.512487,4.024998,-1.403818,0.014001,0.042235,-0.036701,0.850293,-0.281053,0.444982,-0.015378,0.831851,0.554785,-0.526083,-0.478573,0.702995,-0.013865,-0.012576,0.017259,0.007994,-0.035969,0.103184,-0.934147,0.071995,0.028712,-0.055756,0.337097,0.013192,-0.941377,0.648695,0.721412,0.2424,0.682319,-0.692379,0.234629,-0.032475,-0.009392,-0.036602,-0.093261,-0.666686,-0.624261,-0.280879
111,0.137925,-0.016871,0.335413,-0.339697,-0.006947,-0.940534,-0.744566,-0.608989,0.27336,-0.574258,0.793157,0.202872,-0.049099,0.021072,-0.093208,0.076893,-0.332519,-0.533839,-0.060321,-0.227975,-0.004317,0.29034,-0.876114,0.404435,0.262387,-0.132249,-0.724823,0.676074,0.464709,0.557101,0.688147,0.002103,-0.024005,0.035108,0.512415,1.55076,0.643345,-1.404155,0.013895,0.041707,-0.035987,0.825665,-0.326727,0.459919,0.018401,0.83039,0.556877,-0.563859,-0.451331,0.691636,0.001136,-0.017415,0.021848,1.692323,5.497495,1.961587,-0.936596,0.070935,0.028696,-0.057372,0.348062,0.03366,-0.936866,0.663796,0.696836,0.271648,0.661986,-0.716439,0.220199,-0.024613,0.005164,-0.042223,-0.006206,-0.375786,-0.609767,-0.282348
112,0.136292,-0.01591,0.332143,-0.347845,-0.030966,-0.937064,-0.752701,-0.586658,0.298738,-0.558562,0.809282,0.181928,-0.032841,0.032476,-0.082823,0.040555,-0.527008,-0.577359,0.037442,-0.227608,-0.005638,0.291931,-0.830129,0.485962,0.273347,-0.196148,-0.713281,0.672822,0.522977,0.504294,0.687056,0.002348,-0.034384,0.044026,0.012176,0.368455,0.324379,-1.40379,0.01408,0.04104,-0.035176,0.777998,-0.407868,0.477871,0.082781,0.820539,0.565564,-0.622787,-0.400449,0.672142,0.00117,-0.017094,0.022108,-0.020903,0.375692,0.343609,-0.932024,0.070099,0.029182,-0.059045,0.353453,0.058478,-0.933621,0.674111,0.676045,0.297551,0.648571,-0.734535,0.19953,-0.016263,0.016838,-0.040811,0.037653,-0.537625,-0.583446,-0.242342
113,0.135677,-0.015168,0.330561,-0.351533,-0.044376,-0.935147,-0.751449,-0.582375,0.310058,-0.557936,0.811765,0.172545,-0.032061,0.037384,-0.078251,0.045299,-0.513078,-0.539784,0.084507,-0.227363,-0.00635,0.292813,-0.796578,0.536733,0.27816,-0.238322,-0.701524,0.671567,0.556583,0.467981,0.686347,0.017221,-0.034177,0.043873,1.497588,3.879262,3.866029,-1.403146,0.014196,0.040696,-0.034751,0.747439,-0.453498,0.485461,0.120693,0.811291,0.572049,-0.653274,-0.36898,0.661124,0.008585,-0.017084,0.021917,0.100215,0.515377,0.393044,-0.929574,0.069803,0.02954,-0.059806,0.355508,0.071586,-0.931927,0.673376,0.671863,0.308486,0.648211,-0.737207,0.190649,-0.008762,0.018089,-0.03962,-0.013236,-0.693271,-0.637102,-0.181761
114,0.135104,-0.013477,0.327452,-0.354771,-0.073384,-0.932093,-0.749897,-0.573067,0.330484,-0.557971,0.816311,0.149441,-0.00197,0.04256,-0.073115,-1.469503,0.128455,-0.135534,0.099046,-0.226543,-0.007944,0.294735,-0.751887,0.58688,0.300379,-0.268903,-0.688842,0.673142,0.602905,0.42461,0.675332,0.01762,-0.043932,0.053504,1.585372,4.444918,3.245758,-1.403156,0.014606,0.039903,-0.033793,0.700354,-0.501388,0.508048,0.150824,0.799634,0.581237,-0.697679,-0.330446,0.635648,0.016117,-0.022391,0.026026,0.263116,2.247392,-1.624745,-0.936759,0.069506,0.030387,-0.061359,0.354846,0.102536,-0.929284,0.671479,0.66367,0.329631,0.650538,-0.740964,0.16665,-0.000832,0.026388,-0.040959,-5.053609,1.347984,0.4061,-0.111383
115,0.134951,-0.011671,0.324943,-0.361485,-0.086324,-0.928397,-0.768599,-0.536086,0.349054,-0.52739,0.83985,0.128597,-0.000557,0.041882,-0.05465,-0.113062,-0.422386,-0.393886,0.165889,-0.225053,-0.009833,0.297049,-0.676494,0.648819,0.348398,-0.306251,-0.677955,0.668223,0.670595,0.344531,0.65686,0.047984,-0.052417,0.063691,0.05355,0.810202,-0.054635,-1.403345,0.01534,0.038959,-0.032643,0.615077,-0.561104,0.553934,0.192156,0.788037,0.58487,-0.764693,-0.253299,0.592523,0.023912,-0.020571,0.027816,0.71768,2.917693,-0.707055,-0.930391,0.069429,0.031287,-0.062623,0.360306,0.114823,-0.92574,0.695287,0.628547,0.348573,0.621895,-0.769248,0.146634,-0.007236,0.027214,-0.030829,-0.451789,-0.419071,-0.465806,-0.064356
116,0.134689,-0.010703,0.323837,-0.365915,-0.089015,-0.926406,-0.774383,-0.522993,0.356063,-0.515751,0.847792,0.123595,-0.014611,0.044987,-0.051733,-1.44947,0.371096,-0.130925,0.250027,-0.224131,-0.010836,0.298264,-0.64763,0.665046,0.37186,-0.319016,-0.679743,0.660387,0.692761,0.308218,0.651879,0.048009,-0.052504,0.063518,0.37407,2.067784,-1.546966,-1.403209,0.01582,0.038441,-0.032008,0.582905,-0.574353,0.574751,0.206608,0.788872,0.578786,-0.785833,-0.218629,0.578503,0.023957,-0.026205,0.031782,0.374212,2.052158,-1.529813,-0.935126,0.069305,0.031776,-0.063171,0.364001,0.119112,-0.92375,0.701448,0.617431,0.356017,0.612758,-0.777553,0.141195,-0.01432,0.023761,-0.024498,-5.04037,1.696207,0.316883,0.015657
117,0.134189,-0.009017,0.322042,-0.365334,-0.104076,-0.925065,-0.77026,-0.524229,0.363119,-0.522291,0.845329,0.112507,3.7e-05,0.036174,-0.04103,0.084886,-0.235823,-0.070424,0.35875,-0.221931,-0.01288,0.300557,-0.629355,0.6646,0.402753,-0.324342,-0.69549,0.641116,0.706977,0.272022,0.652726,0.062375,-0.055944,0.058973,0.515304,-0.167071,-0.424049,-1.403397,0.016897,0.037447,-0.030876,0.558536,-0.570176,0.602441,0.214038,0.800761,0.559436,-0.801389,-0.183519,0.569293,0.03106,-0.022311,0.025506,0.319597,1.554601,-1.697438,-0.939208,0.06905,0.032627,-0.064068,0.362017,0.133412,-0.922574,0.698101,0.617062,0.363166,0.617736,-0.775522,0.130253,-0.00708,0.018985,-0.019711,0.081875,-0.125107,-0.274485,0.207687
118,0.134182,-0.00801,0.320921,-0.358799,-0.11289,-0.926587,-0.770015,-0.525285,0.362111,-0.527163,0.843551,0.102701,-5.1e-05,0.017678,-0.020905,0.06011,-0.049331,-0.010809,0.369885,-0.219601,-0.014297,0.302181,-0.614323,0.664923,0.424825,-0.337218,-0.70788,0.620583,0.714126,0.237143,0.658521,0.046541,-0.02529,0.031857,0.429583,-0.402071,-0.057155,-1.403005,0.018069,0.036732,-0.030048,0.54051,-0.566561,0.621978,0.229948,0.810606,0.538553,-0.809303,-0.148071,0.56842,0.030613,-0.012984,0.015235,0.496636,-0.265098,-0.061304,-0.947536,0.069047,0.033139,-0.064635,0.354385,0.14152,-0.924328,0.697691,0.618131,0.362132,0.622605,-0.77323,0.120319,-0.000102,0.003776,-0.005863,0.04678,0.000373,0.019603,0.280024
119,0.134146,-0.007895,0.320746,-0.353376,-0.115606,-0.928335,-0.771642,-0.524998,0.359051,-0.52845,0.843366,0.097473,-0.014714,-0.000892,-0.00106,-0.032136,-0.128028,0.173112,0.374868,-0.218665,-0.014665,0.302567,-0.596585,0.675308,0.433632,-0.351324,-0.705438,0.615517,0.722303,0.214014,0.657525,0.030582,-0.007142,0.011476,0.059166,-0.066129,0.016339,-1.403016,0.018543,0.036547,-0.029842,0.522809,-0.57517,0.629165,0.245543,0.808394,0.534982,-0.81632,-0.125207,0.563865,0.022635,-0.010185,0.00831,0.00395,0.011808,0.015592,-0.951782,0.069034,0.033202,-0.064731,0.348894,0.143421,-0.926122,0.699275,0.61808,0.359152,0.623928,-0.77292,0.115353,-0.00018,-0.001122,-0.001111,-0.082534,-0.437014,0.797996,0.292761
120,0.1338,-0.008153,0.321092,-0.342875,-0.115133,-0.932323,-0.77628,-0.524165,0.350161,-0.528588,0.843948,0.091511,-0.014083,-0.006182,0.012904,-0.036299,0.029858,-0.046072,0.417716,-0.217566,-0.015093,0.302708,-0.565307,0.698312,0.439067,-0.376218,-0.691853,0.616225,0.734786,0.182294,0.653239,0.014496,-0.002297,-0.003168,-0.072342,0.15421,-0.127592,-1.403178,0.019098,0.036329,-0.029768,0.490844,-0.598463,0.633177,0.269739,0.795426,0.542712,-0.828439,-0.095595,0.551859,0.014748,-0.006934,0.001921,-0.100551,0.134513,-0.09321,-0.955374,0.068861,0.033073,-0.064565,0.338395,0.141169,-0.930354,0.704173,0.61784,0.349876,0.624202,-0.773527,0.109666,-0.007125,-0.008065,0.011135,-0.070884,0.036364,-0.045812,0.331787
121,0.132961,-0.00867,0.321853,-0.327882,-0.116439,-0.93754,-0.779665,-0.527068,0.338073,-0.533112,0.841959,0.083203,-0.02934,-0.01891,0.019317,-0.153246,-0.451792,0.793215,0.448442,-0.216677,-0.015235,0.302712,-0.531851,0.70559,0.468261,-0.388286,-0.69448,0.605694,0.753226,0.139434,0.642706,0.015015,-0.01173,0.006863,0.283533,2.035153,-2.138011,-1.402501,0.01953,0.036253,-0.02978,0.454385,-0.603299,0.655411,0.283915,0.795461,0.535381,-0.844349,-0.057188,0.532731,0.014769,-0.000526,-0.00121,0.261383,0.544413,0.028725,-0.950802,0.068461,0.03284,-0.064181,0.326299,0.141076,-0.934679,0.706239,0.620846,0.340258,0.628294,-0.771133,0.102948,-0.014478,-0.003852,0.005609,-0.0334,-0.053273,0.084914,0.386
122,0.131865,-0.009344,0.322339,-0.312641,-0.112993,-0.943151,-0.786011,-0.526727,0.323599,-0.532966,0.842638,0.07704,-0.029735,-0.011857,0.007066,-0.028335,-0.140666,0.242725,0.463965,-0.215829,-0.01582,0.302979,-0.478427,0.717007,0.506951,-0.405472,-0.692354,0.596801,0.779488,0.079073,0.621295,0.014901,-0.02546,0.012077,2.601987,3.690775,3.092119,-1.401969,0.019965,0.035968,-0.029646,0.398218,-0.605587,0.688974,0.297495,0.795762,0.527502,-0.867709,-0.005095,0.497046,0.007502,-0.012327,0.006485,-0.144873,0.496276,-0.441341,-0.953905,0.067902,0.032495,-0.063925,0.309074,0.135055,-0.941399,0.713811,0.621162,0.323466,0.628447,-0.771956,0.095581,-0.007851,-0.011922,0.007331,-0.074198,-0.067815,0.089994,0.420454
