frame,MLTx,MLTy,MLTz,MLTR1,MLTR2,MLTR3,MLTR4,MLTR5,MLTR6,MLTR7,MLTR8,MLTR9,MLTTVx,MLTTVy,MLTTVz,MLTRVx,MLTRVy,MLTRVz,MLGA,MRTx,MRTy,MRTz,MRTR1,MRTR2,MRTR3,MRTR4,MRTR5,MRTR6,MRTR7,MRTR8,MRTR9,MRTTVx,MRTTVy,MRTTVz,MRTRVx,MRTRVy,MRTRVz,MRGA,SLTx,SLTy,SLTz,SLTR1,SLTR2,SLTR3,SLTR4,SLTR5,SLTR6,SLTR7,SLTR8,SLTR9,SLTTVx,SLTTVy,SLTTVz,SLTRVx,SLTRVy,SLTRVz,SLGA,SRTx,SRTy,SRTz,SRTR1,SRTR2,SRTR3,SRTR4,SRTR5,SRTR6,SRTR7,SRTR8,SRTR9,SRTTVx,SRTTVy,SRTTVz,SRTRVx,SRTRVy,SRTRVz,SRGA
523,0.161132,-0.023236,0.262774,-0.844601,0.508794,-0.166802,-0.534932,-0.787838,0.305173,0.024904,0.34634,0.937793,-0.07591,0.000768,0.050729,-0.078133,0.16724,-0.27376,-1.911004,-0.230712,-0.005145,0.273079,-0.714043,-0.674961,0.185906,0.660065,-0.560811,0.499739,-0.232147,0.480395,0.84569,0.097746,-0.128432,0.147538,1.555842,0.620615,-0.770181,-1.078133,0.012657,0.040838,-0.033304,0.732863,0.654338,0.186421,-0.64459,0.580055,0.498035,0.217748,-0.485157,0.84688,0.048855,-0.063969,0.074113,1.443005,0.607114,-0.746597,-0.873729,0.078929,0.030841,-0.086613,0.873645,-0.460991,-0.155661,0.48626,0.815932,0.312739,-0.017161,-0.348914,0.936996,-0.030131,0.000499,0.025555,-0.077082,0.028741,-0.062017,-1.067776
524,0.158549,-0.023244,0.264996,-0.845451,0.504627,-0.174957,-0.533884,-0.788643,0.304927,0.016944,0.350576,0.936396,-0.059545,0.005177,0.056365,-0.064119,0.001627,-0.052167,-1.910821,-0.226723,-0.010424,0.27913,-0.755943,-0.622048,0.203953,0.641227,-0.641303,0.421299,-0.130322,0.450044,0.883369,0.099138,-0.147509,0.166784,2.576731,0.955799,1.085492,-0.874524,0.014616,0.038259,-0.030333,0.773205,0.600126,0.204942,-0.622918,0.65818,0.422814,0.118853,-0.454584,0.882738,0.049324,-0.068197,0.079233,2.670735,1.403198,5.640623,-0.789635,0.077632,0.030834,-0.085505,0.874466,-0.456617,-0.163733,0.485001,0.816712,0.312656,-0.009041,-0.352818,0.935647,-0.037605,-0.002785,0.032623,-0.061379,0.003067,-0.082759,-1.06794
525,0.155829,-0.023242,0.267547,-0.845883,0.50169,-0.181202,-0.533359,-0.78966,0.303211,0.010079,0.352498,0.935773,-0.074433,0.009508,0.061621,-0.076595,0.149432,-0.249924,-1.910626,-0.223064,-0.016072,0.2855,-0.789723,-0.572623,0.220071,0.611224,-0.704825,0.359945,-0.05001,0.419495,0.906304,0.084409,-0.148227,0.165445,1.554881,0.994803,-0.120208,-0.671066,0.016453,0.035446,-0.027134,0.805484,0.550239,0.22007,-0.591325,0.721759,0.359718,0.039093,-0.41988,0.906736,0.049654,-0.074395,0.082168,1.204299,-0.851593,0.643784,-0.725951,0.076278,0.030836,-0.084229,0.874746,-0.45377,-0.17003,0.484575,0.81769,0.310756,-0.00198,-0.354226,0.935157,-0.037244,-0.000667,0.035184,-0.110732,0.040021,-0.082894,-1.069409
526,0.153149,-0.023139,0.270293,-0.846122,0.498906,-0.187661,-0.533054,-0.790484,0.301597,0.003175,0.354596,0.935029,-0.073742,0.001669,0.073389,-0.108076,0.035661,-0.080587,-1.911033,-0.2199,-0.022212,0.29161,-0.817022,-0.525418,0.237493,0.576419,-0.750893,0.322235,0.010048,0.400834,0.916021,0.06763,-0.160894,0.149857,1.32113,2.39848,0.783074,-0.502654,0.018044,0.032399,-0.02405,0.830573,0.504212,0.236467,-0.556583,0.766051,0.321529,-0.019027,-0.398668,0.916897,0.041018,-0.081295,0.073498,1.511779,1.20551,5.507424,-0.669942,0.074938,0.030891,-0.08286,0.874977,-0.450904,-0.176352,0.484138,0.81856,0.309141,0.004962,-0.35587,0.934521,-0.029149,0.000519,0.036385,-0.111981,0.028991,-0.054372,-1.070389
527,0.151822,-0.023033,0.27177,-0.843284,0.502495,-0.19083,-0.537534,-0.787721,0.300873,0.001912,0.35567,0.934624,-0.073264,0.014754,0.067336,-0.07762,0.135815,-0.223317,-1.910617,-0.218438,-0.025686,0.294522,-0.828878,-0.502666,0.24552,0.558389,-0.768771,0.311652,0.03313,0.396055,0.917554,0.066736,-0.168737,0.140225,0.05443,-0.043559,0.332791,-0.459015,0.018746,0.030733,-0.022638,0.841428,0.480675,0.246878,-0.538545,0.783447,0.310127,-0.044346,-0.393905,0.91808,0.032946,-0.085199,0.068966,1.551239,1.496638,4.980875,-0.680393,0.074296,0.030939,-0.082146,0.872314,-0.454736,-0.179669,0.488903,0.816,0.308411,0.006364,-0.356873,0.93413,-0.036729,0.001715,0.037707,-0.120973,0.057082,-0.041354,-1.071695
528,0.149409,-0.022819,0.274643,-0.840264,0.504955,-0.197543,-0.54223,-0.785111,0.299264,-0.002937,0.357942,0.933754,-0.072754,0.005473,0.0769,-0.108363,0.037303,-0.080155,-1.911036,-0.215938,-0.032193,0.299492,-0.858552,-0.444375,0.255754,0.507375,-0.807614,0.300442,0.074118,0.388273,0.918485,0.066205,-0.164505,0.123674,0.051686,0.232664,-0.164804,-0.351924,0.020049,0.027343,-0.02006,0.87041,0.420055,0.256787,-0.484928,0.821563,0.299798,-0.085035,-0.385471,0.918793,0.032909,-0.08294,0.060975,0.029349,0.244815,-0.155978,-0.604953,0.073068,0.031052,-0.080683,0.869588,-0.457291,-0.186279,0.493649,0.81369,0.30695,0.011208,-0.358877,0.933317,-0.028677,0.002498,0.038296,-0.113716,0.123974,-0.193442,-1.07692
529,0.147157,-0.022476,0.277509,-0.837827,0.507993,-0.200086,-0.545987,-0.782092,0.300335,-0.00288,0.360237,0.932871,-0.056651,0.017391,0.068874,-0.071448,-0.008028,-0.009317,-1.911194,-0.213941,-0.038277,0.303907,-0.886964,-0.378557,0.26454,0.447657,-0.845178,0.29191,0.11419,0.377819,0.918736,0.034842,-0.145596,0.104434,0.135342,0.111156,-0.065094,-0.235762,0.021046,0.024297,-0.017859,0.897055,0.353133,0.265685,-0.42393,0.857435,0.291698,-0.1248,-0.374301,0.91887,0.017272,-0.073307,0.051572,0.155909,0.105107,-0.065725,-0.483954,0.071915,0.031226,-0.079219,0.867391,-0.460427,-0.188784,0.497501,0.810877,0.308172,0.01119,-0.361226,0.93241,-0.028374,0.008693,0.034479,-0.072908,-0.005597,-0.010706,-1.072838
530,0.146073,-0.022256,0.278913,-0.83773,0.507401,-0.201986,-0.546124,-0.781891,0.300611,-0.004362,0.361505,0.932375,-0.056648,0.006146,0.076335,-0.106825,0.007495,-0.026153,-1.911234,-0.213173,-0.041042,0.305734,-0.89479,-0.355058,0.270693,0.427306,-0.856459,0.28952,0.130162,0.375182,0.917692,0.03409,-0.13881,0.090883,-0.00152,0.200601,-0.010618,-0.20295,0.021417,0.022968,-0.016978,0.904182,0.329649,0.271635,-0.403369,0.868171,0.289088,-0.140528,-0.370957,0.917955,0.01689,-0.069884,0.04483,0.380965,0.501713,1.048362,-0.438396,0.071373,0.031336,-0.078516,0.867289,-0.459835,-0.190679,0.497639,0.810685,0.308452,0.012744,-0.362408,0.931931,-0.028374,0.003049,0.038184,-0.107981,0.009407,-0.027265,-1.072838
531,0.143964,-0.021692,0.281633,-0.83765,0.506704,-0.204055,-0.546237,-0.781203,0.30219,-0.005249,0.363957,0.931415,-0.05608,0.017855,0.067854,-0.072001,0.009026,-0.032654,-1.910775,-0.211908,-0.045916,0.308559,-0.915267,-0.294188,0.275195,0.371257,-0.880889,0.293491,0.157222,0.371167,0.915084,0.032458,-0.11231,0.057624,-0.262556,0.053569,0.163461,-0.154937,0.022049,0.02052,-0.015555,0.922873,0.268327,0.276233,-0.346741,0.891062,0.292878,-0.167554,-0.366071,0.915378,0.008157,-0.050883,0.024654,-0.186382,0.282059,0.317011,-0.37504,0.070339,0.031613,-0.07718,0.867193,-0.459155,-0.192747,0.49778,0.810014,0.309987,0.013796,-0.364765,0.930996,-0.028179,0.003334,0.038028,-0.107494,0.024568,-0.049963,-1.072675
532,0.141931,-0.020964,0.284239,-0.837789,0.506401,-0.204238,-0.546037,-0.780354,0.304735,-0.004021,0.366191,0.930546,-0.0557,0.018105,0.067133,-0.072007,0.009545,-0.032358,-1.910872,-0.210739,-0.049517,0.309754,-0.938418,-0.197239,0.283655,0.282494,-0.910498,0.301867,0.199904,0.363663,0.909753,0.029847,-0.078407,0.011277,0.117615,0.76277,1.603883,-0.134553,0.022634,0.018709,-0.014937,0.943038,0.172445,0.284502,-0.258704,0.917787,0.301226,-0.209168,-0.35767,0.91012,0.014705,-0.039187,0.005671,1.168388,2.178903,5.339736,-0.340095,0.069323,0.031978,-0.075876,0.867319,-0.458842,-0.192925,0.497589,0.809153,0.312531,0.012704,-0.367062,0.930109,-0.027882,0.009139,0.033728,-0.071997,0.009505,-0.032489,-1.073001
533,0.139997,-0.020213,0.286852,-0.838095,0.505011,-0.206413,-0.545572,-0.778888,0.309285,-0.003542,0.37119,0.928565,-0.055404,0.017867,0.065815,-0.131193,-0.040423,-0.064297,-1.910875,-0.209374,-0.052006,0.30922,-0.948938,-0.032125,0.31381,0.131293,-0.944609,0.300683,0.287958,0.326578,0.900161,0.042941,-0.04473,-0.036488,1.230982,1.894251,2.499785,-0.12823,0.023294,0.017468,-0.015172,0.949794,0.01529,0.312501,-0.114844,0.946123,0.302755,-0.291035,-0.323444,0.900378,0.013584,-0.022525,-0.018111,0.12064,0.439266,0.350322,-0.323766,0.068371,0.032349,-0.074591,0.867563,-0.457481,-0.19505,0.497171,0.807604,0.317168,0.012425,-0.372136,0.928094,-0.027757,0.008893,0.032913,-0.147148,-0.056606,-0.078626,-1.073165
534,0.139125,-0.019901,0.288024,-0.838004,0.505038,-0.206713,-0.545714,-0.77833,0.310436,-0.00307,0.37232,0.928114,-0.040349,0.015161,0.062339,-0.068587,-0.115151,0.162832,-1.910586,-0.208615,-0.052779,0.308365,-0.937754,0.066638,0.340835,0.041021,-0.953161,0.299556,0.346008,0.294814,0.890632,0.042118,-0.037916,-0.05059,2.916768,5.119233,5.271431,-0.128856,0.023689,0.017062,-0.015609,0.936917,-0.086167,0.338761,-0.020628,0.953821,0.299663,-0.348939,-0.287748,0.891875,0.020864,-0.019556,-0.025957,1.455281,2.529744,5.42043,-0.32099,0.067899,0.032519,-0.073954,0.867521,-0.457394,-0.19544,0.497252,0.807079,0.318374,0.012113,-0.373379,0.927599,-0.020239,0.007435,0.031024,-0.057874,-0.108567,0.163153,-1.073001
535,0.137332,-0.019512,0.290318,-0.838634,0.501788,-0.212007,-0.544727,-0.776779,0.316003,-0.005077,0.379869,0.925041,-0.041409,-0.001809,0.06251,-0.192394,-0.045737,-0.089406,-1.911103,-0.206688,-0.05405,0.305724,-0.881325,0.235119,0.40985,-0.120393,-0.950415,0.286618,0.458021,0.202973,0.86538,0.056257,-0.025326,-0.081436,2.341079,3.375787,4.18749,-0.133774,0.024647,0.016421,-0.016917,0.875673,-0.255566,0.409734,0.141984,0.947234,0.287379,-0.461559,-0.193474,0.865754,0.028338,-0.018678,-0.037279,1.253644,3.871736,0.175696,-0.323277,0.067019,0.032719,-0.072825,0.867935,-0.454247,-0.200863,0.496461,0.80534,0.323964,0.014604,-0.3809,0.9245,-0.020633,0.004488,0.027003,-0.156011,-0.061473,-0.083773,-1.072838
536,0.13569,-0.019624,0.292434,-0.838979,0.498198,-0.218994,-0.54414,-0.775196,0.320866,-0.008868,0.387739,0.921741,-0.042533,-0.008827,0.053403,-0.145553,0.010952,-0.087487,-1.910777,-0.2041,-0.055012,0.302321,-0.79493,0.372852,0.4786,-0.255653,-0.921181,0.293256,0.551212,0.110304,0.826958,0.072094,-0.015629,-0.09401,1.69464,3.454079,4.245096,-0.13449,0.025961,0.015919,-0.018663,0.784581,-0.393685,0.479002,0.280305,0.914313,0.292335,-0.553046,-0.095093,0.827705,0.036062,-0.008002,-0.047219,1.688813,3.433153,4.253406,-0.325563,0.066183,0.032665,-0.071739,0.868277,-0.450396,-0.207935,0.495717,0.803738,0.329042,0.018926,-0.388777,0.921137,-0.021366,-0.004783,0.02628,-0.106932,0.04176,-0.089319,-1.071205
537,0.134928,-0.019855,0.293389,-0.838361,0.497513,-0.222883,-0.545013,-0.774952,0.319971,-0.012494,0.389102,0.921125,-0.043184,-0.012593,0.048645,-0.104615,0.038174,-0.06448,-1.910912,-0.202378,-0.055363,0.300606,-0.752941,0.418393,0.507955,-0.295676,-0.90457,0.307024,0.588877,0.080465,0.804122,0.105298,-0.023038,-0.083498,-0.262859,2.211962,0.750943,-0.133199,0.026781,0.015745,-0.019499,0.741188,-0.439162,0.507717,0.320501,0.896056,0.307183,-0.589846,-0.064957,0.804898,0.044464,-0.006088,-0.045545,1.753633,3.650189,4.251769,-0.325399,0.065818,0.032556,-0.071279,0.867674,-0.449784,-0.211739,0.49661,0.803709,0.327763,0.022753,-0.389544,0.920726,-0.014226,-0.007755,0.02278,-0.09014,0.041297,-0.055332,-1.071042
538,0.133444,-0.020675,0.295005,-0.838687,0.495967,-0.225091,-0.544477,-0.774662,0.321585,-0.013835,0.391644,0.920028,-0.029852,-0.023443,0.035701,-0.107173,0.060841,-0.085493,-1.910447,-0.198451,-0.055315,0.297422,-0.668136,0.501525,0.549598,-0.339993,-0.862748,0.37417,0.662652,0.062515,0.746222,0.107511,0.006507,-0.068167,-1.968272,1.984147,0.844221,-0.097177,0.028741,0.015735,-0.021128,0.655049,-0.519396,0.548761,0.365067,0.853434,0.371989,-0.661541,-0.043337,0.748655,0.053488,0.008902,-0.038059,-1.822975,0.662158,3.13108,-0.313642,0.065072,0.032153,-0.070462,0.867935,-0.448288,-0.213835,0.496088,0.803399,0.32931,0.02417,-0.391901,0.919689,-0.022763,-0.017171,0.02188,-0.141264,-0.013879,0.034941,-1.074308
539,0.132189,-0.021866,0.296173,-0.83821,0.495209,-0.228509,-0.54515,-0.773664,0.322842,-0.015875,0.394561,0.918747,-0.031352,-0.031097,0.02635,-0.107651,0.076443,-0.109756,-1.910454,-0.194158,-0.053972,0.295122,-0.588206,0.596254,0.546338,-0.36513,-0.798499,0.478552,0.722318,0.081259,0.686671,0.109504,0.042396,-0.043216,-1.793781,2.247339,1.560098,0.019269,0.030886,0.016378,-0.022307,0.572722,-0.611698,0.545723,0.387842,0.788693,0.477012,-0.722195,-0.061541,0.688945,0.062609,0.027615,-0.025109,-1.17991,2.228631,2.818534,-0.228895,0.064444,0.031558,-0.069878,0.867437,-0.447589,-0.217291,0.496845,0.802418,0.33056,0.026403,-0.3947,0.918429,-0.015772,-0.01596,0.012697,-0.110011,0.080499,-0.111165,-1.073328
540,0.131181,-0.023037,0.297,-0.834808,0.499378,-0.231867,-0.550347,-0.769678,0.323551,-0.015854,0.397085,0.91766,-0.016446,-0.023956,0.01379,-0.071941,0.061453,-0.087696,-1.910308,-0.189541,-0.051558,0.293714,-0.515227,0.668335,0.536526,-0.359894,-0.736757,0.572364,0.778454,0.100969,0.619417,0.12542,0.067981,-0.033565,-1.423483,1.762117,1.995783,0.111843,0.03319,0.017589,-0.022997,0.496341,-0.682037,0.537093,0.379788,0.726929,0.572131,-0.780643,-0.07999,0.619835,0.054866,0.034591,-0.015395,-1.177436,2.800882,2.902781,-0.096139,0.063933,0.030964,-0.069467,0.864312,-0.45196,-0.220672,0.502257,0.798705,0.33137,0.026486,-0.397241,0.917331,-0.015767,-0.01109,0.007748,-0.070531,-0.04272,0.073924,-1.074961
541,0.130812,-0.023542,0.297302,-0.833956,0.498885,-0.235958,-0.5515,-0.769469,0.322083,-0.019846,0.398109,0.917138,-0.016589,-0.024567,0.013039,-0.068816,0.056096,-0.085067,-1.91058,-0.187439,-0.050336,0.293165,-0.455162,0.709366,0.538163,-0.36706,-0.700034,0.612497,0.811774,0.080359,0.578298,0.093138,0.068056,-0.031412,-1.611225,1.565666,1.707421,0.131643,0.034255,0.018213,-0.023255,0.434562,-0.721655,0.53886,0.385995,0.689803,0.612518,-0.813734,-0.05818,0.578317,0.054943,0.029015,-0.011555,-1.780937,2.115601,2.11735,-0.050418,0.063749,0.030709,-0.069317,0.863475,-0.451512,-0.224824,0.503462,0.798561,0.329886,0.030588,-0.398039,0.916857,-0.008272,-0.012102,0.006757,-0.061225,-0.071301,0.11066,-1.073328
542,0.130374,-0.024402,0.297726,-0.833382,0.499872,-0.235899,-0.552359,-0.769367,0.320852,-0.020075,0.397067,0.917585,-0.01657,-0.024277,0.013385,-0.070558,0.046729,-0.062949,-1.9108,-0.183898,-0.047887,0.292334,-0.347292,0.771301,0.533362,-0.363376,-0.634906,0.681753,0.86489,0.04199,0.500066,0.077626,0.062756,-0.014602,-1.510328,1.394049,1.080842,0.137235,0.036033,0.019442,-0.023674,0.324276,-0.781039,0.533687,0.380774,0.624222,0.682171,-0.865942,-0.017998,0.499819,0.03849,0.036924,-0.011481,-1.689253,1.513325,1.3868,-0.008126,0.063528,0.030275,-0.06911,0.862967,-0.452579,-0.224632,0.504329,0.798537,0.328617,0.030652,-0.396875,0.91736,-0.00058,-0.007552,0.001676,-0.042646,-0.079524,0.126627,-1.073654
543,0.130338,-0.025094,0.297943,-0.832626,0.50169,-0.234704,-0.553545,-0.768813,0.320135,-0.018803,0.395843,0.91814,0.013962,-0.016902,0.001651,-0.030321,0.019932,-0.009567,-1.910566,-0.181019,-0.044824,0.291895,-0.29743,0.809481,0.506228,-0.338458,-0.585075,0.736931,0.893068,0.046833,0.447326,0.060903,0.08334,-0.009271,-1.0599,-0.422291,3.251631,0.140872,0.037456,0.020932,-0.023895,0.274007,-0.815901,0.509141,0.355058,0.577824,0.734882,-0.893785,-0.020588,0.44802,0.03088,0.036419,-0.000183,-0.925631,0.79868,0.958028,-0.002247,0.063499,0.029933,-0.068998,0.86237,-0.454397,-0.223249,0.505434,0.798149,0.327862,0.029206,-0.395576,0.917968,-0.000629,-0.007837,0.001318,-0.051301,0.022785,-0.039209,-1.074961
544,0.130422,-0.025347,0.29798,-0.832362,0.501977,-0.23503,-0.553947,-0.768364,0.320516,-0.018665,0.396351,0.917924,0.014139,-0.016028,0.002715,-0.034172,0.000935,0.01264,-1.910406,-0.179972,-0.043288,0.291759,-0.284021,0.827744,0.483905,-0.334797,-0.558426,0.75895,0.898778,0.052508,0.435091,0.044829,0.083151,-0.008411,-0.882727,0.636015,1.120928,0.147461,0.038009,0.021738,-0.023958,0.259637,-0.835538,0.484214,0.351002,0.548766,0.758717,-0.899658,-0.027032,0.435756,0.030699,0.036412,-0.000341,-0.539259,0.112421,1.291458,0.003631,0.06354,0.029798,-0.068981,0.862073,-0.45471,-0.223755,0.505944,0.797601,0.32841,0.029136,-0.396321,0.917649,-0.000582,-0.007602,0.001602,-0.039227,0.028552,-0.04187,-1.076267
545,0.130735,-0.025761,0.297894,-0.831546,0.502799,-0.236155,-0.555162,-0.767394,0.32074,-0.018926,0.397184,0.917558,0.013796,-0.01793,0.00037,-0.034786,0.016079,-0.01187,-1.910251,-0.178395,-0.040156,0.291647,-0.267931,0.861168,0.431966,-0.336711,-0.50367,0.795535,0.902974,0.066617,0.424339,0.029556,0.074694,0.004171,-0.138441,-1.292597,3.254804,0.154451,0.038814,0.023337,-0.024015,0.24089,-0.868816,0.432585,0.350107,0.493488,0.796174,-0.905205,-0.04034,0.423055,0.014779,0.037448,0.002269,-0.101253,-1.309531,3.209609,0.017837,0.063702,0.029588,-0.06902,0.861322,-0.455563,-0.224913,0.507205,0.796679,0.328701,0.02944,-0.397194,0.917261,0.006887,-0.009025,0.000106,-0.034738,0.015943,-0.012164,-1.075451
546,0.131124,-0.026027,0.297712,-0.830507,0.503802,-0.237668,-0.556687,-0.766409,0.320452,-0.019677,0.397814,0.91727,-0.000646,-0.003401,-0.004175,0.003683,-0.105177,0.16877,-1.910488,-0.177606,-0.037165,0.291746,-0.261721,0.882867,0.389921,-0.343612,-0.462652,0.817202,0.902188,0.078785,0.423927,-0.001128,0.062055,0.01273,-0.253503,-0.095669,0.902773,0.155448,0.03921,0.024815,-0.023963,0.235158,-0.890053,0.390519,0.35679,0.452786,0.81712,-0.904102,-0.052819,0.424038,0.006829,0.036825,0.001834,-0.413591,0.045143,0.887972,0.02143,0.063896,0.029452,-0.069114,0.860433,-0.456542,-0.226327,0.50867,0.795842,0.328465,0.030163,-0.397747,0.916998,0.007235,-0.002648,-0.003003,0.000516,0.000456,0.004901,-1.075614
547,0.131351,-0.026115,0.297612,-0.83008,0.504215,-0.238285,-0.55731,-0.766038,0.320253,-0.02003,0.398003,0.91718,0.014705,-0.004059,-0.00448,0.004677,-0.119892,0.198322,-1.910979,-0.177566,-0.035903,0.291865,-0.260424,0.889182,0.376199,-0.346428,-0.449639,0.823253,0.901484,0.082948,0.424629,-0.00127,0.059224,0.008848,-0.149893,-0.161646,0.795978,0.156636,0.03923,0.025452,-0.023896,0.233619,-0.896325,0.376859,0.359075,0.439717,0.823233,-0.903596,-0.057002,0.424574,-0.000621,0.029857,0.004728,-0.291717,-0.116112,0.867684,0.022573,0.064004,0.029407,-0.069166,0.860051,-0.45696,-0.226932,0.509293,0.79552,0.32828,0.030519,-0.397912,0.916914,-0.000294,-0.001563,-0.001925,4.8e-05,-5.3e-05,-0.000165,-1.075287
548,0.131759,-0.026231,0.297483,-0.829254,0.505005,-0.239483,-0.558512,-0.765323,0.319869,-0.020718,0.398374,0.917004,0.014901,-0.003047,-0.003247,0.000447,0.000526,0.005099,-1.910752,-0.17782,-0.033965,0.29232,-0.262921,0.89838,0.351818,-0.354969,-0.429026,0.830582,0.897429,0.092361,0.431223,-0.000659,0.043843,0.011224,0.089672,-0.170557,0.278933,0.150493,0.039103,0.026429,-0.023667,0.235504,-0.905832,0.352144,0.36664,0.41837,0.830988,-0.900062,-0.066591,0.430642,-0.00768,0.015862,0.009773,0.075705,-0.262738,0.391223,0.02241,0.064208,0.02935,-0.069229,0.859213,-0.457868,-0.228272,0.510658,0.794811,0.327875,0.03131,-0.398284,0.916727,0.007556,-0.000975,-0.000956,0.001027,-0.014749,0.029446,-1.075941
549,0.132101,-0.026262,0.297456,-0.828222,0.50597,-0.241014,-0.560006,-0.76443,0.319393,-0.021609,0.398863,0.91677,0.000149,0.000794,0.000977,0.0,0.0,0.0,-1.910821,-0.178282,-0.03283,0.292968,-0.266407,0.90591,0.32916,-0.363398,-0.410585,0.836239,0.893021,0.10202,0.438143,-0.01464,0.017504,0.023557,0.010179,-0.066618,0.108881,0.140654,0.038877,0.027006,-0.023349,0.239239,-0.913439,0.329231,0.374614,0.39966,0.836622,-0.895783,-0.076818,0.437801,-0.007739,0.013783,0.007024,0.071965,-0.264431,0.427508,0.009346,0.064385,0.029331,-0.069246,0.858256,-0.458887,-0.229818,0.512206,0.794003,0.327417,0.03223,-0.398722,0.916504,9.7e-05,0.000517,0.000631,5.9e-05,-1.2e-05,-7.6e-05,-1.074634
550,0.132389,-0.026268,0.297441,-0.827222,0.506894,-0.242505,-0.561447,-0.763576,0.318906,-0.022494,0.399325,0.916548,0.015229,-0.001295,-0.001106,0.000984,-0.014715,0.029553,-1.910417,-0.178652,-0.032217,0.293928,-0.271148,0.912142,0.307354,-0.372137,-0.393711,0.8405,0.887986,0.11237,0.445777,0.00082,0.0188,0.023596,0.035748,-0.075935,0.078657,0.145031,0.038687,0.027305,-0.022877,0.244142,-0.919719,0.307427,0.38303,0.382701,0.84073,-0.890888,-0.087504,0.445713,-0.006921,0.003321,0.015932,-0.027347,-0.056615,0.045687,0.006407,0.064529,0.029332,-0.06925,0.857331,-0.459861,-0.231324,0.513697,0.793233,0.326949,0.033143,-0.399134,0.916293,0.007615,-0.000641,-0.00055,0.001029,-0.014749,0.029509,-1.075941
551,0.132481,-0.026268,0.297427,-0.82682,0.507259,-0.243108,-0.562022,-0.76324,0.318697,-0.022863,0.399502,0.916462,0.0,1e-06,1e-06,0.0,0.0,0.0,-1.910422,-0.178756,-0.031957,0.294481,-0.27383,0.913539,0.300759,-0.375755,-0.389356,0.840919,0.885639,0.116104,0.449474,0.00162,0.008308,0.032455,-0.002263,-0.053933,0.041295,0.149785,0.038634,0.027438,-0.022605,0.246933,-0.921137,0.300881,0.386545,0.378356,0.841088,-0.888597,-0.091389,0.44949,-0.007279,0.009364,0.012396,-0.005172,-0.028427,0.001238,0.009836,0.064575,0.029332,-0.069256,0.856959,-0.460247,-0.231932,0.514292,0.79293,0.326747,0.033521,-0.39929,0.916211,0.00761,-0.000675,-0.000595,0.001052,-0.014738,0.029514,-1.075124
552,0.132522,-0.026282,0.297378,-0.826076,0.507922,-0.24425,-0.563084,-0.762619,0.318308,-0.02357,0.399844,0.916295,-0.000112,-0.000601,-0.000739,0.0,0.0,0.0,-1.910207,-0.178818,-0.031451,0.295681,-0.278038,0.913617,0.29663,-0.379803,-0.388085,0.839687,0.882601,0.11965,0.454492,0.000912,0.021017,0.026019,0.014446,0.043892,-0.106285,0.156534,0.038604,0.027693,-0.021994,0.251358,-0.921266,0.296795,0.390452,0.377096,0.839848,-0.885644,-0.095218,0.454497,0.00044,0.010565,0.01308,-0.028484,0.051997,-0.097992,0.01996,0.064595,0.029325,-0.069281,0.856269,-0.460948,-0.233085,0.515392,0.792371,0.326372,0.034249,-0.399592,0.916052,0.000111,0.005234,-0.004504,0.03905,-0.120618,0.185751,-1.07643
553,0.132449,-0.026349,0.297262,-0.825489,0.508433,-0.245171,-0.563919,-0.762133,0.317993,-0.024152,0.400119,0.91616,-0.000612,-0.00329,-0.00405,0.003194,-0.089964,0.144297,-1.910095,-0.17856,-0.031064,0.296978,-0.281572,0.912321,0.297285,-0.381911,-0.39066,0.837534,0.880573,0.121138,0.458019,0.001657,0.009887,0.033946,-0.037577,0.065682,-0.116475,0.155972,0.038732,0.027884,-0.021357,0.255055,-0.920069,0.297352,0.392524,0.379566,0.837766,-0.883668,-0.096959,0.45796,0.008455,0.005048,0.016419,-0.053351,-0.047013,0.088484,0.023226,0.06456,0.029296,-0.069333,0.855782,-0.46143,-0.233916,0.516163,0.791983,0.326095,0.034788,-0.399805,0.915939,-0.000256,-0.001382,-0.001702,3.5e-05,-4e-06,-2.5e-05,-1.074634
554,0.132357,-0.026391,0.297174,-0.825251,0.508632,-0.245559,-0.564256,-0.761949,0.317838,-0.024418,0.400217,0.91611,-0.015843,-0.001962,-0.002907,-0.000984,0.014715,-0.029553,-1.90981,-0.178332,-0.030895,0.297641,-0.283346,0.911716,0.297457,-0.382927,-0.391809,0.836532,0.879564,0.121973,0.459732,0.017684,-0.001151,0.04074,-0.036943,-0.057624,0.052996,0.156062,0.03884,0.027974,-0.021027,0.256836,-0.919467,0.297682,0.393606,0.380827,0.836686,-0.882671,-0.097722,0.459718,0.008431,0.004903,0.016177,-0.032463,-0.049736,0.051464,0.02339,0.064519,0.029273,-0.069379,0.855491,-0.461713,-0.234423,0.516623,0.791759,0.32591,0.035129,-0.399922,0.915875,-0.000373,-0.002016,-0.002482,-0.000522,0.015241,-0.024474,-1.07594
555,0.132188,-0.02651,0.296925,-0.824682,0.509111,-0.246478,-0.565058,-0.761522,0.317436,-0.025066,0.400421,0.916003,-0.000867,-0.00464,-0.005729,0.0,0.0,0.0,-1.909991,-0.177692,-0.030564,0.299,-0.279645,0.912756,0.297767,-0.385459,-0.390665,0.835904,0.879637,0.117827,0.460671,0.017619,-0.001122,0.040532,0.078084,0.475612,0.122828,0.157583,0.039154,0.028136,-0.020359,0.254809,-0.919964,0.297888,0.395378,0.380248,0.836114,-0.882467,-0.095271,0.460624,0.008582,0.005399,0.016358,1.57253,4.677358,2.483775,0.023716,0.064429,0.029212,-0.069498,0.854972,-0.462212,-0.235334,0.517438,0.791375,0.325548,0.035766,-0.400106,0.91577,-0.000487,-0.002619,-0.003233,0.00321,-0.090004,0.144273,-1.076757
556,0.132014,-0.026647,0.296635,-0.824083,0.509611,-0.247443,-0.565897,-0.761081,0.316997,-0.025757,0.400622,0.915896,-0.001029,-0.005482,-0.006787,-0.000538,0.015254,-0.024446,-1.910109,-0.176768,-0.030283,0.300311,-0.283131,0.911553,0.298159,-0.387314,-0.392958,0.83397,0.877709,0.119491,0.463908,0.031955,0.009916,0.030636,0.050782,-0.023779,-0.099933,0.167177,0.03961,0.028278,-0.019701,0.256464,-0.919371,0.298298,0.397924,0.381684,0.83425,-0.880841,-0.095255,0.463728,0.015964,0.005115,0.015496,0.08286,-0.049193,-0.11758,0.029921,0.064342,0.029145,-0.069648,0.854409,-0.462748,-0.236321,0.518316,0.790988,0.325093,0.036492,-0.400252,0.915677,-0.008099,-0.001888,-0.002585,0.002196,-0.075307,0.1147,-1.0779
557,0.131899,-0.026759,0.296329,-0.823534,0.510068,-0.248328,-0.566664,-0.760715,0.316508,-0.026446,0.400735,0.915827,-0.000958,-0.005092,-0.006318,-0.000536,0.01526,-0.024442,-1.91017,-0.175767,-0.030097,0.301573,-0.286702,0.910549,0.297815,-0.389267,-0.394651,0.83226,0.875688,0.121531,0.467187,0.031813,0.008829,0.029117,0.021069,-0.083792,0.06521,0.175299,0.040118,0.028371,-0.019054,0.260341,-0.918354,0.298072,0.400069,0.383574,0.832355,-0.878729,-0.097446,0.467266,0.008296,0.004455,0.015289,-0.016946,-0.07855,0.06659,0.042821,0.064284,0.029088,-0.069803,0.853898,-0.463233,-0.237214,0.519108,0.790665,0.324613,0.037186,-0.400326,0.915616,-0.000443,-0.002377,-0.002945,2.2e-05,5e-06,-6e-06,-1.078063
558,0.131848,-0.026821,0.296185,-0.823144,0.510399,-0.248941,-0.567209,-0.760422,0.316234,-0.026875,0.400869,0.915756,-0.000958,-0.005087,-0.00632,0.003162,-0.090071,0.144231,-1.910212,-0.175246,-0.02995,0.302214,-0.290356,0.909589,0.297207,-0.392157,-0.396297,0.830117,0.873195,0.123329,0.471363,0.016597,0.009208,0.030851,0.207682,-0.118856,-0.207082,0.181316,0.040371,0.028443,-0.018751,0.263099,-0.917823,0.297285,0.402188,0.384431,0.830937,-0.876939,-0.099054,0.470281,0.008284,0.004703,0.015529,0.440647,-0.323003,-0.114816,0.048863,0.064259,0.029059,-0.069873,0.853594,-0.463526,-0.237736,0.51958,0.790453,0.324374,0.037564,-0.400407,0.915566,-0.000209,0.003497,-0.006661,0.035276,-0.015483,0.017006,-1.078553
559,0.131792,-0.026966,0.295938,-0.822531,0.510924,-0.249889,-0.568066,-0.759939,0.315856,-0.027502,0.401115,0.915629,-0.000936,-0.004961,-0.006176,-0.000535,0.015266,-0.024439,-1.910252,-0.174344,-0.029567,0.303336,-0.29408,0.908947,0.295504,-0.395045,-0.397007,0.828408,0.870648,0.125733,0.475423,0.015681,0.019893,0.021952,0.089831,-0.116418,0.063029,0.196606,0.040835,0.028631,-0.018171,0.267742,-0.916967,0.295776,0.40584,0.385755,0.828544,-0.873846,-0.101798,0.475425,0.015808,0.004346,0.014301,0.031253,-0.107586,0.050352,0.066335,0.064231,0.028985,-0.069998,0.852966,-0.464141,-0.238789,0.52056,0.78997,0.32398,0.038264,-0.400648,0.915432,-0.000415,-0.002227,-0.002772,-0.000497,0.015252,-0.024433,-1.078227
560,0.131751,-0.027104,0.295717,-0.821953,0.511419,-0.250775,-0.568873,-0.759476,0.315518,-0.028076,0.40136,0.915504,-0.000817,-0.004325,-0.005394,-0.000535,0.015267,-0.024438,-1.910499,-0.173564,-0.02915,0.304374,-0.297729,0.908103,0.294446,-0.397898,-0.39829,0.826424,0.868109,0.127744,0.479511,0.01555,0.017887,0.019427,0.09543,-0.106507,0.034967,0.206862,0.041219,0.028839,-0.017659,0.271269,-0.916267,0.29473,0.408499,0.386866,0.826717,-0.871515,-0.103866,0.479239,0.007768,0.00925,0.010058,0.119669,-0.043858,-0.127856,0.081357,0.06421,0.028917,-0.070108,0.852429,-0.464667,-0.239683,0.521396,0.789553,0.323652,0.038852,-0.40086,0.915314,-0.000413,-0.00221,-0.002755,-0.000518,0.015277,-0.024443,-1.07839
561,0.131747,-0.02717,0.295601,-0.821641,0.511687,-0.25125,-0.569308,-0.75923,0.315326,-0.02839,0.401483,0.915441,-0.000885,-0.004686,-0.005851,-0.000535,0.015269,-0.024437,-1.91064,-0.173242,-0.028934,0.304818,-0.297757,0.908283,0.293861,-0.397772,-0.397753,0.826743,0.868157,0.128131,0.479321,0.016337,0.006031,0.026684,-0.04167,0.066757,-0.110614,0.216005,0.041392,0.028957,-0.017419,0.271526,-0.916415,0.294034,0.408317,0.386342,0.827053,-0.871521,-0.104508,0.47909,0.008151,0.00293,0.013231,-0.056609,0.072074,-0.106348,0.090175,0.064209,0.028883,-0.070166,0.852139,-0.464951,-0.240163,0.521846,0.789332,0.323466,0.039173,-0.400966,0.915254,-0.000404,-0.002156,-0.00269,2.9e-05,5e-06,1e-06,-1.07839
562,0.131713,-0.027339,0.295357,-0.820951,0.51228,-0.252298,-0.570269,-0.75866,0.314959,-0.029043,0.401802,0.91528,-0.000989,-0.00523,-0.006545,-0.000535,0.01527,-0.024436,-1.910649,-0.17278,-0.02841,0.305588,-0.297729,0.908365,0.293634,-0.397556,-0.3975,0.826968,0.868266,0.128329,0.479072,0.015409,0.015583,0.016556,0.005642,-0.044723,0.078615,0.22985,0.041617,0.029213,-0.017041,0.271392,-0.91651,0.293862,0.407983,0.386081,0.82734,-0.87172,-0.104643,0.478699,0.000145,0.007366,0.008486,-0.008707,0.073578,-0.120255,0.109443,0.064191,0.028798,-0.07029,0.851507,-0.46557,-0.241203,0.522827,0.788826,0.323116,0.039835,-0.401243,0.915104,-0.000493,-0.002632,-0.003294,-0.00051,0.015256,-0.024431,-1.079043
563,0.13168,-0.027493,0.295114,-0.820315,0.512822,-0.253263,-0.57115,-0.758149,0.314593,-0.029664,0.402075,0.915141,-0.000865,-0.00457,-0.005731,-0.000535,0.015272,-0.024435,-1.910261,-0.172543,-0.027876,0.30618,-0.297553,0.907985,0.294986,-0.397123,-0.398578,0.826658,0.868524,0.127683,0.478776,0.000263,0.012967,0.014869,0.003599,-0.029518,0.04937,0.235612,0.041741,0.029476,-0.01675,0.271195,-0.916174,0.295088,0.407632,0.387049,0.82706,-0.871945,-0.104007,0.478428,0.000111,0.005909,0.006773,0.002048,-0.013946,0.025143,0.12169,0.064175,0.028722,-0.070409,0.850975,-0.466087,-0.242081,0.523648,0.788415,0.32279,0.040412,-0.401451,0.914987,-0.000451,-0.002396,-0.003003,-0.000533,0.015266,-0.024438,-1.078227
564,0.131656,-0.027579,0.294907,-0.819792,0.51326,-0.254066,-0.571869,-0.757767,0.314208,-0.030236,0.402235,0.915051,-0.000548,-0.002891,-0.003631,0.0,0.0,0.0,-1.910319,-0.17249,-0.027457,0.306655,-0.297346,0.907455,0.296821,-0.396529,-0.400056,0.826229,0.868866,0.126832,0.478381,0.000189,0.009523,0.010871,0.0018,-0.014759,0.024685,0.234195,0.041768,0.029694,-0.016502,0.270964,-0.915623,0.297003,0.407068,0.388596,0.826612,-0.87228,-0.103081,0.478017,-0.000336,0.01033,0.001349,0.025992,0.077034,-0.127214,0.124466,0.064162,0.028675,-0.070518,0.850429,-0.466611,-0.242988,0.524485,0.788024,0.322385,0.041052,-0.401609,0.91489,-0.000304,-0.00162,-0.002033,-0.000512,0.01529,-0.024439,-1.078553
565,0.131637,-0.027602,0.294828,-0.819506,0.513499,-0.254507,-0.572263,-0.757554,0.314004,-0.030546,0.40233,0.915,-0.000392,-0.002065,-0.002596,0.0,0.0,0.0,-1.910294,-0.172532,-0.027279,0.306862,-0.297255,0.907197,0.297698,-0.396243,-0.400767,0.826021,0.869027,0.126432,0.478194,0.000175,0.00878,0.010003,-0.01062,0.087097,-0.145673,0.233635,0.041747,0.029779,-0.016404,0.270881,-0.915402,0.297759,0.406844,0.389211,0.826432,-0.87241,-0.102724,0.477856,-0.007438,0.004125,0.005404,0.001669,-0.013866,0.020387,0.124793,0.064152,0.028663,-0.070559,0.850162,-0.466865,-0.243433,0.524892,0.787835,0.322186,0.041367,-0.401687,0.914841,-0.000221,-0.00118,-0.001482,1.7e-05,1e-06,-4e-06,-1.07839
566,0.131628,-0.027606,0.294723,-0.819044,0.513884,-0.255216,-0.572895,-0.757224,0.313646,-0.031063,0.402459,0.914925,-6.2e-05,-0.000329,-0.000414,0.0,0.0,0.0,-1.910131,-0.172664,-0.027029,0.307127,-0.297148,0.906866,0.298811,-0.395926,-0.401681,0.82573,0.869209,0.125911,0.478002,-0.014926,0.004366,0.006365,-0.000245,0.000445,-0.004561,0.233289,0.041686,0.029911,-0.016264,0.270755,-0.915045,0.298971,0.40653,0.390206,0.826119,-0.872596,-0.102136,0.477644,-0.000388,0.007588,-0.001788,0.036518,-0.01029,0.018335,0.124793,0.064148,0.028659,-0.070613,0.849732,-0.467274,-0.244149,0.525546,0.787541,0.321837,0.041891,-0.401787,0.914774,0.000164,0.005487,-0.004193,0.035266,-0.015489,0.01699,-1.07888
567,0.13165,-0.027605,0.294708,-0.818345,0.514479,-0.256257,-0.573857,-0.75664,0.313298,-0.031695,0.402796,0.914755,-0.0,-0.0,-1e-06,0.00368,-0.105467,0.168589,-1.910641,-0.172877,-0.026936,0.307238,-0.297685,0.908129,0.294408,-0.397348,-0.398152,0.826755,0.868376,0.127984,0.478964,-0.000832,0.011643,-0.007594,0.036456,-0.010645,0.018206,0.230669,0.041575,0.029956,-0.016202,0.271259,-0.916338,0.294519,0.407846,0.386592,0.827168,-0.871825,-0.104258,0.478592,0.0,0.000111,0.000128,-0.000352,0.004014,-0.006181,0.124303,0.064159,0.028662,-0.070618,0.849153,-0.467837,-0.245086,0.526435,0.787071,0.321534,0.042475,-0.402053,0.91463,1e-05,4.7e-05,5.8e-05,-7e-06,-1.3e-05,8e-06,-1.079533
568,0.131651,-0.027608,0.294721,-0.818872,0.514704,-0.254113,-0.573243,-0.756472,0.314824,-0.029173,0.402825,0.914827,4.1e-05,0.000214,0.000269,-0.000291,0.00047,-0.000243,-1.910687,-0.173035,-0.026934,0.30724,-0.298293,0.909598,0.289213,-0.399027,-0.393981,0.827943,0.867397,0.130417,0.48008,-0.000847,0.010792,-0.00856,0.050994,-0.13902,0.230611,0.226206,0.041495,0.029959,-0.016206,0.271824,-0.917819,0.28934,0.409426,0.382389,0.82834,-0.870908,-0.1067,0.479722,-0.000428,0.005222,-0.004474,0.052091,-0.147114,0.244433,0.121854,0.06416,0.028661,-0.070611,0.849607,-0.468103,-0.242993,0.525898,0.786808,0.323054,0.039966,-0.402259,0.914652,3.1e-05,0.000164,0.000207,0.002334,-0.003833,0.001979,-1.079206
569,0.131641,-0.027601,0.294729,-0.8185,0.51502,-0.254673,-0.573757,-0.756154,0.314652,-0.029505,0.403018,0.914731,1e-06,3e-06,3e-06,-0.0,0.0,-0.0,-1.909948,-0.17349,-0.02697,0.307179,-0.298564,0.910111,0.287312,-0.399714,-0.392492,0.828319,0.866988,0.131314,0.480575,-0.01505,-0.001728,-0.000575,-0.002045,0.015205,-0.029245,0.218682,0.041268,0.029938,-0.01624,0.272074,-0.918335,0.287465,0.410066,0.3809,0.82871,-0.870529,-0.107591,0.480211,-0.007527,-0.000943,-0.000373,-0.00207,0.015996,-0.030237,0.112383,0.064155,0.028665,-0.070606,0.849245,-0.468438,-0.243613,0.526452,0.786519,0.322853,0.040369,-0.402432,0.914558,-0.00765,0.000689,0.000599,-0.000924,0.014611,-0.029496,-1.07937
570,0.131639,-0.027604,0.294709,-0.817988,0.515452,-0.25544,-0.57446,-0.755728,0.314391,-0.029976,0.403263,0.914608,-5e-05,-0.000262,-0.000329,0.0,0.0,0.0,-1.910122,-0.174042,-0.026981,0.307202,-0.29912,0.9113,0.282935,-0.401121,-0.389007,0.829283,0.866147,0.133413,0.481512,-0.014991,0.000791,0.002276,-0.000133,-0.0006,-0.002843,0.217107,0.040991,0.029927,-0.016235,0.272602,-0.919554,0.283034,0.411391,0.37733,0.829686,-0.869738,-0.109736,0.481156,-0.007495,0.000417,0.001171,-0.000522,0.003241,-0.008957,0.107811,0.064154,0.028664,-0.070615,0.848769,-0.468898,-0.244387,0.527182,0.786134,0.322601,0.040854,-0.402651,0.91444,-2.7e-05,-0.000138,-0.000172,1.1e-05,-9e-06,5e-06,-1.079533
571,0.131649,-0.02761,0.294702,-0.81731,0.516027,-0.256449,-0.575393,-0.755149,0.314076,-0.030573,0.40361,0.914435,-1e-06,-3e-06,-3e-06,0.0,0.0,0.0,-1.910243,-0.174592,-0.026945,0.30731,-0.299398,0.911792,0.281048,-0.401686,-0.387519,0.829706,0.865789,0.134367,0.481891,-0.014951,0.002118,0.00377,-0.000253,0.000441,-0.004563,0.215744,0.040716,0.029945,-0.016181,0.272859,-0.92004,0.281201,0.411899,0.375869,0.830096,-0.869417,-0.110673,0.481523,-0.007476,0.001103,0.001944,-0.00029,0.0012,-0.005635,0.104545,0.064159,0.02866,-0.07062,0.848137,-0.469509,-0.245406,0.52815,0.785608,0.322298,0.041472,-0.402965,0.914274,1e-06,8e-06,1.1e-05,2.3e-05,1.7e-05,-5e-06,-1.07937
572,0.13166,-0.027617,0.294694,-0.816931,0.516347,-0.25701,-0.575913,-0.754827,0.3139,-0.030904,0.403803,0.914338,-6.6e-05,-0.000349,-0.000439,0.00368,-0.105467,0.168589,-1.9097,-0.174918,-0.026921,0.307367,-0.299672,0.912356,0.278917,-0.402358,-0.385824,0.830169,0.865382,0.135401,0.482331,-0.014971,0.001256,0.002785,-0.002045,0.015205,-0.029245,0.216225,0.040559,0.029959,-0.016151,0.27312,-0.920622,0.279032,0.412535,0.374123,0.830569,-0.869033,-0.111735,0.481969,-0.007481,0.000848,0.001651,-0.002198,0.016846,-0.031786,0.104055,0.064165,0.028658,-0.070623,0.847854,-0.469782,-0.245859,0.528582,0.785373,0.322162,0.041746,-0.403104,0.914201,-4.3e-05,-0.000224,-0.000282,1.4e-05,3e-06,-3e-06,-1.079533
573,0.131719,-0.027672,0.294627,-0.816196,0.516972,-0.258086,-0.576918,-0.754201,0.313556,-0.031537,0.404171,0.914154,-0.000331,-0.001749,-0.002201,0.003683,-0.105467,0.168589,-1.910231,-0.175614,-0.026834,0.30753,-0.302366,0.913666,0.271626,-0.406321,-0.381205,0.830373,0.862591,0.139555,0.486131,-0.014896,0.003534,0.005349,0.001644,-0.001864,-0.00373,0.217222,0.040206,0.03,-0.016071,0.27586,-0.921992,0.271718,0.416473,0.369425,0.830707,-0.866285,-0.115996,0.485894,-0.00745,0.001835,0.00276,-0.013441,0.006462,-0.008518,0.104055,0.064195,0.028632,-0.070654,0.8471,-0.470512,-0.247058,0.529732,0.784747,0.321798,0.042469,-0.40347,0.914006,-0.00018,-0.000949,-0.001194,0.0037,-0.105457,0.168591,-1.080186
574,0.131765,-0.027783,0.294439,-0.819488,0.512596,-0.256375,-0.572221,-0.75723,0.314861,-0.031723,0.404087,0.914185,-0.000372,0.007323,-0.012987,0.034721,-0.000197,-0.007426,-1.910534,-0.176307,-0.026649,0.307786,-0.304492,0.913536,0.269681,-0.408587,-0.380904,0.829399,0.860774,0.141203,0.488869,-0.014833,0.005038,0.007024,0.015335,0.002931,-0.037867,0.21774,0.039865,0.030092,-0.015945,0.278015,-0.921897,0.269836,0.418853,0.369143,0.829635,-0.864447,-0.11763,0.488767,-0.007402,0.003136,0.004221,-0.010497,-0.006683,-0.009627,0.104871,0.064218,0.028575,-0.070742,0.850125,-0.465954,-0.2453,0.52485,0.787502,0.323066,0.04264,-0.403392,0.914032,-0.000331,-0.001752,-0.00221,0.000118,-0.000275,0.000292,-1.079533
575,0.131772,-0.027858,0.294328,-0.819393,0.512679,-0.256517,-0.572353,-0.757159,0.314792,-0.031822,0.404114,0.91417,-0.000851,-0.004496,-0.005673,-0.000534,0.015285,-0.024427,-1.910289,-0.17664,-0.026534,0.307963,-0.304496,0.913418,0.270075,-0.408429,-0.381238,0.829324,0.860848,0.141065,0.488779,-0.029792,0.00546,0.008809,-0.003835,0.030231,-0.058617,0.220577,0.039693,0.030152,-0.015854,0.277989,-0.921784,0.270248,0.418484,0.369452,0.829683,-0.864633,-0.117548,0.488456,-0.014896,0.002866,0.004569,-0.00996,0.032224,-0.057162,0.105851,0.064222,0.028541,-0.0708,0.850027,-0.466049,-0.24546,0.524998,0.787442,0.32297,0.042766,-0.403399,0.914023,-0.000395,-0.002107,-0.002659,-7e-06,-1.1e-05,0.000138,-1.079696
576,0.131759,-0.028019,0.294043,-0.819055,0.51296,-0.257032,-0.572814,-0.756926,0.314515,-0.032206,0.404194,0.914121,-0.000715,0.005525,-0.015279,0.034722,-0.000193,-0.007424,-1.910842,-0.177179,-0.026246,0.308367,-0.304759,0.913858,0.268284,-0.408933,-0.379832,0.82972,0.860515,0.141999,0.489094,-0.014692,0.008232,0.010564,-0.000262,0.000439,-0.004558,0.229835,0.039428,0.030292,-0.015656,0.278208,-0.922256,0.268406,0.418925,0.367965,0.830122,-0.864349,-0.118505,0.488727,-0.007348,0.004307,0.005506,-0.000543,0.003608,-0.008776,0.114832,0.064215,0.028457,-0.07094,0.849718,-0.466346,-0.245965,0.525469,0.787229,0.322726,0.043129,-0.403473,0.913973,-0.000519,-0.002761,-0.003493,-0.000536,0.015315,-0.024347,-1.075777
577,0.131695,-0.028202,0.293726,-0.821624,0.508481,-0.257734,-0.568947,-0.759974,0.314183,-0.035097,0.40414,0.914039,-0.001192,-0.006278,-0.007962,-0.000533,0.015291,-0.024423,-1.910134,-0.177469,-0.025902,0.30881,-0.304708,0.913598,0.269225,-0.408574,-0.3806,0.829545,0.860704,0.141616,0.488873,0.000352,0.01027,0.011496,0.001781,-0.014762,0.024684,0.231774,0.039278,0.030463,-0.015435,0.278144,-0.921981,0.269417,0.418571,0.368794,0.829932,-0.864541,-0.118071,0.488493,-0.007305,0.005208,0.006487,-0.010674,0.087875,-0.15016,0.121037,0.064183,0.028369,-0.071101,0.852043,-0.461722,-0.246644,0.521441,0.790069,0.322317,0.046045,-0.403239,0.913935,-0.0004,0.002523,-0.007949,0.034629,-0.000188,-0.007201,-1.07692
