frame,MLTx,MLTy,MLTz,MLTR1,MLTR2,MLTR3,MLTR4,MLTR5,MLTR6,MLTR7,MLTR8,MLTR9,MLTTVx,MLTTVy,MLTTVz,MLTRVx,MLTRVy,MLTRVz,MLGA,MRTx,MRTy,MRTz,MRTR1,MRTR2,MRTR3,MRTR4,MRTR5,MRTR6,MRTR7,MRTR8,MRTR9,MRTTVx,MRTTVy,MRTTVz,MRTRVx,MRTRVy,MRTRVz,MRGA,SLTx,SLTy,SLTz,SLTR1,SLTR2,SLTR3,SLTR4,SLTR5,SLTR6,SLTR7,SLTR8,SLTR9,SLTTVx,SLTTVy,SLTTVz,SLTRVx,SLTRVy,SLTRVz,SLGA,SRTx,SRTy,SRTz,SRTR1,SRTR2,SRTR3,SRTR4,SRTR5,SRTR6,SRTR7,SRTR8,SRTR9,SRTTVx,SRTTVy,SRTTVz,SRTRVx,SRTRVy,SRTRVz,SRGA
480,0.038812,0.06489,0.347831,-0.814602,0.194655,-0.546423,-0.463071,-0.785562,0.4104,-0.348353,0.5871,0.730747,0.039437,-0.031766,-0.021051,3.638353,-1.714229,-3.549285,-1.126449,-0.139416,0.063268,0.309211,0.462,-0.566155,0.682653,0.231818,0.819962,0.523313,-0.856588,-0.082814,0.509178,0.051244,-0.010851,-0.046122,-0.20088,1.041152,0.518026,0.530661,0.020652,0.047861,-0.028293,-0.390186,0.499141,0.773701,-0.100914,-0.858428,0.502909,0.915189,0.118151,0.385317,0.025714,-0.006064,-0.023576,0.564707,1.704576,1.135343,0.521915,0.057303,0.054767,-0.067189,-0.729312,0.37469,-0.572459,-0.633983,-0.684679,0.359553,-0.25723,0.625157,0.736892,0.020003,-0.015344,-0.010147,0.350085,0.389865,0.16819,-0.831005
481,0.040489,0.063922,0.347148,-0.825019,0.187437,-0.533156,-0.442258,-0.801487,0.402491,-0.350854,0.567618,0.744807,0.043522,-0.023959,-0.01534,0.511775,-0.014726,-0.111246,-1.191091,-0.137264,0.062543,0.307472,0.405176,-0.597968,0.691562,0.268965,0.800832,0.535033,-0.874248,-0.030033,0.484409,0.053163,-0.022186,-0.039656,-0.281757,0.466094,0.211914,0.533695,0.021704,0.047505,-0.029155,-0.334286,0.534886,0.775982,-0.137211,-0.842196,0.521418,0.932429,0.067829,0.354927,0.026603,-0.011221,-0.01994,-0.180793,1.01722,0.45285,0.522405,0.058153,0.054266,-0.067548,-0.742967,0.367668,-0.559302,-0.613515,-0.708144,0.349471,-0.267578,0.602787,0.751697,0.020828,-0.017171,-0.00353,1.148046,-0.320497,-1.127082,-0.840476
482,0.041283,0.063438,0.346904,-0.832475,0.173357,-0.526287,-0.421638,-0.814457,0.398563,-0.358513,0.553477,0.75177,0.043975,-0.023151,-0.01477,0.478285,0.376251,0.082436,-1.215417,-0.136049,0.062147,0.306754,0.386469,-0.606613,0.694733,0.279226,0.794771,0.5388,-0.879463,-0.013488,0.475631,0.067205,-0.030786,-0.031996,-0.290445,0.565048,0.317827,0.534158,0.022331,0.047299,-0.029534,-0.316237,0.544083,0.777152,-0.147432,-0.837427,0.526288,0.937153,0.051855,0.345041,0.032819,-0.009451,-0.019335,-0.020201,0.880531,0.322238,0.522732,0.05854,0.054039,-0.067666,-0.753423,0.353781,-0.554249,-0.59566,-0.724198,0.347454,-0.278464,0.591924,0.756361,0.022268,-0.011028,-0.007007,0.89524,-0.603419,-1.270709,-0.841129
483,0.042686,0.062327,0.346699,-0.840279,0.151895,-0.520485,-0.392909,-0.832117,0.391377,-0.372615,0.533177,0.759545,0.029194,-0.03852,0.005305,0.116,0.265922,0.00038,-1.290317,-0.133021,0.06135,0.305552,0.349755,-0.623479,0.69924,0.312956,0.781168,0.540157,-0.883421,0.030683,0.467429,0.091658,-0.019263,-0.02586,0.077183,0.172013,0.071199,0.534282,0.023837,0.046889,-0.030143,-0.279193,0.564021,0.777129,-0.180628,-0.825712,0.534388,0.943092,0.008826,0.332411,0.039617,-0.010581,-0.01305,0.349126,0.364795,0.156138,0.522569,0.059259,0.053478,-0.067778,-0.765628,0.335276,-0.549001,-0.57071,-0.747812,0.339213,-0.29682,0.573032,0.763892,0.021587,-0.015825,-0.002558,0.189681,0.148927,0.183342,-0.841455
484,0.043772,0.061017,0.346874,-0.848284,0.127577,-0.513987,-0.357149,-0.854458,0.377251,-0.39,0.503423,0.771033,0.030428,-0.036287,0.006974,0.788555,0.372205,0.076486,-1.350144,-0.129561,0.060373,0.304705,0.309517,-0.642474,0.701012,0.350674,0.76228,0.543958,-0.884217,0.07826,0.460325,0.09226,-0.018282,-0.025624,1.035206,1.105654,0.831784,0.534846,0.025565,0.046408,-0.03056,-0.241924,0.584681,0.774351,-0.217533,-0.810425,0.543956,0.945595,-0.036851,0.323249,0.047006,-0.014722,-0.009344,3.677769,3.121116,2.810226,0.522405,0.059813,0.052809,-0.067688,-0.778796,0.311604,-0.544406,-0.539235,-0.77597,0.327253,-0.32047,0.548427,0.772351,0.015271,-0.01802,0.003556,0.744596,0.338656,0.059515,-0.837536
485,0.044515,0.059651,0.347413,-0.858259,0.091538,-0.505031,-0.305618,-0.881679,0.35946,-0.411307,0.462738,0.78532,0.018054,-0.040121,0.019682,3.134991,-1.43545,-4.209756,-1.376905,-0.126013,0.059455,0.303839,0.308408,-0.644275,0.699846,0.350767,0.760796,0.545973,-0.884566,0.0779,0.459716,0.092926,-0.017711,-0.025747,0.003897,-0.033269,0.116264,0.534839,0.027374,0.045945,-0.031,-0.239847,0.587275,0.773033,-0.21859,-0.808498,0.546396,0.945881,-0.037926,0.322288,0.046472,-0.008837,-0.012916,0.003592,-0.036446,0.113689,0.522405,0.060185,0.052125,-0.067419,-0.795785,0.280756,-0.536565,-0.494829,-0.81224,0.308885,-0.349099,0.511314,0.785294,0.009174,-0.019805,0.010002,3.133177,-1.425126,-4.206025,-0.829862
486,0.04481,0.058942,0.3478,-0.864119,0.073024,-0.498007,-0.276283,-0.895873,0.347924,-0.419673,0.438143,0.794942,0.018632,-0.039034,0.020523,1.49219,0.169971,-0.808214,-1.389519,-0.124179,0.059116,0.303335,0.30831,-0.646342,0.697982,0.351678,0.759093,0.547754,-0.884238,0.07739,0.460432,0.093173,-0.016948,-0.02541,0.006437,-0.051591,0.13836,0.534396,0.028256,0.045781,-0.031243,-0.240183,0.589322,0.771369,-0.219272,-0.807029,0.548291,0.945638,-0.037449,0.323056,0.046663,-0.008881,-0.01311,0.002342,-0.034838,0.115223,0.522569,0.060326,0.051786,-0.067233,-0.805563,0.261672,-0.531596,-0.468048,-0.831175,0.300129,-0.363314,0.490585,0.79204,0.003559,-0.017115,0.011737,3.108364,-1.390543,-4.284399,-0.829862
487,0.045229,0.057717,0.348683,-0.874452,0.03228,-0.484084,-0.218089,-0.917465,0.332668,-0.432306,0.39643,0.809927,0.008581,-0.0312,0.02583,0.301068,0.483441,0.055497,-1.413356,-0.12056,0.05847,0.30228,0.307046,-0.648416,0.696613,0.352729,0.757283,0.549581,-0.884257,0.077774,0.460329,0.094189,-0.018413,-0.027332,0.003596,-0.033333,0.116247,0.53444,0.030064,0.045463,-0.031766,-0.23932,0.591533,0.769944,-0.220095,-0.805396,0.550358,0.945665,-0.037749,0.32294,0.047085,-0.009115,-0.013642,0.002527,-0.034671,0.116294,0.522569,0.060538,0.05117,-0.066794,-0.824906,0.223777,-0.519088,-0.413684,-0.864796,0.284592,-0.38522,0.449501,0.805948,0.005357,-0.009989,0.009005,0.474846,0.524848,0.017678,-0.829535
488,0.045588,0.056856,0.349589,-0.880245,-0.020186,-0.474137,-0.155708,-0.931522,0.328623,-0.44721,0.363116,0.817421,0.011939,-0.017532,0.019859,0.030825,0.176981,-0.129676,-1.416968,-0.116963,0.057681,0.301172,0.306628,-0.651864,0.693573,0.354162,0.754396,0.55262,-0.883829,0.076998,0.461281,0.095181,-0.019317,-0.028852,0.003387,-0.033374,0.116239,0.534645,0.031862,0.045068,-0.03232,-0.239603,0.595134,0.767075,-0.221198,-0.802773,0.553737,0.945336,-0.036998,0.323989,0.041299,-0.010875,-0.01471,0.000588,-0.018783,0.086646,0.522732,0.060718,0.050736,-0.066338,-0.841606,0.173779,-0.511369,-0.355517,-0.891014,0.282312,-0.406578,0.419396,0.811665,8e-06,-0.006659,0.011201,0.045876,0.136074,-0.252453,-0.824146
489,0.045751,0.056592,0.350017,-0.880543,-0.041971,-0.472151,-0.132673,-0.93446,0.330385,-0.45398,0.353607,0.817857,0.012887,-0.01555,0.021325,0.17159,-0.146738,-0.37847,-1.416594,-0.115284,0.05728,0.300593,0.310213,-0.651464,0.692354,0.350317,0.755273,0.553872,-0.884115,0.071534,0.461613,0.082488,-0.019366,-0.027546,-0.343123,-0.293672,-0.142607,0.534224,0.032682,0.044871,-0.032604,-0.242211,0.595158,0.766237,-0.218505,-0.802926,0.554585,0.945298,-0.033101,0.324522,0.041271,-0.009332,-0.013661,-3.830547,-3.090433,-2.434088,0.522732,0.060797,0.050602,-0.066131,-0.846158,0.153704,-0.510285,-0.335144,-0.897942,0.285266,-0.414361,0.412399,0.811314,0.006413,-0.007992,0.01052,2.532079,-1.699876,-4.665268,-0.817615
490,0.045968,0.056273,0.350707,-0.878656,-0.066519,-0.472846,-0.107285,-0.937452,0.331128,-0.464206,0.341754,0.817155,-0.000447,-0.014387,0.021626,-0.064964,0.031336,-0.002102,-1.416515,-0.112814,0.056679,0.299676,0.344319,-0.636386,0.690252,0.310833,0.770922,0.555874,-0.886294,0.023946,0.462354,0.05572,-0.014664,-0.02029,-0.012083,-0.15714,0.182404,0.531753,0.033976,0.044545,-0.033093,-0.276463,0.577264,0.768331,-0.176817,-0.816397,0.549754,0.944618,0.016133,0.327774,0.027791,-0.006948,-0.009835,-0.014362,-0.156691,0.188203,0.522732,0.060915,0.050445,-0.065766,-0.849405,0.127688,-0.512059,-0.309427,-0.906505,0.287231,-0.427509,0.402421,0.809501,-0.000293,-0.0073,0.010731,-0.065737,0.032561,0.000274,-0.813533
491,0.04629,0.056061,0.351071,-0.872434,-0.109737,-0.4763,-0.061665,-0.941995,0.32987,-0.483788,0.317292,0.81566,0.012229,-0.010188,0.009149,2.603882,-1.928333,-4.336295,-1.419044,-0.110881,0.05629,0.299096,0.41707,-0.624499,0.660338,0.262691,0.778268,0.570287,-0.870568,-0.063606,0.48778,0.04113,-0.006893,-0.011695,-0.685664,-3.170747,1.078675,0.526449,0.034928,0.044348,-0.033383,-0.348651,0.561912,0.750131,-0.12664,-0.821254,0.556329,0.928657,0.098968,0.357492,0.020647,-0.003491,-0.005954,-3.166411,-3.765677,-2.886667,0.522895,0.061073,0.050345,-0.065586,-0.851473,0.089272,-0.516742,-0.270846,-0.918659,0.287586,-0.449037,0.38483,0.806394,0.006247,-0.004786,0.004792,-0.010592,-0.020104,0.006952,-0.817778
492,0.046527,0.055933,0.35118,-0.866132,-0.13481,-0.481338,-0.036474,-0.943355,0.329732,-0.497448,0.30331,0.812757,0.025325,-0.005089,-0.00267,0.227601,-0.313854,-0.187294,-1.420185,-0.110183,0.056402,0.298838,0.446378,-0.626631,0.638806,0.256639,0.773435,0.579543,-0.857776,-0.09397,0.505226,0.025099,0.00857,-0.013255,0.25375,-0.54534,0.179928,0.530949,0.03527,0.044392,-0.033509,-0.383402,0.562967,0.732168,-0.119101,-0.816267,0.565263,0.915869,0.129521,0.380009,0.012407,0.004912,-0.006083,0.185801,-2.548848,1.535372,0.522732,0.061183,0.050285,-0.065529,-0.850361,0.059744,-0.522795,-0.24267,-0.926096,0.288886,-0.4669,0.372524,0.802015,0.006911,-0.00019,0.000159,2.669772,-1.950068,-4.285883,-0.820717
493,0.047052,0.055604,0.351299,-0.838599,-0.204077,-0.505124,0.034191,-0.945094,0.324962,-0.542665,0.25549,0.800167,0.011179,-0.012413,0.007512,1.14497,-2.381187,1.067525,-1.42294,-0.109301,0.056898,0.298566,0.497247,-0.625193,0.601557,0.241551,0.765593,0.5962,-0.833895,-0.150369,0.530916,0.012509,0.003323,0.001183,-0.934425,-1.389684,-0.391468,0.533559,0.035729,0.044647,-0.033655,-0.439068,0.56036,0.702292,-0.103939,-0.8081,0.579802,0.89242,0.181577,0.413054,0.011497,0.009408,-0.002008,-3.276471,-3.58354,-2.503759,0.523385,0.061457,0.050109,-0.065471,-0.836341,-0.014665,-0.548011,-0.172097,-0.942084,0.287854,-0.520494,0.335055,0.78538,0.005518,-0.006321,0.003647,1.191998,-2.328084,1.0766,-0.823657
494,0.047852,0.055162,0.351587,-0.791543,-0.281963,-0.542219,0.11466,-0.939986,0.321327,-0.599297,0.192519,0.77705,0.013844,-0.006743,0.011659,1.484649,-2.962454,-0.128258,-1.43261,-0.108789,0.057094,0.29868,0.556423,-0.605646,0.568839,0.187933,0.758492,0.623942,-0.81003,-0.239511,0.535115,-0.000819,0.003715,0.003379,-1.089625,-3.064803,1.857866,0.524865,0.035989,0.044754,-0.033591,-0.499498,0.537118,0.679709,-0.045795,-0.799872,0.598419,0.865103,0.267782,0.424132,0.006059,0.002847,0.001638,-3.574721,-3.708353,-2.055526,0.522079,0.061847,0.049881,-0.065338,-0.805507,-0.097811,-0.584457,-0.093291,-0.953053,0.288072,-0.585195,0.286569,0.758566,0.012108,-0.010712,0.008835,2.543959,-2.286739,-4.898521,-0.82529
495,0.048914,0.05438,0.352311,-0.724441,-0.34822,-0.594956,0.191995,-0.930824,0.31093,-0.661171,0.111449,0.74193,0.036868,-0.023425,0.016534,3.790998,-4.444131,-2.609209,-1.447203,-0.108481,0.057092,0.298971,0.601788,-0.592111,0.535954,0.14263,0.739847,0.657432,-0.786536,-0.318445,0.528977,0.014094,-0.006214,0.009883,-0.753101,-0.322603,0.622618,0.520056,0.036136,0.044764,-0.033441,-0.550903,0.522305,0.650923,0.00241,-0.778953,0.627075,0.834565,0.347027,0.427869,0.000631,-0.004028,0.005008,-1.541689,-1.124701,0.300975,0.520283,0.062386,0.049492,-0.064968,-0.749268,-0.174615,-0.638832,-0.015728,-0.95965,0.280753,-0.662079,0.220407,0.716289,0.018455,-0.011605,0.008317,3.761164,-4.415988,-2.645961,-0.833944
496,0.049512,0.053728,0.352813,-0.686838,-0.360614,-0.631075,0.215638,-0.930258,0.2968,-0.69324,0.068212,0.71749,0.035101,-0.034035,0.024871,0.145363,-1.377827,0.353176,-1.466653,-0.108334,0.056976,0.299096,0.618476,-0.590695,0.518225,0.127349,0.725995,0.675757,-0.776156,-0.351198,0.52355,0.001933,-0.011056,0.007333,-0.96794,-0.139052,0.743008,0.519702,0.036214,0.044708,-0.033371,-0.570558,0.520206,0.63549,0.019261,-0.765113,0.643607,0.821031,0.379456,0.426522,0.000973,-0.005614,0.003583,-0.886055,-0.179726,0.682642,0.518976,0.062672,0.049179,-0.064726,-0.712869,-0.194632,-0.673746,0.009722,-0.963366,0.268011,-0.701228,0.184507,0.688647,0.011599,-0.014881,0.013695,1.507669,-3.442251,0.859533,-0.832801
497,0.050639,0.052093,0.354213,-0.623816,-0.40405,-0.669062,0.27871,-0.914741,0.292477,-0.729417,-0.003527,0.68408,0.021996,-0.03941,0.036601,0.628888,-1.442198,-0.343415,-1.514176,-0.108344,0.056809,0.299496,0.657109,-0.572574,0.490263,0.085824,0.702868,0.706077,-0.749681,-0.421168,0.510352,0.000113,-0.002853,0.014769,-1.489475,-1.203472,0.258257,0.519762,0.036212,0.044613,-0.033194,-0.608368,0.503842,0.613214,0.05941,-0.741567,0.668242,0.791428,0.442968,0.421212,-4.1e-05,-0.00105,0.007721,-0.700246,-0.402516,0.58028,0.518486,0.063241,0.048365,-0.06403,-0.658621,-0.24786,-0.710481,0.074035,-0.960956,0.266609,-0.748823,0.122994,0.651256,0.0162,-0.026821,0.02141,3.103586,-2.573679,-3.204136,-0.851416
498,0.051579,0.050445,0.355768,-0.575316,-0.433561,-0.693601,0.328147,-0.899078,0.28974,-0.748506,-0.060378,0.660394,0.023652,-0.035911,0.039187,-0.461803,-0.944994,0.740832,-1.527362,-0.108555,0.057141,0.300099,0.701667,-0.54042,0.46433,0.043924,0.683121,0.728938,-0.711993,-0.490388,0.502443,-0.014359,0.002839,0.021677,-1.183374,-1.293067,-0.069687,0.514927,0.036107,0.044774,-0.032884,-0.656801,0.467964,0.591287,0.106758,-0.718528,0.687254,0.746467,0.514514,0.421972,-0.007276,0.001822,0.011197,-1.215568,-1.282637,-0.067627,0.5162,0.063708,0.047536,-0.063256,-0.615934,-0.28671,-0.733772,0.127582,-0.955429,0.266226,-0.777398,0.070362,0.625061,0.010814,-0.023532,0.023581,-0.631807,-0.993273,0.438175,-0.858438
499,0.052052,0.049677,0.356604,-0.558559,-0.446857,-0.698839,0.347437,-0.891064,0.292001,-0.752499,-0.079153,0.653841,0.024065,-0.035044,0.039831,-0.201039,-0.375123,0.396512,-1.52766,-0.108672,0.05748,0.300449,0.709554,-0.545603,0.445919,0.050755,0.670615,0.740024,-0.703675,-0.501759,0.502935,-0.004365,0.019752,0.017726,-0.319741,-0.490101,1.346358,0.504915,0.03605,0.044939,-0.032714,-0.667603,0.472055,0.575733,0.101612,-0.708291,0.698568,0.73755,0.524868,0.42489,-0.002162,0.009616,0.00864,-0.060377,-1.749604,3.002203,0.510158,0.063946,0.047153,-0.062837,-0.600691,-0.303442,-0.739657,0.14728,-0.951338,0.270674,-0.785798,0.053655,0.616151,0.01204,-0.017443,0.019952,-0.130237,-0.186682,0.082255,-0.851579
500,0.052694,0.048386,0.358321,-0.533595,-0.463833,-0.707235,0.366413,-0.880439,0.300901,-0.761582,-0.098011,0.640637,0.012393,-0.030341,0.042808,-0.244646,-0.323266,0.256117,-1.524457,-0.108899,0.058485,0.301168,0.72818,-0.547855,0.411826,0.066018,0.653999,0.753566,-0.68308,-0.520845,0.511846,-0.005467,0.024768,0.022035,0.034635,-0.427156,0.597532,0.469893,0.035938,0.04543,-0.032364,-0.690371,0.475879,0.544909,0.087989,-0.69238,0.716146,0.718084,0.542353,0.436127,-0.00384,0.018464,0.007852,0.414274,-1.951137,2.577685,0.477827,0.064268,0.04652,-0.061994,-0.579671,-0.324562,-0.747422,0.167742,-0.945135,0.280323,-0.797397,0.037121,0.60231,0.012177,-0.017165,0.020173,-0.193324,-0.441791,0.172538,-0.832474
501,0.05338,0.047359,0.359675,-0.507983,-0.487656,-0.710063,0.394657,-0.864475,0.311288,-0.765002,-0.121502,0.632484,0.012375,-0.023608,0.031614,3.726441,-1.811265,-3.562367,-1.521776,-0.10905,0.059584,0.302013,0.742444,-0.552964,0.378154,0.0909,0.642277,0.761021,-0.664617,-0.529935,0.526609,0.006771,0.028708,0.02353,0.063384,-0.369358,0.457279,0.42391,0.035854,0.045994,-0.031928,-0.71054,0.481559,0.513061,0.06278,-0.682844,0.72786,0.700849,0.549385,0.454956,-0.002947,0.013291,0.011713,0.047077,-0.329218,0.423746,0.42884,0.064619,0.046,-0.061292,-0.56115,-0.348963,-0.750555,0.192051,-0.936928,0.292028,-0.805125,0.019727,0.592776,0.012296,-0.013519,0.01477,-0.196859,-0.119723,-0.007473,-0.831331
502,0.053848,0.046714,0.360598,-0.490905,-0.504802,-0.710093,0.405318,-0.853797,0.326679,-0.770573,-0.126824,0.624628,0.012647,-0.016191,0.020883,-0.369324,-0.3529,-0.225431,-1.516322,-0.10882,0.060185,0.303114,0.76798,-0.545046,0.336337,0.114794,0.633623,0.765034,-0.631044,-0.548226,0.548721,0.009342,0.014526,0.027901,0.546316,-2.131584,2.411581,0.353535,0.035967,0.046306,-0.031374,-0.740099,0.473501,0.477545,0.041074,-0.676954,0.734877,0.671242,0.563497,0.481565,0.004717,0.006992,0.013709,0.259941,-0.452938,0.211364,0.346215,0.064853,0.045676,-0.060825,-0.546868,-0.372004,-0.750031,0.209571,-0.928165,0.307552,-0.810564,0.011005,0.585545,0.000162,-0.006402,0.011442,-0.550458,-0.499408,-0.402676,-0.825943
503,0.053947,0.046593,0.360886,-0.487342,-0.512292,-0.707177,0.409641,-0.849323,0.332892,-0.770553,-0.126826,0.624651,0.003222,0.007326,0.00514,-0.109147,-0.155275,-0.062229,-1.512524,-0.108746,0.060365,0.30366,0.781771,-0.530918,0.327035,0.115428,0.638456,0.76091,-0.61375,-0.55643,0.559964,-0.000694,-0.001522,0.032525,0.629782,-0.662492,-0.093764,0.320785,0.036008,0.046404,-0.0311,-0.754818,0.460891,0.46672,0.038536,-0.679148,0.732988,0.6548,0.571259,0.494873,0.004738,0.006858,0.013548,0.217123,-0.440476,0.242045,0.302453,0.064906,0.045607,-0.060675,-0.544151,-0.380712,-0.747634,0.214021,-0.924622,0.315067,-0.811229,0.011434,0.584615,0.000503,-0.002228,0.006402,-0.162636,-0.165776,-0.08182,-0.828392
504,0.053985,0.046728,0.36098,-0.481132,-0.528317,-0.699599,0.41475,-0.84024,0.349215,-0.771728,-0.12149,0.624262,0.000767,0.001744,0.001222,-0.262324,-0.259884,-0.242638,-1.488535,-0.108694,0.060562,0.304814,0.793141,-0.519448,0.317951,0.124357,0.649028,0.750488,-0.597186,-0.555039,0.578933,-0.000908,-0.000561,0.033213,0.596352,-0.647076,-0.037722,0.255022,0.036035,0.046498,-0.030527,-0.766878,0.448612,0.45896,0.028765,-0.690379,0.722875,0.641147,0.567559,0.516532,-0.00043,-0.000477,0.016436,0.609962,-0.543302,-0.24829,0.212316,0.064926,0.045677,-0.060626,-0.542516,-0.397268,-0.740171,0.220167,-0.917551,0.331098,-0.81068,0.016665,0.585252,0.00035,0.000803,0.000561,-0.45823,-0.195096,-0.637785,-0.828882
505,0.054045,0.046876,0.360726,-0.465836,-0.547628,-0.695087,0.424854,-0.827464,0.367116,-0.775623,-0.12362,0.618994,-5.8e-05,0.006678,-0.011251,-0.297598,-0.323513,-0.440555,-1.476383,-0.108632,0.060697,0.306298,0.803276,-0.509755,0.308039,0.132619,0.657125,0.741979,-0.581649,-0.554511,0.595034,-0.002598,0.007035,0.039512,0.482395,-0.459771,-0.126205,0.213188,0.036069,0.046554,-0.029795,-0.777947,0.438531,0.449986,0.019819,-0.698681,0.715158,0.628016,0.565274,0.534846,0.00583,-0.000542,0.023835,0.443713,-0.503024,-0.107409,0.139326,0.064957,0.045751,-0.060747,-0.531938,-0.419097,-0.735798,0.231647,-0.907808,0.349604,-0.814481,0.015523,0.57998,2.5e-05,0.003461,-0.00554,-0.292832,-0.34901,-0.415116,-0.821697
506,0.054081,0.046927,0.36056,-0.460585,-0.55663,-0.691425,0.425181,-0.822128,0.378547,-0.778578,-0.118942,0.616195,-7.5e-05,0.006638,-0.011279,-0.268105,-0.26082,-0.426871,-1.477395,-0.108646,0.060767,0.307195,0.806413,-0.507027,0.304323,0.134957,0.65868,0.740176,-0.576746,-0.55517,0.599177,-0.001292,-0.001139,0.049145,0.097559,-0.271685,0.083421,0.198569,0.036062,0.04659,-0.029352,-0.781967,0.434628,0.446794,0.017113,-0.701558,0.712406,0.623084,0.564724,0.541157,-0.001813,0.005708,0.021542,0.103849,-0.157637,-0.052123,0.114669,0.064973,0.045773,-0.060833,-0.528267,-0.429392,-0.732499,0.232224,-0.902873,0.361789,-0.816704,0.021017,0.576673,7.2e-05,0.00356,-0.005469,-0.41158,-0.3926,-0.523928,-0.826922
507,0.054099,0.04716,0.360329,-0.451757,-0.573851,-0.683122,0.427106,-0.811363,0.399051,-0.782694,-0.110784,0.61249,-1.8e-05,-4e-05,-2.8e-05,-0.326555,-0.299177,-0.419965,-1.477718,-0.108552,0.060688,0.309306,0.817553,-0.497729,0.289593,0.144837,0.664302,0.733252,-0.558358,-0.556893,0.614792,9.7e-05,-0.009687,0.058275,0.454116,-0.368692,-0.321904,0.16958,0.036107,0.046559,-0.028295,-0.794031,0.426746,0.432899,0.006777,-0.70589,0.708287,0.607839,0.565336,0.557607,0.005045,0.002836,0.026441,0.570383,-0.553899,-0.165893,0.068784,0.064978,0.045883,-0.060959,-0.524047,-0.447935,-0.72438,0.235469,-0.893571,0.382208,-0.818491,0.029726,0.573749,0.000938,0.005532,-0.004082,-0.286627,-0.224845,-0.576537,-0.832474
508,0.054175,0.047367,0.360284,-0.442472,-0.588894,-0.676364,0.428074,-0.801426,0.417661,-0.787463,-0.104004,0.607546,0.001486,0.003382,0.002372,-0.294167,-0.196254,-0.406146,-1.476001,-0.108427,0.060468,0.311547,0.82897,-0.48436,0.279636,0.151095,0.675176,0.721971,-0.539532,-0.555621,0.632498,8.6e-05,-0.009623,0.058005,0.561202,-0.426883,-0.379552,0.170043,0.036169,0.046454,-0.02717,-0.805969,0.413046,0.424035,-0.000534,-0.716834,0.697242,0.591956,0.56173,0.577967,-3.6e-05,-0.004642,0.029148,0.623538,-0.48857,-0.409379,0.053598,0.065014,0.045982,-0.060985,-0.51775,-0.465052,-0.718095,0.237209,-0.88448,0.401778,-0.821989,0.037682,0.568254,0.00058,0.001315,0.000923,-0.465875,-0.18985,-0.650169,-0.832148
509,0.054338,0.047609,0.360264,-0.437407,-0.600048,-0.669823,0.429334,-0.793822,0.430688,-0.789609,-0.098451,0.605684,0.001637,0.003729,0.002612,-0.043139,0.053115,-0.201907,-1.477056,-0.1083,0.059814,0.313704,0.838944,-0.468151,0.277486,0.151375,0.690336,0.707429,-0.523791,-0.550891,0.649635,0.001753,-0.017094,0.051703,0.630039,-0.448056,-0.437358,0.179931,0.036229,0.04614,-0.026081,-0.815082,0.396393,0.422508,-0.001973,-0.73118,0.68218,0.579341,0.5552,0.596754,0.001904,-0.01449,0.029222,0.116454,-0.323906,-0.018472,0.053761,0.065097,0.046106,-0.060992,-0.514498,-0.477776,-0.712053,0.239028,-0.877387,0.416001,-0.823502,0.043831,0.565616,0.007042,0.00039,0.000446,-0.009296,0.049794,-0.125241,-0.839169
510,0.054411,0.047706,0.360274,-0.435298,-0.602093,-0.669361,0.429269,-0.79234,0.433472,-0.79081,-0.097904,0.604203,0.013363,-0.000859,-0.000252,-0.012275,0.073514,-0.149816,-1.477644,-0.108277,0.059433,0.314688,0.843899,-0.460113,0.275901,0.151714,0.697771,0.700023,-0.51566,-0.548303,0.658272,0.002221,-0.019186,0.049954,0.483204,-0.477629,-0.186614,0.198644,0.036241,0.04595,-0.025589,-0.819974,0.38739,0.421392,-0.002968,-0.739051,0.673643,0.572392,0.551119,0.607152,3.5e-05,-0.003783,0.02149,0.716013,-0.460704,-0.422004,0.065682,0.06513,0.04616,-0.060984,-0.51292,-0.480156,-0.71159,0.239162,-0.876048,0.418736,-0.824447,0.044593,0.564178,0.000762,0.001738,0.001214,0.017789,0.014722,0.009116,-0.842108
511,0.054584,0.047886,0.360188,-0.433584,-0.604432,-0.668365,0.429035,-0.790709,0.436669,-0.79188,-0.096673,0.602999,0.001993,0.011351,-0.007959,0.00286,-0.058138,-0.008649,-1.476975,-0.10823,0.058869,0.316379,0.849154,-0.446201,0.282547,0.146259,0.712568,0.686141,-0.508552,-0.540745,0.66995,0.00112,-0.011923,0.03937,0.118153,-0.07226,-0.145385,0.263346,0.036264,0.045665,-0.024739,-0.82389,0.371692,0.427842,0.001171,-0.753789,0.657115,0.566748,0.541892,0.620604,0.000476,-0.005715,0.01988,0.048577,0.389198,-0.577245,0.127405,0.065222,0.046248,-0.061022,-0.511955,-0.482844,-0.710466,0.239147,-0.874489,0.42199,-0.825051,0.046135,0.56317,5.2e-05,0.000119,8.1e-05,-0.014112,-0.024014,-0.010605,-0.832311
512,0.054724,0.047865,0.360094,-0.431313,-0.6042,-0.670043,0.427839,-0.790825,0.43763,-0.793766,-0.097169,0.600433,-0.000663,-0.001516,-0.001061,-0.07953,-0.094771,-0.059119,-1.477287,-0.108224,0.058781,0.317599,0.850227,-0.439007,0.290479,0.140822,0.721214,0.678199,-0.508295,-0.535157,0.674616,0.012027,-0.000659,0.030439,-0.049643,-0.028349,0.011339,0.33056,0.036264,0.045615,-0.024128,-0.823222,0.364174,0.435524,0.006247,-0.76129,0.64838,0.567684,0.536482,0.624436,-0.00126,0.00443,0.011641,-0.05761,-0.084636,0.150183,0.21346,0.065293,0.046242,-0.061072,-0.509836,-0.48282,-0.712004,0.237957,-0.874507,0.422625,-0.826705,0.046043,0.560746,-0.000453,-0.001037,-0.000728,-0.103053,-0.120345,-0.074476,-0.833291
513,0.054721,0.047835,0.360073,-0.431293,-0.60392,-0.670307,0.427697,-0.791024,0.43741,-0.793854,-0.097291,0.600298,-0.000487,-0.001113,-0.000779,-0.000988,-0.001178,-0.000735,-1.477252,-0.108215,0.058959,0.318026,0.849284,-0.438822,0.293501,0.138901,0.721926,0.677837,-0.510397,-0.534349,0.673667,-0.002045,0.006913,0.021687,-0.030743,0.024862,-0.027023,0.351027,0.036273,0.045701,-0.023911,-0.821737,0.364212,0.438288,0.008203,-0.761468,0.648149,0.569806,0.536204,0.622739,0.004107,0.010433,0.007492,-0.001195,0.141773,-0.106192,0.250853,0.065291,0.046225,-0.061084,-0.509649,-0.48274,-0.712193,0.237848,-0.874555,0.422587,-0.826852,0.045977,0.560535,-0.000371,-0.000851,-0.000597,0.009257,0.009721,0.00576,-0.833127
514,0.054788,0.047679,0.360027,-0.431244,-0.60242,-0.671687,0.426838,-0.792103,0.436296,-0.794343,-0.097808,0.599567,0.010971,-0.006318,-0.004077,0.000349,-0.104432,0.174042,-1.476449,-0.108262,0.059699,0.318536,0.845618,-0.439241,0.303296,0.132891,0.723383,0.677488,-0.518036,-0.53203,0.66966,-0.003652,0.016421,0.012909,-0.204231,0.077786,0.15702,0.37935,0.036252,0.046055,-0.023657,-0.816869,0.363867,0.447577,0.014149,-0.763062,0.64617,0.576649,0.534169,0.618173,-0.001736,0.007763,0.006103,-0.434106,0.301653,0.077352,0.30131,0.065321,0.04615,-0.061105,-0.509341,-0.481171,-0.713474,0.236877,-0.87544,0.421298,-0.827321,0.045579,0.559877,-0.000392,-0.000898,-0.000628,-0.000254,0.000523,0.000532,-0.833617
515,0.054849,0.047607,0.359978,-0.431165,-0.601172,-0.672856,0.426207,-0.792984,0.435311,-0.794724,-0.098343,0.598974,-0.000263,-0.000602,-0.000422,-0.0,-0.0,-0.0,-1.47651,-0.108377,0.060516,0.318879,0.837454,-0.44126,0.322414,0.120691,0.724562,0.678511,-0.534055,-0.528747,0.659602,-0.003251,0.014614,0.011423,-0.150764,1.98892,-1.881642,0.386277,0.036189,0.046467,-0.023488,-0.807044,0.366757,0.462783,0.024838,-0.761948,0.64716,0.589968,0.533781,0.605816,-0.002723,0.013355,0.002392,-0.150612,0.06963,0.164363,0.323028,0.065353,0.046107,-0.061134,-0.508934,-0.479804,-0.714683,0.236047,-0.876213,0.420155,-0.827808,0.045132,0.559192,0.005919,-0.00217,-0.001347,0.000661,-0.014513,0.029823,-0.835577
516,0.054934,0.047588,0.359968,-0.431092,-0.600013,-0.673936,0.425623,-0.7938,0.434395,-0.795076,-0.098838,0.598424,3.7e-05,8.6e-05,6e-05,-0.0,-0.0,-0.0,-1.475891,-0.108492,0.061177,0.319271,0.833738,-0.445693,0.325927,0.118157,0.720462,0.683306,-0.540404,-0.530619,0.652893,-0.003197,0.014377,0.011177,-0.111653,0.028879,0.106086,0.398321,0.036136,0.046803,-0.023289,-0.801803,0.370988,0.468485,0.029385,-0.758536,0.650967,0.596865,0.535714,0.597294,-0.002577,0.012704,0.001855,-0.074139,0.03985,0.108775,0.340826,0.065396,0.046099,-0.061139,-0.508584,-0.478642,-0.715711,0.235345,-0.876868,0.419183,-0.828223,0.044751,0.558607,3.4e-05,7.9e-05,5.5e-05,-0.000935,-0.104777,0.169147,-0.837863
517,0.055004,0.04755,0.359967,-0.431081,-0.599449,-0.674445,0.4253,-0.794202,0.433975,-0.795255,-0.099023,0.598156,0.012117,-0.003703,-0.002247,0.000984,-0.014715,0.029553,-1.475482,-0.108541,0.061488,0.319474,0.832958,-0.44536,0.328369,0.116687,0.721314,0.682659,-0.541926,-0.529742,0.652344,0.009259,0.015865,0.010826,0.000626,0.140628,-0.126304,0.407435,0.036107,0.046953,-0.02319,-0.801093,0.370822,0.469829,0.030027,-0.759073,0.650311,0.597785,0.535067,0.596954,-0.001501,0.006704,0.005198,-0.0072,1.893941,-1.971264,0.351114,0.065427,0.046081,-0.061138,-0.50844,-0.478093,-0.71618,0.234975,-0.877174,0.418749,-0.828416,0.044624,0.558331,-0.000902,-0.005469,0.004125,-0.033102,0.022502,-0.01348,-0.838516
518,0.055085,0.047488,0.360009,-0.431067,-0.598325,-0.675451,0.424593,-0.795012,0.433184,-0.79564,-0.099322,0.597594,0.000561,0.001287,0.000902,-0.0,-0.0,-0.0,-1.475285,-0.108654,0.062037,0.319909,0.829428,-0.445487,0.337018,0.110814,0.722385,0.682505,-0.548539,-0.528175,0.648073,-0.003262,0.014676,0.011319,-0.01344,0.085879,-0.111547,0.416904,0.036055,0.04723,-0.022971,-0.795946,0.37058,0.478685,0.03634,-0.76006,0.648834,0.604275,0.533833,0.591501,-0.001572,0.007043,0.005434,0.008368,-0.025923,0.027435,0.368586,0.065471,0.046047,-0.061119,-0.508151,-0.47694,-0.717153,0.234143,-0.877811,0.417879,-0.82883,0.044429,0.557733,0.006386,-0.001096,-0.000596,8.9e-05,-0.134717,0.223122,-0.837863
519,0.055133,0.047414,0.360114,-0.438172,-0.592449,-0.676058,0.414513,-0.800527,0.43279,-0.797064,-0.089867,0.597193,-0.000963,-0.009019,0.009595,-0.063208,0.041742,0.013085,-1.476505,-0.10873,0.062588,0.320328,0.825866,-0.443682,0.347969,0.1038,0.726043,0.679722,-0.555251,-0.524675,0.645195,-0.003006,0.013521,0.010374,0.005416,-0.034918,0.04546,0.432183,0.036017,0.047508,-0.02276,-0.790644,0.368441,0.489011,0.043158,-0.763155,0.644771,0.610752,0.530889,0.587483,-0.0014,0.006278,0.004819,0.002872,-0.024042,0.029665,0.382629,0.065496,0.046014,-0.06107,-0.513882,-0.469715,-0.717838,0.223212,-0.881167,0.416796,-0.828311,0.053954,0.557662,0.000545,0.001256,0.00088,-0.101873,0.06525,0.08968,-0.83525
520,0.055153,0.047458,0.360203,-0.445828,-0.583436,-0.678885,0.398857,-0.808449,0.432775,-0.800786,-0.077115,0.593988,0.002297,0.00527,0.003687,-0.36946,-0.40784,-0.205321,-1.476511,-0.108681,0.062842,0.32051,0.823135,-0.442346,0.356047,0.098653,0.728729,0.67761,-0.560226,-0.522076,0.642998,-0.002672,0.012003,0.009189,-0.013367,0.090311,-0.11635,0.438978,0.036041,0.047637,-0.022667,-0.786703,0.366947,0.496435,0.048019,-0.765353,0.641816,0.615461,0.528757,0.584485,0.004912,0.006508,0.00426,0.004566,-0.0265,0.045773,0.393896,0.065502,0.046025,-0.061026,-0.521423,-0.457934,-0.720009,0.206981,-0.886472,0.413913,-0.827814,0.066795,0.557011,0.001053,0.00242,0.001695,-0.10345,0.05253,0.109666,-0.836393
521,0.055158,0.047635,0.360492,-0.464626,-0.558042,-0.687573,0.362157,-0.828307,0.42746,-0.807485,-0.049712,0.587813,0.003452,0.00792,0.005526,-0.366718,0.146977,0.310824,-1.477322,-0.108603,0.063207,0.32083,0.811911,-0.438715,0.385124,0.07964,0.736632,0.671539,-0.57932,-0.514,0.6325,0.000202,-0.003186,0.013444,-0.47734,2.126853,-1.798907,0.45033,0.036078,0.047827,-0.022507,-0.77302,0.361878,0.52104,0.064353,-0.772368,0.631906,0.631108,0.522007,0.573768,-0.000921,0.004101,0.003127,-0.472429,0.271984,0.23395,0.414307,0.065505,0.046114,-0.060882,-0.531883,-0.430593,-0.72917,0.166819,-0.897476,0.408298,-0.830223,0.095527,0.549183,0.001739,0.004002,0.002795,-1.141305,0.63964,1.051534,-0.838679
522,0.055291,0.047959,0.360788,-0.467135,-0.536292,-0.703009,0.331553,-0.843309,0.422935,-0.819089,-0.034856,0.57263,0.004408,0.010124,0.007036,0.069514,-0.574827,0.385873,-1.478225,-0.108592,0.063155,0.321111,0.800334,-0.436341,0.411172,0.061262,0.741581,0.66801,-0.597393,-0.508887,0.619692,0.001688,-0.009846,0.008365,-0.445301,0.240714,0.180521,0.452735,0.036083,0.047805,-0.022358,-0.755981,0.358946,0.547403,0.084072,-0.776082,0.625002,0.649172,0.518511,0.556526,0.000901,-0.005217,0.003958,-0.62929,0.314527,0.280678,0.421818,0.065573,0.046281,-0.060731,-0.529385,-0.408146,-0.743752,0.133511,-0.905828,0.402057,-0.837809,0.113544,0.534024,0.002264,0.005203,0.003612,0.117308,-0.589611,0.457662,-0.838516
523,0.055479,0.048582,0.360993,-0.461081,-0.503167,-0.730939,0.295882,-0.86375,0.407875,-0.836005,-0.027589,0.548052,-0.005366,0.0259,0.001784,-0.062816,-0.462134,0.262062,-1.485951,-0.108648,0.062893,0.321221,0.791603,-0.430465,0.433654,0.045138,0.74882,0.661184,-0.610329,-0.503274,0.611619,-0.012162,-0.0025,-0.000469,-0.021146,0.150969,-0.202689,0.452565,0.03606,0.047669,-0.022308,-0.743523,0.353766,0.567469,0.099361,-0.780738,0.616906,0.661286,0.515069,0.545347,0.0011,-0.006093,0.003296,-0.055854,0.304786,-0.369503,0.424594,0.065669,0.046581,-0.06063,-0.516192,-0.376327,-0.769365,0.095684,-0.91801,0.384838,-0.851111,0.125034,0.509878,0.003577,0.011549,7.2e-05,0.362815,-2.082076,2.018935,-0.83574
524,0.055548,0.048989,0.361024,-0.45433,-0.493355,-0.741776,0.291925,-0.869137,0.399191,-0.841083,-0.034571,0.539826,0.006697,0.022192,-0.000482,0.015336,-0.228736,0.238527,-1.487908,-0.108773,0.062793,0.321268,0.78813,-0.427742,0.442583,0.038415,0.751695,0.658341,-0.615266,-0.501312,0.608273,-0.000221,0.000994,0.000757,-0.037272,0.240709,-0.314428,0.454152,0.035994,0.047614,-0.022287,-0.738395,0.3507,0.576004,0.106043,-0.78313,0.612748,0.665977,0.513532,0.541071,-0.000115,0.000507,0.000389,-0.036938,0.236563,-0.310666,0.425737,0.065701,0.046791,-0.06061,-0.506199,-0.367577,-0.780159,0.090816,-0.922309,0.375628,-0.857621,0.119292,0.500254,0.003459,0.011356,-6.2e-05,0.087479,-0.303425,0.394476,-0.838026
525,0.055661,0.04971,0.361045,-0.441523,-0.472344,-0.762885,0.282128,-0.880193,0.381623,-0.851196,-0.046155,0.522841,0.003797,0.008734,0.006005,-0.125571,-0.492621,0.437457,-1.493221,-0.109038,0.062729,0.321322,0.781316,-0.422194,0.459662,0.025458,0.757286,0.652536,-0.624562,-0.497598,0.601815,-0.000561,0.002533,0.001928,-0.03721,0.240669,-0.314466,0.462438,0.035863,0.047579,-0.022263,-0.728823,0.344834,0.591528,0.118294,-0.787515,0.604835,0.674406,0.510792,0.533167,-0.000309,0.001392,0.001065,-0.037478,0.24034,-0.314302,0.433902,0.06576,0.04716,-0.0606,-0.489178,-0.348694,-0.799447,0.080401,-0.93073,0.356758,-0.86847,0.110241,0.483328,0.002758,0.009737,-0.001188,-0.148294,-0.487588,0.240517,-0.836393
526,0.055793,0.050392,0.361074,-0.43926,-0.446753,-0.779427,0.255857,-0.893877,0.368093,-0.860614,-0.037183,0.507924,-0.007895,0.013167,0.008731,-0.440699,-0.796076,0.476814,-1.507592,-0.109222,0.062906,0.321533,0.769604,-0.414337,0.485826,0.006732,0.76595,0.642814,-0.639414,-0.490914,0.591622,-0.001837,0.00832,0.006317,-0.044809,0.789212,-0.897479,0.464439,0.035772,0.047659,-0.022164,-0.713478,0.336841,0.614399,0.135287,-0.794139,0.592485,0.687492,0.505846,0.521031,-0.007048,0.003098,0.003069,-0.069443,2.117908,-2.329065,0.439944,0.065829,0.047496,-0.060588,-0.482539,-0.322635,-0.814286,0.053409,-0.938792,0.340317,-0.874244,0.120726,0.470235,0.002999,0.010281,-0.000821,-0.346599,-0.152405,0.810503,-0.840312
527,0.05585,0.050672,0.361135,-0.435913,-0.436261,-0.787211,0.251055,-0.898895,0.359068,-0.863727,-0.040575,0.50235,-0.008307,0.012197,0.008055,-0.007666,-0.321694,0.497816,-1.510591,-0.109431,0.062922,0.321746,0.762378,-0.409434,0.501132,-0.004489,0.770896,0.636894,-0.648032,-0.487284,0.585212,-0.014233,0.00697,0.006702,-0.037323,0.289173,-0.375612,0.466151,0.035672,0.04767,-0.022056,-0.703291,0.331536,0.62886,0.146236,-0.798208,0.584361,0.695698,0.502938,0.51289,-0.006111,-0.002228,0.006943,-0.095019,0.541573,-0.686267,0.44174,0.065858,0.047638,-0.060556,-0.474819,-0.314143,-0.822107,0.047227,-0.941873,0.332632,-0.878815,0.119115,0.462056,0.002717,0.009633,-0.001272,0.043886,-0.337337,0.553755,-0.843742
528,0.05601,0.050827,0.361196,-0.427882,-0.424854,-0.797786,0.242198,-0.904265,0.351592,-0.870254,-0.04226,0.490815,0.000684,0.001576,0.001076,-0.034721,-0.356478,0.47307,-1.513404,-0.109952,0.063047,0.322132,0.752678,-0.40176,0.52159,-0.020505,0.777405,0.628614,-0.65897,-0.483329,0.576208,-0.014501,0.008332,0.007697,-0.036356,0.238165,-0.321161,0.467163,0.035411,0.047734,-0.021861,-0.69027,0.323612,0.647149,0.161173,-0.803164,0.573541,0.705372,0.500202,0.502242,-0.007318,0.004446,0.004067,-0.055166,0.357796,-0.478013,0.445006,0.065938,0.047728,-0.060518,-0.464128,-0.304388,-0.831824,0.037892,-0.945063,0.324683,-0.884956,0.119174,0.450164,0.006301,-0.001144,-0.000644,-0.020764,-0.243731,0.338119,-0.83721
529,0.056147,0.050771,0.361149,-0.427404,-0.420093,-0.800558,0.23843,-0.906523,0.348338,-0.871528,-0.04148,0.488615,0.011415,-0.00503,-0.003155,9.2e-05,-0.120009,0.198294,-1.53198,-0.110561,0.063321,0.322648,0.744726,-0.397328,0.536194,-0.03313,0.780315,0.624455,-0.667435,-0.482308,0.567249,-0.013648,0.002417,0.018963,-0.234748,0.338066,-0.214508,0.466399,0.035107,0.047868,-0.021611,-0.680138,0.318722,0.660172,0.173078,-0.805268,0.567085,0.712359,0.499958,0.49253,-0.007886,0.007157,0.006081,-0.304834,0.508627,-0.299576,0.445006,0.066006,0.047697,-0.060543,-0.462572,-0.299206,-0.834566,0.033855,-0.946606,0.320609,-0.885934,0.120051,0.448004,0.005621,-0.002716,-0.001717,0.00232,-0.121326,0.202066,-0.838679
530,0.056133,0.050778,0.361118,-0.426301,-0.416826,-0.80285,0.236986,-0.907983,0.345508,-0.872463,-0.042461,0.48686,-0.000521,-0.001203,-0.000822,-0.000891,-0.105295,0.16874,-1.544475,-0.110842,0.063453,0.322963,0.743778,-0.395709,0.538702,-0.036047,0.780881,0.623586,-0.66834,-0.482726,0.565826,-0.013579,0.002193,0.018757,-0.09085,0.349569,-0.473938,0.466417,0.034966,0.047939,-0.021451,-0.67866,0.317576,0.662242,0.175884,-0.80517,0.56636,0.71308,0.500845,0.490581,-0.007839,0.00699,0.005933,-0.024042,0.235434,-0.335191,0.444842,0.065998,0.047698,-0.06056,-0.46078,-0.296244,-0.836612,0.032355,-0.947627,0.317735,-0.886924,0.119337,0.446233,-0.000364,-0.00084,-0.000574,-0.000197,-0.105589,0.169132,-0.842109
531,0.056092,0.050659,0.361037,-0.42471,-0.412002,-0.806177,0.23477,-0.91012,0.341376,-0.873838,-0.043775,0.484271,-0.001619,-0.003734,-0.002553,-0.00089,-0.105295,0.16874,-1.555024,-0.111308,0.063953,0.323621,0.737857,-0.402253,0.541987,-0.030735,0.782013,0.622451,-0.675136,-0.475428,0.563935,-0.004632,0.021627,0.016062,-0.028714,0.187793,-0.246598,0.464921,0.034731,0.048177,-0.021123,-0.672629,0.324166,0.665196,0.170659,-0.806749,0.565713,0.720031,0.494037,0.487321,-0.008312,0.009313,0.007609,-0.014196,0.101985,-0.145163,0.443863,0.065977,0.047639,-0.060601,-0.458017,-0.29163,-0.839744,0.029922,-0.949177,0.313315,-0.888439,0.118377,0.443466,-0.000878,-0.002029,-0.001387,-0.000562,-0.105383,0.168612,-0.838679
532,0.056077,0.050448,0.360976,-0.424701,-0.404821,-0.809811,0.233068,-0.91321,0.334214,-0.874298,-0.046303,0.483204,-0.001017,-0.002346,-0.001606,0.034157,0.053305,0.033386,-1.565705,-0.111785,0.064403,0.32437,0.728611,-0.409682,0.548889,-0.027949,0.782806,0.621584,-0.685225,-0.467714,0.558187,-0.002173,0.00812,0.021594,-0.133091,0.15232,-0.076191,0.4643,0.03449,0.048415,-0.020745,-0.662828,0.331872,0.671207,0.167917,-0.807698,0.565179,0.7297,0.487324,0.479637,-0.007177,0.003062,0.010745,-0.151528,0.178847,-0.095219,0.443046,0.065968,0.047529,-0.060634,-0.456559,-0.284356,-0.843027,0.028079,-0.951682,0.305798,-0.889249,0.115943,0.442483,-0.000602,-0.001394,-0.000955,0.028042,-0.058881,0.197499,-0.841455
533,0.055988,0.050326,0.360916,-0.421735,-0.397909,-0.814772,0.230988,-0.916075,0.327756,-0.876286,-0.049488,0.479271,-0.001429,-0.003294,-0.002258,-0.000861,-0.105254,0.168784,-1.575405,-0.112111,0.064573,0.325074,0.722453,-0.413263,0.554317,-0.028944,0.782806,0.62154,-0.691674,-0.464553,0.552848,-0.001029,0.002791,0.01761,-0.05805,0.098637,-0.125819,0.460667,0.034325,0.048508,-0.020393,-0.656163,0.33583,0.675771,0.168836,-0.807477,0.565219,0.735489,0.484971,0.473136,-0.001517,0.007107,0.00521,0.001126,0.075552,-0.120896,0.440107,0.065924,0.047471,-0.060663,-0.451892,-0.278237,-0.847571,0.025778,-0.95379,0.299362,-0.891699,0.113431,0.438183,-0.000839,-0.001936,-0.001326,-0.001831,0.017628,-0.030348,-0.844395
534,0.055909,0.050214,0.360897,-0.420262,-0.394402,-0.817235,0.229851,-0.917509,0.324529,-0.877293,-0.050971,0.47727,-0.002049,-0.004721,-0.00324,-0.00074,-0.089991,0.144325,-1.579103,-0.112156,0.064673,0.325336,0.714957,-0.419976,0.558971,-0.023275,0.784618,0.619489,-0.699632,-0.455386,0.550456,-0.002656,0.012551,0.00917,-0.005546,0.093385,-0.104664,0.45759,0.034303,0.048555,-0.020258,-0.648522,0.342618,0.679728,0.163067,-0.80971,0.563717,0.743523,0.476425,0.469245,-0.000192,-0.000178,0.007646,0.037392,0.195007,-0.070973,0.437658,0.065886,0.047417,-0.06067,-0.449605,-0.27502,-0.849834,0.024533,-0.954863,0.29603,-0.892889,0.112248,0.436058,-0.001806,-0.007545,0.002695,-0.034867,-0.079366,0.15029,-0.843905
