frame,MLTx,MLTy,MLTz,MLTR1,MLTR2,MLTR3,MLTR4,MLTR5,MLTR6,MLTR7,MLTR8,MLTR9,MLTTVx,MLTTVy,MLTTVz,MLTRVx,MLTRVy,MLTRVz,MLGA,MRTx,MRTy,MRTz,MRTR1,MRTR2,MRTR3,MRTR4,MRTR5,MRTR6,MRTR7,MRTR8,MRTR9,MRTTVx,MRTTVy,MRTTVz,MRTRVx,MRTRVy,MRTRVz,MRGA,SLTx,SLTy,SLTz,SLTR1,SLTR2,SLTR3,SLTR4,SLTR5,SLTR6,SLTR7,SLTR8,SLTR9,SLTTVx,SLTTVy,SLTTVz,SLTRVx,SLTRVy,SLTRVz,SLGA,SRTx,SRTy,SRTz,SRTR1,SRTR2,SRTR3,SRTR4,SRTR5,SRTR6,SRTR7,SRTR8,SRTR9,SRTTVx,SRTTVy,SRTTVz,SRTRVx,SRTRVy,SRTRVz,SRGA
92,0.171232,-0.021513,0.337658,-0.729686,0.296363,-0.616257,-0.40949,-0.911108,0.046615,-0.546759,0.285991,0.78695,-1.2e-05,-0.000212,-0.000198,0.046355,-0.043616,0.038865,0.420428,-0.185192,-0.047976,0.262597,-0.773474,-0.572632,0.2717,0.514486,-0.317141,0.796655,-0.369041,0.756685,0.539536,0.03517,-0.008132,0.036611,-0.397144,-1.461772,-0.896828,-1.407079,0.034596,0.03011,-0.025551,0.804554,0.539919,0.247344,-0.477339,0.340128,0.810221,0.353326,-0.769934,0.531376,0.017209,0.001218,0.013757,0.134821,-0.224466,-0.035651,-0.899855,0.087966,0.039906,-0.036177,0.771943,-0.19474,-0.605127,0.275901,0.960225,0.042943,0.572696,-0.200105,0.794969,-0.007242,0.000141,0.000322,0.164421,-0.140845,0.109141,0.362486
93,0.170984,-0.021521,0.337713,-0.728269,0.297083,-0.617585,-0.409488,-0.911216,0.044459,-0.548645,0.284897,0.786034,8.5e-05,0.001459,0.001363,0.000824,-0.013722,0.02533,0.436678,-0.184092,-0.048214,0.263876,-0.739714,-0.616388,0.269963,0.531979,-0.290225,0.795425,-0.411,0.732764,0.542216,0.018695,-0.009887,0.035018,-1.462484,-4.500448,-3.012644,-1.407128,0.035146,0.029992,-0.02491,0.772619,0.585151,0.246284,-0.495879,0.313974,0.809644,0.396437,-0.747674,0.532747,0.008983,0.000595,0.013376,0.110724,-0.156874,-0.02762,-0.899039,0.087842,0.039902,-0.036149,0.770669,-0.195651,-0.606455,0.275903,0.960319,0.040799,0.574408,-0.198765,0.794069,9e-06,0.000151,0.000145,0.003973,-0.093132,0.173616,0.385347
94,0.170778,-0.02149,0.337733,-0.726734,0.297926,-0.618985,-0.409523,-0.911313,0.042097,-0.550648,0.283705,0.785063,1.6e-05,0.000274,0.000256,0.005685,-0.094704,0.174807,0.446173,-0.182987,-0.048502,0.265024,-0.703358,-0.658059,0.268769,0.548417,-0.262033,0.794047,-0.451209,0.706713,0.544821,0.034805,-0.011511,0.030701,-0.025897,-0.070827,0.013385,-1.40729,0.035706,0.029846,-0.02432,0.734054,0.632883,0.246215,-0.515514,0.283312,0.808689,0.44205,-0.720549,0.534227,0.008913,-4.9e-05,0.012262,-0.029067,-0.102191,0.013567,-0.89414,0.087739,0.039922,-0.036135,0.769343,-0.196627,-0.607822,0.275873,0.960422,0.038491,0.576198,-0.197294,0.793138,-0.007232,0.000298,0.000466,-0.00411,0.017595,-0.031944,0.402656
95,0.170637,-0.021494,0.337733,-0.726759,0.297889,-0.618974,-0.409491,-0.911326,0.042126,-0.550639,0.283703,0.785071,-6e-06,-9.5e-05,-8.9e-05,-0.0,-0.0,-0.0,0.45257,-0.181856,-0.048773,0.266012,-0.647442,-0.712547,0.270345,0.570358,-0.217949,0.791912,-0.504528,0.667795,0.547142,0.017601,-0.002702,0.020173,-0.465278,-1.358634,-0.889984,-1.407166,0.036277,0.029708,-0.023821,0.681352,0.688215,0.249235,-0.538634,0.240874,0.807373,0.495613,-0.684352,0.534816,0.017184,-0.00651,0.013677,-1.595511,-4.445141,-2.993264,-0.890221,0.087669,0.03992,-0.036134,0.769305,-0.196685,-0.607851,0.27594,0.960404,0.038472,0.576216,-0.197327,0.793117,-4e-06,-6.2e-05,-5.6e-05,-0.0001,5.2e-05,1.4e-05,0.413269
96,0.170583,-0.021493,0.337736,-0.726556,0.298101,-0.61911,-0.409691,-0.911244,0.041944,-0.550758,0.283742,0.784973,-0.0,-1e-06,-1e-06,0.005681,-0.094703,0.174806,0.456184,-0.181276,-0.048923,0.266442,-0.621477,-0.734575,0.272318,0.578234,-0.195758,0.791996,-0.527679,0.650584,0.546039,0.033794,-0.003449,0.017352,-0.042581,-0.070163,0.040384,-1.40752,0.036574,0.029632,-0.023598,0.655081,0.712326,0.251911,-0.547508,0.217775,0.807965,0.520675,-0.667206,0.532664,0.016892,-0.001885,0.008449,-0.046135,-0.065593,0.049372,-0.88369,0.087641,0.039921,-0.036133,0.769136,-0.196926,-0.607987,0.276153,0.96035,0.038293,0.57634,-0.19735,0.793022,0.0,1e-06,4e-06,0.005657,-0.094672,0.174859,0.418331
97,0.170517,-0.021498,0.337732,-0.72601,0.298679,-0.619472,-0.410234,-0.911023,0.04145,-0.551074,0.283844,0.784714,-0.0,-2e-06,-2e-06,-0.0,-0.0,-0.0,0.462026,-0.180373,-0.049253,0.267077,-0.567095,-0.775593,0.27722,0.592017,-0.150004,0.791801,-0.571805,0.61411,0.543848,0.017239,-0.007796,0.011919,-0.038143,-0.014583,0.004127,-1.407205,0.037013,0.029475,-0.023287,0.602463,0.755189,0.258315,-0.562882,0.172558,0.808323,0.565862,-0.632386,0.529043,0.008614,-0.00407,0.005718,-0.073164,-0.121691,-0.063013,-0.881077,0.087609,0.039918,-0.036135,0.768682,-0.197579,-0.60835,0.276729,0.960203,0.037808,0.57667,-0.19741,0.792767,1e-06,5e-06,7e-06,-7e-06,1.1e-05,5.3e-05,0.427639
98,0.170506,-0.02149,0.337726,-0.72527,0.299467,-0.619958,-0.410956,-0.910728,0.040758,-0.551511,0.283958,0.784367,-0.0,-0.0,-0.0,0.005679,-0.094708,0.174804,0.46603,-0.179584,-0.049571,0.267428,-0.523888,-0.802685,0.285007,0.601827,-0.112198,0.790664,-0.602005,0.586744,0.541465,0.017083,-0.010357,0.007797,-0.04716,-0.039347,-0.01282,-1.407742,0.037401,0.029317,-0.023109,0.560673,0.783707,0.267296,-0.574029,0.135225,0.80759,0.59677,-0.606231,0.525689,0.008539,-0.005291,0.003746,-0.175299,-0.400416,-0.25236,-0.879118,0.087603,0.039922,-0.036138,0.768144,-0.198355,-0.608776,0.277396,0.960034,0.037209,0.577065,-0.197454,0.792468,-1e-06,2e-06,7e-06,-7e-06,1.3e-05,4.5e-05,0.434497
99,0.170517,-0.021498,0.337732,-0.72508,0.299672,-0.620082,-0.411162,-0.910642,0.040604,-0.551608,0.284017,0.784276,-0.0,-0.0,-0.0,-0.0,-0.0,-0.0,0.466918,-0.179267,-0.049751,0.267537,-0.49958,-0.817174,0.287468,0.605558,-0.092303,0.790389,-0.618709,0.569959,0.540564,0.017026,-0.011382,0.006149,-0.047272,-0.039375,-0.012783,-1.407701,0.037566,0.029227,-0.023055,0.537024,0.799064,0.270372,-0.578443,0.115526,0.8075,0.614009,-0.590042,0.524253,0.008498,-0.006021,0.002575,-0.176577,-0.39913,-0.254288,-0.878954,0.087609,0.039918,-0.036135,0.767908,-0.198698,-0.608961,0.277712,0.959952,0.036975,0.577227,-0.19751,0.792336,-1e-06,1e-06,5e-06,-9e-06,1.1e-05,3.9e-05,0.436947
100,0.170517,-0.02149,0.337726,-0.72479,0.29998,-0.620273,-0.411435,-0.910532,0.040321,-0.551786,0.284047,0.784141,-0.0,-0.0,-0.0,-0.0,-0.0,-0.0,0.469017,-0.178742,-0.050144,0.267715,-0.468286,-0.833651,0.29279,0.60642,-0.062391,0.792652,-0.641925,0.549781,0.534357,0.017039,-0.011413,0.006079,-0.116481,0.064088,0.059457,-1.407812,0.037828,0.029027,-0.022972,0.506276,0.816827,0.276544,-0.580292,0.085467,0.809911,0.637922,-0.570515,0.517268,0.000359,-0.006162,0.003161,-0.152475,0.110692,0.056906,-0.88173,0.087609,0.039922,-0.036138,0.767667,-0.199046,-0.609152,0.278002,0.959878,0.036696,0.577409,-0.197516,0.792202,-1e-06,0.0,5e-06,-1.1e-05,2.1e-05,3.6e-05,0.440212
101,0.170506,-0.021484,0.337732,-0.724512,0.300275,-0.620455,-0.411711,-0.910418,0.040068,-0.551945,0.284099,0.78401,1.3e-05,0.000215,0.000201,0.0,0.0,0.0,0.470303,-0.178337,-0.050536,0.267965,-0.443789,-0.843063,0.303788,0.609392,-0.035521,0.792031,-0.65637,0.537672,0.529104,0.017094,-0.010695,0.007212,-0.402464,-0.217843,-0.125006,-1.407765,0.038037,0.028824,-0.022848,0.482404,0.827153,0.288276,-0.58492,0.059207,0.808927,0.652039,-0.558848,0.51238,0.00039,-0.005573,0.004064,-0.92251,-1.067525,-0.721275,-0.883037,0.087603,0.039925,-0.036135,0.767436,-0.199379,-0.609335,0.278294,0.959803,0.036448,0.577575,-0.197546,0.792074,7e-06,0.000137,0.000132,-1e-05,4e-06,3.1e-05,0.442988
102,0.170485,-0.021477,0.337739,-0.724249,0.300552,-0.620627,-0.411971,-0.910311,0.039831,-0.552096,0.284148,0.783886,1.3e-05,0.000215,0.000201,0.0,0.0,0.0,0.472305,-0.177966,-0.051033,0.268402,-0.417622,-0.853474,0.311712,0.611812,-0.010651,0.79089,-0.671144,0.522067,0.526188,0.01719,-0.009234,0.009531,-1.757638,-4.362735,-2.915365,-1.407827,0.038222,0.028573,-0.022633,0.462303,0.835586,0.296767,-0.587345,0.037829,0.808452,0.664305,-0.548054,0.508266,0.0086,-0.004475,0.005006,-0.030107,0.021554,-0.023988,-0.887772,0.087593,0.039929,-0.036131,0.767217,-0.199692,-0.609507,0.278569,0.959732,0.036214,0.577733,-0.197574,0.791951,9e-06,0.000133,0.000126,-7e-06,1.4e-05,3.5e-05,0.445928
103,0.170474,-0.021485,0.337746,-0.724088,0.300723,-0.620732,-0.412145,-0.910237,0.039706,-0.552177,0.284202,0.783809,0.0,3e-06,2e-06,0.005679,-0.094703,0.174806,0.473615,-0.177782,-0.051331,0.268689,-0.407099,-0.857461,0.314677,0.612189,-0.000618,0.790669,-0.677248,0.515592,0.524751,0.018004,-0.020111,0.018102,-0.071223,0.005947,-0.007242,-1.4081,0.038314,0.028433,-0.022496,0.447073,0.842635,0.30015,-0.588335,0.024247,0.808252,0.673785,-0.537937,0.506593,0.008589,-0.00468,0.004679,-0.036698,-0.017117,0.011564,-0.888425,0.087587,0.039925,-0.036127,0.767161,-0.199773,-0.609551,0.278655,0.959709,0.036174,0.577766,-0.197606,0.791919,-1e-06,-7e-06,-5e-06,-1.6e-05,5e-06,3.1e-05,0.446907
104,0.170453,-0.021478,0.337753,-0.723918,0.300902,-0.620843,-0.412312,-0.910168,0.039553,-0.552275,0.284234,0.783729,0.0,1e-06,1e-06,0.0,0.0,0.0,0.474651,-0.177436,-0.051937,0.269285,-0.385548,-0.86413,0.323457,0.613382,0.021697,0.789447,-0.688702,0.50385,0.521236,0.018066,-0.019233,0.019481,-0.06918,-0.004444,0.012327,-1.407586,0.038486,0.028132,-0.022202,0.426064,0.850091,0.309538,-0.590386,0.002009,0.807118,0.685502,-0.526631,0.502738,0.008617,-0.004216,0.005407,-0.032922,0.022014,-0.02184,-0.885486,0.087577,0.039929,-0.036124,0.766942,-0.200086,-0.609724,0.278931,0.959638,0.03594,0.577924,-0.197635,0.791797,1e-06,-8e-06,-8e-06,-4e-06,1.1e-05,4e-05,0.44903
105,0.170431,-0.021478,0.337754,-0.723669,0.301165,-0.621006,-0.412558,-0.910067,0.039327,-0.552418,0.284281,0.783611,0.0,0.0,0.0,0.0,0.0,0.0,0.475852,-0.177159,-0.052527,0.269973,-0.36353,-0.869314,0.334859,0.614624,0.04616,0.787426,-0.699506,0.49315,0.517066,0.001788,-0.018872,0.021729,-0.074212,0.063212,-0.098058,-1.407807,0.038632,0.02783,-0.021852,0.404619,0.856103,0.321512,-0.592508,-0.022379,0.805252,0.696575,-0.516319,0.498193,0.000505,-0.003515,0.00736,-0.038647,0.143344,-0.211471,-0.885323,0.087566,0.039929,-0.036124,0.766734,-0.200383,-0.609888,0.279192,0.95957,0.035718,0.578073,-0.197663,0.791681,2e-06,-4e-06,-5e-06,-1.2e-05,1.7e-05,2.8e-05,0.4505
106,0.170421,-0.021471,0.337761,-0.723577,0.301261,-0.621066,-0.412649,-0.910029,0.039244,-0.552471,0.284298,0.783567,4e-06,6.9e-05,6.4e-05,0.0,0.0,0.0,0.476747,-0.177045,-0.052774,0.270348,-0.349645,-0.873912,0.337665,0.611906,0.059763,0.788628,-0.708917,0.483449,0.513398,0.001061,-0.006401,0.015687,-1.919716,-4.346501,-2.819737,-1.407875,0.038689,0.027698,-0.021658,0.392626,0.860481,0.324679,-0.590048,-0.035118,0.806603,0.705469,-0.50827,0.493937,0.000481,-0.002922,0.007835,-1.897564,-4.356859,-2.809187,-0.889568,0.08756,0.039932,-0.03612,0.766658,-0.200492,-0.609948,0.279288,0.959545,0.035637,0.578128,-0.197673,0.791638,4e-06,3.6e-05,3.2e-05,-1.1e-05,6e-06,2.7e-05,0.451806
107,0.170389,-0.021458,0.337774,-0.723409,0.301437,-0.621177,-0.412814,-0.909961,0.039093,-0.552568,0.28433,0.783487,8e-06,0.000135,0.000126,0.0,0.0,0.0,0.479261,-0.176971,-0.053173,0.271264,-0.327534,-0.878152,0.348656,0.611841,0.083921,0.786474,-0.719477,0.472015,0.509331,0.001265,-0.002644,0.021606,-1.96645,-4.21364,-3.015828,-1.408044,0.038726,0.027497,-0.021213,0.374576,0.864165,0.336021,-0.591389,-0.056445,0.804407,0.714108,-0.500031,0.489915,-0.00713,-0.006784,0.015919,-0.088271,0.508529,-0.778852,-0.89365,0.087545,0.039939,-0.036114,0.766518,-0.200691,-0.610059,0.279462,0.9595,0.035488,0.57823,-0.197691,0.791559,5e-06,8.8e-05,8.3e-05,-9e-06,2e-06,3.3e-05,0.455235
108,0.170335,-0.021444,0.337788,-0.723271,0.301579,-0.621268,-0.412947,-0.909906,0.038971,-0.552648,0.284356,0.783421,4e-06,6e-05,5.6e-05,0.0,0.0,0.0,0.481346,-0.177022,-0.053425,0.27246,-0.310934,-0.880955,0.356692,0.610801,0.102177,0.785122,-0.727696,0.463088,0.505836,-0.014848,0.000776,0.028585,-0.035046,-0.003764,0.001894,-1.408128,0.038701,0.027369,-0.020607,0.353197,0.869663,0.344874,-0.590736,-0.078535,0.803033,0.725453,-0.487358,0.486003,-0.007432,0.000573,0.014602,-0.034018,-0.00618,0.008499,-0.901652,0.087518,0.039946,-0.036106,0.766403,-0.200851,-0.610151,0.279604,0.959463,0.035368,0.578314,-0.197707,0.791494,2e-06,1.3e-05,1.2e-05,-1.1e-05,8e-06,3.4e-05,0.458338
109,0.170303,-0.02143,0.337802,-0.723196,0.301656,-0.621318,-0.41302,-0.909876,0.038904,-0.552692,0.284371,0.783385,4.9e-05,0.000816,0.000762,0.0,0.0,0.0,0.482739,-0.177128,-0.053525,0.273184,-0.299818,-0.882541,0.362246,0.610089,0.114405,0.783988,-0.732952,0.457157,0.503639,-0.01396,-0.008823,0.039052,-0.67199,-1.291343,-0.852656,-1.408255,0.038653,0.027322,-0.02027,0.347469,0.869662,0.350645,-0.591107,-0.087139,0.801871,0.727912,-0.485894,0.483786,0.001183,-0.003711,0.019808,-0.069047,0.000931,0.002952,-0.901488,0.087502,0.039951,-0.036101,0.76634,-0.200938,-0.6102,0.27968,0.959443,0.035303,0.57836,-0.197715,0.791459,3.2e-05,0.000529,0.000496,-1.2e-05,1.1e-05,3.5e-05,0.459644
110,0.170249,-0.021429,0.337804,-0.723086,0.301769,-0.621392,-0.413126,-0.909831,0.038807,-0.552757,0.284393,0.783331,0.0,0.0,0.0,0.0,0.0,0.0,0.486297,-0.177303,-0.053627,0.274659,-0.284145,-0.883389,0.372662,0.613347,0.13113,0.77881,-0.736487,0.450968,0.504062,0.001682,0.0051,0.033374,-0.02559,-0.021068,0.021569,-1.408121,0.03856,0.027269,-0.019516,0.326842,0.873123,0.361704,-0.594786,-0.107386,0.796678,0.73444,-0.475525,0.484223,-0.006909,-0.002793,0.021958,-0.092265,0.00336,0.003214,-0.901162,0.087475,0.039953,-0.036098,0.766247,-0.201066,-0.610275,0.279793,0.959414,0.035206,0.578428,-0.197728,0.791406,-0.0,-1.2e-05,-7e-06,-4e-06,1.9e-05,4.2e-05,0.464543
111,0.170227,-0.021442,0.337793,-0.722863,0.302003,-0.621537,-0.413345,-0.90974,0.038605,-0.552884,0.284435,0.783226,-1e-05,-0.000158,-0.000147,0.0,0.0,0.0,0.488686,-0.177521,-0.053674,0.276273,-0.273746,-0.882385,0.382688,0.617003,0.143978,0.773635,-0.737384,0.449,0.504506,-0.014473,0.006804,0.037384,0.222765,-0.232082,-0.118353,-1.407971,0.038452,0.027247,-0.018696,0.31769,0.872197,0.371945,-0.59813,-0.120033,0.792357,0.735738,-0.474196,0.483554,-0.007257,0.003508,0.018864,0.341119,-0.28028,-0.140868,-0.908346,0.087463,0.039946,-0.036104,0.766062,-0.201332,-0.61042,0.280027,0.959353,0.035008,0.578561,-0.197753,0.791302,-3e-06,-8e-05,-7.3e-05,-1.6e-05,4e-06,1.5e-05,0.468788
112,0.170238,-0.021442,0.337793,-0.72266,0.302218,-0.621668,-0.413546,-0.909657,0.038421,-0.552999,0.284472,0.783131,-0.0,-0.0,-0.0,0.0,0.0,0.0,0.491725,-0.17759,-0.053533,0.277788,-0.265468,-0.880775,0.392114,0.618916,0.156019,0.769763,-0.738816,0.448131,0.503182,0.001792,0.007318,0.036247,-8.4e-05,-0.057795,0.037098,-1.40826,0.038417,0.027317,-0.017949,0.308703,0.871205,0.38171,-0.601533,-0.132046,0.787858,0.73679,-0.472825,0.483297,0.000867,0.003587,0.018019,-0.025529,-0.054182,0.047922,-0.912429,0.087469,0.039946,-0.036105,0.765894,-0.201574,-0.610551,0.280239,0.959297,0.034827,0.578681,-0.197775,0.791209,-2e-06,5e-06,7e-06,-1.6e-05,-6e-06,1.6e-05,0.472381
113,0.170248,-0.021442,0.337792,-0.722645,0.302235,-0.621677,-0.413562,-0.90965,0.038407,-0.553007,0.284475,0.783124,-0.0,-0.0,-0.0,0.0,0.0,0.0,0.492806,-0.177569,-0.053413,0.278479,-0.2601,-0.881604,0.393844,0.617883,0.161337,0.769496,-0.741591,0.444595,0.502236,0.001741,0.006499,0.03487,-0.030637,-0.033317,0.056044,-1.408104,0.038428,0.027382,-0.017587,0.303478,0.872256,0.383495,-0.600449,-0.137436,0.787762,0.739838,-0.469339,0.482037,0.000845,0.003206,0.017376,-0.038377,-0.032178,0.064521,-0.913735,0.087474,0.039946,-0.036105,0.765881,-0.201593,-0.610561,0.280256,0.959293,0.034813,0.578689,-0.197776,0.791202,-2e-06,3e-06,6e-06,-1e-05,4e-06,2e-05,0.47434
114,0.17026,-0.021436,0.337798,-0.722523,0.302366,-0.621756,-0.413683,-0.9096,0.038296,-0.553077,0.284498,0.783067,6e-06,9.5e-05,8.9e-05,0.0,0.0,0.0,0.493958,-0.17749,-0.053064,0.279677,-0.257213,-0.878994,0.401501,0.620793,0.167974,0.765725,-0.740171,0.447299,0.50193,0.001629,0.00466,0.031866,-0.032426,-0.018407,0.030752,-1.408015,0.038468,0.027559,-0.016984,0.300749,0.869747,0.391266,-0.603716,-0.143974,0.78409,0.738293,-0.472028,0.48178,0.000792,0.002271,0.015845,-0.040187,-0.018978,0.041515,-0.902958,0.08748,0.039949,-0.036102,0.765779,-0.20174,-0.61064,0.280384,0.95926,0.034703,0.578762,-0.197789,0.791146,1e-06,4.8e-05,4.6e-05,-1.7e-05,-4e-06,1.9e-05,0.477279
115,0.170249,-0.021436,0.337798,-0.722444,0.302448,-0.621808,-0.41376,-0.909568,0.038225,-0.553122,0.284512,0.78303,0.0,0.0,0.0,0.0,0.0,0.0,0.495061,-0.177342,-0.052692,0.280593,-0.254886,-0.878431,0.404206,0.622861,0.170458,0.763493,-0.739241,0.447464,0.503152,0.000664,0.012709,0.018948,0.005233,-0.030419,0.048727,-1.408056,0.038541,0.027742,-0.016531,0.298477,0.86929,0.394013,-0.605983,-0.146335,0.781901,0.737357,-0.472145,0.483098,0.000705,0.000678,0.013382,-0.04585,-0.013944,0.0359,-0.904918,0.087475,0.03995,-0.036102,0.765714,-0.201833,-0.610691,0.280466,0.959238,0.034634,0.578809,-0.197798,0.79111,0.0,-3e-06,-3e-06,-6e-06,6e-06,2.6e-05,0.478912
116,0.170249,-0.021436,0.337798,-0.722444,0.302448,-0.621808,-0.41376,-0.909568,0.038225,-0.553122,0.284512,0.78303,0.0,0.0,0.0,0.0,0.0,0.0,0.495473,-0.177276,-0.052558,0.280974,-0.252446,-0.877627,0.407471,0.625226,0.173308,0.760915,-0.738086,0.447945,0.504419,0.00135,-0.000337,0.024193,0.003532,0.054446,-0.193538,-1.408254,0.038574,0.027815,-0.01634,0.296185,0.868606,0.397236,-0.608624,-0.148889,0.779363,0.736104,-0.472604,0.484556,0.000273,0.00554,0.008233,0.041406,-0.073644,0.026262,-0.909326,0.087474,0.03995,-0.036102,0.765714,-0.201833,-0.610692,0.280466,0.959238,0.034634,0.578809,-0.197798,0.79111,2e-06,-2e-06,-2e-06,-9e-06,1.4e-05,2.2e-05,0.479239
117,0.17026,-0.021444,0.337804,-0.722346,0.302553,-0.62187,-0.413872,-0.90952,0.038156,-0.553166,0.284554,0.782984,0.0,0.0,0.0,0.0,0.0,0.0,0.495943,-0.177202,-0.052424,0.281743,-0.248224,-0.878365,0.408474,0.628473,0.174721,0.75791,-0.736764,0.445942,0.508112,0.001224,-0.002693,0.020624,0.38685,-0.35683,-0.229958,-1.407915,0.038611,0.02788,-0.015959,0.293917,0.868844,0.398398,-0.610118,-0.150313,0.777921,0.735777,-0.471714,0.485919,0.000611,-0.001124,0.010641,-0.065077,0.100815,-0.161169,-0.918634,0.08748,0.039945,-0.036099,0.765633,-0.201952,-0.610754,0.280585,0.959206,0.034566,0.578859,-0.197834,0.791064,1e-06,-1e-06,-2e-06,-8e-06,-2e-06,2.1e-05,0.480055
118,0.170271,-0.021438,0.33781,-0.722318,0.302585,-0.621888,-0.413901,-0.909508,0.038129,-0.553182,0.284559,0.78297,0.0,2e-06,2e-06,0.0,0.0,0.0,0.496461,-0.177199,-0.052539,0.282406,-0.245974,-0.878449,0.409653,0.629643,0.176373,0.756555,-0.736523,0.445123,0.509178,0.001078,-0.005501,0.016441,-0.024638,-0.012252,0.001062,-1.408192,0.038613,0.027824,-0.015616,0.289672,0.869682,0.399677,-0.613285,-0.151942,0.775109,0.734827,-0.469643,0.48935,0.000518,-0.002933,0.007952,-0.055345,0.000102,0.009675,-0.907694,0.087486,0.039949,-0.036096,0.765609,-0.201987,-0.610772,0.280616,0.959198,0.03454,0.578875,-0.197837,0.791051,0.0,-5e-06,-6e-06,-1.1e-05,7e-06,2e-05,0.481198
119,0.170282,-0.021446,0.337816,-0.722313,0.302591,-0.62189,-0.413921,-0.909498,0.038145,-0.553172,0.284584,0.782968,0.0,0.0,0.0,0.0,0.0,0.0,0.496501,-0.177197,-0.052836,0.282965,-0.241431,-0.878086,0.413119,0.632985,0.180047,0.752892,-0.735167,0.444364,0.511794,0.000952,-0.007961,0.012806,0.016193,-0.046675,-0.021854,-1.407998,0.038613,0.027681,-0.015347,0.285326,0.869461,0.403269,-0.616915,-0.1554,0.771535,0.733488,-0.468922,0.492043,0.000453,-0.004213,0.006062,0.009065,-0.039771,-0.051125,-0.903938,0.087491,0.039944,-0.036093,0.765605,-0.201994,-0.610774,0.280637,0.959191,0.034556,0.57887,-0.197862,0.791049,3e-06,-3e-06,-6e-06,-1e-05,3e-06,2e-05,0.481851
120,0.170282,-0.021454,0.337822,-0.72223,0.30268,-0.621944,-0.414018,-0.909456,0.038089,-0.553208,0.284623,0.782929,0.0,0.0,0.0,0.0,0.0,0.0,0.496882,-0.177192,-0.053025,0.283166,-0.237314,-0.879093,0.413363,0.636151,0.180816,0.750034,-0.73378,0.44205,0.515772,0.000832,-0.010303,0.009361,0.236058,-0.219313,-0.171121,-1.407694,0.038616,0.027586,-0.015238,0.2822,0.870321,0.403612,-0.619334,-0.156024,0.769468,0.732657,-0.467115,0.494989,0.000402,-0.005278,0.004493,0.404566,-0.30949,-0.231698,-0.901488,0.087491,0.03994,-0.036089,0.765536,-0.202094,-0.610828,0.28074,0.959163,0.034502,0.578911,-0.197896,0.79101,2e-06,-3e-06,-5e-06,0.0,4e-06,2.5e-05,0.481851
121,0.170272,-0.021463,0.337842,-0.722253,0.302656,-0.621928,-0.414025,-0.90945,0.038151,-0.553173,0.284666,0.782938,3e-06,5e-05,4.6e-05,0.0,0.0,0.0,0.496763,-0.177158,-0.053538,0.283515,-0.235121,-0.87932,0.414132,0.636932,0.182319,0.749006,-0.733811,0.440977,0.516646,0.001534,-0.023147,0.014982,-0.069657,0.018382,-0.038237,-1.407876,0.038633,0.027332,-0.015068,0.278984,0.870973,0.404441,-0.620967,-0.157638,0.767821,0.732507,-0.465355,0.496867,0.000346,-0.00638,0.002873,-0.055957,0.017754,-0.013358,-0.900019,0.087486,0.039936,-0.03608,0.765556,-0.202067,-0.610812,0.280746,0.959159,0.034564,0.578882,-0.197944,0.791019,2e-06,2.4e-05,2.2e-05,-1.1e-05,6e-06,1.9e-05,0.482178
122,0.170262,-0.02145,0.337855,-0.722242,0.302668,-0.621936,-0.414036,-0.909446,0.038141,-0.55318,0.284669,0.782932,1.8e-05,0.000303,0.000283,0.0,0.0,0.0,0.496153,-0.177121,-0.054037,0.283699,-0.23084,-0.880003,0.41509,0.639736,0.184029,0.746194,-0.732737,0.438896,0.519932,0.000631,-0.014221,0.00359,-0.001576,-0.006249,-0.063718,-1.408088,0.038652,0.027079,-0.014972,0.274776,0.871809,0.405519,-0.62401,-0.159177,0.765032,0.731511,-0.46326,0.50028,0.000319,-0.006948,0.002038,-0.027534,-0.01249,-0.033347,-0.899365,0.087481,0.039942,-0.036074,0.765546,-0.202081,-0.61082,0.280758,0.959156,0.034554,0.578889,-0.197945,0.791014,1.2e-05,0.000187,0.000174,-8e-06,6e-06,2.3e-05,0.482015
123,0.170273,-0.02145,0.337854,-0.722226,0.302685,-0.621946,-0.414052,-0.909439,0.038126,-0.553188,0.284671,0.782925,0.0,4e-06,4e-06,0.0,0.0,0.0,0.4964,-0.1771,-0.054265,0.28373,-0.228696,-0.880343,0.415555,0.641225,0.184826,0.744717,-0.73211,0.437876,0.521673,0.000618,-0.014486,0.003195,0.012476,-0.018268,-0.07162,-1.40826,0.038662,0.026959,-0.014957,0.272669,0.872209,0.40608,-0.625553,-0.159957,0.763607,0.730981,-0.462237,0.501998,0.000302,-0.0073,0.001514,-0.020207,-0.005369,-0.063066,-0.900509,0.087486,0.039942,-0.036073,0.765533,-0.202099,-0.61083,0.280774,0.959151,0.03454,0.578898,-0.197947,0.791007,1e-06,-1e-05,-1e-05,-9e-06,1.3e-05,2.6e-05,0.482015
124,0.170283,-0.021451,0.337854,-0.723991,0.29842,-0.621955,-0.408675,-0.911868,0.038112,-0.554872,0.281393,0.782918,-2e-06,-3e-05,-2.8e-05,0.0,-0.0,-0.0,0.497286,-0.177065,-0.054645,0.283702,-0.226461,-0.880506,0.416433,0.642605,0.186094,0.74321,-0.731598,0.437008,0.523117,-0.00021,-0.004091,-0.00604,0.014292,0.000598,-0.033978,-1.408007,0.038679,0.026768,-0.014973,0.270447,0.872462,0.407023,-0.626971,-0.161222,0.762176,0.730591,-0.46132,0.503407,-0.000108,-0.002076,-0.003068,-0.015854,0.013196,-0.025684,-0.900835,0.087492,0.039942,-0.036074,0.766681,-0.197614,-0.610858,0.275094,0.960799,0.034445,0.580106,-0.194451,0.790989,-2e-06,-2.1e-05,-1.9e-05,-0.000137,-7e-06,0.000126,0.482341
125,0.170283,-0.021457,0.337848,-0.723911,0.298505,-0.622007,-0.408754,-0.911836,0.03804,-0.554918,0.281408,0.782881,-0.0,-1e-06,-0.0,0.0,0.0,0.0,0.497808,-0.177113,-0.054932,0.283559,-0.226225,-0.880053,0.417516,0.642497,0.187215,0.743022,-0.731766,0.43744,0.52252,-0.000213,-0.00413,-0.00611,-0.001781,0.014289,-0.024961,-1.408145,0.038655,0.026624,-0.015044,0.270376,0.871983,0.408093,-0.626678,-0.162386,0.762171,0.73087,-0.461816,0.502547,-9.5e-05,-0.001881,-0.002784,-0.000401,0.001364,0.000891,-0.901652,0.087492,0.039939,-0.036077,0.766614,-0.197712,-0.61091,0.27518,0.960777,0.034374,0.580153,-0.194462,0.790952,0.0,4e-06,5e-06,-8.4e-05,2.4e-05,0.000128,0.482831
126,0.170283,-0.021451,0.337854,-0.723898,0.29852,-0.622016,-0.408768,-0.911831,0.038027,-0.554925,0.281411,0.782875,4e-05,0.000671,0.000626,0.0,0.0,0.0,0.497909,-0.177089,-0.0551,0.283455,-0.224053,-0.880349,0.418064,0.64422,0.187963,0.74134,-0.730922,0.436522,0.524466,-8.2e-05,-0.001596,-0.002365,0.001191,-0.001019,-0.00067,-1.407857,0.038667,0.026535,-0.015104,0.26819,0.872363,0.408725,-0.628567,-0.163061,0.760469,0.730052,-0.460861,0.504607,-3.5e-05,-0.000719,-0.001064,-0.010839,0.004614,0.003022,-0.902631,0.087492,0.03994,-0.036076,0.766603,-0.197729,-0.610919,0.275194,0.960773,0.034362,0.580161,-0.194463,0.790946,2.6e-05,0.000453,0.000425,-8.8e-05,1.6e-05,0.000121,0.483648
127,0.170283,-0.021451,0.337854,-0.723898,0.29852,-0.622016,-0.408768,-0.911831,0.038027,-0.554925,0.281411,0.782875,1e-06,1e-05,9e-06,0.0,0.0,0.0,0.498419,-0.177075,-0.055178,0.283449,-0.223985,-0.880216,0.418379,0.644157,0.188307,0.741307,-0.730999,0.436641,0.524259,0.000757,-0.011761,0.0072,-0.036426,0.010472,-0.018263,-1.408112,0.038674,0.026495,-0.015108,0.268187,0.872215,0.409043,-0.62844,-0.163419,0.760497,0.730163,-0.461015,0.504308,0.000384,-0.005786,0.003742,-0.037835,0.011956,-0.017293,-0.902795,0.087492,0.039942,-0.036074,0.766603,-0.19773,-0.610919,0.275196,0.960773,0.034362,0.58016,-0.194465,0.790946,-1e-06,1e-06,2e-06,-7.3e-05,1.2e-05,0.00011,0.483811
128,0.170283,-0.021451,0.337854,-0.723805,0.298619,-0.622076,-0.40886,-0.911793,0.037942,-0.554979,0.281428,0.782831,0.0,0.0,0.0,0.0,0.0,0.0,0.498284,-0.176975,-0.055316,0.283642,-0.221888,-0.880652,0.418579,0.645547,0.188917,0.739941,-0.730415,0.435495,0.526024,0.017147,-0.007774,0.011498,-0.03247,-0.019127,0.035874,-1.40788,0.038718,0.026427,-0.015019,0.266092,0.872721,0.409332,-0.629941,-0.163986,0.759132,0.729635,-0.459855,0.506127,0.000457,-0.004319,0.005911,-0.041146,0.013126,-0.016547,-0.902958,0.087492,0.039942,-0.036074,0.766525,-0.197842,-0.610979,0.275295,0.960748,0.034278,0.580216,-0.194475,0.790903,-0.0,-2e-06,-2e-06,-6.8e-05,1.6e-05,0.000108,0.484301
129,0.170284,-0.021444,0.33786,-0.723791,0.298634,-0.622085,-0.408874,-0.911787,0.03793,-0.554986,0.28143,0.782824,4.7e-05,0.000789,0.000737,0.0,0.0,0.0,0.498152,-0.176788,-0.055476,0.284072,-0.219833,-0.881158,0.418599,0.646616,0.189544,0.738847,-0.730094,0.434195,0.527542,0.000985,-0.007329,0.013754,-0.035254,0.009419,-0.018948,-1.407743,0.038817,0.026353,-0.014805,0.26403,0.873327,0.409374,-0.631143,-0.164512,0.758019,0.729346,-0.458514,0.507758,0.000499,-0.003421,0.007236,-0.061053,0.113561,-0.187644,-0.903121,0.087492,0.039943,-0.036073,0.766514,-0.197859,-0.610988,0.275309,0.960744,0.034266,0.580224,-0.194476,0.790897,3.4e-05,0.00053,0.000494,-5.3e-05,3.1e-05,0.000114,0.484464
130,0.170284,-0.021444,0.33786,-0.723791,0.298634,-0.622085,-0.408874,-0.911787,0.03793,-0.554986,0.28143,0.782824,1e-06,1e-05,9e-06,0.0,0.0,0.0,0.498038,-0.176699,-0.055539,0.284341,-0.217816,-0.881747,0.418413,0.647977,0.189806,0.737587,-0.729495,0.432879,0.529449,0.001084,-0.005361,0.016653,-0.0248,-0.01227,0.001171,-1.407901,0.038862,0.026314,-0.014673,0.26196,0.873995,0.409278,-0.632664,-0.164726,0.756703,0.728774,-0.457162,0.509793,0.008634,-0.002527,0.007745,-0.049077,-0.018485,0.036123,-0.903448,0.087492,0.039945,-0.036071,0.766514,-0.19786,-0.610988,0.27531,0.960744,0.034266,0.580224,-0.194477,0.790897,0.0,-1e-06,-1e-06,-6.3e-05,1.8e-05,9.2e-05,0.484301
131,0.170285,-0.021431,0.337872,-0.723764,0.298662,-0.622102,-0.4089,-0.911776,0.037905,-0.555002,0.281435,0.782811,1.8e-05,0.000299,0.000279,0.0,0.0,0.0,0.497924,-0.176488,-0.055548,0.284843,-0.216239,-0.883696,0.415107,0.648498,0.187696,0.737669,-0.729503,0.429811,0.531932,0.000295,0.005965,0.008782,0.004472,-0.016516,0.0235,-1.408086,0.038968,0.02631,-0.014412,0.260388,0.87599,0.406003,-0.63299,-0.162642,0.756881,0.729054,-0.454079,0.512142,0.00014,0.002971,0.004372,-0.013791,-0.008287,0.027694,-0.904101,0.087492,0.039951,-0.036065,0.766491,-0.197894,-0.611005,0.275341,0.960736,0.034242,0.580239,-0.194481,0.790884,1.1e-05,0.000187,0.000173,-6e-05,7e-06,7.2e-05,0.484464
132,0.170296,-0.021425,0.337877,-0.725491,0.294403,-0.622121,-0.403523,-0.914169,0.037879,-0.556675,0.278149,0.782798,1e-06,1.2e-05,1.1e-05,0.0,-0.0,-0.0,0.498173,-0.176298,-0.055405,0.285293,-0.214365,-0.884526,0.414309,0.649875,0.187366,0.73654,-0.728833,0.428241,0.534112,0.000344,0.007064,0.010366,0.002409,-0.014736,0.024662,-1.407818,0.039063,0.026381,-0.014187,0.258556,0.876872,0.405268,-0.634324,-0.162292,0.75584,0.728547,-0.452498,0.51426,0.008669,-0.001538,0.009168,-0.041953,-0.014765,0.038666,-0.905734,0.087498,0.039955,-0.036062,0.767602,-0.19342,-0.611043,0.269665,0.962348,0.034135,0.581434,-0.190979,0.79086,1e-06,-6e-06,-8e-06,-0.000197,2.6e-05,0.000165,0.484464
133,0.170296,-0.021425,0.337877,-0.725491,0.294403,-0.622121,-0.403523,-0.914169,0.037879,-0.556675,0.278149,0.782798,0.0,0.0,0.0,0.0,-0.0,-0.0,0.498423,-0.17623,-0.055295,0.285484,-0.214316,-0.884427,0.414547,0.649873,0.187595,0.736483,-0.728849,0.428346,0.534006,0.000279,0.00576,0.008438,-0.010534,0.083801,-0.1476,-1.408004,0.039097,0.026437,-0.01409,0.258589,0.876806,0.405392,-0.634245,-0.162428,0.755876,0.728604,-0.452579,0.514108,0.000125,0.002728,0.003992,-0.001079,0.001343,0.000859,-0.906061,0.087498,0.039955,-0.036062,0.767601,-0.193425,-0.611043,0.269671,0.962346,0.034135,0.581433,-0.190983,0.79086,0.0,-9e-06,-8e-06,-0.000121,1.6e-05,0.000143,0.484464
134,0.170296,-0.021425,0.337877,-0.725399,0.294503,-0.622181,-0.403616,-0.914132,0.037794,-0.556728,0.278166,0.782754,0.0,0.0,0.0,0.0,0.0,0.0,0.49824,-0.176119,-0.055131,0.285843,-0.212153,-0.88474,0.414991,0.651576,0.188288,0.734799,-0.727964,0.427392,0.535974,0.000289,0.006048,0.008833,0.004943,-0.016906,0.023246,-1.408018,0.039153,0.026522,-0.013906,0.256366,0.87718,0.405993,-0.636166,-0.163107,0.754113,0.727714,-0.451608,0.516218,0.000139,0.003032,0.004425,-0.013127,-0.009193,0.028118,-0.905734,0.087498,0.039955,-0.036062,0.767524,-0.193539,-0.611104,0.269772,0.962321,0.034052,0.581488,-0.190994,0.790816,5e-06,-5e-06,-7e-06,-7.2e-05,3.8e-05,0.000141,0.484627
135,0.170296,-0.021425,0.337877,-0.725399,0.294503,-0.622181,-0.403616,-0.914132,0.037794,-0.556728,0.278166,0.782754,0.0,0.0,0.0,0.0,0.0,0.0,0.498237,-0.175983,-0.055038,0.286167,-0.210106,-0.885259,0.414924,0.65312,0.188584,0.733351,-0.727177,0.426181,0.538002,0.000167,0.003535,0.005151,0.241691,-0.120176,-0.314815,-1.407803,0.039221,0.026571,-0.01374,0.255576,0.877463,0.405878,-0.636723,-0.163145,0.753635,0.727505,-0.451043,0.517006,8.8e-05,0.001991,0.002897,0.462876,-0.338412,-0.184512,-0.903938,0.087498,0.039955,-0.036062,0.767524,-0.193539,-0.611104,0.269772,0.962321,0.034052,0.581488,-0.190995,0.790816,6e-06,-4e-06,-6e-06,-7e-05,4e-05,0.000138,0.484627
136,0.170307,-0.021425,0.337877,-0.725291,0.294621,-0.622251,-0.403725,-0.914088,0.037694,-0.55679,0.278185,0.782704,0.0,0.0,0.0,0.0,0.0,0.0,0.498796,-0.175855,-0.055105,0.286461,-0.210396,-0.886344,0.412455,0.652138,0.186933,0.734647,-0.727973,0.42465,0.538136,0.000937,-0.008253,0.01232,-0.034612,-0.003883,0.006663,-1.407724,0.039278,0.02654,-0.013599,0.254667,0.878827,0.403492,-0.636586,-0.161735,0.754054,0.727943,-0.448891,0.518261,4.7e-05,0.001075,0.00156,-0.002788,0.004748,-0.00317,-0.904917,0.087503,0.039955,-0.036062,0.767435,-0.193671,-0.611174,0.269887,0.962292,0.033954,0.581552,-0.191006,0.790766,6e-06,-3e-06,-7e-06,-6.9e-05,1.2e-05,0.000137,0.484791
137,0.170307,-0.021425,0.337877,-0.725291,0.294621,-0.622251,-0.403725,-0.914088,0.037694,-0.55679,0.278185,0.782704,0.0,0.0,0.0,0.0,0.0,0.0,0.499084,-0.175799,-0.055145,0.28658,-0.208376,-0.886921,0.412241,0.653677,0.187102,0.733235,-0.727177,0.423367,0.54022,0.000924,-0.008539,0.011902,-0.003949,-0.030233,-0.010481,-1.407863,0.039312,0.02652,-0.013539,0.252603,0.87949,0.403347,-0.638393,-0.161761,0.75252,0.72708,-0.447583,0.520599,3e-05,0.00072,0.001044,0.007957,-0.019958,-0.014154,-0.904101,0.087503,0.039955,-0.036062,0.767435,-0.193671,-0.611174,0.269887,0.962292,0.033954,0.581553,-0.191006,0.790766,6e-06,-3e-06,-7e-06,-7.2e-05,2.6e-05,0.000134,0.484954
138,0.170306,-0.021432,0.337871,-0.725305,0.294606,-0.622242,-0.403711,-0.914094,0.037707,-0.556782,0.278183,0.78271,-0.0,-1e-06,-0.0,0.0,0.0,0.0,0.498423,-0.175697,-0.055301,0.2868,-0.206295,-0.887387,0.412283,0.654965,0.18767,0.73194,-0.726614,0.422134,0.541939,0.000844,-0.010261,0.009395,0.022378,-0.040282,-0.051216,-1.407522,0.039363,0.02644,-0.013423,0.250606,0.880012,0.403452,-0.639684,-0.16228,0.751311,0.726636,-0.446365,0.522262,0.000415,-0.005199,0.004598,0.001911,-0.032964,-0.046759,-0.905571,0.087503,0.039951,-0.036066,0.767446,-0.193656,-0.611165,0.269874,0.962295,0.033966,0.581544,-0.191005,0.790773,2e-06,3e-06,2e-06,-6.8e-05,2.4e-05,0.000117,0.485281
139,0.170306,-0.021432,0.337871,-0.725305,0.294606,-0.622242,-0.403711,-0.914094,0.037707,-0.556782,0.278183,0.78271,-0.0,-0.0,-0.0,0.0,0.0,0.0,0.498639,-0.175653,-0.055477,0.287071,-0.204215,-0.887863,0.412295,0.656168,0.188264,0.730708,-0.726118,0.420864,0.543588,0.000114,0.002477,0.003597,0.353221,-0.316603,-0.171112,-1.408079,0.039385,0.026348,-0.013294,0.249946,0.880145,0.403572,-0.639582,-0.162852,0.751274,0.726953,-0.445896,0.522221,5.2e-05,0.001253,0.001817,0.561691,-0.403069,-0.224015,-0.906061,0.087503,0.039951,-0.036066,0.767446,-0.193656,-0.611165,0.269874,0.962295,0.033966,0.581544,-0.191005,0.790773,1e-06,1e-06,1e-06,-7.4e-05,2.2e-05,0.000113,0.485281
140,0.170307,-0.021425,0.337877,-0.725199,0.294721,-0.622311,-0.403817,-0.914051,0.03761,-0.556843,0.278202,0.78266,4e-05,0.000671,0.000626,0.0,0.0,0.0,0.497941,-0.175629,-0.055575,0.287237,-0.204168,-0.887781,0.412494,0.655872,0.188629,0.73088,-0.726399,0.420873,0.543206,8.6e-05,0.001867,0.00271,0.005136,-0.004424,-0.002866,-1.408076,0.039398,0.026301,-0.013209,0.248414,0.880509,0.403725,-0.640612,-0.16329,0.750301,0.726571,-0.445017,0.523502,3.9e-05,0.000958,0.001387,-0.016595,0.004651,0.002681,-0.906387,0.087503,0.039953,-0.036064,0.767358,-0.193786,-0.611234,0.269987,0.962267,0.033871,0.581608,-0.191016,0.790723,2.2e-05,0.000382,0.000356,-7.1e-05,6e-06,0.000107,0.485117
141,0.170306,-0.021432,0.337871,-0.725212,0.294706,-0.622303,-0.403804,-0.914056,0.037622,-0.556835,0.2782,0.782666,-2e-06,-3e-05,-2.8e-05,0.0,0.0,0.0,0.498084,-0.175614,-0.055764,0.28762,-0.200004,-0.88873,0.41249,0.658687,0.189572,0.728099,-0.725016,0.418433,0.546927,0.000941,-0.008154,0.012444,0.096646,-0.104513,-0.092574,-1.407916,0.039404,0.026209,-0.013023,0.244728,0.881488,0.403839,-0.643309,-0.164006,0.747833,0.725438,-0.442809,0.526932,6.8e-05,0.001599,0.002319,0.191407,-0.164235,-0.071415,-0.906877,0.087503,0.039951,-0.036066,0.767368,-0.193771,-0.611225,0.269975,0.96227,0.033883,0.581599,-0.191017,0.790729,-2e-06,-1.6e-05,-1.4e-05,-6.1e-05,2e-06,8.1e-05,0.484954
645,0.141418,-0.039811,0.294059,-0.778852,-0.161298,-0.60615,-0.143405,-0.895006,0.422339,-0.609665,0.416061,0.674707,-0.015483,0.002237,0.002582,-0.000986,0.014711,-0.029555,0.136443,-0.177429,-0.033037,0.290178,-0.472281,0.783482,0.403854,-0.271524,-0.565086,0.779029,0.839144,0.257274,0.479073,-0.00073,0.01261,-0.006256,0.038225,-0.026365,0.042268,-1.391878,0.038497,0.037563,-0.011738,0.454992,-0.799251,0.392655,0.314405,0.556726,0.768898,-0.833144,-0.22639,0.504595,8e-06,0.000185,0.000241,0.000279,0.002118,-0.000672,-0.880097,0.073064,0.030759,-0.057975,0.755757,0.265423,-0.598649,0.010073,0.909355,0.415898,0.654774,-0.320348,0.684578,0.000108,0.000682,0.000898,-0.000129,-0.01293,0.026761,-0.147797
646,0.141369,-0.039744,0.294147,-0.777756,-0.165755,-0.606355,-0.138287,-0.895882,0.42219,-0.612238,0.412413,0.674616,0.000409,0.002548,0.003362,0.000659,-0.014723,0.024766,0.287698,-0.177505,-0.032908,0.290131,-0.475628,0.788454,0.390014,-0.278387,-0.555387,0.783569,0.834997,0.263115,0.483129,2.2e-05,0.000544,0.0007,9e-05,-0.001089,0.001692,-1.40321,0.038459,0.037634,-0.011761,0.457742,-0.804442,0.378607,0.321151,0.54669,0.773298,-0.829055,-0.232382,0.508591,1.1e-05,0.000277,0.000355,8e-05,0.007061,-0.00882,-0.88075,0.073034,0.030793,-0.057931,0.754075,0.269641,-0.598885,0.004928,0.909491,0.415693,0.656769,-0.316415,0.684496,0.000209,0.001313,0.001732,-0.000448,-0.013914,0.026069,0.063338
647,0.141299,-0.039659,0.294257,-0.77762,-0.165597,-0.606573,-0.138479,-0.895926,0.422034,-0.612367,0.412381,0.674519,0.000305,0.001895,0.002497,-0.0,-0.0,-0.0,0.405962,-0.177604,-0.032715,0.290136,-0.481917,0.791858,0.375109,-0.281438,-0.545185,0.78962,0.83036,0.27396,0.485088,8.3e-05,0.002001,0.002575,-0.023156,-0.074081,0.190354,-1.403404,0.03841,0.037729,-0.011762,0.463384,-0.808093,0.363676,0.323718,0.536398,0.779412,-0.824913,-0.243439,0.510153,-0.000345,0.006796,-0.002495,0.022487,0.00954,0.052258,-0.879608,0.073,0.030838,-0.057873,0.753982,0.269419,-0.599102,0.005169,0.90956,0.415538,0.656874,-0.316405,0.6844,0.000155,0.000976,0.001288,-0.000766,0.000522,0.000881,0.262389
648,0.141315,-0.03965,0.294304,-0.777258,-0.165119,-0.607167,-0.139067,-0.896033,0.421613,-0.612694,0.412339,0.674247,6e-06,3.9e-05,5.2e-05,-0.0,-0.0,-0.0,0.481617,-0.177805,-0.032506,0.290188,-0.49279,0.792014,0.360364,-0.281345,-0.536802,0.795376,0.823996,0.289564,0.486874,-0.015296,0.003032,0.005325,-0.000572,-5.3e-05,-0.004129,-1.403576,0.038309,0.037832,-0.011737,0.473785,-0.808755,0.348485,0.323775,0.527974,0.785118,-0.81896,-0.259147,0.512001,-0.007649,0.001569,0.002732,0.007846,0.004169,-0.016365,-0.875525,0.073008,0.030849,-0.057849,0.753702,0.26885,-0.59971,0.00577,0.909758,0.415097,0.65719,-0.31632,0.684136,-9e-06,-3.9e-05,-5.1e-05,-0.000511,0.000347,0.000608,0.39694
649,0.141324,-0.039658,0.294276,-0.777074,-0.164882,-0.607467,-0.139328,-0.896108,0.421368,-0.612868,0.412271,0.674131,-7.9e-05,-0.000492,-0.000649,0.004545,-0.101606,0.170921,0.503561,-0.177958,-0.032369,0.290225,-0.502313,0.790035,0.35145,-0.278488,-0.532481,0.799276,0.819211,0.302612,0.487013,0.000165,0.003899,0.005007,0.027919,-0.460619,0.723184,-1.403815,0.038233,0.037899,-0.01172,0.482889,-0.806918,0.340148,0.320321,0.524286,0.788997,-0.814992,-0.272042,0.511644,-0.008059,0.007092,-0.001362,0.189668,-1.610081,2.455568,-0.87177,0.073013,0.03084,-0.05786,0.753619,0.268677,-0.599891,0.005948,0.90982,0.414959,0.657283,-0.316289,0.68406,0.007763,-0.000956,-0.001077,0.00056,-0.014412,0.03004,0.445438
650,0.141444,-0.039725,0.29419,-0.77668,-0.164346,-0.608115,-0.139942,-0.89625,0.42086,-0.613227,0.412174,0.673864,-0.000314,-0.001959,-0.002583,-0.0,-0.0,-0.0,0.515856,-0.178453,-0.032043,0.290268,-0.522946,0.784108,0.334207,-0.274109,-0.525846,0.805161,0.807716,0.328452,0.489467,-0.015252,0.003572,0.005991,-0.183838,-0.396423,-0.218054,-1.404272,0.037991,0.038063,-0.011698,0.502976,-0.802329,0.321376,0.316572,0.517012,0.795285,-0.804236,-0.298271,0.51404,-0.008013,0.007172,-0.001305,-0.516024,-1.369146,-0.766602,-0.864585,0.073073,0.030808,-0.057902,0.753269,0.267976,-0.600645,0.006657,0.91008,0.414378,0.657678,-0.316136,0.683751,0.007641,-0.001732,-0.002102,5.3e-05,0.000204,0.005135,0.495241
651,0.141605,-0.039833,0.294052,-0.776916,-0.153671,-0.610599,-0.151906,-0.895388,0.41854,-0.610078,0.41811,0.673064,0.015319,-0.003267,-0.003947,0.000984,-0.014715,0.029553,0.516703,-0.179267,-0.031527,0.290296,-0.540011,0.779957,0.316299,-0.268855,-0.515843,0.813362,0.798211,0.353196,0.487826,-0.031374,0.015025,-0.000398,-0.122986,0.142402,0.07424,-1.404107,0.03759,0.038318,-0.01168,0.520539,-0.798286,0.302948,0.311058,0.507723,0.803405,-0.795161,-0.323969,0.512603,-0.007967,0.008187,-1.8e-05,-0.168667,0.02253,0.358801,-0.866381,0.073147,0.030753,-0.057973,0.755059,0.257397,-0.603018,0.018682,0.910898,0.412207,0.65539,-0.322506,0.682974,-0.000215,-0.001353,-0.001791,-5.8e-05,0.000341,-0.000312,0.506018
