frame,MLTx,MLTy,MLTz,MLTR1,MLTR2,MLTR3,MLTR4,MLTR5,MLTR6,MLTR7,MLTR8,MLTR9,MLTTVx,MLTTVy,MLTTVz,MLTRVx,MLTRVy,MLTRVz,MLGA,MRTx,MRTy,MRTz,MRTR1,MRTR2,MRTR3,MRTR4,MRTR5,MRTR6,MRTR7,MRTR8,MRTR9,MRTTVx,MRTTVy,MRTTVz,MRTRVx,MRTRVy,MRTRVz,MRGA,SLTx,SLTy,SLTz,SLTR1,SLTR2,SLTR3,SLTR4,SLTR5,SLTR6,SLTR7,SLTR8,SLTR9,SLTTVx,SLTTVy,SLTTVz,SLTRVx,SLTRVy,SLTRVz,SLGA,SRTx,SRTy,SRTz,SRTR1,SRTR2,SRTR3,SRTR4,SRTR5,SRTR6,SRTR7,SRTR8,SRTR9,SRTTVx,SRTTVy,SRTTVz,SRTRVx,SRTRVy,SRTRVz,SRGA
114,0.078396,0.002705,0.379407,-0.696968,0.055203,-0.715006,-0.0204,-0.998137,-0.057251,-0.71597,-0.025392,0.697688,-0.002758,-0.015492,0.005438,-0.014805,0.082012,0.014511,-0.884379,-0.069175,0.032219,0.348988,0.337489,0.818719,0.464535,-0.941103,0.302564,0.150714,-0.01757,-0.489066,0.871991,-0.002705,0.008092,0.006252,-0.099954,-1.226542,0.435973,0.075745,0.05839,0.036382,-0.00611,-0.169261,-0.884713,0.434319,0.97709,-0.208319,-0.043561,0.129016,0.416995,0.899705,-1.6e-05,-0.001811,0.006932,-0.001066,-0.235332,0.276645,-0.103977,0.076078,0.023336,-0.049954,-0.654677,0.211017,-0.725857,-0.218436,-0.97209,-0.085585,-0.723659,0.102523,0.682499,-0.001467,-0.007996,0.002537,-0.020936,0.091056,-0.0168,-0.875746
115,0.078312,0.002405,0.379452,-0.702482,0.06272,-0.708965,-0.021272,-0.997496,-0.067242,-0.710535,-0.032241,0.702942,-0.013913,0.000827,0.000339,0.035354,0.132046,0.02609,-0.883998,-0.069222,0.032265,0.349312,0.310841,0.840386,0.443983,-0.950384,0.272667,0.149527,0.004224,-0.469487,0.882852,0.000661,-0.005617,0.012289,-0.033521,-0.519769,-0.249589,0.097389,0.058364,0.036414,-0.005954,-0.147261,-0.902501,0.404728,0.982828,-0.179512,-0.042689,0.11118,0.391493,0.913439,-0.000781,0.002529,0.001828,-2.119391,-1.400518,-4.739524,-0.070993,0.076038,0.023177,-0.049939,-0.658806,0.219396,-0.71961,-0.218933,-0.971043,-0.09562,-0.719751,0.094551,0.687762,-0.000509,-0.001494,-0.001089,0.043294,0.038214,0.23664,-0.87346
116,0.078238,0.002277,0.379508,-0.706245,0.064725,-0.705035,-0.021904,-0.997314,-0.06969,-0.706776,-0.033863,0.706646,-0.001621,-0.012137,0.007882,-0.00275,0.120631,0.032736,-0.88231,-0.069211,0.03222,0.349463,0.299153,0.849191,0.435171,-0.954036,0.259602,0.149519,0.013637,-0.460964,0.887237,0.001243,-0.007358,0.010948,-0.643707,-0.546603,-1.218325,0.116357,0.05837,0.03639,-0.005873,-0.136301,-0.909602,0.392485,0.985192,-0.166049,-0.042692,0.104005,0.380855,0.918766,-0.00056,0.00187,0.001342,-2.337589,-1.003271,-4.756134,-0.052867,0.075996,0.023114,-0.04991,-0.662308,0.222088,-0.715558,-0.219461,-0.970672,-0.098138,-0.716368,0.09204,0.691624,-0.006958,0.000417,0.000173,0.017293,0.075323,-0.000675,-0.871664
117,0.078116,0.001937,0.379649,-0.707969,0.070402,-0.702758,-0.022729,-0.996755,-0.077032,-0.705022,-0.038658,0.708149,-0.002102,-0.01355,0.00685,1.756647,-1.305165,1.617822,-0.879308,-0.069208,0.031969,0.349811,0.281727,0.86396,0.417366,-0.959084,0.24201,0.146702,0.025397,-0.442704,0.896232,0.001561,-0.008312,0.010217,-2.157625,-1.111337,-4.937685,0.145173,0.058372,0.036265,-0.005706,-0.125156,-0.919728,0.372068,0.98738,-0.152141,-0.043949,0.097028,0.361872,0.927164,0.000914,-0.004584,0.004784,0.250029,-0.430625,-0.047369,-0.009595,0.075937,0.022949,-0.049837,-0.664099,0.226172,-0.712613,-0.220161,-0.970041,-0.102703,-0.714493,0.088685,0.693998,-0.000678,-0.001985,-0.00145,-0.009178,-0.012546,-0.038052,-0.869705
118,0.078058,0.001585,0.379731,-0.708631,0.073947,-0.701726,-0.023829,-0.996414,-0.081013,-0.704321,-0.040786,0.708728,-0.002258,-0.014007,0.006515,-0.027959,-0.06835,0.163154,-0.879121,-0.069167,0.031676,0.35021,0.271775,0.874798,0.401072,-0.96178,0.233338,0.143066,0.03124,-0.425723,0.904239,0.003579,-0.017998,0.019386,-0.283702,-1.028339,0.215089,0.157612,0.058394,0.036115,-0.005509,-0.112139,-0.928853,0.353066,0.989401,-0.137352,-0.047101,0.092244,0.344042,0.934411,0.00074,-0.004095,0.005129,-1.290219,-2.479189,0.589606,0.017184,0.075908,0.022773,-0.049795,-0.662591,0.231079,-0.712442,-0.220753,-0.969213,-0.109056,-0.71571,0.085014,0.693203,-0.000774,-0.002272,-0.00166,-0.004112,0.006756,-0.03007,-0.868562
119,0.07802,0.001412,0.379742,-0.707396,0.076443,-0.702704,-0.024375,-0.996162,-0.083903,-0.705544,-0.042327,0.707421,-0.002598,-0.015008,0.005781,-0.028974,-0.056019,0.137124,-0.879734,-0.069122,0.03149,0.350439,0.26162,0.88106,0.394055,-0.964382,0.222896,0.142191,0.037131,-0.418326,0.907462,0.003926,-0.019038,0.018594,0.07934,-0.278878,-0.03208,0.160225,0.058415,0.036024,-0.005392,-0.102943,-0.933828,0.342589,0.990821,-0.126605,-0.047372,0.087611,0.334568,0.938289,0.000679,-0.003882,0.005326,0.088636,-0.217244,-0.29641,0.023716,0.075889,0.022688,-0.049788,-0.660812,0.233284,-0.713374,-0.221173,-0.968789,-0.111932,-0.717222,0.083813,0.691784,-0.000721,-0.002108,-0.001542,-0.001466,-1e-06,-0.001484,-0.867255
120,0.077984,0.001102,0.379768,-0.705694,0.080356,-0.703978,-0.026027,-0.995797,-0.087651,-0.707187,-0.04364,0.705698,-0.001989,-0.013217,0.00709,-0.034593,0.017926,-0.015929,-0.880114,-0.069038,0.030976,0.350956,0.261058,0.88714,0.380555,-0.964456,0.223717,0.14039,0.039094,-0.404793,0.913497,0.004125,-0.019638,0.018151,-0.003044,-0.073316,-0.096677,0.196698,0.058457,0.03577,-0.005137,-0.104074,-0.93878,0.32842,0.990639,-0.127172,-0.049591,0.088321,0.320185,0.943228,0.00195,-0.009513,0.009311,0.002777,-0.171883,0.097728,0.051639,0.07587,0.02253,-0.049778,-0.658268,0.236901,-0.714535,-0.222699,-0.967988,-0.115769,-0.719088,0.082919,0.689954,-0.001181,-0.007158,0.003143,-0.035887,0.030689,-0.042164,-0.867582
121,0.077947,0.000889,0.379851,-0.704411,0.08309,-0.704944,-0.026863,-0.995513,-0.090571,-0.708433,-0.044973,0.704363,-0.001511,-0.011812,0.008122,-0.035555,0.030423,-0.04188,-0.880379,-0.068957,0.030428,0.351499,0.256496,0.892852,0.370157,-0.965821,0.222702,0.132388,0.035459,-0.392584,0.918958,0.004093,-0.01955,0.018238,0.282623,-0.482368,-0.128717,0.208167,0.058498,0.035493,-0.004862,-0.101832,-0.942432,0.318513,0.990467,-0.125905,-0.055872,0.092758,0.309787,0.94627,0.000782,-0.004193,0.005092,0.312584,-0.399698,-0.299366,0.084623,0.075851,0.022417,-0.049735,-0.656454,0.239331,-0.715393,-0.223401,-0.967476,-0.118669,-0.720527,0.081919,0.68857,-0.000712,-0.005771,0.004162,-0.035805,0.030599,-0.042091,-0.867255
122,0.077939,0.000782,0.379961,-0.706348,0.084014,-0.702893,-0.027325,-0.995407,-0.091594,-0.706484,-0.045603,0.706277,-0.000771,-0.009638,0.009719,-0.003605,0.119604,0.03185,-0.881223,-0.068896,0.029862,0.352093,0.252787,0.896312,0.364301,-0.966848,0.220739,0.128109,0.034107,-0.385735,0.921905,0.003774,-0.018601,0.018984,-0.003533,-0.072456,-0.095614,0.220668,0.058529,0.035208,-0.004566,-0.09822,-0.945598,0.310153,0.990475,-0.123109,-0.061672,0.096499,0.301142,0.948683,-0.005758,-0.005349,0.005086,0.003866,-0.032653,-0.094098,0.099156,0.075846,0.022366,-0.049684,-0.658247,0.240629,-0.713307,-0.22381,-0.967246,-0.119759,-0.718762,0.080814,0.690542,0.000133,0.000399,0.000293,0.037104,0.121608,0.05715,-0.868562
123,0.077945,0.000726,0.38002,-0.705366,0.085757,-0.703668,-0.027294,-0.995184,-0.094,-0.707466,-0.047212,0.705188,5.9e-05,0.000173,0.000127,1.805224,-1.313489,1.626073,-0.881057,-0.068864,0.029668,0.352381,0.249904,0.898525,0.360822,-0.967649,0.219188,0.124682,0.032642,-0.381437,0.923744,0.00087,-0.006248,0.011832,0.070594,-0.119124,-0.101914,0.229008,0.058547,0.035105,-0.004421,-0.095921,-0.947121,0.306204,0.990501,-0.121267,-0.064809,0.098515,0.297079,0.949756,0.000265,-0.002642,0.006284,0.075641,-0.137954,-0.083651,0.110587,0.07585,0.022336,-0.049649,-0.657383,0.241694,-0.713743,-0.22376,-0.967055,-0.121382,-0.719567,0.079912,0.689808,5.9e-05,0.000118,6.3e-05,1.803377,-1.325513,1.617826,-0.868725
124,0.077963,0.000573,0.380161,-0.706133,0.088887,-0.70251,-0.027982,-0.994797,-0.097818,-0.706674,-0.049534,0.705823,-0.000943,-0.010147,0.009348,-0.029801,0.032074,-0.008805,-0.88105,-0.068865,0.029607,0.352905,0.245765,0.901782,0.355498,-0.968787,0.217063,0.119454,0.030261,-0.374894,0.9265,-0.000645,-0.001699,0.015298,0.227095,-0.31049,-0.192087,0.240595,0.058548,0.035069,-0.004163,-0.093132,-0.948994,0.301225,0.990521,-0.118987,-0.068619,0.100961,0.291979,0.95108,-0.001572,0.00469,0.003574,0.439111,-0.505068,-0.257549,0.128059,0.075859,0.022265,-0.049582,-0.65717,0.245492,-0.712642,-0.224189,-0.966346,-0.12615,-0.719628,0.076864,0.69009,-4e-06,-2e-06,-3e-06,-0.006669,-0.009891,-0.009141,-0.868562
125,0.078041,0.000401,0.380238,-0.706787,0.092252,-0.701418,-0.028756,-0.994367,-0.101881,-0.705989,-0.05196,0.706333,-0.001459,-0.011669,0.008233,-0.0324,0.040804,-0.037017,-0.881941,-0.068959,0.029737,0.353404,0.242974,0.903932,0.35194,-0.969539,0.215575,0.115993,0.028689,-0.37054,0.9283,-0.000856,-0.00106,0.015761,0.065574,-0.043422,-0.254263,0.25119,0.0585,0.035138,-0.00391,-0.090519,-0.950872,0.296054,0.990452,-0.11699,-0.07292,0.103973,0.286627,0.952383,-0.000476,-0.00041,0.007974,0.119369,-0.185636,-0.104642,0.143245,0.0759,0.022182,-0.049541,-0.657163,0.248877,-0.711474,-0.224772,-0.965675,-0.130184,-0.719453,0.074368,0.690546,0.006574,-0.001603,-0.001038,-0.005315,-0.029035,0.020063,-0.868562
126,0.078071,0.000309,0.380298,-0.707246,0.088421,-0.701449,-0.023288,-0.994502,-0.101957,-0.70573,-0.055891,0.706292,-0.001231,-0.011001,0.008724,-0.034571,0.017995,-0.015896,-0.882694,-0.069009,0.029807,0.353682,0.24047,0.906017,0.348281,-0.97022,0.214472,0.112291,0.026753,-0.366051,0.930137,-0.001288,0.000242,0.016735,0.133058,-0.202824,-0.121541,0.25088,0.058475,0.035171,-0.003773,-0.088504,-0.952313,0.292002,0.99036,-0.115488,-0.076472,0.106548,0.282419,0.953355,-0.001897,0.005677,0.004308,0.235425,-0.291232,-0.110727,0.147,0.075914,0.022134,-0.049512,-0.65827,0.245053,-0.711778,-0.219388,-0.966937,-0.130003,-0.720102,0.070579,0.690268,0.00638,-0.002182,-0.001463,-0.000858,-0.019366,0.027153,-0.868562
127,0.078155,0.000119,0.380437,-0.708046,0.0915,-0.700245,-0.02399,-0.994093,-0.105716,-0.704904,-0.058175,0.706932,-0.0,-0.0,-0.0,0.000123,0.000406,0.00019,-0.882518,-0.069194,0.030023,0.354265,0.237975,0.909697,0.340309,-0.970848,0.213326,0.108991,0.026267,-0.35747,0.933482,-0.002214,0.003044,0.018812,0.06411,-0.123622,-0.069972,0.245892,0.058385,0.035271,-0.003487,-0.086937,-0.95518,0.282971,0.990263,-0.113857,-0.080091,0.108719,0.273253,0.955778,-0.007537,7.1e-05,0.009167,0.090914,-0.135151,-0.12311,0.14749,0.075955,0.022037,-0.049444,-0.65848,0.248227,-0.710482,-0.21991,-0.966301,-0.13379,-0.719751,0.068144,0.690878,1e-06,1.2e-05,8e-06,-0.003472,-0.007187,-0.004682,-0.869215
128,0.078226,-6e-06,0.380536,-0.709863,0.092699,-0.698245,-0.024668,-0.993944,-0.106954,-0.70305,-0.058822,0.708722,0.0,1e-06,1e-06,4.6e-05,0.000153,7.1e-05,-0.882072,-0.069375,0.030177,0.355022,0.236709,0.915981,0.323941,-0.970989,0.212115,0.110093,0.031847,-0.341756,0.939176,-0.002537,0.004037,0.019503,0.162211,-0.247718,-0.115607,0.231535,0.058293,0.035355,-0.00311,-0.088411,-0.959737,0.266622,0.990504,-0.112998,-0.078304,0.10528,0.257167,0.960614,-0.007652,0.000448,0.009419,0.299967,-0.374444,-0.224562,0.13655,0.07599,0.021971,-0.049391,-0.660067,0.249686,-0.708496,-0.220528,-0.965995,-0.13498,-0.718107,0.067147,0.692685,-1e-06,-1e-06,-4e-06,-0.001548,-0.004989,-0.002338,-0.869541
129,0.078328,-9.1e-05,0.380564,-0.709896,0.092702,-0.698212,-0.024798,-0.993954,-0.106831,-0.703013,-0.058647,0.708774,0.013113,-0.003353,-0.002184,0.000984,-0.014714,0.029553,-0.882012,-0.069527,0.030195,0.355898,0.234131,0.922426,0.30709,-0.971525,0.210817,0.10784,0.034455,-0.324756,0.945098,-0.003025,0.005532,0.020561,0.271999,-0.371608,-0.19488,0.218978,0.058217,0.035365,-0.002677,-0.08866,-0.964222,0.249829,0.990526,-0.111756,-0.079803,0.104867,0.240387,0.964995,-0.001405,0.002402,0.010012,0.347938,-0.537693,-0.086596,0.12316,0.076037,0.02193,-0.049375,-0.660082,0.249652,-0.708494,-0.220646,-0.965991,-0.134818,-0.718057,0.067336,0.692718,-8.4e-05,-0.000245,-0.000182,-0.000113,-0.000107,1.3e-05,-0.869541
130,0.078392,-0.000121,0.380543,-0.708824,0.094616,-0.699043,-0.024719,-0.993665,-0.109505,-0.704096,-0.060465,0.707544,0.012985,-0.003733,-0.002464,0.000984,-0.014715,0.029553,-0.881974,-0.069605,0.030211,0.356346,0.233603,0.924814,0.300231,-0.971623,0.210853,0.106883,0.035263,-0.317844,0.947415,-0.003321,0.006437,0.021202,0.146563,-0.228072,-0.102288,0.215603,0.058177,0.035373,-0.002435,-0.088521,-0.966368,0.241445,0.990411,-0.111202,-0.081962,0.106055,0.231875,0.966946,-0.001706,0.003316,0.010679,0.145741,-0.221114,-0.101828,0.113363,0.076069,0.021916,-0.049385,-0.658613,0.251347,-0.709261,-0.220442,-0.965658,-0.137508,-0.719466,0.065786,0.691403,-0.000154,-0.000452,-0.000333,-0.002406,0.001648,-0.002,-0.869541
131,0.078495,-0.000182,0.380538,-0.710518,0.095969,-0.697136,-0.025287,-0.993477,-0.111067,-0.702367,-0.061413,0.70918,-2e-06,-5e-06,-3e-06,5.4e-05,0.00018,8.4e-05,-0.882376,-0.069717,0.030255,0.35728,0.230845,0.928479,0.290909,-0.972386,0.21025,0.100968,0.032307,-0.307354,0.950974,-0.000567,-0.00548,0.028704,0.128324,-0.244104,-0.136052,0.215407,0.05812,0.035401,-0.001976,-0.087328,-0.968774,0.232054,0.990063,-0.110176,-0.087375,0.110213,0.222118,0.96877,-0.001368,0.002298,0.009889,0.267644,-0.44197,0.014517,0.107974,0.076125,0.021882,-0.04939,-0.66008,0.252998,-0.707308,-0.220947,-0.965316,-0.139091,-0.717966,0.064467,0.693085,-0.000458,-0.005047,0.004695,-0.036187,0.012627,-0.018501,-0.869868
132,0.078556,-0.000252,0.380627,-0.710596,0.095907,-0.697066,-0.025447,-0.9935,-0.110827,-0.702283,-0.061142,0.709287,0.000359,0.001062,0.000779,0.0,0.0,0.0,-0.882125,-0.069816,0.030212,0.358089,0.229531,0.929524,0.288603,-0.972679,0.209095,0.10054,0.032835,-0.304966,0.951725,-0.001484,0.000905,0.01701,-0.032261,-0.013217,0.00158,0.210758,0.058069,0.035383,-0.001563,-0.085974,-0.969628,0.228972,0.990164,-0.108618,-0.088179,0.110371,0.219139,0.96943,-0.000787,0.000548,0.008578,-0.045091,0.000873,0.008182,0.106831,0.076155,0.021846,-0.049347,-0.660139,0.252926,-0.707278,-0.221111,-0.965316,-0.138828,-0.717861,0.064741,0.693169,-0.000226,-0.004363,0.005199,-0.034692,0.017697,-0.015989,-0.869868
133,0.078552,-0.000298,0.380669,-0.710654,0.09583,-0.697017,-0.025505,-0.993516,-0.110666,-0.702222,-0.060995,0.70936,4e-06,1.3e-05,1e-05,0.0,0.0,0.0,-0.881985,-0.06985,0.030163,0.35846,0.228412,0.930981,0.284769,-0.972877,0.207867,0.101175,0.034725,-0.301328,0.952816,-0.001029,-0.000469,0.015988,0.123851,-0.189818,-0.110586,0.203707,0.058052,0.035359,-0.001383,-0.086105,-0.970386,0.225691,0.990369,-0.108019,-0.086601,0.108415,0.216061,0.970341,-0.000547,-0.000177,0.008038,0.279462,-0.357441,-0.187013,0.100626,0.076154,0.021826,-0.049324,-0.660212,0.252862,-0.707233,-0.221176,-0.965324,-0.138668,-0.717774,0.064873,0.693246,-5e-06,-1e-05,-7e-06,-3e-05,-9e-06,3.1e-05,-0.869705
134,0.078539,-0.000395,0.380736,-0.710823,0.095512,-0.696889,-0.025493,-0.993564,-0.110246,-0.702051,-0.060726,0.709552,-0.000352,-0.001042,-0.000765,0.0,0.0,0.0,-0.881901,-0.069817,0.030178,0.359061,0.228277,0.931102,0.284481,-0.972861,0.207375,0.102324,0.036007,-0.301292,0.95278,0.011774,0.002274,0.016361,-0.031241,-0.027263,0.031563,0.194919,0.058064,0.035362,-0.001079,-0.08542,-0.97068,0.224681,0.990504,-0.107113,-0.086182,0.107721,0.215186,0.970613,-0.001541,0.004642,0.003391,-0.013991,0.085352,-0.145837,0.089522,0.076148,0.021779,-0.049289,-0.660444,0.252583,-0.707116,-0.221186,-0.965382,-0.138249,-0.717557,0.065098,0.693449,-0.000238,-0.000702,-0.000515,-2.6e-05,-4e-06,1.9e-05,-0.869705
135,0.078522,-0.000469,0.380808,-0.712665,0.096539,-0.694862,-0.025975,-0.993416,-0.111454,-0.700163,-0.061509,0.711348,2.4e-05,7e-05,5.1e-05,0.000277,0.000915,0.000426,-0.882022,-0.069716,0.030256,0.359612,0.228458,0.9317,0.28237,-0.972686,0.206738,0.105237,0.039399,-0.299874,0.953093,-0.000878,-0.000931,0.015608,-0.0473,0.084772,-0.170821,0.18216,0.05812,0.035399,-0.000799,-0.086003,-0.971113,0.22258,0.990794,-0.106809,-0.083174,0.104545,0.213378,0.971359,-0.000444,-0.000476,0.007796,-0.046231,0.085668,-0.170014,0.07352,0.076139,0.021739,-0.049255,-0.662155,0.253966,-0.705018,-0.22161,-0.965102,-0.139518,-0.715848,0.063856,0.695329,-0.000446,-0.005011,0.004725,-0.037497,0.007683,-0.020912,-0.869215
136,0.078541,-0.000504,0.380845,-0.71219,0.09425,-0.695664,-0.020113,-0.993257,-0.114054,-0.70084,-0.067361,0.71015,0.0,0.0,0.0,0.0,0.0,-0.0,-0.880719,-0.069607,0.030267,0.360151,0.227513,0.933149,0.278321,-0.972815,0.205625,0.106223,0.04162,-0.296098,0.954179,-0.000373,-0.002463,0.01448,0.009474,-0.06062,-0.028238,0.180151,0.058174,0.035407,-0.000534,-0.085721,-0.972149,0.218122,0.990968,-0.10585,-0.082322,0.103117,0.209095,0.972442,-0.000138,-0.001407,0.007112,0.003612,-0.052187,-0.029286,0.065682,0.076148,0.021722,-0.049236,-0.662066,0.251579,-0.705957,-0.215739,-0.966077,-0.141951,-0.717722,0.058321,0.693882,-2e-06,-4e-06,-3e-06,-0.000902,0.000587,-0.000441,-0.868235
137,0.078538,-0.000519,0.380847,-0.712206,0.094217,-0.695652,-0.020109,-0.993262,-0.114013,-0.700823,-0.067337,0.710169,-4e-05,-0.00012,-8.8e-05,0.0,0.0,0.0,-0.881516,-0.069539,0.030279,0.36043,0.228561,0.933654,0.275756,-0.972438,0.206024,0.108869,0.04456,-0.294215,0.954628,-0.000684,-0.001524,0.015153,-0.032696,-0.012743,0.001893,0.179713,0.058209,0.035411,-0.000396,-0.087123,-0.972538,0.215817,0.991128,-0.106447,-0.079577,0.100365,0.20697,0.973185,0.005916,0.000981,0.008043,-0.021066,-0.111771,0.207147,0.064212,0.076147,0.021715,-0.049235,-0.662092,0.251548,-0.705943,-0.215742,-0.966084,-0.141903,-0.717696,0.058349,0.693906,-2.5e-05,-7.3e-05,-5.5e-05,-0.000244,4.7e-05,6e-05,-0.868562
138,0.078565,-0.00054,0.380845,-0.712246,0.094114,-0.695625,-0.020059,-0.993273,-0.113923,-0.700784,-0.067312,0.71021,-0.0,-1e-06,-0.0,0.0,0.0,0.0,-0.881341,-0.069329,0.030294,0.361104,0.226443,0.935442,0.271408,-0.972979,0.204818,0.106277,0.043556,-0.289319,0.95617,0.011024,0.004427,0.017852,0.053889,-0.135476,-0.002312,0.176534,0.058315,0.035414,-5.6e-05,-0.085755,-0.973723,0.21097,0.991062,-0.105085,-0.082167,0.102178,0.202038,0.974032,0.005488,0.002252,0.00895,0.045564,-0.126493,-0.000432,0.06062,0.07616,0.021704,-0.049236,-0.662151,0.251459,-0.70592,-0.215704,-0.966106,-0.141811,-0.717653,0.05837,0.693949,1e-06,9e-06,7e-06,-0.000107,-1.9e-05,8.7e-05,-0.869051
139,0.078636,-0.000557,0.380846,-0.712191,0.094281,-0.695659,-0.020189,-0.993259,-0.114021,-0.700836,-0.067286,0.710161,0.000462,0.001369,0.001005,0.00099,-0.0124,0.025997,-0.881638,-0.069089,0.030246,0.361888,0.224127,0.937243,0.267082,-0.973546,0.203307,0.103959,0.042868,-0.284498,0.957646,-0.001279,0.00025,0.016392,0.084244,-0.145319,-0.080723,0.176306,0.058434,0.035394,0.000332,-0.084199,-0.974847,0.206354,0.991064,-0.103427,-0.084225,0.103449,0.197418,0.974845,0.006701,-0.003228,0.013104,0.087087,-0.199035,-0.09527,0.059313,0.076194,0.021692,-0.049238,-0.662073,0.251596,-0.705944,-0.215818,-0.966067,-0.141897,-0.717691,0.058409,0.693907,-0.0,3e-06,2e-06,-7e-05,-1.1e-05,6.9e-05,-0.869378
140,0.078677,-0.000566,0.380853,-0.712161,0.094379,-0.695676,-0.020273,-0.993252,-0.114073,-0.700864,-0.06726,0.710136,0.000291,0.000861,0.000632,0.0,0.0,0.0,-0.881282,-0.068986,0.030165,0.362303,0.222925,0.938149,0.264903,-0.973832,0.202468,0.102913,0.042648,-0.282095,0.958367,-0.001115,-0.000247,0.016025,0.082244,-0.143067,-0.079103,0.176063,0.058485,0.035355,0.000541,-0.083322,-0.975427,0.203956,0.991081,-0.10247,-0.085183,0.103989,0.195039,0.975266,0.00681,-0.003564,0.012861,0.08786,-0.199799,-0.094181,0.058824,0.076215,0.021689,-0.049234,-0.662012,0.251706,-0.705962,-0.215911,-0.966037,-0.141964,-0.717719,0.058443,0.693875,0.000194,0.000574,0.000418,-4.8e-05,-1.3e-05,6.6e-05,-0.869541
141,0.078766,-0.00061,0.380873,-0.713908,0.095574,-0.693719,-0.020773,-0.993074,-0.115515,-0.699069,-0.068184,0.711815,0.013234,-0.003016,-0.001941,0.001261,-0.013799,0.029979,-0.881601,-0.068757,0.030036,0.363115,0.220764,0.939918,0.260401,-0.974348,0.201047,0.100801,0.042128,-0.277159,0.959829,0.000928,-0.010005,0.025216,0.090057,-0.190082,-0.131742,0.159312,0.0586,0.035291,0.000942,-0.082002,-0.976489,0.19936,0.991089,-0.100964,-0.086874,0.10496,0.19046,0.976067,0.005505,0.002153,0.008847,0.216141,-0.316714,-0.094099,0.048536,0.076256,0.02167,-0.049221,-0.663608,0.253215,-0.703921,-0.216329,-0.965724,-0.143451,-0.716118,0.057083,0.69564,-4e-06,-9e-06,-7e-06,-0.002864,-0.010102,-0.004918,-0.869215
142,0.078832,-0.000664,0.380897,-0.713899,0.095669,-0.693716,-0.020928,-0.993074,-0.115493,-0.699075,-0.068059,0.711822,0.0,0.0,0.0,0.0,0.0,0.0,-0.88152,-0.068576,0.029976,0.363896,0.219767,0.940856,0.257844,-0.974548,0.200211,0.100525,0.042695,-0.27456,0.96055,-0.001387,0.00055,0.01655,-0.02885,-0.017122,-0.000792,0.139328,0.05869,0.035259,0.001343,-0.080991,-0.977262,0.195956,0.991148,-0.099716,-0.087644,0.105191,0.187123,0.976687,-0.000713,0.000297,0.008287,-0.047525,0.003306,0.005935,0.024532,0.076293,0.021642,-0.04921,-0.663504,0.253275,-0.703998,-0.216486,-0.965697,-0.143392,-0.716167,0.057264,0.695575,-0.000458,-0.005064,0.004683,-0.034735,0.017536,-0.016072,-0.869215
143,0.07889,-0.000716,0.380936,-0.7139,0.095748,-0.693703,-0.02109,-0.993076,-0.115441,-0.699068,-0.06791,0.711842,4e-06,1.2e-05,9e-06,0.0,0.0,0.0,-0.881564,-0.068425,0.03004,0.364618,0.218922,0.941752,0.255282,-0.974728,0.199606,0.099989,0.042948,-0.271907,0.961293,-0.001386,0.000541,0.016515,-0.021565,-0.025373,-0.005839,0.127122,0.058766,0.035292,0.001699,-0.080558,-0.977851,0.193174,0.991162,-0.099079,-0.088206,0.105392,0.184361,0.977191,0.005479,0.002188,0.008846,-0.053233,0.076393,-0.144856,0.004121,0.076322,0.021616,-0.04919,-0.663488,0.253352,-0.703985,-0.216648,-0.965668,-0.143343,-0.716133,0.05741,0.695598,0.0,-1e-06,-5e-06,-2.5e-05,-2e-05,2.5e-05,-0.869215
144,0.078909,-0.000744,0.380966,-0.715699,0.096781,-0.691703,-0.021486,-0.992912,-0.11677,-0.697214,-0.068838,0.713569,0.000205,0.000608,0.000446,0.003724,0.012327,0.005725,-0.88116,-0.06835,0.030047,0.364938,0.21881,0.941815,0.255143,-0.974721,0.199318,0.100623,0.043653,-0.271898,0.961264,-0.000833,-0.001119,0.01533,-0.033129,-0.012281,0.00219,0.126281,0.058802,0.035298,0.001866,-0.080499,-0.977851,0.193199,0.99126,-0.098859,-0.087345,0.10451,0.184479,0.977263,-0.000391,-0.000665,0.007589,-0.037339,-0.007594,0.004345,-0.001594,0.076332,0.021601,-0.049176,-0.665257,0.254821,-0.701782,-0.217004,-0.965368,-0.14482,-0.714381,0.055947,0.697515,0.000135,0.000401,0.000292,-0.003537,-0.013681,-0.007031,-0.869378
145,0.078921,-0.000817,0.381014,-0.715719,0.096842,-0.691675,-0.021673,-0.99292,-0.11667,-0.697189,-0.06864,0.713613,-6e-06,-1.7e-05,-1.2e-05,1e-06,3e-06,1e-06,-0.881186,-0.068237,0.030014,0.365442,0.218465,0.94193,0.255013,-0.974745,0.198678,0.101648,0.044819,-0.271967,0.961191,0.000205,-0.00423,0.013125,-0.033299,-0.012091,0.002306,0.126168,0.058858,0.035284,0.002115,-0.080206,-0.977904,0.193053,0.991406,-0.098343,-0.086263,0.103343,0.184475,0.977388,0.000219,-0.002495,0.006292,-0.035196,0.00165,-0.022366,-0.00486,0.076338,0.021566,-0.049151,-0.665104,0.254744,-0.701955,-0.217157,-0.965369,-0.144582,-0.714478,0.056273,0.69739,-4e-06,-9e-06,-1e-05,-0.00025,-0.0008,-0.000362,-0.869215
146,0.078923,-0.000886,0.381064,-0.714787,0.098525,-0.6924,-0.021579,-0.99264,-0.119048,-0.698147,-0.070282,0.712515,-0.000916,-0.010114,0.009386,-0.034652,0.017724,-0.016025,-0.881504,-0.068179,0.029968,0.365788,0.218187,0.942014,0.25494,-0.974769,0.198191,0.10237,0.045648,-0.272031,0.961134,-0.001144,0.003421,0.002407,0.0,-0.0,-0.0,0.106699,0.058887,0.035259,0.002292,-0.079963,-0.97795,0.192917,0.991514,-0.097935,-0.085484,0.102493,0.184445,0.977483,0.000498,-0.003322,0.00571,-0.035142,0.001558,-0.022595,-0.015147,0.076339,0.021531,-0.049127,-0.663822,0.25623,-0.702627,-0.216948,-0.965056,-0.146964,-0.715732,0.054876,0.696214,-0.000456,-0.005052,0.004697,-0.036276,0.018832,-0.017374,-0.868725
147,0.078931,-0.000911,0.381084,-0.714807,0.098509,-0.692381,-0.021623,-0.992647,-0.118983,-0.698125,-0.070209,0.712545,-0.0,-0.0,-0.0,0.0,0.0,0.0,-0.881441,-0.068184,0.029919,0.3659,0.217842,0.942059,0.255068,-0.974832,0.197765,0.102595,0.045947,-0.272186,0.961076,0.001843,-0.009127,0.009676,-0.035214,0.001582,-0.022987,0.088486,0.058884,0.035238,0.00235,-0.079605,-0.977967,0.19298,0.991575,-0.097531,-0.085233,0.102176,0.18457,0.977493,0.000983,-0.004764,0.004697,-0.035152,0.001559,-0.022673,-0.031966,0.076343,0.021518,-0.049117,-0.663854,0.256208,-0.702605,-0.216997,-0.965057,-0.146884,-0.715688,0.054954,0.696254,1e-06,3e-06,1e-06,-0.000237,0.000158,-0.000161,-0.868562
148,0.078965,-0.000981,0.381134,-0.714898,0.098359,-0.692308,-0.021668,-0.992676,-0.118735,-0.69803,-0.070012,0.712657,-0.0,-0.0,-0.0,-0.006895,0.085357,-0.179511,-0.881631,-0.06823,0.029856,0.365935,0.216327,0.942874,0.253344,-0.975223,0.196821,0.100673,0.044801,-0.270034,0.961737,-0.001811,0.009034,-0.009742,0.036085,-0.002573,0.022385,0.020117,0.058861,0.035202,0.002371,-0.078309,-0.978489,0.190853,0.991523,-0.096352,-0.087157,0.103672,0.18241,0.977741,0.000325,-0.000981,-0.000691,-0.010332,0.022833,-0.022796,-0.094996,0.07636,0.021483,-0.049091,-0.663902,0.256203,-0.702562,-0.21714,-0.965048,-0.146733,-0.7156,0.055138,0.696329,-1e-06,0.0,-1e-06,-2.2e-05,1e-06,1.5e-05,-0.869051
149,0.079014,-0.001032,0.381186,-0.71491,0.098423,-0.692287,-0.021839,-0.992681,-0.118654,-0.698012,-0.069839,0.712691,1.8e-05,5.5e-05,4e-05,0.0,0.0,0.0,-0.881352,-0.068323,0.029752,0.365804,0.214129,0.944857,0.24776,-0.975728,0.195424,0.098477,0.044374,-0.264024,0.963424,-0.013013,0.001728,-0.01337,0.105004,-0.135962,0.101112,-0.082861,0.058819,0.035154,0.002307,-0.076945,-0.979774,0.184719,0.991483,-0.094715,-0.089377,0.105065,0.176268,0.978718,0.000844,-0.002527,-0.001778,0.055809,-0.063546,-0.045421,-0.197706,0.076385,0.021459,-0.049065,-0.663976,0.256142,-0.702514,-0.217225,-0.965056,-0.146558,-0.715505,0.055293,0.696414,5e-06,2.2e-05,1.5e-05,-1.4e-05,-3e-06,8e-06,-0.869215
150,0.079046,-0.001039,0.381194,-0.71667,0.099509,-0.69031,-0.022221,-0.992502,-0.120077,-0.696194,-0.070848,0.714369,1.1e-05,3.3e-05,2.5e-05,0.081709,0.270448,0.125287,-0.881391,-0.068388,0.029623,0.365666,0.224242,0.943465,0.244092,-0.973551,0.20608,0.098307,0.042179,-0.26087,0.964381,-0.009844,-0.011402,-0.006518,0.021182,0.002349,-0.057165,-0.156099,0.058785,0.035096,0.002236,-0.087707,-0.979233,0.182782,0.9903,-0.105561,-0.090342,0.10776,0.173086,0.978993,0.000211,0.001169,-0.007227,0.038948,0.018205,0.032869,-0.261389,0.076401,0.021455,-0.049061,-0.665104,0.257177,-0.701067,-0.21748,-0.964838,-0.147614,-0.714379,0.054289,0.697649,0.0,1e-06,1e-06,0.10866,0.366171,0.172049,-0.869215
151,0.079147,-0.001063,0.381191,-0.716543,0.099882,-0.690388,-0.02249,-0.992467,-0.120319,-0.696316,-0.070818,0.714253,0.0137,-0.001642,-0.000936,0.002,-0.027028,0.05559,-0.882148,-0.068569,0.0294,0.365261,0.239399,0.940113,0.242624,-0.970195,0.222489,0.095678,0.03568,-0.259484,0.965017,0.000759,0.001327,-0.015195,0.034238,0.011446,-0.0016,-0.350073,0.058695,0.03498,0.002037,-0.103162,-0.977393,0.18455,0.988089,-0.121999,-0.093786,0.114181,0.172677,0.978337,-0.005822,-0.001213,-0.008153,0.02452,0.035185,-0.016106,-0.412596,0.076445,0.021441,-0.049065,-0.665371,0.257828,-0.700575,-0.217755,-0.964683,-0.148214,-0.714047,0.053936,0.698016,-3e-06,-6e-06,-5e-06,-0.000892,-0.003125,-0.001512,-0.869378
152,0.079231,-0.001067,0.38119,-0.716512,0.099966,-0.690408,-0.022547,-0.992458,-0.120377,-0.696346,-0.070816,0.714223,0.00035,0.001043,0.000765,0.0,0.0,0.0,-0.882298,-0.068779,0.029325,0.364562,0.259668,0.934968,0.241661,-0.965255,0.244376,0.09218,0.026817,-0.258381,0.9656,-0.010506,-0.005906,-0.018815,0.042213,0.031229,0.011559,-0.659791,0.05859,0.034942,0.001687,-0.123647,-0.974423,0.187643,0.984672,-0.14392,-0.098521,0.123007,0.172585,0.977283,2.4e-05,0.003541,-0.013634,0.098608,0.040724,0.141785,-0.660145,0.076492,0.021439,-0.049065,-0.665281,0.257929,-0.700623,-0.217832,-0.964655,-0.148287,-0.714107,0.053965,0.697952,0.000231,0.00069,0.000503,-3.1e-05,-5.8e-05,-9e-06,-0.869541
153,0.079299,-0.001053,0.381201,-0.716435,0.100183,-0.690456,-0.022693,-0.992436,-0.120528,-0.69642,-0.070814,0.714151,0.000327,0.000975,0.000715,0.0,0.0,0.0,-0.882872,-0.068978,0.029577,0.363433,0.29761,0.923267,0.242894,-0.954526,0.28429,0.089404,0.013131,-0.259622,0.96555,-0.002211,0.017469,-0.036082,0.506593,0.156753,1.644387,-1.164592,0.058489,0.035055,0.001126,-0.160081,-0.967407,0.196206,0.977724,-0.182732,-0.103264,0.135752,0.175305,0.975109,-0.007061,0.006498,-0.01899,1.44229,0.516855,5.325467,-0.888425,0.076527,0.021446,-0.049059,-0.66516,0.258128,-0.700664,-0.217967,-0.9646,-0.14844,-0.714178,0.053985,0.697878,0.00021,0.000624,0.000455,-1.6e-05,-1e-05,4e-06,-0.869541
154,0.079341,-0.001055,0.3812,-0.716395,0.100294,-0.690481,-0.022768,-0.992425,-0.120605,-0.696459,-0.070812,0.714114,4.4e-05,0.000132,9.7e-05,0.0,0.0,0.0,-0.882229,-0.069085,0.029861,0.36271,0.31326,0.917342,0.245649,-0.94959,0.301508,0.085477,0.003966,-0.261201,0.965205,-0.014336,0.012801,-0.037866,0.110872,0.041309,0.032157,-1.382465,0.05844,0.035194,0.00078,-0.177027,-0.963149,0.202493,0.973481,-0.201642,-0.108048,0.144897,0.177996,0.973304,-0.001065,0.00864,-0.018094,0.224271,0.051019,0.527734,-0.853154,0.076549,0.021447,-0.049058,-0.665099,0.258229,-0.700685,-0.218037,-0.964573,-0.148519,-0.714214,0.053995,0.69784,0.006644,-0.001435,-0.000922,0.000975,-0.014717,0.029561,-0.869704
155,0.079412,-0.001063,0.381183,-0.716328,0.100466,-0.690526,-0.022866,-0.992406,-0.120743,-0.696525,-0.070834,0.714047,0.0,0.0,0.0,0.0,0.0,0.0,-0.883882,-0.069216,0.030738,0.361213,0.343696,0.903326,0.256647,-0.938749,0.337051,0.071273,-0.022538,-0.266565,0.963482,-0.00288,0.019482,-0.034617,0.544118,0.142556,1.635597,-1.406111,0.058373,0.035619,2.8e-05,-0.200824,-0.954884,0.218779,0.965025,-0.231249,-0.123485,0.168506,0.186328,0.967928,-0.001519,0.010025,-0.017092,0.273667,0.192369,-0.016533,-0.848092,0.076583,0.021443,-0.049067,-0.664997,0.258386,-0.700724,-0.218126,-0.964531,-0.148658,-0.714281,0.053989,0.697772,0.00662,-0.001516,-0.00098,0.000993,-0.014695,0.029574,-0.869868
156,0.079452,-0.001065,0.38117,-0.716334,0.100432,-0.690525,-0.022825,-0.992408,-0.120737,-0.69652,-0.070859,0.714049,0.0,0.0,0.0,-0.0069,0.085324,-0.179527,-0.884428,-0.069363,0.031717,0.359656,0.370129,0.887917,0.27313,-0.927651,0.368668,0.059013,-0.048746,-0.276334,0.959754,-0.001944,0.016657,-0.036632,0.237707,0.248089,0.031278,-1.406816,0.058295,0.036128,-0.000761,-0.23071,-0.942353,0.24237,0.95351,-0.268591,-0.136664,0.193884,0.199573,0.960509,-0.002191,0.01385,-0.022422,0.754733,0.696921,0.005475,-0.847602,0.076604,0.021442,-0.049073,-0.664934,0.25848,-0.700749,-0.218173,-0.964507,-0.148748,-0.714326,0.053976,0.697728,4e-06,-5e-06,-7e-06,4e-06,6e-06,1e-05,-0.870684
157,0.079463,-0.001052,0.381154,-0.716259,0.100619,-0.690576,-0.022915,-0.992386,-0.120903,-0.696594,-0.070906,0.713972,0.0,0.0,0.0,0.0,0.0,0.0,-0.884882,-0.069474,0.032623,0.358046,0.409407,0.856418,0.314524,-0.906777,0.419867,0.037436,-0.100497,-0.301612,0.948047,-0.004777,0.028778,-0.044049,0.502314,0.9659,0.177363,-1.4069,0.058242,0.036571,-0.001567,-0.264478,-0.919117,0.292017,0.934067,-0.31947,-0.159547,0.239933,0.230567,0.94301,-0.00107,0.008667,-0.018074,1.845336,2.523942,0.178556,-0.847439,0.076609,0.021448,-0.049081,-0.664898,0.258523,-0.700768,-0.218166,-0.964498,-0.148818,-0.714363,0.053935,0.697693,6e-06,-3e-06,-6e-06,4e-06,1.4e-05,9e-06,-0.871174
158,0.079494,-0.001051,0.381143,-0.716224,0.1007,-0.690599,-0.022951,-0.992376,-0.120977,-0.696628,-0.070929,0.713937,0.0,0.0,0.0,0.0,0.0,0.0,-0.884852,-0.069577,0.033048,0.3573,0.425438,0.838565,0.340297,-0.896029,0.442975,0.028962,-0.126975,-0.318297,0.939376,-0.002546,0.018463,-0.035299,-0.232682,0.614919,0.680224,-1.407237,0.05819,0.036788,-0.001943,-0.276418,-0.905738,0.321296,0.92407,-0.342325,-0.170021,0.263982,0.249903,0.93159,-0.007659,0.007937,-0.017782,0.126513,1.2826,0.396202,-0.84499,0.076624,0.021449,-0.049087,-0.664847,0.258596,-0.700789,-0.218198,-0.964479,-0.148892,-0.7144,0.05392,0.697657,6e-06,-3e-06,-5e-06,1.2e-05,2e-05,2e-05,-0.871338
159,0.079603,-0.001076,0.381127,-0.716719,0.096708,-0.690656,-0.017244,-0.99247,-0.121152,-0.696283,-0.07505,0.713852,0.000331,0.00099,0.000726,0.030917,0.005423,-0.031955,-0.886766,-0.069852,0.033673,0.355939,0.441137,0.811797,0.38259,-0.883055,0.468571,0.024256,-0.160117,-0.349573,0.923052,-0.015123,0.015192,-0.036073,0.17675,0.873799,0.633849,-1.407238,0.058057,0.037099,-0.002613,-0.287429,-0.884747,0.366887,0.913445,-0.36843,-0.172849,0.2881,0.28545,0.914065,-0.007518,0.007525,-0.018083,-0.30327,0.535743,0.883172,-0.852175,0.076678,0.021433,-0.049097,-0.666094,0.254879,-0.700967,-0.212757,-0.965683,-0.14896,-0.714879,0.049914,0.697463,0.000232,0.000689,0.000503,0.347643,0.047644,-0.333353,-0.871991
160,0.079705,-0.001084,0.38111,-0.716622,0.09697,-0.690721,-0.017402,-0.992443,-0.121351,-0.696379,-0.075071,0.713756,0.000106,0.000318,0.000233,0.0,0.0,-0.0,-0.888836,-0.070204,0.034061,0.354714,0.450375,0.784119,0.426979,-0.868789,0.495057,0.007522,-0.206029,-0.375332,0.903627,-0.012447,0.00351,-0.028387,0.221758,0.841681,0.532685,-1.40738,0.057879,0.037301,-0.003238,-0.290677,-0.861621,0.41607,0.898496,-0.3953,-0.190897,0.328954,0.318348,0.889068,-0.00096,0.008331,-0.01832,1.490686,2.428643,-0.038631,-0.866544,0.07673,0.021432,-0.049104,-0.665985,0.255013,-0.701021,-0.212752,-0.965653,-0.14916,-0.714982,0.049805,0.697365,6.9e-05,0.000202,0.000147,-0.000105,-5e-06,0.000115,-0.873134
161,0.079757,-0.001088,0.381108,-0.716575,0.097104,-0.690751,-0.017492,-0.99243,-0.121444,-0.696425,-0.075069,0.713711,0.000332,0.000994,0.000729,0.0,0.0,0.0,-0.891039,-0.07039,0.034122,0.354111,0.456186,0.767329,0.450656,-0.858228,0.513182,-0.004777,-0.235489,-0.385555,0.892051,-0.011593,0.000903,-0.030335,1.072366,0.809239,1.7178,-1.407549,0.057789,0.037336,-0.003523,-0.290191,-0.84986,0.439916,0.890487,-0.408157,-0.201094,0.350456,0.333384,0.875233,0.001638,-0.003098,-0.010444,0.119326,0.960161,0.368927,-0.870626,0.076755,0.021427,-0.049107,-0.66591,0.255138,-0.701046,-0.212839,-0.96562,-0.149255,-0.715025,0.049819,0.69732,0.000227,0.000678,0.000497,0.000917,-0.012393,0.026102,-0.872644
162,0.079856,-0.001118,0.3811,-0.717067,0.093075,-0.690794,-0.011778,-0.992498,-0.121575,-0.696038,-0.079165,0.713646,0.0,0.0,0.0,0.0,0.0,-0.0,-0.894359,-0.070913,0.033763,0.35317,0.45012,0.750267,0.484234,-0.849799,0.526428,-0.025473,-0.274571,-0.400982,0.873892,-0.021876,-0.013115,-0.022822,0.443712,0.918991,-0.654742,-1.40735,0.057533,0.037161,-0.004004,-0.285895,-0.832208,0.47507,0.877108,-0.426926,-0.220031,0.385932,0.353783,0.851993,-0.010974,-0.006401,-0.011277,-0.001472,0.207568,-0.415232,-0.877158,0.076806,0.021415,-0.049108,-0.667201,0.251278,-0.701213,-0.207237,-0.966834,-0.149277,-0.715467,0.045719,0.697147,0.006622,-0.001503,-0.000972,0.00082,-0.014532,0.029832,-0.876073
163,0.079972,-0.001122,0.381099,-0.717006,0.093248,-0.690835,-0.011895,-0.992482,-0.121695,-0.696099,-0.079162,0.713587,0.000147,0.000442,0.000324,0.0,0.0,-0.0,-0.899003,-0.071451,0.033221,0.352536,0.444796,0.744075,0.4985,-0.845981,0.53175,-0.038633,-0.294362,-0.405476,0.865334,-0.008122,-0.017057,-0.011099,0.095072,0.335253,-0.669338,-1.407064,0.057254,0.036877,-0.004341,-0.276315,-0.826719,0.490085,0.871256,-0.43072,-0.235354,0.405662,0.361958,0.839299,-0.004074,-0.008463,-0.005486,0.1035,0.327757,-0.673093,-0.876995,0.076863,0.021412,-0.049109,-0.667105,0.251443,-0.701246,-0.207354,-0.96679,-0.149399,-0.715524,0.045741,0.697088,0.006731,-0.001168,-0.000729,0.00085,-0.014742,0.029691,-0.878032
164,0.080019,-0.001111,0.381109,-0.716954,0.0934,-0.690868,-0.011997,-0.992467,-0.1218,-0.696151,-0.079161,0.713536,0.000273,0.00082,0.000601,0.0,0.0,0.0,-0.9017,-0.071706,0.033006,0.35222,0.445633,0.74139,0.50174,-0.84363,0.535265,-0.041408,-0.299803,-0.405765,0.863329,-0.020967,-0.019756,-0.011478,-0.086698,0.386873,-0.706955,-1.407238,0.057134,0.036778,-0.004494,-0.277499,-0.824318,0.493451,0.868546,-0.434787,-0.237879,0.410634,0.362574,0.836611,-0.005289,-0.002991,-0.009606,-0.120853,0.242641,-0.524356,-0.876015,0.076887,0.021418,-0.049105,-0.667022,0.251584,-0.701274,-0.207452,-0.966753,-0.149506,-0.715573,0.045757,0.697037,0.000171,0.000512,0.000375,-0.000105,-1.9e-05,0.000117,-0.879012
165,0.080112,-0.001064,0.381094,-0.716819,0.093735,-0.690962,-0.012149,-0.992428,-0.122105,-0.696287,-0.079256,0.713393,7.9e-05,0.000236,0.000173,0.0,0.0,0.0,-0.905344,-0.072347,0.032825,0.35162,0.445818,0.736096,0.509313,-0.838934,0.541985,-0.048744,-0.31246,-0.406478,0.858491,-0.025605,-0.002024,-0.014616,-0.14111,0.14483,-0.431818,-1.407612,0.056817,0.036673,-0.004798,-0.276595,-0.819648,0.501669,0.863263,-0.441287,-0.245033,0.422221,0.365298,0.82963,-0.006419,0.000452,-0.007029,-0.481837,-0.449538,0.036306,-0.876831,0.076934,0.021443,-0.049111,-0.666819,0.251892,-0.701357,-0.207591,-0.966675,-0.149812,-0.715721,0.045698,0.696889,3.6e-05,0.000106,7.8e-05,-7.7e-05,-1.4e-05,7e-05,-0.879339
166,0.080174,-0.001002,0.381052,-0.71674,0.093863,-0.691027,-0.012107,-0.992402,-0.122317,-0.696369,-0.079427,0.713294,0.000283,0.000852,0.000624,0.0,0.0,0.0,-0.912473,-0.07281,0.032779,0.351278,0.435565,0.740585,0.511673,-0.844979,0.532307,-0.050931,-0.310612,-0.411104,0.856958,-0.01163,-0.00643,-0.003169,-0.017144,0.115739,-0.200167,-1.407312,0.05658,0.036656,-0.004971,-0.2656,-0.823263,0.501691,0.867994,-0.430672,-0.247197,0.419573,0.369809,0.828974,-0.000641,0.003768,-0.005377,0.024472,0.102371,-0.150384,-0.879771,0.076964,0.021472,-0.049133,-0.666714,0.252004,-0.701417,-0.207543,-0.966653,-0.150023,-0.715833,0.045552,0.696783,0.000181,0.000543,0.000398,-5.8e-05,-9e-06,4.1e-05,-0.880319
167,0.080169,-0.000899,0.380938,-0.716621,0.093995,-0.691133,-0.011923,-0.992361,-0.122677,-0.696495,-0.079797,0.71313,-6.8e-05,-0.000204,-0.000149,0.0,0.0,0.0,-0.923131,-0.072891,0.032879,0.351176,0.43315,0.741995,0.511679,-0.846737,0.529514,-0.050848,-0.309193,-0.412169,0.856959,0.011824,0.005821,0.002711,0.002045,-0.015205,0.029245,-1.406413,0.056536,0.0367,-0.005025,-0.262909,-0.824428,0.501194,0.869516,-0.427579,-0.247219,0.418114,0.370801,0.829268,0.005811,0.003234,0.001602,0.003994,-0.012912,0.028228,-0.880097,0.076962,0.021525,-0.049189,-0.666568,0.252114,-0.701516,-0.207347,-0.96664,-0.150377,-0.716026,0.045221,0.696606,-3.7e-05,-0.000114,-8.2e-05,-4e-05,-1.2e-05,2.5e-05,-0.881788
168,0.080152,-0.000833,0.380861,-0.716557,0.09404,-0.691194,-0.01177,-0.992337,-0.122886,-0.696564,-0.080043,0.713035,0.000831,0.009904,-0.009539,0.034674,-0.017647,0.016063,-0.927462,-0.072826,0.033123,0.351208,0.433918,0.745414,0.506028,-0.849817,0.525125,-0.044602,-0.2995,-0.411617,0.860659,0.010281,0.010585,0.006294,-0.24602,-0.124417,-0.195998,-1.280497,0.056565,0.036816,-0.005014,-0.264621,-0.827317,0.495501,0.873095,-0.423715,-0.241185,0.409487,0.368797,0.83445,-0.001212,0.003777,0.002839,-0.889656,-0.01928,-1.402139,-0.873566,0.076953,0.021554,-0.049225,-0.666506,0.252135,-0.701567,-0.207199,-0.966644,-0.150556,-0.716126,0.045018,0.696516,-4.8e-05,-0.000153,-0.000113,-2.3e-05,-1.2e-05,3.1e-05,-0.882115
169,0.080116,-0.000746,0.380772,-0.716536,0.093926,-0.691231,-0.011475,-0.992324,-0.12302,-0.696591,-0.08034,0.712976,-2e-06,-7e-06,-5e-06,0.0,0.0,0.0,-0.931247,-0.072438,0.033581,0.351596,0.408126,0.77394,0.484191,-0.878944,0.476417,-0.020411,-0.246967,-0.418222,0.874049,0.024078,0.006603,0.018032,-0.607896,-0.756763,0.37161,-0.641762,0.056752,0.037052,-0.00482,-0.239846,-0.851047,0.46711,0.901533,-0.373753,-0.218049,0.360154,0.368818,0.85689,0.00447,0.007287,0.004624,-1.960922,-2.069729,0.536263,-0.665534,0.076935,0.0216,-0.049273,-0.666495,0.252032,-0.701614,-0.206895,-0.966685,-0.150711,-0.716225,0.044713,0.696435,8e-06,1.6e-05,1.3e-05,-1.8e-05,-2e-06,2e-05,-0.882441
