frame,MLTx,MLTy,MLTz,MLTR1,MLTR2,MLTR3,MLTR4,MLTR5,MLTR6,MLTR7,MLTR8,MLTR9,MLTTVx,MLTTVy,MLTTVz,MLTRVx,MLTRVy,MLTRVz,MLGA,MRTx,MRTy,MRTz,MRTR1,MRTR2,MRTR3,MRTR4,MRTR5,MRTR6,MRTR7,MRTR8,MRTR9,MRTTVx,MRTTVy,MRTTVz,MRTRVx,MRTRVy,MRTRVz,MRGA,SLTx,SLTy,SLTz,SLTR1,SLTR2,SLTR3,SLTR4,SLTR5,SLTR6,SLTR7,SLTR8,SLTR9,SLTTVx,SLTTVy,SLTTVz,SLTRVx,SLTRVy,SLTRVz,SLGA,SRTx,SRTy,SRTz,SRTR1,SRTR2,SRTR3,SRTR4,SRTR5,SRTR6,SRTR7,SRTR8,SRTR9,SRTTVx,SRTTVy,SRTTVz,SRTRVx,SRTRVy,SRTRVz,SRGA
246,0.058798,0.019611,0.354262,0.701172,0.289255,-0.651717,-0.57625,0.768105,-0.279147,0.418967,0.57093,0.706068,-1.1e-05,-2.6e-05,-2.1e-05,-0.0,-0.0,0.0,0.02429,-0.105909,0.047889,0.314566,-0.439671,0.283371,0.852281,-0.893586,-0.233817,-0.383103,0.091288,-0.93035,0.354935,-0.000113,0.000504,0.000427,1e-06,2.4e-05,1.7e-05,-1.23396,0.041073,0.041879,-0.02427,0.48535,-0.309438,0.817729,0.868673,0.276778,-0.410851,-0.099197,0.909747,0.403135,-7.5e-05,0.000337,0.000286,-0.000138,-0.001928,-0.001514,-0.776081,0.06659,0.034315,-0.06404,0.673137,0.441393,-0.593344,-0.679327,0.686131,-0.260265,0.292234,0.578269,0.761711,-0.000764,-0.005414,0.004248,-0.031121,0.019825,-0.013435,-0.158248
247,0.058805,0.019624,0.35435,0.701076,0.29112,-0.65099,-0.576192,0.769034,-0.276696,0.419206,0.568726,0.707703,0.000704,0.001696,0.001382,-0.0,0.0,-0.0,0.019291,-0.10592,0.047893,0.314571,-0.439183,0.283924,0.852348,-0.893851,-0.233586,-0.382625,0.091029,-0.93024,0.355289,-2.2e-05,9.8e-05,8.3e-05,0.0,0.0,0.0,-1.229355,0.041067,0.041883,-0.024266,0.484895,-0.310021,0.817779,0.86896,0.276536,-0.410408,-0.098911,0.909622,0.403487,-1e-05,4.4e-05,3.6e-05,2.8e-05,-7.2e-05,-2.6e-05,-0.776571,0.066592,0.034318,-0.063999,0.672702,0.443179,-0.592504,-0.679542,0.686861,-0.257765,0.292733,0.576031,0.763213,0.000169,0.00041,0.000334,0.000875,-0.000383,0.000159,-0.16282
248,0.058801,0.019591,0.354375,0.702521,0.290874,-0.64954,-0.571729,0.774097,-0.271793,0.422872,0.561948,0.710929,1e-05,2.5e-05,2e-05,-0.694665,0.38759,-0.276038,0.020257,-0.105924,0.047913,0.314588,-0.438846,0.284304,0.852395,-0.894035,-0.233426,-0.382293,0.090853,-0.930164,0.355532,-0.000217,0.000969,0.000821,0.0,0.0,0.0,-1.230261,0.041065,0.04189,-0.024259,0.484571,-0.310412,0.817823,0.869163,0.276367,-0.410093,-0.098721,0.909541,0.403718,-0.000168,0.000746,0.000632,3.6e-05,-1.5e-05,1.6e-05,-0.777388,0.066592,0.034307,-0.063982,0.674374,0.441569,-0.591807,-0.676212,0.691242,-0.254795,0.296573,0.572014,0.76475,-6e-06,-3.5e-05,-1.6e-05,-1.096545,-0.463863,1.18138,-0.164616
249,0.058913,0.019536,0.354363,0.704403,0.294042,-0.646065,-0.570575,0.775907,-0.269043,0.421297,0.557786,0.715129,0.000137,0.00033,0.000269,0.004751,0.013759,0.007937,0.007115,-0.105938,0.047977,0.314617,-0.438229,0.284985,0.852485,-0.894374,-0.233086,-0.381707,0.09049,-0.930042,0.355945,-0.000228,0.001017,0.000861,0.018225,-0.118639,0.158561,-1.225636,0.041058,0.041924,-0.024244,0.484071,-0.311001,0.817895,0.869478,0.276058,-0.409631,-0.098391,0.909433,0.404041,-0.00014,0.000622,0.000528,3.6e-05,-4e-06,-1.4e-05,-0.777714,0.066647,0.034277,-0.06399,0.675504,0.446252,-0.586986,-0.675335,0.694002,-0.249566,0.296,0.564995,0.770171,0.00735,0.003809,-0.005205,0.032655,-0.048135,0.037871,-0.168208
250,0.059047,0.01955,0.354302,0.710058,0.294305,-0.639724,-0.568357,0.775791,-0.274025,0.414759,0.557807,0.718925,0.0,0.0,0.0,0.180417,0.523564,0.302163,-0.057432,-0.10593,0.048029,0.314684,-0.43549,0.284247,0.854133,-0.895656,-0.232124,-0.379279,0.091021,-0.930508,0.354589,-0.000359,0.001603,0.001356,0.003615,0.129364,0.096342,-1.14571,0.041062,0.041949,-0.024211,0.481493,-0.310716,0.819524,0.870863,0.275013,-0.407387,-0.098798,0.909847,0.403008,-6.7e-05,0.00029,0.000244,0.02682,0.101661,0.324671,-0.760405,0.066714,0.034285,-0.06402,0.679189,0.446564,-0.582479,-0.673598,0.694431,-0.253043,0.291491,0.564221,0.772455,-1e-06,-3e-06,-3e-06,-0.000808,-0.003341,-0.002388,-0.207561
251,0.059093,0.019551,0.354318,0.711802,0.29632,-0.63685,-0.567652,0.776598,-0.2732,0.412734,0.555612,0.721784,0.000453,0.001094,0.000892,0.041438,0.120317,0.069434,-0.113303,-0.105916,0.048053,0.314701,-0.434819,0.284988,0.854228,-0.896016,-0.231809,-0.37862,0.090679,-0.93036,0.355063,-0.000233,0.00104,0.00088,5e-05,0.001891,0.001409,-1.051432,0.041069,0.041962,-0.024201,0.480541,-0.311197,0.819899,0.871407,0.274594,-0.406506,-0.098636,0.909809,0.403133,-0.001218,0.006615,-0.002874,0.05344,-0.138015,0.168212,-0.730033,0.066736,0.034282,-0.064014,0.681974,0.449001,-0.577328,-0.672417,0.695426,-0.253451,0.28769,0.561052,0.776179,0.000312,0.000754,0.000615,0.058167,0.143454,0.118333,-0.235974
252,0.059299,0.019416,0.354285,0.717606,0.296054,-0.630428,-0.564887,0.776806,-0.278292,0.406436,0.555464,0.725463,0.012531,-0.004781,-0.003198,0.016764,0.031295,0.056097,-0.313635,-0.105919,0.048161,0.314764,-0.418146,0.28809,0.861481,-0.903198,-0.233142,-0.360295,0.097593,-0.929074,0.356594,-0.000605,0.002699,0.002282,-0.049331,0.337168,0.084795,-0.705226,0.041067,0.042014,-0.024171,0.464253,-0.315287,0.827685,0.879407,0.275301,-0.388395,-0.105407,0.908186,0.405075,-0.000323,0.001431,0.001209,-0.042387,0.356108,0.087365,-0.587971,0.066836,0.034221,-0.064026,0.687674,0.449253,-0.570328,-0.669424,0.696425,-0.258577,0.281025,0.559609,0.779655,0.006187,-0.002579,-0.001756,0.001949,-0.012711,0.030452,-0.348154
253,0.05942,0.019193,0.354216,0.719187,0.301515,-0.626023,-0.564031,0.779423,-0.272656,0.40483,0.548819,0.731395,-0.001485,-0.003595,-0.002934,-0.001265,0.01692,-0.024991,-0.442043,-0.106026,0.048374,0.314914,-0.364606,0.317346,0.875412,-0.927871,-0.202875,-0.31278,0.078815,-0.926679,0.367311,-0.0014,0.006255,0.005278,0.031178,0.152974,1.134865,-0.204376,0.041015,0.042115,-0.0241,0.413647,-0.347069,0.841687,0.906382,0.244137,-0.344772,-0.085828,0.905505,0.415564,-0.000688,0.002966,0.002516,0.132248,-1.172568,2.989093,-0.456848,0.066903,0.034111,-0.064059,0.687923,0.45451,-0.565845,-0.669332,0.698749,-0.252474,0.280632,0.552422,0.784904,-0.00059,-0.00143,-0.001168,-0.000924,-0.113841,0.164878,-0.476664
254,0.05956,0.018936,0.354121,0.719353,0.30259,-0.625313,-0.563466,0.780554,-0.270578,0.405319,0.546615,0.732773,-0.001585,-0.003842,-0.00314,0.00185,-0.099842,0.172011,-0.503729,-0.106181,0.048577,0.315112,-0.280174,0.356996,0.891094,-0.959774,-0.121877,-0.252812,0.018722,-0.9265,0.375646,-0.001347,0.00603,0.005076,1.414016,-0.04296,1.478131,0.107913,0.040936,0.04222,-0.023998,0.330528,-0.388938,0.859928,0.943403,0.162395,-0.289164,-0.027181,0.906837,0.420602,-0.000713,0.002701,0.002473,4.598862,-1.15885,3.524885,-0.362956,0.066972,0.033981,-0.064108,0.687729,0.455634,-0.565176,-0.669184,0.699709,-0.250199,0.28146,0.550277,0.786113,0.005573,-0.004089,-0.002991,0.001528,-0.001082,0.004827,-0.545409
255,0.059628,0.018751,0.354055,0.719224,0.304586,-0.624492,-0.563533,0.781399,-0.267987,0.405455,0.544293,0.734424,-0.002471,-0.005994,-0.004904,-0.000282,0.014472,-0.024934,-0.515893,-0.106235,0.04868,0.315228,-0.235409,0.371271,0.898183,-0.971816,-0.078373,-0.222184,-0.011781,-0.925611,0.378111,-0.001398,0.006262,0.005265,-0.013317,0.399675,1.099945,0.206748,0.040909,0.042272,-0.02394,0.286634,-0.405892,0.867808,0.958025,0.116454,-0.261965,0.005269,0.90647,0.422234,-0.000826,0.003791,0.003156,-0.173572,-0.045096,1.84053,-0.320337,0.067008,0.033892,-0.064138,0.687315,0.457393,-0.564259,-0.669398,0.700423,-0.247614,0.281963,0.547903,0.787589,0.004618,-0.010004,0.000845,-0.028426,0.017695,-0.007655,-0.564678
256,0.059989,0.018207,0.353869,0.719118,0.309664,-0.622112,-0.563142,0.784133,-0.260725,0.406184,0.537452,0.739044,0.010212,-0.010515,-0.007916,0.000574,-0.00017,0.00454,-0.564676,-0.106375,0.049047,0.315506,-0.160533,0.382621,0.909847,-0.985758,-0.015587,-0.167246,-0.049588,-0.924193,0.378513,-0.002284,0.010242,0.008581,0.063365,0.436609,1.353463,0.354223,0.040841,0.04245,-0.023806,0.213417,-0.42042,0.881872,0.976008,0.051911,-0.211451,0.043119,0.905843,0.421412,-0.001206,0.005453,0.00455,0.091145,-0.098842,1.190099,-0.045683,0.067179,0.033627,-0.064232,0.686272,0.462253,-0.561561,-0.66979,0.702643,-0.240152,0.283566,0.540939,0.791817,0.004877,-0.005819,-0.00442,0.006738,-0.003995,0.007509,-0.598479
257,0.060282,0.017622,0.353661,0.721023,0.3142,-0.617616,-0.56159,0.787019,-0.255321,0.404954,0.530556,0.744681,-0.0049,-0.019152,0.001653,-0.019575,-0.027943,0.153673,-0.582891,-0.10668,0.049526,0.315907,-0.086145,0.390504,0.916557,-0.990577,0.064594,-0.120497,-0.106128,-0.918767,0.380089,-0.003167,0.014252,0.011882,0.515495,-0.053152,1.509107,0.426484,0.040689,0.042687,-0.023608,0.139363,-0.429643,0.892178,0.985273,-0.029972,-0.168339,0.099066,0.9025,0.419139,-0.007891,0.005783,0.005659,1.610518,-0.174186,1.896235,0.25216,0.067331,0.033335,-0.064336,0.68737,0.466816,-0.55642,-0.668936,0.705315,-0.234633,0.282922,0.53349,0.797083,0.00409,-0.011365,-0.00029,-0.017264,-0.057725,0.180236,-0.623462
258,0.06042,0.017295,0.353586,0.724884,0.315338,-0.612496,-0.559378,0.788287,-0.256264,0.401108,0.527994,0.748573,0.008137,-0.022875,-0.000707,0.114146,0.456075,0.240284,-0.592049,-0.106971,0.049812,0.316161,-0.044801,0.391475,0.919093,-0.988349,0.11646,-0.097656,-0.145188,-0.913229,0.380522,-0.01648,0.014869,0.01401,5.15042,-0.435332,3.476856,0.444605,0.040549,0.042827,-0.023484,0.100706,-0.432254,0.89611,0.985932,-0.077406,-0.148139,0.133398,0.898423,0.418378,-0.00829,0.007674,0.007187,0.160935,0.16789,1.476849,0.343112,0.067399,0.033168,-0.064376,0.689503,0.467809,-0.552936,-0.667443,0.706851,-0.234263,0.281253,0.530579,0.799613,0.004049,-0.01149,-0.0004,0.133692,0.392073,0.438511,-0.631464
259,0.060545,0.016601,0.353578,0.734403,0.31477,-0.601346,-0.554308,0.789363,-0.263859,0.390708,0.526726,0.75494,-0.003801,-0.01651,0.003813,0.147659,0.576478,0.270632,-0.617791,-0.10779,0.050734,0.316789,0.016408,0.390249,0.920558,-0.980531,0.186343,-0.061394,-0.195496,-0.902097,0.384532,-0.018354,0.023797,0.021225,5.103881,-0.403995,2.891011,0.460799,0.040142,0.04328,-0.023177,0.038497,-0.431948,0.901076,0.982181,-0.149638,-0.113695,0.183946,0.889397,0.418491,-0.010303,0.018155,0.007425,0.05715,-0.12564,0.994382,0.41398,0.067464,0.032813,-0.064387,0.698743,0.467957,-0.541084,-0.662204,0.709252,-0.241757,0.270634,0.527234,0.805468,-0.001765,-0.007925,0.002179,0.157844,0.594263,0.316331,-0.648936
260,0.060482,0.015893,0.353952,0.745403,0.315022,-0.587521,-0.548435,0.790725,-0.271927,0.377974,0.524528,0.762911,-0.003414,-0.022779,0.016104,0.037021,0.353847,0.149109,-0.652705,-0.108582,0.052006,0.317621,0.044927,0.390942,0.919313,-0.9769,0.209524,-0.041235,-0.208771,-0.896695,0.390149,-0.021342,0.04029,0.017832,0.077186,-0.270807,0.384344,0.470671,0.039746,0.043915,-0.022755,0.007474,-0.433172,0.90128,0.979169,-0.179715,-0.094495,0.202906,0.883212,0.422805,-0.009788,0.014901,0.012935,0.048644,-0.330095,0.357358,0.436188,0.067431,0.032458,-0.064206,0.710029,0.469155,-0.52512,-0.655781,0.71222,-0.250385,0.256532,0.522145,0.81336,-0.000971,-0.00597,0.003799,0.091567,0.290055,0.368344,-0.672613
261,0.060338,0.01519,0.354612,0.756793,0.313459,-0.573631,-0.540923,0.792923,-0.280443,0.365993,0.522145,0.770351,-0.001956,-0.019213,0.019074,0.063728,0.332897,0.36478,-0.694194,-0.109165,0.053014,0.318544,0.056587,0.38998,0.919078,-0.970065,0.239114,-0.041608,-0.236037,-0.889681,0.390661,-0.018025,0.023169,0.020218,0.13714,-0.121921,0.183685,0.483787,0.039443,0.044448,-0.022275,-0.0042,-0.433089,0.90134,0.973076,-0.209482,-0.096121,0.230444,0.87667,0.422309,-0.008983,0.011395,0.00996,0.137431,-0.118205,0.175731,0.456436,0.067358,0.032098,-0.06387,0.720689,0.468391,-0.511092,-0.648468,0.71616,-0.258076,0.245144,0.51742,0.819866,-0.000903,-0.009398,0.00971,0.078313,0.374907,0.387373,-0.704455
262,0.060315,0.014827,0.354995,0.760892,0.312079,-0.568942,-0.537538,0.79419,-0.283353,0.362469,0.521049,0.772756,-0.00157,-0.018273,0.019861,0.070758,0.357428,0.37792,-0.709473,-0.109511,0.053282,0.318941,0.056736,0.385959,0.920765,-0.964999,0.25762,-0.048401,-0.255934,-0.886256,0.385889,-0.014947,0.006845,0.023459,0.082524,0.004543,0.005768,0.484112,0.039275,0.044585,-0.022082,-0.004311,-0.429152,0.903221,0.968202,-0.227719,-0.103577,0.250131,0.874054,0.416488,-0.008318,0.00839,0.007507,0.344666,0.531458,-0.609771,0.461171,0.067348,0.031925,-0.063685,0.724165,0.467331,-0.507134,-0.645577,0.717996,-0.260212,0.242515,0.515831,0.821646,-0.00063,-0.008732,0.010266,0.145306,0.562632,0.522108,-0.718171
263,0.060376,0.013992,0.355729,0.765071,0.316354,-0.560921,-0.532978,0.79985,-0.275944,0.360402,0.50969,0.781251,0.01043,-0.024699,0.015298,-0.035676,0.127432,0.055703,-0.715995,-0.110507,0.053214,0.319547,0.064869,0.37863,0.923267,-0.949831,0.307029,-0.059052,-0.305884,-0.873575,0.378371,-0.037173,-0.010612,0.012506,-0.054285,0.154194,-0.241357,0.478754,0.038793,0.044569,-0.021773,-0.012776,-0.422253,0.906387,0.953819,-0.277204,-0.115696,0.300107,0.863052,0.406295,-0.018432,-0.006079,0.005638,-0.023548,0.144329,-0.219859,0.460518,0.067378,0.031526,-0.063316,0.727955,0.471791,-0.497487,-0.641927,0.723888,-0.252812,0.240851,0.503386,0.829814,0.005186,-0.01239,0.007614,-0.032762,0.160094,0.068136,-0.733847
264,0.060699,0.012919,0.356259,0.754145,0.355644,-0.552113,-0.556174,0.792845,-0.249076,0.348216,0.494475,0.796409,0.008848,-0.028688,0.012019,0.789938,0.47484,-1.350282,-0.76957,-0.111845,0.05232,0.31991,0.081031,0.373602,0.924039,-0.931295,0.358646,-0.063214,-0.355094,-0.855882,0.375814,-0.032918,-0.033386,0.010726,-0.036742,0.057634,-0.109441,0.467857,0.038131,0.044137,-0.021587,-0.028971,-0.417726,0.90811,0.936494,-0.32898,-0.121453,0.349484,0.846922,0.400729,-0.01639,-0.017042,0.005089,0.393406,0.026548,0.067565,0.453333,0.067532,0.030998,-0.063045,0.713321,0.503781,-0.487212,-0.660609,0.715462,-0.227397,0.234024,0.484064,0.843157,0.004331,-0.01453,0.005841,-0.777701,0.450149,-0.359251,-0.751972
265,0.060939,0.012206,0.35649,0.745265,0.385342,-0.544185,-0.572519,0.788074,-0.226124,0.340793,0.479606,0.808619,0.020605,-0.035882,0.006793,-0.754462,0.563664,-0.561807,-0.819008,-0.112614,0.051678,0.320056,0.096144,0.369412,0.924274,-0.914016,0.400383,-0.064823,-0.394103,-0.839017,0.374962,-0.045059,-0.037974,0.008585,1.604483,-0.142384,0.657771,0.459443,0.037746,0.043816,-0.02152,-0.041685,-0.414474,0.909105,0.922582,-0.365253,-0.124222,0.383541,0.833546,0.397612,-0.023421,-0.013623,0.000383,1.502815,-0.017416,0.468128,0.445985,0.06765,0.030653,-0.062927,0.697349,0.533361,-0.478779,-0.68053,0.70234,-0.208794,0.224904,0.471427,0.852745,0.003672,-0.016205,0.00446,-0.501203,0.677838,-0.954111,-0.77369
266,0.061638,0.010379,0.356859,0.726107,0.447501,-0.52207,-0.602437,0.779958,-0.16943,0.330466,0.436989,0.836576,0.016798,-0.052947,0.010168,-0.322189,0.481539,-0.6626,-0.826627,-0.114438,0.050225,0.320311,0.121614,0.366982,0.922239,-0.888539,0.454315,-0.063488,-0.44241,-0.812171,0.38015,-0.046939,-0.027735,0.00031,5.033575,-0.813104,1.81985,0.446968,0.036824,0.043065,-0.021392,-0.06785,-0.410551,0.909309,0.898778,-0.420814,-0.122933,0.433121,0.808926,0.397546,-0.028772,-0.020907,0.003517,-0.319474,-0.930649,0.118606,0.430636,0.068009,0.02973,-0.062736,0.666996,0.591662,-0.452826,-0.711554,0.686062,-0.151686,0.22092,0.423384,0.8786,0.008353,-0.026549,0.005002,-0.860382,0.799883,-0.900482,-0.809777
267,0.062358,0.008269,0.357233,0.707288,0.51176,-0.487741,-0.627369,0.772317,-0.099524,0.324874,0.375756,0.867923,0.016768,-0.05352,0.009652,-0.120943,0.634446,-1.080991,-0.818684,-0.116795,0.048817,0.320538,0.137225,0.365041,0.920818,-0.868567,0.491202,-0.065165,-0.476238,-0.791296,0.38329,-0.05846,-0.038417,0.009675,0.059455,0.050633,-0.187192,0.436965,0.03563,0.042342,-0.021286,-0.085185,-0.410952,0.907668,0.877197,-0.462952,-0.127279,0.472513,0.785361,0.399922,-0.02926,-0.019073,0.004968,0.052183,0.077726,-0.168742,0.416593,0.068366,0.028668,-0.062555,0.636968,0.649205,-0.415696,-0.737624,0.669973,-0.083939,0.224012,0.360095,0.905621,0.008394,-0.026717,0.004871,-0.101748,0.702461,-1.219983,-0.819248
268,0.062917,0.006193,0.357665,0.686627,0.560778,-0.462727,-0.658505,0.74938,-0.069078,0.307163,0.351448,0.884399,0.017194,-0.05291,0.010128,-0.114231,0.750755,-1.244288,-0.812881,-0.119416,0.047826,0.320796,0.147047,0.368325,0.91799,-0.849203,0.522845,-0.073628,-0.50724,-0.769184,0.388492,-0.076068,-0.01094,7.3e-05,0.054069,-0.345126,-0.219406,0.430358,0.034349,0.041845,-0.021162,-0.095159,-0.413077,0.90571,0.858299,-0.494922,-0.135548,0.504248,0.764472,0.40164,-0.030721,-0.010763,0.003348,0.025667,-0.393663,-0.522018,0.405653,0.068644,0.027626,-0.062342,0.607955,0.692317,-0.388698,-0.76587,0.640449,-0.057167,0.209364,0.332447,0.919589,0.00867,-0.026252,0.005231,-0.126477,0.618864,-1.050449,-0.815655
269,0.06322,0.005156,0.357869,0.676651,0.579127,-0.454753,-0.671926,0.738177,-0.059842,0.300186,0.345339,0.889189,0.003946,-0.049299,0.012406,-0.12391,0.628514,-1.088923,-0.804745,-0.120885,0.047452,0.320882,0.148856,0.369849,0.917085,-0.843644,0.531262,-0.077191,-0.515918,-0.762657,0.38993,-0.076,-0.011359,-0.000329,5.079679,-0.490534,1.86312,0.427022,0.033614,0.041663,-0.021115,-0.094794,-0.416389,0.90423,0.855802,-0.498095,-0.139651,0.508543,0.760604,0.403563,-0.037138,-0.011324,0.003606,-0.004787,-0.216916,-0.184967,0.402223,0.0688,0.027106,-0.062241,0.594698,0.708314,-0.380294,-0.777784,0.6266,-0.049216,0.203432,0.325056,0.923554,0.008451,-0.026916,0.004658,-0.12889,0.528873,-0.913344,-0.812553
270,0.063661,0.003422,0.358191,0.661596,0.599089,-0.45103,-0.690141,0.721644,-0.053917,0.292355,0.346207,0.891458,0.006481,-0.035804,0.006013,-0.193432,0.111777,-0.660958,-0.767702,-0.123545,0.047047,0.321001,0.155196,0.3765,0.91332,-0.835115,0.543844,-0.082157,-0.527801,-0.75044,0.397655,-0.051407,-0.002974,0.003354,0.034911,-0.234317,-0.054549,0.407029,0.032275,0.041453,-0.021059,-0.103086,-0.422341,0.900555,0.844445,-0.515601,-0.145143,0.525627,0.745508,0.409796,-0.032008,-0.002638,0.00152,0.03382,-0.23651,-0.134951,0.385405,0.069018,0.026229,-0.062081,0.576662,0.725602,-0.375448,-0.793419,0.606964,-0.045599,0.194797,0.324183,0.92572,0.009923,-0.019703,0.001852,-0.2739,-0.101407,-0.534224,-0.791978
271,0.063824,0.002312,0.358433,0.655291,0.605317,-0.451917,-0.698435,0.71335,-0.057373,0.286827,0.352484,0.890793,0.009622,-0.020595,0.00109,-0.037804,0.112447,-0.186201,-0.757016,-0.125505,0.046961,0.321152,0.157628,0.384439,0.909589,-0.832011,0.547799,-0.087218,-0.531969,-0.743513,0.405043,-0.038781,-0.000488,0.003842,0.038025,-0.177364,0.035032,0.390171,0.031275,0.041414,-0.020978,-0.10545,-0.430666,0.89633,0.841249,-0.51927,-0.150528,0.530265,0.738163,0.417054,-0.019401,-0.000227,0.001969,0.027587,-0.130731,0.069734,0.357319,0.069097,0.025666,-0.061961,0.568821,0.731106,-0.37673,-0.800464,0.597343,-0.049372,0.188941,0.329643,0.925006,-0.001761,-0.008136,0.002,-0.047697,0.228967,-0.392219,-0.777609
272,0.063771,0.002057,0.358576,0.648806,0.61773,-0.444416,-0.703778,0.709167,-0.041842,0.288507,0.339156,0.895413,-0.012557,0.005796,0.004164,-2.076913,1.798957,-1.153066,-0.7626,-0.127191,0.046812,0.321271,0.15217,0.3866,0.909602,-0.828738,0.551357,-0.09557,-0.538623,-0.739755,0.403127,-0.038308,-0.003292,0.001574,-0.006055,0.045089,-0.08813,0.38377,0.030459,0.041347,-0.020916,-0.10007,-0.432209,0.896204,0.837697,-0.522626,-0.158508,0.536888,0.734885,0.414359,-0.018363,-0.007175,0.004646,-0.0456,0.044819,-0.072987,0.346215,0.069075,0.025521,-0.061897,0.560603,0.740495,-0.370659,-0.805512,0.591437,-0.036736,0.192019,0.319165,0.928041,-0.00624,0.003004,0.002166,-0.659561,0.666032,-0.500581,-0.774996
273,0.063642,0.002271,0.358602,0.644045,0.628902,-0.435585,-0.706772,0.707002,-0.02436,0.291833,0.322772,0.900377,-0.011443,0.008612,0.006554,-0.066685,0.129898,-0.210854,-0.76948,-0.127956,0.046733,0.321304,0.152361,0.384988,0.910253,-0.822171,0.560454,-0.099298,-0.548545,-0.733729,0.400754,-0.038292,-0.003325,0.001529,-0.002689,0.028495,-0.064103,0.378284,0.030063,0.041305,-0.0209,-0.100189,-0.430541,0.896992,0.83122,-0.531704,-0.162367,0.54684,0.729331,0.411145,-0.019041,-0.002399,0.000209,-0.005708,0.043937,-0.083272,0.33952,0.069015,0.025622,-0.061883,0.553228,0.751329,-0.359779,-0.809008,0.587549,-0.01702,0.1986,0.30048,0.932881,0.000895,0.002271,0.001931,-0.663012,0.751816,-0.652577,-0.776302
274,0.063487,0.002841,0.358444,0.629819,0.66321,-0.404382,-0.714974,0.69841,0.03174,0.302687,0.268313,0.914557,-0.011323,0.01621,-0.004822,-0.715824,0.584147,-0.749627,-0.794175,-0.129493,0.046441,0.32133,0.152682,0.383869,0.910672,-0.81632,0.568358,-0.102586,-0.557128,-0.728211,0.398974,-0.037731,-0.007151,-0.001531,-0.006133,0.045616,-0.087736,0.380886,0.029279,0.041162,-0.020883,-0.100482,-0.429456,0.897479,0.825457,-0.539572,-0.165775,0.555449,0.724174,0.408714,-0.018841,-0.003768,-0.000893,-0.007643,0.045016,-0.087988,0.334131,0.068939,0.025924,-0.061948,0.532745,0.780414,-0.327316,-0.817989,0.574024,0.037265,0.21697,0.247888,0.944179,0.001194,0.006612,-0.003341,-2.245537,1.895127,-1.619759,-0.792142
275,0.063355,0.003325,0.358082,0.602706,0.714412,-0.355535,-0.732679,0.671931,0.107986,0.315288,0.194526,0.928859,0.000336,0.008182,-0.010868,-0.961787,0.516792,-1.469166,-0.793367,-0.131188,0.045812,0.321234,0.149655,0.383819,0.911196,-0.814111,0.570784,-0.106593,-0.561165,-0.726335,0.396728,-0.049611,-0.015005,-0.006423,-0.010482,0.077804,-0.140147,0.377913,0.028464,0.040862,-0.020924,-0.097641,-0.429326,0.897855,0.823121,-0.541939,-0.169625,0.559408,0.722481,0.406303,-0.023989,-0.013395,0.00036,-0.048067,0.086816,-0.159314,0.335111,0.068871,0.026172,-0.062117,0.498298,0.821514,-0.27715,-0.833643,0.541807,0.107158,0.238194,0.177648,0.954832,-0.006439,0.006088,-0.004106,-0.766472,0.882757,-1.30761,-0.800143
276,0.063212,0.003477,0.35791,0.585746,0.744661,-0.320044,-0.744711,0.650302,0.14995,0.319054,0.149586,0.935872,-0.013549,0.010537,-0.009635,-0.73857,1.097346,-1.635182,-0.79025,-0.131989,0.045435,0.321162,0.151891,0.385168,0.910256,-0.807942,0.578849,-0.109991,-0.569426,-0.719203,0.397952,-0.035174,-0.026451,-0.000444,-0.025205,-0.075398,0.008093,0.370584,0.028044,0.040671,-0.020965,-0.09961,-0.431016,0.896829,0.817021,-0.549877,-0.173525,0.567937,0.715444,0.406923,-0.024694,-0.00852,-0.004008,-0.010978,0.068897,-0.146025,0.329886,0.068804,0.026249,-0.062209,0.472871,0.847416,-0.241407,-0.844316,0.514143,0.150951,0.252037,0.132444,0.95861,-0.007551,-0.000519,-0.000848,-2.20861,2.526623,-2.404959,-0.799
277,0.06297,0.003658,0.357624,0.539574,0.803399,-0.251902,-0.775028,0.590843,0.224073,0.328179,0.073332,0.941779,0.000495,0.008578,-0.010531,-0.40923,0.428082,-1.823189,-0.789559,-0.133574,0.044444,0.320927,0.154274,0.388787,0.908315,-0.79898,0.589878,-0.116656,-0.581312,-0.708209,0.400475,-0.034653,-0.031686,-0.004663,-0.034942,0.02002,-0.166064,0.351152,0.027238,0.040167,-0.021082,-0.102017,-0.434775,0.894741,0.808065,-0.5608,-0.180371,0.580192,0.704608,0.408538,-0.01728,-0.016185,-0.002579,-0.042103,0.059429,-0.135981,0.309475,0.068676,0.026337,-0.062361,0.415118,0.893725,-0.170096,-0.868287,0.445016,0.219173,0.271576,0.05671,0.960744,0.000253,0.0043,-0.00523,-0.472777,0.315017,-1.815256,-0.796387
278,0.062936,0.003796,0.357538,0.506477,0.837409,-0.205603,-0.798632,0.54549,0.254164,0.324359,0.034435,0.945321,0.000111,0.00028,0.000238,-0.207969,0.561661,-1.500823,-0.848728,-0.134843,0.043067,0.320626,0.165047,0.397514,0.902626,-0.779571,0.613173,-0.127367,-0.604271,-0.683132,0.409939,-0.034167,-0.037265,-0.009215,4.973431,-0.8705,2.170315,0.311756,0.026616,0.039493,-0.021228,-0.110429,-0.444666,0.888862,0.792262,-0.579378,-0.191415,0.600104,0.683075,0.416273,-0.010638,-0.018265,-0.004972,-0.036978,-0.018859,-0.226934,0.273061,0.068658,0.026405,-0.062405,0.375311,0.918422,-0.125067,-0.885322,0.395157,0.245062,0.274492,0.01875,0.961406,9.4e-05,0.000229,0.000207,-0.262234,0.501939,-1.516232,-0.813533
279,0.063034,0.003747,0.357541,0.477338,0.860749,-0.176935,-0.818415,0.508806,0.266997,0.319244,0.016291,0.947547,0.000135,0.000342,0.00029,-0.02361,0.370495,-0.703745,-0.984577,-0.135648,0.041422,0.320332,0.185915,0.404928,0.895243,-0.748221,0.64889,-0.137988,-0.636991,-0.64469,0.422469,-0.021281,-0.038072,-0.011354,0.122797,-0.195177,-0.030787,0.230026,0.026202,0.038652,-0.021382,-0.133829,-0.451602,0.882125,0.757914,-0.620131,-0.202491,0.638479,0.641476,0.425267,-0.010626,-0.019161,-0.005766,0.111198,-0.12523,0.024445,0.192722,0.068708,0.026381,-0.062402,0.340709,0.935203,-0.096497,-0.899798,0.354111,0.254887,0.272542,-1.4e-05,0.962143,9.6e-05,0.000245,0.000208,0.000802,0.489011,-0.878267,-0.864643
280,0.063016,0.003769,0.357599,0.468243,0.867261,-0.169273,-0.823731,0.497775,0.271403,0.319049,0.011278,0.947686,-0.012648,0.005478,0.003884,-0.019976,0.193011,-0.38502,-1.039666,-0.135959,0.040553,0.320186,0.200359,0.403688,0.892683,-0.725856,0.673117,-0.141352,-0.658162,-0.620142,0.426743,-0.021339,-0.038359,-0.011657,4.953207,-0.911486,2.354776,0.194725,0.026054,0.03823,-0.021452,-0.145965,-0.451668,0.880164,0.739888,-0.640431,-0.205944,0.656703,0.621163,0.427664,-0.003413,-0.024823,-0.002732,0.067249,-0.083208,0.068242,0.142428,0.068703,0.026389,-0.062376,0.330235,0.939718,-0.088736,-0.90353,0.34191,0.258318,0.273086,-0.00513,0.961975,0.000525,0.00133,0.001129,0.003457,0.294225,-0.530972,-0.869215
281,0.062891,0.003975,0.357723,0.45517,0.880067,-0.135453,-0.827479,0.474284,0.300508,0.32814,-0.025789,0.944292,-0.010431,0.018374,-0.002979,-0.66997,0.598607,-0.573659,-1.158571,-0.136306,0.038914,0.319739,0.219837,0.396681,0.891239,-0.694553,0.705159,-0.142408,-0.685199,-0.588203,0.429397,-0.00998,-0.026048,-0.01992,0.145425,-0.089295,0.150552,0.157598,0.025876,0.037417,-0.021669,-0.167695,-0.443511,0.88044,0.705891,-0.677455,-0.206811,0.688182,0.586814,0.426677,-0.004172,-0.01937,-0.006743,1.501188,-0.270701,0.78811,0.068784,0.068638,0.026484,-0.062314,0.314925,0.947415,-0.056802,-0.904843,0.317762,0.283345,0.286495,-0.037836,0.957334,-0.005785,0.00409,0.003089,-0.852367,0.487732,-0.591092,-0.869705
282,0.062464,0.004713,0.357915,0.439513,0.895185,-0.07427,-0.8299,0.436358,0.347604,0.343027,-0.092251,0.934799,-0.021079,0.02871,0.004985,-1.861387,2.482076,-1.643815,-1.28984,-0.136333,0.037994,0.318973,0.260924,0.368086,0.892426,-0.628698,0.766301,-0.13212,-0.732793,-0.527056,0.430219,0.002912,-0.02443,-0.020153,0.128948,0.001453,0.226969,0.131419,0.025859,0.036942,-0.022057,-0.209608,-0.415592,0.885068,0.641862,-0.741324,-0.196085,0.737615,0.526992,0.422141,0.000671,-0.006088,-0.013454,0.478017,-0.077682,0.39177,0.027635,0.068427,0.026845,-0.062224,0.294242,0.955722,0.003923,-0.903054,0.276678,0.328544,0.312912,-0.100214,0.944479,-0.003642,0.013099,0.001822,-0.824827,0.931554,-0.964311,-0.879502
283,0.062101,0.00531,0.358046,0.415711,0.908516,-0.042745,-0.838207,0.400986,0.36958,0.352387,-0.118938,0.92828,-0.020101,0.031025,0.006908,-0.807948,0.015574,-2.717854,-1.381902,-0.136272,0.037641,0.318451,0.292502,0.336227,0.895202,-0.590988,0.799505,-0.107054,-0.752048,-0.498163,0.431417,0.001547,-0.013889,-0.028429,0.319823,0.345422,1.250003,0.118771,0.025889,0.036769,-0.022303,-0.241141,-0.388338,0.889406,0.607706,-0.774954,-0.173601,0.756666,0.498635,0.422869,0.008086,-0.011997,-0.010638,3.891719,-2.03643,5.022596,0.004611,0.068253,0.027132,-0.062162,0.274694,0.96087,0.035644,-0.905119,0.24589,0.346837,0.3245,-0.127536,0.937247,-0.009939,0.015813,0.00372,-0.178248,0.465428,-0.834978,-0.891259
284,0.061575,0.006599,0.358208,0.305369,0.952132,0.015452,-0.872646,0.273365,0.404638,0.38066,-0.138231,0.91434,-0.006455,0.027979,0.005035,-2.044612,-0.016124,-7.391259,-1.520716,-0.135807,0.036955,0.317213,0.365253,0.255192,0.895242,-0.535269,0.844351,-0.022171,-0.761986,-0.471421,0.443851,0.028494,-0.018291,-0.035207,0.362898,-1.083132,4.193859,0.162934,0.026121,0.036424,-0.022936,-0.316435,-0.307169,0.897504,0.556003,-0.826626,-0.086881,0.768589,0.471523,0.432361,0.014249,-0.009411,-0.017833,0.368664,-0.916394,4.265378,0.014082,0.067976,0.027805,-0.062072,0.151368,0.98415,0.092387,-0.921589,0.106711,0.373209,0.357435,-0.141635,0.923135,-0.003671,0.013706,0.002099,-1.909341,0.034515,-7.106087,-0.881951
285,0.061624,0.007504,0.357991,0.199422,0.977397,0.070505,-0.887268,0.149615,0.436284,0.415621,-0.150778,0.896968,0.002736,0.014094,-0.005867,-0.887687,-2.056999,-6.063365,-1.61671,-0.135186,0.03615,0.315656,0.449283,0.109665,0.886629,-0.426753,0.898182,0.105285,-0.785344,-0.425815,0.449199,0.016121,-0.024283,-0.039243,-0.894407,-1.028617,4.822806,0.323025,0.026424,0.036039,-0.023686,-0.402071,-0.16926,0.899827,0.45661,-0.888904,0.036822,0.793627,0.425676,0.434689,0.007996,-0.011978,-0.019469,1.025578,0.508219,4.064538,0.122833,0.068004,0.028262,-0.062163,0.045364,0.988849,0.141841,-0.917632,-0.014871,0.397151,0.394831,-0.148174,0.906726,-0.005152,0.009093,-0.001573,-1.89517,2.206423,-2.074667,-0.898117
286,0.061634,0.007688,0.357957,0.160394,0.982914,0.090553,-0.888273,0.103786,0.447407,0.43016,-0.15342,0.889636,0.001307,0.003254,0.002721,-0.762299,-0.175783,-1.597413,-1.65147,-0.135095,0.035645,0.314873,0.482237,0.026725,0.875628,-0.374751,0.909694,0.178755,-0.792355,-0.414382,0.447577,0.003494,-0.029372,-0.042359,-0.208588,0.541295,3.358087,0.426561,0.026474,0.035781,-0.024089,-0.440025,-0.083004,0.89414,0.407384,-0.905809,0.116394,0.800259,0.415475,0.432393,0.001669,-0.014654,-0.021143,-0.196519,0.705952,4.165333,0.245955,0.068008,0.028359,-0.06219,-0.00027,0.986817,0.161837,-0.912323,-0.06651,0.404031,0.409468,-0.147539,0.900314,0.001334,0.006981,-0.003008,-0.431468,-0.353388,-2.360171,-0.863173
287,0.061638,0.007858,0.357913,0.062346,0.991781,0.111937,-0.891013,0.004833,0.453921,0.449567,-0.129272,0.883858,-0.000402,-0.001002,-0.000837,-1.070901,-2.644659,-5.432088,-1.734371,-0.134882,0.034059,0.313164,0.551582,-0.140135,0.822259,-0.297081,0.888051,0.350773,-0.780032,-0.437583,0.44714,0.006243,-0.051129,-0.044547,-0.579592,0.235344,4.027588,0.530728,0.026578,0.035003,-0.024937,-0.515777,0.084015,0.852593,0.337393,-0.894838,0.292284,0.787489,0.438412,0.433191,0.003123,-0.025934,-0.022575,-0.63935,-0.189961,4.250556,0.460518,0.068012,0.028449,-0.062209,-0.095308,0.97924,0.1789,-0.900207,-0.161498,0.404408,0.424904,-0.122504,0.89691,0.006391,-0.002557,-0.001702,-0.494191,-0.119396,-0.849521,-0.823003
288,0.061603,0.007451,0.357881,0.019622,0.992296,0.12251,-0.887239,-0.039147,0.459615,0.46084,-0.11895,0.879491,-0.004485,-0.018449,0.002216,-0.326432,-0.099563,-0.197059,-1.792889,-0.13415,0.032672,0.311131,0.607195,-0.260516,0.750623,-0.22784,0.847851,0.478718,-0.761872,-0.461368,0.454482,0.028984,-0.01852,-0.054686,-0.173997,-0.938258,3.245293,0.531644,0.026923,0.034281,-0.025948,-0.574696,0.206119,0.791984,0.274698,-0.863026,0.42394,0.770885,0.461194,0.439357,0.014535,-0.009559,-0.027583,-0.243343,-0.7757,3.493432,0.512608,0.067999,0.028261,-0.062224,-0.144301,0.971748,0.186768,-0.888684,-0.210279,0.407459,0.435221,-0.107182,0.89392,-0.0023,-0.009429,0.000974,-0.946717,0.268109,-0.897794,-0.862683
289,0.061533,0.007075,0.357859,0.014666,0.991034,0.132975,-0.88442,-0.049126,0.464068,0.466417,-0.125645,0.875611,-0.005448,-0.020845,0.000195,-0.04783,0.049691,-0.049773,-1.815224,-0.133487,0.032585,0.309987,0.630806,-0.2761,0.725151,-0.216771,0.834525,0.506471,-0.745764,-0.476327,0.465631,0.040329,-0.001394,-0.058897,0.236585,-0.962271,1.707467,0.529514,0.027267,0.034221,-0.026543,-0.601443,0.226292,0.766196,0.262023,-0.850125,0.45676,0.754724,0.475477,0.452008,0.019392,0.005604,-0.032641,0.427674,0.087451,0.068549,0.51865,0.067965,0.028074,-0.062234,-0.150385,0.968885,0.196582,-0.883808,-0.22086,0.412434,0.443018,-0.111717,0.889524,-0.002951,-0.011045,-0.00039,-0.127877,0.26657,-0.161192,-0.847007
290,0.061367,0.006301,0.357821,0.002805,0.988562,0.150935,-0.877905,-0.069779,0.473693,0.478799,-0.135067,0.867488,-0.005098,-0.019966,0.000904,-0.075481,0.00583,-0.054703,-1.845693,-0.132622,0.03304,0.307297,0.648074,-0.244143,0.721378,-0.239261,0.833881,0.497325,-0.723755,-0.494591,0.481064,0.011337,0.014734,-0.077134,0.511766,-1.196938,1.023494,0.513731,0.027709,0.034455,-0.027869,-0.618706,0.192564,0.761656,0.283632,-0.849357,0.445135,0.732635,0.491438,0.470885,0.012395,0.007857,-0.038936,0.565604,-1.313219,0.928299,0.517343,0.067877,0.027669,-0.062261,-0.162004,0.963395,0.213597,-0.874552,-0.240434,0.421128,0.457069,-0.118577,0.881491,-0.002589,-0.010115,0.000365,-0.055813,-0.000663,-0.056874,-0.83721
291,0.061167,0.005542,0.35782,0.002879,0.986599,0.163274,-0.874866,-0.07654,0.478249,0.484329,-0.145449,0.862726,-0.004883,-0.019421,0.001338,-0.034473,0.033707,-0.040245,-1.866982,-0.132214,0.033452,0.304026,0.675656,-0.205957,0.707858,-0.250985,0.838446,0.483682,-0.693947,-0.504202,0.513888,0.01208,0.009542,-0.082617,0.56777,-0.638564,-0.062731,0.502687,0.027908,0.034661,-0.02947,-0.646616,0.155067,0.746887,0.294687,-0.852327,0.432083,0.703595,0.499491,0.505432,0.005319,0.010437,-0.045014,0.623852,-0.812858,-0.100623,0.499545,0.067778,0.027294,-0.062264,-0.162097,0.9606,0.225766,-0.870801,-0.246867,0.425159,0.464143,-0.127681,0.876508,-0.002452,-0.009748,0.000647,-0.030435,0.032221,-0.034901,-0.84766
292,0.060927,0.004931,0.358003,-0.006559,0.98599,0.166811,-0.873775,-0.086713,0.478508,0.486272,-0.143845,0.861902,-0.016192,-0.010683,0.007946,0.145836,0.060899,0.191699,-1.883321,-0.131179,0.034369,0.300857,0.724107,-0.187694,0.663651,-0.250143,0.825137,0.506469,-0.643556,-0.532505,0.54967,0.049499,0.034717,-0.082694,0.043362,-2.355584,2.631869,0.49372,0.028436,0.035113,-0.031129,-0.697128,0.135936,0.703941,0.294829,-0.840642,0.454308,0.653519,0.524253,0.545958,0.024763,0.017561,-0.041176,0.012209,-2.298829,2.628289,0.488114,0.067659,0.026978,-0.062181,-0.172107,0.958196,0.228556,-0.867722,-0.257295,0.425272,0.4663,-0.125131,0.875731,-0.008004,-0.005117,0.004177,0.286297,0.140195,0.191762,-0.861213
293,0.060759,0.004726,0.358182,-0.005816,0.986127,0.166025,-0.87346,-0.085785,0.47925,0.486847,-0.143457,0.861642,-0.001477,-0.010959,0.008503,-0.027534,-0.072989,0.160827,-1.881335,-0.13025,0.035036,0.299263,0.74559,-0.196119,0.636887,-0.236928,0.815127,0.528551,-0.623723,-0.544728,0.560451,0.049134,0.037884,-0.079945,0.009865,-0.405428,1.166906,0.487483,0.028863,0.035421,-0.03187,-0.719532,0.143738,0.67942,0.28371,-0.832135,0.476505,0.633862,0.535619,0.557968,0.024534,0.019392,-0.03956,-0.384191,-1.812243,3.01142,0.484195,0.067573,0.02687,-0.062095,-0.170604,0.958553,0.228189,-0.868074,-0.255785,0.425466,0.466199,-0.125499,0.875732,-0.000664,-0.005292,0.00442,-0.040007,-0.077047,0.169901,-0.857295
294,0.060458,0.00442,0.358655,-0.003419,0.986632,0.163069,-0.872823,-0.082468,0.480989,0.488007,-0.141914,0.861241,-0.000104,-0.007557,0.011391,-0.033375,0.006225,0.010407,-1.8777,-0.128033,0.036368,0.296534,0.769618,-0.253962,0.585819,-0.192865,0.782029,0.592595,-0.609575,-0.568729,0.552112,0.076637,0.036309,-0.067167,-0.74477,0.229265,2.033086,0.466077,0.029981,0.036096,-0.033268,-0.748324,0.202231,0.631753,0.241891,-0.803616,0.543772,0.617655,0.559734,0.552448,0.031655,0.017334,-0.033515,-0.965979,0.475493,2.187116,0.460355,0.067417,0.026715,-0.061855,-0.168029,0.959698,0.225265,-0.868026,-0.252349,0.427609,0.467221,-0.123685,0.875445,-0.006888,-0.00232,0.006543,-0.030911,-0.059236,0.132038,-0.850763
295,0.060189,0.004063,0.359272,-0.006518,0.987155,0.159774,-0.871529,-0.083889,0.483086,0.490287,-0.137328,0.860689,9.9e-05,-0.007055,0.011819,-0.033946,0.019891,-0.014961,-1.878211,-0.125223,0.038008,0.293711,0.77718,-0.331012,0.535177,-0.145766,0.732486,0.664944,-0.613075,-0.594368,0.520317,0.077058,0.034382,-0.069585,-0.966938,0.194223,2.264255,0.417949,0.03136,0.036916,-0.03464,-0.759701,0.280664,0.586584,0.19791,-0.759472,0.619704,0.619423,0.586881,0.521425,0.037681,0.023173,-0.038169,-1.039099,0.273462,2.368087,0.420512,0.06729,0.026546,-0.061551,-0.171057,0.959945,0.221911,-0.866627,-0.253743,0.429617,0.468717,-0.118825,0.875319,5.1e-05,-0.00351,0.005932,-0.029804,-0.073664,0.161375,-0.846844
296,0.060075,0.003848,0.359591,-0.011294,0.987294,0.158645,-0.87058,-0.087697,0.48412,0.491891,-0.133875,0.860319,-0.00023,-0.007867,0.011134,-0.906641,-2.749578,-4.594284,-1.881287,-0.123886,0.038648,0.292344,0.770293,-0.368502,0.520431,-0.129747,0.708329,0.693808,-0.625259,-0.601486,0.497121,0.077427,0.032688,-0.071573,-1.18831,0.541055,2.036796,0.39703,0.03208,0.037264,-0.035374,-0.755095,0.321317,0.571476,0.18076,-0.735846,0.652575,0.630203,0.596057,0.497553,0.038783,0.016118,-0.036058,-1.09325,0.506801,1.989054,0.386548,0.067229,0.026437,-0.06138,-0.16997,0.960372,0.220892,-0.866425,-0.252429,0.430797,0.469485,-0.118164,0.874996,-0.000651,-0.008887,0.010276,-0.063576,-0.05377,0.146255,-0.848803
297,0.059958,0.003322,0.360197,-0.012426,0.987896,0.154763,-0.867335,-0.087607,0.489925,0.497564,-0.129374,0.857741,-0.001091,-0.009987,0.009346,-0.076115,-0.009963,-0.029831,-1.885195,-0.121386,0.040176,0.28923,0.760034,-0.413139,0.501654,-0.112162,0.676792,0.727535,-0.641028,-0.608687,0.467383,0.062677,0.041371,-0.080217,-0.193315,0.483359,1.360415,0.374671,0.033307,0.038011,-0.036903,-0.746425,0.367461,0.554815,0.164064,-0.706372,0.688563,0.644927,0.604987,0.466967,0.031398,0.020507,-0.040296,0.430308,1.470446,1.763188,0.34099,0.067172,0.026178,-0.061073,-0.176573,0.960206,0.216391,-0.86208,-0.256963,0.436791,0.475014,-0.109421,0.873147,-0.001223,-0.010296,0.009092,-0.082806,-0.076162,0.114174,-0.859417
298,0.059763,0.002703,0.360748,-0.015527,0.98805,0.153496,-0.862155,-0.090922,0.498391,0.506407,-0.12583,0.853081,-0.002603,-0.021011,0.01783,-0.284797,-0.114385,-0.106183,-1.882108,-0.118922,0.04113,0.286313,0.753005,-0.443953,0.485675,-0.08682,0.664457,0.742222,-0.653153,-0.600494,0.461152,0.067179,0.014408,-0.070942,-0.097554,0.056889,0.424274,0.332549,0.034537,0.038501,-0.038362,-0.740733,0.400109,0.539654,0.13805,-0.695497,0.705141,0.657462,0.596821,0.459943,0.034555,0.001308,-0.032137,-0.194456,0.083752,0.465954,0.30131,0.067074,0.02587,-0.060803,-0.179093,0.959997,0.215244,-0.85718,-0.259637,0.444779,0.482872,-0.104846,0.86939,-0.007403,-0.003539,0.005513,-0.330116,-0.165989,-0.123055,-0.851253
299,0.059495,0.00227,0.361224,-0.002774,0.988216,0.153184,-0.853624,-0.082073,0.514356,0.520867,-0.130566,0.84361,-0.001261,-0.010401,0.009009,-0.418838,-0.251305,-0.146092,-1.880595,-0.116154,0.041268,0.283955,0.764361,-0.445346,0.466273,-0.067693,0.663569,0.745002,-0.642134,-0.600443,0.476441,0.070452,-0.00406,-0.053113,0.459325,-0.388718,-0.037091,0.26003,0.035922,0.038566,-0.039558,-0.752424,0.403588,0.520551,0.119004,-0.693997,0.710074,0.647839,0.596225,0.474151,0.035225,-0.001836,-0.026391,0.49745,-0.425408,-0.082573,0.230768,0.06694,0.025653,-0.060566,-0.165863,0.962249,0.21579,-0.851069,-0.250215,0.461597,0.498165,-0.10709,0.860442,-0.007358,-0.003433,0.005618,-0.633877,-0.364614,-0.170144,-0.839333
300,0.059358,0.002105,0.361399,0.008295,0.988653,0.150138,-0.849809,-0.072104,0.522109,0.526995,-0.133151,0.839389,-0.014858,-0.007212,0.010911,-0.504236,-0.091062,0.183906,-1.884104,-0.114693,0.041048,0.283099,0.76694,-0.444786,0.462558,-0.063703,0.66433,0.744675,-0.639462,-0.600017,0.480552,0.073781,-0.023594,-0.03585,0.094123,-0.181986,0.156776,0.221852,0.036653,0.038459,-0.039998,-0.755846,0.401355,0.51731,0.114818,-0.696595,0.708216,0.644602,0.594699,0.480436,0.035932,-0.005723,-0.021137,0.103861,-0.171553,0.15639,0.178842,0.06687,0.025563,-0.060472,-0.15512,0.964596,0.213288,-0.849108,-0.240534,0.470275,0.504928,-0.108155,0.856358,-0.007446,-0.003651,0.00544,-0.569535,-0.121466,0.205066,-0.844558
