frame,MLTx,MLTy,MLTz,MLTR1,MLTR2,MLTR3,MLTR4,MLTR5,MLTR6,MLTR7,MLTR8,MLTR9,MLTTVx,MLTTVy,MLTTVz,MLTRVx,MLTRVy,MLTRVz,MLGA,MRTx,MRTy,MRTz,MRTR1,MRTR2,MRTR3,MRTR4,MRTR5,MRTR6,MRTR7,MRTR8,MRTR9,MRTTVx,MRTTVy,MRTTVz,MRTRVx,MRTRVy,MRTRVz,MRGA,SLTx,SLTy,SLTz,SLTR1,SLTR2,SLTR3,SLTR4,SLTR5,SLTR6,SLTR7,SLTR8,SLTR9,SLTTVx,SLTTVy,SLTTVz,SLTRVx,SLTRVy,SLTRVz,SLGA,SRTx,SRTy,SRTz,SRTR1,SRTR2,SRTR3,SRTR4,SRTR5,SRTR6,SRTR7,SRTR8,SRTR9,SRTTVx,SRTTVy,SRTTVz,SRTRVx,SRTRVy,SRTRVz,SRGA
745,0.088376,-0.026494,0.306054,-0.234657,-0.462517,-0.85502,-0.233644,-0.826956,0.511397,-0.943307,0.320344,0.087055,0.003298,0.010046,0.012456,0.138955,0.151974,0.353381,-0.194813,-0.195232,-0.011116,0.275583,-0.356008,0.794946,0.491234,-0.390414,-0.604016,0.694749,0.849432,0.054554,0.524741,-5.3e-05,-0.000561,-0.000723,-0.002206,0.001878,0.001509,-0.66297,0.024608,0.052297,-0.0223,0.262384,-0.766671,0.585976,0.356331,0.641314,0.679518,-0.896762,0.030507,0.441459,-0.000283,0.005546,-0.004065,0.05008,-0.020888,0.010159,-0.742607,0.045805,0.040844,-0.053847,0.210841,0.424145,-0.880707,0.147368,0.876872,0.457578,0.966347,-0.226264,0.122375,0.001755,0.005366,0.006652,0.113713,0.111494,0.328869,-0.312231
746,0.088208,-0.026038,0.30693,-0.237478,-0.44465,-0.863676,-0.208112,-0.845173,0.492285,-0.94856,0.297196,0.109252,-0.010367,0.008817,0.031279,0.265037,0.502652,0.527916,-0.411621,-0.195107,-0.01074,0.275267,-0.352921,0.793576,0.495656,-0.388744,-0.606113,0.693858,0.85148,0.051198,0.521751,0.01432,0.009549,-0.011151,0.036507,-0.010654,0.020793,-0.180303,0.024666,0.052485,-0.02245,0.259018,-0.764703,0.590031,0.354911,0.643497,0.678195,-0.898302,0.033744,0.438079,-0.00057,0.011055,-0.008172,0.077885,-0.030777,0.030848,-0.600707,0.045724,0.041067,-0.053423,0.214494,0.407039,-0.887868,0.120994,0.890951,0.437683,0.969201,-0.201307,0.141855,-0.004536,0.010485,0.012196,0.415358,0.688766,0.697331,-0.452824
747,0.088129,-0.025796,0.307586,-0.242241,-0.434435,-0.867543,-0.206533,-0.850585,0.483551,-0.947694,0.296848,0.117405,0.005693,0.009171,0.033057,0.111365,0.163383,0.400151,-0.539929,-0.195056,-0.01054,0.275016,-0.357027,0.790243,0.498036,-0.385001,-0.610164,0.692393,0.851474,0.054467,0.521429,-0.000918,0.007398,-0.012894,0.034667,0.003224,-0.007008,-0.027156,0.024697,0.052586,-0.022567,0.263115,-0.761382,0.592509,0.351567,0.647588,0.676039,-0.898426,0.030431,0.438067,0.0071,0.004085,-0.00647,0.03856,-0.033248,0.051563,-0.547474,0.045683,0.041184,-0.053108,0.221442,0.396332,-0.891001,0.118678,0.895941,0.428024,0.967924,-0.200525,0.151363,0.003065,0.005287,0.017403,0.143506,0.238355,0.443774,-0.538061
748,0.08843,-0.025167,0.308941,-0.230983,-0.42799,-0.873794,-0.174938,-0.865169,0.469949,-0.956831,0.261937,0.126059,0.022702,0.012712,0.038481,1.441456,-0.890818,0.101493,-0.785028,-0.195075,-0.010491,0.27442,-0.36642,0.784266,0.500654,-0.371569,-0.616539,0.694082,0.853461,0.067314,0.516658,-0.001433,0.001931,-0.020003,-0.014308,0.044585,0.026516,0.116524,0.024688,0.052618,-0.022863,0.272421,-0.755763,0.59549,0.33818,0.654619,0.676097,-0.900788,0.0172,0.433916,-0.008276,0.000475,-0.010111,-0.001344,0.06888,-0.030233,-0.307111,0.045823,0.041502,-0.052419,0.211823,0.38801,-0.896982,0.087787,0.906545,0.412878,0.973356,-0.166201,0.157964,0.003754,0.007745,0.020064,4.775341,-2.765565,-0.493266,-0.72307
749,0.08904,-0.02439,0.310308,-0.213407,-0.425347,-0.879536,-0.145414,-0.876409,0.459057,-0.965831,0.226387,0.126279,0.007359,0.014585,0.038967,0.006074,-0.575859,0.941638,-0.945998,-0.195237,-0.010657,0.273585,-0.367904,0.783637,0.500551,-0.360154,-0.616267,0.700312,0.857708,0.076388,0.508295,-0.001767,-0.001515,-0.024572,-0.196213,0.214382,0.12716,0.15464,0.024607,0.052535,-0.023272,0.274804,-0.754884,0.595509,0.326786,0.655813,0.680528,-0.904263,0.007592,0.426906,-0.000872,-0.000739,-0.012251,-0.384927,0.349985,0.239776,-0.049275,0.046137,0.041899,-0.051724,0.193802,0.38481,-0.902419,0.05612,0.914005,0.401802,0.979433,-0.128513,0.15554,0.011764,0.011768,0.014802,0.117694,-1.595533,2.48637,-0.876399
750,0.08927,-0.023964,0.310904,-0.208974,-0.424545,-0.880987,-0.140876,-0.878403,0.456656,-0.967477,0.220061,0.124856,0.00739,0.022904,0.027266,0.001248,-0.044035,0.074396,-1.007014,-0.195273,-0.010622,0.273072,-0.36604,0.784704,0.500247,-0.359759,-0.614972,0.701653,0.85867,0.075879,0.506746,-0.002263,0.010401,-0.031672,-0.062372,0.117876,0.076561,0.16404,0.024589,0.052545,-0.02353,0.272378,-0.756015,0.595189,0.325829,0.654503,0.682246,-0.905342,0.008101,0.424604,-0.000852,-0.000554,-0.01204,-0.18014,0.193876,0.111485,-0.005676,0.046254,0.042115,-0.051415,0.188755,0.38289,-0.904304,0.051696,0.915706,0.398508,0.980662,-0.121969,0.15305,0.003667,0.011409,0.013588,0.002199,-0.146025,0.242639,-0.933715
751,0.089857,-0.023215,0.311661,-0.200211,-0.423126,-0.8837,-0.137265,-0.880944,0.452845,-0.969856,0.212487,0.119398,0.019934,0.013034,0.016679,-0.110294,-0.292705,-0.066239,-1.161072,-0.195289,-0.010307,0.272035,-0.366111,0.784675,0.500239,-0.361666,-0.615172,0.700496,0.857838,0.074555,0.508349,0.013069,0.013185,-0.029131,0.072971,-0.025741,0.038592,0.209365,0.024574,0.052695,-0.024066,0.272214,-0.756135,0.595112,0.327889,0.654344,0.681411,-0.904647,0.009641,0.42605,-0.001004,0.006382,-0.014318,0.072065,0.004344,-0.015592,0.052782,0.046545,0.0425,-0.051023,0.181067,0.379953,-0.90711,0.047697,0.917878,0.393984,0.982312,-0.114604,0.148075,0.009868,0.006248,0.008017,-0.188717,-0.553963,0.010555,-0.969475
752,0.090773,-0.022925,0.312052,-0.192873,-0.418932,-0.887323,-0.139758,-0.883344,0.447373,-0.970995,0.210812,0.112932,0.032673,0.00384,0.007034,-0.004193,-0.074599,0.099454,-1.420769,-0.195306,-0.009957,0.271144,-0.36025,0.787398,0.500216,-0.359656,-0.61189,0.704395,0.861152,0.072864,0.502963,-0.001303,0.003461,-0.018209,-0.285211,0.273251,0.214074,0.285717,0.024571,0.052872,-0.024516,0.267355,-0.758102,0.594812,0.326023,0.652044,0.684504,-0.906768,0.010917,0.421487,-0.000643,0.001677,-0.00917,-0.488253,0.296773,0.4941,0.138836,0.046998,0.042648,-0.050825,0.173089,0.375638,-0.910458,0.050501,0.919811,0.389097,0.98361,-0.113328,0.140239,0.008586,0.002311,0.003332,0.00836,-0.016127,0.057785,-0.959841
753,0.091213,-0.022673,0.312234,-0.189433,-0.419027,-0.888019,-0.134525,-0.884781,0.446136,-0.972414,0.204489,0.112346,0.001769,0.00561,0.006569,0.000414,-0.014705,0.024783,-1.523931,-0.195279,-0.009566,0.270391,-0.352589,0.791426,0.499317,-0.356527,-0.606843,0.710327,0.865604,0.07144,0.49547,0.014022,0.006081,-0.015809,-0.11418,0.1151,0.126729,0.381258,0.024579,0.053065,-0.024896,0.258371,-0.762354,0.593346,0.3211,0.647051,0.691534,-0.911119,0.011852,0.411971,-0.000736,0.009246,-0.010571,-0.086547,0.128795,0.122836,0.252649,0.047229,0.042771,-0.050737,0.169907,0.375148,-0.91126,0.045075,0.920779,0.387471,0.984428,-0.106909,0.139537,0.000811,0.002584,0.003016,0.000351,-0.013469,0.025284,-0.963923
754,0.091352,-0.022518,0.312297,-0.190983,-0.420952,-0.886775,-0.133499,-0.883862,0.448261,-0.97225,0.204512,0.113713,0.001782,0.00566,0.006619,0.000436,-0.014623,0.024622,-1.542278,-0.195222,-0.009282,0.27006,-0.350734,0.792536,0.498862,-0.356328,-0.605465,0.711602,0.866436,0.07083,0.4941,0.014247,0.008473,-0.012642,-0.072703,0.064289,0.122337,0.433608,0.024607,0.053197,-0.025057,0.256703,-0.763292,0.592864,0.320931,0.645932,0.692657,-0.91165,0.012461,0.410777,0.007149,0.004369,-0.006149,-0.129724,0.10901,0.159499,0.321721,0.047296,0.042837,-0.050711,0.171334,0.37737,-0.910074,0.044099,0.91987,0.389735,0.984225,-0.106908,0.140964,0.008195,0.001103,0.001902,0.000281,-0.016902,0.033993,-0.967516
755,0.091549,-0.022217,0.312436,-0.201014,-0.424649,-0.882786,-0.128464,-0.881962,0.453444,-0.970894,0.205078,0.123837,0.001625,0.005172,0.006034,0.153456,0.350837,0.197906,-1.538797,-0.194927,-0.008846,0.26957,-0.362146,0.787653,0.498442,-0.351987,-0.610596,0.709374,0.863524,0.080463,0.49771,0.014224,0.008322,-0.012852,0.046415,-0.035846,0.039845,0.495457,0.02476,0.053432,-0.025307,0.268428,-0.759011,0.593167,0.317419,0.651069,0.689458,-0.9095,0.003213,0.41569,0.007118,0.004141,-0.006456,0.024896,-0.024527,0.050276,0.437168,0.047396,0.042994,-0.050641,0.179887,0.382905,-0.906103,0.039444,0.917581,0.395586,0.982895,-0.106901,0.149957,0.000811,0.002591,0.003016,0.224039,0.482149,0.291076,-0.970128
756,0.091691,-0.021853,0.31261,-0.210001,-0.42709,-0.87951,-0.130115,-0.879351,0.458021,-0.968758,0.211149,0.130193,0.002027,0.006465,0.007521,-0.119579,0.079307,0.05927,-1.527508,-0.194987,-0.008831,0.268716,-0.369345,0.790057,0.489271,-0.353082,-0.606211,0.712585,0.86003,0.089444,0.502207,-0.017157,-0.004675,-0.028138,0.034863,-0.009058,0.000373,0.535353,0.024739,0.053461,-0.025688,0.276199,-0.762585,0.584959,0.317735,0.646863,0.693262,-0.907059,-0.005616,0.420963,-0.008353,-0.008677,-0.01106,0.043088,-0.492182,0.651855,0.501178,0.047465,0.043171,-0.05056,0.189766,0.385448,-0.903004,0.040689,0.915839,0.399477,0.980985,-0.112549,0.158112,0.008414,0.001859,0.002768,-0.443565,0.201395,0.12143,-0.964087
757,0.091901,-0.021758,0.312766,-0.212112,-0.425346,-0.879849,-0.135491,-0.878832,0.457458,-0.967559,0.216768,0.129879,0.017181,0.004858,0.006851,0.001464,-0.029014,0.054558,-1.518629,-0.195254,-0.009121,0.268152,-0.37257,0.79581,0.477355,-0.357945,-0.597709,0.717324,0.856624,0.095386,0.506912,-0.017225,-0.022099,-0.028624,0.134014,-1.576475,2.090672,0.536359,0.024605,0.053322,-0.025979,0.279454,-0.76815,0.576064,0.320975,0.640189,0.697949,-0.904919,-0.010143,0.42546,-0.008595,-0.01105,-0.014303,0.003694,-0.054037,0.062267,0.510975,0.047557,0.043216,-0.050486,0.191915,0.384031,-0.903154,0.046363,0.915685,0.399212,0.980315,-0.118488,0.157929,0.008159,-0.003014,0.007659,-0.038437,-0.019418,0.034989,-0.960821
758,0.092615,-0.021531,0.313156,-0.221292,-0.419187,-0.880544,-0.156646,-0.875917,0.456292,-0.962285,0.239424,0.12927,0.018203,0.008276,0.010752,0.001719,-0.04411,0.079112,-1.497113,-0.195924,-0.010072,0.266909,-0.377894,0.805237,0.456925,-0.365858,-0.583117,0.725298,0.850935,0.105903,0.514351,-0.017511,-0.023803,-0.031305,0.004218,-0.051818,0.06082,0.534354,0.024275,0.052845,-0.026604,0.286877,-0.780801,0.555023,0.327945,0.624414,0.708914,-0.900085,-0.021354,0.43519,-0.008756,-0.012119,-0.015929,0.003192,-0.044043,0.049368,0.51718,0.047926,0.043331,-0.050289,0.201524,0.378652,-0.903332,0.06781,0.914648,0.398522,0.977133,-0.141566,0.158647,0.009129,0.004232,0.005481,0.002189,-0.045147,0.079308,-0.966536
759,0.093462,-0.021336,0.31336,-0.230979,-0.40949,-0.882616,-0.16529,-0.877437,0.450283,-0.958545,0.250398,0.136087,0.031312,0.000283,0.002639,0.119839,0.227896,0.243492,-1.489106,-0.196653,-0.011059,0.265692,-0.384355,0.803067,0.455351,-0.369994,-0.58578,0.72104,0.846246,0.107648,0.521672,-0.033043,-0.025856,-0.033507,0.150954,-0.035513,-0.262361,0.536297,0.02391,0.052342,-0.027225,0.293417,-0.779302,0.553709,0.332725,0.626239,0.705066,-0.896213,-0.022645,0.443043,-0.008908,-0.012957,-0.017283,0.220931,-0.209687,-0.108345,0.520119,0.048353,0.043438,-0.050175,0.211785,0.369965,-0.904583,0.076442,0.916473,0.392725,0.974321,-0.152321,0.165814,0.015597,-4.6e-05,0.001094,0.14743,0.279324,0.274028,-0.969638
760,0.093853,-0.0213,0.313382,-0.236806,-0.40368,-0.883748,-0.169305,-0.878547,0.446611,-0.956413,0.255881,0.140804,0.015892,0.000941,0.00223,0.074528,0.140519,0.154062,-1.484156,-0.197193,-0.01163,0.265061,-0.390563,0.800453,0.454673,-0.373631,-0.589111,0.716437,0.841801,0.108927,0.528554,-0.033225,-0.026497,-0.034647,0.464318,-0.407709,-0.312857,0.536232,0.02364,0.052055,-0.027542,0.298454,-0.777605,0.553403,0.336031,0.628315,0.701642,-0.893312,-0.023447,0.448823,-0.016598,-0.013315,-0.017386,0.510537,-0.345505,-0.521395,0.520446,0.048543,0.043456,-0.050164,0.218791,0.364207,-0.905253,0.08019,0.917881,0.388669,0.97247,-0.157629,0.171618,0.007776,-8.8e-05,0.00046,0.073224,0.159048,0.131703,-0.977313
761,0.094777,-0.02124,0.313157,-0.250015,-0.397639,-0.882849,-0.163918,-0.881252,0.44328,-0.953972,0.256032,0.156248,0.030447,0.00575,-0.012126,0.208293,0.354724,0.303474,-1.481967,-0.198211,-0.012641,0.263768,-0.397296,0.795744,0.457099,-0.383,-0.59631,0.70545,0.834413,0.104204,0.541073,-0.018012,-0.025034,-0.034099,0.169341,-0.174914,-0.078227,0.534535,0.023125,0.051545,-0.028195,0.307158,-0.772085,0.55636,0.348246,0.635263,0.689321,-0.885651,-0.01798,0.464002,-0.008971,-0.012376,-0.016825,0.121016,-0.064777,-0.205325,0.520446,0.048999,0.043485,-0.050271,0.231343,0.360419,-0.903646,0.075026,0.919469,0.385937,0.969974,-0.15708,0.185672,0.007315,-0.001588,-0.001277,0.269669,0.691218,0.195943,-0.988417
762,0.095649,-0.021303,0.312772,-0.270659,-0.383392,-0.883062,-0.180431,-0.880832,0.437666,-0.945296,0.278262,0.170332,0.013745,-0.006122,-0.00594,-1.341182,0.998745,0.481258,-1.482492,-0.199148,-0.013609,0.262402,-0.410868,0.788021,0.458476,-0.390217,-0.606383,0.692795,0.82445,0.104752,0.556032,-0.018156,-0.024936,-0.034441,0.506656,-0.475663,-0.289305,0.536092,0.022656,0.05106,-0.028879,0.319135,-0.76578,0.55833,0.355746,0.642853,0.678368,-0.878406,-0.017867,0.47758,-0.016764,-0.012869,-0.01728,0.033628,0.03711,-0.200164,0.520609,0.049441,0.043457,-0.050467,0.253339,0.347754,-0.902709,0.089755,0.920676,0.379864,0.963203,-0.177257,0.202031,0.014467,0.00069,-0.008748,-4.700393,2.724988,1.193921,-0.991193
763,0.096687,-0.021319,0.312248,-0.308718,-0.358769,-0.880922,-0.20849,-0.878103,0.430626,-0.927657,0.317047,0.197387,0.028734,-0.00813,-0.007187,-0.139985,1.210712,-0.232245,-1.484941,-0.200329,-0.014417,0.261064,-0.422005,0.784793,0.453875,-0.397347,-0.60999,0.685537,0.815379,0.107968,0.56865,-0.018367,-0.009782,-0.037274,0.253147,-0.666945,0.398408,0.534565,0.022065,0.050645,-0.029553,0.332005,-0.762481,0.555332,0.364391,0.646697,0.670075,-0.870052,-0.02011,0.492548,-0.01666,-0.010823,-0.014568,0.27801,-2.031831,1.967729,0.521752,0.049953,0.043445,-0.050734,0.292753,0.326555,-0.898696,0.119682,0.919969,0.373271,0.948667,-0.216835,0.230241,0.007485,0.003018,-0.006514,-0.935969,2.885706,-1.542369,-1.003603
764,0.097197,-0.021269,0.31198,-0.320791,-0.347266,-0.881218,-0.210458,-0.880985,0.423727,-0.923092,0.321813,0.210628,0.029608,0.003042,-0.015348,0.34341,0.778397,0.331752,-1.485935,-0.200852,-0.014724,0.260469,-0.421342,0.785075,0.454003,-0.40313,-0.610453,0.681738,0.812878,0.103237,0.573092,-0.017892,-0.020714,-0.029013,0.08891,-0.01405,-0.165236,0.534204,0.021804,0.050497,-0.029853,0.332094,-0.762919,0.554677,0.371063,0.646304,0.666784,-0.867193,-0.015615,0.497725,-0.016821,-0.004319,-0.017408,0.088989,-0.112133,-0.00451,0.522079,0.050208,0.043466,-0.050865,0.306038,0.316961,-0.897705,0.121895,0.922142,0.367144,0.944182,-0.221786,0.243575,0.006892,-0.003065,-0.003002,0.32821,0.783327,0.470212,-1.008502
765,0.098246,-0.02148,0.311514,-0.363907,-0.307097,-0.87938,-0.249919,-0.877289,0.409728,-0.896849,0.369254,0.243601,0.028175,-0.01011,-0.00955,-1.100457,1.500651,0.93263,-1.489193,-0.201975,-0.015161,0.259203,-0.42911,0.779927,0.455599,-0.407152,-0.617155,0.673262,0.806795,0.102426,0.581768,-0.03364,-0.007085,-0.032971,0.056311,0.043247,-0.131948,0.53411,0.021248,0.050274,-0.030483,0.339994,-0.758009,0.556619,0.376087,0.652083,0.65829,-0.861952,-0.014478,0.506782,-0.016779,-0.003383,-0.016229,-0.000297,0.073104,-0.106675,0.522242,0.050733,0.043367,-0.051098,0.35206,0.281744,-0.892566,0.160187,0.921412,0.354033,0.922168,-0.267618,0.27926,0.006179,-0.009348,0.000179,-4.522658,3.285681,1.731792,-1.022218
766,0.098919,-0.021919,0.311327,-0.418992,-0.236315,-0.876725,-0.320796,-0.864757,0.386339,-0.848936,0.443413,0.287612,0.012989,-0.017151,0.002274,-0.938778,2.121123,1.134886,-1.492472,-0.203095,-0.015277,0.257972,-0.436115,0.78255,0.44431,-0.414035,-0.612754,0.673084,0.799508,0.108598,0.59064,-0.033683,0.008401,-0.035035,0.010558,-1.768788,2.018852,0.53436,0.020688,0.050208,-0.031101,0.346864,-0.760622,0.54876,0.381708,0.64892,0.658179,-0.856728,-0.018833,0.515423,-0.016634,-0.001796,-0.014045,0.017326,-0.035167,0.050515,0.522405,0.051074,0.043146,-0.051201,0.412577,0.217476,-0.88458,0.232499,0.913779,0.333094,0.880751,-0.343091,0.326441,0.006742,-0.003419,-0.003435,-4.506365,3.272771,2.253517,-1.032505
767,0.099231,-0.022152,0.311128,-0.460609,-0.160495,-0.872998,-0.367263,-0.860926,0.35199,-0.807512,0.482945,0.338697,0.013851,-0.005961,-0.005858,0.110846,1.517264,0.971555,-1.597234,-0.203978,-0.01516,0.256934,-0.438584,0.786122,0.435485,-0.418263,-0.60734,0.675373,0.79595,0.113072,0.594593,-0.017219,0.001594,-0.021486,0.027182,-0.144438,0.151842,0.533824,0.020233,0.050266,-0.031638,0.350526,-0.766521,0.538122,0.386013,0.641747,0.662686,-0.853302,-0.024566,0.520837,-0.008563,0.001019,-0.010398,0.027785,-0.151819,0.164166,0.522405,0.05123,0.043026,-0.051296,0.46187,0.145042,-0.875007,0.280832,0.911866,0.299388,0.841313,-0.384008,0.380431,-0.000401,-0.001413,-0.001641,-1.181158,1.717542,0.999094,-1.072022
768,0.099312,-0.022214,0.311111,-0.483367,-0.09667,-0.87009,-0.436286,-0.835069,0.335091,-0.758383,0.541697,0.362556,0.014776,-0.002765,-0.00215,-1.413098,1.887934,1.517572,-1.662968,-0.204371,-0.015052,0.256504,-0.439167,0.786674,0.433899,-0.419354,-0.60651,0.675442,0.795055,0.113686,0.595673,-0.016974,0.003527,-0.018659,0.03262,0.017948,-0.036424,0.533794,0.02005,0.050319,-0.031838,0.351204,-0.767282,0.536594,0.38704,0.640816,0.662989,-0.852558,-0.025161,0.522026,-0.008493,0.001606,-0.009548,0.031888,0.040531,-0.063806,0.522569,0.051269,0.042989,-0.051312,0.488993,0.087572,-0.86788,0.346079,0.893812,0.285181,0.800696,-0.439807,0.406761,-8.6e-05,-0.00021,-0.000192,-4.934647,3.125836,2.838954,-1.093086
769,0.099615,-0.022094,0.310953,-0.498886,0.087988,-0.862216,-0.635479,-0.7136,0.294811,-0.588723,0.694885,0.412997,0.015368,0.007575,-0.011262,-4.715654,2.978646,3.354799,-1.901805,-0.204948,-0.014794,0.255932,-0.438441,0.789214,0.430002,-0.42068,-0.602888,0.677855,0.794754,0.115314,0.595762,-0.016333,0.00831,-0.011573,-0.116462,0.145747,0.070049,0.53382,0.019755,0.050446,-0.032135,0.351121,-0.769866,0.532935,0.388081,0.63764,0.665437,-0.852119,-0.026827,0.522659,-0.008087,0.004656,-0.005028,-0.202687,0.185574,0.139059,0.522405,0.051422,0.04305,-0.05138,0.523065,-0.095877,-0.846882,0.558235,0.789388,0.255418,0.64403,-0.60636,0.466423,0.00065,0.010378,-0.009097,-1.093997,1.457483,2.475392,-1.100108
770,0.099368,-0.021055,0.310081,-0.460616,0.199143,-0.864997,-0.727687,-0.642729,0.239465,-0.507705,0.739499,0.442045,-0.012665,0.034792,-0.023981,0.775175,-0.59805,3.028521,-1.912648,-0.205246,-0.014558,0.255798,-0.438327,0.788444,0.431529,-0.420531,-0.604104,0.676865,0.794896,0.114225,0.595782,-0.015327,0.001101,0.002454,-0.002076,0.015233,-0.029222,0.533433,0.019606,0.050568,-0.032205,0.350379,-0.769199,0.534384,0.38801,0.638498,0.664656,-0.852456,-0.025535,0.522173,0.000107,0.000741,0.001116,-0.007622,0.118937,-0.159199,0.522405,0.051308,0.043557,-0.051815,0.496846,-0.212619,-0.841389,0.661725,0.720088,0.208787,0.561482,-0.660504,0.498468,-0.006308,0.017415,-0.011996,-0.853934,1.235488,1.551774,-1.136032
771,0.099133,-0.020362,0.309694,-0.43888,0.252502,-0.862364,-0.773543,-0.594475,0.219552,-0.456678,0.763117,0.457301,0.003214,0.035858,-0.021669,-5.815965,2.890671,3.910419,-1.911728,-0.205313,-0.014483,0.255821,-0.436822,0.79008,0.430059,-0.420113,-0.601812,0.679162,0.795943,0.115007,0.594232,0.000182,0.001322,0.001973,-0.216058,0.29712,-0.010571,0.531652,0.019567,0.050609,-0.032189,0.349796,-0.770559,0.532805,0.387685,0.636814,0.666458,-0.852844,-0.026564,0.521489,-0.007585,0.001097,0.002046,-0.361416,0.286264,0.194929,0.522569,0.051184,0.043899,-0.052014,0.478864,-0.263168,-0.837514,0.707881,0.679996,0.191071,0.519223,-0.684358,0.511917,-0.006089,0.013959,-0.005355,-5.178977,2.724038,2.540248,-1.125091
772,0.098801,-0.019138,0.308508,-0.454279,0.36331,-0.813438,-0.833714,-0.495141,0.24439,-0.313419,0.788744,0.528846,-0.000955,0.021465,-0.038401,-0.689172,2.911276,-1.19278,-1.908763,-0.20521,-0.014397,0.255925,-0.43666,0.789712,0.430901,-0.41978,-0.602383,0.678862,0.796208,0.114555,0.593964,0.000297,0.002156,0.003214,-4.4e-05,3.8e-05,3.2e-05,0.529412,0.019619,0.050654,-0.032133,0.34867,-0.770438,0.533717,0.386996,0.636987,0.666694,-0.853617,-0.02591,0.520255,0.000192,0.001393,0.002078,-0.007429,0.118444,-0.159588,0.522569,0.051026,0.044542,-0.052572,0.499929,-0.373132,-0.781564,0.781593,0.583115,0.221558,0.373072,-0.721629,0.583153,-0.007502,0.017278,-0.022711,-0.775898,1.931417,1.244905,-1.120193
773,0.097868,-0.018298,0.30714,-0.485006,0.42959,-0.761752,-0.837838,-0.477876,0.263882,-0.250066,0.765674,0.592652,-0.030378,0.018876,-0.022518,0.541254,1.536825,-0.251031,-1.908261,-0.204917,-0.014335,0.256077,-0.436447,0.789425,0.43164,-0.419411,-0.602829,0.678694,0.796518,0.114187,0.593619,0.000299,0.002189,0.003258,-0.010429,0.119771,-0.158425,0.528354,0.019766,0.050688,-0.032053,0.348419,-0.770073,0.534406,0.386692,0.637443,0.666434,-0.853857,-0.025548,0.519879,0.000152,0.001125,0.001669,-0.010369,0.119777,-0.158429,0.522405,0.050553,0.044948,-0.053296,0.537166,-0.433478,-0.723566,0.786407,0.567559,0.243802,0.304984,-0.69998,0.645764,-0.015169,0.009449,-0.011234,0.47285,1.40249,-0.300852,-1.129336
774,0.096788,-0.017589,0.306806,-0.481848,0.464125,-0.743274,-0.851232,-0.449216,0.271258,-0.207401,0.762825,0.612462,-0.014813,0.002453,0.001738,-0.307852,0.843281,-0.890279,-1.908253,-0.204649,-0.014311,0.256079,-0.436048,0.788574,0.433595,-0.418617,-0.604139,0.678019,0.797154,0.113148,0.592963,-4.5e-05,-0.000329,-0.00049,-0.010448,0.119775,-0.15842,0.527784,0.019894,0.050703,-0.032046,0.347914,-0.769101,0.536133,0.386079,0.638653,0.66563,-0.85434,-0.024592,0.51913,-4.6e-05,-0.000335,-0.000504,-1.1e-05,1.7e-05,1e-05,0.522569,0.050017,0.045297,-0.05347,0.535395,-0.467941,-0.703123,0.802869,0.540421,0.251686,0.262209,-0.699267,0.665034,-0.014299,0.008273,-0.002025,-0.977739,0.597862,0.41553,-1.126887
775,0.096427,-0.01755,0.306731,-0.473875,0.475354,-0.7413,-0.859579,-0.432527,0.272058,-0.190726,0.765536,0.614496,-0.016065,-0.001713,-0.003156,-0.356718,0.730516,-0.684771,-1.907897,-0.204524,-0.01431,0.256037,-0.435914,0.788321,0.434189,-0.418415,-0.604535,0.677791,0.797333,0.112796,0.59279,-8.3e-05,-0.000617,-0.000918,-0.0,0.0,0.0,0.527651,0.019962,0.050702,-0.03207,0.347709,-0.768732,0.536794,0.385884,0.639112,0.665303,-0.854512,-0.024192,0.518867,-5e-05,-0.000375,-0.000562,-1.6e-05,1.6e-05,4e-06,0.522569,0.04984,0.045328,-0.053494,0.528575,-0.479073,-0.700782,0.812457,0.524745,0.254076,0.246012,-0.703654,0.666594,-0.008161,-0.001295,-0.002078,-1.171487,0.84348,0.280493,-1.128194
776,0.095901,-0.018083,0.306741,-0.469094,0.438303,-0.766737,-0.850047,-0.459559,0.257289,-0.239014,0.77191,0.589113,-0.002719,-0.017222,0.000991,0.309704,-1.208891,-0.029017,-1.908146,-0.204193,-0.014364,0.255957,-0.435707,0.788098,0.434802,-0.418169,-0.604895,0.677621,0.797575,0.112433,0.592533,0.015239,-0.00169,-0.003358,0.002045,-0.015205,0.029245,0.527199,0.020122,0.050676,-0.032109,0.347457,-0.768434,0.537384,0.385667,0.639484,0.665071,-0.854712,-0.023832,0.518553,-0.000116,-0.000869,-0.0013,-0.011977,0.137141,-0.181368,0.522569,0.049572,0.045067,-0.05349,0.521843,-0.445876,-0.727236,0.800803,0.549807,0.237541,0.293926,-0.706332,0.643972,-0.001303,-0.008485,0.000632,1.72175,-3.110632,0.591295,-1.127214
777,0.096488,-0.018361,0.306605,-0.456074,0.411721,-0.789004,-0.851641,-0.45922,0.252581,-0.257773,0.786631,0.561063,0.029554,-0.005332,-0.00397,-0.358566,-0.958457,0.191852,-1.908081,-0.203901,-0.014423,0.255833,-0.435448,0.787681,0.435815,-0.417787,-0.605545,0.677276,0.797917,0.11185,0.592183,0.015163,-0.002289,-0.004262,0.000523,0.002151,0.006292,0.52717,0.020268,0.050646,-0.03217,0.347131,-0.767932,0.538312,0.385362,0.640108,0.664648,-0.854982,-0.023275,0.518134,-8.4e-05,-0.000645,-0.000965,-0.010492,0.119787,-0.158403,0.522405,0.04984,0.044914,-0.053561,0.50794,-0.421827,-0.751037,0.801704,0.550408,0.233065,0.315065,-0.720494,0.617755,0.015236,0.002984,-0.005966,-0.036663,-0.532624,0.47766,-1.130806
778,0.097008,-0.018242,0.306322,-0.456713,0.411309,-0.78885,-0.852567,-0.455602,0.255983,-0.253553,0.788946,0.559734,0.030545,0.014478,-0.0232,-0.006624,-0.484135,0.475488,-1.907927,-0.2038,-0.014458,0.255794,-0.435339,0.787491,0.436267,-0.417583,-0.605836,0.677142,0.798083,0.111619,0.592003,0.015235,-0.001761,-0.003479,0.000522,0.002151,0.006291,0.527625,0.020319,0.050628,-0.032192,0.346991,-0.767699,0.538734,0.385188,0.640395,0.664472,-0.855117,-0.023052,0.51792,-3.7e-05,-0.000287,-0.000434,-3e-06,8e-06,-2e-06,0.522405,0.050113,0.044975,-0.053691,0.508647,-0.419281,-0.751985,0.802699,0.546804,0.238071,0.31137,-0.724712,0.614686,0.014961,0.002064,-0.007068,-0.036316,-0.452081,0.456614,-1.1295
779,0.097675,-0.017999,0.305733,-0.462062,0.393005,-0.795041,-0.840072,-0.481266,0.250267,-0.283702,0.783042,0.553521,0.000206,0.008938,-0.010745,4.415935,-1.676779,-3.272474,-1.907468,-0.20373,-0.014505,0.255795,-0.435141,0.787026,0.437303,-0.417059,-0.606527,0.676846,0.798465,0.111153,0.591576,-4.9e-05,-0.00037,-0.000552,-0.0,0.0,0.0,0.527625,0.020359,0.050603,-0.032195,0.346719,-0.767141,0.539703,0.384737,0.641079,0.664074,-0.855431,-0.022603,0.517422,-2.8e-05,-0.00021,-0.000314,-0.010512,0.119769,-0.158418,0.522569,0.050457,0.045096,-0.053993,0.509708,-0.40517,-0.758969,0.791637,0.566322,0.229321,0.336907,-0.717715,0.609407,0.007077,-0.002398,-0.002278,0.177142,-0.618928,-0.336486,-1.128684
780,0.098428,-0.018123,0.305912,-0.486613,0.358722,-0.7966,-0.811789,-0.522606,0.260487,-0.322268,0.772981,0.546509,0.030991,-0.008608,0.013363,-0.34474,-0.303173,-0.378737,-1.907818,-0.203804,-0.014506,0.255741,-0.434978,0.786483,0.438441,-0.416619,-0.607339,0.676389,0.798783,0.110563,0.591256,-0.000201,-0.001514,-0.00226,-0.001523,0.017356,-0.022954,0.527517,0.020322,0.050605,-0.032217,0.346484,-0.766507,0.540753,0.384395,0.641856,0.663521,-0.85568,-0.022037,0.517035,-4.2e-05,-0.00032,-0.000478,-2.6e-05,9e-06,6e-06,0.522569,0.050818,0.045029,-0.053926,0.533306,-0.366125,-0.762585,0.756113,0.610541,0.235652,0.379312,-0.702275,0.602437,0.016012,0.001569,0.002948,-0.662866,-0.045559,-1.12007,-1.125908
781,0.099053,-0.018224,0.306171,-0.497182,0.357123,-0.790771,-0.806206,-0.527013,0.268813,-0.320136,0.770728,0.550924,0.031477,-0.006876,0.01536,-0.058431,0.012896,0.008879,-1.907562,-0.203866,-0.014498,0.2557,-0.434932,0.78628,0.438849,-0.416496,-0.607644,0.67619,0.798872,0.11033,0.59118,-0.000101,-0.000758,-0.001132,-0.0,0.0,0.0,0.527123,0.020291,0.050606,-0.032242,0.346407,-0.766258,0.541156,0.384302,0.642162,0.663278,-0.855753,-0.021797,0.516924,-4.9e-05,-0.000376,-0.000562,-1.7e-05,3e-06,-3e-06,0.522569,0.051132,0.044981,-0.053793,0.543956,-0.361574,-0.757215,0.749646,0.61485,0.244926,0.377015,-0.700872,0.605504,0.015874,-0.002959,0.008224,-0.087464,0.159817,-0.10425,-1.121499
782,0.099857,-0.01844,0.306735,-0.510912,0.342718,-0.78839,-0.789421,-0.550083,0.272389,-0.339699,0.76111,0.552578,0.015888,-0.007,0.014075,-0.025243,0.088696,-0.138476,-1.907569,-0.20388,-0.014499,0.255662,-0.434838,0.785995,0.439453,-0.416273,-0.608073,0.675943,0.79904,0.110005,0.591014,-1e-06,-1e-05,-1.5e-05,-0.0,0.0,0.0,0.526539,0.020284,0.050605,-0.032262,0.346271,-0.765919,0.541723,0.384128,0.642578,0.662977,-0.855885,-0.021479,0.516718,5e-06,3.3e-05,5e-05,-2.1e-05,0.0,-7e-06,0.522569,0.051549,0.044881,-0.053493,0.556153,-0.346173,-0.75555,0.730815,0.636598,0.246274,0.395728,-0.689134,0.607035,0.007927,-0.003531,0.006988,-0.026657,0.090313,-0.138011,-1.122478
783,0.100616,-0.018458,0.307049,-0.552846,0.242335,-0.797296,-0.705107,-0.645928,0.292528,-0.443425,0.723599,0.528967,0.046624,0.000391,0.003607,4.201851,-3.002287,-3.809406,-1.907998,-0.203823,-0.014451,0.255638,-0.434659,0.785533,0.440455,-0.415948,-0.608775,0.675511,0.799306,0.109423,0.590762,1e-06,6e-06,9e-06,0.0,0.0,0.0,0.526654,0.020313,0.05063,-0.032273,0.346025,-0.765365,0.542661,0.383885,0.643256,0.66246,-0.856094,-0.020908,0.516395,2e-06,1.1e-05,1.5e-05,-2e-05,-5e-06,9e-06,0.522569,0.051911,0.04487,-0.05334,0.588052,-0.249811,-0.769277,0.642711,0.72174,0.256929,0.491034,-0.645511,0.584977,0.015909,0.001398,0.002658,0.935178,-1.51097,-1.457658,-1.123458
784,0.102548,-0.018458,0.307521,-0.571082,0.145185,-0.80798,-0.648444,-0.68334,0.335467,-0.502716,0.715327,0.485397,0.047768,-0.003402,0.020137,-0.683022,-1.332392,-0.666226,-1.907731,-0.20367,-0.014424,0.25565,-0.434541,0.785358,0.440883,-0.415801,-0.609047,0.675355,0.799446,0.109163,0.59062,0.015483,0.000102,-0.000704,0.002045,-0.015205,0.029245,0.526392,0.020383,0.050643,-0.032266,0.345877,-0.765135,0.543081,0.383759,0.643538,0.662259,-0.856211,-0.020648,0.516213,2.7e-05,0.000204,0.000301,-1e-06,-1e-05,9e-06,0.522732,0.052874,0.044864,-0.053119,0.599074,-0.146905,-0.787101,0.577279,0.760443,0.297446,0.554849,-0.632569,0.540367,0.023933,-0.001477,0.010296,-0.383925,-0.999154,-0.49143,-1.116763
785,0.10339,-0.018382,0.307864,-0.569506,0.123966,-0.812613,-0.643823,-0.681886,0.347124,-0.510376,0.720712,0.469166,0.033915,0.010952,0.014619,-0.325442,-0.577516,-0.442472,-1.908203,-0.203555,-0.014426,0.255641,-0.434451,0.785229,0.4412,-0.415677,-0.609246,0.675252,0.79956,0.10898,0.5905,0.01544,-0.000221,-0.00119,0.002045,-0.015205,0.029245,0.526339,0.020441,0.050643,-0.03227,0.345765,-0.764975,0.543377,0.383657,0.643734,0.662128,-0.856302,-0.020471,0.516069,-1e-06,-1e-05,-1.9e-05,-0.010515,0.119825,-0.158373,0.522569,0.053301,0.044899,-0.052942,0.595116,-0.123828,-0.794042,0.572383,0.758865,0.310645,0.564104,-0.639366,0.52249,0.017008,0.00571,0.007551,-0.315755,-0.743216,-0.321069,-1.117906
786,0.10448,-0.017865,0.308626,-0.575116,0.020644,-0.817839,-0.548723,-0.751201,0.366842,-0.606079,0.659715,0.444378,0.020133,0.017382,0.020883,4.56767,-3.219992,-3.220466,-1.907417,-0.203267,-0.014422,0.255593,-0.43235,0.78621,0.441519,-0.414701,-0.608052,0.676926,0.801202,0.108582,0.588343,-3.7e-05,-0.000286,-0.000427,-0.00022,0.000195,0.000162,0.526369,0.020591,0.050645,-0.032294,0.343537,-0.765862,0.54354,0.382447,0.642687,0.663842,-0.857738,-0.020179,0.513689,0.007697,-0.000294,-0.000878,0.007892,-0.018223,0.026658,0.522569,0.053851,0.045155,-0.052563,0.592794,-0.027862,-0.804871,0.475877,0.818386,0.322157,0.649719,-0.573992,0.498393,0.009851,0.003751,0.015226,1.478461,-1.299474,-1.399266,-1.116437
787,0.105565,-0.017844,0.310067,-0.549992,-0.099141,-0.829292,-0.424363,-0.822042,0.379651,-0.718674,0.560845,0.411082,0.034841,-0.001318,0.041925,-0.08276,-1.14117,-0.603471,-1.910373,-0.202966,-0.014426,0.25557,-0.432283,0.786337,0.441358,-0.414806,-0.607886,0.677011,0.801184,0.108593,0.588366,0.000414,-0.011722,0.007297,-0.036199,0.014512,-0.015828,0.526538,0.020741,0.050646,-0.03231,0.343523,-0.765987,0.543373,0.382597,0.642538,0.6639,-0.857677,-0.020172,0.513791,0.007739,2.8e-05,-0.000401,0.002045,-0.015377,0.029102,0.522569,0.054388,0.045168,-0.051855,0.55692,0.092783,-0.825366,0.340323,0.880996,0.328671,0.75764,-0.463935,0.459068,0.016998,-0.006402,0.024828,0.887913,-1.739268,-1.203104,-1.108762
788,0.106065,-0.017908,0.311092,-0.533331,-0.122929,-0.836954,-0.405958,-0.830827,0.380653,-0.741499,0.542931,0.394248,0.020624,-0.005157,0.057281,-0.014874,-0.822884,-0.483495,-1.910594,-0.202826,-0.014423,0.255566,-0.432218,0.786304,0.44148,-0.41477,-0.607946,0.67698,0.801237,0.108502,0.588311,0.015444,-0.000178,-0.001147,0.002045,-0.015205,0.029245,0.526232,0.020805,0.050644,-0.032307,0.343446,-0.765919,0.543518,0.38253,0.642623,0.663857,-0.857738,-0.020087,0.513693,2e-06,1.1e-05,1.1e-05,-7.7e-05,-9.3e-05,-0.000109,0.522569,0.054642,0.045135,-0.051352,0.537945,0.115195,-0.835071,0.321174,0.887894,0.329379,0.779398,-0.445391,0.44064,0.0104,-0.002191,0.029064,0.997321,-1.234522,-0.934977,-1.076267
789,0.106479,-0.017923,0.313301,-0.513568,-0.117516,-0.84999,-0.422668,-0.827428,0.369712,-0.746119,0.549278,0.376332,0.004856,-0.006584,0.054428,-0.077116,-0.139796,0.225603,-1.910091,-0.202561,-0.014441,0.255523,-0.431982,0.785931,0.442376,-0.414415,-0.608518,0.676683,0.801548,0.108,0.587979,-0.000143,-0.001112,-0.00166,-0.001535,0.017364,-0.022947,0.526176,0.020944,0.050637,-0.032326,0.343158,-0.765482,0.544315,0.382248,0.643157,0.663501,-0.857979,-0.019622,0.513309,0.007711,-0.000179,-0.000717,-0.008614,0.104561,-0.129175,0.522732,0.054858,0.045144,-0.050244,0.51914,0.108707,-0.847747,0.337661,0.885104,0.320273,0.78516,-0.452518,0.422787,0.002575,-0.002696,0.027876,0.254748,-1.598705,2.505844,-1.012747
790,0.106577,-0.018342,0.31513,-0.475386,-0.103307,-0.873717,-0.442219,-0.830463,0.338742,-0.759998,0.547532,0.350197,0.002338,-0.02439,0.055015,0.015803,-2.157748,2.603521,-1.910428,-0.202316,-0.014475,0.255533,-0.436457,0.783161,0.442894,-0.410524,-0.611261,0.676583,0.801131,0.112496,0.587704,2.9e-05,0.000226,0.000337,-0.010613,0.119815,-0.158379,0.526271,0.021066,0.050617,-0.032326,0.347754,-0.762957,0.544943,0.378577,0.645995,0.662849,-0.857756,-0.024205,0.513485,1.9e-05,0.000154,0.000227,-0.000333,0.000146,0.000281,0.522732,0.054911,0.044948,-0.049307,0.485484,0.089088,-0.869694,0.356908,0.887922,0.29019,0.798073,-0.451284,0.399276,0.001348,-0.007246,0.022726,-0.397588,-0.732525,0.020652,-1.020422
791,0.106686,-0.019035,0.317112,-0.425188,-0.126771,-0.896209,-0.423545,-0.847183,0.32072,-0.799388,0.516105,0.307638,0.003391,-0.011992,0.048044,-0.423493,-1.09916,0.090584,-1.911066,-0.202209,-0.014552,0.255579,-0.438276,0.78184,0.44343,-0.41102,-0.612951,0.67475,0.799885,0.112486,0.589402,-2.7e-05,-0.000209,-0.000312,0.001115,-0.000991,-0.000825,0.526449,0.02112,0.05058,-0.032301,0.349641,-0.761568,0.545677,0.379355,0.647638,0.660798,-0.856645,-0.024036,0.515346,-1.8e-05,-0.000146,-0.00022,-0.011238,0.005322,0.004582,0.522732,0.054963,0.044589,-0.048323,0.432121,0.104479,-0.895742,0.338151,0.902023,0.268342,0.836016,-0.418853,0.354453,0.001617,-0.006196,0.023807,-0.378913,-1.351587,0.176796,-1.02777
792,0.106779,-0.019256,0.318078,-0.402437,-0.137593,-0.905074,-0.423092,-0.848771,0.317101,-0.811337,0.510709,0.284493,0.003828,-0.010278,0.049815,-0.447924,-1.393738,0.356438,-1.911357,-0.202197,-0.014552,0.255578,-0.438254,0.78179,0.443542,-0.410972,-0.613026,0.674711,0.799922,0.112428,0.589362,-0.0,-3e-06,-5e-06,1.6e-05,-1.4e-05,-1.2e-05,0.526269,0.021126,0.050579,-0.032302,0.349548,-0.761538,0.545779,0.379246,0.647675,0.660824,-0.856731,-0.024005,0.515204,-1e-06,-3e-06,-6e-06,-0.0017,0.001081,0.000917,0.522732,0.055008,0.044474,-0.047844,0.409007,0.112791,-0.905532,0.337565,0.903237,0.264975,0.847798,-0.414053,0.331356,0.001882,-0.005151,0.024897,-0.142781,-0.854685,0.425209,-1.028423
793,0.10672,-0.01905,0.319824,-0.362025,-0.135542,-0.922286,-0.439831,-0.847484,0.297138,-0.821454,0.513387,0.248346,-0.023003,0.020311,0.040599,-0.135781,-0.80568,0.713322,-1.911395,-0.202198,-0.014543,0.255573,-0.438188,0.781608,0.443927,-0.410824,-0.613296,0.674556,0.800033,0.112224,0.589249,-0.0,-0.0,-0.0,0.0,-0.0,-0.0,0.526163,0.021125,0.050584,-0.032305,0.34944,-0.76133,0.546139,0.379123,0.647927,0.660648,-0.856829,-0.023802,0.515049,-1e-06,-0.0,-3e-06,3.7e-05,0.000164,6.8e-05,0.522732,0.05498,0.04457,-0.046956,0.367632,0.10712,-0.923781,0.35537,0.901775,0.245993,0.859394,-0.418718,0.293454,-0.011497,0.010279,0.02043,-0.133415,-0.790474,0.717114,-1.032179
794,0.105842,-0.018026,0.321256,-0.312256,-0.106747,-0.944006,-0.456237,-0.854728,0.247508,-0.832906,0.508105,0.21937,-0.022005,0.031845,0.032442,0.018426,-0.470223,0.790027,-1.911677,-0.202206,-0.014532,0.255609,-0.438036,0.781186,0.444817,-0.410411,-0.613909,0.674249,0.800329,0.111806,0.588928,0.000104,0.000812,0.001212,0.0,-0.0,-0.0,0.526148,0.021121,0.050588,-0.032289,0.349225,-0.760829,0.546974,0.378779,0.64853,0.660254,-0.857069,-0.023395,0.514668,6.7e-05,0.000527,0.000787,-0.010555,0.119866,-0.158335,0.522732,0.054542,0.045086,-0.046236,0.321186,0.072155,-0.944262,0.372128,0.907271,0.195906,0.870838,-0.414309,0.264551,-0.011024,0.015935,0.016246,0.016376,-0.455212,0.779019,-1.030383
795,0.10558,-0.017308,0.321729,-0.287616,-0.105289,-0.951964,-0.44689,-0.864351,0.230561,-0.846756,0.491863,0.202736,-0.007408,0.037653,0.019144,0.318099,-1.268868,0.467067,-1.910856,-0.202203,-0.014503,0.255652,-0.437987,0.781052,0.445101,-0.410286,-0.614105,0.674146,0.800419,0.111667,0.588831,0.000178,0.001397,0.002084,-0.010623,0.119778,-0.158407,0.524676,0.021123,0.050602,-0.032268,0.349186,-0.760745,0.547115,0.378726,0.648631,0.660185,-0.857108,-0.023321,0.514607,0.000113,0.000895,0.001335,5.2e-05,6.9e-05,4.2e-05,0.522732,0.054415,0.045437,-0.046001,0.299406,0.066002,-0.951839,0.362255,0.915041,0.177399,0.882681,-0.397922,0.250059,-0.003742,0.018785,0.00953,1.590876,-0.982898,0.316593,-1.026137
796,0.105565,-0.015835,0.32228,-0.236762,-0.113785,-0.964906,-0.441678,-0.871958,0.211146,-0.865094,0.476305,0.157393,-0.006537,0.048982,0.010889,-0.144568,-1.237327,0.313302,-1.912448,-0.202203,-0.014433,0.255795,-0.44254,0.778271,0.445469,-0.406437,-0.616772,0.674044,0.799884,0.116258,0.58867,0.000332,0.002605,0.003881,-0.066471,-0.100578,-0.087839,0.520891,0.021123,0.050636,-0.032198,0.35369,-0.758146,0.54783,0.375105,0.651494,0.659432,-0.856854,-0.027741,0.514811,0.000198,0.001578,0.002352,-0.218796,-0.356692,-0.275856,0.521262,0.054403,0.046182,-0.045723,0.246145,0.070811,-0.966642,0.35677,0.920684,0.158292,0.901181,-0.383831,0.201358,-0.003265,0.024543,0.005504,-0.170265,-1.317285,0.265934,-0.997398
797,0.105313,-0.014196,0.322982,-0.182245,-0.111111,-0.976978,-0.450931,-0.873496,0.183404,-0.873545,0.474108,0.110305,-0.006956,0.038873,0.01989,-0.110186,-1.198031,0.538805,-1.912497,-0.202203,-0.014376,0.255935,-0.44702,0.775322,0.446138,-0.402416,-0.619616,0.673848,0.799431,0.120717,0.588387,0.000202,0.001584,0.002357,-0.221903,-0.335163,-0.292656,0.521134,0.021123,0.050668,-0.032123,0.357951,-0.755525,0.548682,0.371502,0.654341,0.658652,-0.856654,-0.031929,0.514901,0.000124,0.00094,0.001394,-0.73237,-1.132177,-0.998019,0.520119,0.054279,0.046988,-0.045378,0.193576,0.061842,-0.979134,0.366302,0.921283,0.130607,0.910137,-0.383942,0.155686,-0.003064,0.025131,0.005977,0.068165,-0.501845,0.72723,-0.997398
798,0.10521,-0.012451,0.32364,-0.123699,-0.10182,-0.987105,-0.447632,-0.882032,0.147023,-0.885482,0.460169,0.064758,-0.006059,0.042001,0.022808,-0.082893,-1.207457,0.621467,-1.913205,-0.202213,-0.014375,0.255956,-0.451387,0.772098,0.447332,-0.398179,-0.622802,0.673428,0.799104,0.124888,0.587961,-4.6e-05,-0.000365,-0.000544,-0.000541,-0.000814,-0.000711,0.519156,0.021118,0.05067,-0.032109,0.362791,-0.752206,0.550061,0.367186,0.657912,0.657514,-0.856478,-0.036566,0.514884,-3.9e-05,-0.000304,-0.000449,-0.0135,0.117641,-0.15978,0.518976,0.054227,0.047855,-0.045055,0.136414,0.046784,-0.989546,0.363055,0.927026,0.093877,0.921727,-0.372066,0.109474,0.004136,0.019764,0.010481,-0.139952,-1.927874,1.199786,-0.99103
799,0.105148,-0.011674,0.324147,-0.096948,-0.099002,-0.990376,-0.450464,-0.882921,0.132303,-0.887409,0.459074,0.042234,-0.005707,0.043205,0.023854,-0.082108,-1.184768,0.398456,-1.913284,-0.202214,-0.01438,0.255949,-0.451335,0.771963,0.447616,-0.39805,-0.622996,0.673324,0.799198,0.124751,0.587862,-6e-06,-4.3e-05,-6.4e-05,-0.0,-0.0,-0.0,0.515501,0.021117,0.050666,-0.032116,0.362711,-0.752052,0.550325,0.367076,0.658095,0.657392,-0.85656,-0.036432,0.514758,-7e-06,-5.1e-05,-7.4e-05,-1.1e-05,0.000247,0.000272,0.516364,0.054196,0.048244,-0.044802,0.110184,0.040856,-0.993071,0.366131,0.927223,0.078771,0.924017,-0.372273,0.087206,-0.00306,0.016788,0.016807,-0.135433,-1.449805,0.69707,-0.984008
