frame,MLTx,MLTy,MLTz,MLTR1,MLTR2,MLTR3,MLTR4,MLTR5,MLTR6,MLTR7,MLTR8,MLTR9,MLTTVx,MLTTVy,MLTTVz,MLTRVx,MLTRVy,MLTRVz,MLGA,MRTx,MRTy,MRTz,MRTR1,MRTR2,MRTR3,MRTR4,MRTR5,MRTR6,MRTR7,MRTR8,MRTR9,MRTTVx,MRTTVy,MRTTVz,MRTRVx,MRTRVy,MRTRVz,MRGA,SLTx,SLTy,SLTz,SLTR1,SLTR2,SLTR3,SLTR4,SLTR5,SLTR6,SLTR7,SLTR8,SLTR9,SLTTVx,SLTTVy,SLTTVz,SLTRVx,SLTRVy,SLTRVz,SLGA,SRTx,SRTy,SRTz,SRTR1,SRTR2,SRTR3,SRTR4,SRTR5,SRTR6,SRTR7,SRTR8,SRTR9,SRTTVx,SRTTVy,SRTTVz,SRTRVx,SRTRVy,SRTRVz,SRGA
166,0.063001,0.007949,0.362808,-0.199448,0.507302,-0.838398,-0.830637,-0.541389,-0.130048,-0.519633,0.669834,0.530407,0.011302,-0.008382,-0.006143,0.000397,-0.001088,0.004165,0.377246,-0.142639,0.016664,0.342671,0.622399,0.689573,0.370271,-0.740701,0.671762,-0.005679,-0.253417,-0.271601,0.928373,0.000618,-0.003666,0.013896,-0.024109,-0.01721,-0.002007,0.053716,0.022221,0.026329,-0.011,-0.574489,-0.73134,0.367563,0.763801,-0.640418,-0.080446,0.294228,0.23453,0.926512,0.000308,-0.001909,0.006888,-0.04886,0.019925,-0.01563,-0.111652,0.06898,0.028722,-0.060271,-0.220394,0.535867,-0.815028,-0.759066,-0.618977,-0.201706,-0.612572,0.574206,0.543178,-0.000691,-0.001763,-0.001423,2e-06,1.5e-05,-1.2e-05,0.318561
167,0.063228,0.007911,0.362593,-0.199613,0.507192,-0.838425,-0.8304,-0.541745,-0.130081,-0.519948,0.66963,0.530356,-0.000293,-0.000743,-0.000602,-0.0,-0.0,-0.0,0.376878,-0.142654,0.016505,0.343216,0.621865,0.691048,0.368412,-0.741455,0.670921,-0.00662,-0.252516,-0.269923,0.929107,0.000778,-0.005416,0.012541,-0.035181,0.007051,-0.020216,0.067445,0.022213,0.026254,-0.010724,-0.574028,-0.732626,0.365717,0.764465,-0.639526,-0.081235,0.293401,0.232947,0.927173,0.000342,-0.002281,0.006599,-0.04482,0.003665,0.010428,-0.095813,0.069099,0.028703,-0.060378,-0.220542,0.535743,-0.81507,-0.758789,-0.619302,-0.201751,-0.612862,0.573972,0.543098,0.006557,-0.001911,-0.001231,0.000991,-0.014711,0.029563,0.318724
168,0.063381,0.007949,0.362539,-0.199675,0.507144,-0.838439,-0.830291,-0.541904,-0.130109,-0.520097,0.669537,0.530327,0.000607,0.00154,0.001247,-0.004025,0.094139,-0.175159,0.376879,-0.142643,0.016427,0.343432,0.621727,0.691149,0.368456,-0.741709,0.670644,-0.006135,-0.252109,-0.270352,0.929093,0.000827,-0.005947,0.012131,-0.034487,-0.006488,0.005291,0.06241,0.022219,0.026215,-0.010616,-0.57388,-0.732677,0.365847,0.764743,-0.639267,-0.08065,0.292965,0.233495,0.927173,-0.000201,0.002103,0.001617,-0.001598,0.001666,0.001179,-0.09271,0.069175,0.028721,-0.060405,-0.220455,0.535731,-0.815101,-0.758689,-0.619378,-0.201892,-0.613016,0.573901,0.542999,0.007066,-0.000617,-0.000184,0.001574,-0.028343,0.054947,0.318724
169,0.063724,0.007996,0.3625,-0.199303,0.50718,-0.838506,-0.830255,-0.541871,-0.130477,-0.520297,0.669537,0.53013,0.01404,-0.001434,-0.000528,0.000984,-0.014715,0.029553,0.376845,-0.142629,0.016329,0.343683,0.620486,0.691135,0.370569,-0.741984,0.670327,-0.007505,-0.254354,-0.271178,0.92824,-0.000161,0.001768,0.001358,0.0,0.0,-0.0,0.023619,0.022226,0.026166,-0.010485,-0.572522,-0.732699,0.367927,0.764924,-0.638879,-0.082,0.295143,0.234489,0.926231,-9e-05,0.000922,0.000708,-0.002831,-0.003369,0.001117,-0.112795,0.069344,0.028752,-0.06042,-0.220254,0.535762,-0.815135,-0.758611,-0.619396,-0.202129,-0.613185,0.573851,0.54286,0.00715,-0.00039,-5e-06,0.000983,-0.014711,0.029549,0.318724
170,0.063955,0.007993,0.36252,-0.199207,0.507216,-0.838507,-0.830284,-0.541808,-0.130551,-0.520288,0.66956,0.53011,0.000203,0.000516,0.000417,0.0,0.0,0.0,0.375147,-0.142671,0.016359,0.343721,0.618935,0.692386,0.370828,-0.742286,0.669933,-0.011625,-0.257241,-0.268946,0.928094,-0.013255,-0.000771,0.000671,0.021313,-0.008968,-0.045598,-0.056417,0.022204,0.026179,-0.010467,-0.570912,-0.73402,0.367795,0.764971,-0.63825,-0.086345,0.298124,0.232057,0.925888,-0.006621,-0.000472,0.000269,-0.002954,0.012868,-0.03381,-0.184479,0.069466,0.028754,-0.060406,-0.220138,0.535817,-0.815131,-0.758649,-0.619321,-0.202219,-0.61318,0.573882,0.542833,0.000105,0.000269,0.000211,-1e-06,-6e-06,-1.6e-05,0.317744
171,0.064023,0.007959,0.362522,-0.199509,0.507184,-0.838454,-0.830261,-0.541904,-0.130303,-0.520209,0.669507,0.530255,-0.000193,-0.000493,-0.000399,0.0,0.0,0.0,0.374167,-0.142732,0.016368,0.343722,0.61787,0.692243,0.372865,-0.742224,0.669965,-0.013589,-0.259974,-0.269233,0.927249,-0.0,3e-06,2e-06,0.013315,-0.102067,0.170163,-0.138818,0.022174,0.026182,-0.010468,-0.569633,-0.733883,0.370044,0.764887,-0.638112,-0.088083,0.300772,0.232867,0.924828,-0.006596,-0.000736,6.7e-05,-0.003022,0.015871,-0.02853,-0.26041,0.069501,0.028738,-0.060405,-0.220437,0.535749,-0.815095,-0.758624,-0.61943,-0.201976,-0.613103,0.573828,0.542978,-0.000142,-0.000359,-0.000292,-4e-06,-5e-06,-9e-06,0.316765
172,0.064003,0.007926,0.362521,-0.199777,0.507153,-0.838409,-0.830243,-0.541984,-0.130078,-0.520134,0.669465,0.530381,-0.000498,-0.00127,-0.001028,0.0,0.0,0.0,0.374003,-0.142812,0.016369,0.343705,0.617495,0.692459,0.373085,-0.742478,0.66968,-0.013765,-0.26014,-0.269388,0.927158,4e-05,-0.000446,-0.000343,0.0,-0.0,-0.0,-0.183108,0.022134,0.026183,-0.010476,-0.569364,-0.734024,0.370177,0.765042,-0.637909,-0.08821,0.300888,0.232978,0.924763,2.8e-05,-0.000324,-0.000246,-8.1e-05,7.4e-05,0.000254,-0.301885,0.069491,0.028722,-0.060405,-0.220701,0.535686,-0.815065,-0.758608,-0.619523,-0.201755,-0.613029,0.573787,0.543105,-0.000285,-0.00072,-0.000584,-9e-06,-2.1e-05,-3e-05,0.316438
173,0.063925,0.007862,0.362545,-0.20013,0.507131,-0.838339,-0.830267,-0.542027,-0.129745,-0.51996,0.669447,0.530574,-0.000145,-0.000369,-0.000299,0.0,0.0,0.0,0.37479,-0.143048,0.016399,0.343575,0.614639,0.692565,0.377576,-0.742746,0.669276,-0.018226,-0.266082,-0.270122,0.925256,-0.012939,-0.004275,-0.002022,0.000158,0.035056,-0.055486,-0.324193,0.022021,0.026202,-0.010538,-0.566268,-0.73421,0.374533,0.765013,-0.637308,-0.092691,0.306748,0.234035,0.922568,9e-05,-0.000974,-0.000745,0.009413,0.011773,-0.003874,-0.41227,0.069451,0.028686,-0.060396,-0.221052,0.535621,-0.815012,-0.75864,-0.619589,-0.201427,-0.612862,0.573776,0.543306,-0.000718,-0.00546,0.004281,-0.034006,0.019726,-0.015053,0.316438
174,0.06387,0.007789,0.362589,-0.19742,0.50831,-0.838267,-0.833523,-0.537082,-0.129437,-0.515774,0.672528,0.530764,-0.000146,-0.000371,-0.0003,-0.001013,-0.000156,0.000642,0.377829,-0.143336,0.016617,0.343241,0.611282,0.692142,0.383751,-0.742246,0.669608,-0.025088,-0.275079,-0.270382,0.922544,-0.001027,0.008193,-0.010401,0.03644,-0.008404,0.019305,-0.495557,0.021872,0.026303,-0.010704,-0.562537,-0.733987,0.380544,0.764185,-0.637274,-0.09951,0.31555,0.234828,0.919392,-0.007076,0.003048,-0.005372,0.02972,0.001331,-0.008417,-0.574907,0.069423,0.02865,-0.060374,-0.218487,0.537091,-0.814736,-0.762451,-0.615039,-0.200981,-0.60904,0.577285,0.543884,-7.1e-05,-0.000177,-0.000141,-0.000656,-0.000933,0.000507,0.317908
175,0.063869,0.007764,0.362621,-0.194627,0.511914,-0.836726,-0.836616,-0.531898,-0.13088,-0.511818,0.673907,0.53284,0.000512,0.001303,0.001055,-1.371388,-0.178582,0.936383,0.379304,-0.143491,0.016813,0.342942,0.609105,0.691793,0.387821,-0.741739,0.669975,-0.02984,-0.281223,-0.270365,0.920695,-0.015281,0.015365,-0.020321,0.069019,0.013324,-0.01533,-0.559353,0.0218,0.026402,-0.010848,-0.560165,-0.733739,0.3845,0.763419,-0.637438,-0.10422,0.321566,0.235155,0.917221,-0.000409,0.002994,-0.006042,0.030969,-0.014807,0.021005,-0.652797,0.069421,0.028634,-0.060361,-0.217074,0.540668,-0.812746,-0.764954,-0.611441,-0.202444,-0.606402,0.577768,0.546314,-3.9e-05,-7.4e-05,-4.4e-05,-4.606261,-0.689798,2.966112,0.319377
176,0.063856,0.007717,0.362686,-0.194745,0.511947,-0.836678,-0.836706,-0.531799,-0.130709,-0.511626,0.67396,0.532957,-0.000754,-0.00919,0.009966,-0.033412,0.006118,0.010356,0.395699,-0.143806,0.0173,0.342088,0.611704,0.685045,0.395629,-0.736256,0.67591,-0.031706,-0.289882,-0.272761,0.917296,-0.001726,0.012703,-0.023626,2.059121,0.027687,5.223628,-0.660282,0.021637,0.026648,-0.011273,-0.558236,-0.731339,0.39181,0.761972,-0.638764,-0.106664,0.328282,0.239005,0.913841,-0.007431,0.005465,-0.011863,-0.244365,0.330415,0.19472,-0.716317,0.069416,0.028615,-0.06033,-0.216302,0.540889,-0.812804,-0.766128,-0.610082,-0.202105,-0.605194,0.578997,0.546352,-1e-06,2e-06,2e-06,-9.1e-05,-0.001393,-0.000987,0.330481
177,0.063864,0.007699,0.362698,-0.19172,0.513104,-0.836668,-0.839866,-0.526801,-0.130682,-0.507581,0.676995,0.532979,0.0,0.0,0.0,0.0,0.0,0.0,0.413609,-0.144293,0.018046,0.340821,0.620524,0.670417,0.406795,-0.72557,0.687604,-0.026139,-0.298001,-0.27979,0.912565,-0.015957,0.019732,-0.033641,-0.081433,0.196996,0.136732,-0.781664,0.021399,0.027017,-0.011903,-0.5713,-0.713675,0.405319,0.748203,-0.655857,-0.100218,0.337355,0.246007,0.908664,-0.008565,0.015033,-0.02117,-0.072139,0.229195,0.151254,-0.709459,0.06942,0.028606,-0.060319,-0.213414,0.542365,-0.812584,-0.769848,-0.605443,-0.201918,-0.601487,0.582475,0.546749,0.006624,-0.001729,-0.001082,0.001278,-0.01485,0.029371,0.354485
178,0.063892,0.007701,0.362663,-0.185549,0.515332,-0.83669,-0.846018,-0.516839,-0.130776,-0.499604,0.682948,0.532922,-3.5e-05,-8.9e-05,-7.2e-05,-0.0,-0.0,0.0,0.424498,-0.144888,0.019018,0.33926,0.632222,0.648795,0.4235,-0.709757,0.704146,-0.018909,-0.311252,-0.289452,0.905098,-0.016981,0.028097,-0.043858,-0.063804,0.241296,0.198859,-0.913264,0.021101,0.0275,-0.01268,-0.582816,-0.693298,0.423865,0.733445,-0.673368,-0.09291,0.349832,0.256733,0.900946,-0.008476,0.014146,-0.021842,-0.042943,0.246954,0.339397,-0.734605,0.069434,0.028607,-0.060337,-0.207516,0.545257,-0.812176,-0.777079,-0.596203,-0.201714,-0.594208,0.589267,0.54743,0.00062,0.005208,-0.004487,0.034591,-0.020038,0.014732,0.373263
179,0.06392,0.007695,0.362646,-0.179365,0.517497,-0.836702,-0.852077,-0.506773,-0.130839,-0.491512,0.688822,0.532887,-3.3e-05,-8.4e-05,-6.8e-05,-0.416165,-0.065078,0.265051,0.429402,-0.145191,0.019588,0.338383,0.640759,0.635446,0.430845,-0.699685,0.714293,-0.012651,-0.316578,-0.294158,0.901728,-0.016977,0.028141,-0.043804,-0.125904,0.270221,0.215845,-0.986677,0.02095,0.027782,-0.013121,-0.591459,-0.680743,0.432162,0.724097,-0.684216,-0.086776,0.354765,0.261603,0.89761,-0.009044,0.018993,-0.026425,-0.143521,0.327691,0.247577,-0.737871,0.069448,0.028603,-0.060345,-0.20168,0.548055,-0.811763,-0.784137,-0.586973,-0.201473,-0.586902,0.595901,0.548131,-9e-06,-3e-05,-2.4e-05,-0.420967,-0.063353,0.266752,0.381428
180,0.063998,0.007693,0.362595,-0.176225,0.518537,-0.836725,-0.855021,-0.501763,-0.130939,-0.487524,0.691697,0.532826,-0.000165,-0.000422,-0.000341,-0.0,-0.0,0.0,0.436169,-0.145868,0.020745,0.336572,0.659756,0.603471,0.447813,-0.675372,0.737431,0.001513,-0.330131,-0.304206,0.893496,-0.016891,0.027296,-0.044429,-0.441108,0.608457,0.424411,-1.172719,0.020611,0.02836,-0.014026,-0.610508,-0.651527,0.450323,0.701551,-0.708734,-0.074296,0.367565,0.270567,0.889768,-0.009058,0.019336,-0.026122,-0.04056,0.30495,0.033662,-0.751098,0.069487,0.028603,-0.06037,-0.198593,0.549462,-0.811573,-0.787704,-0.582197,-0.201414,-0.583165,0.599281,0.548434,-0.000102,-0.000266,-0.000216,0.000733,-0.000141,-0.000424,0.392532
181,0.064134,0.007659,0.362549,-0.172966,0.519588,-0.836753,-0.857978,-0.496646,-0.131106,-0.483485,0.694591,0.53274,-0.00012,-0.000308,-0.000249,0.0,0.0,0.0,0.440119,-0.146513,0.021981,0.334734,0.673041,0.576518,0.463286,-0.655531,0.755013,0.013027,-0.343106,-0.3132,0.885465,-0.016928,0.02796,-0.043865,0.095127,0.39326,0.465494,-1.388784,0.020289,0.028976,-0.014947,-0.62393,-0.624784,0.469418,0.683202,-0.727718,-0.060494,0.379401,0.282963,0.8809,-0.008451,0.01416,-0.021781,0.622953,0.42569,1.551366,-0.764814,0.069555,0.028586,-0.060393,-0.195476,0.550858,-0.811383,-0.791196,-0.57744,-0.201419,-0.57948,0.602591,0.548713,-5.9e-05,-0.000154,-0.000129,0.00057,0.000113,-0.00038,0.400206
182,0.064215,0.007647,0.362529,-0.172901,0.519594,-0.836763,-0.857974,-0.496636,-0.131169,-0.483515,0.694594,0.532709,-2e-06,-4e-06,-4e-06,0.0,0.0,0.0,0.440489,-0.146784,0.022549,0.333879,0.677729,0.562911,0.473082,-0.64572,0.763342,0.017004,-0.352387,-0.317719,0.880194,-0.017005,0.029007,-0.043017,-0.094032,0.35425,0.076872,-1.404075,0.020153,0.029258,-0.015376,-0.628816,-0.611581,0.480164,0.673581,-0.736947,-0.056533,0.388431,0.287881,0.875354,-0.008434,0.014005,-0.02189,-0.056197,0.281061,0.331304,-0.763998,0.069595,0.028579,-0.060403,-0.195418,0.550869,-0.81139,-0.791184,-0.577436,-0.201481,-0.579516,0.602586,0.54868,5e-06,1.3e-05,6e-06,0.000467,0.000103,-0.000311,0.402492
183,0.064376,0.007612,0.362508,-0.172033,0.520713,-0.836247,-0.861321,-0.491417,-0.128867,-0.477843,0.697459,0.534083,0.0,1e-06,0.0,-0.0,0.0,-0.0,0.440532,-0.147234,0.023396,0.332401,0.681549,0.5256,0.509143,-0.618764,0.785333,0.017798,-0.391331,-0.327838,0.859793,-0.014507,0.006632,-0.027131,-0.350723,0.614458,0.1605,-1.405735,0.019929,0.029684,-0.016107,-0.631929,-0.577233,0.517171,0.647604,-0.759856,-0.056798,0.425762,0.29903,0.853994,-0.007852,0.008896,-0.017535,-0.067026,1.002139,0.407615,-0.781143,0.069676,0.028562,-0.060413,-0.194707,0.552041,-0.810764,-0.795184,-0.572772,-0.199029,-0.574256,0.605955,0.550498,3e-06,1e-06,-6e-06,0.001002,-0.000451,0.000313,0.404125
184,0.064524,0.007575,0.362472,-0.171059,0.521842,-0.835742,-0.864632,-0.486152,-0.126647,-0.472183,0.700296,0.535403,-5e-06,-1.2e-05,-1e-05,-0.0,0.0,-0.0,0.443595,-0.147752,0.023566,0.331306,0.681768,0.47277,0.558276,-0.579669,0.814608,0.018256,-0.446983,-0.336664,0.82869,-0.014309,0.003842,-0.029413,-0.013405,1.705202,-0.436544,-1.406375,0.019674,0.029784,-0.016655,-0.633554,-0.526813,0.566636,0.609551,-0.790918,-0.053795,0.476503,0.311312,0.822209,-0.007152,0.001966,-0.014668,0.297945,1.205574,1.566977,-0.761712,0.069745,0.028545,-0.060431,-0.193923,0.553229,-0.810142,-0.799148,-0.568066,-0.196629,-0.568995,0.609293,0.552273,1e-06,-1e-06,-3e-06,0.002021,-0.001356,0.001545,0.406248
185,0.064692,0.007596,0.362405,-0.17053,0.521858,-0.83584,-0.864619,-0.486049,-0.127128,-0.472398,0.700354,0.535137,0.013288,-0.003351,-0.002088,0.000984,-0.014715,0.029553,0.446545,-0.148287,0.023245,0.330505,0.674552,0.411304,0.613025,-0.525164,0.850932,0.007134,-0.519537,-0.327277,0.789199,-0.025083,-0.019847,-0.013446,0.591274,1.142324,0.691076,-1.407285,0.019405,0.029627,-0.017072,-0.622986,-0.467715,0.627,0.556873,-0.828095,-0.064416,0.549345,0.309029,0.77635,-0.006552,-0.003523,-0.010671,3.030452,1.35774,3.809663,-0.75469,0.069829,0.028555,-0.060464,-0.193384,0.553308,-0.810217,-0.799112,-0.567945,-0.197123,-0.569229,0.609334,0.551986,1.7e-05,4.2e-05,2.9e-05,0.000307,3.7e-05,-0.000159,0.41131
186,0.06475,0.007629,0.362368,-0.167504,0.522824,-0.835849,-0.86741,-0.48105,-0.127131,-0.468352,0.703077,0.535122,1.7e-05,4.4e-05,3.6e-05,-0.0,-0.0,0.0,0.448242,-0.148525,0.023045,0.330204,0.665618,0.38263,0.640732,-0.497631,0.86735,-0.000823,-0.55687,-0.318791,0.766897,-0.013426,-0.003484,-0.018493,4.541167,3.220603,2.418621,-1.407561,0.019283,0.029515,-0.017226,-0.614065,-0.442604,0.653471,0.533157,-0.84311,-0.070044,0.58195,0.305392,0.753702,-0.006058,-0.007671,-0.005553,-0.532225,1.343275,-0.472327,-0.752567,0.069863,0.028571,-0.060483,-0.190455,0.554607,-0.810022,-0.802453,-0.563264,-0.196981,-0.565504,0.612489,0.552322,6e-06,1.4e-05,8e-06,0.00052,-0.000321,-0.000233,0.413106
187,0.064794,0.007739,0.362264,-0.160485,0.525774,-0.835375,-0.876034,-0.465762,-0.124911,-0.45457,0.711115,0.536385,0.001037,0.009939,-0.009357,0.033719,-0.01973,0.015255,0.462485,-0.14898,0.022709,0.329915,0.649003,0.332344,0.684349,-0.453577,0.891176,-0.002468,-0.61149,-0.309231,0.72823,-0.012825,-0.006655,-0.004116,-0.452661,1.339597,-0.46722,-1.407291,0.019056,0.029341,-0.017381,-0.597482,-0.390742,0.700239,0.484864,-0.871567,-0.072633,0.638686,0.296124,0.710203,-0.006458,-0.002646,-0.001502,-0.355487,1.524041,-0.02779,-0.75518,0.069885,0.028623,-0.060531,-0.183838,0.558284,-0.809024,-0.812848,-0.549135,-0.194236,-0.552703,0.621906,0.554752,-0.000152,-0.000395,-0.000323,0.001042,-0.002003,0.0014,0.42274
188,0.064803,0.007917,0.362107,-0.153912,0.527509,-0.835518,-0.881261,-0.455659,-0.125408,-0.446682,0.71635,0.536046,0.013251,-0.003429,-0.002153,0.000984,-0.014715,0.029554,0.488764,-0.149464,0.022649,0.329978,0.619998,0.276708,0.734184,-0.400982,0.916026,-0.006468,-0.675078,-0.290742,0.677939,-0.013516,0.00284,0.003575,-0.546274,1.56199,-0.25975,-1.407773,0.018815,0.029304,-0.017356,-0.567892,-0.336874,0.751008,0.433014,-0.898221,-0.075475,0.699998,0.282335,0.655964,-0.006762,0.001429,0.001802,-0.351093,1.663449,0.008862,-0.752567,0.069885,0.028715,-0.060614,-0.17748,0.560724,-0.808757,-0.819128,-0.539663,-0.194401,-0.545462,0.627974,0.555084,0.000636,0.005264,-0.004439,0.035037,-0.020185,0.014592,0.452296
189,0.06487,0.008046,0.361979,-0.150365,0.528322,-0.835651,-0.883785,-0.4506,-0.125919,-0.442891,0.718944,0.535719,0.01452,0.007112,-0.011019,0.034697,-0.034463,0.044798,0.501273,-0.149777,0.022719,0.330102,0.60428,0.251672,0.755975,-0.381857,0.924183,-0.002285,-0.69997,-0.28762,0.65359,-0.013693,0.005459,0.005688,-0.545009,1.626393,-0.24984,-1.407579,0.018652,0.029343,-0.017289,-0.551046,-0.312095,0.773914,0.414865,-0.907152,-0.070431,0.72404,0.28226,0.62936,-0.006881,0.003181,0.003215,-0.586395,1.689915,-0.200871,-0.75469,0.069918,0.028776,-0.060674,-0.174059,0.56193,-0.808663,-0.822191,-0.534873,-0.194707,-0.541945,0.630985,0.555114,0.000641,0.005271,-0.004436,0.034107,-0.020554,0.015242,0.469768
190,0.065261,0.008411,0.361533,-0.145845,0.526494,-0.837603,-0.88607,-0.446028,-0.12614,-0.439834,0.723122,0.532605,0.015784,0.017678,-0.019858,0.067194,-0.060416,0.056288,0.510034,-0.150457,0.023131,0.330408,0.582716,0.211348,0.784707,-0.34706,0.937793,0.005291,-0.735483,-0.2757,0.618804,-0.015209,0.021786,0.001886,2.743486,-0.648471,4.464704,-1.40723,0.018318,0.029544,-0.017134,-0.526384,-0.275976,0.804211,0.386084,-0.920301,-0.063109,0.757534,0.277273,0.590983,-0.006981,0.004825,0.004532,-0.387048,1.261139,-0.580566,-0.75616,0.070113,0.028955,-0.060894,-0.169295,0.560527,-0.810646,-0.824965,-0.530618,-0.194614,-0.539231,0.635808,0.552246,0.007269,0.003576,-0.005498,0.037875,-0.019122,0.054297,0.491812
191,0.065971,0.009029,0.360782,-0.144057,0.52112,-0.841265,-0.885415,-0.44747,-0.12563,-0.441738,0.726122,0.526917,0.01578,0.017749,-0.019789,0.050337,-0.119111,0.024693,0.510091,-0.151024,0.023432,0.330753,0.575877,0.170937,0.799461,-0.296883,0.954829,0.00984,-0.762366,-0.243238,0.599581,-0.013886,0.00918,0.00862,-1.533163,-0.707083,1.262152,-1.4073,0.018034,0.029706,-0.016959,-0.52251,-0.234591,0.819725,0.331543,-0.941645,-0.05815,0.785532,0.24139,0.569796,-0.006366,-0.000988,0.008296,0.033635,0.524182,-0.767245,-0.755833,0.070456,0.029254,-0.061257,-0.166899,0.555454,-0.814625,-0.824175,-0.532089,-0.19395,-0.541183,0.639024,0.546596,0.007902,0.008874,-0.009905,0.049694,-0.109665,0.032712,0.498017
192,0.066907,0.009865,0.359749,-0.143743,0.515754,-0.844619,-0.88482,-0.449166,-0.123755,-0.44303,0.728905,0.521967,0.016802,0.027803,-0.029004,0.099186,-0.087358,0.067337,0.495023,-0.151295,0.023715,0.331284,0.572643,0.143247,0.807188,-0.254967,0.96687,0.009439,-0.779789,-0.211403,0.589153,-0.001019,0.015306,0.012231,0.313921,0.293046,-0.081413,-1.406562,0.017894,0.029838,-0.016707,-0.520281,-0.20542,0.82892,0.291917,-0.954949,-0.053427,0.802553,0.214179,0.556808,-0.007001,0.006724,0.005947,4.007647,-0.194522,3.322628,-0.760895,0.070924,0.02967,-0.061769,-0.165892,0.550353,-0.818284,-0.823513,-0.533794,-0.192062,-0.542498,0.642007,0.541776,0.014969,0.012051,-0.015711,0.110402,-0.066103,0.124971,0.492302
193,0.067389,0.010345,0.359166,-0.142151,0.510452,-0.848103,-0.884384,-0.450275,-0.12284,-0.444414,0.731951,0.516499,0.01648,0.027026,-0.029615,0.082839,-0.145337,0.035681,0.482761,-0.151332,0.02388,0.331607,0.566334,0.132071,0.81352,-0.241412,0.97033,0.010672,-0.788661,-0.202616,0.580365,-0.001093,0.016428,0.013092,1.176839,0.562701,0.925688,-1.407146,0.017876,0.029923,-0.016537,-0.51463,-0.195617,0.834799,0.27887,-0.958877,-0.052777,0.810794,0.20564,0.548018,0.000123,0.002504,0.010365,4.217987,0.785115,3.263386,-0.764977,0.071177,0.02992,-0.062072,-0.163453,0.545361,-0.822109,-0.822941,-0.534964,-0.19126,-0.544105,0.645286,0.536241,0.014822,0.011711,-0.015978,0.089922,-0.106543,0.066616,0.482178
194,0.068106,0.011378,0.357958,-0.151335,0.503209,-0.850837,-0.885025,-0.452294,-0.110146,-0.440074,0.735717,0.51486,0.002612,0.028722,-0.028796,-0.040941,0.010012,-0.19481,0.465635,-0.151199,0.02438,0.332318,0.560598,0.116583,0.819835,-0.232795,0.972264,0.021064,-0.79532,-0.202821,0.571132,0.011833,0.02059,0.015069,-0.143896,0.397798,0.142077,-1.406141,0.017942,0.030181,-0.016176,-0.508968,-0.179065,0.841954,0.269413,-0.962118,-0.041759,0.817537,0.20558,0.53793,0.00589,0.010491,0.007691,-0.161433,0.445509,0.167554,-0.761548,0.071541,0.030438,-0.062675,-0.171505,0.537485,-0.825648,-0.823861,-0.537795,-0.178963,-0.540219,0.649527,0.535048,0.008092,0.01312,-0.015117,-0.36225,0.350895,-0.581273,0.453765
195,0.068308,0.012413,0.35685,-0.166254,0.493996,-0.853447,-0.880157,-0.464534,-0.097489,-0.444416,0.734344,0.513088,0.001147,0.017579,-0.020442,0.48364,-0.130246,-0.075667,0.471319,-0.150838,0.024963,0.332928,0.57143,0.096452,0.814958,-0.216002,0.975691,0.036121,-0.792358,-0.196807,0.577321,0.012104,0.015875,0.011264,-1.195692,-1.75614,1.887123,-1.405926,0.018112,0.030471,-0.01587,-0.518559,-0.160252,0.839889,0.253622,-0.9669,-0.027896,0.81656,0.198549,0.542039,0.006647,0.002175,0.009459,0.017224,-0.04688,0.063338,-0.762691,0.071641,0.030947,-0.063222,-0.184735,0.527132,-0.82946,-0.819197,-0.548855,-0.166354,-0.542944,0.64876,0.533218,0.001184,0.013962,-0.014664,4.82328,0.366306,-2.610069,0.447887
196,0.068285,0.012913,0.356316,-0.175546,0.486894,-0.855665,-0.874684,-0.47596,-0.091447,-0.451577,0.731777,0.510498,-0.012505,0.019672,-0.019329,-0.009432,-0.293311,-0.183344,0.475568,-0.150641,0.025149,0.333143,0.5752,0.093336,0.812666,-0.215919,0.97552,0.040927,-0.789651,-0.199141,0.580223,0.013517,0.001226,0.016445,-0.033441,-0.022403,0.036146,-1.406096,0.018214,0.030579,-0.015758,-0.524685,-0.15594,0.836892,0.253887,-0.967005,-0.021011,0.812555,0.201452,0.546964,0.006148,0.006299,0.004329,0.008045,-0.031861,0.04367,-0.763835,0.071635,0.031198,-0.063489,-0.193879,0.520165,-0.831768,-0.811673,-0.561255,-0.161798,-0.550996,0.643754,0.53102,0.000969,0.013407,-0.015147,-0.011391,-0.656758,-0.09855,0.451153
197,0.068158,0.013744,0.355357,-0.198482,0.475007,-0.857332,-0.863872,-0.497926,-0.075942,-0.462722,0.72496,0.510243,0.00013,0.014884,-0.022603,-1.345369,0.984088,-2.205606,0.480061,-0.150151,0.025471,0.333297,0.582956,0.083251,0.808222,-0.208177,0.976795,0.049682,-0.78604,-0.197332,0.585716,0.012929,0.003476,0.001498,0.01273,-0.127847,0.199757,-1.405594,0.018459,0.030746,-0.01567,-0.532953,-0.146154,0.833426,0.246838,-0.968981,-0.01208,0.80934,0.199283,0.552498,0.006475,0.00154,0.000587,-0.00488,-0.024251,0.037115,-0.767753,0.071568,0.031626,-0.063978,-0.212812,0.507001,-0.83526,-0.798719,-0.582662,-0.150173,-0.562812,0.63518,0.528949,-0.006455,0.009239,-0.010145,-0.056131,-0.586502,-0.108444,0.458664
198,0.067831,0.014332,0.354533,-0.23029,0.456961,-0.859184,-0.839646,-0.53956,-0.061976,-0.491623,0.706569,0.509013,-0.013427,0.017203,-0.021323,-0.045705,-0.570497,-0.127605,0.472625,-0.149616,0.02545,0.33323,0.594102,0.066437,0.801636,-0.198697,0.977778,0.066365,-0.780136,-0.198805,0.593066,0.026444,-0.001146,-0.00336,-0.006226,-0.01671,0.075165,-1.404919,0.018722,0.030733,-0.015704,-0.545003,-0.129181,0.828422,0.238315,-0.971172,0.005342,0.803851,0.200337,0.560078,0.006722,-0.001811,-0.002043,0.012532,-0.11995,0.173131,-0.770039,0.071409,0.031918,-0.064392,-0.245132,0.485458,-0.839189,-0.770859,-0.622544,-0.13496,-0.58795,0.613814,0.526825,-0.000747,0.001636,-0.007349,-0.068936,-0.497272,-0.322378,0.458501
199,0.067093,0.014777,0.354055,-0.268145,0.443006,-0.855505,-0.81713,-0.574922,-0.041656,-0.509977,0.687336,0.517223,-0.028048,0.002257,0.000583,0.090142,0.069663,-0.192709,0.435285,-0.148876,0.025212,0.332975,0.6047,0.042054,0.795337,-0.180465,0.979821,0.085544,-0.776428,-0.195324,0.599059,0.01392,-0.009691,-0.008864,-0.101148,0.094695,0.516731,-1.404368,0.019091,0.030623,-0.015825,-0.557531,-0.10658,0.823285,0.221551,-0.974857,0.023833,0.800046,0.195688,0.567126,0.013487,-0.003958,-0.004363,-0.221505,0.349463,0.751824,-0.774775,0.071043,0.032139,-0.064644,-0.280796,0.465434,-0.839359,-0.74549,-0.656575,-0.114686,-0.604481,0.593531,0.53134,-0.013445,0.006234,-0.004217,0.347831,0.19931,-0.496589,0.429925
200,0.066438,0.014972,0.354028,-0.292409,0.435124,-0.851593,-0.803313,-0.594867,-0.02818,-0.51849,0.675312,0.524546,-0.039308,0.017828,-0.004715,3.469471,1.758057,-5.150142,0.421051,-0.148571,0.025086,0.332759,0.608752,0.030575,0.792766,-0.176063,0.979498,0.097565,-0.774272,-0.19902,0.60063,0.012774,0.000685,-0.017443,-0.047932,0.029758,0.532558,-1.404408,0.019249,0.030548,-0.015936,-0.561501,-0.094134,0.822104,0.217782,-0.975292,0.037072,0.798302,0.199856,0.568129,0.007046,-0.005839,-0.005236,-0.120888,0.144191,0.539651,-0.777714,0.070705,0.032237,-0.064658,-0.302906,0.455604,-0.837061,-0.731125,-0.674492,-0.102548,-0.611313,0.580934,0.537411,-0.019607,0.009055,-0.002218,3.484099,1.758968,-5.124385,0.406738
201,0.064657,0.015331,0.354381,-0.321881,0.426818,-0.845142,-0.791206,-0.611481,-0.007537,-0.519612,0.665722,0.535579,-0.053983,0.002908,0.017143,-0.037771,0.07918,-0.132982,0.423742,-0.148092,0.025017,0.332105,0.610212,-0.000479,0.792232,-0.16481,0.977993,0.12768,-0.775603,-0.208489,0.59568,-0.001496,0.009807,-0.02578,-0.103885,0.211493,0.652052,-1.40488,0.019494,0.030505,-0.016264,-0.564196,-0.063258,0.823213,0.208248,-0.975726,0.067747,0.798946,0.209655,0.563675,0.006478,-0.000618,-0.009511,-0.210818,0.356819,0.738217,-0.778694,0.069835,0.032417,-0.064488,-0.332821,0.443076,-0.832413,-0.71697,-0.692284,-0.081824,-0.612521,0.569583,0.548079,-0.026258,0.006945,0.004395,-0.000186,0.052611,-0.108152,0.385347
202,0.062787,0.015591,0.354751,-0.341285,0.421951,-0.839957,-0.785005,-0.619418,0.007731,-0.516605,0.661482,0.54368,-0.053827,0.010685,0.006041,-0.009678,0.175585,-0.320595,0.436092,-0.148026,0.025328,0.330955,0.614229,-0.030356,0.788538,-0.152544,0.975788,0.156533,-0.774948,-0.216407,0.593706,-0.002442,0.017275,-0.036674,-0.000772,-0.041671,0.543901,-1.405087,0.019528,0.030657,-0.016823,-0.568711,-0.033043,0.821873,0.197748,-0.975379,0.097621,0.798412,0.218042,0.561243,-0.001213,0.008684,-0.018301,-0.346332,-0.43718,0.996474,-0.783103,0.068903,0.032551,-0.064293,-0.351559,0.435884,-0.828499,-0.71066,-0.700346,-0.066906,-0.6094,0.56526,0.555978,-0.020184,0.00402,0.002307,-0.013918,0.15159,-0.271203,0.394328
203,0.061917,0.015717,0.354852,-0.354371,0.413592,-0.838694,-0.775637,-0.630941,0.016523,-0.5219,0.65586,0.545431,-0.040833,0.006923,0.003609,-1.289443,1.611385,-2.465823,0.440411,-0.148091,0.025552,0.330266,0.613597,-0.044729,0.788346,-0.146434,0.974571,0.169416,-0.776627,-0.219347,0.590424,-0.002277,0.015128,-0.038408,-0.049604,0.15849,0.601815,-1.40483,0.019495,0.030768,-0.017163,-0.569361,-0.019415,0.821857,0.192351,-0.975116,0.110219,0.799267,0.22084,0.558928,-0.000467,0.001457,-0.015668,-0.199865,0.397705,0.733665,-0.783593,0.068479,0.032612,-0.064243,-0.36086,0.426954,-0.82915,-0.700482,-0.711034,-0.061271,-0.615714,0.558694,0.555657,-0.02043,0.003433,0.001811,-0.061228,-0.042885,-0.366831,0.401349
204,0.060494,0.015944,0.354915,-0.384956,0.396009,-0.833685,-0.752236,-0.657956,0.034747,-0.534297,0.640009,0.552216,-0.041217,0.006095,0.00288,-0.389516,0.549114,-0.874979,0.439253,-0.148225,0.02591,0.32879,0.609764,-0.075049,0.789016,-0.133758,0.971422,0.195915,-0.781916,-0.224914,0.581278,-0.001965,0.011048,-0.041758,-0.086214,0.224051,0.615995,-1.404974,0.019427,0.030954,-0.017913,-0.566314,0.011782,0.824105,0.180888,-0.973741,0.138224,0.804094,0.227349,0.549312,-0.000972,0.005651,-0.020772,-0.124108,0.288551,0.69604,-0.789634,0.067752,0.032728,-0.064211,-0.39151,0.404882,-0.82631,-0.67489,-0.736764,-0.04124,-0.625493,0.541524,0.561701,-0.01423,0.000818,-1.3e-05,-1.248058,1.716666,-2.402704,0.406738
205,0.059061,0.01591,0.354961,-0.410082,0.376434,-0.830768,-0.734577,-0.676178,0.05615,-0.540107,0.632818,0.554845,-0.042903,0.002199,-0.000389,-0.047565,0.13486,-0.527641,0.440851,-0.148458,0.026522,0.327067,0.600374,-0.107304,0.792482,-0.121603,0.967119,0.22322,-0.79111,-0.230258,0.566559,-0.002035,0.011887,-0.04116,-0.129716,0.286058,0.664465,-1.404751,0.019311,0.031254,-0.01878,-0.55806,0.044023,0.828632,0.170124,-0.971309,0.166177,0.812174,0.233707,0.534559,-0.001647,0.012062,-0.024069,-0.16823,0.486637,0.624004,-0.794696,0.067049,0.03272,-0.064186,-0.414799,0.382626,-0.825553,-0.65636,-0.754187,-0.019762,-0.630184,0.533663,0.563977,-0.021506,0.00096,-0.000286,-0.059974,0.090235,-0.546158,0.407228
206,0.057613,0.015682,0.35494,-0.42701,0.359699,-0.829653,-0.720996,-0.689143,0.072242,-0.54524,0.628575,0.554648,-0.031667,-0.005675,-0.00623,0.040648,-0.094909,-0.467867,0.453462,-0.14857,0.027405,0.325229,0.599504,-0.128627,0.789963,-0.115887,0.962582,0.244826,-0.792627,-0.238167,0.561143,-0.003381,0.024606,-0.04779,-0.21096,-0.441056,0.927658,-1.404917,0.019254,0.031698,-0.019716,-0.55782,0.066097,0.827325,0.165216,-0.96803,0.188734,0.813351,0.241967,0.529066,-0.001665,0.012289,-0.023901,-0.201086,-0.550359,0.951039,-0.792737,0.066298,0.032604,-0.064193,-0.430343,0.364192,-0.825934,-0.641948,-0.766738,-0.003611,-0.634591,0.528653,0.563753,-0.015946,-0.003109,-0.003317,0.02813,-0.126659,-0.486044,0.416045
207,0.056925,0.015507,0.354828,-0.436394,0.350228,-0.828822,-0.710436,-0.699352,0.078479,-0.551617,0.622635,0.555042,-0.034264,-0.018891,0.000261,-0.094378,-0.012581,-0.410771,0.461275,-0.148622,0.02776,0.324347,0.60212,-0.130198,0.787713,-0.122261,0.959872,0.252254,-0.789681,-0.248038,0.56102,-0.002074,0.012376,-0.040859,0.063617,-0.118739,0.405265,-1.404678,0.019228,0.031876,-0.020156,-0.560772,0.067825,0.825187,0.171829,-0.965407,0.19612,0.809943,0.25177,0.529719,-0.001005,0.006131,-0.020471,0.107161,-0.176595,0.356984,-0.788491,0.065954,0.032518,-0.064248,-0.438637,0.353624,-0.826163,-0.630537,-0.776154,0.002554,-0.640328,0.522047,0.563423,-0.017225,-0.009677,-3.7e-05,-0.10452,-0.032044,-0.422399,0.426496
208,0.055687,0.015072,0.35437,-0.44691,0.340006,-0.827473,-0.69901,-0.709932,0.085756,-0.557743,0.616312,0.555976,-0.035197,-0.013534,-0.012972,-0.006024,0.06382,-0.138983,0.466422,-0.148526,0.028394,0.322744,0.610093,-0.135302,0.780686,-0.133974,0.953435,0.270086,-0.781622,-0.269207,0.562546,0.012097,0.005436,-0.030925,-0.088705,0.163614,0.383907,-1.404936,0.019272,0.032186,-0.02095,-0.570151,0.07152,0.81842,0.18436,-0.959656,0.212296,0.800586,0.271925,0.533964,-0.001147,0.007929,-0.019019,-0.160363,0.201958,0.618629,-0.793227,0.065349,0.032308,-0.06447,-0.447814,0.342001,-0.826134,-0.618359,-0.785833,0.009871,-0.645828,0.515268,0.563386,-0.017536,-0.006643,-0.006357,0.002881,0.076221,-0.098387,0.440376
209,0.054352,0.014437,0.353698,-0.454973,0.330376,-0.82698,-0.688342,-0.719617,0.091151,-0.564437,0.610303,0.55585,-0.03724,-0.017841,-0.016823,-0.008909,0.056161,-0.143321,0.473262,-0.148074,0.028847,0.321557,0.622952,-0.129044,0.771537,-0.156295,0.945804,0.284536,-0.767202,-0.297684,0.568021,0.024819,0.012694,-0.026255,-0.033451,-0.176938,0.159131,-1.404808,0.019489,0.032401,-0.02154,-0.582383,0.066425,0.810196,0.2069,-0.951722,0.226752,0.786143,0.299686,0.540523,0.005826,0.005992,-0.012772,-1.169398,-0.746113,-0.602451,-0.796166,0.06469,0.031994,-0.064796,-0.454688,0.331562,-0.826634,-0.606974,-0.794576,0.015161,-0.651797,0.508639,0.562534,-0.018696,-0.009134,-0.008564,-0.001102,0.080219,-0.129715,0.446417
210,0.05372,0.014099,0.35333,-0.456768,0.329628,-0.826289,-0.687473,-0.720258,0.092637,-0.564045,0.609952,0.556632,-0.037953,-0.01925,-0.018147,-0.003011,0.072043,-0.134329,0.478734,-0.147757,0.028994,0.321158,0.63236,-0.124417,0.764613,-0.167298,0.941716,0.291746,-0.75712,-0.312256,0.573697,0.012701,0.002708,-0.016178,0.039806,-0.12723,0.180555,-1.404637,0.019647,0.03248,-0.021747,-0.592273,0.061213,0.803408,0.218513,-0.947539,0.233282,0.775541,0.313722,0.547826,0.005722,0.007199,-0.011768,-0.012627,-0.304584,0.2871,-0.799269,0.064365,0.03182,-0.06499,-0.456542,0.330773,-0.825928,-0.606075,-0.795235,0.016535,-0.651338,0.508124,0.563532,-0.012481,-0.011773,-0.010436,-0.001009,0.078197,-0.125457,0.453112
211,0.052467,0.013457,0.352564,-0.460918,0.327888,-0.824675,-0.685403,-0.721784,0.096034,-0.563183,0.609088,0.558448,-0.02361,-0.019988,-0.018121,-0.001904,0.057626,-0.104608,0.48491,-0.147067,0.02926,0.320511,0.651177,-0.110873,0.750777,-0.190271,0.933743,0.303076,-0.735433,-0.340073,0.585962,0.025766,0.005542,-0.015161,0.015673,-0.370939,0.332944,-1.404501,0.019997,0.03262,-0.022073,-0.611398,0.0474,0.789902,0.241735,-0.939301,0.243471,0.753496,0.339804,0.562828,0.012877,0.002952,-0.007439,-0.184074,-0.830672,0.768989,-0.805637,0.063729,0.03149,-0.065381,-0.46056,0.328556,-0.82458,-0.604015,-0.796723,0.01991,-0.650421,0.507229,0.565392,-0.01835,-0.007978,-0.007766,-0.003371,0.058172,-0.108506,0.465033
212,0.051151,0.012899,0.351963,-0.465619,0.328626,-0.821736,-0.683499,-0.72333,0.097954,-0.561623,0.606853,0.562437,-0.035658,-0.013085,-0.013303,0.019918,0.131378,-0.100705,0.489806,-0.146154,0.0295,0.319882,0.664286,-0.096961,0.741157,-0.209762,0.927442,0.309493,-0.718203,-0.360941,0.594785,0.025904,0.00413,-0.016386,-0.313681,-0.29485,-0.082581,-1.404345,0.020453,0.032746,-0.022381,-0.624614,0.033851,0.780198,0.260866,-0.932627,0.249309,0.736073,0.35925,0.573702,0.012972,0.001989,-0.008272,-1.194739,-0.629966,-0.80257,-0.81723,0.063075,0.031206,-0.065686,-0.465473,0.328822,-0.821711,-0.60206,-0.798156,0.021651,-0.648735,0.504798,0.569491,-0.017576,-0.005994,-0.006151,0.015999,0.108959,-0.079577,0.472381
213,0.049565,0.012583,0.351607,-0.480791,0.324296,-0.814689,-0.679622,-0.72487,0.112473,-0.553478,0.60735,0.569927,-0.04808,-0.014107,0.002605,-0.036755,0.079771,-0.128088,0.493131,-0.14491,0.02936,0.319314,0.669184,-0.088715,0.737776,-0.222061,0.923521,0.312621,-0.709907,-0.372925,0.597346,0.040855,-0.010455,-0.012944,-0.007948,-0.016766,0.032682,-1.404479,0.021069,0.032687,-0.022662,-0.629397,0.025479,0.776666,0.27357,-0.928214,0.252147,0.727337,0.371173,0.577244,0.013824,-0.005743,-0.006246,-0.032881,-0.009884,-0.014426,-0.811026,0.062302,0.031046,-0.065871,-0.480128,0.322325,-0.815832,-0.598743,-0.80012,0.036251,-0.641079,0.505879,0.57715,-0.023401,-0.002045,-0.003283,-0.000247,0.06572,-0.132809,0.478422
214,0.048672,0.012467,0.351529,-0.49196,0.323804,-0.808191,-0.677035,-0.725878,0.121233,-0.546787,0.606409,0.577338,-0.047968,-0.013616,0.002963,-0.040889,0.120358,-0.161076,0.495458,-0.144302,0.029155,0.319065,0.668481,-0.0916,0.738061,-0.221361,0.922819,0.315178,-0.710787,-0.373958,0.595651,0.027731,-0.012008,-0.012942,-0.017382,0.029003,0.031544,-1.404339,0.021378,0.032583,-0.022788,-0.628667,0.028633,0.777146,0.273016,-0.927588,0.255031,0.728175,0.372503,0.575327,0.020462,-0.005205,-0.006501,0.003976,-0.020482,0.072871,-0.809556,0.061857,0.03099,-0.065908,-0.491461,0.320474,-0.809791,-0.59644,-0.801404,0.044824,-0.634605,0.505021,0.585003,-0.022938,-0.000901,-0.002313,-0.118554,0.19735,-0.302391,0.480708
215,0.046693,0.012302,0.351587,-0.513569,0.327668,-0.793048,-0.678556,-0.720759,0.141559,-0.52458,0.610418,0.593492,-0.059817,-0.006057,0.008423,-0.422063,0.295547,-0.018954,0.515142,-0.143053,0.028742,0.318574,0.668168,-0.090641,0.738463,-0.226121,0.920774,0.31777,-0.70958,-0.379195,0.593776,0.027697,-0.010551,-0.011797,-0.000114,-0.010696,0.037407,-1.404172,0.022003,0.032371,-0.023038,-0.628327,0.027614,0.777458,0.277778,-0.925527,0.257368,0.726666,0.377672,0.573863,0.013892,-0.00566,-0.006244,0.011533,-0.009324,0.003623,-0.812168,0.060855,0.030904,-0.065883,-0.514278,0.320721,-0.795395,-0.598921,-0.79813,0.065421,-0.613848,0.510024,0.602548,-0.0225,0.000279,-0.001334,-1.331963,0.414506,0.689937,0.496711
216,0.044959,0.012133,0.351614,-0.53358,0.334759,-0.776707,-0.685932,-0.708508,0.165786,-0.494148,0.620809,0.608639,-0.04727,-0.011194,0.004847,-0.058703,0.207926,-0.333059,0.520162,-0.141896,0.028466,0.318074,0.670578,-0.080032,0.737504,-0.241033,0.916631,0.318786,-0.702355,-0.391436,0.594424,0.026241,0.002738,-0.017824,0.035533,-0.007284,0.029273,-1.404245,0.022583,0.032226,-0.023288,-0.630484,0.016824,0.776018,0.292557,-0.920881,0.257655,0.718956,0.389477,0.57568,0.013752,-0.003786,-0.004684,-0.000477,-0.01431,0.033025,-0.814781,0.059986,0.030827,-0.065863,-0.535313,0.324598,-0.779791,-0.609098,-0.787955,0.090139,-0.585182,0.523222,0.619515,-0.016027,-0.001919,-0.002786,-0.071809,0.279083,-0.452632,0.514836
217,0.044273,0.011972,0.351562,-0.543268,0.334555,-0.77005,-0.685309,-0.706531,0.176456,-0.484361,0.623167,0.614072,-0.034202,-0.015506,0.002085,-0.03844,0.164774,-0.272533,0.520452,-0.141407,0.028471,0.31783,0.673296,-0.077631,0.73528,-0.24486,0.914855,0.320965,-0.698417,-0.396051,0.596004,0.025936,0.006016,-0.015033,-4.02501,-1.797212,-3.240307,-1.404418,0.022828,0.032223,-0.023414,-0.632907,0.018432,0.774008,0.291071,-0.920712,0.259934,0.71743,0.389805,0.57736,0.012951,0.003251,-0.007328,0.039717,-0.021569,0.05242,-0.815598,0.059625,0.030743,-0.065887,-0.545379,0.322759,-0.773555,-0.609035,-0.786665,0.101159,-0.575879,0.526292,0.625602,-0.017141,-0.007839,0.000993,-0.03259,0.15574,-0.265288,0.517449
218,0.043208,0.01152,0.351283,-0.555428,0.330068,-0.763283,-0.678591,-0.710419,0.186522,-0.480001,0.621143,0.619521,-0.020792,-0.011869,-0.011797,-0.003604,0.141545,-0.252527,0.520483,-0.14067,0.028762,0.317372,0.685213,-0.066275,0.725315,-0.255868,0.910383,0.325066,-0.6827,-0.408244,0.605905,0.01217,0.009831,-0.010336,0.203073,-0.296019,-0.133235,-1.404281,0.023206,0.032368,-0.023651,-0.645039,0.003976,0.764138,0.307356,-0.91418,0.264208,0.699611,0.405287,0.58846,0.006068,0.00515,-0.004982,0.283995,-0.378617,-0.20378,-0.811025,0.059102,0.030525,-0.066019,-0.556945,0.316648,-0.767818,-0.602439,-0.790405,0.111022,-0.571733,0.524397,0.630973,-0.011235,-0.01133,-0.001605,-0.038327,0.165392,-0.26971,0.518429
219,0.042753,0.011092,0.350744,-0.561144,0.327806,-0.76007,-0.675115,-0.712525,0.191053,-0.478249,0.619932,0.622085,-0.005935,-0.012575,-0.011334,-0.000291,0.014255,-0.025046,0.519978,-0.1403,0.0292,0.317169,0.69433,-0.056011,0.717468,-0.267305,0.905478,0.329533,-0.668962,-0.42052,0.612794,0.01155,0.015754,-0.005231,0.042706,-0.030795,0.043086,-1.404317,0.023387,0.032581,-0.023751,-0.654546,-0.007333,0.755986,0.318969,-0.909276,0.267348,0.68544,0.416128,0.597502,-0.000192,0.001903,0.001632,-0.011964,0.019583,0.006129,-0.809719,0.058867,0.030304,-0.066287,-0.562671,0.31349,-0.764934,-0.598855,-0.792449,0.115739,-0.569889,0.523207,0.633624,-0.00299,-0.006351,-0.005712,-0.0001,0.014249,-0.025348,0.518429
220,0.042693,0.0109,0.350492,-0.559928,0.330805,-0.759667,-0.678806,-0.708868,0.191574,-0.47444,0.62252,0.622417,-0.005505,-0.011657,-0.010532,-1.259785,0.33188,1.006897,0.519318,-0.140261,0.029392,0.317211,0.697011,-0.053253,0.715075,-0.271128,0.903538,0.331727,-0.664619,-0.42503,0.614406,-0.000627,0.006092,0.005243,0.00219,-0.016673,0.023402,-1.404065,0.023411,0.032677,-0.023738,-0.657166,-0.009889,0.75368,0.32284,-0.907244,0.269594,0.681106,0.420486,0.599403,-0.000995,0.00866,-0.00123,0.035856,-0.001124,0.018034,-0.815434,0.058835,0.030206,-0.066421,-0.562306,0.3155,-0.764376,-0.601531,-0.790339,0.116294,-0.567426,0.525189,0.634195,0.004673,-0.002699,-0.010962,-4.166617,1.050653,3.430913,0.518102
