frame,MLTx,MLTy,MLTz,MLTR1,MLTR2,MLTR3,MLTR4,MLTR5,MLTR6,MLTR7,MLTR8,MLTR9,MLTTVx,MLTTVy,MLTTVz,MLTRVx,MLTRVy,MLTRVz,MLGA,MRTx,MRTy,MRTz,MRTR1,MRTR2,MRTR3,MRTR4,MRTR5,MRTR6,MRTR7,MRTR8,MRTR9,MRTTVx,MRTTVy,MRTTVz,MRTRVx,MRTRVy,MRTRVz,MRGA,SLTx,SLTy,SLTz,SLTR1,SLTR2,SLTR3,SLTR4,SLTR5,SLTR6,SLTR7,SLTR8,SLTR9,SLTTVx,SLTTVy,SLTTVz,SLTRVx,SLTRVy,SLTRVz,SLGA,SRTx,SRTy,SRTz,SRTR1,SRTR2,SRTR3,SRTR4,SRTR5,SRTR6,SRTR7,SRTR8,SRTR9,SRTTVx,SRTTVy,SRTTVz,SRTRVx,SRTRVy,SRTRVz,SRGA
295,0.076614,-0.001009,0.362419,-0.529418,0.605379,-0.594372,-0.663707,-0.731877,-0.154342,-0.527791,0.31202,0.790005,-3.4e-05,-9.8e-05,-8e-05,0.0,0.0,0.0,-0.119199,-0.095298,0.026302,0.34401,0.556276,0.827353,-0.077696,-0.47738,0.394823,0.784957,0.679395,-0.400604,0.614656,0.001601,-0.011985,0.024077,0.044323,0.052872,-0.225888,-1.40397,0.047256,0.036773,-0.00864,-0.50144,-0.864887,-0.022961,0.580116,-0.355789,0.73272,-0.641889,0.354096,0.680142,-0.00027,-0.000297,0.008119,0.150878,-0.073921,-0.050851,-0.814291,0.074963,0.023093,-0.058807,-0.393197,0.676273,-0.622936,-0.677453,-0.671154,-0.30101,-0.621652,0.303654,0.722039,-1.7e-05,-4.8e-05,-3.8e-05,7.9e-05,4.5e-05,-8e-05,-0.288553
296,0.076601,-0.001021,0.362422,-0.529472,0.605351,-0.594353,-0.663693,-0.7319,-0.154289,-0.527754,0.312019,0.79003,-1e-06,-2e-06,-1e-06,0.0,0.0,0.0,-0.122645,-0.095237,0.026062,0.344758,0.562697,0.823027,-0.077395,-0.478366,0.400674,0.781383,0.673384,-0.403695,0.619231,0.001676,-0.012291,0.023833,0.085772,-0.05886,-0.063821,-1.404358,0.047286,0.036653,-0.00826,-0.508018,-0.861068,-0.021875,0.581299,-0.361477,0.728988,-0.635616,0.357624,0.684176,-0.000194,-0.000615,0.007866,0.140642,-0.075092,-0.051776,-0.812822,0.074957,0.023087,-0.058806,-0.393257,0.676246,-0.622927,-0.677447,-0.671184,-0.300958,-0.621621,0.303647,0.722069,2e-06,1.1e-05,1e-05,6e-05,1.2e-05,-6.7e-05,-0.290513
297,0.076593,-0.001012,0.362429,-0.529475,0.605349,-0.594353,-0.663692,-0.731902,-0.154287,-0.527754,0.312018,0.79003,9e-06,2.7e-05,2.2e-05,0.0,0.0,0.0,-0.123598,-0.09514,0.025744,0.345517,0.56422,0.821981,-0.077423,-0.481435,0.40387,0.777845,0.669915,-0.402637,0.623667,0.002039,-0.013768,0.02269,-0.041347,-0.015362,-0.026356,-1.40387,0.047334,0.036496,-0.007879,-0.509294,-0.860317,-0.021761,0.584586,-0.3644,0.724894,-0.631568,0.356464,0.688516,4.2e-05,-0.001584,0.007108,-0.06203,-0.020566,-0.007006,-0.810372,0.074953,0.023092,-0.058802,-0.393261,0.676244,-0.622927,-0.677445,-0.671187,-0.300956,-0.621621,0.303645,0.72207,3e-06,1.3e-05,1.2e-05,3.8e-05,1.1e-05,-6.1e-05,-0.291656
298,0.076603,-0.001015,0.362428,-0.529454,0.605362,-0.594358,-0.663703,-0.731889,-0.154301,-0.52776,0.312024,0.790024,0.0,0.0,0.0,0.0,0.0,0.0,-0.125319,-0.095043,0.025464,0.346093,0.565809,0.82089,-0.077414,-0.484757,0.407257,0.774007,0.666172,-0.401447,0.628426,0.000669,-0.005456,0.012446,0.171958,-0.081081,-0.056986,-1.404163,0.047383,0.036354,-0.007586,-0.511267,-0.859151,-0.021555,0.587057,-0.367446,0.721351,-0.627669,0.356149,0.692234,0.000425,-0.003139,0.005908,0.254332,-0.081241,-0.092609,-0.814291,0.074958,0.023091,-0.058803,-0.393239,0.676255,-0.622929,-0.677453,-0.671173,-0.30097,-0.621626,0.303652,0.722063,-1e-06,-2e-06,-1e-06,6.1e-05,3e-06,-4e-05,-0.292799
299,0.076605,-0.001008,0.362433,-0.529436,0.605372,-0.594363,-0.663713,-0.731878,-0.154313,-0.527766,0.31203,0.790018,0.000239,0.000686,0.000563,0.0,0.0,0.0,-0.126308,-0.094955,0.025385,0.346335,0.564707,0.821647,-0.077413,-0.486601,0.407383,0.772782,0.665763,-0.399761,0.629931,0.013563,-0.002681,0.012988,0.250766,-0.10884,-0.075461,-1.404325,0.047422,0.036312,-0.007466,-0.510275,-0.859738,-0.021646,0.588387,-0.367357,0.720311,-0.627231,0.354821,0.693313,0.000211,-0.002265,0.006576,0.413231,-0.129977,-0.094256,-0.817067,0.074959,0.023093,-0.058801,-0.39322,0.676265,-0.62293,-0.67746,-0.67116,-0.300982,-0.62163,0.303658,0.722057,0.000134,0.000388,0.000319,4.7e-05,-2e-06,-5.4e-05,-0.293289
300,0.076605,-0.001008,0.362433,-0.529436,0.605372,-0.594363,-0.663713,-0.731878,-0.154313,-0.527766,0.31203,0.790018,0.0,0.0,0.0,0.0,0.0,0.0,-0.128515,-0.094904,0.025347,0.346772,0.564544,0.821763,-0.077373,-0.486031,0.406859,0.773417,0.666318,-0.400057,0.629157,0.000213,-0.003599,0.013864,-0.033792,-0.01018,0.003323,-1.404359,0.047453,0.03629,-0.007251,-0.509594,-0.860142,-0.02165,0.588569,-0.366834,0.720429,-0.627613,0.354384,0.69319,-0.000869,0.003509,0.002693,-0.001622,-0.013174,0.025976,-0.818374,0.074959,0.023094,-0.0588,-0.393221,0.676265,-0.62293,-0.67746,-0.671161,-0.300982,-0.62163,0.303658,0.722057,-2e-06,-4e-06,-4e-06,4e-05,-9e-06,-5e-05,-0.294432
301,0.076603,-0.001015,0.362428,-0.529454,0.605362,-0.594358,-0.663703,-0.731889,-0.154301,-0.52776,0.312024,0.790024,-3.4e-05,-9.8e-05,-8e-05,0.0,0.0,0.0,-0.131331,-0.094921,0.025341,0.347204,0.563273,0.822768,-0.075956,-0.488353,0.405786,0.772518,0.665698,-0.399081,0.630431,8e-05,-0.003054,0.01427,-0.012952,-0.017412,-0.002776,-1.404077,0.047445,0.036286,-0.00703,-0.508174,-0.861012,-0.020383,0.59083,-0.365735,0.719136,-0.62664,0.353403,0.694569,2.3e-05,-0.001485,0.007168,-0.043974,-0.016221,-0.002931,-0.81919,0.074958,0.023091,-0.058803,-0.39324,0.676255,-0.622929,-0.677452,-0.671174,-0.30097,-0.621626,0.303651,0.722063,-1.6e-05,-4.8e-05,-4.1e-05,3.6e-05,1e-05,-3.9e-05,-0.295902
302,0.076614,-0.001009,0.362419,-0.529418,0.605379,-0.594372,-0.663707,-0.731877,-0.154342,-0.527791,0.31202,0.790005,-0.0,-1e-06,-1e-06,0.0,0.0,0.0,-0.133066,-0.094926,0.025324,0.347415,0.562098,0.823666,-0.074909,-0.49077,0.405203,0.771291,0.664915,-0.397815,0.632055,0.00041,-0.0044,0.013237,0.355901,-0.145958,-0.110908,-1.404314,0.047442,0.03628,-0.006922,-0.507466,-0.861452,-0.019408,0.591829,-0.36483,0.718774,-0.62627,0.353268,0.694972,0.000212,-0.002262,0.006571,0.525402,-0.152814,-0.109882,-0.819353,0.074963,0.023094,-0.058807,-0.393202,0.67627,-0.622936,-0.677448,-0.671159,-0.30101,-0.621654,0.30365,0.72204,3e-06,4e-06,2e-06,4e-05,5e-06,-2.9e-05,-0.296881
303,0.076622,-0.001018,0.362413,-0.529416,0.60538,-0.594373,-0.663708,-0.731875,-0.154344,-0.527792,0.312021,0.790004,-0.0,-1e-06,-1e-06,0.0,0.0,0.0,-0.133749,-0.094965,0.025194,0.347807,0.560787,0.824686,-0.073508,-0.493024,0.404069,0.770449,0.664358,-0.396855,0.633245,-0.01183,-0.009767,0.01071,0.108863,-0.031771,-0.093742,-1.404031,0.047422,0.036218,-0.006724,-0.505543,-0.862609,-0.018187,0.594867,-0.363743,0.716814,-0.624946,0.351562,0.697025,-0.005903,-0.004961,0.005295,0.11918,-0.033132,-0.094473,-0.818047,0.074967,0.023089,-0.058811,-0.3932,0.676271,-0.622936,-0.677449,-0.671158,-0.301012,-0.621655,0.30365,0.722039,3e-06,6e-06,5e-06,3e-05,5e-06,-2.5e-05,-0.298351
304,0.07662,-0.001024,0.362407,-0.529434,0.60537,-0.594368,-0.663698,-0.731887,-0.154332,-0.527786,0.312015,0.79001,-0.000203,-0.000583,-0.000478,0.0,0.0,0.0,-0.133973,-0.094908,0.024943,0.348211,0.569151,0.818686,-0.07623,-0.488505,0.411394,0.769449,0.660565,-0.401726,0.63414,0.00125,-0.007824,0.010624,-0.067149,0.384805,0.292035,-1.404107,0.04745,0.036094,-0.006527,-0.513885,-0.857623,-0.020117,0.591242,-0.371067,0.716059,-0.621574,0.356078,0.697748,0.000569,-0.00373,0.00543,-0.189554,1.286917,1.054499,-0.817067,0.074967,0.023087,-0.058812,-0.39322,0.676261,-0.622935,-0.677441,-0.671171,-0.301,-0.621651,0.303643,0.722045,-0.000161,-0.000459,-0.000375,2.7e-05,1.4e-05,-1.6e-05,-0.298677
305,0.076634,-0.001014,0.362416,-0.529377,0.605404,-0.594383,-0.66373,-0.73185,-0.15437,-0.527804,0.312032,0.789991,0.000284,0.000817,0.00067,0.0,0.0,0.0,-0.134815,-0.094829,0.0246,0.348581,0.56585,0.821016,-0.075753,-0.494617,0.411655,0.765394,0.658856,-0.396664,0.639085,0.001769,-0.009938,0.009019,0.139915,-0.057508,-0.072886,-1.404223,0.047489,0.035924,-0.006341,-0.51113,-0.859272,-0.019918,0.596424,-0.371274,0.711641,-0.618888,0.351862,0.70226,0.000879,-0.004971,0.004509,0.193158,-0.070767,-0.082895,-0.8187,0.074973,0.02309,-0.05881,-0.39316,0.676292,-0.622939,-0.677463,-0.671132,-0.301039,-0.621665,0.303662,0.722025,0.00016,0.000464,0.000381,2.2e-05,1e-06,-9e-06,-0.299004
306,0.076627,-0.001005,0.362423,-0.52938,0.605402,-0.594382,-0.663728,-0.731852,-0.154368,-0.527803,0.312032,0.789992,0.000285,0.000819,0.000672,0.0,0.0,0.0,-0.136002,-0.094771,0.024441,0.34873,0.569593,0.818428,-0.075704,-0.494079,0.414679,0.764108,0.656027,-0.398858,0.640628,-0.000366,0.00149,0.001134,0.081257,-0.042449,0.001642,-1.403969,0.04752,0.035837,-0.006266,-0.514816,-0.857079,-0.01947,0.596333,-0.374327,0.710116,-0.615914,0.353969,0.703814,0.001003,-0.00547,0.004132,0.021994,-0.028259,-0.04978,-0.82017,0.074969,0.023094,-0.058806,-0.393163,0.67629,-0.622939,-0.677462,-0.671134,-0.301037,-0.621664,0.303661,0.722026,0.000188,0.000543,0.000445,-3e-06,1e-05,-2.1e-05,-0.299494
307,0.076587,-0.000997,0.362441,-0.529459,0.605358,-0.594357,-0.6637,-0.731893,-0.154297,-0.527759,0.312023,0.790025,0.000106,0.000304,0.00025,0.0,0.0,0.0,-0.135424,-0.094522,0.024186,0.348922,0.572149,0.816369,-0.078601,-0.49426,0.419828,0.761173,0.653661,-0.397684,0.643768,0.015274,-0.009645,0.007678,0.008625,-0.025832,-0.004621,-1.404022,0.047637,0.035718,-0.006169,-0.517725,-0.85526,-0.022128,0.596675,-0.379486,0.707084,-0.613139,0.352873,0.706782,0.00775,-0.005299,0.003475,-0.022925,-0.02913,-0.011994,-0.824089,0.07495,0.0231,-0.058796,-0.393248,0.67625,-0.622929,-0.677447,-0.67118,-0.300966,-0.621626,0.303647,0.722064,-0.006691,0.001726,0.001145,-0.000968,0.014707,-0.029562,-0.299984
308,0.076528,-0.001001,0.362488,-0.529607,0.605286,-0.594299,-0.663681,-0.731945,-0.154129,-0.527634,0.31204,0.790102,4.3e-05,0.000123,0.000101,0.0,0.0,0.0,-0.136141,-0.094126,0.023957,0.348882,0.574939,0.814399,-0.078684,-0.495925,0.423488,0.758057,0.649942,-0.397841,0.647427,0.014289,-0.002837,-0.003742,0.14991,-0.067397,-0.013903,-1.404269,0.047835,0.035602,-0.006184,-0.520832,-0.853378,-0.021873,0.59789,-0.382951,0.704184,-0.609311,0.353684,0.70968,0.001869,-0.008939,0.001483,0.151313,-0.044513,-0.097291,-0.823762,0.07492,0.023098,-0.058772,-0.393408,0.676185,-0.622898,-0.677457,-0.671244,-0.300801,-0.621514,0.30365,0.72216,2.5e-05,7.6e-05,6.3e-05,-4e-06,-2e-06,-2e-05,-0.30031
309,0.076512,-0.000991,0.362509,-0.529627,0.605278,-0.594289,-0.663686,-0.731948,-0.154097,-0.527608,0.31205,0.790115,0.000135,0.000387,0.000317,0.0,0.0,0.0,-0.136467,-0.093866,0.023852,0.348799,0.579761,0.810978,-0.078639,-0.493386,0.42637,0.758098,0.647583,-0.401738,0.647383,0.014762,-0.004703,-0.005176,0.002122,-0.001454,0.003808,-1.403837,0.04797,0.035549,-0.006226,-0.525606,-0.850459,-0.021373,0.595783,-0.385911,0.704353,-0.607271,0.357479,0.709527,0.007424,-0.002515,-0.002715,-0.014379,-0.000251,0.004616,-0.824088,0.074912,0.023103,-0.058762,-0.39343,0.676178,-0.622892,-0.677467,-0.671248,-0.300771,-0.62149,0.303657,0.722178,8e-05,0.000232,0.00019,-5e-06,-7e-06,-1.9e-05,-0.300474
310,0.07652,-0.000973,0.362537,-0.52957,0.605317,-0.5943,-0.663733,-0.731901,-0.154117,-0.527606,0.312083,0.790103,0.00018,0.000515,0.000423,0.0,0.0,0.0,-0.138316,-0.093251,0.023562,0.348699,0.58831,0.804803,-0.078585,-0.490279,0.432423,0.756684,0.642207,-0.40765,0.649042,0.01665,-0.014939,0.003605,0.421736,-0.158095,-0.150595,-1.403953,0.048267,0.035406,-0.00628,-0.535632,-0.844206,-0.020315,0.590846,-0.39185,0.705233,-0.603323,0.365743,0.708683,0.014895,-0.006511,0.001735,-0.033783,-0.011229,0.013056,-0.824415,0.074916,0.023112,-0.058748,-0.393369,0.676214,-0.622891,-0.677507,-0.671197,-0.300794,-0.621484,0.30369,0.722168,0.000129,0.000371,0.000304,-0.0,7e-06,-8e-06,-0.301127
311,0.07657,-0.000956,0.362553,-0.529416,0.605412,-0.594341,-0.663818,-0.731803,-0.15422,-0.527654,0.31213,0.790053,8.6e-05,0.000246,0.000202,0.0,0.0,0.0,-0.140411,-0.092577,0.023171,0.348728,0.591013,0.802799,-0.078795,-0.491511,0.435979,0.753839,0.638774,-0.407812,0.65232,0.016377,-0.013707,0.004535,0.428795,-0.174483,-0.127046,-1.403886,0.048604,0.035211,-0.00627,-0.538463,-0.842405,-0.02027,0.592215,-0.395436,0.702076,-0.599448,0.366037,0.711813,0.007239,-0.001671,-0.002092,-0.020767,-0.001878,0.002035,-0.82017,0.074936,0.023122,-0.058739,-0.393227,0.676288,-0.622901,-0.677561,-0.671102,-0.300886,-0.621516,0.303737,0.722122,5.2e-05,0.000152,0.000124,1.4e-05,-1e-06,0.0,-0.302596
312,0.076707,-0.000957,0.36253,-0.529083,0.605608,-0.594437,-0.66397,-0.73161,-0.154477,-0.527797,0.3122,0.78993,0.014558,0.007394,-0.010967,0.035419,-0.033167,0.045223,-0.142486,-0.091905,0.022795,0.348769,0.588961,0.80428,-0.079061,-0.495285,0.436653,0.750974,0.637758,-0.40415,0.655585,0.014634,-0.003847,-0.004581,0.126138,-0.045343,-0.032277,-1.403988,0.048946,0.035017,-0.006243,-0.535474,-0.844294,-0.020861,0.597587,-0.396229,0.697059,-0.596789,0.360791,0.716709,0.014735,-0.005674,0.002349,0.110208,-0.065204,-0.032281,-0.821313,0.075005,0.023118,-0.058747,-0.392888,0.676461,-0.622927,-0.677671,-0.670884,-0.301123,-0.621611,0.303832,0.722,-7e-06,-1.8e-05,-1.8e-05,2e-05,-5e-06,-0.0,-0.303576
313,0.07684,-0.000979,0.362504,-0.5288,0.605778,-0.594515,-0.66411,-0.731439,-0.154683,-0.527904,0.312269,0.789831,0.0,0.0,0.0,0.0,0.0,0.0,-0.145586,-0.091601,0.02261,0.348807,0.592695,0.801507,-0.079311,-0.494506,0.439988,0.749539,0.634895,-0.406038,0.657195,0.014121,-0.00178,-0.002995,0.028449,-0.024538,0.021577,-1.404168,0.0491,0.03492,-0.006228,-0.539197,-0.841924,-0.020728,0.5972,-0.399589,0.695471,-0.593816,0.362617,0.718255,0.008159,-0.006638,0.002417,-0.05399,-0.005637,-0.027505,-0.821966,0.075076,0.023109,-0.058764,-0.392548,0.67663,-0.622958,-0.677764,-0.670677,-0.301376,-0.621724,0.303914,0.721868,0.006752,-0.001546,-0.001003,0.001003,-0.014732,0.029546,-0.304883
314,0.077206,-0.001026,0.362479,-0.528115,0.606204,-0.594691,-0.664487,-0.730999,-0.155142,-0.528116,0.312473,0.789609,0.00065,0.001877,0.001538,0.000715,-0.013321,0.025546,-0.158012,-0.090983,0.022257,0.349045,0.600064,0.795962,-0.079747,-0.492744,0.446445,0.746876,0.629316,-0.409881,0.660168,0.015064,-0.008271,0.008707,-0.020313,-0.015918,0.003707,-1.404389,0.049415,0.034739,-0.006113,-0.546931,-0.836928,-0.020434,0.595581,-0.406133,0.693065,-0.588344,0.366889,0.720585,0.007476,-0.003929,0.004506,-0.058619,-0.013897,0.0031,-0.821313,0.075258,0.023082,-0.058779,-0.391818,0.677014,-0.623001,-0.678038,-0.670184,-0.301855,-0.621885,0.304146,0.721632,0.000329,0.000945,0.000769,0.000739,-0.013316,0.025542,-0.311088
315,0.077608,-0.001032,0.362489,-0.52761,0.60852,-0.592771,-0.6652,-0.72989,-0.157294,-0.527725,0.31056,0.790624,0.00078,0.002263,0.001853,0.01009,0.026823,0.013692,-0.170162,-0.090401,0.022002,0.349396,0.606409,0.79107,-0.080421,-0.49292,0.453485,0.742505,0.623065,-0.411618,0.664999,-0.000243,0.000941,0.000727,0.016611,0.3493,0.314418,-1.404306,0.0497,0.034616,-0.005939,-0.552242,-0.833429,-0.020602,0.596569,-0.412316,0.688549,-0.582351,0.367956,0.724896,0.007165,-0.002966,0.004984,-0.444599,4.058569,3.670014,-0.821639,0.07546,0.02308,-0.058774,-0.391509,0.679382,-0.620612,-0.67837,-0.668795,-0.304182,-0.621718,0.301915,0.722712,0.00725,-9e-05,0.000184,0.004965,-0.01111,0.026945,-0.319579
316,0.077821,-0.001016,0.362509,-0.527057,0.608859,-0.592914,-0.665503,-0.729535,-0.157661,-0.527896,0.310728,0.790444,0.01438,-0.000514,0.000101,0.001109,-0.014381,0.029723,-0.176091,-0.090201,0.021852,0.349548,0.605319,0.79192,-0.080273,-0.494843,0.45352,0.741204,0.622602,-0.409941,0.666467,0.014986,-0.007891,0.009003,-0.015086,-0.017857,0.002169,-1.404484,0.049799,0.034545,-0.00586,-0.552468,-0.833284,-0.020419,0.597667,-0.413091,0.687131,-0.581009,0.367414,0.726246,0.00101,-0.005375,0.004211,-0.058773,-0.001322,-0.028973,-0.823272,0.075561,0.02309,-0.058763,-0.390919,0.679505,-0.620849,-0.67855,-0.668506,-0.304414,-0.621893,0.302276,0.72241,0.007295,4.7e-05,0.000294,-0.000821,-0.02105,0.025405,-0.324314
317,0.078222,-0.001,0.362548,-0.526388,0.61127,-0.591024,-0.666319,-0.728303,-0.159893,-0.527534,0.308881,0.791409,0.000607,0.00177,0.001447,0.00033,0.000884,0.000451,-0.179045,-0.089887,0.021573,0.349853,0.621817,0.779012,-0.080469,-0.487589,0.465631,0.738497,0.611969,-0.420956,0.669442,0.001684,-0.00942,0.009463,-0.020359,-0.001296,-0.025922,-1.40426,0.049962,0.034405,-0.00571,-0.569823,-0.821548,-0.018956,0.590994,-0.425721,0.685191,-0.570987,0.379235,0.728116,0.000808,-0.004589,0.004827,-0.053117,-0.014758,-0.001351,-0.822782,0.075767,0.023099,-0.058741,-0.390385,0.681779,-0.618688,-0.678941,-0.667068,-0.306688,-0.621802,0.300326,0.723302,0.00711,-0.000479,-0.000142,-0.001704,-0.024155,0.023301,-0.330519
318,0.078639,-0.001022,0.362545,-0.525873,0.613578,-0.589089,-0.667037,-0.727172,-0.162035,-0.527142,0.306966,0.792414,0.013838,-0.002058,-0.001171,0.002657,-0.010221,0.031847,-0.178949,-0.089719,0.021448,0.350152,0.646184,0.758874,-0.080922,-0.476506,0.484147,0.733811,0.595219,-0.436573,0.674523,0.013892,-0.003638,0.012289,-0.022909,0.321969,0.353851,-1.404302,0.050047,0.034336,-0.005558,-0.595421,-0.803234,-0.016944,0.580931,-0.445008,0.681532,-0.55497,0.395956,0.731591,0.006924,-0.001738,0.006215,-0.073571,0.329305,0.353755,-0.826212,0.075972,0.02309,-0.058742,-0.390066,0.683978,-0.616458,-0.679246,-0.665749,-0.308872,-0.621669,0.298247,0.724275,0.006931,-0.000988,-0.00056,-0.002776,-0.029276,0.019259,-0.332479
319,0.078987,-0.001065,0.362535,-0.525224,0.613984,-0.589245,-0.667407,-0.72674,-0.162447,-0.527321,0.307177,0.792213,0.013584,-0.002795,-0.001777,0.000985,-0.014714,0.029554,-0.178078,-0.08974,0.021627,0.350399,0.665583,0.741894,-0.081149,-0.46811,0.499821,0.728688,0.580316,-0.44795,0.680028,-0.002068,0.007953,0.006121,0.382986,-0.024262,-0.231163,-1.404093,0.050037,0.034421,-0.005439,-0.61668,-0.787066,-0.015193,0.571708,-0.461043,0.678666,-0.54116,0.409835,0.734288,-0.001048,0.004039,0.003122,0.654445,-0.085164,-0.003009,-0.834539,0.07615,0.023068,-0.058747,-0.38932,0.684221,-0.61666,-0.679517,-0.665318,-0.309205,-0.62184,0.298652,0.723962,0.00677,-0.001467,-0.000951,0.000761,-0.015176,0.029434,-0.333132
320,0.079125,-0.001119,0.362523,-0.525326,0.615915,-0.587135,-0.667819,-0.725981,-0.16414,-0.526698,0.305103,0.793429,-0.000198,-0.000582,-0.000475,0.008711,-0.081786,0.181481,-0.17737,-0.089819,0.021816,0.35051,0.67864,0.729994,-0.080921,-0.459325,0.507943,0.728662,0.572153,-0.458249,0.680083,-0.002354,0.009061,0.006961,-0.009887,0.115074,-0.118296,-1.404087,0.049997,0.03452,-0.00538,-0.629785,-0.77665,-0.013633,0.564879,-0.469966,0.678264,-0.533181,0.41946,0.734691,-0.001217,0.004684,0.003615,-0.034681,0.115814,-0.117889,-0.83209,0.07622,0.023042,-0.058753,-0.389795,0.686133,-0.614231,-0.679585,-0.664436,-0.310946,-0.621468,0.296218,0.72528,0.006611,-0.001936,-0.001336,-0.001774,-0.027916,0.019087,-0.332805
321,0.079365,-0.001214,0.362454,-0.525043,0.616092,-0.587201,-0.667974,-0.725795,-0.164329,-0.526783,0.305185,0.793341,-0.000139,-0.000409,-0.000334,1e-06,2e-06,1e-06,-0.179663,-0.090158,0.022205,0.350663,0.710604,0.699056,-0.079713,-0.439823,0.529927,0.725029,0.548169,-0.481028,0.684095,-0.014633,0.003708,0.004455,0.184112,1.197831,0.83717,-1.404495,0.049832,0.034714,-0.005298,-0.659926,-0.751267,-0.00962,0.548184,-0.490211,0.677633,-0.513799,0.441915,0.735336,-0.00742,0.002264,0.002562,0.67399,-0.179571,-0.131764,-0.828334,0.076339,0.022991,-0.05879,-0.389322,0.686188,-0.61447,-0.679727,-0.664226,-0.311083,-0.621609,0.296561,0.725019,0.006679,-0.001737,-0.001172,0.000685,-0.015401,0.029303,-0.333622
322,0.079599,-0.001294,0.362397,-0.524745,0.616279,-0.587272,-0.668137,-0.7256,-0.164528,-0.526874,0.305272,0.793247,0.013062,-0.004345,-0.003049,0.000265,-0.001396,0.004006,-0.180295,-0.090414,0.022545,0.350571,0.72983,0.678286,-0.085248,-0.423325,0.546475,0.722561,0.535756,-0.492113,0.686042,-0.002533,0.012717,-0.006932,0.09978,0.076533,0.101903,-1.404739,0.049696,0.034896,-0.00534,-0.684842,-0.728577,-0.012825,0.53116,-0.511169,0.675703,-0.498857,0.455938,0.737062,-0.001212,0.006173,-0.003589,0.077743,0.082469,0.095554,-0.830457,0.076452,0.022955,-0.058815,-0.389002,0.686353,-0.614488,-0.679849,-0.664008,-0.311285,-0.621676,0.296669,0.724917,2e-06,0.0,-3e-06,-8.8e-05,-5.9e-05,0.000103,-0.334112
323,0.079707,-0.001341,0.362389,-0.525032,0.618091,-0.585107,-0.66845,-0.724955,-0.166095,-0.526192,0.303136,0.794517,-0.000127,-0.000376,-0.000307,0.096609,0.261466,0.133459,-0.181353,-0.090563,0.022745,0.350424,0.736694,0.669996,-0.091532,-0.415655,0.555578,0.720069,0.532354,-0.493267,0.687859,-0.015245,0.009068,-0.008111,0.086357,0.094991,0.076044,-1.404325,0.049627,0.034991,-0.005412,-0.692775,-0.720918,-0.018424,0.524028,-0.520794,0.673919,-0.495435,0.457219,0.738575,-0.001154,0.005956,-0.003758,0.033675,0.338593,0.334203,-0.830783,0.076505,0.022929,-0.058821,-0.389144,0.687263,-0.61338,-0.679939,-0.663537,-0.312091,-0.621489,0.295613,0.725509,-8.8e-05,-0.000265,-0.000225,0.179462,0.519112,0.287076,-0.334438
324,0.079845,-0.00143,0.362348,-0.528388,0.615165,-0.58517,-0.664339,-0.728687,-0.166254,-0.528029,0.300135,0.794438,-0.000608,-0.001804,-0.001474,-0.000696,0.013382,-0.025515,-0.187487,-0.090852,0.02301,0.350318,0.760321,0.642044,-0.098398,-0.39675,0.579153,0.712113,0.513224,-0.503203,0.695163,-0.001107,0.004303,0.003286,0.397511,-0.11051,-0.084907,-1.404649,0.04948,0.035118,-0.005475,-0.719403,-0.69422,-0.022711,0.505441,-0.545643,0.668432,-0.476431,0.469393,0.743425,-0.000582,0.002296,0.001773,0.479487,-0.117906,-0.087218,-0.829641,0.076579,0.022885,-0.058841,-0.393005,0.685396,-0.613007,-0.676023,-0.667262,-0.312653,-0.623329,0.291533,0.725581,-0.000299,-0.000888,-0.000728,-0.00175,0.010526,-0.02712,-0.337051
325,0.079926,-0.001458,0.362276,-0.528724,0.616916,-0.583019,-0.66454,-0.728127,-0.167897,-0.527439,0.297896,0.795671,-0.000536,-0.001589,-0.001299,0.002701,0.007323,0.003739,-0.194515,-0.091005,0.023143,0.35057,0.785097,0.610769,-0.102836,-0.378134,0.60432,0.701247,0.489443,-0.512429,0.705497,-0.001262,0.004917,0.003746,0.192565,-0.081026,-0.029261,-1.404455,0.049403,0.035186,-0.005348,-0.74637,-0.665074,-0.024641,0.488384,-0.572482,0.658593,-0.45212,0.47952,0.752096,-0.006038,-0.004458,0.005732,0.175935,-0.080189,-0.098623,-0.830784,0.07662,0.022871,-0.058877,-0.393585,0.687179,-0.610634,-0.675954,-0.666519,-0.314383,-0.623037,0.289024,0.726834,-0.000308,-0.000916,-0.00075,-0.004179,-0.001115,-0.036238,-0.341786
326,0.079961,-0.001471,0.36224,-0.528666,0.616943,-0.583043,-0.664541,-0.728109,-0.167972,-0.527497,0.297883,0.795638,-0.00032,-0.00095,-0.000777,3.9e-05,0.000107,5.5e-05,-0.198408,-0.091145,0.023124,0.350598,0.797578,0.593837,-0.105914,-0.365888,0.616025,0.697548,0.478457,-0.518343,0.708705,-0.013108,-0.002046,3.7e-05,0.191539,-0.052589,-0.084305,-1.404644,0.049331,0.035186,-0.005327,-0.760169,-0.649185,-0.026463,0.476653,-0.584893,0.656278,-0.441525,0.486269,0.754054,-0.006495,-0.001228,-0.000119,0.159278,-0.051183,-0.090175,-0.830457,0.076637,0.022863,-0.058896,-0.39349,0.687071,-0.610817,-0.675927,-0.666565,-0.314344,-0.623127,0.289176,0.726697,0.006573,-0.002061,-0.001438,-0.000284,-0.01867,0.02721,-0.343909
327,0.080043,-0.001508,0.362187,-0.52854,0.617013,-0.583082,-0.664579,-0.728047,-0.16809,-0.527574,0.29789,0.795584,-0.000145,-0.000431,-0.000352,0.0,0.0,0.0,-0.206023,-0.091847,0.022843,0.350649,0.82732,0.550853,-0.109971,-0.330237,0.635507,0.69786,0.45325,-0.541729,0.707784,-0.025381,-0.007383,-0.002442,-0.613995,3.902344,3.829062,-1.404344,0.048989,0.035048,-0.005301,-0.789411,-0.61323,-0.027868,0.446166,-0.604346,0.660075,-0.42162,0.508638,0.750681,-0.006363,-0.001734,-0.000497,-0.001468,0.022751,-0.030211,-0.829641,0.076677,0.022843,-0.058924,-0.393343,0.687111,-0.610866,-0.675946,-0.6665,-0.314441,-0.623199,0.28923,0.726613,0.000423,0.004995,-0.004688,0.034349,-0.018346,0.015911,-0.349951
328,0.080141,-0.001572,0.362138,-0.528547,0.617013,-0.583077,-0.664577,-0.728049,-0.168089,-0.527571,0.297884,0.795588,-0.000227,-0.000675,-0.000552,0.0,0.0,0.0,-0.215612,-0.092807,0.022643,0.350578,0.840929,0.527095,-0.122478,-0.305875,0.649873,0.69573,0.445237,-0.548258,0.707843,-0.025823,-0.005642,-0.001129,-0.68203,3.888462,3.899032,-1.404324,0.048511,0.034941,-0.005341,-0.805983,-0.590653,-0.038962,0.422938,-0.620676,0.660215,-0.414141,0.515644,0.750065,-0.012898,-0.002839,-0.000552,-0.03941,0.085795,0.091362,-0.828987,0.076727,0.022812,-0.058948,-0.393344,0.687114,-0.610862,-0.675949,-0.666498,-0.314439,-0.623195,0.289229,0.726617,0.00661,-0.001956,-0.001354,0.000889,-0.014769,0.029665,-0.354196
329,0.08024,-0.001673,0.362074,-0.528495,0.617053,-0.583082,-0.664622,-0.728004,-0.168108,-0.527566,0.297912,0.795581,-0.00077,-0.002291,-0.001876,-0.000719,0.013321,-0.025546,-0.238838,-0.094079,0.02215,0.350751,0.855545,0.499094,-0.137621,-0.277151,0.666216,0.692299,0.436115,-0.554777,0.708441,-0.037568,-0.015978,0.009184,0.110866,-0.065889,-0.069171,-1.404422,0.047866,0.034687,-0.00526,-0.827653,-0.558808,-0.052184,0.391356,-0.641274,0.660005,-0.40228,0.525833,0.749446,-0.018799,-0.007907,0.004685,0.102094,-0.061145,-0.079372,-0.83013,0.076777,0.022765,-0.058977,-0.393268,0.687162,-0.610858,-0.675998,-0.666432,-0.314473,-0.62319,0.289267,0.726607,-0.000191,-0.000572,-0.000471,-6.9e-05,-3.1e-05,7.7e-05,-0.36726
330,0.080311,-0.001716,0.362028,-0.52853,0.61703,-0.583075,-0.664588,-0.728035,-0.168105,-0.527574,0.297883,0.795586,-0.000546,-0.001627,-0.001333,0.0,0.0,0.0,-0.244782,-0.094726,0.021898,0.350989,0.857214,0.492697,-0.149747,-0.269245,0.676881,0.685035,0.437781,-0.547522,0.713043,-0.03666,-0.022412,0.020896,0.489071,-0.351687,-0.105067,-1.404139,0.047558,0.034564,-0.005152,-0.831515,-0.551823,-0.063824,0.382549,-0.652142,0.654496,-0.402788,0.519808,0.753366,-0.012879,-0.004312,0.006626,0.77637,-0.998752,0.539061,-0.829477,0.076812,0.022741,-0.059002,-0.393323,0.687132,-0.610856,-0.675961,-0.666478,-0.314456,-0.623196,0.289233,0.726616,-0.000334,-0.001,-0.000822,-6.1e-05,-1.9e-05,6.6e-05,-0.374608
331,0.080458,-0.001877,0.361929,-0.528354,0.617152,-0.583105,-0.664717,-0.727898,-0.168188,-0.527588,0.297965,0.795547,-0.001116,-0.003329,-0.00273,-0.00072,0.013321,-0.025546,-0.252303,-0.095875,0.02159,0.351653,0.865126,0.472038,-0.169495,-0.253079,0.702787,0.664812,0.43183,-0.532844,0.727642,-0.025074,-0.014014,0.025662,0.649044,0.033663,0.091938,-1.40434,0.046979,0.034407,-0.004822,-0.84259,-0.532146,-0.082828,0.36659,-0.679389,0.635642,-0.394527,0.505222,0.767527,-0.013478,-0.001801,0.0085,0.775337,0.632878,1.105922,-0.831763,0.076886,0.022662,-0.05905,-0.393135,0.687244,-0.610852,-0.676069,-0.666325,-0.314547,-0.623197,0.289319,0.72658,-0.000559,-0.001672,-0.001373,-0.000745,0.013301,-0.025496,-0.383262
332,0.080646,-0.002092,0.361827,-0.532425,0.615751,-0.580878,-0.660699,-0.731217,-0.169619,-0.528535,0.292705,0.796869,-0.00104,-0.003106,-0.00255,0.0137,0.037205,0.018988,-0.266347,-0.096913,0.021276,0.352422,0.867809,0.460032,-0.187802,-0.244806,0.724894,0.643843,0.431217,-0.513337,0.74189,-0.026532,-0.005101,0.015771,0.526839,-0.436279,0.211598,-1.403831,0.046468,0.034259,-0.004432,-0.847777,-0.52082,-0.100098,0.358688,-0.70209,0.615151,-0.390661,0.485607,0.782028,-0.013113,-0.003226,0.007404,0.704495,-1.0231,0.52218,-0.826211,0.076975,0.02256,-0.059103,-0.397607,0.686201,-0.609127,-0.67211,-0.669744,-0.315768,-0.62464,0.283849,0.727498,-0.000465,-0.001395,-0.001148,0.012429,0.028489,0.010734,-0.391427
333,0.080763,-0.00222,0.361779,-0.532254,0.61588,-0.580899,-0.660857,-0.731064,-0.169662,-0.52851,0.292817,0.796845,0.012616,-0.00577,-0.004239,0.00122,-0.014075,0.02988,-0.273243,-0.097492,0.02109,0.352675,0.867514,0.45759,-0.194992,-0.243226,0.732359,0.635944,0.432698,-0.50484,0.746841,-0.038457,-0.011968,0.012121,0.251313,-2.455727,1.834603,-1.403447,0.046172,0.034173,-0.004293,-0.848406,-0.518891,-0.104679,0.358523,-0.708762,0.60755,-0.389444,0.477919,0.787353,-0.012879,-0.00419,0.00667,0.663775,-0.29647,-0.048788,-0.825722,0.077038,0.022487,-0.059128,-0.397432,0.686175,-0.60927,-0.672227,-0.669663,-0.315692,-0.624626,0.284102,0.727411,0.006307,-0.002893,-0.00213,-0.001266,-0.022313,0.024677,-0.396978
334,0.080992,-0.00253,0.36172,-0.536996,0.61799,-0.574254,-0.657533,-0.733022,-0.174069,-0.527853,0.283344,0.800696,0.012456,-0.00628,-0.004664,0.142478,0.370532,0.22596,-0.290186,-0.099066,0.020713,0.353012,0.874752,0.434015,-0.21548,-0.217693,0.74943,0.625219,0.431724,-0.50055,0.750285,-0.039969,-0.002771,0.002441,-0.225574,-1.293299,2.944916,-1.403531,0.045406,0.033981,-0.004124,-0.856354,-0.501119,-0.124641,0.337389,-0.725697,0.59961,-0.390927,0.471426,0.790526,-0.019038,-0.006767,0.005486,0.638418,-0.153121,0.064057,-0.830784,0.077147,0.022336,-0.059155,-0.402584,0.687379,-0.604511,-0.66846,-0.671927,-0.318865,-0.625369,0.275722,0.729993,-0.001136,-0.007169,0.002897,0.180513,0.654216,0.300514,-0.408899
335,0.081221,-0.0029,0.361676,-0.55235,0.612421,-0.565593,-0.646474,-0.742984,-0.173255,-0.525651,0.269178,0.807007,0.012103,-0.007377,-0.005575,-1.972025,1.692441,-1.005809,-0.312703,-0.100454,0.020652,0.353185,0.882988,0.409781,-0.228918,-0.192923,0.761579,0.618638,0.426717,-0.502603,0.751776,-0.027136,0.000489,0.003344,0.155463,-0.22739,0.043569,-1.403174,0.044687,0.033945,-0.004038,-0.870079,-0.472651,-0.139866,0.307694,-0.742491,0.595004,-0.385079,0.474665,0.791458,-0.020133,-0.000594,0.001822,0.125441,-0.757465,0.437611,-0.833886,0.077262,0.022152,-0.059175,-0.417804,0.683224,-0.598869,-0.657393,-0.682322,-0.319797,-0.627115,0.26008,0.734224,-0.001108,-0.007102,0.002951,0.147488,0.517934,0.243361,-0.422615
336,0.08137,-0.003409,0.36182,-0.565827,0.6106,-0.554123,-0.639515,-0.749141,-0.172566,-0.519788,0.255963,0.815064,-0.002026,-0.013622,0.006392,-0.0526,0.623161,0.093656,-0.33752,-0.101282,0.0206,0.35319,0.885987,0.397209,-0.239257,-0.179454,0.769626,0.612705,0.426378,-0.500414,0.753427,-0.012954,-0.002467,-0.000356,0.074142,0.020813,-0.183457,-1.402928,0.044267,0.033925,-0.00403,-0.874915,-0.460397,-0.150189,0.294278,-0.751747,0.590149,-0.384607,0.472133,0.7932,-0.006424,-0.001456,-0.000321,0.047613,-0.229197,0.092854,-0.834049,0.077341,0.021893,-0.059107,-0.434655,0.681097,-0.589221,-0.651888,-0.689354,-0.315961,-0.621382,0.246772,0.74363,-0.000984,-0.006723,0.003265,-0.023404,0.778314,0.180539,-0.44172
337,0.081347,-0.003687,0.362001,-0.569818,0.612371,-0.548046,-0.640061,-0.748933,-0.171444,-0.514734,0.252325,0.819395,-0.002296,-0.021962,0.017146,0.053578,0.474249,-0.033071,-0.346837,-0.101408,0.020521,0.353184,0.885488,0.398666,-0.238678,-0.181939,0.770283,0.611143,0.42636,-0.498239,0.754877,0.000408,-0.001838,-0.00137,0.092014,-0.031866,-0.025563,-1.402722,0.044199,0.033885,-0.004033,-0.874245,-0.461907,-0.149454,0.296773,-0.752097,0.588451,-0.384214,0.470097,0.794599,0.00026,-0.001161,-0.00085,0.062024,-0.028235,-0.030064,-0.832906,0.077329,0.021759,-0.059026,-0.439395,0.683153,-0.583294,-0.65265,-0.688953,-0.31526,-0.617234,0.242164,0.748583,-0.00067,-0.005767,0.004057,0.150058,0.517417,0.253909,-0.449885
338,0.080997,-0.004211,0.362564,-0.584348,0.610914,-0.534198,-0.640796,-0.751208,-0.158235,-0.497241,0.249082,0.831105,-0.01431,-0.006693,0.011609,-0.069166,0.237677,-0.21331,-0.355414,-0.101218,0.020268,0.353227,0.887915,0.391678,-0.24122,-0.177245,0.775361,0.60608,0.423286,-0.495887,0.758148,0.015806,-0.012688,0.005553,0.451127,-0.072508,-0.328933,-1.402443,0.044289,0.033762,-0.004014,-0.877906,-0.454198,-0.151603,0.29045,-0.756838,0.585521,-0.380681,0.47,0.796355,0.006918,-0.000719,-0.001278,0.553176,-0.217061,-0.139842,-0.833396,0.077159,0.021492,-0.058742,-0.456255,0.682617,-0.570845,-0.655543,-0.691649,-0.303122,-0.601741,0.235913,0.763053,-0.007578,-0.008361,0.010491,-0.256168,0.313577,-0.325069,-0.462295
339,0.080524,-0.004834,0.363252,-0.599972,0.602922,-0.525894,-0.638903,-0.756664,-0.138694,-0.480807,0.252028,0.839842,-0.015614,-0.018064,0.019877,-0.075469,0.141354,-0.238297,-0.363882,-0.100425,0.020025,0.353321,0.890948,0.3848,-0.241107,-0.173941,0.779804,0.601319,0.418265,-0.494291,0.761967,0.028431,-0.008524,0.007162,0.175192,-0.005031,-0.196949,-1.402613,0.044693,0.033629,-0.00397,-0.881062,-0.448162,-0.151258,0.288206,-0.762221,0.579617,-0.375055,0.467086,0.800727,0.01422,-0.004276,0.003562,0.176301,-0.006043,-0.197889,-0.831763,0.076924,0.021188,-0.058398,-0.473302,0.675009,-0.565992,-0.656933,-0.698527,-0.283722,-0.586876,0.237532,0.77405,-0.007828,-0.009068,0.009915,-0.07382,0.136753,-0.237392,-0.471112
340,0.080208,-0.005185,0.36364,-0.604063,0.600234,-0.524283,-0.636942,-0.758956,-0.135139,-0.478278,0.251554,0.841426,-0.015614,-0.018021,0.019917,-0.075545,0.141088,-0.238431,-0.36875,-0.099881,0.019871,0.353409,0.892186,0.382028,-0.240939,-0.173318,0.78234,0.598198,0.415884,-0.492426,0.764474,0.028707,-0.009629,0.006327,0.218,-0.020368,-0.208989,-1.402687,0.044953,0.033557,-0.003927,-0.882557,-0.445291,-0.151022,0.287161,-0.764763,0.576779,-0.37233,0.465673,0.802818,0.013505,0.00017,-0.001384,0.353062,-0.128025,-0.047828,-0.83258,0.076761,0.021005,-0.058197,-0.477897,0.672439,-0.565189,-0.655639,-0.701258,-0.279952,-0.584595,0.236772,0.776007,-0.007818,-0.009014,0.009964,-0.075869,0.140369,-0.237792,-0.474705
341,0.079597,-0.005961,0.364451,-0.608779,0.597325,-0.522146,-0.635382,-0.761151,-0.130041,-0.474358,0.251848,0.843555,-0.016665,-0.028568,0.028887,-0.104732,0.068589,-0.077296,-0.376821,-0.098776,0.01965,0.353483,0.894094,0.379458,-0.237904,-0.174296,0.784267,0.595382,0.411361,-0.491341,0.767613,0.02707,0.000233,-0.002851,0.393933,-0.153894,-0.075849,-1.40226,0.045507,0.033443,-0.003887,-0.884454,-0.442706,-0.147481,0.287509,-0.765955,0.575022,-0.36753,0.466178,0.804735,0.014409,-0.004927,0.003052,0.623833,-0.19981,-0.058746,-0.835519,0.076461,0.020628,-0.057802,-0.482967,0.669804,-0.564007,-0.655019,-0.703817,-0.274937,-0.581112,0.23665,0.778656,-0.007885,-0.009163,0.009848,-0.070551,0.050452,-0.060943,-0.481889
342,0.079024,-0.006616,0.36527,-0.609127,0.593797,-0.525751,-0.635567,-0.761954,-0.124313,-0.473663,0.257684,0.842181,-0.014876,-0.015682,0.021871,-0.081143,0.02346,-0.074704,-0.377419,-0.097642,0.01965,0.353527,0.897613,0.373934,-0.233358,-0.171893,0.784624,0.59561,0.404671,-0.494987,0.768826,0.026569,0.002518,-0.001156,0.002179,-0.016298,0.033439,-1.402454,0.046064,0.033438,-0.003867,-0.887506,-0.438127,-0.142749,0.286277,-0.767003,0.574239,-0.361078,0.468775,0.806146,0.013175,0.001739,-0.000235,-0.013666,0.066102,-0.110508,-0.837642,0.076178,0.020298,-0.057401,-0.482884,0.666313,-0.568198,-0.656105,-0.705029,-0.269181,-0.579956,0.242814,0.777619,-0.007086,-0.003007,0.006098,-0.038756,0.030225,-0.042402,-0.484502
343,0.078421,-0.007059,0.365944,-0.606272,0.593525,-0.529346,-0.639709,-0.759354,-0.118847,-0.471752,0.265831,0.84072,-0.014356,-0.006588,0.011705,-0.039428,0.023168,-0.050101,-0.376132,-0.096702,0.01961,0.353589,0.90113,0.369004,-0.227582,-0.170527,0.784462,0.596217,0.397385,-0.498925,0.770079,0.028433,-0.007883,0.007582,-0.13616,0.330228,0.376276,-1.401839,0.046543,0.033424,-0.003839,-0.89059,-0.433771,-0.136719,0.285244,-0.766859,0.574945,-0.354238,0.473042,0.806688,0.006823,-0.000181,-0.000928,-0.362869,1.203742,1.159627,-0.843357,0.075878,0.020075,-0.057053,-0.479509,0.666071,-0.571332,-0.66093,-0.70241,-0.264178,-0.577271,0.250935,0.777038,-0.007618,-0.008317,0.010555,-0.062117,0.075291,-0.045329,-0.485482
344,0.078153,-0.0072,0.366202,-0.606289,0.589872,-0.533395,-0.639058,-0.76053,-0.114763,-0.47261,0.270552,0.83873,-0.014231,-0.006205,0.012021,-0.096869,-0.117713,-0.118615,-0.37656,-0.09637,0.019569,0.35362,0.903824,0.362896,-0.226717,-0.164554,0.784033,0.598455,0.393777,-0.504048,0.768595,0.013241,0.001508,-0.000401,-0.063392,0.007946,0.047711,-1.402214,0.046721,0.033398,-0.003822,-0.893814,-0.42746,-0.135552,0.279058,-0.766809,0.57804,-0.351031,0.478833,0.80467,0.006605,0.000835,-0.000152,-0.039434,0.007615,0.055292,-0.839111,0.075733,0.019999,-0.056916,-0.479259,0.662656,-0.575496,-0.660954,-0.703911,-0.260094,-0.577451,0.255724,0.775341,-0.007124,-0.003101,0.006022,-0.090261,-0.098067,-0.10651,-0.485319
345,0.077697,-0.00733,0.366739,-0.606678,0.586023,-0.537182,-0.638463,-0.76173,-0.110023,-0.472915,0.275489,0.83695,0.000587,-0.005788,0.012898,-0.083818,-0.102361,-0.074222,-0.378953,-0.095975,0.019544,0.353781,0.905998,0.358142,-0.225596,-0.160721,0.784303,0.599142,0.390357,-0.507015,0.768389,0.00143,-0.008633,0.010087,-0.049566,0.101588,-0.194421,-1.40245,0.046913,0.033386,-0.003748,-0.896302,-0.422595,-0.134363,0.275144,-0.767611,0.57885,-0.347758,0.481856,0.804287,-0.000178,0.00075,0.000556,0.001524,0.000161,0.000591,-0.834049,0.075508,0.019929,-0.056657,-0.479324,0.659212,-0.579385,-0.661175,-0.705362,-0.255558,-0.577143,0.26058,0.773952,-0.006444,-0.001115,0.007657,-0.104808,-0.136131,-0.127128,-0.485482
346,0.077404,-0.007334,0.367292,-0.605377,0.584687,-0.540097,-0.638115,-0.762051,-0.109822,-0.475046,0.277428,0.8351,0.001674,-0.002625,0.01549,-0.089593,-0.131178,-0.055972,-0.388594,-0.095942,0.019509,0.3539,0.908211,0.353893,-0.223396,-0.15787,0.784226,0.600002,0.38637,-0.510106,0.768358,-0.000512,0.002144,0.001613,-0.0,0.0,0.0,-1.402316,0.046935,0.033368,-0.003683,-0.898581,-0.41853,-0.131844,0.27246,-0.767686,0.58002,-0.343971,0.485273,0.803861,-0.006785,-7.3e-05,0.000712,-0.013656,0.098461,-0.177008,-0.832253,0.075356,0.019927,-0.056381,-0.477723,0.658087,-0.58198,-0.660878,-0.705673,-0.25547,-0.578809,0.262574,0.772032,-0.005975,0.000246,0.008765,-0.111985,-0.162314,-0.112375,-0.489891
347,0.077307,-0.00734,0.367613,-0.604063,0.585188,-0.541025,-0.638036,-0.761836,-0.111744,-0.476819,0.276961,0.834244,0.001938,-0.001856,0.016113,-0.034412,0.003445,0.009066,-0.396034,-0.095947,0.019467,0.354006,0.909855,0.35024,-0.222459,-0.155925,0.785636,0.598663,0.383286,-0.510451,0.769672,0.001199,-0.007664,0.010817,0.090998,-0.054453,-0.031586,-1.40212,0.046932,0.03335,-0.003634,-0.900514,-0.414708,-0.13073,0.270256,-0.769325,0.578877,-0.340639,0.485957,0.804866,-0.000248,0.001039,0.000781,0.147303,0.04217,-0.214673,-0.833886,0.075312,0.019924,-0.056227,-0.476133,0.658422,-0.582903,-0.660516,-0.705372,-0.25723,-0.58053,0.262541,0.770749,0.000979,-0.000871,0.008109,-0.03326,0.020692,0.015298,-0.493483
348,0.07726,-0.007469,0.368322,-0.599559,0.585099,-0.546107,-0.637431,-0.761659,-0.116317,-0.483265,0.277634,0.830302,0.002019,-0.001618,0.01629,-0.039707,0.093043,-0.168303,-0.424087,-0.095937,0.019472,0.354231,0.915527,0.335938,-0.221244,-0.144839,0.788603,0.597546,0.374043,-0.515447,0.770889,0.000896,-0.006393,0.01177,-0.021062,-0.014509,-0.000131,-1.402396,0.046937,0.033352,-0.003522,-0.906913,-0.401091,-0.128972,0.259652,-0.773159,0.578623,-0.331796,0.491273,0.805333,-0.000428,0.001804,0.001356,-0.012997,-0.004468,-0.009392,-0.838295,0.075285,0.019862,-0.055863,-0.470817,0.65844,-0.587186,-0.659275,-0.704861,-0.261776,-0.586249,0.263869,0.765953,0.000541,-0.005893,0.012797,-0.072579,0.032122,-0.006663,-0.507526
349,0.077406,-0.007818,0.36911,-0.592792,0.584173,-0.554423,-0.636677,-0.761453,-0.121668,-0.492512,0.280133,0.824005,0.001749,-0.002393,0.015643,-0.037211,-0.003792,0.005741,-0.449113,-0.095985,0.019413,0.354491,0.926498,0.305027,-0.220344,-0.119321,0.793677,0.596467,0.355638,-0.526718,0.771981,0.001162,-0.007507,0.010933,-0.068429,0.093113,0.093594,-1.402426,0.046912,0.033326,-0.00339,-0.91971,-0.371514,-0.126919,0.234934,-0.779821,0.580244,-0.314543,0.50384,0.804492,0.007092,-0.002603,0.005563,-0.422522,0.991763,1.296959,-0.8445,0.075359,0.01969,-0.055467,-0.462998,0.657272,-0.594663,-0.657626,-0.704552,-0.266709,-0.594272,0.26758,0.758446,0.007165,-0.007946,0.011374,-0.068475,0.033198,0.032753,-0.526468
