frame,MLTx,MLTy,MLTz,MLTR1,MLTR2,MLTR3,MLTR4,MLTR5,MLTR6,MLTR7,MLTR8,MLTR9,MLTTVx,MLTTVy,MLTTVz,MLTRVx,MLTRVy,MLTRVz,MLGA,MRTx,MRTy,MRTz,MRTR1,MRTR2,MRTR3,MRTR4,MRTR5,MRTR6,MRTR7,MRTR8,MRTR9,MRTTVx,MRTTVy,MRTTVz,MRTRVx,MRTRVy,MRTRVz,MRGA,SLTx,SLTy,SLTz,SLTR1,SLTR2,SLTR3,SLTR4,SLTR5,SLTR6,SLTR7,SLTR8,SLTR9,SLTTVx,SLTTVy,SLTTVz,SLTRVx,SLTRVy,SLTRVz,SLGA,SRTx,SRTy,SRTz,SRTR1,SRTR2,SRTR3,SRTR4,SRTR5,SRTR6,SRTR7,SRTR8,SRTR9,SRTTVx,SRTTVy,SRTTVz,SRTRVx,SRTRVy,SRTRVz,SRGA
89,0.071112,0.006234,0.360422,-0.462891,0.531517,-0.709412,-0.553044,-0.798559,-0.237522,-0.692186,0.281723,0.664483,0.128217,0.022712,-0.046131,-0.005622,-1.975033,-0.157807,0.085641,-0.113475,0.032394,0.316794,0.644304,0.565171,0.515213,-0.764295,0.49701,0.410815,-0.024687,-0.659168,0.7515,0.037249,0.02,-0.005154,0.068653,-0.449813,0.639152,-1.403179,0.037777,0.039131,-0.022249,-0.538657,-0.617848,0.572809,0.840549,-0.440616,0.315173,0.05766,0.651245,0.756673,0.018608,0.010141,-0.002468,0.005139,-0.469665,0.581166,-0.776408,0.071918,0.026494,-0.059855,-0.260973,0.633645,-0.728275,-0.618322,-0.689072,-0.377963,-0.741329,0.351671,0.571626,0.064112,0.011258,-0.023226,0.392477,-2.482714,0.127031,-0.111383
90,0.075984,0.007353,0.358713,-0.428574,0.497923,-0.753951,-0.554193,-0.803873,-0.215938,-0.713075,0.324665,0.621404,0.116889,0.034122,-0.037801,-0.096859,-1.357567,-0.107006,0.146238,-0.111843,0.032906,0.316599,0.640632,0.603195,0.475118,-0.766903,0.473767,0.432827,0.035186,-0.642404,0.765469,0.040153,0.003082,-0.002551,-1.023585,-2.624177,1.840698,-1.402912,0.038605,0.039401,-0.022342,-0.536565,-0.654942,0.532116,0.843856,-0.417675,0.336826,0.00165,0.629759,0.776787,0.020118,0.001336,-0.00148,-1.020248,-2.61242,1.823381,-0.774612,0.074353,0.027035,-0.060724,-0.224521,0.59679,-0.770345,-0.623926,-0.695281,-0.356791,-0.748536,0.400531,0.528458,0.058525,0.017159,-0.018902,-0.259104,-1.408726,-0.529509,-0.051782
91,0.08014,0.009138,0.357406,-0.411263,0.474685,-0.778192,-0.556081,-0.807063,-0.198483,-0.721761,0.350514,0.596848,0.091533,0.04668,-0.028984,-0.008274,-1.024921,-0.19008,0.267597,-0.110186,0.033034,0.316492,0.619112,0.651391,0.438613,-0.778512,0.436468,0.450942,0.101525,-0.621462,0.77675,0.04012,0.003468,-0.002272,0.034695,-0.413899,0.542305,-1.402921,0.03942,0.039458,-0.022401,-0.515628,-0.701296,0.49225,0.854574,-0.379449,0.35457,-0.061875,0.603491,0.794964,0.020168,0.001257,-0.001565,-0.028147,-0.339104,0.297622,-0.782613,0.076402,0.027908,-0.061368,-0.207816,0.573985,-0.792056,-0.629409,-0.698304,-0.340904,-0.74877,0.427682,0.50639,0.052529,0.022065,-0.015342,-0.080871,-0.457931,-0.039508,0.074278
92,0.08208,0.009887,0.356857,-0.414614,0.465347,-0.782045,-0.558733,-0.808455,-0.184908,-0.717785,0.359705,0.596175,0.104038,0.04277,-0.031811,-0.079307,-0.437549,-0.263594,0.30475,-0.109436,0.033116,0.316424,0.617563,0.663959,0.421622,-0.776811,0.431479,0.45861,0.121805,-0.611571,0.78167,0.027158,0.000358,-0.003254,0.051828,-0.357411,0.520686,-1.402949,0.0398,0.039501,-0.022434,-0.515017,-0.713541,0.47499,0.853373,-0.374651,0.362476,-0.080686,0.592026,0.801869,0.020091,0.001677,-0.001211,0.043811,-0.260046,0.404626,-0.781307,0.077409,0.028306,-0.061648,-0.21077,0.56458,-0.798013,-0.6344,-0.700086,-0.327741,-0.743714,0.437182,0.505727,0.051576,0.016235,-0.011468,-0.51182,-0.347505,-0.574684,0.146616
93,0.085883,0.010921,0.356076,-0.43283,0.446446,-0.783191,-0.56736,-0.809999,-0.148243,-0.700035,0.379628,0.604864,0.100626,0.019841,-0.015962,-1.589411,1.230774,-1.920677,0.351987,-0.108451,0.033451,0.316146,0.621905,0.677404,0.392873,-0.768826,0.433308,0.470196,0.147499,-0.595315,0.789751,0.013939,-0.001515,-0.003136,0.015853,-0.248594,0.294003,-1.403345,0.040297,0.039667,-0.022574,-0.521663,-0.726942,0.446567,0.846789,-0.377376,0.374877,-0.10399,0.573708,0.812431,0.005915,0.005425,-0.004889,0.017501,-0.311389,0.249031,-0.78245,0.079313,0.028835,-0.062042,-0.228653,0.54907,-0.80389,-0.648166,-0.70199,-0.295111,-0.726359,0.453576,0.5164,0.043685,0.011237,-0.007185,0.063995,0.121205,-0.264621,0.237242
94,0.089096,0.011345,0.35578,-0.441825,0.448376,-0.777042,-0.59159,-0.796719,-0.123421,-0.67388,0.404597,0.618234,0.084789,0.008441,-0.008442,-1.62093,1.660636,-2.451166,0.398306,-0.10833,0.033789,0.315738,0.588376,0.725108,0.357805,-0.781855,0.397676,0.480096,0.205093,-0.563135,0.800425,-0.001129,0.007559,-0.010861,-2.058316,-3.640093,-4.009357,-1.403405,0.040364,0.039831,-0.022771,-0.493031,-0.767038,0.410575,0.856565,-0.34531,0.383479,-0.152367,0.540752,0.827266,-0.000547,0.00371,-0.005508,-0.226296,-1.23218,-1.373535,-0.782286,0.080927,0.029055,-0.06219,-0.237705,0.552835,-0.798666,-0.673977,-0.685967,-0.274231,-0.699464,0.473097,0.535656,0.035358,0.00045,0.001136,-0.01,0.283082,-0.486122,0.314479
95,0.090597,0.011393,0.355761,-0.442314,0.452576,-0.774325,-0.60535,-0.787643,-0.114637,-0.661231,0.417465,0.623317,0.070171,-0.000326,0.001323,-4.290804,-0.330467,2.927574,0.403027,-0.108392,0.03388,0.315496,0.557154,0.758264,0.338536,-0.794317,0.368038,0.483262,0.241147,-0.539106,0.806893,-0.013744,0.002715,-0.013342,-1.794663,-3.277755,-4.868585,-1.403427,0.040337,0.039882,-0.022888,-0.464106,-0.797683,0.385104,0.865865,-0.316882,0.387121,-0.186767,0.513114,0.837753,-0.00045,0.003068,-0.006315,-1.69092,-3.850842,-4.037428,-0.782939,0.081656,0.029081,-0.062205,-0.242811,0.554241,-0.796152,-0.68425,-0.679615,-0.26443,-0.687636,0.480561,0.544258,0.035048,-0.000328,0.000482,-0.038642,0.294722,-0.495385,0.337339
96,0.092943,0.01112,0.35589,-0.456428,0.44852,-0.768471,-0.609951,-0.786484,-0.096826,-0.647257,0.423973,0.633507,0.054033,-0.014409,0.006933,-0.041219,0.25243,-0.417166,0.378051,-0.108627,0.033747,0.314941,0.540166,0.792398,0.283402,-0.792144,0.365288,0.488882,0.283188,-0.489568,0.824616,0.002749,-0.01326,-0.011778,0.255488,-1.419872,0.562017,-1.403627,0.040211,0.03983,-0.023166,-0.445071,-0.83329,0.327931,0.866406,-0.308124,0.392935,-0.226385,0.459005,0.859106,-0.005028,-0.008633,-0.00675,-0.330832,-2.794547,1.367332,-0.781796,0.082864,0.028955,-0.062138,-0.255766,0.554061,-0.792211,-0.695268,-0.674801,-0.247478,-0.671703,0.487503,0.557812,0.020494,-0.005575,0.004552,-0.042516,0.349553,-0.598662,0.335706
97,0.094237,0.010322,0.356302,-0.463585,0.456597,-0.759377,-0.626392,-0.774988,-0.083654,-0.626134,0.436315,0.646229,0.024471,-0.027266,0.013344,-4.178303,0.277555,3.333354,0.360852,-0.108758,0.03306,0.31426,0.548693,0.805279,0.22462,-0.776204,0.391107,0.494445,0.309625,-0.446661,0.839339,-0.009069,-0.022226,-0.018049,0.015136,-1.245177,0.836543,-1.404584,0.04015,0.039489,-0.023504,-0.45784,-0.847125,0.269744,0.853962,-0.334665,0.398432,-0.247248,0.412769,0.876635,0.002006,-0.009684,-0.008649,-0.521227,-2.930485,2.061791,-0.7929,0.083523,0.028564,-0.061933,-0.265526,0.558782,-0.785657,-0.70779,-0.6663,-0.234683,-0.65462,0.493766,0.572421,0.005459,-0.012834,0.00713,0.012881,0.702996,-0.051509,0.308764
98,0.094367,0.009343,0.356808,-0.457781,0.478101,-0.7496,-0.658471,-0.748788,-0.075526,-0.596838,0.458417,0.658533,-0.016261,-0.022759,0.016054,-0.103346,0.564106,-0.127474,0.322263,-0.108655,0.032134,0.313705,0.585766,0.791976,0.172173,-0.744697,0.442302,0.499729,0.318883,-0.421939,0.848614,0.003919,-0.018977,-0.017095,0.094668,-0.554974,0.751751,-1.404899,0.040199,0.039017,-0.023788,-0.500993,-0.836672,0.221326,0.827307,-0.387902,0.406317,-0.254101,0.386667,0.886521,0.009582,-0.01426,-0.004892,0.016539,-0.513142,0.742055,-0.794207,0.083601,0.028066,-0.061686,-0.255639,0.581753,-0.772147,-0.740446,-0.631345,-0.230526,-0.6216,0.512802,0.592153,-0.001645,-0.013182,0.006747,-0.324542,0.617901,0.385609,0.278065
99,0.094076,0.008907,0.357154,-0.461483,0.477835,-0.747497,-0.660875,-0.747231,-0.06973,-0.591305,0.461224,0.661557,-0.015521,-0.020167,0.018088,-0.076593,0.248705,-0.406267,0.289847,-0.108469,0.0316,0.313478,0.602486,0.785034,0.143957,-0.727528,0.46621,0.503274,0.327213,-0.408937,0.851801,0.019287,-0.029047,-0.01035,-0.182479,-1.212399,1.165048,-1.405476,0.040286,0.038755,-0.023903,-0.521167,-0.830611,0.196135,0.812744,-0.412893,0.411053,-0.260443,0.373635,0.890261,0.002959,-0.015325,-0.004961,-0.783698,-2.735571,2.161078,-0.796003,0.083453,0.02784,-0.06152,-0.259832,0.582902,-0.769877,-0.743508,-0.629494,-0.22568,-0.616183,0.513771,0.596956,-0.014913,-0.014285,0.014153,-0.111684,0.155052,-0.298874,0.242304
100,0.092706,0.008172,0.358154,-0.466039,0.482649,-0.741553,-0.670682,-0.739314,-0.059764,-0.576513,0.468891,0.669179,-0.055325,-0.019365,0.034932,-0.107141,0.098825,-0.140637,0.248311,-0.10789,0.030305,0.313072,0.632503,0.770525,0.078873,-0.687075,0.511315,0.516158,0.356584,-0.381637,0.852681,0.019798,-0.031124,-0.012397,-0.028861,-0.733566,0.876939,-1.405387,0.040575,0.038108,-0.024105,-0.559599,-0.817796,0.134375,0.777077,-0.461393,0.428096,-0.288096,0.343983,0.893686,0.009865,-0.015374,-0.006023,-0.227666,-1.15604,1.07023,-0.803841,0.082782,0.027467,-0.061031,-0.264737,0.587773,-0.764484,-0.753414,-0.620892,-0.216469,-0.601897,0.518666,0.60721,-0.020701,-0.006111,0.011881,-0.075644,0.169076,-0.300679,0.171599
101,0.090582,0.007442,0.359526,-0.47303,0.483714,-0.736416,-0.673487,-0.737363,-0.051799,-0.567481,0.470859,0.675489,-0.055229,-0.018546,0.035545,-0.107641,0.112975,-0.165768,0.248538,-0.106915,0.029333,0.312664,0.660031,0.751204,0.006595,-0.641221,0.558934,0.525701,0.390386,-0.352158,0.850557,0.031819,-0.022069,-0.006161,-0.701886,-2.837366,2.228501,-1.405195,0.041073,0.037599,-0.024325,-0.596732,-0.799715,0.066076,0.736203,-0.512855,0.441569,-0.319242,0.312144,0.89479,0.0159,-0.010899,-0.00297,-0.691325,-2.822054,2.214871,-0.816741,0.081721,0.027106,-0.060342,-0.272245,0.589621,-0.760413,-0.757107,-0.618989,-0.208901,-0.593861,0.518843,0.614923,-0.034176,-0.007575,0.01897,-0.108547,0.122709,-0.19982,0.146126
102,0.089476,0.007085,0.360249,-0.476237,0.48248,-0.735157,-0.673277,-0.737803,-0.048138,-0.565041,0.471436,0.677129,-0.056048,-0.02848,0.044866,-0.142228,0.130938,-0.181678,0.246974,-0.106355,0.029069,0.312525,0.674852,0.737792,-0.015117,-0.622468,0.580281,0.525111,0.395339,-0.345896,0.850838,0.031037,-0.0181,-0.002557,0.047611,-0.561737,0.801066,-1.405543,0.041342,0.037471,-0.024396,-0.614699,-0.787402,0.046277,0.719176,-0.535409,0.442855,-0.323928,0.305504,0.895397,0.007702,-0.003669,-0.004349,0.089068,-0.562853,0.81332,-0.817067,0.081148,0.026921,-0.059967,-0.275915,0.588761,-0.759757,-0.757548,-0.619713,-0.205123,-0.591599,0.518957,0.617003,-0.028019,-0.014159,0.022529,-0.141343,0.130579,-0.183075,0.144493
103,0.087158,0.006413,0.361814,-0.481935,0.480397,-0.732805,-0.673261,-0.738234,-0.041253,-0.560207,0.472886,0.680128,-0.06768,-0.012356,0.039986,-0.10793,0.114212,-0.169892,0.188887,-0.105338,0.028707,0.312622,0.701417,0.711175,-0.047287,-0.589262,0.616089,0.522627,0.399921,-0.339616,0.851227,0.028729,-0.007011,0.007635,-0.242729,2.523095,5.229914,-1.405734,0.041847,0.037283,-0.024359,-0.642126,-0.7664,0.017427,0.692127,-0.569824,0.443011,-0.329594,0.296531,0.896346,0.014283,-0.003113,0.004173,0.037163,-0.473145,0.699021,-0.81772,0.080035,0.026597,-0.059219,-0.281896,0.587521,-0.75852,-0.758636,-0.620485,-0.198665,-0.587371,0.519438,0.620628,-0.027395,-0.008148,0.018661,-0.106909,0.113341,-0.166422,0.103834
104,0.084971,0.005701,0.36335,-0.488543,0.482733,-0.72687,-0.673648,-0.738082,-0.03748,-0.553982,0.47074,0.686684,-0.05464,-0.015544,0.037803,-0.08005,0.184444,-0.095784,0.131485,-0.104583,0.028323,0.313047,0.716038,0.695431,-0.060465,-0.569137,0.631903,0.526037,0.403121,-0.343131,0.848303,0.014939,-0.007243,0.00937,-0.176051,-0.025837,0.255932,-1.40584,0.042233,0.037097,-0.024136,-0.663761,-0.747919,0.006076,0.670257,-0.591194,0.448602,-0.331926,0.301838,0.89371,0.007375,-0.003202,0.005066,-0.23651,0.112158,0.112191,-0.818537,0.078896,0.026229,-0.058417,-0.28928,0.590691,-0.75326,-0.759641,-0.620472,-0.194831,-0.582461,0.515847,0.628203,-0.027353,-0.007792,0.018921,-0.083804,0.16653,-0.107296,0.023495
105,0.083073,0.004892,0.364931,-0.499059,0.483949,-0.718873,-0.674364,-0.737825,-0.028621,-0.54364,0.469893,0.695474,-0.042219,-0.028193,0.045418,-0.274611,0.298206,-0.27474,0.101682,-0.103961,0.027945,0.313401,0.756548,0.651111,-0.060677,-0.523248,0.658552,0.540791,0.391112,-0.378209,0.838959,0.015629,-0.010313,0.006534,-0.423218,0.302766,0.33584,-1.406375,0.042542,0.03692,-0.023949,-0.707013,-0.707114,0.01102,0.628622,-0.621241,0.467861,-0.323985,0.337711,0.883733,0.007847,-0.005311,0.003128,-0.561204,0.679415,0.486948,-0.829641,0.077962,0.025835,-0.057643,-0.300417,0.593318,-0.746807,-0.761651,-0.620534,-0.186609,-0.574139,0.512747,0.638321,-0.020467,-0.00834,0.018663,-0.653371,0.577564,-0.656213,-0.03578
106,0.082355,0.004439,0.365742,-0.508409,0.483323,-0.712717,-0.674813,-0.737726,-0.018986,-0.53434,0.470693,0.702108,-0.027496,-0.019198,0.035673,-0.098243,0.143944,-0.062653,0.089651,-0.103739,0.02774,0.31355,0.762072,0.644333,-0.06381,-0.511026,0.659208,0.551572,0.396491,-0.388544,0.83168,0.002029,-0.011601,0.007316,-1.235765,-1.901507,1.751518,-1.406369,0.042658,0.036814,-0.023877,-0.712899,-0.701176,0.011267,0.619483,-0.622146,0.478721,-0.328658,0.34826,0.877894,0.007676,-0.004516,0.003857,-0.85118,0.456961,0.377091,-0.83111,0.077597,0.025604,-0.057235,-0.310924,0.593723,-0.742171,-0.763677,-0.620919,-0.17679,-0.565793,0.511811,0.646472,-0.020993,-0.013598,0.023131,-0.168588,0.271292,-0.322471,-0.054721
107,0.081323,0.003434,0.367233,-0.51889,0.488885,-0.701278,-0.679599,-0.733515,-0.008584,-0.517956,0.471521,0.713735,-0.015036,-0.024548,0.031924,0.079817,0.620947,0.203733,0.07268,-0.103507,0.027713,0.313923,0.774882,0.628196,-0.070138,-0.484008,0.661199,0.573137,0.405432,-0.410961,0.816455,0.011286,0.011788,0.008895,-0.463465,0.251123,0.299234,-1.40646,0.042774,0.036779,-0.023703,-0.728307,-0.685237,0.004148,0.593077,-0.627298,0.504733,-0.343259,0.370061,0.863265,-0.001126,0.005073,0.00467,-0.51079,0.207368,0.482706,-0.83258,0.077078,0.025109,-0.056484,-0.32169,0.598269,-0.733885,-0.769435,-0.61688,-0.165613,-0.551801,0.511402,0.658773,-0.014616,-0.015785,0.021631,-0.13245,0.098562,-0.092884,-0.088359
108,0.080706,0.002321,0.368449,-0.522568,0.498831,-0.691474,-0.684695,-0.728763,-0.008363,-0.507449,0.468454,0.723238,-0.003191,-0.031855,0.026681,0.063412,0.545023,0.199212,0.085693,-0.10344,0.028504,0.314508,0.784536,0.616151,-0.069662,-0.464453,0.658511,0.592099,0.409697,-0.432946,0.802851,0.008615,0.023665,0.019713,-0.431362,-0.698503,-0.96529,-1.406591,0.04281,0.037166,-0.023419,-0.739882,-0.672709,0.005963,0.574701,-0.62743,0.525402,-0.349702,0.392163,0.850832,-0.003675,0.017356,0.006738,-0.274374,-2.932002,-3.995519,-0.830783,0.076766,0.024559,-0.05587,-0.325504,0.608641,-0.723603,-0.773734,-0.611332,-0.166152,-0.54349,0.505794,0.669918,-0.007879,-0.009537,0.009555,0.108015,0.564061,0.193076,-0.095707
109,0.080558,0.001779,0.368849,-0.524808,0.502664,-0.686987,-0.685346,-0.728139,-0.009296,-0.504249,0.465316,0.72749,-0.003127,-0.024229,0.015482,0.00799,0.261521,0.081097,0.094852,-0.103487,0.028994,0.31496,0.784183,0.61675,-0.068315,-0.460127,0.651976,0.602615,0.415205,-0.441906,0.795102,-0.005649,0.025472,0.023206,-0.856669,0.466255,0.521339,-1.406354,0.042791,0.037411,-0.023193,-0.737396,-0.675426,0.006722,0.573307,-0.620582,0.534972,-0.357163,0.398341,0.844842,0.004705,0.008749,0.015958,-0.470674,0.330611,0.167503,-0.829967,0.076693,0.024287,-0.055665,-0.328126,0.61394,-0.717921,-0.774109,-0.610321,-0.168118,-0.541376,0.500585,0.675518,-0.00176,-0.012652,0.007332,0.020576,0.31169,0.073294,-0.082807
110,0.080502,0.000791,0.369319,-0.527401,0.515159,-0.675652,-0.686967,-0.726453,-0.017737,-0.499317,0.454152,0.737873,-0.004078,-0.027094,0.013271,0.044933,0.473157,-0.036473,0.092634,-0.103748,0.03011,0.316026,0.78663,0.615281,-0.051311,-0.457483,0.636825,0.620562,0.413496,-0.465455,0.782455,-0.006784,0.030642,0.027598,-0.833703,0.515674,0.468491,-1.406715,0.04266,0.037973,-0.022656,-0.738168,-0.674186,0.024078,0.571433,-0.605895,0.553493,-0.358569,0.42233,0.832505,-0.010184,0.014793,0.014289,-0.347715,0.411934,0.150859,-0.83111,0.076663,0.02378,-0.055426,-0.330666,0.626067,-0.706186,-0.774095,-0.60796,-0.176521,-0.539847,0.488286,0.685667,-0.002128,-0.013784,0.006453,0.044861,0.479363,-0.035992,-0.074153
111,0.080648,-3.7e-05,0.369367,-0.526716,0.52977,-0.6648,-0.686777,-0.726029,-0.034514,-0.500301,0.437728,0.747075,0.010025,-0.013034,-0.009765,0.140326,0.397082,0.201801,0.0823,-0.10397,0.03103,0.317104,0.777139,0.628335,-0.035218,-0.467111,0.613597,0.636585,0.42061,-0.479056,0.770361,-0.003486,0.013379,0.029583,-0.673753,0.093403,-0.033266,-1.406808,0.042544,0.038456,-0.022104,-0.726814,-0.685733,0.038862,0.580129,-0.582625,0.569208,-0.367683,0.436253,0.821274,-0.002699,0.012152,0.010839,-0.573692,-0.589811,-0.806048,-0.833396,0.076732,0.023372,-0.055398,-0.329533,0.639653,-0.694442,-0.771126,-0.60674,-0.192949,-0.544766,0.47192,0.693195,-0.002271,-0.010529,0.000389,0.12787,0.629561,0.027738,-0.082154
112,0.080731,-0.000599,0.369012,-0.528005,0.543961,-0.652198,-0.682737,-0.728571,-0.055011,-0.504446,0.415553,0.756886,-0.004249,-0.012759,-0.009981,0.256407,0.929295,-0.015684,0.06644,-0.10373,0.031724,0.317891,0.761027,0.647929,-0.031898,-0.479489,0.59511,0.644878,0.435849,-0.476291,0.763575,0.009456,0.019163,0.015096,-0.070447,-0.005362,0.112954,-1.406569,0.042648,0.038803,-0.021708,-0.709948,-0.703095,0.040378,0.590662,-0.563234,0.577827,-0.383526,0.434077,0.815159,0.004844,0.009038,0.007078,-0.026987,-0.034506,0.095069,-0.839112,0.076778,0.02309,-0.055576,-0.330147,0.651988,-0.682578,-0.764376,-0.60894,-0.21194,-0.553832,0.451775,0.699405,-0.001804,-0.001694,-0.009932,0.098459,0.312354,-0.12237,-0.097993
113,0.080675,-0.000863,0.368729,-0.527527,0.548775,-0.648542,-0.679451,-0.73075,-0.065749,-0.509354,0.405281,0.759166,-0.005199,-0.015602,-0.012241,0.179406,0.444078,-0.007928,0.054846,-0.103421,0.031916,0.318248,0.754733,0.655353,-0.029709,-0.485303,0.588388,0.646694,0.440333,-0.474489,0.762122,0.012001,0.005224,0.020322,-0.065272,0.074156,-0.106834,-1.40706,0.042802,0.038904,-0.021531,-0.70302,-0.709958,0.041486,0.596073,-0.556422,0.57887,-0.38789,0.431686,0.814363,0.006037,0.00242,0.009998,-0.002236,-0.139138,-0.049721,-0.840581,0.076753,0.022967,-0.05571,-0.329937,0.657579,-0.677296,-0.759749,-0.610807,-0.222923,-0.560287,0.441025,0.701124,-0.002047,-0.002438,-0.010531,0.841455,0.280561,0.402331,-0.110077
114,0.080444,-0.001498,0.368165,-0.525891,0.563876,-0.636811,-0.676278,-0.731222,-0.089073,-0.515229,0.383112,0.766675,-0.006037,-0.018074,-0.014277,0.303772,0.828529,0.345346,0.038602,-0.102698,0.031962,0.319041,0.724136,0.688997,-0.030013,-0.509582,0.564039,0.649708,0.463653,-0.456051,0.759544,0.027925,-0.007204,0.025033,-0.067976,-0.252907,-0.509075,-1.406714,0.043167,0.038933,-0.021131,-0.670367,-0.741103,0.03705,0.618687,-0.530673,0.57932,-0.409674,0.41128,0.814257,0.006381,0.000806,0.008532,0.033497,-1.157227,-1.273798,-0.836989,0.076633,0.022636,-0.056004,-0.328003,0.670556,-0.665407,-0.752879,-0.611011,-0.244619,-0.570602,0.420736,0.705261,-0.003057,-0.009181,-0.007254,0.282129,0.79174,0.313451,-0.135877
115,0.080184,-0.002175,0.367692,-0.522933,0.573011,-0.631066,-0.672474,-0.732223,-0.1077,-0.523151,0.367338,0.769027,-0.004772,-0.01425,-0.01133,0.118702,0.313111,0.127677,-0.003941,-0.101694,0.031725,0.319815,0.659812,0.750434,-0.038563,-0.55236,0.519317,0.65203,0.50849,-0.409863,0.757174,0.028989,-0.011841,0.020945,-0.051474,-0.36803,-0.354631,-1.406421,0.043668,0.038817,-0.020742,-0.602649,-0.797746,0.020322,0.658289,-0.482581,0.577728,-0.451074,0.361545,0.815975,0.013403,8.1e-05,0.00697,0.016048,-1.110389,-1.358108,-0.840744,0.076502,0.022293,-0.056243,-0.325031,0.679782,-0.657458,-0.746195,-0.611443,-0.263304,-0.580988,0.40501,0.705988,-0.002498,-0.007487,-0.005949,0.159721,0.325259,0.334977,-0.175883
116,0.080007,-0.00237,0.367507,-0.52888,0.569373,-0.629401,-0.664599,-0.739016,-0.110161,-0.527209,0.359325,0.770041,-0.003476,-0.010362,-0.008258,0.016338,-0.046082,0.166848,-0.011854,-0.101168,0.031493,0.320174,0.632373,0.773423,-0.043727,-0.567404,0.501018,0.653427,0.526476,-0.389375,0.755693,0.0144,-0.005475,0.010862,-0.057846,0.017684,-0.140002,-1.406209,0.043926,0.038704,-0.020565,-0.573908,-0.818833,0.011893,0.67231,-0.462821,0.577749,-0.467575,0.339571,0.816127,0.014879,-0.007568,0.009046,-0.152745,-1.037997,0.218449,-0.840255,0.076417,0.022192,-0.056338,-0.332015,0.677468,-0.656356,-0.738989,-0.619256,-0.26536,-0.586226,0.396936,0.706243,-0.001754,-0.005246,-0.004172,0.000297,-0.094512,0.135037,-0.196294
117,0.079599,-0.002544,0.367346,-0.527105,0.570422,-0.62994,-0.665555,-0.737966,-0.111419,-0.527781,0.359817,0.769419,-0.014716,-0.00066,-0.000977,-0.000982,0.014721,-0.02955,-0.021288,-0.100205,0.030775,0.32081,0.632007,0.773773,-0.042819,-0.566514,0.49915,0.655626,0.527872,-0.391079,0.753838,0.017432,-0.020971,0.014816,-0.070599,-0.002951,-0.011464,-1.406157,0.044407,0.038351,-0.020248,-0.573245,-0.819284,0.012756,0.67162,-0.460894,0.580088,-0.469378,0.3411,0.814453,0.008809,-0.010924,0.00702,-0.08751,0.108682,-0.176091,-0.837315,0.076216,0.022097,-0.056426,-0.329955,0.677814,-0.657036,-0.739586,-0.618146,-0.266284,-0.586635,0.398073,0.705262,-0.007481,-0.000706,-0.000784,-0.003753,0.025408,-0.054797,-0.212787
118,0.079162,-0.002515,0.36742,-0.526751,0.570652,-0.630027,-0.665825,-0.737698,-0.111578,-0.527794,0.36,0.769325,-0.013203,0.003835,0.002611,-0.000984,0.014715,-0.029553,-0.02055,-0.09929,0.03002,0.321355,0.625709,0.778887,-0.042598,-0.570405,0.494251,0.655963,0.531176,-0.387127,0.753557,0.028542,-0.00684,0.007793,0.165847,-1.18724,-1.275658,-1.40644,0.044873,0.037954,-0.019973,-0.568363,-0.822684,0.0124,0.674093,-0.456959,0.580332,-0.471764,0.338198,0.814285,0.008647,-0.010387,0.007182,0.334841,-3.733812,-4.240808,-0.841397,0.075992,0.022112,-0.056388,-0.329397,0.678048,-0.657075,-0.739863,-0.617709,-0.266527,-0.5866,0.398353,0.705134,0.000268,0.000795,0.000643,-0.001002,-0.000427,0.00104,-0.216216
119,0.078923,-0.002416,0.367569,-0.526518,0.568691,-0.631993,-0.665613,-0.738159,-0.10978,-0.528294,0.36215,0.767971,0.00087,0.002566,0.002049,-0.009378,0.079624,-0.182406,-0.019652,-0.098558,0.0292,0.321976,0.611744,0.789701,-0.046173,-0.579527,0.487269,0.653186,0.53754,-0.373821,0.755759,0.017221,-0.019714,0.015949,0.064428,-0.145122,-0.036191,-1.406062,0.045238,0.037554,-0.019674,-0.552599,-0.833416,0.007048,0.683351,-0.448224,0.576303,-0.477142,0.323281,0.817204,0.008577,-0.00975,0.00806,0.014054,-0.820776,0.468016,-0.842867,0.075869,0.022166,-0.05631,-0.328958,0.67605,-0.659349,-0.740071,-0.618253,-0.264683,-0.586584,0.400895,0.703705,-0.006163,0.003218,0.002347,0.000948,0.02783,-0.018661,-0.216379
120,0.078853,-0.002353,0.367655,-0.526065,0.56684,-0.63403,-0.665475,-0.738519,-0.108185,-0.528919,0.364309,0.766518,0.001284,0.003785,0.003021,-0.030714,-0.097386,-0.01598,-0.022121,-0.098278,0.028831,0.322308,0.603958,0.79545,-0.049852,-0.584272,0.484559,0.650971,0.5412,-0.365037,0.757439,0.016822,-0.017983,0.017478,0.07478,-0.08981,-0.084634,-1.406075,0.045391,0.037353,-0.019498,-0.54462,-0.838679,0.002119,0.687703,-0.44513,0.573517,-0.480054,0.313806,0.81919,0.008372,-0.00887,0.008841,0.039445,-0.078638,-0.094804,-0.837642,0.075834,0.022197,-0.056267,-0.328646,0.67424,-0.661355,-0.740182,-0.618815,-0.263054,-0.586619,0.403072,0.702431,0.000527,0.00156,0.00125,-0.034889,-0.088289,-0.040875,-0.216542
121,0.078623,-0.002215,0.367874,-0.526361,0.566707,-0.633902,-0.665454,-0.738591,-0.107823,-0.528651,0.36437,0.766674,0.000461,-0.0061,0.012509,-0.033737,0.005078,0.009852,-0.026083,-0.097891,0.028296,0.323193,0.593074,0.80305,-0.058001,-0.590525,0.482955,0.646505,0.54643,-0.350189,0.760687,0.014712,-0.009108,0.025258,0.205167,-0.181774,-0.124429,-1.406256,0.04558,0.037084,-0.019082,-0.534704,-0.845009,-0.007023,0.692632,-0.443014,0.569209,-0.484098,0.299494,0.822162,0.006122,0.001895,0.009486,0.446749,-0.286333,-0.129032,-0.8316,0.075724,0.022269,-0.056161,-0.328893,0.674316,-0.661155,-0.740289,-0.618779,-0.262839,-0.586345,0.403,0.702701,0.000685,0.002023,0.001616,0.001064,-0.011299,0.027099,-0.219318
122,0.078413,-0.002077,0.368002,-0.528407,0.566011,-0.632821,-0.665646,-0.738813,-0.10508,-0.526362,0.365001,0.767947,-0.012725,0.005191,0.00368,-0.000984,0.014715,-0.029553,-0.027564,-0.097831,0.028214,0.324241,0.58512,0.808796,-0.058948,-0.596115,0.478392,0.644765,0.548936,-0.343147,0.762091,-0.000335,-0.003956,0.031571,-0.039638,-0.051506,0.017756,-1.406376,0.045618,0.037033,-0.018561,-0.525527,-0.850727,-0.009099,0.698574,-0.437591,0.566133,-0.485607,0.291162,0.824263,-0.000102,-0.002322,0.015491,-0.08932,0.077886,-0.178525,-0.835845,0.075621,0.02234,-0.05609,-0.331179,0.673909,-0.660428,-0.740971,-0.619093,-0.260162,-0.584193,0.403198,0.704378,0.000218,0.000646,0.000516,0.000164,-0.000268,0.000412,-0.220298
123,0.078338,-0.002047,0.368037,-0.528533,0.565941,-0.632779,-0.665593,-0.738876,-0.104974,-0.526304,0.364983,0.767997,0.000191,0.00056,0.000446,-0.0,-0.0,-0.0,-0.030623,-0.097908,0.028239,0.324781,0.583391,0.810056,-0.05879,-0.597837,0.477426,0.643887,0.548906,-0.341514,0.762845,-0.000792,-0.00203,0.033192,-0.056266,0.058262,-0.147211,-1.406568,0.045578,0.037049,-0.018281,-0.523753,-0.851819,-0.009307,0.700014,-0.436588,0.565129,-0.485451,0.289473,0.824949,-0.007971,0.003092,0.012349,-0.040405,-0.020317,-0.018656,-0.834703,0.07558,0.02236,-0.056069,-0.331316,0.673858,-0.660412,-0.740946,-0.619168,-0.260056,-0.584147,0.403169,0.704433,7.7e-05,0.000234,0.00019,-9.3e-05,-8.7e-05,0.000173,-0.221604
124,0.078131,-0.002014,0.368056,-0.52898,0.565673,-0.632645,-0.665347,-0.739143,-0.104657,-0.526166,0.364859,0.76815,-0.013988,0.001487,0.000729,-0.001795,0.027718,-0.05526,-0.041692,-0.09813,0.028288,0.326023,0.58271,0.810641,-0.057472,-0.597384,0.475345,0.645843,0.550121,-0.34303,0.761289,-0.014137,-0.003755,0.033422,-0.069766,-0.005055,-0.022583,-1.406199,0.045465,0.037081,-0.017641,-0.522893,-0.852361,-0.007905,0.699473,-0.434365,0.567505,-0.487153,0.291215,0.823331,-0.007126,-0.001724,0.01685,-0.070895,-0.003,-0.020036,-0.835356,0.075482,0.022376,-0.056059,-0.331766,0.673675,-0.660372,-0.740812,-0.619454,-0.259755,-0.584061,0.403034,0.704581,-6e-05,-0.000177,-0.000139,-0.000102,-3e-05,0.000101,-0.226503
125,0.077929,-0.001977,0.368092,-0.52953,0.565348,-0.632475,-0.665059,-0.739459,-0.104251,-0.525975,0.364722,0.768345,0.000386,0.001129,0.000899,-0.0,-0.0,-0.0,-0.046927,-0.098385,0.028169,0.327178,0.580286,0.812528,-0.0553,-0.599389,0.472195,0.646296,0.550504,-0.342917,0.761063,-0.012881,-0.008929,0.0289,-0.035153,-0.025934,-0.039765,-1.40624,0.04534,0.037034,-0.017066,-0.52027,-0.853979,-0.00611,0.701324,-0.431328,0.567538,-0.487301,0.290988,0.823323,-0.000857,0.002209,0.010563,-0.016534,-0.045273,0.004888,-0.833396,0.075373,0.022389,-0.056046,-0.332417,0.673417,-0.660308,-0.740633,-0.619856,-0.259306,-0.583917,0.402848,0.704806,-0.006502,0.002183,0.001512,-0.000247,0.001677,-0.003789,-0.231402
126,0.077841,-0.001958,0.36813,-0.52971,0.56525,-0.632412,-0.664991,-0.739543,-0.10409,-0.525881,0.364704,0.768419,-0.013272,0.003582,0.002394,-0.000984,0.014715,-0.029553,-0.048648,-0.098475,0.028072,0.327654,0.578461,0.813857,-0.054877,-0.601194,0.470975,0.64551,0.550459,-0.341439,0.76176,0.000817,-0.008714,0.027247,-0.045985,-0.033373,-0.004104,-1.406339,0.04529,0.036987,-0.016826,-0.518246,-0.85521,-0.005911,0.703007,-0.429928,0.566516,-0.487032,0.28944,0.824028,-0.000504,0.000737,0.009296,-0.043957,-0.018117,-0.012226,-0.830783,0.075335,0.022399,-0.056026,-0.332593,0.673355,-0.660282,-0.740613,-0.619941,-0.259159,-0.583843,0.40282,0.704884,-0.000377,-0.004823,0.004845,-0.034577,0.018131,-0.015766,-0.232708
127,0.077665,-0.001922,0.368205,-0.530068,0.565055,-0.632286,-0.664856,-0.73971,-0.103768,-0.52569,0.364667,0.768566,-0.013424,0.003138,0.002039,-0.000984,0.014715,-0.029553,-0.051149,-0.09855,0.027951,0.328405,0.572311,0.818087,-0.056452,-0.60811,0.469716,0.639924,0.549298,-0.33294,0.766346,-0.000209,-0.001741,0.015821,0.161858,-0.128933,-0.093649,-1.406118,0.045253,0.036924,-0.016446,-0.512457,-0.858673,-0.008167,0.708779,-0.428331,0.560503,-0.484787,0.281446,0.828111,-7.7e-05,-0.00104,0.00777,0.210199,-0.154983,-0.112506,-0.830457,0.075247,0.022419,-0.055987,-0.33299,0.673213,-0.660227,-0.740559,-0.620142,-0.258834,-0.583686,0.402748,0.705056,7e-06,2.5e-05,2.3e-05,-3.9e-05,-8e-06,4.2e-05,-0.235484
128,0.07748,-0.001928,0.368285,-0.530525,0.564817,-0.632116,-0.664712,-0.7399,-0.103327,-0.52541,0.364651,0.768766,-0.013456,0.003049,0.001966,-0.000984,0.014715,-0.029553,-0.052537,-0.09854,0.027869,0.328879,0.569115,0.820282,-0.0569,-0.611597,0.46868,0.637356,0.548752,-0.328965,0.76845,-0.001098,0.004646,0.003923,0.014671,-0.008925,-0.007264,-1.406213,0.045257,0.036882,-0.016203,-0.508574,-0.86097,-0.009095,0.712308,-0.426647,0.557304,-0.483703,0.276952,0.830257,0.000429,-0.003169,0.005963,-0.07576,0.097855,-0.173887,-0.83356,0.075155,0.022415,-0.055948,-0.333497,0.673042,-0.660146,-0.740519,-0.620374,-0.258392,-0.583447,0.402678,0.705293,-8e-06,-1.6e-05,-1e-05,-3.1e-05,-1.7e-05,1.9e-05,-0.236954
129,0.077319,-0.001921,0.368428,-0.530897,0.56465,-0.631953,-0.664678,-0.739993,-0.102879,-0.525078,0.364721,0.76896,0.000887,0.002576,0.002049,0.000815,-0.012987,0.025715,-0.05407,-0.098517,0.027761,0.329148,0.565974,0.822418,-0.057383,-0.615231,0.467802,0.634496,0.547942,-0.324844,0.770778,-0.000481,0.002035,0.001716,0.034739,-0.021161,-0.017188,-1.406174,0.045269,0.036826,-0.01607,-0.505438,-0.862805,-0.009937,0.715446,-0.425496,0.554156,-0.482357,0.272982,0.832352,0.006313,0.002298,0.001043,0.014081,-0.048378,0.031056,-0.834213,0.075067,0.022415,-0.055879,-0.333952,0.67291,-0.66005,-0.740559,-0.62052,-0.257924,-0.583135,0.402672,0.705554,0.000268,0.000786,0.000629,-2.7e-05,-1.9e-05,1.2e-05,-0.237933
130,0.077226,-0.001921,0.368529,-0.531115,0.56456,-0.63185,-0.664683,-0.74003,-0.10259,-0.524852,0.364786,0.769083,-0.000199,-0.008016,0.010981,-0.034514,0.018188,-0.015803,-0.056034,-0.098455,0.027693,0.329214,0.565942,0.82244,-0.057386,-0.615103,0.467694,0.6347,0.548119,-0.324945,0.77061,-2.7e-05,0.000113,9.6e-05,0.000508,-0.000309,-0.000251,-1.40622,0.0453,0.036793,-0.016037,-0.505352,-0.862856,-0.009889,0.715261,-0.425265,0.554572,-0.482721,0.273181,0.832076,0.001046,-0.005754,0.00378,-0.044508,0.008878,-0.019267,-0.834213,0.075022,0.022421,-0.055831,-0.334158,0.67286,-0.659997,-0.74061,-0.62056,-0.257682,-0.582952,0.402694,0.705693,0.000471,0.001372,0.001094,0.000795,-0.012992,0.02573,-0.23875
131,0.077026,-0.001931,0.368736,-0.531605,0.564354,-0.631622,-0.664677,-0.740123,-0.101958,-0.524363,0.364917,0.769354,0.000435,0.00126,0.001001,-0.0,-0.0,-0.0,-0.059041,-0.098256,0.027503,0.329343,0.565741,0.822619,-0.056807,-0.615055,0.467,0.635257,0.548381,-0.325492,0.770193,0.002072,-0.011377,0.007677,-0.036204,0.005569,-0.02072,-1.406278,0.045394,0.036697,-0.015979,-0.50517,-0.862969,-0.009311,0.715157,-0.424633,0.55519,-0.483065,0.273807,0.831671,0.001052,-0.005769,0.003768,-0.036402,0.006946,-0.018734,-0.835192,0.074928,0.022413,-0.055723,-0.334696,0.672729,-0.659858,-0.740739,-0.620667,-0.257054,-0.58248,0.402748,0.706052,-0.000196,-0.004274,0.005283,-0.034526,0.018183,-0.015796,-0.241036
132,0.076861,-0.001979,0.368939,-0.532078,0.564168,-0.631389,-0.66471,-0.740182,-0.101303,-0.52384,0.365083,0.769631,0.000452,0.001308,0.001039,0.0,0.0,0.0,-0.060071,-0.09803,0.027362,0.329547,0.570326,0.819508,-0.055918,-0.612336,0.469677,0.635911,0.546669,-0.329472,0.769717,-0.000495,0.002082,0.001755,0.0,-0.0,-0.0,-1.406141,0.045509,0.03662,-0.015882,-0.509931,-0.860178,-0.007865,0.712695,-0.427584,0.55609,-0.4817,0.277963,0.831083,-0.000358,0.001498,0.001262,0.002512,-0.014993,0.025416,-0.835846,0.07484,0.02239,-0.05562,-0.335246,0.672599,-0.659712,-0.740879,-0.620769,-0.256403,-0.581986,0.402809,0.706424,-0.000231,-0.004374,0.005203,-0.034531,0.018194,-0.015801,-0.242342
133,0.076767,-0.002019,0.369099,-0.532242,0.564147,-0.63127,-0.664853,-0.740104,-0.100935,-0.523492,0.365273,0.769778,0.000518,0.001496,0.001188,0.0,0.0,0.0,-0.062325,-0.097797,0.027223,0.329854,0.56846,0.820858,-0.055096,-0.614359,0.468219,0.635034,0.546344,-0.32818,0.770499,0.012323,0.005946,0.003218,0.023245,-0.028232,0.018741,-1.406389,0.045626,0.03655,-0.015729,-0.50795,-0.861355,-0.007324,0.714582,-0.426114,0.554795,-0.480997,0.276575,0.831954,0.007198,-0.002722,0.005444,-0.048124,0.08556,-0.175776,-0.835029,0.074792,0.022369,-0.055541,-0.335428,0.672598,-0.65962,-0.741066,-0.620689,-0.256056,-0.581642,0.402934,0.706636,-0.000154,-0.004156,0.005374,-0.03369,0.005259,0.009947,-0.243812
134,0.076743,-0.002016,0.369152,-0.532293,0.564137,-0.631236,-0.664887,-0.740087,-0.100833,-0.523397,0.365322,0.769819,0.000454,0.001311,0.00104,0.0,0.0,0.0,-0.064062,-0.09772,0.027167,0.330018,0.568341,0.820959,-0.054834,-0.614266,0.46783,0.63541,0.546572,-0.328484,0.770208,-0.000946,0.003964,0.003337,0.000365,-0.000224,-0.000181,-1.406239,0.04567,0.03652,-0.015644,-0.507743,-0.861479,-0.007059,0.714422,-0.425621,0.55538,-0.481453,0.276948,0.831566,0.00699,-0.001854,0.006173,-0.03843,-0.02345,0.032545,-0.834539,0.074781,0.022371,-0.055514,-0.335483,0.672595,-0.659595,-0.741114,-0.620672,-0.255959,-0.58155,0.402965,0.706695,0.000273,0.000795,0.000632,-1.3e-05,-6e-06,2e-06,-0.244955
135,0.076705,-0.001989,0.369224,-0.53233,0.564135,-0.631206,-0.664929,-0.740063,-0.100739,-0.523307,0.365375,0.769856,0.000252,0.000728,0.000577,0.0,0.0,0.0,-0.067406,-0.097604,0.027174,0.330433,0.566823,0.821957,-0.055587,-0.615607,0.46756,0.63431,0.546642,-0.32636,0.77106,0.00011,-0.003123,0.014623,-0.030318,-0.012296,0.001593,-1.406009,0.045728,0.036522,-0.015443,-0.506244,-0.862352,-0.00801,0.715667,-0.425278,0.554037,-0.481181,0.274746,0.832452,0.005545,0.005509,0.003731,-0.009599,-0.029034,0.049958,-0.835192,0.074762,0.022386,-0.055477,-0.335525,0.672597,-0.659571,-0.741166,-0.620646,-0.255871,-0.581459,0.403001,0.706749,0.000141,0.000412,0.000328,-2e-06,-2e-06,4e-06,-0.247078
136,0.076713,-0.001998,0.369217,-0.532327,0.564137,-0.631207,-0.66493,-0.740061,-0.100741,-0.523308,0.365375,0.769855,-0.000333,-0.000961,-0.000763,0.0,0.0,0.0,-0.069744,-0.097545,0.027244,0.330919,0.56665,0.822089,-0.055402,-0.615273,0.467031,0.635023,0.547196,-0.326788,0.770487,-7.1e-05,-0.002366,0.015239,-0.033865,-0.010116,0.003346,-1.406148,0.045757,0.036561,-0.015197,-0.506074,-0.862454,-0.007808,0.715292,-0.424745,0.554931,-0.481919,0.275252,0.831859,-0.001085,0.004502,0.003766,0.001895,-0.014892,0.024972,-0.836009,0.074767,0.022384,-0.055478,-0.335521,0.672599,-0.659572,-0.741168,-0.620643,-0.255873,-0.581459,0.403003,0.706748,0.006487,-0.002216,-0.001526,0.001001,-0.014707,0.029556,-0.248874
137,0.076719,-0.002014,0.369205,-0.532466,0.564054,-0.631164,-0.664853,-0.740144,-0.100643,-0.523264,0.365337,0.769903,-0.000437,-0.001262,-0.001001,0.0,0.0,0.0,-0.070779,-0.097548,0.027259,0.331176,0.564952,0.823267,-0.055239,-0.617212,0.466213,0.633743,0.546771,-0.324981,0.771552,-0.002117,0.008853,0.007398,0.151268,-0.107468,-0.049454,-1.406221,0.045756,0.036565,-0.015065,-0.504739,-0.863236,-0.007779,0.716671,-0.424031,0.553695,-0.481268,0.273897,0.832682,-5.4e-05,-0.001134,0.007656,0.182559,-0.129386,-0.081906,-0.835845,0.07477,0.022376,-0.055485,-0.335676,0.672536,-0.659557,-0.74112,-0.620742,-0.255771,-0.58143,0.402955,0.706799,-0.00025,-0.000725,-0.000575,0.0,-6e-06,-1.3e-05,-0.249364
138,0.076764,-0.002038,0.369187,-0.532276,0.564168,-0.631222,-0.664959,-0.74003,-0.100777,-0.523323,0.365389,0.769837,-7.8e-05,-0.000227,-0.00018,0.0,0.0,0.0,-0.07163,-0.097602,0.027127,0.331706,0.563063,0.824583,-0.0549,-0.618879,0.464888,0.63309,0.546838,-0.323535,0.772112,0.000441,-0.004502,0.013434,-0.015839,-0.021265,-0.005551,-1.405778,0.045727,0.036508,-0.014799,-0.502276,-0.864671,-0.007817,0.718606,-0.422422,0.552416,-0.480961,0.271848,0.833531,0.000263,-0.002469,0.006536,-0.044445,-0.001321,-0.034668,-0.835356,0.074792,0.02236,-0.055496,-0.335464,0.672623,-0.659577,-0.741186,-0.620606,-0.255911,-0.58147,0.40302,0.706729,-4.4e-05,-0.000133,-0.000105,7e-06,1.7e-05,3e-06,-0.250507
139,0.076853,-0.002066,0.369168,-0.532109,0.564269,-0.631273,-0.665052,-0.739931,-0.100896,-0.523375,0.365435,0.76978,-2e-06,-5e-06,-4e-06,0.0,0.0,0.0,-0.071755,-0.097686,0.026799,0.33221,0.559605,0.826933,-0.054928,-0.622354,0.463208,0.630911,0.546449,-0.319921,0.773891,0.001198,-0.007679,0.01079,-0.013867,-0.008458,-0.031836,-1.406251,0.045684,0.036347,-0.014544,-0.498635,-0.866772,-0.008311,0.721737,-0.420471,0.549817,-0.480061,0.268159,0.835243,0.000558,-0.003702,0.00551,-0.047384,-0.017514,-0.014043,-0.836335,0.074836,0.022346,-0.055506,-0.335278,0.672698,-0.659594,-0.741242,-0.620488,-0.256034,-0.581504,0.403077,0.706668,4e-06,1.1e-05,8e-06,8e-06,2e-06,1e-06,-0.25116
140,0.077003,-0.002063,0.36915,-0.531862,0.564408,-0.631357,-0.665158,-0.739807,-0.101105,-0.523492,0.365472,0.769683,0.013667,-0.002426,-0.001468,0.000984,-0.014715,0.029553,-0.071769,-0.097689,0.026433,0.332661,0.554784,0.830108,-0.055933,-0.627471,0.461736,0.626909,0.545519,-0.313752,0.777066,0.00114,-0.007435,0.010996,0.09578,-0.09078,-0.060485,-1.405989,0.045684,0.03616,-0.014322,-0.493994,-0.869409,-0.009805,0.726012,-0.418669,0.545547,-0.478409,0.262378,0.838022,0.000682,-0.004224,0.005077,0.11775,-0.091241,-0.097777,-0.836499,0.074905,0.022349,-0.055515,-0.335025,0.672792,-0.659627,-0.741288,-0.620352,-0.256232,-0.581592,0.403129,0.706566,0.000144,0.000416,0.000328,8e-06,-1.9e-05,-1.3e-05,-0.251323
141,0.077055,-0.002067,0.369147,-0.531741,0.56448,-0.631394,-0.665225,-0.739735,-0.101191,-0.52353,0.365506,0.769642,5e-05,0.000146,0.000116,0.0,0.0,0.0,-0.071816,-0.097645,0.026287,0.332859,0.553184,0.831144,-0.056389,-0.629048,0.461262,0.625676,0.54533,-0.311693,0.778027,0.001297,-0.008093,0.010451,-0.004981,-0.014063,-0.036197,-1.405841,0.045706,0.036085,-0.014218,-0.492019,-0.87052,-0.010544,0.727695,-0.417882,0.543905,-0.477887,0.259939,0.839079,0.000643,-0.004056,0.005217,-0.048565,-0.0036,-0.040594,-0.835845,0.074937,0.022346,-0.055515,-0.334868,0.672855,-0.659642,-0.741335,-0.620252,-0.256336,-0.581622,0.403177,0.706514,2.7e-05,7.5e-05,5.7e-05,1.1e-05,-3e-06,-1e-06,-0.251487
142,0.07711,-0.002066,0.369151,-0.531603,0.564564,-0.631436,-0.665302,-0.739652,-0.101289,-0.523573,0.365544,0.769595,4e-06,1.2e-05,1e-05,0.0,0.0,0.0,-0.073626,-0.097516,0.026042,0.333223,0.549944,0.833246,-0.057049,-0.632365,0.460163,0.623136,0.544775,-0.307668,0.780015,0.001489,-0.008896,0.009789,-0.029054,0.000898,-0.024364,-1.406114,0.04577,0.035963,-0.014036,-0.488647,-0.872404,-0.011554,0.730589,-0.416381,0.54117,-0.47693,0.256,0.840833,0.000747,-0.004483,0.004864,-0.057531,0.008829,-0.025748,-0.837315,0.074965,0.022348,-0.055514,-0.334714,0.672918,-0.659656,-0.741382,-0.620153,-0.256438,-0.581651,0.403224,0.706464,-5e-06,-1.2e-05,-1.1e-05,-1e-06,-8e-06,-7e-06,-0.25165
143,0.077211,-0.002052,0.369151,-0.531331,0.564721,-0.631524,-0.665437,-0.739502,-0.101498,-0.523677,0.365604,0.769495,0.000181,0.000525,0.000417,0.0,0.0,0.0,-0.076079,-0.097298,0.025871,0.333532,0.548336,0.834268,-0.057588,-0.633739,0.459618,0.622141,0.544801,-0.305701,0.78077,-0.00071,0.002973,0.002463,0.003093,-0.01589,0.023861,-1.405926,0.04588,0.035874,-0.013884,-0.487059,-0.873283,-0.012221,0.731724,-0.415666,0.540186,-0.476815,0.25416,0.841456,0.007323,-0.00328,0.004983,-0.043802,-0.006552,0.008873,-0.836336,0.075015,0.022354,-0.055514,-0.334412,0.673035,-0.659689,-0.741458,-0.619974,-0.256653,-0.581728,0.403304,0.706354,0.006832,-0.001209,-0.000732,0.000979,-0.014708,0.029553,-0.253283
