frame,MLTx,MLTy,MLTz,MLTR1,MLTR2,MLTR3,MLTR4,MLTR5,MLTR6,MLTR7,MLTR8,MLTR9,MLTTVx,MLTTVy,MLTTVz,MLTRVx,MLTRVy,MLTRVz,MLGA,MRTx,MRTy,MRTz,MRTR1,MRTR2,MRTR3,MRTR4,MRTR5,MRTR6,MRTR7,MRTR8,MRTR9,MRTTVx,MRTTVy,MRTTVz,MRTRVx,MRTRVy,MRTRVz,MRGA,SLTx,SLTy,SLTz,SLTR1,SLTR2,SLTR3,SLTR4,SLTR5,SLTR6,SLTR7,SLTR8,SLTR9,SLTTVx,SLTTVy,SLTTVz,SLTRVx,SLTRVy,SLTRVz,SLGA,SRTx,SRTy,SRTz,SRTR1,SRTR2,SRTR3,SRTR4,SRTR5,SRTR6,SRTR7,SRTR8,SRTR9,SRTTVx,SRTTVy,SRTTVz,SRTRVx,SRTRVy,SRTRVz,SRGA
20,0.113417,-0.017004,0.364476,-0.115498,0.218199,-0.969069,-0.619494,-0.778395,-0.101487,-0.776327,0.588336,0.226282,0.000311,0.00136,0.00112,0.0,0.0,0.0,-0.835467,-0.152693,0.00736,0.322859,0.559131,0.07323,0.825833,-0.551448,0.776553,0.304638,-0.619673,-0.625824,0.473511,-0.005282,0.04812,-0.046986,-0.041165,0.421324,0.377322,0.120603,0.043266,0.022892,-0.015267,-0.505031,-0.008129,0.863062,0.457928,-0.850132,0.259954,0.731604,0.526505,0.433066,-0.002039,0.018269,-0.019677,-0.149983,0.488581,0.626719,-0.059726,0.072263,0.015996,-0.057466,-0.214079,0.284716,-0.934401,-0.555837,-0.822117,-0.123156,-0.803252,0.49301,0.334254,0.000181,0.000794,0.000654,0.000907,-0.012603,0.025891,-0.871174
21,0.113386,-0.016943,0.364513,-0.118289,0.216854,-0.969034,-0.619722,-0.77858,-0.098639,-0.775721,0.588591,0.227693,0.000298,0.001301,0.001071,-1e-06,2e-06,-4e-06,-0.708623,-0.152978,0.009186,0.320937,0.560585,0.059904,0.825923,-0.562448,0.759461,0.32681,-0.608359,-0.647811,0.458369,-0.005103,0.045022,-0.049671,-4.672418,-1.350421,-1.885556,0.15962,0.043125,0.02379,-0.016207,-0.504445,0.007661,0.863409,0.468106,-0.837829,0.280923,0.725542,0.545878,0.419053,-0.009982,0.027595,-0.028577,-0.147583,0.629358,0.754262,-0.004043,0.072248,0.016027,-0.057447,-0.21677,0.283095,-0.934273,-0.555814,-0.822557,-0.120284,-0.802545,0.493209,0.335654,0.000185,0.000819,0.000674,0.001811,-0.002244,0.004314,-0.798183
22,0.113335,-0.016808,0.36457,-0.128053,0.212165,-0.968832,-0.620697,-0.779009,-0.088611,-0.773377,0.589736,0.23265,0.00055,0.002402,0.001975,-0.000149,0.000262,-0.000523,-0.533075,-0.153448,0.011068,0.318831,0.562673,0.037707,0.825814,-0.563995,0.747762,0.350277,-0.604988,-0.662887,0.440947,-0.019874,0.053546,-0.05852,-0.100826,0.49116,0.665627,0.179045,0.042894,0.024742,-0.017277,-0.503439,0.027381,0.863595,0.477652,-0.824062,0.304579,0.719997,0.565836,0.401787,-0.009879,0.026158,-0.029811,-0.237901,0.828705,0.622927,0.034656,0.072222,0.016094,-0.057419,-0.226095,0.277479,-0.933748,-0.555914,-0.823898,-0.110228,-0.7999,0.494162,0.340534,0.000343,0.001502,0.001235,0.009978,-0.091488,0.187255,-0.686166
23,0.113321,-0.016706,0.3646,-0.132764,0.209894,-0.968692,-0.621122,-0.779206,-0.083764,-0.772235,0.590291,0.235026,0.000861,0.003762,0.003092,0.000888,-0.012594,0.025848,-0.444083,-0.153743,0.012021,0.317722,0.563023,0.027246,0.825987,-0.567158,0.739578,0.362339,-0.601693,-0.672496,0.430786,-0.018666,0.041395,-0.051425,-0.559764,0.344867,0.418838,0.199522,0.042746,0.025222,-0.017835,-0.502292,0.038199,0.863853,0.482281,-0.816825,0.316544,0.717709,0.575618,0.391862,-0.003013,0.027051,-0.029667,-1.605125,0.076592,0.11996,0.052782,0.072214,0.016143,-0.057405,-0.230569,0.274769,-0.933455,-0.555911,-0.824533,-0.105394,-0.798624,0.494617,0.342859,0.000337,0.001482,0.001217,0.003598,-0.004576,0.008814,-0.619054
24,0.113317,-0.016468,0.364649,-0.141649,0.205602,-0.968354,-0.621904,-0.779515,-0.074591,-0.770014,0.591398,0.239488,0.000827,0.003612,0.002964,-0.061335,0.107969,-0.215398,-0.301191,-0.154433,0.014161,0.315471,0.562442,0.010324,0.826767,-0.578454,0.71927,0.384675,-0.59138,-0.694608,0.409454,-0.006287,0.058205,-0.055427,-0.190315,0.704329,0.628068,0.271858,0.042404,0.026256,-0.018946,-0.499842,0.052958,0.864496,0.498316,-0.798796,0.337054,0.708405,0.599266,0.372882,-0.00994,0.028189,-0.027849,-0.046255,0.370874,0.591492,0.124466,0.072213,0.016263,-0.05738,-0.23821,0.270122,-0.932892,-0.555903,-0.825556,-0.097095,-0.796384,0.495469,0.346817,0.000662,0.006905,-0.003169,-0.642854,1.183607,-2.372533,-0.495116
25,0.113273,-0.016282,0.364695,-0.146378,0.203304,-0.968135,-0.622177,-0.779747,-0.069728,-0.768902,0.591889,0.241834,-0.013208,0.00515,0.004045,-0.001741,0.005,-0.00948,-0.195874,-0.15523,0.016323,0.313489,0.561303,0.002177,0.827602,-0.591712,0.700086,0.399613,-0.579204,-0.713999,0.393181,-0.018904,0.048207,-0.04493,0.018664,0.267486,0.249569,0.334159,0.042003,0.027363,-0.019961,-0.496716,0.064011,0.865549,0.514966,-0.781024,0.353285,0.698629,0.621211,0.354984,-0.009995,0.030021,-0.026081,0.072035,0.241649,0.25695,0.214929,0.072196,0.016357,-0.057356,-0.24343,0.266933,-0.932463,-0.555752,-0.826301,-0.091457,-0.794909,0.495955,0.349495,0.000237,0.001038,0.000851,-0.003181,0.006617,-0.013449,-0.404816
26,0.113199,-0.016166,0.364763,-0.148956,0.201457,-0.968128,-0.612836,-0.787125,-0.069556,-0.775873,0.582689,0.241912,0.000536,0.002336,0.001913,0.013001,0.000934,-0.003249,-0.1272,-0.156138,0.01836,0.311793,0.559892,-0.012351,0.828469,-0.597317,0.686808,0.414054,-0.574793,-0.726657,0.376092,-0.032658,0.051432,-0.040453,-0.081887,0.445911,0.38162,0.390599,0.041542,0.028398,-0.020828,-0.493569,0.077087,0.866282,0.523181,-0.769365,0.366548,0.694744,0.63414,0.339404,-0.016308,0.025859,-0.020083,-0.110962,0.489559,0.413996,0.294942,0.072154,0.016417,-0.057321,-0.245762,0.264892,-0.932433,-0.5458,-0.832769,-0.092721,-0.801063,0.486135,0.349241,0.000302,0.001319,0.001082,0.043811,-0.008901,0.014183,-0.336071
27,0.113164,-0.016125,0.364782,-0.148986,0.19794,-0.968849,-0.608046,-0.790954,-0.068147,-0.779626,0.578702,0.239404,-0.013638,0.003249,0.002485,0.010917,-0.004987,-0.042789,-0.108086,-0.156613,0.019312,0.311092,0.559877,-0.01391,0.828454,-0.602571,0.67932,0.418768,-0.56929,-0.733632,0.370886,-0.032725,0.054223,-0.037821,0.026694,0.248899,0.23579,0.41864,0.041317,0.028851,-0.021166,-0.493208,0.079097,0.866307,0.529833,-0.76252,0.371267,0.689943,0.642111,0.334173,-0.008975,0.02184,-0.01539,-0.028447,0.285865,0.277836,0.331845,0.072137,0.016439,-0.057309,-0.245389,0.261186,-0.933576,-0.540561,-0.836272,-0.091879,-0.804722,0.482109,0.346398,-0.006828,0.001585,0.001211,0.012303,0.02656,-0.029267,-0.311904
28,0.113085,-0.016101,0.364814,-0.149387,0.19774,-0.968828,-0.608017,-0.79101,-0.06775,-0.779571,0.578694,0.239602,8e-06,3.6e-05,3e-05,-0.0,-4e-06,-2e-06,-0.082509,-0.157628,0.021048,0.310038,0.560167,-0.004843,0.82836,-0.621948,0.657917,0.424569,-0.547729,-0.753009,0.364463,-0.016987,0.036191,-0.019535,0.026523,0.132746,-0.112586,0.465129,0.040804,0.029727,-0.0217,-0.494834,0.070638,0.866111,0.552185,-0.744038,0.376161,0.670991,0.664391,0.329171,-0.015836,0.023903,-0.012769,0.024429,-0.072984,-0.038941,0.402713,0.072098,0.016452,-0.057293,-0.245936,0.261202,-0.933428,-0.540523,-0.836325,-0.091615,-0.80458,0.482008,0.346868,-1e-05,-4.4e-05,-3.5e-05,-0.000367,0.000914,0.000564,-0.284308
29,0.112957,-0.016089,0.36481,-0.151237,0.196494,-0.968794,-0.603216,-0.794734,-0.067078,-0.782934,0.574,0.239928,-1.4e-05,-6.3e-05,-5.1e-05,-0.0,-0.0,-0.0,-0.058842,-0.158757,0.022491,0.309367,0.562516,0.009744,0.826723,-0.640884,0.636722,0.428703,-0.5229,-0.770986,0.363345,-0.029431,0.025534,-0.009923,0.042547,0.029764,-0.007078,0.494515,0.040255,0.030442,-0.022029,-0.499347,0.056146,0.86458,0.574205,-0.725823,0.378772,0.648799,0.685586,0.330199,-0.014712,0.012952,-0.004781,-0.055348,-0.043357,-0.075233,0.452844,0.072033,0.016456,-0.057297,-0.247669,0.259794,-0.933363,-0.535377,-0.839626,-0.09164,-0.807484,0.477004,0.347036,-1.3e-05,-5.5e-05,-4.2e-05,-0.000477,1.7e-05,9.3e-05,-0.26455
30,0.112883,-0.016069,0.364798,-0.15135,0.192895,-0.9695,-0.598343,-0.798538,-0.065527,-0.786641,0.569933,0.237484,0.000454,0.010099,-0.009382,0.034657,-0.025934,0.012047,-0.048086,-0.159324,0.023044,0.309169,0.562219,0.019861,0.826744,-0.651404,0.626388,0.428071,-0.510045,-0.779226,0.364039,-0.029416,0.026493,-0.009048,0.05764,0.002881,-0.027703,0.504374,0.03996,0.030733,-0.022134,-0.500498,0.045784,0.864525,0.585964,-0.717185,0.377212,0.637296,0.695376,0.332122,-0.014721,0.01381,-0.003994,0.039137,-0.033645,-0.021843,0.470806,0.071996,0.016462,-0.057299,-0.247393,0.256026,-0.934476,-0.530074,-0.843091,-0.090657,-0.811059,0.472914,0.344288,-0.00699,0.000878,0.000631,-0.000272,0.030384,-0.022707,-0.255569
31,0.112746,-0.016049,0.3648,-0.156444,0.189585,-0.969344,-0.588954,-0.805722,-0.062586,-0.7927,0.560868,0.238914,-2e-06,-7e-06,-6e-06,-0.0,-2e-06,-1e-06,-0.007738,-0.160634,0.023885,0.308969,0.56791,0.030305,0.822527,-0.658378,0.616315,0.432005,-0.494535,-0.786898,0.368902,-0.02829,0.015936,-0.000764,-0.002467,-0.018307,-0.032564,0.519442,0.039305,0.031158,-0.022236,-0.507961,0.036237,0.860616,0.594465,-0.708296,0.380693,0.623367,0.704984,0.338245,-0.020888,0.007295,-0.000329,-0.090527,-0.045271,-0.105213,0.496769,0.071928,0.016475,-0.057302,-0.252303,0.252467,-0.934131,-0.519864,-0.849578,-0.089203,-0.816139,0.463115,0.345599,-0.006962,0.001009,0.000739,-0.00128,0.014862,-0.027994,-0.230422
32,0.112622,-0.015992,0.364779,-0.158907,0.184645,-0.969897,-0.584114,-0.809545,-0.058472,-0.795781,0.557006,0.237704,-0.0,-0.0,-0.0,-0.018333,-0.326604,-0.158807,0.019922,-0.16214,0.024464,0.308955,0.571886,0.05126,0.818725,-0.676647,0.593563,0.435621,-0.464332,-0.803163,0.373078,-0.041706,0.015493,7.2e-05,-4.492387,-2.390166,-2.108811,0.521295,0.038558,0.031448,-0.022243,-0.514885,0.019452,0.857038,0.611958,-0.691773,0.383348,0.600332,0.721852,0.34428,-0.020329,0.001667,0.003472,-0.003453,0.033397,-0.067911,0.510485,0.071866,0.016504,-0.057313,-0.25512,0.248553,-0.934416,-0.5145,-0.85312,-0.086457,-0.818658,0.458701,0.345528,3e-06,6e-06,6e-06,-0.036391,-0.55999,-0.269757,-0.200703
33,0.112574,-0.015867,0.364656,-0.167288,0.179635,-0.969428,-0.579412,-0.813433,-0.050798,-0.79749,0.552973,0.241367,0.000383,0.009776,-0.009645,0.02992,-0.005522,-0.002195,0.048532,-0.163953,0.024886,0.309053,0.573064,0.065,0.816924,-0.686196,0.58287,0.435123,-0.448576,-0.80999,0.37757,-0.055062,0.014306,0.000175,0.048992,0.105103,-0.307205,0.521288,0.037656,0.031662,-0.022193,-0.518434,0.002502,0.855113,0.626777,-0.679143,0.381986,0.581701,0.734001,0.350523,-0.027045,0.001823,0.004215,0.025886,-0.014741,-0.141954,0.515221,0.071842,0.016567,-0.057374,-0.26226,0.241519,-0.934284,-0.508749,-0.857299,-0.078808,-0.819995,0.454648,0.347709,0.000188,0.004866,-0.00484,0.032186,-0.005704,0.006148,-0.161677
34,0.112562,-0.015751,0.364486,-0.170629,0.174438,-0.969795,-0.57918,-0.813964,-0.04456,-0.796946,0.553862,0.241124,-7.9e-05,0.007777,-0.011281,-0.614451,1.179994,-2.387166,0.066928,-0.164935,0.025063,0.309145,0.571455,0.068041,0.817802,-0.687434,0.583786,0.431928,-0.44873,-0.809084,0.379326,-0.054031,0.003401,0.008099,0.099543,-0.147327,-0.241879,0.521002,0.037165,0.031754,-0.02215,-0.517,5.4e-05,0.855985,0.627649,-0.679937,0.379131,0.582037,0.73327,0.351493,-0.020283,0.001983,0.00371,0.16696,-0.244279,-0.311895,0.516037,0.071837,0.016625,-0.057452,-0.262626,0.23751,-0.935208,-0.508075,-0.858021,-0.075229,-0.820296,0.455399,0.346011,-0.000104,0.003594,-0.005881,0.037145,0.011343,0.002606,-0.141429
35,0.112441,-0.015431,0.36382,-0.171975,0.166804,-0.970899,-0.577832,-0.815264,-0.037769,-0.797633,0.55431,0.237799,-0.000835,0.012628,-0.024964,0.067311,-0.05935,-0.011783,0.076152,-0.166893,0.025291,0.309494,0.566959,0.08498,0.819346,-0.692133,0.588317,0.418054,-0.4472,-0.804208,0.391311,-0.053955,0.004433,0.008919,0.256902,-0.423769,-0.491979,0.51944,0.036186,0.031869,-0.021975,-0.514796,-0.016795,0.857147,0.630541,-0.684826,0.365279,0.580862,0.728512,0.363136,-0.027002,0.002936,0.005145,0.399997,-0.657722,-0.634648,0.514894,0.071778,0.016784,-0.057766,-0.265679,0.228112,-0.936685,-0.506026,-0.859996,-0.065908,-0.82058,0.456477,0.343914,-0.007633,0.002121,-0.007182,0.042877,-0.090714,0.13953,-0.112036
36,0.112233,-0.014996,0.362678,-0.164196,0.154062,-0.974346,-0.575029,-0.817474,-0.032408,-0.801298,0.554761,0.224029,-0.001619,0.017372,-0.03876,0.086312,-0.348484,-0.161909,0.083099,-0.169087,0.025327,0.309914,0.556521,0.123383,0.821615,-0.702306,0.59806,0.386036,-0.444423,-0.792005,0.418425,-0.053862,0.003307,0.007778,0.595763,-1.065935,-0.953394,0.519565,0.035109,0.031888,-0.021766,-0.509389,-0.053723,0.858857,0.636771,-0.694859,0.334204,0.57883,0.717136,0.388163,-0.026956,0.001822,0.00408,0.603825,-1.033559,-0.940453,0.514567,0.071679,0.016998,-0.058327,-0.257667,0.217451,-0.941446,-0.502769,-0.862226,-0.061549,-0.825124,0.457471,0.331495,-0.001104,0.003285,-0.014983,0.034518,-0.558639,-0.288432,-0.101259
37,0.112128,-0.014662,0.361943,-0.159895,0.141885,-0.976907,-0.56334,-0.825741,-0.02778,-0.810423,0.545708,0.213178,-0.001787,0.016657,-0.039364,0.075066,-0.635241,-0.305856,0.083774,-0.170165,0.025323,0.310062,0.549794,0.147745,0.822125,-0.708256,0.604086,0.365223,-0.443343,-0.783245,0.435702,-0.053819,0.001076,0.00571,0.543975,-1.049727,-0.726118,0.518708,0.034569,0.031895,-0.021691,-0.506102,-0.080336,0.858723,0.640453,-0.701854,0.311801,0.57765,0.707775,0.406661,-0.02694,0.000317,0.002695,0.769939,-1.360379,-1.227498,0.514241,0.071626,0.017163,-0.058696,-0.253227,0.207026,-0.944994,-0.490156,-0.869623,-0.059169,-0.834039,0.448212,0.321688,-0.000765,0.008793,-0.019291,0.143597,-0.180075,-0.060459,-0.097503
38,0.11193,-0.013731,0.360214,-0.146022,0.117818,-0.982264,-0.548937,-0.835638,-0.018681,-0.822844,0.536323,0.187919,-0.001395,0.026452,-0.048987,0.100945,-0.78903,-0.361098,0.082453,-0.172109,0.024827,0.310485,0.540979,0.209631,0.814486,-0.719243,0.617128,0.319025,-0.436422,-0.758651,0.483577,-0.05297,-0.014037,0.009821,0.7096,-1.406939,-1.022481,0.504912,0.033597,0.031659,-0.021482,-0.506687,-0.142144,0.85033,0.646132,-0.715598,0.26539,0.570771,0.683896,0.454428,-0.019347,-0.012794,0.008066,0.693754,-1.432881,-1.022016,0.506403,0.071521,0.017619,-0.059555,-0.237975,0.184925,-0.953503,-0.474266,-0.878839,-0.052077,-0.847607,0.439822,0.296845,-0.007541,0.014604,-0.023446,0.090915,-1.164435,-0.332332,-0.093585
39,0.111741,-0.012543,0.358219,-0.129202,0.0909,-0.987466,-0.523733,-0.851808,-0.00994,-0.841882,0.515767,0.158892,-0.014848,0.038546,-0.056876,0.154904,-0.526164,-0.245469,0.086397,-0.173842,0.023787,0.311108,0.535973,0.281098,0.796058,-0.729724,0.628294,0.269598,-0.425027,-0.725744,0.540843,-0.037949,-0.037727,0.022946,0.724252,-1.546228,-1.134946,0.489655,0.032705,0.031135,-0.021172,-0.513136,-0.214569,0.831053,0.651592,-0.72762,0.214462,0.558675,0.651557,0.51318,-0.026168,-0.013444,0.008034,0.934363,-1.960093,-1.215132,0.487461,0.07143,0.018217,-0.060569,-0.217695,0.157868,-0.963164,-0.446828,-0.893464,-0.045451,-0.867728,0.420475,0.265042,-0.000697,0.013078,-0.024613,0.129077,-0.582433,-0.234238,-0.091952
40,0.111533,-0.011065,0.355853,-0.11664,0.051433,-0.991864,-0.506951,-0.86183,0.014872,-0.853916,0.504494,0.127833,-0.015199,0.037005,-0.058155,-0.149113,0.50639,-2.808754,0.095098,-0.17542,0.022872,0.311762,0.533257,0.350199,0.770058,-0.738264,0.636981,0.22171,-0.413518,-0.687167,0.597216,-0.038863,-0.023499,0.01791,0.67118,-1.386272,-0.945022,0.476065,0.031916,0.030667,-0.020847,-0.521894,-0.284017,0.804338,0.655708,-0.73669,0.165326,0.545593,0.613694,0.570707,-0.019867,-0.006555,0.004733,0.799814,-1.665755,-0.922871,0.469009,0.071327,0.018957,-0.061751,-0.200485,0.12277,-0.971973,-0.427546,-0.90362,-0.025949,-0.881481,0.410361,0.233652,-0.000335,0.022657,-0.034361,0.165787,-1.009968,-0.430822,-0.080685
41,0.111411,-0.010205,0.354532,-0.110094,0.029832,-0.993496,-0.497904,-0.866727,0.029096,-0.860093,0.497828,0.111512,-0.000699,0.04555,-0.06852,0.175683,-0.858314,-0.37073,0.100161,-0.176232,0.022411,0.312074,0.533077,0.379951,0.755949,-0.741365,0.640187,0.201178,-0.408159,-0.668149,0.62197,-0.038933,-0.024792,0.016736,0.624215,-1.367667,-0.715629,0.473358,0.031525,0.030445,-0.020691,-0.526479,-0.312078,0.790838,0.65702,-0.739699,0.145495,0.539577,0.596197,0.594478,-0.019481,-0.012423,0.00837,0.616568,-1.352693,-0.702588,0.461825,0.07126,0.019365,-0.062383,-0.195321,0.101013,-0.975523,-0.416912,-0.908884,-0.010638,-0.887712,0.404629,0.219638,-0.007568,0.018424,-0.029134,0.124007,-0.924719,-0.763702,-0.074153
42,0.111236,-0.008419,0.351946,-0.10012,-0.015782,-0.994873,-0.479334,-0.875419,0.062072,-0.871793,0.483106,0.081321,-0.000538,0.046185,-0.067927,0.161542,-0.618846,-0.750421,0.117381,-0.177718,0.021391,0.312785,0.535719,0.420602,0.732182,-0.74444,0.644382,0.17468,-0.398987,-0.639169,0.65737,-0.03904,-0.024579,0.016915,0.329774,-0.919997,-0.124136,0.471663,0.030768,0.02993,-0.020332,-0.536479,-0.354417,0.765883,0.658018,-0.743907,0.116674,0.528395,0.566559,0.632304,-0.019531,-0.012308,0.008466,0.365378,-0.893223,-0.353835,0.455293,0.071172,0.020274,-0.063703,-0.180262,0.055796,-0.982034,-0.39483,-0.918529,0.020287,-0.900896,0.391393,0.187606,-0.00022,0.02307,-0.033974,0.120882,-0.562218,-1.2423,-0.055864
43,0.111144,-0.006546,0.349304,-0.08566,-0.065357,-0.994201,-0.465448,-0.879631,0.097875,-0.880827,0.47121,0.046167,-0.014217,0.048991,-0.065729,0.154145,-1.02058,-0.739495,0.152143,-0.179036,0.020376,0.313486,0.541712,0.452155,0.708586,-0.744851,0.648781,0.155606,-0.39002,-0.61265,0.687319,-0.03988,-0.012578,0.009826,0.488225,-1.021137,-0.420046,0.472292,0.030094,0.029412,-0.019976,-0.548639,-0.38269,0.743331,0.656276,-0.747955,0.099315,0.517972,0.542319,0.661508,-0.019955,-0.006292,0.004934,0.433757,-0.942536,-0.366111,0.454476,0.071126,0.021227,-0.06505,-0.162078,0.008044,-0.986744,-0.377579,-0.924372,0.054484,-0.911681,0.381404,0.152858,-0.007059,0.024486,-0.032867,0.142752,-1.112526,-0.776363,-0.024023
44,0.111075,-0.004676,0.346784,-0.064493,-0.113295,-0.991489,-0.457937,-0.87938,0.130219,-0.886575,0.462575,0.006067,0.000276,0.049508,-0.064934,0.140469,-0.997526,-0.919618,0.189038,-0.180163,0.01965,0.314164,0.5467,0.468155,0.69422,-0.742936,0.653524,0.144518,-0.386699,-0.595355,0.704187,-0.012004,-0.019871,0.018975,0.075601,-0.361315,0.10718,0.494536,0.029535,0.029053,-0.019648,-0.556561,-0.399706,0.728336,0.653267,-0.75218,0.086405,0.513304,0.523888,0.679749,-0.019555,-0.009827,0.01068,0.061465,-0.366485,0.245318,0.466723,0.071091,0.022141,-0.066288,-0.13705,-0.036778,-0.989881,-0.367697,-0.926023,0.085314,-0.919791,0.375669,0.113388,0.000268,0.025089,-0.032173,0.144523,-1.212965,-0.810733,0.029047
45,0.111063,-0.003762,0.345608,-0.051705,-0.13746,-0.98918,-0.454855,-0.878533,0.145806,-0.889012,0.457639,-0.015867,0.000647,0.05103,-0.063575,0.133961,-1.220432,-0.82201,0.200289,-0.18065,0.019286,0.314588,0.550462,0.476211,0.685715,-0.741991,0.655446,0.140615,-0.383158,-0.586795,0.713249,-0.024807,-0.029946,0.02888,0.114917,-0.499261,-0.002428,0.510666,0.029296,0.028874,-0.01944,-0.562039,-0.406043,0.720583,0.651666,-0.753898,0.08347,0.509354,0.516493,0.688325,-0.012779,-0.009256,0.010655,0.196411,-0.567489,-0.058794,0.484359,0.071084,0.022597,-0.066877,-0.122573,-0.059349,-0.990683,-0.363422,-0.926193,0.10045,-0.923525,0.372348,0.091958,0.000144,0.020529,-0.027117,0.086971,-1.429613,-0.931625,0.049295
46,0.111077,-0.001947,0.343436,-0.024668,-0.182696,-0.982883,-0.439284,-0.88117,0.174761,-0.897991,0.436299,-0.057295,0.000939,0.04415,-0.051486,0.098653,-1.127908,-0.773971,0.21975,-0.181517,0.01832,0.315459,0.555319,0.490389,0.671663,-0.741555,0.657478,0.133244,-0.37694,-0.572682,0.727884,-0.02568,-0.021871,0.018269,0.25951,-0.564956,-0.306899,0.520205,0.028863,0.028396,-0.018993,-0.569924,-0.417878,0.707505,0.650223,-0.755792,0.077383,0.50239,0.504138,0.702459,-0.005719,-0.016584,0.012497,0.245223,-0.716912,-0.127647,0.510975,0.071091,0.023505,-0.067969,-0.091071,-0.102513,-0.990553,-0.345258,-0.929742,0.127962,-0.934078,0.35365,0.049279,0.000854,0.027503,-0.030008,0.126837,-1.299173,-0.847175,0.084402
47,0.111123,-0.001059,0.342443,-0.011003,-0.203278,-0.979082,-0.431959,-0.882078,0.187938,-0.901824,0.42524,-0.076883,0.00062,0.03476,-0.041639,0.07285,-0.935546,-0.694904,0.223747,-0.181832,0.017694,0.315959,0.554454,0.498586,0.666321,-0.742657,0.657652,0.126047,-0.376038,-0.565361,0.734047,-0.01136,-0.031025,0.026905,0.159331,-0.475607,-0.189225,0.520321,0.0287,0.02808,-0.018752,-0.570586,-0.427008,0.701494,0.650833,-0.756064,0.069154,0.500846,0.496015,0.709311,-0.012502,-0.016011,0.013548,0.245606,-0.675578,-0.158671,0.515057,0.071114,0.023966,-0.068484,-0.074216,-0.123527,-0.989561,-0.33671,-0.930921,0.141459,-0.938679,0.343693,0.027497,0.000387,0.017533,-0.020683,0.069306,-0.950656,-0.705005,0.0942
48,0.111181,0.000587,0.340615,0.015431,-0.241091,-0.970403,-0.418204,-0.883085,0.212693,-0.908253,0.40284,-0.113243,0.000565,0.0345,-0.041798,0.127476,-0.709279,-0.594174,0.242596,-0.182393,0.0163,0.317419,0.542718,0.51899,0.660377,-0.747949,0.656266,0.099102,-0.382611,-0.548365,0.743484,-0.010469,-0.035579,0.040766,0.167808,-0.518978,-0.251247,0.530679,0.02842,0.027378,-0.018032,-0.5622,-0.448797,0.69463,0.654316,-0.755068,0.041726,0.505767,0.477966,0.718155,-0.012048,-0.017505,0.021171,0.251205,-0.644895,-0.34476,0.521099,0.071144,0.024781,-0.069379,-0.043938,-0.159127,-0.986279,-0.321039,-0.932621,0.164772,-0.946045,0.323874,-0.010109,0.000515,0.018074,-0.020177,0.221591,-0.997096,-0.473658,0.115101
49,0.111207,0.001897,0.338956,0.042522,-0.275138,-0.960488,-0.400539,-0.885393,0.235839,-0.915357,0.375021,-0.146655,-9.6e-05,0.031738,-0.044165,0.081234,-0.861144,-0.46894,0.288382,-0.182985,0.014586,0.319138,0.531544,0.535203,0.656513,-0.751341,0.655706,0.073951,-0.391548,-0.533247,0.749801,-0.023557,-0.050062,0.046876,0.072317,-0.119865,-0.582852,0.533578,0.028129,0.026537,-0.017166,-0.55407,-0.466534,0.689457,0.655826,-0.754734,0.016338,0.512735,0.461217,0.724141,-0.005,-0.025032,0.022927,0.222582,-0.176888,-0.53124,0.522569,0.071159,0.025442,-0.070203,-0.013981,-0.190597,-0.981568,-0.301263,-0.935244,0.185894,-0.953437,0.29831,-0.044344,6.9e-05,0.016201,-0.021785,0.050473,-1.026681,-0.767418,0.164415
50,0.111196,0.002753,0.337264,0.072565,-0.304584,-0.949741,-0.3734,-0.891273,0.257248,-0.924929,0.33634,-0.177223,0.011227,0.011535,-0.043608,0.040003,-0.915967,-0.528171,0.299828,-0.18349,0.012589,0.321073,0.527214,0.554619,0.643766,-0.755474,0.65268,0.056577,-0.389437,-0.516874,0.762262,-0.009171,-0.057556,0.057191,0.158137,-0.523897,-0.533659,0.532842,0.027867,0.025514,-0.016186,-0.553201,-0.485799,0.676733,0.659258,-0.751915,-0.000853,0.509261,0.44567,0.736227,-0.004618,-0.028605,0.02876,0.199777,-0.585311,-0.573383,0.522732,0.07115,0.025884,-0.071043,0.018736,-0.217302,-0.975924,-0.271901,-0.940415,0.204175,-0.962142,0.261529,-0.076705,-0.000811,0.01256,-0.02498,0.075514,-1.010778,-0.564632,0.204094
51,0.111171,0.003042,0.336328,0.088327,-0.319749,-0.943401,-0.362885,-0.892325,0.268406,-0.927759,0.319032,-0.193673,-0.003188,0.010924,-0.044518,0.030608,-1.006007,-0.590023,0.296575,-0.183618,0.011501,0.322229,0.521846,0.56753,0.636851,-0.759716,0.64867,0.044642,-0.388405,-0.507836,0.768835,-0.009107,-0.055353,0.059224,0.237423,-0.665245,-0.596384,0.532929,0.027811,0.025006,-0.015651,-0.550208,-0.497677,0.670512,0.66284,-0.748668,-0.011775,0.507851,0.437964,0.741804,0.002246,-0.027458,0.029294,0.094447,-0.428216,-0.404609,0.522732,0.071144,0.02602,-0.071491,0.035248,-0.230457,-0.972443,-0.260438,-0.941544,0.213694,-0.964846,0.245729,-0.093207,-0.00168,0.004958,-0.02269,0.038187,-0.692109,-0.670353,0.20785
52,0.110985,0.003373,0.334532,0.111354,-0.342546,-0.932903,-0.358377,-0.889399,0.283738,-0.927062,0.303156,-0.220636,-0.003994,0.00767,-0.047564,0.103538,-0.562092,-0.343319,0.289807,-0.183739,0.009472,0.324424,0.511044,0.59159,0.623576,-0.764068,0.644921,0.014526,-0.394185,-0.484623,0.780783,-0.009117,-0.054808,0.059856,0.38009,-0.863557,-0.689118,0.533054,0.027743,0.023958,-0.014509,-0.543691,-0.52362,0.655912,0.665847,-0.744864,-0.042706,0.510928,0.413518,0.753627,-0.004604,-0.02738,0.029951,0.332734,-0.808418,-0.64475,0.522569,0.07105,0.026191,-0.072412,0.063077,-0.253883,-0.965175,-0.255157,-0.939062,0.230338,-0.964839,0.231743,-0.124013,-0.008907,0.00466,-0.023205,0.1914,-0.678446,-0.411414,0.201318
53,0.110609,0.003637,0.332746,0.1272,-0.359069,-0.924626,-0.358612,-0.885769,0.294588,-0.924948,0.294553,-0.240285,-0.017811,0.009805,-0.046185,0.053901,-0.61066,-0.431911,0.297034,-0.18379,0.00705,0.326837,0.495191,0.613695,0.614944,-0.769059,0.638871,-0.018093,-0.404574,-0.464742,0.787527,0.005096,-0.069762,0.063751,0.166849,-0.502687,-0.553446,0.53305,0.027717,0.022781,-0.013319,-0.531825,-0.548265,0.645419,0.66926,-0.739092,-0.076368,0.518895,0.39134,0.76,-0.004707,-0.029458,0.02822,0.411743,-0.454202,-0.93825,0.522732,0.070859,0.026321,-0.073327,0.079828,-0.268393,-0.959995,-0.2545,-0.936638,0.2407,-0.963771,0.225105,-0.143077,-0.008891,0.004835,-0.023144,0.069377,-0.492285,-0.35839,0.202625
54,0.110372,0.003732,0.331897,0.132438,-0.363267,-0.922248,-0.35264,-0.886819,0.298613,-0.926515,0.28612,-0.244402,-0.004441,-0.002016,-0.038356,0.041746,-0.326031,-0.24741,0.297174,-0.183813,0.005755,0.327987,0.488345,0.623493,0.610546,-0.769825,0.637251,-0.034831,-0.41138,-0.453791,0.790382,0.004331,-0.060677,0.05398,0.101521,-0.353923,-0.615491,0.532863,0.027705,0.022131,-0.012739,-0.526842,-0.559218,0.640086,0.669047,-0.737316,-0.093486,0.524226,0.378996,0.762593,-0.004771,-0.030883,0.027031,0.201363,-0.524512,-0.568301,0.522732,0.070748,0.026362,-0.073723,0.085716,-0.272292,-0.958388,-0.248259,-0.937425,0.244132,-0.964893,0.217003,-0.147952,-0.002129,-0.000761,-0.018938,0.010891,-0.595583,-0.382863,0.20638
55,0.109924,0.00378,0.330547,0.133245,-0.366745,-0.920755,-0.350868,-0.886309,0.302192,-0.927073,0.283249,-0.245629,-0.017345,0.003961,-0.033452,0.067809,0.009643,-0.046795,0.294321,-0.183781,0.00336,0.330095,0.46971,0.649132,0.598325,-0.778948,0.623666,-0.064927,-0.415868,-0.436386,0.7978,0.004345,-0.060419,0.054399,0.146393,-0.488761,-0.678038,0.531126,0.027721,0.020929,-0.01169,-0.512828,-0.586366,0.627042,0.677858,-0.724768,-0.123364,0.526796,0.361781,0.769155,0.002119,-0.030399,0.02703,0.268333,-0.701536,-0.844134,0.522732,0.070521,0.026384,-0.074421,0.087711,-0.276599,-0.956974,-0.246316,-0.936866,0.248212,-0.965212,0.213947,-0.150304,-0.001756,0.000833,-0.017569,0.068436,0.024803,-0.033014,0.20638
56,0.109611,0.003613,0.329562,0.132068,-0.368029,-0.920411,-0.349676,-0.88613,0.30409,-0.92769,0.282138,-0.244574,-0.003142,-0.004605,-0.022643,0.034046,0.01294,-0.032933,0.283313,-0.183639,0.001333,0.332066,0.464541,0.667667,0.581734,-0.781431,0.618095,-0.085194,-0.417009,-0.415851,0.808105,0.00308,-0.035918,0.040164,0.282641,-0.651853,-0.725818,0.530517,0.027791,0.01992,-0.010721,-0.511553,-0.604081,0.611064,0.679513,-0.719672,-0.142593,0.525904,0.342282,0.778632,0.001843,-0.023519,0.024169,0.054847,-0.297662,-0.522198,0.522569,0.070359,0.0263,-0.07492,0.086556,-0.277924,-0.956695,-0.24501,-0.936744,0.249961,-0.965649,0.212764,-0.149175,-0.008388,-0.00089,-0.010221,0.03159,0.028306,-0.062529,0.198542
57,0.109399,0.003358,0.329047,0.131143,-0.368883,-0.920202,-0.349367,-0.885849,0.305264,-0.927937,0.281908,-0.243902,-0.002177,-0.008734,-0.008073,-0.000372,0.015179,-0.024496,0.276696,-0.18357,6.1e-05,0.333708,0.458825,0.680554,0.571242,-0.785046,0.611601,-0.097883,-0.41654,-0.4044,0.814136,0.00262,-0.019344,0.036734,0.093217,-0.282296,-0.423236,0.524758,0.027826,0.019254,-0.009885,-0.508346,-0.61887,0.598817,0.683379,-0.713031,-0.156777,0.524,0.329522,0.78539,0.001616,-0.0153,0.022409,0.119682,-0.374923,-0.541137,0.522405,0.070252,0.026168,-0.075188,0.085696,-0.278897,-0.956489,-0.244654,-0.936517,0.251154,-0.965815,0.212486,-0.14849,-0.000997,-0.004033,-0.003727,-0.001393,0.015446,-0.024661,0.187439
58,0.109362,0.003241,0.328967,0.13082,-0.369122,-0.920152,-0.349464,-0.885707,0.305563,-0.927945,0.28204,-0.243717,-0.000985,-0.003949,-0.003654,-0.0,-0.0,-0.0,0.2754,-0.183523,-0.000403,0.334524,0.455796,0.68678,0.566193,-0.78764,0.607479,-0.102592,-0.414959,-0.400063,0.817081,0.00338,-0.028579,0.046567,0.116458,-0.465188,-0.328025,0.526965,0.027851,0.019015,-0.009463,-0.506386,-0.625024,0.594068,0.68629,-0.709239,-0.1612,0.52209,0.326074,0.788096,0.001666,-0.014083,0.023461,0.177381,-0.577366,-0.397664,0.522732,0.070233,0.026108,-0.07523,0.085396,-0.279171,-0.956436,-0.244756,-0.936406,0.251471,-0.965816,0.212619,-0.148295,-0.00049,-0.001988,-0.001838,-0.000853,0.000213,-0.000124,0.183846
59,0.109384,0.003113,0.329043,0.128958,-0.36701,-0.921259,-0.349398,-0.88624,0.304093,-0.928228,0.283123,-0.241372,-0.000103,-0.008456,0.010637,-0.020637,0.163296,0.10792,0.275455,-0.183398,-0.001014,0.33589,0.456613,0.690334,0.56119,-0.787299,0.607293,-0.106254,-0.414708,-0.39418,0.820062,0.001908,-0.00883,0.027962,0.91749,-0.27749,1.279783,0.529991,0.027914,0.018719,-0.008772,-0.507788,-0.629427,0.588193,0.68615,-0.708348,-0.165651,0.520911,0.319473,0.791573,0.000932,-0.004408,0.013983,0.908282,-0.242244,1.316318,0.522732,0.070244,0.026047,-0.075197,0.083496,-0.277381,-0.957124,-0.244771,-0.936762,0.250126,-0.965978,0.213392,-0.146111,0.0003,0.001199,0.00111,0.022151,0.233832,0.145082,0.18156
60,0.10948,0.003179,0.329244,0.129209,-0.366744,-0.92133,-0.349587,-0.886294,0.303714,-0.928122,0.283293,-0.241579,0.001328,0.005335,0.004929,0.000379,-0.015128,0.024527,0.270378,-0.18334,-0.001351,0.336907,0.454457,0.691082,0.56202,-0.789369,0.604789,-0.105174,-0.413135,-0.396717,0.819633,0.0011,-0.000732,0.017111,-0.034647,-0.003323,0.006951,0.532024,0.027943,0.018554,-0.00826,-0.506001,-0.629955,0.589167,0.688237,-0.706604,-0.164437,0.519896,0.322282,0.791101,0.000525,-0.000515,0.008428,-0.035981,-0.00097,0.008308,0.522732,0.070293,0.02608,-0.075089,0.083444,-0.276867,-0.957277,-0.245027,-0.936836,0.249596,-0.965918,0.213732,-0.146014,0.000657,0.002648,0.002448,-0.000715,-0.002295,-0.001571,0.176498
61,0.109579,0.003268,0.329342,0.129491,-0.366504,-0.921386,-0.349561,-0.88641,0.303407,-0.928093,0.283243,-0.241749,0.015163,0.003118,0.003292,0.000984,-0.014714,0.029554,0.269119,-0.18333,-0.001407,0.337219,0.457693,0.688681,0.56234,-0.786467,0.608586,-0.105002,-0.415098,-0.395074,0.819435,0.000991,-0.003448,0.014784,-0.034659,-0.003296,0.006968,0.532827,0.027947,0.01853,-0.008108,-0.50884,-0.627117,0.58975,0.684834,-0.709983,-0.16409,0.521616,0.320385,0.790739,0.000119,0.003394,0.002893,0.001534,-0.014428,0.024715,0.522732,0.070338,0.026129,-0.075035,0.083711,-0.276617,-0.957326,-0.245028,-0.936916,0.249294,-0.965894,0.213703,-0.14621,0.000791,0.003195,0.002948,6.2e-05,-0.015408,0.024261,0.174865
62,0.109784,0.003442,0.329507,0.130287,-0.36585,-0.921534,-0.349425,-0.886746,0.30258,-0.928034,0.283035,-0.24222,0.000895,0.003609,0.003324,0.0,0.0,0.0,0.275539,-0.183489,-0.001309,0.337368,0.456742,0.68904,0.562674,-0.786964,0.607878,-0.105385,-0.415203,-0.395541,0.819156,-0.013777,0.000702,0.001628,-0.002045,0.015205,-0.029245,0.532681,0.027873,0.01858,-0.008026,-0.507949,-0.627597,0.590007,0.6854,-0.709349,-0.164467,0.52174,0.32085,0.790468,-0.000342,0.005719,-0.003983,0.036324,-0.011268,0.017709,0.522732,0.070447,0.026222,-0.074948,0.084449,-0.275867,-0.957478,-0.244939,-0.937173,0.248413,-0.965852,0.213546,-0.146714,0.007439,0.001022,0.001145,0.001195,-0.029821,0.054028,0.176335
63,0.110055,0.003475,0.32949,0.130903,-0.36533,-0.921652,-0.349217,-0.887042,0.301954,-0.928026,0.282779,-0.242548,0.013646,-0.002943,-0.002306,0.000984,-0.014715,0.029553,0.274669,-0.183648,-0.001418,0.337287,0.456548,0.687408,0.564825,-0.786987,0.608124,-0.103779,-0.415373,-0.397998,0.817879,-0.000196,-0.004798,-0.00409,-0.000188,0.00036,0.000225,0.532185,0.027788,0.018527,-0.008065,-0.50735,-0.626004,0.592211,0.685512,-0.709619,-0.162829,0.522176,0.323356,0.789159,-0.000129,-0.00316,-0.002692,0.001686,0.008053,-0.028859,0.522895,0.070579,0.026246,-0.07495,0.084988,-0.275303,-0.957593,-0.244766,-0.937389,0.247771,-0.965849,0.213329,-0.147052,-0.000186,-0.000754,-0.000698,-0.000106,5.6e-05,-2.3e-05,0.182703
64,0.110279,0.003443,0.329411,0.131279,-0.365003,-0.921728,-0.349048,-0.887237,0.301573,-0.928037,0.282586,-0.242731,-5e-05,-0.000203,-0.000187,0.0,0.0,0.0,0.261239,-0.183822,-0.001629,0.337133,0.455739,0.687714,0.565105,-0.787383,0.607546,-0.104161,-0.41551,-0.398354,0.817636,-0.000179,-0.004336,-0.003703,-0.001756,0.014582,-0.024793,0.529749,0.027701,0.018413,-0.008149,-0.506598,-0.626463,0.592369,0.685952,-0.709091,-0.163274,0.522329,0.323623,0.788948,-0.006986,-0.001896,-0.001104,-0.002034,0.01509,-0.029383,0.523222,0.070695,0.026222,-0.074996,0.085342,-0.274919,-0.957672,-0.244614,-0.937542,0.247342,-0.965857,0.213152,-0.147261,-3.5e-05,-0.000142,-0.000135,-7.2e-05,2.8e-05,-4e-06,0.171436
65,0.110341,0.003426,0.329411,0.131371,-0.364911,-0.921752,-0.349052,-0.887275,0.301457,-0.928023,0.282586,-0.242786,-1e-06,-3e-06,-3e-06,0.0,0.0,0.0,0.256227,-0.183875,-0.00167,0.337102,0.455601,0.689485,0.563055,-0.787523,0.607058,-0.105934,-0.415396,-0.396026,0.818824,-6.2e-05,-0.001487,-0.001271,0.106366,-0.203698,-0.127452,0.527384,0.027674,0.018386,-0.00817,-0.506779,-0.627747,0.590853,0.686013,-0.708729,-0.164585,0.522072,0.321925,0.789812,-3.2e-05,-0.000801,-0.000683,0.170431,-0.325149,-0.202065,0.523059,0.070725,0.026213,-0.074996,0.085422,-0.274817,-0.957694,-0.244626,-0.93757,0.247223,-0.965847,0.213159,-0.147317,1e-06,-2e-06,-6e-06,-5.2e-05,2.6e-05,-3.8e-05,0.164088
66,0.110382,0.003392,0.329436,0.131394,-0.36486,-0.921769,-0.349138,-0.887268,0.301378,-0.927987,0.282674,-0.24282,-0.000261,-0.00106,-0.000976,0.0,0.0,0.0,0.255383,-0.184058,-0.001666,0.337173,0.455131,0.689668,0.563209,-0.787792,0.606683,-0.106083,-0.4154,-0.396282,0.818698,7.3e-05,0.001735,0.001482,2.3e-05,-4.4e-05,-2.7e-05,0.526357,0.027582,0.018386,-0.008137,-0.506383,-0.628486,0.590407,0.686357,-0.708242,-0.165245,0.522006,0.321553,0.790008,-0.006868,0.001013,0.001381,-0.001706,0.003213,-0.002893,0.523222,0.070747,0.0262,-0.074981,0.085439,-0.274763,-0.957708,-0.244721,-0.937564,0.247152,-0.965821,0.213254,-0.147345,-0.000156,-0.000635,-0.000587,-0.000421,0.015171,-0.024514,0.155597
67,0.110369,0.00339,0.32942,0.131476,-0.364805,-0.921779,-0.349103,-0.887305,0.301311,-0.927989,0.282629,-0.242865,-1.3e-05,-5.3e-05,-4.9e-05,0.0,0.0,0.0,0.260788,-0.184227,-0.00172,0.337299,0.458931,0.687073,0.563298,-0.784452,0.611016,-0.105963,-0.417542,-0.39412,0.818652,2.5e-05,0.00058,0.000495,0.0,-0.0,-0.0,0.527101,0.027499,0.018364,-0.008069,-0.509772,-0.625365,0.590804,0.682452,-0.712087,-0.164893,0.523823,0.319138,0.789784,1e-05,0.000282,0.000245,2.9e-05,-0.00024,-0.000277,0.522895,0.070739,0.026195,-0.074992,0.085514,-0.274701,-0.957719,-0.244689,-0.937591,0.247079,-0.965822,0.213215,-0.147394,-3e-06,-1.5e-05,-1.4e-05,-2.3e-05,1.7e-05,-1.3e-05,0.158046
68,0.110358,0.003391,0.329421,0.131458,-0.364822,-0.921775,-0.349106,-0.887297,0.301331,-0.92799,0.282634,-0.242855,-0.0,-1e-06,-1e-06,0.0,0.0,0.0,0.262703,-0.18428,-0.00187,0.337416,0.462607,0.684486,0.563441,-0.781203,0.6152,-0.105762,-0.41958,-0.3921,0.81858,0.000661,-0.011392,0.008013,-0.036413,0.01134,-0.017798,0.527874,0.027472,0.018291,-0.008009,-0.513039,-0.62229,0.591223,0.678665,-0.715791,-0.164487,0.525551,0.316854,0.789555,0.000324,-0.00576,0.003955,-0.036364,0.010924,-0.018272,0.522895,0.070734,0.026195,-0.074992,0.085498,-0.274719,-0.957715,-0.244692,-0.937585,0.2471,-0.965823,0.213219,-0.147384,3e-06,8e-06,8e-06,-1.3e-05,3.7e-05,-2e-05,0.160496
69,0.110347,0.003376,0.329434,0.131407,-0.364852,-0.92177,-0.349162,-0.887265,0.301361,-0.927976,0.282695,-0.242837,-0.0,-0.0,-0.0,0.0,0.0,0.0,0.261279,-0.184284,-0.002382,0.337752,0.466365,0.679397,0.566494,-0.774342,0.62314,-0.109656,-0.428068,-0.38838,0.815955,0.000629,-0.012118,0.007399,-0.036358,0.011341,-0.01781,0.527516,0.02747,0.018039,-0.007844,-0.515806,-0.616772,0.594589,0.670466,-0.722669,-0.168001,0.533309,0.311996,0.786281,0.000639,-0.011733,0.007729,-0.077994,0.017555,-0.033231,0.522569,0.070728,0.026188,-0.074985,0.08545,-0.274755,-0.957709,-0.244748,-0.937561,0.247137,-0.965813,0.213279,-0.147361,-2e-06,3e-06,6e-06,-2.2e-05,-8e-06,1e-05,0.162129
70,0.110356,0.003395,0.329397,0.131457,-0.364834,-0.92177,-0.34906,-0.887307,0.301355,-0.928008,0.282587,-0.242843,-0.000259,-0.001051,-0.000968,0.0,0.0,0.0,0.267161,-0.184178,-0.0033,0.338416,0.457919,0.676032,0.577306,-0.770846,0.625421,-0.120742,-0.443237,-0.390579,0.806754,0.001359,-0.021979,0.016747,-0.089038,0.057997,-0.015332,0.524982,0.027522,0.017594,-0.007527,-0.506205,-0.614573,0.605025,0.66582,-0.724384,-0.178745,0.548123,0.312356,0.775883,0.000669,-0.010966,0.008392,-0.091872,0.151005,-0.196483,0.523385,0.070734,0.026201,-0.075001,0.085498,-0.274732,-0.957711,-0.244645,-0.937592,0.24712,-0.965835,0.213171,-0.147374,-0.000181,-0.000732,-0.000671,-0.000395,0.015166,-0.024494,0.163598
71,0.110334,0.003362,0.329339,0.131335,-0.364941,-0.921745,-0.349034,-0.887268,0.301501,-0.928035,0.282571,-0.242758,-0.000492,-0.002,-0.001843,-0.00038,0.015168,-0.024503,0.279779,-0.184105,-0.004341,0.339365,0.454338,0.670877,0.586082,-0.765677,0.630351,-0.127793,-0.455718,-0.391537,0.799302,0.002209,-0.029021,0.02853,-0.110693,0.155406,-0.229075,0.520225,0.02756,0.017049,-0.00704,-0.501307,-0.610137,0.613533,0.659645,-0.728363,-0.185348,0.559963,0.311799,0.767608,0.001097,-0.014316,0.014433,-0.104367,0.125595,-0.241984,0.520609,0.070723,0.026184,-0.07503,0.085404,-0.274837,-0.95769,-0.244608,-0.937568,0.247248,-0.965853,0.213142,-0.1473,-0.000107,-0.000433,-0.000398,-1.5e-05,-3e-06,1.7e-05,0.175192
72,0.110327,0.003331,0.329309,0.131251,-0.365006,-0.921731,-0.349047,-0.887234,0.301585,-0.928042,0.282593,-0.242706,-0.000404,-0.001641,-0.001513,0.0,0.0,0.0,0.289513,-0.18404,-0.004873,0.339949,0.451361,0.670222,0.589124,-0.767908,0.628008,-0.125926,-0.454917,-0.396402,0.797357,0.001601,-0.016377,0.021565,-0.118094,0.187327,-0.167634,0.526094,0.027591,0.016788,-0.006756,-0.498268,-0.609866,0.616271,0.662207,-0.726494,-0.183537,0.559651,0.316649,0.765847,0.008093,-0.012891,0.015142,-0.149418,0.162327,-0.135018,0.522079,0.070719,0.026167,-0.075046,0.085311,-0.274925,-0.957672,-0.244619,-0.937537,0.247354,-0.965858,0.213163,-0.147235,-0.000252,-0.00103,-0.000951,-1.3e-05,-1.7e-05,-2e-06,0.18401
73,0.110289,0.00333,0.32906,0.131119,-0.36521,-0.921669,-0.34865,-0.887275,0.301924,-0.928209,0.282202,-0.24252,-0.001168,-0.004739,-0.004375,0.0,0.0,0.0,0.313926,-0.183792,-0.005829,0.341041,0.446719,0.671959,0.590681,-0.771777,0.623377,-0.125281,-0.452938,-0.400758,0.796306,0.001585,-0.016821,0.021205,-0.072848,0.022102,-0.035928,0.5323,0.027715,0.016326,-0.006218,-0.493867,-0.612408,0.617293,0.666689,-0.722436,-0.183332,0.558229,0.321001,0.765074,0.007726,-0.008165,0.010295,-0.068473,-0.00891,0.017085,0.523222,0.070701,0.026169,-0.075162,0.085203,-0.275139,-0.957621,-0.244218,-0.937564,0.247647,-0.965969,0.212768,-0.147077,-0.000264,0.002947,-0.006497,0.034424,-0.002161,-0.008392,0.211442
74,0.110203,0.003418,0.328531,0.131117,-0.365464,-0.921569,-0.34763,-0.887501,0.302436,-0.928592,0.28116,-0.242265,-0.000508,0.014068,-0.0239,0.069236,-0.01954,0.007682,0.324117,-0.18354,-0.00645,0.34191,0.441605,0.672675,0.593704,-0.773022,0.621154,-0.128599,-0.455818,-0.403007,0.793523,0.001666,-0.014941,0.022811,-0.07108,0.007805,-0.010968,0.531661,0.027842,0.015997,-0.005765,-0.488509,-0.613986,0.619982,0.66817,-0.720189,-0.186746,0.561165,0.323027,0.762067,0.000819,-0.007431,0.011435,-0.072995,0.006331,-0.010067,0.523222,0.070658,0.026209,-0.075423,0.085216,-0.275408,-0.957542,-0.24317,-0.937726,0.248067,-0.966232,0.211706,-0.146881,-0.000663,0.00132,-0.008005,0.034422,-0.002175,-0.008381,0.233487
