frame,MLTx,MLTy,MLTz,MLTR1,MLTR2,MLTR3,MLTR4,MLTR5,MLTR6,MLTR7,MLTR8,MLTR9,MLTTVx,MLTTVy,MLTTVz,MLTRVx,MLTRVy,MLTRVz,MLGA,MRTx,MRTy,MRTz,MRTR1,MRTR2,MRTR3,MRTR4,MRTR5,MRTR6,MRTR7,MRTR8,MRTR9,MRTTVx,MRTTVy,MRTTVz,MRTRVx,MRTRVy,MRTRVz,MRGA,SLTx,SLTy,SLTz,SLTR1,SLTR2,SLTR3,SLTR4,SLTR5,SLTR6,SLTR7,SLTR8,SLTR9,SLTTVx,SLTTVy,SLTTVz,SLTRVx,SLTRVy,SLTRVz,SLGA,SRTx,SRTy,SRTz,SRTR1,SRTR2,SRTR3,SRTR4,SRTR5,SRTR6,SRTR7,SRTR8,SRTR9,SRTTVx,SRTTVy,SRTTVz,SRTRVx,SRTRVy,SRTRVz,SRGA
222,0.090975,0.020898,0.409924,-0.495046,0.625791,-0.602794,-0.797411,-0.602712,0.029082,-0.344503,0.49429,0.798137,7e-06,2.2e-05,1.2e-05,0.0,0.0,0.0,-0.103157,-0.063178,-0.013514,0.396357,0.027652,0.995733,0.087988,-0.990498,0.015569,0.136402,0.134428,-0.092182,0.986557,-0.002528,0.007847,0.005813,0.238356,-0.200981,-0.055558,-1.40965,0.048114,0.037115,-0.010536,-0.112068,-0.988958,0.096961,0.982486,-0.095657,0.159905,-0.148864,0.113183,0.982358,-0.001286,0.003972,0.002945,0.30578,-0.247913,-0.057613,-0.734932,0.091499,0.040951,-0.057417,-0.531872,0.620629,-0.576134,-0.785004,-0.616523,0.060557,-0.317616,0.484476,0.815108,-2e-06,-4e-06,-2e-06,0.00018,-1.5e-05,-0.000256,-0.289697
223,0.090969,0.020876,0.409912,-0.494973,0.625821,-0.602823,-0.797448,-0.602666,0.029032,-0.344523,0.494309,0.798117,-4.1e-05,-0.000139,-7.4e-05,0.0,0.0,0.0,-0.099543,-0.063225,-0.013583,0.396831,0.025366,0.996289,0.082193,-0.990762,0.014235,0.13462,0.132932,-0.086108,0.987309,0.00021,-0.004307,0.013755,-0.010332,-0.029823,-0.005266,-1.409722,0.048089,0.037085,-0.010296,-0.109262,-0.989873,0.090616,0.983063,-0.094115,0.15725,-0.14713,0.106263,0.983392,0.000137,-0.002275,0.006789,-0.05612,0.003755,-0.005124,-0.735749,0.091496,0.040939,-0.057423,-0.531806,0.620656,-0.576166,-0.785038,-0.616484,0.06051,-0.317641,0.484492,0.815089,-2.7e-05,-9.1e-05,-4.9e-05,0.000117,-1.1e-05,-0.000179,-0.285941
224,0.090998,0.020909,0.40993,-0.494965,0.625822,-0.602828,-0.797451,-0.602661,0.029028,-0.344525,0.494312,0.798113,0.000271,0.000911,0.000484,0.0,0.0,0.0,-0.100272,-0.063149,-0.013737,0.397407,0.021268,0.996943,0.075121,-0.991809,0.011709,0.126933,0.125652,-0.078466,0.988897,-0.000219,-0.002975,0.014732,-0.001015,-0.037324,-0.008441,-1.409539,0.048129,0.037007,-0.010022,-0.105053,-0.990949,0.08356,0.98451,-0.091773,0.149387,-0.140367,0.097959,0.985241,0.000689,-0.005821,0.012636,-0.081282,-0.005585,-0.036841,-0.735912,0.09151,0.040955,-0.057415,-0.531804,0.620653,-0.576171,-0.785037,-0.616485,0.060506,-0.317648,0.484493,0.815086,0.000173,0.000582,0.000309,8.7e-05,-1.2e-05,-0.000117,-0.284961
225,0.091004,0.020924,0.409949,-0.494923,0.625844,-0.60284,-0.797483,-0.60262,0.029019,-0.344513,0.494335,0.798105,0.000183,0.000614,0.000326,0.0,0.0,0.0,-0.099235,-0.063137,-0.013872,0.397751,0.018849,0.997242,0.07173,-0.99229,0.010004,0.123267,0.1222,-0.074761,0.989616,0.000146,-0.004109,0.013894,0.435561,-0.379227,-0.185769,-1.409672,0.048134,0.036941,-0.009842,-0.103588,-0.991233,0.082005,0.984795,-0.090656,0.14818,-0.139447,0.096108,0.985553,-8e-05,-0.001611,0.007274,-0.04491,-0.004803,-0.006463,-0.738034,0.091514,0.040964,-0.057405,-0.531764,0.620674,-0.576184,-0.785068,-0.616447,0.060498,-0.317638,0.484515,0.815076,0.000107,0.000362,0.000191,7.4e-05,-4e-06,-9.6e-05,-0.284798
226,0.090982,0.020953,0.409954,-0.494936,0.625837,-0.602837,-0.797467,-0.602642,0.029007,-0.344532,0.494317,0.798107,2e-06,7e-06,4e-06,0.0,0.0,0.0,-0.096237,-0.06309,-0.01418,0.398412,0.01797,0.997264,0.071638,-0.992084,0.009014,0.124983,0.123987,-0.074578,0.989408,0.002405,-0.014776,0.022961,-0.074926,0.069261,-0.233933,-1.409616,0.048156,0.036793,-0.009514,-0.101886,-0.991537,0.080453,0.984963,-0.089205,0.147949,-0.13952,0.094317,0.985716,0.000203,-0.002489,0.006628,-0.038399,-0.007255,0.00439,-0.735259,0.091503,0.040979,-0.057402,-0.531779,0.620665,-0.576181,-0.785049,-0.616472,0.060485,-0.317658,0.484496,0.81508,-1e-05,-2.9e-05,-1.5e-05,3.5e-05,-1e-05,-7e-05,-0.283002
227,0.090973,0.020955,0.409955,-0.491243,0.628749,-0.602827,-0.80101,-0.597923,0.029021,-0.341593,0.496342,0.798114,0.0,0.0,0.0,-0.0,0.0,0.0,-0.094773,-0.062978,-0.014454,0.399101,0.016746,0.997281,0.071699,-0.991877,0.007661,0.126703,0.125802,-0.074499,0.989185,0.015148,-0.009582,0.025081,-0.066889,-0.016946,-0.019013,-1.409097,0.048208,0.036651,-0.009178,-0.10058,-0.991652,0.080672,0.984838,-0.087714,0.149665,-0.14134,0.094502,0.985439,0.000852,-0.006342,0.012248,-0.074019,0.058962,-0.205967,-0.736075,0.091498,0.040979,-0.057402,-0.528129,0.623648,-0.576317,-0.788677,-0.611804,0.060684,-0.314748,0.486577,0.814969,-0.0,-1.2e-05,-8e-06,0.000143,1.9e-05,-0.000154,-0.281532
228,0.090975,0.020962,0.409959,-0.491224,0.628757,-0.602835,-0.80102,-0.597911,0.029008,-0.341598,0.496347,0.798109,1.5e-05,5e-05,2.6e-05,0.0,0.0,0.0,-0.092578,-0.06292,-0.014574,0.399487,0.015153,0.997426,0.07002,-0.992056,0.006386,0.125371,0.124596,-0.072624,0.989477,-0.000201,-0.003033,0.014676,0.004385,-0.032399,-0.037368,-1.409492,0.048243,0.036591,-0.008986,-0.099048,-0.991953,0.078846,0.985173,-0.086599,0.148095,-0.140075,0.092345,0.985824,-0.00026,-0.00106,0.00767,-0.00086,-0.039269,-0.015883,-0.736892,0.091499,0.040983,-0.0574,-0.528113,0.623654,-0.576325,-0.788685,-0.611795,0.060672,-0.314755,0.486581,0.814964,7e-06,1.6e-05,8e-06,0.000109,4e-06,-0.000135,-0.281042
229,0.090973,0.020955,0.409955,-0.491113,0.628801,-0.602879,-0.801075,-0.59784,0.028933,-0.341628,0.496376,0.798078,-0.000169,-0.000567,-0.000301,0.0,0.0,0.0,-0.084017,-0.06291,-0.014827,0.400315,0.011249,0.997829,0.064825,-0.992663,0.003472,0.120583,0.120096,-0.066967,0.990432,0.00082,-0.009856,0.026564,0.386101,-0.381394,-0.175276,-1.409253,0.048249,0.036461,-0.008568,-0.095932,-0.992547,0.075142,0.985806,-0.084288,0.145191,-0.137775,0.088004,0.986545,-0.000518,-0.000261,0.008248,0.47819,-0.429181,-0.179005,-0.737218,0.091498,0.04098,-0.057401,-0.528009,0.623698,-0.576374,-0.788742,-0.61173,0.0606,-0.314789,0.486607,0.814935,-0.00011,-0.000385,-0.000205,7.7e-05,2e-05,-8.9e-05,-0.276143
230,0.090982,0.02096,0.409946,-0.491078,0.62881,-0.602899,-0.801083,-0.597832,0.028891,-0.341661,0.496374,0.798065,-0.0,-0.0,-0.0,0.0,0.0,0.0,-0.074121,-0.062889,-0.015014,0.401338,0.007742,0.998334,0.057107,-0.993458,0.001304,0.113901,0.113641,-0.058878,0.991707,-0.002173,0.003094,0.019111,0.035022,-0.066896,-0.020256,-1.409194,0.048261,0.036363,-0.008066,-0.091325,-0.993645,0.065791,0.98731,-0.081728,0.136151,-0.129909,0.07739,0.9885,0.006426,-0.001304,0.015076,-0.039323,-0.053638,-0.025811,-0.737218,0.091503,0.040982,-0.057406,-0.527976,0.623706,-0.576395,-0.788749,-0.611724,0.060558,-0.314824,0.486605,0.814923,2e-06,2e-06,1e-06,5.7e-05,-9e-06,-5.9e-05,-0.269122
231,0.090984,0.02096,0.409957,-0.491073,0.628816,-0.602896,-0.801095,-0.597815,0.028907,-0.341639,0.496387,0.798066,3.9e-05,0.000131,7e-05,0.0,0.0,0.0,-0.069511,-0.062956,-0.015087,0.402411,0.01083,0.998242,0.058198,-0.994529,0.00484,0.104032,0.103568,-0.060269,0.992726,-0.014376,-0.007316,0.030019,1.621764,2.097706,-0.19955,-1.409368,0.048232,0.03633,-0.007534,-0.094301,-0.993435,0.064747,0.988043,-0.085424,0.12834,-0.121967,0.076076,0.989613,-0.001605,0.003111,0.01067,-0.050795,-0.015792,0.021275,-0.737382,0.091503,0.040982,-0.057401,-0.527972,0.623711,-0.576392,-0.788761,-0.611708,0.060574,-0.314803,0.486617,0.814924,2.9e-05,9.4e-05,4.9e-05,3.9e-05,-1e-05,-5.9e-05,-0.263733
232,0.090984,0.02096,0.409957,-0.491073,0.628816,-0.602896,-0.801095,-0.597815,0.028907,-0.341639,0.496387,0.798066,1e-06,2e-06,1e-06,0.0,0.0,0.0,-0.069572,-0.063095,-0.015063,0.402919,0.016783,0.997898,0.062513,-0.994755,0.010493,0.101419,0.100543,-0.065149,0.992728,-0.01509,-0.005047,0.031626,-0.06855,-0.006742,-0.023815,-1.409082,0.048163,0.036339,-0.00727,-0.100376,-0.992375,0.071513,0.988058,-0.090978,0.124344,-0.11689,0.08314,0.989658,-0.001851,0.003879,0.011211,-0.048164,-0.022717,0.032904,-0.735422,0.091504,0.040982,-0.057401,-0.527972,0.623711,-0.576392,-0.78876,-0.611708,0.060574,-0.314803,0.486617,0.814924,-0.0,-6e-06,-5e-06,4.2e-05,-3e-06,-5.4e-05,-0.262264
233,0.090982,0.020953,0.409954,-0.491092,0.628809,-0.602888,-0.801086,-0.597827,0.02892,-0.341634,0.496382,0.798072,-1.1e-05,-3.6e-05,-1.9e-05,0.0,0.0,0.0,-0.068714,-0.063345,-0.014829,0.403895,0.035244,0.996165,0.080033,-0.995622,0.028211,0.088741,0.086114,-0.08407,0.992663,-0.004014,0.008886,0.023137,0.465464,0.634204,-0.069405,-1.409019,0.048033,0.036454,-0.006777,-0.119107,-0.988977,0.08796,0.987662,-0.108944,0.112484,-0.101662,0.100272,0.989752,-0.002045,0.004483,0.011582,1.619294,2.152544,-0.30095,-0.727584,0.091502,0.040978,-0.057403,-0.527992,0.623703,-0.576384,-0.788749,-0.611721,0.060587,-0.314798,0.486612,0.814929,-4e-06,-1.7e-05,-9e-06,3.4e-05,4e-06,-4.2e-05,-0.261447
234,0.090964,0.020957,0.409956,-0.491135,0.628793,-0.602869,-0.801065,-0.597854,0.028947,-0.341622,0.496369,0.798085,-0.0,-0.0,-0.0,0.0,0.0,0.0,-0.067798,-0.063488,-0.014457,0.404649,0.05432,0.993768,0.097291,-0.995994,0.047162,0.075536,0.070424,-0.10226,0.992193,-0.00351,0.007326,0.021947,1.62259,2.16783,-0.301015,-1.409209,0.04796,0.036643,-0.006397,-0.138465,-0.984982,0.103132,0.986629,-0.128154,0.100691,-0.085962,0.115695,0.989557,-0.001699,0.003434,0.010823,-0.036796,-0.101628,0.219258,-0.735585,0.091493,0.04098,-0.057401,-0.528033,0.623686,-0.576363,-0.788727,-0.611748,0.060613,-0.314785,0.486599,0.814942,1e-06,2e-06,2e-06,3.3e-05,-1.5e-05,-4.5e-05,-0.260468
235,0.090945,0.020961,0.409959,-0.491178,0.628778,-0.60285,-0.801043,-0.597881,0.028975,-0.34161,0.496356,0.798098,-0.0,-0.0,-0.0,0.0,0.0,0.0,-0.06772,-0.063553,-0.014216,0.404944,0.061304,0.992733,0.103511,-0.995999,0.054267,0.070532,0.06434,-0.108676,0.991924,-0.003189,0.006331,0.021206,-0.032418,-0.009446,0.00258,-1.408987,0.047927,0.036766,-0.006248,-0.145354,-0.983073,0.111533,0.986356,-0.13518,0.093956,-0.077289,0.123668,0.989308,-0.002673,0.008299,0.0059,0.000153,-0.097259,0.24251,-0.738851,0.091484,0.040982,-0.0574,-0.528075,0.62367,-0.576342,-0.788704,-0.611775,0.06064,-0.314773,0.486586,0.814954,-0.0,1e-06,2e-06,3.2e-05,-1e-05,-4.2e-05,-0.260141
236,0.090905,0.020979,0.409992,-0.491258,0.628759,-0.602805,-0.801024,-0.597902,0.029064,-0.34154,0.496354,0.798129,0.000115,0.000386,0.000205,0.0,0.0,0.0,-0.069125,-0.063726,-0.013738,0.405409,0.080446,0.990207,0.114066,-0.995306,0.073828,0.062048,0.052933,-0.119773,0.99132,-0.003918,0.012249,0.008649,0.005543,-0.014516,0.053291,-1.408886,0.047838,0.037011,-0.006005,-0.164489,-0.97886,0.121557,0.984229,-0.154749,0.085694,-0.065072,0.133735,0.988877,-0.001895,0.005887,0.004167,-0.001023,-0.023013,0.054523,-0.740811,0.091464,0.040991,-0.057384,-0.528154,0.623649,-0.576294,-0.788679,-0.611798,0.060727,-0.314703,0.486585,0.814982,-0.006013,0.001582,0.000998,-0.000967,0.014708,-0.029588,-0.260141
237,0.090882,0.021,0.410004,-0.491285,0.628751,-0.602791,-0.801011,-0.597919,0.02908,-0.341532,0.496344,0.798139,6.4e-05,0.000215,0.000114,0.0,0.0,0.0,-0.070063,-0.063716,-0.013396,0.405612,0.109336,0.986335,0.123205,-0.993097,0.103346,0.054886,0.041282,-0.129602,0.990637,-0.002024,0.006324,0.004452,0.015748,0.008601,0.037688,-1.408979,0.047838,0.037178,-0.005906,-0.193127,-0.972528,0.129962,0.979757,-0.184037,0.078769,-0.052688,0.142544,0.988384,-0.001027,0.003173,0.002244,0.170223,0.276545,-0.042694,-0.738524,0.091453,0.041002,-0.057377,-0.52818,0.62364,-0.576279,-0.788665,-0.611815,0.060743,-0.314695,0.486575,0.814992,4.3e-05,0.000144,7.8e-05,2.2e-05,9e-06,-2.2e-05,-0.260468
238,0.090864,0.020996,0.410014,-0.491342,0.628734,-0.602762,-0.800993,-0.597941,0.029136,-0.341493,0.496339,0.798159,0.0,0.0,0.0,0.0,0.0,0.0,-0.072459,-0.063597,-0.013075,0.40585,0.12679,0.982195,0.1386,-0.99146,0.121525,0.046613,0.028796,-0.144568,0.989007,-0.002304,0.007184,0.005044,-0.193624,0.16455,0.076587,-1.40907,0.0479,0.037332,-0.005791,-0.21015,-0.966951,0.144368,0.976921,-0.201912,0.069688,-0.038235,0.155682,0.987066,-0.000453,-0.000432,0.008022,-0.367762,0.353452,0.246486,-0.739341,0.091443,0.041,-0.057372,-0.528236,0.623622,-0.576247,-0.788643,-0.611837,0.060799,-0.314654,0.48657,0.81501,1e-06,-1.1e-05,-6e-06,3e-05,1.8e-05,-1.6e-05,-0.26161
239,0.090852,0.020991,0.410011,-0.491382,0.628719,-0.602745,-0.800973,-0.597967,0.029163,-0.341482,0.496328,0.798171,-0.000275,-0.000923,-0.00049,0.0,0.0,0.0,-0.072002,-0.063616,-0.012965,0.405987,0.131903,0.980188,0.147732,-0.991013,0.127502,0.039639,0.019868,-0.152871,0.987977,-0.00237,0.00739,0.005182,0.041647,0.05222,0.019093,-1.408901,0.047895,0.03739,-0.005721,-0.215726,-0.964219,0.154086,0.976009,-0.208166,0.063812,-0.029454,0.164155,0.985994,-0.001114,0.00345,0.002427,0.165593,0.182457,-0.005571,-0.737708,0.091438,0.041,-0.057372,-0.528275,0.623606,-0.576229,-0.788622,-0.611862,0.060824,-0.314643,0.486559,0.815021,-0.000217,-0.000742,-0.000394,3.2e-05,1.6e-05,-1.4e-05,-0.261774
240,0.090859,0.020981,0.410006,-0.49138,0.628719,-0.602747,-0.800974,-0.597965,0.029162,-0.341483,0.496329,0.798169,-8e-06,-2.6e-05,-1.4e-05,0.0,0.0,0.0,-0.071706,-0.063569,-0.012785,0.406127,0.154527,0.974387,0.163351,-0.987937,0.152201,0.027394,0.001651,-0.166845,0.985913,0.01202,0.006936,0.003298,0.006803,-0.019772,0.055586,-1.409029,0.047917,0.037486,-0.005647,-0.238136,-0.956414,0.169003,0.97118,-0.232705,0.051541,-0.009966,0.176407,0.984266,0.00607,0.003262,0.001511,-0.002276,-0.032091,0.056573,-0.740974,0.091441,0.040992,-0.057377,-0.528273,0.623606,-0.576231,-0.788623,-0.611861,0.060823,-0.314644,0.48656,0.81502,1e-06,-6e-06,-4e-06,1.9e-05,0.0,-1.7e-05,-0.261774
241,0.0909,0.020988,0.410008,-0.491256,0.628765,-0.6028,-0.801035,-0.597887,0.029081,-0.341517,0.496365,0.798133,0.000127,0.000426,0.000226,0.0,0.0,0.0,-0.071258,-0.063337,-0.012764,0.406226,0.160536,0.972708,0.167507,-0.986974,0.158848,0.024157,-0.003295,-0.170432,0.985295,0.015107,-0.006306,0.010649,-0.037584,0.052052,-0.181669,-1.408906,0.048026,0.037501,-0.0056,-0.244197,-0.954195,0.172853,0.969713,-0.239397,0.048416,-0.004818,0.179441,0.983756,0.000199,-0.000629,-0.00044,-0.000992,-0.001151,-0.000704,-0.740321,0.091461,0.040995,-0.057376,-0.528153,0.623654,-0.576289,-0.788688,-0.611784,0.060745,-0.314681,0.486595,0.814985,0.006164,-0.001072,-0.000728,0.000995,-0.014708,0.029544,-0.26161
242,0.0909,0.020988,0.410008,-0.491256,0.628765,-0.6028,-0.801035,-0.597887,0.029081,-0.341517,0.496365,0.798133,2e-06,6e-06,3e-06,0.0,0.0,0.0,-0.070916,-0.063179,-0.012854,0.406273,0.159924,0.972788,0.167628,-0.987074,0.158202,0.024308,-0.003057,-0.170578,0.98527,0.002861,-0.012522,0.007855,-0.034366,-0.001189,-0.024259,-1.408936,0.048109,0.03746,-0.005574,-0.243469,-0.95435,0.173024,0.969895,-0.238632,0.048552,-0.005047,0.179637,0.983719,0.007255,-0.000409,-0.00107,0.001017,-0.005482,0.00148,-0.742607,0.091462,0.040996,-0.057375,-0.528153,0.623654,-0.576289,-0.788688,-0.611784,0.060745,-0.314681,0.486595,0.814985,-2e-06,-7e-06,-4e-06,6e-06,-0.0,-1.5e-05,-0.26161
243,0.090889,0.020983,0.410006,-0.491296,0.62875,-0.602783,-0.801015,-0.597912,0.029107,-0.341506,0.496354,0.798144,-7e-06,-2.2e-05,-1.2e-05,0.0,0.0,0.0,-0.070528,-0.062787,-0.013208,0.406303,0.162796,0.971784,0.17066,-0.986594,0.1614,0.022754,-0.005621,-0.173304,0.984783,0.017294,-0.013007,0.005939,-0.032372,-0.006444,-0.018119,-1.408864,0.048307,0.037277,-0.005557,-0.246284,-0.953084,0.175993,0.969194,-0.241763,0.047024,-0.00227,0.182153,0.983267,0.008702,-0.006678,0.002844,-0.033995,-0.008041,-0.018386,-0.742933,0.091456,0.040993,-0.057377,-0.528192,0.623638,-0.57627,-0.788667,-0.611809,0.06077,-0.314669,0.486584,0.814996,-1e-06,-9e-06,-5e-06,9e-06,-8e-06,-1.3e-05,-0.261774
244,0.090864,0.021004,0.410007,-0.491328,0.628736,-0.602772,-0.80099,-0.597946,0.029108,-0.34152,0.496331,0.798152,0.000465,0.001561,0.000828,0.001239,-0.011513,0.02639,-0.069934,-0.062257,-0.013466,0.40627,0.1676,0.970949,0.170764,-0.985784,0.166239,0.022974,-0.006275,-0.173414,0.98476,0.014896,-0.001869,-0.002897,0.002045,-0.015205,0.029245,-1.409172,0.048574,0.03714,-0.005579,-0.250999,-0.951859,0.175964,0.967985,-0.246511,0.047283,-0.00163,0.182199,0.98326,0.007454,-0.000956,-0.001472,0.001915,-0.015201,0.028667,-0.745709,0.091442,0.041,-0.057378,-0.528242,0.623614,-0.57625,-0.78863,-0.611855,0.060782,-0.314677,0.486556,0.815009,1.2e-05,3.6e-05,1.9e-05,1e-06,-6e-06,-1.1e-05,-0.261447
245,0.090879,0.021017,0.410024,-0.491264,0.628765,-0.602794,-0.801032,-0.597892,0.029084,-0.341514,0.49636,0.798137,0.00047,0.001578,0.000837,0.001239,-0.011513,0.026391,-0.06996,-0.061592,-0.013614,0.40617,0.166604,0.971094,0.170911,-0.985954,0.165237,0.022925,-0.006172,-0.173557,0.984735,0.015737,-0.004372,-0.004681,0.001307,-0.005325,0.002184,-1.409015,0.048899,0.037072,-0.005624,-0.250004,-0.952088,0.17614,0.968242,-0.245508,0.047229,-0.001723,0.182353,0.98323,0.007856,-0.002144,-0.002321,-0.003866,0.062831,-0.184972,-0.740811,0.09145,0.041007,-0.057369,-0.52818,0.623645,-0.576274,-0.788674,-0.611801,0.060761,-0.314673,0.486585,0.814994,8e-06,2.6e-05,1.2e-05,5e-06,4e-06,-1e-06,-0.261284
246,0.09088,0.021024,0.410017,-0.49125,0.628766,-0.602804,-0.801029,-0.597897,0.029056,-0.341541,0.496352,0.79813,7e-06,2.3e-05,1.2e-05,0.0,0.0,0.0,-0.070567,-0.06118,-0.013734,0.406093,0.165643,0.971219,0.171137,-0.986116,0.164275,0.022852,-0.006111,-0.173773,0.984698,0.016174,-0.005647,-0.005597,0.001311,-0.005327,0.002184,-1.409107,0.049099,0.037015,-0.005659,-0.249053,-0.952291,0.176392,0.968487,-0.244555,0.047152,-0.001765,0.182577,0.983189,0.014695,-0.001128,-0.00241,-0.001803,0.047612,-0.155652,-0.739014,0.091452,0.041015,-0.057371,-0.528148,0.623654,-0.576293,-0.788682,-0.611795,0.06072,-0.314705,0.486582,0.814983,-2e-06,-9e-06,-6e-06,0.0,-4e-06,-5e-06,-0.261284
247,0.090872,0.021041,0.410004,-0.491243,0.62876,-0.602816,-0.801013,-0.597921,0.029013,-0.341589,0.49633,0.798123,0.0,0.0,0.0,0.0,0.0,0.0,-0.070142,-0.060398,-0.014063,0.405982,0.169687,0.970463,0.171461,-0.985424,0.168368,0.02294,-0.006803,-0.174081,0.984639,0.018338,-0.015794,0.00388,-0.032964,-0.006725,-0.022183,-1.409142,0.049489,0.036853,-0.005719,-0.25305,-0.951195,0.176613,0.967452,-0.248603,0.047239,-0.001027,0.182819,0.983145,0.008381,-0.003649,-0.003414,0.001324,-0.005008,0.001767,-0.742933,0.091447,0.041022,-0.057377,-0.528141,0.623649,-0.576305,-0.788667,-0.611818,0.060677,-0.314753,0.486559,0.814978,2e-06,-1e-05,-7e-06,1.9e-05,1.6e-05,2e-06,-0.261284
248,0.090881,0.021032,0.41001,-0.491235,0.628767,-0.602815,-0.801026,-0.597902,0.029028,-0.341568,0.496345,0.798123,0.0,0.0,0.0,0.0,0.0,0.0,-0.069903,-0.059573,-0.014485,0.405814,0.169248,0.970571,0.171284,-0.985502,0.167869,0.023236,-0.006397,-0.17396,0.984663,0.032658,-0.015448,0.002448,-0.026672,-0.080178,0.166774,-1.408974,0.049902,0.036642,-0.005803,-0.25247,-0.951369,0.176507,0.967603,-0.247963,0.047511,-0.001433,0.182784,0.983151,0.008761,-0.004713,-0.004197,0.001282,-0.005342,0.001912,-0.742443,0.091452,0.041018,-0.057374,-0.528134,0.623655,-0.576305,-0.78868,-0.611799,0.060692,-0.314732,0.486574,0.814977,5e-06,-5e-06,-5e-06,2e-05,2.1e-05,3e-06,-0.261121
249,0.090871,0.021034,0.410011,-0.491257,0.628759,-0.602805,-0.801015,-0.597916,0.029042,-0.341562,0.496338,0.79813,0.0,0.0,0.0,0.0,0.0,0.0,-0.070364,-0.059107,-0.01472,0.405751,0.16923,0.970611,0.171075,-0.985507,0.167804,0.023497,-0.006097,-0.173798,0.984693,0.017509,-0.009313,-0.008318,0.000628,0.004499,-0.024899,-1.408933,0.050142,0.036519,-0.005833,-0.252586,-0.95139,0.176229,0.967572,-0.248025,0.047816,-0.001783,0.182593,0.983186,0.016085,-0.006916,0.001772,-0.030902,-0.022051,0.006787,-0.742117,0.091447,0.041019,-0.057374,-0.528155,0.623647,-0.576294,-0.788669,-0.611813,0.060705,-0.314726,0.486567,0.814983,6e-06,-5e-06,-4e-06,1.1e-05,1.2e-05,-2e-06,-0.261121
250,0.090881,0.021039,0.410003,-0.491221,0.628768,-0.602825,-0.801023,-0.597907,0.028999,-0.341595,0.496337,0.798116,0.000122,0.000409,0.000217,0.0,0.0,0.0,-0.069807,-0.058195,-0.015147,0.405767,0.168916,0.970733,0.170694,-0.985565,0.16736,0.024199,-0.005273,-0.173544,0.984743,0.018163,-0.014861,0.004446,-0.032869,-0.006923,-0.02228,-1.40933,0.050599,0.036303,-0.005834,-0.252267,-0.951542,0.175865,0.967654,-0.247576,0.048491,-0.002601,0.182409,0.983218,0.015646,-0.005497,0.002769,-0.030852,-0.022151,0.006813,-0.737545,0.091452,0.04102,-0.057379,-0.52812,0.623657,-0.576315,-0.788679,-0.611804,0.060663,-0.31476,0.486566,0.814972,9.9e-05,0.000322,0.000169,3e-06,-3e-06,-7e-06,-0.261121
251,0.090902,0.021043,0.410004,-0.491289,0.628739,-0.6028,-0.800989,-0.597951,0.029046,-0.341578,0.496321,0.798134,5e-06,1.6e-05,8e-06,0.0,0.0,0.0,-0.069901,-0.057289,-0.015666,0.405945,0.16847,0.970892,0.170228,-0.985648,0.166707,0.025328,-0.003983,-0.173279,0.984796,0.03129,-0.010777,0.005685,-0.030776,-0.02224,0.006915,-1.409104,0.05104,0.03605,-0.005745,-0.251816,-0.951742,0.175428,0.967767,-0.246915,0.049593,-0.003883,0.182262,0.983241,0.009032,-0.007216,0.002347,-0.032836,-0.007035,-0.022433,-0.742933,0.091462,0.041023,-0.057377,-0.528187,0.623627,-0.576287,-0.788641,-0.611848,0.060708,-0.314742,0.48655,0.814988,0.0,-0.0,-2e-06,-7e-06,-1.4e-05,-5e-06,-0.261121
252,0.090902,0.021043,0.410004,-0.491159,0.628791,-0.602851,-0.801054,-0.597868,0.028959,-0.341613,0.496355,0.798098,0.0,0.0,0.0,0.0,0.0,0.0,-0.069556,-0.056916,-0.015912,0.406058,0.168323,0.97096,0.169984,-0.985675,0.166454,0.025923,-0.003319,-0.173139,0.984822,0.015581,-0.003255,-0.004044,0.006659,-0.082711,0.216262,-1.409064,0.05124,0.035914,-0.005686,-0.251501,-0.95186,0.175236,0.967845,-0.246482,0.050207,-0.004598,0.182229,0.983245,0.00887,-0.00671,0.002706,-0.032804,-0.007089,-0.02244,-0.746852,0.091462,0.041023,-0.057377,-0.52806,0.623681,-0.576344,-0.788712,-0.611766,0.060624,-0.314778,0.486583,0.814954,0.0,-8e-06,-7e-06,1.3e-05,1.4e-05,1e-06,-0.260957
253,0.090899,0.021035,0.41,-0.491178,0.628784,-0.602844,-0.801044,-0.59788,0.028972,-0.341608,0.49635,0.798103,-2e-05,-6.9e-05,-3.6e-05,0.0,0.0,0.0,-0.069173,-0.056291,-0.016166,0.406286,0.169141,0.971334,0.167012,-0.98554,0.166801,0.028688,-0.000189,-0.170676,0.985258,0.013443,0.003063,0.000524,0.002045,-0.015205,0.029245,-1.408987,0.05155,0.035782,-0.005582,-0.252412,-0.952173,0.172203,0.967587,-0.246919,0.052969,-0.007916,0.179992,0.983635,0.006668,0.001687,0.000363,0.002238,-0.014961,0.029137,-0.747832,0.091461,0.041019,-0.05738,-0.528079,0.623673,-0.576336,-0.788701,-0.611778,0.060636,-0.314773,0.486578,0.814959,-1e-05,-4.8e-05,-2.7e-05,4e-06,8e-06,1e-06,-0.260794
254,0.090908,0.021033,0.409999,-0.491157,0.628791,-0.602853,-0.801055,-0.597867,0.028958,-0.341614,0.496356,0.798097,-0.0,-0.0,-0.0,0.0,0.0,0.0,-0.069131,-0.055992,-0.016054,0.406465,0.181679,0.968821,0.168432,-0.983304,0.179071,0.031306,-4.4e-05,-0.172532,0.984934,-0.003133,0.012955,-0.007469,-0.028927,0.043304,0.07182,-1.409234,0.051706,0.035831,-0.005485,-0.26469,-0.948615,0.173398,0.964299,-0.258864,0.055813,-0.008058,0.181981,0.983268,-0.000695,0.002016,0.001456,-0.081527,0.066629,0.028379,-0.746362,0.091466,0.041018,-0.05738,-0.528058,0.623681,-0.576346,-0.788713,-0.611764,0.060623,-0.314779,0.486584,0.814953,0.006085,-0.001344,-0.000873,0.000991,-0.014711,0.029557,-0.260794
255,0.090936,0.021027,0.409995,-0.491092,0.628815,-0.602882,-0.801087,-0.597826,0.028916,-0.341632,0.496376,0.798077,-5.4e-05,-0.000181,-9.6e-05,0.0,0.0,0.0,-0.070796,-0.056158,-0.01584,0.406556,0.204647,0.963867,0.170504,-0.978777,0.202023,0.033401,-0.002493,-0.17494,0.984507,-0.015385,0.002641,0.003598,0.050149,0.048876,0.498034,-1.408644,0.051631,0.035947,-0.005441,-0.286877,-0.941849,0.17499,0.957951,-0.280978,0.058144,-0.005595,0.184312,0.982851,-0.001957,0.007634,-0.00291,0.30859,0.054385,1.709844,-0.739668,0.091479,0.041015,-0.057382,-0.527995,0.623706,-0.576377,-0.788747,-0.611725,0.060583,-0.314799,0.486604,0.814934,-3e-05,-9.8e-05,-5.3e-05,-3e-06,-9e-06,-1e-06,-0.260631
256,0.090963,0.021021,0.409991,-0.491028,0.628838,-0.60291,-0.801119,-0.597785,0.028874,-0.34165,0.496395,0.798057,-1e-06,-3e-06,-1e-06,0.0,0.0,0.0,-0.070714,-0.056415,-0.015684,0.40653,0.204947,0.963433,0.172581,-0.978716,0.201982,0.035366,-0.001028,-0.177374,0.984073,-0.017394,0.012362,-0.006222,-0.291124,0.268413,0.12474,-1.408831,0.051503,0.036023,-0.00545,-0.287186,-0.941611,0.175758,0.957858,-0.281242,0.05839,-0.00555,0.18512,0.982699,-0.008672,0.006095,-0.003167,-0.540093,0.527267,-0.016868,-0.731503,0.091493,0.041012,-0.057384,-0.527932,0.62373,-0.576408,-0.788781,-0.611684,0.060543,-0.314818,0.486623,0.814915,0.0,3e-06,1e-06,-0.0,-5e-06,-0.0,-0.260957
257,0.091002,0.02102,0.409989,-0.490923,0.628877,-0.602955,-0.801171,-0.597719,0.028805,-0.341679,0.496426,0.798025,0.000234,0.000785,0.000416,0.0,0.0,0.0,-0.069846,-0.057332,-0.015413,0.406409,0.216164,0.959731,0.179391,-0.976297,0.213044,0.03729,-0.002686,-0.184412,0.982776,-0.028867,-7e-05,0.003288,-0.429328,0.392212,0.259182,-1.408659,0.051048,0.036165,-0.005512,-0.29792,-0.937115,0.181816,0.954586,-0.291896,0.059677,-0.002853,0.191337,0.981519,-0.008705,0.006259,-0.003049,0.137465,0.007049,0.51493,-0.736075,0.091512,0.04101,-0.057386,-0.52783,0.623771,-0.576458,-0.788837,-0.611618,0.060477,-0.314849,0.486654,0.814884,0.000157,0.000529,0.000279,-0.0,-3e-06,-3e-06,-0.260957
258,0.090984,0.021024,0.409992,-0.490966,0.628861,-0.602936,-0.801149,-0.597746,0.028833,-0.341667,0.496413,0.798038,0.0,0.0,0.0,0.0,0.0,0.0,-0.06556,-0.058398,-0.015162,0.40623,0.242195,0.950269,0.19576,-0.969944,0.24159,0.027865,-0.021103,-0.197826,0.97994,-0.030238,0.007935,-0.007785,0.058449,0.036216,0.140473,-1.408376,0.050515,0.036291,-0.005596,-0.324123,-0.924776,0.199328,0.945893,-0.32018,0.05263,0.01515,0.205602,0.978518,-0.01504,0.003714,-0.00405,0.150846,0.036028,0.455775,-0.735095,0.091503,0.041014,-0.057383,-0.527872,0.623754,-0.576437,-0.788814,-0.611645,0.060504,-0.314836,0.486641,0.814897,-1e-06,-5e-06,-5e-06,-4e-06,-3e-06,-1e-06,-0.259814
259,0.090961,0.021013,0.409987,-0.491046,0.62883,-0.602903,-0.801109,-0.597797,0.028887,-0.341645,0.49639,0.798062,-0.000156,-0.000524,-0.000278,0.0,0.0,0.0,-0.06385,-0.058967,-0.015043,0.406089,0.252836,0.944701,0.208817,-0.966997,0.253447,0.02478,-0.029816,-0.209385,0.977308,-0.029805,0.006728,-0.008662,-0.305564,0.296787,0.100872,-1.408546,0.050218,0.036355,-0.005668,-0.334358,-0.91846,0.211267,0.942097,-0.331822,0.048436,0.025616,0.21523,0.976227,-0.014864,0.003238,-0.004398,-0.437685,0.3782,0.126092,-0.737708,0.091492,0.041009,-0.057386,-0.52795,0.623722,-0.5764,-0.788771,-0.611696,0.060555,-0.314812,0.486618,0.81492,-0.000101,-0.000339,-0.000181,-1e-06,6e-06,2e-06,-0.258998
260,0.090892,0.02102,0.409969,-0.491225,0.628756,-0.602835,-0.801001,-0.597939,0.028966,-0.341642,0.496315,0.79811,-0.000385,-0.001293,-0.000686,0.0,0.0,0.0,-0.059384,-0.060121,-0.014883,0.405745,0.274039,0.935714,0.222112,-0.961056,0.274715,0.028934,-0.034272,-0.222574,0.974243,-0.028929,0.004222,-0.010473,-0.222069,0.237248,0.048802,-1.408249,0.049651,0.036435,-0.005835,-0.355291,-0.907398,0.224488,0.934258,-0.352537,0.053641,0.030466,0.228789,0.972998,-0.013585,-0.002411,-6.3e-05,-0.329598,0.349692,-0.113774,-0.74326,0.091458,0.041013,-0.057394,-0.528125,0.623644,-0.576325,-0.788657,-0.611836,0.060628,-0.314807,0.486543,0.814967,-0.000215,-0.000722,-0.000382,1e-06,-4e-06,4e-06,-0.254916
261,0.09084,0.021022,0.409949,-0.491216,0.626796,-0.60488,-0.800743,-0.598218,0.030294,-0.342258,0.498452,0.796513,-0.000192,-0.000643,-0.000341,-0.029569,-0.08718,-0.036626,-0.064419,-0.060994,-0.015016,0.405618,0.312103,0.918979,0.240957,-0.948919,0.313645,0.033377,-0.045279,-0.240228,0.96959,-0.011402,-0.012749,0.009278,0.200255,0.279423,1.433319,-1.408256,0.049208,0.036376,-0.005906,-0.39097,-0.887836,0.24267,0.919423,-0.388895,0.058484,0.042449,0.245982,0.968344,-0.013088,-0.00366,-0.0011,1.175306,0.422426,5.214322,-0.749955,0.091432,0.041013,-0.057405,-0.528114,0.621602,-0.578537,-0.788374,-0.612058,0.062045,-0.315531,0.488872,0.813292,-9.9e-05,-0.000332,-0.000175,-0.022579,-0.073059,-0.033622,-0.254426
262,0.090721,0.020969,0.409947,-0.490074,0.622903,-0.609807,-0.800052,-0.599111,0.030901,-0.345491,0.502243,0.792726,-0.000538,-0.001802,-0.000957,-0.03412,0.004287,-0.213699,-0.071991,-0.061695,-0.01526,0.405596,0.339503,0.900028,0.273275,-0.937637,0.346737,0.023318,-0.074178,-0.265286,0.961241,-0.013182,-0.003623,-0.000964,-0.053606,0.226651,-0.341456,-1.408078,0.04886,0.036247,-0.005915,-0.419157,-0.865505,0.274238,0.904898,-0.422847,0.048562,0.073931,0.268512,0.960434,-0.013176,-0.003659,-0.000962,0.031426,0.243478,-0.286307,-0.75469,0.091372,0.040988,-0.057406,-0.527121,0.617631,-0.583672,-0.787618,-0.612967,0.062677,-0.319061,0.49275,0.809566,-0.000287,-0.000958,-0.000506,-0.020869,0.03801,-0.207068,-0.258998
263,0.090655,0.020944,0.409935,-0.49228,0.618178,-0.612831,-0.796173,-0.604306,0.029892,-0.351254,0.501863,0.790431,-0.000692,-0.002315,-0.00123,-0.001943,-0.007305,-0.029276,-0.080151,-0.061964,-0.015339,0.405635,0.350204,0.890298,0.291063,-0.932582,0.360287,0.02043,-0.087102,-0.27972,0.956051,0.001246,-0.007511,0.011393,-0.314189,0.380981,-0.290993,-1.407812,0.048726,0.036206,-0.005902,-0.429563,-0.854978,0.290667,0.898677,-0.436327,0.044686,0.08862,0.280411,0.955779,-0.006966,-0.000675,0.000354,-0.412438,0.670885,-0.276472,-0.756323,0.09134,0.040976,-0.057411,-0.529379,0.612818,-0.586694,-0.783662,-0.61814,0.06144,-0.325008,0.492295,0.807474,-0.000136,-0.000454,-0.000238,0.02421,0.016514,0.0129,-0.26161
264,0.090578,0.020975,0.409897,-0.518384,0.586301,-0.622554,-0.765022,-0.643227,0.031158,-0.381538,0.491688,0.782751,-0.012179,0.002661,0.001729,3.361098,-0.394038,-4.457871,-0.108647,-0.062094,-0.015483,0.405765,0.375224,0.868406,0.324144,-0.919433,0.392984,0.011842,-0.117554,-0.303569,0.945458,0.000356,-0.001098,-0.000785,0.14851,1.365456,-0.277933,-1.407521,0.048654,0.036138,-0.005828,-0.453011,-0.832145,0.319866,0.883618,-0.466724,0.037222,0.118315,0.299502,0.94673,-0.005387,-0.007215,0.003957,1.663828,0.312995,4.654212,-0.761059,0.091304,0.040986,-0.057433,-0.551941,0.583959,-0.595274,-0.755725,-0.652035,0.061071,-0.352477,0.483571,0.801197,1.3e-05,3.5e-05,2e-05,-0.111711,-0.216781,-0.32059,-0.27647
265,0.090592,0.021071,0.409847,-0.538495,0.556357,-0.632878,-0.73544,-0.676875,0.030644,-0.410668,0.481251,0.774452,0.000458,0.001531,0.000813,-0.022887,-0.045428,-0.268551,-0.145113,-0.062073,-0.015562,0.405621,0.377571,0.855804,0.353599,-0.916053,0.400891,0.00822,-0.135177,-0.328099,0.934848,-0.000774,0.006055,-0.012436,-0.345517,0.62415,-0.581506,-1.40763,0.048665,0.036095,-0.005896,-0.455761,-0.817616,0.351829,0.878894,-0.475902,0.032573,0.140804,0.324066,0.935497,-0.000434,0.003164,-0.006111,-0.586719,0.79811,-0.264403,-0.756323,0.091306,0.041033,-0.057458,-0.575126,0.550227,-0.605375,-0.721848,-0.689525,0.059068,-0.38492,0.470961,0.793745,6.1e-05,0.000194,0.000105,0.281094,-0.121541,-0.446254,-0.297208
266,0.090618,0.021111,0.409824,-0.537376,0.545428,-0.643258,-0.729514,-0.683288,0.029981,-0.422516,0.484695,0.765884,0.000428,0.001431,0.00076,0.305121,-0.991888,0.010948,-0.158258,-0.062028,-0.015501,0.405508,0.380991,0.848327,0.367667,-0.913758,0.406048,0.010301,-0.141013,-0.340953,0.92937,0.011968,0.011052,-0.010488,1.534227,0.828753,4.643926,-1.407687,0.048684,0.036119,-0.005956,-0.453423,-0.812771,0.3658,0.879249,-0.475133,0.034166,0.146035,0.337121,0.930065,0.000331,-0.001019,-0.000724,-0.564573,0.812051,-0.535335,-0.753221,0.091319,0.041054,-0.05747,-0.576434,0.541175,-0.612251,-0.715877,-0.695724,0.05904,-0.394008,0.47233,0.788455,0.006114,-0.001254,-0.000824,-0.133054,-0.268355,-0.297053,-0.308475
267,0.090629,0.021193,0.409777,-0.548726,0.516068,-0.657738,-0.704038,-0.709483,0.030604,-0.450184,0.47922,0.753465,0.001115,0.010969,-0.009096,3.579435,-0.505492,-4.438674,-0.172079,-0.061866,-0.015211,0.405274,0.396361,0.830582,0.391182,-0.905586,0.423692,0.018262,-0.151053,-0.362535,0.919573,0.012817,0.004753,0.001772,1.558039,0.913409,4.798909,-1.407518,0.048765,0.036263,-0.00608,-0.467756,-0.793887,0.388518,0.869621,-0.491951,0.04174,0.157995,0.357388,0.920494,-0.001149,0.005379,-0.00453,-0.160632,0.462441,-0.637672,-0.754853,0.091325,0.041093,-0.057488,-0.582978,0.513415,-0.629714,-0.694096,-0.717579,0.05753,-0.422333,0.470621,0.774692,0.000226,0.000745,0.000396,-0.005568,-0.401774,-0.394416,-0.323988
268,0.090631,0.021291,0.409706,-0.560404,0.477977,-0.67641,-0.670963,-0.740765,0.032359,-0.484904,0.471382,0.736678,7.8e-05,0.000261,0.000139,-0.068151,-0.298607,-0.646042,-0.180289,-0.061761,-0.015059,0.405166,0.405088,0.815128,0.414079,-0.89893,0.437641,0.01818,-0.166891,-0.38062,0.909472,-1e-06,2e-06,1e-06,-0.505121,0.745252,-0.347653,-1.407535,0.048822,0.036345,-0.006131,-0.480422,-0.774863,0.41083,0.858877,-0.510495,0.041523,0.177552,0.372801,0.910765,1e-06,-3e-06,2e-06,-0.087542,0.217385,-0.337649,-0.749955,0.091327,0.041147,-0.057526,-0.597628,0.472181,-0.647985,-0.656349,-0.752288,0.057156,-0.460484,0.459463,0.759504,5e-05,0.000149,8.1e-05,0.152291,-0.435004,-0.924084,-0.332479
269,0.09067,0.021312,0.409672,-0.563269,0.443139,-0.697425,-0.639842,-0.767951,0.028736,-0.52216,0.461873,0.716973,-0.000234,-0.000783,-0.000416,-0.147807,-0.404391,-0.16681,-0.196004,-0.061624,-0.015038,0.405114,0.407121,0.80694,0.427893,-0.89581,0.444107,0.015075,-0.178359,-0.390466,0.903099,0.00016,-0.000492,-0.000352,-0.158166,0.306026,-0.307292,-1.407989,0.048885,0.036354,-0.006156,-0.482368,-0.765625,0.425603,0.855225,-0.516729,0.039737,0.189498,0.383154,0.904036,-0.000775,0.00422,-0.005361,-0.218766,0.412308,-0.244636,-0.750281,0.091347,0.04116,-0.057542,-0.601113,0.436994,-0.669102,-0.62463,-0.779167,0.052281,-0.498496,0.449369,0.741328,-0.000159,-0.000543,-0.000287,-0.175505,-0.478977,-0.206195,-0.342766
270,0.090703,0.021289,0.40967,-0.564324,0.424397,-0.708146,-0.621797,-0.782717,0.02635,-0.5424,0.454661,0.706479,-9.2e-05,-0.000307,-0.000163,-0.087298,-0.607279,-0.142918,-0.201833,-0.061513,-0.015022,0.405138,0.410897,0.802844,0.431969,-0.893161,0.449428,0.014565,-0.182944,-0.392815,0.901161,2e-06,-7e-06,-5e-06,0.175245,0.11556,0.277116,-1.407925,0.04894,0.036365,-0.006149,-0.484475,-0.761719,0.430194,0.853138,-0.520167,0.039754,0.193492,0.386275,0.901859,2.1e-05,7.2e-05,-2e-05,2.370817,0.157524,4.797343,-0.748975,0.091363,0.041146,-0.057544,-0.602481,0.418591,-0.679556,-0.606468,-0.793605,0.04884,-0.518856,0.441555,0.731995,-4.6e-05,-0.000166,-8.8e-05,-0.121044,-0.654832,-0.170153,-0.348644
271,0.090725,0.021285,0.40969,-0.569188,0.389527,-0.724113,-0.579187,-0.815004,0.016775,-0.582919,0.428456,0.690404,2.6e-05,8.7e-05,4.6e-05,0.360919,-0.374569,-0.006098,-0.203034,-0.061284,-0.015074,0.405275,0.413421,0.796905,0.440473,-0.891363,0.452878,0.017531,-0.186011,-0.400873,0.896975,0.001835,-0.009304,0.010109,-0.416084,0.51301,-0.037604,-1.407836,0.04906,0.036341,-0.006079,-0.487481,-0.75613,0.436611,0.850262,-0.524802,0.040464,0.198538,0.390959,0.898739,3e-05,-0.0001,-7.3e-05,0.008782,0.051235,-0.194898,-0.751098,0.091374,0.041144,-0.057535,-0.607391,0.383149,-0.695896,-0.563855,-0.825002,0.037909,-0.559592,0.41541,0.71714,1.2e-05,4.4e-05,2.4e-05,1.337269,-0.385737,-0.875018,-0.356319
272,0.090716,0.021287,0.409691,-0.580708,0.349484,-0.735313,-0.527101,-0.849696,0.012354,-0.619758,0.394319,0.678556,-7e-06,-2.5e-05,-1.3e-05,0.337266,-0.29576,-0.029027,-0.200069,-0.061229,-0.015139,0.40535,0.418175,0.789299,0.449587,-0.887977,0.459394,0.019674,-0.191517,-0.408445,0.892388,-0.000122,0.000373,0.000267,-0.246953,0.357546,-0.074418,-1.40785,0.049088,0.036304,-0.006039,-0.491899,-0.747376,0.446613,0.846311,-0.530891,0.043717,0.20443,0.399478,0.893658,-8.8e-05,0.000259,0.000185,-0.369283,0.439179,0.167944,-0.750281,0.091369,0.041145,-0.057534,-0.618822,0.343024,-0.706677,-0.511345,-0.858819,0.030899,-0.596309,0.380477,0.70686,-5e-06,-1.7e-05,-8e-06,1.210397,-0.297876,-0.821488,-0.355339
273,0.090706,0.021282,0.4097,-0.585049,0.334395,-0.73888,-0.505004,-0.863052,0.009202,-0.633892,0.3781,0.674721,-0.0,-0.0,-0.0,4.099904,-0.240401,-3.386528,-0.198445,-0.061251,-0.015107,0.405387,0.415879,0.786921,0.455841,-0.888767,0.457814,0.020777,-0.192845,-0.414768,0.88918,-0.00074,0.002265,0.001621,-0.253462,0.304479,0.118168,-1.407915,0.049078,0.036318,-0.006022,-0.489433,-0.744986,0.453266,0.847285,-0.529221,0.045066,0.206304,0.406103,0.890235,-0.000415,0.001261,0.000902,-0.305384,0.361132,0.140262,-0.751098,0.091364,0.041143,-0.05753,-0.621266,0.330961,-0.710275,-0.493852,-0.869126,0.026985,-0.608388,0.367536,0.703405,6e-06,3e-06,6e-06,0.046322,-0.061368,0.1595,-0.354033
274,0.090703,0.021223,0.409769,-0.590558,0.3097,-0.745233,-0.469079,-0.883128,0.004644,-0.655969,0.351925,0.667743,6e-06,1.9e-05,1e-05,0.036064,-0.09721,0.144825,-0.191451,-0.061335,-0.01504,0.405404,0.409937,0.782418,0.468791,-0.89089,0.453603,0.02222,-0.195757,-0.427735,0.882375,-0.013437,-0.002841,-0.000402,-0.001861,0.439405,-0.232536,-1.407792,0.049034,0.036355,-0.006011,-0.483475,-0.740505,0.466801,0.849727,-0.525116,0.047066,0.210272,0.419409,0.883108,-0.006709,-0.001452,-0.000224,0.021066,0.438676,-0.245795,-0.747342,0.091363,0.041113,-0.057495,-0.628412,0.303027,-0.716429,-0.452835,-0.891365,0.020182,-0.632485,0.337107,0.697366,6e-06,5e-06,6e-06,0.045308,-0.061199,0.160743,-0.351257
275,0.090715,0.021116,0.40988,-0.59947,0.288638,-0.746572,-0.435072,-0.90038,0.001174,-0.67112,0.325152,0.66626,6.4e-05,0.000214,0.000113,0.01154,-0.079546,0.179407,-0.183842,-0.061475,-0.015048,0.405452,0.39974,0.779447,0.482351,-0.89413,0.447358,0.018333,-0.201978,-0.439594,0.875115,-0.013729,-0.001941,0.00024,-0.025238,0.105726,-0.207379,-1.408035,0.04897,0.036349,-0.005989,-0.473616,-0.737984,0.480693,0.85343,-0.51939,0.043471,0.217586,0.430827,0.87581,-0.000379,0.001157,0.000828,0.004868,0.032138,-0.164488,-0.745219,0.091369,0.04106,-0.05744,-0.637255,0.281944,-0.717225,-0.418663,-0.908016,0.015037,-0.647014,0.309858,0.696678,-0.00034,-0.004775,0.004929,-0.029217,0.017738,-0.022576,-0.343909
276,0.090773,0.020948,0.410069,-0.600361,0.281456,-0.748595,-0.420019,-0.907489,-0.004418,-0.679844,0.311416,0.663972,-0.000384,-0.00853,0.010395,1.595307,-1.360703,1.985968,-0.185667,-0.061565,-0.014988,0.405578,0.386848,0.777517,0.49579,-0.897641,0.440545,0.009751,-0.211304,-0.449792,0.867699,-0.001246,0.003823,0.002729,-0.011648,0.067389,-0.156182,-1.407802,0.048921,0.036376,-0.005928,-0.460692,-0.737181,0.494293,0.857789,-0.512831,0.034649,0.227947,0.439962,0.868603,-0.000489,0.0015,0.001075,-0.001431,0.110466,-0.378223,-0.744729,0.091398,0.040977,-0.05735,-0.639765,0.27346,-0.718275,-0.403731,-0.914807,0.011318,-0.653989,0.29723,0.695665,0.006332,-0.000512,-0.000428,-0.003547,-0.013795,0.030733,-0.342929
277,0.090793,0.020825,0.410193,-0.598567,0.280643,-0.750335,-0.414912,-0.909798,-0.009367,-0.684543,0.305361,0.661954,0.000109,0.000364,0.000193,1.621873,-1.297289,1.820643,-0.186188,-0.061616,-0.014927,0.405613,0.378483,0.774875,0.506272,-0.899648,0.436516,0.004683,-0.217823,-0.458213,0.86166,-0.001072,0.00329,0.002347,-0.044045,0.228068,-0.172614,-1.407555,0.048895,0.036409,-0.005909,-0.45239,-0.735143,0.504883,0.860228,-0.509049,0.029581,0.235265,0.447698,0.86268,-0.007221,0.000135,0.000908,0.067282,0.428101,-0.433143,-0.744893,0.091408,0.040914,-0.057283,-0.637921,0.272818,-0.720156,-0.39896,-0.916948,0.006034,-0.6587,0.291162,0.693784,-0.000321,-0.004693,0.004973,-0.041089,0.019447,-0.017753,-0.343746
278,0.090907,0.020594,0.410459,-0.594431,0.282001,-0.753109,-0.410581,-0.911644,-0.017362,-0.690729,0.298535,0.658633,0.000642,0.002156,0.001143,1e-05,-8e-06,1.1e-05,-0.189666,-0.061811,-0.014785,0.405706,0.359769,0.769689,0.527386,-0.904086,0.427223,-0.006545,-0.230781,-0.475415,0.848872,-0.001375,0.004226,0.00301,-0.204777,0.361662,-0.087935,-1.4075,0.048797,0.036479,-0.005862,-0.433678,-0.731631,0.525965,0.865665,-0.500305,0.017837,0.250093,0.463045,0.850319,-0.007404,0.000706,0.001311,-0.266272,0.570032,-0.249143,-0.744566,0.091464,0.040795,-0.057152,-0.632206,0.275713,-0.724083,-0.395134,-0.91861,-0.004788,-0.666471,0.283083,0.689694,0.006084,-0.004964,0.004671,-0.03977,-0.005563,0.035938,-0.345379
