frame,MLTx,MLTy,MLTz,MLTR1,MLTR2,MLTR3,MLTR4,MLTR5,MLTR6,MLTR7,MLTR8,MLTR9,MLTTVx,MLTTVy,MLTTVz,MLTRVx,MLTRVy,MLTRVz,MLGA,MRTx,MRTy,MRTz,MRTR1,MRTR2,MRTR3,MRTR4,MRTR5,MRTR6,MRTR7,MRTR8,MRTR9,MRTTVx,MRTTVy,MRTTVz,MRTRVx,MRTRVy,MRTRVz,MRGA,SLTx,SLTy,SLTz,SLTR1,SLTR2,SLTR3,SLTR4,SLTR5,SLTR6,SLTR7,SLTR8,SLTR9,SLTTVx,SLTTVy,SLTTVz,SLTRVx,SLTRVy,SLTRVz,SLGA,SRTx,SRTy,SRTz,SRTR1,SRTR2,SRTR3,SRTR4,SRTR5,SRTR6,SRTR7,SRTR8,SRTR9,SRTTVx,SRTTVy,SRTTVz,SRTRVx,SRTRVy,SRTRVz,SRGA
998,0.096444,-0.029364,0.32433,-0.135311,-0.43237,-0.891511,0.096467,-0.90125,0.422392,-0.985939,-0.028316,0.164772,1e-06,5e-06,5e-06,4.766182,-2.560086,-1.485151,0.511951,-0.198795,0.007105,0.290024,-0.892155,0.113155,0.437318,-0.389816,-0.682275,-0.618448,0.22952,-0.722333,0.652241,8.2e-05,0.00086,0.000946,0.051988,0.400713,0.293672,-1.198228,0.026701,0.05723,-0.01306,0.896659,-0.0918,0.433097,0.371342,0.688593,-0.622851,-0.24105,0.719313,0.651523,0.006989,0.00642,-0.00347,0.116041,0.682837,0.330377,-0.957334,0.050848,0.036036,-0.044447,0.118504,0.44057,-0.889861,-0.141636,0.894512,0.424011,0.982799,0.07579,0.168404,0.007457,-0.001258,-0.000885,-0.261283,-0.332128,-0.820771,0.505202
999,0.096602,-0.029384,0.324318,-0.120214,-0.451736,-0.884041,0.116072,-0.890777,0.439335,-0.985801,-0.049243,0.160622,7.8e-05,0.000267,0.000298,-0.104542,-0.09481,-0.502465,0.512082,-0.198668,0.007243,0.290123,-0.887649,0.113728,0.446248,-0.395011,-0.686393,-0.610545,0.237989,-0.718331,0.653624,0.01461,0.003306,0.002723,0.023584,0.14299,0.144737,-1.191587,0.026759,0.057297,-0.013013,0.89174,-0.092201,0.443053,0.377089,0.692668,-0.614828,-0.250201,0.715338,0.652449,0.000204,0.002132,0.002343,0.032394,0.175259,0.162619,-0.943291,0.050926,0.036025,-0.044454,0.099311,0.45993,-0.882383,-0.165772,0.882022,0.441084,0.98115,0.102471,0.163838,5.1e-05,0.000161,0.00019,-0.129026,-0.308264,-0.390582,0.507815
1000,0.096675,-0.029335,0.324376,-0.105581,-0.466363,-0.878296,0.135525,-0.881731,0.451835,-0.985012,-0.070752,0.157395,0.000695,0.002374,0.002646,-0.177437,-0.355614,-0.385603,0.514615,-0.198489,0.007398,0.290328,-0.884487,0.115371,0.452067,-0.399792,-0.687128,-0.606594,0.241763,-0.717368,0.653297,0.000509,0.005404,0.005926,0.012442,0.063848,0.082238,-1.185617,0.026853,0.057373,-0.012912,0.888535,-0.093857,0.449105,0.382018,0.693459,-0.610881,-0.254101,0.714355,0.652018,0.000236,0.002531,0.002774,0.011449,0.056401,0.075746,-0.94623,0.050962,0.036046,-0.044429,0.085414,0.473416,-0.876687,-0.185223,0.872109,0.452898,0.978977,0.123699,0.162178,0.000226,0.000761,0.000859,-0.189115,-0.377076,-0.429273,0.509121
1001,0.096688,-0.029289,0.324427,-0.099657,-0.473966,-0.874911,0.145851,-0.876742,0.458284,-0.984161,-0.081352,0.157594,0.000758,0.00259,0.002886,-0.081343,-0.095282,-0.278253,0.518137,-0.198448,0.007516,0.290425,-0.883156,0.115173,0.454712,-0.401654,-0.686617,-0.605941,0.243543,-0.717888,0.652064,0.000495,0.00526,0.005763,0.005116,0.009399,0.042491,-1.181826,0.026874,0.057432,-0.012864,0.887114,-0.093799,0.451917,0.384097,0.692949,-0.610155,-0.255924,0.714858,0.650753,5.6e-05,0.0088,-0.000413,0.036298,-0.034831,0.034242,-0.943454,0.050969,0.036069,-0.044403,0.077489,0.481245,-0.873153,-0.194681,0.866232,0.460153,0.9778,0.134329,0.160813,0.000462,0.001565,0.001752,-0.117598,-0.174825,-0.282696,0.51255
1002,0.096703,-0.029169,0.324591,-0.079314,-0.491805,-0.867112,0.169855,-0.863793,0.474325,-0.982184,-0.109057,0.15313,0.001008,0.003447,0.003835,0.43105,0.509589,-3.026954,0.519837,-0.198418,0.007767,0.290654,-0.878898,0.115084,0.46291,-0.407096,-0.686975,-0.60189,0.249852,-0.717559,0.650035,0.000632,0.006735,0.007361,0.057786,0.40313,0.330034,-1.173325,0.026889,0.057558,-0.012749,0.884035,-0.094078,0.457854,0.38804,0.693806,-0.606676,-0.260587,0.71399,0.649855,0.00031,0.003327,0.003636,0.063969,0.441644,0.354905,-0.935779,0.050976,0.036128,-0.044322,0.058419,0.494848,-0.867012,-0.216675,0.854077,0.472866,0.974493,0.160236,0.157115,0.000439,0.001846,0.00179,4.758734,-2.60947,-1.077079,0.518102
1003,0.096719,-0.029048,0.324754,-0.058433,-0.509264,-0.858651,0.187187,-0.850449,0.491599,-0.980522,-0.131376,0.146095,0.001046,0.003577,0.003974,-0.112365,-0.180014,-0.290519,0.520277,-0.198449,0.008011,0.290924,-0.877728,0.108622,0.466676,-0.402269,-0.696404,-0.594251,0.261556,-0.709422,0.654348,0.00053,0.00565,0.006159,9.9e-05,0.002345,0.001701,-1.161961,0.026874,0.057684,-0.01261,0.881717,-0.087278,0.463633,0.384305,0.702896,-0.598536,-0.273647,0.705916,0.653297,0.000315,0.003347,0.00365,0.006248,-0.032364,0.006534,-0.932677,0.050984,0.036191,-0.044238,0.0339,0.51442,-0.856868,-0.234246,0.837568,0.493566,0.971586,0.183986,0.148894,0.000418,0.001429,0.001598,-0.123705,-0.199551,-0.323252,0.519898
1004,0.096724,-0.02891,0.324906,-0.025047,-0.534867,-0.844592,0.205376,-0.829586,0.519211,-0.978342,-0.159795,0.131683,0.001079,0.003692,0.004096,0.146791,-0.698577,-0.724693,0.520797,-0.1985,0.008267,0.291207,-0.876722,0.101784,0.470096,-0.397448,-0.703954,-0.588572,0.272127,-0.702946,0.65702,-0.013603,0.00689,0.0084,-0.000232,-1.2e-05,-0.004727,-1.153741,0.026853,0.057808,-0.012473,0.880599,-0.080419,0.466986,0.3793,0.710332,-0.592923,-0.284033,0.699256,0.656022,0.000295,0.003122,0.003394,0.00198,-0.029849,0.012557,-0.934473,0.050987,0.03626,-0.044163,0.000637,0.537787,-0.843079,-0.251304,0.816109,0.520394,0.967907,0.211538,0.135668,0.000428,0.001507,0.001658,1.016211,-1.622594,-0.854326,0.521041
1005,0.096709,-0.028841,0.32498,-0.008919,-0.549335,-0.835582,0.21089,-0.817852,0.535364,-0.977468,-0.170764,0.124188,0.000986,0.003373,0.00374,-0.206505,-0.272387,-0.591278,0.520876,-0.19853,0.008375,0.291357,-0.877356,0.093948,0.470543,-0.390359,-0.710199,-0.585807,0.280253,-0.697727,0.659165,0.000649,0.006919,0.007512,-0.767786,0.836086,-0.910044,-1.153735,0.026833,0.057864,-0.012395,0.881017,-0.074014,0.467257,0.373169,0.715802,-0.59023,-0.290779,0.694369,0.658254,2e-05,0.00343,0.003801,-2.567672,3.21331,-3.630569,-0.935453,0.050979,0.036294,-0.044126,-0.017443,0.551221,-0.834176,-0.256334,0.803953,0.53661,0.96643,0.223188,0.127273,0.000457,0.001549,0.001734,-0.278823,-0.372867,-0.952691,0.520715
1006,0.096631,-0.02868,0.325089,0.033714,-0.575328,-0.817256,0.227904,-0.791752,0.56671,-0.973152,-0.204653,0.105448,0.000771,0.002637,0.002919,-0.338931,-0.41538,-0.901636,0.521362,-0.198592,0.008617,0.29164,-0.877577,0.085327,0.471772,-0.380931,-0.721775,-0.577811,0.29232,-0.686859,0.665309,0.000587,0.006255,0.006773,0.012338,-0.13518,0.182798,-1.155917,0.026802,0.057987,-0.012252,0.88119,-0.063826,0.468432,0.36222,0.727891,-0.582211,-0.303808,0.682715,0.66453,0.000289,0.003008,0.003259,0.005909,0.000728,-0.001938,-0.94672,0.050941,0.036377,-0.044069,-0.060491,0.574816,-0.816043,-0.272546,0.776963,0.567491,0.960238,0.256738,0.109665,-0.006998,0.002717,0.002532,-0.3332,-0.451182,-0.91519,0.521368
1007,0.096677,-0.028432,0.325131,0.070317,-0.593491,-0.801791,0.24521,-0.768837,0.590537,-0.967015,-0.2374,0.092471,0.001862,0.014539,-0.004482,-0.027376,-0.176478,-0.680819,0.52114,-0.198696,0.00886,0.291926,-0.878066,0.075271,0.472573,-0.370768,-0.731511,-0.57215,0.303734,-0.677662,0.669614,0.00061,0.006481,0.006999,0.012162,-0.134973,0.182565,-1.155313,0.02675,0.05811,-0.012107,0.881442,-0.053915,0.469203,0.351991,0.737379,-0.576518,-0.314898,0.673323,0.668935,0.000308,0.003226,0.003485,0.01355,-0.135303,0.18294,-0.94574,0.050963,0.036494,-0.044047,-0.099391,0.591128,-0.800429,-0.288061,0.752874,0.591777,0.952439,0.28939,0.095452,0.00047,0.001599,0.001786,0.195691,-0.505282,-0.610594,0.521205
1008,0.096733,-0.0283,0.325126,0.083114,-0.600715,-0.79516,0.250005,-0.759839,0.600096,-0.964785,-0.247929,0.088023,0.001556,0.013495,-0.005639,-0.115561,-0.107008,-0.48393,0.520753,-0.198782,0.008945,0.292053,-0.876728,0.072269,0.475517,-0.369188,-0.734957,-0.568745,0.309489,-0.674247,0.670426,-0.013714,0.005336,0.006659,0.002133,0.019787,0.009754,-1.154418,0.026712,0.058152,-0.012044,0.87988,-0.050932,0.472457,0.350561,0.740789,-0.573008,-0.320806,0.669804,0.66966,0.000431,-0.003612,0.006061,-0.031569,0.012642,-0.020179,-0.950476,0.050992,0.036563,-0.044047,-0.112594,0.597703,-0.79377,-0.292587,0.743489,0.601344,0.949586,0.299955,0.091167,0.007902,0.000365,0.000909,-0.175607,-0.164648,-0.47052,0.520878
1009,0.097008,-0.028134,0.325064,0.103481,-0.607979,-0.787209,0.268916,-0.744886,0.610574,-0.957728,-0.274126,0.087398,0.014996,-0.001983,-0.001212,1.300011,-0.934494,-0.29136,0.520572,-0.198994,0.009049,0.29221,-0.876539,0.074233,0.475562,-0.370552,-0.734811,-0.568047,0.308388,-0.674196,0.670984,0.000239,0.002518,0.002713,1e-06,5e-06,3e-06,-1.152784,0.026602,0.058207,-0.011963,0.879896,-0.052929,0.472207,0.351754,0.74067,-0.572429,-0.319452,0.669779,0.670332,-0.006971,0.001434,0.001998,0.010578,-0.121247,0.153321,-0.953741,0.051119,0.036656,-0.044076,-0.129956,0.604637,-0.785826,-0.306511,0.72923,0.611779,0.942953,0.320369,0.09056,0.000434,0.005565,-0.004116,0.046618,0.106304,-0.142068,0.521368
1010,0.097521,-0.028188,0.324959,0.121042,-0.606073,-0.786174,0.290754,-0.73562,0.611799,-0.949272,-0.301889,0.088161,0.014517,-0.003631,-0.003041,0.036179,-0.042104,0.025606,0.520614,-0.199338,0.009169,0.292318,-0.876617,0.074111,0.475439,-0.370407,-0.734782,-0.56818,0.308342,-0.674241,0.67096,-0.014017,0.001995,0.00304,-0.002045,0.015205,-0.029245,-1.151962,0.026435,0.058266,-0.01191,0.879971,-0.05285,0.472077,0.351639,0.740628,-0.572555,-0.319375,0.669833,0.670315,-0.006998,0.001131,0.00167,-0.001793,0.014957,-0.028906,-0.955211,0.051381,0.036628,-0.044128,-0.150529,0.601211,-0.784784,-0.33221,0.716905,0.61293,0.931115,0.352977,0.091814,0.014649,-0.003194,-0.002547,0.116516,-0.10334,0.022386,0.521204
1011,0.098212,-0.028361,0.324859,0.13234,-0.601186,-0.788104,0.30417,-0.73211,0.609482,-0.943557,-0.319635,0.086961,0.014503,-0.003691,-0.003121,0.000984,-0.014715,0.029553,0.520464,-0.199758,0.009241,0.292422,-0.876457,0.075069,0.475583,-0.370343,-0.736482,-0.566017,0.308874,-0.672278,0.672682,-0.014054,0.001571,0.002576,-0.002045,0.015205,-0.029245,-1.151265,0.02623,0.0583,-0.01186,0.879827,-0.05385,0.472232,0.351579,0.742329,-0.570386,-0.319837,0.667868,0.672053,9.2e-05,0.000967,0.001048,0.000433,-0.00014,7.9e-05,-0.955864,0.051721,0.036541,-0.044179,-0.161481,0.595746,-0.786771,-0.345355,0.712711,0.61055,0.924474,0.370308,0.090654,0.007014,-0.006787,0.003259,-0.037128,0.004798,0.013688,0.520551
1012,0.098541,-0.02844,0.324808,0.132599,-0.599945,-0.789005,0.304365,-0.732934,0.608393,-0.943457,-0.320079,0.086403,0.029441,-0.005874,-0.004588,0.001969,-0.029429,0.059106,0.520157,-0.199924,0.009279,0.292473,-0.876165,0.076787,0.475848,-0.370887,-0.738092,-0.563557,0.309052,-0.670317,0.674556,-0.014024,0.00185,0.002872,-0.002045,0.015205,-0.029245,-1.15047,0.026142,0.058319,-0.011834,0.879575,-0.055564,0.472503,0.352084,0.743973,-0.567926,-0.319973,0.665895,0.673943,9.6e-05,0.000994,0.001078,0.002531,0.000403,-0.000999,-0.954231,0.051885,0.0365,-0.044206,-0.161621,0.594525,-0.787665,-0.345535,0.713541,0.609477,0.924382,0.370671,0.090106,0.007239,-0.001901,-0.001628,0.002555,-0.108741,0.20396,0.520388
1013,0.09922,-0.028536,0.324698,0.13982,-0.598846,-0.788593,0.313614,-0.728638,0.608855,-0.939385,-0.331705,0.086914,0.014882,-0.00237,-0.001679,0.011976,-0.022116,0.02657,0.519701,-0.200268,0.009353,0.29259,-0.873396,0.076673,0.480928,-0.37439,-0.737425,-0.562112,0.312652,-0.671063,0.67215,-0.013956,0.002499,0.003562,0.03529,0.299902,0.214555,-1.147857,0.02597,0.058354,-0.011777,0.877384,-0.055591,0.476556,0.354955,0.743484,-0.566777,-0.322805,0.666438,0.672054,6e-05,0.00062,0.000673,0.059002,0.485388,0.357437,-0.955538,0.05223,0.036449,-0.044264,-0.168726,0.593096,-0.787252,-0.354479,0.708752,0.609929,0.919714,0.381976,0.090655,0.007451,-0.001159,-0.000814,0.034759,-0.040484,0.026639,0.519898
1014,0.099751,-0.028604,0.324671,0.139263,-0.604929,-0.784035,0.3143,-0.723818,0.614227,-0.939238,-0.331215,0.090309,0.015163,-0.001368,-0.000583,0.05049,0.081061,-0.194621,0.518389,-0.200502,0.009356,0.292608,-0.870711,0.076474,0.485805,-0.378545,-0.734979,-0.562533,0.315137,-0.673765,0.668276,-0.014282,-0.00079,2.6e-05,0.019416,0.199747,0.105711,-1.141684,0.025848,0.058361,-0.011762,0.874189,-0.055302,0.482424,0.359775,0.740995,-0.566998,-0.326118,0.669228,0.667666,-0.007154,-0.000519,-0.000115,0.018355,0.217999,0.122052,-0.954721,0.052501,0.036414,-0.044279,-0.168467,0.599158,-0.782705,-0.354879,0.703939,0.615247,0.919607,0.381415,0.094038,0.007597,-0.000624,-0.000235,0.051869,0.087878,-0.208165,0.518918
1015,0.099893,-0.028596,0.324688,0.138806,-0.609453,-0.780605,0.314683,-0.720246,0.618216,-0.939176,-0.330704,0.092787,0.000385,0.001366,0.001507,3.6e-05,7e-05,-0.000163,0.518288,-0.200548,0.00933,0.292568,-0.869378,0.076594,0.488169,-0.381153,-0.732828,-0.563577,0.315675,-0.67609,0.665669,-0.000271,-0.002719,-0.002921,0.00434,0.068709,0.014607,-1.138868,0.025825,0.058351,-0.011779,0.872586,-0.055387,0.485308,0.362756,0.738836,-0.567916,-0.327108,0.671605,0.664791,-0.000102,-0.001019,-0.00109,0.007652,-0.100234,0.175087,-0.955538,0.052572,0.036417,-0.044271,-0.168247,0.603741,-0.779222,-0.355064,0.700312,0.619266,0.919576,0.380864,0.096541,0.007689,-0.000293,0.000131,-0.002493,-0.018146,0.039497,0.518429
1016,0.099965,-0.028494,0.324772,0.142668,-0.62228,-0.769713,0.312806,-0.709471,0.631487,-0.93923,-0.330096,0.094397,0.000844,0.002997,0.003304,-0.015004,-0.04851,-0.268912,0.519972,-0.200563,0.009189,0.292402,-0.865274,0.077104,0.495327,-0.389133,-0.72638,-0.566465,0.317211,-0.682957,0.657883,-0.000433,-0.004335,-0.004664,0.055783,0.305288,0.469598,-1.135243,0.025817,0.058279,-0.011864,0.869802,-0.056067,0.490203,0.369316,0.732806,-0.571489,-0.327183,0.678123,0.658103,-0.000264,-0.002672,-0.002872,0.05243,0.359686,0.476585,-0.957497,0.052607,0.036466,-0.044231,-0.17265,0.616157,-0.768467,-0.35257,0.689831,0.632317,0.91972,0.380109,0.098139,0.000319,0.001125,0.001242,0.093194,0.179278,-0.915164,0.518755
1017,0.099958,-0.028353,0.324925,0.147423,-0.625985,-0.765803,0.310105,-0.705978,0.636712,-0.939397,-0.330573,0.091002,0.001093,0.00388,0.004272,-0.036407,0.03377,-0.207706,0.519255,-0.200576,0.008935,0.292142,-0.863149,0.073988,0.49949,-0.393392,-0.718846,-0.573094,0.317744,-0.69122,0.648935,-0.000697,-0.006967,-0.007516,0.006252,0.038419,-0.01174,-1.132432,0.025811,0.058157,-0.011989,0.866362,-0.052687,0.496628,0.375146,0.725078,-0.577517,-0.329667,0.686648,0.647946,-0.000335,-0.003387,-0.003648,0.055564,0.0166,-0.0691,-0.957824,0.052604,0.036537,-0.044154,-0.178169,0.619584,-0.764441,-0.34942,0.686403,0.637774,0.919869,0.380743,0.094199,0.000661,0.002352,0.002587,-0.007692,-0.054455,0.008098,0.518755
1018,0.09998,-0.02815,0.325146,0.155393,-0.625934,-0.764267,0.306162,-0.705063,0.639627,-0.939416,-0.332611,0.083032,0.001413,0.00502,0.005515,-0.111478,-0.217003,-0.117065,0.51162,-0.200555,0.008627,0.291792,-0.8622,0.070554,0.501623,-0.393512,-0.717017,-0.575299,0.320171,-0.693471,0.64533,-0.000933,-0.009307,-0.010074,0.710406,0.217493,-0.398461,-1.126732,0.025822,0.058002,-0.012166,0.865472,-0.049926,0.498461,0.375232,0.723841,-0.579011,-0.331899,0.688157,0.645198,0.006591,-0.005003,-0.005944,2.368156,0.667084,-1.252205,-0.957987,0.052615,0.036639,-0.044043,-0.185268,0.619214,-0.763052,-0.345861,0.685724,0.640438,0.919812,0.382563,0.087119,0.000851,0.003032,0.003331,-0.170917,-0.316453,-0.141846,0.514183
1019,0.099964,-0.028046,0.325272,0.150643,-0.627661,-0.763802,0.296467,-0.708385,0.640523,-0.943287,-0.322158,0.080323,0.001395,0.004955,0.005437,-0.020089,-0.03056,-0.017554,0.508182,-0.200542,0.008415,0.291575,-0.861205,0.067432,0.503757,-0.393847,-0.715187,-0.577344,0.322436,-0.695665,0.641832,-0.001054,-0.010509,-0.011399,0.710465,0.231168,-0.391077,-1.122029,0.025828,0.057896,-0.012274,0.864293,-0.046793,0.500806,0.375744,0.721978,-0.581002,-0.334384,0.690331,0.641583,-0.000581,-0.005537,-0.0061,2.357764,0.696325,-1.315878,-0.955864,0.052607,0.036692,-0.043979,-0.181533,0.621177,-0.762354,-0.33589,0.689444,0.641751,0.924241,0.372566,0.08349,0.00083,0.002955,0.00325,0.006705,-0.002737,0.030799,0.509937
1020,0.09985,-0.027801,0.325561,0.144767,-0.63039,-0.76269,0.28115,-0.712841,0.642483,-0.948874,-0.306662,0.074993,0.001807,0.006412,0.007019,-0.047787,-0.108082,-0.025592,0.498228,-0.200499,0.008001,0.291104,-0.858659,0.067437,0.508083,-0.399612,-0.708991,-0.581013,0.322128,-0.701979,0.635076,-0.001086,-0.010817,-0.011787,0.01366,0.189889,0.067673,-1.119371,0.02585,0.05769,-0.012507,0.862157,-0.046546,0.504497,0.381245,0.715412,-0.585522,-0.33367,0.69715,0.634543,-0.000512,-0.005198,-0.005663,0.024172,0.273953,0.170148,-0.957007,0.05255,0.036812,-0.043837,-0.175421,0.624238,-0.761284,-0.320988,0.694753,0.643649,0.930695,0.357273,0.078499,-0.006553,0.004276,0.004238,-0.050043,-0.102582,-0.058895,0.498017
1021,0.099505,-0.027499,0.325973,0.133225,-0.635076,-0.760904,0.268547,-0.715903,0.644467,-0.954187,-0.289413,0.076124,-0.013276,-0.000334,0.019136,-0.038364,0.020092,-0.020525,0.491498,-0.200441,0.007653,0.290673,-0.854296,0.06861,0.51523,-0.407431,-0.704061,-0.581577,0.323931,-0.706811,0.628769,-0.000954,-0.009501,-0.010395,0.007947,0.135519,0.027878,-1.099464,0.025878,0.057506,-0.012734,0.857431,-0.047631,0.512388,0.389595,0.710593,-0.585894,-0.336193,0.701988,0.627842,-0.000459,-0.004661,-0.005099,0.001859,0.097643,-0.002573,-0.957007,0.052383,0.036965,-0.043636,-0.164066,0.629469,-0.759506,-0.308766,0.698481,0.64559,0.93688,0.34043,0.079762,-0.006255,0.005298,0.005346,-0.00916,0.011513,-0.001593,0.486424
1022,0.099255,-0.027315,0.326263,0.131737,-0.63826,-0.758495,0.263097,-0.715218,0.647469,-0.955909,-0.284065,0.074653,-0.012687,0.001712,0.021341,-0.242249,-0.386155,-0.23856,0.488347,-0.20038,0.007524,0.290513,-0.853169,0.066348,0.51739,-0.40844,-0.702083,-0.583258,0.32563,-0.708989,0.62543,-0.000638,-0.006358,-0.006967,0.0106,0.077808,0.016919,-1.088208,0.025908,0.057437,-0.012819,0.856294,-0.045338,0.514494,0.390593,0.708605,-0.587636,-0.337931,0.704147,0.624483,-0.000293,-0.003003,-0.003288,-0.001083,0.038776,-0.009924,-0.953088,0.052257,0.037054,-0.043495,-0.160494,0.632679,-0.757599,-0.304448,0.698394,0.647731,0.938909,0.334607,0.08053,-0.005903,0.006527,0.006671,-0.244435,-0.490113,-0.22956,0.480545
1023,0.098743,-0.026859,0.326903,0.123336,-0.644495,-0.754625,0.254882,-0.714357,0.651691,-0.959239,-0.271922,0.077108,-0.011238,0.014892,0.015236,-0.003939,0.083075,-0.153793,0.481458,-0.200277,0.007336,0.290344,-0.851619,0.069206,0.519565,-0.41363,-0.697729,-0.584823,0.323118,-0.713006,0.622158,-0.000233,-0.002331,-0.002559,0.00575,0.002308,-0.002708,-1.057582,0.025959,0.057341,-0.012906,0.855012,-0.048256,0.516356,0.395647,0.704402,-0.589305,-0.335285,0.708158,0.621365,-9.1e-05,-0.000979,-0.001074,-0.0018,-0.009156,-0.006998,-0.949659,0.052,0.037277,-0.043172,-0.154716,0.639349,-0.753189,-0.295031,0.697682,0.652836,0.942877,0.323219,0.080685,-0.005666,0.007322,0.007499,0.000959,0.001377,0.002797,0.467972
1024,0.098101,-0.026293,0.327545,0.119807,-0.651927,-0.748787,0.244125,-0.711726,0.65865,-0.962475,-0.260904,0.074819,-0.011265,0.014643,0.014886,0.586211,0.901178,-2.554554,0.483952,-0.200235,0.007324,0.290328,-0.850092,0.068923,0.522097,-0.415347,-0.697403,-0.583994,0.324935,-0.713352,0.620813,8.9e-05,0.000886,0.000972,0.000761,0.006957,0.005092,-1.042243,0.02598,0.057335,-0.012913,0.853402,-0.048017,0.519035,0.397474,0.704138,-0.588389,-0.33722,0.708436,0.619998,7.5e-05,0.000733,0.000805,-0.002596,-0.014049,-0.011906,-0.948026,0.05168,0.037565,-0.042847,-0.151763,0.644813,-0.749121,-0.283789,0.697564,0.657926,0.9468,0.312441,0.077126,-0.012908,0.008947,0.00876,-0.07101,-0.134624,-0.080688,0.465033
1025,0.097412,-0.025645,0.328146,0.112997,-0.655971,-0.746311,0.228636,-0.713808,0.661948,-0.967084,-0.244622,0.070255,-0.0259,0.017293,0.016747,-0.421109,0.235822,-0.024856,0.488417,-0.200235,0.007437,0.290452,-0.849997,0.069596,0.522162,-0.415824,-0.697339,-0.583731,0.324572,-0.71335,0.621005,0.000416,0.00416,0.004561,0.001546,-0.017108,0.023138,-1.031608,0.02598,0.05739,-0.012852,0.853461,-0.048702,0.518875,0.397787,0.704117,-0.588203,-0.336703,0.708411,0.62031,0.000193,0.001937,0.002125,1e-06,-0.000554,-0.000295,-0.949496,0.051341,0.037888,-0.042547,-0.145439,0.651323,-0.744731,-0.268948,0.698362,0.663292,0.95211,0.296763,0.073602,-0.005668,0.007169,0.007233,-1.297946,1.007547,0.059202,0.469278
1026,0.09708,-0.025332,0.328413,0.111576,-0.657436,-0.745234,0.223068,-0.71422,0.663402,-0.968547,-0.239446,0.067896,-0.010772,0.024233,0.004854,0.015538,-0.052728,-0.007636,0.491442,-0.200238,0.00749,0.290541,-0.849947,0.069943,0.522196,-0.416053,-0.697344,-0.583563,0.324408,-0.713312,0.621135,0.000398,0.003986,0.004367,0.001546,-0.017108,0.023138,-1.026654,0.025979,0.057419,-0.012806,0.853422,-0.049052,0.518907,0.398016,0.704127,-0.588037,-0.336532,0.708377,0.620441,0.000396,-0.003924,0.005757,-0.034626,-0.002919,0.007183,-0.949986,0.05117,0.038044,-0.042406,-0.143989,0.652964,-0.743575,-0.262926,0.699154,0.66487,0.95401,0.291239,0.07101,-0.013079,0.008177,0.007871,0.004059,0.086888,-0.184441,0.472707
1027,0.096429,-0.02475,0.328912,0.111393,-0.660375,-0.742659,0.210621,-0.714654,0.666993,-0.971351,-0.229902,0.060411,-0.026406,0.015233,0.014427,-0.112658,-0.213887,-0.12471,0.497469,-0.200301,0.007521,0.2907,-0.848384,0.069968,0.524729,-0.417899,-0.697142,-0.582484,0.326127,-0.713507,0.62001,0.000256,0.002558,0.002799,0.013386,0.093158,0.103811,-1.018154,0.025948,0.057439,-0.012721,0.85188,-0.049139,0.521426,0.399886,0.703956,-0.586972,-0.338218,0.70854,0.619336,7.3e-05,0.000763,0.000835,0.015618,0.141857,0.1044,-0.950802,0.050851,0.038338,-0.042161,-0.14311,0.655808,-0.741238,-0.251006,0.70041,0.668146,0.957347,0.281674,0.064376,-0.006024,0.005818,0.005769,-0.175692,-0.30315,-0.172944,0.480708
1028,0.095896,-0.024194,0.329254,0.107422,-0.663581,-0.740383,0.194216,-0.716349,0.670147,-0.975205,-0.214963,0.052853,-0.011577,0.021167,0.001486,-4.218507,3.377067,0.136824,0.506433,-0.200323,0.007569,0.290815,-0.848342,0.070278,0.524756,-0.418081,-0.697188,-0.582298,0.326002,-0.713432,0.620162,0.00019,0.001898,0.002075,3e-06,2.4e-05,1.7e-05,-1.010373,0.025937,0.057464,-0.012662,0.85182,-0.049432,0.521495,0.400081,0.704016,-0.586767,-0.338136,0.708461,0.619472,0.000308,-0.004781,0.004814,-0.036442,0.012386,-0.017442,-0.952761,0.050575,0.038623,-0.041983,-0.140356,0.658941,-0.738983,-0.236035,0.702583,0.671315,0.961554,0.268649,0.056921,-0.005857,0.010576,0.000432,-4.281007,3.30387,0.089398,0.491322
1029,0.095745,-0.02392,0.329337,0.106166,-0.664549,-0.739695,0.188968,-0.716868,0.671091,-0.976371,-0.210205,0.050397,0.001954,0.006653,0.007052,-0.031523,-0.075753,-0.008142,0.508937,-0.20032,0.007598,0.290847,-0.848326,0.070385,0.524766,-0.418157,-0.697178,-0.582256,0.325945,-0.713431,0.620192,0.000121,0.001212,0.001324,0.0,0.0,0.0,-1.00826,0.025938,0.05748,-0.012645,0.851817,-0.049543,0.521489,0.400147,0.704009,-0.58673,-0.338066,0.70846,0.619511,6.6e-05,0.000688,0.000751,7e-06,-0.000319,-0.000158,-0.954721,0.050499,0.038759,-0.041943,-0.139044,0.660349,-0.737973,-0.229017,0.703567,0.672712,0.96344,0.262546,0.053404,-0.006056,0.009657,-0.000229,0.031451,-0.053165,-0.003097,0.496384
1030,0.095708,-0.023424,0.329284,0.115348,-0.666915,-0.736183,0.179023,-0.715046,0.675745,-0.977215,-0.208916,0.037835,0.001504,0.013201,-0.006075,-0.290794,-0.550616,-0.287016,0.512926,-0.20036,0.007619,0.290888,-0.846786,0.070189,0.527274,-0.419904,-0.696866,-0.581371,0.327703,-0.713754,0.618893,-0.000342,0.012346,-0.006586,0.036381,-0.012716,0.017151,-1.0032,0.025919,0.057486,-0.012622,0.850206,-0.049337,0.524132,0.401971,0.703742,-0.585802,-0.339952,0.708739,0.618158,-0.007103,0.000372,0.000848,-0.003778,0.004086,-0.038344,-0.956028,0.050481,0.039007,-0.041961,-0.145876,0.661921,-0.735241,-0.220347,0.702783,0.676418,0.964451,0.260681,0.043333,0.00077,0.006661,-0.002966,-0.093552,0.017756,-0.008998,0.503079
1031,0.095936,-0.023047,0.328928,0.119283,-0.668839,-0.733806,0.172024,-0.713993,0.678671,-0.978005,-0.20636,0.030808,0.015041,0.006922,-0.011824,-0.00627,-0.104422,0.005081,0.514996,-0.20038,0.007646,0.290904,-0.846744,0.070516,0.527299,-0.420138,-0.696817,-0.58126,0.327512,-0.713771,0.618975,6e-06,6e-05,6.6e-05,0.0,0.0,0.0,-1.002034,0.025909,0.057504,-0.012616,0.850249,-0.049699,0.524028,0.40214,0.703695,-0.585743,-0.339646,0.70876,0.618302,0.0,-4e-06,-5e-06,2.2e-05,-0.00027,-0.000122,-0.957497,0.05059,0.039198,-0.042137,-0.152507,0.663926,-0.73208,-0.211928,0.701545,0.680382,0.965312,0.258911,0.033714,0.007418,0.003091,-0.006299,0.020007,-0.068703,0.026554,0.507651
1032,0.096283,-0.022703,0.328366,0.127288,-0.669869,-0.731518,0.169574,-0.711972,0.681404,-0.977434,-0.209953,0.023882,0.015088,0.015199,-0.023112,-0.145414,-0.345143,-0.358633,0.515461,-0.200443,0.007659,0.290922,-0.8459,0.077539,0.527668,-0.424973,-0.695944,-0.578787,0.323417,-0.713903,0.620973,2e-06,2.1e-05,2.3e-05,2.915661,-3.198838,3.432108,-1.000934,0.025877,0.05751,-0.012608,0.849888,-0.051755,0.524413,0.402829,0.705389,-0.583227,-0.339731,0.706927,0.62035,-1e-06,-1.3e-05,-1.3e-05,0.004376,0.00119,-0.002423,-0.958314,0.050763,0.039366,-0.042415,-0.158236,0.664099,-0.730706,-0.210878,0.700227,0.682064,0.964619,0.262018,0.029242,0.007218,0.002413,-0.007027,-0.193369,-0.488002,-0.20048,0.508631
1033,0.096465,-0.022559,0.328048,0.127642,-0.669414,-0.731872,0.170461,-0.712132,0.681015,-0.977233,-0.210855,0.024127,0.014185,0.004025,-0.014903,0.033194,-0.03688,0.043089,0.515893,-0.200474,0.007671,0.290938,-0.845843,0.077951,0.527698,-0.425258,-0.695902,-0.578627,0.32319,-0.713899,0.621096,3.4e-05,0.000341,0.000372,0.0,0.0,0.0,-1.001048,0.025861,0.057516,-0.012601,0.849514,-0.05717,0.524457,0.407303,0.702899,-0.583125,-0.335304,0.708987,0.620409,2.7e-05,0.000241,0.000266,0.000624,0.000304,-0.000399,-0.95864,0.050848,0.039439,-0.042573,-0.16067,0.663995,-0.73027,-0.210569,0.699789,0.682608,0.964284,0.263447,0.027382,-0.000294,0.003009,-0.006843,0.048979,0.011484,0.001379,0.509774
1034,0.096762,-0.022394,0.327414,0.126821,-0.669801,-0.731661,0.166409,-0.712806,0.681313,-0.978037,-0.207332,0.021978,0.013444,0.001475,-0.017627,0.031035,-0.025863,0.016257,0.514339,-0.200492,0.007749,0.290963,-0.845254,0.083709,0.527759,-0.429929,-0.693217,-0.578399,0.318503,-0.715863,0.621256,0.00014,0.001389,0.001516,0.0,-0.0,0.0,-1.001051,0.025852,0.057552,-0.012591,0.849054,-0.062946,0.524541,0.412041,0.700305,-0.582918,-0.330647,0.711062,0.620534,9.9e-05,0.000964,0.001052,0.001066,-0.01699,0.02325,-0.958967,0.051002,0.039524,-0.042894,-0.159843,0.6644,-0.730083,-0.206567,0.700706,0.682891,0.965287,0.259967,0.02524,-0.000606,0.001928,-0.007992,0.046825,0.007381,-0.00075,0.509448
1035,0.096916,-0.022376,0.326739,0.12829,-0.671071,-0.73024,0.160715,-0.712534,0.682963,-0.9788,-0.204148,0.017354,-0.001873,0.001662,-0.018349,-0.014146,-0.096374,-0.060237,0.513407,-0.200486,0.007885,0.291022,-0.844291,0.090771,0.528134,-0.434854,-0.692147,-0.575993,0.31433,-0.716046,0.623167,0.000257,0.00256,0.002792,2.918746,-3.183241,3.443949,-1.001317,0.025855,0.05762,-0.012562,0.84866,-0.065011,0.524927,0.412833,0.701833,-0.580515,-0.330672,0.709368,0.622456,0.000155,0.001535,0.001674,0.001861,-0.016881,0.022851,-0.958967,0.051084,0.039533,-0.043239,-0.161281,0.665587,-0.728684,-0.200837,0.700765,0.684537,0.966256,0.25675,0.020654,-0.000965,0.00069,-0.009323,-0.003257,-0.085432,-0.052013,0.507651
1036,0.096928,-0.022394,0.326376,0.131454,-0.669479,-0.731138,0.159399,-0.713677,0.682077,-0.978599,-0.205377,0.013814,-0.002025,0.001146,-0.01892,-0.239566,-0.332711,0.703867,0.514047,-0.200457,0.007971,0.291099,-0.844207,0.091256,0.528185,-0.43521,-0.692072,-0.575814,0.314063,-0.716058,0.623289,0.000423,0.004215,0.004593,0.001544,-0.017107,0.023139,-1.000916,0.025869,0.057659,-0.012528,0.848178,-0.070495,0.524998,0.417347,0.699287,-0.58036,-0.326212,0.711355,0.622541,0.00022,0.002165,0.002358,0.001313,-0.016909,0.023048,-0.958967,0.051091,0.039523,-0.043415,-0.164401,0.664478,-0.728999,-0.199587,0.701359,0.684294,0.965989,0.257998,0.017317,-0.001053,0.000243,-0.009754,-0.794892,-0.964405,2.446731,0.507651
1037,0.096878,-0.022418,0.325581,0.131169,-0.667009,-0.733443,0.153936,-0.717168,0.679666,-0.979511,-0.20123,0.009525,-0.002514,-0.000519,-0.020753,-0.04196,-0.08902,0.211833,0.516182,-0.20041,0.008101,0.291269,-0.843168,0.098338,0.528573,-0.440105,-0.691103,-0.573253,0.309991,-0.716065,0.625316,0.00031,0.003098,0.003371,0.0,-0.0,0.0,-0.99903,0.025893,0.057729,-0.012438,0.847297,-0.077603,0.525418,0.422279,0.698432,-0.577816,-0.322129,0.711455,0.62455,0.000146,0.001442,0.001569,-9e-05,0.000241,-0.000267,-0.958803,0.051066,0.039511,-0.043812,-0.163927,0.661477,-0.73183,-0.194416,0.705652,0.681364,0.967124,0.253974,0.012927,-0.001354,-0.000647,-0.010785,-0.2317,-0.285706,0.79033,0.508958
1038,0.096725,-0.022463,0.324726,0.13134,-0.662822,-0.737199,0.147875,-0.722232,0.675638,-0.980422,-0.196933,0.004079,-0.002818,-0.001531,-0.021907,0.02683,0.003561,-0.014007,0.517694,-0.20039,0.008175,0.291364,-0.843061,0.098935,0.528631,-0.440523,-0.691049,-0.572996,0.309686,-0.716035,0.625501,0.000162,0.001617,0.001758,0.0,0.0,0.0,-0.998083,0.025903,0.057769,-0.012387,0.847202,-0.078212,0.525481,0.422705,0.698391,-0.577554,-0.32182,0.711429,0.624739,9.2e-05,0.000925,0.001005,-0.000122,0.000147,-0.000137,-0.95766,0.05099,0.039489,-0.044232,-0.163784,0.657108,-0.735787,-0.18864,0.711234,0.677171,0.968292,0.249709,0.007468,-0.00142,-0.000852,-0.011041,-0.043519,-0.073267,0.204995,0.51157
1039,0.096476,-0.022459,0.32396,0.13489,-0.659924,-0.739156,0.146522,-0.724497,0.673504,-0.980148,-0.198336,-0.000109,-0.002071,0.001055,-0.019163,0.033832,-0.003814,-0.00928,0.51855,-0.200367,0.008208,0.291382,-0.842299,0.104802,0.528716,-0.445239,-0.688299,-0.572661,0.304964,-0.717854,0.625737,4e-06,4e-05,4.4e-05,0.0,-0.0,0.0,-0.994838,0.025915,0.057786,-0.012376,0.84657,-0.084098,0.52559,0.427487,0.695743,-0.57723,-0.317132,0.71335,0.624946,-5e-06,-5.9e-05,-6.4e-05,-0.000172,0.000159,-0.000192,-0.957987,0.050862,0.039484,-0.044637,-0.167195,0.654067,-0.737727,-0.187411,0.713533,0.67509,0.967947,0.25113,0.00328,-0.000997,0.000608,-0.009491,0.041564,0.00554,-0.007196,0.513203
1040,0.096317,-0.022425,0.323623,0.138501,-0.656599,-0.741445,0.14459,-0.727242,0.670959,-0.979936,-0.199322,-0.004858,-0.001692,0.00236,-0.017766,-0.288942,-0.556471,-0.049534,0.519598,-0.200367,0.008199,0.291388,-0.842248,0.105078,0.528742,-0.445428,-0.688284,-0.572533,0.304828,-0.717829,0.625831,0.0,1e-06,1e-06,0.0,0.0,0.0,-0.992915,0.025915,0.057781,-0.012375,0.846525,-0.084372,0.525618,0.427673,0.695734,-0.577103,-0.316999,0.713326,0.62504,-4e-06,-4.6e-05,-5e-05,-0.000141,0.000125,-0.000176,-0.956681,0.050782,0.0395,-0.044806,-0.168396,0.650258,-0.740814,-0.186877,0.716856,0.671708,0.967842,0.251554,0.000803,-0.000797,0.001307,-0.008741,-0.293647,-0.561008,-0.033273,0.514183
1041,0.095956,-0.022324,0.323149,0.131288,-0.656635,-0.742725,0.136234,-0.73016,0.669536,-0.982115,-0.188275,-0.005476,-0.015156,0.009108,-0.011401,0.033754,-0.00267,-0.013409,0.520525,-0.200347,0.008133,0.291375,-0.840706,0.104738,0.531257,-0.447063,-0.687983,-0.571619,0.306688,-0.718166,0.624534,-5.8e-05,-0.000582,-0.000633,0.000307,0.003089,0.002261,-0.985983,0.025925,0.057748,-0.012381,0.844877,-0.084019,0.52832,0.429431,0.69545,-0.576139,-0.319014,0.713645,0.62365,-4.5e-05,-0.000446,-0.000483,-0.00215,-0.013474,-0.011285,-0.957987,0.050607,0.039544,-0.045043,-0.163341,0.650963,-0.741327,-0.177415,0.719787,0.67114,0.970486,0.241147,-0.00208,-0.000251,0.003176,-0.006709,0.038798,0.002298,-0.010723,0.516306
1042,0.095572,-0.022105,0.322996,0.131335,-0.656895,-0.742486,0.13678,-0.729812,0.669805,-0.982033,-0.188714,-0.005071,0.000982,0.011427,-0.007908,0.034782,-0.017324,0.01618,0.520419,-0.200304,0.008053,0.29139,-0.840708,0.104656,0.531272,-0.446965,-0.688123,-0.571527,0.306829,-0.718044,0.624605,-2e-06,-2.1e-05,-2.3e-05,0.0,1e-06,0.0,-0.977327,0.025946,0.057705,-0.012376,0.844986,-0.083957,0.528156,0.429208,0.695618,-0.576103,-0.319027,0.713488,0.623823,1e-06,1.3e-05,1.3e-05,-7.9e-05,-0.000307,-0.000339,-0.95815,0.050409,0.039652,-0.045121,-0.163347,0.651263,-0.741062,-0.177972,0.719376,0.671434,0.970382,0.241565,-0.001601,-0.007177,0.001843,0.001532,-0.001009,0.014919,-0.029604,0.517449
1043,0.095411,-0.021976,0.323004,0.130102,-0.657973,-0.741749,0.131309,-0.730093,0.670593,-0.982942,-0.183832,-0.007661,0.001249,0.012317,-0.006939,-0.058205,-0.194449,-0.083012,0.520523,-0.200281,0.008029,0.291423,-0.840696,0.104681,0.531286,-0.446959,-0.688194,-0.571446,0.306871,-0.717973,0.624667,0.000138,0.001387,0.001508,0.001546,-0.017096,0.023147,-0.9726,0.025958,0.057691,-0.012363,0.84498,-0.083961,0.528165,0.429183,0.695692,-0.576032,-0.319076,0.713416,0.623881,1.4e-05,0.000142,0.000154,-4.7e-05,-3e-05,-9.1e-05,-0.958477,0.050329,0.039719,-0.045114,-0.16164,0.652352,-0.740478,-0.172683,0.720071,0.672069,0.971623,0.236501,-0.003742,-0.007037,0.002305,0.002034,-0.15026,-0.344663,-0.008536,0.517939
1044,0.095234,-0.021753,0.323034,0.129014,-0.658821,-0.741185,0.126006,-0.73049,0.671177,-0.983778,-0.179171,-0.010301,0.000708,0.002379,0.00259,-0.009042,-0.032549,0.014787,0.521261,-0.20023,0.007993,0.291531,-0.84063,0.10495,0.531336,-0.447088,-0.688345,-0.571162,0.306862,-0.717788,0.624883,0.000143,0.001437,0.001562,0.0,0.0,0.0,-0.960708,0.025984,0.057675,-0.012306,0.844918,-0.084252,0.528218,0.429323,0.695847,-0.575741,-0.319052,0.713231,0.624104,0.000286,-0.005003,0.004565,-0.036219,0.01436,-0.016008,-0.955701,0.050241,0.039837,-0.0451,-0.16139,0.653373,-0.739632,-0.167032,0.720561,0.672972,0.972652,0.232153,-0.007158,0.000635,0.006178,-0.00344,0.045689,-0.014329,0.021095,0.519082
1045,0.095179,-0.02155,0.32296,0.134169,-0.659717,-0.739471,0.123748,-0.729232,0.672963,-0.983381,-0.180984,-0.015276,0.001032,0.011568,-0.007754,-0.075999,-0.22877,-0.10249,0.521568,-0.200187,0.00791,0.291679,-0.84058,0.105122,0.531382,-0.447104,-0.688622,-0.570817,0.306979,-0.717498,0.62516,0.000525,-0.010528,0.008566,-0.036212,0.014305,-0.015987,-0.951724,0.026005,0.057639,-0.012234,0.844869,-0.084439,0.528265,0.429352,0.696105,-0.575407,-0.319142,0.712956,0.624372,7.6e-05,0.000795,0.000863,-1.5e-05,1.7e-05,-1.3e-05,-0.955211,0.050215,0.039943,-0.045132,-0.16598,0.653882,-0.738165,-0.165025,0.719575,0.674521,0.972222,0.233773,-0.011529,0.000515,0.005773,-0.003886,-0.107344,-0.267063,-0.128054,0.519572
1046,0.095212,-0.021445,0.322893,0.134281,-0.659622,-0.739535,0.124069,-0.72924,0.672895,-0.983325,-0.181295,-0.015159,0.000952,0.0113,-0.008045,0.033149,-0.020471,0.014414,0.521682,-0.200183,0.007833,0.291746,-0.840981,0.10348,0.531069,-0.446531,-0.687184,-0.572995,0.306711,-0.719112,0.623434,2.6e-05,0.000264,0.000287,0.062706,0.019615,-0.035429,-0.950009,0.026007,0.057598,-0.012195,0.845236,-0.082769,0.527942,0.428779,0.694667,-0.577568,-0.31894,0.714553,0.622648,0.000206,-0.005808,0.003695,0.189585,0.084907,-0.1435,-0.955864,0.050232,0.039996,-0.045165,-0.166634,0.653835,-0.738059,-0.165173,0.719438,0.67463,0.972085,0.234324,-0.011887,0.000473,0.005629,-0.004046,0.04648,-0.00489,0.025052,0.519572
1047,0.0953,-0.0212,0.322706,0.13078,-0.65993,-0.739887,0.120593,-0.730176,0.672512,-0.984225,-0.176361,-0.014983,0.000821,0.010865,-0.008518,0.034765,-0.017393,0.016143,0.521681,-0.200164,0.007694,0.291879,-0.840995,0.103306,0.53108,-0.446275,-0.687562,-0.572741,0.307046,-0.718775,0.623657,4.7e-05,0.000469,0.000509,0.0,0.0,0.0,-0.948996,0.026017,0.057527,-0.01213,0.845246,-0.082595,0.527954,0.428516,0.69504,-0.577314,-0.319266,0.71421,0.622874,0.000228,-0.005593,0.003928,-0.036372,0.014236,-0.015914,-0.956028,0.050275,0.040114,-0.045255,-0.162971,0.654308,-0.738457,-0.161841,0.720597,0.6742,0.973265,0.229388,-0.011543,-5e-06,-2.8e-05,-2.8e-05,0.000158,0.000547,0.000245,0.519082
1048,0.095355,-0.020965,0.322446,0.133675,-0.660012,-0.739297,0.120155,-0.729704,0.673102,-0.983893,-0.177992,-0.017314,0.000273,0.009022,-0.010522,0.028419,-0.014208,-0.015144,0.521801,-0.200157,0.007647,0.291978,-0.84099,0.103294,0.531092,-0.446195,-0.687751,-0.572576,0.307179,-0.718596,0.623799,0.000132,0.001331,0.001444,0.0,0.0,0.0,-0.949028,0.02602,0.057503,-0.012082,0.84524,-0.082584,0.527965,0.428433,0.69523,-0.577148,-0.319394,0.714027,0.623018,6.8e-05,0.000705,0.000764,2.5e-05,2.4e-05,4e-06,-0.956354,0.050304,0.040234,-0.045383,-0.166091,0.654272,-0.737794,-0.161189,0.72011,0.674876,0.972846,0.231015,-0.014143,-0.000126,-0.000433,-0.000473,0.011706,0.007803,0.007159,0.519898
1049,0.09544,-0.02074,0.322162,0.138938,-0.660816,-0.737607,0.118322,-0.728428,0.674808,-0.983393,-0.180215,-0.022094,0.000518,0.009848,-0.009621,0.009357,-0.066068,-0.01138,0.52169,-0.200161,0.007704,0.292055,-0.840956,0.103487,0.531108,-0.446322,-0.687746,-0.572482,0.307086,-0.718573,0.623871,0.000159,0.001606,0.001742,0.0,0.0,0.0,-0.948716,0.026018,0.05753,-0.012044,0.845211,-0.082779,0.527983,0.428562,0.695228,-0.577055,-0.3193,0.714007,0.62309,0.000107,0.001098,0.001189,0.001537,-0.017069,0.023174,-0.956844,0.050345,0.040344,-0.045527,-0.171461,0.65471,-0.736175,-0.159251,0.718996,0.676522,0.972234,0.233234,-0.019017,0.000193,0.004683,-0.005072,0.019274,-0.063258,-0.006703,0.519735
1050,0.095483,-0.020649,0.322004,0.141568,-0.661203,-0.736759,0.117391,-0.7278,0.675647,-0.983133,-0.181322,-0.024493,0.01487,0.006241,-0.012579,0.030352,-0.042467,0.039831,0.521888,-0.200168,0.007725,0.292094,-0.840918,0.1037,0.531125,-0.446463,-0.687739,-0.572381,0.306983,-0.718549,0.623948,0.000153,0.001547,0.001677,0.0,0.0,0.0,-0.948819,0.026014,0.057542,-0.012024,0.845178,-0.082992,0.528001,0.428703,0.695224,-0.576954,-0.319197,0.713985,0.623167,9.3e-05,0.000951,0.001032,1e-06,-3e-06,-2e-06,-0.95717,0.050362,0.040392,-0.045604,-0.174146,0.655079,-0.735217,-0.158282,0.718296,0.677493,0.971915,0.234354,-0.021401,3.4e-05,0.004147,-0.005659,0.053701,0.014516,0.004953,0.519245
1051,0.095541,-0.020538,0.321658,0.146713,-0.662147,-0.734903,0.11541,-0.726419,0.677472,-0.982619,-0.183392,-0.029237,-0.001233,-0.004152,-0.00453,-0.002246,0.011067,-0.02685,0.521863,-0.200151,0.007805,0.292165,-0.84081,0.104285,0.531182,-0.446887,-0.687646,-0.572161,0.30666,-0.718554,0.624102,-0.000175,0.014058,-0.004743,0.037762,-0.031341,0.039177,-0.948705,0.026023,0.057576,-0.011987,0.845088,-0.083541,0.528057,0.429096,0.695164,-0.576734,-0.318906,0.713979,0.623323,5.8e-05,0.000601,0.00065,4e-06,-2.1e-05,-2.3e-05,-0.95815,0.050397,0.040453,-0.045779,-0.179285,0.655664,-0.733457,-0.156382,0.717065,0.679236,0.971288,0.236476,-0.026025,-0.000133,0.003587,-0.00627,0.049897,-0.000785,0.028013,0.519082
1052,0.095614,-0.020533,0.321288,0.151787,-0.663126,-0.732987,0.113259,-0.725036,0.679315,-0.982105,-0.18531,-0.034029,-0.000728,0.005659,-0.014203,0.01273,-0.044261,-0.032265,0.521315,-0.200155,0.007877,0.292243,-0.84077,0.104516,0.5312,-0.447048,-0.687618,-0.57207,0.306535,-0.718548,0.62417,0.000243,0.002457,0.002659,0.001549,-0.017056,0.023176,-0.948935,0.026021,0.057615,-0.011952,0.845052,-0.083789,0.528077,0.429277,0.695119,-0.576654,-0.318759,0.713994,0.62338,8.8e-05,0.000895,0.000969,1e-05,1.7e-05,3e-06,-0.95864,0.050433,0.040451,-0.04596,-0.184454,0.656404,-0.731511,-0.15403,0.715779,0.681127,0.970695,0.238312,-0.030923,-0.000735,-0.002499,-0.002732,-0.002933,-0.022958,-0.009617,0.519408
