frame,MLTx,MLTy,MLTz,MLTR1,MLTR2,MLTR3,MLTR4,MLTR5,MLTR6,MLTR7,MLTR8,MLTR9,MLTTVx,MLTTVy,MLTTVz,MLTRVx,MLTRVy,MLTRVz,MLGA,MRTx,MRTy,MRTz,MRTR1,MRTR2,MRTR3,MRTR4,MRTR5,MRTR6,MRTR7,MRTR8,MRTR9,MRTTVx,MRTTVy,MRTTVz,MRTRVx,MRTRVy,MRTRVz,MRGA,SLTx,SLTy,SLTz,SLTR1,SLTR2,SLTR3,SLTR4,SLTR5,SLTR6,SLTR7,SLTR8,SLTR9,SLTTVx,SLTTVy,SLTTVz,SLTRVx,SLTRVy,SLTRVz,SLGA,SRTx,SRTy,SRTz,SRTR1,SRTR2,SRTR3,SRTR4,SRTR5,SRTR6,SRTR7,SRTR8,SRTR9,SRTTVx,SRTTVy,SRTTVz,SRTRVx,SRTRVy,SRTRVz,SRGA
238,0.109878,-0.046402,0.286287,-0.231274,-0.248778,-0.940567,-0.671375,-0.658867,0.339296,-0.703838,0.710251,-0.013471,-0.000687,-0.002552,-0.003763,-0.016937,0.119959,-0.196501,0.47985,-0.188776,-0.024847,0.258222,-0.056969,0.843269,0.534456,0.150038,-0.521902,0.839667,0.987037,0.126961,-0.09748,0.016097,0.004791,0.005996,0.004799,-0.032423,0.054287,-1.406546,0.027883,0.045118,-0.031288,-0.044762,-0.79962,0.598834,-0.192256,0.595125,0.780296,-0.980322,-0.080202,-0.180371,0.008059,0.002585,0.00328,0.012315,-0.035847,0.066105,-0.961579,0.056425,0.03084,-0.063771,0.225435,0.1993,-0.953655,0.62052,0.725258,0.298254,0.751088,-0.658999,0.039829,-0.000282,-0.001052,-0.001567,-0.14385,0.145706,-0.164159,0.455235
239,0.109763,-0.046214,0.286001,-0.265469,-0.254555,-0.929932,-0.65967,-0.655453,0.36768,-0.702798,0.711371,0.00724,-0.01598,0.010876,-0.009981,0.151302,0.679296,-0.359369,0.502091,-0.188295,-0.024675,0.258576,-0.059016,0.845036,0.531435,0.148371,-0.518911,0.841815,0.987172,0.127465,-0.09544,0.016173,0.00595,0.007721,0.003743,-0.031933,0.052649,-1.406467,0.02813,0.045201,-0.031106,-0.042571,-0.801722,0.596178,-0.191032,0.592241,0.782787,-0.980659,-0.080565,-0.178367,0.008081,0.002968,0.003842,0.003054,-0.031565,0.051536,-0.961906,0.056368,0.030934,-0.063914,0.258255,0.209909,-0.942996,0.608742,0.722589,0.327561,0.750157,-0.658636,0.058832,-0.000324,-0.001216,-0.001799,0.319349,1.267329,-0.774306,0.472054
240,0.109671,-0.046125,0.285684,-0.313023,-0.257401,-0.914224,-0.659972,-0.633265,0.404207,-0.682608,0.730208,0.02949,-0.000554,0.006825,-0.014534,0.022388,0.302306,-0.522448,0.515826,-0.187777,-0.024405,0.258981,-0.060281,0.851542,0.520802,0.145852,-0.508523,0.848567,0.987472,0.12604,-0.094216,0.016914,-0.004174,0.0174,-0.287024,0.327909,0.309487,-1.406005,0.028376,0.045333,-0.030916,-0.039222,-0.808138,0.587685,-0.188345,0.583574,0.789915,-0.981319,-0.079706,-0.175098,0.008154,0.00402,0.005406,0.05358,-0.058582,0.101191,-0.962559,0.056317,0.030985,-0.064064,0.305598,0.215185,-0.927526,0.610162,0.703572,0.364262,0.730966,-0.677259,0.083712,-0.008445,-0.000697,-0.001761,-0.029185,0.413154,-0.704073,0.500793
241,0.10946,-0.046171,0.28547,-0.353107,-0.255914,-0.899927,-0.663065,-0.610156,0.433621,-0.659634,0.750142,0.046886,-0.000853,-0.003149,-0.004664,-0.015376,0.418818,-0.70992,0.518457,-0.186833,-0.024229,0.259392,-0.060493,0.858788,0.508739,0.146357,-0.496418,0.855618,0.987384,0.125134,-0.096317,0.032575,-0.003701,0.016699,-0.1522,0.113653,0.215272,-1.405941,0.028849,0.045424,-0.030706,-0.039843,-0.817294,0.574841,-0.19169,0.570864,0.798353,-0.980646,-0.078382,-0.179412,0.015919,0.003506,0.003921,-0.14481,0.047355,0.400683,-0.962722,0.056211,0.030961,-0.064181,0.345624,0.217539,-0.912809,0.614435,0.682757,0.395362,0.709233,-0.697509,0.102314,-0.008331,-0.000252,-0.001109,-0.015021,0.415436,-0.709865,0.511081
242,0.109344,-0.046127,0.285359,-0.366679,-0.258105,-0.893853,-0.65843,-0.606786,0.445256,-0.656852,0.752126,0.053667,-0.016673,-0.000521,-0.002233,-0.012618,0.332613,-0.568125,0.520269,-0.186164,-0.024127,0.259563,-0.05916,0.862007,0.503424,0.148898,-0.490932,0.858341,0.987083,0.124651,-0.099958,0.03182,0.007053,0.007879,-0.057909,-0.06247,0.320514,-1.406386,0.029184,0.045473,-0.030614,-0.041411,-0.821023,0.56939,-0.195248,0.565542,0.801274,-0.979879,-0.077991,-0.183723,0.023736,0.003647,0.003416,-0.043228,0.020975,0.166315,-0.95815,0.056152,0.030982,-0.064239,0.359439,0.221215,-0.906568,0.609718,0.679773,0.407616,0.706432,-0.699264,0.109458,-0.008315,-0.000196,-0.001023,-0.011667,0.331655,-0.567691,0.513693
243,0.109217,-0.045829,0.285049,-0.391201,-0.256952,-0.883733,-0.657301,-0.594104,0.463647,-0.643684,0.762576,0.064623,-0.015513,0.012612,-0.007438,0.02202,0.302797,-0.526247,0.520361,-0.184698,-0.024064,0.259826,-0.050977,0.871143,0.488367,0.158607,-0.47562,0.865196,0.986017,0.120466,-0.114554,0.031518,0.0035,0.002443,-0.232013,0.263254,0.321182,-1.406178,0.029917,0.04551,-0.030474,-0.048218,-0.830706,0.554618,-0.206169,0.551584,0.808238,-0.977327,-0.075373,-0.197862,0.016063,-0.004601,0.00412,-0.33305,0.369897,0.34314,-0.954231,0.056094,0.031123,-0.064395,0.383448,0.222355,-0.896395,0.609388,0.668403,0.426477,0.693983,-0.709785,0.120796,0.000539,0.010842,-0.008602,0.060139,0.171303,-0.307648,0.516469
244,0.109379,-0.045077,0.2846,-0.419551,-0.259258,-0.869947,-0.647035,-0.586765,0.486851,-0.63616,0.767467,0.079515,0.01781,0.022534,-0.014479,0.076957,0.189831,-0.344405,0.519383,-0.183378,-0.02428,0.259942,-0.040479,0.88052,0.472268,0.170483,-0.459523,0.871612,0.984507,0.114685,-0.132122,0.032038,-0.010823,0.005767,-0.243268,0.254535,0.25145,-1.406049,0.030577,0.045407,-0.030418,-0.058103,-0.840964,0.537962,-0.219846,0.536422,0.814812,-0.973802,-0.070926,-0.21605,0.01601,-0.005518,0.0027,-0.25882,0.284766,0.269099,-0.952925,0.056161,0.031485,-0.064614,0.411312,0.227523,-0.88264,0.599464,0.661934,0.449982,0.686632,-0.714195,0.135869,0.00893,0.011327,-0.007154,0.218667,0.567624,-1.070708,0.515326
245,0.109595,-0.044629,0.284337,-0.434715,-0.262034,-0.86163,-0.638332,-0.585256,0.499979,-0.634752,0.76768,0.088231,0.017853,0.022759,-0.014158,0.077506,0.175451,-0.319293,0.520299,-0.182868,-0.024324,0.259978,-0.034839,0.884209,0.465781,0.178029,-0.453003,0.873515,0.983379,0.11224,-0.142233,0.031392,0.001755,-0.000283,-0.194441,0.124292,0.428187,-1.406225,0.030844,0.045378,-0.030403,-0.063495,-0.844903,0.531138,-0.228073,0.530412,0.816483,-0.971571,-0.069296,-0.226378,0.015692,0.000864,-0.000183,-0.152108,0.088814,0.39722,-0.955864,0.05627,0.03172,-0.064748,0.426549,0.232028,-0.874195,0.59048,0.660697,0.463477,0.685119,-0.713891,0.144812,0.000887,0.012121,-0.006714,0.107266,0.285356,-0.529706,0.515816
246,0.11009,-0.043905,0.283693,-0.449325,-0.272916,-0.850687,-0.624798,-0.584624,0.517508,-0.638016,0.764376,0.093232,0.000107,0.009289,-0.010904,-0.017138,0.067586,-0.395845,0.521906,-0.182063,-0.024147,0.260092,-0.048654,0.891003,0.451373,0.199788,-0.433978,0.878454,0.978618,0.131795,-0.157479,0.031496,0.003757,0.002671,-0.310839,0.266204,0.538237,-1.406237,0.031234,0.045463,-0.03035,-0.048086,-0.852919,0.519823,-0.250323,0.514107,0.820384,-0.966967,-0.090675,-0.238226,-0.000253,0.007628,-0.001014,-0.4279,0.430014,0.669239,-0.951455,0.056527,0.032095,-0.06506,0.440028,0.244763,-0.863982,0.576952,0.660212,0.480879,0.688113,-0.710078,0.149296,0.007961,0.003371,-0.006629,-0.016683,0.055539,-0.396268,0.518429
247,0.110501,-0.043808,0.283246,-0.455848,-0.279123,-0.845185,-0.62111,-0.58041,0.526611,-0.636983,0.765354,0.092269,-0.000968,-0.003611,-0.005357,-0.012181,0.096285,-0.207591,0.521882,-0.181674,-0.023854,0.260027,-0.037766,0.897899,0.438568,0.214078,-0.421305,0.881253,0.97606,0.126036,-0.176875,-0.000692,0.012283,-0.006463,-0.335203,0.349177,0.547921,-1.406105,0.031441,0.045615,-0.030376,-0.058336,-0.860519,0.506065,-0.265929,0.502007,0.822964,-0.962225,-0.086569,-0.258122,-0.000351,0.006055,-0.003364,-0.386416,0.399345,0.597904,-0.939862,0.056732,0.032146,-0.065288,0.446015,0.252092,-0.85879,0.573335,0.656331,0.490424,0.687283,-0.71111,0.1482,0.007827,0.002886,-0.007359,0.046983,0.190701,-0.28379,0.519572
248,0.110709,-0.043807,0.283117,-0.455619,-0.284908,-0.843376,-0.612688,-0.586955,0.529215,-0.645242,0.758201,0.093922,0.016168,0.007751,-0.011769,0.032441,0.071138,-0.124422,0.521493,-0.18161,-0.023715,0.259967,-0.02967,0.901676,0.431383,0.222931,-0.414617,0.88223,0.974346,0.121207,-0.189266,3.2e-05,0.000531,0.000795,-0.469274,0.581843,0.450976,-1.40615,0.031472,0.045683,-0.030407,-0.065769,-0.864284,0.498685,-0.275023,0.49611,0.823551,-0.959185,-0.082986,-0.270327,1.6e-05,0.000213,0.000316,-0.553288,0.663053,0.532127,-0.941005,0.056834,0.03214,-0.065362,0.445604,0.257653,-0.857351,0.564295,0.662635,0.492426,0.694987,-0.703227,0.149881,0.008103,0.003928,-0.005821,0.036997,0.079905,-0.119936,0.519408
249,0.110813,-0.043835,0.283085,-0.456987,-0.288002,-0.841584,-0.607851,-0.589649,0.531792,-0.648835,0.754937,0.095452,-7e-06,-2.4e-05,-3.6e-05,-0.0,-0.0,-0.0,0.521564,-0.181629,-0.023444,0.259964,-0.035388,0.90701,0.41961,0.249118,-0.398495,0.882653,0.967796,0.134621,-0.212391,0.000202,0.003364,0.005031,-0.503604,0.608929,0.509196,-1.406124,0.031463,0.045812,-0.030419,-0.058767,-0.870411,0.488804,-0.301382,0.482272,0.822546,-0.95169,-0.098979,-0.290668,-0.000275,0.007365,-0.001399,-0.149938,0.335906,0.034381,-0.937902,0.056886,0.032126,-0.065378,0.44677,0.260865,-0.855771,0.559247,0.665191,0.494735,0.698311,-0.699621,0.1513,1.5e-05,5.1e-05,7.1e-05,-0.000671,0.000622,0.000222,0.519408
250,0.11061,-0.04379,0.283079,-0.456161,-0.287934,-0.842054,-0.608155,-0.589945,0.531116,-0.649132,0.754731,0.095054,-0.01595,0.001975,0.001505,0.002495,-0.087779,0.140864,0.521883,-0.181832,-0.023344,0.26017,-0.044957,0.908681,0.415053,0.272975,-0.388369,0.880107,0.960951,0.151717,-0.231122,0.000153,0.002523,0.003766,-0.242444,0.40068,0.059295,-1.405855,0.031361,0.045865,-0.030312,-0.049525,-0.873409,0.484461,-0.326171,0.472606,0.818692,-0.944012,-0.117471,-0.308286,6.9e-05,0.001175,0.001763,-0.392521,0.46856,0.379408,-0.927451,0.056791,0.032149,-0.06538,0.44607,0.260717,-0.856181,0.559512,0.665415,0.494133,0.698545,-0.699462,0.150948,5e-06,1.9e-05,2.9e-05,-0.000514,0.000312,9.8e-05,0.520551
251,0.110377,-0.043624,0.28299,-0.450884,-0.296084,-0.84207,-0.597293,-0.600981,0.53107,-0.662756,0.742781,0.095176,-0.0,-1e-06,-1e-06,2.7e-05,-1.7e-05,-3e-06,0.521429,-0.181771,-0.023261,0.260458,-0.051818,0.90906,0.413421,0.282584,-0.383593,0.879168,0.957832,0.161233,-0.23754,0.000346,0.005741,0.008551,-0.210779,-0.44544,0.148198,-1.40576,0.031392,0.045902,-0.030175,-0.043806,-0.874671,0.482731,-0.336267,0.46791,0.817302,-0.940746,-0.126524,-0.314621,0.000178,0.002919,0.004336,-0.671284,-1.404047,0.229625,-0.933657,0.056669,0.032233,-0.065424,0.44013,0.268466,-0.856861,0.547944,0.675688,0.493155,0.711366,-0.686564,0.150286,-0.007675,0.006549,-0.003353,0.034139,-0.00015,-0.013246,0.521205
252,0.110283,-0.04357,0.282968,-0.450844,-0.296114,-0.842082,-0.597214,-0.60108,0.531047,-0.662855,0.742689,0.095202,-0.0,-0.0,-0.0,-0.0,-0.0,-0.0,0.521287,-0.181728,-0.023183,0.260626,-0.051485,0.908974,0.413652,0.282701,-0.383877,0.879007,0.957815,0.161046,-0.237735,0.000316,0.005255,0.007817,-0.010449,0.09876,-0.138048,-1.405591,0.031413,0.045944,-0.030087,-0.043396,-0.874468,0.483136,-0.336337,0.468151,0.817136,-0.94074,-0.127036,-0.314432,0.00015,0.00261,0.003887,0.004375,-0.005144,-0.00403,-0.931697,0.056622,0.03226,-0.065434,0.4401,0.26848,-0.856871,0.547865,0.675772,0.493127,0.711445,-0.686476,0.150317,-0.007968,0.001008,0.000775,-0.001595,0.015278,-0.029505,0.520878
253,0.10999,-0.043559,0.28296,-0.453724,-0.296807,-0.840289,-0.595467,-0.600556,0.533595,-0.662458,0.742837,0.096799,-0.000371,-0.001374,-0.002041,-0.0,-0.0,-0.0,0.521497,-0.181613,-0.022939,0.260904,-0.062461,0.908373,0.41346,0.287092,-0.380288,0.879144,0.955867,0.172464,-0.237565,0.000296,0.004977,0.007381,0.001754,-0.016716,0.023407,-1.405711,0.031471,0.04607,-0.029942,-0.032457,-0.874438,0.48405,-0.340923,0.464945,0.817065,-0.93953,-0.138504,-0.313207,0.000141,0.002467,0.003661,0.001535,-0.016838,0.023608,-0.929411,0.056476,0.032269,-0.065434,0.442915,0.269481,-0.855106,0.546141,0.675289,0.495695,0.711024,-0.686559,0.151921,-0.008196,0.000173,-0.000467,-0.002016,0.029675,-0.05384,0.520388
254,0.109752,-0.043477,0.282801,-0.451734,-0.299545,-0.840389,-0.591728,-0.604384,0.533433,-0.66715,0.738623,0.096822,0.000254,0.009826,-0.010118,0.046322,-0.02356,0.01529,0.521584,-0.18124,-0.022766,0.261144,-0.063343,0.908662,0.41269,0.28698,-0.379352,0.879584,0.955844,0.173,-0.23727,0.015827,0.00432,0.004903,0.002045,-0.015205,0.029245,-1.405488,0.031652,0.046156,-0.029822,-0.031541,-0.874828,0.483404,-0.340916,0.464058,0.817573,-0.939564,-0.139013,-0.31288,0.007928,0.002479,0.002918,-0.008409,0.083279,-0.108847,-0.939862,0.056356,0.032303,-0.065514,0.440752,0.272063,-0.855405,0.542177,0.678798,0.495253,0.715388,-0.682065,0.151676,-0.000204,-0.00076,-0.001131,0.038016,-0.02293,-0.004418,0.520878
255,0.109834,-0.043069,0.282486,-0.452122,-0.305526,-0.838024,-0.589457,-0.602799,0.537723,-0.668893,0.737474,0.093492,0.000605,0.011126,-0.008186,0.007722,-0.084979,-0.024289,0.520628,-0.180593,-0.022825,0.26155,-0.063699,0.908855,0.412209,0.287661,-0.378676,0.879653,0.955616,0.17346,-0.237851,0.016604,-0.006503,0.013501,-0.044785,0.095857,-0.125925,-1.405402,0.031975,0.046129,-0.029624,-0.031032,-0.875122,0.482905,-0.341614,0.463329,0.817694,-0.939327,-0.139593,-0.313332,0.016083,-0.003235,0.006015,-0.030617,-0.034688,0.064984,-0.946557,0.056397,0.032506,-0.065673,0.440683,0.278407,-0.853397,0.540018,0.677198,0.499782,0.717061,-0.681096,0.148085,0.008283,0.004594,-0.004807,0.014134,-0.098696,0.011782,0.519898
256,0.10991,-0.042794,0.28227,-0.449272,-0.310917,-0.837574,-0.585345,-0.605831,0.538805,-0.6744,0.732726,0.091236,0.016448,0.008805,-0.010185,-0.038056,-0.252623,-0.083071,0.520828,-0.180156,-0.02291,0.261752,-0.063986,0.908998,0.41185,0.288108,-0.378179,0.879721,0.955462,0.173797,-0.238221,0.015822,0.004635,0.005319,0.003811,-0.03189,0.052674,-1.405282,0.032181,0.046085,-0.029523,-0.030898,-0.875241,0.482698,-0.342104,0.463021,0.817664,-0.939153,-0.139868,-0.31373,0.008253,-0.004029,0.005582,-0.034416,-0.002798,0.012303,-0.948516,0.056429,0.032641,-0.065776,0.437863,0.282515,-0.853498,0.535706,0.680416,0.500052,0.722006,-0.676179,0.146584,0.000247,0.005338,-0.004431,-0.020455,-0.489887,-0.235738,0.519572
257,0.110044,-0.042305,0.281875,-0.446015,-0.34342,-0.826546,-0.554373,-0.619027,0.556281,-0.702144,0.706751,0.086746,0.000594,0.011094,-0.008236,0.06938,-0.327687,-0.218155,0.520516,-0.17913,-0.02311,0.262152,-0.065183,0.909466,0.410626,0.288981,-0.376545,0.880135,0.955119,0.174883,-0.238803,0.032159,-0.006685,0.01163,-0.030571,-0.034665,0.064909,-1.405307,0.032694,0.045989,-0.029327,-0.029592,-0.875883,0.481613,-0.343087,0.461453,0.818139,-0.938836,-0.141025,-0.31416,0.015697,0.002586,0.002247,0.005877,-0.047129,0.08198,-0.951455,0.056501,0.032884,-0.065974,0.431923,0.315944,-0.844761,0.504218,0.692005,0.516617,0.747801,-0.649083,0.139588,0.000312,0.005542,-0.004098,1.437634,-0.833759,-1.31632,0.519408
258,0.11019,-0.041835,0.281637,-0.453431,-0.369471,-0.811133,-0.53092,-0.619037,0.578696,-0.715376,0.693503,0.085546,0.001147,0.013152,-0.005181,-0.13605,-0.359925,-0.420786,0.520138,-0.178263,-0.023244,0.262477,-0.065747,0.909742,0.409923,0.289699,-0.375596,0.880305,0.954864,0.175481,-0.239384,0.016499,-0.008496,0.010477,-0.046698,0.111944,-0.149739,-1.405569,0.033134,0.045921,-0.029158,-0.028855,-0.876294,0.480911,-0.343896,0.460445,0.818368,-0.938564,-0.141769,-0.31464,0.016038,-0.004102,0.004657,-0.032361,-0.018109,0.041437,-0.955374,0.056574,0.03312,-0.066101,0.437895,0.342441,-0.831252,0.479804,0.692909,0.538205,0.760286,-0.634515,0.139116,0.000343,0.001258,0.001854,-0.133238,-0.39477,-0.411132,0.519572
259,0.110219,-0.041661,0.281582,-0.456569,-0.37631,-0.806214,-0.523477,-0.619108,0.585362,-0.71885,0.689759,0.086684,0.001109,0.013012,-0.00539,0.00567,0.007871,-0.167275,0.520641,-0.177941,-0.023245,0.262571,-0.065943,0.909841,0.409673,0.289835,-0.375282,0.880394,0.954809,0.175643,-0.239483,0.015701,0.002829,0.002582,0.002045,-0.015205,0.029245,-1.405159,0.033301,0.045917,-0.029106,-0.028743,-0.87639,0.480743,-0.344087,0.460224,0.818411,-0.938497,-0.141894,-0.314783,0.007856,0.001619,0.001579,0.002046,-0.015233,0.029257,-0.954231,0.056589,0.033209,-0.066127,0.439541,0.351763,-0.826477,0.472414,0.692052,0.545791,0.763955,-0.630337,0.138008,0.00015,0.000548,0.0008,-0.002267,0.07338,-0.179597,0.520061
260,0.110218,-0.041637,0.281543,-0.444389,-0.394912,-0.804119,-0.501297,-0.634313,0.58849,-0.741919,0.66511,0.084919,-0.000289,-0.001072,-0.001593,-0.043149,0.009733,-0.226171,0.521852,-0.177375,-0.02308,0.262718,-0.065095,0.910993,0.407241,0.291111,-0.372899,0.880984,0.954478,0.174747,-0.241451,0.01577,0.004648,0.005229,0.002064,-0.029667,0.054385,-1.405139,0.033584,0.045995,-0.029039,-0.02953,-0.877741,0.478222,-0.345666,0.45788,0.81906,-0.937892,-0.141119,-0.316927,0.007874,0.002109,0.002284,0.013984,-0.040926,0.043414,-0.951782,0.05659,0.03323,-0.066141,0.426157,0.369085,-0.825933,0.449174,0.70617,0.547326,0.785259,-0.604235,0.135156,-0.000198,-0.000737,-0.001111,-0.049813,-0.000205,-0.242393,0.521368
261,0.110155,-0.041608,0.281489,-0.440899,-0.393338,-0.806808,-0.504645,-0.634739,0.585159,-0.741736,0.665635,0.082368,-6e-06,-2.2e-05,-3.2e-05,-9e-06,-2e-05,-1.2e-05,0.521118,-0.17697,-0.022934,0.262946,-0.063204,0.913116,0.402759,0.293907,-0.36852,0.881899,0.953746,0.172958,-0.245597,0.015736,0.004198,0.004548,-0.026993,0.020306,0.056669,-1.404979,0.033781,0.046069,-0.028924,-0.03123,-0.880191,0.473589,-0.348969,0.453606,0.820037,-0.936613,-0.139658,-0.321326,0.008272,-0.003573,0.006193,-0.047767,0.021218,0.025485,-0.94672,0.056558,0.033241,-0.066174,0.423005,0.367081,-0.828442,0.452424,0.70659,0.544097,0.785097,-0.604964,0.132815,1e-06,6e-06,7e-06,-0.000517,0.004579,-0.001298,0.521858
262,0.110159,-0.04144,0.281311,-0.440631,-0.393367,-0.80694,-0.504284,-0.635216,0.584954,-0.742141,0.665163,0.082536,-0.000353,-0.001309,-0.001945,-0.0,-0.0,-0.0,0.521437,-0.176462,-0.022916,0.263252,-0.058633,0.915226,0.398643,0.300521,-0.364505,0.881338,0.951969,0.170318,-0.254185,0.016542,-0.007124,0.012407,-0.137505,0.108449,0.134424,-1.405248,0.03404,0.046082,-0.028775,-0.035189,-0.88214,0.469669,-0.355331,0.450295,0.81913,-0.934077,-0.138063,-0.329297,0.008272,-0.003495,0.006294,-0.207017,0.18682,0.200232,-0.939045,0.056561,0.033328,-0.066259,0.4228,0.367039,-0.828566,0.452077,0.706989,0.543868,0.785408,-0.604523,0.132985,7.3e-05,0.004706,-0.005371,0.036745,-0.119186,0.186402,0.521531
263,0.110099,-0.041454,0.281212,-0.437652,-0.395836,-0.807354,-0.500712,-0.638523,0.584421,-0.746311,0.660515,0.082261,-0.000743,-0.002752,-0.004093,0.003315,-0.103816,0.16965,0.521309,-0.17628,-0.022911,0.263368,-0.05736,0.916174,0.396644,0.302117,-0.362622,0.881569,0.95154,0.169241,-0.256502,0.015686,0.003395,0.003344,-0.322088,0.380408,0.334488,-1.405433,0.034138,0.046085,-0.028707,-0.035481,-0.882529,0.468916,-0.355972,0.449597,0.819234,-0.933822,-0.137854,-0.330108,0.00784,0.001671,0.001628,-0.308432,0.366772,0.322026,-0.939372,0.056531,0.033324,-0.066304,0.419763,0.369299,-0.829105,0.448261,0.709947,0.543171,0.789214,-0.59966,0.132467,-0.008342,-0.000453,-0.001401,-0.000868,0.015891,-0.029649,0.521531
264,0.109846,-0.041588,0.281049,-0.427584,-0.405962,-0.80772,-0.48575,-0.650389,0.583963,-0.761874,0.642547,0.08191,-0.000725,-0.002674,-0.003984,2.6e-05,-1.9e-05,-3e-06,0.520963,-0.175974,-0.022846,0.263432,-0.057885,0.916348,0.396166,0.302036,-0.362041,0.881836,0.951534,0.169543,-0.256323,1.9e-05,0.000481,0.000701,-6.9e-05,8.4e-05,6.5e-05,-1.40516,0.03429,0.04612,-0.028673,-0.035969,-0.883523,0.467003,-0.357181,0.447804,0.819691,-0.933342,-0.137321,-0.331684,5e-06,0.000138,0.000192,0.002772,-0.003124,-0.002595,-0.952762,0.056404,0.033252,-0.066392,0.408927,0.378633,-0.83031,0.432559,0.720732,0.541699,0.803536,-0.580673,0.130946,-0.008372,-0.000545,-0.00155,0.001,-0.071856,0.115486,0.520715
265,0.109667,-0.041664,0.28094,-0.427074,-0.405847,-0.808047,-0.485985,-0.650584,0.58355,-0.76201,0.642421,0.081622,-0.016592,-0.00048,-0.002186,-0.00145,0.029745,-0.054139,0.520145,-0.175708,-0.022858,0.263349,-0.058175,0.916458,0.395869,0.301939,-0.361698,0.88201,0.951548,0.16968,-0.256181,-4.5e-05,-0.00116,-0.001693,-0.0,0.0,0.0,-1.404932,0.034423,0.046113,-0.028715,-0.035634,-0.883658,0.466773,-0.357099,0.447492,0.819896,-0.933385,-0.137469,-0.3315,0.007755,-0.000503,-0.001551,0.001939,-0.015488,0.029257,-0.955048,0.05632,0.033214,-0.066447,0.408428,0.378416,-0.830654,0.432837,0.720907,0.541242,0.80364,-0.580597,0.130646,-0.000236,-0.000874,-0.001302,-0.001054,0.000726,0.000154,0.520551
266,0.10961,-0.041692,0.280894,-0.426789,-0.405778,-0.808232,-0.486106,-0.650705,0.583315,-0.762093,0.642342,0.081473,-0.000561,-0.002064,-0.003081,-0.000466,0.015031,-0.024585,0.520141,-0.175591,-0.022901,0.26331,-0.058221,0.916486,0.395797,0.301979,-0.361609,0.882033,0.951532,0.169716,-0.256215,-5.7e-05,-0.001474,-0.002151,-0.0,0.0,0.0,-1.405008,0.034482,0.04609,-0.028736,-0.035578,-0.883695,0.466708,-0.357149,0.447406,0.819921,-0.933369,-0.137513,-0.331528,-3.1e-05,-0.000805,-0.001182,-0.000142,-0.000194,2.4e-05,-0.955864,0.056286,0.0332,-0.06647,0.408178,0.378315,-0.830823,0.43296,0.721001,0.541019,0.803701,-0.580546,0.130501,-0.000161,-0.000601,-0.000897,-0.000878,0.000573,0.000165,0.520225
267,0.109618,-0.041704,0.280858,-0.42634,-0.405658,-0.80853,-0.48628,-0.650918,0.582932,-0.762234,0.642202,0.08126,0.000171,0.000628,0.000937,-0.0,-0.0,-0.0,0.51745,-0.175417,-0.022985,0.263224,-0.058104,0.916482,0.395824,0.302064,-0.36165,0.881987,0.951512,0.169651,-0.256332,-4.9e-05,-0.001285,-0.001877,-0.0,0.0,0.0,-1.404795,0.034569,0.046047,-0.028781,-0.03569,-0.883682,0.466723,-0.35723,0.447445,0.819865,-0.933333,-0.137467,-0.331648,-3.6e-05,-0.000937,-0.001376,-8.3e-05,-0.00013,4.4e-05,-0.956354,0.056288,0.033189,-0.066495,0.407772,0.378138,-0.831104,0.433141,0.721178,0.540639,0.80381,-0.580443,0.130289,0.00014,0.000504,0.000753,-0.000125,-0.014638,0.024693,0.518755
268,0.109714,-0.041675,0.280929,-0.427163,-0.403094,-0.809377,-0.486273,-0.652271,0.581424,-0.761777,0.64244,0.083624,0.000596,0.002196,0.003277,0.000962,-0.013866,0.025288,0.510385,-0.175358,-0.023088,0.263141,-0.057426,0.916322,0.396291,0.302253,-0.362241,0.881679,0.951492,0.169253,-0.256669,-7.1e-05,-0.001859,-0.002718,-0.0,0.0,0.0,-1.404712,0.034598,0.045996,-0.028822,-0.036391,-0.883449,0.467111,-0.357356,0.448018,0.819497,-0.933258,-0.137103,-0.33201,-4.1e-05,-0.00108,-0.001581,-0.001868,0.016523,-0.023454,-0.957171,0.056336,0.033203,-0.066461,0.408865,0.375467,-0.831777,0.43305,0.722465,0.538991,0.803303,-0.580576,0.132795,0.007913,-0.005615,0.004751,-0.041759,-0.007277,0.006868,0.513856
269,0.109736,-0.041646,0.280991,-0.425876,-0.403143,-0.810031,-0.482268,-0.656362,0.580153,-0.765035,0.638225,0.086119,0.000582,0.002142,0.003195,0.020982,0.039296,0.024747,0.505881,-0.175395,-0.023115,0.263087,-0.057148,0.916248,0.396503,0.302267,-0.362514,0.881562,0.951504,0.16907,-0.256744,-0.000895,0.009693,-0.010266,0.036459,-0.012124,0.017179,-1.404976,0.03458,0.045979,-0.028845,-0.036676,-0.883344,0.467286,-0.357367,0.448273,0.819353,-0.933243,-0.136942,-0.332119,-3e-05,-0.000802,-0.001172,-8.2e-05,-6.4e-05,1e-06,-0.957497,0.056347,0.03322,-0.066427,0.40762,0.375252,-0.832484,0.428724,0.72629,0.537305,0.806251,-0.575923,0.13517,5.1e-05,-0.004254,0.006044,-0.019796,0.021491,0.021367,0.507978
270,0.109856,-0.041557,0.281113,-0.421973,-0.405619,-0.810837,-0.474379,-0.663386,0.578667,-0.772098,0.629328,0.088528,0.016435,-6.6e-05,0.00136,0.001537,-0.029543,0.054261,0.50207,-0.175386,-0.023203,0.262975,-0.058412,0.915325,0.398446,0.300866,-0.36431,0.881301,0.951873,0.170199,-0.254622,0.015503,-0.001547,-0.003907,0.025968,-0.044423,0.006704,-1.404712,0.034579,0.045938,-0.028904,-0.035457,-0.882218,0.469503,-0.355612,0.450187,0.819067,-0.93396,-0.137919,-0.32969,-4.7e-05,-0.001244,-0.001821,0.006491,0.000611,-0.031857,-0.957497,0.056402,0.033267,-0.066362,0.40353,0.377589,-0.83342,0.420463,0.732474,0.535436,0.812634,-0.566487,0.136813,0.000175,0.000651,0.000961,-0.00438,-0.005139,-0.003947,0.49965
271,0.110024,-0.041538,0.281046,-0.421528,-0.405482,-0.811137,-0.474448,-0.663686,0.578266,-0.772299,0.629101,0.088396,-0.000241,-0.000892,-0.001328,0.0,0.0,0.0,0.490321,-0.175301,-0.023305,0.262964,-0.05985,0.91445,0.400238,0.299617,-0.365894,0.88107,0.952179,0.171494,-0.252601,-2e-06,-6.4e-05,-9.4e-05,0.002464,-0.003009,-0.002321,-1.404527,0.034627,0.045884,-0.028916,-0.034118,-0.881324,0.471278,-0.354322,0.45159,0.818854,-0.9345,-0.139047,-0.32768,0.007796,0.000326,-0.000345,-0.010086,-0.004535,0.040323,-0.95766,0.056493,0.03328,-0.066389,0.403042,0.377438,-0.833725,0.420555,0.732725,0.53502,0.812828,-0.566263,0.136586,-0.000202,-0.000749,-0.001117,-0.000243,-7e-06,-3.6e-05,0.487077
272,0.110043,-0.041618,0.280968,-0.422651,-0.408842,-0.808863,-0.473051,-0.661763,0.581605,-0.772541,0.628956,0.087303,-0.000341,-0.00126,-0.001878,0.126491,0.230165,-0.802828,0.473995,-0.175005,-0.023423,0.263146,-0.061305,0.915429,0.397774,0.298121,-0.363419,0.882601,0.952559,0.171535,-0.251141,0.016504,-0.008613,0.0102,-0.032607,-0.019715,0.035533,-1.404857,0.034769,0.045826,-0.028831,-0.032607,-0.882654,0.468889,-0.353225,0.449041,0.820727,-0.934969,-0.138862,-0.326417,0.007829,0.001264,0.001023,-0.000312,-0.014592,0.027032,-0.957987,0.056502,0.033238,-0.066432,0.403382,0.380488,-0.832172,0.419802,0.731133,0.537783,0.813048,-0.56628,0.135196,-0.000199,-0.00081,-0.00119,0.526931,1.024083,-2.522367,0.468298
273,0.110018,-0.041631,0.280982,-0.42272,-0.408858,-0.808819,-0.473064,-0.6617,0.581666,-0.772495,0.629011,0.08731,-5e-06,-1.8e-05,-2.7e-05,-0.000806,-0.001898,-0.001144,0.465964,-0.174797,-0.02349,0.263266,-0.061575,0.915524,0.397513,0.298404,-0.363048,0.882659,0.952453,0.171811,-0.251352,7.5e-05,0.002061,0.003017,0.0,-0.0,-0.0,-1.404925,0.034879,0.045791,-0.028765,-0.032309,-0.882788,0.468658,-0.353575,0.448678,0.820775,-0.934847,-0.139188,-0.326627,0.00825,-0.004292,0.005114,-0.032846,-0.019589,0.035226,-0.956354,0.056489,0.033229,-0.066429,0.403913,0.381171,-0.831602,0.419291,0.730807,0.538623,0.813048,-0.56624,0.135361,7e-06,2.7e-05,3.9e-05,0.00787,0.009608,0.008226,0.456052
274,0.11,-0.0416,0.281007,-0.416611,-0.416263,-0.808211,-0.465381,-0.666067,0.582878,-0.780442,0.619476,0.08478,0.00011,0.000408,0.000607,-0.105602,-0.248725,-0.149958,0.450232,-0.174489,-0.023682,0.263411,-0.061514,0.915549,0.397463,0.29903,-0.362902,0.882506,0.95226,0.171982,-0.251964,-3.4e-05,-0.000951,-0.001392,0.0,-0.0,-0.0,-1.404535,0.035027,0.045702,-0.028682,-0.032372,-0.88281,0.468611,-0.354193,0.448562,0.820572,-0.934611,-0.139416,-0.327206,0.000408,-0.005967,0.003489,-0.036458,0.012089,-0.017299,-0.956844,0.05648,0.033245,-0.066415,0.397878,0.387136,-0.831756,0.411228,0.735173,0.538897,0.820111,-0.556457,0.133308,7.5e-05,0.00027,0.0004,-0.198203,-0.395431,-0.244626,0.435804
275,0.11022,-0.041534,0.28105,-0.413687,-0.424415,-0.805468,-0.460254,-0.665858,0.587172,-0.785024,0.614152,0.081125,0.000655,0.002427,0.003614,-0.132865,-0.329369,-0.165183,0.396997,-0.174144,-0.023833,0.263373,-0.065744,0.914729,0.398673,0.294427,-0.363847,0.883664,0.953416,0.174318,-0.245913,0.015523,-0.001547,-0.003941,0.064552,-0.076939,-0.054417,-1.404579,0.035205,0.045625,-0.028703,-0.028146,-0.882058,0.470299,-0.349454,0.449482,0.822099,-0.93653,-0.141208,-0.32089,0.00776,-0.00081,-0.002031,0.048098,-0.065124,-0.046983,-0.95815,0.056589,0.033274,-0.066399,0.394468,0.395245,-0.829563,0.406068,0.734863,0.543215,0.824319,-0.551141,0.129383,0.008206,-7.3e-05,0.000612,-0.235439,-0.496702,-0.260412,0.388939
276,0.110342,-0.041494,0.281119,-0.413566,-0.424358,-0.805561,-0.460311,-0.665924,0.587052,-0.785055,0.614119,0.081074,0.000664,0.002466,0.003669,-0.001656,-0.003907,-0.002356,0.362734,-0.173969,-0.023883,0.263317,-0.068503,0.914763,0.39813,0.291026,-0.363269,0.885027,0.95427,0.175335,-0.241847,0.015532,-0.001367,-0.003685,0.077872,-0.107299,-0.041412,-1.404734,0.035287,0.0456,-0.028731,-0.025469,-0.882381,0.469845,-0.346366,0.448674,0.823846,-0.937753,-0.141756,-0.317054,0.007772,-0.000517,-0.001605,0.111603,-0.150992,-0.080777,-0.95815,0.05665,0.033295,-0.066364,0.393593,0.39632,-0.829465,0.406202,0.734452,0.543671,0.824671,-0.550917,0.12809,0.00048,0.001783,0.002649,0.014475,0.002541,0.037453,0.345994
277,0.110335,-0.041361,0.281386,-0.412399,-0.426782,-0.804878,-0.460578,-0.664611,0.58833,-0.785513,0.613865,0.078525,0.001144,0.00425,0.006308,0.000409,-0.015175,0.024498,0.34083,-0.173667,-0.023969,0.263176,-0.075929,0.91643,0.392916,0.280215,-0.358443,0.890467,0.956949,0.176554,-0.230088,-6.6e-05,-0.00201,-0.002949,0.158456,-0.289778,0.028976,-1.404873,0.035444,0.045554,-0.028806,-0.017871,-0.885006,0.465234,-0.336597,0.443474,0.830682,-0.941478,-0.141752,-0.305816,-3.1e-05,-0.001022,-0.001507,0.188195,-0.323802,-0.013968,-0.96011,0.056647,0.033364,-0.066235,0.392349,0.398518,-0.829002,0.406469,0.733377,0.544922,0.825132,-0.550764,0.125754,0.000623,0.002329,0.003456,0.003174,-0.009998,0.027755,0.283453
278,0.110275,-0.04123,0.28161,-0.413067,-0.424205,-0.805898,-0.460648,-0.666057,0.586638,-0.785121,0.614081,0.080724,0.00095,0.003529,0.005229,0.124336,0.277707,0.201063,0.337911,-0.173422,-0.024061,0.263052,-0.083098,0.917425,0.389125,0.271245,-0.354791,0.894698,0.958946,0.178735,-0.219866,-7.4e-05,-0.002296,-0.003374,0.088041,-0.189603,0.069754,-1.404393,0.035566,0.045509,-0.028867,-0.0102,-0.886492,0.46263,-0.327992,0.440024,0.835942,-0.944625,-0.143212,-0.295251,-3.5e-05,-0.001115,-0.001643,0.074049,-0.181614,0.071178,-0.958967,0.056618,0.033429,-0.066115,0.392537,0.397088,-0.829598,0.40657,0.734166,0.543783,0.824993,-0.550746,0.126743,0.000404,0.001503,0.002232,0.242807,0.481613,0.297744,0.263042
279,0.110507,-0.04114,0.281743,-0.41466,-0.424927,-0.804698,-0.459291,-0.665683,0.588125,-0.785074,0.613989,0.081873,0.016426,1.7e-05,0.001446,0.001011,-0.014652,0.029591,0.311236,-0.173388,-0.024109,0.262977,-0.083788,0.917596,0.388573,0.271128,-0.354121,0.894998,0.958919,0.179182,-0.219616,-2.2e-05,-0.000673,-0.000989,1.6e-05,-2e-05,-1.5e-05,-1.40464,0.035583,0.045483,-0.028908,-0.00951,-0.886786,0.46208,-0.328141,0.439279,0.836275,-0.94458,-0.143675,-0.295169,-9e-06,-0.00035,-0.000516,-0.001545,0.002001,0.001263,-0.958314,0.056728,0.033478,-0.066044,0.39482,0.396751,-0.828676,0.405149,0.734335,0.544615,0.824603,-0.550763,0.129187,0.00029,0.001089,0.001605,-0.002004,-0.018151,0.023992,0.240998
280,0.11076,-0.041173,0.281752,-0.414243,-0.424744,-0.805009,-0.459525,-0.665871,0.587728,-0.785158,0.61391,0.081658,0.015971,-0.001674,-0.001062,0.000985,-0.014714,0.029554,0.298921,-0.17346,-0.024128,0.262939,-0.083385,0.917489,0.388912,0.271173,-0.354533,0.894822,0.958941,0.178916,-0.219737,-4.3e-05,-0.001343,-0.001975,0.0,-0.0,-0.0,-1.40434,0.035547,0.045475,-0.028924,-0.009951,-0.886638,0.462357,-0.328153,0.439668,0.836066,-0.944572,-0.143404,-0.295329,-2.3e-05,-0.000746,-0.001097,-0.001834,0.017171,-0.023458,-0.95815,0.056856,0.033464,-0.066035,0.394403,0.396537,-0.828977,0.40539,0.734498,0.544215,0.824684,-0.5507,0.128936,1.6e-05,6.5e-05,8.8e-05,-0.00048,-0.000333,-3.8e-05,0.224342
281,0.11139,-0.041241,0.281651,-0.41277,-0.424186,-0.806059,-0.460114,-0.666656,0.586376,-0.78559,0.613443,0.081009,0.015813,-0.002259,-0.001946,0.000984,-0.014715,0.029553,0.217273,-0.173629,-0.024117,0.262863,-0.082413,0.917232,0.389725,0.271189,-0.35554,0.894417,0.959019,0.17824,-0.219944,-8e-06,-0.00024,-0.000353,0.0,-0.0,-0.0,-1.404192,0.035463,0.045479,-0.028965,-0.01099,-0.886263,0.463051,-0.328065,0.440643,0.835587,-0.94459,-0.142728,-0.295595,-1e-06,-6.7e-05,-9.6e-05,0.000142,0.000279,-9e-05,-0.95962,0.057176,0.033427,-0.06609,0.392967,0.395797,-0.830012,0.405957,0.735232,0.5428,0.825091,-0.550251,0.128246,0.007895,-0.001176,-0.001053,0.00087,-0.014643,0.029563,0.146779
282,0.111941,-0.041258,0.281562,-0.411929,-0.42385,-0.806666,-0.460364,-0.667182,0.585581,-0.785886,0.613103,0.080715,0.000177,0.000671,0.000993,0.0,0.0,0.0,0.152793,-0.173713,-0.024085,0.262845,-0.082113,0.917147,0.389987,0.271141,-0.355871,0.8943,0.959058,0.178015,-0.219958,4e-06,0.000119,0.000176,0.0,-0.0,-0.0,-1.404436,0.035421,0.045496,-0.028973,-0.011316,-0.886141,0.463276,-0.327982,0.440963,0.835451,-0.944615,-0.142492,-0.295628,4e-06,0.000101,0.000151,7.8e-05,0.000187,-9.6e-05,-0.959946,0.05745,0.033415,-0.066138,0.39216,0.395361,-0.830601,0.406183,0.735717,0.541972,0.825363,-0.549917,0.12793,9.9e-05,0.000376,0.000549,-5.1e-05,7.9e-05,8e-06,0.038354
283,0.112185,-0.04128,0.281588,-0.411375,-0.423626,-0.807066,-0.460653,-0.667431,0.585069,-0.786007,0.612985,0.080429,0.000238,0.000908,0.001342,0.0,0.0,0.0,0.130211,-0.173725,-0.024085,0.262845,-0.083341,0.916194,0.391962,0.269751,-0.357785,0.893956,0.959346,0.179076,-0.217832,0.0,1e-06,2e-06,-0.003471,0.103329,-0.170707,-1.404235,0.035415,0.045496,-0.028972,-0.009986,-0.885036,0.465414,-0.326244,0.442853,0.835132,-0.945232,-0.143499,-0.29316,1e-06,1.1e-05,1.7e-05,-0.008495,0.003386,0.00725,-0.960436,0.057566,0.033405,-0.066125,0.391647,0.395083,-0.830975,0.406453,0.735941,0.541465,0.825473,-0.549817,0.127646,0.008127,-0.000283,0.000259,0.00093,-0.014669,0.029562,-0.000835
284,0.112477,-0.041245,0.281662,-0.410818,-0.423403,-0.807467,-0.460901,-0.667715,0.584551,-0.786154,0.612831,0.080172,0.000656,0.00251,0.003706,0.0,0.0,0.0,0.100958,-0.173748,-0.024076,0.262861,-0.084198,0.916968,0.389963,0.267791,-0.356014,0.895252,0.959821,0.178647,-0.216083,1.5e-05,0.000453,0.000667,-0.012552,0.114324,-0.162246,-1.404348,0.035403,0.0455,-0.028965,-0.009224,-0.88608,0.463438,-0.324719,0.440996,0.836707,-0.945765,-0.142769,-0.291795,9e-06,0.000253,0.000373,-0.013613,0.115083,-0.162568,-0.957334,0.057718,0.033421,-0.06609,0.391094,0.394784,-0.831378,0.406697,0.736213,0.540912,0.825616,-0.549667,0.127371,0.000353,0.001357,0.002001,-3.4e-05,3.2e-05,-5e-06,-0.054395
285,0.112615,-0.04109,0.281898,-0.413728,-0.421745,-0.80685,-0.459341,-0.66849,0.584893,-0.785538,0.613127,0.083857,0.001237,0.00474,0.006984,0.000929,0.002239,0.00135,0.08588,-0.173676,-0.024085,0.262896,-0.084198,0.916978,0.38994,0.267864,-0.355978,0.895245,0.959801,0.178668,-0.216156,2.4e-05,0.000734,0.001079,0.0,-0.0,-0.0,-1.404416,0.03544,0.045496,-0.028947,-0.009235,-0.886091,0.463417,-0.3248,0.440966,0.836691,-0.945737,-0.142791,-0.291875,1.4e-05,0.000403,0.000592,5.1e-05,0.00015,-5.1e-05,-0.956681,0.057787,0.033496,-0.065976,0.394206,0.393254,-0.830633,0.405036,0.736966,0.541133,0.824952,-0.549755,0.131234,0.000759,0.002925,0.004306,-0.008945,-0.027508,0.020701,-0.094401
286,0.112656,-0.040903,0.282228,-0.414621,-0.419206,-0.807714,-0.459361,-0.669806,0.583368,-0.785054,0.613428,0.086159,0.001304,0.005005,0.007353,0.003884,-0.006818,0.029538,0.099664,-0.173713,-0.024032,0.262905,-0.083803,0.916877,0.390262,0.26783,-0.356385,0.895092,0.959844,0.178375,-0.216205,6e-06,0.000183,0.000269,0.0,-0.0,-0.0,-1.404412,0.035421,0.045524,-0.028941,-0.009655,-0.885943,0.463692,-0.324725,0.441359,0.836513,-0.945758,-0.142496,-0.29195,3e-06,7.6e-05,0.000111,3e-05,9.8e-05,-4.8e-05,-0.95717,0.057808,0.033592,-0.065808,0.395318,0.390642,-0.831336,0.404976,0.738222,0.539463,0.824449,-0.549932,0.133632,0.000606,0.002348,0.003447,-0.011042,-0.026332,0.01661,-0.094728
287,0.112695,-0.040847,0.282312,-0.409144,-0.423924,-0.808043,-0.451601,-0.675427,0.582947,-0.792397,0.603948,0.085912,0.000702,0.002696,0.003957,0.001026,-0.000584,-3.1e-05,0.094403,-0.17376,-0.02403,0.262894,-0.083731,0.916853,0.390334,0.267819,-0.356473,0.89506,0.959853,0.178323,-0.216206,-8e-06,-0.000226,-0.000333,0.0,-0.0,-0.0,-1.404211,0.035397,0.045525,-0.028946,-0.009733,-0.88591,0.463755,-0.324705,0.441445,0.836476,-0.945764,-0.142442,-0.291956,-6e-06,-0.000165,-0.000243,6.1e-05,8.1e-05,1.4e-05,-0.957007,0.057829,0.033624,-0.065759,0.389407,0.395124,-0.832008,0.396903,0.743155,0.53869,0.831161,-0.539996,0.132564,0.000384,0.001482,0.002172,0.001782,-0.019607,0.02163,-0.093095
288,0.112799,-0.040821,0.28234,-0.407616,-0.423826,-0.808867,-0.44749,-0.679441,0.58145,-0.79551,0.599493,0.088304,8e-06,3e-05,4.4e-05,0.000155,0.000375,0.000226,0.067826,-0.173835,-0.024023,0.262819,-0.084313,0.917552,0.388563,0.265777,-0.354997,0.896255,0.960371,0.177676,-0.214435,-1.4e-05,-0.000416,-0.000611,0.0,-0.0,-0.0,-1.404109,0.03536,0.045527,-0.028985,-0.00904,-0.88678,0.462103,-0.322872,0.439958,0.837968,-0.946399,-0.141625,-0.290294,-6e-06,-0.000203,-0.000298,-0.000183,8.8e-05,-0.000252,-0.957497,0.057881,0.033639,-0.065742,0.387928,0.394836,-0.832835,0.392532,0.74678,0.536877,0.833924,-0.535184,0.134711,-2.7e-05,-0.000101,-0.000151,-0.004483,-0.00571,-0.003846,-0.111546
289,0.112943,-0.040887,0.282274,-0.407288,-0.423684,-0.809106,-0.447657,-0.679594,0.581142,-0.795584,0.59942,0.088137,-0.000141,-0.000544,-0.000799,0.0,0.0,0.0,0.030321,-0.173848,-0.024011,0.262801,-0.086645,0.917433,0.388332,0.262335,-0.354911,0.897303,0.961112,0.178459,-0.210425,-0.0,-0.0,-0.0,0.020458,-0.009888,0.011294,-1.403914,0.035353,0.045533,-0.028994,-0.006577,-0.88673,0.46224,-0.319345,0.439907,0.839345,-0.947615,-0.142094,-0.286066,1e-06,1.7e-05,2.5e-05,0.034704,0.000859,0.068166,-0.95766,0.057952,0.033603,-0.06578,0.387582,0.394714,-0.833055,0.392714,0.746886,0.536597,0.833999,-0.535128,0.13447,-7.9e-05,-0.000306,-0.000452,-8.8e-05,-9.6e-05,-8.2e-05,-0.155635
290,0.112944,-0.040882,0.282281,-0.408527,-0.421265,-0.809744,-0.447469,-0.680802,0.579872,-0.795054,0.599751,0.090636,0.000131,0.000504,0.00074,0.010576,0.025645,0.015465,-0.001503,-0.173859,-0.02403,0.262793,-0.086697,0.917444,0.388294,0.262352,-0.35486,0.897318,0.961103,0.178504,-0.210429,-2.3e-05,-0.000681,-0.001002,9.6e-05,-0.000116,-8.9e-05,-1.404195,0.035348,0.045525,-0.028996,-0.006611,-0.886811,0.462084,-0.31954,0.43974,0.839358,-0.947549,-0.142106,-0.286279,-1.5e-05,-0.000442,-0.000651,-0.004164,0.003177,0.002104,-0.956354,0.057952,0.033603,-0.065779,0.389126,0.392104,-0.833567,0.392362,0.748152,0.535088,0.833446,-0.535277,0.137279,8.9e-05,0.000347,0.000507,-0.005779,0.006186,0.002308,-0.184047
291,0.112963,-0.040755,0.282448,-0.410747,-0.416339,-0.811168,-0.447184,-0.683338,0.577102,-0.794068,0.6003,0.095513,0.001266,0.00488,0.007152,0.124307,0.28556,0.205873,-0.029918,-0.173812,-0.024042,0.262789,-0.086621,0.917432,0.388339,0.262388,-0.354913,0.897287,0.9611,0.178459,-0.210482,-2.4e-05,-0.000715,-0.001052,0.0,-0.0,-0.0,-1.403791,0.035372,0.045519,-0.028998,-0.006715,-0.886804,0.462095,-0.319606,0.43977,0.839317,-0.947526,-0.142052,-0.286381,-1.3e-05,-0.0004,-0.000592,-2.3e-05,0.000162,2.5e-05,-0.955864,0.05796,0.03366,-0.065706,0.390963,0.388507,-0.834391,0.39206,0.749894,0.532867,0.832728,-0.535463,0.140863,0.000636,0.002445,0.003588,0.227873,0.455099,0.313933,-0.234178
292,0.113118,-0.040633,0.282782,-0.411674,-0.407811,-0.815021,-0.448623,-0.687774,0.57068,-0.792775,0.601077,0.101204,0.017256,0.003497,0.006423,0.067835,0.135626,0.238923,-0.10375,-0.173848,-0.024055,0.262756,-0.086059,0.91729,0.388799,0.26246,-0.355469,0.897045,0.96113,0.178083,-0.210663,-3.9e-05,-0.001158,-0.001705,0.0,-0.0,-0.0,-1.403105,0.035353,0.045513,-0.029014,-0.00731,-0.886596,0.462487,-0.31962,0.440309,0.839029,-0.947517,-0.141686,-0.286593,-2.1e-05,-0.000642,-0.000946,1.8e-05,7e-05,-3.1e-05,-0.956191,0.058033,0.033725,-0.065533,0.393101,0.378882,-0.837806,0.3931,0.754445,0.525627,0.831229,-0.535967,0.147635,0.000685,0.002654,0.00388,0.051605,0.11409,0.409392,-0.276307
293,0.113184,-0.040566,0.283139,-0.403348,-0.395811,-0.825039,-0.44681,-0.701653,0.554991,-0.798068,0.59298,0.10719,0.001431,0.005541,0.008077,4.63687,-2.895945,-0.430008,-0.209979,-0.17389,-0.024088,0.262601,-0.084944,0.916446,0.391028,0.264319,-0.357541,0.895675,0.960718,0.178279,-0.212368,-9.4e-05,-0.002784,-0.004104,0.0,-0.0,-0.0,-1.319318,0.035333,0.0455,-0.029086,-0.008553,-0.88552,0.464522,-0.321216,0.442352,0.837343,-0.946967,-0.14205,-0.288227,-4.9e-05,-0.001453,-0.002139,0.000396,-3e-06,0.000463,-0.94525,0.058071,0.033756,-0.065357,0.388172,0.363136,-0.847026,0.394886,0.76491,0.508898,0.832698,-0.532019,0.153519,0.000385,-0.002965,0.007884,0.02389,0.152988,0.392729,-0.343909
