frame,MLTx,MLTy,MLTz,MLTR1,MLTR2,MLTR3,MLTR4,MLTR5,MLTR6,MLTR7,MLTR8,MLTR9,MLTTVx,MLTTVy,MLTTVz,MLTRVx,MLTRVy,MLTRVz,MLGA,MRTx,MRTy,MRTz,MRTR1,MRTR2,MRTR3,MRTR4,MRTR5,MRTR6,MRTR7,MRTR8,MRTR9,MRTTVx,MRTTVy,MRTTVz,MRTRVx,MRTRVy,MRTRVz,MRGA,SLTx,SLTy,SLTz,SLTR1,SLTR2,SLTR3,SLTR4,SLTR5,SLTR6,SLTR7,SLTR8,SLTR9,SLTTVx,SLTTVy,SLTTVz,SLTRVx,SLTRVy,SLTRVz,SLGA,SRTx,SRTy,SRTz,SRTR1,SRTR2,SRTR3,SRTR4,SRTR5,SRTR6,SRTR7,SRTR8,SRTR9,SRTTVx,SRTTVy,SRTTVz,SRTRVx,SRTRVy,SRTRVz,SRGA
403,0.106103,-0.045935,0.275563,-0.524973,0.153155,-0.837253,-0.68186,-0.664411,0.305938,-0.508777,0.731306,0.454274,-0.031055,0.008334,0.00968,-0.004513,0.031072,-0.065737,0.285135,-0.195146,-0.023385,0.247896,-0.554033,0.593909,0.583362,-0.044988,-0.720961,0.691466,0.831925,0.3561,0.42539,-0.06497,0.034375,-0.018654,-0.098787,-1.233613,2.708265,-1.405541,0.0247,0.046138,-0.036129,0.461282,-0.566147,0.683151,0.018889,0.776053,0.630384,-0.887052,-0.27788,0.368673,-0.032248,0.01098,-0.006177,-0.035065,0.053864,0.174131,-1.001585,0.054671,0.031131,-0.069084,0.55426,-0.159601,-0.816897,0.612756,0.742465,0.270693,0.563315,-0.650594,0.509315,-0.015501,0.004277,0.005024,0.009412,0.038755,-0.045714,0.046519
404,0.105587,-0.045976,0.275925,-0.533605,0.151995,-0.83199,-0.678798,-0.663771,0.314027,-0.503863,0.732129,0.458406,-0.031486,-0.002067,0.018965,-0.041308,0.044026,-0.068571,0.367285,-0.196606,-0.02265,0.247474,-0.558735,0.60026,0.572272,-0.052999,-0.714345,0.697737,0.828305,0.358762,0.430191,-0.08125,0.045615,-0.025851,0.124209,-0.197545,0.315838,-1.405871,0.023982,0.046503,-0.036336,0.466255,-0.576283,0.671195,0.026238,0.767387,0.640646,-0.88426,-0.281094,0.372919,-0.032725,0.022904,-0.013229,0.406865,-1.686728,2.344493,-0.973826,0.054425,0.031112,-0.06891,0.56262,-0.157473,-0.811578,0.609604,0.742133,0.278605,0.558426,-0.65149,0.513536,-0.0077,-0.002127,0.008653,-0.049074,0.07236,-0.097502,0.167844
405,0.104372,-0.045809,0.276837,-0.537792,0.159921,-0.827798,-0.684582,-0.655908,0.317971,-0.491447,0.737497,0.463255,-0.028742,0.016084,0.021712,-4.51247,1.884223,2.626331,0.469952,-0.199729,-0.021008,0.246512,-0.571431,0.609439,0.549583,-0.071289,-0.703908,0.706658,0.81822,0.363856,0.444959,-0.081007,0.045355,-0.026788,0.147564,-0.113304,0.094458,-1.405482,0.02239,0.047336,-0.036825,0.481404,-0.587798,0.650187,0.043822,0.757014,0.651927,-0.875402,-0.285348,0.390187,-0.048184,0.016471,-0.00973,0.112052,-0.093033,0.055711,-0.926472,0.053814,0.03118,-0.068468,0.567985,-0.161314,-0.807074,0.611733,0.738768,0.28285,0.550613,-0.654368,0.51829,-0.014643,0.002733,0.015365,0.050879,0.293358,-0.092681,0.358404
406,0.102914,-0.045104,0.277915,-0.540738,0.172426,-0.823358,-0.684455,-0.659181,0.311406,-0.488382,0.731724,0.475491,-0.043444,0.022531,0.029716,0.321523,0.644178,0.369584,0.517362,-0.203318,-0.019341,0.245677,-0.582482,0.610331,0.536845,-0.078761,-0.699606,0.710128,0.809707,0.370583,0.45487,-0.095513,0.03753,-0.012832,0.083039,-0.105655,0.011202,-1.404938,0.020564,0.04818,-0.037263,0.493649,-0.590222,0.638708,0.050719,0.752722,0.656381,-0.86818,-0.291627,0.401516,-0.047724,0.018912,-0.006108,0.079907,-0.100138,0.001952,-0.921083,0.053091,0.031532,-0.067929,0.571008,-0.174524,-0.802178,0.615519,0.737588,0.277669,0.543217,-0.652308,0.528591,-0.013368,0.015718,0.009965,0.112978,0.156519,0.113348,0.474993
407,0.10148,-0.044171,0.279104,-0.545543,0.189674,-0.816365,-0.6837,-0.66408,0.302531,-0.484077,0.722955,0.492984,-0.026118,0.03287,0.02177,0.195899,0.302319,0.197078,0.522883,-0.207046,-0.017736,0.245162,-0.610399,0.601906,0.514891,-0.074708,-0.690767,0.719162,0.789287,0.399747,0.465932,-0.095421,0.050207,-0.019336,0.280977,-1.524635,2.196016,-1.404758,0.018737,0.048968,-0.037507,0.522815,-0.583791,0.621169,0.043726,0.746098,0.664398,-0.851323,-0.320196,0.415598,-0.047535,0.01918,-0.006028,-0.035335,0.08747,-0.013988,-0.918144,0.05237,0.032,-0.067324,0.577611,-0.193189,-0.793122,0.614656,0.742292,0.266831,0.53718,-0.641622,0.547501,-0.021265,0.012585,0.016735,0.175218,0.465761,0.033725,0.510917
408,0.100757,-0.043704,0.27973,-0.547845,0.194295,-0.813733,-0.682968,-0.665611,0.300814,-0.482508,0.720309,0.498366,-0.042703,0.024183,0.031686,0.03273,0.175722,-0.141103,0.522918,-0.208972,-0.01695,0.244888,-0.620679,0.601984,0.502359,-0.074924,-0.683194,0.726338,0.781215,0.412421,0.468483,-0.094956,0.038118,-0.012989,-0.052262,0.179791,0.012276,-1.404163,0.017774,0.049366,-0.037644,0.53561,-0.586688,0.607386,0.04418,0.737738,0.673639,-0.843308,-0.333974,0.42106,-0.047479,0.019031,-0.006458,-0.071078,0.071539,0.219592,-0.918634,0.052025,0.03223,-0.067023,0.580187,-0.198025,-0.790043,0.614032,0.743629,0.264538,0.535114,-0.638593,0.553037,-0.021448,0.011854,0.01551,-0.009275,0.137289,-0.191356,0.516959
409,0.099689,-0.042885,0.280803,-0.53667,0.206008,-0.818286,-0.690857,-0.664061,0.285851,-0.483843,0.718468,0.499726,-0.027052,0.020439,0.027476,0.112413,-0.069802,0.262141,0.523093,-0.212883,-0.015606,0.244405,-0.626926,0.609266,0.48554,-0.076488,-0.668222,0.739975,0.776061,0.425998,0.464885,-0.094634,0.025126,-0.008501,-0.148658,0.168033,0.16769,-1.404206,0.015818,0.050045,-0.037884,0.542871,-0.595568,0.592106,0.043438,0.724012,0.688418,-0.838691,-0.348002,0.418915,-0.047253,0.012903,-0.003617,-0.1925,0.200222,0.218997,-0.91994,0.051476,0.032652,-0.066469,0.570246,-0.210325,-0.794092,0.622281,0.741654,0.25043,0.53627,-0.636955,0.553806,-0.005668,0.008733,0.012415,0.283993,-0.461009,0.766722,0.521041
410,0.098778,-0.041945,0.281746,-0.505193,0.211976,-0.836595,-0.704592,-0.661061,0.257918,-0.497746,0.719491,0.484365,-0.026723,0.021171,0.028313,0.722761,-1.643456,2.119197,0.52366,-0.216345,-0.014441,0.244143,-0.656715,0.587148,0.473258,-0.058245,-0.665033,0.744494,0.75267,0.460609,0.470308,-0.062679,0.040031,-0.01223,-0.391845,-2.940671,1.543761,-1.403713,0.014051,0.050631,-0.038028,0.574039,-0.576174,0.581808,0.024909,0.722497,0.690924,-0.818448,-0.382125,0.429093,-0.031309,0.020132,-0.005874,-0.377253,-2.959031,1.518145,-0.919613,0.051019,0.03312,-0.066001,0.541911,-0.219619,-0.811233,0.63615,0.737978,0.225167,0.549222,-0.638087,0.539629,-0.012896,0.016494,0.01061,0.047026,-0.066169,0.07113,0.521694
411,0.097698,-0.040585,0.282777,-0.505115,0.220634,-0.834401,-0.71502,-0.648401,0.261331,-0.482747,0.728339,0.486317,-0.039804,0.040657,0.030463,0.016998,-0.09232,0.138896,0.522313,-0.21892,-0.013071,0.243811,-0.705092,0.561668,0.432856,-0.058193,-0.654052,0.754163,0.707572,0.50585,0.493275,-0.046994,0.038777,-0.014974,-2.05889,-4.924054,-2.040367,-1.40301,0.012782,0.051306,-0.03818,0.624042,-0.56054,0.544394,0.026811,0.71165,0.702022,-0.78093,-0.423495,0.459129,-0.02344,0.0134,-0.003973,0.558455,-1.928629,2.205594,-0.919777,0.050467,0.033801,-0.065486,0.540459,-0.228569,-0.809728,0.648315,0.726547,0.227634,0.536276,-0.647985,0.540853,-0.019854,0.020538,0.015556,0.020798,-0.097677,0.143858,0.522674
412,0.096954,-0.039694,0.283406,-0.516525,0.219532,-0.82768,-0.711041,-0.648533,0.271656,-0.476505,0.728557,0.492114,-0.038515,0.044311,0.035592,-0.031259,0.114006,-0.164547,0.52222,-0.219846,-0.012525,0.243632,-0.719337,0.55813,0.413564,-0.069405,-0.649974,0.756737,0.692054,0.514934,0.505734,-0.0312,0.02627,-0.009361,0.448684,-0.602507,0.045272,-1.402626,0.01233,0.051577,-0.038273,0.642669,-0.556539,0.526536,0.033128,0.706798,0.706638,-0.765426,-0.436692,0.472674,-0.015701,0.012685,-0.005355,0.342389,-1.756058,2.315507,-0.924349,0.050109,0.034227,-0.065188,0.551494,-0.226006,-0.802978,0.644148,0.727,0.237786,0.530025,-0.648375,0.546518,-0.026698,0.029235,0.015065,-0.168728,0.495813,-0.673426,0.522511
413,0.095007,-0.037117,0.28484,-0.550715,0.218504,-0.805615,-0.700031,-0.646572,0.303106,-0.453979,0.730607,0.510043,-0.048898,0.07936,0.035251,0.032257,0.287649,-0.477446,0.522561,-0.220675,-0.011512,0.243618,-0.758999,0.52167,0.38958,-0.06625,-0.656976,0.750951,0.648635,0.543495,0.532681,-0.01379,0.022062,0.009744,-0.036137,-2.041773,-0.980779,-1.402366,0.01189,0.052079,-0.038306,0.686017,-0.525465,0.503255,0.032975,0.713422,0.699957,-0.726837,-0.463588,0.506747,0.000867,0.016706,0.000983,-1.481023,-5.036499,-3.075575,-0.925329,0.049138,0.035498,-0.064479,0.584822,-0.220479,-0.780622,0.632821,0.726059,0.269025,0.507464,-0.651326,0.564139,-0.024222,0.040488,0.018838,-0.13412,0.552944,-0.774709,0.522184
414,0.09302,-0.034162,0.286879,-0.572357,0.218292,-0.790445,-0.694151,-0.642149,0.325226,-0.435883,0.734559,0.520054,-0.046717,0.06699,0.064288,0.027404,0.142167,-0.270287,0.52327,-0.220364,-0.010647,0.243887,-0.808792,0.464112,0.361173,-0.053166,-0.669174,0.741157,0.586674,0.579646,0.565409,0.016963,0.00671,0.010476,0.308575,-1.101486,-0.210581,-1.40115,0.012042,0.052532,-0.038147,0.743541,-0.4705,0.475158,0.020904,0.726588,0.686754,-0.668363,-0.500698,0.550083,0.008477,0.003366,0.005245,0.307294,-1.105915,-0.22014,-0.92092,0.048144,0.03698,-0.06347,0.606021,-0.217137,-0.765238,0.62685,0.722599,0.291389,0.489689,-0.656278,0.574023,-0.023261,0.033907,0.032792,0.039299,0.151238,-0.260105,0.521041
415,0.092189,-0.03303,0.288319,-0.578419,0.216874,-0.786411,-0.690486,-0.643489,0.330338,-0.433692,0.733808,0.522938,-0.046472,0.05841,0.075138,-0.006276,0.161739,-0.285085,0.523185,-0.220096,-0.010565,0.244072,-0.818589,0.456745,0.348264,-0.062396,-0.673295,0.736691,0.571984,0.580732,0.579178,0.016595,0.004903,0.007542,0.421963,-0.509473,-0.097349,-1.400939,0.012177,0.052576,-0.03805,0.755079,-0.464456,0.462747,0.030489,0.729913,0.682859,-0.654924,-0.501503,0.565303,0.008272,0.00235,0.003595,0.40862,-0.498713,-0.101786,-0.910469,0.04773,0.037553,-0.062748,0.611819,-0.215015,-0.761212,0.622967,0.724,0.296201,0.48743,-0.655432,0.576904,-0.015785,0.022826,0.041469,-0.040039,0.255485,-0.414917,0.520878
416,0.09066,-0.031395,0.291496,-0.575995,0.216005,-0.788427,-0.691013,-0.643947,0.328339,-0.436072,0.733665,0.521158,-0.033306,0.030651,0.083855,0.622856,-1.584486,1.984654,0.523279,-0.219339,-0.010833,0.24476,-0.831986,0.444493,0.331987,-0.073077,-0.68082,0.728751,0.550986,0.581481,0.598462,0.01718,-0.017259,0.024142,0.208484,-0.464331,0.146178,-1.400722,0.012555,0.052438,-0.037712,0.770802,-0.4539,0.447032,0.042043,0.736408,0.675229,-0.635685,-0.501673,0.586708,0.008587,-0.008596,0.012114,0.156676,-0.441847,0.165076,-0.907857,0.046965,0.038395,-0.061143,0.611628,-0.21402,-0.761646,0.622422,0.724445,0.296259,0.488366,-0.655266,0.576302,-0.024517,0.016353,0.042524,-0.069931,0.000246,0.003441,0.521531
417,0.088895,-0.030284,0.294578,-0.551043,0.219784,-0.805042,-0.701845,-0.643925,0.304542,-0.450774,0.732556,0.51009,-0.050486,0.026973,0.075759,0.712478,-1.509867,2.188062,0.523151,-0.218069,-0.01167,0.245539,-0.838412,0.436654,0.326175,-0.075837,-0.68592,0.723668,0.540769,0.581437,0.607753,0.047617,-0.021711,0.016154,0.078411,-0.149018,-0.020879,-1.401705,0.013173,0.052032,-0.037321,0.778095,-0.446955,0.441359,0.045305,0.74074,0.670261,-0.62651,-0.501532,0.596616,0.01606,-0.016828,0.01174,0.044478,-0.111649,-0.094036,-0.90704,0.046092,0.038959,-0.059589,0.587502,-0.220807,-0.778514,0.633671,0.723873,0.272888,0.50329,-0.653644,0.565196,-0.025924,0.007423,0.041337,0.013253,0.356688,-0.089938,0.522674
418,0.087981,-0.030017,0.296114,-0.54686,0.220157,-0.807788,-0.704266,-0.642689,0.301551,-0.452095,0.733527,0.507519,-0.037041,0.009907,0.077151,-0.101373,-0.077659,0.158407,0.523367,-0.217238,-0.012177,0.245974,-0.839916,0.433157,0.326965,-0.074551,-0.688675,0.721182,0.538606,0.580803,0.610275,0.032622,-0.031258,0.027275,0.205803,-0.253071,-0.18115,-1.401829,0.013575,0.051785,-0.037122,0.778924,-0.444798,0.442076,0.044209,0.742125,0.6688,-0.625557,-0.501401,0.597723,0.024057,-0.015943,0.012907,0.272647,-0.341988,-0.209742,-0.909,0.04563,0.039101,-0.058819,0.581378,-0.2226,-0.78259,0.637138,0.722749,0.267745,0.506017,-0.654279,0.562018,-0.026342,0.005992,0.039146,-0.118194,0.033824,-0.057106,0.523001
419,0.086266,-0.030064,0.299098,-0.541566,0.218278,-0.811854,-0.705682,-0.642869,0.297832,-0.456239,0.733933,0.503206,-0.040383,-0.008603,0.074772,-0.126342,-0.049301,0.110798,0.523421,-0.215296,-0.013004,0.246877,-0.846903,0.425814,0.31848,-0.078811,-0.692666,0.716893,0.52692,0.581494,0.619744,0.048551,-0.029849,0.028858,0.18662,-0.281678,-0.09511,-1.402008,0.014558,0.051363,-0.036665,0.787558,-0.437851,0.433633,0.049544,0.746387,0.663664,-0.614244,-0.50119,0.609516,0.031866,-0.009592,0.009663,0.319769,-0.387759,-0.085327,-0.912102,0.044775,0.039086,-0.057323,0.576025,-0.221339,-0.786894,0.638596,0.72278,0.264162,0.510283,-0.654672,0.557686,-0.020403,-0.004794,0.036778,-0.102024,-0.056274,0.091357,0.523817
420,0.084755,-0.030794,0.301764,-0.538559,0.213669,-0.815074,-0.703599,-0.646256,0.295423,-0.46296,0.73232,0.499403,-0.028805,-0.022223,0.058265,-0.136737,-0.029078,0.098405,0.523623,-0.213183,-0.013893,0.247841,-0.859859,0.41687,0.29471,-0.092673,-0.694949,0.713015,0.503117,0.585247,0.635784,0.048602,-0.016485,0.023903,0.126439,-2.056671,1.986446,-1.402035,0.015614,0.050912,-0.036183,0.80246,-0.430505,0.413186,0.062256,0.74907,0.659558,-0.593449,-0.503546,0.627901,0.032225,-0.014176,0.015181,0.158184,-0.378417,0.079477,-0.913245,0.044017,0.038732,-0.055977,0.572688,-0.217213,-0.790471,0.636236,0.725825,0.261497,0.516944,-0.652683,0.55387,-0.022686,-0.015589,0.033805,-0.17373,0.006145,0.050406,0.524144
421,0.083447,-0.032118,0.304024,-0.540966,0.202604,-0.816304,-0.692844,-0.657568,0.295878,-0.476163,0.725378,0.497115,-0.031051,-0.028535,0.049905,-0.136166,-0.027958,0.09891,0.52312,-0.211084,-0.01439,0.248928,-0.875035,0.404744,0.265493,-0.109609,-0.699726,0.705906,0.472578,0.588073,0.656279,0.049279,-0.012049,0.030578,0.295714,-0.449513,0.023643,-1.402106,0.016682,0.050655,-0.035635,0.82198,-0.422391,0.382013,0.081827,0.751399,0.654754,-0.563607,-0.506936,0.652198,0.024654,-0.005854,0.015523,0.25995,-0.426558,0.02068,-0.900182,0.043361,0.038066,-0.054852,0.574153,-0.206036,-0.792399,0.624448,0.73615,0.26105,0.529539,-0.644695,0.551321,-0.008677,-0.021971,0.027146,-0.170628,-0.009251,0.086839,0.524307
422,0.082947,-0.032857,0.305063,-0.542145,0.197089,-0.816872,-0.687368,-0.663181,0.296123,-0.482703,0.721786,0.496034,-0.032308,-0.040234,0.057282,-0.170382,0.004844,0.058058,0.522683,-0.210229,-0.014557,0.249499,-0.881334,0.401716,0.248733,-0.119733,-0.698941,0.705039,0.458178,0.591077,0.66375,0.033647,-0.011989,0.031184,0.077995,-0.314256,0.193944,-1.402015,0.017097,0.05058,-0.035355,0.830214,-0.420499,0.365956,0.09159,0.750465,0.654532,-0.549867,-0.509884,0.661561,0.016684,6.7e-05,0.01222,0.030804,-0.434497,0.353089,-0.900182,0.04311,0.037696,-0.054341,0.574819,-0.200478,-0.793341,0.618471,0.741267,0.260798,0.535794,-0.640571,0.550084,-0.00813,-0.01626,0.023234,-0.133287,-0.042133,0.12665,0.52398
423,0.082342,-0.034195,0.307022,-0.548508,0.197636,-0.81248,-0.688289,-0.658445,0.304434,-0.474131,0.725959,0.498209,-0.01558,-0.030658,0.048779,-0.353244,0.534841,-0.685911,0.522709,-0.209253,-0.014934,0.250346,-0.888431,0.399633,0.225778,-0.133769,-0.695767,0.705654,0.440205,0.59621,0.671279,0.017125,-0.017778,0.022729,-0.048784,-0.018109,0.007872,-1.401935,0.017593,0.050402,-0.034915,0.839536,-0.420821,0.343639,0.105062,0.746307,0.657256,-0.533048,-0.515687,0.670765,0.000606,-0.002912,0.008215,-0.04911,-0.116244,0.160439,-0.901162,0.042799,0.037016,-0.053368,0.580414,-0.200368,-0.789285,0.619977,0.737146,0.268778,0.527965,-0.645342,0.552074,-0.00797,-0.015761,0.023846,-0.848243,1.557726,-2.031432,0.523491
424,0.081972,-0.035448,0.308711,-0.556191,0.18811,-0.809513,-0.677332,-0.667008,0.310313,-0.480893,0.720667,0.499408,-0.015829,-0.023111,0.035958,0.012878,0.105777,-0.299817,0.523494,-0.209007,-0.01505,0.250941,-0.889432,0.400628,0.219999,-0.137431,-0.693279,0.707397,0.437039,0.598433,0.67137,0.000986,0.006413,0.009931,0.001466,-0.017493,0.022854,-1.402301,0.017721,0.050328,-0.034624,0.84082,-0.422661,0.338199,0.108303,0.743493,0.659915,-0.530369,-0.518242,0.670919,0.000621,-0.002825,0.008345,-0.034116,0.001912,0.01095,-0.910143,0.042615,0.036404,-0.05253,0.587545,-0.190176,-0.786526,0.608339,0.744746,0.274363,0.533585,-0.639676,0.553264,-0.008041,-0.011842,0.017623,1.255484,-0.471186,-0.879921,0.523164
425,0.081848,-0.035914,0.30938,-0.559386,0.18164,-0.808789,-0.669898,-0.673716,0.311953,-0.487542,0.716081,0.499558,-0.000301,-0.025371,0.034779,1.237555,-0.477871,-0.850971,0.523115,-0.209087,-0.014962,0.251081,-0.889801,0.400623,0.218512,-0.138226,-0.692752,0.707758,0.436034,0.599046,0.671477,-0.014964,0.00402,0.006914,-0.002045,0.015202,-0.029242,-1.40207,0.017682,0.05038,-0.034541,0.841304,-0.422909,0.336681,0.109156,0.742917,0.660423,-0.529425,-0.518866,0.671182,-0.007513,0.001865,0.003228,-0.000396,0.021695,-0.02972,-0.913572,0.042546,0.036155,-0.052183,0.590152,-0.184061,-0.786029,0.601156,0.750063,0.27571,0.538824,-0.635237,0.5533,-0.000176,-0.012784,0.017346,4.361597,-1.68729,-2.786996,0.523491
426,0.08171,-0.036331,0.310621,-0.565148,0.174833,-0.80628,-0.661759,-0.679657,0.316407,-0.491979,0.71216,0.500812,0.002785,-0.008366,0.034062,-0.068438,0.008443,0.016596,0.522485,-0.209708,-0.01479,0.251185,-0.895484,0.396249,0.202698,-0.143887,-0.688481,0.710792,0.422327,0.606828,0.673248,-0.015643,0.013364,-0.00409,0.033972,-0.001205,-0.012238,-1.401626,0.017377,0.05046,-0.03449,0.848672,-0.420306,0.321086,0.114425,0.738584,0.664378,-0.516392,-0.5271,0.67491,-0.015446,0.000872,0.00203,-0.003275,0.040449,-0.063743,-0.916674,0.042472,0.03593,-0.051574,0.595543,-0.175557,-0.783905,0.591091,0.756586,0.279621,0.544002,-0.629886,0.55435,-0.005793,0.002754,0.013843,-0.038174,0.101899,-0.169385,0.522348
427,0.081503,-0.036215,0.311867,-0.576374,0.173154,-0.79866,-0.657867,-0.678089,0.327687,-0.484111,0.714064,0.505743,-0.011722,-0.003202,0.038781,-0.073006,0.119054,-0.184844,0.523357,-0.2107,-0.014549,0.251297,-0.900396,0.391627,0.189488,-0.1482,-0.685374,0.712905,0.410193,0.613312,0.674873,-0.031002,0.014582,-0.001595,0.030948,7.3e-05,-0.026623,-1.401666,0.016886,0.050576,-0.034441,0.855014,-0.417144,0.308124,0.118396,0.735461,0.667143,-0.504908,-0.533936,0.678217,-0.023097,0.001693,0.003597,-0.00902,0.001094,-0.036161,-0.915858,0.042375,0.035991,-0.050948,0.606247,-0.172455,-0.776352,0.587247,0.755371,0.290782,0.536288,-0.632196,0.559215,0.002311,0.002592,0.014424,-0.033149,-0.012269,0.037668,0.522511
428,0.08105,-0.036022,0.313043,-0.579549,0.166234,-0.797831,-0.64994,-0.684892,0.329352,-0.490964,0.709209,0.505968,-0.011195,0.006388,0.028526,-0.034504,0.004505,0.004848,0.522217,-0.212184,-0.014293,0.251546,-0.904139,0.392578,0.168547,-0.161361,-0.678858,0.716275,0.396748,0.619909,0.676881,-0.045858,0.005288,0.009957,-0.005789,0.012844,-0.048481,-1.401437,0.016149,0.050704,-0.034327,0.860648,-0.420135,0.287699,0.130931,0.728597,0.672311,-0.492078,-0.540955,0.682074,-0.015206,0.002277,0.004139,-0.006101,-0.008488,-0.014018,-0.91945,0.04215,0.036087,-0.050351,0.608875,-0.165182,-0.775877,0.578644,0.761528,0.291967,0.542625,-0.626728,0.559257,-0.005616,0.003195,0.014271,-0.035376,0.005047,0.005175,0.521368
429,0.080831,-0.035896,0.3136,-0.580627,0.162887,-0.797738,-0.646186,-0.688257,0.329722,-0.494626,0.706728,0.505874,-0.011123,0.006559,0.028674,-0.034494,0.004545,0.004869,0.522164,-0.213072,-0.01415,0.251801,-0.906752,0.391017,0.157789,-0.167539,-0.67729,0.71634,0.388109,0.622604,0.67941,-0.06083,0.00875,0.015768,0.265215,-2.164798,1.648823,-1.401224,0.01571,0.050771,-0.034207,0.862667,-0.421051,0.280213,0.135375,0.726043,0.674191,-0.487317,-0.543669,0.683334,-0.022639,0.004364,0.007607,-0.003391,0.038615,-0.073924,-0.918634,0.04204,0.03615,-0.050073,0.609646,-0.16175,-0.775993,0.574594,0.764555,0.292054,0.54605,-0.623932,0.559049,-0.005574,0.003299,0.014372,-0.035367,0.005085,0.005215,0.521041
430,0.080311,-0.035438,0.314692,-0.597659,0.153104,-0.787025,-0.631793,-0.694282,0.344648,-0.492913,0.703026,0.512658,-0.01058,0.008012,0.030336,-0.251469,0.568499,-0.819366,0.522628,-0.214974,-0.013761,0.252547,-0.911056,0.385067,0.147278,-0.172049,-0.679525,0.713147,0.375834,0.623883,0.685115,-0.060252,0.011561,0.019774,0.175884,-0.101109,-0.216189,-1.401259,0.01476,0.050967,-0.033833,0.869711,-0.415249,0.266775,0.142237,0.728451,0.670169,-0.47262,-0.544909,0.692606,-0.022343,0.005878,0.009816,0.229548,-0.160777,-0.198361,-0.920594,0.04178,0.036378,-0.049529,0.624815,-0.150016,-0.766224,0.559753,0.77023,0.305648,0.544317,-0.61987,0.565223,-0.012393,0.011008,0.012045,-0.710364,1.649402,-2.341229,0.520878
431,0.079382,-0.034903,0.315828,-0.612575,0.146203,-0.776802,-0.620827,-0.69727,0.358273,-0.488504,0.701546,0.518868,-0.041136,0.01333,0.033418,-0.040394,0.130325,-0.228261,0.522164,-0.216971,-0.013313,0.253318,-0.917173,0.37507,0.134566,-0.176426,-0.684778,0.707027,0.358486,0.624242,0.694027,-0.060034,0.012133,0.020318,0.247848,-0.160822,-0.263657,-1.401391,0.013761,0.051193,-0.033443,0.877502,-0.406806,0.253963,0.147499,0.732831,0.66423,-0.456325,-0.545405,0.703064,-0.022253,0.006089,0.010003,0.338779,-0.23933,-0.256797,-0.922553,0.041328,0.036645,-0.048959,0.639434,-0.140931,-0.755818,0.548016,0.77305,0.319485,0.53926,-0.61849,0.571547,-0.0125,0.010605,0.011458,-0.002922,0.092991,-0.175749,0.520551
432,0.078822,-0.034533,0.316328,-0.621095,0.140527,-0.771063,-0.612504,-0.700829,0.36558,-0.488243,0.699163,0.52232,-0.040139,0.024049,0.024626,-0.007501,0.116206,-0.217547,0.521902,-0.21784,-0.013083,0.253694,-0.919233,0.370866,0.132136,-0.176371,-0.687734,0.704165,0.353181,0.62351,0.697396,-0.044508,0.011712,0.019089,0.3647,-0.282921,-0.289348,-1.401622,0.013305,0.051313,-0.033247,0.879804,-0.403257,0.251651,0.147615,0.735032,0.661768,-0.451835,-0.545078,0.706211,-0.022272,0.00584,0.009557,0.508029,-0.322305,-0.31628,-0.92288,0.041047,0.036826,-0.048707,0.647313,-0.134129,-0.750329,0.539254,0.776297,0.326447,0.538693,-0.615932,0.574836,-0.012473,0.010612,0.011419,-0.008856,0.105708,-0.193334,0.520061
433,0.077686,-0.033617,0.317287,-0.633691,0.139574,-0.760921,-0.60547,-0.701724,0.375447,-0.480772,0.698457,0.530136,-0.024553,0.021906,0.023454,-0.013508,0.234854,-0.153059,0.521842,-0.219481,-0.012835,0.254418,-0.921892,0.366364,0.126031,-0.178007,-0.689207,0.702311,0.345322,0.624549,0.700395,-0.04461,-0.001859,0.02338,0.169424,-0.198181,-0.148997,-1.401468,0.012518,0.051436,-0.032896,0.883318,-0.399284,0.245601,0.149346,0.736324,0.65994,-0.444346,-0.546258,0.71004,-0.014758,0.004259,0.006861,0.359811,-0.902561,0.391902,-0.919287,0.040482,0.037276,-0.048237,0.658894,-0.131535,-0.740645,0.532252,0.777286,0.335461,0.531569,-0.615244,0.582159,-0.019744,0.012779,0.013147,-0.645359,1.821765,-2.288697,0.519408
434,0.076434,-0.0328,0.318109,-0.643778,0.136842,-0.752908,-0.599574,-0.701563,0.385088,-0.474721,0.699162,0.534639,-0.026063,0.017468,0.017888,-0.020827,0.05807,-0.091969,0.522406,-0.22078,-0.012605,0.255025,-0.924824,0.362232,0.116101,-0.182218,-0.689555,0.700888,0.335107,0.626577,0.70354,-0.029452,0.008465,0.01345,0.06652,-0.043025,-0.082538,-1.401372,0.011846,0.051551,-0.032583,0.887887,-0.395258,0.235426,0.153687,0.73716,0.658008,-0.43363,-0.548055,0.715261,-0.014735,0.004247,0.006773,0.057614,-0.04069,-0.093187,-0.921083,0.03985,0.037701,-0.047806,0.669248,-0.127222,-0.732066,0.525895,0.777119,0.345716,0.52492,-0.616359,0.586991,-0.02005,0.015772,0.005826,-0.038873,0.147732,-0.22856,0.520061
435,0.075211,-0.032175,0.318688,-0.649748,0.135241,-0.748053,-0.596062,-0.701364,0.39086,-0.470995,0.699675,0.537258,-0.027479,0.013422,0.012885,-0.001407,0.015502,-0.033881,0.522124,-0.221709,-0.012452,0.255614,-0.92719,0.355578,0.117784,-0.17829,-0.695221,0.696286,0.330637,0.624132,0.707814,-0.029419,-0.003947,0.01962,0.195689,-0.161567,-0.210033,-1.401382,0.011387,0.051629,-0.032295,0.890008,-0.389604,0.236842,0.150848,0.741814,0.653419,-0.430268,-0.54582,0.718991,-0.007038,-0.002392,0.009037,0.407275,-0.286145,-0.259916,-0.923043,0.039239,0.038016,-0.047515,0.674927,-0.12476,-0.727259,0.522309,0.776971,0.351437,0.521215,-0.617049,0.589563,-0.02137,0.008029,0.007216,-0.002018,0.028938,-0.061557,0.520061
436,0.074666,-0.03198,0.318972,-0.650647,0.137528,-0.746853,-0.595915,-0.702079,0.389798,-0.469939,0.698508,0.539695,-0.027609,0.013015,0.012355,0.051663,0.106879,0.015298,0.522438,-0.221998,-0.012432,0.255874,-0.928248,0.353444,0.115863,-0.178429,-0.696199,0.695272,0.327572,0.624257,0.709128,-0.014131,-0.005206,0.017376,0.113537,-0.166909,-0.07594,-1.401203,0.011231,0.051643,-0.032159,0.891607,-0.387079,0.234958,0.150886,0.743212,0.65182,-0.426929,-0.545715,0.721058,-0.007138,0.003265,0.005062,0.193155,-0.352917,0.05138,-0.921737,0.038955,0.038115,-0.047371,0.676053,-0.126925,-0.725838,0.522039,0.777693,0.35024,0.520025,-0.615697,0.592022,-0.013865,0.006371,0.006031,0.04596,0.101289,0.013759,0.520225
437,0.073649,-0.031768,0.319547,-0.652267,0.139623,-0.74505,-0.595503,-0.702527,0.389619,-0.468213,0.697639,0.542313,-0.013305,0.007809,0.007717,0.005063,0.010216,0.000737,0.522289,-0.222211,-0.012348,0.256415,-0.928961,0.351143,0.117133,-0.17645,-0.697977,0.693993,0.326616,0.623573,0.71017,0.001475,0.007556,0.011258,0.004995,-0.020459,0.020385,-1.400762,0.011119,0.05168,-0.031887,0.892575,-0.384156,0.236079,0.148839,0.74525,0.64996,-0.425624,-0.545,0.722369,0.000741,0.00384,0.005729,-0.01578,-0.012351,0.025005,-0.915695,0.038451,0.038218,-0.047087,0.67783,-0.128925,-0.723825,0.521667,0.778082,0.34993,0.518081,-0.614789,0.594664,-0.014814,-0.000203,0.008875,-0.050003,0.034795,-0.079159,0.520061
438,0.072765,-0.031543,0.319844,-0.655102,0.134014,-0.743591,-0.586759,-0.710266,0.388855,-0.475226,0.690879,0.544861,-0.014359,0.004965,0.004264,4.108626,-2.134079,-3.040627,0.521055,-0.222062,-0.012397,0.256896,-0.928753,0.350744,0.119951,-0.174109,-0.698179,0.694381,0.328466,0.623572,0.709316,0.016313,0.004129,0.005802,0.00337,-0.032643,0.05215,-1.400956,0.011188,0.051658,-0.031642,0.892051,-0.383634,0.23889,0.146466,0.745478,0.650238,-0.427541,-0.545057,0.721194,0.000473,-0.003706,0.006851,-0.044977,0.138045,-0.171276,-0.917817,0.03801,0.038332,-0.046937,0.679596,-0.126765,-0.722549,0.516814,0.781757,0.348938,0.520626,-0.610561,0.596793,-0.00719,0.002474,0.002137,-0.005119,-0.004254,-0.007112,0.519572
439,0.072427,-0.031427,0.319912,-0.656231,0.129951,-0.743316,-0.582239,-0.713808,0.389162,-0.479202,0.688004,0.545016,-0.014506,0.004567,0.003777,-0.00098,0.014717,-0.029553,0.52022,-0.221893,-0.01245,0.25711,-0.928612,0.350521,0.121681,-0.17271,-0.698338,0.694571,0.329605,0.62352,0.708834,0.016359,0.004394,0.006182,-0.005787,0.087642,-0.105965,-1.400995,0.011272,0.05163,-0.031537,0.891763,-0.38334,0.240432,0.145208,0.745668,0.650302,-0.42857,-0.545003,0.720623,0.00818,-0.003953,0.006313,-0.032158,-0.015361,0.038554,-0.917818,0.03784,0.038389,-0.046904,0.680797,-0.118607,-0.722804,0.507473,0.787967,0.348679,0.528191,-0.604184,0.596636,-0.007231,0.002354,0.001987,-0.002041,0.014648,-0.030265,0.518918
440,0.071858,-0.0313,0.320112,-0.658141,0.128232,-0.741924,-0.577678,-0.717983,0.388278,-0.482087,0.683973,0.54754,-0.014288,0.005135,0.004447,0.13347,-0.002745,-0.089532,0.512768,-0.221338,-0.012554,0.257481,-0.929186,0.34842,0.123317,-0.17059,-0.700023,0.693398,0.329088,0.62281,0.709698,0.016275,-0.008377,0.011897,-0.02151,0.102811,-0.159035,-1.400876,0.011556,0.05158,-0.031348,0.892285,-0.381129,0.242008,0.14339,0.747527,0.648569,-0.428096,-0.544006,0.721657,0.008131,-0.004185,0.005945,-0.049686,0.111085,-0.155403,-0.917981,0.037549,0.038451,-0.046806,0.682608,-0.116852,-0.721381,0.502535,0.791744,0.347274,0.530569,-0.599571,0.599173,-0.007138,0.002594,0.002263,0.114645,-0.02642,-0.099944,0.513856
441,0.071349,-0.031097,0.320373,-0.663346,0.106958,-0.74066,-0.551556,-0.738795,0.387221,-0.50496,0.665241,0.549997,-0.013339,0.007611,0.007412,0.046039,0.077881,0.036617,0.50254,-0.220714,-0.012651,0.257839,-0.930168,0.346765,0.120552,-0.17146,-0.700435,0.692767,0.325837,0.623274,0.71079,0.000829,-0.008094,0.012657,-0.040895,0.126885,-0.17223,-1.400875,0.011867,0.051535,-0.031173,0.893664,-0.379785,0.239013,0.14445,0.747757,0.648069,-0.42485,-0.54463,0.723104,0.008088,0.001839,0.002517,-0.014905,-0.041911,0.063374,-0.918634,0.037298,0.038546,-0.046682,0.685842,-0.094909,-0.721534,0.474545,0.810006,0.344524,0.551748,-0.578689,0.600575,0.000756,0.002005,0.002417,0.049582,0.070664,0.06937,0.502263
442,0.070949,-0.030798,0.320663,-0.665194,0.114098,-0.737933,-0.551628,-0.741153,0.382586,-0.502447,0.661412,0.556873,-0.013111,0.008173,0.008066,0.180188,0.307678,0.160321,0.487095,-0.220252,-0.012625,0.258033,-0.931036,0.347414,0.111655,-0.177127,-0.697495,0.694306,0.320263,0.626199,0.710753,0.015835,0.001863,0.002358,0.001985,-0.015632,0.02967,-1.401107,0.012093,0.051545,-0.031072,0.895265,-0.381266,0.230512,0.149597,0.74459,0.650542,-0.419666,-0.547923,0.723642,0.00794,0.001072,0.001378,0.004147,-0.025908,0.047826,-0.916511,0.037099,0.038698,-0.046535,0.688011,-0.100762,-0.71867,0.474473,0.811784,0.340414,0.549104,-0.575198,0.606325,-0.006612,0.003952,0.00388,0.292929,0.47924,0.210363,0.48871
443,0.070833,-0.03073,0.320761,-0.665538,0.116612,-0.737228,-0.551903,-0.741858,0.380818,-0.501688,0.660179,0.559016,0.000764,0.002001,0.002401,0.035582,0.060482,0.032445,0.45771,-0.220098,-0.01258,0.258039,-0.93132,0.347633,0.108562,-0.179156,-0.696584,0.6947,0.318296,0.62709,0.710851,0.015459,-0.000128,-0.000581,0.001984,-0.015631,0.02967,-1.40119,0.012176,0.05157,-0.031064,0.895815,-0.38179,0.227486,0.151553,0.743613,0.651207,-0.417787,-0.548885,0.724001,0.007702,-0.000204,-0.000502,0.003122,-0.009288,0.025081,-0.920104,0.037038,0.038739,-0.046477,0.688925,-0.104448,-0.717267,0.474807,0.812722,0.337697,0.547667,-0.573212,0.609497,-0.00712,0.002616,0.002273,0.00645,0.030655,0.016731,0.467319
444,0.070749,-0.030881,0.32056,-0.669445,0.123221,-0.732602,-0.550939,-0.743883,0.378253,-0.497534,0.656682,0.566794,-0.003046,-0.007971,-0.009581,0.012342,0.057819,-0.041577,0.398888,-0.220035,-0.012591,0.257966,-0.93185,0.34783,0.10325,-0.182464,-0.694946,0.695479,0.314835,0.628794,0.710887,-0.000225,-0.001205,-0.001776,-0.025014,-0.175061,0.174881,-1.401206,0.012207,0.051563,-0.031103,0.896774,-0.382463,0.222525,0.154557,0.741964,0.65238,-0.414617,-0.550645,0.724487,-0.000156,-0.000837,-0.001238,-0.092081,-0.644848,0.64254,-0.919614,0.037001,0.038678,-0.046561,0.693308,-0.110396,-0.712134,0.473805,0.81441,0.335028,0.542984,-0.56969,0.616944,-0.001434,-0.003756,-0.00451,-0.021714,0.012096,-0.0395,0.394164
445,0.071025,-0.031529,0.319996,-0.677165,0.126324,-0.724938,-0.547737,-0.744409,0.381852,-0.490577,0.655492,0.574188,0.024367,-0.021364,-0.022286,0.008824,-0.066372,0.175585,0.311353,-0.220085,-0.012641,0.257838,-0.93237,0.347986,0.097897,-0.185779,-0.693304,0.69624,0.311328,0.630517,0.710905,-0.000448,-0.002395,-0.003533,-0.001349,0.017394,-0.022936,-1.402009,0.012182,0.051539,-0.031166,0.89782,-0.383155,0.217048,0.157851,0.740155,0.653645,-0.411097,-0.552595,0.725008,-0.000194,-0.001048,-0.001547,0.00064,0.003573,-0.002779,-0.921083,0.037125,0.038366,-0.046831,0.701176,-0.112118,-0.704117,0.470431,0.81484,0.338717,0.535767,-0.568739,0.62409,0.003946,-0.014953,-0.006371,-0.123874,0.178741,-0.235907,0.299782
446,0.071318,-0.03201,0.31964,-0.683325,0.126014,-0.719189,-0.541364,-0.748387,0.383164,-0.489103,0.651008,0.580511,0.007547,-0.030873,-0.013994,1.083823,0.188235,-1.492459,0.225759,-0.220102,-0.012679,0.257801,-0.932868,0.348204,0.0922,-0.18934,-0.691504,0.69707,0.307655,0.632369,0.710859,-0.000315,-0.001686,-0.002488,-0.278252,-1.945004,1.943196,-1.402197,0.012173,0.051517,-0.031189,0.898318,-0.383499,0.214362,0.15945,0.739232,0.654301,-0.409388,-0.553591,0.725215,-0.000181,-0.000974,-0.001438,-0.000761,0.02063,-0.025515,-0.92141,0.037281,0.038119,-0.047022,0.705994,-0.111216,-0.69943,0.465438,0.817228,0.33986,0.533796,-0.565481,0.628723,0.011923,-0.011619,-0.012244,3.448944,-0.049016,-5.050504,0.216668
447,0.072033,-0.032976,0.31871,-0.696828,0.094379,-0.711033,-0.497457,-0.777748,0.38421,-0.515882,0.621316,0.589796,0.009376,-0.0103,-0.032593,0.424218,-0.141847,-0.270957,-0.03166,-0.220284,-0.012743,0.257748,-0.933798,0.348549,0.080787,-0.196445,-0.687904,0.698664,0.300269,0.636091,0.710697,-0.015713,-0.001168,-0.00134,-0.00205,0.015167,-0.029207,-1.402363,0.012088,0.051485,-0.031215,0.900825,-0.38527,0.200198,0.167981,0.734449,0.657546,-0.400369,-0.558705,0.726328,-0.000209,-0.001114,-0.001643,5.6e-05,0.025591,-0.030446,-0.918634,0.037635,0.037621,-0.047489,0.717585,-0.078154,-0.69207,0.417675,0.843457,0.337824,0.55733,-0.531479,0.637896,0.011589,-0.012476,-0.013475,1.195194,-0.534369,-1.163798,-0.074153
448,0.072362,-0.033559,0.31778,-0.720636,0.080621,-0.688643,-0.463718,-0.794439,0.392178,-0.514576,0.60185,0.61075,0.009794,-0.017267,-0.01946,3.805506,-1.120854,-3.946493,-0.224752,-0.22036,-0.012954,0.25779,-0.9363,0.345069,0.065269,-0.204461,-0.686436,0.697807,0.286775,0.639567,0.713146,-8.5e-05,-0.00045,-0.000665,0.082527,-0.240089,0.154654,-1.402929,0.012044,0.051377,-0.031199,0.904881,-0.383379,0.184958,0.17604,0.73267,0.657421,-0.387555,-0.562328,0.73047,1.4e-05,-0.006177,0.003186,0.018105,-0.247812,0.100862,-0.921573,0.037796,0.037325,-0.047968,0.738465,-0.063582,-0.671286,0.387092,0.85513,0.344835,0.552112,-0.514499,0.656096,-0.002107,-0.001609,-0.01293,-0.429106,2.380811,-1.915427,-0.310598
449,0.072348,-0.03372,0.317392,-0.733834,0.085261,-0.673991,-0.456788,-0.796289,0.396535,-0.501975,0.598753,0.624135,-0.003856,-0.002189,-0.024625,0.417662,0.766805,0.121737,-0.310917,-0.220383,-0.013056,0.257842,-0.937384,0.343306,0.058678,-0.207741,-0.686063,0.697205,0.280793,0.640916,0.714315,0.000107,-0.01194,0.006981,0.022436,-0.033021,-0.055385,-1.402735,0.012032,0.051326,-0.031173,0.906784,-0.382088,0.178184,0.17938,0.732146,0.657102,-0.381528,-0.563888,0.732438,6.2e-05,-0.005917,0.003571,-0.007636,-0.018402,-0.062184,-0.924839,0.037794,0.037238,-0.04816,0.752201,-0.060826,-0.656118,0.374577,0.858668,0.349827,0.54211,-0.508908,0.668676,-0.002313,-0.006149,-0.007602,0.410885,0.990214,-0.040947,-0.382935
450,0.071985,-0.034118,0.317022,-0.764191,0.098915,-0.637397,-0.439891,-0.802657,0.402753,-0.470827,0.588038,0.657694,-0.003703,-0.017745,-4.2e-05,0.378897,0.988708,-0.206447,-0.445678,-0.220634,-0.013059,0.258029,-0.941054,0.335596,0.042243,-0.214439,-0.688209,0.69305,0.262844,0.642706,0.719517,-0.01482,0.003607,0.005701,0.190725,-0.161274,-0.137917,-1.402533,0.011907,0.051322,-0.031083,0.912266,-0.376334,0.161689,0.186661,0.733351,0.653722,-0.364593,-0.566187,0.739259,-0.007397,0.001886,0.002977,0.209288,-0.161137,-0.148738,-0.918307,0.037609,0.037033,-0.048362,0.783449,-0.070512,-0.617442,0.356948,0.864363,0.354208,0.508719,-0.497898,0.702354,-0.001743,-0.008606,0.000312,0.417846,1.023215,-0.178879,-0.51814
451,0.071429,-0.0343,0.317035,-0.782481,0.105015,-0.613793,-0.418273,-0.818866,0.393039,-0.46037,0.564144,0.685441,-0.016621,-0.008629,0.009413,0.236696,0.651897,-0.315138,-0.46631,-0.22106,-0.01295,0.258274,-0.943293,0.329288,0.041932,-0.211611,-0.693531,0.688599,0.257019,0.640253,0.723796,-0.014683,0.004281,0.006674,0.045225,-0.040345,-0.037912,-1.402719,0.011699,0.051376,-0.03096,0.915137,-0.369548,0.161111,0.184245,0.738849,0.648193,-0.358576,-0.563502,0.744236,-0.007383,0.001944,0.003055,0.000971,-0.016728,-0.063727,-0.917164,0.037337,0.036944,-0.048361,0.801525,-0.074375,-0.593316,0.33479,0.877952,0.342221,0.495451,-0.472935,0.728601,-0.000145,-0.000379,-0.000466,0.350041,0.632567,-0.288598,-0.56729
452,0.071318,-0.034552,0.317223,-0.782592,0.10667,-0.613365,-0.408799,-0.831118,0.376961,-0.468599,0.545613,0.694801,-0.000115,-0.000301,-0.000374,0.372919,-0.144902,0.09337,-0.584324,-0.221598,-0.012788,0.258657,-0.944098,0.326799,0.043277,-0.209389,-0.695565,0.687226,0.255878,0.639325,0.725019,-0.014279,0.006322,0.009644,-9.6e-05,-0.002667,-0.006706,-1.402532,0.011435,0.051454,-0.030775,0.915958,-0.366949,0.162387,0.182055,0.740649,0.646756,-0.357599,-0.562838,0.745208,-0.007159,0.003094,0.004732,-0.012514,0.019639,-0.026737,-0.915042,0.037278,0.036825,-0.048259,0.802958,-0.075506,-0.591232,0.324245,0.887657,0.326999,0.500122,-0.45427,0.737234,0.007548,-0.00168,-0.001154,0.067157,0.332875,-0.400547,-0.614318
453,0.071411,-0.034632,0.317235,-0.778267,0.105882,-0.618979,-0.408302,-0.834222,0.370588,-0.476164,0.541011,0.693255,-0.000175,-0.000459,-0.00057,0.303154,-0.241982,0.041785,-0.662526,-0.221739,-0.012748,0.258866,-0.944942,0.324703,0.040528,-0.20998,-0.696378,0.686221,0.252234,0.63951,0.726132,-0.014352,0.005913,0.009026,0.047857,-0.042729,-0.039831,-1.40274,0.01136,0.051478,-0.030663,0.917108,-0.365319,0.159544,0.18299,0.741366,0.64567,-0.354157,-0.562954,0.746762,0.000521,-0.003442,0.00721,0.002488,-0.025495,-0.054666,-0.916185,0.037325,0.036783,-0.048247,0.797724,-0.075752,-0.598244,0.324177,0.8904,0.319525,0.508472,-0.44883,0.734851,0.007509,-0.001803,-0.001316,1.014167,-1.592362,1.534671,-0.668367
454,0.071499,-0.034587,0.317103,-0.772333,0.103982,-0.626685,-0.406332,-0.839181,0.361443,-0.487363,0.533664,0.691164,-0.000126,-0.00033,-0.000411,-0.007849,0.191164,-0.348568,-0.798791,-0.221481,-0.012856,0.259308,-0.944393,0.32633,0.040259,-0.212186,-0.698073,0.683817,0.252445,0.636828,0.728412,0.01628,-0.008227,0.012063,-0.002203,-0.025983,-0.00786,-1.402659,0.011478,0.051432,-0.03044,0.916541,-0.366823,0.159349,0.185495,0.742885,0.643204,-0.35432,-0.559965,0.748929,0.008208,-0.003728,0.006594,-0.035707,-0.037298,0.013484,-0.918144,0.037369,0.036806,-0.048312,0.791399,-0.074856,-0.606699,0.322071,0.894611,0.309742,0.519574,-0.44053,0.732103,0.000448,0.00517,-0.004576,0.024268,0.088068,-0.17143,-0.775159
455,0.071344,-0.034665,0.317236,-0.771063,0.123769,-0.62465,-0.427022,-0.828195,0.362929,-0.471458,0.546423,0.692226,-0.000877,-0.010292,0.009209,-0.34917,0.294426,0.154231,-0.917406,-0.220786,-0.013103,0.259645,-0.943771,0.328244,0.039291,-0.21502,-0.699458,0.681512,0.252376,0.63432,0.730622,0.031283,-0.01074,0.007984,-0.023575,-0.021673,0.037522,-1.402843,0.01182,0.051311,-0.030267,0.915933,-0.368695,0.158523,0.188472,0.743891,0.641173,-0.354322,-0.557395,0.750843,0.007992,-0.004868,0.004906,-0.052835,-0.015882,0.033198,-0.914878,0.037292,0.036771,-0.048249,0.792047,-0.093973,-0.603182,0.343029,0.885844,0.312426,0.504966,-0.454365,0.733866,-0.007492,0.00184,0.001361,-1.05462,0.725991,0.947418,-0.875257
456,0.071218,-0.034676,0.317306,-0.76858,0.141536,-0.623938,-0.445883,-0.817883,0.363633,-0.457889,0.557504,0.692499,0.000159,0.000417,0.000518,-1.034482,0.602899,1.148156,-0.945301,-0.220272,-0.013218,0.259721,-0.944412,0.326454,0.038794,-0.214445,-0.700862,0.680249,0.250452,0.633695,0.731825,0.015494,8.8e-05,-0.000264,0.037246,-0.044627,0.004992,-1.402834,0.012072,0.051256,-0.030225,0.916663,-0.367113,0.157974,0.188185,0.745185,0.639753,-0.352582,-0.55671,0.752169,0.015421,-0.000283,-0.000822,0.026689,-0.064087,0.026443,-0.915368,0.037229,0.036762,-0.04821,0.791339,-0.110776,-0.601257,0.361582,0.877815,0.314163,0.492991,-0.466013,0.734704,-0.007427,0.001862,0.00144,-3.451864,2.024436,3.792677,-0.902526
457,0.07094,-0.034638,0.317337,-0.76781,0.153113,-0.622149,-0.455988,-0.812733,0.362646,-0.449165,0.561942,0.694622,-0.001231,-0.011203,0.008074,-0.340257,0.554586,-0.568636,-1.00843,-0.219138,-0.013276,0.259678,-0.943727,0.328698,0.036453,-0.218633,-0.702475,0.677246,0.249408,0.630742,0.734727,0.031042,0.000551,-4.5e-05,0.017731,-0.041767,0.04912,-1.402696,0.012632,0.051211,-0.030251,0.91612,-0.369378,0.15583,0.19258,0.746383,0.637043,-0.351619,-0.553598,0.754912,0.015489,8.8e-05,-0.000316,-0.012496,-0.035996,0.048117,-0.917328,0.037091,0.036787,-0.048195,0.790976,-0.123974,-0.599155,0.373911,0.873064,0.312969,0.484301,-0.471582,0.736927,-0.007727,0.001225,0.000587,-1.034161,1.682406,-1.710762,-0.89926
