frame,MLTx,MLTy,MLTz,MLTR1,MLTR2,MLTR3,MLTR4,MLTR5,MLTR6,MLTR7,MLTR8,MLTR9,MLTTVx,MLTTVy,MLTTVz,MLTRVx,MLTRVy,MLTRVz,MLGA,MRTx,MRTy,MRTz,MRTR1,MRTR2,MRTR3,MRTR4,MRTR5,MRTR6,MRTR7,MRTR8,MRTR9,MRTTVx,MRTTVy,MRTTVz,MRTRVx,MRTRVy,MRTRVz,MRGA,SLTx,SLTy,SLTz,SLTR1,SLTR2,SLTR3,SLTR4,SLTR5,SLTR6,SLTR7,SLTR8,SLTR9,SLTTVx,SLTTVy,SLTTVz,SLTRVx,SLTRVy,SLTRVz,SLGA,SRTx,SRTy,SRTz,SRTR1,SRTR2,SRTR3,SRTR4,SRTR5,SRTR6,SRTR7,SRTR8,SRTR9,SRTTVx,SRTTVy,SRTTVz,SRTRVx,SRTRVy,SRTRVz,SRGA
627,0.072435,-0.039596,0.321186,-0.78704,0.311855,-0.532316,-0.547843,-0.750056,0.37048,-0.282756,0.582817,0.76184,0.015181,-0.003365,-0.002343,-0.065618,-0.102832,-0.01512,0.15656,-0.20649,-0.014256,0.273024,-0.567741,0.761354,0.313053,-0.430173,-0.598498,0.675786,0.702578,0.248043,0.666875,0.001031,-0.020837,0.018128,-0.493603,0.363102,0.236414,-1.40111,0.018979,0.050733,-0.023589,0.492946,-0.757798,0.427487,0.398661,0.633444,0.663187,-0.773351,-0.156492,0.614358,0.007959,-0.004442,0.005163,0.007954,-0.116884,0.224847,-0.958477,0.037832,0.034304,-0.046268,0.822875,-0.273399,-0.498124,0.47042,0.819488,0.327326,0.318717,-0.503676,0.802949,-4e-05,-0.000113,-0.000144,-0.062359,-0.089251,-0.049686,-0.052109
628,0.072784,-0.03963,0.321119,-0.786664,0.305708,-0.536421,-0.546967,-0.748104,0.375685,-0.285475,0.588559,0.756393,0.015443,-0.002664,-0.00148,-0.081382,-0.123806,-0.025772,0.210566,-0.206332,-0.014624,0.273509,-0.542409,0.775199,0.323806,-0.437216,-0.589475,0.679187,0.718052,0.225846,0.658223,0.000986,-0.006889,0.013764,1.485389,3.956087,3.809741,-1.401261,0.019057,0.050542,-0.023348,0.469662,-0.76708,0.437041,0.40049,0.626289,0.668857,-0.78678,-0.139106,0.601352,0.000467,-0.003559,0.006725,-0.426057,0.263832,0.229874,-0.952108,0.038,0.034287,-0.046302,0.822056,-0.267645,-0.502582,0.469608,0.817833,0.332592,0.322012,-0.509426,0.797993,0.000147,0.000386,0.000475,-0.108187,-0.146479,-0.076409,0.019576
629,0.072987,-0.039622,0.321086,-0.786487,0.303669,-0.537837,-0.546706,-0.747467,0.37733,-0.286458,0.590422,0.754566,0.015634,-0.00215,-0.000847,-0.33096,-0.454578,-0.193588,0.243995,-0.206382,-0.01467,0.273761,-0.528719,0.782011,0.330009,-0.439979,-0.584868,0.681383,0.726515,0.214077,0.652848,-0.013981,-0.005006,0.017041,-0.263881,0.369295,-0.052843,-1.400465,0.019038,0.050517,-0.023224,0.450305,-0.775825,0.44195,0.406158,0.618785,0.672413,-0.795148,-0.123289,0.593749,0.000423,0.003269,0.004346,-0.282646,0.850049,-0.449423,-0.951945,0.038107,0.034289,-0.04632,0.821952,-0.267591,-0.502781,0.469598,0.817921,0.332388,0.322291,-0.509312,0.797952,0.000714,0.005911,-0.003661,0.049542,-0.003456,0.01988,0.063664
630,0.073368,-0.039376,0.320838,-0.78839,0.294448,-0.540173,-0.540919,-0.750052,0.380527,-0.292136,0.591824,0.751284,0.0012,0.011231,-0.008045,-0.022115,-0.092954,-0.02224,0.30799,-0.20666,-0.014561,0.274385,-0.496366,0.797852,0.342119,-0.448874,-0.573089,0.685576,0.743665,0.185722,0.642131,-0.013999,0.009031,0.012731,-0.097551,0.252963,-0.119196,-1.400527,0.018899,0.050569,-0.022916,0.415702,-0.789524,0.451489,0.413759,0.606239,0.679174,-0.809935,-0.095526,0.578687,-0.006971,0.004967,0.006991,0.052017,1.973267,-1.939592,-0.952762,0.038304,0.034408,-0.04644,0.822837,-0.256386,-0.507153,0.463251,0.819526,0.337304,0.329146,-0.512485,0.793108,0.000635,0.0057,-0.003922,-0.015251,0.007675,-0.199451,0.151351
631,0.073492,-0.038763,0.320287,-0.791539,0.282637,-0.541874,-0.533374,-0.75234,0.386611,-0.297423,0.594685,0.746938,0.017128,0.01795,-0.019881,0.042027,-0.087763,0.042363,0.401159,-0.206963,-0.014467,0.27499,-0.458441,0.811694,0.361907,-0.452824,-0.56362,0.690808,0.765267,0.151792,0.62545,0.001477,-0.0032,0.018571,-0.510468,0.532205,0.117033,-1.401077,0.018742,0.050622,-0.022605,0.376607,-0.798795,0.46914,0.417399,0.598427,0.683858,-0.827009,-0.061728,0.558788,-0.006991,0.004634,0.006501,-0.475006,0.999654,-0.359244,-0.954395,0.038366,0.03472,-0.046717,0.824942,-0.244248,-0.509717,0.455325,0.821488,0.34327,0.334884,-0.515266,0.788893,0.008567,0.008963,-0.009956,0.088433,-0.046063,0.056181,0.275289
632,0.073617,-0.037918,0.31948,-0.790869,0.273678,-0.547423,-0.531152,-0.751299,0.391662,-0.30311,0.600174,0.740231,0.00141,0.019823,-0.019367,-0.328566,-0.561537,-0.239361,0.482207,-0.206895,-0.014214,0.275749,-0.443649,0.813666,0.375651,-0.447352,-0.56415,0.693935,0.7771,0.138791,0.613772,0.00186,0.013913,0.018241,-0.201879,0.122091,0.170461,-1.400369,0.018776,0.050736,-0.022233,0.359382,-0.799272,0.481671,0.410979,0.598965,0.687268,-0.837818,-0.049036,0.543741,0.001108,0.001283,0.013037,-0.307243,0.169791,0.196171,-0.952435,0.038428,0.035136,-0.047112,0.823843,-0.238037,-0.514411,0.453526,0.821196,0.346336,0.339992,-0.518626,0.784493,0.00826,0.008152,-0.010962,0.006631,-0.042381,-0.162554,0.398247
633,0.073746,-0.037495,0.318995,-0.793389,0.262154,-0.549413,-0.52184,-0.75764,0.391965,-0.31252,0.597356,0.738596,0.001649,0.028495,-0.030592,0.007453,-0.166975,-0.043417,0.508998,-0.206799,-0.014041,0.27616,-0.443719,0.814135,0.374553,-0.447619,-0.563308,0.694446,0.776906,0.139456,0.613867,0.00222,0.002449,0.025852,-0.036114,-0.016773,0.032663,-1.40042,0.018824,0.05083,-0.022027,0.359142,-0.800075,0.480517,0.411123,0.597846,0.688155,-0.837851,-0.049593,0.543641,0.000946,0.007199,0.009408,0.026318,-0.047314,0.037949,-0.955701,0.038495,0.035358,-0.047359,0.825102,-0.224401,-0.518507,0.443305,0.826097,0.347913,0.350265,-0.516921,0.781093,0.000805,0.014156,-0.015411,0.028056,-0.146368,-0.038197,0.45099
634,0.074251,-0.036906,0.317985,-0.795483,0.224164,-0.56303,-0.496178,-0.774348,0.392638,-0.346981,0.591418,0.727912,0.030211,0.00921,-0.028973,-0.258346,-0.413711,-0.325949,0.522106,-0.2065,-0.013767,0.276946,-0.428563,0.820718,0.37782,-0.455954,-0.557356,0.693826,0.780541,0.124047,0.612561,0.016831,0.012813,0.015861,0.005126,-0.048514,0.076183,-1.401021,0.018968,0.050966,-0.021625,0.343593,-0.8055,0.482817,0.419216,0.591606,0.688665,-0.840357,-0.034216,0.54095,0.001011,0.000634,0.012104,-0.042459,0.091809,-0.1333,-0.954395,0.038736,0.03565,-0.047851,0.824254,-0.188846,-0.533798,0.416502,0.840861,0.345655,0.383575,-0.507236,0.771738,0.007503,0.006145,-0.013481,-0.244453,-0.554081,-0.174169,0.505039
635,0.07516,-0.036639,0.316957,-0.788309,0.196369,-0.583142,-0.485249,-0.78114,0.392841,-0.377398,0.592401,0.711799,0.028979,-0.002132,-0.021134,0.531286,-2.44105,1.33098,0.521371,-0.206057,-0.013565,0.277846,-0.411158,0.824181,0.389444,-0.454734,-0.555603,0.696029,0.790534,0.108047,0.602698,0.016985,0.014355,0.01773,-0.151287,0.623134,-0.447651,-1.400601,0.01919,0.051065,-0.021177,0.325516,-0.807355,0.492154,0.417756,0.589746,0.691142,-0.848244,-0.019377,0.529249,0.008641,0.001405,0.01267,-0.187992,1.919932,-1.907361,-0.953578,0.03919,0.035785,-0.048372,0.816727,-0.163285,-0.553437,0.404086,0.846525,0.346568,0.411909,-0.506688,0.757361,0.007356,0.005767,-0.013976,-0.206659,-0.284973,-0.332487,0.515653
636,0.075769,-0.036527,0.316457,-0.781582,0.185967,-0.595476,-0.486311,-0.779506,0.39477,-0.389795,0.597897,0.700433,0.030295,0.009509,-0.028704,0.545859,-2.433273,1.3797,0.520322,-0.205888,-0.013473,0.278344,-0.409235,0.825116,0.389487,-0.453135,-0.554182,0.698201,0.792445,0.1082,0.600155,0.017332,0.00282,0.025239,-0.07703,0.000599,0.08785,-1.400647,0.019273,0.051115,-0.02094,0.322932,-0.808054,0.492709,0.415504,0.588796,0.693308,-0.850336,-0.019169,0.52589,0.000964,0.007581,0.009741,-0.016958,-0.007275,0.06986,-0.952598,0.039504,0.035838,-0.048632,0.808043,-0.153738,-0.56871,0.405941,0.844893,0.348377,0.426941,-0.512367,0.745118,0.015165,0.004764,-0.014355,0.421238,-2.5393,1.326294,0.517612
637,0.077025,-0.036287,0.315543,-0.773884,0.137858,-0.618178,-0.465735,-0.785329,0.407825,-0.428293,0.603342,0.672733,0.015224,0.005,-0.014081,-0.40719,-1.19719,-0.397958,0.512363,-0.205614,-0.013271,0.279146,-0.40906,0.824859,0.390216,-0.452183,-0.554556,0.698522,0.793079,0.10825,0.599308,0.016779,-0.001235,0.019943,-0.032613,-0.017601,0.036633,-1.400785,0.019412,0.051222,-0.020524,0.322944,-0.807639,0.493382,0.414861,0.589364,0.69321,-0.850645,-0.019183,0.525389,0.008368,-0.000694,0.009871,-0.031656,-0.020042,0.034777,-0.951292,0.040113,0.035946,-0.049081,0.797773,-0.109281,-0.592971,0.384402,0.849847,0.360547,0.464534,-0.515574,0.719993,0.015111,0.000597,-0.008564,-0.459309,-0.516375,-0.963391,0.512877
638,0.077855,-0.035763,0.31491,-0.772759,0.090509,-0.628249,-0.438935,-0.791185,0.425832,-0.457563,0.60471,0.651911,0.017756,0.020148,-0.017246,-0.31055,-0.466877,-0.57561,0.487771,-0.205236,-0.013332,0.279618,-0.398404,0.82752,0.395571,-0.456154,-0.552808,0.697324,0.796212,0.096334,0.597184,0.015866,-0.008333,0.010854,0.014175,0.217479,-0.060065,-1.400505,0.019602,0.051203,-0.020272,0.311872,-0.809278,0.497798,0.418735,0.587376,0.692567,-0.852875,-0.007546,0.522059,0.0004,-0.00401,0.006024,0.160399,0.346937,0.309407,-0.954395,0.040538,0.036205,-0.049408,0.79072,-0.061394,-0.609091,0.357393,0.854095,0.377877,0.497022,-0.51648,0.697292,0.009032,0.010479,-0.008134,-0.22908,-1.025018,-0.182021,0.492302
639,0.078523,-0.035022,0.31449,-0.758269,0.05703,-0.649477,-0.434897,-0.786421,0.43861,-0.48481,0.614966,0.621935,0.018203,0.013422,-0.003596,-0.540272,-0.705168,-0.427068,0.462238,-0.20489,-0.013265,0.279802,-0.398133,0.826774,0.397399,-0.455304,-0.554074,0.696875,0.796833,0.095471,0.596494,0.01554,0.003696,0.003887,0.003598,-0.031787,0.052762,-1.401346,0.019774,0.051224,-0.020189,0.311363,-0.80831,0.499686,0.417989,0.58872,0.691876,-0.853426,-0.006561,0.52117,0.007722,0.001495,0.001487,-0.009263,0.09838,-0.133734,-0.955538,0.040872,0.036578,-0.049624,0.773969,-0.031441,-0.63244,0.353414,0.850184,0.390236,0.525422,-0.525544,0.669129,0.009127,0.006759,-0.001751,-0.510647,-0.857162,-0.330799,0.456051
640,0.078798,-0.034739,0.314419,-0.745401,0.046858,-0.665001,-0.441136,-0.78258,0.439248,-0.498912,0.62071,0.60484,0.018026,0.01298,-0.004163,-0.448562,-0.732718,-0.080162,0.460005,-0.204669,-0.01312,0.279824,-0.39805,0.826615,0.397814,-0.455341,-0.554376,0.696611,0.796854,0.095105,0.596525,0.015471,0.003211,0.003262,0.003599,-0.031793,0.052758,-1.401069,0.019884,0.051296,-0.020178,0.311268,-0.808105,0.500078,0.418055,0.589005,0.691594,-0.853429,-0.006211,0.521171,-1.9e-05,0.007192,-0.001986,0.035686,-0.014825,0.015627,-0.956028,0.041011,0.036723,-0.049654,0.760525,-0.022866,-0.648905,0.359796,0.84676,0.391847,0.540506,-0.531483,0.65221,0.009237,0.007089,-0.001346,-0.595885,-0.837353,-0.287834,0.443478
641,0.079249,-0.03436,0.314452,-0.713661,0.025853,-0.700046,-0.455515,-0.776341,0.435628,-0.53133,0.629737,0.566698,0.016862,0.001704,0.003805,-0.67714,-1.113726,-0.028768,0.463274,-0.204122,-0.013027,0.279828,-0.39769,0.825667,0.400135,-0.454557,-0.556011,0.695818,0.79748,0.093797,0.595894,0.015086,0.000157,-0.000632,-0.008713,0.099294,-0.133008,-1.400717,0.020164,0.051346,-0.020171,0.310774,-0.80696,0.502228,0.417439,0.590584,0.690619,-0.85391,-0.004977,0.520395,0.007526,-4.9e-05,-0.000486,-0.009097,0.098834,-0.13337,-0.957007,0.041238,0.036921,-0.049636,0.728472,-0.008564,-0.685021,0.374463,0.842304,0.387685,0.573677,-0.538933,0.616802,0.001446,0.008106,-0.00094,-0.304972,-0.880713,0.309583,0.438416
642,0.079921,-0.034239,0.314454,-0.672929,-0.028227,-0.739199,-0.438898,-0.78916,0.429613,-0.594642,0.613564,0.519585,0.015984,-0.000715,0.000779,3.3668,-3.781495,-2.606887,0.460308,-0.203684,-0.013061,0.279777,-0.39725,0.824277,0.403423,-0.45325,-0.558351,0.694797,0.798443,0.09212,0.594867,0.014974,-0.000766,-0.001815,0.002045,-0.015205,0.029245,-1.400693,0.020377,0.051328,-0.020199,0.310144,-0.805328,0.505228,0.416391,0.592818,0.689336,-0.85465,-0.003422,0.519191,0.007467,-0.000561,-0.001141,0.001759,-0.015503,0.028993,-0.957334,0.041576,0.036985,-0.04963,0.684621,0.035361,-0.72804,0.361505,0.850849,0.381272,0.632935,-0.524218,0.569726,0.008007,-0.000304,0.000439,-0.395684,-1.064707,0.452466,0.434987
643,0.080254,-0.034263,0.314459,-0.651857,-0.042599,-0.757175,-0.447132,-0.784846,0.429024,-0.611736,0.618269,0.493508,0.01589,-0.000967,0.000457,-0.632633,-1.343992,0.22921,0.451188,-0.203517,-0.013071,0.279738,-0.397101,0.823825,0.404494,-0.452854,-0.559113,0.694442,0.798742,0.091551,0.594553,-6.7e-05,-0.00056,-0.000711,-0.010793,0.1145,-0.16225,-1.400336,0.020466,0.051321,-0.020221,0.309927,-0.80479,0.506217,0.416076,0.593551,0.688895,-0.854883,-0.002882,0.518812,0.007473,-0.00051,-0.001077,0.001804,-0.015454,0.029039,-0.956844,0.041736,0.036972,-0.049629,0.662866,0.050391,-0.747039,0.364921,0.849465,0.381104,0.653789,-0.525232,0.544693,0.007822,-0.000831,-0.000219,-0.133423,-1.433217,0.101026,0.430905
644,0.080772,-0.034046,0.31443,-0.616193,-0.078498,-0.783702,-0.444496,-0.786776,0.428228,-0.649452,0.612318,0.450894,0.017526,0.011839,-0.005664,1.01318,-1.609401,-0.266957,0.448095,-0.203169,-0.013071,0.279684,-0.396888,0.823324,0.405719,-0.452432,-0.559964,0.694031,0.799086,0.090857,0.594196,-0.0,-4e-06,-5e-06,-0.0,0.0,0.0,-1.400506,0.020639,0.051319,-0.020249,0.309616,-0.804102,0.5075,0.415691,0.594486,0.688321,-0.855182,-0.002151,0.51832,0.007325,0.005717,-0.004287,0.038104,-0.029385,0.045288,-0.95864,0.041998,0.03707,-0.049648,0.62445,0.079898,-0.776967,0.367181,0.847952,0.382302,0.689376,-0.524016,0.500167,0.008821,0.006089,-0.002637,-0.410035,-1.088235,0.409552,0.418658
645,0.081329,-0.033375,0.314219,-0.588588,-0.141089,-0.796055,-0.407969,-0.798268,0.443059,-0.697249,0.585717,0.413287,0.003761,0.026984,-0.010532,3.830952,-3.781042,-2.281795,0.44333,-0.202887,-0.013053,0.279658,-0.396617,0.822479,0.407694,-0.451701,-0.561376,0.693367,0.799634,0.089811,0.593618,0.015034,-0.000255,-0.001183,-0.008785,0.099313,-0.13299,-1.400312,0.020775,0.051329,-0.020262,0.309238,-0.803136,0.509258,0.415136,0.595794,0.687524,-0.855589,-0.001197,0.517653,0.007518,-0.000127,-0.000596,-0.008874,0.099171,-0.133054,-0.95815,0.042283,0.037402,-0.049749,0.592773,0.136469,-0.793723,0.329428,0.858234,0.393587,0.734912,-0.494782,0.463781,0.00921,0.007257,-0.001214,-0.347823,-0.912092,0.055907,0.414576
646,0.081511,-0.032945,0.314072,-0.570821,-0.164352,-0.804486,-0.395383,-0.803689,0.444667,-0.718934,0.572106,0.394787,0.002864,0.016325,-0.001778,-0.237338,-0.913528,-0.010361,0.440798,-0.202753,-0.01302,0.279625,-0.396496,0.822092,0.40859,-0.451433,-0.562024,0.693015,0.799845,0.089293,0.593411,-0.000397,0.011675,-0.0074,0.036224,-0.014004,0.016221,-1.400402,0.020848,0.051345,-0.020279,0.309035,-0.802609,0.510211,0.414901,0.596505,0.68705,-0.855776,-0.000635,0.517345,-0.000198,0.005838,-0.003705,0.03614,-0.014092,0.01615,-0.95913,0.042376,0.037628,-0.049826,0.570247,0.16291,-0.805157,0.312108,0.863673,0.395799,0.759872,-0.476999,0.441661,0.001433,0.008163,-0.000907,-0.218961,-0.886635,0.003428,0.409677
647,0.081725,-0.031909,0.313744,-0.545229,-0.19723,-0.814783,-0.389124,-0.801351,0.454304,-0.741856,0.564992,0.361192,0.004264,0.028464,-0.008741,-0.242795,-0.656613,-0.050443,0.441867,-0.20241,-0.012927,0.279639,-0.396245,0.821395,0.410232,-0.450903,-0.563192,0.692412,0.800269,0.088357,0.592981,0.015174,0.000984,0.00038,0.002045,-0.015205,0.029245,-1.400168,0.021013,0.051391,-0.020273,0.308671,-0.801749,0.51178,0.414487,0.597659,0.686296,-0.856108,0.000286,0.516795,9.1e-05,0.000772,0.000975,-0.010916,0.114497,-0.162268,-0.959946,0.04248,0.038134,-0.049988,0.5424,0.192311,-0.817812,0.30572,0.861524,0.405353,0.782519,-0.469885,0.408498,0.002143,0.014251,-0.004357,-0.309755,-0.760576,-0.10665,0.405268
648,0.082088,-0.030789,0.313336,-0.520992,-0.248857,-0.816506,-0.348039,-0.811514,0.469346,-0.778764,0.529008,0.337201,0.019183,0.025069,-0.01135,4.27497,-3.35032,-1.938028,0.444887,-0.202126,-0.01291,0.279644,-0.395969,0.820556,0.412174,-0.450143,-0.564572,0.691783,0.800833,0.087356,0.592367,0.015032,-0.00022,-0.001156,0.002045,-0.015205,0.029245,-1.400156,0.021156,0.051402,-0.020267,0.308263,-0.800735,0.513611,0.413867,0.599017,0.685487,-0.856555,0.001256,0.516052,-3e-06,-3.4e-05,-4.9e-05,-6.7e-05,-4.5e-05,-4.1e-05,-0.9606,0.042657,0.038697,-0.050188,0.51594,0.237744,-0.822972,0.26832,0.867517,0.418828,0.813516,-0.43691,0.383795,0.002,0.013846,-0.004867,-0.288457,-0.992973,-0.240765,0.409514
649,0.082342,-0.029767,0.313059,-0.498056,-0.289047,-0.81758,-0.326744,-0.810788,0.485627,-0.802639,0.509365,0.310396,0.004401,0.02892,-0.008235,-0.279707,-0.174786,-0.962114,0.43883,-0.201823,-0.012931,0.279599,-0.397672,0.819156,0.413317,-0.45082,-0.566675,0.689619,0.799608,0.08688,0.594088,0.014984,-0.00064,-0.001696,0.406995,-0.231263,-0.394891,-1.400366,0.021307,0.051391,-0.02029,0.307994,-0.800181,0.514634,0.41353,0.599754,0.685045,-0.856815,0.001827,0.515619,-3.1e-05,-0.000279,-0.00036,-5.4e-05,-3.8e-05,-3.2e-05,-0.961416,0.042788,0.039199,-0.05033,0.485878,0.276635,-0.829093,0.24312,0.868377,0.432219,0.839532,-0.411574,0.35467,0.00222,0.014493,-0.004084,-0.295939,-0.677804,-0.295149,0.407391
650,0.082534,-0.029203,0.312893,-0.491531,-0.300786,-0.817294,-0.327498,-0.805753,0.493435,-0.80635,0.510572,0.298568,0.019929,0.027401,-0.008552,-0.201366,-0.518671,-0.168392,0.436524,-0.201654,-0.012919,0.279587,-0.397582,0.818974,0.413764,-0.450675,-0.566979,0.689464,0.799735,0.086616,0.593957,2e-05,0.000177,0.000224,-0.005734,0.110452,-0.165456,-1.400013,0.021392,0.051395,-0.020298,0.309969,-0.799119,0.515099,0.414948,0.601169,0.682944,-0.855415,0.002048,0.517937,1.7e-05,0.000139,0.000171,-0.016535,0.005478,0.004487,-0.962233,0.042886,0.039497,-0.050419,0.479252,0.29047,-0.828217,0.243307,0.862693,0.443353,0.843278,-0.413989,0.342774,0.010004,0.013803,-0.00416,-0.172636,-0.479939,-0.138706,0.402656
651,0.083289,-0.027827,0.312307,-0.468937,-0.328678,-0.819825,-0.327274,-0.797473,0.506852,-0.819802,0.506395,0.267423,0.020638,0.037783,-0.017693,-0.35802,-0.864634,-0.340798,0.431192,-0.201359,-0.012912,0.279578,-0.397386,0.81849,0.41491,-0.450236,-0.567773,0.689098,0.80008,0.086001,0.593581,2e-06,1.4e-05,1.8e-05,-0.010915,0.114561,-0.162199,-1.400005,0.021545,0.051399,-0.020302,0.309574,-0.798592,0.516153,0.414433,0.601866,0.682643,-0.855808,0.002583,0.517285,0.007515,-0.000109,-0.00059,0.001595,-0.014851,0.029506,-0.963375,0.043256,0.040173,-0.050701,0.455636,0.314309,-0.832829,0.24325,0.856016,0.45614,0.856285,-0.41042,0.313576,0.01036,0.018972,-0.008757,-0.398306,-0.946379,-0.387937,0.399553
652,0.083755,-0.026781,0.311818,-0.441129,-0.362829,-0.820857,-0.3078,-0.798014,0.518079,-0.842486,0.481647,0.241375,0.003123,0.025341,-0.012629,-0.134083,-0.380428,-0.164949,0.406435,-0.201101,-0.012904,0.27954,-0.397218,0.818079,0.41588,-0.449906,-0.568449,0.688755,0.800348,0.085451,0.593299,0.015026,-0.000252,-0.001219,0.002045,-0.015205,0.029245,-1.400587,0.021668,0.051403,-0.020321,0.309309,-0.798008,0.517214,0.414122,0.602637,0.682151,-0.856055,0.003195,0.516874,-0.000213,0.005809,-0.00374,0.025345,0.100743,-0.14588,-0.964029,0.043498,0.040707,-0.05094,0.423375,0.347404,-0.836697,0.22407,0.854706,0.468262,0.877807,-0.385729,0.284018,-0.006367,0.008772,-0.000971,-0.158601,-0.355476,-0.18319,0.370651
653,0.083645,-0.026578,0.311774,-0.430219,-0.376417,-0.820528,-0.300418,-0.797436,0.523274,-0.850759,0.472089,0.231016,-0.013726,0.014679,-0.005386,-0.132326,-0.28448,-0.174438,0.406888,-0.200955,-0.012888,0.279517,-0.397116,0.817808,0.41651,-0.449704,-0.568894,0.68852,0.800512,0.085088,0.59313,-0.0,-1e-06,-1e-06,0.0,-0.0,-0.0,-1.400236,0.021747,0.051411,-0.020333,0.309162,-0.797694,0.517786,0.413979,0.603051,0.681872,-0.856178,0.003544,0.516668,0.007517,-9.6e-05,-0.000579,-0.008865,0.099436,-0.132919,-0.964192,0.04345,0.040814,-0.050963,0.411384,0.359759,-0.837458,0.21656,0.853916,0.47321,0.885361,-0.376031,0.273378,0.00013,0.000362,0.000432,-0.160385,-0.278246,-0.159709,0.361016
654,0.083214,-0.02652,0.311835,-0.416845,-0.391399,-0.820422,-0.294515,-0.79573,0.529194,-0.859448,0.462701,0.217449,-0.000187,-0.000544,-0.000659,-0.241529,-0.515782,-0.065753,0.400568,-0.200685,-0.01286,0.279487,-0.396883,0.81712,0.418078,-0.449152,-0.570009,0.687957,0.800937,0.084231,0.592678,0.01501,-0.000378,-0.001388,0.002045,-0.015205,0.029245,-1.400331,0.021882,0.051426,-0.020347,0.308818,-0.796866,0.519263,0.413547,0.604139,0.68117,-0.856509,0.004382,0.516111,0.007505,-0.000206,-0.000721,0.002049,-0.015159,0.029261,-0.964682,0.043228,0.040845,-0.050939,0.398349,0.371814,-0.838493,0.209968,0.852916,0.477961,0.892877,-0.366452,0.261689,-0.00766,0.000955,0.000404,-0.244877,-0.407937,-0.271518,0.353015
655,0.083026,-0.026606,0.311973,-0.404675,-0.402342,-0.821221,-0.277197,-0.801815,0.529364,-0.870955,0.442357,0.213973,0.000126,0.000367,0.000444,0.406004,-0.267502,-0.108827,0.394174,-0.200528,-0.012868,0.279467,-0.401543,0.814227,0.419272,-0.445292,-0.573506,0.68756,0.800776,0.088363,0.592294,-0.0,-2e-06,-3e-06,0.0,-0.0,-0.0,-1.400218,0.02196,0.051421,-0.020358,0.313508,-0.794108,0.520676,0.409937,0.607776,0.680117,-0.856541,0.000223,0.516077,0.0,2e-06,2e-06,-0.010941,0.114713,-0.162072,-0.965335,0.043133,0.040798,-0.050875,0.384214,0.382559,-0.840254,0.193115,0.856677,0.47834,0.90282,-0.346051,0.255269,-0.000416,-0.005238,0.004487,1.349641,-0.857896,-0.356767,0.343054
656,0.082753,-0.026764,0.312211,-0.401803,-0.404238,-0.8217,-0.273382,-0.803446,0.528875,-0.873488,0.437641,0.213343,-0.01476,0.003579,0.002809,-0.000985,0.014714,-0.029554,0.398979,-0.200369,-0.012873,0.279468,-0.401387,0.81377,0.420307,-0.44486,-0.574235,0.687232,0.801095,0.087845,0.59194,0.0,3e-06,4e-06,0.0,-0.0,-0.0,-1.400252,0.02204,0.051419,-0.020357,0.313278,-0.793559,0.521651,0.40958,0.608492,0.679691,-0.856796,0.000726,0.515653,0.0,-1e-06,-4e-06,5e-05,6.2e-05,8.6e-05,-0.964682,0.042997,0.040719,-0.050757,0.38118,0.384125,-0.840921,0.188736,0.858106,0.477527,0.90503,-0.340735,0.254594,-0.007373,0.001813,0.001438,-0.00302,0.016952,-0.028612,0.339952
657,0.082607,-0.026747,0.312249,-0.399421,-0.406635,-0.821679,-0.268655,-0.805012,0.528916,-0.876045,0.432511,0.213321,6.7e-05,0.000194,0.000235,-0.0,-0.0,-0.0,0.407916,-0.200336,-0.012879,0.279458,-0.40128,0.81336,0.421203,-0.444494,-0.574883,0.686926,0.801351,0.087405,0.591658,-2.4e-05,-0.000214,-0.000272,0.0,-0.0,-0.0,-1.400288,0.022056,0.051416,-0.020362,0.313109,-0.79307,0.522496,0.409283,0.609128,0.6793,-0.857,0.001154,0.515314,-1.5e-05,-0.00014,-0.000179,3e-05,6.5e-05,6.4e-05,-0.964682,0.042924,0.040728,-0.050737,0.378607,0.386277,-0.841097,0.183915,0.859228,0.477391,0.9071,-0.335434,0.254267,2.7e-05,8.2e-05,0.000104,-0.001971,0.001808,0.000617,0.3473
658,0.082503,-0.02659,0.312215,-0.399123,-0.406536,-0.821873,-0.268466,-0.805263,0.52863,-0.87624,0.432135,0.213285,0.001069,0.011172,-0.008127,0.034539,-0.018191,0.015743,0.417386,-0.200293,-0.012887,0.279428,-0.403049,0.811853,0.422417,-0.4451,-0.577082,0.684687,0.800128,0.086924,0.593382,-6e-06,-5.4e-05,-6.8e-05,0.297345,-0.241324,-0.191018,-1.400744,0.022078,0.051411,-0.020378,0.313504,-0.792096,0.523735,0.409359,0.610393,0.678118,-0.85682,0.001803,0.515612,-2e-06,-1.6e-05,-2e-05,0.554046,-0.387785,-0.307867,-0.965172,0.042871,0.040803,-0.05075,0.378375,0.386113,-0.841277,0.183799,0.859412,0.477102,0.90722,-0.33515,0.254213,5.2e-05,0.000154,0.00019,-0.001525,0.000882,0.000471,0.364282
659,0.082473,-0.026535,0.312181,-0.399179,-0.406625,-0.821801,-0.268284,-0.805277,0.5287,-0.876269,0.432024,0.213386,-0.000232,-0.000672,-0.000813,-0.0,-0.0,-0.0,0.420036,-0.200212,-0.012894,0.279447,-0.402941,0.811502,0.423195,-0.444744,-0.577631,0.684455,0.80038,0.086561,0.593094,1.5e-05,0.00014,0.000177,6.3e-05,-5.2e-05,-4.1e-05,-1.399971,0.022118,0.051408,-0.020368,0.314708,-0.791119,0.524489,0.409929,0.611658,0.676633,-0.856105,0.002062,0.516796,8e-06,7.3e-05,9.2e-05,-0.003056,0.001687,0.001374,-0.964192,0.042857,0.040836,-0.050768,0.37843,0.386183,-0.84122,0.183647,0.859418,0.477152,0.907228,-0.335056,0.254308,-0.007666,0.000951,0.000392,-0.002014,0.015304,-0.029226,0.369671
660,0.082335,-0.026436,0.312156,-0.396931,-0.409185,-0.82162,-0.263219,-0.806811,0.528908,-0.878825,0.426711,0.21357,0.000379,0.001095,0.001324,0.000459,-0.014509,0.0249,0.425116,-0.200191,-0.012888,0.279421,-0.402838,0.811079,0.424101,-0.444412,-0.578295,0.68411,0.800616,0.086091,0.592844,-3.6e-05,-0.000332,-0.000421,0.0,-0.0,-0.0,-1.399961,0.022129,0.051412,-0.02038,0.31452,-0.790627,0.525344,0.409653,0.612292,0.676226,-0.856307,0.002522,0.51646,-2.3e-05,-0.000213,-0.000272,6e-06,0.000172,0.000108,-0.964519,0.042786,0.04088,-0.050787,0.375972,0.388543,-0.841236,0.178474,0.860481,0.477197,0.90928,-0.329552,0.254172,2e-06,-1e-06,2e-06,-0.00036,0.001262,9e-05,0.377182
661,0.082358,-0.026348,0.312117,-0.39084,-0.415423,-0.821409,-0.259685,-0.806373,0.531317,-0.882603,0.42148,0.208311,0.000448,0.001294,0.001564,-0.274081,-0.469372,-0.268163,0.423698,-0.200191,-0.012911,0.279425,-0.402771,0.810807,0.424687,-0.444128,-0.578716,0.683938,0.800807,0.085836,0.592623,-9e-06,-8.5e-05,-0.000109,0.0,-0.0,-0.0,-1.400234,0.022129,0.0514,-0.020379,0.314411,-0.790302,0.525896,0.409412,0.612709,0.675994,-0.856462,0.002768,0.516202,-5e-06,-4.1e-05,-5.3e-05,6.8e-05,8.9e-05,0.000107,-0.964845,0.042798,0.040924,-0.050806,0.371006,0.392508,-0.8416,0.174313,0.860735,0.478277,0.912123,-0.324146,0.250919,0.008287,0.004874,-0.004159,0.045042,-0.020934,0.051634,0.377999
662,0.082639,-0.026041,0.311912,-0.382369,-0.423319,-0.821365,-0.256443,-0.805376,0.534395,-0.887257,0.415492,0.20042,0.015158,-0.002377,-0.001353,-0.115614,-0.214836,-0.085067,0.416667,-0.200164,-0.012956,0.279483,-0.408794,0.805712,0.428611,-0.440244,-0.585374,0.680777,0.799907,0.088592,0.593433,7.9e-05,0.000719,0.000914,0.080688,-0.066044,-0.05221,-1.400523,0.022142,0.051376,-0.020352,0.320258,-0.785195,0.530002,0.406334,0.619247,0.671881,-0.855761,0.000183,0.517371,5.2e-05,0.000477,0.000606,0.095886,-0.081395,-0.060037,-0.965335,0.042934,0.041082,-0.050904,0.360204,0.401288,-0.842151,0.171848,0.858757,0.482703,0.916907,-0.318594,0.240368,0.000576,0.005698,-0.003934,-0.111733,-0.266079,-0.126574,0.374733
663,0.082594,-0.025645,0.311525,-0.372232,-0.433388,-0.82077,-0.253446,-0.803246,0.539011,-0.892424,0.409193,0.19018,0.000342,0.009066,-0.010671,-0.169521,-0.3689,-0.185842,0.426385,-0.200083,-0.012958,0.279508,-0.413509,0.803185,0.428831,-0.436643,-0.588111,0.680736,0.799464,0.093235,0.59332,1.8e-05,0.000164,0.000208,1.7e-05,-1.4e-05,-1.1e-05,-1.400213,0.022183,0.051377,-0.020337,0.325157,-0.78287,0.530458,0.402791,0.622167,0.671317,-0.855588,-0.00462,0.517635,8e-06,8.6e-05,0.000108,-0.001755,0.001238,0.001113,-0.966641,0.042918,0.041278,-0.051092,0.350071,0.409547,-0.842449,0.168573,0.85713,0.486733,0.921429,-0.312406,0.231017,-0.00742,0.005658,-0.004735,-0.306029,-0.552528,-0.330529,0.376039
664,0.082516,-0.025483,0.311323,-0.370093,-0.435259,-0.820747,-0.253721,-0.802533,0.539944,-0.893237,0.408608,0.187603,0.000196,0.008643,-0.011184,-0.030161,-0.129511,-0.048346,0.43038,-0.20005,-0.012969,0.279492,-0.413488,0.803138,0.428938,-0.4366,-0.588184,0.680701,0.799498,0.093177,0.593283,-6.7e-05,-0.000614,-0.00078,0.0,-0.0,-0.0,-1.399971,0.022199,0.051372,-0.020343,0.325113,-0.782821,0.530558,0.40275,0.622229,0.671284,-0.855624,-0.004561,0.517576,-4.6e-05,-0.000419,-0.000535,-5.3e-05,0.00038,0.000329,-0.961416,0.042878,0.041361,-0.051198,0.346649,0.412293,-0.842525,0.169343,0.855951,0.488538,0.922581,-0.312027,0.226896,7.6e-05,0.004239,-0.005692,-0.013014,-0.105126,-0.034201,0.383224
665,0.082713,-0.025229,0.310822,-0.363326,-0.440393,-0.821032,-0.255264,-0.800477,0.542263,-0.89558,0.407142,0.179444,-0.000133,0.007693,-0.012337,-0.039069,-0.25102,0.110906,0.431169,-0.200052,-0.012972,0.279472,-0.418091,0.800092,0.430167,-0.432603,-0.591649,0.68025,0.799283,0.097309,0.592909,-0.015038,0.000141,0.0011,-0.002045,0.015205,-0.029245,-1.400236,0.022204,0.051369,-0.020356,0.329745,-0.779922,0.531967,0.39902,0.625815,0.670177,-0.855599,-0.008722,0.517564,-3e-06,-9e-06,-1.1e-05,-0.000115,0.000356,0.000444,-0.962069,0.042977,0.041485,-0.051444,0.339688,0.41673,-0.843176,0.170963,0.85419,0.491049,0.924869,-0.310956,0.218913,0.007325,0.002105,-0.007518,-0.050435,-0.16725,-0.065578,0.389919
666,0.082957,-0.025078,0.310285,-0.360497,-0.441863,-0.821489,-0.255292,-0.800339,0.542453,-0.896717,0.405818,0.176742,-0.000759,0.005884,-0.014541,0.033454,-0.004802,-0.009806,0.433108,-0.200183,-0.012998,0.279396,-0.417936,0.799315,0.431759,-0.431969,-0.592827,0.679627,0.799706,0.09653,0.592465,-0.015245,-0.001724,-0.001273,-0.002045,0.015205,-0.029245,-1.400361,0.022139,0.051359,-0.02039,0.329472,-0.779012,0.533467,0.398522,0.626958,0.669405,-0.855936,-0.007952,0.517018,-0.000125,-0.001145,-0.001454,-0.001478,0.016797,-0.023358,-0.962396,0.043099,0.041562,-0.05171,0.336656,0.417788,-0.843868,0.170979,0.854161,0.491095,0.925974,-0.309613,0.216125,0.006666,-0.003849,-0.003912,0.009115,-0.002311,0.036783,0.392858
667,0.08306,-0.025166,0.31011,-0.356573,-0.445506,-0.821234,-0.256803,-0.798419,0.544566,-0.897858,0.405623,0.171314,-0.001834,-0.005325,-0.006472,-0.273216,-0.458848,-0.299297,0.431607,-0.200253,-0.013025,0.279367,-0.417878,0.799006,0.432386,-0.431693,-0.59329,0.679398,0.799886,0.096243,0.592269,-0.000126,-0.001141,-0.001451,0.0,-0.0,-0.0,-1.400333,0.022097,0.051343,-0.020408,0.329368,-0.778636,0.53408,0.398289,0.627428,0.669103,-0.856085,-0.007663,0.516777,-7.6e-05,-0.000695,-0.00088,0.000105,0.000155,0.000111,-0.962396,0.043151,0.041522,-0.051802,0.334191,0.419323,-0.844087,0.171889,0.853442,0.492025,0.926697,-0.30952,0.213136,0.006618,-0.003993,-0.004092,0.009631,-0.005378,0.035174,0.392695
668,0.083483,-0.025418,0.309803,-0.34904,-0.450473,-0.821761,-0.254065,-0.798579,0.545614,-0.901596,0.399779,0.165314,0.0147,0.004379,-0.014868,0.022581,-0.055525,0.032175,0.430849,-0.200435,-0.013042,0.279373,-0.419732,0.797581,0.433221,-0.432325,-0.595247,0.677281,0.798574,0.095983,0.594079,-0.015039,0.000181,0.001143,0.092362,-0.062921,-0.090928,-1.400463,0.022012,0.051333,-0.020407,0.330997,-0.777342,0.534957,0.399259,0.629036,0.667012,-0.855004,-0.007193,0.51857,-0.007731,0.005965,-0.003075,0.190118,-0.121211,-0.109678,-0.961906,0.04335,0.041391,-0.051954,0.324268,0.42555,-0.844841,0.169986,0.852349,0.494576,0.930566,-0.303987,0.204052,0.006845,-0.003349,-0.003323,0.013498,-0.00271,0.036869,0.389756
669,0.083913,-0.025596,0.30944,-0.346042,-0.451538,-0.822444,-0.255032,-0.798324,0.545536,-0.902482,0.399085,0.162125,0.013049,-0.00857,-0.008936,0.000433,-0.000333,0.004582,0.445001,-0.200733,-0.013059,0.279336,-0.419652,0.796897,0.434557,-0.431761,-0.596263,0.676748,0.798922,0.095373,0.59371,-0.000178,-0.001594,-0.002029,2.4e-05,-2e-05,-1.6e-05,-1.400195,0.021858,0.051327,-0.020421,0.331063,-0.776429,0.53624,0.398781,0.630167,0.666229,-0.855202,-0.006721,0.51825,-9.6e-05,-0.000864,-0.001094,-0.001876,0.001212,0.000956,-0.961906,0.043572,0.041309,-0.052135,0.32147,0.425981,-0.845692,0.170794,0.852367,0.494266,0.931389,-0.303331,0.201255,-0.000462,0.002684,-0.00761,0.03825,0.003398,-0.005039,0.401349
670,0.084438,-0.02557,0.308778,-0.333193,-0.460808,-0.822608,-0.241634,-0.801591,0.546843,-0.910975,0.381544,0.156766,0.01373,0.001513,-0.01842,0.380027,-0.403325,-0.123319,0.440039,-0.201011,-0.013126,0.279268,-0.419598,0.796359,0.435593,-0.431287,-0.597052,0.676354,0.799206,0.09493,0.593398,-0.015151,-0.000768,-7.7e-05,-0.002045,0.015205,-0.029245,-1.400097,0.021724,0.051292,-0.020459,0.330924,-0.775825,0.5372,0.398392,0.630916,0.665753,-0.855437,-0.006298,0.517868,-6.2e-05,-0.000558,-0.000705,6.5e-05,0.000148,0.000147,-0.957824,0.043829,0.041313,-0.052453,0.308743,0.433542,-0.846592,0.158719,0.854113,0.495276,0.937808,-0.287283,0.19489,0.00679,0.00074,-0.009294,4.486828,-3.211378,-0.947903,0.408697
671,0.084789,-0.025441,0.308366,-0.324448,-0.468269,-0.821889,-0.238466,-0.800336,0.550061,-0.914966,0.375038,0.149028,0.014135,0.002705,-0.016977,-0.114782,-0.297695,-0.109218,0.431561,-0.201113,-0.013139,0.279274,-0.419579,0.796171,0.435955,-0.4311,-0.597325,0.676232,0.799317,0.094792,0.593271,-0.01505,0.000139,0.001076,-0.002045,0.015205,-0.029245,-1.400341,0.021673,0.051284,-0.020458,0.330879,-0.775608,0.537541,0.398236,0.631185,0.665592,-0.855527,-0.006162,0.51772,4e-06,2.6e-05,3.7e-05,6.9e-05,0.000138,7.8e-05,-0.958803,0.044014,0.041379,-0.052679,0.298271,0.440856,-0.846569,0.154206,0.853032,0.498553,0.941941,-0.27925,0.186452,0.00707,0.001318,-0.00854,-0.105011,-0.283914,-0.101813,0.402166
672,0.085327,-0.024915,0.307445,-0.308758,-0.483216,-0.819278,-0.242611,-0.792861,0.559002,-0.919313,0.371959,0.128593,0.015735,0.015595,-0.023008,-0.133332,-0.410347,-0.149977,0.42344,-0.201319,-0.013149,0.279257,-0.424185,0.793038,0.437206,-0.42701,-0.6008,0.675748,0.799087,0.098954,0.592901,-0.015117,-0.000443,0.00033,-0.002045,0.015205,-0.029245,-1.400425,0.02157,0.051281,-0.020463,0.33552,-0.772605,0.538987,0.394407,0.634802,0.664431,-0.855493,-0.01035,0.517709,-4.5e-05,-0.000395,-0.000499,7e-06,0.000197,0.000192,-0.959457,0.044276,0.041634,-0.053135,0.281515,0.454289,-0.845203,0.158794,0.846626,0.507944,0.946325,-0.277207,0.1662,0.000292,0.008955,-0.010844,-0.186349,-0.467196,-0.255378,0.38502
673,0.08546,-0.024076,0.306616,-0.301773,-0.488559,-0.818712,-0.242601,-0.791128,0.561456,-0.92164,0.368656,0.12124,0.001514,0.020753,-0.018181,0.016903,-0.128881,-0.023283,0.428991,-0.201377,-0.013118,0.279232,-0.424129,0.792735,0.437808,-0.426824,-0.601255,0.675461,0.799215,0.09862,0.592783,1.7e-05,0.00015,0.000192,0.0,-0.0,-0.0,-1.40052,0.021535,0.051295,-0.020477,0.335417,-0.772239,0.539574,0.39427,0.635252,0.664082,-0.855596,-0.010006,0.517545,1.4e-05,0.000121,0.000157,6.6e-05,0.000105,8.1e-05,-0.959293,0.044348,0.042059,-0.053559,0.273737,0.459219,-0.845094,0.158855,0.845001,0.510624,0.948594,-0.274024,0.158359,0.000807,0.010485,-0.008962,0.037709,-0.098157,-0.004614,0.386326
674,0.085399,-0.023707,0.30634,-0.299461,-0.490416,-0.81845,-0.242431,-0.790553,0.562338,-0.922441,0.367423,0.118871,0.001695,0.021279,-0.017531,0.056489,-0.058834,0.018126,0.428803,-0.201366,-0.013096,0.279227,-0.424087,0.792575,0.438138,-0.426723,-0.601497,0.67531,0.799292,0.098431,0.592711,5e-06,4.4e-05,5.6e-05,0.0,-0.0,-0.0,-1.400281,0.021541,0.051307,-0.020478,0.335352,-0.772051,0.539885,0.394198,0.635484,0.663903,-0.855655,-0.00982,0.517452,3e-06,2.8e-05,3.5e-05,7.5e-05,6.7e-05,8.6e-05,-0.958477,0.044318,0.042237,-0.053689,0.271242,0.460928,-0.844968,0.158771,0.844427,0.511599,0.949325,-0.272923,0.155862,-0.007135,0.006508,-0.003681,0.04673,0.011422,-0.004356,0.387633
675,0.085227,-0.023259,0.306002,-0.293232,-0.495933,-0.81738,-0.243728,-0.787936,0.565441,-0.924105,0.365637,0.111197,-0.000236,-0.000695,-0.000855,-0.071541,-0.126929,-0.075582,0.426528,-0.201358,-0.012962,0.279162,-0.422092,0.793214,0.43891,-0.425666,-0.600763,0.676628,0.800908,0.097774,0.590634,0.000141,0.001241,0.001581,-0.003635,0.003047,0.002404,-1.40064,0.021545,0.051366,-0.020512,0.333121,-0.772575,0.540515,0.392825,0.634854,0.665318,-0.857157,-0.009304,0.514969,0.000103,0.0009,0.001146,0.017556,-0.023041,0.018387,-0.960273,0.044238,0.042466,-0.053859,0.264898,0.465532,-0.844456,0.160085,0.842357,0.514592,0.950894,-0.271499,0.148614,-0.000155,-0.000481,-0.000589,-0.110887,-0.191847,-0.114643,0.388286
676,0.085044,-0.023286,0.305903,-0.292705,-0.495614,-0.817762,-0.24383,-0.788261,0.564945,-0.924247,0.36537,0.110905,-0.001743,-0.013262,0.005536,-0.03452,0.018326,-0.015647,0.41957,-0.201219,-0.012717,0.27915,-0.422118,0.793361,0.438619,-0.426197,-0.600598,0.676441,0.800612,0.097602,0.591065,0.015344,0.002551,0.002349,0.003625,-0.031829,0.052731,-1.400592,0.021608,0.051493,-0.020522,0.333304,-0.772757,0.540143,0.393563,0.634636,0.665089,-0.856747,-0.009096,0.515656,0.007658,0.001138,0.001,0.002451,-0.015525,0.02902,-0.961253,0.044149,0.042464,-0.05391,0.264296,0.465172,-0.844844,0.160108,0.842675,0.514065,0.951058,-0.271131,0.148237,-0.000315,-0.000936,-0.001149,0.001021,0.002975,0.001662,0.379632
677,0.084754,-0.02359,0.306111,-0.295118,-0.493949,-0.817903,-0.24377,-0.788776,0.564252,-0.923492,0.366512,0.113395,-0.016073,-0.008474,0.009897,0.024277,0.139155,0.017849,0.428652,-0.200998,-0.012594,0.279209,-0.420102,0.794214,0.439008,-0.425135,-0.599531,0.678053,0.802233,0.097215,0.588926,0.000181,0.001613,0.00205,-0.211363,0.177072,0.139895,-1.401065,0.021725,0.051558,-0.020487,0.33201,-0.77307,0.540491,0.392683,0.634257,0.66597,-0.857652,-0.008867,0.514151,0.0001,0.000887,0.001124,-0.376659,0.370105,0.076552,-0.960436,0.044002,0.042307,-0.053813,0.266857,0.463743,-0.844824,0.159985,0.843134,0.51335,0.950363,-0.27215,0.150805,-0.000516,-0.005573,0.004074,0.042771,0.155126,0.065676,0.377835
678,0.084563,-0.023653,0.306196,-0.297133,-0.492163,-0.81825,-0.243179,-0.789691,0.563227,-0.922999,0.366943,0.115983,-0.015023,0.002744,0.001841,0.11461,0.219781,0.092207,0.440917,-0.200896,-0.012572,0.279197,-0.420039,0.794087,0.439298,-0.425061,-0.59973,0.677923,0.802305,0.097028,0.588859,-0.000414,0.011778,-0.007264,0.033154,-0.011314,0.018313,-1.40061,0.021777,0.051567,-0.020486,0.330994,-0.773313,0.540767,0.39207,0.633965,0.666609,-0.858325,-0.008625,0.513032,0.007511,-0.000124,-0.000612,0.017077,-0.021767,0.023968,-0.960926,0.043907,0.042271,-0.053767,0.26866,0.462487,-0.844941,0.159541,0.843711,0.512541,0.94993,-0.272502,0.152886,-0.007496,0.001426,0.000991,0.181086,0.32351,0.15489,0.387796
679,0.084246,-0.023685,0.306257,-0.295169,-0.486958,-0.822066,-0.245112,-0.793013,0.557693,-0.923121,0.366714,0.115741,-0.015287,0.001983,0.000896,-0.000423,0.015711,-0.028962,0.446048,-0.200767,-0.012422,0.27908,-0.420022,0.794078,0.439331,-0.425432,-0.599793,0.677635,0.802117,0.096718,0.589166,-0.000433,0.011621,-0.007463,0.036243,-0.013902,0.016266,-1.400892,0.021841,0.051641,-0.020547,0.33108,-0.773253,0.540799,0.392593,0.634042,0.666228,-0.858053,-0.008261,0.513493,-0.000219,0.005778,-0.003776,0.03652,-0.014236,0.015985,-0.961253,0.043749,0.042258,-0.053733,0.26778,0.456373,-0.848538,0.161133,0.847085,0.506441,0.94991,-0.272343,0.153295,-0.000173,-0.000502,-0.000614,-0.007931,-0.00952,-0.010821,0.405268
680,0.084254,-0.023682,0.306131,-0.288954,-0.481941,-0.827215,-0.248253,-0.796796,0.550871,-0.924254,0.36513,0.111628,-0.000711,-0.002079,-0.002565,0.002371,-0.102614,0.170365,0.446777,-0.200678,-0.012104,0.278861,-0.416187,0.796023,0.439462,-0.424097,-0.597344,0.680628,0.804815,0.095894,0.585611,0.014564,0.011256,-0.008832,-0.178922,0.15275,0.189627,-1.400818,0.02188,0.0518,-0.020657,0.327822,-0.774687,0.540733,0.391106,0.632297,0.668757,-0.859981,-0.007749,0.510265,-1.5e-05,-0.000169,-0.000216,-0.350958,0.265612,0.210883,-0.960926,0.043748,0.042263,-0.053792,0.262157,0.450672,-0.853327,0.16409,0.850559,0.499622,0.950971,-0.271002,0.149029,-0.000291,-0.000848,-0.001047,0.002523,-0.101526,0.167776,0.40935
681,0.084306,-0.023716,0.306031,-0.287608,-0.480989,-0.828237,-0.248611,-0.79764,0.549487,-0.924579,0.36454,0.110864,-0.001098,-0.00321,-0.003962,-0.000343,0.014871,-0.024684,0.449133,-0.200699,-0.011961,0.27871,-0.414268,0.796917,0.439656,-0.42339,-0.596231,0.682044,0.806175,0.095401,0.583818,-0.000232,-0.002086,-0.002653,-0.062325,0.067529,0.01689,-1.400678,0.021875,0.051879,-0.020731,0.324981,-0.77588,0.540737,0.389665,0.630837,0.670973,-0.861712,-0.007347,0.507343,-0.00028,0.005207,-0.004498,-0.009712,0.143201,-0.112527,-0.960273,0.043774,0.042246,-0.053843,0.260856,0.449477,-0.854356,0.164422,0.85138,0.498113,0.951272,-0.27041,0.148183,-0.000563,-0.001649,-0.002036,-0.000322,0.015027,-0.02498,0.410983
682,0.08431,-0.023863,0.305904,-0.286258,-0.479988,-0.829285,-0.249149,-0.798442,0.548076,-0.924855,0.364099,0.110008,-0.000722,-0.002111,-0.002609,0.0,0.0,0.0,0.444876,-0.200703,-0.011734,0.278463,-0.41243,0.798063,0.439304,-0.42316,-0.594763,0.683466,0.807235,0.094983,0.58242,-0.00052,0.010857,-0.00843,0.036127,-0.013844,0.016314,-1.400553,0.021872,0.051983,-0.020857,0.323231,-0.77689,0.540336,0.389501,0.629599,0.67223,-0.862444,-0.006824,0.506105,-5.1e-05,-0.000498,-0.000634,0.005874,-0.003655,-0.002946,-0.95766,0.043776,0.04217,-0.053909,0.259625,0.448293,-0.855352,0.164915,0.852132,0.496662,0.951523,-0.270006,0.147305,-0.000487,-0.001433,-0.00177,-0.000327,0.014904,-0.024697,0.41278
