frame,MLTx,MLTy,MLTz,MLTR1,MLTR2,MLTR3,MLTR4,MLTR5,MLTR6,MLTR7,MLTR8,MLTR9,MLTTVx,MLTTVy,MLTTVz,MLTRVx,MLTRVy,MLTRVz,MLGA,MRTx,MRTy,MRTz,MRTR1,MRTR2,MRTR3,MRTR4,MRTR5,MRTR6,MRTR7,MRTR8,MRTR9,MRTTVx,MRTTVy,MRTTVz,MRTRVx,MRTRVy,MRTRVz,MRGA,SLTx,SLTy,SLTz,SLTR1,SLTR2,SLTR3,SLTR4,SLTR5,SLTR6,SLTR7,SLTR8,SLTR9,SLTTVx,SLTTVy,SLTTVz,SLTRVx,SLTRVy,SLTRVz,SLGA,SRTx,SRTy,SRTz,SRTR1,SRTR2,SRTR3,SRTR4,SRTR5,SRTR6,SRTR7,SRTR8,SRTR9,SRTTVx,SRTTVy,SRTTVz,SRTRVx,SRTRVy,SRTRVz,SRGA
1062,0.072482,0.023497,0.392846,-0.384032,-0.564648,-0.730573,-0.633753,-0.414258,0.653238,-0.671024,0.71457,-0.197846,-0.00038,-0.001053,-0.000642,0.0,0.0,0.0,-1.019413,-0.193903,0.05861,0.335537,0.207654,0.403068,0.891295,-0.967196,-0.051296,0.248663,0.145699,-0.914174,0.378049,-0.00068,0.007744,-0.009866,0.010176,0.154204,-0.141419,0.160115,0.022749,0.051921,-0.009143,-0.197309,-0.3711,0.907387,0.979137,-0.028761,0.201148,-0.048548,0.928146,0.369033,-8.8e-05,-0.001628,-0.00108,0.000832,0.009728,0.001467,-0.033762,0.050901,0.035283,-0.044368,-0.407099,-0.479997,-0.777092,-0.603604,-0.497154,0.623297,-0.685516,0.722799,-0.087337,-0.000242,-0.000675,-0.000411,3.6e-05,1e-06,-8e-06,-0.748543
1063,0.072487,0.023503,0.392804,-0.38052,-0.566926,-0.730647,-0.631272,-0.41816,0.653154,-0.675351,0.71048,-0.197853,-0.000435,-0.001206,-0.000735,1.211381,-1.082901,0.328031,-1.034121,-0.193931,0.058605,0.335411,0.207414,0.402895,0.891429,-0.967293,-0.051159,0.248316,0.1454,-0.914258,0.377961,-0.000788,0.005912,-0.011081,0.034469,0.003444,-0.006706,0.173645,0.022736,0.05192,-0.009205,-0.196709,-0.371084,0.907524,0.979278,-0.028899,0.200445,-0.048155,0.928148,0.36908,-0.000159,-0.002796,-0.001852,0.003339,-0.008099,-0.007092,0.010326,0.050903,0.035286,-0.044389,-0.40458,-0.481557,-0.777442,-0.601841,-0.499875,0.622825,-0.68855,0.71988,-0.087581,0.000248,0.003872,-0.005136,4.065055,-3.662319,1.094803,-0.751319
1064,0.072504,0.02353,0.392739,-0.380286,-0.566954,-0.730747,-0.631224,-0.418405,0.653043,-0.675528,0.710313,-0.197848,-2.2e-05,-6e-05,-3.7e-05,0.0,0.0,0.0,-1.051886,-0.193926,0.058478,0.335123,0.216451,0.397141,0.891862,-0.967631,-0.033699,0.249974,0.12907,-0.917575,0.375847,-0.000924,0.003609,-0.012617,0.03476,0.003619,-0.006505,0.184072,0.022738,0.05186,-0.009347,-0.205195,-0.364557,0.90829,0.978206,-0.046313,0.202401,-0.031721,0.930028,0.366115,-0.000222,-0.003894,-0.002589,0.005494,0.008028,-0.028162,0.041188,0.050906,0.035298,-0.044422,-0.403355,-0.482225,-0.777664,-0.601027,-0.501212,0.622536,-0.689978,0.718501,-0.087664,-0.0,-1e-06,-2e-06,-7.3e-05,0.000138,-4.5e-05,-0.75834
1065,0.072565,0.023562,0.392688,-0.378001,-0.56629,-0.732445,-0.633024,-0.419244,0.650758,-0.675128,0.710347,-0.199085,-0.000166,-0.000459,-0.00028,-0.0,-0.0,0.0,-1.059885,-0.19383,0.0584,0.334826,0.242643,0.382754,0.891412,-0.967604,0.030254,0.250521,0.068627,-0.923777,0.37655,0.011778,-0.005683,-0.004615,1.480319,0.400248,0.653698,0.292593,0.02278,0.051814,-0.009505,-0.2293,-0.348471,0.908839,0.972967,-0.108424,0.203907,0.027484,0.931027,0.363913,-0.000498,0.00258,-0.005644,4.960981,1.39721,2.071068,0.124793,0.050942,0.035315,-0.044447,-0.401123,-0.481326,-0.779374,-0.602921,-0.501812,0.620217,-0.689626,0.718685,-0.088913,-0.000127,-0.00035,-0.000214,0.000129,0.000212,-0.000554,-0.763076
1066,0.072522,0.023565,0.392667,-0.379026,-0.564115,-0.733593,-0.632516,-0.420752,0.650279,-0.675029,0.711183,-0.196419,0.000983,0.009787,-0.00954,0.050333,0.011592,0.029741,-1.086328,-0.193649,0.058348,0.334563,0.254793,0.379177,0.889548,-0.965764,0.054592,0.253482,0.047246,-0.924131,0.378963,-0.00037,-0.006348,-0.004236,0.007191,0.006217,-0.001114,0.372331,0.022876,0.051792,-0.009634,-0.241882,-0.343475,0.907478,0.96899,-0.134185,0.207489,0.050503,0.929526,0.365281,-0.000154,-0.002815,-0.001892,0.026384,-0.020932,0.049576,0.259671,0.050919,0.035312,-0.044455,-0.40232,-0.478801,-0.780312,-0.602349,-0.503425,0.619466,-0.68943,0.719244,-0.085867,-9.5e-05,-0.000268,-0.000165,0.010839,-0.068731,0.185492,-0.766995
1067,0.072496,0.023556,0.39265,-0.379108,-0.564128,-0.733541,-0.632467,-0.420717,0.65035,-0.675029,0.711195,-0.196378,-0.000335,-0.000927,-0.000566,0.006642,-0.086748,0.178854,-1.094389,-0.193704,0.058237,0.334447,0.264545,0.369987,0.890572,-0.963794,0.071244,0.256826,0.031255,-0.926709,0.374294,-0.012596,-0.008119,-0.004592,-0.162515,0.423237,0.247188,0.390404,0.022853,0.051743,-0.009688,-0.249402,-0.335536,0.908412,0.9661,-0.150809,0.209536,0.06669,0.929877,0.361774,-0.000217,-0.003877,-0.0026,0.007602,0.006286,-0.030405,0.299024,0.050908,0.035313,-0.044466,-0.402457,-0.479011,-0.780112,-0.6023,-0.503195,0.6197,-0.689392,0.719265,-0.085994,-0.000249,-0.000694,-0.000425,-0.005187,-0.007038,-0.003801,-0.766832
1068,0.072469,0.023547,0.392621,-0.379191,-0.564147,-0.733483,-0.632397,-0.420695,0.650432,-0.675047,0.711193,-0.196325,-0.000117,-0.000324,-0.000198,0.0,0.0,0.0,-1.127286,-0.193743,0.058019,0.33419,0.282277,0.353826,0.891694,-0.959245,0.110622,0.259895,-0.007024,-0.929136,0.369487,-0.000448,-0.007643,-0.005121,-0.012857,0.047819,0.00061,0.432332,0.022829,0.051626,-0.009817,-0.26717,-0.315313,0.910602,0.957978,-0.189268,0.215532,0.104388,0.929921,0.35263,-0.000187,-0.003346,-0.002253,0.014385,0.016799,-0.019427,0.355196,0.050893,0.035306,-0.044481,-0.402386,-0.479087,-0.780102,-0.602297,-0.503196,0.619702,-0.689436,0.719213,-0.086074,-6e-05,-0.000168,-0.000104,-5.1e-05,-0.000179,-6.5e-05,-0.765198
1069,0.072418,0.023568,0.392588,-0.379287,-0.564179,-0.733408,-0.632285,-0.420694,0.650541,-0.675098,0.711167,-0.196242,0.000977,0.009766,-0.009552,0.034266,-0.018967,0.015423,-1.166391,-0.193667,0.058,0.333989,0.296903,0.337807,0.893155,-0.954424,0.132679,0.267217,-0.028593,-0.932187,0.360657,-0.000199,-0.003413,-0.00229,-0.173556,0.450112,0.309673,0.496809,0.022867,0.051612,-0.009925,-0.279129,-0.300094,0.912156,0.951967,-0.210998,0.221894,0.125874,0.930281,0.344575,0.005792,0.004899,-0.004681,-0.132983,0.432871,0.40364,0.431779,0.050868,0.035314,-0.044494,-0.402494,-0.479128,-0.780022,-0.602193,-0.503183,0.619813,-0.689464,0.719195,-0.085999,-0.006255,0.001379,0.000866,-0.000951,0.014686,-0.029536,-0.765362
1070,0.072372,0.02358,0.392595,-0.379394,-0.564187,-0.733347,-0.632246,-0.420629,0.650621,-0.675074,0.7112,-0.196204,-2e-06,-6e-06,-4e-06,0.0,0.0,0.0,-1.188601,-0.193614,0.057979,0.33396,0.298314,0.335378,0.8936,-0.953988,0.132368,0.268923,-0.028453,-0.933105,0.358285,-6.6e-05,-0.001134,-0.000761,-0.052064,0.128177,0.098336,0.516839,0.022893,0.051599,-0.009942,-0.281246,-0.295805,0.912907,0.951395,-0.210349,0.224945,0.12549,0.9318,0.340587,-2.5e-05,-0.000511,-0.00035,-0.057616,0.140722,0.107959,0.469826,0.050845,0.035323,-0.044494,-0.402581,-0.479148,-0.779964,-0.602138,-0.503152,0.619892,-0.689461,0.719204,-0.085954,-0.006165,0.001633,0.001021,-0.000951,0.014696,-0.029551,-0.765199
1071,0.072325,0.023561,0.392584,-0.380471,-0.562,-0.734467,-0.631757,-0.422076,0.650158,-0.674924,0.712071,-0.193542,-0.000495,-0.001368,-0.000835,7.5e-05,0.000143,6.7e-05,-1.260403,-0.193688,0.057917,0.333957,0.302275,0.328029,0.894997,-0.952756,0.13115,0.273843,-0.027915,-0.935876,0.351025,-3e-06,-4.8e-05,-3.2e-05,-0.01695,0.041871,0.032113,0.530753,0.022856,0.051569,-0.009942,-0.284644,-0.287839,0.914398,0.950478,-0.208887,0.230121,0.124768,0.934619,0.333044,-0.006061,0.000131,0.000503,-0.003258,0.027575,-0.019222,0.506403,0.050822,0.035316,-0.044498,-0.403743,-0.476817,-0.780792,-0.601648,-0.504551,0.61923,-0.689209,0.719772,-0.083168,-0.000322,-0.000893,-0.000546,-0.002881,-0.004138,-0.002157,-0.763892
1072,0.072362,0.023504,0.392467,-0.382279,-0.557637,-0.73685,-0.630778,-0.425279,0.649021,-0.674817,0.71359,-0.18825,0.011248,-0.006269,-0.003878,0.019995,0.021376,0.04648,-1.34382,-0.193704,0.05792,0.333995,0.302265,0.328027,0.895001,-0.952761,0.131071,0.273861,-0.02784,-0.935888,0.351,5e-06,7.7e-05,5.2e-05,-4e-06,9e-06,7e-06,0.532644,0.022849,0.051574,-0.009921,-0.284363,-0.288333,0.914331,0.950564,-0.2089,0.229755,0.124758,0.934464,0.333482,3e-06,6.7e-05,4.5e-05,-0.000291,-0.002052,-0.001757,0.512608,0.050837,0.035292,-0.044554,-0.405772,-0.47199,-0.78267,-0.600604,-0.507782,0.6176,-0.688928,0.720681,-0.077436,-0.000485,-0.001345,-0.000823,0.006223,0.022684,0.008732,-0.765198
1073,0.072396,0.023409,0.392211,-0.378882,-0.555672,-0.740083,-0.62389,-0.43732,0.647676,-0.683084,0.707815,-0.180061,-0.002551,-0.007058,-0.004324,0.017244,0.04702,-0.009723,-1.430106,-0.193723,0.057898,0.333981,0.306504,0.324644,0.894792,-0.951024,0.142494,0.274195,-0.038857,-0.935394,0.35127,-4.5e-05,-0.000764,-0.000513,1e-06,0.0,0.0,0.53397,0.022839,0.051564,-0.009927,-0.288282,-0.284616,0.914268,0.947883,-0.220115,0.230358,0.13568,0.933028,0.333238,-2.4e-05,-0.000412,-0.00028,-0.000891,-0.000989,-0.000405,0.513914,0.050859,0.035244,-0.044682,-0.402584,-0.469446,-0.78584,-0.593614,-0.519611,0.614513,-0.696812,0.713879,-0.069483,-0.001331,-0.003689,-0.002264,-0.016332,0.001105,-0.035681,-0.766505
1074,0.072422,0.023308,0.392032,-0.379894,-0.553537,-0.741163,-0.62323,-0.438954,0.647207,-0.683124,0.708473,-0.177298,-0.002026,0.00146,-0.014646,0.045246,0.016237,0.000143,-1.464116,-0.193788,0.057884,0.333976,0.306556,0.324703,0.894753,-0.951008,0.142514,0.27424,-0.038838,-0.935371,0.351335,-4.9e-05,-0.000839,-0.000564,-0.0,0.0,0.0,0.533947,0.022807,0.051557,-0.00993,-0.288335,-0.284683,0.91423,0.947872,-0.220115,0.230404,0.135644,0.933008,0.33331,-3.1e-05,-0.000533,-0.000356,-0.000867,-0.000312,-0.000333,0.514404,0.050873,0.035194,-0.044766,-0.403636,-0.4673,-0.786579,-0.593009,-0.521065,0.613865,-0.696719,0.714227,-0.066792,-0.001607,-0.004458,-0.002739,-0.013272,0.002955,-0.032932,-0.776139
1075,0.072504,0.022989,0.391614,-0.380699,-0.551441,-0.742312,-0.622472,-0.440841,0.646654,-0.683366,0.708935,-0.174501,-0.002995,-0.001224,-0.016321,0.033554,-0.005909,-0.010263,-1.552632,-0.193998,0.057864,0.333977,0.306366,0.324698,0.894819,-0.951069,0.142436,0.274068,-0.038834,-0.935384,0.351299,-0.0122,-0.000999,0.000161,-0.002045,0.015205,-0.029245,0.533051,0.022706,0.051548,-0.009929,-0.288157,-0.284709,0.914278,0.947932,-0.220023,0.230247,0.135609,0.933021,0.333286,-4.2e-05,-0.000715,-0.000479,-0.000607,-0.000168,-0.000194,0.515057,0.050914,0.035034,-0.044975,-0.40441,-0.465367,-0.787327,-0.592347,-0.522632,0.613171,-0.696833,0.714344,-0.064302,-0.002188,-0.006073,-0.003744,-0.005937,0.005233,-0.029698,-0.790345
1076,0.072641,0.022815,0.390921,-0.384144,-0.54286,-0.746848,-0.619877,-0.447873,0.64431,-0.683792,0.711137,-0.163525,-0.003491,-0.002606,-0.017205,0.132475,0.181501,0.078265,-1.613766,-0.194206,0.057887,0.334008,0.308079,0.322866,0.894894,-0.950275,0.147982,0.273883,-0.044372,-0.935155,0.351253,5.2e-05,0.00086,0.000578,0.0,0.0,0.0,0.532743,0.022597,0.051556,-0.009916,-0.289674,-0.282728,0.914414,0.946668,-0.225469,0.230178,0.141094,0.932324,0.332962,3.5e-05,0.000576,0.00039,-0.000444,-0.000568,-0.000196,0.515384,0.050982,0.034945,-0.045323,-0.408109,-0.456289,-0.790725,-0.58968,-0.529463,0.609873,-0.696939,0.715169,-0.052986,0.004294,-0.003373,-0.009898,0.146671,0.195923,0.120969,-0.789039
1077,0.072744,0.022688,0.390502,-0.386151,-0.538606,-0.74889,-0.618402,-0.451273,0.643354,-0.683995,0.712217,-0.157879,0.008019,-0.008295,-0.020778,0.094435,0.092752,0.072962,-1.643527,-0.194307,0.057888,0.334015,0.311646,0.319117,0.895005,-0.948533,0.159132,0.273673,-0.055466,-0.934607,0.351136,-0.012132,0.000128,0.000917,-0.002015,0.015214,-0.029234,0.532943,0.022552,0.051559,-0.009911,-0.292918,-0.278677,0.914623,0.943961,-0.236456,0.230267,0.152098,0.93082,0.332323,1e-06,-0.0,-1e-06,-0.000344,-0.001344,-0.000259,0.515711,0.05103,0.034886,-0.045529,-0.410423,-0.451487,-0.792282,-0.588147,-0.532904,0.608354,-0.696875,0.715661,-0.046825,0.003767,-0.004847,-0.010824,0.069303,0.078329,0.031359,-0.785773
1078,0.072942,0.022454,0.389583,-0.38591,-0.534636,-0.751853,-0.613076,-0.460391,0.641989,-0.688904,0.709358,-0.149163,0.00913,0.001814,-0.030154,0.088897,-0.001601,0.052788,-1.678048,-0.194525,0.057874,0.334033,0.311339,0.319055,0.895134,-0.948634,0.158986,0.273407,-0.055457,-0.934653,0.351015,-0.0,-1e-06,-1e-06,-0.0,0.0,0.0,0.530216,0.022442,0.051551,-0.009902,-0.292595,-0.278658,0.914733,0.944068,-0.2363,0.229993,0.152062,0.930866,0.332212,-0.0,3e-06,4e-06,-0.000496,-0.000167,-0.000182,0.517017,0.051126,0.03476,-0.045989,-0.410357,-0.447242,-0.79472,-0.582854,-0.541606,0.605757,-0.701346,0.711783,-0.038426,0.003811,-0.004762,-0.010806,0.024164,-0.009241,-0.009795,-0.783814
1079,0.07317,0.022246,0.388677,-0.382159,-0.532075,-0.755577,-0.610085,-0.46888,0.638686,-0.693635,0.705707,-0.14448,0.008896,0.001111,-0.030643,0.076326,-0.010891,0.016512,-1.697872,-0.194814,0.057914,0.334079,0.310739,0.318871,0.895408,-0.948828,0.158749,0.272872,-0.055509,-0.934756,0.350733,-0.012084,0.000889,0.001425,-0.002045,0.015205,-0.029245,0.519799,0.022298,0.051571,-0.00988,-0.291964,-0.278529,0.914974,0.944259,-0.236071,0.229445,0.152093,0.930962,0.331928,-0.006037,0.000538,0.00078,-0.002394,0.015127,-0.029365,0.516527,0.051241,0.034657,-0.046441,-0.406705,-0.44435,-0.798212,-0.579963,-0.549506,0.601402,-0.705856,0.707528,-0.03422,0.004001,-0.004274,-0.01053,0.020714,-0.021503,-0.015413,-0.785447
1080,0.07333,0.022178,0.388199,-0.383571,-0.527771,-0.757877,-0.608665,-0.472742,0.637192,-0.694101,0.706358,-0.138959,0.00807,-0.008316,-0.020927,0.134935,0.183684,0.085294,-1.707437,-0.194967,0.057945,0.334111,0.310443,0.318786,0.89554,-0.948923,0.158632,0.272608,-0.055532,-0.934805,0.350599,-0.012038,0.001596,0.001898,-0.002045,0.015205,-0.029245,0.514607,0.022221,0.051585,-0.009865,-0.291653,-0.278469,0.915091,0.944351,-0.235961,0.229174,0.152108,0.931008,0.331792,5.7e-05,0.000931,0.00063,-0.000283,-6.8e-05,-0.000113,0.512118,0.051324,0.034622,-0.046692,-0.408075,-0.440166,-0.799829,-0.578554,-0.55303,0.599526,-0.706221,0.707397,-0.028982,0.004064,-0.004114,-0.01044,0.142499,0.195242,0.091246,-0.792632
1081,0.07374,0.02195,0.387301,-0.384779,-0.523606,-0.76015,-0.606794,-0.477106,0.635723,-0.695068,0.706518,-0.13319,0.008117,-0.008262,-0.020944,0.131518,0.177402,0.082709,-1.750582,-0.19521,0.05795,0.334165,0.311896,0.316828,0.89573,-0.948111,0.164006,0.272253,-0.061024,-0.93454,0.35039,5.1e-05,0.000803,0.000538,2.9e-05,9e-06,1.1e-05,0.508578,0.022095,0.051589,-0.009836,-0.292899,-0.276376,0.915328,0.943073,-0.241247,0.228935,0.157548,0.930277,0.331304,-0.006034,0.000564,0.000792,-0.002074,0.014289,-0.029363,0.503464,0.051529,0.034509,-0.04714,-0.409382,-0.435868,-0.801514,-0.576727,-0.557095,0.59752,-0.70696,0.706869,-0.023312,0.004078,-0.004115,-0.01047,0.1457,0.197934,0.093589,-0.790999
1082,0.074098,0.021751,0.386538,-0.386951,-0.517092,-0.763499,-0.604696,-0.482825,0.633399,-0.695688,0.707422,-0.1249,0.009395,-0.004741,-0.018742,0.295179,0.473079,0.258066,-1.77509,-0.195365,0.057911,0.334184,0.313569,0.31494,0.895812,-0.947193,0.169466,0.272103,-0.066491,-0.934202,0.350298,-1.6e-05,-0.000254,-0.00017,0.0,0.0,0.0,0.510842,0.022018,0.05157,-0.009826,-0.294396,-0.274356,0.915455,0.941687,-0.246613,0.228923,0.162956,0.929467,0.33096,-1.1e-05,-0.000172,-0.000114,-0.000332,-0.000248,-0.000137,0.499381,0.051703,0.034408,-0.047518,-0.410949,-0.430928,-0.803381,-0.575045,-0.561282,0.595217,-0.70742,0.706585,-0.017145,0.004691,-0.002427,-0.009414,0.015369,-0.030237,-0.019068,-0.791489
1083,0.074519,0.021567,0.385948,-0.388338,-0.518829,-0.761613,-0.597352,-0.487616,0.636689,-0.701232,0.702847,-0.119612,0.010862,-0.000661,-0.016155,0.077016,0.059969,0.058205,-1.851902,-0.195428,0.05791,0.334199,0.313662,0.315017,0.895752,-0.947166,0.169475,0.272192,-0.06644,-0.934174,0.350381,9.4e-05,0.001459,0.000979,0.001556,-0.017093,0.023148,0.514567,0.021986,0.051566,-0.009821,-0.294477,-0.274423,0.915409,0.941672,-0.246601,0.228998,0.162898,0.92945,0.331035,-0.0,0.0,2e-06,-0.000244,-6.7e-05,-0.000116,0.503464,0.051912,0.034311,-0.047815,-0.413222,-0.43079,-0.802288,-0.56708,-0.567611,0.596856,-0.712508,0.701596,-0.009743,0.005539,-5.3e-05,-0.007907,0.076085,0.048887,0.091997,-0.792142
1084,0.07469,0.02152,0.385682,-0.385848,-0.518935,-0.762806,-0.593766,-0.493163,0.635771,-0.705638,0.698884,-0.116886,-0.001157,0.003852,-0.013302,0.21798,0.329733,0.184832,-1.907325,-0.195454,0.057875,0.334222,0.315528,0.313164,0.895747,-0.946151,0.174984,0.272235,-0.071868,-0.933779,0.350363,2e-06,2.5e-05,1.7e-05,0.445533,0.135406,0.174266,0.514667,0.021974,0.051552,-0.009807,-0.296039,-0.272594,0.915452,0.940324,-0.251518,0.229188,0.167777,0.928671,0.330786,-6e-06,-5e-06,1.3e-05,1.497946,0.463803,0.590523,0.50477,0.051998,0.034286,-0.047943,-0.409831,-0.432735,-0.80298,-0.563934,-0.571708,0.595924,-0.716948,0.697058,-0.00973,0.005602,0.000121,-0.007799,0.281093,0.451198,0.24755,-0.792305
1085,0.074922,0.021579,0.385188,-0.390069,-0.507785,-0.768144,-0.59097,-0.501701,0.631682,-0.70566,0.700981,-0.103428,0.012061,0.002703,-0.014006,0.369721,0.60209,0.354885,-1.913375,-0.195416,0.05783,0.334246,0.317836,0.314498,0.894462,-0.945455,0.175283,0.274453,-0.070852,-0.933276,0.351906,0.0,0.0,0.0,-0.0,-0.0,0.0,0.514733,0.021993,0.051529,-0.009795,-0.298691,-0.273586,0.914294,0.939576,-0.252217,0.231479,0.167271,0.92819,0.332389,-1e-06,-3e-06,-2e-06,0.000176,0.001999,-0.00264,0.505586,0.052118,0.034318,-0.048201,-0.414471,-0.420749,-0.806959,-0.561036,-0.580035,0.59059,-0.716555,0.697516,0.004353,0.006081,0.001456,-0.006939,0.339115,0.561739,0.332759,-0.796877
1086,0.075092,0.021637,0.384811,-0.387321,-0.500478,-0.774306,-0.583653,-0.51705,0.626084,-0.713221,0.695043,-0.090873,3.8e-05,0.007231,-0.011132,0.156949,0.211329,0.128444,-1.913553,-0.195407,0.05783,0.334246,0.317738,0.314444,0.894516,-0.945486,0.175246,0.274368,-0.07087,-0.933302,0.351836,0.0,0.0,0.0,-0.0,-0.0,0.0,0.514653,0.021997,0.051529,-0.009795,-0.298559,-0.273529,0.914354,0.939614,-0.252174,0.231369,0.16729,0.928218,0.332301,-1e-06,-2e-06,-1e-06,-0.000141,-8e-06,-0.000136,0.506076,0.052203,0.034345,-0.048385,-0.412848,-0.410881,-0.812854,-0.553475,-0.5956,0.582173,-0.72334,0.690244,0.018479,0.005647,-0.003316,-0.002122,0.129523,0.329634,-0.028408,-0.804878
1087,0.075163,0.02166,0.384707,-0.387736,-0.49605,-0.776943,-0.578912,-0.524886,0.623961,-0.716848,0.69233,-0.082681,-0.000474,-0.001343,-0.000865,0.108567,0.177662,0.092089,-1.914212,-0.195415,0.057837,0.334251,0.317853,0.314507,0.894453,-0.945449,0.17529,0.274468,-0.070849,-0.933272,0.351918,3e-06,4.8e-05,3.2e-05,0.0,0.0,0.0,0.513443,0.021993,0.051533,-0.009793,-0.298681,-0.273584,0.914297,0.939579,-0.25221,0.231471,0.167268,0.928192,0.332385,1e-06,2.8e-05,1.9e-05,-0.000128,-3.7e-05,-5.8e-05,0.506076,0.052239,0.034358,-0.048441,-0.413564,-0.405882,-0.814998,-0.54866,-0.603252,0.578841,-0.726592,0.686546,0.026792,-0.000227,-0.000654,-0.000431,0.112664,0.139723,0.08135,-0.805695
1088,0.075241,0.021679,0.38472,-0.39393,-0.476867,-0.785788,-0.577028,-0.537166,0.615194,-0.714981,0.696358,-0.062578,0.000433,0.001229,0.000791,0.266838,0.505849,0.24737,-1.914382,-0.195435,0.057832,0.334238,0.317788,0.314484,0.894485,-0.945469,0.175289,0.274401,-0.070882,-0.93328,0.35189,-2.2e-05,-0.000346,-0.000232,0.0,0.0,0.0,0.510987,0.021983,0.051531,-0.009799,-0.298611,-0.273568,0.914325,0.939597,-0.252208,0.231403,0.167295,0.928198,0.332355,-1.4e-05,-0.00022,-0.000149,-9.1e-05,-1.3e-05,-4.3e-05,0.50379,0.052278,0.034368,-0.048434,-0.419702,-0.38718,-0.820939,-0.547233,-0.613647,0.569185,-0.724145,0.688133,0.045671,0.00601,-0.005844,0.00415,0.354038,0.706903,0.360197,-0.803899
1089,0.07536,0.021664,0.384722,-0.398317,-0.462996,-0.791849,-0.570797,-0.550672,0.609035,-0.717541,0.695148,-0.043945,1.1e-05,3.2e-05,2.1e-05,0.296963,0.56325,0.275425,-1.914265,-0.195437,0.057802,0.334218,0.317718,0.314448,0.894522,-0.945491,0.175263,0.274341,-0.070893,-0.933297,0.351843,-1.3e-05,-0.000201,-0.000135,0.0,0.0,0.0,0.508379,0.021982,0.051515,-0.00981,-0.298536,-0.273539,0.914358,0.939619,-0.252181,0.231341,0.167303,0.928213,0.332308,-5e-06,-7.9e-05,-5.4e-05,-6.3e-05,-1.9e-05,-1.4e-05,0.501668,0.05234,0.034366,-0.04843,-0.424235,-0.373281,-0.825036,-0.541242,-0.625918,0.5615,-0.726003,0.684753,0.063501,6e-06,9e-06,5e-06,0.297189,0.590061,0.28569,-0.807001
1090,0.07547,0.021654,0.384656,-0.399114,-0.458512,-0.794053,-0.565943,-0.558194,0.606712,-0.720931,0.692105,-0.035716,-0.000178,-0.000507,-0.000326,0.02057,0.03897,0.019062,-1.913341,-0.19551,0.05778,0.334219,0.317499,0.314368,0.894627,-0.945565,0.175154,0.274157,-0.070894,-0.933344,0.351718,-0.0,-5e-06,-3e-06,0.0,0.0,0.0,0.501484,0.021945,0.051504,-0.009809,-0.298305,-0.273477,0.914452,0.939693,-0.252079,0.231152,0.1673,0.928259,0.332181,1e-06,2.3e-05,1.7e-05,-4e-05,-1.9e-05,-8e-06,0.495789,0.052394,0.034361,-0.048463,-0.426018,-0.366795,-0.827024,-0.53617,-0.633939,0.557353,-0.728717,0.680869,0.073405,-0.000112,-0.000318,-0.000209,-0.013926,-0.009419,-0.00631,-0.817778
1091,0.07552,0.021634,0.38462,-0.397371,-0.458543,-0.794909,-0.562174,-0.56303,0.605746,-0.724831,0.688153,-0.033056,-0.000423,-0.001203,-0.000775,0.004662,0.008834,0.004322,-1.914182,-0.195546,0.057796,0.334222,0.317443,0.314358,0.894651,-0.945582,0.175156,0.274097,-0.070922,-0.933347,0.351704,4.9e-05,0.000762,0.000511,0.0,0.0,0.0,0.501004,0.021927,0.051511,-0.009809,-0.298246,-0.273471,0.914473,0.939707,-0.252083,0.231091,0.167326,0.92826,0.332166,3.3e-05,0.000525,0.000354,-2.7e-05,-3.2e-05,-0.0,0.493013,0.05242,0.034352,-0.04848,-0.424208,-0.366925,-0.827896,-0.532456,-0.638434,0.555781,-0.732487,0.676585,0.075458,-0.000272,-0.000773,-0.000502,-0.017707,-0.023968,-0.013482,-0.82186
1092,0.07552,0.021658,0.384577,-0.391235,-0.460926,-0.796572,-0.551097,-0.575889,0.603835,-0.73658,0.675802,-0.027712,-2.4e-05,-6.7e-05,-4.3e-05,0.057507,-0.085922,0.193747,-1.913483,-0.195582,0.057804,0.334229,0.317493,0.314401,0.894618,-0.945566,0.175175,0.27414,-0.070907,-0.933329,0.351755,0.0,4e-06,3e-06,0.0,0.0,0.0,0.500871,0.021909,0.051517,-0.009804,-0.298302,-0.273511,0.914443,0.939692,-0.252098,0.231135,0.167312,0.928244,0.332218,-1e-06,-5e-06,-3e-06,-2e-05,6e-06,-1.8e-05,0.491054,0.052419,0.034361,-0.048504,-0.418234,-0.369063,-0.829982,-0.521251,-0.650798,0.552048,-0.743892,0.663516,0.079811,-1e-06,-3e-06,-8e-06,0.115725,-0.088199,0.004028,-0.823493
1093,0.075502,0.021703,0.384523,-0.395148,-0.449434,-0.801194,-0.544735,-0.587655,0.598245,-0.739213,0.673392,-0.01161,-8.4e-05,-0.000238,-0.000153,0.13603,0.257971,0.126321,-1.914312,-0.195572,0.057819,0.334238,0.317549,0.314425,0.89459,-0.945547,0.175196,0.274189,-0.070899,-0.933317,0.351789,5.9e-05,0.000914,0.000613,0.0,0.0,0.0,0.501383,0.021914,0.051522,-0.0098,-0.298361,-0.273531,0.914418,0.939674,-0.252117,0.231186,0.167304,0.928233,0.332252,3.2e-05,0.000511,0.000342,-1.5e-05,-9e-06,-1.8e-05,0.49089,0.05241,0.034385,-0.04853,-0.422273,-0.357191,-0.833125,-0.514916,-0.661887,0.544762,-0.746019,0.659029,0.095574,-4.7e-05,-0.000131,-8.4e-05,0.147891,0.289049,0.140373,-0.828555
1094,0.075496,0.021697,0.384495,-0.397217,-0.442592,-0.803975,-0.53924,-0.596324,0.594634,-0.742123,0.670284,-0.000788,-0.000408,-0.001159,-0.000747,0.262594,0.497679,0.24374,-1.914295,-0.19558,0.057832,0.334259,0.317568,0.314438,0.894579,-0.945544,0.175178,0.274214,-0.07087,-0.933316,0.351796,9.2e-05,0.00142,0.000952,0.0,0.0,0.0,0.501647,0.021911,0.051527,-0.009791,-0.298381,-0.273542,0.914408,0.939673,-0.252099,0.231211,0.167275,0.928235,0.332261,6.3e-05,0.000987,0.000661,0.001542,-0.017109,0.023151,0.491054,0.052408,0.034383,-0.048543,-0.423962,-0.351192,-0.834816,-0.509691,-0.669417,0.540458,-0.748645,0.654633,0.104808,-0.000257,-0.000743,-0.000478,0.388413,0.703987,0.34574,-0.832148
1095,0.0755,0.021555,0.384487,-0.39547,-0.438114,-0.807282,-0.526155,-0.612376,0.590025,-0.752373,0.658636,0.01267,-0.000543,-0.001544,-0.000996,0.294546,0.449154,0.442296,-1.914778,-0.195594,0.057874,0.3343,0.317634,0.314479,0.894541,-0.945524,0.175178,0.274281,-0.070832,-0.933303,0.351841,8.9e-05,0.00137,0.000918,0.0,0.0,0.0,0.50046,0.021903,0.051551,-0.009769,-0.298452,-0.273578,0.914374,0.939658,-0.252095,0.231278,0.167237,0.928225,0.332308,4.6e-05,0.000717,0.00048,-1.4e-05,9e-06,-2e-06,0.49089,0.052409,0.034311,-0.048548,-0.422039,-0.347261,-0.837431,-0.496833,-0.684064,0.534052,-0.758313,0.641455,0.116171,-0.00033,-0.000935,-0.000607,0.001248,-0.0033,-0.002084,-0.83574
1096,0.075451,0.02138,0.384516,-0.395429,-0.43361,-0.809731,-0.516995,-0.623607,0.586347,-0.758714,0.651023,0.02343,-0.001002,-0.002848,-0.001838,0.218126,0.427474,0.176983,-1.914555,-0.195574,0.057894,0.334324,0.317734,0.31452,0.894491,-0.945493,0.175192,0.274378,-0.070793,-0.933286,0.351892,6e-06,9.3e-05,6.2e-05,0.0,0.0,0.0,0.501869,0.021914,0.051563,-0.009755,-0.298558,-0.273611,0.91433,0.939631,-0.252105,0.231377,0.1672,0.928213,0.332361,-0.0,3e-06,1e-06,-8e-06,3e-06,-2e-06,0.490564,0.052386,0.034226,-0.048532,-0.422363,-0.341786,-0.839518,-0.487619,-0.695071,0.528301,-0.764091,0.6325,0.126911,-0.000293,-0.000844,-0.000545,0.349317,0.623347,0.306751,-0.840639
1097,0.075464,0.021239,0.384366,-0.394288,-0.431545,-0.811388,-0.507808,-0.633581,0.583677,-0.765479,0.642702,0.031685,-0.001911,-0.005435,-0.003514,1.568694,-0.545147,0.154182,-1.914163,-0.195583,0.057886,0.33433,0.3177,0.314505,0.894508,-0.945506,0.175155,0.274358,-0.070773,-0.933298,0.351864,-0.012128,0.000154,0.000928,-0.002045,0.015205,-0.029245,0.505139,0.021914,0.051558,-0.009753,-0.298544,-0.273604,0.914336,0.939639,-0.252076,0.231375,0.167177,0.928223,0.332345,-3e-06,-1.9e-05,-1.4e-05,-1.2e-05,8e-06,3e-05,0.493013,0.052392,0.034157,-0.048606,-0.421441,-0.339529,-0.840897,-0.478867,-0.704125,0.524303,-0.770112,0.623641,0.134158,-0.001026,-0.002921,-0.001891,1.684553,-0.414735,0.247872,-0.840965
1098,0.075401,0.021108,0.384305,-0.394484,-0.42938,-0.812441,-0.50296,-0.639061,0.581897,-0.76857,0.638707,0.037154,-0.014429,-0.002246,-0.001503,0.280816,0.45246,0.195629,-1.914392,-0.195601,0.057886,0.334331,0.317657,0.314492,0.894528,-0.94552,0.175138,0.27432,-0.070777,-0.933306,0.351843,0.0,0.0,0.0,0.0,0.0,0.0,0.506279,0.0219,0.051558,-0.009753,-0.298477,-0.273589,0.914363,0.939659,-0.252054,0.231317,0.167183,0.928233,0.332313,-0.006065,6.7e-05,0.000457,-0.00205,0.015215,-0.029271,0.494156,0.05236,0.034089,-0.048638,-0.42152,-0.337337,-0.841738,-0.473648,-0.709648,0.52159,-0.77329,0.618548,0.139352,-0.007245,-0.001222,-0.000815,0.377804,0.595744,0.266214,-0.841129
1099,0.075245,0.021003,0.384129,-0.401335,-0.415986,-0.816046,-0.495143,-0.651017,0.575311,-0.770088,0.635468,0.056323,-0.001799,-0.005107,-0.003312,0.382034,0.735072,0.327673,-1.91424,-0.195655,0.057894,0.33434,0.317665,0.314521,0.894515,-0.945519,0.17514,0.274325,-0.070767,-0.933296,0.351873,6e-06,9.2e-05,6.2e-05,0.0,0.0,0.0,0.506632,0.021873,0.051562,-0.009748,-0.298488,-0.273618,0.914351,0.939658,-0.252056,0.231322,0.167174,0.928224,0.332343,-0.0,3.8e-05,2.5e-05,-1.1e-05,-1e-06,2e-06,0.495626,0.052282,0.034037,-0.048725,-0.428159,-0.324545,-0.843415,-0.466081,-0.720283,0.513769,-0.774239,0.613075,0.157131,-0.000205,0.002977,-0.005984,0.163007,0.23629,0.13976,-0.840149
1100,0.075222,0.020848,0.38397,-0.40066,-0.41407,-0.817351,-0.485554,-0.660565,0.572593,-0.776515,0.626797,0.064631,-0.001286,-0.00365,-0.002372,0.219323,0.413003,0.202194,-1.914148,-0.195656,0.057879,0.334331,0.31763,0.314503,0.894533,-0.94553,0.175127,0.274295,-0.070773,-0.933304,0.351849,-1.9e-05,-0.00029,-0.000195,0.0,0.0,0.0,0.505947,0.021873,0.051554,-0.009753,-0.298451,-0.273603,0.914367,0.939668,-0.252044,0.231291,0.167179,0.928232,0.332319,-1.2e-05,-0.000185,-0.000125,-4e-06,-4e-06,-1.3e-05,0.496116,0.052269,0.033955,-0.048808,-0.427948,-0.321802,-0.844572,-0.456497,-0.729547,0.509283,-0.780044,0.603492,0.165307,-0.000624,-0.001785,-0.00116,0.327091,0.571567,0.280103,-0.846681
1101,0.075179,0.020631,0.384043,-0.401067,-0.411848,-0.818274,-0.480884,-0.665637,0.570659,-0.779205,0.622877,0.069937,-0.001215,-0.010585,0.00897,0.225093,0.507244,0.223296,-1.91353,-0.195683,0.057871,0.334338,0.317434,0.314413,0.894635,-0.945595,0.175027,0.274132,-0.070777,-0.933353,0.351719,1.8e-05,0.000278,0.000186,0.0,0.0,0.0,0.499932,0.021859,0.051549,-0.00975,-0.298243,-0.273529,0.914457,0.939734,-0.251953,0.231123,0.167181,0.928278,0.332188,-0.00605,0.000305,0.000617,-0.002056,0.015216,-0.029249,0.49285,0.052247,0.033847,-0.048777,-0.427916,-0.320323,-0.84515,-0.452022,-0.733895,0.507023,-0.782664,0.59899,0.169252,-1e-05,-2.4e-05,-1.5e-05,-0.012764,-0.016088,-0.008442,-0.844558
1102,0.075205,0.02064,0.38406,-0.402301,-0.409534,-0.818829,-0.480416,-0.666936,0.569535,-0.778856,0.62301,0.072586,0.000341,0.000969,0.00063,0.054643,0.102905,0.050307,-1.913613,-0.195709,0.057869,0.33435,0.317374,0.314394,0.894663,-0.945617,0.17498,0.274088,-0.070758,-0.933368,0.351681,-0.012112,0.000406,0.001097,-0.002045,0.015205,-0.029245,0.496041,0.02185,0.051549,-0.009744,-0.298203,-0.27352,0.914473,0.939751,-0.251915,0.231098,0.16716,0.928291,0.332162,1e-05,0.000159,0.000106,-8e-06,1.1e-05,-3e-06,0.489421,0.05226,0.033849,-0.048764,-0.430605,-0.315593,-0.845564,-0.451042,-0.736244,0.504485,-0.781754,0.598619,0.174685,0.000224,0.000642,0.000416,0.03206,0.070758,0.034228,-0.84766
1103,0.075419,0.020602,0.384048,-0.404456,-0.404778,-0.820131,-0.479601,-0.669691,0.566983,-0.77824,0.623156,0.077753,5e-06,1.6e-05,1e-05,0.026798,0.050544,0.024709,-1.914296,-0.195737,0.057863,0.334348,0.317292,0.314365,0.894702,-0.945644,0.174948,0.274016,-0.070768,-0.933384,0.351638,-1e-06,-1.8e-05,-1.2e-05,0.0,0.0,0.0,0.490317,0.021832,0.051546,-0.009745,-0.298095,-0.273492,0.914517,0.939783,-0.251879,0.231004,0.16717,0.928309,0.332107,-2e-06,-7e-06,-5e-06,-3e-06,-0.0,-4e-06,0.481419,0.052368,0.033834,-0.048767,-0.432858,-0.310749,-0.846207,-0.450329,-0.738644,0.501604,-0.78092,0.598196,0.179789,0.005726,-0.006705,0.003592,-0.025222,0.029555,0.026215,-0.846844
1104,0.075598,0.020565,0.384013,-0.405629,-0.400182,-0.821806,-0.474211,-0.6765,0.563422,-0.780925,0.618745,0.085665,0.012773,-0.002512,-0.001577,0.073776,0.122747,0.09676,-1.913968,-0.195746,0.057863,0.334348,0.317271,0.314358,0.894712,-0.945651,0.17494,0.273997,-0.07077,-0.933388,0.351627,-0.0,-0.0,-0.0,0.0,0.0,0.0,0.488611,0.021827,0.051546,-0.009744,-0.298072,-0.273487,0.914526,0.93979,-0.251872,0.230985,0.167172,0.928313,0.332097,-0.006064,8.1e-05,0.000467,-0.002049,0.015212,-0.029251,0.477664,0.052453,0.033815,-0.048785,-0.434038,-0.306226,-0.847251,-0.445019,-0.744825,0.497184,-0.783305,0.592841,0.187006,0.000145,0.000416,0.000267,0.080993,0.155881,0.076076,-0.842925
1105,0.075663,0.020533,0.384016,-0.405817,-0.397969,-0.822788,-0.469242,-0.681822,0.561162,-0.783821,0.614308,0.09098,0.012564,-0.003109,-0.001965,0.226536,0.411389,0.237854,-1.914014,-0.195746,0.057854,0.334354,0.317259,0.31435,0.894719,-0.945656,0.174911,0.273996,-0.070748,-0.933396,0.35161,-0.0,-0.0,-0.0,0.0,0.0,0.0,0.488627,0.021827,0.051541,-0.009742,-0.298059,-0.27348,0.914532,0.939798,-0.251843,0.230983,0.16715,0.928322,0.33208,2e-06,1e-06,2e-06,-7e-06,2.5e-05,-7e-06,0.476847,0.052491,0.0338,-0.048783,-0.433514,-0.305171,-0.8479,-0.440385,-0.749159,0.494792,-0.786209,0.587902,0.190378,0.006285,-0.001557,-0.000986,0.327086,0.560831,0.3115,-0.842435
1106,0.075779,0.020465,0.38402,-0.408315,-0.393309,-0.823791,-0.468371,-0.684343,0.558817,-0.783042,0.6145,0.096243,-4e-06,-1.3e-05,-8e-06,0.0507,0.095844,0.046841,-1.914494,-0.195782,0.057836,0.334367,0.317148,0.314307,0.894773,-0.945696,0.174819,0.273917,-0.070712,-0.933427,0.351534,-0.012129,0.000159,0.000931,-0.002045,0.015205,-0.029245,0.483022,0.021814,0.051533,-0.009735,-0.297965,-0.273451,0.914571,0.939835,-0.251764,0.23092,0.167111,0.928353,0.332016,1e-06,1e-06,3e-06,-6e-06,2.8e-05,-9e-06,0.473582,0.052549,0.033765,-0.048782,-0.436884,-0.29915,-0.848316,-0.439307,-0.752,0.491429,-0.784946,0.587369,0.197118,-2e-06,0.0,-1e-06,0.04987,0.098813,0.048233,-0.842108
1107,0.075822,0.020416,0.383976,-0.407179,-0.393391,-0.824315,-0.46383,-0.688425,0.557589,-0.786329,0.609868,0.098876,-0.000412,-0.001177,-0.000766,0.000871,0.001647,0.000805,-1.91433,-0.195807,0.057809,0.334396,0.317172,0.314326,0.894758,-0.945696,0.17473,0.273974,-0.070606,-0.933438,0.351527,2.6e-05,0.000398,0.000267,0.0,0.0,0.0,0.474832,0.021797,0.051518,-0.009721,-0.297968,-0.273462,0.914566,0.939852,-0.251666,0.230956,0.167008,0.928375,0.332003,1.5e-05,0.000221,0.000151,-1e-06,1.1e-05,-8e-06,0.464274,0.052571,0.033743,-0.048803,-0.435741,-0.299208,-0.848883,-0.43483,-0.755788,0.489597,-0.788068,0.582458,0.199223,-0.000262,-0.000745,-0.000486,-0.008794,-0.012903,-0.006515,-0.838843
1108,0.075871,0.020397,0.383928,-0.406852,-0.39327,-0.824534,-0.463907,-0.688618,0.557286,-0.786453,0.609727,0.098756,0.000547,0.008707,-0.010191,0.034317,-0.018827,0.015491,-1.914759,-0.195806,0.057822,0.334416,0.317212,0.314345,0.894738,-0.945685,0.17472,0.274019,-0.070574,-0.933434,0.351545,5.7e-05,0.000871,0.000583,0.0,0.0,0.0,0.474776,0.021798,0.051524,-0.009711,-0.298011,-0.273478,0.914548,0.939844,-0.251655,0.231001,0.166977,0.928374,0.332023,3.6e-05,0.000556,0.000374,3e-06,-2.4e-05,8e-06,0.461825,0.052595,0.03373,-0.048823,-0.435372,-0.299173,-0.849084,-0.434965,-0.755866,0.489358,-0.788197,0.582375,0.198953,-0.00032,-0.000911,-0.000594,-0.00197,0.010724,-0.026835,-0.840475
1109,0.075987,0.020369,0.383863,-0.408838,-0.388435,-0.825842,-0.463094,-0.691468,0.554426,-0.7859,0.609594,0.103849,-0.000134,-0.000383,-0.000249,0.074648,0.041329,0.241511,-1.914001,-0.195764,0.057868,0.334478,0.317435,0.314437,0.894626,-0.945618,0.174732,0.274243,-0.07047,-0.933401,0.351654,0.000156,0.002388,0.001598,0.0,0.0,0.0,0.47707,0.021818,0.051546,-0.009681,-0.298246,-0.273553,0.914449,0.939788,-0.251658,0.231228,0.166875,0.928351,0.332138,8.3e-05,0.001287,0.000861,9e-06,-4e-06,-1.8e-05,0.461825,0.052652,0.033717,-0.048861,-0.437419,-0.294277,-0.849743,-0.43417,-0.758396,0.486138,-0.787502,0.58158,0.203971,-5.4e-05,-0.000161,-0.000108,0.079594,0.049263,0.245455,-0.847497
1110,0.076072,0.020294,0.383803,-0.410513,-0.383997,-0.827086,-0.457454,-0.697919,0.551015,-0.788323,0.605027,0.111878,-0.000736,-0.002107,-0.001372,0.0841,0.064683,0.038693,-1.91429,-0.195719,0.057809,0.334594,0.317507,0.314435,0.894601,-0.945619,0.174416,0.274439,-0.070122,-0.93346,0.351565,0.000516,-0.010128,0.008295,-0.036219,0.014258,-0.016013,0.477141,0.021841,0.051522,-0.009624,-0.298333,-0.273551,0.914421,0.939817,-0.251369,0.23142,0.166552,0.92843,0.33208,0.00613,0.000966,0.000235,0.002047,-0.015213,0.029235,0.462151,0.052696,0.033683,-0.048888,-0.439434,-0.289326,-0.850404,-0.428524,-0.764516,0.481539,-0.78947,0.576024,0.211971,-0.000434,-0.001243,-0.000811,0.152357,-0.003683,-0.010273,-0.8506
1111,0.076163,0.020165,0.383672,-0.411952,-0.381789,-0.827393,-0.456811,-0.699147,0.54999,-0.787943,0.605003,0.114644,-0.001204,-0.003448,-0.002248,0.000132,0.000251,0.000123,-1.914236,-0.195701,0.0577,0.334724,0.317551,0.314423,0.89459,-0.945637,0.173991,0.274647,-0.069678,-0.933543,0.351433,0.00048,-0.010685,0.007925,-0.036219,0.014248,-0.016019,0.48322,0.02185,0.051469,-0.009559,-0.298376,-0.273536,0.914412,0.939882,-0.250945,0.23162,0.16611,0.928549,0.331968,4.2e-05,0.000675,0.000451,3e-06,2.8e-05,-2.6e-05,0.46509,0.052742,0.033619,-0.048953,-0.44071,-0.28746,-0.850377,-0.428031,-0.765405,0.480565,-0.789027,0.575778,0.21428,-0.000719,-0.002062,-0.001345,-0.005643,0.005304,-0.029536,-0.852233
1112,0.076214,0.020076,0.383614,-0.411624,-0.381637,-0.827626,-0.456959,-0.699301,0.549671,-0.788028,0.604921,0.114492,-0.001252,-0.003588,-0.002341,2e-06,4e-06,2e-06,-1.913909,-0.195697,0.057633,0.334793,0.319761,0.315716,0.893346,-0.944974,0.174134,0.276829,-0.068548,-0.933082,0.352877,0.000483,-0.01064,0.007957,-0.03622,0.014243,-0.016023,0.488604,0.021852,0.051435,-0.009525,-0.300777,-0.274665,0.913286,0.939311,-0.251003,0.23386,0.165004,0.9282,0.333492,4.5e-05,0.000714,0.000478,0.000488,0.002427,-0.002977,0.468683,0.052767,0.033574,-0.048983,-0.440355,-0.28734,-0.8506,-0.428205,-0.765492,0.480271,-0.78913,0.575722,0.214048,-0.000741,-0.002128,-0.001389,-0.001209,0.011782,-0.026305,-0.851579
1113,0.076368,0.0199,0.3835,-0.408691,-0.383753,-0.828101,-0.453111,-0.702311,0.549019,-0.79177,0.600075,0.114181,0.011649,-0.005788,-0.003719,1.379478,-1.014778,0.017619,-1.914121,-0.195704,0.057488,0.334957,0.326398,0.319615,0.889551,-0.942932,0.174763,0.283322,-0.065301,-0.93164,0.357275,0.000568,-0.009324,0.00884,-0.035399,-0.007032,0.012324,0.499568,0.021848,0.05136,-0.009445,-0.307945,-0.278054,0.909865,0.937537,-0.251365,0.240494,0.161839,0.927092,0.338092,3.7e-05,0.000608,0.000407,-0.001153,-0.00776,0.009447,0.48093,0.052838,0.033484,-0.049041,-0.438228,-0.288731,-0.851228,-0.425538,-0.767516,0.479411,-0.791753,0.572321,0.213482,-0.000622,-0.001802,-0.001127,4.571437,-3.051182,-0.641216,-0.854519
1114,0.076598,0.019745,0.383316,-0.409391,-0.381219,-0.828925,-0.452735,-0.703921,0.547264,-0.791622,0.5998,0.116624,-0.001093,-0.003144,-0.002057,0.000322,0.000614,0.000301,-1.914018,-0.195707,0.057341,0.335188,0.340325,0.321444,0.883654,-0.937529,0.187313,0.293065,-0.071728,-0.92857,0.363974,0.000236,0.003627,0.002421,9.6e-05,2.9e-05,4.3e-05,0.512322,0.021847,0.051281,-0.009327,-0.322235,-0.27873,0.904695,0.931578,-0.263271,0.250698,0.168303,0.923578,0.344494,0.000344,-0.003706,0.005057,-0.022414,-0.115738,0.160525,0.497259,0.052958,0.033407,-0.049133,-0.438214,-0.286689,-0.851925,-0.423992,-0.769783,0.47714,-0.792589,0.570299,0.215776,0.005673,-0.003346,-0.00216,-0.005101,-0.009463,4e-06,-0.853865
1115,0.07675,0.019734,0.38319,-0.410281,-0.378796,-0.829596,-0.452208,-0.705473,0.545699,-0.791462,0.599508,0.119184,-0.000902,-0.002598,-0.0017,0.025888,0.049453,0.024231,-1.913702,-0.195707,0.057314,0.335317,0.348104,0.322635,0.880183,-0.934432,0.193924,0.298605,-0.074769,-0.926799,0.367855,0.000287,0.004418,0.002947,-0.002126,-0.013973,0.017361,0.517021,0.021847,0.051267,-0.009263,-0.330257,-0.279294,0.901622,0.928203,-0.269526,0.256502,0.171372,0.921601,0.348255,0.000375,-0.003226,0.005376,-0.030465,-0.165765,0.222249,0.504607,0.053034,0.0334,-0.049196,-0.439243,-0.284073,-0.852272,-0.42344,-0.77123,0.475292,-0.792315,0.569655,0.218469,0.006346,0.002165,-0.006501,0.049915,0.015963,0.037186,-0.854029
1116,0.077178,0.019736,0.382907,-0.41069,-0.376248,-0.830552,-0.451581,-0.707416,0.543699,-0.791607,0.598819,0.12166,0.012132,-0.004425,-0.002836,0.001186,-0.014328,0.029743,-1.914475,-0.195757,0.057386,0.335596,0.351364,0.324234,0.878298,-0.9333,0.194708,0.301619,-0.073642,-0.926078,0.369891,-0.011261,-0.004639,0.012786,-0.036708,0.012416,-0.022078,0.517438,0.021826,0.051303,-0.009129,-0.333529,-0.28056,0.900023,0.92722,-0.270137,0.259399,0.170353,0.921038,0.35024,0.000197,0.00309,0.002055,-0.000107,6.6e-05,-0.000243,0.510648,0.053238,0.033399,-0.049334,-0.439682,-0.281596,-0.852867,-0.422952,-0.772781,0.4732,-0.792332,0.56878,0.220677,0.005984,-0.00246,-0.001586,0.001119,-0.112953,0.202793,-0.854682
1117,0.077599,0.019595,0.382805,-0.407563,-0.378243,-0.831186,-0.447764,-0.71051,0.542821,-0.795384,0.593876,0.121253,0.012479,-0.003427,-0.002184,0.000987,-0.014716,0.029553,-1.913835,-0.195785,0.057482,0.335821,0.35294,0.325076,0.877354,-0.9323,0.200608,0.300845,-0.078634,-0.924523,0.372742,0.000353,0.005423,0.003601,0.01145,-0.041032,0.004959,0.516907,0.021808,0.051354,-0.009009,-0.335197,-0.281601,0.899079,0.925686,-0.276046,0.258656,0.17535,0.918966,0.353204,0.000147,0.002318,0.001539,-0.003226,-0.003187,-0.003024,0.510485,0.053453,0.03333,-0.04939,-0.436467,-0.283538,-0.853874,-0.419144,-0.775691,0.471826,-0.796124,0.563834,0.219721,0.006253,-0.001679,-0.001077,0.00125,-0.013906,0.028833,-0.851253
