frame,MLTx,MLTy,MLTz,MLTR1,MLTR2,MLTR3,MLTR4,MLTR5,MLTR6,MLTR7,MLTR8,MLTR9,MLTTVx,MLTTVy,MLTTVz,MLTRVx,MLTRVy,MLTRVz,MLGA,MRTx,MRTy,MRTz,MRTR1,MRTR2,MRTR3,MRTR4,MRTR5,MRTR6,MRTR7,MRTR8,MRTR9,MRTTVx,MRTTVy,MRTTVz,MRTRVx,MRTRVy,MRTRVz,MRGA,SLTx,SLTy,SLTz,SLTR1,SLTR2,SLTR3,SLTR4,SLTR5,SLTR6,SLTR7,SLTR8,SLTR9,SLTTVx,SLTTVy,SLTTVz,SLTRVx,SLTRVy,SLTRVz,SLGA,SRTx,SRTy,SRTz,SRTR1,SRTR2,SRTR3,SRTR4,SRTR5,SRTR6,SRTR7,SRTR8,SRTR9,SRTTVx,SRTTVy,SRTTVz,SRTRVx,SRTRVy,SRTRVz,SRGA
1158,0.209824,-0.021082,0.314567,-0.7506,-0.495804,-0.436833,0.388499,-0.865881,0.315102,-0.53354,0.067417,0.8431,-0.000494,0.007235,-0.012359,0.041521,-0.096513,0.166051,0.047693,-0.186605,-0.000924,0.321149,-0.765129,-0.368624,0.527907,0.560869,-0.784103,0.2656,0.316976,0.49977,0.80599,-0.00043,-0.008237,-0.007715,-0.05112,0.103356,0.034914,0.220514,0.033267,0.05358,0.004143,0.815974,0.319343,0.481876,-0.494947,0.816615,0.29693,-0.298685,-0.48079,0.824395,-0.00756,0.001346,-0.007488,-0.020658,0.118822,0.034179,0.087236,0.107275,0.039233,-0.047033,0.72552,0.529344,-0.439789,-0.429203,0.84757,0.312104,0.537963,-0.037678,0.842125,0.007508,-0.001249,-0.001843,0.003589,-0.018754,0.034109,-0.22683
1159,0.210137,-0.021109,0.314305,-0.75656,-0.485542,-0.438076,0.377228,-0.871235,0.314038,-0.533204,0.072932,0.842853,0.030242,-0.008496,-0.01113,-2.6e-05,3.5e-05,0.009677,0.057622,-0.186747,-0.001017,0.320906,-0.764874,-0.366602,0.529681,0.560433,-0.783974,0.266896,0.31836,0.501455,0.804396,-0.015217,0.001159,-0.01643,-0.062286,0.187753,0.0778,0.229029,0.033196,0.053531,0.004019,0.815682,0.317597,0.483523,-0.494549,0.816469,0.297992,-0.30014,-0.482192,0.823047,-0.007612,0.000406,-0.008377,-0.083971,0.21193,0.086199,0.103402,0.107414,0.039237,-0.047151,0.731986,0.519315,-0.441029,-0.418168,0.85349,0.310947,0.537894,-0.043185,0.841904,0.007713,-0.004659,-0.005498,0.005571,-0.086768,0.153148,-0.187803
1160,0.21121,-0.021659,0.313551,-0.797577,-0.407503,-0.444813,0.288033,-0.905135,0.312635,-0.529022,0.121731,0.839848,0.045842,-0.018266,-0.022823,-2.526486,1.665569,4.950813,0.144741,-0.187254,-0.001347,0.320239,-0.763559,-0.365285,0.532481,0.560985,-0.783484,0.267174,0.320543,0.503177,0.802451,-0.015658,-0.006376,-0.023593,0.022688,0.048575,-0.050593,0.182962,0.032949,0.053375,0.0037,0.814547,0.315781,0.486614,-0.494796,0.816074,0.298663,-0.302802,-0.48405,0.820978,-0.007528,-0.009252,-0.008204,0.008194,0.03958,-0.072587,0.094911,0.10795,0.038966,-0.047524,0.773979,0.447827,-0.447667,-0.335782,0.889661,0.30944,0.536847,-0.089181,0.838952,0.015525,-0.00985,-0.011673,-0.208176,0.084294,0.587682,-0.095217
1161,0.212666,-0.022035,0.312448,-0.81302,-0.367717,-0.451472,0.237521,-0.917376,0.319339,-0.530585,0.152847,0.833753,0.029463,0.005611,-0.036646,-0.473538,-0.281724,0.226326,0.196461,-0.187984,-0.001811,0.319248,-0.761708,-0.364322,0.535783,0.561969,-0.782911,0.266786,0.323219,0.504765,0.800378,-0.016022,-0.011622,-0.028717,0.038814,-0.053225,0.085442,0.14244,0.032595,0.053148,0.003216,0.812841,0.314958,0.48999,-0.495829,0.815586,0.29828,-0.305684,-0.485406,0.819108,-0.007985,-0.005624,-0.014163,0.044069,0.022258,-0.06191,0.033677,0.108685,0.038752,-0.048088,0.795015,0.403207,-0.453181,-0.280616,0.906819,0.314535,0.537777,-0.12289,0.834082,0.022576,-0.002554,-0.014568,-1.054111,0.049354,1.182684,-0.004428
1162,0.213362,-0.022043,0.311823,-0.810202,-0.370019,-0.454646,0.237736,-0.916378,0.322033,-0.534778,0.15328,0.83099,0.030273,-0.005521,-0.02856,-0.251275,-0.387233,-0.184089,0.228147,-0.188383,-0.00202,0.318669,-0.76069,-0.362782,0.538267,0.562178,-0.78261,0.267231,0.325249,0.506339,0.798559,-0.016787,-0.002216,-0.038567,0.057423,0.051785,-0.057546,0.124584,0.032378,0.053034,0.002904,0.81185,0.313451,0.492592,-0.496043,0.815286,0.298747,-0.307962,-0.486885,0.817375,-0.008394,-0.001386,-0.019532,0.080403,0.02807,-0.064305,0.00902,0.109044,0.03875,-0.048414,0.791755,0.405394,-0.456922,-0.280311,0.905746,0.317881,0.542723,-0.123604,0.830766,0.015159,-0.002817,-0.014363,-0.337712,-0.471224,-0.210495,0.040804
1163,0.214716,-0.021942,0.310348,-0.805148,-0.374917,-0.459585,0.23814,-0.914035,0.328331,-0.542172,0.15537,0.825794,0.029806,0.002617,-0.04026,-0.075768,-0.197313,-0.08497,0.327351,-0.189299,-0.002283,0.317222,-0.758854,-0.359592,0.542979,0.562122,-0.78253,0.267582,0.329617,0.508729,0.795242,-0.0311,-0.003582,-0.039094,0.041824,0.091839,-0.069854,0.115517,0.031938,0.052901,0.002206,0.81015,0.310321,0.497349,-0.495959,0.815142,0.299277,-0.312538,-0.489125,0.814295,-0.008475,-0.002103,-0.020336,0.06113,0.066176,-0.037051,-0.022822,0.109698,0.038802,-0.049118,0.786017,0.410537,-0.462206,-0.280705,0.903154,0.324831,0.550799,-0.125579,0.825135,0.021956,0.007676,-0.023918,-0.113176,-0.320098,-0.08432,0.155434
1164,0.21607,-0.021491,0.308557,-0.797911,-0.384591,-0.46419,0.240518,-0.909222,0.339761,-0.551729,0.159926,0.818563,0.043123,0.026875,-0.055817,-0.161119,-0.456206,-0.1123,0.423061,-0.190332,-0.002153,0.315532,-0.757554,-0.351567,0.550004,0.559854,-0.783049,0.270799,0.336415,0.51351,0.789301,-0.031726,0.008767,-0.046243,0.024649,0.17784,0.01483,0.14816,0.031421,0.052952,0.001362,0.808696,0.302634,0.504403,-0.493696,0.8154,0.302302,-0.319804,-0.493493,0.80882,-0.015838,0.004349,-0.023128,0.00382,0.224964,0.051293,-0.006656,0.110398,0.039025,-0.050049,0.778492,0.419673,-0.466715,-0.282857,0.898379,0.336016,0.560304,-0.129572,0.818089,0.021591,0.013375,-0.02799,-0.209632,-0.510987,-0.12546,0.301089
1165,0.217477,-0.020488,0.3065,-0.791408,-0.39596,-0.465762,0.244675,-0.903385,0.352139,-0.559211,0.165212,0.812413,0.027124,0.040348,-0.060372,-0.27443,-0.532995,-0.401749,0.498274,-0.191462,-0.001656,0.313728,-0.757246,-0.338305,0.558676,0.554929,-0.784209,0.277497,0.345178,0.520585,0.780837,-0.01746,0.011082,-0.045166,-0.070633,0.341455,0.168312,0.171948,0.030838,0.053204,0.000422,0.807976,0.289598,0.513134,-0.488473,0.816226,0.308491,-0.329495,-0.499907,0.800953,-0.008697,0.005637,-0.022468,-0.073958,0.348443,0.173383,0.024859,0.111091,0.039507,-0.05106,0.772451,0.429865,-0.467476,-0.286776,0.892876,0.347175,0.566637,-0.134115,0.812978,0.021472,0.015063,-0.026218,0.03287,-0.220599,0.018051,0.420128
1166,0.218156,-0.019734,0.305413,-0.788528,-0.398048,-0.468857,0.24584,-0.902783,0.35287,-0.562754,0.163473,0.810315,0.026919,0.04256,-0.057944,-0.080454,-0.389765,-0.090377,0.518898,-0.192041,-0.00129,0.312782,-0.757361,-0.329133,0.563974,0.551383,-0.784887,0.282599,0.350582,0.52541,0.775177,-0.032192,0.022944,-0.051604,-0.164718,0.579322,0.320394,0.188512,0.03056,0.053379,-3.1e-05,0.807872,0.281796,0.517621,-0.485071,0.81676,0.312421,-0.334733,-0.503479,0.79653,-0.01577,0.006074,-0.021582,-0.2019,0.639189,0.357158,0.040861,0.111431,0.039882,-0.051605,0.768569,0.432703,-0.47124,-0.288057,0.891746,0.349014,0.571247,-0.132497,0.810012,0.020933,0.022019,-0.028769,-0.215874,-0.436949,-0.287444,0.469931
1167,0.219554,-0.017902,0.303096,-0.785579,-0.397341,-0.474374,0.246715,-0.904176,0.348668,-0.566481,0.15736,0.808928,0.041644,0.044854,-0.0567,0.103359,-0.163043,0.079156,0.521986,-0.193247,-0.000427,0.310834,-0.757924,-0.310386,0.573763,0.543682,-0.786469,0.292934,0.361263,0.534356,0.764078,-0.032181,0.023524,-0.051173,-0.048351,0.275342,0.353929,0.234163,0.029957,0.053812,-0.001004,0.807734,0.261568,0.528343,-0.476315,0.817639,0.323403,-0.347403,-0.512882,0.785024,-0.016046,0.011955,-0.025368,-0.089423,0.433338,0.260079,0.092788,0.112114,0.040784,-0.052739,0.76511,0.432469,-0.477049,-0.289191,0.892746,0.345503,0.575303,-0.12639,0.808115,0.020844,0.022596,-0.028172,0.072578,-0.203117,0.056075,0.509284
1168,0.221145,-0.016561,0.300983,-0.777839,-0.404822,-0.480761,0.248141,-0.900617,0.356773,-0.576443,0.158713,0.801593,0.042979,0.028319,-0.0549,-0.172706,-0.459346,-0.158949,0.523089,-0.194568,0.000495,0.308788,-0.759229,-0.283713,0.585721,0.532768,-0.787694,0.309241,0.374573,0.547194,0.748423,-0.032259,0.022957,-0.051898,-0.19677,0.540278,0.54482,0.276066,0.029297,0.054274,-0.002025,0.808117,0.235892,0.539722,-0.464775,0.818266,0.338266,-0.361842,-0.524208,0.770892,-0.016091,0.011624,-0.02578,-0.361911,0.757072,0.664589,0.154185,0.112918,0.041487,-0.053806,0.75761,0.438823,-0.483178,-0.290086,0.889513,0.35301,0.584702,-0.127281,0.8012,0.021518,0.01421,-0.027409,-0.30726,-0.614607,-0.224892,0.518755
1169,0.221978,-0.016051,0.299862,-0.773168,-0.416325,-0.478465,0.25161,-0.893852,0.371068,-0.581201,0.167024,0.796451,0.043214,0.026072,-0.057618,-1.540822,1.342827,-2.052362,0.523309,-0.195213,0.000916,0.307838,-0.760259,-0.271198,0.590295,0.527236,-0.788304,0.317069,0.380285,0.55262,0.741524,-0.032198,0.023933,-0.050993,-0.263868,0.643697,0.656337,0.289329,0.028974,0.054483,-0.002503,0.808684,0.22398,0.543932,-0.458939,0.818658,0.345215,-0.367974,-0.528802,0.764828,-0.016109,0.011423,-0.026016,0.009768,0.218576,0.339092,0.178026,0.113334,0.041743,-0.054365,0.752193,0.448315,-0.482926,-0.292519,0.883891,0.364923,0.590455,-0.133227,0.795998,0.021661,0.012795,-0.029101,-0.326301,-0.712356,-0.320627,0.519898
1170,0.223581,-0.014961,0.297636,-0.75947,-0.438928,-0.4802,0.259021,-0.881117,0.395617,-0.595816,0.176618,0.783478,0.042059,0.039925,-0.062867,-0.259548,-0.509777,-0.401168,0.523506,-0.196592,0.001794,0.305756,-0.762688,-0.248227,0.597228,0.516195,-0.789834,0.331118,0.390463,0.561137,0.729745,-0.032998,0.032132,-0.062165,-0.028936,0.277943,0.389685,0.302061,0.028285,0.054924,-0.003534,0.810055,0.198843,0.551608,-0.44625,0.81931,0.359988,-0.380357,-0.537765,0.75242,-0.016246,0.010086,-0.027466,-0.095209,0.367875,0.396005,0.210031,0.114137,0.042275,-0.055486,0.737553,0.471952,-0.482986,-0.299737,0.86971,0.392123,0.605122,-0.144443,0.782919,0.021507,0.014538,-0.027236,-0.441692,-0.671969,-0.501776,0.521204
1171,0.225025,-0.013348,0.295372,-0.752619,-0.448865,-0.4818,0.253005,-0.872648,0.417667,-0.606982,0.193,0.770942,0.041468,0.045074,-0.05705,-0.531717,0.241266,-1.001018,0.522985,-0.197995,0.002808,0.303501,-0.76491,-0.225139,0.603504,0.504899,-0.791209,0.344961,0.40078,0.568854,0.718083,-0.032987,0.03261,-0.06187,0.030522,0.166219,0.311719,0.30909,0.027571,0.05544,-0.004688,0.811258,0.174864,0.557926,-0.433641,0.820017,0.373532,-0.392192,-0.544971,0.741074,-0.016462,0.016252,-0.030959,0.101809,0.101773,0.285196,0.224073,0.11486,0.043074,-0.056626,0.729643,0.481402,-0.485667,-0.29312,0.861839,0.4139,0.617819,-0.159641,0.769943,0.020326,0.028282,-0.032366,-1.345556,1.442622,-2.235944,0.521368
1172,0.226093,-0.010949,0.292772,-0.76609,-0.434295,-0.473856,0.219918,-0.869844,0.441565,-0.602998,0.234605,0.762484,0.009347,0.06827,-0.069249,-0.480563,0.375588,-0.885859,0.52218,-0.199234,0.00417,0.300956,-0.762444,-0.217275,0.609477,0.510455,-0.780668,0.360455,0.398424,0.586208,0.705324,-0.033492,0.043599,-0.070176,-1.220985,0.023937,-0.490199,0.285052,0.026964,0.056104,-0.005934,0.809065,0.168775,0.562962,-0.438592,0.810999,0.38719,-0.391214,-0.560173,0.730175,-0.009622,0.02136,-0.03593,-3.326255,-1.774039,-3.487579,0.214439,0.115397,0.044235,-0.057893,0.743299,0.466788,-0.47918,-0.259693,0.861477,0.436366,0.616494,-0.19991,0.761558,0.012164,0.034629,-0.034779,-1.103338,0.228554,0.707726,0.520715
1173,0.226313,-0.009534,0.291436,-0.77388,-0.42439,-0.470158,0.201471,-0.868729,0.452428,-0.599484,0.255925,0.758386,0.0091,0.070079,-0.067071,-0.966247,0.397667,0.716781,0.522068,-0.199683,0.004979,0.299576,-0.762976,-0.21115,0.610962,0.508794,-0.779007,0.366348,0.399534,0.590631,0.700993,-0.019312,0.043122,-0.071635,-0.00546,0.252351,0.448371,0.265579,0.026734,0.056509,-0.006623,0.808848,0.161869,0.565298,-0.437514,0.807979,0.39465,-0.392868,-0.566538,0.724353,-0.009645,0.021276,-0.03609,-0.049613,0.341498,0.478219,0.196967,0.115516,0.044972,-0.058591,0.75188,0.459366,-0.472925,-0.243145,0.859952,0.448733,0.612826,-0.222403,0.758273,0.00399,0.041213,-0.03687,-2.919186,1.950115,3.621859,0.521041
1174,0.225959,-0.006115,0.288601,-0.782037,-0.414872,-0.465129,0.176697,-0.863263,0.472788,-0.596703,0.288062,0.748995,-0.023035,0.095278,-0.076546,-3.026214,2.372824,3.891032,0.516215,-0.200195,0.006851,0.296626,-0.76692,-0.181906,0.615415,0.493053,-0.780693,0.383862,0.411573,0.598049,0.68761,-0.005471,0.055113,-0.07966,-0.201043,0.598733,0.785693,0.221743,0.026473,0.057439,-0.008097,0.811342,0.134517,0.568883,-0.42141,0.809041,0.409712,-0.405137,-0.57215,0.713096,-0.002717,0.027298,-0.040085,0.058184,0.21891,0.469882,0.147817,0.115351,0.046672,-0.060005,0.758684,0.453379,-0.467808,-0.221916,0.855008,0.468736,0.612495,-0.251808,0.749293,-0.011477,0.047795,-0.038089,-1.00917,0.259449,0.580542,0.516959
1175,0.224775,-0.002388,0.285728,-0.812372,-0.348925,-0.467278,0.085028,-0.863599,0.49693,-0.575923,0.36439,0.73182,-0.037933,0.097411,-0.07231,-1.429069,0.057729,0.131171,0.489588,-0.200221,0.008977,0.293542,-0.771169,-0.152155,0.618174,0.476212,-0.78215,0.401742,0.423332,0.60438,0.674817,-0.00536,0.056329,-0.078413,-0.205002,0.581442,0.784242,0.170146,0.026459,0.058501,-0.00964,0.813909,0.104354,0.571542,-0.403418,0.80943,0.426702,-0.418095,-0.577868,0.700901,0.004435,0.027906,-0.039915,-0.276434,0.81834,0.726324,0.080868,0.114764,0.048535,-0.061444,0.795385,0.383522,-0.46933,-0.125694,0.861881,0.491284,0.592926,-0.331769,0.733735,-0.01901,0.049041,-0.035745,-3.125927,2.107244,3.397272,0.493282
1176,0.22277,0.001439,0.283095,-0.830406,-0.303386,-0.467363,0.012791,-0.848969,0.528262,-0.556013,0.433067,0.709457,-0.067294,0.099744,-0.0665,-3.300794,2.105123,2.730196,0.4654,-0.199612,0.011352,0.290475,-0.767222,-0.124797,0.629117,0.466845,-0.781107,0.414563,0.44062,0.611915,0.656717,0.023443,0.06131,-0.074806,0.07319,0.990716,0.187078,0.137463,0.026744,0.059657,-0.011153,0.810341,0.076607,0.580928,-0.392349,0.807297,0.440831,-0.435211,-0.58515,0.684243,0.011759,0.030582,-0.037493,-0.227832,0.599947,0.918581,0.026819,0.113798,0.050414,-0.062741,0.814261,0.341401,-0.469491,-0.055781,0.851048,0.522116,0.577811,-0.39895,0.71202,-0.033092,0.043967,-0.02966,-0.641203,-0.58251,-1.025462,0.457684
1177,0.221447,0.003027,0.282063,-0.834417,-0.296098,-0.464886,-0.006621,-0.838042,0.54554,-0.550092,0.45865,0.697902,-0.079815,0.076976,-0.049821,-1.505201,0.216458,-0.046727,0.457443,-0.199127,0.012568,0.289082,-0.764037,-0.108702,0.635942,0.460565,-0.782013,0.419844,0.452622,0.613802,0.646718,0.023657,0.064156,-0.071689,-0.026189,0.4996,0.512186,0.127731,0.026986,0.060262,-0.011853,0.805287,0.060266,0.589813,-0.386451,0.807804,0.445092,-0.44963,-0.586361,0.673805,0.011922,0.032531,-0.03537,0.345476,2.373879,-0.802294,0.007387,0.113087,0.051278,-0.063305,0.819363,0.332221,-0.467196,-0.031982,0.840182,0.54136,0.572381,-0.428629,0.699039,-0.039883,0.038684,-0.024662,-1.418813,0.273,-0.020189,0.441682
1178,0.218153,0.00573,0.280516,-0.843271,-0.287962,-0.453892,-0.036777,-0.81156,0.583087,-0.53522,0.508748,0.674346,-0.093229,0.069712,-0.036197,-0.722743,-0.538114,-1.133584,0.395428,-0.197976,0.014862,0.28663,-0.749506,-0.072158,0.658047,0.451778,-0.782185,0.428973,0.484686,0.618894,0.617991,0.02443,0.057524,-0.058866,0.18255,2.506396,-0.801588,0.076742,0.02757,0.061435,-0.013111,0.791277,0.02566,0.610918,-0.376439,0.807774,0.453644,-0.481844,-0.588932,0.648833,0.019284,0.028345,-0.030373,-0.055176,0.350585,0.715844,-0.038171,0.111475,0.052601,-0.064068,0.828746,0.323697,-0.456507,1.7e-05,0.815724,0.578439,0.559623,-0.479388,0.676023,-0.046132,0.029046,-0.014394,-0.462521,-0.130671,-0.892789,0.39694
1179,0.214301,0.007889,0.279821,-0.858793,-0.26386,-0.439201,-0.068097,-0.790867,0.608164,-0.506754,0.55252,0.661777,-0.105117,0.043897,-0.002802,-0.210619,0.104693,-0.745605,0.199238,-0.196503,0.016798,0.284639,-0.72904,-0.035705,0.683533,0.446887,-0.781106,0.436004,0.519242,0.623366,0.584521,0.039279,0.050844,-0.047061,-0.21456,0.924468,0.614291,0.002795,0.028316,0.062424,-0.01413,0.768446,-0.010586,0.639826,-0.371782,0.806415,0.459861,-0.520834,-0.591255,0.61575,0.019699,0.025711,-0.023244,-0.296547,1.030614,0.630608,-0.131737,0.109554,0.053682,-0.064438,0.844222,0.302823,-0.442251,0.031604,0.795548,0.605065,0.53506,-0.524786,0.662049,-0.052975,0.027703,-0.005076,-0.174261,0.117698,-0.751724,0.207523
1180,0.212135,0.008907,0.279807,-0.866364,-0.254583,-0.429705,-0.07282,-0.786818,0.612851,-0.493045,0.562557,0.663674,-0.105094,0.049975,0.003938,0.063287,0.233004,-0.415316,0.054558,-0.195565,0.017624,0.283902,-0.71187,-0.018433,0.702063,0.449227,-0.780222,0.43518,0.54062,0.625195,0.562783,0.054094,0.043398,-0.03618,-0.251607,0.751287,0.774296,-0.018575,0.028764,0.062817,-0.014488,0.751354,-0.026115,0.659381,-0.374545,0.805796,0.458702,-0.543306,-0.591616,0.595657,0.027311,0.015652,-0.014762,-0.053437,2.441216,-0.822485,-0.170273,0.108472,0.054187,-0.06445,0.852171,0.294475,-0.432536,0.035893,0.791772,0.60976,0.52203,-0.535145,0.664156,-0.059806,0.024869,0.002467,0.141277,0.291422,-0.42282,0.058766
1181,0.207376,0.010826,0.280465,-0.869669,-0.247806,-0.426982,-0.068596,-0.795901,0.601505,-0.487812,0.552704,0.675711,-0.131972,0.037383,0.031967,0.490038,0.397255,0.145727,-0.113864,-0.19343,0.018947,0.283043,-0.688836,0.008908,0.724857,0.451909,-0.776439,0.439151,0.567565,0.630055,0.529871,0.055457,0.02742,-0.013813,-0.411207,0.706881,0.502812,-0.054953,0.029832,0.063484,-0.014926,0.728255,-0.051901,0.683337,-0.376738,0.802618,0.462462,-0.572462,-0.59423,0.564957,0.027812,0.014399,-0.006189,0.020932,0.616521,-0.109064,-0.224976,0.106103,0.055149,-0.064135,0.855586,0.288746,-0.429648,0.030483,0.800437,0.59864,0.516762,-0.525285,0.676041,-0.059254,0.025946,0.013555,0.870988,0.064453,0.786965,-0.220135
1182,0.202283,0.012596,0.282195,-0.86887,-0.229729,-0.438559,-0.075761,-0.813745,0.576238,-0.488176,0.534184,0.690188,-0.144848,0.040402,0.055152,0.577792,0.476906,0.214135,-0.238599,-0.191121,0.019761,0.282973,-0.684767,0.019253,0.728501,0.451405,-0.773451,0.444905,0.572867,0.633475,0.519996,0.071027,0.013593,0.009758,-0.031072,0.05207,0.070389,-0.11714,0.030981,0.063891,-0.014975,0.723438,-0.064399,0.687378,-0.375467,0.798825,0.470003,-0.579363,-0.598106,0.553721,0.028538,0.007027,0.005607,0.013149,0.143076,-0.151376,-0.272003,0.103562,0.056031,-0.063281,0.855677,0.270372,-0.441264,0.036934,0.81859,0.573189,0.516189,-0.506763,0.690463,-0.065368,0.021367,0.028536,0.70329,0.051827,0.751356,-0.360238
1183,0.197016,0.014124,0.284918,-0.863467,-0.213708,-0.456944,-0.085498,-0.830768,0.549987,-0.49608,0.514226,0.699646,-0.142355,0.031025,0.082778,0.541259,0.078451,0.407248,-0.314429,-0.188243,0.020526,0.283831,-0.683658,0.020243,0.729515,0.45179,-0.77317,0.445003,0.573887,0.633786,0.51849,0.072117,0.015834,0.031673,0.087772,-0.15331,-0.057894,-0.141773,0.032393,0.064263,-0.01457,0.722405,-0.065408,0.688369,-0.375638,0.798686,0.470101,-0.58054,-0.598181,0.552405,0.036095,0.008332,0.016254,0.212211,-0.277113,-0.160854,-0.316745,0.100927,0.056799,-0.061929,0.85143,0.253505,-0.459131,0.045954,0.835996,0.546806,0.522451,-0.486666,0.700143,-0.07155,0.021898,0.038486,1.158314,-1.048187,1.693524,-0.438944
1184,0.194255,0.014808,0.286593,-0.859165,-0.208179,-0.467484,-0.09001,-0.83784,0.538417,-0.502698,0.504923,0.701694,-0.141544,0.036112,0.086922,0.212644,0.418055,-0.283955,-0.346028,-0.186847,0.020848,0.284504,-0.684154,0.021038,0.729029,0.451468,-0.772706,0.446135,0.57355,0.634325,0.518204,0.072747,0.008234,0.042952,-0.065249,0.001353,0.046775,-0.145058,0.033118,0.064436,-0.014223,0.722932,-0.065223,0.687833,-0.375553,0.79853,0.470436,-0.579939,-0.598411,0.552788,0.036105,0.0107,0.018671,-0.045314,-0.004286,0.068565,-0.32442,0.099547,0.057143,-0.061088,0.847495,0.246449,-0.470119,0.050667,0.844074,0.533826,0.528377,-0.476235,0.702863,-0.070878,0.018752,0.044357,0.372171,-0.038814,0.206855,-0.468826
1185,0.188703,0.016133,0.290292,-0.852074,-0.189143,-0.488099,-0.108459,-0.848452,0.518012,-0.51105,0.494555,0.703044,-0.13924,0.030919,0.098076,-0.289105,-0.904581,2.750013,-0.353612,-0.18407,0.021315,0.286412,-0.686428,0.017873,0.726972,0.451561,-0.772995,0.445539,0.570752,0.634073,0.521589,0.073329,0.004403,0.057799,-0.082029,-0.025148,0.034279,-0.210366,0.034507,0.064674,-0.01327,0.725313,-0.061957,0.685624,-0.375737,0.798888,0.469679,-0.576838,-0.598279,0.556164,0.036671,0.002558,0.029251,-0.097112,-0.13207,0.20187,-0.357567,0.096717,0.057829,-0.059195,0.841875,0.22729,-0.489473,0.067703,0.855336,0.513628,0.535408,-0.46555,0.704698,-0.069674,0.01578,0.049502,-0.378114,-0.909472,2.71565,-0.498709
1186,0.183204,0.017218,0.294264,-0.84707,-0.11052,-0.519907,-0.196473,-0.843797,0.499376,-0.492836,0.525288,0.693694,-0.15104,0.022836,0.106601,-1.076834,0.840882,1.230903,-0.348204,-0.181322,0.021808,0.288861,-0.689897,0.015054,0.723745,0.451231,-0.772715,0.446359,0.566815,0.634493,0.52536,0.073152,0.013853,0.066821,0.041293,-0.188948,-0.066724,-0.304965,0.035882,0.064918,-0.012048,0.728571,-0.060167,0.682322,-0.375374,0.798163,0.471199,-0.572955,-0.599429,0.558933,0.036572,0.007324,0.0338,0.131824,-0.273029,-0.135104,-0.444438,0.094025,0.058367,-0.057244,0.839919,0.149287,-0.521773,0.15542,0.854989,0.494811,0.519979,-0.496696,0.69492,-0.068642,0.011358,0.053186,-3.303804,2.930455,4.165537,-0.500178
1187,0.180383,0.017749,0.296457,-0.849766,-0.070485,-0.52247,-0.238769,-0.832142,0.500502,-0.468993,0.550143,0.690952,-0.13605,0.027629,0.109358,-3.100572,2.649845,4.082675,-0.335757,-0.179947,0.022097,0.290268,-0.691666,0.013652,0.722082,0.451185,-0.772405,0.446942,0.564692,0.634903,0.527147,0.072908,0.016264,0.068752,-0.07865,-0.04627,0.054574,-0.350297,0.036548,0.06506,-0.011367,0.730511,-0.057821,0.680448,-0.375421,0.79833,0.47088,-0.570449,-0.599438,0.561482,0.036455,0.008702,0.034953,-0.108716,-0.044779,0.091057,-0.487383,0.092609,0.058627,-0.056151,0.844272,0.113087,-0.523846,0.19462,0.846049,0.496309,0.499326,-0.520971,0.692287,-0.075092,0.014064,0.055313,-0.405746,0.17806,0.337874,-0.497402
1188,0.175012,0.018646,0.300989,-0.844983,-0.00869,-0.534765,-0.315251,-0.799653,0.511022,-0.43102,0.600398,0.673626,-0.133912,0.020935,0.118492,-0.911241,-0.429487,0.367214,-0.272757,-0.177571,0.022619,0.293151,-0.694368,0.007859,0.719571,0.452487,-0.772628,0.445236,0.560313,0.634738,0.531996,0.059391,0.008579,0.080041,0.031544,-0.195291,-0.13968,-0.467311,0.037763,0.065333,-0.0099,0.733245,-0.053286,0.677873,-0.376725,0.798097,0.470233,-0.566065,-0.600168,0.565126,0.029678,0.00501,0.040732,0.141465,-0.31148,-0.19571,-0.58944,0.089978,0.059073,-0.05393,0.843616,0.045636,-0.535002,0.276199,0.81757,0.505263,0.460461,-0.574016,0.677111,-0.067071,0.010515,0.05953,-3.284656,2.534107,3.817137,-0.470786
1189,0.169963,0.018963,0.305841,-0.825189,0.018025,-0.56461,-0.36846,-0.774816,0.513682,-0.427187,0.631895,0.64672,-0.118346,-0.000726,0.131579,-0.455526,-0.474535,0.19967,-0.254391,-0.175441,0.023197,0.296276,-0.695245,-0.004966,0.718749,0.460167,-0.771119,0.43995,0.552911,0.636618,0.537467,0.058922,0.01294,0.083165,0.020878,-0.198644,-0.103622,-0.638087,0.038828,0.065621,-0.008337,0.734924,-0.039989,0.676968,-0.384862,0.797332,0.46491,-0.55836,-0.602213,0.570588,0.02216,0.012421,0.038682,0.108158,-0.255752,-0.156659,-0.734116,0.087392,0.059253,-0.05146,0.824444,0.018328,-0.565645,0.332184,0.793521,0.509879,0.458196,-0.608265,0.648126,-0.066187,-0.000821,0.065668,-0.468788,-0.452598,0.118012,-0.437474
1190,0.167441,0.018905,0.308416,-0.813003,0.023558,-0.581823,-0.386434,-0.769302,0.508739,-0.434606,0.638409,0.635278,-0.131473,-0.01267,0.137717,-0.260536,-0.4324,0.419776,-0.273046,-0.174458,0.02348,0.297991,-0.694598,-0.016157,0.71921,0.46753,-0.769838,0.434395,0.547511,0.637996,0.541347,0.044979,0.014651,0.085374,-0.003288,-0.263177,0.059699,-0.735382,0.039308,0.065757,-0.007513,0.735103,-0.028242,0.677367,-0.392567,0.796856,0.459251,-0.552734,-0.603509,0.574684,0.02245,0.007142,0.04251,0.001476,-0.182997,-0.125328,-0.823925,0.086136,0.059232,-0.050171,0.812576,0.012541,-0.582719,0.350082,0.788837,0.505151,0.466006,-0.614474,0.6366,-0.06587,-0.000507,0.065295,-0.045044,-0.976467,1.081946,-0.436658
1191,0.162481,0.01836,0.313792,-0.787702,0.041375,-0.614703,-0.417235,-0.769963,0.482747,-0.452349,0.636682,0.624535,-0.130648,-0.014442,0.133764,0.08988,-0.115219,0.794846,-0.360307,-0.172809,0.024098,0.301346,-0.688185,-0.040437,0.724402,0.48155,-0.772145,0.414531,0.543426,0.634154,0.549909,0.044526,0.016259,0.085591,0.101798,-0.26531,-0.225601,-0.848718,0.040139,0.066069,-0.005832,0.730485,-0.004067,0.682915,-0.407446,0.799916,0.440591,-0.548068,-0.600097,0.58267,0.022221,0.007954,0.042631,0.249299,-0.226828,-0.502338,-0.95962,0.083701,0.05897,-0.047527,0.78841,-0.005688,-0.615122,0.379874,0.791013,0.479575,0.483843,-0.611771,0.625804,-0.058612,-0.013413,0.070285,0.348581,0.080077,0.995104,-0.474215
1192,0.157988,0.017518,0.318972,-0.762726,0.078794,-0.64194,-0.449848,-0.777779,0.43894,-0.463757,0.623466,0.629482,-0.102887,-0.028433,0.136886,0.601132,0.337207,1.3702,-0.454079,-0.171511,0.02467,0.304664,-0.685831,-0.063128,0.725012,0.489634,-0.776934,0.395683,0.53915,0.626436,0.562812,0.030563,0.015921,0.085197,0.241478,-0.444646,-0.381279,-0.926303,0.040804,0.066365,-0.004137,0.729529,0.018165,0.683708,-0.416309,0.804926,0.422824,-0.542654,-0.593096,0.594779,0.015227,0.00816,0.042777,0.382813,-0.48397,-0.66067,-0.956681,0.0814,0.058549,-0.044888,0.764853,-0.043192,-0.642754,0.412104,0.799691,0.43665,0.495146,-0.598855,0.629446,-0.058358,-0.014136,0.068731,0.341916,0.098325,1.163042,-0.540838
1193,0.155794,0.016985,0.321579,-0.753428,0.098886,-0.650087,-0.464082,-0.780372,0.419069,-0.464938,0.617306,0.63466,-0.1165,-0.030489,0.134535,0.27469,0.077065,1.120586,-0.499619,-0.170983,0.024897,0.306382,-0.685059,-0.073345,0.72478,0.493541,-0.778395,0.387881,0.536558,0.623517,0.568503,0.031291,0.004437,0.092007,0.064885,-0.266409,-0.262234,-0.96198,0.041068,0.066482,-0.003281,0.729569,0.02949,0.68327,-0.420696,0.807038,0.414371,-0.539205,-0.589762,0.601196,0.008392,0.008003,0.042921,0.104733,-0.178961,-0.463198,-0.962559,0.080309,0.058286,-0.043581,0.756995,-0.066,-0.650077,0.426155,0.804044,0.414614,0.495327,-0.590895,0.636784,-0.05153,-0.015486,0.067063,0.401355,0.172514,1.255179,-0.577088
1194,0.151602,0.015717,0.326732,-0.736863,0.146023,-0.660118,-0.49148,-0.786174,0.374632,-0.463351,0.600302,0.651897,-0.103108,-0.036224,0.128197,0.453334,0.452017,1.118965,-0.570383,-0.170154,0.025293,0.309833,-0.683496,-0.093895,0.723885,0.50148,-0.780893,0.372369,0.531152,0.617639,0.579882,0.016693,0.01344,0.08231,0.090942,-0.258616,-0.267377,-1.014261,0.041482,0.066681,-0.001582,0.729159,0.049497,0.682552,-0.429313,0.809795,0.399902,-0.532933,-0.584621,0.611719,0.008296,0.00631,0.040794,0.223888,-0.407627,-0.382146,-0.986563,0.078247,0.05767,-0.041048,0.742598,-0.11185,-0.660331,0.452835,0.81028,0.372002,0.493445,-0.575269,0.652362,-0.044855,-0.018469,0.063812,0.3264,0.27703,1.082304,-0.637669
1195,0.148022,0.014298,0.331304,-0.723716,0.183023,-0.665419,-0.513486,-0.787014,0.341926,-0.460219,0.58891,0.664388,-0.076756,-0.035668,0.110178,0.421311,0.405165,1.147206,-0.654928,-0.169623,0.025458,0.313032,-0.684344,-0.106592,0.72132,0.506805,-0.78064,0.365627,0.52496,0.615912,0.587309,0.017474,-0.001432,0.085801,-0.102538,-0.054657,-0.131018,-1.03301,0.041753,0.06677,5e-05,0.730757,0.063108,0.679713,-0.43533,0.810052,0.392812,-0.525814,-0.58295,0.619425,0.001535,0.004179,0.038997,-0.113296,0.001474,-0.146625,-0.989992,0.07638,0.056939,-0.038661,0.730662,-0.150803,-0.665876,0.475779,0.811951,0.338184,0.48966,-0.563908,0.665011,-0.038515,-0.018389,0.05469,0.34961,0.334225,1.108954,-0.698739
1196,0.145007,0.012847,0.335259,-0.71262,0.210025,-0.669409,-0.531382,-0.784576,0.319446,-0.457229,0.583091,0.671546,-0.064243,-0.035339,0.092592,0.214981,0.251384,0.841195,-0.729949,-0.169367,0.025491,0.316106,-0.684373,-0.11919,0.719318,0.512169,-0.78063,0.358098,0.51968,0.61363,0.594352,0.00317,0.003885,0.073283,0.042463,-0.163553,-0.301463,-1.065675,0.041887,0.066789,0.001596,0.731317,0.074664,0.677938,-0.440977,0.810042,0.386485,-0.520302,-0.581598,0.625323,0.001982,-0.003613,0.040564,0.099761,-0.365385,-0.192435,-0.998973,0.074872,0.056214,-0.036683,0.720906,-0.17876,-0.669581,0.493837,0.810358,0.315348,0.486229,-0.558,0.67247,-0.032263,-0.018278,0.045846,0.29827,0.335473,0.884647,-0.759973
1197,0.143693,0.012193,0.336914,-0.710454,0.211229,-0.671329,-0.529303,-0.789043,0.311804,-0.462967,0.576593,0.673223,-0.0648,-0.030211,0.079406,0.014955,0.063598,0.479054,-0.764534,-0.169288,0.025466,0.317613,-0.684598,-0.12416,0.718262,0.514468,-0.780241,0.355641,0.517103,0.613146,0.597093,0.003174,0.001648,0.07101,-0.03598,-0.065395,-0.224766,-1.076784,0.041925,0.066776,0.002323,0.731804,0.080031,0.676799,-0.443469,0.809992,0.383728,-0.517492,-0.580954,0.628246,0.001993,-0.005361,0.0389,-0.01386,-0.224546,-0.123054,-0.999136,0.074239,0.055901,-0.035883,0.719156,-0.180808,-0.670911,0.491307,0.815097,0.306972,0.491355,-0.550385,0.675015,-0.032497,-0.015397,0.039512,0.056744,0.064894,0.499837,-0.785447
1198,0.141536,0.010986,0.339428,-0.70574,0.215401,-0.674966,-0.527928,-0.795219,0.298143,-0.471653,0.566474,0.675779,-0.039594,-0.035538,0.057555,0.315737,-0.178455,0.16069,-0.843501,-0.169199,0.025298,0.320333,-0.685606,-0.138864,0.714599,0.519252,-0.781164,0.346546,0.510939,0.608822,0.606746,0.004096,-0.01363,0.074799,0.092716,-0.362845,-0.226556,-1.088841,0.04197,0.066697,0.003707,0.73339,0.094024,0.673273,-0.448627,0.811044,0.37542,-0.510756,-0.577378,0.636994,0.001547,-0.00131,0.033423,0.230902,-0.382068,-0.456705,-0.999299,0.073151,0.055303,-0.034615,0.714541,-0.185322,-0.6746,0.49001,0.820809,0.293534,0.49932,-0.540303,0.677311,-0.026576,-0.012578,0.024462,1.164223,-0.398065,-0.80029,-0.843088
1199,0.140017,0.009998,0.340809,-0.700617,0.218743,-0.679215,-0.528449,-0.798674,0.287808,-0.478649,0.560298,0.676009,-0.027755,-0.029421,0.028014,0.182462,0.140764,0.61937,-0.904125,-0.169145,0.024954,0.322955,-0.687056,-0.153317,0.710239,0.523688,-0.781966,0.337956,0.504413,0.604327,0.616619,0.003218,-0.006297,0.063344,0.095941,-0.333088,-0.174904,-1.108127,0.041997,0.066523,0.005022,0.735483,0.108554,0.66879,-0.453581,0.812146,0.36699,-0.503317,-0.573266,0.646557,0.00157,-0.003885,0.031061,0.173346,-0.303196,-0.430453,-1.000606,0.072387,0.054808,-0.033912,0.709312,-0.186822,-0.679686,0.489888,0.823966,0.284761,0.506839,-0.534955,0.675971,-0.013837,-0.009821,0.009376,0.234372,0.260648,0.486729,-0.894852
1200,0.139108,0.009267,0.34118,-0.696566,0.221587,-0.682452,-0.526819,-0.803663,0.276693,-0.486289,0.551984,0.677395,-0.015091,-0.017973,0.002753,0.10717,0.027574,0.379149,-0.978256,-0.169006,0.024351,0.325406,-0.688738,-0.167549,0.705379,0.527923,-0.782629,0.329733,0.49765,0.599692,0.62656,0.004181,-0.024148,0.065429,-0.022521,-0.203501,-0.137949,-1.12903,0.042068,0.066221,0.006273,0.737898,0.123479,0.663519,-0.45838,0.81328,0.358414,-0.495371,-0.568618,0.656719,0.002051,-0.012433,0.032417,-0.058292,-0.17086,-0.1181,-1.011546,0.071927,0.054431,-0.033723,0.705687,-0.191341,-0.682197,0.48803,0.829284,0.272238,0.513645,-0.525048,0.678596,-0.007463,-0.003946,-0.003142,0.180102,0.061229,0.423683,-0.946615
1201,0.138813,0.009034,0.341096,-0.696758,0.219615,-0.682893,-0.520288,-0.810083,0.270255,-0.492986,0.543326,0.67955,-0.015109,-0.009071,-0.007289,0.124584,0.096288,0.214417,-1.012856,-0.168896,0.023957,0.326561,-0.689621,-0.174596,0.702802,0.529988,-0.782916,0.325713,0.494215,0.597311,0.631533,0.016542,-0.01524,0.054497,0.053581,-0.2649,-0.151451,-1.133213,0.042123,0.066024,0.006851,0.739029,0.130209,0.660968,-0.460621,0.813625,0.354739,-0.491591,-0.566619,0.66127,0.008234,-0.007942,0.026983,0.044582,-0.256816,-0.146602,-1.017588,0.071778,0.054306,-0.033765,0.705767,-0.189604,-0.682599,0.48124,0.835406,0.265525,0.519903,-0.515893,0.680848,-0.007648,-0.005127,-0.004111,0.143645,0.013038,0.396474,-0.971925
1202,0.13861,0.008586,0.34072,-0.696981,0.221773,-0.681967,-0.511279,-0.820498,0.255634,-0.501998,0.526568,0.686113,-0.001964,-0.012741,-0.010386,0.191825,0.196414,0.278448,-1.072338,-0.168592,0.023021,0.328768,-0.690935,-0.186341,0.698482,0.534045,-0.782663,0.31964,0.487964,0.594102,0.639373,0.003362,-0.021616,0.050336,0.047146,-0.231453,-0.200616,-1.146431,0.042274,0.065565,0.007936,0.740753,0.141391,0.656729,-0.464953,0.813518,0.349293,-0.484874,-0.564088,0.668356,0.001639,-0.010607,0.025324,0.122862,-0.327502,-0.229567,-1.016772,0.071671,0.054081,-0.033954,0.706122,-0.19089,-0.681873,0.471493,0.845202,0.251645,0.528285,-0.499191,0.686819,-0.000979,-0.006392,-0.005203,0.327945,0.360383,0.401737,-1.022871
1203,0.138748,0.00809,0.340287,-0.701068,0.212598,-0.680699,-0.490816,-0.836317,0.244224,-0.516492,0.505047,0.691513,0.011764,-0.012969,-0.010685,0.419657,-0.004707,-0.270849,-1.106712,-0.168176,0.021982,0.330713,-0.691952,-0.195677,0.694914,0.537696,-0.78188,0.315405,0.482473,0.59214,0.645332,0.016644,-0.024972,0.046501,-0.028506,-0.147204,-0.09782,-1.157035,0.042475,0.065054,0.00889,0.742156,0.150976,0.653,-0.468905,0.81311,0.344932,-0.478884,-0.562189,0.674249,0.008298,-0.013304,0.022586,0.020112,-0.2075,-0.140198,-1.018568,0.071734,0.053825,-0.034176,0.709491,-0.183697,-0.680351,0.45197,0.859334,0.239306,0.540689,-0.477284,0.692715,0.00589,-0.006256,-0.005143,3.853141,-1.322225,-3.564877,-1.046712
1204,0.13887,0.007864,0.340127,-0.703169,0.209636,-0.679449,-0.482381,-0.842668,0.239148,-0.521546,0.49565,0.694513,-0.00157,-0.010233,-0.008397,0.462786,0.078047,-0.263565,-1.116166,-0.167903,0.021438,0.33154,-0.690445,-0.200595,0.69501,0.540275,-0.781765,0.311257,0.481747,0.590652,0.647236,0.016712,-0.029573,0.042827,-0.04331,-0.112844,-0.110323,-1.159188,0.042613,0.064777,0.009326,0.740972,0.156237,0.653107,-0.471806,0.813197,0.340746,-0.477868,-0.560624,0.676271,0.008321,-0.014594,0.021558,-0.047996,-0.130622,-0.087981,-1.018241,0.071798,0.0537,-0.034266,0.711627,-0.179332,-0.679283,0.441885,0.865928,0.234318,0.54619,-0.466913,0.695462,-0.000772,-0.005064,-0.004156,0.460102,0.070554,-0.269251,-1.056672
1205,0.139342,0.007284,0.339804,-0.706025,0.208032,-0.676977,-0.470663,-0.852076,0.228941,-0.528336,0.480002,0.700347,0.0114,-0.024625,-0.002962,0.202764,0.379262,0.166913,-1.131459,-0.167265,0.020343,0.332991,-0.688968,-0.207889,0.694331,0.544285,-0.780885,0.306442,0.479334,0.589301,0.65025,0.015871,-0.022623,0.031519,-0.077747,-0.047698,-0.000225,-1.160492,0.042932,0.064224,0.010052,0.739922,0.163809,0.652442,-0.476238,0.812554,0.336083,-0.475091,-0.559393,0.679239,0.008391,-0.018029,0.018841,-0.156136,0.013443,-0.02014,-1.018731,0.072031,0.053425,-0.034422,0.714069,-0.17638,-0.677491,0.429546,0.874551,0.225053,0.552807,-0.451717,0.700253,0.005942,-0.006315,-0.005241,0.391157,0.43948,0.480017,-1.055529
1206,0.139941,0.006649,0.339419,-0.711399,0.197994,-0.674356,-0.448572,-0.866557,0.218709,-0.540185,0.457836,0.706125,0.011293,-0.025704,-0.003908,0.088871,0.100898,0.232302,-1.131282,-0.166496,0.019309,0.334061,-0.6832,-0.215817,0.697604,0.549753,-0.780684,0.297046,0.481341,0.586721,0.6511,0.015062,-0.017274,0.018921,0.184169,-0.257802,-0.241333,-1.16266,0.043322,0.063698,0.010599,0.734655,0.170609,0.656638,-0.482096,0.812269,0.32833,-0.477351,-0.557773,0.678987,0.007515,-0.008972,0.00918,0.292519,-0.363551,-0.298217,-1.019058,0.072334,0.053098,-0.034615,0.719434,-0.167305,-0.674109,0.406734,0.888214,0.213638,0.563011,-0.427882,0.70706,0.005648,-0.012891,-0.001996,0.062217,0.069872,0.218833,-1.059448
1207,0.140258,0.006306,0.339211,-0.717345,0.190581,-0.670179,-0.429591,-0.878251,0.209995,-0.547677,0.438301,0.71272,0.011269,-0.026067,-0.00424,1.443897,0.121574,-0.731593,-1.133301,-0.166024,0.018822,0.33446,-0.683294,-0.218136,0.696791,0.550861,-0.780268,0.296086,0.479937,0.586421,0.652407,0.028415,-0.020108,0.015556,0.202004,-0.363295,-0.224764,-1.16134,0.043558,0.063456,0.0108,0.734838,0.172548,0.655926,-0.48322,0.811816,0.327798,-0.47593,-0.557835,0.679933,0.014195,-0.01038,0.007504,0.348089,-0.505042,-0.302285,-1.018894,0.072493,0.052926,-0.03472,0.724563,-0.158786,-0.670667,0.387546,0.898549,0.20595,0.569926,-0.409139,0.712593,0.005628,-0.01307,-0.002166,1.552268,0.238466,-0.680956,-1.058632
1208,0.14092,0.005653,0.33882,-0.728518,0.176463,-0.661942,-0.395079,-0.897599,0.195449,-0.558768,0.403683,0.724462,0.025274,-0.025313,-0.003743,1.282154,0.018887,-1.01762,-1.152306,-0.165049,0.017939,0.335075,-0.680921,-0.220886,0.698245,0.553721,-0.779157,0.293666,0.480013,0.586872,0.651944,0.02852,-0.022112,0.013972,-0.067263,0.078035,-0.158517,-1.161219,0.044035,0.063019,0.011099,0.733028,0.176978,0.65677,-0.486351,0.811401,0.324176,-0.475533,-0.557051,0.680853,0.014254,-0.011373,0.006718,-0.078138,-0.006342,0.022294,-1.019058,0.072809,0.05261,-0.034913,0.734497,-0.14861,-0.662138,0.357029,0.914394,0.190818,0.577099,-0.376558,0.724678,0.006026,-0.006126,-0.005151,0.348244,0.40202,0.464553,-1.055529
1209,0.141584,0.005042,0.338647,-0.740226,0.167243,-0.651261,-0.364802,-0.913512,0.179965,-0.563921,0.370583,0.73803,0.012414,-0.018992,0.001576,3.983269,-0.351031,-3.724962,-1.216947,-0.163911,0.017169,0.335627,-0.678951,-0.228239,0.697799,0.556836,-0.779411,0.287027,0.479196,0.583722,0.655364,0.028559,-0.020967,0.014886,0.215374,-0.383204,-0.236239,-1.160221,0.044593,0.062636,0.011365,0.731072,0.182229,0.657514,-0.489608,0.811282,0.319536,-0.475201,-0.555529,0.682327,0.013781,-0.004894,0.003411,-0.051301,0.083836,-0.132419,-1.019548,0.07314,0.052299,-0.035011,0.745386,-0.137524,-0.652292,0.325896,0.928766,0.176593,0.581542,-0.344209,0.737108,0.006329,-0.004147,-0.003515,0.126584,0.203169,0.130673,-1.069736
1210,0.142133,0.004575,0.338726,-0.74882,0.161816,-0.642751,-0.344561,-0.923437,0.168858,-0.565289,0.347705,0.748048,0.013337,-0.012778,0.006771,0.291568,0.320372,0.101397,-1.246201,-0.162764,0.016445,0.336162,-0.676103,-0.233599,0.69879,0.560223,-0.778882,0.281826,0.479272,0.582313,0.656561,0.028602,-0.020271,0.015441,-0.051247,-0.033253,0.005866,-1.159469,0.045166,0.062272,0.011631,0.729055,0.190055,0.657537,-0.493501,0.811633,0.312581,-0.474272,-0.552385,0.685518,0.014288,-0.009988,0.00782,-0.081491,-0.00686,0.020965,-1.018404,0.073419,0.052057,-0.034978,0.754697,-0.128575,-0.643349,0.300385,0.939505,0.164612,0.583266,-0.317485,0.747665,-2.4e-05,-0.000114,-0.000113,1.474458,0.295496,-0.923472,-1.077574
1211,0.14234,0.004416,0.338881,-0.751376,0.161431,-0.639859,-0.339777,-0.925845,0.165329,-0.564791,0.341427,0.751309,9.2e-05,-0.00852,0.010419,0.098657,0.216053,0.099379,-1.249528,-0.162242,0.016128,0.336452,-0.67574,-0.238526,0.697476,0.561824,-0.779089,0.278043,0.477905,0.58004,0.659562,0.028572,-0.018431,0.016907,0.011222,-0.028223,-0.230864,-1.159428,0.045449,0.062096,0.011785,0.728849,0.194858,0.656359,-0.495353,0.811862,0.309038,-0.472655,-0.550372,0.688249,0.014273,-0.009101,0.008528,-0.007059,-0.010676,-0.22126,-1.021507,0.073532,0.051971,-0.0349,0.757632,-0.12846,-0.639914,0.295111,0.941917,0.160314,0.582152,-0.310305,0.751537,0.006985,-0.004191,0.005218,0.11499,0.228541,0.146922,-1.073655
1212,0.142636,0.004141,0.33953,-0.755541,0.158815,-0.635594,-0.330579,-0.930015,0.1605,-0.564687,0.331175,0.755961,0.014583,-0.013239,0.023925,0.229107,0.447793,0.277499,-1.276649,-0.161187,0.015556,0.337116,-0.674899,-0.243631,0.696525,0.56441,-0.778374,0.27479,0.476038,0.578885,0.661923,0.028514,-0.015532,0.019212,-0.073346,0.070607,-0.128378,-1.159745,0.045966,0.061814,0.012109,0.728325,0.200071,0.655372,-0.49817,0.811308,0.305948,-0.470498,-0.549317,0.690566,0.014253,-0.00798,0.009419,-0.088661,0.007748,0.030469,-1.02118,0.073675,0.051834,-0.034581,0.760739,-0.123838,-0.637133,0.285722,0.945294,0.157418,0.582784,-0.301797,0.754506,0.000504,-0.005589,0.012862,-0.086054,-0.007986,-0.022941,-1.077247
