frame,MLTx,MLTy,MLTz,MLTR1,MLTR2,MLTR3,MLTR4,MLTR5,MLTR6,MLTR7,MLTR8,MLTR9,MLTTVx,MLTTVy,MLTTVz,MLTRVx,MLTRVy,MLTRVz,MLGA,MRTx,MRTy,MRTz,MRTR1,MRTR2,MRTR3,MRTR4,MRTR5,MRTR6,MRTR7,MRTR8,MRTR9,MRTTVx,MRTTVy,MRTTVz,MRTRVx,MRTRVy,MRTRVz,MRGA,SLTx,SLTy,SLTz,SLTR1,SLTR2,SLTR3,SLTR4,SLTR5,SLTR6,SLTR7,SLTR8,SLTR9,SLTTVx,SLTTVy,SLTTVz,SLTRVx,SLTRVy,SLTRVz,SLGA,SRTx,SRTy,SRTz,SRTR1,SRTR2,SRTR3,SRTR4,SRTR5,SRTR6,SRTR7,SRTR8,SRTR9,SRTTVx,SRTTVy,SRTTVz,SRTRVx,SRTRVy,SRTRVz,SRGA
486,0.13452,0.00629,0.391402,-0.417353,0.827921,-0.374713,-0.827879,-0.516372,-0.218969,-0.374268,0.217797,0.901396,0.000285,0.001766,0.001074,0.0,-0.0,0.0,-1.741777,-0.116116,0.025416,0.359002,0.034432,0.900936,0.432574,-0.981575,-0.050725,0.184043,0.187721,-0.432067,0.88201,-0.013287,0.006746,-0.057708,-0.322084,0.638437,0.323637,-1.407433,0.060102,0.031002,-0.006531,-0.016177,-0.921289,0.388541,0.979343,0.063734,0.191898,-0.201557,0.383619,0.901227,-0.013843,0.007967,-0.033003,0.076829,0.185315,0.080712,-0.847603,0.078483,0.029408,-0.051578,-0.431544,0.837798,-0.334459,-0.823812,-0.517077,-0.232302,-0.367563,0.175283,0.91333,0.006464,-0.004766,0.004749,-0.034917,-0.012743,0.037262,-0.953146
487,0.134638,0.006186,0.391524,-0.417245,0.827985,-0.374691,-0.828088,-0.516177,-0.218643,-0.373928,0.218016,0.901484,0.000235,0.001461,0.000888,0.0,-0.0,0.0,-1.742046,-0.116559,0.025673,0.35774,0.048819,0.895814,0.441731,-0.982333,-0.036735,0.183323,0.1804,-0.443995,0.877603,-0.027945,0.016846,-0.065485,-0.02397,0.326972,0.49669,-1.407188,0.059892,0.031116,-0.007136,-0.030812,-0.916623,0.398563,0.980248,0.050224,0.191286,-0.195355,0.396585,0.89697,-0.013086,0.002978,-0.028541,0.403259,0.936845,1.756925,-0.84597,0.078542,0.02936,-0.051521,-0.431426,0.837867,-0.334438,-0.824018,-0.516892,-0.231983,-0.36724,0.1755,0.913418,0.006476,-0.004679,0.004805,-0.034726,-0.001195,0.011394,-0.953309
488,0.134764,0.005967,0.391773,-0.416238,0.828185,-0.375368,-0.827754,-0.51591,-0.220526,-0.375782,0.217888,0.900744,-6e-05,-0.008909,0.010172,-0.035535,0.013425,-0.018126,-1.741081,-0.117329,0.026411,0.35533,0.082113,0.879758,0.468269,-0.984208,-0.00212,0.176814,0.156455,-0.476491,0.865067,-0.015812,0.022115,-0.063156,-0.131461,0.449503,0.448421,-1.407512,0.059492,0.031496,-0.008393,-0.065394,-0.902416,0.425872,0.982961,0.015216,0.18318,-0.171785,0.430595,0.886045,-0.007884,0.011134,-0.031501,-0.200818,0.502118,0.47474,-0.844827,0.078605,0.029251,-0.051395,-0.43043,0.838108,-0.335117,-0.823707,-0.516542,-0.233858,-0.369101,0.175379,0.912691,-1.4e-05,-0.004329,0.005159,-0.03577,0.013512,-0.018188,-0.954289
489,0.134751,0.005711,0.39205,-0.415529,0.828271,-0.375964,-0.82734,-0.515857,-0.222198,-0.377474,0.217686,0.900085,-0.000234,-0.009996,0.009516,-0.035538,0.013405,-0.018135,-1.740546,-0.11796,0.027333,0.352717,0.107996,0.870606,0.479972,-0.981574,0.017064,0.190148,0.15723,-0.492751,0.855768,-0.015508,0.020239,-0.064545,-0.032988,0.318524,0.535251,-1.407568,0.059187,0.031947,-0.009647,-0.090992,-0.894371,0.437972,0.980591,-0.003769,0.196027,-0.17367,0.447309,0.877355,-0.007703,0.010099,-0.032283,0.562155,0.690256,2.118311,-0.857073,0.078599,0.029125,-0.051256,-0.429729,0.838228,-0.335717,-0.82331,-0.516414,-0.235533,-0.3708,0.175184,0.91204,-0.006567,-0.004348,0.00529,-0.037116,0.028345,-0.047837,-0.956085
490,0.134707,0.005571,0.392177,-0.415774,0.828196,-0.375857,-0.82743,-0.515933,-0.221686,-0.377007,0.217791,0.900256,-0.000253,-0.010111,0.009447,-0.035539,0.013398,-0.018138,-1.740769,-0.118235,0.027746,0.351481,0.120988,0.86438,0.488059,-0.980734,0.028372,0.193107,0.15293,-0.503098,0.85051,-0.015598,0.020702,-0.064259,0.065854,0.424134,0.274664,-1.407895,0.059044,0.032159,-0.01029,-0.105163,-0.888661,0.446342,0.979906,-0.016107,0.198807,-0.169483,0.45828,0.872498,-0.007707,0.010029,-0.032348,0.378599,0.980547,0.009433,-0.85887,0.078577,0.02905,-0.051189,-0.429988,0.83814,-0.335604,-0.823399,-0.516519,-0.23499,-0.370301,0.175293,0.912222,-0.000134,-0.00508,0.004709,-0.03561,0.01343,-0.018151,-0.956738
491,0.134604,0.005363,0.39238,-0.415209,0.828212,-0.376447,-0.826862,-0.516058,-0.223505,-0.378869,0.217434,0.89956,-0.0,-0.0,-0.0,0.0,-0.0,0.0,-1.740283,-0.118731,0.028597,0.349054,0.14741,0.8455,0.513217,-0.981127,0.059653,0.183756,0.124577,-0.531673,0.837656,-0.016031,0.023118,-0.062602,0.499807,0.653954,-0.135636,-1.408397,0.058796,0.032581,-0.011506,-0.132826,-0.871489,0.472083,0.98089,-0.047265,0.18873,-0.142163,0.48813,0.861114,-0.001585,0.012457,-0.031309,1.51368,1.896397,-0.842844,-0.861809,0.078525,0.028945,-0.051088,-0.42943,0.838188,-0.336199,-0.822848,-0.516561,-0.236822,-0.372169,0.174942,0.911529,-4e-06,-1e-06,2e-06,-0.000367,0.000146,-8.4e-05,-0.957228
492,0.134554,0.005239,0.392517,-0.41434,0.828338,-0.377127,-0.826306,-0.516005,-0.225676,-0.381027,0.217082,0.898733,4e-06,2.2e-05,1.3e-05,0.0,-0.0,0.0,-1.741257,-0.118979,0.029301,0.346772,0.161492,0.839364,0.519018,-0.97925,0.071367,0.189499,0.121827,-0.539898,0.832785,-0.001476,0.01346,-0.054863,-0.043367,0.071438,0.488812,-1.408751,0.058666,0.032939,-0.012648,-0.146023,-0.866113,0.478042,0.979527,-0.058896,0.192499,-0.138571,0.496365,0.856982,-0.007196,0.006333,-0.027049,-0.138142,0.254764,0.360297,-0.870463,0.0785,0.028884,-0.05102,-0.428567,0.838353,-0.336885,-0.822312,-0.516409,-0.239005,-0.374342,0.174595,0.910704,-2e-06,5e-06,5e-06,-0.001618,0.000638,-0.000403,-0.957392
493,0.134559,0.005133,0.392604,-0.414262,0.828389,-0.377101,-0.826474,-0.515852,-0.22541,-0.380747,0.217251,0.898811,-1e-06,-4e-06,-2e-06,0.0,0.0,0.0,-1.738413,-0.119308,0.029605,0.344889,0.177952,0.82995,0.528686,-0.977694,0.088558,0.19028,0.110892,-0.551788,0.826496,0.001063,-0.003898,-0.035309,-0.042639,0.280101,0.240511,-1.408805,0.058503,0.033089,-0.013585,-0.162115,-0.857825,0.487703,0.978459,-0.075726,0.192048,-0.127812,0.508331,0.851623,-0.006765,0.003119,-0.021378,0.649561,0.733486,1.601845,-0.880098,0.078503,0.02883,-0.050977,-0.428494,0.838404,-0.336853,-0.822483,-0.516269,-0.238717,-0.374049,0.174768,0.910792,-0.000126,-0.005029,0.004745,-0.035576,0.013379,-0.018145,-0.957555
494,0.134588,0.005099,0.39263,-0.414119,0.828453,-0.377117,-0.826573,-0.515708,-0.225377,-0.380688,0.217348,0.898813,-0.000245,-0.010062,0.009485,-0.035543,0.013372,-0.018149,-1.737207,-0.11934,0.029681,0.344205,0.184109,0.823575,0.536488,-0.978165,0.100383,0.181796,0.09565,-0.559271,0.823365,0.000313,0.000515,-0.032114,0.46173,0.636117,-0.395353,-1.408928,0.058488,0.033124,-0.01396,-0.169791,-0.851492,0.496117,0.978993,-0.088074,0.183888,-0.112884,0.516918,0.848559,0.000136,0.000535,-0.015845,0.519075,0.671346,-0.442369,-0.882057,0.078517,0.028817,-0.050967,-0.428337,0.838476,-0.336874,-0.82258,-0.516121,-0.238705,-0.374016,0.17486,0.910788,-2e-06,4e-06,1e-06,-2.1e-05,-4e-06,4e-06,-0.957882
495,0.134682,0.005051,0.392645,-0.413431,0.828742,-0.377238,-0.826889,-0.515119,-0.225566,-0.380751,0.217644,0.898714,0.01289,-0.001388,-0.001121,0.000984,-0.014715,0.029553,-1.734195,-0.11937,0.029722,0.343055,0.189238,0.815858,0.546404,-0.978142,0.108233,0.177366,0.085341,-0.569041,0.817784,-0.013031,0.001547,-0.03008,0.0649,-0.054391,0.143458,-1.409053,0.058472,0.033148,-0.014532,-0.175025,-0.844283,0.506508,0.979181,-0.095548,0.179093,-0.102809,0.527309,0.843429,-0.006528,0.000971,-0.014889,0.090875,-0.087751,0.131173,-0.890548,0.07856,0.02879,-0.050956,-0.427691,0.838763,-0.336979,-0.8229,-0.515554,-0.238828,-0.374052,0.175155,0.910716,1e-06,5e-06,0.0,-5e-06,5e-06,1.1e-05,-0.958208
496,0.134789,0.005048,0.392629,-0.413032,0.828902,-0.377322,-0.827036,-0.514801,-0.22575,-0.380864,0.217783,0.898633,3e-06,2.1e-05,1.3e-05,0.0,0.0,0.0,-1.733466,-0.119463,0.029443,0.342276,0.197123,0.809591,0.552898,-0.976799,0.114514,0.180784,0.082811,-0.576716,0.812652,0.00074,-0.003203,-0.018732,-0.023795,0.077396,0.042105,-1.409101,0.058426,0.033008,-0.014916,-0.182965,-0.838532,0.513212,0.977971,-0.101888,0.182182,-0.100475,0.53524,0.838702,-0.005157,-0.008403,-0.005599,-0.054758,0.104247,-0.032986,-0.902142,0.078618,0.028788,-0.050964,-0.427273,0.838942,-0.337066,-0.823062,-0.515212,-0.239006,-0.374172,0.175306,0.910638,3e-06,1.3e-05,8e-06,5e-06,9e-06,1.3e-05,-0.958371
497,0.134837,0.005035,0.392632,-0.412798,0.828998,-0.377366,-0.827139,-0.514604,-0.225822,-0.380894,0.217881,0.898596,0.0,0.0,0.0,0.0,0.0,0.0,-1.733884,-0.119504,0.029219,0.342079,0.199881,0.807101,0.555541,-0.976676,0.119234,0.178385,0.077498,-0.579245,0.811377,-0.011002,-0.012981,-0.008358,0.077878,0.058041,0.068145,-1.409027,0.058407,0.032892,-0.015023,-0.185731,-0.836313,0.515833,0.977991,-0.106554,0.179381,-0.095055,0.537797,0.837698,-0.005543,-0.006184,-0.003947,0.086478,0.043272,0.064712,-0.906551,0.078642,0.028782,-0.050963,-0.427041,0.839043,-0.337107,-0.823168,-0.515013,-0.239068,-0.374204,0.175404,0.910606,-0.0,1e-06,-2e-06,-6e-06,-1.5e-05,4e-06,-0.958371
498,0.134931,0.005002,0.392621,-0.412492,0.829123,-0.377426,-0.82727,-0.514349,-0.225923,-0.380941,0.218008,0.898546,0.01289,-0.001391,-0.001124,0.000984,-0.014715,0.029553,-1.732962,-0.119561,0.028853,0.341866,0.204157,0.800477,0.563514,-0.977283,0.133863,0.164112,0.055692,-0.585215,0.808879,-0.011935,-0.007554,-0.004302,0.161955,-0.143579,-0.1621,-1.408967,0.058383,0.032712,-0.015128,-0.190553,-0.829891,0.524375,0.978921,-0.120648,0.16479,-0.073493,0.544723,0.835388,0.000499,-0.002929,-0.002197,0.276922,-0.204761,-0.232733,-0.907204,0.078689,0.028765,-0.050968,-0.426736,0.839174,-0.337166,-0.823304,-0.514755,-0.239157,-0.374252,0.175533,0.910561,0.006447,-0.000682,-0.000554,0.000992,-0.01471,0.029563,-0.958045
499,0.135009,0.005002,0.392607,-0.412296,0.8292,-0.377472,-0.827337,-0.514197,-0.226024,-0.381008,0.218073,0.898501,-0.0,-0.0,-0.0,0.0,0.0,0.0,-1.730694,-0.119781,0.028627,0.341761,0.205728,0.796963,0.567907,-0.977331,0.138423,0.159994,0.048653,-0.588941,0.806625,-0.012324,-0.005304,-0.002616,-0.004122,0.030394,-0.053645,-1.408837,0.058267,0.032601,-0.015179,-0.191729,-0.826991,0.528511,0.979201,-0.124773,0.159987,-0.066365,0.548194,0.833713,-0.006204,-0.002399,-0.001114,-0.00838,0.030844,-0.05267,-0.914225,0.078728,0.028765,-0.050975,-0.426543,0.839255,-0.337209,-0.823373,-0.514601,-0.239251,-0.374321,0.175598,0.91052,-2e-06,7e-06,2e-06,-2.5e-05,-1.1e-05,3e-06,-0.958371
500,0.13512,0.004937,0.3926,-0.411878,0.829373,-0.377548,-0.827533,-0.513837,-0.226124,-0.381034,0.218263,0.898444,0.012808,-0.001916,-0.001444,0.000984,-0.014715,0.029553,-1.729924,-0.120218,0.02844,0.341828,0.213438,0.791967,0.572034,-0.976316,0.15278,0.152966,0.033495,-0.592122,0.805067,-0.013029,-0.001115,0.000534,0.326206,-0.265675,-0.297274,-1.408652,0.058054,0.032507,-0.015146,-0.200822,-0.821261,0.534041,0.978226,-0.138973,0.154138,-0.05237,0.553368,0.831288,-0.006566,-0.000256,0.000502,0.457819,-0.076468,-0.591027,-0.919124,0.078783,0.028732,-0.050978,-0.426128,0.839437,-0.337283,-0.823575,-0.514239,-0.239334,-0.37435,0.175791,0.910471,0.006402,-0.00096,-0.000726,0.000991,-0.014721,0.029571,-0.958208
501,0.135164,0.004902,0.39259,-0.411703,0.829445,-0.37758,-0.827612,-0.513688,-0.226172,-0.381051,0.218339,0.898418,-0.000132,-0.000829,-0.000504,0.0,0.0,0.0,-1.728118,-0.120501,0.028414,0.341864,0.217793,0.785988,0.578602,-0.975707,0.162562,0.146638,0.020938,-0.597462,0.801538,-0.013127,-0.000506,0.00099,1.313467,2.057624,-1.348925,-1.409052,0.057907,0.032496,-0.015126,-0.20434,-0.817159,0.538976,0.978114,-0.148392,0.145847,-0.0392,0.556983,0.829597,-0.006601,-0.000122,0.000591,1.287792,2.06535,-1.338797,-0.922716,0.078805,0.028715,-0.050983,-0.425955,0.839512,-0.337314,-0.823657,-0.51409,-0.239374,-0.374368,0.175868,0.910449,0.006366,-0.001195,-0.000866,0.000993,-0.014697,0.029577,-0.958371
502,0.135266,0.004846,0.392576,-0.411564,0.829501,-0.377608,-0.827688,-0.513563,-0.226181,-0.381038,0.218418,0.898404,0.012854,-0.001644,-0.001279,0.000984,-0.014715,0.029553,-1.723233,-0.121226,0.028427,0.341901,0.229248,0.776161,0.587376,-0.973309,0.183277,0.137887,-0.000903,-0.604275,0.796689,-0.025999,-0.002482,0.000863,-0.004069,0.030414,-0.058465,-1.408922,0.057559,0.032508,-0.015106,-0.215818,-0.807621,0.548789,0.976283,-0.168641,0.135756,-0.017091,0.565073,0.824863,-0.013061,-0.000887,0.000713,-0.024119,0.12984,-0.223264,-0.9219,0.078851,0.028686,-0.05099,-0.425838,0.839562,-0.337336,-0.823725,-0.513984,-0.239369,-0.374351,0.17594,0.910442,-2.7e-05,-0.000169,-0.000106,-7e-06,-8e-06,5e-06,-0.958045
503,0.135388,0.004795,0.392566,-0.411225,0.82964,-0.377674,-0.827842,-0.513274,-0.226272,-0.38107,0.218571,0.898354,-0.000114,-0.00072,-0.000438,0.0,0.0,0.0,-1.718397,-0.122184,0.028286,0.341958,0.244371,0.765858,0.594757,-0.969511,0.202346,0.137984,-0.014962,-0.611297,0.791174,-0.024204,-0.014531,0.008183,-0.048536,0.047251,-0.071378,-1.409003,0.057084,0.032445,-0.015078,-0.231546,-0.79786,0.5566,0.972817,-0.187911,0.135331,-0.003384,0.572806,0.819683,-0.012941,-0.001606,0.000167,0.01332,0.016021,-0.060925,-0.926635,0.078917,0.028662,-0.050995,-0.425479,0.839717,-0.337404,-0.823892,-0.513674,-0.239454,-0.37439,0.176102,0.910394,-7.1e-05,-0.000448,-0.000274,-6e-06,9e-06,6e-06,-0.958045
504,0.135462,0.004749,0.392572,-0.410993,0.829737,-0.377713,-0.827964,-0.513066,-0.226296,-0.381054,0.218691,0.898331,-0.000349,-0.010787,0.009045,-0.035553,0.013291,-0.018188,-1.718379,-0.12271,0.028232,0.341998,0.250485,0.762485,0.596545,-0.967808,0.211349,0.136429,-0.022353,-0.612464,0.790096,-0.026126,-0.001603,0.001502,-0.010633,0.137404,-0.216044,-1.408791,0.056822,0.032409,-0.015059,-0.237568,-0.794859,0.558354,0.971361,-0.196826,0.133098,0.004104,0.573984,0.818856,-0.013012,-0.001159,0.000503,0.075178,0.15087,-0.111322,-0.922063,0.07895,0.028644,-0.050995,-0.425256,0.839815,-0.337442,-0.824005,-0.513478,-0.239489,-0.374396,0.17621,0.910371,-8.4e-05,-0.000536,-0.000329,-1e-06,-1e-06,4e-06,-0.955269
505,0.135598,0.00472,0.392586,-0.410703,0.829856,-0.377768,-0.828109,-0.512811,-0.226344,-0.381052,0.218837,0.898296,4.6e-05,0.000293,0.000178,0.0,0.0,0.0,-1.718316,-0.123821,0.028132,0.342003,0.261336,0.754625,0.601861,-0.964398,0.22941,0.131306,-0.039298,-0.615689,0.786922,-0.025788,-0.003704,-8.9e-05,0.008469,0.141338,-0.191527,-1.408793,0.056256,0.032364,-0.015052,-0.248537,-0.787504,0.563973,0.968393,-0.214674,0.126999,0.021059,0.577712,0.815968,-0.019329,-0.002879,-0.000124,0.08043,0.061013,0.032477,-0.923696,0.079022,0.028623,-0.050986,-0.42496,0.839944,-0.337494,-0.824167,-0.513211,-0.239503,-0.374376,0.176372,0.910348,3.3e-05,0.000205,0.000125,1.7e-05,7e-06,6e-06,-0.955269
506,0.135743,0.004697,0.39258,-0.410379,0.829985,-0.377835,-0.828246,-0.512543,-0.22645,-0.381104,0.218974,0.898241,0.0,0.0,0.0,0.0,0.0,0.0,-1.718376,-0.12521,0.027902,0.342001,0.281177,0.739161,0.612024,-0.957508,0.258184,0.128271,-0.063539,-0.623005,0.779545,-0.038556,-0.006396,-0.00079,3.375065,0.767743,4.238907,-1.408961,0.055566,0.032249,-0.015053,-0.264414,-0.774308,0.574917,0.963522,-0.237646,0.123073,0.041331,0.586489,0.808901,-0.012812,-0.002414,-0.000447,0.034716,0.01978,-0.027382,-0.928595,0.07909,0.028617,-0.050991,-0.424646,0.840076,-0.33756,-0.824295,-0.512952,-0.239618,-0.37445,0.176496,0.910294,0.0,1e-06,-3e-06,-1e-06,-6e-06,-5e-06,-0.955922
507,0.135857,0.004655,0.392575,-0.410042,0.830122,-0.3779,-0.828399,-0.512256,-0.22654,-0.381134,0.219125,0.898192,-9e-06,-5.9e-05,-3.6e-05,0.0,0.0,0.0,-1.718085,-0.126733,0.027651,0.341986,0.297513,0.720277,0.626641,-0.950473,0.284889,0.123985,-0.089576,-0.633389,0.768542,-0.038672,-0.005648,-0.000258,-0.29861,0.500722,-0.012686,-1.409655,0.054819,0.032123,-0.015063,-0.28475,-0.756553,0.588679,0.955897,-0.270187,0.115141,0.071943,0.595504,0.800123,-0.019335,-0.002846,-0.000114,-0.002017,0.129036,-0.251313,-0.933003,0.079151,0.028591,-0.050991,-0.424304,0.840224,-0.337621,-0.824465,-0.512652,-0.239673,-0.374462,0.176663,0.910256,0.006448,-0.000703,-0.000571,0.000989,-0.014718,0.029553,-0.956412
508,0.135887,0.004659,0.392577,-0.409955,0.830157,-0.377918,-0.828433,-0.512185,-0.226575,-0.381154,0.219158,0.898175,8e-06,4.8e-05,2.9e-05,0.0,0.0,0.0,-1.716754,-0.127481,0.027562,0.341971,0.304663,0.711876,0.632775,-0.946904,0.297695,0.12118,-0.102474,-0.636983,0.763947,-0.040258,0.005703,-0.008139,-0.25969,0.497374,0.011554,-1.409442,0.054432,0.032072,-0.015067,-0.29213,-0.748374,0.595479,0.95263,-0.282768,0.11197,0.084587,0.599981,0.795529,-0.025801,-0.003645,-6.6e-05,-0.339936,0.661005,-0.166506,-0.928431,0.079166,0.028594,-0.05099,-0.424217,0.840261,-0.337639,-0.824501,-0.51258,-0.239705,-0.374482,0.176697,0.910241,6e-06,3.2e-05,1.7e-05,-7e-06,1e-06,-6e-06,-0.956575
509,0.135886,0.004629,0.392606,-0.410015,0.830138,-0.377894,-0.828452,-0.512207,-0.226459,-0.381049,0.21918,0.898214,-3.3e-05,-0.00021,-0.000128,0.0,0.0,0.0,-1.716742,-0.129117,0.027268,0.341995,0.323957,0.694572,0.642349,-0.937299,0.327608,0.118647,-0.128419,-0.641375,0.756313,-0.038554,-0.006538,-0.000969,-0.061495,0.294991,-0.394476,-1.409677,0.053632,0.031936,-0.015056,-0.313302,-0.73046,0.606851,0.943314,-0.313087,0.11015,0.109537,0.606962,0.787145,-0.019359,-0.002677,-9e-06,-0.001085,0.171014,-0.206732,-0.928758,0.079166,0.028579,-0.050975,-0.424277,0.84024,-0.337615,-0.824517,-0.512607,-0.23959,-0.374377,0.176718,0.91028,-2.3e-05,-0.000139,-8.5e-05,-1.1e-05,0.0,-6e-06,-0.955759
510,0.135834,0.004582,0.392637,-0.410107,0.830109,-0.377858,-0.828469,-0.512246,-0.226308,-0.380914,0.219197,0.898268,-8.9e-05,-0.000564,-0.000343,0.0,0.0,0.0,-1.716084,-0.130687,0.026917,0.342103,0.349746,0.671858,0.652898,-0.922368,0.368773,0.11479,-0.16407,-0.643197,0.747824,-0.037242,-0.016332,0.00804,0.928067,0.524172,1.0711,-1.409451,0.052828,0.031759,-0.015007,-0.337716,-0.709915,0.618034,0.930103,-0.352441,0.103404,0.144413,0.609757,0.77932,-0.019382,-0.002525,3.5e-05,3.472624,1.069461,4.026219,-0.922226,0.07914,0.028555,-0.05096,-0.424368,0.840208,-0.33758,-0.824532,-0.512653,-0.23944,-0.374241,0.176734,0.910333,-4.9e-05,-0.000307,-0.000188,-1.6e-05,-8e-06,-6e-06,-0.955922
511,0.135813,0.004561,0.392648,-0.410066,0.830129,-0.377858,-0.828506,-0.512198,-0.226279,-0.380876,0.219232,0.898275,-6.5e-05,-0.000413,-0.000251,0.0,0.0,0.0,-1.715251,-0.131565,0.026774,0.342134,0.362159,0.656052,0.662139,-0.913279,0.391651,0.111644,-0.186519,-0.645968,0.740134,-0.038764,-0.005068,8.3e-05,-0.025328,0.319127,-0.048088,-1.409499,0.052408,0.031685,-0.014988,-0.351713,-0.694058,0.628155,0.921006,-0.376609,0.099564,0.167466,0.613553,0.77169,-0.019386,-0.002534,6.9e-05,0.977723,0.591108,1.086091,-0.925655,0.07913,0.028545,-0.050954,-0.424328,0.840229,-0.337579,-0.82457,-0.512607,-0.239409,-0.374204,0.176769,0.910342,-4.9e-05,-0.000307,-0.000186,1e-06,-2e-06,-1e-06,-0.956085
512,0.135761,0.004506,0.392674,-0.410178,0.830092,-0.377818,-0.828515,-0.512254,-0.22612,-0.380736,0.219243,0.898331,-3.1e-05,-0.000197,-0.00012,0.0,0.0,0.0,-1.716171,-0.133355,0.026514,0.34217,0.392425,0.614083,0.68476,-0.890045,0.441154,0.114617,-0.232174,-0.65521,0.718789,-0.038887,-0.004089,0.00078,0.843648,0.811634,1.01809,-1.409801,0.051494,0.031551,-0.014972,-0.382123,-0.654425,0.652463,0.899429,-0.425468,0.100014,0.212151,0.625063,0.75119,-0.025946,-0.002665,0.000552,3.431462,1.249047,4.005771,-0.928595,0.079103,0.028516,-0.050942,-0.424439,0.840189,-0.33754,-0.824577,-0.51267,-0.239253,-0.374064,0.176779,0.910398,-1.6e-05,-9.8e-05,-6e-05,-2.1e-05,1.3e-05,1e-06,-0.955106
513,0.135717,0.004428,0.392721,-0.410312,0.83005,-0.377766,-0.828547,-0.512308,-0.225883,-0.380523,0.219278,0.898413,-0.000258,-0.01024,0.009381,-0.035558,0.013253,-0.018206,-1.715577,-0.135138,0.026363,0.342222,0.426861,0.565115,0.705993,-0.85928,0.496635,0.122171,-0.282096,-0.659499,0.696667,-0.052017,-0.003897,0.002153,-0.023553,0.97124,0.115675,-1.409684,0.050608,0.031474,-0.014948,-0.4185,-0.607401,0.675218,0.869303,-0.483184,0.10414,0.263,0.630552,0.730228,-0.026054,-0.001677,0.001297,0.749726,1.213458,1.328838,-0.923696,0.079082,0.028481,-0.050922,-0.424557,0.840148,-0.337493,-0.824601,-0.512727,-0.239046,-0.373876,0.176809,0.910469,-1.4e-05,-9.2e-05,-5.4e-05,1.1e-05,8e-06,6e-06,-0.955759
514,0.13571,0.004315,0.392781,-0.409183,0.830271,-0.378504,-0.828011,-0.512093,-0.22832,-0.382895,0.218945,0.897486,-7.3e-05,-0.000461,-0.000281,4.8e-05,-2e-05,1.5e-05,-1.715417,-0.136978,0.026199,0.342317,0.455197,0.511492,0.728809,-0.823599,0.552805,0.126589,-0.338691,-0.658506,0.671953,-0.039078,-0.002174,0.002134,0.950446,0.823726,0.974608,-1.409701,0.049683,0.031393,-0.014899,-0.447647,-0.555153,0.701011,0.835428,-0.539185,0.106483,0.31886,0.633311,0.705155,-0.025962,-0.002458,0.000688,3.726674,1.515635,3.41956,-0.910796,0.079078,0.028421,-0.050888,-0.423437,0.840411,-0.338243,-0.824084,-0.512408,-0.2415,-0.376278,0.176481,0.909543,-4.4e-05,-0.000268,-0.000163,-0.005349,0.002089,-0.001413,-0.955595
515,0.135696,0.004248,0.392811,-0.409492,0.830152,-0.37843,-0.827953,-0.512304,-0.228056,-0.382691,0.218899,0.897585,-0.000149,-0.000944,-0.000576,-0.006889,0.081972,-0.181082,-1.716161,-0.137819,0.026157,0.342356,0.461306,0.490553,0.739288,-0.811125,0.570732,0.127578,-0.35991,-0.659117,0.660222,-0.039165,-0.001265,0.002792,-0.034636,0.907143,0.336156,-1.409982,0.049262,0.03137,-0.014881,-0.454595,-0.535983,0.711382,0.82279,-0.558572,0.104939,0.341113,0.633023,0.694926,-0.020227,0.004451,-0.002952,1.160908,0.687035,0.619699,-0.90655,0.079071,0.028389,-0.050873,-0.423624,0.840342,-0.338181,-0.824088,-0.512518,-0.241252,-0.376059,0.176491,0.909632,-9.4e-05,-0.000587,-0.000359,-0.000738,0.00028,-0.00019,-0.955759
516,0.135683,0.004144,0.3929,-0.409595,0.830128,-0.378371,-0.82805,-0.512298,-0.227717,-0.382371,0.219002,0.897696,-1e-06,-3e-06,-2e-06,0.0,0.0,0.0,-1.716139,-0.13935,0.026144,0.342493,0.480063,0.449328,0.753415,-0.77663,0.616955,0.127063,-0.408311,-0.646683,0.644163,-0.039325,0.000588,0.004132,4.113324,1.186938,3.407715,-1.410111,0.048497,0.031362,-0.014813,-0.472109,-0.496768,0.72824,0.79246,-0.601035,0.103747,0.38616,0.62608,0.677424,-0.019635,1e-06,0.001876,0.198212,0.570545,0.065711,-0.89463,0.079065,0.028335,-0.050829,-0.423863,0.840256,-0.338096,-0.824128,-0.512641,-0.240854,-0.375701,0.176546,0.909768,2e-06,2.5e-05,1.6e-05,-9e-06,-4e-06,4e-06,-0.956249
517,0.135677,0.004001,0.393001,-0.409488,0.830195,-0.37834,-0.828261,-0.5121,-0.227395,-0.382028,0.219213,0.897791,-0.000312,-0.010579,0.009179,-0.035562,0.013229,-0.018217,-1.71381,-0.140715,0.026152,0.342652,0.496822,0.417436,0.760859,-0.748078,0.650334,0.131829,-0.440384,-0.635197,0.634389,-0.026418,0.002662,0.004412,1.151588,0.485047,0.789236,-1.410044,0.04781,0.031366,-0.014733,-0.491605,-0.463344,0.737316,0.762073,-0.638623,0.106788,0.421388,0.614387,0.667053,-0.013186,0.001067,0.002053,4.052114,0.739824,3.486087,-0.892998,0.079062,0.028269,-0.050782,-0.423742,0.840328,-0.33807,-0.824334,-0.512452,-0.240551,-0.375386,0.176751,0.909858,-5.3e-05,-0.00033,-0.000199,-7e-06,3e-06,-1e-06,-0.956249
518,0.135672,0.003926,0.393037,-0.408277,0.830444,-0.379102,-0.827711,-0.511846,-0.229956,-0.384507,0.218865,0.896817,-0.00039,-0.011078,0.008876,-0.01567,0.005161,-0.0119,-1.713572,-0.141261,0.026221,0.342743,0.500155,0.404957,0.765406,-0.738256,0.66129,0.132692,-0.453027,-0.631936,0.628718,-0.026448,0.003151,0.004761,-0.071576,0.300797,-0.092003,-1.409575,0.047537,0.031401,-0.014687,-0.495797,-0.4508,0.74227,0.751495,-0.651079,0.106541,0.435248,0.610635,0.661576,-0.01329,0.002205,0.002868,-0.003377,0.321407,0.011296,-0.89463,0.079059,0.028232,-0.050763,-0.422527,0.840626,-0.338848,-0.823799,-0.512083,-0.243156,-0.377922,0.176403,0.908876,-0.000104,-0.000656,-0.000401,0.066217,-0.026839,0.021091,-0.956085
519,0.135649,0.003785,0.393056,-0.408633,0.83031,-0.379011,-0.827667,-0.512076,-0.229604,-0.384224,0.218835,0.896945,-0.000309,-0.001963,-0.001197,0.0,-0.0,0.0,-1.714062,-0.142033,0.026393,0.342941,0.507198,0.381847,0.772616,-0.720257,0.680019,0.136891,-0.473736,-0.626388,0.618931,-0.013392,0.003489,0.003781,-0.046223,0.117333,0.04609,-1.409958,0.047151,0.03149,-0.014586,-0.503306,-0.428022,0.750652,0.733922,-0.670284,0.109892,0.456114,0.60623,0.651493,-0.006709,0.001846,0.001983,0.057505,0.140264,0.135013,-0.89463,0.079048,0.028158,-0.050749,-0.422912,0.840476,-0.338739,-0.823767,-0.512334,-0.242735,-0.377561,0.176386,0.909029,-0.000195,-0.001233,-0.000752,-0.000151,5e-05,-3.4e-05,-0.955759
520,0.135627,0.003659,0.393073,-0.407712,0.83044,-0.379717,-0.827006,-0.512053,-0.23202,-0.386615,0.218394,0.896025,-0.000318,-0.00202,-0.001233,0.0,-0.0,0.0,-1.715271,-0.142498,0.02654,0.343055,0.511915,0.356393,0.781613,-0.705026,0.694061,0.14543,-0.491277,-0.62595,0.605555,-0.013226,0.001902,0.002602,-0.275119,0.603172,0.12496,-1.409524,0.046908,0.031567,-0.014525,-0.508422,-0.404427,0.760227,0.719165,-0.684992,0.116557,0.473611,0.605989,0.639115,-0.006611,0.000877,0.001253,-0.352679,0.719036,0.193946,-0.899366,0.079037,0.028094,-0.050741,-0.421999,0.840648,-0.339451,-0.823129,-0.512202,-0.245166,-0.379966,0.175953,0.90811,-0.000166,-0.001057,-0.000645,-0.001258,0.000481,-0.000322,-0.956412
521,0.135621,0.003599,0.393072,-0.407721,0.830441,-0.379706,-0.827035,-0.512039,-0.231949,-0.386544,0.218424,0.896048,-0.000352,-0.00223,-0.001362,0.0,-0.0,0.0,-1.716388,-0.142621,0.026601,0.343086,0.513756,0.34362,0.786111,-0.697386,0.700871,0.149556,-0.500194,-0.625486,0.598695,-0.000191,0.002011,0.00148,-0.213891,0.480293,0.082195,-1.409603,0.046846,0.031597,-0.01451,-0.510691,-0.391915,0.765242,0.711602,-0.69219,0.120391,0.482511,0.606031,0.632383,-0.000121,0.001226,0.000906,-0.367965,0.729354,0.274082,-0.899202,0.079034,0.028066,-0.050741,-0.42199,0.840656,-0.339441,-0.823168,-0.512175,-0.245091,-0.37989,0.175991,0.908135,-0.000105,-0.000658,-0.000402,0.006743,-0.081624,0.181173,-0.957065
522,0.135668,0.003496,0.393055,-0.407687,0.830459,-0.379705,-0.827091,-0.511986,-0.23187,-0.386462,0.218483,0.896069,-0.000323,-0.002052,-0.001254,0.0,0.0,0.0,-1.717222,-0.142594,0.026617,0.343046,0.516043,0.331087,0.789982,-0.6901,0.70695,0.154654,-0.507899,-0.625387,0.592278,0.01304,1.5e-05,-0.001189,-0.103417,0.263987,-0.022876,-1.409767,0.046855,0.031607,-0.014527,-0.513277,-0.378948,0.770029,0.704363,-0.69862,0.125701,0.490324,0.606899,0.625503,9.5e-05,-0.000991,-0.000729,-0.125941,0.234451,0.14941,-0.901652,0.079057,0.028013,-0.05075,-0.421977,0.840665,-0.339435,-0.823216,-0.512142,-0.245,-0.379802,0.176044,0.908161,-0.000183,-0.001165,-0.000714,-0.001009,0.011832,-0.026246,-0.958045
523,0.13569,0.003448,0.393025,-0.407465,0.830549,-0.379745,-0.827177,-0.511805,-0.231961,-0.386511,0.218564,0.896028,-0.00017,-0.00108,-0.000661,0.0,0.0,0.0,-1.718145,-0.142193,0.026613,0.342981,0.514473,0.331504,0.790831,-0.690918,0.7064,0.153509,-0.508377,-0.625788,0.591442,0.013171,-0.0013,-0.002162,4.7e-05,5.1e-05,0.00488,-1.409476,0.047055,0.031604,-0.01456,-0.511564,-0.379266,0.771011,0.705233,-0.697939,0.124599,0.490863,0.607484,0.624512,0.012992,0.000573,-0.000789,0.004115,-0.033611,0.05521,-0.902631,0.079068,0.027988,-0.050766,-0.421757,0.84076,-0.339474,-0.823306,-0.511958,-0.245082,-0.379852,0.176126,0.908124,-0.000101,-0.000645,-0.000393,-5e-06,1.3e-05,1e-05,-0.958535
524,0.135671,0.00345,0.393038,-0.40737,0.83059,-0.379757,-0.827226,-0.511719,-0.231978,-0.386508,0.218607,0.896019,0.00025,0.001589,0.000971,0.001004,-0.011836,0.026257,-1.718432,-0.141649,0.026559,0.342879,0.51482,0.325825,0.792963,-0.686494,0.710626,0.153848,-0.513996,-0.623974,0.588496,0.013345,-0.00297,-0.0034,-0.000294,0.000692,0.005308,-1.409565,0.047327,0.031578,-0.01461,-0.512004,-0.373676,0.773445,0.700942,-0.702224,0.124741,0.496519,0.606008,0.621467,0.006642,-0.001154,-0.001463,0.005166,-0.024917,0.024442,-0.906877,0.079058,0.027984,-0.050762,-0.421681,0.840795,-0.339481,-0.823348,-0.511888,-0.245088,-0.379845,0.176163,0.90812,1.6e-05,9.8e-05,5.9e-05,1e-06,-1e-06,7e-06,-0.958535
525,0.135654,0.003452,0.393063,-0.40727,0.830635,-0.379766,-0.827286,-0.511622,-0.231974,-0.386483,0.218663,0.896016,0.00011,0.000695,0.000425,0.0,0.0,0.0,-1.718366,-0.141421,0.026518,0.342779,0.517142,0.32259,0.792774,-0.681982,0.714902,0.154112,-0.517667,-0.620757,0.588681,0.013461,-0.004078,-0.004223,5.7e-05,2.6e-05,0.004865,-1.409785,0.047441,0.031558,-0.01466,-0.514399,-0.370571,0.77335,0.696533,-0.706602,0.124716,0.500235,0.602818,0.62159,0.006714,-0.001837,-0.001972,0.001249,-0.017192,0.027907,-0.909653,0.07905,0.027989,-0.050748,-0.421562,0.84085,-0.339493,-0.823418,-0.511776,-0.245087,-0.379826,0.176226,0.908116,7.2e-05,0.00046,0.000282,1e-06,1.2e-05,1.2e-05,-0.958371
526,0.135621,0.003463,0.39313,-0.407318,0.830624,-0.379739,-0.827321,-0.511626,-0.231841,-0.386358,0.218697,0.896062,8.1e-05,0.000516,0.000315,0.0,0.0,0.0,-1.716489,-0.140865,0.026501,0.342396,0.520023,0.316511,0.79334,-0.676533,0.719537,0.156536,-0.521922,-0.618516,0.58728,0.012462,0.00381,-0.014691,0.035399,-0.00632,0.025522,-1.409913,0.047719,0.031548,-0.014847,-0.517379,-0.364488,0.774252,0.691219,-0.711398,0.126995,0.504513,0.600883,0.620004,0.006923,-0.003801,-0.003433,0.00684,-0.012197,-0.002742,-0.911612,0.079034,0.027996,-0.050713,-0.421609,0.840837,-0.339466,-0.823451,-0.511785,-0.244954,-0.3797,0.176259,0.908162,4.6e-05,0.000293,0.00018,7e-06,-5e-06,2e-06,-0.958045
527,0.135592,0.003436,0.393172,-0.407169,0.830693,-0.379746,-0.827433,-0.511468,-0.231789,-0.386275,0.218801,0.896072,0.0,2e-06,1e-06,0.0,0.0,0.0,-1.716779,-0.140397,0.026475,0.34183,0.520064,0.310805,0.795566,-0.671553,0.724261,0.156192,-0.528282,-0.615881,0.584356,0.012822,0.000443,-0.01722,0.031766,0.014752,0.002832,-1.409855,0.047953,0.031537,-0.015128,-0.517502,-0.358837,0.776806,0.686364,-0.716186,0.126415,0.510975,0.598592,0.61692,-9.1e-05,-5.9e-05,-0.008211,0.042933,-0.007473,-0.013516,-0.913572,0.079024,0.027982,-0.050692,-0.421439,0.840918,-0.339476,-0.823574,-0.511613,-0.244902,-0.379623,0.176373,0.908172,-6e-06,-2.4e-05,-1.4e-05,-1.5e-05,-0.0,-4e-06,-0.958371
528,0.135579,0.003407,0.393167,-0.40713,0.830711,-0.379749,-0.82746,-0.511429,-0.231783,-0.38626,0.218824,0.896073,-5e-05,-0.000316,-0.000193,0.0,0.0,0.0,-1.717845,-0.140247,0.026549,0.341061,0.511835,0.306346,0.802601,-0.668172,0.729101,0.147959,-0.54047,-0.612388,0.576834,-3.1e-05,-0.001754,-0.017662,0.321717,0.569952,-0.543037,-1.409769,0.048033,0.031571,-0.015522,-0.509545,-0.354468,0.784038,0.683113,-0.720696,0.118123,0.523183,0.595775,0.609369,8e-06,-0.001,-0.008925,0.37001,0.596068,-0.612085,-0.915042,0.079013,0.027968,-0.050695,-0.421423,0.840927,-0.339474,-0.823591,-0.511593,-0.244885,-0.379604,0.176388,0.908178,-3e-05,-0.000197,-0.000121,-1e-06,1e-06,2e-06,-0.958535
529,0.135598,0.003405,0.393165,-0.407085,0.830729,-0.379758,-0.827477,-0.511393,-0.231801,-0.38627,0.218842,0.896064,-1e-06,-4e-06,-2e-06,0.0,0.0,0.0,-1.716649,-0.14024,0.0267,0.340619,0.5056,0.301863,0.808232,-0.664714,0.733426,0.142038,-0.550514,-0.609434,0.570429,-0.000129,-0.00079,-0.016954,0.303765,0.611929,-0.550404,-1.409747,0.048036,0.031644,-0.015745,-0.503403,-0.350105,0.789943,0.679795,-0.724802,0.111975,0.53335,0.593369,0.602868,-5.9e-05,-0.000327,-0.008428,0.350558,0.635179,-0.617762,-0.913245,0.079022,0.027966,-0.050696,-0.421378,0.840946,-0.339483,-0.823609,-0.511556,-0.244902,-0.379614,0.176405,0.90817,2e-06,9e-06,4e-06,-5e-06,3e-06,0.0,-0.958371
530,0.135664,0.00339,0.393143,-0.406815,0.830836,-0.379814,-0.827571,-0.51118,-0.231934,-0.386353,0.218932,0.896007,-2.9e-05,-0.000181,-0.000111,0.0,0.0,0.0,-1.716409,-0.140433,0.027188,0.339684,0.499028,0.295686,0.814575,-0.665065,0.733228,0.141418,-0.556056,-0.612685,0.5615,-0.0147,0.011554,-0.022834,-0.011559,0.246676,-0.096569,-1.410186,0.047946,0.031876,-0.016197,-0.497189,-0.344335,0.796389,0.680124,-0.724597,0.11131,0.538733,0.596986,0.594452,-0.000868,0.006544,-0.011458,-0.042531,0.291287,-0.026578,-0.902305,0.07905,0.02796,-0.050707,-0.421132,0.841049,-0.339532,-0.823698,-0.511358,-0.245016,-0.379693,0.176488,0.908121,-1.9e-05,-0.000123,-7.8e-05,1.2e-05,-3e-06,5e-06,-0.958371
531,0.135804,0.00336,0.393086,-0.406393,0.831,-0.379909,-0.827703,-0.510859,-0.232173,-0.386517,0.219061,0.895905,0.012682,-0.002955,-0.002084,0.000984,-0.014715,0.029553,-1.713792,-0.140747,0.027876,0.33881,0.49643,0.296361,0.815916,-0.664697,0.734236,0.137872,-0.558814,-0.611149,0.560434,-0.016553,0.027757,-0.026998,0.107374,-0.010659,0.028171,-1.410028,0.04779,0.032213,-0.016645,-0.494325,-0.345083,0.797847,0.679898,-0.725383,0.107505,0.541647,0.595597,0.593196,-0.001093,0.008775,-0.009769,0.072075,-0.004595,0.011995,-0.900835,0.079121,0.027947,-0.050733,-0.420713,0.841222,-0.339624,-0.823836,-0.511028,-0.24524,-0.379859,0.176619,0.908026,-0.000146,-0.000934,-0.000573,-0.001006,0.011838,-0.026253,-0.958045
532,0.135897,0.003336,0.393045,-0.406215,0.831066,-0.379954,-0.827749,-0.51073,-0.232289,-0.386603,0.21911,0.895855,-0.000327,-0.002087,-0.001276,0.0,0.0,0.0,-1.713577,-0.140945,0.028294,0.338428,0.500905,0.293197,0.814323,-0.662919,0.734794,0.143352,-0.556933,-0.612001,0.561376,-0.015393,0.01857,-0.017522,-0.911436,-1.765098,1.859925,-1.410062,0.04769,0.032426,-0.01684,-0.496489,-0.342029,0.797817,0.678503,-0.726173,0.110924,0.541415,0.596395,0.592605,-0.001306,0.010889,-0.008168,0.082177,-0.02912,0.028843,-0.901652,0.079172,0.027935,-0.050754,-0.420515,0.841301,-0.339673,-0.823895,-0.510877,-0.245359,-0.379952,0.176678,0.907976,0.006274,-0.001911,-0.00131,-2e-05,-0.00288,0.0033,-0.958208
533,0.136068,0.00322,0.392982,-0.405901,0.831188,-0.380021,-0.82788,-0.510471,-0.232391,-0.386653,0.219247,0.8958,-0.000412,-0.002636,-0.001614,0.0,0.0,0.0,-1.713074,-0.141444,0.029193,0.33789,0.502372,0.290496,0.814387,-0.661206,0.735911,0.145517,-0.55765,-0.611943,0.560727,-0.014659,0.013796,-0.004734,0.022164,0.099049,-0.152295,-1.410275,0.047441,0.032875,-0.017115,-0.500525,-0.339169,0.796516,0.676304,-0.727561,0.115178,0.54045,0.596338,0.593544,-0.007978,0.012348,-0.006434,0.076773,-0.009771,0.001796,-0.904754,0.079253,0.027878,-0.050785,-0.420206,0.84143,-0.339736,-0.824029,-0.510617,-0.245447,-0.380003,0.176815,0.907928,-0.000152,-0.000973,-0.000599,9e-06,-2.4e-05,0.0,-0.958208
534,0.136186,0.003094,0.392902,-0.405608,0.831303,-0.380083,-0.827993,-0.510235,-0.232508,-0.386719,0.219361,0.895744,-0.000479,-0.003072,-0.001882,0.0,0.0,0.0,-1.707923,-0.14202,0.030125,0.337582,0.500921,0.285733,0.816962,-0.6602,0.736446,0.14737,-0.560144,-0.613534,0.556487,-0.016451,0.030002,-0.008886,0.026992,0.070155,0.09399,-1.409921,0.047154,0.033335,-0.017268,-0.499018,-0.334563,0.799404,0.675428,-0.728099,0.116906,0.542934,0.598279,0.589308,-0.007568,0.009571,-0.000351,-0.015829,0.091815,0.084003,-0.904918,0.079316,0.027812,-0.050827,-0.419912,0.841552,-0.339798,-0.824147,-0.510376,-0.245554,-0.380072,0.176933,0.907876,-0.000248,-0.0016,-0.000983,4e-06,-2e-05,-2e-06,-0.958371
535,0.13626,0.002996,0.39284,-0.405369,0.831398,-0.380132,-0.828085,-0.510041,-0.232605,-0.386773,0.219453,0.895698,0.012254,-0.005796,-0.003832,0.000984,-0.014715,0.029553,-1.70216,-0.142415,0.0306,0.337506,0.502366,0.280565,0.817865,-0.659213,0.736291,0.152474,-0.560014,-0.616094,0.553783,-0.015234,0.020335,0.000163,-0.078133,0.210884,0.166603,-1.409929,0.046956,0.033578,-0.017308,-0.500622,-0.329832,0.800366,0.674428,-0.728234,0.121742,0.5427,0.600737,0.587018,-0.014089,0.009844,0.000461,-0.125762,0.309865,0.190959,-0.90606,0.079349,0.027767,-0.050855,-0.419696,0.841642,-0.339841,-0.824234,-0.510198,-0.245633,-0.380122,0.177017,0.907839,-0.000417,-0.002696,-0.001657,-0.000978,0.01183,-0.02625,-0.957065
536,0.136501,0.002714,0.392649,-0.40457,0.831711,-0.380296,-0.828382,-0.509402,-0.23295,-0.386974,0.219747,0.895539,0.011824,-0.008659,-0.0056,-1.8e-05,-0.002884,0.003293,-1.694757,-0.143259,0.031374,0.337596,0.50578,0.273187,0.818259,-0.658448,0.734995,0.16175,-0.557839,-0.62093,0.550568,-0.026903,0.009852,0.009769,-0.037082,0.163834,-0.172246,-1.409809,0.046544,0.033963,-0.017266,-0.504468,-0.321713,0.801256,0.673357,-0.727463,0.131859,0.540464,0.60605,0.58361,-0.007022,0.005574,0.004779,-0.014028,0.12663,-0.164343,-0.90802,0.07947,0.027631,-0.050948,-0.418865,0.84199,-0.340006,-0.824558,-0.509515,-0.245962,-0.380336,0.177329,0.907687,0.00597,-0.003965,-0.002579,0.000997,-0.014712,0.029561,-0.956575
537,0.136885,0.002388,0.392427,-0.402947,0.832098,-0.381173,-0.827881,-0.50888,-0.23585,-0.389727,0.219493,0.894407,0.011723,-0.009437,-0.006095,-1.6e-05,-0.002883,0.003294,-1.692812,-0.144,0.031896,0.337964,0.506527,0.274046,0.817508,-0.659633,0.733676,0.162905,-0.555755,-0.622111,0.551341,-0.014105,0.012363,0.010374,-0.01395,0.107811,-0.171377,-1.40982,0.046162,0.034235,-0.017078,-0.505083,-0.323042,0.800334,0.67455,-0.726227,0.132572,0.538398,0.606826,0.584713,-0.007098,0.006625,0.005532,-0.0106,0.091658,-0.150008,-0.900182,0.079662,0.027465,-0.051061,-0.417273,0.842426,-0.340883,-0.824083,-0.508882,-0.248848,-0.383105,0.177079,0.906571,0.00588,-0.004606,-0.00298,-0.001382,-0.002371,0.002929,-0.957065
538,0.137384,0.002029,0.392193,-0.402079,0.83243,-0.381366,-0.82821,-0.508186,-0.236194,-0.389926,0.219843,0.894234,0.011843,-0.008812,-0.005725,0.000984,-0.014715,0.029553,-1.691699,-0.144618,0.032197,0.3384,0.508789,0.274082,0.816091,-0.65628,0.73692,0.161803,-0.557661,-0.618248,0.553757,-0.012458,-0.00221,0.015731,-0.016707,-0.030673,-0.051272,-1.410214,0.045852,0.034397,-0.016858,-0.507241,-0.323367,0.798836,0.671312,-0.729513,0.130961,0.540413,0.602697,0.587119,-0.006892,0.00456,0.003973,0.008706,-0.023772,-0.023701,-0.903774,0.07991,0.027282,-0.05118,-0.416435,0.842767,-0.341064,-0.824419,-0.508194,-0.249139,-0.383293,0.177429,0.906423,0.005813,-0.005133,-0.003317,-2.4e-05,-0.002867,0.003302,-0.957229
539,0.1377,0.001839,0.392056,-0.401296,0.832732,-0.381528,-0.828496,-0.507561,-0.236531,-0.390124,0.220137,0.894075,0.011853,-0.008828,-0.005744,0.000984,-0.014715,0.029553,-1.689978,-0.144864,0.032249,0.338583,0.50869,0.274192,0.816116,-0.656505,0.736713,0.161829,-0.557486,-0.618446,0.553712,-0.013523,0.006539,0.006007,0.000254,-0.001045,-0.005548,-1.409647,0.04573,0.034422,-0.016761,-0.507093,-0.323323,0.798948,0.671583,-0.72923,0.131145,0.540215,0.603063,0.586925,-0.006735,0.002896,0.002737,0.008741,-0.101044,0.165633,-0.903611,0.080069,0.027186,-0.051249,-0.415658,0.843086,-0.341222,-0.824717,-0.50756,-0.249447,-0.383496,0.177727,0.906279,0.012319,-0.00577,-0.003859,0.000996,-0.017603,0.032862,-0.957392
540,0.13838,0.001524,0.391773,-0.399888,0.833266,-0.381843,-0.828964,-0.506471,-0.237231,-0.390578,0.220628,0.893756,0.011963,-0.008266,-0.005411,-1.1e-05,-0.002879,0.003295,-1.686427,-0.145262,0.032103,0.338852,0.508542,0.274392,0.81614,-0.657044,0.736187,0.162038,-0.556984,-0.618984,0.553616,0.00119,-0.010096,0.008721,-0.036502,0.009099,-0.018869,-1.409946,0.045525,0.034359,-0.016625,-0.506939,-0.323443,0.798997,0.672099,-0.728701,0.13144,0.539717,0.603637,0.586793,-0.006453,-0.000195,0.000453,-0.002306,0.015324,-0.029302,-0.904101,0.080408,0.027028,-0.05139,-0.41424,0.843659,-0.341531,-0.825213,-0.50643,-0.250102,-0.383963,0.178233,0.905982,0.012542,-0.004407,-0.003024,0.001004,-0.017594,0.032862,-0.957392
541,0.139094,0.001297,0.391556,-0.403395,0.831429,-0.382156,-0.826438,-0.510264,-0.237914,-0.392315,0.218818,0.89344,0.012457,-0.005062,-0.003428,0.001026,-0.014689,0.029456,-1.685192,-0.145406,0.031835,0.339048,0.50879,0.277021,0.815097,-0.65768,0.735945,0.16055,-0.556005,-0.618104,0.55558,-0.0,3e-06,2e-06,0.000178,-0.000353,-0.000244,-1.409626,0.045454,0.034216,-0.016528,-0.507112,-0.326099,0.797807,0.672771,-0.728352,0.129925,0.538716,0.602628,0.588746,7e-06,-0.000133,-9.5e-05,-0.003758,0.005856,0.003613,-0.907204,0.080769,0.026908,-0.051503,-0.417741,0.841786,-0.341888,-0.822638,-0.510172,-0.250978,-0.385692,0.176406,0.905605,0.006246,-0.00244,-0.001668,0.000257,-0.014688,0.029385,-0.957065
