frame,MLTx,MLTy,MLTz,MLTR1,MLTR2,MLTR3,MLTR4,MLTR5,MLTR6,MLTR7,MLTR8,MLTR9,MLTTVx,MLTTVy,MLTTVz,MLTRVx,MLTRVy,MLTRVz,MLGA,MRTx,MRTy,MRTz,MRTR1,MRTR2,MRTR3,MRTR4,MRTR5,MRTR6,MRTR7,MRTR8,MRTR9,MRTTVx,MRTTVy,MRTTVz,MRTRVx,MRTRVy,MRTRVz,MRGA,SLTx,SLTy,SLTz,SLTR1,SLTR2,SLTR3,SLTR4,SLTR5,SLTR6,SLTR7,SLTR8,SLTR9,SLTTVx,SLTTVy,SLTTVz,SLTRVx,SLTRVy,SLTRVz,SLGA,SRTx,SRTy,SRTz,SRTR1,SRTR2,SRTR3,SRTR4,SRTR5,SRTR6,SRTR7,SRTR8,SRTR9,SRTTVx,SRTTVy,SRTTVz,SRTRVx,SRTRVy,SRTRVz,SRGA
1,0.065787,-0.007025,0.348232,-0.656774,-0.102129,-0.74717,0.168633,-0.985571,-0.013586,-0.734186,-0.134801,0.665453,-0.013095,0.012953,-0.007623,0.033182,-0.004566,-0.014299,0.507213,-0.098139,0.025046,0.327895,0.463278,-0.001794,0.886207,-0.168527,0.981526,0.090217,-0.870553,-0.191154,0.453278,0.014625,-0.003378,-0.004748,-0.004286,0.010315,0.011948,-1.403071,0.044045,0.032743,-0.016665,-0.291143,-0.119611,0.949172,0.291086,-0.956187,-0.03121,0.91132,0.267205,0.313205,0.006243,0.00418,-0.006067,0.03984,-0.029333,0.007795,-0.880261,0.069589,0.018518,-0.06547,-0.644435,0.058853,-0.76239,-0.053409,-0.998062,-0.0319,-0.762791,0.020161,0.64633,-0.007188,0.001079,0.00051,-0.001055,0.014717,-0.029503,0.49867
2,0.065355,-0.006916,0.348191,-0.656888,-0.102999,-0.74695,0.16931,-0.985462,-0.013078,-0.733928,-0.134936,0.665709,-0.014427,0.00203,0.000879,-0.000984,0.014715,-0.029553,0.507713,-0.097541,0.024986,0.327699,0.458239,-0.001264,0.888823,-0.168333,0.981733,0.088311,-0.873248,-0.190096,0.448514,0.014571,-0.003066,-0.004498,-0.000351,0.000843,0.005228,-1.402917,0.04435,0.03271,-0.016766,-0.285834,-0.119976,0.950738,0.29056,-0.956276,-0.03332,0.913166,0.266722,0.308197,0.007286,-0.001519,-0.002245,0.000307,-0.009951,0.005183,-0.879118,0.069368,0.018578,-0.065493,-0.644742,0.058018,-0.762195,-0.052715,-0.998116,-0.031384,-0.76258,0.019944,0.646586,-0.007224,0.000992,0.000426,-0.001032,0.014726,-0.029511,0.499324
3,0.065217,-0.006889,0.348207,-0.656919,-0.103184,-0.746897,0.16942,-0.985445,-0.012942,-0.733875,-0.134921,0.665771,-2e-05,-5.1e-05,-4.8e-05,0.0,0.0,0.0,0.507549,-0.097252,0.024906,0.327607,0.454599,-0.004398,0.89068,-0.16273,0.982701,0.088038,-0.876205,-0.184968,0.444876,0.014552,-0.002939,-0.004398,-0.006528,0.005925,0.04372,-1.402807,0.044482,0.032676,-0.016812,-0.282116,-0.116329,0.952301,0.285079,-0.95795,-0.032565,0.916045,0.262295,0.303415,0.007357,-0.001795,-0.002489,-0.007476,-0.003855,0.008732,-0.880587,0.069304,0.018588,-0.065488,-0.644805,0.057866,-0.762153,-0.052622,-0.998125,-0.031263,-0.762533,0.019947,0.64664,8e-06,2.2e-05,2.6e-05,-3.9e-05,1e-05,3.5e-05,0.49916
4,0.065097,-0.006838,0.348301,-0.657006,-0.103518,-0.746775,0.169544,-0.985427,-0.012634,-0.733768,-0.134791,0.665914,0.000982,0.002515,0.002354,0.000571,-0.013729,0.025333,0.503365,-0.096845,0.024776,0.327404,0.449277,-0.009685,0.893335,-0.157028,0.983472,0.089764,-0.879978,-0.180607,0.439184,0.014415,-0.0023,-0.003862,-0.012988,0.030692,0.053085,-1.402854,0.044692,0.032606,-0.016912,-0.276989,-0.110518,0.954495,0.279901,-0.959563,-0.029879,0.919201,0.258889,0.296722,0.007244,-0.001286,-0.002054,0.00558,0.068959,-0.035829,-0.878791,0.069242,0.018609,-0.065445,-0.644975,0.05754,-0.762034,-0.052495,-0.998142,-0.030937,-0.762398,0.020049,0.646797,0.000387,0.00099,0.000932,-3.3e-05,1e-05,1.2e-05,0.497364
5,0.06519,-0.006763,0.348417,-0.656932,-0.103079,-0.7469,0.169221,-0.985479,-0.012903,-0.733909,-0.134747,0.665769,0.001139,0.002919,0.002729,0.0,0.0,0.0,0.498895,-0.096614,0.024758,0.327149,0.445692,-0.016573,0.895028,-0.150935,0.984077,0.093511,-0.88286,-0.176759,0.434945,0.001124,-0.004662,-0.004042,-0.001039,0.011753,0.009589,-1.402852,0.044813,0.032596,-0.017042,-0.27401,-0.103372,0.956154,0.274737,-0.961188,-0.025183,0.921649,0.255791,0.291776,-0.00037,0.002904,-0.006254,0.048555,-0.010804,-0.015416,-0.883363,0.069285,0.018651,-0.065383,-0.644803,0.057951,-0.762148,-0.052814,-0.998116,-0.031211,-0.762521,0.020127,0.646649,0.000715,0.001836,0.001718,-1.7e-05,1.4e-05,1.3e-05,0.491486
6,0.065347,-0.006653,0.348527,-0.656823,-0.102542,-0.747071,0.168897,-0.98553,-0.013292,-0.734082,-0.134789,0.66557,0.001278,0.003282,0.003063,0.000572,-0.013728,0.025334,0.496682,-0.09662,0.025012,0.326733,0.440299,-0.022888,0.897554,-0.150035,0.983697,0.098813,-0.88571,-0.178155,0.428535,-0.003297,0.019096,-0.018514,0.006304,0.150547,0.153125,-1.402586,0.04481,0.03272,-0.017252,-0.269098,-0.096727,0.958243,0.274672,-0.961331,-0.019904,0.923115,0.257847,0.28526,-0.001649,0.00958,-0.009229,0.007461,0.141623,0.146075,-0.886629,0.069364,0.018707,-0.065327,-0.644582,0.058435,-0.762297,-0.05312,-0.998088,-0.031593,-0.762686,0.020128,0.646454,0.007405,-0.000504,3.2e-05,0.000979,-0.014714,0.029565,0.488546
7,0.065432,-0.006639,0.348545,-0.656741,-0.102139,-0.747199,0.168654,-0.985568,-0.013584,-0.734211,-0.13482,0.665421,0.000356,0.000916,0.000855,0.0,0.0,0.0,0.495652,-0.096686,0.025227,0.326477,0.436719,-0.027132,0.899184,-0.149388,0.983432,0.102357,-0.887586,-0.179006,0.424276,-0.001229,0.007812,-0.010762,-0.089423,0.311105,0.205029,-1.402909,0.044778,0.032826,-0.017375,-0.266442,-0.093029,0.95935,0.274533,-0.961427,-0.016984,0.923925,0.258848,0.281704,-0.001767,0.010064,-0.008805,-0.096373,0.446429,0.363865,-0.885976,0.069408,0.018719,-0.065313,-0.644401,0.058831,-0.762421,-0.05337,-0.998064,-0.031906,-0.762822,0.02013,0.646293,0.007115,-0.001244,-0.000658,0.000974,-0.014733,0.029553,0.486914
8,0.065619,-0.006693,0.348522,-0.65667,-0.101732,-0.747315,0.168391,-0.985609,-0.013865,-0.734334,-0.134827,0.665283,0.013671,-0.003936,-0.002665,0.000984,-0.014715,0.029553,0.488863,-0.09681,0.025826,0.325908,0.433248,-0.035512,0.90057,-0.147385,0.982933,0.109791,-0.889617,-0.180265,0.419464,-0.003546,0.020133,-0.017587,-0.032042,0.24309,0.218305,-1.403034,0.044717,0.033121,-0.017657,-0.263556,-0.08422,0.96096,0.273969,-0.961694,-0.009145,0.92492,0.260864,0.276534,-0.007274,0.002825,-0.005373,-0.105873,0.38451,0.254708,-0.879281,0.069496,0.018693,-0.065324,-0.644249,0.059192,-0.76252,-0.053616,-0.998042,-0.032176,-0.762933,0.020153,0.646162,-0.000167,-0.000428,-0.000404,-7e-06,-2.1e-05,-1e-06,0.481852
9,0.065739,-0.006806,0.348455,-0.65667,-0.101633,-0.747329,0.168294,-0.985624,-0.013908,-0.734357,-0.134785,0.665267,-0.000527,-0.001359,-0.001269,0.0,0.0,0.0,0.478892,-0.096983,0.02642,0.325316,0.433072,-0.042389,0.900357,-0.139271,0.983703,0.11343,-0.89101,-0.174475,0.418955,-0.003535,0.02009,-0.017605,0.067114,0.001697,0.0504,-1.402834,0.04463,0.033418,-0.017953,-0.263622,-0.07669,0.961572,0.267002,-0.963688,-0.003659,0.926937,0.255778,0.274525,-0.000662,0.004149,-0.005158,0.037486,-0.020233,0.007838,-0.881077,0.069561,0.018638,-0.065362,-0.644205,0.059322,-0.762548,-0.053714,-0.998035,-0.032264,-0.762963,0.020175,0.646126,-0.0004,-0.001032,-0.000967,5e-06,-1.3e-05,1.1e-05,0.470258
10,0.06578,-0.006851,0.348431,-0.658729,-0.100636,-0.74565,0.168034,-0.985645,-0.01549,-0.73257,-0.135381,0.667114,-0.000352,-0.000906,-0.000846,0.034762,0.098165,0.052351,0.474514,-0.097057,0.02668,0.325021,0.429565,-0.046815,0.901817,-0.138408,0.983394,0.117106,-0.892836,-0.175076,0.414795,-0.003266,0.018975,-0.018568,-0.031162,0.239646,0.217226,-1.403283,0.044591,0.033558,-0.018105,-0.2609,-0.072506,0.962638,0.266543,-0.963822,-0.000356,0.927839,0.256492,0.270787,-0.001606,0.009415,-0.009345,-0.044413,0.295453,0.258863,-0.879444,0.069581,0.018609,-0.065373,-0.646097,0.060736,-0.760835,-0.05393,-0.99797,-0.033869,-0.761347,0.019149,0.648061,-0.000209,-0.000543,-0.000509,0.0415,0.117387,0.062736,0.463726
11,0.065795,-0.006982,0.348438,-0.658824,-0.100823,-0.74554,0.167974,-0.98566,-0.015212,-0.732497,-0.135136,0.667243,-0.000547,-0.001409,-0.001317,6e-06,1.8e-05,1e-05,0.469807,-0.097129,0.027128,0.324463,0.426007,-0.051443,0.903251,-0.136732,0.983205,0.120612,-0.894794,-0.174832,0.410659,-0.00303,0.017992,-0.019412,0.057785,0.034198,0.03824,-1.402864,0.044555,0.033782,-0.018383,-0.25715,-0.06693,0.96405,0.265716,-0.964043,0.003947,0.929122,0.257179,0.265688,-0.001503,0.008987,-0.009711,0.066988,-0.004813,0.008869,-0.880097,0.069589,0.01855,-0.065372,-0.646174,0.06059,-0.76078,-0.054017,-0.997974,-0.033601,-0.761275,0.019383,0.648138,-8.2e-05,-0.000211,-0.000198,-0.000722,-0.001924,-0.000996,0.453929
12,0.065764,-0.0071,0.348496,-0.65889,-0.100808,-0.745484,0.167734,-0.985704,-0.015029,-0.732494,-0.134828,0.66731,-0.000272,-0.000702,-0.000656,0.003991,-0.09463,0.174895,0.466419,-0.097169,0.027467,0.323941,0.422467,-0.059709,0.904405,-0.135301,0.982443,0.12819,-0.896684,-0.176459,0.405811,-0.000678,0.005523,-0.012738,-0.011506,0.119414,0.073886,-1.402863,0.044535,0.033953,-0.018643,-0.2545,-0.058483,0.965302,0.265551,-0.964026,0.011606,0.929898,0.259291,0.260875,-0.000317,0.00271,-0.006412,-0.006969,0.099924,0.058669,-0.877321,0.069573,0.018485,-0.065341,-0.646305,0.060449,-0.76068,-0.054182,-0.997976,-0.033271,-0.761152,0.019711,0.648272,-0.000164,-0.000423,-0.000393,9e-06,-2.5e-05,-2.5e-05,0.448214
13,0.065751,-0.007183,0.348544,-0.658947,-0.100829,-0.745431,0.167573,-0.985733,-0.01487,-0.732479,-0.134594,0.667372,-0.001476,-0.011304,0.008155,-0.034171,0.019266,-0.015262,0.465147,-0.097198,0.027658,0.32366,0.420637,-0.061962,0.905106,-0.134559,0.982319,0.12991,-0.897654,-0.176368,0.403701,-0.000944,0.006625,-0.011774,0.003737,0.072464,0.07597,-1.402568,0.044521,0.034043,-0.018782,-0.252814,-0.056075,0.965888,0.265166,-0.964108,0.013433,0.930468,0.259517,0.25861,-0.001399,0.00855,-0.010087,0.037155,0.073662,0.065136,-0.879281,0.069567,0.018448,-0.065319,-0.646294,0.060581,-0.760679,-0.054419,-0.997964,-0.033242,-0.761145,0.019911,0.648274,-0.000213,-0.000549,-0.000513,1.8e-05,-4e-06,-1.1e-05,0.445928
14,0.065743,-0.007307,0.348611,-0.659068,-0.101038,-0.745296,0.167449,-0.985759,-0.01451,-0.732398,-0.134244,0.667532,-1.5e-05,-4e-05,-3.7e-05,0.0,0.0,0.0,0.463503,-0.097246,0.027987,0.323105,0.414659,-0.070822,0.907212,-0.1276,0.982541,0.135151,-0.901438,-0.171725,0.397218,-0.000606,0.005223,-0.013003,0.018335,0.047426,0.023169,-1.402575,0.044497,0.03421,-0.019057,-0.247429,-0.046482,0.96779,0.259384,-0.965568,0.019939,0.93354,0.255963,0.250966,-0.000351,0.002842,-0.006299,0.027466,0.003289,-0.010513,-0.881077,0.069561,0.01838,-0.065284,-0.646473,0.06039,-0.760542,-0.054566,-0.997969,-0.032861,-0.760982,0.020256,0.648455,5e-06,1.5e-05,1.4e-05,5e-06,6e-06,-2.1e-05,0.443641
15,0.065736,-0.007318,0.348657,-0.659064,-0.100915,-0.745316,0.167298,-0.985785,-0.014533,-0.732436,-0.13415,0.667509,8.8e-05,0.000226,0.000212,0.0,0.0,0.0,0.456582,-0.097212,0.028101,0.322672,0.410227,-0.077221,0.908703,-0.121268,0.982891,0.138398,-0.904332,-0.166886,0.392678,0.001289,-0.005341,-0.004695,-0.003343,0.008022,0.005715,-1.402558,0.044514,0.034268,-0.01928,-0.243697,-0.03992,0.969029,0.25381,-0.966956,0.023995,0.936051,0.251797,0.245776,0.000765,-0.003145,-0.002765,0.001095,-0.00426,-0.039475,-0.877322,0.069558,0.018376,-0.065261,-0.646442,0.060509,-0.760559,-0.054718,-0.99796,-0.032888,-0.760998,0.020357,0.648434,6.5e-05,0.000172,0.000159,1e-05,-1e-05,-8e-06,0.437273
16,0.065753,-0.007292,0.348653,-0.661112,-0.099991,-0.743624,0.167137,-0.985788,-0.016109,-0.730624,-0.13482,0.669357,1.4e-05,3.6e-05,3.3e-05,0.000433,0.00122,0.000649,0.449197,-0.097146,0.028067,0.322502,0.408505,-0.075721,0.909605,-0.121132,0.98319,0.136374,-0.905127,-0.165809,0.391299,-0.001546,0.009121,-0.009586,0.033841,0.010217,-0.00328,-1.402699,0.044549,0.034243,-0.019365,-0.241885,-0.041523,0.969415,0.253334,-0.967133,0.021785,0.93665,0.250855,0.244454,8.9e-05,-0.000359,-0.000318,0.000577,-0.00161,0.000829,-0.873892,0.069567,0.01839,-0.065261,-0.648361,0.061897,-0.758812,-0.054843,-0.997897,-0.03454,-0.759355,0.019221,0.650392,3e-06,6e-06,5e-06,-0.004245,-0.010984,-0.005512,0.428782
17,0.065762,-0.007293,0.348639,-0.661104,-0.099975,-0.743634,0.167146,-0.985786,-0.016137,-0.73063,-0.134847,0.669345,0.013854,-0.003502,-0.002262,0.00099,-0.014699,0.029561,0.444629,-0.097143,0.028054,0.322491,0.408659,-0.075906,0.90952,-0.121027,0.983178,0.136558,-0.905072,-0.165798,0.391431,9.5e-05,-0.000393,-0.000346,-0.0,0.0,0.0,-1.402405,0.04455,0.034239,-0.019375,-0.242077,-0.04135,0.969375,0.253227,-0.967157,0.021981,0.936629,0.250793,0.244597,2.3e-05,-8.4e-05,-7.3e-05,0.000561,-0.000225,0.000256,-0.875852,0.069566,0.01839,-0.065268,-0.648285,0.061837,-0.758881,-0.054815,-0.9979,-0.034487,-0.759421,0.01924,0.650313,0.000553,0.005174,-0.004524,0.033517,-0.021036,0.014348,0.42421
18,0.065743,-0.007282,0.348648,-0.661108,-0.100001,-0.743627,0.167162,-0.985783,-0.016118,-0.730622,-0.134845,0.669354,5.8e-05,0.00015,0.00014,0.0,0.0,0.0,0.431744,-0.097147,0.028026,0.322468,0.408673,-0.07889,0.909261,-0.114879,0.983837,0.13712,-0.905868,-0.160405,0.391838,0.000117,-0.000485,-0.000427,-0.0,0.0,0.0,-1.402342,0.044547,0.034228,-0.019384,-0.242473,-0.038374,0.969398,0.247366,-0.968636,0.023529,0.938092,0.245501,0.244361,7.3e-05,-0.0003,-0.000264,0.000318,-0.00012,-7.6e-05,-0.877811,0.069562,0.018394,-0.065265,-0.648274,0.061825,-0.758892,-0.054812,-0.997901,-0.034474,-0.759431,0.019247,0.650302,4.4e-05,0.000109,0.000105,1.8e-05,-1.7e-05,-2.6e-05,0.410004
19,0.065724,-0.007261,0.348638,-0.66107,-0.099883,-0.743677,0.167128,-0.985787,-0.016235,-0.730665,-0.134905,0.669296,-0.013903,0.003377,0.002144,-0.000984,0.014715,-0.029553,0.415807,-0.097134,0.028015,0.322457,0.409194,-0.079528,0.90897,-0.114515,0.983791,0.137753,-0.905679,-0.16037,0.392288,2.4e-05,-9.8e-05,-8.6e-05,-0.0,0.0,0.0,-1.402357,0.044554,0.034223,-0.019389,-0.243108,-0.037788,0.969262,0.247112,-0.968684,0.024214,0.937994,0.245403,0.244833,6e-06,-2.2e-05,-2e-05,0.000192,-8e-06,6.2e-05,-0.879118,0.069558,0.018404,-0.06527,-0.648199,0.061955,-0.758945,-0.054856,-0.997894,-0.034609,-0.759492,0.019199,0.650232,0.0,-4e-06,-4e-06,2.6e-05,6e-06,-1.2e-05,0.393021
20,0.065725,-0.007243,0.348613,-0.661048,-0.099863,-0.743699,0.167174,-0.985779,-0.016297,-0.730674,-0.134984,0.66927,-9.5e-05,-0.000244,-0.000228,0.0,0.0,0.0,0.403848,-0.097125,0.028023,0.322463,0.409309,-0.079672,0.908906,-0.114434,0.98378,0.137895,-0.905638,-0.160363,0.392387,-4.4e-05,0.000183,0.000161,-0.0,0.0,0.0,-1.402581,0.044558,0.034228,-0.019386,-0.243248,-0.037655,0.969232,0.247054,-0.968695,0.024369,0.937973,0.245381,0.244936,-3e-05,0.000121,0.000106,0.00016,9e-06,4.5e-05,-0.879771,0.069553,0.018414,-0.065282,-0.648183,0.061947,-0.75896,-0.054794,-0.997896,-0.034653,-0.75951,0.019125,0.650213,-5.9e-05,-0.00016,-0.000149,2.5e-05,7e-06,-8e-06,0.379305
21,0.06574,-0.007206,0.348578,-0.66097,-0.099635,-0.743798,0.167131,-0.985782,-0.016542,-0.730754,-0.13513,0.669153,-0.0,-0.0,-0.0,0.0,0.0,0.0,0.366671,-0.097135,0.02806,0.322508,0.409838,-0.080308,0.908611,-0.114093,0.98373,0.138537,-0.905442,-0.160354,0.392842,-0.000454,0.001882,0.001656,0.002415,-0.015986,0.023853,-1.402509,0.044554,0.034243,-0.019365,-0.243875,-0.037085,0.969097,0.246833,-0.968734,0.025045,0.937868,0.245313,0.245404,-0.000103,0.000424,0.000372,0.000115,1.6e-05,1.8e-05,-0.880097,0.06956,0.018432,-0.0653,-0.648054,0.062155,-0.759053,-0.05483,-0.997885,-0.034899,-0.759617,0.019003,0.650091,2e-06,2e-06,4e-06,2.3e-05,1.2e-05,-1e-05,0.339789
22,0.06581,-0.007221,0.348542,-0.660052,-0.097312,-0.744921,0.167015,-0.985752,-0.019286,-0.73161,-0.13703,0.66783,0.013744,-0.003784,-0.002526,0.001015,-0.014744,0.029587,0.287557,-0.097107,0.028073,0.322515,0.410424,-0.081032,0.908283,-0.113681,0.983676,0.139254,-0.905229,-0.160317,0.393347,0.00019,-0.000785,-0.000691,-0.0,0.0,0.0,-1.402313,0.044566,0.034256,-0.019356,-0.244603,-0.036404,0.968939,0.246545,-0.968786,0.025841,0.937754,0.245208,0.245943,0.000136,-0.000563,-0.000495,7.8e-05,-1.5e-05,3e-05,-0.878954,0.06959,0.018427,-0.065317,-0.646602,0.064245,-0.760117,-0.054851,-0.997783,-0.037673,-0.760852,0.017333,0.648692,-0.000101,-0.000264,-0.000246,-0.003289,0.003186,-0.003689,0.265491
23,0.065868,-0.00724,0.348514,-0.660026,-0.097199,-0.744959,0.166966,-0.985758,-0.019385,-0.731645,-0.137064,0.667785,-0.000278,-0.000718,-0.000671,0.0,-0.0,0.0,0.224621,-0.097081,0.028047,0.322516,0.410501,-0.08112,0.90824,-0.113678,0.983661,0.139362,-0.905194,-0.160365,0.393407,0.00019,-0.000786,-0.000692,-0.0,0.0,0.0,-1.402534,0.04458,0.034242,-0.019357,-0.244697,-0.036324,0.968918,0.246559,-0.96878,0.025949,0.937726,0.245245,0.246013,0.007761,-0.004828,0.003601,-0.034147,-0.009452,0.008701,-0.879281,0.069625,0.018416,-0.065331,-0.646562,0.064342,-0.760142,-0.054912,-0.997777,-0.037749,-0.760882,0.017334,0.648658,-0.000177,-0.000462,-0.000432,-0.000433,0.000432,-0.000492,0.197073
24,0.066037,-0.007318,0.348482,-0.657427,-0.09077,-0.748061,0.166821,-0.985601,-0.027087,-0.734015,-0.142495,0.664036,0.013633,-0.004073,-0.002799,0.143161,-0.14744,0.18435,0.058802,-0.097059,0.028045,0.322511,0.408582,-0.079271,0.909268,-0.11396,0.983944,0.137116,-0.906025,-0.159555,0.391822,0.0,-1e-06,-1e-06,0.0,0.0,-0.0,-1.40247,0.044591,0.034239,-0.019361,-0.242414,-0.037993,0.969428,0.246454,-0.968865,0.023657,0.938347,0.244654,0.24423,-1e-06,9e-06,9e-06,-0.000319,-0.001195,0.00147,-0.879771,0.069704,0.018379,-0.065346,-0.642616,0.069952,-0.762987,-0.054815,-0.997468,-0.045282,-0.764224,0.012724,0.644824,-0.00017,-0.000448,-0.000424,0.522374,-0.487937,0.569547,-0.001979
25,0.06618,-0.007349,0.348435,-0.653812,-0.081698,-0.752264,0.166485,-0.985307,-0.037759,-0.737314,-0.149834,0.658745,-4e-06,-9e-06,-9e-06,9e-06,-9e-06,1e-05,-0.092026,-0.097061,0.028049,0.322528,0.408213,-0.081814,0.909208,-0.108083,0.984588,0.137251,-0.906911,-0.154207,0.391913,-0.00012,0.000497,0.000438,0.0,0.0,0.0,-1.40238,0.04459,0.03424,-0.019353,-0.24236,-0.035409,0.96954,0.240795,-0.97026,0.024757,0.939829,0.23946,0.243678,-9.4e-05,0.000387,0.000341,1.1e-05,-0.000486,-0.000512,-0.879934,0.06978,0.01836,-0.065372,-0.636855,0.078244,-0.767002,-0.054809,-0.996914,-0.05619,-0.769032,0.006254,0.639178,0.006959,-0.001663,-0.001053,-0.000701,-0.103823,0.198151,-0.18666
26,0.066422,-0.007401,0.348403,-0.649489,-0.069385,-0.757228,0.164274,-0.985096,-0.050707,-0.741618,-0.157248,0.652152,0.013913,-0.003349,-0.002128,0.047723,-0.14893,0.251009,-0.261433,-0.097068,0.028026,0.322562,0.408292,-0.081877,0.909167,-0.108138,0.984567,0.137356,-0.906869,-0.154306,0.391971,-0.000198,0.000821,0.000722,-0.0,0.0,0.0,-1.402396,0.044587,0.034228,-0.019337,-0.242454,-0.035361,0.969517,0.240869,-0.970239,0.024849,0.939785,0.239551,0.243756,-0.00013,0.00054,0.000475,-7.7e-05,-4e-06,-3.8e-05,-0.88075,0.069896,0.018336,-0.065386,-0.629895,0.089177,-0.771542,-0.056499,-0.996015,-0.068996,-0.774621,0.000131,0.632424,0.006958,-0.001672,-0.001065,0.157126,-0.250388,0.37037,-0.319742
27,0.066599,-0.007444,0.348376,-0.648786,-0.066175,-0.758118,0.16238,-0.985288,-0.053028,-0.74265,-0.157432,0.650933,0.013912,-0.003351,-0.002132,0.005004,-0.109303,0.20447,-0.371616,-0.097063,0.027997,0.322602,0.40829,-0.081836,0.909172,-0.108274,0.98455,0.137371,-0.906853,-0.154437,0.391955,-0.000268,0.001108,0.000975,0.0,0.0,0.0,-1.402216,0.044589,0.034213,-0.019317,-0.242447,-0.035402,0.969518,0.241005,-0.970205,0.024841,0.939753,0.239681,0.243755,-0.000176,0.000725,0.000638,-7e-05,-3.7e-05,-2e-06,-0.880751,0.069985,0.018315,-0.0654,-0.628484,0.092157,-0.772343,-0.058331,-0.995744,-0.071348,-0.775631,0.00021,0.631185,0.006957,-0.001676,-0.001071,0.004087,-0.108402,0.203469,-0.390447
28,0.067228,-0.007588,0.348285,-0.64802,-0.052013,-0.759875,0.146876,-0.987454,-0.057735,-0.746534,-0.148965,0.648477,0.027848,-0.006629,-0.004213,0.001944,-0.029431,0.059128,-0.700457,-0.097066,0.027877,0.32279,0.408251,-0.077814,0.909543,-0.108952,0.985035,0.133302,-0.90679,-0.153432,0.392496,0.001245,-0.007873,0.010685,-0.016989,-0.050057,-0.025088,-1.113956,0.044588,0.034151,-0.019225,-0.242073,-0.039678,0.969446,0.240996,-0.97031,0.020463,0.939851,0.238586,0.244449,0.0006,-0.003858,0.00541,-0.022621,-0.026108,-0.00403,-0.804167,0.070294,0.018244,-0.065444,-0.62451,0.105961,-0.773794,-0.073918,-0.994325,-0.076503,-0.77751,0.00942,0.628799,0.006966,-0.001652,-0.001056,0.005017,-0.109514,0.203922,-0.587865
29,0.068472,-0.007778,0.34801,-0.647805,-0.031904,-0.761168,0.120896,-0.990749,-0.061433,-0.751362,-0.131787,0.646618,0.042933,0.000684,-0.015157,0.034122,-0.063469,0.106618,-1.190612,-0.097133,0.027574,0.323227,0.407154,-0.064641,0.911065,-0.111238,0.986509,0.119833,-0.907004,-0.150067,0.393302,-0.012188,-0.009588,0.011087,0.01402,-0.113894,-0.110325,-0.503411,0.044559,0.034005,-0.019009,-0.239261,-0.052725,0.969522,0.240962,-0.970511,0.006687,0.94058,0.235218,0.244911,0.001602,-0.009383,0.009364,-0.034777,-0.000634,-0.285109,-0.618016,0.07091,0.018146,-0.065577,-0.619833,0.125558,-0.774622,-0.099942,-0.991708,-0.080775,-0.778342,0.02735,0.627243,0.020892,-0.004946,-0.003179,-0.00697,-0.045316,0.096172,-0.849457
30,0.070602,-0.007912,0.347478,-0.65277,-0.012143,-0.757489,0.1002,-0.992452,-0.070508,-0.750105,-0.121918,0.650004,0.071228,-0.004485,-0.018178,0.091858,0.071476,0.250898,-1.842709,-0.097759,0.02685,0.323792,0.412475,-0.023868,0.910651,-0.178968,0.978004,0.106823,-0.893661,-0.20702,0.397963,-0.022945,-0.025254,0.016848,-1.566821,-0.548431,-1.065317,-0.060526,0.04425,0.033652,-0.018727,-0.239126,-0.091671,0.966651,0.302345,-0.95307,-0.01559,0.922716,0.288535,0.25562,-0.017848,-0.014634,0.00755,-5.365343,-1.175398,-2.960791,-0.50208,0.071964,0.01808,-0.065842,-0.62056,0.145961,-0.770454,-0.120284,-0.988614,-0.090408,-0.774878,0.036569,0.631051,0.028704,-0.000488,-0.007952,0.09861,0.107446,0.231704,-0.816635
31,0.07209,-0.007958,0.347123,-0.659616,-0.004116,-0.751622,0.097275,-0.992022,-0.080005,-0.744478,-0.125889,0.655692,0.072012,-0.002144,-0.016092,0.244191,0.556014,0.510774,-1.912006,-0.09838,0.026304,0.32406,0.412746,0.007698,0.910809,-0.244652,0.964106,0.102846,-0.877815,-0.265299,0.398647,-0.035568,-0.030577,0.014076,-1.683992,-0.260965,-0.946814,0.067343,0.043943,0.033385,-0.018588,-0.236812,-0.124161,0.963589,0.364112,-0.930856,-0.03046,0.900745,0.343641,0.265646,-0.017668,-0.015486,0.006814,-5.548997,-0.698278,-2.647629,-0.463053,0.072675,0.018055,-0.066017,-0.623989,0.153671,-0.766173,-0.122483,-0.987587,-0.098327,-0.771773,0.032488,0.635066,0.03602,-0.001065,-0.008074,0.134198,0.204622,0.321785,-0.827902
32,0.075351,-0.007913,0.346645,-0.678696,0.016124,-0.734273,0.089067,-0.990551,-0.104149,-0.728172,-0.136113,0.671763,0.088197,-0.005926,-0.000301,0.347877,1.003817,0.830366,-1.917774,-0.10031,0.025234,0.324262,0.406551,0.068047,0.911085,-0.366352,0.925632,0.094469,-0.837384,-0.372276,0.400078,-0.051915,-0.015102,-0.005749,-5.124465,-0.635875,-2.539508,0.254954,0.042984,0.032846,-0.018478,-0.224269,-0.180977,0.957575,0.473938,-0.878832,-0.055096,0.851519,0.441474,0.282867,-0.032632,-0.008716,-0.002922,-0.415714,-0.224775,-0.539111,-0.403942,0.074328,0.018067,-0.066277,-0.638324,0.177308,-0.749068,-0.129469,-0.983976,-0.122584,-0.758801,0.018732,0.651052,0.044672,0.002399,-0.004548,0.278769,0.657675,0.636744,-0.830515
33,0.078944,-0.007702,0.346532,-0.703317,0.055366,-0.708749,0.043109,-0.991783,-0.12033,-0.708714,-0.11526,0.696036,0.0904,0.001638,0.006317,-0.932873,0.488071,1.815709,-1.917556,-0.103034,0.024977,0.32381,0.396521,0.129199,0.908884,-0.469193,0.879444,0.079808,-0.78947,-0.458253,0.408172,-0.082947,0.004929,-0.019846,-0.217216,-0.521356,-0.746364,0.383627,0.041635,0.032702,-0.018707,-0.206887,-0.240637,0.948309,0.571779,-0.816259,-0.082387,0.793892,0.525179,0.306464,-0.041438,0.002225,-0.01008,-1.359024,-0.620768,-1.506058,-0.152964,0.076124,0.018171,-0.066335,-0.656265,0.220698,-0.721531,-0.172744,-0.974814,-0.141052,-0.734489,0.032072,0.677861,0.052948,0.005289,-0.001667,-3.566551,0.305553,4.534823,-0.846517
34,0.080843,-0.007573,0.346621,-0.716052,0.081386,-0.693319,0.008351,-0.992088,-0.125158,-0.697131,-0.095519,0.710571,0.091182,0.004751,0.008948,-3.640782,0.029934,4.373098,-1.916556,-0.104715,0.025213,0.323315,0.381875,0.169693,0.908498,-0.535697,0.841621,0.068098,-0.753504,-0.512898,0.411133,-0.084788,0.01623,-0.027644,-6.304575,-0.797279,-3.595658,0.425857,0.040827,0.032811,-0.01894,-0.19087,-0.274921,0.94233,0.62168,-0.776771,-0.100698,0.759659,0.566608,0.319175,-0.042459,0.008373,-0.013543,-0.381243,0.094656,-0.525177,-0.002411,0.077074,0.018236,-0.06629,-0.664564,0.246226,-0.705496,-0.202788,-0.968145,-0.146871,-0.719187,0.045461,0.693326,0.053371,0.007096,-0.000139,0.223833,0.854579,0.599071,-0.846681
35,0.084536,-0.0071,0.346959,-0.741006,0.125136,-0.65977,-0.051542,-0.99016,-0.129992,-0.668626,-0.062482,0.740987,0.093268,0.020682,0.004486,0.140406,0.733957,0.413163,-1.914749,-0.108017,0.026223,0.321992,0.347844,0.238166,0.906793,-0.635743,0.770738,0.041565,-0.689408,-0.591241,0.418346,-0.086321,0.02724,-0.03573,-4.926499,-0.415593,-2.64432,0.447886,0.039144,0.033319,-0.019608,-0.149746,-0.34317,0.927259,0.711412,-0.68869,-0.13999,0.686635,0.638701,0.347264,-0.037417,0.020153,-0.021776,-0.212598,-0.078557,-0.595901,0.303106,0.078956,0.018477,-0.066115,-0.678796,0.298259,-0.671027,-0.266549,-0.951549,-0.153311,-0.684242,0.074795,0.725408,0.046718,0.010592,0.002415,0.142491,0.699644,0.404925,-0.845374
36,0.087665,-0.006382,0.347431,-0.76276,0.175142,-0.622549,-0.125929,-0.984403,-0.122738,-0.63339,-0.015448,0.773696,0.079236,0.025075,0.007304,-0.80639,0.843866,1.277291,-1.913323,-0.110976,0.028032,0.320173,0.317501,0.290183,0.902762,-0.683006,0.730347,0.005578,-0.658079,-0.618723,0.428925,-0.050218,0.058121,-0.049128,-1.038332,-0.566348,-1.573353,0.394112,0.037651,0.03421,-0.020514,-0.113764,-0.389022,0.914177,0.749803,-0.637299,-0.17789,0.651807,0.665215,0.364192,-0.038213,0.026319,-0.025104,-4.678801,-0.217207,-2.815471,0.372831,0.080492,0.018832,-0.065877,-0.689547,0.34961,-0.634268,-0.336471,-0.930163,-0.146913,-0.641335,0.112109,0.759025,0.032366,0.00899,0.009261,-3.257878,0.675576,4.419732,-0.83476
37,0.088831,-0.005901,0.347725,-0.77153,0.202846,-0.603026,-0.166698,-0.979127,-0.116168,-0.613046,0.010636,0.789992,0.065417,0.028816,0.009828,-3.37441,0.392073,4.494159,-1.912857,-0.112079,0.029372,0.319121,0.298457,0.313017,0.901629,-0.706734,0.707339,-0.011496,-0.641701,-0.634169,0.431175,-0.039124,0.073955,-0.05444,-4.529795,-0.462025,-2.916108,0.308526,0.037095,0.034872,-0.02104,-0.094172,-0.40883,0.907738,0.764669,-0.613569,-0.197012,0.637504,0.675567,0.370401,-0.026141,0.035785,-0.027349,0.459836,-0.414618,-0.752977,0.3276,0.081081,0.019072,-0.065731,-0.694096,0.375275,-0.614327,-0.371174,-0.917755,-0.14126,-0.616813,0.129975,0.776303,0.025428,0.010768,0.010463,-0.70322,1.238103,0.987326,-0.835414
38,0.090515,-0.004639,0.348457,-0.772695,0.285656,-0.566912,-0.26883,-0.956223,-0.115503,-0.574131,0.062792,0.816369,0.037639,0.02741,0.025233,-2.920149,0.753963,4.286122,-1.908886,-0.113365,0.032864,0.316866,0.264687,0.336756,0.903619,-0.73025,0.681953,-0.040116,-0.630037,-0.649668,0.425263,-0.015617,0.095807,-0.055883,0.272427,0.113231,-0.176895,-0.005561,0.036445,0.036569,-0.022149,-0.056616,-0.431629,0.900272,0.782842,-0.578829,-0.228285,0.619639,0.691846,0.370669,-0.007768,0.04783,-0.027994,0.251027,0.083303,-0.008845,0.054415,0.081924,0.019686,-0.06538,-0.677121,0.455326,-0.578086,-0.4662,-0.87325,-0.141742,-0.569353,0.173527,0.803569,0.019204,0.018808,0.008021,-1.015596,0.804618,1.227038,-0.834761
39,0.091462,-0.003135,0.349182,-0.76073,0.370602,-0.532907,-0.367963,-0.922514,-0.116376,-0.533801,0.107092,0.838818,0.024384,0.040204,0.017445,-0.044135,0.892791,0.004364,-1.906907,-0.11315,0.036612,0.314886,0.216669,0.359875,0.907489,-0.781777,0.620674,-0.059354,-0.584856,-0.697038,0.414662,0.024843,0.093373,-0.045325,-4.904523,0.358719,-2.295053,-0.383325,0.036545,0.038518,-0.023177,-0.006846,-0.447611,0.894201,0.821695,-0.512135,-0.250069,0.569885,0.733049,0.371306,0.01245,0.046755,-0.022543,-4.905643,0.373362,-2.279639,-0.261716,0.082413,0.020453,-0.065004,-0.645865,0.54018,-0.539503,-0.560643,-0.815246,-0.145096,-0.518206,0.208756,0.829386,0.005483,0.022013,0.010114,-0.687868,0.842607,1.124083,-0.83721
40,0.091855,-0.001582,0.349864,-0.736202,0.453573,-0.502318,-0.460245,-0.879649,-0.119853,-0.495314,0.142383,0.856982,0.009238,0.038396,0.015085,-0.638546,0.663631,1.249305,-1.906749,-0.111898,0.040391,0.313061,0.166915,0.369058,0.914291,-0.813437,0.575544,-0.083692,-0.557281,-0.730202,0.395103,0.037404,0.095231,-0.045038,-0.311914,2.043984,-2.594559,-1.019,0.03717,0.040412,-0.024086,0.043756,-0.451124,0.891387,0.844054,-0.460639,-0.274558,0.534468,0.764394,0.360617,0.018728,0.047657,-0.022511,-0.339484,2.006752,-2.596258,-0.552536,0.082617,0.021237,-0.064656,-0.604993,0.613653,-0.507357,-0.639863,-0.753928,-0.148885,-0.473875,0.234565,0.848776,0.00464,0.019286,0.007543,-2.666939,0.257851,5.137187,-0.839332
41,0.091965,-0.00088,0.350102,-0.722135,0.483631,-0.494639,-0.495138,-0.860646,-0.118737,-0.482241,0.158563,0.861585,0.007912,0.034014,0.011227,-0.178379,0.320557,0.088868,-1.907073,-0.110908,0.042276,0.312315,0.152129,0.36878,0.916978,-0.816559,0.569585,-0.093474,-0.556929,-0.735001,0.386609,0.063727,0.093905,-0.032215,0.489231,0.603911,-0.541059,-1.248489,0.037643,0.04131,-0.024454,0.058831,-0.449249,0.891466,0.84499,-0.453081,-0.284091,0.531534,0.769994,0.352956,0.025559,0.04523,-0.016789,1.168702,1.767647,-1.732327,-0.69215,0.082674,0.021594,-0.064532,-0.58417,0.641283,-0.497494,-0.670814,-0.726536,-0.148839,-0.456896,0.246779,0.854602,0.004014,0.017233,0.005809,-0.835545,0.100634,1.188858,-0.83623
42,0.092202,0.000313,0.350435,-0.683449,0.540339,-0.490892,-0.570415,-0.814869,-0.102893,-0.454765,0.209013,0.865753,0.006944,0.038506,-0.002895,-1.201226,-0.53712,0.97541,-1.90751,-0.108079,0.045447,0.311549,0.146099,0.370351,0.917326,-0.818354,0.566216,-0.098136,-0.555902,-0.736815,0.384629,0.083049,0.053296,-0.000349,0.090763,-0.082582,0.094906,-1.404373,0.03905,0.042913,-0.024846,0.065842,-0.450121,0.890536,0.845269,-0.449119,-0.289501,0.530267,0.771805,0.350902,0.034173,0.031056,-0.004121,0.126164,-0.047661,0.077299,-0.859686,0.082796,0.022182,-0.064366,-0.537117,0.686247,-0.490478,-0.730911,-0.668893,-0.135462,-0.421038,0.285737,0.86086,0.002878,0.013437,0.002516,-2.222694,1.341669,-1.075218,-0.84962
43,0.092233,0.001283,0.350585,-0.640973,0.588465,-0.492856,-0.639977,-0.764177,-0.08022,-0.423045,0.263261,0.867037,0.004548,0.022835,0.001542,-3.154439,-0.652992,4.156463,-1.907516,-0.104506,0.046763,0.312047,0.146272,0.382554,0.912277,-0.819318,0.563612,-0.104852,-0.554434,-0.732579,0.394708,0.101202,0.022969,0.022831,0.135381,-0.555147,-0.099261,-1.406023,0.04083,0.043584,-0.024604,0.066272,-0.46117,0.884833,0.844915,-0.445785,-0.295623,0.530778,0.767201,0.360107,0.050462,0.012166,0.01194,0.15858,-0.601173,-0.360274,-0.833886,0.082812,0.022669,-0.06429,-0.485195,0.723198,-0.491498,-0.788167,-0.605123,-0.112329,-0.378653,0.332881,0.863603,0.00239,0.011791,0.001095,-2.283071,1.496032,-0.716664,-0.866112
44,0.092187,0.001678,0.350647,-0.619136,0.607902,-0.497163,-0.66876,-0.739959,-0.072052,-0.410917,0.287112,0.865298,0.003944,0.020805,-0.000187,-3.001659,-0.870547,4.718503,-1.907817,-0.102339,0.047213,0.312605,0.136995,0.404602,0.904168,-0.826723,0.549492,-0.120501,-0.545729,-0.731488,0.408617,0.115062,0.017883,0.033593,0.172683,-1.071895,-0.558116,-1.406088,0.041953,0.043815,-0.024319,0.076296,-0.480862,0.87347,0.847934,-0.429598,-0.310568,0.524581,0.76434,0.374963,0.057469,0.009209,0.016938,0.190537,-1.213053,-0.683429,-0.843194,0.082785,0.022876,-0.064257,-0.460301,0.736623,-0.495487,-0.811076,-0.575865,-0.102639,-0.36094,0.354633,0.862529,-0.005333,0.006185,0.004997,-0.548481,-0.541635,-0.064053,-0.868888
45,0.092153,0.002243,0.350707,-0.591354,0.627246,-0.506861,-0.702686,-0.709126,-0.057834,-0.394975,0.321179,0.860735,0.001471,0.004905,0.00412,-2.940747,-0.490762,4.436423,-1.90824,-0.097798,0.047568,0.314286,0.115837,0.457859,0.881441,-0.839323,0.519647,-0.159496,-0.53118,-0.721904,0.443358,0.120287,-0.011825,0.058907,0.217939,-1.041117,-0.9714,-1.406234,0.044178,0.043997,-0.0235,0.09874,-0.529146,0.842765,0.849835,-0.39577,-0.34806,0.517716,0.750579,0.410609,0.05269,-0.001597,0.025458,0.118291,-0.606873,-0.66018,-0.851522,0.082769,0.023165,-0.064228,-0.428641,0.749065,-0.50514,-0.837856,-0.538759,-0.087948,-0.338028,0.385537,0.858543,0.001245,0.00796,-0.002149,-0.108725,-0.225223,-0.301628,-0.869705
46,0.092266,0.002666,0.350625,-0.579926,0.627104,-0.520069,-0.714781,-0.697905,-0.044595,-0.390209,0.345089,0.853626,0.000848,0.002829,0.002372,-0.201109,-0.247625,-0.004867,-1.90833,-0.09365,0.046923,0.316863,0.085343,0.50328,0.859894,-0.856311,0.478249,-0.19479,-0.509354,-0.720335,0.470679,0.107627,-0.017207,0.072913,-0.008809,-0.521802,-0.836582,-1.406353,0.046259,0.043671,-0.022222,0.129416,-0.57013,0.811296,0.854852,-0.350448,-0.382638,0.502471,0.743059,0.442024,0.047453,-0.01013,0.03601,-0.005734,-0.503206,-1.172199,-0.864258,0.082824,0.023368,-0.064269,-0.41336,0.748966,-0.517863,-0.850289,-0.520978,-0.074766,-0.325793,0.409428,0.852189,0.000994,0.007138,-0.002846,-1.000351,-0.325411,1.115089,-0.873134
47,0.092339,0.003009,0.350516,-0.569496,0.627567,-0.530924,-0.723943,-0.688805,-0.037748,-0.388691,0.362077,0.847259,0.001553,0.012826,-0.006908,-0.111256,-0.196267,-0.308949,-1.908403,-0.089991,0.046119,0.31979,0.072165,0.544083,0.835917,-0.869605,0.444756,-0.214273,-0.488422,-0.712129,0.504162,0.081577,-0.020391,0.073673,-1.457854,-2.127123,0.572349,-1.406704,0.048066,0.043286,-0.020779,0.143781,-0.605084,0.78307,0.85985,-0.315324,-0.401532,0.489882,0.731056,0.474944,0.041879,-0.015844,0.040502,0.0281,-0.664774,-1.261586,-0.853808,0.08286,0.023533,-0.064323,-0.40244,0.748055,-0.527687,-0.85758,-0.509754,-0.0686,-0.320307,0.424927,0.846663,0.000397,0.00131,0.001096,-0.249341,-0.483488,-0.231448,-0.875257
48,0.092341,0.003181,0.350448,-0.562393,0.632285,-0.532893,-0.731414,-0.680954,-0.036157,-0.385044,0.368641,0.846092,0.00046,0.001536,0.001286,-0.920344,-0.131171,1.363584,-1.908798,-0.088567,0.045651,0.321227,0.063446,0.559505,0.82639,-0.8736,0.431472,-0.224917,-0.482456,-0.708359,0.5151,0.056306,-0.026673,0.072013,-1.516133,-2.077211,0.465579,-1.406726,0.048792,0.043059,-0.020057,0.151971,-0.618401,0.771028,0.8603,-0.301298,-0.411222,0.486609,0.725809,0.486222,0.035601,-0.01751,0.040016,-0.171407,-0.004636,-0.849697,-0.85691,0.082861,0.023624,-0.06436,-0.399029,0.747957,-0.53041,-0.860078,-0.505838,-0.066268,-0.317868,0.429752,0.845146,0.000777,0.006406,-0.003457,0.007626,-0.076302,-0.024193,-0.872807
49,0.092372,0.003509,0.350285,-0.556514,0.628932,-0.542939,-0.734352,-0.677958,-0.032722,-0.387984,0.379712,0.83983,0.00114,0.011444,-0.008062,-0.030812,-0.144685,-0.054027,-1.909925,-0.086428,0.044601,0.324144,0.038148,0.576224,0.816395,-0.879834,0.406702,-0.245804,-0.473685,-0.70963,0.521451,0.055319,-0.023148,0.07486,-0.217733,0.149426,-0.715228,-1.406385,0.049872,0.042532,-0.018602,0.174784,-0.633485,0.753755,0.860278,-0.274116,-0.429863,0.478928,0.723572,0.497062,0.02137,-0.013437,0.036767,-0.200876,0.130539,-0.766457,-0.859849,0.082877,0.023784,-0.064438,-0.389577,0.745985,-0.540124,-0.865276,-0.497344,-0.0628,-0.315476,0.442891,0.839237,0.000125,0.000408,0.000343,-0.077754,-0.14919,-0.090072,-0.870358
50,0.09241,0.003821,0.35011,-0.55057,0.618565,-0.560621,-0.731911,-0.680615,-0.032267,-0.400848,0.391786,0.828162,0.00157,0.012877,-0.00686,1.77854,-1.813539,0.93595,-1.910905,-0.085046,0.04351,0.32689,0.016179,0.592234,0.805598,-0.883237,0.386116,-0.265971,-0.468561,-0.707965,0.528298,0.031058,-0.033002,0.070309,-0.094006,-0.456377,-0.773388,-1.406533,0.050575,0.041997,-0.017217,0.196126,-0.643613,0.739794,0.858195,-0.252318,-0.44703,0.474378,0.722563,0.502859,0.009047,-0.017696,0.035059,-0.194505,0.01031,-0.435169,-0.863115,0.082894,0.023935,-0.064529,-0.387212,0.735131,-0.556459,-0.863671,-0.500452,-0.060155,-0.322703,0.457305,0.828693,0.000167,0.000544,0.000455,-0.17966,-0.339474,-0.193455,-0.87444
51,0.092384,0.004024,0.350027,-0.550389,0.610671,-0.569385,-0.729863,-0.683034,-0.027141,-0.404805,0.399871,0.822352,0.001795,0.013624,-0.006235,-0.259669,-0.494784,-0.442384,-1.91121,-0.084654,0.042859,0.328108,0.006322,0.598778,0.800884,-0.883802,0.378042,-0.275521,-0.467721,-0.706824,0.530565,0.017187,-0.028678,0.058841,-0.152198,-0.059195,-0.503777,-1.406408,0.050785,0.041667,-0.016576,0.206305,-0.650629,0.730834,0.855548,-0.242514,-0.45741,0.474842,0.71963,0.506613,0.009838,-0.020401,0.032852,-0.170428,-0.140026,-0.36231,-0.864258,0.082881,0.024039,-0.064575,-0.386687,0.728371,-0.565638,-0.862219,-0.503148,-0.058465,-0.327184,0.465098,0.822577,-0.006017,0.007621,-0.002656,-0.271781,-0.481351,-0.519714,-0.872481
52,0.091976,0.004677,0.349792,-0.545426,0.598833,-0.586477,-0.728352,-0.68483,-0.02198,-0.414127,0.414425,0.810419,-0.012046,0.015164,-0.005372,-0.199254,-0.342395,-0.42793,-1.912218,-0.084191,0.041472,0.330359,-0.015226,0.617936,0.786076,-0.881814,0.362326,-0.301759,-0.471233,-0.698534,0.53838,0.018431,-0.032915,0.055429,-0.088046,-0.399009,-0.530851,-1.406071,0.051017,0.040973,-0.015451,0.226841,-0.664805,0.711741,0.847345,-0.225568,-0.480754,0.480154,0.712146,0.512151,0.002854,-0.018068,0.027288,-0.054374,-0.668889,-0.493459,-0.861156,0.082679,0.024374,-0.064692,-0.384318,0.715099,-0.583894,-0.86116,-0.505622,-0.052425,-0.33272,0.482679,0.810134,-0.00602,0.007577,-0.002686,-0.223328,-0.364424,-0.449417,-0.879992
463,0.068378,0.043738,0.380955,-0.643152,0.307338,-0.701387,-0.438087,-0.898884,0.00776,-0.627286,0.311872,0.713636,0.030528,-0.023654,-0.014322,0.118289,-0.581602,-0.600898,0.165517,-0.1151,0.065007,0.37775,0.69738,0.460825,0.548902,-0.590348,0.803557,0.075628,-0.407082,-0.377371,0.831708,0.011271,0.011023,-0.063671,-0.310129,1.228799,0.272145,-1.406474,0.035566,0.052734,0.008265,-0.529921,-0.583088,0.615784,0.680213,-0.725885,-0.101977,0.506451,0.364826,0.781287,0.005734,0.005157,-0.032012,-0.393939,1.299237,0.345248,-0.854624,0.070869,0.043916,-0.049104,-0.542103,0.455482,-0.706157,-0.625955,-0.779539,-0.022282,-0.560628,0.429944,0.707702,0.008436,-0.015894,-0.002023,0.907805,-0.493493,-1.727973,-0.016185
464,0.069078,0.042779,0.380466,-0.665616,0.233942,-0.708711,-0.35332,-0.935204,0.023055,-0.656573,0.265451,0.706028,0.01727,-0.024084,-0.014588,3.770219,-0.42571,-4.312969,0.21285,-0.114019,0.065504,0.375233,0.705384,0.384622,0.595391,-0.522711,0.849536,0.070671,-0.479493,-0.361559,0.799515,0.034577,0.012223,-0.064742,-0.222672,1.10367,-0.480841,-1.406032,0.036095,0.052974,0.007029,-0.538414,-0.511202,0.669912,0.618102,-0.779917,-0.098372,0.572764,0.361109,0.735893,0.017312,0.006147,-0.032358,-0.049078,1.227615,-0.042369,-0.860992,0.071225,0.043439,-0.049347,-0.577586,0.391373,-0.716394,-0.556316,-0.830952,-0.005432,-0.597416,0.395404,0.697673,0.007943,-0.017324,-0.002909,-0.17501,-0.415961,-0.5677,0.050928
465,0.069653,0.041718,0.379844,-0.672903,0.174797,-0.718813,-0.288505,-0.956735,0.037351,-0.680352,0.232291,0.695118,0.015778,-0.028315,-0.017247,3.752895,-0.699656,-4.103851,0.238143,-0.112562,0.065832,0.372941,0.70751,0.290289,0.644324,-0.430716,0.899909,0.067694,-0.561052,-0.325787,0.760885,0.035823,0.005363,-0.05469,3.279541,1.955613,4.056771,-1.404684,0.036825,0.053129,0.005874,-0.540316,-0.426816,0.72518,0.538081,-0.837833,-0.092208,0.646936,0.340384,0.682357,0.018925,-0.003049,-0.023371,0.383977,1.824377,0.877173,-0.851358,0.071513,0.042912,-0.049656,-0.598076,0.335839,-0.727677,-0.498413,-0.866886,0.009557,-0.627604,0.368401,0.685851,0.008455,-0.009246,-0.013251,-0.282385,-0.70179,-0.381244,0.100405
