frame,MLTx,MLTy,MLTz,MLTR1,MLTR2,MLTR3,MLTR4,MLTR5,MLTR6,MLTR7,MLTR8,MLTR9,MLTTVx,MLTTVy,MLTTVz,MLTRVx,MLTRVy,MLTRVz,MLGA,MRTx,MRTy,MRTz,MRTR1,MRTR2,MRTR3,MRTR4,MRTR5,MRTR6,MRTR7,MRTR8,MRTR9,MRTTVx,MRTTVy,MRTTVz,MRTRVx,MRTRVy,MRTRVz,MRGA,SLTx,SLTy,SLTz,SLTR1,SLTR2,SLTR3,SLTR4,SLTR5,SLTR6,SLTR7,SLTR8,SLTR9,SLTTVx,SLTTVy,SLTTVz,SLTRVx,SLTRVy,SLTRVz,SLGA,SRTx,SRTy,SRTz,SRTR1,SRTR2,SRTR3,SRTR4,SRTR5,SRTR6,SRTR7,SRTR8,SRTR9,SRTTVx,SRTTVy,SRTTVz,SRTRVx,SRTRVy,SRTRVz,SRGA
3130,0.238915,-0.01261,0.312739,-0.830487,-0.544213,-0.119034,0.213151,-0.507923,0.834598,-0.513626,0.668426,0.537979,0.050978,-0.039405,-0.066277,0.158874,0.092315,0.188746,-1.915894,-0.097583,-0.020161,0.302797,-0.83425,0.233852,0.499331,0.206021,-0.707624,0.675838,0.512421,0.666386,0.541496,-0.013414,-0.009561,-0.008547,0.019048,0.073843,-0.047411,-0.036073,0.077238,0.043584,-0.006599,0.844153,-0.198083,0.498163,-0.22974,0.705922,0.669994,-0.48438,-0.680026,0.550399,-0.006694,-0.004801,-0.004301,0.068959,0.177595,-0.027798,-0.224159,0.122114,0.044391,-0.049991,0.801418,0.587735,-0.110885,-0.247879,0.495106,0.832721,0.54432,-0.639872,0.542474,0.025527,-0.019723,-0.033179,0.144262,0.222961,0.037457,-1.011114
3131,0.24069,-0.014215,0.310179,-0.831972,-0.541481,-0.121104,0.217026,-0.518525,0.827046,-0.50959,0.662469,0.549072,0.051513,-0.039259,-0.067626,0.307567,-0.09876,-0.186836,-1.916004,-0.097871,-0.020545,0.302406,-0.830967,0.235732,0.5039,0.205415,-0.711578,0.67186,0.517975,0.661495,0.542208,0.001932,-0.008925,-0.010752,-0.001685,0.014495,-0.024855,-0.036086,0.077088,0.043392,-0.006793,0.84098,-0.200049,0.502725,-0.229242,0.709882,0.665969,-0.490102,-0.675312,0.551137,-0.006418,-0.006131,-0.005913,-0.012019,0.032554,-0.050328,-0.224649,0.123001,0.043589,-0.05127,0.803184,0.584896,-0.113096,-0.251888,0.505468,0.825259,0.539857,-0.634348,0.553313,0.018469,-0.020692,-0.034187,0.505142,-1.108155,-0.661805,-1.01438
3132,0.241521,-0.015008,0.308902,-0.832738,-0.540127,-0.121885,0.219097,-0.523665,0.823252,-0.507451,0.659519,0.554576,0.051511,-0.03753,-0.066483,0.914806,-4.357528,-2.818529,-1.916711,-0.097974,-0.020767,0.302168,-0.82747,0.239741,0.50775,0.204228,-0.713656,0.670015,0.524016,0.657802,0.540895,0.002286,-0.010582,-0.012775,-0.004174,0.029581,-0.049286,-0.035883,0.077036,0.043283,-0.00691,0.837638,-0.204198,0.50662,-0.228136,0.711939,0.66415,-0.496301,-0.671896,0.549763,-0.006361,-0.006431,-0.006288,-0.005531,0.028747,-0.051621,-0.224486,0.123417,0.043189,-0.051912,0.807313,0.579067,-0.11369,-0.251457,0.511848,0.821449,0.533867,-0.634579,0.558833,0.018418,-0.019597,-0.033366,0.275598,0.256119,0.245885,-1.016666
3133,0.243055,-0.016591,0.306556,-0.835053,-0.535084,-0.128127,0.219756,-0.537925,0.813828,-0.503351,0.652097,0.566952,0.03744,-0.044596,-0.053524,0.343587,-0.115237,-0.009621,-1.915829,-0.098166,-0.021276,0.301609,-0.817384,0.244294,0.521723,0.206451,-0.721093,0.661314,0.53878,0.647941,0.538285,-0.012216,-0.01542,-0.015751,0.006938,0.126395,-0.263319,-0.028767,0.076945,0.04303,-0.007189,0.827869,-0.20889,0.520573,-0.230491,0.71941,0.655227,-0.511376,-0.66243,0.54743,0.001368,-0.00631,-0.007654,0.000841,-0.000998,-0.025167,-0.22171,0.124204,0.042378,-0.053117,0.806617,0.578755,-0.120038,-0.255696,0.524766,0.811935,0.532904,-0.624228,0.571272,0.018729,-0.022097,-0.026571,0.34155,-0.112001,-0.010377,-1.018462
3134,0.244417,-0.017968,0.30455,-0.841646,-0.523165,-0.134068,0.217088,-0.555106,0.802934,-0.493442,0.647331,0.580951,0.021294,-0.036718,-0.043839,0.282791,0.389962,0.121807,-1.915437,-0.098201,-0.021867,0.300905,-0.806999,0.248095,0.535903,0.209047,-0.728532,0.652283,0.553252,0.6381,0.535354,0.003491,-0.01624,-0.019836,-0.013215,0.140828,-0.24801,-0.015862,0.076923,0.042731,-0.007544,0.817609,-0.21289,0.534969,-0.233556,0.726629,0.646112,-0.526276,-0.653212,0.544377,0.001785,-0.008251,-0.010077,-0.038425,0.151497,-0.23667,-0.210769,0.124879,0.041696,-0.054111,0.813757,0.56737,-0.126052,-0.25383,0.542039,0.801101,0.522846,-0.619906,0.585104,0.01744,-0.011423,-0.025305,0.387924,0.409077,0.252452,-1.018789
3135,0.245345,-0.019144,0.303169,-0.846094,-0.514482,-0.139564,0.217537,-0.572329,0.790626,-0.485587,0.639223,0.596345,0.020765,-0.036507,-0.023189,1.096087,-3.789971,-3.271137,-1.915736,-0.098036,-0.022521,0.300082,-0.795526,0.253918,0.550141,0.207399,-0.738835,0.641126,0.570242,0.623803,0.534375,0.003824,-0.017766,-0.021869,-0.004688,0.135247,-0.21575,-0.001589,0.077005,0.042408,-0.00795,0.806514,-0.219005,0.549155,-0.232197,0.736886,0.634887,-0.543708,-0.639558,0.543457,0.00201,-0.009277,-0.011425,-0.018894,0.183242,-0.209753,-0.198849,0.125337,0.041112,-0.054804,0.821562,0.554676,-0.131788,-0.251653,0.560242,0.789176,0.511571,-0.615192,0.59986,0.009743,-0.01238,-0.015306,0.619808,0.63511,0.368087,-1.019115
3136,0.245644,-0.019738,0.302721,-0.848547,-0.509005,-0.144666,0.216015,-0.582848,0.783325,-0.481979,0.63407,0.604715,0.020123,-0.032424,-0.018598,0.765332,-1.131628,2.390937,-1.916044,-0.097927,-0.022855,0.29963,-0.78922,0.251503,0.560241,0.210709,-0.745849,0.631859,0.577747,0.616399,0.534907,0.002048,-0.006995,-0.030426,0.236399,1.775465,-2.407589,0.005739,0.07706,0.042235,-0.008175,0.801724,-0.217263,0.556807,-0.233962,0.743177,0.626856,-0.55,-0.632837,0.544991,0.002031,-0.009361,-0.011575,0.034904,0.09083,-0.279883,-0.191501,0.125494,0.040806,-0.05504,0.821656,0.554084,-0.133685,-0.255833,0.568097,0.782185,0.509343,-0.608486,0.608534,0.002533,-0.016737,-0.009017,0.450431,0.598411,0.200662,-1.019442
3137,0.245837,-0.02093,0.302352,-0.857031,-0.492676,-0.151044,0.214133,-0.60718,0.765148,-0.467614,0.624023,0.626067,0.004735,-0.035712,0.000403,0.507037,0.820368,0.148079,-1.915397,-0.09762,-0.023503,0.298694,-0.777564,0.250966,0.576543,0.214895,-0.755478,0.618876,0.591844,0.604788,0.532743,0.004134,-0.019116,-0.023835,-0.027491,0.242492,-0.418357,0.020071,0.077213,0.041916,-0.008645,0.788639,-0.216471,0.575489,-0.240293,0.753026,0.612544,-0.565956,-0.621362,0.54185,0.009557,-0.007937,-0.01144,-0.058981,0.241823,-0.370861,-0.173213,0.125597,0.04021,-0.055233,0.830294,0.538616,-0.143192,-0.253501,0.593795,0.763639,0.496335,-0.597745,0.629564,0.002271,-0.017209,0.000953,0.724272,0.944471,0.281135,-1.021075
3138,0.245619,-0.022104,0.302559,-0.865771,-0.475175,-0.157146,0.212294,-0.633089,0.74438,-0.452121,0.61169,0.649191,-0.011771,-0.02905,0.010085,0.560345,0.861495,0.179343,-1.91574,-0.097266,-0.024063,0.297636,-0.762685,0.251414,0.595897,0.216273,-0.769029,0.60146,0.61042,0.587278,0.531371,0.004423,-0.020355,-0.025613,1.041218,1.222631,0.359755,0.035923,0.077391,0.041629,-0.009182,0.77377,-0.216795,0.595213,-0.242869,0.766282,0.594831,-0.585058,-0.604822,0.540274,0.002244,-0.010263,-0.01291,1.023731,1.248477,0.382,-0.152475,0.125494,0.039622,-0.055132,0.840043,0.521569,-0.149308,-0.25267,0.619671,0.743078,0.480089,-0.586491,0.652335,-0.005893,-0.014477,0.005096,0.581986,1.091937,0.061127,-1.021728
3139,0.245384,-0.02275,0.302886,-0.872044,-0.461462,-0.163209,0.206111,-0.648708,0.732576,-0.442846,0.605772,0.661026,-0.012388,-0.025537,0.014235,0.658768,0.747445,0.3797,-1.915637,-0.097118,-0.024331,0.297033,-0.754193,0.254463,0.605338,0.214568,-0.775615,0.593563,0.62148,0.57722,0.529569,0.002796,-0.010274,-0.03508,1.05532,1.184208,0.454581,0.043941,0.077464,0.0415,-0.00947,0.76593,-0.219196,0.604402,-0.242159,0.772495,0.587034,-0.595574,-0.595989,0.538597,0.00138,-0.005289,-0.017559,3.347071,3.593119,2.355049,-0.141861,0.125381,0.039313,-0.054977,0.846714,0.508946,-0.155073,-0.247413,0.634679,0.732098,0.47102,-0.581511,0.663312,-0.005605,-0.018184,0.011376,1.0128,-0.876431,1.960265,-1.020095
3140,0.244663,-0.023981,0.303896,-0.880484,-0.442833,-0.169387,0.202106,-0.673817,0.7107,-0.427762,0.592075,0.683004,-0.027422,-0.031771,0.029987,0.649165,1.014878,0.074619,-1.915956,-0.096962,-0.024842,0.295614,-0.737636,0.254864,0.625243,0.216152,-0.788016,0.576405,0.640516,0.559998,0.525361,0.001578,-0.002069,-0.047121,0.105711,0.266737,-0.593602,0.065205,0.077542,0.041243,-0.010173,0.749132,-0.221537,0.624276,-0.24279,0.785009,0.569923,-0.616322,-0.578517,0.534289,0.001809,-0.006903,-0.019943,0.075721,0.182977,-0.468722,-0.116551,0.125011,0.038676,-0.054456,0.85681,0.489768,-0.161253,-0.24431,0.660998,0.709502,0.45408,-0.568513,0.686005,-0.013789,-0.015507,0.015449,0.544535,0.995875,0.065292,-1.019932
3141,0.243637,-0.025091,0.305259,-0.891398,-0.418639,-0.17377,0.195587,-0.701176,0.685617,-0.40776,0.577688,0.707132,-0.028344,-0.026337,0.036329,0.684726,1.062944,0.038957,-1.915325,-0.096955,-0.025387,0.293837,-0.718863,0.263376,0.64332,0.206519,-0.802618,0.559542,0.664595,0.534756,0.521739,0.004335,-0.017291,-0.044806,0.340744,0.517179,-0.171734,0.083831,0.077543,0.04098,-0.01104,0.731376,-0.229222,0.642297,-0.23504,0.799394,0.552923,-0.640191,-0.555361,0.530781,0.002198,-0.008922,-0.022584,3.532847,3.353835,2.474227,-0.090424,0.12452,0.038144,-0.053799,0.868493,0.466825,-0.166713,-0.238487,0.688338,0.685065,0.434561,-0.555215,0.709149,-0.014236,-0.012906,0.01849,0.533658,0.695375,0.073723,-1.017156
3142,0.242496,-0.025976,0.306827,-0.897289,-0.403088,-0.180106,0.190742,-0.721926,0.665141,-0.397017,0.562968,0.724894,-0.029188,-0.021008,0.042446,0.251255,0.635578,-0.338122,-1.915333,-0.096996,-0.025958,0.291799,-0.702193,0.269851,0.65886,0.1937,-0.817958,0.541627,0.685942,0.507604,0.521233,0.003254,-0.009742,-0.058051,0.152449,0.156633,-0.462188,0.110141,0.077523,0.040689,-0.012075,0.714282,-0.237574,0.658299,-0.221685,0.815379,0.5348,-0.663819,-0.527934,0.529745,0.002693,-0.010913,-0.025644,0.162705,0.074393,-0.332582,-0.061195,0.123939,0.037691,-0.053002,0.876673,0.449312,-0.171934,-0.234284,0.710881,0.663143,0.420183,-0.541078,0.728477,-0.014677,-0.010157,0.02165,0.354119,0.475816,-0.015962,-1.018789
3143,0.241844,-0.026401,0.307757,-0.898595,-0.397135,-0.186697,0.187241,-0.731835,0.655233,-0.395729,0.554323,0.732224,-0.029684,-0.017719,0.046179,0.368379,-0.115918,0.2875,-1.91513,-0.09707,-0.026295,0.290658,-0.696391,0.270409,0.664763,0.188022,-0.825075,0.53276,0.693398,0.495656,0.522864,-0.011423,-0.015233,-0.062333,0.364997,-0.043636,-0.67911,0.125621,0.077488,0.040518,-0.012665,0.707807,-0.239248,0.664657,-0.216721,0.82198,0.526668,-0.672339,-0.516825,0.529954,-0.005632,-0.007852,-0.031472,0.506101,-0.155948,-0.753124,-0.041437,0.123613,0.037476,-0.052539,0.878693,0.443171,-0.177474,-0.23155,0.720756,0.653371,0.41747,-0.533019,0.73594,-0.014398,-0.01372,0.028013,0.892505,-1.330316,1.470553,-1.022218
3144,0.240396,-0.027149,0.309899,-0.904772,-0.378916,-0.194562,0.178166,-0.751636,0.635037,-0.38574,0.540368,0.74782,-0.044621,-0.023508,0.06192,0.711049,0.219799,0.442739,-1.914514,-0.097415,-0.027116,0.288274,-0.68965,0.261668,0.675206,0.190367,-0.834002,0.517816,0.699467,0.485318,0.524476,-0.009306,-0.027996,-0.057329,0.257888,-0.064548,-0.477087,0.136779,0.077319,0.040115,-0.01384,0.701081,-0.230446,0.674818,-0.219261,0.830827,0.511517,-0.678535,-0.506577,0.531949,-0.005469,-0.008795,-0.033134,0.438222,-0.197427,-0.542127,-0.014657,0.122878,0.037094,-0.051452,0.884991,0.426764,-0.186177,-0.22334,0.739949,0.634503,0.408545,-0.519948,0.750162,-0.022388,-0.011473,0.031312,0.647876,0.137755,0.484037,-1.021075
3145,0.238819,-0.027817,0.312367,-0.909675,-0.36248,-0.202842,0.168898,-0.769004,0.616505,-0.378325,0.527007,0.761026,-0.030296,-0.015962,0.068424,0.183435,0.436485,-0.187586,-1.914093,-0.097979,-0.027987,0.28582,-0.678997,0.263461,0.685232,0.181946,-0.843762,0.504871,0.712021,0.467148,0.524083,-0.009534,-0.027505,-0.057536,0.404111,0.383122,-0.07892,0.136889,0.077038,0.039675,-0.015072,0.691132,-0.231137,0.68477,-0.211581,0.841261,0.497506,-0.691063,-0.488727,0.532519,-0.01329,-0.009814,-0.03324,1.222706,1.000923,0.54165,-0.006819,0.122101,0.036767,-0.050243,0.891335,0.409579,-0.194331,-0.214735,0.758965,0.614702,0.39926,-0.506177,0.764444,-0.022767,-0.008505,0.034473,0.276572,0.272476,0.093042,-1.023034
3146,0.23797,-0.028082,0.313716,-0.911477,-0.355094,-0.207759,0.165665,-0.779113,0.604574,-0.375414,0.517075,0.769236,-0.045729,-0.014378,0.071537,0.663558,0.113039,0.394627,-1.914658,-0.098279,-0.028414,0.284656,-0.674178,0.262199,0.690454,0.180127,-0.848148,0.49813,0.717044,0.459866,0.523673,-0.009949,-0.025845,-0.055662,0.076916,0.030153,-0.169049,0.132051,0.076889,0.039459,-0.015659,0.686054,-0.230352,0.690121,-0.209626,0.845743,0.490687,-0.696696,-0.481305,0.531938,-0.00586,-0.00733,-0.031773,0.084236,0.136432,-0.306581,-0.007146,0.121665,0.036628,-0.049543,0.89322,0.403137,-0.199088,-0.212251,0.768424,0.603715,0.396364,-0.496994,0.771939,-0.022948,-0.006903,0.036124,0.775675,0.108107,0.433227,-1.022218
3147,0.236225,-0.028396,0.316578,-0.916344,-0.337559,-0.215435,0.156609,-0.797301,0.582887,-0.367385,0.500802,0.783743,-0.047288,0.001897,0.06834,0.843574,0.194795,0.452966,-1.913666,-0.098883,-0.029157,0.282543,-0.664049,0.25168,0.704052,0.183052,-0.858153,0.479582,0.7257,0.447026,0.522868,-0.011171,-0.020594,-0.04902,0.049041,0.146291,-0.329771,0.116494,0.076588,0.039081,-0.016724,0.675731,-0.219968,0.703563,-0.212907,0.855523,0.471963,-0.705732,-0.468714,0.531271,-0.014331,-0.005467,-0.027755,0.063558,0.057737,-0.12024,-0.020536,0.120793,0.036473,-0.04811,0.89882,0.386361,-0.206994,-0.203976,0.786693,0.582672,0.387963,-0.481496,0.785904,-0.023729,0.001223,0.034505,0.788166,0.111904,0.493311,-1.035934
3148,0.234582,-0.028536,0.319558,-0.922687,-0.317256,-0.219188,0.145235,-0.812551,0.564482,-0.356039,0.489397,0.796087,-0.046387,-0.005888,0.079369,0.482181,0.649378,-0.058997,-1.913873,-0.099392,-0.029634,0.280748,-0.65102,0.240893,0.719816,0.182036,-0.870981,0.456279,0.737658,0.427776,0.522238,-0.014713,-0.001604,-0.046363,0.128622,0.067186,-0.291269,0.102113,0.076341,0.038834,-0.017616,0.662406,-0.209662,0.719208,-0.2124,0.868082,0.448686,-0.718404,-0.449972,0.53049,-0.006446,-0.006232,-0.018969,0.092306,0.061099,-0.313111,-0.039478,0.119988,0.036409,-0.046646,0.906182,0.366377,-0.211185,-0.192982,0.802634,0.564388,0.376284,-0.470684,0.798038,-0.023205,-0.003274,0.03937,0.600434,0.603493,0.069473,-1.035445
3149,0.233779,-0.028536,0.321018,-0.924004,-0.312608,-0.220314,0.144571,-0.81891,0.55539,-0.352888,0.481717,0.802151,-0.047274,0.005103,0.070554,0.218783,0.471504,-0.228659,-1.914297,-0.099604,-0.02977,0.280056,-0.650301,0.234062,0.722714,0.183954,-0.874418,0.448875,0.737815,0.424555,0.524638,0.001814,-0.006231,-0.032805,0.13263,0.090269,-0.466297,0.096848,0.076225,0.03876,-0.017995,0.661231,-0.202726,0.722271,-0.214671,0.871399,0.441111,-0.718811,-0.446728,0.532676,0.000861,-0.002765,-0.015896,0.112721,0.105749,-0.454145,-0.048458,0.119569,0.036409,-0.045883,0.908454,0.360693,-0.211212,-0.192886,0.810054,0.55372,0.370817,-0.46229,0.80547,-0.023707,0.002671,0.035437,0.152648,0.457121,-0.239649,-1.040343
3150,0.232206,-0.028329,0.323934,-0.932651,-0.288174,-0.217171,0.134464,-0.836122,0.531781,-0.333666,0.467119,0.818837,-0.04732,0.008008,0.072729,0.711116,0.847805,-0.005305,-1.914181,-0.099951,-0.029907,0.278925,-0.644773,0.225293,0.730412,0.183909,-0.881681,0.434454,0.742659,0.414171,0.526101,0.000511,-2.7e-05,-0.024058,0.202372,-0.079551,-0.3439,0.087356,0.076052,0.038693,-0.01855,0.655074,-0.194933,0.729985,-0.215071,0.878069,0.427478,-0.724308,-0.437029,0.533276,-0.007604,-0.000863,-0.011435,0.30559,-0.187265,-0.417682,-0.063155,0.1188,0.03651,-0.044452,0.91741,0.338436,-0.209327,-0.183415,0.826435,0.532317,0.353151,-0.44996,0.820255,-0.016247,0.004609,0.036358,0.336182,0.443594,0.023327,-1.046222
3151,0.230668,-0.02826,0.326877,-0.937586,-0.270087,-0.21916,0.126607,-0.851957,0.508047,-0.322766,0.448922,0.833258,-0.031721,0.00581,0.068217,1.752561,-1.222048,1.512772,-1.914231,-0.100217,-0.029736,0.278165,-0.640286,0.218708,0.736337,0.187439,-0.885046,0.426022,0.74565,0.41052,0.524731,-0.000796,0.006264,-0.015034,0.022837,0.110298,-0.174842,0.082114,0.075919,0.038776,-0.018934,0.650756,-0.187698,0.73572,-0.218705,0.88156,0.418353,-0.727106,-0.433152,0.53263,-0.008255,0.002243,-0.006982,0.003109,0.126384,-0.164819,-0.072789,0.118024,0.036553,-0.042971,0.923809,0.321001,-0.208647,-0.177292,0.841712,0.509987,0.339327,-0.434139,0.834493,-0.022847,-0.003316,0.038253,0.295252,0.454561,-0.037145,-1.047201
3152,0.229054,-0.028442,0.329703,-0.939868,-0.259951,-0.221625,0.12457,-0.864988,0.486056,-0.316885,0.42954,0.84564,-0.04513,-0.008419,0.07388,0.230131,0.134604,0.01981,-1.914785,-0.100509,-0.029243,0.277644,-0.636259,0.215835,0.740662,0.189206,-0.886991,0.421166,0.748642,0.407838,0.522557,-0.003599,0.022249,-0.016035,0.072568,-0.0126,0.040738,0.070672,0.075775,0.039015,-0.019187,0.64644,-0.185018,0.740191,-0.22077,0.883289,0.413593,-0.730325,-0.430775,0.530147,-0.008708,0.004432,-0.003826,0.018748,0.114494,-0.175478,-0.083566,0.117234,0.03647,-0.041588,0.927183,0.308886,-0.211943,-0.174737,0.857066,0.484667,0.331357,-0.412341,0.848632,-0.02263,-0.004059,0.037123,1.250803,-1.68789,1.392092,-1.048834
3153,0.228297,-0.028599,0.331051,-0.940601,-0.25601,-0.2231,0.124014,-0.870647,0.475989,-0.31493,0.420362,0.850965,-0.044763,-0.010743,0.071211,0.40763,-0.334067,0.277254,-1.915223,-0.100655,-0.029005,0.27747,-0.633565,0.214036,0.743489,0.190454,-0.888158,0.418133,0.750606,0.406247,0.520976,-0.019182,0.019761,-0.016011,0.055505,0.108476,-0.156182,0.065521,0.075699,0.03915,-0.019277,0.643694,-0.183326,0.742999,-0.221988,0.88441,0.410535,-0.732378,-0.429196,0.528594,-0.009616,0.010042,-0.007766,0.054979,0.106493,-0.153684,-0.090751,0.116844,0.036392,-0.040882,0.928228,0.304949,-0.213067,-0.1745,0.862742,0.474578,0.328544,-0.403337,0.854036,-0.015048,-0.004513,0.035879,1.105876,-1.723059,1.152276,-1.050467
3154,0.226938,-0.02918,0.333699,-0.941852,-0.247791,-0.227069,0.12208,-0.88175,0.455615,-0.311943,0.401705,0.861018,-0.029086,-0.016222,0.064017,0.18118,0.356418,-0.120068,-1.915336,-0.100977,-0.028646,0.2772,-0.630816,0.212246,0.746333,0.191361,-0.889499,0.414856,0.752686,0.404251,0.519526,-0.015529,-0.002725,-0.000327,-0.002045,0.015205,-0.029245,0.061372,0.075537,0.039334,-0.019407,0.640895,-0.18162,0.745832,-0.22295,0.885683,0.407256,-0.734537,-0.427292,0.527138,-0.007766,-0.001326,-0.000103,-0.002399,0.013715,-0.02751,-0.100385,0.116147,0.036102,-0.039527,0.929671,0.297071,-0.217852,-0.172807,0.873934,0.454285,0.325343,-0.384689,0.863808,-0.014552,-0.008434,0.031712,0.133982,0.351406,-0.132035,-1.039037
3155,0.225754,-0.029872,0.336006,-0.943509,-0.237982,-0.230653,0.119772,-0.893836,0.432068,-0.307817,0.380325,0.87214,-0.028376,-0.022246,0.057741,0.388485,0.448073,-0.05253,-1.914636,-0.101373,-0.028491,0.277038,-0.630506,0.212007,0.746663,0.19113,-0.889848,0.414214,0.753004,0.403609,0.519564,-0.0,0.0,0.0,0.0,-0.0,-0.0,0.058063,0.075339,0.039412,-0.019486,0.640591,-0.181398,0.746148,-0.222726,0.88603,0.406622,-0.734871,-0.426666,0.527181,-0.007762,-0.001347,-0.000139,-0.002042,0.015194,-0.029186,-0.103651,0.115565,0.035765,-0.038395,0.931563,0.287923,-0.222009,-0.170909,0.88574,0.43157,0.320901,-0.364092,0.874332,-0.014683,-0.005649,0.024638,0.692037,0.317841,0.293202,-1.045569
3156,0.22524,-0.030243,0.337016,-0.943944,-0.233759,-0.233177,0.118652,-0.89927,0.420961,-0.306918,0.369983,0.876893,-0.028095,-0.024775,0.055149,1.351089,-1.758739,1.214122,-1.914869,-0.1016,-0.028493,0.276997,-0.629102,0.215579,0.746825,0.185917,-0.891061,0.413979,0.755481,0.399012,0.519519,-0.015402,-0.003323,-0.001207,0.007985,0.020765,-0.022268,0.053406,0.075225,0.039413,-0.019505,0.639317,-0.185024,0.74635,-0.217552,0.887438,0.406353,-0.737525,-0.422159,0.527102,-0.00769,-0.0017,-0.000651,0.008067,0.020551,-0.022212,-0.107406,0.115297,0.03557,-0.037869,0.932674,0.28345,-0.223098,-0.170398,0.891336,0.420099,0.317933,-0.3538,0.879626,-0.014037,-0.012804,0.027169,1.309785,-1.766571,1.203476,-1.045895
3157,0.224376,-0.031012,0.338588,-0.944605,-0.226675,-0.237455,0.1171,-0.908469,0.401176,-0.305482,0.351424,0.884991,-0.014055,-0.012231,0.027675,0.476955,-0.481811,0.409305,-1.91495,-0.102035,-0.028541,0.276991,-0.625681,0.217765,0.749062,0.181961,-0.892918,0.411729,0.759276,0.393638,0.518085,-0.015658,-0.002056,0.000612,-0.002045,0.015205,-0.029245,0.048331,0.075014,0.039387,-0.019511,0.635988,-0.18733,0.748616,-0.213653,0.889424,0.404074,-0.741533,-0.416931,0.525639,-0.00785,-0.000917,0.000474,-0.002496,0.013953,-0.028123,-0.116387,0.114865,0.03519,-0.037078,0.933733,0.276098,-0.227841,-0.16884,0.900919,0.399796,0.315649,-0.334834,0.887834,-0.007007,-0.006596,0.013379,0.432652,-0.582744,0.439262,-1.038547
3158,0.223618,-0.031902,0.339614,-0.945037,-0.220234,-0.24176,0.115342,-0.916258,0.383588,-0.304818,0.334888,0.891607,-0.028056,-0.02142,0.019762,0.233357,0.251592,0.027108,-1.913983,-0.102395,-0.028552,0.277056,-0.621462,0.228504,0.749375,0.16639,-0.896108,0.411388,0.766284,0.380065,0.517903,-0.00041,0.002044,0.002947,4.143619,2.258147,2.886461,0.046954,0.074829,0.039379,-0.019481,0.633355,-0.194469,0.749027,-0.203484,0.891998,0.403648,-0.746629,-0.408068,0.525381,-0.007896,-0.000691,0.000794,-0.002343,0.014944,-0.029414,-0.120959,0.114496,0.034752,-0.036575,0.934259,0.270096,-0.232821,-0.167239,0.908529,0.382889,0.314942,-0.318781,0.893973,-0.006143,-0.016352,0.013435,0.284693,0.326818,0.023628,-1.043446
3159,0.223224,-0.032407,0.33999,-0.943332,-0.221741,-0.246985,0.118603,-0.920221,0.372959,-0.308808,0.322801,0.894687,-0.02782,-0.024144,0.017086,0.147029,0.179521,-0.021513,-1.914323,-0.102542,-0.028541,0.277104,-0.621478,0.228486,0.749367,0.166393,-0.896112,0.411378,0.76627,0.380066,0.517922,-0.00041,0.002052,0.002957,0.0,0.0,0.0,0.046545,0.074755,0.039385,-0.019456,0.632177,-0.198195,0.749046,-0.198206,0.893199,0.403618,-0.749043,-0.403624,0.525377,-0.008011,-0.000109,0.001627,-0.000214,-0.000451,-0.005216,-0.122592,0.114299,0.034497,-0.036389,0.932676,0.271263,-0.23776,-0.170677,0.91256,0.37162,0.317778,-0.306021,0.897422,-0.006496,-0.01186,0.008209,0.159095,0.135503,0.035415,-1.035281
3160,0.222471,-0.03333,0.340592,-0.942265,-0.218701,-0.253678,0.120096,-0.927685,0.35348,-0.311468,0.302873,0.900712,-0.027777,-0.025178,0.016059,0.131428,0.089282,0.128908,-1.913995,-0.102764,-0.028512,0.277193,-0.622686,0.226355,0.749011,0.166069,-0.897111,0.409325,0.76536,0.378986,0.520055,-0.000235,0.001182,0.001702,0.006882,-0.007988,-0.005696,0.04654,0.074643,0.039401,-0.019408,0.633428,-0.195812,0.748615,-0.19788,0.894293,0.401349,-0.748071,-0.402363,0.527724,-0.007931,-0.000498,0.00106,-0.013501,0.024441,-0.023381,-0.122756,0.113923,0.034029,-0.036094,0.931835,0.268315,-0.244314,-0.172543,0.919894,0.352169,0.319236,-0.286008,0.903485,-0.006471,-0.012299,0.007776,0.118866,0.158523,-0.043971,-1.034138
3161,0.221644,-0.034327,0.3412,-0.938974,-0.226092,-0.259335,0.130972,-0.931948,0.338069,-0.316954,0.283748,0.905016,-0.027789,-0.025745,0.015489,0.142888,0.029594,-0.002165,-1.914225,-0.102936,-0.028499,0.277268,-0.621193,0.229847,0.749187,0.160953,-0.898123,0.409149,0.767663,0.374458,0.519941,-0.00029,0.001461,0.002103,2e-06,-2e-06,-1e-06,0.046671,0.074557,0.039408,-0.019372,0.631949,-0.199546,0.748879,-0.192871,0.895391,0.401341,-0.750626,-0.398064,0.527355,-0.007926,-0.000508,0.001043,-0.000622,0.000207,-0.004756,-0.123409,0.11351,0.033528,-0.035793,0.928206,0.275511,-0.250053,-0.18337,0.923522,0.336869,0.323741,-0.266832,0.907739,-0.006468,-0.012579,0.007499,0.235856,-0.090387,-0.288696,-1.031852
3162,0.220807,-0.035365,0.341826,-0.93498,-0.229898,-0.270196,0.137952,-0.937318,0.319961,-0.325655,0.262163,0.908431,-0.012253,-0.034633,0.024963,0.137404,-0.128526,0.21149,-1.913719,-0.103072,-0.028485,0.277336,-0.619867,0.233531,0.749146,0.155626,-0.899046,0.409183,0.769831,0.369934,0.519973,-0.000145,0.000731,0.001051,0.0,-0.0,-0.0,0.046962,0.074489,0.039416,-0.019335,0.630756,-0.203283,0.74888,-0.187579,0.896511,0.401348,-0.752967,-0.393627,0.527349,-8.4e-05,0.000414,0.000597,-0.000235,-0.000162,-0.000157,-0.123735,0.113086,0.03301,-0.035485,0.924138,0.279258,-0.260733,-0.190691,0.92851,0.318598,0.331065,-0.244709,0.911324,-0.013928,-0.012973,0.007652,0.337159,-0.387621,-0.035197,-1.0263
3163,0.220335,-0.035929,0.342164,-0.935535,-0.226955,-0.270759,0.138624,-0.940762,0.30939,-0.323774,0.252188,0.91192,-0.027804,-0.026771,0.014456,0.589232,0.366112,0.446448,-1.913249,-0.103147,-0.028472,0.277371,-0.617932,0.232171,0.751164,0.156739,-0.899757,0.40719,0.771158,0.369063,0.518624,-0.000301,0.001521,0.002186,0.002174,-0.015398,0.02426,0.047127,0.074458,0.039422,-0.019321,0.628759,-0.201963,0.750914,-0.188739,0.897167,0.399335,-0.754346,-0.392812,0.525984,-6.8e-05,0.000338,0.000489,-0.000819,-0.002477,0.002503,-0.123082,0.112855,0.032728,-0.03531,0.924087,0.277648,-0.262626,-0.19156,0.931122,0.310347,0.330705,-0.23648,0.913625,-0.01355,-0.018198,0.012168,0.088363,0.026286,0.304547,-1.033159
3164,0.219329,-0.037157,0.34292,-0.934098,-0.22456,-0.27763,0.141933,-0.946971,0.288223,-0.326469,0.230097,0.916788,-0.02711,-0.037177,0.023523,0.339837,0.110451,0.489232,-1.909604,-0.103304,-0.028471,0.277424,-0.619069,0.229964,0.750907,0.156521,-0.90076,0.405049,0.770291,0.367999,0.520664,-0.000136,0.00069,0.000991,0.000978,-0.001137,-0.00081,0.047514,0.074373,0.039423,-0.019292,0.629894,-0.199623,0.750588,-0.188543,0.898197,0.397105,-0.753448,-0.391652,0.528132,0.00081,-0.005203,0.004531,-0.045321,0.015095,-0.01443,-0.122756,0.112352,0.032117,-0.034936,0.923328,0.274565,-0.268474,-0.195225,0.937665,0.287524,0.330683,-0.213066,0.919375,-0.013596,-0.018217,0.012144,0.495063,0.255601,0.271444,-1.026137
3165,0.218286,-0.038397,0.34381,-0.936595,-0.210714,-0.280061,0.133755,-0.953532,0.269923,-0.322758,0.215605,0.921612,-0.0275,-0.033463,0.027168,0.270485,0.168484,0.363657,-1.877492,-0.103499,-0.028458,0.277486,-0.617608,0.233485,0.751024,0.151308,-0.901712,0.404914,0.772503,0.363423,0.520601,-0.015725,-0.001604,0.001214,-0.002044,0.015205,-0.029245,0.047588,0.074282,0.03943,-0.019262,0.628518,-0.203305,0.750753,-0.183376,0.89929,0.397049,-0.755868,-0.387223,0.527939,-0.000127,0.000641,0.000921,-0.000337,6.5e-05,3.9e-05,-0.123082,0.111821,0.031477,-0.034488,0.9267,0.260461,-0.270896,-0.186907,0.944819,0.269039,0.326023,-0.198686,0.924246,-0.013773,-0.016606,0.013725,0.287911,0.181539,0.367019,-1.030219
3166,0.217316,-0.039456,0.344814,-0.938401,-0.200904,-0.281223,0.127557,-0.957599,0.258273,-0.320019,0.206736,0.924594,-0.013629,-0.019034,0.020983,0.138976,0.019351,0.357765,-1.824605,-0.103675,-0.028421,0.277576,-0.618982,0.231523,0.7505,0.150825,-0.902647,0.403006,0.771498,0.362359,0.522828,-0.000311,0.001584,0.002272,0.056849,-0.066118,-0.04712,0.048482,0.074188,0.039447,-0.019218,0.629862,-0.201198,0.750195,-0.182893,0.900287,0.395008,-0.754866,-0.386006,0.530259,-0.000194,0.000979,0.001406,0.061219,-0.072811,-0.052181,-0.122103,0.111342,0.030954,-0.033994,0.929097,0.250793,-0.271809,-0.180937,0.949226,0.257354,0.322551,-0.189926,0.927301,-0.013942,-0.014866,0.015431,0.132449,0.053185,0.345205,-1.016993
3167,0.216874,-0.03989,0.34529,-0.938909,-0.195697,-0.283193,0.122592,-0.958864,0.255975,-0.320469,0.205857,0.924635,-0.01372,-0.017984,0.022012,0.005668,-0.10053,0.336509,-1.793081,-0.103764,-0.028395,0.277632,-0.61899,0.231511,0.750497,0.150828,-0.90265,0.402999,0.771491,0.362359,0.522839,-0.000439,0.002241,0.003212,0.003002,-0.016364,0.023572,0.048747,0.074144,0.039459,-0.01919,0.629865,-0.20118,0.750197,-0.182944,0.90027,0.395024,-0.754851,-0.386056,0.530244,-0.000218,0.001107,0.001592,-0.005796,-0.007679,0.029494,-0.121613,0.111121,0.030737,-0.033756,0.929991,0.245443,-0.273629,-0.175943,0.950825,0.2549,0.322737,-0.188912,0.927443,-0.014311,-0.009846,0.010695,-0.027136,-0.094672,0.279072,-1.007032
3168,0.216093,-0.040471,0.346139,-0.93929,-0.18838,-0.286867,0.115064,-0.960392,0.253731,-0.322134,0.205547,0.924125,-0.029571,-0.006153,0.015308,-0.030313,-0.06014,0.125671,-1.70039,-0.103905,-0.02835,0.277743,-0.619026,0.231511,0.750468,0.150833,-0.902639,0.403022,0.771462,0.362387,0.522863,-0.000369,0.00189,0.002706,0.0,-0.0,-0.0,0.050851,0.074073,0.039482,-0.019134,0.62985,-0.201257,0.750188,-0.182976,0.900217,0.39513,-0.754855,-0.38614,0.530177,-0.000213,0.001084,0.001556,0.001979,-0.015231,0.024378,-0.120306,0.110741,0.030448,-0.033339,0.930718,0.238168,-0.277556,-0.168343,0.952705,0.253007,0.324687,-0.188753,0.926795,-0.007378,-0.002037,0.008179,-0.035732,-0.169839,0.331542,-0.983355
3169,0.215458,-0.040737,0.346835,-0.939036,-0.183731,-0.290689,0.109504,-0.961092,0.253539,-0.324793,0.206473,0.922987,-0.014669,-0.004706,0.015689,-0.030135,-0.075159,0.155107,-1.606078,-0.103984,-0.028317,0.277807,-0.619058,0.231527,0.750436,0.150809,-0.902634,0.403043,0.771441,0.362391,0.522892,-0.000197,0.00101,0.001446,0.0,-0.0,-0.0,0.05257,0.074033,0.0395,-0.019101,0.629882,-0.201273,0.750157,-0.182953,0.900211,0.395153,-0.754834,-0.386144,0.530204,-0.000117,0.000594,0.000852,-9e-06,2e-06,7e-06,-0.118347,0.110413,0.030312,-0.032978,0.930703,0.233555,-0.281502,-0.162792,0.953668,0.253011,0.327552,-0.189652,0.925603,-0.007336,-0.002515,0.007695,-0.029879,-0.075699,0.153731,-0.968332
3170,0.215183,-0.040829,0.347126,-0.938902,-0.181443,-0.292551,0.106823,-0.961459,0.253293,-0.326066,0.206786,0.922468,-0.014649,-0.004928,0.015461,-0.030142,-0.075018,0.155174,-1.558866,-0.103998,-0.028309,0.277821,-0.619069,0.231536,0.750424,0.150798,-0.902631,0.403053,0.771433,0.362392,0.522901,-7.4e-05,0.000382,0.000546,0.0,-0.0,-0.0,0.053079,0.074026,0.039505,-0.019092,0.629894,-0.201281,0.750145,-0.182943,0.900209,0.395163,-0.754827,-0.386145,0.530213,-3.7e-05,0.000188,0.000271,-4e-06,-2.3e-05,1.9e-05,-0.117694,0.110275,0.030267,-0.032832,0.930702,0.23129,-0.283367,-0.160156,0.954173,0.252791,0.32885,-0.18989,0.925094,-0.007321,-0.002677,0.007533,-0.029745,-0.075348,0.154058,-0.961801
3171,0.214757,-0.040852,0.347653,-0.93865,-0.177368,-0.295842,0.102125,-0.962142,0.252637,-0.328285,0.20714,0.921602,-0.014775,-0.002929,0.017386,-0.030152,-0.074814,0.155271,-1.466891,-0.10401,-0.028306,0.277828,-0.619069,0.231532,0.750426,0.150801,-0.902632,0.40305,0.771433,0.362392,0.522902,-0.0,1e-06,2e-06,0.0,-0.0,-0.0,0.054613,0.07402,0.039506,-0.019089,0.629893,-0.201278,0.750147,-0.182945,0.90021,0.39516,-0.754827,-0.386145,0.530214,4e-06,-2.7e-05,-4e-05,-9e-06,5e-06,-2e-06,-0.116224,0.110062,0.030252,-0.032571,0.930689,0.227246,-0.286664,-0.155532,0.955099,0.252178,0.3311,-0.190114,0.924245,-0.000302,0.00424,0.004141,0.001114,-0.012497,0.025303,-0.955432
3172,0.214457,-0.040742,0.34814,-0.938422,-0.173969,-0.298571,0.098254,-0.962723,0.251958,-0.330106,0.207318,0.92091,-0.000518,0.007617,0.0074,0.006474,-0.096912,0.205958,-1.357064,-0.10401,-0.028306,0.277828,-0.619069,0.231532,0.750426,0.150801,-0.902632,0.40305,0.771433,0.362392,0.522902,-0.0,0.0,0.0,0.0,-0.0,-0.0,0.05886,0.07402,0.039505,-0.01909,0.629893,-0.201279,0.750147,-0.182944,0.90021,0.39516,-0.754828,-0.386144,0.530214,0.0,-9e-06,-1.2e-05,-1.7e-05,4e-06,-4e-06,-0.112468,0.109912,0.030308,-0.032327,0.930662,0.223883,-0.289383,-0.151734,0.955878,0.251541,0.332931,-0.19019,0.923571,-0.000253,0.003616,0.003522,0.00671,-0.097044,0.205442,-0.949554
3173,0.214328,-0.040659,0.348531,-0.939823,-0.165693,-0.298871,0.089337,-0.963328,0.252961,-0.328656,0.211238,0.920538,0.0003,-0.004257,0.015072,-1.473644,2.019999,-0.861948,-1.159424,-0.104021,-0.028313,0.27782,-0.619045,0.231504,0.750454,0.150828,-0.90264,0.403022,0.771447,0.362389,0.522883,1e-06,-6e-06,-9e-06,0.0,-0.0,-0.0,0.062104,0.074015,0.039501,-0.019095,0.629868,-0.201252,0.750175,-0.182971,0.900217,0.395132,-0.754841,-0.386142,0.530195,-2e-06,-1e-06,-2e-06,-1.7e-05,3e-06,-1.1e-05,-0.10806,0.109841,0.030352,-0.032128,0.931913,0.215056,-0.29204,-0.142342,0.957497,0.250873,0.33358,-0.192222,0.922916,-0.000222,0.003185,0.00309,0.00588,-0.095943,0.209357,-0.915916
3174,0.214268,-0.04061,0.348697,-0.93974,-0.164663,-0.299699,0.088158,-0.963489,0.252762,-0.329209,0.211309,0.920325,-0.014606,-0.004992,0.015327,-0.035815,0.009991,-0.024545,-1.020253,-0.104044,-0.028317,0.27782,-0.619021,0.231473,0.750483,0.150857,-0.902649,0.402991,0.771461,0.362387,0.522865,0.0,-0.0,-0.0,0.0,-0.0,-0.0,0.065059,0.074003,0.039499,-0.019095,0.629843,-0.201221,0.750204,-0.183001,0.900225,0.395101,-0.754855,-0.386141,0.530177,-2e-06,2e-06,1e-06,-1.5e-05,-5e-06,-5e-06,-0.105447,0.109817,0.030378,-0.032045,0.932483,0.214538,-0.290597,-0.14157,0.957211,0.252397,0.332312,-0.194216,0.922956,-0.000198,0.002839,0.002752,0.001972,-0.013713,0.026316,-0.879502
3175,0.214124,-0.040477,0.349007,-0.938913,-0.164218,-0.302524,0.086355,-0.963157,0.254641,-0.332028,0.213159,0.918884,-0.000421,0.006274,0.006058,-0.110031,-0.199123,0.161799,-0.699502,-0.104104,-0.028318,0.277813,-0.620277,0.229421,0.750076,0.150464,-0.903617,0.400963,0.770529,0.361281,0.524999,0.0,-0.0,-0.0,0.002203,-0.002563,-0.001826,0.074114,0.073974,0.039499,-0.019098,0.631103,-0.198993,0.749739,-0.182617,0.901253,0.392927,-0.753896,-0.384893,0.532445,-1e-06,1e-06,2e-06,-0.011218,0.010766,0.007234,-0.096466,0.10974,0.030439,-0.031887,0.931768,0.214042,-0.293246,-0.139818,0.956979,0.254245,0.33505,-0.195897,0.921609,-0.007639,0.002394,0.002798,-0.16178,-0.13732,-0.0603,-0.779242
3176,0.21399,-0.040488,0.349235,-0.93663,-0.16583,-0.308657,0.084236,-0.961674,0.260881,-0.338925,0.21855,0.915092,-6.7e-05,0.001008,0.000973,-0.466519,-0.412333,-0.178063,-0.422589,-0.104201,-0.028311,0.277827,-0.616466,0.226743,0.754022,0.152549,-0.905008,0.397018,0.77317,0.359491,0.522339,-0.001911,0.011933,-0.00687,0.04836,0.04269,-0.034514,0.081857,0.073926,0.039497,-0.01909,0.627112,-0.196531,0.753727,-0.184841,0.902458,0.389103,-0.756679,-0.383331,0.529616,-0.007847,-0.000839,0.000542,0.04085,0.192042,-0.224838,-0.084709,0.109672,0.030446,-0.031768,0.930038,0.214626,-0.298266,-0.13764,0.956076,0.25879,0.340708,-0.199631,0.918729,-0.007477,2.8e-05,0.00051,-0.01497,-0.003464,-0.046396,-0.672939
3177,0.213939,-0.040551,0.349265,-0.935104,-0.167168,-0.312537,0.083105,-0.960644,0.265005,-0.343375,0.222036,0.91259,0.00011,-0.001653,-0.001595,-0.268364,-0.224907,-0.12847,-0.298111,-0.104278,-0.028284,0.277863,-0.610599,0.222593,0.760009,0.155762,-0.907094,0.390963,0.777171,0.356825,0.518213,-0.015814,-0.001052,0.001974,-0.00096,0.019639,-0.034171,0.084401,0.073893,0.039514,-0.019078,0.621043,-0.192518,0.759764,-0.188156,0.904396,0.382967,-0.760856,-0.380793,0.525446,-0.000988,0.006137,-0.003191,0.046709,0.03707,-0.028143,-0.0803,0.109646,0.030413,-0.031747,0.92789,0.216628,-0.303465,-0.136313,0.954653,0.264678,0.347041,-0.204226,0.915343,6.5e-05,-0.001006,-0.000969,-0.293903,-0.2453,-0.134203,-0.56827
3178,0.213813,-0.04068,0.349149,-0.931251,-0.173342,-0.320576,0.081909,-0.956715,0.279211,-0.353941,0.233967,0.905545,-0.014586,-0.005482,-0.004331,-0.468758,-0.451117,-0.06218,-0.024478,-0.104386,-0.028223,0.277935,-0.604824,0.215194,0.766727,0.159653,-0.910395,0.381608,0.780883,0.352949,0.515278,-0.000271,0.001397,0.001995,0.001864,-0.002181,-0.001559,0.09417,0.073833,0.039546,-0.019038,0.615143,-0.185176,0.76636,-0.192147,0.907505,0.373513,-0.764642,-0.377018,0.522664,-0.000168,0.000861,0.001231,-0.026708,0.112271,-0.155034,-0.071809,0.109589,0.030349,-0.031805,0.924184,0.222142,-0.310701,-0.135177,0.951054,0.277889,0.357224,-0.214821,0.908978,0.000141,-0.002097,-0.002022,-0.503691,-0.369274,-0.230441,-0.363341
3179,0.213712,-0.040847,0.348808,-0.926615,-0.181758,-0.329233,0.081636,-0.95182,0.295542,-0.365936,0.247196,0.897225,-0.000149,0.001901,-0.01735,-0.302325,-0.293734,-0.135578,0.095903,-0.104437,-0.028066,0.278003,-0.604652,0.211687,0.767839,0.160516,-0.91178,0.377922,0.78084,0.351499,0.516335,-0.000414,0.002137,0.003049,0.001856,-0.002189,-0.001559,0.112447,0.073807,0.039624,-0.019005,0.614887,-0.181686,0.7674,-0.193061,0.908807,0.369857,-0.764617,-0.375576,0.523738,-0.001141,0.006928,-0.002062,0.010672,0.110585,-0.13963,-0.053194,0.109533,0.030263,-0.031971,0.918788,0.230803,-0.320244,-0.134648,0.945846,0.295371,0.371074,-0.228263,0.90011,0.000289,-0.004353,-0.004212,-0.417849,-0.446982,-0.004433,-0.183721
3180,0.213676,-0.040984,0.348563,-0.92535,-0.179613,-0.333934,0.075547,-0.950395,0.301684,-0.370406,0.254153,0.893438,0.000679,-0.010341,-0.010031,-0.326408,-0.265595,-0.177655,0.143732,-0.104444,-0.027959,0.278047,-0.604338,0.211395,0.768165,0.160692,-0.911914,0.377524,0.781045,0.351328,0.51614,-0.000537,0.002771,0.003951,2.7e-05,-3.2e-05,-2.3e-05,0.12169,0.073804,0.039676,-0.018984,0.614498,-0.181511,0.767753,-0.193277,0.908878,0.36957,-0.764876,-0.375489,0.523422,-0.000322,0.001656,0.002362,0.000232,-0.013373,0.025685,-0.040784,0.109515,0.030199,-0.032096,0.917755,0.228479,-0.32484,-0.12861,0.944844,0.30121,0.375744,-0.234659,0.896521,-2.8e-05,0.000338,-0.009274,-0.400441,-0.467061,0.018366,-0.106811
3181,0.213572,-0.041276,0.348085,-0.924087,-0.179906,-0.337259,0.070623,-0.947514,0.311772,-0.374498,0.264504,0.888716,0.000648,-0.009929,-0.009669,-0.146361,-0.117717,-0.082355,0.232036,-0.104455,-0.027692,0.278131,-0.603968,0.206918,0.769674,0.166345,-0.911628,0.375762,0.780145,0.354723,0.515177,-0.000646,0.003333,0.004745,-4.251449,-2.092069,-2.822906,0.135536,0.073798,0.03981,-0.018942,0.612806,-0.180638,0.76931,-0.193594,0.90954,0.367774,-0.766152,-0.374308,0.5224,-0.001154,0.006994,-0.001975,0.035271,-0.010298,0.024348,-0.020209,0.109463,0.030047,-0.03234,0.91632,0.229077,-0.328452,-0.123756,0.94206,0.311779,0.380843,-0.245041,0.891578,-0.007458,-0.000592,-0.009714,-0.122717,-0.21265,0.080689,0.026271
3182,0.213426,-0.041623,0.347715,-0.923711,-0.179893,-0.338293,0.066654,-0.944943,0.320332,-0.376145,0.273564,0.885271,0.000566,-0.008734,-0.008535,-0.094774,-0.071438,-0.062311,0.312724,-0.104534,-0.027446,0.278221,-0.605378,0.20361,0.769449,0.17119,-0.910705,0.375825,0.778001,0.358986,0.515467,-0.002316,0.01404,-0.003883,0.036327,-0.006616,0.020193,0.145888,0.073759,0.03993,-0.018892,0.615238,-0.173678,0.768971,-0.203787,0.907237,0.367952,-0.761546,-0.383085,0.522774,-0.000319,0.001635,0.002324,0.002425,-0.015317,0.02428,-0.00388,0.10939,0.02987,-0.032529,0.915895,0.229128,-0.329599,-0.11972,0.939641,0.320532,0.383148,-0.254114,0.888044,-0.007177,-0.004861,-0.004265,-0.079366,-0.048132,-0.093731,0.146453
3183,0.213104,-0.041848,0.347532,-0.92881,-0.153512,-0.337331,0.039823,-0.946285,0.320827,-0.367307,0.284739,0.885458,-0.014794,-0.003278,-0.00224,-0.001412,0.015085,-0.028491,0.35698,-0.104647,-0.027282,0.278276,-0.606847,0.200338,0.769151,0.176054,-0.909705,0.376,0.775768,0.363338,0.515784,-0.001995,0.012394,-0.006224,0.036328,-0.006627,0.020186,0.154067,0.073701,0.04002,-0.018863,0.616591,-0.170368,0.768628,-0.208584,0.906064,0.368156,-0.759149,-0.387325,0.523136,-0.000984,0.006122,-0.003217,0.036598,-0.006465,0.020266,0.00902,0.109235,0.029748,-0.03263,0.922487,0.202925,-0.328387,-0.093087,0.942517,0.320929,0.374635,-0.265485,0.88835,-0.007394,-0.001619,-0.001101,0.000891,0.018245,-0.024779,0.241651
3184,0.212914,-0.041879,0.347513,-0.933006,-0.132339,-0.334712,0.018416,-0.946319,0.322665,-0.358285,0.295043,0.885781,3.9e-05,-0.000616,-0.000604,-0.014995,0.014454,0.039681,0.369651,-0.104738,-0.027239,0.278266,-0.606827,0.200324,0.76917,0.175967,-0.909757,0.375915,0.775803,0.363215,0.515817,-5.6e-05,0.00029,0.000411,0.0,-0.0,-0.0,0.154887,0.073656,0.040042,-0.018867,0.61657,-0.170357,0.768647,-0.208495,0.90612,0.368069,-0.759191,-0.3872,0.523168,-0.008634,0.004374,-0.003978,0.034494,0.008687,-0.008952,0.012939,0.109135,0.029733,-0.032639,0.9278,0.181979,-0.325683,-0.071724,0.943687,0.32297,0.366117,-0.276293,0.888605,-0.007459,-0.000627,-0.000129,-0.048176,0.061065,0.105991,0.270553
