frame,MLTx,MLTy,MLTz,MLTR1,MLTR2,MLTR3,MLTR4,MLTR5,MLTR6,MLTR7,MLTR8,MLTR9,MLTTVx,MLTTVy,MLTTVz,MLTRVx,MLTRVy,MLTRVz,MLGA,MRTx,MRTy,MRTz,MRTR1,MRTR2,MRTR3,MRTR4,MRTR5,MRTR6,MRTR7,MRTR8,MRTR9,MRTTVx,MRTTVy,MRTTVz,MRTRVx,MRTRVy,MRTRVz,MRGA,SLTx,SLTy,SLTz,SLTR1,SLTR2,SLTR3,SLTR4,SLTR5,SLTR6,SLTR7,SLTR8,SLTR9,SLTTVx,SLTTVy,SLTTVz,SLTRVx,SLTRVy,SLTRVz,SLGA,SRTx,SRTy,SRTz,SRTR1,SRTR2,SRTR3,SRTR4,SRTR5,SRTR6,SRTR7,SRTR8,SRTR9,SRTTVx,SRTTVy,SRTTVz,SRTRVx,SRTRVy,SRTRVz,SRGA
38,0.136054,-0.021754,0.420843,0.65076,-0.651136,-0.390614,0.75021,0.630744,0.198287,0.116462,-0.421266,0.899444,0.000167,0.001075,0.000651,-0.001325,0.001005,-0.001199,-0.153759,-0.259283,-0.01495,0.379576,0.506982,0.772062,0.383251,-0.850431,0.520353,0.077032,-0.140575,-0.365958,0.919879,0.000251,0.000928,0.000702,-0.473605,-0.417765,-1.675943,0.18112,0.000165,0.040291,-0.004777,-0.368303,-0.84772,0.381735,0.926152,-0.370403,0.071009,0.0812,0.379698,0.921539,0.00013,0.005728,-0.004246,-1.796039,-0.928886,-5.291144,0.019987,0.082592,0.04155,-0.016203,-0.65175,0.601952,-0.461384,-0.720336,-0.681677,0.128184,-0.237355,0.415895,0.877891,0.000123,0.00082,0.000498,-0.002621,0.004809,-0.005393,-0.458606
39,0.136034,-0.021704,0.42079,0.664777,-0.645355,-0.376342,0.740573,0.635551,0.218169,0.097567,-0.422937,0.900906,0.0,0.0,0.0,-0.054157,0.039884,-0.032233,-0.041495,-0.259368,-0.014629,0.379386,0.499808,0.782904,0.370465,-0.858018,0.505777,0.089035,-0.11828,-0.363355,0.924038,0.000307,0.001135,0.000858,0.212119,-0.515415,-0.21379,0.255,0.000123,0.040453,-0.004871,-0.358396,-0.857204,0.3698,0.931722,-0.353333,0.083958,0.058694,0.374642,0.925309,0.000267,0.005755,-0.004187,-0.153132,-0.163807,0.108481,0.104571,0.082583,0.041577,-0.016228,-0.666678,0.595265,-0.448551,-0.712472,-0.685709,0.14895,-0.218911,0.418882,0.881257,-3e-06,-1.6e-05,-9e-06,-0.185835,0.136738,-0.110131,-0.318829
40,0.136064,-0.021626,0.420694,0.67178,-0.643077,-0.367707,0.735643,0.637479,0.228957,0.086338,-0.423507,0.901784,0.0,0.0,0.0,-0.00934,0.064196,-0.188047,0.020821,-0.25938,-0.01433,0.379074,0.513141,0.784691,0.34776,-0.853701,0.508244,0.113207,-0.088546,-0.355965,0.930221,-0.000134,0.009107,-0.010197,-1.972268,-1.703518,0.956777,0.346744,0.000118,0.040606,-0.005025,-0.370144,-0.862437,0.345245,0.928428,-0.356162,0.105678,0.031823,0.359652,0.932543,-8.2e-05,0.004478,-0.005156,-1.973919,-1.659621,0.951884,0.213976,0.082598,0.041616,-0.016277,-0.674205,0.592624,-0.44073,-0.708659,-0.687145,0.160105,-0.207964,0.420271,0.883245,0.0,-5e-06,-4e-06,0.006228,-0.004798,0.004372,-0.246328
41,0.136097,-0.021594,0.420677,0.67371,-0.642377,-0.365394,0.734212,0.638119,0.231749,0.083462,-0.423606,0.902008,0.000235,0.001514,0.000917,0.001216,-0.009202,0.027166,0.054387,-0.259373,-0.014124,0.378833,0.508216,0.793336,0.33515,-0.858671,0.496344,0.127518,-0.065811,-0.353593,0.933008,-2.4e-05,0.019114,-0.019707,-0.524233,-0.370722,-1.309893,0.404185,0.000121,0.040697,-0.005135,-0.36894,-0.867917,0.332567,0.929385,-0.348808,0.120731,0.011217,0.353626,0.935319,-0.000149,0.004214,-0.005351,-0.608422,-0.623055,0.504277,0.276679,0.082613,0.041629,-0.016287,-0.676314,0.591791,-0.438613,-0.707471,-0.687678,0.163038,-0.205141,0.420571,0.883762,1e-06,5e-06,1e-06,0.00415,-0.003239,0.00303,-0.206975
42,0.136163,-0.021569,0.420714,0.674234,-0.6439,-0.361727,0.7341,0.63795,0.232569,0.080179,-0.421546,0.903271,0.000367,0.002372,0.001436,0.000185,0.000333,0.000104,0.158824,-0.259303,-0.013604,0.37834,0.522181,0.794188,0.310779,-0.852021,0.500951,0.151797,-0.035775,-0.345059,0.937826,0.000402,0.020689,-0.018504,0.080973,-0.118527,0.213628,0.494107,0.000156,0.040958,-0.005387,-0.377782,-0.873126,0.308108,0.925695,-0.349281,0.145225,-0.019183,0.340078,0.940201,0.006938,0.004314,-0.005499,0.066061,-0.198562,0.406139,0.413844,0.082647,0.041641,-0.016269,-0.677375,0.593276,-0.434956,-0.7074,-0.687563,0.163833,-0.201862,0.418664,0.885421,0.000223,0.001441,0.000871,-0.001506,-0.0168,0.027357,-0.090059
43,0.136235,-0.02135,0.420822,0.675609,-0.644095,-0.358803,0.73337,0.637186,0.236926,0.075186,-0.4224,0.903301,0.014288,0.005303,0.002906,-0.05318,0.025357,-0.002422,0.253954,-0.2594,-0.013237,0.377813,0.521352,0.80116,0.293813,-0.853167,0.494379,0.16622,-0.012731,-0.338344,0.940864,-0.001725,0.003223,-0.014643,0.041813,-0.092165,0.16779,0.519517,0.000111,0.041159,-0.005643,-0.375886,-0.879749,0.291118,0.925774,-0.342732,0.159614,-0.040645,0.329507,0.943277,-0.007643,0.002593,-0.006352,0.022101,0.004872,-0.047823,0.489774,0.082682,0.041748,-0.016216,-0.679064,0.593349,-0.432212,-0.707168,-0.686717,0.168319,-0.196936,0.419946,0.885923,0.007181,0.002903,0.001604,-0.051852,0.024145,-0.001507,0.056576
44,0.1363,-0.021183,0.420909,0.677393,-0.644017,-0.355564,0.73224,0.636757,0.241528,0.070022,-0.423164,0.903358,0.001337,0.008659,0.005222,0.000907,-0.008976,0.026985,0.29183,-0.259523,-0.013242,0.377492,0.514739,0.806676,0.290359,-0.857241,0.486524,0.16842,-0.006043,-0.33662,0.941548,-0.003273,-0.012069,-0.009162,0.009852,-0.060048,0.127361,0.521067,5.1e-05,0.041167,-0.005803,-0.368444,-0.884032,0.287637,0.928469,-0.334333,0.16176,-0.046835,0.326661,0.94398,-0.001507,-0.000814,-0.009161,0.052059,-0.084123,0.168656,0.503817,0.082714,0.041828,-0.016175,-0.681186,0.593145,-0.429142,-0.706529,-0.6862,0.173046,-0.191836,0.421078,0.886505,0.007298,0.003694,0.002078,0.009243,-0.029221,0.061218,0.117157
45,0.136379,-0.020865,0.4211,0.681029,-0.6438,-0.34895,0.729798,0.635967,0.250825,0.059598,-0.424678,0.903396,0.001213,0.007866,0.004729,0.001345,-0.0093,0.027244,0.32829,-0.259687,-0.01369,0.376868,0.510209,0.810111,0.288787,-0.859961,0.481138,0.17002,-0.001842,-0.336115,0.941746,-0.004513,-0.016598,-0.012676,-0.004026,0.024525,-0.051998,0.51837,-3.6e-05,0.040946,-0.006112,-0.363565,-0.886593,0.285959,0.93018,-0.328741,0.163382,-0.050847,0.325394,0.94421,-0.002249,-0.008314,-0.006344,-0.015137,0.097468,-0.204504,0.511491,0.082755,0.041993,-0.016076,-0.685424,0.592703,-0.42296,-0.70512,-0.685202,0.182488,-0.181652,0.423319,0.887582,0.000571,0.003717,0.002234,0.005625,-0.012498,0.029916,0.204518
46,0.136413,-0.02062,0.421199,0.681458,-0.644048,-0.347652,0.729588,0.635422,0.252805,0.057245,-0.425114,0.903342,0.000543,0.003526,0.002115,0.0,0.0,0.0,0.358457,-0.259607,-0.014253,0.376494,0.507838,0.810995,0.290483,-0.861364,0.478791,0.169549,-0.002205,-0.33734,0.941308,0.011024,-0.011579,-0.009314,3.1e-05,-0.002946,0.003244,0.512016,2e-06,0.040635,-0.006322,-0.361052,-0.887064,0.287676,0.931167,-0.326172,0.162906,-0.050676,0.326693,0.94377,0.005576,-0.005579,-0.004493,0.00022,-0.002796,0.003981,0.508879,0.082773,0.042125,-0.01602,-0.685962,0.592942,-0.421753,-0.705176,-0.684627,0.184422,-0.179392,0.423916,0.887756,0.000249,0.001625,0.000974,0.000373,-0.000259,0.000207,0.254321
47,0.136469,-0.020458,0.421188,0.680443,-0.64469,-0.348449,0.73049,0.634681,0.252063,0.05781,-0.425248,0.903243,0.000152,0.000985,0.00059,0.0,0.0,0.0,0.36605,-0.259273,-0.014451,0.376434,0.506085,0.811187,0.292993,-0.862385,0.477767,0.167228,-0.004955,-0.33833,0.940942,0.013824,-0.00129,-0.00142,0.002045,-0.015205,0.029245,0.498133,0.000162,0.040529,-0.006356,-0.359275,-0.886963,0.2902,0.93199,-0.324977,0.160574,-0.048115,0.328154,0.943397,0.007054,-0.000125,-0.000314,0.001315,-0.015871,0.030155,0.494999,0.082801,0.042206,-0.016026,-0.684917,0.593651,-0.422453,-0.706048,-0.683955,0.183581,-0.179956,0.424009,0.887598,8.3e-05,0.004961,-0.004961,0.035879,-0.011098,0.019052,0.281917
48,0.136499,-0.020448,0.42117,0.679841,-0.645074,-0.348913,0.731029,0.634204,0.251702,0.058075,-0.425378,0.903166,-0.000114,-0.000739,-0.000443,0.0,0.0,0.0,0.365595,-0.259058,-0.014476,0.376538,0.499076,0.814039,0.297076,-0.866437,0.471944,0.162759,-0.008327,-0.339655,0.940441,0.014747,-0.007484,0.011006,0.021912,0.033115,0.014509,0.493055,0.000264,0.040523,-0.006313,-0.351889,-0.888632,0.294119,0.934952,-0.318526,0.156219,-0.045137,0.329959,0.942915,0.000735,0.002716,0.002081,0.647922,0.629054,-0.457849,0.48961,0.082816,0.042212,-0.016034,-0.6843,0.594074,-0.422857,-0.706579,-0.683518,0.183161,-0.180219,0.42412,0.887492,-0.000114,-0.000743,-0.000446,0.009296,-0.064256,0.187991,0.286163
49,0.136502,-0.02046,0.421103,0.679014,-0.645602,-0.349547,0.731765,0.633573,0.251152,0.05848,-0.425516,0.903075,-0.00018,-0.001167,-0.0007,0.0,0.0,0.0,0.366261,-0.258664,-0.014696,0.376976,0.494132,0.81341,0.306902,-0.869057,0.470622,0.152279,-0.021179,-0.342989,0.939028,0.001036,-0.005782,0.012742,-0.019786,0.02873,-0.02337,0.483335,0.000475,0.04042,-0.006082,-0.347034,-0.88718,0.304101,0.937279,-0.31675,0.145522,-0.03278,0.335529,0.941458,0.007377,-0.008528,0.010414,-0.020997,0.042346,0.002227,0.478343,0.082817,0.042202,-0.01607,-0.683451,0.594657,-0.42341,-0.707297,-0.682944,0.182532,-0.180622,0.424228,0.887358,-0.00012,-0.000788,-0.000474,1.6e-05,1.6e-05,-1.3e-05,0.288939
50,0.1365,-0.020447,0.421063,0.67847,-0.645948,-0.349963,0.732246,0.633167,0.250773,0.058761,-0.425595,0.903019,-4e-06,-2.3e-05,-1.4e-05,0.0,0.0,0.0,0.365727,-0.258429,-0.015346,0.377642,0.489611,0.811987,0.317726,-0.871151,0.470295,0.140898,-0.03562,-0.346798,0.93719,-0.000195,-0.020032,0.019011,-0.057406,-0.05337,0.14776,0.461363,0.000595,0.040108,-0.005746,-0.342649,-0.885086,0.31498,0.939267,-0.315908,0.134081,-0.019169,0.341793,0.939579,-0.000141,-0.010139,0.009406,-0.081575,0.022002,-0.026961,0.456626,0.082816,0.042205,-0.016092,-0.682894,0.595039,-0.423773,-0.707764,-0.682575,0.182101,-0.180899,0.424287,0.887273,1e-06,4e-06,3e-06,1.1e-05,-3e-06,-5e-06,0.289429
51,0.1365,-0.020434,0.421048,0.67813,-0.646165,-0.350222,0.732548,0.632907,0.250547,0.058925,-0.425651,0.902982,-0.0,-0.0,-0.0,0.0,0.0,0.0,0.365665,-0.258358,-0.015803,0.378011,0.481864,0.813833,0.324769,-0.875123,0.465127,0.133231,-0.043225,-0.34944,0.935888,-0.000523,-0.021265,0.018075,1.916865,1.709242,-0.962955,0.447646,0.000626,0.039888,-0.005567,-0.335569,-0.885945,0.320145,0.9419,-0.310252,0.128711,-0.014705,0.344737,0.938583,-0.000377,-0.011022,0.008736,-0.080639,0.022662,-0.027275,0.442256,0.082816,0.042212,-0.0161,-0.682545,0.595279,-0.423998,-0.708059,-0.682337,0.181843,-0.181062,0.424332,0.887219,2.3e-05,0.004562,-0.005199,0.035872,-0.011083,0.01904,0.289429
52,0.136491,-0.020418,0.421045,0.677377,-0.646651,-0.350781,0.733221,0.632293,0.250129,0.059213,-0.425824,0.902881,3e-06,1.9e-05,1.1e-05,0.009263,-0.064317,0.187974,0.368395,-0.258232,-0.016493,0.378703,0.475916,0.81539,0.329599,-0.878175,0.460521,0.12909,-0.047115,-0.351911,0.934774,0.000699,-0.007049,0.011787,-0.033865,0.00295,0.010126,0.431349,0.000691,0.039527,-0.005227,-0.328634,-0.886167,0.326659,0.944416,-0.305129,0.122364,-0.008762,0.348715,0.937187,0.00027,-0.003777,0.005697,-0.041874,0.009911,-0.012654,0.415803,0.082811,0.04222,-0.016101,-0.681883,0.59574,-0.424414,-0.708632,-0.681855,0.181418,-0.181312,0.42446,0.887106,1e-06,7e-06,4e-06,1.3e-05,1e-06,-1.5e-05,0.289919
53,0.136493,-0.02037,0.421003,0.676764,-0.647037,-0.351253,0.733758,0.631853,0.249666,0.059561,-0.425892,0.902826,8.7e-05,0.000564,0.000338,0.0,0.0,0.0,0.373188,-0.25816,-0.016694,0.379102,0.475367,0.815483,0.330157,-0.878512,0.459624,0.129984,-0.046334,-0.352867,0.934452,0.001116,0.00418,0.003195,-0.014229,0.082957,-0.18018,0.421968,0.000727,0.039417,-0.005016,-0.328229,-0.88615,0.327114,0.944546,-0.304295,0.123431,-0.009839,0.349488,0.936888,0.000675,0.002561,0.001956,0.002053,-0.012069,0.0265,0.398331,0.082812,0.042239,-0.016119,-0.681157,0.596236,-0.424884,-0.709239,-0.681372,0.180862,-0.181668,0.42454,0.886995,6.8e-05,0.000442,0.000265,1.4e-05,-8e-06,-1.2e-05,0.296124
54,0.136493,-0.020288,0.420909,0.676525,-0.647171,-0.351465,0.73395,0.631791,0.249259,0.059903,-0.425779,0.902857,4.2e-05,0.009106,-0.010408,0.035847,-0.011112,0.019051,0.379025,-0.258107,-0.016361,0.379188,0.473536,0.816114,0.331231,-0.879471,0.458024,0.129144,-0.046898,-0.353493,0.934188,0.00164,0.006147,0.004687,0.00206,-0.012029,0.026104,0.41063,0.000752,0.039577,-0.004971,-0.326292,-0.886464,0.328198,0.945221,-0.302524,0.122615,-0.009406,0.350228,0.936616,0.000903,0.003395,0.002589,0.002102,-0.011997,0.026339,0.386084,0.082812,0.042282,-0.016165,-0.680909,0.596385,-0.425072,-0.709392,-0.681326,0.180436,-0.182003,0.424404,0.886992,0.0,-5e-06,-4e-06,6e-06,-1e-05,-9e-06,0.302165
55,0.136485,-0.020225,0.420852,0.677468,-0.647082,-0.34981,0.733278,0.631714,0.25142,0.057453,-0.426029,0.902898,5.2e-05,0.009166,-0.010372,0.035847,-0.011117,0.019049,0.38462,-0.258087,-0.016129,0.37916,0.472514,0.816481,0.331784,-0.879994,0.45721,0.128461,-0.04739,-0.353699,0.934085,0.001519,0.005698,0.00434,0.002058,-0.01204,0.026099,0.401152,0.000764,0.039701,-0.004986,-0.325108,-0.886673,0.328807,0.945634,-0.301529,0.12188,-0.008923,0.350556,0.936498,0.000743,0.007624,-0.002765,0.021793,0.068145,-0.163975,0.377267,0.082808,0.042314,-0.016194,-0.682015,0.596234,-0.423508,-0.708948,-0.681192,0.182672,-0.179575,0.424831,0.887282,6e-06,2.6e-05,1.5e-05,0.00173,-0.001274,0.001073,0.308044
56,0.13643,-0.020067,0.420722,0.677315,-0.64716,-0.349962,0.733384,0.631802,0.25089,0.057903,-0.425781,0.902987,1.8e-05,0.000116,6.9e-05,0.0,0.0,0.0,0.391718,-0.258053,-0.015682,0.378999,0.470024,0.817371,0.333127,-0.881263,0.455228,0.126795,-0.048588,-0.354201,0.933833,0.000979,0.013336,-0.006989,0.038008,-0.027046,0.042032,0.3729,0.000781,0.039925,-0.005059,-0.32249,-0.887132,0.330147,0.94654,-0.299337,0.120244,-0.007847,0.351274,0.936239,0.000322,0.006033,-0.003979,0.021803,0.068301,-0.163965,0.346078,0.08278,0.042393,-0.016258,-0.681844,0.596324,-0.423657,-0.708996,-0.681291,0.182117,-0.180033,0.424547,0.887325,1.1e-05,6.3e-05,3.8e-05,3.2e-05,-3.8e-05,2.1e-05,0.320617
57,0.136432,-0.019929,0.420579,0.678116,-0.64714,-0.348443,0.732813,0.631734,0.25272,0.05574,-0.42591,0.903062,0.0,3e-06,2e-06,-0.0,0.0,-0.0,0.402362,-0.257903,-0.015613,0.378866,0.467268,0.818292,0.33474,-0.882688,0.452775,0.125663,-0.049308,-0.355222,0.933407,-0.000616,-0.002314,-0.00176,0.0,0.0,0.0,0.326749,0.000858,0.039969,-0.005124,-0.319642,-0.887575,0.331719,0.947509,-0.296712,0.119105,-0.00729,0.352378,0.935828,-0.000374,-0.001416,-0.00108,-2e-05,1e-05,9.2e-05,0.297907,0.082781,0.042462,-0.01633,-0.682793,0.596253,-0.422226,-0.708621,-0.681175,0.183997,-0.177901,0.42483,0.887619,1e-06,-1.4e-05,-8e-06,0.000237,-0.000184,0.000149,0.331068
58,0.136452,-0.019835,0.420468,0.679055,-0.647034,-0.346807,0.732118,0.631728,0.254741,0.053422,-0.426079,0.903122,4.6e-05,0.009122,-0.010394,0.035803,-0.011121,0.019014,0.415677,-0.257705,-0.015723,0.378801,0.466281,0.818611,0.335334,-0.883203,0.451832,0.12543,-0.04941,-0.355687,0.933225,0.0126,-0.005845,-0.004903,-4e-06,-0.003131,0.003161,0.30553,0.000952,0.039916,-0.005155,-0.318612,-0.887725,0.332309,0.947856,-0.295694,0.118876,-0.007267,0.352857,0.935648,0.006378,-0.002634,-0.002235,-0.012108,0.068135,-0.1507,0.269495,0.082792,0.042508,-0.016386,-0.683907,0.596083,-0.42066,-0.708128,-0.68111,0.186126,-0.175569,0.425174,0.887919,2.4e-05,0.004553,-0.005204,0.030914,0.050372,-0.166108,0.343968
59,0.136585,-0.019573,0.42017,0.682744,-0.646652,-0.340215,0.729334,0.631474,0.263221,0.043781,-0.427035,0.90319,0.000101,0.009491,-0.010171,-0.145569,0.121132,-0.087683,0.421351,-0.257065,-0.015957,0.378677,0.465321,0.818447,0.337064,-0.883565,0.451724,0.123254,-0.051955,-0.356204,0.932889,0.026981,-0.005018,-0.004738,0.004089,-0.030411,0.058491,0.282614,0.001264,0.03979,-0.005224,-0.317636,-0.887411,0.334077,0.9482,-0.295474,0.116666,-0.004819,0.35383,0.935296,0.006675,-0.001533,-0.001405,-0.00018,-0.017042,0.03033,0.22312,0.082858,0.042639,-0.016535,-0.688132,0.59548,-0.41458,-0.706282,-0.680635,0.194681,-0.166249,0.426777,0.888944,0.006668,0.004111,-0.00562,-0.626569,0.457978,-0.343807,0.364706
60,0.136648,-0.019297,0.41987,0.691107,-0.641595,-0.332824,0.721837,0.636297,0.272121,0.036329,-0.427508,0.903296,6.5e-05,0.009258,-0.010307,0.026671,0.053908,-0.168694,0.416291,-0.256184,-0.01613,0.378682,0.464053,0.817391,0.341348,-0.883761,0.452987,0.117064,-0.059509,-0.357026,0.932124,0.027843,-0.001709,-0.002231,0.004526,-0.030047,0.058285,0.281908,0.001704,0.0397,-0.005224,-0.316512,-0.88617,0.33841,0.948584,-0.296643,0.110404,0.00255,0.355955,0.934498,0.014026,-0.00046,-0.000828,-0.002675,-0.036026,0.061678,0.209567,0.08289,0.042778,-0.016684,-0.696813,0.589924,-0.407971,-0.699462,-0.684794,0.20447,-0.158755,0.427838,0.889803,3.6e-05,0.004623,-0.00516,0.042646,-0.016132,0.023412,0.369278
61,0.136682,-0.019107,0.419674,0.693313,-0.64111,-0.32915,0.719952,0.636595,0.276383,0.031486,-0.427792,0.903344,2e-06,1.2e-05,7e-06,-0.0,0.0,-0.0,0.41594,-0.255287,-0.016315,0.378805,0.460625,0.815471,0.350459,-0.884397,0.454839,0.104383,-0.074846,-0.359056,0.930236,0.027763,-0.011742,0.007257,-0.017346,-0.098416,0.222339,0.282716,0.002154,0.039615,-0.005163,-0.313274,-0.883764,0.347591,0.949503,-0.298177,0.097632,0.01736,0.360625,0.932548,0.00718,0.000437,8.1e-05,-0.00641,-0.022249,0.033279,0.206791,0.082906,0.042876,-0.016786,-0.699407,0.589238,-0.40451,-0.697931,-0.685025,0.208884,-0.154017,0.428415,0.890359,1e-06,-1.5e-05,-1e-05,0.001761,-0.001319,0.001185,0.365522
62,0.136703,-0.019053,0.419622,0.693089,-0.641245,-0.329358,0.720157,0.636484,0.276104,0.031724,-0.427754,0.903353,4e-06,2.6e-05,1.6e-05,-0.0,0.0,-0.0,0.419621,-0.254882,-0.016394,0.378886,0.460009,0.814646,0.353181,-0.884291,0.455933,0.100437,-0.07977,-0.359545,0.929638,0.014661,0.002065,0.001094,0.004104,-0.027232,0.055342,0.283511,0.002355,0.039571,-0.005127,-0.31291,-0.882849,0.350234,0.949525,-0.299356,0.093737,0.022089,0.361888,0.931959,0.014099,-0.00012,-0.00058,-0.001092,-0.048534,0.088087,0.207281,0.082917,0.042903,-0.016812,-0.699164,0.58939,-0.404707,-0.698119,-0.684929,0.208568,-0.154267,0.428357,0.890343,0.00663,0.0039,-0.005742,0.037058,-0.026079,0.048787,0.367971
63,0.136693,-0.019052,0.419623,0.696377,-0.637467,-0.329757,0.716849,0.640317,0.275849,0.034443,-0.427685,0.903286,0.0,0.0,0.0,0.0,-0.0,-0.0,0.419128,-0.254155,-0.01651,0.379094,0.460998,0.813802,0.353832,-0.883609,0.457494,0.099334,-0.081604,-0.35947,0.929508,0.014728,-0.007434,0.010994,-0.048113,0.082398,-0.167053,0.284086,0.00273,0.039512,-0.005017,-0.314106,-0.882192,0.350818,0.949089,-0.301047,0.092737,0.023801,0.362087,0.931839,0.007387,-0.003618,0.005558,-0.048438,0.082092,-0.166765,0.207934,0.082912,0.042903,-0.016812,-0.70213,0.585375,-0.405399,-0.694532,-0.688528,0.208694,-0.156965,0.428094,0.889998,-1e-06,-7e-06,-5e-06,0.000248,0.000269,0.000283,0.370747
64,0.136693,-0.01908,0.419654,0.695803,-0.63786,-0.330209,0.7174,0.639786,0.275649,0.034577,-0.427893,0.903182,0.0,0.0,0.0,0.009133,-0.065221,0.187669,0.422713,-0.253636,-0.016397,0.379329,0.461342,0.813688,0.353647,-0.883462,0.457685,0.099762,-0.08125,-0.359485,0.929533,0.015837,0.006848,0.004695,0.004094,-0.027215,0.055359,0.282969,0.002988,0.039564,-0.004903,-0.314471,-0.882136,0.350631,0.948977,-0.301267,0.093168,0.023447,0.36204,0.931866,0.007961,0.003604,0.002473,0.004124,-0.02721,0.055436,0.207608,0.082912,0.042889,-0.016796,-0.701538,0.585811,-0.405793,-0.695099,-0.688035,0.208431,-0.157099,0.428289,0.88988,0.0,-2e-06,-2e-06,0.009095,-0.065173,0.187796,0.373687
65,0.136693,-0.019066,0.419639,0.699342,-0.633879,-0.330398,0.713813,0.643855,0.275486,0.037239,-0.42771,0.903163,0.0,0.0,0.0,0.009132,-0.065231,0.187665,0.4233,-0.253474,-0.016214,0.379463,0.461342,0.813694,0.353634,-0.883464,0.457683,0.099763,-0.081241,-0.359475,0.929538,0.002854,0.011324,0.008559,0.004098,-0.02402,0.052228,0.283351,0.003068,0.03965,-0.004841,-0.314433,-0.882147,0.350639,0.948989,-0.30123,0.093158,0.023444,0.362045,0.931865,0.001312,0.005214,0.003934,0.002074,-0.012016,0.026178,0.206954,0.082912,0.042896,-0.016804,-0.704866,0.581501,-0.406225,-0.69113,-0.691928,0.208744,-0.159694,0.427892,0.889609,-1e-06,-1e-06,-3e-06,0.000201,0.000277,0.000343,0.375156
66,0.136674,-0.019043,0.419629,0.70257,-0.630081,-0.330816,0.710482,0.647662,0.275173,0.040007,-0.42758,0.903107,0.0,1e-06,1e-06,0.0,-0.0,-0.0,0.4182,-0.253326,-0.01575,0.379812,0.460637,0.813919,0.354034,-0.883821,0.457038,0.099549,-0.081347,-0.359786,0.929408,0.003082,0.012256,0.009221,0.002049,-0.01201,0.026114,0.286966,0.003144,0.03989,-0.00466,-0.313739,-0.882245,0.351014,0.949218,-0.300571,0.092957,0.023493,0.362353,0.931744,0.001571,0.006266,0.004709,0.002052,-0.011993,0.026158,0.207608,0.082903,0.042908,-0.016809,-0.70766,0.577554,-0.406999,-0.687619,-0.695415,0.208749,-0.162469,0.427584,0.889255,-1e-06,-6e-06,-6e-06,5e-05,0.000202,0.000366,0.373686
67,0.136644,-0.019047,0.41964,0.702119,-0.630397,-0.33117,0.71092,0.647272,0.274962,0.040154,-0.427704,0.903041,0.0,0.0,0.0,0.0,0.0,0.0,0.417606,-0.25332,-0.015272,0.380187,0.459512,0.814267,0.354695,-0.884392,0.456002,0.099228,-0.081507,-0.360314,0.92919,0.002948,0.01173,0.008786,-0.012093,0.070872,-0.154108,0.303513,0.003147,0.040128,-0.004473,-0.31268,-0.882384,0.351608,0.949566,-0.299558,0.092673,0.023554,0.362852,0.931548,0.001516,0.006052,0.004533,0.004095,-0.024012,0.052258,0.219691,0.082888,0.042906,-0.016804,-0.707191,0.577909,-0.407308,-0.688067,-0.69505,0.208489,-0.162612,0.427698,0.889174,-1e-06,-2e-06,-2e-06,-8.3e-05,3.6e-05,0.000211,0.369114
68,0.136643,-0.019034,0.419612,0.701796,-0.630614,-0.331442,0.711228,0.647034,0.274724,0.040341,-0.427743,0.903014,-0.0,-2e-06,-1e-06,0.0,0.0,0.0,0.424328,-0.253327,-0.014923,0.380529,0.458737,0.814494,0.355178,-0.884794,0.455242,0.099135,-0.081509,-0.360765,0.929015,-0.011333,0.010783,0.008556,6e-06,0.0032,-0.003129,0.30245,0.003148,0.040307,-0.004306,-0.31176,-0.882496,0.352143,0.94987,-0.29864,0.092527,0.023509,0.363336,0.931361,0.001061,0.004244,0.003166,0.002034,-0.011995,0.026136,0.226386,0.082887,0.042912,-0.016818,-0.706854,0.578153,-0.407548,-0.68837,-0.694831,0.208219,-0.162795,0.427724,0.889128,1e-06,5e-06,3e-06,-4.6e-05,2e-05,0.000151,0.37385
69,0.136644,-0.019006,0.419581,0.701652,-0.630707,-0.331571,0.711362,0.646958,0.274555,0.040481,-0.427721,0.903019,5e-05,0.009154,-0.010367,0.035834,-0.011203,0.019022,0.423151,-0.25334,-0.014801,0.380685,0.458476,0.814563,0.355357,-0.884935,0.454959,0.099177,-0.081449,-0.360966,0.928942,-0.011611,0.009652,0.007703,7e-06,0.003203,-0.003128,0.300491,0.003143,0.040368,-0.004221,-0.311498,-0.882518,0.352321,0.949958,-0.298335,0.092596,0.023392,0.363534,0.931286,0.000889,-0.001355,0.007481,-0.036026,0.014607,-0.016116,0.226059,0.082887,0.042922,-0.016829,-0.706714,0.578251,-0.407652,-0.688488,-0.69476,0.208066,-0.162906,0.427707,0.889116,0.0,3e-06,2e-06,-4.2e-05,4.6e-05,0.000107,0.376462
70,0.136653,-0.018932,0.419482,0.705043,-0.62675,-0.331878,0.707825,0.651018,0.274101,0.043394,-0.427382,0.903044,4.9e-05,0.009153,-0.010366,0.035834,-0.011209,0.01902,0.417804,-0.253271,-0.014592,0.380955,0.458346,0.814585,0.355474,-0.885017,0.454759,0.099356,-0.081283,-0.361168,0.928878,0.001542,0.006145,0.004566,0.002053,-0.011996,0.02612,0.296468,0.003172,0.040474,-0.004085,-0.311345,-0.88252,0.35245,0.950013,-0.298106,0.09277,0.023196,0.363716,0.93122,0.000678,0.002716,0.002018,-2e-06,2e-06,3e-06,0.222957,0.082892,0.042959,-0.016879,-0.709779,0.574052,-0.40826,-0.684638,-0.698567,0.208022,-0.165782,0.42716,0.888847,1e-06,5e-06,2e-06,0.000181,0.000248,0.000304,0.37189
71,0.136644,-0.018849,0.41939,0.704832,-0.62688,-0.332083,0.708015,0.650977,0.273708,0.043724,-0.427255,0.903088,-0.0,-0.0,-0.0,0.0,0.0,0.0,0.419739,-0.253108,-0.014502,0.381043,0.45779,0.814762,0.355785,-0.885302,0.454231,0.099236,-0.081316,-0.361435,0.928771,0.000546,0.002179,0.001617,0.002052,-0.011994,0.026121,0.295951,0.003255,0.040522,-0.004038,-0.310765,-0.882601,0.352758,0.950203,-0.297537,0.092652,0.023183,0.363985,0.931115,0.006824,-0.000734,-0.000808,-0.012132,0.067573,-0.15102,0.221161,0.082887,0.043005,-0.016929,-0.709542,0.574209,-0.408453,-0.6848,-0.69854,0.207579,-0.166127,0.426995,0.888862,1e-06,2e-06,1e-06,-6.4e-05,4.1e-05,0.00015,0.371074
72,0.136654,-0.018809,0.419342,0.70465,-0.626994,-0.332251,0.708182,0.650893,0.273473,0.043922,-0.427214,0.903098,-0.0,-0.0,-0.0,0.0,0.0,0.0,0.419493,-0.252954,-0.014516,0.381026,0.457614,0.814825,0.355868,-0.885392,0.454068,0.099185,-0.081331,-0.361499,0.928745,5.7e-05,0.000229,0.00017,0.0,0.0,0.0,0.293641,0.003332,0.040516,-0.004046,-0.3106,-0.882632,0.352829,0.950257,-0.297378,0.092607,0.023186,0.364042,0.931093,0.006757,-0.001002,-0.001007,0.002037,-0.015201,0.029248,0.220344,0.082893,0.043025,-0.016953,-0.709351,0.574337,-0.408603,-0.684951,-0.698468,0.207327,-0.16632,0.426941,0.888852,2e-06,2e-06,1e-06,-4.5e-05,3.7e-05,0.000123,0.372054
73,0.136636,-0.018724,0.419263,0.704451,-0.627118,-0.33244,0.708362,0.65085,0.27311,0.044226,-0.427097,0.903138,0.0,0.0,0.0,0.0,0.0,0.0,0.419292,-0.25247,-0.014635,0.380905,0.457355,0.814933,0.355953,-0.885523,0.453832,0.099088,-0.081354,-0.361552,0.928722,0.01308,-0.003767,-0.003318,0.002045,-0.015205,0.029245,0.291835,0.003564,0.040458,-0.004105,-0.310414,-0.882681,0.352867,0.950318,-0.297206,0.092537,0.023194,0.364061,0.931085,0.0132,-0.003288,-0.00297,0.00204,-0.018427,0.032368,0.216262,0.082884,0.043067,-0.016992,-0.70914,0.574478,-0.408772,-0.685098,-0.698436,0.206947,-0.166615,0.426804,0.888862,2e-06,-4e-06,-4e-06,-2.3e-05,1.9e-05,8.4e-05,0.372054
74,0.136626,-0.018709,0.419248,0.704242,-0.627261,-0.332613,0.708561,0.650698,0.272954,0.044346,-0.427119,0.903122,0.0,0.0,0.0,0.0,0.0,0.0,0.420007,-0.25182,-0.014729,0.380669,0.457861,0.814831,0.355535,-0.885253,0.454383,0.098984,-0.081455,-0.361088,0.928894,0.026662,-0.005544,-0.005169,0.004089,-0.030411,0.058491,0.300909,0.003883,0.040404,-0.004221,-0.310768,-0.882685,0.352547,0.950198,-0.29763,0.092407,0.023362,0.363707,0.931219,0.006456,-0.002252,-0.001945,0.002059,-0.015207,0.029241,0.220507,0.082879,0.043075,-0.016999,-0.708924,0.574636,-0.408924,-0.685292,-0.698298,0.20677,-0.166734,0.426817,0.888834,1e-06,-1e-06,-3e-06,-2.2e-05,-4e-06,6.6e-05,0.372054
75,0.136638,-0.018695,0.419256,0.703993,-0.627432,-0.332818,0.708803,0.650489,0.272825,0.044445,-0.427185,0.903086,6.6e-05,0.00043,0.000257,0.0,0.0,0.0,0.424491,-0.251388,-0.014747,0.380229,0.458667,0.813557,0.357407,-0.884792,0.455076,0.099911,-0.081926,-0.363084,0.928074,0.011882,0.001214,-0.016596,-0.069052,0.158041,0.108583,0.287405,0.004115,0.040401,-0.004444,-0.311594,-0.881748,0.354157,0.949924,-0.298274,0.093143,0.023508,0.365446,0.930535,0.005904,0.00043,-0.008438,-0.098094,0.19858,0.118728,0.219528,0.082885,0.043081,-0.016996,-0.708667,0.574825,-0.409105,-0.685534,-0.698106,0.206614,-0.166832,0.426877,0.888787,3.6e-05,0.000228,0.000136,-1.3e-05,0.0,5.4e-05,0.375973
76,0.13666,-0.018675,0.419256,0.703818,-0.627548,-0.332968,0.70897,0.650355,0.272711,0.044538,-0.42722,0.903065,6.2e-05,0.000402,0.000241,0.0,0.0,0.0,0.424672,-0.251334,-0.014758,0.379873,0.458288,0.813736,0.357488,-0.884932,0.454973,0.099138,-0.082537,-0.362813,0.928126,-0.002615,-0.000751,-0.017548,0.032474,0.000114,-0.008605,0.264715,0.004144,0.040399,-0.004613,-0.311491,-0.88161,0.354593,0.949943,-0.298352,0.092693,0.024074,0.365717,0.930414,-0.001416,-0.000858,-0.009138,0.043724,-0.015001,-0.011466,0.208098,0.082896,0.043092,-0.016996,-0.708486,0.574953,-0.409238,-0.685699,-0.697983,0.206483,-0.166924,0.426905,0.888756,3.7e-05,0.000239,0.000142,-1.6e-05,0.0,4.1e-05,0.376952
77,0.136661,-0.018681,0.419276,0.70362,-0.627688,-0.333123,0.709164,0.650166,0.272655,0.044572,-0.427301,0.903025,-0.00019,-0.001236,-0.00074,0.0,0.0,0.0,0.423826,-0.25159,-0.014706,0.378768,0.457687,0.812984,0.35996,-0.885062,0.454922,0.09821,-0.084472,-0.364562,0.927266,-0.018354,0.002286,-0.031824,0.065557,0.011004,-0.048709,0.168248,0.004016,0.04043,-0.005169,-0.311015,-0.880803,0.357008,0.950056,-0.298305,0.091689,0.025737,0.367694,0.92959,-0.009272,0.000691,-0.016249,0.071917,0.002174,-0.050767,0.118778,0.082897,0.043092,-0.016983,-0.708283,0.575106,-0.409373,-0.6859,-0.697809,0.206406,-0.166959,0.426983,0.888712,-0.000116,-0.000751,-0.00045,-0.001331,0.009487,-0.027152,0.376952
78,0.136661,-0.018681,0.419276,0.70702,-0.623724,-0.333371,0.705599,0.6541,0.272496,0.047221,-0.427107,0.902982,-0.0,-0.0,-0.0,1.1e-05,-9e-06,-2.9e-05,0.426641,-0.251964,-0.014522,0.377071,0.45773,0.812135,0.361815,-0.884754,0.455956,0.096167,-0.087432,-0.365161,0.926756,-0.006096,0.005067,-0.047416,0.101616,-0.006631,-0.029364,0.114863,0.00383,0.040517,-0.006002,-0.311222,-0.87997,0.358876,0.94991,-0.299366,0.089724,0.028481,0.368824,0.929062,-0.003045,0.002446,-0.023765,0.108242,-0.015854,-0.031594,0.02064,0.082896,0.043089,-0.016986,-0.711365,0.570893,-0.409926,-0.682057,-0.70149,0.206663,-0.169577,0.426606,0.888397,-2e-06,-5e-06,-4e-06,0.000923,0.000694,0.000383,0.378096
79,0.136661,-0.018667,0.41926,0.706999,-0.623735,-0.333394,0.705617,0.654105,0.272438,0.047271,-0.427083,0.902991,-0.0,-0.0,-0.0,0.0,-0.0,-0.0,0.42981,-0.252034,-0.01434,0.376105,0.457712,0.812321,0.361421,-0.884586,0.456719,0.09407,-0.089214,-0.363791,0.927125,0.008054,0.015301,-0.057302,0.140087,-0.037171,0.015647,0.109973,0.003787,0.040596,-0.006487,-0.311121,-0.880185,0.358437,0.949881,-0.300091,0.08758,0.030478,0.367721,0.929435,-0.002717,0.003775,-0.022791,0.104831,-0.020914,-0.004379,-0.004344,0.082896,0.043095,-0.016993,-0.71134,0.570912,-0.409943,-0.682071,-0.701496,0.206595,-0.169625,0.42657,0.888405,-0.0,-2e-06,-2e-06,6.3e-05,0.000126,0.000197,0.379892
80,0.136681,-0.018663,0.419251,0.706753,-0.623903,-0.333603,0.705855,0.653911,0.272287,0.047392,-0.427135,0.902959,-0.0,-0.0,-0.0,0.0,0.0,0.0,0.428802,-0.25206,-0.013751,0.374301,0.457631,0.812713,0.36064,-0.884257,0.458216,0.089785,-0.092843,-0.361013,0.927854,-0.003822,0.01429,-0.040509,0.104031,-0.019565,-0.003709,0.107911,0.003776,0.04088,-0.007404,-0.310973,-0.880565,0.35763,0.94979,-0.301606,0.083257,0.03455,0.365564,0.930144,-0.001733,0.012695,-0.024575,0.126327,0.050988,-0.166998,-0.022959,0.082906,0.043098,-0.016998,-0.711082,0.571101,-0.410127,-0.682311,-0.701315,0.206417,-0.169743,0.426614,0.888361,1e-06,-0.0,-2e-06,-3.7e-05,4.3e-05,9.7e-05,0.383484
81,0.1367,-0.018686,0.41926,0.706451,-0.624113,-0.333848,0.706152,0.653636,0.272177,0.047472,-0.427247,0.902902,-5e-06,-3.6e-05,-2.1e-05,0.0,0.0,0.0,0.424295,-0.252287,-0.013181,0.372746,0.461306,0.810663,0.360573,-0.881751,0.463803,0.085653,-0.098365,-0.358471,0.92827,-0.017686,0.015238,-0.03934,0.699788,0.137586,1.506049,0.130838,0.003672,0.041172,-0.008163,-0.309766,-0.881026,0.357544,0.950045,-0.301899,0.079181,0.038182,0.36421,0.930533,-0.001963,0.006844,-0.0205,0.103904,-0.019646,-0.003884,-0.013488,0.082916,0.043086,-0.016994,-0.710771,0.571334,-0.410342,-0.682616,-0.70106,0.206275,-0.169823,0.42672,0.888295,-2e-06,-1.4e-05,-1e-05,-2.2e-05,1e-05,6.7e-05,0.380708
82,0.136681,-0.018676,0.419266,0.706265,-0.624246,-0.333993,0.706333,0.653481,0.272079,0.04754,-0.427291,0.902878,0.0,1e-06,1e-06,0.0,0.0,0.0,0.423287,-0.252584,-0.013175,0.371619,0.46945,0.805787,0.360993,-0.876719,0.473707,0.083058,-0.104653,-0.356498,0.928342,-0.017988,-0.005601,-0.021116,0.030048,0.025368,-0.064987,0.166101,0.003523,0.041187,-0.008737,-0.323875,-0.875737,0.358033,0.944932,-0.318208,0.076456,0.046974,0.36308,0.930572,-0.002133,-0.003676,-0.011466,0.045533,-0.076647,0.142369,0.024559,0.082906,0.043091,-0.01699,-0.71058,0.571481,-0.410469,-0.682797,-0.700917,0.206158,-0.16989,0.426759,0.888264,-1e-06,-2e-06,-2e-06,-1.4e-05,-5e-06,5e-05,0.377279
83,0.136681,-0.018676,0.419266,0.706062,-0.624388,-0.334158,0.706531,0.653311,0.271973,0.047619,-0.427343,0.902849,0.0,0.0,0.0,0.0,0.0,0.0,0.424584,-0.252657,-0.013321,0.371247,0.473904,0.803137,0.361077,-0.87401,0.478789,0.082473,-0.107224,-0.355684,0.928362,-0.003774,-0.00518,-0.021291,0.034024,-0.002378,-0.009878,0.172443,0.003479,0.041107,-0.008934,-0.328652,-0.873894,0.358184,0.943143,-0.323626,0.075803,0.049674,0.362732,0.930568,-0.002046,-0.008238,-0.006409,-0.003903,0.024942,-0.052288,0.039255,0.082906,0.043091,-0.01699,-0.710371,0.571636,-0.410614,-0.682995,-0.700762,0.20603,-0.169969,0.426805,0.888227,0.0,-2e-06,-1e-06,-1.7e-05,-5e-06,4.8e-05,0.377442
84,0.136711,-0.018679,0.419264,0.705708,-0.62463,-0.334454,0.706875,0.653016,0.271789,0.047763,-0.42744,0.902796,0.0,0.0,0.0,0.0,0.0,0.0,0.423785,-0.252594,-0.013838,0.370851,0.483083,0.797575,0.361243,-0.868441,0.488827,0.082404,-0.111455,-0.354534,0.928303,-0.002353,-0.009392,-0.007347,-0.001495,0.012655,-0.024744,0.174075,0.003505,0.040848,-0.009139,-0.338655,-0.869971,0.358416,0.939356,-0.334489,0.07567,0.054056,0.362306,0.930489,-0.00116,-0.009616,0.001128,-0.032853,0.028241,-0.029983,0.049379,0.082921,0.043089,-0.016992,-0.710006,0.571901,-0.410875,-0.683338,-0.700493,0.205809,-0.170113,0.426892,0.888157,-0.0,-1e-06,-1e-06,-1.8e-05,-2e-06,4.6e-05,0.377769
85,0.136691,-0.018677,0.419266,0.705638,-0.624681,-0.334504,0.706943,0.652958,0.271752,0.047786,-0.427454,0.902788,0.0,0.0,0.0,0.0,0.0,0.0,0.425242,-0.252252,-0.01416,0.370871,0.488372,0.794463,0.360987,-0.865281,0.494279,0.083126,-0.112988,-0.353956,0.928338,0.014078,-0.00029,-0.000687,0.002045,-0.015205,0.029245,0.220059,0.003672,0.040671,-0.009141,-0.344354,-0.867811,0.35822,0.937187,-0.340365,0.076354,0.055665,0.362013,0.930508,0.000311,-0.003721,0.005736,-0.034182,0.002263,0.009304,0.081711,0.082911,0.04309,-0.016991,-0.709936,0.571957,-0.410919,-0.683406,-0.70044,0.205764,-0.170136,0.426904,0.888147,0.0,0.0,-1e-06,-2.7e-05,-1.8e-05,4.6e-05,0.378096
86,0.136681,-0.018676,0.419266,0.705451,-0.624813,-0.334653,0.707125,0.652801,0.271654,0.047857,-0.4275,0.902763,0.0,0.0,0.0,0.0,0.0,0.0,0.424606,-0.25202,-0.014157,0.370997,0.4887,0.794333,0.36083,-0.865131,0.494482,0.083475,-0.112717,-0.353963,0.928368,0.015466,0.005311,0.003692,-0.009377,0.058757,-0.123456,0.254872,0.003793,0.040672,-0.009079,-0.344712,-0.867739,0.358053,0.937072,-0.340603,0.076708,0.055391,0.361964,0.930544,0.00787,0.003208,0.002271,-0.009528,0.058707,-0.123902,0.118288,0.082906,0.043091,-0.01699,-0.709744,0.572102,-0.41105,-0.683588,-0.700297,0.205646,-0.170207,0.426945,0.888114,0.0,-0.0,-0.0,-1.2e-05,1e-06,4.6e-05,0.378422
87,0.136681,-0.018697,0.41929,0.705176,-0.625008,-0.334867,0.707395,0.652539,0.271581,0.047901,-0.427615,0.902706,0.0,0.0,0.0,0.0,0.0,0.0,0.421396,-0.251704,-0.013978,0.371322,0.490041,0.794353,0.358963,-0.864768,0.494638,0.086272,-0.109628,-0.3537,0.928838,0.001907,0.0077,0.006004,-0.014192,-0.026116,0.033392,0.327628,0.003954,0.040775,-0.008906,-0.346052,-0.867988,0.35615,0.936754,-0.340823,0.079562,0.052326,0.361158,0.931035,0.000985,0.00399,0.003105,-0.010059,-0.022659,0.03117,0.206301,0.082906,0.043081,-0.016979,-0.709464,0.572315,-0.411236,-0.683867,-0.700054,0.205543,-0.170252,0.427057,0.888051,-0.0,0.0,-1e-06,-3e-06,-4e-06,4.7e-05,0.376463
88,0.136682,-0.01871,0.419317,0.704989,-0.625143,-0.335009,0.707581,0.652349,0.271554,0.047911,-0.427708,0.902661,8e-06,4.9e-05,3e-05,0.0,0.0,0.0,0.420233,-0.251564,-0.013808,0.371477,0.490906,0.792906,0.360974,-0.864291,0.495155,0.088065,-0.109514,-0.35622,0.927889,0.000673,0.002723,0.002119,-0.122686,0.205387,0.108693,0.370225,0.004027,0.040869,-0.008821,-0.346724,-0.867095,0.357669,0.936528,-0.341142,0.080841,0.051919,0.362997,0.930341,0.000368,0.0015,0.001165,-0.20506,0.325502,0.148231,0.282231,0.082907,0.043074,-0.016965,-0.709272,0.572463,-0.411361,-0.684063,-0.699877,0.205495,-0.170264,0.427149,0.888005,3e-06,2.3e-05,1.4e-05,-1e-06,7e-06,3.5e-05,0.37483
89,0.136661,-0.018709,0.419307,0.704924,-0.62519,-0.335059,0.707643,0.652306,0.271495,0.047953,-0.427705,0.90266,-8.7e-05,-0.000565,-0.000338,0.0,0.0,0.0,0.418499,-0.251535,-0.013718,0.371365,0.495313,0.791786,0.357395,-0.86275,0.496253,0.096587,-0.101491,-0.357183,0.92843,-0.000381,0.008386,-0.01073,-0.7032,-0.2778,0.425951,0.381672,0.004042,0.040914,-0.008871,-0.350898,-0.866742,0.354438,0.935349,-0.342461,0.088552,0.04463,0.362597,0.930876,-0.000312,-0.001269,-0.00099,-2.231716,-1.272415,1.08799,0.317176,0.082896,0.043076,-0.016969,-0.709206,0.572514,-0.411404,-0.684121,-0.699839,0.20543,-0.170305,0.427143,0.887999,-5.8e-05,-0.000379,-0.000226,-6e-06,3e-06,3.4e-05,0.372544
90,0.136661,-0.018709,0.419307,0.704822,-0.62526,-0.335142,0.707742,0.652221,0.271442,0.047993,-0.427731,0.902646,-1e-06,-8e-06,-5e-06,0.0,0.0,0.0,0.419745,-0.251526,-0.0137,0.371262,0.496744,0.791811,0.355347,-0.862229,0.496718,0.09882,-0.098871,-0.356479,0.928984,-0.000661,-0.002676,-0.002084,-0.002548,0.003162,0.002076,0.382071,0.004046,0.040925,-0.008927,-0.35317,-0.866521,0.352719,0.934651,-0.343388,0.092247,0.041186,0.362249,0.93117,-0.000377,0.003428,-0.005962,0.049959,-0.011591,-0.013915,0.322891,0.082896,0.043075,-0.01697,-0.7091,0.572592,-0.411477,-0.68422,-0.699761,0.205366,-0.170344,0.427166,0.887981,0.0,1e-06,0.0,-7e-06,9e-06,2.6e-05,0.37238
91,0.136672,-0.018695,0.419303,0.704577,-0.625427,-0.335346,0.707978,0.652027,0.271291,0.048111,-0.427781,0.902616,0.00012,0.000781,0.000468,0.0,0.0,0.0,0.421465,-0.251512,-0.013567,0.37108,0.499551,0.790233,0.354924,-0.860889,0.498268,0.102628,-0.096361,-0.357817,0.928733,0.0002,0.000811,0.000632,-0.010763,0.017909,0.009506,0.382107,0.004051,0.040981,-0.009026,-0.35618,-0.865398,0.352448,0.933623,-0.345136,0.096065,0.038508,0.36327,0.930886,0.000151,0.000601,0.000467,0.008341,-0.004811,0.005484,0.3273,0.082902,0.04308,-0.016973,-0.708847,0.572776,-0.411657,-0.684453,-0.699585,0.205189,-0.170462,0.427208,0.887938,8.1e-05,0.000527,0.000316,-8e-06,1.1e-05,1.8e-05,0.37336
92,0.136671,-0.01871,0.419306,0.704398,-0.625553,-0.335487,0.708153,0.651867,0.271221,0.048159,-0.427842,0.902584,-6.3e-05,-0.000408,-0.000244,0.0,0.0,0.0,0.420058,-0.251474,-0.013313,0.371031,0.500744,0.790359,0.352957,-0.860458,0.498617,0.104538,-0.093983,-0.35705,0.929272,-0.012714,0.005662,0.00488,-0.002479,0.01484,-0.029037,0.383775,0.004074,0.041105,-0.009053,-0.357359,-0.865822,0.350208,0.933259,-0.345624,0.097827,0.036339,0.361795,0.931549,0.000586,0.002368,0.001843,0.006004,-0.010377,0.023529,0.329259,0.082901,0.043075,-0.01697,-0.708664,0.572913,-0.411781,-0.684631,-0.699437,0.2051,-0.17051,0.427266,0.887901,-4.1e-05,-0.000272,-0.000163,4e-06,1.2e-05,1.3e-05,0.373686
93,0.136661,-0.018709,0.419307,0.704312,-0.625614,-0.335554,0.708236,0.651795,0.271175,0.04819,-0.427862,0.902573,-1e-06,-6e-06,-4e-06,0.0,0.0,0.0,0.420024,-0.251469,-0.013162,0.371072,0.501826,0.790495,0.351112,-0.860107,0.498757,0.10673,-0.091367,-0.356553,0.929723,0.001395,0.005651,0.004394,0.001916,-0.012579,0.025865,0.39222,0.004072,0.04118,-0.009033,-0.358363,-0.866141,0.348387,0.932967,-0.34579,0.1,0.033855,0.360871,0.932,0.00067,0.002712,0.00211,0.00473,0.003893,-0.002673,0.332362,0.082896,0.043075,-0.01697,-0.708576,0.57298,-0.411839,-0.684714,-0.699372,0.205046,-0.170541,0.427283,0.887887,-0.0066,0.000676,0.000557,-0.000983,0.014713,-0.029538,0.373197
94,0.136661,-0.018709,0.419307,0.704108,-0.625755,-0.335719,0.708433,0.651625,0.271069,0.048269,-0.427914,0.902544,-0.0,-0.0,-0.0,0.0,0.0,0.0,0.415227,-0.251375,-0.01274,0.371179,0.498606,0.796784,0.341347,-0.86366,0.48994,0.11825,-0.073634,-0.354775,0.931974,0.002205,0.008945,0.006935,0.000485,-0.013813,0.026539,0.413912,0.004118,0.041389,-0.008981,-0.354167,-0.871759,0.338527,0.935034,-0.336529,0.111617,0.016621,0.356066,0.934312,0.001145,0.004644,0.003599,0.006784,-0.008557,0.023622,0.355222,0.082896,0.043075,-0.01697,-0.708367,0.573136,-0.411984,-0.684912,-0.699216,0.204918,-0.17062,0.42733,0.887849,-0.0,2e-06,2e-06,1e-06,1e-06,9e-06,0.370584
95,0.136652,-0.018707,0.41932,0.704018,-0.625821,-0.335786,0.708522,0.651539,0.271045,0.048281,-0.42795,0.902526,0.0,1e-06,1e-06,0.0,0.0,0.0,0.414781,-0.251237,-0.012315,0.371519,0.49604,0.79947,0.338797,-0.86555,0.485932,0.120939,-0.068556,-0.354247,0.932562,0.002769,0.001333,0.018215,-0.034044,0.002284,0.009831,0.42592,0.004188,0.041607,-0.008807,-0.351161,-0.873945,0.336013,0.93624,-0.332271,0.114234,0.011813,0.354703,0.934903,0.001421,0.000824,0.009229,-0.033501,0.002685,0.009719,0.380042,0.082892,0.043076,-0.016963,-0.708275,0.573207,-0.412042,-0.685003,-0.699136,0.204884,-0.170633,0.427365,0.88783,-1e-06,-5e-06,-4e-06,2e-06,4e-06,7e-06,0.367645
