frame,MLTx,MLTy,MLTz,MLTR1,MLTR2,MLTR3,MLTR4,MLTR5,MLTR6,MLTR7,MLTR8,MLTR9,MLTTVx,MLTTVy,MLTTVz,MLTRVx,MLTRVy,MLTRVz,MLGA,MRTx,MRTy,MRTz,MRTR1,MRTR2,MRTR3,MRTR4,MRTR5,MRTR6,MRTR7,MRTR8,MRTR9,MRTTVx,MRTTVy,MRTTVz,MRTRVx,MRTRVy,MRTRVz,MRGA,SLTx,SLTy,SLTz,SLTR1,SLTR2,SLTR3,SLTR4,SLTR5,SLTR6,SLTR7,SLTR8,SLTR9,SLTTVx,SLTTVy,SLTTVz,SLTRVx,SLTRVy,SLTRVz,SLGA,SRTx,SRTy,SRTz,SRTR1,SRTR2,SRTR3,SRTR4,SRTR5,SRTR6,SRTR7,SRTR8,SRTR9,SRTTVx,SRTTVy,SRTTVz,SRTRVx,SRTRVy,SRTRVz,SRGA
617,0.072952,-0.036732,0.316175,-0.668372,0.365214,-0.64803,-0.688069,-0.634547,0.351971,-0.281835,0.68068,0.676218,0.016514,0.00825,-0.009912,0.037806,-0.034773,0.042371,0.218771,-0.193559,-0.012274,0.278115,-0.272502,0.879412,0.390346,-0.538078,-0.475502,0.69592,0.797939,-0.021501,0.602241,-0.014339,-0.0099,0.010716,-0.277588,0.232446,0.116217,-1.087275,0.025001,0.051062,-0.022262,0.19319,-0.859944,0.472411,0.51,0.499338,0.7004,-0.838198,0.10562,0.535039,-0.007151,-0.00468,0.005706,-0.615747,0.516075,0.126248,-0.879444,0.038147,0.035395,-0.04961,0.680135,-0.377984,-0.628126,0.65675,0.694866,0.292984,0.325721,-0.611791,0.720844,0.000646,0.005727,-0.003877,0.04611,-0.011834,0.007784,-0.002468
618,0.073356,-0.036225,0.315708,-0.677431,0.345415,-0.649477,-0.669504,-0.655309,0.349723,-0.303972,0.671309,0.675998,0.017543,0.019073,-0.018471,0.09912,-0.066696,0.030879,0.293715,-0.194472,-0.012525,0.278515,-0.263224,0.880386,0.394493,-0.536389,-0.473325,0.698702,0.802168,-0.028792,0.596289,-0.029808,0.002908,0.005796,-0.066772,0.189389,-0.185517,-1.066513,0.02455,0.050933,-0.022069,0.181881,-0.860606,0.475683,0.506496,0.496636,0.70485,-0.84284,0.112733,0.526222,-0.014653,-0.004427,0.00655,-0.075233,0.089093,-0.0398,-0.874382,0.038354,0.035651,-0.049849,0.688111,-0.357961,-0.631161,0.637075,0.714419,0.289378,0.347328,-0.601222,0.719648,0.008779,0.009545,-0.009227,0.097662,-0.064788,0.031764,0.13192
619,0.074066,-0.035596,0.315078,-0.679253,0.335424,-0.652803,-0.662328,-0.663341,0.348243,-0.315382,0.668495,0.673555,0.032777,0.016073,-0.020417,-0.22387,-0.518311,-0.151771,0.334461,-0.195387,-0.012601,0.279035,-0.261254,0.879434,0.397912,-0.533444,-0.474987,0.699828,0.80477,-0.030536,0.592686,-0.013863,-0.004645,0.017346,-0.053798,0.131859,-0.180312,-1.062605,0.024075,0.05089,-0.021814,0.179719,-0.859263,0.478923,0.503725,0.498563,0.705475,-0.844962,0.114458,0.522434,-0.014443,-0.002166,0.0094,-0.020795,0.020977,-0.056825,-0.886139,0.038697,0.035959,-0.050156,0.689466,-0.350397,-0.633922,0.62976,0.722357,0.28566,0.357824,-0.596172,0.718707,0.008819,0.009684,-0.009065,0.069346,-0.050003,0.061391,0.214871
620,0.074524,-0.035335,0.314759,-0.678036,0.335655,-0.653948,-0.662894,-0.663632,0.346606,-0.316803,0.66809,0.673289,0.017358,0.018728,-0.018935,0.065748,-0.057656,0.05758,0.356422,-0.195772,-0.012634,0.279354,-0.261303,0.878787,0.399305,-0.532604,-0.476156,0.699673,0.80531,-0.030949,0.59193,-0.013835,-0.004407,0.017625,-0.036783,0.012198,-0.022159,-1.048427,0.023894,0.050873,-0.021656,0.179809,-0.858432,0.480378,0.503092,0.49989,0.704988,-0.84532,0.114911,0.521755,-0.006919,-0.002103,0.008955,-0.033323,0.009107,-0.024622,-0.887445,0.038932,0.036089,-0.050315,0.68816,-0.348412,-0.63643,0.630028,0.721995,0.285983,0.35986,-0.597771,0.716358,0.015824,0.002506,-0.006107,0.048028,-0.034482,0.079735,0.243284
621,0.075563,-0.034904,0.314104,-0.679822,0.314889,-0.662368,-0.651701,-0.673622,0.348555,-0.33559,0.668227,0.663987,0.031425,0.004583,-0.012776,-0.116676,-0.286226,-0.05455,0.368496,-0.196259,-0.012748,0.279994,-0.263418,0.876756,0.402369,-0.531972,-0.479858,0.697622,0.805042,-0.031384,0.592272,-0.014266,0.007865,0.010944,0.115149,0.001891,-0.255313,-1.010822,0.023645,0.050816,-0.021335,0.181345,-0.856436,0.483354,0.50268,0.503168,0.702947,-0.845237,0.115496,0.52176,0.00057,-0.002391,0.008066,0.201525,-0.171908,-0.162692,-0.88124,0.039434,0.036304,-0.050637,0.688668,-0.328959,-0.646158,0.61857,0.731491,0.286864,0.378293,-0.597249,0.707239,0.016204,0.007622,-0.010781,-0.184893,-0.459003,-0.121951,0.28329
622,0.076649,-0.034381,0.313401,-0.678676,0.293031,-0.673481,-0.64356,-0.679137,0.352953,-0.353122,0.672599,0.65034,0.017275,0.018739,-0.018974,-0.195598,-0.462583,-0.162501,0.369003,-0.196318,-0.012746,0.2806,-0.263358,0.876091,0.403855,-0.530785,-0.48105,0.697705,0.805844,-0.031714,0.591162,0.001365,-0.002667,0.01874,-0.033007,-0.019604,0.030573,-0.979647,0.023604,0.050819,-0.021028,0.181803,-0.85544,0.484942,0.501677,0.50484,0.702464,-0.845735,0.115574,0.520936,0.000627,-0.001798,0.008791,-0.048702,0.111977,-0.154723,-0.880914,0.039994,0.036565,-0.050995,0.686267,-0.308245,-0.658803,0.610217,0.736906,0.290867,0.395818,-0.601626,0.693811,0.016275,0.007897,-0.010466,-0.316632,-0.533688,-0.384025,0.293904
623,0.077161,-0.034047,0.313027,-0.679076,0.285547,-0.676287,-0.641707,-0.678316,0.357871,-0.355708,0.676642,0.644713,0.033699,0.027189,-0.028751,-0.247183,-0.526418,-0.36131,0.374699,-0.196252,-0.012711,0.280874,-0.265427,0.87515,0.40454,-0.531503,-0.48278,0.695962,0.804694,-0.031385,0.592744,0.000782,0.008113,0.010196,0.015292,0.075704,-0.15608,-0.961887,0.023638,0.050839,-0.02088,0.184004,-0.854535,0.485705,0.502817,0.506426,0.700504,-0.84458,0.115325,0.52286,0.000383,0.004072,0.005118,-0.014233,0.087831,-0.146276,-0.877975,0.040256,0.036738,-0.051191,0.686286,-0.301546,-0.661876,0.608466,0.73658,0.295326,0.39847,-0.605408,0.688985,0.016879,0.01364,-0.014334,-0.179818,-0.446107,-0.327956,0.296843
624,0.078061,-0.033244,0.312168,-0.679277,0.275384,-0.680288,-0.638928,-0.67797,0.363455,-0.360286,0.681197,0.637332,0.032351,0.015583,-0.021224,-0.093474,-0.319363,-0.048736,0.407908,-0.196131,-0.012606,0.281297,-0.265329,0.874383,0.40626,-0.530634,-0.484123,0.695691,0.8053,-0.032087,0.591884,0.001006,-0.00635,0.014071,-0.03466,-0.003028,0.00706,-0.948268,0.023699,0.050895,-0.020663,0.183711,-0.853663,0.487348,0.501799,0.507764,0.700266,-0.84525,0.115904,0.521649,0.000481,-0.003321,0.006851,-0.03575,-0.002606,0.007417,-0.88124,0.040695,0.037136,-0.05161,0.685932,-0.290898,-0.666989,0.605617,0.73636,0.301664,0.403391,-0.610861,0.681266,0.009063,0.014637,-0.013975,-0.134523,-0.420085,-0.10927,0.325909
625,0.079001,-0.032309,0.311146,-0.673163,0.262287,-0.69145,-0.636513,-0.681497,0.361091,-0.37568,0.682861,0.626573,0.01836,0.030178,-0.026811,-0.036652,-0.287698,-0.044182,0.429082,-0.195989,-0.012531,0.28153,-0.265227,0.873585,0.408038,-0.52994,-0.485506,0.695257,0.80579,-0.032931,0.591169,0.00031,0.003261,0.004078,-0.009617,0.097565,-0.138955,-0.922505,0.023769,0.050931,-0.020549,0.183523,-0.852794,0.488939,0.501235,0.509052,0.699735,-0.845625,0.116656,0.520873,0.000104,0.001143,0.001425,-5.2e-05,-2e-06,-2.9e-05,-0.884016,0.041169,0.037595,-0.052122,0.678937,-0.278837,-0.679185,0.603015,0.739495,0.299197,0.418827,-0.612695,0.670214,0.016844,0.013755,-0.01423,-0.091773,-0.265289,-0.227009,0.364935
626,0.079525,-0.031752,0.310651,-0.668981,0.255127,-0.698155,-0.636844,-0.681095,0.361263,-0.382515,0.685974,0.61899,0.034314,0.029495,-0.025967,-0.152164,-0.395241,-0.259775,0.437929,-0.195931,-0.012541,0.281564,-0.265178,0.873152,0.408996,-0.529603,-0.486253,0.694991,0.806028,-0.033405,0.590818,0.015018,0.000237,-0.00071,0.002045,-0.015205,0.029245,-0.888697,0.023793,0.05093,-0.020527,0.183416,-0.852214,0.489989,0.500931,0.509901,0.699334,-0.845828,0.117182,0.520425,-6e-06,-2.6e-05,-3.5e-05,-0.011287,0.114077,-0.162533,-0.878791,0.041424,0.037871,-0.052374,0.674253,-0.273117,-0.68614,0.603546,0.739201,0.298852,0.425574,-0.61562,0.663247,0.009499,0.015972,-0.012321,-0.287333,-0.534613,-0.403406,0.379468
627,0.080584,-0.0304,0.309688,-0.669662,0.237063,-0.703847,-0.632033,-0.679597,0.372365,-0.389231,0.693915,0.605812,0.035078,0.031993,-0.022892,-0.205831,-0.472461,-0.30794,0.447392,-0.195911,-0.012514,0.281514,-0.265108,0.872184,0.411101,-0.529101,-0.487908,0.694213,0.806381,-0.034567,0.59027,-0.000583,0.01079,-0.008507,0.036295,-0.013498,0.016489,-0.868497,0.023808,0.050937,-0.020552,0.183236,-0.851093,0.492001,0.500562,0.511513,0.698421,-0.846086,0.118302,0.519752,-6.3e-05,-0.000665,-0.000831,-0.012887,0.130602,-0.186036,-0.874219,0.041946,0.038533,-0.052848,0.673951,-0.256024,-0.692994,0.599079,0.738305,0.309853,0.432312,-0.623984,0.65096,0.017708,0.01641,-0.010942,-0.264634,-0.584341,-0.378846,0.402819
628,0.081795,-0.029191,0.30904,-0.667608,0.209615,-0.714427,-0.627793,-0.674347,0.388722,-0.399465,0.707763,0.582689,0.035109,0.02436,-0.010435,-0.494268,-0.838737,-0.544929,0.442969,-0.195974,-0.012482,0.281425,-0.267225,0.870944,0.412357,-0.530084,-0.490103,0.691913,0.805037,-0.034781,0.592089,-8.7e-05,-0.000917,-0.001148,0.024649,-0.022151,-0.017298,-0.869208,0.023777,0.050954,-0.020603,0.185457,-0.849844,0.493325,0.502102,0.513504,0.69585,-0.844688,0.118649,0.521941,-5.5e-05,-0.00059,-0.000738,0.000682,-0.013877,-0.01057,-0.888589,0.042559,0.039153,-0.053185,0.670413,-0.230355,-0.705324,0.595357,0.734324,0.326062,0.442827,-0.638516,0.629444,0.017667,0.012458,-0.004887,-0.23354,-0.447398,-0.325911,0.406085
629,0.082996,-0.028337,0.308872,-0.660097,0.187161,-0.727522,-0.62728,-0.670187,0.396661,-0.412521,0.71796,0.560701,0.034716,0.015482,0.000429,-0.118628,-0.331428,-0.238673,0.428681,-0.196044,-0.012481,0.281398,-0.26722,0.870549,0.413194,-0.529878,-0.490773,0.691596,0.805174,-0.035227,0.591875,0.000103,0.001075,0.001345,0.001634,-0.016545,0.023538,-0.867666,0.023741,0.05095,-0.020622,0.1853,-0.849414,0.494123,0.501715,0.514133,0.695664,-0.844952,0.119002,0.521433,5.6e-05,0.000569,0.000714,0.000724,-0.015915,0.024043,-0.894304,0.04316,0.039585,-0.053271,0.661312,-0.206797,-0.721041,0.594897,0.730104,0.336221,0.456906,-0.651292,0.60585,0.009939,0.009524,0.00161,0.053573,-0.845681,0.411997,0.396777
630,0.083445,-0.028058,0.308992,-0.65457,0.177175,-0.734978,-0.628218,-0.668328,0.39831,-0.419827,0.722226,0.549692,0.018976,0.008457,0.012048,0.474567,-1.880651,1.819966,0.41613,-0.196043,-0.012484,0.281411,-0.26721,0.870427,0.413458,-0.52978,-0.490982,0.691523,0.805242,-0.035353,0.591775,5.6e-05,0.000588,0.000736,0.0,-0.0,-0.0,-0.867532,0.023742,0.05095,-0.020614,0.185268,-0.849274,0.494377,0.501631,0.514336,0.695574,-0.845009,0.119127,0.521312,3.9e-05,0.000407,0.000511,-0.011285,0.114355,-0.162323,-0.898059,0.043398,0.039731,-0.053211,0.655811,-0.197489,-0.728635,0.595532,0.728505,0.338557,0.463954,-0.655955,0.595373,0.009544,0.004381,0.006198,0.511952,-1.821815,1.832799,0.384204
631,0.084109,-0.027501,0.309578,-0.640569,0.160572,-0.750955,-0.632937,-0.664158,0.397816,-0.434084,0.729933,0.528011,0.005614,0.016453,0.020224,0.46494,-1.90852,2.045781,0.41237,-0.195979,-0.012434,0.281519,-0.269304,0.869411,0.414236,-0.530666,-0.492787,0.689557,0.803963,-0.035212,0.59352,0.000308,0.003232,0.004041,0.010903,-0.02491,0.017009,-0.868998,0.023774,0.050972,-0.020564,0.187495,-0.848263,0.495271,0.502954,0.516008,0.693377,-0.843731,0.119093,0.523387,0.000128,0.001368,0.00171,-0.015569,0.002168,0.001874,-0.900509,0.043727,0.039999,-0.052931,0.642389,-0.182719,-0.744277,0.599638,0.724613,0.339659,0.477252,-0.664491,0.575049,0.010468,0.0072,0.009614,-0.161314,-0.28942,-0.046992,0.365099
632,0.084545,-0.026853,0.310391,-0.628836,0.147551,-0.763439,-0.638425,-0.658449,0.398535,-0.443106,0.737826,0.509212,0.006236,0.018382,0.022408,-0.119652,-0.328048,0.140912,0.42026,-0.195834,-0.01241,0.281639,-0.26924,0.86913,0.414866,-0.530363,-0.493263,0.689449,0.804184,-0.035493,0.593204,4.4e-05,0.000462,0.000578,2e-06,-2e-06,-1e-06,-0.868874,0.023847,0.050992,-0.020494,0.187269,-0.847975,0.49585,0.502494,0.516432,0.693395,-0.844055,0.11931,0.522814,1.7e-05,0.000192,0.000239,-0.011768,0.114644,-0.162058,-0.898549,0.043945,0.040325,-0.052522,0.627836,-0.171765,-0.759155,0.606446,0.719338,0.338786,0.487898,-0.673089,0.555793,0.003053,0.009027,0.011004,-0.115642,-0.306689,0.111031,0.369018
633,0.084699,-0.026504,0.310819,-0.621373,0.137712,-0.771347,-0.6387,-0.659261,0.396748,-0.453115,0.739015,0.498568,0.006272,0.018529,0.022492,-0.206862,-0.481415,0.049399,0.421144,-0.195777,-0.012445,0.281657,-0.269205,0.868908,0.415354,-0.53014,-0.493639,0.689352,0.804343,-0.035709,0.592975,-4.3e-05,-0.000458,-0.000572,0.0,-0.0,-0.0,-0.869161,0.023876,0.050975,-0.020484,0.1872,-0.847718,0.496317,0.502299,0.516806,0.693258,-0.844187,0.119522,0.522554,-3.3e-05,-0.000334,-0.000419,2.8e-05,0.000246,0.000174,-0.899856,0.044023,0.040501,-0.052306,0.619892,-0.163897,-0.767378,0.606681,0.720338,0.336229,0.497665,-0.67398,0.545965,0.003058,0.009063,0.010997,-0.281873,-0.500299,-0.238383,0.37212
634,0.084987,-0.02571,0.311764,-0.607475,0.107499,-0.78706,-0.627684,-0.672207,0.392584,-0.486115,0.732374,0.476809,0.007219,0.021423,0.025761,1.041271,-1.205052,-0.779087,0.415397,-0.195621,-0.012448,0.281626,-0.271273,0.867803,0.416317,-0.531048,-0.495576,0.687261,0.803051,-0.035738,0.594723,-4.8e-05,-0.000513,-0.000641,0.330238,-0.299669,-0.233703,-0.867935,0.023953,0.050972,-0.020502,0.18706,-0.847151,0.497335,0.502096,0.517597,0.692814,-0.844338,0.120112,0.522173,-3.9e-05,-0.000419,-0.000525,5.4e-05,0.00015,8.1e-05,-0.903121,0.044164,0.040887,-0.051847,0.604086,-0.140048,-0.784515,0.598961,0.729146,0.331044,0.525664,-0.669874,0.52435,0.003605,0.010734,0.012906,-0.315572,-0.529532,-0.217222,0.370977
635,0.085347,-0.024927,0.312821,-0.588819,0.079761,-0.804348,-0.62201,-0.680198,0.387823,-0.515456,0.728569,0.451131,0.007419,0.022134,0.026346,-0.139843,-0.477499,0.286651,0.402048,-0.195511,-0.012467,0.281578,-0.271219,0.867433,0.417124,-0.530837,-0.496193,0.686978,0.803209,-0.036192,0.594483,-8.5e-05,-0.000906,-0.001132,-0.011204,0.114034,-0.16255,-0.870175,0.024008,0.050963,-0.020526,0.189194,-0.846282,0.498006,0.503369,0.519046,0.690804,-0.843103,0.119985,0.524193,0.007438,-0.000636,-0.001305,-0.003349,0.003356,0.007294,-0.903774,0.044345,0.041285,-0.051318,0.584029,-0.109303,-0.804339,0.588597,0.739383,0.326903,0.558984,-0.664352,0.496157,0.011193,0.009753,0.012312,-0.176549,-0.453976,0.116796,0.358894
636,0.085683,-0.024194,0.313855,-0.570556,0.061278,-0.818997,-0.620122,-0.685965,0.38062,-0.537776,0.724965,0.430406,0.007101,0.021293,0.0251,-0.141398,-0.510344,0.262693,0.390528,-0.195481,-0.012491,0.281529,-0.271189,0.8671,0.417834,-0.53065,-0.496746,0.686723,0.803342,-0.03658,0.594278,-0.000137,-0.001463,-0.001829,0.0,-0.0,-0.0,-0.870968,0.024023,0.050951,-0.02055,0.189087,-0.845829,0.498815,0.50318,0.519679,0.690465,-0.84324,0.120436,0.523869,-8e-05,-0.000864,-0.001079,-0.001577,0.016764,-0.02335,-0.904918,0.044516,0.041658,-0.050785,0.564751,-0.093773,-0.819915,0.58636,0.744719,0.318707,0.580721,-0.660756,0.475566,0.003492,0.010523,0.012399,-0.176796,-0.609422,0.195962,0.343054
637,0.085813,-0.023788,0.314301,-0.560472,0.049386,-0.826727,-0.61726,-0.690446,0.377157,-0.551493,0.721628,0.418493,0.006652,0.019988,0.023454,-0.103698,-1.108895,0.862853,0.385418,-0.195495,-0.012519,0.281496,-0.271169,0.866724,0.418627,-0.530415,-0.497372,0.686452,0.803505,-0.036989,0.594033,-0.000133,-0.001422,-0.001778,0.0,-0.0,-0.0,-0.870415,0.024016,0.050936,-0.020567,0.189022,-0.845396,0.499575,0.503004,0.520291,0.690133,-0.84336,0.120838,0.523584,-8.4e-05,-0.000899,-0.001124,-0.011159,0.11426,-0.162352,-0.905244,0.044582,0.041864,-0.050559,0.554821,-0.08331,-0.827787,0.582886,0.748881,0.315308,0.593646,-0.657446,0.464056,0.0037,0.0152,0.007207,0.116285,-2.36834,2.328691,0.333747
638,0.086084,-0.02304,0.315082,-0.541917,0.01122,-0.840384,-0.601421,-0.703636,0.378366,-0.586412,0.710451,0.389111,0.005294,0.015969,0.018586,-0.314381,-0.798395,0.065928,0.377274,-0.195556,-0.012527,0.281422,-0.271471,0.86737,0.417089,-0.530676,-0.49632,0.687011,0.80323,-0.035924,0.59447,-5e-05,-0.000538,-0.000673,-0.0,-0.0,0.0,-0.873233,0.023985,0.05093,-0.020607,0.189404,-0.846194,0.498077,0.503173,0.519238,0.690802,-0.843174,0.119778,0.524128,-3.2e-05,-0.000355,-0.000445,0.000138,0.003042,-0.003821,-0.90704,0.044717,0.042237,-0.050169,0.533804,-0.047839,-0.844253,0.566543,0.761419,0.315068,0.627759,-0.64649,0.433551,0.002651,0.008029,0.009336,-0.358827,-0.955566,-0.034618,0.32199
639,0.086329,-0.022615,0.315662,-0.521319,-0.031633,-0.852803,-0.584613,-0.714757,0.383825,-0.621046,0.698691,0.355189,0.003636,0.011007,0.012738,-0.435286,-1.043175,-0.074687,0.368138,-0.195559,-0.012532,0.281384,-0.271464,0.86722,0.417407,-0.530624,-0.49657,0.686871,0.803267,-0.036114,0.594409,-6e-05,-0.000643,-0.000805,0.0,-0.0,-0.0,-0.877262,0.023984,0.050928,-0.020625,0.189372,-0.845999,0.49842,0.503142,0.519507,0.690623,-0.843199,0.119992,0.524037,-3.6e-05,-0.000386,-0.000483,-0.011199,0.114252,-0.16248,-0.908837,0.044843,0.042459,-0.049867,0.510726,-0.007663,-0.859708,0.549307,0.772151,0.319443,0.661377,-0.635392,0.398566,0.001609,0.004894,0.005652,-0.493764,-1.149169,-0.171899,0.306314
640,0.08644,-0.022437,0.315825,-0.511159,-0.048586,-0.858138,-0.579938,-0.71739,0.386001,-0.633745,0.695032,0.339596,0.002569,0.007787,0.008994,-0.329783,-0.840107,0.009088,0.368854,-0.19556,-0.012566,0.281375,-0.271455,0.867115,0.417629,-0.530516,-0.496745,0.686827,0.803341,-0.036204,0.594303,-5.8e-05,-0.000618,-0.000773,0.0,-0.0,-0.0,-0.877259,0.023984,0.050911,-0.02063,0.18935,-0.845878,0.498634,0.503049,0.519683,0.690558,-0.84326,0.12008,0.52392,-3.3e-05,-0.000367,-0.000458,3.2e-05,0.000101,2.5e-05,-0.90949,0.044899,0.042551,-0.049783,0.499259,0.009379,-0.866401,0.544599,0.774335,0.322205,0.673907,-0.632705,0.381486,0.001193,0.003633,0.004189,-0.449557,-1.043618,-0.107808,0.302395
641,0.086758,-0.022157,0.315901,-0.489621,-0.081892,-0.868108,-0.574543,-0.718599,0.391775,-0.655302,0.690685,0.305875,0.000872,0.002653,0.003057,-0.317719,-0.720218,-0.185241,0.371676,-0.195548,-0.01256,0.281381,-0.271433,0.866818,0.418261,-0.53033,-0.497241,0.686612,0.803472,-0.036535,0.594106,8e-06,8.1e-05,0.000102,0.0,-0.0,-0.0,-0.876447,0.02399,0.050914,-0.020627,0.189295,-0.845533,0.499239,0.502908,0.520169,0.690295,-0.843356,0.120402,0.52369,6e-06,6.5e-05,8.1e-05,3.5e-05,4.7e-05,6.3e-05,-0.910143,0.045059,0.042693,-0.049743,0.475712,0.040689,-0.878658,0.5393,0.775651,0.3279,0.694875,-0.629847,0.347043,0.00829,0.005339,-0.00372,-0.387253,-1.06059,-0.054027,0.305171
642,0.086929,-0.022212,0.315852,-0.46843,-0.115443,-0.875952,-0.564248,-0.723828,0.397075,-0.679302,0.680397,0.275019,-0.001687,-0.013196,0.00581,-0.361513,-0.849483,-0.056613,0.367902,-0.195525,-0.012569,0.281385,-0.271401,0.866452,0.419039,-0.53008,-0.49785,0.686364,0.803647,-0.036931,0.593844,-1e-06,-1.3e-05,-1.7e-05,0.0,-0.0,-0.0,-0.876002,0.024001,0.05091,-0.020625,0.189222,-0.845109,0.499984,0.502713,0.520769,0.689984,-0.843489,0.120788,0.523388,-1e-06,-2e-06,-3e-06,2.6e-05,3.6e-05,4.8e-05,-0.910143,0.045145,0.042671,-0.049769,0.453127,0.071604,-0.888565,0.528611,0.781031,0.332506,0.717806,-0.620373,0.316055,-0.000547,-0.00167,-0.001934,-0.348393,-0.808345,-0.237479,0.302558
643,0.0868,-0.022438,0.315618,-0.448881,-0.143719,-0.881984,-0.548388,-0.734982,0.398804,-0.705007,0.662861,0.252207,-0.002276,-0.006923,-0.008001,-0.187058,-0.478663,-0.07962,0.366809,-0.195493,-0.012571,0.281363,-0.271369,0.866091,0.419805,-0.529876,-0.498447,0.686088,0.803793,-0.037348,0.593621,-8e-06,-8.2e-05,-0.000102,0.0,-0.0,-0.0,-0.874442,0.024017,0.050908,-0.020636,0.189151,-0.84469,0.500718,0.502564,0.521353,0.689651,-0.843593,0.121195,0.523126,-4e-06,-5.2e-05,-6.5e-05,-0.01123,0.114135,-0.162431,-0.909326,0.045081,0.042557,-0.049879,0.431928,0.098931,-0.896465,0.512188,0.791228,0.334096,0.742361,-0.603464,0.291082,-0.001173,-0.003578,-0.004139,-0.31043,-0.827297,-0.051582,0.298313
644,0.086691,-0.022556,0.315477,-0.440914,-0.152518,-0.884521,-0.546556,-0.736072,0.399307,-0.711431,0.659688,0.24229,-0.017106,-0.00415,-0.006106,-0.090571,-0.26442,0.005812,0.365243,-0.195449,-0.012597,0.281344,-0.271344,0.865911,0.420194,-0.529742,-0.498746,0.685974,0.803889,-0.037546,0.593478,-0.0001,-0.001065,-0.001333,0.0,-0.0,-0.0,-0.872963,0.024039,0.050898,-0.020642,0.189107,-0.844491,0.501071,0.502461,0.521634,0.689514,-0.843664,0.121377,0.522969,0.007491,-0.000104,-0.000638,0.002085,-0.015185,0.029291,-0.909653,0.045031,0.042494,-0.049954,0.422801,0.108276,-0.89973,0.510525,0.791837,0.335198,0.748734,-0.601057,0.279511,-0.001128,-0.003432,-0.003975,-0.096123,-0.40117,0.193884,0.297986
645,0.086429,-0.022904,0.315202,-0.427881,-0.162329,-0.889164,-0.546816,-0.736808,0.397592,-0.719158,0.65653,0.227613,-0.003814,-0.019611,-0.001662,-0.059579,-0.127242,0.096724,0.362514,-0.19537,-0.012611,0.281337,-0.271295,0.865526,0.421016,-0.529483,-0.499381,0.685712,0.804077,-0.037977,0.593196,-1e-06,-6e-06,-8e-06,0.0,-0.0,-0.0,-0.872875,0.024078,0.050888,-0.020649,0.189014,-0.844034,0.501876,0.502254,0.522274,0.689181,-0.843809,0.121804,0.522637,1e-06,1.3e-05,1.5e-05,3.2e-05,1.9e-05,3.9e-05,-0.909,0.044893,0.042322,-0.050097,0.40912,0.116948,-0.904954,0.510759,0.792478,0.333321,0.756138,-0.598582,0.264486,-0.001516,-0.004605,-0.005348,0.00612,-0.18951,0.316359,0.293251
646,0.086093,-0.023379,0.314807,-0.407196,-0.168885,-0.897616,-0.541033,-0.747189,0.385958,-0.735371,0.643008,0.214001,-0.003753,-0.011318,-0.013213,-0.005177,-0.103247,0.136777,0.366272,-0.195313,-0.012623,0.281351,-0.271258,0.865259,0.421589,-0.529274,-0.499823,0.685551,0.804226,-0.03826,0.592975,0.015059,0.000636,-0.000225,0.002045,-0.015205,0.029245,-0.872215,0.024101,0.050881,-0.020643,0.18895,-0.84371,0.502444,0.502079,0.52273,0.688962,-0.843927,0.122088,0.522379,0.000297,-0.005369,0.004287,-0.03628,0.013479,-0.016483,-0.90949,0.044725,0.042081,-0.050291,0.388091,0.121466,-0.913581,0.504311,0.801711,0.320824,0.771398,-0.585238,0.24988,-0.009463,-0.004758,-0.006222,0.014953,-0.128537,0.270908,0.293904
647,0.085907,-0.023572,0.31454,-0.398212,-0.171369,-0.901169,-0.544302,-0.746624,0.38244,-0.737884,0.643011,0.205163,-0.018514,-0.008168,-0.010912,-0.053602,-0.195655,0.04546,0.37562,-0.19529,-0.012641,0.281361,-0.271238,0.865076,0.421977,-0.529118,-0.500125,0.68545,0.804335,-0.038441,0.592815,1e-06,1e-05,1.2e-05,0.0,0.0,0.0,-0.872052,0.024119,0.050874,-0.020636,0.188907,-0.843511,0.502795,0.501954,0.523013,0.688838,-0.844011,0.122253,0.522205,-0.0,3e-06,4e-06,4e-06,1.8e-05,3.3e-05,-0.90949,0.044638,0.041986,-0.050423,0.379287,0.12306,-0.917059,0.50751,0.801058,0.317395,0.773676,-0.5858,0.241376,-0.001834,-0.005544,-0.006483,-0.070593,-0.246032,0.05046,0.299782
648,0.085564,-0.023836,0.314066,-0.39798,-0.171474,-0.901251,-0.543979,-0.746945,0.382271,-0.738247,0.642608,0.205116,-0.017936,-0.006338,-0.008824,0.001527,-0.071156,0.117168,0.383984,-0.195254,-0.012708,0.281391,-0.271193,0.864669,0.422839,-0.528718,-0.5008,0.685266,0.804614,-0.038808,0.592413,-9.3e-05,-0.001001,-0.001253,0.0,0.0,0.0,-0.870208,0.024137,0.050843,-0.020619,0.188818,-0.843039,0.503618,0.501608,0.523691,0.688575,-0.844237,0.122603,0.521758,-5.5e-05,-0.000593,-0.000742,-0.001624,0.016544,-0.023539,-0.910143,0.044464,0.041845,-0.050669,0.379023,0.122881,-0.917191,0.507203,0.80142,0.316968,0.774006,-0.585341,0.241431,-0.001523,-0.004587,-0.005388,0.002709,-0.072101,0.130994,0.318234
649,0.085328,-0.024058,0.313824,-0.391914,-0.177883,-0.902667,-0.541096,-0.74894,0.38246,-0.743595,0.638539,0.198396,-0.001691,-0.005051,-0.005956,-0.003464,0.007339,-0.029035,0.378778,-0.195267,-0.012729,0.281364,-0.271171,0.864299,0.423609,-0.528488,-0.501409,0.684998,0.804772,-0.039205,0.592172,-5.2e-05,-0.000554,-0.000694,0.0,0.0,0.0,-0.866085,0.02413,0.05083,-0.020635,0.188759,-0.842611,0.504357,0.501433,0.52429,0.688247,-0.844354,0.122989,0.521478,-3.2e-05,-0.000347,-0.000433,1.1e-05,3e-06,4.9e-05,-0.90998,0.044339,0.041731,-0.050795,0.37233,0.129006,-0.91909,0.504333,0.803198,0.317048,0.779113,-0.581575,0.233993,-0.008157,-0.000725,-0.001543,0.010819,-0.051113,0.129354,0.320194
650,0.085231,-0.024075,0.313637,-0.38386,-0.186502,-0.904386,-0.53856,-0.750354,0.383267,-0.749619,0.634416,0.188717,-0.000852,-0.002541,-0.003,-0.018494,-0.136299,0.117656,0.373336,-0.195314,-0.012751,0.28134,-0.271156,0.863894,0.424445,-0.528237,-0.502075,0.684704,0.804942,-0.03963,0.591913,-7e-06,-7.3e-05,-9.2e-05,0.0,0.0,0.0,-0.867144,0.024107,0.050818,-0.020648,0.188703,-0.842144,0.505158,0.501242,0.524943,0.687888,-0.84448,0.1234,0.521177,-1e-06,-7e-06,-8e-06,1.9e-05,2.1e-05,3.1e-05,-0.910306,0.044291,0.041722,-0.050889,0.363767,0.137157,-0.921336,0.501768,0.804479,0.317871,0.784794,-0.577928,0.223822,-0.000367,-0.001101,-0.001298,-0.00106,-0.09811,0.139571,0.312682
651,0.08527,-0.024051,0.313542,-0.37845,-0.187384,-0.906481,-0.540363,-0.750387,0.380657,-0.751077,0.634118,0.183861,0.000262,0.008857,-0.010869,0.025698,-0.23517,0.373841,0.370821,-0.195336,-0.012737,0.281343,-0.271154,0.863758,0.424723,-0.528174,-0.502297,0.68459,0.804984,-0.039782,0.591846,-0.014987,0.000169,0.001233,-0.002045,0.015205,-0.029245,-0.867911,0.024095,0.050825,-0.020647,0.188687,-0.841987,0.505424,0.501201,0.525159,0.687753,-0.844508,0.12355,0.521096,-0.007491,0.000106,0.000643,-0.002038,0.015226,-0.029216,-0.910959,0.044311,0.041732,-0.050931,0.358609,0.137675,-0.923278,0.503439,0.804374,0.315485,0.786096,-0.577951,0.219145,0.007317,-0.001814,-0.001446,-0.010448,-0.441679,0.842064,0.3086
652,0.085513,-0.024059,0.313427,-0.367696,-0.189111,-0.910539,-0.544062,-0.750322,0.375481,-0.753754,0.633685,0.174139,0.014891,-0.002834,-0.001961,-0.020919,-0.167945,0.228024,0.366067,-0.195371,-0.012743,0.281338,-0.271143,0.863456,0.425344,-0.527988,-0.502792,0.684371,0.805111,-0.040097,0.591652,-1.9e-05,-0.000199,-0.000249,0.0,0.0,0.0,-0.867123,0.024078,0.050823,-0.020648,0.188644,-0.841639,0.506019,0.50106,0.525644,0.687485,-0.844601,0.123856,0.520871,-1e-05,-0.000121,-0.000151,9e-06,1e-05,3.3e-05,-0.908673,0.044426,0.041732,-0.050993,0.348162,0.138802,-0.927101,0.506913,0.804038,0.310743,0.788556,-0.578149,0.209574,3.1e-05,3.8e-05,4.9e-05,-0.095622,-1.456171,2.57394,0.300109
653,0.085752,-0.024017,0.3134,-0.362665,-0.193158,-0.911706,-0.545437,-0.749239,0.375647,-0.755202,0.63375,0.167506,0.015451,-0.001148,2.6e-05,-0.016444,-0.073472,0.028847,0.367261,-0.195359,-0.012765,0.281342,-0.271118,0.863185,0.425907,-0.527779,-0.503234,0.684207,0.805255,-0.040367,0.591437,-0.0,-4e-06,-6e-06,0.0,0.0,0.0,-0.863204,0.024084,0.050811,-0.020647,0.188592,-0.841327,0.506558,0.500889,0.526083,0.687274,-0.844714,0.124115,0.520627,1e-06,8e-06,9e-06,1.5e-05,1.8e-05,2.1e-05,-0.909,0.044546,0.041751,-0.051007,0.342204,0.142139,-0.928812,0.508646,0.803112,0.310305,0.790047,-0.578624,0.20253,0.000112,0.000331,0.000387,9.5e-05,-0.111908,0.164692,0.299293
654,0.08594,-0.023982,0.313347,-0.361676,-0.192793,-0.912177,-0.545642,-0.749559,0.374711,-0.755529,0.633483,0.16704,0.015045,-0.002358,-0.001407,0.000724,-0.015361,0.029179,0.362873,-0.195348,-0.01278,0.28134,-0.271096,0.862922,0.426455,-0.527596,-0.503664,0.684032,0.805383,-0.04064,0.591244,-6.3e-05,-0.000673,-0.000843,0.0,0.0,0.0,-0.862024,0.02409,0.050806,-0.020646,0.188541,-0.841022,0.507082,0.500744,0.526508,0.687054,-0.844811,0.124381,0.520406,-4.2e-05,-0.000448,-0.000561,1.4e-05,4e-06,3.3e-05,-0.908836,0.044641,0.041773,-0.051029,0.341366,0.141362,-0.929239,0.508777,0.80348,0.309135,0.790325,-0.578304,0.202359,8.1e-05,0.000235,0.000271,0.004442,0.010721,0.006162,0.297986
655,0.086324,-0.023902,0.313107,-0.358723,-0.197722,-0.912288,-0.545913,-0.748321,0.376786,-0.756744,0.633435,0.161639,0.014181,-0.004952,-0.004479,-0.019495,-0.050079,-0.02426,0.34138,-0.195347,-0.012792,0.281358,-0.27107,0.862594,0.427135,-0.527351,-0.5042,0.683825,0.805552,-0.040968,0.590992,6.3e-05,0.000673,0.000843,0.0,0.0,0.0,-0.863934,0.02409,0.050797,-0.02064,0.188482,-0.840643,0.507733,0.500547,0.527038,0.686792,-0.844941,0.124697,0.520119,3.7e-05,0.00039,0.000491,8e-06,1.8e-05,1.4e-05,-0.909653,0.04484,0.041816,-0.051145,0.338032,0.146307,-0.929691,0.509192,0.802339,0.311405,0.791489,-0.578657,0.196718,0.007076,-0.002529,-0.002309,-0.005993,-0.019937,-0.006793,0.279371
656,0.086638,-0.02368,0.312758,-0.356026,-0.208907,-0.910851,-0.545282,-0.745121,0.383973,-0.758472,0.633631,0.152507,0.01577,0.007953,-0.010572,0.012849,0.189592,-0.782444,0.327684,-0.195331,-0.012808,0.281419,-0.273225,0.861859,0.427244,-0.52834,-0.505495,0.682104,0.804178,-0.040443,0.592896,5.9e-05,0.000633,0.000792,0.009085,-0.008514,-0.006614,-0.864597,0.024098,0.05079,-0.020608,0.190813,-0.839976,0.507966,0.501915,0.528202,0.684897,-0.843606,0.124269,0.522385,3e-05,0.00033,0.000414,-0.016201,0.003339,0.002709,-0.909653,0.044989,0.041918,-0.051323,0.334012,0.157152,-0.929375,0.509164,0.799683,0.318212,0.793213,-0.579491,0.187087,0.000457,0.005363,-0.004328,0.12858,1.138056,-2.502823,0.253734
657,0.086966,-0.023202,0.312339,-0.350437,-0.221721,-0.909988,-0.540276,-0.745786,0.389714,-0.764635,0.628488,0.142696,0.00192,0.022013,-0.016654,0.045711,-0.095472,-0.003039,0.320957,-0.195267,-0.012837,0.281527,-0.273196,0.861812,0.427359,-0.52812,-0.50558,0.682211,0.804331,-0.0404,0.59269,5.4e-05,0.00058,0.000726,2e-06,-2e-06,-1e-06,-0.861254,0.02413,0.050776,-0.020553,0.190649,-0.839949,0.508072,0.501505,0.528266,0.685147,-0.843886,0.124178,0.521952,0.000284,-0.005501,0.004123,-0.036853,0.013931,-0.016112,-0.90753,0.045159,0.042161,-0.051534,0.328343,0.17033,-0.929073,0.503867,0.800385,0.324809,0.798941,-0.574779,0.176977,0.000972,0.011024,-0.008313,0.075983,-0.029786,0.038824,0.240835
658,0.087083,-0.022972,0.312092,-0.34792,-0.223935,-0.910412,-0.540296,-0.745705,0.389842,-0.765772,0.627802,0.139591,0.001316,0.020186,-0.018811,0.062507,-0.052988,0.021725,0.314708,-0.195242,-0.012839,0.281557,-0.273182,0.86172,0.427554,-0.528021,-0.50573,0.682176,0.804401,-0.04048,0.59259,6.2e-05,0.000669,0.000837,0.0,-0.0,-0.0,-0.858737,0.024143,0.050775,-0.020538,0.190617,-0.839844,0.508258,0.501417,0.528414,0.685097,-0.843946,0.124258,0.521836,0.007535,0.000375,-4.4e-05,0.002044,-0.014992,0.029368,-0.908836,0.045218,0.042272,-0.051647,0.325842,0.172117,-0.929624,0.50389,0.800372,0.324804,0.79995,-0.574264,0.174067,0.007581,0.003062,-0.006375,0.047048,0.006367,0.035424,0.233976
659,0.087176,-0.022663,0.311538,-0.334891,-0.244861,-0.90991,-0.527993,-0.751051,0.39638,-0.780038,0.613472,0.123371,-0.000563,0.00639,-0.013789,-0.23874,-0.807164,-0.250296,0.30689,-0.195175,-0.012853,0.281551,-0.273139,0.861382,0.42826,-0.527793,-0.506276,0.681948,0.804566,-0.040847,0.592341,-1.7e-05,-0.000183,-0.00023,0.0,-0.0,-0.0,-0.854615,0.024176,0.050769,-0.02054,0.190532,-0.839454,0.508934,0.50124,0.528948,0.684814,-0.84407,0.124619,0.52155,-1.5e-05,-0.000159,-0.000201,4.6e-05,0.000107,8e-05,-0.909,0.045266,0.04243,-0.051919,0.313166,0.189695,-0.93056,0.491022,0.806377,0.329626,0.81291,-0.560153,0.159385,-0.000344,0.002977,-0.007156,-0.081615,-0.300607,-0.184592,0.221566
660,0.087299,-0.022546,0.311129,-0.324889,-0.26773,-0.907091,-0.524455,-0.747134,0.408301,-0.786636,0.60871,0.103456,0.015001,0.005688,-0.013267,-0.140215,-0.483232,-0.219728,0.305334,-0.195118,-0.012876,0.281551,-0.273101,0.861091,0.428869,-0.527572,-0.506747,0.681769,0.804723,-0.041148,0.592107,-0.0,-3e-06,-4e-06,0.0,-0.0,-0.0,-0.855055,0.024204,0.050756,-0.020542,0.190462,-0.839117,0.509516,0.501061,0.529414,0.684585,-0.844192,0.124911,0.521282,0.0,0.0,-0.0,5.3e-05,6.4e-05,8.5e-05,-0.907367,0.04532,0.042486,-0.052136,0.300786,0.214335,-0.929294,0.488135,0.802505,0.343087,0.819299,-0.556817,0.136758,-0.000465,-0.001441,-0.001712,-0.226499,-0.557736,-0.359893,0.211279
661,0.087301,-0.022461,0.311021,-0.321792,-0.272573,-0.906752,-0.524978,-0.745623,0.410385,-0.787562,0.60842,0.097973,-0.000175,-0.000531,-0.00063,-0.045831,-0.117734,-0.069342,0.306285,-0.195119,-0.012867,0.281545,-0.273094,0.860967,0.429123,-0.527517,-0.506946,0.681664,0.804762,-0.041291,0.592044,-0.0,-0.0,-0.0,0.0,-0.0,-0.0,-0.855084,0.024204,0.050761,-0.020544,0.190442,-0.838974,0.509758,0.501026,0.529607,0.684462,-0.844217,0.125052,0.521207,-0.000256,0.005827,-0.003714,0.036368,-0.013377,0.016614,-0.909,0.045326,0.042528,-0.052198,0.296922,0.219902,-0.929235,0.48885,0.800929,0.345742,0.820281,-0.556916,0.130314,0.000418,0.005305,-0.004399,0.019153,-0.177414,0.153345,0.210626
662,0.087197,-0.022443,0.311001,-0.319182,-0.274576,-0.90707,-0.525666,-0.745097,0.41046,-0.788168,0.608166,0.094619,-0.000223,-0.000677,-0.000803,-9.8e-05,-0.000254,-0.00015,0.314106,-0.195132,-0.012895,0.281512,-0.273071,0.860582,0.42991,-0.52728,-0.507568,0.681384,0.804925,-0.041696,0.591794,-0.000131,-0.00142,-0.001778,-0.001638,0.016514,-0.023559,-0.848795,0.024198,0.05075,-0.020558,0.190379,-0.838541,0.510493,0.500852,0.530201,0.684129,-0.844335,0.125437,0.520924,-2.1e-05,-0.000231,-0.000292,3.8e-05,5.1e-05,6e-05,-0.909816,0.045281,0.042544,-0.052207,0.294694,0.220999,-0.929685,0.489373,0.800728,0.345467,0.820773,-0.55677,0.127819,-0.000154,-0.000469,-0.000555,0.003405,0.009933,0.005843,0.215851
663,0.0869,-0.022516,0.310987,-0.314783,-0.275246,-0.908403,-0.522573,-0.748682,0.407876,-0.791987,0.603439,0.09297,-0.000741,-0.00224,-0.00266,-0.0,-0.0,-0.0,0.319782,-0.195158,-0.012933,0.281465,-0.273053,0.860231,0.430624,-0.527065,-0.508134,0.681129,0.805073,-0.042061,0.591568,-0.000127,-0.001371,-0.001718,0.0,-0.0,-0.0,-0.827926,0.024184,0.050729,-0.020583,0.190323,-0.838126,0.511195,0.500685,0.53077,0.68381,-0.844447,0.125803,0.520655,-6.8e-05,-0.000738,-0.000923,3.1e-05,3.2e-05,4.9e-05,-0.90704,0.045128,0.042507,-0.052207,0.29021,0.221188,-0.931049,0.486111,0.803974,0.342521,0.824301,-0.551997,0.125799,-0.007894,2.4e-05,-0.000656,-0.001994,0.030462,-0.05482,0.223526
664,0.086724,-0.02248,0.310839,-0.315285,-0.275537,-0.908141,-0.522176,-0.748683,0.408385,-0.79205,0.603307,0.093303,-0.000622,-0.001876,-0.00223,-0.0,-0.0,-0.0,0.321363,-0.19515,-0.012946,0.281432,-0.273036,0.860014,0.431066,-0.526954,-0.50848,0.680957,0.805151,-0.042304,0.591444,-1.7e-05,-0.000178,-0.000223,0.0,-0.0,-0.0,-0.825137,0.024189,0.05072,-0.020603,0.190284,-0.837877,0.511618,0.500607,0.531107,0.683605,-0.844501,0.126041,0.520508,-7e-06,-7.5e-05,-9.3e-05,3.4e-05,2.1e-05,5.3e-05,-0.907857,0.045039,0.042523,-0.052283,0.290713,0.221517,-0.930814,0.485739,0.803978,0.343038,0.824344,-0.551859,0.126127,-0.000378,-0.001146,-0.001358,-0.000542,0.00021,7.1e-05,0.231037
665,0.086654,-0.022495,0.310768,-0.315629,-0.2757,-0.907972,-0.522004,-0.748623,0.408715,-0.792026,0.603307,0.093504,-0.000893,-0.002693,-0.003203,-0.0,-0.0,-0.0,0.319686,-0.19514,-0.012963,0.28141,-0.273022,0.859866,0.43137,-0.526863,-0.508717,0.68085,0.805215,-0.042464,0.591346,-7.7e-05,-0.000827,-0.001036,0.0,-0.0,-0.0,-0.825092,0.024194,0.050713,-0.020612,0.190255,-0.837706,0.511908,0.500539,0.531339,0.683475,-0.844548,0.126196,0.520394,-4e-05,-0.000432,-0.000541,2.4e-05,3.1e-05,4e-05,-0.908673,0.045004,0.042518,-0.052317,0.291052,0.221707,-0.930663,0.485582,0.803929,0.343375,0.824316,-0.551853,0.126328,-0.007985,-0.000244,-0.000979,-0.001819,0.029617,-0.054254,0.231037
666,0.08649,-0.022627,0.310585,-0.313396,-0.280344,-0.907323,-0.517658,-0.750575,0.410657,-0.795756,0.598727,0.091238,-0.016541,-0.002166,-0.003975,-0.008656,0.010722,-0.065357,0.317878,-0.195129,-0.012982,0.281401,-0.272994,0.859524,0.432069,-0.526633,-0.509267,0.680617,0.805375,-0.042815,0.591102,-1e-06,-9e-06,-1.2e-05,0.0,-0.0,-0.0,-0.82419,0.024199,0.050702,-0.020618,0.190192,-0.837311,0.512577,0.500358,0.531881,0.683186,-0.84467,0.126536,0.520115,2e-06,2.1e-05,2.5e-05,2.1e-05,2.9e-05,4e-05,-0.909816,0.044929,0.042455,-0.052404,0.288373,0.226525,-0.930337,0.481231,0.805701,0.345343,0.827802,-0.547295,0.123332,-0.000678,-0.002049,-0.002439,0.002226,0.002674,0.001427,0.229078
667,0.086472,-0.022627,0.310344,-0.308255,-0.28986,-0.906093,-0.513764,-0.750896,0.414938,-0.800279,0.593783,0.083679,-0.000644,-0.001939,-0.002314,-0.0253,-0.064988,-0.03834,0.312905,-0.19514,-0.012963,0.28141,-0.272986,0.859341,0.432439,-0.526542,-0.509559,0.680469,0.805437,-0.043016,0.591003,3.9e-05,0.000418,0.000524,0.0,-0.0,-0.0,-0.824924,0.024194,0.050712,-0.020613,0.190164,-0.837101,0.512931,0.500296,0.532164,0.68301,-0.844713,0.126733,0.519997,2.4e-05,0.000238,0.0003,2.9e-05,2.8e-05,1.5e-05,-0.910306,0.044912,0.042447,-0.052534,0.282673,0.236091,-0.929707,0.477404,0.806038,0.349838,0.831974,-0.542736,0.115134,0.000119,0.004398,-0.005478,0.026518,-0.045088,-0.000244,0.226138
668,0.086495,-0.022582,0.310271,-0.306805,-0.292311,-0.905799,-0.513976,-0.750109,0.416099,-0.800703,0.59358,0.081027,-0.000122,-0.000366,-0.000437,-0.012239,-0.031461,-0.01857,0.298995,-0.19514,-0.012963,0.28141,-0.272976,0.85921,0.432706,-0.526462,-0.509769,0.680373,0.805493,-0.043154,0.590917,1e-06,6e-06,8e-06,-0.011303,0.113974,-0.162585,-0.824176,0.024194,0.050713,-0.020612,0.190142,-0.83695,0.513186,0.500236,0.532371,0.682894,-0.844754,0.126868,0.519898,-0.0,-1e-06,-1e-06,-0.011274,0.113989,-0.16256,-0.910796,0.044922,0.042468,-0.052573,0.281147,0.238386,-0.929584,0.477648,0.805388,0.350999,0.83235,-0.542697,0.112568,0.000453,0.005404,-0.004282,0.038825,-0.012388,0.019294,0.218137
669,0.086472,-0.022578,0.310274,-0.30173,-0.297788,-0.905719,-0.500521,-0.759066,0.416255,-0.811088,0.579296,0.081115,-0.015878,-0.008259,0.0102,1.466109,-0.657229,-0.17976,0.259539,-0.195129,-0.012954,0.281404,-0.272957,0.858965,0.433204,-0.526334,-0.510159,0.68018,0.805583,-0.043427,0.590774,0.0,0.0,0.0,0.0,0.0,0.0,-0.822783,0.024199,0.050717,-0.020615,0.190098,-0.836668,0.513662,0.500145,0.532751,0.682664,-0.844818,0.127133,0.51973,-0.0,-2e-06,-4e-06,4e-06,2.3e-05,3.5e-05,-0.909653,0.044918,0.042476,-0.052572,0.27782,0.241472,-0.929788,0.468259,0.811075,0.350556,0.838778,-0.532774,0.112261,2e-05,5.3e-05,6e-05,0.00012,0.002322,0.000874,0.173232
670,0.086431,-0.022558,0.310293,-0.301523,-0.303416,-0.903918,-0.49512,-0.760362,0.420329,-0.814471,0.574662,0.080168,0.00013,0.000391,0.000466,-0.043647,-0.111936,-0.066089,0.246703,-0.195085,-0.012937,0.281389,-0.278007,0.857064,0.433756,-0.52318,-0.513692,0.679954,0.805917,-0.038975,0.590629,0.0,0.0,0.0,-0.0,-0.0,-0.0,-0.822584,0.024221,0.050726,-0.020622,0.195201,-0.834985,0.514486,0.497214,0.536419,0.681933,-0.845383,0.122695,0.519875,-1e-06,-1e-06,-3e-06,-0.000249,0.000152,0.000382,-0.911123,0.044892,0.042483,-0.052558,0.27559,0.248899,-0.928493,0.458205,0.815092,0.354502,0.845043,-0.523137,0.110584,9.2e-05,0.000268,0.000318,-0.057929,-0.146522,-0.080167,0.136655
671,0.086447,-0.022533,0.310292,-0.30544,-0.304985,-0.902073,-0.488094,-0.763271,0.423266,-0.817243,0.569955,0.085398,0.014975,-0.002555,-0.00165,0.420351,1.256708,-2.38869,0.242006,-0.195063,-0.012942,0.281381,-0.277992,0.856946,0.433999,-0.523108,-0.513879,0.679868,0.80597,-0.039105,0.590549,-8e-06,-8.1e-05,-0.000102,-0.0,-0.0,-0.0,-0.822592,0.024232,0.050723,-0.020627,0.195169,-0.83485,0.514716,0.497159,0.536599,0.681831,-0.845423,0.122823,0.51978,-5e-06,-4.8e-05,-6e-05,2.5e-05,0.0001,0.00011,-0.912266,0.044895,0.042498,-0.052556,0.277161,0.249329,-0.927909,0.452116,0.818303,0.354922,0.847803,-0.517894,0.114076,3.6e-05,0.000101,0.000121,0.133993,-0.066263,-0.008693,0.128491
672,0.086554,-0.022605,0.310218,-0.306242,-0.308491,-0.900608,-0.487395,-0.761841,0.426633,-0.817359,0.569985,0.084075,0.013863,-0.00591,-0.005658,-0.114859,-0.296828,-0.170452,0.244131,-0.195029,-0.012951,0.281384,-0.277963,0.856711,0.434482,-0.522941,-0.514254,0.679713,0.806087,-0.039348,0.590372,5.3e-05,0.000571,0.000716,0.0,0.0,0.0,-0.823266,0.024249,0.050717,-0.020627,0.195114,-0.834579,0.515177,0.497027,0.536967,0.681637,-0.845514,0.12306,0.519578,3.6e-05,0.000391,0.00049,5e-05,6.2e-05,8.2e-05,-0.913409,0.044955,0.042466,-0.052588,0.28055,0.253548,-0.925745,0.450362,0.816949,0.360233,0.847623,-0.517984,0.115007,0.006898,-0.003066,-0.002962,-0.169685,-0.415734,-0.240462,0.121959
