frame,MLTx,MLTy,MLTz,MLTR1,MLTR2,MLTR3,MLTR4,MLTR5,MLTR6,MLTR7,MLTR8,MLTR9,MLTTVx,MLTTVy,MLTTVz,MLTRVx,MLTRVy,MLTRVz,MLGA,MRTx,MRTy,MRTz,MRTR1,MRTR2,MRTR3,MRTR4,MRTR5,MRTR6,MRTR7,MRTR8,MRTR9,MRTTVx,MRTTVy,MRTTVz,MRTRVx,MRTRVy,MRTRVz,MRGA,SLTx,SLTy,SLTz,SLTR1,SLTR2,SLTR3,SLTR4,SLTR5,SLTR6,SLTR7,SLTR8,SLTR9,SLTTVx,SLTTVy,SLTTVz,SLTRVx,SLTRVy,SLTRVz,SLGA,SRTx,SRTy,SRTz,SRTR1,SRTR2,SRTR3,SRTR4,SRTR5,SRTR6,SRTR7,SRTR8,SRTR9,SRTTVx,SRTTVy,SRTTVz,SRTRVx,SRTRVy,SRTRVz,SRGA
1034,0.173433,0.000864,0.293773,-0.29096,-0.157124,-0.943769,-0.388154,-0.88221,0.266485,-0.874117,0.444055,0.196877,0.026244,0.069254,-0.086562,0.039161,-0.991538,-0.501996,0.347691,-0.191411,0.007162,0.333008,-0.661612,-0.409179,0.628358,0.725877,-0.559315,0.400255,0.188493,0.721429,0.666239,-0.022068,0.047074,-0.117082,0.013509,0.276503,0.651573,0.506346,0.030168,0.046585,-0.001203,0.659345,0.545516,0.517372,-0.744407,0.570195,0.347468,-0.105454,-0.614238,0.782042,-0.010968,0.023515,-0.058533,-0.145795,0.469522,0.746269,0.498728,0.086174,0.04313,-0.070578,0.346329,0.133794,-0.928522,0.386078,0.881743,0.271056,0.854985,-0.452357,0.253718,0.013187,0.034672,-0.04324,0.025302,-1.105554,-0.539349,0.337829
1035,0.17423,0.003898,0.29059,-0.288128,-0.188804,-0.938819,-0.375516,-0.879573,0.292081,-0.880553,0.436928,0.183702,0.012158,0.07878,-0.0755,0.062567,-0.742736,-0.679479,0.252602,-0.192259,0.009643,0.328219,-0.678069,-0.410217,0.609865,0.717758,-0.54778,0.429761,0.158618,0.72965,0.665068,-0.02267,0.077658,-0.126419,-0.946641,-0.560474,-0.203549,0.489094,0.029735,0.047834,-0.003649,0.675505,0.543384,0.498422,-0.733464,0.564522,0.378609,-0.07564,-0.621327,0.779891,-0.01125,0.039072,-0.062975,-0.973863,-0.555615,-0.201846,0.488278,0.086578,0.044637,-0.072181,0.344085,0.164704,-0.924379,0.371881,0.880079,0.295237,0.862153,-0.445346,0.241572,0.006071,0.045716,-0.040901,0.227724,-0.328528,-0.335331,0.207197
1036,0.174328,0.00573,0.28907,-0.29307,-0.198394,-0.935305,-0.36777,-0.879581,0.301755,-0.882184,0.432654,0.185983,-0.001969,0.085001,-0.068031,0.219623,-0.060446,-0.350512,0.2094,-0.192618,0.011259,0.325717,-0.691807,-0.402489,0.599496,0.706782,-0.546954,0.44859,0.148203,0.734548,0.662071,-0.022316,0.082715,-0.122007,-0.347834,0.426642,1.166551,0.471858,0.029571,0.048577,-0.004811,0.687368,0.537852,0.488097,-0.723428,0.566782,0.394218,-0.064614,-0.624076,0.778686,-0.004299,0.041001,-0.061761,-1.436652,-0.968738,0.618846,0.473581,0.086633,0.04551,-0.07292,0.347512,0.176715,-0.920872,0.363752,0.879766,0.306097,0.864244,-0.441342,0.241449,-0.000922,0.042603,-0.033919,0.21589,-0.231062,-0.214326,0.144983
1037,0.174054,0.009205,0.286775,-0.31033,-0.201052,-0.929149,-0.369601,-0.874972,0.312716,-0.875472,0.440705,0.19838,-0.015533,0.084045,-0.048081,0.238099,0.153751,-0.226455,0.030327,-0.193034,0.014917,0.32102,-0.714883,-0.389274,0.580861,0.686909,-0.545723,0.479871,0.131077,0.742529,0.656759,0.005064,0.103877,-0.122766,0.030738,0.124937,1.040894,0.430756,0.029344,0.050427,-0.007207,0.711663,0.520757,0.471535,-0.700928,0.571491,0.426728,-0.047257,-0.634199,0.771723,-0.00416,0.052399,-0.060506,-0.037083,0.130697,1.276814,0.426554,0.0865,0.047283,-0.074106,0.364608,0.17876,-0.913841,0.364618,0.875623,0.316761,0.856804,-0.448696,0.25408,-0.000524,0.042603,-0.023599,0.241971,0.022426,-0.026658,-0.039862
1038,0.173251,0.012472,0.285493,-0.332875,-0.193142,-0.923003,-0.39904,-0.857995,0.323393,-0.853985,0.476201,0.209686,-0.02857,0.073646,-0.018587,-1.363645,0.700143,0.104376,-0.100314,-0.192896,0.019141,0.316481,-0.73779,-0.362542,0.569404,0.662508,-0.550008,0.508436,0.129766,0.752799,0.645227,0.019227,0.113969,-0.114125,-0.153007,0.367352,1.068945,0.398324,0.029409,0.052534,-0.009481,0.735527,0.494862,0.462721,-0.675946,0.582183,0.451839,-0.045791,-0.645115,0.762711,0.003206,0.051638,-0.052465,-0.207978,0.451609,1.127176,0.373321,0.086104,0.048917,-0.074762,0.386338,0.171087,-0.90635,0.391845,0.859119,0.329197,0.834985,-0.48233,0.26487,-0.014342,0.037153,-0.008938,-4.940612,1.938915,0.917385,-0.241526
1039,0.172562,0.013913,0.285277,-0.343928,-0.182259,-0.921162,-0.415235,-0.85034,0.323223,-0.84179,0.493888,0.217925,-0.042132,0.067863,-0.004474,-4.90416,2.005228,1.220086,-0.153858,-0.19251,0.021333,0.314379,-0.745568,-0.34752,0.568638,0.652215,-0.555203,0.516043,0.137302,0.756045,0.639849,0.033501,0.107778,-0.102412,0.447072,2.031105,-1.002945,0.393889,0.029596,0.053631,-0.010537,0.74623,0.479479,0.461778,-0.663668,0.589851,0.460022,-0.05181,-0.64975,0.758379,0.009825,0.059876,-0.054318,-0.0843,0.122932,1.181843,0.359278,0.085749,0.049666,-0.074877,0.397331,0.16005,-0.90361,0.407703,0.85137,0.33007,0.822134,-0.499552,0.273023,-0.021118,0.034444,-0.001657,-4.909319,1.993327,1.218539,-0.297861
1040,0.171738,0.015244,0.285334,-0.353646,-0.170019,-0.919822,-0.427201,-0.845445,0.32046,-0.83171,0.506486,0.227503,-0.041473,0.06113,0.008075,0.16663,0.293536,0.045159,-0.224465,-0.191922,0.023491,0.312452,-0.751969,-0.334819,0.567829,0.643313,-0.560142,0.521847,0.144276,0.758115,0.635854,0.033632,0.112456,-0.097875,0.157184,-0.028503,0.736878,0.376922,0.030256,0.05573,-0.012358,0.756581,0.455976,0.46869,-0.650198,0.600751,0.465124,-0.06948,-0.656645,0.750991,0.024196,0.047056,-0.039729,0.193941,-0.024417,0.506334,0.316496,0.085353,0.05031,-0.07485,0.407053,0.146886,-0.901516,0.421342,0.845507,0.328005,0.810418,-0.513362,0.282277,-0.020622,0.025298,0.008304,0.129318,0.347496,0.057809,-0.346522
1041,0.168983,0.018094,0.28713,-0.378715,-0.12628,-0.916883,-0.453614,-0.838183,0.302746,-0.806281,0.530718,0.261294,-0.05347,0.029757,0.053045,-1.451749,1.062446,0.388593,-0.47884,-0.189529,0.028885,0.308022,-0.751238,-0.310361,0.582502,0.637065,-0.571273,0.517426,0.173114,0.76018,0.626116,0.049336,0.07784,-0.058066,0.618535,1.687148,-1.534615,-0.007143,0.031081,0.05742,-0.013731,0.755718,0.444337,0.481097,-0.64886,0.60753,0.458134,-0.088715,-0.658385,0.747434,0.024728,0.038874,-0.029117,0.302638,-0.276196,0.36179,0.058497,0.083981,0.051747,-0.073968,0.431,0.10307,-0.896445,0.447165,0.838494,0.311399,0.783761,-0.535072,0.315301,-0.026911,0.020652,0.022924,-4.959518,2.139462,1.574867,-0.525978
1042,0.167931,0.018733,0.288137,-0.38684,-0.108999,-0.915707,-0.458837,-0.838594,0.293598,-0.799434,0.533868,0.275532,-0.066988,0.021165,0.063403,0.199013,0.978268,0.420892,-0.58465,-0.188549,0.0305,0.30703,-0.746553,-0.307733,0.589874,0.639675,-0.575363,0.509614,0.183495,0.758157,0.625612,0.050154,0.075281,-0.04248,0.335093,0.446406,-0.367909,-0.210533,0.031571,0.05822,-0.01424,0.750459,0.442929,0.490535,-0.653233,0.609936,0.448624,-0.100487,-0.657107,0.747068,0.031576,0.044667,-0.024313,0.643539,1.622922,-1.494753,-0.097119,0.08346,0.052073,-0.073465,0.438109,0.087652,-0.894637,0.454169,0.837284,0.304442,0.775751,-0.539696,0.327013,-0.026484,0.017254,0.028886,0.087715,0.522009,0.170839,-0.591784
1043,0.165738,0.019938,0.290676,-0.395017,-0.074559,-0.915668,-0.472011,-0.838615,0.271851,-0.787677,0.53968,0.297217,-0.051916,0.028436,0.069645,0.24096,0.355252,1.059448,-0.98553,-0.186342,0.033714,0.305872,-0.719114,-0.317129,0.6183,0.663973,-0.57567,0.477156,0.20551,0.754052,0.623726,0.051511,0.067768,-0.013753,0.896123,1.697495,-2.104012,-0.989749,0.032694,0.059855,-0.014835,0.7241,0.45451,0.518747,-0.678637,0.603678,0.418359,-0.123008,-0.654975,0.745571,0.025831,0.034671,-0.006213,0.986722,1.614572,-2.138372,-0.403615,0.082359,0.052677,-0.072193,0.44682,0.052662,-0.893072,0.468349,0.836769,0.283666,0.762233,-0.545017,0.349221,-0.025922,0.014876,0.035567,0.387551,-0.761081,2.628827,-0.808471
1044,0.163688,0.021036,0.29359,-0.398496,-0.035464,-0.916509,-0.487417,-0.838278,0.244307,-0.776464,0.544118,0.317909,-0.064939,0.021384,0.080571,0.401888,-0.926147,2.461612,-1.558104,-0.183799,0.036504,0.305671,-0.672684,-0.322911,0.665744,0.696308,-0.580336,0.422254,0.250836,0.748002,0.614359,0.078471,0.0736,0.006788,0.721339,0.165504,-0.932807,-1.399066,0.033966,0.061242,-0.014943,0.679135,0.465154,0.567808,-0.714182,0.597347,0.364855,-0.169465,-0.653304,0.737885,0.039293,0.037728,0.004161,0.820777,0.130353,-1.008946,-0.699825,0.081339,0.053234,-0.070734,0.45177,0.013253,-0.892035,0.484789,0.835731,0.257937,0.748921,-0.548978,0.371133,-0.025557,0.016535,0.036613,0.253074,0.883136,0.656285,-1.081003
1045,0.161682,0.021974,0.296819,-0.40144,0.005954,-0.91589,-0.508374,-0.833239,0.217349,-0.761369,0.552857,0.338666,-0.050304,0.012811,0.089293,-0.346507,0.842468,0.698342,-1.914321,-0.180831,0.03903,0.306775,-0.655516,-0.338876,0.674872,0.708902,-0.583896,0.395547,0.260823,0.738122,0.622102,0.079861,0.052837,0.039956,0.168186,0.208972,-0.645356,-1.402778,0.035396,0.062471,-0.014415,0.661631,0.482457,0.574001,-0.728144,0.596166,0.338218,-0.179024,-0.641732,0.74574,0.039975,0.02683,0.020314,0.225967,0.044697,-0.567664,-0.971377,0.08035,0.053698,-0.069153,0.451312,-0.027096,-0.891954,0.506332,0.830835,0.230955,0.734809,-0.555858,0.388685,-0.025257,0.01256,0.041452,-5.036144,1.617107,2.172992,-1.06549
1046,0.160753,0.022378,0.298438,-0.405339,0.019228,-0.913989,-0.510633,-0.83403,0.208854,-0.757781,0.551341,0.349024,-0.049863,0.015281,0.09105,0.041048,0.518034,0.401136,-1.918026,-0.179502,0.039912,0.307709,-0.649173,-0.346003,0.677382,0.714405,-0.582841,0.387111,0.261666,0.735653,0.624667,0.080953,0.034766,0.058269,0.132812,0.191788,-0.715613,-1.402857,0.036086,0.062942,-0.013937,0.654718,0.489214,0.576206,-0.734141,0.593038,0.330668,-0.179944,-0.639511,0.747425,0.033613,0.024204,0.026924,0.247463,0.000131,-0.605539,-0.997503,0.079866,0.053908,-0.068313,0.455491,-0.042915,-0.889204,0.510741,0.830702,0.221533,0.729157,-0.55506,0.400296,-0.025018,0.007273,0.045227,0.091455,0.665366,0.472763,-1.06353
1047,0.158823,0.022993,0.301954,-0.405802,0.050499,-0.912589,-0.52225,-0.832217,0.186119,-0.749576,0.552061,0.365228,-0.049383,0.015625,0.089951,0.057599,0.544574,0.443619,-1.918642,-0.176869,0.041326,0.310469,-0.638687,-0.353697,0.683351,0.724121,-0.576389,0.378627,0.260745,0.737088,0.62336,0.06796,0.035063,0.075351,0.095058,-0.029837,-0.413378,-1.403484,0.037434,0.063667,-0.01253,0.643706,0.496812,0.582081,-0.744056,0.584164,0.324239,-0.178945,-0.641816,0.745686,0.033967,0.018184,0.038196,0.169133,-0.080105,-0.453486,-0.955211,0.078883,0.054226,-0.066516,0.45525,-0.074079,-0.887276,0.523716,0.828187,0.199567,0.720046,-0.555534,0.415829,-0.024748,0.007769,0.044977,0.078253,0.593551,0.46394,-1.064184
1048,0.156953,0.02332,0.305501,-0.400837,0.072381,-0.91331,-0.529579,-0.831753,0.166448,-0.747109,0.550295,0.372869,-0.049275,0.012657,0.085835,-0.041441,0.16251,0.333339,-1.918524,-0.17434,0.042356,0.313826,-0.629834,-0.357268,0.689682,0.731762,-0.570413,0.372945,0.260938,0.740015,0.619801,0.067922,0.030237,0.086655,-0.015756,-0.067212,-0.173293,-1.403093,0.038699,0.064188,-0.010847,0.634724,0.501214,0.58814,-0.751683,0.57694,0.319551,-0.179158,-0.644922,0.742951,0.033926,0.015545,0.043651,0.002612,-0.081948,-0.183139,-0.965825,0.077968,0.054392,-0.064768,0.450238,-0.096359,-0.887694,0.532092,0.827316,0.180072,0.717052,-0.55341,0.42376,-0.024722,0.000848,0.046959,-0.062444,0.279001,0.237822,-1.065817
1049,0.156021,0.023352,0.30731,-0.39976,0.081447,-0.913019,-0.533168,-0.830866,0.159268,-0.745134,0.550356,0.376711,-0.035777,0.009194,0.081858,-0.055579,0.260702,0.170565,-1.918545,-0.173049,0.042731,0.31576,-0.62688,-0.361333,0.690254,0.734817,-0.568426,0.369959,0.259452,0.739574,0.620948,0.068317,0.020921,0.094904,0.099352,-0.240399,-0.306094,-1.402772,0.039298,0.064367,-0.009951,0.632188,0.50378,0.588679,-0.754155,0.574364,0.318363,-0.177731,-0.645221,0.743034,0.034131,0.01069,0.04764,0.173372,-0.333203,-0.388869,-0.974153,0.077515,0.054413,-0.063892,0.448862,-0.104913,-0.88742,0.53595,0.826249,0.173406,0.715038,-0.553448,0.4271,-0.024796,-0.000653,0.045275,-0.040693,0.287706,0.392227,-1.065163
1050,0.154369,0.023095,0.310655,-0.393402,0.092397,-0.914737,-0.540703,-0.827921,0.148855,-0.743094,0.553042,0.376806,-0.036207,-0.007107,0.084079,-0.156362,-0.044618,0.16596,-1.917789,-0.170847,0.043042,0.319585,-0.613451,-0.367731,0.698887,0.744924,-0.563049,0.357767,0.2627,0.740543,0.618424,0.056603,-0.005072,0.106814,0.400897,2.040941,-2.019986,-1.402837,0.040425,0.064546,-0.007996,0.619791,0.512918,0.593947,-0.763989,0.567366,0.307269,-0.179382,-0.644212,0.743513,0.027807,0.003562,0.049996,-0.184607,-0.061507,-0.007288,-0.968111,0.076657,0.054288,-0.062155,0.44254,-0.116448,-0.889155,0.544282,0.822889,0.163124,0.712681,-0.55614,0.427542,-0.018192,-0.003884,0.041773,-0.180697,-0.092103,0.125619,-1.053407
1051,0.152842,0.022562,0.313961,-0.388695,0.100949,-0.915844,-0.54377,-0.827541,0.139509,-0.743338,0.552106,0.377696,-0.036512,-0.011217,0.079711,-0.143328,0.018545,0.174371,-1.917602,-0.168735,0.042757,0.323737,-0.601666,-0.37451,0.7055,0.750883,-0.56613,0.340006,0.272808,0.73478,0.620916,0.057118,-0.021082,0.109558,1.344685,0.986448,0.047945,-1.402864,0.041459,0.06442,-0.005954,0.60613,0.521975,0.600123,-0.773473,0.562644,0.291838,-0.185324,-0.641071,0.744769,0.021674,-0.004939,0.051482,0.221365,-0.273225,-0.767269,-0.965335,0.075921,0.054029,-0.060563,0.437918,-0.124481,-0.890355,0.547477,0.822474,0.154284,0.713089,-0.555012,0.428327,-0.0185,-0.012284,0.04284,-0.169275,-0.05779,0.334193,-1.054386
1052,0.151528,0.02176,0.31707,-0.384628,0.11051,-0.916458,-0.542458,-0.830337,0.127481,-0.746409,0.546031,0.380461,-0.037007,-0.016339,0.074697,-0.135544,0.049039,0.194405,-1.916203,-0.166967,0.041917,0.327796,-0.593173,-0.383368,0.707931,0.755815,-0.567827,0.32596,0.277749,0.728888,0.625653,0.044232,-0.026494,0.105756,0.014994,-0.213143,-0.503711,-1.402584,0.04237,0.064002,-0.003882,0.597551,0.527197,0.604148,-0.777342,0.565672,0.275232,-0.196648,-0.634095,0.747831,0.022536,-0.019541,0.056183,0.092452,-0.218759,-0.773504,-0.963866,0.075251,0.053627,-0.058975,0.433741,-0.134209,-0.890985,0.546932,0.825049,0.141975,0.716053,-0.54889,0.431262,-0.011985,-0.0151,0.04006,-0.179487,0.053315,0.17547,-1.052263
1053,0.150966,0.021238,0.318531,-0.383001,0.116229,-0.916432,-0.537147,-0.835104,0.118516,-0.751071,0.537502,0.383421,-0.037502,-0.030465,0.07983,-0.107589,0.282941,0.291165,-1.916135,-0.166195,0.041255,0.329874,-0.590143,-0.385701,0.709194,0.755759,-0.572594,0.317643,0.28429,0.723911,0.628486,0.032515,-0.042232,0.110874,0.097046,-0.342258,-0.66671,-1.402526,0.042772,0.063662,-0.002802,0.594403,0.529154,0.60554,-0.778053,0.56876,0.266728,-0.203267,-0.629687,0.749783,0.016195,-0.021564,0.055078,0.213256,-0.452221,-0.72927,-0.968274,0.074956,0.05336,-0.058217,0.431785,-0.139439,-0.891132,0.542222,0.829657,0.132905,0.720802,-0.540579,0.43384,-0.01883,-0.015519,0.03969,-0.099439,0.309292,0.302058,-1.056183
1054,0.149961,0.019877,0.321525,-0.381066,0.131584,-0.91516,-0.536649,-0.837481,0.102983,-0.752411,0.530196,0.390892,-0.024502,-0.035473,0.075166,-0.084268,0.247952,0.544359,-1.916283,-0.164771,0.039601,0.333932,-0.579262,-0.397252,0.711784,0.762218,-0.573277,0.300517,0.289379,0.717104,0.633944,0.045343,-0.049316,0.104404,0.108018,-0.359757,-0.698494,-1.40236,0.043467,0.062857,-0.000811,0.583207,0.539863,0.606973,-0.785068,0.56652,0.250445,-0.208656,-0.622577,0.754227,0.016264,-0.025061,0.052406,0.146967,-0.417099,-0.74882,-0.984113,0.074462,0.052691,-0.056749,0.42963,-0.154127,-0.889753,0.542349,0.831855,0.117784,0.721993,-0.533161,0.440981,-0.012474,-0.024053,0.040935,-0.068549,0.549043,0.440151,-1.053733
1055,0.149209,0.018311,0.324363,-0.379935,0.146916,-0.913297,-0.536051,-0.839582,0.087884,-0.75341,0.522777,0.39888,-0.01163,-0.041334,0.069941,-0.057641,0.360637,0.618996,-1.916312,-0.163557,0.037632,0.337822,-0.572805,-0.409432,0.710107,0.766326,-0.574767,0.286917,0.291375,0.709027,0.642063,0.032869,-0.056222,0.100469,-0.079239,-0.318323,-0.207142,-1.402276,0.044079,0.061874,0.001135,0.575073,0.552838,0.603042,-0.790427,0.565566,0.235285,-0.210986,-0.611968,0.76222,0.009547,-0.023349,0.046207,-0.041114,-0.221786,-0.436628,-0.989992,0.074081,0.051912,-0.055327,0.427838,-0.168478,-0.888013,0.542587,0.833629,0.103254,0.722878,-0.526001,0.448072,-0.005891,-0.020955,0.034738,-0.065142,0.495687,0.471086,-1.048834
1056,0.148936,0.0175,0.325684,-0.380727,0.149258,-0.912586,-0.530427,-0.843615,0.083256,-0.756978,0.515569,0.401496,-0.0119,-0.043427,0.068164,0.026952,0.170992,0.439201,-1.916192,-0.163052,0.036619,0.33966,-0.57025,-0.415567,0.708597,0.767917,-0.575838,0.280441,0.292194,0.70458,0.64657,0.019306,-0.048677,0.091082,-0.077536,-0.169277,-0.391072,-1.402086,0.044343,0.061346,0.002091,0.571946,0.558682,0.600626,-0.792509,0.565295,0.228849,-0.211677,-0.606891,0.766078,0.009598,-0.024726,0.045245,-0.122119,-0.128179,-0.368811,-0.990645,0.073945,0.051506,-0.054667,0.428831,-0.171723,-0.886912,0.537475,0.8376,0.097699,0.726101,-0.51859,0.451486,-0.006042,-0.022145,0.033724,0.396895,0.414395,0.201819,-1.048181
1057,0.148631,0.01605,0.328089,-0.379306,0.15306,-0.912549,-0.528167,-0.845565,0.077653,-0.759269,0.511238,0.402707,0.001656,-0.03436,0.058263,-0.166679,-0.063588,0.164158,-1.916612,-0.162154,0.034677,0.343051,-0.56277,-0.43211,0.704672,0.775984,-0.569739,0.270518,0.285275,0.699589,0.655025,0.018478,-0.042206,0.079922,-0.055209,-0.259251,-0.181276,-1.402408,0.044785,0.060388,0.003754,0.563225,0.573611,0.594767,-0.80052,0.557188,0.220699,-0.204802,-0.600426,0.773009,0.009198,-0.021676,0.03954,-0.042917,-0.188222,-0.375852,-0.991788,0.073787,0.050773,-0.053464,0.427621,-0.176503,-0.886558,0.535617,0.83952,0.091211,0.728185,-0.513859,0.453534,-0.00603,-0.017237,0.029159,-0.185179,-0.074988,0.084701,-1.045405
1058,0.148532,0.015047,0.330071,-0.377727,0.155653,-0.912764,-0.528968,-0.845332,0.07469,-0.7595,0.510838,0.402779,-0.011654,-0.012711,0.041723,-0.105857,0.028832,-0.03249,-1.915913,-0.161354,0.033115,0.345983,-0.561486,-0.440415,0.700542,0.777811,-0.56962,0.265474,0.282812,0.694496,0.661481,0.017555,-0.033525,0.070244,-0.122275,-0.133069,-0.064898,-1.402344,0.045185,0.059599,0.00522,0.56101,0.581372,0.589299,-0.8027,0.556048,0.215598,-0.202336,-0.593983,0.778616,0.00875,-0.017458,0.034627,-0.155144,-0.090333,-0.079193,-0.987869,0.073742,0.050264,-0.052467,0.425745,-0.178784,-0.887004,0.536673,0.83914,0.088456,0.728506,-0.513692,0.453209,0.000803,-0.01234,0.02448,-0.143213,0.020771,-0.025447,-1.048834
1059,0.148507,0.014493,0.331631,-0.378372,0.157018,-0.912264,-0.527739,-0.846232,0.073175,-0.760033,0.508926,0.404192,0.001958,-0.003306,0.031982,-0.067069,0.008651,0.020312,-1.914873,-0.160587,0.032199,0.348379,-0.561877,-0.446235,0.696534,0.777949,-0.571115,0.261831,0.281651,0.689539,0.667137,0.015511,-0.012275,0.053372,-0.0891,-0.0875,-0.016798,-1.402742,0.04557,0.05913,0.006422,0.560795,0.586452,0.584449,-0.803138,0.556844,0.21188,-0.20119,-0.588215,0.783278,0.014041,-0.005629,0.02651,-0.133608,0.022015,-0.116053,-0.990319,0.073724,0.049981,-0.051685,0.426452,-0.180283,-0.886361,0.535522,0.840049,0.086791,0.72894,-0.511678,0.454786,0.000962,-0.001566,0.016065,-0.076455,-0.015169,0.006558,-1.049978
1060,0.148545,0.014402,0.332284,-0.379231,0.154954,-0.91226,-0.523907,-0.848573,0.073596,-0.76225,0.505652,0.404124,0.015712,0.007349,0.023297,-0.033203,-0.030701,0.060942,-1.911472,-0.160204,0.031992,0.349363,-0.558836,-0.450419,0.696287,0.780145,-0.570075,0.257531,0.281624,0.687681,0.669063,0.014522,-0.002914,0.044017,0.058987,-0.161836,-0.28138,-1.402826,0.045761,0.059025,0.006919,0.557861,0.589446,0.584246,-0.805188,0.555019,0.208866,-0.201153,-0.586946,0.784238,0.007748,-0.007143,0.025957,0.122766,-0.361661,-0.186066,-0.991951,0.073737,0.04993,-0.051356,0.427294,-0.178005,-0.886416,0.531705,0.842435,0.087134,0.731238,-0.508544,0.454614,0.000988,-0.001381,0.016195,-0.075475,0.10141,-0.156487,-1.049978
1061,0.148658,0.014483,0.333441,-0.37996,0.15303,-0.912281,-0.520693,-0.850502,0.074141,-0.764085,0.502995,0.403976,0.002364,0.009591,0.025184,-0.033635,-0.031539,0.055646,-1.898883,-0.159526,0.031923,0.350897,-0.560391,-0.449464,0.695655,0.778521,-0.572277,0.25756,0.283029,0.686474,0.669709,0.013633,0.003368,0.0325,-0.064365,-0.029595,0.038518,-1.402611,0.0461,0.058991,0.007692,0.559098,0.589144,0.583367,-0.803977,0.557147,0.207864,-0.20256,-0.585231,0.785158,0.006778,0.001917,0.016396,-0.09295,0.078666,-0.095209,-0.990808,0.073799,0.049968,-0.05078,0.428038,-0.176041,-0.886449,0.52848,0.844425,0.087491,0.733137,-0.50592,0.45448,0.000985,-0.001408,0.016121,-0.069834,-0.001257,0.013887,-1.050304
1062,0.148744,0.014691,0.334504,-0.381761,0.15847,-0.910599,-0.52247,-0.84967,0.071116,-0.761971,0.502709,0.408302,0.002303,0.009162,0.024712,-0.032036,-0.007463,0.036737,-1.88788,-0.158908,0.032304,0.351934,-0.562402,-0.446211,0.696125,0.776041,-0.575263,0.258392,0.285847,0.686096,0.6689,0.012576,0.013119,0.023336,-0.041744,0.053168,-0.084989,-1.402658,0.046409,0.059174,0.008212,0.561516,0.585921,0.58429,-0.801567,0.560437,0.208324,-0.205396,-0.585326,0.78435,0.006302,0.005873,0.011198,-0.030921,-0.035252,0.061717,-0.991788,0.073842,0.050076,-0.050238,0.429728,-0.181759,-0.884475,0.530455,0.843501,0.084386,0.730718,-0.505438,0.458891,0.001138,0.004614,0.012384,-0.042622,-0.034868,0.021134,-1.05112
1063,0.148765,0.014781,0.335043,-0.383413,0.163886,-0.908945,-0.523617,-0.849244,0.067693,-0.760352,0.501685,0.412558,0.002043,-0.002447,0.032384,0.009302,0.310189,0.208999,-1.880262,-0.15863,0.032583,0.352307,-0.562429,-0.446179,0.696124,0.776154,-0.574955,0.258737,0.285486,0.686375,0.668768,0.012682,0.010244,0.021363,-0.043623,0.068116,-0.109552,-1.402618,0.046553,0.059321,0.008408,0.561509,0.585883,0.584335,-0.801666,0.560148,0.208718,-0.20503,-0.585639,0.784211,0.006336,0.004921,0.010537,-0.043018,0.068385,-0.108475,-0.992278,0.073852,0.050123,-0.049981,0.43074,-0.185905,-0.88312,0.531613,0.843024,0.081829,0.72928,-0.504725,0.461955,0.001141,0.004628,0.012366,0.106623,0.479738,0.334861,-1.050304
1064,0.148708,0.014875,0.336214,-0.386004,0.171981,-0.906349,-0.525939,-0.84817,0.062992,-0.757431,0.500781,0.418978,-0.011344,-0.001154,0.03349,0.044291,0.469236,0.268377,-1.858239,-0.15821,0.033067,0.35285,-0.562306,-0.446152,0.696241,0.776385,-0.574499,0.259058,0.285099,0.686774,0.668522,0.011896,0.014608,0.008677,-0.007153,0.058368,-0.090967,-1.402495,0.046758,0.05956,0.008673,0.561477,0.585832,0.584417,-0.801785,0.559824,0.209133,-0.204654,-0.586001,0.78404,0.005967,0.006726,0.003945,0.004416,-0.030031,0.05444,-0.992441,0.073828,0.050169,-0.049408,0.432638,-0.192877,-0.880694,0.534056,0.841844,0.077984,0.726366,-0.504079,0.467221,0.001087,0.00422,0.011979,-0.037302,-0.006194,0.040067,-1.048998
1065,0.148468,0.014813,0.337541,-0.393067,0.174999,-0.902729,-0.528004,-0.846679,0.065711,-0.75234,0.502252,0.426327,-0.01102,0.0013,0.035355,-0.120224,0.253901,-0.109015,-1.853021,-0.157925,0.033331,0.353152,-0.562268,-0.448294,0.694895,0.776549,-0.574934,0.257598,0.284728,0.685015,0.670483,0.012227,0.007529,0.003969,0.045842,-0.075035,-0.010747,-1.402625,0.0469,0.059698,0.008833,0.56118,0.587814,0.58271,-0.802056,0.56006,0.207456,-0.204407,-0.583787,0.785754,-0.000185,0.003565,0.002349,0.042668,-0.074607,-0.017765,-0.991788,0.073704,0.050133,-0.048723,0.440336,-0.198295,-0.875661,0.536227,0.840335,0.079353,0.720113,-0.504495,0.476361,-0.005522,0.000718,0.017737,-0.135032,0.244449,-0.134644,-1.048998
1066,0.148027,0.014673,0.339264,-0.402046,0.174147,-0.898931,-0.530232,-0.844648,0.073456,-0.745995,0.505953,0.433047,-0.010475,-0.004015,0.047989,-0.372878,0.474885,-0.642416,-1.824645,-0.157725,0.033423,0.353394,-0.562998,-0.44816,0.69439,0.776224,-0.575014,0.258398,0.28417,0.685035,0.670699,-0.00026,0.005098,0.003363,0.001886,-0.015002,0.024531,-1.402453,0.047005,0.05974,0.008945,0.561891,0.587563,0.582277,-0.801716,0.560217,0.208344,-0.203787,-0.583888,0.78584,0.006156,0.002744,0.001302,0.002992,-0.028797,0.054829,-0.992604,0.073491,0.050061,-0.047902,0.446664,-0.19852,-0.872399,0.538267,0.838498,0.084785,0.714673,-0.507455,0.481383,-0.005203,-0.001535,0.024382,-0.110245,-0.021101,0.009774,-1.044915
1067,0.147786,0.014653,0.340221,-0.406553,0.175153,-0.896706,-0.5313,-0.84375,0.076015,-0.742782,0.507102,0.437207,-0.009885,0.000544,0.051488,-0.098665,0.02593,0.030988,-1.794261,-0.157636,0.033434,0.35351,-0.56326,-0.448114,0.694206,0.776136,-0.574972,0.258754,0.283888,0.685101,0.670751,0.012321,0.00541,0.00256,0.002045,-0.015205,0.029245,-1.402601,0.047049,0.059744,0.009008,0.56216,0.587489,0.582092,-0.801606,0.560231,0.208731,-0.203479,-0.583949,0.785875,0.00616,0.002635,0.00123,0.00217,-0.014948,0.029679,-0.989012,0.073366,0.050044,-0.04741,0.453539,-0.198549,-0.868838,0.538866,0.837581,0.089885,0.709876,-0.508954,0.486867,-0.00497,0.00027,0.025757,-0.108367,-0.003938,0.019533,-1.035281
1068,0.147345,0.014685,0.342448,-0.409339,0.177064,-0.895061,-0.534233,-0.841737,0.077747,-0.739138,0.509772,0.440266,-0.009338,0.004517,0.054289,-0.064276,0.157289,0.112429,-1.74148,-0.15744,0.03346,0.35379,-0.563982,-0.44799,0.6937,0.775869,-0.574919,0.259669,0.283184,0.685225,0.670922,-0.000285,0.005497,0.003616,0.001878,-0.014969,0.024552,-1.402441,0.047148,0.059749,0.009143,0.562857,0.587324,0.581585,-0.801295,0.560344,0.209619,-0.202774,-0.584007,0.786014,0.006671,-0.00237,0.005663,-0.032361,-0.020562,0.035331,-0.990155,0.073145,0.050067,-0.046316,0.455857,-0.199702,-0.867359,0.541505,0.835625,0.092203,0.706375,-0.511711,0.489065,-0.011342,0.003005,0.027833,-0.025015,0.296479,0.154258,-1.02679
1069,0.147108,0.014618,0.344647,-0.411728,0.177388,-0.893901,-0.532857,-0.84257,0.078172,-0.738802,0.508282,0.442547,-0.009448,0.003389,0.05311,-0.096695,0.030225,0.035405,-1.683559,-0.157197,0.033466,0.353995,-0.564591,-0.447873,0.693281,0.775631,-0.5749,0.260424,0.282622,0.685318,0.671063,0.012386,0.003918,0.00157,0.002045,-0.015205,0.029245,-1.402376,0.047269,0.059759,0.00925,0.563476,0.587169,0.581142,-0.801004,0.560481,0.210362,-0.202201,-0.584032,0.786142,0.006193,0.001897,0.000739,0.002186,-0.015154,0.029398,-0.992115,0.073025,0.05004,-0.045167,0.458437,-0.200821,-0.865739,0.540332,0.836395,0.092109,0.705603,-0.510013,0.491944,-0.004759,0.001684,0.026555,-0.109242,-0.001021,0.018821,-1.017156
1070,0.147177,0.014268,0.346866,-0.414875,0.180493,-0.891822,-0.53217,-0.843125,0.076868,-0.737534,0.506262,0.446956,0.003026,-0.013447,0.056565,-0.132267,0.041762,0.020536,-1.650224,-0.156843,0.033446,0.354058,-0.565293,-0.447713,0.692812,0.775254,-0.575114,0.261073,0.282253,0.685243,0.671295,7.7e-05,-0.001439,-0.000945,-0.00188,0.014951,-0.024563,-1.40258,0.047441,0.059753,0.009284,0.564166,0.586977,0.580667,-0.800612,0.560822,0.210945,-0.201832,-0.583897,0.786337,0.006826,-0.005208,0.003797,-0.034333,-0.005707,0.010613,-0.991788,0.073059,0.049877,-0.044073,0.461454,-0.204026,-0.863384,0.539643,0.837001,0.090633,0.704162,-0.507742,0.496339,0.001483,-0.006716,0.028294,-0.147234,-0.011144,0.024744,-1.019769
1071,0.147308,0.013933,0.347949,-0.418034,0.188296,-0.888728,-0.534776,-0.841807,0.07313,-0.733854,0.505603,0.453708,0.002468,-0.017821,0.05319,0.001153,0.571392,0.331477,-1.628575,-0.156653,0.033431,0.354033,-0.565627,-0.447628,0.692593,0.77504,-0.575294,0.261309,0.282169,0.685147,0.671429,0.012678,-0.001522,-0.002007,0.000163,-0.000254,0.004683,-1.402474,0.047536,0.059746,0.009272,0.564497,0.586877,0.580446,-0.8004,0.561053,0.211137,-0.20175,-0.583775,0.786449,0.006318,-0.000365,-0.000747,0.002127,-0.015175,0.029326,-0.991788,0.07312,0.049723,-0.043547,0.463419,-0.209419,-0.861037,0.542106,0.835633,0.088527,0.700973,-0.507799,0.500775,0.00123,-0.008686,0.026767,-0.140456,0.042091,0.024659,-1.021565
1072,0.147698,0.013114,0.349774,-0.423297,0.201304,-0.88337,-0.539472,-0.839302,0.067184,-0.72737,0.504737,0.464974,0.014711,-0.027041,0.046018,-0.08259,0.239247,0.139705,-1.58829,-0.156269,0.03332,0.353929,-0.566225,-0.447471,0.692207,0.774657,-0.575618,0.261733,0.282023,0.684978,0.671663,0.012774,-0.003109,-0.003055,0.002045,-0.015205,0.029245,-1.402335,0.047728,0.059687,0.009218,0.56507,0.586699,0.580068,-0.80003,0.561455,0.211472,-0.201612,-0.583568,0.786638,0.006414,-0.002018,-0.001838,0.000214,-0.000233,0.004742,-0.992605,0.073322,0.049303,-0.042592,0.469196,-0.224993,-0.853951,0.547443,0.832879,0.081346,0.692936,-0.505657,0.513954,0.007267,-0.013989,0.022652,-0.104828,0.184409,0.112476,-1.023361
1073,0.148266,0.012233,0.351336,-0.431672,0.221566,-0.874422,-0.544297,-0.836966,0.056564,-0.718799,0.500083,0.482983,0.014597,-0.018579,0.035734,0.021918,0.500967,0.314241,-1.563066,-0.155892,0.033165,0.353797,-0.566698,-0.447336,0.691907,0.774352,-0.575875,0.262071,0.281913,0.68485,0.67184,0.00028,-0.004949,-0.003263,-0.001885,0.014951,-0.024563,-1.402269,0.047922,0.059609,0.009151,0.565575,0.586535,0.579741,-0.799702,0.561809,0.211768,-0.201494,-0.583391,0.786799,0.006398,-0.001624,-0.001584,0.002078,-0.015193,0.029281,-0.994237,0.073599,0.048862,-0.041829,0.476382,-0.244149,-0.84466,0.552637,0.830334,0.071675,0.68385,-0.500935,0.530482,0.013852,-0.010286,0.017007,0.075453,0.674426,0.413217,-1.030709
1074,0.148578,0.01186,0.352024,-0.435831,0.231586,-0.86975,-0.546497,-0.835877,0.051221,-0.714606,0.497347,0.491947,0.01457,-0.01879,0.035573,0.054241,0.630533,0.386811,-1.547192,-0.155708,0.033105,0.353743,-0.566907,-0.447273,0.691776,0.774216,-0.575989,0.262222,0.281866,0.684794,0.671916,0.012773,-0.002791,-0.002855,0.002045,-0.015205,0.029245,-1.402377,0.048009,0.059576,0.009122,0.565746,0.586475,0.579635,-0.79959,0.561929,0.21187,-0.201458,-0.583336,0.786849,0.000127,-0.002183,-0.001446,-0.001859,0.01496,-0.024524,-0.994074,0.073755,0.048672,-0.041488,0.479817,-0.253371,-0.839986,0.555071,0.829101,0.06698,0.679463,-0.498391,0.538456,0.007206,-0.009854,0.017435,0.048388,0.671843,0.384155,-1.034138
1075,0.149267,0.011461,0.353246,-0.443121,0.248927,-0.861234,-0.550083,-0.834042,0.041899,-0.707331,0.492002,0.507586,0.015104,-0.004705,0.029403,0.00163,0.265132,0.202818,-1.50001,-0.155356,0.033073,0.353693,-0.567515,-0.447118,0.691378,0.773826,-0.576317,0.262651,0.281713,0.684619,0.672158,0.01257,0.000803,-0.000486,0.002045,-0.015205,0.029245,-1.402216,0.04819,0.059555,0.009094,0.566364,0.586289,0.57922,-0.799192,0.56236,0.212231,-0.201302,-0.583108,0.787058,0.006278,0.000541,-0.000157,0.002075,-0.015207,0.029265,-0.994891,0.074087,0.048462,-0.040891,0.486996,-0.272183,-0.829909,0.559282,0.827017,0.056956,0.670848,-0.491891,0.554981,0.007523,-0.002426,0.014639,0.016546,0.454207,0.083349,-1.034138
1076,0.149902,0.01155,0.354231,-0.451691,0.259473,-0.853636,-0.551819,-0.833048,0.038711,-0.70052,0.488211,0.520528,0.015465,0.008278,0.02235,0.008076,0.252209,-0.007772,-1.452375,-0.154998,0.033108,0.353698,-0.568303,-0.446931,0.690851,0.77333,-0.576723,0.26322,0.281485,0.684399,0.672478,0.012531,0.00145,-6e-05,0.002045,-0.015205,0.029245,-1.402319,0.048364,0.059574,0.009098,0.56712,0.586074,0.578698,-0.798712,0.562869,0.212688,-0.201081,-0.582833,0.787319,0.00626,0.000836,3.8e-05,0.002067,-0.015218,0.02926,-0.992115,0.074421,0.048503,-0.040377,0.494889,-0.282861,-0.821628,0.561397,0.825792,0.05385,0.663262,-0.48791,0.567473,0.007728,0.004254,0.01125,-0.006066,0.210911,-0.026311,-1.033485
1077,0.150172,0.011686,0.354685,-0.45363,0.261433,-0.852009,-0.55215,-0.832845,0.038363,-0.699005,0.487509,0.523216,0.015373,0.007702,0.021878,-0.028204,-0.010103,0.072582,-1.418458,-0.15483,0.033136,0.353703,-0.568701,-0.446838,0.690584,0.773076,-0.576936,0.263497,0.28138,0.68428,0.672644,-2.3e-05,0.00038,0.000251,0.0,0.0,0.0,-1.402375,0.048448,0.059589,0.009101,0.56751,0.585963,0.578427,-0.79846,0.563141,0.212913,-0.200977,-0.582682,0.787457,0.006262,0.000797,1.2e-05,0.00206,-0.015198,0.029257,-0.992768,0.074551,0.048571,-0.040156,0.496723,-0.284869,-0.819826,0.561777,0.825555,0.053514,0.661567,-0.487142,0.570105,0.007681,0.003937,0.010993,-0.052899,0.034206,-0.12641,-1.032342
1078,0.150665,0.012032,0.355423,-0.45653,0.262875,-0.850013,-0.552252,-0.832747,0.03901,-0.69703,0.4869,0.526408,0.014939,0.004338,0.019342,-0.038689,0.08338,-0.136018,-1.327541,-0.154629,0.033108,0.353668,-0.566756,-0.446486,0.692408,0.773789,-0.576865,0.261554,0.28334,0.68457,0.671525,0.000134,-0.002213,-0.001462,0.0,0.0,-0.0,-1.402225,0.048553,0.059582,0.009087,0.565715,0.585781,0.580368,-0.799234,0.562738,0.211068,-0.202955,-0.583254,0.786525,4.5e-05,-0.000728,-0.000485,-0.000183,-0.00031,0.00025,-0.994401,0.074798,0.048751,-0.039782,0.499167,-0.285949,-0.817963,0.561886,0.825427,0.054336,0.659632,-0.486726,0.572697,0.007585,0.008106,0.005761,0.001143,-0.050068,0.075446,-1.019932
1079,0.150927,0.012381,0.356003,-0.459561,0.261471,-0.848812,-0.552323,-0.832529,0.042519,-0.694978,0.488029,0.528073,0.001573,0.013793,0.009966,0.001439,-0.028453,0.050106,-1.244287,-0.154595,0.033007,0.353599,-0.566693,-0.446492,0.692455,0.773828,-0.576832,0.261513,0.283362,0.684593,0.671492,0.00021,-0.003456,-0.002285,-0.001892,0.01495,-0.024563,-1.402332,0.04857,0.059531,0.009052,0.565656,0.585791,0.580415,-0.79927,0.562698,0.211038,-0.202974,-0.583283,0.786499,7.4e-05,-0.001223,-0.00081,-2e-06,-6e-06,2.6e-05,-0.994401,0.074933,0.048921,-0.039489,0.502287,-0.284398,-0.816593,0.56166,0.825329,0.058037,0.657453,-0.487799,0.574288,0.000636,0.000842,0.008802,-0.032775,-0.001879,0.008099,-1.012584
1080,0.151025,0.01262,0.356494,-0.468783,0.257247,-0.845051,-0.552248,-0.831975,0.053025,-0.688844,0.491211,0.533134,0.001232,0.010844,0.007802,-1.189273,1.428996,-2.007315,-1.147608,-0.154701,0.032881,0.353525,-0.566292,-0.446577,0.692729,0.77408,-0.576618,0.261236,0.283472,0.684718,0.671318,0.000167,-0.002767,-0.001831,0.0,0.0,0.0,-1.402379,0.048517,0.059463,0.009012,0.565247,0.585897,0.580706,-0.799531,0.562415,0.210803,-0.20309,-0.583448,0.786347,8.6e-05,-0.001412,-0.000933,5e-06,4e-06,6e-06,-0.994237,0.074982,0.049042,-0.039242,0.509134,-0.281251,-0.813436,0.561247,0.825009,0.066035,0.65252,-0.490159,0.577892,0.000538,-2.6e-05,0.008162,-0.036381,0.094409,-0.162008,-1.001643
1081,0.151006,0.01274,0.356704,-0.473779,0.254891,-0.842977,-0.551915,-0.831822,0.058613,-0.685684,0.492699,0.535829,0.000966,-0.00116,0.015516,-0.141873,0.129462,-0.175785,-1.10764,-0.154744,0.032812,0.353483,-0.566034,-0.446628,0.692907,0.774242,-0.576481,0.261058,0.283545,0.6848,0.671203,0.000182,-0.003026,-0.002004,0.0,0.0,0.0,-1.402307,0.048496,0.059428,0.008991,0.564994,0.58596,0.580888,-0.799691,0.562242,0.210659,-0.203163,-0.583552,0.786251,9.3e-05,-0.001548,-0.001024,8e-06,7e-06,1e-06,-0.994074,0.074974,0.049106,-0.039135,0.516266,-0.277889,-0.81009,0.560318,0.824956,0.074099,0.647698,-0.492163,0.581602,0.000458,-0.000726,0.007651,-0.147418,0.136117,-0.185531,-0.995602
1082,0.150852,0.013104,0.35703,-0.487719,0.248076,-0.837038,-0.549803,-0.83202,0.073703,-0.677549,0.49584,0.543229,-0.011935,0.011754,0.00866,-0.037346,0.137558,-0.232322,-1.043283,-0.154774,0.032691,0.353406,-0.565794,-0.446674,0.693073,0.774392,-0.576355,0.260895,0.283614,0.684877,0.671096,0.000121,-0.002026,-0.001343,0.0,0.0,0.0,-1.402206,0.048481,0.059366,0.008952,0.56476,0.586017,0.581058,-0.799839,0.562082,0.210526,-0.203231,-0.58365,0.786161,5.9e-05,-0.000971,-0.000644,-5e-06,1e-06,1e-05,-0.993584,0.0749,0.049278,-0.038979,0.529848,-0.271215,-0.803555,0.55742,0.825452,0.088945,0.639173,-0.495045,0.588545,0.000622,0.005512,0.003946,-0.110604,0.10752,-0.14107,-0.996091
1083,0.150666,0.013647,0.357435,-0.507529,0.240488,-0.82742,-0.550253,-0.829398,0.096391,-0.662455,0.503909,0.554306,0.001828,0.015946,0.011352,-1.194287,1.540244,-2.179983,-1.008864,-0.154734,0.032643,0.353371,-0.565753,-0.446676,0.693106,0.774417,-0.576333,0.260868,0.28363,0.684894,0.671072,9e-06,-0.000148,-9.8e-05,0.0,0.0,0.0,-1.40203,0.048501,0.05934,0.008933,0.564721,0.586021,0.581093,-0.799863,0.562055,0.210505,-0.203246,-0.583671,0.786141,0.006288,0.000523,-0.000166,0.002052,-0.015205,0.029245,-0.992441,0.074801,0.049541,-0.038782,0.54709,-0.264694,-0.794121,0.556947,0.823329,0.109264,0.624901,-0.502061,0.597855,-0.005574,0.009246,0.006713,-0.01187,0.186247,-0.331307,-1.003276
1084,0.150581,0.013992,0.357756,-0.520477,0.234031,-0.821205,-0.54706,-0.829793,0.110182,-0.655004,0.506301,0.560943,-0.010786,0.021379,0.015417,-1.193184,1.54541,-2.181928,-1.005328,-0.154706,0.032653,0.353375,-0.565831,-0.446658,0.693053,0.774367,-0.576375,0.260923,0.283609,0.68487,0.671105,-3.3e-05,0.00055,0.000365,0.0,0.0,0.0,-1.402145,0.048515,0.059346,0.008935,0.564798,0.586,0.581039,-0.799814,0.562108,0.210549,-0.203226,-0.583641,0.786169,-2.3e-05,0.000376,0.000248,2e-06,-9e-06,4e-06,-0.992605,0.074763,0.049708,-0.038626,0.5598,-0.258289,-0.787343,0.553025,0.824054,0.122867,0.617079,-0.504201,0.604146,0.001227,0.01075,0.00763,-0.010217,0.170079,-0.300378,-1.008338
1085,0.1505,0.014582,0.358638,-0.537085,0.225125,-0.81296,-0.541188,-0.831194,0.127298,-0.646408,0.508049,0.569271,0.002475,0.011948,0.0246,-0.041151,0.177481,-0.309078,-1.003977,-0.154662,0.032715,0.353412,-0.566072,-0.44661,0.692887,0.774217,-0.576503,0.261088,0.283541,0.684794,0.671212,-9.7e-05,0.001614,0.00107,0.0,0.0,0.0,-1.402224,0.048537,0.059378,0.008954,0.565032,0.585942,0.580869,-0.799665,0.56227,0.210683,-0.203158,-0.583544,0.786258,-6.4e-05,0.001049,0.000692,1.3e-05,5e-06,-4e-06,-0.992768,0.074719,0.050012,-0.038184,0.577942,-0.248587,-0.777294,0.545868,0.825789,0.141774,0.606638,-0.506237,0.612954,-0.005277,0.006879,0.01307,-0.036765,0.172078,-0.305192,-1.003113
1086,0.150585,0.014738,0.359754,-0.532767,0.226008,-0.815552,-0.539664,-0.833032,0.121623,-0.651237,0.504636,0.566798,0.001948,-0.002163,0.030784,-0.073711,0.095631,-0.15751,-1.007558,-0.154672,0.032721,0.353429,-0.565953,-0.446633,0.69297,0.774298,-0.576422,0.261025,0.283554,0.684847,0.671152,1.2e-05,-0.000194,-0.000129,0.0,0.0,0.0,-1.401833,0.048532,0.059385,0.008965,0.564917,0.58597,0.580954,-0.799744,0.562175,0.210638,-0.203171,-0.583607,0.786208,1e-05,-0.000189,-0.000126,-2e-06,-1.1e-05,9e-06,-0.992931,0.074762,0.050105,-0.037634,0.573686,-0.249485,-0.780154,0.544653,0.827583,0.135857,0.611748,-0.502853,0.610656,0.000958,-0.001087,0.01539,-0.076967,0.190469,-0.326585,-1.002133
1087,0.150636,0.014637,0.360313,-0.529392,0.227195,-0.817418,-0.539755,-0.833517,0.117832,-0.653909,0.503298,0.564908,0.00158,-0.005359,0.028532,-0.070253,0.013354,-0.010738,-1.008883,-0.154671,0.032713,0.353424,-0.566056,-0.446616,0.692897,0.774234,-0.576476,0.261094,0.283523,0.684813,0.6712,8e-06,-0.000131,-8.7e-05,0.0,0.0,0.0,-1.402239,0.048532,0.05938,0.008962,0.565017,0.585947,0.580879,-0.799681,0.562244,0.210694,-0.20314,-0.583564,0.786248,5e-06,-8.2e-05,-5.5e-05,4e-06,1.1e-05,3e-06,-0.992768,0.074788,0.050059,-0.03734,0.570632,-0.250529,-0.782057,0.544862,0.828021,0.132308,0.614413,-0.501613,0.608999,0.000821,-0.002249,0.014565,-0.080913,0.103939,-0.168754,-1.003276
1088,0.15069,0.014148,0.361472,-0.524959,0.228856,-0.81981,-0.540803,-0.833429,0.113576,-0.656614,0.50269,0.562306,0.001033,-0.010133,0.025203,-0.070275,0.013322,-0.010795,-1.008614,-0.154727,0.032694,0.353416,-0.5659,-0.446651,0.693002,0.774333,-0.576393,0.260986,0.283565,0.68486,0.671134,-0.012574,-0.001014,0.00035,-0.002045,0.015205,-0.029245,-1.40219,0.048504,0.059369,0.008957,0.564864,0.585989,0.580986,-0.799779,0.562137,0.210606,-0.203181,-0.583624,0.786193,-0.006288,-0.000495,0.000181,-0.002038,0.015202,-0.029234,-0.992441,0.074816,0.049813,-0.036749,0.566365,-0.252155,-0.784631,0.546165,0.827808,0.128204,0.617197,-0.501148,0.60656,0.000472,-0.005292,0.012443,-0.073933,0.017603,-0.01638,-1.004419
