frame,MLTx,MLTy,MLTz,MLTR1,MLTR2,MLTR3,MLTR4,MLTR5,MLTR6,MLTR7,MLTR8,MLTR9,MLTTVx,MLTTVy,MLTTVz,MLTRVx,MLTRVy,MLTRVz,MLGA,MRTx,MRTy,MRTz,MRTR1,MRTR2,MRTR3,MRTR4,MRTR5,MRTR6,MRTR7,MRTR8,MRTR9,MRTTVx,MRTTVy,MRTTVz,MRTRVx,MRTRVy,MRTRVz,MRGA,SLTx,SLTy,SLTz,SLTR1,SLTR2,SLTR3,SLTR4,SLTR5,SLTR6,SLTR7,SLTR8,SLTR9,SLTTVx,SLTTVy,SLTTVz,SLTRVx,SLTRVy,SLTRVz,SLGA,SRTx,SRTy,SRTz,SRTR1,SRTR2,SRTR3,SRTR4,SRTR5,SRTR6,SRTR7,SRTR8,SRTR9,SRTTVx,SRTTVy,SRTTVz,SRTRVx,SRTRVy,SRTRVz,SRGA
362,0.157174,-0.06537,0.294899,-0.849866,-0.394045,-0.350002,0.297712,-0.906934,0.29801,-0.4338,0.149553,0.888526,0.00042,-0.007618,0.013257,0.014813,0.09293,0.054468,-1.045657,-0.135923,-0.050739,0.289297,-0.088658,-0.881499,0.463779,0.973431,0.021812,0.227792,-0.210813,0.472753,0.855526,0.001909,-0.013688,0.02836,-0.008227,-0.164078,-0.225915,0.204542,0.058992,0.028997,-0.010817,0.137215,0.870551,0.472559,-0.961573,0.002536,0.274535,0.237799,-0.49207,0.837447,0.008273,-0.000376,0.010104,-0.116138,-0.283398,-0.491005,0.08397,0.081795,0.016981,-0.056352,0.839537,0.40555,-0.361531,-0.322852,0.907597,0.268387,0.43697,-0.108599,0.892895,0.008389,-0.004292,0.005947,0.040282,0.121322,0.103371,-1.033485
363,0.157282,-0.06545,0.295129,-0.851302,-0.392311,-0.348457,0.296737,-0.907655,0.296788,-0.431651,0.149738,0.889541,0.000151,0.001302,0.001908,0.003139,0.00596,0.003017,-1.034789,-0.135674,-0.05099,0.290357,-0.068562,-0.885682,0.459193,0.973909,0.040199,0.223198,-0.216066,0.463621,0.859205,0.001652,-0.010603,0.032669,-2.590248,-1.262726,-4.748156,0.208264,0.059117,0.028864,-0.010279,0.118233,0.875348,0.468812,-0.962886,-0.014296,0.269528,0.242633,-0.48328,0.84117,0.000843,-0.005142,0.016437,-2.635544,-1.232186,-4.727458,0.087236,0.081849,0.01694,-0.056228,0.841194,0.40367,-0.359779,-0.321712,0.908402,0.267032,0.434617,-0.10888,0.894008,8e-05,0.000731,0.001068,-0.012646,-0.014085,0.000852,-1.028586
364,0.157335,-0.065478,0.295216,-0.852706,-0.390766,-0.346755,0.296081,-0.908331,0.295371,-0.429328,0.149677,0.890675,0.000141,0.001221,0.001788,0.018744,0.035604,0.018013,-1.029549,-0.135623,-0.051057,0.290882,-0.058207,-0.889534,0.453137,0.972871,0.051079,0.225492,-0.223666,0.45508,0.861823,0.00163,-0.010355,0.032974,-1.158562,-1.069878,-1.08142,0.209175,0.059142,0.028836,-0.010027,0.10768,0.879211,0.464102,-0.962185,-0.025321,0.271213,0.250205,-0.475757,0.843238,0.000175,0.000342,0.011973,-3.812194,-3.392401,-3.543721,0.089522,0.081875,0.016926,-0.056185,0.84264,0.40227,-0.357959,-0.321163,0.909034,0.265536,0.432215,-0.108788,0.895184,0.000115,-0.004604,0.00546,-0.035125,0.027247,0.000302,-1.024831
365,0.157512,-0.065537,0.295331,-0.854466,-0.390025,-0.343242,0.295514,-0.908238,0.29622,-0.426215,0.152156,0.891749,6.2e-05,0.000542,0.000793,0.000325,0.000618,0.000313,-1.013637,-0.135624,-0.051126,0.291965,-0.033643,-0.896265,0.442231,0.969486,0.078071,0.23224,-0.242641,0.43767,0.865698,0.000257,0.00154,0.02587,-0.039059,-0.025487,0.019456,0.212424,0.059142,0.028799,-0.009482,0.081509,0.88729,0.45395,-0.959016,-0.054193,0.278119,0.271374,-0.458015,0.846508,0.000109,0.000764,0.012939,-0.05978,-0.00462,-0.031229,0.092625,0.081964,0.016896,-0.056128,0.844352,0.401666,-0.354587,-0.32048,0.908983,0.266534,0.429372,-0.111411,0.896228,3e-05,0.000287,0.000415,-0.005978,-0.008847,-0.00161,-1.015687
366,0.157796,-0.065598,0.29537,-0.855893,-0.388092,-0.341873,0.294464,-0.909093,0.29464,-0.424076,0.151987,0.892797,0.0,2e-06,3e-06,0.001177,0.002242,0.001133,-1.001055,-0.135634,-0.050994,0.293003,-0.008193,-0.90411,0.427211,0.965576,0.103766,0.238388,-0.259858,0.415587,0.871564,-0.00109,0.013117,0.018297,-0.016901,-0.064735,0.015398,0.222528,0.059137,0.028862,-0.008958,0.055561,0.896167,0.440222,-0.955622,-0.080023,0.283515,0.289305,-0.436439,0.851951,7.8e-05,0.001127,0.013394,-0.146501,-0.095519,-0.067354,0.102259,0.082106,0.016865,-0.056109,0.845837,0.399833,-0.353118,-0.319488,0.909812,0.264892,0.427184,-0.111238,0.897295,0.008201,-0.000333,-0.000473,-0.008156,-0.026032,0.028863,-1.004583
367,0.157943,-0.06562,0.295375,-0.856264,-0.388735,-0.340211,0.294424,-0.908406,0.29679,-0.423356,0.154442,0.892718,0.016411,-0.000599,-0.000845,-0.014122,-0.001638,0.019483,-0.99531,-0.135638,-0.050888,0.293469,-0.002271,-0.906058,0.423137,0.964961,0.108881,0.238596,-0.26226,0.409985,0.873496,0.000228,0.001862,0.026145,0.009342,0.021482,-0.177308,0.228446,0.059135,0.02892,-0.008726,0.049694,0.898358,0.436443,-0.955148,-0.084979,0.283672,0.291927,-0.430965,0.853842,-0.000532,0.006174,0.008595,0.054325,-0.073243,0.013534,0.110423,0.082179,0.016854,-0.056107,0.846136,0.400599,-0.35153,-0.319429,0.909158,0.267198,0.426636,-0.113797,0.897235,0.008202,-0.000317,-0.000453,-0.011315,-0.007256,0.020557,-0.999684
368,0.158263,-0.06566,0.295371,-0.858014,-0.387779,-0.336874,0.293746,-0.908433,0.297381,-0.420277,0.156679,0.893782,0.016376,-0.000907,-0.001305,-1.868903,1.598877,-1.207186,-0.978641,-0.135632,-0.050716,0.294287,0.01611,-0.911338,0.411333,0.963081,0.124558,0.238527,-0.268643,0.393444,0.879145,-0.000887,0.010649,0.014723,0.290921,-0.312626,-0.128561,0.233026,0.059138,0.029008,-0.008305,0.031679,0.904013,0.426328,-0.953443,-0.100653,0.284278,0.299903,-0.415485,0.858737,-0.000449,0.005213,0.007214,0.410762,-0.397633,-0.162373,0.120874,0.082333,0.016835,-0.056108,0.847648,0.398776,-0.349957,-0.318553,0.910002,0.265364,0.424283,-0.113455,0.898393,-2.5e-05,-0.000215,-0.000318,-0.011157,-0.012424,0.001379,-0.99005
369,0.158573,-0.065688,0.295404,-0.859425,-0.385843,-0.335499,0.292719,-0.909298,0.295746,-0.41811,0.156438,0.89484,8e-05,0.000717,0.001049,0.007011,0.013411,0.006774,-0.96644,-0.135522,-0.050533,0.29489,0.029878,-0.914327,0.403863,0.959526,0.139284,0.244629,-0.279969,0.381351,0.880938,-0.000654,0.007798,0.010735,0.001852,-0.013983,0.025048,0.237437,0.059187,0.029099,-0.008012,0.016842,0.90778,0.419107,-0.950263,-0.115843,0.289099,0.310989,-0.403131,0.860679,-0.000345,0.003986,0.005491,0.002051,-0.005011,0.024024,0.127569,0.082494,0.016818,-0.056095,0.849432,0.397928,-0.346579,-0.317846,0.910088,0.265917,0.421234,-0.11572,0.899538,0.008258,0.000182,0.000269,-0.009716,-0.022902,0.036115,-0.979109
370,0.158884,-0.065709,0.295465,-0.860834,-0.383869,-0.33415,0.291639,-0.910171,0.29412,-0.415965,0.156209,0.895879,9.9e-05,0.000892,0.001304,0.001173,0.002248,0.001135,-0.961008,-0.135348,-0.050299,0.295267,0.040416,-0.917635,0.395353,0.957216,0.148883,0.248002,-0.286496,0.369562,0.883859,0.015384,0.007638,0.007932,0.000115,-0.033952,0.041599,0.243515,0.059274,0.029215,-0.007816,0.006008,0.911551,0.41114,-0.948107,-0.12551,0.292128,0.317892,-0.39156,0.863495,-0.000241,0.002759,0.003787,-0.025032,-0.012748,-0.012613,0.134754,0.08265,0.016809,-0.056064,0.850856,0.396028,-0.345261,-0.316727,0.910937,0.264343,0.419198,-0.115564,0.900509,5.2e-05,0.000475,0.000687,-0.009114,-0.011201,-0.000428,-0.972904
371,0.159022,-0.065717,0.295507,-0.860859,-0.383637,-0.334352,0.291371,-0.910267,0.29409,-0.416101,0.156221,0.895814,0.000105,0.000953,0.001394,1.7e-05,3.3e-05,1.7e-05,-0.957604,-0.135236,-0.050209,0.295372,0.04473,-0.919405,0.39075,0.955598,0.153273,0.251545,-0.291227,0.363298,0.884909,-0.000291,0.003424,0.004694,-0.120838,-0.189185,0.107194,0.246267,0.059335,0.029265,-0.007757,0.001626,0.913502,0.40683,-0.946418,-0.129975,0.29563,0.322937,-0.385513,0.864344,-0.00014,0.001566,0.00215,-0.130264,-0.200663,0.11804,0.138673,0.082718,0.016805,-0.056042,0.850835,0.395822,-0.345549,-0.316446,0.911021,0.264388,0.419453,-0.115603,0.900385,5.5e-05,0.000498,0.000724,-0.001174,-0.002236,-0.00112,-0.970128
372,0.159273,-0.065753,0.295619,-0.860943,-0.38279,-0.335104,0.290411,-0.910625,0.293931,-0.416596,0.156211,0.895585,0.000208,-0.009578,0.010374,-0.035674,0.011977,-0.018851,-0.947537,-0.134966,-0.050128,0.295438,0.050446,-0.918993,0.391023,0.954648,0.15926,0.251432,-0.29341,0.361755,0.88482,0.015913,0.001292,-0.000784,0.002045,-0.015205,0.029245,0.250226,0.059464,0.029307,-0.007722,-0.004039,0.913233,0.407416,-0.945656,-0.135959,0.295379,0.325142,-0.384082,0.864154,3.8e-05,-0.000468,-0.000645,0.000689,0.000629,0.001426,0.145694,0.082844,0.016791,-0.05599,0.850921,0.394977,-0.346301,-0.315524,0.911394,0.264203,0.419971,-0.11555,0.90015,0.008271,0.00034,0.000488,0.007005,-0.106975,0.205038,-0.964577
373,0.159479,-0.065764,0.295784,-0.862387,-0.380346,-0.334173,0.288791,-0.911689,0.292225,-0.414734,0.155972,0.896491,0.000192,0.001764,0.002575,0.02554,0.049305,0.024866,-0.932673,-0.134604,-0.050141,0.295362,0.051514,-0.918498,0.392045,0.954549,0.160542,0.250992,-0.293548,0.362445,0.884492,0.016031,-2.3e-05,-0.002597,-0.010702,0.080707,-0.144504,0.250719,0.059645,0.029297,-0.007764,-0.00492,0.912798,0.408381,-0.945628,-0.137061,0.294959,0.325212,-0.384726,0.863841,9.6e-05,-0.001099,-0.001512,-0.001407,0.014237,-0.024184,0.147817,0.082947,0.01678,-0.055906,0.852455,0.392708,-0.345109,-0.314119,0.912414,0.262352,0.41791,-0.115238,0.901149,0.008337,0.000951,0.00138,0.024076,0.024743,0.08993,-0.955759
374,0.159532,-0.065771,0.295866,-0.862412,-0.380108,-0.33438,0.288496,-0.911777,0.292239,-0.414888,0.156031,0.896409,0.000237,0.002182,0.003184,0.001269,-0.012475,0.025969,-0.925238,-0.134423,-0.050148,0.295324,0.05683,-0.918993,0.390147,0.953184,0.166053,0.252589,-0.296992,0.358677,0.884878,0.015983,0.000543,-0.001827,-0.008859,-0.032204,0.03891,0.2506,0.059736,0.029291,-0.007787,-0.010387,0.913452,0.406811,-0.944338,-0.142739,0.296393,0.328809,-0.381089,0.864091,0.008007,0.000104,-0.001148,-0.033913,-0.071628,0.062414,0.14847,0.082974,0.016777,-0.055864,0.852494,0.392358,-0.345408,-0.31366,0.912545,0.262447,0.418174,-0.115394,0.901007,0.000115,0.001075,0.001564,-0.005232,-0.02102,0.024999,-0.95037
375,0.159614,-0.065804,0.296036,-0.862464,-0.379599,-0.334822,0.287848,-0.911962,0.292301,-0.415228,0.156187,0.896224,0.000225,0.002079,0.003031,0.000831,-0.013315,0.025546,-0.909546,-0.134002,-0.050152,0.295267,0.060355,-0.919014,0.389566,0.951279,0.17104,0.25641,-0.302359,0.35626,0.884036,5.1e-05,-0.000576,-0.00079,-0.017527,0.017388,0.01095,0.251847,0.059953,0.029287,-0.007818,-0.013781,0.91353,0.406536,-0.942314,-0.147855,0.300302,0.334444,-0.378946,0.86287,0.007971,0.000537,-0.000561,0.011435,-0.00962,0.03433,0.149286,0.083014,0.016761,-0.055778,0.852518,0.39187,-0.345902,-0.313018,0.912733,0.262559,0.418605,-0.115563,0.900785,0.000106,0.001016,0.001479,0.000906,-0.01363,0.024999,-0.939266
376,0.159646,-0.065823,0.29621,-0.862529,-0.378917,-0.335426,0.287033,-0.912232,0.292262,-0.415656,0.156271,0.896012,0.000163,0.001507,0.002196,0.0,0.0,0.0,-0.897542,-0.133582,-0.050141,0.295232,0.070287,-0.919446,0.386872,0.948877,0.181128,0.258376,-0.307732,0.350084,0.88465,0.015885,0.00171,-0.000246,0.001901,-0.015295,0.028927,0.251256,0.060163,0.029292,-0.007837,-0.02391,0.914343,0.404231,-0.940216,-0.157978,0.30172,0.339735,-0.372851,0.863458,0.007939,0.000898,-6.7e-05,0.003254,-0.015163,0.028989,0.149613,0.083031,0.016752,-0.05569,0.852596,0.391187,-0.346485,-0.312227,0.913017,0.262513,0.419039,-0.115635,0.900574,9.4e-05,0.000904,0.001315,0.000144,-0.000105,-0.000372,-0.928979
377,0.159655,-0.065812,0.296372,-0.862602,-0.37811,-0.336149,0.286124,-0.91257,0.292097,-0.416131,0.156248,0.895796,0.000166,0.001533,0.002231,0.0,0.0,0.0,-0.87047,-0.133213,-0.050088,0.295296,0.079751,-0.920771,0.381854,0.946,0.190524,0.26214,-0.314232,0.34148,0.885727,0.017092,-0.007986,0.009794,-0.047064,0.088074,-0.1644,0.25042,0.060341,0.029322,-0.007809,-0.033472,0.916086,0.399581,-0.937452,-0.167387,0.305226,0.346498,-0.364372,0.86439,0.007878,0.001538,0.000804,0.004125,-0.012127,0.028028,0.149286,0.083035,0.016758,-0.055609,0.852686,0.390371,-0.347182,-0.311339,0.91337,0.262338,0.419515,-0.115601,0.900357,9.7e-05,0.000919,0.001336,0.000112,-8.2e-05,-0.000247,-0.91461
378,0.159659,-0.065801,0.296442,-0.862646,-0.377594,-0.336615,0.285564,-0.912796,0.291941,-0.416422,0.15618,0.895672,0.000191,0.00177,0.002575,0.0,0.0,0.0,-0.86245,-0.133023,-0.050052,0.295349,0.084466,-0.921406,0.3793,0.944526,0.195155,0.264045,-0.317429,0.337108,0.886262,-0.000184,0.002001,0.002747,0.001847,-0.013896,0.025181,0.250356,0.060436,0.029334,-0.007782,-0.038402,0.916849,0.39738,-0.936002,-0.17225,0.306966,0.349891,-0.360161,0.864788,0.007871,0.001597,0.000884,0.005158,-0.010492,0.026999,0.149286,0.083037,0.016762,-0.055576,0.852742,0.389861,-0.347617,-0.310805,0.913597,0.262182,0.419797,-0.115533,0.900234,6.6e-05,0.000622,0.000903,0.000116,-5e-05,-0.000207,-0.905792
379,0.159665,-0.065778,0.296549,-0.862722,-0.376694,-0.337428,0.284603,-0.913192,0.29164,-0.416921,0.156033,0.895465,0.000111,0.001032,0.0015,0.0,0.0,0.0,-0.853337,-0.132616,-0.050007,0.295501,0.088958,-0.922131,0.3765,0.943002,0.199537,0.266206,-0.320722,0.332512,0.886812,-0.000211,0.002261,0.003101,-0.005056,-0.003575,-0.011909,0.250684,0.060646,0.029358,-0.007704,-0.042953,0.917763,0.394797,-0.934515,-0.176655,0.308987,0.35332,-0.355672,0.865252,0.007808,0.002237,0.001755,-0.01094,-0.037655,0.012828,0.149123,0.08304,0.016776,-0.05552,0.852843,0.388928,-0.348414,-0.309846,0.914015,0.261861,0.420301,-0.115372,0.900019,6.3e-05,0.000596,0.000866,8.1e-05,-3.6e-05,-0.000141,-0.895504
380,0.159682,-0.065778,0.296639,-0.862794,-0.375835,-0.338201,0.283673,-0.913565,0.291379,-0.417405,0.155923,0.895259,4.1e-05,0.000382,0.000555,0.0,0.0,0.0,-0.844723,-0.13218,-0.049999,0.295774,0.09422,-0.921701,0.376272,0.941675,0.205027,0.266734,-0.323121,0.330347,0.886751,0.015617,0.004446,0.003469,0.002045,-0.015205,0.029245,0.250841,0.060857,0.029365,-0.007571,-0.048259,0.917467,0.394873,-0.933338,-0.18222,0.309312,0.355737,-0.353623,0.865101,0.007813,0.002154,0.001633,0.002277,-0.015001,0.029736,0.149286,0.083049,0.016776,-0.055473,0.852937,0.388051,-0.349159,-0.308931,0.914402,0.261589,0.420782,-0.115253,0.899809,1.8e-05,0.000179,0.000261,5.4e-05,-2.4e-05,-9.8e-05,-0.88832
381,0.159683,-0.065784,0.296667,-0.862831,-0.375386,-0.338606,0.283194,-0.913761,0.291228,-0.417654,0.15585,0.895156,2.1e-05,0.000192,0.00028,0.005743,-0.091741,0.176377,-0.841309,-0.13196,-0.050009,0.295934,0.099743,-0.921103,0.376314,0.940332,0.210778,0.266988,-0.325375,0.328381,0.886657,0.001022,-0.007623,0.012879,-0.036339,0.007291,-0.019936,0.250479,0.060974,0.029359,-0.007485,-0.053773,0.917039,0.395154,-0.932148,-0.187999,0.309444,0.358061,-0.351703,0.864925,0.000501,-0.003754,0.00651,-0.036195,0.007398,-0.019332,0.149613,0.083049,0.016773,-0.05546,0.852975,0.387705,-0.349453,-0.308569,0.914555,0.261482,0.420972,-0.115207,0.899726,7e-06,7.1e-05,0.000101,3.8e-05,-3e-05,-8.2e-05,-0.885381
382,0.159697,-0.065806,0.296708,-0.862886,-0.37472,-0.339203,0.282472,-0.914048,0.291028,-0.418028,0.155769,0.894995,8e-06,7.5e-05,0.000108,0.0,0.0,0.0,-0.832546,-0.131505,-0.05005,0.296328,0.115654,-0.920216,0.373924,0.935851,0.226979,0.269441,-0.332969,0.319926,0.886929,0.016796,-0.004905,0.013953,-0.08824,-0.06201,-0.097854,0.25159,0.061195,0.029339,-0.007294,-0.069685,0.916658,0.393549,-0.928069,-0.204246,0.311399,0.365827,-0.343541,0.864955,0.008413,-0.002665,0.006684,-0.221396,-0.141187,-0.436872,0.150429,0.083056,0.016761,-0.05544,0.853059,0.386912,-0.350125,-0.307747,0.914905,0.261224,0.421402,-0.11509,0.89954,1e-06,2e-05,3e-05,2.1e-05,-2.9e-05,-5.8e-05,-0.878849
383,0.159709,-0.065814,0.296714,-0.862938,-0.374052,-0.339807,0.281781,-0.914348,0.290756,-0.418386,0.155613,0.894855,0.0,0.0,0.0,0.0,0.0,0.0,-0.820743,-0.131082,-0.050125,0.296735,0.116581,-0.921784,0.369749,0.935809,0.226521,0.26997,-0.332764,0.315694,0.888521,-0.000352,0.003594,0.004903,0.004786,-0.004744,-0.002957,0.253519,0.061413,0.029301,-0.007085,-0.070978,0.918364,0.389318,-0.928018,-0.203896,0.311779,0.365708,-0.339166,0.866731,0.00838,-0.002338,0.007116,-0.047177,-0.011939,0.035464,0.151573,0.083062,0.016757,-0.055438,0.85313,0.386227,-0.350707,-0.307065,0.915215,0.260943,0.421756,-0.114928,0.899395,-3e-06,-9e-06,-1.4e-05,2.4e-05,-1.7e-05,-4.4e-05,-0.871338
384,0.159734,-0.06581,0.29672,-0.863001,-0.373226,-0.340555,0.28094,-0.914723,0.290391,-0.41882,0.155391,0.894691,4e-06,3.9e-05,5.6e-05,0.0,0.0,0.0,-0.810915,-0.130677,-0.050147,0.297179,0.128765,-0.920938,0.367811,0.933384,0.237713,0.268742,-0.335096,0.309856,0.889698,0.000771,-0.005083,0.016308,-0.037297,-0.012358,-0.008036,0.255149,0.061615,0.029289,-0.006872,-0.083266,0.917888,0.388003,-0.925977,-0.215159,0.310278,0.368283,-0.333447,0.867859,0.008309,-0.001691,0.007989,-0.06263,-0.024635,-0.003049,0.154348,0.083075,0.016759,-0.055435,0.853217,0.385381,-0.351427,-0.306235,0.9156,0.260566,0.422184,-0.1147,0.899223,2e-06,2.1e-05,2.8e-05,3e-05,-1.6e-05,-2.9e-05,-0.86203
385,0.159735,-0.065805,0.296727,-0.863027,-0.372879,-0.340869,0.280587,-0.91488,0.290237,-0.419003,0.155297,0.894621,1.1e-05,0.000103,0.00015,0.0,0.0,0.0,-0.809148,-0.130544,-0.050135,0.297417,0.13575,-0.920587,0.366173,0.932372,0.243568,0.267006,-0.335168,0.306315,0.890897,-0.000536,0.005373,0.007304,0.017331,-0.045329,-0.06063,0.255265,0.061682,0.029293,-0.006747,-0.090309,0.917803,0.386627,-0.925274,-0.220923,0.308316,0.368389,-0.329893,0.869171,0.008257,-0.0012,0.008651,-0.073706,-0.082207,-0.119022,0.155328,0.083075,0.016761,-0.055431,0.853252,0.385025,-0.35173,-0.305886,0.915762,0.260407,0.422365,-0.114603,0.899151,6e-06,5.8e-05,8.2e-05,2.6e-05,-1.3e-05,-2.9e-05,-0.859581
386,0.15975,-0.065776,0.29677,-0.86306,-0.372433,-0.341272,0.280133,-0.915082,0.290039,-0.419237,0.155177,0.894532,6.6e-05,0.000611,0.000887,0.0,0.0,0.0,-0.806249,-0.130343,-0.050157,0.297946,0.148209,-0.919331,0.364495,0.929647,0.255104,0.265731,-0.337472,0.300618,0.891967,0.000819,-0.00558,0.0156,-0.035371,0.006173,-0.020615,0.254472,0.061782,0.029288,-0.006483,-0.102906,0.916899,0.385623,-0.922882,-0.232637,0.306866,0.371076,-0.324307,0.87013,0.007606,0.003948,0.00403,-0.007121,-0.020643,0.057654,0.156635,0.083083,0.016776,-0.055411,0.853298,0.384569,-0.352119,-0.305439,0.915969,0.260203,0.422596,-0.11448,0.899058,4e-05,0.000378,0.000547,1.4e-05,-1e-05,-2.3e-05,-0.856478
387,0.159742,-0.065735,0.296828,-0.8631,-0.371882,-0.34177,0.279572,-0.915331,0.289794,-0.419528,0.155029,0.894422,8e-05,0.000748,0.001085,0.0,0.0,0.0,-0.803401,-0.130223,-0.050215,0.298475,0.162064,-0.919103,0.359133,0.926914,0.266505,0.264081,-0.33864,0.291237,0.894633,0.000768,-0.005088,0.016245,0.089806,-0.129882,-0.07133,0.254359,0.061842,0.029259,-0.00622,-0.116667,0.917141,0.381103,-0.920533,-0.243906,0.305168,0.372836,-0.315215,0.872715,0.008299,-0.001703,0.007945,0.141894,-0.17481,-0.088897,0.154675,0.083079,0.016796,-0.055381,0.853354,0.384003,-0.352599,-0.304885,0.916225,0.259951,0.422883,-0.114328,0.898942,4.9e-05,0.000449,0.000651,0.00577,-0.091727,0.176377,-0.854518
388,0.159745,-0.065713,0.296879,-0.863123,-0.371576,-0.342045,0.279251,-0.915464,0.289682,-0.419695,0.154972,0.894353,0.000141,0.001313,0.001904,0.0,0.0,0.0,-0.801176,-0.130194,-0.050236,0.298754,0.166976,-0.919216,0.356584,0.924911,0.271197,0.26632,-0.341728,0.286489,0.894991,0.000794,-0.005347,0.015885,-0.170269,-0.088644,-0.090107,0.25443,0.061857,0.029247,-0.006082,-0.122073,0.917211,0.379236,-0.918741,-0.248988,0.30646,0.375514,-0.31101,0.873075,0.000327,-0.00226,0.008478,-1.413192,-2.09738,1.175445,0.154185,0.08308,0.016805,-0.055358,0.853386,0.383691,-0.352864,-0.304568,0.916364,0.259834,0.423048,-0.114268,0.898872,9.7e-05,0.000902,0.001306,0.000847,-0.013303,0.025547,-0.853376
389,0.159751,-0.065666,0.296965,-0.863168,-0.37097,-0.342591,0.278623,-0.915733,0.289436,-0.42002,0.154834,0.894224,0.000102,0.000953,0.001381,0.0,0.0,0.0,-0.797571,-0.130128,-0.050242,0.299239,0.180177,-0.919801,0.348559,0.921839,0.281398,0.266386,-0.34334,0.27447,0.898135,0.000747,-0.004886,0.016484,-0.093876,-0.261686,0.065703,0.254294,0.061889,0.029245,-0.005839,-0.135561,0.918532,0.371378,-0.915921,-0.259106,0.306515,0.37777,-0.298602,0.876427,-0.000292,0.002769,0.00373,-0.397782,-0.776386,0.356575,0.154185,0.083083,0.016831,-0.055312,0.853447,0.383068,-0.35339,-0.303948,0.916642,0.25958,0.42337,-0.114126,0.898739,4.9e-05,0.000463,0.000669,1.4e-05,-4e-06,-8e-06,-0.8506
390,0.159757,-0.065612,0.297044,-0.863219,-0.370241,-0.343249,0.277882,-0.916061,0.289112,-0.420403,0.154639,0.894078,0.000151,0.00141,0.002042,0.0,0.0,0.0,-0.794763,-0.130103,-0.050226,0.299601,0.186653,-0.920086,0.344374,0.920251,0.286346,0.266603,-0.34415,0.268299,0.899688,0.000914,-0.006537,0.01425,-0.026645,-0.014398,0.000442,0.254282,0.061902,0.029252,-0.005649,-0.14232,0.919129,0.367349,-0.9144,-0.264178,0.306727,0.378968,-0.292251,0.878049,0.000458,-0.003348,0.007018,-0.049671,0.005273,0.005311,0.154185,0.083086,0.016857,-0.055274,0.85352,0.382321,-0.354024,-0.303216,0.916979,0.259246,0.423748,-0.113926,0.898586,8.4e-05,0.000794,0.001147,0.000838,-0.013293,0.02555,-0.847987
391,0.159759,-0.065592,0.297073,-0.863247,-0.369845,-0.343606,0.27748,-0.916239,0.288935,-0.420611,0.154533,0.893998,0.000135,0.001261,0.001826,0.0,0.0,0.0,-0.792543,-0.130092,-0.050202,0.299718,0.193457,-0.920099,0.340565,0.918671,0.291616,0.266341,-0.344624,0.262493,0.901219,-0.000308,0.003038,0.004077,0.076249,-0.075293,-0.046416,0.254149,0.061907,0.029264,-0.00559,-0.149099,0.919408,0.363946,-0.912985,-0.269359,0.306434,0.379771,-0.286589,0.879568,-0.000177,0.001702,0.002287,0.089974,-0.097956,-0.030184,0.154185,0.083087,0.016867,-0.05526,0.853559,0.381914,-0.354368,-0.302818,0.917162,0.259064,0.423954,-0.113818,0.898503,7.5e-05,0.000701,0.001014,0.000855,-0.013281,0.025547,-0.846681
392,0.159749,-0.065566,0.29711,-0.861096,-0.374225,-0.344259,0.282165,-0.914909,0.288612,-0.4219,0.151844,0.893852,7.8e-05,0.000722,0.001045,0.0,-0.0,-0.0,-0.786429,-0.130055,-0.0502,0.299888,0.203534,-0.919724,0.335668,0.914576,0.300857,0.27013,-0.349696,0.253165,0.901933,-8.8e-05,0.000868,0.001163,-0.000105,-0.000114,-0.000337,0.254016,0.061926,0.029268,-0.005502,-0.159501,0.919377,0.359589,-0.908913,-0.278921,0.309965,0.385272,-0.277396,0.880122,-4.6e-05,0.000407,0.000546,4.5e-05,0.004371,-0.000905,0.154022,0.083082,0.01688,-0.05524,0.851285,0.386227,-0.355164,-0.307481,0.915689,0.258781,0.425169,-0.11109,0.89827,4.7e-05,0.000436,0.000629,0.005744,-0.091608,0.176546,-0.842925
393,0.15975,-0.065561,0.297117,-0.861147,-0.373545,-0.344872,0.281476,-0.915217,0.288308,-0.422256,0.151661,0.893715,1e-06,7e-06,1e-05,0.0,0.0,0.0,-0.78177,-0.129968,-0.050214,0.299941,0.208232,-0.920428,0.330823,0.912233,0.304653,0.273773,-0.353043,0.245931,0.902631,-1.8e-05,0.000177,0.000238,-2e-06,-4e-06,2e-06,0.252549,0.061969,0.029259,-0.005478,-0.164356,0.920312,0.354982,-0.906512,-0.2828,0.313463,0.388873,-0.270276,0.880754,0.007898,0.000985,1.3e-05,0.005422,-0.010108,0.027638,0.153369,0.083083,0.016884,-0.055236,0.851357,0.385525,-0.355754,-0.306796,0.916007,0.258468,0.425519,-0.110905,0.898127,-3e-06,-2e-05,-3.1e-05,-1.9e-05,2.6e-05,0.000105,-0.838679
394,0.159702,-0.06555,0.297134,-0.861183,-0.373034,-0.345333,0.280959,-0.915448,0.288079,-0.422526,0.151523,0.893611,-0.016375,0.000625,0.000929,-0.000984,0.014715,-0.029553,-0.778651,-0.129833,-0.050242,0.299952,0.21345,-0.920052,0.328536,0.910084,0.309417,0.275577,-0.355475,0.241326,0.902919,0.015871,0.001279,-0.000901,0.002044,-0.015205,0.029245,0.249947,0.062031,0.029244,-0.005473,-0.169676,0.920116,0.35298,-0.904426,-0.287652,0.315071,0.391437,-0.265785,0.880984,3.9e-05,-0.000393,-0.000528,0.002404,0.003488,-0.000985,0.151899,0.083065,0.016889,-0.055228,0.851411,0.384979,-0.356215,-0.306263,0.916254,0.258223,0.425794,-0.110759,0.898014,3e-06,3.1e-05,4.6e-05,-3.2e-05,2.7e-05,7.1e-05,-0.83574
395,0.159691,-0.065539,0.297149,-0.861208,-0.372688,-0.345645,0.280609,-0.915604,0.287925,-0.422707,0.15143,0.893541,5e-05,0.000461,0.000668,0.0,0.0,0.0,-0.776047,-0.129748,-0.05025,0.299943,0.213472,-0.920038,0.32856,0.910067,0.309452,0.275593,-0.355505,0.241332,0.902906,9e-05,-0.000875,-0.001173,0.0,-0.0,-0.0,0.245752,0.062079,0.029241,-0.005477,-0.169668,0.920104,0.353015,-0.904423,-0.287659,0.315072,0.391447,-0.265817,0.88097,0.007967,0.000332,-0.000863,0.002627,-0.014493,0.029762,0.149776,0.083053,0.016894,-0.055221,0.851444,0.384642,-0.356499,-0.305934,0.916407,0.258072,0.425964,-0.110669,0.897945,3e-05,0.000291,0.00042,-1e-05,2e-05,6.6e-05,-0.834434
396,0.159655,-0.065523,0.297173,-0.861246,-0.372142,-0.346137,0.280056,-0.91585,0.28768,-0.422995,0.151283,0.89343,1.7e-05,0.000158,0.000229,0.0,0.0,0.0,-0.770803,-0.129577,-0.050276,0.299933,0.213809,-0.919832,0.328916,0.909927,0.30991,0.275541,-0.355662,0.241528,0.902792,0.015857,0.001434,-0.0007,0.002045,-0.015205,0.029245,0.232374,0.062159,0.029225,-0.005485,-0.169983,0.919896,0.353405,-0.904303,-0.288117,0.314997,0.391586,-0.266042,0.88084,2.7e-05,-0.000249,-0.000336,0.000191,0.000192,0.000531,0.13753,0.083035,0.016903,-0.055208,0.851499,0.38408,-0.356973,-0.305386,0.916661,0.25782,0.426247,-0.110519,0.897829,7e-06,8.1e-05,0.000117,-1.1e-05,3e-06,4.3e-05,-0.830352
397,0.159646,-0.065498,0.297209,-0.85874,-0.375647,-0.34857,0.284577,-0.915258,0.285116,-0.425065,0.146107,0.893308,9.1e-05,0.000844,0.001221,0.000417,-0.000342,0.000272,-0.767488,-0.129448,-0.05035,0.299935,0.219913,-0.918146,0.329602,0.907785,0.316194,0.275465,-0.357419,0.239779,0.902564,0.017213,-0.009366,0.007819,-0.034264,-0.008219,0.009145,0.208807,0.062223,0.029192,-0.005487,-0.176077,0.918383,0.354355,-0.90237,-0.294433,0.3147,0.39335,-0.264348,0.880565,3.2e-05,-0.000323,-0.000435,-5e-06,7.4e-05,0.000593,0.112709,0.08303,0.016914,-0.055192,0.848889,0.38743,-0.359561,-0.309896,0.915873,0.255225,0.428194,-0.105231,0.897538,5.6e-05,0.000542,0.000783,-0.003407,0.002935,-0.001932,-0.826759
398,0.159647,-0.065488,0.297224,-0.857361,-0.377083,-0.350409,0.285081,-0.91464,0.286591,-0.4275,0.14628,0.892118,3.1e-05,0.000288,0.000416,-0.172223,-0.349735,-0.176007,-0.767529,-0.129392,-0.050416,0.299959,0.220347,-0.917883,0.330043,0.907572,0.316798,0.275472,-0.357692,0.239987,0.9024,0.001403,-0.011282,0.007874,-0.036308,0.00698,-0.020104,0.193522,0.062257,0.02916,-0.005475,-0.176472,0.918138,0.354794,-0.902182,-0.295013,0.314696,0.393603,-0.264554,0.88039,3.7e-05,-0.000364,-0.000495,0.000127,0.000134,0.000405,0.09589,0.083031,0.01692,-0.055183,0.848446,0.387818,-0.360187,-0.309976,0.915694,0.255768,0.429013,-0.105356,0.897132,1.7e-05,0.000159,0.000229,-0.340107,-0.591478,-0.222761,-0.825453
399,0.159661,-0.065481,0.297252,-0.857366,-0.377028,-0.350457,0.285015,-0.914661,0.28659,-0.427534,0.14629,0.892099,6e-06,5.7e-05,8.2e-05,-4.3e-05,-8.8e-05,-4.4e-05,-0.766558,-0.129345,-0.050602,0.300033,0.22129,-0.917319,0.33098,0.907076,0.318126,0.275577,-0.358371,0.24039,0.902024,0.001434,-0.01157,0.007487,-0.036307,0.006968,-0.02011,0.151862,0.062281,0.029063,-0.005435,-0.177382,0.917582,0.355777,-0.901711,-0.296363,0.314775,0.394272,-0.264973,0.879964,0.000717,-0.005796,0.003727,-0.036223,0.007075,-0.019851,0.051312,0.083038,0.016924,-0.055168,0.847465,0.388762,-0.361478,-0.310342,0.915285,0.256789,0.430685,-0.105437,0.896321,0.0,9e-06,1.6e-05,0.002324,0.003278,0.000505,-0.823493
400,0.159674,-0.065471,0.297265,-0.85737,-0.376977,-0.350502,0.284964,-0.914684,0.286567,-0.42756,0.146277,0.892089,1.1e-05,0.000107,0.000154,-0.0,-0.0,-0.0,-0.763163,-0.129334,-0.050897,0.300125,0.220042,-0.917688,0.330789,0.905843,0.317938,0.279815,-0.362236,0.239221,0.900789,0.001541,-0.012613,0.006083,-0.047076,0.01771,-0.01353,0.108493,0.062286,0.028922,-0.00539,-0.175998,0.917897,0.355651,-0.900195,-0.296271,0.319171,0.398336,-0.263982,0.878431,0.000118,-0.001151,-0.001548,0.011933,0.009386,-0.021944,-0.004207,0.083045,0.016928,-0.055162,0.84749,0.388692,-0.361495,-0.310286,0.915316,0.256744,0.430677,-0.10542,0.896327,4e-06,5.2e-05,7.3e-05,-7.8e-05,0.000143,0.000316,-0.821697
401,0.159676,-0.065456,0.297287,-0.857406,-0.376485,-0.350942,0.284469,-0.914908,0.286344,-0.427816,0.146144,0.891988,6.7e-05,0.000619,0.000894,-0.0,-0.0,-0.0,-0.759087,-0.12933,-0.051227,0.300222,0.216632,-0.918221,0.331559,0.904253,0.316619,0.286377,-0.368214,0.238924,0.898441,0.001532,-0.012535,0.006185,-0.439312,0.098156,0.256319,0.06454,0.062288,0.028756,-0.005341,-0.174152,0.918187,0.355812,-0.898906,-0.295761,0.323253,0.402042,-0.263546,0.876872,0.000788,-0.006647,0.002572,-1.785346,-1.695245,1.359813,-0.062665,0.083045,0.016934,-0.055153,0.847545,0.388177,-0.361919,-0.309787,0.91555,0.256513,0.430927,-0.105289,0.896222,4.1e-05,0.000403,0.000578,-8.2e-05,5.1e-05,0.000207,-0.819738
402,0.159676,-0.065456,0.297287,-0.857422,-0.376262,-0.35114,0.284246,-0.915009,0.286244,-0.427931,0.146084,0.891943,1e-06,9e-06,1.3e-05,-0.0,-0.0,-0.0,-0.755351,-0.129352,-0.051348,0.300238,0.216797,-0.918131,0.3317,0.904104,0.316886,0.286553,-0.368484,0.238917,0.898333,0.00017,-0.001645,-0.002214,-0.004801,0.004806,0.002935,0.043613,0.062277,0.02869,-0.005332,-0.172651,0.918243,0.356399,-0.89812,-0.295329,0.325822,0.404439,-0.263836,0.875681,0.00077,-0.006318,0.003027,-0.018334,-0.002853,-0.021287,-0.091567,0.083045,0.016936,-0.055151,0.847569,0.387945,-0.36211,-0.309562,0.915655,0.25641,0.431041,-0.10523,0.896175,-3e-06,-7e-06,-1.2e-05,-4.9e-05,4.8e-05,0.000169,-0.818431
403,0.159676,-0.065456,0.297287,-0.857455,-0.375818,-0.351537,0.283799,-0.91521,0.286042,-0.428162,0.145964,0.891851,0.0,0.0,0.0,-0.0,-0.0,-0.0,-0.748814,-0.129415,-0.051535,0.300191,0.213404,-0.918613,0.332566,0.902648,0.315503,0.292605,-0.373991,0.238897,0.896059,0.000317,-0.003079,-0.004149,-0.051699,0.055219,0.006041,-0.007403,0.062246,0.028601,-0.00535,-0.169261,0.918619,0.357056,-0.896301,-0.294136,0.331853,0.409869,-0.26386,0.873146,0.000145,-0.001407,-0.001895,-0.084689,0.009399,0.043857,-0.154107,0.083045,0.016936,-0.055151,0.847616,0.387486,-0.362492,-0.309117,0.915864,0.256202,0.431268,-0.105109,0.89608,0.0,-3e-06,-1.1e-05,-8e-05,-3e-06,0.000117,-0.814513
404,0.159688,-0.065452,0.297294,-0.857489,-0.375339,-0.351964,0.283318,-0.915427,0.285825,-0.428411,0.145835,0.891753,4.1e-05,0.000377,0.000545,-0.0,-0.0,-0.0,-0.742738,-0.129569,-0.051674,0.300031,0.207985,-0.919124,0.33458,0.900853,0.313139,0.300569,-0.381297,0.240044,0.892667,0.000291,-0.002846,-0.003841,-1.53907,-1.897974,1.323652,-0.071223,0.062169,0.028528,-0.005435,-0.164434,0.917961,0.360981,-0.894548,-0.292982,0.337556,0.415624,-0.26741,0.869337,0.000171,-0.001665,-0.002245,-0.266084,0.267548,0.118408,-0.22024,0.083052,0.016937,-0.055149,0.847665,0.386993,-0.362903,-0.30864,0.916087,0.255978,0.431513,-0.104977,0.895977,2.9e-05,0.000251,0.000354,-6.5e-05,4e-06,0.000108,-0.80994
405,0.159688,-0.065452,0.297294,-0.857505,-0.375117,-0.352162,0.283095,-0.915528,0.285724,-0.428526,0.145775,0.891707,1e-06,6e-06,8e-06,-0.0,-0.0,-0.0,-0.740293,-0.129634,-0.05174,0.299954,0.206158,-0.919054,0.335902,0.900375,0.312472,0.302689,-0.383412,0.241187,0.891453,0.000256,-0.002511,-0.003392,-0.066938,0.067164,0.040981,-0.101982,0.062136,0.028494,-0.005474,-0.161768,0.91876,0.360152,-0.893416,-0.291346,0.341941,0.419091,-0.266451,0.867966,0.000149,-0.001434,-0.001933,-0.049388,0.072709,0.017821,-0.252572,0.083052,0.016938,-0.055148,0.847688,0.386764,-0.363094,-0.308419,0.91619,0.255874,0.431627,-0.104917,0.895929,2e-06,-2e-06,-7e-06,-5.5e-05,8e-06,9.4e-05,-0.807654
406,0.159688,-0.065444,0.297287,-0.857537,-0.37466,-0.35257,0.282648,-0.915738,0.285493,-0.428757,0.145628,0.89162,0.0,0.0,0.0,-0.0,-0.0,-0.0,-0.738291,-0.129744,-0.051848,0.299828,0.202182,-0.919846,0.336151,0.899107,0.31029,0.308643,-0.388468,0.240985,0.889316,0.000305,-0.002996,-0.004051,-0.225338,0.156513,0.294015,-0.178416,0.062081,0.028442,-0.005534,-0.158836,0.919516,0.359527,-0.892205,-0.289615,0.346542,0.422776,-0.265729,0.866399,0.00012,-0.00116,-0.001567,-0.415097,0.379436,0.193051,-0.320501,0.083052,0.016942,-0.055152,0.847733,0.386295,-0.363488,-0.307976,0.916405,0.255637,0.431854,-0.104767,0.895837,3e-06,-1e-06,-8e-06,0.005687,-0.091706,0.176482,-0.805042
407,0.159689,-0.065434,0.297301,-0.857562,-0.374295,-0.352896,0.282281,-0.915903,0.285327,-0.428947,0.14553,0.891545,5.1e-05,0.000477,0.000688,-0.0,-0.0,-0.0,-0.736305,-0.129907,-0.052013,0.299653,0.198832,-0.920227,0.337104,0.897583,0.30897,0.314352,-0.393685,0.241228,0.886953,-0.015489,-0.005601,-0.004942,-0.17565,0.189706,0.077197,-0.260408,0.062005,0.028363,-0.005619,-0.155066,0.919811,0.360418,-0.890255,-0.288259,0.352634,0.428251,-0.266183,0.863565,0.000206,-0.002012,-0.002722,-0.329661,0.322399,0.136121,-0.39692,0.083052,0.016946,-0.055146,0.84777,0.385918,-0.363802,-0.307612,0.916575,0.255466,0.432041,-0.104667,0.895759,4e-05,0.000369,0.00053,0.005713,-0.091687,0.176465,-0.803245
408,0.159694,-0.065389,0.297366,-0.857573,-0.37415,-0.353025,0.282135,-0.915968,0.285261,-0.429023,0.145491,0.891515,0.000129,0.001199,0.00173,-0.0,-0.0,-0.0,-0.73583,-0.130022,-0.052192,0.299415,0.196432,-0.921983,0.333696,0.896454,0.306622,0.319823,-0.397442,0.237474,0.886289,0.000489,-0.004855,-0.006589,-0.003171,0.014948,-0.024504,-0.34152,0.061942,0.028272,-0.005739,-0.151989,0.92152,0.357348,-0.888617,-0.285698,0.358798,0.432733,-0.263013,0.862302,0.000237,-0.002324,-0.003151,0.017099,-0.005531,-0.005979,-0.479056,0.083054,0.016967,-0.055115,0.847785,0.385767,-0.363926,-0.307466,0.916643,0.255398,0.432115,-0.104628,0.895727,9.6e-05,0.000902,0.0013,-2.3e-05,6e-06,5.1e-05,-0.802429
409,0.159686,-0.065348,0.297425,-0.857588,-0.373928,-0.353223,0.281913,-0.916068,0.285161,-0.429138,0.145431,0.891469,0.000256,0.002379,0.003432,0.000832,-0.013289,0.025559,-0.73497,-0.130095,-0.052303,0.29926,0.194396,-0.922761,0.332737,0.895594,0.305218,0.323553,-0.40037,0.236255,0.885297,0.00061,-0.00608,-0.008262,-0.012576,0.024425,-0.018737,-0.396589,0.061906,0.028216,-0.005817,-0.149964,0.922224,0.356387,-0.887483,-0.284434,0.362587,0.435756,-0.261913,0.861114,0.000318,-0.003126,-0.004246,0.016321,0.009005,-0.026129,-0.526247,0.08305,0.016986,-0.055088,0.847806,0.385555,-0.364103,-0.307261,0.916739,0.255302,0.432221,-0.104572,0.895683,9e-05,0.000851,0.001229,0.0,1.6e-05,4.2e-05,-0.801776
410,0.15972,-0.065272,0.297553,-0.857617,-0.373517,-0.353586,0.28149,-0.916249,0.284997,-0.429357,0.145346,0.891378,0.000268,0.002499,0.003602,0.000832,-0.013288,0.02556,-0.731669,-0.13031,-0.052564,0.298876,0.186559,-0.924168,0.333317,0.892767,0.300969,0.335138,-0.410282,0.236209,0.88076,0.000722,-0.007257,-0.009894,-0.233545,0.165412,0.299438,-0.512835,0.061798,0.028085,-0.00601,-0.142807,0.923423,0.356224,-0.884157,-0.280779,0.373401,0.444827,-0.261633,0.856549,0.000374,-0.003708,-0.00505,-0.306455,0.21951,0.310955,-0.640877,0.083067,0.017025,-0.055022,0.847848,0.385133,-0.364453,-0.306841,0.916927,0.255133,0.432437,-0.104485,0.895589,9.5e-05,0.000893,0.001287,4e-06,1.4e-05,2.3e-05,-0.799816
411,0.159777,-0.065199,0.297659,-0.85764,-0.373201,-0.353866,0.281173,-0.916391,0.284853,-0.429519,0.145262,0.891313,0.016557,0.001246,0.001764,0.000984,-0.014715,0.029553,-0.729485,-0.130413,-0.052778,0.298237,0.1701,-0.925891,0.337318,0.894731,0.288437,0.340872,-0.413124,0.244987,0.877025,-0.016162,-0.002023,-0.023418,-0.038893,0.093567,0.009352,-0.591839,0.061746,0.027981,-0.006326,-0.12529,0.924514,0.359966,-0.88518,-0.268026,0.380284,0.448059,-0.270989,0.851943,-0.008053,-0.001222,-0.011992,0.008091,0.06219,0.001847,-0.732973,0.083096,0.017065,-0.054965,0.847881,0.384791,-0.364736,-0.306511,0.91708,0.254977,0.432605,-0.104395,0.895518,0.008278,0.000633,0.000893,0.000979,-0.014714,0.029567,-0.797693
412,0.159805,-0.065159,0.297715,-0.857651,-0.373034,-0.354013,0.281006,-0.916466,0.284777,-0.429605,0.145218,0.891279,0.016558,0.001282,0.001813,0.000984,-0.014715,0.029553,-0.728898,-0.130465,-0.052894,0.297772,0.155924,-0.927199,0.34056,0.896927,0.277207,0.3444,-0.413934,0.252919,0.874388,1.5e-05,-0.002881,-0.027317,0.250377,0.94074,1.63285,-0.621675,0.06172,0.027925,-0.006545,-0.114127,0.925344,0.361542,-0.887084,-0.258761,0.382259,0.447275,-0.277092,0.85039,0.000135,-0.001614,-0.014038,1.545448,2.294215,5.054196,-0.769223,0.083104,0.017084,-0.054938,0.847896,0.384639,-0.364861,-0.306364,0.917149,0.254908,0.43268,-0.104355,0.895486,0.000116,0.00111,0.001594,4e-06,1.1e-05,1.3e-05,-0.796877
413,0.159865,-0.065066,0.29785,-0.857678,-0.372653,-0.35435,0.280624,-0.916637,0.284604,-0.429801,0.145117,0.891201,0.000318,0.002983,0.004287,0.000833,-0.013288,0.02556,-0.72789,-0.130524,-0.053016,0.296543,0.126941,-0.929447,0.346418,0.901245,0.253822,0.351091,-0.414413,0.268803,0.869408,0.000282,-0.005631,-0.031272,-0.278981,0.365884,0.210837,-0.707127,0.06169,0.027862,-0.007173,-0.082563,0.926783,0.366407,-0.890524,-0.233657,0.390345,0.44738,-0.294067,0.844615,0.000174,-0.003016,-0.015903,-0.374149,0.434004,0.226621,-0.844827,0.08314,0.017128,-0.054874,0.847934,0.384245,-0.365188,-0.305984,0.917326,0.254728,0.432875,-0.104251,0.895405,0.000127,0.001197,0.001718,9e-06,5e-06,1e-05,-0.795571
414,0.15995,-0.064953,0.298012,-0.857704,-0.372281,-0.354677,0.280251,-0.916803,0.284434,-0.429991,0.145019,0.891125,0.000317,0.002978,0.004273,0.0,0.0,0.0,-0.727611,-0.130517,-0.05301,0.294958,0.089915,-0.931347,0.352845,0.905976,0.22351,0.359421,-0.413728,0.288518,0.863394,-0.000747,0.002021,-0.044404,-0.115054,0.220041,0.092053,-0.791376,0.061694,0.027864,-0.007948,-0.044482,0.927377,0.371474,-0.893607,-0.203179,0.400229,0.446639,-0.314149,0.837748,-0.000351,0.000958,-0.022259,-0.12361,0.258576,0.137327,-0.893814,0.083183,0.017186,-0.054792,0.847972,0.383847,-0.365517,-0.305599,0.917504,0.254546,0.433071,-0.104146,0.895322,0.008361,0.001492,0.002122,0.001834,-0.027989,0.055118,-0.794264
415,0.160027,-0.064804,0.298224,-0.857744,-0.371703,-0.355188,0.279673,-0.917062,0.284171,-0.430289,0.144866,0.891007,0.000452,0.00426,0.0061,0.000833,-0.013288,0.02556,-0.722753,-0.130455,-0.052866,0.293137,0.04532,-0.931727,0.360308,0.910252,0.18698,0.369342,-0.411557,0.312399,0.85609,0.015315,0.003172,-0.045819,0.29961,0.995916,1.646521,-0.855213,0.061719,0.027933,-0.008862,-0.002096,0.926496,0.376297,-0.896461,-0.168485,0.40984,0.443116,-0.336477,0.830921,-0.000892,0.006039,-0.027351,1.531981,2.580769,5.030023,-0.911449,0.083221,0.017258,-0.054688,0.848027,0.383271,-0.365995,-0.305044,0.917762,0.254282,0.433356,-0.103994,0.895202,0.008379,0.001711,0.002429,0.000983,-0.014727,0.02956,-0.792468
416,0.160061,-0.064706,0.298346,-0.857758,-0.371475,-0.355391,0.279455,-0.917167,0.284043,-0.4304,0.144781,0.890967,0.000529,0.004996,0.007146,0.000833,-0.013289,0.025559,-0.715172,-0.130456,-0.05273,0.292163,0.025267,-0.930609,0.36513,0.913124,0.170017,0.37045,-0.406858,0.325214,0.853561,-0.002004,0.011989,-0.05454,0.02784,0.20577,0.193202,-0.884541,0.061725,0.027997,-0.009347,0.020861,0.924454,0.380722,-0.898526,-0.149654,0.412617,0.438422,-0.350696,0.827524,-0.000307,0.000558,-0.023035,0.141199,0.333141,0.482395,-0.929738,0.083238,0.017306,-0.054628,0.848048,0.383036,-0.36619,-0.304828,0.91787,0.254151,0.433465,-0.103907,0.895159,0.000249,0.002376,0.003396,0.000856,-0.013283,0.025571,-0.789529
417,0.160144,-0.064497,0.298645,-0.858144,-0.371808,-0.354109,0.279068,-0.916664,0.286041,-0.429883,0.1471,0.890836,0.000654,0.0062,0.008842,0.000833,-0.013289,0.025559,-0.679815,-0.130515,-0.052397,0.29018,-0.033775,-0.922834,0.383704,0.920269,0.120891,0.372055,-0.389692,0.366831,0.844653,-0.000723,0.001736,-0.045536,-0.423906,0.494191,0.498122,-0.947786,0.061695,0.028166,-0.010344,0.078534,0.915205,0.39526,-0.905145,-0.100697,0.413002,0.417784,-0.390203,0.820486,-0.001007,0.006255,-0.027018,0.040454,0.285295,0.179561,-0.939045,0.083279,0.01741,-0.05448,0.848423,0.383422,-0.364916,-0.304431,0.917441,0.256169,0.43301,-0.106248,0.895104,0.000324,0.003124,0.004455,0.001273,-0.013659,0.02585,-0.7732
