frame,MLTx,MLTy,MLTz,MLTR1,MLTR2,MLTR3,MLTR4,MLTR5,MLTR6,MLTR7,MLTR8,MLTR9,MLTTVx,MLTTVy,MLTTVz,MLTRVx,MLTRVy,MLTRVz,MLGA,MRTx,MRTy,MRTz,MRTR1,MRTR2,MRTR3,MRTR4,MRTR5,MRTR6,MRTR7,MRTR8,MRTR9,MRTTVx,MRTTVy,MRTTVz,MRTRVx,MRTRVy,MRTRVz,MRGA,SLTx,SLTy,SLTz,SLTR1,SLTR2,SLTR3,SLTR4,SLTR5,SLTR6,SLTR7,SLTR8,SLTR9,SLTTVx,SLTTVy,SLTTVz,SLTRVx,SLTRVy,SLTRVz,SLGA,SRTx,SRTy,SRTz,SRTR1,SRTR2,SRTR3,SRTR4,SRTR5,SRTR6,SRTR7,SRTR8,SRTR9,SRTTVx,SRTTVy,SRTTVz,SRTRVx,SRTRVy,SRTRVz,SRGA
1,0.077387,0.013911,0.362983,-0.484873,0.051162,-0.873113,-0.585478,-0.760594,0.280509,-0.649136,0.647132,0.399836,-0.000449,-0.008596,0.010318,-0.033694,0.005222,0.009917,0.354969,-0.146169,0.034217,0.336937,0.724987,-0.236012,0.647058,0.084838,0.96283,0.25631,-0.684397,-0.13064,0.717215,-0.00106,0.019219,0.04647,-0.233232,0.010488,0.580267,0.437255,0.020944,0.035035,-0.013103,-0.70036,0.184509,0.689529,-0.047657,-0.975944,0.212743,0.712196,0.116136,0.692306,-0.000599,0.010059,0.023575,-0.338676,0.12603,0.682946,0.370055,0.075886,0.031472,-0.05968,-0.449668,0.036616,-0.892444,-0.467589,-0.860958,0.200276,-0.761024,0.507355,0.404267,-0.000517,-0.005116,0.004536,-0.03432,0.019115,-0.015323,0.284433
2,0.077409,0.013823,0.363056,-0.484971,0.051204,-0.873056,-0.585639,-0.760414,0.280657,-0.648917,0.647339,0.399857,4.5e-05,0.00013,9.9e-05,-0.0,-0.0,-0.0,0.35735,-0.146239,0.034408,0.337893,0.726217,-0.240334,0.644081,0.088279,0.96167,0.259481,-0.682655,-0.131289,0.718755,0.000552,0.004172,0.051321,-0.076664,-0.249577,0.374047,0.460814,0.020907,0.035143,-0.012621,-0.701279,0.189641,0.687199,-0.051039,-0.97485,0.216937,0.711057,0.117059,0.693321,-0.00039,0.007684,0.021728,-0.036159,-0.178702,0.213007,0.402224,0.075898,0.031426,-0.059639,-0.449774,0.036648,-0.892389,-0.467807,-0.860803,0.200429,-0.760827,0.507614,0.404311,-3.7e-05,-8.1e-05,-6e-05,-6.6e-05,1.8e-05,2.6e-05,0.285903
3,0.077438,0.01377,0.363055,-0.485478,0.056681,-0.872435,-0.590154,-0.757482,0.279126,-0.644436,0.650307,0.402281,-0.000237,-0.000683,-0.00052,0.090399,0.217041,0.11744,0.365866,-0.146457,0.034407,0.339732,0.721793,-0.24474,0.647386,0.088801,0.960332,0.264217,-0.687264,-0.132925,0.714046,-0.011438,-0.00558,0.045134,-0.331065,0.291791,0.198727,0.487399,0.020802,0.035156,-0.01171,-0.698331,0.192534,0.689394,-0.051561,-0.974172,0.219837,0.713915,0.117974,0.690222,-0.005743,-0.00288,0.02251,-0.415421,0.393765,0.27745,0.451211,0.075911,0.031393,-0.059638,-0.45074,0.041041,-0.89171,-0.47275,-0.858325,0.19946,-0.757192,0.511461,0.406284,-0.000199,-0.000571,-0.000434,0.170304,0.424456,0.231426,0.293088
4,0.077461,0.013786,0.362967,-0.485396,0.05666,-0.872482,-0.590043,-0.757613,0.279004,-0.644598,0.650156,0.402264,-0.000362,-0.001041,-0.000793,2.3e-05,5.4e-05,2.9e-05,0.374781,-0.146698,0.034097,0.341214,0.717717,-0.246642,0.651185,0.085727,0.959275,0.269026,-0.691907,-0.136961,0.70878,0.000819,-0.002271,0.030289,-0.384285,0.401895,0.305411,0.499406,0.020677,0.035001,-0.010944,-0.694352,0.194279,0.692913,-0.048252,-0.97327,0.224533,0.718015,0.122471,0.685167,-0.005308,-0.007775,0.01893,-0.095858,-0.007343,-0.04485,0.479133,0.075922,0.031404,-0.059687,-0.4511,0.04195,-0.891486,-0.472544,-0.858613,0.198708,-0.757106,0.510904,0.407144,-0.000195,-0.000562,-0.000429,-0.001139,-0.00277,-0.001477,0.305661
5,0.077529,0.013796,0.362913,-0.485211,0.056709,-0.872582,-0.590042,-0.757689,0.278798,-0.644739,0.650063,0.402189,-3e-06,-1e-05,-8e-06,0.0,0.0,0.0,0.370115,-0.146695,0.033792,0.342388,0.717678,-0.246047,0.651452,0.083131,0.959004,0.270801,-0.692264,-0.139894,0.707858,0.001182,-0.006525,0.027196,-0.069089,-0.012778,0.01068,0.501836,0.020679,0.034845,-0.010361,-0.692889,0.195218,0.694114,-0.04547,-0.972565,0.228142,0.719609,0.126516,0.682756,0.00698,-0.003281,0.013019,-0.064716,-0.032117,0.036627,0.490074,0.075955,0.031407,-0.059715,-0.450908,0.042009,-0.89158,-0.472521,-0.85867,0.198515,-0.757235,0.510803,0.407031,8e-06,2.2e-05,1.6e-05,5.9e-05,-8e-05,-5.7e-05,0.307457
6,0.077549,0.013783,0.362929,-0.485184,0.056737,-0.872595,-0.590094,-0.757655,0.278783,-0.644712,0.650101,0.402172,0.000338,0.000975,0.000743,0.0,0.0,0.0,0.367054,-0.146626,0.033666,0.34283,0.7163,-0.244259,0.653638,0.081471,0.959524,0.269461,-0.693886,-0.139466,0.706353,0.000272,0.000461,0.016242,-0.048197,0.100654,-0.16171,0.501799,0.020713,0.034781,-0.010128,-0.691388,0.193325,0.696137,-0.043806,-0.972978,0.226699,0.721153,0.126242,0.681175,0.000149,-0.000128,0.007864,-0.049637,0.098048,-0.161279,0.49236,0.075965,0.031398,-0.059709,-0.450886,0.04204,-0.89159,-0.472575,-0.858644,0.198499,-0.757214,0.510844,0.407018,-0.000342,-0.004638,0.0049,-0.034176,0.019054,-0.015379,0.305824
7,0.077559,0.013763,0.362952,-0.485194,0.056756,-0.872588,-0.590146,-0.757605,0.278808,-0.644657,0.650157,0.40217,3.5e-05,0.0001,7.6e-05,0.0,0.0,0.0,0.363848,-0.146501,0.033498,0.343466,0.713544,-0.240805,0.65792,0.078744,0.960615,0.266368,-0.697034,-0.137965,0.703542,0.01333,-0.002444,0.013035,-0.046131,0.085167,-0.132646,0.5017,0.02077,0.034695,-0.009817,-0.688401,0.189816,0.700052,-0.041254,-0.973834,0.223482,0.724155,0.124966,0.678219,0.000336,-0.002259,0.006343,-0.037983,0.007237,-0.01815,0.492686,0.075971,0.031391,-0.059695,-0.450899,0.042056,-0.891583,-0.472634,-0.858606,0.198524,-0.75717,0.510907,0.407022,1.4e-05,4.9e-05,3.8e-05,4.9e-05,-1.5e-05,-9e-06,0.301089
8,0.077512,0.013764,0.362989,-0.485308,0.056725,-0.872527,-0.590145,-0.757559,0.278933,-0.644572,0.650213,0.402215,0.000208,0.0006,0.000457,0.0,0.0,0.0,0.365519,-0.146425,0.033556,0.343762,0.710871,-0.241431,0.660579,0.078109,0.960451,0.267147,-0.69983,-0.138017,0.700751,0.000772,-0.005397,0.012061,-0.106622,0.089147,0.07226,0.499836,0.020814,0.03472,-0.009672,-0.68562,0.190231,0.702664,-0.040422,-0.973711,0.22417,0.726836,0.125293,0.675285,-0.000221,0.002502,0.00177,-0.094208,0.122709,0.085401,0.491054,0.075947,0.031391,-0.059677,-0.451009,0.042002,-0.89153,-0.472645,-0.85857,0.198653,-0.757098,0.510971,0.407075,0.000134,0.000393,0.000299,2.7e-05,-1.2e-05,-2.6e-05,0.300599
9,0.077492,0.013752,0.363017,-0.485255,0.056767,-0.872554,-0.590228,-0.757506,0.278902,-0.644536,0.650271,0.402179,5.1e-05,0.000146,0.000111,0.0,0.0,0.0,0.364841,-0.146416,0.033673,0.343832,0.710942,-0.241611,0.660437,0.078285,0.960407,0.267253,-0.699739,-0.138006,0.700844,-0.000494,0.005736,0.004056,0.000925,-0.014065,0.025215,0.499314,0.020819,0.034773,-0.009636,-0.685594,0.190538,0.702606,-0.040602,-0.973645,0.224421,0.72685,0.125334,0.675262,-0.000218,0.00247,0.001745,0.008555,-0.009817,-0.006161,0.490074,0.075937,0.031386,-0.059662,-0.450962,0.042054,-0.891551,-0.472733,-0.858529,0.19862,-0.75707,0.511036,0.407044,-0.000544,-0.005219,0.004458,-0.034212,0.01907,-0.015354,0.300599
10,0.077492,0.013734,0.363042,-0.485285,0.056776,-0.872536,-0.59027,-0.757457,0.278946,-0.644475,0.650327,0.402186,1e-06,3e-06,2e-06,0.0,0.0,0.0,0.36012,-0.146363,0.033948,0.344007,0.709403,-0.243366,0.661447,0.078307,0.959823,0.269336,-0.701297,-0.138977,0.699094,-0.000684,0.007919,0.005587,-0.002574,-0.009432,0.028461,0.498891,0.020841,0.0349,-0.009554,-0.683977,0.192307,0.703698,-0.040481,-0.973146,0.226595,0.728378,0.1265,0.673395,-0.00032,0.003671,0.002589,0.013725,-0.0275,0.01736,0.488278,0.075937,0.031377,-0.05965,-0.450994,0.042057,-0.891534,-0.472783,-0.858491,0.198665,-0.75702,0.5111,0.407058,-4e-06,-1.2e-05,-1e-05,1.9e-05,3e-06,-1.4e-05,0.298476
11,0.077459,0.0137,0.363091,-0.485424,0.056758,-0.87246,-0.590314,-0.757362,0.279111,-0.64433,0.650439,0.402237,-0.013057,0.003082,0.00198,-0.000984,0.014715,-0.029553,0.35915,-0.146143,0.034388,0.344306,0.70822,-0.246048,0.661722,0.079094,0.958978,0.272099,-0.702403,-0.140069,0.697763,0.011436,0.015347,0.009668,0.005358,-0.045271,0.078319,0.498786,0.020948,0.035108,-0.009413,-0.682911,0.1949,0.70402,-0.041154,-0.972485,0.2293,0.72934,0.127618,0.672142,-0.000626,0.007148,0.00502,0.012163,-0.040186,0.042623,0.487788,0.075926,0.031359,-0.059626,-0.451113,0.042025,-0.891476,-0.472857,-0.858416,0.198813,-0.756903,0.511228,0.407114,7e-06,1.7e-05,1.1e-05,9e-06,8e-06,-2.3e-05,0.29472
12,0.077404,0.013676,0.363185,-0.4856,0.056744,-0.872363,-0.590396,-0.757219,0.279329,-0.644122,0.650608,0.402296,-0.000916,-0.009942,0.009297,-0.034236,0.019084,-0.015344,0.362607,-0.145873,0.034936,0.344804,0.705419,-0.250259,0.663133,0.079462,0.957541,0.27701,-0.705174,-0.14241,0.694487,-0.001566,0.017733,0.012393,-0.040808,0.028067,0.089796,0.50469,0.021092,0.035389,-0.00916,-0.680102,0.199233,0.705525,-0.041311,-0.97125,0.234447,0.731952,0.130302,0.66878,0.00617,0.003954,0.010095,-0.067055,0.014708,0.096585,0.49089,0.075894,0.031351,-0.059582,-0.451291,0.041966,-0.891389,-0.472946,-0.858316,0.199034,-0.756741,0.511402,0.407197,0.000145,0.000419,0.000319,1.4e-05,4e-06,-1e-06,0.296027
13,0.077379,0.013679,0.363225,-0.485655,0.05674,-0.872333,-0.590424,-0.75717,0.279398,-0.644054,0.650665,0.402314,0.0004,0.001151,0.000876,0.0,0.0,0.0,0.365103,-0.145809,0.035207,0.345092,0.702344,-0.253758,0.665065,0.079244,0.956289,0.281362,-0.70826,-0.144602,0.690884,-0.000309,0.006773,0.020476,-0.382938,0.528081,0.172678,0.50776,0.021123,0.035531,-0.009017,-0.678573,0.201277,0.706416,-0.041219,-0.970642,0.236968,0.733374,0.131683,0.666948,-0.000811,0.009067,0.006314,0.004944,-0.025968,0.05456,0.495299,0.07588,0.031348,-0.05956,-0.451362,0.041948,-0.891354,-0.472999,-0.858265,0.199126,-0.756666,0.511488,0.407229,0.000254,0.000732,0.000557,5e-06,-1e-05,-3e-06,0.297496
14,0.07736,0.013667,0.363252,-0.485603,0.056782,-0.872359,-0.590507,-0.757117,0.279367,-0.644018,0.650722,0.402278,1e-06,4e-06,3e-06,0.0,0.0,0.0,0.366345,-0.145854,0.035664,0.345717,0.698014,-0.25959,0.667369,0.079164,0.954161,0.288519,-0.712537,-0.148242,0.685696,-0.000307,0.006739,0.020377,-0.101544,0.068771,0.092958,0.510991,0.0211,0.035763,-0.008703,-0.672619,0.208718,0.709943,-0.04056,-0.968354,0.24626,0.738875,0.136844,0.6598,-0.007105,0.008303,0.006301,-0.047754,0.056791,0.072786,0.501667,0.075871,0.031344,-0.059544,-0.451315,0.041999,-0.891375,-0.473088,-0.858224,0.199094,-0.756638,0.511553,0.407199,-8e-06,-2.4e-05,-1.9e-05,1.4e-05,1.4e-05,1.1e-05,0.300272
15,0.077393,0.013645,0.363224,-0.485559,0.056797,-0.872383,-0.590511,-0.757133,0.279318,-0.644048,0.650703,0.402262,-6.1e-05,-0.000176,-0.000134,0.0,0.0,0.0,0.367222,-0.146016,0.036061,0.346426,0.693765,-0.265559,0.669448,0.078967,0.951902,0.29594,-0.716695,-0.152124,0.680492,-0.012952,0.00622,0.021036,-0.069375,0.03894,0.032156,0.516409,0.021024,0.035962,-0.008348,-0.668422,0.214767,0.7121,-0.040138,-0.966425,0.253793,0.742698,0.141058,0.6546,-0.000195,0.003742,0.01041,-0.037029,-0.008229,0.042122,0.506893,0.075887,0.031332,-0.059559,-0.451274,0.042023,-0.891394,-0.473086,-0.858236,0.199044,-0.756663,0.51153,0.40718,0.000541,0.005206,-0.00447,0.034236,-0.019075,0.015338,0.301579
16,0.07743,0.013637,0.363207,-0.48548,0.056827,-0.872424,-0.590532,-0.757146,0.279236,-0.644088,0.650685,0.402228,-1.9e-05,-5.5e-05,-4.2e-05,0.0,0.0,0.0,0.36787,-0.146113,0.036236,0.346812,0.693927,-0.265796,0.669185,0.078776,0.951741,0.296509,-0.716559,-0.152716,0.680503,-0.012907,0.005864,0.02075,-0.035007,-0.006088,0.000724,0.520715,0.020976,0.036051,-0.008154,-0.668836,0.214798,0.711702,-0.040031,-0.966365,0.254038,0.742331,0.141419,0.654938,-0.000171,0.003482,0.010211,-0.023919,-0.031887,0.023072,0.511628,0.075906,0.031328,-0.059568,-0.451199,0.042068,-0.89143,-0.473101,-0.858247,0.19896,-0.756698,0.511508,0.407143,0.00057,0.005292,-0.004404,0.034238,-0.019082,0.015347,0.301905
17,0.07749,0.013632,0.363191,-0.485343,0.056884,-0.872497,-0.590583,-0.757158,0.279098,-0.644145,0.650666,0.402166,-0.0,-0.0,-0.0,0.0,0.0,0.0,0.368344,-0.14623,0.036388,0.347524,0.694034,-0.265773,0.669083,0.077821,0.951536,0.297418,-0.71656,-0.154025,0.680207,5.3e-05,0.002759,0.017488,-0.034509,-0.006449,0.005304,0.525826,0.020912,0.036134,-0.007793,-0.669025,0.214688,0.711557,-0.039042,-0.966202,0.254809,0.742213,0.142693,0.654796,-4e-06,0.001593,0.008893,-0.032722,-0.022147,0.029103,0.51914,0.075936,0.031325,-0.059576,-0.45107,0.042151,-0.891491,-0.473144,-0.858256,0.198818,-0.756749,0.511485,0.407077,0.0,7e-06,5e-06,-1.3e-05,-1.1e-05,-3.5e-05,0.302558
18,0.077499,0.013621,0.363196,-0.485462,0.056842,-0.872433,-0.590542,-0.757147,0.279214,-0.644092,0.650683,0.402224,-0.0,-0.0,-0.0,0.0,0.0,0.0,0.37078,-0.146216,0.036373,0.348239,0.693954,-0.265332,0.669341,0.07629,0.951408,0.298222,-0.716802,-0.155565,0.679601,0.00023,0.000736,0.01608,-0.034509,-0.006442,0.005309,0.526399,0.020919,0.036126,-0.007442,-0.668923,0.214223,0.711793,-0.03748,-0.966074,0.255529,0.742385,0.144251,0.654259,0.00072,-0.004963,0.012217,-0.069282,-0.012956,0.010351,0.519466,0.075941,0.03132,-0.059573,-0.451184,0.042086,-0.891437,-0.473111,-0.858247,0.198937,-0.756702,0.511506,0.407139,-0.000578,-0.005308,0.004393,-0.03424,0.019054,-0.015364,0.304191
19,0.077462,0.013637,0.363208,-0.485525,0.056811,-0.872401,-0.59051,-0.757149,0.279275,-0.644074,0.650683,0.402252,0.000109,0.000313,0.000238,0.0,0.0,0.0,0.372247,-0.146079,0.036272,0.348931,0.693828,-0.264821,0.669673,0.074616,0.951282,0.299047,-0.717099,-0.157195,0.678912,0.000269,0.00026,0.015735,-0.034509,-0.006443,0.005309,0.526106,0.020987,0.036073,-0.007091,-0.668775,0.213698,0.712089,-0.035748,-0.965934,0.256303,0.742603,0.145954,0.653633,0.00012,0.000165,0.007891,-0.032728,-0.021785,0.029482,0.519793,0.075922,0.031328,-0.059568,-0.451242,0.042044,-0.89141,-0.473082,-0.858249,0.199,-0.756685,0.511508,0.407168,6.7e-05,0.000205,0.000157,1e-05,-6e-06,3e-06,0.306314
20,0.077433,0.013644,0.363212,-0.485241,0.059657,-0.872369,-0.594952,-0.753641,0.279334,-0.640192,0.654485,0.40228,2e-06,5e-06,3e-06,-0.433905,0.138937,0.200089,0.372345,-0.146003,0.036229,0.349258,0.69377,-0.264587,0.669827,0.073834,0.95122,0.299437,-0.717237,-0.157961,0.678588,0.000302,-0.000137,0.015457,-0.034509,-0.006444,0.005309,0.525999,0.021025,0.036051,-0.006928,-0.668704,0.213456,0.712229,-0.034947,-0.965869,0.256661,0.742706,0.14674,0.653341,0.00013,4.6e-05,0.007805,-0.048194,0.098853,-0.16301,0.519956,0.075908,0.031332,-0.059565,-0.45142,0.044827,-0.891184,-0.477907,-0.855561,0.199043,-0.753541,0.515756,0.40764,-2e-06,-3e-06,-2e-06,-0.437816,0.143533,0.201895,0.307131
21,0.077375,0.013657,0.363233,-0.485237,0.05966,-0.872371,-0.594972,-0.753623,0.279341,-0.640177,0.654505,0.402272,6e-06,1.7e-05,1.3e-05,-0.0,0.0,0.0,0.373297,-0.145823,0.036326,0.349762,0.693898,-0.264793,0.669613,0.073288,0.950994,0.300288,-0.717169,-0.158972,0.678424,0.011557,0.012122,0.007073,0.004009,-0.030442,0.053625,0.526024,0.021111,0.036094,-0.006673,-0.668837,0.213631,0.712051,-0.034315,-0.965671,0.25749,0.742616,0.147785,0.653207,-0.000504,0.005557,0.003729,0.001861,-0.015284,0.024283,0.520119,0.075879,0.031338,-0.059555,-0.451412,0.044902,-0.891184,-0.478061,-0.855474,0.19905,-0.753448,0.515894,0.407637,-0.006535,0.001525,0.000978,-0.00086,0.014671,-0.029627,0.3086
22,0.077335,0.013658,0.363245,-0.485334,0.059622,-0.872319,-0.594942,-0.753611,0.27944,-0.640131,0.654524,0.402315,0.0,0.0,0.0,0.0,0.0,0.0,0.37477,-0.145627,0.036599,0.350124,0.693979,-0.264998,0.669448,0.073144,0.950862,0.300741,-0.717106,-0.159418,0.678386,0.000415,-0.001477,0.014514,-0.034506,-0.00647,0.005296,0.525699,0.021209,0.036233,-0.006496,-0.668928,0.213835,0.711905,-0.034167,-0.965561,0.257922,0.742541,0.148208,0.653197,-0.000441,0.00483,0.003229,-0.011646,0.089811,-0.143978,0.520119,0.075859,0.031339,-0.059549,-0.451505,0.044843,-0.89114,-0.478032,-0.855466,0.199151,-0.753411,0.515912,0.407683,-2e-06,-3e-06,-2e-06,7.9e-05,-2.7e-05,-2.8e-05,0.310396
23,0.077316,0.013662,0.363248,-0.485375,0.059603,-0.872298,-0.594921,-0.753612,0.279479,-0.64012,0.654523,0.402333,0.0,0.0,0.0,0.0,0.0,0.0,0.377043,-0.145453,0.036806,0.350421,0.693924,-0.264892,0.669546,0.072764,0.95083,0.300934,-0.717197,-0.159783,0.678204,0.011936,0.007517,0.003954,-0.011514,0.089803,-0.139098,0.525655,0.021295,0.036343,-0.006344,-0.66893,0.213851,0.711899,-0.033882,-0.965498,0.258194,0.742553,0.148593,0.653096,-0.000303,0.003294,0.002197,0.001923,-0.015204,0.024321,0.520283,0.075849,0.031341,-0.059547,-0.451542,0.044816,-0.891123,-0.478013,-0.855468,0.199191,-0.753401,0.515912,0.407703,0.0,-1e-06,-1e-06,6.8e-05,7e-06,-4.9e-05,0.312683
24,0.077325,0.01366,0.363247,-0.485354,0.059613,-0.872309,-0.594931,-0.753612,0.279459,-0.640126,0.654523,0.402324,0.0,0.0,0.0,0.0,0.0,0.0,0.377585,-0.145391,0.036864,0.350524,0.693855,-0.264737,0.669679,0.072514,0.95085,0.30093,-0.717289,-0.159917,0.678075,-0.000474,0.00523,0.003487,0.001965,-0.015212,0.024395,0.525779,0.021331,0.036373,-0.006287,-0.668808,0.213604,0.712087,-0.033538,-0.965528,0.258129,0.742678,0.148757,0.652916,-0.000223,0.002418,0.001609,0.001921,-0.015217,0.024354,0.520283,0.075854,0.03134,-0.059548,-0.451523,0.04483,-0.891132,-0.478022,-0.855467,0.199171,-0.753406,0.515912,0.407693,2e-06,-1e-06,-2e-06,6.7e-05,1.5e-05,-5.3e-05,0.314152
25,0.077344,0.013657,0.363232,-0.485316,0.059624,-0.872329,-0.594932,-0.753627,0.279416,-0.640154,0.654505,0.402309,-1.3e-05,-3.8e-05,-2.9e-05,0.0,0.0,0.0,0.376816,-0.145318,0.036909,0.350617,0.693637,-0.264248,0.670098,0.071968,0.95097,0.300684,-0.717555,-0.160018,0.67777,-5.2e-05,0.000575,0.000383,-0.0,0.0,0.0,0.507412,0.021367,0.036398,-0.006238,-0.668558,0.213102,0.712472,-0.032999,-0.965619,0.257854,0.742927,0.148879,0.652605,-1.3e-05,0.000126,8.3e-05,-3.2e-05,0.0,-3.3e-05,0.514731,0.075863,0.031338,-0.059555,-0.451486,0.044847,-0.89115,-0.478017,-0.85548,0.199128,-0.753431,0.515889,0.407675,-5e-06,-1.7e-05,-1.3e-05,6e-05,-5e-06,-2.4e-05,0.314479
26,0.077353,0.013654,0.36323,-0.485296,0.059633,-0.87234,-0.594942,-0.753626,0.279397,-0.64016,0.654505,0.402299,0.000339,0.000974,0.000741,0.0,0.0,0.0,0.376696,-0.145273,0.03693,0.350615,0.6926,-0.259746,0.672925,0.071051,0.952865,0.294845,-0.718647,-0.156081,0.677531,-0.000133,0.00146,0.000973,0.120889,-0.17015,-0.084004,0.483381,0.02139,0.0364,-0.006245,-0.666933,0.20879,0.715266,-0.032298,-0.967136,0.252196,0.744416,0.145096,0.651759,8e-06,-8.3e-05,-5.5e-05,0.185385,-0.237408,-0.158495,0.488604,0.075867,0.031334,-0.059558,-0.451467,0.04486,-0.891159,-0.478026,-0.85548,0.199107,-0.753437,0.515887,0.407666,0.000232,0.000667,0.000508,4.2e-05,6e-06,-3.3e-05,0.314315
27,0.077344,0.013657,0.363232,-0.485316,0.059624,-0.872329,-0.594932,-0.753627,0.279416,-0.640154,0.654505,0.402309,5e-06,1.4e-05,1.1e-05,0.0,0.0,0.0,0.37728,-0.145192,0.036976,0.350627,0.692786,-0.26021,0.672554,0.071471,0.952736,0.295161,-0.718426,-0.156098,0.677761,0.012326,0.003102,0.001005,0.003515,-0.017147,0.027915,0.474279,0.021426,0.036421,-0.00624,-0.667575,0.208855,0.714648,-0.032722,-0.967151,0.252082,0.743822,0.144899,0.652481,0.006132,0.001897,0.000732,-0.006778,-0.020128,0.060827,0.475378,0.075863,0.031338,-0.059555,-0.451486,0.044846,-0.89115,-0.478015,-0.855481,0.199128,-0.753432,0.515887,0.407675,1e-06,7e-06,5e-06,3e-05,-2.1e-05,-2.4e-05,0.314479
28,0.077334,0.013659,0.363233,-0.485336,0.059614,-0.872319,-0.594922,-0.753628,0.279436,-0.640148,0.654505,0.402318,0.0,0.0,0.0,0.0,0.0,0.0,0.379443,-0.144936,0.03717,0.350756,0.696263,-0.257676,0.669934,0.072415,0.953718,0.291739,-0.714963,-0.154299,0.681823,-0.000579,0.006275,0.004173,0.019992,-0.026331,-0.018048,0.46903,0.02156,0.036513,-0.006179,-0.671231,0.206258,0.711973,-0.033849,-0.968033,0.248526,0.740474,0.142719,0.656756,0.005881,0.004563,0.0025,0.002028,-0.033341,0.049442,0.457579,0.075858,0.031339,-0.059554,-0.451505,0.044833,-0.891141,-0.478006,-0.855482,0.199147,-0.753427,0.515887,0.407685,-1e-06,-1e-06,-2e-06,2.3e-05,-8e-06,-4.7e-05,0.315785
29,0.077334,0.013659,0.363233,-0.485336,0.059614,-0.872319,-0.594922,-0.753628,0.279436,-0.640148,0.654505,0.402318,0.0,0.0,0.0,0.0,0.0,0.0,0.379742,-0.144579,0.037512,0.351007,0.696692,-0.258811,0.66905,0.073301,0.953374,0.292639,-0.714454,-0.154521,0.682306,0.012963,-0.00119,0.013588,-0.046038,0.083163,-0.133898,0.474347,0.021728,0.036685,-0.006058,-0.671553,0.207661,0.711261,-0.03468,-0.96768,0.249782,0.740143,0.143076,0.657051,0.005839,0.004869,0.002694,0.003253,-0.029372,0.054343,0.456926,0.075858,0.031339,-0.059555,-0.451505,0.044833,-0.891141,-0.478006,-0.855482,0.199147,-0.753427,0.515887,0.407685,0.0,-0.0,-1e-06,2.1e-05,-1e-06,-5.3e-05,0.316765
30,0.077333,0.013651,0.36324,-0.485352,0.059615,-0.87231,-0.594933,-0.753612,0.279456,-0.640126,0.654523,0.402324,0.0,0.0,0.0,0.0,0.0,0.0,0.380404,-0.144367,0.03767,0.351139,0.69685,-0.259255,0.668713,0.073608,0.953231,0.293028,-0.714269,-0.154658,0.682469,0.011629,0.010171,0.005675,0.004015,-0.030407,0.053647,0.476291,0.021839,0.036765,-0.005986,-0.671689,0.208036,0.711023,-0.034879,-0.967578,0.25015,0.740011,0.143223,0.657168,0.005817,0.005051,0.002808,0.004004,-0.030255,0.053829,0.458722,0.075857,0.031335,-0.059551,-0.451522,0.04483,-0.891132,-0.47802,-0.855469,0.199168,-0.753408,0.515908,0.407693,-0.0,0.0,-1e-06,1.9e-05,-3e-06,-5.2e-05,0.316928
31,0.077323,0.013653,0.363241,-0.485373,0.059605,-0.872299,-0.594922,-0.753613,0.279476,-0.64012,0.654523,0.402333,0.0,0.0,0.0,0.0,0.0,0.0,0.379972,-0.143888,0.038003,0.351374,0.695826,-0.25869,0.669998,0.073704,0.953596,0.291815,-0.715257,-0.153355,0.681728,0.011667,0.009491,0.005208,0.004017,-0.030403,0.053649,0.471696,0.022078,0.036933,-0.005867,-0.670588,0.207443,0.712235,-0.035025,-0.967888,0.248926,0.741002,0.14198,0.65632,0.005848,0.004575,0.002484,0.003967,-0.03062,0.053927,0.457906,0.075853,0.031336,-0.05955,-0.45154,0.044817,-0.891124,-0.47801,-0.85547,0.199188,-0.753403,0.515908,0.407702,0.0,-1e-06,0.0,2.5e-05,4e-06,-4.5e-05,0.317581
32,0.077321,0.013646,0.363236,-0.48539,0.059598,-0.87229,-0.594913,-0.753613,0.279493,-0.640115,0.654523,0.402342,-1e-06,-2e-06,-1e-06,0.0,0.0,0.0,0.380141,-0.143479,0.038262,0.351577,0.693588,-0.256898,0.673001,0.073429,0.954518,0.288853,-0.717455,-0.150614,0.680027,0.011935,0.006529,0.003245,0.002045,-0.015205,0.029245,0.462435,0.022287,0.037071,-0.00576,-0.668169,0.205602,0.715036,-0.034892,-0.96866,0.245923,0.74319,0.139369,0.654403,0.005973,0.003183,0.001561,0.000976,-0.017377,0.031292,0.450231,0.075851,0.031333,-0.059553,-0.451557,0.044806,-0.891116,-0.478002,-0.855471,0.199205,-0.753398,0.515908,0.407712,3e-06,4e-06,3e-06,2.3e-05,2e-06,-2.7e-05,0.317908
33,0.077321,0.013646,0.363236,-0.48539,0.059598,-0.87229,-0.594913,-0.753613,0.279493,-0.640115,0.654523,0.402342,-0.0,-0.0,-0.0,0.0,0.0,0.0,0.380765,-0.143317,0.038344,0.351639,0.692388,-0.255804,0.674652,0.073148,0.955034,0.287215,-0.718641,-0.149203,0.679085,0.012102,0.004756,0.002075,0.002045,-0.015205,0.029245,0.449294,0.022363,0.037112,-0.005729,-0.666859,0.204449,0.716588,-0.034659,-0.969095,0.244238,0.744377,0.138036,0.653336,-0.000177,0.001807,0.001182,0.000992,-0.017174,0.026257,0.442556,0.075851,0.031333,-0.059553,-0.451557,0.044806,-0.891116,-0.478002,-0.855471,0.199206,-0.753398,0.515908,0.407711,1e-06,3e-06,2e-06,2.6e-05,1e-06,-2.6e-05,0.318071
34,0.077323,0.013653,0.363241,-0.485373,0.059605,-0.872299,-0.594922,-0.753613,0.279476,-0.64012,0.654523,0.402333,0.0,0.0,0.0,0.0,0.0,0.0,0.379648,-0.1431,0.038349,0.351659,0.689895,-0.253365,0.678117,0.072406,0.956128,0.283744,-0.721109,-0.146345,0.677088,0.000197,-0.002004,-0.001319,-0.001977,0.015191,-0.024408,0.401855,0.022476,0.037119,-0.005716,-0.664153,0.201944,0.719805,-0.034068,-0.97,0.240704,0.74682,0.135342,0.651108,0.000117,-0.001184,-0.000784,-0.002975,0.013218,-0.022592,0.399611,0.075853,0.031336,-0.05955,-0.451541,0.044816,-0.891124,-0.478009,-0.85547,0.199189,-0.753403,0.515908,0.407702,-1e-06,-4e-06,-4e-06,2.4e-05,-4e-06,-1.8e-05,0.317908
35,0.077323,0.013653,0.363241,-0.485373,0.059605,-0.872299,-0.594922,-0.753613,0.279476,-0.64012,0.654523,0.402333,0.0,0.0,0.0,0.0,0.0,0.0,0.379363,-0.14295,0.038262,0.351589,0.688785,-0.248801,0.680929,0.071513,0.957926,0.277842,-0.722257,-0.142376,0.67671,0.000372,-0.003763,-0.002479,0.008478,0.001603,-0.033724,0.304853,0.022551,0.037074,-0.005752,-0.662968,0.197129,0.722227,-0.033468,-0.971549,0.234459,0.747898,0.131267,0.650704,0.000149,-0.001487,-0.000982,-0.009832,0.00411,0.006265,0.313067,0.075853,0.031336,-0.05955,-0.451541,0.044816,-0.891123,-0.478009,-0.85547,0.199188,-0.753404,0.515907,0.407702,1e-06,-2e-06,-1e-06,1.8e-05,7e-06,-3e-05,0.317744
36,0.077311,0.013649,0.363238,-0.485411,0.059588,-0.872279,-0.594903,-0.753614,0.279512,-0.640109,0.654523,0.402351,-7e-06,-2e-05,-1.5e-05,0.0,0.0,0.0,0.378805,-0.142923,0.038082,0.351447,0.69199,-0.230595,0.684081,0.058531,0.962339,0.265353,-0.720361,-0.143302,0.678534,0.000497,-0.005019,-0.003312,0.249875,-0.32463,-0.223228,0.126674,0.022565,0.036979,-0.005827,-0.664805,0.179417,0.72515,-0.020829,-0.974803,0.22209,0.746725,0.132542,0.651791,0.000262,-0.00264,-0.001741,0.331599,-0.430731,-0.280398,0.10928,0.075846,0.031334,-0.059552,-0.451576,0.044792,-0.891107,-0.477991,-0.855472,0.199226,-0.753394,0.515907,0.407721,-0.0,-5e-06,-3e-06,2e-05,-0.0,-5e-06,0.317418
37,0.077311,0.013649,0.363238,-0.485411,0.059588,-0.872279,-0.594903,-0.753614,0.279512,-0.640109,0.654523,0.402351,-0.0,-0.0,-0.0,0.0,0.0,0.0,0.379323,-0.142912,0.037979,0.35139,0.693501,-0.225249,0.684332,0.05783,0.964134,0.25891,-0.718964,-0.139707,0.680761,0.000411,-0.004152,-0.002743,0.236342,-0.308234,-0.211275,0.062225,0.02257,0.036926,-0.005856,-0.66626,0.173979,0.72514,-0.020415,-0.976294,0.215479,0.74544,0.128762,0.654017,0.00024,-0.002417,-0.001596,0.352678,-0.44261,-0.32907,0.011796,0.075846,0.031334,-0.059552,-0.451576,0.044792,-0.891107,-0.477991,-0.855472,0.199226,-0.753394,0.515907,0.407721,2e-06,4e-06,4e-06,1.7e-05,4e-06,-1.8e-05,0.317418
38,0.077324,0.013661,0.363235,-0.485356,0.059605,-0.872308,-0.594912,-0.753629,0.279456,-0.640143,0.654505,0.402328,0.0,0.0,0.0,0.0,0.0,0.0,0.380232,-0.142916,0.037824,0.351278,0.697288,-0.209397,0.685517,0.049855,0.968158,0.245188,-0.715892,-0.136538,0.68463,0.000431,-0.004362,-0.002886,0.089028,-0.02995,-0.260781,-0.035909,0.022568,0.03685,-0.005912,-0.670381,0.157306,0.72515,-0.013161,-0.979636,0.200345,0.741899,0.124764,0.6588,-0.005973,-0.003248,-0.001616,0.091031,-0.101897,-0.14209,-0.148719,0.075853,0.03134,-0.059554,-0.451524,0.044819,-0.891132,-0.477995,-0.855484,0.199168,-0.753423,0.515886,0.407695,-2e-06,-3e-06,-2e-06,1.6e-05,-1.2e-05,-5e-06,0.318071
39,0.077331,0.013652,0.363228,-0.484993,0.06248,-0.872309,-0.599365,-0.750093,0.279453,-0.636257,0.658283,0.402327,-4.1e-05,-0.000118,-9e-05,-1.446252,0.463321,0.667041,0.379875,-0.142937,0.037655,0.351134,0.700067,-0.19858,0.685903,0.041557,0.970185,0.238637,-0.713706,-0.13832,0.686552,0.000509,-0.005155,-0.003416,-0.009939,0.112506,-0.198001,-0.052131,0.022558,0.036764,-0.005978,-0.672823,0.146442,0.725163,-0.005021,-0.981093,0.193467,0.739785,0.126528,0.660838,0.000254,-0.00254,-0.001682,-0.020448,0.036631,-0.010956,-0.212729,0.075857,0.031336,-0.059557,-0.451522,0.044821,-0.891133,-0.477996,-0.855484,0.199165,-0.753423,0.515885,0.407694,-2.9e-05,-8.6e-05,-6.6e-05,1.3e-05,1.1e-05,-2.1e-05,0.318071
40,0.077291,0.013653,0.363241,-0.48509,0.062443,-0.872258,-0.599334,-0.75008,0.279552,-0.636211,0.658301,0.40237,-0.0,-0.0,-0.0,-0.0,0.0,0.0,0.379074,-0.142876,0.03758,0.350859,0.69887,-0.196068,0.687843,0.039751,0.970784,0.236497,-0.71498,-0.137704,0.68535,-0.000611,0.003877,-0.012872,0.020822,0.111634,-0.173557,-0.068417,0.022589,0.036726,-0.00611,-0.671255,0.144115,0.72708,-0.003245,-0.981478,0.191543,0.741218,0.126215,0.65929,0.006568,-0.002642,-0.002288,0.001765,-0.014386,0.030051,-0.233467,0.075837,0.031336,-0.059551,-0.451715,0.047662,-0.890887,-0.48294,-0.852682,0.199252,-0.750147,0.520251,0.408187,-0.006535,0.001528,0.000981,-0.00085,0.014659,-0.029622,0.317908
41,0.077252,0.013662,0.363247,-0.485171,0.062406,-0.872216,-0.599294,-0.750084,0.27963,-0.636188,0.658301,0.402408,-0.0,-0.0,-0.0,0.0,0.0,0.0,0.37759,-0.142821,0.037651,0.350611,0.69546,-0.195391,0.691483,0.03887,0.971071,0.235466,-0.718346,-0.136645,0.682034,-0.000584,0.003614,-0.01305,0.022283,0.018474,0.030385,-0.084977,0.022616,0.036762,-0.00624,-0.667371,0.143387,0.73079,-0.002265,-0.981675,0.190544,0.744721,0.125509,0.655466,0.006032,0.001669,-0.007151,0.043225,0.00549,0.016966,-0.244407,0.075817,0.031341,-0.059548,-0.451791,0.047608,-0.890852,-0.4829,-0.852686,0.199332,-0.750127,0.520249,0.408225,-1e-06,3e-06,3e-06,0.000112,-4e-05,-5.9e-05,0.316928
42,0.077071,0.01369,0.363263,-0.485196,0.065096,-0.872005,-0.603521,-0.746541,0.280017,-0.632163,0.662053,0.402595,-0.01337,0.002189,0.001297,-0.000984,0.014715,-0.029553,0.37743,-0.142739,0.038104,0.349753,0.682106,-0.200472,0.703231,0.037257,0.969896,0.240516,-0.731118,-0.137617,0.668125,-0.001581,0.011388,-0.023329,-0.174679,0.41566,0.061075,-0.150698,0.022656,0.036992,-0.006672,-0.653723,0.148218,0.742076,-0.000444,-0.980705,0.195489,0.756733,0.127466,0.641175,-0.000762,0.005539,-0.011768,-0.182483,0.421703,0.070144,-0.291925,0.075732,0.031355,-0.059539,-0.452233,0.050261,-0.890481,-0.487673,-0.84988,0.199697,-0.746766,0.524574,0.408855,-0.000202,-0.000574,-0.000434,0.000204,-0.000149,-0.000108,0.315948
43,0.076812,0.013707,0.363269,-0.484886,0.070619,-0.871747,-0.612071,-0.739368,0.280492,-0.624138,0.669488,0.402822,-0.013565,0.00164,0.000876,-0.002038,0.015054,-0.029066,0.378888,-0.142727,0.039051,0.348519,0.662552,-0.212035,0.718372,0.034954,0.966732,0.253263,-0.748989,-0.142434,0.646987,0.009424,0.025143,-0.030633,-0.361901,0.701939,0.326799,-0.239233,0.022663,0.037461,-0.007292,-0.634251,0.159175,0.756563,0.002287,-0.978185,0.20772,0.773123,0.133477,0.620052,0.004727,0.012579,-0.015313,-0.43694,0.795207,0.389856,-0.367038,0.075602,0.031364,-0.059536,-0.452822,0.055752,-0.889856,-0.497293,-0.844175,0.200168,-0.740034,0.53316,0.409986,-0.006853,0.000618,0.000286,-0.004255,0.014895,-0.028126,0.317745
44,0.076633,0.013712,0.363269,-0.485325,0.070431,-0.871519,-0.611852,-0.739392,0.280909,-0.624012,0.669482,0.403026,-0.013624,0.001478,0.000751,-0.000984,0.014715,-0.029553,0.381073,-0.142758,0.039771,0.347768,0.652887,-0.217889,0.725435,0.033849,0.965098,0.259567,-0.757475,-0.14465,0.636531,0.007943,0.037639,-0.037669,-0.257421,0.692559,0.105939,-0.285388,0.022644,0.037804,-0.007655,-0.624376,0.165319,0.763429,0.003597,-0.976728,0.214451,0.781115,0.136644,0.60925,-0.002927,0.023941,-0.022592,-0.331063,0.753388,0.373443,-0.4108,0.075513,0.031366,-0.059537,-0.453229,0.055474,-0.889665,-0.497084,-0.844196,0.200594,-0.739925,0.533154,0.410189,-0.006885,0.000533,0.000221,-0.000625,0.014505,-0.029734,0.319704
45,0.076159,0.013722,0.363264,-0.48595,0.072854,-0.87097,-0.615691,-0.735814,0.28191,-0.619737,0.67315,0.403512,-0.014061,0.000258,-0.000184,-0.001524,0.028571,-0.054818,0.389685,-0.142777,0.041639,0.346073,0.634016,-0.22882,0.738686,0.026598,0.961036,0.275022,-0.773613,-0.154443,0.614438,0.006315,0.051325,-0.043752,-0.227945,0.59645,0.344151,-0.334988,0.022635,0.038732,-0.008501,-0.605208,0.175996,0.776368,0.011528,-0.973215,0.229606,0.795983,0.147909,0.586969,-0.003655,0.030102,-0.026072,-0.348724,0.904705,0.257744,-0.477913,0.075277,0.031372,-0.059538,-0.454237,0.057739,-0.889007,-0.501497,-0.841343,0.201596,-0.73632,0.537408,0.411126,-0.006841,0.000668,0.000325,-0.000602,0.014471,-0.029728,0.327215
46,0.075616,0.01374,0.363276,-0.487035,0.072392,-0.870403,-0.615163,-0.735856,0.282952,-0.619409,0.673155,0.404008,-0.014194,-9.1e-05,-0.000457,-0.001523,0.02857,-0.054818,0.399341,-0.142735,0.043856,0.344139,0.622354,-0.233099,0.747216,0.004918,0.955699,0.294195,-0.783453,-0.179135,0.594959,0.00511,0.0606,-0.05268,-0.220235,0.737502,0.197664,-0.409188,0.022656,0.039843,-0.009461,-0.593474,0.180227,0.784414,0.033838,-0.968157,0.248045,0.804141,0.173751,0.568478,-0.003613,0.029612,-0.026267,-0.360958,0.843627,0.461186,-0.545678,0.075005,0.031382,-0.059532,-0.455257,0.057066,-0.888529,-0.501001,-0.841383,0.202661,-0.736028,0.537417,0.411636,-0.006924,0.000448,0.000157,-0.000719,0.014644,-0.029689,0.339135
47,0.075343,0.013745,0.363286,-0.485112,0.072892,-0.871434,-0.615705,-0.736105,0.28112,-0.620379,0.672828,0.403062,-0.013975,0.000543,2.4e-05,-0.000984,0.014714,-0.029553,0.405121,-0.142767,0.044964,0.343121,0.617155,-0.23824,0.749902,-0.004705,0.951849,0.306424,-0.787552,-0.192349,0.585344,-0.007131,0.057716,-0.053411,-0.639087,0.580287,0.112741,-0.440612,0.022644,0.0404,-0.009969,-0.588329,0.185412,0.787077,0.043448,-0.964702,0.259732,0.807453,0.187005,0.559507,-0.003502,0.02861,-0.026888,-1.699847,0.46536,-0.4159,-0.579316,0.074868,0.031382,-0.059528,-0.453387,0.057933,-0.889428,-0.501412,-0.84159,0.200778,-0.736902,0.537,0.410614,-0.007058,7.1e-05,-0.000132,-0.002236,0.030614,-0.057987,0.34632
48,0.074789,0.013721,0.363303,-0.485988,0.075243,-0.870746,-0.619468,-0.732453,0.282389,-0.615936,0.676541,0.403662,-0.014137,0.000118,-0.000307,-0.000984,0.014715,-0.029553,0.421088,-0.142951,0.046984,0.341054,0.604004,-0.256976,0.754409,-0.011495,0.943604,0.330778,-0.797605,-0.208148,0.566007,0.006979,0.04381,-0.048291,-0.360608,0.471804,0.778705,-0.495533,0.022547,0.041417,-0.011003,-0.575452,0.203577,0.792092,0.051722,-0.957525,0.283671,0.816197,0.204208,0.54048,-0.003282,0.026281,-0.028323,-0.505963,0.09033,1.249929,-0.64251,0.074586,0.03137,-0.05952,-0.454701,0.060044,-0.888617,-0.505751,-0.838666,0.202122,-0.733118,0.541324,0.411709,-0.007086,8e-06,-0.000183,-0.000722,0.014612,-0.029735,0.363466
49,0.074332,0.013619,0.363314,-0.486367,0.077828,-0.870307,-0.62352,-0.728681,0.283228,-0.611535,0.680308,0.404021,-0.014327,-0.000378,-0.000695,-0.000984,0.014715,-0.029553,0.433826,-0.143111,0.048633,0.339091,0.592808,-0.266774,0.75987,-0.024051,0.937174,0.347936,-0.805675,-0.224207,0.548162,-0.003771,0.028855,-0.041869,-1.507463,-0.051172,-0.448189,-0.542676,0.022471,0.042245,-0.011988,-0.56384,0.214777,0.797467,0.063079,-0.951573,0.30088,0.823471,0.219952,0.522987,-0.002352,0.019298,-0.025395,-4.402328,-1.383269,-2.570385,-0.689864,0.074363,0.03132,-0.059514,-0.455485,0.062516,-0.888044,-0.5104,-0.835642,0.202961,-0.729399,0.545704,0.412531,-0.001337,-0.007378,0.002816,-0.034379,0.032997,-0.040659,0.382408
50,0.074028,0.013457,0.36331,-0.484567,0.078326,-0.871267,-0.624166,-0.728774,0.281562,-0.612307,0.68015,0.403116,-0.002465,-0.014148,0.006078,-0.03416,0.019304,-0.015238,0.439283,-0.143161,0.049496,0.337493,0.582507,-0.278163,0.763743,-0.021897,0.933827,0.35696,-0.813208,-0.224313,0.536879,-0.000722,0.003054,-0.028755,-0.244131,0.449627,0.319978,-0.577701,0.022446,0.042681,-0.012778,-0.554636,0.224667,0.801188,0.062676,-0.948844,0.30946,0.829729,0.221853,0.512182,-0.000299,0.001206,-0.014596,0.105659,-0.025762,-0.037879,-0.739831,0.074206,0.031243,-0.059519,-0.453742,0.063344,-0.888878,-0.510921,-0.835737,0.20125,-0.730121,0.545462,0.411574,-0.000744,-0.002073,-0.001584,-0.000633,0.014495,-0.026424,0.394654
51,0.073911,0.013371,0.363305,-0.482531,0.078889,-0.872345,-0.624835,-0.728941,0.279641,-0.613234,0.679906,0.402119,-0.014184,6.8e-05,-0.000361,0.05051,-0.117514,0.174618,0.440149,-0.143209,0.049453,0.337027,0.5818,-0.277331,0.764583,-0.021802,0.934332,0.355643,-0.813716,-0.223241,0.536556,0.000557,-0.007462,-0.020614,0.027774,0.029769,-0.023755,-0.534748,0.022426,0.042669,-0.013022,-0.552614,0.225428,0.802371,0.062675,-0.948759,0.309721,0.831077,0.221445,0.510169,0.0003,-0.003718,-0.010296,0.053489,-0.002118,-0.047143,-0.74228,0.074152,0.031196,-0.059518,-0.452486,0.063958,-0.889474,-0.511302,-0.835803,0.200007,-0.730634,0.545291,0.410891,-0.000464,-0.001324,-0.001011,0.57412,-1.46904,2.267525,0.397757
52,0.073795,0.013201,0.363299,-0.482526,0.081641,-0.872095,-0.629089,-0.725083,0.280133,-0.608877,0.683692,0.40232,-0.001031,-0.002867,-0.002202,-0.000542,0.01383,-0.025279,0.443374,-0.143531,0.048495,0.336492,0.585277,-0.269461,0.764744,-0.022869,0.937222,0.347887,-0.811192,-0.220768,0.54138,-0.009833,-0.026544,-0.0174,0.160381,-0.172886,-0.27989,-0.205586,0.022263,0.042203,-0.013293,-0.555779,0.217606,0.802344,0.063364,-0.951237,0.301879,0.828911,0.218617,0.51489,-0.004226,-0.018944,-0.004892,0.222451,-0.386483,-0.217049,-0.561191,0.074089,0.031111,-0.059521,-0.452233,0.067002,-0.889379,-0.516331,-0.832753,0.199809,-0.727246,0.549574,0.411194,-0.000303,-0.000838,-0.000641,0.000151,-0.000463,-0.000267,0.402002
53,0.073792,0.013119,0.363275,-0.482679,0.081609,-0.872013,-0.629068,-0.725041,0.280288,-0.608777,0.68374,0.402389,-0.000461,-0.001283,-0.000986,-0.0,0.0,0.0,0.450344,-0.144005,0.046908,0.335904,0.591858,-0.260719,0.762706,-0.024026,0.940035,0.340132,-0.806373,-0.219314,0.549115,-0.021563,-0.03606,-0.023174,0.155003,-0.148467,-0.329399,0.123979,0.022022,0.041403,-0.01359,-0.56249,0.208419,0.800103,0.06425,-0.953762,0.293614,0.824303,0.216561,0.523091,-0.010736,-0.018393,-0.011834,0.179198,-0.173107,-0.355867,-0.265472,0.074087,0.031068,-0.059535,-0.452398,0.066923,-0.889301,-0.516307,-0.832725,0.199986,-0.72716,0.549626,0.411277,-0.00022,-0.000616,-0.000472,0.000198,-4.9e-05,-8.7e-05,0.410004
54,0.073837,0.013101,0.36325,-0.482596,0.081637,-0.872056,-0.629091,-0.725053,0.280203,-0.608819,0.683723,0.402354,-0.000215,-0.000597,-0.000459,0.0,0.0,0.0,0.453077,-0.144387,0.046025,0.335499,0.596174,-0.257311,0.760499,-0.023987,0.941038,0.33735,-0.803192,-0.219046,0.553864,-0.019946,-0.051455,-0.018576,0.134473,-0.248536,-0.190306,0.223136,0.021839,0.040982,-0.013786,-0.566664,0.205153,0.797999,0.064134,-0.954585,0.290951,0.821449,0.21605,0.527772,-0.010608,-0.020286,-0.013247,0.243414,-0.34819,-0.245412,-0.120796,0.074109,0.031059,-0.059547,-0.45232,0.066964,-0.889338,-0.516321,-0.832737,0.1999,-0.727199,0.549603,0.411239,0.006431,-0.001886,-0.001242,0.001148,-0.014759,0.02948,0.413596
55,0.073959,0.013076,0.363184,-0.482336,0.081715,-0.872193,-0.629148,-0.725108,0.279933,-0.608966,0.683656,0.402246,-0.000147,-0.000411,-0.000316,-0.003743,0.095454,-0.174452,0.454347,-0.145211,0.044184,0.334499,0.605617,-0.258091,0.752735,-0.010978,0.943063,0.332333,-0.796389,-0.209213,0.567325,-0.019786,-0.056132,-0.022313,0.611463,-0.217819,-0.045136,0.368526,0.021427,0.04006,-0.014287,-0.576134,0.206245,0.790905,0.051538,-0.956548,0.286982,0.815728,0.206102,0.54047,-0.010555,-0.022098,-0.014746,1.684653,-0.037339,0.524626,0.180801,0.07417,0.031046,-0.05958,-0.451951,0.067158,-0.88951,-0.516409,-0.832777,0.199507,-0.727365,0.549519,0.411055,0.006468,-0.00179,-0.00117,0.001099,-0.01473,0.029503,0.418985
56,0.07403,0.013066,0.363178,-0.482173,0.081781,-0.872276,-0.629229,-0.725097,0.279779,-0.609012,0.683659,0.402171,3e-05,8.5e-05,6.5e-05,0.0,0.0,0.0,0.455636,-0.145994,0.042139,0.333523,0.613106,-0.262707,0.745035,0.018688,0.94757,0.318899,-0.790501,-0.181274,0.584903,-0.020169,-0.055242,-0.022108,0.405052,-0.636304,-0.480889,0.436246,0.021036,0.039027,-0.014782,-0.583509,0.211739,0.784017,0.020885,-0.96118,0.275128,0.811837,0.176914,0.556435,-0.010038,-0.028041,-0.011338,0.466897,-0.731022,-0.553019,0.342622,0.074206,0.031042,-0.059582,-0.451917,0.067184,-0.889525,-0.516423,-0.832777,0.199467,-0.727376,0.549515,0.411042,2.4e-05,7e-05,5.3e-05,8e-05,-2.2e-05,-3e-05,0.420781
57,0.074051,0.01306,0.363187,-0.482129,0.081807,-0.872298,-0.629268,-0.725077,0.279744,-0.609005,0.683678,0.402149,0.0,1e-06,0.0,0.0,0.0,0.0,0.457229,-0.146788,0.040127,0.332794,0.621462,-0.261979,0.738338,0.047554,0.953234,0.298358,-0.782735,-0.149988,0.603898,-0.021219,-0.046507,-0.016029,0.223774,-0.457191,-0.088304,0.4605,0.020633,0.037988,-0.015164,-0.594021,0.208933,0.776843,-0.009053,-0.967358,0.25325,0.804398,0.143403,0.576523,-0.010631,-0.02294,-0.007766,0.150847,-0.378604,-0.027591,0.412511,0.074217,0.03104,-0.059578,-0.451877,0.067216,-0.889543,-0.516462,-0.832762,0.199431,-0.727373,0.549534,0.411021,-2e-06,-1e-06,-2e-06,4.5e-05,-2.5e-05,-4.3e-05,0.422577
