frame,MLTx,MLTy,MLTz,MLTR1,MLTR2,MLTR3,MLTR4,MLTR5,MLTR6,MLTR7,MLTR8,MLTR9,MLTTVx,MLTTVy,MLTTVz,MLTRVx,MLTRVy,MLTRVz,MLGA,MRTx,MRTy,MRTz,MRTR1,MRTR2,MRTR3,MRTR4,MRTR5,MRTR6,MRTR7,MRTR8,MRTR9,MRTTVx,MRTTVy,MRTTVz,MRTRVx,MRTRVy,MRTRVz,MRGA,SLTx,SLTy,SLTz,SLTR1,SLTR2,SLTR3,SLTR4,SLTR5,SLTR6,SLTR7,SLTR8,SLTR9,SLTTVx,SLTTVy,SLTTVz,SLTRVx,SLTRVy,SLTRVz,SLGA,SRTx,SRTy,SRTz,SRTR1,SRTR2,SRTR3,SRTR4,SRTR5,SRTR6,SRTR7,SRTR8,SRTR9,SRTTVx,SRTTVy,SRTTVz,SRTRVx,SRTRVy,SRTRVz,SRGA
475,0.147673,-0.048314,0.337174,-0.729253,0.484143,-0.48357,-0.587638,-0.805142,0.079987,-0.349716,0.341888,0.87226,-0.000189,-0.001432,-0.001536,0.0,0.0,0.0,0.101834,-0.171138,-0.017159,0.328844,-0.346956,-0.93534,0.06893,0.723497,-0.220287,0.654186,-0.596257,0.278024,0.753022,3.5e-05,0.004062,0.003904,0.001797,-0.014255,0.024979,-1.403161,0.041897,0.035904,-0.016712,0.388478,0.921445,0.004798,-0.798801,0.334167,0.500248,0.459347,-0.198168,0.865868,1e-05,0.001663,0.001597,-0.000251,0.00092,0.001331,-0.897406,0.07533,0.013846,-0.056035,0.803779,-0.386577,-0.452213,0.475795,0.874018,0.098536,0.357151,-0.294363,0.886449,-0.00012,-0.000908,-0.000973,-2.8e-05,2e-06,3.8e-05,-0.095871
476,0.147681,-0.048346,0.337154,-0.727952,0.484569,-0.485102,-0.587818,-0.805243,0.077621,-0.352112,0.341049,0.871624,-9.3e-05,-0.000709,-0.00076,-0.006129,0.08644,-0.179021,0.101562,-0.171212,-0.01709,0.328946,-0.346784,-0.935369,0.069396,0.723598,-0.219856,0.65422,-0.596234,0.278268,0.752951,3.6e-05,0.004025,0.003865,0.0,-0.0,-0.0,-1.403355,0.041866,0.035938,-0.016662,0.388278,0.921527,0.005205,-0.798914,0.33379,0.500319,0.45932,-0.198421,0.865825,1.5e-05,0.002095,0.002012,-5.3e-05,0.000688,0.001135,-0.896916,0.075334,0.013827,-0.056047,0.80251,-0.387267,-0.453873,0.47616,0.874091,0.096098,0.359511,-0.293235,0.885868,-5.4e-05,-0.000403,-0.000433,-0.001464,0.001181,-0.00082,-0.093095
477,0.147671,-0.048326,0.337161,-0.72667,0.484973,-0.486617,-0.587949,-0.805375,0.075226,-0.354528,0.340162,0.870991,0.000119,0.000902,0.000968,0.0,-0.0,0.0,0.102974,-0.171442,-0.017029,0.329168,-0.344174,-0.936041,0.073232,0.726626,-0.216283,0.65205,-0.594065,0.278812,0.754462,0.000884,-0.008142,0.01111,-0.035268,0.009124,-0.019101,-1.403438,0.041751,0.035976,-0.016551,0.385166,0.922808,0.008401,-0.801844,0.330143,0.498046,0.456827,-0.198567,0.867109,0.000441,-0.003603,0.006006,-0.045245,-0.001199,0.005002,-0.898223,0.075329,0.013835,-0.056046,0.801443,-0.387732,-0.455358,0.476259,0.874289,0.093781,0.361753,-0.292029,0.885354,9.7e-05,0.000733,0.000787,-0.000771,0.000593,-0.000406,-0.089992
478,0.147661,-0.048313,0.337174,-0.726454,0.485156,-0.486758,-0.588152,-0.80524,0.075079,-0.354634,0.340221,0.870925,3e-06,2.2e-05,2.3e-05,0.0,0.0,0.0,0.105845,-0.171384,-0.017329,0.329445,-0.34225,-0.93679,0.072664,0.727628,-0.215444,0.65121,-0.593953,0.27693,0.755243,0.000857,-0.011087,0.00829,-0.034525,0.008453,-0.019535,-1.403858,0.041774,0.03583,-0.016408,0.383373,0.923563,0.007449,-0.802772,0.329223,0.497161,0.456707,-0.196579,0.867625,0.000422,-0.005694,0.003999,-0.047818,0.014554,-0.021392,-0.901652,0.075325,0.013845,-0.056035,0.801261,-0.387941,-0.455501,0.476484,0.87418,0.09365,0.36186,-0.292078,0.885294,-1e-06,-0.0,-1e-06,-3.1e-05,-0.0,2.1e-05,-0.08542
479,0.147672,-0.04832,0.337167,-0.726553,0.485072,-0.486693,-0.588059,-0.805302,0.075146,-0.354585,0.340194,0.870956,-7e-06,-5.4e-05,-5.8e-05,0.0,0.0,0.0,0.105774,-0.171243,-0.017617,0.329655,-0.338481,-0.938261,0.071337,0.730274,-0.214255,0.648635,-0.59287,0.272829,0.757583,0.016127,-0.021265,0.0162,0.346984,-0.358708,-0.244634,-1.403388,0.041839,0.035688,-0.016308,0.381672,0.924275,0.006318,-0.803742,0.328508,0.496064,0.456424,-0.194412,0.868262,0.000423,-0.005539,0.004149,-0.051025,0.013156,-0.026911,-0.900672,0.07533,0.013841,-0.056039,0.801346,-0.387844,-0.455433,0.476381,0.87423,0.093714,0.361807,-0.292057,0.885323,-5e-06,-3.6e-05,-4e-05,-2.1e-05,-9e-06,2.6e-05,-0.084114
480,0.147696,-0.048302,0.337172,-0.726478,0.485133,-0.486744,-0.588119,-0.805265,0.075073,-0.354639,0.340194,0.870934,0.000176,0.001339,0.001436,0.0,0.0,0.0,0.102005,-0.170889,-0.018027,0.330114,-0.334932,-0.939677,0.069416,0.732328,-0.213382,0.646605,-0.592358,0.268589,0.759496,0.015316,-0.005508,0.01238,0.323959,-0.329526,-0.165642,-1.403534,0.042016,0.035468,-0.016086,0.378206,0.925714,0.003587,-0.805754,0.327282,0.493605,0.455763,-0.189574,0.869678,0.000442,-0.003152,0.006433,0.358209,-0.343491,-0.259057,-0.900999,0.075342,0.013847,-0.05604,0.801282,-0.387915,-0.455487,0.476448,0.874201,0.093644,0.361861,-0.292051,0.885303,0.000107,0.000806,0.000863,0.000873,-0.012526,0.025961,-0.086726
481,0.147689,-0.048248,0.337184,-0.726285,0.485292,-0.486875,-0.58827,-0.805173,0.074875,-0.354784,0.340186,0.870878,9.3e-05,0.000706,0.000756,0.0,0.0,0.0,0.105953,-0.170765,-0.017961,0.330479,-0.33312,-0.940384,0.06855,0.73352,-0.212915,0.645406,-0.591908,0.266467,0.760595,0.000912,-0.004886,0.014223,-0.011053,0.062175,-0.186593,-1.403289,0.042083,0.035505,-0.0159,0.375272,0.926913,0.001369,-0.807873,0.326353,0.490747,0.454433,-0.18527,0.8713,1.4e-05,0.002789,0.002661,0.019166,-0.039963,-0.003672,-0.899365,0.075338,0.013877,-0.056032,0.801115,-0.388098,-0.455624,0.476619,0.874128,0.093452,0.362006,-0.292025,0.885252,5.8e-05,0.000438,0.00047,-3e-06,4e-06,1.7e-05,-0.086236
482,0.147688,-0.048262,0.337184,-0.726209,0.485357,-0.486922,-0.588352,-0.805116,0.074846,-0.354804,0.340227,0.870854,-7e-05,-0.00053,-0.000569,0.0,0.0,0.0,0.106211,-0.17067,-0.017915,0.330685,-0.333135,-0.940381,0.068518,0.733323,-0.212863,0.645648,-0.592143,0.26652,0.760393,1.9e-05,0.002665,0.002543,8e-06,-7e-06,-4e-06,-1.403501,0.042131,0.035532,-0.015786,0.37516,0.926958,0.001583,-0.807679,0.326046,0.491272,0.454872,-0.185585,0.871004,5e-06,0.001269,0.001209,-0.00108,0.001501,0.001612,-0.897733,0.075338,0.013872,-0.056029,0.80105,-0.388173,-0.455674,0.476708,0.874082,0.093426,0.362032,-0.292063,0.885229,-4.9e-05,-0.000371,-0.000393,-1.1e-05,-1e-06,1.2e-05,-0.08395
483,0.147699,-0.048262,0.337183,-0.726192,0.485371,-0.486934,-0.588368,-0.805106,0.074834,-0.354813,0.340232,0.870849,-1e-06,-7e-06,-7e-06,0.0,0.0,0.0,0.106171,-0.170654,-0.017916,0.330797,-0.333122,-0.940384,0.06855,0.733207,-0.212777,0.645807,-0.592294,0.26658,0.760254,1.9e-05,0.002634,0.002511,0.0,-0.0,-0.0,-1.402936,0.042139,0.035528,-0.015733,0.375166,0.926956,0.001635,-0.807585,0.325986,0.491466,0.455034,-0.185702,0.870894,3e-06,0.000998,0.000949,-0.000149,0.000935,0.001515,-0.898223,0.075344,0.01387,-0.056031,0.801036,-0.388189,-0.455686,0.476725,0.874074,0.093416,0.362041,-0.292066,0.885224,-0.0,-8e-06,-6e-06,-3e-06,1.8e-05,1.6e-05,-0.083787
484,0.147688,-0.048246,0.33717,-0.726084,0.48546,-0.487007,-0.588449,-0.805057,0.074716,-0.354899,0.34022,0.870818,-8.2e-05,-0.000621,-0.000665,0.0,0.0,0.0,0.111748,-0.170468,-0.018068,0.330934,-0.330893,-0.941152,0.068812,0.734716,-0.211308,0.644574,-0.591677,0.265029,0.761276,0.000868,-0.011201,0.008193,0.005767,-0.026833,-0.042338,-1.403208,0.042227,0.03546,-0.015663,0.373181,0.927757,0.001346,-0.808983,0.324694,0.49002,0.454182,-0.183955,0.87171,0.007196,-7.6e-05,-0.000706,0.044766,-0.059998,-0.00813,-0.899039,0.075338,0.01388,-0.056036,0.800942,-0.388291,-0.455763,0.476817,0.874036,0.093301,0.362126,-0.292044,0.885197,-5.6e-05,-0.000424,-0.000453,1e-06,1.6e-05,1.1e-05,-0.080031
485,0.147652,-0.04824,0.337146,-0.725937,0.485581,-0.487105,-0.588567,-0.804984,0.074572,-0.355004,0.340219,0.870775,-0.015293,0.000866,0.000895,-0.000984,0.014715,-0.029553,0.114241,-0.170123,-0.018176,0.331013,-0.331096,-0.941115,0.068324,0.734345,-0.211655,0.644883,-0.592023,0.264879,0.761059,2e-06,0.000408,0.000389,1.1e-05,-9e-06,-6e-06,-1.403406,0.042405,0.035398,-0.015625,0.373294,0.927712,0.000983,-0.808619,0.324854,0.490513,0.454735,-0.1839,0.871432,0.007201,0.000547,-0.000118,0.000782,-0.014012,0.030092,-0.899529,0.07532,0.01388,-0.056051,0.800816,-0.388429,-0.455866,0.476949,0.873979,0.093161,0.362231,-0.29203,0.885158,-0.007644,0.000444,0.000458,-0.000996,0.014709,-0.029545,-0.074643
486,0.147652,-0.048248,0.337153,-0.728811,0.481266,-0.487096,-0.58379,-0.808453,0.074602,-0.35699,0.338129,0.870778,-3.3e-05,-0.010302,0.009226,-0.033686,0.01199,-0.022207,0.114004,-0.169861,-0.018191,0.331032,-0.329344,-0.941802,0.067334,0.735777,-0.211426,0.643324,-0.591225,0.262605,0.762466,0.014409,0.001694,0.000346,0.114088,-0.112761,-0.033815,-1.403438,0.04253,0.035388,-0.015617,0.37219,0.928156,-0.000269,-0.809621,0.324799,0.488895,0.453858,-0.181745,0.872342,0.007203,0.000924,0.000238,0.157819,-0.155651,-0.018477,-0.897896,0.07532,0.01388,-0.056051,0.803104,-0.383786,-0.455774,0.471763,0.876811,0.092955,0.363953,-0.28967,0.885227,-0.0,8e-06,1e-05,0.021498,-0.00372,-0.039383,-0.074153
487,0.147654,-0.048244,0.337172,-0.728793,0.481283,-0.487106,-0.583817,-0.808432,0.074612,-0.356982,0.338154,0.870771,9e-06,7.1e-05,7.6e-05,0.0,-0.0,-0.0,0.113399,-0.169201,-0.018146,0.331031,-0.329511,-0.941582,0.069552,0.736678,-0.210459,0.642609,-0.590008,0.264172,0.762868,0.028806,0.002027,-0.000622,0.004109,-0.030428,0.058479,-1.402957,0.042849,0.035412,-0.015616,0.371608,0.928387,0.001831,-0.81064,0.323515,0.488057,0.452514,-0.18285,0.872809,0.007203,0.000897,0.000206,-0.000415,-0.015502,0.030911,-0.899202,0.075321,0.013879,-0.056037,0.803101,-0.383787,-0.455779,0.471785,0.876794,0.093002,0.363932,-0.289719,0.88522,4e-06,4.3e-05,5e-05,-8e-05,3e-06,0.000132,-0.073826
488,0.147641,-0.048234,0.337153,-0.728802,0.481272,-0.487103,-0.583788,-0.808456,0.074573,-0.357011,0.338111,0.870776,-5.3e-05,-0.0004,-0.000429,0.0,0.0,0.0,0.116339,-0.168542,-0.01811,0.331005,-0.335289,-0.938986,0.076662,0.738331,-0.21148,0.640373,-0.584659,0.272496,0.764057,0.014401,0.000647,-0.000669,0.002212,-0.014747,0.028887,-1.403345,0.043195,0.035432,-0.015628,0.3761,0.926522,0.010188,-0.811902,0.324235,0.485475,0.4465,-0.190859,0.874191,0.007202,0.000302,-0.000364,-0.001245,-0.024384,0.035196,-0.902142,0.075315,0.013885,-0.056046,0.803106,-0.38378,-0.455776,0.47176,0.876812,0.092962,0.363953,-0.289675,0.885226,-3.1e-05,-0.000223,-0.00024,-4.7e-05,6e-06,8.4e-05,-0.071704
489,0.147651,-0.048254,0.337146,-0.728826,0.481253,-0.487086,-0.583775,-0.808462,0.074612,-0.356983,0.338125,0.870782,-3e-06,-2.6e-05,-2.7e-05,0.0,0.0,0.0,0.119063,-0.167732,-0.018268,0.331008,-0.363321,-0.927486,0.088079,0.736373,-0.228096,0.636915,-0.570174,0.297433,0.765701,0.015316,-0.013319,0.004874,0.450613,3.528718,4.217096,-1.403131,0.0436,0.035357,-0.015623,0.399843,0.916189,0.026869,-0.808907,0.338934,0.480407,0.431037,-0.213822,0.876633,0.007629,-0.006525,0.002227,0.440034,3.508326,4.237072,-0.908183,0.07532,0.013873,-0.05605,0.803125,-0.383761,-0.455758,0.471748,0.876814,0.093,0.363926,-0.289694,0.885231,0.0,-1e-06,-1e-06,-2.8e-05,5e-06,5.6e-05,-0.068601
490,0.147665,-0.048237,0.337165,-0.728765,0.481305,-0.487126,-0.583833,-0.808424,0.07457,-0.357013,0.338141,0.870764,0.000151,0.001145,0.001228,0.0,0.0,0.0,0.12322,-0.167326,-0.018405,0.330968,-0.367424,-0.925807,0.088726,0.737136,-0.231846,0.634675,-0.566546,0.299765,0.767483,0.029745,-0.014456,0.002475,0.392484,-0.458585,-0.041259,-1.40331,0.043792,0.035295,-0.015642,0.406915,0.912979,0.029795,-0.807312,0.344175,0.479364,0.427395,-0.219115,0.877109,0.007214,-0.002032,-0.002595,0.000447,-0.019368,0.035728,-0.906224,0.075326,0.01388,-0.056043,0.803073,-0.383821,-0.4558,0.471812,0.876784,0.092961,0.363958,-0.289707,0.885213,0.0001,0.000768,0.000824,-2.7e-05,7e-06,4.6e-05,-0.065825
491,0.147657,-0.048182,0.337163,-0.728677,0.481374,-0.48719,-0.583876,-0.808407,0.074421,-0.357123,0.338084,0.870741,5e-06,3.6e-05,3.9e-05,0.0,0.0,0.0,0.133512,-0.166729,-0.018777,0.330813,-0.382177,-0.919684,0.090068,0.735121,-0.243654,0.632585,-0.559345,0.30913,0.769048,0.014451,-0.005509,-0.006591,0.830195,1.955644,-1.764943,-1.402899,0.044097,0.035102,-0.01572,0.420083,0.906984,0.030152,-0.804426,0.356792,0.47497,0.420032,-0.223782,0.879484,0.007687,-0.008091,0.001056,0.041255,-0.04667,-0.003323,-0.897733,0.075323,0.013911,-0.05604,0.802996,-0.383902,-0.455867,0.471864,0.876772,0.092813,0.36406,-0.289636,0.885195,-1e-06,-5e-06,-3e-06,-1e-05,-1e-06,3.7e-05,-0.053088
492,0.147655,-0.048215,0.337158,-0.73148,0.477084,-0.48721,-0.579132,-0.81181,0.074442,-0.359102,0.336013,0.870728,-6.7e-05,-0.000512,-0.000549,0.0,-0.0,-0.0,0.133419,-0.166251,-0.018951,0.330603,-0.442383,-0.89126,0.099719,0.724088,-0.2895,0.625955,-0.528456,0.350241,0.773258,0.01446,-0.004171,-0.005326,0.224214,1.007795,1.31603,-1.403196,0.044335,0.035012,-0.015829,0.474142,0.87872,0.055133,-0.791628,0.398065,0.463539,0.385374,-0.263428,0.884359,-3.6e-05,-0.002674,-0.002876,0.583814,3.505849,4.341881,-0.90998,0.075321,0.013895,-0.056043,0.805233,-0.379272,-0.455798,0.466708,0.879546,0.092633,0.365763,-0.287315,0.885249,-4.4e-05,-0.000338,-0.00036,-0.000347,-0.000164,0.000101,-0.046393
493,0.147655,-0.048217,0.337171,-0.731477,0.477088,-0.48721,-0.579146,-0.811799,0.074462,-0.359087,0.336034,0.870726,5e-05,0.000376,0.000403,0.0,-0.0,-0.0,0.133499,-0.166174,-0.019081,0.330471,-0.464747,-0.87905,0.106169,0.72199,-0.306955,0.620035,-0.511861,0.365919,0.777152,4.2e-05,-0.007153,-0.006875,0.14117,0.24735,0.310693,-1.402919,0.044379,0.034953,-0.01589,0.495734,0.865911,0.066665,-0.78714,0.415548,0.455774,0.366957,-0.278418,0.887595,2.4e-05,-0.003531,-0.003392,0.252389,0.989604,1.20168,-0.912755,0.075321,0.013892,-0.056038,0.805229,-0.379278,-0.4558,0.466726,0.879534,0.092655,0.36575,-0.287342,0.885246,2.9e-05,0.000218,0.000235,-0.000103,1e-05,0.000162,-0.045577
494,0.147672,-0.048168,0.337209,-0.731125,0.475463,-0.489323,-0.578891,-0.811838,0.076002,-0.360211,0.338235,0.869409,9.9e-05,0.000755,0.000809,-0.011545,-0.02213,-0.010283,0.137843,-0.166127,-0.019301,0.330312,-0.496819,-0.861632,0.103691,0.713293,-0.337505,0.614197,-0.493583,0.380192,0.782108,1.3e-05,-0.002122,-0.002044,0.193853,-0.145459,0.19967,-1.402838,0.044403,0.03483,-0.015982,0.527235,0.8467,0.071569,-0.775468,0.44502,0.447891,0.34738,-0.291643,0.891218,1.5e-05,-0.000901,-0.000844,0.202691,-0.156237,0.199052,-0.906061,0.07533,0.013917,-0.056019,0.804677,-0.377585,-0.458173,0.466435,0.879506,0.094377,0.367332,-0.289651,0.883837,6e-05,0.000465,0.0005,0.004927,0.002024,-0.005482,-0.042964
495,0.147675,-0.048158,0.337235,-0.731193,0.475406,-0.489276,-0.578836,-0.811871,0.076071,-0.36016,0.338237,0.86943,1e-06,1e-05,1e-05,-2e-06,-5e-06,-2e-06,0.144185,-0.166149,-0.019612,0.330458,-0.512462,-0.85278,0.100697,0.70908,-0.354257,0.609624,-0.483551,0.384886,0.786069,0.000936,-0.01271,0.006737,0.067639,-0.06523,-0.100778,-1.403337,0.044392,0.034679,-0.015904,0.542342,0.837067,0.071993,-0.76981,0.460779,0.441672,0.336537,-0.294959,0.894283,0.000468,-0.006246,0.003489,0.035046,-0.054314,-0.106637,-0.900999,0.075331,0.013923,-0.056005,0.804813,-0.377638,-0.457891,0.466342,0.879568,0.094257,0.367152,-0.289393,0.883996,-5e-06,-2.9e-05,-3e-05,0.000456,0.00088,0.00043,-0.03382
496,0.147671,-0.048205,0.33723,-0.734089,0.470992,-0.48921,-0.57396,-0.815313,0.076202,-0.362061,0.336135,0.869455,-1.9e-05,-0.000141,-0.000151,-0.0,-0.0,-0.0,0.144112,-0.166164,-0.020095,0.330795,-0.537501,-0.837734,0.096359,0.699056,-0.378914,0.606365,-0.470778,0.394337,0.789132,0.000927,-0.011098,0.008295,0.553234,3.342952,4.348861,-1.403397,0.044384,0.034441,-0.01574,0.561884,0.824044,0.072356,-0.760516,0.480189,0.437072,0.325422,-0.300612,0.89651,0.000464,-0.005523,0.004191,0.001493,0.064056,0.061082,-0.900019,0.07533,0.013899,-0.056008,0.807118,-0.372886,-0.457729,0.461056,0.882359,0.094177,0.368764,-0.287051,0.884089,-1.1e-05,-7.9e-05,-8.6e-05,-0.000168,3.5e-05,0.000278,-0.030554
497,0.147661,-0.04819,0.33723,-0.733845,0.469258,-0.491237,-0.573591,-0.81542,0.077826,-0.363137,0.338293,0.868169,0.000134,0.001014,0.001087,-0.007093,-0.01359,-0.006313,0.144608,-0.166162,-0.020256,0.330911,-0.553843,-0.82715,0.095246,0.693003,-0.394697,0.603237,-0.46067,0.401146,0.791661,0.000926,-0.011,0.00839,0.421314,-0.276764,-0.142164,-1.403093,0.04439,0.034362,-0.015681,0.583262,0.808592,0.07735,-0.749569,0.499093,0.4348,0.312971,-0.311582,0.897198,0.000456,-0.005494,0.004198,0.128929,1.039999,1.279896,-0.900345,0.075324,0.013903,-0.056011,0.806665,-0.371071,-0.459996,0.460628,0.88239,0.095965,0.370286,-0.289299,0.882719,7.9e-05,0.000605,0.00065,0.010049,-0.0018,0.025056,-0.030065
498,0.147675,-0.04815,0.337228,-0.73375,0.469335,-0.491305,-0.573651,-0.81539,0.077694,-0.363233,0.338256,0.868143,7e-06,5.4e-05,5.8e-05,-2e-06,-3e-06,-1e-06,0.151723,-0.166429,-0.020381,0.330901,-0.579098,-0.809662,0.095318,0.682463,-0.417652,0.599788,-0.44508,0.413406,0.794268,-0.014457,-0.003411,-0.001965,0.061057,-0.037826,-0.062828,-1.403171,0.044257,0.0343,-0.015678,0.606197,0.791018,0.082545,-0.738291,0.521103,0.428225,0.295719,-0.320531,0.899893,1.3e-05,-0.001665,-0.001584,0.037066,-0.035071,-0.066347,-0.914552,0.075331,0.013927,-0.056009,0.806651,-0.371283,-0.45985,0.460681,0.882395,0.095661,0.370253,-0.289009,0.882828,1e-06,1.5e-05,1.7e-05,0.000319,0.000756,0.000475,-0.024349
499,0.147648,-0.048194,0.337211,-0.733778,0.469314,-0.491283,-0.573644,-0.815389,0.077758,-0.363186,0.33829,0.868149,-8.8e-05,-0.000667,-0.000715,-0.0,-0.0,-0.0,0.154244,-0.166622,-0.020205,0.330674,-0.619808,-0.778998,0.094825,0.661288,-0.453579,0.59741,-0.421584,0.433967,0.796117,-0.000919,0.010779,-0.008603,0.573431,3.290045,4.422764,-1.403127,0.044155,0.034377,-0.015794,0.640154,0.762812,0.091205,-0.717792,0.551569,0.424906,0.273818,-0.337472,0.90063,-0.000449,0.005453,-0.004216,0.028226,0.012683,0.046423,-0.910469,0.075318,0.013905,-0.056017,0.806673,-0.371271,-0.459821,0.460681,0.882389,0.09572,0.370203,-0.289046,0.882837,-5.6e-05,-0.000425,-0.000456,-0.000102,3e-05,0.000212,-0.017491
500,0.147637,-0.048187,0.337218,-0.733781,0.469313,-0.491281,-0.573642,-0.81539,0.077759,-0.363185,0.338289,0.86815,8.1e-05,0.000614,0.000659,-0.0,-0.0,-0.0,0.156209,-0.16668,-0.020142,0.330669,-0.631566,-0.769158,0.097528,0.656621,-0.463913,0.594616,-0.411307,0.440547,0.797877,-3e-06,0.000652,0.000629,0.135812,-0.106567,-0.074113,-1.403264,0.044126,0.034414,-0.015799,0.655436,0.748824,0.098313,-0.708988,0.565194,0.421771,0.260267,-0.346146,0.901356,9e-06,0.000375,0.000384,0.152864,-0.129473,-0.070806,-0.912266,0.075312,0.013906,-0.056016,0.806674,-0.371272,-0.45982,0.460683,0.882388,0.095721,0.370201,-0.289046,0.882838,4.8e-05,0.000369,0.000396,-9.4e-05,2.5e-05,0.000171,-0.015042
501,0.147624,-0.048098,0.337283,-0.733379,0.467707,-0.493407,-0.573413,-0.815407,0.079253,-0.364354,0.340462,0.86681,0.000274,0.002081,0.002229,-0.000857,-0.001643,-0.000764,0.165865,-0.166584,-0.020332,0.330663,-0.68328,-0.721928,0.109268,0.628428,-0.505462,0.591202,-0.370708,0.473532,0.798878,0.014494,-0.004495,-0.005664,0.607712,3.279068,4.425966,-1.402716,0.044174,0.034329,-0.015793,0.700424,0.702957,0.123519,-0.679314,0.603503,0.417512,0.218949,-0.376344,0.900236,0.007127,-0.00227,-0.003059,0.596199,3.250176,4.443366,-0.920757,0.075305,0.01395,-0.055984,0.806126,-0.369663,-0.462069,0.46039,0.882369,0.097287,0.371753,-0.291157,0.88149,0.000146,0.001124,0.001204,0.007312,0.01097,0.002499,-0.005897
502,0.147556,-0.048013,0.337404,-0.738773,0.459076,-0.493465,-0.563829,-0.822065,0.079231,-0.368373,0.336188,0.866779,0.000338,0.002559,0.002737,0.819031,-0.143892,-1.411145,0.174172,-0.166331,-0.020776,0.330468,-0.712595,-0.691969,0.115668,0.612809,-0.53386,0.582574,-0.34047,0.486892,0.804288,0.015444,-0.017112,0.001139,0.094931,-0.189256,0.093823,-1.402736,0.044295,0.03411,-0.015893,0.728014,0.671432,0.138467,-0.659702,0.631165,0.40795,0.186516,-0.38834,0.902442,0.007277,-0.003769,-0.004299,0.190456,-0.255584,0.085956,-0.91994,0.075277,0.013991,-0.055924,0.808338,-0.365044,-0.461878,0.455164,0.885102,0.097052,0.373381,-0.288681,0.881617,0.000123,0.000958,0.001025,-5.6e-05,0.000265,0.000407,0.006513
503,0.147563,-0.04799,0.33749,-0.738589,0.459247,-0.493582,-0.564051,-0.821916,0.07919,-0.368402,0.336319,0.866716,9.1e-05,0.000688,0.000736,-0.0,-0.0,-0.0,0.181515,-0.166023,-0.021043,0.330209,-0.72626,-0.678516,0.110243,0.602376,-0.551126,0.577353,-0.330066,0.48657,0.808807,0.014545,-0.007372,-0.008498,0.122388,0.23177,0.373303,-1.402646,0.044443,0.033974,-0.016017,0.740177,0.658458,0.136268,-0.648804,0.646145,0.401932,0.176606,-0.385913,0.905472,-0.000572,0.001507,-0.008272,0.709763,3.052816,4.627249,-0.923206,0.075276,0.014008,-0.055877,0.810246,-0.360651,-0.461985,0.450263,0.887638,0.09675,0.375183,-0.286406,0.881594,5.5e-05,0.000439,0.00047,-0.000214,3.5e-05,0.000376,0.017453
504,0.147588,-0.047966,0.3375,-0.738501,0.459323,-0.493643,-0.564126,-0.821873,0.079106,-0.368463,0.336321,0.866689,0.000116,0.00088,0.000941,-0.0,-0.0,-0.0,0.186043,-0.165885,-0.021164,0.329993,-0.74485,-0.6582,0.109373,0.58728,-0.569152,0.575415,-0.315545,0.493659,0.810306,0.014564,-0.008839,-0.009942,0.279634,0.870793,1.295323,-1.402674,0.044518,0.033912,-0.016127,0.757543,0.637364,0.141047,-0.632448,0.663093,0.400397,0.161671,-0.392523,0.905421,-9.9e-05,-0.004881,-0.00493,0.709634,3.084559,4.4002,-0.923533,0.075288,0.014019,-0.055872,0.810169,-0.360744,-0.462049,0.450354,0.887601,0.096669,0.375242,-0.286404,0.881569,6.6e-05,0.00051,0.000546,-0.000151,3.8e-05,0.000319,0.023168
505,0.147597,-0.047969,0.337467,-0.738207,0.459581,-0.493844,-0.564394,-0.821714,0.078854,-0.368646,0.336356,0.866598,-0.000103,-0.000778,-0.000832,-0.0,-0.0,-0.0,0.191817,-0.165742,-0.021167,0.329516,-0.77745,-0.619365,0.109319,0.558376,-0.599966,0.572879,-0.28825,0.507205,0.812107,-0.000911,0.007758,-0.011548,0.052651,-0.023284,0.009898,-1.402754,0.044595,0.033891,-0.016378,0.788307,0.596407,0.151225,-0.600768,0.693036,0.398467,0.132844,-0.404966,0.904629,-0.000435,0.003797,-0.005841,0.027655,-0.015354,0.00684,-0.926798,0.075293,0.014018,-0.055888,0.809913,-0.361047,-0.462259,0.450659,0.887472,0.096429,0.375427,-0.28642,0.881485,-6.1e-05,-0.000456,-0.000485,-0.000107,2.4e-05,0.00021,0.033782
506,0.147542,-0.048084,0.337434,-0.740725,0.455383,-0.493962,-0.559769,-0.824871,0.078852,-0.370631,0.334341,0.866531,-0.000286,-0.012208,0.007187,-0.029518,-0.074144,0.160326,0.192408,-0.165789,-0.020606,0.329074,-0.778082,-0.619532,0.103726,0.55566,-0.602058,0.573325,-0.291759,0.50451,0.812533,-0.00093,0.010848,-0.00853,0.029205,-0.026478,0.031536,-1.402825,0.044572,0.034174,-0.016597,0.789753,0.595832,0.145849,-0.598024,0.694908,0.399335,0.136585,-0.402598,0.905128,-0.000921,0.010997,-0.008379,0.036332,0.023849,-0.094346,-0.930391,0.075265,0.013965,-0.055907,0.811953,-0.356461,-0.46224,0.445556,0.890062,0.096268,0.377107,-0.28412,0.881513,-0.000149,-0.001128,-0.001208,-0.001098,0.012512,-0.025672,0.039334
507,0.147493,-0.048113,0.337419,-0.739494,0.455793,-0.495426,-0.559862,-0.825026,0.076542,-0.372937,0.333401,0.865903,-0.000146,-0.001102,-0.00118,0.573632,-0.470316,0.369336,0.191518,-0.165796,-0.020432,0.32887,-0.793849,-0.599495,0.101985,0.53852,-0.615391,0.575521,-0.281257,0.512552,0.811202,-0.000916,0.00859,-0.010731,0.078604,0.299095,0.404312,-1.402814,0.044568,0.034268,-0.016692,0.804126,0.575428,0.149207,-0.580914,0.707375,0.402688,0.126173,-0.410489,0.903093,-0.000461,0.004879,-0.004802,0.219586,0.985798,1.382222,-0.929901,0.07524,0.013944,-0.055914,0.811136,-0.356909,-0.463328,0.44574,0.890144,0.094654,0.378646,-0.283301,0.881116,-8.2e-05,-0.000667,-0.000725,1.913255,-1.568105,1.229335,0.039334
508,0.147365,-0.048102,0.3374,-0.740807,0.449943,-0.498801,-0.554514,-0.828686,0.075927,-0.378271,0.332275,0.864021,-0.015276,0.000945,0.000975,0.043425,-0.041248,-0.00246,0.190564,-0.165918,-0.020361,0.328648,-0.814902,-0.571025,0.099281,0.514891,-0.634846,0.576014,-0.264859,0.521231,0.811191,-0.000912,0.008045,-0.011264,0.036449,-0.009648,0.018697,-1.402602,0.044507,0.034304,-0.016802,0.823892,0.545579,0.153443,-0.556145,0.726163,0.404214,0.109106,-0.418365,0.901701,2.4e-05,-0.001665,-0.001617,0.000194,0.009849,-0.025772,-0.924512,0.075182,0.013948,-0.055925,0.81137,-0.351023,-0.467396,0.440098,0.893094,0.093254,0.384695,-0.281364,0.879114,4e-06,3.6e-05,4e-05,0.194465,-0.141803,0.119362,0.038844
509,0.147249,-0.048145,0.33743,-0.739978,0.45,-0.499978,-0.554236,-0.829046,0.074002,-0.380289,0.331301,0.863508,-1.7e-05,-0.000124,-0.000133,-2e-06,-3e-06,-1e-06,0.18952,-0.166013,-0.020436,0.328641,-0.821471,-0.561468,0.09965,0.507604,-0.640625,0.576084,-0.258575,0.524525,0.811096,0.000928,-0.01087,0.008505,-0.03645,0.009654,-0.018693,-1.402562,0.044459,0.034269,-0.016817,0.829735,0.535918,0.155983,-0.548621,0.731631,0.404636,0.102729,-0.421316,0.901076,6e-06,7.5e-05,7.9e-05,0.000192,-0.001633,-0.001159,-0.922879,0.075118,0.013928,-0.055909,0.81068,-0.351298,-0.468387,0.439823,0.893447,0.091141,0.386461,-0.279894,0.878809,-0.007666,-0.004729,0.005046,-0.037916,0.029066,-0.048635,0.037538
510,0.14718,-0.048203,0.337489,-0.738788,0.450386,-0.501388,-0.55434,-0.829163,0.071887,-0.382442,0.330483,0.862871,-0.0,-0.0,-0.0,-0.0,-0.0,-0.0,0.186883,-0.166068,-0.020426,0.328656,-0.842583,-0.52914,0.100284,0.483213,-0.66084,0.57422,-0.236505,0.532952,0.812337,-0.014505,-0.000716,0.000645,0.353323,-0.277377,-0.213123,-1.402695,0.044438,0.034273,-0.016804,0.849158,0.501712,0.164964,-0.52206,0.750142,0.405879,0.079888,-0.430777,0.898914,1.1e-05,1e-05,1.9e-05,0.423977,-0.334138,-0.192278,-0.924676,0.075084,0.013899,-0.055879,0.809611,-0.351843,-0.469824,0.440002,0.893571,0.089041,0.388493,-0.278812,0.878257,-0.0,7e-06,1.2e-05,-0.000323,0.000193,0.000165,0.037048
511,0.147168,-0.048225,0.337511,-0.73874,0.450435,-0.501415,-0.55442,-0.829107,0.071918,-0.382419,0.330558,0.862852,-0.0,-0.0,-0.0,-0.0,-0.0,-0.0,0.18363,-0.1662,-0.020423,0.328643,-0.853589,-0.511142,0.100558,0.469749,-0.672095,0.572327,-0.223876,0.536411,0.813638,-0.014504,-0.000869,0.000492,0.419528,-0.340611,-0.258216,-1.402822,0.044372,0.034275,-0.016811,0.858957,0.483254,0.169285,-0.507658,0.760514,0.404845,0.066899,-0.433683,0.898577,1.3e-05,-9.5e-05,-8e-05,-0.023198,0.103716,-0.166053,-0.928431,0.075078,0.013888,-0.055868,0.809569,-0.351903,-0.469852,0.440093,0.893522,0.089077,0.388477,-0.278893,0.878238,-2e-06,4e-06,1e-05,0.006001,-0.086312,0.179261,0.034272
512,0.147118,-0.04833,0.337551,-0.740165,0.446485,-0.502844,-0.549658,-0.83245,0.069819,-0.386504,0.327509,0.862195,-0.000139,-0.001043,-0.001117,0.0,-0.0,0.0,0.177737,-0.16667,-0.02029,0.328543,-0.863794,-0.494444,0.096828,0.457125,-0.688607,0.562841,-0.210525,0.531063,0.820679,-0.029925,0.009525,-0.007147,0.862217,2.880571,4.332951,-1.402752,0.044148,0.034338,-0.016858,0.865721,0.471687,0.167444,-0.497345,0.772999,0.393851,0.05634,-0.424243,0.903793,-0.007242,-0.000294,0.000391,0.522674,-0.492117,-0.087866,-0.926798,0.075053,0.013838,-0.055845,0.810528,-0.347796,-0.471253,0.435017,0.896232,0.086764,0.392177,-0.275328,0.877719,-9.7e-05,-0.000711,-0.00076,-0.002615,0.013633,-0.026565,0.027414
513,0.147059,-0.048448,0.337653,-0.736368,0.447845,-0.507191,-0.550015,-0.832749,0.063128,-0.393181,0.324886,0.860166,-0.0,-2e-06,-2e-06,1.905556,-1.57071,1.237442,0.176436,-0.167215,-0.020311,0.32853,-0.876392,-0.472465,0.093303,0.439957,-0.707002,0.553642,-0.194503,0.526851,0.827321,-0.014501,-0.001998,-0.000624,0.418171,-0.16142,-0.310222,-1.403035,0.043864,0.034334,-0.016864,0.879899,0.443647,0.170161,-0.473737,0.791382,0.386377,0.036753,-0.420584,0.906508,-0.007256,-0.000516,0.000165,0.170531,0.92721,1.292942,-0.921737,0.075024,0.01378,-0.055801,0.80834,-0.34892,-0.474173,0.435342,0.89648,0.082469,0.396312,-0.273091,0.87656,-0.007639,0.0005,0.000513,-0.003651,0.016849,-0.03088,0.023005
514,0.147026,-0.048463,0.337682,-0.736536,0.447697,-0.507077,-0.549884,-0.832821,0.063315,-0.393047,0.324906,0.860219,1.2e-05,8.9e-05,9.5e-05,0.0,-0.0,0.0,0.175102,-0.167408,-0.020386,0.328547,-0.882822,-0.460567,0.092166,0.430578,-0.715508,0.550076,-0.186285,0.525884,0.829824,-0.014503,-0.002539,-0.001155,0.212096,-0.164892,-0.144181,-1.402931,0.043767,0.034297,-0.016856,0.885405,0.432253,0.170921,-0.463951,0.799374,0.381771,0.028392,-0.417322,0.908314,-0.00724,-0.00147,-0.000757,0.266886,-0.194295,-0.18534,-0.92239,0.075007,0.013769,-0.055782,0.807251,-0.349472,-0.475619,0.435458,0.896622,0.080273,0.398398,-0.271913,0.87598,7e-06,6.4e-05,6.7e-05,-0.001567,0.001206,-0.000688,0.020392
515,0.146945,-0.048471,0.337688,-0.736578,0.447661,-0.507047,-0.549855,-0.832836,0.063367,-0.393009,0.324916,0.860233,-9e-06,-6.4e-05,-6.9e-05,-0.0,-0.0,-0.0,0.170937,-0.167786,-0.020813,0.328453,-0.89179,-0.443592,0.089044,0.41706,-0.73005,0.541315,-0.173989,0.520434,0.835907,-0.013613,-0.02107,-0.00016,0.090345,0.160362,0.44881,-1.403122,0.043578,0.034102,-0.016891,0.892763,0.416913,0.170749,-0.450209,0.811414,0.372717,0.016843,-0.409621,0.912099,-0.007438,-0.004611,-0.003946,0.519393,2.95773,4.511197,-0.922226,0.074966,0.013765,-0.055779,0.807293,-0.349433,-0.475577,0.43543,0.89663,0.080339,0.398344,-0.271938,0.875997,-7e-06,-3.4e-05,-3.4e-05,-0.000114,3.1e-05,0.000123,0.015004
516,0.146876,-0.048459,0.337686,-0.739204,0.443303,-0.507055,-0.544915,-0.836079,0.063336,-0.394946,0.322564,0.860231,0.000156,0.001163,0.001245,0.000891,-0.012496,0.025954,0.17014,-0.167861,-0.021288,0.328239,-0.895829,-0.43633,0.084252,0.410478,-0.740193,0.5325,-0.16885,0.512161,0.842047,-2e-06,-0.007724,-0.00759,0.152213,-0.109461,-0.09835,-1.403085,0.043535,0.033846,-0.017008,0.897787,0.407093,0.168086,-0.440307,0.8206,0.364342,0.010389,-0.401111,0.91597,6e-06,-0.003818,-0.003746,0.164294,-0.108284,-0.088187,-0.91994,0.074931,0.013768,-0.055784,0.809354,-0.344746,-0.475495,0.430091,0.899224,0.08011,0.399959,-0.269344,0.876063,-2e-06,-1.2e-05,-1e-05,-0.00031,-9.4e-05,0.000189,0.013207
517,0.146842,-0.048443,0.337687,-0.739228,0.44328,-0.50704,-0.544881,-0.836101,0.063331,-0.394949,0.322536,0.86024,7.3e-05,0.000545,0.000584,0.0,-0.0,-0.0,0.170776,-0.167847,-0.021435,0.328166,-0.898673,-0.43096,0.081556,0.405762,-0.74665,0.527072,-0.165117,0.507301,0.845722,-1e-06,-0.004298,-0.004228,0.360346,-0.307848,-0.198988,-1.402945,0.043543,0.033767,-0.01705,0.901002,0.400203,0.167424,-0.433771,0.825792,0.360429,0.005987,-0.397371,0.917637,6e-06,-0.00214,-0.002101,0.437778,-0.391314,-0.272616,-0.91994,0.074915,0.013778,-0.055781,0.80936,-0.344739,-0.47549,0.430075,0.899233,0.080096,0.399964,-0.269322,0.876067,5.6e-05,0.00043,0.000463,-0.000147,-2e-06,0.000205,0.012718
518,0.146832,-0.048383,0.337646,-0.739052,0.443431,-0.507164,-0.544975,-0.836061,0.06305,-0.395148,0.322432,0.860187,0.0,2e-06,2e-06,-0.0,-0.0,-0.0,0.169561,-0.167921,-0.021559,0.328109,-0.905506,-0.416969,0.078656,0.394053,-0.757974,0.519742,-0.155952,0.50215,0.850522,-1e-06,-0.00119,-0.001172,0.400369,-0.34219,-0.220663,-1.403154,0.043506,0.033702,-0.017082,0.907273,0.385753,0.167477,-0.420526,0.835484,0.353728,-0.003473,-0.391357,0.920231,-0.007267,-0.000899,-0.000216,0.414396,-0.356053,-0.285627,-0.91945,0.07491,0.01381,-0.0558,0.809207,-0.344917,-0.47562,0.430191,0.899201,0.079819,0.400148,-0.269197,0.876021,-1e-06,-8e-06,-1e-05,-7e-05,8e-06,0.000154,0.012554
519,0.146828,-0.048405,0.337607,-0.738664,0.441737,-0.509203,-0.544673,-0.836135,0.064661,-0.396286,0.324558,0.858864,-0.000122,-0.000908,-0.000973,-0.000381,-0.000729,-0.000338,0.161412,-0.168164,-0.021774,0.328092,-0.910434,-0.406489,0.076596,0.385202,-0.766102,0.514431,-0.14928,0.498374,0.853933,-0.014557,-0.00349,-0.002114,0.090662,-0.064347,-0.08064,-1.403421,0.043384,0.033599,-0.017086,0.911445,0.376217,0.166516,-0.411305,0.842801,0.347151,-0.009736,-0.384899,0.922907,-0.007273,-0.001767,-0.001075,0.04481,-0.038647,-0.080746,-0.913409,0.074908,0.0138,-0.055818,0.808665,-0.343237,-0.477753,0.429813,0.899234,0.081475,0.401647,-0.27123,0.874707,-6.5e-05,-0.000497,-0.000531,0.005286,0.008242,0.002258,0.006186
520,0.146838,-0.048425,0.3376,-0.738787,0.441626,-0.509123,-0.544564,-0.836197,0.064773,-0.396208,0.324549,0.858903,-1e-06,-8e-06,-8e-06,-0.0,-0.0,-0.0,0.156133,-0.168292,-0.021932,0.328007,-0.921457,-0.381429,0.073632,0.363813,-0.781314,0.507073,-0.134717,0.494515,0.858586,-6e-06,-0.003206,-0.003163,0.178959,-0.115757,-0.08508,-1.403077,0.04332,0.033522,-0.017126,0.921359,0.350179,0.168733,-0.387922,0.855974,0.341794,-0.024742,-0.38037,0.924502,-0.007271,-0.001469,-0.00078,0.230357,-0.097827,-0.017073,-0.914388,0.074913,0.013788,-0.055824,0.808789,-0.343159,-0.477598,0.429697,0.899285,0.081525,0.401521,-0.271159,0.874787,2e-06,1.9e-05,2.1e-05,2.3e-05,0.000204,0.000223,-0.002958
521,0.146838,-0.048418,0.337593,-0.738775,0.441634,-0.509131,-0.544563,-0.8362,0.064743,-0.396229,0.324531,0.8589,-0.0,-0.0,-0.0,-0.0,-0.0,-0.0,0.15552,-0.168462,-0.022047,0.328011,-0.924454,-0.374364,0.072306,0.357723,-0.786421,0.503499,-0.13046,0.491799,0.8608,-0.013673,-0.014241,0.006506,0.169907,-0.153769,-0.162582,-1.403105,0.04324,0.033468,-0.017129,0.924139,0.342711,0.168866,-0.380939,0.860316,0.338734,-0.029191,-0.377365,0.925603,-0.007276,-0.001918,-0.001223,0.27618,-0.204304,-0.188799,-0.914062,0.074913,0.013792,-0.055827,0.808779,-0.343173,-0.477606,0.429701,0.899286,0.081494,0.401538,-0.271138,0.874785,2e-06,1.5e-05,1.3e-05,-8e-05,1.2e-05,0.000143,-0.005244
522,0.146836,-0.04842,0.33756,-0.738598,0.441795,-0.50925,-0.544715,-0.836114,0.064569,-0.396351,0.324532,0.858843,-0.000152,-0.001133,-0.001214,-0.0,-0.0,-0.0,0.153283,-0.168873,-0.022367,0.32808,-0.92712,-0.368755,0.066788,0.351884,-0.795752,0.492839,-0.127418,0.480889,0.867395,-0.014577,-0.002499,-0.001151,0.357015,-0.380412,-0.048281,-1.403623,0.043035,0.033307,-0.017096,0.927363,0.335777,0.165074,-0.372712,0.867796,0.328657,-0.032895,-0.36631,0.929911,-0.007287,-0.001628,-0.000944,0.606912,-0.478879,-0.297541,-0.921083,0.074912,0.013793,-0.055841,0.808626,-0.34336,-0.47773,0.429874,0.899218,0.081327,0.40166,-0.271127,0.874733,-0.000102,-0.000746,-0.000799,-4.1e-05,1.2e-05,9.9e-05,-0.007367
523,0.146817,-0.048488,0.337517,-0.738766,0.441643,-0.509137,-0.544573,-0.836194,0.064736,-0.396234,0.324533,0.858897,-0.000172,-0.001279,-0.001371,-0.0,-0.0,-0.0,0.149232,-0.168954,-0.022702,0.328134,-0.931986,-0.357345,0.060815,0.340774,-0.807028,0.482195,-0.122053,0.470575,0.8738,-1.8e-05,-0.004334,-0.004288,0.212897,-0.163975,-0.13205,-1.403609,0.042989,0.03314,-0.01706,0.932209,0.324324,0.160619,-0.359921,0.87732,0.317435,-0.037963,-0.353726,0.934577,0.000441,-0.007325,0.002393,0.193469,-0.172863,-0.121334,-0.922553,0.074902,0.013757,-0.055864,0.808768,-0.343191,-0.477612,0.429719,0.899277,0.081487,0.40154,-0.271143,0.874782,-8.8e-05,-0.000666,-0.000715,-2.8e-05,7e-06,6.5e-05,-0.012429
524,0.146814,-0.048505,0.337485,-0.737414,0.442169,-0.510639,-0.54469,-0.836301,0.06232,-0.39858,0.323541,0.858185,-0.000145,-0.001076,-0.001154,-0.00611,0.086254,-0.179071,0.149857,-0.169023,-0.022904,0.328128,-0.934273,-0.351779,0.058112,0.335434,-0.812416,0.476863,-0.119358,0.465458,0.876907,-2.3e-05,-0.005221,-0.005169,0.541606,2.371453,4.877978,-1.403623,0.042955,0.033037,-0.017064,0.93397,0.320192,0.158667,-0.355117,0.881175,0.312124,-0.039874,-0.34786,0.936697,-0.000203,-0.002578,-0.002608,0.499112,2.38342,4.881404,-0.919287,0.074901,0.013749,-0.05588,0.807448,-0.344001,-0.479259,0.430026,0.899356,0.078963,0.403862,-0.269852,0.874113,-6.6e-05,0.004491,-0.005321,0.03152,-0.008904,0.016198,-0.014062
525,0.146843,-0.048533,0.337424,-0.737442,0.442138,-0.510624,-0.544639,-0.836336,0.062297,-0.398597,0.323492,0.858196,-0.00021,-0.001567,-0.001681,-0.0,-0.0,-0.0,0.155689,-0.169282,-0.023497,0.328145,-0.936779,-0.345972,0.052339,0.329139,-0.82096,0.466504,-0.117245,0.454677,0.882828,-3.9e-05,-0.007389,-0.007335,0.161108,-0.126918,-0.115468,-1.403757,0.042825,0.032744,-0.017053,0.937462,0.312008,0.154319,-0.345427,0.888569,0.301867,-0.042938,-0.336295,0.940776,-0.006873,-0.009432,0.000958,0.104512,-0.18757,-0.007311,-0.923369,0.074916,0.013736,-0.055909,0.807578,-0.343853,-0.479147,0.429863,0.899426,0.079052,0.403775,-0.269808,0.874166,-0.000119,-0.000904,-0.000969,-0.000982,0.012568,-0.025947,-0.01047
526,0.146972,-0.048608,0.337344,-0.739909,0.43789,-0.510716,-0.539813,-0.839467,0.062197,-0.400579,0.321162,0.858148,-0.000293,-0.002192,-0.002353,0.001167,0.012253,-0.029408,0.155697,-0.16933,-0.023985,0.328087,-0.94063,-0.336768,0.04235,0.318516,-0.833144,0.452053,-0.115764,0.439132,0.890856,-2.9e-05,-0.005071,-0.005046,0.27101,-0.221185,-0.175652,-1.404142,0.042801,0.032493,-0.017089,0.942267,0.301127,0.146469,-0.331848,0.898259,0.288109,-0.04481,-0.320082,0.946329,0.000435,-0.007597,0.002112,0.267755,-0.258912,-0.198263,-0.923369,0.07498,0.0137,-0.055948,0.809475,-0.339327,-0.479172,0.424683,0.901911,0.078736,0.405453,-0.267231,0.874181,-7.8e-05,-0.000581,-0.000626,0.006323,-0.001177,-0.011667,-0.007041
527,0.147063,-0.048581,0.337297,-0.739467,0.436221,-0.512782,-0.539506,-0.839552,0.063697,-0.401807,0.323203,0.856807,6e-05,0.000447,0.00048,-0.000621,-0.001187,-0.00055,0.15167,-0.169362,-0.024171,0.327933,-0.942122,-0.333369,0.035534,0.3138,-0.839987,0.442589,-0.116506,0.428547,0.895901,-2.6e-05,-0.00446,-0.004446,0.334927,-0.052448,0.271004,-1.404569,0.042785,0.032404,-0.017162,0.944109,0.297877,0.141155,-0.326684,0.902658,0.28015,-0.043964,-0.310605,0.949521,-0.00018,-0.002217,-0.002252,0.563843,2.117043,4.692043,-0.920593,0.075025,0.013708,-0.055977,0.808887,-0.337645,-0.481349,0.424287,0.901958,0.080314,0.40704,-0.269196,0.87284,4.7e-05,0.000345,0.000371,0.006756,0.010476,0.002781,-0.00949
528,0.147078,-0.048488,0.337259,-0.739291,0.436369,-0.512909,-0.539575,-0.839532,0.063372,-0.402036,0.323056,0.856755,0.000222,0.00166,0.001781,0.000881,-0.012531,0.025938,0.15093,-0.169339,-0.02428,0.327852,-0.943487,-0.329587,0.034569,0.310256,-0.842271,0.440742,-0.114954,0.426978,0.896849,0.000853,-0.016172,0.00323,0.003558,-0.010263,-0.063081,-1.404845,0.042796,0.032354,-0.017206,0.945644,0.293474,0.140106,-0.321999,0.905301,0.277029,-0.045538,-0.307085,0.950591,-6e-06,-0.002386,-0.002379,-0.005374,0.011801,-0.036977,-0.920594,0.075032,0.013753,-0.055998,0.808775,-0.33785,-0.481392,0.424355,0.90196,0.079937,0.40719,-0.268933,0.872851,6.2e-05,0.005459,-0.004283,0.036616,-0.010587,0.019395,-0.011776
529,0.147043,-0.048336,0.337104,-0.739132,0.436482,-0.513043,-0.53949,-0.83963,0.062797,-0.402442,0.322649,0.856717,-0.000116,-0.000868,-0.000931,-0.0,-0.0,-0.0,0.148283,-0.169423,-0.024554,0.327703,-0.944917,-0.325827,0.030993,0.306335,-0.84752,0.433363,-0.113739,0.4194,0.900572,-3.8e-05,-0.006155,-0.006154,0.139023,-0.107345,-0.102777,-1.405506,0.042755,0.032214,-0.017276,0.947459,0.288851,0.137419,-0.316404,0.909399,0.269964,-0.04699,-0.29926,0.953013,-1.2e-05,-0.002904,-0.002901,0.141882,-0.114866,-0.116637,-0.924839,0.075015,0.013835,-0.056069,0.808627,-0.338013,-0.481528,0.424304,0.902037,0.079338,0.407539,-0.268469,0.872831,-5.6e-05,0.00457,-0.005238,0.035564,-0.012291,0.018863,-0.014552
530,0.147062,-0.048323,0.337042,-0.738728,0.434768,-0.515075,-0.539141,-0.839738,0.064329,-0.403647,0.324674,0.855385,-4e-06,-3.1e-05,-3.3e-05,-0.015994,-0.030624,-0.014228,0.142375,-0.169215,-0.024983,0.327516,-0.942784,-0.333131,0.013167,0.307097,-0.852754,0.422417,-0.1283,0.402716,0.906213,0.014616,-0.006368,-0.007715,0.403962,-0.441447,0.006032,-1.405785,0.042848,0.032004,-0.01737,0.9486,0.293086,0.119403,-0.314749,0.913053,0.259357,-0.033007,-0.283608,0.958371,0.007312,-0.003752,-0.00443,0.546216,-0.548762,0.247515,-0.924186,0.075025,0.013839,-0.056103,0.807997,-0.336236,-0.483823,0.423914,0.902068,0.08105,0.409189,-0.270588,0.871404,2e-06,1.2e-05,1.2e-05,0.002185,-0.002549,-0.006768,-0.021084
