frame,MLTx,MLTy,MLTz,MLTR1,MLTR2,MLTR3,MLTR4,MLTR5,MLTR6,MLTR7,MLTR8,MLTR9,MLTTVx,MLTTVy,MLTTVz,MLTRVx,MLTRVy,MLTRVz,MLGA,MRTx,MRTy,MRTz,MRTR1,MRTR2,MRTR3,MRTR4,MRTR5,MRTR6,MRTR7,MRTR8,MRTR9,MRTTVx,MRTTVy,MRTTVz,MRTRVx,MRTRVy,MRTRVz,MRGA,SLTx,SLTy,SLTz,SLTR1,SLTR2,SLTR3,SLTR4,SLTR5,SLTR6,SLTR7,SLTR8,SLTR9,SLTTVx,SLTTVy,SLTTVz,SLTRVx,SLTRVy,SLTRVz,SLGA,SRTx,SRTy,SRTz,SRTR1,SRTR2,SRTR3,SRTR4,SRTR5,SRTR6,SRTR7,SRTR8,SRTR9,SRTTVx,SRTTVy,SRTTVz,SRTRVx,SRTRVy,SRTRVz,SRGA
989,0.106913,0.021122,0.349348,-0.527244,0.00525,-0.849725,-0.165998,-0.981342,0.096874,-0.83271,0.192116,0.519339,-0.052702,-0.023939,0.047942,-0.13924,-0.00284,0.037613,-1.917625,-0.20035,0.051759,0.359579,0.542043,0.352678,0.762758,-0.780885,0.546563,0.302359,-0.310922,-0.75995,0.570672,-0.035809,0.000549,0.00276,0.182722,-0.341945,-0.347558,0.536142,0.019422,0.04797,0.00318,-0.567923,-0.241251,0.78693,0.686137,-0.666844,0.290745,0.454617,0.705064,0.544248,-0.011945,0.000137,0.000904,0.217839,-0.426616,-0.364979,0.51571,0.068102,0.033965,-0.06561,-0.578936,0.111403,-0.807726,-0.181804,-0.983319,-0.005313,-0.794845,0.143772,0.589533,-0.026342,-0.011799,0.024134,-0.139287,-0.002837,0.037505,-0.85011
990,0.105066,0.020408,0.351064,-0.526462,0.003527,-0.850218,-0.16406,-0.98161,0.097454,-0.833589,0.190782,0.51842,-0.051384,-0.010899,0.041142,0.207846,-0.495257,0.656546,-1.917781,-0.201437,0.051723,0.359634,0.545682,0.349436,0.761654,-0.775338,0.555183,0.300927,-0.318369,-0.755178,0.572896,-0.024106,-0.002414,0.000241,0.022703,-0.024846,-0.09547,0.536782,0.018874,0.047959,0.003211,-0.571021,-0.239922,0.785093,0.679449,-0.674857,0.287949,0.460741,0.697856,0.548373,-0.012092,-0.00166,-0.000125,0.013715,-0.012855,-0.09618,0.517507,0.067179,0.033611,-0.06475,-0.578345,0.109594,-0.808396,-0.179793,-0.983692,-0.004731,-0.795732,0.142608,0.588618,-0.025696,-0.005354,0.020673,0.249592,-0.545952,0.715114,-0.844884
991,0.103509,0.020255,0.352355,-0.528321,0.001545,-0.84907,-0.165348,-0.981032,0.101038,-0.832156,0.193764,0.519615,-0.036278,0.009877,0.023612,-0.036774,0.032577,-0.054992,-1.917917,-0.20258,0.051454,0.359568,0.560455,0.346113,0.752388,-0.762923,0.569064,0.306674,-0.322698,-0.746316,0.582015,-0.024625,-0.008074,-0.003022,0.01788,-0.094554,-0.091394,0.53688,0.018303,0.047831,0.003182,-0.585357,-0.234252,0.776197,0.665019,-0.686362,0.294373,0.463795,0.688499,0.557549,-0.018285,-0.003905,-0.001014,-0.033307,-0.303121,0.179613,0.517833,0.066414,0.033532,-0.064112,-0.580027,0.107695,-0.807446,-0.180882,-0.983503,-0.001242,-0.79426,0.145332,0.589939,-0.018683,-0.000824,0.015811,-0.072037,0.065252,-0.095787,-0.838353
992,0.102785,0.020441,0.35286,-0.527518,-0.001581,-0.849569,-0.165296,-0.980689,0.104399,-0.832676,0.195498,0.51813,-0.034914,0.022418,0.016371,-0.072938,-0.167963,-0.146091,-1.918128,-0.203198,0.05127,0.359504,0.568998,0.34341,0.747196,-0.756916,0.573683,0.31289,-0.321901,-0.74402,0.585386,-0.036783,-0.009767,-0.003198,-0.831001,-1.776787,2.042152,0.536985,0.017985,0.047736,0.003149,-0.592732,-0.23025,0.771785,0.658909,-0.689685,0.300286,0.463148,0.686526,0.560513,-0.018412,-0.005116,-0.001717,-0.837793,-1.757399,2.04156,0.51816,0.066065,0.033615,-0.063867,-0.579756,0.105137,-0.807978,-0.180665,-0.983543,0.001652,-0.794508,0.14693,0.589209,-0.018038,0.005325,0.012099,-0.172331,-0.295465,-0.27907,-0.837863
993,0.101651,0.021167,0.353564,-0.528701,-0.010725,-0.848767,-0.164182,-0.979737,0.114588,-0.832144,0.199942,0.517287,-0.021929,0.019619,0.014329,-0.328966,0.432577,-0.674417,-1.917579,-0.204667,0.050789,0.359357,0.578499,0.330343,0.74579,-0.742732,0.5911,0.314457,-0.337667,-0.736241,0.586339,-0.037271,-0.013823,-0.005578,0.361645,0.232951,0.155372,0.537501,0.017264,0.047502,0.003078,-0.600491,-0.215876,0.769939,0.642096,-0.704038,0.303384,0.476573,0.676555,0.561382,-0.02459,-0.006497,-0.002119,1.246865,0.49961,1.011733,0.51816,0.065481,0.033989,-0.063501,-0.579822,0.095679,-0.809105,-0.178988,-0.983778,0.011932,-0.794839,0.151738,0.587542,-0.0173,0.011512,0.00838,-1.022128,1.578619,-2.074617,-0.842925
994,0.100706,0.021993,0.354117,-0.524609,-0.021526,-0.851098,-0.164002,-0.978395,0.125773,-0.834769,0.205583,0.510806,-0.021517,0.020775,0.015105,-1.195223,1.05216,-2.357443,-1.91792,-0.206264,0.050134,0.359049,0.59086,0.309521,0.745032,-0.719056,0.620638,0.312571,-0.366372,-0.720786,0.588305,-0.050037,-0.019682,-0.008248,0.028187,0.092952,-0.147687,0.537172,0.016471,0.047179,0.002926,-0.609319,-0.193145,0.769041,0.61327,-0.729583,0.302665,0.502622,0.656051,0.562999,-0.019078,-0.010618,-0.004958,0.092316,0.131428,-0.047434,0.518486,0.065007,0.034399,-0.063226,-0.576627,0.088258,-0.812226,-0.178424,-0.983754,0.019773,-0.797286,0.156322,0.583007,-0.0108,0.010274,0.007486,-0.002134,0.007616,-0.038412,-0.848314
995,0.099802,0.023043,0.354721,-0.523047,-0.027838,-0.851876,-0.16318,-0.977701,0.132079,-0.83591,0.208121,0.507904,-0.020364,0.024536,0.01777,-0.06139,-0.154034,-0.099788,-1.917644,-0.207807,0.04907,0.358535,0.602771,0.284939,0.745298,-0.691325,0.652748,0.309717,-0.39898,-0.702281,0.589474,-0.027457,-0.032191,-0.017345,-0.003648,0.085621,-0.158448,0.53724,0.015707,0.046672,0.002683,-0.616956,-0.166802,0.769117,0.58028,-0.756596,0.301391,0.531639,0.632249,0.563578,-0.013734,-0.016216,-0.008715,0.022922,-0.006092,0.065769,0.518486,0.064554,0.03492,-0.062927,-0.57551,0.07856,-0.814011,-0.176734,-0.9838,0.030005,-0.798468,0.161132,0.580072,-0.00964,0.018026,0.004916,-0.031741,-0.194296,-0.092182,-0.852722
996,0.099378,0.023582,0.355087,-0.523207,-0.035638,-0.851487,-0.162447,-0.97663,0.140631,-0.835953,0.211939,0.506253,-0.019727,0.026601,0.019214,-0.123907,-0.313241,-0.193273,-1.917812,-0.20844,0.048396,0.358153,0.605745,0.274786,0.746697,-0.680986,0.664259,0.308144,-0.412068,-0.695484,0.588527,-0.040281,-0.037847,-0.020027,-0.002281,0.111481,-0.176984,0.536788,0.01538,0.046327,0.002489,-0.617978,-0.156132,0.770535,0.568168,-0.766106,0.300442,0.543404,0.62346,0.562146,-0.014173,-0.019794,-0.010907,0.019619,0.108689,-0.128358,0.518486,0.064342,0.035188,-0.062745,-0.576319,0.071255,-0.814112,-0.175469,-0.983746,0.038115,-0.798164,0.164818,0.579455,-0.009754,0.013736,0.009943,-0.176161,-0.468968,-0.239558,-0.852233
997,0.098615,0.024655,0.355897,-0.522684,-0.047149,-0.851248,-0.166656,-0.973551,0.156191,-0.835452,0.223557,0.502065,-0.019005,0.028718,0.020596,-1.584235,-0.176771,0.567615,-1.917713,-0.209486,0.046844,0.357018,0.613513,0.258417,0.746199,-0.656278,0.692268,0.299994,-0.439798,-0.674083,0.59334,-0.017392,-0.048084,-0.02818,0.058746,-0.031012,-0.227787,0.536495,0.014848,0.045551,0.001922,-0.622856,-0.138614,0.769957,0.538676,-0.789702,0.293592,0.567342,0.597624,0.56654,-0.014881,-0.01846,-0.017686,0.13992,-0.157174,-0.075514,0.517996,0.06396,0.035725,-0.062339,-0.576414,0.059378,-0.814996,-0.176929,-0.982766,0.053533,-0.797773,0.175054,0.576986,-0.009415,0.01496,0.010657,-4.97961,0.264466,2.234668,-0.851253
998,0.097799,0.025727,0.356809,-0.523337,-0.056072,-0.850305,-0.164753,-0.972344,0.165458,-0.83542,0.226744,0.500687,-0.031668,0.031168,0.022069,-0.013099,-0.028147,-0.030799,-1.917859,-0.210233,0.044949,0.355621,0.621969,0.236158,0.746575,-0.628558,0.719043,0.296354,-0.467595,-0.65388,0.594692,-0.01855,-0.056538,-0.03397,0.360461,0.254607,0.120414,0.536629,0.014482,0.044628,0.001239,-0.627156,-0.116581,0.770119,0.508277,-0.810454,0.291235,0.590194,0.574083,0.567537,-0.003187,-0.022975,-0.021512,4.141123,1.735967,3.162748,0.518323,0.063565,0.036253,-0.061889,-0.576033,0.050273,-0.815878,-0.176182,-0.982283,0.063863,-0.798213,0.180531,0.574685,-0.009937,0.008914,0.014444,-0.030493,0.115881,-0.166372,-0.841292
999,0.097429,0.02622,0.357207,-0.523114,-0.05655,-0.850411,-0.169683,-0.970907,0.168877,-0.834573,0.232707,0.499361,-0.019072,0.027764,0.019659,-0.049032,-0.010925,-0.246356,-1.917639,-0.210524,0.0439,0.354894,0.625952,0.219252,0.748401,-0.611721,0.73316,0.297001,-0.484346,-0.64399,0.592072,-0.019249,-0.048732,-0.044469,0.269045,0.524568,0.325219,0.536191,0.01433,0.044078,0.000866,-0.628568,-0.099619,0.771347,0.488548,-0.822254,0.291922,0.605163,0.560333,0.565511,-0.009586,-0.030635,-0.018613,0.994051,0.971275,1.289362,0.51865,0.063369,0.036513,-0.06168,-0.576117,0.050122,-0.815828,-0.180884,-0.981188,0.067454,-0.7971,0.186432,0.574346,-0.009454,0.014215,0.010083,-0.054236,-0.148983,-0.06232,-0.842272
1000,0.096678,0.027225,0.358099,-0.524754,-0.06673,-0.848661,-0.178643,-0.966089,0.186361,-0.83167,0.249478,0.496098,-0.018282,0.03007,0.021133,-0.191595,-0.472617,-0.259714,-1.918116,-0.211088,0.041532,0.35314,0.626912,0.179386,0.758151,-0.570652,0.768135,0.290273,-0.531058,-0.614837,0.582937,-0.00772,-0.067178,-0.042778,1.187717,0.638939,1.069034,0.536107,0.014043,0.042898,-1.3e-05,-0.621822,-0.05967,0.780882,0.44296,-0.849074,0.287851,0.645851,0.524891,0.554405,-0.01004,-0.027896,-0.024893,4.129632,1.805311,3.346497,0.518486,0.062992,0.037011,-0.061238,-0.579081,0.040879,-0.814244,-0.188594,-0.978369,0.085007,-0.793156,0.202788,0.574265,-0.00922,0.014802,0.010418,-0.200721,-0.391385,-0.452815,-0.850273
1001,0.095934,0.028199,0.359046,-0.522628,-0.080488,-0.848779,-0.193067,-0.958498,0.209709,-0.829787,0.273565,0.486459,-0.019313,0.018685,0.029042,-0.339551,-0.620642,-0.595053,-1.917637,-0.211439,0.039128,0.351216,0.620608,0.120863,0.774745,-0.519723,0.803143,0.291177,-0.587796,-0.583508,0.560248,-0.008431,-0.072283,-0.047208,0.105159,0.688633,0.87199,0.535848,0.013865,0.041669,-0.000993,-0.605324,-0.002405,0.795974,0.385769,-0.875591,0.290724,0.69625,0.483045,0.530945,-0.004258,-0.036518,-0.02384,0.043247,0.764837,0.940243,0.518976,0.062621,0.037504,-0.060765,-0.577454,0.027772,-0.815949,-0.201507,-0.973349,0.10948,-0.791164,0.22764,0.567661,-0.009231,0.014545,0.01015,-0.103721,-0.161863,-0.326838,-0.850436
1002,0.095422,0.028875,0.359949,-0.525238,-0.094442,-0.845725,-0.206627,-0.949927,0.234341,-0.82486,0.297947,0.48048,-0.008475,0.009587,0.022635,-0.234475,-0.267635,-0.465922,-1.917984,-0.211853,0.036495,0.34906,0.609135,0.023276,0.792719,-0.440301,0.841197,0.313778,-0.660272,-0.540195,0.521625,0.003493,-0.063931,-0.059229,0.823351,1.50551,2.012468,0.535438,0.013659,0.040395,-0.002029,-0.578204,0.085589,0.811389,0.307738,-0.898151,0.314038,0.755629,0.431274,0.492976,-0.00448,-0.031279,-0.028727,-0.376215,1.224118,1.06701,0.520283,0.062364,0.037856,-0.060305,-0.57914,0.01242,-0.815132,-0.21331,-0.967357,0.136814,-0.786825,0.253111,0.562885,-0.004327,0.004521,0.011141,-0.361134,-0.299661,-0.720185,-0.846354
1003,0.095256,0.029034,0.360347,-0.527,-0.09994,-0.843995,-0.210527,-0.946761,0.243501,-0.822747,0.306128,0.478957,-0.009332,0.006593,0.020519,-0.171804,-0.178633,-0.327092,-1.917547,-0.211951,0.035293,0.347916,0.601242,-0.02869,0.798546,-0.399591,0.854536,0.331706,-0.692636,-0.51849,0.501285,0.003561,-0.063378,-0.059533,0.914347,1.305699,2.073776,0.535321,0.013609,0.039791,-0.002603,-0.560886,0.137048,0.81647,0.266117,-0.90402,0.334556,0.783956,0.404925,0.470582,0.001825,-0.031195,-0.029383,-0.190223,1.450522,1.601155,0.520609,0.062281,0.037937,-0.060104,-0.580788,0.006569,-0.814027,-0.216496,-0.965202,0.146675,-0.784738,0.261421,0.562,-0.004343,0.008118,0.005615,-0.206534,-0.276432,-0.368713,-0.848477
1004,0.094818,0.029317,0.361008,-0.537116,-0.109662,-0.836376,-0.22119,-0.938511,0.265037,-0.813349,0.327485,0.480879,-0.009236,0.014154,0.009719,-4.687717,1.619562,2.200206,-1.917576,-0.211977,0.033246,0.345484,0.576178,-0.114526,0.809255,-0.344963,0.863452,0.367947,-0.741592,-0.491021,0.456949,0.003765,-0.049066,-0.066672,0.884875,1.479731,1.829207,0.535297,0.013592,0.038734,-0.003841,-0.520695,0.221345,0.824549,0.207616,-0.903983,0.373776,0.828112,0.365814,0.424745,-0.004346,-0.024602,-0.032998,4.005985,3.155756,3.480108,0.520773,0.062061,0.038073,-0.059772,-0.589482,-0.007393,-0.807747,-0.220206,-0.960614,0.169495,-0.777187,0.277785,0.564637,-0.005146,0.001655,0.009109,-0.130904,0.210474,-0.434688,-0.84815
1005,0.094473,0.029371,0.361654,-0.541078,-0.126863,-0.831376,-0.23739,-0.925321,0.295634,-0.806126,0.357474,0.471594,0.000953,-0.004073,0.013153,-0.2568,-0.261579,-0.602868,-1.917959,-0.211836,0.031659,0.342576,0.532801,-0.180843,0.826686,-0.296446,0.875019,0.382615,-0.793203,-0.448698,0.411534,0.016246,-0.026676,-0.084695,0.139101,1.671416,0.127856,0.535755,0.013657,0.037947,-0.005259,-0.469289,0.280413,0.837338,0.156926,-0.906663,0.391579,0.868988,0.315165,0.381483,0.008401,-0.018936,-0.038394,4.242258,2.845543,2.92544,0.521426,0.061891,0.038114,-0.059457,-0.59476,-0.020608,-0.803638,-0.239874,-0.949581,0.201877,-0.767281,0.312841,0.559829,0.000485,-0.001987,0.006621,-0.415511,-0.667229,-0.587169,-0.84864
1006,0.094398,0.029162,0.361929,-0.540998,-0.137024,-0.829814,-0.240974,-0.920026,0.308959,-0.805117,0.367275,0.46575,-0.000168,-0.007887,0.010529,-0.226905,-0.193456,-0.563341,-1.917766,-0.211602,0.03111,0.34106,0.518722,-0.205478,0.829878,-0.280954,0.875718,0.392579,-0.808031,-0.436538,0.395454,0.016694,-0.036645,-0.076424,-0.447243,1.069151,0.651025,0.535267,0.013775,0.037661,-0.006049,-0.448775,0.301757,0.841156,0.140862,-0.905611,0.400032,0.882473,0.298011,0.363909,0.008244,-0.01287,-0.042281,-0.237266,0.826154,0.237138,0.521589,0.061849,0.038007,-0.059309,-0.59431,-0.031809,-0.803606,-0.242467,-0.945637,0.216748,-0.766815,0.323664,0.554289,-0.000899,-0.010353,0.008838,-0.294243,-0.342476,-0.47543,-0.845211
1007,0.094081,0.028593,0.362447,-0.541058,-0.157444,-0.826143,-0.247697,-0.908922,0.335378,-0.803035,0.386283,0.453814,-0.002095,-0.021737,0.016972,-0.316005,-0.248368,-0.651871,-1.917586,-0.211004,0.030075,0.337826,0.477643,-0.272301,0.835284,-0.224718,0.881172,0.415899,-0.849853,-0.386013,0.358618,0.029708,-0.024726,-0.085828,-0.200608,1.049068,0.478665,0.535489,0.014069,0.037139,-0.007663,-0.39568,0.362152,0.843968,0.085756,-0.900381,0.426565,0.914375,0.241158,0.325207,0.008387,-0.012394,-0.042532,-0.036376,1.336194,0.899799,0.521425,0.06169,0.037723,-0.059056,-0.595042,-0.051861,-0.802019,-0.247197,-0.93773,0.244038,-0.764734,0.34347,0.545169,-0.006898,-0.004336,0.004974,-0.391022,-0.432546,-0.758833,-0.83574
1008,0.093754,0.027866,0.363047,-0.540287,-0.179322,-0.822179,-0.260117,-0.893602,0.365769,-0.799624,0.411702,0.437184,-0.003834,-0.03492,0.023901,-0.635244,-0.004222,-1.5056,-1.917677,-0.210033,0.028941,0.334521,0.418898,-0.366958,0.830577,-0.151328,0.873609,0.46243,-0.895791,-0.318942,0.309352,0.029992,-0.025031,-0.087336,-0.148326,1.601576,1.098775,0.535787,0.014554,0.036573,-0.009314,-0.322808,0.444392,0.835649,0.016631,-0.880117,0.474464,0.946317,0.167059,0.276718,0.01498,-0.012907,-0.043946,0.750795,2.29022,1.769471,0.521426,0.061528,0.037373,-0.058764,-0.593286,-0.071102,-0.801844,-0.258429,-0.926542,0.273372,-0.762381,0.369408,0.53133,-0.001285,-0.011651,0.007964,-0.291434,-0.202596,-0.626006,-0.836557
1009,0.09365,0.027296,0.363434,-0.536367,-0.192358,-0.821799,-0.265455,-0.885832,0.380536,-0.800513,0.422492,0.425096,-0.003999,-0.035485,0.023538,-0.559924,-0.721745,-0.715395,-1.917933,-0.209368,0.028468,0.332768,0.377356,-0.419997,0.825346,-0.111647,0.864016,0.490861,-0.919719,-0.276852,0.278087,0.030449,-0.022631,-0.086134,3.907483,4.535252,2.797064,0.535757,0.014875,0.036342,-0.010161,-0.27826,0.486012,0.82847,-0.015364,-0.864677,0.502092,0.960382,0.126984,0.248072,0.021807,-0.011133,-0.043279,0.588811,2.515467,1.932353,0.521426,0.061473,0.037064,-0.058557,-0.591277,-0.086939,-0.801768,-0.261547,-0.919765,0.292615,-0.762878,0.382717,0.521097,-0.002053,-0.017915,0.011656,-0.495147,-0.630538,-0.667986,-0.837536
1010,0.093446,0.025893,0.364412,-0.529643,-0.215245,-0.820484,-0.277538,-0.870066,0.407346,-0.8009,0.443726,0.402111,-0.003714,-0.034539,0.024253,-0.495145,-0.577272,-0.628955,-1.918187,-0.207897,0.02784,0.329444,0.281531,-0.504645,0.816128,-0.052313,0.841104,0.538275,-0.958412,-0.193606,0.209347,0.044507,-0.017454,-0.083961,0.49486,2.759989,1.741043,0.53562,0.015633,0.036006,-0.011891,-0.164401,0.556695,0.814286,-0.072916,-0.830118,0.552798,0.983694,0.031506,0.177064,0.022309,-0.008584,-0.041872,0.525809,2.744042,1.734562,0.521752,0.061373,0.036385,-0.058089,-0.585371,-0.108976,-0.803407,-0.271422,-0.907407,0.320844,-0.763982,0.405876,0.501592,-0.008081,-0.015537,0.013289,-0.331176,-0.264648,-0.492873,-0.831495
1011,0.093341,0.024514,0.365482,-0.521321,-0.237129,-0.819781,-0.286213,-0.85641,0.429671,-0.803312,0.458919,0.379619,-0.002822,-0.031563,0.026372,-0.592658,-0.7458,-0.717476,-1.918094,-0.206343,0.02733,0.326246,0.153446,-0.587767,0.79434,0.002797,0.804023,0.594537,-0.988279,-0.088275,0.123997,0.045852,-0.022555,-0.07221,3.524846,5.144123,3.039994,0.535324,0.016392,0.035757,-0.013466,-0.029797,0.614736,0.788169,-0.115314,-0.785369,0.608192,0.992881,-0.072764,0.094289,0.022753,-0.005363,-0.039665,-0.194903,0.788039,3.885436,0.521915,0.061314,0.035694,-0.057561,-0.577859,-0.13045,-0.805643,-0.27826,-0.896503,0.344748,-0.767235,0.423395,0.481754,-0.001341,-0.015501,0.01338,-0.453347,-0.479748,-0.568339,-0.829698
1012,0.093356,0.023159,0.36674,-0.512152,-0.256303,-0.819789,-0.307017,-0.83677,0.453353,-0.801539,0.48419,0.350889,-0.002466,-0.037763,0.038233,-0.506469,-0.592517,-0.42619,-1.918525,-0.204655,0.027035,0.323297,0.030087,-0.645904,0.762821,0.040525,0.763231,0.644803,-0.998695,0.012317,0.04816,0.046698,-0.003238,-0.074198,0.606877,2.583499,1.566262,0.535327,0.017236,0.0356,-0.014941,0.105394,0.652557,0.750374,-0.146463,-0.736161,0.660768,0.983585,-0.179543,0.017988,0.023501,-0.001473,-0.037315,3.685037,5.038398,2.475727,0.522079,0.061324,0.034999,-0.056926,-0.567923,-0.151708,-0.808978,-0.297377,-0.878654,0.37354,-0.767482,0.452714,0.453893,-0.001041,-0.018203,0.019585,-0.624608,-0.686758,-0.665961,-0.829372
1013,0.093364,0.022593,0.367422,-0.504953,-0.270123,-0.819817,-0.310351,-0.829455,0.46439,-0.804821,0.489259,0.336028,-0.000438,-0.023557,0.031983,-0.418358,-0.533373,-0.333811,-1.919441,-0.203714,0.026962,0.321926,-0.021441,-0.670887,0.741244,0.049653,0.739687,0.671068,-0.998441,0.052028,0.0165,0.047214,0.00053,-0.07139,-0.335656,1.862197,1.230175,0.535029,0.017706,0.035562,-0.015628,0.160327,0.668124,0.72657,-0.151786,-0.710649,0.686977,0.975323,-0.220425,-0.012525,0.023847,-0.005148,-0.03166,0.400769,2.881304,1.379694,0.522242,0.061327,0.034708,-0.056584,-0.560868,-0.165875,-0.811117,-0.299855,-0.872506,0.385771,-0.771694,0.459585,0.439622,0.006192,-0.01288,0.015267,-0.490984,-0.574215,-0.544359,-0.832148
1014,0.093433,0.021642,0.368769,-0.492194,-0.292439,-0.819921,-0.317102,-0.816952,0.481671,-0.810089,0.497434,0.310391,0.000134,-0.02164,0.033338,-0.312312,-0.339041,-0.225925,-1.920046,-0.201394,0.026988,0.319363,-0.099166,-0.709135,0.698057,0.07125,0.694551,0.71586,-0.992323,0.121607,-0.019246,0.061444,0.007842,-0.066599,1.121447,0.076173,3.26544,0.534837,0.018838,0.035571,-0.016885,0.241709,0.689792,0.682468,-0.163143,-0.664422,0.729332,0.956535,-0.287626,-0.048062,0.03767,-0.001131,-0.029692,3.601113,4.510324,0.720927,0.522242,0.061362,0.034236,-0.055908,-0.548396,-0.188638,-0.814663,-0.305185,-0.861876,0.405007,-0.778539,0.470727,0.41508,0.000118,-0.010576,0.016836,-0.324026,-0.371746,-0.245039,-0.837047
1015,0.093529,0.020978,0.370108,-0.482076,-0.310211,-0.8194,-0.323084,-0.806391,0.495301,-0.81381,0.50389,0.289542,0.001905,-0.015628,0.037454,-0.264784,-0.164235,-0.323483,-1.920472,-0.198724,0.027318,0.316809,-0.15802,-0.722194,0.673392,0.097266,0.667154,0.738498,-0.982365,0.183093,-0.036043,0.061847,0.009939,-0.065273,1.004259,1.519104,0.578937,0.534817,0.020168,0.035741,-0.018156,0.298316,0.695298,0.653886,-0.181225,-0.631356,0.754019,0.937104,-0.343437,-0.062338,0.030955,0.004977,-0.032633,-0.271159,0.529942,0.823307,0.522242,0.061408,0.033898,-0.055243,-0.538596,-0.206438,-0.816882,-0.31007,-0.852917,0.419983,-0.783434,0.479493,0.395368,-0.005446,-0.006529,0.01958,-0.261366,-0.256187,-0.185864,-0.844395
1016,0.093485,0.020705,0.370872,-0.477057,-0.319089,-0.818928,-0.326239,-0.800924,0.502056,-0.815512,0.50707,0.279012,-0.010573,-0.012128,0.039781,-0.483291,-0.644417,-0.388798,-1.920126,-0.197424,0.027481,0.315552,-0.175455,-0.727266,0.663544,0.099793,0.657282,0.746964,-0.979126,0.198178,-0.0436,0.062414,-0.001263,-0.057756,-0.283654,0.530554,0.794779,0.534755,0.020823,0.035828,-0.018787,0.318616,0.695273,0.644265,-0.1866,-0.62038,0.761779,0.929334,-0.362936,-0.067925,0.031032,0.005249,-0.032519,-0.045569,0.270207,0.370704,0.522405,0.061391,0.033768,-0.054875,-0.535369,-0.21293,-0.817337,-0.312171,-0.849294,0.425732,-0.784811,0.483073,0.388215,-0.005335,-0.006153,0.019835,-0.263066,-0.233184,-0.204484,-0.846844
1017,0.093253,0.020332,0.372276,-0.475487,-0.323453,-0.81813,-0.32967,-0.7967,0.506516,-0.815052,0.510954,0.273211,-0.010588,-0.012202,0.039707,-0.112109,0.025719,-0.034655,-1.919902,-0.194992,0.027851,0.313233,-0.187965,-0.735971,0.650389,0.09216,0.645947,0.757755,-0.977535,0.203286,-0.054424,0.062547,0.015505,-0.061055,0.024598,0.143025,0.277914,0.534508,0.022062,0.036007,-0.019972,0.334062,0.702085,0.62887,-0.17477,-0.609491,0.773289,0.926206,-0.368235,-0.080904,0.031349,0.008302,-0.03008,0.05386,0.102644,0.282005,0.522242,0.061277,0.033581,-0.054155,-0.532376,-0.219849,-0.817459,-0.315511,-0.844567,0.432618,-0.785511,0.488233,0.380263,-0.004894,-0.000976,0.01532,-0.045476,0.053681,0.004234,-0.846027
1018,0.092973,0.019966,0.373527,-0.475908,-0.322834,-0.818129,-0.332448,-0.795174,0.507097,-0.813677,0.513715,0.272127,-0.010704,-0.005256,0.028383,-0.064967,-0.05666,0.139429,-1.919886,-0.192589,0.028709,0.310951,-0.20233,-0.729577,0.653278,0.081909,0.652022,0.753719,-0.975561,0.206915,-0.073003,0.049217,0.033805,-0.06184,-0.257385,0.272859,-0.488227,0.534086,0.023287,0.03644,-0.021138,0.346942,0.693505,0.631412,-0.165985,-0.6172,0.769098,0.923081,-0.371637,-0.099021,0.024665,0.017173,-0.030723,-0.246946,0.237209,-0.594998,0.522242,0.061139,0.033401,-0.053522,-0.533175,-0.218852,-0.817206,-0.318093,-0.843219,0.433354,-0.783926,0.491002,0.379968,-0.005312,-0.00242,0.014336,-0.069719,0.025442,-0.009286,-0.841619
1019,0.092829,0.019871,0.374408,-0.475771,-0.321271,-0.818823,-0.339848,-0.791494,0.50795,-0.810697,0.52034,0.26841,-0.01061,0.00239,0.017522,-0.118436,-0.132359,-0.09818,-1.919329,-0.190368,0.029853,0.308636,-0.218475,-0.720669,0.657949,0.072435,0.660293,0.747463,-0.972805,0.211854,-0.0929,0.06304,0.021641,-0.056134,-1.373147,1.108745,-1.867667,0.534359,0.024374,0.037011,-0.022267,0.359894,0.683723,0.634821,-0.159201,-0.625431,0.763865,0.919309,-0.375975,-0.11624,0.024624,0.016759,-0.031163,-0.05666,0.387042,0.272188,0.522242,0.061067,0.033353,-0.053075,-0.533166,-0.216814,-0.817756,-0.325516,-0.839614,0.434841,-0.780879,0.498035,0.377078,0.001012,-0.000203,0.00784,-0.156665,-0.306454,0.074817,-0.843088
1020,0.092749,0.019891,0.374685,-0.475641,-0.321028,-0.818995,-0.340454,-0.791307,0.507834,-0.810519,0.520773,0.268107,-0.011366,-0.000183,0.015797,-0.031455,-0.076293,0.154472,-1.919098,-0.189303,0.030355,0.307476,-0.228084,-0.716703,0.659019,0.067902,0.663395,0.745137,-0.970914,0.215591,-0.103489,0.049666,0.020676,-0.056157,-1.385107,1.303111,-2.245275,0.534374,0.024912,0.037265,-0.022846,0.369066,0.678562,0.635093,-0.154673,-0.628961,0.761894,0.916441,-0.379421,-0.127173,0.024862,0.010162,-0.028274,-0.002235,0.28756,0.15284,0.522242,0.061024,0.033366,-0.052929,-0.532804,-0.216945,-0.817957,-0.326161,-0.839256,0.435049,-0.780858,0.498581,0.3764,-0.005774,-0.000354,0.007725,-0.022344,-0.062607,0.161406,-0.844885
1021,0.092525,0.020081,0.374978,-0.475439,-0.320811,-0.819197,-0.340905,-0.791234,0.507647,-0.810449,0.521019,0.267842,-0.011351,0.007187,0.004768,-0.000985,0.014714,-0.029553,-1.919294,-0.187661,0.03128,0.305181,-0.206677,-0.711491,0.671607,0.019742,0.68315,0.729966,-0.97788,0.16501,-0.128005,0.035731,0.031599,-0.063263,-0.995273,-0.87995,-0.157169,0.531113,0.025738,0.037724,-0.02399,0.349328,0.674993,0.649887,-0.111464,-0.658722,0.744084,0.930346,-0.332368,-0.154873,0.018166,0.009671,-0.02862,-3.60736,-3.83133,0.3934,0.522242,0.060915,0.033457,-0.052785,-0.532676,-0.216566,-0.81814,-0.32662,-0.839206,0.434799,-0.780752,0.498829,0.37629,0.000727,0.002476,0.001651,0.000264,-0.012886,0.025906,-0.844558
1022,0.092449,0.020288,0.374854,-0.47483,-0.319701,-0.819984,-0.346114,-0.788803,0.507904,-0.808598,0.525371,0.264919,-0.000629,-0.002122,-0.001411,-0.001216,-0.002216,-0.001143,-1.918843,-0.186265,0.032198,0.302945,-0.168162,-0.703919,0.690081,-0.040611,0.7043,0.708694,-0.984642,0.092026,-0.147904,0.036525,0.023588,-0.052905,-3.861812,-3.54842,0.241597,0.516801,0.026422,0.03817,-0.0251,0.312448,0.674105,0.669296,-0.059804,-0.689214,0.722085,0.948049,-0.265641,-0.17503,0.011577,0.011166,-0.02646,-1.656952,0.888246,-2.511491,0.519139,0.060874,0.033567,-0.052843,-0.53204,-0.215491,-0.818838,-0.331799,-0.836668,0.435769,-0.779,0.503537,0.373641,-0.000416,-0.001403,-0.000932,0.008463,0.011071,0.005869,-0.846517
1023,0.092435,0.02028,0.374765,-0.473162,-0.321842,-0.820111,-0.34652,-0.787884,0.509054,-0.809403,0.525446,0.262297,-0.000846,-0.002851,-0.001898,-0.051076,-0.093149,-0.048042,-1.919426,-0.185707,0.032678,0.302009,-0.141584,-0.701669,0.698288,-0.070512,0.710649,0.699957,-0.987163,0.050739,-0.150985,0.023406,0.028872,-0.047069,-3.839873,-3.680677,0.446125,0.513836,0.026719,0.03841,-0.025597,0.28626,0.675857,0.679169,-0.031918,-0.701713,0.711743,0.957619,-0.225421,-0.179301,0.018422,0.014638,-0.023836,-0.246853,0.057422,-0.439847,0.514077,0.060866,0.03356,-0.05289,-0.530474,-0.217544,-0.819311,-0.332163,-0.835877,0.437007,-0.779912,0.503966,0.371151,-0.000578,-0.001948,-0.001294,-0.059382,-0.109342,-0.0564,-0.847334
1024,0.092389,0.020215,0.374518,-0.471828,-0.324277,-0.81992,-0.346491,-0.786925,0.510553,-0.810194,0.525388,0.25996,-0.002007,-0.00676,-0.004508,-0.001559,0.011905,-0.026277,-1.91852,-0.184884,0.03403,0.300538,-0.081146,-0.687653,0.721484,-0.124523,0.725095,0.677248,-0.98872,-0.034027,-0.145389,0.010545,0.041553,-0.034259,-0.961961,-1.356993,-0.466859,0.5028,0.027127,0.039063,-0.026333,0.226017,0.673861,0.703439,0.01859,-0.724977,0.68852,0.973945,-0.142541,-0.176385,0.005307,0.020763,-0.017132,-0.710102,-1.42738,-0.918849,0.50428,0.06084,0.033533,-0.053009,-0.52912,-0.220094,-0.819505,-0.331981,-0.835101,0.438628,-0.78091,0.504147,0.368801,-0.000407,0.00229,-0.006438,0.043558,0.008549,-0.003169,-0.849946
1025,0.09235,0.019969,0.374306,-0.470465,-0.32659,-0.819785,-0.346797,-0.785834,0.512023,-0.810857,0.525591,0.257472,-0.002224,-0.007488,-0.005007,-0.221351,-0.38828,-0.232969,-1.918381,-0.184285,0.035544,0.299617,-0.014089,-0.666798,0.745099,-0.178057,0.734838,0.654403,-0.983829,-0.122615,-0.130033,0.011562,0.040902,-0.016842,-3.711931,-4.068277,-0.238238,0.488421,0.027426,0.039818,-0.026809,0.157499,0.665986,0.729147,0.069414,-0.744002,0.66456,0.985076,-0.054055,-0.163408,0.005789,0.020254,-0.008569,-0.119575,-0.401437,-0.630175,0.487298,0.060824,0.033406,-0.053118,-0.529317,-0.22007,-0.819385,-0.331781,-0.835174,0.438639,-0.780861,0.504035,0.369057,-0.000563,0.001767,-0.006793,0.034504,-0.017487,0.016211,-0.851579
1026,0.092285,0.019659,0.374075,-0.472363,-0.323794,-0.819802,-0.351412,-0.783802,0.511992,-0.807761,0.530334,0.257479,-0.00349,-0.019097,0.003161,-0.44307,0.286034,0.086667,-1.918721,-0.183788,0.037002,0.299516,0.050174,-0.652597,0.756036,-0.208636,0.733341,0.647005,-0.976694,-0.18938,-0.100327,0.01266,0.043361,0.003311,1.543244,-1.668136,1.263422,0.479729,0.027684,0.040552,-0.026875,0.089412,0.661925,0.744218,0.104728,-0.749316,0.653877,0.990473,0.019476,-0.13632,2.5e-05,0.015621,0.005536,-0.011748,-0.872664,-0.829192,0.471949,0.060792,0.033254,-0.053237,-0.529114,-0.220342,-0.819442,-0.335333,-0.832795,0.440457,-0.77948,0.507838,0.366755,-0.00129,-0.004283,-0.002843,-4.534185,2.834028,1.390832,-0.852722
1027,0.092242,0.019518,0.373968,-0.470974,-0.326071,-0.819699,-0.351808,-0.782688,0.513422,-0.8084,0.530588,0.254936,-0.0023,-0.007734,-0.005196,-0.019953,-0.02157,-0.04357,-1.918649,-0.183664,0.037637,0.299798,0.080687,-0.648485,0.756934,-0.219382,0.729134,0.648205,-0.972324,-0.217544,-0.084401,0.000206,0.03606,0.015365,0.18956,-0.954682,0.347017,0.47941,0.027751,0.040876,-0.026736,0.056512,0.663042,0.746445,0.11403,-0.747034,0.654932,0.991868,0.048105,-0.117823,0.007045,0.012588,0.011092,0.139852,-2.452964,1.782812,0.468356,0.060767,0.033171,-0.053293,-0.528245,-0.222008,-0.819554,-0.337085,-0.83106,0.442393,-0.779314,0.509952,0.364168,-0.001139,-0.003846,-0.002584,-0.000525,0.003843,-0.030738,-0.852886
1028,0.092168,0.019375,0.373716,-0.471008,-0.32619,-0.819632,-0.351476,-0.782817,0.513453,-0.808525,0.530324,0.25509,-0.001904,-0.006396,-0.004307,-0.000672,0.013528,-0.025438,-1.918074,-0.183311,0.03873,0.300759,0.130414,-0.640578,0.756732,-0.233351,0.721877,0.65144,-0.963696,-0.260735,-0.056305,0.001038,0.030466,0.027733,0.427862,-0.895788,0.445839,0.474818,0.027928,0.041431,-0.026253,0.006869,0.664207,0.747516,0.129977,-0.741785,0.65792,0.991492,0.09264,-0.091427,0.007094,0.015456,0.013593,1.081922,-2.092345,1.86848,0.461008,0.060731,0.033101,-0.053418,-0.528411,-0.2219,-0.819475,-0.336667,-0.831332,0.442199,-0.779381,0.509554,0.364579,-0.000837,-0.002825,-0.001903,-3.5e-05,0.014702,-0.024821,-0.859091
1029,0.092047,0.019295,0.373471,-0.471037,-0.326333,-0.819558,-0.351073,-0.78298,0.513481,-0.808683,0.529996,0.25527,-0.001561,-0.005239,-0.003536,-0.000665,0.013546,-0.025429,-1.917999,-0.182896,0.040039,0.302033,0.184892,-0.618294,0.763884,-0.269535,0.715475,0.6445,-0.94523,-0.324276,-0.035344,0.014353,0.037962,0.033074,0.307182,-0.714318,-0.402408,0.474827,0.02813,0.042086,-0.025615,-0.049951,0.652881,0.755811,0.16663,-0.740701,0.650841,0.984752,0.158451,-0.071791,0.000597,0.019449,0.017498,0.336869,-0.805127,-0.473102,0.458232,0.06067,0.03306,-0.053541,-0.528446,-0.222038,-0.819415,-0.33627,-0.831505,0.442177,-0.779529,0.509212,0.364741,-0.000654,-0.002205,-0.001487,-0.000117,6.7e-05,7.9e-05,-0.86056
1030,0.091954,0.019288,0.373393,-0.470818,-0.326244,-0.81972,-0.351053,-0.783139,0.513252,-0.80882,0.529816,0.255211,-1.5e-05,0.007307,-0.011081,0.034585,-0.017967,0.0159,-1.917624,-0.18278,0.040682,0.302745,0.205321,-0.605794,0.768667,-0.278878,0.716523,0.63934,-0.938301,-0.344869,-0.022809,0.001175,0.037322,0.033287,0.336723,-0.753063,-0.478252,0.473453,0.028194,0.042415,-0.025252,-0.07206,0.644127,0.761516,0.175366,-0.743425,0.645419,0.981862,0.180053,-0.059387,0.007461,0.013196,0.02002,0.340552,-0.847128,-0.537599,0.457906,0.060622,0.033052,-0.053583,-0.52825,-0.221943,-0.819567,-0.33626,-0.831631,0.441946,-0.779666,0.509047,0.364679,2.4e-05,0.003745,-0.005477,0.034489,-0.017906,0.015955,-0.86056
1031,0.091923,0.019403,0.373063,-0.469825,-0.325862,-0.820441,-0.350805,-0.783945,0.51219,-0.809505,0.528856,0.255028,0.012226,0.002956,-0.013979,0.034906,-0.019128,0.020028,-1.917934,-0.182419,0.041689,0.30424,0.232927,-0.593992,0.770006,-0.284817,0.715296,0.638094,-0.930066,-0.367189,-0.003554,0.014833,0.025205,0.038483,0.062063,-0.25723,-0.049634,0.469857,0.028369,0.042927,-0.024503,-0.102767,0.635774,0.765002,0.180639,-0.744358,0.642883,0.978165,0.204257,-0.03835,0.000866,0.012703,0.019849,0.046093,-0.233419,-0.071432,0.45415,0.060603,0.033114,-0.053739,-0.527313,-0.2215,-0.820291,-0.336113,-0.832295,0.440807,-0.780363,0.508154,0.364432,-0.000154,0.003143,-0.005884,0.034524,-0.017949,0.015943,-0.860724
1032,0.091975,0.019578,0.372436,-0.471468,-0.327423,-0.818875,-0.348267,-0.783951,0.513909,-0.809643,0.527883,0.256601,-0.001813,0.001283,-0.015165,0.033926,-0.004398,-0.009517,-1.917909,-0.182181,0.042895,0.305758,0.28111,-0.575396,0.768042,-0.308336,0.703623,0.640138,-0.909066,-0.416035,0.019395,0.014822,0.028464,0.040843,0.185514,-0.44755,0.125722,0.46969,0.028494,0.043538,-0.023731,-0.15341,0.625737,0.764799,0.205896,-0.736733,0.644073,0.966473,0.256276,-0.015815,0.007381,0.014302,0.02049,0.172384,-0.42402,0.16727,0.453497,0.060635,0.033207,-0.054055,-0.5289,-0.223217,-0.818802,-0.333448,-0.832547,0.442352,-0.780433,0.506988,0.365903,-0.000952,0.000463,-0.007703,0.034211,-0.006398,-0.006211,-0.86105
1033,0.091934,0.01988,0.371679,-0.469579,-0.32997,-0.818939,-0.347041,-0.783919,0.514787,-0.811268,0.526345,0.254623,-0.000558,0.012845,-0.023356,0.068318,-0.022755,0.006178,-1.917882,-0.181855,0.043902,0.307246,0.327626,-0.554517,0.76496,-0.320458,0.696324,0.642163,-0.889131,-0.454822,0.049453,0.01528,0.012194,0.043507,0.081975,-0.759445,-0.137562,0.470571,0.028652,0.044044,-0.022997,-0.201749,0.614036,0.763057,0.219302,-0.730977,0.646203,0.954569,0.297711,0.012814,0.000791,0.011888,0.018701,-0.028094,-1.059636,-0.450611,0.452844,0.060614,0.033349,-0.054428,-0.527031,-0.225807,-0.819298,-0.332229,-0.832592,0.443184,-0.782216,0.505767,0.363782,-0.007103,0.002533,-0.00633,0.037241,0.0161,-0.036049,-0.860887
1034,0.091901,0.020062,0.371309,-0.46782,-0.332312,-0.818999,-0.346678,-0.783396,0.515827,-0.81244,0.525653,0.252307,-0.001157,0.003486,-0.013679,0.024526,-0.036348,0.006234,-1.918051,-0.18171,0.044246,0.308041,0.343724,-0.546923,0.763361,-0.319179,0.696345,0.642777,-0.883514,-0.463892,0.063804,0.001625,0.023871,0.037257,0.315934,-0.850252,-0.29249,0.470213,0.028729,0.04421,-0.022598,-0.218287,0.61011,0.761653,0.218477,-0.730112,0.647459,0.951114,0.307736,0.026079,0.007587,0.005995,0.021579,0.050922,-0.478912,0.106675,0.45268,0.060597,0.03344,-0.054618,-0.525208,-0.228345,-0.819764,-0.331838,-0.832108,0.444385,-0.783606,0.505425,0.361257,-0.000275,0.006394,-0.011695,0.07664,-0.017614,0.00827,-0.86105
1035,0.091888,0.020493,0.370555,-0.465773,-0.334811,-0.819147,-0.345367,-0.783497,0.516553,-0.814173,0.523916,0.250323,0.000231,0.015477,-0.021549,0.046504,-0.077371,0.009878,-1.91804,-0.181492,0.044918,0.309574,0.381023,-0.523985,0.761742,-0.321036,0.697539,0.640554,-0.867435,-0.487947,0.096581,0.001523,0.021227,0.034662,0.403506,-0.95759,-0.449439,0.470962,0.028838,0.04455,-0.021828,-0.258934,0.593906,0.761726,0.21983,-0.731691,0.645214,0.940545,0.334519,0.058901,0.001087,0.005032,0.021089,0.1528,-0.578928,-0.132834,0.45317,0.060589,0.03365,-0.054993,-0.523258,-0.230827,-0.820316,-0.330511,-0.832296,0.445022,-0.785469,0.503985,0.359215,-0.0005,0.001971,-0.006682,0.025003,-0.029764,-0.023479,-0.861377
1036,0.09181,0.020798,0.369969,-0.466303,-0.338864,-0.817177,-0.342962,-0.782257,0.520022,-0.814884,0.523167,0.249573,-0.000462,0.005806,-0.012094,0.034245,-0.01868,0.015521,-1.918006,-0.181429,0.045228,0.310967,0.438015,-0.49989,0.747157,-0.309155,0.696557,0.64743,-0.844603,-0.513935,0.149596,0.001991,0.000886,0.034278,-3.604613,-4.860114,-1.041564,0.471103,0.028869,0.044721,-0.021125,-0.316145,0.581634,0.749502,0.204052,-0.729844,0.652449,0.926506,0.359206,0.112053,0.000976,0.000701,0.017354,0.50668,-1.276231,0.633013,0.453497,0.06055,0.033808,-0.055295,-0.523826,-0.234932,-0.818787,-0.327746,-0.831632,0.448295,-0.786249,0.503183,0.358633,-0.000208,0.002946,-0.006017,0.040128,-0.010593,0.020107,-0.86154
1037,0.091772,0.020895,0.36977,-0.464709,-0.341171,-0.817124,-0.342961,-0.781438,0.521252,-0.815796,0.522894,0.247155,-0.013083,0.008898,-0.010043,0.010353,-0.030726,-0.060915,-1.918224,-0.181484,0.045147,0.31165,0.469692,-0.484933,0.737713,-0.3046,0.695177,0.651062,-0.829125,-0.529888,0.177857,0.002613,-0.013766,0.038844,-0.876992,-2.075119,-0.516285,0.471116,0.028842,0.044679,-0.020772,-0.354938,0.568847,0.74191,0.203303,-0.727624,0.655156,0.912516,0.383373,0.142613,0.001288,-0.00722,0.019145,-0.877037,-2.095963,-0.558068,0.453497,0.060537,0.033854,-0.05539,-0.522166,-0.237377,-0.819141,-0.32777,-0.830858,0.449711,-0.787342,0.503315,0.356041,8e-06,0.00367,-0.005519,0.025865,-0.043132,0.002015,-0.86154
1038,0.091754,0.020966,0.369529,-0.466404,-0.338394,-0.817314,-0.347182,-0.779796,0.520916,-0.813039,0.527132,0.247238,0.011707,-0.006143,-0.004146,0.00039,-0.000903,0.004266,-1.917891,-0.181527,0.044793,0.312784,0.535149,-0.448041,0.716147,-0.274948,0.709095,0.649248,-0.799353,-0.543775,0.255357,0.01451,-0.011693,0.022804,0.905192,-2.118878,-0.340401,0.453837,0.028821,0.044508,-0.0202,-0.425388,0.54473,0.722712,0.172028,-0.735338,0.655502,0.88851,0.40317,0.219095,0.007217,-0.006388,0.01097,0.907633,-2.126868,-0.362313,0.447292,0.060519,0.033897,-0.055511,-0.523975,-0.234378,-0.81885,-0.331841,-0.829248,0.449697,-0.78443,0.507358,0.356729,-0.000347,-0.001178,-0.000806,0.0009,0.000784,0.001649,-0.86154
1039,0.09173,0.020878,0.369408,-0.465209,-0.340819,-0.816987,-0.347371,-0.778619,0.522548,-0.813644,0.527312,0.244851,-0.00093,-0.003101,-0.002131,-0.000633,-0.001149,-0.000613,-1.917646,-0.181336,0.044241,0.313359,0.600493,-0.397132,0.694036,-0.248878,0.731892,0.634293,-0.760589,-0.553111,0.339757,0.013562,-0.010639,0.006984,0.886323,-1.965274,-0.063749,0.391232,0.028911,0.044237,-0.019914,-0.499199,0.504085,0.704768,0.142158,-0.754695,0.640488,0.854746,0.419919,0.305084,0.000678,-0.01194,0.006909,0.913764,-2.210793,-0.069299,0.391773,0.060511,0.03385,-0.055574,-0.522757,-0.236916,-0.818898,-0.331929,-0.828229,0.451507,-0.785205,0.507845,0.354323,-0.000464,-0.001558,-0.00107,0.006854,0.008965,0.004587,-0.861377
1040,0.0916,0.020713,0.369379,-0.465321,-0.340847,-0.816911,-0.347474,-0.778489,0.522675,-0.813536,0.527488,0.244833,-0.001951,-0.013846,0.006572,-0.035111,0.03201,-0.041065,-1.917608,-0.181267,0.043618,0.313458,0.656996,-0.35047,0.667471,-0.223977,0.754526,0.616814,-0.720604,-0.554295,0.416354,-0.000155,-0.006415,-0.005266,0.967603,-1.992435,0.151451,0.307322,0.028951,0.043916,-0.019867,-0.564757,0.467012,0.680403,0.113117,-0.772886,0.62438,0.817467,0.429589,0.383666,-9.6e-05,-0.003696,-0.003033,1.024499,-2.040642,0.113427,0.283838,0.060447,0.033768,-0.055588,-0.522923,-0.236861,-0.818808,-0.331996,-0.828156,0.451591,-0.785066,0.507989,0.354424,-0.000952,-0.00685,0.00334,-0.035114,0.032298,-0.040896,-0.861867
1041,0.091523,0.020674,0.369388,-0.466812,-0.338627,-0.816984,-0.347067,-0.779553,0.521357,-0.812853,0.527342,0.2474,-0.000234,-0.000777,-0.000535,0.010029,0.018213,0.009706,-1.917849,-0.181367,0.043459,0.313335,0.679916,-0.330149,0.654757,-0.212866,0.765465,0.607193,-0.702493,-0.551794,0.449321,-0.000192,-0.007823,-0.006431,0.851696,-1.56462,-0.049525,0.284311,0.0289,0.043836,-0.019929,-0.590557,0.450842,0.669316,0.100571,-0.781809,0.615352,0.800704,0.430715,0.416361,-0.006537,-0.004212,-0.002964,0.891171,-1.768723,0.005867,0.241546,0.060407,0.033746,-0.055585,-0.52452,-0.234392,-0.818497,-0.331614,-0.829195,0.449964,-0.784162,0.50744,0.357201,-0.006491,0.000968,0.00063,-0.008846,0.010949,-0.030906,-0.862846
1042,0.091504,0.02064,0.369377,-0.468483,-0.336527,-0.816895,-0.346514,-0.78056,0.520217,-0.812126,0.527194,0.25009,-0.00037,-0.00123,-0.000847,0.022618,0.041046,0.021873,-1.917788,-0.181717,0.043229,0.313046,0.726013,-0.284929,0.625869,-0.208231,0.776173,0.595088,-0.656235,-0.562002,0.503361,-0.013043,-0.006611,-0.004459,0.559811,-1.141328,0.25766,0.287841,0.028734,0.043712,-0.020081,-0.644476,0.413235,0.643339,0.094647,-0.791796,0.603407,0.758743,0.449772,0.471183,-8.7e-05,-0.003424,-0.002821,0.625649,-1.284273,0.18195,0.203662,0.060399,0.033733,-0.055588,-0.526119,-0.232316,-0.818063,-0.331152,-0.830065,0.448697,-0.783285,0.506971,0.359781,-0.000239,-0.000793,-0.000544,0.014606,0.050312,-0.005287,-0.864969
1043,0.091429,0.020596,0.369346,-0.472194,-0.335785,-0.815062,-0.344638,-0.780715,0.52123,-0.810771,0.527438,0.253944,-0.000592,-0.001968,-0.001356,0.114369,0.222263,0.085793,-1.917907,-0.182201,0.043184,0.313047,0.745472,-0.270952,0.608973,-0.199232,0.781155,0.591639,-0.636928,-0.56203,0.527548,-0.012818,0.002048,0.002675,0.283967,1.146369,-1.65198,0.317121,0.028492,0.043672,-0.020095,-0.668708,0.402822,0.62495,0.083597,-0.794461,0.601533,0.73881,0.454494,0.497588,-0.00641,0.000996,0.00132,0.318446,-0.742334,0.375246,0.227829,0.060362,0.033712,-0.055602,-0.529026,-0.232775,-0.816055,-0.329405,-0.829908,0.450271,-0.782062,0.507019,0.362366,-0.000108,-0.000361,-0.000247,0.239621,0.394471,0.211028,-0.865786
