frame,MLTx,MLTy,MLTz,MLTR1,MLTR2,MLTR3,MLTR4,MLTR5,MLTR6,MLTR7,MLTR8,MLTR9,MLTTVx,MLTTVy,MLTTVz,MLTRVx,MLTRVy,MLTRVz,MLGA,MRTx,MRTy,MRTz,MRTR1,MRTR2,MRTR3,MRTR4,MRTR5,MRTR6,MRTR7,MRTR8,MRTR9,MRTTVx,MRTTVy,MRTTVz,MRTRVx,MRTRVy,MRTRVz,MRGA,SLTx,SLTy,SLTz,SLTR1,SLTR2,SLTR3,SLTR4,SLTR5,SLTR6,SLTR7,SLTR8,SLTR9,SLTTVx,SLTTVy,SLTTVz,SLTRVx,SLTRVy,SLTRVz,SLGA,SRTx,SRTy,SRTz,SRTR1,SRTR2,SRTR3,SRTR4,SRTR5,SRTR6,SRTR7,SRTR8,SRTR9,SRTTVx,SRTTVy,SRTTVz,SRTRVx,SRTRVy,SRTRVz,SRGA
1163,0.164995,0.029939,0.307356,-0.94076,0.129293,-0.313527,-0.288162,-0.792321,0.537739,-0.17772,0.596065,0.783038,-0.068949,-0.023363,-0.019727,-0.015484,-0.478771,-0.185099,-1.90843,-0.060173,-0.014017,0.305479,0.534478,0.066212,0.84258,-0.402118,0.896718,0.184748,-0.74397,-0.437646,0.504815,-0.212038,0.040536,-0.052341,-1.20316,-0.626826,-0.294129,0.342278,0.064026,0.010895,-0.028821,-0.493019,-0.11972,0.861741,0.432653,-0.893067,0.123457,0.754813,0.433702,0.492097,-0.113288,0.018085,-0.026734,-4.690574,-1.673388,-1.806905,0.268325,0.119714,0.039487,-0.087488,-0.93532,0.00267,-0.35379,-0.180471,-0.863695,0.470594,-0.304311,0.504005,0.808314,-0.027747,-0.011806,-0.010076,0.459401,-1.957656,0.994992,-0.871501
1164,0.162177,0.029183,0.30666,-0.936222,0.112025,-0.333144,-0.284988,-0.796794,0.532797,-0.204598,0.593615,0.778324,-0.082511,-0.01915,-0.015997,0.334887,-0.554587,-0.452883,-1.908181,-0.068471,-0.012115,0.303738,0.573415,0.066112,0.816588,-0.41938,0.879856,0.223399,-0.704406,-0.470646,0.531194,-0.198912,0.056785,-0.038662,-0.172953,-0.677061,0.666694,0.340746,0.059796,0.011863,-0.029707,-0.533318,-0.11997,0.837364,0.452364,-0.876908,0.162475,0.7148,0.465444,0.521941,-0.099582,0.028781,-0.018691,-0.173226,-0.673949,0.661857,0.273061,0.11831,0.039105,-0.08784,-0.9272,-0.012473,-0.374356,-0.17646,-0.867039,0.465943,-0.330394,0.498082,0.801718,-0.03449,-0.009387,-0.007906,1.292459,-2.769651,0.066004,-0.872807
1165,0.160698,0.028816,0.306352,-0.933305,0.102283,-0.344274,-0.282876,-0.800064,0.529009,-0.220175,0.590983,0.776073,-0.082698,-0.018761,-0.015827,0.18193,-0.507701,-0.054385,-1.90827,-0.072352,-0.011004,0.303033,0.589366,0.062779,0.805418,-0.425465,0.87155,0.243544,-0.68739,-0.486294,0.539331,-0.198355,0.059247,-0.036878,-1.247138,-0.329866,0.146806,0.336509,0.057928,0.012402,-0.030039,-0.550308,-0.118108,0.826565,0.458331,-0.870196,0.180804,0.69792,0.478339,0.533009,-0.098273,0.024606,-0.013566,-4.172198,-1.735713,-2.287478,0.271591,0.117571,0.038923,-0.087993,-0.922387,-0.020979,-0.385695,-0.173338,-0.869856,0.461849,-0.345189,0.492859,0.798707,-0.041306,-0.008992,-0.007518,0.804421,-2.136358,0.881058,-0.872317
1166,0.157457,0.028044,0.305816,-0.92632,0.080442,-0.368112,-0.28035,-0.799953,0.530519,-0.250646,0.594527,0.764029,-0.083079,-0.017838,-0.015372,-0.317687,-0.250117,-0.483643,-1.90879,-0.080028,-0.009022,0.301989,0.614998,0.050312,0.786916,-0.422013,0.863924,0.274726,-0.666764,-0.501108,0.551525,-0.2094,0.048971,-0.027021,0.156268,-0.251827,1.033906,0.330046,0.054092,0.013404,-0.030555,-0.575877,-0.104585,0.810818,0.45773,-0.863006,0.213782,0.677383,0.494249,0.544857,-0.096268,0.020216,-0.00945,0.08365,-0.172886,1.064309,0.26408,0.11595,0.038538,-0.08826,-0.910945,-0.038658,-0.410709,-0.171544,-0.869936,0.462365,-0.375166,0.491645,0.785834,-0.048307,-0.014197,-0.003401,-0.377188,-0.961386,-0.01504,-0.869868
1167,0.153698,0.027134,0.305412,-0.922465,0.065603,-0.380527,-0.277787,-0.797317,0.535809,-0.267105,0.599885,0.754201,-0.110581,-0.01567,-0.013532,-0.053907,-0.117657,-0.187232,-1.908247,-0.087686,-0.007397,0.301237,0.631732,0.042621,0.774008,-0.4277,0.851826,0.302324,-0.647207,-0.522084,0.555352,-0.205648,0.04071,-0.018107,-4.165539,-1.847613,-2.278269,0.324257,0.050261,0.014222,-0.030932,-0.593737,-0.092519,0.799321,0.459216,-0.854674,0.242179,0.660754,0.510852,0.549939,-0.095614,0.022026,-0.008446,0.094381,-0.077416,0.69469,0.257548,0.114081,0.038082,-0.088462,-0.904057,-0.053135,-0.424093,-0.169222,-0.866659,0.469323,-0.392482,0.496061,0.774519,-0.048671,-0.014572,-0.003981,0.108379,-0.439577,0.063578,-0.870358
1168,0.151644,0.026584,0.305246,-0.923116,0.060975,-0.379717,-0.274225,-0.796678,0.538587,-0.268526,0.601227,0.752627,-0.111263,-0.028269,-0.007425,-0.087698,0.131479,-0.325499,-1.908402,-0.091475,-0.006647,0.301007,0.643004,0.038171,0.764905,-0.426227,0.847532,0.316156,-0.637,-0.529359,0.560244,-0.188767,0.035746,-0.007085,-4.153113,-1.895942,-2.448712,0.318131,0.048361,0.014596,-0.031054,-0.605755,-0.087985,0.79077,0.458118,-0.85116,0.256229,0.650528,0.517478,0.555902,-0.094339,0.017576,-0.003735,0.058995,-0.234875,0.848523,0.252976,0.113054,0.037814,-0.088546,-0.903956,-0.057782,-0.423702,-0.165895,-0.865843,0.472011,-0.394134,0.496967,0.773098,-0.055693,-0.014756,-0.004233,-0.05211,0.178621,-0.34741,-0.871011
1169,0.147205,0.025228,0.305041,-0.926327,0.054206,-0.372862,-0.266009,-0.795002,0.545145,-0.265726,0.604096,0.751322,-0.126252,-0.040666,-0.001432,-0.104069,0.076289,-0.224068,-1.908369,-0.098905,-0.005416,0.300801,0.679132,0.035806,0.733136,-0.423876,0.834458,0.352055,-0.599999,-0.549893,0.580932,-0.184868,0.024617,-0.001251,-3.96366,-2.417812,-2.579457,0.308711,0.044643,0.015223,-0.031151,-0.643344,-0.08477,0.760869,0.456981,-0.839895,0.29282,0.614228,0.536087,0.57908,-0.092444,0.012242,-0.000563,-0.054832,-0.919961,1.078155,0.241219,0.110841,0.037143,-0.088649,-0.906442,-0.065344,-0.417242,-0.158238,-0.86344,0.478988,-0.391563,0.5002,0.772319,-0.056334,-0.020923,-0.001217,-0.078843,0.075022,-0.189108,-0.870358
1170,0.141949,0.023475,0.305037,-0.928336,0.048142,-0.368673,-0.260234,-0.792414,0.551662,-0.264431,0.608005,0.74862,-0.141566,-0.051269,0.006005,-0.120104,0.125173,-0.25722,-1.908226,-0.105942,-0.004492,0.300753,0.71497,0.035404,0.698251,-0.418629,0.821453,0.387166,-0.560754,-0.569163,0.601226,-0.166999,0.016154,0.005271,0.11786,-0.502081,0.82376,0.297583,0.041118,0.015688,-0.031177,-0.680378,-0.087876,0.727573,0.458044,-0.825975,0.328571,0.572084,0.556814,0.602227,-0.091607,0.012165,-0.001604,0.150858,-0.378797,0.612082,0.228972,0.108267,0.036284,-0.088655,-0.907626,-0.071817,-0.413589,-0.153285,-0.860519,0.485807,-0.390792,0.504328,0.770021,-0.070816,-0.026063,0.002687,-0.097735,0.138629,-0.252194,-0.87444
1171,0.136181,0.021705,0.305298,-0.925942,0.060724,-0.372813,-0.274146,-0.787092,0.552541,-0.258736,0.613747,0.74592,-0.142305,-0.046343,0.009773,0.465135,-1.891208,1.540759,-1.908359,-0.112681,-0.003458,0.300562,0.740812,0.033794,0.670855,-0.413777,0.80957,0.416315,-0.529949,-0.586035,0.612846,-0.167052,0.025498,-0.006273,-0.526926,-0.134243,0.673148,0.298332,0.037748,0.016205,-0.031264,-0.707975,-0.087678,0.700773,0.454056,-0.816513,0.356563,0.540928,0.570629,0.617882,-0.083523,0.012648,-0.003116,-0.982935,-1.154743,-0.192591,0.219012,0.105393,0.035392,-0.088537,-0.908141,-0.058928,-0.414494,-0.166727,-0.857245,0.487166,-0.384031,0.511524,0.768676,-0.078043,-0.02296,0.005128,-0.129091,0.162908,-0.239255,-0.885217
1172,0.133231,0.020857,0.30554,-0.923435,0.071599,-0.377076,-0.285406,-0.785052,0.549734,-0.255518,0.615171,0.745856,-0.156414,-0.043079,0.012283,-0.526681,1.001246,1.205731,-1.90805,-0.11586,-0.002926,0.300372,0.753432,0.028905,0.656884,-0.407823,0.804057,0.432557,-0.516599,-0.593827,0.616731,-0.16612,0.023619,-0.009059,-0.051696,-0.230165,1.005183,0.296621,0.036158,0.016474,-0.031356,-0.720866,-0.081115,0.68831,0.449156,-0.811028,0.374822,0.527836,0.579355,0.621076,-0.075797,0.01254,-0.004765,-0.140566,-0.023524,0.900627,0.219665,0.103865,0.034951,-0.088413,-0.906023,-0.04923,-0.420353,-0.177649,-0.857241,0.483298,-0.384137,0.512555,0.767935,-0.077999,-0.021276,0.00659,-1.769433,2.812418,4.401563,-0.889953
1173,0.127017,0.019082,0.306276,-0.917251,0.079634,-0.390325,-0.299755,-0.783382,0.544455,-0.261278,0.616301,0.742922,-0.171409,-0.048111,0.02477,-0.077288,0.132185,-0.314307,-1.908258,-0.121695,-0.001717,0.299657,0.770191,0.010531,0.63772,-0.398295,0.788731,0.468187,-0.499011,-0.614602,0.610832,-0.138691,0.045145,-0.031416,-3.918945,-2.250807,-2.132093,0.285144,0.033229,0.017074,-0.031701,-0.739469,-0.059656,0.670541,0.436547,-0.800734,0.410183,0.512456,0.59604,0.618161,-0.075773,0.016072,-0.011546,-0.168177,0.120502,0.806596,0.210847,0.100763,0.034064,-0.088051,-0.900828,-0.036996,-0.432594,-0.193634,-0.857552,0.47656,-0.388603,0.513064,0.765344,-0.07871,-0.024213,0.012474,0.030671,-0.389512,0.148888,-0.894688
1174,0.120751,0.017334,0.307294,-0.9147,0.091973,-0.393586,-0.312399,-0.778819,0.543894,-0.255374,0.620338,0.741615,-0.158231,-0.044615,0.027457,-0.129615,0.280014,-0.422799,-1.907982,-0.12675,-0.000154,0.298313,0.779321,-0.027425,0.626017,-0.37446,0.780498,0.500536,-0.503297,-0.624456,0.597168,-0.122527,0.040183,-0.039734,-0.291949,0.243434,0.978006,0.279249,0.030695,0.01786,-0.032366,-0.749748,-0.024119,0.661282,0.418343,-0.791563,0.445439,0.512704,0.61061,0.603563,-0.061176,0.019479,-0.020441,-0.443724,0.421355,1.072335,0.200396,0.097625,0.033189,-0.087542,-0.900091,-0.024137,-0.435032,-0.206926,-0.854991,0.475573,-0.383428,0.518079,0.764575,-0.079108,-0.022256,0.01389,-0.159793,0.275883,-0.436918,-0.890606
1175,0.117639,0.016495,0.307816,-0.913944,0.089224,-0.395968,-0.311966,-0.77858,0.544484,-0.258578,0.621042,0.739913,-0.158837,-0.043785,0.027765,-0.134778,0.212729,-0.385785,-1.908532,-0.12891,0.000667,0.297425,0.782068,-0.049277,0.621234,-0.363019,0.774091,0.518588,-0.507414,-0.631023,0.58669,-0.092955,0.039557,-0.044851,-0.470485,0.510963,0.983497,0.26912,0.029604,0.018272,-0.032806,-0.753542,-0.003033,0.657391,0.407535,-0.78681,0.463512,0.515837,0.617187,0.594131,-0.053596,0.018424,-0.022781,-0.524019,0.515012,1.199202,0.192395,0.09607,0.032772,-0.087279,-0.89879,-0.026672,-0.437566,-0.206586,-0.854596,0.476431,-0.38665,0.518606,0.762593,-0.079434,-0.021945,0.013942,-0.105194,0.075006,-0.271088,-0.886034
1176,0.111522,0.015131,0.30886,-0.91151,0.08938,-0.401506,-0.316276,-0.77645,0.545039,-0.261903,0.62368,0.736517,-0.157081,-0.014445,0.017894,0.080577,-0.394478,0.159495,-1.908484,-0.132239,0.002,0.295346,0.78698,-0.089847,0.610395,-0.341444,0.760439,0.552343,-0.514768,-0.642977,0.566972,-0.061177,0.020418,-0.050137,-0.421292,0.371545,0.907267,0.243415,0.027926,0.018949,-0.033839,-0.759878,0.038806,0.648905,0.386973,-0.775079,0.499503,0.522337,0.630671,0.573949,-0.038378,0.014203,-0.02967,-0.574056,0.573524,1.008392,0.165616,0.09301,0.032075,-0.086758,-0.896554,-0.02594,-0.442173,-0.210757,-0.853049,0.477375,-0.389579,0.521184,0.759338,-0.079503,-0.019146,0.016202,0.383101,-1.752068,1.35179,-0.888973
1177,0.105571,0.014425,0.309682,-0.912563,0.083919,-0.400288,-0.311704,-0.776423,0.547704,-0.263698,0.624479,0.735198,-0.143537,-0.013694,0.018238,-0.078519,0.216102,-0.371975,-1.908966,-0.134334,0.002641,0.292966,0.767458,-0.140529,0.625501,-0.323135,0.75773,0.566889,-0.554574,-0.637,0.535296,-0.045579,0.010635,-0.063367,-0.497323,0.640463,0.753349,0.226906,0.026856,0.019277,-0.035048,-0.74112,0.089156,0.665426,0.368923,-0.774009,0.514592,0.560925,0.626865,0.540742,-0.022684,0.004702,-0.032326,-0.385936,0.550478,0.699321,0.13753,0.090084,0.031729,-0.086351,-0.896353,-0.031366,-0.442228,-0.20688,-0.852637,0.4798,-0.39211,0.521559,0.757776,-0.071242,-0.000884,0.005641,-0.042477,0.191096,-0.351049,-0.883258
1178,0.100022,0.014084,0.310321,-0.913678,0.082996,-0.397931,-0.311031,-0.773093,0.552774,-0.260626,0.62872,0.732674,-0.143998,-0.012205,0.018842,-0.205211,0.119559,-0.406195,-1.909397,-0.135438,0.002539,0.290447,0.720556,-0.204476,0.662556,-0.298775,0.770579,0.562917,-0.626542,-0.603304,0.493288,-0.029026,-0.00734,-0.065768,-0.248592,0.564459,0.427772,0.215652,0.026315,0.019224,-0.036286,-0.693975,0.15338,0.703471,0.344841,-0.786887,0.511753,0.632046,0.59773,0.493189,-0.006489,-0.009136,-0.029817,-0.148349,0.957412,0.571303,0.115812,0.087256,0.031556,-0.086022,-0.897519,-0.032539,-0.439773,-0.206904,-0.849613,0.485126,-0.389423,0.526401,0.755811,-0.071603,-0.000744,0.005325,-0.221343,-0.021157,-0.274235,-0.881298
1179,0.097168,0.013959,0.310626,-0.914587,0.079187,-0.396618,-0.30821,-0.771511,0.556552,-0.260788,0.631155,0.73052,-0.144264,-0.011563,0.019021,0.019732,-0.534595,0.312176,-1.909374,-0.135761,0.002297,0.289186,0.701854,-0.226845,0.675228,-0.293659,0.771352,0.564547,-0.649767,-0.594224,0.473881,-0.013112,-0.0184,-0.060204,-0.468779,0.677345,0.275219,0.216412,0.026143,0.019094,-0.036948,-0.675455,0.175534,0.716204,0.339484,-0.78818,0.513343,0.654607,0.58988,0.472789,-0.006477,-0.009518,-0.030458,-0.522091,0.707206,0.322953,0.11173,0.085829,0.031494,-0.085869,-0.898227,-0.037097,-0.437962,-0.203942,-0.847497,0.490055,-0.389351,0.5295,0.75368,-0.071511,0.00026,0.006095,0.430072,-1.975319,1.623928,-0.875093
1180,0.091858,0.013915,0.311265,-0.918429,0.069851,-0.389428,-0.299235,-0.766631,0.568074,-0.257727,0.638176,0.72549,-0.128167,0.003473,0.015,-0.292463,0.011606,-0.41287,-1.909583,-0.135828,0.002013,0.286647,0.67894,-0.256917,0.687769,-0.289309,0.767227,0.572361,-0.675557,-0.587246,0.445677,0.013914,0.000915,-0.063543,-0.280328,0.52,0.137619,0.221269,0.026106,0.018939,-0.038184,-0.653378,0.205532,0.728596,0.335009,-0.78457,0.521745,0.67887,0.584983,0.443766,0.007021,0.000188,-0.032068,-0.505306,0.749062,0.286156,0.113526,0.083167,0.03146,-0.085553,-0.900583,-0.046556,-0.432182,-0.19686,-0.842758,0.501002,-0.38755,0.536274,0.749809,-0.064048,0.001865,0.007725,-0.435243,-0.178196,-0.296155,-0.876563
1181,0.086697,0.014107,0.312191,-0.920275,0.064249,-0.38602,-0.293933,-0.764779,0.573313,-0.257243,0.640987,0.72318,-0.125734,0.012356,0.023284,-0.068401,0.13663,-0.291453,-1.909291,-0.135408,0.002013,0.284244,0.648494,-0.307734,0.696239,-0.265048,0.765998,0.585604,-0.714321,-0.563902,0.414275,0.013885,0.001782,-0.063134,-0.459258,0.793768,0.321642,0.223145,0.02631,0.018944,-0.039386,-0.624343,0.255656,0.738129,0.311351,-0.785178,0.535308,0.716418,0.564033,0.410622,0.006908,0.001477,-0.030873,-0.34796,1.266087,0.714765,0.117281,0.080583,0.031547,-0.085099,-0.901486,-0.053312,-0.42951,-0.192116,-0.83997,0.507485,-0.387831,0.540006,0.74698,-0.063422,0.000698,0.015808,-0.074872,0.062456,-0.139432,-0.874113
1182,0.084163,0.014241,0.312862,-0.919878,0.060925,-0.387503,-0.293227,-0.763049,0.575974,-0.25945,0.643373,0.720266,-0.111592,0.003366,0.034067,-0.077823,-0.064582,-0.09336,-1.908926,-0.13509,0.001955,0.283148,0.62792,-0.342888,0.698667,-0.246389,0.763835,0.596475,-0.738958,-0.546244,0.394235,0.028362,0.004466,-0.062406,3.236456,4.246533,2.705983,0.223677,0.026469,0.01891,-0.039956,-0.606166,0.287626,0.741507,0.297785,-0.782426,0.54693,0.737486,0.552341,0.388629,0.007705,-0.004798,-0.027928,-0.693441,1.167005,0.591166,0.118261,0.07931,0.031615,-0.08477,-0.9006,-0.056479,-0.430961,-0.19166,-0.838316,0.510384,-0.390108,0.54225,0.744163,-0.062706,0.003106,0.018069,0.057131,-0.507377,0.30004,-0.869868
1183,0.079793,0.014576,0.314345,-0.920982,0.060463,-0.384944,-0.293694,-0.757037,0.583619,-0.254986,0.65048,0.715461,-0.095187,0.008477,0.039754,-0.101765,-0.016092,-0.034376,-1.909406,-0.134419,0.001932,0.280852,0.578245,-0.41126,0.70462,-0.212787,0.757622,0.616981,-0.788278,-0.506177,0.349666,0.013721,0.004352,-0.06094,0.437359,2.365838,1.115229,0.228674,0.026816,0.018899,-0.041128,-0.556271,0.360544,0.748712,0.260829,-0.779692,0.569251,0.789006,0.511944,0.339679,0.006876,0.0022,-0.030425,0.469166,2.355745,1.105143,0.121527,0.077119,0.031781,-0.084031,-0.901721,-0.057346,-0.428497,-0.193356,-0.833006,0.518376,-0.386667,0.550283,0.740051,-0.054532,0.005624,0.020834,-0.069119,0.031018,-0.08053,-0.863173
1184,0.076018,0.015047,0.316181,-0.922526,0.064157,-0.380626,-0.294903,-0.753465,0.587617,-0.247943,0.654257,0.714492,-0.091656,0.018092,0.048984,-0.074903,0.095733,-0.164029,-1.909111,-0.134246,0.002193,0.278501,0.538317,-0.459751,0.706282,-0.194878,0.747338,0.635171,-0.820504,-0.478978,0.311794,-0.001117,0.005058,-0.058341,-0.502712,0.785776,0.415714,0.21428,0.026902,0.019029,-0.042305,-0.516658,0.411796,0.750658,0.243328,-0.769967,0.589865,0.820886,0.487415,0.297608,-0.000532,0.002634,-0.029064,-0.518596,0.797315,0.425768,0.116302,0.07523,0.03201,-0.083118,-0.90402,-0.054028,-0.424061,-0.195327,-0.830172,0.522169,-0.380255,0.554882,0.739939,-0.038973,0.007606,0.023662,-0.07368,-0.013548,0.006904,-0.86056
1185,0.073245,0.015584,0.318322,-0.922928,0.069024,-0.378794,-0.298584,-0.749534,0.590777,-0.241996,0.658258,0.712854,-0.047765,0.015854,0.049601,-0.072804,-0.058537,0.090179,-1.909417,-0.134206,0.00272,0.275972,0.506339,-0.512612,0.693427,-0.167322,0.73033,0.662236,-0.846511,-0.450691,0.283124,0.012019,0.018731,-0.065843,-0.59647,0.870364,0.779349,0.228415,0.026919,0.019281,-0.043517,-0.487765,0.46333,0.739871,0.216355,-0.756927,0.616644,0.845738,0.460853,0.268959,-0.001278,0.008303,-0.033078,-0.057981,-0.58744,2.708795,0.114342,0.073852,0.03228,-0.082065,-0.905367,-0.049511,-0.421732,-0.199505,-0.827135,0.525399,-0.374843,0.559817,0.738983,-0.024359,0.002991,0.029493,-0.105678,0.056747,-0.065537,-0.86154
1186,0.072228,0.015733,0.319481,-0.922584,0.074616,-0.378571,-0.30345,-0.746405,0.592258,-0.23723,0.66119,0.711742,-0.048341,0.00661,0.059275,-0.105505,0.073193,-0.089206,-1.909839,-0.134129,0.003021,0.274697,0.485921,-0.536829,0.6897,-0.150908,0.72563,0.671283,-0.861417,-0.429591,0.270693,0.012039,0.018674,-0.066151,-0.209479,0.731804,0.307783,0.228565,0.026957,0.019432,-0.044154,-0.467714,0.490331,0.735402,0.200816,-0.751308,0.628655,0.860764,0.441712,0.252931,-0.001242,0.008181,-0.033324,0.61651,1.907341,1.056574,0.122017,0.073339,0.032361,-0.081486,-0.905888,-0.043907,-0.421233,-0.204956,-0.824936,0.526756,-0.370619,0.563517,0.738301,-0.024073,0.003666,0.030052,-0.106097,0.07268,-0.088074,-0.861214
1187,0.070855,0.015966,0.321941,-0.922751,0.081934,-0.376649,-0.306161,-0.749547,0.586871,-0.233086,0.656745,0.717205,-0.031583,0.011274,0.064532,0.442336,0.368999,0.181916,-1.909302,-0.134323,0.003649,0.27227,0.451156,-0.574387,0.683029,-0.140133,0.710146,0.68992,-0.881872,-0.406249,0.239011,-0.002839,0.019019,-0.063807,-0.247428,0.688934,0.48585,0.240583,0.026865,0.019751,-0.045395,-0.43385,0.529388,0.729055,0.190314,-0.737072,0.648463,0.880655,0.420085,0.219029,-0.008731,0.008762,-0.031673,-0.13966,1.082714,0.657106,0.131488,0.072627,0.032476,-0.080238,-0.907021,-0.038209,-0.419345,-0.206876,-0.826965,0.52281,-0.36676,0.560952,0.742171,-0.008777,0.004681,0.031915,-0.079636,0.033841,0.03618,-0.860234
1188,0.07047,0.016118,0.324546,-0.922722,0.088035,-0.375337,-0.30907,-0.750956,0.583535,-0.229345,0.654334,0.720607,-0.003235,0.007773,0.06274,0.003051,0.061339,0.089577,-1.909336,-0.134582,0.004264,0.269837,0.425615,-0.601841,0.675744,-0.136913,0.695219,0.705591,-0.894952,-0.392066,0.212621,-0.002822,0.018787,-0.06452,-0.395397,0.637866,0.499437,0.244331,0.026735,0.020061,-0.046609,-0.409966,0.556968,0.722297,0.186856,-0.723823,0.664201,0.892755,0.407266,0.19267,-0.000627,0.003446,-0.028813,-0.052152,0.233773,0.123303,0.146347,0.072426,0.03256,-0.078928,-0.90837,-0.030746,-0.417033,-0.209318,-0.829924,0.517118,-0.362005,0.557027,0.747443,-0.001655,0.003887,0.031394,-0.022301,0.0678,0.062546,-0.862193
1189,0.070602,0.016138,0.325824,-0.922514,0.090473,-0.37527,-0.310755,-0.750868,0.582752,-0.22791,0.654099,0.721275,0.009379,-0.005274,0.069691,-0.097924,0.026638,0.077856,-1.909613,-0.134569,0.004459,0.268682,0.411845,-0.614021,0.673315,-0.130234,0.691531,0.710463,-0.902348,-0.379512,0.203965,0.013339,0.008822,-0.057749,0.110938,0.751035,0.413155,0.238058,0.026736,0.020162,-0.047189,-0.396273,0.570329,0.719508,0.181045,-0.719738,0.670223,0.900105,0.395855,0.181957,-0.000636,0.003499,-0.028823,0.804756,1.700092,0.709277,0.144061,0.072492,0.032573,-0.078264,-0.908549,-0.02823,-0.416822,-0.211083,-0.82998,0.51631,-0.36053,0.557077,0.748119,0.004711,-0.002492,0.034997,-0.147546,0.002932,0.06569,-0.863173
1190,0.071102,0.016225,0.328272,-0.922801,0.095522,-0.373309,-0.313112,-0.750642,0.58178,-0.223504,0.653633,0.723074,0.010878,0.006334,0.061551,-0.059123,0.009412,0.094307,-1.909594,-0.134522,0.004773,0.266611,0.398418,-0.628142,0.66835,-0.134108,0.680843,0.720001,-0.907777,-0.375698,0.186156,0.012791,0.014057,-0.051332,-0.364931,0.544187,0.478558,0.227294,0.026765,0.020315,-0.048255,-0.383847,0.584297,0.715022,0.184206,-0.710323,0.679344,0.904836,0.392476,0.165024,0.006406,0.007215,-0.025423,-0.305188,0.487882,0.426642,0.127406,0.072743,0.03262,-0.077037,-0.909714,-0.023503,-0.414568,-0.213402,-0.829992,0.515336,-0.356201,0.557278,0.75004,0.005424,0.003221,0.030828,-0.0954,-0.009969,0.086779,-0.864806
1191,0.071907,0.016201,0.330672,-0.923832,0.102515,-0.368879,-0.314892,-0.751575,0.579612,-0.216674,0.651491,0.727076,0.022979,-0.000174,0.055889,0.102817,0.109351,0.162443,-1.909089,-0.134346,0.005155,0.264796,0.3811,-0.643479,0.663843,-0.128267,0.674175,0.727303,-0.916002,-0.36151,0.173532,-0.000837,0.004178,-0.039647,-0.13798,0.256883,0.199093,0.2362,0.026849,0.020498,-0.049131,-0.366523,0.601194,0.710088,0.179139,-0.703321,0.687929,0.913,0.379347,0.150086,0.007005,0.002702,-0.020246,-0.216204,0.399914,0.311908,0.133774,0.073139,0.032616,-0.07585,-0.912003,-0.017464,-0.409809,-0.214766,-0.830868,0.513353,-0.349463,0.556193,0.754004,0.011525,9.7e-05,0.028111,0.165064,0.141367,0.185402,-0.868888
1192,0.072812,0.016014,0.332858,-0.924815,0.107175,-0.36507,-0.313807,-0.75752,0.572417,-0.214051,0.643805,0.73466,0.021973,-0.002491,0.053337,0.446952,0.323267,0.295655,-1.909578,-0.133758,0.005415,0.263456,0.343112,-0.663708,0.664649,-0.120238,0.670637,0.731931,-0.931928,-0.330211,0.149442,0.013342,0.011164,-0.03303,-0.066791,0.378597,0.277105,0.222674,0.027143,0.020629,-0.049824,-0.32877,0.62272,0.71002,0.171593,-0.699912,0.693309,0.92869,0.349774,0.123256,0.014795,0.000736,-0.01288,0.11669,0.653078,0.37057,0.126099,0.073592,0.032523,-0.074757,-0.913645,-0.014413,-0.406257,-0.21244,-0.835119,0.50739,-0.346586,0.54988,0.75994,0.010918,-0.001339,0.026574,-0.089778,0.00071,0.098772,-0.868561
1193,0.07327,0.015932,0.333868,-0.926388,0.093188,-0.36492,-0.301912,-0.763083,0.571424,-0.224065,0.639415,0.735507,0.022714,0.007096,0.043654,-0.008919,-0.000777,0.119063,-1.910782,-0.133281,0.005619,0.262893,0.329604,-0.673111,0.662023,-0.12182,0.664913,0.736874,-0.936571,-0.322674,0.136304,0.027852,0.015136,-0.030301,-0.375421,0.494365,0.49597,0.218402,0.027376,0.02073,-0.050105,-0.316569,0.631456,0.707846,0.172424,-0.695487,0.697543,0.932766,0.34287,0.111291,0.014656,0.002028,-0.011196,-0.427096,0.533291,0.504928,0.119404,0.073821,0.032479,-0.074248,-0.913288,-0.026915,-0.406422,-0.199777,-0.839949,0.504552,-0.354955,0.541996,0.761739,0.010522,-0.00231,0.025596,-0.098847,0.098572,-0.077073,-0.864806
1194,0.074437,0.015669,0.335561,-0.928889,0.056509,-0.366084,-0.270593,-0.778512,0.566277,-0.251848,0.624995,0.738905,0.032162,-0.013876,0.043414,-0.000801,0.043948,0.122935,-1.910001,-0.131783,0.006176,0.262089,0.294707,-0.697707,0.65295,-0.109625,0.653991,0.748474,-0.949579,-0.291279,0.115406,0.059552,0.002429,-0.006983,-0.353353,0.474707,0.284638,0.220583,0.028136,0.021011,-0.050523,-0.28196,0.658467,0.697796,0.161004,-0.684518,0.710994,0.94582,0.31282,0.08699,0.029744,0.001619,-0.002985,-0.356724,0.475366,0.286599,0.113852,0.074403,0.03236,-0.073396,-0.909796,-0.06367,-0.410142,-0.16612,-0.849706,0.500403,-0.380361,0.523398,0.762482,0.016609,-0.001682,0.017347,0.029826,0.019024,0.132733,-0.865296
1195,0.075583,0.015321,0.336755,-0.929643,0.030633,-0.367248,-0.247547,-0.790219,0.560577,-0.271881,0.612006,0.742669,0.016234,-0.010088,0.02783,0.241271,0.087072,0.011847,-1.909759,-0.129292,0.006804,0.261919,0.27243,-0.718907,0.639489,-0.110841,0.636644,0.763108,-0.956043,-0.277866,0.09293,0.071765,0.023666,-0.004123,-0.350643,0.484705,0.397082,0.225688,0.029355,0.021317,-0.050605,-0.261384,0.680355,0.684686,0.162135,-0.66832,0.725989,0.95152,0.300773,0.064379,0.036627,0.006345,0.00193,-0.49131,0.518785,0.691979,0.117445,0.074984,0.032192,-0.072788,-0.906186,-0.089652,-0.413265,-0.141471,-0.856688,0.496055,-0.398512,0.507983,0.763636,0.014832,-0.006466,0.012997,0.513407,-0.064769,-0.153606,-0.866112
1196,0.076104,0.015103,0.337114,-0.92939,0.020572,-0.368586,-0.239958,-0.792482,0.560681,-0.27941,0.609508,0.741928,0.028895,-0.00777,0.012599,0.155176,-0.301139,-0.298791,-1.909563,-0.127752,0.007138,0.261985,0.264048,-0.728905,0.631639,-0.109189,0.627969,0.770497,-0.958571,-0.271496,0.085409,0.087704,0.016169,0.00578,-0.436363,0.499256,0.473325,0.234832,0.030119,0.021488,-0.050574,-0.254097,0.69044,0.677293,0.16012,-0.660584,0.733477,0.953832,0.294823,0.057299,0.043851,0.008173,0.002959,-0.446037,0.431069,0.628341,0.12365,0.07524,0.032084,-0.072601,-0.904508,-0.09849,-0.414925,-0.13394,-0.85812,0.495669,-0.404875,0.503913,0.762986,0.013604,-0.009912,0.009939,0.523509,-0.962531,-1.190008,-0.868725
1197,0.077137,0.014588,0.337441,-0.928027,-0.010187,-0.372435,-0.216034,-0.799783,0.560043,-0.30242,0.600202,0.74049,0.012558,-0.01289,0.007305,-0.026963,-0.106933,0.173927,-1.909441,-0.123981,0.007897,0.262316,0.255633,-0.749929,0.610122,-0.098421,0.607512,0.788146,-0.962002,-0.260578,0.080702,0.116314,0.024704,0.011212,-0.268755,0.162138,0.563147,0.255754,0.031994,0.021866,-0.050408,-0.246739,0.713008,0.656306,0.149915,-0.641009,0.752749,0.957415,0.284123,0.051271,0.051716,0.004982,0.008415,-0.449601,0.333155,0.603164,0.144877,0.075761,0.031825,-0.072438,-0.898006,-0.129,-0.420646,-0.108634,-0.861445,0.496094,-0.42636,0.491192,0.75957,0.012839,-0.008323,0.002324,-0.014498,-0.032957,0.011927,-0.86301
1198,0.077557,0.013982,0.337632,-0.925093,-0.039265,-0.377766,-0.192936,-0.80823,0.556338,-0.326018,0.587593,0.74059,0.010977,-0.017404,0.003307,0.099103,-0.3487,0.244566,-1.909789,-0.119134,0.008922,0.262819,0.245225,-0.770307,0.588629,-0.085044,0.587621,0.804614,-0.965968,-0.246398,0.077827,0.132235,0.016456,0.019125,-0.091821,0.544671,0.830374,0.289409,0.03446,0.022394,-0.050143,-0.238506,0.734236,0.635618,0.136446,-0.622679,0.770488,0.961507,0.270494,0.048329,0.066113,0.008314,0.009589,-0.036674,0.503986,0.781509,0.18668,0.07597,0.031518,-0.072346,-0.890397,-0.15665,-0.427377,-0.084246,-0.865979,0.492932,-0.447318,0.47491,0.757869,-0.001462,-0.007805,0.002068,0.348171,-1.016947,0.360269,-0.868072
1199,0.077671,0.0133,0.337756,-0.915029,-0.079566,-0.395519,-0.16622,-0.818996,0.54917,-0.366488,0.568346,0.73668,-0.003199,-0.0165,0.003381,2.329623,-3.600413,-3.56765,-1.910341,-0.113241,0.009901,0.263267,0.218206,-0.789473,0.573681,-0.058523,0.57609,0.815248,-0.974353,-0.21047,0.07876,0.147425,0.015131,0.013102,0.264451,0.252359,0.342398,0.287014,0.03735,0.022886,-0.049912,-0.211643,0.755702,0.619775,0.111255,-0.61139,0.783469,0.970994,0.234769,0.04532,0.081138,0.008197,0.005787,0.964475,1.194071,0.41929,0.202029,0.07603,0.031171,-0.072289,-0.874669,-0.188606,-0.44652,-0.060594,-0.871422,0.486776,-0.480917,0.452825,0.750778,-0.001581,-0.008183,0.001733,0.557165,-1.971551,1.787946,-0.866765
1200,0.077555,0.012991,0.337804,-0.913633,-0.084668,-0.397682,-0.162816,-0.820112,0.548524,-0.371452,0.566001,0.735999,-0.003647,-0.017759,0.002259,2.163588,-2.996577,-4.106993,-1.910198,-0.11024,0.010189,0.263461,0.204093,-0.798463,0.566388,-0.05009,0.569178,0.820648,-0.977858,-0.194852,0.075436,0.162463,0.015749,0.010153,-0.344254,0.093087,0.786645,0.279141,0.038845,0.023032,-0.049812,-0.199215,0.764064,0.613611,0.101215,-0.60677,0.788406,0.974714,0.219169,0.043543,0.073969,0.006411,0.004551,0.027679,-0.122777,0.26106,0.20007,0.075972,0.031017,-0.072265,-0.872091,-0.193042,-0.449657,-0.057455,-0.87215,0.485853,-0.485959,0.449543,0.749503,-0.007916,-0.001815,-0.001985,-0.003766,0.037295,-0.057592,-0.868072
1201,0.077027,0.012448,0.337842,-0.911832,-0.095325,-0.399401,-0.154328,-0.821866,0.548353,-0.379394,0.56176,0.735196,-0.002646,-0.007443,-0.006636,2.209837,-3.124161,-3.913634,-1.910148,-0.104081,0.010746,0.263848,0.187559,-0.807256,0.559599,-0.039853,0.562873,0.825542,-0.981612,-0.176122,0.072675,0.147813,0.014716,0.010356,-0.052683,-0.111649,0.216037,0.242748,0.041931,0.023305,-0.049626,-0.181828,0.774989,0.605251,0.092387,-0.599325,0.795155,0.97898,0.200499,0.037375,0.073921,0.007277,0.004968,-0.109091,-0.064203,0.034357,0.174923,0.075706,0.030738,-0.072246,-0.86866,-0.203205,-0.451813,-0.048724,-0.87254,0.486106,-0.493004,0.444275,0.74804,-0.008681,-0.007662,0.001839,-0.032071,0.038999,-0.056613,-0.863989
1202,0.076447,0.012037,0.338073,-0.903439,-0.119379,-0.411817,-0.138323,-0.828015,0.543351,-0.404733,0.547992,0.732068,-0.015095,-0.008899,0.009395,-0.023328,-0.092606,0.130153,-1.910569,-0.098276,0.011527,0.264357,0.178045,-0.814387,0.552327,-0.029989,0.55643,0.830313,-0.983721,-0.163371,0.07393,0.146654,0.02046,0.016711,-0.013437,-0.162135,0.295739,0.220271,0.044835,0.023687,-0.049383,-0.173029,0.782544,0.598068,0.082442,-0.593589,0.800534,0.98146,0.187821,0.038193,0.073359,0.010109,0.008091,-0.01594,-0.148552,0.273467,0.132141,0.075418,0.030523,-0.072146,-0.854577,-0.229964,-0.465632,-0.026791,-0.875897,0.481753,-0.518632,0.42417,0.742361,-0.007506,-0.004306,0.004827,0.000515,-0.141019,0.139648,-0.867255
1203,0.076186,0.011832,0.338311,-0.899285,-0.133731,-0.41647,-0.127403,-0.830808,0.541754,-0.417339,0.540414,0.730622,-0.014384,-0.006887,0.011192,0.656844,-0.967213,-1.085981,-1.910006,-0.095378,0.012073,0.264685,0.181495,-0.817211,0.547007,-0.028866,0.551465,0.833659,-0.983128,-0.166065,0.075789,0.145828,0.023847,0.020591,-0.013387,-0.162333,0.295633,0.220278,0.046285,0.023956,-0.049224,-0.176849,0.785506,0.593046,0.081363,-0.588814,0.804162,0.980868,0.190467,0.04022,0.079067,0.019474,0.007259,0.04331,-0.308791,0.500525,0.123977,0.075287,0.03042,-0.072027,-0.848502,-0.241606,-0.470818,-0.016964,-0.876818,0.480522,-0.528919,0.415711,0.739883,-0.007001,-0.003253,0.005929,2.257025,-3.063383,-3.896443,-0.869378
1204,0.075603,0.011441,0.33887,-0.893618,-0.151445,-0.42256,-0.114257,-0.833671,0.540288,-0.432991,0.531276,0.728212,-0.013842,-0.005337,0.012575,0.667225,-0.979431,-1.05717,-1.90996,-0.090059,0.013298,0.265429,0.181719,-0.816566,0.547896,-0.033841,0.551536,0.833425,-0.982929,-0.168961,0.07188,0.130136,0.024992,0.024425,-0.03482,-0.025943,0.109999,0.223542,0.04895,0.02457,-0.048851,-0.177163,0.784826,0.593852,0.086375,-0.58867,0.803744,0.980383,0.193688,0.036501,0.056598,0.017301,0.008999,0.002352,-0.022219,0.108126,0.121364,0.074996,0.030227,-0.071746,-0.839885,-0.257774,-0.477645,-0.003448,-0.877472,0.479614,-0.542753,0.404468,0.736087,-0.006991,-0.003157,0.006011,2.293109,-3.148732,-3.734052,-0.869378
1205,0.075072,0.011172,0.339295,-0.884138,-0.176235,-0.432766,-0.094015,-0.840167,0.534091,-0.456623,0.513112,0.7268,-0.001259,-0.010924,0.008357,0.037686,-0.263025,0.218603,-1.909655,-0.086104,0.014575,0.266435,0.180006,-0.818394,0.545729,-0.036782,0.54869,0.835177,-0.983136,-0.169378,0.067957,0.08153,0.037125,0.028066,-0.026336,0.002772,0.110356,0.221165,0.050948,0.025196,-0.048361,-0.175546,0.786971,0.591489,0.089539,-0.585566,0.805663,0.98039,0.194393,0.032329,0.04911,0.014354,0.017827,-0.023619,-0.139542,0.263297,0.118261,0.074728,0.030101,-0.071526,-0.825753,-0.281411,-0.488813,0.019365,-0.880276,0.474065,-0.563698,0.381996,0.73234,-0.006765,0.001539,0.000987,0.201859,-0.466906,-0.057618,-0.876073
1206,0.07495,0.011107,0.33938,-0.878081,-0.194609,-0.437203,-0.078258,-0.842937,0.532264,-0.471027,0.501824,0.725489,0.000179,0.000495,0.000442,0.021126,-0.126738,0.137716,-1.910039,-0.084501,0.015192,0.267157,0.180701,-0.821899,0.540204,-0.036585,0.543135,0.838808,-0.983016,-0.170301,0.067374,0.082399,0.029768,0.040514,-0.116924,-0.044154,0.308943,0.219841,0.051749,0.025506,-0.048006,-0.176745,0.790506,0.586396,0.089162,-0.580467,0.809387,0.980209,0.19534,0.032111,0.039876,0.021323,0.017501,-0.13191,0.081166,0.218408,0.116792,0.074666,0.030063,-0.071482,-0.816531,-0.298375,-0.494215,0.035386,-0.880337,0.473026,-0.576215,0.368752,0.729381,-0.000541,-0.005174,0.004433,0.032229,-0.265699,0.217536,-0.8764
1207,0.074944,0.01112,0.339471,-0.85623,-0.253589,-0.450121,-0.028362,-0.846904,0.530962,-0.514792,0.467704,0.718519,0.001964,0.012866,-0.006627,2.50404,-3.186125,-3.636504,-1.910574,-0.082169,0.016285,0.268993,0.183949,-0.837448,0.514622,-0.022274,0.519755,0.853986,-0.982847,-0.167496,0.076286,0.036397,0.028718,0.049429,-0.02477,-0.117493,0.215481,0.21751,0.052919,0.026045,-0.047115,-0.181326,0.807465,0.561355,0.07512,-0.557777,0.826583,0.980549,0.192051,0.040482,0.025289,0.016244,0.025344,0.084472,-0.105169,0.256596,0.114179,0.074657,0.030063,-0.071434,-0.78714,-0.347875,-0.509305,0.08041,-0.876591,0.47447,-0.611509,0.332521,0.717973,0.000474,0.001349,0.001189,0.07892,-0.192844,0.086612,-0.876563
1208,0.075334,0.011242,0.339491,-0.825868,-0.322587,-0.46252,0.026864,-0.841827,0.539053,-0.562227,0.433158,0.704486,0.014854,0.000698,0.001382,2.425731,-3.233104,-3.791979,-1.910561,-0.081339,0.017447,0.27126,0.172405,-0.854488,0.490017,-0.008206,0.496087,0.868195,-0.985141,-0.152625,0.077877,0.004276,0.033263,0.061773,-0.173836,0.02865,0.283097,0.215832,0.053362,0.026628,-0.045969,-0.171629,0.825717,0.537339,0.060945,-0.535489,0.84234,0.983274,0.177318,0.041582,0.001952,0.017144,0.031547,-0.212083,0.061145,0.317923,0.112546,0.074852,0.030128,-0.071428,-0.745741,-0.410467,-0.524772,0.133502,-0.863757,0.4859,-0.652722,0.292298,0.698938,0.000818,0.002309,0.002029,-0.040684,-0.287578,0.033302,-0.874767
1209,0.07577,0.011357,0.339545,-0.796333,-0.376081,-0.473774,0.072198,-0.836764,0.542758,-0.599568,0.398474,0.694092,0.001259,0.003505,0.003116,2.600309,-3.120587,-3.677942,-1.910551,-0.081622,0.018666,0.273688,0.153097,-0.864791,0.478215,0.00067,0.483895,0.875088,-0.988336,-0.132562,0.074039,-0.024182,0.026743,0.059356,-0.191797,0.070349,0.234177,0.220254,0.053218,0.027265,-0.044712,-0.153232,0.837066,0.525205,0.051951,-0.523923,0.850179,0.986823,0.15756,0.036795,-0.012164,0.013471,0.029817,-0.219385,0.086281,0.244252,0.112056,0.075076,0.030186,-0.071399,-0.707817,-0.458003,-0.537798,0.177483,-0.852211,0.492173,-0.683735,0.252919,0.684498,0.007472,0.000523,0.000817,0.048605,-0.11388,0.230727,-0.876889
1210,0.075867,0.011455,0.339608,-0.783899,-0.395429,-0.478732,0.08781,-0.833883,0.544886,-0.613696,0.385585,0.689005,0.015342,0.002117,0.002628,0.145978,-0.474443,-0.160252,-1.9101,-0.082166,0.019136,0.274716,0.143341,-0.869055,0.473484,0.006207,0.479089,0.877706,-0.989767,-0.121777,0.073449,-0.036723,0.018289,0.05162,0.234443,-0.219601,0.816248,0.22489,0.052956,0.027504,-0.044205,-0.143231,0.841562,0.520823,0.047108,-0.519855,0.852953,0.988567,0.146705,0.034815,-0.018379,0.008966,0.025676,1.04826,-0.796732,2.470213,0.115322,0.075117,0.030231,-0.071372,-0.690427,-0.477742,-0.543205,0.195897,-0.846322,0.49534,-0.696372,0.235584,0.677912,0.000992,0.002662,0.002466,2.529075,-3.20476,-3.668122,-0.881951
1211,0.07613,0.011773,0.339723,-0.770653,-0.413892,-0.484595,0.102811,-0.831218,0.546332,-0.627969,0.371721,0.683743,0.015698,0.003163,0.00354,-0.068493,-0.171336,0.167915,-1.911097,-0.084088,0.01968,0.276162,0.146503,-0.872019,0.467025,0.010493,0.473347,0.880777,-0.989272,-0.123036,0.077887,-0.063306,0.010698,0.026579,0.031954,-0.013896,0.015053,0.248148,0.051978,0.027795,-0.043448,-0.147201,0.845047,0.514029,0.042138,-0.513861,0.856837,0.988208,0.147788,0.040032,-0.031516,0.004777,0.012603,0.031458,-0.015663,0.010297,0.136876,0.075256,0.030395,-0.07131,-0.67313,-0.494507,-0.54987,0.211321,-0.841163,0.497781,-0.708687,0.218873,0.670713,0.007885,0.001694,0.001858,-0.026104,-0.140113,0.186011,-0.87542
1212,0.076533,0.012348,0.339665,-0.761182,-0.423747,-0.491004,0.102618,-0.826238,0.55387,-0.639442,0.371733,0.67302,0.01722,0.014946,-0.004073,-0.182774,-0.215122,-0.029366,-1.910705,-0.08703,0.019743,0.276737,0.142644,-0.874667,0.463251,0.017715,0.470103,0.882396,-0.989728,-0.116559,0.081947,-0.073764,-0.004266,0.010854,1.160764,-0.77547,2.236072,0.245224,0.050506,0.027828,-0.043159,-0.143327,0.847587,0.510932,0.035433,-0.511537,0.858529,0.98904,0.141154,0.043284,-0.036742,-0.002763,0.004746,1.159288,-0.777696,2.23121,0.14847,0.075451,0.030678,-0.071338,-0.662327,-0.50196,-0.556198,0.210105,-0.837029,0.50521,-0.71915,0.217755,0.659852,0.008591,0.007421,-0.002093,-0.247422,-0.348399,0.091042,-0.871991
1213,0.076778,0.012712,0.339589,-0.761622,-0.423734,-0.490333,0.102986,-0.826179,0.553891,-0.638859,0.37188,0.673492,0.004158,0.019122,-0.00112,0.031053,-0.037175,0.038107,-1.910234,-0.088685,0.019662,0.276839,0.140874,-0.875735,0.461774,0.017506,0.46844,0.883285,-0.989983,-0.115243,0.080718,-0.089221,0.001391,-0.000574,-0.075616,0.15935,-0.049186,0.241788,0.04968,0.027784,-0.043113,-0.142082,0.849099,0.508765,0.035203,-0.50932,0.859856,0.989228,0.14008,0.042474,-0.044477,0.000176,-0.000879,-0.089405,0.167573,-0.046281,0.146021,0.075578,0.030856,-0.071378,-0.662601,-0.502246,-0.555614,0.21037,-0.836774,0.505522,-0.71882,0.218075,0.660105,0.008812,0.008063,-0.001528,0.059304,-0.035114,0.082542,-0.865622
1214,0.077072,0.013318,0.339631,-0.764058,-0.428164,-0.482634,0.106558,-0.821566,0.560042,-0.635356,0.377004,0.673957,0.00313,0.008821,0.007751,-0.034094,0.063827,-0.160646,-1.910649,-0.092011,0.01941,0.276946,0.140026,-0.880507,0.452871,0.020664,0.45976,0.887766,-0.990042,-0.113842,0.081981,-0.086617,-0.010788,0.005346,-0.270516,0.206415,0.233726,0.236621,0.048052,0.027651,-0.043075,-0.142621,0.853765,0.500743,0.031154,-0.501792,0.864426,0.989286,0.138886,0.044968,-0.036199,-0.004107,0.002761,-0.497419,0.448226,0.251455,0.143245,0.075725,0.031164,-0.07136,-0.664653,-0.507393,-0.54844,0.212739,-0.832177,0.512076,-0.716224,0.223678,0.661052,0.001592,0.004491,0.003943,-0.010995,-0.031874,0.023,-0.866276
1215,0.077175,0.013477,0.339866,-0.755328,-0.441452,-0.484402,0.114113,-0.816446,0.566009,-0.644415,0.372791,0.66767,-0.013813,-0.005511,0.01239,-0.348863,-0.205877,-0.188019,-1.910685,-0.094854,0.019226,0.277301,0.133804,-0.887135,0.441678,0.023658,0.448301,0.893532,-0.990827,-0.107991,0.080395,-0.05945,0.000164,0.012228,-0.034736,-0.033812,0.102092,0.227055,0.046623,0.027544,-0.042913,-0.135798,0.861854,0.488636,0.029501,-0.489469,0.871521,0.990296,0.132766,0.041044,-0.029874,0.000631,0.006833,0.013844,-0.073035,0.086983,0.128059,0.075787,0.031259,-0.071235,-0.654477,-0.518436,-0.550347,0.219476,-0.826821,0.517876,-0.723525,0.21815,0.65492,0.000437,0.001241,0.001083,-0.480162,-0.353707,-0.206536,-0.866765
1216,0.076951,0.01341,0.339918,-0.746491,-0.454922,-0.485637,0.121867,-0.810965,0.572238,-0.653231,0.368549,0.661429,-0.013355,0.010645,-0.009295,0.014098,-0.019565,-0.02328,-1.910547,-0.096931,0.019526,0.278084,0.124581,-0.893427,0.431577,0.029684,0.438011,0.898443,-0.991855,-0.097991,0.080523,-0.047479,0.012751,0.024133,-0.004562,-0.000907,-0.014159,0.233088,0.045583,0.027681,-0.042536,-0.12733,0.868764,0.478577,0.023124,-0.479773,0.877087,0.99159,0.122746,0.041,-0.016781,0.00809,0.012715,0.042767,-0.151911,0.148826,0.127732,0.075675,0.031221,-0.071199,-0.642795,-0.530901,-0.552229,0.225504,-0.820089,0.525929,-0.732094,0.213534,0.646869,-0.007533,-0.00079,-0.001045,0.028914,0.047718,-0.04494,-0.863173
1217,0.076719,0.013387,0.339767,-0.745314,-0.456684,-0.485791,0.121667,-0.809554,0.574275,-0.654611,0.369475,0.659546,-0.016282,-0.004985,-0.00509,-0.054874,-0.011327,-0.078673,-1.910592,-0.09771,0.019853,0.278647,0.127115,-0.895107,0.427337,0.031769,0.434169,0.900234,-0.991472,-0.099728,0.083066,-0.034007,0.018664,0.028109,0.004009,-0.022007,0.009775,0.241062,0.045206,0.027837,-0.042265,-0.130117,0.870416,0.47481,0.020857,-0.476372,0.878995,0.991278,0.124276,0.043829,-0.017047,0.009404,0.014189,0.006618,-0.025016,0.003065,0.132957,0.075567,0.031216,-0.071269,-0.641496,-0.532262,-0.55243,0.22503,-0.819014,0.527803,-0.733378,0.214271,0.645169,-0.008244,-0.00279,-0.002801,-0.053259,-0.011704,-0.079479,-0.86252
