frame,MLTx,MLTy,MLTz,MLTR1,MLTR2,MLTR3,MLTR4,MLTR5,MLTR6,MLTR7,MLTR8,MLTR9,MLTTVx,MLTTVy,MLTTVz,MLTRVx,MLTRVy,MLTRVz,MLGA,MRTx,MRTy,MRTz,MRTR1,MRTR2,MRTR3,MRTR4,MRTR5,MRTR6,MRTR7,MRTR8,MRTR9,MRTTVx,MRTTVy,MRTTVz,MRTRVx,MRTRVy,MRTRVz,MRGA,SLTx,SLTy,SLTz,SLTR1,SLTR2,SLTR3,SLTR4,SLTR5,SLTR6,SLTR7,SLTR8,SLTR9,SLTTVx,SLTTVy,SLTTVz,SLTRVx,SLTRVy,SLTRVz,SLGA,SRTx,SRTy,SRTz,SRTR1,SRTR2,SRTR3,SRTR4,SRTR5,SRTR6,SRTR7,SRTR8,SRTR9,SRTTVx,SRTTVy,SRTTVz,SRTRVx,SRTRVy,SRTRVz,SRGA
1,0.08324,0.021984,0.419686,-0.468338,0.283441,-0.836879,-0.481602,-0.875951,-0.027221,-0.740204,0.389936,0.54779,-0.012804,-0.006724,0.011757,-0.035837,0.03182,-0.045814,0.478782,-0.096107,-0.042814,0.381745,0.878364,0.246233,0.40968,-0.135316,0.950177,-0.28069,-0.459479,0.190777,0.867379,0.014038,0.001966,0.018009,-0.016027,-0.163844,0.405362,0.187547,0.031454,0.02241,-0.018155,-0.895818,-0.205112,0.394256,0.100482,-0.957632,-0.269895,0.432912,-0.202161,0.878474,0.006241,0.005831,0.004099,0.018448,-0.159835,0.430051,0.074336,0.087561,0.041246,-0.052224,-0.517895,0.258683,-0.815393,-0.420941,-0.906859,-0.020341,-0.744709,0.332699,0.578548,-6e-06,-8e-06,-2e-06,4e-06,-1.3e-05,-3.9e-05,0.460787
2,0.08302,0.021905,0.419842,-0.470608,0.280299,-0.836663,-0.476463,-0.87878,-0.026471,-0.742084,0.385828,0.548156,-0.012481,0.001425,0.001101,-0.002429,0.025684,-0.056164,0.483784,-0.09579,-0.042572,0.382397,0.882817,0.235747,0.406262,-0.126806,0.95247,-0.276866,-0.453324,0.192584,0.870214,-0.000995,0.002546,0.020412,-0.003594,-0.185003,0.149147,0.190665,0.031618,0.022531,-0.01783,-0.899804,-0.194327,0.390627,0.091677,-0.959553,-0.266178,0.426553,-0.203697,0.881225,-0.000593,0.001694,0.010567,0.002001,-0.215936,0.167975,0.074663,0.087452,0.041207,-0.05214,-0.51994,0.255387,-0.815131,-0.415602,-0.90933,-0.019804,-0.746281,0.328473,0.578937,-0.000395,-0.004783,0.004977,-0.034999,0.017121,-0.016206,0.464869
3,0.08296,0.021847,0.419925,-0.470767,0.280249,-0.836591,-0.476599,-0.878713,-0.026231,-0.741895,0.386016,0.548279,-7e-06,-2.2e-05,-1.1e-05,0.0,0.0,0.0,0.486941,-0.09582,-0.042535,0.38284,0.883614,0.233188,0.406007,-0.124929,0.953177,-0.275281,-0.452291,0.192202,0.870836,-0.001048,0.002804,0.020612,-0.025911,-0.079702,0.189729,0.191694,0.031602,0.022553,-0.017606,-0.900509,-0.191748,0.390275,0.089753,-0.960159,-0.264646,0.425472,-0.203288,0.881842,0.000107,-0.0028,0.015754,-0.072253,0.006034,-0.01358,0.075316,0.087417,0.041175,-0.0521,-0.520123,0.255294,-0.815043,-0.415716,-0.909284,-0.019523,-0.746091,0.328672,0.57907,-2e-06,3e-06,4e-06,-0.000108,1e-06,6e-05,0.467972
4,0.082969,0.021748,0.420008,-0.470929,0.280196,-0.836517,-0.476774,-0.878626,-0.025957,-0.74168,0.386252,0.548404,-0.0,-1e-06,-1e-06,0.0,0.0,0.0,0.489989,-0.096142,-0.042686,0.383869,0.88583,0.230954,0.402438,-0.125515,0.954299,-0.271094,-0.447762,0.189315,0.873803,-0.013845,-0.009338,0.030151,0.021132,-0.452455,-0.011128,0.193114,0.031446,0.022484,-0.017093,-0.901824,-0.189091,0.388531,0.089676,-0.96149,-0.259794,0.422694,-0.199447,0.884053,-0.007729,0.000251,0.010246,0.114168,-0.693617,-0.263419,0.077275,0.087421,0.041126,-0.052059,-0.520277,0.255232,-0.814964,-0.41589,-0.909211,-0.019242,-0.745886,0.328924,0.57919,1e-06,1e-05,8e-06,-7.5e-05,-1.3e-05,3.2e-05,0.473687
5,0.083014,0.021723,0.420027,-0.470973,0.28017,-0.836501,-0.476814,-0.878607,-0.025876,-0.741626,0.386315,0.548432,4e-06,1.4e-05,7e-06,0.0,0.0,0.0,0.49365,-0.096627,-0.042986,0.384996,0.889342,0.223578,0.398844,-0.120695,0.956188,-0.266591,-0.442084,0.188645,0.876834,-0.013749,-0.009696,0.029794,-0.059216,-0.081377,0.130755,0.201336,0.031203,0.022335,-0.016528,-0.905779,-0.181944,0.382699,0.085219,-0.96289,-0.256083,0.415091,-0.199342,0.887672,-0.006949,-0.004577,0.015138,-0.072247,0.020636,-0.044129,0.082827,0.087444,0.041114,-0.052049,-0.520319,0.255203,-0.814947,-0.415929,-0.909194,-0.019159,-0.745835,0.328991,0.579218,-2e-06,3e-06,1e-06,-4.9e-05,-4e-06,4.5e-05,0.477443
6,0.083055,0.021704,0.420005,-0.472387,0.282227,-0.835011,-0.476993,-0.878471,-0.027133,-0.74061,0.385122,0.55064,-0.000119,-0.000369,-0.000186,0.042209,0.240607,0.096663,0.495947,-0.097092,-0.043336,0.386158,0.897142,0.206649,0.390416,-0.104739,0.958178,-0.266193,-0.430216,0.197636,0.880748,-0.013549,-0.010576,0.028997,-0.038687,-0.173841,0.096039,0.211692,0.030965,0.022159,-0.015935,-0.912752,-0.164666,0.373854,0.069109,-0.964211,-0.255966,0.402624,-0.207797,0.891467,-0.006782,-0.005351,0.014452,-0.047737,-0.133257,0.11087,0.091971,0.087464,0.041104,-0.05206,-0.521405,0.256629,-0.813804,-0.416082,-0.909104,-0.020098,-0.744991,0.32813,0.580791,-7.5e-05,-0.000232,-0.000117,0.072246,0.383889,0.150719,0.481198
7,0.083065,0.02167,0.419998,-0.472411,0.282209,-0.835003,-0.477001,-0.878469,-0.027094,-0.740589,0.385142,0.550654,-0.000571,-0.001766,-0.00089,-0.000832,0.01447,-0.025204,0.496364,-0.097348,-0.043526,0.386682,0.900822,0.200945,0.38488,-0.099835,0.95861,-0.266523,-0.423631,0.201387,0.883087,-0.013347,-0.01153,0.028166,-0.014664,-0.28109,0.056005,0.223661,0.030842,0.022068,-0.015683,-0.91588,-0.158898,0.368665,0.064153,-0.964461,-0.256317,0.396291,-0.211105,0.893525,-0.007414,-0.001153,0.008991,0.026221,-0.274628,-0.131192,0.102095,0.08747,0.04109,-0.052062,-0.521931,0.257265,-0.813266,-0.41619,-0.909047,-0.020465,-0.744562,0.327792,0.581531,-4.6e-05,-0.000141,-7.1e-05,-0.003888,-0.015786,-0.005512,0.482178
8,0.083064,0.021631,0.419989,-0.472578,0.282061,-0.834959,-0.476931,-0.878513,-0.0269,-0.740528,0.385149,0.550731,-0.000242,-0.000749,-0.000378,0.0,1e-06,0.0,0.497823,-0.097828,-0.043806,0.387551,0.908276,0.187939,0.373771,-0.088489,0.959552,-0.267141,-0.409994,0.209301,0.887672,-0.014462,-0.003841,0.016629,0.032129,-0.32296,0.068188,0.227971,0.030602,0.021926,-0.01525,-0.922371,-0.145808,0.35773,0.052837,-0.964946,-0.257069,0.382674,-0.218212,0.897743,-0.007185,-0.002219,0.008068,0.078916,-0.441442,-0.148261,0.119404,0.087468,0.041067,-0.052068,-0.521991,0.25697,-0.813321,-0.416098,-0.909095,-0.020179,-0.744572,0.327888,0.581465,-0.000149,-0.000459,-0.000231,-8.2e-05,-0.000413,-0.000155,0.483811
9,0.083052,0.021625,0.419986,-0.472612,0.282032,-0.834949,-0.476912,-0.878524,-0.026864,-0.740518,0.385146,0.550747,-1e-06,-2e-06,-1e-06,0.0,0.0,0.0,0.498648,-0.098149,-0.043896,0.388178,0.913732,0.183363,0.36258,-0.086194,0.959591,-0.26775,-0.398166,0.213143,0.892131,-0.014601,-0.003073,0.017255,0.104587,-0.630393,-0.049675,0.22721,0.030443,0.021876,-0.014941,-0.926824,-0.140891,0.348059,0.050134,-0.965069,-0.257151,0.372131,-0.220885,0.901513,-0.000169,-0.000245,0.008806,-0.032554,-0.05018,0.200458,0.12316,0.087462,0.041064,-0.05207,-0.52202,0.256936,-0.813313,-0.416077,-0.909106,-0.020141,-0.744563,0.327886,0.581477,-0.005992,0.001491,0.000943,-0.000967,0.01472,-0.029554,0.485281
10,0.083053,0.021632,0.419979,-0.472597,0.282038,-0.834956,-0.476898,-0.878531,-0.026889,-0.740537,0.385126,0.550736,-0.0,-0.0,-0.0,0.0,0.0,0.0,0.498593,-0.098234,-0.043833,0.388483,0.915549,0.180067,0.359634,-0.083755,0.959983,-0.267119,-0.394487,0.214187,0.893514,-0.00074,0.001643,0.019387,-0.003033,-0.174596,0.154569,0.22806,0.030396,0.021902,-0.014793,-0.929329,-0.137953,0.342513,0.048376,-0.965081,-0.257444,0.366068,-0.222681,0.903552,-0.008177,0.003829,0.004159,0.030217,-0.160874,0.147811,0.123976,0.087463,0.041068,-0.052073,-0.522006,0.256943,-0.81332,-0.416063,-0.909111,-0.020167,-0.74458,0.327865,0.581466,2e-06,1.6e-05,9e-06,-0.0,-3.2e-05,-2.1e-05,0.485934
11,0.083052,0.021625,0.419986,-0.472505,0.282131,-0.834977,-0.476972,-0.878488,-0.026983,-0.740549,0.385155,0.5507,-0.0,-0.0,-0.0,0.0,0.0,0.0,0.499708,-0.098453,-0.043546,0.389001,0.919915,0.174467,0.351153,-0.079899,0.960223,-0.267437,-0.384995,0.217717,0.896795,-0.002238,0.011205,0.009426,0.069247,-0.323213,0.122792,0.234512,0.030287,0.022041,-0.014524,-0.932899,-0.132127,0.335023,0.044275,-0.965288,-0.257404,0.357404,-0.225299,0.906367,-0.001223,0.006078,0.005118,0.110267,-0.460537,-0.109994,0.130671,0.087463,0.041064,-0.052069,-0.521921,0.257043,-0.813343,-0.416143,-0.909073,-0.020258,-0.744596,0.327893,0.581431,-4e-06,7e-06,7e-06,-4e-06,-3e-05,-2.1e-05,0.48675
12,0.083053,0.021632,0.419979,-0.473978,0.284138,-0.83346,-0.477121,-0.878369,-0.028179,-0.739509,0.383947,0.552935,-0.0,-0.0,-0.0,0.025944,0.147761,0.059357,0.502299,-0.098501,-0.043085,0.389382,0.922097,0.168934,0.348124,-0.075247,0.960826,-0.266619,-0.380682,0.219415,0.898221,-0.002273,0.011375,0.009528,0.001879,-0.012796,0.025964,0.225343,0.030257,0.022272,-0.014333,-0.935108,-0.12654,0.330997,0.039714,-0.965607,-0.256952,0.352128,-0.227133,0.907973,-0.001239,0.006165,0.005166,-0.002693,0.000216,0.061388,0.129692,0.087463,0.041068,-0.052073,-0.523398,0.25881,-0.811832,-0.4163,-0.908975,-0.021385,-0.74347,0.326773,0.583498,-5e-06,5e-06,6e-06,0.03694,0.203334,0.080811,0.48871
13,0.083053,0.021632,0.419979,-0.474085,0.284038,-0.833433,-0.477062,-0.878406,-0.02806,-0.739479,0.383938,0.552982,-0.0,-0.0,-0.0,0.00038,0.00216,0.000868,0.503592,-0.098329,-0.042847,0.389594,0.922677,0.16621,0.347898,-0.072832,0.961252,-0.265752,-0.379743,0.21963,0.898566,0.01328,0.005282,0.020522,-0.031115,-0.033138,0.060702,0.222385,0.030347,0.022399,-0.01422,-0.935536,-0.12356,0.330912,0.037027,-0.965965,-0.256004,0.351282,-0.227249,0.908271,0.006641,0.002603,0.010228,-0.03195,-0.029736,0.061824,0.12316,0.087463,0.041068,-0.052073,-0.523654,0.258918,-0.811632,-0.416286,-0.908981,-0.021392,-0.743298,0.326669,0.583776,-2e-06,2e-06,2e-06,-0.003156,-0.013288,-0.004735,0.490506
14,0.083043,0.021627,0.419988,-0.474119,0.284017,-0.83342,-0.477065,-0.878405,-0.028016,-0.739455,0.383955,0.553003,-0.0,-0.0,-0.0,0.0,0.0,0.0,0.504125,-0.097835,-0.042484,0.390147,0.923416,0.163009,0.34745,-0.070226,0.961849,-0.264287,-0.378432,0.219416,0.899171,0.013397,0.004553,0.019873,-0.03113,-0.033106,0.060708,0.243042,0.030594,0.022582,-0.013942,-0.936119,-0.120334,0.330453,0.034365,-0.966441,-0.254578,0.349998,-0.226959,0.908839,0.006706,0.002204,0.009871,-0.031132,-0.033017,0.060637,0.132304,0.087458,0.041066,-0.052068,-0.523602,0.258801,-0.811703,-0.416284,-0.908985,-0.021288,-0.743335,0.326753,0.583682,-3e-06,0.0,1e-06,-3.6e-05,-0.000329,-0.000159,0.492955
15,0.083016,0.021634,0.419992,-0.474176,0.283972,-0.833404,-0.477035,-0.878423,-0.02796,-0.739438,0.383947,0.553031,-0.0,-0.0,-0.0,0.0,0.0,0.0,0.505653,-0.09737,-0.042218,0.390759,0.924721,0.156264,0.347078,-0.063766,0.962606,-0.263167,-0.37638,0.221002,0.899643,0.013278,0.005005,0.020212,-0.031134,-0.033115,0.060699,0.267711,0.030822,0.022711,-0.013645,-0.937119,-0.113584,0.330008,0.027881,-0.966901,-0.25362,0.347893,-0.228471,0.909269,-0.001077,0.005253,0.004349,0.001011,-0.009609,0.026946,0.154348,0.087445,0.041069,-0.052066,-0.523653,0.258749,-0.811686,-0.41625,-0.909001,-0.021231,-0.743318,0.326747,0.583706,-2e-06,1e-06,3e-06,3.3e-05,-2.1e-05,-3.9e-05,0.494098
16,0.082991,0.021641,0.420007,-0.474232,0.283935,-0.833385,-0.477028,-0.878429,-0.027896,-0.739407,0.383961,0.553063,1e-06,2e-06,1e-06,0.0,0.0,0.0,0.507168,-0.097182,-0.042149,0.391538,0.924972,0.15556,0.346727,-0.063738,0.963011,-0.261689,-0.375768,0.219734,0.90021,0.000761,-0.007989,0.029058,-0.068542,-0.016386,0.008687,0.325273,0.03092,0.022753,-0.013257,-0.937337,-0.112837,0.329645,0.027766,-0.967288,-0.252152,0.347314,-0.227199,0.909809,-0.000192,-0.000173,0.008767,-0.034296,-0.008157,0.004204,0.212153,0.087432,0.041073,-0.052058,-0.523706,0.258708,-0.811666,-0.416239,-0.909008,-0.021167,-0.743287,0.326761,0.583737,-3e-06,-6e-06,-1e-06,2.9e-05,-1e-06,-2.7e-05,0.496058
17,0.082992,0.021634,0.420026,-0.475813,0.281224,-0.833403,-0.471914,-0.881185,-0.027983,-0.741666,0.379625,0.553031,-0.000773,-0.009531,0.009966,-0.034856,0.017097,-0.016262,0.508295,-0.097215,-0.042201,0.391901,0.925006,0.155625,0.346607,-0.064115,0.963168,-0.261018,-0.37562,0.218999,0.900451,-0.00015,-0.00139,0.016672,-0.034272,-0.008187,0.004346,0.350423,0.030903,0.022729,-0.013074,-0.937371,-0.112903,0.329525,0.028124,-0.967455,-0.251472,0.347193,-0.226455,0.91004,-5e-06,-0.001094,0.008005,-0.034319,-0.008159,0.004239,0.247587,0.087433,0.041073,-0.052053,-0.525087,0.25589,-0.811666,-0.410923,-0.911416,-0.021501,-0.745268,0.322242,0.583724,7e-06,2e-05,1.2e-05,0.009749,-0.075509,0.183601,0.497527
18,0.083001,0.021604,0.420066,-0.475962,0.281124,-0.833351,-0.47194,-0.881177,-0.027777,-0.741553,0.379717,0.55312,4e-06,1.2e-05,6e-06,0.0,0.0,0.0,0.509607,-0.097311,-0.042427,0.392557,0.925037,0.15593,0.346385,-0.065047,0.963468,-0.259677,-0.375381,0.217458,0.900924,0.001889,-0.013519,0.024478,-0.070697,0.002902,-0.045578,0.384938,0.030854,0.022622,-0.012748,-0.937415,-0.113173,0.329308,0.028973,-0.96778,-0.250122,0.347005,-0.224927,0.910491,0.000227,-0.002232,0.007063,-0.034297,-0.008153,0.004269,0.303433,0.087437,0.041054,-0.052029,-0.525241,0.255775,-0.811603,-0.410961,-0.911404,-0.021267,-0.745139,0.322367,0.583821,-3e-06,-5e-06,-2e-06,-9.2e-05,-1.3e-05,4.2e-05,0.499813
19,0.082994,0.021539,0.420122,-0.475993,0.281163,-0.833321,-0.4721,-0.881094,-0.027682,-0.741431,0.37988,0.55317,-7e-06,-2.2e-05,-1.1e-05,0.0,0.0,0.0,0.511535,-0.097327,-0.04272,0.393124,0.924993,0.15665,0.346177,-0.066333,0.963694,-0.258509,-0.375263,0.215934,0.90134,0.000916,-0.006617,0.012355,-0.035343,0.001421,-0.022799,0.440272,0.030847,0.022473,-0.01246,-0.9374,-0.113892,0.329102,0.030233,-0.968056,-0.248902,0.346938,-0.223371,0.9109,0.001088,-0.007527,0.011606,-0.069635,-0.006711,-0.018513,0.368422,0.087433,0.041025,-0.052005,-0.525258,0.255819,-0.811578,-0.411113,-0.911338,-0.02119,-0.745043,0.32252,0.583858,-4e-06,-1.2e-05,-6e-06,-5.6e-05,0.0,4.1e-05,0.501773
20,0.082989,0.021481,0.420181,-0.476115,0.281115,-0.833267,-0.472209,-0.881042,-0.027484,-0.741284,0.380036,0.553261,-0.0,-0.0,-0.0,0.0,0.0,0.0,0.512514,-0.097435,-0.042925,0.393665,0.924977,0.157107,0.346013,-0.067294,0.963914,-0.257441,-0.37513,0.214619,0.901709,0.000345,-0.003805,0.014661,-0.03534,0.0014,-0.022805,0.449095,0.030794,0.022361,-0.01219,-0.937399,-0.114369,0.328939,0.031188,-0.96831,-0.247793,0.346855,-0.222023,0.911261,-0.007748,0.001914,0.00246,-0.000994,0.005673,-0.002128,0.407612,0.087431,0.040992,-0.051972,-0.525389,0.255756,-0.811513,-0.41123,-0.91129,-0.020964,-0.744886,0.322705,0.583956,-0.000394,-0.004786,0.004974,-0.034904,0.017073,-0.016215,0.503569
21,0.082989,0.02146,0.420215,-0.47616,0.281106,-0.833244,-0.472272,-0.881011,-0.027403,-0.741214,0.380115,0.5533,-0.000777,-0.009544,0.009963,-0.03486,0.017083,-0.016268,0.512802,-0.097602,-0.04295,0.393932,0.924945,0.157351,0.345988,-0.06772,0.96399,-0.257041,-0.375133,0.214095,0.901832,-0.014138,-0.004845,0.01557,-0.037386,0.016605,-0.052048,0.449792,0.030716,0.022348,-0.012058,-0.937382,-0.11459,0.328912,0.031581,-0.968403,-0.247379,0.346867,-0.221501,0.911383,-0.000148,-0.000368,0.008589,-0.034305,-0.008127,0.00433,0.412511,0.087431,0.040986,-0.051958,-0.525418,0.255751,-0.811496,-0.41128,-0.911269,-0.020905,-0.744838,0.322768,0.583982,3e-06,1.2e-05,6e-06,-3.9e-05,1.3e-05,4.8e-05,0.504386
22,0.082952,0.021433,0.420269,-0.477967,0.278199,-0.833185,-0.467097,-0.883772,-0.027197,-0.743324,0.375828,0.553398,0.0,1e-06,1e-06,0.0,0.0,-0.0,0.513652,-0.097967,-0.042816,0.394362,0.924915,0.157497,0.346003,-0.068061,0.96409,-0.256576,-0.375146,0.213538,0.901959,-0.001804,0.008957,0.007316,0.001059,-0.009513,0.027181,0.455868,0.030529,0.022413,-0.011837,-0.937352,-0.114779,0.328931,0.031957,-0.968515,-0.246893,0.346913,-0.220915,0.911508,-0.000927,0.004566,0.003735,0.001059,-0.009501,0.027146,0.420186,0.087412,0.040969,-0.051927,-0.527036,0.252708,-0.8114,-0.405923,-0.913667,-0.020896,-0.746631,0.318353,0.584116,-4e-06,-9e-06,-4e-06,-0.000168,8e-06,0.000111,0.505529
23,0.082908,0.021416,0.420329,-0.47812,0.278115,-0.833126,-0.467146,-0.883752,-0.026989,-0.743194,0.375936,0.553499,9.6e-05,0.000298,0.00015,0.0,0.0,0.0,0.514604,-0.098084,-0.042523,0.394727,0.925063,0.156769,0.345939,-0.067495,0.964244,-0.256147,-0.374883,0.21338,0.902105,-0.001857,0.009234,0.007516,0.001058,-0.009506,0.027184,0.46495,0.03047,0.022558,-0.011656,-0.937464,-0.114067,0.328858,0.031396,-0.968638,-0.24648,0.34666,-0.220742,0.911645,-0.000946,0.004671,0.003807,0.00106,-0.009508,0.027159,0.428023,0.08739,0.04096,-0.051898,-0.52718,0.252617,-0.811335,-0.405972,-0.913651,-0.020686,-0.746503,0.318474,0.584214,5.8e-05,0.000183,9.5e-05,-0.000111,2.2e-05,8.2e-05,0.507161
24,0.082888,0.021399,0.420354,-0.478203,0.278066,-0.833094,-0.467167,-0.883745,-0.026878,-0.743128,0.37599,0.553551,1e-06,4e-06,2e-06,0.0,0.0,0.0,0.515017,-0.09816,-0.042362,0.394863,0.925526,0.155544,0.34525,-0.067537,0.964976,-0.253364,-0.373726,0.210957,0.903155,-0.001706,0.008489,0.006898,0.001058,-0.009506,0.027184,0.474019,0.030431,0.022644,-0.011584,-0.93787,-0.112794,0.32814,0.031333,-0.969356,-0.243649,0.345568,-0.21823,0.912665,-0.000853,0.004217,0.00343,0.00491,-0.008166,0.026119,0.437658,0.087381,0.040952,-0.051885,-0.527257,0.252563,-0.811301,-0.405991,-0.913644,-0.020574,-0.746438,0.318534,0.584264,-4e-06,-1.1e-05,-4e-06,-8.9e-05,8e-06,6.5e-05,0.507325
25,0.082901,0.021351,0.420384,-0.478258,0.278052,-0.833068,-0.467246,-0.883706,-0.026775,-0.743043,0.376091,0.553597,-0.0,-1e-06,-1e-06,0.0,0.0,0.0,0.515326,-0.098296,-0.042043,0.394892,0.926593,0.148974,0.345287,-0.060645,0.965411,-0.253449,-0.372262,0.213691,0.903117,-0.000752,0.003746,0.003038,0.0,-0.0,0.0,0.482866,0.030362,0.022807,-0.011566,-0.938653,-0.106187,0.328107,0.024417,-0.96949,-0.243907,0.343997,-0.220933,0.912608,-0.001112,0.00656,-0.003526,0.036383,-0.010791,0.049838,0.455783,0.087387,0.040928,-0.05187,-0.527309,0.252547,-0.811273,-0.406072,-0.913611,-0.020468,-0.746358,0.318643,0.584308,0.0,1e-06,1e-06,-5.4e-05,8e-06,5.5e-05,0.508141
26,0.082937,0.021343,0.420379,-0.478184,0.278114,-0.83309,-0.467286,-0.883682,-0.02685,-0.743065,0.376101,0.55356,-0.0,-0.0,-0.0,0.0,0.0,0.0,0.515319,-0.098435,-0.041767,0.39494,0.928007,0.144924,0.343206,-0.06025,0.967537,-0.245309,-0.368778,0.206763,0.906154,-0.002669,0.015361,-0.005248,-0.716966,-0.285042,0.261944,0.477249,0.030295,0.022933,-0.011545,-0.939746,-0.102409,0.326174,0.023753,-0.971332,-0.236534,0.341047,-0.214534,0.915238,-0.000582,0.002877,0.002271,-2.507313,-0.920838,0.734361,0.459049,0.087405,0.040923,-0.051873,-0.52724,0.252615,-0.811297,-0.406117,-0.913589,-0.020541,-0.746382,0.318651,0.584272,-0.0,1e-06,1e-06,-4.7e-05,-4e-06,5.8e-05,0.508631
27,0.082937,0.021343,0.420379,-0.478184,0.278114,-0.83309,-0.467286,-0.883682,-0.02685,-0.743065,0.376101,0.55356,-0.0,-0.0,-0.0,0.0,0.0,0.0,0.515127,-0.098457,-0.041659,0.395054,0.928127,0.144283,0.343153,-0.059691,0.967631,-0.245073,-0.368567,0.20677,0.906238,-0.00125,0.006237,0.005042,-0.0,-0.0,0.0,0.473271,0.030283,0.022991,-0.011491,-0.939945,-0.101448,0.3259,0.023205,-0.971592,-0.235518,0.340535,-0.213811,0.915598,-0.000755,0.003753,0.003037,0.002779,-0.008887,0.02659,0.455293,0.087405,0.040923,-0.051873,-0.52724,0.252615,-0.811297,-0.406117,-0.913589,-0.020541,-0.746382,0.318651,0.584272,-0.0,1e-06,-0.0,-4.6e-05,-6e-06,5.7e-05,0.508958
28,0.082925,0.02133,0.420384,-0.478233,0.278078,-0.833073,-0.467281,-0.883687,-0.02679,-0.743037,0.376116,0.553587,-7e-06,-2.2e-05,-1.1e-05,0.0,0.0,0.0,0.515711,-0.098329,-0.041384,0.395361,0.930939,0.125543,0.342905,-0.040563,0.968831,-0.244245,-0.364046,0.213285,0.906556,0.014067,0.000691,0.016489,-0.031923,-0.014767,0.010108,0.464796,0.030347,0.023132,-0.011336,-0.941951,-0.082582,0.325433,0.003993,-0.971965,-0.23509,0.335724,-0.220144,0.915873,0.007014,0.00044,0.008321,-0.032379,-0.014131,0.009905,0.448761,0.087399,0.040917,-0.05187,-0.527285,0.252576,-0.811279,-0.40611,-0.913594,-0.020481,-0.746353,0.31867,0.584298,-0.0,-4e-06,-2e-06,-3.9e-05,1.5e-05,5e-05,0.508958
29,0.0829,0.021337,0.420399,-0.478288,0.27804,-0.833054,-0.467273,-0.883693,-0.026726,-0.743006,0.37613,0.55362,-0.000629,-0.009085,0.010197,-0.034862,0.017077,-0.016269,0.51514,-0.098084,-0.041093,0.395677,0.932925,0.101807,0.345367,-0.015881,0.969941,-0.242687,-0.360862,0.220771,0.906037,0.012604,0.009941,0.006277,0.006447,-0.023133,0.070352,0.438198,0.03047,0.023277,-0.011177,-0.942904,-0.058706,0.327847,-0.020828,-0.972023,-0.233957,0.332409,-0.227428,0.915303,0.006306,0.004949,0.003115,0.011517,-0.043239,0.0625,0.425411,0.087386,0.040923,-0.051867,-0.527323,0.252541,-0.811266,-0.406087,-0.913605,-0.020443,-0.746339,0.318665,0.584318,0.000102,0.000324,0.000164,-4.3e-05,-3e-06,3.6e-05,0.509121
30,0.0829,0.021323,0.420426,-0.479956,0.2752,-0.833038,-0.462082,-0.88642,-0.026669,-0.74517,0.371784,0.553647,1e-06,2e-06,1e-06,0.0,0.0,-0.0,0.515277,-0.097922,-0.040944,0.395998,0.932928,0.079135,0.351248,0.009241,0.970009,-0.242757,-0.361095,0.229596,0.903748,0.013111,0.007372,0.004203,-0.014212,0.059688,0.069541,0.424599,0.030544,0.023353,-0.011015,-0.941998,-0.036007,0.333678,-0.045952,-0.971027,-0.234508,0.332454,-0.236239,0.913052,0.00016,-0.001833,0.007336,-0.037211,0.04441,0.067633,0.400427,0.087387,0.040914,-0.051849,-0.528809,0.249575,-0.811216,-0.400719,-0.915969,-0.020585,-0.748187,0.314184,0.584382,-4e-06,-8e-06,-2e-06,-0.000318,3.7e-05,-3.8e-05,0.509284
31,0.082896,0.021294,0.420444,-0.480017,0.275167,-0.833014,-0.462114,-0.886406,-0.026578,-0.745111,0.371842,0.553688,-5e-05,-0.000155,-7.8e-05,0.0,0.0,-0.0,0.515309,-0.097836,-0.0409,0.396167,0.932291,0.068366,0.355178,0.022978,0.968842,-0.246474,-0.362132,0.237835,0.901198,0.013029,0.007751,0.004502,0.577262,-0.376531,1.57091,0.420379,0.030588,0.023372,-0.010933,-0.940889,-0.026933,0.337639,-0.057843,-0.969413,-0.23852,0.333736,-0.243952,0.910553,0.00013,-0.002305,0.006988,1.927094,-1.409168,5.154169,0.392916,0.087384,0.040899,-0.05184,-0.528866,0.249539,-0.81119,-0.400752,-0.915956,-0.020491,-0.748128,0.31425,0.584422,-3.2e-05,-0.000101,-5.1e-05,-0.000166,9e-06,0.0001,0.509284
32,0.082908,0.021239,0.420482,-0.480087,0.275147,-0.83298,-0.462207,-0.886361,-0.026451,-0.745008,0.371963,0.553744,-1e-06,-2e-06,-1e-06,0.0,0.0,0.0,0.515815,-0.097492,-0.040977,0.396501,0.929315,0.041629,0.366924,0.058556,0.96449,-0.257416,-0.365777,0.260628,0.893389,0.015465,-0.006355,0.010805,0.035716,0.013909,0.242239,0.411915,0.030758,0.023345,-0.010764,-0.937044,0.001269,0.349207,-0.094597,-0.963526,-0.250336,0.336153,-0.26761,0.902987,0.007061,0.001168,7.6e-05,0.272672,0.091548,0.112519,0.380179,0.08739,0.040871,-0.051821,-0.528931,0.249517,-0.811154,-0.40085,-0.915917,-0.02036,-0.74803,0.314382,0.584476,0.006003,-0.001461,-0.000928,0.000874,-0.014732,0.029609,0.509121
33,0.082927,0.02122,0.420506,-0.48008,0.275174,-0.832975,-0.462277,-0.886325,-0.026432,-0.744969,0.372028,0.553753,4e-06,1.2e-05,6e-06,0.0,0.0,0.0,0.515924,-0.097,-0.041294,0.396618,0.92656,0.022094,0.375486,0.090493,0.955912,-0.279243,-0.366265,0.29266,0.883212,0.015388,-0.003774,-0.004749,3.109927,0.492651,0.710321,0.410243,0.031003,0.023194,-0.010699,-0.934026,0.016464,0.356823,-0.120057,-0.955293,-0.270186,0.336422,-0.2952,0.894246,0.00853,-0.007038,0.002302,0.017683,0.064501,-0.234082,0.373321,0.0874,0.040862,-0.051809,-0.528926,0.249547,-0.811149,-0.400925,-0.915884,-0.020338,-0.747994,0.314453,0.584485,-1e-06,2e-06,1e-06,-6.6e-05,-9e-06,4.6e-05,0.509611
34,0.082951,0.021206,0.420498,-0.48004,0.275206,-0.832987,-0.462298,-0.886313,-0.026471,-0.744982,0.372034,0.553732,-4.3e-05,-0.000132,-6.6e-05,0.0,0.0,0.0,0.516959,-0.096764,-0.041503,0.396624,0.92593,0.02644,0.376757,0.088812,0.954387,-0.284941,-0.368268,0.297236,0.880847,0.015644,-0.004965,-0.005716,-0.004308,0.060152,-0.186256,0.410006,0.031122,0.023081,-0.010696,-0.933347,0.01663,0.358589,-0.124014,-0.95236,-0.278623,0.336873,-0.304522,0.890944,0.008546,-0.007082,0.00226,-0.041812,-0.010496,-0.021052,0.371688,0.087412,0.040855,-0.051813,-0.528888,0.249583,-0.811162,-0.40095,-0.915873,-0.020376,-0.748008,0.314459,0.584464,-2.3e-05,-6.8e-05,-3.5e-05,-5.5e-05,1.4e-05,4.1e-05,0.510591
35,0.082985,0.02119,0.420488,-0.479982,0.275254,-0.833005,-0.46233,-0.886295,-0.026529,-0.745,0.372042,0.553702,-4e-06,-1.4e-05,-7e-06,0.0,0.0,0.0,0.517191,-0.096208,-0.041849,0.396631,0.925821,0.031961,0.376596,0.083591,0.954482,-0.2862,-0.369764,0.296382,0.880509,0.016573,-0.011521,0.006631,-0.040303,0.051039,-0.181458,0.409964,0.031408,0.022898,-0.010702,-0.933497,0.010978,0.358414,-0.118594,-0.952734,-0.2797,0.338403,-0.303606,0.890677,0.008288,-0.005764,0.003305,-0.040851,0.051107,-0.182068,0.371688,0.087429,0.040847,-0.051818,-0.528834,0.249634,-0.811182,-0.400985,-0.915856,-0.020433,-0.748027,0.314467,0.584435,1e-06,3e-06,0.0,-3.9e-05,1.3e-05,4.9e-05,0.511244
36,0.083021,0.021181,0.420483,-0.479908,0.275316,-0.833027,-0.46237,-0.886272,-0.026605,-0.745023,0.372052,0.553666,-0.0,-0.0,-0.0,0.0,0.0,0.0,0.517341,-0.095715,-0.041967,0.396651,0.9262,0.021576,0.376405,0.0942,0.953511,-0.286141,-0.366243,0.300427,0.880609,0.014532,0.000569,-0.001284,0.007099,-0.019048,0.041071,0.409892,0.031654,0.022836,-0.010693,-0.93343,0.021367,0.358122,-0.129151,-0.95131,-0.279869,0.334705,-0.30749,0.890742,0.007249,0.000382,-0.000572,0.006527,-0.018486,0.040721,0.371852,0.087447,0.040842,-0.051821,-0.528765,0.249702,-0.811206,-0.40103,-0.915835,-0.020506,-0.748052,0.314475,0.584399,0.006002,-0.001463,-0.00093,0.000937,-0.014721,0.029592,0.511244
37,0.083024,0.021196,0.420479,-0.481499,0.27249,-0.833038,-0.457109,-0.888995,-0.026647,-0.747235,0.367615,0.553647,3e-06,1e-05,5e-06,0.0,0.0,-0.0,0.517448,-0.095475,-0.04202,0.39662,0.926288,0.019713,0.376288,0.095807,0.953546,-0.285491,-0.365599,0.300446,0.88087,0.014315,0.001633,-0.000428,0.002045,-0.015205,0.029245,0.40972,0.031769,0.02281,-0.010708,-0.933435,0.023187,0.357995,-0.130731,-0.951276,-0.279254,0.334077,-0.307466,0.890985,0.000109,-0.000518,-0.000423,0.006821,-0.06482,0.187339,0.372015,0.087448,0.04085,-0.051823,-0.530163,0.246762,-0.811193,-0.395583,-0.918194,-0.020774,-0.74996,0.309881,0.584408,0.0,1e-06,-0.0,-0.000262,2.1e-05,4.1e-05,0.511407
38,0.083015,0.021198,0.42048,-0.481517,0.272474,-0.833033,-0.457099,-0.889001,-0.026628,-0.747229,0.367613,0.553657,0.0,0.0,0.0,0.0,0.0,-0.0,0.517324,-0.095438,-0.042042,0.396638,0.926311,0.019264,0.376257,0.096171,0.953572,-0.285281,-0.365447,0.300393,0.880952,1.1e-05,-5.3e-05,-4.3e-05,-0.0,0.0,0.0,0.407073,0.031793,0.0228,-0.010699,-0.933439,0.023651,0.357955,-0.131111,-0.951285,-0.279045,0.333918,-0.307403,0.891067,-1.6e-05,7.7e-05,5.9e-05,-0.000148,0.000129,-0.000407,0.371525,0.087444,0.040851,-0.051822,-0.530179,0.246746,-0.811187,-0.395576,-0.918198,-0.020755,-0.749952,0.309883,0.584417,-0.006002,0.001464,0.000927,-0.001145,0.014729,-0.029435,0.511407
39,0.083015,0.021198,0.42048,-0.481517,0.272474,-0.833033,-0.457099,-0.889001,-0.026628,-0.747229,0.367613,0.553657,0.0,0.0,0.0,0.0,0.0,0.0,0.517453,-0.095342,-0.042177,0.396864,0.926383,0.018697,0.376106,0.09639,0.953776,-0.284525,-0.365204,0.299782,0.88126,0.001336,-0.008618,0.010708,-0.035267,0.001121,-0.022933,0.385056,0.03184,0.022737,-0.010589,-0.933482,0.024223,0.357802,-0.131366,-0.951465,-0.278309,0.333695,-0.3068,0.891358,-6.6e-05,0.000302,0.000241,0.006869,-0.064764,0.187602,0.356829,0.087444,0.040851,-0.051822,-0.530177,0.24675,-0.811187,-0.395582,-0.918195,-0.020754,-0.74995,0.309888,0.584417,1e-06,-3e-06,0.0,-0.000107,1.3e-05,7.7e-05,0.512223
40,0.083015,0.021198,0.42048,-0.481517,0.272474,-0.833033,-0.457099,-0.889001,-0.026628,-0.747229,0.367613,0.553657,-0.000152,-0.000471,-0.000237,0.0,0.0,0.0,0.517329,-0.095162,-0.042374,0.397243,0.926202,0.019343,0.37652,0.096529,0.953285,-0.286118,-0.365628,0.301296,0.880567,0.015071,-0.004198,0.012528,-0.033215,-0.014118,0.006298,0.353035,0.031925,0.022636,-0.010401,-0.933335,0.023532,0.358234,-0.131421,-0.950981,-0.279934,0.334087,-0.308351,0.890676,0.00043,-0.0032,0.006247,-0.036357,-0.008985,0.004676,0.322048,0.087444,0.040852,-0.051821,-0.530176,0.246753,-0.811187,-0.395586,-0.918193,-0.020755,-0.749948,0.309891,0.584417,-0.000102,-0.000321,-0.00016,-6.9e-05,-5e-06,4.1e-05,0.512387
41,0.083015,0.021198,0.42048,-0.481517,0.272474,-0.833033,-0.457099,-0.889001,-0.026628,-0.747229,0.367613,0.553657,-3e-06,-8e-06,-4e-06,0.0,0.0,0.0,0.51711,-0.095048,-0.042429,0.39745,0.926259,0.019089,0.376393,0.096531,0.95344,-0.285601,-0.365483,0.300823,0.88079,0.013383,0.006081,0.003158,0.002045,-0.015205,0.029245,0.322701,0.031983,0.022604,-0.010294,-0.933382,0.023773,0.358095,-0.131411,-0.951144,-0.279382,0.333959,-0.307828,0.890905,0.000267,-0.002421,0.006875,-0.034572,-0.008328,0.004204,0.296248,0.087444,0.040851,-0.051822,-0.530176,0.246753,-0.811187,-0.395587,-0.918193,-0.020754,-0.749948,0.309892,0.584417,0.0,-3e-06,-2e-06,-4.6e-05,9e-06,5.9e-05,0.512387
42,0.083039,0.021184,0.420472,-0.481477,0.272507,-0.833045,-0.457121,-0.888988,-0.026667,-0.747242,0.367619,0.553636,-1e-06,-2e-06,-1e-06,0.0,0.0,0.0,0.517936,-0.094848,-0.042327,0.397836,0.926356,0.018261,0.376196,0.096982,0.953635,-0.284796,-0.365117,0.300257,0.881134,0.012472,0.010355,0.006591,0.003036,-0.024539,0.056491,0.230268,0.032084,0.02265,-0.010106,-0.93344,0.024577,0.357889,-0.131861,-0.951315,-0.278589,0.333619,-0.307238,0.891236,-0.000829,0.003911,0.003144,0.000959,-0.0093,0.02714,0.196151,0.087456,0.040844,-0.051826,-0.530139,0.246788,-0.811201,-0.395612,-0.918182,-0.020793,-0.749962,0.309898,0.584396,3e-06,7e-06,4e-06,-4.2e-05,5e-06,5e-05,0.512224
43,0.083092,0.021178,0.420445,-0.481352,0.272598,-0.833088,-0.457145,-0.888972,-0.026812,-0.747308,0.367592,0.553565,-0.000415,-0.001284,-0.000647,0.0,0.0,0.0,0.519315,-0.094721,-0.042007,0.398162,0.926425,0.017031,0.376082,0.097986,0.953692,-0.284259,-0.364671,0.300147,0.881357,-0.001902,0.009,0.007221,0.000989,-0.00933,0.027247,0.143867,0.032148,0.022809,-0.009943,-0.933455,0.025783,0.357765,-0.132855,-0.951326,-0.278078,0.333181,-0.307105,0.891446,-0.00098,0.004616,0.003703,0.00097,-0.009318,0.027172,0.087073,0.087483,0.040844,-0.051838,-0.530022,0.246889,-0.811247,-0.395643,-0.918165,-0.020937,-0.750028,0.309867,0.584328,-0.000243,-0.000752,-0.000382,-0.001507,0.010911,-0.026591,0.51304
44,0.083129,0.021183,0.420425,-0.481248,0.272673,-0.833123,-0.457159,-0.888961,-0.026937,-0.747367,0.367561,0.553505,-6e-06,-1.9e-05,-9e-06,0.0,0.0,0.0,0.519522,-0.094755,-0.041844,0.398292,0.926431,0.016811,0.376079,0.098182,0.953694,-0.284187,-0.364605,0.300156,0.881382,-0.001692,0.008007,0.006415,0.000989,-0.00933,0.027247,0.104944,0.032135,0.022895,-0.009875,-0.933452,0.026026,0.357755,-0.133072,-0.951317,-0.278004,0.333103,-0.307111,0.891473,-0.000802,0.003777,0.003027,0.000969,-0.009316,0.027192,0.028615,0.087501,0.040843,-0.05185,-0.529924,0.246972,-0.811285,-0.395663,-0.918154,-0.021061,-0.750086,0.309835,0.58427,-1e-06,0.0,0.0,-3e-05,-4e-06,4.2e-05,0.513856
45,0.083161,0.021166,0.420404,-0.48119,0.272712,-0.833144,-0.457167,-0.888954,-0.027003,-0.747398,0.367549,0.553471,-7e-05,-0.000216,-0.000109,0.0,0.0,0.0,0.520414,-0.095018,-0.041633,0.398448,0.92747,0.016907,0.373504,0.097614,0.953437,-0.285242,-0.362099,0.300965,0.882138,-0.00107,0.00508,0.00406,0.000692,-0.002534,-0.000894,0.030293,0.032002,0.023009,-0.009791,-0.934506,0.025981,0.354997,-0.132464,-0.951082,-0.279097,0.33038,-0.307843,0.892233,-0.000614,0.002902,0.002323,-0.002648,0.004932,0.033266,-0.076544,0.087517,0.040835,-0.05186,-0.52987,0.247016,-0.811308,-0.395676,-0.918147,-0.021126,-0.750118,0.309821,0.584237,-4.1e-05,-0.000126,-6.5e-05,-4.1e-05,-1e-06,1e-05,0.514673
46,0.083183,0.021145,0.420392,-0.481165,0.27273,-0.833152,-0.45718,-0.888947,-0.027025,-0.747407,0.367553,0.553457,-2.7e-05,-8.3e-05,-4.2e-05,0.0,0.0,0.0,0.520877,-0.095242,-0.041401,0.398602,0.930894,0.016151,0.364921,0.095572,0.953512,-0.285684,-0.353739,0.300771,0.885589,-0.001268,0.006038,0.004814,0.025809,-0.060837,-0.201688,-0.132698,0.031891,0.023122,-0.009717,-0.937807,0.026895,0.346111,-0.130443,-0.951236,-0.279523,0.321716,-0.307286,0.895585,-0.00759,0.001341,0.001932,0.030355,-0.099553,-0.037952,-0.201135,0.087528,0.040824,-0.051866,-0.529846,0.247035,-0.811317,-0.395691,-0.91814,-0.021148,-0.750127,0.309825,0.584223,-9e-06,-3.2e-05,-1.6e-05,-2.3e-05,1.1e-05,2.1e-05,0.515653
