frame,MLTx,MLTy,MLTz,MLTR1,MLTR2,MLTR3,MLTR4,MLTR5,MLTR6,MLTR7,MLTR8,MLTR9,MLTTVx,MLTTVy,MLTTVz,MLTRVx,MLTRVy,MLTRVz,MLGA,MRTx,MRTy,MRTz,MRTR1,MRTR2,MRTR3,MRTR4,MRTR5,MRTR6,MRTR7,MRTR8,MRTR9,MRTTVx,MRTTVy,MRTTVz,MRTRVx,MRTRVy,MRTRVz,MRGA,SLTx,SLTy,SLTz,SLTR1,SLTR2,SLTR3,SLTR4,SLTR5,SLTR6,SLTR7,SLTR8,SLTR9,SLTTVx,SLTTVy,SLTTVz,SLTRVx,SLTRVy,SLTRVz,SLGA,SRTx,SRTy,SRTz,SRTR1,SRTR2,SRTR3,SRTR4,SRTR5,SRTR6,SRTR7,SRTR8,SRTR9,SRTTVx,SRTTVy,SRTTVz,SRTRVx,SRTRVy,SRTRVz,SRGA
1723,0.197301,0.087295,0.353128,-0.943368,0.151038,-0.29545,-0.268162,-0.871507,0.410533,-0.19431,0.466319,0.863029,0.044199,-0.002559,-0.015864,0.038771,-0.054014,0.113347,-1.487228,-0.072487,0.075414,0.329198,0.795502,0.035438,0.604907,-0.328528,0.863927,0.38162,-0.510057,-0.502353,0.698103,0.000218,-0.000612,-0.00045,-0.004187,0.003425,0.003142,0.533126,0.054137,0.053925,-0.018322,-0.69311,-0.118929,0.710952,0.434226,-0.856144,0.280111,0.575365,0.502862,0.645045,-0.001283,0.005409,-0.003783,0.048603,-0.014178,0.011979,0.517343,0.136563,0.065951,-0.064552,-0.877946,0.348148,-0.328637,-0.457624,-0.811948,0.362379,-0.140675,0.468542,0.872168,0.021818,0.004128,-0.011817,0.076998,-0.052358,0.112982,-0.802266
1724,0.198211,0.087306,0.352787,-0.944904,0.14634,-0.292894,-0.263015,-0.8721,0.412598,-0.19388,0.466714,0.862911,0.044214,-0.001669,-0.015439,-0.081346,0.095817,-0.05078,-1.482295,-0.072514,0.075531,0.32911,0.795579,0.035269,0.604815,-0.328161,0.864135,0.381464,-0.510174,-0.502005,0.698267,0.000299,-0.000838,-0.000616,-5.2e-05,4.3e-05,3.9e-05,0.533314,0.054124,0.05398,-0.018363,-0.693222,-0.11892,0.710845,0.433872,-0.856413,0.279842,0.575498,0.502408,0.645281,0.000229,-0.000632,-0.000463,0.002813,-0.002294,-0.002085,0.517343,0.137018,0.065956,-0.064723,-0.880424,0.343853,-0.326524,-0.452944,-0.813626,0.364491,-0.140337,0.468804,0.872082,0.022134,-0.001204,-0.007937,-0.401951,0.403851,-0.338453,-0.800796
1725,0.199882,0.087064,0.352411,-0.945835,0.13756,-0.294143,-0.255521,-0.874341,0.412564,-0.199254,0.465201,0.862504,0.033716,-0.009283,-0.005791,0.488513,-0.694273,-1.387913,-1.476557,-0.072533,0.075596,0.328995,0.795564,0.035177,0.604841,-0.327927,0.864317,0.381253,-0.510349,-0.501698,0.69836,-0.01092,-0.005622,-0.002572,-0.005201,0.032379,-0.052168,0.533452,0.054118,0.05402,-0.018421,-0.693251,-0.118823,0.710832,0.433563,-0.856633,0.279645,0.575695,0.502055,0.64538,0.000205,-0.000572,-0.000421,6.3e-05,-3.7e-05,-2.4e-05,0.517507,0.137858,0.065834,-0.064917,-0.882493,0.337078,-0.327997,-0.447448,-0.816563,0.36471,-0.144895,0.468616,0.871437,0.022318,-0.003262,-0.002418,1.628379,-2.340786,-4.646454,-0.79802
1726,0.20093,0.086626,0.352381,-0.945374,0.134087,-0.297211,-0.253698,-0.875157,0.411959,-0.203694,0.464685,0.861744,0.023156,-0.016401,0.00414,-0.026514,-0.134508,0.201297,-1.473749,-0.072506,0.075521,0.32894,0.795345,0.035327,0.60512,-0.328193,0.864285,0.381096,-0.510518,-0.501743,0.698204,0.000652,-0.001831,-0.001347,-0.0,0.0,0.0,0.533358,0.054127,0.053978,-0.018451,-0.692954,-0.118993,0.711094,0.433831,-0.856569,0.279428,0.575851,0.502125,0.645186,0.000404,-0.001128,-0.00083,1.3e-05,6e-06,1.3e-05,0.517507,0.138386,0.065616,-0.064936,-0.883225,0.332044,-0.331148,-0.444272,-0.818516,0.364215,-0.150115,0.468803,0.870452,0.006061,-0.008799,0.001935,-0.036209,0.014567,-0.011368,-0.796551
1727,0.201196,0.086351,0.352451,-0.945684,0.129209,-0.298385,-0.249787,-0.876239,0.412048,-0.207042,0.464034,0.861297,0.01204,-0.015864,0.004787,-0.028554,-0.10282,0.148483,-1.474656,-0.072487,0.075466,0.3289,0.795247,0.035394,0.605244,-0.328312,0.864271,0.381026,-0.510594,-0.501763,0.698134,0.000941,-0.002641,-0.001945,-0.0,0.0,0.0,0.53317,0.054137,0.053953,-0.01847,-0.692835,-0.119059,0.711198,0.433937,-0.856543,0.279342,0.575914,0.502154,0.645107,0.000554,-0.001549,-0.001142,-0.003146,0.017177,-0.022905,0.517507,0.138523,0.065481,-0.064901,-0.884426,0.327392,-0.332571,-0.440705,-0.820354,0.364413,-0.153521,0.468862,0.869826,0.000443,-0.007521,0.002774,-0.036054,0.012474,-0.017713,-0.796224
1728,0.201139,0.085893,0.352687,-0.945686,0.124533,-0.300357,-0.246549,-0.876946,0.412494,-0.210854,0.463983,0.860399,-0.010432,-0.011448,0.007779,-0.029465,-0.090122,0.112817,-1.474545,-0.072446,0.075384,0.328815,0.79509,0.035483,0.605445,-0.328464,0.864274,0.380888,-0.51074,-0.501752,0.698035,0.000684,-0.001919,-0.001414,-0.0,0.0,0.0,0.533338,0.054158,0.053909,-0.018514,-0.692645,-0.119146,0.711369,0.434067,-0.856528,0.279184,0.576044,0.502158,0.644988,-0.001018,0.004657,-0.004335,0.036087,-0.003965,0.02132,0.517507,0.138504,0.065247,-0.064786,-0.885249,0.322915,-0.334751,-0.43774,-0.821698,0.364959,-0.157214,0.469614,0.868761,-0.005238,-0.005349,0.004075,-0.029679,-0.089624,0.113583,-0.798347
1729,0.200669,0.085518,0.35302,-0.945153,0.116883,-0.305071,-0.240675,-0.88064,0.408068,-0.219788,0.45896,0.860857,-0.021734,-0.008309,0.00975,0.147178,0.341418,0.165884,-1.473224,-0.072424,0.075358,0.32876,0.795026,0.035499,0.605528,-0.328485,0.864303,0.380803,-0.510826,-0.5017,0.698009,0.000335,-0.00094,-0.000693,-0.0,0.0,0.0,0.533515,0.054169,0.053896,-0.018542,-0.692568,-0.119162,0.711441,0.434077,-0.856552,0.279095,0.576129,0.502113,0.644947,0.000228,-0.00064,-0.000472,1.3e-05,-8e-06,2.5e-05,0.517343,0.138273,0.065059,-0.06462,-0.886167,0.31394,-0.340805,-0.431806,-0.826297,0.361629,-0.168076,0.467626,0.867799,-0.010856,-0.004431,0.004737,0.327123,0.558969,0.197302,-0.800959
1730,0.199737,0.085074,0.353562,-0.944248,0.105508,-0.311943,-0.232201,-0.885083,0.403339,-0.232368,0.453149,0.860632,-0.021243,-0.016475,0.018845,-0.067337,0.029459,-0.083435,-1.473113,-0.072465,0.075374,0.328741,0.794994,0.035515,0.605569,-0.328479,0.864339,0.380727,-0.51088,-0.501636,0.698015,0.0,-0.0,-0.0,-0.0,0.0,0.0,0.533363,0.054149,0.053903,-0.018552,-0.69253,-0.119178,0.711476,0.434061,-0.856585,0.279018,0.576187,0.502053,0.644941,-1.3e-05,3.9e-05,2.9e-05,6e-06,1.3e-05,2.3e-05,0.517507,0.137806,0.064841,-0.064352,-0.886959,0.304504,-0.347245,-0.425067,-0.832243,0.355932,-0.18061,0.4633,0.867601,-0.016518,-0.002696,0.005813,-0.029006,0.022779,-0.12494,-0.801776
1731,0.199092,0.084834,0.353899,-0.942525,0.105466,-0.317128,-0.233664,-0.886439,0.399498,-0.237811,0.450502,0.860536,-0.032433,-0.015426,0.019758,-0.061552,0.035993,-0.091051,-1.471479,-0.072496,0.075382,0.328739,0.794974,0.035534,0.605594,-0.328492,0.864351,0.38069,-0.510903,-0.501615,0.698014,-5.9e-05,0.000165,0.000121,-0.0,0.0,0.0,0.533602,0.054133,0.053907,-0.018553,-0.692505,-0.119196,0.711497,0.43407,-0.856594,0.278979,0.576211,0.502034,0.644935,-4.3e-05,0.000123,9.2e-05,1.1e-05,-1e-06,2.2e-05,0.517507,0.137488,0.064722,-0.064184,-0.885004,0.304279,-0.352393,-0.426598,-0.833143,0.351973,-0.186496,0.461828,0.86714,-0.021784,-0.007879,0.009997,-0.039448,0.021594,-0.097924,-0.801286
1732,0.197451,0.084226,0.354741,-0.939601,0.094191,-0.329127,-0.226364,-0.892224,0.390727,-0.255685,0.441508,0.860072,-0.054187,-0.024867,0.028996,-0.106828,0.071367,-0.153116,-1.463645,-0.07257,0.075382,0.328702,0.794648,0.040314,0.605723,-0.333674,0.862431,0.380537,-0.508038,-0.504558,0.697984,-0.002747,0.011305,-0.007201,0.036078,-0.003994,0.021296,0.533143,0.054097,0.053904,-0.018568,-0.691861,-0.123963,0.711308,0.43908,-0.854292,0.278194,0.57318,0.504793,0.645482,6.2e-05,-0.000172,-0.000125,-0.000127,0.000329,0.000219,0.517507,0.136676,0.064421,-0.063766,-0.883779,0.293041,-0.364774,-0.420196,-0.840016,0.34323,-0.205836,0.456617,0.865524,-0.021842,-0.006931,0.010493,-0.072019,0.06313,-0.1285,-0.800633
1733,0.195313,0.083367,0.355873,-0.936219,0.079619,-0.342346,-0.216665,-0.897716,0.38358,-0.275627,0.433185,0.858142,-0.05438,-0.021416,0.030776,-0.109183,0.18125,-0.326826,-1.443711,-0.072657,0.075311,0.328617,0.794383,0.040514,0.606057,-0.33395,0.862447,0.380258,-0.50827,-0.504513,0.697847,0.001008,-0.002833,-0.002091,-0.003157,0.017184,-0.022915,0.526283,0.054051,0.053877,-0.01861,-0.691561,-0.124134,0.71157,0.439268,-0.854297,0.277883,0.573397,0.504744,0.645327,0.000327,-0.000914,-0.000673,6e-05,4.1e-05,6e-05,0.517507,0.135607,0.063991,-0.063202,-0.882658,0.278517,-0.378604,-0.411527,-0.847099,0.336253,-0.227063,0.452603,0.862317,-0.032761,-0.011197,0.015359,-0.091849,0.09455,-0.245953,-0.799
1734,0.19399,0.082841,0.356568,-0.93316,0.073832,-0.351861,-0.21327,-0.901615,0.376269,-0.288304,0.426064,0.857542,-0.076143,-0.032871,0.039063,0.296593,-0.430217,0.157661,-1.438708,-0.07276,0.075329,0.328527,0.794234,0.040586,0.606248,-0.333975,0.862561,0.379979,-0.508487,-0.504314,0.697833,-0.011056,-0.00528,-0.002326,-0.002045,0.015205,-0.029245,0.524478,0.054005,0.05388,-0.018654,-0.691374,-0.124211,0.711739,0.439281,-0.85438,0.277607,0.573614,0.504584,0.64526,0.000445,-0.001244,-0.000917,-0.003108,0.017224,-0.022861,0.517507,0.134978,0.063745,-0.062871,-0.881318,0.272327,-0.386153,-0.407849,-0.851085,0.330625,-0.238611,0.448878,0.861146,-0.032816,-0.010024,0.015962,-0.058914,0.036224,-0.313955,-0.798347
1735,0.190905,0.081644,0.358193,-0.92798,0.066104,-0.366781,-0.208949,-0.907241,0.365001,-0.307478,0.415265,0.856177,-0.087034,-0.040488,0.049004,0.254629,-0.419599,0.148146,-1.433763,-0.073063,0.075659,0.328228,0.79411,0.0404,0.606423,-0.333293,0.863198,0.379129,-0.509129,-0.503237,0.698142,-0.002561,0.010804,-0.007561,0.036095,-0.004059,0.021254,0.517429,0.053856,0.054039,-0.018802,-0.691228,-0.124038,0.711911,0.438546,-0.855007,0.276836,0.574351,0.503563,0.645401,-0.002641,0.011041,-0.007382,0.072225,-0.008085,0.042554,0.514567,0.133416,0.063138,-0.062048,-0.876445,0.264295,-0.402481,-0.404631,-0.857359,0.318131,-0.26099,0.441681,0.858371,-0.038221,-0.014249,0.020707,1.297858,-1.636864,1.022488,-0.808144
1736,0.18749,0.080228,0.360044,-0.921475,0.053195,-0.384837,-0.199611,-0.914689,0.351386,-0.33217,0.40054,0.853966,-0.087285,-0.038981,0.049932,-0.057951,0.086157,-0.313142,-1.416673,-0.07341,0.076172,0.32782,0.793961,0.040075,0.60664,-0.33226,0.864107,0.377963,-0.510038,-0.5017,0.698585,-0.002442,0.010476,-0.00779,0.036111,-0.004109,0.021218,0.516322,0.053683,0.054293,-0.019002,-0.69106,-0.123724,0.712129,0.437436,-0.855915,0.275788,0.5754,0.502097,0.64561,-0.001117,0.00496,-0.004096,0.036134,-0.004092,0.021256,0.510975,0.131745,0.062447,-0.06114,-0.87156,0.25113,-0.421089,-0.396585,-0.866087,0.304324,-0.288275,0.432234,0.854441,-0.043671,-0.019577,0.024965,1.273555,-1.653582,1.002663,-0.811083
1737,0.185693,0.079468,0.360994,-0.917246,0.044667,-0.395866,-0.193991,-0.918032,0.345769,-0.346835,0.393889,0.851225,-0.098573,-0.039133,0.050332,0.158404,-0.410368,-0.121953,-1.410476,-0.073604,0.076404,0.327602,0.793858,0.039944,0.606782,-0.331783,0.864558,0.377351,-0.510508,-0.500934,0.698792,-0.013663,0.005729,-0.009724,0.030892,0.028349,-0.030885,0.516401,0.053578,0.054422,-0.019119,-0.690955,-0.123571,0.712256,0.436839,-0.856411,0.275193,0.575979,0.501288,0.645722,-0.006821,0.002859,-0.00486,0.030905,0.028348,-0.030829,0.510485,0.130814,0.062054,-0.060646,-0.86865,0.242465,-0.432037,-0.391584,-0.87023,0.298931,-0.303492,0.428845,0.850872,-0.049322,-0.0197,0.025146,1.114316,-1.864974,1.008209,-0.808634
1738,0.181718,0.077863,0.363091,-0.908946,0.041657,-0.414883,-0.193465,-0.923573,0.330992,-0.368258,0.381062,0.84806,-0.109731,-0.048221,0.059774,0.205419,-0.283167,-0.081556,-1.405781,-0.074026,0.076798,0.327133,0.793567,0.039779,0.607174,-0.330967,0.865432,0.37606,-0.511491,-0.499433,0.699147,-0.013151,0.004308,-0.010767,0.0309,0.02833,-0.030893,0.514663,0.053372,0.054618,-0.019349,-0.690642,-0.123396,0.71259,0.435892,-0.857269,0.274017,0.57707,0.499861,0.645854,-0.006702,0.002535,-0.005095,0.034102,0.011031,-0.008057,0.509669,0.128831,0.061254,-0.059601,-0.860211,0.238136,-0.450918,-0.391216,-0.875375,0.28402,-0.327088,0.420724,0.84617,-0.055052,-0.018354,0.026096,1.239396,-1.64102,0.950558,-0.807491
1739,0.177516,0.076081,0.365319,-0.898969,0.023457,-0.437434,-0.176965,-0.932927,0.31353,-0.399624,0.35923,0.843375,-0.110216,-0.049757,0.059368,2.3259,-1.617325,-5.042684,-1.370378,-0.074375,0.077013,0.326657,0.793067,0.039832,0.607823,-0.330596,0.866129,0.374782,-0.512507,-0.498221,0.699268,-0.012436,0.002284,-0.012264,0.030906,0.028312,-0.030902,0.510765,0.053201,0.054726,-0.019581,-0.690056,-0.123444,0.71315,0.43539,-0.857916,0.272789,0.578149,0.498738,0.645757,-0.000258,0.002535,-0.005879,0.032948,0.013108,-0.001621,0.506403,0.12673,0.060368,-0.058485,-0.851447,0.22432,-0.474042,-0.381436,-0.885232,0.266214,-0.359921,0.407484,0.839292,-0.055154,-0.025282,0.029551,0.258168,-0.454047,0.116781,-0.809124
1740,0.173178,0.074082,0.36766,-0.884546,0.005175,-0.466472,-0.163692,-0.939819,0.299861,-0.43575,0.341587,0.832746,-0.110743,-0.049113,0.06005,-0.016944,-0.561581,-0.2428,-1.310087,-0.074597,0.076967,0.32626,0.792528,0.040067,0.608512,-0.330695,0.866501,0.373833,-0.513279,-0.497554,0.699176,0.002757,-0.007867,-0.005843,-0.003203,0.017375,-0.022764,0.506341,0.05308,0.054707,-0.019787,-0.689391,-0.123675,0.713752,0.435348,-0.858259,0.271774,0.578974,0.49809,0.645519,-0.005889,0.000211,-0.00682,0.030915,0.028316,-0.030899,0.502321,0.124561,0.059366,-0.057316,-0.841171,0.200011,-0.50242,-0.364104,-0.896409,0.25274,-0.399824,0.395531,0.826858,-0.055426,-0.024998,0.029876,0.795403,-2.055441,0.689838,-0.798347
1741,0.170973,0.073061,0.368887,-0.877198,-0.008487,-0.480102,-0.150854,-0.944367,0.29221,-0.454784,0.328756,0.827718,-0.110999,-0.048505,0.060533,1.895641,-2.090156,-0.617303,-1.246093,-0.074681,0.076882,0.326073,0.792156,0.040286,0.60898,-0.330953,0.866606,0.373361,-0.513685,-0.497354,0.69902,-6.9e-05,0.003746,-0.012767,0.03296,0.013082,-0.001669,0.501559,0.053039,0.054659,-0.019879,-0.688933,-0.123902,0.714155,0.435566,-0.858308,0.271271,0.579355,0.497949,0.645285,-0.004482,-0.005585,-0.003361,-0.005249,0.032581,-0.051982,0.499218,0.123459,0.058855,-0.056703,-0.836449,0.185612,-0.515655,-0.353007,-0.902189,0.247871,-0.419211,0.389362,0.820157,-0.055497,-0.029437,0.034504,2.503173,-1.475008,-5.005861,-0.78365
1742,0.166525,0.07114,0.371371,-0.861734,-0.030351,-0.506496,-0.133665,-0.949388,0.284198,-0.488418,0.312636,0.814698,-0.111447,-0.046869,0.061687,1.550564,-2.499551,-0.817791,-1.037914,-0.074735,0.07656,0.325761,0.791516,0.040738,0.609782,-0.331616,0.866619,0.372741,-0.514244,-0.497295,0.698651,-0.008573,-0.012376,-0.007649,-0.005247,0.032592,-0.052,0.489886,0.053016,0.054504,-0.020037,-0.688179,-0.12432,0.714809,0.436087,-0.858265,0.27057,0.579859,0.497919,0.644855,0.00159,-0.004531,-0.003378,-0.003204,0.017406,-0.022759,0.487135,0.121235,0.057895,-0.055461,-0.825032,0.163776,-0.540831,-0.337032,-0.91083,0.238318,-0.453575,0.378898,0.806662,-0.055762,-0.028626,0.035109,2.642073,-1.416582,-4.931779,-0.717844
1743,0.162158,0.069251,0.373731,-0.849317,-0.046272,-0.525894,-0.11738,-0.954678,0.273467,-0.51366,0.294041,0.806053,-0.112358,-0.051469,0.059933,0.135097,-0.422461,0.061054,-0.867904,-0.074654,0.076247,0.32553,0.791176,0.04098,0.610206,-0.332029,0.866568,0.372491,-0.5145,-0.497364,0.698413,0.00246,-0.007032,-0.005264,-0.003203,0.017387,-0.022754,0.478312,0.053053,0.054341,-0.020156,-0.68775,-0.124571,0.715178,0.43647,-0.85817,0.270252,0.58008,0.49802,0.644578,0.001167,-0.003327,-0.002489,-2e-06,-6e-06,4e-06,0.470806,0.119053,0.05696,-0.054277,-0.813993,0.143201,-0.562945,-0.320013,-0.919355,0.22886,-0.484774,0.366441,0.794175,-0.056244,-0.026123,0.029841,1.033051,-1.690343,0.948096,-0.661999
1744,0.160039,0.068182,0.374821,-0.840117,-0.051602,-0.539987,-0.112445,-0.957287,0.266325,-0.529623,0.284521,0.799108,-0.101924,-0.048032,0.047994,-0.01201,-0.061634,-0.345278,-0.84165,-0.074607,0.076143,0.325439,0.791071,0.041038,0.610338,-0.332133,0.866565,0.372406,-0.514594,-0.497365,0.698343,0.001754,-0.005012,-0.003756,0.0,0.0,0.0,0.475345,0.053079,0.054284,-0.020205,-0.687608,-0.124636,0.715303,0.436573,-0.858152,0.270143,0.58017,0.498035,0.644486,0.00085,-0.002416,-0.001811,-3e-06,1.4e-05,-4e-06,0.464601,0.11799,0.056433,-0.053723,-0.804973,0.136832,-0.577315,-0.315649,-0.922676,0.221435,-0.502376,0.360478,0.785921,-0.056716,-0.029652,0.028312,0.472315,-0.595996,-0.293346,-0.663632
1745,0.156022,0.066004,0.376733,-0.824585,-0.059232,-0.56267,-0.102091,-0.962613,0.250851,-0.555468,0.26436,0.788414,-0.103148,-0.052922,0.046054,-0.041761,-0.189984,0.0864,-0.819744,-0.074547,0.076026,0.325349,0.789013,0.04157,0.612961,-0.333543,0.866735,0.370748,-0.51684,-0.497026,0.696925,0.000352,-0.001005,-0.000754,1e-06,4e-06,-3e-06,0.472818,0.05311,0.054223,-0.020252,-0.685122,-0.125152,0.717596,0.437741,-0.858146,0.268266,0.582229,0.497916,0.642719,0.000103,-0.000289,-0.000218,-0.00109,-0.003872,0.00282,0.458395,0.115981,0.055339,-0.052769,-0.790536,0.126826,-0.599139,-0.305397,-0.929637,0.206171,-0.530834,0.345961,0.773644,-0.051665,-0.027202,0.022738,0.303428,-0.660638,0.329994,-0.693514
1746,0.152261,0.064177,0.378358,-0.809692,-0.069986,-0.582707,-0.087269,-0.967477,0.237372,-0.579363,0.243131,0.77798,-0.092089,-0.040591,0.038198,-0.118405,-0.336198,0.539134,-0.764116,-0.074561,0.076035,0.325369,0.786914,0.039809,0.615769,-0.334447,0.866021,0.371601,-0.51945,-0.498411,0.69399,-0.000358,0.001023,0.000768,-0.03435,0.028242,0.026455,0.470602,0.053102,0.05423,-0.020241,-0.682724,-0.123148,0.720223,0.438721,-0.857325,0.269287,0.584304,0.499827,0.639344,-0.000267,0.000763,0.000571,-0.020955,0.014043,0.017255,0.45464,0.114095,0.054411,-0.051959,-0.777319,0.113596,-0.618765,-0.290842,-0.937032,0.193342,-0.55784,0.330251,0.761411,-0.051903,-0.025844,0.023506,-0.146801,-0.203066,0.291518,-0.718498
1747,0.148995,0.062505,0.379751,-0.798779,-0.069184,-0.597672,-0.084226,-0.970733,0.224846,-0.594744,0.230021,0.770323,-0.070244,-0.045388,0.035338,-0.124812,-0.355655,0.6104,-0.694987,-0.074577,0.076081,0.325415,0.785043,0.040224,0.618126,-0.335636,0.866208,0.370088,-0.521511,-0.498051,0.6927,-0.000253,0.000722,0.000542,-7e-06,6e-06,6e-06,0.468285,0.053092,0.054257,-0.020214,-0.680523,-0.123769,0.722197,0.439674,-0.857442,0.267356,0.586152,0.499474,0.637927,-0.000157,0.000448,0.000336,8.8e-05,-0.004198,0.001645,0.451047,0.112455,0.05358,-0.051259,-0.765866,0.112586,-0.633065,-0.287815,-0.940437,0.180941,-0.574987,0.320782,0.752653,-0.035097,-0.018028,0.013143,-0.093814,-0.358007,0.601944,-0.72258
1748,0.147637,0.061832,0.380288,-0.793645,-0.066429,-0.604781,-0.083707,-0.972652,0.216595,-0.601645,0.2226,0.767137,-0.058561,-0.033661,0.026938,-0.080594,-0.373011,0.664417,-0.682554,-0.074571,0.076088,0.325431,0.784902,0.040321,0.6183,-0.335817,0.866174,0.370005,-0.521607,-0.498103,0.69259,-0.000108,0.00031,0.000232,-0.0,0.0,0.0,0.466786,0.053095,0.054262,-0.020205,-0.680377,-0.123869,0.722317,0.43983,-0.857392,0.267258,0.586204,0.499533,0.637832,-5.7e-05,0.000163,0.000122,-2e-06,-0.000566,0.000225,0.449578,0.111771,0.053233,-0.05099,-0.760049,0.114591,-0.639682,-0.287246,-0.942193,0.172515,-0.582935,0.314866,0.749029,-0.035056,-0.016849,0.013715,-0.101635,-0.364374,0.600977,-0.728948
1749,0.145139,0.060971,0.381166,-0.786638,-0.062706,-0.614258,-0.07831,-0.976667,0.199901,-0.611485,0.205424,0.764142,-0.057923,-0.018235,0.020662,0.418344,-0.067672,0.080565,-0.681183,-0.07456,0.076082,0.325437,0.784735,0.040434,0.618504,-0.336028,0.866135,0.369903,-0.521722,-0.498161,0.692462,-0.0,0.0,0.0,-0.0,0.0,0.0,0.464733,0.0531,0.054259,-0.020203,-0.680179,-0.123981,0.722484,0.440019,-0.857335,0.267131,0.586292,0.499604,0.637696,5e-06,-1.6e-05,-1.2e-05,-7e-06,-2e-05,-0.0,0.447128,0.110542,0.0528,-0.050558,-0.751423,0.1175,-0.649273,-0.283543,-0.946028,0.156948,-0.59579,0.302031,0.744184,-0.029091,-0.009261,0.01025,3.669764,-0.861009,-3.674172,-0.716375
1750,0.143223,0.060333,0.381875,-0.779548,-0.059453,-0.62355,-0.079419,-0.978071,0.192457,-0.620352,0.199619,0.758513,-0.035161,-0.01985,0.019124,-0.036763,-0.132792,0.187461,-0.682736,-0.074577,0.076047,0.325414,0.784645,0.040507,0.618613,-0.336141,0.866123,0.36983,-0.521785,-0.498177,0.692403,0.000421,-0.001202,-0.000902,-0.0,0.0,0.0,0.462038,0.053091,0.054243,-0.020213,-0.68007,-0.124053,0.722575,0.440119,-0.857311,0.267043,0.586344,0.499627,0.63763,0.000277,-0.000795,-0.000597,-9e-06,-0.0,-3e-06,0.444516,0.109567,0.052481,-0.050198,-0.743809,0.119165,-0.657683,-0.283156,-0.947497,0.148561,-0.60545,0.296728,0.738499,-0.023334,-0.009622,0.009947,0.247326,-0.309931,-0.018505,-0.715395
1751,0.142566,0.060037,0.382189,-0.777833,-0.059873,-0.625648,-0.078693,-0.978342,0.191374,-0.622592,0.19816,0.757059,-0.03467,-0.007764,0.011203,-0.149064,0.027028,0.097606,-0.683538,-0.074608,0.076023,0.325401,0.784653,0.04052,0.618602,-0.336141,0.866126,0.369824,-0.521773,-0.498172,0.692417,0.000165,-0.000472,-0.000354,-0.0,0.0,0.0,0.46153,0.053077,0.054229,-0.020221,-0.680079,-0.124066,0.722565,0.440118,-0.857313,0.267037,0.586334,0.49962,0.637644,9.9e-05,-0.000282,-0.000211,-5e-06,-6e-06,1e-06,0.443209,0.109226,0.052324,-0.050034,-0.741816,0.118633,-0.660025,-0.282578,-0.947878,0.147223,-0.608159,0.295721,0.736675,-0.017522,-0.009271,0.009905,-0.502906,0.389905,-0.126319,-0.715558
1752,0.141369,0.059475,0.382939,-0.776887,-0.061372,-0.626678,-0.075344,-0.97903,0.189197,-0.624184,0.194272,0.756756,-0.034494,-0.014323,0.021756,-0.055942,-0.110352,0.228877,-0.682843,-0.074706,0.075972,0.325377,0.78437,0.040762,0.618946,-0.336502,0.866087,0.369586,-0.521967,-0.498219,0.692236,0.000111,-0.000318,-0.000238,-0.0,0.0,0.0,0.459183,0.053028,0.054203,-0.020233,-0.679732,-0.124304,0.722849,0.440437,-0.857238,0.266751,0.586496,0.49969,0.637441,6.4e-05,-0.000182,-0.000135,-1.2e-05,-1.9e-05,1.5e-05,0.440597,0.108635,0.052048,-0.049672,-0.74154,0.116948,-0.660636,-0.279095,-0.949215,0.14524,-0.6101,0.292082,0.736521,-0.01154,-0.007717,0.010432,-0.067442,-0.150894,0.254611,-0.716048
1753,0.140634,0.058965,0.383739,-0.78764,-0.068253,-0.612381,-0.071797,-0.976914,0.201139,-0.610995,0.20247,0.765323,-0.011327,-0.014354,0.020934,0.113429,0.220644,0.270541,-0.682244,-0.07481,0.075964,0.325385,0.784347,0.040826,0.61897,-0.336555,0.866088,0.369536,-0.521966,-0.498213,0.692241,-8.2e-05,0.000236,0.000177,-0.0,0.0,0.0,0.457282,0.052976,0.054199,-0.020229,-0.679703,-0.124367,0.722866,0.440482,-0.857233,0.266695,0.586497,0.499683,0.637445,-4.3e-05,0.000125,9.6e-05,-6e-06,0.0,-7e-06,0.438474,0.108251,0.051789,-0.049263,-0.753492,0.111112,-0.647999,-0.276043,-0.947997,0.15843,-0.596698,0.298252,0.74498,-0.00571,-0.007422,0.010368,0.225666,0.535756,0.142784,-0.715232
1754,0.140351,0.058557,0.384407,-0.789712,-0.067879,-0.609748,-0.071953,-0.976758,0.201838,-0.608298,0.203345,0.767237,0.000635,-0.003763,0.011848,-0.028293,0.009965,0.012735,-0.680147,-0.074836,0.075957,0.325383,0.784307,0.040866,0.619018,-0.336609,0.866083,0.369499,-0.521992,-0.498219,0.692218,-0.0,0.0,0.0,-0.0,0.0,0.0,0.454525,0.052963,0.054196,-0.02023,-0.679653,-0.124406,0.722906,0.440529,-0.857222,0.26665,0.586518,0.499691,0.637419,1e-06,-5e-06,-3e-06,-5e-06,5e-06,-1e-05,0.435371,0.108105,0.051582,-0.048925,-0.755945,0.113018,-0.644804,-0.276359,-0.948005,0.157831,-0.593441,0.297509,0.747873,-0.005633,-0.006877,0.010626,-0.089264,0.127125,-0.243053,-0.713109
1755,0.140329,0.05846,0.384668,-0.790163,-0.068648,-0.609077,-0.071719,-0.976531,0.203017,-0.607739,0.204178,0.767458,0.000562,-0.004263,0.011617,-0.03519,0.015243,-0.017202,-0.677908,-0.074834,0.07595,0.325378,0.784295,0.040874,0.619034,-0.336624,0.866081,0.36949,-0.522001,-0.498221,0.692209,5.7e-05,-0.000164,-0.000123,-0.0,0.0,0.0,0.453439,0.052964,0.054192,-0.020232,-0.679638,-0.124415,0.722919,0.440542,-0.857219,0.26664,0.586526,0.499695,0.637409,3.5e-05,-0.000104,-8e-05,-6e-06,4e-06,-7e-06,0.433739,0.108094,0.051536,-0.048792,-0.756464,0.11221,-0.644337,-0.276195,-0.947825,0.159196,-0.592856,0.298389,0.747987,0.000365,-0.001496,0.006106,-0.038427,-0.003501,0.006028,-0.712129
1756,0.140452,0.058394,0.384971,-0.789449,-0.069676,-0.609886,-0.06756,-0.977642,0.199055,-0.609141,0.198429,0.767855,0.000602,0.004143,0.001911,0.00015,0.000213,0.000116,-0.677526,-0.074824,0.075975,0.325395,0.784359,0.040823,0.618956,-0.336544,0.86609,0.369542,-0.521956,-0.49821,0.692251,-0.000242,0.000692,0.000519,-0.0,0.0,0.0,0.452664,0.052969,0.054204,-0.020225,-0.679716,-0.124364,0.722854,0.440472,-0.857236,0.266702,0.586489,0.499679,0.637456,-0.000157,0.00045,0.000337,-9e-06,-2.8e-05,1.3e-05,0.431942,0.108152,0.051503,-0.048636,-0.756046,0.110943,-0.645045,-0.272027,-0.94964,0.155507,-0.595309,0.29304,0.748152,6.7e-05,-0.003562,0.005149,-0.039796,0.010247,-0.019605,-0.711313
1757,0.140621,0.058448,0.38504,-0.788702,-0.073596,-0.610392,-0.062511,-0.978068,0.198613,-0.610643,0.194888,0.767568,0.000389,0.002687,0.001238,0.0,0.0,0.0,-0.652719,-0.074837,0.075987,0.325404,0.78437,0.04082,0.618941,-0.336533,0.866092,0.369547,-0.521946,-0.498206,0.692261,-1.9e-05,5.4e-05,4.1e-05,-0.0,0.0,0.0,0.452091,0.052962,0.054211,-0.020219,-0.67973,-0.124361,0.722841,0.440461,-0.857239,0.266708,0.58648,0.499674,0.637468,-4e-06,1.3e-05,1e-05,-6e-06,-1e-06,-6e-06,0.431126,0.108241,0.051532,-0.048601,-0.755954,0.107062,-0.64581,-0.267277,-0.951039,0.155198,-0.597575,0.289933,0.747557,0.000186,0.001302,0.0006,-0.000281,9.3e-05,0.000327,-0.704618
1758,0.140661,0.058501,0.385033,-0.788457,-0.073082,-0.61077,-0.062921,-0.97813,0.198178,-0.610917,0.194769,0.76738,0.000154,0.001064,0.00049,0.004599,-0.097478,0.173307,-0.628822,-0.074828,0.075989,0.325405,0.784384,0.040806,0.618925,-0.336515,0.866093,0.369559,-0.521937,-0.498205,0.692269,-0.0,1e-06,1e-06,0.0,0.0,0.0,0.451539,0.052967,0.054212,-0.020219,-0.679747,-0.124348,0.722828,0.440445,-0.857243,0.266723,0.586473,0.499671,0.637477,3e-06,-1.4e-05,-1.1e-05,-5e-06,-7e-06,-4e-06,0.430309,0.108261,0.05156,-0.048604,-0.75567,0.107431,-0.64608,-0.267579,-0.951014,0.154831,-0.597798,0.289879,0.747399,7.5e-05,0.000524,0.000241,-0.000227,4.6e-05,0.000282,-0.692861
1759,0.140669,0.058533,0.384986,-0.787835,-0.07179,-0.611725,-0.063977,-0.978276,0.197115,-0.61161,0.194513,0.766893,-0.000211,-0.001457,-0.000671,0.0,0.0,0.0,-0.621458,-0.074804,0.076003,0.325412,0.784437,0.040758,0.618862,-0.336446,0.8661,0.369606,-0.521903,-0.498196,0.692301,-6e-06,1.7e-05,1.3e-05,0.0,0.0,0.0,0.451846,0.052979,0.054219,-0.020215,-0.679811,-0.1243,0.722776,0.440385,-0.857256,0.266779,0.586444,0.499659,0.637513,-1e-06,-2e-06,-3e-06,-7e-06,-4e-06,-0.0,0.430146,0.108265,0.051576,-0.048627,-0.754674,0.108712,-0.647029,-0.268696,-0.950893,0.153632,-0.598555,0.289797,0.746825,-0.000127,-0.000882,-0.000405,-0.000136,4.2e-05,0.000195,-0.677348
1760,0.140549,0.058522,0.384924,-0.787486,-0.071112,-0.612254,-0.064491,-0.978367,0.196497,-0.612005,0.194306,0.76663,-0.01154,0.000404,0.000611,-0.000984,0.014715,-0.029553,-0.62677,-0.074812,0.076024,0.325427,0.782587,0.041147,0.621174,-0.337574,0.866305,0.368094,-0.523948,-0.497809,0.691033,-0.000489,0.001401,0.00105,0.003209,-0.017344,0.022723,0.45173,0.052976,0.054226,-0.02021,-0.677558,-0.124684,0.724822,0.441316,-0.857309,0.265065,0.588348,0.499473,0.635902,-7e-06,1.7e-05,1.2e-05,-0.023406,0.115244,-0.153593,0.42982,0.108208,0.051566,-0.04866,-0.754157,0.109345,-0.647526,-0.26921,-0.950854,0.152974,-0.598976,0.289687,0.74653,-8.2e-05,-0.000563,-0.000257,-0.000102,3e-05,0.000117,-0.676205
1761,0.140468,0.058596,0.384901,-0.787239,-0.070647,-0.612625,-0.064815,-0.978438,0.196034,-0.612288,0.194115,0.766453,6.2e-05,0.000428,0.000197,0.0,0.0,0.0,-0.634572,-0.074812,0.076022,0.325437,0.782592,0.041151,0.621166,-0.337586,0.866293,0.368112,-0.523932,-0.49783,0.691031,-1e-06,4e-06,3e-06,0.0,0.0,-0.0,0.449865,0.052975,0.054229,-0.020202,-0.677624,-0.124673,0.724763,0.441301,-0.857298,0.265127,0.588284,0.499495,0.635944,4e-06,-1.6e-05,-1.3e-05,-3.1e-05,-9.4e-05,5.7e-05,0.428187,0.108163,0.051602,-0.048672,-0.753816,0.109749,-0.647855,-0.269507,-0.950845,0.15251,-0.599272,0.289566,0.74634,4.3e-05,0.000296,0.000139,-7.1e-05,4e-06,8.6e-05,-0.678328
1762,0.140452,0.058597,0.384922,-0.786989,-0.070109,-0.613008,-0.065323,-0.978475,0.195684,-0.612555,0.194125,0.766237,0.000175,0.001203,0.000554,0.0,0.0,0.0,-0.638837,-0.074794,0.076025,0.325449,0.782624,0.041128,0.621127,-0.337562,0.866284,0.368155,-0.523899,-0.497848,0.691043,-3.5e-05,0.000101,7.6e-05,0.0,0.0,0.0,0.448459,0.052984,0.05423,-0.020196,-0.677663,-0.124651,0.72473,0.441283,-0.857292,0.265174,0.588252,0.49951,0.635962,-1.4e-05,3.9e-05,2.7e-05,-6e-06,-9e-06,-8e-06,0.426717,0.108155,0.051601,-0.048662,-0.753444,0.110238,-0.648204,-0.269995,-0.950766,0.152137,-0.599519,0.289639,0.746113,0.000118,0.000802,0.00037,0.004556,-0.097529,0.173345,-0.680614
1763,0.140444,0.058598,0.384933,-0.786623,-0.069332,-0.613565,-0.066028,-0.978536,0.195138,-0.612949,0.194092,0.76593,-0.000158,-0.001089,-0.000502,0.0,0.0,0.0,-0.64791,-0.074774,0.076023,0.325445,0.782638,0.041109,0.62111,-0.337541,0.866285,0.368171,-0.523892,-0.497847,0.691049,5e-06,-1.4e-05,-1.1e-05,0.0,0.0,0.0,0.448013,0.052994,0.054229,-0.020199,-0.677681,-0.124633,0.724716,0.441265,-0.857296,0.265193,0.588245,0.499508,0.63597,2e-06,-8e-06,-6e-06,-6e-06,-3e-06,-4e-06,0.425737,0.108152,0.051609,-0.048653,-0.752902,0.110945,-0.648713,-0.270672,-0.950665,0.151559,-0.599895,0.289698,0.745788,-0.000113,-0.000777,-0.000357,-0.000678,0.014151,-0.025047,-0.68486
1764,0.14052,0.058493,0.384922,-0.786152,-0.068293,-0.614285,-0.067006,-0.978604,0.194463,-0.613447,0.194117,0.765525,0.011021,-0.003989,-0.002264,0.00032,-0.000583,0.004445,-0.670842,-0.074779,0.076003,0.325455,0.782275,0.039029,0.621703,-0.337455,0.865336,0.370473,-0.524491,-0.499658,0.689286,-0.00021,0.000601,0.000451,-0.001329,0.001096,0.001026,0.447198,0.052992,0.054217,-0.020195,-0.677347,-0.122449,0.7254,0.441469,-0.856424,0.267658,0.588476,0.50154,0.634155,-0.000143,0.000407,0.000304,0.009495,-0.007979,-0.007523,0.424594,0.108186,0.051557,-0.048658,-0.752198,0.111888,-0.649368,-0.271609,-0.950512,0.150843,-0.600355,0.289838,0.745363,-0.000109,-0.000754,-0.00035,-1.5e-05,1e-06,3.3e-05,-0.69776
1765,0.140616,0.058418,0.384914,-0.785538,-0.072485,-0.61459,-0.06166,-0.97901,0.19419,-0.614791,0.190523,0.76535,-0.000362,-0.002497,-0.001152,0.0,-0.0,-0.0,-0.680216,-0.074786,0.075992,0.325459,0.780358,0.03947,0.624079,-0.338675,0.86552,0.368928,-0.526557,-0.499305,0.687964,-3e-06,9e-06,7e-06,-1.6e-05,2.9e-05,5e-06,0.44694,0.052988,0.054213,-0.020192,-0.67505,-0.12297,0.72745,0.442464,-0.856487,0.265809,0.590366,0.501305,0.632582,-1e-06,1e-06,-0.0,-0.021685,0.11416,-0.155066,0.424104,0.108238,0.051517,-0.048664,-0.752423,0.107655,-0.649821,-0.26643,-0.951986,0.150783,-0.602389,0.286585,0.74498,-0.000193,-0.001344,-0.000623,8.6e-05,0.000391,0.000305,-0.704291
1766,0.14083,0.057998,0.385068,-0.784135,-0.077467,-0.615774,-0.05225,-0.980419,0.189791,-0.617446,0.181086,0.765504,0.010645,-0.014847,0.006313,-0.027363,0.006068,0.012688,-0.700022,-0.074764,0.075942,0.325491,0.780329,0.039529,0.624112,-0.338816,0.865437,0.368993,-0.526509,-0.499445,0.6879,-0.0,0.0,0.0,-0.0,0.0,0.0,0.441607,0.052999,0.054188,-0.020176,-0.675053,-0.123039,0.727436,0.442594,-0.856401,0.265869,0.590266,0.501435,0.632573,-2e-06,-2e-06,-4e-06,7e-06,-8.9e-05,1.7e-05,0.420675,0.108341,0.051311,-0.04859,-0.75208,0.10265,-0.651027,-0.257218,-0.955178,0.146536,-0.606805,0.277663,0.744775,-0.000448,-0.007172,0.003483,-0.038924,0.001339,-0.034207,-0.718824
1767,0.140955,0.057123,0.385555,-0.780455,-0.082802,-0.619742,-0.037848,-0.98312,0.178929,-0.623127,0.163198,0.764922,-0.001629,-0.035861,0.024265,-0.058508,0.068411,-0.027875,-0.695953,-0.074659,0.075827,0.325559,0.778496,0.039968,0.626369,-0.340145,0.865459,0.367716,-0.528363,-0.499372,0.68653,1.6e-05,-4.5e-05,-3.4e-05,0.0,0.0,-0.0,0.436432,0.053051,0.05413,-0.020142,-0.672863,-0.123459,0.729391,0.443723,-0.856272,0.264399,0.591915,0.501553,0.630936,3e-06,-1.2e-05,-9e-06,-0.000619,-0.00223,0.00163,0.413817,0.108408,0.050891,-0.048359,-0.749354,0.096978,-0.655029,-0.243088,-0.960436,0.135899,-0.615935,0.261066,0.743281,0.004811,-0.019221,0.011321,0.132292,-0.129731,-0.001396,-0.724376
1768,0.140904,0.055563,0.38655,-0.77717,-0.076368,-0.624676,-0.032115,-0.986503,0.160473,-0.627536,0.144865,0.76501,-0.00194,-0.038092,0.023318,0.03504,0.058394,0.215239,-0.680175,-0.07451,0.075666,0.325717,0.776709,0.040439,0.628553,-0.341605,0.865343,0.366634,-0.530049,-0.499536,0.685109,-0.000519,0.001483,0.001112,0.003192,-0.017357,0.022779,0.432801,0.053127,0.054048,-0.020065,-0.670756,-0.123906,0.731253,0.444993,-0.856002,0.263134,0.593351,0.501902,0.629307,-0.000259,0.000734,0.000548,0.002913,-0.018335,0.023483,0.407612,0.108383,0.050104,-0.047854,-0.744691,0.102581,-0.659477,-0.237085,-0.964329,0.11772,-0.623878,0.244017,0.742449,-0.001118,-0.024101,0.016144,0.095547,-0.057745,0.329628,-0.719151
1769,0.140894,0.054755,0.387107,-0.775323,-0.082133,-0.626238,-0.018528,-0.988124,0.152448,-0.63036,0.129895,0.765377,-0.001413,-0.034462,0.025048,1.018998,-0.183243,-1.082811,-0.655431,-0.074457,0.075592,0.325797,0.776715,0.040506,0.628541,-0.34181,0.865185,0.366816,-0.529906,-0.499804,0.685024,-0.000582,0.001662,0.001245,-0.0,0.0,0.0,0.432802,0.053153,0.05401,-0.020025,-0.670768,-0.123972,0.731232,0.44521,-0.855839,0.263299,0.593175,0.502164,0.629264,0.001067,-0.004838,0.004188,-0.033014,-0.013204,0.00177,0.406142,0.108377,0.049691,-0.04758,-0.743887,0.098036,-0.661075,-0.225384,-0.968032,0.110061,-0.629153,0.230869,0.742203,-0.000812,-0.017337,0.012428,3.428142,-0.880532,-3.879766,-0.71066
1770,0.14073,0.053834,0.388061,-0.775094,-0.082278,-0.626501,-0.013955,-0.989014,0.147067,-0.630757,0.12283,0.766215,-0.011101,-0.012338,0.022099,-0.062004,-0.058713,0.138551,-0.536544,-0.07437,0.075583,0.325942,0.777004,0.040378,0.628192,-0.341715,0.865041,0.367245,-0.529544,-0.500064,0.685114,-0.000791,0.002257,0.00169,-0.0,0.0,0.0,0.43247,0.053196,0.054007,-0.019952,-0.671114,-0.123848,0.730935,0.445171,-0.855722,0.263745,0.592813,0.502395,0.629421,-0.000498,0.001415,0.001058,-5e-06,5e-06,-1.4e-05,0.404836,0.108297,0.049212,-0.047107,-0.743798,0.096334,-0.661425,-0.219155,-0.970004,0.105171,-0.631454,0.223181,0.7426,-0.005543,-0.00601,0.011127,-0.083453,-0.08732,0.125255,-0.651058
1771,0.140252,0.053818,0.388566,-0.772109,-0.080191,-0.630446,-0.014339,-0.989554,0.143346,-0.634398,0.119812,0.763683,-0.010629,0.007264,0.00378,0.008972,-0.175185,0.319836,-0.364726,-0.074334,0.075726,0.32605,0.77736,0.040113,0.627768,-0.341305,0.865077,0.367541,-0.529286,-0.500023,0.685344,-0.001253,0.003575,0.002674,0.003189,-0.017341,0.022792,0.433209,0.053214,0.054079,-0.019898,-0.671545,-0.123589,0.730583,0.444812,-0.8558,0.264095,0.592595,0.502324,0.629682,-0.000625,0.00178,0.00133,0.003187,-0.017346,0.022785,0.405,0.10806,0.049212,-0.046841,-0.740198,0.097604,-0.665266,-0.219432,-0.970303,0.10179,-0.635574,0.221326,0.739634,-0.010998,0.004809,0.002654,0.002806,-0.079553,0.141462,-0.550145
1772,0.140021,0.053907,0.388637,-0.770106,-0.084293,-0.632359,-0.010968,-0.989334,0.145151,-0.636894,0.118816,0.761759,-0.010991,0.004745,0.002616,-0.244925,-0.480865,-0.032539,-0.249904,-0.074353,0.075782,0.326081,0.777369,0.0401,0.627759,-0.341276,0.865091,0.367533,-0.529292,-0.499999,0.685357,-0.000869,0.002481,0.001854,-0.02201,0.11968,-0.157288,0.43304,0.053204,0.054109,-0.019881,-0.671555,-0.123576,0.730576,0.444784,-0.855816,0.264091,0.592604,0.5023,0.629693,-0.000441,0.001254,0.000936,-0.022001,0.119658,-0.157292,0.405163,0.107945,0.049261,-0.046803,-0.739946,0.094722,-0.665963,-0.21621,-0.970991,0.102123,-0.636971,0.219553,0.73896,0.000136,0.000962,0.00045,-0.286136,-0.553679,-0.059646,-0.476827
1773,0.139749,0.054048,0.388569,-0.771849,-0.098506,-0.628164,-0.00668,-0.986616,0.162839,-0.634839,0.129999,0.761647,-1.4e-05,-9.8e-05,-4.5e-05,-0.09468,-0.147921,-0.078213,0.002331,-0.074444,0.075827,0.3261,0.777451,0.040067,0.627658,-0.341164,0.865133,0.367541,-0.529243,-0.49993,0.685445,-0.012206,-0.002042,6.8e-05,-0.002045,0.015205,-0.029245,0.431736,0.053163,0.054132,-0.019871,-0.67167,-0.123531,0.730478,0.444661,-0.855869,0.264127,0.592566,0.502222,0.629792,-0.000249,0.000712,0.000533,0.003179,-0.017345,0.022793,0.404836,0.107805,0.049334,-0.046836,-0.743511,0.079475,-0.663983,-0.212549,-0.969508,0.121962,-0.634045,0.231809,0.737733,-0.005781,0.000431,0.000421,-0.087167,-0.149308,-0.099731,-0.307332
1774,0.139422,0.054293,0.388552,-0.773766,-0.117992,-0.622422,-0.002332,-0.981968,0.188964,-0.632534,0.147805,0.760317,-0.011001,0.004577,0.002537,-0.327696,-0.388461,-0.309365,0.305369,-0.074703,0.075737,0.326069,0.776933,0.040539,0.62827,-0.341829,0.865067,0.367078,-0.529575,-0.500007,0.685132,-0.01125,-0.004779,-0.001978,-0.002045,0.015205,-0.029245,0.406966,0.053032,0.054091,-0.019883,-0.671039,-0.123994,0.73098,0.445245,-0.855735,0.263577,0.592843,0.502336,0.629439,-0.005565,-0.002562,-0.001114,-0.005245,0.032559,-0.052038,0.3921,0.107645,0.049448,-0.046848,-0.750389,0.061946,-0.658086,-0.208685,-0.96688,0.146941,-0.627188,0.247596,0.738464,-0.005431,0.002739,0.001483,-0.437979,-0.198972,-0.606432,-0.027615
1775,0.139305,0.054394,0.388593,-0.773057,-0.125025,-0.62193,0.000227,-0.980444,0.196728,-0.633404,0.15209,0.758746,-0.010963,0.004804,0.002641,-0.166069,-0.138466,-0.334607,0.409089,-0.074941,0.075634,0.32605,0.776602,0.040894,0.628656,-0.342311,0.865001,0.366784,-0.529749,-0.500092,0.684936,-0.011446,-0.004221,-0.001563,-0.002045,0.015205,-0.029245,0.378587,0.052914,0.054038,-0.019895,-0.670633,-0.124343,0.731293,0.445673,-0.855622,0.263221,0.592981,0.502442,0.629225,-0.005674,-0.00225,-0.000879,-0.002064,0.015198,-0.029239,0.367443,0.107586,0.0495,-0.046827,-0.750336,0.054043,-0.658842,-0.206417,-0.965972,0.155846,-0.628001,0.252934,0.73596,0.000311,0.002101,0.000973,-0.202516,-0.332563,-0.136,0.126695
1776,0.139406,0.054093,0.388614,-0.765833,-0.133555,-0.629053,-0.008063,-0.976129,0.216975,-0.642065,0.171398,0.747263,0.009933,-0.011816,-0.005876,-0.519247,-0.620851,-0.226408,0.518411,-0.075887,0.075315,0.325954,0.774963,0.042452,0.630572,-0.344454,0.864781,0.365293,-0.530757,-0.500345,0.68397,-0.034656,-0.011781,-0.004045,-0.006134,0.045616,-0.087736,0.302752,0.05245,0.053882,-0.019941,-0.668669,-0.125846,0.732832,0.447522,-0.855191,0.26148,0.593806,0.502803,0.628158,-0.017236,-0.006154,-0.002208,-0.006165,0.045636,-0.087741,0.290369,0.107632,0.049376,-0.046804,-0.74536,0.045338,-0.665117,-0.214505,-0.960938,0.17488,-0.631208,0.27302,0.725971,0.004708,-0.011746,0.001205,-0.825301,-0.492868,-0.220987,0.414249
1777,0.140322,0.05316,0.388131,-0.754585,-0.13142,-0.642942,-0.031577,-0.97134,0.235524,-0.654533,0.198183,0.729614,0.031005,-0.020231,-0.024404,-0.251544,-0.458292,-0.200956,0.522823,-0.077544,0.074675,0.325696,0.770428,0.067989,0.633884,-0.373562,0.853743,0.36264,-0.517471,-0.516268,0.682315,-0.056929,-0.022241,-0.008737,-0.012776,0.074565,-0.148975,0.133141,0.051628,0.053569,-0.020066,-0.662173,-0.151176,0.733943,0.475195,-0.842031,0.255287,0.57941,0.51781,0.629409,-0.022335,-0.010181,-0.004432,-0.022287,0.077165,-0.14684,0.125773,0.108083,0.04892,-0.047034,-0.73229,0.044373,-0.679545,-0.237794,-0.951722,0.194106,-0.638125,0.303733,0.707489,0.021024,-0.016533,-0.008549,-0.32515,-0.536849,-0.200043,0.500956
1778,0.141941,0.052307,0.387027,-0.7393,-0.132073,-0.660331,-0.045664,-0.968495,0.244753,-0.670936,0.211258,0.710804,0.054174,-0.015691,-0.037023,0.228505,-0.917613,0.456229,0.522241,-0.079655,0.073743,0.325391,0.766632,0.080304,0.637038,-0.38389,0.852496,0.354701,-0.515536,-0.516578,0.683544,-0.057118,-0.021987,-0.008609,0.133191,-0.031955,-0.284671,0.054597,0.050574,0.053098,-0.020223,-0.657175,-0.163014,0.735899,0.484146,-0.839585,0.24637,0.577688,0.518191,0.630677,-0.028635,-0.010758,-0.004097,0.203313,-0.106911,-0.315131,-0.043723,0.108901,0.048472,-0.047602,-0.716615,0.040952,-0.696265,-0.251366,-0.946353,0.203051,-0.650597,0.320527,0.688465,0.027042,-0.008226,-0.01871,0.300166,-0.929668,0.530468,0.514183
