frame,MLTx,MLTy,MLTz,MLTR1,MLTR2,MLTR3,MLTR4,MLTR5,MLTR6,MLTR7,MLTR8,MLTR9,MLTTVx,MLTTVy,MLTTVz,MLTRVx,MLTRVy,MLTRVz,MLGA,MRTx,MRTy,MRTz,MRTR1,MRTR2,MRTR3,MRTR4,MRTR5,MRTR6,MRTR7,MRTR8,MRTR9,MRTTVx,MRTTVy,MRTTVz,MRTRVx,MRTRVy,MRTRVz,MRGA,SLTx,SLTy,SLTz,SLTR1,SLTR2,SLTR3,SLTR4,SLTR5,SLTR6,SLTR7,SLTR8,SLTR9,SLTTVx,SLTTVy,SLTTVz,SLTRVx,SLTRVy,SLTRVz,SLGA,SRTx,SRTy,SRTz,SRTR1,SRTR2,SRTR3,SRTR4,SRTR5,SRTR6,SRTR7,SRTR8,SRTR9,SRTTVx,SRTTVy,SRTTVz,SRTRVx,SRTRVy,SRTRVz,SRGA
417,0.131695,0.012436,0.382763,-0.457051,0.772889,-0.440219,-0.801357,-0.572514,-0.173281,-0.385397,0.272609,0.881578,-5e-06,-0.008375,0.010391,-0.035409,0.014273,-0.017721,-1.910711,-0.117111,0.027793,0.356246,0.03817,0.874715,0.483123,-0.988215,-0.038455,0.147939,0.147947,-0.484168,0.862297,0.013128,-0.000481,-0.001576,-0.013062,0.097921,-0.167776,0.06893,0.059596,0.032192,-0.00793,-0.02173,-0.897158,0.441173,0.986266,0.053028,0.156414,-0.163722,0.438513,0.883685,0.006454,0.000391,-0.000359,-0.005484,-0.005715,0.034893,-0.162109,0.07707,0.032482,-0.055903,-0.471153,0.785195,-0.401848,-0.796201,-0.574648,-0.18932,-0.379574,0.230754,0.895921,3.1e-05,-0.003974,0.005327,-0.033973,0.001693,0.006845,-0.938613
418,0.131645,0.012316,0.382912,-0.456971,0.775785,-0.435179,-0.802179,-0.57076,-0.175256,-0.383782,0.268036,0.883683,-0.012698,0.002175,0.001598,0.125056,0.466404,0.188923,-1.910655,-0.116855,0.027839,0.356216,0.033175,0.874966,0.483038,-0.987977,-0.044092,0.147958,0.150727,-0.483231,0.862341,0.012792,0.001435,-0.000254,-0.01957,-0.02184,-0.009364,0.118819,0.059725,0.03221,-0.007948,-0.016723,-0.897216,0.441274,0.985895,0.058707,0.156728,-0.166525,0.437671,0.883579,0.005557,0.006151,-0.004326,-0.034689,-0.041307,-0.077076,-0.099242,0.077051,0.032422,-0.055823,-0.471104,0.786881,-0.398594,-0.796812,-0.573465,-0.190337,-0.378353,0.227936,0.897158,-0.000103,-0.004751,0.004844,0.103907,0.516913,0.227975,-0.941226
419,0.131518,0.012051,0.383147,-0.457487,0.778411,-0.429914,-0.80289,-0.569342,-0.176602,-0.381675,0.263409,0.885983,-0.000169,-0.000987,-0.000614,0.055238,0.197536,0.095317,-1.910113,-0.116334,0.027879,0.356228,0.022635,0.875201,0.48322,-0.987374,-0.056019,0.14795,0.15654,-0.48156,0.862241,0.012757,0.00165,-0.000108,0.002045,-0.015205,0.029245,0.180466,0.05999,0.032232,-0.007941,-0.006234,-0.897231,0.441516,0.985026,0.070563,0.157302,-0.172291,0.435885,0.883356,0.006375,0.000847,-4.6e-05,0.003318,-0.014782,0.031141,0.010979,0.076983,0.032292,-0.055704,-0.471655,0.790156,-0.391398,-0.797731,-0.571488,-0.192417,-0.37572,0.221476,0.899878,-0.000101,-0.000574,-0.000354,0.063878,0.224259,0.104959,-0.943675
420,0.131474,0.011822,0.38338,-0.45337,0.782326,-0.427162,-0.806645,-0.563942,-0.176819,-0.378667,0.263427,0.887268,0.000269,0.001572,0.000978,-7.1e-05,0.001999,0.045991,-1.910663,-0.115815,0.027936,0.356216,0.026618,0.876526,0.48061,-0.986488,-0.05451,0.154288,0.161414,-0.479316,0.862592,0.012753,0.001681,-9e-05,0.001934,-0.015059,0.029339,0.221736,0.060245,0.03226,-0.007947,-0.010271,-0.898506,0.438839,0.984133,0.068659,0.163608,-0.177133,0.433557,0.883544,0.006382,0.000812,-7.4e-05,-0.004912,0.083189,-0.144044,0.075153,0.07696,0.032171,-0.055591,-0.467547,0.794212,-0.388105,-0.801615,-0.565989,-0.192533,-0.372576,0.221092,0.901279,-0.000163,-0.005114,0.004625,-0.058959,-0.007672,0.019417,-0.943675
421,0.131471,0.01172,0.383481,-0.453533,0.783651,-0.424552,-0.807,-0.563191,-0.177592,-0.377716,0.261091,0.888363,4.7e-05,0.000275,0.000171,0.014989,0.053455,0.02571,-1.910971,-0.115541,0.027992,0.356203,0.023061,0.877975,0.478141,-0.985845,-0.05927,0.156622,0.165833,-0.476081,0.863545,0.012694,0.00201,0.000136,0.002043,-0.015203,0.029247,0.248182,0.060382,0.032288,-0.007954,-0.006664,-0.899775,0.436302,0.983377,0.073274,0.16613,-0.18145,0.430157,0.88433,0.006344,0.001024,7.3e-05,0.005669,-0.012827,0.028385,0.104871,0.076959,0.032124,-0.055538,-0.46769,0.795428,-0.385433,-0.801985,-0.565206,-0.19329,-0.371598,0.218711,0.902263,-0.000146,-0.005005,0.004695,-0.027648,0.045463,0.00075,-0.942369
422,0.131408,0.011478,0.383741,-0.453937,0.786254,-0.419275,-0.807745,-0.561695,-0.178935,-0.375635,0.256461,0.890591,3e-06,1.8e-05,1.1e-05,0.010953,0.038995,0.018709,-1.910623,-0.114931,0.028138,0.356266,0.014844,0.879711,0.475268,-0.984759,-0.069319,0.159306,0.173082,-0.471487,0.864642,0.025005,0.006096,0.001703,0.004089,-0.030411,0.058491,0.317398,0.060682,0.032358,-0.007924,0.001613,-0.90119,0.433419,0.982055,0.083164,0.169264,-0.188585,0.425368,0.885153,0.00612,0.002237,0.00091,0.004727,-0.012569,0.028644,0.188966,0.076928,0.032004,-0.055407,-0.468073,0.797823,-0.37998,-0.802765,-0.56365,-0.19459,-0.369424,0.213953,0.904294,-0.000177,-0.00518,0.004588,-0.035287,0.01991,-0.010517,-0.940899
423,0.131378,0.011194,0.383987,-0.454001,0.786289,-0.41914,-0.808095,-0.561459,-0.178094,-0.374806,0.256868,0.890823,-0.000207,-0.009551,0.00968,-0.035418,0.01421,-0.017752,-1.910435,-0.114414,0.028133,0.356355,0.022295,0.879361,0.475624,-0.983143,-0.066877,0.169972,0.181259,-0.472493,0.862414,0.012748,0.00172,-6.9e-05,-0.354662,0.444783,0.32995,0.356001,0.060945,0.032361,-0.007876,-0.004306,-0.901706,0.432328,0.980685,0.080732,0.178151,-0.195543,0.424744,0.883942,0.007251,-0.004685,0.004068,-0.052601,0.003336,0.041608,0.26163,0.076912,0.031867,-0.055293,-0.468076,0.797697,-0.380241,-0.803081,-0.563532,-0.193628,-0.368734,0.214732,0.904391,-6.9e-05,-0.004545,0.004984,-0.035653,0.012833,-0.018909,-0.940573
424,0.131345,0.010949,0.384257,-0.452373,0.786769,-0.419998,-0.808134,-0.560751,-0.180135,-0.376684,0.256944,0.890009,-0.000202,-0.00952,0.009704,-0.029257,-0.072916,0.160935,-1.909269,-0.114034,0.028143,0.356372,0.029086,0.88028,0.473552,-0.981773,-0.063664,0.178888,0.187594,-0.471223,0.861754,3e-06,-1.6e-05,-1.1e-05,-0.011068,0.011634,0.009269,0.378552,0.06114,0.032365,-0.007869,-0.012989,-0.901873,0.431805,0.979014,0.076363,0.188942,-0.203376,0.425197,0.881954,0.006332,0.001097,0.000122,0.028605,-0.035656,0.0275,0.29984,0.076896,0.031742,-0.055154,-0.466625,0.798151,-0.38107,-0.803079,-0.56287,-0.19555,-0.370572,0.214781,0.903628,-0.006508,-0.003921,0.005495,-0.036746,0.029193,-0.047915,-0.940736
425,0.131332,0.010803,0.384412,-0.451047,0.787089,-0.420823,-0.807875,-0.5604,-0.182375,-0.378821,0.25673,0.889163,-0.000211,-0.009577,0.009671,-0.016203,0.005319,-0.010508,-1.910022,-0.11377,0.028197,0.356371,0.030888,0.881665,0.470855,-0.981416,-0.062316,0.181308,0.189167,-0.468806,0.862728,0.025467,0.003616,-2.3e-05,0.00394,-0.030223,0.058615,0.395826,0.061262,0.032392,-0.007868,-0.01457,-0.903265,0.428835,0.978736,0.074876,0.190966,-0.204602,0.422499,0.882967,0.00643,0.000575,-0.000241,0.011911,-0.017012,0.024069,0.318619,0.07689,0.031669,-0.055076,-0.46517,0.798583,-0.381943,-0.802893,-0.562322,-0.197878,-0.372797,0.214612,0.902753,-9.6e-05,-0.004702,0.004891,0.028632,-0.015182,0.00609,-0.940573
426,0.131308,0.010395,0.384768,-0.447649,0.787774,-0.423164,-0.806688,-0.559891,-0.189069,-0.38532,0.255741,0.886652,-0.000336,-0.010308,0.009223,-0.029662,0.011492,-0.015602,-1.910157,-0.113324,0.028161,0.356422,0.02711,0.883102,0.468388,-0.980623,-0.067261,0.183816,0.19381,-0.465397,0.863543,2e-05,-0.000106,-7.3e-05,-2.588558,-1.015866,-4.772391,0.410232,0.06149,0.032372,-0.007844,-0.015933,-0.904452,0.426276,0.978346,0.073888,0.193338,-0.206361,0.420126,0.88369,0.006339,0.001057,9.1e-05,0.002326,-0.014934,0.028453,0.35193,0.076877,0.031466,-0.054898,-0.461806,0.799405,-0.3843,-0.801767,-0.561525,-0.204592,-0.379346,0.213637,0.900252,-0.000174,-0.005164,0.004605,-0.023768,0.008754,-0.013195,-0.940736
427,0.131276,0.009996,0.385142,-0.446267,0.787873,-0.424437,-0.805681,-0.560101,-0.192708,-0.389009,0.254978,0.88526,-0.000328,-0.010261,0.009258,-0.035433,0.014119,-0.017795,-1.910401,-0.112898,0.028242,0.356447,0.020914,0.886825,0.461623,-0.981965,-0.068369,0.176081,0.187699,-0.458087,0.868786,0.012455,0.003299,0.001016,0.199553,-0.272517,-0.135656,0.413023,0.061708,0.032412,-0.007833,-0.004772,-0.90773,0.419526,0.979197,0.080861,0.186098,-0.20285,0.411688,0.888461,0.006212,0.001733,0.000559,0.233364,-0.308146,-0.149407,0.361238,0.076861,0.031262,-0.054707,-0.460483,0.799561,-0.385559,-0.800806,-0.561582,-0.208168,-0.382967,0.2129,0.898893,-0.000169,-0.005141,0.004622,-0.039424,0.01596,-0.019234,-0.938287
428,0.131278,0.009779,0.385324,-0.446533,0.787803,-0.424286,-0.805858,-0.560095,-0.191982,-0.388337,0.255205,0.88549,-0.000462,-0.011042,0.008776,-0.035436,0.014104,-0.017803,-1.910172,-0.112707,0.028267,0.356457,0.013592,0.889851,0.456039,-0.981855,-0.07421,0.17432,0.188956,-0.451245,0.872088,-3e-06,1.3e-05,9e-06,0.198537,-0.258289,-0.165544,0.413966,0.061799,0.032427,-0.007826,0.002359,-0.910193,0.414175,0.978895,0.086737,0.185038,-0.204345,0.404998,0.891189,-1e-06,2e-06,-4e-06,0.361798,-0.44026,-0.259291,0.36434,0.076862,0.031155,-0.054615,-0.460762,0.799478,-0.385398,-0.800982,-0.561612,-0.207408,-0.382262,0.213131,0.899138,-0.000244,-0.005579,0.00435,-0.035915,0.014368,-0.01808,-0.93796
429,0.131234,0.009422,0.385618,-0.445573,0.789359,-0.4224,-0.805929,-0.559051,-0.194709,-0.389292,0.252682,0.885794,-0.000342,-0.010346,0.009214,-0.02877,0.03775,-0.00667,-1.909851,-0.112506,0.028243,0.356432,0.01248,0.893794,0.448294,-0.981833,-0.073752,0.174635,0.189147,-0.443446,0.876038,0.000208,-0.001091,-0.000756,0.021208,-0.027804,-0.017662,0.39703,0.061904,0.032415,-0.007838,0.004585,-0.914096,0.405471,0.979008,0.086727,0.184448,-0.203769,0.396114,0.895305,0.000109,-0.000573,-0.0004,-0.010786,0.01443,-0.010361,0.357482,0.07684,0.030978,-0.054473,-0.459813,0.801095,-0.383167,-0.801093,-0.560387,-0.210273,-0.383171,0.210266,0.899426,-1.1e-05,-3e-05,-1.8e-05,-0.005192,-0.002243,0.000545,-0.93796
430,0.131217,0.009207,0.385814,-0.444651,0.789513,-0.423084,-0.805533,-0.55896,-0.196601,-0.39116,0.252404,0.88505,-0.000326,-0.010253,0.009275,-0.03544,0.014072,-0.017818,-1.910393,-0.112252,0.028251,0.356413,-0.004469,0.902727,0.430181,-0.980032,-0.089299,0.177475,0.198643,-0.421926,0.884524,1e-05,-5.1e-05,-3.5e-05,-0.358962,-0.823826,0.420652,0.396058,0.062026,0.032416,-0.00785,0.022425,-0.920779,0.389438,0.977164,0.102516,0.186116,-0.211295,0.376372,0.902051,-4e-06,1.7e-05,1.1e-05,0.07479,-0.200364,-0.255224,0.349154,0.076832,0.030871,-0.054375,-0.458878,0.801165,-0.384141,-0.800714,-0.560274,-0.212011,-0.385081,0.210299,0.898602,-0.000164,-0.005118,0.004642,-0.036373,0.013248,-0.018504,-0.938123
431,0.131242,0.009096,0.385909,-0.443697,0.789655,-0.42382,-0.804992,-0.558956,-0.198818,-0.39335,0.251972,0.884202,-0.0,-0.0,-0.0,0.0,0.0,0.0,-1.910386,-0.112014,0.028283,0.356435,-0.018064,0.908447,0.417599,-0.979565,-0.09959,0.174551,0.200193,-0.407048,0.891122,0.012536,0.002879,0.000722,0.101765,-0.224732,0.130261,0.396263,0.06215,0.032434,-0.007838,0.035674,-0.926627,0.374285,0.976187,0.1125,0.185475,-0.213973,0.358756,0.908575,0.006256,0.001497,0.000399,0.065135,-0.182641,0.138147,0.349317,0.076844,0.030812,-0.054324,-0.457952,0.801339,-0.384882,-0.800199,-0.560179,-0.214194,-0.387245,0.209892,0.897766,-2e-06,3e-06,1e-06,-0.000203,8.2e-05,-0.000129,-0.940736
432,0.131234,0.009097,0.385921,-0.443621,0.791043,-0.421304,-0.805305,-0.558077,-0.200012,-0.392794,0.249562,0.885132,5.9e-05,0.000343,0.000213,0.006683,0.023679,0.011114,-1.909685,-0.111965,0.028285,0.356431,-0.025177,0.911062,0.411488,-0.97928,-0.105048,0.172945,0.200833,-0.399747,0.894277,6e-06,-3.1e-05,-2.1e-05,0.21867,-0.279633,-0.179509,0.395191,0.062175,0.032436,-0.007839,0.042039,-0.928493,0.368961,0.975628,0.117751,0.185159,-0.215365,0.352185,0.910814,0.0,-9e-06,-7e-06,0.34827,-0.410292,-0.235724,0.349154,0.07684,0.030812,-0.054318,-0.457897,0.802746,-0.382004,-0.800551,-0.559184,-0.215477,-0.386584,0.207147,0.898688,3.6e-05,0.000224,0.00014,-0.00201,-0.003563,0.001346,-0.940083
433,0.131218,0.009137,0.385911,-0.443486,0.792441,-0.41881,-0.8056,-0.557181,-0.201318,-0.392341,0.247122,0.886017,1e-06,5e-06,3e-06,0.005678,0.020131,0.009451,-1.910329,-0.111919,0.028299,0.356448,-0.037104,0.916289,0.398785,-0.978008,-0.115094,0.173744,0.205156,-0.384714,0.899872,-0.000299,0.001553,0.001076,-2.057708,-1.239744,-4.883033,0.384323,0.062198,0.03244,-0.007833,0.049332,-0.933296,0.355702,0.974989,0.122269,0.185592,-0.216704,0.337651,0.915986,-1.6e-05,7.9e-05,5.5e-05,0.177977,-0.208324,-0.132953,0.343439,0.076832,0.030833,-0.054322,-0.45775,0.804044,-0.379443,-0.800874,-0.558231,-0.216745,-0.38609,0.204672,0.899468,-4e-06,-1.4e-05,-8e-06,-0.002271,-0.004594,0.000926,-0.939266
434,0.131228,0.009144,0.385903,-0.443449,0.792456,-0.418822,-0.805605,-0.55716,-0.201357,-0.392373,0.247124,0.886002,0.0,0.0,0.0,1e-06,4e-06,2e-06,-1.911114,-0.1118,0.02834,0.3565,-0.045631,0.921997,0.384486,-0.977613,-0.120198,0.172509,0.205336,-0.369161,0.906322,0.00136,-0.008815,0.009797,0.048858,-0.102286,-0.089961,0.372072,0.062257,0.032464,-0.00781,0.063691,-0.937976,0.340797,0.973775,0.133149,0.184479,-0.218414,0.32011,0.921858,0.006089,0.002353,0.000994,0.092384,-0.220914,0.148634,0.327273,0.076837,0.030836,-0.054327,-0.457681,0.803933,-0.379761,-0.800867,-0.558276,-0.216651,-0.386185,0.204981,0.899356,-1e-06,-6e-06,-4e-06,-0.000269,-0.001008,-0.000505,-0.936817
435,0.131248,0.009134,0.38592,-0.443281,0.792533,-0.418853,-0.805699,-0.557012,-0.201388,-0.392369,0.247209,0.88598,6e-06,3.5e-05,2.2e-05,0.0,0.0,0.0,-1.911287,-0.111752,0.028332,0.356597,-0.053786,0.923203,0.38052,-0.977434,-0.126478,0.168999,0.204227,-0.363998,0.908658,0.001054,-0.007226,0.010898,-0.138249,-0.200439,-0.51697,0.366534,0.062282,0.032458,-0.007763,0.071436,-0.938827,0.336896,0.973556,0.139106,0.18121,-0.216989,0.315042,0.923939,-0.000264,0.001395,0.000956,-0.559623,-0.478182,-1.423211,0.319925,0.076847,0.030831,-0.054318,-0.457515,0.804009,-0.379799,-0.800962,-0.558133,-0.216671,-0.386184,0.205074,0.899335,3e-06,1.1e-05,5e-06,-0.0,-0.000108,-0.000149,-0.937633
436,0.131228,0.009136,0.385922,-0.443229,0.793893,-0.416326,-0.805991,-0.556155,-0.202586,-0.391829,0.244773,0.886896,0.0,0.0,0.0,0.011161,-0.06888,0.187263,-1.911373,-0.111671,0.028391,0.35689,-0.057357,0.926227,0.372566,-0.977881,-0.127153,0.165876,0.201096,-0.355971,0.912529,-0.001434,0.007425,0.00513,-1.56212,-2.084333,0.989497,0.358709,0.062323,0.03248,-0.007616,0.076187,-0.940515,0.331099,0.974195,0.140969,0.176269,-0.212459,0.309126,0.926985,0.000163,-0.001753,0.006734,0.045008,-0.113402,-0.069627,0.308168,0.076837,0.030832,-0.054317,-0.457615,0.805321,-0.376888,-0.80123,-0.557268,-0.217902,-0.385509,0.202259,0.900262,-0.0,-4e-06,-3e-06,-0.003059,-0.007524,-0.000564,-0.939103
437,0.131135,0.009146,0.385965,-0.438915,0.79898,-0.411132,-0.809656,-0.550033,-0.204674,-0.389128,0.242044,0.888832,0.000161,0.000935,0.000581,0.00948,0.038655,0.022111,-1.910406,-0.111637,0.028518,0.357399,-0.064685,0.928922,0.36457,-0.976874,-0.133402,0.166898,0.203762,-0.346506,0.915575,0.012026,0.003642,0.017108,-0.029963,-0.059574,0.029001,0.349669,0.062336,0.032543,-0.007367,0.083173,-0.943499,0.320766,0.972737,0.146789,0.179538,-0.216479,0.297088,0.929986,-0.000399,0.001139,0.008718,-0.08925,-0.064274,0.049281,0.295595,0.07679,0.030835,-0.054297,-0.453181,0.810344,-0.371441,-0.805062,-0.550971,-0.219786,-0.382756,0.19943,0.902067,-0.006309,0.001466,0.001035,-0.016101,0.019069,0.02114,-0.93943
438,0.131106,0.009134,0.385993,-0.440367,0.801253,-0.405111,-0.810691,-0.548704,-0.204147,-0.385319,0.23752,0.891707,8.4e-05,0.00049,0.000305,0.148034,0.531256,0.248301,-1.910704,-0.111647,0.028587,0.357755,-0.066591,0.931866,0.356628,-0.976681,-0.133841,0.167678,0.20408,-0.338312,0.918564,-0.001018,0.003496,0.018248,0.037618,-0.099165,-0.053665,0.348675,0.062336,0.032576,-0.007196,0.084955,-0.946023,0.312765,0.972551,0.146977,0.180392,-0.216624,0.288855,0.932542,-0.000572,0.002027,0.009318,0.055627,-0.123348,-0.050876,0.291676,0.076776,0.030831,-0.054282,-0.454581,0.811153,-0.367948,-0.805861,-0.550508,-0.21801,-0.379398,0.197412,0.903927,5.2e-05,0.000305,0.000191,-0.014521,0.059252,-0.18837,-0.936654
439,0.131108,0.009118,0.386031,-0.440947,0.803579,-0.399841,-0.811004,-0.547508,-0.206105,-0.383996,0.232388,0.893627,1.6e-05,9.5e-05,5.9e-05,0.02955,0.104389,0.048966,-1.91209,-0.111697,0.028818,0.358541,-0.070328,0.936989,0.342193,-0.97664,-0.134355,0.167505,0.203026,-0.323593,0.924084,-0.001849,0.007798,0.021128,0.093662,-0.180901,-0.071549,0.348573,0.062311,0.032692,-0.006797,0.088769,-0.950369,0.298189,0.97251,0.147399,0.180268,-0.215275,0.27399,0.937329,-0.000969,0.004075,0.010688,0.108976,-0.195549,-0.090228,0.28939,0.076777,0.030824,-0.054263,-0.455132,0.814364,-0.360089,-0.806444,-0.548443,-0.221038,-0.377495,0.18979,0.906353,6e-06,3.6e-05,2.5e-05,0.022624,0.189631,-0.128571,-0.936654
440,0.131133,0.009137,0.386066,-0.441119,0.806044,-0.394653,-0.811469,-0.545996,-0.208274,-0.382816,0.227369,0.895423,0.00012,0.000698,0.000433,0.04022,0.141986,0.066592,-1.911906,-0.111715,0.02913,0.359482,-0.071908,0.939343,0.335344,-0.976638,-0.134423,0.167457,0.202479,-0.316646,0.926607,-0.002409,0.010691,0.022998,-0.028332,-0.027932,0.025952,0.340455,0.062302,0.032848,-0.006327,0.090802,-0.952325,0.291258,0.972463,0.147825,0.180169,-0.214635,0.266878,0.939524,-0.00041,0.000278,0.015952,-0.087052,-0.011373,0.036289,0.286124,0.07679,0.030832,-0.054246,-0.455271,0.816412,-0.355242,-0.806908,-0.546983,-0.222952,-0.376333,0.185145,0.907796,8.6e-05,0.000508,0.000315,0.066629,0.231896,0.10561,-0.938777
441,0.131144,0.009204,0.386107,-0.436028,0.81003,-0.392142,-0.815069,-0.540116,-0.209543,-0.381004,0.227245,0.896227,0.000387,0.00225,0.001396,0.006708,0.023714,0.011122,-1.912126,-0.111953,0.029407,0.360487,-0.072194,0.939376,0.335188,-0.97626,-0.135215,0.169017,0.204196,-0.316206,0.92638,-0.002696,0.012242,0.023931,-0.030211,-0.037291,0.054021,0.325516,0.062183,0.032989,-0.005823,0.090917,-0.952291,0.291331,0.972024,0.148479,0.181996,-0.216569,0.266634,0.93915,-0.006693,-0.000827,0.01577,-0.070133,-0.001474,-0.018564,0.267182,0.076795,0.030863,-0.054227,-0.450171,0.820589,-0.352104,-0.810666,-0.540905,-0.224146,-0.374387,0.184535,0.908724,0.000229,0.001325,0.000824,-0.001499,-0.018849,0.025974,-0.939756
442,0.131152,0.009248,0.386135,-0.437052,0.809873,-0.391327,-0.815725,-0.540133,-0.206931,-0.37842,0.227765,0.897189,0.00044,0.002557,0.001586,9.8e-05,0.000347,0.000163,-1.911033,-0.11201,0.029497,0.36101,-0.073466,0.940667,0.33127,-0.975991,-0.135961,0.16997,0.205029,-0.312009,0.927619,-0.002238,0.009874,0.022292,-0.024292,-0.03293,0.022815,0.32616,0.062152,0.033044,-0.005549,0.092238,-0.953436,0.287142,0.971773,0.149079,0.182843,-0.217136,0.262172,0.940274,-0.001127,0.004905,0.011128,-0.042633,-0.010558,0.026586,0.262283,0.076799,0.030885,-0.054213,-0.451168,0.820282,-0.351544,-0.811284,-0.541106,-0.221406,-0.371839,0.185311,0.909612,0.00026,0.00151,0.000937,0.000497,-0.020515,0.02324,-0.938123
443,0.131155,0.009315,0.386188,-0.436761,0.81,-0.391388,-0.815859,-0.539891,-0.207032,-0.378467,0.227883,0.897139,0.000223,0.001297,0.000804,0.0,0.0,0.0,-1.905569,-0.111947,0.029615,0.361995,-0.078084,0.945116,0.317253,-0.975712,-0.137632,0.170228,0.204659,-0.29744,0.932473,-0.000113,-0.002913,0.029365,0.126423,-0.261507,-0.144899,0.33006,0.062184,0.033104,-0.005067,0.096308,-0.957075,0.273371,0.971451,0.150206,0.183632,-0.216812,0.247882,0.944217,-0.000916,0.003795,0.010345,0.25329,-0.355426,-0.163379,0.263263,0.076801,0.030922,-0.054184,-0.450883,0.820381,-0.35168,-0.811405,-0.540894,-0.221482,-0.371921,0.185492,0.909541,0.000156,0.00091,0.000565,0.00015,-6.7e-05,-0.000409,-0.940083
444,0.131192,0.009341,0.386239,-0.436334,0.810188,-0.391474,-0.816071,-0.539527,-0.207144,-0.378501,0.228076,0.897076,0.000118,0.000688,0.000426,0.0,0.0,0.0,-1.90676,-0.111951,0.029677,0.36296,-0.08101,0.946282,0.313016,-0.975826,-0.13911,0.168365,0.202978,-0.292996,0.934246,-0.001588,0.00649,0.019895,0.015477,-0.082579,-0.008144,0.330102,0.062182,0.033133,-0.004581,0.099963,-0.958024,0.268695,0.971575,0.152224,0.181295,-0.214587,0.242934,0.94601,9.8e-05,-0.002344,0.014071,-0.03527,-0.053092,-0.057465,0.264406,0.076819,0.030936,-0.054158,-0.45047,0.820571,-0.351763,-0.811616,-0.540539,-0.221576,-0.371961,0.185683,0.909486,6.2e-05,0.000364,0.000225,0.000105,4.9e-05,-0.000255,-0.940409
445,0.131213,0.00933,0.386267,-0.436162,0.810267,-0.391504,-0.816176,-0.539367,-0.207149,-0.378475,0.228174,0.897062,5e-05,0.000292,0.000181,0.0,0.0,0.0,-1.90817,-0.112004,0.029699,0.36341,-0.082695,0.946773,0.311084,-0.975867,-0.140088,0.16731,0.2021,-0.290928,0.935083,0.000568,-0.006437,0.026959,-0.022343,-0.063547,-0.054316,0.330219,0.062154,0.033151,-0.004356,0.101624,-0.958395,0.266739,0.971611,0.1532,0.180277,-0.213641,0.240847,0.946757,-0.000662,0.002486,0.009434,0.003624,-0.07349,-0.011649,0.264406,0.07683,0.030931,-0.054144,-0.450303,0.820651,-0.351791,-0.811719,-0.540384,-0.221573,-0.371937,0.185781,0.909476,1.9e-05,0.000117,7.2e-05,6.8e-05,4.7e-05,-0.00021,-0.940409
446,0.131189,0.009356,0.386295,-0.436154,0.811516,-0.388916,-0.81644,-0.538541,-0.208256,-0.377915,0.225681,0.897928,0.000149,0.000867,0.000537,0.001116,0.003964,0.001858,-1.911794,-0.112093,0.029727,0.364136,-0.082986,0.94678,0.310985,-0.975527,-0.140795,0.168696,0.203619,-0.290562,0.934867,-0.000585,0.001302,0.016422,-0.034134,-0.008849,0.004048,0.341802,0.06211,0.033163,-0.003989,0.101933,-0.958332,0.266849,0.971182,0.15396,0.181935,-0.215438,0.240613,0.946409,-0.000318,0.000719,0.008258,-0.035179,-0.006914,0.006241,0.270285,0.076818,0.030942,-0.054131,-0.450298,0.821863,-0.348958,-0.812015,-0.539468,-0.222721,-0.371299,0.183069,0.910286,9e-05,0.000529,0.000329,-0.00503,-0.015985,-0.005546,-0.940736
447,0.131198,0.00933,0.386431,-0.436127,0.814012,-0.383695,-0.817087,-0.536796,-0.210214,-0.376548,0.220816,0.89971,0.000262,0.001526,0.000944,0.124729,0.443111,0.207541,-1.910893,-0.112123,0.029642,0.364842,-0.087598,0.947289,0.308158,-0.975501,-0.144097,0.166034,0.201809,-0.287252,0.936281,-0.000217,-0.000605,0.015155,0.072404,-0.142912,-0.078799,0.346325,0.062095,0.03312,-0.003636,0.106162,-0.958609,0.264191,0.971121,0.157046,0.179604,-0.213661,0.237495,0.947599,-9.9e-05,-0.000416,0.007504,0.120066,-0.195266,-0.098412,0.280409,0.076822,0.030929,-0.054063,-0.450261,0.823158,-0.345939,-0.812467,-0.538403,-0.223649,-0.370353,0.180364,0.911211,-3e-06,-0.004187,0.005219,0.106817,0.520803,0.220826,-0.941226
448,0.131198,0.009205,0.386694,-0.431588,0.818927,-0.378332,-0.820914,-0.530352,-0.211656,-0.373451,0.218208,0.901636,0.000125,-0.007625,0.010909,0.071079,0.392026,0.158839,-1.912837,-0.112175,0.029532,0.365417,-0.089992,0.947544,0.306682,-0.975355,-0.145992,0.165235,0.201466,-0.285442,0.936908,-0.012118,-0.005863,0.012887,-0.013483,-0.010733,-0.06945,0.346075,0.062073,0.033068,-0.003347,0.108916,-0.958811,0.26233,0.970984,0.159139,0.178507,-0.212902,0.235276,0.948323,7.8e-05,-0.001327,0.006906,-0.028679,-0.022391,-0.015245,0.282695,0.076822,0.030871,-0.053941,-0.445685,0.827961,-0.340358,-0.816402,-0.531903,-0.224869,-0.367221,0.177648,0.913011,0.000313,0.001833,0.001131,0.141637,0.487985,0.26183,-0.942695
449,0.131205,0.009125,0.386879,-0.431692,0.818914,-0.378242,-0.821078,-0.530297,-0.211156,-0.372969,0.21839,0.901791,0.000428,-0.005863,0.011998,-0.032963,0.007145,0.010736,-1.913118,-0.1122,0.029423,0.365699,-0.091871,0.947928,0.30493,-0.975394,-0.147157,0.163968,0.20043,-0.283552,0.937704,-0.01198,-0.00657,0.012426,-0.01812,-0.016427,-0.039198,0.347088,0.06206,0.033014,-0.003211,0.110853,-0.959079,0.260536,0.971016,0.160375,0.177221,-0.211752,0.233339,0.949059,0.000231,-0.002124,0.006388,-0.038581,-0.011555,-0.011369,0.283838,0.076825,0.030828,-0.05385,-0.445779,0.828891,-0.337965,-0.816786,-0.53113,-0.225299,-0.366252,0.175611,0.913793,0.000182,-0.003099,0.005894,-0.040801,-0.018482,0.0012,-0.946941
450,0.13123,0.00895,0.387263,-0.431881,0.820097,-0.375453,-0.821674,-0.529347,-0.211222,-0.371438,0.216253,0.902937,0.000649,0.003783,0.002333,3.7e-05,0.000132,6.1e-05,-1.911004,-0.11221,0.02915,0.366144,-0.09292,0.947108,0.307153,-0.975347,-0.148455,0.163073,0.200174,-0.285616,0.937132,-0.011504,-0.009061,0.010815,-0.035811,0.006828,-0.025369,0.348512,0.062056,0.032876,-0.002984,0.11182,-0.958262,0.263114,0.970885,0.161795,0.176644,-0.211842,0.235702,0.948454,-0.000248,0.001254,0.000814,-0.003871,-0.002262,0.002974,0.286124,0.076838,0.030739,-0.053653,-0.445955,0.829866,-0.335327,-0.817385,-0.530248,-0.225206,-0.364698,0.17366,0.914787,0.00014,-0.003324,0.005758,-0.037046,0.008497,-0.020283,-0.952493
451,0.13124,0.008739,0.387648,-0.431669,0.820256,-0.37535,-0.822218,-0.52887,-0.2103,-0.370481,0.216816,0.903195,0.000115,-0.007685,0.010879,-0.035456,0.013975,-0.017863,-1.9083,-0.112182,0.028833,0.366522,-0.094148,0.946214,0.309527,-0.975292,-0.14993,0.162051,0.199872,-0.287809,0.936526,0.001436,-0.009217,0.009563,-0.036051,0.005068,-0.021112,0.348739,0.062065,0.032718,-0.002794,0.112966,-0.957463,0.265523,0.970805,0.163271,0.175723,-0.211601,0.23792,0.947954,0.000704,-0.004571,0.004805,-0.038204,0.002668,-0.01901,0.28743,0.076844,0.030636,-0.053453,-0.445747,0.830001,-0.335271,-0.817926,-0.529833,-0.224215,-0.363737,0.174283,0.915052,4.6e-05,-0.003873,0.005421,-0.035394,0.013954,-0.018194,-0.953146
452,0.131241,0.008568,0.387976,-0.431548,0.820365,-0.375251,-0.82265,-0.528515,-0.2095,-0.369663,0.217267,0.903422,0.000147,-0.007504,0.010993,-0.035459,0.013955,-0.017872,-1.905923,-0.112205,0.028487,0.366853,-0.095323,0.945329,0.311862,-0.975257,-0.151321,0.160965,0.199488,-0.289987,0.935935,0.00154,-0.009765,0.009215,-0.036047,0.00505,-0.021123,0.346674,0.062053,0.032546,-0.002634,0.114059,-0.956676,0.267882,0.970756,0.164657,0.174699,-0.211239,0.240122,0.94748,0.000735,-0.004734,0.004702,-0.03662,0.004361,-0.020107,0.28645,0.076844,0.030552,-0.053294,-0.445619,0.830108,-0.335175,-0.818345,-0.529519,-0.223426,-0.36295,0.174727,0.915279,0.000273,0.001632,0.001005,6.2e-05,4.5e-05,-0.000206,-0.95037
453,0.131249,0.00852,0.388134,-0.431323,0.820485,-0.375246,-0.822909,-0.528221,-0.209225,-0.369349,0.217526,0.903488,0.000589,0.003437,0.002113,0.0,0.0,0.0,-1.903811,-0.112209,0.028383,0.367009,-0.095526,0.94529,0.311917,-0.975136,-0.151669,0.161373,0.199985,-0.289931,0.935847,0.001149,-0.007721,0.010539,-0.036046,0.005041,-0.021127,0.346998,0.062052,0.032488,-0.00256,0.114264,-0.956633,0.267947,0.970623,0.164987,0.175125,-0.211739,0.240065,0.947383,0.000614,-0.004099,0.005116,-0.036009,0.00502,-0.020539,0.285471,0.076848,0.030525,-0.053217,-0.445418,0.830221,-0.335164,-0.818595,-0.529259,-0.223128,-0.362635,0.174978,0.915356,0.000255,0.001525,0.000938,6.1e-05,3.2e-05,-0.000173,-0.94939
454,0.131306,0.008458,0.388399,-0.430848,0.820727,-0.375264,-0.823375,-0.527654,-0.208822,-0.368866,0.217989,0.903574,0.00068,0.003971,0.002439,0.000946,-0.012292,0.026049,-1.893278,-0.11219,0.028343,0.367342,-0.095826,0.945238,0.311985,-0.974941,-0.152201,0.162048,0.200791,-0.289824,0.935708,-0.001312,0.006858,0.004425,0.001884,-0.013793,0.025231,0.352839,0.062064,0.032456,-0.002389,0.114572,-0.956573,0.268031,0.9704,0.165507,0.175868,-0.212591,0.239948,0.947222,-0.000633,0.003283,0.002117,0.001989,-0.013725,0.025582,0.2889,0.076876,0.03049,-0.053081,-0.444965,0.830461,-0.335169,-0.819064,-0.528726,-0.222668,-0.36213,0.175446,0.915466,8.9e-05,-0.003636,0.005568,-0.035415,0.013961,-0.018002,-0.950207
455,0.131338,0.008422,0.388587,-0.430665,0.820832,-0.375244,-0.823637,-0.52738,-0.208483,-0.368497,0.218254,0.903661,0.000491,0.002867,0.001759,0.000947,-0.01228,0.026055,-1.89299,-0.112199,0.028451,0.367724,-0.096821,0.944928,0.312616,-0.974676,-0.153485,0.16243,0.2016,-0.290157,0.93543,-8.8e-05,-0.001252,0.014698,-0.047136,0.086299,-0.170101,0.351864,0.062059,0.032515,-0.002207,0.11542,-0.956313,0.268592,0.970137,0.166601,0.176287,-0.213334,0.240224,0.946984,-0.000923,0.004794,0.003086,0.001945,-0.013732,0.025484,0.292166,0.076892,0.030474,-0.052985,-0.444786,0.830567,-0.335146,-0.819323,-0.528473,-0.222315,-0.361764,0.175711,0.91556,0.000124,0.000745,0.000456,2.7e-05,2e-05,-8.6e-05,-0.947594
456,0.131343,0.008398,0.388666,-0.430658,0.822036,-0.372607,-0.823958,-0.526514,-0.209398,-0.367787,0.215807,0.904537,0.000331,0.001937,0.001188,0.004086,0.014595,0.006721,-1.894147,-0.112255,0.028465,0.367982,-0.097478,0.944729,0.313012,-0.974484,-0.154352,0.162759,0.202211,-0.290344,0.93524,-0.000153,-0.000909,0.014911,-0.047119,0.086211,-0.170151,0.350559,0.062031,0.032519,-0.002074,0.11608,-0.956117,0.269007,0.969917,0.167464,0.176677,-0.213973,0.240407,0.946794,-0.000105,-0.000346,0.007527,-0.034134,-0.008703,0.004293,0.292002,0.076895,0.030464,-0.052945,-0.444765,0.831771,-0.332174,-0.819687,-0.527487,-0.223314,-0.360964,0.172957,0.9164,3.9e-05,-0.003946,0.005378,-0.039895,0.000994,-0.020766,-0.947268
457,0.131346,0.008305,0.38882,-0.430809,0.821999,-0.372513,-0.824079,-0.526514,-0.208923,-0.367339,0.215948,0.904685,-0.000271,-0.009947,0.009499,-0.035467,0.013906,-0.017895,-1.893816,-0.112348,0.028534,0.368543,-0.099726,0.944457,0.313125,-0.974743,-0.155787,0.159816,0.199857,-0.290462,0.93571,-0.000504,0.000935,0.01607,0.055541,-0.123672,-0.065116,0.350091,0.061984,0.032556,-0.001798,0.118033,-0.955757,0.269435,0.970168,0.168852,0.173958,-0.211757,0.240864,0.947176,-0.000339,0.000878,0.008299,0.12484,-0.217216,-0.073303,0.289553,0.076897,0.03042,-0.052867,-0.444894,0.831626,-0.332364,-0.819791,-0.527575,-0.222724,-0.36057,0.173381,0.916475,-0.000154,-0.005061,0.004696,-0.035651,0.013166,-0.018286,-0.948084
458,0.131342,0.008137,0.388986,-0.429911,0.822146,-0.373226,-0.823623,-0.526402,-0.21099,-0.369404,0.215665,0.903912,0.0,0.0,0.0,0.0,0.0,0.0,-1.891784,-0.112437,0.028577,0.369168,-0.101346,0.944971,0.311047,-0.974692,-0.156793,0.159136,0.199289,-0.288232,0.93652,-0.000443,0.000626,0.015847,0.071429,-0.144066,-0.077132,0.353165,0.061939,0.032582,-0.001476,0.119705,-0.956144,0.267317,0.970093,0.169914,0.173342,-0.211161,0.238573,0.947888,-0.000261,0.000468,0.008022,0.121913,-0.200932,-0.098161,0.292166,0.076894,0.030334,-0.052785,-0.444009,0.831809,-0.333088,-0.819356,-0.527376,-0.224788,-0.362644,0.173109,0.915708,-0.000162,-0.005127,0.004657,-0.035666,0.014003,-0.018033,-0.95086
459,0.131337,0.008038,0.389065,-0.428886,0.822329,-0.374001,-0.823102,-0.526263,-0.213359,-0.371748,0.215308,0.903035,-0.000113,-0.000659,-0.000404,2.443614,-1.037061,0.764327,-1.89189,-0.112481,0.028567,0.369489,-0.101457,0.944981,0.310981,-0.974537,-0.157093,0.159791,0.199992,-0.288035,0.936431,-0.000561,0.001251,0.016233,-0.03076,-0.024393,0.028222,0.353358,0.061917,0.032575,-0.001317,0.120271,-0.956168,0.266975,0.969926,0.170501,0.173699,-0.211606,0.238055,0.947919,-0.000153,-9.7e-05,0.007659,-0.045053,0.001718,0.004666,0.293145,0.076892,0.030285,-0.052745,-0.444074,0.831797,-0.333032,-0.819449,-0.52736,-0.224482,-0.362352,0.173217,0.915803,-0.000235,-0.005549,0.0044,-0.035468,0.013908,-0.017975,-0.952166
460,0.13134,0.007831,0.389242,-0.429122,0.823451,-0.371251,-0.823507,-0.525463,-0.213766,-0.370578,0.212968,0.90407,-0.000377,-0.010569,0.009124,-0.034524,0.017252,-0.016364,-1.890329,-0.112624,0.028484,0.37012,-0.102036,0.944876,0.31111,-0.974167,-0.158104,0.161049,0.201499,-0.287824,0.936172,-0.000176,-0.000756,0.014942,-0.034169,-0.008714,0.004124,0.356943,0.061845,0.032538,-0.000999,0.120775,-0.95604,0.267208,0.969508,0.171422,0.17512,-0.213228,0.23791,0.947592,-8.8e-05,-0.000432,0.00744,-0.034307,-0.00836,0.004614,0.295431,0.076893,0.030184,-0.05266,-0.443211,0.833112,-0.330889,-0.819288,-0.526264,-0.227625,-0.363772,0.170208,0.915804,-4.8e-05,-0.000267,-0.000165,-0.005042,-0.015481,-0.005356,-0.952493
461,0.131353,0.007646,0.389409,-0.428353,0.823545,-0.371932,-0.822999,-0.525446,-0.215757,-0.37259,0.212651,0.903318,-0.000274,-0.009973,0.009493,-0.035475,0.013855,-0.017919,-1.8839,-0.112774,0.028445,0.370652,-0.104203,0.945179,0.309468,-0.97406,-0.159692,0.160124,0.200908,-0.28594,0.936876,3.6e-05,-0.001862,0.01423,0.012595,-0.068913,-0.031695,0.358694,0.06177,0.032519,-0.000733,0.12287,-0.956266,0.265436,0.969425,0.172895,0.174129,-0.212406,0.235925,0.948273,4.4e-05,-0.001119,0.007,0.009781,-0.069171,-0.038085,0.299187,0.0769,0.03009,-0.052577,-0.442438,0.833177,-0.331758,-0.818787,-0.526202,-0.22956,-0.365836,0.170073,0.915007,1.9e-05,0.000128,7.9e-05,-0.0017,0.000267,-0.000633,-0.953636
462,0.131362,0.00753,0.389549,-0.428407,0.823549,-0.371861,-0.823163,-0.525367,-0.215322,-0.372166,0.212828,0.903451,-0.000219,-0.009651,0.009692,-0.035477,0.013844,-0.017925,-1.873944,-0.112941,0.028462,0.371115,-0.106481,0.944874,0.309623,-0.974329,-0.161131,0.157017,0.198397,-0.28614,0.93735,0.000125,-0.002321,0.013929,-0.005443,-0.045697,-0.017827,0.36578,0.061687,0.032527,-0.000496,0.125265,-0.955928,0.265537,0.969675,0.174576,0.171032,-0.209851,0.236061,0.948808,7e-05,-0.001235,0.006924,-0.028541,-0.023624,-0.015372,0.304412,0.076904,0.030033,-0.052508,-0.442497,0.833175,-0.331685,-0.81895,-0.526148,-0.229104,-0.365399,0.170255,0.915147,5.2e-05,0.000317,0.000193,-4e-06,1.9e-05,-6e-05,-0.953799
463,0.131372,0.007468,0.389627,-0.428091,0.823699,-0.371893,-0.823398,-0.525041,-0.215221,-0.372011,0.213054,0.903462,-0.000177,-0.009406,0.009843,-0.035478,0.013837,-0.017928,-1.871281,-0.113004,0.028473,0.3713,-0.106391,0.944934,0.309472,-0.974266,-0.161124,0.157409,0.19875,-0.285946,0.937334,0.000481,-0.004201,0.012744,-0.035599,0.004363,-0.021525,0.368307,0.061654,0.032536,-0.000407,0.125176,-0.955942,0.265527,0.969573,0.174616,0.171567,-0.210373,0.235972,0.948714,-0.0007,0.003668,0.002304,-0.004973,-0.006704,0.026507,0.308168,0.076909,0.030001,-0.052469,-0.442184,0.83333,-0.331714,-0.819187,-0.525829,-0.228986,-0.365246,0.170482,0.915166,7.8e-05,0.000471,0.000289,0.006661,-0.084062,0.180078,-0.954289
464,0.131403,0.007349,0.389788,-0.427687,0.8239,-0.371911,-0.823772,-0.524574,-0.214925,-0.371647,0.213421,0.903525,0.000105,0.000613,0.000376,0.0,0.0,0.0,-1.859885,-0.113077,0.028581,0.371556,-0.10652,0.944915,0.309484,-0.974169,-0.161368,0.157765,0.199162,-0.285869,0.937271,-0.000973,0.005162,0.003231,0.0,-0.0,-0.0,0.362759,0.061618,0.032588,-0.000274,0.125274,-0.955906,0.265609,0.969451,0.174847,0.172022,-0.210878,0.235946,0.948609,-0.000481,0.002522,0.00158,1.4e-05,0.000222,0.000536,0.307352,0.076925,0.029939,-0.052384,-0.441798,0.833531,-0.331721,-0.819567,-0.525388,-0.228639,-0.36486,0.170855,0.915251,-9.3e-05,-0.004713,0.004918,-0.035461,0.013831,-0.017964,-0.954126
465,0.131409,0.007272,0.389963,-0.427391,0.824055,-0.371908,-0.824091,-0.524202,-0.214609,-0.37128,0.213735,0.903601,0.000277,0.001623,0.000994,0.0,0.0,0.0,-1.825552,-0.113101,0.028648,0.371691,-0.10693,0.944781,0.309753,-0.974071,-0.161874,0.157847,0.199419,-0.286027,0.937168,-0.0002,0.00106,0.000663,0.0,-0.0,-0.0,0.347622,0.061605,0.032625,-0.000204,0.125661,-0.955778,0.265888,0.969345,0.17533,0.172128,-0.211135,0.236107,0.948511,-6.1e-05,0.000314,0.000196,9.2e-05,6.5e-05,0.000354,0.297718,0.076928,0.029899,-0.052297,-0.441504,0.833689,-0.331714,-0.819887,-0.525034,-0.228304,-0.364496,0.171171,0.915337,1.8e-05,-0.004062,0.005317,-0.035449,0.013818,-0.017955,-0.948737
466,0.131414,0.00724,0.390049,-0.427293,0.824111,-0.371897,-0.824225,-0.52406,-0.214442,-0.371096,0.213869,0.903645,-2.3e-05,-0.008514,0.010394,-0.035482,0.013808,-0.017941,-1.813766,-0.113102,0.028656,0.371685,-0.107029,0.944743,0.309834,-0.974062,-0.161979,0.157795,0.199409,-0.286093,0.93715,0.000269,-0.001428,-0.000893,-0.001839,0.013563,-0.025359,0.328943,0.061604,0.032631,-0.000206,0.125737,-0.955749,0.265958,0.969338,0.175411,0.172085,-0.211122,0.236166,0.948499,2.8e-05,-0.000154,-9.6e-05,8.1e-05,5.8e-05,0.00029,0.284001,0.07693,0.029887,-0.052258,-0.441393,0.833751,-0.331709,-0.820017,-0.524895,-0.228159,-0.36434,0.171299,0.915375,0.000201,0.001194,0.00073,1.2e-05,8e-06,-1.9e-05,-0.947757
467,0.131426,0.00717,0.39017,-0.427113,0.824208,-0.371888,-0.824444,-0.523817,-0.214194,-0.370817,0.214087,0.903708,-0.000237,-0.009763,0.009631,-0.035483,0.0138,-0.017945,-1.787411,-0.113116,0.028512,0.371702,-0.107387,0.944629,0.310057,-0.973967,-0.162433,0.157916,0.199682,-0.286211,0.937055,0.000473,-0.002513,-0.001572,0.0,-0.0,-0.0,0.27233,0.061598,0.032555,-0.0002,0.126097,-0.955633,0.266202,0.969231,0.175866,0.172222,-0.211398,0.236295,0.948406,0.001138,-0.006864,0.003388,-0.037814,0.018496,-0.046378,0.231585,0.076937,0.029851,-0.052192,-0.441229,0.833845,-0.331691,-0.82024,-0.524673,-0.227869,-0.364037,0.171524,0.915454,-0.000129,-0.004932,0.004785,-0.035469,0.013804,-0.017962,-0.947268
468,0.131423,0.007086,0.390236,-0.426878,0.824323,-0.371903,-0.824645,-0.523556,-0.21406,-0.370643,0.214282,0.903734,-0.0,-2e-06,-1e-06,0.0,0.0,0.0,-1.758074,-0.113103,0.028239,0.371568,-0.108052,0.944393,0.310545,-0.973858,-0.163192,0.157803,0.199855,-0.28656,0.936912,0.001612,-0.008561,-0.005368,-0.001838,0.013555,-0.025363,0.129183,0.061602,0.032429,-0.00026,0.126716,-0.955418,0.266679,0.969113,0.176584,0.172153,-0.21157,0.236628,0.948285,0.000806,-0.004281,-0.002684,-0.001796,0.013581,-0.025235,0.098177,0.076935,0.029808,-0.05216,-0.440995,0.833963,-0.331703,-0.820442,-0.52442,-0.227722,-0.363864,0.171719,0.915486,-4e-06,-2e-05,-1.4e-05,9e-06,-1e-05,-1.4e-05,-0.945798
469,0.131444,0.007069,0.390271,-0.426854,0.824339,-0.371896,-0.824696,-0.523509,-0.213977,-0.370557,0.214335,0.903756,7.6e-05,0.000446,0.000273,0.0,0.0,0.0,-1.746144,-0.113088,0.027953,0.371392,-0.108755,0.944137,0.311078,-0.973759,-0.163974,0.157606,0.199959,-0.286958,0.936768,0.001153,-0.006124,-0.00385,-0.001838,0.013555,-0.025363,0.009696,0.061608,0.032273,-0.000356,0.127441,-0.955161,0.267256,0.968992,0.177408,0.171984,-0.211686,0.237051,0.948153,0.000601,-0.003187,-0.002002,-0.001815,0.01358,-0.025273,-0.070503,0.076945,0.029798,-0.052143,-0.440971,0.833979,-0.331695,-0.820493,-0.524377,-0.227637,-0.363778,0.171772,0.915509,4.8e-05,0.000277,0.000169,1.5e-05,-2e-06,-1.1e-05,-0.945472
470,0.131463,0.007051,0.390295,-0.4267,0.824409,-0.371918,-0.824791,-0.523363,-0.213971,-0.370524,0.214425,0.903749,1.1e-05,6.5e-05,4e-05,0.0,0.0,0.0,-1.745813,-0.11306,0.027859,0.371332,-0.108951,0.944065,0.311226,-0.973731,-0.164192,0.157551,0.199989,-0.287069,0.936728,0.000946,-0.005023,-0.003161,-0.001838,0.013555,-0.025363,-0.056166,0.061622,0.032224,-0.000388,0.127633,-0.955092,0.267409,0.96896,0.177626,0.17194,-0.211718,0.237164,0.948118,0.000443,-0.002343,-0.001475,-0.001805,0.013583,-0.025289,-0.147576,0.076955,0.02979,-0.05213,-0.440818,0.834051,-0.331717,-0.820589,-0.524233,-0.227623,-0.363747,0.171863,0.915505,2e-06,1.6e-05,1e-05,2.6e-05,-7e-06,-9e-06,-0.946614
471,0.131501,0.006993,0.390353,-0.42576,0.824549,-0.372683,-0.824186,-0.523317,-0.2164,-0.372942,0.213996,0.902855,0.0,1e-06,0.0,0.0,-0.0,0.0,-1.745576,-0.113096,0.027739,0.371261,-0.109426,0.943892,0.311585,-0.973663,-0.164721,0.157418,0.200059,-0.287337,0.93663,-0.011992,-0.004612,-0.001795,-0.002045,0.015205,-0.029245,-0.231363,0.061614,0.032161,-0.000425,0.128078,-0.954933,0.267763,0.968886,0.178132,0.171836,-0.211789,0.237424,0.948037,0.000241,-0.001281,-0.000807,-0.001823,0.013582,-0.02531,-0.306784,0.076974,0.029761,-0.052102,-0.439889,0.834236,-0.332486,-0.820009,-0.524078,-0.230057,-0.366171,0.171441,0.914618,-0.000151,-0.005081,0.004693,-0.035808,0.013929,-0.018042,-0.9489
472,0.131506,0.006993,0.390399,-0.425607,0.824621,-0.372701,-0.824291,-0.523164,-0.216371,-0.372885,0.214096,0.902855,0.000212,0.001243,0.00076,0.0,0.0,0.0,-1.745712,-0.11318,0.027724,0.37126,-0.109598,0.94383,0.311713,-0.973639,-0.164911,0.157369,0.200084,-0.287431,0.936596,-7.5e-05,0.000399,0.000252,0.0,-0.0,-0.0,-0.478148,0.061568,0.032152,-0.000427,0.128265,-0.954868,0.267909,0.968855,0.178344,0.171792,-0.211819,0.23753,0.948004,-6.6e-05,0.000356,0.000225,1.9e-05,9e-06,3.8e-05,-0.51302,0.076976,0.029758,-0.05208,-0.439738,0.834309,-0.332501,-0.820116,-0.523928,-0.230018,-0.366113,0.171542,0.914622,0.00014,0.00081,0.000494,1.2e-05,0.0,-5e-06,-0.951187
