frame,MLTx,MLTy,MLTz,MLTR1,MLTR2,MLTR3,MLTR4,MLTR5,MLTR6,MLTR7,MLTR8,MLTR9,MLTTVx,MLTTVy,MLTTVz,MLTRVx,MLTRVy,MLTRVz,MLGA,MRTx,MRTy,MRTz,MRTR1,MRTR2,MRTR3,MRTR4,MRTR5,MRTR6,MRTR7,MRTR8,MRTR9,MRTTVx,MRTTVy,MRTTVz,MRTRVx,MRTRVy,MRTRVz,MRGA,SLTx,SLTy,SLTz,SLTR1,SLTR2,SLTR3,SLTR4,SLTR5,SLTR6,SLTR7,SLTR8,SLTR9,SLTTVx,SLTTVy,SLTTVz,SLTRVx,SLTRVy,SLTRVz,SLGA,SRTx,SRTy,SRTz,SRTR1,SRTR2,SRTR3,SRTR4,SRTR5,SRTR6,SRTR7,SRTR8,SRTR9,SRTTVx,SRTTVy,SRTTVz,SRTRVx,SRTRVy,SRTRVz,SRGA
50,0.233082,-0.051725,0.35218,-0.591493,0.678064,-0.436361,-0.742248,-0.669244,-0.033936,-0.314314,0.302968,0.899691,0.000869,-0.004461,-0.024214,0.033462,0.015534,-0.031632,0.501109,-0.236404,-0.040274,0.317637,-0.677587,-0.665013,0.314044,0.735068,-0.624084,0.264815,0.020729,0.41112,0.91127,-0.00185,-0.00836,-0.009757,-0.001701,0.013835,-0.025221,0.35468,0.003665,0.037328,-0.002432,0.681137,0.656909,0.323298,-0.722536,0.674449,0.151853,-0.118294,-0.337027,0.934033,0.006729,-0.004746,-0.005634,0.001338,-0.000106,0.003784,0.050986,0.118017,0.028089,-0.031226,0.626716,-0.675904,-0.387788,0.704274,0.704283,-0.089348,0.333503,-0.217113,0.917407,0.000482,-0.002568,-0.012443,0.039039,0.029653,-0.028277,0.493772
51,0.233344,-0.052033,0.351551,-0.591621,0.679914,-0.433297,-0.743308,-0.668086,-0.03355,-0.311562,0.301375,0.901182,0.016299,-0.007636,-0.009129,0.020526,0.059943,0.030103,0.496707,-0.236378,-0.040168,0.317283,-0.678434,-0.665271,0.31166,0.734341,-0.624498,0.265856,0.01861,0.410071,0.911788,-0.00015,0.010456,-0.009042,0.035992,-0.014323,0.016442,0.442029,0.003677,0.037369,-0.002617,0.682193,0.656953,0.320974,-0.72189,0.674889,0.152967,-0.11613,-0.336061,0.934653,4.8e-05,0.00019,0.000223,0.003452,0.004662,-0.001693,0.190599,0.118144,0.027922,-0.031554,0.627059,-0.677616,-0.384228,0.705374,0.703222,-0.089018,0.330519,-0.215205,0.918935,0.000564,-0.004585,-0.00468,0.023577,-0.015185,0.183937,0.518592
52,0.233413,-0.052124,0.351438,-0.592671,0.679651,-0.432275,-0.743508,-0.667987,-0.030988,-0.309084,0.302184,0.901764,0.000496,-0.004086,-0.004177,0.000296,0.000923,0.000394,0.496136,-0.236341,-0.039956,0.317242,-0.679412,-0.665435,0.309169,0.73349,-0.624912,0.267228,0.016227,0.409172,0.912238,0.000869,0.015067,-0.003656,0.024381,-0.031068,0.025284,0.494325,0.003695,0.037471,-0.002641,0.68339,0.656878,0.318572,-0.721137,0.675373,0.154378,-0.113747,-0.335234,0.935242,0.000664,0.002986,0.00349,-0.0366,-0.069253,0.054782,0.265876,0.118185,0.027869,-0.031618,0.628035,-0.677202,-0.383365,0.70562,0.703302,-0.086404,0.328134,-0.216245,0.919545,0.000259,-0.002077,-0.002126,-0.001828,-0.000234,-0.028131,0.518755
53,0.233401,-0.052121,0.351471,-0.595276,0.681838,-0.425192,-0.744347,-0.667188,-0.02793,-0.301993,0.299012,0.905217,-0.000273,0.002248,0.002298,0.001562,0.00487,0.002079,0.496862,-0.236179,-0.03956,0.317543,-0.685397,-0.66608,0.294212,0.728064,-0.626628,0.277836,0.000156,0.405475,0.914031,0.001963,0.008909,0.010368,-0.010026,-0.030802,0.034129,0.533092,0.003777,0.03768,-0.002485,0.69071,0.656084,0.304093,-0.716512,0.677701,0.16532,-0.09762,-0.332075,0.938187,0.001038,0.004724,0.005495,8.3e-05,-0.016872,0.028474,0.374464,0.118179,0.027868,-0.031604,0.630771,-0.678777,-0.376016,0.70653,0.702752,-0.083382,0.320844,-0.213072,0.922853,-0.000193,0.001608,0.001645,-0.006441,-0.034079,0.022003,0.518429
54,0.233501,-0.051993,0.351592,-0.593866,0.684192,-0.423377,-0.745669,-0.665626,-0.029859,-0.301508,0.297112,0.906005,-0.00031,0.002546,0.002599,5.8e-05,0.000183,7.8e-05,0.506801,-0.236012,-0.039543,0.317864,-0.691195,-0.664926,0.283042,0.722413,-0.627955,0.289353,-0.013798,0.405313,0.913999,0.000271,-0.009914,0.009668,-0.41495,0.401629,0.222647,0.527623,0.003864,0.037709,-0.002309,0.696668,0.655248,0.292065,-0.712476,0.679539,0.174939,-0.083841,-0.329964,0.940262,0.000115,-0.005037,0.004742,-0.032166,0.019622,-0.018619,0.405163,0.118228,0.027939,-0.031537,0.629481,-0.680972,-0.374205,0.707911,0.701153,-0.085113,0.320335,-0.211327,0.923431,-0.000136,0.001119,0.001144,0.002736,-0.085725,0.180225,0.518755
55,0.233519,-0.051954,0.35163,-0.593243,0.684572,-0.423639,-0.746085,-0.665146,-0.030177,-0.301708,0.297312,0.905872,-0.000192,0.001577,0.00161,0.004897,-0.079456,0.182267,0.515833,-0.236064,-0.03964,0.317895,-0.698906,-0.656749,0.2832,0.715037,-0.63626,0.289533,-0.009089,0.405686,0.913893,-0.000422,-0.013066,0.006007,1.52251,1.620951,5.038384,0.526646,0.003839,0.037664,-0.00229,0.70094,0.649498,0.294676,-0.707993,0.683564,0.17744,-0.086183,-0.333003,0.938978,-0.000364,-0.001646,-0.001912,0.013146,0.003551,-0.024347,0.414307,0.118237,0.027963,-0.031513,0.62886,-0.681388,-0.37449,0.708354,0.700673,-0.085382,0.320573,-0.211578,0.923291,-9.8e-05,0.000801,0.000817,0.004789,-0.080254,0.181627,0.518755
56,0.233449,-0.05195,0.351655,-0.591522,0.685621,-0.424348,-0.747238,-0.66381,-0.031031,-0.302233,0.297876,0.905512,8.1e-05,-0.000664,-0.000677,0.0,0.0,0.0,0.51836,-0.236227,-0.039942,0.317816,-0.702728,-0.651564,0.285708,0.711313,-0.639427,0.29172,-0.006508,0.409051,0.912413,-0.001038,-0.00471,-0.005482,-0.000298,0.000306,0.000188,0.52415,0.003756,0.037504,-0.002331,0.707955,0.640101,0.298444,-0.700341,0.690844,0.179599,-0.091217,-0.336162,0.937375,-0.000651,-0.00296,-0.003442,0.004787,0.008048,-0.02693,0.425901,0.118201,0.027968,-0.031497,0.627207,-0.682569,-0.375113,0.709567,0.699353,-0.086138,0.321132,-0.212141,0.922967,-0.000373,0.004453,-0.005317,0.035578,-0.005701,0.021646,0.519082
57,0.233436,-0.052026,0.351506,-0.58896,0.685676,-0.427807,-0.748511,-0.662363,-0.031266,-0.304076,0.300948,0.903878,0.00037,-0.003048,-0.003114,-0.00721,-0.118339,0.165652,0.517953,-0.236281,-0.040138,0.317492,-0.70165,-0.652205,0.286893,0.712382,-0.638457,0.291234,-0.005899,0.409547,0.912195,-0.001568,-0.007101,-0.008288,-0.013428,0.109411,-0.199229,0.507154,0.00373,0.037407,-0.002493,0.706906,0.640848,0.299326,-0.701328,0.689981,0.179065,-0.091776,-0.336508,0.937197,-0.0008,-0.00364,-0.004248,-0.001771,0.013639,-0.025793,0.425737,0.118195,0.027931,-0.031571,0.624709,-0.68283,-0.378788,0.710829,0.698076,-0.086081,0.323202,-0.215478,0.92147,0.000227,-0.001869,-0.001912,-0.003658,-0.004746,-0.039088,0.519245
58,0.233425,-0.052119,0.351398,-0.592474,0.682506,-0.428024,-0.744926,-0.666378,-0.031566,-0.306039,0.299291,0.903765,0.000145,-0.001193,-0.00122,0.005746,0.000416,-0.012141,0.517693,-0.236347,-0.040385,0.316996,-0.699361,-0.652916,0.290836,0.714655,-0.637064,0.288709,-0.002349,0.410585,0.911745,-0.002104,-0.009502,-0.011136,-0.003396,0.027711,-0.05042,0.49624,0.003696,0.037284,-0.00274,0.704227,0.642036,0.303073,-0.70354,0.688408,0.176424,-0.095368,-0.337467,0.936493,-0.000952,-0.004331,-0.005071,-0.002581,0.01279,-0.025146,0.418716,0.11819,0.027878,-0.031631,0.628004,-0.67966,-0.379039,0.707081,0.701778,-0.086853,0.325032,-0.213468,0.921295,6.7e-05,-0.000538,-0.000551,0.005266,0.002506,-0.012097,0.519572
59,0.233416,-0.052147,0.3514,-0.592436,0.682527,-0.428043,-0.744967,-0.666334,-0.031537,-0.306015,0.299341,0.903757,1.6e-05,-0.00013,-0.000132,-0.0,-0.0,-0.0,0.516882,-0.236381,-0.040505,0.316791,-0.698086,-0.653015,0.293663,0.715907,-0.636555,0.28672,0.000572,0.411216,0.911463,-0.001626,-0.007335,-0.008612,-0.001697,0.013859,-0.025209,0.492755,0.003677,0.037215,-0.002853,0.702678,0.642435,0.305811,-0.704681,0.687769,0.174346,-0.098322,-0.338008,0.935992,-0.000797,-0.003626,-0.004255,-0.004425,0.010222,-0.023967,0.416103,0.118186,0.027863,-0.031631,0.627973,-0.679688,-0.379041,0.707124,0.701738,-0.086817,0.324996,-0.21351,0.921297,0.000431,-0.004937,0.004822,-0.035583,0.005994,-0.021824,0.519572
60,0.233447,-0.052113,0.351432,-0.591688,0.68298,-0.428355,-0.745462,-0.665761,-0.031922,-0.306255,0.299581,0.903596,-0.00011,0.000905,0.000925,-0.0,-0.0,-0.0,0.51592,-0.236375,-0.040785,0.316445,-0.700693,-0.648947,0.296459,0.713338,-0.640286,0.284808,0.005867,0.411859,0.911154,-0.001795,-0.008091,-0.009529,0.145757,0.155519,0.427988,0.480951,0.003682,0.037081,-0.00302,0.704524,0.638861,0.309034,-0.702115,0.690871,0.172427,-0.103346,-0.338456,0.935289,0.006724,-0.004808,-0.00577,0.495312,0.493206,1.528149,0.411041,0.118201,0.027881,-0.031615,0.627249,-0.680207,-0.379309,0.707653,0.701163,-0.087161,0.325245,-0.213748,0.921154,-8.7e-05,0.000723,0.000738,-2.9e-05,-1.1e-05,0.0001,0.519572
61,0.233536,-0.052086,0.351466,-0.590029,0.683981,-0.429047,-0.746565,-0.664484,-0.032751,-0.306768,0.300132,0.903239,-1.3e-05,0.000103,0.000106,-0.0,-0.0,-0.0,0.515494,-0.236371,-0.041193,0.315962,-0.711189,-0.63695,0.297483,0.702777,-0.651995,0.284503,0.013631,0.412204,0.910915,-0.002305,-0.010374,-0.012274,-0.000499,0.015005,-0.021538,0.466091,0.003679,0.036883,-0.003253,0.714609,0.626124,0.311932,-0.690614,0.702423,0.1722,-0.11129,-0.33848,0.934368,-0.001292,-0.005852,-0.006917,0.010538,0.037955,-0.009623,0.398141,0.118245,0.027898,-0.031594,0.625643,-0.681348,-0.379913,0.708825,0.699885,-0.087899,0.325785,-0.214298,0.920836,-5e-06,3.9e-05,3.9e-05,0.004906,-0.079472,0.182337,0.519408
62,0.233581,-0.052081,0.351466,-0.589468,0.684318,-0.429281,-0.746935,-0.664054,-0.03304,-0.306949,0.300314,0.903117,-0.0,2e-06,2e-06,-0.0,-0.0,-0.0,0.515273,-0.236303,-0.041408,0.31569,-0.718339,-0.628693,0.297868,0.695357,-0.659963,0.284363,0.018701,0.412188,0.910832,-0.002558,-0.011517,-0.01366,-0.003386,0.027729,-0.050386,0.463262,0.003718,0.036772,-0.003394,0.721308,0.617583,0.313537,-0.682776,0.710061,0.172133,-0.116324,-0.338236,0.933843,0.006432,-0.006206,-0.007458,0.000644,-0.00364,0.003521,0.394386,0.118268,0.0279,-0.031594,0.6251,-0.681733,-0.380117,0.709217,0.699455,-0.088157,0.325975,-0.214479,0.920726,3e-06,-1.8e-05,-1.7e-05,1.5e-05,1.5e-05,6.9e-05,0.519408
63,0.233593,-0.05208,0.351467,-0.597032,0.677597,-0.429487,-0.739353,-0.672472,-0.033298,-0.310645,0.296816,0.90301,-0.0,0.0,0.0,0.712071,0.055207,-1.497152,0.515073,-0.236026,-0.041856,0.315167,-0.742325,-0.59867,0.300897,0.668861,-0.687603,0.282421,0.038748,0.411664,0.910437,-0.002379,-0.010734,-0.012791,0.146268,0.168194,0.402433,0.459821,0.003856,0.036541,-0.003662,0.743299,0.58695,0.320926,-0.654947,0.73619,0.170489,-0.136195,-0.336914,0.931632,-0.001175,-0.005347,-0.006373,0.146847,0.169798,0.406008,0.392263,0.118273,0.0279,-0.031594,0.631151,-0.675752,-0.380796,0.702434,0.706173,-0.088908,0.328988,-0.21137,0.920374,-4.5e-05,-5.6e-05,-2.7e-05,2.375552,0.180369,-4.989653,0.519572
64,0.233569,-0.052075,0.351459,-0.612467,0.663562,-0.429669,-0.723525,-0.689461,-0.033557,-0.317752,0.289494,0.902914,-0.0,0.0,0.0,0.001731,0.000135,-0.003638,0.503515,-0.235836,-0.042255,0.314655,-0.742537,-0.594431,0.308676,0.667923,-0.690783,0.276823,0.049603,0.412476,0.909542,-0.002335,0.000641,-0.020799,0.164613,0.186084,-0.109817,0.428368,0.003951,0.036341,-0.003912,0.74277,0.583225,0.328846,-0.653246,0.738973,0.164889,-0.146841,-0.337292,0.929876,-0.001176,-0.005354,-0.006409,0.476976,0.697435,-0.390827,0.377077,0.118262,0.027902,-0.031598,0.646983,-0.659775,-0.382241,0.684375,0.723499,-0.090435,0.336218,-0.203087,0.919626,6e-06,-3e-06,-2e-06,0.008856,-0.077542,0.170503,0.519898
65,0.23357,-0.052091,0.351487,-0.611664,0.664081,-0.43001,-0.72411,-0.68883,-0.033907,-0.317967,0.289804,0.902739,-1e-06,5e-06,5e-06,-0.0,-0.0,-0.0,0.502822,-0.235883,-0.042651,0.314115,-0.738729,-0.589257,0.327182,0.669979,-0.694384,0.262475,0.073446,0.413848,0.907303,-0.002222,-0.010013,-0.012046,0.433295,0.636688,-0.362578,0.398136,0.003926,0.036142,-0.004191,0.737069,0.579708,0.347371,-0.653937,0.741511,0.150088,-0.170572,-0.337784,0.925638,-0.0011,-0.004997,-0.006013,0.471244,0.688639,-0.386943,0.33952,0.118262,0.027895,-0.031584,0.646198,-0.660381,-0.382524,0.685016,0.722856,-0.090726,0.336424,-0.203408,0.91948,4e-06,-5e-06,-4e-06,0.004624,-0.079474,0.182913,0.519735
66,0.23357,-0.052091,0.351487,-0.61131,0.664311,-0.430158,-0.724357,-0.688561,-0.034093,-0.318085,0.289915,0.902662,-0.0,0.0,0.0,-0.0,-0.0,-0.0,0.505666,-0.235821,-0.0428,0.313836,-0.748683,-0.570528,0.337584,0.655946,-0.710832,0.253747,0.096129,0.412135,0.905962,0.013253,0.000299,-0.02149,2.041786,2.48071,0.40276,0.393557,0.003952,0.036066,-0.004324,0.745278,0.562635,0.357773,-0.639168,0.755626,0.143154,-0.1898,-0.335367,0.922769,-0.00106,-0.004674,-0.00568,1.854527,1.313469,5.166275,0.325967,0.118262,0.027895,-0.031584,0.645848,-0.660649,-0.382651,0.685286,0.722579,-0.090893,0.336544,-0.203523,0.91941,4e-06,-7e-06,-6e-06,-0.000179,-1.8e-05,0.000547,0.519898
67,0.233547,-0.052088,0.351493,-0.61086,0.664605,-0.430343,-0.724672,-0.688218,-0.034331,-0.318233,0.290055,0.902565,-0.015185,-0.001579,-0.00028,-0.000984,0.014715,-0.029553,0.50489,-0.23568,-0.042913,0.313193,-0.783448,-0.50877,0.356867,0.602517,-0.762273,0.236317,0.152776,0.400806,0.903259,-0.001966,0.002343,-0.018875,0.483478,0.533529,-0.156575,0.393008,0.004024,0.036009,-0.004638,0.775914,0.499739,0.384991,-0.580795,0.804122,0.126745,-0.246241,-0.321944,0.914175,-0.000965,-0.004404,-0.005328,0.05718,0.045766,0.119579,0.317802,0.118256,0.027897,-0.031581,0.645383,-0.661006,-0.382818,0.685646,0.72221,-0.091115,0.336703,-0.203674,0.919318,4e-06,-8e-06,-9e-06,-0.000129,-1.4e-05,0.000366,0.518429
68,0.23353,-0.052157,0.351557,-0.61031,0.664951,-0.430589,-0.725124,-0.687737,-0.034403,-0.318256,0.290402,0.902444,-0.0,0.0,0.0,-0.0,-0.0,-0.0,0.503416,-0.235667,-0.042836,0.312421,-0.796533,-0.469481,0.380938,0.569938,-0.793146,0.214528,0.202415,0.388587,0.898828,-0.002072,0.00188,-0.019478,1.488573,2.010955,-0.950331,0.378161,0.004036,0.03605,-0.00503,0.785051,0.461746,0.412897,-0.544852,0.831845,0.105681,-0.294669,-0.307933,0.904625,-0.001041,0.000858,-0.009838,0.070139,-0.047244,0.115333,0.31225,0.118242,0.027862,-0.031549,0.644977,-0.661307,-0.382984,0.686033,0.721846,-0.09109,0.336694,-0.203989,0.919252,0.000435,-0.004962,0.004796,-0.035529,0.005663,-0.021723,0.515326
69,0.233537,-0.052237,0.351623,-0.609988,0.665145,-0.430745,-0.725426,-0.687424,-0.034332,-0.318188,0.2907,0.902373,0.000974,-0.010797,0.008702,-0.035447,0.005673,-0.021967,0.504229,-0.235652,-0.04273,0.31206,-0.803693,-0.449303,0.390121,0.551567,-0.808353,0.205603,0.223978,0.380991,0.896963,-0.001468,0.004603,-0.01618,2.21522,1.057674,5.116634,0.368378,0.004042,0.036097,-0.005217,0.786629,0.447213,0.425692,-0.530446,0.842348,0.095267,-0.315977,-0.300746,0.899838,-0.000661,0.002574,-0.007756,0.077615,-0.057703,0.152348,0.29984,0.118245,0.027827,-0.031518,0.644536,-0.66163,-0.383167,0.686442,0.721456,-0.091084,0.336703,-0.204316,0.919176,7.5e-05,-0.000604,-0.000617,0.004833,-0.079359,0.182517,0.513693
70,0.233531,-0.052442,0.351831,-0.609675,0.665309,-0.430936,-0.72586,-0.68699,-0.033824,-0.3178,0.291346,0.902301,-4.8e-05,0.000393,0.000402,0.0,0.0,0.0,0.506845,-0.235573,-0.042223,0.311548,-0.817288,-0.412174,0.402671,0.515535,-0.835071,0.191872,0.258192,0.364931,0.894442,0.000362,0.012852,-0.006137,0.720911,0.198759,1.696366,0.386412,0.004079,0.036331,-0.00548,0.79732,0.410822,0.442158,-0.49238,0.866427,0.08286,-0.349057,-0.283776,0.8931,0.000183,0.006392,-0.003109,0.074823,0.03299,-0.000298,0.303923,0.118243,0.027718,-0.031414,0.644239,-0.661819,-0.383341,0.686904,0.721088,-0.090517,0.336328,-0.205004,0.91916,0.000398,-0.004689,0.005076,-0.035506,0.005637,-0.021845,0.51304
71,0.233375,-0.05263,0.351994,-0.609921,0.665126,-0.43087,-0.72587,-0.687012,-0.033142,-0.317304,0.29171,0.902358,-0.015194,-0.001575,-0.000278,-0.000984,0.014715,-0.029553,0.508101,-0.235762,-0.04142,0.31127,-0.838398,-0.366876,0.403091,0.468391,-0.863029,0.18901,0.279581,0.347739,0.89486,-0.014112,0.018206,0.000552,0.236348,0.081003,0.457618,0.387599,0.003985,0.036749,-0.005624,0.818417,0.359761,0.448068,-0.438543,0.894917,0.082475,-0.371313,-0.263996,0.890186,-0.00699,0.009376,0.00061,0.23724,0.080862,0.459772,0.317802,0.118171,0.027626,-0.031331,0.644452,-0.661636,-0.383298,0.686934,0.721144,-0.089848,0.33586,-0.205398,0.919243,-1e-06,-3e-06,-2e-06,-2.3e-05,1.3e-05,8.9e-05,0.514836
72,0.233252,-0.052664,0.352,-0.609944,0.665116,-0.430852,-0.725873,-0.687012,-0.033083,-0.317253,0.291734,0.902368,-0.00084,0.009724,-0.009799,0.035447,-0.005665,0.02197,0.506043,-0.236414,-0.04054,0.311402,-0.854684,-0.324341,0.405351,0.424493,-0.886,0.186397,0.29975,0.331795,0.894385,-0.013085,0.022599,0.005824,0.096218,0.01464,0.145692,0.387171,0.00366,0.037191,-0.005556,0.832307,0.316752,0.454897,-0.393353,0.915716,0.082074,-0.39056,-0.247246,0.886753,-0.006481,0.01158,0.003264,0.097325,0.011119,0.143596,0.318782,0.118103,0.027604,-0.031324,0.644505,-0.6616,-0.383271,0.686922,0.721166,-0.089749,0.335781,-0.205434,0.919264,1.3e-05,-0.000112,-0.000109,-2.5e-05,-0.0,6.7e-05,0.51206
73,0.233206,-0.052668,0.351985,-0.609789,0.66522,-0.43091,-0.725974,-0.6869,-0.033189,-0.317318,0.29176,0.902337,1e-05,-8e-05,-8.1e-05,0.0,0.0,0.0,0.506679,-0.236812,-0.040082,0.311587,-0.858889,-0.310932,0.406967,0.410714,-0.892763,0.184989,0.306877,0.326432,0.893942,-0.012839,0.023559,0.00694,0.084927,0.111606,-0.027592,0.393448,0.003477,0.037404,-0.005467,0.835683,0.303584,0.457678,-0.379443,0.921617,0.08151,-0.397059,-0.241779,0.885373,-0.006361,0.01205,0.003808,0.711489,0.297094,1.534533,0.321558,0.11808,0.027606,-0.031336,0.644343,-0.661728,-0.383322,0.687032,0.721046,-0.089877,0.335867,-0.205443,0.91923,5e-06,-4e-05,-3.9e-05,-1.9e-05,3e-06,5.6e-05,0.510754
74,0.233104,-0.052676,0.351957,-0.609382,0.665494,-0.431064,-0.726245,-0.6866,-0.033452,-0.317479,0.291841,0.902254,1.3e-05,-0.000109,-0.000111,0.0,0.0,0.0,0.508932,-0.237477,-0.039349,0.311991,-0.866644,-0.288042,0.407371,0.386944,-0.903376,0.184715,0.315884,0.318083,0.893814,-0.013024,0.022511,0.005597,0.042451,0.09232,-0.120944,0.4058,0.003135,0.037785,-0.005254,0.842253,0.280178,0.460552,-0.354906,0.931253,0.082519,-0.405771,-0.232954,0.883788,-0.006436,0.006076,0.007393,0.063743,0.014178,0.152036,0.337234,0.118029,0.027602,-0.03135,0.643951,-0.662035,-0.383452,0.68732,0.720742,-0.090119,0.336033,-0.205522,0.919152,-0.00759,-0.000839,-0.000192,0.003873,-0.064411,0.152898,0.510917
75,0.233081,-0.052678,0.351956,-0.608948,0.665776,-0.431241,-0.726548,-0.686269,-0.033681,-0.317621,0.291975,0.902161,0.0,-0.0,-0.0,0.0,0.0,0.0,0.508647,-0.238117,-0.038771,0.312401,-0.875155,-0.266549,0.403789,0.365506,-0.910935,0.191142,0.317968,0.315211,0.894092,-0.013224,0.021437,0.004245,0.067889,0.252223,0.564187,0.407127,0.002811,0.038084,-0.005046,0.849896,0.258685,0.459084,-0.334073,0.938262,0.089772,-0.407519,-0.229664,0.883845,-0.006623,0.010707,0.002118,0.015593,0.309341,0.59053,0.347031,0.118018,0.027601,-0.03135,0.643532,-0.662353,-0.383605,0.687639,0.720411,-0.090325,0.336181,-0.205655,0.919068,-2e-06,7e-06,8e-06,-1.8e-05,-1.1e-05,3.3e-05,0.510754
76,0.233081,-0.052678,0.351956,-0.608712,0.665929,-0.431339,-0.726712,-0.686089,-0.033806,-0.317699,0.292049,0.902109,0.0,-0.0,-0.0,0.0,0.0,0.0,0.508926,-0.238386,-0.038484,0.312587,-0.877736,-0.261208,0.401673,0.359715,-0.912919,0.192662,0.317465,0.313931,0.894722,-0.013179,0.021549,0.00435,0.687723,0.405993,1.324041,0.401933,0.002681,0.038219,-0.004956,0.852002,0.25403,0.457779,-0.329667,0.939587,0.092171,-0.406709,-0.229444,0.884275,-0.00654,0.005485,0.006609,2.233704,1.043686,4.957956,0.347684,0.118018,0.027601,-0.03135,0.643304,-0.662526,-0.383689,0.687813,0.720232,-0.090437,0.336262,-0.205728,0.919022,-3e-06,5e-06,7e-06,-2.2e-05,-1.1e-05,3.2e-05,0.510427
77,0.233081,-0.052677,0.351943,-0.608361,0.666157,-0.431482,-0.726948,-0.685829,-0.034015,-0.317832,0.292139,0.902033,0.000125,-0.001042,-0.001065,0.0,0.0,0.0,0.508471,-0.238745,-0.037881,0.312858,-0.880211,-0.247724,0.404788,0.348096,-0.916653,0.196241,0.323534,0.313959,0.892535,0.0018,0.018836,0.000923,0.163169,0.14569,0.533615,0.395583,0.002496,0.038523,-0.004817,0.85366,0.239812,0.462335,-0.317285,0.943408,0.096495,-0.41303,-0.229066,0.881438,-0.006717,0.004676,0.005639,0.578284,0.524639,1.373063,0.342133,0.118018,0.027604,-0.031354,0.642965,-0.662783,-0.383812,0.688062,0.719969,-0.090627,0.336399,-0.205816,0.918952,6.9e-05,-0.000609,-0.00062,-0.000731,0.011445,-0.026403,0.508958
78,0.233069,-0.05267,0.351935,-0.608012,0.666384,-0.431623,-0.727182,-0.68557,-0.034222,-0.317963,0.292228,0.901958,0.0,-0.0,-0.0,0.0,0.0,0.0,0.507755,-0.238904,-0.037335,0.312977,-0.883122,-0.227962,0.410024,0.331366,-0.921687,0.201553,0.333069,0.314159,0.88895,-0.013918,0.007108,0.008575,2.182509,1.211772,4.935805,0.394146,0.002423,0.038802,-0.004758,0.854108,0.225056,0.468879,-0.305814,0.94653,0.102748,-0.420684,-0.231148,0.877265,0.000745,0.008744,-0.000347,-0.041734,0.139888,-0.08324,0.337724,0.118012,0.027605,-0.031361,0.642629,-0.66304,-0.383933,0.68831,0.719709,-0.090816,0.336535,-0.205904,0.918883,-3e-06,6e-06,9e-06,-1.8e-05,-1.2e-05,2.5e-05,0.507161
79,0.233068,-0.052657,0.351934,-0.61583,0.659159,-0.431633,-0.719026,-0.694117,-0.034263,-0.321429,0.288431,0.901952,-0.0,4e-06,4e-06,0.001739,0.000138,-0.003634,0.506193,-0.238838,-0.036788,0.312918,-0.883477,-0.21381,0.416827,0.32294,-0.922425,0.211602,0.340352,0.321833,0.88343,0.000815,0.014543,-0.004203,-0.161079,0.172545,0.168706,0.399706,0.00245,0.039073,-0.004781,0.854283,0.206519,0.477021,-0.292855,0.949404,0.113436,-0.429459,-0.236605,0.871539,0.007909,0.006102,-0.003559,-0.211945,0.221862,0.202394,0.341153,0.118011,0.027612,-0.031361,0.650057,-0.655397,-0.38455,0.679671,0.727793,-0.091452,0.339811,-0.201919,0.918562,-1e-06,0.0,-0.0,0.004706,0.001439,-0.012184,0.505529
80,0.233056,-0.052651,0.351927,-0.615719,0.659235,-0.431676,-0.719098,-0.694039,-0.034346,-0.321482,0.288446,0.901928,-0.0,0.0,0.0,0.0,0.0,-0.0,0.50539,-0.238821,-0.036524,0.312764,-0.882968,-0.208272,0.420691,0.320978,-0.921703,0.217648,0.343524,0.327479,0.88012,0.000282,0.012224,-0.006946,-0.190234,0.214217,0.16132,0.40258,0.002459,0.039207,-0.004856,0.853151,0.201279,0.481267,-0.291464,0.949055,0.119762,-0.432644,-0.242447,0.868353,0.000118,0.006004,-0.003602,-0.239009,0.250145,0.216732,0.345725,0.118005,0.027615,-0.031364,0.649953,-0.655483,-0.384579,0.679749,0.727711,-0.091521,0.339854,-0.201933,0.918543,0.0,-1e-06,-2e-06,-0.000255,0.000132,0.000278,0.503896
81,0.232965,-0.05266,0.351926,-0.615522,0.659371,-0.431749,-0.71924,-0.693887,-0.034451,-0.321542,0.288501,0.90189,-0.0,0.0,0.0,0.0,0.0,0.0,0.503994,-0.238866,-0.035954,0.312235,-0.884126,-0.186764,0.42829,0.30613,-0.92392,0.229323,0.353979,0.334105,0.873462,-0.000345,0.009495,-0.010173,-0.305656,0.329732,0.2355,0.401886,0.002436,0.039492,-0.005121,0.852761,0.180958,0.489951,-0.277596,0.95163,0.131681,-0.442424,-0.248301,0.861746,-0.000245,0.009907,-0.009685,-0.435295,0.47098,0.337155,0.350624,0.117965,0.027611,-0.031365,0.649738,-0.655656,-0.384648,0.679922,0.727537,-0.091623,0.339919,-0.201999,0.918504,2e-06,-2e-06,-3e-06,-7.2e-05,-3e-06,0.000216,0.500793
82,0.232839,-0.052673,0.351923,-0.615502,0.659393,-0.431746,-0.719258,-0.693867,-0.034463,-0.32154,0.2885,0.901891,-0.0,0.0,0.0,0.0,0.0,0.0,0.504592,-0.238977,-0.035191,0.311694,-0.884284,-0.172027,0.434095,0.296859,-0.924602,0.23858,0.361426,0.340061,0.868097,0.00044,0.023886,-0.01455,-0.17337,0.216828,0.189808,0.402528,0.002379,0.03986,-0.005399,0.851554,0.166344,0.497176,-0.269088,0.952563,0.142181,-0.449941,-0.254859,0.85592,0.000288,0.012202,-0.006967,-0.258674,0.285051,0.261685,0.350624,0.117897,0.027604,-0.031366,0.649734,-0.655669,-0.384634,0.679932,0.727527,-0.091625,0.339908,-0.201993,0.918509,1e-06,-2e-06,1e-06,-5.8e-05,-1.9e-05,0.000147,0.499814
83,0.232759,-0.052681,0.351922,-0.615521,0.659385,-0.43173,-0.719248,-0.693879,-0.034454,-0.321527,0.288489,0.901899,-0.0,0.0,0.0,0.0,0.0,0.0,0.504295,-0.239089,-0.034747,0.311483,-0.885093,-0.167804,0.434101,0.29463,-0.923944,0.243833,0.361273,0.343932,0.866634,0.000656,0.024802,-0.013466,-0.226843,0.261615,0.225227,0.403995,0.002328,0.040076,-0.005504,0.852445,0.162885,0.496793,-0.267392,0.952376,0.146559,-0.449262,-0.257772,0.855403,0.000342,0.012435,-0.006691,-0.317178,0.274088,0.302769,0.35193,0.117857,0.027599,-0.031367,0.64975,-0.655661,-0.384619,0.679923,0.727537,-0.091617,0.339894,-0.201984,0.918516,1e-06,-1e-06,2e-06,-3.8e-05,-2.2e-05,0.000123,0.499814
84,0.232555,-0.052709,0.351926,-0.61565,0.659311,-0.431659,-0.71917,-0.693963,-0.034363,-0.321452,0.288456,0.901936,-0.0,0.0,0.0,0.0,0.0,0.0,0.505248,-0.23943,-0.033873,0.311173,-0.885588,-0.161907,0.435328,0.291712,-0.923122,0.250366,0.36243,0.348922,0.864153,-0.014422,0.02651,-0.011309,-0.064127,0.119542,0.089152,0.414325,0.002153,0.040532,-0.005661,0.852161,0.155939,0.499503,-0.26495,0.951741,0.154887,-0.451244,-0.264333,0.852353,-0.007194,0.013297,-0.005599,-0.0476,0.109137,0.080452,0.360911,0.117755,0.027585,-0.031365,0.649872,-0.655578,-0.384555,0.679845,0.72762,-0.091532,0.339817,-0.201954,0.918552,-0.0076,-0.000774,-0.00013,0.00385,-0.064438,0.152919,0.499324
85,0.232314,-0.05272,0.351921,-0.615911,0.659154,-0.431525,-0.718986,-0.69416,-0.034251,-0.321364,0.288341,0.902004,-0.0,3e-06,3e-06,0.0,0.0,0.0,0.504733,-0.239824,-0.033073,0.310855,-0.885546,-0.156733,0.437305,0.289776,-0.922018,0.256605,0.36409,0.35416,0.861321,-0.014419,0.015455,-0.002998,-1.285174,-2.065031,1.313447,0.415894,0.001962,0.040926,-0.005819,0.850218,0.151434,0.504179,-0.264153,0.951155,0.159767,-0.455359,-0.269017,0.848691,-0.007295,0.0128,-0.006191,0.066516,-0.00576,0.014311,0.369892,0.117634,0.02758,-0.031367,0.650124,-0.655399,-0.384435,0.679651,0.727814,-0.091433,0.339723,-0.201839,0.918612,0.0,-4e-06,-1e-06,-2.6e-05,-4e-06,5.6e-05,0.498834
86,0.232122,-0.052754,0.351919,-0.616038,0.659081,-0.431456,-0.71891,-0.694242,-0.034162,-0.321291,0.288309,0.90204,0.0,-2e-06,-2e-06,0.0,0.0,0.0,0.504425,-0.240244,-0.032364,0.31067,-0.885335,-0.1517,0.4395,0.288218,-0.920686,0.263063,0.365839,0.359768,0.858249,0.001084,0.01554,-0.003042,0.007684,0.000435,0.060199,0.417254,0.001745,0.041278,-0.005914,0.850979,0.145972,0.504506,-0.262679,0.950114,0.168173,-0.45479,-0.275634,0.846871,-0.007077,0.008223,-0.000916,0.032329,0.087254,-0.157694,0.372178,0.117538,0.027563,-0.031369,0.650245,-0.655314,-0.384373,0.679573,0.727897,-0.09135,0.339647,-0.201809,0.918646,0.0,1e-06,6e-06,-1.4e-05,2e-06,4.5e-05,0.498017
87,0.232019,-0.052764,0.351917,-0.615978,0.659127,-0.431471,-0.718955,-0.694194,-0.034194,-0.321303,0.288321,0.902032,0.0,-0.0,-0.0,0.004896,-0.079141,0.182404,0.504835,-0.240394,-0.032049,0.310626,-0.887279,-0.149271,0.436401,0.286445,-0.919804,0.268037,0.3625,0.363022,0.858296,-0.014022,0.016993,-0.001209,0.018334,-0.024274,0.026551,0.417624,0.001671,0.041442,-0.005937,0.853141,0.143262,0.501623,-0.261306,0.949586,0.173218,-0.451519,-0.278856,0.847566,-0.007003,0.008515,-0.000576,0.051148,-0.044222,0.009241,0.373484,0.117487,0.027558,-0.03137,0.650301,-0.655277,-0.384341,0.679533,0.727937,-0.091323,0.339619,-0.201785,0.918661,-0.007601,-0.000764,-0.000122,-0.001008,0.014706,-0.029516,0.498017
88,0.231802,-0.052778,0.351907,-0.616218,0.658983,-0.431349,-0.718785,-0.694375,-0.034093,-0.321224,0.288214,0.902094,-3.3e-05,0.000282,0.000288,0.0,0.0,0.0,0.504001,-0.24054,-0.031546,0.31066,-0.887715,-0.145446,0.436806,0.284848,-0.918773,0.273226,0.362693,0.367159,0.856453,0.001446,0.006164,0.007229,-0.048557,0.125108,-0.120957,0.417266,0.001597,0.04169,-0.005924,0.853363,0.139454,0.502317,-0.260183,0.948902,0.178577,-0.451747,-0.283086,0.846041,0.000723,0.008522,-0.000644,0.016554,-0.003848,0.059039,0.374627,0.117378,0.02755,-0.031375,0.650419,-0.6552,-0.384274,0.679442,0.728027,-0.091291,0.339576,-0.201715,0.918693,-0.007624,-0.000572,7.2e-05,-0.001005,0.014707,-0.029526,0.497527
89,0.231665,-0.052792,0.351905,-0.616217,0.658992,-0.431336,-0.718791,-0.69437,-0.034095,-0.321215,0.288206,0.9021,-0.0,0.0,0.0,0.0,0.0,0.0,0.503992,-0.240444,-0.031182,0.310989,-0.89069,-0.137337,0.43336,0.277291,-0.919406,0.278812,0.361254,0.368681,0.856407,0.002163,0.009242,0.010801,-0.063444,0.139956,-0.111234,0.415476,0.001645,0.041869,-0.005762,0.856254,0.131054,0.499653,-0.253116,0.949644,0.184683,-0.450289,-0.284606,0.846308,0.001158,0.00496,0.005797,-0.04575,0.043533,0.05715,0.374137,0.11731,0.027544,-0.031376,0.650418,-0.655208,-0.384261,0.679448,0.728021,-0.091293,0.339566,-0.201707,0.918699,-1e-06,-2e-06,3e-06,-3e-06,4e-06,2.9e-05,0.496384
90,0.231608,-0.052798,0.351904,-0.616315,0.658931,-0.43129,-0.718723,-0.694442,-0.034044,-0.321178,0.288172,0.902124,-0.0,0.0,0.0,0.0,0.0,0.0,0.504704,-0.240298,-0.030972,0.31117,-0.891865,-0.136904,0.431074,0.276517,-0.919139,0.280454,0.358935,0.369505,0.857026,0.002145,0.00919,0.010717,-0.010123,0.086654,-0.145978,0.415292,0.001718,0.041977,-0.005669,0.857613,0.130412,0.497486,-0.252456,0.949504,0.186301,-0.44807,-0.285367,0.84723,0.008667,0.004139,0.004756,0.014391,-0.034134,0.047598,0.373811,0.117281,0.027541,-0.031376,0.650512,-0.655139,-0.384221,0.679377,0.728093,-0.091247,0.339528,-0.201674,0.91872,-0.0,-2e-06,3e-06,-2e-06,8e-06,2.8e-05,0.496221
91,0.231473,-0.052824,0.351889,-0.616465,0.65884,-0.431214,-0.718622,-0.694551,-0.033965,-0.321118,0.288117,0.902163,6e-06,-4.8e-05,-4.9e-05,0.0,0.0,0.0,0.503561,-0.239971,-0.030655,0.311536,-0.892295,-0.135179,0.430728,0.276083,-0.918168,0.284042,0.358198,0.372542,0.85602,0.016867,0.006361,0.007238,-0.164857,0.139279,0.164088,0.410866,0.001884,0.042143,-0.005477,0.858016,0.129206,0.497104,-0.252621,0.948845,0.189408,-0.447202,-0.288094,0.846765,0.008417,0.003129,0.003554,-0.220327,0.187809,0.187174,0.370708,0.117214,0.027528,-0.031384,0.650657,-0.655035,-0.384153,0.67927,0.728201,-0.091176,0.339464,-0.201619,0.918755,2e-06,-2.1e-05,-1.7e-05,-1.3e-05,0.0,1.4e-05,0.495895
92,0.231382,-0.052831,0.351874,-0.620398,0.655157,-0.431186,-0.714461,-0.69883,-0.033968,-0.322815,0.286172,0.902177,0.0,-1e-06,-1e-06,1.4e-05,1e-06,-2.9e-05,0.501799,-0.239586,-0.03049,0.311929,-0.891965,-0.135571,0.43129,0.276762,-0.917945,0.284101,0.358498,0.372949,0.855717,0.001892,-0.002721,0.017968,-0.034412,0.000465,0.008907,0.412945,0.002076,0.042223,-0.005283,0.857564,0.129276,0.497865,-0.253211,0.948601,0.189838,-0.447735,-0.288863,0.846221,0.000945,-0.001339,0.009005,-0.032489,-0.001586,0.007417,0.370055,0.117168,0.027524,-0.031391,0.654392,-0.651137,-0.384435,0.674865,0.732248,-0.091478,0.341066,-0.19958,0.918607,-1e-06,9e-06,9e-06,-0.000732,0.000659,-4.2e-05,0.494588
93,0.231358,-0.05282,0.351873,-0.620407,0.655154,-0.431178,-0.714448,-0.698843,-0.033988,-0.322827,0.286149,0.90218,-2e-05,0.000174,0.000178,0.0,0.0,-0.0,0.501462,-0.239469,-0.030365,0.312136,-0.891644,-0.136009,0.431815,0.277384,-0.917804,0.283949,0.358815,0.373137,0.855502,0.00192,0.008345,0.009644,-0.009355,0.085798,-0.146529,0.413055,0.002134,0.042282,-0.005183,0.857282,0.129701,0.498239,-0.253736,0.948494,0.189672,-0.447977,-0.289024,0.846038,0.000977,0.004268,0.004927,0.001607,-0.014928,0.024224,0.370708,0.117156,0.027529,-0.031392,0.654401,-0.651135,-0.384422,0.674855,0.732256,-0.091493,0.34107,-0.199556,0.918611,-1.4e-05,0.000116,0.00012,-0.000177,7.2e-05,0.00013,0.493282
94,0.231324,-0.052831,0.35188,-0.620361,0.655185,-0.431196,-0.714489,-0.6988,-0.033988,-0.322823,0.286181,0.902171,-0.0,0.0,0.0,0.0,0.0,0.0,0.499563,-0.239334,-0.030174,0.312545,-0.891631,-0.131838,0.433133,0.273536,-0.919064,0.283607,0.361799,0.371522,0.854948,0.001717,0.007484,0.00862,0.020976,-0.001835,0.063106,0.411046,0.002202,0.042382,-0.004974,0.856882,0.125747,0.49994,-0.249928,0.949532,0.189538,-0.450875,-0.287361,0.845065,0.000847,0.003721,0.004283,0.02181,-0.003052,0.0628,0.369565,0.117139,0.027524,-0.031388,0.654353,-0.651174,-0.384437,0.674903,0.732212,-0.091489,0.341065,-0.199591,0.918605,0.0,-1e-06,1e-06,-4e-05,-1.3e-05,0.000112,0.490506
95,0.231278,-0.052836,0.351879,-0.620438,0.655136,-0.431159,-0.714435,-0.698857,-0.033947,-0.322793,0.286154,0.90219,-0.0,0.0,0.0,0.0,0.0,0.0,0.497969,-0.239196,-0.030048,0.312926,-0.89414,-0.114316,0.432939,0.257022,-0.922623,0.287472,0.367693,0.368465,0.853756,0.016275,0.004074,0.004498,0.002086,-0.014369,0.030594,0.413374,0.002265,0.042444,-0.004785,0.858473,0.108103,0.501335,-0.233639,0.952639,0.194658,-0.456548,-0.28424,0.843072,0.000689,0.003038,0.003487,0.006634,0.081898,-0.140184,0.370382,0.117116,0.027522,-0.031388,0.654426,-0.651121,-0.384405,0.674849,0.732266,-0.091452,0.341033,-0.199567,0.918623,1e-06,-1e-06,1e-06,-1.4e-05,6e-06,8.1e-05,0.487893
96,0.231221,-0.052841,0.351878,-0.624403,0.651389,-0.431113,-0.710217,-0.703147,-0.033896,-0.324445,0.284204,0.902214,-0.0,0.0,0.0,0.0,0.0,-0.0,0.495172,-0.239115,-0.029864,0.313183,-0.894255,-0.107385,0.434474,0.251456,-0.9235,0.289571,0.371257,0.368342,0.852265,0.001079,0.004725,0.005414,-0.072542,0.14976,-0.105026,0.413143,0.002311,0.042536,-0.004656,0.858174,0.101298,0.503264,-0.228185,0.953439,0.197193,-0.459856,-0.284063,0.841331,0.00054,0.002384,0.00273,-0.086851,0.07503,0.082941,0.372015,0.117094,0.02752,-0.031389,0.658171,-0.647172,-0.384679,0.670403,0.736307,-0.091706,0.342591,-0.197532,0.918483,2e-06,-1e-06,2e-06,-0.000301,0.000224,0.000161,0.485281
97,0.231209,-0.052836,0.351884,-0.624406,0.651388,-0.431111,-0.710215,-0.703148,-0.033895,-0.324443,0.284203,0.902215,-9e-06,7.7e-05,7.9e-05,0.0,0.0,-0.0,0.494011,-0.239076,-0.029806,0.313266,-0.894693,-0.102361,0.434785,0.246349,-0.924915,0.289446,0.373628,0.366208,0.852148,0.000837,0.003668,0.0042,0.000518,-0.013407,0.025584,0.407481,0.002331,0.042567,-0.004612,0.858256,0.09629,0.504106,-0.223051,0.954608,0.197411,-0.462215,-0.281871,0.840776,0.007818,0.00069,0.000695,0.001623,0.075288,-0.146864,0.370545,0.117082,0.027522,-0.031386,0.65819,-0.64716,-0.384667,0.670391,0.73632,-0.091694,0.342579,-0.197525,0.918489,-4e-06,3.5e-05,4e-05,-0.000105,1.4e-05,0.000177,0.483321
98,0.231152,-0.052842,0.351884,-0.624386,0.651405,-0.431114,-0.710231,-0.703131,-0.033906,-0.324446,0.284205,0.902213,-0.0,0.0,0.0,0.0,0.0,0.0,0.491916,-0.238922,-0.029746,0.313459,-0.894472,-0.102653,0.43517,0.246828,-0.924784,0.289457,0.373841,0.366458,0.851947,0.001056,0.00464,0.005304,0.00159,-0.014513,0.024845,0.394595,0.002407,0.042592,-0.004521,0.858051,0.096716,0.504373,-0.223549,0.95452,0.197273,-0.462355,-0.282023,0.840648,0.000458,0.002025,0.002313,-0.009471,0.085292,-0.14726,0.356339,0.117053,0.027519,-0.031386,0.658168,-0.647182,-0.384668,0.670413,0.736299,-0.091703,0.34258,-0.19753,0.918488,2e-06,-4e-06,-4e-06,-3.7e-05,0.0,0.000136,0.479892
99,0.231107,-0.052846,0.351883,-0.628309,0.647646,-0.431077,-0.706001,-0.707381,-0.033865,-0.326093,0.282253,0.902232,2.3e-05,-0.0002,-0.000204,0.0,0.0,-0.0,0.49046,-0.23858,-0.029571,0.313685,-0.897119,-0.090987,0.432308,0.23441,-0.92736,0.291528,0.375501,0.362993,0.852701,0.001566,0.006919,0.007889,0.001591,-0.014512,0.024845,0.386675,0.002577,0.042676,-0.004412,0.860338,0.084755,0.502626,-0.211234,0.956704,0.200241,-0.463893,-0.278447,0.840993,0.008289,0.002816,0.003104,0.0037,-0.029973,0.053288,0.345072,0.117031,0.027517,-0.031386,0.661887,-0.643213,-0.384944,0.665945,0.740311,-0.091955,0.344125,-0.195488,0.918347,1.7e-05,-0.000135,-0.000138,-0.000296,0.000182,0.000191,0.477116
100,0.231072,-0.05285,0.351882,-0.628367,0.647608,-0.431049,-0.70596,-0.707423,-0.033835,-0.326071,0.282233,0.902247,0.0,-0.0,-0.0,0.0,0.0,0.0,0.488867,-0.2381,-0.029307,0.314042,-0.89722,-0.090763,0.432145,0.23419,-0.927356,0.291719,0.375395,0.363061,0.852718,0.017099,0.008049,0.008932,-0.007357,0.070421,-0.117382,0.37313,0.002811,0.042807,-0.004234,0.860492,0.084451,0.502414,-0.210957,0.956712,0.200495,-0.463734,-0.278512,0.841059,0.001126,0.005033,0.005709,0.001371,-0.014624,0.024439,0.330702,0.117014,0.027515,-0.031387,0.661939,-0.643175,-0.384918,0.665907,0.740349,-0.091925,0.344098,-0.195471,0.918361,1e-06,0.0,3e-06,-7.4e-05,1e-06,0.000187,0.474667
101,0.23105,-0.052852,0.351882,-0.628405,0.647583,-0.431031,-0.705932,-0.707451,-0.033814,-0.326056,0.28222,0.902256,0.0,-0.0,-0.0,0.0,0.0,0.0,0.488402,-0.23786,-0.029097,0.314261,-0.8973,-0.090618,0.43201,0.234002,-0.927388,0.291768,0.375322,0.363014,0.852771,0.00261,0.011669,0.013225,0.003187,-0.029021,0.049692,0.366629,0.00293,0.042906,-0.004132,0.860495,0.084431,0.502412,-0.210928,0.956721,0.200483,-0.463742,-0.278487,0.841063,0.008816,0.005271,0.005857,-0.005972,0.055834,-0.092864,0.322374,0.117002,0.027514,-0.031387,0.661974,-0.643148,-0.384901,0.665881,0.740375,-0.091907,0.344081,-0.195458,0.91837,1e-06,1e-06,3e-06,-7e-05,-8e-06,0.000154,0.47336
102,0.231005,-0.052864,0.351889,-0.632319,0.64379,-0.430991,-0.701674,-0.711678,-0.033742,-0.32767,0.280274,0.902278,0.0,-0.0,-0.0,0.019293,0.00151,-0.04039,0.487038,-0.237276,-0.028757,0.314685,-0.898468,-0.090027,0.429699,0.233176,-0.927018,0.293599,0.373029,0.364104,0.853312,0.002197,0.009923,0.011195,0.001595,-0.014509,0.024847,0.339227,0.00323,0.043087,-0.003908,0.861855,0.083572,0.500221,-0.210238,0.956463,0.202432,-0.461525,-0.279632,0.841902,0.008607,0.00444,0.004883,-0.005674,0.056232,-0.093013,0.296248,0.11698,0.027508,-0.031384,0.665649,-0.639176,-0.385181,0.661421,0.744335,-0.092131,0.345592,-0.19344,0.91823,-0.0076,-0.000752,-0.00012,0.063551,0.020032,-0.165464,0.471564
103,0.23097,-0.05286,0.351881,-0.632248,0.643843,-0.431015,-0.70172,-0.71163,-0.033805,-0.327709,0.280274,0.902264,-0.015199,-0.001532,-0.000272,-0.000984,0.014715,-0.029553,0.486584,-0.236781,-0.02861,0.315185,-0.898322,-0.090125,0.429985,0.233582,-0.926786,0.29401,0.373128,0.364671,0.853026,0.002186,-0.001103,0.019507,-0.043831,0.085823,-0.137865,0.306155,0.003478,0.043163,-0.003662,0.861747,0.083611,0.5004,-0.210576,0.956299,0.20285,-0.461572,-0.280178,0.841695,0.008446,-0.001736,0.008291,-0.032427,-0.014956,0.037884,0.255589,0.116968,0.027511,-0.031388,0.665591,-0.639223,-0.385203,0.661456,0.744296,-0.092192,0.345636,-0.193432,0.918215,1e-06,-1.5e-05,-1.5e-05,-0.000106,-5e-06,0.000193,0.470421
104,0.230947,-0.052862,0.35188,-0.632286,0.643817,-0.430997,-0.701692,-0.711659,-0.033785,-0.327694,0.280261,0.902273,0.0,-0.0,-0.0,0.0,0.0,0.0,0.48649,-0.236582,-0.028548,0.315469,-0.898401,-0.089927,0.429861,0.233498,-0.92668,0.294411,0.37299,0.36499,0.85295,0.017216,-0.001995,0.01823,-0.030752,-0.029413,0.062913,0.287976,0.003571,0.043194,-0.003521,0.861755,0.083523,0.500402,-0.210669,0.956205,0.203197,-0.461516,-0.280525,0.84161,0.001018,0.004685,0.005247,0.001529,-0.014521,0.024722,0.232891,0.116951,0.027509,-0.031388,0.665644,-0.639183,-0.385178,0.661415,0.744336,-0.092164,0.345612,-0.193414,0.918227,-0.0,2e-06,2e-06,-7.6e-05,-1.3e-05,0.00017,0.469605
105,0.230856,-0.052879,0.351886,-0.632452,0.643706,-0.43092,-0.701581,-0.711774,-0.033672,-0.327612,0.280224,0.902314,0.0,-0.0,-0.0,0.0,0.0,0.0,0.486294,-0.23614,-0.028484,0.316077,-0.900242,-0.090664,0.425836,0.23277,-0.926654,0.295066,0.368975,0.364873,0.854744,0.016949,0.007987,0.008652,0.003946,-0.029968,0.053924,0.266734,0.003793,0.043224,-0.00321,0.863989,0.083908,0.496469,-0.21002,0.956202,0.203882,-0.457617,-0.28042,0.843771,0.001044,-0.000694,0.009553,-0.040108,0.006034,0.010714,0.193538,0.116906,0.027501,-0.031385,0.6658,-0.63906,-0.385111,0.661302,0.744449,-0.092059,0.345527,-0.193381,0.918266,-1e-06,2e-06,3e-06,-5.8e-05,-2e-05,0.000106,0.469278
106,0.230742,-0.05289,0.351885,-0.632644,0.643579,-0.430828,-0.701443,-0.711915,-0.03357,-0.327537,0.280159,0.902362,0.0,-0.0,-0.0,0.0,0.0,0.0,0.486826,-0.235929,-0.028384,0.316543,-0.901125,-0.08717,0.424696,0.227965,-0.92837,0.293419,0.369823,0.361338,0.855879,0.001604,0.007417,0.008254,0.005599,-0.018494,0.022269,0.243576,0.003904,0.043276,-0.002976,0.864831,0.080357,0.49559,-0.204979,0.957604,0.202429,-0.458312,-0.276652,0.844638,0.000787,-0.001873,0.008224,-0.048359,0.011377,0.012909,0.171657,0.116849,0.027495,-0.031386,0.665982,-0.63892,-0.38503,0.66116,0.744586,-0.091967,0.345448,-0.193318,0.918309,-1e-06,1e-06,3e-06,-3.9e-05,-9e-06,6.9e-05,0.469115
