frame,MLTx,MLTy,MLTz,MLTR1,MLTR2,MLTR3,MLTR4,MLTR5,MLTR6,MLTR7,MLTR8,MLTR9,MLTTVx,MLTTVy,MLTTVz,MLTRVx,MLTRVy,MLTRVz,MLGA,MRTx,MRTy,MRTz,MRTR1,MRTR2,MRTR3,MRTR4,MRTR5,MRTR6,MRTR7,MRTR8,MRTR9,MRTTVx,MRTTVy,MRTTVz,MRTRVx,MRTRVy,MRTRVz,MRGA,SLTx,SLTy,SLTz,SLTR1,SLTR2,SLTR3,SLTR4,SLTR5,SLTR6,SLTR7,SLTR8,SLTR9,SLTTVx,SLTTVy,SLTTVz,SLTRVx,SLTRVy,SLTRVz,SLGA,SRTx,SRTy,SRTz,SRTR1,SRTR2,SRTR3,SRTR4,SRTR5,SRTR6,SRTR7,SRTR8,SRTR9,SRTTVx,SRTTVy,SRTTVz,SRTRVx,SRTRVy,SRTRVz,SRGA
152,0.121355,-0.025031,0.320026,-0.116941,0.237955,-0.964234,-0.602985,-0.788429,-0.121495,-0.789002,0.566911,0.236883,-0.014918,0.001383,0.000995,-0.000984,0.014715,-0.029553,0.505413,-0.190421,-0.026136,0.308505,0.504257,0.585068,0.635147,-0.753154,-0.061634,0.6549,0.42167,-0.809315,0.408738,0.000169,0.002261,0.002541,0.001731,-0.014809,0.02466,-1.402647,0.032612,0.030437,-0.015697,-0.526488,-0.565028,0.635258,0.757448,0.027606,0.65231,-0.38611,0.824609,0.413445,4e-05,0.000568,0.000637,0.000132,0.000137,6.5e-05,-0.955048,0.059154,0.030026,-0.058139,0.143263,-0.231482,-0.962232,0.567753,0.815588,-0.111674,0.810636,-0.530312,0.248268,-4.1e-05,-0.000199,-0.000213,0.000141,2.4e-05,-4.4e-05,0.50063
153,0.121128,-0.024994,0.319983,-0.115534,0.232317,-0.965777,-0.602954,-0.789024,-0.117724,-0.789235,0.568426,0.232437,-0.000244,-0.001134,-0.00123,-0.023673,-0.192996,-0.1103,0.50076,-0.190361,-0.026083,0.308561,0.504399,0.585212,0.634901,-0.753023,-0.061457,0.655067,0.421734,-0.809225,0.408851,8.9e-05,0.001195,0.001342,0.0,-0.0,-0.0,-1.402578,0.032642,0.030465,-0.015668,-0.526649,-0.565171,0.634996,0.757302,0.027418,0.652489,-0.386178,0.824517,0.413566,4.2e-05,0.000571,0.000641,9.4e-05,7.7e-05,8.1e-05,-0.955048,0.059035,0.030046,-0.058158,0.141848,-0.226298,-0.963673,0.567592,0.816179,-0.108115,0.810997,-0.531638,0.244219,-0.007561,0.00021,-2.3e-05,-0.032648,-0.259453,-0.220891,0.495731
154,0.120821,-0.024898,0.319864,-0.11366,0.226827,-0.967304,-0.602788,-0.789641,-0.114392,-0.789636,0.569791,0.227683,-0.015389,-0.000791,-0.001375,-0.065661,-0.490788,-0.351889,0.495123,-0.190287,-0.026058,0.308646,0.502749,0.586828,0.634719,-0.754277,-0.060645,0.653698,0.421465,-0.808116,0.411313,0.000138,0.001862,0.002089,0.061413,-0.064685,-0.04322,-1.402359,0.032678,0.030475,-0.015628,-0.525045,-0.566875,0.634806,0.758596,0.026422,0.651025,-0.385822,0.823379,0.416157,0.000385,-0.004476,0.005319,0.03079,-0.075468,-0.04124,-0.955538,0.058888,0.030096,-0.058216,0.140617,-0.222804,-0.964668,0.567331,0.816649,-0.105919,0.811394,-0.532393,0.241238,-0.007601,2.5e-05,-0.000226,-0.000941,0.032707,-0.018571,0.487403
155,0.120625,-0.024842,0.319766,-0.112888,0.223988,-0.968055,-0.60263,-0.790022,-0.112576,-0.789868,0.570389,0.225371,-0.015424,-0.000938,-0.00154,-0.047608,-0.362038,-0.245179,0.493264,-0.190261,-0.026048,0.308702,0.502809,0.586886,0.634618,-0.754189,-0.060635,0.653801,0.42155,-0.808075,0.411306,0.000131,0.001777,0.001994,0.000763,-0.000804,-0.000537,-1.402511,0.032691,0.03048,-0.0156,-0.525062,-0.566974,0.634704,0.758493,0.026504,0.651141,-0.386002,0.823309,0.416129,0.007882,-0.004299,0.004978,-0.042513,-0.011537,0.040881,-0.955211,0.058789,0.030123,-0.058265,0.139318,-0.219115,-0.9657,0.567134,0.817086,-0.103576,0.811755,-0.533252,0.238103,-0.000101,0.003846,-0.005985,-0.029587,-0.630427,-0.372543,0.484138
156,0.120171,-0.024779,0.319454,-0.107588,0.216729,-0.970309,-0.602028,-0.790852,-0.109947,-0.791072,0.57205,0.216771,-0.015681,0.006593,-0.013714,-0.016699,-0.389366,-0.268391,0.49086,-0.190262,-0.025972,0.308865,0.49931,0.589929,0.634558,-0.756901,-0.059198,0.650792,0.420854,-0.805965,0.416132,-0.014675,0.003907,0.005456,0.266184,-0.280144,-0.191962,-1.402731,0.032696,0.030514,-0.015522,-0.522837,-0.569135,0.634607,0.760231,0.025443,0.649153,-0.385603,0.821849,0.419372,0.000124,0.001728,0.001936,0.487558,-0.453779,-0.303599,-0.955211,0.058563,0.030155,-0.058413,0.133614,-0.211935,-0.968107,0.566458,0.817894,-0.10087,0.813186,-0.534914,0.229334,-0.008068,-0.00212,-0.002567,-0.069634,-0.611456,-0.428859,0.479239
157,0.119721,-0.024752,0.31898,-0.098809,0.210859,-0.972533,-0.601061,-0.791496,-0.110594,-0.79296,0.573359,0.206156,-0.016077,0.004848,-0.015645,0.008288,-0.189052,-0.153807,0.489498,-0.190287,-0.025893,0.309158,0.498082,0.595749,0.630071,-0.757168,-0.055106,0.650841,0.421828,-0.801969,0.422811,0.001013,-0.005653,0.014317,0.06716,-0.11127,-0.062728,-1.402823,0.032678,0.030556,-0.015381,-0.520944,-0.57588,0.630062,0.761102,0.020796,0.648297,-0.386444,0.817269,0.42747,-0.006953,-0.002516,0.008046,0.124497,-0.160265,-0.117851,-0.950476,0.058339,0.030171,-0.058648,0.124105,-0.205527,-0.97075,0.565495,0.818543,-0.101007,0.81536,-0.536419,0.21781,-0.008056,0.002308,-0.007942,-0.004888,-0.313901,-0.232127,0.475973
158,0.119522,-0.024742,0.318664,-0.093757,0.206625,-0.973941,-0.60055,-0.791931,-0.110253,-0.793966,0.574303,0.19955,-0.001709,0.000899,-0.019432,0.023346,-0.66851,-0.112386,0.488963,-0.190307,-0.025868,0.30936,0.497554,0.598745,0.627643,-0.757164,-0.053045,0.651016,0.422456,-0.799876,0.426136,0.001108,-0.004363,0.015752,0.084809,-0.128737,-0.076753,-1.402597,0.032668,0.030569,-0.01528,-0.520549,-0.578878,0.627636,0.76101,0.01876,0.648468,-0.387158,0.815197,0.430767,0.000244,0.003364,0.003758,0.164106,-0.175442,-0.0901,-0.949822,0.058233,0.030176,-0.058806,0.119995,-0.203179,-0.97176,0.564936,0.818873,-0.101453,0.816362,-0.536809,0.213043,-0.00835,0.000995,-0.009386,0.241633,-0.417275,0.712015,0.47483
159,0.119164,-0.02467,0.317782,-0.09118,0.201192,-0.975322,-0.599507,-0.793085,-0.107608,-0.795058,0.574647,0.194143,-0.017194,-5.9e-05,-0.021107,0.018574,-0.106871,-0.106963,0.48876,-0.190391,-0.025794,0.309945,0.496658,0.604897,0.622432,-0.756883,-0.048919,0.651666,0.424011,-0.795503,0.432726,0.001386,-0.000599,0.019913,0.196704,-0.259216,-0.128994,-1.402655,0.032625,0.030602,-0.014991,-0.520516,-0.584469,0.622461,0.76007,0.014995,0.649667,-0.389045,0.811277,0.436432,0.000661,-0.000596,0.009628,0.359573,-0.372345,-0.240614,-0.952272,0.05806,0.030211,-0.059247,0.115925,-0.19576,-0.973775,0.563854,0.82007,-0.097736,0.817697,-0.537738,0.205447,-0.00103,0.003936,-0.016139,0.05161,-0.136177,-0.093024,0.47434
160,0.118877,-0.024449,0.316619,-0.089736,0.195149,-0.976683,-0.597783,-0.794871,-0.103953,-0.79652,0.57427,0.189201,-0.002228,0.007309,-0.032999,0.065636,-0.030387,-0.032089,0.489487,-0.190525,-0.025722,0.310624,0.493455,0.608226,0.621736,-0.75894,-0.047854,0.649349,0.424078,-0.793029,0.437181,0.001311,-0.00161,0.018745,0.053005,-0.09501,-0.054044,-1.402929,0.032559,0.030644,-0.014645,-0.516651,-0.588657,0.621734,0.762739,0.013458,0.646566,-0.388973,0.80827,0.442039,0.000659,-0.000613,0.00959,0.059904,-0.10615,-0.061441,-0.954885,0.057911,0.030318,-0.059825,0.114138,-0.189568,-0.97521,0.56204,0.821755,-0.093958,0.819196,-0.537383,0.200338,-0.008538,0.004534,-0.015811,0.065607,0.018864,-0.040649,0.474014
161,0.118698,-0.024104,0.315347,-0.086539,0.186667,-0.978627,-0.595898,-0.796872,-0.099358,-0.798288,0.574328,0.181413,-0.00205,0.008148,-0.032154,0.062535,-0.054656,-0.046369,0.490988,-0.190659,-0.025663,0.311302,0.486543,0.614354,0.621158,-0.760761,-0.051427,0.64694,0.428778,-0.788069,0.441543,0.001286,-0.001949,0.018331,0.004269,-0.043762,-0.01993,-1.402564,0.032497,0.030676,-0.014312,-0.509854,-0.595223,0.621094,0.76481,0.016907,0.644033,-0.393844,0.803383,0.446612,0.000349,0.00482,0.005323,0.023623,-0.049417,0.001521,-0.956681,0.05782,0.030487,-0.060466,0.110501,-0.181057,-0.977244,0.55998,0.82368,-0.089286,0.821103,-0.537371,0.192406,-0.008429,0.005059,-0.015274,0.062917,-0.007681,-0.022342,0.47532
162,0.118662,-0.023866,0.314653,-0.084124,0.181174,-0.97987,-0.594863,-0.797992,-0.09653,-0.79932,0.574539,0.176123,-0.002001,0.008385,-0.03193,0.059433,-0.079047,-0.060785,0.491049,-0.190694,-0.02565,0.311612,0.484898,0.615959,0.620854,-0.761819,-0.050954,0.645731,0.428765,-0.786847,0.44373,0.000669,0.008983,0.009893,0.025655,-0.039803,0.008092,-1.402771,0.032475,0.030678,-0.014146,-0.508223,-0.596916,0.620806,0.765854,0.016471,0.642803,-0.393924,0.802134,0.448779,0.000636,-0.000942,0.009198,-0.043959,-0.006456,0.004584,-0.957497,0.057802,0.030605,-0.060814,0.107819,-0.175597,-0.978539,0.558843,0.824757,-0.086426,0.822234,-0.537531,0.187056,-0.000685,0.009827,-0.019991,0.095453,-0.061125,0.010809,0.475973
163,0.118632,-0.023226,0.313138,-0.0766,0.164945,-0.983346,-0.592692,-0.800571,-0.088172,-0.801694,0.575859,0.16031,-0.001556,0.019053,-0.040741,0.029705,-0.60672,-0.347023,0.489522,-0.190787,-0.025677,0.312221,0.481453,0.619006,0.620504,-0.764033,-0.050281,0.643163,0.428712,-0.784497,0.447922,0.001147,-0.003793,0.016257,0.129367,-0.174981,-0.106596,-1.402475,0.032428,0.030671,-0.013842,-0.505606,-0.599509,0.620443,0.767493,0.015958,0.640858,-0.394102,0.800208,0.452051,0.00025,0.003483,0.003825,0.267651,-0.2678,-0.141956,-0.958477,0.057787,0.030922,-0.061567,0.100774,-0.162097,-0.981615,0.556336,0.827147,-0.079475,0.824823,-0.5381,0.173535,-0.000717,0.009674,-0.020201,0.017336,-0.672985,-0.385346,0.475483
164,0.118586,-0.02234,0.311506,-0.073605,0.152969,-0.985509,-0.58999,-0.803351,-0.080684,-0.803968,0.575308,0.150607,-0.001188,0.020712,-0.038934,0.081189,-0.159961,-0.109317,0.488015,-0.190825,-0.025678,0.312653,0.474272,0.624825,0.620203,-0.766116,-0.053943,0.640382,0.432982,-0.779628,0.452294,0.000351,0.004703,0.005149,0.121053,-0.127008,-0.083839,-1.402347,0.03241,0.030669,-0.01362,-0.498354,-0.605919,0.620083,0.769984,0.019384,0.637768,-0.398456,0.795289,0.456888,0.00019,0.002647,0.002899,0.163329,-0.17789,-0.082765,-0.958967,0.057763,0.031362,-0.062386,0.09618,-0.147889,-0.984315,0.553501,0.82985,-0.070598,0.827275,-0.53803,0.161672,-0.0005,0.010656,-0.019122,0.071146,-0.122214,-0.111842,0.474014
165,0.118563,-0.021792,0.310676,-0.070526,0.14758,-0.986555,-0.588356,-0.804776,-0.078381,-0.805444,0.574731,0.144815,-0.000895,0.022018,-0.037477,0.094272,-0.098294,-0.047046,0.485051,-0.190826,-0.025669,0.312801,0.474336,0.62488,0.620098,-0.765961,-0.054047,0.64056,0.433187,-0.779577,0.452186,0.000228,0.003058,0.003345,0.001504,-0.001578,-0.001041,-1.402392,0.032415,0.030674,-0.013546,-0.498183,-0.606194,0.619952,0.769953,0.019515,0.637802,-0.39873,0.795076,0.45702,0.00014,0.001967,0.002153,-0.025147,0.097021,-0.139229,-0.95913,0.057751,0.031622,-0.062786,0.092816,-0.142534,-0.985428,0.551871,0.831132,-0.068236,0.828747,-0.537496,0.155803,-0.000362,0.011269,-0.018441,0.09315,-0.058342,-0.020286,0.471727
166,0.118553,-0.020626,0.309187,-0.068197,0.132108,-0.988909,-0.585778,-0.807634,-0.067549,-0.807524,0.574507,0.133695,0.000697,0.037727,-0.040485,0.081895,-0.519219,-0.243028,0.479316,-0.190783,-0.025667,0.312939,0.472622,0.626404,0.619869,-0.767177,-0.053465,0.639151,0.432909,-0.778394,0.454483,7.3e-05,0.000983,0.001074,0.000554,-0.000581,-0.000383,-1.402645,0.032431,0.030676,-0.013476,-0.496579,-0.60773,0.619736,0.771106,0.018924,0.636426,-0.398503,0.793918,0.459227,0.007488,0.000589,0.000113,-0.006627,-0.008505,0.03361,-0.958803,0.057745,0.032198,-0.063538,0.091154,-0.129784,-0.987343,0.548889,0.833815,-0.058928,0.830909,-0.536571,0.147243,1.5e-05,0.012945,-0.016547,0.101741,-0.020782,0.041857,0.464869
167,0.118596,-0.019524,0.307987,-0.067915,0.122164,-0.990206,-0.583335,-0.809997,-0.059975,-0.809314,0.573393,0.127506,0.000786,0.029456,-0.029031,0.099697,-0.094268,0.022049,0.469992,-0.190749,-0.025667,0.312936,0.472592,0.626368,0.619928,-0.767205,-0.053507,0.639115,0.432893,-0.77842,0.454454,-2.8e-05,-0.000379,-0.000415,0.0,-0.0,-0.0,-1.402655,0.032448,0.030675,-0.013478,-0.496626,-0.60763,0.619797,0.771078,0.018986,0.636457,-0.398497,0.793993,0.459101,-2.4e-05,-0.000325,-0.000356,0.000296,0.000669,0.000424,-0.95913,0.057766,0.032763,-0.064154,0.089157,-0.11732,-0.989083,0.546254,0.836129,-0.049937,0.83286,-0.535839,0.138633,0.000376,0.01455,-0.014719,0.101993,-0.023385,0.038382,0.455398
168,0.118652,-0.018571,0.307117,-0.071785,0.113793,-0.99093,-0.581504,-0.811915,-0.051164,-0.810292,0.572412,0.125688,0.000886,0.021237,-0.01752,-0.296263,1.435739,-2.278299,0.450419,-0.190763,-0.025688,0.312898,0.472474,0.626252,0.620136,-0.767318,-0.053643,0.638968,0.432823,-0.778504,0.454378,-5.7e-05,-0.00077,-0.000842,0.0,-0.0,-0.0,-1.402411,0.03244,0.030663,-0.013498,-0.496518,-0.607506,0.620005,0.771196,0.0191,0.636311,-0.398404,0.794085,0.459023,-3.8e-05,-0.000509,-0.000557,0.000329,0.000359,0.000258,-0.959457,0.057795,0.033242,-0.064593,0.09016,-0.110484,-0.989779,0.544088,0.837875,-0.043966,0.834169,-0.534563,0.135655,0.00047,0.010667,-0.008705,0.071606,-0.013545,0.047951,0.437436
169,0.118694,-0.018177,0.306816,-0.069805,0.111262,-0.991359,-0.580655,-0.812573,-0.050364,-0.811076,0.57198,0.12256,0.001131,0.02232,-0.016281,0.068882,-0.043054,0.02677,0.423325,-0.190787,-0.025706,0.312881,0.472422,0.626203,0.620224,-0.767362,-0.053711,0.638909,0.432802,-0.778538,0.454339,-0.014996,-0.001329,-0.000395,-0.002045,0.015205,-0.029245,-1.402665,0.032434,0.030655,-0.013507,-0.496482,-0.607464,0.620074,0.771232,0.019143,0.636265,-0.398378,0.794116,0.458992,-5.6e-05,-0.000762,-0.000832,-0.001459,0.014943,-0.024559,-0.959457,0.057816,0.033448,-0.064748,0.090671,-0.106769,-0.99014,0.543249,0.838585,-0.040679,0.83466,-0.534205,0.134037,0.000612,0.011306,-0.007973,0.070861,-0.015595,0.046166,0.417842
170,0.118994,-0.017735,0.306534,-0.06725,0.109013,-0.991785,-0.579766,-0.813222,-0.050128,-0.811931,0.571493,0.119126,0.000334,0.00148,0.001687,-0.003241,0.104023,-0.169499,0.249945,-0.19081,-0.025718,0.312869,0.468663,0.62895,0.620297,-0.767066,-0.058309,0.638861,0.437388,-0.77599,0.454307,-6e-06,-7.6e-05,-8.4e-05,-0.0,-0.0,-0.0,-1.402615,0.032417,0.030646,-0.013516,-0.492833,-0.61036,0.620141,0.771139,0.023765,0.636223,-0.403063,0.791767,0.45896,0.0,-1.8e-05,-1.6e-05,0.000431,0.000313,-2e-05,-0.959947,0.057966,0.033671,-0.064888,0.087947,-0.104867,-0.990589,0.542333,0.839177,-0.040688,0.835547,-0.533651,0.130676,0.007914,0.005636,-0.003691,0.037278,-0.034739,0.07794,0.271533
171,0.119416,-0.017832,0.30655,-0.067052,0.109223,-0.991776,-0.579918,-0.813097,-0.050391,-0.811838,0.571631,0.119095,3e-06,1.5e-05,1.7e-05,-0.0,-0.0,-0.0,0.010088,-0.190821,-0.025712,0.312876,0.469799,0.630386,0.617975,-0.765891,-0.056827,0.640402,0.438224,-0.774935,0.455301,2e-06,2.4e-05,2.6e-05,-0.0,-0.0,0.0,-1.402503,0.032412,0.030649,-0.013511,-0.49405,-0.611739,0.61781,0.769904,0.022312,0.637769,-0.403932,0.790745,0.459957,2e-06,1.5e-05,1.6e-05,0.000246,0.001044,-0.0011,-0.96011,0.058179,0.033626,-0.064875,0.087953,-0.105149,-0.990559,0.542478,0.839073,-0.040901,0.835452,-0.533759,0.13084,0.007135,-0.006481,0.003349,-0.033778,0.001961,0.013124,-0.026635
172,0.119578,-0.017972,0.306632,-0.070214,0.107439,-0.991752,-0.560792,-0.826436,-0.04988,-0.824898,0.552527,0.119513,0.014888,-0.001518,-0.001105,0.14933,-0.007254,0.011677,-0.09877,-0.19082,-0.025706,0.312883,0.469808,0.630396,0.617958,-0.765883,-0.056815,0.640413,0.438228,-0.774928,0.455309,2.1e-05,0.000275,0.000301,0.0,-0.0,-0.0,-1.402394,0.032412,0.030652,-0.013508,-0.494059,-0.611739,0.617802,0.769901,0.0223,0.637773,-0.403927,0.790745,0.459961,1.2e-05,0.000151,0.000165,0.000152,0.000291,-6.6e-05,-0.960926,0.058254,0.033556,-0.064835,0.091045,-0.103198,-0.990484,0.522815,0.851475,-0.040658,0.847569,-0.514139,0.131476,-0.000249,-0.005457,0.004203,0.464292,0.042701,-0.075965,-0.168535
173,0.119904,-0.018307,0.30689,-0.075146,0.110346,-0.991071,-0.501063,-0.863436,-0.058196,-0.862062,0.492074,0.121408,0.014542,-0.011785,0.008047,0.157863,-0.061221,0.239783,-0.405567,-0.19081,-0.025704,0.312869,0.471641,0.628977,0.618007,-0.764478,-0.057409,0.642036,0.438708,-0.776035,0.452955,-1e-06,-1.1e-05,-1.2e-05,-0.032201,0.033806,0.022295,-1.402099,0.032417,0.030653,-0.013515,-0.495961,-0.610129,0.61787,0.768374,0.023104,0.639584,-0.404503,0.791965,0.457348,-1e-06,-4e-06,-5e-06,-0.014161,0.024762,0.016589,-0.959457,0.058411,0.033396,-0.064714,0.096953,-0.105669,-0.989663,0.461759,0.885632,-0.049325,0.881689,-0.452204,0.134659,-8.3e-05,-0.004818,0.004923,2.050173,-1.409703,2.312645,-0.392243
174,0.120355,-0.018694,0.307218,-0.062715,0.117597,-0.991102,-0.427683,-0.900382,-0.079823,-0.901686,0.41872,0.107995,0.01478,-0.010747,0.009222,0.50535,-0.09019,0.166257,-0.834062,-0.190837,-0.025678,0.312808,0.472816,0.630462,0.615592,-0.763327,-0.055734,0.643553,0.439446,-0.774953,0.454091,-6.9e-05,-0.000922,-0.001008,-6e-06,5e-06,5e-06,-1.402117,0.032404,0.030668,-0.013543,-0.497119,-0.611671,0.615409,0.767286,0.021278,0.640951,-0.405146,0.790825,0.458749,-0.000355,0.004809,-0.004928,0.037708,-0.009619,0.012714,-0.95913,0.058637,0.033201,-0.064552,0.084604,-0.113209,-0.989962,0.388105,0.918805,-0.071903,0.917723,-0.378126,0.121671,0.007577,-0.000124,4.6e-05,5.994457,-1.042571,1.707997,-0.663142
175,0.120944,-0.018964,0.307527,-0.04387,0.136844,-0.989643,-0.361364,-0.925655,-0.112031,-0.931351,0.352531,0.09129,0.000367,-0.007046,0.012822,0.483786,0.028854,0.265794,-1.536946,-0.190941,-0.025581,0.312599,0.468187,0.636004,0.613426,-0.760331,-0.063536,0.64637,0.449475,-0.769809,0.453024,-0.015073,-0.002341,-0.001505,-0.033547,0.03094,-0.019204,-1.39502,0.032357,0.030717,-0.013647,-0.492883,-0.617289,0.613205,0.764464,0.029341,0.643999,-0.415525,0.786189,0.457433,-0.000408,0.004048,-0.005759,0.008246,-0.02714,0.001826,-0.953415,0.058942,0.033058,-0.064397,0.066062,-0.133669,-0.988821,0.319983,0.941486,-0.105893,0.945117,-0.309411,0.104968,0.007564,-0.004572,0.005505,1.673356,0.101767,0.333221,-0.915263
176,0.121208,-0.018983,0.307702,-0.03379,0.1449,-0.988892,-0.355413,-0.926478,-0.123664,-0.93407,0.347101,0.084035,0.015655,-0.006742,0.013748,-0.027094,-0.128355,0.22636,-1.85659,-0.191009,-0.025491,0.312426,0.469986,0.634587,0.613518,-0.759142,-0.063818,0.647739,0.449604,-0.770953,0.450945,-0.000206,-0.002745,-0.003007,-0.31364,0.329086,0.217564,-1.31183,0.032317,0.030761,-0.013735,-0.493296,-0.616858,0.613305,0.764363,0.029161,0.644125,-0.415219,0.786533,0.457119,-0.000104,-0.001445,-0.001578,-0.495833,0.454797,0.29832,-0.93529,0.059068,0.033047,-0.064312,0.056588,-0.142258,-0.98821,0.313677,0.94221,-0.117674,0.947842,-0.30332,0.097941,0.000664,0.003057,0.003468,0.009108,-0.166068,0.239866,-0.926366
177,0.121428,-0.018684,0.308124,-0.036249,0.154634,-0.98733,-0.349947,-0.927344,-0.132445,-0.936036,0.340514,0.088957,0.002357,0.010859,0.012276,0.05011,0.510534,0.38219,-1.917347,-0.191216,-0.025166,0.311877,0.44819,0.652447,0.61109,-0.756009,-0.087956,0.648574,0.476339,-0.753474,0.453035,-0.000975,0.006113,-0.013707,-3.34283,-3.58167,-2.511024,-0.912924,0.03222,0.030921,-0.013998,-0.477192,-0.631843,0.610787,0.761635,0.049373,0.646121,-0.438404,0.773521,0.457674,-0.000793,0.008369,-0.011217,0.072979,-0.013456,0.006389,-0.789471,0.059181,0.033184,-0.064107,0.057797,-0.149851,-0.987017,0.308643,0.942917,-0.125082,0.94942,-0.297406,0.100748,0.001185,0.005488,0.006205,0.008655,-0.106346,0.205931,-0.838843
178,0.121513,-0.018176,0.30868,-0.049131,0.152239,-0.987145,-0.351222,-0.927806,-0.125661,-0.934955,0.340339,0.100282,0.002973,0.013726,0.015431,-0.411645,1.484045,-2.225631,-1.919149,-0.191398,-0.024636,0.311043,0.427708,0.668393,0.608529,-0.751015,-0.111689,0.65072,0.502358,-0.736154,0.453406,-0.001762,0.014706,-0.024705,-0.030163,-0.095412,-0.050199,-0.436141,0.032124,0.031177,-0.014401,-0.454107,-0.651145,0.608108,0.75719,0.077637,0.648564,-0.469521,0.754971,0.457785,-0.008323,0.007298,-0.011889,-0.93861,-1.085856,-0.780762,-0.629773,0.059224,0.033438,-0.063829,0.070314,-0.150966,-0.986035,0.309501,0.943,-0.122307,0.948295,-0.296579,0.11303,0.001451,0.006733,0.007572,0.008925,0.011626,0.051408,-0.886523
179,0.121578,-0.01792,0.308953,-0.054829,0.151598,-0.986943,-0.351689,-0.927978,-0.123056,-0.934455,0.340157,0.105423,0.002815,0.013019,0.014596,-0.032495,0.177882,-0.145109,-1.918746,-0.191466,-0.024342,0.310555,0.41568,0.680279,0.603674,-0.745267,-0.125503,0.654798,0.520678,-0.722921,0.45403,-0.001818,0.013973,-0.02552,-0.028822,0.037276,0.041288,-0.267175,0.032089,0.031333,-0.014658,-0.442152,-0.663926,0.603078,0.752079,0.091954,0.652626,-0.488751,0.742122,0.458667,-0.0009,0.006811,-0.012931,-0.099056,-0.014259,-0.006393,-0.567886,0.059259,0.033575,-0.063682,0.077922,-0.148286,-0.985869,0.310166,0.943407,-0.117384,0.947483,-0.296636,0.119505,0.001524,0.007082,0.007939,-0.133857,0.489431,-0.687778,-0.889463
180,0.121843,-0.017491,0.309469,-0.06237,0.150575,-0.986652,-0.33573,-0.934089,-0.121384,-0.939827,0.323486,0.110039,0.016849,0.00793,0.00939,-0.000629,0.075295,-0.114949,-1.919901,-0.191691,-0.023764,0.309268,0.400838,0.702288,0.588312,-0.728863,-0.144428,0.669204,0.554431,-0.697906,0.453208,-0.002233,0.008652,-0.031447,-0.18402,0.03695,0.545634,-0.002533,0.031983,0.031625,-0.015284,-0.426987,-0.686668,0.58836,0.737538,0.111992,0.665954,-0.523181,0.718292,0.458624,-0.001449,0.009285,-0.020424,-0.397821,-1.188468,2.759011,-0.470891,0.059386,0.033794,-0.063419,0.085266,-0.146612,-0.985511,0.293887,0.948808,-0.115725,0.952029,-0.279762,0.123989,0.001088,0.005086,0.005674,0.013014,-0.025973,0.021279,-0.895015
181,0.122262,-0.017271,0.309696,-0.072865,0.146932,-0.986483,-0.319807,-0.940281,-0.116482,-0.9446,0.306808,0.11673,0.015616,0.002284,0.003073,0.001398,-0.002197,0.010561,-1.918714,-0.192035,-0.023447,0.307881,0.414082,0.711779,0.567361,-0.713411,-0.133158,0.68793,0.564673,-0.690498,0.451907,-0.017485,0.004421,-0.035211,-0.16406,0.154948,0.313986,0.146551,0.031811,0.031788,-0.015988,-0.441714,-0.695536,0.566672,0.720834,0.100899,0.685724,-0.534122,0.71137,0.456798,-0.001301,0.001726,-0.018656,-0.230615,0.085975,0.594049,-0.309397,0.059604,0.033915,-0.063293,0.095661,-0.142337,-0.985184,0.277616,0.954267,-0.110914,0.955917,-0.262893,0.130801,0.007755,0.000908,0.001273,0.001359,-0.013769,0.016345,-0.894362
182,0.122802,-0.01726,0.30965,-0.089252,0.137492,-0.986496,-0.32146,-0.94138,-0.102174,-0.942611,0.307824,0.129446,0.014563,-0.002638,-0.002411,0.003202,0.018084,0.047439,-1.918972,-0.192487,-0.023355,0.306399,0.434882,0.720071,0.540709,-0.69457,-0.113754,0.710329,0.572439,-0.685358,0.449958,-0.017714,0.002093,-0.037991,-0.175538,0.079024,0.478997,0.27477,0.031585,0.031831,-0.016731,-0.462981,-0.702729,0.540203,0.701309,0.082281,0.708092,-0.542045,0.706683,0.454736,-0.008877,0.000462,-0.01964,-0.260123,0.171604,0.493062,-0.008616,0.059868,0.033922,-0.063315,0.111827,-0.132313,-0.984879,0.279072,0.955392,-0.096664,0.953736,-0.264043,0.143764,0.007199,-0.001705,-0.001643,0.008116,-0.117002,0.212978,-0.893219
183,0.123057,-0.01723,0.309552,-0.097478,0.130836,-0.986623,-0.322201,-0.942063,-0.093148,-0.941533,0.308642,0.135214,0.015127,0.00879,-0.010265,-0.004408,0.100777,-0.160806,-1.919095,-0.192743,-0.023384,0.305635,0.445084,0.723983,0.527009,-0.684808,-0.103853,0.721239,0.576327,-0.682806,0.448872,-0.002981,-0.000133,-0.041647,-0.325336,0.223132,0.581376,0.321003,0.031451,0.031819,-0.01711,-0.472496,-0.706714,0.526594,0.69206,0.07245,0.718194,-0.54571,0.703779,0.454856,-0.008657,-0.005748,-0.016339,-0.357933,0.191883,0.717767,0.131324,0.059994,0.033928,-0.063366,0.119398,-0.125247,-0.984914,0.279636,0.956093,-0.087683,0.952652,-0.264948,0.14918,-0.000122,-0.000591,-0.000665,-0.149197,0.46917,-0.758587,-0.895831
184,0.123574,-0.017003,0.309236,-0.111834,0.119061,-0.986592,-0.317247,-0.945103,-0.078147,-0.941602,0.3041,0.144694,0.015115,0.008786,-0.010278,0.035007,-0.027275,0.04066,-1.918422,-0.193478,-0.023785,0.304178,0.46356,0.728915,0.503772,-0.666301,-0.087844,0.740446,0.583382,-0.679805,0.444291,-0.017698,-0.014371,-0.036256,-0.463546,0.239494,0.769933,0.355531,0.031089,0.031624,-0.017841,-0.490866,-0.710944,0.503594,0.673401,0.057153,0.737064,-0.552794,0.700921,0.450696,-0.008855,-0.007548,-0.018527,-0.063032,-0.007024,0.313449,0.256568,0.060252,0.034038,-0.063528,0.133318,-0.112585,-0.984657,0.274333,0.958898,-0.072496,0.952348,-0.260459,0.158724,0.007535,0.004268,-0.005283,0.037645,-0.133399,0.211491,-0.90122
185,0.124027,-0.016821,0.308899,-0.121326,0.11106,-0.986403,-0.311842,-0.947654,-0.068395,-0.94222,0.29916,0.150836,0.014649,0.006589,-0.01273,0.03562,-0.015601,0.021784,-1.918294,-0.194488,-0.02443,0.302888,0.483028,0.725919,0.48961,-0.651334,-0.075646,0.754968,0.584463,-0.684466,0.435629,-0.032657,-0.012289,-0.033164,-0.227161,0.166958,0.436051,0.365855,0.030589,0.031293,-0.018495,-0.511498,-0.706337,0.489343,0.656859,0.045742,0.752624,-0.553989,0.706395,0.440567,-0.016031,-0.011768,-0.012543,-0.322086,0.338575,0.520566,0.296574,0.06048,0.034132,-0.063693,0.14233,-0.104235,-0.984315,0.268676,0.961172,-0.062935,0.952656,-0.255504,0.164809,0.007399,0.003632,-0.005995,0.036428,-0.03525,0.053271,-0.911344
186,0.124238,-0.016811,0.308716,-0.125027,0.107987,-0.986282,-0.31191,-0.947919,-0.064301,-0.941709,0.299452,0.153425,0.014394,0.005362,-0.014103,0.035593,-0.015489,0.021642,-1.918397,-0.195029,-0.024713,0.302311,0.494018,0.721605,0.484999,-0.644976,-0.069741,0.760971,0.582312,-0.689637,0.430323,-0.032574,-0.010524,-0.031264,-0.333744,0.303259,0.293668,0.361166,0.030318,0.031149,-0.018787,-0.522024,-0.701824,0.484699,0.650624,0.0398,0.758356,-0.551524,0.711237,0.435847,-0.016244,-0.005037,-0.015344,-0.511388,0.322286,0.55196,0.300983,0.060585,0.034138,-0.063783,0.14589,-0.100987,-0.984132,0.268683,0.96143,-0.058827,0.952115,-0.255837,0.167397,0.00699,-0.002731,-0.002801,0.004993,-0.124645,0.206178,-0.924734
187,0.124577,-0.016961,0.308376,-0.125416,0.107703,-0.986264,-0.311564,-0.948056,-0.063965,-0.941772,0.299123,0.153686,0.013546,-0.007576,-0.007964,0.000498,0.000508,0.005086,-1.918295,-0.196006,-0.024991,0.301384,0.504983,0.717521,0.479737,-0.638622,-0.063127,0.766884,0.579893,-0.694519,0.425712,-0.03183,-0.001363,-0.020777,-0.086326,0.139371,0.008439,0.346205,0.029829,0.030998,-0.019265,-0.533761,-0.696669,0.479322,0.643223,0.033485,0.764945,-0.548965,0.71661,0.430241,-0.008381,-0.000836,-0.011042,-0.078722,0.044754,0.18839,0.29037,0.060749,0.03407,-0.063953,0.146075,-0.100855,-0.984118,0.268344,0.961532,-0.05871,0.952183,-0.255506,0.167519,-0.000551,-0.002689,-0.003007,-0.001096,0.015102,-0.024204,-0.93943
188,0.124823,-0.017196,0.308123,-0.126339,0.106999,-0.986223,-0.311455,-0.948154,-0.063024,-0.941683,0.299063,0.154341,0.0138,-0.006407,-0.006676,0.000984,-0.014715,0.029553,-1.918478,-0.196769,-0.024971,0.3009,0.504603,0.717176,0.480651,-0.639605,-0.063227,0.766056,0.579141,-0.694866,0.426169,-0.01539,-0.003323,-0.002916,-0.002069,0.015228,-0.029229,0.317685,0.029436,0.031004,-0.019519,-0.533317,-0.696332,0.480305,0.644439,0.033358,0.763927,-0.547969,0.716943,0.430954,-0.007644,-0.001217,-0.000923,-0.000807,0.011263,-0.031729,0.263426,0.060877,0.033946,-0.064087,0.147084,-0.100001,-0.984055,0.268218,0.961632,-0.057633,0.952063,-0.255464,0.168262,-0.000581,-0.002848,-0.003193,-0.000922,0.015194,-0.02439,-0.944165
189,0.124924,-0.017313,0.307995,-0.127013,0.106459,-0.986195,-0.311375,-0.948228,-0.062312,-0.941619,0.299023,0.154814,-0.001068,-0.005192,-0.005817,-0.000489,0.015223,-0.024467,-1.918635,-0.197077,-0.024884,0.300862,0.504183,0.71656,0.48201,-0.640384,-0.064076,0.765335,0.578647,-0.695424,0.42593,-0.01545,0.01262,-0.005458,0.022652,0.107516,-0.180692,0.309943,0.029287,0.031042,-0.019536,-0.532857,-0.69584,0.481528,0.645184,0.03412,0.763264,-0.54754,0.717385,0.430764,-0.007408,0.001268,0.001981,-0.001361,-0.002387,-0.006196,0.248894,0.060933,0.033887,-0.064151,0.147699,-0.099465,-0.984017,0.268134,0.961696,-0.056962,0.951991,-0.255435,0.168711,-0.000488,-0.002399,-0.002693,-0.000364,-1.8e-05,7.7e-05,-0.945145
190,0.125106,-0.017526,0.307749,-0.128007,0.105671,-0.986151,-0.31123,-0.948343,-0.061274,-0.941531,0.298939,0.15551,-0.00098,-0.004777,-0.005364,-0.00049,0.015223,-0.024466,-1.9181,-0.197419,-0.024689,0.301129,0.503518,0.715503,0.48427,-0.6414,-0.065793,0.764338,0.578102,-0.696351,0.425155,-0.014362,0.007144,0.009306,-0.00036,6e-06,-0.004821,0.306963,0.029117,0.031146,-0.019403,-0.532032,-0.694808,0.483924,0.646348,0.035934,0.762196,-0.546969,0.718296,0.429969,0.000369,0.003804,0.004453,-0.010903,0.088196,-0.144996,0.234034,0.061024,0.03378,-0.064276,0.148654,-0.098633,-0.983957,0.267978,0.9618,-0.055926,0.951887,-0.255365,0.169406,0.006973,-0.002911,-0.003025,0.000722,-0.014702,0.029617,-0.947268
191,0.125271,-0.017651,0.307583,-0.128824,0.105019,-0.986114,-0.31108,-0.948446,-0.060422,-0.941468,0.298841,0.156079,-0.000449,-0.002191,-0.002464,-0.003388,0.105071,-0.168842,-1.918204,-0.197404,-0.024456,0.301609,0.499518,0.717342,0.48569,-0.645214,-0.065874,0.761113,0.577333,-0.694448,0.429291,0.000916,0.009383,0.010917,0.058133,-0.067183,-0.011862,0.307104,0.029119,0.031268,-0.019156,-0.527984,-0.696887,0.485366,0.650356,0.035749,0.758788,-0.54614,0.716289,0.434349,0.000745,-0.000531,0.009947,0.008591,-0.055796,-0.028727,0.230768,0.061105,0.033713,-0.064363,0.149453,-0.097931,-0.983906,0.267816,0.961895,-0.055059,0.951807,-0.255277,0.169986,-0.000205,-0.001018,-0.001148,-0.00355,0.105066,-0.168786,-0.955432
192,0.125393,-0.017575,0.307455,-0.129752,0.104199,-0.986079,-0.310616,-0.948662,-0.059427,-0.941492,0.298446,0.156684,0.000468,0.011137,-0.008168,0.035141,-0.016008,0.016747,-1.917968,-0.197103,-0.02422,0.302119,0.494064,0.720982,0.485879,-0.650106,-0.064534,0.757055,0.576546,-0.690796,0.436188,0.016465,-0.001688,0.018147,0.057923,-0.114767,0.003954,0.300625,0.029264,0.031393,-0.018899,-0.52258,-0.700813,0.485561,0.655302,0.034179,0.754593,-0.545424,0.712525,0.441383,0.007924,0.004288,0.004484,0.073361,-0.113152,-0.002639,0.227503,0.061166,0.033746,-0.064425,0.150357,-0.09706,-0.983855,0.267355,0.96208,-0.054054,0.951794,-0.254911,0.170604,0.007423,-0.000716,-0.000563,0.000856,-0.014729,0.029588,-0.956902
193,0.125441,-0.017507,0.307409,-0.129999,0.103965,-0.986072,-0.310385,-0.948753,-0.059164,-0.941534,0.298236,0.156834,0.000123,0.000604,0.000679,0.0,0.0,0.0,-1.917976,-0.196926,-0.024145,0.302353,0.492351,0.722335,0.485608,-0.651515,-0.06393,0.755894,0.576423,-0.689437,0.438494,0.001279,-0.003252,0.017284,-0.008467,-0.026688,-0.009476,0.287174,0.029359,0.031434,-0.018771,-0.52078,-0.702375,0.485238,0.656672,0.033613,0.753426,-0.545498,0.711012,0.443726,0.000629,-0.001663,0.008595,-0.055429,-0.005658,0.006783,0.219501,0.06119,0.033785,-0.06445,0.150577,-0.096824,-0.983844,0.267095,0.962166,-0.053811,0.951832,-0.254677,0.170741,8.5e-05,0.000406,0.000455,-0.00011,0.0,4.3e-05,-0.957718
194,0.125536,-0.017354,0.307273,-0.130255,0.103681,-0.986068,-0.309852,-0.948944,-0.058901,-0.941674,0.297728,0.156957,0.000478,0.011196,-0.0081,0.035141,-0.016013,0.016742,-1.917912,-0.19651,-0.023995,0.302753,0.488987,0.725126,0.484846,-0.654301,-0.062503,0.753604,0.576136,-0.686632,0.443246,0.015696,0.00723,0.007362,0.025017,-0.049899,0.04008,0.247266,0.029561,0.031506,-0.018574,-0.517551,-0.705274,0.484489,0.65932,0.032191,0.751172,-0.545378,0.708203,0.44834,0.000594,-0.001995,0.008198,-0.043985,-0.009744,0.00339,0.179332,0.061238,0.03386,-0.064512,0.150834,-0.096519,-0.983835,0.266576,0.962325,-0.05354,0.951937,-0.254192,0.170881,4e-06,1.3e-05,1.4e-05,-7.8e-05,-4e-06,1.3e-05,-0.958698
195,0.125575,-0.017173,0.307105,-0.130909,0.103023,-0.98605,-0.309169,-0.949211,-0.058182,-0.941807,0.297106,0.15734,-7.1e-05,-0.000349,-0.000392,0.0,0.0,0.0,-1.917798,-0.196053,-0.023778,0.303101,0.484835,0.726579,0.486837,-0.658418,-0.062999,0.749968,0.57496,-0.685049,0.447204,0.015695,0.007488,0.007625,0.153013,-0.167081,-0.041587,0.222164,0.029795,0.031616,-0.018399,-0.513892,-0.70663,0.486404,0.663043,0.032599,0.747871,-0.544324,0.706831,0.451774,0.007843,0.003751,0.003812,0.188638,-0.185799,-0.053778,0.138836,0.061258,0.033955,-0.064598,0.151442,-0.095842,-0.983808,0.26585,0.962564,-0.052849,0.952044,-0.253541,0.171252,0.000201,0.005397,-0.004276,0.035086,-0.01604,0.016755,-0.959188
196,0.125589,-0.017068,0.307007,-0.13128,0.102647,-0.98604,-0.308772,-0.949366,-0.057774,-0.941885,0.296743,0.157554,0.000428,0.010953,-0.008371,0.035139,-0.01603,0.016732,-1.917837,-0.195801,-0.023657,0.303287,0.485022,0.726799,0.486321,-0.658124,-0.062665,0.750254,0.575138,-0.684847,0.447286,0.01571,0.0078,0.007964,0.005922,-0.032359,0.052304,0.203012,0.029921,0.031676,-0.018306,-0.51372,-0.707103,0.485896,0.662979,0.032295,0.74794,-0.544564,0.706371,0.452204,0.007852,0.003916,0.003993,-0.010239,-0.024026,0.05871,0.118261,0.061265,0.034003,-0.064645,0.151809,-0.09544,-0.98379,0.265463,0.962694,-0.05243,0.952093,-0.253201,0.171482,-2.7e-05,-0.000148,-0.000166,-0.00338,0.105435,-0.168612,-0.959351
197,0.12559,-0.01689,0.306804,-0.131794,0.102091,-0.986029,-0.308055,-0.949633,-0.057201,-0.942047,0.296079,0.157833,8.8e-05,0.009287,-0.010245,0.034655,-0.000751,-0.0077,-1.917639,-0.195265,-0.023399,0.303643,0.483406,0.728192,0.485848,-0.659499,-0.061845,0.749113,0.574926,-0.683441,0.449702,0.015681,0.007802,0.007928,-0.007142,0.073461,-0.115583,0.182916,0.030183,0.031803,-0.018131,-0.512219,-0.708587,0.48532,0.664239,0.031373,0.746862,-0.544442,0.704925,0.4546,0.008107,-0.001688,0.008014,-0.042781,-0.012673,0.040383,0.081521,0.061266,0.034096,-0.064743,0.152281,-0.094875,-0.983772,0.264729,0.962925,-0.051886,0.952222,-0.252532,0.171751,-9.6e-05,-0.000479,-0.000538,-3.8e-05,4e-06,2.1e-05,-0.960168
198,0.125595,-0.016795,0.306616,-0.132123,0.101728,-0.986023,-0.307537,-0.949823,-0.056838,-0.94217,0.295596,0.158006,-0.00049,-0.002402,-0.002706,-0.00048,0.015305,-0.024416,-1.916888,-0.194688,-0.023168,0.303962,0.479845,0.730604,0.485755,-0.66273,-0.060796,0.746342,0.574199,-0.680955,0.454377,0.015522,0.006312,0.006192,0.237018,-0.149458,-0.270931,0.164761,0.030472,0.031921,-0.017967,-0.509732,-0.710489,0.485157,0.666585,0.030359,0.744809,-0.543907,0.703052,0.458127,0.007744,0.003015,0.002924,0.432595,-0.347188,-0.205103,0.05964,0.061269,0.034147,-0.06484,0.152578,-0.094506,-0.983762,0.264175,0.963096,-0.051548,0.952329,-0.25202,0.171913,-0.000149,-0.000756,-0.000851,-3e-05,1e-05,-2e-06,-0.960494
199,0.125574,-0.016731,0.306423,-0.134921,0.099304,-0.985891,-0.307165,-0.950125,-0.053719,-0.941892,0.295453,0.159922,-0.000437,-0.002142,-0.002415,-0.003301,0.105698,-0.168452,-1.917298,-0.194071,-0.022989,0.304219,0.478291,0.73206,0.485096,-0.664026,-0.059849,0.745266,0.574,-0.679475,0.456839,0.015409,0.005283,0.004994,0.070118,-0.090829,0.011552,0.130623,0.030781,0.032011,-0.017839,-0.507307,-0.712552,0.484672,0.668769,0.029177,0.742897,-0.543494,0.701011,0.461731,0.007679,0.002384,0.002193,0.069497,-0.082123,-0.017102,0.02192,0.061258,0.034177,-0.064938,0.155192,-0.092019,-0.983589,0.263755,0.963368,-0.048511,0.952023,-0.251898,0.173777,-0.000251,-0.001244,-0.001403,0.000149,0.013233,-0.021205,-0.960657
200,0.125571,-0.016693,0.306342,-0.134882,0.099301,-0.985897,-0.306969,-0.950186,-0.053761,-0.941961,0.295259,0.159872,-0.000233,-0.001143,-0.001289,-0.0,0.0,-0.0,-1.917432,-0.193759,-0.022922,0.304321,0.476639,0.733451,0.484621,-0.665459,-0.059016,0.744053,0.573717,-0.678046,0.45931,0.015369,0.00492,0.004571,0.05267,-0.074866,0.022674,0.109954,0.030937,0.032044,-0.017788,-0.505594,-0.714093,0.484195,0.670284,0.028246,0.741566,-0.543224,0.69948,0.464364,0.00765,0.002095,0.001858,0.030061,-0.068687,0.027677,-0.000288,0.061256,0.034194,-0.064981,0.155239,-0.091936,-0.983589,0.26354,0.96343,-0.048457,0.952075,-0.251693,0.173791,-0.000131,-0.000655,-0.000738,6.3e-05,-0.000301,0.000478,-0.960984
201,0.125579,-0.016617,0.306211,-0.133696,0.100832,-0.985903,-0.31785,-0.946601,-0.053763,-0.938517,0.30605,0.159833,0.000321,0.010428,-0.008959,0.035025,-0.016078,0.016723,-1.916946,-0.193142,-0.022878,0.304438,0.473292,0.736155,0.4838,-0.668369,-0.057486,0.74156,0.573109,-0.675241,0.464175,0.015116,0.002045,0.00129,0.018418,-0.03007,0.018884,0.056372,0.031245,0.032069,-0.017726,-0.502268,-0.717015,0.483338,0.673156,0.026626,0.73902,-0.542758,0.696548,0.46929,0.007559,0.00106,0.000676,-0.019153,-0.027813,0.056212,-0.060869,0.06126,0.034228,-0.065043,0.154127,-0.093526,-0.983614,0.274631,0.960336,-0.04828,0.949116,-0.262689,0.173699,-9.1e-05,-0.000466,-0.000524,-8.1e-05,0.000392,-9.2e-05,-0.960658
202,0.125583,-0.016524,0.306145,-0.132901,0.102027,-0.985887,-0.328712,-0.942909,-0.053321,-0.934882,0.316854,0.160079,-0.0,-0.0,-0.0,-0.0,-0.0,0.0,-1.917086,-0.192587,-0.02291,0.304487,0.468079,0.74001,0.48299,-0.67297,-0.055547,0.737537,0.572014,-0.671178,0.471364,0.015035,0.001107,0.000215,0.29307,-0.278772,-0.154487,-0.019698,0.031529,0.032051,-0.017704,-0.498271,-0.720401,0.482439,0.67667,0.024773,0.735869,-0.542072,0.693114,0.47513,0.007515,0.000524,6.3e-05,0.426836,-0.343206,-0.201063,-0.143983,0.061262,0.034279,-0.06508,0.153371,-0.094776,-0.983613,0.285643,0.957148,-0.047687,0.945983,-0.273648,0.173872,9e-06,2.9e-05,3.5e-05,0.000522,0.000205,-0.000165,-0.96523
203,0.125587,-0.016476,0.306121,-0.134729,0.100877,-0.985757,-0.334269,-0.941099,-0.050674,-0.932646,0.32255,0.161741,8e-06,3.8e-05,4.3e-05,-0.000328,0.001076,-0.001671,-1.916465,-0.192349,-0.022967,0.3045,0.466351,0.741282,0.482711,-0.674448,-0.054962,0.73623,0.571688,-0.669821,0.473685,0.00053,-0.011793,0.007417,0.255306,-0.251726,-0.201276,-0.058937,0.031647,0.03203,-0.017698,-0.496858,-0.721584,0.482129,0.67786,0.024203,0.734792,-0.541883,0.691903,0.477107,0.007435,-0.000467,-0.001063,0.525032,-0.411857,-0.249386,-0.186439,0.061264,0.034303,-0.065091,0.155192,-0.093503,-0.983449,0.291244,0.955594,-0.044896,0.943976,-0.279456,0.175532,9e-06,3.4e-05,4.1e-05,0.000693,0.000101,3.4e-05,-0.966536
204,0.125622,-0.016401,0.306051,-0.132842,0.103277,-0.985765,-0.350696,-0.935098,-0.050763,-0.92687,0.338826,0.161666,0.014799,-0.001565,-0.001272,0.000983,-0.014715,0.029553,-1.91704,-0.191932,-0.023082,0.304511,0.46472,0.742633,0.482207,-0.67575,-0.054285,0.735085,0.57148,-0.668378,0.475968,0.000525,-0.011942,0.007247,-0.018153,-0.00427,-0.028792,-0.135491,0.031856,0.03197,-0.017695,-0.494027,-0.723839,0.481656,0.680307,0.023145,0.732561,-0.541404,0.68958,0.480998,0.007436,-0.000488,-0.001089,-0.00904,-0.018758,0.027124,-0.263512,0.061276,0.034341,-0.065126,0.153375,-0.096029,-0.983491,0.307953,0.950347,-0.044767,0.938957,-0.296003,0.175332,5e-06,8e-06,1.1e-05,0.000891,0.000379,-0.000142,-0.976987
205,0.125627,-0.016291,0.305973,-0.132762,0.104607,-0.985636,-0.372541,-0.926747,-0.048231,-0.918321,0.36065,0.163234,-0.0,-0.0,-0.0,-0.000107,-5e-06,1.8e-05,-1.916974,-0.191623,-0.023304,0.304564,0.461069,0.744922,0.482181,-0.678795,-0.053726,0.732315,0.570833,-0.665871,0.480239,-8.5e-05,-0.001083,-0.00123,0.025325,-0.022891,-0.015934,-0.253224,0.03201,0.031854,-0.017666,-0.490469,-0.726276,0.481625,0.683327,0.022476,0.729767,-0.540837,0.687035,0.48526,0.007718,-0.006265,0.002754,-0.0393,-0.013242,0.005061,-0.364589,0.061284,0.034396,-0.065165,0.153346,-0.097383,-0.983361,0.330154,0.942996,-0.041901,0.931387,-0.318236,0.176756,3e-06,6e-06,1.2e-05,0.001318,-0.000884,0.002013,-0.985478
206,0.125646,-0.016124,0.305851,-0.13244,0.106143,-0.985515,-0.394041,-0.917928,-0.045964,-0.909351,0.382108,0.164622,0.000488,0.011248,-0.00803,0.035125,-0.0161,0.016688,-1.916661,-0.191439,-0.023609,0.304784,0.451074,0.750994,0.482216,-0.682991,-0.057162,0.728142,0.573817,-0.658724,0.486498,0.000692,-0.009888,0.009584,0.038973,-0.069662,-0.039205,-0.45874,0.032102,0.031701,-0.017565,-0.480745,-0.732758,0.481611,0.687723,0.025655,0.725519,-0.543986,0.680005,0.491601,0.007783,-0.00547,0.003661,0.013771,-0.064143,-0.030299,-0.519715,0.061293,0.034475,-0.065223,0.153116,-0.098932,-0.983243,0.352045,0.935158,-0.039272,0.923373,-0.340133,0.178016,3e-06,5e-06,1.1e-05,0.002209,-0.001924,0.003349,-0.98662
