frame,MLTx,MLTy,MLTz,MLTR1,MLTR2,MLTR3,MLTR4,MLTR5,MLTR6,MLTR7,MLTR8,MLTR9,MLTTVx,MLTTVy,MLTTVz,MLTRVx,MLTRVy,MLTRVz,MLGA,MRTx,MRTy,MRTz,MRTR1,MRTR2,MRTR3,MRTR4,MRTR5,MRTR6,MRTR7,MRTR8,MRTR9,MRTTVx,MRTTVy,MRTTVz,MRTRVx,MRTRVy,MRTRVz,MRGA,SLTx,SLTy,SLTz,SLTR1,SLTR2,SLTR3,SLTR4,SLTR5,SLTR6,SLTR7,SLTR8,SLTR9,SLTTVx,SLTTVy,SLTTVz,SLTRVx,SLTRVy,SLTRVz,SLGA,SRTx,SRTy,SRTz,SRTR1,SRTR2,SRTR3,SRTR4,SRTR5,SRTR6,SRTR7,SRTR8,SRTR9,SRTTVx,SRTTVy,SRTTVz,SRTRVx,SRTRVy,SRTRVz,SRGA
850,0.053236,0.03304,0.341363,-0.368043,0.742916,-0.559164,-0.929086,-0.269908,0.252827,0.037357,0.611639,0.790272,-0.000937,-0.002113,-0.001787,0.0,-0.0,0.0,0.404744,-0.129164,0.075469,0.356259,0.471766,0.879368,-0.06435,-0.880315,0.46589,-0.089026,-0.048887,0.097523,0.993963,0.010736,0.005155,0.001946,-0.059977,0.055068,-0.073702,-1.408681,0.028628,0.05647,-0.00495,-0.348873,-0.935048,-0.063017,0.931499,-0.338592,-0.132903,0.102933,-0.105067,0.989123,0.005322,0.002799,0.001089,-0.026673,0.054919,-0.393806,-0.811515,0.063823,0.041337,-0.071569,-0.440322,0.701043,-0.56094,-0.896157,-0.38139,0.22681,-0.054933,0.60256,0.79618,-0.00145,-0.006791,0.002973,-0.03471,0.040773,-0.040167,0.352525
851,0.053148,0.032692,0.3415,-0.365558,0.74153,-0.562623,-0.930183,-0.269006,0.249734,0.034284,0.613713,0.788802,-0.001002,-0.002258,-0.001911,0.0,-0.0,0.0,0.400729,-0.128794,0.075585,0.356427,0.46067,0.886119,-0.050672,-0.885396,0.455006,-0.094742,-0.061462,0.087377,0.994209,-0.00075,0.004661,0.002494,0.049088,0.276404,0.096791,-1.408838,0.028817,0.056527,-0.004866,-0.336197,-0.940457,-0.050107,0.934847,-0.326797,-0.138796,0.114157,-0.093505,0.989052,-0.000399,0.002409,0.001288,0.058296,0.287875,0.101303,-0.806617,0.063778,0.041162,-0.071501,-0.437609,0.700005,-0.564349,-0.89728,-0.380588,0.223698,-0.058195,0.604272,0.794649,-0.001483,-0.006866,0.002912,-0.0348,0.040849,-0.040265,0.353342
852,0.053116,0.032309,0.341585,-0.360403,0.738509,-0.569877,-0.932423,-0.267646,0.242746,0.027186,0.617934,0.785777,-0.001327,-0.002991,-0.002534,0.034545,-0.051805,0.041054,0.3903,-0.128532,0.075724,0.356625,0.443815,0.895257,-0.039176,-0.89323,0.438635,-0.098357,-0.071414,0.077502,0.994362,0.010405,0.007089,0.002973,-0.058674,0.032771,0.067414,-1.409214,0.028945,0.056592,-0.00477,-0.31779,-0.947347,-0.039269,0.9402,-0.309496,-0.142249,0.122606,-0.082126,0.98905,0.006012,-0.001957,0.005395,-0.106157,0.033566,0.061071,-0.803187,0.063764,0.040977,-0.07146,-0.432042,0.697742,-0.571397,-0.899467,-0.379434,0.216768,-0.06556,0.607606,0.791528,-0.000609,-0.001368,-0.001158,0.423745,-0.634316,0.50145,0.345504
853,0.053085,0.032057,0.341583,-0.366745,0.732731,-0.573279,-0.930194,-0.278203,0.2394,0.016377,0.620149,0.78433,-0.001313,-0.00296,-0.002511,0.025663,-0.010717,-0.03511,0.379985,-0.128482,0.075948,0.356789,0.427824,0.903547,-0.02371,-0.900045,0.423616,-0.101994,-0.082635,0.063822,0.994465,-0.01231,0.00472,0.003324,1.749895,2.139551,0.209183,-1.409696,0.028978,0.056707,-0.004687,-0.300397,-0.953437,-0.026782,0.945026,-0.293709,-0.143733,0.129174,-0.068486,0.989253,-0.000642,0.003886,0.002073,-0.011391,0.001709,-0.096464,-0.799922,0.063747,0.040844,-0.07146,-0.437483,0.69126,-0.575123,-0.895954,-0.389587,0.213274,-0.076633,0.608589,0.789776,-0.00077,-0.001735,-0.00147,0.08377,-0.01669,-0.145305,0.333747
854,0.053075,0.031959,0.341567,-0.372423,0.726758,-0.577208,-0.928061,-0.288475,0.235489,0.00509,0.622482,0.782634,-0.001282,-0.002889,-0.002452,0.116021,-0.15744,0.11164,0.374654,-0.128567,0.0761,0.356875,0.413682,0.910138,-0.022518,-0.906657,0.40975,-0.10006,-0.082346,0.060647,0.994688,-0.012418,0.005437,0.003699,-0.010975,0.039765,-0.169997,-1.409339,0.028936,0.05678,-0.004646,-0.285794,-0.957989,-0.024043,0.949298,-0.279593,-0.143734,0.130973,-0.063902,0.989324,-0.000663,0.004134,0.002195,0.055932,0.125357,-1.637928,-0.796656,0.063742,0.040795,-0.071468,-0.442483,0.684712,-0.579118,-0.892451,-0.399568,0.209466,-0.087973,0.60952,0.787874,-0.000409,-0.000924,-0.000782,0.426209,-0.63575,0.499601,0.326562
855,0.052989,0.03175,0.341546,-0.388087,0.712444,-0.584685,-0.92138,-0.31476,0.227941,-0.021164,0.626292,0.779319,-0.001799,-0.004052,-0.003443,0.970515,-0.36379,-1.315255,0.363267,-0.128737,0.076242,0.35693,0.404867,0.914291,-0.012129,-0.91004,0.40176,-0.101738,-0.088638,0.051062,0.994685,-0.001771,0.011813,-0.007387,-0.014234,0.032279,0.050073,-1.409539,0.028845,0.056861,-0.004607,-0.275581,-0.961172,-0.014235,0.951611,-0.270685,-0.145484,0.135982,-0.053639,0.989257,-0.005623,-0.000933,-8.8e-05,-0.045796,0.040396,0.001949,-0.790614,0.0637,0.040694,-0.071476,-0.454863,0.669484,-0.587272,-0.883291,-0.423241,0.20165,-0.113557,0.610456,0.783867,-0.000751,-0.001628,-0.001467,3.22753,-1.249934,-4.311756,0.314479
856,0.052803,0.031401,0.341559,-0.41773,0.691339,-0.589573,-0.906815,-0.35766,0.223021,-0.056171,0.626936,0.77706,-0.004023,-0.01613,0.003778,0.055196,0.004431,-0.154005,0.335662,-0.128854,0.076217,0.356905,0.390258,0.920693,-0.003864,-0.916033,0.387982,-0.101422,-0.092354,0.041946,0.994773,6.3e-05,-0.000391,-0.000207,-0.142469,0.689068,-5.395218,-1.409243,0.028786,0.056847,-0.004625,-0.265353,-0.964127,-0.006805,0.954145,-0.261579,-0.145538,0.138538,-0.045112,0.989328,4.8e-05,-0.000333,-0.000173,-0.228137,0.178725,0.128724,-0.793227,0.063608,0.040524,-0.071472,-0.482868,0.644262,-0.593096,-0.862856,-0.465589,0.196738,-0.149388,0.606756,0.780723,-0.00835,-0.005983,0.003221,0.259458,-0.072981,-0.433975,0.285576
857,0.052654,0.031166,0.34159,-0.433019,0.680694,-0.590928,-0.898439,-0.378959,0.221741,-0.072468,0.626083,0.776399,-0.015662,-0.002516,-0.003047,0.025672,0.020283,-0.08863,0.321207,-0.128826,0.076148,0.356898,0.384695,0.923031,-0.003808,-0.918364,0.382456,-0.101333,-0.092545,0.041303,0.994783,0.000429,-0.002662,-0.001414,-0.002394,0.001883,0.001465,-1.409721,0.0288,0.056816,-0.004628,-0.254183,-0.96713,-0.007002,0.957181,-0.250517,-0.145065,0.138543,-0.043575,0.989396,0.005888,-0.000797,-0.000823,0.014194,-0.011584,0.004772,-0.79437,0.063532,0.040402,-0.071454,-0.496904,0.631803,-0.594902,-0.851872,-0.485886,0.195517,-0.165527,0.603934,0.779655,-0.007871,-0.001352,-0.001593,0.023163,0.022764,-0.088063,0.267288
858,0.052104,0.030609,0.341838,-0.46638,0.659666,-0.589385,-0.878859,-0.421277,0.223839,-0.100061,0.621559,0.776967,-0.029355,-0.007572,0.009253,-0.027081,0.048641,-0.083232,0.296945,-0.128643,0.07586,0.356929,0.3738,0.927503,-0.001494,-0.922964,0.371935,-0.098662,-0.091407,0.037076,0.995054,0.002302,-0.015097,0.005643,-0.036628,0.007715,-0.019504,-1.409562,0.028891,0.056674,-0.004616,-0.242704,-0.970085,-0.005315,0.960382,-0.239495,-0.142501,0.136965,-0.03969,0.98978,0.00035,-0.002197,-0.001169,0.00243,0.012216,-0.024509,-0.791757,0.063266,0.04012,-0.071339,-0.527559,0.606912,-0.594422,-0.827427,-0.525628,0.197681,-0.19247,0.59613,0.779476,-0.009263,-0.011513,0.007273,-0.042234,0.065568,-0.113759,0.230221
859,0.05126,0.030032,0.342298,-0.505606,0.631173,-0.588241,-0.852153,-0.471977,0.225931,-0.134412,0.614717,0.777228,-0.030593,-0.017266,0.018518,0.907982,-0.300966,-1.376035,0.285369,-0.12854,0.075639,0.356992,0.362285,0.932062,0.001011,-0.927281,0.360658,-0.100047,-0.094054,0.03412,0.994913,3.2e-05,-0.0002,-0.000107,-0.0,3.6e-05,-0.000361,-1.409862,0.028945,0.056551,-0.004586,-0.230519,-0.973061,-0.003393,0.963059,-0.227648,-0.143851,0.139203,-0.036428,0.989593,-1e-05,3.2e-05,1.7e-05,-0.001203,-6.5e-05,-0.000198,-0.795349,0.062851,0.039842,-0.071119,-0.559761,0.5773,-0.594467,-0.798254,-0.568191,0.199868,-0.222387,0.586414,0.778884,-0.008173,-0.005476,0.003659,-0.029223,-0.055852,0.093054,0.205727
860,0.050395,0.029383,0.342893,-0.53556,0.606887,-0.587289,-0.828928,-0.510724,0.228058,-0.160878,0.608203,0.777325,-0.030364,-0.016596,0.019091,0.018658,-0.066148,-0.034203,0.265222,-0.128576,0.07564,0.357107,0.345168,0.938535,0.001243,-0.933749,0.343662,-0.099718,-0.094433,0.032063,0.994946,-0.000313,0.001939,0.001032,-5.6e-05,0.004464,-0.044539,-1.409598,0.028926,0.056553,-0.004527,-0.212647,-0.97712,-0.003985,0.967148,-0.209892,-0.143421,0.139303,-0.034352,0.989653,-0.000179,0.001058,0.000564,-0.000941,0.005965,-0.044133,-0.79192,0.062412,0.039511,-0.070815,-0.590092,0.546243,-0.594482,-0.767248,-0.608579,0.202386,-0.251237,0.575542,0.778222,-0.008783,-0.010313,0.008311,0.225609,-0.03998,-0.468643,0.184009
861,0.049906,0.02904,0.34327,-0.546828,0.597454,-0.586577,-0.819662,-0.524873,0.229422,-0.170135,0.605505,0.777461,-0.018885,-0.030587,0.025657,0.872511,-0.298929,-1.359637,0.254392,-0.128603,0.075592,0.357135,0.338706,0.940886,0.001722,-0.936093,0.337285,-0.099508,-0.094616,0.030893,0.994965,-5e-06,2.8e-05,1.5e-05,-0.0,0.0,-1e-06,-1.40985,0.028912,0.056533,-0.004511,-0.205888,-0.978567,-0.003801,0.968606,-0.203236,-0.143168,0.139327,-0.033158,0.98969,-2e-06,-2.5e-05,-1e-05,-0.000435,0.000822,0.000873,-0.788981,0.062163,0.039344,-0.070629,-0.599193,0.536562,-0.594194,-0.757476,-0.620251,0.203757,-0.259221,0.572179,0.778083,-0.015019,-0.007873,0.009865,3.171609,-1.18615,-4.382824,0.168987
862,0.048792,0.028255,0.344116,-0.563685,0.581075,-0.587074,-0.804435,-0.54753,0.230362,-0.186889,0.60139,0.776807,-0.030363,-0.016318,0.019332,1.236235,-1.846755,1.410989,0.232352,-0.128759,0.075535,0.357127,0.325573,0.945508,0.002776,-0.940682,0.324324,-0.099313,-0.095194,0.028519,0.994981,-0.011238,-0.001925,-0.000216,-0.002045,0.015216,-0.029354,-1.409793,0.028839,0.056504,-0.004516,-0.192225,-0.981345,-0.003369,0.971373,-0.189781,-0.142887,0.139582,-0.030739,0.989733,1e-05,-0.000101,-5.1e-05,-0.000483,0.000883,0.000625,-0.790451,0.061612,0.038949,-0.070202,-0.616638,0.517361,-0.593374,-0.738005,-0.642281,0.206936,-0.274053,0.565518,0.777871,-0.016202,-0.013908,0.013573,-0.01572,-0.043388,-0.045684,0.137635
863,0.047685,0.027315,0.34503,-0.593549,0.54633,-0.59099,-0.772496,-0.592723,0.227818,-0.225097,0.591077,0.774588,-0.032352,-0.02752,0.027369,0.915866,-0.318771,-1.370636,0.20498,-0.128942,0.075489,0.357137,0.308676,0.951149,0.005115,-0.94645,0.307794,-0.0971,-0.094301,0.023921,0.995187,-5.7e-05,0.000355,0.000189,-0.028889,0.537121,-5.499533,-1.409377,0.028743,0.056479,-0.004512,-0.180456,-0.983581,-0.001474,0.97386,-0.178462,-0.140524,0.137954,-0.026794,0.990075,-4.3e-05,0.000244,0.000134,0.0073,-0.006113,0.000122,-0.795186,0.061059,0.038483,-0.069748,-0.639438,0.480355,-0.600313,-0.702644,-0.682068,0.202665,-0.312104,0.551399,0.77366,-0.014993,-0.00764,0.010083,3.325765,-1.363021,-4.2307,0.106447
864,0.047149,0.026817,0.345551,-0.607642,0.528113,-0.593223,-0.75539,-0.614982,0.226177,-0.244625,0.58489,0.773363,-0.031537,-0.025645,0.028993,0.195748,-0.017988,-0.484725,0.185925,-0.128969,0.075493,0.357141,0.302741,0.953054,0.005273,-0.948348,0.301904,-0.097075,-0.094473,0.023175,0.995189,-1.9e-05,0.000119,6.3e-05,-0.002631,0.04829,-0.494989,-1.409678,0.02873,0.056482,-0.004509,-0.170235,-0.985401,-0.001831,0.975673,-0.168293,-0.140494,0.138135,-0.025704,0.990079,0.000161,-4.9e-05,-5.5e-05,-0.017381,0.521043,-5.506893,-0.79486,0.06079,0.038231,-0.06949,-0.651799,0.459775,-0.603127,-0.682105,-0.703022,0.201224,-0.331494,0.542555,0.771844,-0.00931,-0.014785,0.013323,0.890273,-0.296812,-1.369141,0.083749
865,0.046091,0.025802,0.346709,-0.629868,0.494213,-0.59922,-0.723587,-0.653773,0.221301,-0.281607,0.572361,0.770148,-0.018026,-0.028202,0.027823,0.041711,-0.099953,0.033384,0.16946,-0.128986,0.075489,0.35715,0.293453,0.955928,0.008905,-0.951528,0.293088,-0.092887,-0.091755,0.017568,0.995558,-5.7e-05,0.000356,0.00019,-0.037144,0.171881,-1.636437,-1.409521,0.028721,0.05648,-0.004505,-0.160509,-0.987032,0.001614,0.97783,-0.159235,-0.135984,0.134477,-0.020249,0.990709,0.000134,9.4e-05,2.8e-05,-0.0366,0.495266,-5.495426,-0.786532,0.060256,0.037724,-0.068911,-0.670088,0.423181,-0.609836,-0.645366,-0.738037,0.196985,-0.366721,0.525564,0.767657,-0.015458,-0.012018,0.015226,0.407821,-0.564132,0.294541,0.047825
866,0.045023,0.024955,0.34785,-0.657052,0.45172,-0.603553,-0.680982,-0.699062,0.218055,-0.32261,0.553717,0.76769,-0.027897,-0.010406,0.024438,0.022396,0.026208,-0.176673,0.124536,-0.128955,0.075515,0.357192,0.288974,0.957213,0.015105,-0.952559,0.289181,-0.094548,-0.095216,0.011716,0.995319,-0.000228,0.001422,0.000756,-0.016088,0.012849,0.010172,-1.409283,0.028736,0.056491,-0.004484,-0.153912,-0.988055,0.007539,0.978518,-0.153477,-0.137645,0.137158,-0.013808,0.990452,-0.000149,0.000912,0.000486,0.003079,-0.010714,0.008638,-0.790941,0.059731,0.037301,-0.068352,-0.691557,0.378141,-0.615432,-0.59799,-0.777631,0.194156,-0.405161,0.502292,0.763901,-0.013998,-0.005273,0.012179,0.936923,-0.184135,-1.547917,0.007982
867,0.044269,0.02452,0.348882,-0.672368,0.431745,-0.601301,-0.65945,-0.718352,0.221512,-0.335479,0.544925,0.768464,-0.01103,0.001027,0.017557,-0.006867,-0.090455,0.117371,0.115628,-0.128932,0.075531,0.35724,0.289332,0.956981,0.021596,-0.951699,0.290115,-0.100181,-0.102483,0.007215,0.99464,-0.00021,0.001306,0.000694,-3e-06,3e-06,2e-06,-1.409194,0.028748,0.0565,-0.00446,-0.154056,-0.987965,0.013813,0.977528,-0.154435,-0.143483,0.14389,-0.008602,0.989555,-0.000133,0.000819,0.000435,-0.000913,-0.002635,-0.000375,-0.794206,0.059339,0.037067,-0.067825,-0.704842,0.35607,-0.613522,-0.573952,-0.794525,0.198263,-0.416863,0.491877,0.764382,-0.006347,-0.004753,0.013125,0.020863,0.011824,-0.144741,-0.033494
868,0.044013,0.024392,0.349374,-0.675249,0.4279,-0.600821,-0.655435,-0.721696,0.222554,-0.337545,0.543543,0.768538,-0.012117,-0.008361,0.027191,-0.066697,-0.058087,0.13815,0.117143,-0.128918,0.075549,0.357248,0.28374,0.958654,0.021558,-0.953377,0.284551,-0.100186,-0.102517,0.006655,0.99464,-0.000131,0.000816,0.000434,-0.0,0.0,-0.0,-1.40954,0.028755,0.05651,-0.004455,-0.148277,-0.988853,0.013494,0.978429,-0.148671,-0.143434,0.143841,-0.008065,0.989567,-8.1e-05,0.00049,0.000261,-0.000355,0.000187,0.000213,-0.792084,0.059213,0.037007,-0.067582,-0.707238,0.351912,-0.613164,-0.569599,-0.79738,0.199351,-0.418771,0.490246,0.764387,-0.005048,0.001542,0.009666,-0.036284,0.023054,-0.015462,-0.036596
869,0.043585,0.024362,0.350302,-0.687839,0.408086,-0.600324,-0.634466,-0.739764,0.223996,-0.351838,0.534447,0.768507,-0.009272,0.004722,0.020667,0.264668,-0.089265,-0.400824,0.109261,-0.128912,0.075565,0.357257,0.28444,0.958343,0.025777,-0.953062,0.285681,-0.099965,-0.103505,0.002649,0.994557,0.000148,-0.000922,-0.00049,-0.000144,0.000115,9.1e-05,-1.409311,0.028757,0.056522,-0.004449,-0.148872,-0.988696,0.017791,0.97828,-0.14988,-0.143184,0.144232,-0.003912,0.989535,0.000124,-0.00078,-0.000414,0.003785,-0.004723,-0.000845,-0.793063,0.058998,0.036989,-0.067114,-0.717111,0.331212,-0.613228,-0.547221,-0.81247,0.201098,-0.431624,0.479781,0.763878,-0.005339,-0.002639,0.014907,0.934894,-0.348185,-1.29364,-0.042475
870,0.043226,0.024626,0.351225,-0.702349,0.383489,-0.599739,-0.608082,-0.761218,0.22529,-0.369268,0.522442,0.768585,-0.007241,0.008965,0.024205,0.055652,-0.02618,-0.10849,0.101827,-0.128965,0.075519,0.357226,0.284249,0.958334,0.028087,-0.952845,0.285727,-0.101882,-0.106002,0.000979,0.994297,0.000339,-0.002112,-0.001123,-0.002232,0.016037,-0.023837,-1.409367,0.028731,0.056499,-0.004465,-0.148597,-0.988694,0.020047,0.977985,-0.149931,-0.145139,0.146504,-0.001961,0.989207,-0.005575,-0.001226,-0.000247,-0.002959,0.013982,-0.029523,-0.793227,0.058814,0.037121,-0.066646,-0.728776,0.304688,-0.613229,-0.51811,-0.8309,0.202894,-0.447713,0.465585,0.763402,-0.00355,0.004666,0.012265,0.054677,-0.025809,-0.106709,-0.054721
871,0.043062,0.024878,0.351745,-0.711322,0.366841,-0.599578,-0.590117,-0.775083,0.225789,-0.381014,0.51397,0.768564,-0.005765,0.012043,0.026752,0.264412,-0.104831,-0.376073,0.100795,-0.128988,0.075499,0.357217,0.27834,0.960064,0.028204,-0.954586,0.279864,-0.101869,-0.106026,0.00021,0.994295,0.0001,-0.000621,-0.00033,-3e-06,1.1e-05,-0.000108,-1.409465,0.02872,0.056485,-0.004471,-0.142467,-0.989599,0.019888,0.978909,-0.143843,-0.145068,0.14642,-0.001199,0.989221,5.8e-05,-0.000366,-0.000193,-0.000499,0.000738,-0.000149,-0.79437,0.058734,0.037241,-0.066397,-0.735575,0.287429,-0.613443,-0.499014,-0.842313,0.203697,-0.458163,0.455951,0.763016,-0.002673,0.006491,0.013783,0.966586,-0.373232,-1.279849,-0.057987
872,0.042625,0.025496,0.352983,-0.723825,0.339572,-0.600677,-0.56266,-0.79436,0.228861,-0.398544,0.503206,0.766794,-0.018365,0.009538,0.041057,0.924867,-0.354098,-1.286278,0.109463,-0.128973,0.075517,0.357226,0.273556,0.961381,0.030087,-0.956133,0.275304,-0.099756,-0.104513,-0.0027,0.994451,-2e-05,0.000124,6.6e-05,-0.055037,0.169511,-1.645498,-1.409428,0.028727,0.056494,-0.004467,-0.13802,-0.990191,0.021723,0.979847,-0.139709,-0.142759,0.144393,0.001582,0.989518,2e-06,5.9e-05,3.2e-05,-0.038628,0.147954,-1.667541,-0.797636,0.05852,0.037552,-0.065782,-0.744356,0.259696,-0.615216,-0.470627,-0.857609,0.207401,-0.473755,0.443918,0.760587,-0.001841,0.008122,0.015082,3.294829,-1.253772,-4.201532,-0.057497
873,0.04179,0.026098,0.354501,-0.738279,0.310812,-0.598652,-0.533059,-0.812661,0.235376,-0.412431,0.492499,0.766402,-0.030733,0.014422,0.043994,0.880725,-0.410647,-1.344072,0.113913,-0.128911,0.075504,0.357204,0.269996,0.962268,0.033683,-0.957473,0.272115,-0.095567,-0.101448,-0.007672,0.994743,-0.001525,0.010315,-0.008196,-0.022826,0.039793,0.057112,-1.409698,0.028759,0.056485,-0.004474,-0.133597,-0.990715,0.025187,0.981009,-0.135808,-0.138477,0.140612,0.006208,0.990044,0.000114,-0.000713,-0.00038,-0.051901,0.040443,0.042654,-0.795023,0.05811,0.037856,-0.065021,-0.755337,0.229474,-0.613846,-0.439305,-0.872366,0.214448,-0.486288,0.431646,0.759739,-0.008912,0.005191,0.020822,3.203505,-1.323816,-4.297281,-0.048843
874,0.041359,0.026397,0.355292,-0.740835,0.300029,-0.600992,-0.523599,-0.818379,0.236793,-0.419878,0.489726,0.764132,-0.015983,0.021261,0.033069,-0.062078,0.069735,-0.195081,0.133532,-0.128882,0.075486,0.357182,0.265391,0.963484,0.035466,-0.958923,0.267695,-0.093483,-0.099878,-0.010424,0.994876,0.000224,-0.001397,-0.000743,-0.113899,0.091029,0.072053,-1.409263,0.028773,0.056481,-0.004487,-0.12863,-0.991339,0.026457,0.981901,-0.131054,-0.136728,0.139011,0.008391,0.990254,0.000167,-0.00105,-0.000559,-0.183984,0.148558,0.106864,-0.797636,0.057889,0.038004,-0.06462,-0.75682,0.217036,-0.616536,-0.427802,-0.877636,0.216192,-0.494174,0.427374,0.757061,-0.015349,0.007249,0.021994,-0.069646,0.044973,-0.087544,-0.039862
875,0.04054,0.026919,0.356813,-0.748222,0.269437,-0.606311,-0.498502,-0.831337,0.245655,-0.436934,0.485712,0.757099,-0.017263,0.018408,0.03055,-0.354133,-0.406834,-0.280834,0.188168,-0.128894,0.075454,0.357156,0.256163,0.965842,0.038999,-0.96176,0.258804,-0.089284,-0.096632,-0.015864,0.995125,0.000239,-0.001489,-0.000792,-0.047551,0.066908,-0.477152,-1.409072,0.028767,0.056464,-0.004501,-0.119499,-0.99238,0.03002,0.983664,-0.122441,-0.131959,0.134629,0.01376,0.9908,0.000125,-0.000795,-0.000423,-0.009249,0.032464,-0.488625,-0.800738,0.057483,0.038272,-0.063854,-0.760916,0.187455,-0.621182,-0.401606,-0.888002,0.223973,-0.509627,0.419895,0.750978,-0.00946,0.004035,0.019719,-0.397703,-0.442715,-0.321774,0.019086
876,0.03984,0.027146,0.358179,-0.747693,0.238754,-0.619675,-0.471764,-0.847696,0.242532,-0.466466,0.473378,0.747228,-0.008054,-0.000163,0.033485,-0.194672,-0.460324,-0.055261,0.22424,-0.128892,0.075391,0.357123,0.252479,0.966658,0.042621,-0.963052,0.255406,-0.08504,-0.09339,-0.020803,0.995343,0.000374,-0.002332,-0.001242,-0.031077,0.024846,0.019667,-1.408864,0.028767,0.056434,-0.004516,-0.115442,-0.992752,0.03341,0.984662,-0.118801,-0.127769,0.130812,0.018148,0.99124,0.000219,-0.001374,-0.000731,-0.00831,0.019543,-0.005377,-0.797799,0.05713,0.038393,-0.063171,-0.756463,0.156722,-0.634981,-0.372891,-0.900959,0.221863,-0.537322,0.40461,0.739983,-0.010508,0.001823,0.017862,-0.051077,-1.091495,0.182182,0.073625
877,0.03939,0.027178,0.359404,-0.746013,0.225998,-0.626446,-0.46224,-0.852881,0.242694,-0.478512,0.470335,0.74151,-0.007898,0.007109,0.022071,-0.05293,0.099201,-0.203695,0.244409,-0.128928,0.075289,0.357093,0.254353,0.965997,0.046312,-0.962861,0.257516,-0.08073,-0.090213,-0.025285,0.995533,0.000374,-0.002332,-0.001243,-0.038902,0.045381,-0.000617,-1.408834,0.028749,0.056383,-0.004532,-0.11726,-0.992405,0.037168,0.984938,-0.121004,-0.123508,0.127067,0.022126,0.991646,8.4e-05,-0.00052,-0.000277,-0.022286,0.01661,0.027748,-0.794533,0.056909,0.038408,-0.062566,-0.752376,0.143338,-0.642948,-0.363058,-0.904646,0.223168,-0.549652,0.401334,0.732674,-0.004866,-0.001775,0.015353,-0.066167,0.038257,-0.011193,0.110039
878,0.039242,0.027122,0.359913,-0.745396,0.226009,-0.627176,-0.462502,-0.852862,0.242261,-0.479219,0.470364,0.741035,-0.010767,-0.005782,0.028873,-0.066921,0.044691,-0.032239,0.255657,-0.128948,0.075253,0.357086,0.254103,0.965948,0.048654,-0.962702,0.257527,-0.082573,-0.092592,-0.027084,0.995267,0.000189,-0.001182,-0.00063,0.003648,0.005675,0.000614,-1.40882,0.02874,0.056362,-0.004537,-0.116971,-0.992353,0.039382,0.984668,-0.121049,-0.125596,0.129403,0.024087,0.991298,0.000112,-0.000697,-0.000369,0.019612,0.005312,-0.001979,-0.79486,0.056833,0.038385,-0.062301,-0.75204,0.143503,-0.643304,-0.363126,-0.904737,0.222683,-0.550066,0.401068,0.732509,-0.005366,-0.002811,0.014508,-0.06294,0.055643,-0.028378,0.126041
879,0.039024,0.026852,0.360813,-0.746968,0.222167,-0.626678,-0.458687,-0.854507,0.243711,-0.480432,0.469213,0.74098,0.001448,-0.004008,0.013955,-0.032711,0.008009,0.011264,0.266873,-0.128866,0.075283,0.357076,0.248511,0.96729,0.050827,-0.963942,0.25221,-0.084502,-0.094852,-0.029223,0.994994,-0.00015,0.000932,0.000497,3.5e-05,4.2e-05,2e-06,-1.408923,0.028781,0.056374,-0.004543,-0.1111,-0.992953,0.04122,0.985082,-0.115514,-0.127545,0.131407,0.026434,0.990975,-0.000107,0.000667,0.000356,-0.003746,-0.004686,-0.001192,-0.795839,0.05672,0.038251,-0.061844,-0.753218,0.139583,-0.642789,-0.359216,-0.905922,0.224205,-0.551022,0.399776,0.732498,-0.006738,-0.005642,0.012231,-0.06795,0.060121,-0.055476,0.153637
880,0.038665,0.026629,0.361473,-0.749163,0.214188,-0.626835,-0.45007,-0.8589,0.244333,-0.485129,0.464894,0.740642,-0.012194,-0.00173,0.014934,0.277883,-0.084447,-0.411666,0.258995,-0.128801,0.075308,0.357104,0.244111,0.968322,0.052478,-0.965243,0.247915,-0.082324,-0.093015,-0.031787,0.995088,-4.5e-05,0.000277,0.000148,-0.003165,0.00253,0.002003,-1.408825,0.028813,0.05639,-0.004527,-0.106532,-0.993389,0.042751,0.985895,-0.111114,-0.125152,0.129075,0.028816,0.991215,-2.3e-05,0.000135,7.1e-05,0.012212,-0.010285,-0.000892,-0.790288,0.056548,0.038135,-0.061524,-0.75418,0.132834,-0.643091,-0.351828,-0.90864,0.224918,-0.554462,0.395887,0.732013,-0.006053,-0.000851,0.007518,3.428232,-1.32269,-4.112532,0.156087
881,0.038528,0.026625,0.361729,-0.749178,0.214349,-0.626763,-0.45041,-0.858632,0.24465,-0.484791,0.465316,0.740598,-0.011746,-0.000813,0.015662,-0.033896,0.037083,-0.043281,0.259205,-0.128741,0.075309,0.357101,0.243993,0.968224,0.054773,-0.965042,0.248072,-0.084189,-0.09539,-0.033547,0.994806,5.7e-05,-0.000352,-0.000188,0.001235,0.001591,8.9e-05,-1.408825,0.028843,0.056391,-0.004529,-0.106318,-0.993313,0.044993,0.98562,-0.111255,-0.127175,0.13133,0.030825,0.990858,0.005676,0.000633,-6.8e-05,0.004408,-0.017432,0.028048,-0.79388,0.056469,0.038128,-0.061387,-0.754474,0.13161,-0.642998,-0.350601,-0.909013,0.225326,-0.554839,0.395439,0.73197,-0.005873,-0.000383,0.007855,-0.034769,0.037436,-0.04219,0.152984
882,0.03834,0.02679,0.362163,-0.749101,0.214603,-0.626767,-0.450905,-0.858285,0.244956,-0.48445,0.465838,0.740493,0.00165,-0.0036,0.01426,-0.032679,0.008085,0.011301,0.267445,-0.128686,0.075294,0.357089,0.244065,0.96808,0.056955,-0.964788,0.248417,-0.086061,-0.097751,-0.035174,0.99452,4e-06,-2.8e-05,-1.5e-05,-0.0,0.0,0.0,-1.408747,0.028871,0.056382,-0.004535,-0.106298,-0.993217,0.047121,0.985342,-0.111577,-0.129035,0.133418,0.032715,0.990519,-0.0,4e-06,3e-06,-0.001476,-0.001812,-0.000519,-0.796656,0.056373,0.03821,-0.061177,-0.754422,0.131896,-0.643001,-0.351163,-0.908726,0.22561,-0.554555,0.396003,0.73188,-0.004712,0.005462,0.003938,-0.001392,0.000655,-0.003818,0.155924
883,0.037963,0.02701,0.36254,-0.750498,0.210152,-0.626605,-0.44596,-0.860746,0.245373,-0.486853,0.463327,0.740492,-0.009916,0.009857,0.007004,-0.000754,0.000434,-0.004521,0.261232,-0.128694,0.075238,0.35706,0.243765,0.968146,0.057119,-0.964862,0.248133,-0.086051,-0.097772,-0.035365,0.994512,0.000246,-0.001528,-0.000815,-0.0,0.0,0.0,-1.408875,0.028866,0.056356,-0.004549,-0.105974,-0.993245,0.047255,0.98538,-0.111272,-0.12901,0.133397,0.032893,0.990516,0.000157,-0.000968,-0.000515,-4.6e-05,-7e-06,-0.000237,-0.794533,0.056189,0.038316,-0.060985,-0.755281,0.127328,-0.642913,-0.346004,-0.910572,0.22614,-0.556625,0.39325,0.731794,-0.005086,0.004679,0.003307,-0.00141,0.014974,-0.028823,0.159679
884,0.037599,0.027341,0.362965,-0.752087,0.205478,-0.62625,-0.44072,-0.863277,0.245945,-0.489161,0.460713,0.740602,-0.008506,0.012686,0.009227,-0.000752,0.000443,-0.004516,0.258475,-0.128701,0.075175,0.357007,0.243438,0.968218,0.057305,-0.964937,0.247827,-0.086093,-0.097846,-0.035567,0.994497,0.000138,-0.000856,-0.000457,-0.0,0.0,0.0,-1.408803,0.028863,0.056322,-0.004576,-0.105626,-0.993273,0.047427,0.985411,-0.110951,-0.129048,0.133442,0.033104,0.990502,9.2e-05,-0.000574,-0.000306,-1.9e-05,9e-06,-0.000161,-0.795676,0.056009,0.038476,-0.060784,-0.756295,0.122507,-0.642657,-0.340521,-0.912474,0.226792,-0.558625,0.39036,0.731816,-0.00422,0.006427,0.004685,-0.001221,0.000631,-0.003951,0.154127
885,0.037511,0.027507,0.363175,-0.753287,0.201067,-0.62624,-0.43572,-0.865782,0.246054,-0.491781,0.45796,0.740575,-0.008232,0.013224,0.009639,-0.000751,0.000448,-0.004513,0.25392,-0.128699,0.07516,0.356999,0.243274,0.968253,0.057398,-0.964977,0.247673,-0.086087,-0.097857,-0.035674,0.994492,7.8e-05,-0.000484,-0.000258,-0.0,0.0,0.0,-1.408777,0.028865,0.056314,-0.004581,-0.105452,-0.993288,0.047512,0.98543,-0.11079,-0.12904,0.133438,0.033212,0.9905,3.1e-05,-0.000193,-0.000104,-1.4e-05,2.3e-05,-0.00013,-0.796003,0.055961,0.03856,-0.060671,-0.756978,0.117972,-0.642702,-0.335259,-0.914361,0.227032,-0.560879,0.38733,0.731703,0.001374,-0.000674,0.008007,-0.033055,0.008419,0.012038,0.152331
886,0.037275,0.027786,0.363717,-0.755705,0.19226,-0.626091,-0.425804,-0.870564,0.246537,-0.496718,0.452658,0.740539,-0.009246,0.004174,0.019524,-0.033592,0.022914,-0.018216,0.241946,-0.128681,0.075154,0.357005,0.2439,0.967973,0.059434,-0.964978,0.248416,-0.083907,-0.096272,-0.038117,0.994556,0.0,-0.0,-0.0,-0.095935,0.076909,0.06085,-1.408799,0.028874,0.056312,-0.004577,-0.105824,-0.993148,0.049563,0.985645,-0.111357,-0.126894,0.131543,0.035423,0.990676,-3e-06,3e-05,1.7e-05,-0.123834,0.099588,0.075659,-0.797146,0.05584,0.038704,-0.060397,-0.758339,0.108922,-0.642695,-0.324845,-0.91794,0.227726,-0.565152,0.38147,0.731493,-0.004568,0.002218,0.009869,-0.033964,0.02323,-0.017347,0.138778
887,0.037079,0.027998,0.36446,-0.759214,0.179026,-0.625771,-0.410886,-0.877464,0.247389,-0.503863,0.444714,0.740526,-0.007703,0.007269,0.021911,-0.033279,0.008708,0.00681,0.240369,-0.128668,0.07518,0.357018,0.243618,0.968034,0.059601,-0.965047,0.248151,-0.083896,-0.096292,-0.038308,0.994547,-3.8e-05,0.000233,0.000124,-2e-05,1.6e-05,1.3e-05,-1.408857,0.02888,0.056325,-0.004571,-0.105755,-0.993146,0.049745,0.985656,-0.111311,-0.126848,0.131516,0.035617,0.990673,-2.3e-05,0.000141,7.4e-05,0.001727,-0.001452,-0.000622,-0.798452,0.055741,0.038808,-0.060027,-0.760259,0.09534,-0.642585,-0.309214,-0.923036,0.22889,-0.571307,0.372712,0.731227,-0.003798,0.003769,0.011064,-0.033793,0.00909,0.007864,0.13241
888,0.037019,0.028106,0.364905,-0.759256,0.179252,-0.625655,-0.411364,-0.877117,0.247825,-0.50341,0.445307,0.740478,-0.006737,0.00921,0.023398,-0.033333,0.008769,0.006909,0.238472,-0.128687,0.075192,0.357026,0.243483,0.968063,0.059671,-0.96508,0.248023,-0.083893,-0.096301,-0.03839,0.994543,-4.8e-05,0.000297,0.000159,-0.0,0.0,0.0,-1.409095,0.02887,0.056332,-0.004567,-0.105607,-0.993159,0.049797,0.98567,-0.111171,-0.126857,0.131526,0.035686,0.990669,-2.7e-05,0.00017,9e-05,0.000223,-0.000172,-0.000327,-0.798779,0.055713,0.038857,-0.059814,-0.760326,0.095567,-0.642471,-0.309741,-0.922757,0.2293,-0.570932,0.373343,0.731198,-0.004269,-0.000669,0.016075,-0.066798,0.03146,-0.006033,0.130613
889,0.036802,0.028244,0.365929,-0.759637,0.179585,-0.625097,-0.412287,-0.876297,0.249186,-0.50208,0.446783,0.740491,-0.009345,-0.003043,0.030755,-0.066441,0.045463,-0.031844,0.23234,-0.128714,0.075196,0.357029,0.243308,0.968102,0.059761,-0.965124,0.247856,-0.083889,-0.096313,-0.038495,0.994538,0.000128,-0.000797,-0.000425,-0.0,0.0,0.0,-1.408717,0.028856,0.056337,-0.004563,-0.105415,-0.993176,0.049878,0.985691,-0.110991,-0.126854,0.131524,0.035792,0.990666,0.000106,-0.000657,-0.00035,-8e-06,3.1e-05,-0.000198,-0.799269,0.055613,0.038939,-0.059311,-0.760713,0.095885,-0.641965,-0.310801,-0.922084,0.230568,-0.569839,0.37492,0.731244,-0.003637,0.004074,0.011256,-0.034019,0.023162,-0.017682,0.122286
890,0.036456,0.028253,0.367011,-0.760836,0.181825,-0.622987,-0.413253,-0.875905,0.248968,-0.499467,0.446644,0.74234,-0.009127,-0.002627,0.031032,-0.066024,0.031531,-0.006624,0.242023,-0.128682,0.075218,0.357028,0.24303,0.968023,0.06213,-0.964951,0.247883,-0.085777,-0.098722,-0.040335,0.994228,-6.7e-05,0.000419,0.000223,0.0,0.0,0.0,-1.408542,0.028873,0.056344,-0.004566,-0.105043,-0.993094,0.052247,0.985445,-0.111007,-0.128744,0.133655,0.037963,0.9903,-3.8e-05,0.000228,0.000122,-0.00113,-0.001326,-0.000229,-0.800085,0.055435,0.038941,-0.058759,-0.762259,0.097985,-0.639811,-0.311833,-0.921791,0.230344,-0.567203,0.375097,0.7332,-0.004697,-0.001548,0.015341,-0.070156,0.041688,-0.033379,0.125388
891,0.036163,0.028313,0.368157,-0.762154,0.183973,-0.620741,-0.414116,-0.875519,0.248888,-0.496739,0.446517,0.744245,-0.007865,-0.000106,0.032912,-0.053152,0.048126,0.002453,0.244041,-0.128675,0.075226,0.357042,0.243051,0.967875,0.064308,-0.964705,0.248196,-0.087623,-0.101056,-0.041971,0.993926,-1e-06,6e-06,3e-06,0.0,0.0,0.0,-1.408711,0.028876,0.056349,-0.004558,-0.104986,-0.992983,0.054423,0.985168,-0.111317,-0.130582,0.135723,0.039906,0.989942,2e-06,-1.6e-05,-8e-06,-0.000729,-0.000872,-0.000138,-0.797636,0.055287,0.038967,-0.058189,-0.76396,0.100105,-0.63745,-0.312714,-0.921566,0.230053,-0.564423,0.375091,0.735344,-0.003036,0.005251,0.012099,-0.040072,0.004155,0.006639,0.1329
892,0.036035,0.028361,0.368737,-0.762423,0.184139,-0.620362,-0.414612,-0.875043,0.249737,-0.495914,0.447381,0.744276,-0.007975,-0.000344,0.032695,-0.065873,0.031786,-0.006492,0.244398,-0.128641,0.075231,0.357042,0.243112,0.967713,0.066476,-0.96444,0.248556,-0.089493,-0.103413,-0.043584,0.993614,-0.0,0.0,0.0,0.0,0.0,0.0,-1.408566,0.028893,0.056352,-0.004558,-0.104973,-0.992862,0.056601,0.984877,-0.11168,-0.132453,0.137829,0.041841,0.989571,1e-06,-1.1e-05,-6e-06,-0.001413,-0.001701,-0.000179,-0.797146,0.055224,0.038994,-0.057898,-0.764174,0.100092,-0.637196,-0.313325,-0.921103,0.231074,-0.563795,0.376231,0.735244,-0.003141,0.005032,0.011913,-0.037904,0.003978,0.004796,0.133716
893,0.035853,0.028518,0.369831,-0.763413,0.186488,-0.618439,-0.415642,-0.874699,0.249228,-0.493526,0.447077,0.746044,-0.006283,0.009948,0.023646,-0.032889,0.009536,0.00732,0.25301,-0.128642,0.075239,0.357047,0.243003,0.967737,0.066537,-0.964467,0.248454,-0.08949,-0.103421,-0.043655,0.99361,-2e-06,1e-05,5e-06,-0.0,0.0,0.0,-1.408278,0.028893,0.056355,-0.004556,-0.10486,-0.992872,0.056642,0.984891,-0.111572,-0.132437,0.137812,0.041899,0.989571,-0.005638,-0.000884,-6.8e-05,-0.002093,0.015167,-0.029275,-0.79437,0.055133,0.03907,-0.057346,-0.765496,0.102296,-0.635256,-0.314392,-0.920868,0.23056,-0.561402,0.376213,0.737083,0.003037,0.002687,0.010442,-0.037565,-0.011536,0.033953,0.138288
894,0.035775,0.028718,0.370821,-0.764051,0.189053,-0.616871,-0.416857,-0.874399,0.248251,-0.491513,0.446583,0.747666,-0.006651,0.009174,0.022986,-0.032693,0.009823,0.007472,0.269309,-0.12863,0.075217,0.357034,0.242842,0.96777,0.06663,-0.964506,0.248303,-0.089485,-0.103432,-0.043763,0.993604,0.00018,-0.001114,-0.000594,-0.0,0.0,0.0,-1.408459,0.028899,0.056343,-0.004558,-0.104676,-0.992886,0.056731,0.984915,-0.111401,-0.132404,0.137782,0.042016,0.98957,0.000138,-0.00087,-0.000467,4e-06,6e-06,-1.9e-05,-0.795513,0.055093,0.03917,-0.056857,-0.766477,0.104761,-0.633669,-0.315596,-0.920715,0.229524,-0.559385,0.375909,0.73877,-0.004048,-0.000292,0.016189,-0.072935,0.023874,-0.010102,0.152984
895,0.035766,0.028785,0.371255,-0.765163,0.184819,-0.616776,-0.412225,-0.876471,0.248677,-0.493679,0.444294,0.747603,0.004735,0.002625,0.018702,-0.032273,0.008415,0.011239,0.279785,-0.128621,0.075211,0.35703,0.242846,0.96777,0.066631,-0.964505,0.248307,-0.089485,-0.103432,-0.043763,0.993604,4.5e-05,-0.000276,-0.000147,-0.0,0.0,0.0,-1.408144,0.028904,0.056341,-0.004564,-0.104695,-0.992884,0.056729,0.984909,-0.11142,-0.13243,0.137808,0.042008,0.989567,2.5e-05,-0.000158,-8.5e-05,0.0,-7e-06,-1.7e-05,-0.796493,0.055086,0.03921,-0.056636,-0.767067,0.100333,-0.633672,-0.310736,-0.922216,0.230129,-0.561293,0.373429,0.738579,-0.003913,0.003433,0.010613,-0.031871,0.021129,-0.021387,0.163761
896,0.035719,0.028849,0.371982,-0.765201,0.185313,-0.61658,-0.413174,-0.875802,0.249458,-0.492827,0.445405,0.747504,-0.009352,0.003705,0.018813,-0.033478,0.023233,-0.018037,0.306945,-0.128604,0.075212,0.35704,0.242639,0.967813,0.066749,-0.964558,0.248111,-0.089453,-0.103421,-0.043907,0.993599,-1.1e-05,7e-05,3.7e-05,-0.0,0.0,0.0,-1.40855,0.028912,0.056342,-0.004559,-0.10448,-0.992901,0.056838,0.984936,-0.11122,-0.132396,0.137777,0.042149,0.989565,-7e-06,4.8e-05,2.6e-05,-2.2e-05,-1.1e-05,-1.8e-05,-0.797472,0.05507,0.039243,-0.056264,-0.767139,0.100853,-0.633502,-0.311832,-0.921657,0.230885,-0.560586,0.374667,0.738489,0.00153,-0.000344,0.008093,-0.032559,0.008515,0.011552,0.193317
897,0.035484,0.028867,0.372606,-0.766313,0.187263,-0.614606,-0.413544,-0.87585,0.248674,-0.490787,0.444492,0.749388,-0.011096,0.00018,0.016163,-0.033611,0.037444,-0.043116,0.323696,-0.128573,0.075241,0.357053,0.242401,0.967863,0.066895,-0.964616,0.247889,-0.089445,-0.103439,-0.044075,0.99359,-9.3e-05,0.000579,0.000309,-0.0,0.0,0.0,-1.408508,0.028927,0.056355,-0.004553,-0.10423,-0.992919,0.056973,0.984964,-0.110991,-0.132385,0.137771,0.042318,0.989559,-7e-05,0.000435,0.000231,-2e-06,6e-06,-9e-06,-0.797799,0.054953,0.039255,-0.055951,-0.768533,0.102702,-0.631512,-0.312191,-0.921751,0.230025,-0.558474,0.373934,0.740458,0.00089,-0.001638,0.007118,-0.03778,0.002588,0.008865,0.226302
898,0.035298,0.028878,0.372903,-0.766704,0.18712,-0.614163,-0.413535,-0.875656,0.24937,-0.490185,0.444934,0.749519,0.001176,-0.004537,0.01329,-0.032883,0.022401,-0.013739,0.323424,-0.128559,0.075259,0.357061,0.242355,0.967872,0.066927,-0.964628,0.247846,-0.089442,-0.103442,-0.044111,0.993588,-6.9e-05,0.000426,0.000227,-0.0,0.0,0.0,-1.408704,0.028934,0.056365,-0.004549,-0.104182,-0.992923,0.057003,0.984969,-0.110947,-0.132382,0.13777,0.042354,0.989557,-3.3e-05,0.000205,0.000108,2.2e-05,2.1e-05,-3e-06,-0.797962,0.054855,0.03926,-0.055803,-0.768905,0.102451,-0.631099,-0.312212,-0.921553,0.230784,-0.557948,0.374489,0.740574,-0.005449,0.000308,0.008245,-0.034213,0.022396,-0.018443,0.23414
899,0.034889,0.029053,0.37342,-0.767372,0.18678,-0.613431,-0.413367,-0.875424,0.250464,-0.48928,0.445535,0.749754,-0.008786,0.011678,0.008037,-0.000561,0.000908,-0.004259,0.319985,-0.12843,0.075263,0.357054,0.242526,0.967833,0.066878,-0.964586,0.248011,-0.089439,-0.103435,-0.044047,0.993592,1.2e-05,-7.4e-05,-4e-05,0.0,0.0,0.0,-1.408352,0.028999,0.056367,-0.004552,-0.104358,-0.992906,0.056962,0.98495,-0.111116,-0.132381,0.137771,0.04229,0.98956,0.005647,0.000827,3.4e-05,0.002048,-0.015222,0.02924,-0.797309,0.054655,0.039335,-0.055553,-0.76954,0.102023,-0.630395,-0.312104,-0.921313,0.231888,-0.557134,0.375195,0.74083,-0.010783,0.007702,0.005085,-0.001564,0.01559,-0.033862,0.235119
900,0.034354,0.029381,0.373857,-0.768097,0.186223,-0.612692,-0.412857,-0.87539,0.251421,-0.488574,0.445834,0.750036,-0.009058,0.01109,0.007582,-0.000558,0.00092,-0.004253,0.316755,-0.128285,0.075278,0.357052,0.242725,0.967633,0.069005,-0.964281,0.248514,-0.091305,-0.105785,-0.045607,0.993274,0.011274,0.001767,0.000131,0.002045,-0.015205,0.029245,-1.408308,0.029071,0.056374,-0.004554,-0.10449,-0.992767,0.059112,0.984639,-0.111628,-0.134255,0.139883,0.044176,0.989181,0.005636,0.000892,6.9e-05,0.000826,-0.01668,0.029131,-0.797309,0.054384,0.039501,-0.055327,-0.770224,0.101369,-0.629664,-0.311627,-0.921223,0.232884,-0.556454,0.375594,0.741138,-0.01176,0.002274,0.009373,-0.034397,0.038077,-0.047546,0.232343
901,0.033626,0.029656,0.374394,-0.769005,0.185602,-0.611742,-0.412351,-0.875256,0.252718,-0.487573,0.446358,0.750376,-0.022138,0.014111,0.009161,0.001449,-0.079412,0.140884,0.332354,-0.128124,0.075302,0.357063,0.244244,0.967137,0.07059,-0.964076,0.250096,-0.089131,-0.104145,-0.047512,0.993358,-0.0,3e-06,1e-06,-0.002686,0.002154,0.001705,-1.408218,0.029152,0.056387,-0.004548,-0.106035,-0.992497,0.06087,0.984758,-0.113301,-0.131959,0.137866,0.04595,0.989384,0.0,-3e-06,-4e-06,0.011963,-0.010167,-0.00112,-0.797472,0.054018,0.039644,-0.055055,-0.771075,0.10063,-0.628741,-0.311168,-0.921045,0.234197,-0.555532,0.376228,0.741508,-0.011122,0.006965,0.004525,0.00144,-0.07941,0.14085,0.238385
902,0.033248,0.029707,0.374686,-0.769456,0.185366,-0.611246,-0.412227,-0.8751,0.253455,-0.486967,0.44676,0.75053,-0.012271,-0.00221,0.014346,-0.033808,0.037238,-0.043237,0.347711,-0.128078,0.075286,0.357051,0.244257,0.966971,0.072781,-0.963815,0.250428,-0.090994,-0.106503,-0.049149,0.993028,0.011421,0.00087,-0.000348,0.002005,-0.015174,0.02927,-1.408016,0.029175,0.05638,-0.004553,-0.105968,-0.992373,0.062974,0.984453,-0.113622,-0.133943,0.140077,0.047801,0.988986,0.005718,0.000392,-0.000199,0.003187,-0.018307,0.0285,-0.797309,0.053834,0.039672,-0.054913,-0.771481,0.100356,-0.628287,-0.311092,-0.920892,0.2349,-0.555011,0.376676,0.741671,-0.012245,0.0013,0.008642,-0.034363,0.038184,-0.047499,0.251938
903,0.032602,0.029538,0.375266,-0.769917,0.18548,-0.61063,-0.412752,-0.874489,0.254708,-0.485793,0.447907,0.750607,-0.015493,-0.015418,0.021209,-0.066615,0.059795,-0.056907,0.35191,-0.128054,0.075243,0.357017,0.244187,0.966985,0.07283,-0.96383,0.250364,-0.091017,-0.106535,-0.049198,0.993022,0.000171,-0.001048,-0.00056,-0.0,0.0,0.0,-1.408179,0.029187,0.056358,-0.00457,-0.105886,-0.992381,0.062991,0.984458,-0.113544,-0.133977,0.140108,0.047826,0.98898,0.000127,-0.000769,-0.000411,1e-06,-2.3e-05,-0.000183,-0.797309,0.053518,0.039596,-0.054629,-0.772008,0.100336,-0.627642,-0.311622,-0.920389,0.236164,-0.55398,0.377908,0.741816,-0.006815,-0.002421,0.00621,-0.033797,0.037242,-0.043242,0.274962
904,0.032096,0.029162,0.375827,-0.770518,0.185587,-0.609839,-0.413307,-0.873789,0.256205,-0.484368,0.449226,0.750739,-0.013959,-0.005489,0.011927,-0.0338,0.037252,-0.043233,0.351601,-0.128011,0.075195,0.356989,0.243892,0.967046,0.073007,-0.963902,0.250088,-0.091009,-0.106556,-0.049403,0.993009,0.000297,-0.001818,-0.000971,-0.00224,0.016035,-0.023838,-1.408288,0.029208,0.056335,-0.004584,-0.105591,-0.992402,0.063145,0.98449,-0.113273,-0.133967,0.140102,0.04802,0.988971,2.5e-05,-0.000147,-7.7e-05,-1.6e-05,1.9e-05,-0.000118,-0.797472,0.053263,0.039401,-0.054347,-0.772568,0.100453,-0.626934,-0.312398,-0.919758,0.237594,-0.552761,0.379411,0.741958,-0.007847,-0.007869,0.010501,-0.066623,0.059778,-0.056943,0.277412
905,0.03161,0.028762,0.376423,-0.771645,0.185247,-0.608516,-0.413337,-0.873176,0.25824,-0.482548,0.450557,0.751114,-0.01554,-0.015435,0.02122,-0.06662,0.059779,-0.056921,0.355107,-0.12804,0.075159,0.356972,0.243728,0.967082,0.073086,-0.963942,0.249934,-0.091008,-0.106567,-0.049497,0.993004,0.000273,-0.001675,-0.000895,-0.0,0.0,0.0,-1.408085,0.029194,0.056317,-0.004592,-0.105398,-0.992418,0.063226,0.984511,-0.113093,-0.133963,0.140098,0.048128,0.988967,0.000157,-0.000958,-0.000512,-0.002232,0.016057,-0.023917,-0.797636,0.05302,0.039203,-0.054054,-0.773664,0.099969,-0.625658,-0.312543,-0.919186,0.239609,-0.551143,0.380922,0.742386,-0.000572,-0.004536,0.004974,-0.03283,0.022527,-0.013712,0.281004
