frame,MLTx,MLTy,MLTz,MLTR1,MLTR2,MLTR3,MLTR4,MLTR5,MLTR6,MLTR7,MLTR8,MLTR9,MLTTVx,MLTTVy,MLTTVz,MLTRVx,MLTRVy,MLTRVz,MLGA,MRTx,MRTy,MRTz,MRTR1,MRTR2,MRTR3,MRTR4,MRTR5,MRTR6,MRTR7,MRTR8,MRTR9,MRTTVx,MRTTVy,MRTTVz,MRTRVx,MRTRVy,MRTRVz,MRGA,SLTx,SLTy,SLTz,SLTR1,SLTR2,SLTR3,SLTR4,SLTR5,SLTR6,SLTR7,SLTR8,SLTR9,SLTTVx,SLTTVy,SLTTVz,SLTRVx,SLTRVy,SLTRVz,SLGA,SRTx,SRTy,SRTz,SRTR1,SRTR2,SRTR3,SRTR4,SRTR5,SRTR6,SRTR7,SRTR8,SRTR9,SRTTVx,SRTTVy,SRTTVz,SRTRVx,SRTRVy,SRTRVz,SRGA
73,0.141183,0.03389,0.428926,-0.508709,0.499522,-0.701241,-0.628035,-0.772386,-0.094674,-0.588295,0.391617,0.707512,0.00014,0.009549,-0.010003,-0.014617,0.018312,-0.027151,-1.409274,-0.201975,0.006546,0.35285,0.719178,0.243152,0.650885,-0.569551,0.742711,0.352031,-0.39871,-0.624186,0.671777,-0.029248,0.019636,-0.033656,0.071965,-0.033488,0.023463,-0.608307,0.018693,0.024341,-0.000305,-0.719522,-0.089156,0.688722,0.421926,-0.843828,0.33156,0.551603,0.529155,0.644769,-0.014677,0.009092,-0.017359,0.025348,-0.155983,0.111666,-0.725951,0.086086,0.041685,-0.025351,-0.622311,0.469898,-0.626038,-0.542574,-0.835416,-0.087712,-0.564218,0.285088,0.774843,7.3e-05,0.004767,-0.005004,-0.14661,0.097522,-0.145162,-0.91363
74,0.14113,0.034413,0.428475,-0.510859,0.496084,-0.702118,-0.627706,-0.773248,-0.089699,-0.58678,0.394279,0.707291,0.000543,0.020938,-0.019278,0.009522,-0.262918,-0.054067,-1.420372,-0.203772,0.007636,0.351058,0.732978,0.231622,0.639597,-0.557565,0.743038,0.370066,-0.390435,-0.628155,0.672938,-0.057477,0.034689,-0.054087,-0.839672,-1.736329,2.017875,-0.593077,0.017784,0.024896,-0.001212,-0.730561,-0.075121,0.678702,0.411396,-0.841716,0.349666,0.545008,0.534668,0.645829,-0.028748,0.017009,-0.027274,-0.802309,-1.761595,1.995183,-0.758446,0.086059,0.041948,-0.025582,-0.624313,0.466566,-0.626536,-0.541764,-0.836419,-0.083019,-0.562781,0.287605,0.774957,0.000289,0.010541,-0.009609,-0.0056,-0.337422,-0.074893,-0.911997
75,0.141098,0.034754,0.428198,-0.512029,0.495536,-0.701652,-0.62767,-0.773441,-0.088271,-0.585798,0.394588,0.707932,0.000722,0.022198,-0.01878,0.071685,-0.038619,0.062662,-1.438326,-0.205161,0.008553,0.349827,0.740767,0.21906,0.635034,-0.545973,0.74693,0.379398,-0.392131,-0.628027,0.67207,-0.071551,0.056853,-0.069936,0.003874,0.011337,0.392184,-0.5954,0.017142,0.025311,-0.001783,-0.7359,-0.061928,0.674251,0.400117,-0.84311,0.359263,0.546221,0.534162,0.645223,-0.042235,0.023153,-0.030161,-0.96743,-1.466846,2.159667,-0.780163,0.086043,0.042109,-0.025714,-0.625165,0.465423,-0.626537,-0.541501,-0.836761,-0.081274,-0.562089,0.288461,0.775141,-0.005542,0.006263,-0.00416,0.042334,0.016477,-0.003459,-0.914446
76,0.141007,0.035544,0.427586,-0.511663,0.484837,-0.709352,-0.622107,-0.778458,-0.083412,-0.592012,0.398006,0.700813,0.000923,0.023581,-0.018223,3.887359,0.01464,-3.968007,-1.488214,-0.208441,0.011002,0.347086,0.75664,0.201933,0.62186,-0.5282,0.749177,0.399589,-0.386129,-0.631061,0.672703,-0.09821,0.069399,-0.075452,-0.106658,0.486276,0.398559,-0.596305,0.015485,0.026545,-0.003177,-0.74965,-0.04308,0.66043,0.382957,-0.842094,0.379762,0.539784,0.537605,0.647775,-0.04903,0.034951,-0.037479,0.212998,-0.011477,0.163245,-0.778857,0.085997,0.042503,-0.02602,-0.622108,0.459237,-0.634098,-0.540095,-0.838066,-0.077076,-0.566813,0.294524,0.7694,-0.005337,0.011902,-0.008808,-0.090466,-0.6253,-0.223968,-0.919672
77,0.140923,0.036406,0.426972,-0.513257,0.470718,-0.717662,-0.617116,-0.783496,-0.072623,-0.595838,0.405016,0.693518,0.00081,0.014233,-0.008161,-0.201407,-0.203105,-0.253222,-1.533742,-0.212589,0.013907,0.343766,0.776073,0.187018,0.602268,-0.507057,0.7527,0.419845,-0.37577,-0.631445,0.678187,-0.112302,0.073712,-0.088112,-0.189666,-0.340664,0.991257,-0.593984,0.013417,0.028004,-0.004826,-0.765703,-0.023819,0.642752,0.362891,-0.841069,0.401139,0.531044,0.540402,0.652653,-0.056332,0.041587,-0.048734,-0.894266,-1.444209,2.386915,-0.777714,0.085956,0.04294,-0.02633,-0.624854,0.441566,-0.643876,-0.52855,-0.846222,-0.067397,-0.574622,0.298207,0.762155,0.00056,0.012361,-0.008882,-0.619896,-0.012928,-0.647848,-0.920161
78,0.140878,0.037191,0.42648,-0.517405,0.451518,-0.726958,-0.609369,-0.79078,-0.057519,-0.600198,0.412659,0.685202,0.001026,0.015739,-0.007577,4.004538,0.113129,-3.818171,-1.546826,-0.217288,0.016779,0.33997,0.789898,0.175858,0.587475,-0.489424,0.757816,0.431408,-0.370311,-0.628509,0.683893,-0.126905,0.075336,-0.103071,0.287806,-0.047559,0.177413,-0.497452,0.011074,0.029446,-0.006714,-0.77786,-0.008438,0.62838,0.344627,-0.841875,0.415303,0.525514,0.539605,0.65777,-0.063447,0.03716,-0.051845,0.323258,-0.060038,0.159925,-0.746362,0.085932,0.043325,-0.026574,-0.625438,0.425266,-0.654198,-0.523589,-0.850368,-0.052216,-0.578516,0.309873,0.754517,0.000532,0.007945,-0.003756,-0.045786,-0.275096,0.102985,-0.919508
79,0.140845,0.037526,0.426295,-0.517088,0.444809,-0.731307,-0.610613,-0.790389,-0.049069,-0.599207,0.420616,0.68122,0.001037,0.015808,-0.007548,-0.184857,-0.290503,-0.048932,-1.546155,-0.219649,0.018198,0.337891,0.798754,0.169984,0.577139,-0.478735,0.760392,0.438806,-0.365253,-0.627003,0.687983,-0.114255,0.082195,-0.115376,0.044322,-0.591699,0.815565,-0.351901,0.009888,0.030152,-0.007749,-0.785395,-0.001434,0.618993,0.334437,-0.842459,0.42239,0.520871,0.538758,0.662142,-0.05714,0.03454,-0.054329,-0.573621,-1.833595,2.092891,-0.661941,0.085917,0.043499,-0.026669,-0.627028,0.415815,-0.658735,-0.519107,-0.853541,-0.044663,-0.58083,0.313949,0.751047,-0.005239,0.008175,-0.003407,-0.620272,-0.036729,-0.548032,-0.915099
80,0.140766,0.038131,0.426042,-0.52451,0.424771,-0.737905,-0.593332,-0.803892,-0.041082,-0.61,0.415742,0.6746,0.000874,0.006163,0.002351,4.057373,0.015395,-3.567198,-1.542198,-0.224196,0.020877,0.333214,0.81119,0.166651,0.560526,-0.462899,0.768526,0.441617,-0.358191,-0.617908,0.699823,-0.103292,0.067468,-0.128258,0.388486,-0.153747,0.107485,-0.148811,0.007612,0.031506,-0.010076,-0.798246,0.004711,0.602312,0.31688,-0.847118,0.426588,0.51224,0.531383,0.674715,-0.058185,0.028363,-0.059528,0.365873,-0.14215,0.072397,-0.4366,0.085878,0.043806,-0.026798,-0.630534,0.398442,-0.666085,-0.504743,-0.862428,-0.038089,-0.589627,0.312186,0.744901,0.000471,0.007518,-0.003919,0.020304,-0.1043,-0.017242,-0.906608
81,0.140626,0.038577,0.425884,-0.526745,0.411482,-0.74382,-0.587493,-0.808604,-0.031351,-0.613708,0.419959,0.668599,0.000724,0.01354,-0.008412,-0.025644,-0.1633,-0.254987,-1.465478,-0.227909,0.022978,0.327967,0.81534,0.167674,0.554164,-0.454822,0.77757,0.434115,-0.359124,-0.606203,0.709514,-0.09292,0.052388,-0.14223,0.379008,-0.049892,-0.056981,-0.025931,0.005782,0.032545,-0.012637,-0.802871,0.004473,0.596135,0.306874,-0.85421,0.419705,0.511102,0.519907,0.684448,-0.039942,0.018919,-0.068713,0.352511,-0.144792,0.095831,-0.276575,0.085808,0.04403,-0.026872,-0.633922,0.382526,-0.672172,-0.492721,-0.869661,-0.030232,-0.596127,0.312029,0.739776,-0.005395,0.002779,0.001323,-0.067384,-0.277417,-0.111598,-0.897954
82,0.140508,0.038736,0.425839,-0.536452,0.3952,-0.745709,-0.572145,-0.819815,-0.022953,-0.619753,0.413844,0.666833,-0.010707,0.014591,-0.007485,-0.07896,-0.502389,-0.18337,-1.315718,-0.229276,0.023771,0.32525,0.815633,0.171132,0.552674,-0.453364,0.782325,0.427038,-0.360304,-0.59908,0.714945,-0.054454,0.032372,-0.144165,0.437635,-0.083185,-0.268636,0.003715,0.005054,0.032966,-0.01405,-0.803958,0.0015,0.594683,0.303736,-0.858689,0.41279,0.511267,0.512493,0.689895,-0.033833,0.021862,-0.075557,0.532687,-0.251294,-0.15409,-0.226119,0.085753,0.044107,-0.026896,-0.642735,0.366302,-0.672839,-0.475567,-0.879339,-0.024434,-0.600605,0.304276,0.739384,-0.00554,0.001722,0.000921,-0.1173,-0.433537,-0.429946,-0.864643
83,0.140073,0.039014,0.425793,-0.577318,0.331744,-0.74612,-0.508762,-0.860823,0.010845,-0.637967,0.385441,0.666678,-0.022372,0.00548,0.003137,-0.214356,0.12319,-1.270774,-0.858332,-0.23099,0.024948,0.319174,0.819122,0.159616,0.550957,-0.430558,0.805571,0.40695,-0.379897,-0.570759,0.727857,-0.016294,0.022158,-0.156585,0.495268,-0.166297,-0.241762,0.071105,0.004192,0.033541,-0.017031,-0.805144,0.013429,0.592926,0.275637,-0.876738,0.394149,0.525134,0.48078,0.702199,-0.008136,0.010708,-0.07849,0.649228,-0.222316,-0.18846,-0.137452,0.085544,0.044244,-0.02692,-0.673198,0.300291,-0.675743,-0.407051,-0.913405,-0.000387,-0.617344,0.274802,0.737136,-0.005634,0.001646,0.000845,4.023944,-0.455608,-4.118711,-0.713109
84,0.13947,0.039345,0.425766,-0.61145,0.238438,-0.754533,-0.420636,-0.905567,0.054634,-0.669499,0.350488,0.654947,-0.010774,0.005494,0.002614,0.996719,-0.830824,-2.073263,-0.561182,-0.231133,0.025641,0.312956,0.820445,0.143148,0.553507,-0.397886,0.838037,0.373247,-0.411449,-0.526641,0.743788,0.009612,0.01633,-0.165275,4.618351,3.674383,2.099645,0.106604,0.004098,0.033892,-0.0202,-0.80448,0.025669,0.593424,0.239572,-0.900175,0.363715,0.543522,0.43477,0.718023,0.011408,0.006765,-0.084073,0.761779,-0.603888,-0.21179,-0.073115,0.085234,0.044412,-0.026938,-0.699708,0.203746,-0.684759,-0.310901,-0.949794,0.035083,-0.643233,0.23744,0.727923,-0.011138,0.007644,-0.003373,3.966731,-1.260718,-4.627444,-0.600112
85,0.139118,0.03957,0.425737,-0.620403,0.189389,-0.761103,-0.375376,-0.923732,0.076056,-0.687884,0.332644,0.645128,-0.021819,0.01737,-0.005896,1.053237,-0.839468,-2.037756,-0.420569,-0.230719,0.025959,0.309683,0.81951,0.129547,0.558222,-0.375541,0.857063,0.352627,-0.433767,-0.49878,0.750285,0.02336,0.016717,-0.166813,0.783276,-0.238874,-0.155388,0.136271,0.004298,0.034044,-0.021841,-0.798844,0.042492,0.600035,0.208631,-0.916013,0.342624,0.564199,0.398889,0.722886,0.018343,0.007184,-0.084671,1.256643,0.289574,-0.329805,-0.04111,0.085062,0.044519,-0.026949,-0.703155,0.153768,-0.69421,-0.262094,-0.963638,0.052025,-0.660968,0.21853,0.717889,-0.011144,0.003392,0.001783,4.041238,-1.170029,-4.671428,-0.576925
86,0.138395,0.040071,0.425587,-0.612324,0.098113,-0.784525,-0.303954,-0.945215,0.118961,-0.729117,0.311174,0.609579,-0.010754,0.013742,-0.007797,-0.467236,-1.4988,-1.002903,-0.275369,-0.229192,0.026509,0.30343,0.813538,0.119309,0.569134,-0.345703,0.886108,0.308603,-0.468504,-0.447964,0.761377,0.03877,0.013602,-0.154655,0.715331,-0.738924,0.101994,0.2181,0.005053,0.034306,-0.024985,-0.789734,0.051684,0.611267,0.171458,-0.938135,0.300837,0.589,0.342388,0.732016,0.026215,0.00076,-0.074109,0.914763,-0.781194,-0.04683,0.049189,0.084697,0.044776,-0.027022,-0.688286,0.065081,-0.722513,-0.18353,-0.979188,0.086635,-0.701839,0.192232,0.685907,-0.011277,0.00181,0.001233,-0.447169,-1.122404,-1.154209,-0.475684
87,0.137744,0.04048,0.425286,-0.587953,0.018796,-0.808705,-0.253091,-0.953807,0.161771,-0.767581,0.299761,0.56656,-0.011224,0.010509,-0.00901,3.990105,-2.401028,-3.955229,-0.214368,-0.227034,0.026581,0.297952,0.804744,0.115798,0.582211,-0.324778,0.906763,0.268761,-0.497803,-0.405523,0.766555,0.068323,1.9e-05,-0.134112,1.545271,1.46701,-1.21525,0.336367,0.00612,0.034339,-0.027739,-0.781544,0.05337,0.621561,0.14436,-0.95382,0.263415,0.606916,0.295599,0.737748,0.027399,-0.005313,-0.062711,0.640794,-0.64584,0.233152,0.178842,0.08438,0.044978,-0.027168,-0.657821,-0.005811,-0.753151,-0.134249,-0.983052,0.12484,-0.741112,0.183232,0.645892,-0.00563,0.005033,-0.004575,-0.494213,-1.416094,-0.997031,-0.402694
88,0.137019,0.040878,0.424945,-0.559095,-0.055463,-0.827274,-0.196633,-0.960423,0.197216,-0.804781,0.272995,0.527095,-0.022827,0.010175,-0.008587,4.237283,-2.091851,-3.575398,-0.141281,-0.224721,0.025735,0.293856,0.799447,0.110817,0.59042,-0.294163,0.92907,0.224121,-0.524695,-0.352998,0.774565,0.057747,-0.03087,-0.091026,0.808776,-0.673538,-0.344943,0.452994,0.00728,0.033921,-0.029811,-0.772873,0.057781,0.631924,0.107735,-0.969439,0.220407,0.625347,0.238427,0.743028,0.029053,-0.020504,-0.041172,0.676315,0.06984,-0.218617,0.341806,0.084013,0.045182,-0.027342,-0.621167,-0.077366,-0.779849,-0.074071,-0.984863,0.156703,-0.780169,0.155103,0.606034,-0.011318,0.009717,-0.009282,-0.394056,-1.278989,-0.775677,-0.346685
89,0.136626,0.041095,0.424752,-0.545092,-0.087276,-0.833848,-0.177752,-0.959926,0.216606,-0.818663,0.266391,0.508776,-0.022907,0.009621,-0.00879,-0.352606,-1.029606,-1.011775,-0.112676,-0.223523,0.025005,0.292296,0.792258,0.122377,0.597782,-0.295449,0.934037,0.200545,-0.534789,-0.335658,0.775369,0.059215,-0.047579,-0.070684,1.471534,1.680201,-1.521735,0.4876,0.007879,0.033561,-0.030599,-0.770277,0.044245,0.636172,0.106391,-0.974693,0.196606,0.628772,0.219124,0.746076,0.036567,-0.018117,-0.03939,0.500773,-0.521312,-0.188372,0.407449,0.083817,0.045291,-0.027438,-0.604355,-0.109414,-0.789166,-0.04808,-0.98371,0.173207,-0.795262,0.142622,0.589249,-0.011207,0.010355,-0.009032,-0.090666,-0.302504,-1.474103,-0.319415
90,0.135909,0.041616,0.424235,-0.519883,-0.145041,-0.841862,-0.145632,-0.95601,0.254578,-0.841109,0.255127,0.476942,-0.011383,0.017448,-0.019856,-0.29919,-0.879685,-0.630298,-0.085543,-0.221144,0.023461,0.289834,0.784764,0.147049,0.60209,-0.301641,0.93918,0.163972,-0.542331,-0.310488,0.780601,0.04845,-0.032437,-0.055604,0.279852,-0.134187,-0.36404,0.524617,0.009073,0.032782,-0.031838,-0.766695,0.017452,0.641773,0.109885,-0.981312,0.15796,0.632536,0.191628,0.75045,0.031274,-0.021981,-0.024445,0.232226,-0.132679,-0.352687,0.495299,0.083454,0.045547,-0.027693,-0.573322,-0.163942,-0.802759,-0.01313,-0.977812,0.209069,-0.819224,0.130404,0.558449,-0.011406,0.009075,-0.009509,-0.351824,-0.873989,-0.676095,-0.281042
91,0.135219,0.042251,0.423578,-0.498264,-0.189483,-0.846093,-0.129292,-0.948684,0.288536,-0.856733,0.25339,0.449254,-0.011303,0.017832,-0.019682,0.193759,-0.787757,-0.900041,-0.070657,-0.219028,0.022528,0.288375,0.78129,0.168599,0.600959,-0.309959,0.940452,0.139316,-0.542651,-0.295341,0.786236,0.052861,-0.007044,-0.029299,1.397931,2.137705,-1.68741,0.525586,0.010108,0.032298,-0.032585,-0.769372,-0.002961,0.638793,0.116191,-0.983956,0.135381,0.628144,0.17838,0.757373,0.026541,-0.00914,-0.010871,0.254322,-0.187561,-0.327371,0.51669,0.083117,0.045856,-0.028015,-0.548012,-0.203725,-0.811281,0.003291,-0.970404,0.24146,-0.836463,0.129653,0.532464,-0.005718,0.009282,-0.009817,4.390126,-2.537845,-3.061749,-0.266999
92,0.134871,0.042624,0.42319,-0.488893,-0.205284,-0.847872,-0.126665,-0.944919,0.301755,-0.862512,0.255171,0.437022,-0.022659,0.019015,-0.018672,-0.238207,-0.735825,-0.535788,-0.051182,-0.217981,0.022252,0.28814,0.779175,0.179172,0.600645,-0.314026,0.94086,0.126897,-0.543351,-0.287728,0.788572,0.054701,-0.020278,-0.004298,0.328941,-0.30963,-0.419115,0.527084,0.01063,0.032161,-0.032717,-0.767042,-0.013489,0.641454,0.119743,-0.985222,0.12247,0.630323,0.170749,0.757322,0.027524,-0.009183,-0.001175,0.412592,-0.321923,-0.647974,0.518486,0.082947,0.046042,-0.028209,-0.537118,-0.218841,-0.814624,0.008424,-0.967101,0.254249,-0.843464,0.129699,0.521291,-0.005605,0.009102,-0.009749,-0.09623,-0.291387,-0.538069,-0.258671
93,0.13424,0.043348,0.422475,-0.469895,-0.241595,-0.849045,-0.105049,-0.939687,0.325463,-0.875886,0.24242,0.417235,-0.011164,0.018488,-0.019384,-0.225775,-0.584713,-0.655296,0.01182,-0.215719,0.021829,0.288442,0.772668,0.196269,0.6037,-0.32174,0.940829,0.106108,-0.548107,-0.276477,0.789304,0.057195,-0.016543,0.019103,0.074552,0.025292,-0.349022,0.532859,0.011805,0.031949,-0.03256,-0.764794,-0.033381,0.643408,0.126558,-0.986983,0.099228,0.631721,0.157317,0.759064,0.028752,-0.007322,0.01052,0.018859,0.078361,-0.308129,0.519793,0.082615,0.046417,-0.028581,-0.513564,-0.253535,-0.819738,0.031544,-0.960282,0.277241,-0.857471,0.116523,0.501164,-0.005568,0.009224,-0.009685,-0.278583,-0.67497,-0.685897,-0.219318
94,0.13375,0.043965,0.421906,-0.453846,-0.267911,-0.849878,-0.09664,-0.933319,0.345759,-0.885279,0.239381,0.398754,-0.011037,0.011123,-0.008692,-0.138681,-0.334776,-0.363489,0.050743,-0.213223,0.021518,0.289405,0.771091,0.213888,0.599717,-0.329836,0.939789,0.089106,-0.545502,-0.266796,0.794425,0.072656,-0.005303,0.030086,0.096038,-0.050043,-0.294281,0.533388,0.013027,0.031801,-0.032084,-0.767049,-0.050652,0.639586,0.133709,-0.98761,0.082142,0.627501,0.148526,0.764318,0.02946,-0.001885,0.016146,0.098707,-0.043828,-0.333881,0.520283,0.082373,0.046718,-0.028864,-0.493902,-0.278015,-0.823873,0.04061,-0.953848,0.297529,-0.868568,0.113493,0.482398,-0.005493,0.005652,-0.004303,-0.154968,-0.378602,-0.382077,-0.164616
95,0.133308,0.044424,0.421588,-0.433755,-0.297953,-0.850368,-0.085096,-0.925991,0.367793,-0.896482,0.23226,0.377361,-0.010925,0.011718,-0.008457,-0.291855,-0.696342,-0.512168,0.090276,-0.210507,0.021391,0.290935,0.7702,0.228161,0.595589,-0.336657,0.938518,0.076017,-0.542579,-0.259355,0.798878,0.073859,-0.007474,0.046777,0.051973,-0.157363,-0.114917,0.534387,0.014386,0.031744,-0.031319,-0.769188,-0.064833,0.635724,0.140081,-0.987749,0.068755,0.623479,0.141939,0.768847,0.036891,0.002708,0.020385,0.08975,-0.065874,-0.270603,0.521262,0.082153,0.04695,-0.029022,-0.47252,-0.304386,-0.827087,0.053464,-0.946636,0.317838,-0.879696,0.105966,0.463578,-0.005439,0.00594,-0.004186,-0.32397,-0.785185,-0.550643,-0.116282
96,0.133084,0.044557,0.421519,-0.427625,-0.314105,-0.847655,-0.078589,-0.921233,0.380954,-0.90002,0.229907,0.370317,-0.011285,0.001538,0.001133,-0.202625,-0.481209,-0.457264,0.121312,-0.209067,0.021406,0.291806,0.770493,0.23452,0.592732,-0.339307,0.938023,0.070121,-0.540504,-0.255452,0.801538,0.073844,0.007477,0.042684,0.136501,-0.231232,-0.147717,0.534356,0.015107,0.03175,-0.030878,-0.770739,-0.070672,0.633218,0.142469,-0.987781,0.063166,0.621017,0.138899,0.771391,0.037083,-0.001749,0.02527,0.153687,-0.18034,-0.351211,0.521589,0.082041,0.047022,-0.02906,-0.463379,-0.320391,-0.826213,0.06028,-0.941589,0.331324,-0.884107,0.103724,0.455626,-0.005635,0.000771,0.000579,-0.197644,-0.698899,-0.556617,-0.083297
97,0.132609,0.044648,0.421527,-0.41134,-0.352061,-0.840772,-0.0551,-0.911118,0.408412,-0.909321,0.214755,0.356431,-0.011456,0.000521,0.000748,-0.197131,-0.346403,-0.392861,0.192782,-0.206286,0.021464,0.293725,0.77116,0.244694,0.587731,-0.343856,0.936986,0.061266,-0.536658,-0.249659,0.805935,0.073689,0.009885,0.044508,0.292605,-0.308861,-0.468245,0.534832,0.016499,0.031788,-0.029909,-0.773151,-0.079156,0.629263,0.146464,-0.987645,0.055717,0.617079,0.135242,0.775192,0.030101,-0.000433,0.026685,-0.099323,0.008277,0.013801,0.522242,0.081804,0.047069,-0.029055,-0.441944,-0.356726,-0.823061,0.084794,-0.930032,0.357559,-0.893025,0.088231,0.441271,-0.005748,9.7e-05,0.000324,-0.250085,-0.368593,-0.606475,0.008309
98,0.132271,0.044628,0.421566,-0.389252,-0.381406,-0.838486,-0.040444,-0.902311,0.429152,-0.919775,0.201429,0.336848,-0.000162,-0.000956,-0.000363,-0.331433,-0.683053,-0.496119,0.218135,-0.203722,0.021299,0.295762,0.771541,0.252735,0.583815,-0.348256,0.935728,0.055355,-0.533256,-0.246355,0.809203,0.059717,-0.002652,0.051059,0.019551,-0.112952,-0.117348,0.535038,0.017787,0.031716,-0.028887,-0.776143,-0.088561,0.624305,0.150929,-0.987399,0.047568,0.612226,0.131145,0.77973,0.030005,-0.007154,0.029121,-0.010163,-0.107515,-0.142451,0.522732,0.081635,0.047058,-0.029036,-0.418155,-0.382189,-0.824061,0.100343,-0.921064,0.37626,-0.902816,0.074646,0.423497,-0.000117,-0.000714,-0.000259,0.008166,-0.258887,-0.34835,0.073298
99,0.132173,0.044623,0.421549,-0.38231,-0.391321,-0.837109,-0.041201,-0.897798,0.438444,-0.922656,0.202592,0.328161,-0.011521,0.000159,0.000612,-0.356618,-0.679596,-0.527919,0.2221,-0.202487,0.021118,0.29679,0.772986,0.260312,0.578552,-0.350962,0.935104,0.04837,-0.529371,-0.240778,0.813423,0.073237,-0.004071,0.048556,0.358336,-0.531469,-0.417331,0.534781,0.018427,0.031627,-0.028352,-0.77868,-0.094324,0.62029,0.153187,-0.987296,0.042171,0.608433,0.127858,0.783237,0.036585,-0.00211,0.024155,0.320809,-0.491749,-0.389478,0.522732,0.081586,0.047055,-0.029045,-0.410144,-0.391523,-0.823705,0.100068,-0.917031,0.386055,-0.906513,0.075911,0.415294,-0.000137,-0.000824,-0.000306,-0.11496,-0.087043,-0.467915,0.087015
100,0.132101,0.044651,0.421492,-0.367602,-0.411529,-0.834001,-0.031521,-0.890752,0.453363,-0.929007,0.193452,0.315513,-6.7e-05,-0.000397,-0.000151,-0.123796,-0.172569,-0.285095,0.226065,-0.200017,0.020596,0.298827,0.776508,0.274591,0.567121,-0.355807,0.93386,0.035216,-0.520903,-0.229488,0.822106,0.058826,-0.008037,0.045013,0.238209,-0.362335,-0.354797,0.535247,0.019613,0.031381,-0.027364,-0.785976,-0.108045,0.608741,0.157378,-0.987141,0.027991,0.597889,0.117803,0.792874,0.029617,-0.009497,0.026452,0.446419,-0.752012,-0.394351,0.523059,0.081545,0.047068,-0.029073,-0.390973,-0.410981,-0.823549,0.109678,-0.909199,0.401655,-0.913843,0.066711,0.400549,-3.2e-05,-0.000207,-7.3e-05,-0.125436,-0.182688,-0.291263,0.101384
101,0.132124,0.044732,0.42135,-0.353515,-0.427566,-0.832022,-0.022294,-0.885342,0.464375,-0.934739,0.183239,0.304489,-0.000414,-0.00244,-0.000927,-0.115295,-0.137112,-0.301803,0.219664,-0.197733,0.019782,0.300588,0.782024,0.283379,0.555091,-0.349573,0.936762,0.014468,-0.516856,-0.205728,0.830903,0.05853,-0.026685,0.045151,0.249468,-0.511922,-0.245044,0.535281,0.020805,0.030968,-0.026444,-0.794089,-0.116263,0.596576,0.149843,-0.988686,0.006774,0.58904,0.094772,0.802526,0.029202,-0.01375,0.022138,0.256677,-0.530513,-0.25221,0.523222,0.081557,0.047113,-0.029142,-0.37522,-0.425383,-0.823565,0.11927,-0.903251,0.412203,-0.91923,0.05644,0.389653,-0.000201,-0.001224,-0.00046,-0.103069,-0.113238,-0.293546,0.101874
102,0.132241,0.044874,0.421106,-0.342044,-0.437308,-0.831753,-0.012793,-0.882883,0.469388,-0.939186,0.17173,0.29743,0.011474,0.007516,-0.011142,-0.090777,-0.297149,-0.06249,0.203885,-0.195687,0.018366,0.302145,0.778894,0.302186,0.549545,-0.351214,0.93611,-0.016753,-0.520461,-0.180353,0.83454,0.043813,-0.039183,0.033768,0.26964,-0.285908,-0.50035,0.535858,0.021812,0.030284,-0.025668,-0.795138,-0.13511,0.591184,0.149844,-0.988409,-0.024354,0.587623,0.06922,0.806168,0.028718,-0.020208,0.015784,0.483683,-0.383616,-0.49126,0.523385,0.081611,0.047176,-0.029262,-0.363699,-0.433349,-0.824579,0.129136,-0.900109,0.416085,-0.922521,0.044847,0.38333,8.5e-05,0.004437,-0.005033,-0.171445,-0.411613,-0.142067,0.087178
103,0.132317,0.044965,0.420965,-0.339517,-0.438473,-0.832175,-0.013214,-0.882408,0.470269,-0.940099,0.1712,0.294839,0.011438,0.007312,-0.011216,-0.070761,-0.255024,-0.045376,0.188949,-0.194789,0.017502,0.302701,0.775148,0.310491,0.550211,-0.350359,0.93595,-0.034368,-0.526599,-0.166536,0.83356,0.04334,-0.046467,0.02667,0.819486,0.142073,-0.901423,0.535759,0.022245,0.029875,-0.025395,-0.794059,-0.141999,0.591021,0.148019,-0.988231,-0.038563,0.589542,0.056861,0.805733,0.021364,-0.017864,0.009191,0.070373,-0.134539,-0.308928,0.523222,0.081653,0.047225,-0.029336,-0.360759,-0.434291,-0.825374,0.128603,-0.899679,0.417178,-0.923749,0.044355,0.380419,0.005724,0.003659,-0.005607,-0.098887,-0.293882,-0.059497,0.075585
104,0.132456,0.045152,0.420717,-0.337674,-0.440978,-0.831601,-0.012928,-0.88123,0.472481,-0.940769,0.170839,0.292907,-8e-06,-5e-05,-1.9e-05,-0.017599,-0.037308,-0.015333,0.150642,-0.193522,0.015913,0.303311,0.764955,0.320152,0.558872,-0.345593,0.936226,-0.063086,-0.544373,-0.145302,0.82608,0.028645,-0.042352,0.012924,0.233835,-0.091447,-0.862978,0.535692,0.022899,0.029054,-0.025082,-0.784255,-0.154362,0.600929,0.141653,-0.987522,-0.0688,0.604051,0.031166,0.796335,0.014029,-0.015652,0.002468,-0.093289,0.226966,-0.326292,0.523385,0.081718,0.047315,-0.029457,-0.358118,-0.436822,-0.825189,0.128732,-0.898466,0.419744,-0.924758,0.044089,0.37799,7e-06,1.7e-05,5e-06,-0.00796,-0.023835,-0.01019,0.033782
105,0.132464,0.045331,0.420563,-0.337268,-0.440391,-0.832077,-0.012611,-0.881662,0.471683,-0.940919,0.170119,0.292842,0.000349,0.010013,-0.00963,0.0355,-0.013767,0.017932,0.134611,-0.192665,0.014875,0.303488,0.759906,0.325426,0.562701,-0.344401,0.935718,-0.075848,-0.552151,-0.136582,0.822397,0.013998,-0.017064,0.001094,0.251764,0.170485,0.045893,0.535626,0.023332,0.028511,-0.025004,-0.780955,-0.162443,0.603092,0.140841,-0.986517,-0.083341,0.6085,0.019855,0.793304,0.007006,-0.008348,0.000711,0.862288,0.226818,0.914386,0.523385,0.081727,0.047405,-0.029533,-0.358103,-0.436028,-0.825615,0.129109,-0.898887,0.418725,-0.924711,0.043352,0.37819,1.8e-05,9.8e-05,3.7e-05,-0.000704,0.00206,0.001195,0.000308
106,0.13245,0.045378,0.420532,-0.336944,-0.439806,-0.832517,-0.012705,-0.882009,0.471031,-0.941034,0.16983,0.292641,3.9e-05,0.000233,8.9e-05,-0.0,-0.0,-0.0,0.128408,-0.192318,0.01467,0.30353,0.759468,0.32593,0.563001,-0.340058,0.936671,-0.083323,-0.555442,-0.128598,0.821469,0.013806,-0.000777,-0.001733,0.043669,0.139989,-0.340761,0.534934,0.023505,0.028394,-0.02499,-0.780646,-0.162539,0.603467,0.135508,-0.986638,-0.090449,0.610106,0.011166,0.79224,0.007166,-0.006168,0.002849,0.004634,0.176821,-0.314152,0.523548,0.08172,0.047433,-0.029553,-0.357906,-0.435361,-0.826052,0.128992,-0.899225,0.418037,-0.924804,0.043064,0.377996,2.2e-05,0.00012,4.5e-05,-0.001161,0.000818,0.000648,-0.011613
107,0.132409,0.045392,0.420539,-0.336415,-0.438771,-0.833276,-0.013083,-0.882579,0.469951,-0.941219,0.169541,0.292214,0.000274,0.001625,0.000618,0.001107,-0.011426,0.026434,0.113771,-0.191636,0.014698,0.303566,0.756,0.341529,0.558402,-0.348597,0.932107,-0.097935,-0.554871,-0.121064,0.822998,0.014068,0.003144,0.0021,0.29915,-0.339962,-0.436875,0.535313,0.023845,0.028406,-0.024975,-0.779776,-0.17737,0.600407,0.143898,-0.984129,-0.10384,0.609297,0.005426,0.792923,0.007012,0.001288,0.000758,0.31815,-0.35444,-0.487506,0.523385,0.081699,0.047436,-0.02955,-0.357595,-0.434235,-0.82678,0.128548,-0.89978,0.416976,-0.924986,0.042827,0.377577,-0.0,-5e-06,-2e-06,-0.000852,0.000454,0.000408,-0.029248
108,0.132375,0.045345,0.420603,-0.336068,-0.438021,-0.833811,-0.013551,-0.882953,0.469235,-0.941337,0.169534,0.291839,-0.000301,-0.009723,0.009741,-0.035504,0.013765,-0.017932,0.097308,-0.191059,0.014962,0.303614,0.757963,0.350574,0.550074,-0.353891,0.929397,-0.104479,-0.548801,-0.115932,0.827792,0.014146,0.004583,0.003497,0.228391,-0.246305,-0.364306,0.534956,0.024134,0.028541,-0.024948,-0.784241,-0.186161,0.591868,0.149382,-0.982517,-0.111097,0.602203,0.001288,0.79834,0.006786,0.007956,-0.002106,0.398789,-0.416196,-0.503902,0.523385,0.081682,0.04742,-0.02952,-0.357386,-0.433382,-0.827317,0.128047,-0.900191,0.416243,-0.925137,0.042824,0.377209,1.2e-05,7.7e-05,3.1e-05,-0.000583,0.000295,0.00026,-0.052435
109,0.132365,0.045324,0.420626,-0.335706,-0.437293,-0.834339,-0.01389,-0.883338,0.4685,-0.941461,0.169406,0.291511,0.0,0.0,0.0,-0.0,-0.0,-0.0,0.097625,-0.190703,0.015256,0.30365,0.7589,0.356075,0.545227,-0.358287,0.927449,-0.106785,-0.544631,-0.114772,0.830703,-0.000295,0.015724,-0.003381,0.047135,0.071484,-0.168752,0.535431,0.024318,0.028686,-0.024924,-0.787098,-0.19226,0.586099,0.154192,-0.981344,-0.114841,0.597244,-1.9e-05,0.802059,0.00015,0.00236,0.002299,0.001291,-0.013909,0.02001,0.523222,0.081678,0.047406,-0.029505,-0.357174,-0.432596,-0.82782,0.127649,-0.900574,0.415538,-0.925274,0.042749,0.376882,-0.0,-7e-06,-2e-06,-0.000381,0.000191,0.000196,-0.062886
110,0.132365,0.045331,0.420609,-0.337933,-0.435726,-0.83426,-0.013173,-0.884122,0.467041,-0.940672,0.169354,0.294077,-7e-06,-3.9e-05,-1.5e-05,0.004732,0.010175,0.004191,0.100086,-0.190583,0.015374,0.30373,0.761592,0.354186,0.542698,-0.354966,0.928619,-0.107703,-0.543047,-0.111075,0.832241,0.014167,0.005263,0.004144,0.010415,-0.027132,0.020009,0.535228,0.024372,0.028748,-0.024889,-0.789363,-0.189939,0.583804,0.15074,-0.98179,-0.115607,0.595131,-0.003253,0.803621,0.000201,0.003165,0.003085,-0.022738,0.119746,-0.126612,0.523222,0.081677,0.047409,-0.029514,-0.359791,-0.43121,-0.82741,0.128425,-0.901243,0.413844,-0.924151,0.042638,0.379638,-3e-06,-2.4e-05,-9e-06,-0.00307,-0.089961,0.179011,-0.062559
111,0.132399,0.045341,0.420591,-0.340444,-0.433627,-0.834333,-0.018394,-0.884088,0.466928,-0.939676,0.174843,0.294049,-0.0,-0.0,-0.0,-4.610961,2.580492,1.625072,0.10294,-0.190376,0.015636,0.304027,0.76089,0.357237,0.541683,-0.356737,0.927618,-0.110446,-0.54287,-0.109667,0.832544,0.000545,0.008718,0.008485,0.002018,-0.017395,0.022898,0.534889,0.024481,0.028875,-0.024745,-0.789231,-0.192919,0.583006,0.152513,-0.981204,-0.118224,0.594856,-0.00439,0.803819,0.000558,-0.001336,0.008046,-0.040518,0.004605,0.012499,0.523222,0.081694,0.047414,-0.029523,-0.359522,-0.431192,-0.827536,0.128303,-0.901252,0.413861,-0.924273,0.042617,0.379344,-0.0,1e-06,4e-06,-0.000548,-0.000587,-0.000188,-0.058803
112,0.132484,0.04533,0.420582,-0.345148,-0.428839,-0.834874,-0.029141,-0.884204,0.466161,-0.937682,0.185752,0.293728,-0.0,-0.0,-0.0,-8e-06,5e-06,3e-06,0.096838,-0.190135,0.015941,0.304546,0.762036,0.358166,0.539453,-0.356704,0.92748,-0.111698,-0.54128,-0.107774,0.833825,0.000798,0.012965,0.012562,0.001791,-0.017056,0.02316,0.534673,0.024601,0.029024,-0.024488,-0.790641,-0.193571,0.580875,0.152441,-0.981068,-0.119442,0.592999,-0.005886,0.805181,0.007335,0.007133,0.006409,0.001773,-0.043969,0.079445,0.523385,0.081732,0.047409,-0.029527,-0.367606,-0.425401,-0.826981,0.112423,-0.903051,0.414558,-0.923161,0.059422,0.379792,3e-06,0.0,3e-06,0.000528,-0.00049,0.000913,-0.061743
113,0.132511,0.04535,0.420568,-0.344967,-0.42853,-0.835107,-0.029211,-0.884382,0.465818,-0.937746,0.185614,0.293609,0.000398,0.010309,-0.009517,0.035505,-0.013754,0.017937,0.093064,-0.190019,0.016132,0.304892,0.762748,0.357317,0.53901,-0.356081,0.927809,-0.110957,-0.540688,-0.107764,0.83421,0.015309,0.003929,0.021418,-0.030971,-0.03546,0.059417,0.534451,0.024654,0.029122,-0.02432,-0.791152,-0.19259,0.580504,0.151801,-0.981262,-0.118662,0.59248,-0.005758,0.805563,0.000475,0.007902,0.00763,0.002911,-0.03301,0.047262,0.523385,0.08175,0.047414,-0.029531,-0.367439,-0.42493,-0.827298,0.112277,-0.903283,0.414092,-0.923245,0.059267,0.379612,5.1e-05,0.000291,0.000112,0.000311,-0.000184,1e-06,-0.065825
114,0.132536,0.045383,0.420519,-0.344585,-0.427883,-0.835597,-0.029313,-0.884765,0.465085,-0.937884,0.185282,0.293379,-6.3e-05,-0.000376,-0.000143,0.0,0.0,0.0,0.073421,-0.189894,0.016564,0.305692,0.765144,0.355532,0.53679,-0.355717,0.928342,-0.107614,-0.53753,-0.109068,0.836079,0.00104,0.017222,0.016525,0.003311,-0.033668,0.046661,0.534422,0.024722,0.029337,-0.023913,-0.793255,-0.190322,0.578379,0.151508,-0.981714,-0.115248,0.589738,-0.003791,0.807585,0.000796,0.002867,0.012024,-0.031156,-0.018248,0.029283,0.523385,0.081763,0.047436,-0.029559,-0.367165,-0.42421,-0.827788,0.112183,-0.903646,0.413325,-0.923365,0.058894,0.379376,0.000121,0.004683,-0.004936,0.035695,-0.013848,0.017853,-0.082154
115,0.132536,0.04539,0.420501,-0.349252,-0.423111,-0.836089,-0.039997,-0.884723,0.464367,-0.935756,0.196143,0.293113,-0.0,-1e-06,-1e-06,-4.620668,2.566337,1.619897,0.05616,-0.189863,0.01689,0.306492,0.76671,0.354715,0.535093,-0.356348,0.928438,-0.104657,-0.534872,-0.1109,0.837542,0.001491,0.003753,0.022056,-0.033015,-0.02021,0.030205,0.53451,0.024738,0.029512,-0.023503,-0.794724,-0.189161,0.576741,0.15222,-0.981944,-0.112308,0.587572,-0.001462,0.80917,0.000731,0.001816,0.01097,-0.031414,-0.018495,0.029379,0.523385,0.081763,0.047438,-0.029568,-0.371551,-0.420521,-0.827714,0.103094,-0.904711,0.413362,-0.92267,0.068253,0.3795,-0.000126,3.7e-05,-0.000187,-4.625739,2.554505,1.616683,-0.108934
116,0.132489,0.045428,0.420508,-0.350451,-0.418846,-0.837734,-0.045936,-0.885687,0.461974,-0.935034,0.200897,0.292198,5.8e-05,0.000345,0.000131,-0.0,0.0,0.0,0.060711,-0.189804,0.017116,0.307232,0.771173,0.352545,0.53009,-0.357498,0.928786,-0.097401,-0.527632,-0.114852,0.841592,0.001402,0.002361,0.02066,-0.563475,-0.598651,0.297791,0.534559,0.024767,0.029624,-0.02314,-0.79848,-0.186415,0.572432,0.153537,-0.982464,-0.105778,0.582113,0.003428,0.8131,0.000663,0.000889,0.010035,-1.80038,-1.930426,0.900307,0.523548,0.08174,0.047457,-0.029564,-0.374192,-0.415811,-0.828903,0.095534,-0.906368,0.411544,-0.922416,0.074808,0.37888,-0.005601,0.000988,0.000654,-0.000537,0.01454,-0.029806,-0.117262
117,0.132457,0.045441,0.420515,-0.350488,-0.4189,-0.837691,-0.045913,-0.885658,0.462033,-0.935021,0.200914,0.292226,2.1e-05,0.000127,4.8e-05,0.0,0.0,0.0,0.067335,-0.189789,0.017191,0.307607,0.771576,0.352067,0.529822,-0.357348,0.928921,-0.096649,-0.527143,-0.115218,0.841848,0.001389,0.002166,0.020443,-0.033013,-0.020166,0.030237,0.534918,0.024774,0.029661,-0.022953,-0.799194,-0.185585,0.571705,0.153503,-0.982618,-0.104392,0.581142,0.004329,0.81379,0.000666,0.000789,0.009944,-0.033537,-0.002165,0.006227,0.523385,0.081723,0.047464,-0.029561,-0.374214,-0.415875,-0.828861,0.095567,-0.906338,0.411602,-0.922404,0.074816,0.378909,8e-06,4.4e-05,2e-05,0.000365,-0.000169,-0.000173,-0.113343
118,0.132395,0.045432,0.420515,-0.350462,-0.418834,-0.837735,-0.045937,-0.885692,0.461965,-0.93503,0.200899,0.292209,-0.011329,0.001234,0.001019,-0.000984,0.014715,-0.029553,0.076151,-0.18971,0.017298,0.308339,0.772467,0.350992,0.529236,-0.356965,0.929235,-0.095034,-0.526096,-0.115965,0.842401,0.001359,0.001745,0.019986,-0.033011,-0.020134,0.03026,0.534666,0.024815,0.029714,-0.022581,-0.799879,-0.184333,0.571151,0.153141,-0.982849,-0.102735,0.580293,0.005291,0.814389,0.000664,0.000825,0.009949,-0.032965,-0.020098,0.030231,0.523385,0.081692,0.04746,-0.029561,-0.374194,-0.415811,-0.828902,0.095554,-0.90637,0.411535,-0.922413,0.074789,0.378891,-0.005665,0.000609,0.000507,-0.000732,0.014603,-0.029665,-0.103219
119,0.132394,0.045425,0.420522,-0.352717,-0.417309,-0.837549,-0.045281,-0.886406,0.460658,-0.934211,0.200921,0.294802,-0.0,-0.0,-0.0,0.00245,0.005318,0.002194,0.084479,-0.189567,0.017454,0.309248,0.773333,0.349921,0.528681,-0.356726,0.929513,-0.093201,-0.524985,-0.116974,0.842954,0.001719,0.008022,0.025782,-0.031347,-0.036812,0.053703,0.534585,0.024885,0.02978,-0.022144,-0.800511,-0.183145,0.570647,0.152961,-0.983064,-0.100932,0.579468,0.00649,0.814968,0.000828,0.003712,0.012612,-0.032968,-0.0201,0.030252,0.523385,0.081692,0.047456,-0.029558,-0.376766,-0.414492,-0.828397,0.096257,-0.906977,0.410031,-0.921293,0.074747,0.381616,-0.0,5e-06,2e-06,-0.010339,-0.014151,-0.00502,-0.094728
120,0.132387,0.045441,0.420519,-0.35271,-0.417301,-0.837557,-0.04526,-0.886416,0.460641,-0.934215,0.200894,0.294808,5.4e-05,0.00032,0.000122,3.6e-05,7.8e-05,3.2e-05,0.090973,-0.189497,0.01754,0.309833,0.773749,0.3494,0.528417,-0.356743,0.929617,-0.092093,-0.524359,-0.117707,0.843241,0.001861,0.01059,0.028104,-0.031345,-0.036764,0.053737,0.534744,0.024921,0.029826,-0.021842,-0.800847,-0.18251,0.57038,0.152994,-0.983176,-0.099783,0.578996,0.007354,0.815296,0.000928,0.005547,0.014286,-0.031318,-0.036763,0.053713,0.523548,0.081689,0.047464,-0.029559,-0.376606,-0.414549,-0.828442,0.096202,-0.906951,0.410102,-0.921364,0.074749,0.381444,3.5e-05,0.000209,8.1e-05,-0.001927,-0.003382,-0.001315,-0.087869
121,0.132369,0.045435,0.420517,-0.35268,-0.417242,-0.837599,-0.045282,-0.886447,0.460579,-0.934225,0.200879,0.294785,-2.4e-05,-0.000142,-5.4e-05,0.0,0.0,0.0,0.09635,-0.189457,0.017555,0.311202,0.774214,0.348796,0.528135,-0.357539,0.929559,-0.089561,-0.523128,-0.119944,0.843691,0.00242,-0.001108,0.035299,-0.069339,-0.006739,0.013761,0.535046,0.024941,0.02984,-0.021151,-0.801192,-0.181821,0.570115,0.153911,-0.983282,-0.097294,0.578275,0.009796,0.815782,0.001196,-0.000433,0.017763,-0.069321,-0.006731,0.013727,0.523385,0.08168,0.047461,-0.02956,-0.376553,-0.414502,-0.828489,0.096173,-0.906974,0.410057,-0.921389,0.07473,0.381388,-1.5e-05,-8.9e-05,-3.3e-05,0.000145,-0.000132,-9.5e-05,-0.074969
122,0.132358,0.04542,0.420512,-0.352647,-0.417182,-0.837642,-0.045305,-0.886479,0.460515,-0.934236,0.200863,0.294761,-8e-06,-4.7e-05,-1.8e-05,0.0,0.0,0.0,0.09713,-0.189549,0.017278,0.312715,0.774307,0.348639,0.528101,-0.359169,0.92921,-0.086606,-0.521868,-0.123072,0.844021,0.002927,-0.013775,0.041651,-0.104007,-0.010019,0.020697,0.534876,0.024894,0.029711,-0.020407,-0.801247,-0.18166,0.570089,0.155693,-0.983274,-0.0945,0.577721,0.013041,0.816129,0.001411,-0.007364,0.020394,-0.105652,0.006559,-0.002891,0.523548,0.081674,0.047453,-0.029563,-0.376529,-0.414439,-0.828532,0.096154,-0.907005,0.409994,-0.9214,0.074708,0.381363,-3e-06,-1.6e-05,-6e-06,0.00011,-7.1e-05,-5.5e-05,-0.071704
123,0.132357,0.045412,0.420509,-0.352595,-0.417088,-0.837711,-0.045342,-0.886529,0.460415,-0.934254,0.200837,0.294721,-9e-06,-5.4e-05,-2.1e-05,0.0,0.0,0.0,0.098646,-0.18963,0.016999,0.313486,0.774146,0.348803,0.528229,-0.36036,0.928894,-0.085029,-0.521284,-0.124982,0.8441,0.002775,-0.016389,0.039224,-0.105673,0.00654,-0.002834,0.535379,0.024855,0.029569,-0.020003,-0.801124,-0.181837,0.570206,0.157034,-0.983212,-0.092915,0.577529,0.015105,0.816229,0.001354,-0.008338,0.019485,-0.10567,0.006544,-0.002883,0.523385,0.081673,0.047449,-0.029564,-0.376492,-0.414337,-0.828599,0.096116,-0.907053,0.409895,-0.921419,0.07468,0.381323,-1e-06,-8e-06,-3e-06,0.000102,-4.9e-05,-2.9e-05,-0.07105
124,0.132347,0.04542,0.420492,-0.352533,-0.416992,-0.837785,-0.045331,-0.886591,0.460296,-0.934278,0.200761,0.294697,-2e-06,-1.1e-05,-4e-06,0.0,0.0,0.0,0.105022,-0.18978,0.016193,0.315018,0.774667,0.352704,0.524865,-0.364024,0.927402,-0.085709,-0.517949,-0.125126,0.84613,0.002583,-0.019665,0.036212,-0.047994,-0.075564,-0.063945,0.535283,0.024781,0.029167,-0.019236,-0.8027,-0.185649,0.56675,0.160877,-0.982489,-0.093978,0.574273,0.01574,0.818511,0.001254,-0.010041,0.017922,-0.058586,-0.061872,-0.055477,0.523385,0.081669,0.047453,-0.029573,-0.376447,-0.414233,-0.828672,0.096127,-0.907108,0.409772,-0.921436,0.0746,0.381297,1e-06,1e-05,4e-06,5.7e-05,-5.9e-05,-2.3e-05,-0.065335
125,0.132315,0.045461,0.420459,-0.352465,-0.416903,-0.837858,-0.045245,-0.886667,0.46016,-0.934308,0.200613,0.294704,-0.0,-0.0,-0.0,0.0,0.0,0.0,0.108172,-0.18978,0.015249,0.316466,0.776893,0.361294,0.51565,-0.36878,0.924897,-0.092199,-0.511196,-0.119003,0.851106,0.002493,-0.021194,0.034827,0.194346,-0.408566,-0.344627,0.53524,0.024779,0.028701,-0.018527,-0.806539,-0.192582,0.558933,0.165361,-0.981204,-0.099462,0.567583,0.012206,0.823225,0.00124,-0.010255,0.017722,0.203494,-0.440585,-0.338925,0.523385,0.081652,0.047474,-0.029589,-0.376396,-0.414134,-0.828744,0.096211,-0.907165,0.409625,-0.921449,0.074447,0.381298,-2e-06,7e-06,3e-06,2.5e-05,-6.3e-05,-2.4e-05,-0.057497
126,0.132297,0.045485,0.420429,-0.352394,-0.416805,-0.837937,-0.045187,-0.886742,0.460022,-0.934338,0.200486,0.294696,-1.3e-05,-7.4e-05,-2.8e-05,0.0,0.0,0.0,0.104433,-0.18969,0.01462,0.317759,0.780215,0.370588,0.503905,-0.37279,0.922377,-0.100912,-0.503152,-0.1096,0.85714,0.002033,-0.007727,0.028949,0.111362,-0.265081,-0.175348,0.535351,0.024825,0.028374,-0.017872,-0.812979,-0.202149,0.546077,0.169715,-0.979348,-0.109874,0.557011,0.003353,0.830497,0.000994,-0.003844,0.01449,0.092444,-0.24049,-0.160468,0.523059,0.081644,0.047486,-0.029604,-0.376343,-0.414025,-0.828823,0.096266,-0.907226,0.409478,-0.921465,0.074317,0.381285,-7e-06,-3.6e-05,-1.4e-05,3.2e-05,-2.9e-05,-1e-06,-0.057171
127,0.132295,0.045483,0.420408,-0.352269,-0.416598,-0.838092,-0.04522,-0.886863,0.459785,-0.934384,0.200379,0.294623,-0.000135,-0.000796,-0.000303,0.0,0.0,0.0,0.10034,-0.189649,0.014419,0.318359,0.781754,0.375272,0.49802,-0.374762,0.921059,-0.105541,-0.499279,-0.10462,0.860023,0.002012,-0.008059,0.028626,0.147756,-0.303564,-0.238432,0.535174,0.024845,0.028278,-0.017581,-0.815498,-0.206017,0.54085,0.171547,-0.978548,-0.114081,0.552751,-0.000252,0.833346,0.001018,-0.003422,0.014855,0.223217,-0.422826,-0.285878,0.523385,0.081643,0.047486,-0.029614,-0.376255,-0.413797,-0.828977,0.096226,-0.907339,0.409238,-0.921505,0.074208,0.381209,-8.7e-05,-0.000514,-0.000196,2.8e-05,-1.7e-05,-9e-06,-0.06011
