frame,MLTx,MLTy,MLTz,MLTR1,MLTR2,MLTR3,MLTR4,MLTR5,MLTR6,MLTR7,MLTR8,MLTR9,MLTTVx,MLTTVy,MLTTVz,MLTRVx,MLTRVy,MLTRVz,MLGA,MRTx,MRTy,MRTz,MRTR1,MRTR2,MRTR3,MRTR4,MRTR5,MRTR6,MRTR7,MRTR8,MRTR9,MRTTVx,MRTTVy,MRTTVz,MRTRVx,MRTRVy,MRTRVz,MRGA,SLTx,SLTy,SLTz,SLTR1,SLTR2,SLTR3,SLTR4,SLTR5,SLTR6,SLTR7,SLTR8,SLTR9,SLTTVx,SLTTVy,SLTTVz,SLTRVx,SLTRVy,SLTRVz,SLGA,SRTx,SRTy,SRTz,SRTR1,SRTR2,SRTR3,SRTR4,SRTR5,SRTR6,SRTR7,SRTR8,SRTR9,SRTTVx,SRTTVy,SRTTVz,SRTRVx,SRTRVy,SRTRVz,SRGA
51,0.23627,-0.06069,0.346229,-0.572409,0.719882,-0.392637,-0.785729,-0.618441,0.011465,-0.233864,0.31417,0.920126,0.000792,-0.006176,-0.006783,-0.000683,0.01133,-0.02649,0.516572,-0.237361,-0.044038,0.308398,-0.86629,-0.396496,0.303848,0.493858,-0.770479,0.402989,0.075411,0.499663,0.862852,-0.002645,-0.00037,-0.022629,0.030309,0.004946,-0.005619,0.51084,0.003546,0.035842,-0.005877,0.854564,0.378359,0.355759,-0.485768,0.824637,0.289832,-0.183712,-0.420496,0.888499,-0.001437,-0.000723,-0.01198,0.04671,0.003631,-0.032698,0.513098,0.119754,0.023765,-0.033738,0.642953,-0.689134,-0.334221,0.726512,0.686898,-0.018705,0.242467,-0.23079,0.942308,0.0004,-0.003096,-0.003398,-0.000679,0.011448,-0.026342,0.51451
52,0.236287,-0.060807,0.346024,-0.572311,0.719942,-0.392669,-0.785764,-0.6184,0.011297,-0.233988,0.314112,0.920115,0.001126,-0.008786,-0.009667,-0.000683,0.011334,-0.026489,0.507338,-0.237466,-0.044033,0.30789,-0.873412,-0.379282,0.305429,0.479434,-0.77902,0.403987,0.085805,0.499759,0.861825,-0.003,-0.001884,-0.024572,-0.027935,0.10198,0.02836,0.50081,0.003494,0.035846,-0.006121,0.860461,0.361267,0.359292,-0.471214,0.832473,0.291453,-0.193809,-0.420087,0.886545,-0.009354,-0.000782,-0.012022,-0.018437,0.209497,0.139968,0.50477,0.119761,0.023713,-0.033833,0.642826,-0.68923,-0.334266,0.72658,0.68682,-0.018884,0.242596,-0.230732,0.942288,8.9e-05,0.000853,-0.00931,0.039415,-0.072284,0.178514,0.509284
53,0.236577,-0.061012,0.345557,-0.573062,0.721241,-0.389175,-0.786159,-0.617877,0.012404,-0.230809,0.312161,0.92158,0.000149,0.001893,-0.018455,0.046837,0.04493,0.011881,0.490688,-0.23777,-0.04393,0.306501,-0.903787,-0.296748,0.308383,0.406945,-0.818544,0.405357,0.133269,0.492227,0.860125,-0.019941,0.004565,-0.038752,0.524638,0.806012,1.448652,0.495601,0.00334,0.035899,-0.006831,0.885634,0.277984,0.371988,-0.397289,0.868307,0.29699,-0.240441,-0.410812,0.879443,-0.009995,0.002068,-0.01964,0.547368,0.804148,1.458874,0.488441,0.119908,0.023595,-0.034075,0.643735,-0.69027,-0.33035,0.726956,0.686453,-0.01777,0.239036,-0.228711,0.94369,0.008293,-0.00318,-0.004282,0.007942,0.010797,0.019738,0.486914
54,0.236866,-0.061132,0.345366,-0.577015,0.720079,-0.385468,-0.785606,-0.618357,0.020721,-0.222724,0.313883,0.922984,0.00035,-0.002691,-0.002977,-0.019396,0.020638,-0.034486,0.48922,-0.238334,-0.043465,0.304663,-0.931135,-0.185797,0.313782,0.309049,-0.858518,0.409107,0.194544,0.478143,0.856385,-0.020219,0.014719,-0.048437,2.249081,3.129198,6.235354,0.502637,0.003072,0.036112,-0.007716,0.904554,0.177496,0.387653,-0.308078,0.900637,0.306496,-0.294733,-0.39667,0.869358,-0.009994,0.00767,-0.023805,0.101875,0.44322,0.573789,0.486808,0.120053,0.02353,-0.034184,0.647409,-0.688454,-0.326941,0.726226,0.687391,-0.009395,0.231205,-0.231351,0.944997,9.2e-05,-0.000676,-0.000751,-0.060104,0.02826,-0.026134,0.475646
55,0.236984,-0.06113,0.345341,-0.578083,0.719826,-0.38434,-0.78556,-0.618321,0.023372,-0.220109,0.314534,0.923389,0.000109,-0.000834,-0.000923,-1.4e-05,7e-06,-6e-06,0.492558,-0.23866,-0.043063,0.303695,-0.940676,-0.118974,0.317751,0.249983,-0.875984,0.412425,0.230456,0.467542,0.853322,-0.019855,0.027443,-0.054715,1.530115,2.864277,5.172011,0.509416,0.002892,0.036323,-0.008245,0.911656,0.102569,0.397947,-0.240163,0.918755,0.313385,-0.333473,-0.381272,0.862222,-0.009971,0.013696,-0.027336,1.575566,2.813561,5.164075,0.494973,0.120113,0.02353,-0.034197,0.648437,-0.688015,-0.325826,0.726113,0.687541,-0.006754,0.228666,-0.232207,0.945405,4.6e-05,-0.000332,-0.000371,0.006152,-0.003177,0.001967,0.475646
56,0.237217,-0.061091,0.345283,-0.577851,0.718591,-0.38699,-0.785411,-0.618479,0.024196,-0.221245,0.31703,0.922263,6.3e-05,-0.000482,-0.000533,-0.032514,-0.103198,-0.043351,0.500583,-0.23942,-0.042001,0.301667,-0.945191,0.041844,0.323813,0.102701,-0.903125,0.416836,0.311071,0.427195,0.848884,-0.004068,0.027203,-0.055245,0.48679,1.081345,1.768841,0.508523,0.002521,0.036834,-0.009218,0.907182,-0.053444,0.41733,-0.096707,0.938856,0.33045,-0.409473,-0.340137,0.846544,-0.009689,0.009121,-0.022083,0.354535,1.47546,2.162669,0.501504,0.120223,0.023553,-0.034222,0.648049,-0.687082,-0.328555,0.72602,0.687646,-0.006004,0.230056,-0.234647,0.944465,4e-05,-0.000285,-0.000317,-0.049916,-0.15665,-0.063829,0.483811
57,0.237315,-0.061012,0.345268,-0.577801,0.717257,-0.389532,-0.785139,-0.618789,0.025082,-0.222335,0.319433,0.921172,-0.000197,0.001498,0.001658,-0.119163,-0.378767,-0.159186,0.507323,-0.240153,-0.041183,0.299859,-0.912826,0.237473,0.332184,-0.079713,-0.901334,0.425648,0.401633,0.361767,0.841236,-0.019387,0.018607,-0.043897,0.398902,1.112392,1.971086,0.512345,0.002146,0.037262,-0.010164,0.862411,-0.252195,0.438911,0.089406,0.929313,0.358304,-0.498249,-0.269764,0.823999,-0.00965,0.009334,-0.02191,0.371137,1.145865,1.991124,0.50575,0.120278,0.023592,-0.034231,0.64788,-0.686555,-0.329988,0.725911,0.687764,-0.00571,0.230874,-0.235843,0.943967,-0.000111,0.000871,0.00096,-0.187442,-0.549601,-0.189538,0.490833
58,0.237229,-0.060857,0.345169,-0.583214,0.712164,-0.390805,-0.780974,-0.623893,0.028421,-0.222861,0.320895,0.920536,-1.1e-05,8.6e-05,9.5e-05,-0.119072,-0.378778,-0.159395,0.510654,-0.240969,-0.040586,0.298334,-0.869936,0.35409,0.343253,-0.182562,-0.877679,0.44304,0.459233,0.322308,0.827699,-0.018497,0.011396,-0.030707,-0.519828,0.787975,0.798806,0.489323,0.001744,0.037551,-0.010922,0.813208,-0.363982,0.454101,0.188648,0.903014,0.385973,-0.550548,-0.228211,0.803003,-0.00928,0.01094,-0.019885,-0.093258,0.691577,0.687777,0.493503,0.120235,0.023673,-0.034276,0.652863,-0.68126,-0.331139,0.721277,0.692639,-0.002935,0.23136,-0.236927,0.943576,-0.007768,-0.000824,-0.000141,-0.226786,-0.651147,-0.254101,0.499324
59,0.23713,-0.060796,0.345061,-0.583258,0.712162,-0.390744,-0.780883,-0.62402,0.028149,-0.223066,0.320654,0.92057,0.000102,-0.00078,-0.000863,-0.00148,-0.004706,-0.001982,0.50718,-0.241402,-0.040241,0.297828,-0.851812,0.392066,0.347406,-0.213475,-0.865303,0.453445,0.479459,0.311596,0.820298,-0.016942,0.017728,-0.02242,-0.494073,0.617783,0.65145,0.485566,0.001525,0.037713,-0.011188,0.792197,-0.401161,0.459883,0.217832,0.889819,0.400961,-0.570063,-0.217463,0.792298,-0.016255,0.009465,-0.010438,-0.5185,0.642567,0.859997,0.480113,0.120185,0.023701,-0.034325,0.653049,-0.680228,-0.332888,0.720789,0.69315,-0.00237,0.232354,-0.238395,0.942962,-0.007685,-0.001468,-0.000849,0.00667,0.031395,-0.028191,0.499813
60,0.236891,-0.060738,0.344901,-0.592184,0.703545,-0.392923,-0.772704,-0.634078,0.029083,-0.227953,0.319956,0.919616,-0.0155,-0.001978,-0.000645,0.191612,-0.008762,-0.490758,0.494691,-0.242411,-0.039356,0.297482,-0.830716,0.430531,0.352909,-0.23849,-0.847926,0.473368,0.504081,0.308529,0.806582,-0.014034,0.018351,0.001217,-0.431853,0.473672,0.562621,0.485731,0.001014,0.038159,-0.011375,0.767964,-0.438755,0.466609,0.240162,0.872623,0.425265,-0.593761,-0.214526,0.775515,-0.006869,0.009738,0.00136,-0.499152,0.522287,0.576162,0.473255,0.120072,0.023732,-0.034412,0.660845,-0.671333,-0.335551,0.71209,0.702084,-0.002239,0.237089,-0.237463,0.942018,2.1e-05,-0.000159,-0.000172,0.675009,-0.037521,-1.537538,0.489853
61,0.236699,-0.060704,0.344881,-0.592632,0.701908,-0.39517,-0.772084,-0.634778,0.030247,-0.228884,0.322153,0.918617,-0.015647,-0.000836,0.000615,-0.017957,-0.039126,-0.05226,0.492272,-0.243495,-0.038597,0.297875,-0.818877,0.449758,0.35658,-0.248445,-0.837669,0.486333,0.518453,0.309092,0.797203,-0.012999,0.01137,0.014792,1.730268,2.968525,4.616783,0.476182,0.000479,0.038543,-0.011173,0.75738,-0.452644,0.470626,0.243574,0.864564,0.439545,-0.605844,-0.21827,0.765056,-0.014279,0.006332,0.008219,-0.306158,0.373262,0.190842,0.465744,0.11997,0.023747,-0.034423,0.661514,-0.669477,-0.337933,0.711037,0.703152,-0.001132,0.238377,-0.239535,0.941168,-0.00783,-0.000365,0.00037,-0.006681,-0.011534,-0.047924,0.481198
62,0.236626,-0.060684,0.344926,-0.596805,0.698373,-0.395151,-0.7683,-0.639351,0.030285,-0.230754,0.320796,0.918624,-0.000182,0.001407,0.001556,-0.00021,-0.000669,-0.000285,0.492435,-0.243972,-0.038387,0.298199,-0.810697,0.462864,0.358493,-0.258706,-0.832396,0.490021,0.526237,0.303934,0.794079,-0.013052,0.00025,0.022973,1.714093,3.005751,4.550473,0.473316,0.000242,0.038656,-0.011009,0.748719,-0.464944,0.47249,0.253378,0.85938,0.444146,-0.612551,-0.212822,0.76124,-0.014154,0.006786,0.008788,-0.350706,0.38547,0.218427,0.459865,0.119933,0.023757,-0.034402,0.665423,-0.665603,-0.33791,0.706807,0.707403,-0.00155,0.240071,-0.237806,0.941176,-0.007908,0.000233,0.001029,0.002091,0.024818,-0.027612,0.480219
63,0.236503,-0.060651,0.344989,-0.596741,0.698415,-0.395173,-0.768352,-0.639288,0.030278,-0.230747,0.320828,0.918614,-9.9e-05,0.000769,0.00085,-0.0,-0.0,-0.0,0.488554,-0.244834,-0.038141,0.299041,-0.795093,0.487013,0.361436,-0.281255,-0.823963,0.491848,0.538341,0.288798,0.79161,-0.012772,0.012031,0.01552,0.052696,0.074833,0.114217,0.468282,-0.000188,0.038778,-0.01058,0.728106,-0.493059,0.476186,0.279959,0.848014,0.449993,-0.625686,-0.19433,0.75548,-0.014073,0.001638,0.013372,0.142311,0.351744,0.192696,0.452354,0.119871,0.023777,-0.034366,0.665356,-0.665708,-0.337835,0.706889,0.707321,-0.001589,0.240016,-0.237755,0.941203,-4.6e-05,0.000362,0.000403,-0.000171,0.000209,0.00071,0.476953
64,0.23642,-0.060646,0.344987,-0.600853,0.694883,-0.395168,-0.764558,-0.643823,0.030247,-0.232659,0.319436,0.918617,0.000165,-0.001281,-0.001416,-0.000689,0.011388,-0.026465,0.479466,-0.245638,-0.037869,0.299931,-0.777237,0.512997,0.36432,-0.307453,-0.814709,0.491585,0.549969,0.269423,0.790448,-0.028099,0.013919,0.01775,2.000183,2.833692,4.163844,0.460714,-0.000579,0.038911,-0.010139,0.71199,-0.513342,0.479112,0.30089,0.839536,0.452375,-0.634455,-0.177927,0.752201,-0.014066,0.001604,0.01327,-0.049081,0.12761,-0.227091,0.444516,0.119829,0.023782,-0.034363,0.669114,-0.661838,-0.338016,0.70272,0.711462,-0.001991,0.241804,-0.236198,0.941137,1.5e-05,-0.000108,-0.000119,-0.000554,0.000199,0.000524,0.469278
65,0.236386,-0.060663,0.344987,-0.600824,0.694901,-0.395182,-0.764585,-0.643791,0.030257,-0.232647,0.319461,0.918611,1.8e-05,-0.00014,-0.000154,-0.0,-0.0,-0.0,0.473019,-0.245932,-0.037692,0.300292,-0.771098,0.521219,0.365691,-0.315802,-0.811681,0.491301,0.553864,0.262701,0.789991,-0.012596,0.012506,0.015994,0.605807,0.815108,1.30529,0.451802,-0.000737,0.039004,-0.009952,0.70307,-0.524048,0.480691,0.312155,0.834791,0.453521,-0.638944,-0.168807,0.750502,-0.006148,0.006607,0.008435,2.003381,2.800596,4.213234,0.437494,0.119813,0.02377,-0.034368,0.669096,-0.661855,-0.338019,0.702744,0.711439,-0.001969,0.241783,-0.236224,0.941136,-0.007755,-0.000934,-0.000266,-0.001218,0.014739,-0.029041,0.461114
66,0.236348,-0.060643,0.345012,-0.600814,0.694909,-0.395183,-0.764593,-0.643782,0.030252,-0.232648,0.319462,0.918611,-0.000121,0.00094,0.001039,-0.0,-0.0,-0.0,0.461357,-0.246298,-0.037052,0.300942,-0.761779,0.533486,0.367527,-0.328712,-0.807049,0.490463,0.55922,0.252144,0.789657,-0.011648,0.026722,0.011633,0.646281,0.783675,1.345227,0.443798,-0.000921,0.039315,-0.00963,0.693046,-0.535517,0.482606,0.324637,0.829574,0.454331,-0.64366,-0.1582,0.748782,-0.005736,0.013463,0.005922,2.060925,2.680886,4.398912,0.420512,0.119794,0.023778,-0.034357,0.669075,-0.661876,-0.33802,0.702766,0.711417,-0.001972,0.241779,-0.23623,0.941136,-7.8e-05,0.00061,0.000674,-0.000127,1e-06,0.000358,0.443968
67,0.23635,-0.060566,0.345097,-0.600804,0.693496,-0.397673,-0.764288,-0.644092,0.03133,-0.23367,0.321893,0.917502,-0.000241,0.001877,0.002073,-0.000248,-0.000787,-0.000332,0.450135,-0.246563,-0.036241,0.301488,-0.757111,0.538264,0.370198,-0.332467,-0.805153,0.491049,0.563326,0.248025,0.788042,0.003356,0.012872,0.016372,-0.036366,0.108087,-0.098042,0.443501,-0.001057,0.039736,-0.009347,0.686833,-0.541086,0.485268,0.329372,0.826887,0.455818,-0.647899,-0.153238,0.746152,0.001656,0.006394,0.008141,-0.01301,0.089476,-0.105702,0.41741,0.119795,0.023816,-0.034315,0.668984,-0.660596,-0.340693,0.702404,0.711777,-0.00088,0.243079,-0.238715,0.940173,-0.000151,0.001178,0.001301,0.003918,0.009679,0.001668,0.428455
68,0.236376,-0.060491,0.345176,-0.600887,0.692018,-0.400114,-0.763917,-0.644476,0.032455,-0.234664,0.324291,0.916403,-0.000218,0.001694,0.001869,-0.000474,-0.001508,-0.000636,0.440125,-0.246684,-0.035773,0.30203,-0.744196,0.553311,0.37418,-0.345184,-0.798043,0.493871,0.572806,0.237682,0.784387,-0.012844,0.011229,0.014104,-0.109258,0.137778,0.083832,0.443467,-0.001117,0.039973,-0.009071,0.672999,-0.554878,0.489062,0.341237,0.819568,0.460287,-0.656223,-0.142886,0.740914,-0.006459,0.005516,0.006929,-0.112482,0.140572,0.084206,0.41643,0.119808,0.023855,-0.034275,0.668986,-0.659264,-0.343258,0.701971,0.712205,0.000226,0.244322,-0.241109,0.93924,-0.000123,0.000949,0.001048,0.005779,0.000978,0.028391,0.413106
69,0.236373,-0.060466,0.345188,-0.601048,0.690489,-0.402506,-0.763486,-0.644929,0.033596,-0.235648,0.326638,0.915317,-0.000137,0.001063,0.001173,-0.005435,-0.017285,-0.007289,0.431664,-0.246646,-0.035569,0.30227,-0.7409,0.556517,0.375962,-0.345404,-0.795709,0.497471,0.576933,0.238019,0.781254,0.002491,0.009569,0.012081,-0.073681,0.080215,0.085823,0.443588,-0.0011,0.040066,-0.008963,0.669175,-0.557833,0.490943,0.340814,0.817473,0.464309,-0.66034,-0.143384,0.737149,0.00117,0.00453,0.005722,-0.070981,0.094325,0.101753,0.415777,0.119806,0.023868,-0.034267,0.66903,-0.657829,-0.345917,0.701482,0.712685,0.001409,0.245603,-0.243597,0.938263,-8.1e-05,0.000629,0.000695,0.006863,0.01206,-0.003232,0.405595
70,0.23635,-0.060469,0.345187,-0.601531,0.687312,-0.407195,-0.762521,-0.645939,0.036016,-0.237527,0.331301,0.913153,-0.015526,-0.001669,-0.000314,-0.033675,-0.089233,-0.07339,0.415656,-0.246604,-0.03507,0.302665,-0.727579,0.570998,0.38024,-0.35146,-0.786141,0.508323,0.590082,0.235489,0.772147,-0.012619,0.012009,0.014998,-0.34996,0.426941,0.304422,0.446974,-0.001073,0.040316,-0.008765,0.656031,-0.570291,0.494359,0.345457,0.809264,0.475132,-0.671031,-0.140922,0.727913,0.001255,0.004862,0.006111,-0.345077,0.456908,0.342009,0.416266,0.119801,0.023868,-0.034267,0.669258,-0.655067,-0.350685,0.700467,0.713675,0.003673,0.24787,-0.248101,0.936485,4e-06,-3.2e-05,-3.5e-05,-0.034276,-0.112812,-0.050857,0.382571
71,0.236288,-0.060444,0.345205,-0.601883,0.685651,-0.409469,-0.761956,-0.646535,0.037262,-0.238445,0.333568,0.912087,-9.4e-05,0.000732,0.000807,-0.003343,-0.010623,-0.00448,0.411954,-0.246598,-0.034578,0.303164,-0.717392,0.582148,0.382679,-0.357047,-0.77879,0.51569,0.59913,0.232587,0.766034,-0.012332,0.013053,0.016234,-0.10345,0.129468,0.078622,0.446856,-0.00107,0.040559,-0.008518,0.643674,-0.581735,0.49726,0.349823,0.801557,0.484902,-0.680667,-0.138166,0.719445,0.001597,0.006187,0.007736,-0.088315,0.101193,0.139323,0.419206,0.119764,0.023879,-0.034259,0.6696,-0.653397,-0.353137,0.699713,0.714406,0.004917,0.249071,-0.250387,0.935557,-5e-05,0.000384,0.000427,0.00825,0.017899,0.000656,0.369018
72,0.23625,-0.060426,0.345244,-0.601869,0.68566,-0.409475,-0.761972,-0.646515,0.037279,-0.238429,0.333589,0.912084,-0.000188,0.001469,0.001619,-4.9e-05,-0.000155,-6.5e-05,0.413539,-0.246567,-0.034336,0.303499,-0.715675,0.584085,0.382941,-0.357472,-0.777245,0.517723,0.600927,0.232897,0.764531,0.003413,0.002527,0.025238,-0.052015,0.010122,0.049298,0.447109,-0.001061,0.040682,-0.008356,0.641647,-0.583719,0.497554,0.350125,0.800081,0.487115,-0.682423,-0.13835,0.717744,0.001753,0.006802,0.00848,0.027636,-0.03664,0.053262,0.419042,0.119745,0.023886,-0.034242,0.669616,-0.65349,-0.352935,0.699732,0.714388,0.004837,0.248972,-0.250199,0.935634,-0.000121,0.000937,0.001035,0.001891,0.005213,0.001521,0.367548
73,0.236206,-0.060368,0.345342,-0.601613,0.685808,-0.409603,-0.76216,-0.646297,0.037199,-0.238472,0.333706,0.91203,-0.000229,0.001787,0.001969,-0.0,-0.0,-0.0,0.419849,-0.246404,-0.033765,0.304241,-0.713952,0.5859,0.383386,-0.357748,-0.775803,0.519692,0.602811,0.233143,0.762972,0.004036,0.015654,0.019375,0.002795,-0.041794,0.075699,0.448805,-0.000979,0.040969,-0.007975,0.640002,-0.585292,0.497824,0.350261,0.798894,0.488963,-0.683895,-0.138569,0.716299,0.002019,0.007868,0.009736,0.016614,-0.054222,0.069379,0.421165,0.119723,0.023916,-0.034192,0.669367,-0.653704,-0.353011,0.69996,0.714165,0.004753,0.249001,-0.250276,0.935606,-0.000143,0.001107,0.001221,-0.000164,9.6e-05,0.000541,0.371467
74,0.236152,-0.060324,0.345441,-0.601408,0.685925,-0.409707,-0.76232,-0.646111,0.037168,-0.23848,0.333825,0.911984,-0.000209,0.00163,0.001795,-0.0,-0.0,-0.0,0.421287,-0.246253,-0.033298,0.304884,-0.710463,0.588922,0.385233,-0.360865,-0.774729,0.519138,0.60507,0.229072,0.762417,0.002777,0.010813,0.013303,-0.00863,0.087315,-0.1451,0.447368,-0.000903,0.041203,-0.007653,0.636324,-0.587925,0.499434,0.353388,0.797654,0.488736,-0.685717,-0.134501,0.715332,0.001355,0.005319,0.006543,-0.003062,0.09151,-0.138553,0.421329,0.119696,0.023938,-0.034142,0.669179,-0.653847,-0.353102,0.700137,0.713992,0.004745,0.24901,-0.250395,0.935572,-5.1e-05,0.000391,0.000431,-0.000137,4e-06,0.000354,0.373916
75,0.23616,-0.060285,0.345453,-0.601174,0.686064,-0.40982,-0.762469,-0.645944,0.037003,-0.238593,0.333863,0.911941,-8e-06,6.6e-05,7.3e-05,-0.0,-0.0,-0.0,0.423823,-0.246072,-0.032911,0.305359,-0.696325,0.604982,0.386159,-0.378419,-0.766525,0.518818,0.610745,0.214377,0.762165,0.002724,0.010646,0.013037,0.643318,0.830799,1.313126,0.427151,-0.000811,0.041401,-0.00741,0.621634,-0.602713,0.500307,0.369933,0.788887,0.490719,-0.690449,-0.119967,0.713363,0.001337,0.005239,0.006409,0.63221,0.843848,1.333561,0.409245,0.1197,0.023961,-0.034133,0.668937,-0.654034,-0.353216,0.700326,0.713808,0.004586,0.249129,-0.250434,0.93553,3e-06,-2.7e-05,-3e-05,-8.5e-05,-3e-06,0.000239,0.378325
76,0.236171,-0.060285,0.345467,-0.605321,0.682434,-0.409776,-0.75857,-0.650514,0.037075,-0.240517,0.332434,0.911957,-3e-06,2.1e-05,2.3e-05,-0.004757,0.078572,-0.182654,0.421979,-0.245924,-0.032678,0.30561,-0.692727,0.609136,0.3861,-0.383031,-0.764245,0.518799,0.611959,0.210733,0.762208,0.003108,0.01218,0.014874,0.003083,-0.029382,0.049487,0.411659,-0.000739,0.04151,-0.007294,0.617503,-0.606986,0.500257,0.374749,0.786208,0.491364,-0.691557,-0.115948,0.712954,0.009141,0.010597,0.00205,0.041517,-0.0616,0.092152,0.394059,0.119705,0.02396,-0.034127,0.672638,-0.650119,-0.353414,0.696112,0.71792,0.004236,0.25097,-0.248865,0.935456,3e-06,-3e-05,-3.3e-05,-0.000604,0.000241,0.000205,0.378325
77,0.236149,-0.060299,0.345453,-0.605276,0.682462,-0.409796,-0.758602,-0.650478,0.037052,-0.24053,0.332447,0.911949,6e-06,-4.7e-05,-5.2e-05,-0.0,-0.0,-0.0,0.418916,-0.245606,-0.032027,0.306125,-0.677655,0.624179,0.388814,-0.400478,-0.756571,0.516867,0.617629,0.193763,0.762138,0.003629,0.014311,0.017369,-0.007489,0.072152,-0.121194,0.385116,-0.000581,0.041833,-0.007039,0.601413,-0.621051,0.502591,0.391905,0.777516,0.491812,-0.696213,-0.098814,0.711001,0.001862,0.012718,0.004571,0.038578,-0.050238,0.066818,0.357808,0.119695,0.023951,-0.034135,0.672699,-0.650077,-0.353375,0.696065,0.717965,0.004272,0.250934,-0.248846,0.935471,3e-06,-3.2e-05,-3.2e-05,-0.000118,-1.3e-05,0.00025,0.375549
78,0.23609,-0.060292,0.345451,-0.605342,0.682427,-0.409755,-0.758551,-0.650537,0.037061,-0.240522,0.332402,0.911968,-3e-06,2e-05,2.2e-05,-0.0,-0.0,-0.0,0.4193,-0.245253,-0.031316,0.306789,-0.665025,0.633147,0.396054,-0.412393,-0.753356,0.512173,0.623479,0.176484,0.761571,0.019241,0.014667,0.017671,0.202178,0.210248,0.457389,0.350879,-0.00041,0.042189,-0.006706,0.588028,-0.628267,0.509414,0.403502,0.773699,0.48844,-0.701005,-0.081667,0.708464,0.002096,0.00834,0.010039,0.646243,0.825895,1.340166,0.318619,0.119665,0.023955,-0.034136,0.672756,-0.65004,-0.353335,0.696015,0.718014,0.004277,0.250919,-0.248804,0.935486,-1e-06,5e-06,8e-06,-6.1e-05,1e-06,0.000177,0.374733
79,0.236102,-0.060297,0.345445,-0.604986,0.682636,-0.409934,-0.758799,-0.650258,0.036882,-0.240639,0.332517,0.911895,0.000128,-0.001002,-0.001103,-0.0,-0.0,-0.0,0.414767,-0.245099,-0.031058,0.307165,-0.658785,0.632201,0.407816,-0.414312,-0.757226,0.504864,0.628807,0.162841,0.760229,0.018899,0.013412,0.016095,0.956934,1.85454,-1.692767,0.340119,-0.000325,0.042328,-0.006508,0.580614,-0.626753,0.519679,0.406846,0.776227,0.481609,-0.705239,-0.0682,0.70568,0.009401,0.006655,0.007982,0.952895,1.841889,-1.681745,0.297391,0.119671,0.023955,-0.034137,0.672422,-0.650294,-0.353504,0.696293,0.717745,0.004121,0.251047,-0.248914,0.935423,7.6e-05,-0.000581,-0.000638,-2.8e-05,1.1e-05,0.000155,0.373753
80,0.236173,-0.060301,0.345434,-0.604548,0.682889,-0.410158,-0.759101,-0.649919,0.036662,-0.240787,0.332662,0.911803,3e-06,-2.2e-05,-2.4e-05,-0.0,-0.0,-0.0,0.403593,-0.244774,-0.030851,0.308025,-0.646049,0.631055,0.429397,-0.419284,-0.763377,0.491315,0.638644,0.136585,0.757193,0.003243,0.002309,0.024254,0.926238,1.78597,-1.566498,0.332664,-0.000163,0.042431,-0.006085,0.566456,-0.623986,0.5383,0.413551,0.780239,0.469256,-0.712812,-0.043199,0.700022,0.009112,0.00014,0.010906,-0.036175,-0.039945,0.072787,0.273061,0.119707,0.02395,-0.034145,0.67201,-0.650603,-0.353718,0.696632,0.717417,0.003929,0.251207,-0.249051,0.935343,2e-06,-0.0,-0.0,-2.4e-05,1.5e-05,0.0001,0.360363
81,0.236217,-0.060268,0.345419,-0.604531,0.682901,-0.410164,-0.759094,-0.649931,0.036581,-0.240851,0.332615,0.911803,-3.5e-05,0.000273,0.000301,-0.0,-0.0,-0.0,0.407699,-0.244491,-0.030852,0.308717,-0.643728,0.628896,0.435998,-0.418783,-0.766263,0.487231,0.64131,0.130269,0.756052,0.001698,-0.003856,0.016863,-0.034335,0.000703,0.009022,0.352595,-2e-05,0.04244,-0.005729,0.563037,-0.619928,0.546515,0.413329,0.783878,0.463351,-0.715645,-0.034993,0.697586,0.008321,-0.002996,0.007141,-0.035094,-0.019594,0.042289,0.278939,0.119729,0.023966,-0.034153,0.671992,-0.650619,-0.353723,0.696629,0.717421,0.003847,0.251266,-0.248999,0.935341,-2.1e-05,0.000156,0.000171,-2.6e-05,-8e-06,6.6e-05,0.355791
82,0.236192,-0.06025,0.345411,-0.604407,0.682978,-0.410218,-0.759169,-0.64985,0.036471,-0.240926,0.332615,0.911784,-4e-06,3.3e-05,3.6e-05,-0.0,-0.0,-0.0,0.409967,-0.244399,-0.031102,0.309111,-0.645479,0.627458,0.435482,-0.4181,-0.767328,0.486142,0.639996,0.130935,0.75705,0.00026,-0.009649,0.009982,0.297564,-0.396552,-0.280221,0.361921,2.7e-05,0.042314,-0.005525,0.563222,-0.619586,0.546711,0.412399,0.784114,0.46378,-0.716035,-0.035748,0.697147,5.8e-05,-0.005085,0.00468,0.297051,-0.397037,-0.280634,0.296248,0.119716,0.023976,-0.034156,0.671876,-0.650711,-0.353774,0.696713,0.717339,0.003743,0.251341,-0.248994,0.935322,-2e-06,1.3e-05,1.4e-05,-1.3e-05,9e-06,5.3e-05,0.359547
83,0.236193,-0.060263,0.345412,-0.60432,0.683027,-0.410264,-0.759235,-0.649773,0.036451,-0.240937,0.332662,0.911764,4.1e-05,-0.000321,-0.000353,0.0,0.0,0.0,0.407836,-0.244434,-0.031192,0.309276,-0.64546,0.627017,0.436145,-0.417367,-0.767673,0.486226,0.640494,0.131023,0.756613,-0.01452,0.00393,0.004697,0.002824,0.009179,-0.033111,0.362639,1.4e-05,0.042261,-0.005451,0.565031,-0.618092,0.546534,0.41216,0.78529,0.461999,-0.714746,-0.035784,0.698466,0.000273,-0.004222,0.005704,-0.050019,0.008998,0.010458,0.30082,0.119717,0.02397,-0.034155,0.671794,-0.650772,-0.353818,0.696787,0.717267,0.003729,0.251355,-0.249041,0.935306,2.8e-05,-0.000216,-0.000238,1e-06,2.4e-05,5.5e-05,0.35922
84,0.236191,-0.060245,0.345431,-0.604268,0.683058,-0.41029,-0.759271,-0.649733,0.036425,-0.240953,0.332678,0.911753,-8.1e-05,0.000633,0.000696,0.0,0.0,0.0,0.40803,-0.244508,-0.031323,0.309636,-0.649143,0.6239,0.435148,-0.41669,-0.770153,0.482874,0.637205,0.131352,0.759328,-0.014221,-0.005564,0.014854,-0.001773,-0.027019,-0.047709,0.352725,-3e-05,0.042193,-0.005275,0.569041,-0.615203,0.545633,0.411988,0.787545,0.458297,-0.711657,-0.035996,0.701603,-0.007119,-0.002789,0.007419,-0.032746,-0.004545,-0.039018,0.298534,0.119716,0.023977,-0.034147,0.671745,-0.650809,-0.353842,0.696828,0.717228,0.003707,0.251373,-0.249057,0.935297,-5.3e-05,0.00041,0.000451,-1e-05,-0.0,3.5e-05,0.358404
85,0.23619,-0.060234,0.345444,-0.604116,0.683147,-0.410366,-0.759376,-0.649614,0.036348,-0.241003,0.332727,0.911722,-3e-06,2.5e-05,2.7e-05,0.0,0.0,0.0,0.410587,-0.244553,-0.031263,0.30998,-0.652826,0.621238,0.433443,-0.416711,-0.772256,0.479486,0.633418,0.131623,0.762444,0.001439,-0.004885,0.015605,0.09123,-0.155202,-0.090704,0.337404,-5.4e-05,0.04222,-0.005114,0.572291,-0.613246,0.544436,0.412239,0.789061,0.455457,-0.708901,-0.036216,0.704377,-0.006852,0.003617,0.004294,0.245017,-0.272179,-0.167108,0.283021,0.119715,0.023985,-0.034139,0.671602,-0.650918,-0.353914,0.696946,0.717114,0.00364,0.251427,-0.249103,0.93527,-0.0,-4e-06,-4e-06,-6e-06,5e-06,2.8e-05,0.360037
86,0.23619,-0.060241,0.345451,-0.604011,0.683207,-0.41042,-0.759455,-0.649524,0.03632,-0.241019,0.332779,0.911699,-0.0,0.0,0.0,0.0,0.0,0.0,0.410686,-0.244584,-0.031156,0.310106,-0.652844,0.621037,0.433705,-0.416511,-0.772433,0.479376,0.633531,0.131538,0.762365,-0.013706,0.00716,0.00849,0.001676,-0.002061,-0.006156,0.32303,-6.3e-05,0.042273,-0.005043,0.572987,-0.612629,0.544398,0.412088,0.789538,0.454765,-0.708426,-0.036234,0.704853,0.000653,0.00265,0.00313,-0.023247,0.095924,-0.142816,0.271101,0.119715,0.023981,-0.034136,0.671505,-0.65099,-0.353966,0.697033,0.71703,0.003619,0.251448,-0.249156,0.93525,3e-06,-1.4e-05,-9e-06,2.8e-05,3.6e-05,4e-05,0.36069
87,0.236192,-0.060251,0.345425,-0.604049,0.683186,-0.410399,-0.759423,-0.649562,0.036315,-0.241025,0.332748,0.911709,2.7e-05,-0.00021,-0.000231,0.0,0.0,0.0,0.411954,-0.244612,-0.031036,0.310344,-0.652896,0.620023,0.435074,-0.415399,-0.773306,0.478931,0.634208,0.131188,0.761862,0.000968,0.003902,0.004596,0.001563,-0.014581,0.024807,0.301003,-8.2e-05,0.042337,-0.00492,0.572852,-0.611544,0.545759,0.410994,0.790393,0.45427,-0.70917,-0.035926,0.704119,0.000391,0.001597,0.001882,-0.010814,0.101179,-0.170665,0.238117,0.119716,0.023975,-0.034149,0.671539,-0.650966,-0.353945,0.696998,0.717063,0.003611,0.251451,-0.249124,0.935258,1.7e-05,-0.000126,-0.00014,-3e-06,-2e-06,1.8e-05,0.361343
88,0.236191,-0.060245,0.345431,-0.604032,0.683196,-0.410407,-0.759435,-0.649548,0.036306,-0.24103,0.332754,0.911705,-1e-05,7.4e-05,8.2e-05,0.0,0.0,0.0,0.414047,-0.244638,-0.031057,0.310623,-0.652881,0.619472,0.43588,-0.414525,-0.773734,0.478999,0.634796,0.131271,0.761358,0.000839,0.003385,0.003981,0.0,-0.0,-0.0,0.298593,-9.5e-05,0.042326,-0.00478,0.572777,-0.610954,0.546498,0.410168,0.790846,0.454229,-0.709709,-0.036015,0.703572,0.000446,-0.003525,0.006515,-0.034112,0.000937,0.00932,0.225706,0.119716,0.023978,-0.034146,0.671523,-0.650978,-0.353953,0.697012,0.71705,0.003603,0.251457,-0.249129,0.935255,-7e-06,4.8e-05,5.3e-05,-1.3e-05,-7e-06,1.2e-05,0.364282
89,0.236191,-0.060247,0.345445,-0.604028,0.683197,-0.410411,-0.759443,-0.649538,0.036328,-0.241013,0.332774,0.911703,-1e-06,1.1e-05,1.2e-05,0.0,0.0,0.0,0.41292,-0.244614,-0.031031,0.31099,-0.652824,0.619466,0.435975,-0.414157,-0.773677,0.479407,0.635095,0.131631,0.761046,0.001271,0.005133,0.006023,0.0,-0.0,-0.0,0.301228,-8.3e-05,0.042337,-0.0046,0.572703,-0.610944,0.546586,0.409772,0.790837,0.454602,-0.709998,-0.036376,0.703263,0.000761,0.003096,0.003632,0.001711,-0.014437,0.025022,0.223747,0.119716,0.023978,-0.034139,0.67152,-0.650979,-0.353957,0.69702,0.717042,0.003626,0.251442,-0.24915,0.935254,-2e-06,-0.0,0.0,-1e-05,-1.6e-05,1.4e-05,0.364772
90,0.23619,-0.060241,0.345451,-0.604011,0.683207,-0.41042,-0.759455,-0.649524,0.03632,-0.241019,0.332779,0.911699,-8e-06,6.3e-05,7e-05,0.0,0.0,0.0,0.411677,-0.244608,-0.030968,0.311176,-0.652816,0.619296,0.436229,-0.413868,-0.773806,0.47945,0.635291,0.131677,0.760874,0.001522,0.006149,0.007206,0.001568,-0.01455,0.024825,0.305927,-8.1e-05,0.042367,-0.004509,0.572678,-0.610742,0.546839,0.40948,0.790991,0.454597,-0.710186,-0.036418,0.70307,0.000733,0.002983,0.003497,0.001674,-0.014423,0.024969,0.226033,0.119715,0.023981,-0.034136,0.671504,-0.650991,-0.353966,0.697033,0.717029,0.003619,0.251448,-0.249156,0.935251,-5e-06,3e-05,3.4e-05,-5e-06,-0.0,1.5e-05,0.364609
91,0.236175,-0.060213,0.345483,-0.603945,0.683246,-0.410452,-0.759501,-0.649472,0.036286,-0.241039,0.3328,0.911686,-0.000118,0.000924,0.001016,0.0,0.0,0.0,0.410213,-0.244606,-0.030862,0.311475,-0.652824,0.618695,0.437067,-0.413081,-0.774299,0.479331,0.635795,0.131601,0.760466,0.001195,0.004831,0.005649,0.001569,-0.014542,0.024829,0.305464,-7.9e-05,0.042423,-0.004355,0.572636,-0.610078,0.547624,0.408743,0.791507,0.454362,-0.710645,-0.036346,0.70261,0.000497,-0.003308,0.006754,-0.035833,0.015364,-0.015672,0.228972,0.119708,0.023994,-0.034121,0.671442,-0.651039,-0.353995,0.697085,0.716979,0.00359,0.251471,-0.249175,0.935239,-6.3e-05,0.000497,0.000548,1.6e-05,2e-05,2e-05,0.362159
92,0.236167,-0.060155,0.345562,-0.615812,0.672515,-0.410541,-0.747974,-0.662718,0.036223,-0.246953,0.32854,0.911649,-0.000289,0.002257,0.00248,0.000689,-0.011387,0.026466,0.413471,-0.244569,-0.030827,0.311755,-0.652809,0.618227,0.437752,-0.412358,-0.774665,0.479364,0.636281,0.131649,0.760052,0.000825,0.003339,0.003897,0.0,-0.0,-0.0,0.302649,-6e-05,0.042441,-0.004215,0.57258,-0.609555,0.548264,0.408044,0.791907,0.454293,-0.711091,-0.036403,0.702155,0.000356,-0.003874,0.006089,-0.035853,0.015327,-0.015698,0.229789,0.119704,0.02402,-0.034084,0.682346,-0.63925,-0.354629,0.684365,0.729135,0.002466,0.256996,-0.244378,0.935003,-0.0001,0.00078,0.000855,-0.000851,0.000404,0.000258,0.363139
93,0.236151,-0.060121,0.345601,-0.61573,0.672566,-0.410581,-0.748033,-0.662653,0.036181,-0.246979,0.328565,0.911632,-0.000228,0.001781,0.001956,0.0,-0.0,-0.0,0.415102,-0.244551,-0.030794,0.311872,-0.652803,0.618088,0.437957,-0.412134,-0.774771,0.479384,0.636432,0.131673,0.75992,0.000855,0.003463,0.004038,0.0,-0.0,-0.0,0.285958,-5.1e-05,0.042457,-0.004157,0.572561,-0.6094,0.548456,0.407826,0.792025,0.454283,-0.711231,-0.03643,0.702012,0.000424,0.001731,0.002018,3.6e-05,3.4e-05,8.2e-05,0.22342,0.119696,0.024038,-0.034064,0.68225,-0.639329,-0.354672,0.684451,0.729054,0.002427,0.257023,-0.244411,0.934987,-0.000159,0.001232,0.001352,0.000436,-0.011339,0.026845,0.365262
94,0.236144,-0.060077,0.34568,-0.615587,0.67265,-0.410657,-0.748146,-0.662526,0.036157,-0.246991,0.328649,0.911599,0.000767,-0.009012,0.01059,-0.035419,0.00547,-0.022063,0.414404,-0.244492,-0.030666,0.312053,-0.652816,0.617724,0.43845,-0.411738,-0.775084,0.479219,0.636675,0.131543,0.75974,0.000931,0.003776,0.004396,0.001571,-0.014528,0.024837,0.238505,-2.2e-05,0.04252,-0.004068,0.572548,-0.608997,0.548917,0.407467,0.79234,0.454055,-0.711448,-0.036303,0.701799,0.000435,0.001774,0.002065,0.001589,-0.014496,0.02491,0.177699,0.119692,0.024067,-0.034024,0.682095,-0.639452,-0.354747,0.684591,0.728923,0.002383,0.25706,-0.244483,0.934958,-7.7e-05,0.00058,0.000636,-0.000111,-1e-05,0.000277,0.368365
95,0.236085,-0.060086,0.345768,-0.623568,0.665272,-0.410636,-0.740244,-0.671335,0.036331,-0.250735,0.325795,0.911601,-0.000108,0.000848,0.00093,0.0,-0.0,-1e-06,0.414091,-0.244483,-0.030572,0.312147,-0.652855,0.617104,0.439266,-0.411139,-0.775628,0.478853,0.637023,0.13125,0.759499,0.000485,0.001969,0.00229,0.0,-0.0,-0.0,0.179607,-1.7e-05,0.04257,-0.004017,0.572542,-0.608328,0.549664,0.406951,0.792867,0.453599,-0.711748,-0.036018,0.70151,0.000282,0.001151,0.001338,1.3e-05,3.4e-05,3.3e-05,0.096217,0.119663,0.024058,-0.033977,0.689407,-0.63136,-0.355107,0.675901,0.73699,0.001871,0.260529,-0.241307,0.934823,-6.5e-05,0.000495,0.000546,-0.000978,0.000474,0.000248,0.366732
96,0.236015,-0.060106,0.345815,-0.631519,0.657764,-0.410579,-0.732182,-0.680111,0.036488,-0.25446,0.322839,0.911621,-0.015584,-0.001048,0.00036,-0.000984,0.014715,-0.029553,0.41921,-0.244435,-0.03051,0.312202,-0.652855,0.617108,0.439259,-0.41116,-0.775627,0.478835,0.637009,0.131232,0.759513,0.000667,0.002706,0.003145,0.0,-0.0,-0.0,0.175309,6e-06,0.042598,-0.003993,0.572542,-0.608319,0.549674,0.406962,0.792875,0.453574,-0.711741,-0.035994,0.701518,0.000297,0.001213,0.001409,1e-05,1e-05,4.9e-05,0.071397,0.119634,0.024049,-0.033954,0.696649,-0.623165,-0.35545,0.667074,0.74499,0.001309,0.263992,-0.238023,0.934693,-5.4e-05,0.000416,0.000455,-0.001167,0.000519,0.000475,0.368201
97,0.235875,-0.060119,0.34586,-0.635603,0.653887,-0.41047,-0.728014,-0.684561,0.036664,-0.256233,0.321314,0.911663,-2.3e-05,0.000181,0.000198,0.0,-0.0,-0.0,0.423629,-0.244407,-0.03043,0.312359,-0.653355,0.618349,0.436765,-0.411704,-0.774268,0.480565,0.636144,0.133388,0.759863,0.000516,0.002096,0.002433,-0.0,-0.0,0.0,0.168228,2.1e-05,0.042641,-0.003911,0.573205,-0.609808,0.547328,0.407277,0.791629,0.455465,-0.711027,-0.03816,0.702127,0.000301,0.001231,0.001427,0.000196,0.00034,-0.000327,0.055721,0.119557,0.024043,-0.033931,0.700379,-0.618925,-0.355528,0.662513,0.749049,0.00114,0.265603,-0.23634,0.934664,-0.007762,-0.000756,-7.2e-05,-0.001295,0.014766,-0.028873,0.376202
98,0.235701,-0.060148,0.345891,-0.635894,0.653704,-0.410311,-0.727819,-0.684756,0.036886,-0.256065,0.32127,0.911726,-0.015538,-0.001396,-2.7e-05,-0.000984,0.014715,-0.029553,0.422428,-0.244407,-0.030534,0.31254,-0.653314,0.618126,0.437141,-0.411154,-0.774407,0.480812,0.636541,0.133616,0.75949,0.000183,0.000742,0.000861,0.0,0.0,0.0,0.149587,2.1e-05,0.04259,-0.003819,0.573141,-0.609551,0.547683,0.406715,0.791816,0.455642,-0.711401,-0.038396,0.701735,5.5e-05,-0.005099,0.004657,-0.035873,0.015297,-0.015805,0.030574,0.11947,0.024027,-0.033916,0.700633,-0.618724,-0.355377,0.662315,0.749223,0.001346,0.265424,-0.236314,0.934721,-0.007768,-0.00071,-2.4e-05,-0.001177,0.014707,-0.029093,0.378489
99,0.235463,-0.060143,0.345981,-0.636159,0.65354,-0.410161,-0.727651,-0.684922,0.037119,-0.255884,0.321251,0.911783,-0.015721,7.7e-05,0.001583,-0.000984,0.014715,-0.029553,0.426803,-0.244445,-0.030816,0.312752,-0.653254,0.617537,0.438063,-0.409981,-0.77482,0.481148,0.637361,0.133942,0.758745,-0.000234,-0.011622,0.007664,-0.035903,0.015257,-0.015802,0.11075,3e-06,0.042459,-0.003718,0.573031,-0.608903,0.548517,0.405595,0.792298,0.455802,-0.712128,-0.038713,0.700979,-0.007703,-0.005274,0.004489,-0.037945,0.030475,-0.045061,0.007713,0.119358,0.024028,-0.033873,0.700852,-0.618552,-0.355245,0.662156,0.749364,0.001556,0.265245,-0.236318,0.934771,-0.00014,0.001094,0.001201,-0.000134,-6e-06,0.000309,0.381918
100,0.235365,-0.060112,0.346024,-0.636194,0.653523,-0.410133,-0.727627,-0.684946,0.037137,-0.255864,0.321234,0.911795,-0.000227,0.001809,0.001982,0.0,0.0,0.0,0.426855,-0.244552,-0.030979,0.312866,-0.653225,0.617213,0.438561,-0.409331,-0.775045,0.481339,0.637808,0.134135,0.758335,-0.000303,-0.011897,0.007345,-0.035903,0.015254,-0.015804,0.054666,-5.1e-05,0.042372,-0.003659,0.57297,-0.608529,0.548996,0.404918,0.792575,0.455922,-0.712563,-0.038931,0.700527,-0.000196,-0.006112,0.003485,-0.035919,0.01528,-0.015832,-0.041437,0.119303,0.024043,-0.033852,0.700899,-0.61852,-0.355207,0.662118,0.749397,0.001581,0.265214,-0.236297,0.934785,-0.007911,0.000437,0.001226,-0.000391,0.003342,-0.002816,0.382244
101,0.235254,-0.060076,0.346074,-0.636232,0.653505,-0.410104,-0.727602,-0.684972,0.037156,-0.255842,0.321215,0.911807,-4.2e-05,0.000333,0.000365,0.0,0.0,0.0,0.433715,-0.24475,-0.031305,0.313123,-0.656877,0.614175,0.437371,-0.408573,-0.77736,0.47824,0.634537,0.134679,0.760978,-7.5e-05,-0.010961,0.008432,0.010785,-0.044213,-0.05338,-0.014793,-0.000151,0.042206,-0.003534,0.576971,-0.605772,0.547853,0.404756,0.794667,0.452411,-0.709419,-0.039282,0.70369,-3.7e-05,-0.005462,0.004243,0.00224,-0.042906,-0.05598,-0.157863,0.119247,0.024065,-0.033822,0.700929,-0.618502,-0.355178,0.662097,0.749416,0.001597,0.265188,-0.236282,0.934796,-1.8e-05,0.000135,0.000149,-6.8e-05,-7e-06,0.000181,0.389102
102,0.235198,-0.060095,0.346074,-0.636357,0.653426,-0.410036,-0.727516,-0.685058,0.037244,-0.255777,0.321192,0.911834,4.5e-05,-0.000361,-0.000395,0.0,0.0,0.0,0.433422,-0.244787,-0.031345,0.31333,-0.664224,0.609208,0.4332,-0.409217,-0.78119,0.471399,0.626421,0.13508,0.767602,0.000651,0.002634,0.003054,0.311444,-0.408806,-0.224106,-0.02623,-0.00017,0.042178,-0.003432,0.583179,-0.602513,0.544866,0.405875,0.797128,0.447048,-0.70368,-0.039561,0.709413,0.000272,0.001114,0.001293,-0.001224,-0.021104,-0.021751,-0.199665,0.119219,0.024055,-0.033823,0.701041,-0.618412,-0.355115,0.662006,0.749496,0.001679,0.265119,-0.236265,0.93482,3.9e-05,-0.000308,-0.000335,-5.1e-05,4e-06,0.000121,0.392205
103,0.235187,-0.060108,0.346061,-0.636409,0.653393,-0.410008,-0.727477,-0.685098,0.037271,-0.255757,0.321175,0.911845,0.000113,-0.000906,-0.000992,0.0,0.0,0.0,0.432699,-0.244782,-0.031363,0.313388,-0.66605,0.607911,0.432218,-0.409295,-0.782186,0.469677,0.624428,0.135163,0.76921,0.000239,-0.009692,0.009905,0.003106,-0.034416,-0.047156,-0.113311,-0.000167,0.042178,-0.003401,0.587244,-0.600237,0.543009,0.4066,0.798843,0.443311,-0.699871,-0.039543,0.713172,0.000185,0.000757,0.000877,-0.007173,-0.017437,-0.021091,-0.223343,0.119214,0.024049,-0.033829,0.701088,-0.618374,-0.355088,0.661965,0.749532,0.001702,0.265098,-0.23625,0.93483,7.7e-05,-0.000613,-0.000672,-4.1e-05,-7e-06,0.000103,0.392205
104,0.235129,-0.060116,0.346074,-0.640357,0.649555,-0.409958,-0.723347,-0.689454,0.037343,-0.257601,0.319642,0.911865,-5.6e-05,0.000446,0.000488,0.0,-0.0,-0.0,0.433872,-0.244913,-0.031507,0.313571,-0.673318,0.60271,0.428223,-0.409526,-0.786143,0.462819,0.616431,0.135502,0.775574,-0.000172,-0.000694,-0.000805,0.044299,-0.056398,-0.035558,-0.591993,-0.000231,0.042106,-0.003302,0.595159,-0.59571,0.539365,0.407614,0.802213,0.436238,-0.692557,-0.039778,0.720264,-0.007699,-0.005226,0.004544,-0.03649,0.003944,-0.071506,-0.481995,0.119185,0.024042,-0.033826,0.704681,-0.614189,-0.355239,0.65745,0.753496,0.001419,0.2668,-0.234552,0.934773,-3.8e-05,0.000301,0.000332,-0.000124,9e-06,0.000191,0.392205
105,0.235059,-0.060122,0.346059,-0.64036,0.649559,-0.409947,-0.723341,-0.689461,0.037319,-0.257611,0.319617,0.911871,7.7e-05,-0.000617,-0.000676,0.0,0.0,0.0,0.435664,-0.24501,-0.031835,0.313619,-0.675112,0.600823,0.428051,-0.408623,-0.787551,0.461221,0.615066,0.135713,0.77662,-0.00102,-0.004113,-0.004773,-0.009162,0.09712,-0.173339,-0.944184,-0.000279,0.041945,-0.003274,0.596873,-0.59408,0.539267,0.406773,0.803401,0.434835,-0.691575,-0.040182,0.721185,0.006853,-0.008841,0.000294,-0.049158,0.025745,-0.006822,-0.776734,0.11915,0.024042,-0.033831,0.70468,-0.614197,-0.355228,0.657449,0.753497,0.001396,0.266806,-0.234528,0.934778,5.2e-05,-0.000417,-0.000454,-5.6e-05,1e-06,0.000142,0.393838
106,0.234979,-0.060143,0.346058,-0.640522,0.649456,-0.409858,-0.723226,-0.689575,0.037427,-0.25753,0.319581,0.911906,1e-06,-8e-06,-9e-06,0.0,0.0,0.0,0.433329,-0.24527,-0.032319,0.313518,-0.681141,0.589332,0.434426,-0.396542,-0.795641,0.457869,0.616334,0.138868,0.775055,-0.001913,-0.018318,-0.000127,-0.037499,0.029616,-0.040744,-1.378592,-0.000409,0.041707,-0.003327,0.60278,-0.58235,0.545456,0.395434,0.811782,0.429699,-0.693027,-0.043322,0.719608,-0.008495,-0.003046,-0.003517,-0.006369,0.027346,-0.048301,-0.996034,0.11911,0.024029,-0.033833,0.704826,-0.614078,-0.355143,0.657327,0.753603,0.001494,0.26672,-0.234498,0.93481,-1e-06,5e-06,7e-06,-4.5e-05,-1.1e-05,8.7e-05,0.394164
107,0.234933,-0.060148,0.346057,-0.640597,0.649409,-0.409815,-0.72317,-0.689632,0.037466,-0.2575,0.319555,0.911924,0.0,-0.0,-0.0,0.0,0.0,0.0,0.432724,-0.245465,-0.032512,0.313517,-0.685878,0.576289,0.444357,-0.384398,-0.805288,0.451312,0.618778,0.138015,0.773259,-0.016056,-0.012936,0.006177,0.278857,0.599021,-0.558917,-1.401826,-0.000509,0.041595,-0.003338,0.607311,-0.5688,0.554651,0.384499,0.821371,0.421319,-0.695221,-0.042609,0.717531,-0.008013,-0.006393,0.003184,0.305535,0.651901,-0.607092,-0.960273,0.119087,0.024027,-0.033833,0.704895,-0.614023,-0.355102,0.657267,0.753656,0.001528,0.266687,-0.234474,0.934825,-2e-06,7e-06,8e-06,-4.6e-05,-2.2e-05,6.4e-05,0.393511
