frame,MLTx,MLTy,MLTz,MLTR1,MLTR2,MLTR3,MLTR4,MLTR5,MLTR6,MLTR7,MLTR8,MLTR9,MLTTVx,MLTTVy,MLTTVz,MLTRVx,MLTRVy,MLTRVz,MLGA,MRTx,MRTy,MRTz,MRTR1,MRTR2,MRTR3,MRTR4,MRTR5,MRTR6,MRTR7,MRTR8,MRTR9,MRTTVx,MRTTVy,MRTTVz,MRTRVx,MRTRVy,MRTRVz,MRGA,SLTx,SLTy,SLTz,SLTR1,SLTR2,SLTR3,SLTR4,SLTR5,SLTR6,SLTR7,SLTR8,SLTR9,SLTTVx,SLTTVy,SLTTVz,SLTRVx,SLTRVy,SLTRVz,SLGA,SRTx,SRTy,SRTz,SRTR1,SRTR2,SRTR3,SRTR4,SRTR5,SRTR6,SRTR7,SRTR8,SRTR9,SRTTVx,SRTTVy,SRTTVz,SRTRVx,SRTRVy,SRTRVz,SRGA
968,0.070607,-0.001619,0.445062,-0.442821,0.29403,-0.847054,-0.254262,-0.947075,-0.195889,-0.859275,0.128258,0.4952,-0.001082,-0.00302,-0.001576,-0.318078,0.842934,0.747327,-1.915087,-0.078247,-0.016348,0.431356,-0.403953,-0.138846,0.904176,-0.807123,0.519308,-0.280721,-0.43003,-0.842987,-0.322972,0.003176,-0.017916,0.021013,0.140354,-0.953216,-0.549656,-0.002437,0.040227,0.036576,0.006325,0.349903,0.16545,0.922059,0.846521,-0.477392,-0.235577,0.401208,0.862972,-0.307098,0.001575,-0.008964,0.010504,0.280766,-1.027239,-0.613806,-0.387286,0.08105,0.029912,-0.039846,-0.486161,0.259966,-0.834304,-0.166454,-0.964793,-0.20363,-0.857869,0.039876,0.512317,-0.000632,-0.00177,-0.000922,-1.285752,0.862232,1.618403,-0.768628
969,0.070716,-0.001776,0.444999,-0.46357,0.325754,-0.824034,-0.286126,-0.935154,-0.208782,-0.838039,0.138581,0.527743,-0.000567,-0.001586,-0.000828,-0.036784,0.628046,0.698961,-1.915202,-0.078652,-0.016789,0.431549,-0.407746,-0.063465,0.910882,-0.765602,0.567403,-0.303054,-0.497058,-0.820846,-0.281085,-0.024691,-0.009737,-0.003577,0.257966,-1.015604,-0.834561,0.106841,0.040036,0.036365,0.006426,0.35752,0.090268,0.929532,0.806732,-0.53128,-0.258696,0.47049,0.842373,-0.262766,-0.012424,-0.004648,-0.001646,0.884698,-1.587721,-1.091917,-0.315112,0.0811,0.029834,-0.039877,-0.509763,0.288651,-0.810445,-0.199268,-0.956031,-0.215166,-0.836919,0.051811,0.544868,-0.000374,-0.001055,-0.000549,-1.278542,0.731322,1.629385,-0.777935
970,0.070922,-0.001848,0.444887,-0.47724,0.360861,-0.801291,-0.325663,-0.919474,-0.22019,-0.815636,0.155412,0.557327,-0.000631,-0.001767,-0.000924,0.047786,1.053135,0.68494,-1.914751,-0.079392,-0.017117,0.431387,-0.408486,-0.000891,0.912759,-0.740335,0.585256,-0.330625,-0.533356,-0.810787,-0.240871,-0.024389,-0.01094,-0.004311,0.221985,-1.158579,-0.839525,0.158837,0.039662,0.036199,0.006343,0.361588,0.026058,0.931973,0.781441,-0.553692,-0.287704,0.508529,0.832313,-0.220571,-0.01206,-0.005991,-0.002459,0.358402,-1.323727,-0.935903,-0.059399,0.081208,0.029799,-0.039932,-0.524641,0.322133,-0.788023,-0.240814,-0.943995,-0.225566,-0.816553,0.071425,0.572833,0.005826,-0.002623,-0.001532,-0.087499,0.602837,0.387048,-0.791325
971,0.071023,-0.001825,0.444781,-0.483947,0.371771,-0.792229,-0.337225,-0.914557,-0.223243,-0.806937,0.158653,0.568954,0.012711,0.004972,-0.013006,0.097649,0.573945,0.651293,-1.915199,-0.079942,-0.017297,0.43121,-0.410283,0.031686,0.911403,-0.720732,0.601084,-0.34522,-0.558218,-0.79854,-0.224918,-0.036964,-0.015074,-0.005661,1.6563,-1.354061,-1.160817,0.19234,0.039392,0.036111,0.006256,0.364513,-0.007567,0.931167,0.763155,-0.570573,-0.30338,0.533595,0.821211,-0.202207,-0.012968,-0.001743,-0.007855,5.299732,-2.857411,-2.211085,0.009673,0.081253,0.029806,-0.039982,-0.533553,0.332787,-0.777543,-0.253025,-0.940037,-0.228707,-0.807031,0.07471,0.585764,-6.1e-05,-0.000195,-0.000104,0.075076,0.82009,0.685062,-0.799163
972,0.071225,-0.00167,0.444525,-0.496246,0.390107,-0.77563,-0.360459,-0.905275,-0.22476,-0.789228,0.167555,0.590824,0.012932,0.005602,-0.012674,-0.45025,0.943857,-0.109859,-1.915126,-0.08143,-0.017623,0.430695,-0.413542,0.080225,0.906939,-0.691069,0.620907,-0.369907,-0.592246,-0.779818,-0.202466,-0.036865,-0.015632,-0.006013,0.081637,-0.417943,-0.675627,0.216362,0.038667,0.035951,0.006004,0.369666,-0.056988,0.927414,0.733279,-0.59511,-0.328853,0.570654,0.80162,-0.178204,-0.019296,-0.002983,-0.008021,0.281296,-0.718661,-0.917298,0.084623,0.081355,0.029885,-0.040109,-0.545741,0.349809,-0.761445,-0.276722,-0.932952,-0.230268,-0.790942,0.085042,0.605951,7.6e-05,0.000142,5.5e-05,-1.686428,0.784586,-1.58342,-0.802429
973,0.071429,-0.001495,0.444187,-0.504227,0.40186,-0.764401,-0.374801,-0.899228,-0.225578,-0.7774,0.172249,0.604985,-4.8e-05,-0.000135,-7e-05,-0.109873,0.186527,0.351067,-1.915329,-0.083159,-0.018138,0.430102,-0.407156,0.112025,0.906457,-0.665655,0.643182,-0.378356,-0.624856,-0.757567,-0.188441,-0.037245,-0.011488,-0.019469,0.13537,-0.441394,-0.377834,0.218514,0.037782,0.035693,0.005709,0.36519,-0.089237,0.926645,0.708095,-0.619569,-0.338725,0.604348,0.779852,-0.163073,-0.02498,-0.007509,-0.010202,0.233161,-0.71092,-0.333349,0.104055,0.081462,0.029975,-0.040282,-0.556723,0.360909,-0.7482,-0.291891,-0.928244,-0.230566,-0.777726,0.090031,0.622121,0.000253,0.004303,-0.005387,-0.38664,0.149146,0.353131,-0.816145
974,0.071382,-0.001157,0.44385,-0.515572,0.41236,-0.751126,-0.384182,-0.894754,-0.227579,-0.765281,0.170716,0.620667,0.000605,0.008911,-0.010609,0.04071,0.559455,0.201704,-1.914999,-0.084909,-0.018854,0.429343,-0.395456,0.134982,0.908507,-0.643742,0.664827,-0.37886,-0.654606,-0.734826,-0.177154,-0.036249,-0.015897,-0.022207,0.106016,-0.283175,-0.198616,0.215778,0.036907,0.035337,0.00533,0.354025,-0.113677,0.928301,0.686469,-0.64252,-0.340479,0.635157,0.757789,-0.149433,-0.02364,-0.014526,-0.006524,0.175247,-0.371443,-0.327939,0.105688,0.081438,0.030138,-0.040443,-0.566888,0.369386,-0.736336,-0.30146,-0.924855,-0.23187,-0.766654,0.090531,0.635644,4.3e-05,0.000105,5.6e-05,0.005014,0.025477,0.007008,-0.814512
975,0.071355,-0.001035,0.443732,-0.517088,0.417387,-0.747297,-0.389725,-0.892078,-0.228655,-0.761448,0.172481,0.62488,2.1e-05,6e-05,3.2e-05,0.002576,0.257989,0.083193,-1.915405,-0.085676,-0.019269,0.428938,-0.386623,0.147959,0.910287,-0.630962,0.677462,-0.377976,-0.672087,-0.720668,-0.169707,-0.034424,-0.026362,-0.012662,0.037744,-0.331605,-0.2648,0.220896,0.036523,0.035132,0.005124,0.345675,-0.126776,0.92975,0.674042,-0.655781,-0.340024,0.65282,0.744229,-0.141235,-0.017892,-0.00895,-0.011702,0.073462,-0.452554,-0.25541,0.106178,0.081425,0.030206,-0.04051,-0.570151,0.375042,-0.730938,-0.307596,-0.922453,-0.233376,-0.761782,0.091774,0.641299,0.000289,0.004396,-0.005332,0.024319,0.333609,-0.079361,-0.808471
976,0.071259,-0.00089,0.443593,-0.521245,0.429514,-0.737473,-0.401851,-0.885823,-0.231959,-0.752258,0.174907,0.63525,-0.000524,-0.00147,-0.000768,0.001841,0.168556,0.054388,-1.915333,-0.087068,-0.019986,0.427951,-0.368436,0.169718,0.914025,-0.623442,0.684247,-0.378231,-0.689113,-0.709401,-0.147438,-0.035623,-0.01934,-0.024435,0.090356,-0.501517,-0.500749,0.237119,0.035828,0.034768,0.004633,0.328053,-0.149023,0.93283,0.666981,-0.66275,-0.340437,0.668966,0.733862,-0.118022,-0.017769,-0.00978,-0.012257,0.092428,-0.737132,-0.37187,0.125936,0.081378,0.030282,-0.040577,-0.575501,0.386777,-0.720556,-0.32041,-0.917289,-0.23647,-0.752419,0.094784,0.651828,-0.006471,0.000765,0.000568,0.000654,0.153649,-0.017099,-0.815002
977,0.071073,-0.000923,0.443569,-0.528624,0.444329,-0.723308,-0.415167,-0.878501,-0.236315,-0.739776,0.174813,0.649768,-0.001213,-0.003398,-0.001777,0.003895,0.533831,0.142053,-1.915214,-0.088101,-0.020732,0.426948,-0.3446,0.2054,0.915999,-0.612623,0.690161,-0.385103,-0.710817,-0.694118,-0.113146,-0.022147,-0.019062,-0.025552,0.157819,-1.205765,-0.457873,0.236011,0.035314,0.034407,0.004138,0.306852,-0.1833,0.933938,0.657214,-0.668956,-0.347226,0.688411,0.720345,-0.084803,-0.011115,-0.009296,-0.012606,0.118102,-1.031394,-0.147814,0.132467,0.081286,0.030267,-0.040589,-0.583132,0.40019,-0.706968,-0.334252,-0.911363,-0.240189,-0.740427,0.096244,0.66521,-0.006586,0.00045,0.000402,0.005978,0.733108,0.203855,-0.821207
978,0.07098,-0.001006,0.443573,-0.533065,0.452306,-0.715057,-0.422066,-0.874577,-0.238639,-0.732653,0.174023,0.658,-0.001604,-0.004491,-0.002351,0.013719,0.804774,0.447596,-1.915421,-0.088447,-0.021127,0.426476,-0.331555,0.227476,0.915597,-0.604268,0.69412,-0.391142,-0.724055,-0.683229,-0.093832,-0.008768,-0.017938,-0.026111,0.174219,-1.383433,-0.50333,0.239458,0.035128,0.034199,0.003897,0.294615,-0.206269,0.933088,0.649261,-0.673249,-0.353828,0.701185,0.710062,-0.064427,-0.010762,-0.010898,-0.01364,0.137822,-0.966033,-0.443976,0.133774,0.081239,0.030226,-0.040586,-0.587178,0.406823,-0.699797,-0.341146,-0.90837,-0.24183,-0.734057,0.096736,0.672161,-0.000671,-0.001885,-0.000983,-0.027096,0.296237,0.126614,-0.822024
979,0.070809,-0.001312,0.443529,-0.538938,0.471185,-0.698266,-0.440821,-0.864084,-0.242918,-0.717155,0.176301,0.674265,-0.002588,-0.007237,-0.003799,0.008133,0.609482,0.196364,-1.915125,-0.089056,-0.021936,0.425268,-0.307401,0.273326,0.911476,-0.590109,0.696701,-0.407814,-0.746069,-0.663571,-0.05402,-0.009334,-0.013243,-0.039436,0.181733,-1.246135,-0.886073,0.249915,0.034824,0.033793,0.003299,0.271909,-0.253519,0.928328,0.635928,-0.676688,-0.371063,0.72226,0.691246,-0.022778,-0.010465,-0.012405,-0.014671,0.135639,-0.839326,-0.611849,0.145694,0.081154,0.030074,-0.040608,-0.595514,0.425693,-0.681284,-0.361333,-0.899368,-0.246118,-0.717496,0.099604,0.689403,-0.007756,-0.002794,-0.001303,0.007015,0.837074,0.206882,-0.823167
980,0.07056,-0.001669,0.443472,-0.544724,0.495334,-0.676731,-0.465017,-0.849885,-0.247844,-0.697238,0.179063,0.694135,-0.002689,-0.007504,-0.003953,0.000169,1.050357,0.129568,-1.915536,-0.089316,-0.022706,0.424034,-0.275727,0.315519,0.907972,-0.583868,0.69542,-0.418836,-0.763189,-0.646011,-0.008666,-0.008203,-0.020968,-0.028344,0.078835,-1.135556,-0.587963,0.259388,0.034694,0.033405,0.002674,0.241438,-0.298247,0.923448,0.629832,-0.675778,-0.382928,0.738253,0.67407,0.024687,-0.003916,-0.011205,-0.014623,-0.026572,-1.727663,0.078655,0.159084,0.081029,0.029892,-0.040639,-0.602107,0.448446,-0.660577,-0.386679,-0.887642,-0.250141,-0.698531,0.10482,0.70786,-0.007781,-0.002841,-0.001333,0.006086,0.473787,0.085343,-0.829209
981,0.070254,-0.002024,0.44337,-0.550967,0.520468,-0.652375,-0.489028,-0.834744,-0.253033,-0.675583,0.178963,0.715253,-0.015786,-0.006218,-0.002979,0.012547,0.891143,0.221861,-1.915448,-0.089485,-0.023452,0.422895,-0.248296,0.360025,0.89929,-0.57796,0.689985,-0.43568,-0.777003,-0.628379,0.035627,-0.010048,-0.010727,-0.038161,0.119183,-1.072764,-1.041115,0.270497,0.03461,0.033032,0.002117,0.216486,-0.341671,0.914545,0.624743,-0.671363,-0.398705,0.750218,0.657671,0.068116,-0.004993,-0.005451,-0.01913,0.10359,-1.01119,-0.809959,0.17476,0.080882,0.02972,-0.040687,-0.610456,0.472651,-0.635565,-0.412156,-0.874793,-0.254684,-0.676365,0.106479,0.728829,-0.007887,-0.003114,-0.001489,0.01985,1.198319,0.318927,-0.828392
982,0.070092,-0.002198,0.443291,-0.554557,0.533312,-0.638819,-0.500857,-0.826904,-0.255623,-0.663885,0.177531,0.726475,-0.003938,-0.010946,-0.0058,0.014532,0.851567,0.243369,-1.914933,-0.089623,-0.023705,0.422252,-0.236277,0.378999,0.89472,-0.571862,0.690233,-0.443268,-0.785229,-0.616863,0.052522,0.004458,-0.016375,-0.026886,1.55096,-1.77388,-0.674033,0.267837,0.034536,0.032902,0.001782,0.205853,-0.362131,0.909112,0.619766,-0.670697,-0.407497,0.757306,0.647322,0.086371,-0.00498,-0.005876,-0.019501,5.061316,-2.840626,-0.48132,0.178516,0.080796,0.029632,-0.040726,-0.615693,0.485407,-0.620726,-0.424952,-0.867908,-0.257196,-0.663578,0.105425,0.74064,-0.002053,-0.00572,-0.003026,0.003698,1.183144,0.143254,-0.829535
983,0.069758,-0.002562,0.443045,-0.560341,0.556473,-0.613515,-0.522818,-0.812079,-0.259156,-0.641745,0.174843,0.74674,-0.004165,-0.011544,-0.006146,-1.019539,0.235916,1.213186,-1.915054,-0.089677,-0.024196,0.420973,-0.198112,0.414869,0.888046,-0.543024,0.707836,-0.451693,-0.815699,-0.572236,0.083934,0.004157,-0.015124,-0.026217,1.449219,-1.366979,-0.258598,0.248417,0.034511,0.032649,0.001131,0.167889,-0.401776,0.900216,0.590706,-0.69008,-0.418156,0.789226,0.601968,0.121474,0.002082,-0.007528,-0.01309,1.474922,-1.338428,-0.240192,0.160554,0.080628,0.029448,-0.04085,-0.624319,0.506909,-0.594362,-0.44696,-0.855813,-0.260403,-0.640664,0.103082,0.760869,-0.001947,-0.001618,-0.00859,-3.351121,-0.661714,4.15909,-0.825289
984,0.069576,-0.002875,0.442776,-0.567158,0.567248,-0.597166,-0.532446,-0.805633,-0.25967,-0.627695,0.169973,0.759695,-0.002938,-0.000926,-0.015865,0.024547,0.266735,-0.131257,-1.91544,-0.089608,-0.024714,0.419856,-0.176582,0.440783,0.880069,-0.539353,0.704633,-0.461004,-0.823068,-0.556626,0.112203,0.003854,-0.01383,-0.0255,0.021855,-0.66819,-0.666614,0.257463,0.034548,0.032399,0.000597,0.148579,-0.426046,0.892417,0.587172,-0.688126,-0.426275,0.795708,0.587338,0.147922,0.001886,-0.006652,-0.012572,0.042055,-0.318258,-0.33347,0.160227,0.080536,0.029285,-0.040983,-0.631254,0.518088,-0.57715,-0.458785,-0.849436,-0.260716,-0.625327,0.10021,0.773901,-0.001725,-0.004792,-0.002557,0.005476,0.168994,0.020498,-0.830025
985,0.069563,-0.003006,0.442601,-0.566453,0.575254,-0.590135,-0.54157,-0.799541,-0.259633,-0.620494,0.171808,0.765178,-0.003248,-0.008988,-0.004814,-0.006058,0.392343,-0.112647,-1.915361,-0.089722,-0.024841,0.419186,-0.176589,0.447203,0.876822,-0.538115,0.702075,-0.466321,-0.823876,-0.55474,0.115563,-0.010995,-0.007202,-0.03624,-0.009298,-0.129369,-0.047102,0.258457,0.034493,0.03233,0.000252,0.147651,-0.435396,0.888047,0.585641,-0.685067,-0.43325,0.797008,0.584048,0.153835,-0.006141,0.000557,-0.023557,-0.134962,-0.1838,0.432862,0.163983,0.080528,0.029219,-0.041076,-0.630968,0.525702,-0.57054,-0.468234,-0.844415,-0.260227,-0.618575,0.102951,0.778951,-0.001595,-0.004437,-0.002376,-0.005638,0.371652,-0.12135,-0.833781
986,0.069528,-0.003093,0.44223,-0.561235,0.594404,-0.575972,-0.563897,-0.783945,-0.259657,-0.60518,0.178315,0.775879,-0.002194,-0.006071,-0.003261,-0.960792,-0.088579,1.157615,-1.915437,-0.08988,-0.024785,0.417311,-0.171028,0.462237,0.870103,-0.528947,0.702017,-0.476781,-0.83096,-0.542361,0.123337,0.001301,0.002277,-0.047797,0.527912,-0.664885,-0.09852,0.221006,0.034408,0.032354,-0.000657,0.145539,-0.448048,0.882083,0.57844,-0.684777,-0.443267,0.802636,0.574745,0.159507,0.000674,0.000922,-0.024111,4.919142,-3.099949,0.29804,0.14847,0.080511,0.029174,-0.041256,-0.630301,0.541728,-0.556103,-0.487217,-0.833701,-0.259926,-0.604433,0.107111,0.789422,-0.000816,0.001322,-0.006982,0.03415,0.404281,-0.089335,-0.837863
987,0.06968,-0.002929,0.441528,-0.561061,0.616882,-0.552008,-0.587161,-0.766571,-0.259967,-0.582831,0.177488,0.792991,-0.000601,0.01275,-0.023925,0.071795,0.517328,0.001256,-1.915411,-0.089975,-0.02451,0.415309,-0.16155,0.471763,0.866795,-0.524745,0.702842,-0.480198,-0.835519,-0.533015,0.132918,-0.013953,0.01047,-0.057507,0.133843,-0.574259,0.01825,0.197932,0.034367,0.032489,-0.001678,0.135735,-0.458746,0.878138,0.573417,-0.686425,-0.447228,0.80794,0.564244,0.169881,0.000485,0.001956,-0.0234,0.036199,-0.754764,-0.289572,0.102912,0.080586,0.029245,-0.041596,-0.628434,0.567538,-0.531949,-0.517119,-0.815679,-0.259336,-0.581083,0.112106,0.806085,0.005911,0.004684,-0.01301,0.004633,0.70645,0.091377,-0.842925
988,0.06978,-0.002275,0.440401,-0.569173,0.636932,-0.520006,-0.608508,-0.75157,-0.254624,-0.552297,0.170706,0.816,0.000215,0.022209,-0.034199,0.089275,0.981302,-0.231877,-1.915207,-0.090364,-0.023733,0.412799,-0.144652,0.479146,0.865728,-0.522411,0.706102,-0.477955,-0.840084,-0.522006,0.147079,-0.00427,0.033999,-0.075985,0.199079,-0.61657,-0.128471,0.191526,0.034169,0.032867,-0.002927,0.119292,-0.466555,0.87641,0.571298,-0.689686,-0.444915,0.812026,0.553767,0.184268,-0.008028,0.011135,-0.033028,0.099831,-0.876618,-0.29909,0.087073,0.080636,0.029567,-0.042151,-0.637035,0.585881,-0.500927,-0.539488,-0.803035,-0.253151,-0.550579,0.108978,0.827638,0.000212,0.011327,-0.016981,-0.12633,1.098282,0.246754,-0.846354
989,0.06977,-0.001775,0.439655,-0.571859,0.646498,-0.505037,-0.618716,-0.744076,-0.252017,-0.53801,0.167547,0.826136,0.000522,0.030251,-0.045228,0.153751,1.025848,-0.222233,-1.915163,-0.090614,-0.023121,0.411363,-0.135667,0.485634,0.863565,-0.519964,0.707074,-0.479184,-0.843105,-0.514644,0.155495,-0.017848,0.032315,-0.075751,0.189889,-0.6002,-0.370158,0.168096,0.034056,0.033163,-0.003617,0.110981,-0.472825,0.874138,0.56918,-0.690791,-0.445915,0.814687,0.547032,0.192457,-0.002249,0.017614,-0.037563,0.201427,-0.928507,-0.239571,0.075479,0.080631,0.029813,-0.042514,-0.640006,0.594967,-0.486216,-0.550424,-0.796525,-0.250161,-0.536121,0.10752,0.837265,8e-06,0.010759,-0.017274,0.024825,0.613359,-0.255378,-0.844068
990,0.069774,-0.000695,0.437942,-0.57202,0.663431,-0.482387,-0.638303,-0.729319,-0.246242,-0.514474,0.166224,0.841257,-7.4e-05,0.028574,-0.046076,-2.522575,-0.534303,4.143513,-1.914896,-0.091486,-0.021594,0.408395,-0.107663,0.498167,0.860366,-0.518942,0.710023,-0.475921,-0.847795,-0.498347,0.18099,-0.034105,0.04486,-0.082265,-0.760795,-1.452474,2.081973,0.150521,0.03362,0.033929,-0.00513,0.084931,-0.488978,0.868151,0.567126,-0.692668,-0.44562,0.819239,0.530199,0.218483,-0.016991,0.022312,-0.041196,0.191901,-0.736614,-0.667165,0.029268,0.080634,0.030367,-0.043386,-0.645471,0.608108,-0.462137,-0.566607,-0.786979,-0.24417,-0.512175,0.104245,0.852531,3.5e-05,0.014402,-0.022974,0.170731,1.024758,-0.40908,-0.842435
991,0.06975,0.00042,0.436124,-0.578022,0.673021,-0.461495,-0.649848,-0.721632,-0.238571,-0.49288,0.16116,0.855057,-0.00058,0.027145,-0.046792,0.147052,0.711952,-0.538033,-1.914937,-0.092822,-0.019554,0.405013,-0.084057,0.512756,0.854405,-0.51658,0.710832,-0.47728,-0.851923,-0.482135,0.204049,-0.036401,0.05768,-0.089866,0.254343,-0.369737,-0.251528,0.148548,0.032952,0.034945,-0.006817,0.059226,-0.503962,0.861692,0.565905,-0.694147,-0.44487,0.822339,0.513984,0.244083,-0.018168,0.028881,-0.044881,0.26181,-0.341676,-0.446329,0.029594,0.080623,0.030927,-0.044294,-0.648389,0.620689,-0.440834,-0.583387,-0.777116,-0.236111,-0.489132,0.104085,0.865976,-0.000255,0.013578,-0.02339,0.164722,0.862342,-0.480724,-0.857131
992,0.069712,0.000848,0.435273,-0.575948,0.681912,-0.450916,-0.659622,-0.713409,-0.236467,-0.482228,0.160389,0.861254,-0.002308,0.015172,-0.0379,-0.602881,0.515833,0.900394,-1.914809,-0.093543,-0.018368,0.40328,-0.069255,0.521106,0.850673,-0.516471,0.710854,-0.477367,-0.853338,-0.473065,0.21883,-0.037251,0.061634,-0.08705,0.143471,-0.880591,-0.174762,0.126736,0.032593,0.035534,-0.007687,0.046502,-0.511268,0.858162,0.565656,-0.694603,-0.444476,0.823328,0.506094,0.256901,-0.018483,0.030385,-0.0438,-0.111073,-1.104065,0.149257,0.011959,0.080605,0.031155,-0.044736,-0.647516,0.628704,-0.430643,-0.593003,-0.770627,-0.233411,-0.478612,0.104235,0.871817,-0.001167,0.00745,-0.01902,-0.59572,0.634095,0.952168,-0.860724
993,0.069725,0.00124,0.433926,-0.573507,0.698013,-0.42885,-0.677455,-0.698377,-0.230859,-0.459935,0.157254,0.873932,0.008314,-0.007442,-0.019719,0.046112,0.747339,-0.547146,-1.914773,-0.095296,-0.015842,0.399954,-0.04009,0.531101,0.846354,-0.520309,0.712071,-0.471346,-0.852909,-0.459933,0.246719,-0.051983,0.066081,-0.082404,-0.133611,-0.808555,-0.055676,0.124486,0.031703,0.036818,-0.009384,0.017343,-0.523099,0.852094,0.569071,-0.695558,-0.438584,0.822105,0.492509,0.285617,-0.026015,0.033359,-0.040951,-0.18972,-0.921543,-0.048906,-0.010575,0.080607,0.03135,-0.045403,-0.64566,0.645747,-0.407594,-0.612951,-0.756597,-0.227707,-0.455425,0.102814,0.884316,-0.001509,0.002942,-0.013785,0.074263,0.755024,-0.217694,-0.858274
994,0.069864,0.001063,0.433083,-0.572893,0.717661,-0.395982,-0.693621,-0.681823,-0.232333,-0.43602,0.140662,0.888891,0.007483,-0.009796,-0.02105,0.154578,1.036465,-0.269845,-1.914467,-0.097553,-0.013226,0.396846,-0.01688,0.53801,0.842764,-0.526171,0.711985,-0.464926,-0.850112,-0.451965,0.269999,-0.066147,0.068843,-0.078942,-0.142906,-0.379511,0.064577,0.130217,0.030574,0.038128,-0.010937,-0.006235,-0.53185,0.846815,0.574598,-0.694976,-0.432255,0.818411,0.483883,0.309933,-0.03309,0.034724,-0.039221,-0.153545,-0.337146,0.147378,-0.007636,0.080678,0.031264,-0.045823,-0.646083,0.664541,-0.375445,-0.630434,-0.741909,-0.228305,-0.430265,0.089189,0.898284,-0.002387,-0.003063,-0.009398,0.20547,1.347401,-0.140703,-0.851742
995,0.069888,0.000492,0.432427,-0.571761,0.734807,-0.364956,-0.708255,-0.666532,-0.232555,-0.413434,0.124597,0.901984,0.005796,-0.021733,-0.012272,-1.922787,-0.460547,4.611926,-1.914461,-0.100087,-0.01068,0.394231,0.014109,0.545719,0.837844,-0.537609,0.710679,-0.453702,-0.843013,-0.444721,0.302348,-0.077538,0.055013,-0.054083,-0.003857,-0.515649,-0.609871,0.127885,0.029336,0.039378,-0.012227,-0.036185,-0.539397,0.841273,0.585504,-0.69365,-0.419562,0.80986,0.477387,0.340919,-0.032986,0.033957,-0.031458,-0.300687,-1.044279,0.058885,-0.008126,0.08069,0.030982,-0.046156,-0.650146,0.677871,-0.34322,-0.642237,-0.731658,-0.228489,-0.406006,0.071878,0.911038,0.002864,-0.01099,-0.006201,0.1259,0.956802,-0.291251,-0.849783
996,0.069956,-1.6e-05,0.432233,-0.575279,0.740345,-0.347835,-0.711818,-0.662544,-0.233071,-0.4023,0.112588,0.908573,0.004276,-0.033203,-0.003222,0.124244,1.07919,-0.313065,-1.914413,-0.101502,-0.009507,0.393175,0.035027,0.548851,0.835181,-0.547355,0.709775,-0.443345,-0.836129,-0.442305,0.324218,-0.077866,0.057772,-0.052181,-1.26881,-1.461326,1.451656,0.128153,0.028629,0.039965,-0.012754,-0.054397,-0.543948,0.837353,0.593688,-0.691887,-0.410884,0.802854,0.474776,0.360572,-0.039036,0.029497,-0.025632,-0.035839,-0.737736,-0.929973,-0.008452,0.080726,0.030734,-0.046254,-0.649569,0.686236,-0.32732,-0.650343,-0.724508,-0.228341,-0.393842,0.064547,0.916908,0.002394,-0.012325,-0.006967,0.183974,1.061014,-0.11757,-0.853702
997,0.070194,-0.001125,0.431918,-0.573857,0.757842,-0.310497,-0.726059,-0.646111,-0.235266,-0.378203,0.089482,0.921402,0.005383,-0.023093,-0.013167,0.245811,1.301248,-0.220712,-1.91458,-0.104534,-0.007196,0.391464,0.070384,0.561536,0.824448,-0.567003,0.702547,-0.429963,-0.820706,-0.437912,0.366793,-0.077434,0.056436,-0.036779,-0.437775,-0.912139,-0.175441,0.126926,0.027084,0.041141,-0.01363,-0.091085,-0.558094,0.824762,0.613422,-0.68387,-0.395011,0.784484,0.469948,0.404638,-0.038761,0.028566,-0.018104,-0.476589,-0.982231,-0.157792,-0.009269,0.080842,0.03017,-0.046412,-0.649018,0.703218,-0.290274,-0.66607,-0.709599,-0.22982,-0.367592,0.044186,0.928936,0.002349,-0.016114,-0.001384,0.061378,0.865638,-0.598032,-0.86203
998,0.069929,-0.001911,0.431581,-0.568646,0.777037,-0.270001,-0.745807,-0.625415,-0.229345,-0.346372,0.069981,0.935498,-0.018622,-0.013578,-0.007488,0.142236,1.18621,0.203569,-1.914365,-0.107214,-0.005192,0.390589,0.111043,0.584161,0.804,-0.593792,0.687751,-0.417545,-0.79697,-0.431782,0.422216,-0.060513,0.03647,-0.00288,-1.774251,-1.874061,0.924923,0.12868,0.025768,0.04213,-0.014066,-0.127231,-0.581537,0.803508,0.63772,-0.66842,-0.382788,0.759687,0.463711,0.455902,-0.037582,0.021992,-0.006355,-0.253463,-0.971897,-0.834689,-0.009922,0.080717,0.029769,-0.046585,-0.645216,0.722007,-0.249801,-0.687243,-0.691328,-0.223072,-0.333755,0.027745,0.942251,-0.003245,-0.009028,-0.005099,-0.339166,0.4756,0.956158,-0.863173
999,0.069733,-0.002182,0.431393,-0.569663,0.780791,-0.2567,-0.750175,-0.621482,-0.225764,-0.335106,0.062984,0.940087,-0.005384,-0.014908,-0.008459,0.0643,0.681219,-0.596451,-1.914821,-0.108552,-0.004423,0.390477,0.133174,0.597732,0.790552,-0.60505,0.680828,-0.4127,-0.785046,-0.424119,0.451318,-0.073704,0.035949,-0.002092,-0.730367,-1.360921,-0.711409,0.135225,0.025103,0.042516,-0.014121,-0.149936,-0.595486,0.789249,0.649139,-0.661407,-0.37571,0.745746,0.456,0.485722,-0.036872,0.018106,-0.000908,-1.762799,-1.425065,0.993675,-0.006983,0.080613,0.029632,-0.04668,-0.646128,0.726573,-0.233685,-0.692607,-0.686813,-0.220413,-0.320645,0.019437,0.946999,-0.00279,-0.007743,-0.004383,0.042346,0.674206,-0.52254,-0.862357
1000,0.069401,-0.002632,0.431117,-0.556103,0.799738,-0.226305,-0.771141,-0.597977,-0.218488,-0.309374,0.052012,0.949531,-0.016627,-0.007902,-0.004333,0.232245,1.03606,-0.307725,-1.914695,-0.11101,-0.003257,0.39076,0.180438,0.620424,0.763222,-0.631433,0.668047,-0.393624,-0.754275,-0.411683,0.511321,-0.045898,0.032247,0.008864,-0.402269,-1.334759,-0.550869,0.154022,0.023863,0.043106,-0.013981,-0.195256,-0.62056,0.759459,0.67432,-0.647236,-0.355495,0.712155,0.442707,0.544833,-0.028765,0.010246,0.009261,-0.862351,-1.713706,-0.011216,0.014572,0.080453,0.029408,-0.046817,-0.633238,0.745798,-0.206864,-0.715437,-0.666017,-0.211116,-0.295225,0.014311,0.955319,-0.002087,-0.005787,-0.003288,0.015914,0.633348,0.056521,-0.864806
1001,0.068959,-0.002916,0.430842,-0.545015,0.816225,-0.191785,-0.79163,-0.576243,-0.203073,-0.275596,0.040125,0.96045,-0.016127,-0.006436,-0.003522,-3.445613,0.777133,4.402901,-1.913974,-0.112715,-0.002276,0.391532,0.228281,0.640497,0.733241,-0.646878,0.662667,-0.3773,-0.727808,-0.388998,0.564659,-0.03178,0.028487,0.020992,-0.72205,-1.506486,0.70859,0.158952,0.023006,0.043596,-0.0136,-0.240226,-0.643987,0.726341,0.688833,-0.640303,-0.339883,0.683959,0.418679,0.597417,-0.021758,0.008741,0.015563,-2.072835,-2.143497,1.9718,0.029431,0.080237,0.029262,-0.046952,-0.627056,0.759924,-0.171217,-0.733535,-0.65001,-0.198522,-0.262155,0.001109,0.965024,-0.008017,-0.003104,-0.001687,0.282697,1.098134,-0.329743,-0.862683
1002,0.068657,-0.002919,0.430715,-0.543714,0.821422,-0.172298,-0.798484,-0.569432,-0.195299,-0.257865,0.030364,0.965718,-0.014464,0.005375,-0.012388,-0.071045,0.940148,-0.113387,-1.914446,-0.113408,-0.001775,0.392069,0.256565,0.649159,0.716072,-0.651406,0.663495,-0.367939,-0.714251,-0.372875,0.592177,-0.030551,0.020751,0.031823,-0.221555,-1.664487,0.195819,0.155877,0.022671,0.043841,-0.013348,-0.266211,-0.65206,0.709893,0.692758,-0.641513,-0.329464,0.670236,0.404077,0.622498,-0.016073,0.015495,0.011261,-0.181006,-1.539162,0.053678,0.029921,0.080078,0.029254,-0.047018,-0.622629,0.767855,-0.150766,-0.744559,-0.640606,-0.187764,-0.240757,-0.004654,0.970573,-0.007399,-0.001407,-0.000719,-0.801668,1.139181,1.233286,-0.861703
1003,0.068035,-0.002798,0.430464,-0.527848,0.838954,-0.132582,-0.820889,-0.543914,-0.173984,-0.217428,0.01595,0.97596,-0.026405,0.010512,-0.009285,-2.500158,1.637721,1.064546,-1.914286,-0.1144,-0.00083,0.393313,0.311365,0.658925,0.684734,-0.653619,0.671569,-0.348873,-0.690088,-0.339764,0.638907,-0.018062,0.026633,0.034109,-0.159257,-1.783857,0.395279,0.158005,0.022159,0.044319,-0.012714,-0.319582,-0.664399,0.675603,0.694354,-0.649368,-0.310149,0.644778,0.36999,0.668855,-0.015549,0.012394,0.017067,-0.10706,-1.354282,0.537801,0.028778,0.079773,0.029317,-0.047143,-0.608438,0.785649,-0.112059,-0.76762,-0.618457,-0.168136,-0.2014,-0.016282,0.979373,-0.00738,-0.001179,-0.000701,-0.459288,0.106726,4.823606,-0.863663
1004,0.067417,-0.00253,0.430062,-0.517532,0.850544,-0.093699,-0.836663,-0.525881,-0.153021,-0.178788,-0.001862,0.983899,-0.013289,0.008637,-0.010522,-0.072743,0.835837,-0.77915,-1.914482,-0.115415,0.000239,0.39454,0.362581,0.661432,0.656532,-0.648255,0.685146,-0.332075,-0.669892,-0.306037,0.67635,-0.030737,0.024103,0.033285,-0.049827,-1.178875,0.612123,0.158653,0.021644,0.044869,-0.012084,-0.370879,-0.670453,0.642604,0.68902,-0.662591,-0.293638,0.622655,0.333863,0.707697,-0.015391,0.012062,0.016668,-0.046652,-1.129165,0.6314,0.032534,0.079459,0.02945,-0.047344,-0.597154,0.798931,-0.071512,-0.78634,-0.600672,-0.144435,-0.158349,-0.030017,0.986926,-0.006406,0.008537,-0.010635,-0.582176,1.09469,-0.461509,-0.863663
1005,0.066897,-0.00209,0.429654,-0.497141,0.866382,-0.047736,-0.857773,-0.498945,-0.123497,-0.130201,-0.021531,0.991268,-0.012157,0.011691,-0.008759,-2.395316,2.316861,-0.552243,-1.914913,-0.116533,0.001457,0.395582,0.394499,0.670513,0.62831,-0.656622,0.684063,-0.317552,-0.643193,-0.288141,0.709324,-0.031916,0.033581,0.023068,-0.293956,-1.052332,0.267633,0.150841,0.021096,0.045467,-0.011571,-0.400185,-0.680257,0.614086,0.69631,-0.661356,-0.278852,0.595821,0.316002,0.738335,-0.015945,0.016566,0.011415,-1.055186,-0.853145,-0.849407,0.026329,0.079193,0.029673,-0.047553,-0.578051,0.815558,-0.026843,-0.808738,-0.576975,-0.114193,-0.108618,-0.0443,0.993095,-0.006018,0.005988,-0.00428,-2.324267,2.436308,-0.535668,-0.8635
1006,0.066634,-0.001825,0.429458,-0.481849,0.875842,-0.027699,-0.869296,-0.481691,-0.110771,-0.109767,-0.030389,0.993506,-0.024712,0.015103,-0.006642,0.058359,0.665916,-0.730072,-1.914122,-0.117099,0.002135,0.395982,0.3954,0.68042,0.616992,-0.671734,0.672377,-0.310831,-0.626816,-0.292416,0.72212,-0.018825,0.034632,0.022454,-0.996909,-0.659971,-0.74378,0.147846,0.020808,0.045806,-0.01137,-0.400877,-0.689289,0.603471,0.709683,-0.650211,-0.271244,0.579349,0.319538,0.749832,-0.016422,0.020838,0.006082,-3.35051,1.205387,-3.304506,0.022573,0.079077,0.029798,-0.047643,-0.562356,0.826871,-0.006166,-0.822319,-0.560012,-0.100876,-0.086865,-0.051658,0.994879,-0.006105,0.005728,-0.004431,-0.627509,0.925484,1.072048,-0.867419
1007,0.066121,-0.001312,0.429092,-0.45733,0.889262,0.010349,-0.886435,-0.454819,-0.085702,-0.070943,-0.049478,0.996266,-0.011426,0.02079,-0.019149,-2.325449,1.582906,1.099469,-1.913727,-0.118068,0.003708,0.396477,0.412769,0.684796,0.600556,-0.679473,0.67063,-0.297499,-0.606968,-0.286133,0.741337,-0.019575,0.04108,0.010454,0.084905,-0.600136,0.720405,0.139159,0.020323,0.046594,-0.011116,-0.416513,-0.696326,0.584505,0.718246,-0.646188,-0.257995,0.557349,0.312361,0.76928,-0.009676,0.019766,0.004777,0.082243,-0.558031,0.705669,0.013265,0.078811,0.030059,-0.047824,-0.540086,0.841037,0.031039,-0.840194,-0.536672,-0.077827,-0.048798,-0.068112,0.996483,-0.006112,0.005927,-0.004455,-0.001236,-0.074661,4.626132,-0.868562
1008,0.065824,-0.00077,0.428552,-0.429094,0.902266,0.042891,-0.902696,-0.426573,-0.056094,-0.031789,-0.063913,0.997462,0.000954,0.01689,-0.021533,-2.280351,1.595635,1.142784,-1.914309,-0.118908,0.005265,0.396569,0.443132,0.674428,0.59057,-0.666542,0.688435,-0.285857,-0.599888,-0.267825,0.753835,-0.017983,0.031859,0.004689,0.081044,-0.390432,0.747038,0.129026,0.019894,0.047396,-0.011061,-0.447263,-0.686728,0.573026,0.705064,-0.664913,-0.246525,0.550309,0.293758,0.781579,-0.008936,0.015555,0.002132,0.07628,-0.313225,0.778648,0.000529,0.078659,0.030332,-0.048092,-0.512629,0.856314,0.062749,-0.858569,-0.51052,-0.047204,-0.008387,-0.078073,0.996911,3e-05,0.0039,-0.005718,0.158819,-0.059095,4.82012,-0.868562
1009,0.065778,-0.000542,0.428215,-0.417013,0.906788,0.062306,-0.908829,-0.414991,-0.042235,-0.011929,-0.07537,0.997098,-0.000265,0.006463,-0.011908,-2.117099,2.030816,-0.208372,-1.914068,-0.119398,0.005918,0.396493,0.455048,0.670879,0.585528,-0.661295,0.694986,-0.282165,-0.596778,-0.259662,0.759141,-0.031292,0.034908,-0.008017,0.121473,-0.53714,0.454376,0.127421,0.01966,0.047712,-0.011094,-0.458339,-0.683146,0.568539,0.699891,-0.671691,-0.242861,0.547792,0.286603,0.78599,-0.009207,0.017853,-0.004276,0.126255,-0.614012,0.24632,-0.00486,0.078636,0.030454,-0.048268,-0.49992,0.862184,0.081956,-0.865949,-0.499196,-0.030576,0.014549,-0.086256,0.996166,-0.000155,0.003128,-0.005999,-2.01208,2.13946,-0.213096,-0.867255
1010,0.065666,3.2e-05,0.427423,-0.390878,0.915197,0.098359,-0.920254,-0.390718,-0.021056,0.01964,-0.099888,0.994818,0.000498,0.015657,-0.022224,-1.773608,2.264831,1.345956,-1.914216,-0.12058,0.006997,0.395966,0.469819,0.665517,0.579956,-0.658234,0.701901,-0.272023,-0.588672,-0.254792,0.767078,-0.043293,0.030251,-0.025287,0.077029,-0.324272,0.301584,0.121038,0.019057,0.04827,-0.011358,-0.473639,-0.678435,0.561597,0.696421,-0.678847,-0.232732,0.539133,0.280877,0.794004,-0.021553,0.01456,-0.012964,0.082235,-0.327471,0.298958,-0.011555,0.07858,0.030734,-0.048656,-0.475708,0.872002,0.115381,-0.878374,-0.477869,-0.009933,0.046475,-0.106073,0.993271,-0.005784,0.010427,-0.009718,0.511493,0.195424,4.78753,-0.865622
1011,0.065376,0.00097,0.426457,-0.364578,0.921615,0.133247,-0.929357,-0.369012,0.00988,0.058722,-0.121383,0.990881,-0.011092,0.028713,-0.030142,-0.629758,0.712709,-0.633073,-1.91361,-0.1217,0.007836,0.39519,0.491592,0.655757,0.572985,-0.654827,0.712131,-0.252995,-0.574536,-0.251671,0.778738,-0.028255,0.016644,-0.018944,0.037519,-0.253139,0.344437,0.101024,0.018508,0.048676,-0.011743,-0.495251,-0.669809,0.553246,0.692606,-0.688846,-0.213977,0.524425,0.277209,0.805066,-0.014059,0.007953,-0.009671,-0.112239,-0.293828,0.44025,-0.031313,0.078439,0.031199,-0.049136,-0.446818,0.881447,0.152983,-0.890183,-0.455069,0.022026,0.089033,-0.126342,0.987982,0.000653,0.012412,-0.016245,-2.212463,1.765904,-0.423123,-0.866602
1012,0.065277,0.002058,0.424967,-0.336116,0.927061,0.166221,-0.937078,-0.346812,0.039717,0.094879,-0.14357,0.985095,-0.011642,0.03435,-0.042456,-2.190057,1.892827,-0.370626,-1.914256,-0.122605,0.008543,0.394321,0.517221,0.645153,0.562363,-0.649275,0.723903,-0.233113,-0.558115,-0.245379,0.792566,-0.01508,0.015347,-0.020724,0.11683,-0.375182,0.465327,0.094723,0.018052,0.049025,-0.01218,-0.520565,-0.660189,0.541444,0.68652,-0.700671,-0.194289,0.507642,0.270572,0.817978,-0.014625,0.01214,-0.014894,0.15229,-0.312882,0.288431,-0.046825,0.078391,0.031744,-0.049874,-0.418848,0.889208,0.184048,-0.899402,-0.43416,0.050779,0.12506,-0.144265,0.981604,0.000521,0.015584,-0.022193,-0.070707,0.284133,-0.323624,-0.868235
1013,0.065267,0.00268,0.424145,-0.321108,0.929022,0.183991,-0.940296,-0.335841,0.055002,0.113283,-0.156504,0.981173,0.001407,0.032312,-0.043736,-0.592516,0.694879,-0.266697,-1.913736,-0.123082,0.008913,0.393811,0.528856,0.639271,0.558243,-0.644839,0.730332,-0.225239,-0.552331,-0.241673,0.797739,-0.014862,0.013957,-0.021541,-2.149003,-1.15819,1.84042,0.089635,0.017807,0.049215,-0.012443,-0.532118,-0.65497,0.536529,0.681595,-0.707309,-0.18746,0.502273,0.265945,0.822796,-0.0074,0.006819,-0.010862,-2.152173,-1.106292,1.859823,-0.053357,0.07838,0.032052,-0.050287,-0.403653,0.892153,0.202795,-0.903087,-0.424046,0.067949,0.146615,-0.155714,0.97686,0.000892,0.016558,-0.021616,-2.208976,2.014277,0.165621,-0.868398
1014,0.065383,0.004106,0.422337,-0.295829,0.93008,0.217903,-0.943512,-0.320075,0.085495,0.149625,-0.181462,0.971963,0.002231,0.041601,-0.053869,-2.125536,1.821306,0.087635,-1.914336,-0.124288,0.009728,0.392545,0.547427,0.627977,0.553137,-0.634193,0.742579,-0.215197,-0.546551,-0.233792,0.804044,-0.041225,0.018115,-0.032416,0.103724,-0.127029,0.322674,0.075263,0.017231,0.049605,-0.013054,-0.550703,-0.644302,0.530658,0.671373,-0.71966,-0.177046,0.495965,0.25877,0.828887,-0.020543,0.008708,-0.016398,-0.08642,-0.275651,0.624453,-0.06691,0.078438,0.032763,-0.051186,-0.378289,0.895275,0.235325,-0.907431,-0.408884,0.096856,0.182933,-0.176902,0.967078,0.000871,0.016491,-0.02163,0.065952,0.176184,1.108179,-0.868398
1015,0.065679,0.005383,0.420362,-0.277964,0.929547,0.242329,-0.942369,-0.312719,0.118826,0.186575,-0.196494,0.962604,0.012991,0.02645,-0.04712,-1.030939,0.098932,-0.540607,-1.91458,-0.125541,0.010405,0.391307,0.563269,0.616598,0.550025,-0.625658,0.753094,-0.203313,-0.540267,-0.230395,0.809255,-0.028257,0.017905,-0.033534,0.123689,-0.135564,0.341317,0.061496,0.016589,0.049951,-0.013685,-0.567018,-0.633272,0.52674,0.662428,-0.73065,-0.165342,0.48957,0.255176,0.833789,-0.020433,0.008063,-0.016766,0.129601,-0.116885,0.308758,-0.088791,0.078582,0.033408,-0.052175,-0.358279,0.896129,0.261891,-0.906787,-0.400775,0.130829,0.222199,-0.190606,0.956188,0.006532,0.013227,-0.023547,-2.108672,1.812374,-0.245706,-0.868562
1016,0.065824,0.005996,0.419373,-0.263103,0.930509,0.254902,-0.942744,-0.304035,0.136999,0.205299,-0.205423,0.956912,0.001143,0.038682,-0.055425,-0.927789,0.189076,-0.531903,-1.914767,-0.126173,0.010715,0.390684,0.572703,0.610101,0.547521,-0.622449,0.758278,-0.19366,-0.534023,-0.230673,0.81331,-0.028323,0.018445,-0.033195,0.06377,-0.16301,0.375058,0.055988,0.016283,0.0501,-0.013989,-0.576251,-0.627339,0.523812,0.65906,-0.735715,-0.156084,0.483294,0.25528,0.83741,-0.014177,0.009476,-0.016425,-0.61176,-0.473572,0.786208,-0.096303,0.078658,0.03371,-0.052667,-0.343608,0.898368,0.273619,-0.907438,-0.392645,0.149614,0.241843,-0.196884,0.95013,0.006437,0.012975,-0.02368,-2.435986,1.473089,-0.442594,-0.865459
1017,0.066055,0.007321,0.417373,-0.236474,0.931577,0.276206,-0.941211,-0.290142,0.172953,0.241547,-0.220232,0.945083,0.001819,0.040447,-0.054292,0.142497,0.058063,0.929508,-1.915095,-0.12719,0.01116,0.389662,0.590407,0.599676,0.540185,-0.616316,0.767126,-0.177782,-0.521722,-0.228727,0.821799,-0.02694,0.008449,-0.023745,0.101409,-0.208615,0.284388,0.045866,0.015775,0.050325,-0.014504,-0.59416,-0.61758,0.515332,0.652426,-0.744752,-0.140296,0.470439,0.252858,0.845428,-0.007178,0.005473,-0.011616,0.100994,-0.24786,0.30586,-0.111652,0.078771,0.034352,-0.05365,-0.321661,0.900039,0.294044,-0.90416,-0.384171,0.186829,0.281117,-0.205768,0.937353,0.000405,0.015206,-0.022276,-1.197038,0.085897,-0.606278,-0.864643
1018,0.066375,0.008637,0.415429,-0.20777,0.930153,0.302808,-0.934602,-0.280069,0.219206,0.288955,-0.238621,0.927142,0.013387,0.027538,-0.046291,-0.924636,0.370772,-0.399873,-1.915437,-0.127892,0.011351,0.388952,0.604521,0.591016,0.534085,-0.608574,0.775277,-0.16887,-0.514607,-0.223699,0.827648,-0.012955,0.000392,-0.014181,0.080175,-0.265637,0.268817,0.040168,0.015408,0.050427,-0.014872,-0.608382,-0.609272,0.508584,0.644319,-0.753327,-0.131719,0.463384,0.247555,0.850876,-0.006492,0.000401,-0.006953,0.089509,-0.298465,0.253211,-0.120959,0.078928,0.035032,-0.054644,-0.288212,0.902775,0.319263,-0.899484,-0.369591,0.233085,0.328421,-0.219995,0.918553,0.006911,0.017793,-0.028562,-2.406553,1.859975,-0.134474,-0.864806
1019,0.066868,0.00972,0.413548,-0.173148,0.924437,0.339828,-0.924332,-0.271588,0.267998,0.34025,-0.268864,0.901094,0.013452,0.027736,-0.046104,-1.014272,0.335328,-0.760362,-1.915722,-0.128352,0.011247,0.388441,0.615603,0.585989,0.526917,-0.601313,0.781466,-0.166336,-0.509991,-0.215194,0.832745,-0.011356,-0.011531,-0.005943,0.038856,-0.228971,0.262474,0.024019,0.015178,0.050381,-0.015129,-0.619325,-0.604888,0.500544,0.637202,-0.759709,-0.129667,0.458702,0.238643,0.855944,-1e-05,6.7e-05,-0.007679,0.072809,-0.239122,0.313529,-0.137452,0.079179,0.035582,-0.055603,-0.25251,0.899555,0.356423,-0.888919,-0.36116,0.281752,0.382178,-0.245687,0.890829,0.006789,0.01393,-0.023003,-1.092446,0.316665,-0.73628,-0.862357
1020,0.067089,0.010233,0.41275,-0.161924,0.920774,0.354964,-0.920688,-0.270352,0.281451,0.355315,-0.282386,0.891087,0.014325,0.030084,-0.044686,-2.190011,1.87071,-0.542802,-1.916164,-0.128476,0.011087,0.388263,0.622216,0.584897,0.520321,-0.599356,0.783504,-0.163794,-0.504236,-0.21069,0.837388,-0.01132,-0.011888,-0.00617,0.039166,-0.193169,0.05955,0.020124,0.015116,0.0503,-0.015218,-0.625801,-0.604026,0.493482,0.635103,-0.761887,-0.12716,0.452786,0.233835,0.860409,0.000698,-0.005173,-0.003127,0.050953,-0.282201,0.266047,-0.145453,0.079283,0.035824,-0.055987,-0.241528,0.897399,0.36924,-0.885893,-0.359207,0.293533,0.39605,-0.256211,0.881759,0.000735,0.01251,-0.015973,-0.306156,-0.137296,-0.377079,-0.857784
1021,0.067247,0.011376,0.411473,-0.141535,0.918292,0.3698,-0.917935,-0.261537,0.298272,0.370787,-0.298382,0.879495,0.003083,0.029567,-0.029254,1.356314,1.485363,4.178892,-1.916162,-0.128544,0.010652,0.387986,0.630589,0.583866,0.51132,-0.595436,0.786532,-0.163575,-0.498448,-0.202056,0.842962,0.001579,-0.011889,-0.007233,0.022095,-0.117811,0.100025,0.018717,0.015077,0.050084,-0.015355,-0.633713,-0.603502,0.483934,0.631365,-0.76498,-0.127213,0.446974,0.224923,0.865808,0.000701,-0.005243,-0.003187,0.008658,-0.083473,0.140072,-0.153944,0.079365,0.036392,-0.056634,-0.224626,0.894937,0.385525,-0.881164,-0.355468,0.311754,0.416042,-0.269683,0.868435,0.001694,0.015098,-0.01443,-1.301626,0.161937,-0.656866,-0.86252
