frame,MLTx,MLTy,MLTz,MLTR1,MLTR2,MLTR3,MLTR4,MLTR5,MLTR6,MLTR7,MLTR8,MLTR9,MLTTVx,MLTTVy,MLTTVz,MLTRVx,MLTRVy,MLTRVz,MLGA,MRTx,MRTy,MRTz,MRTR1,MRTR2,MRTR3,MRTR4,MRTR5,MRTR6,MRTR7,MRTR8,MRTR9,MRTTVx,MRTTVy,MRTTVz,MRTRVx,MRTRVy,MRTRVz,MRGA,SLTx,SLTy,SLTz,SLTR1,SLTR2,SLTR3,SLTR4,SLTR5,SLTR6,SLTR7,SLTR8,SLTR9,SLTTVx,SLTTVy,SLTTVz,SLTRVx,SLTRVy,SLTRVz,SLGA,SRTx,SRTy,SRTz,SRTR1,SRTR2,SRTR3,SRTR4,SRTR5,SRTR6,SRTR7,SRTR8,SRTR9,SRTTVx,SRTTVy,SRTTVz,SRTRVx,SRTRVy,SRTRVz,SRGA
256,0.127677,0.034991,0.412626,-0.281366,-0.355977,-0.891156,0.089378,-0.934341,0.344949,-0.955091,0.017843,0.295822,-0.000209,-0.001145,-0.000507,0.007408,-0.080599,0.181694,-0.099735,-0.181065,0.012722,0.328066,0.902941,0.313122,0.294353,-0.248396,0.93924,-0.236771,-0.351735,0.140256,0.925459,-0.014959,0.022785,-0.014615,-2.082614,-1.733606,0.275328,-1.40683,0.029136,0.027427,-0.012717,-0.93149,-0.120811,0.343116,0.037684,-0.970211,-0.239307,0.361806,-0.209982,0.908296,-0.007469,0.011373,-0.007352,-2.079839,-1.708393,0.284024,-0.810372,0.079334,0.042242,-0.033504,-0.317684,-0.342915,-0.884016,0.224586,-0.932997,0.281206,-0.921214,-0.109204,0.373412,-0.000144,-0.000781,-0.000342,0.006836,-0.077875,0.175794,-0.265693
257,0.12762,0.03496,0.412635,-0.279446,-0.350617,-0.893881,0.087935,-0.936385,0.339739,-0.95579,0.016765,0.293616,-8.1e-05,-0.000443,-0.000196,0.007409,-0.080583,0.181684,-0.103076,-0.181444,0.014028,0.327284,0.902143,0.324615,0.284172,-0.267765,0.937805,-0.220812,-0.339304,0.122681,0.932569,-0.014854,0.024953,-0.012749,0.046866,-0.075481,0.201677,-1.407463,0.028953,0.028054,-0.013098,-0.933611,-0.13225,0.332986,0.058157,-0.972994,-0.223382,0.353536,-0.189187,0.916089,-0.007772,0.017895,-0.010507,0.104094,-0.091073,0.213459,-0.75714,0.079305,0.042224,-0.033501,-0.31666,-0.337434,-0.886489,0.222995,-0.934874,0.276195,-0.921953,-0.110223,0.371283,-5.9e-05,-0.000325,-0.000143,0.000568,-0.000107,-0.00032,-0.273857
258,0.127586,0.034972,0.412642,-0.280939,-0.347376,-0.894678,0.081977,-0.937484,0.338196,-0.955881,0.022095,0.29297,3.4e-05,0.000184,8.2e-05,-2.9e-05,1.1e-05,1e-05,-0.10215,-0.181633,0.014676,0.326889,0.900368,0.33041,0.283123,-0.27501,0.936405,-0.217828,-0.338215,0.117824,0.933591,-0.002087,0.034851,-0.022831,0.079401,-0.096486,0.252707,-1.407575,0.028853,0.028392,-0.013296,-0.933148,-0.138167,0.331879,0.065526,-0.973097,-0.220876,0.353469,-0.184364,0.917098,-0.007427,0.011593,-0.007106,0.059863,-0.082742,0.197807,-0.774938,0.079288,0.042229,-0.033498,-0.31853,-0.33409,-0.887085,0.217003,-0.936679,0.274847,-0.922739,-0.104953,0.370859,2.5e-05,0.000133,6.2e-05,0.000767,-0.000576,0.000548,-0.275327
259,0.127519,0.034949,0.412634,-0.280328,-0.345696,-0.89552,0.081541,-0.938112,0.336554,-0.956098,0.021748,0.292285,-0.000322,-0.001754,-0.000777,-0.0,-0.0,-0.0,-0.101481,-0.182159,0.015823,0.325945,0.89937,0.334103,0.281957,-0.280906,0.935872,-0.212531,-0.336006,0.111497,0.935164,-0.015722,0.029284,-0.026466,0.066027,0.037994,0.015379,-1.407458,0.028589,0.028983,-0.013772,-0.933043,-0.141781,0.330648,0.071463,-0.973795,-0.215903,0.352595,-0.177818,0.918725,-0.007847,0.014474,-0.013365,0.094572,0.013957,-0.000228,-0.773142,0.079255,0.042221,-0.0335,-0.31818,-0.332311,-0.887879,0.216518,-0.937271,0.273206,-0.922973,-0.105313,0.370172,-0.00019,-0.001036,-0.000457,-0.00061,0.011529,-0.026484,-0.275327
260,0.127488,0.03488,0.412605,-0.28036,-0.345776,-0.895479,0.081562,-0.938083,0.336632,-0.956087,0.021765,0.292321,-0.000324,-0.001764,-0.000782,-0.0,-0.0,-0.0,-0.102374,-0.182575,0.017005,0.32496,0.903188,0.330186,0.274262,-0.280826,0.937828,-0.203837,-0.325643,0.106645,0.939386,-0.015638,0.030762,-0.025164,0.068615,0.033036,0.027812,-1.408059,0.028387,0.029557,-0.01426,-0.936407,-0.137157,0.322999,0.071465,-0.975698,-0.207133,0.34356,-0.170878,0.923453,-0.001052,0.01599,-0.012567,0.090178,-0.005171,0.074712,-0.771836,0.079239,0.042185,-0.033516,-0.318193,-0.332401,-0.887841,0.216558,-0.937239,0.273283,-0.922959,-0.105312,0.370207,-0.000201,-0.0011,-0.000486,0.000302,-0.000104,-0.000131,-0.275327
261,0.127472,0.034793,0.412566,-0.282478,-0.344311,-0.895378,0.076059,-0.938474,0.336829,-0.955915,0.027467,0.292404,-0.000415,-0.002263,-0.001004,-1.484499,0.558448,0.484793,-0.11675,-0.183062,0.017914,0.323894,0.903957,0.329249,0.272852,-0.280841,0.93834,-0.201445,-0.323483,0.105032,0.940314,-0.01531,0.008618,-0.026526,0.04177,0.051411,-0.021474,-1.408523,0.028144,0.030036,-0.014779,-0.937028,-0.136031,0.321672,0.07142,-0.976199,-0.204777,0.341872,-0.168908,0.924442,-0.007979,0.009948,-0.017174,0.099668,0.025046,-0.013829,-0.768407,0.079231,0.042142,-0.033534,-0.318227,-0.332599,-0.887754,0.216623,-0.937172,0.273462,-0.922932,-0.105286,0.370283,-0.00011,-0.000605,-0.000268,0.000199,-8.1e-05,-8.9e-05,-0.279246
262,0.127476,0.034768,0.412554,-0.282489,-0.344345,-0.895361,0.076067,-0.938461,0.336862,-0.95591,0.027474,0.292417,-0.000147,-0.000801,-0.000355,-0.0,0.0,0.0,-0.126418,-0.183319,0.01814,0.323227,0.90338,0.328882,0.275196,-0.280251,0.938556,-0.201261,-0.325607,0.104254,0.939667,-0.016169,0.015179,-0.038411,0.092012,0.023357,-0.015854,-1.408303,0.028016,0.030147,-0.015108,-0.936239,-0.135773,0.32407,0.070788,-0.976298,-0.204525,0.344158,-0.168544,0.923659,-0.001024,0.001258,-0.016375,0.083929,-0.007043,-0.01884,-0.768243,0.079233,0.042126,-0.033542,-0.320454,-0.331236,-0.887463,0.211181,-0.938272,0.273945,-0.923423,-0.099629,0.370624,-7.7e-05,-0.000425,-0.000187,0.000379,-0.000246,8.6e-05,-0.285288
263,0.127469,0.034736,0.41253,-0.282515,-0.344425,-0.895323,0.076113,-0.938433,0.336932,-0.955899,0.027464,0.292454,-6.6e-05,-0.000358,-0.000159,0.0,0.0,0.0,-0.137583,-0.183589,0.01867,0.321608,0.904189,0.32622,0.275706,-0.278845,0.939847,-0.197146,-0.324564,0.100945,0.940389,-0.00283,0.012308,-0.041968,0.025522,0.084577,0.070776,-1.407904,0.027875,0.030405,-0.015923,-0.936534,-0.133147,0.324307,0.069493,-0.97722,-0.200526,0.343619,-0.165263,0.924453,-0.00175,0.011231,-0.025362,0.048989,0.111798,0.076989,-0.769386,0.079229,0.04211,-0.033554,-0.320461,-0.331321,-0.887428,0.211241,-0.93824,0.27401,-0.923407,-0.099651,0.370659,-3.6e-05,-0.000204,-9e-05,0.000222,-6.3e-05,-9.7e-05,-0.295248
264,0.127446,0.034699,0.412525,-0.282569,-0.344551,-0.895257,0.076122,-0.938385,0.337064,-0.955882,0.027517,0.292504,-0.000196,-0.001071,-0.000475,0.0,0.0,0.0,-0.148441,-0.183739,0.019078,0.319604,0.903905,0.324678,0.278444,-0.27742,0.940561,-0.195745,-0.326577,0.099258,0.939871,-0.00327,0.000906,-0.052028,0.051994,0.084162,-0.001169,-1.40785,0.0278,0.030622,-0.016913,-0.935725,-0.131544,0.327281,0.067891,-0.977675,-0.19885,0.346133,-0.16385,0.923766,-0.001954,0.005861,-0.030098,0.10395,0.056342,0.009199,-0.767264,0.079218,0.042094,-0.033556,-0.320492,-0.331459,-0.887366,0.211263,-0.938196,0.274143,-0.923391,-0.099607,0.37071,-0.000123,-0.000668,-0.000296,0.000152,-4.8e-05,-5.5e-05,-0.302923
265,0.127419,0.034695,0.412534,-0.283604,-0.340504,-0.896477,0.070171,-0.939706,0.334665,-0.95603,0.032423,0.291517,-3e-06,-1.6e-05,-7e-06,-0.00106,0.000326,0.000514,-0.152482,-0.183793,0.019243,0.318437,0.903478,0.323937,0.280685,-0.276216,0.940805,-0.196276,-0.32878,0.099372,0.939091,-0.004047,0.009756,-0.062096,0.1028,0.055312,0.003747,-1.407727,0.027774,0.030698,-0.017495,-0.935029,-0.130895,0.329523,0.066635,-0.977674,-0.19928,0.348251,-0.164375,0.922876,-0.001679,-0.001435,-0.027733,0.085823,0.06161,-0.048026,-0.766447,0.079204,0.04209,-0.033552,-0.322075,-0.327455,-0.888279,0.20529,-0.940107,0.272127,-0.924187,-0.094709,0.370009,5e-06,2.9e-05,1.6e-05,-0.004404,0.00358,-0.003062,-0.306842
266,0.127341,0.034706,0.412553,-0.283639,-0.340556,-0.896447,0.070161,-0.939686,0.334724,-0.95602,0.032462,0.291545,1.1e-05,6.1e-05,2.7e-05,-0.0,0.0,0.0,-0.150076,-0.183893,0.019788,0.31579,0.902062,0.318505,0.291255,-0.270885,0.943215,-0.192096,-0.337026,0.093962,0.936721,-0.004866,0.017758,-0.073109,-0.127114,0.356609,0.225237,-1.407504,0.027723,0.030963,-0.018818,-0.932328,-0.126557,0.338742,0.061635,-0.978664,-0.195999,0.356321,-0.161857,0.920237,-0.002395,0.00893,-0.036495,-0.295368,0.542034,0.343253,-0.766774,0.079166,0.042096,-0.033542,-0.322111,-0.327558,-0.888228,0.205297,-0.940076,0.272229,-0.924173,-0.094663,0.370056,7e-06,4.3e-05,2.2e-05,0.00019,-3.8e-05,-0.000173,-0.310108
267,0.127167,0.034739,0.412575,-0.28386,-0.341073,-0.89618,0.070301,-0.939494,0.335231,-0.955944,0.032574,0.291782,0.0,1e-06,1e-06,0.0,0.0,0.0,-0.122492,-0.183997,0.020499,0.312781,0.902385,0.311557,0.2977,-0.265673,0.946199,-0.18455,-0.340309,0.087029,0.936205,0.008469,0.013064,-0.07879,0.027425,0.183911,0.099529,-1.407388,0.027666,0.031321,-0.02032,-0.930524,-0.118989,0.346359,0.055865,-0.980797,-0.186858,0.361942,-0.154526,0.919303,-0.002486,0.006695,-0.038711,0.027968,0.189991,0.102161,-0.767753,0.079078,0.042113,-0.033531,-0.322245,-0.328114,-0.887974,0.205467,-0.939892,0.272734,-0.924088,-0.094562,0.370292,-0.005861,0.000806,0.000601,-0.000836,0.014683,-0.029618,-0.30129
268,0.127052,0.034755,0.412587,-0.283977,-0.341339,-0.896041,0.070374,-0.939396,0.335492,-0.955904,0.032632,0.291907,0.0,0.0,0.0,0.0,0.0,0.0,-0.11397,-0.184048,0.020791,0.311198,0.902789,0.308412,0.299741,-0.263191,0.947433,-0.181754,-0.341167,0.084786,0.936098,0.008418,0.011757,-0.080259,0.099043,0.088884,0.062578,-1.407493,0.027641,0.031465,-0.021113,-0.930127,-0.11571,0.348531,0.053226,-0.981518,-0.183815,0.363359,-0.15242,0.919096,-0.002553,0.005149,-0.040256,0.126565,0.091934,-0.004913,-0.76955,0.079021,0.042121,-0.033525,-0.322318,-0.328399,-0.887842,0.205553,-0.939798,0.272994,-0.924044,-0.094508,0.370417,-0.005862,0.00081,0.000602,-0.000867,0.01468,-0.029608,-0.294268
269,0.12678,0.034729,0.412618,-0.283224,-0.339512,-0.896973,0.07008,-0.940077,0.33364,-0.95615,0.032051,0.291166,-0.011983,0.00022,0.000576,-0.000726,0.013845,-0.027755,-0.09447,-0.184029,0.021375,0.307978,0.903255,0.301566,0.305255,-0.256851,0.949883,-0.178,-0.344763,0.081973,0.93503,0.008419,0.011551,-0.081056,-0.086289,0.307945,0.200924,-1.407332,0.02765,0.031752,-0.022727,-0.929345,-0.109682,0.352544,0.047178,-0.982305,-0.181244,0.366186,-0.151805,0.918075,-0.002534,0.005883,-0.03989,-0.240265,0.367507,0.469056,-0.771183,0.078895,0.04211,-0.033509,-0.321833,-0.326352,-0.888773,0.205161,-0.94045,0.271036,-0.9243,-0.095113,0.369622,-0.000181,-0.000974,-0.00043,0.000614,0.00456,-0.011257,-0.282348
270,0.126491,0.034699,0.412659,-0.283488,-0.340055,-0.896684,0.07013,-0.939873,0.334204,-0.956068,0.032275,0.29141,-0.011919,0.000578,0.000735,-0.000984,0.014715,-0.029553,-0.064812,-0.183851,0.021842,0.304789,0.901766,0.295404,0.31551,-0.250847,0.95219,-0.174194,-0.353009,0.077544,0.932327,0.008405,0.010723,-0.082493,-0.267408,0.505974,0.363704,-1.40737,0.027739,0.031985,-0.024321,-0.926284,-0.104402,0.362074,0.041339,-0.983207,-0.177746,0.374551,-0.149676,0.915045,0.004252,0.005425,-0.041171,0.098231,0.091099,0.075201,-0.770366,0.078745,0.042093,-0.033489,-0.322028,-0.327016,-0.888457,0.205251,-0.940244,0.271682,-0.924212,-0.094868,0.369905,-0.000125,-0.000663,-0.000289,2.3e-05,3.8e-05,-0.000153,-0.264876
271,0.126194,0.034722,0.41265,-0.284655,-0.33641,-0.897689,0.06438,-0.941005,0.332169,-0.956124,0.037172,0.29064,-0.011486,0.01073,-0.008771,0.034432,0.000405,-0.011877,-0.027015,-0.183687,0.022205,0.301658,0.899155,0.288017,0.329481,-0.24351,0.954881,-0.169823,-0.364649,0.072081,0.928277,0.008545,0.013779,-0.080253,-0.150768,0.361025,0.287639,-1.407066,0.027824,0.032164,-0.025925,-0.921073,-0.097001,0.377112,0.033348,-0.984566,-0.171801,0.387957,-0.145665,0.910093,0.004321,0.006943,-0.040069,-0.206362,0.413896,0.322668,-0.771672,0.078596,0.0421,-0.03349,-0.323696,-0.323493,-0.889141,0.199472,-0.941947,0.270086,-0.924894,-0.089933,0.369433,-9.9e-05,-0.000525,-0.000225,0.00016,1.1e-05,-0.000265,-0.240709
272,0.126034,0.034751,0.412638,-0.284805,-0.336778,-0.897503,0.064555,-0.940873,0.332508,-0.956067,0.037174,0.290827,-0.011792,0.001271,0.001044,-0.000984,0.014715,-0.029553,-0.010617,-0.183617,0.022404,0.300141,0.897724,0.283764,0.336987,-0.238973,0.956295,-0.168303,-0.371138,0.07018,0.925848,-0.004454,0.002072,-0.072289,-0.012815,0.108013,0.230518,-1.407283,0.027859,0.032265,-0.026681,-0.918085,-0.092573,0.38542,0.028362,-0.985195,-0.169071,0.395366,-0.14429,0.907119,-0.002173,0.001155,-0.036026,0.036961,0.046052,0.197443,-0.774448,0.078512,0.042118,-0.0335,-0.323784,-0.323896,-0.888962,0.199692,-0.941805,0.270416,-0.924816,-0.089963,0.369621,-0.005888,0.00067,0.000543,-0.000817,0.01468,-0.029652,-0.228299
273,0.12567,0.034823,0.412611,-0.28519,-0.33773,-0.897023,0.064989,-0.940531,0.33339,-0.955922,0.037196,0.291299,-0.011747,0.00151,0.001151,-0.000984,0.014715,-0.029553,0.044412,-0.183384,0.02299,0.297142,0.895145,0.270133,0.354591,-0.226265,0.960736,-0.160387,-0.385111,0.062977,0.920645,0.008742,0.018144,-0.076862,-0.197124,0.296018,0.49787,-1.406936,0.027972,0.032548,-0.028155,-0.912286,-0.080676,0.401528,0.016057,-0.986697,-0.16177,0.409238,-0.141133,0.901446,0.004419,0.009196,-0.038304,-0.367401,0.467328,0.624888,-0.77951,0.078334,0.042153,-0.033514,-0.324007,-0.32489,-0.888518,0.200161,-0.941463,0.271259,-0.924637,-0.089957,0.370071,-0.005666,0.005758,-0.004204,0.034538,0.000313,-0.011934,-0.184864
274,0.125229,0.034988,0.412504,-0.279364,-0.33829,-0.898643,0.063951,-0.940365,0.334057,-0.957718,0.036269,0.285461,-0.01163,0.009917,-0.009128,-0.057696,-0.231117,-0.110857,0.102462,-0.183164,0.023897,0.294188,0.89195,0.250265,0.376541,-0.209761,0.966844,-0.14542,-0.401563,0.050388,0.914369,-0.004789,0.022807,-0.071557,-0.522812,0.64071,0.753459,-1.407293,0.028084,0.032989,-0.029609,-0.904517,-0.062865,0.421776,2.3e-05,-0.98908,-0.147373,0.426436,-0.133292,0.894642,-0.002341,0.011645,-0.035529,-0.354855,0.443708,0.619646,-0.78098,0.078119,0.042236,-0.033563,-0.319081,-0.324419,-0.890471,0.199282,-0.941546,0.271618,-0.926538,-0.090787,0.36508,-0.005877,0.004622,-0.004708,-0.142442,-0.41163,-0.219356,-0.11073
275,0.125023,0.035082,0.412407,-0.274339,-0.340671,-0.899292,0.062994,-0.939511,0.336631,-0.959238,0.036118,0.280328,-0.011772,0.009169,-0.009459,-0.107301,-0.355537,-0.164205,0.126313,-0.183106,0.024362,0.292871,0.890103,0.23913,0.387974,-0.201098,0.97002,-0.136217,-0.410027,0.042905,0.910989,-0.004701,0.025229,-0.06928,-0.516183,0.608996,0.768872,-1.407234,0.028116,0.033229,-0.030296,-0.899603,-0.05194,0.433606,-0.008907,-0.990512,-0.13713,0.436615,-0.127225,0.890606,0.004562,0.012767,-0.035036,-0.195793,0.26385,0.525147,-0.780164,0.078012,0.042284,-0.033611,-0.313938,-0.326177,-0.891656,0.198469,-0.940933,0.274325,-0.928467,-0.090845,0.36013,-0.006135,-0.000629,-3.5e-05,-0.221663,-0.506636,-0.282534,-0.073663
276,0.124641,0.035318,0.412149,-0.258668,-0.346399,-0.901745,0.059547,-0.937441,0.342971,-0.96382,0.035444,0.264239,8e-05,0.008187,-0.010371,-0.137889,-0.550643,0.003752,0.148714,-0.182961,0.025268,0.290387,0.884988,0.216832,0.412033,-0.183683,0.975759,-0.11869,-0.428884,0.029063,0.902816,-0.004524,0.030071,-0.064617,-0.422601,0.499182,0.68101,-1.406871,0.028188,0.03368,-0.03154,-0.888612,-0.030829,0.457621,-0.026465,-0.992629,-0.11826,0.457895,-0.117198,0.881247,0.005003,0.009589,-0.028903,-0.513668,0.537022,0.778852,-0.785715,0.077815,0.042399,-0.03374,-0.29765,-0.330167,-0.895764,0.195308,-0.939506,0.281392,-0.934483,-0.091193,0.344128,-0.006057,-0.000228,0.000144,-0.250964,-0.6027,-0.293575,-0.02092
277,0.124299,0.035612,0.411863,-0.231069,-0.352514,-0.906855,0.052415,-0.935219,0.350126,-0.971249,0.033803,0.235709,0.000201,0.008797,-0.010094,-0.297364,-0.968545,-0.177038,0.143824,-0.18277,0.026419,0.288071,0.877926,0.203386,0.433441,-0.176295,0.979001,-0.102037,-0.446186,0.012892,0.894771,0.009439,0.036103,-0.059674,-0.522903,0.668806,0.656077,-1.407207,0.028279,0.034252,-0.032702,-0.878165,-0.019399,0.477963,-0.03347,-0.994236,-0.101848,0.477184,-0.105437,0.872454,0.005106,0.012254,-0.026246,-0.246541,0.365812,0.369901,-0.792737,0.077644,0.042545,-0.033884,-0.271434,-0.332334,-0.903259,0.188943,-0.93863,0.28857,-0.943728,-0.092337,0.317569,-0.005768,0.005153,-0.004465,-0.094434,-0.443973,0.011953,-0.006877
278,0.123975,0.035884,0.411673,-0.201855,-0.361379,-0.910333,0.050746,-0.93206,0.358693,-0.977861,0.026652,0.207616,-0.011702,0.001708,0.001241,-0.304769,-0.553081,-0.744083,0.136978,-0.182631,0.027842,0.286022,0.867968,0.186904,0.460097,-0.172158,0.982252,-0.073994,-0.466842,-0.015239,0.884132,0.009694,0.043281,-0.052237,-0.461633,0.589804,0.630867,-1.407556,0.028348,0.034958,-0.033732,-0.863086,-0.004484,0.505035,-0.03698,-0.996715,-0.072046,0.5037,-0.080859,0.860086,-0.001643,0.015595,-0.022243,-0.706068,0.931131,0.585047,-0.800248,0.077482,0.042684,-0.033983,-0.240358,-0.337637,-0.91007,0.187354,-0.936062,0.297799,-0.952431,-0.098927,0.288248,-0.005834,0.000898,0.000648,-0.357487,-0.606227,-0.861346,-0.015532
279,0.123749,0.036,0.411608,-0.187065,-0.362412,-0.913077,0.046675,-0.931698,0.360183,-0.981017,0.025204,0.192344,-0.012007,0.000141,0.000543,-0.2396,-0.81606,0.012483,0.135825,-0.182479,0.028786,0.285097,0.860584,0.183063,0.475263,-0.177704,0.982433,-0.056398,-0.478309,-0.03617,0.877368,0.009939,0.050394,-0.044759,-0.626944,0.849986,0.641234,-1.406903,0.028424,0.03542,-0.034204,-0.854655,-0.002625,0.519188,-0.030627,-0.99799,-0.055462,0.51829,-0.063302,0.852858,0.011533,0.031707,-0.025785,-0.67236,0.794115,0.936082,-0.802208,0.077379,0.042745,-0.034014,-0.22705,-0.337005,-0.913714,0.183814,-0.936184,0.299616,-0.956378,-0.099926,0.274507,-0.005621,0.00588,-0.004136,-0.275765,-1.05003,-0.032675,-0.016185
280,0.123233,0.036046,0.411556,-0.166217,-0.363629,-0.91662,0.040839,-0.931276,0.36198,-0.985049,0.023179,0.170788,-0.012645,-0.003072,-0.000889,-0.111152,-0.478538,0.158395,0.143835,-0.182006,0.031293,0.283626,0.845969,0.163377,0.507578,-0.186232,0.982456,-0.005614,-0.500642,-0.09,0.860883,0.010267,0.061912,-0.032518,-1.0014,1.098948,0.992939,-1.4074,0.028664,0.036695,-0.034955,-0.83437,0.013972,0.551026,-0.019711,-0.999795,-0.004496,0.550851,-0.014612,0.834475,0.005175,0.031474,-0.015733,-1.113404,1.203835,1.073116,-0.797799,0.077118,0.042774,-0.034038,-0.204888,-0.335964,-0.919319,0.177758,-0.936398,0.302589,-0.962508,-0.101419,0.251577,-0.006257,-0.001209,-0.000289,-0.142047,-0.474676,-0.02515,-0.011613
281,0.122586,0.035792,0.411456,-0.153458,-0.362393,-0.91933,0.037218,-0.931794,0.361036,-0.987275,0.021632,0.157627,-0.025664,-0.007799,-0.002532,-0.033732,-0.147782,0.049237,0.156117,-0.181617,0.033519,0.282627,0.825614,0.141155,0.546286,-0.202472,0.977789,0.053559,-0.527617,-0.155018,0.835136,0.024071,0.070232,-0.024799,-1.009649,1.08835,0.883774,-1.407292,0.02885,0.03778,-0.035447,-0.807998,0.031508,0.588341,8.5e-05,-0.998562,0.053593,0.589184,0.043353,0.806834,0.012422,0.029485,-0.008715,-1.366318,1.203893,0.729074,-0.788981,0.076799,0.042653,-0.034085,-0.192337,-0.333033,-0.923089,0.174103,-0.937311,0.301887,-0.96576,-0.102649,0.238262,-0.007057,-0.005179,-0.002067,-0.02219,-0.139398,0.088542,0.00243
282,0.1218,0.035212,0.411223,-0.151356,-0.357433,-0.921617,0.036628,-0.93373,0.356058,-0.987624,0.020573,0.155568,-0.027489,-0.016474,-0.006474,0.003273,-0.028394,0.069662,0.169109,-0.180765,0.036432,0.282267,0.800919,0.133509,0.583691,-0.245822,0.962141,0.117432,-0.546907,-0.237716,0.80265,0.024314,0.087486,-0.006801,-1.561431,1.330151,0.970124,-1.406754,0.029267,0.039188,-0.03564,-0.78165,0.032682,0.622859,0.047698,-0.992569,0.111939,0.62189,0.117206,0.774283,0.019363,0.038008,-0.000481,-4.654998,0.972965,-3.163174,-0.782613,0.076414,0.042376,-0.034196,-0.191507,-0.327674,-0.925177,0.173452,-0.939087,0.296696,-0.966042,-0.103654,0.236677,-0.007916,-0.009326,-0.003951,0.004525,-0.039953,0.100688,0.021046
283,0.121423,0.03483,0.411063,-0.150683,-0.355823,-0.92235,0.03644,-0.934353,0.354442,-0.987735,0.020234,0.154909,-0.01637,-0.021061,-0.009062,0.004268,-0.04309,0.099223,0.1658,-0.180288,0.0382,0.282239,0.77903,0.126161,0.614155,-0.269432,0.951787,0.146432,-0.567035,-0.279716,0.774657,0.024275,0.093379,-0.000781,-1.540702,3.794147,-1.02315,-1.406897,0.029505,0.040075,-0.035658,-0.75935,0.038426,0.649546,0.069893,-0.987662,0.140136,0.646917,0.151811,0.747295,0.012155,0.047147,6.7e-05,-1.187097,1.734693,1.129486,-0.778204,0.076226,0.042186,-0.034275,-0.191114,-0.325932,-0.925874,0.17318,-0.93966,0.295038,-0.966169,-0.103957,0.236027,-0.007897,-0.005293,-0.009182,0.03898,-0.057241,0.117034,0.024801
284,0.12062,0.034036,0.410589,-0.148115,-0.349793,-0.925069,0.035855,-0.936654,0.348375,-0.988148,0.01886,0.152429,-0.017304,-0.025168,-0.011047,0.003172,-0.061101,0.141345,0.152364,-0.179757,0.041261,0.282735,0.738452,0.069672,0.67069,-0.291155,0.930014,0.224132,-0.609047,-0.360879,0.70618,0.012084,0.07186,0.015695,-1.722591,2.185807,1.261367,-1.407404,0.029786,0.041637,-0.035407,-0.703638,0.081115,0.705913,0.105052,-0.970669,0.216251,0.702749,0.22632,0.674478,0.006028,0.036563,0.008485,-2.083303,2.547071,1.586402,-0.782286,0.075824,0.041785,-0.034509,-0.189522,-0.319556,-0.92842,0.172292,-0.941709,0.28896,-0.966641,-0.105196,0.233531,-0.008704,-0.012907,-0.005652,0.009813,-0.398671,0.91113,0.01827
285,0.119741,0.033282,0.409834,-0.142587,-0.337097,-0.930634,0.034935,-0.941352,0.33557,-0.989001,0.015749,0.147162,-0.017825,-0.019484,-0.02274,0.031083,0.005427,-0.022569,0.134899,-0.179813,0.043081,0.283864,0.692301,-0.00998,0.721534,-0.303734,0.902893,0.304076,-0.655353,-0.429657,0.621104,0.000856,0.035065,0.035188,-1.720101,2.364265,1.023541,-1.40748,0.029762,0.042575,-0.034849,-0.639792,0.150329,0.753701,0.126304,-0.946782,0.296056,0.758098,0.28461,0.586757,-0.006247,0.017791,0.018436,-1.486822,1.992133,0.942403,-0.778531,0.07538,0.041407,-0.034881,-0.18598,-0.305992,-0.933691,0.170727,-0.945879,0.275979,-0.967607,-0.10808,0.228156,-0.014847,-0.009071,-0.010811,0.043466,-0.396499,0.891489,-0.001162
286,0.119296,0.032924,0.409393,-0.139865,-0.330969,-0.933243,0.034752,-0.94355,0.329359,-0.989399,0.014039,0.144636,-0.018123,-0.020632,-0.023365,0.038471,-0.046501,0.09022,0.130654,-0.179776,0.043853,0.284607,0.671019,-0.04075,0.740313,-0.311495,0.890508,0.331512,-0.673586,-0.453005,0.583893,0.000958,0.040071,0.039907,-1.263148,1.786994,0.788038,-1.407401,0.029775,0.042951,-0.034487,-0.610897,0.177354,0.771589,0.137841,-0.935875,0.324249,0.779618,0.304439,0.547276,0.000461,0.020002,0.019939,-1.222899,1.878308,0.606043,-0.778041,0.075151,0.041219,-0.035111,-0.184179,-0.299336,-0.936202,0.170229,-0.947817,0.26956,-0.968038,-0.109722,0.225523,-0.009116,-0.010641,-0.011817,0.037233,-0.041625,0.080105,-0.01096
287,0.11828,0.032221,0.408304,-0.134584,-0.319399,-0.938039,0.035137,-0.947576,0.317549,-0.990124,0.010168,0.139922,-0.030272,-0.011858,-0.03324,0.072713,-0.047171,0.077817,0.135293,-0.179595,0.045337,0.28642,0.64239,-0.090139,0.761052,-0.322239,0.86914,0.375088,-0.696056,-0.48608,0.528294,0.002491,0.021385,0.057488,-0.926443,1.219154,0.604308,-1.407886,0.02987,0.043703,-0.033591,-0.571222,0.220162,0.790717,0.15481,-0.917166,0.367205,0.806063,0.332167,0.489822,0.000856,0.017026,0.025828,-0.918837,0.636227,0.952274,-0.777388,0.074659,0.040873,-0.035643,-0.180756,-0.287221,-0.940654,0.169984,-0.951139,0.257758,-0.968726,-0.113305,0.220747,-0.00922,-0.00702,-0.017336,0.073274,-0.060147,0.103884,-0.017328
288,0.117273,0.031604,0.407052,-0.132718,-0.316106,-0.93942,0.037184,-0.948706,0.313921,-0.990303,0.007118,0.138837,-0.03092,-0.014049,-0.034516,0.071579,-0.035682,0.051401,0.152749,-0.179431,0.046684,0.288603,0.633094,-0.133034,0.762553,-0.323822,0.849157,0.41714,-0.703794,-0.51085,0.493528,0.001891,0.042441,0.058805,-0.65684,1.020218,0.350795,-1.407985,0.029954,0.044393,-0.032462,-0.551915,0.261735,0.791759,0.163071,-0.897259,0.410283,0.817799,0.355555,0.45253,0.000923,0.021701,0.029868,-0.657635,1.032123,0.33614,-0.778531,0.074143,0.040555,-0.036278,-0.179363,-0.28352,-0.942042,0.171816,-0.951882,0.253767,-0.968662,-0.116342,0.219445,-0.015382,-0.006766,-0.017113,0.071554,-0.03563,0.051406,-0.006877
289,0.116662,0.031378,0.406327,-0.132665,-0.316612,-0.939256,0.038756,-0.948546,0.314213,-0.99025,0.00567,0.139281,-0.0308,-0.013033,-0.034149,0.064358,0.046894,-0.129397,0.17568,-0.179361,0.047541,0.28985,0.625731,-0.15171,0.765139,-0.325508,0.840526,0.433008,-0.709573,-0.519811,0.475568,0.002705,0.036023,0.07005,-0.586223,0.652625,0.589942,-1.407729,0.029988,0.044805,-0.031868,-0.540855,0.278107,0.793807,0.16726,-0.889347,0.425541,0.824317,0.362929,0.434492,0.000945,0.023956,0.031726,-0.687226,0.933826,0.561602,-0.775428,0.073849,0.040443,-0.03663,-0.179227,-0.283948,-0.941939,0.173319,-0.951581,0.253877,-0.96842,-0.117754,0.219762,-0.01512,-0.001556,-0.021825,0.099614,0.031612,-0.11212,0.007982
290,0.115374,0.031219,0.404887,-0.133811,-0.320638,-0.937727,0.042508,-0.947204,0.317756,-0.989941,0.003051,0.141546,-0.029335,0.001992,-0.041381,0.100589,0.019396,-0.086112,0.258472,-0.179277,0.048664,0.292816,0.600269,-0.216675,0.769884,-0.296562,0.833577,0.465977,-0.743454,-0.507754,0.435116,0.003423,0.026428,0.077515,0.619349,1.511619,1.31805,-1.408267,0.030031,0.04538,-0.030378,-0.50329,0.334867,0.796595,0.14345,-0.87669,0.459168,0.852127,0.345366,0.393193,0.002089,0.007465,0.042317,3.558673,3.337965,3.03645,-0.775591,0.073191,0.040346,-0.037363,-0.17976,-0.288126,-0.940568,0.177217,-0.949985,0.257141,-0.967615,-0.120461,0.22183,-0.020598,0.002029,-0.019956,0.099595,0.034092,-0.115602,0.087342
291,0.113855,0.031631,0.403268,-0.137141,-0.330359,-0.933864,0.048179,-0.943863,0.326764,-0.989221,0.000224,0.146524,-0.039556,0.012237,-0.036006,0.100541,0.0217,-0.089882,0.383545,-0.179153,0.049513,0.295977,0.56989,-0.27916,0.772844,-0.238935,0.843487,0.481015,-0.786855,-0.458432,0.412993,0.003355,0.026509,0.076262,4.053869,3.059081,2.561372,-1.406575,0.030092,0.0458,-0.02882,-0.462421,0.38763,0.797438,0.089491,-0.874376,0.476924,0.882132,0.291904,0.369641,0.001999,0.007599,0.041769,0.760732,1.428741,0.926321,-0.778694,0.072453,0.040532,-0.038162,-0.181632,-0.298349,-0.937015,0.183152,-0.946455,0.265852,-0.966159,-0.123329,0.22655,-0.019523,0.010878,-0.022837,0.135364,0.014969,-0.09261,0.228261
292,0.112166,0.032897,0.401617,-0.12768,-0.363102,-0.922984,0.107245,-0.930183,0.351041,-0.985853,-0.053719,0.158859,-0.035731,0.043875,-0.049059,5.275555,-1.920666,-1.003021,0.500601,-0.17893,0.049857,0.299254,0.54017,-0.337551,0.770887,-0.173598,0.851536,0.494656,-0.824064,-0.400597,0.400378,0.005465,-0.01167,0.092959,4.117637,3.46629,2.682271,-1.405808,0.030198,0.046001,-0.027188,-0.423322,0.437293,0.793455,0.025169,-0.869785,0.492788,0.905629,0.228579,0.357193,0.002396,0.000179,0.043132,4.041863,2.873018,2.211581,-0.780817,0.071604,0.041144,-0.038987,-0.169747,-0.329736,-0.928686,0.236882,-0.928386,0.286331,-0.956594,-0.171385,0.235699,-0.023544,0.024059,-0.023239,0.2102,0.359491,-0.887811,0.39841
293,0.111387,0.033766,0.400802,-0.132124,-0.38533,-0.913295,0.112536,-0.921233,0.372341,-0.984671,-0.053111,0.16622,-0.034623,0.048347,-0.046751,0.183934,1.146057,-2.618371,0.522376,-0.178782,0.049605,0.300973,0.521526,-0.372067,0.767833,-0.130153,0.854592,0.502659,-0.843838,-0.361618,0.396273,0.005418,-0.012866,0.091484,0.987095,0.966573,0.873185,-1.405265,0.030279,0.045876,-0.026295,-0.393897,0.471644,0.788921,-0.021877,-0.862879,0.504936,0.918894,0.181633,0.350204,0.002732,-0.006756,0.04538,4.027936,3.107688,2.297353,-0.778531,0.071197,0.041593,-0.039409,-0.167792,-0.351012,-0.921214,0.247985,-0.919442,0.305169,-0.954121,-0.177242,0.241321,-0.017134,0.024816,-0.023024,0.176179,0.082408,-0.253837,0.466339
294,0.1104,0.035606,0.399079,-0.113339,-0.419754,-0.900559,0.115007,-0.905837,0.407682,-0.986748,-0.056849,0.152066,-0.021698,0.050005,-0.046142,-0.244846,-1.36015,0.070023,0.523171,-0.178579,0.048409,0.304772,0.451868,-0.464401,0.761668,-0.012591,0.850311,0.526068,-0.892504,-0.246723,0.377395,0.006796,-0.041853,0.099884,3.931726,3.623896,2.964315,-1.405375,0.030377,0.045313,-0.024435,-0.312568,0.543815,0.778823,-0.130832,-0.836737,0.531745,0.940841,0.064311,0.332686,0.003417,-0.020879,0.049881,4.108561,3.328819,2.833238,-0.778204,0.070709,0.042504,-0.040253,-0.148871,-0.387627,-0.909715,0.253386,-0.904204,0.343814,-0.955841,-0.179325,0.232829,-0.01075,0.025328,-0.022895,-0.164025,-0.839133,-0.589522,0.511081
295,0.109614,0.037391,0.397674,-0.072685,-0.433576,-0.898206,0.107392,-0.898744,0.425086,-0.991477,-0.06503,0.11301,-0.020566,0.046817,-0.033218,-0.281198,-1.057393,-0.695897,0.521729,-0.178325,0.046228,0.308783,0.350571,-0.571176,0.742192,0.126508,0.814012,0.566846,-0.928339,-0.104114,0.356666,0.008241,-0.068621,0.110848,3.540438,4.196683,3.026172,-1.405324,0.03051,0.044185,-0.022354,-0.188964,0.630555,0.752789,-0.26177,-0.771206,0.580273,0.94645,-0.087406,0.310791,0.004113,-0.034487,0.055116,3.562405,4.181096,2.992885,-0.777061,0.070306,0.04341,-0.040975,-0.104282,-0.394427,-0.91299,0.245598,-0.899778,0.360666,-0.963745,-0.186618,0.190701,-0.01014,0.023904,-0.016348,-0.339631,-1.123101,-0.946062,0.517286
296,0.109226,0.038315,0.397033,-0.050759,-0.439768,-0.896701,0.10237,-0.89541,0.433281,-0.993399,-0.069262,0.091589,-0.020287,0.047686,-0.032722,-0.217453,-0.977742,-0.422987,0.522196,-0.17818,0.044918,0.310906,0.286455,-0.616784,0.733152,0.194782,0.786636,0.585831,-0.938392,-0.024242,0.344524,0.021103,-0.068426,0.110007,0.55447,1.552045,1.288483,-1.405046,0.030575,0.043555,-0.021336,-0.116328,0.662417,0.740048,-0.321772,-0.730056,0.602893,0.939643,-0.167993,0.298073,0.004095,-0.034716,0.054905,3.515045,4.253431,2.849235,-0.780164,0.070113,0.043876,-0.041294,-0.080612,-0.398498,-0.913619,0.240662,-0.897265,0.37013,-0.967255,-0.190037,0.168233,-0.004089,0.023238,-0.016845,-0.333285,-1.179559,-0.653672,0.517449
297,0.108752,0.039982,0.395868,-0.009562,-0.452138,-0.891922,0.086843,-0.888959,0.449646,-0.996176,-0.072602,0.048878,-0.009199,0.034795,-0.025138,-0.30506,-1.074204,-0.491265,0.520012,-0.177731,0.042112,0.31529,0.146491,-0.689966,0.708857,0.313823,0.711887,0.628224,-0.938241,0.131283,0.319893,0.021842,-0.083821,0.114238,3.976022,2.760222,4.773123,-1.404651,0.030796,0.04219,-0.019182,0.030378,0.703113,0.710428,-0.416835,-0.63709,0.648354,0.908473,-0.315828,0.273728,0.004079,-0.035973,0.053734,4.182932,5.25125,3.092399,-0.796329,0.069877,0.044708,-0.041866,-0.039521,-0.405954,-0.913038,0.226556,-0.893595,0.387503,-0.973195,-0.19154,0.127287,0.001786,0.021867,-0.017671,-0.252781,-0.695472,-0.267187,0.518918
298,0.108454,0.041315,0.3948,0.009405,-0.463363,-0.886144,0.047194,-0.884982,0.463197,-0.998866,-0.045607,0.014651,0.002166,0.030711,-0.027495,-5.136056,1.602114,-0.319324,0.511696,-0.177162,0.038942,0.319315,-0.002808,-0.736717,0.676189,0.415532,0.614083,0.670947,-0.909509,0.283775,0.303527,0.008125,-0.081356,0.100994,4.358368,5.168152,2.805362,-1.40519,0.031088,0.040584,-0.01712,0.184793,0.721287,0.667529,-0.494635,-0.518667,0.697366,0.849227,-0.459051,0.260927,0.010813,-0.04671,0.053211,3.47804,4.308728,2.663299,-0.814455,0.069725,0.045379,-0.042398,-0.016807,-0.414598,-0.909848,0.193396,-0.89414,0.403868,-0.980976,-0.169174,0.095209,-0.004835,0.016261,-0.013084,-0.143676,-0.693197,-0.303228,0.512713
299,0.108176,0.042442,0.393877,0.016831,-0.471896,-0.881519,0.016919,-0.881376,0.472082,-0.999749,-0.022279,-0.00575,-0.00953,0.033073,-0.025861,-0.079664,-0.414938,-0.392246,0.50714,-0.176305,0.035454,0.323242,-0.15532,-0.751511,0.641169,0.488807,0.505436,0.71101,-0.858187,0.424771,0.288005,0.034055,-0.084605,0.096864,0.376147,1.521273,1.658191,-1.405088,0.031506,0.038836,-0.015158,0.337421,0.703522,0.625462,-0.546636,-0.394492,0.738622,0.766377,-0.591127,0.25146,0.010428,-0.04317,0.048014,3.484257,4.231585,2.54745,-0.828661,0.069586,0.045952,-0.042871,-0.008738,-0.423103,-0.906039,0.158104,-0.895261,0.416545,-0.987383,-0.139609,0.074717,-0.005148,0.011276,-0.008412,-0.166609,-0.626284,-0.299476,0.503243
300,0.108059,0.043004,0.393447,0.014124,-0.473908,-0.880487,0.00108,-0.88056,0.473904,-0.99993,-0.00706,-0.010826,-0.009299,0.033921,-0.025406,0.007887,-0.163777,-0.055671,0.509246,-0.175689,0.033769,0.325158,-0.243978,-0.745966,0.619678,0.524599,0.435779,0.731318,-0.815256,0.504429,0.284205,0.034135,-0.085906,0.096086,3.89671,5.435089,3.05413,-1.405396,0.031802,0.03802,-0.014234,0.415047,0.683516,0.60045,-0.563086,-0.325401,0.759636,0.714611,-0.65339,0.249822,0.016991,-0.042898,0.04814,0.648542,1.649196,1.871712,-0.837642,0.069531,0.046223,-0.043081,-0.010225,-0.425843,-0.904738,0.142302,-0.896196,0.420215,-0.98977,-0.12445,0.069761,0.000886,0.010782,-0.008843,-0.422045,0.056577,-0.049263,0.501936
301,0.107898,0.043805,0.392829,0.009088,-0.474774,-0.880087,-0.013027,-0.880097,0.474585,-0.999898,0.007736,-0.013084,0.000653,0.009892,-0.00929,0.03458,-0.017724,0.016014,0.511573,-0.174348,0.030923,0.328521,-0.381906,-0.723281,0.57533,0.55226,0.32041,0.769598,-0.740479,0.612536,0.276322,0.032663,-0.064904,0.079784,0.751324,1.582893,1.496981,-1.405751,0.032472,0.036585,-0.012544,0.547155,0.631646,0.549221,-0.566066,-0.204119,0.798688,0.616595,-0.747902,0.245869,0.016168,-0.032662,0.039501,2.819059,4.609133,2.82793,-0.840418,0.069444,0.046644,-0.0434,-0.01569,-0.427116,-0.90406,0.128594,-0.897524,0.421797,-0.991572,-0.109639,0.069007,0.000712,0.010066,-0.00919,0.075421,-0.021755,0.040255,0.504059
302,0.107769,0.043972,0.392736,-0.00289,-0.465804,-0.884909,-0.046471,-0.883886,0.465358,-0.998924,0.043041,-0.017987,-7e-06,-0.007287,0.010591,-0.474258,0.235205,0.000448,0.516855,-0.173148,0.028694,0.331216,-0.540425,-0.669909,0.509072,0.550358,0.176028,0.816122,-0.635644,0.722046,0.272892,0.044127,-0.047165,0.059629,0.849944,1.11477,2.626436,-1.406028,0.033095,0.035425,-0.011134,0.692931,0.543135,0.474182,-0.531918,-0.05888,0.844745,0.486731,-0.837577,0.248104,0.022043,-0.02396,0.029581,0.940255,1.065431,2.653405,-0.851685,0.069378,0.046726,-0.043458,-0.02887,-0.41921,-0.907429,0.09557,-0.904806,0.414958,-0.995003,-0.074744,0.066186,-0.00559,0.002205,0.001287,-1.479528,0.806592,-0.082565,0.510427
303,0.10774,0.043851,0.392976,0.000616,-0.459695,-0.888102,-0.055307,-0.88675,0.458897,-0.998483,0.049401,-0.024862,-0.000237,-0.015472,0.02074,-0.108147,-0.061081,0.170051,0.518731,-0.172433,0.028027,0.332236,-0.606756,-0.639609,0.471951,0.53342,0.11237,0.838314,-0.588449,0.761184,0.272378,0.029429,-0.023394,0.046001,2.830649,3.374521,5.328819,-1.405996,0.033452,0.035085,-0.010629,0.748225,0.50084,0.435106,-0.502329,-0.000739,0.864676,0.433386,-0.865539,0.251033,0.014573,-0.011675,0.022945,2.756344,3.393428,5.334732,-0.857237,0.069363,0.046662,-0.043335,-0.026382,-0.412656,-0.910504,0.085972,-0.908383,0.409204,-0.995947,-0.067482,0.059442,-7.5e-05,-0.007565,0.010467,-0.094831,-0.032097,0.170026,0.513693
304,0.10782,0.043369,0.393661,0.001636,-0.447633,-0.894241,-0.070555,-0.892056,0.446351,-0.997521,0.062914,-0.031926,-0.000307,-0.015766,0.020615,-0.063691,-0.070132,0.169686,0.522426,-0.171301,0.027754,0.333501,-0.680821,-0.594813,0.427401,0.508493,0.035938,0.860278,-0.526195,0.803752,0.277426,0.026829,0.00515,0.018361,0.666719,0.951984,1.452802,-1.405996,0.034018,0.034955,-0.00999,0.810251,0.440407,0.386695,-0.460361,0.069918,0.884973,0.362712,-0.895071,0.259397,0.013416,0.002154,0.008871,0.707097,0.939044,1.43929,-0.866871,0.069405,0.046433,-0.042996,-0.027572,-0.400342,-0.91595,0.070503,-0.914796,0.397715,-0.99713,-0.053612,0.053448,0.005609,-0.009386,0.009367,-0.061404,-0.067562,0.167002,0.518429
305,0.10799,0.042729,0.39434,0.002015,-0.446554,-0.89478,-0.072201,-0.892502,0.445195,-0.997404,0.064257,-0.032924,0.011672,-0.009775,0.008987,-0.028433,-0.088332,0.19014,0.523635,-0.170699,0.027936,0.333951,-0.738562,-0.555035,0.382693,0.47438,-0.024735,0.879935,-0.477987,0.832106,0.281057,0.012933,0.01091,0.0073,0.596897,1.120901,1.265116,-1.405963,0.034319,0.035041,-0.009769,0.856049,0.389789,0.339477,-0.413389,0.122005,0.902343,0.310305,-0.912786,0.265577,0.006471,0.005232,0.003482,0.65119,1.113114,1.237742,-0.872259,0.069486,0.046113,-0.042651,-0.027413,-0.399295,-0.916412,0.068842,-0.915334,0.396766,-0.99725,-0.052211,0.05258,-0.000404,-0.008872,0.009825,-0.068764,0.019397,-0.00481,0.521204
306,0.108124,0.042063,0.394911,0.00178,-0.44606,-0.895026,-0.074367,-0.892599,0.444643,-0.997244,0.066318,-0.033644,0.011003,-0.012535,0.007625,-0.033894,0.002161,0.013111,0.522868,-0.170004,0.029094,0.333812,-0.797888,-0.507877,0.324695,0.423507,-0.089255,0.901448,-0.427828,0.857383,0.285868,0.024047,0.036961,-0.00678,-0.056342,-0.224718,0.816223,-1.405829,0.034657,0.035598,-0.009843,0.901214,0.331107,0.279608,-0.349649,0.174338,0.920517,0.256043,-0.927347,0.272887,0.005116,0.024218,-0.0067,0.0789,-0.304781,1.190592,-0.88173,0.069555,0.045791,-0.042371,-0.027626,-0.398651,-0.916686,0.066725,-0.915726,0.396223,-0.997388,-0.05022,0.051898,-0.000416,-0.005289,0.004494,-0.034522,0.01672,-0.016456,0.520388
307,0.108145,0.041798,0.395098,0.001326,-0.446435,-0.89484,-0.075153,-0.892346,0.44502,-0.997186,0.067209,-0.033617,-0.000986,-0.01128,0.008646,-0.034883,0.016856,-0.016452,0.523363,-0.169746,0.030026,0.333573,-0.823218,-0.477664,0.306825,0.400982,-0.106904,0.90979,-0.400725,0.872565,0.279127,0.010123,0.048135,-0.013627,-0.234603,0.064359,0.893323,-1.40578,0.034788,0.036042,-0.009954,0.918085,0.297635,0.261784,-0.325016,0.187209,0.926993,0.226898,-0.936143,0.26861,0.005072,0.024007,-0.006869,-0.045233,1.602543,1.461812,-0.882873,0.069569,0.04565,-0.042271,-0.028028,-0.399087,-0.916483,0.065907,-0.915587,0.396681,-0.997431,-0.049285,0.051965,-0.00055,-0.005836,0.004225,-0.03459,0.016736,-0.016492,0.520225
308,0.108228,0.041474,0.39535,0.003368,-0.447887,-0.894109,-0.077087,-0.891561,0.446261,-0.997036,0.067973,-0.036413,0.000265,0.001074,0.000535,-0.000105,-0.000286,-0.000141,0.523319,-0.169434,0.031903,0.332937,-0.862471,-0.428229,0.269731,0.355398,-0.133343,0.925119,-0.359099,0.894267,0.26683,-0.003713,0.054335,-0.024179,-0.084014,0.454868,0.776852,-1.4055,0.034952,0.037004,-0.010267,0.944797,0.240779,0.22222,-0.272949,0.203177,0.940328,0.181261,-0.949075,0.257682,0.005065,0.021467,-0.008772,0.151206,1.600431,1.106621,-0.886302,0.069608,0.045478,-0.042144,-0.025722,-0.400359,-0.915996,0.063978,-0.915081,0.398162,-0.997619,-0.048362,0.049152,-0.000208,-0.004475,0.004904,-0.031936,0.022816,-0.013426,0.520551
309,0.1083,0.041374,0.395405,0.002049,-0.450146,-0.892978,-0.076697,-0.890411,0.448617,-0.997068,0.068124,-0.035234,-0.000134,-0.000542,-0.00027,-0.0,-0.0,-0.0,0.523588,-0.169264,0.033932,0.331755,-0.901641,-0.366216,0.230044,0.305828,-0.164191,0.937787,-0.304515,0.916339,0.259723,-0.004564,0.05992,-0.036116,-0.32558,0.049833,0.998835,-1.405584,0.035035,0.038039,-0.010867,0.968231,0.172212,0.181303,-0.217776,0.224413,0.949848,0.122889,-0.959156,0.254788,-0.002229,0.02963,-0.018307,-0.439316,0.059409,1.049834,-0.88418,0.069645,0.045432,-0.042115,-0.02673,-0.402788,-0.914902,0.064475,-0.914018,0.400515,-0.997561,-0.048283,0.050401,-9.2e-05,-0.000362,-0.000182,9.2e-05,-1.6e-05,0.000286,0.520878
310,0.108367,0.041354,0.395381,0.002064,-0.45013,-0.892986,-0.076671,-0.890421,0.448601,-0.99707,0.068094,-0.035235,-8.7e-05,-0.000353,-0.000176,-0.0,-0.0,-0.0,0.523973,-0.169266,0.035094,0.331027,-0.914945,-0.342167,0.213981,0.285404,-0.174136,0.94242,-0.284041,0.923741,0.256685,0.008294,0.059386,-0.037464,-0.234427,0.095062,0.59241,-1.405505,0.035031,0.038596,-0.011218,0.975496,0.145581,0.164964,-0.195474,0.229345,0.953514,0.100979,-0.962396,0.252183,-0.002681,0.035057,-0.022286,-0.270143,-0.011899,0.977809,-0.886792,0.069674,0.045421,-0.042127,-0.026726,-0.402789,-0.914902,0.064502,-0.914016,0.400515,-0.997559,-0.048309,0.050409,-6.2e-05,-0.000254,-0.000129,6.5e-05,-1.2e-05,2.9e-05,0.520878
