frame,MLTx,MLTy,MLTz,MLTR1,MLTR2,MLTR3,MLTR4,MLTR5,MLTR6,MLTR7,MLTR8,MLTR9,MLTTVx,MLTTVy,MLTTVz,MLTRVx,MLTRVy,MLTRVz,MLGA,MRTx,MRTy,MRTz,MRTR1,MRTR2,MRTR3,MRTR4,MRTR5,MRTR6,MRTR7,MRTR8,MRTR9,MRTTVx,MRTTVy,MRTTVz,MRTRVx,MRTRVy,MRTRVz,MRGA,SLTx,SLTy,SLTz,SLTR1,SLTR2,SLTR3,SLTR4,SLTR5,SLTR6,SLTR7,SLTR8,SLTR9,SLTTVx,SLTTVy,SLTTVz,SLTRVx,SLTRVy,SLTRVz,SLGA,SRTx,SRTy,SRTz,SRTR1,SRTR2,SRTR3,SRTR4,SRTR5,SRTR6,SRTR7,SRTR8,SRTR9,SRTTVx,SRTTVy,SRTTVz,SRTRVx,SRTRVy,SRTRVz,SRGA
1,0.137667,0.054274,0.403908,-0.249615,-0.543305,-0.801596,0.574797,-0.749309,0.32881,-0.778976,-0.37801,0.500331,0.0,0.0,0.0,0.0,0.0,0.0,0.520786,-0.188403,0.077935,0.361558,-0.217702,-0.67065,0.709102,0.742798,0.357308,0.566141,-0.632768,0.650792,0.41945,0.0,0.0,0.0,0.0,0.0,0.0,0.535426,0.023951,0.057258,-0.005277,0.199236,0.640474,0.741685,-0.738115,-0.399761,0.543485,0.644585,-0.655731,0.393097,0.00027,-0.005777,0.003799,-0.036399,0.012992,-0.016821,0.523548,0.080051,0.053397,-0.045331,-0.251866,-0.512698,-0.820794,0.587497,-0.754974,0.291307,-0.769031,-0.408844,0.491361,-1e-06,4e-06,-1e-06,-0.000322,7e-05,0.000161,0.521041
2,0.137667,0.054274,0.403908,-0.249615,-0.543305,-0.801596,0.574797,-0.749309,0.32881,-0.778976,-0.37801,0.500331,0.0,0.0,0.0,0.0,0.0,0.0,0.520952,-0.188412,0.077928,0.361555,-0.217687,-0.670621,0.709134,0.742805,0.357336,0.566114,-0.632765,0.650806,0.419431,-2e-06,-5.2e-05,-2.5e-05,0.0,0.0,0.0,0.535603,0.023951,0.057258,-0.005277,0.199236,0.640474,0.741685,-0.738115,-0.399761,0.543485,0.644585,-0.655731,0.393097,0.00027,-0.005777,0.003799,-0.036399,0.012992,-0.016821,0.523548,0.080051,0.053397,-0.045331,-0.251866,-0.512698,-0.820794,0.587497,-0.754974,0.291307,-0.769031,-0.408844,0.491361,-1e-06,4e-06,-1e-06,-0.000322,7e-05,0.000161,0.521041
3,0.137667,0.054274,0.403908,-0.249615,-0.543305,-0.801596,0.574797,-0.749309,0.32881,-0.778976,-0.37801,0.500331,0.0,0.0,0.0,0.0,0.0,0.0,0.521179,-0.188411,0.077935,0.361558,-0.217693,-0.670635,0.709119,0.742802,0.357324,0.566127,-0.632766,0.650799,0.419441,0.0,2e-06,1e-06,0.0,0.0,0.0,0.535555,0.023951,0.057258,-0.005277,0.199236,0.640474,0.741685,-0.738115,-0.399761,0.543485,0.644585,-0.655731,0.393097,0.00027,-0.005777,0.003799,-0.036399,0.012992,-0.016821,0.523222,0.080051,0.053397,-0.045331,-0.251866,-0.512698,-0.820794,0.587497,-0.754974,0.291307,-0.769031,-0.408844,0.491361,-1e-06,4e-06,-1e-06,-0.000322,7e-05,0.000161,0.521041
4,0.137549,0.054919,0.40435,-0.256661,-0.52909,-0.808847,0.574239,-0.75662,0.312645,-0.777087,-0.383577,0.49903,-0.006636,0.031325,0.013104,0.850146,-1.478152,2.476931,0.498522,-0.188421,0.077978,0.36154,-0.22036,-0.678591,0.700677,0.740713,0.350829,0.572885,-0.634285,0.646074,0.424422,2.4e-05,0.000702,0.000342,-0.020315,-1.676884,2.291719,0.535665,0.023951,0.057258,-0.005277,0.199236,0.640474,0.741685,-0.738115,-0.399761,0.543485,0.644585,-0.655731,0.393097,0.00027,-0.005777,0.003799,-0.036399,0.012992,-0.016821,0.523548,0.080051,0.053397,-0.045331,-0.251866,-0.512698,-0.820794,0.587497,-0.754974,0.291307,-0.769031,-0.408844,0.491361,-1e-06,4e-06,-1e-06,-0.000322,7e-05,0.000161,0.521041
5,0.137249,0.055604,0.404812,-0.259979,-0.518958,-0.814333,0.574619,-0.760888,0.301385,-0.775698,-0.38894,0.497036,-0.016427,0.041523,0.017568,0.009269,0.08616,-0.1176,0.498253,-0.188547,0.078217,0.361536,-0.228355,-0.702453,0.674096,0.734182,0.33034,0.593116,-0.63902,0.631214,0.439415,0.000295,0.008453,0.004111,-0.008637,-1.92167,2.637766,0.535703,0.023951,0.057258,-0.005277,0.199236,0.640474,0.741685,-0.738115,-0.399761,0.543485,0.644585,-0.655731,0.393097,0.00027,-0.005777,0.003799,-0.036399,0.012992,-0.016821,0.523548,0.080051,0.053397,-0.045331,-0.251866,-0.512698,-0.820794,0.587497,-0.754974,0.291307,-0.769031,-0.408844,0.491361,-1e-06,4e-06,-1e-06,-0.000322,7e-05,0.000161,0.521041
6,0.137057,0.056478,0.405054,-0.250608,-0.529544,-0.810447,0.583085,-0.75083,0.310222,-0.772471,-0.394164,0.497946,0.000331,0.010114,-0.009257,0.192687,0.357066,-1.072434,0.50009,-0.189162,0.079335,0.361578,-0.226782,-0.72645,0.648715,0.725089,0.318621,0.610459,-0.649867,0.609712,0.453637,-0.021936,0.032427,0.004049,-3.549601,-3.388848,-2.501256,0.535548,0.023951,0.057258,-0.005277,0.199236,0.640474,0.741685,-0.738115,-0.399761,0.543485,0.644585,-0.655731,0.393097,0.00027,-0.005777,0.003799,-0.036399,0.012992,-0.016821,0.523385,0.080051,0.053397,-0.045331,-0.251866,-0.512698,-0.820794,0.587497,-0.754974,0.291307,-0.769031,-0.408844,0.491361,-1e-06,4e-06,-1e-06,-0.000322,7e-05,0.000161,0.521041
7,0.137585,0.055372,0.404262,-0.249176,-0.545168,-0.800468,0.57957,-0.746123,0.327676,-0.775574,-0.381606,0.50288,0.004934,-0.042353,-0.017495,-0.015492,0.111015,-0.258359,0.517817,-0.189585,0.080506,0.361462,-0.22368,-0.718127,0.658977,0.728696,0.325651,0.6024,-0.646906,0.615824,0.449596,0.010505,0.010672,-0.00877,0.027553,0.127995,-0.178189,0.535398,0.023951,0.057258,-0.005277,0.199236,0.640474,0.741685,-0.738115,-0.399761,0.543485,0.644585,-0.655731,0.393097,0.00027,-0.005777,0.003799,-0.036399,0.012992,-0.016821,0.523385,0.080051,0.053397,-0.045331,-0.251866,-0.512698,-0.820794,0.587497,-0.754974,0.291307,-0.769031,-0.408844,0.491361,-1e-06,4e-06,-1e-06,-0.000322,7e-05,0.000161,0.521041
8,0.137759,0.054497,0.403885,-0.248488,-0.551646,-0.796232,0.579881,-0.743147,0.333831,-0.775563,-0.378088,0.505547,0.004668,-0.044458,-0.01851,-0.002646,0.036299,-0.073958,0.518241,-0.18927,0.080292,0.361326,-0.215633,-0.693209,0.687717,0.735645,0.347673,0.581277,-0.641767,0.63211,0.434091,0.022099,-0.026517,-0.001181,-0.05407,1.90592,-2.636739,0.535358,0.023951,0.057258,-0.005277,0.199236,0.640474,0.741685,-0.738115,-0.399761,0.543485,0.644585,-0.655731,0.393097,0.00027,-0.005777,0.003799,-0.036399,0.012992,-0.016821,0.523222,0.080051,0.053397,-0.045331,-0.251866,-0.512698,-0.820794,0.587497,-0.754974,0.291307,-0.769031,-0.408844,0.491361,-1e-06,4e-06,-1e-06,-0.000322,7e-05,0.000161,0.521041
9,0.137923,0.053353,0.403616,-0.252002,-0.545969,-0.799035,0.57528,-0.748454,0.329908,-0.777847,-0.375859,0.503696,-0.00183,-0.020088,0.005172,-0.036277,0.027069,-0.043529,0.518367,-0.188085,0.078593,0.361319,-0.212028,-0.650267,0.729512,0.744145,0.376317,0.551876,-0.63312,0.660672,0.403157,0.022429,-0.049894,0.000601,-0.203687,0.250356,0.075207,0.535524,0.023951,0.057258,-0.005277,0.199236,0.640474,0.741685,-0.738115,-0.399761,0.543485,0.644585,-0.655731,0.393097,0.00027,-0.005777,0.003799,-0.036399,0.012992,-0.016821,0.523385,0.080051,0.053397,-0.045331,-0.251866,-0.512698,-0.820794,0.587497,-0.754974,0.291307,-0.769031,-0.408844,0.491361,-1e-06,4e-06,-1e-06,-0.000322,7e-05,0.000161,0.521041
10,0.137683,0.053509,0.403823,-0.2656,-0.52654,-0.807625,0.556937,-0.767576,0.317206,-0.786604,-0.364898,0.498128,-0.009779,0.011207,0.005071,0.023899,-0.124213,0.236178,0.519135,-0.187766,0.07705,0.361407,-0.216744,-0.655651,0.723281,0.739869,0.372888,0.559895,-0.636517,0.65729,0.403336,0.000113,-0.02516,0.000937,-0.039917,-0.454142,0.635372,0.5357,0.023951,0.057258,-0.005277,0.199236,0.640474,0.741685,-0.738115,-0.399761,0.543485,0.644585,-0.655731,0.393097,0.00027,-0.005777,0.003799,-0.036399,0.012992,-0.016821,0.523548,0.080051,0.053397,-0.045331,-0.251866,-0.512698,-0.820794,0.587497,-0.754974,0.291307,-0.769031,-0.408844,0.491361,-1e-06,4e-06,-1e-06,-0.000322,7e-05,0.000161,0.521041
11,0.137508,0.053607,0.403962,-0.269143,-0.532444,-0.802565,0.54672,-0.770485,0.327751,-0.792538,-0.349911,0.499472,5.4e-05,0.000349,0.000142,-0.789793,1.438518,-2.222297,0.51943,-0.188326,0.077064,0.361574,-0.21571,-0.66938,0.710909,0.739134,0.363684,0.566876,-0.637721,0.648558,0.415388,-0.01134,0.021964,-0.001734,0.206251,-0.264437,-0.170164,0.535724,0.023951,0.057258,-0.005277,0.199236,0.640474,0.741685,-0.738115,-0.399761,0.543485,0.644585,-0.655731,0.393097,0.00027,-0.005777,0.003799,-0.036399,0.012992,-0.016821,0.523222,0.080051,0.053397,-0.045331,-0.251866,-0.512698,-0.820794,0.587497,-0.754974,0.291307,-0.769031,-0.408844,0.491361,-1e-06,4e-06,-1e-06,-0.000322,7e-05,0.000161,0.521041
12,0.137496,0.053396,0.404097,-0.254305,-0.540655,-0.801914,0.558717,-0.758925,0.334424,-0.789084,-0.362331,0.496074,-0.000765,-0.01303,0.008075,4.306798,-1.990527,-2.858547,0.519096,-0.188614,0.077378,0.361669,-0.211128,-0.672489,0.709349,0.741337,0.362676,0.564641,-0.636703,0.645903,0.421048,-0.011208,0.024988,-0.000271,0.269836,-0.358683,-0.238435,0.535979,0.023951,0.057258,-0.005277,0.199236,0.640474,0.741685,-0.738115,-0.399761,0.543485,0.644585,-0.655731,0.393097,0.00027,-0.005777,0.003799,-0.036399,0.012992,-0.016821,0.523222,0.080051,0.053397,-0.045331,-0.251866,-0.512698,-0.820794,0.587497,-0.754974,0.291307,-0.769031,-0.408844,0.491361,-1e-06,4e-06,-1e-06,-0.000322,7e-05,0.000161,0.521041
13,0.137345,0.053315,0.404261,-0.243916,-0.547247,-0.800669,0.576993,-0.745462,0.333673,-0.779165,-0.379918,0.498589,0.000819,0.013355,-0.007947,0.04137,-0.002834,0.023141,0.518916,-0.189005,0.077744,0.362065,-0.262538,-0.659673,0.704199,0.762069,0.305755,0.570699,-0.59145,0.687287,0.421529,-0.021209,0.002527,0.016006,-0.170176,0.2223,0.088915,0.533149,0.023951,0.057258,-0.005277,0.199236,0.640474,0.741685,-0.738115,-0.399761,0.543485,0.644585,-0.655731,0.393097,0.00027,-0.005777,0.003799,-0.036399,0.012992,-0.016821,0.523548,0.080051,0.053397,-0.045331,-0.251866,-0.512698,-0.820794,0.587497,-0.754974,0.291307,-0.769031,-0.408844,0.491361,-1e-06,4e-06,-1e-06,-0.000322,7e-05,0.000161,0.521041
14,0.137255,0.053821,0.404142,-0.241607,-0.53589,-0.809008,0.582219,-0.747013,0.320881,-0.775994,-0.392833,0.4935,0.001292,0.016395,-0.006708,0.057136,-0.0664,0.103375,0.519041,-0.189216,0.077151,0.362778,-0.272552,-0.645794,0.713201,0.760112,0.309777,0.57114,-0.589422,0.698569,0.40552,0.01164,-0.012115,0.006583,-0.154675,0.176747,0.141218,0.533145,0.023951,0.057258,-0.005277,0.199236,0.640474,0.741685,-0.738115,-0.399761,0.543485,0.644585,-0.655731,0.393097,0.00027,-0.005777,0.003799,-0.036399,0.012992,-0.016821,0.523222,0.080051,0.053397,-0.045331,-0.251866,-0.512698,-0.820794,0.587497,-0.754974,0.291307,-0.769031,-0.408844,0.491361,-1e-06,4e-06,-1e-06,-0.000322,7e-05,0.000161,0.521041
15,0.137332,0.054115,0.404039,-0.238321,-0.53897,-0.807936,0.586846,-0.74276,0.322321,-0.773526,-0.396654,0.494318,0.012516,0.006742,0.002242,0.001856,-0.027473,0.05538,0.519577,-0.188946,0.076976,0.362793,-0.274849,-0.644335,0.71364,0.758784,0.310341,0.572599,-0.590064,0.699665,0.402688,0.011532,-0.015377,0.005004,-0.144657,0.175677,0.104952,0.533264,0.023951,0.057258,-0.005277,0.199236,0.640474,0.741685,-0.738115,-0.399761,0.543485,0.644585,-0.655731,0.393097,0.00027,-0.005777,0.003799,-0.036399,0.012992,-0.016821,0.523548,0.080051,0.053397,-0.045331,-0.251866,-0.512698,-0.820794,0.587497,-0.754974,0.291307,-0.769031,-0.408844,0.491361,-1e-06,4e-06,-1e-06,-0.000322,7e-05,0.000161,0.521041
16,0.13776,0.054405,0.404008,-0.228153,-0.548081,-0.804736,0.600074,-0.730033,0.327009,-0.766426,-0.407618,0.496454,0.011871,0.00266,0.000581,0.000984,-0.014715,0.029553,0.518863,-0.18861,0.077189,0.362434,-0.268324,-0.645898,0.714709,0.759231,0.314712,0.569612,-0.592494,0.69626,0.405013,0.009805,0.015911,-0.019525,0.314203,-0.34001,-0.280079,0.534307,0.023951,0.057258,-0.005277,0.199236,0.640474,0.741685,-0.738115,-0.399761,0.543485,0.644585,-0.655731,0.393097,0.00027,-0.005777,0.003799,-0.036399,0.012992,-0.016821,0.523222,0.080051,0.053397,-0.045331,-0.251866,-0.512698,-0.820794,0.587497,-0.754974,0.291307,-0.769031,-0.408844,0.491361,-1e-06,4e-06,-1e-06,-0.000322,7e-05,0.000161,0.521041
17,0.137933,0.054283,0.404071,-0.227966,-0.550452,-0.803168,0.599736,-0.729204,0.329469,-0.766746,-0.405903,0.497364,-0.011632,-0.001091,5.4e-05,0.008495,0.001617,-0.013648,0.519403,-0.188289,0.077716,0.361741,-0.258666,-0.650865,0.713763,0.757922,0.321204,0.567729,-0.598445,0.688626,0.409293,0.010359,0.004903,-0.011623,0.040611,-0.031424,0.043494,0.53498,0.023951,0.057258,-0.005277,0.199236,0.640474,0.741685,-0.738115,-0.399761,0.543485,0.644585,-0.655731,0.393097,0.00027,-0.005777,0.003799,-0.036399,0.012992,-0.016821,0.523548,0.080051,0.053397,-0.045331,-0.251866,-0.512698,-0.820794,0.587497,-0.754974,0.291307,-0.769031,-0.408844,0.491361,-1e-06,4e-06,-1e-06,-0.000322,7e-05,0.000161,0.521041
18,0.137421,0.053934,0.404202,-0.216038,-0.546455,-0.809172,0.616843,-0.718786,0.320661,-0.756579,-0.429184,0.493373,-0.012697,-0.015951,0.007388,4.434652,-1.730342,-2.799716,0.518666,-0.1885,0.077998,0.361496,-0.25936,-0.6529,0.71165,0.757938,0.318928,0.568989,-0.598125,0.687758,0.411216,0.000142,0.004082,0.001988,0.013146,-0.127623,0.188105,0.534106,0.023951,0.057258,-0.005277,0.199236,0.640474,0.741685,-0.738115,-0.399761,0.543485,0.644585,-0.655731,0.393097,0.00027,-0.005777,0.003799,-0.036399,0.012992,-0.016821,0.523222,0.080051,0.053397,-0.045331,-0.251866,-0.512698,-0.820794,0.587497,-0.754974,0.291307,-0.769031,-0.408844,0.491361,-1e-06,4e-06,-1e-06,-0.000322,7e-05,0.000161,0.521041
19,0.137181,0.053792,0.404224,-0.210245,-0.547639,-0.809898,0.620273,-0.715041,0.322413,-0.755413,-0.433897,0.491032,-0.000759,-0.004909,-0.001996,-0.080135,-0.155403,-0.073911,0.519261,-0.188551,0.078014,0.361607,-0.256923,-0.653826,0.711683,0.759037,0.31916,0.567393,-0.597786,0.686771,0.413354,0.01183,-0.006818,0.009127,0.000181,-0.052927,-0.024405,0.533978,0.023951,0.057258,-0.005277,0.199236,0.640474,0.741685,-0.738115,-0.399761,0.543485,0.644585,-0.655731,0.393097,0.00027,-0.005777,0.003799,-0.036399,0.012992,-0.016821,0.523222,0.080051,0.053397,-0.045331,-0.251866,-0.512698,-0.820794,0.587497,-0.754974,0.291307,-0.769031,-0.408844,0.491361,-1e-06,4e-06,-1e-06,-0.000322,7e-05,0.000161,0.521041
20,0.137281,0.05373,0.404164,-0.21014,-0.547987,-0.809689,0.620403,-0.714803,0.32269,-0.755336,-0.433848,0.491193,0.011236,-0.001622,-0.001155,0.000967,-0.014748,0.029537,0.518588,-0.188421,0.077853,0.361778,-0.248213,-0.65706,0.711796,0.759226,0.32426,0.564238,-0.601225,0.68127,0.417447,0.00054,-0.011631,0.007569,-0.000734,-0.039462,-0.054858,0.53106,0.023951,0.057258,-0.005277,0.199236,0.640474,0.741685,-0.738115,-0.399761,0.543485,0.644585,-0.655731,0.393097,0.00027,-0.005777,0.003799,-0.036399,0.012992,-0.016821,0.523548,0.080051,0.053397,-0.045331,-0.251866,-0.512698,-0.820794,0.587497,-0.754974,0.291307,-0.769031,-0.408844,0.491361,-1e-06,4e-06,-1e-06,-0.000322,7e-05,0.000161,0.521041
21,0.137674,0.053724,0.404114,-0.21251,-0.550059,-0.807663,0.620941,-0.714211,0.322967,-0.754227,-0.4322,0.494341,0.011355,-0.000838,-0.000835,0.010704,0.004061,0.038472,0.518466,-0.188163,0.07754,0.361995,-0.257216,-0.654016,0.711403,0.757915,0.320024,0.568404,-0.59908,0.686186,0.412449,0.000613,-0.009633,0.008548,-0.055153,0.039553,0.004905,0.527141,0.023951,0.057258,-0.005277,0.199236,0.640474,0.741685,-0.738115,-0.399761,0.543485,0.644585,-0.655731,0.393097,0.00027,-0.005777,0.003799,-0.036399,0.012992,-0.016821,0.523222,0.080051,0.053397,-0.045331,-0.251866,-0.512698,-0.820794,0.587497,-0.754974,0.291307,-0.769031,-0.408844,0.491361,-1e-06,4e-06,-1e-06,-0.000322,7e-05,0.000161,0.521041
22,0.137709,0.053571,0.40422,-0.212592,-0.549985,-0.807693,0.620585,-0.714464,0.323093,-0.754497,-0.431877,0.49421,-0.000663,-0.012391,0.008339,-0.036113,0.027356,-0.043394,0.518666,-0.188144,0.077546,0.362017,-0.251695,-0.655654,0.711869,0.752906,0.329366,0.569723,-0.607682,0.68017,0.409821,4.3e-05,0.001275,0.00062,-3.959327,-3.111544,-2.237855,0.531789,0.023951,0.057258,-0.005277,0.199236,0.640474,0.741685,-0.738115,-0.399761,0.543485,0.644585,-0.655731,0.393097,0.00027,-0.005777,0.003799,-0.036399,0.012992,-0.016821,0.523385,0.080051,0.053397,-0.045331,-0.251866,-0.512698,-0.820794,0.587497,-0.754974,0.291307,-0.769031,-0.408844,0.491361,-1e-06,4e-06,-1e-06,-0.000322,7e-05,0.000161,0.521041
23,0.137561,0.053345,0.404406,-0.225344,-0.547458,-0.80595,0.602904,-0.728159,0.325979,-0.765038,-0.411779,0.495159,6.2e-05,-0.00765,0.010273,-0.035697,0.014419,-0.017528,0.518363,-0.18826,0.077768,0.361805,-0.248514,-0.654771,0.713797,0.755253,0.33028,0.566076,-0.606082,0.680577,0.411512,-0.000619,0.009399,-0.008656,0.045715,-0.026864,0.006754,0.532442,0.023951,0.057258,-0.005277,0.199236,0.640474,0.741685,-0.738115,-0.399761,0.543485,0.644585,-0.655731,0.393097,0.00027,-0.005777,0.003799,-0.036399,0.012992,-0.016821,0.523548,0.080051,0.053397,-0.045331,-0.251866,-0.512698,-0.820794,0.587497,-0.754974,0.291307,-0.769031,-0.408844,0.491361,-1e-06,4e-06,-1e-06,-0.000322,7e-05,0.000161,0.521041
24,0.137604,0.05344,0.404856,-0.223705,-0.545494,-0.807736,0.596265,-0.732147,0.329244,-0.770702,-0.407299,0.490053,0.001549,0.010106,0.004094,-0.028907,-0.169656,0.171567,0.518098,-0.188273,0.077798,0.36174,-0.23976,-0.658052,0.713775,0.755891,0.334686,0.562626,-0.608818,0.675237,0.416244,-3.4e-05,-0.000986,-0.00048,0.021326,-0.031443,-0.022813,0.526367,0.023951,0.057258,-0.005277,0.199236,0.640474,0.741685,-0.738115,-0.399761,0.543485,0.644585,-0.655731,0.393097,0.00027,-0.005777,0.003799,-0.036399,0.012992,-0.016821,0.523222,0.080051,0.053397,-0.045331,-0.251866,-0.512698,-0.820794,0.587497,-0.754974,0.291307,-0.769031,-0.408844,0.491361,-1e-06,4e-06,-1e-06,-0.000322,7e-05,0.000161,0.521041
25,0.137455,0.05347,0.404986,-0.223669,-0.545826,-0.807521,0.59611,-0.732086,0.32966,-0.770832,-0.406964,0.490127,-0.010621,0.005591,0.002761,-0.000624,0.001022,-0.004166,0.518532,-0.188257,0.077766,0.361724,-0.242886,-0.658994,0.711846,0.754097,0.333187,0.565914,-0.609798,0.67506,0.415094,-0.000616,0.009476,-0.008617,-0.041026,0.097091,0.104951,0.5334,0.023951,0.057258,-0.005277,0.199236,0.640474,0.741685,-0.738115,-0.399761,0.543485,0.644585,-0.655731,0.393097,0.00027,-0.005777,0.003799,-0.036399,0.012992,-0.016821,0.523385,0.080051,0.053397,-0.045331,-0.251866,-0.512698,-0.820794,0.587497,-0.754974,0.291307,-0.769031,-0.408844,0.491361,-1e-06,4e-06,-1e-06,-0.000322,7e-05,0.000161,0.521041
26,0.137244,0.053548,0.404745,-0.220827,-0.546493,-0.807853,0.596141,-0.731181,0.331605,-0.771631,-0.407694,0.488261,-0.012268,-0.005079,-0.001561,-0.258497,-0.382239,-0.437041,0.518615,-0.188289,0.078013,0.361508,-0.236889,-0.65931,0.713571,0.749905,0.342733,0.565783,-0.617285,0.669946,0.412304,0.010559,0.010889,-0.0087,0.035335,-0.019861,0.043817,0.534244,0.023951,0.057258,-0.005277,0.199236,0.640474,0.741685,-0.738115,-0.399761,0.543485,0.644585,-0.655731,0.393097,0.00027,-0.005777,0.003799,-0.036399,0.012992,-0.016821,0.523548,0.080051,0.053397,-0.045331,-0.251866,-0.512698,-0.820794,0.587497,-0.754974,0.291307,-0.769031,-0.408844,0.491361,-1e-06,4e-06,-1e-06,-0.000322,7e-05,0.000161,0.521041
27,0.137298,0.053548,0.404491,-0.221495,-0.544666,-0.808903,0.59152,-0.734504,0.332535,-0.774987,-0.404157,0.485881,-0.000141,-0.000914,-0.000371,-0.002707,-0.005221,-0.002472,0.519341,-0.188201,0.078264,0.361335,-0.232869,-0.660413,0.713876,0.748405,0.34691,0.565223,-0.62063,0.6667,0.412544,5.6e-05,0.001657,0.000807,0.001665,-0.016168,0.023796,0.534141,0.023951,0.057258,-0.005277,0.199236,0.640474,0.741685,-0.738115,-0.399761,0.543485,0.644585,-0.655731,0.393097,0.00027,-0.005777,0.003799,-0.036399,0.012992,-0.016821,0.523222,0.080051,0.053397,-0.045331,-0.251866,-0.512698,-0.820794,0.587497,-0.754974,0.291307,-0.769031,-0.408844,0.491361,-1e-06,4e-06,-1e-06,-0.000322,7e-05,0.000161,0.521041
28,0.137528,0.053679,0.404374,-0.230764,-0.543696,-0.806963,0.578785,-0.743356,0.335262,-0.781853,-0.389022,0.487231,1.3e-05,8.5e-05,3.5e-05,-0.029899,-0.057541,-0.027277,0.518769,-0.188192,0.077925,0.361577,-0.233015,-0.660668,0.713591,0.747665,0.347376,0.565915,-0.621465,0.666204,0.412088,0.000551,-0.011428,0.007662,-0.024826,-0.098368,0.147543,0.534481,0.023951,0.057258,-0.005277,0.199236,0.640474,0.741685,-0.738115,-0.399761,0.543485,0.644585,-0.655731,0.393097,0.00027,-0.005777,0.003799,-0.036399,0.012992,-0.016821,0.523548,0.080051,0.053397,-0.045331,-0.251866,-0.512698,-0.820794,0.587497,-0.754974,0.291307,-0.769031,-0.408844,0.491361,-1e-06,4e-06,-1e-06,-0.000322,7e-05,0.000161,0.521041
29,0.137528,0.053656,0.404404,-0.237122,-0.54297,-0.805607,0.569722,-0.749398,0.337328,-0.786583,-0.378315,0.488048,0.000248,0.001616,0.000656,0.164218,0.327345,0.191418,0.518201,-0.188166,0.077726,0.361708,-0.233744,-0.662633,0.711529,0.746726,0.346198,0.567875,-0.622319,0.664866,0.412959,0.0,2e-06,1e-06,-0.000464,-0.146107,0.201233,0.534288,0.023951,0.057258,-0.005277,0.199236,0.640474,0.741685,-0.738115,-0.399761,0.543485,0.644585,-0.655731,0.393097,0.00027,-0.005777,0.003799,-0.036399,0.012992,-0.016821,0.523548,0.080051,0.053397,-0.045331,-0.251866,-0.512698,-0.820794,0.587497,-0.754974,0.291307,-0.769031,-0.408844,0.491361,-1e-06,4e-06,-1e-06,-0.000322,7e-05,0.000161,0.521041
30,0.137322,0.05382,0.40431,-0.259992,-0.539563,-0.800825,0.554953,-0.762179,0.33329,-0.789879,-0.357103,0.498594,-1.4e-05,0.007939,-0.010148,0.113931,0.13692,0.089461,0.518075,-0.188034,0.07767,0.36179,-0.233918,-0.662913,0.71121,0.746451,0.346118,0.568284,-0.622583,0.664628,0.412945,0.011231,0.002968,0.000667,0.002045,-0.015205,0.029245,0.534263,0.023951,0.057258,-0.005277,0.199236,0.640474,0.741685,-0.738115,-0.399761,0.543485,0.644585,-0.655731,0.393097,0.00027,-0.005777,0.003799,-0.036399,0.012992,-0.016821,0.523385,0.080051,0.053397,-0.045331,-0.251866,-0.512698,-0.820794,0.587497,-0.754974,0.291307,-0.769031,-0.408844,0.491361,-1e-06,4e-06,-1e-06,-0.000322,7e-05,0.000161,0.521041
31,0.137111,0.0537,0.404139,-0.253177,-0.537439,-0.804429,0.56963,-0.754896,0.325001,-0.781612,-0.375282,0.498269,-0.000752,0.003166,-0.012092,1.369095,-0.538796,-0.833478,0.5158,-0.187916,0.077996,0.361812,-0.236491,-0.662291,0.710939,0.745353,0.345592,0.570044,-0.622923,0.665522,0.410987,-0.000359,0.017436,-0.004748,-0.088717,0.157212,0.175824,0.534491,0.023951,0.057258,-0.005277,0.199236,0.640474,0.741685,-0.738115,-0.399761,0.543485,0.644585,-0.655731,0.393097,0.00027,-0.005777,0.003799,-0.036399,0.012992,-0.016821,0.523548,0.080051,0.053397,-0.045331,-0.251866,-0.512698,-0.820794,0.587497,-0.754974,0.291307,-0.769031,-0.408844,0.491361,-1e-06,4e-06,-1e-06,-0.000322,7e-05,0.000161,0.521041
32,0.136971,0.05376,0.404049,-0.256121,-0.538707,-0.802646,0.565451,-0.756941,0.327532,-0.78368,-0.369306,0.499485,0.000325,0.010108,-0.009264,0.014282,0.025076,-0.042003,0.480621,-0.187915,0.078093,0.361829,-0.236434,-0.662157,0.711083,0.745435,0.345661,0.569895,-0.622847,0.665619,0.410946,0.00012,0.003661,0.001777,-0.000182,-0.013407,0.025798,0.53408,0.023951,0.057258,-0.005277,0.199236,0.640474,0.741685,-0.738115,-0.399761,0.543485,0.644585,-0.655731,0.393097,0.00027,-0.005777,0.003799,-0.036399,0.012992,-0.016821,0.523548,0.080051,0.053397,-0.045331,-0.251866,-0.512698,-0.820794,0.587497,-0.754974,0.291307,-0.769031,-0.408844,0.491361,-1e-06,4e-06,-1e-06,-0.000322,7e-05,0.000161,0.521041
33,0.137179,0.054136,0.404135,-0.272067,-0.532143,-0.801779,0.542613,-0.772934,0.328808,-0.794356,-0.344943,0.50004,0.012684,0.007811,0.002672,-1.328338,0.530439,0.858603,0.129239,-0.188007,0.077987,0.361824,-0.24811,-0.65781,0.711139,0.751409,0.332494,0.569881,-0.611003,0.676555,0.410866,-6.7e-05,-0.002024,-0.000983,0.106772,-0.399875,0.731132,0.515747,0.023951,0.057258,-0.005277,0.199236,0.640474,0.741685,-0.738115,-0.399761,0.543485,0.644585,-0.655731,0.393097,0.00027,-0.005777,0.003799,-0.036399,0.012992,-0.016821,0.523222,0.080051,0.053397,-0.045331,-0.251866,-0.512698,-0.820794,0.587497,-0.754974,0.291307,-0.769031,-0.408844,0.491361,-1e-06,4e-06,-1e-06,-0.000322,7e-05,0.000161,0.521041
34,0.137883,0.05427,0.404209,-0.265793,-0.537063,-0.800601,0.551432,-0.765882,0.330635,-0.790406,-0.352936,0.500721,0.012029,0.003702,0.001002,0.00101,-0.014725,0.029537,-1.657102,-0.188198,0.077715,0.361964,-0.244181,-0.660753,0.70977,0.760671,0.32331,0.562836,-0.601057,0.678144,0.422746,-0.010627,-0.012909,0.00773,0.193026,-0.313408,-0.293462,-0.067276,0.023951,0.057258,-0.005277,0.199236,0.640474,0.741685,-0.738115,-0.399761,0.543485,0.644585,-0.655731,0.393097,0.00027,-0.005777,0.003799,-0.036399,0.012992,-0.016821,0.523548,0.080051,0.053397,-0.045331,-0.251866,-0.512698,-0.820794,0.587497,-0.754974,0.291307,-0.769031,-0.408844,0.491361,-1e-06,4e-06,-1e-06,-0.000322,7e-05,0.000161,0.521041
35,0.137426,0.054809,0.403898,-0.272696,-0.53883,-0.797085,0.581384,-0.752385,0.309646,-0.766221,-0.37831,0.519436,-0.022416,0.019278,-0.01789,0.397152,0.462536,0.370476,-1.91814,-0.188426,0.077658,0.362072,-0.250329,-0.659226,0.709048,0.772689,0.305083,0.556606,-0.582925,0.688015,0.432083,9.6e-05,0.00279,0.001355,1.222661,0.853416,0.666136,-0.865776,0.023951,0.057258,-0.005277,0.199236,0.640474,0.741685,-0.738115,-0.399761,0.543485,0.644585,-0.655731,0.393097,0.00027,-0.005777,0.003799,-0.036399,0.012992,-0.016821,0.523222,0.080051,0.053397,-0.045331,-0.251866,-0.512698,-0.820794,0.587497,-0.754974,0.291307,-0.769031,-0.408844,0.491361,-1e-06,4e-06,-1e-06,-0.000322,7e-05,0.000161,0.521041
36,0.137082,0.054966,0.403617,-0.271548,-0.53911,-0.797287,0.59215,-0.746629,0.30311,-0.758348,-0.389141,0.522976,-0.012807,-0.008692,-0.003023,0.423499,-0.067736,-0.288916,-1.918987,-0.18849,0.077804,0.361988,-0.253171,-0.655402,0.711578,0.775485,0.302113,0.554332,-0.577962,0.692962,0.430844,-0.000582,0.010364,-0.008189,0.03703,-0.013693,0.015563,-1.037774,0.023951,0.057258,-0.005277,0.199236,0.640474,0.741685,-0.738115,-0.399761,0.543485,0.644585,-0.655731,0.393097,0.00027,-0.005777,0.003799,-0.036399,0.012992,-0.016821,0.523222,0.080051,0.053397,-0.045331,-0.251866,-0.512698,-0.820794,0.587497,-0.754974,0.291307,-0.769031,-0.408844,0.491361,-1e-06,4e-06,-1e-06,-0.000322,7e-05,0.000161,0.521041
37,0.137219,0.054553,0.40338,-0.267371,-0.534578,-0.801739,0.585881,-0.750743,0.305124,-0.764678,-0.387483,0.514928,0.010106,-0.008845,-0.004096,-0.180078,-0.364171,-0.137755,-1.897315,-0.188491,0.077914,0.361733,-0.256228,-0.649407,0.715968,0.774852,0.304677,0.553814,-0.57746,0.697466,0.424197,0.01106,-0.001886,-0.001695,-0.008764,0.51505,-0.609992,-0.649053,0.023951,0.057258,-0.005277,0.199236,0.640474,0.741685,-0.738115,-0.399761,0.543485,0.644585,-0.655731,0.393097,0.00027,-0.005777,0.003799,-0.036399,0.012992,-0.016821,0.523222,0.080051,0.053397,-0.045331,-0.251866,-0.512698,-0.820794,0.587497,-0.754974,0.291307,-0.769031,-0.408844,0.491361,-1e-06,4e-06,-1e-06,-0.000322,7e-05,0.000161,0.521041
38,0.137674,0.054135,0.40369,-0.283647,-0.527771,-0.800654,0.557305,-0.770177,0.310179,-0.779995,-0.357578,0.513588,0.011574,-0.007419,0.009855,-0.161076,0.046982,0.083468,-0.509043,-0.188123,0.077896,0.361728,-0.267804,-0.649715,0.711437,0.768459,0.301214,0.564512,-0.580723,0.698684,0.417689,0.011143,0.0005,-0.000535,-0.24809,0.447264,0.120391,0.097644,0.023951,0.057258,-0.005277,0.199236,0.640474,0.741685,-0.738115,-0.399761,0.543485,0.644585,-0.655731,0.393097,0.00027,-0.005777,0.003799,-0.036399,0.012992,-0.016821,0.523548,0.080051,0.053397,-0.045331,-0.251866,-0.512698,-0.820794,0.587497,-0.754974,0.291307,-0.769031,-0.408844,0.491361,-1e-06,4e-06,-1e-06,-0.000322,7e-05,0.000161,0.521041
39,0.137757,0.054212,0.40403,-0.294219,-0.528525,-0.79633,0.532221,-0.782655,0.322744,-0.793463,-0.328216,0.51256,-0.009877,0.010425,0.004724,-0.044057,-0.08061,-0.042594,0.208437,-0.187826,0.078055,0.361784,-0.278003,-0.653446,0.704069,0.762421,0.295605,0.575557,-0.583865,0.697604,0.415107,0.011297,0.005426,0.001859,-0.174928,0.230435,0.24383,0.415594,0.023951,0.057258,-0.005277,0.199236,0.640474,0.741685,-0.738115,-0.399761,0.543485,0.644585,-0.655731,0.393097,0.00027,-0.005777,0.003799,-0.036399,0.012992,-0.016821,0.523222,0.080051,0.053397,-0.045331,-0.251866,-0.512698,-0.820794,0.587497,-0.754974,0.291307,-0.769031,-0.408844,0.491361,-1e-06,4e-06,-1e-06,-0.000322,7e-05,0.000161,0.521041
40,0.137649,0.054355,0.404084,-0.28852,-0.530502,-0.7971,0.53625,-0.779204,0.324422,-0.79285,-0.33319,0.510294,-0.010341,0.007343,0.003471,-0.006629,-0.010819,-0.009846,0.429024,-0.18777,0.078254,0.361748,-0.279818,-0.657659,0.699412,0.761165,0.291857,0.579122,-0.584633,0.695222,0.418011,-0.000405,0.016193,-0.00535,0.033721,-0.009172,0.019598,0.466201,0.023951,0.057258,-0.005277,0.199236,0.640474,0.741685,-0.738115,-0.399761,0.543485,0.644585,-0.655731,0.393097,0.00027,-0.005777,0.003799,-0.036399,0.012992,-0.016821,0.523222,0.080051,0.053397,-0.045331,-0.251866,-0.512698,-0.820794,0.587497,-0.754974,0.291307,-0.769031,-0.408844,0.491361,-1e-06,4e-06,-1e-06,-0.000322,7e-05,0.000161,0.521041
41,0.137468,0.054482,0.404114,-0.279536,-0.538912,-0.794656,0.544868,-0.770497,0.330793,-0.7902,-0.339851,0.510012,0.000623,0.004051,0.001639,-0.005355,-0.009652,-0.005247,0.511639,-0.187824,0.078447,0.361697,-0.28131,-0.654634,0.701648,0.760841,0.293276,0.57883,-0.584337,0.697475,0.414659,-0.00048,0.013843,-0.006488,-0.090718,0.173129,0.152122,0.479915,0.023951,0.057258,-0.005277,0.199236,0.640474,0.741685,-0.738115,-0.399761,0.543485,0.644585,-0.655731,0.393097,0.00027,-0.005777,0.003799,-0.036399,0.012992,-0.016821,0.523548,0.080051,0.053397,-0.045331,-0.251866,-0.512698,-0.820794,0.587497,-0.754974,0.291307,-0.769031,-0.408844,0.491361,-1e-06,4e-06,-1e-06,-0.000322,7e-05,0.000161,0.521041
42,0.137736,0.054661,0.404085,-0.280378,-0.533676,-0.797887,0.53948,-0.775124,0.32881,-0.793589,-0.337595,0.506233,0.01112,-0.010241,0.008706,-1.349346,0.453094,1.034735,0.141175,-0.188061,0.078362,0.361652,-0.287421,-0.642891,0.70998,0.758425,0.299795,0.57866,-0.584496,0.705572,0.400495,-0.021851,-0.016745,0.006632,0.132134,-0.197521,-0.285921,0.057877,0.023951,0.057258,-0.005277,0.199236,0.640474,0.741685,-0.738115,-0.399761,0.543485,0.644585,-0.655731,0.393097,0.00027,-0.005777,0.003799,-0.036399,0.012992,-0.016821,0.523385,0.080147,0.053355,-0.045414,-0.25441,-0.508651,-0.822525,0.584399,-0.758519,0.288313,-0.770553,-0.407334,0.49023,0.006866,0.000153,-0.000348,-4.396054,1.677721,3.058648,0.506019
43,0.138381,0.053998,0.404427,-0.351777,-0.494025,-0.795134,0.421902,-0.841917,0.336371,-0.835175,-0.216533,0.505591,0.00985,-0.026878,0.015346,-1.184088,0.054315,1.686924,-1.113937,-0.188601,0.077874,0.361731,-0.304843,-0.632461,0.712078,0.778384,0.265219,0.568956,-0.548309,0.728485,0.410522,-0.011306,-0.005079,-0.001693,0.018378,0.00585,-0.071565,-1.160796,0.023951,0.057258,-0.005277,0.199236,0.640474,0.741685,-0.738115,-0.399761,0.543485,0.644585,-0.655731,0.393097,0.00027,-0.005777,0.003799,-0.036399,0.012992,-0.016821,0.523548,0.080497,0.053039,-0.045244,-0.327991,-0.47375,-0.817302,0.470466,-0.832157,0.293558,-0.819196,-0.288229,0.495823,0.005379,-0.013207,0.007816,-3.767268,0.439535,5.155326,0.136002
44,0.138653,0.053484,0.404636,-0.392212,-0.450386,-0.802102,0.343262,-0.880625,0.326563,-0.852943,-0.146696,0.500995,0.020987,-0.021198,0.003793,-1.498283,0.593238,0.929941,-1.849815,-0.188603,0.07777,0.361691,-0.297519,-0.634,0.713805,0.789514,0.256829,0.557351,-0.536307,0.730157,0.423212,0.010938,-0.005487,-0.003451,0.408055,-0.613939,-0.405323,-1.39015,0.023951,0.057258,-0.005277,0.199236,0.640474,0.741685,-0.738115,-0.399761,0.543485,0.644585,-0.655731,0.393097,0.00027,-0.005777,0.003799,-0.036399,0.012992,-0.016821,0.523222,0.080634,0.052781,-0.045134,-0.371052,-0.431107,-0.822475,0.393973,-0.875124,0.280966,-0.840895,-0.21978,0.494561,0.004963,-0.009929,0.002252,-4.923088,2.002854,3.02037,-0.020104
45,0.138821,0.052411,0.404871,-0.456118,-0.369594,-0.809569,0.206974,-0.9288,0.307351,-0.864957,-0.026919,0.501151,-0.002531,-0.025088,0.003182,-4.812908,2.116026,3.060279,-1.917599,-0.188465,0.077447,0.361512,-0.286679,-0.641275,0.71174,0.794927,0.255259,0.550334,-0.534228,0.724335,0.435664,0.000212,-0.021031,0.002973,-0.17255,0.226584,0.105103,-1.350121,0.023951,0.057258,-0.005277,0.199236,0.640474,0.741685,-0.738115,-0.399761,0.543485,0.644585,-0.655731,0.393097,0.00027,-0.005777,0.003799,-0.036399,0.012992,-0.016821,0.523385,0.080731,0.052245,-0.045017,-0.43791,-0.355519,-0.825735,0.26451,-0.928782,0.259609,-0.859225,-0.10473,0.500762,-0.001155,-0.012234,0.001733,-1.287323,0.740971,1.106909,-0.322191
46,0.138252,0.051446,0.405163,-0.519406,-0.299389,-0.800393,0.09198,-0.95077,0.295883,-0.84893,0.080429,0.522374,-0.024527,-0.017827,0.007118,-0.083349,0.978847,0.56998,-1.030579,-0.188324,0.077301,0.361481,-0.292599,-0.636631,0.713496,0.785018,0.265972,0.55941,-0.545534,0.724569,0.421017,0.011231,0.002441,0.000415,-0.138289,0.675219,-0.494109,-0.360052,0.023951,0.057258,-0.005277,0.199236,0.640474,0.741685,-0.738115,-0.399761,0.543485,0.644585,-0.655731,0.393097,0.00027,-0.005777,0.003799,-0.036399,0.012992,-0.016821,0.523548,0.080454,0.051745,-0.044879,-0.505678,-0.287677,-0.813345,0.145027,-0.957695,0.248566,-0.850444,0.007737,0.526006,-0.006701,-0.010446,0.002716,-1.357458,0.76916,1.185691,-0.615461
47,0.137733,0.051158,0.405359,-0.546249,-0.276695,-0.79063,0.049514,-0.952889,0.299204,-0.835495,0.124631,0.535203,-0.034755,-0.008965,0.01125,-1.426637,1.307747,0.503971,-0.317103,-0.188163,0.077471,0.361503,-0.292633,-0.641504,0.709105,0.773805,0.27664,0.569763,-0.561297,0.716225,0.414524,0.010859,0.019377,-0.00456,-1.301891,-0.744354,-0.439795,0.000644,0.023951,0.057258,-0.005277,0.199236,0.640474,0.741685,-0.738115,-0.399761,0.543485,0.644585,-0.655731,0.393097,0.00027,-0.005777,0.003799,-0.036399,0.012992,-0.016821,0.523222,0.080205,0.05159,-0.044792,-0.532451,-0.267047,-0.803231,0.107832,-0.962597,0.24855,-0.839564,0.045727,0.541332,-0.017202,0.000559,0.001007,0.182491,0.666229,0.26594,-0.567454
48,0.136456,0.051478,0.405711,-0.583673,-0.277201,-0.763237,0.037844,-0.9482,0.315367,-0.810398,0.155526,0.564884,-0.042863,0.028991,0.000399,-0.676118,2.213383,-2.302943,0.323465,-0.188026,0.078131,0.361547,-0.290828,-0.645132,0.706552,0.76755,0.283412,0.574873,-0.570742,0.710292,0.411828,-0.000146,0.023723,-0.001678,-0.009908,0.041182,0.091735,0.388174,0.023951,0.057258,-0.005277,0.199236,0.640474,0.741685,-0.738115,-0.399761,0.543485,0.644585,-0.655731,0.393097,0.00027,-0.005777,0.003799,-0.036399,0.012992,-0.016821,0.523222,0.079544,0.051734,-0.044611,-0.572005,-0.26959,-0.774681,0.090762,-0.959448,0.266873,-0.815212,0.082341,0.573278,-0.021285,0.015146,0.00049,-0.623291,2.254588,-2.268609,-0.27549
49,0.134743,0.052659,0.406013,-0.627517,-0.293547,-0.721177,0.035382,-0.936015,0.350135,-0.777036,0.194559,0.598655,-0.041286,0.03731,0.003737,-0.153342,1.041516,-0.041247,0.51532,-0.188007,0.078579,0.361595,-0.3024,-0.639322,0.706975,0.761631,0.283743,0.582531,-0.572636,0.715393,0.400205,0.000123,0.003714,0.001802,-0.030747,0.139828,-0.14367,0.511829,0.023951,0.057258,-0.005277,0.199236,0.640474,0.741685,-0.738115,-0.399761,0.543485,0.644585,-0.655731,0.393097,0.00027,-0.005777,0.003799,-0.036399,0.012992,-0.016821,0.523548,0.07872,0.052308,-0.044463,-0.612677,-0.291773,-0.734502,0.089003,-0.948918,0.302707,-0.785305,0.120089,0.607349,-0.020711,0.019157,0.001861,-5.038665,3.852732,0.75369,0.021209
50,0.134743,0.052659,0.406013,-0.627517,-0.293547,-0.721177,0.035382,-0.936015,0.350135,-0.777036,0.194559,0.598655,-0.041286,0.03731,0.003737,-0.153342,1.041516,-0.041247,0.51532,-0.188007,0.078579,0.361595,-0.3024,-0.639322,0.706975,0.761631,0.283743,0.582531,-0.572636,0.715393,0.400205,0.000123,0.003714,0.001802,-0.030747,0.139828,-0.14367,0.511829,0.023951,0.057258,-0.005277,0.199236,0.640474,0.741685,-0.738115,-0.399761,0.543485,0.644585,-0.655731,0.393097,0.00027,-0.005777,0.003799,-0.036399,0.012992,-0.016821,0.523548,0.07872,0.052308,-0.044463,-0.612677,-0.291773,-0.734502,0.089003,-0.948918,0.302707,-0.785305,0.120089,0.607349,-0.020711,0.019157,0.001861,-5.038665,3.852732,0.75369,0.021209
51,0.133465,0.053986,0.406032,-0.735374,-0.117024,-0.667515,-0.225958,-0.886292,0.404229,-0.638006,0.448231,0.62615,-0.010387,0.022306,-0.017237,-4.344447,2.909156,3.593006,-0.006682,-0.188367,0.0779,0.361588,-0.301182,-0.63184,0.714184,0.773613,0.275819,0.570422,-0.557015,0.725075,0.404801,-0.011156,-0.028183,0.00028,5.177682,3.825765,3.098882,-0.0637,0.023947,0.057198,-0.005206,0.199918,0.639568,0.742283,-0.740933,-0.397033,0.541647,0.641131,-0.658267,0.394504,-0.011975,-0.016356,8.1e-05,4.019141,3.145386,2.076297,0.493829,0.078055,0.053035,-0.044432,-0.731796,-0.12413,-0.670123,-0.174111,-0.916593,0.359919,-0.658908,0.380063,0.649147,-0.005331,0.010414,-0.008887,-4.345924,2.888123,3.59701,0.209156
52,0.13368,0.053815,0.405348,-0.740884,0.075083,-0.667457,-0.44761,-0.796111,0.407216,-0.499878,0.600363,0.62427,0.008139,-0.004541,-0.029091,-3.14563,1.0998,5.583848,-0.358145,-0.189135,0.076844,0.361313,-0.517168,-0.442435,0.732653,0.829397,-0.048182,0.556518,-0.210275,0.896006,0.390922,-0.023332,-0.027028,-0.011716,6.106136,4.105694,2.599366,-0.645301,0.023554,0.056659,-0.005331,0.438362,0.479609,0.760139,-0.837773,-0.088282,0.538833,0.325536,-0.873029,0.363105,-0.012142,-0.01342,-0.005653,6.059598,6.460617,0.670709,0.167738,0.078155,0.052971,-0.044748,-0.749182,0.06191,-0.659463,-0.39501,-0.84096,0.369801,-0.531688,0.537543,0.654487,0.003801,-0.007893,-0.01008,-5.117709,3.237105,4.726214,-0.094401
53,0.134516,0.052918,0.404283,-0.685763,0.180995,-0.704993,-0.576764,-0.72595,0.374582,-0.443145,0.663261,0.603104,0.028208,-0.031283,-0.02776,0.896003,-1.768549,2.32776,-0.640555,-0.190395,0.075607,0.360627,-0.556652,-0.276011,0.783549,0.829846,-0.226359,0.509953,0.0373,0.934415,0.354036,-0.046637,-0.042997,-0.018266,5.957905,5.828128,0.286983,-1.040976,0.02292,0.056033,-0.005669,0.501263,0.317166,0.805071,-0.86162,0.097306,0.498138,0.079654,-0.943364,0.322052,-0.023828,-0.016975,-0.013243,5.723115,4.189528,2.356125,-0.150188,0.078571,0.052517,-0.045292,-0.700101,0.178249,-0.691436,-0.534324,-0.77313,0.341711,-0.473661,0.608684,0.636512,0.014263,-0.010812,-0.018616,0.018576,-0.354858,0.855705,-0.390773
54,0.135119,0.052369,0.403651,-0.650142,0.201446,-0.732653,-0.615297,-0.705321,0.352,-0.445044,0.679396,0.583425,0.039709,-0.032413,-0.028846,-0.564323,-1.755655,3.013693,-0.701251,-0.191357,0.074573,0.360186,-0.559683,-0.199375,0.804361,0.816534,-0.297827,0.494474,0.141664,0.933765,0.328447,-0.058247,-0.066698,-0.016182,0.066723,1.678048,-0.505573,-1.091978,0.022443,0.055529,-0.005886,0.514004,0.237438,0.82427,-0.857208,0.177494,0.483414,-0.031522,-0.955049,0.294766,-0.029411,-0.029046,-0.012572,1.262649,3.684297,-1.499898,-0.300253,0.078856,0.052243,-0.045602,-0.668065,0.200636,-0.716542,-0.569379,-0.757796,0.318671,-0.479056,0.620877,0.620496,0.014338,-0.010707,-0.018634,0.856535,-2.024828,2.191559,-0.53202
55,0.13676,0.051086,0.402416,-0.598099,0.218258,-0.771159,-0.654477,-0.688364,0.312709,-0.46185,0.691462,0.555519,0.05069,-0.03868,-0.032223,-0.075637,-0.691668,0.709113,-0.635419,-0.193989,0.071756,0.359133,-0.562929,-0.034127,0.825795,0.760203,-0.413213,0.501279,0.324811,0.909978,0.25749,-0.072507,-0.061219,-0.040381,0.520844,2.996077,0.771127,-1.046366,0.021132,0.054111,-0.006405,0.536868,0.074693,0.840353,-0.816139,0.298344,0.494881,-0.21375,-0.951531,0.221131,-0.036251,-0.037603,-0.016726,4.021905,5.046439,1.819872,-0.595972,0.079701,0.051574,-0.046241,-0.613074,0.224298,-0.757515,-0.615011,-0.737351,0.279415,-0.495883,0.637183,0.589997,0.025305,-0.019687,-0.016283,-0.076544,-0.683454,0.683041,-0.621176
56,0.139269,0.049531,0.400945,-0.547744,0.251108,-0.798102,-0.71097,-0.642542,0.285714,-0.440394,0.723611,0.531476,0.073867,-0.035122,-0.04556,-0.949396,0.835273,-0.902831,-0.34407,-0.196932,0.069386,0.357579,-0.560653,0.070264,0.825059,0.72508,-0.439328,0.530268,0.400415,0.89542,0.194303,-0.073557,-0.057552,-0.039432,-0.764253,1.825186,0.204223,-0.664887,0.019634,0.052875,-0.007212,0.548121,-0.033504,0.835727,-0.783845,0.328024,0.527243,-0.291804,-0.944074,0.153536,-0.036737,-0.028901,-0.01976,-0.833879,1.928885,0.261754,-0.648388,0.080927,0.050808,-0.04696,-0.563427,0.260543,-0.784006,-0.674053,-0.693681,0.253884,-0.477703,0.671508,0.566459,0.036683,-0.023417,-0.01854,-0.351982,-0.507293,1.390073,-0.500995
