frame,MLTx,MLTy,MLTz,MLTR1,MLTR2,MLTR3,MLTR4,MLTR5,MLTR6,MLTR7,MLTR8,MLTR9,MLTTVx,MLTTVy,MLTTVz,MLTRVx,MLTRVy,MLTRVz,MLGA,MRTx,MRTy,MRTz,MRTR1,MRTR2,MRTR3,MRTR4,MRTR5,MRTR6,MRTR7,MRTR8,MRTR9,MRTTVx,MRTTVy,MRTTVz,MRTRVx,MRTRVy,MRTRVz,MRGA,SLTx,SLTy,SLTz,SLTR1,SLTR2,SLTR3,SLTR4,SLTR5,SLTR6,SLTR7,SLTR8,SLTR9,SLTTVx,SLTTVy,SLTTVz,SLTRVx,SLTRVy,SLTRVz,SLGA,SRTx,SRTy,SRTz,SRTR1,SRTR2,SRTR3,SRTR4,SRTR5,SRTR6,SRTR7,SRTR8,SRTR9,SRTTVx,SRTTVy,SRTTVz,SRTRVx,SRTRVy,SRTRVz,SRGA
222,0.165255,-0.033279,0.28824,-0.225232,0.479257,-0.848309,-0.845451,-0.528825,-0.074352,-0.483968,0.699861,0.525354,-0.000932,0.026457,-0.03369,0.098589,-0.088711,-0.010079,-1.916781,-0.156108,-0.008301,0.282345,-0.308517,-0.592923,0.743808,0.907453,-0.417818,0.043486,0.285358,0.689124,0.66599,0.019795,-0.039874,0.057575,0.039728,-0.265046,-0.488103,-1.40669,0.04868,0.037854,-0.027204,0.383898,0.618688,0.685453,-0.873587,0.483819,0.052571,-0.299111,-0.618985,0.726215,0.001878,-0.014956,0.024963,0.228796,-0.533646,-0.482497,-0.974479,0.081408,0.025602,-0.073537,0.366914,-0.494623,-0.787858,0.810623,0.585482,0.009946,0.456357,-0.642306,0.615775,-0.000441,0.013236,-0.016833,0.115776,-0.059108,0.004562,-1.130153
223,0.165228,-0.032444,0.287181,-0.227023,0.475067,-0.850187,-0.852701,-0.518658,-0.062183,-0.470223,0.710246,0.523897,-0.000593,0.017971,-0.022036,-0.07189,-0.001602,-0.132824,-1.917359,-0.155424,-0.009918,0.284214,-0.297007,-0.592287,0.748982,0.906913,-0.420348,0.02738,0.298966,0.688129,0.66103,0.020182,-0.049623,0.045638,-0.123632,0.006984,-0.294442,-1.406435,0.049022,0.03705,-0.026264,0.37238,0.620188,0.690433,-0.87372,0.485135,0.035457,-0.312963,-0.616449,0.722526,0.009516,-0.019543,0.018432,-0.091328,-0.002184,-0.299077,-0.982481,0.081393,0.02602,-0.074075,0.368584,-0.490417,-0.789706,0.816819,0.576423,0.023273,0.443791,-0.653625,0.613043,-0.000248,0.009323,-0.010577,-0.359433,-0.025573,0.082643,-1.12852
224,0.165181,-0.031534,0.286443,-0.234631,0.470935,-0.85042,-0.859404,-0.509286,-0.044979,-0.454006,0.719714,0.525278,-0.00011,0.023621,-0.014602,-0.124281,-0.449152,-0.348517,-1.917595,-0.154552,-0.011445,0.285422,-0.288773,-0.593343,0.751363,0.901989,-0.431642,0.005953,0.321126,0.680177,0.658863,0.033166,-0.032205,0.021856,0.022983,-0.129943,-0.335151,-1.406466,0.049446,0.036289,-0.025665,0.364863,0.621468,0.69329,-0.868847,0.494891,0.013632,-0.334632,-0.607338,0.720528,0.01657,-0.016521,0.010403,0.240548,-0.233154,-0.381826,-0.985746,0.081376,0.026459,-0.074447,0.375649,-0.488252,-0.787716,0.822085,0.567956,0.040002,0.427858,-0.662596,0.614737,-7.1e-05,0.011465,-0.007752,-1.352062,0.006554,0.75153,-1.128031
225,0.165128,-0.030675,0.286101,-0.237423,0.474855,-0.84746,-0.866374,-0.498039,-0.036405,-0.439068,0.724982,0.530704,-0.015184,0.016683,-0.000692,0.018936,0.092103,-0.14787,-1.91667,-0.153678,-0.012638,0.285913,-0.286618,-0.594453,0.75131,0.896217,-0.443453,-0.008819,0.338749,0.671549,0.658889,0.032387,-0.027063,0.006481,-0.045597,0.040658,-0.221571,-1.406352,0.049901,0.035665,-0.025406,0.362206,0.623577,0.692789,-0.863234,0.504794,-0.003045,-0.351615,-0.596936,0.721133,0.016194,-0.013892,0.002783,-0.086887,0.102694,-0.179808,-0.987216,0.081349,0.026901,-0.074629,0.37849,-0.489667,-0.785474,0.828344,0.557857,0.051377,0.413025,-0.670089,0.616756,0.000127,0.013823,-0.004658,0.034946,0.06653,-0.075438,-1.133092
226,0.165111,-0.030276,0.286026,-0.239659,0.476214,-0.846067,-0.868507,-0.494586,-0.032429,-0.433606,0.72645,0.533182,0.000289,0.028246,-0.008534,0.066935,0.064718,-0.107285,-1.917003,-0.153256,-0.013124,0.285937,-0.285881,-0.594854,0.751274,0.89261,-0.450442,-0.016841,0.348759,0.66652,0.658773,0.017591,-0.030535,0.004078,0.406939,-0.118207,-0.042542,-1.406683,0.050106,0.035432,-0.025397,0.361632,0.623156,0.693467,-0.859649,0.510771,-0.010689,-0.360864,-0.592274,0.720407,0.015713,-0.009399,-0.002554,1.414992,-0.389918,0.864353,-0.989339,0.081335,0.027098,-0.07466,0.380612,-0.490862,-0.783701,0.830179,0.554701,0.055753,0.407353,-0.671832,0.61863,0.000198,0.008465,-0.000293,0.034548,0.077546,-0.121303,-1.136685
227,0.165095,-0.02962,0.286083,-0.244846,0.479206,-0.842886,-0.873356,-0.486511,-0.022962,-0.420781,0.729921,0.538689,0.000545,0.018806,0.001846,0.027657,0.078486,-0.123453,-1.917146,-0.152486,-0.013723,0.285499,-0.285564,-0.585876,0.758416,0.885831,-0.463305,-0.024213,0.365898,0.665642,0.650309,0.015531,-0.01144,-0.015984,-0.218548,0.464322,0.303749,-1.406642,0.050491,0.035123,-0.025612,0.360496,0.617197,0.699364,-0.852396,0.522447,-0.021687,-0.378766,-0.588317,0.714436,0.007769,-0.005801,-0.008103,-0.020091,0.110895,-0.149606,-0.9864,0.081327,0.027438,-0.074632,0.38562,-0.493344,-0.779684,0.834229,0.547427,0.066213,0.394154,-0.675968,0.622662,0.000286,0.009539,0.001101,0.03336,0.075281,-0.116542,-1.131133
228,0.165033,-0.029111,0.286494,-0.249332,0.480812,-0.840654,-0.875691,-0.482566,-0.016344,-0.413227,0.731479,0.54241,0.000923,0.010795,0.01405,0.001445,-0.031092,0.048513,-1.916732,-0.151747,-0.014176,0.284683,-0.281612,-0.578163,0.765777,0.880516,-0.472798,-0.033006,0.381469,0.665703,0.641237,0.014608,-0.003908,-0.028624,0.051416,0.11082,-0.038036,-1.406391,0.050855,0.034899,-0.026008,0.357287,0.607873,0.709109,-0.846641,0.531377,-0.028932,-0.394391,-0.590024,0.704504,0.007883,-0.007523,-0.0103,0.44843,0.640698,-0.508201,-0.985093,0.081302,0.027684,-0.074439,0.389849,-0.494544,-0.776816,0.835924,0.543937,0.073226,0.386326,-0.677907,0.625454,0.000465,0.005486,0.007142,-0.00168,0.075566,-0.117199,-1.134725
229,0.165027,-0.028935,0.28679,-0.252408,0.480917,-0.839675,-0.875654,-0.482725,-0.013317,-0.411431,0.731305,0.544008,0.000968,0.011335,0.014716,-0.004264,0.091726,-0.143154,-1.917604,-0.151446,-0.014397,0.284239,-0.284065,-0.569295,0.771493,0.874763,-0.483263,-0.034368,0.392731,0.665819,0.63428,0.014633,-0.003955,-0.028766,0.217047,0.618889,0.446353,-1.406723,0.051011,0.034779,-0.026241,0.358498,0.601522,0.713897,-0.840675,0.540516,-0.033271,-0.405887,-0.588228,0.699459,0.007932,-0.008108,-0.011067,1.43826,0.115695,0.88428,-0.988522,0.081294,0.027777,-0.074284,0.392637,-0.494401,-0.775502,0.835525,0.544153,0.076116,0.384361,-0.677837,0.626739,0.000522,0.006185,0.008033,0.004134,-0.033578,0.051592,-1.134888
230,0.164994,-0.028533,0.287617,-0.249163,0.482408,-0.839789,-0.878772,-0.477025,-0.013355,-0.406741,0.734054,0.543831,0.001231,0.014435,0.018614,0.001445,-0.031064,0.048531,-1.916937,-0.150732,-0.014805,0.283374,-0.282188,-0.555084,0.782459,0.865804,-0.498607,-0.041325,0.413407,0.666486,0.620285,0.015756,-0.013384,-0.018754,0.262054,0.262679,0.47987,-1.406489,0.051368,0.034573,-0.026685,0.356305,0.586816,0.727112,-0.83097,0.554835,-0.040582,-0.427242,-0.589749,0.685317,0.0073,-0.000895,-0.013124,1.165721,0.31011,1.302083,-0.987216,0.081276,0.027976,-0.073882,0.389684,-0.496112,-0.775898,0.838928,0.53879,0.076835,0.379928,-0.680864,0.62616,0.000617,0.007362,0.009499,0.001861,-0.031049,0.048407,-1.136032
231,0.164973,-0.028129,0.288474,-0.247479,0.484024,-0.839357,-0.8821,-0.470892,-0.011526,-0.400525,0.736941,0.54454,0.001363,0.003635,0.027095,-0.03416,-0.017614,0.030559,-1.91756,-0.150088,-0.015111,0.282639,-0.278051,-0.536508,0.796767,0.857216,-0.512831,-0.046028,0.433624,0.670871,0.60147,0.014446,0.00147,-0.022235,-0.072508,0.306146,0.006755,-1.406166,0.051691,0.034411,-0.027055,0.352151,0.568599,0.743427,-0.821305,0.568641,-0.045876,-0.448829,-0.594426,0.66724,0.000315,-0.005889,-0.007439,-0.104839,0.234315,0.111404,-0.988032,0.081267,0.028185,-0.073444,0.388035,-0.497835,-0.775621,0.842402,0.532972,0.079355,0.373879,-0.684178,0.626189,0.000634,0.007595,0.009728,0.002566,-0.031805,0.049352,-1.135052
232,0.164978,-0.027758,0.289385,-0.246017,0.48404,-0.839777,-0.882678,-0.469789,-0.012261,-0.400155,0.737633,0.543875,0.001394,0.004059,0.0275,-0.039151,0.089396,-0.137019,-1.91737,-0.149529,-0.01541,0.282139,-0.275378,-0.516592,0.810735,0.849608,-0.52534,-0.046018,0.450003,0.676777,0.582523,0.015476,-0.006433,-0.010174,-0.102735,0.31006,-0.018513,-1.406335,0.051976,0.03426,-0.027316,0.3487,0.549752,0.759065,-0.812867,0.580545,-0.047044,-0.466534,-0.600615,0.649312,0.007738,-0.003018,-0.004846,-0.080523,0.249702,-0.049592,-0.996687,0.081269,0.028371,-0.072988,0.386505,-0.497982,-0.77629,0.843186,0.531838,0.078643,0.373698,-0.684953,0.62545,0.00065,0.007824,0.009951,0.001697,-0.031047,0.048411,-1.133745
233,0.16498,-0.027543,0.289825,-0.245228,0.484045,-0.840005,-0.882946,-0.469273,-0.012714,-0.400049,0.737958,0.543512,0.001276,0.015083,0.019112,0.001447,-0.030992,0.048576,-1.91724,-0.149242,-0.015479,0.281963,-0.276633,-0.503586,0.818454,0.84427,-0.534118,-0.043139,0.459196,0.679688,0.571863,0.015358,-0.004033,-0.007152,4.218125,0.517111,3.464578,-1.405996,0.05212,0.034225,-0.027406,0.34839,0.539765,0.76634,-0.80792,0.587456,-0.046476,-0.475278,-0.60295,0.640751,0.007704,-0.001786,-0.003287,4.244454,0.460395,3.427732,-0.994891,0.081271,0.028481,-0.072756,0.385868,-0.498043,-0.776568,0.843514,0.53136,0.078351,0.373615,-0.685279,0.625141,0.000624,0.007542,0.009558,0.001645,-0.031018,0.048433,-1.134072
234,0.164967,-0.027262,0.290649,-0.243681,0.48406,-0.840447,-0.883558,-0.468097,-0.013486,-0.399644,0.738695,0.54281,0.001101,0.000653,0.023023,-0.034158,-0.017557,0.030594,-1.916425,-0.148695,-0.015508,0.281852,-0.27889,-0.481697,0.83077,0.836396,-0.546871,-0.036169,0.47207,0.685363,0.554338,0.01629,-0.010391,0.006942,0.140171,0.594803,0.486667,-1.405921,0.052387,0.034213,-0.027465,0.350574,0.517692,0.780443,-0.798046,0.601244,-0.040342,-0.490122,-0.608686,0.623923,0.007526,0.000824,0.0,1.062875,0.753529,1.297272,-0.99783,0.081265,0.028626,-0.072347,0.384426,-0.498182,-0.777194,0.844278,0.530238,0.077725,0.373376,-0.686048,0.624441,0.000463,0.005639,0.007105,0.000861,-0.015496,0.024192,-1.135705
235,0.164946,-0.027107,0.291359,-0.24272,0.484079,-0.840714,-0.884082,-0.467099,-0.013776,-0.399071,0.739313,0.542388,0.000927,-0.001385,0.020396,-0.034881,-0.002071,0.006299,-1.916824,-0.148254,-0.015459,0.281887,-0.28063,-0.454681,0.845283,0.828487,-0.55936,-0.025693,0.484825,0.693659,0.532583,0.014971,0.00309,0.001867,-0.326935,0.81074,0.413577,-1.405781,0.052608,0.034236,-0.027442,0.351329,0.492327,0.796355,-0.788525,0.614177,-0.031825,-0.504772,-0.616765,0.60399,-3.5e-05,0.000511,0.000635,-0.379441,0.948196,0.440799,-1.002239,0.081254,0.028704,-0.071991,0.383494,-0.498281,-0.77759,0.844905,0.529265,0.077538,0.372916,-0.686726,0.623971,0.000412,0.005055,0.006335,0.001539,-0.030929,0.048536,-1.138481
236,0.164838,-0.027015,0.291958,-0.242205,0.484081,-0.840861,-0.884491,-0.466324,-0.013752,-0.398478,0.7398,0.542161,0.000592,0.007001,0.008739,0.0,0.0,0.0,-1.916482,-0.14792,-0.01536,0.281949,-0.285027,-0.414684,0.864169,0.810659,-0.585309,-0.013358,0.511675,0.697252,0.501887,-9.8e-05,0.001683,0.002137,-0.270811,0.891069,0.173822,-1.405783,0.052781,0.034289,-0.027406,0.354073,0.452085,0.818688,-0.768295,0.63975,-0.020995,-0.533248,-0.62156,0.573853,0.007467,0.001685,0.001096,-0.248972,0.932433,0.584429,-1.005995,0.0812,0.028748,-0.071686,0.383002,-0.498327,-0.777803,0.845369,0.528506,0.077665,0.372371,-0.687277,0.623689,-0.007286,-0.001423,0.009373,-0.035799,0.012646,-0.023314,-1.140114
237,0.164735,-0.026993,0.292218,-0.24215,0.484074,-0.840881,-0.884649,-0.46603,-0.01359,-0.398162,0.73999,0.542133,0.000683,-0.004273,0.016729,-0.034881,-0.002048,0.006311,-1.916507,-0.147796,-0.015325,0.281993,-0.287082,-0.389722,0.875039,0.802129,-0.59709,-0.002637,0.523837,0.701619,0.482897,-9.8e-05,0.001674,0.002125,-0.302564,1.205071,0.447605,-1.405618,0.052842,0.034308,-0.027383,0.354936,0.429245,0.830523,-0.758568,0.651473,-0.012521,-0.546438,-0.625564,0.556843,0.008077,-0.004023,0.004942,0.144263,0.780293,0.332621,-1.004525,0.081148,0.028761,-0.071562,0.382954,-0.498323,-0.77783,0.84551,0.528252,0.077847,0.372098,-0.687475,0.623634,-0.007382,0.003582,0.004571,-0.000214,-0.000746,-0.005288,-1.140277
238,0.164435,-0.026915,0.292667,-0.242224,0.484034,-0.840883,-0.88485,-0.465658,-0.013219,-0.397669,0.74025,0.54214,0.000597,-0.005293,0.015437,-0.03488,-0.002024,0.006323,-1.917041,-0.147592,-0.015275,0.282145,-0.282652,-0.343311,0.895677,0.782426,-0.622633,0.008387,0.555125,0.703595,0.443456,-0.000163,0.002755,0.003492,-0.282458,1.051237,0.074394,-1.405391,0.052945,0.034332,-0.027309,0.3485,0.383387,0.855313,-0.736459,0.676473,-0.003152,-0.579805,-0.628806,0.5181,-6.8e-05,0.001007,0.001266,-0.275571,1.275881,0.247303,-1.007138,0.080998,0.028799,-0.071338,0.383025,-0.498277,-0.777823,0.845685,0.527912,0.078259,0.371628,-0.687769,0.623589,-0.007424,0.002983,0.003814,-0.000221,-0.000709,-0.005261,-1.140604
239,0.164029,-0.026852,0.293048,-0.242489,0.483973,-0.840842,-0.884979,-0.465427,-0.012736,-0.397221,0.740436,0.542215,-0.014808,-0.006107,0.014611,-0.036584,0.028127,-0.04756,-1.916908,-0.147407,-0.015137,0.282292,-0.273371,-0.303095,0.912904,0.770027,-0.637677,0.018996,0.576694,0.708526,0.406544,0.014811,0.005425,0.004798,4.777957,0.97899,2.456987,-1.405667,0.053032,0.034397,-0.027239,0.336055,0.347866,0.875246,-0.72651,0.68713,0.005848,-0.599374,-0.63784,0.483642,0.007393,0.002797,0.002501,-0.34887,1.181258,0.18028,-1.005341,0.080806,0.028829,-0.07115,0.383233,-0.498203,-0.777769,0.845779,0.52769,0.07873,0.371198,-0.687994,0.623598,0.000219,0.002596,0.003225,0.000748,-0.015403,0.024316,-1.139787
240,0.163819,-0.026817,0.29321,-0.242868,0.483939,-0.840752,-0.884972,-0.465451,-0.012336,-0.397004,0.740443,0.542365,-0.014932,0.004589,0.005879,-0.000984,0.014715,-0.029553,-1.916753,-0.147275,-0.015068,0.282377,-0.274965,-0.287406,0.917488,0.765019,-0.643353,0.027864,0.582576,0.709911,0.395595,0.01485,0.004708,0.003886,4.848107,1.002999,2.101729,-1.40483,0.053098,0.034435,-0.027191,0.336589,0.331165,0.881497,-0.720786,0.692998,0.014874,-0.60595,-0.640377,0.471954,-0.000124,0.001982,0.002501,-0.263577,0.97334,-0.01203,-1.005505,0.080696,0.028845,-0.071062,0.383612,-0.498136,-0.777625,0.845721,0.52772,0.079154,0.370939,-0.688019,0.623724,-0.007444,0.002603,0.003326,-0.000254,-0.000694,-0.005243,-1.139951
241,0.163342,-0.026706,0.293519,-0.243375,0.483857,-0.840652,-0.884966,-0.465477,-0.011775,-0.396707,0.74048,0.542531,-0.014835,0.005538,0.007029,-0.000267,-0.00068,-0.0052,-1.917046,-0.146971,-0.014862,0.282578,-0.280836,-0.263907,0.922754,0.76158,-0.646308,0.047064,0.584286,0.716291,0.381312,0.014724,0.006558,0.006208,0.032592,0.322254,0.721382,-1.404607,0.053256,0.034538,-0.027092,0.342082,0.306573,0.888252,-0.712393,0.701032,0.032399,-0.612761,-0.643867,0.458212,0.007351,0.003341,0.003174,-0.009879,0.333694,0.812583,-0.996034,0.080451,0.028899,-0.07091,0.384118,-0.498008,-0.777457,0.84563,0.52778,0.079725,0.370623,-0.688065,0.623861,-0.007422,0.002762,0.003512,-0.000253,-0.000677,-0.005221,-1.139951
242,0.162829,-0.02664,0.293821,-0.243942,0.483773,-0.840537,-0.884978,-0.46547,-0.011126,-0.396332,0.740539,0.542724,-0.01485,-0.00672,0.0138,-0.03586,0.012809,-0.02317,-1.916505,-0.146569,-0.014585,0.282852,-0.28674,-0.249372,0.924979,0.760444,-0.646426,0.061585,0.582903,0.721357,0.373805,0.014661,0.007258,0.007065,-0.124817,0.520524,-0.034933,-1.405042,0.053451,0.034675,-0.026956,0.347613,0.291999,0.891011,-0.710353,0.702275,0.046985,-0.612015,-0.649265,0.451542,0.007334,0.003512,0.003378,-0.171979,0.656199,0.05606,-1.001749,0.080201,0.028936,-0.070762,0.384639,-0.497881,-0.777281,0.845553,0.52781,0.08034,0.370257,-0.688135,0.624002,0.000154,0.001752,0.002167,-2e-06,-2e-06,-2.6e-05,-1.139134
243,0.162561,-0.026653,0.293989,-0.244423,0.483734,-0.840419,-0.88499,-0.465459,-0.010589,-0.396007,0.740572,0.542917,-0.014859,-0.006831,0.013653,-0.035859,0.012829,-0.02316,-1.917505,-0.146316,-0.01445,0.283003,-0.289738,-0.244021,0.925472,0.761184,-0.644869,0.068395,0.580453,0.724568,0.371403,0.014606,0.007941,0.007909,-0.078367,0.376128,-0.142578,-1.405336,0.053583,0.034745,-0.026879,0.34989,0.285543,0.892211,-0.710916,0.701169,0.054391,-0.610061,-0.653319,0.448329,0.007297,0.004024,0.004015,-0.061331,0.349765,-0.177967,-1.003545,0.080067,0.028929,-0.070679,0.385097,-0.497802,-0.777104,0.845496,0.527821,0.080874,0.369913,-0.688183,0.624153,0.00015,0.001688,0.00209,4e-06,4e-06,-1.7e-05,-1.139461
244,0.161953,-0.026794,0.294349,-0.245672,0.483657,-0.840099,-0.885059,-0.465357,-0.009156,-0.395077,0.740686,0.543438,-0.030306,-0.008136,0.012186,-0.037552,0.042948,-0.077066,-1.917054,-0.145734,-0.014163,0.283329,-0.293952,-0.224076,0.929179,0.754129,-0.651592,0.081563,0.587509,0.724968,0.359329,0.015824,-0.003464,0.015569,5.00423,0.838996,2.066621,-1.405313,0.053868,0.034891,-0.026719,0.351701,0.267788,0.896992,-0.706952,0.704081,0.066991,-0.613616,-0.657691,0.43694,0.007286,0.003971,0.00393,-0.11144,0.438525,0.137454,-1.002565,0.079769,0.028861,-0.070496,0.386242,-0.497628,-0.776648,0.845397,0.527762,0.082275,0.368944,-0.688354,0.624538,-0.007502,-0.004135,0.005939,-0.036576,0.028223,-0.047534,-1.140767
245,0.161286,-0.027087,0.294768,-0.247239,0.483589,-0.839678,-0.885217,-0.465091,-0.007271,-0.393744,0.740898,0.544117,-0.030334,-0.008286,0.011972,-0.037548,0.042969,-0.077059,-1.916966,-0.144981,-0.013886,0.28365,-0.293138,-0.198316,0.935271,0.746297,-0.658845,0.094329,0.59783,0.725882,0.339939,0.029606,0.008563,0.006523,1.474593,0.402778,0.852271,-1.404888,0.054234,0.035024,-0.026555,0.349428,0.242401,0.905064,-0.698135,0.711599,0.07895,-0.624906,-0.659445,0.417881,0.007278,0.003897,0.003814,-0.10471,0.359429,0.329333,-1.009097,0.079441,0.028717,-0.070293,0.387713,-0.497432,-0.77604,0.845319,0.527593,0.084145,0.367577,-0.688626,0.625044,-0.007564,-0.004716,0.005222,-0.036576,0.028251,-0.047533,-1.143543
246,0.160582,-0.027461,0.295217,-0.248924,0.483527,-0.839216,-0.885429,-0.464716,-0.005184,-0.392202,0.741174,0.544854,-0.015117,-0.009325,0.010536,-0.036559,0.028274,-0.0475,-1.916641,-0.144233,-0.013589,0.283864,-0.291185,-0.174103,0.940686,0.742073,-0.661613,0.107375,0.604012,0.729533,0.320646,0.029658,0.007329,0.004939,1.414347,0.684331,0.968244,-1.405331,0.054624,0.03518,-0.026442,0.347106,0.218123,0.912106,-0.689362,0.718746,0.090457,-0.635843,-0.66017,0.399847,0.014826,0.003642,0.002433,1.40361,0.771559,1.017713,-1.012689,0.079078,0.028527,-0.070063,0.389355,-0.497223,-0.775352,0.845273,0.527317,0.086305,0.365943,-0.688988,0.625603,-0.015197,-0.004284,0.00581,-0.037558,0.043002,-0.077075,-1.141094
247,0.160231,-0.027652,0.295445,-0.249703,0.483497,-0.839002,-0.885552,-0.464492,-0.004182,-0.391429,0.741333,0.545193,-0.015107,-0.009147,0.010748,-0.036557,0.028284,-0.047497,-1.91681,-0.143835,-0.013456,0.283972,-0.290566,-0.168388,0.941917,0.741954,-0.661182,0.110802,0.604456,0.731257,0.315848,0.02964,0.007362,0.004959,-0.043049,0.200275,-0.021619,-1.405213,0.054823,0.035245,-0.026389,0.346071,0.210919,0.914192,-0.688612,0.718904,0.094814,-0.637218,-0.662336,0.394033,0.01482,0.003683,0.002465,-0.011922,0.115283,-0.078539,-1.014322,0.078902,0.028431,-0.06995,0.390094,-0.497129,-0.77504,0.845278,0.527142,0.087325,0.365145,-0.68919,0.625847,-0.007544,-0.004416,0.00558,-0.036573,0.028299,-0.047526,-1.140604
248,0.159581,-0.028059,0.295852,-0.251248,0.483449,-0.838568,-0.885787,-0.464057,-0.002205,-0.389904,0.741637,0.545872,-0.015232,-0.010262,0.009366,-0.036553,0.0283,-0.047493,-1.916876,-0.143089,-0.013152,0.284193,-0.293678,-0.156498,0.943002,0.740852,-0.66059,0.121214,0.604307,0.73441,0.308737,0.014557,0.006973,0.006556,-0.008606,0.014022,0.085008,-1.405462,0.055191,0.035393,-0.026284,0.348429,0.199291,0.915904,-0.687069,0.718975,0.104934,-0.637599,-0.665851,0.387438,0.006647,0.009054,-0.000748,0.047038,-0.044719,0.069059,-1.015955,0.078577,0.028229,-0.069744,0.391561,-0.496952,-0.774414,0.845279,0.526803,0.089335,0.363569,-0.689576,0.626338,-0.007623,-0.005135,0.004689,-0.036575,0.028306,-0.047527,-1.138971
249,0.15904,-0.02846,0.296151,-0.252342,0.483415,-0.838259,-0.886043,-0.463571,-0.000674,-0.388613,0.741962,0.546351,-0.015377,-0.011524,0.007807,-0.03655,0.028311,-0.04749,-1.916721,-0.142526,-0.012864,0.284304,-0.303657,-0.149719,0.94094,0.738729,-0.660618,0.133407,0.60198,0.735788,0.309999,0.013493,0.015171,-0.005135,0.032427,-0.003046,0.063203,-1.405606,0.055472,0.035538,-0.026219,0.357912,0.191939,0.913815,-0.684396,0.719678,0.116893,-0.635217,-0.667249,0.388943,0.007374,0.002116,0.001551,0.010935,-0.032084,0.043453,-1.012526,0.078312,0.028033,-0.069597,0.392561,-0.49683,-0.773985,0.845367,0.5264,0.090863,0.362282,-0.689972,0.626649,-7e-05,-0.006314,0.003187,-0.035574,0.0136,-0.017956,-1.143543
250,0.15882,-0.028629,0.296257,-0.252875,0.483401,-0.838106,-0.886123,-0.46342,9e-06,-0.388085,0.742066,0.546586,-0.015396,-0.011633,0.007669,-0.036549,0.028316,-0.047489,-1.917139,-0.142335,-0.012741,0.284295,-0.30986,-0.149118,0.939012,0.737584,-0.660834,0.138572,0.600227,0.735715,0.313551,0.014836,0.003036,0.001638,0.001923,-0.014996,0.029612,-1.405264,0.055562,0.035598,-0.026224,0.363978,0.191094,0.911593,-0.68301,0.720192,0.121739,-0.633258,-0.666938,0.392653,-2.1e-05,0.000267,0.000322,0.004197,-0.002677,-0.012138,-1.013016,0.078202,0.027944,-0.069541,0.393083,-0.496772,-0.773758,0.84537,0.52627,0.091584,0.36171,-0.690113,0.626824,-6.8e-05,-0.006296,0.003208,-0.036276,0.028788,-0.042431,-1.143053
251,0.158543,-0.028904,0.296445,-0.249063,0.483111,-0.839414,-0.886196,-0.463265,-0.003743,-0.390378,0.742352,0.54456,-0.0001,-0.00096,-0.001179,0.0,-0.0,0.0,-1.916984,-0.14217,-0.012491,0.28412,-0.324439,-0.147807,0.934283,0.734747,-0.661353,0.150643,0.596003,0.735511,0.321973,-0.001243,0.010718,-0.008536,0.036437,-0.009937,0.019026,-1.405631,0.055655,0.03573,-0.026313,0.378291,0.188487,0.906293,-0.679548,0.72136,0.133622,-0.628578,-0.666418,0.40097,-0.00061,0.005243,-0.004416,0.038789,-0.002241,0.008712,-1.014812,0.078052,0.027802,-0.069444,0.389512,-0.496803,-0.775542,0.845938,0.525982,0.08793,0.364237,-0.690311,0.625141,-0.007712,-0.005862,0.003784,-0.038325,0.044629,-0.073498,-1.143706
252,0.158473,-0.029117,0.296594,-0.247287,0.482989,-0.840009,-0.886294,-0.463061,-0.005401,-0.391285,0.742558,0.543628,-6e-06,-6e-05,-7.3e-05,0.0,-0.0,0.0,-1.916883,-0.142306,-0.012238,0.283678,-0.342136,-0.146259,0.928193,0.730795,-0.662269,0.165142,0.590961,0.734994,0.332283,-0.000862,0.005821,-0.014629,0.048546,-0.105747,0.159002,-1.405782,0.055587,0.035858,-0.026523,0.395402,0.185297,0.899623,-0.674938,0.72293,0.147746,-0.622988,-0.665609,0.410912,-0.000421,0.002859,-0.007378,0.036981,0.013905,-0.014436,-1.00779,0.078017,0.027694,-0.069372,0.387839,-0.496835,-0.77636,0.846266,0.52572,0.086323,0.36526,-0.690486,0.624349,-6e-06,-1.6e-05,-1.8e-05,-0.000209,0.000212,-0.000314,-1.144196
253,0.158518,-0.029214,0.296639,-0.24725,0.483011,-0.840008,-0.886407,-0.462846,-0.005296,-0.391053,0.742678,0.543631,0.015241,-0.001308,-0.001691,0.000984,-0.014715,0.029553,-1.917421,-0.142493,-0.012128,0.283348,-0.351617,-0.145413,0.924777,0.728381,-0.662969,0.172822,0.588381,0.734529,0.337842,-0.002005,0.015276,-0.024748,0.058139,-0.048,0.071445,-1.40579,0.055494,0.03591,-0.026684,0.404703,0.183521,0.895842,-0.672101,0.723987,0.155311,-0.620076,-0.664953,0.416344,-0.007795,0.000819,-0.008854,0.000693,-0.24721,0.33109,-1.006647,0.078034,0.027651,-0.06935,0.387812,-0.496856,-0.77636,0.846365,0.52554,0.086446,0.365057,-0.690609,0.624332,-5.9e-05,-0.000558,-0.000686,-3.2e-05,3.7e-05,-7.2e-05,-1.14387
254,0.158723,-0.029323,0.296668,-0.246897,0.483062,-0.840082,-0.886588,-0.462497,-0.005442,-0.390865,0.742862,0.543513,0.015278,-0.000978,-0.001291,0.000984,-0.014715,0.029553,-1.916939,-0.143014,-0.011943,0.282464,-0.365895,-0.143885,0.919462,0.723465,-0.665367,0.183902,0.58575,0.732658,0.346371,-0.016635,0.009446,-0.029946,0.095272,-0.196507,0.287181,-1.406017,0.055239,0.036006,-0.027123,0.418302,0.180671,0.890157,-0.666619,0.726735,0.165754,-0.616962,-0.662731,0.424434,-0.007656,-0.00105,-0.011211,0.045316,-0.071799,0.102001,-1.018568,0.078142,0.027591,-0.069334,0.38747,-0.496938,-0.776478,0.846599,0.525178,0.086352,0.364878,-0.690825,0.624198,0.007637,-0.000489,-0.000648,0.001004,-0.014713,0.029561,-1.144359
255,0.159019,-0.029437,0.296673,-0.245994,0.485696,-0.838827,-0.887026,-0.461632,-0.007227,-0.390442,0.741679,0.54543,0.015273,-0.001051,-0.001386,0.001034,-0.014381,0.029758,-1.91684,-0.143743,-0.01179,0.281304,-0.378104,-0.146734,0.914056,0.725653,-0.659993,0.194347,0.575201,0.736945,0.354852,-0.031462,0.005708,-0.032619,0.077885,-0.073403,0.09941,-1.405907,0.054886,0.036078,-0.027694,0.430351,0.182272,0.884067,-0.668757,0.722191,0.176643,-0.606268,-0.667245,0.432691,-0.007572,-0.002353,-0.012899,0.046418,-0.232632,0.324338,-1.022813,0.078284,0.027534,-0.069332,0.386598,-0.499648,-0.775173,0.847332,0.524271,0.08466,0.364101,-0.689559,0.62605,0.007626,-0.000625,-0.000822,-0.001935,-0.021634,0.026669,-1.144359
256,0.159384,-0.029554,0.296674,-0.245474,0.485773,-0.838936,-0.887234,-0.461228,-0.007524,-0.390298,0.74188,0.54526,0.015307,-0.000744,-0.001017,0.000984,-0.014714,0.029553,-1.917155,-0.144746,-0.011748,0.280071,-0.384214,-0.153172,0.910445,0.7294,-0.654825,0.197771,0.566344,0.740247,0.362149,-0.031403,0.004136,-0.03477,0.09035,-0.186348,0.253499,-1.40595,0.054367,0.036101,-0.028339,0.436988,0.188091,0.879581,-0.672512,0.717702,0.180638,-0.597301,-0.670466,0.440121,-0.015675,0.001949,-0.017519,0.083796,-0.171574,0.261665,-1.02216,0.078472,0.027475,-0.069332,0.386083,-0.499706,-0.775392,0.847607,0.523863,0.084434,0.364007,-0.689826,0.625809,0.007657,-0.000342,-0.000478,0.001091,-0.014851,0.029379,-1.144196
257,0.159591,-0.029587,0.296681,-0.244849,0.488377,-0.837605,-0.887548,-0.460593,-0.00917,-0.389976,0.740561,0.547279,0.015327,-0.000554,-0.000788,-0.00103,0.109135,-0.127747,-1.91651,-0.145342,-0.01171,0.27942,-0.386546,-0.157957,0.908638,0.731582,-0.652333,0.197949,0.561925,0.741448,0.36655,-0.03145,0.004397,-0.03453,0.1276,-0.218658,-0.01406,-1.406203,0.054069,0.036118,-0.028666,0.439536,0.192247,0.87741,-0.674775,0.715414,0.181274,-0.592862,-0.671731,0.444174,-0.015703,0.00214,-0.017322,0.139056,-0.24077,-0.029639,-1.02265,0.07857,0.027459,-0.069328,0.385358,-0.502553,-0.77391,0.848214,0.523168,0.082628,0.36336,-0.688284,0.62788,1e-06,2.5e-05,2.5e-05,-0.008945,-0.005812,0.002392,-1.144686
258,0.159994,-0.029621,0.296685,-0.244037,0.488452,-0.837798,-0.887754,-0.460185,-0.009772,-0.39002,0.740765,0.546972,0.015363,-0.000184,-0.000342,0.000985,-0.01471,0.029556,-1.916763,-0.146736,-0.011664,0.278187,-0.392372,-0.164912,0.904898,0.735699,-0.646657,0.201284,0.55243,0.744908,0.373894,-0.045357,-0.007416,-0.025462,0.04235,-0.051072,0.041695,-1.405939,0.053389,0.036142,-0.029276,0.445633,0.198911,0.872837,-0.679241,0.710233,0.184935,-0.583132,-0.67528,0.451612,-0.015774,0.002776,-0.016592,0.070657,-0.052876,0.101172,-1.029671,0.078772,0.027442,-0.069326,0.384706,-0.502443,-0.774306,0.848487,0.522771,0.082339,0.363415,-0.688665,0.62743,2.4e-05,0.000242,0.000291,-9.8e-05,-0.000897,-0.000564,-1.143706
259,0.160363,-0.029628,0.296673,-0.243105,0.488517,-0.838031,-0.887951,-0.459788,-0.010503,-0.390153,0.740969,0.546601,0.015363,-0.000173,-0.000337,0.000984,-0.014715,0.029553,-1.916581,-0.148205,-0.011639,0.277148,-0.397503,-0.174926,0.900768,0.740416,-0.640897,0.202409,0.542365,0.747611,0.38312,-0.030655,-0.001942,-0.020693,0.069045,-0.230326,0.240422,-1.405966,0.052666,0.036148,-0.029796,0.451065,0.20837,0.867825,-0.684381,0.704876,0.186472,-0.572854,-0.678034,0.46055,-0.015928,0.004898,-0.013938,0.06748,-0.15068,0.157831,-1.027549,0.078956,0.027438,-0.069332,0.383825,-0.502574,-0.774659,0.848799,0.522369,0.081663,0.363617,-0.688874,0.627083,2.1e-05,0.000235,0.000283,0.000175,-4.9e-05,-0.000166,-1.144359
260,0.160523,-0.029625,0.296659,-0.242897,0.488544,-0.838076,-0.887986,-0.459717,-0.010686,-0.390204,0.740996,0.546528,0.015329,-0.00052,-0.000766,0.000984,-0.014715,0.029553,-1.916681,-0.148921,-0.011623,0.276763,-0.399415,-0.177683,0.899382,0.739504,-0.642181,0.201671,0.542208,0.74586,0.38674,-0.045813,-0.001505,-0.01811,0.070413,-0.217407,0.201295,-1.406034,0.05228,0.036154,-0.030005,0.453307,0.210867,0.866052,-0.683284,0.70614,0.18571,-0.572395,-0.675943,0.46418,-0.022901,-0.000584,-0.008814,0.052766,-0.183399,0.222528,-1.028202,0.079036,0.027441,-0.069338,0.383629,-0.502615,-0.774729,0.84886,0.522297,0.08149,0.363681,-0.688899,0.627018,-0.0,-2e-06,-1.1e-05,0.000147,-3.5e-05,-0.000135,-1.142563
261,0.160707,-0.029637,0.296642,-0.24239,0.488576,-0.838204,-0.888092,-0.459502,-0.011083,-0.390277,0.741108,0.546324,-0.0,-1e-06,-1e-06,0.0,0.0,0.0,-1.917014,-0.150248,-0.011546,0.276252,-0.402416,-0.185532,0.896455,0.741552,-0.640178,0.200516,0.537168,0.745681,0.394048,-0.031119,0.005936,-0.010647,0.067454,-0.143645,0.049666,-1.406244,0.051617,0.036189,-0.030265,0.456682,0.218186,0.862458,-0.685509,0.704211,0.184832,-0.567026,-0.675633,0.471169,-0.01557,0.003313,-0.004852,0.053707,-0.118415,0.066351,-1.031794,0.079134,0.027434,-0.069347,0.383127,-0.502691,-0.774928,0.849037,0.52207,0.081104,0.363797,-0.689017,0.626823,2e-06,3e-06,-3e-06,0.000108,-2.1e-05,-8.6e-05,-1.141093
262,0.160742,-0.029633,0.296647,-0.242298,0.488582,-0.838228,-0.888112,-0.459462,-0.011155,-0.390291,0.741128,0.546287,0.0,1e-06,1e-06,0.0,0.0,0.0,-1.91748,-0.15139,-0.011396,0.276128,-0.405211,-0.187822,0.894716,0.743432,-0.637186,0.203064,0.532444,0.747671,0.396679,-0.016266,0.011373,-0.00569,0.034518,0.004687,-0.011242,-1.406033,0.051052,0.036262,-0.030322,0.459513,0.219854,0.860529,-0.687507,0.701443,0.187912,-0.5623,-0.677968,0.473473,-0.015076,-0.000432,0.001488,0.009871,-0.08234,0.104941,-1.029018,0.079151,0.027437,-0.069344,0.383042,-0.502703,-0.774963,0.849066,0.522034,0.081037,0.36382,-0.689036,0.626789,1e-06,-3e-06,-8e-06,6.9e-05,-7e-06,-5.1e-05,-1.142073
263,0.16064,-0.029635,0.296678,-0.242504,0.488566,-0.838177,-0.888089,-0.459511,-0.010964,-0.390215,0.741108,0.546369,5.8e-05,0.000601,0.000739,0.0,0.0,0.0,-1.917004,-0.152134,-0.011286,0.276269,-0.407442,-0.185028,0.894286,0.742257,-0.637482,0.20641,0.532385,0.748112,0.395927,-0.015208,0.002574,0.005328,-0.002817,0.017349,-0.027661,-1.40589,0.050674,0.036323,-0.03025,0.461511,0.216705,0.860259,-0.686111,0.701902,0.19127,-0.562369,-0.678507,0.472619,-0.007615,0.00149,0.002943,0.005481,0.004204,-0.036122,-1.030325,0.0791,0.027434,-0.06933,0.383239,-0.50267,-0.774887,0.849014,0.52209,0.081221,0.363734,-0.689017,0.626859,-0.007624,0.000656,0.00087,-0.000934,0.014706,-0.029592,-1.142237
264,0.160594,-0.029642,0.296687,-0.242616,0.48856,-0.838148,-0.888075,-0.459539,-0.010862,-0.390175,0.741095,0.546415,1e-06,9e-06,1.1e-05,0.0,0.0,0.0,-1.916702,-0.152353,-0.011209,0.276381,-0.40847,-0.182206,0.894396,0.741604,-0.637409,0.208966,0.532508,0.748863,0.394338,-0.000171,0.003816,0.004921,0.007386,-0.096865,0.175054,-1.406153,0.050564,0.036365,-0.030191,0.462335,0.213663,0.860577,-0.685336,0.701934,0.193914,-0.562636,-0.679438,0.470959,-9.4e-05,0.002022,0.002621,0.023826,-0.124037,0.157268,-1.029998,0.079077,0.027432,-0.069324,0.383346,-0.502653,-0.774845,0.848985,0.522122,0.081318,0.363688,-0.689005,0.626898,0.0,-5e-06,-5e-06,3.6e-05,-3e-06,-4.4e-05,-1.142073
265,0.160503,-0.029655,0.296736,-0.24281,0.488549,-0.838098,-0.888076,-0.459543,-0.010654,-0.390053,0.7411,0.546495,0.000113,0.00116,0.001426,0.000717,-0.015128,0.02452,-1.917383,-0.152497,-0.011039,0.276601,-0.405164,-0.17098,0.898109,0.741116,-0.636547,0.213283,0.535704,0.752221,0.383469,-0.000188,0.00421,0.005418,-0.179789,0.493178,0.36461,-1.406064,0.050492,0.03645,-0.03008,0.458532,0.205527,0.864584,-0.684995,0.701543,0.196517,-0.566154,-0.682345,0.462465,0.007396,0.003134,0.003042,0.012745,-0.035949,0.059254,-1.029345,0.079032,0.027423,-0.069303,0.383531,-0.502626,-0.774771,0.848957,0.522135,0.081525,0.363559,-0.689015,0.626962,5.6e-05,0.000568,0.000699,0.000752,-0.015124,0.0245,-1.14289
266,0.16047,-0.029652,0.296758,-0.242856,0.488544,-0.838088,-0.888076,-0.459543,-0.010602,-0.390023,0.741103,0.546512,7.9e-05,0.00081,0.000995,0.0,0.0,0.0,-1.916864,-0.152293,-0.010839,0.27678,-0.402315,-0.162387,0.90098,0.74067,-0.636076,0.216217,0.53846,0.754509,0.375021,0.014845,0.004947,0.004365,-0.038734,0.084378,0.138665,-1.405805,0.050588,0.036551,-0.029988,0.45508,0.194749,0.868892,-0.684175,0.701011,0.201214,-0.569917,-0.686043,0.452259,-7.1e-05,0.00153,0.001965,-0.034464,0.107217,0.08537,-1.031794,0.079015,0.027425,-0.069292,0.383576,-0.502617,-0.774755,0.84895,0.522138,0.081576,0.363528,-0.689019,0.626976,5.4e-05,0.000545,0.000672,0.000744,-0.015125,0.024507,-1.143216
267,0.16047,-0.029646,0.296765,-0.242835,0.488544,-0.838094,-0.88808,-0.459535,-0.010618,-0.390027,0.741108,0.546503,2.3e-05,0.000232,0.000285,0.0,0.0,0.0,-1.916846,-0.15214,-0.010754,0.276834,-0.40007,-0.159544,0.902487,0.740886,-0.635846,0.216154,0.539832,0.755305,0.371428,0.014906,0.003496,0.002496,-0.009206,0.015299,0.051816,-1.405702,0.050665,0.036596,-0.029958,0.452751,0.192041,0.870709,-0.684331,0.700844,0.201262,-0.571582,-0.686976,0.448728,0.007444,0.001917,0.001463,-0.000569,0.089122,-0.133834,-1.030814,0.079016,0.02743,-0.069286,0.383556,-0.502618,-0.774763,0.848956,0.52213,0.081561,0.363533,-0.689024,0.626967,1.3e-05,0.000134,0.000166,2.2e-05,-1e-06,-8e-06,-1.14338
268,0.160485,-0.029622,0.296811,-0.242703,0.488547,-0.83813,-0.888118,-0.45946,-0.010705,-0.390023,0.741152,0.546445,6.7e-05,0.000681,0.000837,0.0,0.0,0.0,-1.917813,-0.151647,-0.010657,0.276909,-0.395552,-0.15381,0.905468,0.741402,-0.635263,0.216096,0.542444,0.756975,0.364152,-4.6e-05,0.000968,0.001243,-0.004061,0.011167,0.008042,-1.405463,0.050917,0.036646,-0.02992,0.448002,0.187019,0.874252,-0.684864,0.700362,0.201131,-0.574678,-0.688851,0.441846,0.007478,0.001132,0.000445,0.012191,-0.037124,0.023335,-1.028202,0.079023,0.027442,-0.069263,0.38343,-0.502633,-0.774816,0.84901,0.522055,0.081483,0.363541,-0.68907,0.626912,3.3e-05,0.000348,0.000427,8e-06,-1.1e-05,-1.1e-05,-1.14338
269,0.16049,-0.029583,0.296891,-0.242527,0.48855,-0.838179,-0.888175,-0.459348,-0.01081,-0.390003,0.74122,0.546368,0.000162,0.001664,0.002043,0.0,0.0,0.0,-1.916872,-0.151049,-0.010619,0.27691,-0.390408,-0.153694,0.907717,0.742574,-0.635294,0.21194,0.544557,0.756972,0.360989,0.015005,0.001269,-0.000387,0.002365,-0.013945,0.027706,-1.405722,0.051216,0.036664,-0.02992,0.443004,0.187767,0.876635,-0.686235,0.700251,0.196798,-0.576913,-0.68876,0.439066,0.007507,0.000583,-0.000268,0.000461,-0.019636,0.032653,-1.031468,0.079025,0.02746,-0.069225,0.383264,-0.50265,-0.774888,0.849087,0.521944,0.081392,0.363536,-0.689142,0.626836,9.3e-05,0.000972,0.001192,0.000724,-0.015139,0.024514,-1.143706
270,0.160473,-0.029568,0.296991,-0.242447,0.488553,-0.838201,-0.888243,-0.459216,-0.0108,-0.389898,0.741299,0.546335,0.000103,0.00105,0.001288,0.0,0.0,0.0,-1.916953,-0.150554,-0.010579,0.276877,-0.387314,-0.153621,0.909054,0.74331,-0.635252,0.209471,0.545759,0.757023,0.359064,1.8e-05,-0.000349,-0.000448,0.0,0.0,-0.0,-1.405334,0.051464,0.036683,-0.029937,0.440011,0.188023,0.878087,-0.687095,0.700078,0.194399,-0.578178,-0.688867,0.437232,0.007514,0.000399,-0.000513,0.000886,-0.017502,0.031612,-1.026896,0.079017,0.027468,-0.069173,0.383188,-0.502659,-0.774919,0.849162,0.521819,0.081417,0.363442,-0.68923,0.626794,7.1e-05,0.000749,0.000921,6e-06,-2e-06,-6e-06,-1.143706
271,0.160464,-0.029566,0.297044,-0.242415,0.488555,-0.838209,-0.88828,-0.459144,-0.010782,-0.389833,0.741343,0.546323,0.000112,0.001144,0.001403,0.0,0.0,0.0,-1.917019,-0.150354,-0.010528,0.276882,-0.387259,-0.153563,0.909087,0.74329,-0.635285,0.209445,0.545826,0.757007,0.358996,-7.9e-05,0.001533,0.001967,-0.011912,0.098026,-0.138449,-1.405656,0.051564,0.036705,-0.02994,0.439977,0.187973,0.878114,-0.687074,0.7001,0.194391,-0.578228,-0.688857,0.43718,-3.9e-05,0.000788,0.001003,-0.012307,0.097687,-0.138291,-1.024283,0.079013,0.02747,-0.069146,0.383157,-0.502664,-0.774931,0.849201,0.52175,0.081443,0.363382,-0.689278,0.626775,5.2e-05,0.000567,0.000698,2e-06,1.1e-05,-1.1e-05,-1.143379
272,0.160385,-0.029622,0.297123,-0.242665,0.488552,-0.838138,-0.888321,-0.459072,-0.010463,-0.389583,0.741389,0.546437,1e-06,1.4e-05,1.7e-05,0.0,0.0,0.0,-1.917264,-0.149921,-0.010387,0.277002,-0.388662,-0.150512,0.908999,0.742533,-0.635175,0.212439,0.54586,0.757707,0.357462,0.014823,0.004562,0.003811,0.000945,-0.012247,0.031435,-1.405372,0.051775,0.036774,-0.029882,0.441127,0.18466,0.87824,-0.686196,0.700101,0.197462,-0.578394,-0.689752,0.435547,0.007391,0.00266,0.002382,0.01153,-0.04451,0.044178,-1.025099,0.078973,0.027443,-0.069105,0.383395,-0.50264,-0.774829,0.849204,0.521694,0.081768,0.363124,-0.689338,0.626859,-7e-06,-3.9e-05,-4.7e-05,-8e-06,-0.0,-1.5e-05,-1.1424
273,0.160267,-0.029766,0.297161,-0.243258,0.488548,-0.837969,-0.888333,-0.459064,-0.009826,-0.389187,0.741397,0.54671,-9.4e-05,-0.000955,-0.001171,0.0,0.0,0.0,-1.917226,-0.149537,-0.010172,0.27724,-0.390139,-0.14747,0.908865,0.741763,-0.635046,0.215494,0.545856,0.758409,0.355978,0.014663,0.007244,0.007226,-0.1006,0.248081,0.260004,-1.405429,0.051967,0.036879,-0.029766,0.442452,0.183098,0.877901,-0.685461,0.700269,0.199414,-0.578254,-0.689999,0.435342,0.007327,0.003612,0.003594,-0.197917,0.441987,0.39609,-1.024446,0.078914,0.027371,-0.069086,0.383958,-0.502586,-0.774585,0.849132,0.521711,0.0824,0.362696,-0.689364,0.627078,-0.007709,-0.005952,0.003689,-0.036574,0.028138,-0.047599,-1.14338
274,0.160183,-0.029847,0.297161,-0.243503,0.488542,-0.837901,-0.888344,-0.459049,-0.009552,-0.389009,0.74141,0.546818,-0.015489,-0.001105,-0.001235,-0.000984,0.014715,-0.029553,-1.916635,-0.149296,-0.010027,0.277425,-0.393808,-0.147275,0.907313,0.740753,-0.635185,0.218538,0.544594,0.75833,0.358072,0.014555,0.008975,0.00942,0.002537,-0.027723,0.055737,-1.405476,0.052088,0.03695,-0.029675,0.445958,0.180931,0.876575,-0.684133,0.700397,0.203486,-0.577134,-0.69044,0.436128,0.007264,0.0047,0.004973,0.013062,-0.043011,0.041327,-1.024773,0.078878,0.027331,-0.069086,0.384168,-0.502563,-0.774495,0.849116,0.521697,0.082656,0.362512,-0.689391,0.627154,-0.000106,-0.001053,-0.001288,-1e-05,-9e-06,-1.8e-05,-1.144196
275,0.159966,-0.030104,0.297158,-0.244345,0.48853,-0.837663,-0.888364,-0.459028,-0.008636,-0.388434,0.741431,0.547198,-0.000289,-0.002909,-0.003574,0.0,0.0,0.0,-1.916759,-0.148691,-0.009667,0.277982,-0.39835,-0.146907,0.905388,0.739491,-0.635314,0.222401,0.543007,0.758293,0.360552,0.015534,0.000935,0.021305,-0.032486,-0.021493,0.0346,-1.405225,0.05239,0.037132,-0.029402,0.450385,0.1803,0.874439,-0.682663,0.700765,0.207119,-0.575433,-0.690231,0.438698,0.00712,0.006838,0.007659,0.006553,-0.047666,0.074431,-1.026406,0.078764,0.027203,-0.069086,0.384992,-0.502477,-0.774142,0.849008,0.521725,0.083585,0.361891,-0.689433,0.627467,-0.007842,-0.00148,-0.001756,-0.001725,0.029806,-0.05412,-1.144359
276,0.159589,-0.03057,0.297113,-0.245242,0.48851,-0.837412,-0.888504,-0.458777,-0.007489,-0.387547,0.7416,0.547599,-0.016012,-0.017476,0.000493,-0.037278,0.043228,-0.072135,-1.916858,-0.147972,-0.009284,0.278797,-0.400593,-0.146534,0.904458,0.738935,-0.635226,0.224494,0.542116,0.758439,0.361586,0.030199,0.00615,0.025745,-0.028399,-0.05333,0.087298,-1.405097,0.052755,0.037324,-0.028986,0.452562,0.179705,0.873437,-0.682025,0.700767,0.209205,-0.574481,-0.690385,0.439704,0.015078,0.003267,0.013103,-0.028507,-0.05336,0.087207,-1.029018,0.078582,0.02698,-0.069105,0.385786,-0.502388,-0.773805,0.849023,0.521523,0.084692,0.361009,-0.689651,0.627735,-0.008017,-0.00885,0.000113,-0.032368,-0.06079,0.097297,-1.144523
