frame,MLTx,MLTy,MLTz,MLTR1,MLTR2,MLTR3,MLTR4,MLTR5,MLTR6,MLTR7,MLTR8,MLTR9,MLTTVx,MLTTVy,MLTTVz,MLTRVx,MLTRVy,MLTRVz,MLGA,MRTx,MRTy,MRTz,MRTR1,MRTR2,MRTR3,MRTR4,MRTR5,MRTR6,MRTR7,MRTR8,MRTR9,MRTTVx,MRTTVy,MRTTVz,MRTRVx,MRTRVy,MRTRVz,MRGA,SLTx,SLTy,SLTz,SLTR1,SLTR2,SLTR3,SLTR4,SLTR5,SLTR6,SLTR7,SLTR8,SLTR9,SLTTVx,SLTTVy,SLTTVz,SLTRVx,SLTRVy,SLTRVz,SLGA,SRTx,SRTy,SRTz,SRTR1,SRTR2,SRTR3,SRTR4,SRTR5,SRTR6,SRTR7,SRTR8,SRTR9,SRTTVx,SRTTVy,SRTTVz,SRTRVx,SRTRVy,SRTRVz,SRGA
1,0.226061,-0.017707,0.391349,-0.27081,0.482017,-0.833287,-0.755483,-0.64284,-0.126391,-0.596264,0.594704,0.539281,0.0,-0.0,-0.0,0.0,0.0,0.0,-0.529615,-0.25438,-0.036356,0.366763,-0.73966,-0.521274,0.425639,0.638064,-0.744103,0.197782,0.214539,0.418537,0.882419,-0.0,-0.0,-0.0,-0.014337,0.081463,-0.180852,-1.297788,0.001701,0.026878,0.009114,0.786309,0.510671,0.347752,-0.586491,0.793951,0.160217,-0.19428,-0.329934,0.923795,-6e-06,-2e-05,-1.8e-05,-6.1e-05,-2.6e-05,-0.000144,-1.043878,0.111069,0.031562,-0.023282,0.449913,-0.460896,-0.764952,0.651038,0.75559,-0.072341,0.611332,-0.465466,0.64001,-1.1e-05,0.0001,6.9e-05,-6.2e-05,-1.9e-05,3e-05,-0.676858
2,0.226061,-0.017707,0.391349,-0.27081,0.482017,-0.833287,-0.755483,-0.64284,-0.126391,-0.596264,0.594704,0.539281,0.0,-0.0,-0.0,0.0,0.0,0.0,-0.526273,-0.254371,-0.036364,0.366756,-0.739662,-0.521273,0.425636,0.638062,-0.744105,0.197783,0.214537,0.418535,0.88242,-2.9e-05,-0.000112,-0.000101,0.0,0.0,0.0,-1.288204,0.001701,0.026878,0.009114,0.786309,0.510671,0.347752,-0.586491,0.793951,0.160217,-0.19428,-0.329934,0.923795,-6e-06,-2e-05,-1.8e-05,-6.1e-05,-2.6e-05,-0.000144,-1.044041,0.111069,0.031562,-0.023282,0.449913,-0.460896,-0.764952,0.651038,0.75559,-0.072341,0.611332,-0.465466,0.64001,-1.1e-05,0.0001,6.9e-05,-6.2e-05,-1.9e-05,3e-05,-0.676532
3,0.226062,-0.017707,0.391336,-0.270815,0.482017,-0.833285,-0.755466,-0.642857,-0.126402,-0.596282,0.594685,0.539281,2.6e-05,-0.000241,-0.000167,0.0,0.0,0.0,-0.523779,-0.254372,-0.03637,0.36675,-0.739647,-0.521284,0.425648,0.638077,-0.744094,0.197776,0.214543,0.418541,0.882416,-0.000108,-0.000414,-0.000372,0.0,0.0,0.0,-1.281948,0.001701,0.026878,0.009114,0.786309,0.510671,0.347752,-0.586491,0.793951,0.160217,-0.19428,-0.329934,0.923795,-6e-06,-2e-05,-1.8e-05,-6.1e-05,-2.6e-05,-0.000144,-1.044041,0.111069,0.031562,-0.023282,0.449913,-0.460896,-0.764952,0.651038,0.75559,-0.072341,0.611332,-0.465466,0.64001,-1.1e-05,0.0001,6.9e-05,-6.2e-05,-1.9e-05,3e-05,-0.676858
4,0.226063,-0.017714,0.391306,-0.270846,0.48201,-0.833279,-0.755428,-0.642901,-0.126408,-0.596317,0.594644,0.539289,2.9e-05,-0.000268,-0.000185,0.0,0.0,0.0,-0.517212,-0.254376,-0.036383,0.366739,-0.739718,-0.52123,0.42559,0.638004,-0.744147,0.19781,0.214516,0.418513,0.882436,-4.2e-05,-0.000161,-0.000144,0.0,0.0,0.0,-1.27802,0.001701,0.026878,0.009114,0.786309,0.510671,0.347752,-0.586491,0.793951,0.160217,-0.19428,-0.329934,0.923795,-6e-06,-2e-05,-1.8e-05,-6.1e-05,-2.6e-05,-0.000144,-1.043878,0.111069,0.031562,-0.023282,0.449913,-0.460896,-0.764952,0.651038,0.75559,-0.072341,0.611332,-0.465466,0.64001,-1.1e-05,0.0001,6.9e-05,-6.2e-05,-1.9e-05,3e-05,-0.676532
5,0.226065,-0.017736,0.391279,-0.27091,0.481986,-0.833272,-0.755396,-0.642946,-0.126368,-0.596328,0.594614,0.53931,8.7e-05,-0.000813,-0.000562,0.0,0.0,0.0,-0.509789,-0.254374,-0.036377,0.366744,-0.739733,-0.521219,0.425579,0.63799,-0.744158,0.197817,0.21451,0.418507,0.88244,7e-06,2.6e-05,2.3e-05,0.014336,-0.081463,0.180852,-1.275528,0.001701,0.026878,0.009114,0.786309,0.510671,0.347752,-0.586491,0.793951,0.160217,-0.19428,-0.329934,0.923795,-6e-06,-2e-05,-1.8e-05,-6.1e-05,-2.6e-05,-0.000144,-1.043878,0.111069,0.031562,-0.023282,0.449913,-0.460896,-0.764952,0.651038,0.75559,-0.072341,0.611332,-0.465466,0.64001,-1.1e-05,0.0001,6.9e-05,-6.2e-05,-1.9e-05,3e-05,-0.676858
6,0.226076,-0.017742,0.391274,-0.270907,0.481986,-0.833273,-0.755397,-0.642945,-0.12637,-0.596328,0.594615,0.539307,9.6e-05,-0.000897,-0.000621,0.0,0.0,0.0,-0.507375,-0.254372,-0.03637,0.36675,-0.739647,-0.521284,0.425648,0.638077,-0.744094,0.197776,0.214543,0.418541,0.882416,0.000206,0.00079,0.000709,0.0,0.0,0.0,-1.275764,0.001701,0.026878,0.009114,0.786309,0.510671,0.347752,-0.586491,0.793951,0.160217,-0.19428,-0.329934,0.923795,-6e-06,-2e-05,-1.8e-05,-6.1e-05,-2.6e-05,-0.000144,-1.043878,0.111069,0.031562,-0.023282,0.449913,-0.460896,-0.764952,0.651038,0.75559,-0.072341,0.611332,-0.465466,0.64001,-1.1e-05,0.0001,6.9e-05,-6.2e-05,-1.9e-05,3e-05,-0.676858
7,0.226076,-0.017742,0.391262,-0.270774,0.482041,-0.833284,-0.755415,-0.642898,-0.126498,-0.596365,0.594622,0.53926,1e-06,-1.3e-05,-9e-06,0.0,0.0,0.0,-0.504249,-0.254372,-0.03637,0.36675,-0.739747,-0.521208,0.425567,0.637975,-0.744169,0.197824,0.214504,0.418501,0.882444,0.0,0.0,0.0,0.014336,-0.081463,0.180852,-1.27545,0.001701,0.026878,0.009114,0.786309,0.510671,0.347752,-0.586491,0.793951,0.160217,-0.19428,-0.329934,0.923795,-6e-06,-2e-05,-1.8e-05,-6.1e-05,-2.6e-05,-0.000144,-1.044041,0.111069,0.031562,-0.023282,0.449913,-0.460896,-0.764952,0.651038,0.75559,-0.072341,0.611332,-0.465466,0.64001,-1.1e-05,0.0001,6.9e-05,-6.2e-05,-1.9e-05,3e-05,-0.676532
8,0.226076,-0.017742,0.391262,-0.270774,0.482041,-0.833284,-0.755415,-0.642898,-0.126498,-0.596365,0.594622,0.53926,0.0,-0.0,-0.0,0.0,0.0,0.0,-0.502519,-0.254385,-0.036375,0.366746,-0.739616,-0.521306,0.425674,0.638109,-0.744071,0.197761,0.214556,0.418554,0.882407,-1e-06,-3e-06,-2e-06,0.0,0.0,0.0,-1.274522,0.001701,0.026878,0.009114,0.786309,0.510671,0.347752,-0.586491,0.793951,0.160217,-0.19428,-0.329934,0.923795,-6e-06,-2e-05,-1.8e-05,-6.1e-05,-2.6e-05,-0.000144,-1.043878,0.111069,0.031562,-0.023282,0.449913,-0.460896,-0.764952,0.651038,0.75559,-0.072341,0.611332,-0.465466,0.64001,-1.1e-05,0.0001,6.9e-05,-6.2e-05,-1.9e-05,3e-05,-0.676858
9,0.226076,-0.017742,0.391262,-0.270774,0.482041,-0.833284,-0.755415,-0.642898,-0.126498,-0.596365,0.594622,0.53926,0.0,-0.0,-0.0,0.0,0.0,0.0,-0.501605,-0.254385,-0.036375,0.366746,-0.739616,-0.521306,0.425674,0.638109,-0.744071,0.197761,0.214556,0.418554,0.882407,-0.0,-0.0,-0.0,-0.014337,0.081463,-0.180852,-1.274865,0.001701,0.026878,0.009114,0.786309,0.510671,0.347752,-0.586491,0.793951,0.160217,-0.19428,-0.329934,0.923795,-6e-06,-2e-05,-1.8e-05,-6.1e-05,-2.6e-05,-0.000144,-1.043878,0.111069,0.031562,-0.023282,0.449913,-0.460896,-0.764952,0.651038,0.75559,-0.072341,0.611332,-0.465466,0.64001,-1.1e-05,0.0001,6.9e-05,-6.2e-05,-1.9e-05,3e-05,-0.676532
10,0.226076,-0.017742,0.391262,-0.270774,0.482041,-0.833284,-0.755415,-0.642898,-0.126498,-0.596365,0.594622,0.53926,0.0,-0.0,-0.0,0.0,0.0,0.0,-0.500527,-0.254385,-0.036375,0.366746,-0.739616,-0.521306,0.425674,0.638109,-0.744071,0.197761,0.214556,0.418554,0.882407,-0.0,-0.0,-0.0,-0.014337,0.081463,-0.180852,-1.27516,0.001701,0.026878,0.009114,0.786309,0.510671,0.347752,-0.586491,0.793951,0.160217,-0.19428,-0.329934,0.923795,-6e-06,-2e-05,-1.8e-05,-6.1e-05,-2.6e-05,-0.000144,-1.044041,0.111069,0.031562,-0.023282,0.449913,-0.460896,-0.764952,0.651038,0.75559,-0.072341,0.611332,-0.465466,0.64001,-1.1e-05,0.0001,6.9e-05,-6.2e-05,-1.9e-05,3e-05,-0.676858
11,0.226076,-0.017742,0.391262,-0.270774,0.482041,-0.833284,-0.755415,-0.642898,-0.126498,-0.596365,0.594622,0.53926,0.0,-0.0,-0.0,0.0,0.0,0.0,-0.498852,-0.254385,-0.036375,0.366746,-0.739616,-0.521306,0.425674,0.638109,-0.744071,0.197761,0.214556,0.418554,0.882407,-0.000101,-0.000386,-0.000347,-0.014337,0.081463,-0.180852,-1.274045,0.001701,0.026878,0.009114,0.786309,0.510671,0.347752,-0.586491,0.793951,0.160217,-0.19428,-0.329934,0.923795,-6e-06,-2e-05,-1.8e-05,-6.1e-05,-2.6e-05,-0.000144,-1.044041,0.111069,0.031562,-0.023282,0.449913,-0.460896,-0.764952,0.651038,0.75559,-0.072341,0.611332,-0.465466,0.64001,-1.1e-05,0.0001,6.9e-05,-6.2e-05,-1.9e-05,3e-05,-0.676532
12,0.226076,-0.017742,0.391262,-0.270774,0.482041,-0.833284,-0.755415,-0.642898,-0.126498,-0.596365,0.594622,0.53926,0.0,-0.0,-0.0,0.0,0.0,0.0,-0.497349,-0.254385,-0.036375,0.366746,-0.739616,-0.521306,0.425674,0.638109,-0.744071,0.197761,0.214556,0.418554,0.882407,-0.0,-0.0,-0.0,-0.014337,0.081463,-0.180852,-1.272918,0.001701,0.026878,0.009114,0.786309,0.510671,0.347752,-0.586491,0.793951,0.160217,-0.19428,-0.329934,0.923795,-6e-06,-2e-05,-1.8e-05,-6.1e-05,-2.6e-05,-0.000144,-1.043878,0.111069,0.031562,-0.023282,0.449913,-0.460896,-0.764952,0.651038,0.75559,-0.072341,0.611332,-0.465466,0.64001,-1.1e-05,0.0001,6.9e-05,-6.2e-05,-1.9e-05,3e-05,-0.676858
13,0.226077,-0.017742,0.39125,-0.270779,0.482041,-0.833283,-0.755399,-0.642915,-0.126509,-0.596384,0.594603,0.53926,1.3e-05,-0.000126,-8.7e-05,0.0,0.0,0.0,-0.495323,-0.254385,-0.036375,0.366746,-0.739616,-0.521306,0.425674,0.638109,-0.744071,0.197761,0.214556,0.418554,0.882407,-0.0,-0.0,-0.0,-0.014337,0.081463,-0.180852,-1.273073,0.001701,0.026878,0.009114,0.786309,0.510671,0.347752,-0.586491,0.793951,0.160217,-0.19428,-0.329934,0.923795,-6e-06,-2e-05,-1.8e-05,-6.1e-05,-2.6e-05,-0.000144,-1.043878,0.111069,0.031562,-0.023282,0.449913,-0.460896,-0.764952,0.651038,0.75559,-0.072341,0.611332,-0.465466,0.64001,-1.1e-05,0.0001,6.9e-05,-6.2e-05,-1.9e-05,3e-05,-0.676532
14,0.226088,-0.017755,0.39124,-0.270796,0.482033,-0.833282,-0.755394,-0.642923,-0.126494,-0.596382,0.5946,0.539264,5.1e-05,-0.000473,-0.000327,0.0,0.0,0.0,-0.491212,-0.254372,-0.03637,0.36675,-0.739647,-0.521284,0.425648,0.638077,-0.744094,0.197776,0.214543,0.418541,0.882416,0.014399,-0.001913,-0.001991,0.002045,-0.015205,0.029245,-1.273229,0.001701,0.026878,0.009114,0.786309,0.510671,0.347752,-0.586491,0.793951,0.160217,-0.19428,-0.329934,0.923795,-6e-06,-2e-05,-1.8e-05,-6.1e-05,-2.6e-05,-0.000144,-1.043878,0.111069,0.031562,-0.023282,0.449913,-0.460896,-0.764952,0.651038,0.75559,-0.072341,0.611332,-0.465466,0.64001,-1.1e-05,0.0001,6.9e-05,-6.2e-05,-1.9e-05,3e-05,-0.676858
15,0.226089,-0.017762,0.391222,-0.270821,0.482025,-0.833278,-0.755373,-0.64295,-0.126489,-0.596398,0.594578,0.539271,1e-05,-9.3e-05,-6.5e-05,0.0,0.0,0.0,-0.488049,-0.254394,-0.036367,0.366753,-0.739714,-0.521232,0.425596,0.638008,-0.744145,0.197808,0.214519,0.418515,0.882434,-0.014508,0.001496,0.001616,0.012292,-0.066258,0.151607,-1.273401,0.001701,0.026878,0.009114,0.786309,0.510671,0.347752,-0.586491,0.793951,0.160217,-0.19428,-0.329934,0.923795,-6e-06,-2e-05,-1.8e-05,-6.1e-05,-2.6e-05,-0.000144,-1.044041,0.111069,0.031562,-0.023282,0.449913,-0.460896,-0.764952,0.651038,0.75559,-0.072341,0.611332,-0.465466,0.64001,-1.1e-05,0.0001,6.9e-05,-6.2e-05,-1.9e-05,3e-05,-0.676532
16,0.226089,-0.017755,0.391215,-0.270806,0.482033,-0.833278,-0.755361,-0.642958,-0.126517,-0.596419,0.594563,0.539265,0.0,-1e-06,-1e-06,0.0,0.0,0.0,-0.48668,-0.254381,-0.036362,0.366757,-0.739745,-0.521209,0.425569,0.637976,-0.744168,0.197823,0.214506,0.418502,0.882443,2.3e-05,8.7e-05,7.8e-05,0.0,0.0,0.0,-1.273956,0.001701,0.026878,0.009114,0.786309,0.510671,0.347752,-0.586491,0.793951,0.160217,-0.19428,-0.329934,0.923795,-6e-06,-2e-05,-1.8e-05,-6.1e-05,-2.6e-05,-0.000144,-1.044041,0.111069,0.031562,-0.023282,0.449913,-0.460896,-0.764952,0.651038,0.75559,-0.072341,0.611332,-0.465466,0.64001,-1.1e-05,0.0001,6.9e-05,-6.2e-05,-1.9e-05,3e-05,-0.676858
17,0.226098,-0.017747,0.39122,-0.270763,0.482049,-0.833283,-0.755372,-0.642938,-0.126553,-0.596425,0.594571,0.539248,-1.1e-05,0.000107,7.4e-05,0.0,0.0,0.0,-0.485574,-0.254362,-0.036324,0.366778,-0.739744,-0.521214,0.425566,0.637973,-0.744177,0.197799,0.214519,0.418481,0.88245,0.000345,0.00132,0.001184,0.0,0.0,0.0,-1.272247,0.001701,0.026878,0.009114,0.786309,0.510671,0.347752,-0.586491,0.793951,0.160217,-0.19428,-0.329934,0.923795,-6e-06,-2e-05,-1.8e-05,-6.1e-05,-2.6e-05,-0.000144,-1.043878,0.111069,0.031562,-0.023282,0.449913,-0.460896,-0.764952,0.651038,0.75559,-0.072341,0.611332,-0.465466,0.64001,-1.1e-05,0.0001,6.9e-05,-6.2e-05,-1.9e-05,3e-05,-0.676532
18,0.226088,-0.017748,0.391232,-0.270781,0.482041,-0.833282,-0.755383,-0.642931,-0.126523,-0.596403,0.594585,0.539257,-0.000131,0.001225,0.000848,0.0,0.0,0.0,-0.486337,-0.254347,-0.03633,0.36673,-0.73965,-0.521296,0.425629,0.638058,-0.744135,0.197683,0.214593,0.418452,0.882446,-0.000366,-0.0014,-0.001256,0.0,0.0,0.0,-1.264067,0.001701,0.026878,0.009114,0.786309,0.510671,0.347752,-0.586491,0.793951,0.160217,-0.19428,-0.329934,0.923795,-6e-06,-2e-05,-1.8e-05,-6.1e-05,-2.6e-05,-0.000144,-1.043878,0.111069,0.031562,-0.023282,0.449913,-0.460896,-0.764952,0.651038,0.75559,-0.072341,0.611332,-0.465466,0.64001,-1.1e-05,0.0001,6.9e-05,-6.2e-05,-1.9e-05,3e-05,-0.676858
19,0.226075,-0.01772,0.391203,-0.270745,0.482066,-0.833279,-0.755332,-0.642973,-0.126616,-0.596484,0.59452,0.53924,-0.0,0.0,0.0,0.0,0.0,0.0,-0.486867,-0.254405,-0.036355,0.366584,-0.739575,-0.521376,0.42566,0.638094,-0.74417,0.197434,0.214745,0.418289,0.882487,-0.000729,-0.00279,-0.002506,-0.002076,0.011813,-0.026202,-1.263349,0.001701,0.026878,0.009114,0.786309,0.510671,0.347752,-0.586491,0.793951,0.160217,-0.19428,-0.329934,0.923795,-6e-06,-2e-05,-1.8e-05,-6.1e-05,-2.6e-05,-0.000144,-1.044041,0.111069,0.031562,-0.023282,0.449913,-0.460896,-0.764952,0.651038,0.75559,-0.072341,0.611332,-0.465466,0.64001,-1.1e-05,0.0001,6.9e-05,-6.2e-05,-1.9e-05,3e-05,-0.676532
20,0.226084,-0.017704,0.391176,-0.270696,0.48209,-0.833281,-0.755298,-0.642995,-0.126702,-0.596549,0.594476,0.539217,1e-05,-9.1e-05,-6.3e-05,0.0,0.0,0.0,-0.487461,-0.254455,-0.036307,0.366502,-0.739542,-0.521424,0.425658,0.638086,-0.744238,0.197206,0.214881,0.41811,0.882538,-0.000184,-0.000702,-0.00063,0.0,0.0,0.0,-1.26777,0.001701,0.026878,0.009114,0.786309,0.510671,0.347752,-0.586491,0.793951,0.160217,-0.19428,-0.329934,0.923795,-6e-06,-2e-05,-1.8e-05,-6.1e-05,-2.6e-05,-0.000144,-1.044041,0.111069,0.031562,-0.023282,0.449913,-0.460896,-0.764952,0.651038,0.75559,-0.072341,0.611332,-0.465466,0.64001,-1.1e-05,0.0001,6.9e-05,-6.2e-05,-1.9e-05,3e-05,-0.676858
21,0.226082,-0.017675,0.391159,-0.27077,0.482068,-0.83327,-0.755234,-0.643074,-0.126687,-0.596597,0.594409,0.539237,-9.6e-05,0.000896,0.000619,0.0,0.0,0.0,-0.489033,-0.254613,-0.036002,0.366279,-0.740077,-0.518085,0.428796,0.637011,-0.744298,0.200427,0.216233,0.422135,0.880289,0.000259,0.010989,-0.008661,-0.086427,0.067692,0.282042,-1.274249,0.001701,0.026878,0.009114,0.786309,0.510671,0.347752,-0.586491,0.793951,0.160217,-0.19428,-0.329934,0.923795,-6e-06,-2e-05,-1.8e-05,-6.1e-05,-2.6e-05,-0.000144,-1.044041,0.111069,0.031562,-0.023282,0.449913,-0.460896,-0.764952,0.651038,0.75559,-0.072341,0.611332,-0.465466,0.64001,-1.1e-05,0.0001,6.9e-05,-6.2e-05,-1.9e-05,3e-05,-0.676532
22,0.226029,-0.017541,0.391056,-0.270702,0.482138,-0.833252,-0.75501,-0.643277,-0.126995,-0.596912,0.594133,0.539193,-1.8e-05,0.000172,0.000119,0.0,0.0,0.0,-0.519043,-0.254827,-0.035421,0.365944,-0.742606,-0.516557,0.426259,0.635347,-0.744495,0.204928,0.212413,0.423657,0.880488,-0.0137,0.014513,-0.005228,0.018593,0.010162,-0.002759,-1.333066,0.001701,0.026878,0.009114,0.786309,0.510671,0.347752,-0.586491,0.793951,0.160217,-0.19428,-0.329934,0.923795,-6e-06,-2e-05,-1.8e-05,-6.1e-05,-2.6e-05,-0.000144,-1.043878,0.111069,0.031562,-0.023282,0.449913,-0.460896,-0.764952,0.651038,0.75559,-0.072341,0.611332,-0.465466,0.64001,-1.1e-05,0.0001,6.9e-05,-6.2e-05,-1.9e-05,3e-05,-0.676532
23,0.226019,-0.017424,0.390951,-0.269162,0.477445,-0.836447,-0.754264,-0.644497,-0.125227,-0.59855,0.596599,0.534636,-0.000814,0.009764,-0.009771,0.032183,-0.112401,-0.022046,-0.541225,-0.254944,-0.035095,0.365753,-0.745414,-0.512428,0.426341,0.631017,-0.748426,0.203988,0.215482,0.421733,0.880666,0.0006,0.022248,-0.017074,2.428178,1.098931,4.899682,-1.359638,0.001701,0.026878,0.009114,0.786309,0.510671,0.347752,-0.586491,0.793951,0.160217,-0.19428,-0.329934,0.923795,-6e-06,-2e-05,-1.8e-05,-6.1e-05,-2.6e-05,-0.000144,-1.043878,0.111069,0.031562,-0.023282,0.449913,-0.460896,-0.764952,0.651038,0.75559,-0.072341,0.611332,-0.465466,0.64001,-1.1e-05,0.0001,6.9e-05,-6.2e-05,-1.9e-05,3e-05,-0.676695
24,0.225993,-0.017235,0.390772,-0.266557,0.470494,-0.841207,-0.753183,-0.646219,-0.122835,-0.601073,0.600252,0.52767,-4e-06,4e-05,2.8e-05,-0.004599,-0.152351,-0.062924,-0.554701,-0.255013,-0.034627,0.365453,-0.74719,-0.505947,0.430948,0.628869,-0.747822,0.212649,0.215611,0.43054,0.876362,0.014917,0.010137,-0.009689,-0.251603,0.38287,0.037821,-1.399798,0.001701,0.026878,0.009114,0.786309,0.510671,0.347752,-0.586491,0.793951,0.160217,-0.19428,-0.329934,0.923795,-6e-06,-2e-05,-1.8e-05,-6.1e-05,-2.6e-05,-0.000144,-1.043878,0.111069,0.031562,-0.023282,0.449913,-0.460896,-0.764952,0.651038,0.75559,-0.072341,0.611332,-0.465466,0.64001,-1.1e-05,0.0001,6.9e-05,-6.2e-05,-1.9e-05,3e-05,-0.676532
25,0.225978,-0.01717,0.390693,-0.266589,0.470505,-0.84119,-0.753022,-0.646383,-0.12296,-0.60126,0.600067,0.527667,0.0,-2e-06,-1e-06,0.001825,0.060386,0.024959,-0.554861,-0.254876,-0.034566,0.365407,-0.745705,-0.50778,0.431364,0.629878,-0.748153,0.208457,0.217802,0.427797,0.877163,-0.000349,-0.011312,0.008367,0.400842,-0.15812,-0.340196,-1.403363,0.001701,0.026878,0.009114,0.786309,0.510671,0.347752,-0.586491,0.793951,0.160217,-0.19428,-0.329934,0.923795,-6e-06,-2e-05,-1.8e-05,-6.1e-05,-2.6e-05,-0.000144,-1.043878,0.111069,0.031562,-0.023282,0.449913,-0.460896,-0.764952,0.651038,0.75559,-0.072341,0.611332,-0.465466,0.64001,-1.1e-05,0.0001,6.9e-05,-6.2e-05,-1.9e-05,3e-05,-0.676858
26,0.226009,-0.017167,0.390694,-0.266519,0.470528,-0.841199,-0.753038,-0.646353,-0.123017,-0.601271,0.600081,0.527639,-6e-06,5.5e-05,3.8e-05,0.0,1.5e-05,6e-06,-0.56261,-0.25485,-0.034644,0.365351,-0.745815,-0.507697,0.431272,0.629769,-0.748223,0.208535,0.217741,0.427773,0.87719,-0.000411,-0.001565,-0.001403,7.5e-05,-9e-05,-4.7e-05,-1.403792,0.001701,0.026878,0.009114,0.786309,0.510671,0.347752,-0.586491,0.793951,0.160217,-0.19428,-0.329934,0.923795,-6e-06,-2e-05,-1.8e-05,-6.1e-05,-2.6e-05,-0.000144,-1.044041,0.111069,0.031562,-0.023282,0.449913,-0.460896,-0.764952,0.651038,0.75559,-0.072341,0.611332,-0.465466,0.64001,-1.1e-05,0.0001,6.9e-05,-6.2e-05,-1.9e-05,3e-05,-0.676858
27,0.226039,-0.017157,0.390675,-0.266439,0.47056,-0.841207,-0.753026,-0.646348,-0.123113,-0.601321,0.600061,0.527604,6e-06,-5.5e-05,-3.8e-05,0.0,0.0,0.0,-0.568513,-0.25486,-0.03466,0.365295,-0.74566,-0.507823,0.43139,0.629917,-0.748139,0.208388,0.217842,0.42777,0.877167,-0.000414,-0.001575,-0.001413,1e-06,-1e-06,-1e-06,-1.404021,0.001701,0.026878,0.009114,0.786309,0.510671,0.347752,-0.586491,0.793951,0.160217,-0.19428,-0.329934,0.923795,-6e-06,-2e-05,-1.8e-05,-6.1e-05,-2.6e-05,-0.000144,-1.044041,0.111069,0.031562,-0.023282,0.449913,-0.460896,-0.764952,0.651038,0.75559,-0.072341,0.611332,-0.465466,0.64001,-1.1e-05,0.0001,6.9e-05,-6.2e-05,-1.9e-05,3e-05,-0.676858
28,0.226058,-0.01714,0.390623,-0.266377,0.470592,-0.841208,-0.752964,-0.646397,-0.123239,-0.601426,0.599984,0.527573,1.3e-05,-0.000119,-8.2e-05,0.0,0.0,0.0,-0.60676,-0.254879,-0.034683,0.36526,-0.744405,-0.507904,0.433459,0.630503,-0.748211,0.206351,0.220437,0.427549,0.876626,0.000217,0.000826,0.000741,0.0,-0.0,-0.0,-1.403826,0.001701,0.026878,0.009114,0.786309,0.510671,0.347752,-0.586491,0.793951,0.160217,-0.19428,-0.329934,0.923795,-6e-06,-2e-05,-1.8e-05,-6.1e-05,-2.6e-05,-0.000144,-1.044041,0.111069,0.031562,-0.023282,0.449913,-0.460896,-0.764952,0.651038,0.75559,-0.072341,0.611332,-0.465466,0.64001,-1.1e-05,0.0001,6.9e-05,-6.2e-05,-1.9e-05,3e-05,-0.676695
29,0.226059,-0.01714,0.390611,-0.266244,0.470647,-0.84122,-0.752982,-0.646351,-0.123368,-0.601463,0.599989,0.527525,9.5e-05,-0.000891,-0.000616,0.0,0.0,0.0,-0.736839,-0.25483,-0.034731,0.365341,-0.743055,-0.508025,0.435628,0.631222,-0.748112,0.204503,0.222929,0.427578,0.875981,0.000314,0.001197,0.001074,0.0,-0.0,-0.0,-1.403847,0.001701,0.026878,0.009114,0.786309,0.510671,0.347752,-0.586491,0.793951,0.160217,-0.19428,-0.329934,0.923795,-6e-06,-2e-05,-1.8e-05,-6.1e-05,-2.6e-05,-0.000144,-1.043878,0.111069,0.031562,-0.023282,0.449913,-0.460896,-0.764952,0.651038,0.75559,-0.072341,0.611332,-0.465466,0.64001,-1.1e-05,0.0001,6.9e-05,-6.2e-05,-1.9e-05,3e-05,-0.676532
30,0.226079,-0.017138,0.390587,-0.261413,0.472489,-0.841703,-0.752296,-0.646037,-0.129071,-0.604438,0.598878,0.525382,9.8e-05,-0.000914,-0.000632,0.039882,-0.025105,0.057791,-0.906581,-0.254785,-0.034768,0.365377,-0.743084,-0.507991,0.435618,0.631216,-0.748081,0.204635,0.222848,0.427673,0.875955,6.1e-05,0.000233,0.000209,0.0,-0.0,-0.0,-1.403505,0.001701,0.026878,0.009114,0.786309,0.510671,0.347752,-0.586491,0.793951,0.160217,-0.19428,-0.329934,0.923795,-6e-06,-2e-05,-1.8e-05,-6.1e-05,-2.6e-05,-0.000144,-1.043878,0.111069,0.031562,-0.023282,0.449913,-0.460896,-0.764952,0.651038,0.75559,-0.072341,0.611332,-0.465466,0.64001,-1.1e-05,0.0001,6.9e-05,-6.2e-05,-1.9e-05,3e-05,-0.676532
31,0.226094,-0.017275,0.390479,-0.256447,0.474384,-0.842164,-0.751624,-0.645635,-0.134867,-0.607398,0.597812,0.523179,0.000374,-0.0035,-0.002425,0.0,-0.0,0.0,-1.277289,-0.254628,-0.034891,0.3655,-0.743397,-0.507714,0.435407,0.630974,-0.748133,0.20519,0.222487,0.427911,0.875931,0.000262,-0.008997,0.010444,-0.036081,0.014303,-0.016281,-1.375303,0.001701,0.026878,0.009114,0.786309,0.510671,0.347752,-0.586491,0.793951,0.160217,-0.19428,-0.329934,0.923795,-6e-06,-2e-05,-1.8e-05,-6.1e-05,-2.6e-05,-0.000144,-1.043878,0.111069,0.031562,-0.023282,0.449913,-0.460896,-0.764952,0.651038,0.75559,-0.072341,0.611332,-0.465466,0.64001,-1.1e-05,0.0001,6.9e-05,-6.2e-05,-1.9e-05,3e-05,-0.676532
32,0.226008,-0.017342,0.390487,-0.257074,0.474141,-0.84211,-0.751539,-0.645857,-0.134281,-0.607238,0.597766,0.523417,0.000624,-0.007986,0.011,-0.034772,-0.005498,0.004607,-1.185678,-0.2544,-0.035024,0.365737,-0.749898,-0.498391,0.435029,0.621626,-0.755677,0.206074,0.226967,0.425591,0.875912,0.000957,-0.006342,0.012823,-0.036086,0.014274,-0.016295,-0.72175,0.001701,0.026878,0.009114,0.786309,0.510671,0.347752,-0.586491,0.793951,0.160217,-0.19428,-0.329934,0.923795,-6e-06,-2e-05,-1.8e-05,-6.1e-05,-2.6e-05,-0.000144,-1.044041,0.111069,0.031562,-0.023282,0.449913,-0.460896,-0.764952,0.651038,0.75559,-0.072341,0.611332,-0.465466,0.64001,-1.1e-05,0.0001,6.9e-05,-6.2e-05,-1.9e-05,3e-05,-0.676858
33,0.225753,-0.017382,0.390597,-0.260115,0.472988,-0.841824,-0.751897,-0.646156,-0.130785,-0.605494,0.598355,0.524763,-0.013761,0.000358,0.000956,-0.000984,0.014715,-0.029553,-0.46199,-0.25411,-0.034994,0.366258,-0.757689,-0.488728,0.432486,0.611482,-0.763037,0.20928,0.228663,0.423645,0.876414,0.017213,-0.000976,0.017322,-0.029927,-0.024743,0.065272,0.022478,0.001701,0.026878,0.009114,0.786309,0.510671,0.347752,-0.586491,0.793951,0.160217,-0.19428,-0.329934,0.923795,-6e-06,-2e-05,-1.8e-05,-6.1e-05,-2.6e-05,-0.000144,-1.044041,0.111069,0.031562,-0.023282,0.449913,-0.460896,-0.764952,0.651038,0.75559,-0.072341,0.611332,-0.465466,0.64001,-1.1e-05,0.0001,6.9e-05,-6.2e-05,-1.9e-05,3e-05,-0.676532
34,0.22555,-0.017416,0.390671,-0.267573,0.47016,-0.84107,-0.752945,-0.646653,-0.122007,-0.600919,0.600047,0.528079,-0.000167,0.001588,0.0011,4.633311,0.674899,-2.916554,-0.094811,-0.253987,-0.034938,0.366529,-0.760639,-0.484133,0.432475,0.606956,-0.76653,0.209691,0.230932,0.422606,0.876321,0.01652,0.006414,0.00543,0.004263,-0.027007,0.055736,0.240331,0.001701,0.026878,0.009114,0.786309,0.510671,0.347752,-0.586491,0.793951,0.160217,-0.19428,-0.329934,0.923795,-6e-06,-2e-05,-1.8e-05,-6.1e-05,-2.6e-05,-0.000144,-1.044041,0.111069,0.031562,-0.023282,0.449913,-0.460896,-0.764952,0.651038,0.75559,-0.072341,0.611332,-0.465466,0.64001,-1.1e-05,0.0001,6.9e-05,-6.2e-05,-1.9e-05,3e-05,-0.676858
35,0.225273,-0.017436,0.390759,-0.27075,0.468964,-0.840721,-0.75318,-0.647044,-0.118434,-0.599196,0.600563,0.529449,-0.000117,0.001122,0.000776,0.0,0.0,-0.0,0.41804,-0.25392,-0.034938,0.36693,-0.77162,-0.473358,0.424883,0.592676,-0.777399,0.210521,0.231611,0.414861,0.879835,0.000963,0.00371,0.003299,0.115034,-0.096822,-0.058005,0.487336,0.001701,0.026878,0.009114,0.786309,0.510671,0.347752,-0.586491,0.793951,0.160217,-0.19428,-0.329934,0.923795,-6e-06,-2e-05,-1.8e-05,-6.1e-05,-2.6e-05,-0.000144,-1.044041,0.111069,0.031562,-0.023282,0.449913,-0.460896,-0.764952,0.651038,0.75559,-0.072341,0.611332,-0.465466,0.64001,-1.1e-05,0.0001,6.9e-05,-6.2e-05,-1.9e-05,3e-05,-0.676532
36,0.225148,-0.017434,0.390841,-0.282696,0.464749,-0.839128,-0.737988,-0.664165,-0.119287,-0.612415,0.584964,0.531782,0.013514,0.001948,0.000644,0.013802,0.034681,0.042129,0.518878,-0.254001,-0.035061,0.366946,-0.782166,-0.459391,0.420913,0.577825,-0.787385,0.214657,0.233782,0.411694,0.880748,-0.015721,-0.003347,-0.002689,0.015091,0.037064,-0.016282,0.528884,0.001701,0.026878,0.009114,0.786309,0.510671,0.347752,-0.586491,0.793951,0.160217,-0.19428,-0.329934,0.923795,-6e-06,-2e-05,-1.8e-05,-6.1e-05,-2.6e-05,-0.000144,-1.043878,0.111069,0.031562,-0.023282,0.449913,-0.460896,-0.764952,0.651038,0.75559,-0.072341,0.611332,-0.465466,0.64001,-1.1e-05,0.0001,6.9e-05,-6.2e-05,-1.9e-05,3e-05,-0.676858
37,0.225371,-0.017406,0.390849,-0.28244,0.464823,-0.839173,-0.738048,-0.664063,-0.119487,-0.612461,0.585021,0.531666,0.014275,-0.007385,0.010712,0.000993,0.042412,-0.118244,0.512462,-0.254041,-0.035171,0.366765,-0.779512,-0.459908,0.425249,0.579244,-0.787494,0.210388,0.239091,0.410906,0.87969,-0.002316,-0.008911,-0.007943,0.001716,0.016554,-0.029138,0.491857,0.001701,0.026878,0.009114,0.786309,0.510671,0.347752,-0.586491,0.793951,0.160217,-0.19428,-0.329934,0.923795,-6e-06,-2e-05,-1.8e-05,-6.1e-05,-2.6e-05,-0.000144,-1.043878,0.111069,0.031562,-0.023282,0.449913,-0.460896,-0.764952,0.651038,0.75559,-0.072341,0.611332,-0.465466,0.64001,-1.1e-05,0.0001,6.9e-05,-6.2e-05,-1.9e-05,3e-05,-0.676858
38,0.225987,-0.017382,0.390758,-0.275378,0.468687,-0.839372,-0.746146,-0.654702,-0.120842,-0.605841,0.592431,0.531045,0.013337,0.005751,-0.013256,0.035665,-0.009234,0.025002,0.023253,-0.254179,-0.03578,0.366123,-0.76675,-0.462643,0.445024,0.585966,-0.787395,0.191272,0.262872,0.408014,0.874234,-0.00573,-0.021982,-0.019723,-0.000333,0.028425,-0.055327,-0.239001,0.001701,0.026878,0.009114,0.786309,0.510671,0.347752,-0.586491,0.793951,0.160217,-0.19428,-0.329934,0.923795,-6e-06,-2e-05,-1.8e-05,-6.1e-05,-2.6e-05,-0.000144,-1.043878,0.111069,0.031562,-0.023282,0.449913,-0.460896,-0.764952,0.651038,0.75559,-0.072341,0.611332,-0.465466,0.64001,-1.1e-05,0.0001,6.9e-05,-6.2e-05,-1.9e-05,3e-05,-0.676858
39,0.226315,-0.017436,0.39053,-0.254893,0.477585,-0.840825,-0.751705,-0.644787,-0.138423,-0.607953,0.596172,0.524403,0.000519,-0.002652,-0.018378,-1.225322,-0.297081,1.032098,-0.535645,-0.254312,-0.036187,0.365646,-0.765079,-0.464809,0.445644,0.587164,-0.787562,0.186864,0.265066,0.405221,0.874871,-0.006032,-0.01307,-0.030346,0.105136,-0.143081,0.107863,-1.110857,0.001701,0.026878,0.009114,0.786309,0.510671,0.347752,-0.586491,0.793951,0.160217,-0.19428,-0.329934,0.923795,-6e-06,-2e-05,-1.8e-05,-6.1e-05,-2.6e-05,-0.000144,-1.043878,0.111069,0.031562,-0.023282,0.449913,-0.460896,-0.764952,0.651038,0.75559,-0.072341,0.611332,-0.465466,0.64001,-1.1e-05,0.0001,6.9e-05,-6.2e-05,-1.9e-05,3e-05,-0.676858
40,0.226315,-0.017436,0.39053,-0.254893,0.477585,-0.840825,-0.751705,-0.644787,-0.138423,-0.607953,0.596172,0.524403,0.000519,-0.002652,-0.018378,-1.225322,-0.297081,1.032098,-0.535645,-0.254312,-0.036187,0.365646,-0.765079,-0.464809,0.445644,0.587164,-0.787562,0.186864,0.265066,0.405221,0.874871,-0.006032,-0.01307,-0.030346,0.105136,-0.143081,0.107863,-1.110857,0.001701,0.026878,0.009114,0.786309,0.510671,0.347752,-0.586491,0.793951,0.160217,-0.19428,-0.329934,0.923795,-6e-06,-2e-05,-1.8e-05,-6.1e-05,-2.6e-05,-0.000144,-1.043878,0.111069,0.031562,-0.023282,0.449913,-0.460896,-0.764952,0.651038,0.75559,-0.072341,0.611332,-0.465466,0.64001,-1.1e-05,0.0001,6.9e-05,-6.2e-05,-1.9e-05,3e-05,-0.676858
41,0.226315,-0.017436,0.39053,-0.254893,0.477585,-0.840825,-0.751705,-0.644787,-0.138423,-0.607953,0.596172,0.524403,0.000519,-0.002652,-0.018378,-1.225322,-0.297081,1.032098,-0.535645,-0.254312,-0.036187,0.365646,-0.765079,-0.464809,0.445644,0.587164,-0.787562,0.186864,0.265066,0.405221,0.874871,-0.006032,-0.01307,-0.030346,0.105136,-0.143081,0.107863,-1.110857,0.001701,0.026878,0.009114,0.786309,0.510671,0.347752,-0.586491,0.793951,0.160217,-0.19428,-0.329934,0.923795,-6e-06,-2e-05,-1.8e-05,-6.1e-05,-2.6e-05,-0.000144,-1.043878,0.111069,0.031562,-0.023282,0.449913,-0.460896,-0.764952,0.651038,0.75559,-0.072341,0.611332,-0.465466,0.64001,-1.1e-05,0.0001,6.9e-05,-6.2e-05,-1.9e-05,3e-05,-0.676858
42,0.22615,-0.017409,0.389677,-0.251785,0.462696,-0.850037,-0.718213,-0.678003,-0.156377,-0.648377,0.570556,0.504084,0.012769,0.011221,-0.009464,0.111802,-0.47839,0.119838,-1.885407,-0.255262,-0.034134,0.363365,-0.792452,-0.344715,0.503172,0.486436,-0.854782,0.180724,0.368788,0.388416,0.844388,-0.00104,0.025989,-0.032237,2.139956,1.969333,5.06049,-1.405288,0.001411,0.027824,0.00841,0.818598,0.401685,0.410542,-0.492998,0.858132,0.143391,-0.294701,-0.319776,0.900495,0.006416,0.016721,-0.022368,-0.689779,1.19312,0.410709,-1.065595,0.11118,0.031699,-0.023409,0.444522,-0.449451,-0.77485,0.628297,0.772988,-0.087925,0.638468,-0.447751,0.625999,0.006458,0.005657,-0.004705,0.32991,-0.626288,0.143647,-0.705108
43,0.226305,-0.017165,0.389452,-0.240115,0.456603,-0.856682,-0.713146,-0.681662,-0.163498,-0.658331,0.57111,0.490369,-0.000922,0.010742,-0.009079,0.034469,-0.587785,-0.005274,-1.37394,-0.255238,-0.03358,0.362598,-0.800056,-0.297156,0.521152,0.451366,-0.870305,0.196904,0.396043,0.393144,0.829729,-0.001817,0.033026,-0.044447,2.206463,2.302975,4.951829,-1.361256,0.00142,0.028117,0.008017,0.829868,0.352085,0.432844,-0.453616,0.877443,0.155963,-0.324884,-0.325774,0.887874,-0.00106,0.016394,-0.022423,2.102733,2.39833,4.990305,-1.049756,0.111263,0.031823,-0.023526,0.433408,-0.445069,-0.783626,0.623311,0.776055,-0.096028,0.650876,-0.446823,0.613765,-0.000423,0.005464,-0.004482,0.054269,-0.612862,-0.045782,-0.64665
44,0.225725,-0.01697,0.389122,-0.23371,0.431643,-0.871269,-0.715667,-0.682903,-0.146413,-0.657907,0.588781,0.469598,-0.026958,-0.004787,-0.001908,-0.433068,-0.437184,-0.678955,-0.090405,-0.255157,-0.032319,0.36148,-0.811484,-0.231778,0.536436,0.416417,-0.873275,0.252825,0.410865,0.42884,0.804456,0.016803,0.027267,-0.012726,-2.243602,-0.698318,1.867068,-0.172097,0.001452,0.028722,0.007433,0.843912,0.286733,0.453427,-0.413194,0.886461,0.208461,-0.342173,-0.363276,0.866572,0.008544,0.014293,-0.005822,-2.288979,-0.618739,1.87867,-0.852991,0.110974,0.031927,-0.023688,0.426184,-0.421065,-0.800669,0.62204,0.779031,-0.078584,0.656835,-0.464557,0.59393,-0.013447,-0.002508,-0.001029,-0.449643,-0.409318,-0.743809,-0.348154
45,0.224251,-0.017168,0.389125,-0.308704,0.360082,-0.880391,-0.682558,-0.728454,-0.058665,-0.662072,0.582356,0.47175,-0.054417,-0.004887,-0.000585,-0.384543,-0.215407,-1.347164,0.46507,-0.254608,-0.030657,0.36108,-0.835561,-0.174879,0.520814,0.390371,-0.855888,0.339117,0.387493,0.486884,0.782723,0.019936,0.039491,-0.001782,-2.096907,-1.158625,2.63961,0.427394,0.001726,0.029553,0.007233,0.867851,0.228218,0.441306,-0.380334,0.87668,0.294578,-0.319656,-0.423493,0.847627,0.010125,0.020428,-0.000303,-2.053565,-1.162166,2.622484,-0.584868,0.110238,0.031822,-0.02369,0.491088,-0.338731,-0.802554,0.568589,0.822621,0.000722,0.659953,-0.456678,0.596578,-0.027199,-0.002378,-0.000233,-0.395547,-0.23058,-1.391365,-0.044434
46,0.221844,-0.017253,0.388931,-0.388302,0.287617,-0.875525,-0.651983,-0.757139,0.040373,-0.650807,0.586143,0.482612,-0.068613,0.001861,-0.011808,-0.390307,0.18122,-2.201426,0.521223,-0.253518,-0.028833,0.361241,-0.865563,-0.098126,0.491084,0.340054,-0.834866,0.432777,0.368601,0.541713,0.755343,0.036164,0.045852,0.003371,-1.463771,0.516512,2.233457,0.533386,0.00226,0.030456,0.007319,0.896986,0.152587,0.414887,-0.324254,0.865011,0.382903,-0.300456,-0.477988,0.82538,0.018215,0.023593,0.002258,-2.066542,-0.943897,3.359258,-0.294537,0.10906,0.031784,-0.02378,0.556623,-0.255997,-0.790338,0.519391,0.849723,0.090567,0.648384,-0.460907,0.605938,-0.027029,-0.003558,-0.001069,-1.297954,0.654543,-3.91681,0.260593
47,0.220677,-0.017169,0.388701,-0.418628,0.24946,-0.87325,-0.62933,-0.772903,0.08084,-0.654258,0.583091,0.481641,-0.068761,0.003675,-0.010577,-1.22401,0.636103,-4.112928,0.520162,-0.252917,-0.028055,0.361231,-0.870022,-0.053328,0.490111,0.313357,-0.827118,0.466494,0.381586,0.559504,0.735669,0.033835,0.037249,-0.004365,-1.220971,1.032067,1.88339,0.485467,0.002566,0.030869,0.007335,0.90243,0.107838,0.417121,-0.294858,0.860499,0.415451,-0.314131,-0.497907,0.808337,0.016912,0.013629,0.002562,-1.123061,0.887145,1.761101,-0.142351,0.108476,0.031821,-0.023898,0.579302,-0.215915,-0.785995,0.489414,0.863251,0.123575,0.65183,-0.456264,0.605755,-0.02757,0.002428,-0.005185,0.00278,0.18369,-1.771795,0.416862
48,0.218665,-0.017025,0.388246,-0.464783,0.164526,-0.870031,-0.561106,-0.81482,0.145605,-0.684391,0.555645,0.472117,-0.040972,-0.000453,-0.014853,-0.13853,-0.520755,-1.845218,0.133288,-0.252271,-0.027821,0.360071,-0.848781,0.024822,0.528153,0.294182,-0.807665,0.510948,0.440309,0.589021,0.677529,-0.022817,-0.011712,-0.046883,-0.968413,1.925671,0.581817,-1.02143,0.002936,0.031082,0.006846,0.887248,0.032628,0.460136,-0.270283,0.845105,0.461242,-0.373814,-0.533603,0.758637,-0.011673,-0.007014,-0.024465,-0.247514,3.722617,-1.374247,-0.119653,0.107458,0.031908,-0.024115,0.613398,-0.12316,-0.78011,0.405688,0.896623,0.177437,0.677612,-0.425321,0.599952,-0.020445,-0.000286,-0.007432,-0.14355,-0.734376,-1.955814,0.520878
49,0.218393,-0.0171,0.386753,-0.455426,0.114537,-0.882901,-0.53706,-0.826264,0.169782,-0.709503,0.551348,0.438917,0.026971,0.01003,-0.060725,0.913319,-2.234131,1.348451,-1.047859,-0.253649,-0.028222,0.358115,-0.757682,0.038216,0.651497,0.349803,-0.818855,0.455025,0.551807,0.572608,0.606211,-0.020868,-0.003447,-0.039867,0.508878,2.538604,-2.744866,-1.402458,0.002211,0.030793,0.005769,0.804229,0.024175,0.593827,-0.329314,0.849886,0.411394,-0.494741,-0.52641,0.691464,-0.010424,-0.00178,-0.019954,0.68504,2.434424,-2.847889,-0.42517,0.107295,0.031888,-0.024828,0.600835,-0.07331,-0.796003,0.375704,0.904844,0.200254,0.705579,-0.419382,0.571205,0.006798,0.003238,-0.031252,0.171633,-1.544019,-0.584238,0.384204
50,0.218712,-0.016854,0.385439,-0.419475,0.107248,-0.901434,-0.53498,-0.831431,0.14997,-0.732881,0.54502,0.407265,0.012732,0.017523,-0.071482,0.918778,-2.151924,1.659338,-1.787336,-0.253685,-0.028427,0.357651,-0.744807,0.02788,0.66669,0.364787,-0.819467,0.441971,0.559572,0.572344,0.599303,-0.004652,-0.007899,-0.025695,-0.270823,0.08371,-0.65537,-1.404512,0.002194,0.030686,0.005547,0.791512,0.036516,0.610061,-0.345275,0.850364,0.39707,-0.504275,-0.524925,0.685681,-0.002101,-0.008199,-0.007398,-0.103418,0.322312,-0.951587,-0.567722,0.107461,0.031995,-0.025491,0.566654,-0.07121,-0.820872,0.375862,0.908903,0.180614,0.733232,-0.410881,0.541799,0.006407,0.008635,-0.035818,0.24677,-1.634262,-0.078897,0.232833
51,0.218883,-0.015534,0.382578,-0.334272,0.100968,-0.937077,-0.502056,-0.860501,0.086319,-0.797231,0.49919,0.339501,0.010257,0.048792,-0.082619,0.637591,-1.166584,0.176704,-1.913033,-0.254526,-0.029168,0.356163,-0.790267,0.024263,0.612275,0.344548,-0.808548,0.476939,0.507604,0.587833,0.629805,-0.038987,-0.015351,-0.050916,0.76896,0.596754,0.440598,-1.402928,0.001793,0.030347,0.004832,0.83424,0.038488,0.550055,-0.323313,0.842226,0.431419,-0.446666,-0.537747,0.715063,-0.012474,-0.014369,-0.022266,2.299494,0.746424,4.957396,-0.861156,0.107549,0.032618,-0.026935,0.486637,-0.080672,-0.869871,0.349661,0.930476,0.109321,0.800575,-0.35736,0.481011,0.0051,0.025173,-0.040755,1.89603,-1.858733,0.486598,-0.080358
52,0.219783,-0.013533,0.379351,-0.264889,0.096833,-0.959428,-0.445306,-0.894769,0.032583,-0.854989,0.435745,0.281331,0.037233,0.054121,-0.080115,0.220105,-1.192515,1.205392,-1.913918,-0.255717,-0.02986,0.354557,-0.806559,0.028265,0.590471,0.331297,-0.805487,0.49129,0.490503,0.591835,0.639532,-0.022206,-0.007372,-0.044224,0.018733,-0.293225,0.437958,-1.402092,0.001192,0.029973,0.004017,0.847734,0.032251,0.52944,-0.309487,0.840704,0.444335,-0.430772,-0.540533,0.722674,-0.018277,-0.007687,-0.016307,-0.740312,-1.784379,2.226151,-1.003382,0.107974,0.033595,-0.02852,0.423205,-0.085913,-0.90195,0.296067,0.953957,0.048051,0.856294,-0.287373,0.429155,0.012245,0.021512,-0.03534,0.267513,-1.421497,0.995416,-0.389467
53,0.220847,-0.011318,0.376322,-0.235283,0.08523,-0.968206,-0.443252,-0.895919,0.028793,-0.864694,0.435823,0.249779,0.02298,0.05891,-0.075812,-0.42271,-0.195537,-1.608156,-1.746197,-0.256765,-0.030293,0.352877,-0.81821,0.04212,0.573367,0.310658,-0.806626,0.502773,0.484684,0.589437,0.646149,-0.037716,-0.018788,-0.036231,0.073988,-0.354154,0.754466,-1.14348,0.000653,0.029758,0.00315,0.8587,0.016626,0.512208,-0.287654,0.842814,0.454884,-0.424134,-0.537948,0.728506,-0.018845,-0.009444,-0.018146,0.098623,-0.375164,0.747296,-0.947863,0.108535,0.03474,-0.030096,0.392887,-0.082207,-0.915905,0.295224,0.954549,0.040964,0.870909,-0.286491,0.399299,0.011542,0.029673,-0.03776,-0.445431,-0.353963,-1.644308,-0.689268
54,0.221119,-0.010137,0.37489,-0.249673,0.059578,-0.966519,-0.441137,-0.895502,0.0587,-0.861719,0.440944,0.25107,0.008915,0.062217,-0.072602,0.007946,-0.180703,-0.520645,-1.483525,-0.257582,-0.030702,0.352358,-0.826681,0.049315,0.560498,0.29821,-0.806175,0.510966,0.478084,0.589486,0.651004,-0.036453,-0.023585,-0.022005,0.042217,-0.283091,0.575786,-0.844604,0.000242,0.029544,0.002881,0.866399,0.008582,0.499278,-0.274578,0.843315,0.46198,-0.417084,-0.53735,0.733004,-0.018143,-0.011569,-0.010766,0.048318,-0.286296,0.570774,-0.835846,0.108668,0.035304,-0.030787,0.401932,-0.052898,-0.914139,0.288384,0.954838,0.071545,0.86907,-0.29238,0.399035,0.004515,0.031399,-0.036098,-0.544187,0.917177,-2.807775,-0.829045
55,0.221092,-0.007886,0.372306,-0.260769,0.014347,-0.965318,-0.45529,-0.88353,0.109804,-0.850995,0.468111,0.238133,-0.004085,0.052939,-0.061725,0.167509,-0.572138,-0.604265,-0.942373,-0.259356,-0.031531,0.351729,-0.846006,0.055305,0.53029,0.278785,-0.801748,0.528596,0.455444,0.594957,0.662163,-0.049873,-0.016809,-0.015711,-0.123372,-0.579223,-0.029766,-0.327798,-0.000613,0.029143,0.002579,0.883197,-0.001364,0.468999,-0.252731,0.841,0.478377,-0.395081,-0.541032,0.742424,-0.024774,-0.013089,-0.00267,-2.7623,-3.270359,-3.52375,-0.676311,0.108659,0.036441,-0.032078,0.406632,-0.007288,-0.913562,0.296477,0.946902,0.12441,0.864148,-0.321439,0.387201,-0.002022,0.026714,-0.03068,0.146962,-0.695871,-0.84855,-0.827902
56,0.220894,-0.006053,0.369912,-0.265305,-0.030737,-0.963698,-0.445462,-0.882506,0.150727,-0.854779,0.469313,0.221643,-0.003551,0.0473,-0.065701,0.123726,-0.544214,-1.063222,-0.671339,-0.261046,-0.032106,0.351419,-0.862328,0.02842,0.505544,0.293272,-0.785679,0.544642,0.413748,0.61788,0.668507,-0.033118,-0.010197,-0.009643,-2.816125,-3.214772,-3.39909,-0.013515,-0.001478,0.02884,0.00241,0.897414,0.020318,0.44072,-0.262443,0.827564,0.496247,-0.354641,-0.561003,0.748,-0.023937,-0.009405,0.000666,-0.163712,-0.332777,0.282314,-0.566579,0.108559,0.037371,-0.033265,0.404441,0.036654,-0.913829,0.280935,0.945907,0.162276,0.870346,-0.322358,0.372266,-0.008109,0.018039,-0.028227,0.095446,-0.52329,-1.308653,-0.60844
57,0.220813,-0.005341,0.368729,-0.269536,-0.048278,-0.961803,-0.438788,-0.882877,0.167227,-0.856898,0.467157,0.217982,-0.002505,0.034606,-0.058238,0.124728,-0.125667,-0.665565,-0.598068,-0.261909,-0.032255,0.351252,-0.8689,0.000862,0.494979,0.313018,-0.773491,0.551058,0.384419,0.633744,0.671158,-0.047423,-0.007128,-0.006676,-0.811189,-1.026154,-0.904832,0.089781,-0.001886,0.028771,0.002332,0.90286,0.046948,0.427362,-0.281545,0.815795,0.505183,-0.324923,-0.576432,0.749766,-0.023671,-0.00343,-0.003187,-0.051073,-0.178637,0.106696,-0.433987,0.108519,0.03772,-0.033837,0.404157,0.055781,-0.912986,0.271733,0.945754,0.178072,0.873394,-0.320057,0.367076,-0.001136,0.016484,-0.029713,0.111058,-0.164453,-0.906416,-0.540837
