frame,MLTx,MLTy,MLTz,MLTR1,MLTR2,MLTR3,MLTR4,MLTR5,MLTR6,MLTR7,MLTR8,MLTR9,MLTTVx,MLTTVy,MLTTVz,MLTRVx,MLTRVy,MLTRVz,MLGA,MRTx,MRTy,MRTz,MRTR1,MRTR2,MRTR3,MRTR4,MRTR5,MRTR6,MRTR7,MRTR8,MRTR9,MRTTVx,MRTTVy,MRTTVz,MRTRVx,MRTRVy,MRTRVz,MRGA,SLTx,SLTy,SLTz,SLTR1,SLTR2,SLTR3,SLTR4,SLTR5,SLTR6,SLTR7,SLTR8,SLTR9,SLTTVx,SLTTVy,SLTTVz,SLTRVx,SLTRVy,SLTRVz,SLGA,SRTx,SRTy,SRTz,SRTR1,SRTR2,SRTR3,SRTR4,SRTR5,SRTR6,SRTR7,SRTR8,SRTR9,SRTTVx,SRTTVy,SRTTVz,SRTRVx,SRTRVy,SRTRVz,SRGA
1,0.153563,0.03183,0.385903,-0.753708,0.377536,-0.537993,-0.537333,-0.825309,0.173525,-0.377566,0.419394,0.825578,-0.034496,0.038135,-0.183062,-0.861613,-1.920701,-0.814943,-0.392768,-0.172639,0.050391,0.361098,0.749579,-0.210238,0.627632,-0.244822,0.792773,0.558128,-0.615835,-0.571749,0.541953,0.125621,-0.011761,-0.131576,-0.108978,0.874434,-0.668361,-1.403049,0.004011,0.041443,-0.002306,-0.659965,0.127739,0.740357,0.373527,-0.799226,0.470864,0.651861,0.587297,0.479747,0.069228,-0.011593,-0.062318,-0.212449,1.042408,-0.704855,-0.776571,0.114713,0.038261,-0.04815,-0.634411,0.540261,-0.552845,-0.700286,-0.704516,0.115125,-0.327291,0.460187,0.825292,-0.01723,0.017844,-0.092152,-0.871222,-1.906657,-0.827064,-0.534959
2,0.152368,0.033229,0.37827,-0.732052,0.320702,-0.601079,-0.526502,-0.826222,0.200311,-0.431479,0.462704,0.774441,-0.03577,0.048306,-0.208068,-0.642575,-1.913147,-0.381257,-0.282896,-0.167334,0.049644,0.35615,0.723324,-0.19572,0.662184,-0.269635,0.802662,0.531944,-0.636513,-0.563065,0.526947,0.140584,-0.017162,-0.123283,0.157772,0.752373,-1.102773,-1.404167,0.00661,0.041058,-0.004749,-0.62909,0.114238,0.768891,0.393965,-0.805837,0.44206,0.670101,0.581012,0.461939,0.070288,-0.008498,-0.061629,0.165957,0.845593,-1.285815,-0.783429,0.114141,0.03892,-0.051817,-0.622267,0.483379,-0.615733,-0.691087,-0.708667,0.142084,-0.367669,0.51394,0.775038,-0.017853,0.018156,-0.099943,-0.696074,-1.920694,-0.41767,-0.465561
3,0.150773,0.034471,0.370284,-0.707532,0.269244,-0.653416,-0.522633,-0.821695,0.227252,-0.474847,0.501946,0.722909,-0.050206,0.034675,-0.217452,-0.524852,-1.881386,-0.28751,-0.199277,-0.161934,0.049087,0.351837,0.694471,-0.189323,0.694161,-0.292399,0.807122,0.512827,-0.658216,-0.558872,0.50426,0.144064,-0.022622,-0.099119,-0.058833,0.729697,-0.646728,-1.404546,0.009412,0.040745,-0.00701,-0.593954,0.107816,0.797241,0.414685,-0.808155,0.418236,0.689387,0.579017,0.435297,0.07207,-0.010827,-0.049362,-0.047523,0.720123,-0.653938,-0.784083,0.113335,0.039563,-0.055879,-0.605835,0.428422,-0.670385,-0.687622,-0.705799,0.170359,-0.400172,0.564182,0.722191,-0.025146,0.010606,-0.105146,-0.745907,-2.120441,-0.444007,-0.396652
4,0.148811,0.035004,0.36169,-0.680471,0.209723,-0.702155,-0.513793,-0.819742,0.253007,-0.521683,0.532661,0.666443,-0.065946,0.006035,-0.222909,-0.498958,-1.791314,-0.444735,-0.147025,-0.156635,0.048291,0.348201,0.663458,-0.210992,0.717842,-0.294492,0.808216,0.509897,-0.688568,-0.549424,0.473149,0.122365,-0.027696,-0.08729,0.979075,1.660207,0.339722,-1.404316,0.012016,0.040364,-0.008791,-0.56189,0.12957,0.817001,0.417432,-0.808269,0.415272,0.714163,0.57438,0.400072,0.067351,-0.012674,-0.043422,3.714363,3.561537,2.435133,-0.786042,0.112337,0.039848,-0.060254,-0.588471,0.365219,-0.721329,-0.679851,-0.706402,0.19697,-0.437612,0.606308,0.663992,-0.032908,0.001826,-0.112122,-0.556245,-1.865414,-0.485389,-0.341133
5,0.147735,0.03491,0.35732,-0.665236,0.184601,-0.723484,-0.514068,-0.815962,0.26441,-0.540704,0.547581,0.638609,-0.055043,-0.011862,-0.221716,-0.420831,-1.756447,-0.236001,-0.141656,-0.154142,0.047754,0.346583,0.637364,-0.229841,0.735481,-0.287735,0.814333,0.503988,-0.715542,-0.532554,0.451939,0.12292,-0.022307,-0.084676,0.818904,2.335088,0.055449,-1.404183,0.013262,0.04009,-0.009603,-0.535823,0.147792,0.831294,0.40962,-0.815432,0.408999,0.738311,0.559666,0.376389,0.062177,-0.016613,-0.038417,4.085836,5.111164,0.003591,-0.785062,0.111819,0.039803,-0.062357,-0.578012,0.338945,-0.742305,-0.679868,-0.703115,0.208344,-0.451309,0.625095,0.636847,-0.033642,-0.0061,-0.110695,-0.541245,-1.825298,-0.514381,-0.32709
6,0.145094,0.034232,0.348819,-0.638451,0.139486,-0.756947,-0.512909,-0.81036,0.283217,-0.573107,0.568889,0.589865,-0.069223,-0.028859,-0.20739,-0.318714,-1.410303,-0.350031,-0.169815,-0.149031,0.046931,0.343949,0.589848,-0.225357,0.775426,-0.300342,0.830046,0.469842,-0.750239,-0.509741,0.420913,0.123934,-0.010691,-0.063173,0.058357,0.622973,-0.81272,-1.404195,0.015866,0.039653,-0.010964,-0.48067,0.147212,0.864455,0.417483,-0.828498,0.373225,0.771144,0.540294,0.336775,0.061935,-0.004418,-0.031068,0.07986,0.59738,-0.839063,-0.772326,0.110475,0.039433,-0.066708,-0.558755,0.289938,-0.776998,-0.678553,-0.698492,0.227317,-0.47682,0.65425,0.587025,-0.034469,-0.014815,-0.103871,-0.204305,-1.251877,-0.256361,-0.323334
7,0.14162,0.033303,0.341153,-0.613798,0.113128,-0.781345,-0.51206,-0.810319,0.284866,-0.600155,0.574801,0.556278,-0.094358,-0.018236,-0.189189,0.02767,-0.918251,-0.012238,-0.234453,-0.14443,0.046163,0.342229,0.572029,-0.215417,0.791435,-0.313483,0.834125,0.453759,-0.758598,-0.507391,0.408591,0.101536,-0.019908,-0.037417,-0.040723,0.591312,-0.82641,-1.404176,0.018129,0.039279,-0.011809,-0.461046,0.137848,0.876603,0.427851,-0.830919,0.35569,0.777418,0.539046,0.324113,0.057606,-0.014562,-0.014754,-0.074995,0.582996,-0.814276,-0.778367,0.108769,0.038947,-0.07049,-0.538967,0.26018,-0.801136,-0.677769,-0.698682,0.229065,-0.500142,0.666445,0.552908,-0.053646,-0.014687,-0.090395,-0.075698,-1.16603,-0.056321,-0.359748
8,0.139476,0.032802,0.337812,-0.603964,0.11019,-0.789386,-0.511868,-0.812784,0.278109,-0.61021,0.571889,0.548282,-0.120145,-0.025686,-0.164493,0.219398,-0.391897,0.143115,-0.244601,-0.14244,0.045752,0.341709,0.568638,-0.210079,0.795304,-0.317846,0.835529,0.448107,-0.759327,-0.507327,0.407313,0.102282,-0.020999,-0.023011,0.156933,0.137792,-0.819912,-1.404506,0.019125,0.03907,-0.012077,-0.456052,0.134057,0.879798,0.431801,-0.831097,0.350464,0.77818,0.539727,0.321137,0.044915,-0.010597,-0.011102,0.290267,-0.077895,-1.041673,-0.782123,0.107661,0.038679,-0.072239,-0.529195,0.254452,-0.809447,-0.677683,-0.700803,0.222751,-0.510584,0.666428,0.5433,-0.0598,-0.012099,-0.081633,0.270362,-0.306598,0.190289,-0.375097
9,0.134185,0.03155,0.332373,-0.584698,0.116956,-0.802804,-0.513906,-0.819086,0.254893,-0.627033,0.561452,0.540025,-0.146186,-0.040278,-0.113966,0.29511,-0.073228,0.320817,-0.285693,-0.138765,0.045194,0.341098,0.56146,-0.194075,0.804418,-0.326771,0.841004,0.431121,-0.76087,-0.504672,0.407733,0.09046,-0.020482,-0.006409,0.01696,0.142342,-0.446571,-1.404385,0.020966,0.038798,-0.012384,-0.447204,0.1159,0.88689,0.438153,-0.836059,0.33019,0.779762,0.536256,0.323107,0.044449,-0.003827,-0.006615,0.027062,0.269706,-0.580591,-0.785062,0.105068,0.038056,-0.074927,-0.508514,0.258102,-0.821459,-0.679794,-0.705879,0.199031,-0.528481,0.659634,0.534406,-0.07278,-0.019084,-0.056079,0.403337,-0.104396,0.516132,-0.396978
10,0.128184,0.030152,0.329256,-0.576915,0.132285,-0.806049,-0.524872,-0.816137,0.241662,-0.625167,0.562323,0.541282,-0.170377,-0.044268,-0.052914,0.074747,-0.081625,0.220342,-0.335859,-0.135624,0.044762,0.34067,0.556641,-0.179914,0.811032,-0.332871,0.84607,0.41629,-0.761761,-0.501465,0.410021,0.076722,-0.008347,-0.012648,0.024982,0.093177,-0.251712,-1.404228,0.022541,0.038593,-0.012586,-0.440447,0.10172,0.891996,0.442359,-0.839991,0.314216,0.781231,0.532979,0.324975,0.039074,-0.009486,-0.002283,-0.035559,0.142055,-0.241599,-0.798126,0.102073,0.037339,-0.076526,-0.497775,0.272741,-0.823305,-0.689268,-0.70058,0.184651,-0.526429,0.659393,0.536723,-0.084676,-0.015682,-0.029638,0.063782,-0.108019,0.214426,-0.437311
11,0.121173,0.028783,0.328164,-0.573953,0.153807,-0.804342,-0.540567,-0.808956,0.230977,-0.614444,0.567176,0.54845,-0.180586,-0.031689,-0.010544,0.105966,0.249155,0.226486,-0.333797,-0.132688,0.044422,0.340129,0.561078,-0.146167,0.81475,-0.361033,0.84242,0.399898,-0.745494,-0.518339,0.41884,0.07716,-0.009048,-0.013341,0.038634,-0.171806,-0.463894,-1.404206,0.023984,0.03843,-0.012843,-0.441888,0.068662,0.894438,0.467281,-0.833497,0.29484,0.765756,0.548241,0.336228,0.03858,-0.004509,-0.006703,-1.094864,-0.9526,-1.228113,-0.79437,0.098639,0.036664,-0.077083,-0.490432,0.291676,-0.821219,-0.702632,-0.689795,0.174615,-0.515542,0.662652,0.543238,-0.090013,-0.014716,-0.004259,-0.111964,0.612409,0.615065,-0.450374
12,0.117701,0.028301,0.328159,-0.573597,0.158615,-0.803662,-0.545552,-0.805803,0.230274,-0.610361,0.570323,0.549743,-0.178787,-0.019079,-0.000758,0.030993,0.157772,-0.058663,-0.332552,-0.131417,0.044227,0.339782,0.557538,-0.132479,0.819507,-0.369412,0.844366,0.387961,-0.744036,-0.51887,0.420769,0.065603,-0.015939,-0.017105,0.399914,1.700769,-2.553463,-1.404335,0.024671,0.038339,-0.013023,-0.437648,0.054284,0.897506,0.474079,-0.834225,0.281631,0.76401,0.548745,0.339361,0.032827,-0.008186,-0.008756,0.385799,1.72574,-2.5292,-0.796983,0.096836,0.036413,-0.077088,-0.48902,0.297532,-0.819959,-0.707046,-0.685715,0.172859,-0.510828,0.66428,0.545698,-0.096161,-0.013403,0.004999,0.004186,0.090652,0.069576,-0.451191
13,0.110523,0.027445,0.328949,-0.564074,0.159207,-0.810258,-0.549769,-0.804543,0.224581,-0.615437,0.571934,0.542361,-0.177687,-0.023237,0.029141,-0.113813,-0.056288,0.016113,-0.326877,-0.12919,0.04359,0.338798,0.543558,-0.116944,0.83118,-0.382741,0.846681,0.36956,-0.74762,-0.518854,0.414388,0.040536,-0.01576,-0.030585,0.004608,0.230044,-0.318842,-1.40389,0.025769,0.03803,-0.013501,-0.420494,0.039355,0.90644,0.484768,-0.834753,0.261124,0.766931,0.549215,0.331931,0.026498,-0.006861,-0.015209,0.011728,0.101565,-0.078169,-0.803351,0.09325,0.036003,-0.076692,-0.479275,0.296179,-0.826179,-0.710572,-0.683472,0.167191,-0.515152,0.667191,0.538027,-0.088575,-0.010445,0.015658,-0.118005,-0.069155,0.031541,-0.449885
14,0.10377,0.026684,0.330409,-0.555563,0.160931,-0.81578,-0.559608,-0.798001,0.223617,-0.614321,0.580546,0.534417,-0.163536,-0.024288,0.045011,-0.22053,-0.200162,1.2e-05,-0.337463,-0.127358,0.043218,0.337364,0.524851,-0.108555,0.844239,-0.391104,0.85009,0.352587,-0.756587,-0.515102,0.402627,0.038022,0.003871,-0.048463,0.076365,0.2164,-0.278268,-1.403845,0.026685,0.037834,-0.014214,-0.399491,0.031875,0.916182,0.490785,-0.836675,0.24311,0.774297,0.546769,0.3186,0.026127,-0.003031,-0.020538,0.042777,0.187495,-0.237089,-0.807596,0.08987,0.035634,-0.075958,-0.470432,0.296414,-0.831161,-0.718798,-0.675089,0.16608,-0.51188,0.675568,0.530646,-0.087843,-0.005188,0.019625,-0.215196,-0.232434,-0.070093,-0.451844
15,0.10058,0.026311,0.33128,-0.548314,0.166103,-0.819639,-0.572496,-0.788972,0.22303,-0.608951,0.59132,0.528722,-0.16324,-0.021199,0.047254,-0.221165,-0.200206,0.000238,-0.366527,-0.126572,0.043142,0.336364,0.515039,-0.104216,0.850803,-0.394704,0.852163,0.343454,-0.761437,-0.512574,0.396667,0.037575,0.00816,-0.06143,0.198212,0.747173,-0.92027,-1.403563,0.027077,0.037802,-0.014704,-0.389387,0.028208,0.920641,0.492928,-0.837968,0.234159,0.778074,0.544989,0.312389,0.019652,-0.001828,-0.027076,0.384847,1.842783,-2.237306,-0.809229,0.088277,0.035454,-0.075517,-0.462085,0.300012,-0.834547,-0.729588,-0.663578,0.16542,-0.50416,0.685314,0.525515,-0.07503,-0.011643,0.023044,-0.239933,-0.230113,-0.018119,-0.461641
16,0.094676,0.025752,0.33303,-0.534591,0.170241,-0.827814,-0.58916,-0.777316,0.220551,-0.605268,0.605404,0.516879,-0.134804,-0.008304,0.040917,-0.12207,-0.251757,0.311085,-0.405374,-0.125309,0.043204,0.333758,0.501755,-0.098095,0.859424,-0.402763,0.852695,0.332605,-0.766058,-0.512905,0.387229,0.024863,0.009366,-0.075744,0.143824,0.16252,-0.133175,-1.404181,0.027713,0.037831,-0.016002,-0.373646,0.022609,0.927295,0.499605,-0.837395,0.221729,0.781526,0.54613,0.301593,0.018757,0.005534,-0.0379,0.157745,0.107009,-0.093985,-0.812495,0.085316,0.035174,-0.074635,-0.447598,0.301074,-0.842026,-0.743366,-0.648664,0.163218,-0.497053,0.69899,0.514149,-0.074474,-0.008199,0.02563,-0.134894,-0.068439,0.12316,-0.494789
17,0.089446,0.025462,0.334718,-0.526151,0.172965,-0.832643,-0.599956,-0.769392,0.219226,-0.602063,0.614676,0.509627,-0.120408,0.002292,0.032425,-0.076772,-0.155596,0.203121,-0.392921,-0.124171,0.043601,0.330605,0.486183,-0.094673,0.868709,-0.413927,0.850478,0.324477,-0.77012,-0.517216,0.373182,0.038448,0.006347,-0.079967,-0.007149,0.388147,-0.021379,-1.404007,0.028277,0.038027,-0.01758,-0.357013,0.018875,0.933908,0.509115,-0.834311,0.211485,0.783162,0.55097,0.28825,0.012187,0.007438,-0.04417,-0.110417,0.606922,-0.123834,-0.809392,0.082698,0.035034,-0.07378,-0.43848,0.302528,-0.846292,-0.752314,-0.63871,0.161465,-0.491689,0.707477,0.507658,-0.060796,-0.004358,0.02037,-0.103213,-0.124134,0.19548,-0.505403
18,0.085059,0.025316,0.335991,-0.518713,0.175231,-0.836826,-0.60569,-0.766097,0.214958,-0.602783,0.618137,0.504565,-0.09509,-0.00493,0.027012,-0.074504,-0.057874,0.073177,-0.351241,-0.123153,0.043965,0.327244,0.47573,-0.096665,0.874259,-0.427162,0.843389,0.325824,-0.769406,-0.528331,0.35881,0.024719,0.013473,-0.090145,0.03081,0.427306,0.05858,-1.403947,0.028792,0.038202,-0.019259,-0.345852,0.021784,0.938035,0.522065,-0.826221,0.211671,0.779636,0.562923,0.274378,0.006926,0.000106,-0.041355,-0.055501,0.525712,0.108952,-0.812168,0.080497,0.034969,-0.073136,-0.430436,0.303502,-0.850064,-0.757076,-0.634201,0.156918,-0.491487,0.711107,0.502758,-0.053313,0.005097,0.010975,-0.040563,-0.186799,0.249321,-0.480583
19,0.08311,0.025324,0.336524,-0.515486,0.176175,-0.838619,-0.608063,-0.76475,0.213046,-0.603166,0.619533,0.502391,-0.080212,0.005275,0.018596,-0.039521,-0.107613,0.142039,-0.335635,-0.122713,0.044141,0.325482,0.47108,-0.100988,0.876286,-0.430691,0.840538,0.328534,-0.770293,-0.532044,0.35134,0.026395,0.002874,-0.082456,-0.012236,0.348758,0.260506,-1.40416,0.029002,0.038285,-0.020113,-0.341463,0.025682,0.939544,0.525792,-0.823358,0.213597,0.779067,0.56694,0.267643,0.013266,0.001271,-0.041348,-0.151434,0.69832,0.281332,-0.813312,0.079551,0.034967,-0.07288,-0.427142,0.303817,-0.851612,-0.758957,-0.632409,0.155054,-0.49146,0.712568,0.500712,-0.046736,0.003907,0.010166,-0.040028,-0.092992,0.112221,-0.471766
20,0.080037,0.025445,0.337207,-0.511063,0.177312,-0.841083,-0.61112,-0.763041,0.210409,-0.603844,0.621311,0.499371,-0.068004,0.000236,0.014742,-0.038647,-0.121597,0.172028,-0.238524,-0.121869,0.044424,0.322292,0.460434,-0.109431,0.880918,-0.428782,0.841422,0.328769,-0.777752,-0.528958,0.339365,0.013402,0.003653,-0.081176,0.105523,0.171104,0.047631,-1.404209,0.029444,0.038428,-0.021776,-0.330192,0.035997,0.943227,0.524063,-0.824119,0.214908,0.785067,0.565271,0.253253,0.00673,0.001934,-0.040508,0.125694,0.126984,0.013294,-0.814781,0.07795,0.035032,-0.072517,-0.422264,0.304124,-0.853932,-0.761582,-0.62993,0.15225,-0.491615,0.714629,0.497613,-0.034065,-3.2e-05,0.007303,-0.038302,-0.121653,0.171843,-0.423595
21,0.077855,0.02562,0.337303,-0.500961,0.179649,-0.846646,-0.614879,-0.76229,0.202012,-0.608482,0.621559,0.493398,-0.042338,0.000448,-0.001442,0.017696,-0.201964,0.276207,-0.220015,-0.121141,0.044531,0.319322,0.455757,-0.111411,0.883099,-0.430636,0.840608,0.328426,-0.779475,-0.529834,0.334,0.014603,-0.003865,-0.071364,0.124181,0.070907,-0.019694,-1.404352,0.029803,0.03848,-0.023237,-0.325482,0.037999,0.944784,0.525879,-0.823126,0.214273,0.785819,0.566584,0.24793,0.007299,-0.001663,-0.035462,0.139081,0.038882,-0.04524,-0.816414,0.07686,0.035122,-0.072466,-0.411583,0.304542,-0.858983,-0.764688,-0.628175,0.14369,-0.495833,0.715995,0.491426,-0.02125,5e-06,-0.000863,0.017773,-0.201514,0.275617,-0.382609
22,0.077097,0.025653,0.337195,-0.498277,0.180364,-0.848077,-0.616029,-0.761936,0.199834,-0.609524,0.621785,0.491823,-0.028547,0.006796,-0.012958,0.031691,-0.190773,0.265653,-0.225275,-0.120799,0.044533,0.317969,0.455901,-0.109032,0.883322,-0.433525,0.839483,0.327502,-0.777787,-0.53211,0.334318,0.014126,-0.000761,-0.069154,0.001844,0.005653,-0.082584,-1.403935,0.029976,0.038478,-0.023916,-0.325539,0.035326,0.944868,0.528371,-0.821919,0.212771,0.784121,0.568507,0.248901,0.00701,0.000171,-0.034125,-0.301912,-0.138353,-0.186205,-0.816414,0.07648,0.035139,-0.07252,-0.408787,0.304743,-0.860246,-0.765623,-0.627529,0.141519,-0.496703,0.716476,0.489844,-0.014356,0.00316,-0.006646,0.031562,-0.189986,0.264638,-0.379016
23,0.076037,0.025529,0.336811,-0.493892,0.181553,-0.850385,-0.617812,-0.761439,0.196191,-0.611289,0.622046,0.489296,-0.018507,-0.011869,-0.010742,-0.001094,-0.061809,0.089182,-0.223408,-0.120091,0.044392,0.315605,0.456598,-0.110301,0.882805,-0.429269,0.841737,0.327323,-0.779739,-0.528274,0.335852,0.014658,-0.004495,-0.055992,0.102002,0.028706,-0.005594,-1.40382,0.03033,0.038403,-0.025107,-0.326383,0.036436,0.944534,0.524363,-0.824424,0.212995,0.786458,0.564797,0.249972,0.008321,-0.008356,-0.02467,0.080793,-0.06405,0.11152,-0.814128,0.075958,0.035084,-0.072705,-0.404229,0.305082,-0.862277,-0.76705,-0.626592,0.137893,-0.498228,0.717151,0.487301,-0.00855,-0.000359,-0.009361,0.033037,0.025419,-0.063581,-0.379016
24,0.075486,0.025312,0.336017,-0.48828,0.182766,-0.853361,-0.619067,-0.761735,0.191017,-0.614523,0.621327,0.48615,-0.01838,-0.004063,-0.021726,0.032606,-0.082505,0.103569,-0.204381,-0.119329,0.044017,0.31377,0.454113,-0.101508,0.885138,-0.428105,0.846335,0.316824,-0.781826,-0.522675,0.339738,0.03017,-0.019604,-0.03685,0.265097,-0.188117,-0.510547,-1.404152,0.030717,0.038215,-0.026045,-0.322614,0.029077,0.946083,0.52211,-0.828245,0.203494,0.789506,0.55961,0.252022,0.015054,-0.009469,-0.018155,0.335209,-0.328112,-0.650045,-0.808739,0.075682,0.03497,-0.0731,-0.398326,0.30523,-0.864968,-0.768088,-0.626453,0.132649,-0.501373,0.71721,0.483977,-0.002739,-0.003911,-0.012125,0.032524,0.013739,-0.037441,-0.368892
25,0.075099,0.02534,0.334882,-0.477615,0.18441,-0.859024,-0.619983,-0.763494,0.180745,-0.621942,0.618675,0.48006,-0.004038,0.003573,-0.032198,0.06814,-0.011112,-0.018,-0.179924,-0.118307,0.043365,0.312451,0.451994,-0.089792,0.887485,-0.428309,0.850799,0.304347,-0.782939,-0.517566,0.344957,0.031006,-0.024704,-0.024501,0.249835,-0.416873,-0.367131,-1.404234,0.031217,0.037897,-0.026697,-0.319324,0.017655,0.94748,0.520791,-0.832037,0.191023,0.791712,0.554438,0.256495,0.015509,-0.012266,-0.01219,0.274106,-0.451906,-0.385691,-0.816904,0.075481,0.034977,-0.073667,-0.387112,0.304879,-0.870167,-0.768878,-0.627618,0.122154,-0.508891,0.71634,0.477373,-0.008671,0.003055,-0.015339,0.064261,-0.099342,0.113337,-0.355013
26,0.074823,0.025442,0.334298,-0.469751,0.185683,-0.863076,-0.620773,-0.764574,0.17332,-0.627125,0.616958,0.475504,-0.017623,0.005509,-0.031274,0.295899,-0.604265,0.699748,-0.157004,-0.117639,0.042985,0.312023,0.451036,-0.083954,0.888544,-0.428825,0.852654,0.298369,-0.783208,-0.515498,0.347435,0.043088,-0.017473,-0.020046,0.191494,-0.328213,-0.252782,-1.404073,0.031547,0.037701,-0.026915,-0.318126,0.010991,0.947984,0.520398,-0.833796,0.184303,0.792452,0.551961,0.259533,0.014993,-0.009189,-0.009609,0.26904,-0.490661,-0.384071,-0.816741,0.075348,0.035028,-0.073959,-0.379871,0.304639,-0.873436,-0.769335,-0.628326,0.115447,-0.513634,0.715821,0.473053,-0.008637,0.003176,-0.015259,0.829361,-1.709814,1.964621,-0.343419
27,0.073965,0.025815,0.332966,-0.453714,0.182998,-0.872181,-0.622154,-0.765736,0.162924,-0.637489,0.616321,0.462367,-0.031386,0.007145,-0.030705,-0.058874,-0.310743,-0.091992,-0.112874,-0.115759,0.042223,0.311734,0.45544,-0.060483,0.888205,-0.444363,0.848997,0.285796,-0.771913,-0.52477,0.35865,0.057475,-0.025018,0.006006,-0.04205,-0.344028,-0.219888,-1.404116,0.032458,0.037323,-0.027078,-0.321226,-0.013245,0.946909,0.533096,-0.828952,0.16925,0.782701,0.559161,0.273342,0.021268,-0.007417,-0.000375,-1.281519,-0.927153,-0.900493,-0.817557,0.074936,0.035207,-0.07461,-0.363563,0.300297,-0.88184,-0.770493,-0.628995,0.103463,-0.523604,0.717067,0.460056,-0.009117,0.001943,-0.016393,-0.177396,-0.551938,-0.22785,-0.307822
28,0.072774,0.026224,0.331708,-0.436236,0.172827,-0.883105,-0.624257,-0.764931,0.15861,-0.647566,0.620257,0.442681,-0.031148,0.008046,-0.030071,-0.135344,-0.477231,-0.168704,-0.099631,-0.113408,0.041408,0.312345,0.462808,-0.023932,0.886131,-0.465829,0.843842,0.266212,-0.754679,-0.535958,0.378249,0.057406,-0.025148,0.023094,0.289801,-0.708393,-0.743107,-1.404627,0.033659,0.03691,-0.026774,-0.326199,-0.048211,0.944071,0.551774,-0.820621,0.148744,0.767554,0.569434,0.294287,0.035032,-0.010701,0.012282,0.003666,-0.498173,-0.290203,-0.816577,0.074339,0.035412,-0.075245,-0.348127,0.287013,-0.892429,-0.772084,-0.627714,0.099304,-0.531689,0.723601,0.440123,-0.022147,0.005545,-0.014062,-0.284188,-0.754961,-0.404647,-0.28741
29,0.071999,0.026401,0.331183,-0.428897,0.166185,-0.887961,-0.625423,-0.763882,0.159065,-0.651337,0.623365,0.432671,-0.045557,0.000778,-0.019535,-0.2541,-0.701375,-0.181541,-0.097027,-0.112065,0.040888,0.312934,0.466233,-0.005471,0.88464,-0.477357,0.840275,0.256908,-0.745305,-0.542059,0.388015,0.058498,-0.031958,0.034436,0.233026,-0.608519,-0.641815,-1.404497,0.034304,0.036665,-0.026496,-0.328876,-0.067237,0.941976,0.56138,-0.816012,0.13775,0.759403,0.574109,0.306112,0.034749,-0.009003,0.013743,0.020891,-0.236007,-0.317716,-0.815598,0.073961,0.0355,-0.075515,-0.342003,0.279845,-0.897062,-0.773018,-0.626571,0.099248,-0.534299,0.727389,0.430614,-0.021886,0.006338,-0.013398,0.021183,-0.249981,0.175767,-0.282512
30,0.070183,0.026474,0.330601,-0.418122,0.163126,-0.893649,-0.628143,-0.762558,0.15464,-0.65572,0.625792,0.422424,-0.045741,-0.006515,-0.008313,-0.015743,-0.16526,0.180597,-0.080048,-0.109534,0.039961,0.314472,0.470902,0.021196,0.881926,-0.486533,0.840091,0.239722,-0.736381,-0.541996,0.404779,0.069647,-0.019886,0.043171,0.195395,-0.555929,-0.551509,-1.404236,0.035592,0.036188,-0.025715,-0.332243,-0.094285,0.938469,0.567863,-0.814443,0.119213,0.75309,0.57253,0.324134,0.028094,-0.010036,0.022333,0.21443,-0.486655,-0.751582,-0.813475,0.073036,0.03554,-0.075823,-0.331674,0.272613,-0.903146,-0.775293,-0.624215,0.096302,-0.537505,0.732145,0.418391,-0.022773,-0.003042,-0.003936,0.000202,-0.121379,0.204218,-0.27549
31,0.068276,0.02627,0.330459,-0.412428,0.164543,-0.896032,-0.630537,-0.761442,0.150338,-0.657033,0.626778,0.418908,-0.044223,-0.002123,-0.004524,-0.005085,-0.14357,0.195007,-0.03488,-0.107118,0.039304,0.316379,0.478199,0.049985,0.876823,-0.505159,0.832273,0.228187,-0.718924,-0.552114,0.422115,0.067784,-0.010869,0.050868,0.019554,-0.544552,-0.499758,-1.404253,0.036801,0.035858,-0.024763,-0.338528,-0.123264,0.932847,0.583867,-0.804962,0.105518,0.7379,0.58038,0.344472,0.027341,-0.006432,0.02541,-0.27334,-0.605915,-0.717683,-0.811352,0.072081,0.035434,-0.075898,-0.325749,0.273406,-0.905061,-0.777184,-0.622561,0.091657,-0.538397,0.733256,0.415286,-0.021851,-0.000412,-0.00165,-0.003087,-0.048489,0.053725,-0.24969
32,0.067332,0.026218,0.330491,-0.412365,0.167135,-0.895582,-0.630821,-0.761613,0.148265,-0.6568,0.62588,0.420612,-0.056174,0.004497,0.000482,0.056081,0.089392,0.106272,-0.013515,-0.106064,0.03911,0.317393,0.482442,0.062995,0.873655,-0.516653,0.82582,0.225887,-0.707831,-0.560431,0.429833,0.041212,-0.01275,0.052677,-0.44549,-2.185615,1.608871,-1.404156,0.037337,0.035764,-0.024255,-0.339814,-0.137514,0.930384,0.594836,-0.797682,0.099358,0.728488,0.58719,0.352862,0.02696,-0.004741,0.026828,0.121768,-0.407689,-0.658369,-0.808576,0.071613,0.035404,-0.075885,-0.325038,0.275818,-0.904584,-0.777456,-0.62253,0.089541,-0.538434,0.732379,0.416782,-0.022191,-0.004818,0.00336,0.045734,0.142991,0.153365,-0.234668
33,0.065434,0.026028,0.330717,-0.403463,0.174076,-0.89831,-0.632734,-0.76224,0.136417,-0.660486,0.623211,0.4188,-0.043977,-0.008202,0.007858,0.105466,0.260286,0.232803,0.021214,-0.104348,0.038921,0.319412,0.483122,0.08579,0.871335,-0.540998,0.81165,0.220181,-0.688909,-0.57787,0.437417,0.038478,0.001563,0.047543,-0.196811,-0.662743,0.417353,-1.404382,0.038209,0.035672,-0.023219,-0.342091,-0.16066,0.92583,0.616813,-0.781683,0.092264,0.708882,0.602627,0.366503,0.019165,0.000989,0.023918,-0.225677,-0.694156,0.4994,-0.810372,0.070661,0.035317,-0.075772,-0.314676,0.279999,-0.906961,-0.778889,-0.622275,0.078131,-0.542503,0.731008,0.413903,-0.021904,-0.003894,0.004146,0.180102,0.42583,0.371302,-0.200213
34,0.06398,0.025562,0.331154,-0.388595,0.188558,-0.901934,-0.636796,-0.762403,0.114914,-0.665493,0.618765,0.417464,-0.028944,-0.006751,0.01006,0.131281,0.285698,0.322535,-0.000254,-0.10319,0.039036,0.321106,0.484634,0.099943,0.868983,-0.554116,0.803689,0.216731,-0.677314,-0.586675,0.443758,0.011091,0.005522,0.037065,-0.050261,0.005645,-0.145661,-1.404075,0.038782,0.035735,-0.02238,-0.343353,-0.17481,0.922794,0.628645,-0.772752,0.087519,0.697792,0.61016,0.37522,0.01199,0.003928,0.018629,-0.060825,0.027165,-0.091113,-0.810372,0.069927,0.03508,-0.075558,-0.2971,0.291624,-0.909222,-0.781805,-0.620975,0.056293,-0.548188,0.72756,0.412485,-0.014467,-0.003354,0.005073,0.196796,0.339294,0.592414,-0.18666
35,0.062888,0.025343,0.331843,-0.38824,0.205773,-0.898317,-0.639254,-0.762234,0.101616,-0.663342,0.613445,0.428591,-0.027418,-0.010171,0.025015,0.048153,0.106286,0.41117,-0.017579,-0.102565,0.039288,0.322234,0.486085,0.11377,0.86647,-0.561211,0.800587,0.209849,-0.670394,-0.588416,0.451887,0.024002,0.010136,0.022051,0.086054,-0.271246,-0.077004,-1.404046,0.039096,0.035874,-0.021793,-0.344103,-0.188089,0.919899,0.634567,-0.768695,0.080197,0.692038,0.611334,0.383866,0.012079,0.004649,0.010659,0.093031,-0.285727,-0.089073,-0.811189,0.069379,0.034968,-0.075221,-0.293751,0.30949,-0.904392,-0.783394,-0.620086,0.042252,-0.547725,0.720908,0.424604,-0.012547,0.001408,0.009367,0.094813,0.192291,0.293581,-0.210011
36,0.062337,0.025314,0.332292,-0.386747,0.222004,-0.89509,-0.644888,-0.758899,0.090356,-0.65875,0.611898,0.437786,-0.026506,-0.007928,0.027027,0.260089,0.651602,0.565008,-0.011272,-0.102374,0.039479,0.322541,0.488474,0.121465,0.864078,-0.565908,0.797784,0.207902,-0.664682,-0.590693,0.457322,0.009965,0.015092,0.01088,0.221588,-0.442766,-0.258412,-1.404274,0.039187,0.035965,-0.021643,-0.346047,-0.194148,0.917909,0.638882,-0.765237,0.078998,0.687081,0.613773,0.388846,0.004994,0.007423,0.005324,0.242791,-0.481117,-0.254529,-0.813965,0.069104,0.034956,-0.074996,-0.288992,0.322732,-0.901291,-0.787849,-0.615014,0.032395,-0.543853,0.719444,0.431999,-0.018952,0.00359,0.010842,0.073234,0.056609,0.399399,-0.212787
37,0.061356,0.025166,0.333223,-0.381378,0.251737,-0.889508,-0.661477,-0.746453,0.072299,-0.645309,0.615646,0.452309,-0.026204,-0.007162,0.02769,0.124327,0.373971,0.536752,0.006804,-0.102253,0.039873,0.322842,0.491242,0.128958,0.861419,-0.570097,0.795241,0.206192,-0.659036,-0.592542,0.463065,-0.001729,0.00748,0.006222,-0.013457,-0.257657,0.143294,-1.40424,0.039253,0.036161,-0.021494,-0.348869,-0.203752,0.914754,0.642456,-0.762628,0.075152,0.682304,0.613908,0.396959,-0.000763,0.003267,0.002712,-0.172836,-0.68325,0.634468,-0.814944,0.068616,0.034887,-0.074525,-0.278224,0.351841,-0.893755,-0.800569,-0.59909,0.013374,-0.530734,0.719234,0.448354,-0.006473,-0.005197,0.012886,0.129253,0.653827,0.54817,-0.201683
38,0.060855,0.024931,0.334243,-0.382321,0.274751,-0.882263,-0.665717,-0.744026,0.056721,-0.640375,0.608678,0.468464,-0.011654,-0.007331,0.028475,0.141105,0.30719,0.61197,0.011834,-0.102298,0.04012,0.32297,0.494188,0.133652,0.859015,-0.573735,0.792433,0.206908,-0.653653,-0.595263,0.467185,-0.002988,0.015435,-0.004123,0.039239,-0.011777,0.016086,-1.404437,0.039232,0.036277,-0.02143,-0.352024,-0.208346,0.912507,0.64597,-0.759593,0.075767,0.677349,0.616124,0.40198,-0.000409,0.001756,0.001456,-0.005748,0.019171,0.010912,-0.813148,0.068356,0.034766,-0.074005,-0.274774,0.37471,-0.885489,-0.803477,-0.595328,-0.002599,-0.528131,0.710756,0.464652,-0.00576,-0.003471,0.014423,0.163166,0.345766,0.650607,-0.191232
39,0.060734,0.024873,0.334719,-0.386587,0.284934,-0.877159,-0.672043,-0.738351,0.056283,-0.631141,0.610889,0.478019,0.001676,-0.010431,0.026638,0.03233,0.078549,0.478254,0.020488,-0.102312,0.040178,0.323031,0.494144,0.139075,0.85818,-0.57834,0.789527,0.205195,-0.649613,-0.597886,0.469467,-0.000702,0.003037,0.00252,-0.420352,-0.11432,-0.242791,-1.40415,0.039224,0.036309,-0.021403,-0.352064,-0.212907,0.911439,0.648734,-0.757441,0.073654,0.67468,0.617213,0.404788,-0.000229,0.00106,0.000921,-4.74693,-1.113586,-2.584106,-0.816251,0.068295,0.034743,-0.073776,-0.277491,0.386009,-0.879769,-0.808376,-0.588656,-0.003307,-0.519158,0.710268,0.475387,-0.004767,0.00253,0.010784,0.058004,0.088531,0.462221,-0.18617
40,0.06049,0.024724,0.33564,-0.396653,0.295906,-0.868995,-0.676456,-0.734119,0.058728,-0.620081,0.61076,0.492442,-0.010305,0.003117,0.019781,-1.001195,1.538843,-1.571978,0.063051,-0.102299,0.040199,0.323109,0.49525,0.141458,0.857152,-0.578144,0.790032,0.203797,-0.648945,-0.596661,0.471943,-0.000237,0.001025,0.00085,0.002074,-0.003906,-0.002958,-1.404156,0.039231,0.03632,-0.021364,-0.35286,-0.216037,0.910393,0.649686,-0.756762,0.072233,0.673346,0.616959,0.407387,0.000922,-0.00525,0.004111,-0.042233,0.020678,-0.008754,-0.81968,0.068179,0.034667,-0.073309,-0.282939,0.398514,-0.872428,-0.811993,-0.583657,-0.003268,-0.510502,0.707481,0.48873,0.000344,-0.006364,0.012289,-0.048146,-0.165838,0.358622,-0.151879
41,0.060441,0.024349,0.336605,-0.400597,0.302867,-0.864777,-0.681672,-0.729146,0.06035,-0.611779,0.61329,0.499628,0.001478,-0.010893,0.026177,-0.081808,-0.106457,0.301153,0.079777,-0.102303,0.040261,0.323159,0.495847,0.143873,0.856404,-0.582024,0.786885,0.204924,-0.645006,-0.600235,0.472809,-0.000166,0.000717,0.000594,0.0,-1e-06,-1e-06,-1.404282,0.039229,0.03635,-0.02134,-0.353385,-0.218248,0.909662,0.653504,-0.753382,0.073119,0.669366,0.620308,0.408859,-8.4e-05,0.000358,0.000296,-0.000349,0.001178,0.000703,-0.817557,0.068149,0.034486,-0.072841,-0.288305,0.405683,-0.867352,-0.816019,-0.578024,0.000885,-0.500991,0.708031,0.497692,0.00068,-0.005551,0.012998,-0.39592,0.479765,-0.468653,-0.114322
42,0.060456,0.024111,0.337597,-0.409538,0.305481,-0.859654,-0.684659,-0.725642,0.068249,-0.60245,0.616138,0.507401,0.002355,-0.008775,0.028015,-0.094049,0.058074,-0.031513,0.140989,-0.102289,0.040243,0.323143,0.496086,0.14642,0.855834,-0.586073,0.78365,0.205782,-0.641141,-0.603847,0.473467,0.000478,-0.00207,-0.001716,-0.002503,0.016466,-0.023516,-1.404313,0.039235,0.036344,-0.021345,-0.353565,-0.220762,0.908985,0.657429,-0.749913,0.073589,0.665415,0.623612,0.410278,0.000121,-0.000522,-0.000432,8.9e-05,0.000226,0.000174,-0.816251,0.068157,0.034358,-0.072326,-0.296421,0.409751,-0.862692,-0.81883,-0.573968,0.008734,-0.49158,0.708987,0.505653,0.001183,-0.004338,0.014053,-0.095909,0.038832,-0.034367,-0.062723
43,0.060317,0.023992,0.338123,-0.411846,0.308105,-0.857612,-0.685586,-0.724713,0.068813,-0.599816,0.615921,0.510773,-0.011409,-0.006761,0.028859,-0.059596,0.048484,0.00478,0.173248,-0.102274,0.040226,0.323115,0.496423,0.146294,0.85566,-0.58587,0.783734,0.206038,-0.641066,-0.603767,0.47367,0.000238,-0.001027,-0.000852,0.0,-0.0,-0.0,-1.404347,0.039243,0.036332,-0.021363,-0.353911,-0.220655,0.908877,0.657277,-0.750021,0.073851,0.665381,0.623521,0.410472,0.000154,-0.000663,-0.000549,0.000117,3.5e-05,7.9e-05,-0.812822,0.068093,0.034305,-0.072071,-0.298174,0.41289,-0.860588,-0.819558,-0.572923,0.009083,-0.489301,0.708011,0.509218,-0.005919,-0.00386,0.01401,-0.066781,0.032919,-0.031275,-0.017981
44,0.059893,0.023534,0.339111,-0.408475,0.314534,-0.856891,-0.687604,-0.723399,0.062182,-0.599814,0.614208,0.512834,-0.013786,-0.012447,0.023857,-0.051638,0.099722,-0.031156,0.207086,-0.102249,0.040251,0.323094,0.497256,0.145978,0.85523,-0.585356,0.783953,0.206666,-0.64089,-0.603559,0.474173,-0.00239,0.012839,-0.006279,0.038877,-0.022819,0.043709,-1.404053,0.039258,0.036335,-0.021375,-0.354785,-0.22039,0.9086,0.656904,-0.750281,0.074516,0.665284,0.623301,0.410964,-5e-06,2.5e-05,2e-05,9.1e-05,6e-06,4.7e-05,-0.814454,0.06788,0.03408,-0.07156,-0.293539,0.418541,-0.859452,-0.820957,-0.570984,0.00233,-0.489758,0.706258,0.51121,-0.006969,-0.006366,0.011809,-0.06704,0.067769,-0.05688,0.052887
45,0.059439,0.022893,0.340154,-0.408132,0.328458,-0.851815,-0.690127,-0.721778,0.052284,-0.597148,0.608788,0.52232,-0.013409,-0.011517,0.024678,0.163409,0.543455,0.514827,0.211752,-0.102085,0.040285,0.3231,0.496847,0.151345,0.854535,-0.593849,0.777249,0.207755,-0.633342,-0.610872,0.474949,0.012814,0.002604,0.000458,0.002042,-0.015206,0.029244,-1.404525,0.039333,0.036359,-0.021372,-0.354167,-0.225688,0.90754,0.665029,-0.743067,0.07474,0.657495,0.630012,0.41326,-1e-06,5e-06,3e-06,-8.9e-05,0.001361,0.000763,-0.815271,0.067655,0.033757,-0.071054,-0.290865,0.429503,-0.85494,-0.82256,-0.568648,-0.005827,-0.488663,0.701545,0.518692,-0.0068,-0.005948,0.012181,-0.024333,0.156549,0.037323,0.075748
46,0.059198,0.022656,0.340652,-0.409103,0.333812,-0.849264,-0.691109,-0.721038,0.049444,-0.595345,0.606744,0.526739,-0.011384,0.000534,0.017386,0.056311,0.153871,0.298113,0.223602,-0.101965,0.040286,0.323098,0.49742,0.151118,0.854241,-0.593544,0.777353,0.208236,-0.633178,-0.610797,0.475265,7.7e-05,-0.000332,-0.000275,-0.0,-0.0,-0.0,-1.404089,0.039398,0.036361,-0.021372,-0.35481,-0.225466,0.907344,0.664794,-0.743223,0.075279,0.657387,0.629907,0.413592,0.006454,0.0011,5.7e-05,0.002257,-0.015005,0.029441,-0.813801,0.067529,0.033632,-0.070797,-0.290707,0.437346,-0.851009,-0.823274,-0.567547,-0.010438,-0.487553,0.697579,0.525046,-0.005692,0.000304,0.008733,0.046975,0.128805,0.282295,0.086198
47,0.058765,0.022268,0.341541,-0.411276,0.349571,-0.841842,-0.693186,-0.719642,0.039761,-0.591421,0.599468,0.53934,-0.000348,-0.015237,0.022333,0.056306,0.246445,0.365931,0.247599,-0.101754,0.040285,0.323083,0.497742,0.150946,0.854085,-0.593369,0.777404,0.208543,-0.633089,-0.610774,0.475412,1.9e-05,-8.1e-05,-6.7e-05,0.0,-0.0,-0.0,-1.40408,0.039504,0.036359,-0.021381,-0.355163,-0.225305,0.907246,0.664663,-0.743307,0.075606,0.657328,0.629866,0.413747,2e-06,-4e-06,-7e-06,0.000184,1.9e-05,6.7e-05,-0.814781,0.067313,0.03344,-0.070351,-0.290052,0.45273,-0.843151,-0.824539,-0.565451,-0.01997,-0.485803,0.689419,0.537304,-0.000206,-0.007659,0.01114,0.058808,0.252664,0.36983,0.118693
48,0.058481,0.021911,0.342239,-0.411706,0.357827,-0.838155,-0.694989,-0.718162,0.03472,-0.589002,0.596355,0.545403,-0.000939,-0.016636,0.021122,0.046565,0.32697,0.180948,0.257339,-0.101559,0.040351,0.323124,0.496805,0.156478,0.853634,-0.602055,0.770496,0.209285,-0.625571,-0.6181,0.475895,-0.000359,0.001536,0.001275,-0.038213,-0.009369,-0.021303,-1.40418,0.039602,0.03639,-0.021362,-0.35398,-0.230731,0.906344,0.672899,-0.735873,0.075472,0.649541,0.636595,0.415744,-0.000216,0.000922,0.000759,-0.125871,-0.047834,-0.048119,-0.815761,0.067171,0.03327,-0.070015,-0.289175,0.45926,-0.839914,-0.82568,-0.563629,-0.023915,-0.484384,0.686586,0.54219,-0.006522,-0.001677,0.006992,0.185297,0.618464,0.316391,0.138125
49,0.058395,0.021715,0.342689,-0.411672,0.358168,-0.838025,-0.695795,-0.71736,0.035143,-0.588074,0.597113,0.545575,0.001526,0.003624,0.003146,2.8e-05,7.5e-05,4.6e-05,0.259974,-0.101386,0.040385,0.323141,0.497304,0.156262,0.853382,-0.601787,0.770587,0.209721,-0.625433,-0.618042,0.476153,0.01281,0.002626,0.00047,0.002045,-0.015205,0.029245,-1.404048,0.039683,0.036409,-0.021351,-0.354488,-0.230547,0.906192,0.67274,-0.735972,0.075924,0.649428,0.636547,0.415992,5e-06,-1.6e-05,-1.6e-05,0.000244,6.7e-05,0.000135,-0.814945,0.067128,0.033164,-0.069776,-0.288913,0.460947,-0.83908,-0.826396,-0.562555,-0.024493,-0.483319,0.686337,0.543455,-0.006512,-0.001656,0.007011,-0.035902,0.016851,-0.021719,0.147759
50,0.058355,0.021676,0.342839,-0.409647,0.358556,-0.838852,-0.695968,-0.717284,0.033215,-0.589283,0.596972,0.544423,-0.012081,0.006086,0.00439,-0.000977,0.014706,-0.029541,0.260252,-0.101309,0.040401,0.323143,0.497467,0.156184,0.853302,-0.601692,0.770622,0.209865,-0.625395,-0.618018,0.476234,0.01281,0.002626,0.00047,0.002045,-0.015205,0.029245,-1.404045,0.039722,0.036417,-0.021349,-0.354666,-0.230474,0.906141,0.672666,-0.736023,0.076078,0.649408,0.636514,0.416075,2e-06,-1e-05,-1.1e-05,0.000211,2.3e-05,0.000105,-0.814618,0.067114,0.033145,-0.069701,-0.286746,0.460912,-0.839842,-0.826458,-0.562375,-0.026459,-0.484502,0.686508,0.542183,-0.000206,-0.004076,0.005354,-0.036148,0.024089,-0.018272,0.149229
51,0.058355,0.021637,0.342964,-0.405068,0.359402,-0.840711,-0.69623,-0.717221,0.028781,-0.592135,0.596537,0.541799,0.000103,0.000246,0.000213,0.105519,-0.145584,0.171677,0.26012,-0.101142,0.040501,0.323227,0.49737,0.158808,0.852875,-0.605812,0.767194,0.210572,-0.621478,-0.621608,0.476688,-0.000642,0.002729,0.002263,-0.0,-0.0,-0.0,-1.404228,0.039811,0.036464,-0.021311,-0.354497,-0.233057,0.905547,0.676621,-0.732357,0.076395,0.645379,0.639795,0.417309,0.005988,0.003076,0.00169,0.002211,-0.014803,0.02953,-0.815598,0.067109,0.033129,-0.069636,-0.282227,0.460866,-0.841397,-0.826475,-0.562135,-0.030682,-0.48712,0.686735,0.539544,0.0,1.1e-05,1.2e-05,0.39072,-0.535835,0.630719,0.150535
52,0.058357,0.021586,0.342934,-0.399712,0.357802,-0.843951,-0.69637,-0.717203,0.025686,-0.595603,0.597521,0.53689,-0.000298,-0.000708,-0.000614,-0.000197,-0.000521,-0.00032,0.253543,-0.10095,0.040605,0.323412,0.49728,0.161459,0.852429,-0.61004,0.763613,0.211376,-0.617396,-0.625327,0.477128,0.014268,-0.006166,0.010098,-0.034313,-0.008968,0.008988,-1.404174,0.039901,0.036521,-0.02122,-0.354302,-0.235667,0.904948,0.68068,-0.728546,0.076769,0.641205,0.64318,0.41854,-0.00044,0.001857,0.001533,0.002783,-0.016363,0.023688,-0.817067,0.067109,0.033101,-0.069653,-0.276946,0.458232,-0.844584,-0.826454,-0.561982,-0.033905,-0.490178,0.68862,0.534346,-0.000242,-0.000573,-0.000496,0.000445,0.011682,0.001327,0.148575
53,0.058365,0.021566,0.342945,-0.399859,0.357771,-0.843894,-0.69635,-0.717219,0.025819,-0.595529,0.597521,0.536973,-0.001414,-0.010559,0.00862,-0.033416,0.02132,-0.014168,0.244439,-0.100865,0.040615,0.323498,0.497399,0.161427,0.852366,-0.610093,0.763522,0.211554,-0.617248,-0.625447,0.477162,0.001411,-0.008556,0.009826,-0.033841,-0.010225,0.003261,-1.40394,0.039948,0.036528,-0.021176,-0.354434,-0.235634,0.904904,0.680748,-0.728464,0.076946,0.64106,0.643284,0.418601,-0.000216,0.000902,0.000743,0.00024,3.5e-05,0.000102,-0.8187,0.067112,0.033092,-0.069654,-0.277119,0.458301,-0.84449,-0.826434,-0.562016,-0.03381,-0.490113,0.688547,0.534501,0.00012,0.00029,0.000251,0.000167,0.0017,0.000239,0.143677
54,0.058372,0.021576,0.343099,-0.401144,0.36005,-0.842313,-0.696252,-0.717346,0.024889,-0.594777,0.595996,0.539495,0.001759,0.004178,0.00362,0.081038,0.19789,0.155245,0.219957,-0.100671,0.040627,0.323621,0.49536,0.161645,0.853511,-0.610642,0.763529,0.209935,-0.618343,-0.625381,0.475829,0.012587,0.003525,0.001209,0.002045,-0.015205,0.029245,-1.404055,0.04004,0.036532,-0.021109,-0.352194,-0.235776,0.905741,0.681071,-0.728341,0.075235,0.641951,0.643372,0.417098,-0.000109,0.000453,0.000372,-0.000807,-0.002385,0.002593,-0.819517,0.067113,0.033087,-0.069579,-0.27805,0.4601,-0.843205,-0.826336,-0.562134,-0.034244,-0.48975,0.68725,0.536499,-5e-06,-0.003613,0.005754,0.093894,0.465131,0.025984,0.114774
55,0.058317,0.021645,0.343496,-0.405174,0.361882,-0.839595,-0.696221,-0.717309,0.026746,-0.592074,0.594928,0.543632,0.003305,0.00785,0.006783,0.081379,0.197958,0.155075,0.213748,-0.100389,0.040601,0.323703,0.496043,0.164101,0.852645,-0.610707,0.763897,0.208405,-0.61773,-0.624296,0.478045,0.012837,0.002479,0.000341,0.007695,-0.025499,0.021445,-1.404091,0.040181,0.036519,-0.021068,-0.3529,-0.238505,0.904752,0.68092,-0.728658,0.073509,0.641723,0.642006,0.419546,0.007495,-0.004595,0.003792,-0.038315,0.002657,0.018824,-0.820333,0.067085,0.033121,-0.06938,-0.281752,0.462863,-0.84046,-0.826392,-0.562153,-0.032557,-0.487537,0.685376,0.540894,0.001729,0.004116,0.003555,0.104612,0.257979,0.194295,0.098445
