frame,MLTx,MLTy,MLTz,MLTR1,MLTR2,MLTR3,MLTR4,MLTR5,MLTR6,MLTR7,MLTR8,MLTR9,MLTTVx,MLTTVy,MLTTVz,MLTRVx,MLTRVy,MLTRVz,MLGA,MRTx,MRTy,MRTz,MRTR1,MRTR2,MRTR3,MRTR4,MRTR5,MRTR6,MRTR7,MRTR8,MRTR9,MRTTVx,MRTTVy,MRTTVz,MRTRVx,MRTRVy,MRTRVz,MRGA,SLTx,SLTy,SLTz,SLTR1,SLTR2,SLTR3,SLTR4,SLTR5,SLTR6,SLTR7,SLTR8,SLTR9,SLTTVx,SLTTVy,SLTTVz,SLTRVx,SLTRVy,SLTRVz,SLGA,SRTx,SRTy,SRTz,SRTR1,SRTR2,SRTR3,SRTR4,SRTR5,SRTR6,SRTR7,SRTR8,SRTR9,SRTTVx,SRTTVy,SRTTVz,SRTRVx,SRTRVy,SRTRVz,SRGA
1,0.237734,-0.059915,0.347001,-0.569376,0.724531,-0.388474,-0.7902,-0.612631,0.015441,-0.226102,0.314859,0.921829,2e-06,-1.1e-05,-1.3e-05,0.0,0.0,0.0,0.519193,-0.236769,-0.043335,0.311085,-0.855987,-0.414454,0.309039,0.51223,-0.760042,0.399865,0.070229,0.501101,0.862456,-0.000267,-0.001181,-0.001452,-0.001684,0.013952,-0.025158,0.534486,0.003913,0.035993,-0.004743,0.85679,0.372947,0.356117,-0.48029,0.828529,0.287854,-0.187699,-0.417671,0.888999,-0.008523,-0.002906,-0.003492,-0.003793,0.029134,-0.054503,0.520446,0.120389,0.02416,-0.033209,0.640646,-0.691675,-0.333401,0.727941,0.685257,-0.022865,0.24428,-0.228048,0.942507,-1.8e-05,0.000144,0.000159,-3e-06,1.8e-05,3.5e-05,0.512713
2,0.237734,-0.059909,0.347007,-0.569359,0.72454,-0.388482,-0.790211,-0.612617,0.015433,-0.226107,0.314865,0.921826,-8.3e-05,0.000624,0.000681,0.0,0.0,0.0,0.519304,-0.236737,-0.043309,0.311035,-0.856037,-0.41442,0.308946,0.512143,-0.760148,0.399774,0.070243,0.500968,0.862531,-5.8e-05,-0.000258,-0.000317,0.0,-0.0,-0.0,0.534602,0.003913,0.035993,-0.004743,0.85679,0.372947,0.356117,-0.48029,0.828529,0.287854,-0.187699,-0.417671,0.888999,-0.008523,-0.002906,-0.003492,-0.003793,0.029134,-0.054503,0.520446,0.120389,0.02416,-0.033209,0.640646,-0.691675,-0.333401,0.727941,0.685257,-0.022865,0.24428,-0.228048,0.942507,-1.8e-05,0.000144,0.000159,-3e-06,1.8e-05,3.5e-05,0.512713
3,0.23777,-0.059918,0.347009,-0.56503,0.72791,-0.388501,-0.793848,-0.607897,0.015444,-0.22423,0.316228,0.921818,3.1e-05,-0.000233,-0.000254,-0.0,0.0,0.0,0.519677,-0.236701,-0.043306,0.311038,-0.856012,-0.414441,0.308988,0.512183,-0.760127,0.399762,0.070265,0.500982,0.862522,0.015446,-0.00129,-0.001737,-0.00958,0.081107,-0.144363,0.534666,0.003913,0.035993,-0.004743,0.85679,0.372947,0.356117,-0.48029,0.828529,0.287854,-0.187699,-0.417671,0.888999,-0.008523,-0.002906,-0.003492,-0.003793,0.029134,-0.054503,0.520446,0.120389,0.02416,-0.033209,0.640646,-0.691675,-0.333401,0.727941,0.685257,-0.022865,0.24428,-0.228048,0.942507,-1.8e-05,0.000144,0.000159,-3e-06,1.8e-05,3.5e-05,0.512713
4,0.237782,-0.059915,0.346995,-0.565014,0.72792,-0.388508,-0.793852,-0.607892,0.015412,-0.224256,0.316217,0.921816,5.1e-05,-0.000383,-0.000418,-0.0,0.0,0.0,0.519532,-0.2367,-0.043309,0.311051,-0.856016,-0.414435,0.308986,0.512179,-0.760117,0.399787,0.070252,0.501002,0.862512,-0.015436,0.001335,0.001792,-0.002045,0.015205,-0.029245,0.534645,0.003913,0.035993,-0.004743,0.85679,0.372947,0.356117,-0.48029,0.828529,0.287854,-0.187699,-0.417671,0.888999,-0.008523,-0.002906,-0.003492,-0.003793,0.029134,-0.054503,0.520446,0.120389,0.02416,-0.033209,0.640646,-0.691675,-0.333401,0.727941,0.685257,-0.022865,0.24428,-0.228048,0.942507,-1.8e-05,0.000144,0.000159,-3e-06,1.8e-05,3.5e-05,0.512713
5,0.237734,-0.059904,0.346966,-0.565069,0.727897,-0.388469,-0.793802,-0.607959,0.015365,-0.224293,0.316141,0.921832,5e-05,-0.00038,-0.000414,0.0,0.0,0.0,0.519575,-0.23669,-0.043307,0.311037,-0.856024,-0.41443,0.30897,0.512164,-0.760137,0.399768,0.070256,0.500976,0.862526,-0.00011,-0.000488,-0.0006,0.0,-0.0,-0.0,0.534709,0.003913,0.035993,-0.004743,0.85679,0.372947,0.356117,-0.48029,0.828529,0.287854,-0.187699,-0.417671,0.888999,-0.008523,-0.002906,-0.003492,-0.003793,0.029134,-0.054503,0.520446,0.120389,0.02416,-0.033209,0.640646,-0.691675,-0.333401,0.727941,0.685257,-0.022865,0.24428,-0.228048,0.942507,-1.8e-05,0.000144,0.000159,-3e-06,1.8e-05,3.5e-05,0.512713
6,0.237711,-0.059907,0.346966,-0.565109,0.727877,-0.388448,-0.793777,-0.607991,0.015383,-0.224279,0.316126,0.921841,0.0,-0.0,-0.0,0.0,0.0,0.0,0.519574,-0.236677,-0.043295,0.311036,-0.856054,-0.414405,0.30892,0.512116,-0.760174,0.399758,0.070243,0.50094,0.862548,1e-06,6e-06,7e-06,0.0,-0.0,-0.0,0.534537,0.003913,0.035993,-0.004743,0.85679,0.372947,0.356117,-0.48029,0.828529,0.287854,-0.187699,-0.417671,0.888999,-0.008523,-0.002906,-0.003492,-0.003793,0.029134,-0.054503,0.520446,0.120389,0.02416,-0.033209,0.640646,-0.691675,-0.333401,0.727941,0.685257,-0.022865,0.24428,-0.228048,0.942507,-1.8e-05,0.000144,0.000159,-3e-06,1.8e-05,3.5e-05,0.512713
7,0.237699,-0.059908,0.346965,-0.565252,0.727802,-0.388382,-0.793688,-0.608105,0.015449,-0.224236,0.316078,0.921868,-0.015483,-0.001707,-0.000334,-0.000984,0.014715,-0.029553,0.519511,-0.236688,-0.043302,0.311044,-0.856035,-0.41442,0.308953,0.512147,-0.760146,0.399772,0.070248,0.500971,0.86253,0.0,0.0,0.0,0.0,-0.0,-0.0,0.534569,0.003913,0.035993,-0.004743,0.85679,0.372947,0.356117,-0.48029,0.828529,0.287854,-0.187699,-0.417671,0.888999,-0.008523,-0.002906,-0.003492,-0.003793,0.029134,-0.054503,0.520446,0.120389,0.02416,-0.033209,0.640646,-0.691675,-0.333401,0.727941,0.685257,-0.022865,0.24428,-0.228048,0.942507,-1.8e-05,0.000144,0.000159,-3e-06,1.8e-05,3.5e-05,0.512713
8,0.237635,-0.059854,0.346954,-0.565211,0.727834,-0.388381,-0.793688,-0.608109,0.015308,-0.22434,0.315997,0.92187,-2.2e-05,0.000167,0.000182,0.0,0.0,0.0,0.520013,-0.236688,-0.043286,0.311031,-0.856049,-0.414412,0.308925,0.512123,-0.760183,0.399733,0.070257,0.500921,0.862558,-0.01546,0.001227,0.00166,-0.002045,0.015205,-0.029245,0.534752,0.003913,0.035993,-0.004743,0.85679,0.372947,0.356117,-0.48029,0.828529,0.287854,-0.187699,-0.417671,0.888999,-0.008523,-0.002906,-0.003492,-0.003793,0.029134,-0.054503,0.520446,0.120389,0.02416,-0.033209,0.640646,-0.691675,-0.333401,0.727941,0.685257,-0.022865,0.24428,-0.228048,0.942507,-1.8e-05,0.000144,0.000159,-3e-06,1.8e-05,3.5e-05,0.512713
9,0.237598,-0.059833,0.346904,-0.565236,0.72783,-0.388353,-0.793646,-0.608167,0.015198,-0.224425,0.315897,0.921884,2.9e-05,-0.000218,-0.000238,0.0,0.0,0.0,0.520297,-0.236701,-0.043282,0.311019,-0.856033,-0.414429,0.308946,0.512145,-0.760183,0.399703,0.070279,0.500907,0.862564,-1e-06,-3e-06,-4e-06,0.0,-0.0,-0.0,0.534484,0.003913,0.035993,-0.004743,0.85679,0.372947,0.356117,-0.48029,0.828529,0.287854,-0.187699,-0.417671,0.888999,-0.008523,-0.002906,-0.003492,-0.003793,0.029134,-0.054503,0.520446,0.120389,0.02416,-0.033209,0.640646,-0.691675,-0.333401,0.727941,0.685257,-0.022865,0.24428,-0.228048,0.942507,-1.8e-05,0.000144,0.000159,-3e-06,1.8e-05,3.5e-05,0.512713
10,0.237598,-0.059831,0.34689,-0.56524,0.727829,-0.388349,-0.793638,-0.608178,0.015175,-0.224444,0.315877,0.921886,6e-06,-4.9e-05,-5.4e-05,0.0,0.0,0.0,0.520064,-0.23669,-0.043291,0.311024,-0.856038,-0.414422,0.308941,0.512139,-0.760174,0.399728,0.070265,0.500926,0.862554,-0.0,-0.0,-0.0,0.0,-0.0,-0.0,0.534794,0.003913,0.035993,-0.004743,0.85679,0.372947,0.356117,-0.48029,0.828529,0.287854,-0.187699,-0.417671,0.888999,-0.008523,-0.002906,-0.003492,-0.003793,0.029134,-0.054503,0.520446,0.120389,0.02416,-0.033209,0.640646,-0.691675,-0.333401,0.727941,0.685257,-0.022865,0.24428,-0.228048,0.942507,-1.8e-05,0.000144,0.000159,-3e-06,1.8e-05,3.5e-05,0.512713
11,0.23761,-0.059842,0.346939,-0.565223,0.727832,-0.388368,-0.79367,-0.608134,0.015265,-0.224373,0.315956,0.921877,-8.3e-05,0.000624,0.000681,0.0,0.0,0.0,0.520052,-0.23669,-0.043283,0.311017,-0.856045,-0.414418,0.308927,0.512126,-0.760193,0.399709,0.07027,0.500901,0.862568,-0.0,-0.0,-0.0,0.0,-0.0,0.0,0.534532,0.003913,0.035993,-0.004743,0.85679,0.372947,0.356117,-0.48029,0.828529,0.287854,-0.187699,-0.417671,0.888999,-0.008523,-0.002906,-0.003492,-0.003793,0.029134,-0.054503,0.520446,0.120389,0.02416,-0.033209,0.640646,-0.691675,-0.333401,0.727941,0.685257,-0.022865,0.24428,-0.228048,0.942507,-1.8e-05,0.000144,0.000159,-3e-06,1.8e-05,3.5e-05,0.512713
12,0.237611,-0.059848,0.346932,-0.565241,0.727823,-0.38836,-0.793659,-0.608148,0.015273,-0.224367,0.31595,0.92188,-0.000788,0.009086,-0.010501,0.035398,-0.005329,0.022132,0.520391,-0.236713,-0.043281,0.31102,-0.856021,-0.414439,0.308964,0.512164,-0.760173,0.399698,0.070288,0.500913,0.86256,-0.0,-0.0,-0.0,0.0,0.0,0.0,0.534883,0.003913,0.035993,-0.004743,0.85679,0.372947,0.356117,-0.48029,0.828529,0.287854,-0.187699,-0.417671,0.888999,-0.008523,-0.002906,-0.003492,-0.003793,0.029134,-0.054503,0.520446,0.120389,0.02416,-0.033209,0.640646,-0.691675,-0.333401,0.727941,0.685257,-0.022865,0.24428,-0.228048,0.942507,-1.8e-05,0.000144,0.000159,-3e-06,1.8e-05,3.5e-05,0.512713
13,0.237613,-0.059868,0.34694,-0.565286,0.727796,-0.388344,-0.793641,-0.60817,0.015343,-0.224316,0.31597,0.921886,0.0,-1e-06,-2e-06,0.0,0.0,0.0,0.520175,-0.23671,-0.04327,0.311033,-0.856042,-0.414421,0.308931,0.512132,-0.76019,0.399708,0.070272,0.500902,0.862568,-5.2e-05,0.010928,-0.008479,0.036081,-0.014227,0.016346,0.534461,0.003913,0.035993,-0.004743,0.85679,0.372947,0.356117,-0.48029,0.828529,0.287854,-0.187699,-0.417671,0.888999,-0.008523,-0.002906,-0.003492,-0.003793,0.029134,-0.054503,0.520446,0.120389,0.02416,-0.033209,0.640646,-0.691675,-0.333401,0.727941,0.685257,-0.022865,0.24428,-0.228048,0.942507,-1.8e-05,0.000144,0.000159,-3e-06,1.8e-05,3.5e-05,0.512713
14,0.237625,-0.059875,0.346948,-0.56528,0.727797,-0.38835,-0.79365,-0.608157,0.015365,-0.224299,0.315991,0.921882,0.0,-0.0,-0.0,0.0,0.0,0.0,0.520436,-0.236686,-0.043275,0.311044,-0.856069,-0.414394,0.308891,0.51209,-0.7602,0.399743,0.070241,0.50091,0.862566,1.6e-05,7.1e-05,8.8e-05,0.0,0.0,0.0,0.534698,0.003913,0.035993,-0.004743,0.85679,0.372947,0.356117,-0.48029,0.828529,0.287854,-0.187699,-0.417671,0.888999,-0.008523,-0.002906,-0.003492,-0.003793,0.029134,-0.054503,0.520446,0.120389,0.02416,-0.033209,0.640646,-0.691675,-0.333401,0.727941,0.685257,-0.022865,0.24428,-0.228048,0.942507,-1.8e-05,0.000144,0.000159,-3e-06,1.8e-05,3.5e-05,0.512713
15,0.23765,-0.059887,0.346963,-0.565268,0.727799,-0.388364,-0.793668,-0.608133,0.015408,-0.224266,0.316033,0.921876,6e-06,-4.5e-05,-4.9e-05,0.0,0.0,0.0,0.520002,-0.236686,-0.043275,0.311044,-0.856069,-0.414394,0.308891,0.51209,-0.7602,0.399743,0.070241,0.50091,0.862566,0.0,0.0,0.0,0.0,0.0,0.0,0.534456,0.003913,0.035993,-0.004743,0.85679,0.372947,0.356117,-0.48029,0.828529,0.287854,-0.187699,-0.417671,0.888999,-0.008523,-0.002906,-0.003492,-0.003793,0.029134,-0.054503,0.520446,0.120389,0.02416,-0.033209,0.640646,-0.691675,-0.333401,0.727941,0.685257,-0.022865,0.24428,-0.228048,0.942507,-1.8e-05,0.000144,0.000159,-3e-06,1.8e-05,3.5e-05,0.512713
16,0.237662,-0.05989,0.346943,-0.56527,0.727799,-0.388362,-0.793661,-0.608142,0.015384,-0.224286,0.316015,0.921877,2.7e-05,-0.000203,-0.000221,0.0,0.0,0.0,0.520027,-0.236686,-0.043275,0.311044,-0.856069,-0.414394,0.308891,0.51209,-0.7602,0.399743,0.070241,0.50091,0.862566,0.0,0.0,0.0,0.0,0.0,0.0,0.534482,0.003913,0.035993,-0.004743,0.85679,0.372947,0.356117,-0.48029,0.828529,0.287854,-0.187699,-0.417671,0.888999,-0.008523,-0.002906,-0.003492,-0.003793,0.029134,-0.054503,0.520446,0.120389,0.02416,-0.033209,0.640646,-0.691675,-0.333401,0.727941,0.685257,-0.022865,0.24428,-0.228048,0.942507,-1.8e-05,0.000144,0.000159,-3e-06,1.8e-05,3.5e-05,0.512713
17,0.237652,-0.059897,0.346936,-0.565307,0.72778,-0.388343,-0.793638,-0.608172,0.015402,-0.224274,0.316002,0.921885,1e-05,-7.8e-05,-8.5e-05,0.0,0.0,0.0,0.520022,-0.236674,-0.043267,0.311036,-0.856089,-0.414379,0.308859,0.512059,-0.760228,0.399729,0.070236,0.500879,0.862584,0.0,0.0,0.0,0.0,0.0,0.0,0.534534,0.003913,0.035993,-0.004743,0.85679,0.372947,0.356117,-0.48029,0.828529,0.287854,-0.187699,-0.417671,0.888999,-0.008523,-0.002906,-0.003492,-0.003793,0.029134,-0.054503,0.520446,0.120389,0.02416,-0.033209,0.640646,-0.691675,-0.333401,0.727941,0.685257,-0.022865,0.24428,-0.228048,0.942507,-1.8e-05,0.000144,0.000159,-3e-06,1.8e-05,3.5e-05,0.512713
18,0.237639,-0.059892,0.346942,-0.56531,0.727779,-0.388341,-0.793637,-0.608174,0.015403,-0.224272,0.316,0.921886,-1e-06,5e-06,6e-06,0.0,0.0,0.0,0.519915,-0.236686,-0.043266,0.311038,-0.858515,-0.409314,0.308877,0.507567,-0.763237,0.399723,0.07321,0.500461,0.86258,0.000138,0.000612,0.000752,0.513789,0.648767,1.455276,0.534522,0.003913,0.035993,-0.004743,0.85679,0.372947,0.356117,-0.48029,0.828529,0.287854,-0.187699,-0.417671,0.888999,-0.008523,-0.002906,-0.003492,-0.003793,0.029134,-0.054503,0.520446,0.120389,0.02416,-0.033209,0.640646,-0.691675,-0.333401,0.727941,0.685257,-0.022865,0.24428,-0.228048,0.942507,-1.8e-05,0.000144,0.000159,-3e-06,1.8e-05,3.5e-05,0.512713
19,0.237641,-0.059906,0.346943,-0.56522,0.727825,-0.388385,-0.793699,-0.608093,0.015385,-0.22428,0.316048,0.921868,0.000889,-0.009847,0.009671,-0.035397,0.005324,-0.022133,0.519633,-0.236686,-0.043266,0.311038,-0.858515,-0.409314,0.308877,0.507567,-0.763237,0.399723,0.07321,0.500461,0.86258,0.0,0.0,0.0,0.0,0.0,0.0,0.534491,0.003913,0.035993,-0.004743,0.85679,0.372947,0.356117,-0.48029,0.828529,0.287854,-0.187699,-0.417671,0.888999,-0.008523,-0.002906,-0.003492,-0.003793,0.029134,-0.054503,0.520446,0.120389,0.02416,-0.033209,0.640646,-0.691675,-0.333401,0.727941,0.685257,-0.022865,0.24428,-0.228048,0.942507,-1.8e-05,0.000144,0.000159,-3e-06,1.8e-05,3.5e-05,0.512713
20,0.237617,-0.059908,0.346943,-0.565382,0.727741,-0.388308,-0.793597,-0.608224,0.01546,-0.22423,0.315993,0.921899,0.0,-0.0,-0.0,0.0,0.0,0.0,0.519684,-0.236676,-0.043273,0.311029,-0.858517,-0.409312,0.308875,0.507565,-0.763239,0.399724,0.073209,0.50046,0.86258,-1e-06,-5e-06,-6e-06,0.0,0.0,0.0,0.534561,0.003913,0.035993,-0.004743,0.85679,0.372947,0.356117,-0.48029,0.828529,0.287854,-0.187699,-0.417671,0.888999,-0.008523,-0.002906,-0.003492,-0.003793,0.029134,-0.054503,0.520446,0.120389,0.02416,-0.033209,0.640646,-0.691675,-0.333401,0.727941,0.685257,-0.022865,0.24428,-0.228048,0.942507,-1.8e-05,0.000144,0.000159,-3e-06,1.8e-05,3.5e-05,0.512713
21,0.237616,-0.059895,0.346942,-0.565228,0.727824,-0.388376,-0.793689,-0.608107,0.015365,-0.224294,0.316026,0.921872,-1.4e-05,0.000103,0.000113,0.0,0.0,0.0,0.52019,-0.236677,-0.04327,0.311016,-0.858514,-0.409317,0.308878,0.507568,-0.763249,0.3997,0.073222,0.50044,0.86259,-8e-05,-0.000353,-0.000433,0.0,0.0,0.0,0.534424,0.003913,0.035993,-0.004743,0.85679,0.372947,0.356117,-0.48029,0.828529,0.287854,-0.187699,-0.417671,0.888999,-0.008523,-0.002906,-0.003492,-0.003793,0.029134,-0.054503,0.520446,0.120389,0.02416,-0.033209,0.640646,-0.691675,-0.333401,0.727941,0.685257,-0.022865,0.24428,-0.228048,0.942507,-1.8e-05,0.000144,0.000159,-3e-06,1.8e-05,3.5e-05,0.512713
22,0.237629,-0.059907,0.346943,-0.56524,0.727816,-0.388374,-0.793686,-0.608109,0.015395,-0.224273,0.316041,0.921872,0.0,-0.0,-0.0,0.0,0.0,0.0,0.519783,-0.236676,-0.043273,0.311029,-0.858517,-0.409312,0.308875,0.507565,-0.763239,0.399724,0.073209,0.50046,0.86258,5.8e-05,0.000255,0.000313,0.0,0.0,0.0,0.53462,0.003913,0.035993,-0.004743,0.85679,0.372947,0.356117,-0.48029,0.828529,0.287854,-0.187699,-0.417671,0.888999,-0.008523,-0.002906,-0.003492,-0.003793,0.029134,-0.054503,0.520446,0.120389,0.02416,-0.033209,0.640646,-0.691675,-0.333401,0.727941,0.685257,-0.022865,0.24428,-0.228048,0.942507,-1.8e-05,0.000144,0.000159,-3e-06,1.8e-05,3.5e-05,0.512713
23,0.237651,-0.059891,0.346943,-0.56529,0.727789,-0.388351,-0.793649,-0.608158,0.015394,-0.224279,0.316008,0.921882,-1e-06,1.1e-05,1.2e-05,0.0,0.0,0.0,0.519792,-0.236674,-0.043267,0.311036,-0.858527,-0.409303,0.308859,0.507548,-0.763247,0.399729,0.073201,0.500455,0.862584,2.6e-05,0.000113,0.000139,0.0,0.0,0.0,0.534667,0.003913,0.035993,-0.004743,0.85679,0.372947,0.356117,-0.48029,0.828529,0.287854,-0.187699,-0.417671,0.888999,-0.008523,-0.002906,-0.003492,-0.003793,0.029134,-0.054503,0.520446,0.120389,0.02416,-0.033209,0.640646,-0.691675,-0.333401,0.727941,0.685257,-0.022865,0.24428,-0.228048,0.942507,-1.8e-05,0.000144,0.000159,-3e-06,1.8e-05,3.5e-05,0.512713
24,0.23764,-0.059898,0.346936,-0.565327,0.727769,-0.388333,-0.793626,-0.608188,0.015411,-0.224267,0.315994,0.921889,8e-06,-6.3e-05,-6.9e-05,0.0,0.0,0.0,0.519691,-0.236676,-0.043273,0.311029,-0.858517,-0.409312,0.308875,0.507565,-0.763239,0.399724,0.073209,0.50046,0.86258,-2.5e-05,-0.000111,-0.000137,0.0,0.0,0.0,0.534476,0.003913,0.035993,-0.004743,0.85679,0.372947,0.356117,-0.48029,0.828529,0.287854,-0.187699,-0.417671,0.888999,-0.008523,-0.002906,-0.003492,-0.003793,0.029134,-0.054503,0.520446,0.120389,0.02416,-0.033209,0.640646,-0.691675,-0.333401,0.727941,0.685257,-0.022865,0.24428,-0.228048,0.942507,-1.8e-05,0.000144,0.000159,-3e-06,1.8e-05,3.5e-05,0.512713
25,0.237606,-0.05991,0.346942,-0.565402,0.727731,-0.388297,-0.793585,-0.608239,0.01547,-0.224223,0.315985,0.921903,0.0,-0.0,-0.0,0.0,0.0,0.0,0.519897,-0.236663,-0.043277,0.311041,-0.858532,-0.409296,0.308854,0.507542,-0.763238,0.399754,0.073187,0.500474,0.862574,3e-05,0.000133,0.000163,0.0,0.0,0.0,0.534783,0.003913,0.035993,-0.004743,0.85679,0.372947,0.356117,-0.48029,0.828529,0.287854,-0.187699,-0.417671,0.888999,-0.008523,-0.002906,-0.003492,-0.003793,0.029134,-0.054503,0.520446,0.120389,0.02416,-0.033209,0.640646,-0.691675,-0.333401,0.727941,0.685257,-0.022865,0.24428,-0.228048,0.942507,-1.8e-05,0.000144,0.000159,-3e-06,1.8e-05,3.5e-05,0.512713
26,0.23756,-0.059922,0.346949,-0.569795,0.724321,-0.388251,-0.789916,-0.612995,0.015538,-0.226039,0.314635,0.921921,0.00102,-0.010848,0.008579,-0.035398,0.005329,-0.022131,0.52011,-0.236663,-0.043285,0.311048,-0.860934,-0.404209,0.308868,0.503026,-0.766212,0.399773,0.076145,0.500057,0.86256,0.0,0.0,0.0,0.0,0.0,0.0,0.53457,0.003913,0.035993,-0.004743,0.85679,0.372947,0.356117,-0.48029,0.828529,0.287854,-0.187699,-0.417671,0.888999,-0.008523,-0.002906,-0.003492,-0.003793,0.029134,-0.054503,0.520446,0.120389,0.02416,-0.033209,0.640646,-0.691675,-0.333401,0.727941,0.685257,-0.022865,0.24428,-0.228048,0.942507,-1.8e-05,0.000144,0.000159,-3e-06,1.8e-05,3.5e-05,0.512713
27,0.237513,-0.05993,0.346975,-0.569868,0.724281,-0.388218,-0.789882,-0.613037,0.01562,-0.225976,0.314643,0.921934,-2.6e-05,0.0002,0.000219,0.0,0.0,0.0,0.519708,-0.236661,-0.043287,0.311061,-0.860937,-0.404204,0.308866,0.503023,-0.766201,0.399797,0.076132,0.500077,0.862549,0.00011,0.000488,0.0006,0.0,0.0,0.0,0.534475,0.003913,0.035993,-0.004743,0.85679,0.372947,0.356117,-0.48029,0.828529,0.287854,-0.187699,-0.417671,0.888999,-0.008523,-0.002906,-0.003492,-0.003793,0.029134,-0.054503,0.520446,0.120389,0.02416,-0.033209,0.640646,-0.691675,-0.333401,0.727941,0.685257,-0.022865,0.24428,-0.228048,0.942507,-1.8e-05,0.000144,0.000159,-3e-06,1.8e-05,3.5e-05,0.512713
28,0.237502,-0.059942,0.34701,-0.569895,0.724263,-0.388212,-0.789882,-0.613035,0.015706,-0.225909,0.314688,0.921935,-0.000147,0.001113,0.001214,0.0,0.0,0.0,0.518493,-0.236651,-0.04331,0.311066,-0.860925,-0.40421,0.308892,0.503045,-0.766166,0.399837,0.076123,0.500126,0.862521,-0.000128,-0.000567,-0.000697,0.0,0.0,0.0,0.53443,0.003913,0.035993,-0.004743,0.85679,0.372947,0.356117,-0.48029,0.828529,0.287854,-0.187699,-0.417671,0.888999,-0.008523,-0.002906,-0.003492,-0.003793,0.029134,-0.054503,0.520446,0.120389,0.02416,-0.033209,0.640646,-0.691675,-0.333401,0.727941,0.685257,-0.022865,0.24428,-0.228048,0.942507,-1.8e-05,0.000144,0.000159,-3e-06,1.8e-05,3.5e-05,0.512713
29,0.237479,-0.059962,0.347112,-0.570045,0.724173,-0.38816,-0.78983,-0.613095,0.015971,-0.22571,0.31478,0.921952,-0.000185,0.001403,0.00153,0.0,0.0,0.0,0.512371,-0.236646,-0.043304,0.311106,-0.860952,-0.404182,0.308854,0.503005,-0.766162,0.399895,0.076081,0.500155,0.862508,0.000221,0.000978,0.001202,0.0,0.0,0.0,0.534688,0.003913,0.035993,-0.004743,0.85679,0.372947,0.356117,-0.48029,0.828529,0.287854,-0.187699,-0.417671,0.888999,-0.008523,-0.002906,-0.003492,-0.003793,0.029134,-0.054503,0.520446,0.120389,0.02416,-0.033209,0.640646,-0.691675,-0.333401,0.727941,0.685257,-0.022865,0.24428,-0.228048,0.942507,-1.8e-05,0.000144,0.000159,-3e-06,1.8e-05,3.5e-05,0.512713
30,0.237438,-0.05993,0.347212,-0.575482,0.720486,-0.386997,-0.786131,-0.617752,0.018784,-0.224825,0.31414,0.922387,-9.2e-05,0.000698,0.000761,-0.0,0.0,-0.0,0.500718,-0.236694,-0.043295,0.311199,-0.863318,-0.399079,0.308885,0.498487,-0.769052,0.400004,0.078997,0.499809,0.862447,0.000216,0.000954,0.001171,-1.705816,-2.209019,-4.762858,0.534553,0.003913,0.035993,-0.004743,0.85679,0.372947,0.356117,-0.48029,0.828529,0.287854,-0.187699,-0.417671,0.888999,-0.008523,-0.002906,-0.003492,-0.003793,0.029134,-0.054503,0.520446,0.120389,0.02416,-0.033209,0.640646,-0.691675,-0.333401,0.727941,0.685257,-0.022865,0.24428,-0.228048,0.942507,-1.8e-05,0.000144,0.000159,-3e-06,1.8e-05,3.5e-05,0.512713
31,0.23743,-0.059988,0.347304,-0.575468,0.72048,-0.387028,-0.786194,-0.617664,0.019021,-0.224639,0.314325,0.922369,0.000839,-0.00948,0.010071,-0.035398,0.005322,-0.022133,0.498034,-0.236687,-0.043292,0.311252,-0.868013,-0.388793,0.308845,0.489302,-0.774886,0.400086,0.084856,0.498888,0.862423,0.000249,0.001102,0.001353,0.001241,0.001608,0.003466,0.534383,0.003913,0.035993,-0.004743,0.85679,0.372947,0.356117,-0.48029,0.828529,0.287854,-0.187699,-0.417671,0.888999,-0.008523,-0.002906,-0.003492,-0.003793,0.029134,-0.054503,0.520446,0.120389,0.02416,-0.033209,0.640646,-0.691675,-0.333401,0.727941,0.685257,-0.022865,0.24428,-0.228048,0.942507,-1.8e-05,0.000144,0.000159,-3e-06,1.8e-05,3.5e-05,0.512713
32,0.237455,-0.060105,0.347297,-0.570101,0.724115,-0.388186,-0.789916,-0.61297,0.016534,-0.225271,0.315156,0.921931,0.000464,-0.003523,-0.003841,-0.058129,0.013753,0.109952,0.416841,-0.236536,-0.043289,0.311336,-0.86822,-0.388584,0.308526,0.488971,-0.774986,0.400297,0.084642,0.498896,0.86244,0.000294,0.001302,0.001597,0.0,0.0,0.0,0.524999,0.003913,0.035993,-0.004743,0.85679,0.372947,0.356117,-0.48029,0.828529,0.287854,-0.187699,-0.417671,0.888999,-0.008523,-0.002906,-0.003492,-0.003793,0.029134,-0.054503,0.520446,0.120389,0.02416,-0.033209,0.640646,-0.691675,-0.333401,0.727941,0.685257,-0.022865,0.24428,-0.228048,0.942507,-1.8e-05,0.000144,0.000159,-3e-06,1.8e-05,3.5e-05,0.512713
33,0.237873,-0.059954,0.346761,-0.560668,0.731277,-0.388497,-0.797387,-0.603255,0.015108,-0.222624,0.31734,0.921825,0.01627,-0.004167,-0.006089,-0.192885,0.004134,0.46147,-0.028981,-0.236565,-0.043347,0.311331,-0.865591,-0.393998,0.309046,0.494064,-0.771778,0.400242,0.081905,0.499631,0.862278,-0.016036,-0.001343,-0.001491,-0.002045,0.015205,-0.029245,0.343589,0.003913,0.035993,-0.004743,0.85679,0.372947,0.356117,-0.48029,0.828529,0.287854,-0.187699,-0.417671,0.888999,-0.008523,-0.002906,-0.003492,-0.003793,0.029134,-0.054503,0.520446,0.120389,0.02416,-0.033209,0.640646,-0.691675,-0.333401,0.727941,0.685257,-0.022865,0.24428,-0.228048,0.942507,-1.8e-05,0.000144,0.000159,-3e-06,1.8e-05,3.5e-05,0.512713
34,0.238187,-0.059987,0.346587,-0.557868,0.733408,-0.38851,-0.798006,-0.60257,0.008236,-0.227377,0.313713,0.921906,0.000429,-0.003205,-0.003508,0.020483,0.009768,-0.015301,-0.702145,-0.237191,-0.043517,0.311047,-0.861521,-0.404372,0.307013,0.502385,-0.765596,0.401754,0.073669,0.500868,0.862304,-0.017189,0.004812,-0.015866,0.032762,-0.09708,0.146876,-0.249238,0.003913,0.035993,-0.004743,0.85679,0.372947,0.356117,-0.48029,0.828529,0.287854,-0.187699,-0.417671,0.888999,-0.008523,-0.002906,-0.003492,-0.003793,0.029134,-0.054503,0.520446,0.120389,0.02416,-0.033209,0.640646,-0.691675,-0.333401,0.727941,0.685257,-0.022865,0.24428,-0.228048,0.942507,-1.8e-05,0.000144,0.000159,-3e-06,1.8e-05,3.5e-05,0.512713
35,0.238164,-0.060077,0.346462,-0.553073,0.734575,-0.393136,-0.798198,-0.602365,-0.002729,-0.238134,0.311374,0.919981,0.000793,-0.005921,-0.006487,0.061934,-0.019327,0.000153,-1.314219,-0.237399,-0.043578,0.310826,-0.862311,-0.404393,0.304758,0.501364,-0.765486,0.403236,0.071303,0.501019,0.862415,-0.00188,0.002897,-0.018379,0.034364,-0.000351,-0.008803,-0.859213,0.003913,0.035993,-0.004743,0.85679,0.372947,0.356117,-0.48029,0.828529,0.287854,-0.187699,-0.417671,0.888999,-0.008523,-0.002906,-0.003492,-0.003793,0.029134,-0.054503,0.520446,0.120389,0.02416,-0.033209,0.640646,-0.691675,-0.333401,0.727941,0.685257,-0.022865,0.24428,-0.228048,0.942507,-1.8e-05,0.000144,0.000159,-3e-06,1.8e-05,3.5e-05,0.512713
36,0.238163,-0.059955,0.345889,-0.547378,0.733923,-0.402218,-0.794526,-0.606657,-0.025822,-0.262286,0.304522,0.915696,-0.01604,0.005482,-0.012915,2.350987,-1.129478,0.975657,-1.908234,-0.237261,-0.043681,0.31045,-0.862601,-0.411789,0.293837,0.502077,-0.767061,0.399336,0.062031,0.492516,0.868011,-0.000236,0.010096,-0.009506,0.169072,-0.263699,0.096682,-1.403864,0.003913,0.035993,-0.004743,0.85679,0.372947,0.356117,-0.48029,0.828529,0.287854,-0.187699,-0.417671,0.888999,-0.008523,-0.002906,-0.003492,-0.003793,0.029134,-0.054503,0.520446,0.120389,0.02416,-0.033209,0.640646,-0.691675,-0.333401,0.727941,0.685257,-0.022865,0.24428,-0.228048,0.942507,-1.8e-05,0.000144,0.000159,-3e-06,1.8e-05,3.5e-05,0.512713
37,0.238085,-0.059608,0.345568,-0.564006,0.721154,-0.402344,-0.78001,-0.625152,-0.027226,-0.270465,0.297575,0.915601,-0.01554,-0.001378,3.5e-05,0.059052,0.018777,-0.166176,-1.913733,-0.237148,-0.043352,0.310575,-0.862523,-0.411894,0.293918,0.502182,-0.767213,0.398912,0.06227,0.492191,0.868178,0.001254,0.005506,0.006788,-0.249587,0.384742,0.035868,-1.407018,0.003913,0.035993,-0.004743,0.85679,0.372947,0.356117,-0.48029,0.828529,0.287854,-0.187699,-0.417671,0.888999,-0.008523,-0.002906,-0.003492,-0.003793,0.029134,-0.054503,0.520446,0.120389,0.02416,-0.033209,0.640646,-0.691675,-0.333401,0.727941,0.685257,-0.022865,0.24428,-0.228048,0.942507,-1.8e-05,0.000144,0.000159,-3e-06,1.8e-05,3.5e-05,0.512713
38,0.237985,-0.059667,0.345575,-0.567944,0.717982,-0.402475,-0.776525,-0.629473,-0.027282,-0.272235,0.29614,0.915541,-0.015296,-0.003215,-0.001983,-0.000984,0.014715,-0.029554,-1.914041,-0.237128,-0.043266,0.310582,-0.86309,-0.412079,0.29199,0.501477,-0.766909,0.400382,0.060022,0.492512,0.868155,0.000194,0.000851,0.001049,-0.002975,0.003757,0.002291,-1.40631,0.003913,0.035993,-0.004743,0.85679,0.372947,0.356117,-0.48029,0.828529,0.287854,-0.187699,-0.417671,0.888999,-0.008523,-0.002906,-0.003492,-0.003793,0.029134,-0.054503,0.520446,0.120389,0.02416,-0.033209,0.640646,-0.691675,-0.333401,0.727941,0.685257,-0.022865,0.24428,-0.228048,0.942507,-1.8e-05,0.000144,0.000159,-3e-06,1.8e-05,3.5e-05,0.512713
39,0.237725,-0.060237,0.345811,-0.569531,0.717032,-0.401925,-0.77589,-0.630341,-0.025214,-0.270727,0.296594,0.915842,-0.014169,-0.014966,0.005588,-0.036385,0.020065,-0.051675,-1.180034,-0.237034,-0.043447,0.310506,-0.862891,-0.410004,0.295476,0.501418,-0.766764,0.400734,0.06334,0.494464,0.866808,0.014845,-0.003995,-0.00507,0.001684,-0.01475,0.029523,-0.883716,0.003913,0.035993,-0.004743,0.85679,0.372947,0.356117,-0.48029,0.828529,0.287854,-0.187699,-0.417671,0.888999,-0.008523,-0.002906,-0.003492,-0.003793,0.029134,-0.054503,0.520446,0.120389,0.02416,-0.033209,0.640646,-0.691675,-0.333401,0.727941,0.685257,-0.022865,0.24428,-0.228048,0.942507,-1.8e-05,0.000144,0.000159,-3e-06,1.8e-05,3.5e-05,0.512713
40,0.237663,-0.060633,0.346323,-0.566661,0.721912,-0.39722,-0.78324,-0.621572,-0.012441,-0.255184,0.303167,0.918149,0.000131,-0.004127,0.015957,-0.729228,0.336457,-0.290724,-0.155827,-0.236925,-0.043432,0.310622,-0.861184,-0.41015,0.300217,0.503701,-0.766996,0.397413,0.068346,0.493983,0.866703,0.000874,0.003849,0.004746,0.001988,-0.013541,0.024849,0.050381,0.003913,0.035993,-0.004743,0.85679,0.372947,0.356117,-0.48029,0.828529,0.287854,-0.187699,-0.417671,0.888999,-0.008523,-0.002906,-0.003492,-0.003793,0.029134,-0.054503,0.520446,0.120389,0.02416,-0.033209,0.640646,-0.691675,-0.333401,0.727941,0.685257,-0.022865,0.24428,-0.228048,0.942507,-1.8e-05,0.000144,0.000159,-3e-06,1.8e-05,3.5e-05,0.512713
41,0.23778,-0.060381,0.346721,-0.561705,0.727963,-0.393196,-0.791247,-0.61147,-0.001866,-0.241094,0.309158,0.919958,-0.001064,0.008022,0.008787,0.000674,-0.011317,0.026499,0.196669,-0.236881,-0.043427,0.310792,-0.863992,-0.403091,0.301707,0.498331,-0.769457,0.399421,0.072231,0.495955,0.86526,0.000317,0.001399,0.001723,-0.02094,0.026447,0.016106,0.381994,0.003913,0.035993,-0.004743,0.85679,0.372947,0.356117,-0.48029,0.828529,0.287854,-0.187699,-0.417671,0.888999,-0.008523,-0.002906,-0.003492,-0.003793,0.029134,-0.054503,0.520446,0.120389,0.02416,-0.033209,0.640646,-0.691675,-0.333401,0.727941,0.685257,-0.022865,0.24428,-0.228048,0.942507,-1.8e-05,0.000144,0.000159,-3e-06,1.8e-05,3.5e-05,0.512713
42,0.237814,-0.060185,0.346854,-0.561684,0.727977,-0.393198,-0.791229,-0.611493,-0.001997,-0.2412,0.30908,0.919957,-0.000998,0.007511,0.008214,0.000676,-0.011321,0.026495,0.325308,-0.236817,-0.043453,0.310858,-0.868841,-0.392687,0.301502,0.488969,-0.775337,0.39962,0.077929,0.495127,0.86524,0.000294,0.001299,0.001599,-0.000273,0.00043,0.000329,0.484408,0.003913,0.035993,-0.004743,0.85679,0.372947,0.356117,-0.48029,0.828529,0.287854,-0.187699,-0.417671,0.888999,-0.008523,-0.002906,-0.003492,-0.003793,0.029134,-0.054503,0.520446,0.120389,0.02416,-0.033209,0.640646,-0.691675,-0.333401,0.727941,0.685257,-0.022865,0.24428,-0.228048,0.942507,-1.8e-05,0.000144,0.000159,-3e-06,1.8e-05,3.5e-05,0.512713
43,0.237814,-0.060185,0.346854,-0.561684,0.727977,-0.393198,-0.791229,-0.611493,-0.001997,-0.2412,0.30908,0.919957,-0.000998,0.007511,0.008214,0.000676,-0.011321,0.026495,0.325308,-0.236817,-0.043453,0.310858,-0.868841,-0.392687,0.301502,0.488969,-0.775337,0.39962,0.077929,0.495127,0.86524,0.000294,0.001299,0.001599,-0.000273,0.00043,0.000329,0.484408,0.003913,0.035993,-0.004743,0.85679,0.372947,0.356117,-0.48029,0.828529,0.287854,-0.187699,-0.417671,0.888999,-0.008523,-0.002906,-0.003492,-0.003793,0.029134,-0.054503,0.520446,0.120389,0.02416,-0.033209,0.640646,-0.691675,-0.333401,0.727941,0.685257,-0.022865,0.24428,-0.228048,0.942507,-1.8e-05,0.000144,0.000159,-3e-06,1.8e-05,3.5e-05,0.512713
44,0.237529,-0.059889,0.34711,-0.567475,0.72419,-0.391875,-0.78734,-0.616496,0.000722,-0.240367,0.308045,0.920522,-0.000219,0.00166,0.00181,-0.0,0.0,-0.0,0.512427,-0.236593,-0.043417,0.31072,-0.867012,-0.395781,0.302719,0.492488,-0.772284,0.401207,0.076082,0.497436,0.864079,0.014777,-0.004281,-0.005424,-0.018341,0.10311,-0.165369,0.534104,0.003913,0.036148,-0.004716,0.855409,0.377533,0.354601,-0.48406,0.826289,0.287979,-0.184281,-0.417988,0.889564,-1.5e-05,0.004334,-0.006074,0.035285,-0.012999,0.018157,0.520446,0.120389,0.02416,-0.033209,0.640646,-0.691675,-0.333401,0.727941,0.685257,-0.022865,0.24428,-0.228048,0.942507,-1.8e-05,0.000144,0.000159,-3e-06,1.8e-05,3.5e-05,0.512713
45,0.237529,-0.059889,0.34711,-0.567475,0.72419,-0.391875,-0.78734,-0.616496,0.000722,-0.240367,0.308045,0.920522,-0.000219,0.00166,0.00181,-0.0,0.0,-0.0,0.512427,-0.236593,-0.043417,0.31072,-0.867012,-0.395781,0.302719,0.492488,-0.772284,0.401207,0.076082,0.497436,0.864079,0.014777,-0.004281,-0.005424,-0.018341,0.10311,-0.165369,0.534104,0.003913,0.036148,-0.004716,0.855409,0.377533,0.354601,-0.48406,0.826289,0.287979,-0.184281,-0.417988,0.889564,-1.5e-05,0.004334,-0.006074,0.035285,-0.012999,0.018157,0.520446,0.120389,0.02416,-0.033209,0.640646,-0.691675,-0.333401,0.727941,0.685257,-0.022865,0.24428,-0.228048,0.942507,-1.8e-05,0.000144,0.000159,-3e-06,1.8e-05,3.5e-05,0.512713
46,0.237673,-0.059968,0.346873,-0.570739,0.722072,-0.391044,-0.787036,-0.616809,0.009613,-0.233554,0.31235,0.920824,0.000527,-0.003983,-0.00435,-0.000678,0.01133,-0.02649,0.520081,-0.236647,-0.043662,0.31022,-0.865864,-0.396869,0.304574,0.494338,-0.771517,0.400406,0.07716,0.497761,0.863796,-0.001353,0.005194,-0.015568,0.034399,-0.000255,-0.008801,0.534444,0.0039,0.036027,-0.004977,0.854096,0.378925,0.35628,-0.485953,0.825536,0.286948,-0.18539,-0.418216,0.889227,-0.000665,0.002533,-0.0079,0.03439,-0.000262,-0.008819,0.520609,0.120453,0.024122,-0.033419,0.641454,-0.691361,-0.332497,0.728004,0.685268,-0.020411,0.241961,-0.228967,0.942882,0.000361,-0.002109,-0.002313,4e-05,0.011056,-0.026377,0.513203
47,0.237403,-0.06016,0.346692,-0.570499,0.72222,-0.391121,-0.787196,-0.616607,0.0095,-0.233604,0.312407,0.920793,-0.015009,-0.005389,-0.004367,-0.000984,0.014715,-0.029553,0.521376,-0.236559,-0.043768,0.309822,-0.86563,-0.397114,0.30492,0.494692,-0.771535,0.399934,0.077522,0.497537,0.863893,0.014095,0.003784,-0.01748,0.036445,-0.015449,0.02045,0.534416,0.00394,0.035973,-0.00517,0.853835,0.379218,0.356594,-0.486277,0.825514,0.286461,-0.185743,-0.417995,0.889257,-0.000768,0.00214,-0.008371,0.034384,-0.000256,-0.008803,0.520609,0.120332,0.024026,-0.033511,0.641176,-0.691571,-0.332598,0.728221,0.685033,-0.020537,0.242044,-0.229037,0.942844,0.00028,-0.001931,-0.00211,1.2e-05,-2.1e-05,-9.1e-05,0.515163
48,0.237134,-0.06026,0.346595,-0.571073,0.721925,-0.390827,-0.786831,-0.617068,0.009744,-0.233429,0.312178,0.920914,-0.014958,-0.005826,-0.004853,-0.001664,0.026046,-0.056043,0.521445,-0.236583,-0.043791,0.309628,-0.866538,-0.397007,0.30247,0.493474,-0.771526,0.401453,0.07507,0.497636,0.864052,-0.001331,0.005304,-0.015459,0.034401,-0.000243,-0.008795,0.53441,0.003933,0.035958,-0.005271,0.854983,0.378845,0.35423,-0.485185,0.825583,0.288109,-0.183298,-0.418196,0.88967,-0.000567,-0.002549,-0.003169,-0.000493,0.015612,-0.026162,0.520609,0.120192,0.023974,-0.033561,0.641736,-0.691192,-0.332306,0.727797,0.685491,-0.020322,0.24184,-0.22881,0.942952,-0.007501,-0.002617,-0.002101,-0.000987,0.01472,-0.029625,0.515979
49,0.236686,-0.060441,0.346444,-0.571532,0.721702,-0.390568,-0.78655,-0.617424,0.009958,-0.233255,0.311991,0.921022,-0.015097,-0.004839,-0.003784,-0.001665,0.026046,-0.056043,0.520392,-0.236685,-0.043838,0.309389,-0.867168,-0.397158,0.300462,0.492696,-0.77131,0.402823,0.072852,0.497852,0.864118,-0.000855,-0.003765,-0.004682,-0.001679,0.013995,-0.025134,0.534228,0.003881,0.035935,-0.005398,0.855802,0.3788,0.352296,-0.484555,0.825455,0.289532,-0.18113,-0.418489,0.889976,-0.000405,-0.001812,-0.002254,-0.000928,0.015038,-0.025802,0.520609,0.119963,0.02388,-0.033641,0.642204,-0.690886,-0.332038,0.727451,0.685863,-0.020122,0.241635,-0.228619,0.94305,-0.007552,-0.002347,-0.001807,-0.00165,0.026034,-0.056081,0.515979
50,0.236436,-0.060517,0.3464,-0.572117,0.72003,-0.39279,-0.785912,-0.618212,0.011328,-0.233966,0.314281,0.920063,0.000136,-0.001057,-0.001159,-9.4e-05,-0.000297,-0.000125,0.520488,-0.237023,-0.04394,0.309099,-0.866563,-0.397752,0.301421,0.493672,-0.770947,0.40232,0.073442,0.49794,0.864017,-0.017218,0.004901,-0.015862,0.030676,0.028943,-0.063181,0.525012,0.00372,0.035889,-0.00553,0.855165,0.379472,0.353117,-0.485467,0.825108,0.288994,-0.181694,-0.418565,0.889825,-0.000703,-0.003098,-0.003857,-1.3e-05,1.5e-05,-2e-05,0.520609,0.119838,0.023841,-0.033663,0.642691,-0.689281,-0.334421,0.7267,0.686697,-0.018789,0.242597,-0.230949,0.942235,-0.007676,-0.00143,-0.000807,0.006325,-0.056931,0.154426,0.515653
51,0.23627,-0.06069,0.346229,-0.572409,0.719882,-0.392637,-0.785729,-0.618441,0.011465,-0.233864,0.31417,0.920126,0.000792,-0.006176,-0.006783,-0.000683,0.01133,-0.02649,0.516572,-0.237361,-0.044038,0.308398,-0.86629,-0.396496,0.303848,0.493858,-0.770479,0.402989,0.075411,0.499663,0.862852,-0.002645,-0.00037,-0.022629,0.030309,0.004946,-0.005619,0.51084,0.003546,0.035842,-0.005877,0.854564,0.378359,0.355759,-0.485768,0.824637,0.289832,-0.183712,-0.420496,0.888499,-0.001437,-0.000723,-0.01198,0.04671,0.003631,-0.032698,0.513098,0.119754,0.023765,-0.033738,0.642953,-0.689134,-0.334221,0.726512,0.686898,-0.018705,0.242467,-0.23079,0.942308,0.0004,-0.003096,-0.003398,-0.000679,0.011448,-0.026342,0.51451
52,0.236287,-0.060807,0.346024,-0.572311,0.719942,-0.392669,-0.785764,-0.6184,0.011297,-0.233988,0.314112,0.920115,0.001126,-0.008786,-0.009667,-0.000683,0.011334,-0.026489,0.507338,-0.237466,-0.044033,0.30789,-0.873412,-0.379282,0.305429,0.479434,-0.77902,0.403987,0.085805,0.499759,0.861825,-0.003,-0.001884,-0.024572,-0.027935,0.10198,0.02836,0.50081,0.003494,0.035846,-0.006121,0.860461,0.361267,0.359292,-0.471214,0.832473,0.291453,-0.193809,-0.420087,0.886545,-0.009354,-0.000782,-0.012022,-0.018437,0.209497,0.139968,0.50477,0.119761,0.023713,-0.033833,0.642826,-0.68923,-0.334266,0.72658,0.68682,-0.018884,0.242596,-0.230732,0.942288,8.9e-05,0.000853,-0.00931,0.039415,-0.072284,0.178514,0.509284
53,0.236577,-0.061012,0.345557,-0.573062,0.721241,-0.389175,-0.786159,-0.617877,0.012404,-0.230809,0.312161,0.92158,0.000149,0.001893,-0.018455,0.046837,0.04493,0.011881,0.490688,-0.23777,-0.04393,0.306501,-0.903787,-0.296748,0.308383,0.406945,-0.818544,0.405357,0.133269,0.492227,0.860125,-0.019941,0.004565,-0.038752,0.524638,0.806012,1.448652,0.495601,0.00334,0.035899,-0.006831,0.885634,0.277984,0.371988,-0.397289,0.868307,0.29699,-0.240441,-0.410812,0.879443,-0.009995,0.002068,-0.01964,0.547368,0.804148,1.458874,0.488441,0.119908,0.023595,-0.034075,0.643735,-0.69027,-0.33035,0.726956,0.686453,-0.01777,0.239036,-0.228711,0.94369,0.008293,-0.00318,-0.004282,0.007942,0.010797,0.019738,0.486914
54,0.236866,-0.061132,0.345366,-0.577015,0.720079,-0.385468,-0.785606,-0.618357,0.020721,-0.222724,0.313883,0.922984,0.00035,-0.002691,-0.002977,-0.019396,0.020638,-0.034486,0.48922,-0.238334,-0.043465,0.304663,-0.931135,-0.185797,0.313782,0.309049,-0.858518,0.409107,0.194544,0.478143,0.856385,-0.020219,0.014719,-0.048437,2.249081,3.129198,6.235354,0.502637,0.003072,0.036112,-0.007716,0.904554,0.177496,0.387653,-0.308078,0.900637,0.306496,-0.294733,-0.39667,0.869358,-0.009994,0.00767,-0.023805,0.101875,0.44322,0.573789,0.486808,0.120053,0.02353,-0.034184,0.647409,-0.688454,-0.326941,0.726226,0.687391,-0.009395,0.231205,-0.231351,0.944997,9.2e-05,-0.000676,-0.000751,-0.060104,0.02826,-0.026134,0.475646
55,0.236984,-0.06113,0.345341,-0.578083,0.719826,-0.38434,-0.78556,-0.618321,0.023372,-0.220109,0.314534,0.923389,0.000109,-0.000834,-0.000923,-1.4e-05,7e-06,-6e-06,0.492558,-0.23866,-0.043063,0.303695,-0.940676,-0.118974,0.317751,0.249983,-0.875984,0.412425,0.230456,0.467542,0.853322,-0.019855,0.027443,-0.054715,1.530115,2.864277,5.172011,0.509416,0.002892,0.036323,-0.008245,0.911656,0.102569,0.397947,-0.240163,0.918755,0.313385,-0.333473,-0.381272,0.862222,-0.009971,0.013696,-0.027336,1.575566,2.813561,5.164075,0.494973,0.120113,0.02353,-0.034197,0.648437,-0.688015,-0.325826,0.726113,0.687541,-0.006754,0.228666,-0.232207,0.945405,4.6e-05,-0.000332,-0.000371,0.006152,-0.003177,0.001967,0.475646
56,0.237217,-0.061091,0.345283,-0.577851,0.718591,-0.38699,-0.785411,-0.618479,0.024196,-0.221245,0.31703,0.922263,6.3e-05,-0.000482,-0.000533,-0.032514,-0.103198,-0.043351,0.500583,-0.23942,-0.042001,0.301667,-0.945191,0.041844,0.323813,0.102701,-0.903125,0.416836,0.311071,0.427195,0.848884,-0.004068,0.027203,-0.055245,0.48679,1.081345,1.768841,0.508523,0.002521,0.036834,-0.009218,0.907182,-0.053444,0.41733,-0.096707,0.938856,0.33045,-0.409473,-0.340137,0.846544,-0.009689,0.009121,-0.022083,0.354535,1.47546,2.162669,0.501504,0.120223,0.023553,-0.034222,0.648049,-0.687082,-0.328555,0.72602,0.687646,-0.006004,0.230056,-0.234647,0.944465,4e-05,-0.000285,-0.000317,-0.049916,-0.15665,-0.063829,0.483811
57,0.237315,-0.061012,0.345268,-0.577801,0.717257,-0.389532,-0.785139,-0.618789,0.025082,-0.222335,0.319433,0.921172,-0.000197,0.001498,0.001658,-0.119163,-0.378767,-0.159186,0.507323,-0.240153,-0.041183,0.299859,-0.912826,0.237473,0.332184,-0.079713,-0.901334,0.425648,0.401633,0.361767,0.841236,-0.019387,0.018607,-0.043897,0.398902,1.112392,1.971086,0.512345,0.002146,0.037262,-0.010164,0.862411,-0.252195,0.438911,0.089406,0.929313,0.358304,-0.498249,-0.269764,0.823999,-0.00965,0.009334,-0.02191,0.371137,1.145865,1.991124,0.50575,0.120278,0.023592,-0.034231,0.64788,-0.686555,-0.329988,0.725911,0.687764,-0.00571,0.230874,-0.235843,0.943967,-0.000111,0.000871,0.00096,-0.187442,-0.549601,-0.189538,0.490833
