frame,MLTx,MLTy,MLTz,MLTR1,MLTR2,MLTR3,MLTR4,MLTR5,MLTR6,MLTR7,MLTR8,MLTR9,MLTTVx,MLTTVy,MLTTVz,MLTRVx,MLTRVy,MLTRVz,MLGA,MRTx,MRTy,MRTz,MRTR1,MRTR2,MRTR3,MRTR4,MRTR5,MRTR6,MRTR7,MRTR8,MRTR9,MRTTVx,MRTTVy,MRTTVz,MRTRVx,MRTRVy,MRTRVz,MRGA,SLTx,SLTy,SLTz,SLTR1,SLTR2,SLTR3,SLTR4,SLTR5,SLTR6,SLTR7,SLTR8,SLTR9,SLTTVx,SLTTVy,SLTTVz,SLTRVx,SLTRVy,SLTRVz,SLGA,SRTx,SRTy,SRTz,SRTR1,SRTR2,SRTR3,SRTR4,SRTR5,SRTR6,SRTR7,SRTR8,SRTR9,SRTTVx,SRTTVy,SRTTVz,SRTRVx,SRTRVy,SRTRVz,SRGA
1,0.149016,-0.038865,0.277273,-0.514619,-0.060947,-0.855277,-0.525774,-0.765512,0.370845,-0.676692,0.640599,0.362971,0.032185,0.032704,-0.0251,0.099335,0.140883,-0.224552,-0.151239,-0.197003,-0.022444,0.240441,-0.635047,-0.258015,0.728104,0.700369,-0.589735,0.402032,0.326439,0.765564,0.554268,-0.144166,0.023669,-0.004305,0.262889,-0.992487,0.121697,-0.509708,0.02766,0.042412,-0.037778,0.629787,0.273291,0.727103,-0.711378,0.578839,0.398603,-0.311941,-0.768281,0.55896,-0.064123,0.011757,-0.002741,0.0796,-1.256816,-0.136544,-0.693619,0.077151,0.031357,-0.068055,0.516549,0.081609,-0.852359,0.494195,0.7845,0.374605,0.699247,-0.614734,0.364902,0.016053,0.015987,-0.013101,0.102396,0.022152,-0.051978,-0.417716
2,0.149565,-0.038433,0.276849,-0.527612,-0.049638,-0.84806,-0.53776,-0.753296,0.378591,-0.656983,0.655861,0.371814,0.031672,0.018794,-0.020942,-4.616333,2.266434,1.824641,-0.072458,-0.199611,-0.022061,0.240348,-0.637952,-0.300465,0.709034,0.714875,-0.573146,0.400489,0.286833,0.76273,0.579511,-0.128328,0.022571,-0.008019,0.312787,-1.863879,0.460579,-0.490907,0.026351,0.042607,-0.037819,0.631687,0.314254,0.708671,-0.725516,0.561721,0.397612,-0.273124,-0.765319,0.582828,-0.071852,0.005597,0.000563,-0.304604,-3.405039,1.507807,-0.69264,0.077449,0.031591,-0.068287,0.530163,0.071669,-0.84486,0.504901,0.773812,0.382476,0.681176,-0.629346,0.374061,0.015767,0.008851,-0.011115,-4.632231,2.222248,1.814274,-0.354196
3,0.15074,-0.03775,0.275846,-0.545626,-0.045588,-0.836815,-0.54066,-0.74379,0.392982,-0.639658,0.666907,0.38223,0.031087,0.014834,-0.026773,0.065416,0.077031,-0.11603,0.06988,-0.204823,-0.021876,0.240524,-0.6401,-0.377644,0.669065,0.737307,-0.546445,0.397126,0.216425,0.747971,0.627345,-0.127186,0.001269,0.008847,0.167459,-1.369681,-0.313389,-0.374233,0.023744,0.042703,-0.037746,0.633078,0.39204,0.667469,-0.747095,0.53516,0.394273,-0.202632,-0.74827,0.631689,-0.063614,0.000597,0.004451,-0.45393,-2.028134,-1.205554,-0.620792,0.078023,0.031923,-0.068784,0.548186,0.067629,-0.833617,0.509516,0.763407,0.396991,0.663238,-0.642366,0.384031,0.015527,0.007188,-0.013741,0.05871,0.208068,-0.324516,-0.225523
4,0.151947,-0.037295,0.274802,-0.557194,-0.049077,-0.828958,-0.533199,-0.744147,0.402388,-0.635928,0.666266,0.389503,0.030857,0.002473,-0.020452,0.032167,0.080399,-0.116572,0.197364,-0.209773,-0.021907,0.24104,-0.641495,-0.439429,0.62879,0.748516,-0.537609,0.388116,0.168287,0.720178,0.672968,-0.126723,-0.00879,0.017639,-2.973645,-3.40738,-3.569175,-0.18786,0.021269,0.042692,-0.037489,0.635585,0.450381,0.627046,-0.755484,0.530089,0.38503,-0.15898,-0.718443,0.677173,-0.063512,0.001564,0.005435,0.688045,-1.335304,-0.128842,-0.483954,0.078621,0.032144,-0.069306,0.559453,0.071597,-0.825763,0.501967,0.76352,0.406282,0.659575,-0.641802,0.391215,0.015443,0.006612,-0.014632,0.07302,-0.036069,0.057886,-0.056028
5,0.152444,-0.037109,0.274326,-0.563235,-0.05087,-0.824757,-0.529451,-0.744097,0.407398,-0.633729,0.66619,0.393199,0.030894,0.002736,-0.020118,0.032382,0.079493,-0.1148,0.262407,-0.212177,-0.022001,0.241325,-0.643345,-0.462286,0.610238,0.749598,-0.541958,0.379892,0.155901,0.702407,0.694393,-0.110983,-0.009337,0.015457,0.702164,-1.513784,-0.012336,-0.091061,0.020062,0.042646,-0.037344,0.634907,0.475548,0.608889,-0.759292,0.529659,0.378068,-0.142714,-0.702364,0.697364,-0.063451,-0.004566,0.008295,0.43685,-1.054936,0.058732,-0.38451,0.078875,0.03224,-0.069557,0.565473,0.073678,-0.821468,0.498075,0.763368,0.411325,0.657389,-0.641746,0.394968,0.015486,0.006931,-0.014188,0.070724,0.0587,-0.090106,0.037374
6,0.153179,-0.036756,0.273489,-0.582092,-0.056491,-0.811186,-0.518426,-0.74277,0.423673,-0.625741,0.667225,0.404088,0.031052,0.00394,-0.018432,0.009408,0.11277,-0.150664,0.385805,-0.216728,-0.022337,0.24203,-0.640449,-0.511875,0.572539,0.758074,-0.540317,0.365125,0.123248,0.668507,0.733329,-0.095009,-0.008092,0.016048,0.656328,-1.304873,-0.058389,0.026958,0.01778,0.042477,-0.036994,0.631006,0.525516,0.570668,-0.767861,0.5279,0.362918,-0.110537,-0.667198,0.736632,-0.05545,-0.003732,0.008871,0.718917,-1.39575,-0.19102,-0.225302,0.079242,0.032414,-0.06998,0.583992,0.080047,-0.807802,0.486962,0.76164,0.427516,0.649477,-0.643036,0.405812,-0.000328,0.002776,-0.008215,-0.06827,0.621158,-0.914229,0.226465
7,0.1536,-0.036507,0.272883,-0.594618,-0.060319,-0.80177,-0.510588,-0.741989,0.434424,-0.620375,0.667763,0.411405,0.015379,-0.004645,-0.00667,-0.030843,0.234554,-0.340211,0.462037,-0.220785,-0.02279,0.242871,-0.644008,-0.562245,0.518773,0.760978,-0.539648,0.360037,0.078325,0.627343,0.774705,-0.110644,-0.00518,0.02043,-2.491271,-3.868379,-3.820909,0.10672,0.015758,0.042248,-0.036578,0.636638,0.571961,0.517253,-0.767931,0.531548,0.357404,-0.070523,-0.624752,0.77763,-0.047411,-0.009258,0.012471,-0.246728,-3.399528,1.4665,-0.106753,0.079458,0.03254,-0.070291,0.596121,0.084306,-0.798456,0.479162,0.760603,0.438047,0.644239,-0.643718,0.413016,-0.000246,0.003435,-0.007255,-0.065061,0.519467,-0.752514,0.368365
8,0.153723,-0.036428,0.272667,-0.59578,-0.060714,-0.800877,-0.509556,-0.742206,0.435263,-0.620108,0.667487,0.412257,0.015547,0.007588,-0.013282,0.036486,-0.028938,0.047128,0.485734,-0.222632,-0.023053,0.243335,-0.649807,-0.579489,0.491869,0.757727,-0.543952,0.360415,0.059504,0.607627,0.791903,-0.094646,-0.017308,0.026417,0.152885,-1.633634,0.619853,0.136489,0.014828,0.042121,-0.036347,0.638191,0.593889,0.489905,-0.768356,0.531319,0.35683,-0.048379,-0.604148,0.795402,-0.047359,-0.002542,0.010058,-0.336823,-3.249628,1.633855,-0.054663,0.07952,0.032574,-0.070397,0.597521,0.084847,-0.79735,0.477968,0.76073,0.439131,0.643827,-0.643498,0.413999,-0.000211,-0.00172,-0.002537,8.4e-05,0.014242,-0.02289,0.418658
9,0.15389,-0.036412,0.272416,-0.595198,-0.0605,-0.801326,-0.509687,-0.742522,0.434572,-0.620559,0.667155,0.412114,-0.000245,-0.001933,-0.002848,0.004449,-0.108268,0.166784,0.498998,-0.226102,-0.023624,0.244407,-0.643109,-0.614818,0.45651,0.765219,-0.536618,0.355548,0.027174,0.578756,0.814964,-0.078441,-0.015697,0.02832,-0.58149,-1.315598,-0.887859,0.15779,0.013087,0.041834,-0.035813,0.631714,0.628748,0.453445,-0.775016,0.525016,0.351719,-0.016924,-0.573614,0.81895,-0.047246,-0.007458,0.01482,-2.37721,-2.652482,-4.097144,0.006734,0.079609,0.032587,-0.070524,0.597001,0.084644,-0.797762,0.478022,0.761073,0.438476,0.64427,-0.643119,0.4139,-7.9e-05,-0.000663,-0.00098,0.000386,-0.000206,-0.000156,0.471074
10,0.153864,-0.036468,0.272426,-0.593866,-0.060045,-0.802349,-0.510613,-0.742548,0.433438,-0.621075,0.667166,0.411317,5e-05,-0.010552,0.009079,-0.035503,0.014219,-0.017576,0.504324,-0.229384,-0.024239,0.245622,-0.641189,-0.636164,0.429143,0.767271,-0.534587,0.354183,0.004895,0.557165,0.830305,-0.078293,-0.014329,0.03004,0.115963,-0.43504,0.188094,0.172678,0.011446,0.041527,-0.035204,0.628646,0.650655,0.42597,-0.777666,0.521598,0.350955,0.006166,-0.55189,0.833893,-0.039176,-0.007217,0.015007,0.134325,-0.435897,0.15011,0.03188,0.079596,0.032556,-0.070525,0.595595,0.084111,-0.798868,0.479003,0.761156,0.43726,0.644842,-0.643091,0.413051,4.5e-05,-0.005123,0.004763,-0.03525,0.014072,-0.017697,0.485281
11,0.15362,-0.036471,0.272567,-0.592914,-0.059769,-0.803073,-0.511325,-0.742483,0.432708,-0.621399,0.667262,0.410671,0.000234,0.001832,0.002698,0.0,0.0,0.0,0.510529,-0.232375,-0.024721,0.246918,-0.639981,-0.652083,0.406451,0.768103,-0.531389,0.35718,-0.016131,0.541603,0.840398,-0.061795,-0.01229,0.033038,0.2371,-0.343096,-0.203862,0.185142,0.009973,0.041287,-0.034574,0.628168,0.665078,0.403826,-0.777602,0.518472,0.355698,0.027194,-0.537454,0.842853,-0.038781,-0.00531,0.017942,0.324194,-0.543793,-0.126957,0.052782,0.07948,0.032558,-0.070457,0.594755,0.083842,-0.799522,0.479634,0.761131,0.436611,0.645148,-0.643155,0.412474,9.6e-05,0.000762,0.001123,0.000173,-9.2e-05,-9.1e-05,0.495405
12,0.153469,-0.036464,0.27265,-0.592515,-0.059665,-0.803375,-0.511629,-0.742444,0.432417,-0.62153,0.667315,0.410388,0.000186,-0.009455,0.010692,-0.034857,-0.001438,0.006607,0.514205,-0.233811,-0.024918,0.247652,-0.637897,-0.660744,0.395596,0.7695,-0.528097,0.359052,-0.027534,0.534278,0.844779,-0.077024,-0.008499,0.039016,0.265959,-0.457448,-0.215437,0.189179,0.00926,0.041184,-0.034214,0.626195,0.673285,0.393147,-0.778724,0.515336,0.357792,0.038293,-0.530202,0.847005,-0.030672,-0.005076,0.018278,-0.380781,-0.784706,0.459924,0.058987,0.079405,0.032563,-0.070414,0.594363,0.083725,-0.799826,0.479938,0.761106,0.436321,0.645284,-0.6432,0.41219,8.5e-05,0.000676,0.001,0.000154,-6.1e-05,-7.6e-05,0.500303
13,0.153198,-0.036482,0.27275,-0.591325,-0.059317,-0.804277,-0.512469,-0.742416,0.431469,-0.621972,0.667377,0.409617,-0.015855,0.000934,0.001206,-0.000984,0.014715,-0.029553,0.51487,-0.236401,-0.025243,0.249323,-0.63912,-0.670609,0.376566,0.767766,-0.528626,0.361974,-0.042883,0.521301,0.852215,-0.059887,-0.004571,0.045234,0.067677,-0.124067,-0.183911,0.199063,0.007929,0.041014,-0.03337,0.626529,0.684483,0.37275,-0.777578,0.516295,0.358901,0.053213,-0.514705,0.855714,-0.03,-0.002378,0.022527,0.05451,-0.149579,-0.199657,0.070417,0.079264,0.032555,-0.070354,0.593093,0.083298,-0.800812,0.48086,0.761109,0.4353,0.645765,-0.643252,0.411354,-0.007936,0.000421,0.000539,-0.00088,0.014665,-0.029614,0.505692
14,0.153055,-0.036509,0.272782,-0.590221,-0.058971,-0.805113,-0.513215,-0.742436,0.430548,-0.622406,0.667385,0.408943,-8e-06,-6.2e-05,-9.1e-05,0.0,0.0,0.0,0.514977,-0.238813,-0.025476,0.251428,-0.633906,-0.684494,0.360031,0.77145,-0.527483,0.355752,-0.052809,0.50412,0.861938,-0.058201,0.001647,0.0549,0.380851,-0.53159,-0.238453,0.215121,0.006744,0.040897,-0.032348,0.622205,0.696613,0.357196,-0.780326,0.515242,0.354423,0.062853,-0.499254,0.864172,-0.021218,0.000234,0.026699,0.062024,-0.129611,-0.159355,0.091808,0.079192,0.03254,-0.070339,0.592008,0.082914,-0.801655,0.481606,0.76116,0.434383,0.646205,-0.64324,0.410682,-9e-06,-6.6e-05,-9.3e-05,8e-05,-4.2e-05,-2.1e-05,0.506672
15,0.153019,-0.036521,0.272783,-0.589846,-0.058851,-0.805396,-0.513463,-0.742449,0.43023,-0.622557,0.667381,0.40872,-1e-05,-7.4e-05,-0.000109,0.0,0.0,0.0,0.514869,-0.239837,-0.025579,0.252617,-0.631856,-0.690434,0.352207,0.772751,-0.526813,0.353918,-0.058022,0.496662,0.865924,-0.041657,-0.008347,0.065036,0.149456,-0.22959,-0.237844,0.222103,0.006204,0.040845,-0.031734,0.619147,0.703752,0.348408,-0.782351,0.514555,0.35094,0.0677,-0.489861,0.869167,-0.02873,-0.003337,0.033788,0.199593,-0.256832,-0.306804,0.09932,0.079174,0.032534,-0.070339,0.59164,0.082781,-0.80194,0.481854,0.761184,0.434066,0.646357,-0.643229,0.410459,-6e-06,-5.2e-05,-7.5e-05,7e-05,-2e-05,-3.5e-05,0.507161
16,0.153043,-0.036517,0.272789,-0.586928,-0.057959,-0.80759,-0.515074,-0.74286,0.427586,-0.623985,0.667,0.407162,0.0,0.0,0.0,0.0,-0.0,0.0,0.515216,-0.241755,-0.02585,0.255518,-0.619941,-0.710515,0.332917,0.781247,-0.520187,0.344953,-0.071142,0.474835,0.877117,-0.040166,-0.014259,0.080923,-0.815083,-2.60796,0.885301,0.250166,0.005266,0.040718,-0.030319,0.606929,0.721924,0.332357,-0.790908,0.507543,0.341852,0.078106,-0.470345,0.879019,-0.020091,-0.001374,0.036699,0.057493,-0.158883,-0.212631,0.127079,0.079186,0.032536,-0.070336,0.588763,0.081778,-0.804157,0.483464,0.761665,0.431425,0.64778,-0.642788,0.408904,-1e-06,-4e-06,-2e-06,-4.8e-05,0.000575,-0.000836,0.507978
17,0.153139,-0.03653,0.272789,-0.58645,-0.057772,-0.807951,-0.515398,-0.742884,0.427154,-0.624168,0.66699,0.406899,0.0,0.0,0.0,0.0,0.0,0.0,0.51523,-0.24331,-0.026318,0.258817,-0.608256,-0.724803,0.323538,0.790285,-0.515694,0.330822,-0.072176,0.457824,0.886031,-0.03887,-0.009687,0.087155,0.191388,-0.305358,-0.285434,0.274695,0.004467,0.04048,-0.028636,0.594929,0.737509,0.319593,-0.799694,0.503075,0.327726,0.080922,-0.45055,0.889075,-0.019467,-0.010261,0.048015,0.214627,-0.348556,-0.347495,0.16186,0.079234,0.032529,-0.070336,0.588302,0.081576,-0.804515,0.483784,0.761701,0.431001,0.647961,-0.642771,0.408645,1e-06,-1e-06,-4e-06,4.1e-05,9e-06,-6e-05,0.509284
18,0.153257,-0.036549,0.272781,-0.585605,-0.057456,-0.808586,-0.515949,-0.742938,0.426393,-0.624506,0.666956,0.406435,0.015884,-0.000716,-0.000886,0.000984,-0.014715,0.029553,0.515933,-0.244518,-0.027011,0.262632,-0.594557,-0.741496,0.310929,0.800542,-0.510438,0.31388,-0.07329,0.436465,0.896655,-0.022072,-0.029259,0.107005,0.409656,-0.592815,-0.477318,0.295607,0.003857,0.04014,-0.026736,0.581823,0.752825,0.307791,-0.80918,0.497703,0.312278,0.081902,-0.43075,0.898746,-0.010964,-0.008622,0.050127,0.047158,-0.234449,-0.206097,0.192722,0.079293,0.03252,-0.07034,0.587474,0.081228,-0.805156,0.484337,0.761779,0.430244,0.648299,-0.642724,0.408183,0.007943,-0.000354,-0.00044,0.001024,-0.014726,0.029524,0.510264
19,0.153317,-0.03656,0.272783,-0.585066,-0.057258,-0.80899,-0.516305,-0.742966,0.425913,-0.624717,0.666942,0.406133,-0.0,-0.0,-0.0,0.0,0.0,0.0,0.515687,-0.24498,-0.027436,0.264764,-0.588473,-0.748793,0.304957,0.804931,-0.50772,0.306987,-0.074304,0.427067,0.901086,-0.021439,-0.026879,0.109941,0.159819,-0.342401,-0.286248,0.302842,0.003634,0.039933,-0.025708,0.574887,0.760822,0.301089,-0.814075,0.494786,0.304084,0.082379,-0.419923,0.903813,-0.00296,-0.014216,0.054049,0.351892,-0.535082,-0.374347,0.204152,0.079323,0.032514,-0.070339,0.587058,0.081053,-0.805476,0.484623,0.761809,0.429868,0.648462,-0.64271,0.407946,1e-06,2e-06,1e-06,4e-05,7e-06,-5.6e-05,0.510264
20,0.153424,-0.036591,0.272795,-0.582178,-0.05635,-0.811134,-0.517934,-0.743319,0.423312,-0.626067,0.666624,0.404573,-0.0,-0.0,-0.0,0.0,-0.0,0.0,0.515606,-0.245532,-0.028333,0.268922,-0.575253,-0.764374,0.291217,0.8143,-0.502008,0.291268,-0.075728,0.405656,0.910808,-0.020627,-0.023722,0.113267,0.282002,-0.482063,-0.349676,0.318221,0.00335,0.039479,-0.023589,0.561528,0.775914,0.287477,-0.823223,0.488751,0.288835,0.083606,-0.398847,0.913198,-0.002602,-0.012734,0.055554,0.460191,-0.649023,-0.40018,0.225706,0.079376,0.032499,-0.070333,0.584093,0.07999,-0.807735,0.486329,0.762244,0.427162,0.64986,-0.642327,0.40632,0.0,1e-06,0.0,-0.000155,0.001079,-0.001567,0.510427
21,0.153447,-0.036622,0.272804,-0.579893,-0.055667,-0.812817,-0.519175,-0.743619,0.421261,-0.627161,0.666347,0.403334,-9.1e-05,-0.000713,-0.001049,0.0,-0.0,0.0,0.515794,-0.245801,-0.029269,0.273342,-0.563792,-0.777772,0.27785,0.822082,-0.496615,0.278368,-0.077821,0.386338,0.918994,-0.00481,-0.024178,0.111383,0.141629,-0.237316,-0.406916,0.335956,0.003213,0.039024,-0.021414,0.549659,0.789228,0.273846,-0.831024,0.483111,0.275683,0.085279,-0.379105,0.921415,-0.002429,-0.011904,0.05602,0.354128,-0.550373,-0.328965,0.248077,0.079388,0.032485,-0.070327,0.581837,0.079218,-0.809437,0.487572,0.762597,0.425109,0.650952,-0.642003,0.405083,-5.4e-05,-0.000408,-0.000598,-0.000291,0.001757,-0.00254,0.510754
22,0.153435,-0.036647,0.272822,-0.579952,-0.055684,-0.812774,-0.51919,-0.743561,0.421343,-0.627094,0.666409,0.403336,-1e-06,-9e-06,-1.3e-05,0.0,-0.0,0.0,0.515375,-0.245836,-0.029691,0.275488,-0.558222,-0.78424,0.270827,0.825791,-0.494063,0.271856,-0.0787,0.376392,0.923037,-0.004616,-0.023259,0.111971,0.265419,-0.479342,-0.299383,0.342931,0.003196,0.038813,-0.020341,0.544388,0.795021,0.267551,-0.83439,0.480436,0.270136,0.086222,-0.370301,0.924901,0.005457,-0.012227,0.055329,0.405044,-0.646607,-0.396186,0.259181,0.079382,0.03247,-0.07032,0.581914,0.079244,-0.809379,0.487578,0.762538,0.425209,0.650878,-0.642071,0.405094,-2e-06,-1e-06,-2e-06,-1.6e-05,0.000234,-0.000379,0.510754
23,0.153375,-0.036716,0.272886,-0.576223,-0.05171,-0.815683,-0.521831,-0.744837,0.415791,-0.62834,0.665299,0.403229,0.0,1e-06,2e-06,0.000355,0.000831,0.000528,0.51532,-0.245856,-0.030374,0.279553,-0.550525,-0.792959,0.261017,0.830706,-0.489831,0.264439,-0.08115,0.36341,0.928014,-0.004849,-0.023736,0.109881,0.014347,-0.209697,-0.138016,0.354315,0.003185,0.038466,-0.018261,0.535502,0.804585,0.256669,-0.839914,0.475636,0.261369,0.088213,-0.355543,0.930487,-0.002374,-0.005996,0.051302,0.070985,-0.265945,-0.12222,0.277796,0.079352,0.032436,-0.070288,0.57836,0.07502,-0.812324,0.490216,0.763964,0.419579,0.652063,-0.640882,0.405071,-3e-06,-2e-06,-3e-06,-0.006946,-0.005178,-0.008481,0.510754
24,0.153327,-0.036817,0.27296,-0.574142,-0.051096,-0.817187,-0.52307,-0.744957,0.414016,-0.629216,0.665211,0.402006,0.0,0.0,0.0,0.0,0.0,0.0,0.515763,-0.24591,-0.03086,0.283449,-0.542878,-0.800054,0.255321,0.835756,-0.485314,0.256742,-0.080822,0.353776,0.931759,-0.004924,-0.012882,0.099973,0.056147,-0.232298,-0.125328,0.364131,0.003158,0.038219,-0.016308,0.527908,0.811279,0.251272,-0.844742,0.470955,0.254188,0.087879,-0.346448,0.933943,-0.002457,-0.000765,0.046056,0.167071,-0.329093,-0.115217,0.292166,0.079328,0.032386,-0.070251,0.576302,0.074427,-0.813839,0.491458,0.76409,0.417892,0.65295,-0.6408,0.403769,-2e-06,-1e-06,1e-06,-0.000186,0.000993,-0.001918,0.511244
25,0.153303,-0.03687,0.27301,-0.574025,-0.051049,-0.817273,-0.52326,-0.744843,0.413981,-0.629166,0.665342,0.401868,0.000108,0.000839,0.001234,0.0,0.0,0.0,0.516196,-0.246038,-0.031074,0.286983,-0.538351,-0.803927,0.252727,0.838439,-0.481224,0.255689,-0.083268,0.350563,0.932757,-0.005675,-0.004707,0.086573,-0.116412,0.061998,-0.134157,0.369378,0.003097,0.038114,-0.014565,0.523041,0.815403,0.248081,-0.847525,0.466797,0.252588,0.090157,-0.342369,0.935229,-0.00291,-0.002392,0.043265,-0.14315,-0.018133,0.035644,0.302453,0.079316,0.032357,-0.07023,0.576217,0.074392,-0.813903,0.491629,0.763983,0.417887,0.652895,-0.640933,0.403647,-3e-06,-0.0,2e-06,0.000111,-3.4e-05,-0.000104,0.511407
26,0.153291,-0.036887,0.273022,-0.573838,-0.050985,-0.817408,-0.523405,-0.744822,0.413835,-0.629215,0.665371,0.401743,2e-06,1.2e-05,1.8e-05,0.0,0.0,0.0,0.515497,-0.246125,-0.031081,0.28852,-0.536217,-0.805397,0.252582,0.839713,-0.479051,0.255588,-0.084184,0.350165,0.932824,-0.006229,-0.006734,0.083364,-0.118695,0.064026,-0.132649,0.371174,0.003054,0.03811,-0.013789,0.520875,0.816769,0.248145,-0.848759,0.464522,0.252636,0.091076,-0.342208,0.935199,-0.003246,0.001736,0.036983,-0.10642,0.079614,-0.140672,0.305882,0.07931,0.032351,-0.070219,0.576017,0.074316,-0.814051,0.491785,0.76397,0.417727,0.652955,-0.640957,0.403513,-2e-06,3e-06,7e-06,0.004559,-0.107993,0.166934,0.511734
27,0.153279,-0.0369,0.273021,-0.57342,-0.050845,-0.81771,-0.523671,-0.744835,0.413474,-0.629375,0.665366,0.4015,-5.6e-05,-0.000438,-0.000644,0.0,0.0,0.0,0.515944,-0.246342,-0.030978,0.291122,-0.532292,-0.80738,0.254545,0.84207,-0.474481,0.25636,-0.085541,0.351823,0.932076,-0.007653,-0.001324,0.066817,-0.112127,0.105798,-0.147246,0.372596,0.002944,0.038164,-0.01245,0.517077,0.818551,0.250208,-0.850912,0.459955,0.253751,0.092624,-0.344114,0.934347,-0.003825,0.00489,0.029301,-0.087632,0.086555,-0.101268,0.310944,0.079304,0.032345,-0.070219,0.575607,0.074162,-0.814356,0.492049,0.763996,0.417368,0.653118,-0.640943,0.40327,-3.7e-05,-0.000294,-0.000434,7.5e-05,-2.2e-05,-3.4e-05,0.511897
28,0.153279,-0.0369,0.273021,-0.570745,-0.050042,-0.819629,-0.525051,-0.745206,0.411051,-0.630658,0.665011,0.400072,-0.0,-0.0,-0.0,0.0,-0.0,0.0,0.515489,-0.246603,-0.030776,0.293263,-0.528987,-0.808302,0.258483,0.844045,-0.469953,0.258198,-0.08657,0.355775,0.93048,-0.008881,0.004709,0.051419,-0.07783,0.091202,-0.130929,0.372319,0.002811,0.038264,-0.011354,0.513842,0.819317,0.254333,-0.852746,0.455404,0.255793,0.093751,-0.34832,0.932675,-0.004568,0.002021,0.025277,-0.077132,0.092427,-0.127247,0.31372,0.079304,0.032344,-0.07022,0.572952,0.073253,-0.816308,0.493435,0.76443,0.414931,0.654405,-0.640531,0.401836,-0.0,3e-06,5e-06,-0.000303,0.001872,-0.002692,0.51157
29,0.153279,-0.0369,0.273021,-0.570628,-0.050003,-0.819712,-0.52512,-0.745214,0.410947,-0.630706,0.665005,0.400007,-0.0,-0.0,-0.0,0.0,0.0,0.0,0.515984,-0.246765,-0.030609,0.294107,-0.528083,-0.809061,0.257953,0.844324,-0.468198,0.260462,-0.0893,0.356364,0.929997,-0.009559,0.012786,0.039068,-0.03353,-0.014682,0.028582,0.370264,0.00273,0.038349,-0.010931,0.512996,0.820025,0.253759,-0.852947,0.453721,0.258101,0.096514,-0.348848,0.932195,-0.004895,0.006081,0.019132,-0.029649,-0.009481,0.029554,0.31372,0.079304,0.032344,-0.07022,0.572858,0.073216,-0.816377,0.493494,0.764438,0.414846,0.654444,-0.640525,0.401783,-0.0,1e-06,4e-06,-1e-06,0.000258,-0.000383,0.511897
30,0.153267,-0.036899,0.273022,-0.57053,-0.049972,-0.819783,-0.525177,-0.745221,0.410861,-0.630747,0.664999,0.399951,-0.0,-0.0,-0.0,0.0,0.0,0.0,0.515482,-0.247059,-0.030085,0.29549,-0.527304,-0.810295,0.255662,0.844242,-0.466087,0.264485,-0.094495,0.356329,0.929496,-0.010139,0.021139,0.026998,-0.144859,-0.097901,-0.058157,0.364406,0.002582,0.038608,-0.010244,0.512278,0.821175,0.25148,-0.852782,0.451721,0.262124,0.101651,-0.348738,0.93169,-0.005142,0.010391,0.013272,-0.153545,-0.110191,-0.050006,0.307025,0.079298,0.032345,-0.07022,0.572764,0.073183,-0.816446,0.49355,0.764447,0.414764,0.654484,-0.640519,0.401728,-2e-06,-0.0,6e-06,4.5e-05,1.8e-05,-4.8e-05,0.511407
31,0.153267,-0.036899,0.273022,-0.570179,-0.049854,-0.820034,-0.525385,-0.745246,0.410549,-0.630892,0.66498,0.399757,-0.0,-0.0,-0.0,0.004445,-0.107951,0.166989,0.515607,-0.247426,-0.029361,0.296479,-0.523296,-0.814696,0.249846,0.845622,-0.46062,0.269605,-0.103911,0.353387,0.929615,-0.010705,0.018837,0.023842,-0.425595,-0.377525,-1.663382,0.358963,0.002401,0.03896,-0.009762,0.509804,0.824514,0.245511,-0.853171,0.447923,0.267324,0.110443,-0.345746,0.931805,-0.005528,0.00893,0.011201,-1.38776,-1.51936,-5.109518,0.30229,0.079298,0.032345,-0.07022,0.572535,0.073095,-0.816615,0.493689,0.764469,0.414556,0.65458,-0.640502,0.401599,-1e-06,-1e-06,4e-06,5.6e-05,1.6e-05,-2.5e-05,0.511407
32,0.153243,-0.036898,0.273024,-0.569866,-0.049754,-0.820258,-0.525569,-0.745268,0.410274,-0.631022,0.664962,0.399579,-0.0,-0.0,-0.0,0.0,0.0,0.0,0.515924,-0.247848,-0.028624,0.297274,-0.518653,-0.820118,0.241656,0.847332,-0.455671,0.272627,-0.112825,0.347197,0.930907,-0.010995,0.028183,0.013215,-0.013445,-0.101393,0.019236,0.348957,0.00219,0.039323,-0.009363,0.503498,0.830752,0.237358,-0.855661,0.441387,0.270223,0.119722,-0.339155,0.93308,-0.005588,0.008504,0.010686,-0.192909,-0.247567,-0.023687,0.293145,0.079286,0.032345,-0.070219,0.572111,0.07294,-0.816925,0.493942,0.76451,0.414179,0.654758,-0.640471,0.401357,-0.007947,0.000357,0.000445,-0.000928,0.014726,-0.029579,0.511407
33,0.153231,-0.036898,0.273024,-0.56965,-0.049684,-0.820412,-0.525695,-0.745284,0.410084,-0.631112,0.66495,0.399458,-0.0,-0.0,-0.0,0.0,0.0,0.0,0.51524,-0.248066,-0.028263,0.297661,-0.512967,-0.824783,0.237886,0.850249,-0.45041,0.272287,-0.116793,0.342978,0.93198,-0.01106,0.017257,0.021593,-0.372074,-0.395738,-1.717241,0.343889,0.00208,0.039506,-0.009175,0.499347,0.834392,0.233326,-0.857628,0.437803,0.269815,0.122981,-0.334839,0.934214,-0.005547,0.008722,0.010815,-1.295629,-1.556013,-5.132966,0.285961,0.07928,0.032345,-0.070219,0.5719,0.072862,-0.81708,0.494069,0.764531,0.41399,0.654847,-0.640455,0.401237,-0.0,-1e-06,2e-06,6.5e-05,1.8e-05,-1.6e-05,0.511407
34,0.153207,-0.036901,0.273018,-0.569353,-0.049589,-0.820623,-0.525868,-0.745305,0.409824,-0.631235,0.664934,0.39929,-0.0,-1e-06,-1e-06,0.0,0.0,0.0,0.515501,-0.248557,-0.027495,0.298502,-0.507604,-0.831528,0.225588,0.851892,-0.445515,0.275192,-0.127696,0.332916,0.934197,-0.010918,0.017622,0.021883,-0.405282,-0.696853,0.275771,0.342026,0.001838,0.039882,-0.008764,0.4918,0.841565,0.223383,-0.860685,0.431052,0.270952,0.131734,-0.325517,0.936314,-0.005404,0.009068,0.011276,0.056241,-0.089292,-0.011582,0.277959,0.079268,0.032343,-0.070222,0.571608,0.072756,-0.817294,0.494242,0.764559,0.41373,0.654972,-0.640433,0.401069,-0.0,3e-06,7e-06,4.6e-05,1.4e-05,-3.4e-05,0.511244
35,0.153194,-0.036906,0.273012,-0.566939,-0.048878,-0.822336,-0.527076,-0.745652,0.407635,-0.632402,0.664596,0.398005,-2e-06,-1.4e-05,-2.1e-05,0.0,-0.0,0.0,0.515917,-0.249033,-0.026817,0.299341,-0.499452,-0.83882,0.216614,0.855884,-0.439309,0.272772,-0.133024,0.322692,0.937036,-0.026188,0.018607,0.022819,0.310509,-0.344522,-0.253233,0.340317,0.001603,0.040229,-0.008335,0.485064,0.848071,0.213277,-0.863207,0.425323,0.271979,0.139945,-0.31603,0.93837,-0.00553,0.008519,0.010508,0.333789,-0.397867,-0.294271,0.276327,0.079262,0.032341,-0.070225,0.569226,0.071952,-0.819025,0.49545,0.764958,0.411542,0.656132,-0.640047,0.399786,-1e-06,-3e-06,-0.0,-5.8e-05,0.000499,-0.000738,0.51157
36,0.153193,-0.036916,0.272997,-0.564635,-0.048201,-0.823959,-0.528211,-0.745989,0.405543,-0.633516,0.664265,0.396782,-9.8e-05,-0.000758,-0.001115,0.000228,-0.001141,0.001644,0.515866,-0.249315,-0.026481,0.299772,-0.497904,-0.84009,0.215248,0.856871,-0.438602,0.270801,-0.13247,0.320335,0.937923,-0.026319,0.01798,0.021961,0.053843,-0.059657,-0.050069,0.339513,0.001466,0.040392,-0.008126,0.482398,0.850235,0.210693,-0.864901,0.424244,0.268257,0.138697,-0.311635,0.940024,-0.005626,0.008118,0.009978,0.047061,-0.073724,-0.035941,0.27502,0.079261,0.032338,-0.07023,0.566914,0.071174,-0.820695,0.496604,0.765351,0.409415,0.657261,-0.639664,0.398543,-5.5e-05,-0.000423,-0.000622,-0.000511,0.002882,-0.004105,0.511244
37,0.15319,-0.036949,0.272967,-0.562391,-0.047543,-0.82553,-0.529319,-0.746303,0.403514,-0.634587,0.663959,0.395581,-0.000103,-0.000801,-0.00118,0.0,-0.0,0.0,0.515721,-0.249828,-0.025875,0.300529,-0.493421,-0.84423,0.209288,0.859365,-0.436326,0.266543,-0.133092,0.31244,0.940495,-0.011506,0.015024,0.018315,0.119872,-0.144513,-0.068012,0.336635,0.001204,0.040696,-0.007745,0.478101,0.854029,0.205069,-0.867185,0.421965,0.264453,0.139319,-0.304268,0.942343,-0.005866,0.007142,0.008714,0.18434,-0.111569,-0.27303,0.272244,0.079259,0.032321,-0.070245,0.564741,0.070444,-0.822255,0.497693,0.765707,0.407423,0.658307,-0.639319,0.397367,-7.7e-05,-0.000606,-0.000893,-0.000249,0.00145,-0.002076,0.51157
38,0.153196,-0.036994,0.272901,-0.56018,-0.046894,-0.82707,-0.530386,-0.746631,0.401503,-0.635654,0.663636,0.394409,-0.000162,-0.001254,-0.001847,0.0,-0.0,0.0,0.515647,-0.250261,-0.025392,0.301182,-0.488611,-0.848397,0.203653,0.862025,-0.433623,0.262334,-0.133647,0.304806,0.942919,-0.011819,0.013739,0.016646,0.120529,-0.145714,-0.068767,0.333449,0.000979,0.040948,-0.007406,0.473052,0.858222,0.199186,-0.869894,0.419139,0.26001,0.139659,-0.296269,0.944838,-0.005942,0.006791,0.008238,0.115976,-0.14156,-0.069575,0.268162,0.079263,0.032298,-0.070279,0.562578,0.069717,-0.823798,0.498748,0.766077,0.405431,0.659359,-0.638955,0.396207,-8.6e-05,-0.000661,-0.000974,-5.9e-05,0.000381,-0.000568,0.51206
39,0.153192,-0.037032,0.272863,-0.557945,-0.046239,-0.828616,-0.531474,-0.746941,0.399483,-0.636711,0.663332,0.393213,-0.000182,-0.001411,-0.00208,0.0,-0.0,0.0,0.516221,-0.250461,-0.025154,0.301503,-0.487429,-0.849917,0.200113,0.862392,-0.43299,0.262171,-0.135571,0.30144,0.943725,-0.011838,0.013612,0.016447,0.085138,-0.108064,-0.042742,0.332667,0.000883,0.041061,-0.007253,0.471791,0.859739,0.195603,-0.870268,0.418442,0.259883,0.141583,-0.292838,0.945621,-0.005998,0.006555,0.007926,0.094924,-0.099477,-0.079977,0.266529,0.079261,0.032279,-0.070298,0.560366,0.068974,-0.825367,0.49984,0.766435,0.403405,0.660415,-0.638607,0.395008,-9.5e-05,-0.000736,-0.001084,-0.000262,0.001422,-0.002057,0.51206
40,0.153184,-0.037104,0.272775,-0.555708,-0.045584,-0.830154,-0.532555,-0.747249,0.397462,-0.637765,0.66303,0.392014,-0.00018,-0.001397,-0.00206,0.028163,-0.140857,0.202978,0.516033,-0.250804,-0.024705,0.302141,-0.479105,-0.855643,0.195768,0.866574,-0.42586,0.260052,-0.138546,0.295321,0.945227,-0.01215,0.001943,0.023903,0.006736,0.049594,-0.202422,0.335044,0.000711,0.04129,-0.006937,0.463345,0.865334,0.191066,-0.874335,0.411272,0.257666,0.144388,-0.286444,0.947154,-0.006064,0.006257,0.007522,0.038954,-0.047057,-0.049011,0.266039,0.079257,0.032242,-0.070343,0.558339,0.068294,-0.826796,0.500835,0.76676,0.401551,0.661378,-0.63829,0.393908,-0.000109,-0.000849,-0.001251,0.104183,-0.519835,0.749016,0.512877
41,0.153176,-0.037177,0.272686,-0.555826,-0.045622,-0.830073,-0.532506,-0.747223,0.397576,-0.637703,0.663056,0.39207,-0.000171,-0.00132,-0.001948,0.0,-0.0,0.0,0.515663,-0.251048,-0.024348,0.302814,-0.477387,-0.857272,0.192813,0.867195,-0.424536,0.260147,-0.140567,0.292481,0.945811,0.002924,0.01079,0.013002,0.003401,-0.017367,0.022976,0.336498,0.000588,0.041465,-0.006604,0.461386,0.866983,0.188312,-0.875037,0.409668,0.257839,0.146397,-0.283743,0.947658,0.001452,0.005397,0.00651,-0.021449,0.100742,-0.143646,0.268815,0.079252,0.032206,-0.070387,0.558298,0.068283,-0.826824,0.500861,0.766758,0.401519,0.661392,-0.638292,0.39388,-0.000112,-0.000875,-0.001293,-0.000655,0.015731,-0.024353,0.51255
42,0.153158,-0.037221,0.272622,-0.555526,-0.045524,-0.830279,-0.532675,-0.747243,0.397311,-0.637823,0.66304,0.391902,-7.7e-05,-0.000599,-0.000885,0.0,0.0,0.0,0.516589,-0.251246,-0.024166,0.303549,-0.473495,-0.859827,0.191029,0.869469,-0.421868,0.256878,-0.139693,0.288811,0.947068,0.002536,-0.001031,0.020306,0.016557,-0.054986,-0.028615,0.337487,0.000486,0.041562,-0.00623,0.457629,0.869371,0.186463,-0.877178,0.407147,0.254535,0.145368,-0.280045,0.948916,-0.006175,0.000593,0.011426,0.006596,-0.0362,-0.064043,0.269468,0.079243,0.032183,-0.070422,0.558004,0.068174,-0.827032,0.501031,0.766785,0.401256,0.661512,-0.638272,0.393713,-4e-05,-0.000319,-0.000472,5e-06,4e-06,-3e-05,0.513367
43,0.153156,-0.037235,0.2726,-0.555459,-0.045501,-0.830325,-0.532714,-0.747248,0.397252,-0.637849,0.663037,0.391864,-3.9e-05,-0.000303,-0.000447,0.0,0.0,0.0,0.51644,-0.251328,-0.024157,0.303978,-0.471298,-0.86116,0.190453,0.870713,-0.420164,0.25545,-0.139377,0.287312,0.94757,-0.012197,0.001638,0.023352,0.141501,-0.100215,-0.303154,0.338255,0.000449,0.041563,-0.006019,0.456093,0.870185,0.186425,-0.877982,0.405772,0.253959,0.145345,-0.279507,0.949077,0.001186,-0.005954,0.014392,0.239992,-0.298728,-0.173593,0.270448,0.079242,0.032175,-0.070433,0.557939,0.068149,-0.827078,0.501069,0.766791,0.401197,0.661538,-0.638267,0.393676,-2.1e-05,-0.000169,-0.000249,1.4e-05,3e-06,-0.0,0.513367
44,0.153154,-0.03725,0.272578,-0.555274,-0.045438,-0.830453,-0.532819,-0.74726,0.397087,-0.637923,0.663027,0.391761,-1.2e-05,-8.9e-05,-0.000132,0.0,0.0,0.0,0.516438,-0.25141,-0.024361,0.304958,-0.467106,-0.863715,0.189209,0.872986,-0.416779,0.253232,-0.139282,0.284555,0.948416,0.002422,-0.011803,0.028847,0.014822,-0.077055,-0.069358,0.340377,0.000403,0.041467,-0.00553,0.451301,0.873059,0.184645,-0.880538,0.402094,0.250943,0.144843,-0.275838,0.950227,0.001262,-0.005655,0.014721,0.023118,-0.102791,-0.056962,0.272407,0.079242,0.032168,-0.070443,0.557756,0.06808,-0.827207,0.501175,0.766808,0.401033,0.661612,-0.638254,0.393573,-1e-06,-2.1e-05,-2.9e-05,1.2e-05,-2e-06,1.2e-05,0.51353
45,0.153167,-0.037254,0.27259,-0.554896,-0.045306,-0.830712,-0.533053,-0.747268,0.396758,-0.638057,0.663027,0.391544,6e-06,4.5e-05,6.6e-05,0.0,0.0,0.0,0.516782,-0.251458,-0.024834,0.306162,-0.460659,-0.868209,0.184388,0.876485,-0.412487,0.24812,-0.13879,0.277009,0.950719,0.002689,-0.010795,0.029987,0.266315,-0.372085,-0.231204,0.341632,0.000379,0.041228,-0.00493,0.445731,0.876694,0.180916,-0.883393,0.398123,0.247209,0.1447,-0.270009,0.951922,0.001147,-0.011234,0.018775,0.243572,-0.370404,-0.31388,0.274694,0.079248,0.032167,-0.070436,0.557386,0.067934,-0.827469,0.501409,0.766826,0.400706,0.661747,-0.638248,0.393356,3e-06,3.1e-05,4.7e-05,3e-06,-6e-06,7e-06,0.513367
46,0.153167,-0.037254,0.27259,-0.555484,-0.042589,-0.830464,-0.533315,-0.748,0.395022,-0.637326,0.662377,0.393827,0.0,1e-06,1e-06,0.122106,0.289155,0.183472,0.516702,-0.251454,-0.025164,0.306845,-0.459178,-0.869234,0.183249,0.877148,-0.41124,0.247846,-0.139506,0.275641,0.951012,0.002527,-0.021741,0.038379,-0.07313,-0.016501,-0.020049,0.341711,0.000381,0.041068,-0.004592,0.442954,0.878618,0.178382,-0.884778,0.396271,0.245226,0.144772,-0.266453,0.952913,0.001169,-0.011136,0.018881,-0.120851,0.035134,-0.047164,0.27502,0.079248,0.032167,-0.070436,0.557668,0.066608,-0.827386,0.501509,0.76724,0.399788,0.661433,-0.637891,0.394461,3e-06,2e-06,5e-06,0.243492,0.478815,0.297971,0.51353
47,0.153165,-0.037264,0.272576,-0.555518,-0.0426,-0.83044,-0.533296,-0.747998,0.395052,-0.637312,0.662379,0.393846,-0.00011,-0.000851,-0.001257,2.6e-05,6.2e-05,3.9e-05,0.516833,-0.251461,-0.02596,0.30821,-0.452846,-0.873184,0.180203,0.880788,-0.407009,0.241848,-0.137272,0.269345,0.953138,-0.013216,-0.022817,0.036977,-0.016882,-0.053725,-0.11818,0.345843,0.000385,0.040675,-0.003903,0.436752,0.882304,0.17546,-0.888233,0.392077,0.239409,0.142437,-0.260412,0.954932,0.000862,-0.012261,0.017536,-0.026954,-0.069435,-0.099594,0.277959,0.079248,0.032164,-0.07044,0.558122,0.065214,-0.827192,0.501644,0.767571,0.398982,0.660948,-0.637637,0.395684,-6.2e-05,-0.000495,-0.000731,-0.00253,0.012867,-0.025847,0.513693
48,0.153164,-0.037274,0.272561,-0.555434,-0.042572,-0.830498,-0.533344,-0.748003,0.394978,-0.637345,0.662375,0.393799,-1.2e-05,-9.2e-05,-0.000135,0.0,0.0,0.0,0.517132,-0.25145,-0.02687,0.309551,-0.4478,-0.876057,0.178862,0.8836,-0.403211,0.237923,-0.135759,0.265693,0.954379,0.001667,-0.024885,0.034615,0.057404,-0.151084,-0.142211,0.348776,0.000384,0.040219,-0.003234,0.431964,0.884839,0.174546,-0.890786,0.388303,0.236052,0.141091,-0.257449,0.955935,0.000817,-0.012421,0.017335,0.127354,-0.221294,-0.165004,0.281062,0.079247,0.032157,-0.070451,0.558029,0.065214,-0.827254,0.501691,0.767568,0.398927,0.66099,-0.63764,0.395609,-3e-06,-3.5e-05,-5.1e-05,8.7e-05,-0.000115,-7.4e-05,0.51402
49,0.153163,-0.037284,0.272547,-0.553107,-0.041888,-0.832084,-0.534443,-0.748331,0.392866,-0.638448,0.662048,0.39256,-3e-06,-2.4e-05,-3.5e-05,0.0,0.0,0.0,0.517434,-0.251461,-0.02771,0.310751,-0.444734,-0.878068,0.176638,0.884924,-0.400567,0.237466,-0.137204,0.263031,0.95491,-0.013445,-0.013234,0.026905,0.145022,-0.2137,-0.195413,0.351912,0.000384,0.039794,-0.002631,0.429183,0.886529,0.172821,-0.891856,0.385703,0.236272,0.142804,-0.255535,0.956194,0.000631,-0.013112,0.016517,0.268105,-0.357249,-0.212966,0.285634,0.079246,0.032152,-0.070458,0.555734,0.064444,-0.828857,0.502787,0.767945,0.396818,0.66209,-0.637265,0.394372,0.0,-0.0,0.0,7e-06,0.000352,-0.000609,0.51451
50,0.153162,-0.037289,0.27254,-0.553124,-0.041894,-0.832072,-0.534433,-0.74833,0.392881,-0.638442,0.662048,0.39257,-2e-06,-1.7e-05,-2.6e-05,0.0,0.0,0.0,0.517183,-0.251489,-0.02808,0.311304,-0.442941,-0.879154,0.175739,0.885742,-0.399006,0.237044,-0.137727,0.261768,0.955182,0.00134,-0.026083,0.033192,-0.043747,-0.037537,-0.067375,0.353133,0.000364,0.039613,-0.002358,0.426687,0.888089,0.170981,-0.893052,0.383882,0.234717,0.142813,-0.252846,0.956907,-0.006785,-0.006767,0.013275,-0.022685,-0.030556,-0.08872,0.287267,0.079246,0.032149,-0.070462,0.555756,0.064453,-0.828843,0.502774,0.767944,0.396837,0.662082,-0.637265,0.394384,0.0,5e-06,6e-06,6.1e-05,1.3e-05,-0.000104,0.51451
51,0.153162,-0.037294,0.272532,-0.553023,-0.04186,-0.832141,-0.53449,-0.748336,0.392791,-0.638482,0.662043,0.392513,-0.0,-0.0,-0.0,0.0,0.0,0.0,0.517445,-0.251594,-0.028622,0.31223,-0.440766,-0.880314,0.175397,0.886641,-0.39675,0.237467,-0.13891,0.261295,0.95514,-0.013461,-0.002911,0.01771,-0.034345,0.014205,-0.021392,0.35622,0.000317,0.039333,-0.00189,0.424358,0.889248,0.170753,-0.893947,0.381412,0.235332,0.144142,-0.252509,0.956797,0.000619,-0.007987,0.011885,-0.08281,0.028306,-0.005208,0.291186,0.079245,0.032147,-0.070465,0.555656,0.064417,-0.828912,0.502828,0.767954,0.396748,0.662124,-0.637257,0.394328,0.0,8e-06,1.3e-05,5.8e-05,-5e-06,-9e-06,0.514999
52,0.153162,-0.037294,0.272532,-0.552904,-0.04182,-0.832222,-0.534557,-0.748343,0.392686,-0.638528,0.662037,0.392447,-0.0,-0.0,-0.0,0.0,0.0,0.0,0.517597,-0.251834,-0.028908,0.31296,-0.438496,-0.881536,0.17495,0.887684,-0.394626,0.237113,-0.139439,0.260389,0.95531,-0.013666,-0.00367,0.016806,-0.037706,0.03089,-0.044846,0.357059,0.000198,0.039191,-0.001524,0.42214,0.890377,0.17037,-0.894907,0.379304,0.235093,0.144699,-0.251708,0.956924,0.000783,-0.002217,0.008002,-0.038149,0.005521,0.011646,0.292819,0.079246,0.032147,-0.070465,0.555539,0.064373,-0.828994,0.502896,0.767964,0.396642,0.662171,-0.637248,0.394262,-3e-06,2e-06,9e-06,4.9e-05,1.2e-05,-3.4e-05,0.514999
53,0.153162,-0.037294,0.272532,-0.552785,-0.041779,-0.832303,-0.534625,-0.748351,0.39258,-0.638575,0.662031,0.392382,-0.0,-0.0,-0.0,0.0,0.0,0.0,0.517536,-0.251983,-0.028944,0.313266,-0.437934,-0.881686,0.175602,0.887909,-0.393837,0.237582,-0.139771,0.261079,0.955073,0.001563,-0.004543,0.015859,-0.034241,0.001266,0.009309,0.357904,0.000117,0.03917,-0.001366,0.421598,0.890497,0.17108,-0.895103,0.378511,0.235622,0.145065,-0.252473,0.956667,0.000769,-0.002272,0.007932,-0.034453,0.002267,0.011401,0.293635,0.079246,0.032147,-0.070465,0.555423,0.064328,-0.829075,0.502963,0.767974,0.396537,0.662217,-0.637241,0.394196,-4e-06,1e-06,8e-06,5.2e-05,1.5e-05,-3.5e-05,0.514999
54,0.153161,-0.037299,0.272525,-0.552684,-0.041745,-0.832372,-0.534682,-0.748357,0.39249,-0.638615,0.662027,0.392325,-2e-06,-1.4e-05,-2.1e-05,0.0,0.0,0.0,0.517704,-0.252322,-0.028822,0.313754,-0.436324,-0.882152,0.177259,0.888688,-0.391883,0.237902,-0.139859,0.262446,0.954686,-0.013178,0.008405,0.009627,-0.000502,0.000662,-0.004415,0.359513,-5.2e-05,0.039231,-0.001123,0.420043,0.890912,0.172739,-0.895818,0.376606,0.235958,0.145163,-0.253856,0.956286,-0.006599,0.004203,0.004818,-0.000282,0.00103,-0.003,0.296574,0.079245,0.032145,-0.070469,0.555323,0.06429,-0.829145,0.50302,0.767984,0.396447,0.662258,-0.637233,0.394141,-3e-06,-3e-06,-1e-06,3.6e-05,-1.5e-05,-1.7e-05,0.514999
55,0.153149,-0.037303,0.272518,-0.552601,-0.04172,-0.832428,-0.534727,-0.748362,0.392418,-0.638648,0.662023,0.392278,-3e-06,-2.3e-05,-3.5e-05,0.0,0.0,0.0,0.517585,-0.252683,-0.028522,0.314177,-0.434481,-0.882701,0.179045,0.88964,-0.3898,0.237762,-0.139542,0.263705,0.954385,-0.012769,0.009841,0.011246,-0.000503,0.000665,-0.004413,0.356512,-0.000228,0.039376,-0.000917,0.418236,0.891415,0.174521,-0.896713,0.374551,0.235831,0.144856,-0.255128,0.955994,-0.006361,0.005039,0.005763,-0.000377,0.000919,-0.00345,0.296248,0.079239,0.032143,-0.070472,0.555242,0.064262,-0.829201,0.503065,0.767991,0.396376,0.662292,-0.637228,0.394093,-2e-06,-7e-06,-8e-06,3.1e-05,-1.5e-05,-1e-05,0.515163
56,0.153137,-0.037302,0.272519,-0.552383,-0.041649,-0.832577,-0.53485,-0.748376,0.392226,-0.638735,0.662012,0.392155,-0.0,-0.0,-0.0,0.0,0.0,0.0,0.518205,-0.25305,-0.028175,0.314589,-0.432787,-0.883205,0.180657,0.890523,-0.387914,0.237542,-0.139182,0.264801,0.954134,0.002079,0.007614,0.008732,0.001541,-0.014539,0.024833,0.352388,-0.000417,0.039552,-0.000708,0.416543,0.891887,0.176147,-0.897557,0.372657,0.235619,0.144503,-0.256248,0.955748,-0.006439,0.004706,0.005366,-0.000434,0.000828,-0.003759,0.292982,0.079233,0.032143,-0.070472,0.555027,0.064183,-0.829351,0.503188,0.768009,0.396184,0.662378,-0.637214,0.39397,-2e-06,2e-06,9e-06,4.6e-05,1.8e-05,-2.7e-05,0.515326
57,0.153136,-0.037307,0.272512,-0.552281,-0.041615,-0.832646,-0.534907,-0.748382,0.392136,-0.638775,0.662007,0.392098,-2.9e-05,-0.000228,-0.000337,0.0,0.0,0.0,0.518041,-0.253242,-0.027987,0.314804,-0.432,-0.883438,0.181399,0.890932,-0.387043,0.237428,-0.139008,0.2653,0.954021,-0.012589,0.010383,0.011805,-0.011132,0.101006,-0.175791,0.34988,-0.000508,0.039643,-0.000604,0.415885,0.892071,0.176769,-0.897885,0.371925,0.235527,0.144362,-0.256671,0.955656,-0.006256,0.005359,0.006098,-0.000438,0.000797,-0.003873,0.290043,0.079233,0.032141,-0.070475,0.554928,0.064145,-0.829421,0.503246,0.768018,0.396095,0.662418,-0.637207,0.393914,-2.2e-05,-0.000147,-0.000211,4.5e-05,8e-06,-1.4e-05,0.515653
