frame,MLTx,MLTy,MLTz,MLTR1,MLTR2,MLTR3,MLTR4,MLTR5,MLTR6,MLTR7,MLTR8,MLTR9,MLTTVx,MLTTVy,MLTTVz,MLTRVx,MLTRVy,MLTRVz,MLGA,MRTx,MRTy,MRTz,MRTR1,MRTR2,MRTR3,MRTR4,MRTR5,MRTR6,MRTR7,MRTR8,MRTR9,MRTTVx,MRTTVy,MRTTVz,MRTRVx,MRTRVy,MRTRVz,MRGA,SLTx,SLTy,SLTz,SLTR1,SLTR2,SLTR3,SLTR4,SLTR5,SLTR6,SLTR7,SLTR8,SLTR9,SLTTVx,SLTTVy,SLTTVz,SLTRVx,SLTRVy,SLTRVz,SLGA,SRTx,SRTy,SRTz,SRTR1,SRTR2,SRTR3,SRTR4,SRTR5,SRTR6,SRTR7,SRTR8,SRTR9,SRTTVx,SRTTVy,SRTTVz,SRTRVx,SRTRVy,SRTRVz,SRGA
1,0.154712,0.019263,0.408815,-0.704156,0.369055,-0.606637,-0.415858,-0.90679,-0.069036,-0.5747,0.203198,0.792754,-0.012233,0.000808,0.00081,-0.000984,0.014715,-0.029553,0.443936,-0.194008,0.048114,0.387686,0.448467,0.833733,0.322116,-0.885385,0.463609,0.033076,-0.122308,-0.301084,0.945649,-0.008931,0.007987,0.032186,-0.04281,-0.032341,-0.006529,0.1508,-0.007699,0.04165,0.009589,-0.325611,-0.901766,0.284244,0.923837,-0.367421,-0.107357,0.201249,0.227639,0.952722,-0.004758,0.009015,0.011564,-0.013336,-0.010522,-0.012776,0.024859,0.115551,0.031427,-0.038398,-0.653794,0.436734,-0.617912,-0.495708,-0.86419,-0.086307,-0.571687,0.249877,0.781494,-0.006118,0.000399,0.000402,-0.000983,0.014703,-0.029543,0.407228
2,0.154692,0.019263,0.408794,-0.7041,0.369122,-0.606661,-0.415883,-0.906771,-0.06913,-0.574749,0.203161,0.792727,-3e-06,-3.3e-05,-1.6e-05,0.0,0.0,0.0,0.447474,-0.194149,0.048568,0.388877,0.44999,0.835271,0.315948,-0.885527,0.462997,0.037553,-0.115466,-0.297736,0.947567,-0.009291,0.020656,0.024189,0.126553,-0.193055,-0.077693,0.156048,-0.007765,0.041873,0.010187,-0.328016,-0.902465,0.279214,0.924414,-0.367523,-0.101908,0.194586,0.224682,0.954805,0.001372,0.004826,0.016004,0.24894,-0.366625,-0.148243,0.028451,0.115541,0.031426,-0.038409,-0.653732,0.436795,-0.617934,-0.495729,-0.864168,-0.086401,-0.571739,0.249845,0.781467,-1e-06,-1e-05,-5e-06,-6e-06,-1e-06,-3e-06,0.410167
3,0.154682,0.019285,0.408761,-0.704085,0.369132,-0.606672,-0.415833,-0.906787,-0.069223,-0.574804,0.20307,0.792711,-0.0,-0.0,-0.0,0.0,0.0,0.0,0.448799,-0.19433,0.048899,0.390029,0.448822,0.835597,0.316747,-0.886368,0.46121,0.039622,-0.113527,-0.299595,0.947215,-0.009008,0.005439,0.030754,-0.083449,0.104347,-0.189246,0.155356,-0.007858,0.042057,0.010777,-0.32659,-0.903044,0.279012,0.925296,-0.365687,-0.100496,0.192784,0.225348,0.955013,-0.004506,0.003027,0.015525,-0.071738,0.000474,0.012876,0.03237,0.115536,0.031438,-0.038425,-0.653716,0.436805,-0.617944,-0.495679,-0.864187,-0.086493,-0.571801,0.24976,0.781449,-2e-06,1.2e-05,6e-06,-2.4e-05,-2.9e-05,-2.3e-05,0.413433
4,0.154682,0.019308,0.40874,-0.704053,0.369166,-0.606689,-0.415817,-0.906788,-0.069313,-0.574855,0.203007,0.79269,-0.0,0.009884,-0.009673,0.035725,-0.011502,0.019049,0.449438,-0.19442,0.048958,0.390632,0.452478,0.833314,0.31756,-0.884409,0.464866,0.040658,-0.114296,-0.300303,0.946899,0.002409,0.002938,0.028744,-0.034072,0.095037,-0.018795,0.155082,-0.007907,0.04209,0.01108,-0.330188,-0.901286,0.28046,0.92389,-0.369465,-0.099608,0.193396,0.226225,0.954683,-0.004577,0.001689,0.014886,0.089566,0.037034,0.462601,0.031391,0.115536,0.031445,-0.038432,-0.653692,0.436825,-0.617955,-0.495667,-0.864188,-0.086553,-0.571839,0.249721,0.781433,-3e-06,9e-06,6e-06,-2.2e-05,-4.2e-05,-2.3e-05,0.414412
5,0.154681,0.019322,0.408714,-0.704033,0.369184,-0.606701,-0.415788,-0.906795,-0.06939,-0.574901,0.202941,0.792674,-5.9e-05,-0.000593,-0.000292,0.0,0.0,0.0,0.450871,-0.194545,0.048744,0.391936,0.453066,0.833764,0.31553,-0.884039,0.465698,0.039175,-0.114833,-0.297744,0.947642,-0.008906,-0.012733,0.036082,-0.072668,-0.005587,-0.081595,0.161821,-0.007967,0.041996,0.011718,-0.331033,-0.901654,0.278274,0.923351,-0.37031,-0.101454,0.194525,0.22336,0.955128,-0.004454,-0.005997,0.018211,-0.074909,-0.015566,-0.058625,0.036453,0.115536,0.031458,-0.038448,-0.653659,0.436851,-0.617972,-0.495631,-0.864199,-0.086659,-0.571908,0.249641,0.781408,-5.1e-05,-0.00046,-0.000225,-7e-06,-3.6e-05,-6e-06,0.416535
6,0.154689,0.019306,0.408706,-0.704044,0.369169,-0.606698,-0.415776,-0.906802,-0.069378,-0.574896,0.202939,0.792677,-0.000133,-0.001345,-0.000663,0.0,0.0,0.0,0.451064,-0.19461,0.048189,0.393215,0.448731,0.837757,0.311118,-0.88638,0.461467,0.036204,-0.11379,-0.293075,0.949221,0.002317,-0.018133,0.032848,-0.019491,-0.080059,-0.08652,0.161537,-0.008002,0.041717,0.012372,-0.326862,-0.904768,0.273047,0.92493,-0.365584,-0.104173,0.194074,0.218499,0.956343,-0.004624,-0.008954,0.016884,-0.021579,-0.065713,-0.12055,0.037596,0.115539,0.031451,-0.038451,-0.653671,0.436837,-0.617969,-0.49562,-0.864206,-0.086648,-0.571904,0.249639,0.781412,-7.9e-05,-0.000776,-0.000382,-0.001006,0.011365,-0.026468,0.417678
7,0.15468,0.019306,0.408706,-0.704059,0.369151,-0.60669,-0.41576,-0.90681,-0.069364,-0.574888,0.202936,0.792684,-2e-06,-2e-05,-1e-05,0.0,0.0,0.0,0.45201,-0.194628,0.04779,0.393849,0.446566,0.840167,0.307716,-0.887521,0.459443,0.033938,-0.11341,-0.289323,0.950417,-0.009354,-0.020533,0.032618,-0.049126,-0.033339,-0.097279,0.162299,-0.008007,0.041518,0.012689,-0.324812,-0.906741,0.268919,0.925598,-0.363184,-0.106606,0.194331,0.214284,0.957244,0.001042,-0.010696,0.015707,-0.082534,-0.009829,-0.056516,0.038086,0.115534,0.031448,-0.038453,-0.653688,0.436821,-0.617963,-0.495606,-0.864215,-0.086633,-0.571897,0.249635,0.781418,-1e-06,5e-06,4e-06,4e-06,-0.0,-2e-06,0.418331
8,0.15468,0.019306,0.408706,-0.704059,0.369151,-0.60669,-0.41576,-0.90681,-0.069364,-0.574888,0.202936,0.792684,-0.0,-0.0,-0.0,0.0,0.0,0.0,0.452904,-0.194641,0.046966,0.394881,0.444816,0.842291,0.304428,-0.887077,0.461081,0.020812,-0.12338,-0.280374,0.951857,0.001292,-0.016478,0.019983,0.229888,-0.414387,-0.02419,0.159453,-0.008017,0.041104,0.013209,-0.323467,-0.907862,0.266745,0.923842,-0.363973,-0.118484,0.204655,0.208105,0.956455,0.000574,-0.009132,0.009589,0.367297,-0.497303,-0.306286,0.039065,0.115535,0.031448,-0.038452,-0.653688,0.436821,-0.617962,-0.495606,-0.864215,-0.086634,-0.571896,0.249634,0.781419,-5e-06,1e-05,7e-06,-3e-05,-5.5e-05,-3.2e-05,0.419801
9,0.15468,0.019307,0.408717,-0.704057,0.369156,-0.60669,-0.415779,-0.906802,-0.069347,-0.574877,0.20296,0.792686,2e-06,-0.009865,0.009682,-0.035725,0.011503,-0.019049,0.452694,-0.194657,0.046352,0.395379,0.450146,0.837406,0.310019,-0.881992,0.471118,0.008461,-0.13952,-0.278303,0.950234,0.000324,-0.013743,0.007536,0.003569,-0.11046,0.140894,0.129949,-0.008025,0.040799,0.013464,-0.328122,-0.904589,0.272126,0.91838,-0.372924,-0.1323,0.22116,0.206505,0.953122,0.000111,-0.007507,0.003482,-0.048819,0.017346,-0.047839,0.022083,0.115535,0.031452,-0.03845,-0.653674,0.436836,-0.617967,-0.495618,-0.864207,-0.086646,-0.571903,0.249638,0.781413,-4e-06,1.1e-05,6e-06,-1.1e-05,-1.1e-05,-8e-06,0.420128
10,0.154691,0.019322,0.408725,-0.704015,0.369206,-0.606708,-0.415821,-0.90678,-0.069386,-0.574898,0.202968,0.792669,1.4e-05,0.000138,6.8e-05,0.0,0.0,0.0,0.452017,-0.194712,0.046034,0.395321,0.45341,0.833583,0.315517,-0.878789,0.477135,0.002644,-0.148894,-0.279527,0.948451,-0.00046,-0.007818,-0.003516,-0.001793,0.013034,-0.025638,0.075408,-0.008053,0.040637,0.013439,-0.33129,-0.901468,0.278573,0.915113,-0.378901,-0.137846,0.229815,0.209258,0.950471,-0.000532,0.000629,-0.006573,0.030447,-0.000113,-0.006295,-0.031966,0.11554,0.031456,-0.038443,-0.653639,0.436872,-0.617978,-0.495663,-0.86418,-0.086656,-0.571903,0.249667,0.781403,8e-06,9.1e-05,4.5e-05,-3e-06,6e-06,4e-06,0.420128
11,0.154692,0.01933,0.408728,-0.704002,0.369223,-0.606713,-0.415835,-0.906773,-0.069399,-0.574904,0.20297,0.792664,3.1e-05,0.000312,0.000154,0.0,0.0,0.0,0.451386,-0.194718,0.045936,0.395174,0.452904,0.833766,0.315759,-0.878996,0.476754,0.002261,-0.149207,-0.279631,0.948371,-0.001109,0.000396,-0.013543,0.0346,0.001734,-0.007784,0.048665,-0.008056,0.040582,0.013368,-0.330749,-0.901616,0.278734,0.915249,-0.37846,-0.138152,0.23005,0.209418,0.950379,-0.00031,-0.00526,-0.00237,-0.014654,0.102802,-0.201991,-0.066094,0.115541,0.03146,-0.038441,-0.653624,0.436887,-0.617984,-0.495675,-0.864172,-0.086669,-0.571909,0.24967,0.781398,1.8e-05,0.000189,9.3e-05,9e-06,1.4e-05,2e-05,0.419964
12,0.154693,0.019346,0.408736,-0.703976,0.369255,-0.606724,-0.415862,-0.906759,-0.069424,-0.574917,0.202975,0.792653,3.7e-05,0.000369,0.000182,0.0,0.0,0.0,0.450913,-0.194686,0.045683,0.394776,0.459978,0.830243,0.314814,-0.874473,0.485005,-0.001011,-0.154087,-0.275883,0.948688,0.01083,-0.012757,-0.006601,0.070168,-0.083154,-0.042675,-0.070901,-0.008045,0.040456,0.013165,-0.338256,-0.89879,0.278851,0.911151,-0.386903,-0.141805,0.235341,0.206109,0.949806,-0.000644,-0.001378,-0.007493,0.105338,-0.006232,-0.240428,-0.168314,0.115541,0.031468,-0.038437,-0.653595,0.436917,-0.617993,-0.4957,-0.864155,-0.086695,-0.571921,0.249676,0.781387,2.1e-05,0.000224,0.00011,-5e-06,8e-06,7e-06,0.419638
13,0.154693,0.019346,0.408736,-0.703976,0.369255,-0.606724,-0.415862,-0.906759,-0.069424,-0.574917,0.202975,0.792653,0.0,0.0,0.0,0.0,0.0,0.0,0.45057,-0.194596,0.045484,0.394316,0.476743,0.820511,0.315387,-0.863474,0.504287,-0.006351,-0.16484,-0.27034,0.948476,-0.000645,-0.010985,-0.004999,0.020593,-0.012916,-0.040497,-0.231325,-0.007996,0.040349,0.012931,-0.355679,-0.891059,0.281967,0.90149,-0.406689,-0.148043,0.246588,0.201535,0.947933,0.005214,-0.000364,-0.007457,0.024397,0.068193,-0.162159,-0.311356,0.115541,0.031468,-0.038437,-0.653595,0.436916,-0.617994,-0.4957,-0.864155,-0.086694,-0.571921,0.249677,0.781387,4e-06,-1.3e-05,-7e-06,3.3e-05,4.9e-05,3.9e-05,0.419148
14,0.154693,0.019346,0.408736,-0.703976,0.369255,-0.606724,-0.415862,-0.906759,-0.069424,-0.574917,0.202975,0.792653,0.0,0.0,0.0,0.0,0.0,0.0,0.450644,-0.19453,0.045447,0.394066,0.485783,0.815965,0.31338,-0.857611,0.514156,-0.00895,-0.169024,-0.265445,0.949122,-0.000582,-0.009953,-0.004539,0.024841,-0.017783,-0.043203,-0.324046,-0.007962,0.040329,0.01281,-0.365307,-0.887352,0.281347,0.896342,-0.416871,-0.150956,0.251236,0.197038,0.947658,0.005261,0.000397,-0.007116,0.047193,-0.030566,0.009322,-0.393002,0.115541,0.031468,-0.038437,-0.653595,0.436916,-0.617994,-0.4957,-0.864155,-0.086694,-0.571921,0.249677,0.781387,7e-06,-1.1e-05,-6e-06,3.4e-05,6.5e-05,4.1e-05,0.418985
15,0.154684,0.019346,0.408737,-0.703991,0.369237,-0.606717,-0.415847,-0.906767,-0.06941,-0.574909,0.202972,0.79266,0.0,0.0,0.0,0.0,0.0,0.0,0.450554,-0.194411,0.045446,0.393475,0.494236,0.812438,0.3093,-0.851706,0.523758,-0.014429,-0.174326,-0.257331,0.950397,-0.001241,-0.001938,-0.014665,0.071252,-0.040709,-0.032196,-0.534761,-0.007902,0.040332,0.012522,-0.374487,-0.884396,0.278572,0.890805,-0.426536,-0.156628,0.257342,0.189498,0.947557,0.005215,-0.00052,-0.007542,0.066482,-0.049692,-0.003282,-0.582255,0.115537,0.031469,-0.038437,-0.653612,0.4369,-0.617987,-0.495686,-0.864165,-0.08668,-0.571914,0.249673,0.781394,8e-06,-8e-06,-6e-06,2.8e-05,6.7e-05,3.8e-05,0.418821
16,0.154692,0.01933,0.408728,-0.704002,0.369223,-0.606713,-0.415835,-0.906773,-0.069399,-0.574904,0.20297,0.792664,-0.000157,-0.001586,-0.000782,-0.001,0.011377,-0.02646,0.449464,-0.194346,0.045431,0.39287,0.494303,0.813889,0.305354,-0.851866,0.523457,-0.015856,-0.17335,-0.253315,0.951654,-0.00117,-0.000728,-0.014126,0.039019,-0.003307,-0.010697,-0.831708,-0.007871,0.040319,0.012207,-0.374809,-0.885506,0.274584,0.890803,-0.42604,-0.157985,0.256881,0.185386,0.948495,-0.000574,-0.000332,-0.00705,0.02438,0.019012,-0.002883,-0.743913,0.115541,0.031464,-0.038439,-0.653609,0.436902,-0.617989,-0.495688,-0.864163,-0.086682,-0.571915,0.249674,0.781393,5e-06,-5e-06,-3e-06,1e-05,1.9e-05,1.1e-05,0.418658
17,0.154701,0.019329,0.408728,-0.703987,0.369241,-0.606721,-0.41585,-0.906765,-0.069413,-0.574912,0.202974,0.792657,-2e-06,-2e-05,-1e-05,0.0,0.0,0.0,0.448644,-0.194344,0.045452,0.392568,0.499075,0.81098,0.305331,-0.848639,0.528649,-0.01662,-0.175503,-0.251849,0.951648,-0.001136,-0.000138,-0.013861,0.03468,0.00174,-0.007754,-1.015336,-0.00787,0.040329,0.012055,-0.379824,-0.883067,0.275547,0.888025,-0.431505,-0.158788,0.25912,0.184381,0.948082,-0.000556,-1.3e-05,-0.006904,0.031824,0.003815,-0.006809,-0.720073,0.115545,0.03146,-0.038442,-0.653607,0.436904,-0.61799,-0.49569,-0.864162,-0.086683,-0.571917,0.249675,0.781391,4e-06,-1e-06,-1e-06,4e-06,2e-06,6e-06,0.418005
18,0.154718,0.019312,0.408719,-0.703891,0.369356,-0.606761,-0.415947,-0.906714,-0.069503,-0.57496,0.202992,0.792618,-4e-06,-4.4e-05,-2.2e-05,0.0,0.0,0.0,0.444499,-0.194371,0.045496,0.391997,0.51252,0.80241,0.3057,-0.83935,0.543222,-0.018281,-0.18136,-0.248238,0.951498,-0.001555,0.012084,-0.022016,0.072783,-0.022827,0.035593,-1.358837,-0.007883,0.040344,0.011777,-0.393896,-0.876031,0.278233,0.880067,-0.446787,-0.160816,0.265191,0.181519,0.946955,-0.000557,-1.5e-05,-0.006908,0.021722,0.091477,-0.184656,-0.722685,0.115553,0.031451,-0.038446,-0.6535,0.43701,-0.618028,-0.49578,-0.864101,-0.086775,-0.571961,0.249698,0.781351,0.0,-1.5e-05,-8e-06,-4e-06,-2e-06,-1.1e-05,0.414576
19,0.154728,0.019394,0.40865,-0.703753,0.369503,-0.606832,-0.415922,-0.9067,-0.069829,-0.575146,0.202787,0.792535,4e-06,3.7e-05,1.8e-05,0.0,0.0,0.0,0.438792,-0.194399,0.045772,0.391368,0.532067,0.789462,0.306016,-0.826126,0.563194,-0.016178,-0.185771,-0.245202,0.951434,-0.001392,0.014881,-0.020704,0.036839,-0.003356,0.027537,-1.404339,-0.007897,0.040478,0.011465,-0.414609,-0.865165,0.282113,0.869114,-0.468352,-0.159012,0.2697,0.179261,0.946111,-0.000683,0.007531,-0.010311,-0.117354,-0.194898,0.07034,-0.726441,0.115559,0.031492,-0.038481,-0.653347,0.437144,-0.618094,-0.495746,-0.864088,-0.0871,-0.572164,0.249511,0.781262,1e-06,0.004967,-0.004825,0.035717,-0.011525,0.019035,0.408861
20,0.154721,0.01964,0.408433,-0.703585,0.369641,-0.606943,-0.415581,-0.906798,-0.070593,-0.575598,0.2021,0.792383,-0.012224,0.010733,-0.008837,0.034739,0.003192,-0.010513,0.442451,-0.194465,0.046256,0.390641,0.539523,0.782912,0.309767,-0.821384,0.570226,-0.010221,-0.185302,-0.249917,0.950299,-0.001472,0.013462,-0.021342,-0.210644,0.368985,0.374318,-1.40501,-0.007931,0.040734,0.011093,-0.421725,-0.860445,0.285975,0.865873,-0.475771,-0.154611,0.269093,0.182415,0.945681,-0.000728,0.006723,-0.010678,-0.333546,0.513401,0.43873,-0.723338,0.115555,0.031616,-0.038589,-0.653166,0.437266,-0.618199,-0.495398,-0.864211,-0.087857,-0.572672,0.24887,0.781094,-0.006112,0.005352,-0.004426,0.034745,0.003184,-0.010496,0.406085
21,0.154693,0.019827,0.408243,-0.703361,0.369863,-0.607067,-0.415382,-0.906832,-0.071315,-0.576015,0.201539,0.792222,-0.000131,0.008566,-0.010313,0.035721,-0.01154,0.019033,0.448969,-0.194498,0.046614,0.390146,0.541083,0.780382,0.313407,-0.820231,0.571923,-0.007627,-0.185861,-0.25393,0.949125,-0.001973,0.024199,-0.03012,-0.182204,0.302574,0.251288,-1.405537,-0.007946,0.040903,0.010856,-0.423093,-0.858368,0.290165,0.865223,-0.477821,-0.151902,0.269035,0.186789,0.944843,-0.000763,0.006035,-0.010991,-0.384569,0.514816,0.300248,-0.719909,0.115541,0.031709,-0.038679,-0.652932,0.437456,-0.618313,-0.495192,-0.864258,-0.088545,-0.573117,0.24837,0.780927,-7.3e-05,0.004154,-0.00522,0.034742,-0.00011,-0.007388,0.40935
22,0.154637,0.020337,0.407591,-0.701548,0.362064,-0.613828,-0.403534,-0.911731,-0.076666,-0.586537,0.193459,0.786495,-0.000491,0.014791,-0.021761,3.429945,0.208696,-4.205055,0.448352,-0.194582,0.047531,0.388867,0.556447,0.763442,0.327895,-0.809066,0.587638,0.005151,-0.189436,-0.269124,0.944219,-0.002181,0.020534,-0.031768,-0.278497,0.422349,0.290969,-1.405874,-0.007988,0.041367,0.01022,-0.43833,-0.844192,0.308553,0.857213,-0.495867,-0.138924,0.27028,0.203601,0.941007,-0.00134,0.015354,-0.0204,-0.350736,0.452908,0.558343,-0.720073,0.115514,0.031965,-0.038998,-0.649177,0.433336,-0.62513,-0.488793,-0.867358,-0.093651,-0.582795,0.244763,0.774881,-0.000207,0.007678,-0.01074,0.021263,-0.161543,-0.025498,0.416862
23,0.154697,0.021169,0.40642,-0.687783,0.35082,-0.635551,-0.3802,-0.919852,-0.096389,-0.617578,0.1749,0.766834,-0.000665,0.022892,-0.032243,-0.008723,-0.519816,0.024262,0.432029,-0.194784,0.048714,0.387247,0.575771,0.738629,0.350581,-0.794647,0.606378,0.027841,-0.192729,-0.295555,0.93561,-0.002836,0.02843,-0.041756,-0.31479,0.700342,0.943167,-1.406427,-0.00809,0.041956,0.009414,-0.456598,-0.824299,0.334736,0.847714,-0.517278,-0.117488,0.269997,0.230115,0.934958,-0.001677,0.019096,-0.025481,0.078911,0.824206,2.089517,-0.71844,0.115543,0.032376,-0.039581,-0.6388,0.417428,-0.646287,-0.460706,-0.880303,-0.113207,-0.616184,0.225432,0.754649,0.005807,0.011177,-0.016456,-0.050198,-0.698215,-0.021259,0.403145
24,0.154737,0.021643,0.405705,-0.681793,0.343224,-0.646066,-0.36506,-0.924893,-0.106186,-0.633144,0.163023,0.756689,-0.000827,0.021239,-0.033032,1.09101,-0.349978,-0.976103,0.427568,-0.194823,0.049344,0.386281,0.593675,0.717604,0.364124,-0.779266,0.625476,0.03818,-0.201084,-0.307326,0.930042,-0.00357,0.035024,-0.052363,1.635232,0.913566,5.56845,-1.406684,-0.008107,0.042261,0.008957,-0.470547,-0.809499,0.351135,0.838592,-0.53406,-0.107434,0.274495,0.243907,0.93014,0.004045,0.017668,-0.02653,-0.044881,1.52731,0.376851,-0.721869,0.115563,0.032603,-0.039922,-0.631107,0.412585,-0.656868,-0.450851,-0.884194,-0.122201,-0.631217,0.219028,0.744036,-0.000395,0.01057,-0.01654,-0.043002,-0.690218,0.198413,0.39694
25,0.154747,0.022786,0.404029,-0.664837,0.342797,-0.663723,-0.360339,-0.925427,-0.117098,-0.653546,0.160881,0.739609,-0.000897,0.040203,-0.05255,0.050932,-0.70455,0.214584,0.432205,-0.195006,0.050609,0.384229,0.617907,0.677181,0.399511,-0.754063,0.654217,0.057652,-0.223088,-0.337738,0.914345,-0.003732,0.032088,-0.053614,0.882571,2.983646,0.018188,-1.406821,-0.008202,0.042916,0.007889,-0.499345,-0.77223,0.392829,0.815337,-0.572195,-0.088413,0.29305,0.276139,0.915351,-0.001857,0.015847,-0.02692,0.870548,2.983572,0.019912,-0.717786,0.115568,0.03319,-0.04079,-0.616058,0.407512,-0.674096,-0.44099,-0.887525,-0.133515,-0.652686,0.215017,0.726475,-0.000423,0.020046,-0.026302,0.026782,-0.786311,0.179144,0.392858
26,0.154624,0.024468,0.40188,-0.640442,0.358922,-0.679011,-0.367002,-0.919606,-0.140022,-0.673887,0.159069,0.721526,-0.000927,0.049563,-0.062194,0.785612,-0.654198,0.890644,0.448796,-0.195155,0.051754,0.381985,0.627666,0.657199,0.417273,-0.745262,0.66208,0.078539,-0.225427,-0.361106,0.904792,-0.004162,0.02475,-0.057026,-0.304131,0.422204,0.521277,-1.406894,-0.008274,0.043484,0.006791,-0.508648,-0.754279,0.415138,0.809809,-0.582875,-0.066828,0.29238,0.30219,0.9073,-0.002293,0.017682,-0.032848,-0.423429,0.661616,0.455626,-0.731176,0.115506,0.034013,-0.041841,-0.590092,0.420104,-0.689422,-0.446526,-0.881274,-0.154819,-0.67261,0.216487,0.707621,-0.000402,0.024636,-0.031188,2.147799,-1.417107,2.02174,0.411636
27,0.154468,0.026564,0.399382,-0.618511,0.371401,-0.692495,-0.370649,-0.914921,-0.159719,-0.692134,0.157417,0.704412,-0.000657,0.06181,-0.070261,0.237316,-0.344929,0.417806,0.441773,-0.195314,0.052742,0.379545,0.647705,0.617447,0.446351,-0.717567,0.691188,0.085392,-0.256587,-0.376377,0.89015,-0.005022,0.029135,-0.068639,-0.111673,0.536473,0.226635,-1.407004,-0.008353,0.043978,0.005576,-0.529114,-0.719113,0.45046,0.785928,-0.615461,-0.059364,0.31993,0.322619,0.89082,-0.002231,0.009247,-0.030008,-0.012496,0.564597,0.746377,-0.734932,0.115428,0.035052,-0.043089,-0.566476,0.431119,-0.702311,-0.449234,-0.876025,-0.175408,-0.690864,0.216138,0.68992,-0.006344,0.03145,-0.034657,0.241844,-0.29359,0.404347,0.412616
28,0.154354,0.027698,0.398057,-0.614508,0.367432,-0.698153,-0.360446,-0.917894,-0.165894,-0.701026,0.14924,0.697364,-0.013054,0.050158,-0.061099,1.341013,0.004106,-1.016417,0.438808,-0.195434,0.053165,0.378272,0.652046,0.597539,0.466664,-0.707858,0.700194,0.092738,-0.272145,-0.391558,0.87891,-0.004715,0.015553,-0.061479,-0.616076,0.96369,0.38593,-1.40706,-0.008414,0.044193,0.004937,-0.532745,-0.702881,0.471318,0.778031,-0.625901,-0.05398,0.33294,0.337943,0.880309,-0.00262,0.012131,-0.035503,-0.250239,0.658296,0.147475,-0.739014,0.115376,0.035629,-0.043752,-0.56189,0.428051,-0.707849,-0.440859,-0.879012,-0.181604,-0.699944,0.21002,0.682618,-0.000455,0.030446,-0.035346,4.09167,0.520297,-3.45105,0.409677
29,0.154186,0.03,0.39515,-0.593986,0.365182,-0.716846,-0.357661,-0.917979,-0.171357,-0.719893,0.154143,0.676772,-0.001484,0.053113,-0.074138,0.112613,-0.825404,-0.065914,0.437047,-0.195728,0.053792,0.375557,0.665266,0.558363,0.495624,-0.686023,0.719011,0.111039,-0.29518,-0.414587,0.860726,-0.005716,0.017932,-0.074248,0.414047,1.028499,1.517067,-1.407077,-0.00856,0.044508,0.003585,-0.545528,-0.668194,0.50588,0.761402,-0.647385,-0.034025,0.350235,0.366617,0.861931,-0.002868,0.007923,-0.037625,2.152158,1.57748,5.119795,-0.748812,0.115288,0.036767,-0.045169,-0.543347,0.424273,-0.724407,-0.436681,-0.879805,-0.187751,-0.716995,0.214321,0.663312,-0.006748,0.026975,-0.036661,0.05978,-1.052211,-0.209162,0.403472
30,0.154149,0.031919,0.392121,-0.575119,0.348593,-0.740112,-0.354787,-0.921421,-0.158367,-0.736451,0.171063,0.654526,-0.002472,0.043158,-0.078927,-1.67108,0.236982,-1.683125,0.441935,-0.195995,0.054352,0.372643,0.677246,0.520908,0.5196,-0.662345,0.739054,0.122607,-0.320981,-0.427849,0.844855,-0.005954,0.014382,-0.076216,2.766411,1.121714,4.704872,-1.406535,-0.008694,0.044785,0.002127,-0.555909,-0.636227,0.534957,0.744022,-0.667821,-0.021082,0.370669,0.3863,0.844615,-0.003176,0.012439,-0.042377,-0.090902,0.542082,-0.107809,-0.753711,0.11527,0.037757,-0.046706,-0.522822,0.406321,-0.749372,-0.433713,-0.883594,-0.176505,-0.733859,0.232732,0.638189,0.004826,0.020763,-0.040073,0.082077,-1.070095,-0.180709,0.406085
31,0.154177,0.032728,0.390499,-0.560732,0.335378,-0.757064,-0.352942,-0.923862,-0.147928,-0.748342,0.183828,0.637352,-0.003036,0.037517,-0.081727,-0.112015,-1.265615,-0.354249,0.445201,-0.196097,0.054637,0.371095,0.682345,0.500962,0.532385,-0.650188,0.74869,0.129045,-0.334787,-0.434838,0.835881,-0.00611,0.012028,-0.077539,-0.39043,0.899786,0.134879,-1.406917,-0.008745,0.044928,0.001353,-0.564729,-0.61608,0.549114,0.729747,-0.68352,-0.016379,0.385421,0.391465,0.835586,-0.003046,0.005432,-0.039058,0.029819,0.401473,0.125749,-0.75616,0.115285,0.038166,-0.047515,-0.511686,0.39167,-0.764703,-0.432919,-0.886334,-0.164289,-0.74213,0.24699,0.623087,0.004584,0.018264,-0.041316,-0.553474,-1.166669,-0.801339,0.409514
32,0.153987,0.03408,0.387106,-0.53353,0.301628,-0.790198,-0.346949,-0.930053,-0.120825,-0.770712,0.209313,0.601846,-0.003971,0.028271,-0.086453,0.024053,-1.29222,-0.267307,0.453842,-0.196326,0.055183,0.367789,0.689016,0.462268,0.558172,-0.625958,0.767662,0.137134,-0.365944,-0.444464,0.817557,0.004702,0.016232,-0.090448,-0.263255,0.777904,0.066569,-1.407025,-0.008862,0.045208,-0.000328,-0.571932,-0.579694,0.580385,0.708573,-0.705606,-0.006515,0.413301,0.40752,0.814315,0.002373,0.007751,-0.045408,-0.296453,0.807912,0.088043,-0.758936,0.11519,0.038844,-0.04921,-0.486453,0.354912,-0.798373,-0.428047,-0.893411,-0.136349,-0.761668,0.275414,0.586521,-0.00793,0.019791,-0.047303,-0.106811,-1.435298,-0.704064,0.418168
33,0.153232,0.035285,0.383525,-0.50749,0.249021,-0.824917,-0.321126,-0.943001,-0.087174,-0.79898,0.220346,0.559558,-0.028813,0.024607,-0.087691,-0.043108,-1.568769,-1.106471,0.454376,-0.196526,0.055707,0.36418,0.6887,0.405922,0.600759,-0.592897,0.79214,0.144643,-0.41802,-0.456317,0.785428,-0.007391,0.010779,-0.09296,1.762641,3.415039,0.192732,-1.406836,-0.008962,0.04547,-0.002132,-0.572337,-0.528235,0.627213,0.679461,-0.733708,0.002087,0.459089,0.427362,0.778843,-0.003679,0.005083,-0.046643,1.667275,3.537111,0.284074,-0.751588,0.114821,0.039442,-0.051003,-0.465492,0.302513,-0.831746,-0.404715,-0.908516,-0.103934,-0.787097,0.28824,0.545339,-0.014317,0.017205,-0.048471,0.036483,-1.435394,-0.781861,0.426333
34,0.151885,0.036353,0.379787,-0.484416,0.203379,-0.850896,-0.293483,-0.954001,-0.061005,-0.823565,0.219913,0.522882,-0.041679,0.029459,-0.099422,0.103782,-0.968459,-0.625697,0.446832,-0.196716,0.056031,0.360313,0.68408,0.338536,0.64608,-0.560285,0.81094,0.168497,-0.467731,-0.477683,0.74358,-0.008318,0.014896,-0.105458,-0.716811,1.559419,0.332087,-1.407014,-0.009051,0.045628,-0.003987,-0.569681,-0.465931,0.677031,0.65109,-0.75856,0.025814,0.501541,0.455514,0.735501,0.001961,0.001255,-0.049464,-0.667944,1.571922,0.450136,-0.748812,0.114152,0.039974,-0.052868,-0.444764,0.253111,-0.859138,-0.378457,-0.922504,-0.075858,-0.811759,0.291408,0.506089,-0.020864,0.009134,-0.045441,0.023086,-1.210383,-0.745361,0.420618
35,0.150994,0.036821,0.37788,-0.471324,0.186567,-0.862028,-0.286034,-0.956859,-0.05076,-0.833728,0.222407,0.50543,-0.042044,0.027143,-0.100824,0.100682,-0.972386,-0.634524,0.443838,-0.196726,0.0561,0.358397,0.683323,0.298937,0.666107,-0.535287,0.825482,0.178832,-0.49724,-0.479136,0.723218,0.003686,0.000101,-0.100701,3.194665,2.488407,4.110516,-1.406369,-0.009062,0.045668,-0.005022,-0.568742,-0.427435,0.702731,0.630686,-0.775056,0.039007,0.527984,0.465388,0.710384,0.001913,-0.000407,-0.050562,3.168902,2.519194,4.130017,-0.749138,0.113707,0.040207,-0.053822,-0.433485,0.235835,-0.869753,-0.371595,-0.926052,-0.065898,-0.820978,0.294631,0.489066,-0.027071,0.013607,-0.050183,0.095243,-1.001933,-0.689767,0.416699
36,0.148646,0.037649,0.374099,-0.446807,0.164715,-0.879362,-0.271994,-0.96137,-0.041936,-0.851749,0.220232,0.475444,-0.067316,0.015069,-0.092607,0.11826,-0.702495,-0.403852,0.439659,-0.196359,0.056195,0.35423,0.672331,0.215581,0.708158,-0.48456,0.851302,0.20105,-0.560338,-0.47859,0.675897,0.015556,-0.001343,-0.103284,-0.528073,1.376959,0.239052,-1.406769,-0.008891,0.04571,-0.007032,-0.56276,-0.347483,0.750038,0.583811,-0.809438,0.063036,0.585205,0.473355,0.658383,0.007809,-0.000939,-0.051777,-0.367324,1.397769,0.086949,-0.753057,0.112542,0.040623,-0.055717,-0.410453,0.211638,-0.886982,-0.358147,-0.931945,-0.056634,-0.838605,0.294424,0.458317,-0.033441,0.013166,-0.050432,0.106682,-0.824327,-0.647252,0.40935
37,0.145691,0.038243,0.370481,-0.41842,0.153312,-0.895246,-0.259806,-0.964651,-0.043829,-0.869804,0.214055,0.444576,-0.080189,0.015243,-0.092747,0.242991,-0.786027,-0.007787,0.438679,-0.195546,0.056257,0.35027,0.647414,0.157686,0.745642,-0.457341,0.862933,0.214756,-0.610367,-0.480249,0.629823,0.028369,-0.008815,-0.094997,-0.366409,1.149469,0.086542,-1.406938,-0.008473,0.04573,-0.009094,-0.538009,-0.288923,0.791876,0.559974,-0.824681,0.07956,0.630059,0.486235,0.605476,0.014244,-0.004299,-0.047443,-0.345226,1.099608,0.060056,-0.758119,0.111069,0.040917,-0.057528,-0.382985,0.197456,-0.902404,-0.346261,-0.936347,-0.057928,-0.856402,0.290282,0.426978,-0.039993,0.007782,-0.046231,0.474772,-1.161522,0.243222,0.405595
38,0.144062,0.038459,0.368771,-0.400088,0.151652,-0.903868,-0.255036,-0.965665,-0.049191,-0.879801,0.210643,0.426154,-0.080703,0.005104,-0.084161,1.183435,-2.051455,1.90523,0.433803,-0.194941,0.056307,0.348291,0.629106,0.132859,0.765876,-0.446912,0.867898,0.216695,-0.636681,-0.478771,0.604383,0.02821,0.004842,-0.101774,-0.041806,1.674969,-0.412501,-1.40689,-0.008182,0.045753,-0.010046,-0.521136,-0.26464,0.811407,0.550168,-0.830985,0.082327,0.652481,0.489314,0.578653,0.020108,0.001928,-0.051601,0.452031,3.189358,-1.517284,-0.75714,0.110255,0.041027,-0.058388,-0.366545,0.192598,-0.910247,-0.341635,-0.937859,-0.060868,-0.865407,0.288661,0.409566,-0.046371,0.003328,-0.041422,0.081482,-0.739322,-0.319456,0.403309
39,0.140643,0.038632,0.365525,-0.34192,0.158178,-0.926345,-0.24845,-0.965854,-0.073277,-0.905886,0.204893,0.370698,-0.094222,-0.005421,-0.075996,0.289995,-1.834605,0.397436,0.425517,-0.193344,0.056315,0.344411,0.592921,0.085365,0.800718,-0.425448,0.877383,0.221644,-0.684337,-0.47219,0.555501,0.053172,-0.00446,-0.095418,-0.49907,1.45775,0.468269,-1.406702,-0.007392,0.04576,-0.011989,-0.485858,-0.219636,0.845991,0.530448,-0.843375,0.085683,0.694669,0.490384,0.526266,0.020369,0.003395,-0.051157,-0.252707,1.379681,0.163061,-0.756323,0.108516,0.041116,-0.060042,-0.306459,0.196884,-0.931299,-0.334367,-0.938294,-0.088333,-0.891224,0.284325,0.35338,-0.047067,-0.00284,-0.038026,0.315048,-1.829836,0.465935,0.394165
40,0.137052,0.038415,0.36261,-0.294979,0.144416,-0.944551,-0.213285,-0.973504,-0.08229,-0.931046,0.176998,0.319141,-0.095113,-0.013203,-0.066625,0.057976,-1.488592,0.119589,0.422847,-0.191178,0.056354,0.340721,0.568254,0.044761,0.821629,-0.410431,0.880781,0.236018,-0.713801,-0.471398,0.517818,0.053989,0.001988,-0.09221,-0.263109,1.420532,0.078333,-1.40647,-0.00631,0.045773,-0.013837,-0.462902,-0.177231,0.86851,0.517674,-0.849405,0.10258,0.719537,0.49709,0.484939,0.033083,0.001315,-0.046345,-0.08057,1.361486,0.670825,-0.753547,0.106755,0.041006,-0.061479,-0.26105,0.178326,-0.94871,-0.299765,-0.949177,-0.095929,-0.917601,0.259348,0.301239,-0.053538,-0.001077,-0.037261,0.16922,-1.589284,-0.029087,0.385673
41,0.132934,0.03796,0.360009,-0.253038,0.130698,-0.958611,-0.179301,-0.979984,-0.086338,-0.950398,0.149864,0.272601,-0.108605,-0.019728,-0.056283,0.052625,-1.108865,0.292911,0.43892,-0.188366,0.056547,0.337223,0.538698,0.009966,0.842435,-0.399642,0.88322,0.245241,-0.742262,-0.468797,0.478685,0.07965,-0.000626,-0.081433,-0.199631,0.989478,0.221357,-1.406822,-0.004943,0.045863,-0.015559,-0.434568,-0.141463,0.889459,0.508481,-0.853671,0.11266,0.743368,0.501232,0.44291,0.039864,-0.000107,-0.040616,0.049764,1.448464,0.416867,-0.754364,0.104746,0.040782,-0.062761,-0.220038,0.159637,-0.96234,-0.266329,-0.95887,-0.098166,-0.93843,0.234699,0.253504,-0.053994,-0.004477,-0.032276,0.055758,-1.469237,0.107923,0.392858
42,0.130816,0.037711,0.358892,-0.236644,0.121547,-0.963987,-0.167319,-0.982401,-0.08285,-0.956803,0.14153,0.254017,-0.12137,-0.016715,-0.054637,0.036452,-1.174882,-0.046461,0.447865,-0.186821,0.056657,0.335712,0.526751,-0.004982,0.85,-0.395466,0.883655,0.250387,-0.752991,-0.468032,0.4624,0.080109,0.004672,-0.078244,-0.104654,0.817307,0.127796,-1.406894,-0.004141,0.045917,-0.016351,-0.422572,-0.124604,0.897723,0.505032,-0.854847,0.119073,0.752579,0.503695,0.424163,0.046159,0.002222,-0.039683,-0.071292,0.946604,0.260453,-0.758773,0.103646,0.040654,-0.063344,-0.204564,0.150228,-0.967256,-0.254787,-0.962262,-0.095567,-0.945111,0.226895,0.23512,-0.0604,-0.003112,-0.031549,0.050939,-1.218373,-0.134248,0.404942
43,0.126106,0.037175,0.356892,-0.211916,0.11257,-0.970806,-0.159573,-0.98398,-0.079319,-0.963925,0.137959,0.227693,-0.133699,-0.007196,-0.049269,0.083783,-0.561553,0.079644,0.462943,-0.18309,0.056914,0.332765,0.502788,-0.026837,0.863988,-0.39706,0.880585,0.258549,-0.768358,-0.473018,0.430979,0.093698,0.002336,-0.066179,-0.142292,0.663831,0.267091,-1.406713,-0.00232,0.046044,-0.017804,-0.399872,-0.103053,0.910758,0.507225,-0.852517,0.126236,0.763428,0.512438,0.393169,0.052645,0.00707,-0.037169,-0.177048,0.85599,0.236076,-0.762038,0.101295,0.040376,-0.06435,-0.179166,0.137882,-0.974108,-0.247309,-0.964648,-0.091056,-0.952227,0.224591,0.206932,-0.060793,-0.009533,-0.020799,0.044399,-0.482551,-0.085288,0.42568
44,0.121219,0.036596,0.355316,-0.195447,0.107429,-0.974836,-0.157098,-0.984558,-0.077058,-0.967823,0.137944,0.210519,-0.122003,-0.014049,-0.039311,0.059648,-0.276938,0.0665,0.48831,-0.178982,0.057224,0.330401,0.478134,-0.043643,0.877197,-0.394571,0.881552,0.25906,-0.785175,-0.469928,0.403152,0.119467,0.002266,-0.053318,-0.129969,0.656659,0.105015,-1.407274,-0.000236,0.046198,-0.019018,-0.375164,-0.084208,0.923125,0.50496,-0.853696,0.127345,0.777345,0.513917,0.362798,0.053677,0.00158,-0.02597,-0.193974,0.775283,0.203159,-0.765467,0.098848,0.040091,-0.065141,-0.162995,0.131388,-0.977839,-0.244998,-0.96544,-0.088884,-0.955723,0.225081,0.189552,-0.060986,-0.007148,-0.019661,0.056212,-0.125388,-0.106708,0.452296
45,0.118685,0.036224,0.354636,-0.187893,0.10625,-0.976449,-0.15583,-0.984746,-0.077221,-0.969531,0.137512,0.2028,-0.122983,-0.023123,-0.030221,0.010908,-0.360855,-0.246426,0.500054,-0.176668,0.057331,0.329366,0.46894,-0.052112,0.881687,-0.395371,0.880194,0.262439,-0.790293,-0.471596,0.391021,0.120521,-0.00552,-0.043693,-0.180246,0.703864,0.116825,-1.406885,0.000881,0.046255,-0.019518,-0.366997,-0.076215,0.927094,0.505896,-0.852717,0.130162,0.780628,0.516782,0.351501,0.059907,0.003706,-0.025077,-0.183877,0.651797,0.392025,-0.767917,0.097627,0.039915,-0.065469,-0.156806,0.131173,-0.978879,-0.243895,-0.965586,-0.090322,-0.95704,0.22458,0.183402,-0.061332,-0.011076,-0.014696,0.000319,-0.753237,-0.263506,0.468462
46,0.113948,0.035246,0.353536,-0.176363,0.108882,-0.978308,-0.153685,-0.984702,-0.081943,-0.972049,0.135758,0.191616,-0.124723,-0.032175,-0.021512,-0.021848,-0.166872,-0.379654,0.513024,-0.171975,0.057414,0.327856,0.451789,-0.064121,0.889813,-0.39777,0.87823,0.265377,-0.799016,-0.473754,0.370126,0.121803,-0.006024,-0.029165,-0.10215,0.480825,-0.048403,-1.40638,0.003268,0.046297,-0.020299,-0.349451,-0.061582,0.934928,0.508584,-0.850509,0.134073,0.786909,0.522341,0.32853,0.066611,0.004206,-0.017763,-0.059405,0.329266,0.194997,-0.774122,0.095256,0.039437,-0.066022,-0.144775,0.132808,-0.980511,-0.241619,-0.965697,-0.095126,-0.95951,0.223139,0.171897,-0.062196,-0.015604,-0.010337,-0.017824,-0.43792,-0.481442,0.494425
47,0.109391,0.034083,0.352737,-0.165205,0.120278,-0.978921,-0.15198,-0.983766,-0.095279,-0.974288,0.13288,0.182022,-0.112268,-0.029049,-0.020174,-0.006872,0.087669,-0.188265,0.519934,-0.166859,0.057336,0.326972,0.432695,-0.075986,0.898328,-0.401415,0.875905,0.267566,-0.807696,-0.47628,0.347344,0.135218,-0.006528,-0.015509,-0.263592,0.642058,0.393801,-1.406734,0.005872,0.046257,-0.020751,-0.331055,-0.050506,0.942258,0.512114,-0.848327,0.134457,0.792552,0.527057,0.306708,0.067631,-0.002848,-0.007557,-0.236434,0.568448,0.344983,-0.781633,0.092931,0.038843,-0.066436,-0.131755,0.142258,-0.981021,-0.2395,-0.964898,-0.107754,-0.961914,0.220757,0.161201,-0.056481,-0.01982,-0.005746,-0.041705,0.010845,-0.043309,0.508468
48,0.105184,0.033165,0.352094,-0.151576,0.125847,-0.980425,-0.156445,-0.982395,-0.101967,-0.975813,0.137764,0.169816,-0.098505,-0.022488,-0.016181,-0.036652,-0.550796,-0.280174,0.521596,-0.161548,0.057179,0.326512,0.417843,-0.089648,0.904081,-0.39941,0.875595,0.271547,-0.816448,-0.47445,0.328895,0.13538,-0.000138,-0.011353,-0.128776,0.344606,0.185609,-1.406701,0.008528,0.046184,-0.020977,-0.316525,-0.034189,0.947967,0.510706,-0.848291,0.13993,0.799369,0.528424,0.285966,0.067702,0.000226,-0.005569,-0.126577,0.334167,0.18321,-0.785715,0.09082,0.038375,-0.066763,-0.119772,0.148342,-0.981655,-0.243704,-0.962914,-0.115776,-0.962425,0.225366,0.151482,-0.055489,-0.009871,-0.007069,-0.008906,0.091948,-0.164544,0.51353
49,0.103079,0.032805,0.351821,-0.145477,0.132058,-0.980532,-0.179086,-0.978176,-0.105224,-0.972853,0.160121,0.167172,-0.09783,-0.018163,-0.013379,-1.631384,-0.22727,0.307052,0.521772,-0.158809,0.057144,0.326335,0.407998,-0.095649,0.907954,-0.401733,0.874162,0.272738,-0.820269,-0.475911,0.317067,0.13545,0.001776,-0.010179,-0.222885,0.560446,0.329186,-1.406447,0.009796,0.046168,-0.021055,-0.307773,-0.029765,0.950993,0.512746,-0.847142,0.139427,0.801477,0.53053,0.27599,0.068285,-0.004651,-0.001401,-0.058383,0.33644,-0.187337,-0.786695,0.089804,0.038199,-0.066897,-0.111786,0.151124,-0.982173,-0.260127,-0.958354,-0.117853,-0.959081,0.242316,0.146442,-0.055179,-0.007784,-0.005723,-0.021421,0.092602,-0.155353,0.514836
50,0.099356,0.032382,0.351488,-0.139987,0.128296,-0.98183,-0.213061,-0.972226,-0.096717,-0.9668,0.195485,0.164656,-0.082928,-0.009944,-0.007784,-0.0083,0.11628,-0.261614,0.522696,-0.153725,0.057155,0.326041,0.395231,-0.113563,0.91153,-0.40417,0.869536,0.283702,-0.825294,-0.480398,0.2966,0.135626,0.003571,-0.009247,-0.160451,2.481443,-1.6389,-1.406403,0.012439,0.046181,-0.021206,-0.296993,-0.010101,0.954825,0.515866,-0.843159,0.151538,0.803539,0.537568,0.255623,0.067828,0.001837,-0.004689,-0.135654,2.416475,-1.691458,-0.783429,0.087868,0.037971,-0.067075,-0.105759,0.147467,-0.983395,-0.29936,-0.947785,-0.109932,-0.94826,0.282764,0.144382,-0.041311,-0.004455,-0.003448,-0.007352,0.156395,-0.238017,0.519572
51,0.09599,0.032348,0.35134,-0.132452,0.122483,-0.983616,-0.234525,-0.968012,-0.089013,-0.962895,0.218733,0.158164,-0.067897,-0.002802,-0.002729,-0.036133,-0.260856,-0.423051,0.522174,-0.148825,0.057245,0.32562,0.381059,-0.127841,0.915665,-0.407072,0.865953,0.290432,-0.830501,-0.483252,0.276765,0.123794,0.000786,-0.01051,-0.082417,0.431121,-0.104101,-1.406436,0.014843,0.04623,-0.021409,-0.2826,0.007191,0.95921,0.519555,-0.839443,0.159362,0.806349,0.543399,0.23349,0.061269,0.006076,-0.009021,-0.012228,0.827175,-0.651811,-0.784736,0.086241,0.037955,-0.067147,-0.100177,0.143302,-0.984595,-0.320529,-0.941466,-0.104413,-0.941926,0.305132,0.140246,-0.040205,0.000115,-0.000272,-0.047932,-0.359237,-0.529664,0.520388
52,0.094579,0.032443,0.351323,-0.125727,0.124445,-0.984252,-0.239214,-0.966612,-0.091712,-0.962651,0.223755,0.152523,-0.065427,0.013275,-0.007352,0.033046,-0.19637,-0.001605,0.522587,-0.146359,0.057312,0.32536,0.372806,-0.137053,0.917727,-0.403505,0.866602,0.293458,-0.835962,-0.479538,0.266597,0.124069,-0.000187,-0.011394,-0.12362,0.371514,0.101133,-1.406584,0.016029,0.046265,-0.021534,-0.275298,0.016022,0.961225,0.516346,-0.840936,0.1619,0.810924,0.540895,0.223234,0.055207,0.005254,-0.00913,-0.118368,0.514651,0.179033,-0.782776,0.085504,0.037996,-0.067155,-0.091965,0.142527,-0.985509,-0.324984,-0.939805,-0.105591,-0.941236,0.310564,0.132748,-0.033173,0.001421,0.000702,0.029191,-0.180207,-0.037971,0.520878
53,0.092238,0.032642,0.35138,-0.109173,0.139526,-0.984205,-0.236884,-0.965206,-0.11061,-0.965263,0.220887,0.139651,-0.052789,0.003613,0.001929,0.143668,-0.472022,0.714917,0.522188,-0.142013,0.057353,0.324796,0.359874,-0.144986,0.921662,-0.401198,0.867733,0.293279,-0.8427,-0.475129,0.252926,0.112409,-0.003706,-0.013147,-0.040653,0.352204,-0.245171,-1.406447,0.018295,0.046287,-0.021823,-0.262427,0.025584,0.964612,0.514307,-0.842117,0.162254,0.816467,0.538687,0.207837,0.056235,-0.002016,-0.006775,-0.021426,0.312928,-0.301108,-0.785716,0.084331,0.038106,-0.067124,-0.074828,0.155707,-0.984964,-0.322186,-0.938534,-0.123891,-0.943714,0.308071,0.120395,-0.026205,0.002366,0.001412,0.485332,-1.485209,2.30476,0.521531
54,0.090388,0.032889,0.3515,-0.092322,0.154821,-0.983642,-0.240908,-0.961943,-0.128848,-0.966047,0.224873,0.12733,-0.038974,0.004881,0.002986,-0.00133,-0.061881,0.081956,0.522049,-0.137871,0.057274,0.324131,0.353624,-0.147202,0.923727,-0.402328,0.867511,0.292388,-0.844798,-0.474851,0.246367,0.099286,0.004595,-0.021882,0.032082,0.0241,0.049265,-1.406598,0.020291,0.046248,-0.022142,-0.256374,0.027723,0.966179,0.515314,-0.841763,0.16089,0.817755,0.539134,0.20152,0.050465,-0.00404,-0.007831,0.000837,0.018264,0.021172,-0.788491,0.083416,0.03823,-0.067064,-0.056112,0.169864,-0.983868,-0.325363,-0.93474,-0.142827,-0.943922,0.3121,0.107718,-0.019359,0.002859,0.001833,0.000804,-0.06419,0.085501,0.522184
55,0.089712,0.032965,0.351546,-0.08647,0.160212,-0.983311,-0.240521,-0.961125,-0.135501,-0.966691,0.224585,0.122866,-0.03914,0.004405,0.002622,-0.001541,-0.046666,0.05748,0.521793,-0.135979,0.057151,0.323774,0.348363,-0.145776,0.92595,-0.403593,0.868177,0.288645,-0.846373,-0.474076,0.242421,0.101382,-0.009645,-0.016856,-0.006304,0.063828,-0.010395,-1.406403,0.02124,0.046196,-0.02232,-0.250875,0.026566,0.967654,0.516131,-0.842009,0.156929,0.818944,0.538807,0.197527,0.049898,0.001176,-0.011921,0.050487,0.086256,-0.025244,-0.792084,0.083075,0.038272,-0.067037,-0.049855,0.174644,-0.983368,-0.324739,-0.933929,-0.1494,-0.944488,0.31189,0.103275,-0.013132,0.001201,0.000711,0.002422,-0.081598,0.11938,0.521694
56,0.088749,0.033039,0.351562,-0.084673,0.161639,-0.983234,-0.240669,-0.960835,-0.137285,-0.966816,0.224802,0.121482,-0.026424,0.001957,0.001016,-0.001969,0.029429,-0.059106,0.52208,-0.132425,0.05676,0.32304,0.340474,-0.14407,0.929146,-0.405165,0.869184,0.283364,-0.84882,-0.472754,0.236373,0.089976,-0.01399,-0.019227,0.007254,-0.054394,0.135822,-1.406424,0.023054,0.045998,-0.022693,-0.242323,0.025374,0.969863,0.517201,-0.84239,0.151263,0.820842,0.538269,0.191007,0.044997,-0.007017,-0.009692,-0.009196,0.057875,-0.013497,-0.801065,0.082579,0.038313,-0.067026,-0.047869,0.175949,-0.983234,-0.324811,-0.933605,-0.151255,-0.944566,0.312125,0.101841,-0.006958,-0.000622,-0.000536,-0.000495,0.030148,-0.05431,0.521204
