frame,MLTx,MLTy,MLTz,MLTR1,MLTR2,MLTR3,MLTR4,MLTR5,MLTR6,MLTR7,MLTR8,MLTR9,MLTTVx,MLTTVy,MLTTVz,MLTRVx,MLTRVy,MLTRVz,MLGA,MRTx,MRTy,MRTz,MRTR1,MRTR2,MRTR3,MRTR4,MRTR5,MRTR6,MRTR7,MRTR8,MRTR9,MRTTVx,MRTTVy,MRTTVz,MRTRVx,MRTRVy,MRTRVz,MRGA,SLTx,SLTy,SLTz,SLTR1,SLTR2,SLTR3,SLTR4,SLTR5,SLTR6,SLTR7,SLTR8,SLTR9,SLTTVx,SLTTVy,SLTTVz,SLTRVx,SLTRVy,SLTRVz,SLGA,SRTx,SRTy,SRTz,SRTR1,SRTR2,SRTR3,SRTR4,SRTR5,SRTR6,SRTR7,SRTR8,SRTR9,SRTTVx,SRTTVy,SRTTVz,SRTRVx,SRTRVy,SRTRVz,SRGA
1,0.128358,-0.017169,0.407721,0.722859,-0.396109,-0.566231,0.612172,0.747181,0.258722,0.319701,-0.533155,0.783304,0.013326,-0.001584,-0.001232,0.000984,-0.014715,0.029553,0.520251,-0.247722,-0.015382,0.369952,0.517457,0.738038,0.433046,-0.83111,0.553845,0.049461,-0.20397,-0.386435,0.899404,0.000379,-0.008513,0.010645,-0.036031,0.014525,-0.016194,0.532908,0.00579,0.039559,-0.009005,-0.335128,-0.836256,0.434008,0.928456,-0.371438,0.001232,0.160177,0.40337,0.900907,-0.00701,0.000259,0.000452,-0.002091,0.015219,-0.029335,0.409272,0.078983,0.043756,-0.022508,-0.669421,0.332639,-0.664248,-0.573378,-0.799879,0.177283,-0.472348,0.499542,0.726184,-0.000174,-0.000993,-0.000635,0.00064,-0.000533,0.000731,-0.325524
2,0.128357,-0.017212,0.407766,0.722929,-0.396076,-0.566166,0.612163,0.747129,0.258896,0.319562,-0.533253,0.783294,-0.000217,-0.001217,-0.000777,0.0,0.0,0.0,0.519741,-0.247719,-0.015361,0.369956,0.517505,0.738022,0.433017,-0.831077,0.553894,0.049457,-0.203979,-0.386397,0.899418,0.000126,0.000534,0.000421,0.0,0.0,0.0,0.533144,0.00579,0.039559,-0.009005,-0.335128,-0.836256,0.434008,0.928456,-0.371438,0.001232,0.160177,0.40337,0.900907,-0.00701,0.000259,0.000452,-0.002091,0.015219,-0.029335,0.409272,0.078983,0.043756,-0.022508,-0.669421,0.332639,-0.664248,-0.573378,-0.799879,0.177283,-0.472348,0.499542,0.726184,-0.000174,-0.000993,-0.000635,0.00064,-0.000533,0.000731,-0.325524
3,0.128299,-0.01719,0.407769,0.723005,-0.396029,-0.566101,0.612084,0.74718,0.258933,0.319541,-0.533216,0.783328,6.1e-05,0.00034,0.000217,0.0,0.0,0.0,0.521263,-0.247697,-0.015315,0.369992,0.517528,0.738013,0.433004,-0.831064,0.553912,0.049465,-0.203974,-0.386387,0.899424,0.000516,0.002192,0.001725,0.0,0.0,0.0,0.532715,0.00579,0.039559,-0.009005,-0.335128,-0.836256,0.434008,0.928456,-0.371438,0.001232,0.160177,0.40337,0.900907,-0.00701,0.000259,0.000452,-0.002091,0.015219,-0.029335,0.409272,0.078983,0.043756,-0.022508,-0.669421,0.332639,-0.664248,-0.573378,-0.799879,0.177283,-0.472348,0.499542,0.726184,-0.000174,-0.000993,-0.000635,0.00064,-0.000533,0.000731,-0.32536
4,0.128355,-0.017117,0.40773,0.722882,-0.396088,-0.566217,0.612132,0.747221,0.258701,0.319727,-0.533114,0.783321,0.000124,0.000692,0.000441,0.0,0.0,0.0,0.522475,-0.247682,-0.015204,0.370079,0.517671,0.737956,0.43293,-0.830982,0.554031,0.049522,-0.203946,-0.386325,0.899457,0.00065,0.002759,0.002169,0.0,0.0,0.0,0.532761,0.00579,0.039559,-0.009005,-0.335128,-0.836256,0.434008,0.928456,-0.371438,0.001232,0.160177,0.40337,0.900907,-0.00701,0.000259,0.000452,-0.002091,0.015219,-0.029335,0.409272,0.078983,0.043756,-0.022508,-0.669421,0.332639,-0.664248,-0.573378,-0.799879,0.177283,-0.472348,0.499542,0.726184,-0.000174,-0.000993,-0.000635,0.00064,-0.000533,0.000731,-0.32536
5,0.128416,-0.017124,0.407737,0.722776,-0.396158,-0.566303,0.61224,0.747155,0.258639,0.319761,-0.533155,0.783279,0.01341,-0.001102,-0.000925,0.000984,-0.014715,0.029553,0.522171,-0.247665,-0.015178,0.370099,0.51764,0.737969,0.432946,-0.831,0.554005,0.049509,-0.203952,-0.386339,0.899449,0.00018,0.010884,-0.008779,0.036031,-0.014525,0.016194,0.532923,0.00579,0.039559,-0.009005,-0.335128,-0.836256,0.434008,0.928456,-0.371438,0.001232,0.160177,0.40337,0.900907,-0.00701,0.000259,0.000452,-0.002091,0.015219,-0.029335,0.409272,0.078983,0.043756,-0.022508,-0.669421,0.332639,-0.664248,-0.573378,-0.799879,0.177283,-0.472348,0.499542,0.726184,-0.000174,-0.000993,-0.000635,0.00064,-0.000533,0.000731,-0.325524
6,0.128478,-0.017138,0.407763,0.722678,-0.396227,-0.56638,0.612359,0.747063,0.258622,0.319754,-0.533232,0.78323,7.5e-05,0.000418,0.000267,0.0,0.0,0.0,0.522705,-0.247643,-0.01522,0.370143,0.5175,0.738011,0.433041,-0.831109,0.553834,0.049598,-0.203863,-0.386504,0.899399,-0.000102,-0.000434,-0.000341,0.0,0.0,0.0,0.533001,0.00579,0.039559,-0.009005,-0.335128,-0.836256,0.434008,0.928456,-0.371438,0.001232,0.160177,0.40337,0.900907,-0.00701,0.000259,0.000452,-0.002091,0.015219,-0.029335,0.409272,0.078983,0.043756,-0.022508,-0.669421,0.332639,-0.664248,-0.573378,-0.799879,0.177283,-0.472348,0.499542,0.726184,-0.000174,-0.000993,-0.000635,0.00064,-0.000533,0.000731,-0.325524
7,0.128402,-0.017148,0.407842,0.725067,-0.391937,-0.566311,0.607944,0.7506,0.258796,0.322744,-0.531439,0.783222,-0.013303,0.001698,0.001305,0.937935,-0.414359,-1.328102,0.51686,-0.247659,-0.015317,0.370198,0.517426,0.738016,0.43312,-0.831198,0.553681,0.049808,-0.203685,-0.386713,0.899349,-0.000252,-0.001072,-0.000842,0.0,0.0,0.0,0.530607,0.00579,0.039559,-0.009005,-0.335128,-0.836256,0.434008,0.928456,-0.371438,0.001232,0.160177,0.40337,0.900907,-0.00701,0.000259,0.000452,-0.002091,0.015219,-0.029335,0.409272,0.078983,0.043756,-0.022508,-0.669421,0.332639,-0.664248,-0.573378,-0.799879,0.177283,-0.472348,0.499542,0.726184,-0.000174,-0.000993,-0.000635,0.00064,-0.000533,0.000731,-0.32536
8,0.128282,-0.017292,0.407946,0.729912,-0.3832,-0.566066,0.598928,0.757639,0.259307,0.328605,-0.527825,0.783229,-0.000369,-0.002064,-0.001316,6e-06,-3e-06,-8e-06,0.425775,-0.247688,-0.015508,0.370165,0.51724,0.738069,0.433253,-0.831347,0.553444,0.04995,-0.203549,-0.386952,0.899277,-0.001121,-0.004759,-0.003744,-0.00193,0.012512,-0.025887,0.483451,0.00579,0.039559,-0.009005,-0.335128,-0.836256,0.434008,0.928456,-0.371438,0.001232,0.160177,0.40337,0.900907,-0.00701,0.000259,0.000452,-0.002091,0.015219,-0.029335,0.409272,0.078983,0.043756,-0.022508,-0.669421,0.332639,-0.664248,-0.573378,-0.799879,0.177283,-0.472348,0.499542,0.726184,-0.000174,-0.000993,-0.000635,0.00064,-0.000533,0.000731,-0.325524
9,0.128312,-0.017342,0.40789,0.728268,-0.383835,-0.567752,0.599694,0.757901,0.256759,0.330847,-0.526986,0.78285,0.012889,-0.004045,-0.002802,0.000984,-0.014715,0.029553,0.296541,-0.247722,-0.015609,0.370086,0.517073,0.738134,0.433341,-0.831443,0.553306,0.049884,-0.203583,-0.387024,0.899238,-0.001455,-0.006175,-0.004863,-0.001931,0.012512,-0.025887,0.418274,0.00579,0.039559,-0.009005,-0.335128,-0.836256,0.434008,0.928456,-0.371438,0.001232,0.160177,0.40337,0.900907,-0.00701,0.000259,0.000452,-0.002091,0.015219,-0.029335,0.409272,0.078983,0.043756,-0.022508,-0.669421,0.332639,-0.664248,-0.573378,-0.799879,0.177283,-0.472348,0.499542,0.726184,-0.000174,-0.000993,-0.000635,0.00064,-0.000533,0.000731,-0.325524
10,0.128464,-0.017377,0.407804,0.730403,-0.379564,-0.56788,0.595256,0.761454,0.256574,0.334125,-0.524961,0.782818,1.5e-05,-0.008388,0.010779,-0.035708,0.012382,-0.018523,-0.155761,-0.247814,-0.015783,0.369885,0.517347,0.738036,0.433181,-0.831262,0.553579,0.049872,-0.203626,-0.38682,0.899316,-0.001101,-0.004665,-0.003682,0.011389,-0.073856,0.152755,0.124313,0.00579,0.039559,-0.009005,-0.335128,-0.836256,0.434008,0.928456,-0.371438,0.001232,0.160177,0.40337,0.900907,-0.00701,0.000259,0.000452,-0.002091,0.015219,-0.029335,0.409272,0.078983,0.043756,-0.022508,-0.669421,0.332639,-0.664248,-0.573378,-0.799879,0.177283,-0.472348,0.499542,0.726184,-0.000174,-0.000993,-0.000635,0.00064,-0.000533,0.000731,-0.32536
11,0.128467,-0.017383,0.407848,0.730405,-0.379576,-0.567871,0.595295,0.761397,0.256652,0.334053,-0.525035,0.782799,0.000229,0.001284,0.000819,0.0,-0.0,-0.0,-0.373524,-0.247833,-0.015765,0.369887,0.517585,0.737944,0.433054,-0.83112,0.553786,0.049942,-0.203598,-0.386701,0.899374,0.000421,0.001785,0.001408,0.013319,-0.086376,0.178638,0.00512,0.00579,0.039559,-0.009005,-0.335128,-0.836256,0.434008,0.928456,-0.371438,0.001232,0.160177,0.40337,0.900907,-0.00701,0.000259,0.000452,-0.002091,0.015219,-0.029335,0.409272,0.078983,0.043756,-0.022508,-0.669421,0.332639,-0.664248,-0.573378,-0.799879,0.177283,-0.472348,0.499542,0.726184,-0.000174,-0.000993,-0.000635,0.00064,-0.000533,0.000731,-0.32536
12,0.128313,-0.017334,0.407664,0.721604,-0.383273,-0.576571,0.599446,0.76254,0.243247,0.345536,-0.520671,0.780726,-0.001052,-0.005886,-0.00376,1.711943,-1.44443,1.871034,-1.796448,-0.247749,-0.015587,0.370025,0.51329,0.738,0.438041,-0.831775,0.55342,0.042536,-0.211658,-0.387117,0.897332,0.000599,0.012663,-0.007379,0.042815,-0.023153,0.039526,-0.897604,0.00579,0.039559,-0.009005,-0.335128,-0.836256,0.434008,0.928456,-0.371438,0.001232,0.160177,0.40337,0.900907,-0.00701,0.000259,0.000452,-0.002091,0.015219,-0.029335,0.409272,0.079034,0.043731,-0.022591,-0.665602,0.334029,-0.667381,-0.574367,-0.800258,0.172302,-0.476524,0.498006,0.724509,-0.000741,-0.003041,-0.002738,1.8328,-1.542428,2.000391,-0.346098
13,0.127861,-0.017214,0.407713,0.717879,-0.370641,-0.589338,0.585234,0.779751,0.222397,0.37622,-0.50409,0.777418,-0.011956,0.009213,0.006102,0.147392,-0.050065,-0.039575,-1.89891,-0.247521,-0.015142,0.369875,0.511883,0.737552,0.440437,-0.83115,0.554737,0.037279,-0.217458,-0.386084,0.89639,0.002085,0.019002,-0.002393,0.037956,-0.027065,0.042068,-1.406091,0.00579,0.039559,-0.009005,-0.335128,-0.836256,0.434008,0.928456,-0.371438,0.001232,0.160177,0.40337,0.900907,-0.00701,0.000259,0.000452,-0.002091,0.015219,-0.029335,0.409272,0.078804,0.043768,-0.0226,-0.657725,0.322393,-0.680779,-0.556847,-0.816733,0.151215,-0.507264,0.478548,0.71671,-0.012743,0.001014,0.008695,0.517484,-0.347484,0.306274,-0.576991
14,0.127562,-0.017062,0.407924,0.711975,-0.369214,-0.597343,0.582707,0.78532,0.20904,0.391045,-0.496444,0.77502,-0.011932,0.000844,0.016881,1.660091,-1.296762,1.479703,-1.89901,-0.247455,-0.014869,0.369945,0.511819,0.737604,0.440425,-0.831132,0.554785,0.036991,-0.217683,-0.385916,0.896408,0.002018,0.008599,0.00675,0.001923,-0.012549,0.025869,-1.408833,0.00579,0.039559,-0.009005,-0.335128,-0.836256,0.434008,0.928456,-0.371438,0.001232,0.160177,0.40337,0.900907,-0.00701,0.000259,0.000452,-0.002091,0.015219,-0.029335,0.409272,0.078655,0.043854,-0.022497,-0.65236,0.320637,-0.686744,-0.552,-0.821901,0.140621,-0.519347,0.470818,0.713167,-0.005877,0.005367,0.003404,0.00093,0.005887,-0.003598,-0.648676
15,0.12703,-0.017062,0.408031,0.70931,-0.368919,-0.600686,0.581429,0.787964,0.202545,0.397719,-0.492461,0.774164,-0.014578,-0.013693,0.007613,-0.037965,0.037439,-0.074932,-1.898666,-0.247541,-0.014649,0.369888,0.511815,0.738192,0.439441,-0.831664,0.553886,0.038453,-0.215641,-0.386081,0.89683,-0.014145,0.01001,-0.008965,0.033983,0.00066,-0.013061,-1.408782,0.00579,0.039559,-0.009005,-0.335128,-0.836256,0.434008,0.928456,-0.371438,0.001232,0.160177,0.40337,0.900907,-0.00701,0.000259,0.000452,-0.002091,0.015219,-0.029335,0.409272,0.078394,0.043887,-0.022426,-0.647699,0.321192,-0.690883,-0.549859,-0.824751,0.132062,-0.527389,0.465425,0.710801,-0.000558,-0.00298,-0.001932,-0.004149,0.012585,-0.029641,-0.762652
16,0.126645,-0.01779,0.407934,0.711231,-0.369876,-0.59782,0.580631,0.788472,0.202858,0.395452,-0.490928,0.776296,-0.016773,-0.025454,5.9e-05,0.015908,0.16589,-0.05972,-1.845643,-0.247686,-0.01495,0.369733,0.511994,0.738105,0.439379,-0.831592,0.55398,0.038668,-0.215493,-0.386114,0.896851,-0.001881,-0.007986,-0.006281,-0.001922,0.012557,-0.025865,-1.212673,0.00579,0.039559,-0.009005,-0.335128,-0.836256,0.434008,0.928456,-0.371438,0.001232,0.160177,0.40337,0.900907,-0.00701,0.000259,0.000452,-0.002091,0.015219,-0.029335,0.409272,0.078203,0.043531,-0.022471,-0.650046,0.321992,-0.688302,-0.549067,-0.825205,0.132513,-0.525323,0.464064,0.713217,-0.001784,-0.013904,-0.000835,0.032977,0.185461,-0.018141,-0.859157
17,0.125825,-0.01866,0.408321,0.723519,-0.3768,-0.578436,0.5775,0.789427,0.208014,0.377359,-0.484076,0.789492,-0.028119,-0.029333,0.030102,0.150842,0.659066,0.077611,-0.45938,-0.247562,-0.015218,0.369646,0.513405,0.741045,0.432734,-0.834036,0.549487,0.048802,-0.202246,-0.386907,0.89959,0.013365,-0.013424,0.006282,-2.031958,-1.600623,1.062231,-0.184785,0.00579,0.039559,-0.009005,-0.335128,-0.836256,0.434008,0.928456,-0.371438,0.001232,0.160177,0.40337,0.900907,-0.00701,0.000259,0.000452,-0.002091,0.015219,-0.029335,0.409272,0.077791,0.043065,-0.022309,-0.66492,0.327175,-0.671444,-0.546512,-0.825872,0.138778,-0.509122,0.459229,0.727944,-0.020671,-0.009242,0.010549,0.298895,0.961899,0.133489,-0.618304
18,0.125165,-0.019103,0.408873,0.737265,-0.378709,-0.559522,0.572918,0.789365,0.220546,0.357233,-0.482686,0.799641,-0.040836,-0.015608,0.022948,-0.023848,0.722117,-0.296591,-0.066597,-0.247529,-0.015246,0.369674,0.515862,0.741164,0.429597,-0.833805,0.549382,0.053681,-0.196859,-0.386828,0.900818,0.000267,0.001135,0.000894,-0.013285,0.086585,-0.178529,0.048077,0.00579,0.039559,-0.009005,-0.335128,-0.836256,0.434008,0.928456,-0.371438,0.001232,0.160177,0.40337,0.900907,-0.00701,0.000259,0.000452,-0.002091,0.015219,-0.029335,0.409272,0.077451,0.042835,-0.022021,-0.681708,0.329306,-0.653322,-0.543572,-0.825665,0.151014,-0.489696,0.458076,0.741865,-0.020376,-0.007493,0.011686,-0.031855,0.70786,-0.298858,-0.464647
19,0.123945,-0.019887,0.41015,0.761683,-0.387374,-0.519447,0.56587,0.788207,0.241851,0.314803,-0.477668,0.820219,-0.039756,-0.017966,0.037641,0.015586,0.638134,-0.395868,0.372525,-0.247684,-0.015303,0.369765,0.514282,0.74121,0.431409,-0.83418,0.549033,0.051389,-0.199398,-0.387237,0.900084,-0.000402,-0.011828,0.008033,-0.036499,0.028237,-0.042829,0.232162,0.00579,0.039559,-0.009005,-0.335128,-0.836256,0.434008,0.928456,-0.371438,0.001232,0.160177,0.40337,0.900907,-0.00701,0.000259,0.000452,-0.002091,0.015219,-0.029335,0.409272,0.076841,0.042441,-0.021383,-0.711673,0.336572,-0.616635,-0.539525,-0.824023,0.172909,-0.449926,0.455745,0.768024,-0.01984,-0.008661,0.019043,-0.000598,0.583983,-0.396601,-0.16305
20,0.122736,-0.020485,0.411534,0.781532,-0.401017,-0.477953,0.564575,0.780605,0.268112,0.264608,-0.478876,0.837072,-0.02585,-0.008531,0.02731,-1.198122,1.588368,0.464293,0.520462,-0.247798,-0.015434,0.369757,0.51853,0.738184,0.431512,-0.831022,0.55379,0.051505,-0.201583,-0.386235,0.900028,-0.000494,-0.002093,-0.00165,-0.0,-0.0,0.0,0.337832,0.00579,0.039559,-0.009005,-0.335128,-0.836256,0.434008,0.928456,-0.371438,0.001232,0.160177,0.40337,0.900907,-0.00701,0.000259,0.000452,-0.002091,0.015219,-0.029335,0.409272,0.076258,0.042156,-0.020707,-0.736921,0.344052,-0.58187,-0.538497,-0.819116,0.197658,-0.408615,0.458994,0.788895,-0.006186,-0.004727,0.013278,0.169585,0.779761,-0.403486,0.140834
21,0.12239,-0.020635,0.411978,0.782635,-0.421086,-0.458492,0.579043,0.762828,0.287705,0.227633,-0.490127,0.841419,-0.012509,-0.002143,0.015014,-4.386241,3.379614,2.579381,0.522433,-0.247826,-0.015465,0.369733,0.523009,0.735053,0.431451,-0.82766,0.558798,0.051551,-0.203843,-0.384985,0.900054,-0.000243,-0.00103,-0.000812,4e-06,1e-06,9e-06,0.368843,0.00579,0.039559,-0.009005,-0.335128,-0.836256,0.434008,0.928456,-0.371438,0.001232,0.160177,0.40337,0.900907,-0.00701,0.000259,0.000452,-0.002091,0.015219,-0.029335,0.409272,0.076071,0.04208,-0.020467,-0.742724,0.365129,-0.561285,-0.556558,-0.802695,0.214297,-0.372295,0.471551,0.799396,-0.006277,-0.005191,0.012976,-0.158467,0.285233,-0.579647,0.296613
22,0.122117,-0.020687,0.41252,0.807591,-0.419285,-0.41478,0.564109,0.754391,0.33563,0.171181,-0.504508,0.846284,0.001233,0.006258,0.004001,-0.576341,0.730189,-1.191973,0.523021,-0.247835,-0.01545,0.369733,0.522894,0.735101,0.431508,-0.827721,0.558713,0.051482,-0.203886,-0.385017,0.900031,0.000149,0.000631,0.000497,-0.013291,0.086521,-0.17857,0.404277,0.00579,0.039559,-0.009005,-0.335128,-0.836256,0.434008,0.928456,-0.371438,0.001232,0.160177,0.40337,0.900907,-0.00701,0.000259,0.000452,-0.002091,0.015219,-0.029335,0.409272,0.075934,0.04205,-0.020198,-0.770411,0.366308,-0.521809,-0.553907,-0.789834,0.263341,-0.315678,0.491915,0.811397,0.000677,0.003528,0.002261,-0.068654,0.283481,-0.747588,0.521628
23,0.122117,-0.020564,0.41266,0.822793,-0.409366,-0.394306,0.547329,0.757741,0.35529,0.152319,-0.507633,0.848019,0.001618,0.008216,0.005244,-0.197002,0.401356,-0.852584,0.521742,-0.24783,-0.015421,0.369742,0.522961,0.735076,0.431469,-0.827678,0.558777,0.051484,-0.203892,-0.38497,0.900049,0.000153,0.000649,0.000511,0.0,0.0,0.0,0.415836,0.00579,0.039559,-0.009005,-0.335128,-0.836256,0.434008,0.928456,-0.371438,0.001232,0.160177,0.40337,0.900907,-0.00701,0.000259,0.000452,-0.002091,0.015219,-0.029335,0.409272,0.075927,0.042105,-0.020126,-0.788403,0.355095,-0.502322,-0.539287,-0.791824,0.286674,-0.295955,0.496911,0.815775,0.000757,0.003868,0.002467,-1.798724,1.794217,-2.185897,0.522444
24,0.122356,-0.019935,0.412889,0.843093,-0.401453,-0.357877,0.524683,0.760161,0.383191,0.117166,-0.510334,0.851974,0.001954,0.018227,-0.00457,-0.007504,0.198665,-0.476424,0.515121,-0.24783,-0.015398,0.369721,0.523246,0.734969,0.431307,-0.827498,0.55904,0.051524,-0.203891,-0.384794,0.900125,-0.013733,0.001754,0.001872,0.011243,-0.071334,0.149316,0.432547,0.005898,0.039596,-0.009003,-0.336068,-0.835901,0.433966,0.928016,-0.372537,0.001087,0.16076,0.403093,0.900928,0.0,0.000102,-9.2e-05,0.01209,-0.091684,0.180724,0.409272,0.076048,0.042423,-0.020003,-0.8135,0.345266,-0.467983,-0.519603,-0.792935,0.318223,-0.261208,0.50204,0.824454,0.007513,0.003476,0.002106,-0.078115,0.234008,-0.375439,0.52473
25,0.122493,-0.019797,0.412938,0.84738,-0.397048,-0.352628,0.518288,0.763039,0.386162,0.114693,-0.509491,0.852814,0.014512,0.00429,0.002517,-0.016671,0.111401,-0.316731,0.513096,-0.247844,-0.015403,0.369705,0.524723,0.734918,0.429594,-0.827219,0.559221,0.05399,-0.201203,-0.384627,0.900801,-0.000225,-0.000953,-0.000752,-1.996209,-1.598459,1.049493,0.4337,0.005887,0.039598,-0.00901,-0.33657,-0.835826,0.433722,0.92784,-0.372974,0.00125,0.160723,0.402846,0.901045,-0.000177,-0.000692,-0.000642,0.000282,-0.000672,0.001163,0.409925,0.076112,0.0425,-0.01998,-0.818131,0.340583,-0.463317,-0.513475,-0.795395,0.322007,-0.25885,0.501346,0.825619,0.007246,0.002124,0.00124,-0.016035,0.110306,-0.318309,0.524404
26,0.122941,-0.019758,0.412956,0.847938,-0.396392,-0.352023,0.517429,0.76341,0.386581,0.114449,-0.509447,0.852873,0.013587,-0.000405,-0.000463,0.000984,-0.014715,0.029553,0.504014,-0.247925,-0.01545,0.369697,0.532607,0.734949,0.419726,-0.825936,0.559513,0.068617,-0.185066,-0.384141,0.904461,-0.013925,0.000955,0.001241,-1.997958,-1.584084,1.020022,0.434082,0.005846,0.039573,-0.009017,-0.345625,-0.837566,0.423113,0.927357,-0.373758,0.017657,0.143353,0.39848,0.905904,-0.006965,0.000486,0.000597,-1.987672,-1.576072,1.014562,0.410414,0.076337,0.042525,-0.019967,-0.818983,0.339593,-0.46254,-0.512284,-0.795865,0.322742,-0.258519,0.501272,0.825768,0.006781,-0.000255,-0.000269,0.011134,-0.083117,0.215143,0.52473
27,0.123403,-0.019664,0.412936,0.84365,-0.401639,-0.35635,0.523656,0.762212,0.380512,0.11774,-0.507121,0.853811,0.014172,0.010961,-0.009396,0.036881,-0.02692,0.048079,0.502615,-0.248071,-0.015384,0.369662,0.540124,0.734541,0.410739,-0.823972,0.560754,0.080986,-0.1715,-0.383108,0.907568,-0.0,-1e-06,-1e-06,0.013284,-0.086568,0.178548,0.438415,0.005773,0.039606,-0.009035,-0.353745,-0.838691,0.414079,0.926299,-0.375534,0.030711,0.129744,0.394425,0.909722,-0.006861,0.00091,0.000954,0.019209,-0.065274,0.14601,0.411884,0.076567,0.042561,-0.019978,-0.814543,0.345118,-0.466274,-0.517706,-0.795109,0.31588,-0.261723,0.498691,0.826321,0.000404,0.002096,0.00132,0.004296,-0.07271,0.184319,0.524567
28,0.123521,-0.019547,0.412935,0.840298,-0.407557,-0.35755,0.529535,0.758539,0.379715,0.115419,-0.507898,0.853666,0.014283,0.011572,-0.009011,0.036275,-0.026723,0.049026,0.502743,-0.248163,-0.015319,0.369627,0.538817,0.737552,0.407043,-0.826373,0.55648,0.085852,-0.163853,-0.38356,0.908789,4.1e-05,0.010271,-0.009259,-0.017844,-0.057891,0.044317,0.434764,0.005726,0.039635,-0.00905,-0.352105,-0.841269,0.410228,0.927941,-0.371021,0.0356,0.122254,0.393202,0.911287,-0.006862,0.000897,0.000949,-0.193199,-0.138188,0.070832,0.412047,0.076625,0.042619,-0.019979,-0.811454,0.351224,-0.4671,-0.523662,-0.791818,0.314326,-0.259459,0.499664,0.826446,0.000454,0.002365,0.00149,-0.001313,-0.010302,0.029192,0.523914
29,0.123615,-0.019428,0.4129,0.837381,-0.409705,-0.361912,0.533317,0.757712,0.376055,0.119116,-0.507402,0.853453,5.2e-05,0.000273,0.000172,0.009442,-0.068078,0.186636,0.501345,-0.248433,-0.015328,0.369537,0.529886,0.743952,0.407121,-0.832972,0.546589,0.085624,-0.159479,-0.385431,0.908775,-0.014868,-0.002996,-0.001883,-0.003968,0.027758,-0.055112,0.398915,0.005599,0.039643,-0.009091,-0.342073,-0.845633,0.409742,0.93228,-0.360007,0.035322,0.117641,0.394078,0.911516,-0.000499,-0.002107,-0.001663,-0.001501,0.012971,-0.025358,0.390656,0.076679,0.042688,-0.019997,-0.808214,0.353452,-0.47102,-0.526864,-0.791304,0.310244,-0.263064,0.498907,0.825765,4e-06,2.4e-05,1.2e-05,0.000203,-9.7e-05,-0.00078,0.523914
30,0.123645,-0.019471,0.412848,0.834085,-0.412223,-0.366633,0.537605,0.756547,0.372276,0.122881,-0.507097,0.8531,0.013047,-0.003139,-0.002196,0.047919,-0.057686,0.068441,0.493901,-0.248695,-0.015604,0.369365,0.513889,0.755564,0.406242,-0.844164,0.52951,0.083305,-0.152798,-0.386698,0.909384,-0.002028,-0.008493,-0.006724,-0.006938,0.010592,-0.038521,0.313888,0.005462,0.039503,-0.009178,-0.323974,-0.853658,0.407808,0.939542,-0.340846,0.032911,0.110905,0.393816,0.912473,-0.001056,-0.004443,-0.003512,-0.012727,0.020883,-0.035284,0.31342,0.076689,0.042666,-0.020023,-0.80444,0.356236,-0.475363,-0.530764,-0.7904,0.30587,-0.266765,0.49836,0.824907,-0.000183,-0.000955,-0.000605,0.178521,-0.22275,0.326972,0.523587
31,0.123687,-0.019482,0.412876,0.831348,-0.414178,-0.370625,0.541054,0.755695,0.368996,0.126219,-0.506773,0.852805,-4.9e-05,-0.00856,0.010704,-0.026282,-0.055608,0.168194,0.492661,-0.248949,-0.015898,0.369112,0.499185,0.764995,0.406926,-0.854092,0.513422,0.082815,-0.146184,-0.389859,0.909122,-0.015551,-0.005699,-0.004054,-0.003969,0.027758,-0.055113,0.207884,0.00534,0.039355,-0.009306,-0.307651,-0.859739,0.407673,0.945825,-0.323042,0.032506,0.103749,0.395589,0.912548,-0.001026,-0.004304,-0.003411,-0.00159,0.013088,-0.024795,0.192258,0.076714,0.042658,-0.020016,-0.801394,0.358289,-0.478952,-0.533711,-0.789842,0.302161,-0.270036,0.497772,0.824198,0.00011,0.000574,0.000361,-0.002617,0.002537,-0.002864,0.52375
32,0.123677,-0.019502,0.4129,0.830894,-0.414629,-0.371139,0.541704,0.755353,0.368741,0.126421,-0.506913,0.852692,2e-06,1.3e-05,8e-06,0.0,0.0,0.0,0.49218,-0.249064,-0.016007,0.369002,0.494147,0.768111,0.407205,-0.857382,0.507946,0.082584,-0.144011,-0.390909,0.909018,-0.015381,-0.004953,-0.003469,-0.003969,0.027759,-0.055112,0.177018,0.005281,0.039296,-0.009365,-0.30207,-0.861724,0.407656,0.947876,-0.316998,0.032283,0.101407,0.396159,0.912564,-0.000757,-0.003171,-0.002517,0.000414,0.00028,0.000981,0.128085,0.076709,0.042646,-0.019999,-0.800847,0.358838,-0.479455,-0.534434,-0.789489,0.301805,-0.270226,0.497937,0.824036,-1e-06,-2e-06,-3e-06,0.009229,-0.067782,0.186077,0.523587
33,0.123634,-0.019532,0.412918,0.829926,-0.415581,-0.372238,0.543072,0.754672,0.368123,0.126905,-0.507146,0.852482,-1.3e-05,-7e-05,-4.4e-05,0.009446,-0.068043,0.186648,0.492656,-0.249303,-0.016123,0.36893,0.493118,0.768455,0.407803,-0.857944,0.507055,0.08223,-0.144193,-0.391391,0.908782,-0.01402,0.000744,0.001058,-0.002045,0.015205,-0.029245,0.155376,0.00516,0.039229,-0.009407,-0.300976,-0.861844,0.408211,0.948215,-0.316018,0.031923,0.101489,0.39668,0.912328,-0.007007,0.000373,0.000535,-0.001768,0.015242,-0.028584,0.061789,0.076687,0.042631,-0.019991,-0.799904,0.35976,-0.48034,-0.535634,-0.788951,0.301084,-0.270647,0.498125,0.823784,-8e-06,-4.2e-05,-2.7e-05,0.000119,-4.1e-05,-0.00016,0.523587
34,0.123702,-0.019549,0.412907,0.828023,-0.4174,-0.374435,0.545717,0.753415,0.366786,0.127983,-0.50752,0.852098,-0.0,-1e-06,-1e-06,0.0,0.0,0.0,0.483201,-0.249605,-0.01607,0.368865,0.487451,0.771743,0.408407,-0.861494,0.501101,0.081607,-0.142271,-0.392593,0.908567,-0.000449,-0.001855,-0.001478,-0.013281,0.086677,-0.178495,0.148293,0.005006,0.039263,-0.009434,-0.294845,-0.863857,0.408431,0.950366,-0.30955,0.031347,0.09935,0.397402,0.91225,-0.007146,-0.000193,8.1e-05,-0.001822,0.015264,-0.028681,0.041704,0.076722,0.042622,-0.019997,-0.797767,0.36178,-0.482371,-0.538263,-0.787828,0.299331,-0.271734,0.498439,0.823236,2e-06,1.1e-05,6e-06,0.009567,-0.068061,0.186552,0.523587
35,0.12374,-0.019582,0.412921,0.825689,-0.41892,-0.377875,0.548509,0.752842,0.363783,0.131061,-0.507116,0.851871,-6.5e-05,-0.00034,-0.000215,0.524882,-0.47198,0.433998,0.480195,-0.249809,-0.016105,0.368818,0.486533,0.772048,0.408925,-0.861977,0.500333,0.081222,-0.142488,-0.392975,0.908367,-0.014697,-0.002021,-0.00115,-0.002045,0.015205,-0.029245,0.148577,0.00491,0.039249,-0.009455,-0.293757,-0.86398,0.408954,0.950688,-0.308601,0.030925,0.099485,0.397872,0.91203,-0.000559,-0.002308,-0.001835,-0.001742,0.012587,-0.025403,0.038439,0.076741,0.042606,-0.019989,-0.795503,0.363333,-0.484937,-0.540454,-0.787333,0.296674,-0.274016,0.498091,0.82269,-3.9e-05,-0.000218,-0.000145,1.76033,-1.642131,1.631576,0.523751
36,0.123773,-0.019578,0.412935,0.822151,-0.419117,-0.385297,0.552131,0.752028,0.359968,0.137867,-0.508158,0.850174,0.00057,0.011282,-0.008984,0.036261,-0.023732,0.045061,0.473596,-0.250232,-0.016247,0.368757,0.486491,0.77255,0.408025,-0.862408,0.499257,0.083247,-0.139993,-0.393358,0.90859,-0.014781,-0.002312,-0.001391,-0.00397,0.027764,-0.055109,0.13607,0.004698,0.039177,-0.009487,-0.293701,-0.864443,0.408014,0.950966,-0.307527,0.03299,0.096957,0.397698,0.912378,-0.000399,-0.001639,-0.001302,0.002591,0.001925,-0.00087,0.032233,0.076756,0.0426,-0.019981,-0.79063,0.363784,-0.492508,-0.543805,-0.786855,0.291778,-0.281388,0.498517,0.819939,6.8e-05,0.000352,0.000222,0.012612,-0.05271,0.182761,0.523424
37,0.123832,-0.01958,0.412909,0.813551,-0.421389,-0.400764,0.559658,0.754601,0.342537,0.157067,-0.502434,0.850245,-0.000345,-0.0018,-0.001138,1.751023,-1.573131,1.457876,0.456657,-0.250777,-0.016285,0.368731,0.487061,0.77466,0.403317,-0.862914,0.497907,0.086032,-0.134766,-0.390908,0.910435,-0.01432,-0.000384,0.000143,-0.074238,-0.33886,-0.046441,0.128442,0.004425,0.039154,-0.009503,-0.294299,-0.866139,0.403968,0.95122,-0.306398,0.036042,0.092557,0.39487,0.914062,-0.007205,-0.000371,-6.7e-05,-0.486405,-0.845595,0.158299,0.014598,0.076787,0.042612,-0.019992,-0.781581,0.366302,-0.504928,-0.548168,-0.78963,0.275673,-0.297727,0.492247,0.817955,-0.000213,-0.001112,-0.000705,0.002876,0.006706,-0.024351,0.522608
38,0.123851,-0.019757,0.412917,0.807834,-0.420531,-0.413043,0.563545,0.75647,0.331876,0.17189,-0.500342,0.84861,-0.000518,-0.0027,-0.001709,-0.000419,-0.000958,-0.000188,0.445919,-0.251219,-0.016227,0.368806,0.487231,0.776382,0.399784,-0.863241,0.497215,0.086756,-0.13202,-0.38836,0.911927,-0.013333,0.003628,0.003345,0.016205,-0.020279,-0.047857,0.129049,0.004202,0.039178,-0.009469,-0.293967,-0.868339,0.399462,0.951521,-0.305432,0.036291,0.090496,0.390765,0.91603,0.000313,0.001271,0.001026,0.004161,-0.011952,-0.015522,0.009536,0.076796,0.04252,-0.01999,-0.772922,0.366154,-0.518191,-0.551143,-0.792081,0.262387,-0.314375,0.488402,0.814021,-0.000276,-0.001436,-0.000909,-0.001639,0.015977,-0.00601,0.510361
39,0.123847,-0.019866,0.41292,0.805063,-0.420871,-0.418075,0.565401,0.757693,0.325876,0.178624,-0.498203,0.848478,-0.000727,-0.003791,-0.002401,1.737464,-1.563245,1.432725,0.440958,-0.25137,-0.016159,0.368892,0.487166,0.776394,0.39984,-0.863281,0.497142,0.08678,-0.131999,-0.38843,0.9119,0.000719,0.002906,0.002321,0.000267,-0.000519,-0.000272,0.129306,0.004122,0.039214,-0.009425,-0.293862,-0.868251,0.39973,0.951564,-0.305281,0.036446,0.090386,0.391079,0.915907,-0.00641,0.00285,0.002509,-0.006924,0.023374,-0.027044,0.008393,0.076795,0.042468,-0.019987,-0.77098,0.366302,-0.520972,-0.551501,-0.793105,0.258517,-0.31849,0.486628,0.813484,-0.000272,-0.001419,-0.000899,-0.0039,0.005972,-0.004009,0.497624
40,0.123875,-0.020052,0.412923,0.804176,-0.420959,-0.41969,0.565997,0.758018,0.324081,0.180712,-0.497634,0.84837,-0.000496,-0.00259,-0.001642,-0.0,-0.0,-0.0,0.418784,-0.251608,-0.016053,0.369156,0.485895,0.778068,0.398131,-0.864036,0.496086,0.085293,-0.131739,-0.386424,0.912789,-0.012658,-0.003645,0.014989,-0.034946,0.015224,-0.020601,0.133045,0.004008,0.03927,-0.009296,-0.292351,-0.869621,0.397854,0.952005,-0.304084,0.034891,0.090639,0.38896,0.916784,0.000519,0.002107,0.001685,-0.008382,0.012864,0.002908,0.00921,0.076808,0.042372,-0.019988,-0.768538,0.366862,-0.524175,-0.552419,-0.793803,0.254379,-0.322771,0.485065,0.81273,-0.000303,-0.001576,-0.000999,-0.001032,0.000964,-0.000671,0.465946
41,0.124041,-0.020121,0.412827,0.801296,-0.422791,-0.423342,0.568983,0.757289,0.320535,0.184081,-0.497189,0.847906,0.013042,-0.003263,-0.00228,0.002253,-0.015858,0.030619,0.347032,-0.251671,-0.016089,0.369431,0.485407,0.778175,0.398516,-0.864367,0.495444,0.085672,-0.13137,-0.387031,0.912586,0.000446,0.001797,0.001431,0.0,-0.0,-0.0,0.13564,0.003974,0.039257,-0.009148,-0.291854,-0.869559,0.398356,0.952211,-0.303382,0.03539,0.090081,0.389648,0.916547,0.000205,-0.004133,0.005432,-0.03601,0.015134,-0.015583,0.013128,0.076886,0.042337,-0.020036,-0.76532,0.368881,-0.527456,-0.55496,-0.793284,0.250437,-0.326041,0.484382,0.811831,0.006497,-0.001765,-0.001226,0.010442,-0.082492,0.216042,0.400956
42,0.124249,-0.020167,0.412698,0.797709,-0.424482,-0.428395,0.572171,0.757199,0.315026,0.189669,-0.495882,0.84744,0.012644,0.002961,-0.014473,0.558169,-0.48723,0.459625,0.282073,-0.251655,-0.016179,0.369556,0.485321,0.778171,0.39863,-0.864458,0.495228,0.086002,-0.131083,-0.38732,0.912505,0.01394,-0.001136,-0.001351,0.002045,-0.015205,0.029245,0.128208,0.003977,0.039214,-0.009084,-0.291751,-0.869536,0.39848,0.952274,-0.303144,0.035716,0.08974,0.389883,0.91648,3.9e-05,-0.004804,0.004897,-0.035872,0.01485,-0.015721,0.011496,0.076991,0.042317,-0.020092,-0.76166,0.370678,-0.53148,-0.557237,-0.793294,0.245294,-0.330696,0.482991,0.810776,0.006301,-0.002828,-0.001908,1.750814,-1.646489,1.673595,0.331721
43,0.124878,-0.020166,0.4123,0.785517,-0.426565,-0.448387,0.580536,0.758932,0.294911,0.213524,-0.491428,0.844353,0.013134,0.005534,-0.012842,1.788558,-1.606457,1.528178,0.045771,-0.251474,-0.016398,0.369754,0.485396,0.778086,0.398704,-0.864507,0.495015,0.086728,-0.130478,-0.387761,0.912404,0.014186,-0.000148,-0.000566,0.002045,-0.015205,0.029245,0.100093,0.004065,0.039102,-0.008993,-0.291842,-0.86947,0.398558,0.952308,-0.302953,0.036419,0.08908,0.390179,0.916418,0.00697,-0.000559,-0.000672,0.002146,-0.015186,0.029454,-0.009732,0.077299,0.042311,-0.020295,-0.748025,0.373217,-0.548787,-0.56253,-0.795323,0.225876,-0.352162,0.47767,0.804868,0.01317,0.001523,-0.007326,0.205227,-0.171322,0.213671,0.075518
44,0.125365,-0.020219,0.4121,0.770864,-0.429341,-0.470617,0.588114,0.763545,0.266632,0.243907,-0.481776,0.841682,0.013011,-0.003496,-0.002437,0.516376,-0.421707,0.286537,-0.104794,-0.25112,-0.016453,0.369961,0.485922,0.777877,0.398471,-0.864289,0.495278,0.087398,-0.129965,-0.387844,0.912441,0.015028,0.003291,0.002163,0.003986,-0.027696,0.055141,0.068456,0.004241,0.039064,-0.008891,-0.292405,-0.869369,0.398365,0.952186,-0.303255,0.03711,0.088543,0.390169,0.916475,0.007521,-0.003305,0.005858,-0.045325,0.073238,-0.139528,-0.049412,0.077548,0.042287,-0.020399,-0.72975,0.377378,-0.570131,-0.566424,-0.800709,0.195005,-0.382919,0.465241,0.798074,-0.000176,-0.000967,-0.000627,1.720839,-1.488616,1.246439,-0.174317
45,0.125616,-0.02031,0.41205,0.755862,-0.430483,-0.493357,0.592753,0.769948,0.236211,0.277239,-0.470443,0.837764,-0.000317,-0.001701,-0.001083,1.712004,-1.452075,1.092789,-0.223538,-0.250759,-0.016401,0.370201,0.486423,0.777685,0.398234,-0.864071,0.495559,0.087963,-0.129537,-0.387871,0.912491,0.015083,-0.00642,0.011865,-0.032014,-0.012989,0.039041,0.035538,0.004423,0.039099,-0.008771,-0.292964,-0.869283,0.398144,0.952051,-0.303611,0.037657,0.088146,0.390086,0.916549,0.000637,0.002612,0.002067,4.7e-05,-1.2e-05,9.7e-05,-0.090398,0.077678,0.042243,-0.020424,-0.713038,0.379246,-0.589702,-0.566496,-0.807201,0.165855,-0.413108,0.452325,0.790406,-0.000192,-0.001041,-0.000668,-0.014222,0.073477,-0.192109,-0.308052
46,0.125658,-0.020367,0.412025,0.752425,-0.429411,-0.499508,0.592205,0.77301,0.22742,0.287537,-0.466389,0.836559,-0.000404,-0.00217,-0.001382,1.711879,-1.525186,1.273272,-0.275729,-0.250653,-0.016363,0.370306,0.486395,0.777684,0.398271,-0.864104,0.495476,0.088098,-0.129417,-0.38798,0.912462,0.014962,0.003099,0.001996,0.003988,-0.027681,0.055148,0.01384,0.004476,0.039116,-0.008714,-0.292924,-0.869275,0.39819,0.952078,-0.303506,0.037812,0.087984,0.390185,0.916522,0.000514,0.002112,0.001671,3.3e-05,1e-06,7.9e-05,-0.115381,0.0777,0.042216,-0.020436,-0.708836,0.378377,-0.5953,-0.564611,-0.810227,0.157309,-0.422806,0.447619,0.787954,-0.000277,-0.001498,-0.000958,-0.029838,0.155908,-0.409453,-0.355079
47,0.125689,-0.020575,0.411867,0.75249,-0.424944,-0.503216,0.589132,0.775865,0.225676,0.293597,-0.465746,0.83481,-0.001438,-0.00772,-0.004927,-0.226638,-0.335215,-0.141592,-0.431874,-0.250624,-0.016257,0.370417,0.486198,0.777745,0.398392,-0.864215,0.495285,0.088076,-0.129413,-0.3881,0.912411,-0.012889,0.005346,0.004694,-0.000101,0.002731,-0.003341,-0.046877,0.004497,0.039171,-0.008657,-0.292757,-0.86929,0.39828,0.952132,-0.303336,0.037804,0.08795,0.390283,0.916483,-0.006466,0.002596,0.002285,-7.1e-05,0.002732,-0.003301,-0.177595,0.077712,0.042124,-0.020507,-0.707299,0.375675,-0.598828,-0.56119,-0.81352,0.152482,-0.429875,0.443907,0.786227,-0.000671,-0.00362,-0.002312,-0.316183,-0.46501,-0.187902,-0.45387
48,0.125844,-0.020853,0.411601,0.74706,-0.4271,-0.509442,0.59211,0.775872,0.217716,0.301352,-0.463757,0.833152,-0.001269,-0.006829,-0.004372,0.009129,-0.059573,0.160598,-0.633887,-0.250608,-0.016105,0.370537,0.486304,0.777709,0.398332,-0.864158,0.495379,0.088114,-0.129394,-0.388054,0.912433,0.001124,0.004595,0.003633,0.001944,-0.012474,0.025904,-0.130854,0.004503,0.039243,-0.0086,-0.292854,-0.869277,0.398236,0.952103,-0.303424,0.037836,0.087945,0.390242,0.916501,0.000476,0.001956,0.001546,3e-06,7e-06,3.4e-05,-0.248136,0.077793,0.041974,-0.020647,-0.700822,0.376631,-0.605802,-0.563111,-0.813431,0.14572,-0.437896,0.443258,0.782156,-0.000592,-0.003201,-0.002051,0.00058,0.005456,-0.000573,-0.597402
49,0.125963,-0.020886,0.41148,0.74177,-0.427157,-0.517069,0.594415,0.775757,0.211762,0.309747,-0.463897,0.82999,0.012917,-0.004157,-0.002872,1.397206,-2.091717,1.340649,-0.73771,-0.250602,-0.016043,0.3706,0.486204,0.77774,0.398395,-0.864215,0.495281,0.088102,-0.129393,-0.388116,0.912407,0.000945,0.003862,0.003051,0.001944,-0.012473,0.025904,-0.187666,0.004507,0.039275,-0.008568,-0.292747,-0.869287,0.398293,0.952138,-0.303317,0.037824,0.08793,0.390303,0.916477,0.000354,0.001455,0.001149,8e-06,-5e-06,2.6e-05,-0.292715,0.077845,0.041948,-0.020713,-0.696799,0.378308,-0.609388,-0.564272,-0.81361,0.140122,-0.442795,0.441498,0.780391,-0.000156,0.003341,-0.005959,0.030095,-0.006015,0.013321,-0.674476
50,0.126119,-0.020761,0.411229,0.734674,-0.427791,-0.526587,0.597296,0.775918,0.202881,0.320889,-0.463044,0.826225,4.1e-05,0.008626,-0.010664,0.033059,-0.019505,0.017592,-0.963366,-0.250614,-0.015874,0.370735,0.485232,0.777565,0.399918,-0.864361,0.495438,0.085756,-0.132048,-0.388266,0.911963,-0.012548,0.006675,0.005731,0.011372,-0.070877,0.149527,-0.301319,0.004506,0.039358,-0.008502,-0.291666,-0.868948,0.399823,0.95223,-0.303316,0.035436,0.090481,0.391059,0.915906,0.000711,0.002915,0.002299,0.001538,-0.012784,0.02613,-0.402283,0.077929,0.042009,-0.020834,-0.68624,0.378067,-0.621401,-0.566411,-0.813736,0.130425,-0.456347,0.441471,0.77256,0.00664,-0.001117,-0.000822,0.01954,-0.061309,0.219815,-0.83597
51,0.126372,-0.02058,0.410843,0.728697,-0.427831,-0.534796,0.60113,0.773693,0.200036,0.327285,-0.466711,0.82164,-0.000224,0.007199,-0.011576,0.01723,-0.124174,0.190478,-1.257831,-0.250699,-0.015606,0.371016,0.483131,0.777249,0.403063,-0.864726,0.495581,0.081132,-0.137283,-0.388717,0.910997,0.002002,-0.001804,0.015928,-0.034056,0.00223,0.009802,-0.386058,0.004461,0.039487,-0.008371,-0.289617,-0.868235,0.40285,0.952365,-0.303402,0.030772,0.095508,0.392573,0.914747,0.00103,0.004228,0.003326,-0.002004,-0.015501,0.027807,-0.502053,0.078051,0.042103,-0.021019,-0.679518,0.378186,-0.628673,-0.569783,-0.811845,0.12749,-0.46217,0.444839,0.767147,-0.000178,0.003207,-0.006043,0.027307,-0.093808,0.16991,-1.031429
52,0.126608,-0.020333,0.410415,0.723905,-0.431606,-0.538259,0.605329,0.771634,0.195269,0.330165,-0.466639,0.820528,8.3e-05,0.008872,-0.010499,0.035722,-0.012315,0.018531,-1.619305,-0.250813,-0.015329,0.371462,0.480069,0.776711,0.407732,-0.865192,0.495814,0.074465,-0.144909,-0.389495,0.909483,-0.011084,0.002566,0.019802,-0.034109,0.005025,0.006456,-0.43777,0.004401,0.03963,-0.008139,-0.286507,-0.867138,0.407412,0.952555,-0.303408,0.024095,0.102719,0.394986,0.912926,-0.005533,0.00135,0.009954,-0.03986,0.000626,0.009222,-0.570309,0.078174,0.042228,-0.021244,-0.674427,0.382746,-0.631389,-0.573627,-0.810026,0.121691,-0.464865,0.444254,0.765857,6.3e-05,0.004513,-0.005204,0.036737,-0.010761,0.019113,-1.123362
53,0.126712,-0.020198,0.410245,0.720122,-0.433814,-0.541549,0.607834,0.770806,0.190702,0.33381,-0.465957,0.81944,0.000389,0.010544,-0.009425,0.058683,-0.093968,0.216986,-1.791536,-0.25087,-0.015216,0.37171,0.477812,0.776414,0.410937,-0.865576,0.4958,0.069966,-0.150005,-0.390107,0.908393,0.002276,-0.000686,0.016768,0.020495,0.044815,-0.018185,-0.458567,0.004373,0.03969,-0.008018,-0.284216,-0.866432,0.410506,0.952712,-0.30324,0.019583,0.107515,0.39666,0.911646,0.001179,0.004843,0.00379,0.195389,0.138444,-0.072847,-0.594149,0.07822,0.042286,-0.021323,-0.670565,0.385079,-0.634078,-0.575453,-0.809421,0.117001,-0.468181,0.44334,0.764365,1.4e-05,4.4e-05,2.4e-05,0.174975,-0.221745,0.332436,-1.109318
54,0.12693,-0.020054,0.410091,0.716496,-0.436662,-0.544064,0.611085,0.769035,0.187438,0.335671,-0.46622,0.81853,0.000182,0.000998,0.000641,0.009099,-0.068998,0.186315,-1.894176,-0.250936,-0.015135,0.372298,0.475945,0.775914,0.414036,-0.865824,0.495873,0.066286,-0.154459,-0.39101,0.907258,0.002159,-0.001159,0.016377,-0.034007,0.002304,0.009803,-0.478004,0.004339,0.039733,-0.007729,-0.282328,-0.865602,0.413548,0.952795,-0.303198,0.015845,0.111672,0.398501,0.910343,0.001066,-0.000599,0.008174,-0.039229,-0.001691,0.012326,-0.628767,0.078335,0.042368,-0.021406,-0.666782,0.388202,-0.636161,-0.57838,-0.80787,0.113236,-0.469977,0.443446,0.763201,0.000126,0.000667,0.000423,-4.2e-05,9.7e-05,-6.3e-05,-1.123361
55,0.127067,-0.020156,0.410144,0.711236,-0.440104,-0.548176,0.615202,0.766977,0.182333,0.339314,-0.46637,0.816941,0.013104,-0.011565,0.008557,-0.024394,-0.072512,0.198434,-1.894941,-0.250918,-0.015295,0.372965,0.475776,0.775827,0.414393,-0.866129,0.495149,0.067686,-0.153256,-0.3921,0.906991,0.001709,-0.00299,0.014937,-0.034045,0.002284,0.009829,-0.487309,0.00435,0.039655,-0.007387,-0.282203,-0.865492,0.413865,0.953007,-0.30245,0.017333,0.110172,0.399308,0.910172,-0.006043,-0.000755,0.008282,-0.038112,0.029804,-0.045274,-0.641503,0.078399,0.042324,-0.02138,-0.661235,0.391992,-0.639616,-0.581911,-0.806109,0.107551,-0.473441,0.443316,0.761132,-7.1e-05,-0.000395,-0.000257,0.009251,-0.06883,0.186025,-1.120749
56,0.127122,-0.020234,0.410178,0.709496,-0.441505,-0.549304,0.616896,0.765908,0.181101,0.339882,-0.4668,0.816459,-8.9e-05,-0.000486,-0.000312,-0.0,-0.0,-0.0,-1.895132,-0.250895,-0.015434,0.373336,0.473639,0.777248,0.414179,-0.866965,0.494119,0.06444,-0.155147,-0.39058,0.907326,0.001739,-0.002868,0.015028,-0.004309,-0.055603,-0.02002,-0.502657,0.004361,0.039584,-0.007202,-0.279828,-0.866509,0.413348,0.953436,-0.301272,0.013894,0.112491,0.39799,0.910466,0.000771,-0.006774,0.011998,-0.050794,-0.036009,-0.035282,-0.650811,0.078432,0.04228,-0.021361,-0.659382,0.393588,-0.640548,-0.583597,-0.805086,0.106067,-0.473949,0.443761,0.760557,-0.000136,-0.004962,0.00491,-0.027176,-0.056064,0.167225,-1.122708
