frame,MLTx,MLTy,MLTz,MLTR1,MLTR2,MLTR3,MLTR4,MLTR5,MLTR6,MLTR7,MLTR8,MLTR9,MLTTVx,MLTTVy,MLTTVz,MLTRVx,MLTRVy,MLTRVz,MLGA,MRTx,MRTy,MRTz,MRTR1,MRTR2,MRTR3,MRTR4,MRTR5,MRTR6,MRTR7,MRTR8,MRTR9,MRTTVx,MRTTVy,MRTTVz,MRTRVx,MRTRVy,MRTRVz,MRGA,SLTx,SLTy,SLTz,SLTR1,SLTR2,SLTR3,SLTR4,SLTR5,SLTR6,SLTR7,SLTR8,SLTR9,SLTTVx,SLTTVy,SLTTVz,SLTRVx,SLTRVy,SLTRVz,SLGA,SRTx,SRTy,SRTz,SRTR1,SRTR2,SRTR3,SRTR4,SRTR5,SRTR6,SRTR7,SRTR8,SRTR9,SRTTVx,SRTTVy,SRTTVz,SRTRVx,SRTRVy,SRTRVz,SRGA
1,0.235072,-0.051211,0.352315,-0.645165,0.661985,-0.381553,-0.654092,-0.736566,-0.172065,-0.394147,0.137732,0.908683,-0.0,1e-06,1e-06,0.0,0.0,0.0,0.519557,-0.235889,-0.038166,0.318727,-0.667367,-0.670676,0.323739,0.744204,-0.615354,0.259679,0.025885,0.415076,0.909343,1e-06,3e-06,4e-06,0.0,0.0,0.0,0.534981,0.003831,0.038277,-0.002024,0.679516,0.655805,0.3289,-0.723185,0.674219,0.149769,-0.123532,-0.339626,0.932412,-0.000387,-0.0018,-0.002065,-0.2676,0.261488,0.142985,-0.120796,0.119447,0.028276,-0.031529,0.657342,-0.676197,-0.332653,0.63515,0.734693,-0.238344,0.405566,-0.054611,0.912432,-0.0001,0.000777,0.000782,1.2e-05,1e-05,-6e-06,-0.229279
2,0.235061,-0.051212,0.352315,-0.645184,0.661971,-0.381547,-0.654078,-0.73658,-0.172056,-0.39414,0.137725,0.908687,-0.0,0.0,0.0,0.0,0.0,0.0,0.519559,-0.2359,-0.038165,0.318728,-0.66735,-0.670685,0.323755,0.744219,-0.615339,0.259673,0.025891,0.415084,0.909339,0.0,0.0,0.0,-0.011684,0.095865,-0.173851,0.534597,0.003831,0.038277,-0.002024,0.679516,0.655805,0.3289,-0.723185,0.674219,0.149769,-0.123532,-0.339626,0.932412,-0.000387,-0.0018,-0.002065,-0.2676,0.261488,0.142985,-0.120796,0.119447,0.028276,-0.031529,0.657342,-0.676197,-0.332653,0.63515,0.734693,-0.238344,0.405566,-0.054611,0.912432,-0.0001,0.000777,0.000782,1.2e-05,1e-05,-6e-06,-0.229279
3,0.235073,-0.051217,0.352309,-0.645181,0.661972,-0.381549,-0.654079,-0.736579,-0.172057,-0.394141,0.137727,0.908686,5.3e-05,-0.000421,-0.000427,0.0,0.0,0.0,0.519611,-0.2359,-0.038165,0.318728,-0.667449,-0.670635,0.323655,0.744131,-0.61543,0.259707,0.02585,0.415031,0.909365,0.0,0.0,0.0,0.0,0.0,0.0,0.534535,0.003831,0.038277,-0.002024,0.679516,0.655805,0.3289,-0.723185,0.674219,0.149769,-0.123532,-0.339626,0.932412,-0.000387,-0.0018,-0.002065,-0.2676,0.261488,0.142985,-0.12047,0.119447,0.028276,-0.031529,0.657342,-0.676197,-0.332653,0.63515,0.734693,-0.238344,0.405566,-0.054611,0.912432,-0.0001,0.000777,0.000782,1.2e-05,1e-05,-6e-06,-0.229279
4,0.235073,-0.051216,0.352295,-0.645185,0.66197,-0.381545,-0.654067,-0.736585,-0.17208,-0.394156,0.137704,0.908684,0.000156,-0.001231,-0.001249,-0.000704,0.011511,-0.026411,0.519544,-0.2359,-0.038165,0.318728,-0.667449,-0.670635,0.323655,0.744131,-0.61543,0.259707,0.02585,0.415031,0.909365,0.0,0.0,0.0,0.0,0.0,0.0,0.534415,0.003831,0.038277,-0.002024,0.679516,0.655805,0.3289,-0.723185,0.674219,0.149769,-0.123532,-0.339626,0.932412,-0.000387,-0.0018,-0.002065,-0.2676,0.261488,0.142985,-0.120796,0.119447,0.028276,-0.031529,0.657342,-0.676197,-0.332653,0.63515,0.734693,-0.238344,0.405566,-0.054611,0.912432,-0.0001,0.000777,0.000782,1.2e-05,1e-05,-6e-06,-0.229279
5,0.235073,-0.051216,0.352295,-0.645185,0.66197,-0.381545,-0.654067,-0.736585,-0.17208,-0.394156,0.137704,0.908684,0.0,-0.0,-0.0,0.0,0.0,0.0,0.519302,-0.235889,-0.038166,0.318727,-0.667367,-0.670676,0.323739,0.744204,-0.615354,0.259679,0.025885,0.415076,0.909343,0.0,0.0,0.0,0.0,0.0,0.0,0.534746,0.003831,0.038277,-0.002024,0.679516,0.655805,0.3289,-0.723185,0.674219,0.149769,-0.123532,-0.339626,0.932412,-0.000387,-0.0018,-0.002065,-0.2676,0.261488,0.142985,-0.120633,0.119447,0.028276,-0.031529,0.657342,-0.676197,-0.332653,0.63515,0.734693,-0.238344,0.405566,-0.054611,0.912432,-0.0001,0.000777,0.000782,1.2e-05,1e-05,-6e-06,-0.229279
6,0.235072,-0.051208,0.352288,-0.645172,0.661982,-0.381546,-0.654067,-0.736577,-0.17211,-0.394176,0.137688,0.908677,-0.000883,0.009914,-0.009603,0.035431,-0.005571,0.022019,0.519554,-0.235901,-0.03817,0.318721,-0.667336,-0.670692,0.323769,0.744231,-0.615326,0.259668,0.025897,0.415092,0.909336,-5.8e-05,-0.000265,-0.000304,0.0,0.0,0.0,0.534339,0.003831,0.038277,-0.002024,0.679516,0.655805,0.3289,-0.723185,0.674219,0.149769,-0.123532,-0.339626,0.932412,-0.000387,-0.0018,-0.002065,-0.2676,0.261488,0.142985,-0.12047,0.119447,0.028276,-0.031529,0.657342,-0.676197,-0.332653,0.63515,0.734693,-0.238344,0.405566,-0.054611,0.912432,-0.0001,0.000777,0.000782,1.2e-05,1e-05,-6e-06,-0.229279
7,0.235096,-0.051213,0.352296,-0.645147,0.662,-0.381558,-0.654095,-0.736556,-0.172098,-0.394171,0.137718,0.908675,0.000883,-0.009914,0.009603,-0.03543,0.005569,-0.02202,0.51933,-0.2359,-0.038165,0.318728,-0.66735,-0.670685,0.323755,0.744219,-0.615339,0.259673,0.025891,0.415084,0.909339,8e-06,3.8e-05,4.3e-05,0.0,0.0,0.0,0.535001,0.003831,0.038277,-0.002024,0.679516,0.655805,0.3289,-0.723185,0.674219,0.149769,-0.123532,-0.339626,0.932412,-0.000387,-0.0018,-0.002065,-0.2676,0.261488,0.142985,-0.120796,0.119447,0.028276,-0.031529,0.657342,-0.676197,-0.332653,0.63515,0.734693,-0.238344,0.405566,-0.054611,0.912432,-0.0001,0.000777,0.000782,1.2e-05,1e-05,-6e-06,-0.229279
8,0.235117,-0.051197,0.352295,-0.645081,0.662055,-0.381576,-0.654136,-0.736506,-0.172154,-0.394212,0.13772,0.908657,-0.0,3e-06,4e-06,0.0,0.0,0.0,0.519188,-0.2359,-0.038165,0.318728,-0.667251,-0.670735,0.323854,0.744306,-0.615248,0.259639,0.025932,0.415138,0.909314,0.0,0.0,0.0,0.0,0.0,0.0,0.534659,0.003831,0.038277,-0.002024,0.679516,0.655805,0.3289,-0.723185,0.674219,0.149769,-0.123532,-0.339626,0.932412,-0.000387,-0.0018,-0.002065,-0.2676,0.261488,0.142985,-0.120796,0.119447,0.028276,-0.031529,0.657342,-0.676197,-0.332653,0.63515,0.734693,-0.238344,0.405566,-0.054611,0.912432,-0.0001,0.000777,0.000782,1.2e-05,1e-05,-6e-06,-0.229279
9,0.235129,-0.051195,0.352282,-0.645066,0.662067,-0.381578,-0.654137,-0.736497,-0.172186,-0.394234,0.137705,0.90865,8e-05,-0.000631,-0.00064,0.0,0.0,0.0,0.519835,-0.235901,-0.03817,0.318721,-0.667336,-0.670692,0.323769,0.744231,-0.615326,0.259668,0.025897,0.415092,0.909336,-8e-06,-3.8e-05,-4.3e-05,0.0,0.0,0.0,0.53486,0.003831,0.038277,-0.002024,0.679516,0.655805,0.3289,-0.723185,0.674219,0.149769,-0.123532,-0.339626,0.932412,-0.000387,-0.0018,-0.002065,-0.2676,0.261488,0.142985,-0.12047,0.119447,0.028276,-0.031529,0.657342,-0.676197,-0.332653,0.63515,0.734693,-0.238344,0.405566,-0.054611,0.912432,-0.0001,0.000777,0.000782,1.2e-05,1e-05,-6e-06,-0.229279
10,0.235162,-0.051185,0.352289,-0.644993,0.662125,-0.381601,-0.654192,-0.73644,-0.172221,-0.394263,0.13773,0.908633,-1e-06,1e-05,1e-05,0.0,0.0,0.0,0.519703,-0.235902,-0.038162,0.318715,-0.667345,-0.670689,0.323756,0.744223,-0.615345,0.259648,0.02591,0.415068,0.909346,4.7e-05,0.011361,-0.007995,0.036083,-0.014207,0.016358,0.534651,0.003831,0.038277,-0.002024,0.679516,0.655805,0.3289,-0.723185,0.674219,0.149769,-0.123532,-0.339626,0.932412,-0.000387,-0.0018,-0.002065,-0.2676,0.261488,0.142985,-0.120796,0.119447,0.028276,-0.031529,0.657342,-0.676197,-0.332653,0.63515,0.734693,-0.238344,0.405566,-0.054611,0.912432,-0.0001,0.000777,0.000782,1.2e-05,1e-05,-6e-06,-0.229279
11,0.235171,-0.051162,0.352267,-0.645049,0.662083,-0.38158,-0.65412,-0.736494,-0.172267,-0.39429,0.13765,0.908634,0.015147,0.001627,0.000306,-0.003874,0.064754,-0.15271,0.519737,-0.23589,-0.038171,0.31872,-0.667352,-0.670684,0.323753,0.744217,-0.615341,0.259674,0.025891,0.415083,0.90934,0.0,0.0,0.0,0.0,0.0,0.0,0.534612,0.003831,0.038277,-0.002024,0.679516,0.655805,0.3289,-0.723185,0.674219,0.149769,-0.123532,-0.339626,0.932412,-0.000387,-0.0018,-0.002065,-0.2676,0.261488,0.142985,-0.120796,0.119447,0.028276,-0.031529,0.657342,-0.676197,-0.332653,0.63515,0.734693,-0.238344,0.405566,-0.054611,0.912432,-0.0001,0.000777,0.000782,1.2e-05,1e-05,-6e-06,-0.229279
12,0.23519,-0.051113,0.352211,-0.644941,0.66218,-0.381594,-0.654136,-0.736427,-0.17249,-0.39444,0.13754,0.908585,4e-06,-3.1e-05,-3.2e-05,0.0,0.0,0.0,0.519711,-0.23588,-0.038162,0.318699,-0.667374,-0.670676,0.323726,0.744197,-0.615382,0.259633,0.025916,0.415035,0.909361,-4.9e-05,-0.000225,-0.000259,0.0,0.0,0.0,0.534685,0.003831,0.038277,-0.002024,0.679516,0.655805,0.3289,-0.723185,0.674219,0.149769,-0.123532,-0.339626,0.932412,-0.000387,-0.0018,-0.002065,-0.2676,0.261488,0.142985,-0.12047,0.119447,0.028276,-0.031529,0.657342,-0.676197,-0.332653,0.63515,0.734693,-0.238344,0.405566,-0.054611,0.912432,-0.0001,0.000777,0.000782,1.2e-05,1e-05,-6e-06,-0.229279
13,0.235234,-0.051093,0.352198,-0.64484,0.662262,-0.381621,-0.654193,-0.736354,-0.172587,-0.39451,0.137534,0.908556,-0.000885,0.009916,-0.0096,0.03543,-0.005567,0.022022,0.519882,-0.23588,-0.038162,0.318699,-0.667374,-0.670676,0.323726,0.744197,-0.615382,0.259633,0.025916,0.415035,0.909361,-1e-06,-3e-06,-4e-06,0.0,0.0,0.0,0.534597,0.003831,0.038277,-0.002024,0.679516,0.655805,0.3289,-0.723185,0.674219,0.149769,-0.123532,-0.339626,0.932412,-0.000387,-0.0018,-0.002065,-0.2676,0.261488,0.142985,-0.120796,0.119447,0.028276,-0.031529,0.657342,-0.676197,-0.332653,0.63515,0.734693,-0.238344,0.405566,-0.054611,0.912432,-0.0001,0.000777,0.000782,1.2e-05,1e-05,-6e-06,-0.229279
14,0.23529,-0.051083,0.352218,-0.644726,0.662352,-0.38166,-0.654288,-0.736262,-0.172619,-0.39454,0.137595,0.908533,-5.2e-05,0.000405,0.000411,0.0,0.0,0.0,0.519829,-0.235889,-0.038158,0.31872,-0.667376,-0.670673,0.323726,0.744195,-0.615374,0.259658,0.025898,0.415052,0.909354,0.000154,0.000703,0.000807,0.0,0.0,0.0,0.535097,0.003831,0.038277,-0.002024,0.679516,0.655805,0.3289,-0.723185,0.674219,0.149769,-0.123532,-0.339626,0.932412,-0.000387,-0.0018,-0.002065,-0.2676,0.261488,0.142985,-0.120796,0.119447,0.028276,-0.031529,0.657342,-0.676197,-0.332653,0.63515,0.734693,-0.238344,0.405566,-0.054611,0.912432,-0.0001,0.000777,0.000782,1.2e-05,1e-05,-6e-06,-0.229279
15,0.235359,-0.051081,0.352213,-0.640582,0.666324,-0.381723,-0.658793,-0.73221,-0.172721,-0.393799,0.140001,0.908487,0.000113,-0.000889,-0.000902,-0.0,-0.0,0.0,0.519791,-0.23588,-0.038162,0.318699,-0.667374,-0.670676,0.323726,0.744197,-0.615382,0.259633,0.025916,0.415035,0.909361,-0.000217,-0.000995,-0.001143,-0.011683,0.095874,-0.173846,0.534827,0.003831,0.038277,-0.002024,0.679516,0.655805,0.3289,-0.723185,0.674219,0.149769,-0.123532,-0.339626,0.932412,-0.000387,-0.0018,-0.002065,-0.2676,0.261488,0.142985,-0.12047,0.119447,0.028276,-0.031529,0.657342,-0.676197,-0.332653,0.63515,0.734693,-0.238344,0.405566,-0.054611,0.912432,-0.0001,0.000777,0.000782,1.2e-05,1e-05,-6e-06,-0.229279
16,0.235383,-0.051085,0.352207,-0.636718,0.67003,-0.381701,-0.663046,-0.728371,-0.172675,-0.392932,0.142301,0.908506,0.0,-2e-06,-2e-06,-0.0,-0.0,0.0,0.519343,-0.23588,-0.03817,0.318706,-0.667463,-0.670628,0.323639,0.744119,-0.615454,0.259688,0.025862,0.415005,0.909376,-0.0,-0.0,-0.0,0.0,0.0,0.0,0.534419,0.003831,0.038277,-0.002024,0.679516,0.655805,0.3289,-0.723185,0.674219,0.149769,-0.123532,-0.339626,0.932412,-0.000387,-0.0018,-0.002065,-0.2676,0.261488,0.142985,-0.120796,0.119447,0.028276,-0.031529,0.657342,-0.676197,-0.332653,0.63515,0.734693,-0.238344,0.405566,-0.054611,0.912432,-0.0001,0.000777,0.000782,1.2e-05,1e-05,-6e-06,-0.229279
17,0.235393,-0.051078,0.352214,-0.632589,0.673907,-0.381742,-0.667459,-0.724313,-0.172748,-0.392136,0.144675,0.908475,-3.1e-05,0.000242,0.000246,-0.632775,-0.286347,1.505885,0.51877,-0.23588,-0.03817,0.318706,-0.667364,-0.670679,0.323738,0.744206,-0.615363,0.259654,0.025903,0.415059,0.90935,-0.0,-0.0,-0.0,-0.011684,0.095869,-0.173849,0.534731,0.003831,0.038277,-0.002024,0.679516,0.655805,0.3289,-0.723185,0.674219,0.149769,-0.123532,-0.339626,0.932412,-0.000387,-0.0018,-0.002065,-0.2676,0.261488,0.142985,-0.120796,0.119447,0.028276,-0.031529,0.657342,-0.676197,-0.332653,0.63515,0.734693,-0.238344,0.405566,-0.054611,0.912432,-0.0001,0.000777,0.000782,1.2e-05,1e-05,-6e-06,-0.229279
18,0.235385,-0.051106,0.352216,-0.624642,0.681288,-0.381725,-0.675952,-0.716414,-0.172662,-0.390335,0.149323,0.908498,2e-05,-0.000154,-0.000157,-0.632884,-0.286266,1.506251,0.51935,-0.235879,-0.038172,0.318719,-0.667369,-0.670675,0.323737,0.744202,-0.615357,0.25968,0.025884,0.415075,0.909344,4e-06,2e-05,2.3e-05,-0.011685,0.095865,-0.173851,0.534496,0.003831,0.038277,-0.002024,0.679516,0.655805,0.3289,-0.723185,0.674219,0.149769,-0.123532,-0.339626,0.932412,-0.000387,-0.0018,-0.002065,-0.2676,0.261488,0.142985,-0.12047,0.119447,0.028276,-0.031529,0.657342,-0.676197,-0.332653,0.63515,0.734693,-0.238344,0.405566,-0.054611,0.912432,-0.0001,0.000777,0.000782,1.2e-05,1e-05,-6e-06,-0.229279
19,0.235372,-0.051091,0.352188,-0.62464,0.681295,-0.381717,-0.675926,-0.716421,-0.172736,-0.390384,0.149262,0.908487,-0.000886,0.009916,-0.009601,0.035428,-0.005558,0.022027,0.518758,-0.235877,-0.038167,0.318725,-0.667383,-0.670667,0.323722,0.744189,-0.61537,0.259685,0.025878,0.415067,0.909348,1.1e-05,5.2e-05,6e-05,0.0,0.0,0.0,0.534813,0.003831,0.038277,-0.002024,0.679516,0.655805,0.3289,-0.723185,0.674219,0.149769,-0.123532,-0.339626,0.932412,-0.000387,-0.0018,-0.002065,-0.2676,0.261488,0.142985,-0.120796,0.119447,0.028276,-0.031529,0.657342,-0.676197,-0.332653,0.63515,0.734693,-0.238344,0.405566,-0.054611,0.912432,-0.0001,0.000777,0.000782,1.2e-05,1e-05,-6e-06,-0.229279
20,0.235359,-0.051071,0.352179,-0.624617,0.681316,-0.381717,-0.675924,-0.716408,-0.172796,-0.390423,0.149228,0.908476,-8e-06,6.6e-05,6.7e-05,-0.0,-0.0,0.0,0.519242,-0.235866,-0.038168,0.318724,-0.6674,-0.670659,0.323707,0.744175,-0.615385,0.25969,0.025872,0.415058,0.909352,0.0,1e-06,1e-06,0.0,0.0,0.0,0.534758,0.003831,0.038277,-0.002024,0.679516,0.655805,0.3289,-0.723185,0.674219,0.149769,-0.123532,-0.339626,0.932412,-0.000387,-0.0018,-0.002065,-0.2676,0.261488,0.142985,-0.120796,0.119447,0.028276,-0.031529,0.657342,-0.676197,-0.332653,0.63515,0.734693,-0.238344,0.405566,-0.054611,0.912432,-0.0001,0.000777,0.000782,1.2e-05,1e-05,-6e-06,-0.229279
21,0.23534,-0.051117,0.352209,-0.624736,0.681218,-0.381696,-0.675885,-0.716487,-0.172617,-0.3903,0.14929,0.908519,0.000886,-0.009916,0.0096,-0.035428,0.005558,-0.022026,0.519415,-0.235866,-0.03816,0.318718,-0.667409,-0.670655,0.323694,0.744166,-0.615404,0.25967,0.025885,0.415035,0.909362,-1e-06,-3e-06,-4e-06,0.0,0.0,0.0,0.534871,0.003831,0.038277,-0.002024,0.679516,0.655805,0.3289,-0.723185,0.674219,0.149769,-0.123532,-0.339626,0.932412,-0.000387,-0.0018,-0.002065,-0.2676,0.261488,0.142985,-0.12047,0.119447,0.028276,-0.031529,0.657342,-0.676197,-0.332653,0.63515,0.734693,-0.238344,0.405566,-0.054611,0.912432,-0.0001,0.000777,0.000782,1.2e-05,1e-05,-6e-06,-0.229279
22,0.23531,-0.051174,0.352272,-0.62488,0.681098,-0.381674,-0.675857,-0.716577,-0.172355,-0.390118,0.149404,0.908577,-9.6e-05,0.000755,0.000767,0.0,0.0,0.0,0.519658,-0.235842,-0.038164,0.318728,-0.671407,-0.66667,0.32366,0.740476,-0.619824,0.259707,0.02831,0.414873,0.909364,9.4e-05,0.000431,0.000495,0.160984,0.129175,0.452306,0.534674,0.003831,0.038277,-0.002024,0.679516,0.655805,0.3289,-0.723185,0.674219,0.149769,-0.123532,-0.339626,0.932412,-0.000387,-0.0018,-0.002065,-0.2676,0.261488,0.142985,-0.120796,0.119447,0.028276,-0.031529,0.657342,-0.676197,-0.332653,0.63515,0.734693,-0.238344,0.405566,-0.054611,0.912432,-0.0001,0.000777,0.000782,1.2e-05,1e-05,-6e-06,-0.229279
23,0.235302,-0.051205,0.3523,-0.62495,0.681039,-0.381664,-0.675843,-0.716621,-0.172224,-0.390028,0.149462,0.908606,-2e-06,1.3e-05,1.3e-05,0.0,0.0,0.0,0.519639,-0.235818,-0.03816,0.318732,-0.67539,-0.662657,0.323613,0.73675,-0.624241,0.259723,0.030747,0.414673,0.909375,4.3e-05,0.000199,0.000228,0.524852,0.526475,1.333855,0.534801,0.003831,0.038277,-0.002024,0.679516,0.655805,0.3289,-0.723185,0.674219,0.149769,-0.123532,-0.339626,0.932412,-0.000387,-0.0018,-0.002065,-0.2676,0.261488,0.142985,-0.120796,0.119447,0.028276,-0.031529,0.657342,-0.676197,-0.332653,0.63515,0.734693,-0.238344,0.405566,-0.054611,0.912432,-0.0001,0.000777,0.000782,1.2e-05,1e-05,-6e-06,-0.229279
24,0.235314,-0.05122,0.352328,-0.626935,0.680296,-0.379731,-0.676888,-0.71689,-0.166923,-0.385009,0.151534,0.910402,-0.0,2e-06,2e-06,-0.0,0.0,-0.0,0.518957,-0.235769,-0.038139,0.31874,-0.675508,-0.662596,0.323493,0.736643,-0.62436,0.25974,0.030715,0.414592,0.909414,5.2e-05,0.000238,0.000273,0.0,0.0,0.0,0.534829,0.003831,0.038277,-0.002024,0.679516,0.655805,0.3289,-0.723185,0.674219,0.149769,-0.123532,-0.339626,0.932412,-0.000387,-0.0018,-0.002065,-0.2676,0.261488,0.142985,-0.12047,0.119447,0.028276,-0.031529,0.657342,-0.676197,-0.332653,0.63515,0.734693,-0.238344,0.405566,-0.054611,0.912432,-0.0001,0.000777,0.000782,1.2e-05,1e-05,-6e-06,-0.229279
25,0.235324,-0.051205,0.352328,-0.626886,0.680334,-0.379743,-0.676913,-0.716854,-0.166971,-0.385043,0.151531,0.910388,-7e-06,5.6e-05,5.7e-05,-0.0,0.0,-0.0,0.518682,-0.235741,-0.038126,0.31877,-0.675588,-0.662551,0.323416,0.736571,-0.624423,0.259792,0.030665,0.414568,0.909426,0.000204,0.000938,0.001077,0.0,0.0,0.0,0.534686,0.003831,0.038277,-0.002024,0.679516,0.655805,0.3289,-0.723185,0.674219,0.149769,-0.123532,-0.339626,0.932412,-0.000387,-0.0018,-0.002065,-0.2676,0.261488,0.142985,-0.120796,0.119447,0.028276,-0.031529,0.657342,-0.676197,-0.332653,0.63515,0.734693,-0.238344,0.405566,-0.054611,0.912432,-0.0001,0.000777,0.000782,1.2e-05,1e-05,-6e-06,-0.229279
26,0.235313,-0.051208,0.352341,-0.627017,0.680232,-0.379709,-0.676828,-0.716955,-0.166884,-0.384981,0.151507,0.910419,-1e-06,9e-06,1e-05,0.0,0.0,0.0,0.518617,-0.235739,-0.038131,0.318796,-0.675598,-0.662543,0.323413,0.736564,-0.624411,0.259843,0.030627,0.414601,0.909413,6e-06,3e-05,3.4e-05,0.0,0.0,0.0,0.534521,0.003831,0.038277,-0.002024,0.679516,0.655805,0.3289,-0.723185,0.674219,0.149769,-0.123532,-0.339626,0.932412,-0.000387,-0.0018,-0.002065,-0.2676,0.261488,0.142985,-0.120796,0.119447,0.028276,-0.031529,0.657342,-0.676197,-0.332653,0.63515,0.734693,-0.238344,0.405566,-0.054611,0.912432,-0.0001,0.000777,0.000782,1.2e-05,1e-05,-6e-06,-0.229279
27,0.235301,-0.051209,0.352341,-0.627036,0.680218,-0.379703,-0.676814,-0.716971,-0.166875,-0.384973,0.151501,0.910423,0.000971,-0.010587,0.00892,-0.035428,0.005553,-0.022028,0.518218,-0.235751,-0.038152,0.318804,-0.675548,-0.662566,0.323469,0.73661,-0.624344,0.259874,0.030614,0.414665,0.909384,-6.8e-05,-0.000311,-0.000357,0.0,0.0,0.0,0.534727,0.003831,0.038277,-0.002024,0.679516,0.655805,0.3289,-0.723185,0.674219,0.149769,-0.123532,-0.339626,0.932412,-0.000387,-0.0018,-0.002065,-0.2676,0.261488,0.142985,-0.12047,0.119447,0.028276,-0.031529,0.657342,-0.676197,-0.332653,0.63515,0.734693,-0.238344,0.405566,-0.054611,0.912432,-0.0001,0.000777,0.000782,1.2e-05,1e-05,-6e-06,-0.229279
28,0.235303,-0.051232,0.352376,-0.626955,0.680275,-0.379734,-0.67691,-0.716893,-0.166816,-0.384937,0.151609,0.91042,-0.014262,-0.011542,0.009299,-0.036412,0.020265,-0.051582,0.516717,-0.235775,-0.038163,0.318807,-0.67559,-0.662543,0.32343,0.736573,-0.624371,0.259912,0.030579,0.414661,0.909387,-2.6e-05,-0.000118,-0.000135,0.0,0.0,0.0,0.53457,0.003831,0.038277,-0.002024,0.679516,0.655805,0.3289,-0.723185,0.674219,0.149769,-0.123532,-0.339626,0.932412,-0.000387,-0.0018,-0.002065,-0.2676,0.261488,0.142985,-0.120796,0.119447,0.028276,-0.031529,0.657342,-0.676197,-0.332653,0.63515,0.734693,-0.238344,0.405566,-0.054611,0.912432,-0.0001,0.000777,0.000782,1.2e-05,1e-05,-6e-06,-0.229279
29,0.235344,-0.05131,0.352456,-0.627289,0.68138,-0.377194,-0.677297,-0.716311,-0.167744,-0.383712,0.149396,0.911303,0.000885,-0.009909,0.009608,-0.022096,0.044086,-0.005626,0.515485,-0.235791,-0.03821,0.318801,-0.675488,-0.662592,0.323542,0.736666,-0.624246,0.259949,0.030571,0.414772,0.909337,-5.2e-05,-0.000239,-0.000275,0.0,0.0,0.0,0.526535,0.003831,0.038277,-0.002024,0.679516,0.655805,0.3289,-0.723185,0.674219,0.149769,-0.123532,-0.339626,0.932412,-0.000387,-0.0018,-0.002065,-0.2676,0.261488,0.142985,-0.12047,0.119447,0.028276,-0.031529,0.657342,-0.676197,-0.332653,0.63515,0.734693,-0.238344,0.405566,-0.054611,0.912432,-0.0001,0.000777,0.000782,1.2e-05,1e-05,-6e-06,-0.229279
30,0.235336,-0.051349,0.352492,-0.627372,0.681309,-0.377183,-0.677283,-0.716362,-0.167583,-0.383601,0.14947,0.911337,-0.0,0.0,0.0,0.000195,0.000563,0.00024,0.513246,-0.235814,-0.038256,0.318843,-0.675497,-0.662577,0.323552,0.736663,-0.624189,0.260095,0.030466,0.414879,0.909291,-1e-06,-3e-06,-4e-06,0.0,0.0,0.0,0.519162,0.003831,0.038277,-0.002024,0.679516,0.655805,0.3289,-0.723185,0.674219,0.149769,-0.123532,-0.339626,0.932412,-0.000387,-0.0018,-0.002065,-0.2676,0.261488,0.142985,-0.12047,0.119447,0.028276,-0.031529,0.657342,-0.676197,-0.332653,0.63515,0.734693,-0.238344,0.405566,-0.054611,0.912432,-0.0001,0.000777,0.000782,1.2e-05,1e-05,-6e-06,-0.229279
31,0.235315,-0.051366,0.352506,-0.627321,0.681347,-0.3772,-0.67734,-0.716314,-0.167559,-0.383585,0.149527,0.911335,-5.4e-05,0.000429,0.000435,0.0,0.0,0.0,0.50117,-0.235853,-0.03824,0.318894,-0.675484,-0.662582,0.32357,0.736676,-0.624155,0.260139,0.030436,0.414923,0.909272,9.7e-05,0.000444,0.000509,0.0,0.0,0.0,0.514494,0.003831,0.038277,-0.002024,0.679516,0.655805,0.3289,-0.723185,0.674219,0.149769,-0.123532,-0.339626,0.932412,-0.000387,-0.0018,-0.002065,-0.2676,0.261488,0.142985,-0.120796,0.119447,0.028276,-0.031529,0.657342,-0.676197,-0.332653,0.63515,0.734693,-0.238344,0.405566,-0.054611,0.912432,-0.0001,0.000777,0.000782,1.2e-05,1e-05,-6e-06,-0.229279
32,0.23535,-0.051369,0.3525,-0.62728,0.681377,-0.377214,-0.677368,-0.716283,-0.167578,-0.383602,0.149542,0.911325,0.015157,0.001569,0.000244,0.000984,-0.014715,0.029553,0.48713,-0.235878,-0.038114,0.318786,-0.676424,-0.662795,0.321161,0.735905,-0.624484,0.26153,0.028061,0.414086,0.90973,-0.000133,-0.000607,-0.000697,-0.0,-0.0,0.0,0.511356,0.003831,0.038277,-0.002024,0.679516,0.655805,0.3289,-0.723185,0.674219,0.149769,-0.123532,-0.339626,0.932412,-0.000387,-0.0018,-0.002065,-0.2676,0.261488,0.142985,-0.120633,0.119447,0.028276,-0.031529,0.657342,-0.676197,-0.332653,0.63515,0.734693,-0.238344,0.405566,-0.054611,0.912432,-0.0001,0.000777,0.000782,1.2e-05,1e-05,-6e-06,-0.229279
33,0.235427,-0.051338,0.35248,-0.627106,0.68151,-0.377261,-0.677464,-0.716156,-0.167732,-0.383716,0.149542,0.911277,0.0,-0.0,-0.0,0.0,0.0,0.0,0.454194,-0.235907,-0.038076,0.318704,-0.676395,-0.662825,0.321162,0.735926,-0.624543,0.261328,0.028207,0.41395,0.909787,-3.8e-05,-0.000176,-0.000202,0.0,0.0,0.0,0.501254,0.003831,0.038277,-0.002024,0.679516,0.655805,0.3289,-0.723185,0.674219,0.149769,-0.123532,-0.339626,0.932412,-0.000387,-0.0018,-0.002065,-0.2676,0.261488,0.142985,-0.120796,0.119447,0.028276,-0.031529,0.657342,-0.676197,-0.332653,0.63515,0.734693,-0.238344,0.405566,-0.054611,0.912432,-0.0001,0.000777,0.000782,1.2e-05,1e-05,-6e-06,-0.229279
34,0.235449,-0.05132,0.352466,-0.627042,0.681561,-0.377276,-0.677492,-0.716111,-0.167811,-0.383772,0.149524,0.911257,0.0,-0.0,-0.0,0.0,0.0,0.0,0.438169,-0.235897,-0.038099,0.318709,-0.676378,-0.66283,0.321186,0.735942,-0.624506,0.26137,0.028181,0.413997,0.909767,-9e-06,-4e-05,-4.6e-05,0.0,0.0,0.0,0.49701,0.003831,0.038277,-0.002024,0.679516,0.655805,0.3289,-0.723185,0.674219,0.149769,-0.123532,-0.339626,0.932412,-0.000387,-0.0018,-0.002065,-0.2676,0.261488,0.142985,-0.120796,0.119447,0.028276,-0.031529,0.657342,-0.676197,-0.332653,0.63515,0.734693,-0.238344,0.405566,-0.054611,0.912432,-0.0001,0.000777,0.000782,1.2e-05,1e-05,-6e-06,-0.229279
35,0.235443,-0.051361,0.352382,-0.625919,0.68204,-0.378276,-0.677059,-0.71587,-0.170566,-0.386357,0.148501,0.910331,0.000492,-0.003857,-0.003916,-0.0007,0.011499,-0.026416,0.275612,-0.235953,-0.038155,0.318661,-0.676077,-0.662988,0.321492,0.736214,-0.624219,0.26129,0.028291,0.414177,0.909681,-0.000627,-0.002869,-0.003295,-0.001693,0.013894,-0.025189,0.459952,0.003831,0.038277,-0.002024,0.679516,0.655805,0.3289,-0.723185,0.674219,0.149769,-0.123532,-0.339626,0.932412,-0.000387,-0.0018,-0.002065,-0.2676,0.261488,0.142985,-0.12047,0.119447,0.028276,-0.031529,0.657342,-0.676197,-0.332653,0.63515,0.734693,-0.238344,0.405566,-0.054611,0.912432,-0.0001,0.000777,0.000782,1.2e-05,1e-05,-6e-06,-0.229279
36,0.235475,-0.051411,0.352225,-0.624569,0.682695,-0.379324,-0.676742,-0.715459,-0.173523,-0.389084,0.147473,0.909336,0.015908,-0.004274,-0.005698,0.000998,-0.014721,0.029558,0.077414,-0.236,-0.038161,0.318561,-0.67604,-0.663019,0.321508,0.736244,-0.624249,0.261134,0.028406,0.414083,0.90972,-0.000748,0.007722,-0.012177,0.036082,-0.014218,0.016353,0.40468,0.003831,0.038277,-0.002024,0.679516,0.655805,0.3289,-0.723185,0.674219,0.149769,-0.123532,-0.339626,0.932412,-0.000387,-0.0018,-0.002065,-0.2676,0.261488,0.142985,-0.12047,0.119447,0.028276,-0.031529,0.657342,-0.676197,-0.332653,0.63515,0.734693,-0.238344,0.405566,-0.054611,0.912432,-0.0001,0.000777,0.000782,1.2e-05,1e-05,-6e-06,-0.229279
37,0.235529,-0.051446,0.352009,-0.623644,0.683028,-0.380246,-0.676058,-0.715403,-0.176396,-0.391743,0.146205,0.908399,0.000799,-0.006256,-0.006368,-0.000656,0.01149,-0.026396,-0.037977,-0.236049,-0.038148,0.318434,-0.676017,-0.663047,0.321499,0.73626,-0.624324,0.260911,0.028566,0.413925,0.909788,-0.000828,0.007359,-0.012597,0.03439,-0.000321,-0.008835,0.358816,0.003831,0.038277,-0.002024,0.679516,0.655805,0.3289,-0.723185,0.674219,0.149769,-0.123532,-0.339626,0.932412,-0.000387,-0.0018,-0.002065,-0.2676,0.261488,0.142985,-0.120796,0.119447,0.028276,-0.031529,0.657342,-0.676197,-0.332653,0.63515,0.734693,-0.238344,0.405566,-0.054611,0.912432,-0.0001,0.000777,0.000782,1.2e-05,1e-05,-6e-06,-0.229279
38,0.235788,-0.051315,0.351586,-0.620394,0.684772,-0.382417,-0.675545,-0.714205,-0.183091,-0.397734,0.143895,0.906161,-0.000651,0.011049,-0.028156,0.138803,-0.098748,0.194326,-0.686139,-0.236159,-0.038173,0.318201,-0.674745,-0.663058,0.324137,0.737307,-0.624004,0.25871,0.031563,0.41439,0.909477,-0.000369,-0.001683,-0.001939,0.0,0.0,-0.0,0.040935,0.003831,0.038277,-0.002024,0.679516,0.655805,0.3289,-0.723185,0.674219,0.149769,-0.123532,-0.339626,0.932412,-0.000387,-0.0018,-0.002065,-0.2676,0.261488,0.142985,-0.120633,0.119365,0.02829,-0.031493,0.656383,-0.676686,-0.333551,0.634624,0.73432,-0.240886,0.407938,-0.053566,0.911436,0.007815,0.001792,-0.009317,0.280906,-0.201919,0.284825,-0.242179
39,0.236343,-0.051528,0.349855,-0.609425,0.680687,-0.406586,-0.65376,-0.721485,-0.228098,-0.447857,0.125949,0.885205,0.032358,-0.002689,-0.065008,2.529712,-1.459771,1.152305,-1.806762,-0.236159,-0.038201,0.318121,-0.67476,-0.663055,0.324113,0.737292,-0.62405,0.258644,0.031608,0.414325,0.909505,-0.000325,-0.001482,-0.001708,-0.001689,0.013915,-0.025178,-0.20699,0.003831,0.038277,-0.002024,0.679516,0.655805,0.3289,-0.723185,0.674219,0.149769,-0.123532,-0.339626,0.932412,-0.000387,-0.0018,-0.002065,-0.2676,0.261488,0.142985,-0.120796,0.11963,0.028215,-0.032331,0.646175,-0.674211,-0.357624,0.612675,0.737669,-0.283675,0.455065,-0.035803,0.889737,0.008843,-0.003623,-0.034334,0.298687,-0.435426,0.536368,-0.547369
40,0.237489,-0.051699,0.347459,-0.581241,0.690948,-0.429877,-0.659034,-0.709519,-0.249457,-0.476651,0.137445,0.868297,0.032234,-0.00354,-0.046504,0.010734,-0.5918,0.636175,-1.91858,-0.236221,-0.038231,0.318008,-0.674457,-0.663223,0.324399,0.73756,-0.623826,0.258419,0.031819,0.414393,0.909466,-0.000849,-0.003862,-0.004456,-0.001689,0.013918,-0.025176,-0.745964,0.003831,0.038277,-0.002024,0.679516,0.655805,0.3289,-0.723185,0.674219,0.149769,-0.123532,-0.339626,0.932412,-0.000387,-0.0018,-0.002065,-0.2676,0.261488,0.142985,-0.120633,0.120209,0.028086,-0.033585,0.617745,-0.68805,-0.380759,0.61784,0.7242,-0.306278,0.48648,-0.046046,0.872476,0.015719,0.003091,-0.028209,0.032741,-0.521203,0.474769,-0.841129
41,0.23806,-0.051471,0.346698,-0.570675,0.693293,-0.440136,-0.665522,-0.70439,-0.246752,-0.480396,0.151238,0.86393,0.030182,0.011976,-0.030343,-0.089906,-0.635419,0.425158,-1.918081,-0.236267,-0.038362,0.317905,-0.678335,-0.659233,0.324445,0.733888,-0.628117,0.258478,0.034237,0.414274,0.909433,-0.001301,-0.005913,-0.006831,-0.001297,0.014228,-0.024078,-1.126979,0.003831,0.038277,-0.002024,0.679516,0.655805,0.3289,-0.723185,0.674219,0.149769,-0.123532,-0.339626,0.932412,-0.000387,-0.0018,-0.002065,-0.2676,0.261488,0.142985,-0.12047,0.120498,0.028171,-0.033997,0.607316,-0.691939,-0.390367,0.624747,0.719487,-0.303362,0.490772,-0.059644,0.869243,0.015057,0.006493,-0.014685,-0.278813,-0.640855,0.329483,-0.983845
42,0.238784,-0.050494,0.34613,-0.548468,0.695671,-0.463971,-0.676754,-0.69514,-0.242396,-0.490478,0.180178,0.85264,0.012807,0.022468,0.002091,-0.087394,-0.832467,0.40728,-1.91775,-0.236207,-0.038333,0.317699,-0.682347,-0.656278,0.322014,0.730048,-0.633453,0.256321,0.036613,0.410815,0.910908,0.000127,0.011708,-0.007589,0.069371,-0.047893,-0.004549,-1.403012,0.003831,0.038277,-0.002024,0.679516,0.655805,0.3289,-0.723185,0.674219,0.149769,-0.123532,-0.339626,0.932412,-0.000387,-0.0018,-0.002065,-0.2676,0.261488,0.142985,-0.120796,0.120869,0.028648,-0.034301,0.585314,-0.697444,-0.413495,0.636541,0.711151,-0.298461,0.502217,-0.088513,0.860198,0.005874,0.016825,-0.003109,-0.084305,-0.981359,0.338425,-1.078063
43,0.238985,-0.049534,0.346637,-0.53491,0.690635,-0.486765,-0.689343,-0.689792,-0.221279,-0.487931,0.21632,0.845669,-0.002957,0.021326,0.022184,-0.216743,-0.888803,0.093495,-1.192282,-0.236075,-0.038144,0.317694,-0.68127,-0.657991,0.320798,0.731032,-0.633347,0.253769,0.037048,0.40823,0.912052,0.00034,0.001551,0.001792,0.000494,-0.000499,-0.00031,-1.369232,0.003831,0.038277,-0.002024,0.679516,0.655805,0.3289,-0.723185,0.674219,0.149769,-0.123532,-0.339626,0.932412,-0.000387,-0.0018,-0.002065,-0.2676,0.261488,0.142985,-0.120633,0.120974,0.029141,-0.034043,0.571524,-0.695449,-0.435556,0.649708,0.707726,-0.277493,0.501237,-0.12439,0.856322,-0.001534,0.011065,0.011508,-0.372231,-0.84093,0.016915,-1.003766
44,0.238741,-0.049257,0.347302,-0.533684,0.689208,-0.49012,-0.700958,-0.684672,-0.199634,-0.472504,0.236151,0.849117,-0.017853,0.014517,0.036321,-3.346919,-0.045095,0.443955,-0.513114,-0.236026,-0.038217,0.317767,-0.677362,-0.661995,0.320834,0.734776,-0.628902,0.254008,0.034465,0.408634,0.911973,0.000168,0.000767,0.000886,-2.8e-05,-3.5e-05,-0.000103,-0.977678,0.003831,0.038277,-0.002024,0.679516,0.655805,0.3289,-0.723185,0.674219,0.149769,-0.123532,-0.339626,0.932412,-0.000387,-0.0018,-0.002065,-0.2676,0.261488,0.142985,-0.12047,0.120858,0.029284,-0.033713,0.570079,-0.694058,-0.43965,0.659857,0.705601,-0.258291,0.489487,-0.14286,0.860227,-0.00861,0.002175,0.022895,-3.090373,-1.661374,4.540723,-0.90122
45,0.237458,-0.04919,0.349194,-0.508899,0.713346,-0.481875,-0.751883,-0.640855,-0.154754,-0.418579,0.282668,0.863086,-0.046201,-0.008537,0.054682,-0.399038,0.252467,-0.411496,0.135582,-0.236057,-0.038572,0.31807,-0.673661,-0.665799,0.320755,0.738313,-0.624274,0.255167,0.031188,0.409554,0.911678,8e-05,0.000366,0.000422,0.0,-0.0,-0.0,-0.074572,0.003831,0.038277,-0.002024,0.679516,0.655805,0.3289,-0.723185,0.674219,0.149769,-0.123532,-0.339626,0.932412,-0.000387,-0.0018,-0.002065,-0.2676,0.261488,0.142985,-0.120796,0.120225,0.029343,-0.032758,0.545902,-0.719034,-0.430092,0.7152,0.667304,-0.20783,0.436439,-0.194147,0.878536,-0.023634,0.001125,0.023008,-1.05962,0.36946,-0.147933,-0.748216
46,0.236592,-0.049353,0.350186,-0.517941,0.711807,-0.474461,-0.758672,-0.638412,-0.129688,-0.394577,0.2919,0.871281,-0.04558,-0.012628,0.05034,-0.328311,0.291788,-0.564745,0.34126,-0.236159,-0.038665,0.318266,-0.669589,-0.669809,0.320931,0.742113,-0.619581,0.255582,0.028486,0.410149,0.911499,-0.014512,-0.00671,0.013593,-0.038127,0.029419,-0.0456,0.102911,0.003831,0.038277,-0.002024,0.679516,0.655805,0.3289,-0.723185,0.674219,0.149769,-0.123532,-0.339626,0.932412,-0.000387,-0.0018,-0.002065,-0.2676,0.261488,0.142985,-0.120796,0.119808,0.029277,-0.03227,0.554021,-0.717058,-0.42295,0.722462,0.666556,-0.183712,0.413652,-0.203785,0.887334,-0.02285,-0.00599,0.025519,-2.427639,1.21144,-1.533931,-0.685513
47,0.234458,-0.050313,0.352371,-0.560415,0.693928,-0.452154,-0.753423,-0.653808,-0.069709,-0.343305,0.30073,0.889792,-0.028428,-0.026376,0.034857,-2.651627,1.433541,-1.490621,0.51862,-0.236217,-0.03867,0.318578,-0.673933,-0.666274,0.319194,0.738183,-0.623405,0.257655,0.028158,0.410107,0.911528,-0.000317,-0.001445,-0.001665,-0.0117,0.095741,-0.173918,0.206733,0.003761,0.03814,-0.001957,0.677032,0.658785,0.32807,-0.725137,0.67328,0.144465,-0.125712,-0.335703,0.933541,-0.000182,-0.000938,-0.000873,-0.014731,0.090399,-0.17089,-0.120306,0.118715,0.028814,-0.031136,0.595128,-0.695251,-0.403049,0.716015,0.686456,-0.12688,0.364889,-0.21308,0.906339,-0.014685,-0.008197,0.012687,-0.856506,0.155293,0.860803,-0.283328
48,0.23392,-0.050724,0.352786,-0.566515,0.693319,-0.445438,-0.755678,-0.652622,-0.054833,-0.328021,0.304677,0.894204,-0.028591,-0.02234,0.019306,-0.882853,0.139144,0.986147,0.519388,-0.236256,-0.038929,0.318532,-0.676294,-0.663085,0.320835,0.73591,-0.626151,0.257498,0.030991,0.411088,0.910994,-0.002028,-0.009219,-0.010639,-0.003394,0.027725,-0.050413,0.213004,0.003745,0.038032,-0.001961,0.679173,0.655578,0.330062,-0.722643,0.675984,0.144332,-0.128496,-0.336543,0.932859,-0.000957,-0.009984,-0.000847,-0.049585,0.12207,-0.214459,-0.114101,0.118446,0.028607,-0.030922,0.603483,-0.692359,-0.395533,0.717557,0.687873,-0.109276,0.347735,-0.217872,0.911927,-0.006734,-0.011006,0.009215,-2.760016,0.05768,4.221051,-0.130815
49,0.233237,-0.051329,0.352784,-0.586095,0.682838,-0.436199,-0.746301,-0.664523,-0.037625,-0.314834,0.30263,0.899623,-0.013962,-0.011337,-0.010154,-0.011456,0.184799,-0.420648,0.519446,-0.236387,-0.039801,0.318142,-0.675201,-0.664951,0.319272,0.737089,-0.623313,0.260988,0.026303,0.412391,0.910552,-0.003117,-0.014117,-0.016395,-0.001701,0.013837,-0.02522,0.248827,0.003676,0.037576,-0.002168,0.678292,0.65738,0.328282,-0.724282,0.673446,0.147935,-0.123831,-0.338112,0.932922,-0.001621,-0.007381,-0.008531,0.000391,0.016592,-0.025911,-0.068217,0.118094,0.028294,-0.030918,0.621593,-0.681014,-0.387092,0.708603,0.699486,-0.092733,0.333918,-0.216653,0.917365,-0.006914,-0.006255,-0.005657,-0.008327,0.183381,-0.420282,0.185152
50,0.233082,-0.051725,0.35218,-0.591493,0.678064,-0.436361,-0.742248,-0.669244,-0.033936,-0.314314,0.302968,0.899691,0.000869,-0.004461,-0.024214,0.033462,0.015534,-0.031632,0.501109,-0.236404,-0.040274,0.317637,-0.677587,-0.665013,0.314044,0.735068,-0.624084,0.264815,0.020729,0.41112,0.91127,-0.00185,-0.00836,-0.009757,-0.001701,0.013835,-0.025221,0.35468,0.003665,0.037328,-0.002432,0.681137,0.656909,0.323298,-0.722536,0.674449,0.151853,-0.118294,-0.337027,0.934033,0.006729,-0.004746,-0.005634,0.001338,-0.000106,0.003784,0.050986,0.118017,0.028089,-0.031226,0.626716,-0.675904,-0.387788,0.704274,0.704283,-0.089348,0.333503,-0.217113,0.917407,0.000482,-0.002568,-0.012443,0.039039,0.029653,-0.028277,0.493772
51,0.233344,-0.052033,0.351551,-0.591621,0.679914,-0.433297,-0.743308,-0.668086,-0.03355,-0.311562,0.301375,0.901182,0.016299,-0.007636,-0.009129,0.020526,0.059943,0.030103,0.496707,-0.236378,-0.040168,0.317283,-0.678434,-0.665271,0.31166,0.734341,-0.624498,0.265856,0.01861,0.410071,0.911788,-0.00015,0.010456,-0.009042,0.035992,-0.014323,0.016442,0.442029,0.003677,0.037369,-0.002617,0.682193,0.656953,0.320974,-0.72189,0.674889,0.152967,-0.11613,-0.336061,0.934653,4.8e-05,0.00019,0.000223,0.003452,0.004662,-0.001693,0.190599,0.118144,0.027922,-0.031554,0.627059,-0.677616,-0.384228,0.705374,0.703222,-0.089018,0.330519,-0.215205,0.918935,0.000564,-0.004585,-0.00468,0.023577,-0.015185,0.183937,0.518592
52,0.233413,-0.052124,0.351438,-0.592671,0.679651,-0.432275,-0.743508,-0.667987,-0.030988,-0.309084,0.302184,0.901764,0.000496,-0.004086,-0.004177,0.000296,0.000923,0.000394,0.496136,-0.236341,-0.039956,0.317242,-0.679412,-0.665435,0.309169,0.73349,-0.624912,0.267228,0.016227,0.409172,0.912238,0.000869,0.015067,-0.003656,0.024381,-0.031068,0.025284,0.494325,0.003695,0.037471,-0.002641,0.68339,0.656878,0.318572,-0.721137,0.675373,0.154378,-0.113747,-0.335234,0.935242,0.000664,0.002986,0.00349,-0.0366,-0.069253,0.054782,0.265876,0.118185,0.027869,-0.031618,0.628035,-0.677202,-0.383365,0.70562,0.703302,-0.086404,0.328134,-0.216245,0.919545,0.000259,-0.002077,-0.002126,-0.001828,-0.000234,-0.028131,0.518755
53,0.233401,-0.052121,0.351471,-0.595276,0.681838,-0.425192,-0.744347,-0.667188,-0.02793,-0.301993,0.299012,0.905217,-0.000273,0.002248,0.002298,0.001562,0.00487,0.002079,0.496862,-0.236179,-0.03956,0.317543,-0.685397,-0.66608,0.294212,0.728064,-0.626628,0.277836,0.000156,0.405475,0.914031,0.001963,0.008909,0.010368,-0.010026,-0.030802,0.034129,0.533092,0.003777,0.03768,-0.002485,0.69071,0.656084,0.304093,-0.716512,0.677701,0.16532,-0.09762,-0.332075,0.938187,0.001038,0.004724,0.005495,8.3e-05,-0.016872,0.028474,0.374464,0.118179,0.027868,-0.031604,0.630771,-0.678777,-0.376016,0.70653,0.702752,-0.083382,0.320844,-0.213072,0.922853,-0.000193,0.001608,0.001645,-0.006441,-0.034079,0.022003,0.518429
54,0.233501,-0.051993,0.351592,-0.593866,0.684192,-0.423377,-0.745669,-0.665626,-0.029859,-0.301508,0.297112,0.906005,-0.00031,0.002546,0.002599,5.8e-05,0.000183,7.8e-05,0.506801,-0.236012,-0.039543,0.317864,-0.691195,-0.664926,0.283042,0.722413,-0.627955,0.289353,-0.013798,0.405313,0.913999,0.000271,-0.009914,0.009668,-0.41495,0.401629,0.222647,0.527623,0.003864,0.037709,-0.002309,0.696668,0.655248,0.292065,-0.712476,0.679539,0.174939,-0.083841,-0.329964,0.940262,0.000115,-0.005037,0.004742,-0.032166,0.019622,-0.018619,0.405163,0.118228,0.027939,-0.031537,0.629481,-0.680972,-0.374205,0.707911,0.701153,-0.085113,0.320335,-0.211327,0.923431,-0.000136,0.001119,0.001144,0.002736,-0.085725,0.180225,0.518755
55,0.233519,-0.051954,0.35163,-0.593243,0.684572,-0.423639,-0.746085,-0.665146,-0.030177,-0.301708,0.297312,0.905872,-0.000192,0.001577,0.00161,0.004897,-0.079456,0.182267,0.515833,-0.236064,-0.03964,0.317895,-0.698906,-0.656749,0.2832,0.715037,-0.63626,0.289533,-0.009089,0.405686,0.913893,-0.000422,-0.013066,0.006007,1.52251,1.620951,5.038384,0.526646,0.003839,0.037664,-0.00229,0.70094,0.649498,0.294676,-0.707993,0.683564,0.17744,-0.086183,-0.333003,0.938978,-0.000364,-0.001646,-0.001912,0.013146,0.003551,-0.024347,0.414307,0.118237,0.027963,-0.031513,0.62886,-0.681388,-0.37449,0.708354,0.700673,-0.085382,0.320573,-0.211578,0.923291,-9.8e-05,0.000801,0.000817,0.004789,-0.080254,0.181627,0.518755
56,0.233449,-0.05195,0.351655,-0.591522,0.685621,-0.424348,-0.747238,-0.66381,-0.031031,-0.302233,0.297876,0.905512,8.1e-05,-0.000664,-0.000677,0.0,0.0,0.0,0.51836,-0.236227,-0.039942,0.317816,-0.702728,-0.651564,0.285708,0.711313,-0.639427,0.29172,-0.006508,0.409051,0.912413,-0.001038,-0.00471,-0.005482,-0.000298,0.000306,0.000188,0.52415,0.003756,0.037504,-0.002331,0.707955,0.640101,0.298444,-0.700341,0.690844,0.179599,-0.091217,-0.336162,0.937375,-0.000651,-0.00296,-0.003442,0.004787,0.008048,-0.02693,0.425901,0.118201,0.027968,-0.031497,0.627207,-0.682569,-0.375113,0.709567,0.699353,-0.086138,0.321132,-0.212141,0.922967,-0.000373,0.004453,-0.005317,0.035578,-0.005701,0.021646,0.519082
57,0.233436,-0.052026,0.351506,-0.58896,0.685676,-0.427807,-0.748511,-0.662363,-0.031266,-0.304076,0.300948,0.903878,0.00037,-0.003048,-0.003114,-0.00721,-0.118339,0.165652,0.517953,-0.236281,-0.040138,0.317492,-0.70165,-0.652205,0.286893,0.712382,-0.638457,0.291234,-0.005899,0.409547,0.912195,-0.001568,-0.007101,-0.008288,-0.013428,0.109411,-0.199229,0.507154,0.00373,0.037407,-0.002493,0.706906,0.640848,0.299326,-0.701328,0.689981,0.179065,-0.091776,-0.336508,0.937197,-0.0008,-0.00364,-0.004248,-0.001771,0.013639,-0.025793,0.425737,0.118195,0.027931,-0.031571,0.624709,-0.68283,-0.378788,0.710829,0.698076,-0.086081,0.323202,-0.215478,0.92147,0.000227,-0.001869,-0.001912,-0.003658,-0.004746,-0.039088,0.519245
