frame,MLTx,MLTy,MLTz,MLTR1,MLTR2,MLTR3,MLTR4,MLTR5,MLTR6,MLTR7,MLTR8,MLTR9,MLTTVx,MLTTVy,MLTTVz,MLTRVx,MLTRVy,MLTRVz,MLGA,MRTx,MRTy,MRTz,MRTR1,MRTR2,MRTR3,MRTR4,MRTR5,MRTR6,MRTR7,MRTR8,MRTR9,MRTTVx,MRTTVy,MRTTVz,MRTRVx,MRTRVy,MRTRVz,MRGA,SLTx,SLTy,SLTz,SLTR1,SLTR2,SLTR3,SLTR4,SLTR5,SLTR6,SLTR7,SLTR8,SLTR9,SLTTVx,SLTTVy,SLTTVz,SLTRVx,SLTRVy,SLTRVz,SLGA,SRTx,SRTy,SRTz,SRTR1,SRTR2,SRTR3,SRTR4,SRTR5,SRTR6,SRTR7,SRTR8,SRTR9,SRTTVx,SRTTVy,SRTTVz,SRTRVx,SRTRVy,SRTRVz,SRGA
1,0.150674,0.015487,0.418213,-0.065461,0.879307,-0.471783,-0.941095,-0.211519,-0.263761,-0.331645,0.425633,0.841947,0.012207,-0.000928,-0.000869,0.000984,-0.014715,0.029553,0.491778,-0.19513,0.038063,0.39572,0.724537,0.595242,0.347455,-0.634725,0.772695,0.000162,-0.269278,-0.221416,0.937191,-2e-06,-2.8e-05,-1.3e-05,-0.0,0.0,0.0,0.510291,-0.00414,0.038114,0.014522,-0.636931,-0.676348,0.369961,0.711113,-0.700774,-0.056862,0.297718,0.226867,0.927305,0.006038,0.002455,0.000738,0.001995,-0.015194,0.029099,-0.037518,0.112521,0.03272,-0.03278,-0.136265,0.881614,-0.451872,-0.908089,-0.293476,-0.298739,-0.395986,0.369633,0.840574,-0.00018,-0.001632,-0.000778,-1.6e-05,-1e-06,-4e-06,0.039824
2,0.150761,0.015592,0.418031,-0.058392,0.879441,-0.472461,-0.941393,-0.205937,-0.267096,-0.332128,0.42808,0.840515,-2.7e-05,0.009257,-0.010107,0.035747,-0.011304,0.01913,0.359272,-0.195187,0.038015,0.395585,0.724319,0.595437,0.347575,-0.634863,0.772582,-0.000192,-0.269541,-0.221285,0.937147,-0.000443,-0.007153,-0.003389,-0.001815,0.012783,-0.025762,0.290699,-0.00414,0.038114,0.014522,-0.636931,-0.676348,0.369961,0.711113,-0.700774,-0.056862,0.297718,0.226867,0.927305,0.006038,0.002455,0.000738,0.001995,-0.015194,0.029099,-0.037518,0.112521,0.03272,-0.03278,-0.136265,0.881614,-0.451872,-0.908089,-0.293476,-0.298739,-0.395986,0.369633,0.840574,-0.00018,-0.001632,-0.000778,-1.6e-05,-1e-06,-4e-06,0.039824
3,0.15084,0.015749,0.417797,-0.052614,0.879744,-0.472575,-0.942374,-0.200243,-0.267966,-0.330314,0.43015,0.840173,0.011893,0.015265,-0.022181,0.071416,-0.026628,0.041015,0.122993,-0.19522,0.037887,0.395431,0.724319,0.595444,0.347564,-0.634803,0.772631,-0.000415,-0.269684,-0.221095,0.937151,-0.000657,-0.01059,-0.005028,-0.001815,0.012789,-0.025759,0.045799,-0.00414,0.038114,0.014522,-0.636931,-0.676348,0.369961,0.711113,-0.700774,-0.056862,0.297718,0.226867,0.927305,0.006038,0.002455,0.000738,0.001995,-0.015194,0.029099,-0.037518,0.112521,0.03272,-0.03278,-0.136265,0.881614,-0.451872,-0.908089,-0.293476,-0.298739,-0.395986,0.369633,0.840574,-0.00018,-0.001632,-0.000778,-1.6e-05,-1e-06,-4e-06,0.039824
4,0.15082,0.016007,0.417366,-0.038101,0.882244,-0.469296,-0.941499,-0.189,-0.278983,-0.334789,0.430115,0.838418,-9.5e-05,0.008643,-0.01039,-2.521366,-1.400823,4.712262,-0.562011,-0.19525,0.03776,0.395319,0.724365,0.596662,0.34537,-0.634997,0.772468,-0.002368,-0.269098,-0.218356,0.937961,8.7e-05,0.001393,0.000663,0.000153,-0.000211,-0.000116,-0.360691,-0.00414,0.038114,0.014522,-0.636931,-0.676348,0.369961,0.711113,-0.700774,-0.056862,0.297718,0.226867,0.927305,0.006038,0.002455,0.000738,0.001995,-0.015194,0.029099,-0.037518,0.112521,0.03272,-0.03278,-0.136265,0.881614,-0.451872,-0.908089,-0.293476,-0.298739,-0.395986,0.369633,0.840574,-0.00018,-0.001632,-0.000778,-1.6e-05,-1e-06,-4e-06,0.039824
5,0.150734,0.016242,0.417209,-0.032536,0.881074,-0.471905,-0.942569,-0.184017,-0.278698,-0.33236,0.43464,0.83705,0.000129,0.010655,-0.009428,0.027602,-0.045305,0.005863,-1.391024,-0.195266,0.037933,0.395287,0.723896,0.597075,0.34564,-0.635377,0.772154,-0.002813,-0.269463,-0.218338,0.93786,2.8e-05,0.000447,0.000212,-0.012518,0.088339,-0.177735,-0.657071,-0.00414,0.038114,0.014522,-0.636931,-0.676348,0.369961,0.711113,-0.700774,-0.056862,0.297718,0.226867,0.927305,0.006038,0.002455,0.000738,0.001995,-0.015194,0.029099,-0.037518,0.112521,0.03272,-0.03278,-0.136265,0.881614,-0.451872,-0.908089,-0.293476,-0.298739,-0.395986,0.369633,0.840574,-0.00018,-0.001632,-0.000778,-1.6e-05,-1e-06,-4e-06,0.039824
6,0.150717,0.016346,0.417118,-0.030975,0.880811,-0.472502,-0.941642,-0.184175,-0.281711,-0.335127,0.435106,0.835703,7e-06,6.7e-05,3.2e-05,-0.000118,-0.000496,-0.000195,-1.810785,-0.195252,0.03798,0.395234,0.722876,0.597257,0.347455,-0.635327,0.772183,-0.005222,-0.272313,-0.217736,0.937177,-2.8e-05,-0.000451,-0.000214,3.9e-05,3.6e-05,-1.4e-05,-0.737129,-0.00414,0.038114,0.014522,-0.636931,-0.676348,0.369961,0.711113,-0.700774,-0.056862,0.297718,0.226867,0.927305,0.006038,0.002455,0.000738,0.001995,-0.015194,0.029099,-0.037518,0.112521,0.03272,-0.03278,-0.136265,0.881614,-0.451872,-0.908089,-0.293476,-0.298739,-0.395986,0.369633,0.840574,-0.00018,-0.001632,-0.000778,-1.6e-05,-1e-06,-4e-06,0.039824
7,0.150715,0.016388,0.417051,-0.029362,0.880552,-0.473088,-0.94075,-0.184234,-0.284637,-0.337768,0.435605,0.834379,-0.000157,-0.001418,-0.000676,-0.0,-0.0,-0.0,-1.909824,-0.195247,0.03794,0.395193,0.715894,0.605658,0.347368,-0.644279,0.764729,-0.005221,-0.269691,-0.220838,0.937209,-9.9e-05,-0.001595,-0.000758,-0.172777,0.002597,-0.466156,-0.599353,-0.00414,0.038114,0.014522,-0.636931,-0.676348,0.369961,0.711113,-0.700774,-0.056862,0.297718,0.226867,0.927305,0.006038,0.002455,0.000738,0.001995,-0.015194,0.029099,-0.037518,0.112521,0.03272,-0.03278,-0.136265,0.881614,-0.451872,-0.908089,-0.293476,-0.298739,-0.395986,0.369633,0.840574,-0.00018,-0.001632,-0.000778,-1.6e-05,-1e-06,-4e-06,0.039824
8,0.150717,0.0162,0.417015,-0.028426,0.8803,-0.473612,-0.939956,-0.18468,-0.286961,-0.340052,0.435923,0.833285,-0.00065,-0.005853,-0.002794,-0.001084,0.01076,-0.026713,-1.46132,-0.195142,0.038064,0.395245,0.716324,0.605299,0.347109,-0.643875,0.765071,-0.005066,-0.269517,-0.220639,0.937306,0.012219,0.006812,0.0024,0.003858,-0.028012,0.054996,0.017628,-0.00414,0.038114,0.014522,-0.636931,-0.676348,0.369961,0.711113,-0.700774,-0.056862,0.297718,0.226867,0.927305,0.006038,0.002455,0.000738,0.001995,-0.015194,0.029099,-0.037518,0.112521,0.03272,-0.03278,-0.136265,0.881614,-0.451872,-0.908089,-0.293476,-0.298739,-0.395986,0.369633,0.840574,-0.00018,-0.001632,-0.000778,-1.6e-05,-1e-06,-4e-06,0.039824
9,0.150594,0.015946,0.417126,-0.035809,0.880386,-0.472953,-0.939851,-0.190469,-0.283503,-0.339639,0.433258,0.834841,-8.1e-05,-0.000726,-0.000347,0.228971,2.532895,-5.618323,-0.358323,-0.195139,0.038335,0.395428,0.716383,0.603998,0.349247,-0.643595,0.765317,-0.003076,-0.27003,-0.223342,0.936518,0.000443,0.007181,0.003399,-0.007106,-0.000548,0.032484,0.345988,-0.00414,0.038114,0.014522,-0.636931,-0.676348,0.369961,0.711113,-0.700774,-0.056862,0.297718,0.226867,0.927305,0.006038,0.002455,0.000738,0.001995,-0.015194,0.029099,-0.037518,0.112521,0.03272,-0.03278,-0.136265,0.881614,-0.451872,-0.908089,-0.293476,-0.298739,-0.395986,0.369633,0.840574,-0.00018,-0.001632,-0.000778,-1.6e-05,-1e-06,-4e-06,0.039824
10,0.150504,0.01581,0.417304,-0.042894,0.879049,-0.474846,-0.939889,-0.196599,-0.279159,-0.338703,0.433235,0.835233,6.8e-05,-0.008867,0.010284,-0.103263,-0.269484,-0.129039,-0.013645,-0.195103,0.038368,0.395536,0.716531,0.603867,0.349169,-0.643515,0.765385,-0.002799,-0.269826,-0.223462,0.936548,0.000327,0.005314,0.002513,0.001683,-0.012618,0.025854,0.44421,-0.00414,0.038114,0.014522,-0.636931,-0.676348,0.369961,0.711113,-0.700774,-0.056862,0.297718,0.226867,0.927305,0.006038,0.002455,0.000738,0.001995,-0.015194,0.029099,-0.037518,0.112521,0.03272,-0.03278,-0.136265,0.881614,-0.451872,-0.908089,-0.293476,-0.298739,-0.395986,0.369633,0.840574,-0.00018,-0.001632,-0.000778,-1.6e-05,-1e-06,-4e-06,0.039824
11,0.150513,0.015565,0.417699,-0.057671,0.879188,-0.473021,-0.940316,-0.206939,-0.270099,-0.335291,0.428118,0.839239,0.000219,-0.007514,0.010936,-0.043148,0.086881,-0.207739,0.332198,-0.195024,0.038328,0.395638,0.716825,0.602358,0.351167,-0.64306,0.765772,-0.000547,-0.270131,-0.226198,0.935803,4e-06,6.9e-05,3.3e-05,-0.000154,0.000211,0.000116,0.528307,-0.00414,0.038114,0.014522,-0.636931,-0.676348,0.369961,0.711113,-0.700774,-0.056862,0.297718,0.226867,0.927305,0.006038,0.002455,0.000738,0.001995,-0.015194,0.029099,-0.037518,0.112521,0.03272,-0.03278,-0.136265,0.881614,-0.451872,-0.908089,-0.293476,-0.298739,-0.395986,0.369633,0.840574,-0.00018,-0.001632,-0.000778,-1.6e-05,-1e-06,-4e-06,0.039824
12,0.150556,0.015431,0.418059,-0.059059,0.879451,-0.47236,-0.941443,-0.206353,-0.266597,-0.331867,0.427861,0.84073,0.000437,0.003917,0.001867,0.001094,-0.01067,0.026749,0.458167,-0.195045,0.038257,0.395616,0.716867,0.602321,0.351144,-0.643027,0.7658,-0.000507,-0.270099,-0.226201,0.935812,-0.000102,-0.001663,-0.000786,-0.0,0.0,0.0,0.530383,-0.00414,0.038114,0.014522,-0.636931,-0.676348,0.369961,0.711113,-0.700774,-0.056862,0.297718,0.226867,0.927305,0.006038,0.002455,0.000738,0.001995,-0.015194,0.029099,-0.037518,0.112521,0.03272,-0.03278,-0.136265,0.881614,-0.451872,-0.908089,-0.293476,-0.298739,-0.395986,0.369633,0.840574,-0.00018,-0.001632,-0.000778,-1.6e-05,-1e-06,-4e-06,0.039824
13,0.150598,0.015397,0.418161,-0.058714,0.879472,-0.472365,-0.941554,-0.205947,-0.266521,-0.331614,0.428014,0.840751,0.000198,0.001775,0.000846,0.007556,-0.07358,0.184625,0.475524,-0.195056,0.038202,0.395612,0.716753,0.602416,0.351215,-0.643148,0.765698,-0.0005,-0.270113,-0.226295,0.935785,-8.7e-05,-0.001409,-0.000667,-0.0,0.0,0.0,0.529634,-0.00414,0.038114,0.014522,-0.636931,-0.676348,0.369961,0.711113,-0.700774,-0.056862,0.297718,0.226867,0.927305,0.006038,0.002455,0.000738,0.001995,-0.015194,0.029099,-0.037518,0.112521,0.03272,-0.03278,-0.136265,0.881614,-0.451872,-0.908089,-0.293476,-0.298739,-0.395986,0.369633,0.840574,-0.00018,-0.001632,-0.000778,-1.6e-05,-1e-06,-4e-06,0.039824
14,0.1507,0.015397,0.418157,-0.058571,0.879465,-0.472393,-0.941561,-0.205838,-0.266583,-0.331622,0.428079,0.840715,-7.9e-05,0.008785,-0.010334,0.035763,-0.011289,0.019105,0.438578,-0.195087,0.038162,0.395563,0.716614,0.602534,0.351295,-0.643259,0.765605,-0.000625,-0.270217,-0.226296,0.935754,-0.000203,-0.003299,-0.001562,-0.001814,0.012789,-0.02576,0.477444,-0.00414,0.038114,0.014522,-0.636931,-0.676348,0.369961,0.711113,-0.700774,-0.056862,0.297718,0.226867,0.927305,0.006038,0.002455,0.000738,0.001995,-0.015194,0.029099,-0.037518,0.112521,0.03272,-0.03278,-0.136265,0.881614,-0.451872,-0.908089,-0.293476,-0.298739,-0.395986,0.369633,0.840574,-0.00018,-0.001632,-0.000778,-1.6e-05,-1e-06,-4e-06,0.039824
15,0.150809,0.015604,0.417915,-0.047373,0.880064,-0.472534,-0.94369,-0.194428,-0.267614,-0.327341,0.432153,0.840308,1.3e-05,0.009625,-0.00993,-2.573809,-1.489198,4.659711,0.230289,-0.195122,0.037995,0.395401,0.717379,0.60385,0.347453,-0.643708,0.765227,-0.000531,-0.267089,-0.224049,0.937192,-0.000471,-0.007629,-0.003621,0.00155,0.008171,-0.028294,0.266758,-0.00414,0.038114,0.014522,-0.636931,-0.676348,0.369961,0.711113,-0.700774,-0.056862,0.297718,0.226867,0.927305,0.006038,0.002455,0.000738,0.001995,-0.015194,0.029099,-0.037518,0.112521,0.03272,-0.03278,-0.136265,0.881614,-0.451872,-0.908089,-0.293476,-0.298739,-0.395986,0.369633,0.840574,-0.00018,-0.001632,-0.000778,-1.6e-05,-1e-06,-4e-06,0.039824
16,0.150829,0.015769,0.417622,-0.043026,0.880687,-0.471789,-0.940846,-0.194507,-0.277396,-0.33602,0.43085,0.837548,-0.000111,-0.001008,-0.00048,0.009546,0.039974,0.015609,-0.163494,-0.195175,0.037734,0.395259,0.717221,0.603983,0.347547,-0.643844,0.765113,-0.000638,-0.267186,-0.22408,0.937157,0.01149,-0.005135,-0.00328,0.002045,-0.015206,0.029245,-0.034943,-0.00414,0.038114,0.014522,-0.636931,-0.676348,0.369961,0.711113,-0.700774,-0.056862,0.297718,0.226867,0.927305,0.006038,0.002455,0.000738,0.001995,-0.015194,0.029099,-0.037518,0.112521,0.03272,-0.03278,-0.136265,0.881614,-0.451872,-0.908089,-0.293476,-0.298739,-0.395986,0.369633,0.840574,-0.00018,-0.001632,-0.000778,-1.6e-05,-1e-06,-4e-06,0.039824
17,0.150767,0.015825,0.417597,-0.039381,0.881167,-0.47121,-0.942737,-0.189004,-0.274764,-0.331133,0.432311,0.83874,-0.012006,0.002736,0.00173,-0.235224,-0.121444,0.387792,-0.299874,-0.195177,0.03771,0.395247,0.71709,0.605337,0.345456,-0.644225,0.764788,-0.002526,-0.266618,-0.221514,0.937928,2.4e-05,0.000382,0.000182,0.017082,-0.023484,-0.01289,-0.15553,-0.00414,0.038114,0.014522,-0.636931,-0.676348,0.369961,0.711113,-0.700774,-0.056862,0.297718,0.226867,0.927305,0.006038,0.002455,0.000738,0.001995,-0.015194,0.029099,-0.037518,0.112521,0.03272,-0.03278,-0.136265,0.881614,-0.451872,-0.908089,-0.293476,-0.298739,-0.395986,0.369633,0.840574,-0.00018,-0.001632,-0.000778,-1.6e-05,-1e-06,-4e-06,0.039824
18,0.150759,0.015987,0.417576,-0.027066,0.881305,-0.471821,-0.944034,-0.177682,-0.277847,-0.328676,0.436799,0.83738,8.7e-05,0.000781,0.000372,-0.001901,-0.001119,0.003374,-0.6983,-0.195174,0.037844,0.395248,0.712398,0.609796,0.347318,-0.648768,0.760927,-0.004936,-0.268175,-0.222591,0.937229,0.000118,0.001904,0.000905,4e-06,-6e-06,-3e-06,-0.376906,-0.00414,0.038114,0.014522,-0.636931,-0.676348,0.369961,0.711113,-0.700774,-0.056862,0.297718,0.226867,0.927305,0.006038,0.002455,0.000738,0.001995,-0.015194,0.029099,-0.037518,0.112521,0.03272,-0.03278,-0.136265,0.881614,-0.451872,-0.908089,-0.293476,-0.298739,-0.395986,0.369633,0.840574,-0.00018,-0.001632,-0.000778,-1.6e-05,-1e-06,-4e-06,0.039824
19,0.150758,0.016066,0.417483,-0.02197,0.881435,-0.471841,-0.944966,-0.172335,-0.278047,-0.326376,0.438669,0.837302,-0.0,-2e-06,-1e-06,-0.0,-0.0,0.0,-1.095826,-0.195189,0.037915,0.395262,0.712178,0.609979,0.347445,-0.64896,0.760762,-0.005064,-0.268294,-0.22265,0.937181,0.000581,-0.00942,0.009562,-0.048926,0.099484,-0.195666,-0.590595,-0.00414,0.038114,0.014522,-0.636931,-0.676348,0.369961,0.711113,-0.700774,-0.056862,0.297718,0.226867,0.927305,0.006038,0.002455,0.000738,0.001995,-0.015194,0.029099,-0.037518,0.112521,0.03272,-0.03278,-0.136265,0.881614,-0.451872,-0.908089,-0.293476,-0.298739,-0.395986,0.369633,0.840574,-0.00018,-0.001632,-0.000778,-1.6e-05,-1e-06,-4e-06,0.039824
20,0.150757,0.016065,0.417472,-0.021826,0.881434,-0.471851,-0.944959,-0.172232,-0.278136,-0.326408,0.438713,0.837267,-2.1e-05,-0.000191,-9.1e-05,0.0,0.0,0.0,-1.238072,-0.195224,0.037924,0.395258,0.712224,0.609941,0.347418,-0.648909,0.760805,-0.005073,-0.268293,-0.222609,0.937191,-0.011785,0.00028,0.000969,-0.002045,0.015205,-0.029245,-0.650999,-0.00414,0.038114,0.014522,-0.636931,-0.676348,0.369961,0.711113,-0.700774,-0.056862,0.297718,0.226867,0.927305,0.006038,0.002455,0.000738,0.001995,-0.015194,0.029099,-0.037518,0.112521,0.03272,-0.03278,-0.136265,0.881614,-0.451872,-0.908089,-0.293476,-0.298739,-0.395986,0.369633,0.840574,-0.00018,-0.001632,-0.000778,-1.6e-05,-1e-06,-4e-06,0.039824
21,0.15078,0.016037,0.417425,-0.018938,0.880891,-0.472987,-0.943302,-0.172474,-0.283558,-0.331347,0.439704,0.834803,-0.000236,-0.002135,-0.001017,0.000648,0.010024,-0.025984,-1.497959,-0.195216,0.037916,0.395254,0.711207,0.610091,0.349234,-0.648889,0.760804,-0.007304,-0.271036,-0.222199,0.936499,-0.0,-1e-06,-1e-06,-0.012517,0.088348,-0.17773,-0.684293,-0.00414,0.038114,0.014522,-0.636931,-0.676348,0.369961,0.711113,-0.700774,-0.056862,0.297718,0.226867,0.927305,0.006038,0.002455,0.000738,0.001995,-0.015194,0.029099,-0.037518,0.112521,0.03272,-0.03278,-0.136265,0.881614,-0.451872,-0.908089,-0.293476,-0.298739,-0.395986,0.369633,0.840574,-0.00018,-0.001632,-0.000778,-1.6e-05,-1e-06,-4e-06,0.039824
22,0.150785,0.016048,0.417354,-0.018907,0.880882,-0.473006,-0.943241,-0.172536,-0.283723,-0.331521,0.439699,0.834737,-1.8e-05,-0.000158,-7.5e-05,0.0,0.0,0.0,-1.858981,-0.195197,0.037955,0.39526,0.710392,0.61007,0.350924,-0.648662,0.760974,-0.009485,-0.27371,-0.221673,0.935846,7.4e-05,0.001191,0.000566,1.2e-05,1.1e-05,-4e-06,-0.815805,-0.00414,0.038114,0.014522,-0.636931,-0.676348,0.369961,0.711113,-0.700774,-0.056862,0.297718,0.226867,0.927305,0.006038,0.002455,0.000738,0.001995,-0.015194,0.029099,-0.037518,0.112521,0.03272,-0.03278,-0.136265,0.881614,-0.451872,-0.908089,-0.293476,-0.298739,-0.395986,0.369633,0.840574,-0.00018,-0.001632,-0.000778,-1.6e-05,-1e-06,-4e-06,0.039824
23,0.150761,0.016096,0.417356,-0.017487,0.880614,-0.473559,-0.942396,-0.172684,-0.28643,-0.333997,0.440176,0.833497,-0.012069,0.002122,0.001437,-0.000984,0.014715,-0.029553,-1.909956,-0.195202,0.038035,0.395288,0.710418,0.61005,0.350909,-0.648631,0.761,-0.0095,-0.273716,-0.22164,0.935851,0.000139,0.002244,0.001066,0.0,-0.0,-0.0,-0.85731,-0.00414,0.038114,0.014522,-0.636931,-0.676348,0.369961,0.711113,-0.700774,-0.056862,0.297718,0.226867,0.927305,0.006038,0.002455,0.000738,0.001995,-0.015194,0.029099,-0.037518,0.112521,0.03272,-0.03278,-0.136265,0.881614,-0.451872,-0.908089,-0.293476,-0.298739,-0.395986,0.369633,0.840574,-0.00018,-0.001632,-0.000778,-1.6e-05,-1e-06,-4e-06,0.039824
24,0.15075,0.016073,0.417356,-0.017571,0.880616,-0.473552,-0.942404,-0.172739,-0.28637,-0.333969,0.44015,0.833522,-0.00011,-0.010485,0.009511,-0.035757,0.011343,-0.019084,-1.909354,-0.19519,0.038066,0.395313,0.7105,0.609981,0.350862,-0.648562,0.761059,-0.009446,-0.273668,-0.221624,0.935869,9.8e-05,0.00158,0.00075,0.012517,-0.088353,0.177728,-0.83293,-0.00414,0.038114,0.014522,-0.636931,-0.676348,0.369961,0.711113,-0.700774,-0.056862,0.297718,0.226867,0.927305,0.006038,0.002455,0.000738,0.001995,-0.015194,0.029099,-0.037518,0.112521,0.03272,-0.03278,-0.136265,0.881614,-0.451872,-0.908089,-0.293476,-0.298739,-0.395986,0.369633,0.840574,-0.00018,-0.001632,-0.000778,-1.6e-05,-1e-06,-4e-06,0.039824
25,0.15075,0.016081,0.417349,-0.017703,0.880616,-0.473548,-0.942395,-0.172857,-0.286329,-0.333988,0.440105,0.833539,3.2e-05,0.00978,-0.009847,0.035757,-0.011343,0.019084,-1.569396,-0.19516,0.038121,0.395337,0.711578,0.609785,0.349014,-0.648537,0.761105,-0.007195,-0.270905,-0.222007,0.936582,8.9e-05,0.001442,0.000684,-0.586975,-0.544743,0.21515,-0.600738,-0.00414,0.038114,0.014522,-0.636931,-0.676348,0.369961,0.711113,-0.700774,-0.056862,0.297718,0.226867,0.927305,0.006038,0.002455,0.000738,0.001995,-0.015194,0.029099,-0.037518,0.112521,0.03272,-0.03278,-0.136265,0.881614,-0.451872,-0.908089,-0.293476,-0.298739,-0.395986,0.369633,0.840574,-0.00018,-0.001632,-0.000778,-1.6e-05,-1e-06,-4e-06,0.039824
26,0.150665,0.016057,0.417482,-0.024729,0.88078,-0.472928,-0.942293,-0.178463,-0.283208,-0.333821,0.437538,0.834956,0.000254,0.002285,0.001088,0.235228,0.140864,-0.415296,-0.545433,-0.19513,0.038153,0.395371,0.715296,0.605459,0.348945,-0.64392,0.765017,-0.007102,-0.272134,-0.220386,0.936609,0.000109,0.001765,0.000837,-0.051646,0.001051,-0.138625,-0.1711,-0.00414,0.038114,0.014522,-0.636931,-0.676348,0.369961,0.711113,-0.700774,-0.056862,0.297718,0.226867,0.927305,0.006038,0.002455,0.000738,0.001995,-0.015194,0.029099,-0.037518,0.112521,0.03272,-0.03278,-0.136265,0.881614,-0.451872,-0.908089,-0.293476,-0.298739,-0.395986,0.369633,0.840574,-0.00018,-0.001632,-0.000778,-1.6e-05,-1e-06,-4e-06,0.039824
27,0.150604,0.016014,0.417584,-0.027743,0.881318,-0.471757,-0.944017,-0.178229,-0.277558,-0.328672,0.43655,0.837512,-0.012034,-0.007055,0.011575,-0.250834,0.113173,-0.140152,-0.200281,-0.195118,0.038177,0.395403,0.718939,0.601152,0.348905,-0.639325,0.768861,-0.007026,-0.273374,-0.21878,0.936624,0.000127,0.002052,0.000973,0.0,-0.0,0.0,0.019616,-0.00414,0.038114,0.014522,-0.636931,-0.676348,0.369961,0.711113,-0.700774,-0.056862,0.297718,0.226867,0.927305,0.006038,0.002455,0.000738,0.001995,-0.015194,0.029099,-0.037518,0.112521,0.03272,-0.03278,-0.136265,0.881614,-0.451872,-0.908089,-0.293476,-0.298739,-0.395986,0.369633,0.840574,-0.00018,-0.001632,-0.000778,-1.6e-05,-1e-06,-4e-06,0.039824
28,0.150612,0.015882,0.417706,-0.035683,0.881659,-0.470583,-0.944692,-0.183299,-0.271899,-0.325944,0.433758,0.840024,-6e-06,-5.2e-05,-2.5e-05,-0.0,0.0,-0.0,0.132379,-0.195129,0.038186,0.395482,0.719015,0.599824,0.351028,-0.639034,0.769119,-0.004975,-0.273857,-0.221508,0.935842,2.9e-05,0.000464,0.00022,-0.020102,0.098719,-0.172035,0.226611,-0.00414,0.038114,0.014522,-0.636931,-0.676348,0.369961,0.711113,-0.700774,-0.056862,0.297718,0.226867,0.927305,0.006038,0.002455,0.000738,0.001995,-0.015194,0.029099,-0.037518,0.112521,0.03272,-0.03278,-0.136265,0.881614,-0.451872,-0.908089,-0.293476,-0.298739,-0.395986,0.369633,0.840574,-0.00018,-0.001632,-0.000778,-1.6e-05,-1e-06,-4e-06,0.039824
29,0.150674,0.015695,0.417865,-0.041298,0.881448,-0.47052,-0.94378,-0.188933,-0.271214,-0.327914,0.43177,0.840282,-3.7e-05,-0.009824,0.009834,-0.035745,0.011323,-0.019122,0.281417,-0.195124,0.038124,0.395558,0.719142,0.599708,0.350965,-0.63898,0.769166,-0.00468,-0.273647,-0.221661,0.935867,2.3e-05,0.000377,0.000178,-2e-06,2e-06,1e-06,0.35737,-0.00414,0.038114,0.014522,-0.636931,-0.676348,0.369961,0.711113,-0.700774,-0.056862,0.297718,0.226867,0.927305,0.006038,0.002455,0.000738,0.001995,-0.015194,0.029099,-0.037518,0.112521,0.03272,-0.03278,-0.136265,0.881614,-0.451872,-0.908089,-0.293476,-0.298739,-0.395986,0.369633,0.840574,-0.00018,-0.001632,-0.000778,-1.6e-05,-1e-06,-4e-06,0.039824
30,0.150664,0.015566,0.418,-0.041467,0.881468,-0.470468,-0.94393,-0.188851,-0.270745,-0.327459,0.431765,0.840462,-1.5e-05,-0.009624,0.009932,0.178307,-0.075762,0.072475,0.344758,-0.195119,0.03814,0.395619,0.719089,0.599749,0.351003,-0.639065,0.769096,-0.004575,-0.273589,-0.22179,0.935853,0.000144,0.002329,0.001102,0.001815,-0.012785,0.025762,0.438288,-0.00414,0.038114,0.014522,-0.636931,-0.676348,0.369961,0.711113,-0.700774,-0.056862,0.297718,0.226867,0.927305,0.006038,0.002455,0.000738,0.001995,-0.015194,0.029099,-0.037518,0.112521,0.03272,-0.03278,-0.136265,0.881614,-0.451872,-0.908089,-0.293476,-0.298739,-0.395986,0.369633,0.840574,-0.00018,-0.001632,-0.000778,-1.6e-05,-1e-06,-4e-06,0.039824
31,0.150656,0.015546,0.418034,-0.042907,0.881715,-0.469876,-0.944748,-0.188719,-0.267971,-0.324904,0.43132,0.841681,6e-06,5.2e-05,2.5e-05,-0.0,0.0,-0.0,0.356612,-0.195108,0.038164,0.39564,0.720179,0.599527,0.349144,-0.639019,0.769145,-0.002295,-0.27081,-0.222222,0.936559,0.000155,0.002519,0.001192,0.001815,-0.012784,0.025762,0.472049,-0.00414,0.038114,0.014522,-0.636931,-0.676348,0.369961,0.711113,-0.700774,-0.056862,0.297718,0.226867,0.927305,0.006038,0.002455,0.000738,0.001995,-0.015194,0.029099,-0.037518,0.112521,0.03272,-0.03278,-0.136265,0.881614,-0.451872,-0.908089,-0.293476,-0.298739,-0.395986,0.369633,0.840574,-0.00018,-0.001632,-0.000778,-1.6e-05,-1e-06,-4e-06,0.039824
32,0.150649,0.015541,0.418065,-0.042788,0.881721,-0.469875,-0.944777,-0.188587,-0.267962,-0.324835,0.431364,0.841685,6e-06,5.4e-05,2.6e-05,-0.0,0.0,-0.0,0.358911,-0.195114,0.038204,0.395659,0.720133,0.599566,0.349171,-0.639062,0.769109,-0.002312,-0.270829,-0.222243,0.936549,8.8e-05,0.001429,0.000676,-0.0,0.0,0.0,0.509307,-0.00414,0.038114,0.014522,-0.636931,-0.676348,0.369961,0.711113,-0.700774,-0.056862,0.297718,0.226867,0.927305,0.006038,0.002455,0.000738,0.001995,-0.015194,0.029099,-0.037518,0.112521,0.03272,-0.03278,-0.136265,0.881614,-0.451872,-0.908089,-0.293476,-0.298739,-0.395986,0.369633,0.840574,-0.00018,-0.001632,-0.000778,-1.6e-05,-1e-06,-4e-06,0.039824
33,0.150615,0.015575,0.418071,-0.042657,0.881726,-0.469878,-0.944772,-0.188491,-0.268048,-0.324868,0.431397,0.841656,4.3e-05,0.000386,0.000184,0.0,0.0,0.0,0.358431,-0.195132,0.038196,0.395657,0.721205,0.599355,0.347316,-0.639014,0.769153,-6.2e-05,-0.268069,-0.222661,0.937243,-4e-06,-6.1e-05,-2.9e-05,-0.0,0.0,0.0,0.526255,-0.00414,0.038114,0.014522,-0.636931,-0.676348,0.369961,0.711113,-0.700774,-0.056862,0.297718,0.226867,0.927305,0.006038,0.002455,0.000738,0.001995,-0.015194,0.029099,-0.037518,0.112521,0.03272,-0.03278,-0.136265,0.881614,-0.451872,-0.908089,-0.293476,-0.298739,-0.395986,0.369633,0.840574,-0.00018,-0.001632,-0.000778,-1.6e-05,-1e-06,-4e-06,0.039824
34,0.150616,0.01559,0.418079,-0.042613,0.881727,-0.469881,-0.944773,-0.188456,-0.268068,-0.32487,0.43141,0.841648,0.000115,0.001038,0.000494,0.0,0.0,0.0,0.359754,-0.195133,0.038188,0.395653,0.721087,0.599456,0.347387,-0.639126,0.769059,-0.000105,-0.268117,-0.222714,0.937217,-7e-06,-0.000119,-5.6e-05,-0.0,0.0,0.0,0.53018,-0.00414,0.038114,0.014522,-0.636931,-0.676348,0.369961,0.711113,-0.700774,-0.056862,0.297718,0.226867,0.927305,0.006038,0.002455,0.000738,0.001995,-0.015194,0.029099,-0.037518,0.112521,0.03272,-0.03278,-0.136265,0.881614,-0.451872,-0.908089,-0.293476,-0.298739,-0.395986,0.369633,0.840574,-0.00018,-0.001632,-0.000778,-1.6e-05,-1e-06,-4e-06,0.039824
35,0.150634,0.015574,0.418081,-0.042602,0.881726,-0.469883,-0.944782,-0.188436,-0.26805,-0.324845,0.43142,0.841652,-2.6e-05,-0.009719,0.009887,-0.035762,0.011304,-0.019099,0.373278,-0.195125,0.038172,0.395645,0.720971,0.599555,0.347456,-0.639237,0.768966,-0.000147,-0.268163,-0.222767,0.937191,-4.5e-05,-0.000732,-0.000346,-0.0,0.0,0.0,0.532657,-0.00414,0.038114,0.014522,-0.636931,-0.676348,0.369961,0.711113,-0.700774,-0.056862,0.297718,0.226867,0.927305,0.006038,0.002455,0.000738,0.001995,-0.015194,0.029099,-0.037518,0.112521,0.03272,-0.03278,-0.136265,0.881614,-0.451872,-0.908089,-0.293476,-0.298739,-0.395986,0.369633,0.840574,-0.00018,-0.001632,-0.000778,-1.6e-05,-1e-06,-4e-06,0.039824
36,0.150651,0.015572,0.418068,-0.042559,0.881724,-0.469892,-0.944775,-0.188414,-0.268092,-0.324872,0.431435,0.841634,1.4e-05,0.009614,-0.009938,0.043308,-0.08496,0.203693,0.38986,-0.195127,0.038156,0.395627,0.72104,0.599497,0.347413,-0.639164,0.769027,-0.000147,-0.268151,-0.222714,0.937207,-2.9e-05,-0.000463,-0.000219,-0.0,0.0,0.0,0.53281,-0.00414,0.038114,0.014522,-0.636931,-0.676348,0.369961,0.711113,-0.700774,-0.056862,0.297718,0.226867,0.927305,0.006038,0.002455,0.000738,0.001995,-0.015194,0.029099,-0.037518,0.112521,0.03272,-0.03278,-0.136265,0.881614,-0.451872,-0.908089,-0.293476,-0.298739,-0.395986,0.369633,0.840574,-0.00018,-0.001632,-0.000778,-1.6e-05,-1e-06,-4e-06,0.039824
37,0.150661,0.015579,0.418071,-0.042512,0.881723,-0.469896,-0.944776,-0.188378,-0.268113,-0.324875,0.431452,0.841625,0.01224,-0.000624,-0.000724,0.00853,-0.088372,0.214147,0.39503,-0.195118,0.038148,0.395622,0.721042,0.599495,0.347411,-0.639162,0.769029,-0.000146,-0.26815,-0.222713,0.937207,-9e-06,-0.000144,-6.8e-05,-0.0,0.0,0.0,0.532876,-0.00414,0.038114,0.014522,-0.636931,-0.676348,0.369961,0.711113,-0.700774,-0.056862,0.297718,0.226867,0.927305,0.006038,0.002455,0.000738,0.001995,-0.015194,0.029099,-0.037518,0.112521,0.03272,-0.03278,-0.136265,0.881614,-0.451872,-0.908089,-0.293476,-0.298739,-0.395986,0.369633,0.840574,-0.00018,-0.001632,-0.000778,-1.6e-05,-1e-06,-4e-06,0.039824
38,0.15065,0.015564,0.418065,-0.042729,0.881721,-0.469881,-0.94477,-0.188551,-0.268012,-0.324863,0.43138,0.841666,-0.000155,-0.001396,-0.000665,0.007546,-0.073658,0.184594,0.398249,-0.195109,0.038148,0.395622,0.72106,0.599481,0.347401,-0.639146,0.769042,-0.00014,-0.268143,-0.222705,0.937212,7.1e-05,0.001147,0.000543,0.001815,-0.012785,0.025762,0.533358,-0.00414,0.038114,0.014522,-0.636931,-0.676348,0.369961,0.711113,-0.700774,-0.056862,0.297718,0.226867,0.927305,0.006038,0.002455,0.000738,0.001995,-0.015194,0.029099,-0.037518,0.112521,0.03272,-0.03278,-0.136265,0.881614,-0.451872,-0.908089,-0.293476,-0.298739,-0.395986,0.369633,0.840574,-0.00018,-0.001632,-0.000778,-1.6e-05,-1e-06,-4e-06,0.039824
39,0.150661,0.015593,0.418045,-0.042782,0.881716,-0.469886,-0.944743,-0.188631,-0.268051,-0.324935,0.431357,0.84165,0.012254,-0.000504,-0.000667,0.000984,-0.014715,0.029553,0.377892,-0.195102,0.03814,0.395607,0.721058,0.599483,0.3474,-0.639142,0.769046,-0.000165,-0.268159,-0.222685,0.937212,-2.7e-05,-0.000434,-0.000206,-0.0,0.0,0.0,0.533377,-0.00414,0.038114,0.014522,-0.636931,-0.676348,0.369961,0.711113,-0.700774,-0.056862,0.297718,0.226867,0.927305,0.006038,0.002455,0.000738,0.001995,-0.015194,0.029099,-0.037518,0.112521,0.03272,-0.03278,-0.136265,0.881614,-0.451872,-0.908089,-0.293476,-0.298739,-0.395986,0.369633,0.840574,-0.00018,-0.001632,-0.000778,-1.6e-05,-1e-06,-4e-06,0.039824
40,0.150686,0.015654,0.417954,-0.042573,0.881703,-0.46993,-0.944655,-0.188596,-0.268386,-0.325219,0.431398,0.841519,-8.2e-05,-0.000739,-0.000352,0.0,0.0,0.0,0.316952,-0.195086,0.038147,0.395588,0.721098,0.59945,0.347372,-0.639089,0.769089,-0.0002,-0.268173,-0.222623,0.937222,-0.0,-3e-06,-2e-06,0.0,0.0,0.0,0.532525,-0.00414,0.038114,0.014522,-0.636931,-0.676348,0.369961,0.711113,-0.700774,-0.056862,0.297718,0.226867,0.927305,0.006038,0.002455,0.000738,0.001995,-0.015194,0.029099,-0.037518,0.112521,0.03272,-0.03278,-0.136265,0.881614,-0.451872,-0.908089,-0.293476,-0.298739,-0.395986,0.369633,0.840574,-0.00018,-0.001632,-0.000778,-1.6e-05,-1e-06,-4e-06,0.039824
41,0.150685,0.015667,0.417917,-0.04255,0.881698,-0.46994,-0.944621,-0.188627,-0.268483,-0.32532,0.431394,0.841483,-3.4e-05,0.009189,-0.010138,0.035761,-0.01131,0.019097,0.273692,-0.195095,0.038186,0.395565,0.72114,0.599418,0.347343,-0.639023,0.769145,-0.000285,-0.26822,-0.222521,0.937233,1.2e-05,0.000192,9.1e-05,0.0,0.0,0.0,0.519933,-0.00414,0.038114,0.014522,-0.636931,-0.676348,0.369961,0.711113,-0.700774,-0.056862,0.297718,0.226867,0.927305,0.006038,0.002455,0.000738,0.001995,-0.015194,0.029099,-0.037518,0.112521,0.03272,-0.03278,-0.136265,0.881614,-0.451872,-0.908089,-0.293476,-0.298739,-0.395986,0.369633,0.840574,-0.00018,-0.001632,-0.000778,-1.6e-05,-1e-06,-4e-06,0.039824
42,0.150691,0.015678,0.417856,-0.041143,0.881449,-0.470533,-0.943784,-0.18881,-0.271285,-0.327922,0.431823,0.840251,-6.2e-05,-0.000556,-0.000265,0.0,-0.0,0.0,0.152141,-0.195111,0.038303,0.395453,0.721281,0.599309,0.347237,-0.638781,0.769345,-0.000631,-0.268417,-0.222119,0.937272,-5e-06,-8.5e-05,-4e-05,0.0,0.0,0.0,0.478662,-0.00414,0.038114,0.014522,-0.636931,-0.676348,0.369961,0.711113,-0.700774,-0.056862,0.297718,0.226867,0.927305,0.006038,0.002455,0.000738,0.001995,-0.015194,0.029099,-0.037518,0.112521,0.03272,-0.03278,-0.136265,0.881614,-0.451872,-0.908089,-0.293476,-0.298739,-0.395986,0.369633,0.840574,-0.00018,-0.001632,-0.000778,-1.6e-05,-1e-06,-4e-06,0.039824
43,0.150685,0.015754,0.417827,-0.040983,0.881445,-0.470555,-0.943736,-0.188753,-0.27149,-0.32808,0.431856,0.840173,0.000114,0.001025,0.000488,0.0,0.0,0.0,0.022984,-0.195118,0.038381,0.395342,0.72218,0.599253,0.345461,-0.638797,0.769331,0.001209,-0.265944,-0.222318,0.93793,-3.2e-05,-0.000513,-0.000243,-0.0,-0.0,0.0,0.407711,-0.00414,0.038114,0.014522,-0.636931,-0.676348,0.369961,0.711113,-0.700774,-0.056862,0.297718,0.226867,0.927305,0.006038,0.002455,0.000738,0.001995,-0.015194,0.029099,-0.037518,0.112521,0.03272,-0.03278,-0.136265,0.881614,-0.451872,-0.908089,-0.293476,-0.298739,-0.395986,0.369633,0.840574,-0.00018,-0.001632,-0.000778,-1.6e-05,-1e-06,-4e-06,0.039824
44,0.150687,0.015799,0.417805,-0.040875,0.881441,-0.47057,-0.943704,-0.188715,-0.271628,-0.328185,0.431879,0.84012,5.7e-05,0.00051,0.000243,0.0,0.0,0.0,-0.049011,-0.195124,0.038419,0.395266,0.718658,0.603493,0.345426,-0.643246,0.765616,0.000999,-0.264751,-0.223682,0.937943,-0.00064,0.008462,-0.010011,0.036408,-0.011148,0.017929,0.352814,-0.00414,0.038114,0.014522,-0.636931,-0.676348,0.369961,0.711113,-0.700774,-0.056862,0.297718,0.226867,0.927305,0.006038,0.002455,0.000738,0.001995,-0.015194,0.029099,-0.037518,0.112521,0.03272,-0.03278,-0.136265,0.881614,-0.451872,-0.908089,-0.293476,-0.298739,-0.395986,0.369633,0.840574,-0.00018,-0.001632,-0.000778,-1.6e-05,-1e-06,-4e-06,0.039824
45,0.150697,0.015921,0.417689,-0.040974,0.880054,-0.473152,-0.943734,-0.189547,-0.270941,-0.328085,0.434333,0.838893,0.0,1e-06,1e-06,-0.008354,0.070408,-0.185862,-0.221817,-0.195128,0.038433,0.395093,0.716058,0.607619,0.343587,-0.647674,0.761869,0.002797,-0.260956,-0.225311,0.938616,0.011558,-0.003753,-0.002615,0.002045,-0.015205,0.029245,0.144528,-0.00414,0.038114,0.014522,-0.636931,-0.676348,0.369961,0.711113,-0.700774,-0.056862,0.297718,0.226867,0.927305,0.006038,0.002455,0.000738,0.001995,-0.015194,0.029099,-0.037518,0.112521,0.03272,-0.03278,-0.136265,0.881614,-0.451872,-0.908089,-0.293476,-0.298739,-0.395986,0.369633,0.840574,-0.00018,-0.001632,-0.000778,-1.6e-05,-1e-06,-4e-06,0.039824
46,0.150714,0.016107,0.417472,-0.040659,0.880022,-0.473237,-0.9435,-0.189636,-0.271692,-0.328796,0.434358,0.838602,-2.1e-05,-0.000193,-9.2e-05,-0.0,-1e-06,-0.0,-0.490487,-0.195147,0.038463,0.394971,0.716047,0.607637,0.343577,-0.6476,0.761933,0.002469,-0.261169,-0.225045,0.938621,1e-05,0.000159,7.5e-05,0.0,0.0,0.0,0.00659,-0.00414,0.038114,0.014522,-0.636931,-0.676348,0.369961,0.711113,-0.700774,-0.056862,0.297718,0.226867,0.927305,0.006038,0.002455,0.000738,0.001995,-0.015194,0.029099,-0.037518,0.112521,0.03272,-0.03278,-0.136265,0.881614,-0.451872,-0.908089,-0.293476,-0.298739,-0.395986,0.369633,0.840574,-0.00018,-0.001632,-0.000778,-1.6e-05,-1e-06,-4e-06,0.039824
47,0.15074,0.016363,0.417169,-0.039079,0.879731,-0.473911,-0.942369,-0.190093,-0.275276,-0.332216,0.434747,0.837051,-1.5e-05,0.009354,-0.010046,0.035755,-0.011361,0.019077,-0.967902,-0.195152,0.03862,0.394856,0.716067,0.607634,0.343542,-0.647465,0.762048,0.002028,-0.261451,-0.22466,0.938634,0.011772,-0.000251,-0.000954,0.002045,-0.015205,0.029245,-0.194443,-0.00414,0.038114,0.014522,-0.636931,-0.676348,0.369961,0.711113,-0.700774,-0.056862,0.297718,0.226867,0.927305,0.006038,0.002455,0.000738,0.001995,-0.015194,0.029099,-0.037518,0.112521,0.03272,-0.03278,-0.136265,0.881614,-0.451872,-0.908089,-0.293476,-0.298739,-0.395986,0.369633,0.840574,-0.00018,-0.001632,-0.000778,-1.6e-05,-1e-06,-4e-06,0.039824
48,0.150765,0.016475,0.417014,-0.037525,0.879463,-0.474533,-0.941399,-0.190331,-0.278412,-0.335133,0.435184,0.83566,-7.8e-05,0.008786,-0.010314,0.03765,-0.010257,0.015734,-1.324134,-0.195166,0.03869,0.394785,0.716143,0.607577,0.343483,-0.647328,0.762166,0.001806,-0.261581,-0.224416,0.938657,-0.000522,0.010364,-0.009101,0.036406,-0.01118,0.017913,-0.35037,-0.00414,0.038114,0.014522,-0.636931,-0.676348,0.369961,0.711113,-0.700774,-0.056862,0.297718,0.226867,0.927305,0.006038,0.002455,0.000738,0.001995,-0.015194,0.029099,-0.037518,0.112521,0.03272,-0.03278,-0.136265,0.881614,-0.451872,-0.908089,-0.293476,-0.298739,-0.395986,0.369633,0.840574,-0.00018,-0.001632,-0.000778,-1.6e-05,-1e-06,-4e-06,0.039824
49,0.150772,0.016631,0.416806,-0.036224,0.879185,-0.475149,-0.940351,-0.190859,-0.281575,-0.338207,0.435513,0.834249,-3e-06,-3.1e-05,-1.5e-05,0.021265,0.012602,-0.037337,-1.890743,-0.195184,0.038902,0.394613,0.716323,0.606211,0.345516,-0.64674,0.76266,0.00306,-0.262544,-0.226425,0.937905,-0.000512,0.010516,-0.009024,0.023809,0.077797,-0.159498,-0.753688,-0.00414,0.038114,0.014522,-0.636931,-0.676348,0.369961,0.711113,-0.700774,-0.056862,0.297718,0.226867,0.927305,0.006038,0.002455,0.000738,0.001995,-0.015194,0.029099,-0.037518,0.112521,0.03272,-0.03278,-0.136265,0.881614,-0.451872,-0.908089,-0.293476,-0.298739,-0.395986,0.369633,0.840574,-0.00018,-0.001632,-0.000778,-1.6e-05,-1e-06,-4e-06,0.039824
50,0.150741,0.016797,0.416712,-0.030576,0.879372,-0.475201,-0.94133,-0.185129,-0.282129,-0.33604,0.4376,0.834032,6.9e-05,0.000622,0.000296,-0.0,-0.0,0.0,-1.910755,-0.195223,0.039176,0.394377,0.715121,0.606544,0.347416,-0.646693,0.762707,-0.000105,-0.265926,-0.225371,0.937206,-0.000516,0.010439,-0.009055,0.036404,-0.011217,0.017895,-1.067808,-0.00414,0.038114,0.014522,-0.636931,-0.676348,0.369961,0.711113,-0.700774,-0.056862,0.297718,0.226867,0.927305,0.006038,0.002455,0.000738,0.001995,-0.015194,0.029099,-0.037518,0.112521,0.03272,-0.03278,-0.136265,0.881614,-0.451872,-0.908089,-0.293476,-0.298739,-0.395986,0.369633,0.840574,-0.00018,-0.001632,-0.000778,-1.6e-05,-1e-06,-4e-06,0.039824
51,0.150757,0.016816,0.416666,-0.030488,0.879365,-0.47522,-0.941287,-0.185121,-0.282277,-0.336167,0.437618,0.833971,-7.8e-05,-0.000705,-0.000336,-0.0,-0.0,-0.0,-1.911016,-0.195239,0.03931,0.394262,0.716097,0.606437,0.345587,-0.646616,0.76277,0.001684,-0.263469,-0.225443,0.937882,-0.000515,0.010443,-0.00905,-0.016215,-0.060387,0.037421,-1.100035,-0.00414,0.038114,0.014522,-0.636931,-0.676348,0.369961,0.711113,-0.700774,-0.056862,0.297718,0.226867,0.927305,0.006038,0.002455,0.000738,0.001995,-0.015194,0.029099,-0.037518,0.112521,0.03272,-0.03278,-0.136265,0.881614,-0.451872,-0.908089,-0.293476,-0.298739,-0.395986,0.369633,0.840574,-0.00018,-0.001632,-0.000778,-1.6e-05,-1e-06,-4e-06,0.039824
52,0.150831,0.016767,0.416586,-0.022574,0.878992,-0.476349,-0.940665,-0.179972,-0.287631,-0.338535,0.440498,0.831494,-0.000232,-0.002099,-0.001001,0.005771,-0.00236,0.002485,-1.911146,-0.195238,0.039364,0.394151,0.711234,0.611022,0.347547,-0.651265,0.758806,-0.000953,-0.265184,-0.226447,0.937157,-0.000114,-0.001849,-0.000878,-3e-06,0.0,-9e-06,-1.310263,-0.00414,0.038114,0.014522,-0.636931,-0.676348,0.369961,0.711113,-0.700774,-0.056862,0.297718,0.226867,0.927305,0.006038,0.002455,0.000738,0.001995,-0.015194,0.029099,-0.037518,0.112521,0.03272,-0.03278,-0.136265,0.881614,-0.451872,-0.908089,-0.293476,-0.298739,-0.395986,0.369633,0.840574,-0.00018,-0.001632,-0.000778,-1.6e-05,-1e-06,-4e-06,0.039824
53,0.150828,0.016837,0.416467,-0.022431,0.878976,-0.476386,-0.940542,-0.18003,-0.287998,-0.338887,0.440508,0.831346,-7e-06,-6.4e-05,-3.1e-05,-0.0,-0.0,-0.0,-1.91083,-0.195234,0.03926,0.394112,0.710247,0.61114,0.349355,-0.651234,0.758827,-0.003143,-0.2679,-0.22606,0.936478,-0.000117,-0.001885,-0.000896,0.0,0.0,-0.0,-1.404095,-0.00414,0.038114,0.014522,-0.636931,-0.676348,0.369961,0.711113,-0.700774,-0.056862,0.297718,0.226867,0.927305,0.006038,0.002455,0.000738,0.001995,-0.015194,0.029099,-0.037518,0.112521,0.03272,-0.03278,-0.136265,0.881614,-0.451872,-0.908089,-0.293476,-0.298739,-0.395986,0.369633,0.840574,-0.00018,-0.001632,-0.000778,-1.6e-05,-1e-06,-4e-06,0.039824
54,0.150811,0.016904,0.416413,-0.022477,0.878968,-0.476399,-0.94047,-0.180164,-0.288148,-0.339083,0.440469,0.831286,0.0,1e-06,1e-06,-0.0,-0.0,-0.0,-1.80627,-0.195216,0.039268,0.394114,0.711317,0.610954,0.347497,-0.651194,0.758867,-0.000898,-0.265134,-0.226429,0.937175,0.00014,0.002273,0.00108,-0.004738,-0.004425,0.001757,-0.965972,-0.00414,0.038114,0.014522,-0.636931,-0.676348,0.369961,0.711113,-0.700774,-0.056862,0.297718,0.226867,0.927305,0.006038,0.002455,0.000738,0.001995,-0.015194,0.029099,-0.037518,0.112521,0.03272,-0.03278,-0.136265,0.881614,-0.451872,-0.908089,-0.293476,-0.298739,-0.395986,0.369633,0.840574,-0.00018,-0.001632,-0.000778,-1.6e-05,-1e-06,-4e-06,0.039824
55,0.150793,0.016899,0.416432,-0.02422,0.879233,-0.475823,-0.941318,-0.180267,-0.285298,-0.336597,0.439898,0.832598,-0.012164,-0.008316,0.010955,-0.037254,0.026334,-0.048836,-1.448027,-0.195184,0.039355,0.394164,0.709032,0.614748,0.345471,-0.655379,0.755255,0.00147,-0.260893,-0.228241,0.937926,0.000376,0.00609,0.002891,-0.345436,-0.177605,-0.37577,-0.458877,-0.00414,0.038114,0.014522,-0.636931,-0.676348,0.369961,0.711113,-0.700774,-0.056862,0.297718,0.226867,0.927305,0.006038,0.002455,0.000738,0.001995,-0.015194,0.029099,-0.037518,0.112521,0.03272,-0.03278,-0.136265,0.881614,-0.451872,-0.908089,-0.293476,-0.298739,-0.395986,0.369633,0.840574,-0.00018,-0.001632,-0.000778,-1.6e-05,-1e-06,-4e-06,0.039824
56,0.150632,0.016849,0.416687,-0.034425,0.879873,-0.474008,-0.942893,-0.185755,-0.276439,-0.331246,0.436328,0.836613,-0.011889,-0.00585,0.012133,-0.0298,-0.048208,0.135408,-0.422331,-0.195165,0.039721,0.394401,0.701357,0.623371,0.345684,-0.664628,0.747129,0.001497,-0.258205,-0.231597,0.937847,0.000668,0.010857,0.005133,0.001807,-0.012912,0.025698,0.17019,-0.00414,0.038114,0.014522,-0.636931,-0.676348,0.369961,0.711113,-0.700774,-0.056862,0.297718,0.226867,0.927305,0.006038,0.002455,0.000738,0.001995,-0.015194,0.029099,-0.037518,0.112521,0.03272,-0.03278,-0.136265,0.881614,-0.451872,-0.908089,-0.293476,-0.298739,-0.395986,0.369633,0.840574,-0.00018,-0.001632,-0.000778,-1.6e-05,-1e-06,-4e-06,0.039824
