frame,MLTx,MLTy,MLTz,MLTR1,MLTR2,MLTR3,MLTR4,MLTR5,MLTR6,MLTR7,MLTR8,MLTR9,MLTTVx,MLTTVy,MLTTVz,MLTRVx,MLTRVy,MLTRVz,MLGA,MRTx,MRTy,MRTz,MRTR1,MRTR2,MRTR3,MRTR4,MRTR5,MRTR6,MRTR7,MRTR8,MRTR9,MRTTVx,MRTTVy,MRTTVz,MRTRVx,MRTRVy,MRTRVz,MRGA,SLTx,SLTy,SLTz,SLTR1,SLTR2,SLTR3,SLTR4,SLTR5,SLTR6,SLTR7,SLTR8,SLTR9,SLTTVx,SLTTVy,SLTTVz,SLTRVx,SLTRVy,SLTRVz,SLGA,SRTx,SRTy,SRTz,SRTR1,SRTR2,SRTR3,SRTR4,SRTR5,SRTR6,SRTR7,SRTR8,SRTR9,SRTTVx,SRTTVy,SRTTVz,SRTRVx,SRTRVy,SRTRVz,SRGA
1,0.059744,0.026676,0.347208,-0.110604,0.063353,-0.991866,-0.089675,-0.994515,-0.053576,-0.989687,0.082934,0.116913,0.027186,-0.018128,0.02112,-0.068781,-0.001982,0.055852,-1.077309,-0.103095,0.047708,0.30435,-4.4e-05,0.738635,0.674099,-0.984048,0.119852,-0.13122,-0.177692,-0.664268,0.725973,-0.014582,0.004646,0.00616,-0.270669,0.447546,0.624606,0.129289,0.037908,0.040932,-0.031665,0.14091,-0.792107,0.593894,0.968279,-0.014766,-0.249433,0.206347,0.610203,0.7649,-0.007252,0.002134,0.002916,-0.298502,0.494969,0.671635,-0.091241,0.068181,0.034886,-0.068972,-0.100293,0.076711,-0.991995,-0.115965,-0.991129,-0.06492,-0.988176,0.108526,0.108299,0.008021,-0.00157,0.007716,-0.045427,-0.006671,0.037274,-0.718498
2,0.060692,0.026128,0.348061,-0.105857,0.07178,-0.99181,-0.127417,-0.990131,-0.058113,-0.986067,0.120126,0.115193,0.028039,-0.016003,0.022822,-0.558163,-0.030839,0.11259,-1.07021,-0.104142,0.047886,0.304485,0.02205,0.713722,0.700076,-0.978192,0.16002,-0.132166,-0.206359,-0.682779,0.700779,-0.042552,0.011801,-0.001117,0.374931,0.761119,-0.011621,0.169256,0.037395,0.041015,-0.031597,0.118283,-0.770852,0.625934,0.966306,-0.055763,-0.251278,0.228602,0.634567,0.738284,-0.013771,0.001207,0.002986,1.424782,2.17555,-1.020401,0.004284,0.068653,0.034608,-0.068549,-0.095362,0.084967,-0.991809,-0.153076,-0.985751,-0.069729,-0.983602,0.145173,0.10701,0.014186,-0.007556,0.011751,-1.725531,-0.112063,0.272192,-0.718824
3,0.061761,0.025412,0.349156,-0.095929,0.081236,-0.99209,-0.148076,-0.986721,-0.066532,-0.984207,0.140415,0.107919,0.042116,-0.016606,0.022952,-0.063912,-0.032356,0.109046,-1.073161,-0.105615,0.047986,0.30469,0.034123,0.691149,0.721901,-0.973788,0.185488,-0.131398,-0.224738,-0.69935,0.678428,-0.042549,0.012286,-0.000759,-0.145249,0.44811,0.056036,0.203485,0.036659,0.041065,-0.031494,0.107573,-0.751722,0.650646,0.963868,-0.081555,-0.253584,0.243688,0.654417,0.715789,-0.020208,0.000169,0.002992,-0.228028,0.514586,0.100291,0.059803,0.069182,0.034249,-0.068002,-0.08508,0.094136,-0.991916,-0.174085,-0.981618,-0.078227,-0.981048,0.166023,0.099904,0.013779,-0.012093,0.016655,-0.09743,0.015061,0.065802,-0.719804
4,0.062932,0.024646,0.350368,-0.093459,0.086217,-0.991906,-0.151536,-0.98585,-0.071467,-0.983921,0.143516,0.106436,0.028089,-0.02286,0.034345,-0.098427,0.003754,0.065411,-1.095936,-0.107189,0.04817,0.304784,0.0442,0.678157,0.733581,-0.967268,0.212681,-0.138176,-0.249754,-0.704302,0.664412,-0.040348,0.000517,0.006021,-0.114099,0.419912,-0.251491,0.218688,0.035887,0.041157,-0.03145,0.097423,-0.741059,0.664334,0.958879,-0.108896,-0.26209,0.266568,0.66255,0.699977,-0.021212,0.006099,-0.000433,-0.112034,0.475471,-0.160114,0.091971,0.069774,0.03387,-0.067399,-0.08255,0.0991,-0.991647,-0.177405,-0.980612,-0.083229,-0.980669,0.169052,0.098531,0.020492,-0.01317,0.016069,-0.096269,-0.010469,0.094541,-0.723723
5,0.063473,0.024275,0.351007,-0.093434,0.087271,-0.991816,-0.153352,-0.985507,-0.072322,-0.983642,0.145224,0.106698,0.029854,-0.011264,0.026499,-0.065915,0.085104,-0.090778,-1.120103,-0.108026,0.048409,0.304808,0.046662,0.669268,0.741548,-0.963385,0.226342,-0.143504,-0.263919,-0.708529,0.654367,-0.042978,0.015161,0.001705,-0.08832,0.487293,-0.098074,0.233165,0.035454,0.041271,-0.031441,0.095742,-0.733307,0.673121,0.955444,-0.121981,-0.268787,0.279212,0.668864,0.688955,-0.021394,0.007109,0.000454,-0.071099,0.584049,0.039844,0.106341,0.070043,0.03368,-0.067077,-0.082423,0.100252,-0.991541,-0.179216,-0.980198,-0.084208,-0.98035,0.170759,0.098758,0.01418,-0.011028,0.017464,-0.097464,0.003767,0.065197,-0.721763
6,0.064434,0.023662,0.352262,-0.093774,0.088738,-0.991653,-0.156711,-0.984901,-0.073368,-0.98308,0.148406,0.107498,0.029929,-0.010932,0.026679,-0.064926,-0.017382,0.079694,-1.154563,-0.10972,0.04915,0.304943,0.06068,0.641788,0.764472,-0.952042,0.267291,-0.148677,-0.299805,-0.719583,0.626243,-0.045731,0.031196,-0.001442,1.479154,1.151761,0.813951,0.286138,0.034592,0.041646,-0.031374,0.082798,-0.709546,0.699777,0.947054,-0.162555,-0.276881,0.310212,0.685652,0.65852,-0.022916,0.015786,-0.000553,1.502025,1.323879,0.881888,0.160717,0.070536,0.033371,-0.066438,-0.082803,0.10167,-0.991365,-0.182559,-0.979495,-0.085205,-0.979701,0.173928,0.099666,0.014951,-0.00545,0.013336,-0.06423,-0.017322,0.079584,-0.723396
7,0.065069,0.023376,0.353413,-0.098502,0.089091,-0.991164,-0.159372,-0.984523,-0.072709,-0.982184,0.150685,0.11241,0.018396,0.003308,0.020264,-0.032224,-0.023066,0.064832,-1.153443,-0.111616,0.05003,0.304974,0.087484,0.604268,0.791958,-0.93725,0.319251,-0.139911,-0.337461,-0.730771,0.59326,-0.05564,0.014033,0.002244,-0.431322,1.371068,0.280936,0.327448,0.033679,0.042079,-0.03135,0.055941,-0.678983,0.732019,0.937304,-0.216886,-0.272801,0.343992,0.701385,0.624281,-0.028955,0.013477,-0.001765,-0.205897,1.043899,0.437535,0.22489,0.07084,0.03323,-0.06588,-0.087625,0.102115,-0.990905,-0.185109,-0.979075,-0.084527,-0.978803,0.176018,0.104694,0.001985,-0.002083,0.015397,-0.067739,0.106118,-0.154714,-0.723233
8,0.065328,0.023336,0.353887,-0.100318,0.087474,-0.991125,-0.160521,-0.984484,-0.070694,-0.981811,0.151889,0.114036,0.005121,0.005862,0.021675,-0.033238,-0.008669,0.035091,-1.152985,-0.112587,0.050565,0.304905,0.096758,0.584622,0.805509,-0.93127,0.338752,-0.133852,-0.351215,-0.737919,0.576183,-0.044822,0.028712,-0.00383,-0.307198,1.182883,0.190485,0.332794,0.03319,0.04234,-0.031383,0.046329,-0.660799,0.74913,0.933896,-0.237508,-0.267258,0.354529,0.711992,0.606114,-0.029798,0.018973,-0.005565,-0.298586,1.481564,0.523253,0.245464,0.070975,0.033206,-0.06564,-0.089462,0.100481,-0.990908,-0.186288,-0.979028,-0.082458,-0.978413,0.177217,0.106305,0.008182,-0.004436,0.013799,-0.064972,-0.006329,0.053602,-0.72356
9,0.065684,0.02346,0.354567,-0.099614,0.08888,-0.991071,-0.167524,-0.983265,-0.071396,-0.980713,0.158799,0.11407,0.005141,0.013117,0.010324,0.000457,-0.029275,0.049651,-1.134529,-0.114379,0.051795,0.304754,0.12275,0.536775,0.834743,-0.91127,0.394075,-0.119266,-0.393097,-0.7467,0.536448,-0.04492,0.030498,-0.002349,-0.252646,1.401046,0.500065,0.348757,0.032277,0.042962,-0.031462,0.020557,-0.618411,0.785585,0.920363,-0.295213,-0.256474,0.390521,0.728297,0.563095,-0.022407,0.01494,-0.001425,0.149599,1.157068,0.231946,0.267019,0.071163,0.033275,-0.065282,-0.088642,0.101969,-0.990829,-0.19331,-0.977593,-0.083313,-0.977124,0.184152,0.106367,0.002482,0.006368,0.005006,0.000804,-0.029175,0.049359,-0.718661
10,0.065952,0.023841,0.354883,-0.09479,0.089849,-0.991457,-0.196698,-0.977957,-0.069873,-0.975768,0.188276,0.111608,0.016748,0.006486,0.005619,-0.149667,-0.067037,0.054992,-1.115893,-0.116208,0.053133,0.304532,0.153715,0.482961,0.862039,-0.8774,0.467929,-0.105572,-0.454525,-0.740722,0.494572,-0.046385,0.041283,-0.010112,4.543798,0.635529,2.980268,0.370139,0.031363,0.04363,-0.031568,-0.009056,-0.569729,0.821782,0.896976,-0.367873,-0.245157,0.441985,0.734899,0.514365,-0.022261,0.014872,-0.001533,-0.265352,1.347623,0.123571,0.298207,0.07129,0.033463,-0.065126,-0.08357,0.102553,-0.99121,-0.222228,-0.971558,-0.081783,-0.971406,0.213441,0.103983,0.00191,0.004896,0.003837,-0.503032,0.049981,-0.092169,-0.715722
11,0.066222,0.02424,0.354922,-0.083294,0.084718,-0.99294,-0.219849,-0.973374,-0.06466,-0.971882,0.212799,0.100937,0.001864,0.004778,0.003734,-0.014416,-0.135218,-0.079675,-1.095814,-0.117987,0.054419,0.304268,0.189691,0.422646,0.886216,-0.837516,0.540689,-0.078463,-0.512539,-0.727857,0.455401,-0.044022,0.02855,-0.00423,0.143644,1.363704,0.863017,0.384778,0.030456,0.044288,-0.031704,-0.049208,-0.515192,0.85566,0.864359,-0.451229,-0.221977,0.50046,0.728676,0.467515,-0.022022,0.014282,-0.002098,0.163839,1.297863,0.795183,0.326947,0.071432,0.033667,-0.065104,-0.071918,0.096925,-0.992689,-0.24544,-0.966382,-0.076575,-0.96674,0.238138,0.093289,0.001731,0.008009,-0.002202,0.016774,-0.14188,-0.022486,-0.711313
12,0.066343,0.024407,0.354877,-0.074924,0.080492,-0.993958,-0.237225,-0.969543,-0.060686,-0.968483,0.231139,0.092974,0.001253,0.003214,0.00251,-0.053288,-0.378997,-0.221791,-1.073173,-0.118733,0.055012,0.304191,0.218811,0.389586,0.894615,-0.809321,0.584587,-0.056498,-0.545236,-0.712149,0.442068,-0.029352,0.018922,0.002734,4.748702,0.936373,3.121506,0.374882,0.030106,0.044565,-0.031743,-0.077543,-0.487917,0.869438,0.845735,-0.493977,-0.201784,0.527937,0.719668,0.450953,-0.015585,0.015146,-0.002171,0.981361,0.278981,1.890423,0.325477,0.071492,0.033751,-0.065125,-0.064293,0.093149,-0.993573,-0.26272,-0.962091,-0.073198,-0.962727,0.256326,0.086327,0.000561,0.001431,0.001122,-0.052586,-0.428513,-0.253097,-0.711149
13,0.066483,0.024664,0.354739,-0.058739,0.071182,-0.995755,-0.271861,-0.960877,-0.052705,-0.960483,0.267517,0.077031,0.001533,0.011084,-0.008264,-1.653803,-0.459342,-0.065286,-1.007107,-0.119841,0.05574,0.304082,0.278857,0.345256,0.896119,-0.783962,0.620736,0.004927,-0.554874,-0.704323,0.442615,-0.027595,0.00986,-0.005177,0.278073,0.208566,0.910652,0.43389,0.029537,0.044958,-0.031784,-0.142759,-0.445883,0.883633,0.828086,-0.542807,-0.140117,0.542118,0.711721,0.44672,-0.006475,-0.000222,0.000641,1.073334,-0.171612,1.89904,0.348991,0.071561,0.033874,-0.065192,-0.048347,0.083194,-0.995359,-0.295554,-0.95309,-0.065305,-0.954101,0.291025,0.070667,0.00063,0.0053,-0.004479,-5.509679,-0.771817,0.179113,-0.704944
14,0.066517,0.024869,0.35462,-0.045686,0.054866,-0.997471,-0.301134,-0.952783,-0.038668,-0.952444,0.298532,0.061292,0.000321,0.000825,0.000644,-0.030635,-0.385956,-0.023124,-0.956007,-0.120782,0.055555,0.30384,0.327967,0.30559,0.893892,-0.740362,0.670818,0.042437,-0.587054,-0.6761,0.445107,-0.024287,-0.009976,-0.005435,0.12643,-0.070862,0.398244,0.456591,0.029075,0.044875,-0.031904,-0.194401,-0.410814,0.890752,0.793479,-0.599743,-0.10343,0.576713,0.686687,0.442563,-0.012033,-0.005569,-0.003202,1.525929,-0.156264,1.184447,0.415777,0.071576,0.033971,-0.065256,-0.035426,0.066244,-0.997173,-0.326466,-0.943826,-0.051102,-0.944544,0.323733,0.055062,0.000228,0.000573,0.000454,-0.064106,-0.265697,-0.468862,-0.703801
15,0.066501,0.024947,0.354591,-0.038169,0.045707,-0.998248,-0.313079,-0.949189,-0.031543,-0.948926,0.311264,0.051782,0.000149,0.000382,0.000298,-0.038213,-0.498764,-0.064113,-0.925617,-0.121198,0.055362,0.303741,0.332386,0.291807,0.896861,-0.72176,0.690767,0.042869,-0.607401,-0.661928,0.439065,-0.02417,-0.010741,-0.006112,1.513305,0.018801,0.987094,0.43145,0.028859,0.044771,-0.031958,-0.19915,-0.398724,0.895186,0.777497,-0.620338,-0.103336,0.59652,0.675425,0.433547,-0.012014,-0.005516,-0.00311,5.075542,0.148808,2.680655,0.41447,0.071569,0.034015,-0.065273,-0.027974,0.056846,-0.99799,-0.338369,-0.939981,-0.044057,-0.940597,0.336457,0.04553,6.1e-05,0.000151,0.000124,-0.036863,-0.481277,-0.046322,-0.7087
16,0.066436,0.025173,0.354547,-0.023256,0.023437,-0.999477,-0.336997,-0.941382,-0.014286,-0.941202,0.336454,0.031035,-0.010608,0.016275,-0.00473,-0.028968,-0.775564,-0.240497,-0.869851,-0.122169,0.054886,0.303383,0.295776,0.266472,0.917334,-0.651314,0.758696,-0.010262,-0.699052,-0.594769,0.396786,-0.036298,-0.016318,-0.009399,3.09337,2.522323,-1.747618,0.412585,0.028392,0.044539,-0.032135,-0.166584,-0.373868,0.912399,0.711797,-0.685936,-0.151113,0.682344,0.62427,0.380384,-0.011636,-0.007783,-0.005133,5.550854,0.788344,1.415496,0.384915,0.07154,0.034119,-0.065295,-0.014895,0.035489,-0.999258,-0.36213,-0.931715,-0.027692,-0.932008,0.361449,0.026729,0.000511,0.001302,0.001022,-0.073348,-0.690688,-0.400351,-0.717844
17,0.066249,0.025605,0.354518,-0.006497,-0.001158,-1.000001,-0.360558,-0.932715,0.00337,-0.932719,0.360577,0.006887,0.003003,0.014827,-0.005341,-0.042112,-1.022681,-0.315331,-0.791796,-0.123408,0.054057,0.302945,0.256014,0.250681,0.933599,-0.566703,0.821313,-0.065005,-0.783362,-0.512747,0.351137,-0.022642,-0.020563,-0.0148,0.414271,0.40816,-0.384646,0.35789,0.027761,0.044137,-0.032349,-0.123895,-0.354385,0.926855,0.622003,-0.755505,-0.205724,0.77315,0.551019,0.314032,-0.017583,-0.01151,-0.007656,5.203944,0.198583,1.265984,0.34099,0.071444,0.034328,-0.065309,0.000531,0.011394,-0.999934,-0.385533,-0.922631,-0.010718,-0.922693,0.385514,0.003903,0.000752,0.00193,0.001512,-0.043654,-0.612275,-0.123444,-0.719477
18,0.066067,0.026156,0.354455,0.012181,-0.031786,-0.999443,-0.378376,-0.925305,0.024764,-0.925599,0.377898,-0.022054,0.003339,0.015662,-0.004691,-1.612428,0.270757,-2.821732,-0.74036,-0.124061,0.05315,0.302401,0.268578,0.231598,0.934997,-0.509181,0.858074,-0.066159,-0.817924,-0.458608,0.347192,-0.009958,-0.018791,-0.014952,0.600338,-1.111592,2.062025,0.317208,0.027419,0.043655,-0.032636,-0.136846,-0.337872,0.931189,0.567082,-0.797479,-0.20602,0.812212,0.499869,0.300733,-0.004974,-0.009444,-0.007503,0.613202,-0.976056,2.152752,0.271918,0.07135,0.03461,-0.065342,0.021102,-0.018253,-0.99961,-0.401688,-0.915738,0.008242,-0.915532,0.401358,-0.026657,-0.004919,0.009109,-0.001732,-5.537095,-0.591624,-0.298595,-0.721437
19,0.066003,0.02648,0.354385,0.02608,-0.047364,-0.99856,-0.389972,-0.920205,0.033409,-0.920502,0.388593,-0.041226,0.003346,0.015669,-0.004686,-0.532559,-1.112132,-0.401067,-0.722947,-0.124309,0.052816,0.302106,0.286947,0.215779,0.933323,-0.468812,0.881255,-0.059483,-0.83566,-0.42076,0.352841,-0.011895,-0.006211,-0.021063,0.700726,-1.525941,2.066656,0.316177,0.0273,0.043488,-0.032777,-0.15447,-0.323348,0.933586,0.530611,-0.824241,-0.197682,0.833421,0.464835,0.298892,-0.004967,-0.009116,-0.007277,5.157675,0.030184,1.459875,0.256079,0.071318,0.034773,-0.065376,0.032488,-0.036428,-0.998807,-0.414384,-0.909888,0.019706,-0.909521,0.413249,-0.044656,-0.004855,0.009201,-0.001544,-1.722407,-1.265906,-0.395828,-0.729765
20,0.065877,0.027261,0.354159,0.049094,-0.089318,-0.994815,-0.417583,-0.906591,0.060736,-0.907384,0.412542,-0.080567,0.003161,0.015174,-0.005068,-0.031342,-1.427437,-0.356221,-0.683158,-0.124686,0.052179,0.301576,0.301256,0.179796,0.936435,-0.378465,0.923913,-0.055515,-0.875512,-0.337917,0.345185,-0.010548,-0.015683,-0.012316,0.596912,0.220778,0.00799,0.311264,0.027112,0.043169,-0.03305,-0.173524,-0.28803,0.941768,0.444573,-0.876204,-0.186064,0.878774,0.386398,0.280092,-0.005213,-0.008194,-0.006464,2.086715,0.265859,0.352835,0.239259,0.071259,0.035154,-0.065483,0.053287,-0.078233,-0.995509,-0.44234,-0.895629,0.046707,-0.895262,0.437865,-0.082331,0.001558,0.007519,-0.002577,-0.037034,-1.08668,-0.46599,-0.733194
21,0.065753,0.028125,0.35381,0.075759,-0.132189,-0.988348,-0.433454,-0.896981,0.08669,-0.89809,0.421996,-0.124022,-0.010208,0.017034,-0.004131,-0.502573,-1.471216,-0.544963,-0.666919,-0.124836,0.051397,0.301237,0.265391,0.162967,0.950264,-0.299185,0.950852,-0.07939,-0.916799,-0.26345,0.299894,-0.008989,-0.026468,-0.004705,0.715968,2.715482,-1.616783,0.376953,0.027033,0.042773,-0.033223,-0.139378,-0.27119,0.95238,0.364912,-0.908149,-0.205191,0.920549,0.318936,0.225536,-0.004515,-0.013172,-0.00228,0.704209,2.682273,-1.622964,0.276327,0.071199,0.035599,-0.065661,0.079364,-0.122039,-0.989346,-0.457695,-0.88614,0.072592,-0.885559,0.447058,-0.126185,0.002093,0.012405,-0.007211,-1.61414,-0.924902,-0.603845,-0.710333
22,0.065632,0.02851,0.353609,0.090447,-0.154266,-0.983904,-0.444416,-0.890352,0.098691,-0.891365,0.428523,-0.147863,0.001725,0.011487,-0.007912,-0.021218,-1.477147,-0.633411,-0.654645,-0.124948,0.050916,0.301116,0.237978,0.162088,0.957646,-0.259087,0.960823,-0.098122,-0.936299,-0.224978,0.26943,0.00389,-0.02491,-0.004973,2.216014,2.326017,-1.39356,0.414229,0.026979,0.042554,-0.033278,-0.112318,-0.267621,0.956955,0.329616,-0.918555,-0.218195,0.937409,0.290921,0.191383,-0.004516,-0.013249,-0.00236,0.199538,1.566892,-0.154835,0.320741,0.071136,0.035796,-0.065758,0.093507,-0.144465,-0.985081,-0.469046,-0.87913,0.084403,-0.878209,0.454157,-0.149965,-0.004799,0.012812,-0.007133,-0.010152,-1.127823,-0.433022,-0.704455
23,0.065327,0.029126,0.353127,0.116588,-0.20006,-0.972846,-0.461877,-0.878052,0.125159,-0.879401,0.434988,-0.193563,-0.012651,0.010769,-0.008974,-0.004954,-1.396695,-0.890055,-0.604892,-0.125329,0.049945,0.300846,0.199515,0.146239,0.968917,-0.148469,0.981878,-0.117504,-0.96876,-0.12061,0.216379,-0.008855,-0.027864,-0.006031,0.339107,1.011685,-0.135407,0.438093,0.026789,0.042062,-0.033413,-0.072189,-0.248515,0.965934,0.214044,-0.949756,-0.228356,0.974152,0.190268,0.121755,-0.005246,-0.008419,-0.006728,1.618474,0.895784,0.426357,0.386384,0.070988,0.036098,-0.065991,0.117701,-0.189818,-0.974738,-0.486361,-0.866796,0.110068,-0.865793,0.46112,-0.194344,-0.006299,0.005422,-0.004446,-0.001255,-1.128575,-0.694339,-0.677348
24,0.064987,0.029591,0.352679,0.141532,-0.239126,-0.960642,-0.464583,-0.872925,0.148788,-0.87433,0.425532,-0.233445,-0.000268,0.006419,-0.011827,0.005814,-1.070812,-0.656738,-0.570673,-0.125647,0.04913,0.300546,0.163452,0.131317,0.977768,-0.092055,0.988788,-0.117291,-0.982382,-0.07102,0.172466,-0.011193,-0.012667,-0.009797,-0.093138,1.136029,-0.160367,0.436898,0.026632,0.041643,-0.033566,-0.036868,-0.230976,0.97226,0.158434,-0.961967,-0.222523,0.98668,0.145835,0.07206,0.001746,-0.011466,-0.001616,-0.021258,1.148355,0.152305,0.398631,0.070813,0.036337,-0.066222,0.142894,-0.231789,-0.962213,-0.489271,-0.861635,0.134901,-0.860345,0.451506,-0.236531,-0.00639,0.005181,-0.004631,-0.00048,-1.172776,-0.724346,-0.647956
25,0.064714,0.029912,0.352225,0.166268,-0.277482,-0.946258,-0.468007,-0.866828,0.1719,-0.868156,0.414614,-0.272811,-0.013695,0.008129,-0.011027,0.000868,-1.255306,-0.809615,-0.559284,-0.125396,0.048661,0.300386,0.121507,0.116426,0.985735,-0.072692,0.991454,-0.108024,-0.990008,-0.058693,0.127682,0.002699,-0.017767,0.001378,-0.093717,1.144935,0.368664,0.436993,0.026753,0.041407,-0.033653,0.003773,-0.214136,0.976796,0.140679,-0.966975,-0.212527,0.990047,0.138216,0.026476,0.006833,-0.001413,-0.002104,0.021574,1.181171,0.52247,0.400264,0.070682,0.036496,-0.066444,0.165395,-0.269045,-0.948819,-0.492494,-0.856057,0.156891,-0.854454,0.441339,-0.274091,-0.001077,-0.002744,-0.002122,-0.026178,-1.160856,-0.705932,-0.628524
26,0.064599,0.030016,0.351999,0.179329,-0.289323,-0.940308,-0.464726,-0.867325,0.178182,-0.867335,0.405388,-0.288822,-0.000995,0.004591,-0.013252,5.214851,-1.601088,1.213759,-0.562279,-0.125076,0.04858,0.300392,0.105216,0.103982,0.988994,-0.056443,0.993518,-0.098336,-0.992909,-0.045623,0.109149,0.013132,0.00064,-0.001088,5.386735,0.420498,0.918217,0.44264,0.026899,0.04136,-0.033654,0.019794,-0.200892,0.979412,0.131743,-0.970539,-0.201735,0.991085,0.133024,0.007255,0.006554,0.000358,-0.000506,-0.116243,1.173344,0.474368,0.403693,0.070624,0.036546,-0.066558,0.178151,-0.285387,-0.941709,-0.494743,-0.853235,0.16498,-0.850582,0.436513,-0.293198,-0.000652,0.001883,-0.006939,0.014501,-0.867291,-0.541821,-0.627055
27,0.064344,0.030204,0.351494,0.204809,-0.312896,-0.927467,-0.452957,-0.870261,0.193515,-0.86795,0.380854,-0.318811,-0.001776,0.002643,-0.014782,0.02965,-0.555865,-0.333375,-0.571014,-0.124271,0.048691,0.300519,0.085918,0.07248,0.993658,-0.041561,0.996718,-0.068994,-0.995474,-0.035478,0.087389,0.027016,-0.004297,0.01024,-0.388171,-1.060511,2.480273,0.439986,0.027296,0.041412,-0.033593,0.038476,-0.169638,0.984754,0.114845,-0.978203,-0.172997,0.992637,0.119751,-0.018156,0.012558,0.004155,0.00209,-0.09077,0.909464,0.3115,0.411858,0.070498,0.036643,-0.066809,0.20439,-0.308357,-0.929053,-0.478085,-0.859641,0.180141,-0.8542,0.407347,-0.323123,-0.00088,0.001318,-0.007384,0.126599,-0.882443,-0.398779,-0.628198
28,0.064123,0.030377,0.350903,0.22912,-0.333237,-0.914605,-0.435443,-0.875408,0.209814,-0.870862,0.350596,-0.344541,-0.002024,0.002034,-0.015274,0.012109,-0.843645,-0.524177,-0.596444,-0.123253,0.04901,0.300802,0.088051,0.047222,0.994992,-0.044597,0.998033,-0.043304,-0.995159,-0.040637,0.088722,0.037551,0.012925,0.006648,-0.0471,0.68249,0.195817,0.414829,0.02781,0.041572,-0.033445,0.031586,-0.143777,0.989105,0.121773,-0.981673,-0.146585,0.992054,0.125076,-0.013499,0.012186,0.006303,0.004007,-0.044367,0.138757,-0.211479,0.391936,0.070381,0.03673,-0.067111,0.227253,-0.328359,-0.916807,-0.460552,-0.865743,0.19591,-0.858048,0.377716,-0.347969,-0.001028,0.000952,-0.00768,0.022301,-0.291903,-0.188293,-0.640118
29,0.06399,0.030473,0.350582,0.24267,-0.340514,-0.908408,-0.42138,-0.880425,0.217399,-0.874122,0.330448,-0.356008,-0.001985,0.002137,-0.015203,5.03864,-1.792377,1.597733,-0.607796,-0.122688,0.049178,0.301021,0.094149,0.039976,0.994751,-0.046137,0.998266,-0.035635,-0.994537,-0.042607,0.094568,0.026023,0.001476,0.015414,-0.316256,-1.640984,2.05217,0.411618,0.028107,0.04166,-0.033334,0.027542,-0.136154,0.990304,0.124281,-0.982527,-0.138541,0.991864,0.126892,-0.010139,0.012948,0.00097,0.007902,-0.314703,-1.664269,2.010842,0.380669,0.070314,0.036777,-0.067273,0.239208,-0.338579,-0.910023,-0.452018,-0.86831,0.204242,-0.859336,0.362491,-0.360751,-0.007368,0.002765,-0.006538,0.014129,-0.736403,-0.497429,-0.649099
30,0.063747,0.030617,0.349966,0.26408,-0.358512,-0.89542,-0.409231,-0.882294,0.232507,-0.873715,0.305473,-0.378596,-0.002451,0.000993,-0.016124,0.014982,-0.694037,-0.434485,-0.620379,-0.121485,0.049357,0.301598,0.097064,0.036016,0.994622,-0.048179,0.998314,-0.031333,-0.994164,-0.04494,0.097373,0.026035,0.001229,0.015146,-0.050048,0.070551,-0.074799,0.412219,0.028698,0.041755,-0.033045,0.023395,-0.132177,0.990949,0.126845,-0.982817,-0.134087,0.991646,0.128834,-0.006228,0.01944,0.001729,0.007713,-0.033697,-0.100744,0.146933,0.374791,0.070193,0.03685,-0.067579,0.261712,-0.355385,-0.897333,-0.434786,-0.873467,0.219125,-0.861665,0.332801,-0.383114,-0.007666,0.002031,-0.007126,0.010309,-0.933697,-0.619598,-0.660693
31,0.063497,0.03071,0.349271,0.285723,-0.375728,-0.88161,-0.397444,-0.883551,0.247687,-0.872372,0.280084,-0.400684,-0.003539,-0.001689,-0.018276,0.020452,-0.463448,-0.326948,-0.638151,-0.12014,0.049259,0.302211,0.100553,0.03142,0.994431,-0.049022,0.998413,-0.026474,-0.99378,-0.046143,0.100672,0.041302,-0.011634,0.019246,-0.067266,-0.02802,0.050481,0.413843,0.029364,0.041716,-0.032736,0.019679,-0.128081,0.991568,0.12819,-0.983251,-0.129551,0.991554,0.129658,-0.00293,0.013189,-0.000428,0.006595,-0.01105,-0.163256,0.21676,0.37577,0.07007,0.0369,-0.067923,0.283467,-0.374313,-0.882913,-0.423385,-0.874939,0.235001,-0.860459,0.307197,-0.406495,-0.008017,0.001187,-0.007814,0.016743,-0.534145,-0.376232,-0.67294
32,0.063235,0.030619,0.34842,0.31862,-0.386515,-0.865525,-0.365521,-0.892571,0.263975,-0.874976,0.232735,-0.424593,-0.005664,-0.006914,-0.022497,0.055401,-0.577234,-0.37238,-0.669274,-0.118954,0.048979,0.302918,0.108125,0.018001,0.99397,-0.050213,0.998627,-0.012508,-0.992935,-0.048597,0.107618,0.027876,-0.010525,0.021924,-0.066726,-0.030364,0.044227,0.412857,0.029963,0.041568,-0.032389,0.011035,-0.1153,0.993269,0.130997,-0.984601,-0.115749,0.991321,0.131393,0.004238,0.013902,-0.005114,0.011075,-0.048322,-0.157605,0.185364,0.375281,0.069943,0.036864,-0.068336,0.315326,-0.385416,-0.867192,-0.391769,-0.885176,0.250954,-0.864341,0.260607,-0.430114,-0.002967,-0.003826,-0.011523,0.444661,-1.026603,-0.380268,-0.688942
33,0.063119,0.030427,0.347973,0.340703,-0.391328,-0.854885,-0.348747,-0.896998,0.271556,-0.873528,0.2061,-0.44102,-0.006908,-0.009967,-0.024993,4.736189,-2.576887,1.702203,-0.692248,-0.118407,0.048865,0.303359,0.109177,0.012223,0.993943,-0.051001,0.998644,-0.006563,-0.992781,-0.050008,0.108391,0.027276,-0.007237,0.024854,-0.06474,-0.030948,0.080268,0.413205,0.030238,0.041506,-0.032174,0.009718,-0.109526,0.993936,0.132437,-0.985085,-0.109846,0.991143,0.132702,0.004932,0.012719,0.002124,0.008861,-0.032783,-0.043501,0.052292,0.375281,0.069884,0.036767,-0.068566,0.333801,-0.391453,-0.85752,-0.37986,-0.888424,0.257696,-0.862718,0.239719,-0.445255,-0.003361,-0.004794,-0.012326,0.051237,-0.714478,-0.462643,-0.703148
34,0.062781,0.029961,0.346958,0.377085,-0.399256,-0.835731,-0.325163,-0.901954,0.284115,-0.8677,0.165105,-0.468897,-0.008154,-0.012967,-0.027564,4.632,-2.170454,2.142995,-0.723522,-0.117335,0.048822,0.304312,0.110978,0.005431,0.993804,-0.052624,0.998581,0.000535,-0.992499,-0.052381,0.109845,0.024621,0.008528,0.021509,-0.027414,-0.056174,0.085765,0.421653,0.030775,0.041478,-0.031696,0.00726,-0.103132,0.99464,0.134906,-0.985473,-0.103166,0.990831,0.134932,0.006758,0.013245,-0.001626,0.01416,-0.064703,-0.060318,0.056368,0.379689,0.069714,0.036533,-0.069075,0.371308,-0.402729,-0.836624,-0.357139,-0.893666,0.271683,-0.857077,0.197912,-0.475655,-0.004047,-0.006459,-0.013743,0.011749,-0.728033,-0.534479,-0.732214
35,0.062276,0.029496,0.345775,0.409784,-0.402039,-0.818833,-0.306563,-0.906128,0.291416,-0.859644,0.1321,-0.493548,-0.009767,-0.016808,-0.030899,1.374484,-0.884718,0.460573,-0.729953,-0.116515,0.049016,0.305292,0.111443,0.000211,0.993767,-0.053663,0.998509,0.005921,-0.992392,-0.054005,0.110026,0.024055,0.011188,0.02377,-0.028063,-0.042246,0.096813,0.431371,0.031185,0.041576,-0.031205,0.006485,-0.097867,0.995178,0.136529,-0.985792,-0.097834,0.990614,0.136505,0.006968,0.005539,0.004808,0.012028,-0.032246,-0.05112,0.048232,0.388507,0.069463,0.036302,-0.069665,0.405666,-0.405298,-0.819247,-0.33515,-0.89984,0.279213,-0.850357,0.161303,-0.500872,-0.004677,-0.00803,-0.015305,4.539564,-2.085628,2.354032,-0.745767
36,0.061999,0.029217,0.345143,0.420964,-0.404671,-0.811835,-0.298365,-0.906951,0.297305,-0.857135,0.117566,-0.501523,-0.009698,-0.016571,-0.030832,0.427584,-0.393986,0.02073,-0.729272,-0.116257,0.049187,0.305806,0.110941,-0.003726,0.993816,-0.053929,0.998463,0.009879,-0.992433,-0.054703,0.109308,0.010877,0.010679,0.024963,-0.027545,-0.044574,0.09028,0.440125,0.031315,0.041658,-0.030959,0.006857,-0.094001,0.995548,0.137239,-0.986062,-0.094051,0.990513,0.137273,0.006139,0.005457,0.005176,0.01233,-0.032889,-0.053493,0.046275,0.395529,0.069331,0.036164,-0.069972,0.416814,-0.408492,-0.812034,-0.327108,-0.900894,0.285289,-0.848095,0.146711,-0.509127,-0.004974,-0.008773,-0.015974,4.504583,-2.028632,2.654461,-0.747073
37,0.061437,0.028814,0.343969,0.441191,-0.408183,-0.799238,-0.287297,-0.907953,0.305047,-0.850741,0.095537,-0.516856,-0.019537,0.001647,-0.033995,1.376857,-0.869399,0.542456,-0.728294,-0.116011,0.049658,0.306666,0.106356,-0.016408,0.994188,-0.05398,0.998258,0.022365,-0.992926,-0.05604,0.104022,0.011075,0.009438,0.023753,-0.035397,0.067039,0.141961,0.455998,0.031441,0.041903,-0.030514,0.010365,-0.080642,0.996688,0.138688,-0.986993,-0.0813,0.990281,0.139072,0.000954,-0.00188,0.009751,0.008533,-0.005306,0.050737,0.105098,0.416103,0.06905,0.035947,-0.070566,0.433984,-0.413585,-0.800377,-0.319557,-0.901302,0.292464,-0.842341,0.128842,-0.523315,-0.004241,-0.00679,-0.01427,0.015159,-0.613431,-0.458468,-0.747237
38,0.060827,0.028536,0.342951,0.451373,-0.415086,-0.789944,-0.285252,-0.905903,0.312958,-0.846085,0.084582,-0.526321,-0.020239,-0.007003,-0.024014,0.055452,-0.310516,-0.242868,-0.727519,-0.11618,0.050215,0.307288,0.093635,-0.033135,0.995051,-0.053608,0.997791,0.038387,-0.99421,-0.056912,0.090388,-0.002753,0.014398,0.012526,-0.023393,0.471913,0.445932,0.462939,0.03136,0.042187,-0.030193,0.020451,-0.064232,0.997725,0.140044,-0.987911,-0.066471,0.989933,0.141085,-0.011208,-0.007683,0.005619,0.005725,-0.025377,0.737457,0.573511,0.430799,0.068737,0.035807,-0.071088,0.446688,-0.418591,-0.790727,-0.312316,-0.901158,0.300619,-0.838407,0.112674,-0.53327,-0.010221,-0.003783,-0.012227,0.136812,-0.545049,-0.112179,-0.746257
39,0.06053,0.028328,0.342481,0.459847,-0.412942,-0.786171,-0.282654,-0.907328,0.311184,-0.842394,0.079625,-0.532973,-0.022094,-0.01852,-0.016349,-0.173273,-0.51281,-0.23365,-0.72948,-0.116354,0.050457,0.307476,0.093128,-0.045875,0.994592,-0.053082,0.997249,0.051084,-0.994285,-0.057511,0.089174,-0.014887,0.008963,0.009443,-0.124525,-1.43169,2.383079,0.463305,0.031277,0.042311,-0.030096,0.022975,-0.052396,0.998361,0.140891,-0.988489,-0.05512,0.989758,0.141927,-0.015329,-0.001056,0.005497,0.004774,-0.015045,0.299332,0.300274,0.435535,0.068591,0.03571,-0.071324,0.4543,-0.415918,-0.787795,-0.309238,-0.902958,0.29839,-0.835453,0.108058,-0.538833,-0.003596,-0.005125,-0.013007,-0.555155,-0.851681,0.269563,-0.74642
40,0.059998,0.027795,0.341651,0.471069,-0.407618,-0.782296,-0.274383,-0.910554,0.309156,-0.838933,0.069516,-0.539803,-0.006582,-0.008625,-0.024823,1.328931,-0.634248,1.012816,-0.731617,-0.116807,0.050888,0.307642,0.086831,-0.065398,0.99407,-0.05174,0.996159,0.070171,-0.994918,-0.05746,0.081851,-0.015842,0.015866,-0.001672,0.017215,0.30197,0.223178,0.469114,0.031051,0.042526,-0.030008,0.025071,-0.0307,0.999213,0.141921,-0.989295,-0.033956,0.98956,0.142661,-0.020446,-0.007982,0.008229,-0.000574,0.03584,0.250814,0.46329,0.441413,0.068318,0.035437,-0.071738,0.466114,-0.413132,-0.782342,-0.303458,-0.90529,0.297258,-0.831054,0.098852,-0.547336,-0.010601,-0.008307,-0.007607,4.323213,-1.645914,2.909896,-0.748869
41,0.059449,0.027333,0.341056,0.475085,-0.410226,-0.778495,-0.276982,-0.909437,0.310126,-0.83581,0.068797,-0.544716,-0.005767,-0.013753,-0.011746,-0.005612,-0.121071,-0.110756,-0.733024,-0.117274,0.051268,0.307561,0.080055,-0.080006,0.99357,-0.050019,0.995153,0.084279,-0.995565,-0.056359,0.074403,-0.014914,0.011086,-0.00581,0.026736,0.29218,0.468849,0.474876,0.030817,0.042717,-0.030048,0.029869,-0.016513,0.999417,0.141748,-0.989688,-0.020589,0.989452,0.142281,-0.027221,-0.000104,0.000546,0.000479,-0.025852,0.620373,0.491547,0.449741,0.06804,0.035203,-0.072045,0.470517,-0.414614,-0.778914,-0.304165,-0.904839,0.297906,-0.828309,0.096749,-0.551854,-0.009457,-0.005306,-0.004937,-0.00505,-0.133578,-0.194584,-0.750013
42,0.058859,0.027099,0.34075,0.473173,-0.41246,-0.778479,-0.278096,-0.908389,0.312191,-0.836523,0.069278,-0.54356,-0.016159,-0.003915,-0.00421,-0.000892,0.030101,-0.053922,-0.728551,-0.117614,0.051562,0.307278,0.078454,-0.087205,0.993092,-0.048175,0.994628,0.091261,-0.995782,-0.054907,0.07257,-0.014206,0.007371,-0.009017,0.049264,-0.066857,0.184133,0.477093,0.030642,0.042865,-0.030194,0.031893,-0.007832,0.99946,0.140812,-0.98996,-0.012251,0.989522,0.141126,-0.03047,-0.007056,0.003457,-0.004699,0.048732,-0.107466,0.151898,0.456273,0.067755,0.035081,-0.072201,0.468697,-0.416754,-0.778869,-0.305256,-0.903808,0.299913,-0.828939,0.097186,-0.550829,-0.008187,-0.002227,-0.002326,-0.000874,0.032784,-0.052434,-0.749359
43,0.058613,0.027032,0.34068,0.473709,-0.411862,-0.77847,-0.279331,-0.908544,0.310634,-0.835807,0.070807,-0.544463,-0.015539,-0.002417,-0.002935,-0.001269,0.029891,-0.053499,-0.727694,-0.117776,0.051669,0.307108,0.077329,-0.090429,0.992892,-0.047354,0.994377,0.094369,-0.995908,-0.054217,0.071351,-0.001314,0.008665,-0.009538,0.012775,0.326253,0.285669,0.476277,0.030561,0.042914,-0.030277,0.031122,-0.00622,0.999495,0.140215,-0.990064,-0.010527,0.989631,0.140473,-0.029941,-0.005977,-0.003147,-0.001897,-0.009597,0.488299,0.564251,0.456599,0.067627,0.035048,-0.072236,0.469151,-0.416243,-0.77887,-0.306557,-0.903872,0.298392,-0.828202,0.098777,-0.551655,-0.001067,-0.002534,-0.002168,0.003158,0.002279,-0.003202,-0.749033
44,0.058268,0.026896,0.340585,0.476166,-0.408985,-0.778488,-0.27554,-0.910082,0.309516,-0.835673,0.067626,-0.545073,-0.01478,-0.000584,-0.001371,0.033961,0.016272,-0.029506,-0.731537,-0.118041,0.051814,0.306792,0.077086,-0.094675,0.992515,-0.04594,0.994043,0.098504,-0.995993,-0.053086,0.071016,-0.013928,0.005911,-0.010279,0.043177,0.009771,0.24555,0.472889,0.030434,0.042985,-0.030436,0.032222,-0.000808,0.99948,0.139358,-0.990227,-0.005294,0.989717,0.139456,-0.031795,-0.000524,0.003638,-0.005364,0.02365,0.178966,0.131842,0.454476,0.067456,0.034985,-0.072279,0.471592,-0.413538,-0.778836,-0.302917,-0.905443,0.297344,-0.828155,0.095698,-0.552268,-0.007268,-6e-06,-0.000435,0.39081,-0.125247,0.219577,-0.74936
45,0.058108,0.026846,0.340547,0.478996,-0.405641,-0.778501,-0.271441,-0.911817,0.308026,-0.8354,0.064273,-0.545895,-0.000656,-0.001546,-0.001332,0.010455,-0.004137,0.007331,-0.732486,-0.118215,0.051948,0.306493,0.07635,-0.098402,0.992209,-0.044726,0.993734,0.102111,-0.996104,-0.052065,0.07021,-0.001291,0.008559,-0.009626,0.048389,-0.066243,0.189545,0.472934,0.030343,0.043049,-0.030588,0.032909,0.0033,0.999452,0.138577,-0.99035,-0.001293,0.989804,0.138544,-0.033049,-0.000735,0.004788,-0.004368,0.032088,0.023969,0.044932,0.453007,0.067371,0.03496,-0.072299,0.474545,-0.410236,-0.778789,-0.298729,-0.907303,0.295906,-0.82799,0.092226,-0.553106,-0.006856,0.000977,0.000411,0.034256,0.001468,-0.005002,-0.750176
46,0.058065,0.026812,0.340543,0.48011,-0.40782,-0.776674,-0.272669,-0.910892,0.309675,-0.834361,0.063598,-0.547562,-0.00043,-0.001013,-0.000873,-0.000866,-0.016467,-0.010423,-0.73475,-0.118269,0.052046,0.306378,0.074696,-0.101062,0.992068,-0.044211,0.993492,0.104651,-0.99625,-0.051565,0.068481,0.000276,-0.001489,-0.001292,-0.011824,0.148493,0.119082,0.472994,0.030316,0.043098,-0.030651,0.033841,0.005814,0.999409,0.138252,-0.990396,0.00108,0.989818,0.138134,-0.03432,-0.000805,0.005166,-0.004041,0.023332,0.197781,0.184108,0.453007,0.06735,0.034943,-0.0723,0.475774,-0.412634,-0.77677,-0.300009,-0.906299,0.297685,-0.826821,0.091407,-0.554988,-0.001053,-0.006057,0.003613,-0.035072,0.032169,-0.009541,-0.750176
47,0.057976,0.026808,0.340534,0.478516,-0.409575,-0.776734,-0.273634,-0.910069,0.31124,-0.834959,0.06411,-0.546589,-3.3e-05,-7.9e-05,-6.8e-05,-0.0,-4e-06,-2e-06,-0.735435,-0.118332,0.052209,0.30618,0.071124,-0.106078,0.991806,-0.043393,0.993013,0.109435,-0.996543,-0.050703,0.064765,0.000352,-0.0019,-0.001649,-0.01471,0.180511,0.145008,0.471887,0.030283,0.043183,-0.030747,0.036842,0.010866,0.999261,0.137931,-0.990425,0.005685,0.989756,0.137619,-0.037988,-0.000868,0.005496,-0.003755,0.017119,0.301132,0.267336,0.452191,0.067305,0.034942,-0.072304,0.473943,-0.41418,-0.777066,-0.300905,-0.905527,0.299124,-0.827546,0.092056,-0.553797,1.3e-05,2.9e-05,2.7e-05,-0.000107,0.000902,0.000447,-0.751972
48,0.057958,0.026822,0.340532,0.478735,-0.412737,-0.774924,-0.275344,-0.908672,0.313802,-0.83427,0.06365,-0.547694,0.000106,0.000249,0.000215,-0.000689,-0.011894,-0.007529,-0.736109,-0.118375,0.052299,0.30607,0.064926,-0.108053,0.992018,-0.043293,0.992834,0.111091,-0.996963,-0.050039,0.058523,0.000169,-0.000913,-0.000792,-0.004693,0.057285,0.046058,0.467385,0.030262,0.043227,-0.030804,0.043389,0.014152,0.998958,0.138087,-0.990387,0.008033,0.989469,0.137595,-0.044926,0.000101,-0.000529,-0.000457,-0.006158,0.033297,0.027396,0.449251,0.067297,0.03495,-0.072304,0.474231,-0.417525,-0.775097,-0.302673,-0.904048,0.301802,-0.826736,0.091477,-0.555101,8.1e-05,0.000191,0.000166,-0.001289,0.01413,0.006992,-0.752135
49,0.057964,0.026873,0.340548,0.479256,-0.415566,-0.773087,-0.27686,-0.907422,0.316077,-0.833469,0.063066,-0.548979,0.000515,0.001213,0.001045,0.000161,0.097773,-0.173507,-0.737321,-0.118378,0.052378,0.306009,0.062862,-0.110244,0.99191,-0.043062,0.992609,0.113166,-0.997102,-0.049704,0.056391,4.9e-05,-0.000264,-0.00023,-0.00021,0.002549,0.00205,0.457118,0.030261,0.043266,-0.030834,0.045068,0.016354,0.998849,0.1381,-0.990367,0.009984,0.989392,0.137492,-0.046893,3.3e-05,-0.000163,-0.000142,-0.000257,-0.015129,-0.012055,0.440433,0.067299,0.034974,-0.072297,0.474741,-0.420297,-0.773285,-0.304132,-0.902825,0.30399,-0.825908,0.090864,-0.556434,3.5e-05,8.3e-05,7.2e-05,-0.00106,0.01589,0.008187,-0.752299
50,0.057969,0.026906,0.340524,0.479018,-0.41586,-0.773076,-0.276936,-0.907289,0.316392,-0.833581,0.063047,-0.548812,9e-06,2.1e-05,1.8e-05,-9e-06,-0.000148,-9.4e-05,-0.736913,-0.118368,0.052382,0.305999,0.062965,-0.110373,0.991889,-0.043013,0.992596,0.113298,-0.997098,-0.049674,0.056491,5.7e-05,-0.000309,-0.000269,-4e-06,4.4e-05,3.5e-05,0.448393,0.030266,0.043268,-0.030839,0.044824,0.016337,0.998861,0.138057,-0.990373,0.010002,0.989409,0.137451,-0.046648,3.4e-05,-0.000173,-0.00015,0.000382,-0.002817,-0.002281,0.433575,0.067303,0.034994,-0.072306,0.474261,-0.420546,-0.773444,-0.304205,-0.902698,0.304293,-0.826156,0.090971,-0.556047,-3e-06,-8e-06,-8e-06,-2.5e-05,0.004903,0.002812,-0.752462
51,0.057976,0.026977,0.340452,0.478342,-0.416682,-0.773053,-0.277175,-0.906914,0.317258,-0.833889,0.063025,-0.548346,0.001276,0.01016,-0.008898,0.033968,0.084736,-0.154078,-0.735522,-0.118356,0.052368,0.305998,0.06383,-0.111362,0.991723,-0.042853,0.992486,0.114321,-0.997051,-0.049671,0.057319,7e-06,-3.7e-05,-3.2e-05,-0.0,0.0,0.0,0.42962,0.030272,0.043261,-0.03084,0.043843,0.017226,0.998889,0.137994,-0.990371,0.011022,0.989461,0.137358,-0.045798,1e-06,-1e-06,-0.0,0.000317,-5.2e-05,-4.6e-05,0.412184,0.067307,0.035027,-0.072338,0.473621,-0.421222,-0.773469,-0.304394,-0.902383,0.305036,-0.826454,0.090967,-0.555605,-0.000262,-0.000623,-0.000537,3.4e-05,8e-05,7.9e-05,-0.752299
52,0.057981,0.02702,0.34041,0.477411,-0.417739,-0.773058,-0.277627,-0.906417,0.318283,-0.834271,0.063183,-0.547746,-1.8e-05,-4.2e-05,-3.6e-05,-0.0,-0.0,-0.0,-0.734749,-0.118372,0.052406,0.305994,0.06513,-0.112855,0.99147,-0.042491,0.992323,0.115859,-0.996984,-0.049548,0.058575,-0.000209,0.00113,0.000981,-0.0,0.0,0.0,0.407665,0.030264,0.043278,-0.030843,0.042404,0.018606,0.998927,0.137793,-0.99038,0.012598,0.989552,0.137111,-0.04456,-0.000122,0.000665,0.000579,0.002849,-0.017899,0.022489,0.387854,0.067309,0.03505,-0.072364,0.472574,-0.422351,-0.773494,-0.304873,-0.901839,0.306166,-0.826877,0.091131,-0.554949,-5e-06,-1.7e-05,-1.5e-05,0.000739,0.106451,-0.168,-0.752299
53,0.057978,0.027024,0.340387,0.481024,-0.417049,-0.771188,-0.273414,-0.907112,0.319945,-0.833591,0.057465,-0.54941,-0.00026,-0.000613,-0.000528,-0.005363,-0.083565,-0.052972,-0.734466,-0.118366,0.052426,0.305984,0.068342,-0.112058,0.991344,-0.042141,0.992415,0.1152,-0.996788,-0.049523,0.061842,-3e-06,1.7e-05,1.4e-05,0.052828,-0.51429,-0.159957,0.399888,0.030267,0.043291,-0.030846,0.040607,0.018944,0.998995,0.137569,-0.990404,0.013189,0.989659,0.136895,-0.042824,-1e-06,1e-06,2e-06,0.050803,-0.71014,-0.316568,0.374627,0.067308,0.035053,-0.072375,0.476302,-0.421843,-0.771482,-0.300691,-0.902645,0.307921,-0.826269,0.085314,-0.556776,-0.000166,-0.000393,-0.000338,-0.006799,-0.090887,-0.058485,-0.752299
54,0.057969,0.026977,0.340347,0.483762,-0.417318,-0.769328,-0.275159,-0.906958,0.318883,-0.831432,0.057936,-0.552623,-0.000437,-0.00103,-0.000888,-0.032387,-0.499363,-0.316547,-0.736334,-0.118326,0.052485,0.305966,0.069617,-0.113579,0.991083,-0.041722,0.99225,0.116759,-0.996719,-0.04935,0.063079,-1e-06,3e-06,2e-06,0.018107,-0.123363,0.154928,0.396179,0.030287,0.043321,-0.030855,0.037936,0.018805,0.999102,0.137122,-0.990462,0.013436,0.989827,0.136489,-0.040153,3e-06,-7e-06,-7e-06,0.00013,0.003489,0.002775,0.360911,0.067303,0.035029,-0.072395,0.477335,-0.420505,-0.771574,-0.301536,-0.903133,0.305658,-0.825364,0.086756,-0.557895,-0.00027,-0.00064,-0.000553,0.000158,0.001962,0.000813,-0.752299
55,0.057872,0.026975,0.340287,0.483574,-0.417582,-0.769303,-0.275225,-0.906839,0.319166,-0.831519,0.057904,-0.552495,-0.013524,0.0024,0.00119,-0.00099,0.014624,-0.029611,-0.736593,-0.118306,0.052544,0.305937,0.07018,-0.114278,0.990962,-0.041434,0.992179,0.117469,-0.996692,-0.049175,0.063638,-0.0,0.0,0.0,0.0,-0.0,-0.0,0.388332,0.030297,0.04335,-0.03087,0.037227,0.01959,0.999114,0.136904,-0.99048,0.014319,0.989883,0.13625,-0.039555,1e-06,-4e-06,-3e-06,4.3e-05,6.8e-05,5e-05,0.354053,0.067259,0.035027,-0.072426,0.478747,-0.422408,-0.769657,-0.302494,-0.902334,0.307066,-0.824195,0.085809,-0.559766,-0.000372,-0.000876,-0.000753,-1.3e-05,0.004194,0.002398,-0.752135
