frame,MLTx,MLTy,MLTz,MLTR1,MLTR2,MLTR3,MLTR4,MLTR5,MLTR6,MLTR7,MLTR8,MLTR9,MLTTVx,MLTTVy,MLTTVz,MLTRVx,MLTRVy,MLTRVz,MLGA,MRTx,MRTy,MRTz,MRTR1,MRTR2,MRTR3,MRTR4,MRTR5,MRTR6,MRTR7,MRTR8,MRTR9,MRTTVx,MRTTVy,MRTTVz,MRTRVx,MRTRVy,MRTRVz,MRGA,SLTx,SLTy,SLTz,SLTR1,SLTR2,SLTR3,SLTR4,SLTR5,SLTR6,SLTR7,SLTR8,SLTR9,SLTTVx,SLTTVy,SLTTVz,SLTRVx,SLTRVy,SLTRVz,SLGA,SRTx,SRTy,SRTz,SRTR1,SRTR2,SRTR3,SRTR4,SRTR5,SRTR6,SRTR7,SRTR8,SRTR9,SRTTVx,SRTTVy,SRTTVz,SRTRVx,SRTRVy,SRTRVz,SRGA
1,0.157889,0.02608,0.428038,-0.469913,0.782256,-0.409027,-0.759853,-0.594226,-0.263613,-0.44869,0.185948,0.874144,-0.000108,-0.00122,-0.000497,0.0,0.0,0.0,0.389072,-0.194624,0.057311,0.386189,0.326736,0.801017,0.501605,-0.907656,0.413853,-0.069427,-0.263592,-0.433608,0.861607,0.00068,-0.007383,0.010148,-0.036353,0.012006,-0.017481,0.2911,-0.007942,0.046098,0.009072,-0.182813,-0.874908,0.448458,0.932063,-0.299356,-0.204068,0.312789,0.380685,0.870195,0.000361,-0.003227,0.005289,-0.034913,-0.001302,0.008136,0.213786,0.117224,0.034642,-0.028722,-0.394302,0.826829,-0.401096,-0.80338,-0.522059,-0.286414,-0.446212,0.209299,0.870107,-7.5e-05,-0.00083,-0.000336,-0.0011,0.010289,-0.026878,0.334237
2,0.157889,0.026065,0.428042,-0.469947,0.782238,-0.409022,-0.759849,-0.594248,-0.263575,-0.448661,0.185952,0.874158,-3e-05,-0.000338,-0.000138,0.0,0.0,0.0,0.389583,-0.194699,0.057223,0.386348,0.325481,0.802688,0.499745,-0.908129,0.412554,-0.070953,-0.263513,-0.431749,0.862564,-0.010695,-0.007464,0.010924,-0.025835,0.002079,-0.061557,0.287981,-0.007979,0.04605,0.009154,-0.181556,-0.876397,0.446054,0.932212,-0.297795,-0.205666,0.313078,0.378477,0.871055,0.00033,-0.003761,0.005048,-0.034721,-0.00334,0.004568,0.212806,0.117223,0.034632,-0.028721,-0.394336,0.826814,-0.401093,-0.803379,-0.522082,-0.286376,-0.446184,0.209301,0.870122,-2.3e-05,-0.000237,-9.6e-05,-1.3e-05,-1.7e-05,9e-06,0.3344
3,0.157862,0.026045,0.428066,-0.470056,0.782183,-0.409002,-0.759834,-0.594319,-0.263457,-0.448572,0.185957,0.874203,0.000213,-0.007874,0.010719,-0.03472,0.000205,0.007431,0.388725,-0.19468,0.056955,0.386652,0.323648,0.805891,0.495765,-0.908876,0.410437,-0.073617,-0.263193,-0.427777,0.864638,0.000545,-0.009752,0.009095,0.010257,-0.081486,-0.072507,0.271747,-0.007974,0.045916,0.009306,-0.179872,-0.878945,0.441702,0.932434,-0.295397,-0.208103,0.313388,0.374426,0.872692,0.000266,-0.004886,0.004543,0.024561,-0.183025,0.096856,0.199253,0.11721,0.034618,-0.028711,-0.39445,0.826769,-0.401075,-0.803373,-0.522155,-0.28626,-0.446095,0.209297,0.870168,0.000107,-0.003917,0.005368,-0.034738,0.000192,0.007432,0.334237
4,0.157828,0.02602,0.42811,-0.470068,0.782186,-0.408983,-0.759892,-0.594296,-0.263342,-0.448462,0.186017,0.874247,1.5e-05,0.000167,6.8e-05,0.0,0.0,0.0,0.388916,-0.19462,0.056598,0.386953,0.320737,0.812129,0.487407,-0.909853,0.407168,-0.079471,-0.263379,-0.419002,0.868868,0.000487,-0.010783,0.008641,0.096253,-0.254454,-0.173877,0.270461,-0.007944,0.045736,0.009457,-0.17743,-0.883732,0.433053,0.932423,-0.291717,-0.213277,0.314809,0.365947,0.875772,0.000233,-0.00547,0.004283,0.154253,-0.368201,-0.235876,0.189293,0.117193,0.034609,-0.028688,-0.394462,0.826772,-0.401056,-0.80343,-0.52213,-0.286145,-0.445981,0.209347,0.870214,7e-06,8.5e-05,3.5e-05,3e-06,2.7e-05,2.2e-05,0.334074
5,0.157819,0.026006,0.428125,-0.470119,0.78216,-0.408973,-0.759892,-0.594326,-0.263273,-0.448408,0.186028,0.874272,0.0,2e-06,1e-06,0.0,0.0,0.0,0.388943,-0.194614,0.056412,0.387082,0.31954,0.81517,0.483098,-0.910239,0.405736,-0.082326,-0.2635,-0.414454,0.87101,-0.010944,-0.011636,0.009074,0.209725,-0.471388,-0.339017,0.270314,-0.007936,0.045644,0.009521,-0.176748,-0.88546,0.429791,0.932413,-0.290479,-0.215001,0.315221,0.362742,0.876956,-4.9e-05,-0.000766,-0.000343,-0.00056,-0.073367,0.182583,0.188476,0.117188,0.034603,-0.02868,-0.394515,0.826751,-0.401047,-0.803434,-0.522161,-0.286077,-0.445926,0.209354,0.870241,-1e-06,-6e-06,0.0,3e-06,-7e-06,8e-06,0.334073
6,0.157792,0.025964,0.428162,-0.470277,0.78208,-0.408945,-0.759878,-0.594426,-0.263088,-0.448265,0.186047,0.874341,-1.1e-05,-0.000121,-4.9e-05,0.0,0.0,0.0,0.390882,-0.194642,0.056105,0.387342,0.317675,0.819691,0.476634,-0.910884,0.403425,-0.086447,-0.263523,-0.407729,0.874171,1.8e-05,0.000315,0.000141,0.246668,-0.495862,-0.290022,0.268504,-0.007955,0.045483,0.009653,-0.175135,-0.889099,0.422882,0.932374,-0.287738,-0.218824,0.316236,0.355961,0.879366,0.000251,-0.005188,0.004418,-0.044032,0.025264,-0.013041,0.185537,0.117175,0.034581,-0.028662,-0.394679,0.826685,-0.401023,-0.803432,-0.522264,-0.285893,-0.445784,0.209359,0.870312,-7e-06,-7.3e-05,-2.8e-05,-8e-06,5e-06,7e-06,0.334727
7,0.157758,0.02596,0.428182,-0.470374,0.782032,-0.408925,-0.759857,-0.594492,-0.262999,-0.448198,0.18604,0.874377,1.5e-05,0.000167,6.8e-05,0.0,0.0,0.0,0.391253,-0.194721,0.055905,0.387583,0.316471,0.821273,0.474708,-0.911411,0.40198,-0.087603,-0.263146,-0.405965,0.875105,0.000609,-0.008654,0.009611,-0.02688,-0.017498,-0.001407,0.268521,-0.007995,0.045384,0.009769,-0.173471,-0.891529,0.418428,0.932486,-0.285368,-0.221434,0.316821,0.351766,0.880842,-0.005429,-0.00492,0.004947,-0.057054,0.13449,-0.216317,0.184067,0.117158,0.034579,-0.028651,-0.394781,0.826644,-0.401006,-0.803419,-0.522333,-0.285805,-0.445719,0.209345,0.870349,1e-05,0.000124,5.2e-05,-1e-06,5e-06,9e-06,0.336033
8,0.15775,0.025969,0.428186,-0.470377,0.782031,-0.408923,-0.759857,-0.594493,-0.262999,-0.448197,0.186037,0.874378,1e-06,7e-06,3e-06,0.0,0.0,0.0,0.394541,-0.194796,0.055761,0.387757,0.315734,0.821383,0.475008,-0.911801,0.401149,-0.087358,-0.262678,-0.406566,0.874967,0.000523,-0.010137,0.008951,-0.036358,0.011908,-0.017535,0.268648,-0.008032,0.045312,0.009861,-0.17276,-0.891421,0.418953,0.932842,-0.284611,-0.220908,0.316161,0.352654,0.880724,0.000256,-0.005093,0.004466,-0.036685,0.01272,-0.0168,0.183741,0.117154,0.034584,-0.028649,-0.394784,0.826644,-0.401004,-0.803418,-0.522335,-0.285805,-0.445718,0.209343,0.87035,-0.0,-8e-06,-2e-06,6e-06,1.8e-05,2e-05,0.338319
9,0.157759,0.025968,0.428186,-0.470356,0.782042,-0.408926,-0.759867,-0.594476,-0.263008,-0.448203,0.186045,0.874374,0.0,0.0,0.0,0.0,0.0,0.0,0.395757,-0.194818,0.055689,0.387828,0.315266,0.821456,0.475194,-0.912017,0.400669,-0.087309,-0.262491,-0.406894,0.874871,7e-06,0.000128,5.7e-05,0.0,-0.0,-0.0,0.270166,-0.008042,0.045277,0.009897,-0.172275,-0.891451,0.419089,0.93301,-0.284122,-0.220828,0.31593,0.352971,0.88068,-2e-06,1.8e-05,9e-06,4.9e-05,5.3e-05,0.00029,0.184394,0.117158,0.034584,-0.02865,-0.394761,0.826653,-0.401007,-0.803426,-0.522316,-0.285814,-0.445722,0.209351,0.870346,1e-06,-8e-06,-3e-06,8e-06,1.7e-05,1.6e-05,0.340442
10,0.157758,0.025967,0.428175,-0.470489,0.781966,-0.408918,-0.759789,-0.594593,-0.262967,-0.448193,0.185992,0.87439,-7e-06,-7.4e-05,-3e-05,0.0,0.0,0.0,0.396838,-0.194812,0.055528,0.387938,0.31414,0.821631,0.475636,-0.912494,0.399576,-0.087333,-0.262181,-0.407615,0.874628,-7e-06,-0.000121,-5.4e-05,-0.012075,0.095264,-0.174154,0.270057,-0.00804,0.045195,0.009951,-0.171247,-0.891522,0.41936,0.933337,-0.283113,-0.220742,0.315522,0.353603,0.880573,-7e-06,-8.1e-05,-3.7e-05,6e-05,-4.2e-05,0.000161,0.185863,0.117158,0.034583,-0.028655,-0.3949,0.826589,-0.401002,-0.80336,-0.52244,-0.285774,-0.445718,0.209297,0.870361,-1e-06,-4.3e-05,-1.8e-05,1.1e-05,6e-06,1.2e-05,0.343381
11,0.157759,0.025984,0.428181,-0.475074,0.779188,-0.408921,-0.756274,-0.59905,-0.262985,-0.449295,0.183345,0.874383,0.000126,0.001408,0.000574,0.0,0.0,-0.0,0.398826,-0.194808,0.055447,0.388013,0.31345,0.821738,0.475906,-0.912785,0.398907,-0.087349,-0.261992,-0.408056,0.874479,7.9e-05,0.001363,0.00061,0.0,-0.0,-0.0,0.268223,-0.008038,0.04515,0.009987,-0.170365,-0.891585,0.419585,0.933581,-0.282285,-0.220772,0.31528,0.354105,0.880458,-3e-06,1e-06,-0.0,4.2e-05,-4.6e-05,9.1e-05,0.184394,0.117158,0.034587,-0.028653,-0.39974,0.824198,-0.401128,-0.800223,-0.527213,-0.285812,-0.447046,0.206741,0.870291,3e-06,1.5e-05,6e-06,-0.000175,5e-05,0.000141,0.345014
12,0.157759,0.025984,0.428181,-0.475074,0.779188,-0.408921,-0.756274,-0.59905,-0.262985,-0.449295,0.183345,0.874383,2e-06,2.4e-05,1e-05,0.0,0.0,-0.0,0.399624,-0.194806,0.055415,0.388039,0.313255,0.821768,0.475984,-0.912874,0.398708,-0.087332,-0.261918,-0.408191,0.874438,0.000489,-0.010728,0.008694,-0.036361,0.011892,-0.017544,0.269442,-0.008037,0.045142,0.009998,-0.170197,-0.891596,0.419628,0.933634,-0.28212,-0.220757,0.315212,0.354208,0.880441,-1e-06,6e-06,3e-06,2.8e-05,-1.9e-05,8.1e-05,0.184231,0.117158,0.034592,-0.028652,-0.399718,0.824209,-0.401128,-0.800233,-0.527194,-0.285821,-0.447048,0.206748,0.870288,1e-06,2e-06,-1e-06,-7.5e-05,-3.4e-05,0.000121,0.34632
13,0.157759,0.025991,0.428174,-0.475059,0.779195,-0.408924,-0.756269,-0.599044,-0.263014,-0.449319,0.183336,0.874373,0.0,0.0,0.0,0.0,0.0,0.0,0.401046,-0.194797,0.05535,0.38807,0.312738,0.821849,0.476184,-0.913076,0.39823,-0.087396,-0.261828,-0.408495,0.874323,-8e-06,-0.000145,-6.5e-05,0.0,-0.0,-0.0,0.267981,-0.008032,0.045106,0.010017,-0.169643,-0.891635,0.41977,0.933788,-0.281599,-0.220773,0.315056,0.354524,0.88037,-5e-06,-6.8e-05,-2.9e-05,1.9e-05,-2.8e-05,5.6e-05,0.184231,0.117158,0.034595,-0.028655,-0.399698,0.824218,-0.401131,-0.80023,-0.527182,-0.285849,-0.447071,0.206744,0.870277,4e-06,-8e-06,-5e-06,-7e-06,1e-05,9.7e-05,0.34877
14,0.157759,0.025991,0.428174,-0.475059,0.779195,-0.408924,-0.756269,-0.599044,-0.263014,-0.449319,0.183336,0.874373,0.0,0.0,0.0,0.0,0.0,0.0,0.401622,-0.194794,0.055246,0.388125,0.312396,0.821898,0.476323,-0.913251,0.397851,-0.087299,-0.261627,-0.408766,0.874257,-1.4e-05,-0.000236,-0.000106,0.0,-0.0,-0.0,0.265461,-0.008031,0.045053,0.010044,-0.169286,-0.891657,0.419868,0.933931,-0.281215,-0.220655,0.314822,0.354774,0.880353,-9e-06,-0.000129,-5.8e-05,1.8e-05,-1.5e-05,3.4e-05,0.182761,0.117158,0.034595,-0.028655,-0.399696,0.824218,-0.401131,-0.800231,-0.527181,-0.285849,-0.447071,0.206745,0.870277,6e-06,-6e-06,-5e-06,-2e-06,4e-05,8.8e-05,0.350076
15,0.157758,0.025983,0.428171,-0.479683,0.776358,-0.408922,-0.752699,-0.603527,-0.263005,-0.450393,0.180666,0.874376,-7.6e-05,-0.000848,-0.000346,0.018305,0.011773,-0.039141,0.401109,-0.194796,0.055101,0.388253,0.312119,0.821929,0.47645,-0.913465,0.397431,-0.086966,-0.261206,-0.409112,0.87422,6e-06,0.000101,4.5e-05,0.0,-0.0,-0.0,0.260129,-0.008031,0.044981,0.010108,-0.168997,-0.891667,0.419962,0.934137,-0.280807,-0.220305,0.314367,0.355071,0.880395,1e-06,5.8e-05,2.6e-05,1.7e-05,-1.8e-05,2e-05,0.177699,0.117158,0.034593,-0.028656,-0.404521,0.821799,-0.401257,-0.797072,-0.531932,-0.285874,-0.448373,0.204189,0.870211,-4.3e-05,-0.000574,-0.000235,0.061082,0.03983,-0.131787,0.350239
16,0.157759,0.025991,0.428174,-0.479665,0.776369,-0.408924,-0.752708,-0.603511,-0.263014,-0.450397,0.180672,0.874373,5.4e-05,0.0006,0.000245,0.0,0.0,-0.0,0.401519,-0.194781,0.055004,0.388351,0.311981,0.821941,0.47652,-0.913603,0.397174,-0.086695,-0.26089,-0.409338,0.874209,0.000541,-0.00984,0.009101,-0.036363,0.011864,-0.017559,0.258274,-0.008025,0.044935,0.010153,-0.168867,-0.891669,0.420011,0.934266,-0.280583,-0.220044,0.314054,0.355244,0.880437,3.1e-05,0.000593,0.000267,9e-06,-9e-06,1.9e-05,0.174923,0.117158,0.034593,-0.028656,-0.40454,0.821791,-0.401256,-0.797058,-0.531951,-0.285878,-0.448381,0.204175,0.87021,4e-05,0.000406,0.000164,-0.000179,7e-06,0.000182,0.350403
17,0.157759,0.025991,0.428174,-0.479665,0.776369,-0.408924,-0.752708,-0.603511,-0.263014,-0.450397,0.180672,0.874373,0.0,0.0,0.0,0.0,0.0,0.0,0.402864,-0.194759,0.054754,0.388583,0.311575,0.821982,0.476716,-0.913958,0.396493,-0.086065,-0.260128,-0.409918,0.874165,0.000526,-0.010109,0.008986,-0.036364,0.011845,-0.017569,0.256087,-0.008013,0.044811,0.01027,-0.168441,-0.89168,0.420159,0.934617,-0.279927,-0.219387,0.313237,0.355734,0.880531,0.000263,-0.004979,0.004527,-0.036365,0.011856,-0.017551,0.171004,0.117158,0.034595,-0.028656,-0.404535,0.821794,-0.401255,-0.797062,-0.531945,-0.285877,-0.448378,0.204178,0.870211,1e-06,-3e-06,-2e-06,-5.7e-05,-3.1e-05,0.000143,0.351056
18,0.157758,0.025983,0.428171,-0.479683,0.776358,-0.408922,-0.752699,-0.603527,-0.263005,-0.450393,0.180666,0.874376,-0.0,-5e-06,-2e-06,0.0,0.0,0.0,0.404821,-0.194744,0.054472,0.388842,0.310455,0.823536,0.474759,-0.91449,0.395054,-0.08703,-0.259596,-0.408181,0.875135,0.000555,-0.009612,0.009215,-0.034299,0.007581,-0.020028,0.253191,-0.008006,0.044669,0.010399,-0.167363,-0.893007,0.417764,0.93487,-0.278302,-0.220372,0.313059,0.353674,0.881423,0.000283,-0.004646,0.00468,-0.044104,0.026671,-0.010617,0.167738,0.117158,0.03459,-0.028657,-0.404549,0.821787,-0.401254,-0.797057,-0.531956,-0.285868,-0.448373,0.204174,0.870214,2e-06,3e-06,1e-06,-3.6e-05,-2.5e-05,9.2e-05,0.353342
19,0.157758,0.02599,0.428163,-0.479669,0.776365,-0.408926,-0.752694,-0.603521,-0.263035,-0.450417,0.180656,0.874366,-0.0,-0.0,-0.0,0.0,0.0,0.0,0.405114,-0.194736,0.054335,0.388983,0.310366,0.823536,0.474819,-0.914652,0.394774,-0.0866,-0.259132,-0.408453,0.875146,0.000553,-0.00965,0.009202,-0.036336,0.011752,-0.017622,0.251238,-0.008001,0.044598,0.010473,-0.167276,-0.892923,0.417977,0.935073,-0.278065,-0.219811,0.312499,0.35407,0.881463,0.000273,-0.004803,0.004611,-0.037837,0.014716,-0.0161,0.165779,0.117158,0.034594,-0.028661,-0.404532,0.821794,-0.401257,-0.797052,-0.531948,-0.285898,-0.448397,0.204168,0.870203,2e-06,3e-06,2e-06,-2.3e-05,-2.9e-05,6.7e-05,0.354158
20,0.15775,0.02599,0.428163,-0.479691,0.776354,-0.408922,-0.752683,-0.603538,-0.263025,-0.450411,0.180648,0.874371,-0.0,-0.0,-0.0,0.0,0.0,0.0,0.405439,-0.194723,0.054126,0.389306,0.313817,0.821393,0.476259,-0.912333,0.399777,-0.088091,-0.263127,-0.407897,0.874212,0.00021,0.003645,0.001629,0.0,-0.0,-0.0,0.241617,-0.007995,0.04449,0.010633,-0.170756,-0.891313,0.420002,0.933132,-0.283163,-0.221545,0.316395,0.354088,0.880065,0.000368,-0.003154,0.005351,-0.034903,-0.001999,0.007761,0.157451,0.117154,0.034594,-0.028661,-0.404555,0.821785,-0.401253,-0.797044,-0.531966,-0.285888,-0.448392,0.204159,0.870208,-0.0,2e-06,1e-06,-3.1e-05,-6e-06,6.7e-05,0.354975
21,0.157758,0.02599,0.428163,-0.479669,0.776365,-0.408926,-0.752694,-0.603521,-0.263035,-0.450417,0.180656,0.874366,-0.0,-0.0,-0.0,0.0,0.0,0.0,0.40555,-0.19468,0.053933,0.389675,0.315532,0.820437,0.476775,-0.90978,0.404348,-0.093466,-0.26984,-0.405302,0.873372,0.000728,-0.006645,0.010556,-0.035278,0.009557,-0.018889,0.2195,-0.007973,0.044396,0.010819,-0.172448,-0.890672,0.420671,0.930455,-0.287458,-0.2272,0.323286,0.352236,0.878302,0.000361,-0.003253,0.005308,-0.04734,0.021026,-0.010207,0.134917,0.117158,0.034594,-0.028661,-0.404532,0.821794,-0.401257,-0.797053,-0.531948,-0.285898,-0.448397,0.204168,0.870203,0.0,1e-06,2e-06,-2.1e-05,-4e-06,6.7e-05,0.355628
22,0.157749,0.025982,0.42816,-0.479709,0.776343,-0.40892,-0.752674,-0.603553,-0.263016,-0.450406,0.180643,0.874374,-1.3e-05,-0.000142,-5.8e-05,0.0,0.0,0.0,0.406479,-0.194636,0.053732,0.39005,0.315611,0.820387,0.476807,-0.910075,0.403938,-0.092367,-0.268752,-0.405812,0.873472,0.000711,-0.006937,0.010431,-0.036371,0.01174,-0.017626,0.215177,-0.007952,0.0443,0.011004,-0.172583,-0.890574,0.420823,0.930838,-0.287171,-0.225988,0.322108,0.352717,0.878542,0.000366,-0.003189,0.00534,-0.03485,-0.001636,0.007847,0.118588,0.117153,0.03459,-0.028662,-0.404574,0.821776,-0.401252,-0.797036,-0.531982,-0.285879,-0.448388,0.204154,0.870211,-7e-06,-8.3e-05,-3.5e-05,-1.4e-05,4e-06,6.8e-05,0.356118
23,0.157749,0.025982,0.42816,-0.479709,0.776343,-0.40892,-0.752674,-0.603553,-0.263016,-0.450406,0.180643,0.874374,-0.0,-2e-06,-1e-06,0.0,0.0,0.0,0.407412,-0.194632,0.05362,0.390234,0.320289,0.818519,0.4769,-0.907884,0.408943,-0.091902,-0.270629,-0.404565,0.87347,0.000731,-0.0066,0.010584,-0.034608,-0.001868,0.007714,0.214741,-0.00795,0.044243,0.011095,-0.177376,-0.889264,0.421599,0.929245,-0.292413,-0.225824,0.324098,0.351714,0.878212,0.000323,-0.003916,0.005016,-0.036936,0.010834,-0.017789,0.116792,0.117153,0.03459,-0.028663,-0.404573,0.821776,-0.401252,-0.797037,-0.531981,-0.285879,-0.448388,0.204154,0.870211,-0.0,7e-06,4e-06,-1.8e-05,-9e-06,5.6e-05,0.356771
24,0.157758,0.025982,0.42816,-0.479688,0.776354,-0.408924,-0.752684,-0.603536,-0.263026,-0.450412,0.180651,0.874369,-0.0,-0.0,-0.0,0.0,0.0,0.0,0.409391,-0.194612,0.053372,0.39055,0.324469,0.816701,0.477192,-0.905958,0.413351,-0.091188,-0.272107,-0.403756,0.873385,0.000625,-0.008443,0.00977,-0.036373,0.011706,-0.017644,0.211963,-0.00794,0.044121,0.011254,-0.181691,-0.887969,0.42249,0.927876,-0.297081,-0.22536,0.325627,0.351073,0.877902,6.3e-05,0.001207,0.000536,0.001601,-0.013654,0.025142,0.114016,0.117158,0.03459,-0.028663,-0.404551,0.821785,-0.401256,-0.797045,-0.531963,-0.285889,-0.448393,0.204162,0.870207,-3e-06,4e-06,3e-06,-3.4e-05,-1.6e-05,4.9e-05,0.358894
25,0.15775,0.02599,0.428163,-0.479691,0.776354,-0.408922,-0.752683,-0.603538,-0.263025,-0.450411,0.180648,0.874371,3e-06,3.9e-05,1.6e-05,0.0,0.0,0.0,0.409149,-0.194571,0.053172,0.390794,0.329052,0.814787,0.477324,-0.903809,0.418174,-0.09052,-0.27375,-0.40265,0.873382,0.000114,0.001989,0.000884,0.0,-0.0,0.0,0.199951,-0.007919,0.044019,0.011375,-0.186386,-0.886612,0.423294,0.926331,-0.302147,-0.22498,0.327367,0.350178,0.877613,1.6e-05,0.000369,0.000161,-0.000363,-0.000428,-0.000275,0.105688,0.117154,0.034595,-0.028661,-0.404553,0.821786,-0.401253,-0.797045,-0.531964,-0.285888,-0.448392,0.20416,0.870208,-1e-06,1.8e-05,8e-06,-2.4e-05,-2.9e-05,3.5e-05,0.360037
26,0.157741,0.025991,0.428164,-0.479712,0.776343,-0.408918,-0.752673,-0.603555,-0.263015,-0.450405,0.18064,0.874375,0.0,0.0,0.0,0.0,0.0,0.0,0.409061,-0.194555,0.053116,0.39089,0.329003,0.814788,0.477357,-0.90391,0.418011,-0.090261,-0.273476,-0.402819,0.873391,0.000645,-0.008116,0.009922,-0.036375,0.011679,-0.017658,0.176628,-0.007912,0.043989,0.011422,-0.18633,-0.886612,0.423319,0.926446,-0.301993,-0.224716,0.327075,0.350311,0.877669,4.3e-05,0.000818,0.000362,-0.000128,-5e-06,-0.000227,0.092461,0.117149,0.034595,-0.02866,-0.404576,0.821776,-0.40125,-0.797036,-0.531983,-0.285878,-0.448387,0.204152,0.870213,-1e-06,-4e-06,-0.0,-8e-06,8e-06,5.8e-05,0.3602
27,0.157714,0.025992,0.428166,-0.479777,0.776308,-0.408906,-0.752642,-0.603606,-0.262986,-0.450387,0.180616,0.874389,0.0,0.0,0.0,0.0,0.0,0.0,0.409657,-0.194544,0.053076,0.391045,0.338486,0.810851,0.477431,-0.899067,0.4284,-0.089923,-0.277849,-0.399826,0.873385,0.000677,-0.007567,0.010167,0.756952,-0.150946,1.455756,0.150194,-0.007906,0.04397,0.0115,-0.194613,-0.884237,0.424558,0.923361,-0.311189,-0.224863,0.330951,0.348259,0.877032,8.7e-05,0.000721,0.000369,2.645087,-0.492541,4.824199,0.046903,0.117136,0.034596,-0.02866,-0.404643,0.821747,-0.401241,-0.797011,-0.532036,-0.28585,-0.448371,0.204126,0.870227,1e-06,-2e-06,-1e-06,-1.5e-05,1.5e-05,4.9e-05,0.3602
28,0.157706,0.026001,0.42817,-0.47978,0.776308,-0.408904,-0.752641,-0.603607,-0.262986,-0.450386,0.180613,0.874391,1.8e-05,0.000196,8e-05,0.0,0.0,0.0,0.4092,-0.194534,0.053109,0.391151,0.343273,0.808827,0.477445,-0.896582,0.433619,-0.089717,-0.280004,-0.398291,0.873399,0.000677,-0.007559,0.010171,-0.034603,-0.001857,0.007729,0.145627,-0.007901,0.043984,0.011557,-0.201055,-0.882347,0.425488,0.920888,-0.318338,-0.225002,0.333979,0.346589,0.876546,0.000333,-0.00383,0.00506,-0.035416,-0.003165,0.007283,0.030411,0.117132,0.0346,-0.028658,-0.404646,0.821747,-0.401238,-0.79701,-0.532038,-0.285849,-0.44837,0.204123,0.870228,9e-06,0.0001,4.1e-05,-1.7e-05,-1e-06,3.8e-05,0.360527
29,0.157706,0.026001,0.42817,-0.47978,0.776308,-0.408904,-0.752641,-0.603607,-0.262986,-0.450386,0.180613,0.874391,0.0,3e-06,1e-06,0.0,0.0,0.0,0.409812,-0.194531,0.053133,0.391182,0.343344,0.80881,0.477422,-0.896572,0.433655,-0.089642,-0.27995,-0.398285,0.873419,0.000154,0.002699,0.001196,0.001768,-0.01352,0.025387,0.14095,-0.007899,0.043995,0.011572,-0.201105,-0.882344,0.425469,0.920898,-0.318355,-0.224934,0.333919,0.346578,0.876572,3.1e-05,0.000586,0.000258,-0.000243,-0.000114,-0.000333,0.026002,0.117132,0.0346,-0.028657,-0.404645,0.821748,-0.401238,-0.79701,-0.532037,-0.285849,-0.44837,0.204124,0.870228,-0.0,-6e-06,-2e-06,-1.2e-05,-9e-06,3.1e-05,0.360527
30,0.157698,0.02601,0.428174,-0.479783,0.776307,-0.408902,-0.75264,-0.603609,-0.262985,-0.450384,0.18061,0.874392,0.0,2e-06,1e-06,0.0,0.0,0.0,0.410109,-0.194526,0.053165,0.391247,0.348235,0.806736,0.47739,-0.893987,0.438992,-0.089483,-0.282176,-0.396636,0.873453,0.000139,0.002432,0.001077,0.791493,-0.14836,1.448148,0.121106,-0.007897,0.04401,0.011604,-0.201208,-0.882331,0.425449,0.920923,-0.318394,-0.224779,0.33379,0.346579,0.876622,4e-05,0.00072,0.000317,-9.8e-05,6e-05,-0.00022,0.00706,0.117128,0.034605,-0.028656,-0.404648,0.821747,-0.401236,-0.79701,-0.532038,-0.285848,-0.448368,0.204121,0.870229,-0.0,-9e-06,-3e-06,-6e-06,1.5e-05,3.5e-05,0.360853
31,0.157697,0.026002,0.42817,-0.479802,0.776296,-0.4089,-0.752631,-0.603625,-0.262976,-0.45038,0.180605,0.874395,-0.0,-1e-06,-1e-06,0.0,0.0,0.0,0.409959,-0.194501,0.053205,0.391324,0.348413,0.806692,0.477334,-0.893967,0.439074,-0.089273,-0.282017,-0.396634,0.873505,0.000174,0.003044,0.001346,0.001769,-0.013512,0.025391,0.108865,-0.007884,0.04403,0.011643,-0.206334,-0.880823,0.426116,0.918933,-0.324039,-0.224855,0.336136,0.345177,0.876278,4.6e-05,0.000832,0.000367,-0.000148,-6e-06,-0.000239,-0.014984,0.117127,0.0346,-0.028657,-0.404667,0.821739,-0.401235,-0.797002,-0.532054,-0.28584,-0.448365,0.204115,0.870233,2e-06,2e-06,1e-06,-2e-06,1.5e-05,3e-05,0.36118
32,0.157697,0.026002,0.42817,-0.479802,0.776296,-0.4089,-0.752631,-0.603625,-0.262976,-0.45038,0.180605,0.874395,-0.0,-0.0,-0.0,0.0,0.0,0.0,0.410123,-0.194477,0.053238,0.391408,0.354745,0.804764,0.475923,-0.891602,0.444386,-0.086608,-0.281617,-0.394624,0.874544,0.000118,0.00207,0.000914,0.0,-0.0,0.0,0.106059,-0.007872,0.04405,0.011686,-0.212977,-0.87951,0.42556,0.917444,-0.329826,-0.222509,0.33606,0.343039,0.877147,5.7e-05,0.001046,0.000462,0.000118,0.000128,-0.000382,-0.024618,0.117127,0.0346,-0.028657,-0.404667,0.821739,-0.401235,-0.797002,-0.532054,-0.28584,-0.448365,0.204115,0.870233,1e-06,1e-06,1e-06,-1e-06,7e-06,2.9e-05,0.36118
33,0.157697,0.026002,0.42817,-0.479802,0.776296,-0.4089,-0.752631,-0.603625,-0.262976,-0.45038,0.180605,0.874395,-0.0,-0.0,-0.0,0.0,0.0,0.0,0.410225,-0.194465,0.053222,0.391451,0.354756,0.804758,0.475925,-0.891634,0.444344,-0.086488,-0.281501,-0.394684,0.874554,4.2e-05,0.000731,0.000323,0.0,-0.0,0.0,0.105896,-0.007866,0.044044,0.011708,-0.212982,-0.879506,0.425565,0.917486,-0.329787,-0.222391,0.335941,0.343085,0.877175,2e-05,0.000368,0.000163,-8.3e-05,6.3e-05,-0.000238,-0.027067,0.117127,0.0346,-0.028657,-0.404667,0.821739,-0.401235,-0.797002,-0.532054,-0.28584,-0.448365,0.204115,0.870233,1e-06,1e-06,1e-06,-1e-06,7e-06,2.9e-05,0.361343
34,0.157697,0.026002,0.42817,-0.479802,0.776296,-0.4089,-0.752631,-0.603625,-0.262976,-0.45038,0.180605,0.874395,-0.0,-0.0,-0.0,0.0,0.0,0.0,0.410104,-0.194468,0.05315,0.391531,0.359375,0.802667,0.475991,-0.889119,0.449394,-0.086288,-0.283598,-0.393215,0.874539,0.000502,-0.010642,0.008811,-0.036377,0.011642,-0.017678,0.105792,-0.007868,0.044011,0.011745,-0.217772,-0.87797,0.426313,0.915535,-0.335113,-0.222471,0.338186,0.341857,0.876791,-4e-06,-5.1e-05,-2.2e-05,-0.000167,-6.5e-05,-0.000271,-0.02821,0.117127,0.0346,-0.028657,-0.404667,0.821739,-0.401235,-0.797002,-0.532054,-0.28584,-0.448365,0.204115,0.870233,1e-06,1e-06,1e-06,-1e-06,7e-06,2.9e-05,0.361506
35,0.157697,0.025994,0.428167,-0.479821,0.776286,-0.408899,-0.752622,-0.60364,-0.262967,-0.450375,0.180599,0.874399,-1e-06,-9e-06,-4e-06,0.0,0.0,0.0,0.410398,-0.194474,0.053094,0.391578,0.359252,0.80269,0.476044,-0.889215,0.449226,-0.086174,-0.283453,-0.39336,0.874521,0.0,0.0,0.0,0.0,0.0,0.0,0.105914,-0.007871,0.043978,0.011771,-0.21762,-0.877987,0.426355,0.91564,-0.334918,-0.222332,0.337999,0.342004,0.876806,-3e-06,-1.8e-05,-8e-06,-7.8e-05,1.8e-05,-0.000192,-0.0287,0.117127,0.034596,-0.028659,-0.404686,0.82173,-0.401234,-0.796995,-0.53207,-0.285831,-0.448361,0.20411,0.870236,1e-06,3e-06,2e-06,-3e-06,1e-05,2.2e-05,0.36167
36,0.157697,0.025994,0.428167,-0.479821,0.776286,-0.408899,-0.752622,-0.60364,-0.262967,-0.450375,0.180599,0.874399,-0.0,-0.0,-0.0,0.0,0.0,0.0,0.410314,-0.194465,0.053094,0.391587,0.35928,0.802683,0.476035,-0.889212,0.449239,-0.08614,-0.283427,-0.39336,0.874529,3.5e-05,0.000606,0.000268,0.0,0.0,0.0,0.105672,-0.007866,0.043976,0.011775,-0.217646,-0.877983,0.426349,0.915643,-0.334931,-0.222299,0.337973,0.342002,0.876817,2.5e-05,0.000467,0.000205,-7.8e-05,3.7e-05,-0.000147,-0.028864,0.117127,0.034596,-0.028659,-0.404686,0.82173,-0.401234,-0.796995,-0.53207,-0.285831,-0.448361,0.204109,0.870236,-0.0,6e-06,4e-06,-1.7e-05,-7e-06,1.2e-05,0.36167
37,0.157688,0.025994,0.428168,-0.479842,0.776274,-0.408895,-0.752611,-0.603657,-0.262957,-0.45037,0.180591,0.874404,-0.0,-0.0,-0.0,0.0,0.0,0.0,0.410758,-0.194473,0.053094,0.391598,0.365406,0.800719,0.474677,-0.8868,0.454442,-0.083685,-0.283159,-0.391374,0.875506,1.3e-05,0.000229,0.000101,-0.055898,-0.041849,0.026354,0.095973,-0.00787,0.043978,0.011781,-0.223954,-0.876602,0.425925,0.914041,-0.340568,-0.220319,0.338189,0.339973,0.877522,9e-06,0.000163,7.1e-05,-0.691945,-0.513739,0.315682,-0.032619,0.117123,0.034596,-0.028659,-0.404709,0.82172,-0.40123,-0.796986,-0.532088,-0.285822,-0.448356,0.204101,0.870241,-4e-06,5e-06,3e-06,-2.1e-05,-3.1e-05,4e-06,0.36167
38,0.157679,0.025988,0.428176,-0.479878,0.776256,-0.408888,-0.752606,-0.603681,-0.262918,-0.45034,0.180593,0.874418,6.7e-05,-0.009486,0.010064,-0.035809,0.010515,-0.019457,0.410318,-0.194487,0.053119,0.391631,0.365567,0.80068,0.47462,-0.886754,0.454551,-0.083575,-0.283093,-0.391329,0.875547,0.000115,0.002009,0.000887,0.00177,-0.013489,0.025403,0.084814,-0.007877,0.043986,0.011796,-0.224208,-0.876597,0.425803,0.914062,-0.340682,-0.220058,0.337965,0.339872,0.877647,1.2e-05,0.000228,0.0001,6.6e-05,0.000117,-0.000203,-0.047479,0.117118,0.034597,-0.028658,-0.404732,0.82171,-0.401227,-0.796977,-0.532107,-0.285812,-0.448351,0.204092,0.870245,-2e-06,3e-06,2e-06,-1.3e-05,-9e-06,1.9e-05,0.361996
39,0.157671,0.025996,0.42818,-0.479881,0.776255,-0.408886,-0.752605,-0.603682,-0.262917,-0.450338,0.180591,0.87442,1.3e-05,0.000142,5.8e-05,0.0,0.0,0.0,0.410412,-0.194491,0.053143,0.391683,0.371753,0.798649,0.473233,-0.884296,0.459771,-0.08102,-0.282731,-0.389366,0.876539,0.000132,0.002308,0.001018,5.1e-05,-9e-06,9.5e-05,0.077705,-0.007879,0.043999,0.011822,-0.230714,-0.87516,0.425281,0.912454,-0.346388,-0.217809,0.33793,0.337798,0.878461,7.6e-05,0.001366,0.000602,0.001431,-0.014987,0.02529,-0.058746,0.117114,0.034597,-0.028653,-0.404749,0.821704,-0.401222,-0.796983,-0.532114,-0.285782,-0.448325,0.204097,0.870257,7e-06,0.000105,4.3e-05,-2.4e-05,-3.1e-05,-3e-06,0.361833
40,0.157671,0.025996,0.42818,-0.479881,0.776255,-0.408886,-0.752605,-0.603682,-0.262917,-0.450338,0.180591,0.87442,0.0,2e-06,1e-06,0.0,0.0,0.0,0.410021,-0.194487,0.053152,0.391727,0.371795,0.798636,0.473223,-0.884309,0.459765,-0.08091,-0.282635,-0.389401,0.876554,0.000614,-0.008675,0.009682,-0.036378,0.011635,-0.017681,0.065272,-0.007877,0.044009,0.011842,-0.230771,-0.875155,0.425261,0.91247,-0.346405,-0.217717,0.337848,0.337795,0.878494,6.9e-05,0.001231,0.000542,-0.00014,-0.000155,-0.000234,-0.067074,0.117114,0.034598,-0.028653,-0.404749,0.821704,-0.401222,-0.796983,-0.532115,-0.285782,-0.448325,0.204097,0.870258,-1e-06,-5e-06,-1e-06,-4e-06,5e-06,2e-05,0.361833
41,0.157662,0.025997,0.42818,-0.479903,0.776244,-0.408882,-0.752595,-0.603699,-0.262908,-0.450332,0.180583,0.874425,0.0,0.0,0.0,0.0,0.0,0.0,0.410176,-0.194477,0.053208,0.391833,0.373366,0.798751,0.471791,-0.884532,0.459804,-0.078212,-0.279851,-0.38912,0.877572,0.000167,0.002935,0.001292,-0.0,-0.0,0.0,0.036807,-0.007872,0.044033,0.011898,-0.232461,-0.875325,0.42399,0.913017,-0.346633,-0.215042,0.335201,0.337121,0.879766,0.000102,0.001819,0.000802,0.001252,0.000911,-0.000568,-0.100548,0.11711,0.034598,-0.028652,-0.404772,0.821695,-0.401219,-0.796974,-0.532132,-0.285772,-0.44832,0.204089,0.870262,0.0,-3e-06,-1e-06,-2e-06,1.3e-05,2.1e-05,0.361833
42,0.157671,0.025996,0.42818,-0.479881,0.776255,-0.408886,-0.752605,-0.603682,-0.262917,-0.450338,0.180591,0.87442,7.5e-05,0.00084,0.000342,0.0,0.0,0.0,0.409887,-0.194468,0.053321,0.391913,0.376423,0.799006,0.468921,-0.884887,0.459955,-0.073146,-0.274578,-0.388416,0.879547,0.000224,0.003934,0.00173,0.001771,-0.013477,0.02541,0.008619,-0.007868,0.044089,0.011938,-0.235785,-0.875669,0.421435,0.91396,-0.347197,-0.210073,0.330276,0.335642,0.882191,0.000109,0.001943,0.000854,0.00389,-0.011994,0.024603,-0.134513,0.117114,0.034596,-0.028653,-0.404749,0.821704,-0.401222,-0.796983,-0.532114,-0.285782,-0.448324,0.204098,0.870257,4.4e-05,0.000485,0.000198,2e-06,-2e-06,1e-05,0.361506
43,0.157671,0.025996,0.42818,-0.479881,0.776255,-0.408886,-0.752605,-0.603682,-0.262917,-0.450338,0.180591,0.87442,1e-06,1.2e-05,5e-06,0.0,0.0,0.0,0.409835,-0.194475,0.053362,0.391931,0.37747,0.80065,0.465261,-0.885211,0.459471,-0.072261,-0.272083,-0.385587,0.881565,9.2e-05,0.001619,0.000712,0.050597,-0.172621,0.130524,-0.009063,-0.007871,0.044114,0.011949,-0.236941,-0.877174,0.417639,0.914357,-0.346628,-0.209282,0.328342,0.332284,0.884181,-0.005641,0.001028,0.000859,0.044866,-0.068147,-0.080812,-0.153454,0.117114,0.034598,-0.028653,-0.404749,0.821705,-0.401222,-0.796983,-0.532114,-0.285782,-0.448324,0.204098,0.870257,-0.0,4e-06,1e-06,-1.3e-05,-1.1e-05,0.0,0.36167
44,0.157671,0.025996,0.42818,-0.479881,0.776255,-0.408886,-0.752605,-0.603682,-0.262917,-0.450338,0.180591,0.87442,0.0,0.0,0.0,0.0,0.0,0.0,0.409651,-0.194505,0.053443,0.391959,0.379071,0.800755,0.463776,-0.885322,0.459646,-0.069751,-0.269481,-0.38516,0.882551,-0.011288,0.001883,0.001642,-0.002036,0.015188,-0.029255,-0.037624,-0.007886,0.044153,0.011962,-0.238789,-0.877251,0.416425,0.914744,-0.347133,-0.20674,0.325918,0.331555,0.885351,-0.005646,0.000928,0.000815,-0.001112,0.017989,-0.029041,-0.187419,0.117114,0.034598,-0.028653,-0.404749,0.821704,-0.401222,-0.796983,-0.532114,-0.285782,-0.448324,0.204098,0.870257,1e-06,-2e-06,-1e-06,-4e-06,6e-06,8e-06,0.361506
45,0.157662,0.025997,0.42818,-0.479903,0.776244,-0.408882,-0.752595,-0.603699,-0.262908,-0.450332,0.180583,0.874425,0.0,0.0,0.0,0.0,0.0,0.0,0.408005,-0.194531,0.053491,0.391952,0.380331,0.800945,0.462414,-0.885542,0.459569,-0.067418,-0.266967,-0.384856,0.883447,2e-06,2.7e-05,1.2e-05,0.0,-0.0,-0.0,-0.070835,-0.007899,0.044179,0.011959,-0.240166,-0.877451,0.415209,0.915214,-0.347248,-0.20445,0.323576,0.330904,0.886453,-3e-06,-5.2e-05,-2.2e-05,0.000383,0.000303,-0.000131,-0.216485,0.11711,0.034598,-0.028652,-0.404771,0.821695,-0.401219,-0.796975,-0.532132,-0.285772,-0.448319,0.204089,0.870262,1e-06,-3e-06,-1e-06,1e-06,2.2e-05,1.9e-05,0.361017
46,0.157662,0.025997,0.42818,-0.479903,0.776244,-0.408882,-0.752595,-0.603699,-0.262908,-0.450332,0.180583,0.874425,0.0,0.0,0.0,0.0,0.0,0.0,0.407987,-0.194543,0.053483,0.391909,0.384459,0.800226,0.460241,-0.883009,0.464159,-0.069174,-0.269442,-0.380812,0.884447,-8.5e-05,-0.001494,-0.000656,0.000483,-0.000989,-0.000549,-0.090063,-0.007905,0.044175,0.011938,-0.244552,-0.877062,0.413467,0.91298,-0.351903,-0.206474,0.326591,0.326994,0.886799,-5.7e-05,-0.000992,-0.000436,-0.005873,0.008572,0.004556,-0.243591,0.11711,0.034598,-0.028652,-0.404771,0.821695,-0.401219,-0.796975,-0.532132,-0.285772,-0.448319,0.204089,0.870262,1e-06,-3e-06,-1e-06,1e-06,2.2e-05,1.9e-05,0.360527
47,0.157662,0.025997,0.42818,-0.479903,0.776244,-0.408882,-0.752595,-0.603699,-0.262908,-0.450332,0.180583,0.874425,0.0,0.0,0.0,0.0,0.0,0.0,0.408528,-0.194554,0.053443,0.391892,0.388534,0.799491,0.45809,-0.880502,0.468645,-0.070855,-0.271797,-0.376828,0.885432,-0.00013,-0.002274,-0.000999,0.007754,-0.015693,-0.00853,-0.09319,-0.00791,0.044156,0.011929,-0.248887,-0.876694,0.411656,0.910764,-0.356443,-0.208461,0.329488,0.323038,0.887176,-7.8e-05,-0.001352,-0.000593,-0.008481,0.022526,-0.020995,-0.250286,0.11711,0.034598,-0.028652,-0.404771,0.821695,-0.401219,-0.796975,-0.532132,-0.285772,-0.448319,0.204089,0.870262,1e-06,-3e-06,-1e-06,1e-06,2.2e-05,1.9e-05,0.3602
48,0.157662,0.025997,0.42818,-0.479903,0.776244,-0.408882,-0.752595,-0.603699,-0.262908,-0.450332,0.180583,0.874425,0.0,0.0,0.0,0.0,0.0,0.0,0.408677,-0.194563,0.053387,0.391898,0.387454,0.80252,0.453687,-0.880942,0.467322,-0.074052,-0.271912,-0.371993,0.887439,-4e-06,-7.3e-05,-3.2e-05,0.014737,-0.030429,-0.017187,-0.102061,-0.007915,0.044122,0.01193,-0.247989,-0.879219,0.406784,0.910703,-0.354758,-0.211576,0.330332,0.317991,0.888684,-1e-06,1.4e-05,6e-06,-0.001509,0.000878,-0.002972,-0.260736,0.11711,0.034598,-0.028652,-0.404771,0.821695,-0.401219,-0.796975,-0.532132,-0.285772,-0.448319,0.204089,0.870262,1e-06,-3e-06,-1e-06,1e-06,2.2e-05,1.9e-05,0.360527
49,0.157671,0.025996,0.42818,-0.479881,0.776255,-0.408886,-0.752605,-0.603682,-0.262917,-0.450338,0.180591,0.87442,0.0,0.0,0.0,0.0,0.0,0.0,0.409526,-0.194587,0.05342,0.391914,0.386794,0.804058,0.451523,-0.881198,0.466571,-0.075728,-0.272022,-0.369605,0.888403,3.5e-05,0.000613,0.000269,0.000665,-0.001374,-0.000776,-0.101655,-0.007927,0.04414,0.011939,-0.247429,-0.880358,0.404659,0.910708,-0.353877,-0.213027,0.330739,0.315817,0.889308,1.8e-05,0.000336,0.000147,-0.006068,0.011819,0.00559,-0.264982,0.117114,0.034598,-0.028653,-0.404749,0.821705,-0.401222,-0.796983,-0.532114,-0.285782,-0.448324,0.204098,0.870257,1e-06,-2e-06,-2e-06,-1e-06,2e-06,8e-06,0.360527
50,0.157671,0.025996,0.42818,-0.479881,0.776255,-0.408886,-0.752605,-0.603682,-0.262917,-0.450338,0.180591,0.87442,0.0,0.0,0.0,0.0,0.0,0.0,0.409071,-0.194603,0.053412,0.391933,0.386339,0.805533,0.449278,-0.881386,0.465962,-0.077277,-0.27206,-0.367148,0.889409,3e-06,5.4e-05,2.4e-05,0.004665,-0.009634,-0.005441,-0.100962,-0.007935,0.044137,0.011949,-0.247064,-0.881631,0.402101,0.910649,-0.353075,-0.214607,0.331176,0.313151,0.890088,1e-06,1.2e-05,6e-06,-0.008574,0.016234,0.006757,-0.265145,0.117114,0.034598,-0.028653,-0.404749,0.821705,-0.401222,-0.796983,-0.532114,-0.285782,-0.448324,0.204098,0.870257,1e-06,-2e-06,-2e-06,-1e-06,2e-06,8e-06,0.36069
51,0.157671,0.026003,0.428172,-0.479867,0.776262,-0.408889,-0.7526,-0.603676,-0.262947,-0.450362,0.180581,0.87441,0.0,0.0,0.0,0.0,0.0,0.0,0.409661,-0.19461,0.053373,0.391956,0.386106,0.805592,0.449372,-0.881506,0.465735,-0.077271,-0.272002,-0.367307,0.889361,-2e-06,-3.3e-05,-1.4e-05,1e-06,-2e-06,-1e-06,-0.10326,-0.007939,0.044117,0.01196,-0.246843,-0.881547,0.40242,0.910758,-0.352905,-0.214423,0.331041,0.313579,0.889988,-2e-06,-2.3e-05,-1e-05,-0.000289,0.00065,0.00044,-0.266288,0.117114,0.034601,-0.028656,-0.404733,0.821711,-0.401225,-0.796977,-0.532107,-0.285811,-0.448349,0.20409,0.870246,2e-06,-2e-06,-1e-06,9e-06,2e-05,2.1e-05,0.361016
52,0.157671,0.026003,0.428172,-0.479867,0.776262,-0.408889,-0.7526,-0.603676,-0.262947,-0.450362,0.180581,0.87441,0.0,0.0,0.0,0.0,0.0,0.0,0.409254,-0.194609,0.053381,0.39197,0.385996,0.80562,0.449416,-0.881557,0.465637,-0.077289,-0.271995,-0.367369,0.889338,1.2e-05,0.000207,9.1e-05,0.0,-0.0,-0.0,-0.113252,-0.007938,0.044121,0.011967,-0.246731,-0.881562,0.402455,0.910794,-0.352806,-0.214432,0.331024,0.313647,0.88997,8e-06,0.000145,6.4e-05,3.3e-05,-1.3e-05,8.7e-05,-0.272493,0.117114,0.034601,-0.028656,-0.404733,0.821711,-0.401225,-0.796977,-0.532107,-0.285811,-0.448349,0.20409,0.870246,2e-06,-2e-06,-1e-06,9e-06,2e-05,2.1e-05,0.36118
53,0.157671,0.026003,0.428172,-0.479867,0.776262,-0.408889,-0.7526,-0.603676,-0.262947,-0.450362,0.180581,0.87441,0.0,0.0,0.0,0.0,0.0,0.0,0.410096,-0.194609,0.053389,0.391963,0.38574,0.805688,0.449513,-0.88165,0.465439,-0.077409,-0.272053,-0.36747,0.889278,-1.3e-05,-0.000218,-9.6e-05,0.0,-0.0,-0.0,-0.112059,-0.007938,0.044126,0.011964,-0.246463,-0.881608,0.402518,0.910851,-0.352591,-0.21454,0.331065,0.313758,0.889916,-9e-06,-0.000153,-6.7e-05,1.7e-05,-1e-05,6.2e-05,-0.275432,0.117114,0.034601,-0.028656,-0.404733,0.821711,-0.401225,-0.796977,-0.532107,-0.285811,-0.448349,0.20409,0.870246,2e-06,-2e-06,-1e-06,9e-06,2e-05,2.1e-05,0.36118
54,0.157671,0.026003,0.428172,-0.479867,0.776262,-0.408889,-0.7526,-0.603676,-0.262947,-0.450362,0.180581,0.87441,0.0,0.0,0.0,0.0,0.0,0.0,0.410268,-0.194609,0.053373,0.391966,0.385707,0.805697,0.449527,-0.881671,0.465403,-0.077398,-0.272035,-0.367499,0.889272,-1e-05,-0.000169,-7.4e-05,0.0,-0.0,-0.0,-0.101238,-0.007938,0.044117,0.011965,-0.246428,-0.881614,0.402528,0.910869,-0.352555,-0.214528,0.331044,0.313785,0.889914,-6e-06,-0.000104,-4.5e-05,2e-05,-4e-06,4.8e-05,-0.273636,0.117114,0.034601,-0.028656,-0.404733,0.821711,-0.401225,-0.796977,-0.532107,-0.285811,-0.448349,0.20409,0.870246,2e-06,-2e-06,-1e-06,9e-06,2e-05,2.1e-05,0.361506
55,0.157671,0.026003,0.428172,-0.479867,0.776262,-0.408889,-0.7526,-0.603676,-0.262947,-0.450362,0.180581,0.87441,0.0,0.0,0.0,0.0,0.0,0.0,0.409865,-0.194602,0.053332,0.391958,0.385502,0.80575,0.449608,-0.881758,0.465228,-0.077452,-0.272041,-0.367604,0.889227,-8.4e-05,-0.00146,-0.000642,0.0,-0.0,-0.0,-0.058266,-0.007935,0.044099,0.011962,-0.246213,-0.88165,0.402581,0.91093,-0.352368,-0.214572,0.331034,0.313893,0.88988,-4.8e-05,-0.000837,-0.000369,-0.001761,0.013472,-0.025379,-0.245224,0.117114,0.034601,-0.028656,-0.404733,0.821711,-0.401225,-0.796977,-0.532107,-0.285811,-0.448349,0.20409,0.870246,2e-06,-2e-06,-1e-06,9e-06,2e-05,2.1e-05,0.361506
56,0.15768,0.026003,0.428171,-0.479845,0.776274,-0.408893,-0.752611,-0.603659,-0.262956,-0.450368,0.180589,0.874405,0.0,0.0,0.0,0.0,0.0,0.0,0.41023,-0.19462,0.053341,0.391953,0.385471,0.805759,0.449618,-0.881764,0.465212,-0.077487,-0.272067,-0.367604,0.889218,-0.0,-0.0,-0.0,0.0,-0.0,-0.0,-0.056084,-0.007944,0.0441,0.011958,-0.246181,-0.881656,0.402587,0.91093,-0.352349,-0.214606,0.33106,0.313897,0.889869,-0.005693,0.000136,0.000468,-0.002025,0.015194,-0.029228,-0.228731,0.117119,0.034601,-0.028657,-0.404711,0.82172,-0.401228,-0.796986,-0.532089,-0.285821,-0.448354,0.204099,0.870242,2e-06,-3e-06,-2e-06,-1e-06,2.4e-05,1.7e-05,0.361506
57,0.157688,0.025994,0.428168,-0.479842,0.776274,-0.408895,-0.752611,-0.603657,-0.262957,-0.45037,0.180591,0.874404,-5.5e-05,-0.000613,-0.00025,0.0,0.0,0.0,0.410293,-0.194628,0.053349,0.391957,0.385468,0.80576,0.449619,-0.881765,0.465209,-0.077488,-0.272068,-0.367606,0.889218,9.2e-05,0.001609,0.000707,0.001771,-0.013475,0.02541,-0.072664,-0.007948,0.044101,0.011959,-0.246158,-0.88166,0.402592,0.910935,-0.35233,-0.214613,0.331062,0.313907,0.889865,-0.00569,0.000131,0.000467,-0.00204,0.015235,-0.029215,-0.230038,0.117123,0.034597,-0.028658,-0.404708,0.821721,-0.40123,-0.796987,-0.532087,-0.285821,-0.448355,0.204101,0.870241,-2.9e-05,-0.000345,-0.000142,-1e-06,-3e-06,4e-06,0.361506
58,0.157689,0.026002,0.428171,-0.479824,0.776285,-0.408897,-0.752621,-0.603642,-0.262966,-0.450374,0.180597,0.8744,0.000124,0.00138,0.000563,0.0,0.0,0.0,0.410174,-0.194654,0.053373,0.391939,0.385308,0.805804,0.449676,-0.881807,0.465108,-0.07762,-0.272157,-0.367637,0.889178,0.0,0.0,0.0,0.0,-0.0,-0.0,-0.131439,-0.007961,0.044117,0.011952,-0.24601,-0.881687,0.402623,0.910946,-0.35223,-0.214731,0.331142,0.313942,0.889822,0.0,-2e-06,2e-06,-1e-06,-1.5e-05,1.8e-05,-0.265798,0.117123,0.034596,-0.028659,-0.404708,0.821721,-0.40123,-0.796987,-0.532087,-0.285822,-0.448355,0.204101,0.870241,-0.0,5e-06,2e-06,-1.4e-05,-7e-06,-0.0,0.361506
59,0.157689,0.026009,0.428163,-0.479809,0.776293,-0.4089,-0.752616,-0.603635,-0.262996,-0.450398,0.180587,0.87439,0.0,0.0,0.0,0.0,0.0,0.0,0.410064,-0.194692,0.053462,0.39188,0.385244,0.805829,0.449686,-0.881763,0.465148,-0.07788,-0.272393,-0.367531,0.889149,-4e-05,-0.000702,-0.000309,0.0,-0.0,-0.0,-0.217984,-0.00798,0.044164,0.011923,-0.245943,-0.881705,0.402624,0.910877,-0.352252,-0.214988,0.331382,0.313867,0.88976,-0.000276,0.004835,-0.004621,0.036374,-0.011651,0.017689,-0.332584,0.117123,0.034604,-0.028661,-0.404673,0.821736,-0.401234,-0.796988,-0.532064,-0.285859,-0.448384,0.204099,0.870227,-0.0,-4e-06,-3e-06,2e-06,-8e-06,8e-06,0.361506
