frame,MLTx,MLTy,MLTz,MLTR1,MLTR2,MLTR3,MLTR4,MLTR5,MLTR6,MLTR7,MLTR8,MLTR9,MLTTVx,MLTTVy,MLTTVz,MLTRVx,MLTRVy,MLTRVz,MLGA,MRTx,MRTy,MRTz,MRTR1,MRTR2,MRTR3,MRTR4,MRTR5,MRTR6,MRTR7,MRTR8,MRTR9,MRTTVx,MRTTVy,MRTTVz,MRTRVx,MRTRVy,MRTRVz,MRGA,SLTx,SLTy,SLTz,SLTR1,SLTR2,SLTR3,SLTR4,SLTR5,SLTR6,SLTR7,SLTR8,SLTR9,SLTTVx,SLTTVy,SLTTVz,SLTRVx,SLTRVy,SLTRVz,SLGA,SRTx,SRTy,SRTz,SRTR1,SRTR2,SRTR3,SRTR4,SRTR5,SRTR6,SRTR7,SRTR8,SRTR9,SRTTVx,SRTTVy,SRTTVz,SRTRVx,SRTRVy,SRTRVz,SRGA
1,0.154338,0.008301,0.430342,-0.367519,0.91428,-0.170496,-0.883171,-0.40048,-0.244126,-0.29103,0.059716,0.954863,0.000178,0.001781,0.00082,-0.00797,-0.016884,-0.005649,0.411446,-0.186992,0.047609,0.377027,0.445291,0.872564,0.200846,-0.894855,0.440918,0.06899,-0.028906,-0.211554,0.976868,-0.001343,0.018381,-0.018733,-0.387131,0.429409,0.292282,0.424991,-0.000354,0.042557,0.005301,-0.305583,-0.929206,0.207831,0.951223,-0.307623,0.023254,0.042326,0.2048,0.977887,-0.000642,0.009716,-0.009092,0.051175,0.002146,0.070371,0.38916,0.114345,0.02888,-0.027193,-0.454131,0.872865,-0.178521,-0.832781,-0.487086,-0.263099,-0.316605,0.029187,0.948107,0.000103,0.001036,0.00048,0.004571,0.009857,0.00449,0.357424
2,0.154348,0.008351,0.43031,-0.372657,0.911689,-0.173193,-0.880878,-0.406169,-0.243008,-0.291437,0.060865,0.954666,3e-05,0.000297,0.000137,-0.021232,-0.045015,-0.015073,0.412996,-0.187007,0.047931,0.376674,0.447076,0.87081,0.204462,-0.893985,0.442201,0.071997,-0.028267,-0.216078,0.975897,-0.001381,0.017283,-0.019281,-0.14072,0.267975,-0.012749,0.418675,-0.000362,0.042719,0.005125,-0.308299,-0.927155,0.212918,0.95045,-0.309609,0.028026,0.039938,0.211009,0.976667,-0.000699,0.0081,-0.009917,-0.167812,0.21967,0.157578,0.384751,0.114351,0.028907,-0.027208,-0.458935,0.869757,-0.181381,-0.829941,-0.492545,-0.261908,-0.317135,0.030336,0.947894,-2.8e-05,0.004692,-0.005111,0.025605,-0.030622,0.014055,0.362649
3,0.154343,0.008492,0.430091,-0.372381,0.91076,-0.178586,-0.880844,-0.40737,-0.241112,-0.29189,0.066385,0.954159,-0.000281,0.007169,-0.01124,-0.00571,-0.098372,-0.010043,0.415207,-0.186976,0.048502,0.375853,0.453143,0.865166,0.214805,-0.891012,0.446396,0.082235,-0.025299,-0.229754,0.972849,-0.001508,0.013627,-0.021134,-0.102168,0.156581,0.117725,0.416018,-0.000346,0.043006,0.004716,-0.314698,-0.922389,0.22397,0.948558,-0.314227,0.03871,0.034672,0.224631,0.973826,-0.000738,0.006895,-0.010524,-0.089444,0.148611,0.127657,0.376424,0.114348,0.028976,-0.027312,-0.458457,0.868877,-0.186729,-0.829837,-0.493733,-0.259995,-0.318098,0.035758,0.947382,-0.000162,0.003334,-0.005736,-0.002565,-0.079379,-0.032916,0.367711
4,0.154356,0.008868,0.429621,-0.377067,0.907189,-0.186748,-0.878298,-0.414162,-0.238818,-0.293536,0.072838,0.953183,-7.9e-05,0.009187,-0.010303,-0.032123,-0.149166,-0.751225,0.416676,-0.186983,0.049241,0.374879,0.460539,0.856128,0.234394,-0.887107,0.452456,0.090881,-0.028814,-0.250871,0.967521,-0.00209,0.025301,-0.029144,0.137102,1.049143,0.162775,0.418236,-0.000349,0.043366,0.004229,-0.321848,-0.915318,0.242086,0.946141,-0.320405,0.046435,0.035063,0.243992,0.969142,-0.001062,0.011902,-0.014991,1.28476,2.564589,-0.25322,0.37626,0.114354,0.029161,-0.027554,-0.462469,0.865135,-0.194069,-0.826746,-0.499854,-0.25814,-0.320332,0.041064,0.946414,-2.8e-05,0.004633,-0.005137,-0.074567,-0.237334,-0.789009,0.370324
5,0.15434,0.00952,0.428864,-0.38079,0.9033,-0.197721,-0.87577,-0.420865,-0.23637,-0.296261,0.082024,0.951593,-0.000189,0.018044,-0.020735,-0.084448,-0.438119,0.106766,0.424922,-0.186992,0.050085,0.373728,0.466948,0.847107,0.253695,-0.883485,0.458582,0.095343,-0.036149,-0.269728,0.962187,0.00893,0.03248,-0.040247,-0.025114,0.444267,0.214188,0.423639,-0.000355,0.043802,0.003645,-0.329068,-0.906808,0.263463,0.943482,-0.327371,0.051647,0.039417,0.265569,0.963285,0.004476,0.016064,-0.020214,-0.008817,0.44971,0.210292,0.380343,0.114346,0.029481,-0.027924,-0.465857,0.860773,-0.205054,-0.823468,-0.506547,-0.255558,-0.323847,0.049802,0.944797,-0.000121,0.013608,-0.015519,-0.133142,-0.543742,-0.118265,0.377999
6,0.154316,0.009915,0.428383,-0.385203,0.899599,-0.205879,-0.873183,-0.427423,-0.234163,-0.298178,0.088447,0.950418,-0.000355,0.016375,-0.021491,-0.089667,-0.365798,-0.080411,0.42846,-0.186923,0.050544,0.373072,0.471744,0.84207,0.261473,-0.880904,0.462431,0.100494,-0.036871,-0.278806,0.959568,0.009495,0.020378,-0.032426,-0.327009,0.373376,0.328476,0.429363,-0.000324,0.044024,0.003329,-0.333689,-0.902956,0.270777,0.941867,-0.331297,0.05593,0.039206,0.273699,0.961015,0.004756,0.009889,-0.016373,-0.510542,0.450224,0.555325,0.385078,0.114334,0.029682,-0.028164,-0.469556,0.856584,-0.213959,-0.820328,-0.512879,-0.253011,-0.326461,0.056714,0.943507,-0.000218,0.012616,-0.015963,-0.09944,-0.460501,-0.123344,0.382734
7,0.154286,0.010863,0.427111,-0.393279,0.890832,-0.227586,-0.867844,-0.441346,-0.228107,-0.303168,0.106688,0.94696,-0.000668,0.023171,-0.032825,-0.150586,-0.659292,0.02015,0.434011,-0.186616,0.051417,0.371641,0.481614,0.826833,0.290493,-0.87511,0.471104,0.11035,-0.046204,-0.308405,0.95006,0.009383,0.017172,-0.034047,-0.442184,0.477646,0.399737,0.435064,-0.000174,0.044456,0.002628,-0.343989,-0.889654,0.300309,0.937949,-0.340498,0.065661,0.043839,0.304261,0.951578,0.004703,0.008269,-0.017195,-0.568758,0.531916,0.658017,0.395039,0.114319,0.030155,-0.028794,-0.476403,0.847117,-0.235438,-0.813684,-0.526239,-0.246962,-0.333103,0.073918,0.939988,-0.000301,0.016653,-0.02133,-0.212794,-0.806835,-0.189243,0.393185
8,0.154251,0.011936,0.425628,-0.404774,0.878254,-0.254703,-0.859993,-0.46022,-0.220412,-0.310301,0.12873,0.941896,-0.000754,0.022265,-0.033182,-0.260128,-0.904116,-0.069623,0.43368,-0.186246,0.052032,0.37021,0.495568,0.799754,0.338818,-0.866146,0.483748,0.125349,-0.064264,-0.356595,0.931973,0.008627,0.023714,-0.044658,-0.282901,1.255,0.689192,0.431956,1.8e-05,0.044778,0.001887,-0.359833,-0.864835,0.350112,0.931486,-0.354469,0.08175,0.053404,0.355541,0.933133,0.004325,0.011646,-0.022455,-0.32224,1.364335,0.702295,0.396998,0.114301,0.030691,-0.029536,-0.486058,0.833799,-0.261774,-0.804144,-0.543999,-0.239615,-0.342196,0.094037,0.93491,-0.000344,0.016144,-0.021525,-0.275614,-0.95008,-0.240047,0.395634
9,0.154227,0.012509,0.424829,-0.411694,0.870925,-0.268406,-0.854972,-0.471008,-0.21713,-0.315021,0.139001,0.938865,-0.000778,0.031919,-0.043165,-0.139917,-0.766711,-0.015019,0.433035,-0.186094,0.052303,0.369462,0.502847,0.783153,0.365797,-0.860908,0.491282,0.131961,-0.076982,-0.382262,0.920768,0.009232,0.012141,-0.036674,-0.220982,1.154339,0.579876,0.429154,9e-05,0.044906,0.001526,-0.368244,-0.849701,0.377362,0.92771,-0.362548,0.088949,0.061232,0.382838,0.921783,-0.001261,0.005863,-0.01808,0.579511,2.90463,0.035265,0.394549,0.114289,0.030964,-0.02992,-0.491965,0.825758,-0.275848,-0.798155,-0.554333,-0.235929,-0.347732,0.1041,0.931796,-0.000378,0.01577,-0.021676,-0.108438,-0.764552,-0.717533,0.395961
10,0.154115,0.013558,0.423342,-0.418151,0.858833,-0.295975,-0.848291,-0.485661,-0.210967,-0.324416,0.161785,0.931991,-0.012963,0.022819,-0.032398,-0.227606,-0.931159,0.089121,0.429767,-0.185983,0.052786,0.36799,0.50746,0.75359,0.417827,-0.855222,0.499436,0.138181,-0.10517,-0.428405,0.897369,-0.002584,0.010142,-0.036928,-0.020303,1.124069,0.02858,0.422667,0.00015,0.045148,0.00079,-0.375485,-0.821031,0.430021,0.92326,-0.372016,0.095887,0.081249,0.433025,0.897712,0.00459,0.004672,-0.019113,0.830115,2.717568,-0.563817,0.386874,0.114238,0.0315,-0.030681,-0.496641,0.813136,-0.303573,-0.79008,-0.568327,-0.229732,-0.359332,0.125753,0.924697,-0.00035,0.016043,-0.021502,-0.225073,-0.955554,-0.039244,0.393674
11,0.15386,0.014604,0.421916,-0.421977,0.84783,-0.321193,-0.842298,-0.497615,-0.207088,-0.334888,0.182095,0.924509,-0.012866,0.023608,-0.031971,-0.11762,-0.613664,-0.010116,0.422418,-0.185701,0.053202,0.366278,0.50217,0.741097,0.445637,-0.857283,0.494012,0.144748,-0.113495,-0.455657,0.882813,0.008412,0.01586,-0.048853,-0.124238,0.497327,-0.340409,0.415389,0.000287,0.045356,-6.1e-05,-0.371206,-0.807697,0.458072,0.924622,-0.366855,0.102423,0.08532,0.461564,0.882993,0.010119,0.007863,-0.024872,-0.089901,0.345243,-0.11863,0.379363,0.11411,0.032021,-0.031395,-0.498587,0.801571,-0.32999,-0.783043,-0.579769,-0.225189,-0.371823,0.14612,0.91673,-0.00638,0.016988,-0.020801,-0.138389,-0.857109,0.166104,0.38747
12,0.153465,0.015569,0.420666,-0.426061,0.837666,-0.341808,-0.83802,-0.50771,-0.19981,-0.34039,0.200265,0.918725,-0.012615,0.025873,-0.030859,-0.108342,-0.634262,-0.003376,0.425442,-0.185104,0.053617,0.364476,0.496102,0.730562,0.469204,-0.861079,0.483045,0.158573,-0.111408,-0.483609,0.868086,0.020845,0.00408,-0.04197,-0.547832,0.767806,0.105313,0.408682,0.000581,0.045565,-0.000966,-0.364652,-0.797711,0.480297,0.927735,-0.355347,0.11417,0.079597,0.487221,0.869643,0.004238,0.007627,-0.024625,-0.584422,0.935265,-0.027934,0.371688,0.113912,0.0325,-0.032022,-0.501244,0.791308,-0.35012,-0.777961,-0.589264,-0.218043,-0.378853,0.163087,0.910972,-0.006316,0.012624,-0.015573,-0.17413,-0.916022,0.073097,0.383224
13,0.153247,0.016008,0.420131,-0.425188,0.8345,-0.350529,-0.836594,-0.510088,-0.199732,-0.344955,0.207285,0.915459,-0.012537,0.026521,-0.030531,-0.110451,-0.732478,0.183637,0.428674,-0.184812,0.053835,0.363538,0.494563,0.72149,0.484613,-0.862125,0.477617,0.168988,-0.110144,-0.502279,0.857582,0.008436,0.015197,-0.049288,-0.680699,1.033163,0.036463,0.40984,0.000728,0.045667,-0.001417,-0.363521,-0.789333,0.494777,0.928513,-0.350096,0.123674,0.0756,0.504366,0.860173,0.010149,0.007807,-0.024953,-0.577892,0.918681,-0.010218,0.369239,0.113803,0.032719,-0.032289,-0.500038,0.788415,-0.358275,-0.776245,-0.59147,-0.218189,-0.383933,0.169007,0.907761,-0.006271,0.013016,-0.015375,-0.11829,-0.659649,0.001574,0.38649
14,0.152761,0.016901,0.419092,-0.427673,0.827888,-0.362963,-0.833962,-0.516213,-0.194941,-0.348231,0.218293,0.911652,-0.012391,0.017987,-0.020034,2.036226,0.875936,-4.890669,0.430454,-0.184473,0.054122,0.361809,0.507489,0.692678,0.512487,-0.853777,0.484157,0.191287,-0.116248,-0.535494,0.836418,0.009064,0.002633,-0.042089,-0.540792,0.808314,0.100319,0.409946,0.000901,0.045817,-0.0023,-0.379916,-0.761454,0.525215,0.921982,-0.357693,0.148338,0.074913,0.540595,0.83794,-0.001673,0.006762,-0.024736,-0.672906,0.970888,0.202266,0.370055,0.11356,0.033169,-0.032812,-0.496597,0.783893,-0.372695,-0.776659,-0.593017,-0.212441,-0.387546,0.18396,0.903308,-0.006195,0.013652,-0.015048,0.093237,-0.149468,0.19403,0.391389
15,0.152222,0.01758,0.418314,-0.424367,0.824364,-0.374677,-0.835945,-0.515639,-0.187841,-0.347526,0.232467,0.908412,-0.012494,0.016853,-0.020538,-0.147699,-0.553979,-0.232194,0.432211,-0.184496,0.0544,0.359989,0.515617,0.662921,0.542831,-0.848021,0.485046,0.213365,-0.122487,-0.571177,0.811552,-0.003451,0.011806,-0.050505,-0.452756,0.798384,0.052685,0.400844,0.000894,0.045953,-0.003207,-0.391035,-0.733192,0.556345,0.917333,-0.359583,0.170876,0.074768,0.577173,0.813191,-0.001361,0.000864,-0.020943,-0.607847,0.932527,0.17577,0.36385,0.113291,0.033513,-0.033199,-0.497427,0.778993,-0.381753,-0.775517,-0.596519,-0.206734,-0.388767,0.193221,0.900846,-0.006161,0.004278,-0.004988,0.059071,-0.040698,0.189194,0.393185
16,0.151917,0.017873,0.417986,-0.422741,0.823892,-0.377542,-0.836115,-0.515213,-0.188252,-0.349095,0.235058,0.907142,-0.012351,0.018109,-0.01994,0.056567,-0.043828,-0.005208,0.435392,-0.184647,0.05461,0.359063,0.515613,0.651695,0.556262,-0.848082,0.480299,0.223614,-0.122078,-0.58787,0.799606,-0.015259,0.013378,-0.048824,-0.457827,0.802244,0.043167,0.389451,0.000823,0.046054,-0.003672,-0.391967,-0.722327,0.56974,0.91719,-0.355008,0.180918,0.07158,0.593474,0.801663,-0.007603,0.006553,-0.02449,-0.620745,0.958013,0.147672,0.356176,0.113134,0.033663,-0.033372,-0.495455,0.777628,-0.387064,-0.775593,-0.596682,-0.205974,-0.391126,0.198153,0.898751,-0.006159,0.009076,-0.00995,0.083436,0.024492,0.022578,0.395961
17,0.151319,0.018309,0.417401,-0.420709,0.820033,-0.388067,-0.835854,-0.516595,-0.185605,-0.35216,0.245258,0.903249,-0.024815,0.006362,-0.010577,-0.087304,-0.282067,-0.187493,0.440695,-0.185214,0.055322,0.357179,0.519515,0.627587,0.579854,-0.844304,0.48101,0.236039,-0.131419,-0.612983,0.779002,-0.015129,0.018638,-0.045857,-0.487931,0.840892,0.109714,0.384633,0.000539,0.046402,-0.004619,-0.397689,-0.700051,0.593103,0.914291,-0.356543,0.192217,0.076905,0.618712,0.781844,-0.007543,0.008908,-0.023154,-0.111419,0.567055,-0.360307,0.341479,0.112845,0.033884,-0.033658,-0.492861,0.774547,-0.396438,-0.775339,-0.597725,-0.203895,-0.394887,0.206882,0.895132,-0.006287,0.003103,-0.005532,-0.137825,-0.443859,-0.184458,0.402492
18,0.150726,0.018684,0.416808,-0.419405,0.816947,-0.395907,-0.835398,-0.517937,-0.183908,-0.354784,0.252589,0.900197,-0.012728,0.005031,-0.011627,-0.094572,-0.319178,-0.167412,0.448593,-0.186213,0.056311,0.355281,0.52415,0.616184,0.587857,-0.84169,0.479578,0.247983,-0.129765,-0.625543,0.769233,-0.039396,0.031675,-0.051007,-0.177222,0.209879,0.079866,0.38378,3.4e-05,0.046906,-0.005584,-0.4043,-0.688116,0.602526,0.911759,-0.355339,0.205982,0.072362,0.632637,0.771059,-0.019659,0.016015,-0.025384,-0.147277,0.173123,0.063035,0.336581,0.112539,0.034073,-0.033959,-0.491125,0.771633,-0.4042,-0.774764,-0.599041,-0.202213,-0.398167,0.213848,0.892038,-0.006355,0.002504,-0.00581,-0.126614,-0.402518,-0.200449,0.410494
19,0.150252,0.019132,0.416127,-0.418506,0.812346,-0.406191,-0.834553,-0.520346,-0.180921,-0.357818,0.262258,0.896223,-0.00058,0.013656,-0.02241,-0.013635,-0.230808,-0.074653,0.458196,-0.187801,0.057303,0.353666,0.536416,0.605345,0.588054,-0.835958,0.476356,0.272384,-0.115897,-0.638454,0.760794,-0.050402,0.026719,-0.03862,-0.248031,0.549374,0.036027,0.383871,-0.000741,0.047387,-0.00638,-0.417769,-0.679761,0.602821,0.906798,-0.35318,0.230174,0.05644,0.642797,0.763954,-0.025159,0.013768,-0.019053,-0.353991,0.561839,0.279835,0.335438,0.112302,0.034291,-0.034292,-0.489487,0.766866,-0.415111,-0.77374,-0.601496,-0.198817,-0.402154,0.22387,0.88778,-0.006302,0.007665,-0.010587,-0.022712,-0.345128,0.089744,0.42225
20,0.150086,0.019375,0.415729,-0.41755,0.808929,-0.413922,-0.834172,-0.521816,-0.178431,-0.359817,0.269769,0.893188,-0.012764,0.014096,-0.021764,-0.143473,-0.6472,-0.061111,0.461638,-0.188811,0.057743,0.35301,0.546146,0.598699,0.585897,-0.830733,0.476553,0.2876,-0.107699,-0.644542,0.756855,-0.049723,0.017856,-0.029392,-0.452718,0.632573,0.335584,0.384998,-0.001228,0.047604,-0.006701,-0.427521,-0.675583,0.600676,0.902742,-0.354161,0.244185,0.047768,0.64665,0.761289,-0.024833,0.00901,-0.014622,-0.213333,0.112438,0.216602,0.335764,0.112224,0.034408,-0.034483,-0.48839,0.764602,-0.420545,-0.77331,-0.602519,-0.197387,-0.404309,0.22881,0.885539,-0.006387,0.006898,-0.010945,0.009795,-0.152422,-0.078992,0.428455
21,0.149926,0.019777,0.414874,-0.414563,0.804918,-0.424605,-0.834023,-0.522664,-0.176634,-0.363594,0.2799,0.888528,-0.001,0.009925,-0.024148,-0.051689,-0.428387,0.059566,0.464327,-0.190993,0.057987,0.352225,0.550732,0.594871,0.585504,-0.828097,0.476832,0.294653,-0.104586,-0.64787,0.754446,-0.060543,-0.004274,-0.012767,-0.973352,-2.05984,1.59569,0.387227,-0.002333,0.047747,-0.007108,-0.432163,-0.669869,0.603747,0.900638,-0.354503,0.25135,0.045659,0.652382,0.756513,-0.030276,-0.002598,-0.006623,0.050565,0.073755,-0.188521,0.338704,0.11214,0.034618,-0.034916,-0.484591,0.760079,-0.432954,-0.773031,-0.603751,-0.194696,-0.409381,0.240339,0.880138,-0.000491,0.004919,-0.01209,-0.107565,-0.47987,-0.175227,0.435967
22,0.149796,0.020092,0.41388,-0.412893,0.803662,-0.428593,-0.835489,-0.5215,-0.173113,-0.36213,0.285605,0.88731,-0.001444,0.006024,-0.025995,0.06456,-0.027856,0.005041,0.460934,-0.193409,0.057105,0.352091,0.539732,0.615273,0.574561,-0.835883,0.472196,0.279759,-0.099843,-0.632028,0.768398,-0.060005,-0.030016,0.000861,0.552456,-0.645001,-0.527895,0.374434,-0.003518,0.047332,-0.007177,-0.421605,-0.688028,0.590648,0.90582,-0.349501,0.239453,0.041682,0.635976,0.770581,-0.029981,-0.014851,0.000558,0.307525,-0.368061,-0.335917,0.331192,0.112075,0.034781,-0.035421,-0.482508,0.758722,-0.437636,-0.774713,-0.6028,-0.190917,-0.408661,0.246923,0.878649,-0.000733,0.002773,-0.013106,0.084007,0.014697,0.023969,0.436783
23,0.14973,0.020177,0.41338,-0.413098,0.802997,-0.429641,-0.836836,-0.520754,-0.168796,-0.358774,0.288808,0.887636,-0.001605,-0.004731,-0.016689,-0.171034,0.019975,0.090931,0.456717,-0.194533,0.056494,0.352156,0.530938,0.637422,0.558381,-0.842993,0.463897,0.272205,-0.086176,-0.616031,0.782906,-0.060095,-0.028389,0.001791,-2.442631,-2.353686,-4.88669,0.368366,-0.004103,0.047011,-0.007147,-0.414318,-0.706531,0.573718,0.909458,-0.345639,0.231124,0.035003,0.617532,0.785766,-0.02392,-0.02073,0.003885,0.661257,-1.215105,-0.4129,0.32515,0.112042,0.034824,-0.035666,-0.482668,0.758028,-0.43866,-0.776135,-0.602273,-0.18676,-0.405763,0.250317,0.879031,-0.000818,0.002041,-0.013458,-0.681195,0.348165,-0.116672,0.433354
24,0.149609,0.020219,0.412427,-0.412069,0.802376,-0.431784,-0.837267,-0.520322,-0.167991,-0.358953,0.291294,0.886751,-0.001703,-0.005549,-0.017114,0.03461,-0.000772,-0.007714,0.451199,-0.196829,0.05516,0.352406,0.508099,0.690848,0.514351,-0.858799,0.45113,0.24265,-0.065031,-0.565879,0.821837,-0.048046,-0.038861,0.009217,-1.73856,-2.911752,-4.992516,0.348626,-0.005233,0.046363,-0.007028,-0.386849,-0.754826,0.529702,0.921876,-0.33039,0.202451,0.022193,0.566638,0.823667,-0.024185,-0.013009,0.001196,1.051113,-1.411835,-0.531868,0.302943,0.111981,0.03484,-0.036133,-0.481508,0.757722,-0.440461,-0.776765,-0.601708,-0.185963,-0.405938,0.252592,0.8783,-0.000849,-0.002884,-0.008604,0.046392,-0.072812,0.178859,0.426169
25,0.149472,0.020134,0.411651,-0.41265,0.800731,-0.434274,-0.836254,-0.521968,-0.167932,-0.36064,0.292867,0.885548,-0.001741,-0.005833,-0.017287,0.033478,0.010209,-0.034337,0.44428,-0.1988,0.053716,0.352762,0.482992,0.731928,0.480617,-0.873905,0.436568,0.213617,-0.054064,-0.524106,0.849855,-0.048469,-0.039941,0.008551,0.410247,-0.897205,-0.061158,0.333405,-0.00624,0.045631,-0.006844,-0.350732,-0.797061,0.491608,0.936326,-0.307824,0.168924,0.016686,0.519554,0.854274,-0.024229,-0.019855,0.004376,0.292118,-1.143318,-0.246235,0.283511,0.111912,0.034798,-0.036532,-0.481845,0.75603,-0.442992,-0.77557,-0.603253,-0.185945,-0.407817,0.253975,0.877029,-0.000806,-0.002466,-0.008421,0.037499,0.006872,-0.004606,0.418821
26,0.149291,0.019959,0.411007,-0.413338,0.797713,-0.439146,-0.835243,-0.524163,-0.16611,-0.362186,0.297139,0.883491,-0.001481,-0.003523,-0.016203,-0.066131,-0.271136,-0.118556,0.443529,-0.200747,0.051854,0.353259,0.471471,0.746576,0.469395,-0.87944,0.437036,0.188465,-0.065019,-0.502597,0.861993,-0.048643,-0.052956,0.015349,0.422503,-0.707563,0.081134,0.30699,-0.007213,0.044705,-0.006597,-0.33813,-0.808911,0.480968,0.94062,-0.30678,0.145319,0.030001,0.501545,0.86461,-0.024335,-0.026587,0.007639,0.493513,-0.572542,-0.0086,0.254936,0.111827,0.034708,-0.036851,-0.482234,0.753639,-0.446628,-0.774458,-0.605045,-0.184753,-0.409467,0.256801,0.875435,-0.000812,-0.007142,-0.003466,-0.203574,-0.516663,-0.273078,0.414739
27,0.149198,0.019867,0.410725,-0.413762,0.796167,-0.441549,-0.834745,-0.525287,-0.165063,-0.36285,0.299291,0.882492,-0.00152,-0.003834,-0.016368,-0.132117,-0.433311,-0.216465,0.443194,-0.201697,0.05078,0.353589,0.464911,0.744142,0.479689,-0.881574,0.438683,0.174124,-0.081428,-0.504768,0.859327,-0.048396,-0.062639,0.024197,1.370068,1.90143,-1.20944,0.284614,-0.00767,0.044186,-0.006444,-0.332301,-0.806868,0.488403,0.942134,-0.30826,0.131749,0.044251,0.503922,0.862613,-0.018396,-0.026427,0.007335,0.327859,-0.205261,-0.164649,0.235177,0.111776,0.034663,-0.03699,-0.482556,0.752643,-0.447958,-0.773921,-0.605877,-0.184277,-0.410102,0.25776,0.874857,-0.006781,-0.000895,-0.007475,0.039959,0.030804,-0.030474,0.414249
28,0.148975,0.019662,0.410304,-0.414514,0.794478,-0.443879,-0.834035,-0.526734,-0.164036,-0.363621,0.301224,0.881516,-0.001228,-0.010548,-0.005155,-0.006495,-0.003281,-0.032492,0.441905,-0.203144,0.048644,0.354449,0.44528,0.742027,0.501113,-0.889176,0.431952,0.150719,-0.105164,-0.513621,0.851468,-0.036113,-0.056424,0.027233,1.256977,2.260036,-1.573331,0.228909,-0.008408,0.04311,-0.006024,-0.313056,-0.802245,0.508328,0.947432,-0.301042,0.108375,0.066085,0.515534,0.854316,-0.012196,-0.022954,0.009052,0.030429,-0.079729,-0.229223,0.174923,0.111669,0.034559,-0.037207,-0.482815,0.74952,-0.452889,-0.772968,-0.607816,-0.181877,-0.411594,0.262256,0.872818,-0.000595,-0.005174,-0.002526,0.004523,0.025901,-0.02071,0.411963
29,0.148743,0.01942,0.410051,-0.414944,0.792935,-0.446231,-0.833625,-0.527774,-0.162776,-0.36407,0.303457,0.880565,-0.000949,-0.008104,-0.003975,0.006656,-0.079326,0.182272,0.443098,-0.203913,0.04681,0.355619,0.42428,0.755397,0.499352,-0.898776,0.418238,0.131193,-0.110263,-0.505416,0.855722,-0.010736,-0.04288,0.033969,0.361399,-0.275198,-0.789838,0.210713,-0.008812,0.042153,-0.005439,-0.289974,-0.810716,0.50858,0.954195,-0.285809,0.088447,0.073652,0.510933,0.856459,-0.005399,-0.021556,0.016933,-0.034381,0.045729,-0.364469,0.119568,0.111547,0.034433,-0.037341,-0.483102,0.748032,-0.455037,-0.772458,-0.608809,-0.180717,-0.412214,0.264192,0.871941,-0.000463,-0.003999,-0.001959,0.011523,-0.066437,0.187519,0.411147
30,0.148632,0.019262,0.409977,-0.41531,0.792795,-0.446139,-0.833478,-0.528059,-0.162602,-0.363988,0.303328,0.880643,-0.000901,-0.007672,-0.003769,-7e-06,-1.9e-05,-8e-06,0.443184,-0.204024,0.046084,0.35632,0.416087,0.762509,0.495423,-0.902603,0.412174,0.123914,-0.110222,-0.499686,0.859086,0.002013,-0.036488,0.037103,0.215274,-0.240588,-0.480597,0.213867,-0.008872,0.041787,-0.00509,-0.28038,-0.817205,0.503549,0.95694,-0.279051,0.079963,0.07517,0.504287,0.860258,0.001036,-0.017666,0.018912,0.351622,-0.367666,-0.565096,0.112219,0.111491,0.034355,-0.037378,-0.483465,0.747908,-0.454856,-0.772291,-0.609058,-0.180593,-0.412101,0.263971,0.872061,-0.000444,-0.003802,-0.001864,0.000662,0.001827,0.000762,0.411637
31,0.14844,0.018954,0.409853,-0.416353,0.792389,-0.445888,-0.833078,-0.528858,-0.162057,-0.363712,0.302998,0.880871,-0.000951,-0.008053,-0.003969,-0.001035,0.011309,-0.026487,0.444341,-0.203796,0.045019,0.357765,0.409851,0.775632,0.480009,-0.906232,0.40582,0.118265,-0.103566,-0.484445,0.868591,0.01464,-0.017089,0.033288,0.063637,-0.182466,-0.09497,0.240665,-0.008763,0.041252,-0.004363,-0.272317,-0.829772,0.487155,0.959529,-0.271928,0.073196,0.071735,0.487373,0.870242,0.007475,-0.013947,0.02079,0.011024,-0.150747,-0.109617,0.126589,0.111396,0.034208,-0.037437,-0.484449,0.747417,-0.454615,-0.771834,-0.609795,-0.180057,-0.4118,0.263659,0.872297,-0.006553,-0.003242,-0.001387,-0.002032,0.026067,-0.056005,0.412453
32,0.14832,0.018762,0.409696,-0.416907,0.79079,-0.448203,-0.832684,-0.529932,-0.160565,-0.363979,0.305284,0.87997,-0.000651,-0.005498,-0.002716,-0.000406,-0.001075,-0.000443,0.445489,-0.20311,0.04431,0.359152,0.403891,0.781273,0.475895,-0.908342,0.403977,0.107943,-0.10841,-0.476854,0.872193,0.014847,-0.014715,0.034722,0.245015,-0.345723,-0.226555,0.265093,-0.008419,0.040906,-0.003664,-0.266651,-0.833345,0.484181,0.960732,-0.26983,0.064684,0.076743,0.482417,0.872572,0.013494,-0.007383,0.016931,0.275519,-0.329812,-0.228871,0.160064,0.111336,0.034108,-0.037517,-0.484796,0.74571,-0.457044,-0.771353,-0.610863,-0.17849,-0.412293,0.266011,0.87135,-0.000371,-0.003154,-0.001556,0.003057,0.022066,-0.022118,0.413759
33,0.148288,0.018648,0.409508,-0.417124,0.790687,-0.448183,-0.832476,-0.530209,-0.16073,-0.364206,0.30507,0.879951,-0.000546,-0.004608,-0.002281,-0.0,-0.0,-0.0,0.446685,-0.202407,0.043739,0.360476,0.397373,0.783504,0.477711,-0.910473,0.401399,0.099254,-0.11447,-0.475368,0.87223,0.014551,-0.002827,0.027027,1.558939,1.910138,-1.112618,0.266232,-0.008067,0.040621,-0.002996,-0.260498,-0.836129,0.482728,0.962025,-0.267016,0.056648,0.081531,0.479154,0.873935,0.007437,-0.006902,0.01762,0.09247,-0.214685,-0.10986,0.173127,0.11132,0.034051,-0.037611,-0.485012,0.745642,-0.456924,-0.771119,-0.611095,-0.178707,-0.412476,0.265669,0.871368,-0.000309,-0.002627,-0.001299,-0.000959,0.01155,-0.026375,0.415392
34,0.148285,0.018597,0.409406,-0.417251,0.790625,-0.448173,-0.832354,-0.530372,-0.160825,-0.364339,0.304947,0.879938,-0.000554,0.00456,-0.012324,0.034661,-0.00067,-0.007679,0.448026,-0.202075,0.043543,0.361093,0.394895,0.786338,0.475103,-0.911511,0.399789,0.096181,-0.11479,-0.47203,0.873999,0.026657,-0.003464,0.025809,0.149283,-0.262868,-0.081784,0.267222,-0.007905,0.040526,-0.002686,-0.256668,-0.837578,0.482268,0.962814,-0.265116,0.051979,0.084321,0.477676,0.874479,0.007414,-0.00712,0.017485,0.191842,-0.225308,-0.351014,0.175086,0.111319,0.034027,-0.037656,-0.485129,0.745572,-0.456914,-0.770993,-0.611233,-0.17878,-0.412575,0.265546,0.871358,-0.000295,-0.002508,-0.001242,-0.001037,0.011358,-0.026452,0.416372
35,0.148309,0.018471,0.409233,-0.417614,0.790461,-0.448123,-0.832104,-0.530749,-0.160871,-0.364491,0.304717,0.879955,-0.000689,-0.005816,-0.002888,-0.001032,0.011333,-0.026477,0.449009,-0.201494,0.043379,0.362134,0.389556,0.790735,0.472202,-0.913718,0.395944,0.091002,-0.11548,-0.467904,0.876124,0.014398,-0.004128,0.026193,-0.031088,0.03396,-0.159065,0.267597,-0.00761,0.040447,-0.002164,-0.250634,-0.841629,0.478374,0.964241,-0.261,0.046002,0.086139,0.472798,0.876949,0.006984,0.003313,0.008893,-0.017168,-0.050558,0.043509,0.177209,0.111331,0.033967,-0.037746,-0.48546,0.745379,-0.456877,-0.770702,-0.611579,-0.17885,-0.412728,0.265292,0.871363,0.005825,-0.003042,-0.001717,0.000976,-0.014732,0.029564,0.417842
36,0.148303,0.018318,0.409079,-0.417974,0.790305,-0.448064,-0.831887,-0.531095,-0.160852,-0.364574,0.30452,0.879989,-0.000649,-0.005481,-0.002727,-0.001032,0.011338,-0.026475,0.448684,-0.201097,0.043525,0.362969,0.385486,0.793712,0.470544,-0.915371,0.392938,0.087341,-0.116039,-0.465389,0.877389,0.001958,0.008298,0.01954,0.053959,-0.01987,-0.208928,0.269342,-0.007406,0.040516,-0.001737,-0.24639,-0.84372,0.476894,0.965273,-0.257717,0.042762,0.086825,0.470869,0.877919,0.000966,0.004171,0.009775,0.058168,-0.023697,-0.210239,0.178352,0.111328,0.03389,-0.037823,-0.485804,0.745187,-0.456826,-0.770452,-0.611902,-0.178827,-0.412792,0.265088,0.871395,-0.000272,-0.002317,-0.001154,2e-06,-1e-06,1.4e-05,0.418495
37,0.148284,0.01824,0.40903,-0.418198,0.790214,-0.448016,-0.831786,-0.531279,-0.160766,-0.364549,0.304436,0.880029,-0.000479,-0.004039,-0.002011,-0.0,-0.0,-0.0,0.448645,-0.200896,0.043674,0.363331,0.384927,0.79373,0.470972,-0.915669,0.392161,0.087712,-0.115544,-0.466015,0.877122,0.013951,0.006691,0.017746,-0.041082,0.07003,-0.108883,0.271093,-0.007316,0.040588,-0.001568,-0.245771,-0.843724,0.477205,0.965477,-0.256909,0.043013,0.086307,0.471302,0.877738,0.000879,0.003133,0.009154,-0.045218,0.00913,0.014208,0.179822,0.111318,0.03385,-0.037849,-0.486017,0.745074,-0.456783,-0.770335,-0.612075,-0.178738,-0.412759,0.265006,0.871436,-0.000216,-0.001839,-0.000915,-8e-06,1e-06,7e-06,0.418495
38,0.14825,0.018093,0.408979,-0.418471,0.790107,-0.447949,-0.831695,-0.531476,-0.160589,-0.364443,0.30437,0.880095,-0.000419,-0.003527,-0.001759,-0.001032,0.011338,-0.026475,0.449286,-0.200448,0.043912,0.363893,0.381781,0.796617,0.468652,-0.91685,0.390257,0.083782,-0.116616,-0.462671,0.878748,0.001459,0.002422,0.016044,0.014138,0.035733,-0.205932,0.273221,-0.007082,0.040716,-0.001277,-0.242499,-0.846109,0.474649,0.966156,-0.254976,0.03909,0.08795,0.468065,0.879306,0.006587,0.006786,0.003511,0.065136,-0.097886,0.007245,0.182434,0.111301,0.033775,-0.037874,-0.48628,0.74494,-0.456722,-0.770228,-0.612261,-0.178559,-0.412649,0.264951,0.871504,-0.000128,-0.001074,-0.000536,-2.7e-05,-2.1e-05,-1.1e-05,0.418821
39,0.148222,0.018024,0.408935,-0.418697,0.790015,-0.4479,-0.831592,-0.531662,-0.160502,-0.364417,0.304283,0.880136,-0.000144,-0.001214,-0.000606,-0.0,-0.0,-0.0,0.448881,-0.200177,0.0442,0.364395,0.381242,0.798667,0.465593,-0.917331,0.389091,0.083947,-0.114576,-0.460111,0.88036,0.001218,0.015507,0.008939,0.034638,-0.064091,0.02626,0.273554,-0.006947,0.040848,-0.001028,-0.241619,-0.848098,0.471539,0.966518,-0.253595,0.039138,0.086387,0.465207,0.880976,0.0068,0.001617,0.007821,-0.014818,-0.032675,0.019852,0.184394,0.111287,0.033737,-0.037898,-0.486515,0.744816,-0.456674,-0.7701,-0.612451,-0.178459,-0.41261,0.264861,0.87155,-7.5e-05,-0.000646,-0.000321,1.6e-05,1.5e-05,1.2e-05,0.419311
40,0.148228,0.017992,0.408918,-0.418753,0.789992,-0.447889,-0.831569,-0.531707,-0.160474,-0.364405,0.304266,0.880147,-0.000219,-0.001842,-0.000919,-0.0,-0.0,-0.0,0.448936,-0.200069,0.044411,0.364631,0.371784,0.803104,0.465609,-0.921893,0.378094,0.084214,-0.108862,-0.46156,0.880326,0.001652,0.005067,0.017507,-0.043954,0.085688,-0.137817,0.276528,-0.006893,0.040956,-0.000914,-0.23179,-0.851045,0.471162,0.969434,-0.242143,0.039542,0.080437,0.465926,0.881159,0.000603,0.007816,0.004488,-0.004824,-0.00687,0.028758,0.185537,0.11129,0.033724,-0.037905,-0.486569,0.744787,-0.456664,-0.770074,-0.612493,-0.178431,-0.412597,0.264846,0.871561,-0.000109,-0.000923,-0.00046,3e-06,7e-06,4e-06,0.419148
41,0.148223,0.017945,0.408906,-0.418866,0.789947,-0.447862,-0.831533,-0.531787,-0.160396,-0.364358,0.304242,0.880175,-0.000167,-0.001407,-0.000702,-0.0,-0.0,-0.0,0.449764,-0.199706,0.044768,0.365032,0.361878,0.808726,0.463679,-0.926406,0.36723,0.082755,-0.103789,-0.460518,0.881484,0.01288,0.010526,0.005195,0.074338,-0.107234,0.002276,0.294056,-0.00672,0.041142,-0.000708,-0.221214,-0.855093,0.468911,0.972288,-0.230666,0.038053,0.075623,0.464335,0.882424,0.00643,0.005207,0.00256,0.10017,-0.043924,-0.192227,0.199743,0.111288,0.033702,-0.037911,-0.486677,0.744731,-0.456639,-0.770032,-0.612569,-0.178353,-0.412548,0.264826,0.87159,-0.000145,-0.005848,0.00439,-0.036733,0.023331,-0.045284,0.419801
42,0.148216,0.01789,0.408867,-0.419008,0.789888,-0.447833,-0.831465,-0.531907,-0.16035,-0.36435,0.304184,0.880198,-0.000326,-0.002743,-0.001371,-0.001032,0.011338,-0.026475,0.450369,-0.199245,0.044743,0.365425,0.362009,0.808634,0.463736,-0.926458,0.366873,0.083744,-0.102853,-0.460964,0.881361,0.013403,-0.015131,0.019653,-0.06883,-0.00416,0.019974,0.301981,-0.006486,0.041138,-0.000513,-0.22135,-0.855053,0.468921,0.972333,-0.230317,0.039009,0.074646,0.464582,0.882377,0.006458,-0.002501,0.005431,-0.045322,0.087258,-0.131479,0.215093,0.111284,0.033677,-0.037929,-0.486794,0.744668,-0.456617,-0.769962,-0.612668,-0.178314,-0.41254,0.264776,0.871609,-8.2e-05,-0.000702,-0.000349,-4e-06,2.1e-05,4e-06,0.420454
43,0.148206,0.017797,0.408832,-0.419239,0.789796,-0.44778,-0.83138,-0.53208,-0.160214,-0.364277,0.304122,0.880249,-0.000379,-0.003189,-0.001595,-0.001032,0.011338,-0.026475,0.450772,-0.198782,0.04436,0.365974,0.362021,0.808524,0.46392,-0.926641,0.366018,0.085452,-0.101152,-0.461838,0.8811,0.013289,-0.01677,0.018734,-0.070527,0.010591,-0.004717,0.307152,-0.006254,0.040944,-0.000239,-0.221417,-0.854933,0.469108,0.972455,-0.229498,0.040744,0.072826,0.465209,0.882199,0.000646,-0.007807,0.010102,-0.070651,0.011034,-0.00883,0.223094,0.111279,0.033629,-0.037947,-0.487034,0.744543,-0.456565,-0.769853,-0.612846,-0.178168,-0.412458,0.264715,0.871666,-0.000188,-0.00159,-0.000795,-0.001039,0.011337,-0.026477,0.420944
44,0.148209,0.017749,0.408807,-0.419334,0.789756,-0.44776,-0.831341,-0.532156,-0.160168,-0.364257,0.304093,0.880268,-0.000286,-0.002408,-0.001205,0.0,0.0,0.0,0.451103,-0.198553,0.044111,0.366287,0.360886,0.807829,0.46601,-0.926941,0.365469,0.084544,-0.102452,-0.463489,0.880082,0.001222,-0.016838,0.019533,1.458952,2.092853,-1.044579,0.307903,-0.006134,0.040813,-7.6e-05,-0.22067,-0.854325,0.470565,0.9726,-0.228934,0.040462,0.073161,0.466601,0.881436,0.000587,-0.008454,0.009721,1.45782,2.092478,-1.046377,0.226523,0.111281,0.033603,-0.03796,-0.487125,0.744494,-0.456548,-0.769808,-0.612917,-0.17812,-0.412436,0.264688,0.871685,-0.000145,-0.001242,-0.000621,-2e-06,-1e-06,3e-06,0.421434
45,0.148195,0.017632,0.408749,-0.419628,0.789637,-0.447696,-0.83122,-0.532387,-0.160024,-0.364194,0.303998,0.880327,-0.000362,-0.003048,-0.001527,0.0,0.0,0.0,0.451365,-0.198061,0.043561,0.367003,0.356127,0.807191,0.470752,-0.928142,0.363712,0.078739,-0.108092,-0.465979,0.878091,0.01338,-0.015769,0.019334,0.63781,0.447177,-0.665784,0.308489,-0.005894,0.040541,0.000273,-0.216713,-0.852221,0.476187,0.973151,-0.227328,0.036037,0.077539,0.471212,0.878604,0.006719,-0.007257,0.010008,1.932178,1.553616,-1.294579,0.229136,0.111274,0.033546,-0.037989,-0.487407,0.744345,-0.45649,-0.769668,-0.613136,-0.177974,-0.412364,0.2646,0.871746,-0.000208,-0.001769,-0.000887,-0.001029,0.011345,-0.026468,0.42225
46,0.148182,0.017507,0.408708,-0.419797,0.789571,-0.447654,-0.831171,-0.532503,-0.159896,-0.364112,0.303968,0.880371,-0.000294,-0.002473,-0.00124,0.0,0.0,0.0,0.451579,-0.197632,0.042999,0.367727,0.349242,0.806721,0.47668,-0.930053,0.3602,0.072057,-0.113992,-0.469515,0.875457,0.001341,-0.015398,0.020396,-0.067666,0.007095,-0.01182,0.30546,-0.00568,0.040266,0.000627,-0.208517,-0.85149,0.481128,0.974368,-0.223324,0.027048,0.084416,0.474436,0.876232,0.000674,-0.00747,0.01032,-0.101499,0.122046,-0.170579,0.228156,0.111267,0.033487,-0.038013,-0.487536,0.744278,-0.456461,-0.769615,-0.613228,-0.177884,-0.412311,0.264574,0.871779,-8.6e-05,-0.000733,-0.000367,-7e-06,-9e-06,-2e-06,0.422904
47,0.148179,0.017469,0.4087,-0.419891,0.789534,-0.447631,-0.831143,-0.532568,-0.159828,-0.364069,0.30395,0.880395,-0.000158,-0.001327,-0.000666,0.0,0.0,0.0,0.45165,-0.197492,0.042818,0.368042,0.347595,0.808864,0.474245,-0.93091,0.358,0.071949,-0.112003,-0.467504,0.876789,0.00098,-0.003287,0.012695,-0.037748,0.08963,-0.16941,0.304807,-0.005604,0.040162,0.000799,-0.206572,-0.853398,0.47858,0.974933,-0.220852,0.026995,0.082658,0.472161,0.877628,0.000481,-0.001623,0.006354,-0.058374,0.116712,-0.158539,0.227339,0.111265,0.033461,-0.038015,-0.487659,0.744216,-0.456431,-0.769576,-0.613308,-0.177776,-0.412237,0.264564,0.871817,-8.7e-05,-0.000743,-0.000373,-1.5e-05,-1.1e-05,-6e-06,0.422904
48,0.148176,0.017423,0.40871,-0.419995,0.789496,-0.447601,-0.83113,-0.532623,-0.15971,-0.363978,0.303952,0.880432,-3e-06,-2.3e-05,-1.1e-05,0.0,0.0,0.0,0.451926,-0.197193,0.042714,0.36861,0.343041,0.814536,0.467808,-0.932899,0.353357,0.069078,-0.109451,-0.461138,0.880475,0.001176,-0.000413,0.014306,0.12705,-0.1836,-0.110715,0.305815,-0.005455,0.040108,0.001076,-0.201874,-0.857984,0.472345,0.976064,-0.216078,0.024664,0.080902,0.466018,0.881068,0.006615,-0.00019,0.006743,0.197188,-0.176743,-0.300936,0.226196,0.111264,0.033437,-0.03801,-0.487759,0.744168,-0.456403,-0.769561,-0.613361,-0.177658,-0.412147,0.264576,0.871856,7e-06,6.2e-05,3.1e-05,-2e-06,-5e-06,0.0,0.42323
49,0.148176,0.017416,0.408728,-0.420005,0.789494,-0.447594,-0.831146,-0.532614,-0.15966,-0.36393,0.303973,0.880445,1.4e-05,0.000116,5.8e-05,0.0,0.0,0.0,0.451674,-0.197098,0.042957,0.369036,0.342851,0.817271,0.463155,-0.933439,0.351578,0.07084,-0.105354,-0.457641,0.882795,0.000896,0.013068,0.007324,0.136629,-0.179541,-0.048227,0.307393,-0.005408,0.040223,0.001291,-0.201459,-0.86062,0.467703,0.976432,-0.214194,0.02645,0.077416,0.462009,0.883489,0.000402,0.005957,0.003339,0.20857,-0.238829,-0.11656,0.229136,0.111264,0.033435,-0.038,-0.48777,0.744165,-0.456396,-0.769578,-0.613355,-0.177608,-0.412102,0.264601,0.871869,9e-06,9.2e-05,4.4e-05,-2e-06,4e-06,1e-05,0.422904
50,0.148176,0.017386,0.408758,-0.420065,0.789475,-0.447572,-0.831161,-0.532626,-0.15954,-0.363826,0.304002,0.880478,0.0,0.0,0.0,0.0,0.0,0.0,0.451973,-0.197084,0.043224,0.369361,0.343561,0.817199,0.462755,-0.933232,0.351994,0.071501,-0.104871,-0.457449,0.882953,0.000947,-0.003696,0.012431,-0.03629,0.012548,-0.01718,0.307333,-0.0054,0.040371,0.001456,-0.201963,-0.860866,0.467032,0.976343,-0.214567,0.026703,0.077222,0.461377,0.883836,0.000268,0.003999,0.002232,-0.000126,-0.012428,0.02619,0.229625,0.111264,0.033421,-0.037986,-0.487829,0.744139,-0.456375,-0.769594,-0.613368,-0.177489,-0.412003,0.264639,0.871905,-4e-06,6e-06,4e-06,-3.6e-05,-2.3e-05,-6e-06,0.423067
51,0.148174,0.017363,0.408757,-0.420119,0.789454,-0.447557,-0.831149,-0.53266,-0.159491,-0.363791,0.303996,0.880494,-0.000123,-0.001032,-0.000518,0.0,0.0,0.0,0.451734,-0.197074,0.043273,0.369464,0.343729,0.817179,0.462666,-0.933191,0.352054,0.071733,-0.10468,-0.457439,0.88298,0.000336,0.004912,0.00274,0.001696,-0.014582,0.024797,0.307441,-0.005395,0.0404,0.00151,-0.202149,-0.860858,0.466966,0.97632,-0.214641,0.026954,0.077027,0.461358,0.883863,0.000141,0.002131,0.001189,-9.9e-05,0.0003,0.000457,0.229462,0.111264,0.033412,-0.037985,-0.487881,0.744113,-0.456362,-0.76958,-0.613401,-0.177439,-0.411968,0.264638,0.871922,-8.5e-05,-0.000681,-0.000341,-1.1e-05,-1.1e-05,5e-06,0.423067
52,0.148188,0.017337,0.408721,-0.420143,0.789441,-0.447559,-0.831119,-0.532696,-0.159524,-0.363833,0.303967,0.880487,-0.000166,-0.001398,-0.000702,0.0,0.0,0.0,0.452384,-0.197061,0.043248,0.369635,0.342532,0.818543,0.46114,-0.933566,0.351431,0.069889,-0.105265,-0.455472,0.883927,0.000623,-0.008428,0.00979,0.060025,-0.096039,-0.087673,0.306579,-0.005389,0.040383,0.001598,-0.200925,-0.861999,0.465387,0.976501,-0.214036,0.025149,0.077932,0.459505,0.884749,0.0003,-0.004331,0.004829,0.069865,-0.106479,-0.093304,0.228972,0.11127,0.033399,-0.038003,-0.487902,0.744098,-0.456364,-0.769546,-0.613434,-0.177472,-0.412006,0.264605,0.871914,-0.000108,-0.000899,-0.000453,-3e-06,7e-06,8e-06,0.42323
53,0.14824,0.017309,0.408694,-0.420071,0.789464,-0.447585,-0.831137,-0.532651,-0.159579,-0.363873,0.303985,0.880464,-5.9e-05,-0.000497,-0.00025,0.0,0.0,0.0,0.452834,-0.197083,0.043295,0.369794,0.341644,0.819884,0.459414,-0.933816,0.351126,0.068055,-0.105927,-0.453289,0.88497,0.000253,0.003697,0.002057,0.069637,-0.078497,-0.050926,0.30549,-0.0054,0.040402,0.001675,-0.199883,-0.86324,0.463533,0.976629,-0.213672,0.023214,0.079005,0.45734,0.885775,0.00015,0.002242,0.001248,0.081393,-0.092077,-0.060172,0.227666,0.111296,0.033382,-0.038017,-0.487833,0.744128,-0.456388,-0.769568,-0.613391,-0.177527,-0.412048,0.264618,0.87189,-3.3e-05,-0.000281,-0.000141,6e-06,3.2e-05,1.9e-05,0.423883
54,0.148276,0.017291,0.408695,-0.420016,0.789485,-0.4476,-0.831169,-0.532601,-0.159582,-0.363864,0.304019,0.880456,-9e-06,-7.9e-05,-3.9e-05,0.0,0.0,0.0,0.452881,-0.197129,0.043387,0.369871,0.343083,0.820485,0.457263,-0.933559,0.351392,0.070179,-0.103512,-0.45199,0.88592,0.000427,0.006224,0.003459,0.014321,-0.116337,0.195345,0.305363,-0.005424,0.040442,0.00171,-0.201118,-0.864067,0.461452,0.976551,-0.21379,0.025296,0.076796,0.45572,0.886803,0.000188,0.002774,0.001543,-0.003941,-0.000671,0.027466,0.227176,0.111314,0.033372,-0.038017,-0.48778,0.744155,-0.456402,-0.769604,-0.613344,-0.177531,-0.412042,0.264653,0.871882,0.006146,-0.000505,-0.000458,0.000993,-0.014716,0.029565,0.42421
55,0.148292,0.017281,0.408678,-0.419995,0.789491,-0.447609,-0.831167,-0.532594,-0.159614,-0.363892,0.304016,0.880445,-2.3e-05,-0.00019,-9.5e-05,0.0,0.0,0.0,0.452927,-0.197258,0.043637,0.370009,0.345594,0.821717,0.453143,-0.933137,0.351693,0.074169,-0.09884,-0.449509,0.887714,-0.011536,0.007053,0.00474,-0.001504,-0.000845,-0.003722,0.305806,-0.005483,0.040568,0.001779,-0.203818,-0.865577,0.45742,0.976319,-0.214316,0.029479,0.072517,0.452597,0.888761,0.000217,0.003189,0.001769,0.001092,0.001492,-9.2e-05,0.227013,0.111322,0.033368,-0.038025,-0.48776,0.744162,-0.456411,-0.769602,-0.613337,-0.177562,-0.412069,0.264647,0.871871,-1.2e-05,-9.6e-05,-5e-05,-1.2e-05,2e-06,5e-06,0.424047
56,0.148292,0.017281,0.408678,-0.419995,0.789491,-0.447609,-0.831167,-0.532594,-0.159614,-0.363892,0.304016,0.880445,-0.0,-0.0,-0.0,0.0,0.0,0.0,0.452575,-0.197452,0.043965,0.370205,0.342165,0.824361,0.450937,-0.934917,0.346482,0.076252,-0.093796,-0.448715,0.888662,-0.011348,0.009534,0.006098,-0.000349,0.000643,-0.004436,0.306718,-0.00558,0.040729,0.001876,-0.200122,-0.86767,0.455082,0.977426,-0.208911,0.031507,0.067734,0.451114,0.889891,0.000318,0.004634,0.002562,0.002798,-0.013235,0.02453,0.227666,0.111322,0.033368,-0.038025,-0.48776,0.744162,-0.45641,-0.769602,-0.613337,-0.177563,-0.41207,0.264647,0.871871,-2e-06,1.4e-05,7e-06,-2.7e-05,-3.2e-05,-3e-06,0.424373
