frame,MLTx,MLTy,MLTz,MLTR1,MLTR2,MLTR3,MLTR4,MLTR5,MLTR6,MLTR7,MLTR8,MLTR9,MLTTVx,MLTTVy,MLTTVz,MLTRVx,MLTRVy,MLTRVz,MLGA,MRTx,MRTy,MRTz,MRTR1,MRTR2,MRTR3,MRTR4,MRTR5,MRTR6,MRTR7,MRTR8,MRTR9,MRTTVx,MRTTVy,MRTTVz,MRTRVx,MRTRVy,MRTRVz,MRGA,SLTx,SLTy,SLTz,SLTR1,SLTR2,SLTR3,SLTR4,SLTR5,SLTR6,SLTR7,SLTR8,SLTR9,SLTTVx,SLTTVy,SLTTVz,SLTRVx,SLTRVy,SLTRVz,SLGA,SRTx,SRTy,SRTz,SRTR1,SRTR2,SRTR3,SRTR4,SRTR5,SRTR6,SRTR7,SRTR8,SRTR9,SRTTVx,SRTTVy,SRTTVz,SRTRVx,SRTRVy,SRTRVz,SRGA
1,0.238366,-0.060022,0.352408,-0.908601,0.276351,-0.313241,-0.372774,-0.874838,0.309304,-0.187432,0.397453,0.898291,-1e-06,1e-05,1e-05,0.0,0.0,0.0,0.520352,-0.228273,-0.038887,0.320489,-0.771387,-0.630928,0.082974,0.622917,-0.72227,0.300392,-0.128626,0.284207,0.950024,-2e-06,-9e-06,-1e-05,0.0,0.0,0.0,0.534072,0.007809,0.038205,-0.000996,0.79546,0.596818,0.105118,-0.605291,0.774062,0.185607,0.029406,-0.21127,0.976985,-9.2e-05,0.00536,-0.004368,0.036824,-0.012744,0.016245,-0.240815,0.120648,0.023925,-0.031052,0.923317,-0.243214,-0.297204,0.318879,0.916801,0.240397,0.21401,-0.316735,0.924055,7.8e-05,-0.00058,-0.000618,-7.7e-05,0.000119,0.000244,-0.247731
2,0.238369,-0.060042,0.352417,-0.908624,0.276311,-0.31321,-0.372736,-0.874832,0.309369,-0.187397,0.397496,0.89828,1.4e-05,-0.000105,-0.000111,0.0,0.0,0.0,0.519657,-0.228262,-0.038888,0.320487,-0.771399,-0.630915,0.082957,0.6229,-0.722284,0.300393,-0.128634,0.284199,0.950025,-0.0,-0.0,-0.0,0.0,0.0,0.0,0.534321,0.007809,0.038205,-0.000996,0.79546,0.596818,0.105118,-0.605291,0.774062,0.185607,0.029406,-0.21127,0.976985,-9.2e-05,0.00536,-0.004368,0.036824,-0.012744,0.016245,-0.240815,0.120648,0.023925,-0.031052,0.923317,-0.243214,-0.297204,0.318879,0.916801,0.240397,0.21401,-0.316735,0.924055,7.8e-05,-0.00058,-0.000618,-7.7e-05,0.000119,0.000244,-0.247731
3,0.238384,-0.060085,0.352461,-0.907003,0.281623,-0.313175,-0.377868,-0.872569,0.309536,-0.18497,0.398734,0.898235,0.0,-0.0,-0.0,-0.004434,0.076378,-0.183591,0.519644,-0.228261,-0.03885,0.320468,-0.771435,-0.63088,0.082887,0.622861,-0.722359,0.300294,-0.128605,0.284087,0.950063,0.0,0.0,0.0,0.0,0.0,0.0,0.534081,0.007809,0.038205,-0.000996,0.79546,0.596818,0.105118,-0.605291,0.774062,0.185607,0.029406,-0.21127,0.976985,-9.2e-05,0.00536,-0.004368,0.036824,-0.012744,0.016245,-0.240815,0.120648,0.023925,-0.031052,0.923317,-0.243214,-0.297204,0.318879,0.916801,0.240397,0.21401,-0.316735,0.924055,7.8e-05,-0.00058,-0.000618,-7.7e-05,0.000119,0.000244,-0.247731
4,0.238348,-0.060075,0.352459,-0.907019,0.281605,-0.313148,-0.377836,-0.872587,0.309523,-0.18496,0.398706,0.898249,-6e-06,4.7e-05,4.9e-05,0.0,0.0,0.0,0.52011,-0.22825,-0.038859,0.320473,-0.771441,-0.630874,0.082883,0.622851,-0.722357,0.300319,-0.128622,0.284105,0.950055,0.000223,0.001153,0.001306,0.001719,-0.013778,0.025251,0.534325,0.007809,0.038205,-0.000996,0.79546,0.596818,0.105118,-0.605291,0.774062,0.185607,0.029406,-0.21127,0.976985,-9.2e-05,0.00536,-0.004368,0.036824,-0.012744,0.016245,-0.240815,0.120648,0.023925,-0.031052,0.923317,-0.243214,-0.297204,0.318879,0.916801,0.240397,0.21401,-0.316735,0.924055,7.8e-05,-0.00058,-0.000618,-7.7e-05,0.000119,0.000244,-0.248057
5,0.238337,-0.060075,0.352445,-0.906968,0.281686,-0.31322,-0.377933,-0.872567,0.309462,-0.185009,0.398693,0.898245,0.015568,0.000521,-0.000932,0.000341,-0.003646,0.002951,0.520624,-0.228237,-0.038862,0.320485,-0.771457,-0.630856,0.082864,0.622826,-0.722368,0.300345,-0.128646,0.284115,0.950049,4.1e-05,0.00021,0.000238,0.0,0.0,0.0,0.534121,0.007809,0.038205,-0.000996,0.79546,0.596818,0.105118,-0.605291,0.774062,0.185607,0.029406,-0.21127,0.976985,-9.2e-05,0.00536,-0.004368,0.036824,-0.012744,0.016245,-0.240815,0.120648,0.023925,-0.031052,0.923317,-0.243214,-0.297204,0.318879,0.916801,0.240397,0.21401,-0.316735,0.924055,7.8e-05,-0.00058,-0.000618,-7.7e-05,0.000119,0.000244,-0.248057
6,0.238327,-0.060099,0.352467,-0.907062,0.281535,-0.313083,-0.377758,-0.872592,0.309603,-0.184905,0.398743,0.898243,-4.3e-05,0.00032,0.00034,0.0,0.0,0.0,0.519995,-0.228246,-0.038842,0.320493,-0.7714,-0.630916,0.082944,0.622907,-0.722309,0.300318,-0.128594,0.284134,0.95005,1e-06,4e-06,5e-06,0.0,0.0,0.0,0.534195,0.007809,0.038205,-0.000996,0.79546,0.596818,0.105118,-0.605291,0.774062,0.185607,0.029406,-0.21127,0.976985,-9.2e-05,0.00536,-0.004368,0.036824,-0.012744,0.016245,-0.240815,0.120648,0.023925,-0.031052,0.923317,-0.243214,-0.297204,0.318879,0.916801,0.240397,0.21401,-0.316735,0.924055,7.8e-05,-0.00058,-0.000618,-7.7e-05,0.000119,0.000244,-0.247731
7,0.238325,-0.060078,0.352459,-0.907039,0.281575,-0.313114,-0.377796,-0.872599,0.309538,-0.184939,0.398701,0.898255,-0.0,4e-06,4e-06,0.0,0.0,0.0,0.520338,-0.22825,-0.038851,0.320466,-0.771447,-0.630867,0.08287,0.622845,-0.722373,0.300294,-0.128613,0.284079,0.950064,-8.9e-05,-0.000458,-0.000518,0.0,0.0,0.0,0.534262,0.007809,0.038205,-0.000996,0.79546,0.596818,0.105118,-0.605291,0.774062,0.185607,0.029406,-0.21127,0.976985,-9.2e-05,0.00536,-0.004368,0.036824,-0.012744,0.016245,-0.240815,0.120648,0.023925,-0.031052,0.923317,-0.243214,-0.297204,0.318879,0.916801,0.240397,0.21401,-0.316735,0.924055,7.8e-05,-0.00058,-0.000618,-7.7e-05,0.000119,0.000244,-0.247731
8,0.238335,-0.060062,0.352444,-0.908666,0.276241,-0.313148,-0.372663,-0.874826,0.309472,-0.187334,0.397557,0.898266,0.015407,0.001721,0.000344,0.000994,-0.014725,0.029524,0.52048,-0.22825,-0.038851,0.320466,-0.771447,-0.630867,0.08287,0.622845,-0.722373,0.300294,-0.128613,0.284079,0.950064,-0.01517,0.001073,0.001613,-0.002045,0.015205,-0.029245,0.534242,0.007809,0.038205,-0.000996,0.79546,0.596818,0.105118,-0.605291,0.774062,0.185607,0.029406,-0.21127,0.976985,-9.2e-05,0.00536,-0.004368,0.036824,-0.012744,0.016245,-0.240815,0.120648,0.023925,-0.031052,0.923317,-0.243214,-0.297204,0.318879,0.916801,0.240397,0.21401,-0.316735,0.924055,7.8e-05,-0.00058,-0.000618,-7.7e-05,0.000119,0.000244,-0.247731
9,0.238324,-0.060063,0.352444,-0.908677,0.276226,-0.313131,-0.372643,-0.874832,0.30948,-0.187324,0.397555,0.898269,-0.000161,0.0012,0.001276,0.000643,-0.011069,0.026601,0.520246,-0.22825,-0.038843,0.32046,-0.771454,-0.630861,0.082856,0.622839,-0.722389,0.30027,-0.128604,0.284053,0.950073,-0.0,-0.0,-0.0,0.0,0.0,0.0,0.534083,0.007809,0.038205,-0.000996,0.79546,0.596818,0.105118,-0.605291,0.774062,0.185607,0.029406,-0.21127,0.976985,-9.2e-05,0.00536,-0.004368,0.036824,-0.012744,0.016245,-0.240815,0.120648,0.023925,-0.031052,0.923317,-0.243214,-0.297204,0.318879,0.916801,0.240397,0.21401,-0.316735,0.924055,7.8e-05,-0.00058,-0.000618,-7.7e-05,0.000119,0.000244,-0.247731
10,0.238334,-0.060049,0.352443,-0.91027,0.270883,-0.31317,-0.367505,-0.877018,0.309436,-0.189706,0.39642,0.89827,-2.3e-05,0.000171,0.000182,0.014019,-0.013852,-0.040211,0.519841,-0.228249,-0.038845,0.320473,-0.771458,-0.630857,0.082854,0.62283,-0.722385,0.300295,-0.12862,0.284071,0.950065,5e-06,2.8e-05,3.1e-05,0.0,0.0,0.0,0.533846,0.007809,0.038205,-0.000996,0.79546,0.596818,0.105118,-0.605291,0.774062,0.185607,0.029406,-0.21127,0.976985,-9.2e-05,0.00536,-0.004368,0.036824,-0.012744,0.016245,-0.240815,0.120648,0.023925,-0.031052,0.923317,-0.243214,-0.297204,0.318879,0.916801,0.240397,0.21401,-0.316735,0.924055,7.8e-05,-0.00058,-0.000618,-7.7e-05,0.000119,0.000244,-0.247731
11,0.238322,-0.060041,0.352422,-0.91342,0.260082,-0.313157,-0.357075,-0.881332,0.309393,-0.194395,0.394097,0.89829,2e-06,-1.5e-05,-1.6e-05,1.730669,-1.709866,-4.964424,0.520577,-0.228236,-0.03884,0.320478,-0.77148,-0.630833,0.082821,0.622799,-0.722412,0.300295,-0.128635,0.284056,0.950068,0.000168,0.00087,0.000986,0.001719,-0.013778,0.025251,0.534262,0.007809,0.038205,-0.000996,0.79546,0.596818,0.105118,-0.605291,0.774062,0.185607,0.029406,-0.21127,0.976985,-9.2e-05,0.00536,-0.004368,0.036824,-0.012744,0.016245,-0.240815,0.120648,0.023925,-0.031052,0.923317,-0.243214,-0.297204,0.318879,0.916801,0.240397,0.21401,-0.316735,0.924055,7.8e-05,-0.00058,-0.000618,-7.7e-05,0.000119,0.000244,-0.247894
12,0.238321,-0.060034,0.352415,-0.913413,0.260095,-0.313165,-0.357085,-0.881338,0.309364,-0.194407,0.394075,0.898297,0.0,-0.0,-0.0,0.0,-0.0,-0.0,0.520489,-0.228237,-0.038838,0.320465,-0.771476,-0.630838,0.082824,0.622807,-0.722415,0.30027,-0.128619,0.284037,0.950076,0.015164,-0.0011,-0.001644,0.002045,-0.015205,0.029245,0.534231,0.007809,0.038205,-0.000996,0.79546,0.596818,0.105118,-0.605291,0.774062,0.185607,0.029406,-0.21127,0.976985,-9.2e-05,0.00536,-0.004368,0.036824,-0.012744,0.016245,-0.240815,0.120648,0.023925,-0.031052,0.923317,-0.243214,-0.297204,0.318879,0.916801,0.240397,0.21401,-0.316735,0.924055,7.8e-05,-0.00058,-0.000618,-7.7e-05,0.000119,0.000244,-0.247894
13,0.238345,-0.06004,0.352436,-0.913458,0.260014,-0.313101,-0.356998,-0.881344,0.309446,-0.194357,0.394114,0.898291,-3.7e-05,0.000278,0.000296,0.0,0.0,0.0,0.520008,-0.228236,-0.038832,0.320472,-0.771487,-0.630827,0.082808,0.622793,-0.722427,0.300271,-0.128626,0.28403,0.950077,1.7e-05,8.6e-05,9.7e-05,0.0,0.0,0.0,0.534236,0.007809,0.038205,-0.000996,0.79546,0.596818,0.105118,-0.605291,0.774062,0.185607,0.029406,-0.21127,0.976985,-9.2e-05,0.00536,-0.004368,0.036824,-0.012744,0.016245,-0.240815,0.120648,0.023925,-0.031052,0.923317,-0.243214,-0.297204,0.318879,0.916801,0.240397,0.21401,-0.316735,0.924055,7.8e-05,-0.00058,-0.000618,-7.7e-05,0.000119,0.000244,-0.247731
14,0.238413,-0.060025,0.35243,-0.913331,0.260217,-0.313305,-0.357254,-0.881283,0.309325,-0.194485,0.394117,0.898262,-0.0,0.0,0.0,0.0,0.0,0.0,0.52029,-0.228211,-0.038814,0.320476,-0.776215,-0.624819,0.084161,0.617284,-0.726331,0.302221,-0.126729,0.287335,0.949337,2e-06,1.3e-05,1.4e-05,0.005064,-0.088648,0.178251,0.534016,0.007809,0.038205,-0.000996,0.79546,0.596818,0.105118,-0.605291,0.774062,0.185607,0.029406,-0.21127,0.976985,-9.2e-05,0.00536,-0.004368,0.036824,-0.012744,0.016245,-0.240815,0.120648,0.023925,-0.031052,0.923317,-0.243214,-0.297204,0.318879,0.916801,0.240397,0.21401,-0.316735,0.924055,7.8e-05,-0.00058,-0.000618,-7.7e-05,0.000119,0.000244,-0.247894
15,0.238461,-0.060036,0.35246,-0.913362,0.260154,-0.313266,-0.357197,-0.881272,0.309421,-0.194442,0.394183,0.898243,-9e-06,6.4e-05,6.8e-05,0.0,0.0,0.0,0.519215,-0.228224,-0.038819,0.320471,-0.776193,-0.624842,0.084194,0.617316,-0.726304,0.302221,-0.126714,0.287351,0.949335,-4e-06,-2e-05,-2.2e-05,0.011861,-0.095096,0.17426,0.534401,0.007809,0.038205,-0.000996,0.79546,0.596818,0.105118,-0.605291,0.774062,0.185607,0.029406,-0.21127,0.976985,-9.2e-05,0.00536,-0.004368,0.036824,-0.012744,0.016245,-0.240815,0.120648,0.023925,-0.031052,0.923317,-0.243214,-0.297204,0.318879,0.916801,0.240397,0.21401,-0.316735,0.924055,7.8e-05,-0.00058,-0.000618,-7.7e-05,0.000119,0.000244,-0.247731
16,0.23845,-0.060053,0.352488,-0.913323,0.260212,-0.313331,-0.35729,-0.88122,0.309463,-0.194454,0.394261,0.898206,-3.2e-05,0.000237,0.000252,0.0,0.0,0.0,0.5192,-0.228224,-0.038819,0.320471,-0.776193,-0.624842,0.084194,0.617316,-0.726304,0.302221,-0.126714,0.287351,0.949335,-0.0,-0.0,-0.0,-0.0,0.0,0.0,0.533884,0.007809,0.038205,-0.000996,0.79546,0.596818,0.105118,-0.605291,0.774062,0.185607,0.029406,-0.21127,0.976985,-9.2e-05,0.00536,-0.004368,0.036824,-0.012744,0.016245,-0.240815,0.120648,0.023925,-0.031052,0.923317,-0.243214,-0.297204,0.318879,0.916801,0.240397,0.21401,-0.316735,0.924055,7.8e-05,-0.00058,-0.000618,-7.7e-05,0.000119,0.000244,-0.248057
17,0.238369,-0.060055,0.352479,-0.911831,0.265523,-0.313222,-0.362372,-0.879134,0.309487,-0.192057,0.395368,0.898235,-0.0,0.0,0.0,-0.001259,0.001244,0.00361,0.519941,-0.228224,-0.038819,0.320471,-0.776193,-0.624842,0.084194,0.617316,-0.726304,0.302221,-0.126714,0.287351,0.949335,-0.0,-0.0,-0.0,-0.0,0.0,0.0,0.533936,0.007809,0.038205,-0.000996,0.79546,0.596818,0.105118,-0.605291,0.774062,0.185607,0.029406,-0.21127,0.976985,-9.2e-05,0.00536,-0.004368,0.036824,-0.012744,0.016245,-0.240815,0.120648,0.023925,-0.031052,0.923317,-0.243214,-0.297204,0.318879,0.916801,0.240397,0.21401,-0.316735,0.924055,7.8e-05,-0.00058,-0.000618,-7.7e-05,0.000119,0.000244,-0.247894
18,0.238347,-0.060068,0.352452,-0.911871,0.265463,-0.313156,-0.362287,-0.879166,0.309494,-0.192026,0.395335,0.898256,1.8e-05,-0.000135,-0.000143,-0.0,0.0,0.0,0.519992,-0.228248,-0.038823,0.320466,-0.776158,-0.624878,0.084244,0.617364,-0.726264,0.30222,-0.126691,0.287375,0.949331,-0.015205,0.000887,0.001403,-0.002045,0.015205,-0.029245,0.534288,0.007809,0.038205,-0.000996,0.79546,0.596818,0.105118,-0.605291,0.774062,0.185607,0.029406,-0.21127,0.976985,-9.2e-05,0.00536,-0.004368,0.036824,-0.012744,0.016245,-0.240815,0.120648,0.023925,-0.031052,0.923317,-0.243214,-0.297204,0.318879,0.916801,0.240397,0.21401,-0.316735,0.924055,7.8e-05,-0.00058,-0.000618,-7.7e-05,0.000119,0.000244,-0.247894
19,0.23836,-0.06008,0.352453,-0.911876,0.265451,-0.313151,-0.362279,-0.87916,0.309522,-0.192015,0.395358,0.898248,4e-06,-2.6e-05,-2.8e-05,-0.0,0.0,0.0,0.520097,-0.228238,-0.038822,0.320452,-0.775211,-0.626246,0.082796,0.618506,-0.726121,0.300221,-0.126917,0.284741,0.950094,-0.000191,-0.000985,-0.001115,0.03453,-0.032764,-0.020274,0.534293,0.007809,0.038205,-0.000996,0.79546,0.596818,0.105118,-0.605291,0.774062,0.185607,0.029406,-0.21127,0.976985,-9.2e-05,0.00536,-0.004368,0.036824,-0.012744,0.016245,-0.240815,0.120648,0.023925,-0.031052,0.923317,-0.243214,-0.297204,0.318879,0.916801,0.240397,0.21401,-0.316735,0.924055,7.8e-05,-0.00058,-0.000618,-7.7e-05,0.000119,0.000244,-0.247894
20,0.23836,-0.06008,0.352453,-0.910288,0.270845,-0.313151,-0.367478,-0.876999,0.309522,-0.189671,0.396488,0.898248,0.000151,-0.001125,-0.001196,-1.7309,1.721274,4.936504,0.519585,-0.228258,-0.038841,0.320494,-0.775182,-0.626275,0.082854,0.618536,-0.726055,0.30032,-0.126951,0.284848,0.950057,1.4e-05,7.5e-05,8.5e-05,6e-06,-6e-06,-4e-06,0.534239,0.007809,0.038205,-0.000996,0.79546,0.596818,0.105118,-0.605291,0.774062,0.185607,0.029406,-0.21127,0.976985,-9.2e-05,0.00536,-0.004368,0.036824,-0.012744,0.016245,-0.240815,0.120648,0.023925,-0.031052,0.923317,-0.243214,-0.297204,0.318879,0.916801,0.240397,0.21401,-0.316735,0.924055,7.8e-05,-0.00058,-0.000618,-7.7e-05,0.000119,0.000244,-0.247894
21,0.238326,-0.060084,0.352452,-0.9087,0.276185,-0.3131,-0.372605,-0.874826,0.309545,-0.187289,0.397597,0.898257,0.000883,-0.009749,0.00977,-0.035366,0.005063,-0.022241,0.519893,-0.228235,-0.038834,0.320485,-0.775141,-0.626318,0.082913,0.618596,-0.726015,0.300293,-0.126908,0.284856,0.950061,0.0,0.0,0.0,0.0,-0.0,-0.0,0.534189,0.007809,0.038205,-0.000996,0.79546,0.596818,0.105118,-0.605291,0.774062,0.185607,0.029406,-0.21127,0.976985,-9.2e-05,0.00536,-0.004368,0.036824,-0.012744,0.016245,-0.240815,0.120648,0.023925,-0.031052,0.923317,-0.243214,-0.297204,0.318879,0.916801,0.240397,0.21401,-0.316735,0.924055,7.8e-05,-0.00058,-0.000618,-7.7e-05,0.000119,0.000244,-0.247731
22,0.238326,-0.060084,0.352452,-0.907048,0.281561,-0.3131,-0.377778,-0.872604,0.309545,-0.184932,0.398699,0.898257,-0.00088,0.009727,-0.009794,0.035363,-0.00506,0.02225,0.519631,-0.228236,-0.03884,0.320478,-0.775131,-0.626329,0.082928,0.618611,-0.726002,0.300293,-0.126901,0.284864,0.950059,-4e-06,-2e-05,-2.3e-05,0.0,-0.0,-0.0,0.534145,0.007809,0.038205,-0.000996,0.79546,0.596818,0.105118,-0.605291,0.774062,0.185607,0.029406,-0.21127,0.976985,-9.2e-05,0.00536,-0.004368,0.036824,-0.012744,0.016245,-0.240815,0.120648,0.023925,-0.031052,0.923317,-0.243214,-0.297204,0.318879,0.916801,0.240397,0.21401,-0.316735,0.924055,7.8e-05,-0.00058,-0.000618,-7.7e-05,0.000119,0.000244,-0.247894
23,0.23836,-0.06008,0.352453,-0.905334,0.286972,-0.313151,-0.382998,-0.870333,0.309522,-0.182598,0.399795,0.898248,8.4e-05,-0.000623,-0.000662,-0.0,0.0,0.0,0.500874,-0.228245,-0.038844,0.320506,-0.775198,-0.626257,0.082835,0.618511,-0.726066,0.300345,-0.126975,0.284858,0.950051,7.6e-05,0.000394,0.000446,0.0,-0.0,-0.0,0.533651,0.007809,0.038205,-0.000996,0.79546,0.596818,0.105118,-0.605291,0.774062,0.185607,0.029406,-0.21127,0.976985,-9.2e-05,0.00536,-0.004368,0.036824,-0.012744,0.016245,-0.240815,0.120648,0.023925,-0.031052,0.923317,-0.243214,-0.297204,0.318879,0.916801,0.240397,0.21401,-0.316735,0.924055,7.8e-05,-0.00058,-0.000618,-7.7e-05,0.000119,0.000244,-0.247731
24,0.23865,-0.060015,0.352253,-0.905022,0.287453,-0.31361,-0.383533,-0.870314,0.308914,-0.183019,0.399491,0.898298,0.015935,-0.002171,-0.003802,0.000341,-0.003635,0.002956,0.180826,-0.22829,-0.038827,0.320511,-0.775095,-0.626366,0.082982,0.618657,-0.725953,0.300317,-0.126892,0.284909,0.950047,-0.000225,-0.00116,-0.001314,0.04094,0.148164,0.468714,0.48584,0.007809,0.038205,-0.000996,0.79546,0.596818,0.105118,-0.605291,0.774062,0.185607,0.029406,-0.21127,0.976985,-9.2e-05,0.00536,-0.004368,0.036824,-0.012744,0.016245,-0.240815,0.120648,0.023925,-0.031052,0.923317,-0.243214,-0.297204,0.318879,0.916801,0.240397,0.21401,-0.316735,0.924055,7.8e-05,-0.00058,-0.000618,-7.7e-05,0.000119,0.000244,-0.247894
25,0.238852,-0.060086,0.351977,-0.90498,0.287523,-0.313666,-0.38356,-0.870414,0.308598,-0.183168,0.399222,0.898386,0.000583,-0.004296,-0.004579,0.0,0.0,0.0,-0.368229,-0.2285,-0.039004,0.320393,-0.763487,-0.640395,0.083518,0.631924,-0.714386,0.30043,-0.13177,0.282966,0.949963,-0.001071,-0.005508,-0.006247,0.011865,-0.095061,0.174279,0.132696,0.007809,0.038205,-0.000996,0.79546,0.596818,0.105118,-0.605291,0.774062,0.185607,0.029406,-0.21127,0.976985,-9.2e-05,0.00536,-0.004368,0.036824,-0.012744,0.016245,-0.240815,0.120648,0.023925,-0.031052,0.923317,-0.243214,-0.297204,0.318879,0.916801,0.240397,0.21401,-0.316735,0.924055,7.8e-05,-0.00058,-0.000618,-7.7e-05,0.000119,0.000244,-0.247894
26,0.238852,-0.060086,0.351977,-0.90498,0.287523,-0.313666,-0.38356,-0.870414,0.308598,-0.183168,0.399222,0.898386,0.000583,-0.004296,-0.004579,0.0,0.0,0.0,-0.368229,-0.2285,-0.039004,0.320393,-0.763487,-0.640395,0.083518,0.631924,-0.714386,0.30043,-0.13177,0.282966,0.949963,-0.001071,-0.005508,-0.006247,0.011865,-0.095061,0.174279,0.132696,0.007809,0.038205,-0.000996,0.79546,0.596818,0.105118,-0.605291,0.774062,0.185607,0.029406,-0.21127,0.976985,-9.2e-05,0.00536,-0.004368,0.036824,-0.012744,0.016245,-0.240815,0.120648,0.023925,-0.031052,0.923317,-0.243214,-0.297204,0.318879,0.916801,0.240397,0.21401,-0.316735,0.924055,7.8e-05,-0.00058,-0.000618,-7.7e-05,0.000119,0.000244,-0.247894
27,0.23813,-0.060153,0.3516,-0.898588,0.28562,-0.333177,-0.3859,-0.875819,0.289819,-0.207911,0.38864,0.897641,-0.031342,0.003449,-0.013515,0.543348,-0.688508,0.695873,-1.870668,-0.228879,-0.039066,0.319924,-0.763209,-0.640688,0.083804,0.632369,-0.714268,0.299774,-0.131244,0.2826,0.950145,-0.016443,0.006283,-0.013398,0.034121,0.00154,-0.012609,-0.488469,0.007809,0.038205,-0.000996,0.79546,0.596818,0.105118,-0.605291,0.774062,0.185607,0.029406,-0.21127,0.976985,-9.2e-05,0.00536,-0.004368,0.036824,-0.012744,0.016245,-0.240815,0.120615,0.023963,-0.031084,0.922274,-0.243045,-0.300562,0.318996,0.917709,0.23675,0.218287,-0.314227,0.92391,-0.009826,0.007729,-0.012056,0.374303,-0.467375,0.564422,-0.258345
28,0.23813,-0.060153,0.3516,-0.898588,0.28562,-0.333177,-0.3859,-0.875819,0.289819,-0.207911,0.38864,0.897641,-0.031342,0.003449,-0.013515,0.543348,-0.688508,0.695873,-1.870668,-0.228879,-0.039066,0.319924,-0.763209,-0.640688,0.083804,0.632369,-0.714268,0.299774,-0.131244,0.2826,0.950145,-0.016443,0.006283,-0.013398,0.034121,0.00154,-0.012609,-0.488469,0.007809,0.038205,-0.000996,0.79546,0.596818,0.105118,-0.605291,0.774062,0.185607,0.029406,-0.21127,0.976985,-9.2e-05,0.00536,-0.004368,0.036824,-0.012744,0.016245,-0.240815,0.120615,0.023963,-0.031084,0.922274,-0.243045,-0.300562,0.318996,0.917709,0.23675,0.218287,-0.314227,0.92391,-0.009826,0.007729,-0.012056,0.374303,-0.467375,0.564422,-0.258345
29,0.236992,-0.060273,0.351174,-0.869974,0.319105,-0.375983,-0.42568,-0.870859,0.245708,-0.247943,0.373406,0.893935,-0.012151,-0.033014,0.006568,-0.077583,0.124112,-0.31051,-1.910936,-0.228955,-0.038365,0.318854,-0.766538,-0.636006,0.088924,0.629778,-0.717677,0.297073,-0.124158,0.28453,0.950521,-0.01577,0.009698,-0.009517,-0.083816,0.201105,-0.123433,-1.405994,0.007795,0.038342,-0.000949,0.793466,0.597874,0.113829,-0.608267,0.772711,0.181459,0.020532,-0.21322,0.976788,6.2e-05,-0.001004,-0.00197,-0.14728,0.138002,0.078148,-0.279025,0.119983,0.023939,-0.031312,0.894434,-0.283026,-0.346239,0.361868,0.912968,0.188522,0.262749,-0.293914,0.919009,-0.006617,-0.011775,-0.001827,-0.043172,0.109415,-0.261873,-0.55488
30,0.236673,-0.061781,0.351271,-0.878981,0.311033,-0.361519,-0.416691,-0.869606,0.264813,-0.230924,0.383015,0.894428,-0.01071,-0.047733,0.010895,-0.599938,0.613866,-0.514246,-1.909473,-0.229197,-0.038202,0.318432,-0.765417,-0.63631,0.096113,0.631727,-0.714786,0.299893,-0.121163,0.291069,0.948926,-0.016146,-0.003792,-0.003962,-0.39733,0.409147,0.182331,-1.283297,0.007682,0.038439,-0.001169,0.79116,0.599836,0.119425,-0.611358,0.770022,0.182502,0.017511,-0.217399,0.975925,-0.000435,0.003167,-0.00712,0.050336,-0.024673,0.018666,-0.391695,0.119825,0.023198,-0.031276,0.901768,-0.273883,-0.334365,0.353434,0.912562,0.205704,0.24879,-0.303674,0.919719,-0.005326,-0.02439,0.004869,-0.10427,0.067707,-0.152567,-0.677838
31,0.236517,-0.062524,0.351344,-0.883427,0.31132,-0.350261,-0.413337,-0.869855,0.269218,-0.219768,0.382218,0.897574,-0.010825,-0.047129,0.011484,-0.012012,0.505083,-0.146088,-1.779541,-0.229447,-0.03811,0.318196,-0.765121,-0.636616,0.096443,0.632179,-0.714622,0.299329,-0.120676,0.290802,0.94907,-0.016303,0.007024,-0.012592,0.028354,0.00697,-0.009211,-0.701979,0.007552,0.038483,-0.001293,0.791601,0.598858,0.121389,-0.610809,0.770101,0.184,0.016708,-0.219801,0.975401,-0.00811,0.003473,-0.006471,0.050076,-0.010293,-0.009194,-0.265798,0.119743,0.022806,-0.031245,0.906972,-0.271867,-0.321696,0.349015,0.912659,0.212698,0.235774,-0.305188,0.922642,-0.005844,-0.018883,0.000645,-0.213549,1.108523,-0.36653,-0.732377
32,0.236293,-0.063711,0.351814,-0.886685,0.329678,-0.324265,-0.419254,-0.868996,0.262763,-0.194058,0.368523,0.909153,0.001899,-0.020897,0.018021,0.426822,0.665677,-7.5e-05,-0.417265,-0.2304,-0.037964,0.318182,-0.766371,-0.635872,0.09129,0.629135,-0.714511,0.305937,-0.128345,0.292704,0.947478,-0.030059,0.003746,0.004987,-0.006179,0.029786,-0.057302,0.03311,0.007087,0.038547,-0.001313,0.793331,0.59759,0.116236,-0.608297,0.770426,0.190831,0.024488,-0.222099,0.974716,-0.014878,-0.003197,0.007161,-0.025134,0.027589,-0.050556,0.026329,0.119629,0.022179,-0.031039,0.911309,-0.288105,-0.294126,0.35483,0.911922,0.206136,0.208831,-0.292219,0.933272,0.000454,-0.005173,0.004559,0.651387,0.865034,0.090565,-0.467683
33,0.236224,-0.063819,0.352314,-0.879133,0.37224,-0.297669,-0.446887,-0.860922,0.243057,-0.164704,0.346235,0.923591,-0.000759,0.005968,0.006455,-1.083415,2.125618,5.011242,0.091086,-0.231566,-0.038014,0.318468,-0.751813,-0.655005,0.075737,0.640702,-0.698804,0.317973,-0.154403,0.288414,0.944902,-0.030146,0.003335,0.004473,-0.007875,0.025252,-0.056447,0.306928,0.006505,0.038528,-0.001165,0.781434,0.616265,0.097857,-0.621903,0.756382,0.202785,0.050952,-0.21932,0.97432,-0.014965,-0.003532,0.006795,-0.031722,-0.054611,0.101491,0.336581,0.119595,0.022121,-0.030778,0.908082,-0.324006,-0.265341,0.378188,0.906593,0.187248,0.179887,-0.270386,0.945796,-0.00085,0.008095,-0.001403,0.612554,0.739006,0.123252,-0.168045
34,0.236263,-0.063519,0.352281,-0.876909,0.385097,-0.287708,-0.45464,-0.858831,0.235973,-0.155133,0.337247,0.928561,-0.00169,0.016266,-0.002729,0.520424,0.685579,-0.105687,0.243553,-0.232157,-0.037988,0.318653,-0.752684,-0.655066,0.065929,0.636832,-0.699222,0.324757,-0.165691,0.287258,0.943341,-0.029712,0.005428,0.006843,-0.003303,-0.096622,0.14733,0.410315,0.006198,0.03854,-0.001073,0.783169,0.615517,0.088228,-0.618672,0.757101,0.209861,0.062375,-0.218941,0.973741,-0.01484,0.0028,0.003537,0.006975,-0.082433,0.143102,0.497749,0.119614,0.022272,-0.030785,0.904721,-0.34174,-0.254348,0.391617,0.902186,0.18082,0.167676,-0.263198,0.950058,-0.000865,0.008228,-0.001264,0.535235,0.630147,0.108776,-0.014389
35,0.236708,-0.062531,0.351774,-0.877165,0.389545,-0.280857,-0.455775,-0.859561,0.231074,-0.150313,0.330208,0.931877,0.01257,0.033423,-0.026295,0.105761,0.049137,-0.086305,0.36889,-0.233138,-0.037692,0.318793,-0.754176,-0.654554,0.052613,0.631179,-0.70069,0.332535,-0.179848,0.28483,0.941483,-0.014622,0.00379,0.00463,-0.002075,0.015163,-0.029229,0.504063,0.005725,0.038684,-0.001001,0.785767,0.613918,0.07533,-0.613752,0.758807,0.217989,0.076666,-0.217523,0.973039,-0.007345,0.001744,0.002159,0.004125,0.023625,-0.031797,0.514078,0.119829,0.022772,-0.031017,0.90515,-0.346624,-0.246077,0.393209,0.902672,0.174841,0.161523,-0.255017,0.953349,0.006711,0.011922,-0.008175,0.045824,-0.062909,0.094875,0.294884
36,0.237535,-0.061654,0.350958,-0.874529,0.393307,-0.283821,-0.459795,-0.858552,0.226822,-0.153381,0.328368,0.932028,0.014682,0.010836,-0.010101,0.04082,-0.096186,0.235374,0.369447,-0.233753,-0.037668,0.318769,-0.753057,-0.655701,0.05434,0.632743,-0.699314,0.33246,-0.179045,0.285578,0.941409,-0.001027,-0.004857,-0.005552,-0.001693,0.013912,-0.02518,0.507098,0.005409,0.038718,-0.000995,0.78471,0.615095,0.076731,-0.615208,0.757686,0.217786,0.075821,-0.218104,0.972975,-0.000607,-0.00287,-0.003268,-0.001642,0.014028,-0.025373,0.515221,0.120231,0.02321,-0.031423,0.902983,-0.350262,-0.24887,0.396936,0.901763,0.171067,0.164504,-0.253256,0.953309,0.014687,0.010884,-0.010057,0.077565,-0.117127,0.283899,0.518755
37,0.238305,-0.061086,0.350471,-0.871194,0.397909,-0.287637,-0.465036,-0.856671,0.223221,-0.156509,0.32773,0.931732,0.014532,0.01186,-0.00901,0.036353,-0.01982,0.051783,0.36716,-0.233851,-0.038058,0.318292,-0.751713,-0.657061,0.056473,0.634612,-0.697632,0.332431,-0.178083,0.286567,0.941291,-0.002827,-0.013331,-0.015309,-0.003386,0.027826,-0.050358,0.476349,0.005356,0.038528,-0.001227,0.783186,0.616783,0.078721,-0.617275,0.756026,0.217703,0.07476,-0.219095,0.972835,0.00612,-0.007564,-0.008821,0.0003,-0.001311,0.003958,0.515221,0.120628,0.023498,-0.031679,0.899958,-0.355404,-0.252511,0.402425,0.899991,0.167539,0.167714,-0.252395,0.952978,0.007709,0.001106,0.000424,0.006132,-0.091778,0.210882,0.521368
38,0.238643,-0.060952,0.350445,-0.869604,0.400042,-0.289483,-0.467579,-0.855585,0.222069,-0.157762,0.327966,0.931438,0.015272,0.003141,0.001868,0.005457,-0.091433,0.213001,0.379046,-0.233702,-0.038388,0.317892,-0.751098,-0.657678,0.057463,0.635467,-0.696862,0.332412,-0.177631,0.287026,0.941237,-0.003331,-0.015726,-0.018124,-0.003387,0.027827,-0.050357,0.46173,0.005425,0.038368,-0.001421,0.782532,0.617502,0.079586,-0.618161,0.755314,0.217662,0.074294,-0.219525,0.972773,0.005843,-0.008926,-0.010421,-0.001396,0.012605,-0.021203,0.515384,0.120802,0.023568,-0.031697,0.898538,-0.357757,-0.254239,0.405044,0.899018,0.166448,0.169018,-0.252538,0.952709,0.007633,0.001638,0.000993,0.006045,-0.09173,0.21126,0.521694
39,0.239014,-0.060904,0.35046,-0.867064,0.403408,-0.292417,-0.471657,-0.853729,0.220583,-0.159585,0.328673,0.930878,-0.0,1e-06,1e-06,0.0,0.0,0.0,0.415183,-0.233185,-0.039123,0.317013,-0.750567,-0.658206,0.058352,0.636212,-0.696193,0.33239,-0.177212,0.287442,0.941189,0.011105,-0.020785,-0.024424,-0.003038,0.026538,-0.046289,0.409257,0.005682,0.037994,-0.001868,0.781944,0.618142,0.080393,-0.618957,0.754674,0.217619,0.073849,-0.219926,0.972716,0.013178,-0.010993,-0.013054,0.000679,-0.002587,0.008061,0.515221,0.120987,0.023594,-0.031687,0.896293,-0.36143,-0.256956,0.409206,0.897376,0.165123,0.170906,-0.253147,0.952211,4e-06,-2.1e-05,-3.1e-05,0.004847,-0.076932,0.182251,0.522021
40,0.238996,-0.060938,0.350379,-0.865226,0.405847,-0.294478,-0.474579,-0.852405,0.219435,-0.160885,0.329104,0.930502,-0.000424,0.006331,-0.01346,0.034715,0.006053,-0.004331,0.424887,-0.232688,-0.040011,0.315931,-0.750851,-0.657635,0.061076,0.636108,-0.695406,0.334231,-0.176384,0.290644,0.94036,0.010404,-0.024388,-0.028885,-0.067613,0.09039,-0.00657,0.301763,0.005931,0.03755,-0.002409,0.781826,0.617912,0.083254,-0.619213,0.753882,0.219624,0.072945,-0.22326,0.972025,0.005092,-0.007099,-0.019119,-0.037049,0.083773,0.019637,0.515384,0.120978,0.02358,-0.031717,0.894665,-0.364091,-0.258864,0.412197,0.896191,0.164114,0.172239,-0.25353,0.951869,-0.007528,-0.00235,-0.001773,0.003741,-0.062152,0.153074,0.522837
41,0.238805,-0.060994,0.350247,-0.864554,0.406758,-0.295195,-0.475633,-0.851957,0.218894,-0.161384,0.329139,0.930403,0.000665,-0.004912,-0.005306,0.003825,-0.065639,0.156851,0.421557,-0.23247,-0.040368,0.315201,-0.751587,-0.656614,0.062978,0.635442,-0.695333,0.335648,-0.175655,0.293122,0.939728,0.009939,-0.015341,-0.039748,-0.353404,0.395222,0.20842,0.238529,0.00604,0.037367,-0.002771,0.781587,0.618155,0.083693,-0.619582,0.753722,0.219135,0.072378,-0.223128,0.972097,0.004886,-0.008147,-0.020437,0.042086,0.005644,-0.028672,0.515221,0.120882,0.023557,-0.031785,0.894131,-0.364985,-0.25945,0.41316,0.895838,0.163623,0.172706,-0.253495,0.951794,-0.007419,-0.003175,-0.002663,-0.001406,0.025722,-0.056803,0.522674
42,0.238406,-0.061132,0.349897,-0.863349,0.407032,-0.298328,-0.477149,-0.850892,0.219733,-0.163336,0.331542,0.929208,-0.014703,-0.007487,-0.006581,-0.0634,-0.046147,-0.084701,0.393099,-0.232225,-0.040719,0.313312,-0.754413,-0.652914,0.06749,0.632696,-0.69618,0.339062,-0.173444,0.299323,0.938182,0.009536,0.005437,-0.058366,-0.012917,0.029173,0.230969,0.146898,0.006157,0.037181,-0.003695,0.784323,0.613715,0.090501,-0.616421,0.754616,0.224897,0.069729,-0.232178,0.97017,-0.002799,-0.002053,-0.02397,-0.103188,0.185567,0.072173,0.459538,0.120688,0.023484,-0.031958,0.892876,-0.365727,-0.262705,0.414952,0.894833,0.164583,0.174884,-0.255963,0.950734,-0.007292,-0.004145,-0.003719,-0.083688,-0.152508,0.08579,0.523327
43,0.238284,-0.061235,0.349524,-0.86237,0.406969,-0.301229,-0.478277,-0.850021,0.220651,-0.165184,0.333843,0.928057,-0.000173,0.004456,-0.015515,0.033458,0.004531,-0.00494,0.357881,-0.232106,-0.04053,0.311494,-0.783592,-0.616758,0.074727,0.600108,-0.720543,0.347308,-0.159375,0.317776,0.934603,-0.003905,0.004273,-0.038146,-0.360375,0.487853,0.399596,0.118538,0.006221,0.037263,-0.00466,0.810152,0.577208,0.102385,-0.583628,0.777772,0.233342,0.055055,-0.248797,0.966988,-0.001855,0.002433,-0.01871,-0.474859,0.577637,0.403124,0.348174,0.120622,0.023428,-0.032156,0.892,-0.365741,-0.265647,0.415954,0.894179,0.165606,0.176967,-0.258218,0.949739,-8.5e-05,0.002256,-0.007725,0.045675,0.016878,-0.003609,0.523491
44,0.238258,-0.061291,0.34939,-0.861186,0.406255,-0.305551,-0.479035,-0.849707,0.220216,-0.169098,0.335506,0.926752,0.000504,-0.003765,-0.004089,0.005302,-0.025587,0.004177,0.352396,-0.232184,-0.040217,0.310669,-0.811456,-0.57914,0.078283,0.566023,-0.745806,0.351178,-0.143975,0.330011,0.93286,-0.003157,0.019292,-0.041747,-0.031213,0.831744,1.715306,0.094302,0.006184,0.037408,-0.005047,0.832318,0.543052,0.111088,-0.552773,0.798333,0.238968,0.041086,-0.260304,0.964651,-0.00154,0.009639,-0.020866,-0.314217,0.405483,0.274594,0.303433,0.12061,0.023397,-0.032219,0.890876,-0.365245,-0.270063,0.416623,0.893908,0.165385,0.181006,-0.259852,0.948531,0.000254,-0.00187,-0.002029,0.181853,-0.173208,0.095207,0.523654
45,0.23816,-0.061338,0.349274,-0.863735,0.399548,-0.307195,-0.473362,-0.852383,0.222135,-0.172024,0.336778,0.925752,3.5e-05,-0.000264,-0.000287,-0.000111,-0.00013,-5.2e-05,0.363078,-0.232654,-0.039531,0.309225,-0.849628,-0.519591,0.090267,0.514237,-0.77865,0.359443,-0.115407,0.352472,0.928605,-0.018149,0.02226,-0.037976,-0.28044,1.121624,1.844356,0.066939,0.005955,0.037759,-0.005775,0.867553,0.479872,0.130665,-0.497229,0.831262,0.248528,0.010645,-0.280582,0.95977,-0.009004,0.006253,-0.014142,0.441311,2.09198,5.233202,0.214766,0.120561,0.023371,-0.032287,0.892955,-0.358647,-0.272032,0.41082,0.896325,0.166816,0.184002,-0.260716,0.947718,-0.0,1.4e-05,1.7e-05,0.004138,0.004728,0.000904,0.523654
46,0.238085,-0.061304,0.349317,-0.863508,0.399849,-0.307441,-0.473722,-0.852219,0.221997,-0.172172,0.336836,0.925703,-0.000184,0.00138,0.001499,0.00452,-0.07697,0.183341,0.381105,-0.233391,-0.03898,0.308323,-0.88941,-0.444553,0.106367,0.451061,-0.816465,0.360363,-0.072235,0.369054,0.926522,-0.032178,0.018316,-0.02081,1.416219,2.399984,-0.289392,0.094454,0.005591,0.038034,-0.006236,0.902636,0.401477,0.155124,-0.429242,0.866168,0.255937,-0.031611,-0.297604,0.954165,-0.008266,0.003454,-0.006558,0.013145,0.822176,1.708611,0.186353,0.120523,0.023389,-0.032264,0.89282,-0.358902,-0.272141,0.411082,0.896228,0.166694,0.184073,-0.2607,0.947708,-0.007881,0.00017,0.000952,-0.000342,0.003721,-0.002604,0.520878
47,0.237972,-0.061256,0.34938,-0.869448,0.385838,-0.308601,-0.460176,-0.859773,0.221362,-0.178839,0.333988,0.92547,-0.000119,0.000893,0.000969,0.004533,-0.076977,0.183311,0.388713,-0.234146,-0.038555,0.307987,-0.92281,-0.364184,0.125625,0.38428,-0.848866,0.362891,-0.024358,0.383619,0.923096,-0.030634,0.002753,0.003786,0.136679,1.194595,0.315687,0.103193,0.005213,0.038251,-0.006415,0.928644,0.321932,0.184334,-0.361962,0.895159,0.260143,-0.08126,-0.308302,0.947811,-0.007595,0.006549,-0.002786,1.148467,3.132775,0.949562,0.176066,0.120467,0.023418,-0.032228,0.89781,-0.344584,-0.274222,0.39702,0.902777,0.165434,0.190556,-0.257399,0.947329,-7.3e-05,0.000538,0.000587,-0.000867,0.00112,0.000299,0.515979
48,0.237888,-0.061247,0.349398,-0.875497,0.37127,-0.30937,-0.445946,-0.867346,0.220939,-0.185218,0.330926,0.925316,-0.015536,-0.001338,6.8e-05,0.157418,-0.172147,-0.306453,0.392153,-0.234464,-0.038376,0.307948,-0.931571,-0.336918,0.136578,0.363391,-0.857675,0.363695,-0.004222,0.388868,0.921209,-0.015168,0.002044,0.002701,7e-06,1.140929,0.071374,0.105851,0.005043,0.038345,-0.006427,0.93464,0.294923,0.198665,-0.340598,0.903017,0.261825,-0.102179,-0.312377,0.944446,-0.007523,0.001201,0.001588,-0.079121,1.289422,0.050863,0.168718,0.12043,0.023424,-0.032218,0.902688,-0.330175,-0.275931,0.382772,0.909098,0.164394,0.19657,-0.254015,0.947013,-2.3e-05,0.000184,0.0002,0.522303,-0.378507,-1.546859,0.510264
49,0.237733,-0.061235,0.34944,-0.876418,0.36786,-0.31083,-0.442925,-0.869091,0.220157,-0.188066,0.330161,0.925014,-0.000204,0.001542,0.001673,0.005185,-0.088117,0.20991,0.39318,-0.235054,-0.038061,0.307998,-0.940562,-0.303347,0.15269,0.338886,-0.865462,0.368871,0.021436,0.399078,0.916592,-0.014552,0.004808,0.006057,-0.192865,0.099939,0.295208,0.095249,0.004754,0.038501,-0.006404,0.939993,0.261561,0.219082,-0.315976,0.909613,0.269746,-0.128725,-0.322784,0.937677,-0.007305,0.00222,0.00282,-0.215134,0.217982,0.119489,0.142102,0.120347,0.023426,-0.0322,0.903576,-0.32632,-0.277606,0.379147,0.910781,0.163476,0.199493,-0.252966,0.946683,-0.007768,-0.000668,3.4e-05,-0.001313,0.014969,-0.02863,0.497201
50,0.237577,-0.06121,0.349483,-0.875493,0.369164,-0.311889,-0.444474,-0.86845,0.219565,-0.188719,0.33039,0.9248,-0.000176,0.001339,0.001452,0.004533,-0.076964,0.183343,0.387578,-0.235485,-0.037859,0.3083,-0.954118,-0.246697,0.169675,0.294329,-0.875883,0.382272,0.055511,0.414988,0.908056,0.001277,0.005767,0.007015,-0.353325,1.147298,2.106703,0.095788,0.004538,0.038604,-0.006259,0.947176,0.21353,0.239291,-0.278543,0.917539,0.283786,-0.158963,-0.335449,0.928549,-0.007066,0.003288,0.004107,-0.366439,0.354114,0.232863,0.112056,0.120275,0.023439,-0.032179,0.902735,-0.327801,-0.278593,0.380792,0.910191,0.162935,0.200163,-0.253173,0.946486,-2.7e-05,0.000197,0.000218,-0.00016,0.00011,0.000653,0.476953
51,0.237389,-0.06122,0.349505,-0.876685,0.365364,-0.313013,-0.440976,-0.870384,0.218959,-0.191355,0.32953,0.924565,-8.5e-05,0.000647,0.000701,0.0,-0.0,-0.0,0.38869,-0.235909,-0.037632,0.308728,-0.965386,-0.190871,0.177735,0.247829,-0.883031,0.398459,0.082107,0.428959,0.899509,-0.013521,0.009327,0.011494,-0.357896,0.540241,0.898419,0.131849,0.004326,0.038711,-0.006044,0.955116,0.153243,0.253514,-0.229236,0.924393,0.304873,-0.187627,-0.349304,0.918031,-0.006867,0.005,0.006168,0.408358,2.755777,5.354306,0.123487,0.120175,0.023435,-0.032165,0.903613,-0.324127,-0.280041,0.377304,0.911786,0.16213,0.202787,-0.252164,0.946197,-0.007795,-0.000454,0.000267,0.003336,-0.062057,0.154356,0.458501
52,0.237297,-0.061238,0.349511,-0.878295,0.360938,-0.313637,-0.436732,-0.872603,0.218633,-0.193678,0.328546,0.924431,-1e-06,9e-06,1e-05,0.0,-0.0,-1e-06,0.388732,-0.23616,-0.037425,0.30895,-0.968246,-0.171507,0.181869,0.232713,-0.883543,0.406362,0.092214,0.436001,0.895133,-0.013219,0.010621,0.013035,-0.461092,0.444278,0.281814,0.137311,0.004196,0.038821,-0.005925,0.95661,0.131575,0.25997,-0.212862,0.92485,0.315185,-0.198963,-0.356847,0.912728,-0.006569,0.005483,0.006734,-0.513197,0.479164,0.286287,0.130181,0.120129,0.023428,-0.032162,0.904925,-0.319643,-0.280958,0.372915,0.913681,0.161619,0.205046,-0.251026,0.946013,1e-06,-2.1e-05,-2.2e-05,-0.000528,0.000622,0.000486,0.451969
53,0.237136,-0.061266,0.349481,-0.877054,0.362706,-0.315064,-0.438819,-0.871763,0.217803,-0.194575,0.328825,0.924143,4.6e-05,-0.00035,-0.000379,0.004544,-0.076958,0.183346,0.38195,-0.236535,-0.036933,0.309501,-0.974037,-0.121676,0.190886,0.193232,-0.88571,0.422034,0.118945,0.448118,0.885949,0.002693,0.012024,0.014481,-0.291327,0.555268,0.731289,0.12766,0.004008,0.039063,-0.005655,0.958386,0.082892,0.273174,-0.175372,0.926016,0.334272,-0.225256,-0.368268,0.902018,-0.006355,0.006499,0.007926,-0.204889,1.182793,1.791817,0.116302,0.120048,0.023413,-0.032177,0.903822,-0.321607,-0.282266,0.375086,0.912924,0.160868,0.205951,-0.25127,0.945751,2.4e-05,-0.000188,-0.000202,0.004443,-0.07687,0.183799,0.434824
54,0.23703,-0.061267,0.349506,-0.876062,0.364108,-0.316206,-0.440487,-0.871076,0.217184,-0.195275,0.329093,0.923901,-5.1e-05,0.000394,0.000427,0.004547,-0.076953,0.183348,0.377704,-0.23673,-0.036527,0.310155,-0.978914,-0.042585,0.199765,0.127961,-0.889815,0.437938,0.160337,0.454321,0.876212,-0.012448,0.01384,0.016759,-0.265106,0.336898,0.335458,0.169357,0.003916,0.039267,-0.005327,0.957439,0.003756,0.288609,-0.111063,0.92772,0.356369,-0.266411,-0.373256,0.888653,0.001391,0.000638,0.01155,-0.280835,0.542504,0.689943,0.121527,0.119995,0.023412,-0.032166,0.903002,-0.32305,-0.28324,0.376692,0.912354,0.160351,0.206614,-0.251492,0.945548,-3.8e-05,0.000297,0.000325,-6e-05,5.8e-05,0.00033,0.413433
55,0.237004,-0.061252,0.349524,-0.877767,0.359534,-0.316711,-0.436055,-0.873374,0.216899,-0.197536,0.328038,0.923795,-7.9e-05,0.000611,0.000662,1e-06,-1e-06,-3e-06,0.377872,-0.236882,-0.036302,0.310492,-0.978629,-0.028704,0.203599,0.118674,-0.887135,0.445918,0.169052,0.460588,0.871289,-0.012353,0.0142,0.017142,-0.523318,0.489307,0.34405,0.186779,0.003841,0.039381,-0.005157,0.95621,-0.008685,0.29255,-0.102919,0.925743,0.363876,-0.273987,-0.378051,0.884311,-0.006194,0.007026,0.008486,-0.068762,0.091345,0.079056,0.144551,0.119983,0.023419,-0.032156,0.904335,-0.318511,-0.284126,0.372228,0.914275,0.15983,0.208862,-0.2503,0.94537,-5e-05,0.000378,0.000412,-0.000472,0.000644,0.000249,0.406738
56,0.23699,-0.061229,0.34955,-0.88287,0.345566,-0.318073,-0.422456,-0.880222,0.216131,-0.204193,0.324752,0.923509,-1.3e-05,0.0001,0.000108,1.762387,-1.271404,-4.920448,0.379776,-0.237242,-0.035717,0.311082,-0.977436,-0.014924,0.210683,0.112364,-0.88104,0.45943,0.179993,0.472757,0.862535,-0.012787,0.012128,0.014585,-0.350843,0.336352,0.211579,0.16854,0.003657,0.039684,-0.004849,0.953277,-0.02277,0.301236,-0.097996,0.919926,0.379648,-0.28576,-0.391429,0.874713,-0.006415,0.006,0.007221,-0.371168,0.348331,0.211867,0.148143,0.119975,0.023432,-0.032142,0.906855,-0.309558,-0.285983,0.363424,0.917998,0.158748,0.21339,-0.247895,0.944992,-5e-06,2.9e-05,3.1e-05,-0.000354,0.000398,0.000524,0.398083
