frame,MLTx,MLTy,MLTz,MLTR1,MLTR2,MLTR3,MLTR4,MLTR5,MLTR6,MLTR7,MLTR8,MLTR9,MLTTVx,MLTTVy,MLTTVz,MLTRVx,MLTRVy,MLTRVz,MLGA,MRTx,MRTy,MRTz,MRTR1,MRTR2,MRTR3,MRTR4,MRTR5,MRTR6,MRTR7,MRTR8,MRTR9,MRTTVx,MRTTVy,MRTTVz,MRTRVx,MRTRVy,MRTRVz,MRGA,SLTx,SLTy,SLTz,SLTR1,SLTR2,SLTR3,SLTR4,SLTR5,SLTR6,SLTR7,SLTR8,SLTR9,SLTTVx,SLTTVy,SLTTVz,SLTRVx,SLTRVy,SLTRVz,SLGA,SRTx,SRTy,SRTz,SRTR1,SRTR2,SRTR3,SRTR4,SRTR5,SRTR6,SRTR7,SRTR8,SRTR9,SRTTVx,SRTTVy,SRTTVz,SRTRVx,SRTRVy,SRTRVz,SRGA
1,0.204574,0.020859,0.404443,-0.598001,0.207305,-0.774251,-0.535619,-0.821964,0.193543,-0.595547,0.530181,0.603539,-0.000576,0.00917,-0.009968,0.035371,-0.007175,0.020624,-0.024141,-0.242499,0.042719,0.34975,0.345889,0.927204,0.14368,-0.93819,0.342738,0.047584,-0.005546,-0.152433,0.988229,-0.000461,-0.00212,-0.001417,0.186754,-0.447859,-0.312001,0.394142,-0.001951,0.044038,-0.002307,-0.446149,-0.878595,0.170356,0.891776,-0.452471,0.00191,0.075403,0.152772,0.98538,-0.000261,-0.001193,-0.000789,0.106499,-0.396441,-0.294262,0.35242,0.116684,0.034945,-0.039164,-0.637366,0.265177,-0.723494,-0.500475,-0.856383,0.127012,-0.585908,0.443044,0.678545,-0.00029,0.004677,-0.004938,0.039135,-0.010473,0.025344,-0.224054
2,0.204526,0.020894,0.404429,-0.598026,0.207296,-0.774234,-0.535559,-0.82201,0.193515,-0.595576,0.530113,0.60357,-2.5e-05,0.000489,0.000245,-0.0,0.0,-0.0,-0.027011,-0.24244,0.042539,0.349578,0.309231,0.940976,0.137591,-0.950816,0.308179,0.030148,-0.014408,-0.141339,0.989788,-0.001278,-0.005881,-0.003937,0.133357,-0.276685,-0.472069,0.389169,-0.001921,0.043949,-0.002392,-0.411929,-0.896495,0.163124,0.907463,-0.419835,-0.015755,0.082609,0.141539,0.986479,-0.000664,-0.003051,-0.002039,0.127046,-0.286994,-0.468181,0.344909,0.116659,0.034964,-0.03917,-0.637351,0.26519,-0.723503,-0.500422,-0.856427,0.126922,-0.585969,0.442951,0.678552,-1.9e-05,0.000362,0.000182,3.5e-05,-7.3e-05,0.00012,-0.225523
3,0.204496,0.020939,0.404431,-0.597886,0.207406,-0.774313,-0.535632,-0.822003,0.19334,-0.59565,0.530081,0.603525,-1.5e-05,0.000291,0.000145,0.0,0.0,0.0,-0.03103,-0.242277,0.042229,0.34937,0.281043,0.94787,0.150165,-0.959332,0.281503,0.019311,-0.024306,-0.150686,0.988214,-0.001459,-0.00673,-0.004518,-0.074544,-0.009493,-0.491567,0.407491,-0.001839,0.043796,-0.002494,-0.385586,-0.90602,0.174498,0.917904,-0.395871,-0.027141,0.093669,0.149708,0.984283,-0.000772,-0.003921,-0.002649,-0.837592,-0.102313,-5.475663,0.352257,0.116644,0.034989,-0.039168,-0.637217,0.265314,-0.723576,-0.500505,-0.856404,0.126751,-0.586045,0.442921,0.678506,-1e-05,0.000204,0.000103,-1.9e-05,-1e-06,2.9e-05,-0.227973
4,0.204486,0.020954,0.404417,-0.597663,0.207575,-0.77444,-0.535765,-0.821977,0.193084,-0.595755,0.530055,0.603444,-0.0,0.0,0.0,0.0,0.0,0.0,-0.032807,-0.24232,0.041816,0.349219,0.271303,0.947844,0.167267,-0.961614,0.274208,0.00656,-0.039973,-0.163826,0.98561,-0.001717,-0.007912,-0.005327,0.012443,0.033347,-0.026512,0.446448,-0.001861,0.043589,-0.00257,-0.373667,-0.907684,0.190999,0.920973,-0.387562,-0.040034,0.110363,0.160946,0.980772,-0.001171,-0.010269,0.00084,0.12223,0.234733,-0.060333,0.391936,0.116639,0.034997,-0.039175,-0.637005,0.265503,-0.723693,-0.500649,-0.856356,0.126505,-0.586152,0.442901,0.678427,4e-06,-1.2e-05,-6e-06,1.6e-05,4.5e-05,4.8e-05,-0.229769
5,0.204476,0.020961,0.40441,-0.597561,0.207653,-0.774498,-0.535825,-0.821966,0.192965,-0.595804,0.530042,0.603408,-0.0,0.0,0.0,0.0,0.0,0.0,-0.034881,-0.242326,0.041663,0.349103,0.259536,0.949529,0.176143,-0.964698,0.263216,0.003165,-0.043668,-0.171948,0.984068,-0.001671,-0.007699,-0.005192,-0.115829,0.130226,0.078579,0.450765,-0.001865,0.043508,-0.002631,-0.361545,-0.910841,0.19913,0.925222,-0.376867,-0.043974,0.115099,0.168341,0.978985,-0.000999,-0.004599,-0.003102,-0.152308,0.230726,0.08187,0.410061,0.116634,0.035,-0.039179,-0.636908,0.26559,-0.723746,-0.500714,-0.856335,0.126391,-0.586202,0.44289,0.678391,5e-06,-9e-06,-5e-06,2.4e-05,4.3e-05,6.2e-05,-0.230749
6,0.204447,0.020998,0.404429,-0.597537,0.207674,-0.774511,-0.535844,-0.82196,0.19294,-0.595811,0.530043,0.6034,-6.6e-05,0.001298,0.000649,0.0,0.0,0.0,-0.03829,-0.242492,0.041442,0.348866,0.228718,0.955598,0.185773,-0.972263,0.233705,-0.004519,-0.048006,-0.180795,0.982279,-0.001451,-0.006665,-0.004508,-0.309295,0.023344,-1.652612,0.438973,-0.001948,0.043395,-0.002751,-0.333251,-0.919735,0.207436,0.935103,-0.350542,-0.051976,0.120519,0.176653,0.976866,-0.006779,-0.002309,-0.00124,-1.025271,0.029796,-5.455417,0.41447,0.11662,0.035016,-0.03917,-0.636885,0.265615,-0.723757,-0.500736,-0.856326,0.126366,-0.586208,0.442892,0.678384,-4.8e-05,0.000993,0.000496,-1.1e-05,-1e-06,1.2e-05,-0.233198
7,0.204397,0.021066,0.404465,-0.598251,0.21014,-0.773294,-0.540238,-0.818481,0.195461,-0.591113,0.534432,0.604149,-7.5e-05,0.001473,0.000736,-0.0,0.0,-0.0,-0.041164,-0.242727,0.041262,0.348789,0.214626,0.958136,0.189481,-0.975459,0.21993,-0.006594,-0.048244,-0.184628,0.981554,-0.000606,-0.002772,-0.001878,-0.0,0.0,0.0,0.42414,-0.002067,0.043299,-0.002794,-0.317845,-0.924521,0.210319,0.940408,-0.335673,-0.054362,0.120858,0.180507,0.976119,-0.000269,-0.001227,-0.000828,-4.1e-05,-0.000492,0.003488,0.399937,0.116595,0.035052,-0.039151,-0.637636,0.267914,-0.722247,-0.505134,-0.853278,0.129438,-0.5816,0.447366,0.679414,-4.6e-05,0.0009,0.00045,0.001955,-0.00163,0.002199,-0.235647
8,0.204349,0.021111,0.404478,-0.598253,0.210147,-0.773291,-0.540225,-0.818494,0.195443,-0.591124,0.53441,0.604159,-8.8e-05,0.001748,0.000873,-0.0,0.0,-0.0,-0.041072,-0.242777,0.041272,0.348763,0.211714,0.958914,0.188822,-0.976005,0.217403,-0.009123,-0.050048,-0.183572,0.981662,-5.2e-05,-0.000238,-0.000161,0.237847,-0.107892,-0.322109,0.407019,-0.002092,0.043302,-0.002808,-0.315825,-0.925207,0.210344,0.940959,-0.333888,-0.0558,0.121858,0.180302,0.976033,2e-05,9.7e-05,6.8e-05,0.431503,-0.374408,-0.223143,0.386874,0.116571,0.035074,-0.039145,-0.637622,0.267929,-0.722254,-0.505123,-0.853291,0.129394,-0.581626,0.447332,0.679414,-0.006175,0.000743,0.000575,-0.000665,0.014477,-0.029326,-0.236954
9,0.204245,0.021144,0.404476,-0.598276,0.210146,-0.773273,-0.540185,-0.818525,0.195424,-0.591137,0.534362,0.604187,-2e-06,4.8e-05,2.4e-05,0.0,0.0,0.0,-0.044605,-0.242753,0.041485,0.348885,0.206633,0.959883,0.189526,-0.976992,0.212788,-0.011916,-0.052009,-0.183916,0.981496,0.001713,0.007842,0.005303,0.33214,-0.20851,-0.358877,0.346703,-0.002081,0.043404,-0.00275,-0.310928,-0.926683,0.211139,0.942352,-0.329488,-0.058385,0.123672,0.180814,0.97571,0.000933,0.00428,0.00289,0.511004,-0.360628,-0.410472,0.331682,0.116519,0.035093,-0.039145,-0.637642,0.267925,-0.722237,-0.50508,-0.853321,0.129367,-0.58164,0.447278,0.679437,-0.006119,-0.000364,2.3e-05,-0.000929,0.014702,-0.029596,-0.23875
10,0.204154,0.021138,0.404455,-0.598359,0.210101,-0.773221,-0.5401,-0.81857,0.195466,-0.591129,0.534311,0.60424,6.7e-05,-0.001341,-0.00067,0.0,0.0,0.0,-0.055801,-0.242671,0.041575,0.34933,0.193547,0.962644,0.189338,-0.979578,0.200248,-0.016155,-0.053692,-0.183561,0.981471,0.001777,-0.00158,0.014454,0.02652,0.047813,-0.201615,0.331573,-0.002039,0.043457,-0.002523,-0.29765,-0.93155,0.208849,0.946268,-0.316849,-0.064659,0.126407,0.178381,0.975807,0.000919,-0.000625,0.00734,-0.003904,0.074005,-0.192353,0.275347,0.116473,0.035092,-0.039154,-0.637722,0.267871,-0.722187,-0.504991,-0.853368,0.129401,-0.581629,0.44722,0.679485,4e-05,-0.000801,-0.000399,-0.000766,0.011562,-0.026427,-0.243648
11,0.204088,0.021157,0.404422,-0.598129,0.210282,-0.773349,-0.540211,-0.818568,0.195168,-0.591261,0.534242,0.604173,1e-06,-1e-05,-5e-06,0.0,0.0,0.0,-0.066779,-0.242579,0.041804,0.349657,0.188875,0.963477,0.189813,-0.980408,0.195944,-0.018434,-0.055173,-0.18383,0.981339,0.001875,0.008609,0.005782,0.001787,-0.01627,0.02373,0.345524,-0.001991,0.043576,-0.002355,-0.293074,-0.932897,0.209308,0.94752,-0.312645,-0.066759,0.127719,0.178758,0.975567,0.000929,0.00429,0.002879,-0.007155,-0.008361,0.028036,0.283675,0.11644,0.035098,-0.039172,-0.637504,0.268071,-0.722305,-0.505114,-0.85334,0.129109,-0.581762,0.447154,0.679415,-0.000305,0.004989,-0.00478,0.035689,-0.007499,0.021007,-0.252466
12,0.204078,0.021171,0.404408,-0.598015,0.210369,-0.773414,-0.540264,-0.818568,0.195021,-0.591328,0.534208,0.604137,0.0,-0.0,-0.0,0.0,0.0,0.0,-0.068135,-0.242572,0.041975,0.349761,0.176026,0.965737,0.190676,-0.98291,0.182958,-0.018653,-0.053103,-0.185354,0.981166,0.001597,0.007333,0.004917,-0.028444,0.002776,-0.146411,0.338444,-0.001988,0.043661,-0.002304,-0.280721,-0.936624,0.209592,0.951504,-0.300211,-0.067166,0.125832,0.180573,0.975478,0.000933,0.004308,0.002887,-0.104443,0.102447,-0.63327,0.284001,0.116435,0.035105,-0.03918,-0.637396,0.268169,-0.722364,-0.505174,-0.853326,0.128965,-0.581829,0.447121,0.679379,-1e-06,7e-06,5e-06,1.1e-05,-1.8e-05,-6.1e-05,-0.254752
13,0.204056,0.021223,0.40438,-0.597523,0.210736,-0.773694,-0.540546,-0.818517,0.19445,-0.591567,0.53414,0.603963,-1e-06,1.3e-05,6e-06,0.0,0.0,0.0,-0.081661,-0.242501,0.04228,0.35,0.173286,0.965896,0.192375,-0.983392,0.180318,-0.018952,-0.053194,-0.187116,0.980827,0.00214,0.009844,0.00658,0.002537,-0.031594,0.048137,0.315758,-0.001953,0.043811,-0.002186,-0.277844,-0.937129,0.211166,0.952315,-0.297555,-0.067496,0.126086,0.182343,0.975116,0.001064,0.004912,0.003281,0.002706,-0.031632,0.049353,0.262773,0.116425,0.035132,-0.039193,-0.636929,0.26858,-0.722623,-0.505481,-0.853228,0.128415,-0.582073,0.447064,0.679208,-0.00612,-0.000333,4e-05,-0.000973,0.014705,-0.029606,-0.260141
14,0.204027,0.021244,0.404348,-0.596891,0.211205,-0.774054,-0.540946,-0.818419,0.193757,-0.591841,0.534106,0.603724,3e-06,-5.2e-05,-2.6e-05,0.0,0.0,0.0,-0.104781,-0.242436,0.042672,0.350403,0.170628,0.966033,0.194057,-0.983865,0.177716,-0.019013,-0.05305,-0.188902,0.980492,0.003184,0.014667,0.009757,-0.006223,0.07739,-0.117991,0.298721,-0.001919,0.043991,-0.001996,-0.27527,-0.93755,0.212661,0.953055,-0.295154,-0.067591,0.126138,0.184072,0.974784,0.001442,0.001807,0.008914,-0.041588,0.09447,-0.131937,0.236647,0.11641,0.035141,-0.03921,-0.636328,0.269106,-0.722957,-0.505912,-0.853072,0.127752,-0.582356,0.447045,0.678978,-0.006118,-0.000363,2.3e-05,-0.000954,0.014696,-0.029576,-0.273531
15,0.204008,0.021266,0.404338,-0.596669,0.211371,-0.774179,-0.541076,-0.818392,0.193503,-0.591945,0.534081,0.603645,-4e-06,8.3e-05,4.2e-05,0.0,0.0,0.0,-0.113218,-0.242458,0.042885,0.350675,0.169151,0.966104,0.194994,-0.98413,0.176247,-0.018935,-0.052855,-0.189918,0.980307,-0.009415,0.005218,0.019506,-0.045049,0.125464,-0.186091,0.303681,-0.001929,0.044104,-0.001861,-0.273791,-0.93779,0.21351,0.953488,-0.293757,-0.067566,0.126083,0.185081,0.9746,0.001513,0.002147,0.009128,-0.041624,0.094433,-0.132106,0.231095,0.1164,0.035152,-0.039215,-0.636118,0.269292,-0.723073,-0.506054,-0.853024,0.127508,-0.582462,0.447024,0.6789,-1e-06,4.9e-05,2.5e-05,2.6e-05,-0.0,-2.6e-05,-0.280062
16,0.20394,0.021324,0.404325,-0.59636,0.21161,-0.774352,-0.541244,-0.81837,0.193126,-0.592104,0.534019,0.603543,-4.7e-05,0.000953,0.000476,0.0,0.0,0.0,-0.118512,-0.242429,0.043151,0.351202,0.165486,0.966256,0.197372,-0.984782,0.172594,-0.018684,-0.052309,-0.192497,0.979833,0.00238,0.001265,0.016209,-0.041753,0.094375,-0.132835,0.304656,-0.001917,0.044251,-0.001589,-0.270071,-0.938368,0.215698,0.954582,-0.290227,-0.067385,0.125833,0.187703,0.974131,0.001213,0.005629,0.003716,-0.00748,0.092988,-0.141724,0.235014,0.116367,0.03518,-0.039222,-0.635824,0.269558,-0.723232,-0.506238,-0.852969,0.127142,-0.582623,0.446967,0.678799,-3.1e-05,0.000612,0.000307,0.005525,-0.080145,0.181936,-0.28888
17,0.203873,0.021366,0.404294,-0.596195,0.211745,-0.774443,-0.541292,-0.818398,0.192875,-0.592226,0.533923,0.603508,-0.0,2e-06,1e-06,0.0,0.0,0.0,-0.118908,-0.242494,0.043192,0.351813,0.160824,0.966935,0.197899,-0.985526,0.168139,-0.020054,-0.05285,-0.193031,0.979699,0.001758,-0.011304,0.02327,-0.022979,-0.025759,-0.03683,0.297607,-0.001949,0.044276,-0.001286,-0.265447,-0.939647,0.21587,0.955775,-0.285871,-0.069074,0.126617,0.187987,0.973975,-0.005066,0.000952,0.008623,-0.006105,0.08743,-0.21919,0.227013,0.116333,0.035203,-0.039236,-0.635668,0.269707,-0.723314,-0.506295,-0.852973,0.126891,-0.582744,0.446871,0.678759,1e-06,-2e-05,-9e-06,8e-06,-2.1e-05,-2.1e-05,-0.29084
18,0.203855,0.021372,0.404287,-0.595892,0.211969,-0.774615,-0.541496,-0.818337,0.192557,-0.592345,0.533927,0.603389,-0.0,0.0,0.0,0.005505,-0.080151,0.181945,-0.118526,-0.242499,0.043132,0.352178,0.15975,0.966944,0.198722,-0.985744,0.166944,-0.019311,-0.052032,-0.194025,0.979546,0.001843,-0.01091,0.023523,-0.069061,0.017811,-0.005898,0.299099,-0.001952,0.044245,-0.001104,-0.264284,-0.939776,0.216732,0.956201,-0.284641,-0.068244,0.125826,0.189204,0.973842,0.001138,0.000442,0.007959,-0.051237,0.117173,-0.154653,0.225217,0.116324,0.035206,-0.03924,-0.635483,0.269869,-0.723416,-0.506431,-0.852922,0.126692,-0.582827,0.446871,0.678688,2e-06,-1.4e-05,-8e-06,3e-05,1.3e-05,-6e-06,-0.291003
19,0.203834,0.0214,0.404236,-0.59567,0.21214,-0.774739,-0.541567,-0.818366,0.192238,-0.592503,0.533815,0.603332,2e-06,-3.9e-05,-1.9e-05,0.0,0.0,0.0,-0.117575,-0.242493,0.04302,0.35296,0.157526,0.967478,0.197897,-0.986112,0.16471,-0.019714,-0.051848,-0.193265,0.979706,0.002242,-0.009062,0.024715,-0.005231,-0.043027,-0.048847,0.297894,-0.001949,0.044186,-0.000715,-0.262286,-0.940557,0.215771,0.95678,-0.282574,-0.06872,0.125607,0.188421,0.974022,0.001371,0.001528,0.008653,0.0368,-0.081155,-0.0167,0.225217,0.116314,0.035219,-0.039266,-0.635169,0.270149,-0.723587,-0.506598,-0.852885,0.126272,-0.583025,0.446772,0.678583,2e-06,-1e-05,-5e-06,7e-06,-2.1e-05,-1.5e-05,-0.291329
20,0.20383,0.021467,0.404149,-0.595461,0.212306,-0.774854,-0.541552,-0.818467,0.191849,-0.592727,0.533594,0.603308,2.1e-05,-0.000429,-0.000214,0.0,0.0,0.0,-0.112201,-0.242551,0.042955,0.353787,0.150418,0.968366,0.19908,-0.987372,0.157187,-0.017988,-0.048883,-0.195083,0.979498,0.002532,0.001979,0.016571,-0.0419,0.093556,-0.133396,0.296061,-0.001977,0.044152,-0.00029,-0.255182,-0.942297,0.216698,0.959071,-0.275128,-0.066983,0.122737,0.190736,0.973937,0.001232,0.000896,0.008225,-0.043639,0.095381,-0.132302,0.222767,0.116311,0.035253,-0.039309,-0.634971,0.270333,-0.723692,-0.506596,-0.852944,0.125875,-0.583242,0.446547,0.678545,-0.000291,0.004718,-0.004912,0.03567,-0.007557,0.021022,-0.289207
21,0.203825,0.021557,0.404063,-0.59405,0.215946,-0.774931,-0.546312,-0.815377,0.191508,-0.589773,0.536847,0.603317,0.0,-0.0,-0.0,-0.0,0.0,0.0,-0.116638,-0.24254,0.042434,0.354562,0.146112,0.968912,0.199628,-0.988051,0.152844,-0.018094,-0.04821,-0.195823,0.979384,0.00047,-0.017237,0.019407,-0.064995,0.013807,-0.008696,0.295785,-0.00197,0.0439,0.000103,-0.250926,-0.943394,0.216891,0.960252,-0.270889,-0.067326,0.122269,0.191377,0.97387,0.000149,-0.008948,0.009488,-0.082999,0.030361,-0.002964,0.219828,0.116309,0.035297,-0.039352,-0.633675,0.274021,-0.723441,-0.511474,-0.850003,0.12605,-0.580387,0.449896,0.67878,-1e-06,1e-05,6e-06,0.000143,-7.2e-05,-6.5e-05,-0.289207
22,0.203813,0.021594,0.404028,-0.594009,0.215983,-0.774952,-0.546267,-0.815436,0.191384,-0.589856,0.536742,0.603329,0.0,-0.0,-0.0,0.0,0.0,0.0,-0.119888,-0.242511,0.042063,0.354917,0.143675,0.969443,0.198818,-0.98839,0.150513,-0.019077,-0.048581,-0.194993,0.979531,0.000147,-0.018738,0.018451,-0.067545,0.128736,-0.205626,0.302605,-0.001955,0.043713,0.000279,-0.2486,-0.94424,0.215887,0.960814,-0.26861,-0.068434,0.122607,0.190414,0.974016,2.3e-05,-0.009543,0.009112,-0.093724,0.152954,-0.197544,0.22342,0.116303,0.035316,-0.03937,-0.633636,0.27406,-0.72346,-0.51143,-0.850048,0.125918,-0.580468,0.449786,0.678784,-0.000306,0.004999,-0.004771,0.035758,-0.007605,0.020954,-0.290513
23,0.203791,0.021668,0.403967,-0.593922,0.216059,-0.774998,-0.546196,-0.81554,0.191149,-0.590009,0.536555,0.603346,-0.0,6e-06,3e-06,0.0,0.0,0.0,-0.128903,-0.242485,0.041501,0.355631,0.139875,0.97099,0.193918,-0.988808,0.14717,-0.023087,-0.051114,-0.189745,0.980432,0.000787,-0.015795,0.020374,-0.00394,-0.045724,-0.050017,0.303075,-0.001945,0.04343,0.000623,-0.245327,-0.946249,0.210772,0.961397,-0.26542,-0.072573,0.124615,0.184832,0.974837,0.000338,-0.008097,0.010059,-0.017539,-0.019458,-0.075548,0.233381,0.116292,0.035354,-0.0394,-0.633555,0.27414,-0.723501,-0.511361,-0.850127,0.12567,-0.580617,0.44959,0.678787,-0.000305,0.004992,-0.004774,0.035716,-0.007587,0.020968,-0.294759
24,0.203752,0.021688,0.403935,-0.593855,0.216117,-0.775033,-0.546186,-0.815578,0.191013,-0.590086,0.536473,0.603343,2e-06,-3.2e-05,-1.6e-05,0.0,0.0,0.0,-0.143782,-0.242502,0.040944,0.356375,0.134569,0.973032,0.187325,-0.989322,0.142557,-0.029184,-0.055253,-0.182626,0.981559,0.000772,-0.015874,0.020344,0.277672,-0.321034,-0.24014,0.275716,-0.001953,0.043157,0.000988,-0.241547,-0.948343,0.205665,0.962082,-0.26171,-0.076839,0.126695,0.179306,0.9756,0.000436,-0.007646,0.010358,-0.084498,0.030766,-0.012764,0.21052,0.116273,0.035363,-0.039416,-0.633491,0.274203,-0.723533,-0.511356,-0.850151,0.125531,-0.580692,0.449506,0.678779,3e-06,-1.9e-05,-8e-06,4.6e-05,3e-06,-5.3e-05,-0.302923
25,0.203723,0.021725,0.403921,-0.593733,0.216212,-0.7751,-0.54623,-0.815589,0.190842,-0.590168,0.536419,0.603311,-6.7e-05,0.001369,0.000683,0.0,0.0,0.0,-0.162542,-0.242542,0.040503,0.357197,0.130888,0.974489,0.182296,-0.989674,0.139233,-0.033077,-0.05776,-0.177315,0.982388,0.001587,-0.01211,0.022774,0.001253,-0.051252,-0.053407,0.287772,-0.001973,0.042922,0.001412,-0.237321,-0.950916,0.198586,0.962708,-0.257556,-0.082801,0.129884,0.171531,0.976579,0.000809,-0.005919,0.011476,-0.041882,-0.010665,-0.040411,0.202356,0.116258,0.035379,-0.039424,-0.633376,0.274307,-0.723594,-0.511405,-0.850146,0.125361,-0.580774,0.449451,0.678744,-3.7e-05,0.000779,0.00039,3.8e-05,-7e-06,-4.3e-05,-0.314843
26,0.203703,0.021747,0.403911,-0.59373,0.216219,-0.775101,-0.546203,-0.815615,0.190804,-0.590196,0.536375,0.603323,-4.1e-05,0.000841,0.00042,0.0,0.0,0.0,-0.169846,-0.242619,0.040317,0.357645,0.12968,0.974952,0.180674,-0.989809,0.138062,-0.033929,-0.058168,-0.175665,0.982661,-0.010443,0.000377,0.016175,-0.002065,-0.016812,-0.042838,0.297296,-0.002008,0.042836,0.001622,-0.236271,-0.951511,0.19698,0.962938,-0.256423,-0.083641,0.130095,0.169917,0.976832,0.000771,-0.006096,0.011366,-0.05674,0.004287,-0.026521,0.209541,0.116248,0.035391,-0.039429,-0.633374,0.274314,-0.723594,-0.511379,-0.850168,0.12532,-0.5808,0.449405,0.678752,-0.006446,0.005222,-0.004455,0.034703,0.007148,-0.008578,-0.321538
27,0.203656,0.021767,0.40389,-0.593677,0.216266,-0.775128,-0.546199,-0.815643,0.190699,-0.590253,0.536314,0.603321,-0.0,0.0,0.0,0.0,0.0,0.0,-0.174516,-0.242794,0.040034,0.35845,0.127834,0.975399,0.179572,-0.990078,0.136121,-0.033929,-0.05768,-0.174685,0.982864,-0.01057,-0.009944,0.024831,-0.07168,0.033365,-0.034894,0.302631,-0.002095,0.042694,0.00203,-0.234571,-0.952118,0.196076,0.963467,-0.254529,-0.083333,0.12925,0.169366,0.97704,0.000881,-0.005587,0.011691,-0.075062,0.02344,-0.002437,0.222931,0.116224,0.035403,-0.039438,-0.633323,0.274365,-0.723618,-0.511378,-0.850184,0.125213,-0.580855,0.449342,0.678746,4e-06,-1e-05,-4e-06,2.7e-05,2.5e-05,-4.3e-05,-0.328886
28,0.2036,0.021786,0.403858,-0.593756,0.216221,-0.775079,-0.546085,-0.815717,0.190707,-0.590277,0.53622,0.603381,0.0,-1e-06,-0.0,0.0,0.0,0.0,-0.175994,-0.243012,0.039533,0.359416,0.125952,0.975351,0.181157,-0.990476,0.133836,-0.031303,-0.054917,-0.176721,0.982658,-0.011383,-0.023392,0.031536,-0.107402,0.050249,-0.049808,0.291932,-0.002203,0.042453,0.002514,-0.232691,-0.952264,0.197601,0.964256,-0.252372,-0.080724,0.12674,0.171755,0.976952,0.000539,-0.007156,0.010697,-0.069703,0.018311,-0.004453,0.218522,0.116196,0.035412,-0.039455,-0.6334,0.274312,-0.723571,-0.511261,-0.850255,0.125208,-0.580875,0.449241,0.678797,2e-06,2e-06,1e-06,1.7e-05,5e-06,-3.8e-05,-0.331172
29,0.203571,0.021799,0.403844,-0.592498,0.219717,-0.775059,-0.550855,-0.812504,0.190703,-0.587107,0.539659,0.603407,-0.012231,-0.000643,8.7e-05,-0.03568,0.023251,-0.002542,-0.17443,-0.243171,0.039191,0.359906,0.12337,0.975831,0.180351,-0.990794,0.131293,-0.032002,-0.055045,-0.175975,0.982785,0.001064,-0.014526,0.021265,-0.030837,-0.02043,-0.031796,0.291724,-0.002287,0.042278,0.002762,-0.23023,-0.953092,0.19649,0.964822,-0.249898,-0.081658,0.12693,0.170778,0.977099,-0.005695,-0.006771,0.011287,-0.044675,0.005729,-0.060163,0.215256,0.116187,0.035419,-0.039462,-0.632164,0.277844,-0.723305,-0.516106,-0.847263,0.125613,-0.577929,0.45271,0.679006,2e-06,2e-06,2e-06,-0.391424,0.098482,0.300634,-0.331499
30,0.203551,0.021836,0.403808,-0.592364,0.21982,-0.775132,-0.550876,-0.81254,0.190488,-0.587222,0.539563,0.603382,0.0,-0.0,-0.0,-0.0,0.0,0.0,-0.175684,-0.243364,0.038787,0.360761,0.122307,0.975769,0.181402,-0.991056,0.129855,-0.029663,-0.052636,-0.177384,0.982664,-0.010278,-0.0086,0.025702,-0.071809,0.033506,-0.034811,0.294693,-0.002381,0.042065,0.003183,-0.229132,-0.953114,0.197665,0.965394,-0.248496,-0.079141,0.12455,0.172691,0.977069,0.001219,0.000802,0.008126,-0.033782,-0.012424,0.035077,0.215746,0.116172,0.035437,-0.039479,-0.63212,0.277955,-0.7233,-0.516166,-0.847241,0.125514,-0.577923,0.452684,0.67903,1e-06,1e-06,1e-06,0.000134,-3.7e-05,-0.000101,-0.331989
31,0.203565,0.021896,0.40374,-0.593058,0.22227,-0.773902,-0.555056,-0.80912,0.192898,-0.582573,0.543678,0.604194,1.5e-05,-0.00031,-0.000155,-0.005529,0.080509,-0.181786,-0.18491,-0.24356,0.038628,0.361635,0.120878,0.975726,0.18259,-0.99134,0.128109,-0.027678,-0.050531,-0.178896,0.9825,-0.010282,-0.008651,0.025658,-0.081601,0.137258,-0.204201,0.303107,-0.002481,0.041988,0.003633,-0.227648,-0.953231,0.198811,0.965995,-0.246783,-0.077132,0.122588,0.174492,0.976997,-0.00515,-0.004295,0.012852,-0.081492,0.137259,-0.203706,0.221624,0.116179,0.035468,-0.039513,-0.632746,0.280323,-0.721838,-0.520434,-0.844198,0.128359,-0.573393,0.456888,0.680053,-0.000292,0.004799,-0.004869,0.037771,-0.009247,0.023144,-0.335581
32,0.203571,0.021948,0.403656,-0.592966,0.222345,-0.773951,-0.554972,-0.809238,0.192644,-0.582745,0.543472,0.604213,6.7e-05,-0.001376,-0.000687,-0.0,0.0,0.0,-0.189182,-0.243815,0.03861,0.362361,0.118153,0.975722,0.184385,-0.991747,0.125198,-0.026392,-0.048966,-0.180977,0.982198,-0.010012,0.002215,0.017258,-0.046047,0.120338,-0.189299,0.305203,-0.002605,0.041979,0.00399,-0.225018,-0.953526,0.200386,0.966775,-0.244096,-0.075903,0.121289,0.176649,0.976771,-0.004974,0.001315,0.008763,-0.036196,0.016865,-0.019395,0.228972,0.116182,0.035496,-0.039554,-0.632748,0.280323,-0.721836,-0.52027,-0.844329,0.128165,-0.57354,0.456646,0.680092,3.8e-05,-0.000769,-0.000382,0.000153,-5.6e-05,-0.000103,-0.341133
33,0.20357,0.02197,0.403624,-0.592934,0.222372,-0.773968,-0.554936,-0.809287,0.192546,-0.582813,0.543389,0.604223,-0.000584,0.009549,-0.009761,0.035667,-0.007601,0.021009,-0.187534,-0.243991,0.038632,0.362718,0.116578,0.975723,0.185379,-0.991969,0.123545,-0.02584,-0.048244,-0.182109,0.982025,-0.010109,0.001736,0.016945,-0.046062,0.12023,-0.189365,0.304431,-0.002689,0.04199,0.004163,-0.223427,-0.95371,0.201286,0.967215,-0.242505,-0.075403,0.120726,0.17784,0.976625,-0.005004,0.001158,0.008658,-0.036202,0.016878,-0.01945,0.229136,0.116182,0.035501,-0.039568,-0.632729,0.280341,-0.721845,-0.520239,-0.844359,0.128091,-0.573588,0.456579,0.680096,1.4e-05,-0.000272,-0.000135,0.000112,-2.1e-05,-0.000105,-0.342113
34,0.203571,0.021946,0.403601,-0.592764,0.222492,-0.774063,-0.555041,-0.809258,0.192364,-0.582886,0.543382,0.604159,2.5e-05,-0.00051,-0.000255,0.0,0.0,0.0,-0.178075,-0.244372,0.03865,0.363324,0.112604,0.976221,0.185214,-0.99241,0.119706,-0.026974,-0.048627,-0.182004,0.982025,-0.01048,1e-06,0.015846,-0.031559,0.012198,-0.022861,0.307416,-0.002887,0.042002,0.004479,-0.219357,-0.954746,0.20085,0.968089,-0.238566,-0.076739,0.121182,0.177608,0.976611,-0.005266,-6.8e-05,0.007885,-0.049072,0.02932,-0.017558,0.232891,0.116182,0.035492,-0.039583,-0.632558,0.280484,-0.72194,-0.520343,-0.844326,0.127888,-0.573683,0.456553,0.680033,1.4e-05,-0.000298,-0.000148,6.5e-05,-2.7e-05,-8.3e-05,-0.3395
35,0.203564,0.021898,0.403555,-0.592888,0.22241,-0.773992,-0.554924,-0.809317,0.19245,-0.582871,0.543328,0.604222,7.3e-05,-0.001512,-0.000755,0.0,0.0,0.0,-0.163374,-0.244775,0.038778,0.363794,0.110503,0.976223,0.186465,-0.992685,0.117528,-0.026406,-0.047814,-0.183415,0.981802,-0.010547,-0.000358,0.015607,-0.04609,0.119949,-0.189541,0.298196,-0.003085,0.042063,0.004707,-0.217391,-0.954938,0.202072,0.968626,-0.236599,-0.076045,0.120429,0.179201,0.976413,-0.005139,0.005273,0.003621,-0.000998,0.000669,-0.004224,0.228156,0.116178,0.03547,-0.039605,-0.632676,0.280387,-0.721874,-0.520218,-0.844392,0.127963,-0.573666,0.456491,0.680089,4.7e-05,-0.000942,-0.000473,5.5e-05,-1.3e-05,-3.9e-05,-0.331172
36,0.203555,0.021881,0.403514,-0.59295,0.22237,-0.773955,-0.554836,-0.809375,0.192461,-0.582891,0.543258,0.604266,9.7e-05,-0.001999,-0.000999,0.0,0.0,0.0,-0.162241,-0.245012,0.038932,0.363996,0.10969,0.97623,0.186907,-0.992786,0.116702,-0.026298,-0.047605,-0.183906,0.981721,-0.010101,0.011204,0.007625,-0.00061,0.000292,-0.004629,0.296089,-0.003204,0.042136,0.00481,-0.216423,-0.955056,0.202553,0.968864,-0.235658,-0.075941,0.120261,0.179811,0.976321,-0.011341,0.000886,0.00881,-0.038261,0.032266,-0.048664,0.224563,0.116174,0.035462,-0.039625,-0.632737,0.280342,-0.721839,-0.520126,-0.844448,0.127964,-0.573682,0.456415,0.680126,6.2e-05,-0.001256,-0.000629,3.7e-05,4e-06,-4.2e-05,-0.32807
37,0.203566,0.021847,0.403421,-0.592913,0.222404,-0.773974,-0.554758,-0.809464,0.192309,-0.583003,0.543111,0.60429,0.000142,-0.002932,-0.001467,-0.000802,0.011684,-0.026332,-0.165017,-0.245551,0.039346,0.364298,0.106837,0.976264,0.188378,-0.993098,0.113933,-0.02662,-0.047567,-0.185467,0.981429,-0.010591,0.008893,0.006177,-0.002045,0.015205,-0.029245,0.291432,-0.003476,0.042351,0.004967,-0.213526,-0.955426,0.203877,0.969489,-0.232952,-0.076307,0.120399,0.181363,0.976017,-0.005307,0.004419,0.003081,-0.002076,0.015202,-0.029081,0.216562,0.116179,0.035447,-0.039671,-0.632686,0.28039,-0.721864,-0.520064,-0.844513,0.127785,-0.573795,0.456264,0.680133,4.8e-05,-0.000958,-0.000479,2.8e-05,5e-06,-3.5e-05,-0.32709
38,0.203569,0.021768,0.40336,-0.592971,0.222366,-0.773941,-0.554688,-0.809507,0.192332,-0.583011,0.543063,0.604325,0.000144,-0.002971,-0.001488,-0.000802,0.011686,-0.026332,-0.167558,-0.246194,0.039724,0.36456,0.103092,0.976291,0.190314,-0.993494,0.110311,-0.027112,-0.047574,-0.187513,0.98104,-0.022918,0.009917,0.007482,-0.002662,0.015499,-0.033873,0.297399,-0.00379,0.042535,0.005094,-0.209747,-0.955892,0.205609,0.970284,-0.229436,-0.076851,0.120635,0.18338,0.975611,-0.005439,0.003782,0.002683,-0.011915,0.118092,-0.199056,0.218685,0.116181,0.035405,-0.039703,-0.632757,0.280334,-0.721824,-0.519978,-0.844562,0.127816,-0.573795,0.456209,0.68017,7e-05,-0.001443,-0.000721,-0.000783,0.011677,-0.026355,-0.32807
39,0.203571,0.021736,0.403333,-0.592928,0.222397,-0.773965,-0.554703,-0.80951,0.192274,-0.583039,0.543045,0.604313,9.9e-05,-0.00205,-0.001027,0.0,0.0,0.0,-0.168789,-0.246561,0.039888,0.364695,0.101249,0.976298,0.191265,-0.993685,0.108521,-0.027317,-0.047535,-0.188523,0.980848,-0.010703,0.008235,0.00575,-0.010457,0.103199,-0.174526,0.295384,-0.003982,0.042619,0.005164,-0.207848,-0.956121,0.206473,0.970684,-0.22766,-0.077086,0.12071,0.184398,0.97541,-0.00537,0.004057,0.002847,-0.010471,0.103188,-0.17446,0.219338,0.116182,0.035388,-0.039717,-0.632716,0.280368,-0.721846,-0.519996,-0.844559,0.127758,-0.573823,0.456192,0.680157,6.1e-05,-0.001244,-0.000622,1.6e-05,3e-06,-2.6e-05,-0.32856
40,0.203564,0.02168,0.403283,-0.592956,0.222381,-0.773948,-0.554654,-0.809545,0.192268,-0.583057,0.543,0.604337,0.000124,-0.002561,-0.001284,-0.000802,0.011688,-0.026331,-0.168515,-0.247319,0.040254,0.364956,0.098202,0.97631,0.192788,-0.993992,0.105572,-0.027723,-0.047525,-0.190139,0.980536,-0.010544,0.008816,0.006092,-0.000623,0.000294,-0.004627,0.27187,-0.004358,0.042797,0.00529,-0.204755,-0.956492,0.207838,0.97132,-0.224777,-0.077537,0.120881,0.186001,0.975084,-0.011428,0.005006,0.00377,-0.002707,0.015489,-0.033825,0.204315,0.116178,0.035362,-0.039741,-0.632728,0.280362,-0.721838,-0.519957,-0.844587,0.127732,-0.573845,0.456145,0.68017,2.8e-05,-0.000548,-0.000275,2e-05,-5e-06,-1.2e-05,-0.329213
41,0.203577,0.021609,0.403236,-0.592975,0.222368,-0.773937,-0.554626,-0.809564,0.19227,-0.583066,0.542976,0.60435,0.000137,-0.002823,-0.001416,-0.000802,0.011689,-0.026331,-0.170272,-0.248165,0.040654,0.365287,0.095122,0.976309,0.194329,-0.994297,0.102572,-0.028034,-0.047404,-0.191786,0.980221,-0.022505,0.0113,0.008283,-0.002672,0.015502,-0.03387,0.251057,-0.004772,0.042992,0.005453,-0.20165,-0.956853,0.20921,0.971961,-0.221864,-0.077889,0.120945,0.187638,0.974763,-0.011333,0.005331,0.003962,-0.013855,0.133273,-0.228415,0.17574,0.116185,0.035328,-0.039764,-0.632746,0.280347,-0.721828,-0.519928,-0.844605,0.127731,-0.573852,0.45612,0.680181,4.3e-05,-0.000872,-0.000439,4e-06,1.4e-05,-2.9e-05,-0.329866
42,0.203569,0.021569,0.403183,-0.592975,0.222373,-0.773936,-0.554582,-0.809606,0.19222,-0.583107,0.542912,0.604368,4.3e-05,-0.000884,-0.000444,0.0,0.0,0.0,-0.174761,-0.249047,0.040965,0.365644,0.091408,0.976279,0.196254,-0.99466,0.098926,-0.028257,-0.047098,-0.193856,0.979829,-0.022989,0.009089,0.006916,-0.004089,0.030411,-0.058491,0.239441,-0.005207,0.043153,0.005634,-0.197907,-0.957258,0.210923,0.972739,-0.21833,-0.078161,0.120871,0.189705,0.974372,-0.011681,-0.000904,0.007667,-0.047925,0.135425,-0.218676,0.153205,0.116181,0.035302,-0.039792,-0.632762,0.280338,-0.721818,-0.519873,-0.844646,0.12769,-0.573885,0.456051,0.6802,2.9e-05,-0.000584,-0.000292,1.1e-05,-2e-06,-1.6e-05,-0.331336
43,0.203569,0.021575,0.403154,-0.593082,0.222302,-0.773874,-0.554462,-0.809676,0.192274,-0.583112,0.542838,0.604429,1.2e-05,-0.000243,-0.000122,-0.005538,0.080695,-0.181703,-0.178816,-0.249466,0.041035,0.365825,0.08927,0.976244,0.197406,-0.994868,0.09681,-0.028283,-0.046816,-0.1951,0.979596,-0.023698,-0.003296,0.014394,-0.049316,0.150317,-0.243305,0.239414,-0.005425,0.043197,0.005725,-0.195845,-0.957467,0.211896,0.973172,-0.216369,-0.078226,0.120747,0.190892,0.974156,-0.011596,0.004117,0.00321,-0.002754,0.015519,-0.033848,0.148633,0.116181,0.035305,-0.039808,-0.632864,0.280257,-0.72176,-0.519748,-0.844716,0.127732,-0.573885,0.45597,0.680254,4e-06,-4.5e-05,-2.4e-05,-0.005502,0.080698,-0.18169,-0.333295
44,0.203575,0.021628,0.403093,-0.592983,0.22238,-0.773928,-0.554413,-0.809763,0.192045,-0.58326,0.542675,0.604433,0.0,-1e-06,-0.0,0.0,0.0,0.0,-0.182656,-0.250305,0.041117,0.366116,0.08565,0.976177,0.199334,-0.995209,0.093222,-0.028329,-0.046326,-0.197185,0.979202,-0.023916,0.005114,0.004485,-0.004089,0.030411,-0.058491,0.232853,-0.00584,0.043238,0.00587,-0.192037,-0.95784,0.213691,0.973961,-0.212747,-0.078341,0.1205,0.193082,0.973754,-0.011915,0.002755,0.002376,-0.004138,0.030428,-0.058491,0.143735,0.116184,0.035332,-0.039838,-0.632769,0.280344,-0.721809,-0.519706,-0.844778,0.127493,-0.574027,0.455802,0.680246,-3e-06,3.7e-05,1.8e-05,-1.6e-05,-3e-05,-2.5e-05,-0.336724
45,0.203572,0.021681,0.403043,-0.592898,0.222448,-0.773973,-0.554369,-0.80984,0.191847,-0.583387,0.542532,0.604438,0.0,-0.0,-0.0,0.0,0.0,0.0,-0.182332,-0.250913,0.041204,0.366283,0.083136,0.976127,0.200639,-0.995433,0.090753,-0.028487,-0.046101,-0.198586,0.978929,-0.012024,0.002275,0.002069,-0.002045,0.015205,-0.029245,0.205492,-0.006153,0.043279,0.005958,-0.189414,-0.958093,0.214896,0.974486,-0.210265,-0.078517,0.120412,0.194541,0.973475,-0.00603,0.001078,0.00101,-0.002087,0.015209,-0.029241,0.118588,0.116182,0.035359,-0.039862,-0.632689,0.280419,-0.72185,-0.519668,-0.844832,0.127286,-0.57415,0.455655,0.680242,-2e-06,1.3e-05,8e-06,-1.2e-05,-1.9e-05,-2.4e-05,-0.337704
46,0.203561,0.021702,0.40301,-0.592885,0.222463,-0.773979,-0.55432,-0.809893,0.191767,-0.583448,0.542447,0.604456,4e-06,-8.4e-05,-4.2e-05,0.0,0.0,0.0,-0.182563,-0.251152,0.04119,0.366356,0.081832,0.976092,0.201346,-0.995549,0.089462,-0.028512,-0.045927,-0.199348,0.978782,-0.012821,-0.010273,0.009461,-0.037483,0.032446,-0.044025,0.191319,-0.006277,0.043274,0.005997,-0.188057,-0.958214,0.215544,0.974759,-0.208977,-0.078564,0.120325,0.195329,0.973328,-0.006454,-0.005304,0.004637,-0.037519,0.032456,-0.04402,0.101442,0.116177,0.03537,-0.039879,-0.632676,0.280435,-0.721855,-0.51962,-0.844875,0.127199,-0.574207,0.455567,0.680253,1e-06,-3.8e-05,-1.7e-05,-4e-06,-1e-06,-1e-05,-0.337867
47,0.203558,0.021747,0.402957,-0.594838,0.221445,-0.772771,-0.55376,-0.809706,0.194157,-0.581988,0.543143,0.605237,0.0,-1e-06,-1e-06,-8.6e-05,8.3e-05,-0.000136,-0.184023,-0.251487,0.040986,0.366554,0.079484,0.975998,0.202735,-0.995772,0.087059,-0.028151,-0.045207,-0.200872,0.978504,-0.000766,-0.0124,0.007487,-0.035435,0.017253,-0.014775,0.168609,-0.006444,0.043174,0.006092,-0.185659,-0.958399,0.216798,0.975282,-0.206634,-0.078262,0.119804,0.19691,0.973073,-0.000445,-0.006436,0.003606,-0.035477,0.017254,-0.014775,0.067478,0.116176,0.035392,-0.039906,-0.634581,0.279205,-0.720659,-0.518956,-0.844915,0.129624,-0.572705,0.456248,0.681062,-1e-06,1.3e-05,8e-06,0.003296,-0.002879,0.003972,-0.33852
48,0.203564,0.0218,0.402907,-0.594846,0.221448,-0.772765,-0.553651,-0.809807,0.194049,-0.582084,0.542992,0.605281,0.0,-0.0,-0.0,-0.0,0.0,-0.0,-0.186165,-0.251514,0.040536,0.366833,0.078016,0.975888,0.203833,-0.995944,0.085401,-0.027116,-0.043949,-0.202122,0.978304,0.011422,-0.014071,0.005793,-0.033397,0.002022,0.014455,0.138925,-0.006463,0.042948,0.006231,-0.184112,-0.958463,0.217827,0.975711,-0.204983,-0.077257,0.118699,0.198312,0.972924,-0.000403,-0.006264,0.00371,-0.035466,0.017234,-0.014796,0.032534,0.116179,0.035419,-0.03993,-0.634551,0.279228,-0.720677,-0.518855,-0.845003,0.12945,-0.572829,0.45607,0.681077,-3e-06,6e-06,7e-06,4.6e-05,-8.2e-05,9.4e-05,-0.3395
49,0.203553,0.021845,0.402864,-0.594681,0.221571,-0.772856,-0.55368,-0.80985,0.193789,-0.582225,0.542878,0.605248,0.0,-0.0,-0.0,0.0,0.0,0.0,-0.192723,-0.251328,0.039984,0.367174,0.077651,0.975791,0.204434,-0.99604,0.084748,-0.025624,-0.042408,-0.202866,0.978218,0.011728,-0.012878,0.006526,-0.033409,0.001973,0.014428,0.124222,-0.00637,0.04267,0.0064,-0.183709,-0.958409,0.218408,0.975961,-0.204342,-0.075778,0.117256,0.199237,0.97291,-0.000421,-0.01099,0.008359,-0.070902,0.034366,-0.029643,0.005427,0.116173,0.035442,-0.039952,-0.634394,0.279366,-0.720762,-0.518894,-0.84502,0.129187,-0.572968,0.455955,0.681037,-3e-06,3e-06,5e-06,-8e-06,-1e-06,2e-05,-0.342929
50,0.203551,0.021875,0.402835,-0.594633,0.22161,-0.772882,-0.553655,-0.809894,0.193675,-0.582298,0.542796,0.605251,0.0,-0.0,-0.0,0.0,0.0,0.0,-0.19296,-0.251221,0.039741,0.36737,0.077503,0.975743,0.204719,-0.996084,0.084452,-0.02486,-0.041625,-0.203222,0.978178,-0.000175,-0.01001,0.00896,-0.03546,0.017153,-0.014831,0.122046,-0.006313,0.042555,0.00649,-0.18359,-0.958376,0.218651,0.976066,-0.204104,-0.075064,0.116567,0.199638,0.97291,0.006054,-0.005645,0.003745,-0.033407,0.001965,0.01439,-0.001921,0.116172,0.035457,-0.039966,-0.634348,0.279408,-0.720786,-0.518872,-0.845051,0.129069,-0.573038,0.45587,0.681034,-0.000306,0.00501,-0.004755,0.035663,-0.007652,0.021015,-0.344072
51,0.203541,0.021873,0.402791,-0.596687,0.220519,-0.77161,-0.553062,-0.809688,0.196214,-0.580758,0.543548,0.606055,6.2e-05,-0.001287,-0.000647,-8.6e-05,8.3e-05,-0.000136,-0.190858,-0.25099,0.039341,0.367734,0.077125,0.975653,0.205292,-0.99617,0.083814,-0.023522,-0.040234,-0.203922,0.97809,0.000377,-0.007749,0.010341,-0.034027,0.002374,0.009868,0.102414,-0.006198,0.042344,0.006677,-0.183131,-0.95833,0.219236,0.976312,-0.203426,-0.073695,0.115222,0.200547,0.972884,0.006138,-0.005316,0.003946,-0.03344,0.001903,0.014369,-0.01531,0.116167,0.035458,-0.039987,-0.636347,0.278096,-0.71953,-0.518169,-0.845086,0.131642,-0.571456,0.456608,0.681869,4.1e-05,-0.000844,-0.000422,0.003291,-0.002842,0.003981,-0.344399
52,0.203533,0.021848,0.402768,-0.596757,0.220472,-0.771569,-0.552997,-0.809719,0.196265,-0.580747,0.54352,0.60609,1.5e-05,-0.000317,-0.000159,-0.0,0.0,-0.0,-0.190335,-0.250879,0.038965,0.368155,0.076083,0.975538,0.206223,-0.996309,0.082514,-0.022201,-0.038752,-0.205003,0.977924,0.000368,-0.007793,0.010321,-0.035481,0.017067,-0.014879,0.059707,-0.006142,0.042155,0.006892,-0.182044,-0.958337,0.220113,0.976676,-0.20215,-0.07237,0.11385,0.201805,0.972785,0.000195,-0.003822,0.005204,-0.035505,0.017066,-0.014897,-0.064624,0.116163,0.035443,-0.04,-0.636377,0.278064,-0.719516,-0.518109,-0.845123,0.131635,-0.571477,0.456558,0.681885,8e-06,-0.000164,-8.3e-05,4.6e-05,-4.5e-05,9.4e-05,-0.343909
53,0.203533,0.021856,0.40275,-0.596749,0.22048,-0.771573,-0.552974,-0.809745,0.196224,-0.580778,0.543478,0.606099,2e-06,-4.2e-05,-2.1e-05,0.0,0.0,0.0,-0.190031,-0.250807,0.038782,0.368378,0.075557,0.975479,0.206699,-0.996379,0.081853,-0.021517,-0.037985,-0.205555,0.977839,0.01262,-0.009292,0.008723,-0.043507,0.103118,-0.156506,0.051717,-0.006105,0.042064,0.007004,-0.181491,-0.958338,0.22056,0.97686,-0.2015,-0.071697,0.113153,0.202445,0.972734,0.006319,-0.004579,0.004399,-0.043511,0.10313,-0.156531,-0.085362,0.116163,0.035446,-0.040009,-0.636369,0.278073,-0.719519,-0.518086,-0.845144,0.13159,-0.571507,0.456514,0.681889,-1e-06,1.4e-05,6e-06,-9e-06,-2.9e-05,3.6e-05,-0.343746
54,0.203532,0.021854,0.402705,-0.596655,0.220551,-0.771626,-0.552982,-0.809778,0.196065,-0.580867,0.5434,0.606083,5.2e-05,-0.001076,-0.000541,0.0,0.0,0.0,-0.190456,-0.250787,0.038514,0.368848,0.074591,0.975371,0.207556,-0.996505,0.080631,-0.020235,-0.036548,-0.206551,0.977683,-0.011424,-0.004396,0.013079,-0.03607,0.017584,-0.019374,0.048925,-0.006091,0.041932,0.007235,-0.180494,-0.958344,0.221354,0.977193,-0.200318,-0.070458,0.111864,0.203589,0.972644,0.000259,-0.003553,0.005374,-0.03552,0.016985,-0.014941,-0.101691,0.116163,0.035448,-0.04003,-0.636278,0.278153,-0.719568,-0.518101,-0.84516,0.13143,-0.571594,0.456435,0.681869,3.3e-05,-0.000686,-0.000347,-1.8e-05,-6e-06,1.7e-05,-0.343909
55,0.20355,0.021868,0.402636,-0.596613,0.220586,-0.771648,-0.552908,-0.809867,0.19591,-0.580981,0.543254,0.606105,3.9e-05,-0.00081,-0.000407,0.0,0.0,0.0,-0.190634,-0.250894,0.038201,0.369218,0.072637,0.975232,0.208896,-0.996696,0.078482,-0.019276,-0.035266,-0.208036,0.977416,-0.000369,-0.010851,0.008487,-0.035497,0.017002,-0.014917,0.020099,-0.006147,0.041784,0.007425,-0.178468,-0.958437,0.222591,0.977691,-0.198201,-0.069531,0.110759,0.205217,0.972428,-0.000231,-0.005587,0.004145,-0.035547,0.017004,-0.014948,-0.117041,0.116171,0.035454,-0.040066,-0.636239,0.278192,-0.719588,-0.518031,-0.845229,0.131262,-0.571701,0.456284,0.68188,2.3e-05,-0.000485,-0.000245,-1.7e-05,-5e-06,8e-06,-0.344236
56,0.203541,0.02185,0.40255,-0.596691,0.220541,-0.7716,-0.552749,-0.809985,0.195869,-0.581051,0.543096,0.606179,-0.000539,0.008618,-0.010218,0.03567,-0.007655,0.020984,-0.191454,-0.25094,0.037897,0.369409,0.069966,0.975641,0.207895,-0.996861,0.076003,-0.020638,-0.036005,-0.207029,0.977602,-0.000466,-0.011252,0.00825,0.120212,-0.16123,-0.129178,-0.074444,-0.006171,0.041628,0.007518,-0.176304,-0.958974,0.222001,0.978052,-0.196108,-0.070396,0.111045,0.204718,0.972501,-5.7e-05,-0.000215,-0.000131,0.25335,-0.28585,-0.159661,-0.1964,0.116167,0.035442,-0.040104,-0.636325,0.278129,-0.719537,-0.517876,-0.845329,0.131233,-0.571746,0.456138,0.68194,5.1e-05,-0.001024,-0.000514,4e-06,1.9e-05,1.7e-05,-0.344399
57,0.203543,0.02181,0.402519,-0.596776,0.220484,-0.771552,-0.552674,-0.81002,0.195934,-0.581036,0.543067,0.60622,0.000147,-0.003043,-0.001532,-0.000805,0.01174,-0.026307,-0.193832,-0.250929,0.037869,0.369448,0.068761,0.976143,0.205932,-0.99689,0.075084,-0.022493,-0.037487,-0.204977,0.977979,0.000184,0.00076,0.000459,0.071365,-0.081687,-0.052356,-0.133353,-0.006167,0.041608,0.007539,-0.174934,-0.959856,0.219257,0.9781,-0.194925,-0.072956,0.112766,0.201693,0.972935,0.000117,0.000493,0.0003,0.071087,-0.082493,-0.058974,-0.248326,0.116168,0.035428,-0.040122,-0.636378,0.278087,-0.719505,-0.517805,-0.84537,0.131247,-0.571751,0.456086,0.681971,4.4e-05,-0.000885,-0.000445,0.0,0.0,2e-05,-0.344562
