frame,MLTx,MLTy,MLTz,MLTR1,MLTR2,MLTR3,MLTR4,MLTR5,MLTR6,MLTR7,MLTR8,MLTR9,MLTTVx,MLTTVy,MLTTVz,MLTRVx,MLTRVy,MLTRVz,MLGA,MRTx,MRTy,MRTz,MRTR1,MRTR2,MRTR3,MRTR4,MRTR5,MRTR6,MRTR7,MRTR8,MRTR9,MRTTVx,MRTTVy,MRTTVz,MRTRVx,MRTRVy,MRTRVz,MRGA,SLTx,SLTy,SLTz,SLTR1,SLTR2,SLTR3,SLTR4,SLTR5,SLTR6,SLTR7,SLTR8,SLTR9,SLTTVx,SLTTVy,SLTTVz,SLTRVx,SLTRVy,SLTRVz,SLGA,SRTx,SRTy,SRTz,SRTR1,SRTR2,SRTR3,SRTR4,SRTR5,SRTR6,SRTR7,SRTR8,SRTR9,SRTTVx,SRTTVy,SRTTVz,SRTRVx,SRTRVy,SRTRVz,SRGA
1,0.207008,0.018597,0.413379,-0.546998,0.386774,-0.742458,-0.69426,-0.705134,0.144087,-0.467129,0.59379,0.655157,-1e-06,1.4e-05,7e-06,0.0,0.0,0.0,-0.027621,-0.246268,0.038904,0.350528,0.478655,0.843958,0.242109,-0.840458,0.520236,-0.151391,-0.254305,-0.132092,0.95799,-0.013491,-0.002914,-0.00138,-0.010841,0.123225,-0.195999,0.423993,-0.003552,0.041541,-0.001346,-0.606407,-0.746386,0.274185,0.734435,-0.657906,-0.166623,0.304754,0.10033,0.947131,-0.006724,-0.001376,-0.000633,-0.010276,0.123826,-0.196294,0.368422,0.11815,0.032711,-0.033587,-0.583155,0.478488,-0.656488,-0.699777,-0.706334,0.106789,-0.412603,0.52167,0.746738,-1e-06,4e-06,2e-06,-7e-06,-1.2e-05,-1.6e-05,-0.222257
2,0.207008,0.018581,0.413371,-0.547034,0.386756,-0.742442,-0.694239,-0.705149,0.144117,-0.46712,0.593785,0.655169,3.5e-05,-0.0006,-0.000287,0.0,0.0,0.0,-0.028155,-0.246559,0.038837,0.350519,0.47849,0.844503,0.240528,-0.841339,0.519386,-0.149403,-0.251681,-0.131953,0.958702,-0.01249,0.001456,0.001591,-0.002045,0.015205,-0.029245,0.424944,-0.003693,0.041504,-0.001353,-0.606406,-0.746964,0.272608,0.735503,-0.657202,-0.164679,0.302168,0.100642,0.947926,-0.006204,0.000904,0.000919,-0.00193,0.015405,-0.029407,0.379689,0.118151,0.032704,-0.033591,-0.58319,0.478468,-0.656472,-0.699754,-0.706352,0.106817,-0.412593,0.521664,0.746748,2.8e-05,-0.000466,-0.000223,1.9e-05,9e-06,1.2e-05,-0.222584
3,0.207008,0.018581,0.413371,-0.547034,0.386756,-0.742442,-0.694239,-0.705149,0.144117,-0.46712,0.593785,0.655169,1e-06,-1e-05,-5e-06,0.0,0.0,0.0,-0.027479,-0.246763,0.038872,0.350553,0.477913,0.844767,0.240747,-0.841631,0.518883,-0.149507,-0.2518,-0.132244,0.95863,-0.012266,0.002426,0.00225,-0.002045,0.015205,-0.029245,0.431771,-0.00379,0.041522,-0.001336,-0.605892,-0.747307,0.272808,0.73586,-0.656772,-0.164799,0.302328,0.100899,0.947847,-0.006051,0.001565,0.00137,-0.002071,0.015249,-0.029367,0.382955,0.118151,0.032702,-0.033591,-0.58319,0.478468,-0.656472,-0.699753,-0.706352,0.106817,-0.412593,0.521663,0.746748,-0.0,5e-06,2e-06,6e-06,-5e-06,2e-06,-0.222584
4,0.207001,0.018556,0.41336,-0.546985,0.386782,-0.742463,-0.694269,-0.705128,0.144075,-0.467132,0.593792,0.655153,5.6e-05,-0.000957,-0.000458,0.0,0.0,0.0,-0.029443,-0.247173,0.038918,0.350557,0.475679,0.845763,0.241674,-0.842716,0.516969,-0.150022,-0.2524,-0.133376,0.958316,-0.012596,0.010546,-0.007863,0.032126,0.013511,-0.038752,0.452994,-0.003993,0.041551,-0.001324,-0.603831,-0.748653,0.273688,0.737242,-0.655079,-0.165359,0.303084,0.101925,0.947496,-0.006393,9.7e-05,0.000371,-0.002104,0.015228,-0.029324,0.406142,0.118147,0.032691,-0.033596,-0.583143,0.478497,-0.656494,-0.699785,-0.706327,0.106779,-0.412606,0.521672,0.746735,3.1e-05,-0.000521,-0.000248,7e-06,9e-06,3e-06,-0.223074
5,0.207002,0.018541,0.413352,-0.547021,0.386764,-0.742447,-0.694247,-0.705142,0.144106,-0.467122,0.593786,0.655165,1e-06,-1.2e-05,-6e-06,0.0,0.0,0.0,-0.031954,-0.247681,0.039009,0.350574,0.475162,0.846932,0.238576,-0.844487,0.51514,-0.146308,-0.247392,-0.133032,0.959668,-0.012268,0.002417,0.002239,-0.002048,0.015202,-0.029245,0.454034,-0.004253,0.041594,-0.001324,-0.603617,-0.749957,0.270572,0.739442,-0.653504,-0.161732,0.298112,0.102448,0.949016,-0.012306,0.002256,0.002136,3.4e-05,0.034365,-0.059089,0.419696,0.118147,0.032682,-0.033601,-0.583177,0.478477,-0.656477,-0.699763,-0.706345,0.106806,-0.412596,0.521665,0.746745,-2e-06,2.1e-05,1e-05,0.0,-8e-06,-2e-06,-0.225033
6,0.207001,0.018556,0.41336,-0.546985,0.386782,-0.742463,-0.694269,-0.705128,0.144075,-0.467132,0.593792,0.655153,-1.7e-05,0.000292,0.00014,0.0,0.0,0.0,-0.029841,-0.247979,0.039121,0.350689,0.475317,0.847332,0.23684,-0.845192,0.514568,-0.144239,-0.244667,-0.132694,0.960413,-0.01123,0.00681,0.005225,-0.002482,0.014791,-0.029199,0.4536,-0.004404,0.041643,-0.001271,-0.603903,-0.750351,0.268837,0.740306,-0.65303,-0.159682,0.295376,0.102589,0.949856,-0.005444,0.004143,0.003124,0.003341,0.003487,-0.005696,0.420349,0.118147,0.03269,-0.033597,-0.583143,0.478496,-0.656494,-0.699785,-0.706327,0.106779,-0.412606,0.521672,0.746735,-1.1e-05,0.000193,9.2e-05,4e-06,5e-06,-0.0,-0.225033
7,0.206973,0.018563,0.413364,-0.547029,0.386765,-0.74244,-0.694244,-0.705145,0.144111,-0.467117,0.593783,0.655172,-0.0,1e-06,0.0,0.0,0.0,0.0,-0.030376,-0.248682,0.039585,0.351149,0.474085,0.847902,0.237268,-0.845878,0.513445,-0.14422,-0.244686,-0.133407,0.96031,-0.021451,0.017634,0.01313,-0.001575,-0.000885,-0.010158,0.453588,-0.004752,0.041866,-0.001047,-0.602737,-0.751125,0.269294,0.741171,-0.652028,-0.159762,0.295588,0.103298,0.949714,-0.010739,0.008799,0.006564,-0.00277,0.014867,-0.034391,0.420839,0.118133,0.032694,-0.033595,-0.583185,0.478476,-0.65647,-0.699759,-0.706348,0.106811,-0.412591,0.521662,0.746751,2e-06,-1e-05,-4e-06,9e-06,1.8e-05,4e-06,-0.22487
8,0.206982,0.018563,0.413364,-0.547009,0.386774,-0.742451,-0.694256,-0.705137,0.144094,-0.467124,0.593787,0.655163,-0.0,0.0,0.0,0.0,0.0,0.0,-0.034874,-0.249599,0.040089,0.351879,0.471079,0.849209,0.238578,-0.847541,0.51075,-0.144022,-0.244733,-0.135439,0.960013,-0.021656,0.00705,0.021496,-0.046867,0.140185,-0.215738,0.450978,-0.005196,0.042123,-0.000685,-0.600123,-0.752797,0.270456,0.743153,-0.649794,-0.159656,0.29593,0.105177,0.949401,-0.01075,0.003907,0.011022,-0.03827,0.032333,-0.048923,0.420839,0.118137,0.032694,-0.033595,-0.583166,0.478486,-0.656481,-0.699771,-0.706338,0.106796,-0.412598,0.521666,0.746743,5e-06,-7e-06,-4e-06,3.1e-05,3.3e-05,2.8e-05,-0.226666
9,0.206972,0.018571,0.413368,-0.547012,0.386774,-0.742449,-0.694255,-0.705137,0.144096,-0.467122,0.593786,0.655166,-1.1e-05,0.000192,9.2e-05,0.0,0.0,0.0,-0.039362,-0.250028,0.040329,0.352287,0.46977,0.849768,0.23917,-0.8483,0.50956,-0.143775,-0.244619,-0.136427,0.959902,-0.020774,0.010564,0.023819,-0.036954,0.016756,-0.024661,0.450042,-0.005424,0.042246,-0.000478,-0.59875,-0.753663,0.271089,0.744217,-0.648615,-0.159494,0.296037,0.106252,0.949247,-0.010365,0.005431,0.012027,-0.045603,0.12451,-0.191669,0.420185,0.118133,0.032698,-0.033593,-0.583168,0.478486,-0.656478,-0.69977,-0.706339,0.106797,-0.412596,0.521665,0.746745,-3e-06,0.000114,5.4e-05,1e-06,7e-06,1e-06,-0.228136
10,0.206964,0.018555,0.413371,-0.547063,0.386747,-0.742424,-0.694236,-0.705143,0.144157,-0.467089,0.593797,0.65518,3e-06,-5.2e-05,-2.5e-05,0.0,0.0,0.0,-0.042028,-0.250937,0.040825,0.353382,0.468087,0.850902,0.238439,-0.850236,0.507233,-0.140526,-0.241088,-0.138033,0.960566,-0.019449,0.015647,0.027094,-0.045588,0.124391,-0.191684,0.449336,-0.005879,0.042492,6.8e-05,-0.597435,-0.755004,0.270258,0.746555,-0.646701,-0.156309,0.29279,0.108378,0.950014,-0.009836,0.002786,0.017956,-0.069312,0.020595,-0.015186,0.420185,0.118129,0.03269,-0.033591,-0.583219,0.478458,-0.656454,-0.699747,-0.706352,0.106856,-0.412562,0.521673,0.746758,4e-06,-2.6e-05,-1.2e-05,1e-05,2e-06,1.1e-05,-0.232055
11,0.206955,0.018546,0.413368,-0.547101,0.386729,-0.742406,-0.694213,-0.705159,0.144189,-0.467078,0.59379,0.655194,9e-06,-0.000163,-7.8e-05,0.0,0.0,0.0,-0.034096,-0.25178,0.041086,0.354801,0.470642,0.849078,0.239904,-0.849027,0.509845,-0.138367,-0.240372,-0.139644,0.960512,-0.019468,0.005928,0.035976,-0.072244,0.034725,-0.039004,0.445607,-0.006299,0.042631,0.000778,-0.599492,-0.752808,0.271824,0.745045,-0.648962,-0.154127,0.292432,0.110124,0.949924,-0.009609,0.003574,0.018407,-0.071007,0.019244,-0.01494,0.415777,0.118124,0.032685,-0.033593,-0.583257,0.478438,-0.656435,-0.699723,-0.706372,0.106885,-0.41255,0.521665,0.746771,7e-06,-9.7e-05,-4.6e-05,1e-05,1.6e-05,1e-05,-0.230585
12,0.206965,0.018546,0.413356,-0.547085,0.386737,-0.742414,-0.694211,-0.705168,0.144158,-0.467101,0.593774,0.655192,0.0,-1e-06,-0.0,0.0,0.0,0.0,-0.030826,-0.25247,0.041072,0.356338,0.477085,0.846232,0.237218,-0.845277,0.515759,-0.1394,-0.240894,-0.135086,0.961034,-0.020153,-0.006309,0.043249,-0.099341,0.042852,-0.059923,0.449737,-0.006643,0.042633,0.001546,-0.605453,-0.74904,0.269007,0.740297,-0.654121,-0.155192,0.292208,0.105184,0.950552,-0.003626,0.001887,0.016933,-0.082857,0.019863,0.018137,0.41594,0.118129,0.032685,-0.033599,-0.583241,0.478447,-0.656443,-0.699723,-0.706377,0.106853,-0.412573,0.521649,0.746769,-3e-06,1.1e-05,6e-06,-2.9e-05,-3.7e-05,-1.8e-05,-0.227973
13,0.206965,0.018546,0.413356,-0.546963,0.386801,-0.74247,-0.694284,-0.705117,0.144053,-0.467135,0.593793,0.65515,0.0,-0.0,-0.0,0.0,0.0,0.0,-0.031547,-0.252735,0.040957,0.357134,0.475582,0.847473,0.235803,-0.846349,0.513937,-0.139628,-0.240099,-0.134245,0.96135,-0.008032,-0.008871,0.040932,0.002969,-0.09181,-0.111698,0.453535,-0.006779,0.042578,0.001946,-0.604325,-0.750301,0.268026,0.741577,-0.652696,-0.155079,0.291296,0.105044,0.950847,-0.003738,0.001407,0.016593,0.086546,-0.179855,-0.103399,0.419696,0.118129,0.032685,-0.033599,-0.58312,0.478515,-0.6565,-0.699802,-0.706313,0.106759,-0.412609,0.521674,0.746732,-4e-06,9e-06,5e-06,-1.6e-05,-3.3e-05,-1.3e-05,-0.227483
14,0.206958,0.018498,0.413334,-0.54709,0.386736,-0.742411,-0.694209,-0.705169,0.144161,-0.467099,0.593773,0.655194,0.000133,-0.002301,-0.001102,-0.000747,0.010939,-0.026652,-0.035219,-0.253083,0.040661,0.358648,0.473519,0.848416,0.23656,-0.847349,0.512139,-0.140163,-0.240645,-0.135158,0.961085,0.003722,-0.012839,0.037695,-0.087562,-0.091393,0.167961,0.455165,-0.006958,0.042433,0.002706,-0.602148,-0.751922,0.268386,0.743056,-0.650767,-0.156107,0.292037,0.105427,0.950578,-0.004042,0.000148,0.015737,-0.083795,0.033908,-0.005828,0.425247,0.118125,0.032665,-0.033608,-0.583227,0.478456,-0.656448,-0.699732,-0.70637,0.106842,-0.412576,0.521652,0.746765,2.5e-05,-0.000437,-0.000208,-9e-06,-9e-06,-7e-06,-0.227646
15,0.206953,0.018434,0.413303,-0.547252,0.386653,-0.742334,-0.694111,-0.705236,0.1443,-0.467053,0.593747,0.65525,0.000144,-0.002481,-0.001189,-0.000747,0.010939,-0.026652,-0.035782,-0.253243,0.040104,0.360143,0.481351,0.842604,0.241475,-0.841699,0.521259,-0.140586,-0.244916,-0.136651,0.959795,0.002501,-0.017708,0.03456,-0.068704,0.016551,0.123903,0.45206,-0.007036,0.042161,0.003457,-0.608734,-0.7447,0.27361,0.735923,-0.658858,-0.155954,0.296409,0.106421,0.949112,-0.004829,-0.007608,0.018396,0.010798,-0.035355,0.459547,0.424594,0.118123,0.032633,-0.033624,-0.583386,0.478367,-0.656371,-0.699628,-0.706454,0.106966,-0.412528,0.521619,0.746815,3e-05,-0.00052,-0.00025,-1e-05,-4e-06,-8e-06,-0.228789
16,0.206946,0.018402,0.413288,-0.547221,0.386671,-0.742348,-0.69413,-0.705223,0.144273,-0.467061,0.593751,0.655241,0.000118,-0.002034,-0.000975,0.0,0.0,0.0,-0.035102,-0.253266,0.039702,0.360853,0.479592,0.842355,0.245804,-0.841518,0.520936,-0.142849,-0.248962,-0.139412,0.958355,0.002126,-0.019208,0.033614,-0.04977,0.087465,-0.026067,0.450927,-0.007044,0.041966,0.003798,-0.607007,-0.744586,0.277728,0.735619,-0.658679,-0.158131,0.300676,0.108316,0.947555,0.000992,-0.009787,0.016693,0.568479,0.650244,-0.102541,0.422961,0.118119,0.032615,-0.033632,-0.583374,0.478376,-0.656376,-0.699637,-0.706447,0.106955,-0.412531,0.52162,0.746812,6.7e-05,-0.001162,-0.000557,-0.000746,0.010937,-0.026648,-0.228952
17,0.206958,0.018347,0.413262,-0.547202,0.386679,-0.742357,-0.694141,-0.705216,0.144257,-0.467067,0.593755,0.655233,0.000106,-0.001834,-0.000879,0.0,0.0,0.0,-0.03396,-0.253249,0.038958,0.36224,0.482703,0.838708,0.252107,-0.837939,0.526037,-0.14518,-0.25497,-0.142238,0.956359,0.00295,-0.015936,0.035711,-0.098445,0.026795,0.004597,0.449739,-0.007041,0.04157,0.004512,-0.609133,-0.740373,0.28426,0.731164,-0.663101,-0.160296,0.307172,0.110199,0.945251,0.001462,-0.007918,0.017889,-0.105569,0.019917,0.005404,0.420839,0.118125,0.032587,-0.033645,-0.583355,0.478385,-0.656386,-0.699648,-0.706437,0.106941,-0.412537,0.521625,0.746806,5.9e-05,-0.001028,-0.000493,-0.000748,0.010926,-0.026647,-0.228626
18,0.20696,0.018308,0.413243,-0.547291,0.386633,-0.742316,-0.694088,-0.705253,0.144333,-0.467042,0.593741,0.655263,4.5e-05,-0.000776,-0.000372,0.0,0.0,0.0,-0.035726,-0.253238,0.038333,0.363728,0.486301,0.835253,0.256621,-0.83486,0.530865,-0.145344,-0.258223,-0.144625,0.955127,0.003728,-0.003591,0.028234,-0.068021,0.004912,0.019812,0.446871,-0.007038,0.041265,0.005231,-0.611956,-0.736299,0.288742,0.727285,-0.667343,-0.160342,0.31075,0.111875,0.943884,-0.004553,-0.006522,0.019091,-0.107199,0.035897,-0.024159,0.417246,0.118127,0.032566,-0.033656,-0.583442,0.478336,-0.656345,-0.699591,-0.706484,0.107009,-0.412511,0.521607,0.746832,3.1e-05,-0.000537,-0.000259,-4e-06,-4e-06,-1e-06,-0.228952
19,0.206954,0.018259,0.41322,-0.547296,0.386632,-0.742313,-0.694085,-0.705254,0.144337,-0.46704,0.59374,0.655266,4.4e-05,-0.000753,-0.000361,0.0,0.0,0.0,-0.036468,-0.253225,0.037858,0.365069,0.484978,0.835144,0.259466,-0.835569,0.530109,-0.144026,-0.258419,-0.148015,0.954554,0.003064,-0.015479,0.035988,-0.104837,0.037116,-0.019568,0.448779,-0.007028,0.041023,0.005928,-0.610545,-0.736363,0.291553,0.728191,-0.666693,-0.158924,0.311402,0.115276,0.94326,0.001523,-0.007681,0.018031,-0.105284,0.036783,-0.019671,0.417083,0.118123,0.032541,-0.033667,-0.583447,0.478334,-0.656342,-0.699589,-0.706486,0.107012,-0.412509,0.521606,0.746835,2.6e-05,-0.000431,-0.000208,1.2e-05,1.3e-05,1.2e-05,-0.229769
20,0.206946,0.018243,0.413212,-0.547351,0.386605,-0.742286,-0.694052,-0.705277,0.144384,-0.467024,0.59373,0.655286,2.5e-05,-0.00043,-0.000206,0.0,0.0,0.0,-0.035066,-0.253237,0.03768,0.36575,0.484616,0.835195,0.259978,-0.836158,0.529628,-0.142368,-0.257187,-0.149451,0.954663,0.003855,-0.003069,0.028503,-0.068002,0.004996,0.019859,0.45032,-0.007036,0.040933,0.006256,-0.610171,-0.736478,0.292045,0.728904,-0.666289,-0.157344,0.310467,0.116866,0.943372,-0.004443,-0.006105,0.019339,-0.105562,0.037464,-0.024296,0.418879,0.118119,0.032533,-0.033671,-0.583501,0.478305,-0.656314,-0.699554,-0.706514,0.107054,-0.412491,0.521594,0.746853,1.5e-05,-0.000272,-0.000132,-7e-06,-1.1e-05,-4e-06,-0.229769
21,0.206912,0.018193,0.41319,-0.549626,0.385829,-0.741008,-0.693531,-0.70522,0.147145,-0.465123,0.594304,0.656118,0.000128,-0.002221,-0.001067,-0.000748,0.010939,-0.026652,-0.033986,-0.253267,0.037399,0.366986,0.483575,0.83546,0.26106,-0.837403,0.528424,-0.139494,-0.255081,-0.152219,0.954791,0.00386,-0.003043,0.028474,-0.077933,0.106578,-0.150831,0.452676,-0.007051,0.040793,0.006875,-0.60927,-0.736826,0.293047,0.730354,-0.665365,-0.154503,0.308825,0.119894,0.943531,-0.004217,-0.000605,0.015139,-0.07006,0.020282,-0.009484,0.422145,0.118102,0.032512,-0.03368,-0.585709,0.477427,-0.654986,-0.698869,-0.706775,0.109775,-0.410518,0.522047,0.747624,2.2e-05,-0.000363,-0.000175,0.001859,-0.001423,0.001857,-0.228789
22,0.206888,0.018128,0.413159,-0.549829,0.385728,-0.740909,-0.69341,-0.705303,0.147317,-0.465064,0.59427,0.65619,0.000147,-0.002539,-0.00122,-0.000748,0.010939,-0.026652,-0.033926,-0.253366,0.03725,0.368136,0.48697,0.833106,0.26227,-0.835677,0.531771,-0.137101,-0.254281,-0.153469,0.954804,0.003335,-0.00514,0.027138,-0.078027,0.106165,-0.151073,0.450743,-0.007101,0.040726,0.007443,-0.612187,-0.733903,0.2943,0.728142,-0.66835,-0.152039,0.308278,0.121216,0.943541,-0.004396,-0.001349,0.014658,-0.070078,0.020346,-0.009535,0.423615,0.11809,0.03248,-0.033695,-0.585891,0.477323,-0.654899,-0.698742,-0.70688,0.109905,-0.410475,0.521999,0.747681,3.9e-05,-0.00067,-0.00032,2.1e-05,-3.4e-05,4.3e-05,-0.228462
23,0.206872,0.018095,0.413144,-0.549819,0.385737,-0.740912,-0.693417,-0.705298,0.147307,-0.465065,0.594271,0.656189,0.000122,-0.002122,-0.00102,0.0,0.0,0.0,-0.033995,-0.253416,0.037262,0.368615,0.485601,0.833178,0.264572,-0.835822,0.531217,-0.138365,-0.25642,-0.155004,0.953984,0.003672,0.005443,0.018465,-0.033979,0.002578,0.00997,0.446383,-0.007122,0.040722,0.007687,-0.610631,-0.73425,0.296657,0.728427,-0.667742,-0.15334,0.31068,0.122459,0.942592,0.001691,-0.002405,0.013664,-0.072219,0.001412,0.020488,0.421328,0.118082,0.032462,-0.033704,-0.585898,0.477322,-0.654894,-0.698739,-0.706882,0.109909,-0.410471,0.521996,0.747685,7e-05,-0.001218,-0.000584,0.004417,-0.064555,0.157298,-0.228626
24,0.206848,0.018031,0.413114,-0.5499,0.3857,-0.740872,-0.69337,-0.70533,0.147374,-0.46504,0.594257,0.65622,0.000135,-0.002336,-0.001124,-0.000748,0.010939,-0.026652,-0.031783,-0.253642,0.037335,0.369519,0.48356,0.834736,0.263395,-0.837216,0.528916,-0.13875,-0.255723,-0.154487,0.954255,-0.009153,-0.004395,0.028211,0.055583,-0.135468,-0.108367,0.443022,-0.007236,0.040763,0.008154,-0.609038,-0.735974,0.295658,0.730114,-0.665858,-0.153511,0.309846,0.12237,0.942878,-0.004624,-0.002319,0.014036,0.086977,-0.173381,-0.126125,0.41398,0.11807,0.03243,-0.033719,-0.585959,0.477292,-0.654861,-0.6987,-0.706913,0.109956,-0.410449,0.521981,0.747707,2.3e-05,-0.000406,-0.000195,-9e-06,-3e-06,-1e-06,-0.227646
25,0.206841,0.017982,0.413091,-0.549782,0.385763,-0.740926,-0.693442,-0.705281,0.147273,-0.465071,0.594274,0.656181,5.1e-05,-0.000885,-0.000426,0.0,0.0,0.0,-0.030275,-0.253843,0.037317,0.370295,0.486885,0.832002,0.265907,-0.834495,0.533031,-0.139392,-0.258305,-0.155088,0.953462,-0.010019,-0.007881,0.026073,-0.071433,0.034989,-0.034096,0.445002,-0.007333,0.04076,0.008533,-0.611693,-0.732845,0.29794,0.726768,-0.669335,-0.154262,0.312473,0.122172,0.942037,0.001314,0.000677,0.007953,-0.036105,0.004644,0.010911,0.41447,0.118067,0.032403,-0.033732,-0.585861,0.477349,-0.654907,-0.698766,-0.706861,0.109879,-0.410478,0.522001,0.747678,3e-05,-0.000509,-0.000246,7e-06,-8e-06,1.1e-05,-0.226993
26,0.206835,0.017934,0.413068,-0.549787,0.385762,-0.740923,-0.693439,-0.705282,0.147276,-0.465069,0.594273,0.656184,5.1e-05,-0.000893,-0.00043,0.0,0.0,0.0,-0.030352,-0.253932,0.037519,0.370949,0.486108,0.833044,0.26406,-0.835089,0.531884,-0.140214,-0.257846,-0.153414,0.953857,0.003419,0.013596,0.008188,0.241561,-0.313938,-0.164364,0.433219,-0.00738,0.040847,0.008857,-0.611514,-0.733007,0.297909,0.727228,-0.669035,-0.153395,0.311752,0.122845,0.942188,0.00167,0.002092,0.008783,0.299766,-0.426246,-0.227014,0.408918,0.118064,0.032379,-0.033743,-0.585866,0.477348,-0.654904,-0.698764,-0.706862,0.109882,-0.410475,0.521999,0.74768,3e-05,-0.000521,-0.000251,1e-06,-3e-06,3e-06,-0.22634
27,0.206836,0.017926,0.413064,-0.549805,0.385753,-0.740915,-0.693429,-0.705289,0.147291,-0.465064,0.59427,0.65619,1.2e-05,-0.000204,-9.8e-05,0.0,0.0,0.0,-0.033129,-0.253963,0.037627,0.371256,0.485658,0.833214,0.264352,-0.835443,0.531442,-0.139781,-0.257547,-0.154025,0.953839,0.002953,0.002538,0.016561,-0.029833,-0.002473,0.006773,0.427835,-0.007398,0.040908,0.009022,-0.610706,-0.734358,0.296235,0.728001,-0.667868,-0.154809,0.311531,0.121117,0.942485,0.001467,0.001274,0.008285,-0.045386,0.016158,0.014772,0.401897,0.118064,0.032374,-0.033745,-0.585883,0.477338,-0.654895,-0.698752,-0.706871,0.109895,-0.41047,0.521995,0.747685,5e-06,-7.4e-05,-3.6e-05,9e-06,2e-06,1.2e-05,-0.226503
28,0.206807,0.017941,0.413072,-0.549953,0.38568,-0.740843,-0.693341,-0.70535,0.147416,-0.46502,0.594246,0.656243,-2.1e-05,0.000373,0.00018,0.0,0.0,0.0,-0.035745,-0.254031,0.037808,0.371813,0.489216,0.830886,0.265118,-0.833216,0.535106,-0.139089,-0.258029,-0.153913,0.953727,0.00229,-9.7e-05,0.014954,-0.044288,0.102454,-0.161702,0.422699,-0.007432,0.041002,0.009297,-0.613911,-0.731296,0.297183,0.725116,-0.671228,-0.153812,0.31196,0.121065,0.942349,0.001344,0.005383,0.003217,0.001191,-0.01404,0.024971,0.393896,0.11805,0.032382,-0.033741,-0.586028,0.477261,-0.654822,-0.698658,-0.706947,0.110006,-0.410424,0.521964,0.747733,-1.5e-05,0.000255,0.000123,-0.005162,0.075502,-0.183939,-0.228626
29,0.206788,0.017955,0.41308,-0.549837,0.385744,-0.740896,-0.693412,-0.7053,0.147315,-0.465051,0.594263,0.656206,-4e-06,7.4e-05,3.5e-05,0.0,0.0,0.0,-0.036615,-0.254019,0.038053,0.372257,0.488384,0.831222,0.265598,-0.833797,0.534325,-0.138611,-0.257728,-0.154817,0.953662,0.003077,0.01223,0.007278,0.001501,-0.014438,0.024894,0.403712,-0.007429,0.041109,0.009515,-0.612968,-0.731867,0.297724,0.725958,-0.670416,-0.153384,0.311856,0.122116,0.942249,-0.004853,0.001228,0.008575,-0.046349,0.11757,-0.191083,0.3792,0.11804,0.03239,-0.033737,-0.585913,0.477329,-0.654875,-0.698735,-0.706885,0.109916,-0.410456,0.521986,0.7477,-4e-06,4e-05,2e-05,-8e-06,-1.9e-05,-4e-06,-0.229442
30,0.206752,0.017945,0.413076,-0.549936,0.385699,-0.740845,-0.693354,-0.70534,0.147398,-0.46502,0.594245,0.656244,-0.012208,-0.00076,2.9e-05,-0.000984,0.014715,-0.029553,-0.0359,-0.254042,0.038359,0.372728,0.487187,0.831725,0.266221,-0.834559,0.533232,-0.138236,-0.257526,-0.155888,0.953542,-0.009581,0.002834,0.017344,-0.035993,0.01793,-0.019197,0.387642,-0.007437,0.041274,0.009758,-0.611904,-0.732524,0.298297,0.726872,-0.669504,-0.153041,0.311818,0.123178,0.942123,-0.004804,0.001396,0.008658,-0.03602,0.017928,-0.01924,0.356176,0.118027,0.032385,-0.033739,-0.585991,0.477289,-0.654835,-0.698685,-0.706925,0.109975,-0.41043,0.521968,0.747727,2e-06,-1.8e-05,-8e-06,1e-06,2e-06,-1e-06,-0.229606
31,0.206734,0.017936,0.413072,-0.549995,0.385671,-0.740816,-0.69332,-0.705364,0.147447,-0.465002,0.594235,0.656266,-0.012205,-0.000813,3e-06,-0.000984,0.014715,-0.029553,-0.034626,-0.254038,0.038508,0.372908,0.486353,0.832088,0.26661,-0.835033,0.532496,-0.138212,-0.257566,-0.156466,0.953437,0.002514,0.009992,0.005906,0.001506,-0.014416,0.024906,0.379892,-0.007434,0.041351,0.009849,-0.611131,-0.733018,0.298668,0.727464,-0.668858,-0.153046,0.311952,0.123739,0.942005,0.00122,0.00488,0.002884,0.001462,-0.014414,0.024879,0.346215,0.118018,0.03238,-0.033741,-0.586048,0.477259,-0.654805,-0.698648,-0.706955,0.110019,-0.410411,0.521955,0.747746,3e-06,-4.5e-05,-2.1e-05,8e-06,3e-06,9e-06,-0.229606
32,0.206707,0.017927,0.413069,-0.549952,0.385698,-0.740834,-0.693348,-0.705345,0.147408,-0.465011,0.59424,0.656255,0.0,-4e-06,-2e-06,0.0,0.0,0.0,-0.032085,-0.254023,0.038796,0.373138,0.484393,0.832961,0.267452,-0.836061,0.530805,-0.138502,-0.257922,-0.157576,0.953157,0.001977,0.007863,0.004633,-0.00889,0.085057,-0.146991,0.340753,-0.007424,0.041488,0.00996,-0.609422,-0.734132,0.299424,0.728683,-0.667455,-0.153375,0.312449,0.124715,0.941711,0.000871,0.003484,0.002054,-3.6e-05,6e-06,-2.3e-05,0.309964,0.118,0.032375,-0.033743,-0.586026,0.477278,-0.654811,-0.698665,-0.706941,0.109999,-0.410413,0.521957,0.747744,-0.0,1e-05,5e-06,-5e-06,-8e-06,3e-06,-0.228952
33,0.206698,0.017926,0.413069,-0.549851,0.385753,-0.740881,-0.69341,-0.705302,0.14732,-0.465038,0.594255,0.656222,1.1e-05,-0.000187,-9e-05,0.0,0.0,0.0,-0.030437,-0.254088,0.039005,0.373302,0.482325,0.833881,0.268321,-0.837128,0.529024,-0.138867,-0.258334,-0.1587,0.952859,0.000859,0.003413,0.002006,0.0,-0.0,-0.0,0.288549,-0.007459,0.041602,0.010047,-0.607408,-0.735445,0.30029,0.730096,-0.665803,-0.153835,0.313071,0.1258,0.94136,0.000465,0.001863,0.001095,-4.8e-05,4e-06,-1.3e-05,0.252649,0.117995,0.032376,-0.033742,-0.585926,0.477336,-0.654858,-0.698732,-0.706887,0.109921,-0.410442,0.521977,0.747714,7e-06,-0.000119,-5.7e-05,-4e-06,-0.0,-5e-06,-0.227483
34,0.206689,0.017918,0.413065,-0.549889,0.385735,-0.740862,-0.693387,-0.705317,0.147352,-0.465027,0.594249,0.656236,8e-06,-0.000141,-6.8e-05,0.0,0.0,0.0,-0.031386,-0.254122,0.039065,0.373328,0.481197,0.834385,0.268782,-0.837692,0.52806,-0.139132,-0.258609,-0.159267,0.95269,0.000601,0.002387,0.001402,0.001506,-0.014412,0.024909,0.253747,-0.007476,0.041631,0.01006,-0.60635,-0.736138,0.300733,0.730818,-0.664939,-0.154141,0.313439,0.126318,0.941169,7.1e-05,0.000289,0.000171,-0.010417,0.099456,-0.17193,0.215909,0.117991,0.032371,-0.033744,-0.585964,0.477316,-0.654839,-0.698708,-0.706907,0.10995,-0.41043,0.521968,0.747727,4e-06,-6.5e-05,-3.1e-05,1.2e-05,8e-06,1.4e-05,-0.22732
35,0.206681,0.017901,0.413058,-0.549945,0.385707,-0.740835,-0.693354,-0.70534,0.147399,-0.46501,0.59424,0.656256,1e-06,-2.4e-05,-1.2e-05,0.0,0.0,0.0,-0.032915,-0.254152,0.03914,0.373364,0.479722,0.835039,0.269386,-0.838428,0.526801,-0.139472,-0.258962,-0.160015,0.952469,0.000535,0.002123,0.001247,0.0,-0.0,-0.0,0.154084,-0.007492,0.041665,0.010076,-0.605004,-0.737013,0.301297,0.731734,-0.663842,-0.154524,0.3139,0.126982,0.940925,0.000264,0.001052,0.000617,-3.1e-05,5e-06,-1.2e-05,0.101932,0.117987,0.032362,-0.033748,-0.586019,0.477286,-0.654812,-0.698672,-0.706936,0.109992,-0.410413,0.521956,0.747744,-0.0,8e-06,4e-06,2e-05,1.4e-05,2.7e-05,-0.227646
36,0.206673,0.017885,0.41305,-0.549879,0.385743,-0.740865,-0.693395,-0.705312,0.147342,-0.465028,0.594249,0.656235,-0.012206,-0.000827,-4e-06,-0.000984,0.014715,-0.029553,-0.035194,-0.254195,0.0393,0.373474,0.478758,0.835463,0.269783,-0.838919,0.525971,-0.139653,-0.259156,-0.160528,0.95233,0.001034,0.004103,0.002405,0.0,-0.0,-0.0,0.069941,-0.007514,0.041743,0.010129,-0.604114,-0.73759,0.301673,0.732352,-0.66311,-0.154737,0.314175,0.127453,0.94077,0.000536,0.002135,0.001253,-2.5e-05,-4e-06,-1.1e-05,-0.018903,0.117987,0.032354,-0.033752,-0.585934,0.477334,-0.654853,-0.698728,-0.706891,0.109926,-0.410439,0.521973,0.747718,1e-06,-4.3e-05,-2.1e-05,-8e-06,-8e-06,7e-06,-0.228136
37,0.206673,0.017877,0.413046,-0.549774,0.385798,-0.740914,-0.693458,-0.705269,0.147252,-0.465057,0.594266,0.656199,2e-06,-3.3e-05,-1.6e-05,0.0,0.0,0.0,-0.036196,-0.25427,0.039405,0.373552,0.482133,0.832836,0.271888,-0.835776,0.530329,-0.141997,-0.263038,-0.159835,0.951382,0.001136,0.004503,0.002638,2.1e-05,6e-06,2.9e-05,0.035772,-0.007553,0.041791,0.010166,-0.606895,-0.734399,0.303868,0.728432,-0.6669,-0.156941,0.317907,0.1261,0.939698,-0.005453,0.003301,0.002293,-0.006251,0.011291,-0.02832,-0.069686,0.117983,0.03235,-0.033754,-0.585851,0.477382,-0.654891,-0.698783,-0.706846,0.109861,-0.410462,0.521989,0.747694,-0.0,-1e-06,-1e-06,4e-06,6e-06,1.3e-05,-0.228789
38,0.206663,0.017885,0.41305,-0.549777,0.385798,-0.740912,-0.693457,-0.705269,0.147254,-0.465055,0.594265,0.656201,-3e-06,4.4e-05,2.1e-05,0.0,0.0,0.0,-0.036191,-0.254481,0.039616,0.373692,0.485613,0.830626,0.272455,-0.833363,0.53403,-0.142308,-0.264296,-0.159004,0.951172,0.001024,0.004047,0.002366,0.0,-0.0,0.0,-0.029951,-0.007657,0.041901,0.010238,-0.609968,-0.731604,0.304457,0.725407,-0.670161,-0.157057,0.318939,0.125056,0.939488,-0.005443,0.003325,0.002305,-0.000542,0.000686,-0.004624,-0.152148,0.117978,0.032354,-0.033752,-0.585854,0.477383,-0.654889,-0.698782,-0.706847,0.109862,-0.41046,0.521988,0.747696,-2e-06,2.9e-05,1.4e-05,-2e-06,1e-05,3e-06,-0.229116
39,0.206636,0.017875,0.413046,-0.549734,0.385825,-0.740929,-0.693485,-0.70525,0.147215,-0.465064,0.59427,0.65619,3e-06,-4.4e-05,-2.1e-05,0.0,0.0,0.0,-0.037009,-0.254776,0.039835,0.373828,0.483953,0.831384,0.273096,-0.834208,0.532606,-0.142691,-0.264673,-0.159821,0.95093,-0.011119,0.005654,0.004018,-0.002045,0.015205,-0.029245,-0.105336,-0.0078,0.04201,0.010306,-0.608453,-0.732615,0.305053,0.72646,-0.668918,-0.15749,0.319436,0.125784,0.939222,-0.005492,0.003104,0.002173,-0.010965,0.100256,-0.176425,-0.231181,0.117965,0.032349,-0.033754,-0.585812,0.477411,-0.654906,-0.698811,-0.706823,0.109828,-0.41047,0.521995,0.747686,1e-06,-2.1e-05,-9e-06,1.1e-05,6e-06,1.8e-05,-0.229769
40,0.20661,0.017857,0.413039,-0.549709,0.385843,-0.740939,-0.693502,-0.705238,0.147191,-0.465069,0.594272,0.656185,1.5e-05,-0.000267,-0.000129,0.0,0.0,0.0,-0.036892,-0.25511,0.040075,0.373991,0.481972,0.832281,0.273868,-0.835219,0.530905,-0.143119,-0.2651,-0.160819,0.950643,-0.011156,0.005468,0.003904,-0.002045,0.015205,-0.029245,-0.180089,-0.007971,0.042133,0.01039,-0.606605,-0.733841,0.305789,0.727747,-0.667401,-0.157988,0.320022,0.1267,0.938899,-0.005586,0.002712,0.001943,-0.002124,0.015218,-0.029354,-0.301722,0.117951,0.032341,-0.033758,-0.585787,0.477429,-0.654915,-0.698829,-0.706809,0.109807,-0.410475,0.521998,0.747681,1e-05,-0.00016,-7.5e-05,1.2e-05,1.2e-05,1.7e-05,-0.229769
41,0.206593,0.017833,0.413027,-0.549681,0.385861,-0.74095,-0.69352,-0.705226,0.147166,-0.465075,0.594276,0.656178,0.000111,-0.001951,-0.00094,-0.00075,0.010939,-0.026652,-0.037438,-0.255303,0.04016,0.374065,0.480595,0.832896,0.274415,-0.835922,0.529723,-0.143393,-0.26538,-0.161534,0.950444,-0.011505,0.004084,0.003096,-0.012406,0.114656,-0.201158,-0.216572,-0.008067,0.042178,0.010428,-0.605334,-0.734674,0.306305,0.728632,-0.666358,-0.158307,0.320413,0.127355,0.938677,-0.00578,0.001945,0.001498,-0.012444,0.114653,-0.201273,-0.342382,0.117943,0.032332,-0.033761,-0.585742,0.477458,-0.654934,-0.69886,-0.706784,0.109771,-0.410486,0.522005,0.74767,1.3e-05,-0.000215,-0.000102,-1e-06,1.1e-05,4e-06,-0.230095
42,0.206559,0.017775,0.413001,-0.549643,0.385887,-0.740965,-0.693545,-0.705208,0.14713,-0.465082,0.594279,0.656169,8.7e-05,-0.001539,-0.000742,0.0,0.0,0.0,-0.038576,-0.255694,0.040325,0.374186,0.478065,0.834025,0.275403,-0.837199,0.527553,-0.143943,-0.265924,-0.162813,0.950073,0.000663,0.00258,0.001501,0.0,0.0,0.0,-0.286189,-0.008264,0.042256,0.010486,-0.602999,-0.736204,0.307238,0.730241,-0.664444,-0.15894,0.321155,0.128517,0.938266,-0.005648,0.002446,0.001786,-0.000625,0.000801,-0.004396,-0.406718,0.117926,0.032301,-0.033776,-0.585721,0.477475,-0.65494,-0.698876,-0.706771,0.109753,-0.410488,0.522007,0.747667,-0.006053,-0.001327,-0.000441,-0.000981,0.014737,-0.029547,-0.230259
43,0.206544,0.017718,0.412974,-0.549686,0.385868,-0.740943,-0.693521,-0.705225,0.147166,-0.465068,0.594272,0.656186,0.000113,-0.001995,-0.000962,-0.00075,0.010939,-0.026652,-0.03953,-0.256051,0.040408,0.374245,0.475597,0.835118,0.276364,-0.838429,0.525441,-0.144507,-0.266472,-0.164046,0.949708,-0.000191,-0.000741,-0.000431,0.0,0.0,0.0,-0.421437,-0.008441,0.042302,0.010518,-0.600718,-0.737688,0.308144,0.731793,-0.662578,-0.159584,0.321893,0.129632,0.937859,-0.000132,-0.000505,-0.000288,-7.1e-05,2.2e-05,-3.8e-05,-0.518735,0.117918,0.032274,-0.033789,-0.585746,0.477464,-0.654926,-0.698861,-0.706782,0.109771,-0.410479,0.522001,0.747677,1.1e-05,-0.000196,-9.2e-05,-1.1e-05,-1e-06,-5e-06,-0.231075
44,0.206536,0.017702,0.412967,-0.549741,0.385841,-0.740916,-0.693487,-0.705248,0.147213,-0.465052,0.594262,0.656206,4.9e-05,-0.00087,-0.00042,0.0,0.0,0.0,-0.040841,-0.256212,0.040404,0.374252,0.47439,0.835648,0.276837,-0.83903,0.524408,-0.144772,-0.266731,-0.164659,0.949529,-0.00031,-0.0012,-0.000698,0.0,0.0,0.0,-0.524091,-0.008517,0.042299,0.010521,-0.599623,-0.738395,0.308584,0.732538,-0.661683,-0.159882,0.322241,0.13018,0.937663,-0.000251,-0.000965,-0.000558,-6.5e-05,1.2e-05,-3.3e-05,-0.589277,0.117914,0.032263,-0.033794,-0.585818,0.477425,-0.65489,-0.698814,-0.706821,0.109826,-0.410457,0.521985,0.7477,2.9e-05,-0.000512,-0.000246,-7e-06,-2e-06,-1e-06,-0.231728
45,0.20652,0.017662,0.412948,-0.549749,0.38584,-0.740911,-0.693484,-0.70525,0.147218,-0.465048,0.59426,0.656211,9.7e-05,-0.001718,-0.000829,-0.00075,0.010939,-0.026652,-0.042628,-0.25639,0.040477,0.374194,0.472992,0.836276,0.27733,-0.839663,0.52324,-0.145329,-0.26722,-0.165188,0.949299,-0.012058,0.001911,0.001829,-0.002045,0.015205,-0.029245,-0.778494,-0.008607,0.04233,0.010489,-0.598335,-0.739246,0.309045,0.733342,-0.660646,-0.160481,0.322805,0.130615,0.937409,-6e-06,-2.5e-05,-1e-05,-3.6e-05,1e-06,-2.6e-05,-0.717787,0.117906,0.032245,-0.033802,-0.585807,0.477434,-0.654893,-0.698822,-0.706814,0.109817,-0.410458,0.521986,0.747699,2e-06,-3e-05,-1.4e-05,-5e-06,2e-06,-0.0,-0.233198
46,0.206502,0.017645,0.41294,-0.549825,0.385803,-0.740873,-0.693439,-0.705281,0.147282,-0.465025,0.594247,0.656239,-0.012211,-0.000887,-3.2e-05,-0.000984,0.014715,-0.029553,-0.048057,-0.25643,0.040624,0.374082,0.48248,0.830007,0.279808,-0.833547,0.533258,-0.144112,-0.269411,-0.164757,0.948755,7.2e-05,0.009335,-0.009415,0.024976,0.082417,-0.15659,-1.089356,-0.008631,0.042406,0.010439,-0.606662,-0.731298,0.311711,0.72557,-0.669582,-0.158765,0.324821,0.129852,0.936818,0.000181,0.005229,-0.00438,0.041755,-0.024332,0.015391,-0.702764,0.117902,0.032234,-0.033807,-0.585879,0.477394,-0.654857,-0.698775,-0.706852,0.109873,-0.410435,0.521971,0.747722,4e-06,-6.9e-05,-3.2e-05,3e-06,1e-05,5e-06,-0.235647
47,0.206466,0.017642,0.41294,-0.549907,0.385767,-0.740831,-0.693392,-0.705314,0.14735,-0.464998,0.594232,0.656271,0.0,-0.0,-0.0,0.0,0.0,0.0,-0.053491,-0.25641,0.040887,0.373811,0.493353,0.822157,0.283993,-0.826473,0.544893,-0.141306,-0.271523,-0.166045,0.947928,0.000335,0.010345,-0.008822,-0.006167,0.041623,0.065601,-1.388548,-0.008622,0.042536,0.010298,-0.61576,-0.721647,0.316327,0.716804,-0.679739,-0.155385,0.327153,0.131065,0.935837,0.000174,0.005191,-0.004401,0.013436,0.017032,0.05475,-0.70309,0.117879,0.032233,-0.033807,-0.585979,0.477345,-0.654804,-0.698712,-0.706903,0.109948,-0.4104,0.521947,0.747758,-2e-06,1.5e-05,8e-06,-2.1e-05,-4.3e-05,-1e-05,-0.238913
48,0.206438,0.017641,0.412941,-0.549847,0.385804,-0.740857,-0.69343,-0.705287,0.147296,-0.465012,0.59424,0.656254,0.0,-0.0,-0.0,0.0,0.0,0.0,-0.057348,-0.256382,0.041135,0.373665,0.500656,0.816943,0.28625,-0.822712,0.551929,-0.135839,-0.269573,-0.168532,0.948046,0.000996,0.012893,-0.007335,0.4194,-0.218477,1.839602,-1.405357,-0.008609,0.042652,0.010226,-0.62057,-0.716489,0.318648,0.713448,-0.684524,-0.149725,0.325399,0.134424,0.935972,0.000691,0.00676,-0.003496,1.509568,-0.639554,5.342525,-0.703254,0.117866,0.032232,-0.033807,-0.58592,0.477384,-0.654829,-0.698753,-0.706869,0.1099,-0.410415,0.521957,0.747743,-4e-06,1.1e-05,5e-06,-2.6e-05,-4.5e-05,-2e-05,-0.241036
49,0.206392,0.017646,0.412945,-0.549932,0.385768,-0.740813,-0.693382,-0.70532,0.147365,-0.464984,0.594224,0.656288,-0.0,1e-06,0.0,0.0,0.0,0.0,-0.061672,-0.25631,0.041634,0.373285,0.50516,0.811169,0.294633,-0.820969,0.556965,-0.125433,-0.266464,-0.179552,0.946901,0.000269,0.010087,-0.008959,-0.033581,0.074638,0.072618,-1.407816,-0.008576,0.042906,0.010044,-0.625137,-0.708479,0.327505,0.709893,-0.690511,-0.138725,0.32443,0.145772,0.934609,7.1e-05,0.004775,-0.004636,-0.010898,0.04973,0.068267,-0.7026,0.117843,0.032235,-0.033805,-0.586002,0.477344,-0.654784,-0.698701,-0.706911,0.109962,-0.410385,0.521937,0.747773,-0.006113,-0.000361,2.5e-05,-0.000993,0.014705,-0.029565,-0.244792
50,0.206346,0.017643,0.412945,-0.550034,0.385722,-0.74076,-0.693322,-0.705361,0.14745,-0.464951,0.594206,0.656328,-0.0,0.0,0.0,0.0,0.0,0.0,-0.063459,-0.256175,0.042127,0.372775,0.519838,0.797449,0.306326,-0.811204,0.57323,-0.115279,-0.268159,-0.189581,0.944464,0.012645,0.018564,-0.019547,1.483811,-0.400344,5.69415,-1.408438,-0.008509,0.043147,0.009792,-0.632422,-0.697256,0.337456,0.702342,-0.699891,-0.129873,0.326737,0.154875,0.932338,0.006248,0.008969,-0.009959,-0.287704,0.431585,0.372891,-0.702274,0.11782,0.032234,-0.033805,-0.586102,0.477294,-0.654731,-0.698638,-0.706962,0.110037,-0.41035,0.521914,0.747809,-0.0,-2e-06,-0.0,-3e-06,1.6e-05,-1.3e-05,-0.246751
51,0.206319,0.017642,0.412945,-0.550096,0.385695,-0.740729,-0.693287,-0.705385,0.1475,-0.464931,0.594194,0.656353,-0.0,0.0,0.0,0.0,0.0,0.0,-0.063589,-0.256077,0.042469,0.372435,0.522596,0.793455,0.311951,-0.809438,0.576675,-0.110407,-0.268136,-0.195816,0.943198,0.000563,0.020268,-0.017825,-0.180456,0.296886,0.239447,-1.408047,-0.008456,0.043313,0.009624,-0.638587,-0.688514,0.343736,0.695882,-0.707358,-0.124062,0.328563,0.159975,0.930834,0.006189,0.008747,-0.010084,-0.35891,0.514343,0.396989,-0.699988,0.117806,0.032233,-0.033804,-0.586163,0.477264,-0.654699,-0.6986,-0.706992,0.110083,-0.410329,0.521899,0.74783,1e-06,-2e-06,1e-06,6e-06,1.3e-05,-2e-06,-0.247404
52,0.206246,0.01763,0.412942,-0.550156,0.385677,-0.740694,-0.693256,-0.705406,0.147546,-0.464908,0.594181,0.656382,3.9e-05,-0.000702,-0.000339,0.0,0.0,0.0,-0.06479,-0.255896,0.043271,0.371526,0.534309,0.780086,0.325532,-0.802195,0.589356,-0.09527,-0.266827,-0.211228,0.940239,-0.000413,0.025524,-0.029528,-0.378481,0.595543,0.422819,-1.408213,-0.008363,0.043728,0.009172,-0.647326,-0.673655,0.356591,0.687236,-0.718179,-0.109199,0.329659,0.174375,0.927856,0.005808,0.011787,-0.015692,-0.03582,0.141682,0.182579,-0.70505,0.117769,0.032229,-0.033805,-0.58622,0.477243,-0.654662,-0.698567,-0.707019,0.110123,-0.410304,0.521882,0.747856,-0.006078,-0.000913,-0.00024,-0.000971,0.014735,-0.029551,-0.248057
53,0.206182,0.017626,0.412942,-0.550177,0.385677,-0.740678,-0.693247,-0.705412,0.14756,-0.464895,0.594174,0.656397,0.0,-0.0,-0.0,0.0,0.0,0.0,-0.062868,-0.255736,0.044119,0.370198,0.544709,0.767397,0.338209,-0.79434,0.601442,-0.084996,-0.269306,-0.22333,0.936729,0.009714,0.016312,-0.035576,-0.120473,0.254842,0.212134,-1.408253,-0.008286,0.044159,0.008513,-0.655185,-0.658153,0.370898,0.677496,-0.729102,-0.096994,0.33426,0.187733,0.923594,-0.000843,0.014729,-0.020987,-0.122597,0.19616,0.429895,-0.715174,0.117737,0.032225,-0.033806,-0.586241,0.477242,-0.654645,-0.698557,-0.707026,0.110135,-0.410291,0.521873,0.747869,-1e-06,5e-06,7e-06,-6e-06,-5e-06,-1.2e-05,-0.248221
54,0.206127,0.017623,0.412942,-0.550178,0.385686,-0.740672,-0.69325,-0.70541,0.147556,-0.46489,0.594171,0.656404,0.0,-0.0,-0.0,0.0,0.0,0.0,-0.060896,-0.255529,0.045077,0.368443,0.549756,0.760201,0.3462,-0.790104,0.60774,-0.079505,-0.271513,-0.230792,0.93428,0.008778,0.021707,-0.047176,0.045119,0.066568,0.117907,-1.408894,-0.008179,0.044643,0.007621,-0.658781,-0.64973,0.379284,0.672271,-0.734702,-0.090905,0.337725,0.195095,0.920803,0.004322,0.010491,-0.023802,0.092448,0.009872,0.090882,-0.725461,0.11771,0.032223,-0.033806,-0.586241,0.47725,-0.654638,-0.69856,-0.707024,0.110133,-0.410285,0.521869,0.747875,-3e-06,2e-06,8e-06,7e-06,-9e-06,4e-06,-0.247894
55,0.206099,0.017621,0.412942,-0.55024,0.385659,-0.740641,-0.693214,-0.705434,0.147607,-0.46487,0.594159,0.656428,-0.012221,-0.000709,5.4e-05,-0.000984,0.014715,-0.029553,-0.060008,-0.25542,0.045567,0.36741,0.551401,0.757552,0.349376,-0.788405,0.610103,-0.078263,-0.273119,-0.233258,0.933199,0.00833,0.028984,-0.057674,0.061504,0.072562,0.148399,-1.408901,-0.008127,0.044879,0.007128,-0.659769,-0.647061,0.382119,0.670361,-0.736576,-0.089833,0.339588,0.196889,0.919735,0.003722,0.008137,-0.025189,0.012649,0.121479,0.120771,-0.728237,0.117701,0.032223,-0.033806,-0.586281,0.47723,-0.654617,-0.698535,-0.707044,0.110163,-0.410271,0.521859,0.747889,-2e-06,2e-06,7e-06,1e-05,2e-06,4e-06,-0.247404
56,0.206071,0.017627,0.412946,-0.550161,0.385705,-0.740675,-0.693263,-0.7054,0.147538,-0.464889,0.59417,0.656405,-0.0,3e-06,2e-06,0.0,0.0,0.0,-0.062139,-0.255149,0.046625,0.365053,0.555275,0.752591,0.353932,-0.785292,0.614577,-0.074472,-0.274246,-0.237544,0.931786,0.007425,0.025426,-0.05975,0.010467,0.14975,0.166236,-1.409201,-0.007993,0.045404,0.005947,-0.66256,-0.641648,0.386395,0.666729,-0.740308,-0.086103,0.341299,0.200572,0.918305,0.00399,0.018177,-0.034031,-0.003949,0.197574,0.216587,-0.73134,0.117682,0.032226,-0.033804,-0.586224,0.477269,-0.65464,-0.698575,-0.707012,0.110116,-0.410284,0.521868,0.747876,-1e-06,-4e-06,0.0,1e-06,-1e-06,-7e-06,-0.247078
57,0.206035,0.017625,0.412947,-0.550243,0.385668,-0.740633,-0.693216,-0.705433,0.147605,-0.464863,0.594155,0.656437,-0.0,0.0,0.0,0.0,0.0,0.0,-0.064449,-0.254847,0.047819,0.36251,0.561156,0.747262,0.355942,-0.781627,0.619887,-0.068801,-0.272744,-0.240555,0.931454,0.007548,0.034899,-0.068856,0.108598,0.050541,0.128037,-1.409184,-0.007843,0.045995,0.004677,-0.667395,-0.635106,0.388875,0.662368,-0.744915,-0.079817,0.340371,0.204309,0.917826,0.003469,0.011591,-0.030538,0.077548,0.067982,0.116555,-0.731666,0.117664,0.032225,-0.033804,-0.586304,0.477229,-0.654597,-0.698524,-0.707053,0.110177,-0.410256,0.521849,0.747904,1e-06,-3e-06,1e-06,-1e-06,1e-05,-5e-06,-0.248057
