frame,MLTx,MLTy,MLTz,MLTR1,MLTR2,MLTR3,MLTR4,MLTR5,MLTR6,MLTR7,MLTR8,MLTR9,MLTTVx,MLTTVy,MLTTVz,MLTRVx,MLTRVy,MLTRVz,MLGA,MRTx,MRTy,MRTz,MRTR1,MRTR2,MRTR3,MRTR4,MRTR5,MRTR6,MRTR7,MRTR8,MRTR9,MRTTVx,MRTTVy,MRTTVz,MRTRVx,MRTRVy,MRTRVz,MRGA,SLTx,SLTy,SLTz,SLTR1,SLTR2,SLTR3,SLTR4,SLTR5,SLTR6,SLTR7,SLTR8,SLTR9,SLTTVx,SLTTVy,SLTTVz,SLTRVx,SLTRVy,SLTRVz,SLGA,SRTx,SRTy,SRTz,SRTR1,SRTR2,SRTR3,SRTR4,SRTR5,SRTR6,SRTR7,SRTR8,SRTR9,SRTTVx,SRTTVy,SRTTVz,SRTRVx,SRTRVy,SRTRVz,SRGA
1,0.200798,0.01026,0.432265,-0.758251,0.352502,-0.548491,-0.474116,-0.875559,0.092636,-0.446644,0.329846,0.831707,-0.0,0.0,0.0,0.0,0.0,0.0,-1.593236,-0.240803,0.029101,0.377342,0.748485,0.506426,0.428128,-0.659232,0.637439,0.39877,-0.071892,-0.581344,0.810391,-0.0,-0.0,-0.0,0.0,0.0,0.0,-1.403124,-0.001074,0.036953,0.011487,-0.783763,-0.407341,0.468815,0.593036,-0.715051,0.370146,0.184451,0.568131,0.801999,0.0,2e-06,1e-06,-9e-06,-8e-06,-2.8e-05,-0.926145,0.114827,0.029336,-0.025096,-0.789557,0.387567,-0.475805,-0.447984,-0.89391,0.015255,-0.419415,0.225198,0.879417,5e-06,-6e-06,-3e-06,3.1e-05,3.3e-05,1.9e-05,-0.840312
2,0.200807,0.01026,0.432265,-0.758058,0.352731,-0.54861,-0.474343,-0.875455,0.092462,-0.446731,0.329877,0.831648,-0.0,0.0,0.0,0.0,0.0,0.0,-1.59046,-0.240803,0.029101,0.377342,0.74812,0.506593,0.428568,-0.659626,0.637154,0.398575,-0.072082,-0.581511,0.810254,-0.0,-0.0,-0.0,0.0,0.0,0.0,-1.402959,-0.001074,0.036953,0.011487,-0.7834,-0.407552,0.469237,0.593452,-0.714819,0.369929,0.184654,0.568272,0.801852,1e-06,1e-06,-0.0,-0.011599,0.095199,-0.174254,-0.926145,0.114831,0.029336,-0.025096,-0.789375,0.387814,-0.475905,-0.448221,-0.893794,0.015103,-0.419505,0.225233,0.879366,5e-06,-5e-06,-4e-06,3.2e-05,1.7e-05,1.8e-05,-0.839333
3,0.200807,0.01026,0.432265,-0.757881,0.352946,-0.548717,-0.474553,-0.875358,0.092301,-0.446809,0.329905,0.831596,-0.0,0.0,0.0,0.0,0.0,0.0,-1.586851,-0.240792,0.029107,0.377345,0.747966,0.506663,0.428754,-0.659792,0.637034,0.398492,-0.072163,-0.581582,0.810196,6.1e-05,0.000293,0.000174,0.0,0.0,0.0,-1.403277,-0.001069,0.036956,0.011489,-0.783247,-0.407641,0.469416,0.593628,-0.71472,0.369837,0.18474,0.568332,0.80179,3.4e-05,0.00016,9.3e-05,-2.4e-05,4e-06,-2.6e-05,-0.926309,0.114831,0.029336,-0.025096,-0.789207,0.388044,-0.475996,-0.44844,-0.893687,0.014963,-0.419585,0.225264,0.879319,4e-06,-5e-06,-3e-06,3.2e-05,1.5e-05,1.7e-05,-0.839333
4,0.200798,0.01026,0.432265,-0.757808,0.353037,-0.54876,-0.474641,-0.875317,0.092234,-0.44684,0.329915,0.831575,-0.0,0.0,0.0,0.0,0.0,0.0,-1.584086,-0.240755,0.029103,0.37734,0.74757,0.506843,0.429232,-0.660218,0.636725,0.39828,-0.07237,-0.581763,0.810047,0.0,0.0,0.0,0.0,0.0,0.0,-1.403262,-0.00105,0.036954,0.011486,-0.782853,-0.407868,0.469875,0.594078,-0.714468,0.369602,0.184962,0.568486,0.80163,-2e-06,-4e-06,-4e-06,-1.6e-05,-6e-06,-2.6e-05,-0.926472,0.114827,0.029336,-0.025096,-0.789138,0.388141,-0.476031,-0.448532,-0.893642,0.014903,-0.419617,0.225276,0.879301,4e-06,-5e-06,-2e-06,0.005064,-0.065294,0.187811,-0.838843
5,0.200799,0.010253,0.432273,-0.75764,0.353239,-0.548862,-0.474851,-0.875217,0.092104,-0.446902,0.329965,0.831522,-0.0,0.0,0.0,0.0,0.0,0.0,-1.592339,-0.240709,0.029097,0.377334,0.747373,0.506931,0.429472,-0.66043,0.636572,0.398173,-0.072476,-0.581855,0.809972,0.0,0.0,0.0,0.0,0.0,0.0,-1.403245,-0.001027,0.036951,0.011483,-0.782657,-0.407981,0.470105,0.594302,-0.714343,0.369484,0.185074,0.568564,0.801549,-1e-06,-2e-06,-3e-06,-1.8e-05,-8e-06,-2.8e-05,-0.926962,0.114827,0.029332,-0.025092,-0.78898,0.388358,-0.476117,-0.44875,-0.893534,0.014794,-0.419682,0.225329,0.879256,4e-06,-4e-06,-2e-06,3.4e-05,1.6e-05,1.7e-05,-0.839169
6,0.200799,0.010253,0.432273,-0.757551,0.353346,-0.548916,-0.474956,-0.875169,0.092024,-0.44694,0.329979,0.831496,-0.0,0.0,0.0,0.0,0.0,0.0,-1.59267,-0.240689,0.029102,0.377336,0.747234,0.506994,0.42964,-0.66058,0.636463,0.398099,-0.072549,-0.581919,0.80992,5.2e-05,0.000249,0.000148,0.0,0.0,0.0,-1.40344,-0.001017,0.036954,0.011484,-0.782518,-0.40806,0.470266,0.59446,-0.714254,0.369401,0.185152,0.568618,0.801493,0.00619,-0.000623,-0.000743,-0.009559,0.079983,-0.145002,-0.926962,0.114827,0.029332,-0.025092,-0.788896,0.388473,-0.476162,-0.448859,-0.89348,0.014723,-0.419722,0.225345,0.879233,5e-06,-5e-06,-3e-06,3.6e-05,2e-05,1.8e-05,-0.839496
7,0.200798,0.010261,0.432276,-0.75736,0.353575,-0.549031,-0.475181,-0.875064,0.091851,-0.447024,0.330008,0.831439,-1e-06,1.4e-05,6e-06,0.0,0.0,0.0,-1.588591,-0.240694,0.029126,0.37735,0.7468,0.507191,0.43016,-0.661045,0.636126,0.397866,-0.072773,-0.582117,0.809757,0.000219,0.001054,0.000624,0.0,0.0,0.0,-1.402977,-0.00102,0.036963,0.01149,-0.782088,-0.40831,0.470765,0.594952,-0.713977,0.369143,0.185391,0.568785,0.801319,0.000169,0.000816,0.000483,-2.6e-05,1e-06,-1.7e-05,-0.927288,0.114827,0.029337,-0.02509,-0.788716,0.388719,-0.476259,-0.449094,-0.893365,0.014572,-0.419809,0.225378,0.879183,2e-06,-1e-06,0.0,1.2e-05,2e-06,6e-06,-0.839333
8,0.200799,0.010247,0.432292,-0.757291,0.353657,-0.549074,-0.475286,-0.87501,0.091833,-0.447031,0.330066,0.831412,0.000561,-0.009889,0.010015,-0.03562,0.006117,-0.021564,-1.582805,-0.24068,0.029147,0.377362,0.746581,0.50729,0.430423,-0.66128,0.635955,0.397748,-0.072887,-0.582217,0.809675,0.00023,0.001105,0.000654,0.0,0.0,0.0,-1.403178,-0.001013,0.036975,0.011496,-0.781869,-0.408437,0.471018,0.595201,-0.713837,0.369013,0.185512,0.568871,0.80123,0.000149,0.000718,0.000425,-4e-06,-1.4e-05,-1.2e-05,-0.927452,0.114827,0.029335,-0.025086,-0.788642,0.38882,-0.4763,-0.449202,-0.893311,0.014533,-0.419834,0.225416,0.879162,2.1e-05,-0.000487,-0.000218,3e-06,5e-06,2e-06,-0.839169
9,0.2008,0.010225,0.432304,-0.757145,0.35383,-0.549163,-0.47548,-0.874913,0.091746,-0.447071,0.330135,0.831363,1e-06,-2e-05,-9e-06,0.0,0.0,0.0,-1.568533,-0.240623,0.029147,0.377359,0.746411,0.507365,0.430629,-0.661461,0.635823,0.397657,-0.072978,-0.582296,0.80961,7.2e-05,0.000346,0.000204,0.0,0.0,0.0,-1.403172,-0.000984,0.036976,0.011495,-0.7817,-0.408532,0.471216,0.595393,-0.71373,0.368911,0.185609,0.568937,0.80116,4.5e-05,0.000211,0.000125,-1e-05,-0.0,-1.6e-05,-0.927288,0.114828,0.029318,-0.025077,-0.788514,0.388993,-0.47637,-0.449401,-0.893212,0.014495,-0.419862,0.225511,0.879124,0.0,-2e-06,-3e-06,-8e-06,1e-06,-9e-06,-0.83819
10,0.2008,0.010233,0.432307,-0.757133,0.353846,-0.54917,-0.475495,-0.874906,0.091734,-0.447076,0.330137,0.831359,-1.7e-05,0.000437,0.000195,0.0,0.0,0.0,-1.558424,-0.240612,0.029153,0.377362,0.746349,0.507393,0.430705,-0.661529,0.635774,0.397623,-0.073011,-0.582325,0.809587,5.3e-05,0.000255,0.000151,0.0,0.0,0.0,-1.403121,-0.000979,0.03698,0.011497,-0.781637,-0.408568,0.471289,0.595464,-0.713689,0.368874,0.185644,0.568962,0.801135,3.1e-05,0.000147,8.7e-05,-1.5e-05,7e-06,-1.3e-05,-0.927288,0.114828,0.029321,-0.025076,-0.788502,0.38901,-0.476377,-0.449416,-0.893204,0.014485,-0.419867,0.225513,0.87912,-1.2e-05,0.000295,0.000129,-2e-06,-6e-06,-6e-06,-0.8377
11,0.2008,0.01024,0.432299,-0.757034,0.353965,-0.549229,-0.4756,-0.874861,0.091622,-0.447131,0.330129,0.831333,-0.0,0.0,0.0,0.0,0.0,0.0,-1.551789,-0.240592,0.029158,0.377364,0.745934,0.50758,0.431202,-0.661973,0.635452,0.3974,-0.073226,-0.582514,0.809431,1e-06,5e-06,3e-06,0.0,0.0,0.0,-1.403319,-0.000969,0.036983,0.011498,-0.781226,-0.408806,0.471766,0.595933,-0.713426,0.368627,0.185873,0.569122,0.800968,-2e-06,-1.4e-05,-8e-06,-2.7e-05,1.8e-05,-1.2e-05,-0.926962,0.114827,0.029326,-0.025079,-0.788408,0.389138,-0.476426,-0.449527,-0.89315,0.014383,-0.419924,0.225507,0.879095,1e-06,-3e-06,-2e-06,8e-06,9e-06,1e-06,-0.838026
12,0.200808,0.010249,0.432303,-0.756917,0.354104,-0.549302,-0.475737,-0.874797,0.091517,-0.447185,0.330148,0.831297,-0.0,1.2e-05,5e-06,0.0,0.0,0.0,-1.556736,-0.240589,0.029173,0.377373,0.745686,0.507693,0.4315,-0.662238,0.635258,0.397267,-0.073354,-0.582628,0.809337,7e-06,3.6e-05,2.1e-05,0.0,0.0,0.0,-1.403443,-0.000967,0.03699,0.011503,-0.780978,-0.408948,0.472052,0.596215,-0.713267,0.368479,0.18601,0.569219,0.800867,1e-06,4e-06,1e-06,-1.5e-05,2e-06,-6e-06,-0.926798,0.114832,0.02933,-0.025077,-0.788298,0.389286,-0.476488,-0.449669,-0.89308,0.014291,-0.419979,0.225528,0.879064,0.0,-2e-06,-1e-06,-5e-06,-6e-06,-2e-06,-0.838516
13,0.200809,0.010241,0.432299,-0.75693,0.354088,-0.549294,-0.475721,-0.874804,0.091529,-0.447179,0.330146,0.8313,3e-06,-7.3e-05,-3.3e-05,0.0,0.0,0.0,-1.55618,-0.240588,0.029181,0.377377,0.745699,0.507687,0.431484,-0.662224,0.635269,0.397274,-0.073347,-0.582622,0.809343,5e-06,2.2e-05,1.3e-05,0.0,0.0,0.0,-1.40341,-0.000966,0.036994,0.011505,-0.780991,-0.408941,0.472036,0.5962,-0.713275,0.368487,0.186003,0.569214,0.800873,-0.0,-3e-06,-3e-06,-1e-05,4e-06,-8e-06,-0.926962,0.114832,0.029326,-0.025079,-0.78831,0.38927,-0.476481,-0.449654,-0.893088,0.014302,-0.419973,0.225526,0.879067,2e-06,-5.3e-05,-2.4e-05,1e-06,0.0,-0.0,-0.838516
14,0.2008,0.010232,0.432296,-0.756869,0.354164,-0.549329,-0.475795,-0.874771,0.091473,-0.447204,0.330155,0.831284,4e-06,-0.000101,-4.5e-05,0.0,0.0,0.0,-1.559854,-0.240571,0.029163,0.377377,0.745616,0.50772,0.431588,-0.662314,0.635189,0.39725,-0.073378,-0.582679,0.809299,-0.0,-1e-06,-0.0,0.0,0.0,0.0,-1.403789,-0.000958,0.036985,0.011505,-0.780908,-0.408985,0.472136,0.596298,-0.713208,0.368459,0.186038,0.569267,0.800827,-1e-06,-1e-06,-3e-06,-6e-06,3e-06,-1e-05,-0.927125,0.114828,0.029322,-0.025081,-0.788253,0.389351,-0.47651,-0.44973,-0.89305,0.014253,-0.419998,0.225536,0.879052,2e-06,-4.5e-05,-2e-05,9e-06,-9e-06,2e-06,-0.838679
15,0.2008,0.010232,0.432296,-0.756691,0.354378,-0.549436,-0.476005,-0.874673,0.091312,-0.447282,0.330183,0.831231,0.0,-0.0,-0.0,0.005018,-0.065304,0.1878,-1.558329,-0.240552,0.029161,0.377374,0.74528,0.507871,0.431991,-0.662674,0.634928,0.397069,-0.073552,-0.582833,0.809172,-0.0,-0.0,-0.0,0.0,0.0,0.0,-1.403358,-0.000949,0.036983,0.011503,-0.780573,-0.409176,0.472523,0.596677,-0.712994,0.368258,0.186224,0.569397,0.800691,-1e-06,-0.0,-2e-06,-0.011598,0.095199,-0.174235,-0.927125,0.114828,0.029322,-0.025081,-0.788169,0.389466,-0.476555,-0.44984,-0.892996,0.014182,-0.420039,0.225551,0.879029,-3e-06,7e-06,3e-06,-2e-05,-2.7e-05,-1.4e-05,-0.838353
16,0.200818,0.010241,0.432299,-0.756647,0.354425,-0.549466,-0.476053,-0.874651,0.091275,-0.447305,0.330191,0.831215,-2e-06,6.2e-05,2.8e-05,0.0,0.0,0.0,-1.557307,-0.240515,0.029148,0.377376,0.745149,0.507926,0.432152,-0.662814,0.634811,0.39702,-0.073608,-0.582912,0.80911,-0.0,-0.0,-0.0,0.0,0.0,0.0,-1.40314,-0.00093,0.036977,0.011504,-0.780443,-0.409247,0.472679,0.596829,-0.712896,0.368201,0.186286,0.569469,0.800626,-2e-06,0.0,-2e-06,-6e-06,4e-06,-1.1e-05,-0.927125,0.114837,0.029326,-0.025079,-0.788044,0.389631,-0.476627,-0.449999,-0.892917,0.014079,-0.420103,0.225576,0.878992,-4e-06,3.5e-05,1.5e-05,-5e-06,-1.3e-05,-4e-06,-0.838679
17,0.200809,0.010241,0.432299,-0.756663,0.354409,-0.549455,-0.476036,-0.874659,0.091288,-0.447296,0.330188,0.831221,-0.012154,-0.000532,0.00014,-0.000984,0.014715,-0.029553,-1.555295,-0.240497,0.029146,0.377373,0.745088,0.507952,0.432226,-0.66288,0.634764,0.396987,-0.07364,-0.582941,0.809086,-0.0,-0.0,-0.0,0.0,0.0,0.0,-1.403308,-0.000926,0.036976,0.011503,-0.780367,-0.40929,0.472767,0.596916,-0.712848,0.368155,0.186328,0.569499,0.800595,-1e-06,-0.0,-3e-06,-6e-06,-7e-06,-4e-06,-0.927288,0.114837,0.029326,-0.025079,-0.788044,0.389631,-0.476627,-0.449999,-0.892917,0.014079,-0.420103,0.225577,0.878992,-1e-06,-4e-06,-2e-06,3e-06,-2e-06,1e-06,-0.838026
18,0.200809,0.010241,0.432299,-0.756574,0.354516,-0.549508,-0.476141,-0.87461,0.091207,-0.447335,0.330202,0.831195,-0.0,0.0,0.0,0.0,0.0,0.0,-1.539859,-0.240497,0.029146,0.377373,0.744996,0.507994,0.432336,-0.662978,0.634693,0.396938,-0.073687,-0.582982,0.809052,-0.0,-0.0,-0.0,0.0,0.0,0.0,-1.403151,-0.000921,0.036976,0.011503,-0.78029,-0.409333,0.472855,0.597002,-0.712799,0.36811,0.186371,0.569528,0.800564,-0.0,-0.0,-3e-06,-6e-06,5e-06,-1e-05,-0.927452,0.114832,0.029326,-0.025079,-0.787974,0.389729,-0.476662,-0.450091,-0.892871,0.01402,-0.420134,0.225588,0.878974,-0.0,-2e-06,-2e-06,5e-06,9e-06,1e-06,-0.8377
19,0.200818,0.010234,0.432307,-0.756568,0.35452,-0.549514,-0.476157,-0.874599,0.091225,-0.447328,0.330227,0.831189,-0.0,0.0,0.0,0.0,0.0,0.0,-1.54445,-0.240495,0.029153,0.377378,0.744825,0.508071,0.432539,-0.663159,0.63456,0.396846,-0.073775,-0.58306,0.808988,1.4e-05,6.8e-05,4e-05,0.0,0.0,0.0,-1.403,-0.00092,0.03698,0.011505,-0.780121,-0.409431,0.47305,0.597194,-0.71269,0.368008,0.186464,0.569594,0.800495,6e-06,3.5e-05,2e-05,-1.7e-05,3e-06,1e-06,-0.927615,0.114837,0.029323,-0.025075,-0.787969,0.389733,-0.476668,-0.450107,-0.892863,0.01404,-0.420128,0.225614,0.878971,1e-06,-1e-06,-2e-06,9e-06,7e-06,5e-06,-0.838026
20,0.200809,0.010232,0.432296,-0.756587,0.354501,-0.549501,-0.476126,-0.874617,0.091219,-0.447329,0.3302,0.831198,1e-06,-3.3e-05,-1.4e-05,0.0,0.0,0.0,-1.543671,-0.240494,0.029161,0.377382,0.744747,0.508106,0.432633,-0.663243,0.634499,0.396804,-0.073816,-0.583096,0.808958,6e-06,3.1e-05,1.8e-05,0.0,0.0,0.0,-1.403233,-0.000919,0.036984,0.011507,-0.780043,-0.409476,0.47314,0.597283,-0.71264,0.367961,0.186507,0.569625,0.800463,0.0,5e-06,3e-06,-4e-06,-2e-06,-2e-06,-0.927615,0.114832,0.029322,-0.025081,-0.787987,0.389712,-0.476655,-0.450076,-0.892879,0.01403,-0.420129,0.225586,0.878977,-0.000268,0.004577,-0.005171,0.035611,-0.006124,0.021557,-0.838353
21,0.2008,0.010225,0.432304,-0.756434,0.354687,-0.549591,-0.476319,-0.874524,0.091102,-0.447382,0.330247,0.831151,0.0,-0.0,-0.0,0.0,0.0,0.0,-1.543233,-0.240468,0.02915,0.377374,0.744688,0.508131,0.432705,-0.663306,0.634453,0.396772,-0.073847,-0.583123,0.808936,-2.7e-05,-0.00013,-7.7e-05,0.0,0.0,0.0,-1.403131,-0.000906,0.036978,0.011503,-0.779984,-0.409509,0.473209,0.597349,-0.712603,0.367926,0.186541,0.569648,0.800439,-1.9e-05,-8.4e-05,-5.2e-05,3e-06,-1e-05,-3e-06,-0.927942,0.114828,0.029318,-0.025077,-0.787843,0.389911,-0.476731,-0.450276,-0.89278,0.013931,-0.420184,0.225636,0.878938,-2e-06,4e-06,2e-06,-1.1e-05,-2e-05,-8e-06,-0.838353
22,0.200809,0.010241,0.432299,-0.756306,0.354837,-0.549669,-0.476456,-0.874464,0.090965,-0.447452,0.330244,0.831115,-0.0,1.2e-05,5e-06,0.0,0.0,0.0,-1.540494,-0.240443,0.029131,0.377361,0.744524,0.508204,0.432902,-0.663481,0.634326,0.396683,-0.073933,-0.583199,0.808873,-6.2e-05,-0.000301,-0.000178,0.0,0.0,0.0,-1.403265,-0.000894,0.036969,0.011497,-0.77982,-0.409601,0.473398,0.597535,-0.712498,0.367828,0.186633,0.569712,0.800372,-3.8e-05,-0.000183,-0.000111,-1.1e-05,1e-05,-4e-06,-0.928105,0.114832,0.029326,-0.025079,-0.787723,0.390073,-0.476797,-0.450419,-0.89271,0.013808,-0.420255,0.225635,0.878904,-2e-06,3e-06,0.0,-9e-06,-1.3e-05,-5e-06,-0.83819
23,0.200818,0.010234,0.432307,-0.756212,0.354947,-0.549728,-0.476576,-0.874404,0.090903,-0.447483,0.330283,0.831083,-0.0,0.0,0.0,0.0,0.0,0.0,-1.544773,-0.240443,0.029131,0.377361,0.74434,0.508287,0.433121,-0.663677,0.634183,0.396584,-0.074028,-0.583283,0.808804,-0.0,-0.0,-0.0,0.0,0.0,0.0,-1.403153,-0.000894,0.036968,0.011496,-0.779638,-0.409706,0.473609,0.597742,-0.712381,0.367718,0.186734,0.569783,0.800298,3e-06,8e-06,8e-06,-1.3e-05,1.3e-05,-2e-06,-0.928268,0.114837,0.029323,-0.025075,-0.787633,0.390191,-0.476848,-0.450544,-0.892648,0.013758,-0.420289,0.225677,0.878877,0.0,-3e-06,-3e-06,1.3e-05,7e-06,8e-06,-0.838353
24,0.200809,0.010234,0.432307,-0.756227,0.354932,-0.549717,-0.47656,-0.874412,0.090916,-0.447475,0.33028,0.831088,-0.0,0.0,0.0,0.0,0.0,0.0,-1.545137,-0.240443,0.029131,0.377361,0.744247,0.508328,0.433231,-0.663775,0.634111,0.396535,-0.074075,-0.583324,0.80877,-0.0,-0.0,-0.0,0.0,0.0,0.0,-1.40345,-0.000894,0.036968,0.011496,-0.779546,-0.409759,0.473714,0.597845,-0.712323,0.367663,0.186784,0.569818,0.800261,5e-06,6e-06,8e-06,-2e-05,2.1e-05,-1e-06,-0.928268,0.114832,0.029323,-0.025075,-0.787648,0.390174,-0.476838,-0.450527,-0.892656,0.013769,-0.42028,0.225673,0.878883,1e-06,-2e-06,-3e-06,6e-06,1.3e-05,3e-06,-0.838353
25,0.200809,0.010234,0.432307,-0.756138,0.355039,-0.54977,-0.476665,-0.874363,0.090835,-0.447514,0.330294,0.831062,-0.0,0.0,0.0,0.0,0.0,0.0,-1.5431,-0.240442,0.029139,0.377366,0.744169,0.508363,0.433325,-0.663858,0.63405,0.396492,-0.074115,-0.58336,0.80874,0.0,0.0,0.0,0.0,0.0,0.0,-1.403241,-0.000893,0.036972,0.011499,-0.779468,-0.409803,0.473804,0.597934,-0.712273,0.367617,0.186827,0.569849,0.800229,1e-06,-3e-06,1e-06,-4e-06,1e-06,-2e-06,-0.928432,0.114832,0.029323,-0.025075,-0.787564,0.390289,-0.476882,-0.450637,-0.892601,0.013698,-0.42032,0.225689,0.878859,1e-06,-2e-06,-3e-06,3e-06,-2e-06,-0.0,-0.838679
26,0.200818,0.010233,0.432296,-0.756037,0.355159,-0.549833,-0.476771,-0.874317,0.090723,-0.447572,0.330287,0.831033,6e-06,-0.000165,-7.4e-05,0.0,0.0,0.0,-1.543613,-0.240406,0.029127,0.377356,0.744033,0.508423,0.433488,-0.664003,0.633945,0.396419,-0.074187,-0.583423,0.808689,-0.000262,-0.001268,-0.00075,0.0,0.0,0.0,-1.403424,-0.000875,0.03697,0.011496,-0.779333,-0.409879,0.473961,0.598086,-0.712187,0.367535,0.186904,0.569902,0.800174,0.006002,-0.001523,-0.001276,0.000358,-0.001413,0.003997,-0.928595,0.114837,0.029322,-0.025081,-0.787468,0.390417,-0.476935,-0.450749,-0.892547,0.013596,-0.420379,0.225684,0.878832,5e-06,-0.000102,-4.7e-05,1e-05,4e-06,6e-06,-0.838679
27,0.200818,0.010233,0.432296,-0.756037,0.355159,-0.549833,-0.476771,-0.874317,0.090723,-0.447572,0.330287,0.831033,0.0,-2e-06,-1e-06,0.0,0.0,0.0,-1.547165,-0.240389,0.029117,0.377349,0.743959,0.508455,0.433578,-0.664082,0.633887,0.396379,-0.074226,-0.583457,0.80866,-0.000141,-0.00068,-0.000402,0.0,0.0,0.0,-1.403777,-0.000867,0.036962,0.011491,-0.779258,-0.409921,0.474047,0.59817,-0.712139,0.367491,0.186945,0.569931,0.800143,-7.8e-05,-0.000377,-0.000221,1e-06,-9e-06,-1e-06,-0.928595,0.114837,0.029322,-0.025081,-0.787468,0.390418,-0.476935,-0.450749,-0.892546,0.013595,-0.420379,0.225684,0.878832,1e-06,5e-06,1e-06,-2e-06,-5e-06,-3e-06,-0.838843
28,0.200818,0.010249,0.432303,-0.756011,0.35519,-0.549848,-0.476801,-0.874303,0.090699,-0.447583,0.330291,0.831026,-1.2e-05,0.000317,0.000141,0.0,0.0,0.0,-1.547348,-0.240334,0.02911,0.377342,0.743867,0.508494,0.433689,-0.664179,0.633816,0.396329,-0.074276,-0.5835,0.808625,0.012316,-0.00155,-0.001667,0.002045,-0.015205,0.029245,-1.403312,-0.000844,0.036958,0.011487,-0.779151,-0.40998,0.474171,0.59829,-0.712071,0.367427,0.187006,0.569973,0.800099,3e-06,8e-06,6e-06,-7e-06,1e-06,1e-06,-0.928431,0.114836,0.02933,-0.025077,-0.787444,0.39045,-0.476948,-0.45078,-0.892531,0.013575,-0.420391,0.225688,0.878825,-8e-06,0.0002,9e-05,3e-06,3e-06,2e-06,-0.839169
29,0.200818,0.010241,0.432299,-0.757292,0.354385,-0.548603,-0.476664,-0.874111,0.093234,-0.445562,0.331658,0.831567,0.0,-3e-06,-1e-06,-1.969709,1.290942,-1.442963,-1.544917,-0.240285,0.029119,0.377344,0.743787,0.508529,0.433787,-0.664264,0.633754,0.396286,-0.074319,-0.583538,0.808593,6.1e-05,0.000296,0.000175,0.0,0.0,0.0,-1.403072,-0.000815,0.036962,0.011488,-0.779086,-0.410015,0.474248,0.598363,-0.71203,0.367388,0.187044,0.569999,0.800071,3.9e-05,0.000187,0.00011,1e-06,-5e-06,1e-06,-0.928268,0.114837,0.029326,-0.025079,-0.787371,0.390549,-0.476986,-0.450874,-0.892484,0.013515,-0.420425,0.225702,0.878805,0.0,-0.0,1e-06,3e-06,6e-06,-1e-06,-0.838026
30,0.200818,0.010241,0.432299,-0.757292,0.354385,-0.548603,-0.476664,-0.874111,0.093234,-0.445562,0.331658,0.831567,0.0,-0.0,-0.0,-0.0,0.0,-0.0,-1.530956,-0.240257,0.029115,0.377341,0.743557,0.50863,0.434062,-0.664508,0.633576,0.396161,-0.074439,-0.583643,0.808506,0.0,0.0,0.0,0.0,0.0,0.0,-1.403104,-0.000801,0.036961,0.011487,-0.778857,-0.410145,0.474512,0.598621,-0.711884,0.367251,0.187171,0.570089,0.799978,-3e-06,-7e-06,-6e-06,1.5e-05,-1.8e-05,-0.0,-0.927778,0.114837,0.029326,-0.025079,-0.788651,0.389479,-0.475747,-0.450538,-0.892611,0.016109,-0.418383,0.227047,0.879434,-2e-06,2e-06,-0.0,0.00014,-0.000123,9.5e-05,-0.837863
31,0.200818,0.010233,0.432296,-0.757305,0.35437,-0.548595,-0.476649,-0.874118,0.093245,-0.445556,0.331656,0.831571,0.012162,0.000339,-0.000226,0.000984,-0.014715,0.029553,-1.530618,-0.240257,0.029115,0.377341,0.743373,0.508713,0.434281,-0.664704,0.633433,0.396062,-0.074533,-0.583727,0.808437,0.0,0.0,0.0,0.0,0.0,0.0,-1.403026,-0.000801,0.036961,0.011486,-0.778674,-0.410249,0.474722,0.598827,-0.711767,0.367141,0.187272,0.57016,0.799903,-4e-06,-6e-06,-6e-06,9e-06,-1.7e-05,-2e-06,-0.927778,0.114832,0.029322,-0.025081,-0.788677,0.389446,-0.475731,-0.450506,-0.892627,0.016129,-0.418369,0.22704,0.879442,3e-06,-0.000119,-5.4e-05,8e-06,-2e-05,2.1e-05,-0.83868
32,0.200836,0.010234,0.432295,-0.757274,0.354401,-0.548617,-0.476682,-0.874103,0.09322,-0.445574,0.331663,0.831559,0.0,-0.0,-0.0,0.0,0.0,0.0,-1.534395,-0.240251,0.029099,0.37733,0.743085,0.508841,0.434623,-0.665009,0.63321,0.395907,-0.074681,-0.583858,0.808329,-0.000123,-0.000598,-0.000354,0.0,0.0,0.0,-1.402911,-0.000798,0.036954,0.011482,-0.778388,-0.410412,0.47505,0.59915,-0.711584,0.366968,0.18743,0.570271,0.799787,-8.3e-05,-0.000391,-0.000233,-1.1e-05,-1.2e-05,8e-06,-0.927778,0.114846,0.029322,-0.025081,-0.788633,0.389498,-0.475761,-0.450557,-0.892602,0.016095,-0.418396,0.227051,0.879426,-3e-06,7e-06,1e-06,-2.8e-05,-3.2e-05,1e-06,-0.840639
33,0.200827,0.01024,0.432288,-0.757191,0.354505,-0.548665,-0.476771,-0.874065,0.093121,-0.44562,0.331652,0.831538,0.0,-0.0,-0.0,0.0,0.0,0.0,-1.529613,-0.240227,0.029074,0.377313,0.742999,0.508878,0.434727,-0.6651,0.633143,0.39586,-0.074726,-0.583898,0.808296,-5.6e-05,-0.000269,-0.000159,0.0,0.0,0.0,-1.403514,-0.000791,0.03694,0.011473,-0.778287,-0.410469,0.475166,0.599264,-0.71152,0.366908,0.187486,0.57031,0.799746,-3.8e-05,-0.000182,-0.00011,-6e-06,-2e-06,5e-06,-0.927942,0.114841,0.029326,-0.025085,-0.788554,0.389609,-0.475801,-0.450651,-0.892556,0.016005,-0.418443,0.227041,0.879406,-4e-06,5e-06,2e-06,-2.6e-05,-2.6e-05,1e-06,-0.840802
34,0.200827,0.01024,0.432288,-0.757191,0.354505,-0.548665,-0.476771,-0.874065,0.093121,-0.44562,0.331652,0.831538,0.0,-0.0,-0.0,0.0,0.0,0.0,-1.527403,-0.24022,0.029065,0.377308,0.742909,0.508918,0.434834,-0.665196,0.633073,0.395812,-0.074773,-0.583939,0.808262,-3.8e-05,-0.000184,-0.000109,0.0,0.0,0.0,-1.403104,-0.000787,0.036936,0.01147,-0.778197,-0.410519,0.475269,0.599365,-0.711462,0.366854,0.187536,0.570345,0.799709,-2.4e-05,-0.000116,-6.9e-05,-1e-06,3e-06,-6e-06,-0.928105,0.114841,0.029326,-0.025085,-0.788554,0.389609,-0.4758,-0.450651,-0.892556,0.016005,-0.418443,0.227041,0.879406,-4e-06,5e-06,2e-06,-3e-05,-2.9e-05,-1e-06,-0.840312
35,0.200845,0.010242,0.432299,-0.757156,0.35454,-0.54869,-0.476818,-0.87404,0.093115,-0.445627,0.331682,0.831523,-7e-06,0.000194,8.7e-05,0.0,0.0,0.0,-1.536207,-0.240218,0.029072,0.377312,0.742645,0.509035,0.435147,-0.665475,0.632869,0.395669,-0.074907,-0.584058,0.808163,1e-05,4.9e-05,2.9e-05,0.0,0.0,0.0,-1.403288,-0.000782,0.036939,0.011472,-0.777951,-0.41066,0.475552,0.599642,-0.711304,0.366706,0.187671,0.570441,0.799609,7e-06,3.9e-05,2.3e-05,-4e-06,1e-06,-2e-06,-0.928431,0.11485,0.029327,-0.025079,-0.788522,0.389646,-0.475823,-0.4507,-0.892531,0.016004,-0.418452,0.227073,0.879394,-8e-06,0.000105,4.5e-05,-2.5e-05,-2.2e-05,3e-06,-0.840639
36,0.200854,0.010249,0.432291,-0.757042,0.354675,-0.54876,-0.47694,-0.873986,0.092991,-0.445691,0.331677,0.83149,6e-06,-0.000162,-7.2e-05,0.0,0.0,0.0,-1.534461,-0.240209,0.029071,0.377311,0.742476,0.50911,0.435348,-0.665654,0.632738,0.395578,-0.074994,-0.584135,0.808099,0.0,0.0,0.0,0.0,0.0,0.0,-1.403326,-0.000777,0.036939,0.011472,-0.777782,-0.410755,0.475745,0.599831,-0.711197,0.366605,0.187764,0.570506,0.799541,-0.0,0.0,-1e-06,-9e-06,8e-06,0.0,-0.928758,0.114855,0.029331,-0.025083,-0.788414,0.389791,-0.475883,-0.450828,-0.892469,0.015891,-0.418517,0.22707,0.879364,3e-06,-0.000109,-4.9e-05,-5e-06,3e-06,1.5e-05,-0.840639
37,0.200854,0.010241,0.432287,-0.757055,0.354659,-0.548753,-0.476925,-0.873994,0.093002,-0.445686,0.331675,0.831494,3e-06,-8.9e-05,-3.9e-05,0.0,0.0,0.0,-1.531152,-0.240209,0.029071,0.377311,0.742384,0.509151,0.435457,-0.665751,0.632666,0.395528,-0.075041,-0.584177,0.808065,0.0,0.0,0.0,0.0,0.0,0.0,-1.403412,-0.000777,0.036939,0.011472,-0.777691,-0.410807,0.47585,0.599935,-0.711138,0.366549,0.187814,0.570542,0.799504,-1e-06,0.0,-2e-06,-1.1e-05,1.1e-05,-2e-06,-0.928758,0.114855,0.029326,-0.025085,-0.788426,0.389775,-0.475876,-0.450812,-0.892476,0.015901,-0.418511,0.227068,0.879367,1e-06,-3.8e-05,-1.8e-05,-6e-06,-3e-06,1e-05,-0.839986
38,0.200854,0.010241,0.432287,-0.757055,0.354659,-0.548753,-0.476925,-0.873994,0.093002,-0.445686,0.331675,0.831494,-2e-05,0.00051,0.000227,0.0,0.0,0.0,-1.528962,-0.2402,0.02907,0.37731,0.742123,0.509267,0.435767,-0.666028,0.632463,0.395387,-0.075175,-0.584296,0.807966,0.0,0.0,0.0,0.0,0.0,0.0,-1.403187,-0.000773,0.036938,0.011471,-0.77743,-0.410955,0.476148,0.600227,-0.710972,0.366393,0.187957,0.570642,0.799398,-0.0,-0.0,-2e-06,-1.6e-05,7e-06,1e-06,-0.928921,0.114855,0.029325,-0.025086,-0.788426,0.389775,-0.475876,-0.450813,-0.892476,0.015901,-0.418511,0.227068,0.879367,-1.3e-05,0.000349,0.000155,9e-06,1.4e-05,1.2e-05,-0.840149
39,0.200855,0.010234,0.432295,-0.756976,0.354754,-0.548801,-0.47703,-0.873942,0.092953,-0.445708,0.331711,0.831468,-0.0,0.0,0.0,0.0,0.0,0.0,-1.531632,-0.240181,0.029068,0.377307,0.741969,0.509334,0.43595,-0.66619,0.632344,0.395304,-0.075254,-0.584367,0.807908,0.0,0.0,0.0,0.0,0.0,0.0,-1.403245,-0.000763,0.036937,0.01147,-0.777277,-0.411041,0.476323,0.600399,-0.710875,0.366301,0.188042,0.570702,0.799336,0.0,0.0,-2e-06,-1e-05,3e-06,-3e-06,-0.929248,0.114855,0.029323,-0.025081,-0.788351,0.389876,-0.475917,-0.45092,-0.892422,0.015862,-0.418536,0.227105,0.879346,-2e-06,0.0,-0.0,-8e-06,-1e-05,7e-06,-0.840312
40,0.200855,0.010234,0.432295,-0.756887,0.35486,-0.548855,-0.477135,-0.873893,0.092873,-0.445747,0.331725,0.831441,-0.0,0.0,0.0,0.0,0.0,0.0,-1.533813,-0.240146,0.029056,0.377298,0.741832,0.509393,0.436113,-0.666334,0.632239,0.39523,-0.075325,-0.584429,0.807856,-3.2e-05,-0.000153,-9.1e-05,0.0,0.0,0.0,-1.403228,-0.000746,0.036931,0.011465,-0.777142,-0.411116,0.47648,0.600551,-0.710788,0.36622,0.188118,0.570755,0.79928,-1.9e-05,-9.3e-05,-5.8e-05,-1.6e-05,1.2e-05,-3e-06,-0.929738,0.114855,0.029323,-0.025081,-0.788267,0.389991,-0.475963,-0.45103,-0.892368,0.015792,-0.418576,0.227121,0.879323,-1e-06,0.0,-0.0,-0.0,-9e-06,1.1e-05,-0.839659
41,0.200864,0.010235,0.432295,-0.756871,0.354876,-0.548866,-0.477151,-0.873885,0.09286,-0.445756,0.331728,0.831435,-0.0,0.0,0.0,0.0,0.0,0.0,-1.531999,-0.240146,0.029056,0.377298,0.74174,0.509434,0.436223,-0.666432,0.632167,0.39518,-0.075372,-0.584471,0.807821,-0.0,-2e-06,-1e-06,0.0,0.0,0.0,-1.403422,-0.000746,0.036931,0.011465,-0.77705,-0.411168,0.476585,0.600654,-0.71073,0.366164,0.188168,0.570791,0.799243,3e-06,6e-06,2e-06,-2.7e-05,2e-05,-1e-06,-0.930064,0.11486,0.029323,-0.025081,-0.788253,0.390008,-0.475973,-0.451047,-0.89236,0.01578,-0.418585,0.227125,0.879318,-2e-06,-0.0,0.0,-4e-06,-1e-05,9e-06,-0.839823
42,0.200873,0.010243,0.432299,-0.756843,0.354907,-0.548885,-0.477183,-0.873871,0.092836,-0.44577,0.331734,0.831425,-0.0,1e-06,0.0,0.0,0.0,0.0,-1.528602,-0.240144,0.029063,0.377302,0.741568,0.50951,0.436426,-0.666613,0.632034,0.395087,-0.07546,-0.584549,0.807757,3.2e-05,0.000153,9.1e-05,0.0,0.0,0.0,-1.403246,-0.000745,0.036934,0.011467,-0.776879,-0.411265,0.476779,0.600846,-0.710621,0.366062,0.188261,0.570857,0.799173,1.9e-05,8.2e-05,4.9e-05,-1e-05,5e-06,-2e-06,-0.929738,0.114864,0.029328,-0.025079,-0.788226,0.390042,-0.475989,-0.45108,-0.892344,0.015759,-0.4186,0.227131,0.879309,1e-06,-6e-06,-3e-06,6e-06,1.6e-05,1.4e-05,-0.839823
43,0.200873,0.010235,0.432295,-0.756856,0.354892,-0.548877,-0.477167,-0.873878,0.092847,-0.445765,0.331732,0.831429,0.0,-1e-06,-0.0,0.0,0.0,0.0,-1.531421,-0.240144,0.029055,0.377309,0.741375,0.509592,0.436658,-0.666819,0.631869,0.395004,-0.075545,-0.584656,0.807672,-0.000261,-0.001266,-0.000749,0.0,0.0,0.0,-1.403399,-0.000744,0.036933,0.011472,-0.776686,-0.411371,0.477003,0.601067,-0.710483,0.365967,0.188354,0.570952,0.799083,-0.000152,-0.000737,-0.000436,7e-06,-1.7e-05,2e-06,-0.929574,0.114864,0.029323,-0.025081,-0.788238,0.390025,-0.475983,-0.451064,-0.892351,0.015769,-0.418594,0.227129,0.879312,0.0,4e-06,2e-06,-7e-06,2e-06,6e-06,-0.839659
44,0.200864,0.010235,0.432295,-0.756871,0.354876,-0.548866,-0.477151,-0.873885,0.09286,-0.445756,0.331728,0.831435,0.0,-0.0,-0.0,0.0,0.0,0.0,-1.529609,-0.240135,0.029054,0.377307,0.74139,0.509585,0.436641,-0.666802,0.631881,0.395012,-0.075537,-0.584649,0.807677,-4e-06,-1.9e-05,-1.1e-05,0.0,0.0,0.0,-1.40349,-0.00074,0.03693,0.01147,-0.776701,-0.411362,0.476986,0.601049,-0.710493,0.365976,0.188346,0.570947,0.799089,-1e-06,-7e-06,-4e-06,-3e-06,-5e-06,3e-06,-0.929574,0.11486,0.029323,-0.025081,-0.788253,0.390008,-0.475973,-0.451047,-0.89236,0.01578,-0.418585,0.227125,0.879318,-1e-06,3e-06,2e-06,-1.1e-05,-1.1e-05,4e-06,-0.839496
45,0.200855,0.010234,0.432295,-0.756798,0.354967,-0.548909,-0.477239,-0.873844,0.092792,-0.445786,0.331739,0.831415,0.0,-0.0,-0.0,0.0,0.0,0.0,-1.529037,-0.240146,0.029048,0.377304,0.741176,0.50968,0.436893,-0.667028,0.631715,0.394897,-0.075645,-0.584746,0.807597,-0.000261,-0.001268,-0.00075,0.0,0.0,0.0,-1.403305,-0.000745,0.03693,0.01147,-0.776488,-0.411483,0.477228,0.601288,-0.710357,0.365848,0.188462,0.571029,0.799003,-0.006312,2.8e-05,0.000391,-0.00373,0.029005,-0.054496,-0.929574,0.114855,0.029323,-0.025081,-0.788183,0.390106,-0.476008,-0.451139,-0.892314,0.015721,-0.418616,0.227137,0.8793,-2e-06,2e-06,1e-06,-1.3e-05,-1.2e-05,2e-06,-0.839496
46,0.200864,0.010235,0.432295,-0.756782,0.354983,-0.54892,-0.477256,-0.873837,0.092779,-0.445795,0.331742,0.831409,0.0,-0.0,-0.0,0.0,0.0,0.0,-1.5273,-0.24014,0.029024,0.377301,0.741064,0.509726,0.43703,-0.667148,0.631613,0.394857,-0.075689,-0.584816,0.807542,-0.000309,-0.001501,-0.000888,-0.001681,0.013793,-0.025246,-1.403095,-0.000742,0.036918,0.011468,-0.776389,-0.411535,0.477344,0.601402,-0.710279,0.36581,0.188504,0.571088,0.798951,2e-06,8e-06,3e-06,-2e-06,6e-06,-4e-06,-0.929738,0.11486,0.029323,-0.025081,-0.788169,0.390123,-0.476018,-0.451156,-0.892306,0.01571,-0.418625,0.22714,0.879294,-2e-06,2e-06,2e-06,-1.4e-05,-1.4e-05,3e-06,-0.839169
47,0.200855,0.010234,0.432295,-0.756798,0.354967,-0.548909,-0.477239,-0.873844,0.092792,-0.445786,0.331739,0.831415,0.0,-0.0,-0.0,0.0,0.0,0.0,-1.520328,-0.240131,0.029022,0.3773,0.740894,0.5098,0.437231,-0.667327,0.631482,0.394765,-0.075776,-0.584893,0.807478,-0.0,-0.0,-0.0,0.0,0.0,0.0,-1.402817,-0.000738,0.036914,0.011466,-0.776207,-0.411638,0.477552,0.601606,-0.710163,0.365701,0.188604,0.571158,0.798877,2e-06,1e-05,8e-06,-3e-06,-1e-06,-2e-06,-0.929738,0.114855,0.029323,-0.025081,-0.788183,0.390106,-0.476008,-0.451139,-0.892314,0.015721,-0.418616,0.227137,0.8793,-2e-06,2e-06,1e-06,-1.4e-05,-7e-06,1e-06,-0.839006
48,0.200854,0.010241,0.432287,-0.756788,0.35498,-0.548914,-0.47724,-0.873847,0.092761,-0.445802,0.331717,0.831415,0.0,-0.0,-0.0,0.0,0.0,0.0,-1.519267,-0.240129,0.02903,0.377304,0.740907,0.509795,0.437215,-0.667312,0.631492,0.394772,-0.075769,-0.584887,0.807483,0.00016,0.000778,0.000461,0.0,0.0,0.0,-1.403267,-0.000738,0.036916,0.011467,-0.77622,-0.41163,0.477536,0.601591,-0.710171,0.365709,0.188596,0.571153,0.798883,0.000111,0.000529,0.000315,-1.6e-05,1.3e-05,4e-06,-0.929574,0.114855,0.029326,-0.025085,-0.788174,0.390119,-0.476012,-0.451141,-0.892314,0.01569,-0.418632,0.227115,0.879298,-2e-06,3e-06,1e-06,-3e-05,-1.9e-05,-9e-06,-0.839333
49,0.200855,0.010233,0.432284,-0.756801,0.354964,-0.548906,-0.477225,-0.873854,0.092773,-0.445797,0.331715,0.831419,0.0,-1e-06,-0.0,0.0,0.0,0.0,-1.512275,-0.240129,0.02903,0.377304,0.740815,0.509835,0.437324,-0.66741,0.63142,0.394722,-0.075816,-0.584929,0.807449,0.0,0.0,0.0,0.0,0.0,0.0,-1.40309,-0.000737,0.036918,0.011468,-0.776128,-0.411682,0.477641,0.601695,-0.710113,0.365653,0.188646,0.571189,0.798846,1e-06,-3e-06,-1e-06,-5e-06,4e-06,-0.0,-0.929574,0.114855,0.029322,-0.025087,-0.788186,0.390103,-0.476005,-0.451125,-0.892322,0.0157,-0.418626,0.227113,0.879301,-3e-06,8e-06,5e-06,-1.6e-05,-2e-05,-3e-06,-0.839333
50,0.200863,0.010242,0.432287,-0.756772,0.354995,-0.548925,-0.477256,-0.87384,0.092748,-0.445811,0.331721,0.831409,-1.2e-05,0.000316,0.000141,0.0,0.0,0.0,-1.501359,-0.240129,0.02903,0.377304,0.740722,0.509876,0.437433,-0.667507,0.631349,0.394672,-0.075863,-0.584971,0.807414,0.0,0.0,0.0,0.0,0.0,0.0,-1.40307,-0.000737,0.036918,0.011468,-0.776036,-0.411734,0.477746,0.601797,-0.710054,0.365598,0.188697,0.571224,0.798808,-1e-06,-1e-06,-1e-06,-9e-06,3e-06,2e-06,-0.928921,0.11486,0.029326,-0.025085,-0.788159,0.390137,-0.476022,-0.451158,-0.892305,0.015678,-0.418641,0.227118,0.879293,-1e-05,0.000176,7.8e-05,-2.1e-05,-2.2e-05,-4e-06,-0.839169
51,0.200872,0.010242,0.432287,-0.756757,0.355011,-0.548936,-0.477273,-0.873832,0.092736,-0.44582,0.331724,0.831403,-0.0,5e-06,2e-06,0.0,0.0,0.0,-1.49939,-0.240129,0.029022,0.377311,0.740621,0.509918,0.437557,-0.667616,0.631255,0.394639,-0.0759,-0.585036,0.807363,0.0,0.0,0.0,0.0,0.0,0.0,-1.403573,-0.000737,0.036914,0.011471,-0.775935,-0.411788,0.477865,0.601915,-0.709975,0.365558,0.18874,0.571284,0.798756,-1e-06,-2e-06,-1e-06,-1e-06,3e-06,-7e-06,-0.928921,0.114864,0.029327,-0.025085,-0.788145,0.390154,-0.476032,-0.451175,-0.892297,0.015667,-0.41865,0.227122,0.879287,-2e-06,-2e-06,-2e-06,-9e-06,-7e-06,2e-06,-0.839333
52,0.200863,0.010242,0.432287,-0.756772,0.354995,-0.548925,-0.477256,-0.87384,0.092748,-0.445811,0.331721,0.831409,-0.0,0.0,0.0,0.0,0.0,0.0,-1.501051,-0.240129,0.029022,0.377311,0.740436,0.509999,0.437775,-0.667811,0.631112,0.394538,-0.075994,-0.58512,0.807294,0.0,0.0,0.0,0.0,0.0,0.0,-1.403203,-0.000737,0.036914,0.011471,-0.77575,-0.411892,0.478074,0.602121,-0.709857,0.365447,0.18884,0.571355,0.798681,-1e-06,-1e-06,-1e-06,-3e-06,2e-06,-6e-06,-0.927615,0.114859,0.029327,-0.025085,-0.788159,0.390136,-0.476022,-0.451158,-0.892306,0.015679,-0.418641,0.227119,0.879292,1e-06,-2e-06,-2e-06,0.0,1.2e-05,8e-06,-0.839659
53,0.200864,0.010234,0.432284,-0.756696,0.355087,-0.548971,-0.477346,-0.873798,0.09268,-0.445845,0.331733,0.831386,2e-06,-6.2e-05,-2.8e-05,0.0,0.0,0.0,-1.497275,-0.240131,0.029014,0.377306,0.740422,0.510005,0.437791,-0.667825,0.631101,0.394531,-0.076001,-0.585126,0.807289,-0.0,-1e-06,-0.0,0.0,0.0,0.0,-1.402992,-0.000738,0.03691,0.011469,-0.775737,-0.411899,0.478089,0.602136,-0.709849,0.365439,0.188847,0.57136,0.798675,1e-06,5e-06,4e-06,-8e-06,6e-06,-4e-06,-0.924839,0.11486,0.029323,-0.025087,-0.788087,0.390234,-0.476061,-0.451252,-0.892259,0.015619,-0.418675,0.227132,0.879273,2e-06,-4e-05,-1.8e-05,2e-06,-9e-06,7e-06,-0.839659
54,0.200873,0.010234,0.432284,-0.756681,0.355102,-0.548982,-0.477362,-0.87379,0.092667,-0.445853,0.331736,0.83138,0.0,-0.0,-0.0,0.0,0.0,0.0,-1.491838,-0.240131,0.029014,0.377306,0.740144,0.510127,0.438119,-0.668117,0.630886,0.39438,-0.076142,-0.585252,0.807184,-0.0,-0.0,-0.0,0.0,0.0,0.0,-1.403434,-0.000738,0.03691,0.011469,-0.77546,-0.412055,0.478404,0.602445,-0.709672,0.365273,0.188997,0.571467,0.798563,3e-06,3e-06,4e-06,-1.5e-05,1e-05,-1e-06,-0.925492,0.114864,0.029323,-0.025087,-0.788073,0.390252,-0.476071,-0.451269,-0.892251,0.015607,-0.418684,0.227135,0.879267,-2e-06,5e-06,2e-06,-1.9e-05,-2.1e-05,-4e-06,-0.839333
55,0.200873,0.010234,0.432284,-0.756681,0.355102,-0.548982,-0.477362,-0.87379,0.092667,-0.445853,0.331736,0.83138,0.0,-0.0,-0.0,0.0,0.0,0.0,-1.490514,-0.240131,0.029022,0.3773,0.74006,0.510167,0.438214,-0.668204,0.630836,0.394314,-0.076198,-0.585271,0.807165,-0.0,-0.0,-0.0,0.0,0.0,0.0,-1.403319,-0.000738,0.036914,0.011466,-0.775378,-0.412105,0.478495,0.602534,-0.709633,0.365202,0.189055,0.571479,0.798542,3e-06,3e-06,3e-06,-9e-06,6e-06,-2e-06,-0.925819,0.114864,0.029323,-0.025087,-0.788073,0.390252,-0.476071,-0.451269,-0.892251,0.015607,-0.418684,0.227135,0.879267,-3e-06,4e-06,1e-06,-1.8e-05,-2.4e-05,-3e-06,-0.839659
56,0.200873,0.010227,0.432291,-0.756601,0.355197,-0.549031,-0.477467,-0.873738,0.092617,-0.445876,0.331771,0.831354,0.0,-0.0,-0.0,0.0,0.0,0.0,-1.495678,-0.240134,0.029007,0.377291,0.740033,0.510179,0.438245,-0.668232,0.630815,0.394299,-0.076212,-0.585283,0.807155,-6.1e-05,-0.000294,-0.000174,0.0,0.0,0.0,-1.403438,-0.00074,0.036907,0.011461,-0.775351,-0.412121,0.478525,0.602564,-0.709616,0.365186,0.189069,0.571489,0.798531,-3e-05,-0.000152,-8.9e-05,-2e-06,4e-06,-5e-06,-0.925655,0.114864,0.029319,-0.025083,-0.787998,0.390353,-0.476112,-0.451377,-0.892197,0.015568,-0.418709,0.227173,0.879246,-2e-06,3e-06,2e-06,-7e-06,-1.2e-05,4e-06,-0.839496
57,0.200892,0.01022,0.432287,-0.756583,0.355213,-0.549046,-0.477484,-0.87373,0.092604,-0.445888,0.331776,0.831346,4.5e-05,-0.001161,-0.000517,0.0,0.0,0.0,-1.494318,-0.240124,0.029006,0.377289,0.739956,0.510213,0.438337,-0.668313,0.630756,0.394257,-0.076251,-0.585318,0.807126,-0.0,-0.0,-0.0,0.0,0.0,0.0,-1.402961,-0.000735,0.036906,0.011461,-0.775366,-0.412112,0.478508,0.602546,-0.709626,0.365195,0.189061,0.571483,0.798537,4e-06,8e-06,6e-06,-1.7e-05,1.5e-05,-1e-06,-0.925819,0.114874,0.029318,-0.025084,-0.787981,0.390371,-0.476125,-0.451395,-0.892188,0.015556,-0.418721,0.227178,0.879239,2.3e-05,-0.000661,-0.000295,-3.2e-05,-2.6e-05,-8e-06,-0.839496
58,0.200892,0.01022,0.432287,-0.756494,0.355319,-0.549099,-0.477589,-0.873681,0.092523,-0.445927,0.33179,0.831319,1e-06,-1.7e-05,-8e-06,0.0,0.0,0.0,-1.492639,-0.240124,0.029006,0.377289,0.739956,0.510213,0.438337,-0.668313,0.630756,0.394257,-0.076251,-0.585318,0.807126,-0.0,-0.0,-0.0,0.0,0.0,0.0,-1.403266,-0.000735,0.036906,0.011461,-0.775274,-0.412164,0.478613,0.60265,-0.709567,0.365139,0.189111,0.571519,0.7985,4e-06,6e-06,5e-06,-1.4e-05,1.6e-05,0.0,-0.925819,0.114874,0.029315,-0.025085,-0.787897,0.390485,-0.476171,-0.451505,-0.892134,0.015485,-0.418762,0.227194,0.879215,-1e-06,1e-06,-0.0,-5e-06,-2e-06,1e-06,-0.839496
59,0.200901,0.010204,0.43228,-0.756504,0.355304,-0.549095,-0.477575,-0.873688,0.092534,-0.445924,0.331789,0.831321,4.5e-05,-0.001162,-0.000518,0.0,0.0,0.0,-1.488683,-0.240143,0.029009,0.377292,0.73974,0.510308,0.438591,-0.66854,0.630588,0.39414,-0.07636,-0.585415,0.807045,-0.0,-0.0,-0.0,0.0,0.0,0.0,-1.403208,-0.000744,0.036907,0.011462,-0.775059,-0.412285,0.478856,0.60289,-0.70943,0.36501,0.189227,0.571602,0.798412,4e-06,3e-06,6e-06,-1.8e-05,1.3e-05,3e-06,-0.925819,0.114878,0.02931,-0.025088,-0.787906,0.39047,-0.476167,-0.45149,-0.892141,0.015494,-0.418759,0.227193,0.879217,2.8e-05,-0.000774,-0.000344,-2e-05,-2.5e-05,-5e-06,-0.839169
60,0.200901,0.010204,0.43228,-0.756504,0.355304,-0.549095,-0.477575,-0.873688,0.092534,-0.445924,0.331789,0.831321,0.0,-0.0,-0.0,0.0,0.0,0.0,-1.481622,-0.240134,0.029007,0.377291,0.739662,0.510342,0.438682,-0.668621,0.630528,0.394098,-0.076399,-0.585451,0.807015,-0.0,-0.0,-0.0,0.0,0.0,0.0,-1.403339,-0.00074,0.036907,0.011461,-0.774982,-0.412328,0.478944,0.602975,-0.709381,0.364963,0.189269,0.571632,0.798381,5e-06,3e-06,6e-06,-1e-05,2.1e-05,-5e-06,-0.925982,0.114879,0.029308,-0.025089,-0.787907,0.39047,-0.476167,-0.45149,-0.892141,0.015494,-0.418759,0.227193,0.879217,-5e-06,1.1e-05,6e-06,-3.2e-05,-4.5e-05,-9e-06,-0.839169
61,0.200902,0.010196,0.432277,-0.756428,0.355395,-0.549141,-0.477665,-0.873646,0.092465,-0.445957,0.331801,0.831298,1e-06,-3.3e-05,-1.4e-05,0.0,0.0,0.0,-1.48221,-0.240126,0.028999,0.377285,0.739572,0.510381,0.438789,-0.668716,0.630458,0.394049,-0.076446,-0.585492,0.806981,-0.00016,-0.000778,-0.000461,0.0,0.0,0.0,-1.402951,-0.000735,0.036904,0.011459,-0.774891,-0.412379,0.479047,0.603076,-0.709323,0.364909,0.189319,0.571667,0.798344,-0.000104,-0.00052,-0.000306,-5e-06,1.3e-05,-6e-06,-0.926145,0.114879,0.029304,-0.025091,-0.787834,0.390568,-0.476206,-0.451584,-0.892095,0.015434,-0.418793,0.227207,0.879197,-3e-06,-6e-06,-2e-06,-1e-05,-8e-06,-0.0,-0.839333
