frame,MLTx,MLTy,MLTz,MLTR1,MLTR2,MLTR3,MLTR4,MLTR5,MLTR6,MLTR7,MLTR8,MLTR9,MLTTVx,MLTTVy,MLTTVz,MLTRVx,MLTRVy,MLTRVz,MLGA,MRTx,MRTy,MRTz,MRTR1,MRTR2,MRTR3,MRTR4,MRTR5,MRTR6,MRTR7,MRTR8,MRTR9,MRTTVx,MRTTVy,MRTTVz,MRTRVx,MRTRVy,MRTRVz,MRGA,SLTx,SLTy,SLTz,SLTR1,SLTR2,SLTR3,SLTR4,SLTR5,SLTR6,SLTR7,SLTR8,SLTR9,SLTTVx,SLTTVy,SLTTVz,SLTRVx,SLTRVy,SLTRVz,SLGA,SRTx,SRTy,SRTz,SRTR1,SRTR2,SRTR3,SRTR4,SRTR5,SRTR6,SRTR7,SRTR8,SRTR9,SRTTVx,SRTTVy,SRTTVz,SRTRVx,SRTRVy,SRTRVz,SRGA
1,0.118529,-0.01586,0.367277,0.482652,-0.326916,-0.812538,0.642312,0.762788,0.074571,0.594823,-0.557485,0.579158,-0.01418,-0.007822,0.011123,-0.049612,-0.219033,0.275435,-1.896407,-0.238677,-0.011498,0.352945,0.574044,0.417654,0.704294,-0.636272,0.76886,0.062822,-0.515965,-0.484712,0.706185,0.014147,-0.000157,-0.000635,0.002045,-0.015205,0.029245,-1.408468,0.010285,0.041822,-0.017937,-0.568187,-0.454875,0.685749,0.673971,-0.735373,0.070635,0.472151,0.502309,0.724402,0.000165,0.000792,0.000661,0.000231,2e-05,0.000236,-0.905708,0.073708,0.044948,-0.042774,-0.47465,0.325824,-0.817646,-0.658912,-0.74744,0.084656,-0.583559,0.578939,0.569462,-0.013975,-0.002687,0.006508,-0.021289,-0.230186,0.452584,-1.198475
2,0.117837,-0.016283,0.367878,0.47007,-0.3311,-0.8182,0.649242,0.757665,0.066332,0.597381,-0.561976,0.572141,-0.014366,-0.016863,0.021367,-0.059137,-0.12877,0.293462,-1.896739,-0.238446,-0.01154,0.353034,0.571641,0.420963,0.704279,-0.640877,0.765004,0.063083,-0.512917,-0.487948,0.706177,0.014133,-0.000208,-0.000681,-0.000793,-0.015459,0.0264,-1.408796,0.010401,0.041801,-0.017892,-0.565618,-0.458046,0.685762,0.678358,-0.731286,0.071057,0.468941,0.505384,0.724348,0.000154,0.000744,0.00062,-0.008905,-0.001339,-0.009674,-0.903258,0.073362,0.044744,-0.042474,-0.462118,0.330263,-0.823026,-0.665753,-0.742297,0.075943,-0.585849,0.583027,0.562902,-0.006929,-0.003082,0.006237,-0.019702,-0.142757,0.343896,-1.202884
3,0.117591,-0.016579,0.368282,0.464992,-0.333945,-0.819944,0.652489,0.755208,0.062384,0.597824,-0.563594,0.570084,-0.01415,-0.015817,0.022208,-0.058801,-0.127554,0.294034,-1.895765,-0.238357,-0.011562,0.353079,0.571683,0.420921,0.70427,-0.640908,0.764968,0.063214,-0.512832,-0.488042,0.706174,0.000209,0.001,0.00084,-0.0,-0.0,-0.0,-1.408672,0.010451,0.04179,-0.01787,-0.565682,-0.457999,0.68574,0.678369,-0.731262,0.071199,0.468847,0.505461,0.724355,0.007058,-0.000137,-0.000372,0.002298,-0.015261,0.02941,-0.903258,0.07324,0.044595,-0.042273,-0.456994,0.333087,-0.824748,-0.66897,-0.739803,0.071896,-0.586203,0.584588,0.560911,-0.007013,-0.007571,0.011385,-0.058685,-0.138019,0.321906,-1.201741
4,0.117164,-0.017204,0.36913,0.457999,-0.337982,-0.822223,0.657503,0.751245,0.057376,0.597736,-0.566469,0.56732,-0.014254,-0.016232,0.021886,-0.065151,-0.041289,0.114936,-1.896101,-0.238207,-0.011637,0.353144,0.57176,0.420841,0.704255,-0.640974,0.764891,0.063472,-0.512663,-0.488231,0.706167,2.2e-05,0.000105,8.8e-05,0.0,-0.0,-0.0,-1.408517,0.010526,0.041754,-0.017837,-0.565767,-0.457919,0.685723,0.678418,-0.731191,0.071458,0.468673,0.505636,0.724344,0.00694,-0.000704,-0.000848,0.002186,-0.015183,0.029374,-0.901952,0.073027,0.044287,-0.041845,-0.449766,0.337046,-0.827109,-0.673997,-0.735716,0.066703,-0.586036,0.58747,0.558068,-0.000156,-0.008891,0.010383,-0.064197,-0.068266,0.171226,-1.198312
5,0.11683,-0.01785,0.369779,0.457318,-0.342555,-0.820707,0.656666,0.752381,0.05181,0.599175,-0.562195,0.570046,-0.014597,-0.009521,0.009771,-0.01074,0.007375,0.161662,-1.895744,-0.238093,-0.011776,0.353236,0.571764,0.420782,0.704287,-0.64116,0.764707,0.063798,-0.512424,-0.488569,0.706105,0.0,0.0,0.0,0.0,-0.0,-0.0,-1.408479,0.010583,0.041683,-0.017792,-0.56578,-0.457855,0.685755,0.678581,-0.731007,0.071791,0.468423,0.505959,0.724281,-5e-06,-1.7e-05,-1.7e-05,0.000105,4e-05,5.6e-05,-0.900809,0.072861,0.043966,-0.041513,-0.449086,0.341887,-0.82549,-0.673193,-0.736944,0.061018,-0.587479,0.583116,0.561108,-0.000627,-0.011057,0.008655,-0.058588,0.077483,-0.011222,-1.195536
6,0.116666,-0.018116,0.369999,0.456824,-0.34571,-0.819659,0.65789,0.751457,0.049655,0.598211,-0.561496,0.571745,-0.000796,-0.011872,0.008,-0.002408,0.017628,0.202639,-1.896068,-0.238052,-0.011851,0.353278,0.569727,0.4214,0.705567,-0.641462,0.764647,0.061441,-0.514312,-0.488131,0.705035,-1.3e-05,-6.1e-05,-5.1e-05,0.474071,0.446879,-0.513209,-1.408374,0.010603,0.041646,-0.017771,-0.564342,-0.458221,0.686694,0.678863,-0.730901,0.070186,0.469746,0.505781,0.723549,-1.3e-05,-4.2e-05,-3.7e-05,1.581166,1.489528,-1.709738,-0.902115,0.072773,0.043828,-0.0414,-0.448425,0.345107,-0.824508,-0.674465,-0.735963,0.058776,-0.586523,0.582459,0.562787,-0.000431,-0.006041,0.003921,-0.01229,-0.007797,0.192442,-1.194393
7,0.116327,-0.018416,0.370229,0.456164,-0.346217,-0.819813,0.658807,0.750664,0.049496,0.597707,-0.562243,0.571539,-0.014253,0.000356,0.000173,0.005689,-0.069872,0.150331,-1.896237,-0.238009,-0.01192,0.353338,0.569824,0.421316,0.705539,-0.641505,0.764591,0.061691,-0.514151,-0.488292,0.705041,1e-06,4e-06,3e-06,0.0,0.0,-0.0,-1.408615,0.010624,0.041611,-0.017741,-0.563845,-0.458299,0.687051,0.678967,-0.730852,0.069693,0.470193,0.505782,0.723258,-2e-06,-5e-06,-3e-06,-7.1e-05,-0.000104,0.000163,-0.903095,0.072608,0.043676,-0.041287,-0.447759,0.345315,-0.824783,-0.675356,-0.735138,0.058855,-0.586007,0.583376,0.562376,-0.007387,-0.005093,0.004625,-0.037409,0.027302,-0.047741,-1.193577
8,0.116002,-0.018412,0.370204,0.459195,-0.345007,-0.81863,0.658285,0.750901,0.052725,0.595955,-0.562671,0.572945,-0.000353,-0.001604,-0.001284,-0.0,0.0,-0.0,-1.896858,-0.238008,-0.011914,0.353344,0.569721,0.421373,0.705588,-0.641573,0.76454,0.061617,-0.51418,-0.488323,0.704998,0.0,0.0,0.0,0.0,-0.0,-0.0,-1.408603,0.010625,0.041614,-0.017738,-0.563742,-0.45835,0.687101,0.679033,-0.730798,0.069623,0.470221,0.505814,0.723217,-2e-06,-6e-06,-8e-06,2e-05,5e-06,4.5e-05,-0.904075,0.072441,0.043679,-0.041299,-0.450728,0.344221,-0.823623,-0.674899,-0.735297,0.062033,-0.584255,0.583823,0.563733,-0.00694,0.005138,-0.004692,0.034946,0.010438,-0.035128,-1.193576
9,0.115717,-0.018275,0.370062,0.462008,-0.343836,-0.817539,0.657567,0.751326,0.055551,0.594571,-0.562821,0.574235,-0.01423,0.000483,0.000268,-1.330071,1.345168,-2.052486,-1.896025,-0.238059,-0.011894,0.353349,0.569652,0.421415,0.705619,-0.641608,0.764516,0.061547,-0.514214,-0.488323,0.704974,0.0,1e-06,0.0,0.0,0.0,0.0,-1.408815,0.0106,0.041624,-0.017735,-0.563673,-0.458389,0.687133,0.679067,-0.730773,0.069554,0.470256,0.505815,0.723193,-2e-06,-6e-06,-8e-06,2.1e-05,1.3e-05,2.6e-05,-0.904401,0.072303,0.043746,-0.041371,-0.451221,0.343914,-0.823481,-0.674362,-0.735774,0.062228,-0.584495,0.583403,0.563919,2.2e-05,0.004191,-0.005394,0.035206,-0.014706,0.017646,-1.193903
10,0.115599,-0.018203,0.369975,0.462147,-0.343724,-0.817508,0.657318,0.751545,0.055536,0.594738,-0.562597,0.57428,7.9e-05,0.008549,-0.01066,0.03534,-0.01471,0.0175,-1.896268,-0.238091,-0.011889,0.353341,0.569588,0.421454,0.705647,-0.641638,0.764496,0.061481,-0.514246,-0.488321,0.704952,-1.3e-05,-6.1e-05,-5.1e-05,0.0,0.0,0.0,-1.408805,0.010583,0.041626,-0.01774,-0.563608,-0.458425,0.687162,0.679097,-0.730751,0.069489,0.470289,0.505815,0.723172,-9e-06,-4.2e-05,-3.8e-05,1.2e-05,1e-05,3.2e-05,-0.903911,0.072239,0.043779,-0.04141,-0.453705,0.343025,-0.822487,-0.673969,-0.735905,0.064863,-0.583023,0.58376,0.565072,-0.007179,-5.3e-05,-9.8e-05,-0.000303,0.013883,-0.028161,-1.193903
11,0.115386,-0.018005,0.369725,0.466699,-0.341947,-0.815665,0.656473,0.751914,0.060328,0.592108,-0.563189,0.576415,-1.5e-05,0.008114,-0.011007,0.035334,-0.014742,0.017484,-1.896026,-0.238185,-0.011856,0.353333,0.569449,0.421543,0.705706,-0.641695,0.764461,0.06132,-0.514329,-0.488299,0.704906,-0.0,-0.0,-0.0,0.0,0.0,0.0,-1.408736,0.010537,0.041643,-0.017744,-0.563466,-0.458506,0.687224,0.679156,-0.730711,0.06933,0.470374,0.505798,0.723128,1e-06,3e-06,3e-06,1.4e-05,-6e-06,2.2e-05,-0.903748,0.072132,0.043879,-0.041535,-0.458315,0.341371,-0.820617,-0.673139,-0.736225,0.069684,-0.58037,0.584327,0.567213,-0.006995,0.00486,-0.004918,0.035437,0.01005,-0.034641,-1.194556
12,0.115182,-0.017751,0.369375,0.469113,-0.340878,-0.814727,0.655531,0.752558,0.062516,0.591242,-0.562979,0.577508,-0.013978,0.009794,-0.009784,0.034343,-6.5e-05,-0.012087,-1.895841,-0.238258,-0.0118,0.353302,0.56939,0.421597,0.705721,-0.641663,0.764501,0.061157,-0.514434,-0.488189,0.704905,-0.0,-0.0,-0.0,0.0,0.0,0.0,-1.409022,0.0105,0.041671,-0.017759,-0.563404,-0.458558,0.68724,0.67913,-0.730751,0.069165,0.470485,0.505694,0.723129,1e-06,1e-06,3e-06,1.5e-05,5e-06,2.3e-05,-0.905218,0.07203,0.044008,-0.041714,-0.460715,0.340381,-0.819684,-0.672208,-0.736868,0.071833,-0.579549,0.584093,0.568293,-0.006992,0.004861,-0.004917,0.034997,-0.000818,-0.010867,-1.192433
13,0.115059,-0.01765,0.369192,0.471489,-0.339918,-0.813756,0.654966,0.752843,0.064948,0.589975,-0.563178,0.578608,-0.00021,0.007233,-0.011713,-1.292536,1.322049,-2.002066,-1.896651,-0.238233,-0.011782,0.353316,0.569482,0.421546,0.705677,-0.641602,0.764547,0.061223,-0.514409,-0.488162,0.704943,0.000329,0.001576,0.001324,0.001745,-0.013503,0.025397,-1.409121,0.010512,0.041676,-0.017755,-0.56348,-0.45852,0.687203,0.679081,-0.730792,0.069217,0.470465,0.50567,0.723159,3.9e-05,0.000179,0.000153,1.3e-05,1.1e-05,1.5e-05,-0.905871,0.071974,0.044057,-0.0418,-0.460813,0.340257,-0.81968,-0.67185,-0.73721,0.071682,-0.579887,0.583734,0.568317,-0.000235,0.003007,-0.006341,0.034411,-0.002564,-0.008333,-1.191617
14,0.11474,-0.017502,0.368822,0.476891,-0.337672,-0.81154,0.653547,0.753583,0.070427,0.587196,-0.563543,0.581074,-0.014546,0.007267,-0.011821,-0.002448,0.048426,-0.09261,-1.896168,-0.238138,-0.011754,0.353364,0.569754,0.421387,0.705553,-0.641445,0.76466,0.061459,-0.514303,-0.488122,0.705048,0.000345,0.001656,0.00139,0.0,0.0,0.0,-1.40862,0.010559,0.041692,-0.01773,-0.563775,-0.458365,0.687064,0.678913,-0.730925,0.069461,0.470354,0.505617,0.723267,0.000218,0.00105,0.000882,1.1e-05,9e-06,1.3e-05,-0.903748,0.071815,0.044132,-0.041984,-0.468543,0.337408,-0.816469,-0.670285,-0.737805,0.079754,-0.575486,0.584636,0.571853,-0.007428,-0.001167,-0.001002,-0.12905,0.14401,-0.224487,-1.19178
15,0.114241,-0.017333,0.368547,0.481386,-0.335572,-0.809756,0.651733,0.754752,0.074602,0.585538,-0.563236,0.583041,-0.014198,0.008825,-0.010573,0.034323,-0.000179,-0.012141,-1.895764,-0.237938,-0.011723,0.35349,0.565618,0.430053,0.70365,-0.650548,0.757013,0.060429,-0.507373,-0.492481,0.707035,0.000507,0.00244,0.002046,-0.002799,-0.000349,-0.002907,-1.408552,0.010654,0.041712,-0.01767,-0.55914,-0.466827,0.685152,0.687639,-0.722795,0.068694,0.463157,0.509547,0.725152,0.000352,0.001701,0.001422,-0.031534,-0.012509,-0.005035,-0.901789,0.071565,0.044213,-0.042125,-0.473099,0.335425,-0.814657,-0.668495,-0.738961,0.08396,-0.573837,0.584316,0.573832,-0.007385,-0.000948,-0.000825,-0.001272,0.026318,-0.05433,-1.189004
16,0.113604,-0.017276,0.368442,0.483263,-0.334567,-0.809054,0.650626,0.755555,0.076122,0.585222,-0.562759,0.583819,-0.014598,-0.001056,-0.001,-0.001928,0.027113,-0.055552,-1.895504,-0.237667,-0.011768,0.353562,0.566856,0.43425,0.700067,-0.651008,0.75682,0.057842,-0.505397,-0.489085,0.710798,0.014002,-0.000798,-0.001186,0.125426,-0.373904,-0.16985,-1.408914,0.010791,0.04169,-0.017627,-0.559939,-0.469588,0.682608,0.687911,-0.722683,0.067131,0.461785,0.507164,0.727693,6e-05,0.000313,0.000254,0.244078,-0.621778,-0.315153,-0.901462,0.071252,0.044246,-0.04218,-0.474932,0.334499,-0.813971,-0.667421,-0.739764,0.08542,-0.573574,0.58383,0.574589,-0.007211,-0.000155,-0.000189,-0.001043,0.014712,-0.0295,-1.184105
17,0.11328,-0.017286,0.368444,0.483906,-0.334246,-0.808801,0.650325,0.755754,0.0767,0.585024,-0.562681,0.584093,-0.028498,0.000991,0.000496,-0.002913,0.041826,-0.085106,-1.895855,-0.23749,-0.01181,0.35356,0.567277,0.434009,0.699875,-0.650766,0.757001,0.058202,-0.505236,-0.489019,0.710957,0.013893,-0.012026,0.007161,-0.032189,-0.006003,0.010091,-1.408719,0.010879,0.041673,-0.017631,-0.560518,-0.470976,0.681175,0.687926,-0.72274,0.066358,0.46106,0.505793,0.729106,-1.2e-05,-6e-05,-5.6e-05,-0.009007,0.016242,0.005686,-0.904728,0.07109,0.04424,-0.04218,-0.475582,0.334197,-0.813715,-0.667127,-0.739962,0.086001,-0.573378,0.583752,0.574864,-0.007165,6.7e-05,-1.2e-05,-0.001043,0.014715,-0.029522,-1.180676
18,0.112639,-0.017304,0.368516,0.4833,-0.336446,-0.808251,0.654227,0.752246,0.078001,0.581167,-0.566056,0.584681,-0.028389,-0.006595,0.011918,-0.037255,0.044439,-0.076461,-1.895624,-0.237115,-0.011872,0.353533,0.568312,0.435872,0.697874,-0.650701,0.757135,0.057176,-0.504155,-0.487151,0.713004,0.013881,-0.001385,-0.001683,0.002104,-0.015379,0.029149,-1.408721,0.011066,0.041636,-0.017642,-0.56136,-0.472752,0.679249,0.687919,-0.72283,0.065441,0.460045,0.504004,0.730983,0.006937,-0.000709,-0.000861,-0.000535,-0.009402,0.031876,-0.90979,0.070769,0.044231,-0.042151,-0.474921,0.336395,-0.813195,-0.670948,-0.736354,0.087238,-0.569454,0.587043,0.575414,-0.00699,0.000855,0.000621,-0.000887,0.014738,-0.029658,-1.181166
19,0.112118,-0.017252,0.368605,0.484137,-0.33605,-0.807915,0.653882,0.752464,0.078783,0.580857,-0.566002,0.585042,-0.013877,0.002143,0.001566,-0.000984,0.014715,-0.029553,-1.895227,-0.236631,-0.011917,0.353516,0.565299,0.436522,0.699913,-0.650421,0.757683,0.052938,-0.507892,-0.485715,0.71133,0.014214,0.000257,-0.000311,0.004962,-0.027602,0.053422,-1.409042,0.011302,0.04161,-0.017653,-0.558276,-0.473246,0.681443,0.687787,-0.723332,0.061137,0.463977,0.50282,0.729312,0.006985,-0.000475,-0.00067,0.011531,-0.006328,0.019666,-0.90832,0.070503,0.044255,-0.042101,-0.475806,0.336007,-0.812839,-0.670604,-0.736568,0.088068,-0.56912,0.586996,0.575792,-0.006928,0.001124,0.000834,-0.000917,0.014704,-0.02961,-1.181819
20,0.111921,-0.017224,0.368639,0.484281,-0.335988,-0.807855,0.653829,0.752496,0.078918,0.580797,-0.565996,0.585107,-0.013888,0.002094,0.001525,-0.000984,0.014715,-0.029553,-1.895148,-0.236337,-0.011941,0.353498,0.56142,0.440056,0.700821,-0.654596,0.754215,0.050971,-0.506822,-0.487926,0.710579,0.014007,-0.000755,-0.001162,0.00215,-0.015107,0.029135,-1.408685,0.011455,0.041601,-0.01766,-0.554279,-0.476563,0.682393,0.6918,-0.719645,0.059341,0.462801,0.504972,0.728572,0.007019,-0.000308,-0.000532,-0.001839,-0.019186,0.033813,-0.908483,0.070405,0.04427,-0.042083,-0.475951,0.335948,-0.812778,-0.670551,-0.736601,0.088203,-0.569061,0.58699,0.575857,-0.006941,0.001066,0.000785,-0.000925,0.014704,-0.029592,-1.182146
21,0.111676,-0.017193,0.368622,0.484789,-0.335721,-0.807661,0.653529,0.752714,0.079327,0.580711,-0.565865,0.585319,-0.014034,0.001472,0.001021,-0.000984,0.014715,-0.029553,-1.895359,-0.235666,-0.011987,0.353433,0.557019,0.440943,0.703769,-0.653978,0.755151,0.044638,-0.512447,-0.48567,0.708086,0.013985,-0.000849,-0.001248,0.045283,0.025179,-0.016263,-1.408492,0.011791,0.041578,-0.017693,-0.54995,-0.47724,0.685416,0.691372,-0.720549,0.053026,0.46857,0.50304,0.726217,0.013946,-0.00105,-0.001427,0.15889,0.113951,-0.10364,-0.90881,0.070282,0.044287,-0.042091,-0.476466,0.335694,-0.812581,-0.670254,-0.736821,0.088615,-0.56898,0.586858,0.576071,-8.3e-05,-0.000355,-0.000281,3.6e-05,-5e-06,-2.7e-05,-1.182636
22,0.111647,-0.017119,0.36855,0.484844,-0.335649,-0.807658,0.653336,0.75289,0.07925,0.580882,-0.565675,0.585334,-1e-06,-3e-06,-2e-06,0.0,0.0,0.0,-1.895181,-0.234989,-0.012053,0.353351,0.558204,0.437855,0.704757,-0.652656,0.756131,0.047327,-0.512845,-0.486935,0.706928,0.027769,-0.00269,-0.00334,0.003952,-0.030023,0.058706,-1.408564,0.012134,0.041545,-0.017734,-0.551351,-0.474151,0.686434,0.690008,-0.721651,0.055744,0.468935,0.504379,0.725051,0.013884,-0.001356,-0.001691,0.00739,-0.037001,0.05604,-0.90881,0.070262,0.044323,-0.042127,-0.476545,0.335612,-0.812568,-0.670053,-0.737011,0.088559,-0.56915,0.586667,0.576097,4e-06,1.6e-05,1.5e-05,2.3e-05,-1.8e-05,-8e-06,-1.181656
23,0.111709,-0.017056,0.368443,0.484592,-0.335724,-0.807778,0.653262,0.752994,0.078876,0.581175,-0.565492,0.585219,-0.00035,-0.001502,-0.001213,0.0,0.0,0.0,-1.895401,-0.234299,-0.012098,0.353272,0.553655,0.441644,0.70598,-0.660585,0.749065,0.04962,-0.507584,-0.494389,0.70555,0.013953,-0.000989,-0.001378,-0.044878,0.025766,0.021657,-1.408966,0.012474,0.041522,-0.017773,-0.546587,-0.477548,0.687887,0.697515,-0.714182,0.058434,0.463372,0.511752,0.72346,0.006986,-0.000452,-0.000667,-0.121042,0.095394,-0.234146,-0.90881,0.070294,0.044358,-0.042178,-0.476292,0.33568,-0.812689,-0.66998,-0.737122,0.088188,-0.569448,0.586489,0.575984,-0.000206,-0.000892,-0.00072,-0.000925,0.012407,-0.025988,-1.182146
24,0.111776,-0.017062,0.368373,0.486837,-0.334899,-0.80677,0.652958,0.752991,0.081381,0.579637,-0.565986,0.586266,-0.000513,-0.0022,-0.001777,-0.006512,0.085644,-0.17939,-1.89541,-0.233914,-0.012134,0.353225,0.552391,0.441808,0.706867,-0.660246,0.74949,0.047673,-0.5094,-0.493598,0.704795,0.01389,-0.001309,-0.00165,0.005709,-0.011016,0.02543,-1.408721,0.012662,0.041505,-0.017796,-0.545313,-0.477827,0.688704,0.697258,-0.714605,0.056288,0.465256,0.5109,0.722852,0.013889,-0.001323,-0.001672,0.051262,0.001534,0.009602,-0.908483,0.070328,0.044356,-0.042212,-0.478445,0.334975,-0.811715,-0.669737,-0.73705,0.090598,-0.567926,0.586983,0.576983,-0.000309,-0.001331,-0.001077,9.1e-05,0.011313,-0.024366,-1.182146
25,0.111887,-0.01715,0.368224,0.489032,-0.334093,-0.805776,0.652653,0.752985,0.08383,0.578129,-0.566469,0.587287,-0.000777,-0.003338,-0.0027,-0.0,0.0,-0.0,-1.895857,-0.233217,-0.012198,0.353129,0.55173,0.441651,0.707482,-0.659507,0.750237,0.046137,-0.511073,-0.492601,0.704281,0.013884,-0.001337,-0.00168,0.002044,-0.015205,0.029245,-1.408434,0.013015,0.041472,-0.017844,-0.544735,-0.477696,0.689252,0.696579,-0.715389,0.054716,0.466946,0.509925,0.722451,0.006943,-0.00067,-0.000854,0.000747,-0.016686,0.030638,-0.912239,0.070384,0.044312,-0.042287,-0.480798,0.334165,-0.810658,-0.669372,-0.73706,0.093176,-0.566367,0.587431,0.578059,-0.000466,-0.002013,-0.001629,0.000986,0.010358,-0.022933,-1.182799
26,0.111974,-0.017329,0.368068,0.487108,-0.336941,-0.805755,0.657052,0.749145,0.083877,0.574767,-0.569858,0.587309,0.01317,0.002872,-0.015089,0.035316,-0.017371,0.020887,-1.89601,-0.232791,-0.012236,0.353066,0.548275,0.440033,0.711167,-0.658848,0.750977,0.043436,-0.515623,-0.49292,0.700732,0.013868,-0.001417,-0.001752,-0.003802,0.001063,0.03829,-1.408914,0.013233,0.041453,-0.017877,-0.541439,-0.475714,0.693209,0.696013,-0.716129,0.052186,0.471602,0.510738,0.718844,0.006936,-0.000708,-0.000884,0.009369,-0.027215,0.027642,-0.912239,0.070422,0.044221,-0.042359,-0.478791,0.336987,-0.810677,-0.67371,-0.7331,0.093158,-0.562915,0.590764,0.578033,-0.000569,-0.002456,-0.00199,0.000185,1.5e-05,-5.9e-05,-1.182309
27,0.111924,-0.017537,0.367886,0.490049,-0.335795,-0.804449,0.656449,0.749312,0.087046,0.572951,-0.570316,0.588637,-0.001337,-0.005747,-0.004665,-0.000942,0.012415,-0.025991,-1.895299,-0.232803,-0.012162,0.352995,0.545757,0.443251,0.711104,-0.663101,0.747232,0.043306,-0.512827,-0.495727,0.700804,-0.01375,0.002027,0.002263,-0.002046,0.015209,-0.029243,-1.409191,0.013232,0.041487,-0.017915,-0.538833,-0.478994,0.692981,0.700051,-0.712192,0.052057,0.4686,0.513172,0.719073,0.000101,0.000524,0.000434,0.000426,-0.000889,-0.000354,-0.912566,0.070402,0.044116,-0.042457,-0.481758,0.33592,-0.809361,-0.6731,-0.733251,0.09632,-0.561109,0.591184,0.579358,-0.000669,-0.002885,-0.002341,0.000253,0.011224,-0.024311,-1.180023
28,0.111881,-0.017619,0.367793,0.491022,-0.338014,-0.802925,0.656398,0.749498,0.085826,0.572177,-0.568757,0.590894,-0.001226,-0.005263,-0.004277,0.015777,0.065446,-0.001283,-1.895363,-0.232959,-0.01203,0.352927,0.545536,0.443411,0.711174,-0.663069,0.747285,0.042871,-0.513102,-0.495504,0.70076,-0.013919,0.012144,-0.007014,0.034049,0.001082,-0.012838,-1.408747,0.01316,0.04155,-0.017945,-0.538615,-0.479143,0.693048,0.700039,-0.712234,0.051641,0.468869,0.512976,0.719038,-0.006945,0.006137,-0.003451,0.03409,0.000987,-0.012875,-0.912729,0.070381,0.044078,-0.042502,-0.482726,0.338388,-0.807755,-0.673035,-0.733491,0.094938,-0.560355,0.589476,0.581823,-0.007589,-0.001683,-0.001453,0.013248,0.080973,-0.028821,-1.173492
29,0.111818,-0.017733,0.36766,0.491295,-0.337862,-0.802822,0.656211,0.749638,0.086029,0.572156,-0.568663,0.591004,-0.000797,-0.003418,-0.002781,4e-06,1.3e-05,6e-06,-1.895509,-0.233455,-0.01167,0.35277,0.548807,0.442831,0.709016,-0.662873,0.74724,0.046548,-0.509859,-0.496091,0.702709,-0.013781,0.012791,-0.006474,0.021242,-0.011198,0.000852,-1.40868,0.012906,0.04173,-0.018023,-0.541889,-0.478706,0.690793,0.699759,-0.71223,0.055361,0.465502,0.513389,0.720928,-0.013774,0.001848,0.00211,-0.045529,-0.009276,-0.014018,-0.913056,0.070348,0.044017,-0.042572,-0.482946,0.338055,-0.807763,-0.672872,-0.733597,0.095281,-0.560362,0.589536,0.581755,-0.000452,-0.001943,-0.00158,-0.001464,0.010832,-0.026695,-1.169083
30,0.111814,-0.017819,0.367537,0.489367,-0.340706,-0.802798,0.660532,0.745831,0.08605,0.568832,-0.571957,0.591034,-0.000488,-0.002093,-0.001705,0.0,0.0,0.0,-1.895588,-0.234071,-0.011326,0.352698,0.550391,0.442608,0.707926,-0.66267,0.747319,0.048131,-0.508413,-0.49617,0.703701,-0.013485,0.014228,-0.005276,0.047783,-0.10606,0.1876,-1.408887,0.012598,0.0419,-0.018062,-0.543274,-0.478628,0.689758,0.699611,-0.712262,0.05679,0.464107,0.513416,0.721808,-0.013762,0.001885,0.002139,-0.003156,0.031286,-0.059474,-0.913219,0.070346,0.043973,-0.042634,-0.480944,0.340851,-0.807782,-0.677117,-0.729683,0.095251,-0.556959,0.592774,0.581733,-0.000337,-0.00145,-0.001181,0.000215,-2.3e-05,-0.000174,-1.165654
31,0.111813,-0.017859,0.367479,0.489336,-0.340712,-0.802814,0.660515,0.745852,0.085998,0.568878,-0.571926,0.59102,-0.000732,-0.003139,-0.002559,-0.000941,0.012423,-0.025988,-1.895813,-0.234387,-0.011222,0.352731,0.549795,0.442939,0.708182,-0.662987,0.747072,0.047607,-0.508644,-0.496248,0.703479,-0.013555,0.002924,0.002997,-0.002045,0.015205,-0.029245,-1.40869,0.012441,0.041958,-0.018046,-0.542815,-0.478864,0.689957,0.699823,-0.71209,0.056352,0.464326,0.513436,0.721653,-0.00674,0.001656,0.001671,-0.013922,0.108807,-0.204495,-0.913219,0.070346,0.043955,-0.042661,-0.480896,0.340863,-0.807806,-0.677106,-0.729703,0.095183,-0.557014,0.592744,0.581711,-0.000237,-0.001022,-0.000832,0.000182,-1.9e-05,-0.000131,-1.165817
32,0.111849,-0.01791,0.367385,0.489371,-0.340675,-0.802808,0.660432,0.745928,0.085979,0.568945,-0.571849,0.591031,-0.00037,-0.001587,-0.001295,0.0,0.0,0.0,-1.895472,-0.234954,-0.011164,0.352843,0.548706,0.443504,0.708673,-0.663709,0.746475,0.046893,-0.508876,-0.496643,0.703032,-0.013864,0.001356,0.001678,-0.002045,0.015205,-0.029245,-1.408781,0.012163,0.04199,-0.017989,-0.54173,-0.479367,0.69046,0.700518,-0.711459,0.055675,0.464545,0.51384,0.721224,-0.006923,-0.004699,0.005216,-0.038121,0.029521,-0.045564,-0.913382,0.070364,0.043927,-0.04271,-0.480953,0.340814,-0.807792,-0.677011,-0.729792,0.095182,-0.557081,0.592662,0.58173,-0.000215,-0.000927,-0.000758,0.00012,-9e-06,-0.000101,-1.163041
33,0.111865,-0.017901,0.367313,0.48933,-0.340669,-0.802836,0.660355,0.746009,0.085866,0.569069,-0.571747,0.591009,0.000313,0.009452,-0.009932,0.035273,-0.015079,0.017321,-1.896131,-0.235237,-0.011238,0.352939,0.547971,0.443853,0.709023,-0.664303,0.745966,0.046591,-0.508893,-0.497096,0.7027,-0.013884,0.001264,0.001599,-0.002045,0.015205,-0.029245,-1.408617,0.012011,0.041952,-0.017941,-0.540945,-0.479701,0.690843,0.701115,-0.710894,0.055365,0.464558,0.514311,0.720881,-0.006946,0.000622,0.0008,-0.002051,0.015208,-0.029263,-0.90979,0.070371,0.043928,-0.042742,-0.480929,0.340801,-0.807812,-0.67694,-0.729868,0.095096,-0.557188,0.592575,0.581717,-9.9e-05,-0.000432,-0.000352,8.7e-05,-1.2e-05,-5.5e-05,-1.162714
34,0.111845,-0.017786,0.367274,0.489151,-0.340717,-0.802925,0.660283,0.746106,0.08558,0.569307,-0.571592,0.590931,0.000408,0.001751,0.001428,0.0,0.0,0.0,-1.895827,-0.235234,-0.011289,0.353003,0.547775,0.443929,0.709127,-0.664521,0.74577,0.046612,-0.508819,-0.497322,0.702593,0.013871,-0.001334,-0.001658,0.002045,-0.015205,0.029245,-1.408801,0.012007,0.041927,-0.017908,-0.540727,-0.479777,0.690961,0.701335,-0.710676,0.05538,0.46448,0.514541,0.720767,-2e-06,-2e-06,-1e-06,-1.5e-05,-6e-06,1e-06,-0.90979,0.070361,0.043986,-0.042768,-0.480736,0.340845,-0.807909,-0.676858,-0.729985,0.094786,-0.557454,0.592407,0.581633,0.000253,0.001081,0.000882,0.000992,-0.012446,0.025937,-1.162388
35,0.111835,-0.017688,0.367248,0.489107,-0.340705,-0.802956,0.660175,0.746218,0.085439,0.56947,-0.571454,0.590908,0.000358,0.001536,0.001252,0.0,0.0,0.0,-1.896094,-0.235151,-0.011313,0.353006,0.547911,0.443851,0.709071,-0.664459,0.745817,0.046748,-0.508753,-0.497322,0.702641,0.013868,-0.001349,-0.001671,0.002045,-0.015205,0.029245,-1.408535,0.012048,0.041915,-0.017906,-0.540865,-0.479705,0.690902,0.701273,-0.710726,0.055514,0.464412,0.514537,0.720812,-3e-06,-7e-06,-7e-06,6e-06,-3.1e-05,-1.3e-05,-0.909626,0.070356,0.044037,-0.042779,-0.480692,0.34083,-0.80794,-0.676751,-0.730101,0.094646,-0.557621,0.592271,0.581612,0.000477,0.006097,-0.003848,0.03532,-0.015108,0.017282,-1.162551
36,0.111824,-0.017412,0.367169,0.488941,-0.342933,-0.802109,0.664164,0.742445,0.087364,0.564961,-0.575018,0.591777,0.00096,0.012219,-0.007673,0.035267,-0.015109,0.017307,-1.896054,-0.234878,-0.011318,0.352978,0.548367,0.443614,0.708867,-0.66416,0.746064,0.047052,-0.508653,-0.497163,0.702826,0.013906,-0.00115,-0.001507,0.002045,-0.015205,0.029245,-1.408632,0.012185,0.041912,-0.01792,-0.541328,-0.47949,0.690689,0.70098,-0.710992,0.055808,0.464316,0.514371,0.720994,0.006961,-0.000535,-0.000725,0.002058,-0.015203,0.029219,-0.91028,0.07035,0.044172,-0.042815,-0.480502,0.343067,-0.807107,-0.680675,-0.726193,0.096558,-0.55299,0.595774,0.582454,0.000567,0.006482,-0.003534,0.037495,-0.028769,0.044923,-1.162714
37,0.11185,-0.017082,0.366961,0.49088,-0.342172,-0.801249,0.663492,0.742829,0.089194,0.564067,-0.574976,0.592669,0.000221,0.000949,0.000773,-8e-06,8e-06,-1.2e-05,-1.895842,-0.234586,-0.011346,0.352942,0.548691,0.44344,0.708724,-0.663955,0.746232,0.047284,-0.508572,-0.497064,0.702955,0.0,0.0,0.0,-0.0,0.0,0.0,-1.408627,0.012336,0.041898,-0.017939,-0.541678,-0.479323,0.690531,0.700766,-0.711185,0.056047,0.464231,0.51426,0.721127,0.006935,-0.000672,-0.000841,0.002041,-0.015203,0.029238,-0.908973,0.070364,0.044344,-0.04292,-0.482469,0.342354,-0.806236,-0.679996,-0.726583,0.098394,-0.552112,0.59571,0.583353,0.000377,0.005655,-0.004204,0.038006,-0.017931,0.021349,-1.161898
38,0.111864,-0.016894,0.366837,0.490868,-0.342087,-0.801293,0.663159,0.74316,0.088914,0.564468,-0.574601,0.592652,0.000188,0.000807,0.000657,-0.0,0.0,-0.0,-1.89617,-0.234459,-0.011336,0.352932,0.548985,0.44329,0.708591,-0.663758,0.746395,0.047473,-0.508512,-0.496954,0.703076,0.000206,0.001048,0.000877,0.0,0.0,0.0,-1.408721,0.012399,0.0419,-0.017946,-0.541975,-0.479186,0.690392,0.700574,-0.71136,0.056228,0.464174,0.514146,0.721245,0.007072,3.3e-05,-0.000254,0.002047,-0.015214,0.029239,-0.908973,0.070371,0.044438,-0.042982,-0.482425,0.342276,-0.806295,-0.679673,-0.726927,0.09808,-0.552548,0.595334,0.583324,0.000356,0.005566,-0.004278,0.035699,-0.015527,0.017791,-1.162061
39,0.111891,-0.016597,0.366577,0.490509,-0.342099,-0.801507,0.662726,0.743641,0.08811,0.565288,-0.57397,0.592482,-7.1e-05,-0.000307,-0.00025,0.0,0.0,0.0,-1.895924,-0.234287,-0.011318,0.352927,0.549272,0.443141,0.708461,-0.663565,0.746555,0.047657,-0.508454,-0.496846,0.703194,4.6e-05,0.000235,0.000196,0.0,0.0,0.0,-1.408425,0.012486,0.041913,-0.017946,-0.542267,-0.479052,0.690257,0.700385,-0.711532,0.056406,0.464118,0.514033,0.721361,2.3e-05,0.000119,9.5e-05,-2e-06,6e-06,4e-06,-0.910443,0.070385,0.044587,-0.043112,-0.482061,0.342278,-0.806512,-0.679248,-0.727432,0.097278,-0.553387,0.594716,0.583159,-4.6e-05,-0.000213,-0.000174,6e-05,-3e-06,-1.8e-05,-1.162225
40,0.111903,-0.016334,0.366328,0.4925,-0.341318,-0.800619,0.662041,0.744026,0.089996,0.564358,-0.573938,0.593398,-1e-06,-3e-06,-2e-06,-0.0,0.0,-0.0,-1.896491,-0.23425,-0.011302,0.352872,0.549122,0.443233,0.70852,-0.663598,0.746539,0.047452,-0.508572,-0.496788,0.703149,-0.00027,0.009537,-0.009756,0.036073,-0.01425,0.016343,-1.408316,0.012505,0.041918,-0.017968,-0.542101,-0.47914,0.690326,0.700441,-0.711492,0.056213,0.464228,0.514007,0.72131,-0.000144,-0.000737,-0.000619,-7e-06,1.7e-05,5e-06,-0.91077,0.07039,0.044712,-0.043234,-0.484091,0.341547,-0.805605,-0.67858,-0.727796,0.099202,-0.552435,0.594691,0.584086,3e-06,-6e-06,-7e-06,0.000378,-0.000386,0.000539,-1.162225
41,0.111944,-0.016203,0.366237,0.49677,-0.339848,-0.798604,0.661391,0.744015,0.094733,0.561368,-0.574824,0.595374,0.000852,0.011758,-0.00804,-1.292957,1.349618,-1.983248,-1.89623,-0.234279,-0.011292,0.352802,0.549057,0.443286,0.708538,-0.663567,0.746577,0.047286,-0.508684,-0.496684,0.703143,-0.000446,-0.002274,-0.001904,0.0,0.0,0.0,-1.408105,0.01249,0.041929,-0.018006,-0.542046,-0.479186,0.690337,0.700397,-0.711549,0.056035,0.464358,0.513884,0.721314,-0.000271,-0.001385,-0.00116,-0.001748,0.013543,-0.025374,-0.911096,0.07041,0.044774,-0.043283,-0.48617,0.340877,-0.804637,-0.678184,-0.72786,0.101416,-0.551093,0.594998,0.585041,0.000317,0.005395,-0.004414,0.036733,-0.01674,0.019546,-1.163694
42,0.112258,-0.015966,0.366129,0.499519,-0.343384,-0.79537,0.668921,0.736259,0.102174,0.549899,-0.582648,0.598465,0.001385,0.014074,-0.006157,0.029847,0.059031,-0.135711,-1.896014,-0.23439,-0.011194,0.352595,0.548941,0.443417,0.708545,-0.663376,0.746779,0.046764,-0.509058,-0.496262,0.70317,-0.000474,0.008493,-0.01063,0.03607,-0.014273,0.016331,-1.408601,0.012434,0.041971,-0.018108,-0.54191,-0.479315,0.690355,0.700249,-0.711735,0.055518,0.464739,0.513507,0.721337,-0.000241,-0.001238,-0.001037,-0.001743,0.013555,-0.025361,-0.911586,0.070567,0.044896,-0.04334,-0.49109,0.343847,-0.800374,-0.685305,-0.7197,0.111298,-0.53776,0.603159,0.589078,0.000709,0.007103,-0.003029,0.034158,0.054737,-0.129614,-1.159449
43,0.112524,-0.01562,0.36603,0.502636,-0.351801,-0.789707,0.676075,0.729238,0.105381,0.538193,-0.586429,0.605372,0.001318,0.013808,-0.006375,0.067817,0.087541,0.066009,-1.896505,-0.234476,-0.011064,0.352481,0.548974,0.443455,0.708496,-0.663152,0.746997,0.046448,-0.509314,-0.495899,0.70324,-1e-06,-4e-06,-3e-06,0.0,0.0,0.0,-1.408575,0.01239,0.042037,-0.018171,-0.541953,-0.479351,0.690296,0.700026,-0.711981,0.055183,0.465026,0.513132,0.721419,1.3e-05,5.4e-05,4.8e-05,4e-06,2e-06,1e-06,-0.911749,0.0707,0.045068,-0.043384,-0.494051,0.352581,-0.794732,-0.692293,-0.712512,0.114265,-0.525969,0.60664,0.596107,0.007428,0.001074,0.00095,0.030215,0.167519,-0.068384,-1.162388
44,0.112554,-0.015341,0.365835,0.505854,-0.358108,-0.784803,0.67531,0.730439,0.10191,0.536134,-0.581088,0.61231,0.000132,0.00868,-0.010535,0.053606,0.164278,-0.149408,-1.896798,-0.234481,-0.011036,0.352505,0.549025,0.443429,0.708472,-0.663121,0.747023,0.046484,-0.5093,-0.495883,0.703261,5.7e-05,0.000289,0.000242,0.0,0.0,0.0,-1.408701,0.012388,0.042053,-0.018158,-0.542005,-0.479328,0.690271,0.699995,-0.712009,0.055217,0.465012,0.513115,0.721439,3.7e-05,0.000185,0.000157,1e-06,-6e-06,4e-06,-0.911749,0.070718,0.045217,-0.043474,-0.497032,0.359374,-0.789816,-0.691638,-0.713742,0.110489,-0.524018,0.601183,0.60331,0.000186,0.004848,-0.004858,0.044986,0.032173,0.043485,-1.161898
45,0.112565,-0.015263,0.365727,0.506497,-0.360393,-0.78334,0.675241,0.730719,0.100351,0.535612,-0.57932,0.614438,-0.000233,-0.001008,-0.000819,0.027787,0.086947,0.041374,-1.896511,-0.234447,-0.01105,0.352532,0.54908,0.44339,0.708454,-0.663122,0.747016,0.046583,-0.509239,-0.495928,0.703274,0.000179,0.000908,0.00076,0.0,0.0,0.0,-1.408883,0.012405,0.042044,-0.018145,-0.542062,-0.479291,0.690252,0.699993,-0.712003,0.055317,0.464948,0.513157,0.72145,0.000116,0.000594,0.000497,-1e-06,1e-06,3e-06,-0.911586,0.070722,0.045255,-0.043535,-0.497705,0.361437,-0.788448,-0.691494,-0.714086,0.109155,-0.523568,0.599536,0.605336,8.9e-05,0.004428,-0.005196,0.058081,0.064314,0.056903,-1.162225
46,0.112577,-0.015137,0.365566,0.506126,-0.360486,-0.783537,0.675127,0.730905,0.09976,0.536107,-0.579028,0.614283,-5.5e-05,-0.000238,-0.000193,7e-06,2.2e-05,1e-05,-1.896825,-0.234348,-0.011096,0.352596,0.549103,0.443351,0.70846,-0.663203,0.746933,0.04676,-0.509109,-0.496088,0.703255,2e-05,0.000103,8.7e-05,0.0,0.0,0.0,-1.408875,0.012455,0.042024,-0.018111,-0.542087,-0.479253,0.690258,0.700065,-0.711918,0.055496,0.464811,0.51331,0.72143,0.006965,-0.005957,0.003606,-0.034017,-0.000925,0.012909,-0.911586,0.070728,0.045315,-0.043619,-0.497253,0.361303,-0.788796,-0.691419,-0.714226,0.10872,-0.524098,0.59945,0.604963,0.000223,0.005006,-0.004725,0.034779,-0.017547,0.015987,-1.158632
47,0.112614,-0.014985,0.365399,0.504717,-0.358415,-0.785394,0.675054,0.730914,0.100188,0.537526,-0.580301,0.611836,0.000338,0.009569,-0.009809,0.023117,-0.053352,-0.000946,-1.896461,-0.234282,-0.011136,0.352559,0.548911,0.443449,0.708548,-0.663322,0.746836,0.046625,-0.509161,-0.496148,0.703175,-0.000151,-0.000771,-0.000646,0.0,0.0,0.0,-1.408607,0.012488,0.042004,-0.018129,-0.541892,-0.479341,0.69035,0.700182,-0.711813,0.055365,0.464861,0.513373,0.721353,-9.7e-05,-0.000498,-0.000418,-3e-06,2.2e-05,-1e-06,-0.911913,0.070746,0.045388,-0.043698,-0.495827,0.358895,-0.79079,-0.69136,-0.714186,0.109355,-0.525524,0.600942,0.602239,-0.000106,-0.00047,-0.000382,-0.001482,-0.017005,-0.010734,-1.156183
48,0.112752,-0.014919,0.365296,0.50373,-0.356178,-0.787044,0.674913,0.730916,0.101118,0.538628,-0.581676,0.609556,0.01383,-0.002237,-0.00165,-0.036935,-0.134136,-0.027499,-1.896472,-0.234266,-0.011141,0.352515,0.548922,0.443452,0.708538,-0.663279,0.746877,0.046572,-0.509206,-0.496082,0.703189,-0.000254,-0.001293,-0.001084,0.0,0.0,0.0,-1.408875,0.012496,0.042002,-0.018152,-0.541902,-0.479345,0.690339,0.700143,-0.711856,0.055312,0.464909,0.51331,0.721367,-0.000136,-0.000694,-0.000584,4e-06,-2e-06,-8e-06,-0.911913,0.07081,0.045421,-0.043749,-0.494975,0.356936,-0.792209,-0.691238,-0.714188,0.110105,-0.526486,0.602105,0.600234,0.006907,-0.001162,-0.000864,-0.058658,-0.198777,-0.057612,-1.15504
49,0.113064,-0.014769,0.365092,0.50257,-0.353959,-0.788784,0.674658,0.731067,0.101729,0.540028,-0.582843,0.607199,0.000502,0.010304,-0.00921,0.035062,-0.015794,0.01698,-1.896287,-0.234268,-0.01117,0.352437,0.548959,0.443445,0.708514,-0.663207,0.746944,0.046519,-0.509259,-0.495988,0.703218,-0.000159,-0.000808,-0.000677,0.01199,-0.093617,0.175051,-1.408628,0.012495,0.041985,-0.018192,-0.541815,-0.479398,0.690372,0.700151,-0.711858,0.055172,0.464998,0.513258,0.721347,-9e-05,-0.000463,-0.000389,-4e-06,-2e-06,1e-06,-0.911913,0.070971,0.045498,-0.043856,-0.493835,0.354488,-0.794018,-0.690909,-0.714406,0.110761,-0.527988,0.603291,0.597718,0.000257,0.005161,-0.004602,0.039635,-0.005271,0.021206,-1.156509
50,0.113326,-0.014606,0.36491,0.50613,-0.352894,-0.786984,0.674164,0.730954,0.105735,0.537313,-0.58363,0.608849,0.000515,0.010372,-0.009153,0.031977,-0.011858,0.012451,-1.89702,-0.234264,-0.011118,0.352427,0.549066,0.443402,0.708457,-0.663092,0.747047,0.046515,-0.509293,-0.495872,0.703275,0.000319,0.001623,0.00136,0.001737,-0.013568,0.025363,-1.408526,0.012496,0.042008,-0.0182,-0.542048,-0.479302,0.690255,0.699966,-0.712034,0.055248,0.465005,0.513103,0.721452,0.000167,0.000845,0.000708,0.001729,-0.01357,0.02537,-0.912076,0.071102,0.045577,-0.043943,-0.497511,0.353596,-0.792118,-0.690414,-0.714247,0.114798,-0.525176,0.604003,0.599473,1e-05,3.1e-05,2e-05,-0.008046,0.00838,-0.011629,-1.157979
51,0.113447,-0.014385,0.364735,0.505697,-0.352984,-0.787221,0.673972,0.731237,0.105,0.53796,-0.583222,0.608669,0.000164,0.000719,0.000583,-0.0,-0.0,-0.0,-1.89694,-0.234258,-0.011092,0.352461,0.549019,0.443424,0.70848,-0.663134,0.74701,0.046502,-0.50929,-0.495907,0.703252,7.9e-05,0.000403,0.000338,0.0,0.0,0.0,-1.408827,0.0125,0.042025,-0.018179,-0.541999,-0.479322,0.690279,0.700007,-0.711996,0.055236,0.465001,0.513139,0.72143,3.7e-05,0.000191,0.00016,3e-06,0.0,-0.0,-0.912076,0.071162,0.04569,-0.044034,-0.497008,0.353693,-0.792391,-0.690229,-0.714556,0.113979,-0.525894,0.603581,0.59927,9e-05,0.00038,0.000305,4e-05,-6.7e-05,0.000135,-1.162061
52,0.113441,-0.014307,0.364679,0.50544,-0.353067,-0.787349,0.673967,0.731291,0.104658,0.538208,-0.583103,0.608563,1.9e-05,8.3e-05,6.7e-05,-0.0,-0.0,-0.0,-1.89678,-0.234245,-0.011088,0.352478,0.549062,0.443398,0.708463,-0.663119,0.74702,0.046552,-0.509263,-0.495915,0.703266,6.7e-05,0.000342,0.000286,0.0,0.0,0.0,-1.408387,0.012507,0.042027,-0.018171,-0.542043,-0.479298,0.690262,0.699992,-0.712007,0.055286,0.464973,0.513145,0.721443,3e-05,0.000154,0.000129,-1e-06,-3e-06,6e-06,-0.912076,0.07116,0.045731,-0.044061,-0.496748,0.353769,-0.79252,-0.690226,-0.714615,0.113637,-0.526145,0.603466,0.599164,9e-06,2.3e-05,1.6e-05,-1e-05,-1e-05,4.9e-05,-1.162061
53,0.113329,-0.0143,0.364618,0.505199,-0.353161,-0.787461,0.674015,0.731286,0.104383,0.538374,-0.583053,0.608465,-0.014127,0.000886,0.000558,-0.000984,0.014715,-0.029553,-1.896982,-0.234196,-0.011105,0.352448,0.549124,0.443368,0.708434,-0.663068,0.747064,0.046576,-0.509263,-0.495875,0.703294,-0.000152,-0.000776,-0.00065,0.0,0.0,0.0,-1.408356,0.012531,0.04202,-0.018185,-0.542106,-0.479271,0.690231,0.699942,-0.712054,0.055308,0.464975,0.513105,0.721471,-0.000101,-0.000518,-0.000432,0.0,-9e-06,1e-06,-0.912239,0.071109,0.045734,-0.044092,-0.496484,0.353866,-0.792642,-0.690285,-0.714604,0.113343,-0.526317,0.603422,0.599058,-0.00016,-0.000704,-0.000571,-1.7e-05,-6e-06,1.5e-05,-1.159939
54,0.1131,-0.014414,0.364642,0.505575,-0.353024,-0.787282,0.67396,0.731274,0.104825,0.538091,-0.583151,0.608621,-0.014252,0.000366,0.000133,-0.000984,0.014715,-0.029553,-1.89653,-0.234192,-0.011083,0.352293,0.549128,0.443407,0.708407,-0.662909,0.747221,0.04632,-0.509466,-0.495604,0.703338,-0.00064,-0.003265,-0.002738,-0.001736,0.013576,-0.025359,-1.408251,0.012534,0.042031,-0.018255,-0.542111,-0.479304,0.690204,0.699806,-0.712206,0.055069,0.465173,0.512863,0.721515,-0.000284,-0.001457,-0.001223,-4e-06,-0.0,2e-06,-0.912402,0.070995,0.045677,-0.04408,-0.496862,0.35374,-0.792461,-0.69023,-0.714587,0.113786,-0.526032,0.603517,0.599213,-0.000254,-0.001104,-0.000893,-0.000898,0.012712,-0.025846,-1.158306
55,0.113009,-0.01446,0.364656,0.503521,-0.353652,-0.788316,0.674225,0.731362,0.10248,0.539683,-0.58266,0.607682,-0.000903,-0.012044,0.007792,-0.035241,0.015239,-0.017246,-1.896813,-0.234204,-0.011039,0.352156,0.549021,0.443502,0.70843,-0.662819,0.747322,0.045985,-0.509698,-0.495367,0.703337,-0.000704,0.007326,-0.011609,0.036069,-0.01428,0.016327,-1.408415,0.012527,0.042054,-0.01833,-0.541996,-0.4794,0.690228,0.699721,-0.712317,0.054709,0.465434,0.51262,0.721519,-0.000371,0.003549,-0.005901,0.036066,-0.014283,0.016335,-0.912566,0.070944,0.045658,-0.044076,-0.494778,0.354307,-0.793511,-0.690479,-0.714721,0.111407,-0.527667,0.603025,0.59827,-0.000225,-0.000978,-0.00079,-0.002448,0.014359,-0.028209,-1.158632
56,0.112829,-0.014481,0.364611,0.497417,-0.355445,-0.791378,0.674728,0.731866,0.095315,0.544692,-0.580932,0.60486,-0.000547,-0.002372,-0.001929,9.7e-05,0.011705,-0.024407,-1.896823,-0.234241,-0.01086,0.351788,0.548834,0.44129,0.709955,-0.661942,0.748041,0.046916,-0.511039,-0.496254,0.701737,-0.000748,0.0071,-0.011799,0.018991,0.042379,0.015171,-1.408385,0.012509,0.042136,-0.018506,-0.54189,-0.477013,0.691962,0.698918,-0.71302,0.055807,0.466763,0.513866,0.719772,-0.000331,0.003745,-0.005736,0.026549,0.023016,0.040912,-0.912566,0.070854,0.045646,-0.044094,-0.488583,0.35594,-0.796613,-0.691007,-0.715296,0.104206,-0.532723,0.601379,0.595439,-0.000166,-0.000724,-0.000586,0.006995,-0.007002,0.010105,-1.156836
