frame,MLTx,MLTy,MLTz,MLTR1,MLTR2,MLTR3,MLTR4,MLTR5,MLTR6,MLTR7,MLTR8,MLTR9,MLTTVx,MLTTVy,MLTTVz,MLTRVx,MLTRVy,MLTRVz,MLGA,MRTx,MRTy,MRTz,MRTR1,MRTR2,MRTR3,MRTR4,MRTR5,MRTR6,MRTR7,MRTR8,MRTR9,MRTTVx,MRTTVy,MRTTVz,MRTRVx,MRTRVy,MRTRVz,MRGA,SLTx,SLTy,SLTz,SLTR1,SLTR2,SLTR3,SLTR4,SLTR5,SLTR6,SLTR7,SLTR8,SLTR9,SLTTVx,SLTTVy,SLTTVz,SLTRVx,SLTRVy,SLTRVz,SLGA,SRTx,SRTy,SRTz,SRTR1,SRTR2,SRTR3,SRTR4,SRTR5,SRTR6,SRTR7,SRTR8,SRTR9,SRTTVx,SRTTVy,SRTTVz,SRTRVx,SRTRVy,SRTRVz,SRGA
1,0.216817,-0.023461,0.380306,-0.599494,0.396077,-0.69554,-0.702503,-0.676798,0.220014,-0.382858,0.62002,0.684851,0.000597,-0.007601,-0.005715,-0.00588,0.089851,-0.209154,0.52003,-0.244808,-0.024487,0.34592,-0.94093,0.034023,0.336875,0.178091,-0.796194,0.578181,0.289068,0.603974,0.742643,0.000162,0.000692,0.000647,0.008062,-0.006974,-0.004216,0.536173,0.00649,0.031696,0.001556,0.958686,0.184679,0.216363,-0.274685,0.798708,0.535362,-0.073941,-0.572676,0.816439,-0.000209,-0.000895,-0.000839,6.9e-05,0.000214,-0.000178,0.519303,0.107192,0.028517,-0.027782,0.755356,-0.35306,-0.552073,0.569501,0.77045,0.286486,0.324198,-0.530806,0.783032,0.000315,-0.003993,-0.002994,-0.006623,0.090095,-0.208447,0.486587
2,0.216552,-0.02382,0.380064,-0.601602,0.397123,-0.693119,-0.700818,-0.678771,0.219307,-0.382635,0.617189,0.687528,0.000579,-0.007459,-0.005626,0.00104,0.002849,0.001208,0.52039,-0.244742,-0.024305,0.346018,-0.942686,0.039694,0.331299,0.168389,-0.800328,0.575373,0.289168,0.598128,0.74732,0.015691,0.004107,0.003506,0.120427,-0.501669,0.868128,0.536057,0.00649,0.031696,0.001556,0.958686,0.184679,0.216363,-0.274685,0.798708,0.535362,-0.073941,-0.572676,0.816439,-0.000209,-0.000895,-0.000839,6.9e-05,0.000214,-0.000178,0.519303,0.107059,0.028334,-0.027906,0.757096,-0.353851,-0.549176,0.567797,0.77217,0.285234,0.323127,-0.52777,0.785523,-0.006613,-0.005006,-0.003403,-0.014594,0.016717,-0.059323,0.510101
3,0.216458,-0.023961,0.379951,-0.6013,0.397281,-0.693291,-0.70102,-0.678651,0.219035,-0.382742,0.61722,0.687442,-0.013422,-0.007686,-0.005071,-0.001715,0.026128,-0.056007,0.519408,-0.244613,-0.024161,0.346123,-0.944304,0.044214,0.326077,0.160437,-0.803045,0.573858,0.288411,0.59415,0.750778,0.016023,0.005572,0.004865,0.133423,-0.803117,1.588264,0.528452,0.00649,0.031696,0.001556,0.958686,0.184679,0.216363,-0.274685,0.798708,0.535362,-0.073941,-0.572676,0.816439,-0.000209,-0.000895,-0.000839,6.9e-05,0.000214,-0.000178,0.519303,0.107013,0.028259,-0.027966,0.756835,-0.353977,-0.549454,0.56807,0.772011,0.285121,0.323259,-0.527919,0.785369,-0.006714,-0.003773,-0.002477,-0.003758,0.024321,-0.056439,0.512224
4,0.216236,-0.024083,0.379883,-0.600684,0.3976,-0.693642,-0.701459,-0.678357,0.218538,-0.382905,0.617336,0.687246,-0.01391,-0.001433,-0.00035,-0.000984,0.014715,-0.029553,0.517257,-0.244475,-0.024298,0.346103,-0.952027,-0.002418,0.305991,0.184496,-0.802001,0.568058,0.245226,0.597259,0.763551,-0.002049,-0.008804,-0.008224,0.248103,-0.884131,1.410043,0.47807,0.00649,0.031696,0.001556,0.958686,0.184679,0.216363,-0.274685,0.798708,0.535362,-0.073941,-0.572676,0.816439,-0.000209,-0.000895,-0.000839,6.9e-05,0.000214,-0.000178,0.519303,0.106908,0.028192,-0.028005,0.75631,-0.354393,-0.549908,0.568646,0.771731,0.284733,0.323473,-0.528049,0.785192,2e-06,8e-06,9e-06,-0.000105,2.7e-05,0.000147,0.511407
5,0.216104,-0.024016,0.379954,-0.599533,0.400608,-0.692905,-0.702709,-0.677869,0.216024,-0.382419,0.615923,0.688783,-0.000256,0.003354,0.002533,0.001375,-0.009614,0.027207,0.516926,-0.244502,-0.024853,0.345511,-0.966356,-0.051631,0.251956,0.188168,-0.809352,0.556305,0.176413,0.58506,0.791484,-0.003336,-0.00386,-0.022479,0.868351,-1.246757,0.969157,0.410191,0.00649,0.031696,0.001556,0.958686,0.184679,0.216363,-0.274685,0.798708,0.535362,-0.073941,-0.572676,0.816439,-0.000209,-0.000895,-0.000839,6.9e-05,0.000214,-0.000178,0.519303,0.106837,0.028224,-0.02797,0.755548,-0.357491,-0.548949,0.57025,0.771353,0.282538,0.322429,-0.52651,0.786654,-0.000117,0.001556,0.00118,-0.008212,-0.011516,-0.000577,0.510754
6,0.216079,-0.023961,0.379984,-0.598726,0.400996,-0.693379,-0.703247,-0.677527,0.215341,-0.382694,0.616046,0.68852,-0.000164,0.002149,0.001622,1.1e-05,3e-05,1.3e-05,0.517167,-0.24458,-0.024974,0.34527,-0.968761,-0.070758,0.23767,0.193336,-0.815252,0.545821,0.156358,0.574806,0.803128,-0.016494,0.003028,-0.015692,0.659563,-0.210422,0.533643,0.402873,0.00649,0.031696,0.001556,0.958686,0.184679,0.216363,-0.274685,0.798708,0.535362,-0.073941,-0.572676,0.816439,-0.000209,-0.000895,-0.000839,6.9e-05,0.000214,-0.000178,0.519303,0.106824,0.028258,-0.02795,0.754748,-0.358021,-0.549705,0.571069,0.770959,0.281958,0.322853,-0.526727,0.786335,-0.000105,0.001373,0.001038,-0.001235,-0.002107,-0.000369,0.510427
7,0.216079,-0.023961,0.379984,-0.598726,0.400996,-0.693379,-0.703247,-0.677527,0.215341,-0.382694,0.616046,0.68852,-0.000164,0.002149,0.001622,1.1e-05,3e-05,1.3e-05,0.517167,-0.24458,-0.024974,0.34527,-0.968761,-0.070758,0.23767,0.193336,-0.815252,0.545821,0.156358,0.574806,0.803128,-0.016494,0.003028,-0.015692,0.659563,-0.210422,0.533643,0.402873,0.00649,0.031696,0.001556,0.958686,0.184679,0.216363,-0.274685,0.798708,0.535362,-0.073941,-0.572676,0.816439,-0.000209,-0.000895,-0.000839,6.9e-05,0.000214,-0.000178,0.519303,0.106824,0.028258,-0.02795,0.754748,-0.358021,-0.549705,0.571069,0.770959,0.281958,0.322853,-0.526727,0.786335,-0.000105,0.001373,0.001038,-0.001235,-0.002107,-0.000369,0.510427
8,0.216079,-0.023961,0.379984,-0.598726,0.400996,-0.693379,-0.703247,-0.677527,0.215341,-0.382694,0.616046,0.68852,-0.000164,0.002149,0.001622,1.1e-05,3e-05,1.3e-05,0.517167,-0.24458,-0.024974,0.34527,-0.968761,-0.070758,0.23767,0.193336,-0.815252,0.545821,0.156358,0.574806,0.803128,-0.016494,0.003028,-0.015692,0.659563,-0.210422,0.533643,0.402873,0.00649,0.031696,0.001556,0.958686,0.184679,0.216363,-0.274685,0.798708,0.535362,-0.073941,-0.572676,0.816439,-0.000209,-0.000895,-0.000839,6.9e-05,0.000214,-0.000178,0.519303,0.106824,0.028258,-0.02795,0.754748,-0.358021,-0.549705,0.571069,0.770959,0.281958,0.322853,-0.526727,0.786335,-0.000105,0.001373,0.001038,-0.001235,-0.002107,-0.000369,0.510427
9,0.216134,-0.023858,0.380058,-0.595149,0.402684,-0.695477,-0.705656,-0.675947,0.212407,-0.38384,0.616678,0.687315,2.5e-05,-0.000325,-0.000245,0.0,0.0,0.0,0.516251,-0.244979,-0.025843,0.343783,-0.972628,-0.004685,0.2323,0.124919,-0.853213,0.506317,0.197053,0.521482,0.830114,-0.004925,-3.7e-05,-0.038026,0.052243,0.180109,-0.369301,0.397639,0.006506,0.031631,0.000713,0.957925,0.172629,0.229299,-0.27143,0.804551,0.528225,-0.093296,-0.568239,0.817557,-0.002358,0.00597,-0.0235,0.1055,0.239883,-0.272853,0.500851,0.106851,0.028313,-0.027911,0.751819,-0.36023,-0.552268,0.57412,0.769547,0.279611,0.324273,-0.527285,0.785376,1.5e-05,-0.000198,-0.000152,4.9e-05,-1.9e-05,-7.5e-05,0.510264
10,0.216124,-0.023859,0.380058,-0.594692,0.402901,-0.695743,-0.705963,-0.675745,0.212031,-0.383984,0.616758,0.687163,0.0,-4e-06,-3e-06,0.0,0.0,0.0,0.516102,-0.245018,-0.025454,0.342097,-0.970528,-0.006948,0.24087,0.131631,-0.852231,0.50627,0.202979,0.523063,0.827688,-0.00402,0.024751,-0.052478,-0.128269,0.098965,0.134401,0.379691,0.006494,0.031787,0.000224,0.957687,0.169798,0.232383,-0.271043,0.803643,0.529803,-0.096794,-0.570372,0.815662,-0.002271,0.011382,-0.027561,-0.275765,0.332135,0.009012,0.480603,0.106846,0.028312,-0.027911,0.751445,-0.360516,-0.552592,0.574509,0.769366,0.279309,0.324451,-0.527354,0.785256,-0.006965,-0.000526,-3.2e-05,-0.000924,0.014714,-0.029614,0.510427
11,0.216123,-0.023852,0.380063,-0.593719,0.403358,-0.696308,-0.706614,-0.675314,0.211233,-0.384292,0.616929,0.686837,-7e-06,8.9e-05,6.7e-05,0.0,0.0,0.0,0.515917,-0.245166,-0.024164,0.339904,-0.971124,-0.000531,0.238556,0.126651,-0.848249,0.514165,0.203303,0.529531,0.823485,-0.017684,0.040132,-0.056491,-0.201663,0.250029,-0.041892,0.381882,0.006423,0.03242,-0.000886,0.95989,0.160669,0.229771,-0.262841,0.800922,0.537993,-0.09759,-0.576808,0.811028,-0.001537,0.019539,-0.029007,-0.305609,0.226949,0.247581,0.461171,0.106845,0.028315,-0.027909,0.750648,-0.36112,-0.553279,0.575336,0.768981,0.278666,0.32483,-0.527502,0.785,-4e-06,4.8e-05,3.6e-05,5.1e-05,-1.7e-05,-4.6e-05,0.509937
12,0.216133,-0.023844,0.380068,-0.592964,0.403712,-0.696746,-0.707117,-0.674981,0.210614,-0.384532,0.617063,0.686583,-0.0,5e-06,4e-06,0.0,0.0,0.0,0.514443,-0.245306,-0.022396,0.337615,-0.975631,0.010377,0.219152,0.1103,-0.839913,0.531333,0.19081,0.542542,0.817988,-0.016527,0.055354,-0.060845,-1.032201,-1.906865,1.854678,0.402415,0.006351,0.033294,-0.002035,0.965547,0.149966,0.212669,-0.245457,0.796266,0.552911,-0.086424,-0.586062,0.805643,-0.001073,0.021433,-0.027086,-0.513182,0.3581,0.350505,0.461171,0.10685,0.028319,-0.027906,0.75003,-0.361587,-0.553813,0.575975,0.768683,0.278168,0.325125,-0.527617,0.7848,1e-06,-8e-06,-5e-06,4.5e-05,-1e-06,-3.5e-05,0.508794
13,0.216133,-0.023844,0.380068,-0.592725,0.403824,-0.696884,-0.707276,-0.674875,0.210418,-0.384607,0.617105,0.686502,-0.0,0.0,0.0,0.0,0.0,0.0,0.51237,-0.245374,-0.021434,0.336497,-0.977861,0.0171,0.208534,0.100629,-0.835009,0.540895,0.184608,0.54988,0.814502,-0.001712,0.044929,-0.052076,-0.254058,0.070105,0.390441,0.41311,0.006311,0.033762,-0.002579,0.969446,0.142784,0.199466,-0.232756,0.792153,0.564195,-0.077449,-0.593384,0.801184,-0.000807,0.022533,-0.025991,-0.522553,0.262643,0.343261,0.46705,0.10685,0.028319,-0.027906,0.749834,-0.361735,-0.553981,0.576178,0.768588,0.278011,0.325218,-0.527654,0.784737,4e-06,-9e-06,-7e-06,5.6e-05,2.4e-05,-3.4e-05,0.507325
14,0.216123,-0.023845,0.380068,-0.592267,0.40404,-0.697149,-0.707582,-0.674671,0.210041,-0.384751,0.617185,0.686349,-0.0,0.0,0.0,0.0,0.0,0.0,0.510773,-0.24553,-0.019684,0.334538,-0.981564,0.036767,0.187542,0.077369,-0.820455,0.566394,0.17593,0.570412,0.802211,-0.001597,0.034957,-0.042586,-0.604274,0.180926,0.520061,0.444579,0.006234,0.034661,-0.003578,0.97624,0.123779,0.177857,-0.206336,0.781694,0.58854,-0.066181,-0.611255,0.788661,-0.000704,0.022957,-0.02554,-0.889163,0.151483,0.723652,0.488931,0.106845,0.028319,-0.027906,0.749458,-0.36202,-0.554304,0.576567,0.768406,0.277707,0.325395,-0.527723,0.784617,6e-06,-5e-06,-6e-06,4.4e-05,2.8e-05,-4e-05,0.505039
15,0.216123,-0.023845,0.380068,-0.591668,0.404321,-0.697495,-0.70798,-0.674406,0.20955,-0.38494,0.617291,0.686149,-0.0,0.0,0.0,0.0,0.0,0.0,0.51003,-0.24557,-0.018145,0.332878,-0.98129,0.058078,0.183545,0.062372,-0.805667,0.589019,0.183321,0.589369,0.786703,-0.001109,0.026573,-0.031565,-0.505223,0.181763,0.412882,0.480287,0.006214,0.035434,-0.004413,0.979586,0.101448,0.173546,-0.187929,0.768639,0.611453,-0.071364,-0.631586,0.772014,-0.00039,0.019058,-0.019731,-0.603535,0.241465,0.483685,0.520773,0.106845,0.028319,-0.027906,0.748967,-0.362391,-0.554725,0.577074,0.768168,0.277312,0.325627,-0.527815,0.78446,6e-06,-5e-06,-4e-06,5.6e-05,2.7e-05,-3e-05,0.503406
16,0.216133,-0.023844,0.380068,-0.591289,0.404497,-0.697714,-0.708232,-0.674239,0.209239,-0.38506,0.617358,0.686021,-0.0,0.0,0.0,0.0,0.0,0.0,0.50824,-0.245553,-0.016894,0.331569,-0.980166,0.079616,0.181458,0.049583,-0.787661,0.614056,0.193051,0.610768,0.767826,-0.000314,0.029894,-0.028283,-0.617844,0.215354,0.474249,0.513634,0.006221,0.036067,-0.005082,0.982118,0.079364,0.170713,-0.171339,0.752539,0.635867,-0.078003,-0.653747,0.752681,-9.8e-05,0.015095,-0.013997,-0.638124,0.229588,0.485504,0.520936,0.10685,0.028319,-0.027906,0.748656,-0.362625,-0.554992,0.577394,0.768018,0.277062,0.325774,-0.527873,0.784359,6e-06,-5e-06,-2e-06,6.3e-05,3.8e-05,-3e-05,0.5021
17,0.216133,-0.023844,0.380068,-0.59105,0.404609,-0.697852,-0.708391,-0.674133,0.209043,-0.385135,0.617401,0.68594,-0.0,0.0,0.0,0.0,0.0,0.0,0.507473,-0.245561,-0.016331,0.331099,-0.979777,0.090825,0.17827,0.042204,-0.776753,0.628337,0.196774,0.623033,0.75695,0.000198,0.021628,-0.017179,-0.938888,0.365559,0.555384,0.530751,0.006217,0.036347,-0.005318,0.983551,0.068769,0.167027,-0.16217,0.743423,0.648861,-0.07955,-0.665275,0.742347,0.000172,0.011041,-0.008367,-0.824013,0.348884,0.553492,0.521099,0.10685,0.028319,-0.027906,0.748459,-0.362773,-0.55516,0.577597,0.767923,0.276903,0.325867,-0.52791,0.784296,6e-06,-6e-06,-3e-06,6e-05,3.9e-05,-3.2e-05,0.500793
18,0.216133,-0.023844,0.380068,-0.59081,0.404721,-0.69799,-0.70855,-0.674027,0.208846,-0.385211,0.617443,0.68586,-0.0,0.0,0.0,0.0,0.0,0.0,0.50696,-0.245544,-0.015405,0.330424,-0.977069,0.116774,0.178018,0.028553,-0.756348,0.653496,0.212185,0.643439,0.73541,0.000312,0.022097,-0.016704,-0.824803,0.397882,0.337968,0.535199,0.006227,0.036807,-0.005644,0.985186,0.04242,0.166152,-0.144775,0.725028,0.67333,-0.091902,-0.687411,0.72043,0.000127,0.005669,-0.004037,-0.90356,0.372303,0.545416,0.521589,0.10685,0.028319,-0.027906,0.748262,-0.362922,-0.555328,0.577799,0.767827,0.276745,0.32596,-0.527947,0.784233,6e-06,-5e-06,-2e-06,6.5e-05,4.3e-05,-3e-05,0.499487
19,0.216133,-0.023844,0.380068,-0.590451,0.404889,-0.698196,-0.708788,-0.673867,0.208551,-0.385324,0.617506,0.685739,-0.0,0.0,0.0,0.0,0.0,0.0,0.505466,-0.245509,-0.015451,0.330218,-0.958239,0.215216,0.188289,-0.031795,-0.734264,0.67807,0.28539,0.643486,0.71017,0.011742,-0.033258,0.005479,-0.050877,4.370958,4.206907,0.322963,0.006248,0.036809,-0.005736,0.983115,-0.05665,0.173993,-0.082228,0.712678,0.696655,-0.163467,-0.699199,0.695986,0.005561,-0.017136,0.002415,0.026636,4.337647,4.206039,0.51914,0.10685,0.028319,-0.027906,0.747967,-0.363144,-0.55558,0.578103,0.767685,0.276508,0.326099,-0.528002,0.784138,6e-06,-5e-06,-1e-06,6.4e-05,4e-05,-3e-05,0.497691
20,0.216133,-0.023844,0.380068,-0.590331,0.404945,-0.698265,-0.708867,-0.673814,0.208453,-0.385361,0.617527,0.685699,-0.0,0.0,0.0,0.0,0.0,0.0,0.505416,-0.245501,-0.016302,0.330158,-0.947653,0.243327,0.206729,-0.037272,-0.727078,0.685495,0.318297,0.641591,0.697791,0.008502,-0.057334,0.000949,-0.62482,1.060571,-0.367876,-0.109623,0.006253,0.03642,-0.005752,0.977562,-0.088948,0.190947,-0.073405,0.705812,0.704586,-0.197444,-0.702793,0.683445,-0.003023,-0.023122,-0.003569,-0.523583,2.719802,-1.462874,0.347848,0.10685,0.028319,-0.027906,0.747869,-0.363218,-0.555665,0.578204,0.767637,0.276428,0.326145,-0.52802,0.784106,6e-06,-5e-06,-0.0,6.5e-05,4.1e-05,-3e-05,0.497201
21,0.216133,-0.023844,0.380068,-0.590091,0.405057,-0.698403,-0.709026,-0.673708,0.208256,-0.385437,0.61757,0.685619,-0.0,0.0,0.0,0.0,0.0,0.0,0.504963,-0.2457,-0.018679,0.330074,-0.904616,0.326443,0.274034,-0.054928,-0.726668,0.68474,0.423794,0.603956,0.674906,-0.007063,-0.071071,0.006641,0.30579,1.999388,0.255489,-1.228578,0.006155,0.035218,-0.005814,0.949716,-0.179445,0.256587,-0.05667,0.707434,0.704502,-0.307939,-0.683619,0.661693,-0.010851,-0.030051,-0.000573,1.671599,6.061926,1.502956,0.044291,0.10685,0.028319,-0.027906,0.747672,-0.363366,-0.555833,0.578406,0.767541,0.27627,0.326238,-0.528057,0.784043,6e-06,-5e-06,-1e-06,6.3e-05,3.8e-05,-3e-05,0.496221
22,0.216144,-0.023843,0.380069,-0.589831,0.405177,-0.698553,-0.709198,-0.673593,0.208044,-0.385519,0.617616,0.685531,-0.0,0.0,0.0,0.0,0.0,0.0,0.506354,-0.246258,-0.020399,0.330179,-0.841005,0.419626,0.34149,-0.103673,-0.744335,0.65966,0.532044,0.518839,0.669028,-0.017991,-0.033663,0.005335,1.312439,3.135215,-1.872482,-1.399465,0.005868,0.034304,-0.005785,0.902633,-0.285466,0.322121,-0.010556,0.733497,0.67961,-0.43028,-0.616839,0.659065,-0.00888,-0.016459,0.003006,1.490355,3.068456,-1.879307,-0.273636,0.106855,0.028319,-0.027906,0.747459,-0.363526,-0.556015,0.578625,0.767438,0.276098,0.326339,-0.528097,0.783974,6e-06,-5e-06,0.0,6.9e-05,3.5e-05,-2.5e-05,0.496711
23,0.216144,-0.023843,0.380056,-0.589716,0.405232,-0.698618,-0.709265,-0.673558,0.20793,-0.385573,0.617618,0.685498,2e-06,-2.4e-05,-1.8e-05,0.0,0.0,0.0,0.5072,-0.246473,-0.020899,0.330337,-0.831453,0.424628,0.358286,-0.108389,-0.756301,0.645132,0.54595,0.497022,0.674367,-0.016028,-0.015077,0.004533,0.55573,0.30765,-1.319386,-1.400278,0.005765,0.034054,-0.005715,0.894159,-0.292918,0.33864,-0.007255,0.74674,0.665074,-0.447689,-0.59714,0.66558,-0.007888,-0.012147,0.00736,0.824555,0.153782,-1.143689,-0.414066,0.106856,0.028319,-0.027912,0.747364,-0.363598,-0.556095,0.578714,0.767406,0.276,0.326398,-0.528093,0.783952,4e-06,-1e-05,-5e-06,3.7e-05,3e-06,-2.6e-05,0.497038
24,0.216154,-0.023842,0.380069,-0.589572,0.405297,-0.698703,-0.709369,-0.673479,0.207831,-0.385601,0.617662,0.685443,-3.4e-05,0.00045,0.000339,0.0,0.0,0.0,0.505189,-0.247117,-0.021048,0.330856,-0.853911,0.404571,0.327339,-0.117667,-0.762642,0.635977,0.508007,0.504035,0.698384,-0.012579,0.009446,0.009707,0.528064,0.072382,-1.053719,-1.399819,0.005441,0.033969,-0.005459,0.912968,-0.268067,0.307617,0.000656,0.754872,0.655872,-0.408029,-0.598588,0.68935,-0.013453,0.000775,0.010736,0.67052,-0.106179,-1.060158,-0.707173,0.106861,0.028319,-0.027907,0.747246,-0.363684,-0.556198,0.578843,0.767336,0.275926,0.326441,-0.528136,0.783905,-2.1e-05,0.000299,0.000227,2.2e-05,2e-06,-3.6e-05,0.496711
25,0.216143,-0.023829,0.380079,-0.589437,0.405361,-0.698779,-0.709459,-0.673419,0.20772,-0.385643,0.617686,0.685398,-4.8e-05,0.000629,0.000474,0.0,0.0,0.0,0.503154,-0.247685,-0.0205,0.33143,-0.862374,0.395466,0.316082,-0.119003,-0.76503,0.632852,0.493163,0.507638,0.70637,-0.011184,0.014972,0.015185,0.133843,-0.084281,-0.060666,-1.398724,0.005155,0.034257,-0.005158,0.919783,-0.255871,0.297535,5e-05,0.758273,0.651936,-0.392424,-0.599625,0.69746,-0.005496,0.007916,0.00803,0.102575,-0.062746,-0.068704,-0.968111,0.106855,0.028325,-0.027901,0.747135,-0.363768,-0.556291,0.578956,0.767282,0.275837,0.326492,-0.528156,0.78387,-3e-05,0.000409,0.000308,1.3e-05,-1.1e-05,-2.5e-05,0.494425
26,0.216131,-0.023816,0.380077,-0.589186,0.40548,-0.698921,-0.709615,-0.673323,0.207495,-0.385738,0.617711,0.685322,-0.0,2e-06,2e-06,0.0,0.0,0.0,0.502894,-0.248016,-0.020021,0.331974,-0.860805,0.402905,0.310924,-0.123524,-0.757908,0.640508,0.494792,0.512433,0.701752,0.002116,0.008553,0.008514,-0.486948,0.199005,0.406652,-1.173152,0.004997,0.03451,-0.00488,0.919828,-0.261634,0.292343,0.005128,0.753115,0.657869,-0.392288,-0.603626,0.694078,0.001039,0.004233,0.004221,0.013545,-0.099917,0.209179,-0.975132,0.106849,0.028334,-0.027901,0.74693,-0.363925,-0.556465,0.579159,0.767196,0.27565,0.326602,-0.528173,0.783813,2e-06,-1.4e-05,-9e-06,2.4e-05,4e-06,-1.6e-05,0.493608
27,0.216142,-0.023822,0.380072,-0.588944,0.405592,-0.699061,-0.709774,-0.673216,0.207297,-0.385815,0.617755,0.685239,7.7e-05,-0.001013,-0.000764,0.0,0.0,0.0,0.503172,-0.248106,-0.020034,0.332151,-0.86015,0.405101,0.30988,-0.124306,-0.755587,0.643094,0.495736,0.514122,0.699848,-0.013741,0.004511,0.004696,-0.109386,-0.009002,0.192962,-1.153652,0.00495,0.034514,-0.004774,0.919011,-0.26558,0.291348,0.006475,0.749101,0.662423,-0.394176,-0.606888,0.690153,-0.006957,0.001932,0.002031,-0.07631,-0.017545,0.190549,-0.977745,0.106855,0.028332,-0.027903,0.74673,-0.364073,-0.556635,0.579363,0.7671,0.27549,0.326697,-0.528211,0.783748,4.9e-05,-0.000591,-0.000446,4e-05,2.5e-05,-8e-06,0.493445
28,0.216184,-0.023825,0.380042,-0.588769,0.405672,-0.699162,-0.709869,-0.673172,0.207118,-0.385908,0.61775,0.685191,2.4e-05,-0.000307,-0.000232,0.0,0.0,0.0,0.504617,-0.248157,-0.020328,0.332281,-0.857358,0.404702,0.318033,-0.118626,-0.756446,0.643157,0.501934,0.513174,0.696116,-0.000691,-0.002788,-0.002775,-0.001872,0.014295,-0.024955,-1.177079,0.004924,0.034371,-0.004712,0.916267,-0.26599,0.299506,0.001005,0.749228,0.662311,-0.400566,-0.606552,0.68676,-0.00034,-0.001357,-0.001348,-0.002532,0.090397,-0.17023,-0.965335,0.106876,0.028328,-0.02792,0.746587,-0.364179,-0.556758,0.579492,0.767059,0.275334,0.326796,-0.528198,0.783715,1.7e-05,-0.000183,-0.000137,2.9e-05,1.8e-05,-8e-06,0.494098
29,0.216246,-0.023795,0.379932,-0.588397,0.405853,-0.699369,-0.710015,-0.673167,0.20663,-0.386206,0.617636,0.685127,-0.000568,0.007989,-0.011078,0.035575,-0.00659,0.0215,0.48505,-0.248106,-0.0205,0.332225,-0.854105,0.402483,0.329397,-0.11199,-0.760647,0.639381,0.508963,0.508698,0.694296,-0.000991,-0.004002,-0.003987,8.4e-05,0.00042,-0.000426,-1.247504,0.004949,0.034277,-0.004741,0.912836,-0.264573,0.311015,-0.006326,0.75243,0.658641,-0.408276,-0.603199,0.685172,0.006596,-0.003386,-0.003477,0.010513,-0.104251,0.182612,-0.967458,0.106907,0.028342,-0.027968,0.746293,-0.364407,-0.557004,0.579719,0.76704,0.274909,0.327066,-0.528068,0.78369,9.8e-05,-0.001227,-0.000926,4.1e-05,3e-05,-1e-06,0.485934
30,0.216339,-0.023768,0.379755,-0.587642,0.406218,-0.699793,-0.710364,-0.673074,0.205735,-0.386714,0.617498,0.684964,-0.00032,0.004759,-0.013517,0.035575,-0.006591,0.0215,0.43754,-0.248071,-0.020634,0.332018,-0.856385,0.397148,0.329956,-0.107058,-0.761566,0.639133,0.506184,0.511513,0.694259,-0.002366,-0.009552,-0.009534,-0.001623,0.014136,-0.025059,-1.251314,0.004964,0.034223,-0.004831,0.914251,-0.258957,0.311585,-0.011281,0.752497,0.658498,-0.404989,-0.605548,0.68505,-0.001149,-0.004645,-0.004638,-0.001659,0.013036,-0.024189,-0.967295,0.106953,0.028361,-0.028053,0.745672,-0.364884,-0.557522,0.580229,0.766945,0.274096,0.327576,-0.527877,0.783606,0.006862,0.002235,-0.007235,0.03584,-0.009917,0.024589,0.456378
31,0.216686,-0.023721,0.378912,-0.580235,0.414363,-0.701196,-0.719286,-0.664548,0.202422,-0.381387,0.621295,0.684517,0.013733,0.005122,-0.031134,0.074961,-0.083732,0.202977,0.211439,-0.248254,-0.021089,0.331446,-0.8628,0.380534,0.33281,-0.091111,-0.764428,0.638186,0.498339,0.519819,0.693764,-0.01843,-0.014192,-0.014046,-0.170824,-0.273938,-0.424427,-1.294612,0.004882,0.033992,-0.005121,0.917781,-0.242054,0.314781,-0.027087,0.752717,0.657785,-0.396161,-0.612229,0.684273,-0.002042,-0.00826,-0.008273,-0.564319,-1.037886,-1.213917,-0.966968,0.107115,0.028391,-0.02845,0.739732,-0.373874,-0.559475,0.590443,0.759442,0.273172,0.322757,-0.532413,0.782536,-3.6e-05,0.001301,-0.016157,0.06329,0.013941,0.000638,0.260429
32,0.217006,-0.023559,0.377473,-0.578589,0.412812,-0.703468,-0.718746,-0.665742,0.200407,-0.384884,0.621052,0.682778,0.01341,0.010283,-0.044447,0.105703,-0.013112,0.04054,0.036788,-0.248857,-0.021379,0.330781,-0.877118,0.349579,0.329318,-0.065593,-0.766292,0.639084,0.476861,0.538505,0.694607,-0.031946,-0.008331,-0.00805,-0.020537,0.015534,-0.114212,-1.265968,0.004582,0.03383,-0.00547,0.92693,-0.208587,0.311916,-0.052925,0.750272,0.659006,-0.371482,-0.627361,0.68441,-0.0087,0.000186,-0.009484,-0.016582,-0.062526,-0.173659,-0.970887,0.107281,0.028467,-0.02918,0.73822,-0.372662,-0.562274,0.590226,0.760411,0.270937,0.326592,-0.53188,0.781306,-0.000222,0.004193,-0.022576,0.111792,0.025179,-0.014005,-0.043291
33,0.217122,-0.023178,0.375912,-0.578392,0.413119,-0.703449,-0.71749,-0.667933,0.1976,-0.387511,0.618491,0.683616,-0.000168,0.003683,-0.031618,0.069639,0.009804,-0.009827,-0.079035,-0.250073,-0.020859,0.330194,-0.901947,0.305388,0.305322,-0.039583,-0.762324,0.645933,0.431144,0.57012,0.699244,-0.043545,0.025449,-0.012875,-1.744761,-4.145415,-3.341649,-0.75677,0.003976,0.034065,-0.005775,0.942708,-0.165726,0.289544,-0.073938,0.742522,0.665727,-0.325321,-0.648995,0.687728,-0.021688,0.013036,-0.006119,-0.339867,-1.937425,1.862345,-0.81772,0.107344,0.02865,-0.029986,0.73807,-0.373077,-0.562197,0.589227,0.762344,0.267661,0.32873,-0.528814,0.78249,-6.8e-05,0.001941,-0.015734,0.069762,0.010041,-0.009693,-0.226013
34,0.217165,-0.02287,0.37519,-0.578024,0.413398,-0.703588,-0.717006,-0.668944,0.195929,-0.388952,0.617211,0.683955,-0.001299,0.018701,-0.037298,0.105988,-0.00859,0.037959,-0.114055,-0.250826,-0.020294,0.330012,-0.913084,0.285776,0.290861,-0.030921,-0.75958,0.649628,0.407724,0.583804,0.701995,-0.042078,0.030985,-0.007304,-0.316648,-2.027315,2.083024,-0.421063,0.003598,0.034343,-0.00587,0.950627,-0.138414,0.277755,-0.087944,0.738179,0.668847,-0.297611,-0.660251,0.689561,-0.020993,0.015664,-0.003472,0.06533,0.017555,-0.076338,-0.730033,0.107366,0.028796,-0.030353,0.737768,-0.373407,-0.562374,0.588935,0.763198,0.265862,0.329928,-0.527346,0.782976,-0.000647,0.009623,-0.018441,0.10599,-0.008547,0.038046,-0.278593
35,0.217118,-0.022051,0.374088,-0.576909,0.414111,-0.704083,-0.716409,-0.670567,0.192534,-0.391694,0.614969,0.68441,-0.001435,0.019601,-0.019348,0.071181,-0.013655,0.0428,-0.103402,-0.252513,-0.018952,0.329907,-0.93494,0.239585,0.261681,-0.006565,-0.748878,0.662626,0.355895,0.617488,0.701364,-0.040753,0.025359,0.006444,-0.539347,-1.808455,2.00297,0.034059,0.002756,0.035022,-0.005921,0.964345,-0.088238,0.249503,-0.110213,0.72323,0.681755,-0.240606,-0.684946,0.687719,-0.027572,0.018747,-0.00034,-0.190324,0.065373,0.144763,-0.592053,0.107345,0.029183,-0.030895,0.736894,-0.374242,-0.562965,0.588759,0.764523,0.262426,0.332189,-0.524831,0.78371,-0.001099,0.01523,-0.014103,0.106769,-0.02048,0.06427,-0.3137
36,0.216927,-0.021175,0.373453,-0.575714,0.414817,-0.704646,-0.716168,-0.671641,0.189666,-0.393883,0.61332,0.684633,-0.015775,0.023499,-0.01557,0.070208,0.000928,0.013186,-0.029261,-0.254346,-0.018004,0.33012,-0.951958,0.192786,0.237911,0.022273,-0.731008,0.681958,0.306582,0.654242,0.691259,-0.055763,0.024518,0.005593,-0.819765,-1.676772,2.262406,0.225604,0.001848,0.035508,-0.005803,0.973154,-0.038067,0.226983,-0.136006,0.70049,0.700582,-0.185668,-0.712646,0.676507,-0.02083,0.005753,0.00595,-0.736494,0.263282,0.238553,-0.488527,0.107248,0.029643,-0.031222,0.735863,-0.375158,-0.563702,0.588923,0.765439,0.259368,0.334176,-0.522837,0.784198,-0.007904,0.012123,-0.007496,0.070211,0.000923,0.013253,-0.282675
37,0.216836,-0.020791,0.3733,-0.575045,0.415174,-0.704982,-0.716248,-0.671893,0.188471,-0.394716,0.612802,0.684618,-0.001184,0.015728,-0.005097,0.035598,-0.006918,0.021358,9.9e-05,-0.255274,-0.017732,0.330357,-0.952812,0.196823,0.231087,0.019171,-0.720464,0.693179,0.304121,0.664642,0.682367,-0.041615,0.011523,0.011842,-0.619484,0.263785,0.422685,0.321192,0.001395,0.035645,-0.005691,0.975206,-0.041164,0.217437,-0.129494,0.690626,0.711524,-0.179457,-0.722039,0.668172,-0.020746,0.006032,0.006213,-0.899743,-0.161051,1.131972,-0.373243,0.107208,0.029826,-0.031292,0.73533,-0.375596,-0.564106,0.589181,0.76562,0.258246,0.334895,-0.522257,0.784277,-0.000622,0.008354,-0.002168,0.036384,-0.018764,0.047671,-0.260141
38,0.216671,-0.020277,0.373213,-0.576079,0.415189,-0.704128,-0.715958,-0.671915,0.189487,-0.393731,0.612767,0.685215,-0.014415,0.005149,0.004709,-0.0002,0.002832,-0.003309,0.028499,-0.25681,-0.01742,0.330928,-0.950917,0.216008,0.221561,0.007338,-0.699791,0.714264,0.310527,0.680549,0.663544,-0.027052,0.000144,0.019715,-0.539994,0.245965,0.335573,0.435009,0.000615,0.035803,-0.005411,0.976351,-0.061036,0.207391,-0.113677,0.671038,0.732656,-0.183885,-0.738905,0.648231,-0.020778,0.000874,0.010724,-0.835322,0.318178,0.572093,-0.074748,0.107125,0.030098,-0.031338,0.736188,-0.375448,-0.563085,0.588711,0.76567,0.259166,0.333835,-0.522289,0.784708,-0.000595,0.007977,-0.002463,0.038065,-0.009078,0.023875,-0.217032
39,0.216519,-0.020094,0.373387,-0.575841,0.415302,-0.704257,-0.716132,-0.671775,0.189328,-0.393764,0.612845,0.685127,-0.014313,0.003992,0.00381,-0.0002,0.002833,-0.003309,0.068201,-0.257742,-0.017118,0.331498,-0.950294,0.231879,0.207764,-0.006364,-0.681354,0.731881,0.312462,0.693876,0.648665,-0.012161,0.009872,0.009917,-0.403008,0.150067,0.336669,0.49139,0.000144,0.035951,-0.005121,0.978146,-0.076881,0.193177,-0.096575,0.6548,0.749606,-0.184123,-0.751881,0.633066,-0.006236,-0.000526,0.009224,-0.703593,0.293104,0.392252,0.236157,0.107049,0.030195,-0.031253,0.735959,-0.375614,-0.563273,0.588939,0.765555,0.258988,0.333938,-0.522339,0.784631,-0.000194,0.002472,0.001898,0.000807,-0.011904,0.026307,-0.172127
40,0.216392,-0.020084,0.373582,-0.575713,0.415345,-0.704336,-0.716353,-0.671495,0.189482,-0.393548,0.613121,0.685003,-0.000185,0.002367,0.001814,-0.0,-0.0,-0.0,0.105,-0.258106,-0.016966,0.331944,-0.950658,0.239971,0.19661,-0.016072,-0.67071,0.741501,0.311001,0.701439,0.64119,-0.012931,0.007065,0.007095,-0.038769,0.03708,-0.014361,0.514095,-4.7e-05,0.03604,-0.004893,0.979609,-0.085919,0.181613,-0.084297,0.644764,0.759719,-0.182372,-0.759537,0.624374,0.000768,0.002772,0.00277,0.030879,0.015467,0.00471,0.462314,0.10698,0.0302,-0.031148,0.73588,-0.375658,-0.563347,0.589143,0.765314,0.25924,0.333752,-0.522662,0.784495,-5.7e-05,0.000686,0.000526,-1.5e-05,-6e-06,1.3e-05,-0.10975
41,0.216341,-0.020104,0.373621,-0.57559,0.415397,-0.704406,-0.716472,-0.671377,0.189455,-0.393513,0.613216,0.684938,-1.5e-05,0.000195,0.00015,-0.0,-0.0,-0.0,0.108446,-0.258114,-0.016951,0.332104,-0.950746,0.241873,0.193833,-0.018353,-0.667888,0.743991,0.310605,0.703472,0.639151,0.00128,0.004579,0.004553,-0.02509,-0.168045,0.218945,0.516816,-5.7e-05,0.036048,-0.004812,0.979806,-0.087633,0.179718,-0.08223,0.642696,0.761695,-0.182254,-0.761092,0.622511,0.000606,0.002187,0.00218,-0.16499,-1.785314,2.137925,0.493993,0.106954,0.030194,-0.031126,0.735764,-0.375739,-0.563446,0.589291,0.765202,0.259231,0.333747,-0.522766,0.784428,-0.0,-2.5e-05,-1.8e-05,-2e-06,8e-06,1.3e-05,-0.093585
42,0.216279,-0.020122,0.373598,-0.575507,0.415439,-0.704448,-0.716516,-0.671355,0.189368,-0.393554,0.613212,0.684919,2.6e-05,-0.000329,-0.000252,-0.0,-0.0,-0.0,0.108422,-0.257925,-0.017126,0.332509,-0.950399,0.241593,0.195871,-0.016384,-0.667492,0.744393,0.311777,0.703945,0.63806,0.015373,-0.008191,0.011134,-0.0429,0.085292,-0.1335,0.516038,3.8e-05,0.035957,-0.004605,0.979632,-0.08721,0.180873,-0.083527,0.64215,0.762014,-0.182603,-0.761601,0.621786,0.007661,-0.004161,0.005503,-0.042805,0.081762,-0.136596,0.510485,0.106923,0.030182,-0.03114,0.735695,-0.375794,-0.563498,0.589352,0.765181,0.259155,0.333789,-0.522758,0.784415,1.9e-05,-0.000253,-0.000191,-1.6e-05,-7e-06,2e-06,-0.082807
43,0.21629,-0.020127,0.373567,-0.575391,0.415493,-0.704511,-0.716569,-0.671335,0.189237,-0.393627,0.613197,0.68489,1.4e-05,-0.000182,-0.000139,0.0,-0.0,0.0,0.110699,-0.257607,-0.017497,0.33298,-0.943864,0.263541,0.199145,-0.02904,-0.666471,0.744921,0.330227,0.696976,0.636426,0.015231,-0.008706,0.010617,1.057692,4.202111,3.383802,0.513761,0.000197,0.03577,-0.004371,0.977022,-0.108172,0.183646,-0.07211,0.643061,0.762411,-0.200567,-0.758136,0.620485,0.007483,-0.004569,0.005334,1.041517,4.193974,3.385707,0.511302,0.106929,0.030177,-0.031157,0.735599,-0.375865,-0.563576,0.58943,0.765161,0.259036,0.333864,-0.522736,0.784398,9e-06,-0.000108,-8.2e-05,3e-06,5e-06,8e-06,-0.081501
44,0.216312,-0.020133,0.373574,-0.575243,0.415555,-0.704596,-0.716672,-0.671254,0.189136,-0.393657,0.613244,0.684831,0.0,-2e-06,-2e-06,0.0,0.0,0.0,0.114403,-0.257409,-0.017719,0.333251,-0.93929,0.278396,0.200551,-0.039197,-0.667479,0.743552,0.342045,0.690187,0.637581,0.015173,-0.008917,0.010404,1.286871,3.981741,3.450827,0.511482,0.00029,0.035663,-0.004238,0.975389,-0.120208,0.184837,-0.0648,0.645001,0.761428,-0.21075,-0.754667,0.621338,0.007675,-0.00412,0.005522,0.31366,-0.18918,-0.076775,0.510485,0.10694,0.030174,-0.031153,0.735476,-0.37595,-0.56368,0.589558,0.765089,0.25896,0.333909,-0.522781,0.784349,-1e-06,9e-06,7e-06,-3e-06,-1e-06,4e-06,-0.077909
45,0.216331,-0.020117,0.373573,-0.575171,0.415586,-0.704636,-0.716706,-0.671238,0.18906,-0.393699,0.613239,0.684811,-0.0,2e-06,2e-06,0.0,0.0,0.0,0.115436,-0.256883,-0.018179,0.333777,-0.925275,0.320762,0.202412,-0.068553,-0.66606,0.742697,0.374209,0.672906,0.637988,0.014901,-0.019837,0.018901,0.296958,1.320736,0.866311,0.509574,0.000553,0.035437,-0.003978,0.968252,-0.167714,0.185359,-0.032904,0.649555,0.759601,-0.247797,-0.741585,0.623415,0.007573,-0.00438,0.005515,1.089774,4.059453,3.548617,0.506729,0.10695,0.030183,-0.031154,0.735417,-0.375993,-0.563729,0.589607,0.765073,0.258893,0.333952,-0.522773,0.784336,-1e-06,-1e-06,-0.0,-3e-06,-6e-06,-0.0,-0.072193
46,0.216342,-0.020115,0.37356,-0.575033,0.415648,-0.704712,-0.716783,-0.671193,0.18893,-0.393761,0.613247,0.684769,0.0,-2e-06,-1e-06,0.0,0.0,0.0,0.115733,-0.256272,-0.018702,0.334254,-0.912244,0.355633,0.203289,-0.094644,-0.665593,0.740245,0.399708,0.655585,0.640551,0.014807,-0.010279,0.009041,0.137572,0.314022,0.330268,0.513025,0.000859,0.035173,-0.003735,0.960915,-0.205441,0.185568,-0.006452,0.653502,0.756896,-0.276767,-0.72851,0.626635,0.007111,-0.011161,0.008214,0.318997,1.307594,0.869645,0.510322,0.106955,0.030183,-0.03116,0.735303,-0.376075,-0.563823,0.58971,0.765031,0.258781,0.334022,-0.522775,0.784305,-0.0,4e-06,5e-06,-0.0,4e-06,3e-06,-0.071214
47,0.216342,-0.020122,0.373555,-0.574929,0.415694,-0.70477,-0.716848,-0.671147,0.188846,-0.393793,0.613266,0.684732,2e-06,-2.8e-05,-2.2e-05,0.0,0.0,0.0,0.119658,-0.255627,-0.019327,0.334659,-0.897992,0.390204,0.203331,-0.121474,-0.663793,0.737942,0.424043,0.637463,0.643189,0.014155,-0.022705,0.016064,-0.002165,0.01409,0.00328,0.50784,0.001182,0.034866,-0.003535,0.952457,-0.242259,0.184755,0.020616,0.656266,0.754247,-0.303971,-0.71458,0.63006,0.014383,-0.006866,0.002726,0.036845,0.058976,0.111035,0.509016,0.106955,0.030179,-0.031163,0.735217,-0.376136,-0.563894,0.589795,0.76499,0.258713,0.334062,-0.522792,0.784276,1e-06,-8e-06,-6e-06,5e-06,9e-06,4e-06,-0.068601
48,0.216353,-0.020129,0.373562,-0.574801,0.415748,-0.704843,-0.716939,-0.671074,0.188761,-0.393817,0.613309,0.684681,0.0,-0.0,-0.0,0.0,0.0,0.0,0.120496,-0.255316,-0.019642,0.334866,-0.887526,0.413686,0.202863,-0.141164,-0.663054,0.735096,0.43972,0.623248,0.646584,0.014437,-0.011711,0.007618,0.725151,0.963915,0.915861,0.502641,0.001332,0.034712,-0.003435,0.947046,-0.2631,0.184066,0.03624,0.657162,0.752876,-0.319044,-0.706339,0.631898,0.007269,-0.005635,0.003996,-0.045075,0.027641,0.034397,0.504117,0.106961,0.030176,-0.031159,0.73511,-0.37621,-0.563984,0.589906,0.764925,0.25865,0.334099,-0.522834,0.784233,-2e-06,6e-06,6e-06,-9e-06,-8e-06,-2e-06,-0.066152
49,0.216353,-0.020122,0.373555,-0.574787,0.415755,-0.70485,-0.716937,-0.671084,0.188731,-0.393839,0.613293,0.684682,0.0,-0.0,-0.0,0.0,0.0,0.0,0.11776,-0.254826,-0.020184,0.335282,-0.867513,0.454723,0.201595,-0.177043,-0.660835,0.729307,0.46594,0.596409,0.653498,0.000131,-0.019538,0.019314,0.250729,-0.038508,-0.052681,0.49414,0.001587,0.034433,-0.003228,0.93279,-0.311335,0.181583,0.075924,0.662242,0.745432,-0.352331,-0.681546,0.641371,0.007409,-0.005129,0.004492,0.473959,0.124364,0.216774,0.491543,0.10696,0.03018,-0.031163,0.735099,-0.376219,-0.563992,0.589909,0.764933,0.25862,0.334118,-0.522816,0.784237,-3e-06,4e-06,6e-06,-3e-06,-1e-05,1e-06,-0.065498
50,0.216353,-0.020122,0.373567,-0.574783,0.415755,-0.704853,-0.71695,-0.671066,0.188746,-0.393822,0.613312,0.684675,-0.0,0.0,0.0,0.0,0.0,0.0,0.113224,-0.254523,-0.020622,0.335787,-0.84252,0.50052,0.199075,-0.222173,-0.659395,0.718172,0.491783,0.560205,0.66647,0.000971,-0.006395,0.012983,1.583288,3.691639,3.515978,0.489377,0.001738,0.034206,-0.002976,0.917452,-0.355672,0.178264,0.116604,0.668789,0.734251,-0.380373,-0.652854,0.655055,0.000315,-0.00878,0.010603,0.689952,-0.263875,-0.191038,0.482726,0.10696,0.03018,-0.031157,0.735096,-0.37622,-0.563996,0.589921,0.764917,0.258638,0.334105,-0.522837,0.784228,-2e-06,-3e-06,-1e-06,-3e-06,-1.3e-05,-2e-06,-0.069417
51,0.216352,-0.020115,0.373573,-0.574766,0.415763,-0.704862,-0.716961,-0.671058,0.188732,-0.393828,0.613316,0.684669,-2e-06,2.8e-05,2.2e-05,0.0,0.0,0.0,0.112274,-0.25445,-0.020828,0.336105,-0.834203,0.514917,0.197374,-0.239355,-0.660366,0.71173,0.497866,0.545827,0.673843,0.000907,-0.016662,0.022151,0.36596,-0.111907,-0.096115,0.488459,0.001775,0.034108,-0.002819,0.909751,-0.375994,0.17601,0.13743,0.672814,0.726934,-0.391745,-0.637141,0.663767,0.000684,-0.002389,0.007259,0.573372,-0.040639,0.31853,0.479623,0.10696,0.030184,-0.031154,0.735081,-0.376231,-0.564008,0.589935,0.76491,0.258627,0.334112,-0.52284,0.784223,-2e-06,7e-06,7e-06,4e-06,6e-06,-6e-06,-0.07105
52,0.216352,-0.020108,0.373578,-0.574626,0.415824,-0.70494,-0.717048,-0.670997,0.188619,-0.393871,0.613342,0.68462,-0.0,2e-06,1e-06,0.0,0.0,0.0,0.111782,-0.254431,-0.021256,0.33697,-0.827281,0.527583,0.193009,-0.262789,-0.666915,0.697208,0.497593,0.525394,0.690091,0.001978,-0.012642,0.026092,0.416406,-0.380048,0.003062,0.488761,0.001784,0.033885,-0.002381,0.90499,-0.389372,0.171405,0.159196,0.683572,0.712309,-0.394521,-0.617347,0.680614,0.000998,-0.006209,0.013143,0.416898,-0.385902,-0.002603,0.47799,0.10696,0.030187,-0.031151,0.734966,-0.376313,-0.564103,0.590048,0.764854,0.258536,0.334167,-0.522864,0.784184,3e-06,-1e-05,-8e-06,2.6e-05,2.8e-05,0.0,-0.072193
53,0.216352,-0.020108,0.373578,-0.574626,0.415824,-0.70494,-0.717048,-0.670997,0.188619,-0.393871,0.613342,0.68462,-0.0,0.0,0.0,0.0,0.0,0.0,0.109886,-0.254544,-0.021694,0.338028,-0.835717,0.51616,0.187479,-0.266988,-0.680055,0.682771,0.480962,0.519891,0.70587,0.002552,-0.010483,0.028182,0.595299,-0.487927,-0.067695,0.488822,0.001726,0.03367,-0.001863,0.911065,-0.377154,0.166476,0.160605,0.696609,0.699242,-0.379691,-0.610318,0.69523,-0.006041,-0.004656,0.014737,0.611726,-0.416636,-0.340703,0.477827,0.10696,0.030187,-0.031151,0.734966,-0.376313,-0.564103,0.590048,0.764854,0.258536,0.334167,-0.522863,0.784184,6e-06,-7e-06,-7e-06,2.2e-05,2.6e-05,3e-06,-0.073826
54,0.216352,-0.020109,0.373591,-0.574622,0.415824,-0.704943,-0.717061,-0.670979,0.188635,-0.393855,0.613361,0.684613,-4.1e-05,0.000526,0.000403,0.0,0.0,0.0,0.108988,-0.254721,-0.02208,0.339224,-0.84204,0.507414,0.183005,-0.269742,-0.689731,0.671896,0.468211,0.515753,0.717385,0.002759,-0.009697,0.028909,0.327837,-0.223498,-0.164171,0.486248,0.001643,0.033487,-0.001277,0.916106,-0.366782,0.161921,0.161578,0.70736,0.688138,-0.366934,-0.604245,0.707281,0.001368,-0.004815,0.014491,0.602592,-0.440122,-0.056985,0.476031,0.10696,0.030185,-0.031146,0.734962,-0.376314,-0.564107,0.590059,0.764839,0.258554,0.334154,-0.522885,0.784176,-2.7e-05,0.000409,0.00031,9e-06,1.7e-05,-5e-06,-0.075623
55,0.216352,-0.020109,0.373591,-0.574622,0.415824,-0.704943,-0.717061,-0.670979,0.188635,-0.393855,0.613361,0.684613,-1e-06,9e-06,7e-06,0.0,0.0,0.0,0.109243,-0.254836,-0.022217,0.339812,-0.841713,0.508455,0.181616,-0.274463,-0.692441,0.66718,0.466045,0.511079,0.722124,0.003165,-0.008175,0.030363,0.492799,-0.336193,-0.203379,0.48516,0.00158,0.03341,-0.00097,0.91575,-0.368205,0.160706,0.165518,0.710274,0.684188,-0.366067,-0.599946,0.711378,-0.00568,-0.003308,0.016017,0.531345,-0.352723,-0.294137,0.474561,0.10696,0.030187,-0.031145,0.734962,-0.376314,-0.564107,0.590059,0.764839,0.258554,0.334154,-0.522884,0.784176,3e-06,-5e-06,-6e-06,1e-06,-1e-06,-5e-06,-0.076112
56,0.21634,-0.020096,0.373601,-0.574607,0.415832,-0.704951,-0.71707,-0.670972,0.188622,-0.393859,0.613363,0.684608,-1.1e-05,0.000144,0.00011,0.0,0.0,0.0,0.106926,-0.25514,-0.022438,0.340979,-0.844713,0.504477,0.178759,-0.274968,-0.695424,0.663862,0.460276,0.510977,0.725887,0.003098,-0.008423,0.03007,0.332265,-0.153231,-0.318568,0.481303,0.001429,0.033302,-0.000384,0.91811,-0.363561,0.157782,0.165346,0.713184,0.681196,-0.360184,-0.599325,0.714895,-0.005648,0.001784,0.011358,0.411237,-0.261294,-0.2103,0.470642,0.106954,0.030193,-0.031139,0.73495,-0.376323,-0.564117,0.590072,0.764833,0.258544,0.334159,-0.522887,0.784172,-3e-06,7.7e-05,5.9e-05,2.5e-05,2.6e-05,0.0,-0.077092
57,0.216349,-0.020074,0.373617,-0.574534,0.415863,-0.704992,-0.717116,-0.67094,0.188563,-0.393883,0.613377,0.684582,-9.8e-05,0.001263,0.000968,0.0,0.0,0.0,0.106044,-0.255573,-0.022511,0.342117,-0.839472,0.512657,0.18017,-0.281219,-0.693404,0.663356,0.466058,0.505549,0.725999,-0.010952,0.004626,0.02365,-0.032728,0.002604,0.005149,0.478628,0.001228,0.033263,0.000175,0.914806,-0.371346,0.158842,0.17179,0.713676,0.679083,-0.365537,-0.593942,0.716669,-0.005467,0.002425,0.011934,-0.063406,0.104733,-0.166319,0.46509,0.106959,0.030201,-0.031134,0.734904,-0.376356,-0.564155,0.590117,0.764811,0.258508,0.334181,-0.522896,0.784156,-1e-06,3.8e-05,2.9e-05,2.4e-05,1.2e-05,6e-06,-0.079542
