frame,MLTx,MLTy,MLTz,MLTR1,MLTR2,MLTR3,MLTR4,MLTR5,MLTR6,MLTR7,MLTR8,MLTR9,MLTTVx,MLTTVy,MLTTVz,MLTRVx,MLTRVy,MLTRVz,MLGA,MRTx,MRTy,MRTz,MRTR1,MRTR2,MRTR3,MRTR4,MRTR5,MRTR6,MRTR7,MRTR8,MRTR9,MRTTVx,MRTTVy,MRTTVz,MRTRVx,MRTRVy,MRTRVz,MRGA,SLTx,SLTy,SLTz,SLTR1,SLTR2,SLTR3,SLTR4,SLTR5,SLTR6,SLTR7,SLTR8,SLTR9,SLTTVx,SLTTVy,SLTTVz,SLTRVx,SLTRVy,SLTRVz,SLGA,SRTx,SRTy,SRTz,SRTR1,SRTR2,SRTR3,SRTR4,SRTR5,SRTR6,SRTR7,SRTR8,SRTR9,SRTTVx,SRTTVy,SRTTVz,SRTRVx,SRTRVy,SRTRVz,SRGA
1,0.135692,-0.021555,0.41968,0.646337,-0.662255,-0.379092,0.754246,0.629787,0.185613,0.115026,-0.40507,0.907036,0.013631,-0.007934,0.01083,-0.034858,-0.003536,0.010532,-1.146756,-0.257262,-0.015932,0.383064,0.530698,0.744655,0.404772,-0.826946,0.559509,0.05517,-0.186042,-0.364945,0.912177,-0.000196,-0.000743,-0.000553,0.0,0.0,0.0,-0.767123,0.001177,0.039804,-0.003031,-0.394245,-0.826181,0.402484,0.910373,-0.410979,0.048119,0.125658,0.385382,0.91416,-0.000146,-0.000558,-0.000416,-3.5e-05,-1.3e-05,-9.7e-05,-0.857537,0.082406,0.04165,-0.016791,-0.649175,0.613498,-0.449657,-0.723209,-0.680988,0.114987,-0.235667,0.399842,0.885768,0.00025,0.001613,0.000981,0.001482,-0.009738,0.026541,-1.100338
2,0.13578,-0.021463,0.41977,0.644867,-0.663155,-0.380023,0.755438,0.628567,0.184902,0.115454,-0.405493,0.906793,0.000417,0.002673,0.001626,0.0,0.0,0.0,-1.146734,-0.257266,-0.015945,0.383053,0.530538,0.744724,0.404854,-0.827041,0.559374,0.055112,-0.186072,-0.365012,0.912144,-7.4e-05,-0.000283,-0.00021,0.0,0.0,0.0,-0.768711,0.001175,0.039796,-0.003037,-0.394073,-0.826224,0.402565,0.910445,-0.410826,0.048061,0.125675,0.385453,0.914128,-4.1e-05,-0.00016,-0.00012,-3.8e-05,4e-06,-5.6e-05,-0.859333,0.082455,0.041695,-0.01674,-0.647692,0.614484,-0.450449,-0.724401,-0.679859,0.114166,-0.236089,0.40025,0.885472,0.000259,0.001672,0.001016,0.009498,-0.064638,0.187467,-1.099848
3,0.135728,-0.021405,0.419806,0.644301,-0.663512,-0.380359,0.755895,0.628108,0.184596,0.115629,-0.405618,0.906714,-0.012891,0.003824,0.002615,-0.000984,0.014715,-0.029553,-1.147875,-0.257269,-0.015959,0.383043,0.530502,0.74474,0.404872,-0.827063,0.559343,0.055099,-0.186079,-0.365027,0.912137,-0.00011,-0.000419,-0.000312,0.0,0.0,0.0,-0.770853,0.001173,0.039789,-0.003042,-0.394034,-0.826234,0.402583,0.910462,-0.410791,0.048049,0.125678,0.38547,0.91412,-5.3e-05,-0.000204,-0.000152,-2.7e-05,-1e-06,-4.6e-05,-0.858843,0.082435,0.041725,-0.016721,-0.647107,0.614884,-0.450742,-0.724863,-0.679428,0.1138,-0.236273,0.400367,0.88537,0.000233,0.001497,0.000911,0.000209,-5.2e-05,-0.000338,-1.100011
4,0.135648,-0.021268,0.419892,0.642857,-0.664412,-0.381228,0.757052,0.626939,0.18382,0.116081,-0.40595,0.906507,0.000586,0.003746,0.002274,0.001343,-0.009359,0.027224,-1.149348,-0.257273,-0.015973,0.383033,0.530467,0.744755,0.404891,-0.827084,0.559313,0.055086,-0.186086,-0.365042,0.912129,-6e-06,-2.1e-05,-1.6e-05,0.0,0.0,0.0,-0.780302,0.001171,0.039781,-0.003048,-0.393995,-0.826244,0.402601,0.910478,-0.410756,0.048036,0.125681,0.385486,0.914113,4e-06,1.5e-05,1.2e-05,-1e-05,-4e-06,-3.5e-05,-0.85966,0.082389,0.041791,-0.01668,-0.645693,0.615851,-0.45145,-0.725979,-0.678382,0.112918,-0.236715,0.400654,0.885122,0.00025,0.001611,0.00098,0.00941,-0.064609,0.187645,-1.100827
5,0.135747,-0.021136,0.419934,0.642304,-0.665311,-0.380594,0.757835,0.625567,0.185266,0.114034,-0.406594,0.906479,0.013607,0.000824,0.000208,0.000984,-0.014715,0.029553,-1.148597,-0.257253,-0.015976,0.38303,0.530507,0.744739,0.404867,-0.827061,0.559347,0.055101,-0.186076,-0.365023,0.912139,-0.0,-0.0,-0.0,0.0,0.0,0.0,-0.783773,0.001181,0.03978,-0.003049,-0.394037,-0.826235,0.402578,0.910461,-0.410792,0.048051,0.125675,0.385466,0.914122,2e-06,7e-06,1.1e-05,3e-06,-1.7e-05,-3.2e-05,-0.859823,0.082439,0.041863,-0.016655,-0.645266,0.616795,-0.450771,-0.727006,-0.677056,0.114266,-0.234719,0.401445,0.885295,0.006797,0.000376,8e-05,0.002445,-0.015773,0.030212,-1.101317
6,0.135833,-0.0211,0.419954,0.642284,-0.665886,-0.37962,0.758195,0.624593,0.18707,0.111747,-0.407147,0.906516,1.3e-05,8.6e-05,5.2e-05,-0.0,0.0,-0.0,-1.149035,-0.257261,-0.015968,0.383036,0.530505,0.744739,0.40487,-0.827062,0.559345,0.0551,-0.186077,-0.365025,0.912138,0.0,0.0,0.0,0.0,0.0,0.0,-0.785864,0.001177,0.039785,-0.003045,-0.394034,-0.826235,0.40258,0.910462,-0.41079,0.04805,0.125676,0.385468,0.914121,-0.006775,0.001026,0.001008,-0.002048,0.015213,-0.029271,-0.859986,0.082483,0.041883,-0.016644,-0.645386,0.617371,-0.449809,-0.727613,-0.676106,0.11601,-0.232498,0.402159,0.885557,0.006622,-0.000746,-0.0006,0.011435,-0.080173,0.217982,-1.101317
7,0.135881,-0.02112,0.419941,0.641889,-0.666118,-0.379882,0.758509,0.624274,0.186863,0.111885,-0.407257,0.906449,-0.000214,-0.001378,-0.000835,0.0,0.0,0.0,-1.148983,-0.257263,-0.015975,0.383031,0.530487,0.744747,0.404879,-0.827073,0.55933,0.055094,-0.186081,-0.365032,0.912134,-9e-06,-3.3e-05,-2.4e-05,0.0,0.0,0.0,-0.786158,0.001176,0.039781,-0.003048,-0.394015,-0.82624,0.402589,0.91047,-0.410773,0.048043,0.125678,0.385476,0.914118,-4e-06,-1.5e-05,-1e-05,-8e-06,6e-06,-2e-05,-0.859823,0.082507,0.041874,-0.01665,-0.64498,0.617629,-0.450038,-0.727925,-0.675813,0.115758,-0.232646,0.402256,0.885474,0.006496,-0.001561,-0.001094,-0.00014,-0.005482,0.002325,-1.101317
8,0.136022,-0.021126,0.419946,0.641478,-0.665036,-0.382463,0.758747,0.623613,0.188099,0.112624,-0.410024,0.90511,0.013488,7.9e-05,-0.000246,0.000285,-0.015924,0.029172,-1.150806,-0.257267,-0.015996,0.383028,0.530439,0.744765,0.404908,-0.827105,0.559281,0.055101,-0.186071,-0.365071,0.912121,-4.4e-05,-0.000169,-0.000126,0.0,0.0,0.0,-0.788501,0.001174,0.03977,-0.003049,-0.393964,-0.82625,0.402618,0.910494,-0.410719,0.04805,0.125662,0.385512,0.914105,-2.6e-05,-9.6e-05,-7.3e-05,-9e-06,2e-06,-1.9e-05,-0.859823,0.082571,0.041863,-0.016652,-0.644265,0.616475,-0.452637,-0.7283,-0.675185,0.117056,-0.233452,0.405071,0.883977,1.9e-05,0.000122,7.1e-05,0.016692,-0.053299,0.189957,-1.102134
9,0.136134,-0.021136,0.419961,0.640821,-0.665419,-0.3829,0.759274,0.623062,0.1878,0.112813,-0.410241,0.904987,0.013268,-0.001333,-0.001102,0.000984,-0.014715,0.029553,-1.149988,-0.257273,-0.015981,0.38304,0.530455,0.744758,0.404901,-0.827096,0.559294,0.055106,-0.186069,-0.365065,0.912123,4.6e-05,0.000173,0.000129,0.0,0.0,0.0,-0.790987,0.001171,0.039778,-0.003043,-0.39398,-0.826246,0.402612,0.910488,-0.410733,0.048056,0.12566,0.385506,0.914107,2.8e-05,0.000107,7.8e-05,-8e-06,3e-06,-1.2e-05,-0.85966,0.082628,0.041862,-0.016642,-0.643703,0.616901,-0.452856,-0.728753,-0.674762,0.11668,-0.23359,0.405128,0.883915,-2.4e-05,-0.004562,0.005195,-0.03568,0.011405,-0.018973,-1.101807
10,0.136124,-0.021156,0.419985,0.640424,-0.665664,-0.383136,0.7596,0.622708,0.187658,0.112874,-0.410379,0.904917,0.0,1e-06,0.0,-0.0,-0.0,-0.0,-1.149008,-0.257281,-0.015972,0.383047,0.530329,0.744812,0.404967,-0.827171,0.559188,0.05506,-0.186094,-0.365119,0.912097,1.7e-05,6.6e-05,4.9e-05,0.0,0.0,0.0,-0.791519,0.001167,0.039783,-0.00304,-0.393846,-0.826278,0.402677,0.910543,-0.410615,0.04801,0.125676,0.385563,0.914081,5e-06,2.1e-05,1.5e-05,-1.5e-05,-6e-06,-3e-06,-0.85917,0.082628,0.041852,-0.016631,-0.64317,0.61726,-0.453124,-0.729189,-0.674335,0.116419,-0.233696,0.40529,0.883812,-4e-06,-1.7e-05,-1.1e-05,0.009263,-0.064543,0.187913,-1.101481
11,0.136111,-0.021225,0.42004,0.639331,-0.666337,-0.383792,0.760494,0.621735,0.187259,0.11305,-0.41076,0.904723,-4e-06,-2.7e-05,-1.6e-05,-0.0,-0.0,-0.0,-1.146343,-0.257277,-0.015994,0.38303,0.530295,0.744827,0.404983,-0.827191,0.559159,0.055048,-0.186099,-0.365132,0.912091,-0.000163,-0.000617,-0.000459,0.0,0.0,0.0,-0.791842,0.00117,0.039772,-0.003048,-0.393811,-0.826287,0.402692,0.910558,-0.410583,0.047998,0.125678,0.385577,0.914075,-0.000105,-0.000399,-0.000298,-7e-06,1e-06,-7e-06,-0.859496,0.082621,0.041817,-0.016604,-0.642065,0.618007,-0.453672,-0.730105,-0.67343,0.115921,-0.233877,0.405657,0.883596,-2e-06,-8e-06,-4e-06,2.3e-05,3e-06,2.3e-05,-1.100664
12,0.136133,-0.021225,0.420062,0.638383,-0.666906,-0.384381,0.76125,0.620948,0.1868,0.113315,-0.411027,0.904568,0.013289,-0.001208,-0.001026,0.000984,-0.014715,0.029553,-1.142952,-0.257261,-0.016054,0.382984,0.530213,0.744864,0.405022,-0.827241,0.559088,0.055018,-0.186112,-0.365164,0.912075,-0.000304,-0.001153,-0.000859,0.0,0.0,0.0,-0.792572,0.001177,0.039742,-0.003071,-0.393723,-0.82631,0.40273,0.910595,-0.410504,0.047969,0.125686,0.385611,0.91406,-0.000187,-0.000713,-0.000532,-2e-06,-2e-06,-7e-06,-0.859496,0.082627,0.041817,-0.016592,-0.641238,0.618554,-0.454097,-0.730761,-0.672798,0.115459,-0.234098,0.405873,0.883438,1.7e-05,0.00011,6.9e-05,1.2e-05,9e-06,8e-06,-1.099684
13,0.136134,-0.021218,0.420067,0.638029,-0.667118,-0.384601,0.76153,0.620662,0.18661,0.113429,-0.411115,0.904514,9e-06,6.1e-05,3.7e-05,-0.0,-0.0,-0.0,-1.141753,-0.25726,-0.01609,0.382957,0.530144,0.744895,0.405056,-0.827283,0.559029,0.054993,-0.186124,-0.365192,0.912061,-0.000426,-0.001617,-0.001205,0.0,0.0,0.0,-0.792799,0.001178,0.039725,-0.003083,-0.393649,-0.826329,0.402764,0.910626,-0.410438,0.047944,0.125693,0.385641,0.914046,-0.000289,-0.001101,-0.000819,-0.002105,0.011844,-0.026192,-0.859333,0.082633,0.041821,-0.01659,-0.640745,0.618876,-0.454354,-0.731142,-0.672434,0.115157,-0.234255,0.405984,0.883346,3e-06,2.1e-05,1.3e-05,1.4e-05,-6e-06,1.1e-05,-1.098868
14,0.136128,-0.021249,0.420144,0.637614,-0.666057,-0.387121,0.761794,0.619922,0.187987,0.113988,-0.413937,0.903156,0.000131,0.000847,0.000514,-0.017854,-0.031314,-0.009844,-1.140083,-0.25731,-0.016162,0.382905,0.529886,0.745005,0.405192,-0.827436,0.558811,0.054899,-0.186176,-0.365303,0.912007,-0.000635,-0.002409,-0.001796,0.0,0.0,0.0,-0.792712,0.001153,0.03969,-0.003109,-0.393376,-0.826394,0.402898,0.91074,-0.410197,0.04785,0.125724,0.385759,0.913992,-0.000373,-0.001417,-0.001055,-0.002108,0.011851,-0.026188,-0.859333,0.082629,0.041803,-0.016552,-0.63997,0.617688,-0.457054,-0.73161,-0.671663,0.116681,-0.234914,0.409057,0.881751,6.1e-05,-0.004009,0.005534,-0.038712,0.002479,-0.025099,-1.097235
15,0.136122,-0.021361,0.420339,0.63702,-0.666449,-0.387423,0.762334,0.619198,0.188182,0.113692,-0.414389,0.902985,0.000124,0.0008,0.000485,-4e-06,-7e-06,-2e-06,-1.139465,-0.257386,-0.016251,0.38284,0.53406,0.741951,0.405315,-0.824249,0.563509,0.054816,-0.188384,-0.364294,0.911957,-0.000846,-0.003205,-0.002392,-0.002101,0.011839,-0.026188,-0.792835,0.001115,0.039645,-0.003142,-0.398015,-0.824091,0.403059,0.908394,-0.415378,0.047748,0.128073,0.385141,0.913927,-0.00042,-0.001598,-0.001191,-0.002147,0.011833,-0.026294,-0.85966,0.082627,0.041749,-0.016454,-0.639413,0.618261,-0.45706,-0.732199,-0.67103,0.116629,-0.234594,0.409233,0.881755,6e-05,0.000409,0.000247,0.000618,0.001032,0.000275,-1.096582
16,0.136131,-0.021512,0.42051,0.63602,-0.667078,-0.387983,0.763194,0.618146,0.188158,0.113529,-0.414945,0.902751,0.0,0.0,0.0,-0.0,-0.0,-0.0,-1.138597,-0.257411,-0.016304,0.382801,0.533897,0.742022,0.4054,-0.824348,0.563371,0.054756,-0.188416,-0.364363,0.911922,-0.00041,-0.001552,-0.001159,-0.002101,0.011839,-0.026188,-0.793423,0.001102,0.039617,-0.003163,-0.397858,-0.824131,0.403133,0.908461,-0.415238,0.047695,0.128089,0.385207,0.913896,-7e-06,-2.7e-05,-2.2e-05,-3.9e-05,-3e-06,-6.6e-05,-0.860149,0.082632,0.041674,-0.016368,-0.638406,0.618965,-0.457515,-0.733126,-0.67004,0.1165,-0.234443,0.40979,0.881537,-5e-06,-2e-05,-1.2e-05,7e-06,3.3e-05,4.9e-05,-1.095275
17,0.13614,-0.021575,0.420567,0.635547,-0.66737,-0.388256,0.763591,0.617675,0.188091,0.113505,-0.415176,0.902648,-6.2e-05,-0.009226,0.010338,-0.035849,0.011106,-0.019051,-1.138365,-0.257409,-0.016297,0.382806,0.533915,0.742014,0.405391,-0.824337,0.563386,0.054762,-0.188413,-0.364355,0.911926,0.000183,0.000694,0.000518,0.0,0.0,0.0,-0.793515,0.001102,0.039616,-0.003163,-0.397857,-0.824131,0.403133,0.908461,-0.415237,0.047695,0.128089,0.385207,0.913896,0.000123,0.000464,0.000345,-3.6e-05,-4e-06,-5.1e-05,-0.860966,0.082636,0.041645,-0.016344,-0.637916,0.619296,-0.45775,-0.73355,-0.6696,0.116358,-0.23445,0.410009,0.881433,-1.6e-05,-8.9e-05,-5.3e-05,-2e-06,-1e-06,3.4e-05,-1.094786
18,0.13615,-0.02159,0.420582,0.634647,-0.667904,-0.388809,0.764303,0.616928,0.187653,0.113749,-0.415427,0.902501,-0.0,-0.0,-0.0,-0.0,-0.0,-0.0,-1.137291,-0.2574,-0.016255,0.382825,0.533893,0.742026,0.405398,-0.824346,0.563376,0.05473,-0.188435,-0.364346,0.911925,0.00033,0.001251,0.000934,-0.014497,0.081711,-0.180727,-0.793476,0.001107,0.039639,-0.003153,-0.397831,-0.82414,0.40314,0.908469,-0.415223,0.047663,0.128112,0.385202,0.913895,0.000186,0.000702,0.000524,-0.014512,0.081709,-0.180761,-0.861456,0.082641,0.041634,-0.016333,-0.637016,0.619885,-0.458205,-0.734261,-0.668905,0.115871,-0.234669,0.410254,0.881261,-1e-06,1e-06,-1e-06,-2e-06,-1.4e-05,3e-05,-1.093806
19,0.13615,-0.021583,0.420574,0.633502,-0.668578,-0.389518,0.765195,0.616016,0.187011,0.114135,-0.415694,0.90233,-0.0,-0.0,-0.0,-0.0,-0.0,-0.0,-1.135385,-0.257386,-0.016243,0.382833,0.533949,0.742002,0.405368,-0.824312,0.563423,0.054751,-0.188424,-0.364322,0.911937,2e-06,8e-06,6e-06,0.0,0.0,0.0,-0.792712,0.001115,0.039648,-0.003146,-0.39789,-0.824126,0.40311,0.908444,-0.415275,0.047684,0.128104,0.385177,0.913907,-5e-06,-1.8e-05,-1.5e-05,-6e-06,3e-06,-2.8e-05,-0.861782,0.082641,0.041637,-0.016337,-0.635854,0.620636,-0.458801,-0.735145,-0.66806,0.115132,-0.235052,0.410493,0.881047,-0.0,0.0,-1e-06,3e-06,6e-06,2.3e-05,-1.093153
20,0.13616,-0.021584,0.420573,0.632916,-0.668921,-0.389881,0.765651,0.615544,0.186696,0.114323,-0.41584,0.902239,-0.0,-0.0,-0.0,-0.0,-0.0,-0.0,-1.134703,-0.257388,-0.01625,0.382828,0.533931,0.74201,0.405377,-0.824323,0.563408,0.054744,-0.188427,-0.364329,0.911933,-0.00019,-0.00072,-0.000537,0.0,0.0,0.0,-0.792164,0.001114,0.039646,-0.003147,-0.397871,-0.824131,0.403119,0.908452,-0.415258,0.047677,0.128106,0.385185,0.913904,-0.000155,-0.000585,-0.000436,3e-06,2e-06,-3.7e-05,-0.861946,0.082646,0.041637,-0.016337,-0.635261,0.621018,-0.459107,-0.735599,-0.667624,0.114767,-0.235239,0.410626,0.880936,1e-06,0.0,-1e-06,1.7e-05,-9e-06,3.3e-05,-1.092826
21,0.13619,-0.021587,0.420571,0.631953,-0.669482,-0.390481,0.7664,0.614769,0.186177,0.114633,-0.416084,0.902087,-0.0,-0.0,-0.0,-0.0,-0.0,-0.0,-1.134398,-0.257417,-0.016281,0.382805,0.533801,0.742065,0.405446,-0.824401,0.563298,0.054697,-0.188454,-0.364385,0.911906,-0.000305,-0.001155,-0.000863,0.0,0.0,0.0,-0.792092,0.001099,0.039629,-0.00316,-0.397732,-0.824164,0.403188,0.908511,-0.415136,0.04763,0.128123,0.385245,0.913876,-0.000165,-0.000627,-0.000468,-7e-06,-1.8e-05,-2.1e-05,-0.862272,0.08266,0.041635,-0.016338,-0.634282,0.621643,-0.459612,-0.736344,-0.666905,0.114166,-0.235547,0.410847,0.88075,1e-06,0.0,-2e-06,8e-06,-5e-06,2.6e-05,-1.092499
22,0.136209,-0.021589,0.420569,0.631006,-0.670032,-0.391066,0.767133,0.614008,0.185668,0.114935,-0.416321,0.901939,-0.0,-0.0,-0.0,-0.0,-0.0,-0.0,-1.132379,-0.257491,-0.016313,0.382771,0.53369,0.742113,0.405506,-0.824463,0.563215,0.054631,-0.188499,-0.364419,0.911883,-0.000422,-0.001597,-0.001193,0.0,0.0,0.0,-0.79245,0.001063,0.039614,-0.003176,-0.397614,-0.824193,0.403246,0.908557,-0.415042,0.047565,0.128162,0.385285,0.913853,-0.000242,-0.000915,-0.000681,-0.00211,0.011838,-0.026197,-0.861129,0.08267,0.041634,-0.016339,-0.633322,0.622258,-0.460105,-0.737074,-0.666199,0.113576,-0.235848,0.411062,0.880569,1e-06,0.0,-1e-06,0.009292,-0.064214,0.188022,-1.091683
23,0.136188,-0.021595,0.420566,0.630688,-0.668879,-0.393546,0.767289,0.613443,0.186886,0.115636,-0.418995,0.90061,-5e-06,-3.6e-05,-2.2e-05,-0.268652,-0.563055,0.03167,-1.13119,-0.257497,-0.016334,0.382756,0.533636,0.742136,0.405533,-0.824495,0.563169,0.054612,-0.18851,-0.364441,0.911872,-1.4e-05,-5.1e-05,-3.8e-05,0.0,0.0,0.0,-0.792219,0.001059,0.0396,-0.003186,-0.397557,-0.824207,0.403274,0.908581,-0.414991,0.047545,0.128168,0.385309,0.913842,4e-06,1.4e-05,1.2e-05,-1e-06,3e-06,-1e-05,-0.862272,0.08266,0.041631,-0.016341,-0.6328,0.622598,-0.460364,-0.737472,-0.665814,0.113253,-0.236006,0.411172,0.880476,-2e-06,-1.5e-05,-9e-06,8e-06,8e-06,6e-06,-1.09054
24,0.136178,-0.021594,0.420567,0.634543,-0.665191,-0.393602,0.763718,0.6179,0.186833,0.118143,-0.418324,0.900597,-0.0,-1e-06,-0.0,-0.004019,-0.007313,-0.002383,-1.128815,-0.257509,-0.016339,0.382752,0.533598,0.742152,0.405554,-0.824518,0.563137,0.054598,-0.188518,-0.364458,0.911863,-6e-06,-2.4e-05,-1.8e-05,0.0,0.0,0.0,-0.792076,0.001053,0.039598,-0.003188,-0.397516,-0.824217,0.403294,0.908599,-0.414955,0.047532,0.128173,0.385327,0.913834,5e-06,1.9e-05,1.5e-05,-3e-06,-5e-06,-7e-06,-0.862109,0.082655,0.041632,-0.01634,-0.63623,0.617024,-0.463133,-0.733518,-0.669821,0.115282,-0.239084,0.413062,0.878759,-0.0,5e-06,4e-06,0.011133,0.015851,0.002372,-1.089887
25,0.136178,-0.0216,0.420575,0.634214,-0.665386,-0.393801,0.763978,0.617625,0.186678,0.118226,-0.418418,0.900542,-0.0,-0.0,-0.0,-1e-06,-2e-06,-0.0,-1.129076,-0.257521,-0.016337,0.382742,0.533449,0.74222,0.405627,-0.824603,0.563019,0.054519,-0.188566,-0.364503,0.911835,-0.000137,-0.00052,-0.000389,0.0,0.0,0.0,-0.792119,0.001048,0.039601,-0.003192,-0.397356,-0.824259,0.403366,0.908663,-0.414823,0.047453,0.128212,0.38538,0.913806,-7.4e-05,-0.000282,-0.00021,-3e-06,1e-05,1e-06,-0.861619,0.082655,0.041629,-0.016336,-0.635914,0.61737,-0.463105,-0.733778,-0.669594,0.114946,-0.239128,0.412912,0.878817,-0.0,2e-06,-0.0,0.000269,0.000594,0.000306,-1.088907
26,0.136187,-0.021609,0.420569,0.633759,-0.665653,-0.394083,0.764334,0.61726,0.18643,0.118372,-0.418532,0.90047,-0.0,-2e-06,-1e-06,-0.0,-0.0,-0.0,-1.129429,-0.257533,-0.016378,0.382698,0.533336,0.742272,0.405681,-0.824667,0.562932,0.054453,-0.188606,-0.364532,0.911816,-0.000381,-0.001442,-0.001078,0.0,0.0,0.0,-0.791533,0.001041,0.039581,-0.003213,-0.397235,-0.824291,0.403419,0.908711,-0.414726,0.047388,0.128247,0.385416,0.913786,-0.000202,-0.000769,-0.000573,-4e-06,6e-06,4e-06,-0.860149,0.082659,0.041624,-0.016339,-0.635448,0.617675,-0.463338,-0.734135,-0.669252,0.114656,-0.23927,0.413011,0.878732,1e-06,6e-06,3e-06,-5.1e-05,3.3e-05,0.000134,-1.088417
27,0.136188,-0.021602,0.420574,0.633402,-0.665863,-0.394302,0.764612,0.616974,0.186235,0.118485,-0.418619,0.900415,3.3e-05,0.000212,0.000129,-0.0,-0.0,-0.0,-1.129807,-0.257556,-0.016417,0.382657,0.533203,0.742332,0.405746,-0.824743,0.562828,0.05438,-0.188651,-0.36457,0.911791,-0.000575,-0.002173,-0.001625,0.0,0.0,0.0,-0.791416,0.00103,0.039562,-0.003233,-0.397094,-0.824328,0.403483,0.908767,-0.41461,0.047315,0.128285,0.385461,0.913762,-0.000362,-0.001375,-0.001027,-8e-06,5e-06,5e-06,-0.861129,0.08266,0.041628,-0.016337,-0.635084,0.617912,-0.463522,-0.734414,-0.668985,0.114431,-0.239381,0.413091,0.878664,2.1e-05,0.000137,8.4e-05,-3.4e-05,2.1e-05,0.000108,-1.088417
28,0.136178,-0.0216,0.420575,0.632511,-0.666388,-0.394845,0.765305,0.616261,0.18575,0.118765,-0.418833,0.900278,0.0,0.0,0.0,0.009286,-0.06422,0.188006,-1.129427,-0.2576,-0.016456,0.382474,0.53311,0.742402,0.405739,-0.824747,0.562853,0.054057,-0.188894,-0.364389,0.911813,-0.000868,0.006394,-0.012249,0.035995,-0.014801,0.016023,-0.790572,0.001008,0.039542,-0.003325,-0.396991,-0.824381,0.403476,0.908774,-0.414632,0.046992,0.128555,0.385324,0.913782,-0.000457,0.003102,-0.006195,0.035995,-0.014801,0.016026,-0.861456,0.082655,0.041629,-0.016336,-0.634294,0.618425,-0.463919,-0.735018,-0.668405,0.113941,-0.239622,0.413261,0.878519,-0.0,-2e-06,-2e-06,-2.5e-05,9e-06,6.1e-05,-1.088254
29,0.136198,-0.021603,0.420573,0.631678,-0.666872,-0.395359,0.765951,0.615594,0.185297,0.119032,-0.419041,0.900146,0.013268,-0.001365,-0.001121,0.000984,-0.014715,0.029553,-1.129808,-0.257678,-0.016473,0.382182,0.532708,0.742631,0.405847,-0.824895,0.562701,0.053379,-0.189384,-0.364156,0.911805,-0.00155,0.003823,-0.014181,0.033897,-0.00295,-0.010159,-0.787565,0.00097,0.039536,-0.003463,-0.396562,-0.824535,0.403582,0.908891,-0.41445,0.04634,0.129056,0.38519,0.913768,-0.000763,-0.002896,-0.002174,-0.002095,0.011867,-0.026178,-0.861292,0.08266,0.041628,-0.016337,-0.633353,0.61903,-0.464397,-0.735734,-0.667716,0.113357,-0.239915,0.413468,0.878341,0.0,-1e-06,-2e-06,-6e-06,-6e-06,6.5e-05,-1.088417
30,0.136198,-0.021603,0.420573,0.631411,-0.665668,-0.397808,0.766062,0.615082,0.186537,0.119733,-0.421696,0.898813,0.0,0.0,0.0,-0.03919,-0.071123,-0.02231,-1.129703,-0.257841,-0.016458,0.381788,0.532265,0.742899,0.405939,-0.825023,0.562602,0.052443,-0.190075,-0.363761,0.911818,-0.001691,0.003298,-0.014584,0.033896,-0.002953,-0.010161,-0.715142,0.000888,0.039541,-0.003662,-0.396078,-0.824725,0.40367,0.908995,-0.414325,0.045405,0.129804,0.384918,0.913776,-0.000832,-0.003159,-0.002372,-0.002106,0.011895,-0.026157,-0.851005,0.082665,0.041628,-0.016337,-0.632693,0.617771,-0.466966,-0.736049,-0.667142,0.114681,-0.240686,0.416268,0.876806,1e-06,-0.0,-2e-06,-0.037483,-0.070147,-0.02388,-1.088907
31,0.136208,-0.02161,0.42058,0.631291,-0.665739,-0.397882,0.766158,0.614975,0.186495,0.119751,-0.421741,0.898789,0.0,0.0,0.0,-0.000573,-0.00104,-0.000326,-1.129804,-0.257912,-0.016463,0.381606,0.532049,0.743026,0.40599,-0.825092,0.56254,0.052026,-0.190382,-0.363598,0.91182,-0.001566,0.003773,-0.014232,0.033895,-0.002954,-0.010162,-0.599463,0.000853,0.039537,-0.003754,-0.395842,-0.824814,0.403719,0.90905,-0.414249,0.044988,0.130134,0.38481,0.913775,-0.000745,-0.002825,-0.002124,-0.002102,0.01189,-0.026149,-0.80708,0.08267,0.041624,-0.016334,-0.632607,0.617864,-0.466958,-0.736115,-0.667087,0.114577,-0.240709,0.416218,0.876824,0.0,1e-06,-0.0,0.006372,0.010224,0.002037,-1.088907
32,0.136198,-0.021616,0.420589,0.631207,-0.665791,-0.397927,0.766226,0.614897,0.186472,0.119753,-0.421773,0.898774,0.0,0.0,0.0,-0.0,-0.0,-0.0,-1.127518,-0.2581,-0.016455,0.381335,0.532888,0.743265,0.404449,-0.825055,0.562431,0.053754,-0.188175,-0.363277,0.912405,-0.000937,0.006144,-0.012451,0.03598,-0.014874,0.01599,-0.344965,0.000763,0.039537,-0.003892,-0.396672,-0.825181,0.402152,0.908994,-0.414177,0.04675,0.127985,0.384099,0.914377,-0.000484,-0.001836,-0.00138,0.002446,0.001949,-0.001174,-0.649341,0.082665,0.041621,-0.016329,-0.632531,0.617982,-0.466906,-0.736187,-0.667025,0.11448,-0.240692,0.416143,0.876864,0.0,0.0,-1e-06,8.6e-05,0.000229,0.000131,-1.08858
33,0.136197,-0.021624,0.420584,0.630654,-0.666113,-0.398264,0.766654,0.614455,0.186169,0.119928,-0.421908,0.898687,-0.0,-3e-06,-2e-06,-0.0,-0.0,-0.0,-1.063346,-0.258451,-0.016391,0.381061,0.539838,0.743583,0.394525,-0.823955,0.562572,0.067418,-0.172481,-0.362406,0.915847,-0.014772,-0.002332,-0.001303,-2.012098,-1.605566,0.957766,-0.113804,0.000587,0.039573,-0.004033,-0.402397,-0.826407,0.393862,0.908177,-0.414537,0.05807,0.115281,0.381064,0.917332,-0.000636,0.00243,-0.006706,0.042976,0.004232,-0.014549,-0.414366,0.082664,0.041617,-0.016332,-0.632084,0.61827,-0.46713,-0.736526,-0.666698,0.114201,-0.240828,0.416238,0.876782,1e-06,5e-06,2e-06,-2.2e-05,3e-06,7.3e-05,-1.073068
34,0.136187,-0.021643,0.420609,0.630367,-0.666287,-0.398429,0.766887,0.614191,0.186081,0.11995,-0.422017,0.898633,-4.1e-05,-0.009094,0.010419,-0.03585,0.011098,-0.019054,-0.971844,-0.258622,-0.016277,0.38087,0.542659,0.743478,0.390837,-0.823151,0.563202,0.071837,-0.167378,-0.36164,0.917095,-0.000865,0.006417,-0.012248,0.035528,-0.01529,0.016176,-0.028662,0.000496,0.039626,-0.004125,-0.406345,-0.826991,0.388546,0.907349,-0.415336,0.064901,0.107705,0.378919,0.91914,-0.007288,0.004002,-0.005288,0.040396,0.019042,-0.043532,-0.307248,0.082659,0.041611,-0.016323,-0.631666,0.618544,-0.467333,-0.736857,-0.666369,0.113984,-0.240912,0.416357,0.876702,1e-06,4e-06,2e-06,-1.6e-05,-0.0,6.7e-05,-1.034205
35,0.136158,-0.021714,0.420709,0.633574,-0.662996,-0.39883,0.763847,0.618004,0.185958,0.122407,-0.421636,0.89848,0.0,1e-06,1e-06,-0.0,-0.0,-0.0,-0.778787,-0.25885,-0.015889,0.380376,0.546463,0.743018,0.386385,-0.821547,0.565043,0.07563,-0.162802,-0.359702,0.91868,-0.000554,0.017203,-0.021187,0.069842,-0.017982,0.005754,0.065187,0.000383,0.039814,-0.004364,-0.410153,-0.827151,0.38418,0.906115,-0.41742,0.068658,0.103574,0.376272,0.920701,-0.007,0.005071,-0.004483,0.036525,0.002284,-0.014563,-0.156041,0.082645,0.041572,-0.016269,-0.634598,0.615018,-0.468013,-0.733549,-0.669964,0.114245,-0.24329,0.415811,0.876305,-3e-06,-5e-06,-2e-06,-4.8e-05,4.1e-05,0.000185,-0.902592
36,0.136147,-0.021802,0.420812,0.632952,-0.663386,-0.399171,0.764377,0.61736,0.185918,0.122315,-0.421966,0.898338,0.0,0.0,0.0,-0.0,-0.0,-0.0,-0.54645,-0.258979,-0.015465,0.379931,0.546669,0.741812,0.388406,-0.821135,0.56563,0.075725,-0.164193,-0.361269,0.917817,-8.3e-05,0.009316,-0.010049,0.021497,0.068355,-0.164048,0.117401,0.000317,0.040026,-0.004592,-0.410686,-0.825934,0.386223,0.905744,-0.418202,0.068791,0.104702,0.378071,0.919836,-5.9e-05,0.004564,-0.005093,0.040874,-0.022013,0.014295,-0.064271,0.082639,0.041528,-0.016218,-0.633969,0.615454,-0.468293,-0.734121,-0.669356,0.114144,-0.243205,0.416147,0.876168,-2e-06,-2e-06,-0.0,-5.7e-05,2.2e-05,0.000113,-0.748283
37,0.136127,-0.021807,0.420821,0.63406,-0.663304,-0.397544,0.763881,0.617238,0.188348,0.119665,-0.422272,0.898551,0.0,0.0,0.0,-0.016263,0.011931,-0.009682,-0.419062,-0.25906,-0.015293,0.379782,0.547411,0.742076,0.386852,-0.821079,0.565479,0.07743,-0.161971,-0.360961,0.918333,0.000101,0.009995,-0.009533,0.035929,-0.015048,0.015919,0.133887,0.000277,0.040115,-0.004671,-0.411277,-0.826378,0.384641,0.90572,-0.417981,0.070433,0.102568,0.377345,0.920374,-0.006711,0.006122,-0.003687,0.038705,0.002446,-0.015736,-0.034879,0.082629,0.041526,-0.016213,-0.635252,0.615298,-0.466757,-0.73388,-0.669186,0.116656,-0.240569,0.41665,0.876657,-1e-06,-1e-06,-1e-06,-0.054242,0.03974,-0.032158,-0.660106
38,0.136054,-0.021754,0.420843,0.65076,-0.651136,-0.390614,0.75021,0.630744,0.198287,0.116462,-0.421266,0.899444,0.000167,0.001075,0.000651,-0.001325,0.001005,-0.001199,-0.153759,-0.259283,-0.01495,0.379576,0.506982,0.772062,0.383251,-0.850431,0.520353,0.077032,-0.140575,-0.365958,0.919879,0.000251,0.000928,0.000702,-0.473605,-0.417765,-1.675943,0.18112,0.000165,0.040291,-0.004777,-0.368303,-0.84772,0.381735,0.926152,-0.370403,0.071009,0.0812,0.379698,0.921539,0.00013,0.005728,-0.004246,-1.796039,-0.928886,-5.291144,0.019987,0.082592,0.04155,-0.016203,-0.65175,0.601952,-0.461384,-0.720336,-0.681677,0.128184,-0.237355,0.415895,0.877891,0.000123,0.00082,0.000498,-0.002621,0.004809,-0.005393,-0.458606
39,0.136034,-0.021704,0.42079,0.664777,-0.645355,-0.376342,0.740573,0.635551,0.218169,0.097567,-0.422937,0.900906,0.0,0.0,0.0,-0.054157,0.039884,-0.032233,-0.041495,-0.259368,-0.014629,0.379386,0.499808,0.782904,0.370465,-0.858018,0.505777,0.089035,-0.11828,-0.363355,0.924038,0.000307,0.001135,0.000858,0.212119,-0.515415,-0.21379,0.255,0.000123,0.040453,-0.004871,-0.358396,-0.857204,0.3698,0.931722,-0.353333,0.083958,0.058694,0.374642,0.925309,0.000267,0.005755,-0.004187,-0.153132,-0.163807,0.108481,0.104571,0.082583,0.041577,-0.016228,-0.666678,0.595265,-0.448551,-0.712472,-0.685709,0.14895,-0.218911,0.418882,0.881257,-3e-06,-1.6e-05,-9e-06,-0.185835,0.136738,-0.110131,-0.318829
40,0.136064,-0.021626,0.420694,0.67178,-0.643077,-0.367707,0.735643,0.637479,0.228957,0.086338,-0.423507,0.901784,0.0,0.0,0.0,-0.00934,0.064196,-0.188047,0.020821,-0.25938,-0.01433,0.379074,0.513141,0.784691,0.34776,-0.853701,0.508244,0.113207,-0.088546,-0.355965,0.930221,-0.000134,0.009107,-0.010197,-1.972268,-1.703518,0.956777,0.346744,0.000118,0.040606,-0.005025,-0.370144,-0.862437,0.345245,0.928428,-0.356162,0.105678,0.031823,0.359652,0.932543,-8.2e-05,0.004478,-0.005156,-1.973919,-1.659621,0.951884,0.213976,0.082598,0.041616,-0.016277,-0.674205,0.592624,-0.44073,-0.708659,-0.687145,0.160105,-0.207964,0.420271,0.883245,0.0,-5e-06,-4e-06,0.006228,-0.004798,0.004372,-0.246328
41,0.136097,-0.021594,0.420677,0.67371,-0.642377,-0.365394,0.734212,0.638119,0.231749,0.083462,-0.423606,0.902008,0.000235,0.001514,0.000917,0.001216,-0.009202,0.027166,0.054387,-0.259373,-0.014124,0.378833,0.508216,0.793336,0.33515,-0.858671,0.496344,0.127518,-0.065811,-0.353593,0.933008,-2.4e-05,0.019114,-0.019707,-0.524233,-0.370722,-1.309893,0.404185,0.000121,0.040697,-0.005135,-0.36894,-0.867917,0.332567,0.929385,-0.348808,0.120731,0.011217,0.353626,0.935319,-0.000149,0.004214,-0.005351,-0.608422,-0.623055,0.504277,0.276679,0.082613,0.041629,-0.016287,-0.676314,0.591791,-0.438613,-0.707471,-0.687678,0.163038,-0.205141,0.420571,0.883762,1e-06,5e-06,1e-06,0.00415,-0.003239,0.00303,-0.206975
42,0.136163,-0.021569,0.420714,0.674234,-0.6439,-0.361727,0.7341,0.63795,0.232569,0.080179,-0.421546,0.903271,0.000367,0.002372,0.001436,0.000185,0.000333,0.000104,0.158824,-0.259303,-0.013604,0.37834,0.522181,0.794188,0.310779,-0.852021,0.500951,0.151797,-0.035775,-0.345059,0.937826,0.000402,0.020689,-0.018504,0.080973,-0.118527,0.213628,0.494107,0.000156,0.040958,-0.005387,-0.377782,-0.873126,0.308108,0.925695,-0.349281,0.145225,-0.019183,0.340078,0.940201,0.006938,0.004314,-0.005499,0.066061,-0.198562,0.406139,0.413844,0.082647,0.041641,-0.016269,-0.677375,0.593276,-0.434956,-0.7074,-0.687563,0.163833,-0.201862,0.418664,0.885421,0.000223,0.001441,0.000871,-0.001506,-0.0168,0.027357,-0.090059
43,0.136235,-0.02135,0.420822,0.675609,-0.644095,-0.358803,0.73337,0.637186,0.236926,0.075186,-0.4224,0.903301,0.014288,0.005303,0.002906,-0.05318,0.025357,-0.002422,0.253954,-0.2594,-0.013237,0.377813,0.521352,0.80116,0.293813,-0.853167,0.494379,0.16622,-0.012731,-0.338344,0.940864,-0.001725,0.003223,-0.014643,0.041813,-0.092165,0.16779,0.519517,0.000111,0.041159,-0.005643,-0.375886,-0.879749,0.291118,0.925774,-0.342732,0.159614,-0.040645,0.329507,0.943277,-0.007643,0.002593,-0.006352,0.022101,0.004872,-0.047823,0.489774,0.082682,0.041748,-0.016216,-0.679064,0.593349,-0.432212,-0.707168,-0.686717,0.168319,-0.196936,0.419946,0.885923,0.007181,0.002903,0.001604,-0.051852,0.024145,-0.001507,0.056576
44,0.1363,-0.021183,0.420909,0.677393,-0.644017,-0.355564,0.73224,0.636757,0.241528,0.070022,-0.423164,0.903358,0.001337,0.008659,0.005222,0.000907,-0.008976,0.026985,0.29183,-0.259523,-0.013242,0.377492,0.514739,0.806676,0.290359,-0.857241,0.486524,0.16842,-0.006043,-0.33662,0.941548,-0.003273,-0.012069,-0.009162,0.009852,-0.060048,0.127361,0.521067,5.1e-05,0.041167,-0.005803,-0.368444,-0.884032,0.287637,0.928469,-0.334333,0.16176,-0.046835,0.326661,0.94398,-0.001507,-0.000814,-0.009161,0.052059,-0.084123,0.168656,0.503817,0.082714,0.041828,-0.016175,-0.681186,0.593145,-0.429142,-0.706529,-0.6862,0.173046,-0.191836,0.421078,0.886505,0.007298,0.003694,0.002078,0.009243,-0.029221,0.061218,0.117157
45,0.136379,-0.020865,0.4211,0.681029,-0.6438,-0.34895,0.729798,0.635967,0.250825,0.059598,-0.424678,0.903396,0.001213,0.007866,0.004729,0.001345,-0.0093,0.027244,0.32829,-0.259687,-0.01369,0.376868,0.510209,0.810111,0.288787,-0.859961,0.481138,0.17002,-0.001842,-0.336115,0.941746,-0.004513,-0.016598,-0.012676,-0.004026,0.024525,-0.051998,0.51837,-3.6e-05,0.040946,-0.006112,-0.363565,-0.886593,0.285959,0.93018,-0.328741,0.163382,-0.050847,0.325394,0.94421,-0.002249,-0.008314,-0.006344,-0.015137,0.097468,-0.204504,0.511491,0.082755,0.041993,-0.016076,-0.685424,0.592703,-0.42296,-0.70512,-0.685202,0.182488,-0.181652,0.423319,0.887582,0.000571,0.003717,0.002234,0.005625,-0.012498,0.029916,0.204518
46,0.136413,-0.02062,0.421199,0.681458,-0.644048,-0.347652,0.729588,0.635422,0.252805,0.057245,-0.425114,0.903342,0.000543,0.003526,0.002115,0.0,0.0,0.0,0.358457,-0.259607,-0.014253,0.376494,0.507838,0.810995,0.290483,-0.861364,0.478791,0.169549,-0.002205,-0.33734,0.941308,0.011024,-0.011579,-0.009314,3.1e-05,-0.002946,0.003244,0.512016,2e-06,0.040635,-0.006322,-0.361052,-0.887064,0.287676,0.931167,-0.326172,0.162906,-0.050676,0.326693,0.94377,0.005576,-0.005579,-0.004493,0.00022,-0.002796,0.003981,0.508879,0.082773,0.042125,-0.01602,-0.685962,0.592942,-0.421753,-0.705176,-0.684627,0.184422,-0.179392,0.423916,0.887756,0.000249,0.001625,0.000974,0.000373,-0.000259,0.000207,0.254321
47,0.136469,-0.020458,0.421188,0.680443,-0.64469,-0.348449,0.73049,0.634681,0.252063,0.05781,-0.425248,0.903243,0.000152,0.000985,0.00059,0.0,0.0,0.0,0.36605,-0.259273,-0.014451,0.376434,0.506085,0.811187,0.292993,-0.862385,0.477767,0.167228,-0.004955,-0.33833,0.940942,0.013824,-0.00129,-0.00142,0.002045,-0.015205,0.029245,0.498133,0.000162,0.040529,-0.006356,-0.359275,-0.886963,0.2902,0.93199,-0.324977,0.160574,-0.048115,0.328154,0.943397,0.007054,-0.000125,-0.000314,0.001315,-0.015871,0.030155,0.494999,0.082801,0.042206,-0.016026,-0.684917,0.593651,-0.422453,-0.706048,-0.683955,0.183581,-0.179956,0.424009,0.887598,8.3e-05,0.004961,-0.004961,0.035879,-0.011098,0.019052,0.281917
48,0.136499,-0.020448,0.42117,0.679841,-0.645074,-0.348913,0.731029,0.634204,0.251702,0.058075,-0.425378,0.903166,-0.000114,-0.000739,-0.000443,0.0,0.0,0.0,0.365595,-0.259058,-0.014476,0.376538,0.499076,0.814039,0.297076,-0.866437,0.471944,0.162759,-0.008327,-0.339655,0.940441,0.014747,-0.007484,0.011006,0.021912,0.033115,0.014509,0.493055,0.000264,0.040523,-0.006313,-0.351889,-0.888632,0.294119,0.934952,-0.318526,0.156219,-0.045137,0.329959,0.942915,0.000735,0.002716,0.002081,0.647922,0.629054,-0.457849,0.48961,0.082816,0.042212,-0.016034,-0.6843,0.594074,-0.422857,-0.706579,-0.683518,0.183161,-0.180219,0.42412,0.887492,-0.000114,-0.000743,-0.000446,0.009296,-0.064256,0.187991,0.286163
49,0.136502,-0.02046,0.421103,0.679014,-0.645602,-0.349547,0.731765,0.633573,0.251152,0.05848,-0.425516,0.903075,-0.00018,-0.001167,-0.0007,0.0,0.0,0.0,0.366261,-0.258664,-0.014696,0.376976,0.494132,0.81341,0.306902,-0.869057,0.470622,0.152279,-0.021179,-0.342989,0.939028,0.001036,-0.005782,0.012742,-0.019786,0.02873,-0.02337,0.483335,0.000475,0.04042,-0.006082,-0.347034,-0.88718,0.304101,0.937279,-0.31675,0.145522,-0.03278,0.335529,0.941458,0.007377,-0.008528,0.010414,-0.020997,0.042346,0.002227,0.478343,0.082817,0.042202,-0.01607,-0.683451,0.594657,-0.42341,-0.707297,-0.682944,0.182532,-0.180622,0.424228,0.887358,-0.00012,-0.000788,-0.000474,1.6e-05,1.6e-05,-1.3e-05,0.288939
50,0.1365,-0.020447,0.421063,0.67847,-0.645948,-0.349963,0.732246,0.633167,0.250773,0.058761,-0.425595,0.903019,-4e-06,-2.3e-05,-1.4e-05,0.0,0.0,0.0,0.365727,-0.258429,-0.015346,0.377642,0.489611,0.811987,0.317726,-0.871151,0.470295,0.140898,-0.03562,-0.346798,0.93719,-0.000195,-0.020032,0.019011,-0.057406,-0.05337,0.14776,0.461363,0.000595,0.040108,-0.005746,-0.342649,-0.885086,0.31498,0.939267,-0.315908,0.134081,-0.019169,0.341793,0.939579,-0.000141,-0.010139,0.009406,-0.081575,0.022002,-0.026961,0.456626,0.082816,0.042205,-0.016092,-0.682894,0.595039,-0.423773,-0.707764,-0.682575,0.182101,-0.180899,0.424287,0.887273,1e-06,4e-06,3e-06,1.1e-05,-3e-06,-5e-06,0.289429
51,0.1365,-0.020434,0.421048,0.67813,-0.646165,-0.350222,0.732548,0.632907,0.250547,0.058925,-0.425651,0.902982,-0.0,-0.0,-0.0,0.0,0.0,0.0,0.365665,-0.258358,-0.015803,0.378011,0.481864,0.813833,0.324769,-0.875123,0.465127,0.133231,-0.043225,-0.34944,0.935888,-0.000523,-0.021265,0.018075,1.916865,1.709242,-0.962955,0.447646,0.000626,0.039888,-0.005567,-0.335569,-0.885945,0.320145,0.9419,-0.310252,0.128711,-0.014705,0.344737,0.938583,-0.000377,-0.011022,0.008736,-0.080639,0.022662,-0.027275,0.442256,0.082816,0.042212,-0.0161,-0.682545,0.595279,-0.423998,-0.708059,-0.682337,0.181843,-0.181062,0.424332,0.887219,2.3e-05,0.004562,-0.005199,0.035872,-0.011083,0.01904,0.289429
52,0.136491,-0.020418,0.421045,0.677377,-0.646651,-0.350781,0.733221,0.632293,0.250129,0.059213,-0.425824,0.902881,3e-06,1.9e-05,1.1e-05,0.009263,-0.064317,0.187974,0.368395,-0.258232,-0.016493,0.378703,0.475916,0.81539,0.329599,-0.878175,0.460521,0.12909,-0.047115,-0.351911,0.934774,0.000699,-0.007049,0.011787,-0.033865,0.00295,0.010126,0.431349,0.000691,0.039527,-0.005227,-0.328634,-0.886167,0.326659,0.944416,-0.305129,0.122364,-0.008762,0.348715,0.937187,0.00027,-0.003777,0.005697,-0.041874,0.009911,-0.012654,0.415803,0.082811,0.04222,-0.016101,-0.681883,0.59574,-0.424414,-0.708632,-0.681855,0.181418,-0.181312,0.42446,0.887106,1e-06,7e-06,4e-06,1.3e-05,1e-06,-1.5e-05,0.289919
53,0.136493,-0.02037,0.421003,0.676764,-0.647037,-0.351253,0.733758,0.631853,0.249666,0.059561,-0.425892,0.902826,8.7e-05,0.000564,0.000338,0.0,0.0,0.0,0.373188,-0.25816,-0.016694,0.379102,0.475367,0.815483,0.330157,-0.878512,0.459624,0.129984,-0.046334,-0.352867,0.934452,0.001116,0.00418,0.003195,-0.014229,0.082957,-0.18018,0.421968,0.000727,0.039417,-0.005016,-0.328229,-0.88615,0.327114,0.944546,-0.304295,0.123431,-0.009839,0.349488,0.936888,0.000675,0.002561,0.001956,0.002053,-0.012069,0.0265,0.398331,0.082812,0.042239,-0.016119,-0.681157,0.596236,-0.424884,-0.709239,-0.681372,0.180862,-0.181668,0.42454,0.886995,6.8e-05,0.000442,0.000265,1.4e-05,-8e-06,-1.2e-05,0.296124
54,0.136493,-0.020288,0.420909,0.676525,-0.647171,-0.351465,0.73395,0.631791,0.249259,0.059903,-0.425779,0.902857,4.2e-05,0.009106,-0.010408,0.035847,-0.011112,0.019051,0.379025,-0.258107,-0.016361,0.379188,0.473536,0.816114,0.331231,-0.879471,0.458024,0.129144,-0.046898,-0.353493,0.934188,0.00164,0.006147,0.004687,0.00206,-0.012029,0.026104,0.41063,0.000752,0.039577,-0.004971,-0.326292,-0.886464,0.328198,0.945221,-0.302524,0.122615,-0.009406,0.350228,0.936616,0.000903,0.003395,0.002589,0.002102,-0.011997,0.026339,0.386084,0.082812,0.042282,-0.016165,-0.680909,0.596385,-0.425072,-0.709392,-0.681326,0.180436,-0.182003,0.424404,0.886992,0.0,-5e-06,-4e-06,6e-06,-1e-05,-9e-06,0.302165
55,0.136485,-0.020225,0.420852,0.677468,-0.647082,-0.34981,0.733278,0.631714,0.25142,0.057453,-0.426029,0.902898,5.2e-05,0.009166,-0.010372,0.035847,-0.011117,0.019049,0.38462,-0.258087,-0.016129,0.37916,0.472514,0.816481,0.331784,-0.879994,0.45721,0.128461,-0.04739,-0.353699,0.934085,0.001519,0.005698,0.00434,0.002058,-0.01204,0.026099,0.401152,0.000764,0.039701,-0.004986,-0.325108,-0.886673,0.328807,0.945634,-0.301529,0.12188,-0.008923,0.350556,0.936498,0.000743,0.007624,-0.002765,0.021793,0.068145,-0.163975,0.377267,0.082808,0.042314,-0.016194,-0.682015,0.596234,-0.423508,-0.708948,-0.681192,0.182672,-0.179575,0.424831,0.887282,6e-06,2.6e-05,1.5e-05,0.00173,-0.001274,0.001073,0.308044
56,0.13643,-0.020067,0.420722,0.677315,-0.64716,-0.349962,0.733384,0.631802,0.25089,0.057903,-0.425781,0.902987,1.8e-05,0.000116,6.9e-05,0.0,0.0,0.0,0.391718,-0.258053,-0.015682,0.378999,0.470024,0.817371,0.333127,-0.881263,0.455228,0.126795,-0.048588,-0.354201,0.933833,0.000979,0.013336,-0.006989,0.038008,-0.027046,0.042032,0.3729,0.000781,0.039925,-0.005059,-0.32249,-0.887132,0.330147,0.94654,-0.299337,0.120244,-0.007847,0.351274,0.936239,0.000322,0.006033,-0.003979,0.021803,0.068301,-0.163965,0.346078,0.08278,0.042393,-0.016258,-0.681844,0.596324,-0.423657,-0.708996,-0.681291,0.182117,-0.180033,0.424547,0.887325,1.1e-05,6.3e-05,3.8e-05,3.2e-05,-3.8e-05,2.1e-05,0.320617
57,0.136432,-0.019929,0.420579,0.678116,-0.64714,-0.348443,0.732813,0.631734,0.25272,0.05574,-0.42591,0.903062,0.0,3e-06,2e-06,-0.0,0.0,-0.0,0.402362,-0.257903,-0.015613,0.378866,0.467268,0.818292,0.33474,-0.882688,0.452775,0.125663,-0.049308,-0.355222,0.933407,-0.000616,-0.002314,-0.00176,0.0,0.0,0.0,0.326749,0.000858,0.039969,-0.005124,-0.319642,-0.887575,0.331719,0.947509,-0.296712,0.119105,-0.00729,0.352378,0.935828,-0.000374,-0.001416,-0.00108,-2e-05,1e-05,9.2e-05,0.297907,0.082781,0.042462,-0.01633,-0.682793,0.596253,-0.422226,-0.708621,-0.681175,0.183997,-0.177901,0.42483,0.887619,1e-06,-1.4e-05,-8e-06,0.000237,-0.000184,0.000149,0.331068
58,0.136452,-0.019835,0.420468,0.679055,-0.647034,-0.346807,0.732118,0.631728,0.254741,0.053422,-0.426079,0.903122,4.6e-05,0.009122,-0.010394,0.035803,-0.011121,0.019014,0.415677,-0.257705,-0.015723,0.378801,0.466281,0.818611,0.335334,-0.883203,0.451832,0.12543,-0.04941,-0.355687,0.933225,0.0126,-0.005845,-0.004903,-4e-06,-0.003131,0.003161,0.30553,0.000952,0.039916,-0.005155,-0.318612,-0.887725,0.332309,0.947856,-0.295694,0.118876,-0.007267,0.352857,0.935648,0.006378,-0.002634,-0.002235,-0.012108,0.068135,-0.1507,0.269495,0.082792,0.042508,-0.016386,-0.683907,0.596083,-0.42066,-0.708128,-0.68111,0.186126,-0.175569,0.425174,0.887919,2.4e-05,0.004553,-0.005204,0.030914,0.050372,-0.166108,0.343968
