frame,MLTx,MLTy,MLTz,MLTR1,MLTR2,MLTR3,MLTR4,MLTR5,MLTR6,MLTR7,MLTR8,MLTR9,MLTTVx,MLTTVy,MLTTVz,MLTRVx,MLTRVy,MLTRVz,MLGA,MRTx,MRTy,MRTz,MRTR1,MRTR2,MRTR3,MRTR4,MRTR5,MRTR6,MRTR7,MRTR8,MRTR9,MRTTVx,MRTTVy,MRTTVz,MRTRVx,MRTRVy,MRTRVz,MRGA,SLTx,SLTy,SLTz,SLTR1,SLTR2,SLTR3,SLTR4,SLTR5,SLTR6,SLTR7,SLTR8,SLTR9,SLTTVx,SLTTVy,SLTTVz,SLTRVx,SLTRVy,SLTRVz,SLGA,SRTx,SRTy,SRTz,SRTR1,SRTR2,SRTR3,SRTR4,SRTR5,SRTR6,SRTR7,SRTR8,SRTR9,SRTTVx,SRTTVy,SRTTVz,SRTRVx,SRTRVy,SRTRVz,SRGA
1,0.150015,0.021511,0.419251,-0.564889,0.64653,-0.512781,-0.643587,-0.734055,-0.216636,-0.515776,0.206835,0.831398,0.0,0.0,0.0,0.0,0.0,0.0,0.519646,-0.174022,0.046013,0.35528,0.44496,0.782241,0.436006,-0.895441,0.384924,0.223499,0.006453,-0.490848,0.871143,-0.012213,0.014299,0.009585,0.00155,-0.015614,0.019323,0.516205,0.002287,0.040315,-0.006564,-0.314455,-0.859743,0.402441,0.947689,-0.308792,0.080816,0.05479,0.406803,0.911871,-0.005702,0.001313,0.008656,-0.036647,0.011084,-0.022835,0.517507,0.113338,0.032725,-0.03331,-0.464128,0.71742,-0.519512,-0.725847,-0.644201,-0.241143,-0.507671,0.265166,0.819729,4e-06,-5e-06,-4e-06,2.5e-05,3e-05,-1.3e-05,0.518755
2,0.150017,0.02152,0.419265,-0.564868,0.646548,-0.512782,-0.643614,-0.734033,-0.216629,-0.515764,0.206858,0.831399,0.000116,0.001024,0.000464,0.0,0.0,0.0,0.520031,-0.174317,0.046231,0.355578,0.444442,0.782325,0.436384,-0.895697,0.384283,0.22358,0.00667,-0.491218,0.870933,-0.012198,0.017017,0.011201,-0.010843,0.090692,-0.148296,0.51374,0.002144,0.04042,-0.006423,-0.314029,-0.859798,0.402657,0.947846,-0.308275,0.080955,0.054524,0.407079,0.911763,-0.005703,0.003576,0.010015,-0.034923,-0.004357,0.001506,0.514078,0.113339,0.032728,-0.033303,-0.464105,0.717434,-0.519512,-0.725872,-0.644176,-0.241135,-0.507656,0.265187,0.819731,8e-05,0.000676,0.000305,2.5e-05,3.3e-05,-1e-05,0.518755
3,0.149994,0.021562,0.419285,-0.564843,0.646571,-0.512781,-0.643632,-0.734012,-0.216647,-0.515769,0.206861,0.831395,0.000127,0.001124,0.000509,0.0,0.0,0.0,0.519655,-0.174868,0.04673,0.356376,0.443804,0.782454,0.4368,-0.896006,0.38317,0.22425,0.00755,-0.491881,0.870551,-0.011348,0.013969,0.024017,-0.033119,-0.019664,0.025894,0.512452,0.001864,0.040669,-0.006024,-0.313191,-0.859906,0.403078,0.948178,-0.307069,0.081646,0.053565,0.407761,0.911515,-0.005687,0.007003,0.012032,-0.034939,-0.004289,0.001562,0.509995,0.113328,0.03275,-0.033293,-0.464078,0.717454,-0.51951,-0.725886,-0.644153,-0.241155,-0.507661,0.26519,0.819727,8.1e-05,0.000707,0.000321,1.7e-05,4e-06,-9e-06,0.518755
4,0.149981,0.021603,0.419305,-0.564798,0.646608,-0.512784,-0.643662,-0.733976,-0.216678,-0.515781,0.206871,0.831385,4.3e-05,0.000383,0.000173,0.0,0.0,0.0,0.519538,-0.175688,0.047428,0.357496,0.44047,0.785809,0.434146,-0.897645,0.380947,0.221466,0.008102,-0.488244,0.872591,-0.02334,0.021945,0.029454,-0.030016,-0.011792,-0.008367,0.5122,0.001458,0.041015,-0.005467,-0.309837,-0.86278,0.399512,0.94927,-0.304447,0.078716,0.053715,0.403634,0.913341,-0.011691,0.011707,0.01518,-0.062057,0.102818,-0.144843,0.508689,0.113321,0.032772,-0.033282,-0.464029,0.717485,-0.519511,-0.72591,-0.644114,-0.241186,-0.507672,0.265202,0.819717,2.2e-05,0.000193,8.8e-05,1.2e-05,5e-06,-1e-05,0.518592
5,0.149991,0.02161,0.419308,-0.564761,0.646635,-0.512791,-0.643685,-0.733949,-0.216701,-0.515793,0.206882,0.831375,6e-06,4.9e-05,2.2e-05,0.0,0.0,0.0,0.519811,-0.17621,0.047865,0.358179,0.432835,0.791645,0.431211,-0.901319,0.374023,0.218324,0.01102,-0.48415,0.874837,-0.034513,0.016058,0.041334,-0.006261,-0.126169,-0.148971,0.511969,0.001202,0.041233,-0.005131,-0.302361,-0.867391,0.395233,0.951799,-0.297161,0.075985,0.051539,0.399158,0.915431,-0.011642,0.014272,0.016621,-0.001963,-0.194826,-0.210358,0.508362,0.113326,0.032776,-0.033281,-0.463989,0.717506,-0.519517,-0.725929,-0.644084,-0.241209,-0.507682,0.265214,0.819706,-1e-06,-1.1e-05,-6e-06,1e-06,7e-06,-8e-06,0.518429
6,0.149981,0.021596,0.419312,-0.564929,0.646509,-0.512764,-0.643593,-0.734069,-0.216573,-0.515724,0.206853,0.831425,-1.9e-05,-0.000164,-7.4e-05,0.0,0.0,0.0,0.519551,-0.177304,0.048859,0.359894,0.403434,0.812344,0.421106,-0.914495,0.343865,0.213052,0.027772,-0.472071,0.881045,-0.0342,0.027667,0.047661,0.04887,-0.591851,-0.762818,0.497777,0.000655,0.041724,-0.004277,-0.273892,-0.883044,0.381071,0.961064,-0.26636,0.073531,0.036571,0.386373,0.921616,-0.011132,0.014631,0.023881,-0.439408,-0.911623,-1.809655,0.499218,0.113321,0.032768,-0.033279,-0.464172,0.717404,-0.519495,-0.725856,-0.644214,-0.24108,-0.507619,0.265177,0.819758,-1.2e-05,-9.8e-05,-4.4e-05,-6e-06,-6e-06,-2.5e-05,0.518429
7,0.149918,0.021558,0.419362,-0.565033,0.646449,-0.512725,-0.643618,-0.734101,-0.216387,-0.515579,0.206924,0.831498,-0.01201,0.000958,0.000877,-0.000984,0.014715,-0.029553,0.519403,-0.178376,0.049686,0.362212,0.391647,0.825693,0.406,-0.919616,0.337983,0.200023,0.027456,-0.45274,0.891143,-0.020414,0.01171,0.066013,0.136126,-0.403298,-0.277595,0.480289,0.000126,0.042146,-0.003146,-0.261958,-0.894459,0.362382,0.964233,-0.258295,0.059477,0.040401,0.365001,0.930129,-0.010247,0.006462,0.033384,0.281969,-0.62042,-0.376357,0.480113,0.113294,0.032748,-0.033255,-0.464262,0.717368,-0.519464,-0.7259,-0.64423,-0.240907,-0.507474,0.265235,0.819829,-1.7e-05,-0.004831,0.00495,-0.035738,0.011512,-0.019022,0.518592
8,0.149909,0.021544,0.419377,-0.56508,0.646418,-0.512712,-0.643617,-0.734123,-0.216316,-0.515528,0.206946,0.831524,-0.0,-0.0,-0.0,0.0,0.0,0.0,0.519559,-0.179341,0.049952,0.364876,0.374614,0.843515,0.384889,-0.926785,0.329842,0.179467,0.023972,-0.425001,0.9048,-0.031398,-0.000503,0.073871,0.25583,-0.69109,-0.291411,0.472987,-0.000364,0.042299,-0.001785,-0.245998,-0.908482,0.337851,0.968078,-0.247566,0.039177,0.048049,0.336704,0.940383,-0.009796,0.000315,0.036852,0.377727,-0.89012,-0.33123,0.463784,0.113285,0.032742,-0.033247,-0.464335,0.717331,-0.519449,-0.725894,-0.644267,-0.240824,-0.507415,0.265242,0.819862,0.0,-2e-06,2e-06,1e-05,7e-06,-1e-05,0.518592
9,0.149909,0.021558,0.419362,-0.565053,0.646435,-0.512721,-0.643606,-0.734115,-0.216375,-0.515572,0.206917,0.831503,-0.0,-0.0,-0.0,0.0,0.0,0.0,0.5197,-0.179803,0.04986,0.366421,0.364856,0.85372,0.371529,-0.930748,0.325428,0.166553,0.020837,-0.407641,0.91283,-0.019424,-0.000341,0.072902,0.386439,-0.901324,-0.352709,0.473692,-0.000593,0.042259,-0.001042,-0.237538,-0.915788,0.323894,0.969911,-0.241922,0.027296,0.05336,0.320632,0.945699,-0.015347,-0.006106,0.040786,0.167057,-0.623266,-0.285449,0.461008,0.113285,0.032749,-0.033254,-0.464305,0.717345,-0.519456,-0.72588,-0.644261,-0.240883,-0.507462,0.26522,0.81984,1.9e-05,0.004826,-0.004947,0.035761,-0.011469,0.019009,0.518429
10,0.149909,0.021587,0.419333,-0.564998,0.64647,-0.512737,-0.643582,-0.734101,-0.216494,-0.515661,0.206861,0.831463,-0.0,-0.0,-0.0,0.0,0.0,0.0,0.519497,-0.180589,0.049246,0.369513,0.344822,0.870469,0.351244,-0.938593,0.31876,0.131795,0.002341,-0.376217,0.926455,-0.017956,-0.027867,0.086205,2.320165,0.642127,-1.356171,0.476847,-0.000986,0.041971,0.000504,-0.220072,-0.92853,0.298997,0.972709,-0.231983,-0.004472,0.073515,0.289853,0.954243,-0.009397,-0.008921,0.038702,0.484336,-1.132612,-0.322416,0.461988,0.113285,0.032763,-0.033269,-0.464246,0.717373,-0.519471,-0.725852,-0.644249,-0.241,-0.507556,0.265176,0.819797,2e-06,-2e-06,1e-06,1.4e-05,3e-06,-7e-06,0.518102
11,0.149901,0.021604,0.41934,-0.565102,0.646392,-0.512721,-0.643517,-0.734178,-0.216428,-0.515629,0.206832,0.831489,8e-06,7.4e-05,3.3e-05,-0.007527,0.074369,-0.18431,0.5197,-0.181259,0.048335,0.372592,0.33967,0.880332,0.331106,-0.940279,0.325124,0.100516,-0.019576,-0.346584,0.937742,-0.018641,-0.019993,0.076114,1.005709,-0.56432,-0.359753,0.477817,-0.001327,0.041505,0.002076,-0.214875,-0.936337,0.277668,0.971387,-0.234348,-0.038543,0.10116,0.261442,0.959902,-0.00903,-0.015309,0.042349,1.922361,1.163564,-0.711393,0.463294,0.113281,0.032772,-0.033265,-0.464231,0.717383,-0.519471,-0.725859,-0.644237,-0.241011,-0.507559,0.265178,0.819794,3e-06,3.2e-05,1.5e-05,6e-06,2e-06,-7e-06,0.518102
12,0.149902,0.021605,0.419351,-0.565099,0.646396,-0.512719,-0.643533,-0.734169,-0.216409,-0.515612,0.20685,0.831495,0.000154,0.001357,0.000614,0.0,0.0,0.0,0.519328,-0.181626,0.047809,0.374144,0.339384,0.884763,0.31938,-0.940223,0.328511,0.089412,-0.026223,-0.331749,0.94293,-0.018646,-0.02226,0.074891,0.213767,-0.773272,0.119398,0.476964,-0.001511,0.041245,0.002853,-0.214397,-0.940209,0.26465,0.970399,-0.235875,-0.051845,0.111169,0.245701,0.962949,-0.009032,-0.016638,0.041648,0.250794,-0.947593,0.213879,0.463621,0.113281,0.032769,-0.033261,-0.464356,0.717313,-0.519457,-0.725814,-0.644323,-0.240916,-0.50751,0.265159,0.819831,9e-05,0.000787,0.000357,0.001105,-0.010766,0.026709,0.518265
13,0.149903,0.021627,0.41934,-0.565054,0.646427,-0.51273,-0.643533,-0.734148,-0.216479,-0.515661,0.206827,0.831471,1.6e-05,0.00014,6.3e-05,0.0,0.0,0.0,0.519478,-0.182493,0.046758,0.377107,0.341808,0.891451,0.297446,-0.938879,0.337263,0.068512,-0.039657,-0.303809,0.951835,-0.030443,-0.025273,0.074131,2.080747,1.163933,-0.614739,0.467372,-0.001952,0.040709,0.004362,-0.219446,-0.945114,0.242079,0.967329,-0.243062,-0.072064,0.126949,0.218356,0.967576,-0.015286,-0.01286,0.03696,2.089317,1.137469,-0.619132,0.458559,0.113282,0.032784,-0.033265,-0.464308,0.717337,-0.519466,-0.725809,-0.644303,-0.240986,-0.507562,0.265141,0.819805,1e-05,7.3e-05,3.3e-05,9e-06,-6e-06,-9e-06,0.518102
14,0.149905,0.021658,0.419333,-0.564993,0.64647,-0.512742,-0.643543,-0.734116,-0.21656,-0.515716,0.206808,0.831442,5e-06,4.6e-05,2.1e-05,0.0,0.0,0.0,0.519394,-0.183398,0.045916,0.379766,0.348449,0.892817,0.2854,-0.936031,0.347124,0.057305,-0.048329,-0.288239,0.956267,-0.01929,-0.016021,0.063907,1.824181,1.621395,-0.463593,0.452214,-0.002397,0.040291,0.005666,-0.227398,-0.946474,0.229076,0.964239,-0.251731,-0.082902,0.13613,0.202033,0.969871,-0.009707,-0.008536,0.031703,-0.054733,-0.383368,0.388387,0.441087,0.113283,0.032799,-0.033269,-0.464241,0.717372,-0.519477,-0.725812,-0.644269,-0.241067,-0.507617,0.26513,0.819774,0.0,3e-06,2e-06,6e-06,-3e-06,-1e-06,0.517939
15,0.149905,0.021658,0.419333,-0.564993,0.64647,-0.512742,-0.643543,-0.734116,-0.21656,-0.515716,0.206808,0.831442,-9.4e-05,-0.000832,-0.000376,0.0,0.0,0.0,0.519469,-0.184334,0.045354,0.382196,0.352992,0.892822,0.279745,-0.934173,0.352681,0.053582,-0.05125,-0.281372,0.958158,-0.019892,-0.006113,0.054744,-0.10397,-0.108147,0.125125,0.44483,-0.002865,0.040005,0.006884,-0.231745,-0.946131,0.226115,0.962342,-0.256934,-0.088781,0.142095,0.197026,0.970045,-0.015564,-0.009014,0.03184,-0.180736,-0.038201,0.067769,0.429166,0.113283,0.032801,-0.033268,-0.464241,0.717373,-0.519477,-0.725813,-0.644268,-0.241066,-0.507617,0.26513,0.819774,-6.2e-05,-0.000574,-0.00026,1.2e-05,1e-06,-1e-06,0.518102
16,0.149913,0.021649,0.419328,-0.56499,0.646471,-0.512744,-0.643544,-0.734114,-0.216562,-0.515717,0.20681,0.83144,-3.7e-05,-0.000326,-0.000148,0.0,0.0,0.0,0.519585,-0.184852,0.04514,0.38331,0.352838,0.891844,0.28304,-0.934106,0.353019,0.052519,-0.053508,-0.284047,0.957245,-0.031636,-0.007431,0.054855,-0.144221,0.034042,-0.05915,0.440247,-0.003119,0.0399,0.007441,-0.231529,-0.945316,0.229718,0.962142,-0.257412,-0.08955,0.143785,0.200289,0.969128,-0.015883,-0.004432,0.027089,-0.14806,-0.044166,0.098759,0.423941,0.113287,0.032795,-0.033271,-0.464238,0.717373,-0.519478,-0.725814,-0.644267,-0.241068,-0.507619,0.265132,0.819773,-2.2e-05,-0.000211,-9.5e-05,1.3e-05,1.5e-05,6e-06,0.518102
17,0.149923,0.021656,0.419331,-0.564953,0.646498,-0.512751,-0.643567,-0.734087,-0.216584,-0.515729,0.206821,0.83143,0.012043,-0.000644,-0.000735,0.000984,-0.014715,0.029553,0.519636,-0.18603,0.044815,0.385354,0.348381,0.891713,0.288911,-0.935741,0.348629,0.052723,-0.054132,-0.28984,0.955471,-0.031586,-0.009598,0.053695,-0.146487,0.048545,-0.083875,0.427649,-0.003709,0.039737,0.008463,-0.226616,-0.94519,0.235074,0.963342,-0.253093,-0.08896,0.143579,0.206297,0.967897,-0.015836,-0.004836,0.026847,-0.158766,0.126323,-0.229641,0.409082,0.113288,0.032797,-0.03327,-0.46422,0.717384,-0.51948,-0.725822,-0.644253,-0.241079,-0.507623,0.265137,0.819768,2.8e-05,0.000246,0.000111,-7e-06,-8e-06,-1.7e-05,0.518102
18,0.149915,0.021679,0.419321,-0.564928,0.646515,-0.512757,-0.643555,-0.734081,-0.216643,-0.515772,0.206791,0.831411,1e-06,6e-06,3e-06,0.0,0.0,0.0,0.519621,-0.187268,0.04476,0.38712,0.342427,0.892343,0.294037,-0.937979,0.342444,0.053487,-0.053378,-0.295243,0.953858,-0.032125,-0.00015,0.044217,-0.110055,0.038028,-0.065617,0.414265,-0.004328,0.039705,0.009349,-0.220143,-0.945634,0.239399,0.965058,-0.24689,-0.087791,0.142124,0.211708,0.966943,-0.016101,-0.000148,0.022094,-0.122727,0.130071,-0.238507,0.391283,0.113288,0.03281,-0.033275,-0.464172,0.717408,-0.519489,-0.725817,-0.644233,-0.241149,-0.507675,0.26512,0.819742,-1e-06,-8e-06,-3e-06,8e-06,2e-06,5e-06,0.518429
19,0.149915,0.021687,0.419313,-0.564915,0.646523,-0.512761,-0.643549,-0.734078,-0.216672,-0.515794,0.206777,0.831401,0.0,0.0,0.0,0.0,0.0,0.0,0.519512,-0.187916,0.044829,0.387924,0.339864,0.892816,0.295573,-0.938988,0.339487,0.054618,-0.051991,-0.29723,0.953317,-0.032657,0.01056,0.035369,-0.073633,0.027248,-0.047493,0.407496,-0.004652,0.039735,0.009754,-0.217408,-0.945967,0.24058,0.965918,-0.243981,-0.086456,0.140482,0.213584,0.96677,-0.01606,-8.7e-05,0.022092,-0.121987,0.13078,-0.239119,0.381812,0.113288,0.032813,-0.033279,-0.464157,0.717415,-0.519493,-0.72581,-0.644229,-0.241178,-0.507698,0.265109,0.819731,3e-06,-8e-06,-3e-06,1.5e-05,3.3e-05,1.2e-05,0.518265
20,0.149915,0.021694,0.419306,-0.564901,0.646532,-0.512765,-0.643543,-0.734074,-0.216702,-0.515816,0.206763,0.83139,0.0,0.0,0.0,0.0,0.0,0.0,0.519428,-0.189264,0.045174,0.389359,0.334571,0.893767,0.298721,-0.941002,0.333607,0.056172,-0.049856,-0.301019,0.952242,-0.032469,0.010788,0.035317,-0.073618,0.027607,-0.047307,0.396386,-0.005338,0.03991,0.010484,-0.211731,-0.946633,0.243012,0.967556,-0.238104,-0.084505,0.137858,0.217236,0.966334,-0.016263,0.005386,0.017675,-0.073411,0.0275,-0.046084,0.364993,0.113288,0.032817,-0.033282,-0.464142,0.717422,-0.519497,-0.725804,-0.644226,-0.241207,-0.507721,0.265099,0.81972,4e-06,-6e-06,-3e-06,2.3e-05,2.6e-05,1.1e-05,0.518102
21,0.149918,0.021718,0.419316,-0.564968,0.646481,-0.512756,-0.643501,-0.734124,-0.216659,-0.515796,0.206745,0.831407,0.000163,0.001442,0.000652,0.0,0.0,0.0,0.519033,-0.190643,0.04576,0.390592,0.328948,0.894742,0.302029,-0.943054,0.32764,0.056873,-0.048468,-0.304667,0.951153,-0.032906,0.020112,0.025681,-0.04949,0.108723,-0.205122,0.374327,-0.006015,0.040197,0.011092,-0.205881,-0.947286,0.245483,0.969073,-0.232239,-0.083437,0.13605,0.220712,0.965803,-0.022304,0.009883,0.01319,-0.03913,0.031918,-0.057656,0.342459,0.113289,0.032826,-0.033278,-0.464215,0.71738,-0.51949,-0.725769,-0.644281,-0.241164,-0.507704,0.265078,0.819737,9.7e-05,0.000836,0.000376,0.001097,-0.010771,0.026705,0.517939
22,0.149913,0.021751,0.419343,-0.564916,0.646524,-0.51276,-0.643549,-0.734078,-0.216672,-0.515793,0.206775,0.831402,0.000193,0.001702,0.000769,0.0,0.0,0.0,0.519423,-0.192022,0.046465,0.391572,0.323826,0.895597,0.305014,-0.944863,0.322372,0.05695,-0.047715,-0.307768,0.950192,-0.044354,0.019077,0.025863,-0.051536,0.123889,-0.234388,0.348946,-0.006701,0.04055,0.011582,-0.200426,-0.947863,0.247758,0.970375,-0.226888,-0.083027,0.134912,0.223778,0.965257,-0.016423,0.00907,0.012327,-0.037152,0.016965,-0.028549,0.312577,0.113287,0.032843,-0.033265,-0.464158,0.717416,-0.519491,-0.72581,-0.64423,-0.241178,-0.507697,0.265107,0.819732,0.000112,0.00098,0.000444,0.001101,-0.010773,0.02671,0.517939
23,0.149915,0.021774,0.419342,-0.564868,0.646558,-0.512769,-0.643565,-0.734048,-0.216724,-0.515825,0.20677,0.831383,6.3e-05,0.00056,0.000253,0.0,0.0,0.0,0.519365,-0.192743,0.046861,0.392015,0.321438,0.895985,0.306397,-0.945691,0.319954,0.056862,-0.047474,-0.309165,0.949751,-0.032724,0.017689,0.02433,-0.03718,0.017103,-0.029041,0.33591,-0.007077,0.040757,0.011814,-0.197688,-0.948141,0.248892,0.970996,-0.224233,-0.082968,0.134475,0.225272,0.96497,-0.016388,0.008704,0.012122,-0.037168,0.017076,-0.028602,0.295432,0.113288,0.032857,-0.033264,-0.464106,0.717444,-0.519499,-0.725821,-0.644198,-0.24123,-0.507729,0.265107,0.819712,3.7e-05,0.000319,0.000144,1e-06,-6e-06,-5e-06,0.517939
24,0.149929,0.021821,0.419352,-0.564749,0.646646,-0.512789,-0.643625,-0.733966,-0.21682,-0.51588,0.206786,0.831345,0.000165,0.001456,0.000658,0.0,0.0,0.0,0.5193,-0.19419,0.04769,0.392833,0.317884,0.89705,0.306988,-0.947031,0.315617,0.058753,-0.044571,-0.310536,0.949444,-0.044559,0.028785,0.016343,-0.015143,0.112509,-0.216573,0.319362,-0.007785,0.041157,0.012215,-0.194203,-0.948866,0.24887,0.97212,-0.22014,-0.080748,0.131405,0.226251,0.965164,-0.016298,0.008535,0.01198,-0.033598,0.020497,-0.029326,0.268815,0.113295,0.032878,-0.03326,-0.463976,0.717516,-0.519515,-0.725868,-0.644109,-0.241327,-0.50778,0.265129,0.819673,9.3e-05,0.000811,0.000366,0.001094,-0.010771,0.026707,0.517939
25,0.149956,0.021826,0.419343,-0.564675,0.646697,-0.512806,-0.643656,-0.73392,-0.216886,-0.515922,0.206791,0.831317,0.0,0.0,0.0,0.0,0.0,0.0,0.519403,-0.19559,0.048542,0.39358,0.315079,0.89798,0.307162,-0.948095,0.312042,0.060659,-0.041757,-0.311464,0.949268,-0.03246,0.015533,0.023089,-0.051273,0.122005,-0.230633,0.296918,-0.008501,0.041597,0.012596,-0.191159,-0.949523,0.248723,0.973103,-0.216516,-0.078678,0.128559,0.226993,0.965373,-0.016247,0.007716,0.011545,-0.050658,0.122499,-0.230616,0.242362,0.113309,0.032883,-0.033264,-0.463896,0.717557,-0.519529,-0.725891,-0.644058,-0.241393,-0.50782,0.265141,0.819644,-3e-06,-2.1e-05,-9e-06,1e-06,-2.7e-05,-1.8e-05,0.517775
26,0.149955,0.021825,0.419332,-0.564679,0.646693,-0.512808,-0.643639,-0.733929,-0.216904,-0.515939,0.206773,0.831312,-8e-05,-0.000708,-0.00032,0.0,0.0,0.0,0.519064,-0.196252,0.048945,0.393955,0.313429,0.898226,0.308128,-0.948649,0.310363,0.060599,-0.041578,-0.312432,0.948957,-0.032386,0.015294,0.022923,-0.03894,0.030759,-0.054359,0.287062,-0.00882,0.041793,0.012775,-0.189431,-0.949678,0.249452,0.973477,-0.214838,-0.078652,0.128286,0.227936,0.965187,-0.016189,0.007965,0.011626,-0.038883,0.030813,-0.05425,0.229299,0.113308,0.032884,-0.033268,-0.463899,0.717553,-0.519532,-0.725875,-0.644069,-0.24141,-0.507839,0.265125,0.819638,-5.1e-05,-0.000489,-0.000223,2.8e-05,3.9e-05,1.4e-05,0.517612
27,0.149947,0.021834,0.419336,-0.5648,0.646602,-0.512789,-0.643563,-0.734019,-0.216828,-0.515902,0.206739,0.831343,4.9e-05,0.000435,0.000196,0.0,0.0,0.0,0.519064,-0.197487,0.049605,0.394833,0.308868,0.899774,0.308217,-0.950144,0.306066,0.059027,-0.041596,-0.312218,0.949027,-0.032159,0.016238,0.023226,0.19462,-0.294926,-0.206585,0.264962,-0.00945,0.042126,0.013221,-0.185255,-0.950362,0.249983,0.974351,-0.210709,-0.078993,0.127746,0.228938,0.965021,-0.0161,0.008043,0.0116,0.309155,-0.440362,-0.252466,0.199743,0.113304,0.032886,-0.033268,-0.464031,0.717479,-0.519517,-0.725813,-0.644168,-0.241333,-0.507808,0.265086,0.81967,3.5e-05,0.000284,0.000129,1e-05,2.6e-05,-3e-06,0.517775
28,0.14994,0.02185,0.419344,-0.564786,0.646614,-0.51279,-0.643572,-0.734008,-0.216838,-0.515906,0.206742,0.83134,0.000112,0.000987,0.000446,0.0,0.0,0.0,0.519722,-0.198558,0.049815,0.395988,0.30439,0.901259,0.308333,-0.951638,0.301454,0.058689,-0.040421,-0.312423,0.94901,-0.031332,-0.007775,0.039763,-0.087937,0.022231,-0.107724,0.256141,-0.009973,0.042238,0.013786,-0.180195,-0.951845,0.24803,0.975347,-0.205558,-0.080259,0.127379,0.227454,0.965421,-0.010198,0.001189,0.014922,-0.067249,0.017389,-0.056231,0.181291,0.1133,0.032893,-0.033264,-0.464016,0.717488,-0.519517,-0.72582,-0.644156,-0.241343,-0.507811,0.265089,0.819667,6.3e-05,0.00055,0.000249,5e-06,2e-05,1e-06,0.517775
29,0.149941,0.021859,0.419359,-0.564765,0.646631,-0.51279,-0.6436,-0.733986,-0.21683,-0.515894,0.206765,0.831342,0.012097,-0.000112,-0.000495,0.000984,-0.014715,0.029553,0.519327,-0.199497,0.049569,0.397401,0.302673,0.903925,0.302159,-0.952098,0.300869,0.054032,-0.042434,-0.305179,0.951277,-0.020059,-0.010927,0.037556,0.203152,-0.390772,-0.30113,0.242796,-0.010439,0.042122,0.01448,-0.179932,-0.953063,0.243502,0.975138,-0.205368,-0.083242,0.129343,0.222471,0.966321,-0.015796,-0.005726,0.019096,-0.087429,0.026821,-0.149019,0.164472,0.113297,0.032898,-0.033256,-0.464016,0.717492,-0.519513,-0.725835,-0.644147,-0.241324,-0.507791,0.265103,0.819675,7.4e-05,0.000651,0.000294,1e-05,2.2e-05,1.1e-05,0.517939
30,0.149942,0.021867,0.419362,-0.564748,0.646644,-0.512793,-0.643611,-0.733973,-0.216841,-0.515899,0.206769,0.831337,4.3e-05,0.000384,0.000173,0.0,0.0,0.0,0.51934,-0.199917,0.049296,0.398141,0.30486,0.904284,0.298869,-0.951328,0.303639,0.052068,-0.044032,-0.301337,0.952428,-0.020159,-0.012447,0.036914,0.262996,-0.547393,-0.16021,0.242787,-0.010664,0.041977,0.014878,-0.182167,-0.953506,0.240083,0.974435,-0.207719,-0.0856,0.13149,0.218352,0.96697,-0.010121,-0.006433,0.018381,0.219572,-0.49313,-0.144474,0.158594,0.113302,0.032903,-0.033254,-0.463975,0.717514,-0.519518,-0.725854,-0.644117,-0.241347,-0.507801,0.265116,0.819665,2.5e-05,0.000232,0.000104,-1e-05,-5e-06,-8e-06,0.517939
31,0.149954,0.021898,0.419365,-0.56591,0.646132,-0.512157,-0.644299,-0.734108,-0.214326,-0.513764,0.207885,0.83238,5.3e-05,0.000464,0.000209,-0.0,0.0,-0.0,0.519557,-0.20076,0.048525,0.399667,0.315351,0.902122,0.294484,-0.947725,0.31499,0.05033,-0.047736,-0.2961,0.953892,-0.031968,-0.017351,0.035701,-0.070881,0.008641,-0.147597,0.243838,-0.011085,0.041594,0.015642,-0.192496,-0.952674,0.235278,0.971721,-0.218471,-0.089594,0.136756,0.211378,0.967789,-0.016031,-0.008925,0.017759,-0.112764,0.061555,-0.132251,0.155328,0.113308,0.032919,-0.033253,-0.465209,0.717149,-0.518918,-0.726622,-0.644182,-0.238849,-0.505569,0.265942,0.820776,3.2e-05,0.000275,0.000125,0.00026,-9.5e-05,0.000128,0.518102
32,0.149974,0.021912,0.419371,-0.565835,0.646186,-0.512171,-0.644345,-0.734054,-0.214371,-0.513788,0.207907,0.83236,0.01208,-0.000245,-0.000555,0.000984,-0.014715,0.029553,0.518791,-0.20158,0.047762,0.400962,0.326122,0.899782,0.289875,-0.94386,0.326721,0.048126,-0.0518,-0.290433,0.955421,-0.021275,-0.011,0.024085,-0.011879,-0.047055,-0.114994,0.240365,-0.011488,0.041216,0.01628,-0.204075,-0.950953,0.232466,0.968694,-0.230451,-0.09232,0.141364,0.206349,0.968212,-0.010478,-0.011018,0.016477,-0.052029,-0.023093,-0.159964,0.152879,0.113313,0.032925,-0.03325,-0.465149,0.717183,-0.518926,-0.726649,-0.644138,-0.238886,-0.505585,0.26596,0.82076,5.2e-05,0.000453,0.000206,2.2e-05,7e-06,1.3e-05,0.517939
33,0.149983,0.021911,0.41937,-0.565933,0.64611,-0.512159,-0.644282,-0.734128,-0.214308,-0.513759,0.207882,0.832384,1e-06,1.2e-05,6e-06,0.0,0.0,0.0,0.519035,-0.201981,0.047468,0.40153,0.335666,0.896023,0.290624,-0.940396,0.336358,0.049513,-0.053795,-0.291054,0.955121,-0.021268,-0.010902,0.024143,0.068496,0.077412,0.38073,0.238115,-0.01168,0.041069,0.016554,-0.212134,-0.948691,0.234484,0.966767,-0.238763,-0.091389,0.142686,0.207304,0.967814,-0.004863,-0.005025,0.01186,1.52478,0.311311,5.243019,0.150756,0.113322,0.032926,-0.03325,-0.465234,0.717131,-0.51892,-0.726607,-0.644204,-0.238834,-0.505566,0.265938,0.820779,-1e-06,-1.4e-05,-7e-06,-2e-06,-5e-06,-6e-06,0.517612
34,0.150001,0.021917,0.419361,-0.56588,0.646147,-0.512172,-0.644301,-0.734096,-0.214361,-0.513795,0.207881,0.832362,0.0,0.0,0.0,0.0,0.0,0.0,0.518976,-0.202586,0.047234,0.402395,0.343803,0.892424,0.292182,-0.937362,0.344477,0.051211,-0.055365,-0.292614,0.954555,-0.010044,0.001588,0.015052,-0.035401,0.014511,-0.017189,0.230157,-0.011988,0.040942,0.016987,-0.221946,-0.945637,0.237716,0.964297,-0.248994,-0.090174,0.144462,0.209215,0.967139,-0.005026,0.000972,0.007612,-0.037015,0.101863,-0.156059,0.142592,0.113331,0.032929,-0.033254,-0.465176,0.717161,-0.518932,-0.726621,-0.644169,-0.238887,-0.505601,0.265942,0.820756,5e-06,-1.1e-05,-7e-06,3e-05,4.6e-05,2.3e-05,0.517449
35,0.15001,0.021916,0.419361,-0.56586,0.646161,-0.512176,-0.644313,-0.734082,-0.214373,-0.513801,0.207888,0.832357,0.0,0.0,0.0,0.0,0.0,0.0,0.519184,-0.20298,0.04744,0.402799,0.346899,0.890809,0.293448,-0.936142,0.347747,0.051406,-0.056674,-0.293667,0.954154,-0.010619,0.009684,0.004919,-0.000202,0.002577,-0.003409,0.222443,-0.012192,0.041043,0.017204,-0.224962,-0.944475,0.239497,0.963437,-0.252326,-0.090102,0.145531,0.210471,0.966706,-0.005344,0.004553,0.002346,-0.013224,0.088998,-0.181889,0.134427,0.113335,0.032928,-0.033255,-0.465154,0.717172,-0.518936,-0.726631,-0.644153,-0.238899,-0.505607,0.26595,0.82075,8e-06,-9e-06,-6e-06,3.7e-05,5e-05,2.7e-05,0.517612
36,0.150002,0.021925,0.419365,-0.565863,0.64616,-0.512174,-0.644312,-0.734083,-0.214372,-0.5138,0.207886,0.832358,7e-06,6.2e-05,2.8e-05,0.0,0.0,0.0,0.519375,-0.203107,0.047591,0.402852,0.345892,0.88969,0.297995,-0.936383,0.347211,0.050647,-0.058827,-0.29768,0.95278,-0.010928,0.005934,0.003339,1.969626,1.88947,-0.920633,0.213359,-0.012255,0.041125,0.017234,-0.224725,-0.943789,0.242405,0.963647,-0.252146,-0.088353,0.144508,0.213738,0.966143,0.000243,0.002942,0.001241,0.010608,-0.02373,0.026445,0.126426,0.113331,0.032933,-0.033253,-0.465157,0.717172,-0.518934,-0.72663,-0.644155,-0.238899,-0.505605,0.265947,0.820752,9e-06,2.6e-05,1.2e-05,1.6e-05,1.1e-05,1e-06,0.517612
37,0.150002,0.021925,0.419365,-0.565863,0.64616,-0.512174,-0.644312,-0.734083,-0.214372,-0.5138,0.207886,0.832358,0.0,0.0,0.0,0.0,0.0,0.0,0.51917,-0.203169,0.047758,0.402754,0.343783,0.889669,0.300491,-0.936955,0.346091,0.047648,-0.062022,-0.29905,0.952148,-0.000567,0.008395,-0.009987,0.023659,0.075444,-0.160672,0.191042,-0.01229,0.041211,0.017191,-0.22124,-0.943628,0.246205,0.963601,-0.250375,-0.093721,0.150081,0.216509,0.964675,-0.000133,-0.001561,-0.000653,-0.003159,-0.003645,0.000249,0.102422,0.113331,0.032933,-0.033253,-0.465157,0.717172,-0.518934,-0.72663,-0.644155,-0.238898,-0.505605,0.265948,0.820752,6e-06,-9e-06,-5e-06,4e-05,4e-05,2.2e-05,0.517612
38,0.150003,0.021933,0.419369,-0.565846,0.646173,-0.512176,-0.644323,-0.73407,-0.214383,-0.513805,0.207891,0.832354,3e-05,0.000267,0.00012,0.0,0.0,0.0,0.518674,-0.202958,0.047654,0.402562,0.34193,0.888637,0.305614,-0.937059,0.346698,0.040687,-0.070213,-0.301412,0.950833,0.010911,-0.0062,-0.003455,0.002045,-0.015205,0.029245,0.148101,-0.012189,0.04116,0.017091,-0.218711,-0.942899,0.251207,0.962941,-0.250196,-0.100727,0.157827,0.219867,0.962677,-0.0003,-0.003593,-0.001513,0.007573,-0.077374,0.152925,0.061273,0.113332,0.032936,-0.033251,-0.465138,0.717182,-0.518936,-0.726639,-0.644141,-0.23891,-0.50561,0.265953,0.820747,2.5e-05,0.000163,7.3e-05,2.3e-05,2.7e-05,9e-06,0.517775
39,0.150005,0.021957,0.419379,-0.565912,0.646122,-0.512167,-0.64428,-0.73412,-0.214341,-0.513785,0.207873,0.832371,8.9e-05,0.000784,0.000354,0.0,0.0,0.0,0.518568,-0.202599,0.04744,0.402341,0.341788,0.888202,0.307034,-0.936897,0.3474,0.038346,-0.073019,-0.301887,0.950471,0.010497,0.003919,-0.012721,0.038417,-0.026962,0.046857,0.094905,-0.012007,0.041044,0.016977,-0.218463,-0.942582,0.252608,0.962559,-0.250713,-0.103063,0.160478,0.220635,0.962063,0.005244,0.00187,-0.006403,0.038127,-0.027206,0.046896,-0.00584,0.113333,0.032947,-0.033246,-0.465212,0.71714,-0.518928,-0.726604,-0.644196,-0.238867,-0.505593,0.265932,0.820765,5.9e-05,0.000499,0.000225,7e-06,1.5e-05,6e-06,0.517449
40,0.150008,0.021981,0.41939,-0.565861,0.646161,-0.512174,-0.644313,-0.734082,-0.214373,-0.5138,0.207886,0.832358,0.000174,0.001541,0.000695,0.0,0.0,0.0,0.518775,-0.202424,0.047349,0.402228,0.341775,0.888213,0.307014,-0.936891,0.347434,0.038192,-0.073158,-0.301814,0.950484,0.010865,-0.007016,-0.00381,0.000206,-0.002544,0.003424,0.058763,-0.011919,0.040999,0.01692,-0.218452,-0.942591,0.252585,0.962537,-0.250733,-0.103215,0.160621,0.220575,0.962053,0.005438,-0.003493,-0.001904,0.000165,-0.002567,0.003423,-0.045193,0.113334,0.032958,-0.033241,-0.465156,0.717173,-0.518934,-0.72663,-0.644154,-0.2389,-0.505606,0.265948,0.820751,0.000115,0.000996,0.000449,1.2e-05,1e-06,2e-06,0.517449
41,0.150016,0.022053,0.419423,-0.565825,0.646188,-0.512179,-0.644336,-0.734055,-0.214396,-0.513811,0.207896,0.832349,0.000256,0.002268,0.001022,0.0,0.0,0.0,0.518101,-0.202093,0.047214,0.40194,0.341644,0.888263,0.307016,-0.936902,0.347464,0.037659,-0.073639,-0.301631,0.950505,-0.000566,-0.006942,-0.002943,-0.0,0.0,0.0,-0.03294,-0.011753,0.040933,0.016777,-0.218317,-0.942628,0.252566,0.962485,-0.250713,-0.103746,0.161116,0.220442,0.962001,0.005164,0.000791,-0.006864,0.036569,-0.014258,0.021061,-0.148392,0.113338,0.032994,-0.033225,-0.465117,0.717195,-0.518938,-0.726649,-0.644124,-0.238923,-0.505615,0.265958,0.820742,0.000137,0.00121,0.000544,-2e-06,-6e-06,-3e-06,0.517286
42,0.150025,0.022133,0.419459,-0.565655,0.646318,-0.512204,-0.644445,-0.733928,-0.214506,-0.513862,0.207942,0.832306,0.000254,0.002246,0.001011,0.0,0.0,0.0,0.519152,-0.201875,0.047018,0.401574,0.342034,0.887318,0.309307,-0.93676,0.347729,0.038707,-0.073624,-0.304106,0.949717,0.010138,-0.000813,-0.014748,0.03488,-0.011778,0.022402,-0.095931,-0.011648,0.040837,0.0166,-0.218527,-0.94189,0.255125,0.96251,-0.251097,-0.102583,0.160683,0.223143,0.96145,-0.000438,-0.005475,-0.002334,0.007723,-0.000115,-0.029151,-0.225465,0.113343,0.033033,-0.033207,-0.464949,0.717292,-0.518954,-0.726729,-0.643997,-0.239023,-0.505654,0.266006,0.820703,6.6e-05,0.000591,0.000265,5e-06,-0.0,3e-06,0.517286
43,0.150028,0.022164,0.419462,-0.56559,0.646366,-0.512215,-0.644472,-0.733886,-0.214568,-0.5139,0.207942,0.832282,8.6e-05,0.000761,0.000343,0.0,0.0,0.0,0.518917,-0.201819,0.046875,0.401395,0.343772,0.885173,0.313498,-0.936209,0.348823,0.042069,-0.072534,-0.309079,0.948194,0.01043,-0.012858,-0.006331,-0.306526,0.368526,0.430339,-0.137397,-0.011616,0.040765,0.016505,-0.219286,-0.940963,0.257878,0.962489,-0.251916,-0.10076,0.159775,0.22611,0.960908,0.005206,-0.006601,-0.003244,-0.285842,0.340333,0.421791,-0.26041,0.113345,0.033053,-0.033204,-0.464859,0.717342,-0.518965,-0.726757,-0.643937,-0.239097,-0.505695,0.266016,0.820674,4.6e-05,0.000403,0.00018,-0.0,4e-06,4e-06,0.517449
44,0.150038,0.022215,0.41942,-0.565471,0.646445,-0.512247,-0.644461,-0.733837,-0.214769,-0.514045,0.207868,0.832211,-6.7e-05,-0.000597,-0.000269,0.0,0.0,0.0,0.519277,-0.201762,0.046502,0.401055,0.345279,0.883056,0.317785,-0.935724,0.349728,0.045224,-0.071622,-0.314089,0.946616,0.010019,-0.002578,-0.015539,-0.050437,0.110876,0.089002,-0.239192,-0.011592,0.040576,0.016339,-0.221002,-0.93879,0.264255,0.962486,-0.253677,-0.096264,0.157407,0.233067,0.959636,-0.000518,-0.006473,-0.002779,-0.104886,0.16112,0.055482,-0.35022,0.11335,0.03308,-0.033224,-0.464731,0.717405,-0.518993,-0.726734,-0.643889,-0.239296,-0.505846,0.265962,0.820598,-5.8e-05,-0.000523,-0.000236,1.4e-05,0.0,8e-06,0.517612
45,0.15004,0.022266,0.419272,-0.565369,0.646494,-0.512297,-0.644294,-0.733866,-0.215167,-0.514365,0.207612,0.832077,-0.000231,-0.002048,-0.000922,0.0,0.0,0.0,0.519336,-0.201725,0.046246,0.400817,0.345896,0.882017,0.319989,-0.935523,0.350075,0.046679,-0.071267,-0.316616,0.9458,-0.000535,-0.006634,-0.002858,-0.001465,0.002108,0.001145,-0.312402,-0.01157,0.040441,0.016212,-0.221603,-0.937968,0.266659,0.962455,-0.254342,-0.094812,0.156753,0.235637,0.959115,-0.000297,-0.003724,-0.001605,0.009075,-0.002018,-0.030441,-0.436274,0.113351,0.033105,-0.033298,-0.464623,0.71744,-0.519041,-0.726562,-0.643936,-0.23969,-0.506193,0.26575,0.820453,-0.000124,-0.001122,-0.000506,1.1e-05,6e-06,1.1e-05,0.517939
46,0.150068,0.022365,0.419048,-0.565119,0.646637,-0.512393,-0.64409,-0.733846,-0.215846,-0.514895,0.20724,0.831842,-0.000215,0.007449,-0.010886,0.035744,-0.011519,0.019003,0.519663,-0.201744,0.04612,0.400568,0.347339,0.879874,0.324297,-0.935051,0.350908,0.049768,-0.07043,-0.321631,0.94417,-0.000598,-0.007407,-0.0032,-0.033608,0.058487,-0.000901,-0.412264,-0.011578,0.040384,0.016095,-0.222671,-0.936358,0.271386,0.962463,-0.255454,-0.091691,0.155182,0.240782,0.958092,-0.000319,-0.003992,-0.001725,-0.029446,0.054053,0.001787,-0.520858,0.113365,0.033151,-0.033406,-0.464369,0.717544,-0.519125,-0.726346,-0.643941,-0.240334,-0.506736,0.265461,0.820212,-0.000153,0.003288,-0.005639,0.034673,-0.000701,-0.007673,0.518429
47,0.150105,0.022397,0.41889,-0.574784,0.63745,-0.513153,-0.630392,-0.744701,-0.219085,-0.521093,0.196763,0.830526,-0.00056,0.004396,-0.012262,2.870799,1.210161,-4.597909,0.518813,-0.201777,0.046069,0.400414,0.349057,0.877647,0.328463,-0.934486,0.351927,0.053082,-0.069431,-0.326579,0.942544,-0.001112,0.001821,-0.012831,-0.163991,0.286985,0.147491,-0.464214,-0.011595,0.040358,0.016018,-0.22367,-0.935096,0.274895,0.962423,-0.256454,-0.089286,0.153989,0.244595,0.957319,-0.000327,-0.004081,-0.001769,-0.318839,0.462248,0.195129,-0.570988,0.113384,0.033173,-0.033483,-0.470918,0.712543,-0.520112,-0.71792,-0.65217,-0.243443,-0.512665,0.258758,0.818667,0.005739,-0.002816,-0.001492,-0.000839,-0.012873,0.027971,0.518592
48,0.150259,0.022346,0.418314,-0.589437,0.619874,-0.51804,-0.595427,-0.766698,-0.240024,-0.545239,0.1662,0.821657,-0.001541,-0.004353,-0.016229,0.083866,-0.073332,0.148829,0.506855,-0.201814,0.046129,0.399981,0.353132,0.87301,0.336369,-0.933069,0.354661,0.059424,-0.067848,-0.335941,0.939363,-0.001043,0.002673,-0.012465,-0.22668,0.376858,0.196965,-0.583418,-0.011613,0.040386,0.015806,-0.226938,-0.931859,0.283085,0.962071,-0.259682,-0.083566,0.151384,0.253384,0.955447,-0.00047,0.001901,-0.005989,-0.284188,0.45342,0.284117,-0.668473,0.113462,0.033157,-0.033766,-0.49187,0.694024,-0.525731,-0.681441,-0.682712,-0.263706,-0.541942,0.228545,0.808743,0.005186,0.001524,-0.013787,0.205263,-0.077634,0.100901,0.508631
49,0.150461,0.022108,0.417457,-0.586098,0.61895,-0.522911,-0.5796,-0.77118,-0.263281,-0.565493,0.147996,0.811383,0.009816,-0.001903,-0.029869,0.079867,-0.09026,0.194925,0.496766,-0.201828,0.046344,0.399356,0.358263,0.867088,0.346118,-0.931226,0.358128,0.067057,-0.066245,-0.347431,0.935289,-0.001652,0.010705,-0.022596,-0.25645,0.459437,0.267152,-0.717168,-0.011621,0.040499,0.015485,-0.231529,-0.92719,0.294469,0.961499,-0.264157,-0.075761,0.148031,0.265591,0.952652,-0.000827,0.005239,-0.011351,-0.347947,0.582224,0.309249,-0.675331,0.113558,0.033036,-0.03419,-0.488637,0.692666,-0.530514,-0.665679,-0.689042,-0.286515,-0.564007,0.21315,0.797786,-0.001133,-0.005597,-0.009695,0.035748,-0.056204,0.134655,0.492465
50,0.150541,0.021989,0.416927,-0.581313,0.622642,-0.523868,-0.580584,-0.76841,-0.269145,-0.569409,0.146912,0.808837,-0.002482,-0.003458,-0.030175,0.075639,-0.065822,0.141909,0.497341,-0.201824,0.046461,0.398966,0.36174,0.863391,0.351698,-0.929948,0.360531,0.07175,-0.065289,-0.354104,0.932851,-0.001394,-0.001661,-0.014358,-0.323896,0.514811,0.274197,-0.778639,-0.011618,0.04056,0.015296,-0.234446,-0.92459,0.300277,0.961048,-0.266943,-0.071597,0.146355,0.271795,0.95116,0.004828,0.003931,-0.012338,-0.307825,0.53478,0.327241,-0.67974,0.113603,0.032976,-0.034456,-0.483383,0.695749,-0.531293,-0.666207,-0.686085,-0.292325,-0.567898,0.212646,0.795156,-0.001162,-0.001172,-0.014831,0.079132,-0.150685,0.351619,0.488383
51,0.150625,0.02212,0.415672,-0.575131,0.625728,-0.527004,-0.581935,-0.765637,-0.274087,-0.574288,0.148262,0.805132,-0.00176,0.002993,-0.027243,0.063588,-0.040969,-0.000308,0.500637,-0.201765,0.046638,0.398102,0.367839,0.857078,0.360697,-0.92763,0.364907,0.079233,-0.064159,-0.364819,0.928791,-0.002061,0.005624,-0.024818,-0.04175,0.160282,0.071151,-0.924569,-0.011588,0.040646,0.014869,-0.240698,-0.918971,0.312338,0.960019,-0.272796,-0.062807,0.142923,0.284733,0.947891,-0.000986,0.003188,-0.012243,-0.019441,0.122988,0.095222,-0.685782,0.113643,0.033023,-0.035091,-0.47661,0.697946,-0.534521,-0.667108,-0.683128,-0.297155,-0.572545,0.214956,0.791191,-0.000884,0.005982,-0.018704,0.1095,-0.092366,0.189887,0.490016
52,0.150641,0.022964,0.414086,-0.569795,0.621836,-0.537306,-0.579013,-0.767687,-0.274536,-0.582497,0.1539,0.798147,-0.001009,0.028533,-0.043989,0.035345,-0.488574,-0.136797,0.49793,-0.201593,0.046865,0.397109,0.375498,0.847591,0.374945,-0.924521,0.370695,0.088207,-0.064683,-0.380834,0.922304,0.009435,0.005115,-0.025889,-0.141073,0.291122,0.180807,-1.050801,-0.011504,0.040758,0.014361,-0.247276,-0.911684,0.328153,0.958584,-0.279569,-0.054378,0.141317,0.301116,0.943057,0.004731,0.002547,-0.012951,-0.123555,0.257932,0.173515,-0.695089,0.11365,0.033421,-0.035863,-0.472215,0.694444,-0.542917,-0.664638,-0.685079,-0.298197,-0.579022,0.220031,0.785059,-0.000453,0.014507,-0.021886,-0.002849,-0.528815,-0.361646,0.490016
53,0.150669,0.024293,0.412289,-0.561956,0.615636,-0.552487,-0.575202,-0.770772,-0.273906,-0.593776,0.163097,0.787945,-0.000553,0.041953,-0.05192,0.01327,-0.76937,-0.202327,0.491182,-0.201388,0.0474,0.39587,0.38804,0.834058,0.392128,-0.919531,0.378741,0.104652,-0.061703,-0.402233,0.913381,0.00918,0.0175,-0.034034,-0.259989,0.480817,0.347424,-1.151226,-0.011402,0.041021,0.01374,-0.258683,-0.901224,0.347674,0.956438,-0.289384,-0.0385,0.135308,0.322569,0.936824,0.004611,0.008784,-0.017007,-0.268351,0.49261,0.353635,-0.701621,0.113664,0.034093,-0.036775,-0.464888,0.68752,-0.557848,-0.661229,-0.688612,-0.29764,-0.588775,0.230496,0.774736,-0.0003,0.020473,-0.026196,0.142148,-0.181778,0.01975,0.482994
54,0.15067,0.02509,0.41131,-0.560094,0.608247,-0.562473,-0.568548,-0.775984,-0.273083,-0.601882,0.166079,0.781142,-0.000393,0.043344,-0.051187,-0.002132,-0.84239,-0.236014,0.490414,-0.201278,0.047807,0.39517,0.395152,0.826955,0.39999,-0.916577,0.383496,0.112923,-0.060494,-0.412285,0.908969,0.008872,0.029338,-0.042385,-0.129385,0.260314,0.476579,-1.183218,-0.01135,0.041212,0.013405,-0.265345,-0.895498,0.357315,0.955012,-0.295025,-0.030188,0.13245,0.333231,0.933495,-0.00109,0.009562,-0.016226,-0.212659,0.427234,0.28708,-0.70603,0.113664,0.034492,-0.037264,-0.463727,0.679994,-0.567946,-0.655293,-0.694674,-0.296678,-0.596277,0.234594,0.767735,-0.000205,0.021289,-0.025773,0.122343,-0.267304,-0.016561,0.479239
55,0.150659,0.026877,0.409245,-0.547501,0.599102,-0.584264,-0.565597,-0.779446,-0.269323,-0.61608,0.182253,0.766326,-0.000348,0.04362,-0.050873,0.078123,-0.601881,0.045593,0.491036,-0.201023,0.048784,0.393624,0.413605,0.807879,0.419826,-0.908632,0.394926,0.135476,-0.056857,-0.438517,0.896846,0.008765,0.028019,-0.042875,-0.483118,0.73672,0.751791,-1.225025,-0.011222,0.041705,0.012634,-0.28208,-0.881335,0.379049,0.95111,-0.30869,-0.009946,0.125775,0.357713,0.925322,0.004386,0.013752,-0.021558,-0.208017,0.451065,0.335623,-0.721705,0.113659,0.035407,-0.038314,-0.450926,0.668084,-0.591885,-0.652722,-0.699124,-0.291854,-0.608785,0.254732,0.751326,-0.00013,0.021898,-0.025395,0.092403,-0.544243,0.08102,0.477933
56,0.150636,0.028845,0.407059,-0.542325,0.582444,-0.605548,-0.5636,-0.78666,-0.251977,-0.622455,0.203904,0.755645,-0.000199,0.054146,-0.059958,-0.081637,-0.556311,-0.080132,0.495195,-0.200753,0.050044,0.39183,0.434509,0.786265,0.439296,-0.899023,0.407471,0.160183,-0.053586,-0.465526,0.883333,0.008366,0.038852,-0.051505,-0.329512,0.546636,0.673607,-1.250989,-0.011088,0.042331,0.01174,-0.302902,-0.863081,0.404153,0.945715,-0.324622,0.015549,0.117777,0.386924,0.914558,0.004386,0.013751,-0.021502,-0.517968,0.756009,0.757757,-0.722685,0.113648,0.036372,-0.039383,-0.447637,0.65131,-0.612711,-0.652162,-0.706582,-0.274635,-0.611804,0.27665,0.741052,-5.9e-05,0.022435,-0.025044,-0.640563,-0.484806,-0.258407,0.480545
57,0.150607,0.029874,0.405922,-0.541563,0.572493,-0.615636,-0.562176,-0.791055,-0.241169,-0.624402,0.21477,0.751015,-0.000104,0.054896,-0.059475,0.038623,-0.856517,0.147375,0.496744,-0.200599,0.05069,0.390858,0.44641,0.773511,0.449879,-0.893286,0.414056,0.174734,-0.051664,-0.480845,0.875204,0.008578,0.025701,-0.043737,-0.566894,0.892281,0.624783,-1.264106,-0.01101,0.042662,0.011253,-0.314216,-0.853276,0.416157,0.942489,-0.332986,0.028875,0.113937,0.401296,0.908834,0.004063,0.017511,-0.026582,-0.219033,0.411027,0.576236,-0.730523,0.113633,0.036885,-0.039953,-0.448429,0.641773,-0.622124,-0.651663,-0.711131,-0.26387,-0.611757,0.287088,0.737111,-6.5e-05,0.026969,-0.029965,-0.140348,-1.00214,-0.071349,0.482505
