frame,MLTx,MLTy,MLTz,MLTR1,MLTR2,MLTR3,MLTR4,MLTR5,MLTR6,MLTR7,MLTR8,MLTR9,MLTTVx,MLTTVy,MLTTVz,MLTRVx,MLTRVy,MLTRVz,MLGA,MRTx,MRTy,MRTz,MRTR1,MRTR2,MRTR3,MRTR4,MRTR5,MRTR6,MRTR7,MRTR8,MRTR9,MRTTVx,MRTTVy,MRTTVz,MRTRVx,MRTRVy,MRTRVz,MRGA,SLTx,SLTy,SLTz,SLTR1,SLTR2,SLTR3,SLTR4,SLTR5,SLTR6,SLTR7,SLTR8,SLTR9,SLTTVx,SLTTVy,SLTTVz,SLTRVx,SLTRVy,SLTRVz,SLGA,SRTx,SRTy,SRTz,SRTR1,SRTR2,SRTR3,SRTR4,SRTR5,SRTR6,SRTR7,SRTR8,SRTR9,SRTTVx,SRTTVy,SRTTVz,SRTRVx,SRTRVy,SRTRVz,SRGA
1,0.150449,0.018683,0.429907,-0.561087,0.783334,-0.267612,-0.745607,-0.618618,-0.247697,-0.358888,0.059575,0.931492,-1e-06,-6e-06,-3e-06,0.0,0.0,0.0,0.520272,-0.193226,0.045704,0.395333,0.489964,0.794076,0.35968,-0.852129,0.523235,0.005948,-0.184074,-0.310413,0.932536,0.001358,-0.015726,0.020365,-0.002089,-0.124024,-0.11521,0.10478,-0.007136,0.039878,0.013874,-0.353609,-0.874916,0.330878,0.900758,-0.413865,-0.131714,0.252178,0.251466,0.934435,0.000671,-0.007785,0.01022,-0.035391,-0.062297,-0.094688,-0.033599,0.11342,0.030693,-0.027321,-0.533035,0.801022,-0.272462,-0.763423,-0.594166,-0.253278,-0.36477,0.072997,0.928231,1e-06,4e-06,2e-06,3e-06,2e-06,6e-06,0.514509
2,0.15045,0.018691,0.429911,-0.561069,0.783346,-0.267614,-0.745619,-0.618602,-0.247704,-0.358893,0.05958,0.93149,4e-06,3.8e-05,1.6e-05,0.0,0.0,0.0,0.520256,-0.193321,0.045441,0.395727,0.487806,0.798336,0.353123,-0.853706,0.520685,0.00248,-0.182482,-0.303684,0.935061,0.001415,-0.014676,0.020851,0.19495,-0.541753,-0.308117,0.105052,-0.007184,0.039751,0.014063,-0.352251,-0.877251,0.326113,0.901483,-0.411662,-0.133644,0.251488,0.246909,0.935836,-0.005102,-0.007552,0.010745,-0.073405,0.026625,-0.085584,-0.033926,0.11342,0.030697,-0.027319,-0.533017,0.801034,-0.272464,-0.763433,-0.59415,-0.253285,-0.364774,0.073003,0.928229,4e-06,2.3e-05,1e-05,9e-06,1.1e-05,1.2e-05,0.514346
3,0.15045,0.018691,0.429911,-0.561069,0.783346,-0.267614,-0.745619,-0.618602,-0.247704,-0.358893,0.05958,0.93149,0.0,0.0,0.0,0.0,0.0,0.0,0.520065,-0.193611,0.04499,0.396476,0.485379,0.80261,0.346721,-0.855599,0.517576,-2.1e-05,-0.180064,-0.29766,0.937464,0.001463,-0.013791,0.021272,-0.031165,-0.136815,0.136506,0.105084,-0.007325,0.039526,0.014431,-0.349403,-0.881766,0.316868,0.902931,-0.407198,-0.137492,0.250264,0.23807,0.93845,-0.005098,-0.007422,0.010817,-0.068281,0.017909,-0.087094,-0.034415,0.11342,0.030697,-0.027319,-0.533017,0.801034,-0.272464,-0.763433,-0.59415,-0.253285,-0.364774,0.073003,0.928229,1e-06,-3e-06,-1e-06,2e-06,-2e-06,6e-06,0.514346
4,0.150459,0.018697,0.429903,-0.561035,0.783367,-0.267623,-0.745629,-0.618575,-0.247739,-0.358924,0.059578,0.931478,0.01194,-0.000953,-0.000872,0.000984,-0.014715,0.029553,0.520558,-0.194011,0.044831,0.396972,0.482859,0.805776,0.342876,-0.857285,0.514774,-0.00213,-0.17881,-0.293934,0.938879,-0.022254,-0.00411,0.013537,-0.020212,-0.000796,-0.099112,0.102468,-0.007528,0.039443,0.014694,-0.34711,-0.884153,0.312709,0.904029,-0.404158,-0.139236,0.24949,0.234368,0.939588,-0.011135,-0.002016,0.006792,-0.039005,0.035151,-0.086256,-0.035232,0.11342,0.030701,-0.027323,-0.533003,0.801042,-0.272468,-0.763431,-0.594141,-0.253314,-0.364799,0.072993,0.92822,2e-06,-3e-06,-1e-06,4e-06,9e-06,9e-06,0.51451
5,0.15045,0.018698,0.429903,-0.561055,0.783354,-0.267618,-0.745617,-0.618592,-0.247732,-0.358917,0.05957,0.931481,0.0,0.0,0.0,0.0,0.0,0.0,0.519901,-0.194226,0.044854,0.397111,0.482159,0.806037,0.343246,-0.857699,0.514082,-0.002061,-0.178707,-0.294429,0.938743,-0.011309,0.004509,0.00284,-0.001749,0.014586,-0.029577,0.097288,-0.007631,0.039456,0.014764,-0.346372,-0.884256,0.313235,0.90437,-0.403482,-0.138979,0.249278,0.235143,0.93945,-0.005642,0.002622,0.00159,-0.006902,0.024886,-0.024894,-0.038171,0.11342,0.030701,-0.027323,-0.533003,0.801041,-0.272468,-0.763431,-0.594141,-0.253314,-0.364799,0.072993,0.92822,2e-06,-3e-06,-1e-06,5e-06,1.1e-05,1e-05,0.514346
6,0.15045,0.018712,0.429888,-0.561028,0.783371,-0.267626,-0.745614,-0.618573,-0.24779,-0.358966,0.059549,0.931463,0.0,0.0,0.0,0.0,0.0,0.0,0.519695,-0.194624,0.045008,0.39722,0.480504,0.806669,0.344082,-0.858565,0.512634,-0.00252,-0.179008,-0.295227,0.938435,-0.011423,0.002398,0.001896,-0.002044,0.015205,-0.029245,0.075341,-0.007835,0.039536,0.01482,-0.344594,-0.884702,0.313936,0.905002,-0.401942,-0.139332,0.249452,0.2361,0.939164,-0.005723,0.001065,0.000895,-0.001881,0.015253,-0.028307,-0.057603,0.11342,0.030708,-0.02733,-0.532975,0.801057,-0.272475,-0.763427,-0.594121,-0.253372,-0.364849,0.072974,0.928201,-3e-06,0.004681,-0.005087,0.035815,-0.010861,0.01926,0.514346
7,0.150451,0.018797,0.429807,-0.560859,0.783476,-0.267672,-0.745608,-0.61845,-0.248114,-0.359242,0.059442,0.931364,1e-06,6e-06,3e-06,0.0,0.0,0.0,0.519716,-0.19501,0.044975,0.397202,0.477444,0.807422,0.346568,-0.859593,0.510883,-0.0057,-0.182242,-0.296208,0.937503,-0.011809,-0.004054,-0.000982,-0.003853,0.028092,-0.054956,0.045757,-0.008023,0.039526,0.014814,-0.341271,-0.885255,0.316002,0.905433,-0.399886,-0.142414,0.252437,0.237517,0.938008,-0.005888,-0.001742,-0.000357,-0.002373,0.014822,-0.028506,-0.087975,0.113421,0.030751,-0.02737,-0.532803,0.801157,-0.27252,-0.763415,-0.593999,-0.253696,-0.365127,0.072876,0.9281,1e-06,-6e-06,0.0,1e-06,5e-06,8e-06,0.514346
8,0.150458,0.019011,0.429537,-0.560548,0.783657,-0.267793,-0.745457,-0.618259,-0.249041,-0.360037,0.05905,0.931082,-3.5e-05,0.00913,-0.01027,0.035812,-0.01089,0.019244,0.515572,-0.195252,0.0447,0.397096,0.481441,0.803755,0.349548,-0.856888,0.515417,-0.004614,-0.18446,-0.29832,0.936399,-0.000581,-0.009568,-0.004282,0.013071,0.014314,0.017081,-0.006683,-0.008144,0.039395,0.014763,-0.345225,-0.882338,0.319841,0.903435,-0.404735,-0.141396,0.25421,0.240142,0.93686,-0.000294,-0.004853,-0.002165,0.182114,0.002433,0.441693,-0.138268,0.113424,0.030854,-0.027502,-0.5325,0.801319,-0.272635,-0.763252,-0.593824,-0.254592,-0.365908,0.072519,0.927821,-1.9e-05,0.004515,-0.005154,0.035812,-0.010876,0.019257,0.512713
9,0.150458,0.019173,0.429362,-0.560232,0.783852,-0.267885,-0.745421,-0.618035,-0.249705,-0.360604,0.058815,0.930878,-7e-06,0.009382,-0.010159,0.035811,-0.010903,0.019239,0.510813,-0.195326,0.044501,0.397001,0.485584,0.801128,0.349847,-0.854137,0.519963,-0.004821,-0.186363,-0.297491,0.936286,-0.012279,-0.011391,-0.004281,-0.00374,0.028119,-0.054601,-0.035605,-0.008181,0.039291,0.014714,-0.349704,-0.880253,0.320718,0.901137,-0.409677,-0.141832,0.256239,0.239412,0.936495,-0.00038,-0.006234,-0.002793,-0.00068,0.008508,-0.025553,-0.172233,0.113424,0.030935,-0.02759,-0.532177,0.801503,-0.272725,-0.763203,-0.593603,-0.255256,-0.366479,0.072303,0.927612,4e-06,0.004706,-0.005072,0.035824,-0.010902,0.019251,0.509611
10,0.15045,0.019598,0.428917,-0.55917,0.783602,-0.270818,-0.745127,-0.618151,-0.250293,-0.362848,0.060858,0.929874,5e-05,0.019319,-0.020064,0.07147,-0.02229,0.038303,0.499667,-0.195403,0.043996,0.396736,0.492853,0.795788,0.351868,-0.848497,0.529081,-0.007777,-0.192958,-0.295734,0.935506,-0.001361,-0.003442,-0.015318,0.034632,0.001636,-0.007732,-0.12069,-0.008224,0.039031,0.014583,-0.357227,-0.876032,0.323969,0.896268,-0.419121,-0.145054,0.262854,0.238546,0.934881,-0.000455,-0.007443,-0.003356,-0.003278,0.010199,-0.025578,-0.242611,0.11342,0.031143,-0.027809,-0.531109,0.801186,-0.275722,-0.762906,-0.593758,-0.255781,-0.368641,0.074502,0.92658,4.4e-05,0.005045,-0.004922,0.038411,-0.00343,0.02207,0.498017
11,0.15045,0.020119,0.428343,-0.5579,0.783465,-0.273816,-0.74479,-0.618133,-0.251338,-0.365482,0.062735,0.928717,-1.6e-05,0.009281,-0.010184,0.016905,-0.065385,-0.000419,0.486627,-0.195378,0.043466,0.39645,0.510618,0.784301,0.352324,-0.836238,0.548245,-0.008165,-0.200189,-0.291452,0.935331,-0.000841,-0.013699,-0.006216,0.173433,0.008832,0.439514,-0.220859,-0.008212,0.038765,0.014435,-0.375605,-0.867074,0.327264,0.886486,-0.439119,-0.146001,0.270302,0.235276,0.933585,-0.000685,-0.001869,-0.007743,0.627841,0.021842,1.534804,-0.334217,0.11342,0.031401,-0.028091,-0.529825,0.800944,-0.278877,-0.762547,-0.593813,-0.256723,-0.371222,0.076639,0.925375,-5e-06,0.009316,-0.010172,0.052369,-0.07711,0.018993,0.482994
12,0.150457,0.02042,0.427994,-0.557037,0.783068,-0.276694,-0.744502,-0.618408,-0.251516,-0.367378,0.064917,0.927818,-3.9e-05,0.018503,-0.020382,-0.010085,-0.257643,-0.046946,0.479887,-0.195395,0.043226,0.39632,0.514702,0.781506,0.352593,-0.833279,0.55273,-0.008383,-0.20207,-0.290484,0.935227,-0.000763,-0.012403,-0.005643,-0.001808,0.012895,-0.025706,-0.267258,-0.00822,0.038647,0.014371,-0.38039,-0.864605,0.328267,0.883795,-0.444396,-0.146345,0.272411,0.234452,0.933178,-0.000393,-0.006429,-0.002923,-0.004215,0.024025,-0.052305,-0.381735,0.113424,0.031548,-0.028262,-0.529074,0.800837,-0.280605,-0.76234,-0.593811,-0.257342,-0.372716,0.077764,0.92468,-2e-05,0.004453,-0.00517,-0.118769,-0.457706,-0.144639,0.47385
13,0.150485,0.021116,0.427113,-0.555359,0.783145,-0.279833,-0.744021,-0.61815,-0.253564,-0.370872,0.066404,0.926321,-0.000354,0.025079,-0.031677,0.100284,-0.053758,0.050017,0.465787,-0.195433,0.042928,0.39605,0.513824,0.781896,0.353008,-0.833709,0.552071,-0.008975,-0.202532,-0.290685,0.935065,-0.000634,-0.010284,-0.004698,-0.001808,0.012903,-0.025703,-0.347764,-0.00824,0.038492,0.014234,-0.379394,-0.864939,0.32854,0.884099,-0.443602,-0.146915,0.272814,0.234723,0.932993,-0.000306,-0.005026,-0.002295,-0.002001,0.012939,-0.026198,-0.468605,0.113438,0.031904,-0.028704,-0.527236,0.800507,-0.284971,-0.761757,-0.593881,-0.258902,-0.376492,0.080576,0.922909,-0.000206,0.007442,-0.010954,0.073886,-0.001621,0.015887,0.455235
14,0.150511,0.022065,0.425822,-0.552656,0.781899,-0.288531,-0.742902,-0.61902,-0.254721,-0.377092,0.0726,0.92334,-0.0006,0.032253,-0.042663,0.10935,-0.129442,0.014426,0.45636,-0.195457,0.042835,0.395675,0.51798,0.779066,0.353191,-0.830525,0.556834,-0.00991,-0.205024,-0.289188,0.934986,-0.000497,-0.008047,-0.003689,1.950115,-0.041843,5.141532,-0.417674,-0.008252,0.038443,0.01405,-0.378878,-0.865123,0.328652,0.884085,-0.443334,-0.14781,0.273577,0.234555,0.932812,-0.000462,0.001785,-0.006099,0.03626,-0.011212,0.017544,-0.544699,0.113451,0.032368,-0.029333,-0.524546,0.799128,-0.293675,-0.760673,-0.594824,-0.259922,-0.382396,0.08705,0.919888,-0.000289,0.016042,-0.021366,0.107068,-0.13572,0.012791,0.440376
15,0.150508,0.022593,0.425085,-0.551372,0.781682,-0.291563,-0.742348,-0.619099,-0.256141,-0.380048,0.074235,0.921998,-0.000657,0.03171,-0.042851,0.131155,-0.079788,0.063441,0.449384,-0.195482,0.042848,0.395475,0.517769,0.779172,0.353267,-0.830541,0.556799,-0.01047,-0.205491,-0.288969,0.934951,-0.000981,0.002812,-0.012548,0.034594,0.00165,-0.007827,-0.452501,-0.008264,0.038449,0.013944,-0.383534,-0.862757,0.32947,0.881346,-0.448517,-0.148526,0.275915,0.233413,0.932409,-0.000479,0.001513,-0.006224,0.03436,0.001255,-0.00826,-0.579969,0.113449,0.03264,-0.029714,-0.523206,0.798844,-0.29682,-0.760088,-0.594938,-0.261369,-0.385383,0.088859,0.918468,-0.000391,0.010376,-0.016721,0.108968,-0.014638,0.034693,0.433028
16,0.150474,0.023816,0.423283,-0.552354,0.776571,-0.303129,-0.736996,-0.624773,-0.257814,-0.388917,0.080029,0.917805,-0.001058,0.037426,-0.054382,0.036257,-0.463093,-0.090085,0.437717,-0.195521,0.042913,0.394975,0.517547,0.779303,0.353304,-0.830402,0.55698,-0.011802,-0.206614,-0.288265,0.934921,-0.001019,0.002198,-0.012834,0.036398,-0.011316,0.017845,-0.536977,-0.008284,0.038482,0.0137,-0.383269,-0.862874,0.329474,0.881098,-0.448572,-0.149826,0.277074,0.232875,0.932201,-0.000552,0.000311,-0.006779,0.034498,0.001692,-0.008087,-0.654103,0.113433,0.033252,-0.03061,-0.524455,0.794292,-0.306668,-0.755023,-0.600336,-0.263696,-0.393556,0.093244,0.914558,-0.00053,0.013747,-0.022283,-0.081839,-0.694428,-0.204208,0.415066
17,0.150416,0.025214,0.421076,-0.548843,0.775498,-0.312122,-0.735024,-0.625469,-0.261725,-0.397514,0.084802,0.913684,-0.001478,0.033561,-0.055903,0.132003,-0.182288,0.015622,0.432794,-0.195562,0.043128,0.394315,0.517451,0.779393,0.353247,-0.830074,0.557428,-0.013639,-0.208173,-0.287152,0.934918,-0.001545,0.012341,-0.021998,0.070991,-0.009689,0.010007,-0.608025,-0.008304,0.038585,0.013373,-0.383166,-0.862948,0.329398,0.880626,-0.448894,-0.151628,0.278712,0.231978,0.931935,-0.000502,0.001059,-0.006434,0.036319,-0.011336,0.017662,-0.70456,0.113404,0.033938,-0.031687,-0.520796,0.792577,-0.31716,-0.752985,-0.601534,-0.266774,-0.402222,0.099882,0.910077,-0.000711,0.016696,-0.027989,0.12088,-0.21487,0.003626,0.404778
18,0.150346,0.026681,0.41864,-0.544682,0.773614,-0.323866,-0.732653,-0.626791,-0.265186,-0.407477,0.091872,0.908597,-0.001816,0.039763,-0.067116,0.124023,-0.312481,-0.044885,0.420896,-0.195586,0.043641,0.393335,0.517732,0.778181,0.3555,-0.82918,0.558717,-0.01512,-0.211024,-0.287932,0.934038,-0.002263,0.019354,-0.032574,-0.094678,0.478742,0.074125,-0.699489,-0.008317,0.038852,0.012877,-0.382989,-0.862737,0.330157,0.879843,-0.449571,-0.154143,0.281414,0.231451,0.931254,-0.001128,0.009508,-0.016366,-0.201706,0.689134,0.151028,-0.70456,0.113368,0.034685,-0.032926,-0.516602,0.790726,-0.328441,-0.750637,-0.602785,-0.270542,-0.411904,0.106778,0.904948,-0.000858,0.019948,-0.033529,0.095884,-0.397063,-0.078902,0.391388
19,0.150311,0.027467,0.417305,-0.543366,0.772407,-0.328915,-0.732109,-0.627649,-0.264659,-0.410199,0.096029,0.906941,-0.001837,0.039508,-0.067125,0.110092,-0.370269,-0.038482,0.41664,-0.195594,0.043977,0.392709,0.518413,0.776759,0.357611,-0.828276,0.560049,-0.015433,-0.212902,-0.289184,0.933225,-0.002335,0.018171,-0.033102,-0.011923,0.235955,0.168474,-0.751332,-0.00832,0.039013,0.012577,-0.383676,-0.861191,0.33338,0.879057,-0.451201,-0.153868,0.282931,0.234025,0.930151,-0.001171,0.008739,-0.016712,-0.086025,0.395557,0.205656,-0.70603,0.113351,0.035075,-0.033594,-0.515336,0.789554,-0.333214,-0.750144,-0.6036,-0.270092,-0.414381,0.11077,0.903336,-0.000959,0.023645,-0.038894,0.105762,-0.496257,-0.096492,0.383877
20,0.150231,0.029118,0.414403,-0.546709,0.76603,-0.338161,-0.727395,-0.634459,-0.261399,-0.414115,0.10211,0.904494,-0.002236,0.045097,-0.078501,-2.302108,0.773184,-0.631089,0.408495,-0.195636,0.044724,0.39135,0.520317,0.773665,0.36153,-0.826065,0.563283,-0.016214,-0.216825,-0.291191,0.931696,-0.002919,0.027273,-0.042649,0.114129,0.040071,0.052888,-0.842434,-0.008341,0.039383,0.011901,-0.385687,-0.858161,0.338826,0.877065,-0.455002,-0.154042,0.28636,0.237761,0.928151,-0.001161,0.008808,-0.016655,0.093575,0.012444,0.053612,-0.713704,0.11331,0.035918,-0.03507,-0.518393,0.783135,-0.343463,-0.745366,-0.610672,-0.267412,-0.419163,0.117381,0.90029,-0.001096,0.022301,-0.03936,-2.292173,0.788141,-0.624145,0.370324
21,0.150112,0.030845,0.41126,-0.547449,0.760594,-0.349058,-0.72578,-0.639107,-0.254473,-0.415962,0.113078,0.902339,-0.002687,0.040927,-0.08011,0.10203,-0.421536,-0.115077,0.403431,-0.195672,0.045476,0.389838,0.528792,0.762896,0.371969,-0.818817,0.573858,-0.012622,-0.223735,-0.298867,0.927623,-0.002668,0.012712,-0.035585,-0.166386,0.581825,0.344437,-0.957096,-0.00836,0.039772,0.01113,-0.393717,-0.850319,0.349204,0.871629,-0.466004,-0.151995,0.291975,0.244533,0.924637,-0.001323,0.006165,-0.017885,-0.138117,0.525201,0.32446,-0.721216,0.113252,0.036768,-0.03661,-0.519669,0.777933,-0.353217,-0.744343,-0.615189,-0.259797,-0.419401,0.127906,0.898744,-0.00124,0.025501,-0.044826,0.04603,-0.574274,-0.172879,0.36118
22,0.150016,0.031703,0.409622,-0.550215,0.757188,-0.352102,-0.724971,-0.642332,-0.248592,-0.41372,0.117538,0.9028,-0.014657,0.049989,-0.089527,0.13403,-0.163308,-0.255621,0.401624,-0.195729,0.045812,0.389051,0.530201,0.759858,0.376158,-0.817216,0.576156,-0.011677,-0.226248,-0.302174,0.925941,-0.002758,0.01125,-0.036267,-0.032464,0.285264,0.167037,-1.013178,-0.008387,0.039935,0.01075,-0.395208,-0.847199,0.355052,0.870341,-0.468969,-0.150243,0.293794,0.24964,0.922693,-0.001609,0.010788,-0.022618,-0.046075,0.374951,0.233819,-0.719419,0.113208,0.037194,-0.037426,-0.522295,0.774423,-0.357037,-0.743704,-0.618519,-0.253649,-0.417266,0.133051,0.898991,-0.001412,0.019326,-0.040504,-0.06985,-0.211526,-0.122879,0.358567
23,0.149693,0.033408,0.406301,-0.560825,0.744887,-0.361474,-0.720593,-0.654077,-0.23,-0.407065,0.130554,0.904036,-0.002872,0.03907,-0.080606,-0.034892,-0.556768,-0.42251,0.397512,-0.195853,0.046481,0.387445,0.535747,0.751673,0.384648,-0.812908,0.582311,-0.005405,-0.228705,-0.31074,0.922496,-0.003264,0.021571,-0.045202,0.03354,0.208455,0.149571,-1.102508,-0.008449,0.040262,0.009949,-0.400732,-0.84024,0.365253,0.867461,-0.476251,-0.143862,0.29483,0.259193,0.919724,-0.001369,0.005358,-0.018253,-0.017424,0.25493,0.153074,-0.726767,0.113047,0.03803,-0.039062,-0.533104,0.763462,-0.36459,-0.740208,-0.629585,-0.236036,-0.409745,0.144041,0.900755,-0.001335,0.024488,-0.045067,-0.540652,0.32592,-0.361939,0.353505
24,0.149279,0.034993,0.403201,-0.57471,0.729499,-0.370925,-0.711694,-0.669212,-0.213587,-0.403331,0.140323,0.904246,-0.014479,0.042014,-0.078612,-0.060712,-0.481566,-0.651113,0.392906,-0.195962,0.047085,0.38584,0.544307,0.74027,0.394616,-0.805171,0.592985,-0.001503,-0.235781,-0.317853,0.918281,-0.002781,0.010864,-0.036435,-0.021045,0.256504,0.154272,-1.198903,-0.008503,0.040562,0.009155,-0.409286,-0.831021,0.376678,0.861497,-0.487953,-0.140441,0.300511,0.267027,0.915635,-0.001609,0.010725,-0.02261,-0.058382,0.393513,0.249385,-0.737381,0.112844,0.038816,-0.040615,-0.54722,0.748646,-0.374269,-0.732031,-0.644888,-0.219657,-0.405807,0.153775,0.900928,-0.001232,0.020761,-0.039628,-0.591982,0.388457,-0.563533,0.34632
25,0.148816,0.036426,0.400347,-0.586091,0.712989,-0.384954,-0.700171,-0.684698,-0.202288,-0.407084,0.150083,0.900991,-0.002696,0.031294,-0.069793,0.060755,-0.237786,-0.498377,0.393065,-0.196129,0.047616,0.384412,0.54807,0.733857,0.401329,-0.802029,0.59722,0.00351,-0.237778,-0.32473,0.915355,-0.002627,0.013298,-0.035252,-0.043061,0.301206,0.181705,-1.247529,-0.008589,0.040831,0.008412,-0.413012,-0.82577,0.384088,0.859368,-0.492989,-0.135819,0.301506,0.273978,0.913251,-0.001282,0.006775,-0.017562,-0.076352,0.368681,0.206781,-0.737871,0.112603,0.039554,-0.042075,-0.559145,0.731418,-0.390363,-0.72073,-0.661537,-0.20716,-0.40976,0.165514,0.89705,-0.007133,0.021389,-0.039025,0.082865,-0.382711,-0.357325,0.341585
26,0.148572,0.037045,0.39905,-0.58537,0.708474,-0.394274,-0.698516,-0.687506,-0.198448,-0.410939,0.158355,0.897819,-0.014466,0.032943,-0.068538,0.075129,-0.277601,-0.335636,0.393758,-0.196178,0.047898,0.383726,0.550129,0.732125,0.401676,-0.800857,0.598773,0.005757,-0.236972,-0.325779,0.915191,-0.002577,0.014074,-0.034867,-0.015299,0.242756,0.148468,-1.264207,-0.008613,0.040973,0.008069,-0.415232,-0.824326,0.384795,0.858627,-0.49488,-0.133612,0.300567,0.274916,0.913279,-0.001258,0.007154,-0.017374,-0.045125,0.306845,0.171022,-0.739831,0.112485,0.039862,-0.042724,-0.558547,0.726663,-0.39998,-0.719117,-0.664543,-0.203104,-0.413393,0.174189,0.893735,-0.007172,0.016555,-0.034219,0.065807,-0.218606,-0.498389,0.342565
27,0.148028,0.038182,0.396404,-0.59105,0.690081,-0.417726,-0.686907,-0.702009,-0.187922,-0.422199,0.175004,0.889465,-0.014621,0.031668,-0.069045,0.020528,-0.404032,-0.399663,0.395333,-0.196234,0.048511,0.382437,0.552679,0.728869,0.404088,-0.79878,0.601518,0.00781,-0.238052,-0.328017,0.914112,-0.0023,0.018373,-0.032737,-0.094991,0.396516,0.273646,-1.327707,-0.008641,0.041269,0.007435,-0.417554,-0.822369,0.386466,0.857267,-0.497533,-0.132483,0.30123,0.275986,0.912738,-0.001141,0.00899,-0.016464,-0.113084,0.438872,0.303419,-0.751424,0.112214,0.040433,-0.044046,-0.564653,0.708568,-0.423199,-0.70811,-0.679324,-0.192607,-0.423965,0.190915,0.885327,-0.007357,0.010592,-0.029969,-0.04589,-0.469634,-0.456385,0.345667
28,0.147334,0.039124,0.394032,-0.589573,0.676233,-0.441767,-0.684224,-0.708718,-0.171836,-0.428563,0.200111,0.881088,-0.014699,0.022225,-0.059427,-2.646128,-1.789669,4.227708,0.395739,-0.196345,0.049217,0.38121,0.559857,0.717497,0.414426,-0.791653,0.610794,0.012268,-0.245014,-0.335859,0.909412,-0.002133,0.020929,-0.031436,-0.062946,0.328882,0.235695,-1.371195,-0.008696,0.041621,0.006821,-0.424885,-0.812043,0.400072,0.85173,-0.50831,-0.127182,0.306638,0.286716,0.907615,-0.001041,0.010537,-0.015684,-0.119554,0.439619,0.293496,-0.753711,0.111877,0.040898,-0.045214,-0.567599,0.692787,-0.444831,-0.702123,-0.689474,-0.177897,-0.429945,0.211352,0.877768,-0.007293,0.011212,-0.029658,-0.067146,-0.504249,-0.47727,0.345667
29,0.146946,0.039551,0.392948,-0.592047,0.666621,-0.452926,-0.678952,-0.715291,-0.165391,-0.433497,0.208762,0.876656,-0.02647,0.024117,-0.058089,-0.203063,-0.804379,-0.664509,0.395459,-0.19643,0.049608,0.380603,0.562306,0.7108,0.422571,-0.788948,0.61417,0.017021,-0.248123,-0.343857,0.905572,-0.002152,0.020594,-0.031575,-0.053154,0.307759,0.224053,-1.375265,-0.008737,0.041813,0.006532,-0.427135,-0.806264,0.409259,0.850007,-0.51238,-0.122285,0.308291,0.295641,0.904185,-0.000774,0.005675,-0.011113,-0.164783,0.472962,0.29464,-0.752894,0.111667,0.041127,-0.045801,-0.56637,0.685876,-0.456943,-0.700803,-0.692573,-0.170932,-0.433705,0.223417,0.872916,-0.013186,0.012093,-0.029018,-0.165888,-0.719738,-0.628493,0.346484
30,0.145993,0.040343,0.3908,-0.58772,0.654828,-0.475217,-0.677891,-0.71912,-0.152652,-0.440974,0.231609,0.867136,-0.026733,0.01358,-0.049111,-0.077049,-0.386937,-0.487287,0.38977,-0.19646,0.0503,0.379502,0.569163,0.693193,0.442187,-0.781927,0.622557,0.030771,-0.254655,-0.364149,0.895773,-0.001724,0.009201,-0.023266,-0.337916,0.835085,0.484621,-1.377698,-0.008753,0.042175,0.005968,-0.433337,-0.792444,0.429244,0.845728,-0.522125,-0.110124,0.311387,0.315303,0.896449,0.00481,0.010692,-0.015979,-0.0706,0.262157,0.475382,-0.755996,0.111191,0.041524,-0.046874,-0.562072,0.672866,-0.480963,-0.699806,-0.696849,-0.157071,-0.440847,0.248296,0.862556,-0.013329,0.006779,-0.024546,-0.054638,-0.337686,-0.466396,0.342075
31,0.144803,0.041005,0.388807,-0.579845,0.643053,-0.500308,-0.679132,-0.720661,-0.139285,-0.449405,0.258207,0.855214,-0.02681,0.013519,-0.049181,-0.213187,-0.816581,-0.454095,0.384756,-0.196481,0.050849,0.378446,0.573579,0.674918,0.464204,-0.774844,0.630801,0.040522,-0.266175,-0.383782,0.884153,-0.001726,0.009145,-0.02328,0.256618,1.282922,0.168392,-1.379273,-0.008763,0.042446,0.005449,-0.438792,-0.776721,0.451845,0.84093,-0.532166,-0.098155,0.316696,0.336901,0.886679,-0.000873,0.004143,-0.011853,-0.13752,0.3489,0.432937,-0.762038,0.110606,0.041851,-0.047852,-0.554552,0.662142,-0.504022,-0.701466,-0.69781,-0.144934,-0.447679,0.273181,0.851442,-0.019432,0.006359,-0.024574,0.016736,-0.241791,-0.270047,0.334237
32,0.143348,0.041476,0.386917,-0.566604,0.632155,-0.528569,-0.680212,-0.720824,-0.133027,-0.464401,0.283375,0.839081,-0.039189,0.01177,-0.04974,-0.224452,-0.838466,-0.558094,0.383613,-0.196539,0.05115,0.377541,0.576618,0.657016,0.485626,-0.767273,0.639623,0.045911,-0.281161,-0.399912,0.872285,-0.001861,0.00705,-0.024329,-0.127294,0.322702,0.410163,-1.376936,-0.008793,0.042603,0.004989,-0.44013,-0.759782,0.478555,0.83467,-0.542678,-0.093937,0.331074,0.358092,0.873017,-0.000886,0.003977,-0.011937,-0.169801,0.380693,0.484472,-0.765794,0.109884,0.04209,-0.048795,-0.541371,0.651027,-0.532053,-0.702636,-0.697849,-0.138955,-0.461756,0.298613,0.83523,-0.025562,0.001716,-0.019657,-0.275225,-1.073731,-0.455319,0.330318
33,0.142491,0.041629,0.386009,-0.560918,0.624741,-0.543245,-0.67648,-0.724088,-0.134324,-0.476584,0.291368,0.829457,-0.039375,0.01097,-0.050202,-0.224258,-0.815567,-0.527031,0.383875,-0.196528,0.051163,0.377137,0.577226,0.64847,0.496274,-0.763372,0.644246,0.046303,-0.290404,-0.406389,0.866243,0.010139,-0.006078,-0.017817,-0.110528,0.136644,0.573382,-1.375558,-0.008787,0.042614,0.004779,-0.440686,-0.751922,0.490314,0.83125,-0.548013,-0.093295,0.338849,0.36646,0.866537,0.00507,-0.003273,-0.009022,-0.089482,0.072907,0.554213,-0.766284,0.109441,0.042171,-0.049269,-0.535836,0.64296,-0.547248,-0.698828,-0.701473,-0.139904,-0.473833,0.307467,0.825193,-0.019675,0.005305,-0.025168,-0.187976,-0.705518,-0.484618,0.329665
34,0.140523,0.041794,0.384089,-0.533553,0.611949,-0.583854,-0.67017,-0.726956,-0.149595,-0.515324,0.310699,0.798708,-0.052525,0.005063,-0.053025,0.382985,-1.536955,0.278666,0.376344,-0.196433,0.050889,0.376211,0.575466,0.63276,0.518116,-0.755801,0.653423,0.041675,-0.312884,-0.416375,0.85358,0.00961,-0.014644,-0.022225,0.080751,0.226861,0.400398,-1.376992,-0.008743,0.042489,0.004328,-0.438053,-0.738288,0.512873,0.824428,-0.557381,-0.098202,0.358367,0.37981,0.852828,-0.001077,-0.007944,-0.011017,0.482951,0.79153,-0.079743,-0.768243,0.108457,0.04226,-0.050225,-0.50861,0.628874,-0.588075,-0.692465,-0.704676,-0.15467,-0.511671,0.328554,0.793879,-0.026273,0.00219,-0.026661,0.384053,-1.679606,0.251582,0.325092
35,0.138286,0.041799,0.381912,-0.486804,0.601877,-0.633097,-0.670846,-0.721736,-0.170398,-0.558888,0.341007,0.7559,-0.054249,-0.00412,-0.058128,0.276827,-2.13913,0.628062,0.365016,-0.196177,0.050424,0.375024,0.572853,0.616224,0.540463,-0.747321,0.663444,0.035877,-0.33716,-0.42523,0.839861,0.008813,-0.009684,-0.033847,1.594784,2.059991,-0.564135,-1.3987,-0.008615,0.042252,0.003738,-0.436218,-0.724369,0.533856,0.81678,-0.567699,-0.10289,0.3776,0.391161,0.839291,0.004399,-0.005156,-0.017087,-0.334364,0.582054,0.795977,-0.771836,0.10736,0.04227,-0.051289,-0.463217,0.617932,-0.635287,-0.692699,-0.699576,-0.175386,-0.552808,0.358821,0.752096,-0.03296,0.00335,-0.033177,1.819047,-2.795304,1.710672,0.313009
36,0.137053,0.041763,0.38071,-0.463785,0.591429,-0.659667,-0.660937,-0.726755,-0.186979,-0.589431,0.34854,0.728778,-0.066945,-0.005948,-0.058959,2.867835,-2.611177,0.70865,0.354454,-0.196002,0.050266,0.374273,0.573482,0.601398,0.556264,-0.738076,0.673881,0.032569,-0.35597,-0.430003,0.829605,0.008727,-0.011422,-0.034832,-0.131333,0.665354,0.653953,-1.400115,-0.008531,0.042173,0.003378,-0.435206,-0.711902,0.551171,0.8085,-0.578378,-0.10865,0.396133,0.398338,0.827287,0.004402,-0.005365,-0.017237,1.648536,2.001522,-0.665254,-0.773305,0.106748,0.042251,-0.051891,-0.440342,0.605477,-0.662944,-0.684344,-0.704316,-0.188707,-0.581181,0.370586,0.724495,-0.033419,0.00152,-0.034257,3.483614,-0.67743,-3.583687,0.303701
37,0.134359,0.041662,0.378031,-0.433013,0.548349,-0.715443,-0.611336,-0.761868,-0.214002,-0.661889,0.344024,0.666016,-0.068098,-0.001284,-0.071465,1.013072,-1.729682,-0.476389,0.339565,-0.195633,0.050074,0.372617,0.564133,0.572116,0.595339,-0.726153,0.686907,0.02817,-0.393515,-0.448922,0.802171,0.008086,-0.004102,-0.045293,1.362054,2.455413,-0.459437,-1.400219,-0.008351,0.042075,0.002555,-0.426169,-0.684954,0.590946,0.797908,-0.592424,-0.111244,0.426288,0.424113,0.799003,0.004038,-0.002488,-0.022872,0.317307,0.995687,0.300695,-0.768407,0.105427,0.042198,-0.0532,-0.408734,0.564793,-0.716898,-0.637866,-0.738587,-0.218206,-0.652734,0.368097,0.662149,-0.040151,-0.004975,-0.030621,-0.11426,-2.014382,0.484403,0.278391
38,0.131305,0.041693,0.375313,-0.414215,0.497919,-0.761937,-0.546749,-0.805323,-0.229109,-0.727175,0.321064,0.606763,-0.08083,5.9e-05,-0.071012,0.314076,-1.995368,0.237025,0.321867,-0.195195,0.049531,0.37076,0.548441,0.545273,0.633941,-0.719365,0.694116,0.025493,-0.426796,-0.470704,0.772105,0.007348,-0.017167,-0.052517,-0.213266,0.972805,0.334314,-1.400173,-0.008123,0.041819,0.001618,-0.408086,-0.658879,0.631935,0.791193,-0.600602,-0.11528,0.455497,0.452939,0.766398,0.00367,-0.00902,-0.026495,0.124346,1.459161,0.060795,-0.765794,0.103877,0.042205,-0.05459,-0.393091,0.510742,-0.764605,-0.570774,-0.787478,-0.23258,-0.720899,0.344992,0.601069,-0.046449,0.00032,-0.035131,1.237722,-1.884866,-0.68191,0.255694
39,0.127786,0.041555,0.372518,-0.393468,0.440647,-0.806882,-0.462611,-0.853307,-0.240479,-0.794001,0.278099,0.540602,-0.095363,-0.014805,-0.065226,4.525897,-0.631499,-2.774003,0.313811,-0.194612,0.048622,0.368595,0.525164,0.529681,0.666057,-0.722023,0.691546,0.019512,-0.450911,-0.491823,0.744749,0.018892,-0.024669,-0.057927,0.159768,1.427424,-0.347798,-1.399867,-0.007837,0.041362,0.000535,-0.384102,-0.643396,0.662197,0.792785,-0.597443,-0.120632,0.473239,0.478646,0.739554,0.009413,-0.013378,-0.029526,1.530457,2.178406,-1.692564,-0.763018,0.102124,0.042146,-0.055987,-0.371143,0.454425,-0.809783,-0.492673,-0.835571,-0.243093,-0.787099,0.308736,0.534,-0.047353,-0.002174,-0.036918,0.360672,-2.13547,0.12921,0.240018
40,0.125834,0.041372,0.371152,-0.37549,0.418113,-0.827185,-0.429476,-0.869328,-0.244523,-0.820872,0.262915,0.507023,-0.107854,-0.00428,-0.074123,0.426346,-1.888673,-0.017485,0.302648,-0.194206,0.048162,0.367341,0.51365,0.525139,0.678517,-0.725608,0.687847,0.017109,-0.458354,-0.501787,0.733475,0.018718,-0.029416,-0.060874,-0.284171,1.004707,-0.135064,-1.400277,-0.007633,0.041135,-9e-05,-0.371355,-0.638705,0.673906,0.7955,-0.593166,-0.123822,0.478824,0.490111,0.728366,0.015066,-0.009838,-0.035331,0.039658,0.620102,-0.600832,-0.765141,0.101153,0.042051,-0.056667,-0.356389,0.429303,-0.82987,-0.455453,-0.855341,-0.246885,-0.815811,0.28998,0.500362,-0.054057,-0.007136,-0.032493,1.338644,-1.770091,-0.705671,0.230221
41,0.12153,0.040782,0.368454,-0.334129,0.377376,-0.863707,-0.368248,-0.895753,-0.24898,-0.867219,0.234391,0.43934,-0.110151,-0.016606,-0.067629,0.176701,-1.812009,0.030333,0.286825,-0.193154,0.047127,0.364546,0.486468,0.51405,0.706465,-0.727204,0.686371,0.001483,-0.484723,-0.515113,0.7068,0.030113,-0.024807,-0.074384,-0.216579,0.988217,-0.112345,-1.399937,-0.007124,0.040626,-0.001459,-0.343193,-0.626925,0.699416,0.794959,-0.590476,-0.139202,0.500258,0.508234,0.701027,0.015033,-0.013306,-0.037692,0.122251,0.82502,-0.671488,-0.764978,0.099043,0.041763,-0.057995,-0.317254,0.387584,-0.865521,-0.395193,-0.88368,-0.250859,-0.862074,0.262462,0.433522,-0.055067,-0.008712,-0.033966,1.502309,-1.334018,-0.591993,0.204747
42,0.11715,0.040144,0.365851,-0.30113,0.328815,-0.895124,-0.27873,-0.927999,-0.247182,-0.911583,0.174649,0.372212,-0.123941,-0.015024,-0.067694,5.16404,-0.663423,-2.460199,0.252959,-0.191872,0.045886,0.361624,0.457551,0.498242,0.736474,-0.724306,0.689242,-0.016141,-0.516201,-0.526674,0.675288,0.042175,-0.032433,-0.080641,-0.282378,1.239401,-0.164224,-1.40002,-0.00646,0.039984,-0.002972,-0.312056,-0.610224,0.72818,0.790623,-0.5918,-0.15712,0.526815,0.526686,0.667132,0.021097,-0.016594,-0.040561,-0.280837,1.205063,-0.174442,-0.764324,0.096769,0.041429,-0.059349,-0.283519,0.338466,-0.897249,-0.308033,-0.918202,-0.249035,-0.908147,0.205776,0.364586,-0.062063,-0.007684,-0.034003,5.159999,-0.622562,-2.420631,0.172089
43,0.114893,0.039806,0.364542,-0.285244,0.303797,-0.909059,-0.225986,-0.942988,-0.244284,-0.931096,0.13537,0.338766,-0.112392,-0.016556,-0.069482,5.273152,-0.413622,-2.310525,0.226664,-0.191082,0.045181,0.360037,0.438212,0.494462,0.750646,-0.728985,0.68403,-0.024862,-0.526283,-0.536936,0.659234,0.042315,-0.035388,-0.083011,-0.169961,1.096438,-0.486336,-1.399473,-0.006081,0.039644,-0.003734,-0.292527,-0.604358,0.741066,0.79355,-0.585841,-0.164524,0.533578,0.539945,0.650963,0.021168,-0.018027,-0.04171,-0.258704,1.20326,-0.163801,-0.757466,0.095683,0.041266,-0.059978,-0.267617,0.313895,-0.910961,-0.259827,-0.933932,-0.245479,-0.927831,0.170998,0.331495,-0.056476,-0.013692,-0.030418,0.53103,-1.995252,-0.545831,0.14531
44,0.110242,0.039033,0.361997,-0.240552,0.258655,-0.935563,-0.133098,-0.9635,-0.232213,-0.961184,0.068333,0.267362,-0.113155,-0.013007,-0.068616,0.298268,-1.702815,-0.133262,0.200626,-0.189146,0.043966,0.356551,0.403914,0.4853,0.775454,-0.736904,0.674859,-0.038362,-0.54242,-0.556549,0.629203,0.05453,-0.025703,-0.094188,-0.119719,1.026525,-0.227004,-1.39971,-0.005118,0.039027,-0.005477,-0.256777,-0.593768,0.762564,0.798891,-0.574446,-0.17828,0.543909,0.563427,0.621861,0.026992,-0.00766,-0.051368,-0.106724,1.059514,-0.182425,-0.7542,0.093404,0.040882,-0.061232,-0.226258,0.265081,-0.937303,-0.162518,-0.959043,-0.231998,-0.960413,0.099837,0.260072,-0.056995,-0.012334,-0.030254,1.717857,-1.655648,-1.034904,0.094363
45,0.105808,0.038311,0.359578,-0.195146,0.21939,-0.955945,-0.031811,-0.975538,-0.217449,-0.980029,-0.012304,0.19854,-0.115038,-0.021727,-0.060187,1.778731,-1.282709,-0.679542,0.187839,-0.186717,0.043196,0.352679,0.379539,0.472756,0.795263,-0.741035,0.669944,-0.044455,-0.554248,-0.573038,0.603573,0.067092,-0.011097,-0.102298,-0.097745,1.026655,0.081517,-1.400189,-0.003934,0.038633,-0.007375,-0.232089,-0.580723,0.780317,0.801758,-0.568434,-0.184571,0.550743,0.582788,0.597527,0.033875,-0.011246,-0.047222,0.005704,0.661079,-0.188757,-0.756486,0.09114,0.040515,-0.062467,-0.180854,0.224574,-0.957526,-0.063023,-0.974226,-0.216587,-0.981488,0.021175,0.190346,-0.056989,-0.004942,-0.034075,5.603786,-0.59,-1.49584,0.063828
46,0.101399,0.037661,0.357294,-0.151631,0.189229,-0.970178,0.075925,-0.97635,-0.202354,-0.98534,-0.104587,0.134884,-0.114677,-0.014647,-0.056776,1.810109,-1.41309,-0.834374,0.213953,-0.184077,0.043047,0.348765,0.364722,0.456642,0.811449,-0.740457,0.670586,-0.044416,-0.564858,-0.585215,0.581655,0.068064,-0.002658,-0.098024,-0.058871,0.873757,0.260274,-1.400438,-0.002564,0.038541,-0.009415,-0.216684,-0.56352,0.797177,0.801311,-0.569092,-0.184481,0.557626,0.598814,0.574869,0.03409,-0.001064,-0.048883,-0.032381,0.785786,0.196074,-0.766121,0.088934,0.040181,-0.063614,-0.139939,0.19384,-0.971,0.044234,-0.978447,-0.201701,-0.989171,-0.071178,0.128348,-0.051105,-0.008279,-0.02917,5.570029,-0.359758,-1.16358,0.077871
47,0.099248,0.037328,0.35627,-0.133919,0.180763,-0.97439,0.120101,-0.972992,-0.197065,-0.983532,-0.143648,0.109804,-0.102874,-0.024156,-0.048094,1.785747,-0.795387,-0.370458,0.224612,-0.182622,0.04325,0.346764,0.360481,0.44999,0.81704,-0.73879,0.672432,-0.04425,-0.569741,-0.588233,0.573795,0.067835,0.014244,-0.102666,0.148006,0.388132,-0.042144,-1.400294,-0.001863,0.038633,-0.010379,-0.212767,-0.555044,0.804148,0.800054,-0.571421,-0.182726,0.560929,0.604485,0.565646,0.040157,0.007696,-0.051441,0.169305,0.221304,0.155011,-0.7671,0.087854,0.040017,-0.064131,-0.119606,0.183258,-0.975761,0.088805,-0.976902,-0.194358,-0.988841,-0.109899,0.100569,-0.057816,-0.01119,-0.02362,5.660403,-0.151071,-0.947967,0.091914
48,0.094994,0.036577,0.354473,-0.098977,0.16659,-0.981069,0.189855,-0.964592,-0.183,-0.976697,-0.204588,0.065065,-0.101814,-0.015903,-0.043483,0.167612,-0.849614,-0.253742,0.260709,-0.179528,0.044222,0.342827,0.349804,0.434731,0.829842,-0.741549,0.669764,-0.038147,-0.572793,-0.602568,0.555592,0.080863,0.026598,-0.095959,0.146491,0.379195,0.029584,-1.400422,-0.000321,0.03911,-0.012353,-0.202458,-0.539734,0.817127,0.803199,-0.568883,-0.176756,0.560251,0.620531,0.548688,0.040129,0.019732,-0.051393,0.200595,0.223187,0.218839,-0.775101,0.085726,0.039634,-0.065034,-0.085801,0.168066,-0.982034,0.160204,-0.970515,-0.180092,-0.983347,-0.172778,0.056346,-0.051295,-0.013109,-0.017276,0.246119,-0.968774,-0.371649,0.132573
49,0.091313,0.03594,0.353151,-0.076843,0.159559,-0.984216,0.22777,-0.958177,-0.173174,-0.970591,-0.237688,0.03851,-0.087685,-0.017133,-0.02904,0.217716,-0.565721,-0.012533,0.29004,-0.176469,0.045752,0.339114,0.331553,0.4282,0.84066,-0.762848,0.64592,-0.028005,-0.555379,-0.632544,0.539727,0.081163,0.037432,-0.08892,-5.762356,-1.132947,-0.804005,-1.396534,0.001209,0.039872,-0.014212,-0.183885,-0.531182,0.827061,0.819084,-0.547961,-0.169818,0.543402,0.646206,0.535845,0.040636,0.018466,-0.044693,0.042294,0.686299,0.287111,-0.777224,0.083878,0.039309,-0.065705,-0.063767,0.160249,-0.985014,0.197985,-0.965373,-0.169871,-0.978128,-0.20585,0.029832,-0.04383,-0.008662,-0.014503,0.567611,-0.56124,-0.092909,0.176335
50,0.089607,0.035701,0.352639,-0.070527,0.15602,-0.985256,0.246071,-0.954424,-0.168806,-0.966603,-0.25455,0.030146,-0.086109,-0.01079,-0.024802,0.216061,-0.439623,-0.166942,0.290847,-0.174916,0.046539,0.337337,0.323163,0.425371,0.84535,-0.775061,0.631474,-0.021322,-0.543264,-0.648837,0.532671,0.081224,0.037211,-0.089182,-0.096719,0.575362,0.212578,-1.387604,0.001986,0.040274,-0.015094,-0.175458,-0.5299,0.82971,0.833799,-0.528086,-0.160944,0.523443,0.663573,0.534487,0.040665,0.018951,-0.044417,-0.528224,0.542922,0.456357,-0.775265,0.083024,0.039186,-0.065963,-0.058103,0.156844,-0.985912,0.216223,-0.962161,-0.165808,-0.974613,-0.222811,0.021991,-0.042861,-0.004883,-0.011957,0.575834,-0.504793,-0.252647,0.189561
51,0.086553,0.03516,0.35202,-0.064198,0.14965,-0.986676,0.304061,-0.938725,-0.162215,-0.950414,-0.310618,0.015988,-0.072082,-0.014264,-0.011377,0.084666,-0.409942,-0.322513,0.311573,-0.171743,0.047861,0.333876,0.308541,0.426214,0.850374,-0.802975,0.595914,-0.007198,-0.510177,-0.681137,0.525009,0.082285,0.023959,-0.083238,-0.109929,0.207615,0.121077,-1.375236,0.003603,0.040958,-0.016852,-0.160325,-0.52818,0.833859,0.85904,-0.490741,-0.145677,0.486153,0.692963,0.532406,0.041194,0.011917,-0.041728,-0.10075,0.156214,0.09463,-0.772326,0.081465,0.038914,-0.06628,-0.052342,0.150422,-0.987235,0.274742,-0.948271,-0.159052,-0.960091,-0.279561,0.008307,-0.035842,-0.006582,-0.005213,0.09492,-0.502338,-0.380751,0.208503
52,0.083931,0.034568,0.35188,-0.057907,0.139972,-0.988483,0.310185,-0.938571,-0.151129,-0.948846,-0.315547,0.012162,-0.070174,-0.014274,0.004614,-0.033702,0.052839,-0.221911,0.358171,-0.168678,0.048965,0.330479,0.303711,0.422035,0.854188,-0.816152,0.57776,0.004863,-0.491818,-0.699146,0.518818,0.08165,0.035849,-0.090841,0.187941,0.263121,-0.010647,-1.375997,0.005105,0.041497,-0.018516,-0.155754,-0.52376,0.837505,0.871456,-0.472055,-0.133146,0.465085,0.709112,0.529958,0.03512,0.011327,-0.041873,0.179108,0.152395,0.074581,-0.779674,0.08018,0.038621,-0.066353,-0.045039,0.140355,-0.989075,0.280828,-0.948376,-0.147367,-0.9587,-0.284398,0.003298,-0.028839,-0.008776,0.001286,-0.043464,0.205114,-0.356246,0.25798
53,0.081655,0.034306,0.352015,-0.056185,0.129499,-0.990009,0.326957,-0.93447,-0.140843,-0.943305,-0.331773,0.011394,-0.055125,-0.009131,0.008524,1.604469,0.315489,-0.183915,0.385175,-0.165686,0.04995,0.327162,0.304308,0.417087,0.856403,-0.830687,0.556142,0.02445,-0.46644,-0.719359,0.514606,0.082879,0.024715,-0.083676,-1.041934,-1.292805,2.196981,-1.376827,0.006601,0.041992,-0.020178,-0.153624,-0.520263,0.840074,0.885317,-0.450069,-0.116833,0.438875,0.725784,0.52974,0.035259,0.011633,-0.041907,-0.138418,0.621427,0.578354,-0.782776,0.079038,0.038493,-0.066283,-0.043664,0.12997,-0.990555,0.295857,-0.945344,-0.137079,-0.954232,-0.299049,0.002825,-0.026821,0.001537,0.000325,5.459234,0.85744,-0.181993,0.302558
54,0.080652,0.034229,0.352172,-0.054781,0.123264,-0.990883,0.354696,-0.925204,-0.134757,-0.933313,-0.359006,0.008194,-0.05407,-0.005797,0.010942,1.632057,0.149795,-0.276534,0.397825,-0.164135,0.05045,0.325473,0.301182,0.41862,0.856761,-0.840221,0.541295,0.031021,-0.451126,-0.729728,0.513659,0.083027,0.025267,-0.08355,-0.244959,0.026025,0.003541,-1.37742,0.007349,0.042238,-0.020994,-0.153855,-0.519792,0.840323,0.893372,-0.436524,-0.10645,0.422153,0.734344,0.531529,0.035334,0.012261,-0.04148,-4.540885,-0.127082,-2.601406,-0.788328,0.078537,0.038455,-0.066204,-0.042819,0.123769,-0.991386,0.323862,-0.936995,-0.130966,-0.945134,-0.32668,3.7e-05,-0.020574,-0.003612,0.004831,5.496637,0.588002,-0.27266,0.322317
55,0.078987,0.034077,0.352541,-0.046511,0.110738,-0.992784,0.420272,-0.899404,-0.120065,-0.906152,-0.42297,-0.003473,-0.040267,-0.00504,0.011744,5.496246,0.27943,-0.363018,0.415354,-0.161253,0.05137,0.32235,0.292552,0.418134,0.859982,-0.861129,0.506145,0.046981,-0.415973,-0.754815,0.507035,0.070778,0.025829,-0.082596,-4.607223,-0.146035,-2.532636,-1.375036,0.008848,0.042712,-0.022615,-0.145292,-0.518462,0.842666,0.911769,-0.40085,-0.089422,0.384144,0.755324,0.530958,0.035448,0.012837,-0.041314,-4.577602,-0.191541,-2.581532,-0.791104,0.077711,0.038387,-0.06602,-0.035526,0.111454,-0.993133,0.386393,-0.914946,-0.116502,-0.921649,-0.387879,-0.010561,-0.019955,-0.002029,0.006297,0.172188,-0.683161,-0.579136,0.353669
