frame,MLTx,MLTy,MLTz,MLTR1,MLTR2,MLTR3,MLTR4,MLTR5,MLTR6,MLTR7,MLTR8,MLTR9,MLTTVx,MLTTVy,MLTTVz,MLTRVx,MLTRVy,MLTRVz,MLGA,MRTx,MRTy,MRTz,MRTR1,MRTR2,MRTR3,MRTR4,MRTR5,MRTR6,MRTR7,MRTR8,MRTR9,MRTTVx,MRTTVy,MRTTVz,MRTRVx,MRTRVy,MRTRVz,MRGA,SLTx,SLTy,SLTz,SLTR1,SLTR2,SLTR3,SLTR4,SLTR5,SLTR6,SLTR7,SLTR8,SLTR9,SLTTVx,SLTTVy,SLTTVz,SLTRVx,SLTRVy,SLTRVz,SLGA,SRTx,SRTy,SRTz,SRTR1,SRTR2,SRTR3,SRTR4,SRTR5,SRTR6,SRTR7,SRTR8,SRTR9,SRTTVx,SRTTVy,SRTTVz,SRTRVx,SRTRVy,SRTRVz,SRGA
1,0.161562,0.013752,0.43086,-0.758509,0.471065,-0.45034,-0.489741,-0.867885,-0.083073,-0.429038,0.156946,0.889562,0.000296,0.003781,0.001659,-0.067247,-0.012405,0.132834,0.266819,-0.184402,0.037359,0.391,0.85357,0.344628,0.390692,-0.463992,0.843727,0.269759,-0.237736,-0.411975,0.879557,7.3e-05,0.002538,0.001248,0.001792,-0.013006,0.025652,0.269666,-0.002257,0.034594,0.012267,-0.798836,-0.381322,0.465246,0.49769,-0.853373,0.155105,0.337884,0.355452,0.871486,2e-06,6.4e-05,3.2e-05,-4e-06,8e-06,1e-06,0.517343,0.11867,0.028084,-0.025834,-0.685311,0.56903,-0.45448,-0.602802,-0.793411,-0.084423,-0.408629,0.216106,0.886746,0.000183,0.002603,0.000774,-0.186362,-0.045746,0.405326,0.518592
2,0.16156,0.013791,0.430942,-0.748073,0.488305,-0.449433,-0.51059,-0.856047,-0.080338,-0.42304,0.168764,0.890271,0.00049,-0.004779,0.012224,-0.780444,-0.13302,1.483186,0.322336,-0.18436,0.037257,0.391085,0.85367,0.344514,0.390575,-0.463922,0.84365,0.270118,-0.237515,-0.412226,0.879499,0.01187,9.6e-05,-0.000781,0.014411,-0.104904,0.206309,0.370356,-0.002257,0.034594,0.012267,-0.798836,-0.381322,0.465246,0.49769,-0.853373,0.155105,0.337884,0.355452,0.871486,2e-06,6.4e-05,3.2e-05,-4e-06,8e-06,1e-06,0.517343,0.118669,0.028112,-0.025801,-0.674375,0.582689,-0.453531,-0.619542,-0.780689,-0.081791,-0.401726,0.225824,0.887478,8e-05,0.001893,0.000619,-2.446433,-0.444113,4.865128,0.518592
3,0.161636,0.013671,0.431252,-0.7336,0.513803,-0.44484,-0.541223,-0.837518,-0.074928,-0.410153,0.185145,0.893042,0.012419,-0.007196,0.010728,-0.10089,-0.015111,0.143377,0.385894,-0.184372,0.037029,0.391294,0.853628,0.344544,0.390641,-0.464163,0.843301,0.270794,-0.237193,-0.412916,0.879262,0.000714,-0.008968,0.009749,-0.036437,0.010322,-0.018359,0.499685,-0.002257,0.034594,0.012267,-0.798836,-0.381322,0.465246,0.49769,-0.853373,0.155105,0.337884,0.355452,0.871486,2e-06,6.4e-05,3.2e-05,-4e-06,8e-06,1e-06,0.517343,0.118703,0.028061,-0.025646,-0.656898,0.605864,-0.448788,-0.647181,-0.758472,-0.07665,-0.386833,0.240096,0.890344,0.000196,-0.002957,0.005804,-0.2381,-0.037613,0.387425,0.519082
4,0.16166,0.013517,0.431495,-0.731534,0.519004,-0.442198,-0.546425,-0.834112,-0.075152,-0.406942,0.186,0.894331,0.000309,-0.007108,0.011209,-0.007484,0.099418,0.011115,0.410148,-0.184377,0.036982,0.391346,0.853568,0.344604,0.390717,-0.464293,0.843188,0.270923,-0.237151,-0.413097,0.879189,1.1e-05,0.000384,0.000189,0.0,0.0,0.0,0.52745,-0.002257,0.034594,0.012267,-0.798836,-0.381322,0.465246,0.49769,-0.853373,0.155105,0.337884,0.355452,0.871486,2e-06,6.4e-05,3.2e-05,-4e-06,8e-06,1e-06,0.517343,0.11872,0.027985,-0.025525,-0.654552,0.61036,-0.446118,-0.651395,-0.754823,-0.076977,-0.383724,0.240214,0.891657,0.000238,-0.007962,0.0108,-0.024101,0.118302,-0.03905,0.520225
5,0.161709,0.013024,0.432138,-0.72292,0.531233,-0.441842,-0.56134,-0.824358,-0.072822,-0.402028,0.194713,0.8947,0.000359,-0.017559,0.020975,-0.091483,0.01595,0.000368,0.46551,-0.184379,0.036919,0.391304,0.85332,0.344875,0.39102,-0.464657,0.84304,0.27076,-0.237332,-0.413174,0.879104,-7.5e-05,-0.002616,-0.001287,-0.012372,0.089531,-0.177148,0.533318,-0.002259,0.034583,0.01225,-0.798692,-0.381427,0.465406,0.497897,-0.853241,0.155169,0.337917,0.355657,0.871389,-4.3e-05,-0.001502,-0.000737,-0.009939,0.095369,-0.180864,0.517343,0.118745,0.027743,-0.025208,-0.645161,0.620446,-0.445883,-0.663922,-0.744059,-0.074711,-0.378118,0.247831,0.891967,-0.005934,-0.00379,0.005717,-0.092636,0.014174,0.062868,0.520551
6,0.161603,0.012502,0.432795,-0.723596,0.530631,-0.441458,-0.561606,-0.82438,-0.070491,-0.400439,0.196253,0.895076,0.000408,-0.016921,0.021274,-0.071713,0.019129,-0.039708,0.506168,-0.184389,0.036753,0.391287,0.852623,0.345628,0.391876,-0.465729,0.842529,0.270506,-0.237736,-0.413588,0.8788,-8.5e-05,-0.002937,-0.001447,0.0,0.0,0.0,0.533592,-0.002264,0.034499,0.012241,-0.797849,-0.382258,0.46617,0.498971,-0.852682,0.154791,0.338325,0.356105,0.871047,0.000276,-0.007318,0.00348,-0.050926,0.112798,-0.221966,0.517507,0.118691,0.02748,-0.024881,-0.646379,0.619446,-0.44551,-0.663636,-0.744545,-0.072377,-0.376536,0.248873,0.892346,-0.005912,-0.003461,0.005873,-0.028182,0.015901,-0.037434,0.520551
7,0.161383,0.011974,0.433401,-0.724207,0.530118,-0.441072,-0.561892,-0.824366,-0.068331,-0.398933,0.197685,0.895433,-0.011839,-0.018289,0.021136,-0.072704,0.033794,-0.069273,0.518763,-0.184376,0.03658,0.3912,0.850259,0.350994,0.392242,-0.471155,0.839562,0.270337,-0.235486,-0.415109,0.878689,-0.000152,-0.005258,-0.002594,-0.00706,0.009339,-0.037471,0.533727,-0.002258,0.034413,0.012198,-0.795439,-0.387621,0.465859,0.504328,-0.849635,0.15418,0.336047,0.357587,0.871322,-6.4e-05,-0.002258,-0.001116,-0.018812,-0.01091,-0.039886,0.517507,0.118586,0.027219,-0.024577,-0.647372,0.618679,-0.445135,-0.663536,-0.74484,-0.070229,-0.375004,0.249899,0.892704,3.4e-05,-0.004971,0.005003,-0.030745,0.010355,-0.030125,0.520551
8,0.161301,0.011738,0.433613,-0.724361,0.530005,-0.440954,-0.562074,-0.824305,-0.067568,-0.398396,0.19824,0.895549,-0.012152,-0.01116,0.009911,-0.037962,0.033757,-0.076597,0.519564,-0.184379,0.036501,0.39115,0.845925,0.361162,0.392383,-0.481229,0.833858,0.270248,-0.230643,-0.417894,0.878653,-0.00014,-0.004851,-0.002395,-0.007062,0.00934,-0.037471,0.53351,-0.002259,0.034372,0.012173,-0.79106,-0.397751,0.464776,0.514322,-0.843787,0.153282,0.331205,0.3603,0.872058,-5.5e-05,-0.001957,-0.000967,-0.019368,-0.0096,-0.039393,0.517343,0.118546,0.027105,-0.024469,-0.647649,0.61847,-0.445022,-0.663575,-0.744875,-0.069477,-0.374456,0.250309,0.892819,5e-06,-0.005358,0.004834,-0.031656,0.010203,-0.028312,0.520715
9,0.161227,0.011443,0.433853,-0.724598,0.529808,-0.440802,-0.562228,-0.824276,-0.066633,-0.397749,0.198884,0.895694,2.6e-05,-0.010683,0.009682,-0.035863,0.009516,-0.019866,0.520588,-0.184373,0.036375,0.391098,0.830058,0.396072,0.392583,-0.515611,0.81307,0.270178,-0.213223,-0.427187,0.878584,-6.7e-05,-0.002332,-0.001153,-1.3e-05,-9e-06,-2.9e-05,0.531039,-0.002256,0.034303,0.012144,-0.775058,-0.432468,0.460711,0.548445,-0.82252,0.150556,0.313833,0.369365,0.874687,-3.1e-05,-0.001123,-0.000556,-0.001037,0.002702,0.001048,0.51767,0.118504,0.026949,-0.024347,-0.648145,0.618072,-0.444852,-0.663476,-0.745055,-0.068493,-0.373773,0.250756,0.89298,-7.9e-05,-0.000923,-0.000403,0.002841,0.000444,-0.005715,0.520715
10,0.161226,0.011371,0.433896,-0.724621,0.529792,-0.440783,-0.562284,-0.824252,-0.066457,-0.397629,0.199025,0.895716,-1e-06,-1.8e-05,-8e-06,0.0,0.0,0.0,0.516958,-0.184386,0.036351,0.391034,0.829909,0.396216,0.392752,-0.515785,0.813024,0.269983,-0.21338,-0.42714,0.878569,-7.6e-05,-0.002639,-0.001305,-0.0,-0.0,-0.0,0.4082,-0.002263,0.034296,0.012114,-0.774896,-0.43259,0.46087,0.548574,-0.822471,0.150358,0.314009,0.369333,0.874637,-4.4e-05,-0.001529,-0.000755,-0.001545,0.01311,-0.025141,0.465907,0.118503,0.026907,-0.024322,-0.648309,0.617916,-0.444829,-0.663376,-0.745163,-0.068286,-0.373665,0.250819,0.893008,1e-06,4.5e-05,2e-05,0.00192,0.000291,-0.003866,0.520878
11,0.161276,0.011426,0.433778,-0.717153,0.537641,-0.443485,-0.572129,-0.817487,-0.065984,-0.397133,0.205736,0.894419,-0.000334,0.0068,-0.011381,0.031794,-0.022307,0.015573,0.30957,-0.184425,0.036255,0.390711,0.829488,0.396632,0.393222,-0.516216,0.813026,0.269154,-0.213979,-0.426751,0.878612,-0.000309,-0.010629,-0.005274,-0.001792,0.01299,-0.02566,0.106109,-0.002282,0.03426,0.011958,-0.774441,-0.433004,0.461246,0.548871,-0.82243,0.149493,0.314611,0.368939,0.874587,-0.000495,-0.000407,-0.007302,0.034812,0.002723,-0.006946,0.19958,0.118528,0.026939,-0.024379,-0.639893,0.624544,-0.447751,-0.672182,-0.737279,-0.067757,-0.372434,0.257613,0.891586,-0.000176,0.003272,-0.005747,0.043432,0.006361,0.019977,0.521041
12,0.161374,0.011451,0.433548,-0.715236,0.537238,-0.447056,-0.571626,-0.817659,-0.068186,-0.401287,0.206106,0.892477,-0.000691,0.002276,-0.013363,0.024061,-0.034182,-0.018714,0.131773,-0.184453,0.0362,0.390428,0.829231,0.398645,0.391726,-0.51688,0.813424,0.266665,-0.213369,-0.424108,0.880039,-0.00105,-0.002527,-0.015468,0.199521,-0.211606,-0.16003,-0.014437,-0.002296,0.034229,0.01182,-0.774392,-0.434165,0.460235,0.548999,-0.822674,0.147673,0.314509,0.367025,0.875428,-0.000506,-0.000772,-0.007489,0.323927,-0.369544,-0.19226,0.045107,0.118577,0.026957,-0.024487,-0.638011,0.623827,-0.45142,-0.67166,-0.737548,-0.069948,-0.37658,0.258573,0.889565,0.005711,0.000854,-0.007028,0.0335,-0.024911,0.04075,0.430578
13,0.161644,0.011424,0.433041,-0.709233,0.535725,-0.458293,-0.569156,-0.818665,-0.0763,-0.415187,0.206053,0.886108,0.011246,-0.000587,-0.015068,0.685193,-0.371677,0.129415,-0.085184,-0.184455,0.036412,0.389753,0.829133,0.402263,0.388219,-0.517506,0.814759,0.261319,-0.21222,-0.418085,0.883193,-0.001541,0.014035,-0.021431,0.406976,-0.47543,-0.218708,-0.309187,-0.002297,0.034314,0.011478,-0.77465,-0.436687,0.457405,0.548823,-0.823582,0.143194,0.31418,0.36196,0.877653,0.005515,0.001283,-0.006885,0.029188,-0.008642,0.017595,-0.267105,0.118712,0.026941,-0.024747,-0.63232,0.621406,-0.462628,-0.669231,-0.738962,-0.077877,-0.390258,0.260362,0.883124,0.005616,-0.000454,-0.007608,0.766043,-0.36362,0.170074,0.115427
14,0.161698,0.011108,0.432682,-0.701305,0.538042,-0.467683,-0.56495,-0.819531,-0.095776,-0.433946,0.196374,0.879292,-0.000955,-0.012256,-0.005418,0.01557,-0.005095,-0.020238,-0.266825,-0.184486,0.037233,0.388806,0.82951,0.405413,0.384114,-0.5172,0.816971,0.254944,-0.211487,-0.410658,0.886847,-0.002095,0.028346,-0.028448,0.165014,-0.106803,0.012165,-0.625713,-0.002312,0.034707,0.011017,-0.775507,-0.441317,0.451472,0.548229,-0.825376,0.1349,0.313101,0.352126,0.882028,-0.000685,0.009409,-0.009504,0.132479,-0.106493,-0.016936,-0.559068,0.118739,0.026787,-0.024925,-0.624066,0.622766,-0.471913,-0.664998,-0.740425,-0.097707,-0.410266,0.252845,0.876213,0.005489,-0.002162,-0.00837,0.084429,0.046957,-0.137202,-0.169025
15,0.161733,0.010884,0.432538,-0.698166,0.539791,-0.470356,-0.563755,-0.819393,-0.103665,-0.440502,0.192113,0.876971,-0.00097,-0.012463,-0.005524,0.007013,-0.056723,0.160525,-0.349903,-0.184533,0.037715,0.388281,0.828545,0.407278,0.384224,-0.51779,0.81828,0.249489,-0.213825,-0.406178,0.888348,-0.002138,0.026788,-0.029195,0.227889,-0.082154,-0.036043,-0.784204,-0.002336,0.034965,0.010747,-0.774529,-0.443067,0.451437,0.54812,-0.826329,0.129399,0.315704,0.347665,0.882869,-0.001066,0.012988,-0.014801,0.349172,0.048774,-0.156595,-0.707173,0.118757,0.026673,-0.024998,-0.620915,0.624071,-0.47434,-0.663666,-0.740542,-0.105559,-0.417146,0.24926,0.873989,0.005563,-0.006827,-0.003248,-0.009277,0.004408,-0.002257,-0.26259
16,0.161784,0.010438,0.432249,-0.694307,0.542776,-0.472628,-0.564501,-0.818017,-0.110268,-0.445611,0.189559,0.874943,-0.00108,-0.002772,-0.015653,0.034751,4.5e-05,-0.007289,-0.475753,-0.18467,0.038676,0.386988,0.829058,0.40686,0.38356,-0.516197,0.820394,0.245821,-0.215689,-0.40231,0.889656,-0.00231,0.020753,-0.032156,0.107522,-0.018474,0.029161,-1.125307,-0.002404,0.035455,0.010105,-0.775063,-0.442637,0.450941,0.546203,-0.828135,0.125911,0.317707,0.343894,0.883627,-0.001474,0.015392,-0.020653,0.142388,-0.027046,0.048916,-0.898059,0.118783,0.026447,-0.025137,-0.616772,0.626512,-0.476522,-0.664206,-0.739104,-0.112049,-0.4224,0.2474,0.871992,-0.000485,-0.006285,-0.002801,0.00542,-0.055638,0.15926,-0.388324
17,0.161756,0.01016,0.431844,-0.691471,0.545683,-0.473438,-0.566819,-0.81606,-0.112843,-0.447076,0.189642,0.874177,-0.013239,-0.002077,-0.014928,0.033767,0.014764,-0.036841,-0.585439,-0.184808,0.039589,0.385535,0.828184,0.406974,0.385324,-0.515595,0.82259,0.239667,-0.220459,-0.397677,0.890569,-0.002424,0.016793,-0.034097,0.105721,-0.005211,0.003641,-1.39255,-0.002473,0.035914,0.00938,-0.774002,-0.442818,0.452583,0.544846,-0.829939,0.119758,0.322585,0.339282,0.883643,-0.00151,0.01401,-0.021306,0.14389,-0.029495,0.048011,-0.853971,0.118772,0.026304,-0.025342,-0.613482,0.629109,-0.477346,-0.666317,-0.736794,-0.114698,-0.423864,0.247699,0.871196,-0.000468,-0.006096,-0.002728,0.006695,-0.056501,0.159992,-0.49283
18,0.161727,0.010251,0.431115,-0.693467,0.542765,-0.473871,-0.562225,-0.81889,-0.115292,-0.449768,0.18579,0.873623,-0.001003,0.009352,-0.024681,0.070606,-0.009511,0.012572,-0.706005,-0.184858,0.040398,0.384057,0.833533,0.393158,0.388124,-0.503043,0.83038,0.239478,-0.229177,-0.395356,0.889401,-0.00311,0.026338,-0.043405,0.119842,0.002575,0.065988,-1.403761,-0.002498,0.036312,0.008643,-0.778992,-0.429099,0.457214,0.532417,-0.837814,0.120828,0.331213,0.337553,0.88111,-0.001224,0.007151,-0.017662,0.104564,0.002474,0.016208,-0.862135,0.118753,0.026341,-0.025705,-0.615887,0.626428,-0.477775,-0.662078,-0.740232,-0.117077,-0.427006,0.244218,0.870644,-0.000468,0.004966,-0.012209,0.07058,-0.009433,0.012548,-0.591784
19,0.161782,0.010419,0.430658,-0.696472,0.53878,-0.474013,-0.556921,-0.822334,-0.116517,-0.451714,0.182161,0.873384,-0.000983,0.009598,-0.024566,0.070605,-0.00952,0.012571,-0.742712,-0.184873,0.040711,0.383319,0.840592,0.374544,0.391297,-0.486365,0.839726,0.241336,-0.239239,-0.393656,0.887504,-0.002511,0.013734,-0.035603,2.200995,1.407171,4.988476,-1.403969,-0.002506,0.036473,0.008271,-0.783458,-0.415743,0.461897,0.521043,-0.844526,0.123642,0.338681,0.337537,0.878272,-0.001258,0.005936,-0.018276,0.051691,0.073541,0.059536,-0.862135,0.118781,0.026427,-0.025933,-0.619392,0.622846,-0.477928,-0.657238,-0.744345,-0.11827,-0.429407,0.240857,0.8704,0.005629,0.004752,-0.012523,0.063861,0.042536,-0.144943,-0.638158
20,0.161988,0.011043,0.42924,-0.700104,0.529101,-0.479534,-0.545778,-0.829488,-0.11852,-0.459611,0.178079,0.870099,0.010422,0.021265,-0.048592,0.127518,-0.080817,0.038325,-0.753118,-0.184968,0.041092,0.381937,0.852017,0.335657,0.401736,-0.455,0.854173,0.251593,-0.259766,-0.397579,0.879953,-0.002585,0.0113,-0.036857,-0.228938,0.474095,0.321613,-1.404134,-0.002554,0.036664,0.00758,-0.796036,-0.373889,0.475954,0.486583,-0.863003,0.135875,0.359948,0.339752,0.86891,-0.000952,0.000175,-0.014133,-0.38507,0.623541,0.668846,-0.859196,0.118884,0.026754,-0.026646,-0.624139,0.613516,-0.483784,-0.647034,-0.752942,-0.1201,-0.437945,0.238066,0.866906,0.005215,0.010408,-0.024397,0.138298,-0.046007,0.049706,-0.683553
21,0.162197,0.012239,0.42675,-0.715165,0.495701,-0.492812,-0.508124,-0.852794,-0.120516,-0.479123,0.163599,0.862383,0.009589,0.043841,-0.081544,0.125682,-0.685089,-0.243153,-0.738031,-0.185017,0.041333,0.380703,0.87014,0.276854,0.407676,-0.404054,0.874257,0.268979,-0.283031,-0.399126,0.872041,-0.00253,0.013133,-0.035929,-0.257017,0.476425,0.344319,-1.403688,-0.002578,0.036778,0.00696,-0.813676,-0.315553,0.488218,0.438044,-0.884943,0.158085,0.382161,0.342491,0.858284,-0.000918,0.001311,-0.013563,-0.416251,0.551077,0.730421,-0.850378,0.118984,0.027336,-0.02786,-0.643912,0.583475,-0.494906,-0.61295,-0.780532,-0.12272,-0.457895,0.224332,0.860236,-0.001273,0.021908,-0.040563,0.475438,-0.051087,-0.37417,-0.693187
22,0.162237,0.013091,0.425132,-0.722068,0.480856,-0.497434,-0.491427,-0.862521,-0.120535,-0.486115,0.156814,0.859726,-0.002809,0.052645,-0.091406,0.180926,-0.401919,-0.02386,-0.715294,-0.185073,0.041418,0.380139,0.883528,0.230459,0.407748,-0.361107,0.889449,0.280029,-0.299239,-0.394949,0.868525,-0.001858,0.003147,-0.026873,0.49362,0.814897,1.704473,-1.402698,-0.002606,0.036823,0.006674,-0.826708,-0.270261,0.493469,0.398137,-0.900731,0.17369,0.397542,0.340059,0.852243,-0.000951,0.000856,-0.013789,2.070489,1.905982,5.347902,-0.853154,0.119007,0.027776,-0.0287,-0.6522,0.568517,-0.50142,-0.597284,-0.792712,-0.121897,-0.466782,0.219989,0.856573,-0.001368,0.026066,-0.045821,0.174146,-0.429801,-0.02985,-0.690248
23,0.16219,0.015331,0.421301,-0.742037,0.440483,-0.505372,-0.451058,-0.8857,-0.109795,-0.495052,0.145926,0.856537,-0.003024,0.071873,-0.111012,-0.432673,-0.054503,-0.550586,-0.639981,-0.185321,0.041606,0.378998,0.908187,0.095436,0.407528,-0.235966,0.920782,0.310506,-0.346746,-0.378285,0.858214,-0.013836,0.001627,-0.026868,-1.162718,-0.804064,3.682339,-1.067326,-0.002726,0.036922,0.006105,-0.85103,-0.138068,0.506639,0.278757,-0.936431,0.21305,0.445017,0.322542,0.835419,-0.007207,0.006234,-0.01771,2.360177,2.084389,5.540997,-0.771509,0.118984,0.028863,-0.030577,-0.67697,0.531477,-0.509159,-0.560342,-0.8207,-0.111652,-0.477208,0.209718,0.853399,-0.001399,0.03084,-0.050671,-2.050224,0.508169,-1.283674,-0.660856
24,0.162041,0.018171,0.417099,-0.764998,0.397402,-0.506849,-0.415357,-0.905811,-0.08341,-0.491309,0.146214,0.858641,-0.014775,0.077123,-0.107569,-1.803149,0.697189,-2.104359,-0.516364,-0.185499,0.041562,0.378093,0.912732,-0.041273,0.406457,-0.107691,0.935261,0.33708,-0.395197,-0.351388,0.848651,0.010736,-0.006822,-0.018735,1.828378,2.395431,5.573419,-0.574884,-0.002824,0.036899,0.005648,-0.858209,-0.004546,0.51328,0.157621,-0.953982,0.255093,0.4885,0.299827,0.819432,-0.000564,-0.003018,-0.008743,0.094421,0.234814,0.895213,-0.587317,0.118914,0.030276,-0.032682,-0.70439,0.493386,-0.510297,-0.528205,-0.844596,-0.087496,-0.474165,0.20791,0.855534,-0.001234,0.038454,-0.054046,0.992496,-0.438207,-1.916909,-0.594233
25,0.161938,0.019676,0.414988,-0.77698,0.375393,-0.505398,-0.396654,-0.915269,-0.070136,-0.487942,0.1455,0.86068,-0.002573,0.077016,-0.107732,0.14265,-0.244854,-0.613666,-0.425456,-0.185369,0.041348,0.377873,0.913382,-0.078103,0.39953,-0.07148,0.935274,0.346536,-0.401878,-0.344985,0.84814,0.011518,-0.013636,-0.008047,-0.181611,-0.226192,0.596337,-0.368379,-0.00276,0.036789,0.005531,-0.858707,0.04005,0.510898,0.116784,-0.955416,0.271184,0.498981,0.292533,0.815746,0.005768,-0.00695,-0.004101,-0.397736,-0.713126,1.010104,-0.523307,0.118857,0.031059,-0.033777,-0.72037,0.471015,-0.509127,-0.51029,-0.857074,-0.070901,-0.469756,0.208728,0.857765,-0.001205,0.038551,-0.053839,0.130501,-0.326937,-0.625399,-0.54296
26,0.161844,0.022526,0.410931,-0.79487,0.341505,-0.501599,-0.370131,-0.92786,-0.045288,-0.479895,0.149228,0.864557,-0.002452,0.067135,-0.097451,0.103424,-0.206781,-0.624604,-0.386008,-0.184738,0.04081,0.377694,0.911596,-0.137375,0.387442,-0.013153,0.932145,0.361754,-0.41199,-0.334702,0.847409,0.023683,-0.008401,-0.006138,-0.217984,0.202683,0.428633,-0.050333,-0.002448,0.036517,0.00544,-0.859658,0.098592,0.501265,0.06056,-0.954615,0.291619,0.507266,0.28105,0.814672,0.005872,-0.003851,-0.002474,-0.371928,0.433043,0.586668,-0.432844,0.11881,0.032487,-0.035804,-0.742418,0.439797,-0.505364,-0.48577,-0.872875,-0.045993,-0.461348,0.211345,0.861679,-0.001156,0.033519,-0.048745,0.081164,-0.287786,-0.640561,-0.474705
27,0.161804,0.024915,0.407427,-0.807543,0.316107,-0.497991,-0.348282,-0.936893,-0.030039,-0.47506,0.148784,0.867299,-0.002232,0.05871,-0.086679,0.096801,-0.273469,-0.636102,-0.352962,-0.184155,0.040607,0.377489,0.902337,-0.206604,0.378277,0.055989,0.92625,0.37264,-0.428497,-0.314813,0.846845,0.01187,-0.003764,-0.002843,0.603788,0.63595,1.456278,0.123228,-0.002148,0.036411,0.005336,-0.851263,0.169244,0.496695,-0.006495,-0.949884,0.312532,0.524697,0.262821,0.809701,0.005949,-0.001624,-0.001295,0.635076,0.616193,1.456796,-0.381735,0.11879,0.033681,-0.037556,-0.758459,0.416779,-0.501032,-0.465457,-0.88452,-0.031174,-0.456166,0.209565,0.864866,-0.001052,0.029338,-0.043347,0.025706,-0.454137,-0.683899,-0.452824
28,0.161765,0.026646,0.404644,-0.811025,0.304481,-0.499574,-0.338345,-0.940697,-0.024163,-0.4763,0.149047,0.866574,-0.001997,0.039709,-0.066862,0.086821,-0.267656,-0.25207,-0.340878,-0.183478,0.040651,0.377216,0.888504,-0.254857,0.381577,0.101652,0.920112,0.378148,-0.44858,-0.296882,0.842912,0.01114,0.00445,-0.012829,-0.064451,0.144195,0.145847,0.246716,-0.001809,0.036447,0.005206,-0.837383,0.217419,0.501516,-0.051491,-0.944787,0.323613,0.544185,0.245164,0.802344,0.005572,0.002186,-0.006448,-0.058261,0.137338,0.139181,-0.138922,0.118771,0.034547,-0.038948,-0.763038,0.405219,-0.503557,-0.456085,-0.889591,-0.024762,-0.457995,0.210771,0.863606,-0.000947,0.019844,-0.033435,0.063091,-0.320209,-0.267201,-0.438781
29,0.161794,0.027238,0.403541,-0.811108,0.302148,-0.500856,-0.339465,-0.940438,-0.017693,-0.475365,0.15529,0.865992,0.010313,0.020281,-0.047926,-0.076992,-0.491517,-0.364657,-0.340738,-0.183123,0.040737,0.376858,0.877747,-0.287783,0.383056,0.134762,0.915401,0.379227,-0.460885,-0.280887,0.841754,0.022327,0.010404,-0.024857,0.678064,0.639561,1.503519,0.26255,-0.001631,0.036496,0.00503,-0.826643,0.250087,0.504099,-0.083829,-0.94055,0.329146,0.556446,0.229828,0.798464,0.011165,0.004901,-0.012603,0.709242,0.617179,1.507125,0.013265,0.118786,0.034841,-0.0395,-0.763685,0.403544,-0.503921,-0.457386,-0.889068,-0.018812,-0.455612,0.216121,0.863544,0.005205,0.010198,-0.023937,-0.155865,-0.676908,-0.417007,-0.436821
30,0.161782,0.028052,0.401838,-0.8081,0.301851,-0.505871,-0.345558,-0.938348,-0.008003,-0.476098,0.167959,0.863219,-0.00131,0.015774,-0.035326,0.042421,-0.182717,-0.040703,-0.33991,-0.182527,0.041073,0.375794,0.83826,-0.384061,0.38705,0.233144,0.894027,0.382483,-0.49398,-0.229904,0.838445,0.010316,0.008657,-0.024956,0.721814,0.740282,1.609042,0.20053,-0.001341,0.036651,0.004513,-0.789597,0.341291,0.509957,-0.17577,-0.922028,0.344916,0.587912,0.18271,0.788019,0.004814,0.009135,-0.017096,0.768299,0.746361,1.621599,0.093278,0.11878,0.035237,-0.040341,-0.760215,0.401757,-0.510551,-0.463021,-0.88631,-0.008003,-0.455723,0.230312,0.859809,-0.000633,0.007749,-0.017728,0.055484,-0.067422,-0.240371,-0.437475
31,0.161663,0.028506,0.400815,-0.804974,0.296252,-0.514097,-0.346718,-0.937951,0.002289,-0.480523,0.179715,0.858386,-0.000874,0.010507,-0.023543,-0.00696,-0.205329,-0.075642,-0.327681,-0.182557,0.041838,0.374616,0.776688,-0.492308,0.392913,0.34481,0.85423,0.389014,-0.528125,-0.166049,0.832691,-0.003007,0.031809,-0.040365,2.073634,2.442243,4.877324,0.20567,-0.001347,0.037025,0.003919,-0.7293,0.449865,0.515501,-0.286815,-0.885063,0.366605,0.621174,0.119512,0.774505,-0.00116,0.010306,-0.016012,-0.220006,0.555701,0.22275,0.080541,0.11872,0.035464,-0.040858,-0.757797,0.395919,-0.518642,-0.464199,-0.885728,0.002106,-0.458542,0.242349,0.854988,-0.000389,0.005572,-0.011614,-0.003683,-0.209521,-0.080815,-0.434862
32,0.161623,0.028678,0.400459,-0.80107,0.295826,-0.520402,-0.349949,-0.936734,0.006094,-0.484683,0.186621,0.854565,-0.000591,0.014131,-0.021766,-0.039655,-0.201375,-0.260651,-0.325421,-0.182644,0.042285,0.3739,0.750931,-0.528087,0.396508,0.3812,0.836824,0.392869,-0.540217,-0.14321,0.829168,-0.002366,0.018915,-0.032919,0.48494,0.972551,1.625889,0.23288,-0.00139,0.03725,0.003572,-0.703975,0.485559,0.518314,-0.32266,-0.868782,0.375642,0.632699,0.097203,0.768272,-0.001514,0.015053,-0.02062,-0.319767,0.689645,0.326051,0.099646,0.118701,0.035546,-0.041032,-0.753947,0.395375,-0.524634,-0.467466,-0.883992,0.005596,-0.46156,0.249468,0.851308,-0.000247,0.002028,-0.006176,-0.121227,-0.386189,-0.179246,-0.431759
33,0.161592,0.028919,0.400029,-0.794234,0.298925,-0.529039,-0.358608,-0.93341,0.010862,-0.489579,0.197967,0.849205,-0.000182,0.008514,-0.010169,-0.039457,-0.199579,-0.066275,-0.326163,-0.182601,0.042922,0.372574,0.688158,-0.600809,0.406765,0.459962,0.794721,0.395963,-0.562025,-0.084639,0.822695,-0.002477,0.014024,-0.035553,0.079915,0.194345,0.200758,0.22518,-0.001369,0.037582,0.0029,-0.636514,0.563446,0.526667,-0.405491,-0.825344,0.392916,0.656069,0.036538,0.753815,0.005102,0.001575,-0.013953,0.26509,0.351716,0.488311,0.123813,0.118685,0.03567,-0.041256,-0.746763,0.39728,-0.533396,-0.475469,-0.879669,0.010476,-0.465051,0.261437,0.845799,-7e-05,0.004367,-0.005029,-0.045925,-0.219037,-0.077539,-0.431759
34,0.161521,0.029183,0.399828,-0.786798,0.310276,-0.533594,-0.374367,-0.927178,0.012776,-0.489798,0.20942,0.846326,0.0001,0.001277,0.000625,-0.090137,-0.225837,-0.102724,-0.33064,-0.182473,0.042984,0.371611,0.651048,-0.629903,0.423496,0.496627,0.775348,0.39004,-0.57486,-0.04283,0.817046,-0.001004,-0.003262,-0.016212,0.024799,0.017097,-0.000187,0.207801,-0.001307,0.037604,0.002398,-0.597813,0.591766,0.54077,-0.44306,-0.806093,0.392314,0.668069,-0.005063,0.74408,-0.00049,-0.001502,-0.008028,0.057136,-0.029492,-0.011202,0.106668,0.11865,0.035809,-0.041359,-0.738058,0.407973,-0.537427,-0.490372,-0.871431,0.011914,-0.46347,0.272333,0.843225,7.3e-05,0.000834,0.000409,-0.115698,-0.278072,-0.119567,-0.435842
35,0.161445,0.029457,0.399696,-0.785469,0.314918,-0.532832,-0.38039,-0.924702,0.014125,-0.48729,0.213381,0.846784,9.7e-05,0.001237,0.000605,0.006222,-0.084609,0.17989,-0.327454,-0.182819,0.042973,0.371282,0.630038,-0.643995,0.433952,0.519256,0.764783,0.381332,-0.578244,-0.014119,0.815658,-0.012719,0.009194,-0.008534,0.250212,0.193653,0.394321,0.286805,-0.00148,0.037586,0.002226,-0.576246,0.605098,0.549358,-0.466519,-0.795449,0.386806,0.671043,-0.033391,0.740665,-0.006342,0.005139,-0.003956,0.24554,0.187529,0.398746,0.130018,0.118612,0.035951,-0.041422,-0.736203,0.412018,-0.536884,-0.495825,-0.868316,0.013534,-0.460609,0.276165,0.843546,4.2e-05,0.005881,-0.004285,0.03954,-0.010261,0.022034,-0.437474
36,0.161356,0.029608,0.399612,-0.783286,0.319949,-0.533049,-0.386031,-0.922371,0.013524,-0.486372,0.215963,0.846658,-0.011984,0.001608,0.001193,-0.024846,0.015319,0.008347,-0.325673,-0.183023,0.043124,0.371228,0.620893,-0.657174,0.427323,0.534336,0.753578,0.382805,-0.574368,-0.008528,0.818469,-0.012597,0.014013,-0.005883,0.110244,-0.258871,0.131517,0.363194,-0.001577,0.037657,0.002202,-0.567794,0.618957,0.542679,-0.481454,-0.784441,0.390965,0.667691,-0.039287,0.7434,-0.005941,0.002329,0.001714,0.024442,-0.339668,0.044071,0.208887,0.118572,0.036027,-0.041464,-0.73328,0.416853,-0.537152,-0.501216,-0.865227,0.012771,-0.459436,0.278594,0.843387,2.9e-05,0.005705,-0.004367,-0.044218,-0.009226,0.147251,-0.436821
37,0.161141,0.029919,0.399395,-0.782399,0.321081,-0.53367,-0.386651,-0.922133,0.011961,-0.487306,0.215297,0.84629,-0.01204,0.000818,0.000807,0.005242,-0.070083,0.150248,-0.319456,-0.18313,0.043483,0.371314,0.62391,-0.675643,0.392728,0.548676,0.736458,0.395625,-0.557311,-0.030511,0.829661,0.000202,0.008283,0.004541,-0.171527,-0.914175,0.526169,0.45126,-0.001635,0.037846,0.002245,-0.575092,0.63928,0.51048,-0.494258,-0.768742,0.405886,0.651903,-0.018887,0.758067,-0.00591,0.004291,0.002755,-0.973285,-2.216708,1.318417,0.354543,0.11846,0.036184,-0.041572,-0.732246,0.417888,-0.537758,-0.501823,-0.864897,0.011211,-0.460421,0.278069,0.843023,-0.006021,0.000363,0.000385,0.005192,-0.070086,0.150383,-0.436005
38,0.160957,0.030188,0.399125,-0.779347,0.327142,-0.534454,-0.39297,-0.91948,0.010117,-0.487145,0.217497,0.84582,-0.00015,0.008828,-0.009993,0.03569,-0.011733,0.018974,-0.305098,-0.183295,0.043995,0.371509,0.633417,-0.677221,0.374362,0.552926,0.734465,0.393406,-0.542173,-0.04135,0.839167,-0.011668,0.012004,0.007392,0.41524,-0.5594,-0.128573,0.484519,-0.001717,0.038108,0.002346,-0.585917,0.642747,0.493534,-0.49836,-0.766035,0.405988,0.639013,-0.008083,0.769152,-0.005829,0.00625,0.003837,0.351718,-0.51079,-0.115443,0.439617,0.118368,0.036316,-0.041702,-0.728437,0.423515,-0.538528,-0.507765,-0.861444,0.00936,-0.459948,0.280264,0.842554,-7e-05,-0.000938,-0.000457,6.5e-05,8.5e-05,-8.8e-05,-0.430453
39,0.160864,0.030338,0.398966,-0.778104,0.326086,-0.536905,-0.392806,-0.919543,0.010693,-0.489257,0.218808,0.844261,-0.012231,0.00905,-0.009475,0.014284,-0.049117,-0.034523,-0.304035,-0.183512,0.044254,0.371536,0.635041,-0.676756,0.372445,0.553768,0.734885,0.391433,-0.539405,-0.041483,0.840942,-0.011802,0.006141,0.004185,0.045506,-0.03897,-0.064081,0.48807,-0.001816,0.038242,0.002366,-0.589346,0.641559,0.49099,-0.499641,-0.76703,0.402521,0.634846,-0.008095,0.772595,-0.005897,0.003305,0.002226,0.01236,-0.022555,-0.065651,0.454803,0.118322,0.036394,-0.041786,-0.727223,0.422178,-0.541213,-0.507632,-0.861514,0.010068,-0.462013,0.282059,0.840824,-0.006118,0.004428,-0.004783,0.027349,-0.023073,-0.026916,-0.42784
40,0.160677,0.030652,0.398611,-0.777053,0.324725,-0.539248,-0.392036,-0.91987,0.010894,-0.491538,0.219459,0.842766,-0.000242,0.007657,-0.010556,0.014388,-0.0515,-0.031085,-0.293989,-0.184057,0.044679,0.371526,0.635697,-0.674969,0.374565,0.55245,0.7366,0.390068,-0.539986,-0.040194,0.840633,-0.012426,0.017545,-0.003978,0.036129,-0.010626,0.013407,0.498728,-0.002098,0.038458,0.002358,-0.589518,0.639631,0.493294,-0.498144,-0.768627,0.401328,0.635861,-0.009141,0.771748,-0.006215,0.008731,-0.002004,0.034164,-0.008817,0.014333,0.472602,0.118229,0.036549,-0.041959,-0.726346,0.42069,-0.543544,-0.506919,-0.861931,0.010289,-0.46417,0.283007,0.839317,-0.006083,0.004829,-0.004583,0.023012,-0.033714,-0.031587,-0.423595
41,0.16045,0.03086,0.39827,-0.774368,0.327573,-0.541383,-0.396429,-0.917978,0.011496,-0.492253,0.223108,0.841389,-0.000338,0.006454,-0.011141,0.033583,-0.017194,0.016443,-0.289052,-0.184598,0.045356,0.371587,0.63502,-0.667271,0.389216,0.549343,0.744206,0.379887,-0.543941,-0.02659,0.83862,-0.011498,0.014959,0.008934,-0.007663,0.090988,-0.15466,0.515816,-0.002369,0.038784,0.002382,-0.587012,0.630906,0.50732,-0.496226,-0.775528,0.390274,0.639668,-0.02265,0.768317,-0.00574,0.007791,0.004645,-0.013918,0.080464,-0.144847,0.492687,0.118115,0.036653,-0.04213,-0.723353,0.423155,-0.545618,-0.510991,-0.859516,0.010847,-0.464378,0.286652,0.837963,-0.006203,-0.001972,-0.000761,0.00721,0.044265,-0.051132,-0.418859
42,0.160183,0.030954,0.397981,-0.773833,0.32556,-0.543359,-0.395262,-0.918468,0.012511,-0.494026,0.22404,0.840102,-0.012399,-0.003636,-0.001378,-0.002094,0.026576,-0.055803,-0.285394,-0.184959,0.046187,0.371933,0.632007,-0.657929,0.409498,0.547796,0.752953,0.364576,-0.548991,-0.005273,0.83573,0.0006,0.020328,0.010924,0.112914,0.151197,-0.082525,0.525388,-0.002549,0.039202,0.002557,-0.581541,0.620248,0.526403,-0.496483,-0.783189,0.374325,0.644448,-0.043665,0.7634,0.000306,0.010455,0.005628,0.114602,0.15458,-0.084928,0.510648,0.117986,0.036703,-0.042278,-0.723077,0.421189,-0.547501,-0.509916,-0.860143,0.011736,-0.465987,0.287666,0.836722,-0.000137,0.003545,-0.005411,0.039914,-0.003152,0.021705,-0.417716
43,0.160052,0.031013,0.397865,-0.773893,0.325463,-0.543332,-0.394994,-0.918586,0.012267,-0.494147,0.223695,0.840123,-0.000282,0.007124,-0.010809,0.034783,0.000519,-0.007101,-0.283774,-0.185112,0.04657,0.372226,0.630883,-0.654998,0.415879,0.547404,0.755528,0.359807,-0.550672,0.001474,0.834638,0.000718,0.024019,0.012851,0.005508,-0.042983,0.07425,0.527325,-0.002626,0.039382,0.002697,-0.579645,0.616858,0.532444,-0.496623,-0.785463,0.369342,0.646047,-0.050337,0.761635,-0.005278,0.006171,0.010855,-0.040848,-0.012438,0.012065,0.514894,0.117916,0.036727,-0.042334,-0.723198,0.421119,-0.547395,-0.509654,-0.860302,0.011493,-0.466085,0.287294,0.836794,-0.006088,-0.000521,-4.8e-05,-0.00045,0.016024,-0.028965,-0.416573
44,0.159791,0.031094,0.397699,-0.771774,0.330239,-0.543463,-0.40036,-0.916268,0.011679,-0.493146,0.226177,0.840046,-0.000266,0.007302,-0.01072,0.034785,0.000508,-0.007107,-0.282239,-0.185534,0.047215,0.373061,0.627701,-0.651464,0.426118,0.5458,0.758522,0.355922,-0.555878,0.009974,0.831122,-0.010384,0.015889,0.02345,-0.035875,-0.013562,0.029621,0.524547,-0.002833,0.039712,0.003113,-0.575127,0.612797,0.541948,-0.495472,-0.788077,0.365296,0.650949,-0.058429,0.756868,-0.005208,0.007821,0.011669,-0.0245,-0.017531,0.004221,0.51865,0.117786,0.036771,-0.04242,-0.720479,0.425605,-0.547511,-0.514679,-0.857313,0.010847,-0.464773,0.289608,0.836727,-0.000124,0.003713,-0.005326,0.034811,0.000533,-0.007122,-0.415757
45,0.159521,0.031137,0.397546,-0.769177,0.335568,-0.54388,-0.406279,-0.91367,0.010754,-0.492366,0.228816,0.839789,-0.012262,-0.001881,-0.00052,-0.000984,0.014715,-0.029553,-0.281413,-0.186344,0.047774,0.374291,0.612182,-0.663795,0.429651,0.561199,0.74744,0.355419,-0.557831,0.024365,0.829514,-0.021247,0.012387,0.036427,-0.00749,0.063375,0.104675,0.514276,-0.003234,0.039989,0.003721,-0.559523,0.625039,0.544296,-0.510908,-0.777212,0.367305,0.652614,-0.07257,0.754206,-0.010628,0.00678,0.01854,0.14455,0.172807,0.42416,0.514731,0.117655,0.036792,-0.042497,-0.717194,0.430585,-0.547932,-0.520241,-0.853962,0.009875,-0.463661,0.292139,0.836464,-0.000126,-0.001544,-0.000755,0.000117,1.6e-05,-0.000146,-0.415594
46,0.159379,0.031112,0.397474,-0.768082,0.334309,-0.546199,-0.40616,-0.91371,0.011807,-0.49417,0.230491,0.83827,-0.012419,-0.003699,-0.001415,-0.089629,-0.197312,-0.160005,-0.276165,-0.186835,0.048078,0.37506,0.604644,-0.669919,0.430819,0.568302,0.741742,0.35607,-0.558853,0.030374,0.828628,-0.020985,0.017839,0.039139,-0.081894,0.095204,-0.166117,0.507897,-0.003479,0.040136,0.004103,-0.551806,0.63136,0.544879,-0.518116,-0.7715,0.369246,0.653502,-0.078559,0.752837,-0.010513,0.009165,0.019718,-0.067285,-0.004331,0.003309,0.508526,0.117584,0.036783,-0.042531,-0.716362,0.42972,-0.549695,-0.520309,-0.853912,0.010526,-0.464869,0.293552,0.835298,-0.006164,-0.001358,-0.000464,-0.142997,-0.429079,-0.004537,-0.414777
47,0.159172,0.030995,0.397327,-0.767741,0.334724,-0.546423,-0.406433,-0.913595,0.01131,-0.494474,0.230345,0.838131,-0.012599,-0.005691,-0.002402,0.004256,-0.058845,0.123699,-0.270931,-0.187657,0.048634,0.376902,0.606977,-0.668579,0.429618,0.569288,0.742896,0.352066,-0.555307,0.031713,0.830958,-0.02004,0.012106,0.049945,0.116785,-0.168565,-0.357825,0.504844,-0.00389,0.040421,0.005023,-0.553451,0.630458,0.544254,-0.519576,-0.772066,0.365997,0.650946,-0.08022,0.754872,-0.010032,0.00668,0.025313,0.278647,-0.408556,-0.257463,0.499381,0.117481,0.036727,-0.042604,-0.715953,0.429446,-0.550442,-0.520288,-0.853925,0.010512,-0.465522,0.293914,0.834806,-0.00025,-0.002959,-0.001455,0.001399,0.002839,0.000905,-0.410695
48,0.159068,0.03077,0.397165,-0.767555,0.334951,-0.546547,-0.406581,-0.913533,0.011036,-0.494642,0.230264,0.838054,-0.00062,-0.007227,-0.003573,-0.000891,0.01246,-0.025971,-0.269292,-0.188394,0.049015,0.378848,0.613241,-0.663631,0.428393,0.565541,0.747412,0.348528,-0.55225,0.029368,0.833079,-0.020003,0.009526,0.048342,0.030368,-0.153041,-0.112462,0.50494,-0.004258,0.040623,0.006002,-0.560506,0.625114,0.543198,-0.516273,-0.776616,0.361009,0.647529,-0.078091,0.758027,-0.010039,0.004735,0.024175,0.076044,-0.201611,-0.139916,0.497095,0.117424,0.036611,-0.042686,-0.715677,0.429729,-0.550581,-0.520491,-0.853806,0.010168,-0.46572,0.29385,0.834719,-0.00031,-0.003649,-0.001802,-0.000864,0.012526,-0.025934,-0.408409
49,0.159015,0.030504,0.396991,-0.765168,0.339963,-0.546798,-0.412376,-0.910936,0.010606,-0.493546,0.233173,0.837896,-0.000571,-0.006642,-0.003294,-0.0,-0.0,0.0,-0.270646,-0.189207,0.049217,0.380773,0.617083,-0.662349,0.424845,0.56704,0.748537,0.343647,-0.546401,0.029669,0.836917,-0.019984,0.006854,0.046773,0.144572,-0.289708,-0.196095,0.504597,-0.004664,0.040728,0.006966,-0.564262,0.624227,0.540321,-0.51825,-0.777266,0.356753,0.642669,-0.078719,0.762088,-0.010041,0.003097,0.02324,0.276196,-0.406683,-0.287236,0.496442,0.117397,0.036474,-0.042775,-0.712656,0.434409,-0.550827,-0.52592,-0.850478,0.009703,-0.464251,0.296606,0.834563,-0.000286,-0.003359,-0.001665,9e-05,4e-05,-0.000161,-0.408409
50,0.159004,0.030386,0.396911,-0.764926,0.340257,-0.546954,-0.412626,-0.910826,0.01035,-0.493712,0.233175,0.837797,-0.000511,-0.005942,-0.002951,0.006147,-0.08602,0.179223,-0.26931,-0.189591,0.049344,0.381649,0.622643,-0.659395,0.421314,0.566177,0.751197,0.339235,-0.540962,0.028136,0.840495,-0.020015,0.004767,0.045643,0.102994,-0.240554,-0.164992,0.504745,-0.004856,0.040794,0.007406,-0.570807,0.621221,0.5369,-0.51812,-0.779783,0.351409,0.636969,-0.077592,0.766973,-0.010069,0.001747,0.022526,0.14379,-0.278154,-0.222248,0.496442,0.117392,0.036416,-0.042815,-0.712479,0.434572,-0.550926,-0.526057,-0.850396,0.009523,-0.464367,0.296604,0.834499,-0.000293,-0.003446,-0.00171,-0.0008,0.012477,-0.026098,-0.408572
51,0.158995,0.030189,0.396791,-0.764708,0.34052,-0.547095,-0.412848,-0.910728,0.010115,-0.493864,0.233173,0.837709,-0.000342,-0.003979,-0.00198,-0.0,-0.0,-0.0,-0.269446,-0.190332,0.049378,0.383152,0.634013,-0.654359,0.412107,0.564485,0.755754,0.331852,-0.529399,0.023044,0.847979,-0.020509,-0.008287,0.039182,0.038386,-0.140363,-0.169869,0.508141,-0.005226,0.040829,0.008165,-0.583546,0.616516,0.528565,-0.517285,-0.783941,0.343294,0.626011,-0.073091,0.77638,-0.00476,0.000837,0.01468,0.06907,-0.181459,-0.107336,0.497749,0.117387,0.036315,-0.042876,-0.71213,0.434896,-0.551121,-0.526352,-0.850216,0.009209,-0.464567,0.296642,0.834373,-0.000196,-0.002305,-0.001148,6.1e-05,-1e-05,-8.2e-05,-0.407919
52,0.158972,0.030063,0.396686,-0.76441,0.340878,-0.547288,-0.413133,-0.910603,0.009767,-0.494086,0.233139,0.837587,-0.00024,0.007574,-0.010599,0.041815,-0.098063,0.198044,-0.273246,-0.191009,0.049219,0.384083,0.641534,-0.649615,0.407952,0.562636,0.759879,0.325513,-0.522258,0.021509,0.852436,-0.009986,-0.010061,0.023653,0.122991,-0.21177,-0.183072,0.51132,-0.005569,0.040752,0.008638,-0.590866,0.612154,0.525493,-0.515876,-0.787471,0.337282,0.62028,-0.071801,0.781086,-0.011126,-0.000128,0.007684,0.248753,-0.29982,-0.239253,0.501667,0.117376,0.036247,-0.042925,-0.711902,0.435106,-0.55125,-0.526523,-0.850113,0.008968,-0.464723,0.29663,0.83429,-0.000129,-0.00153,-0.000763,4.5e-05,2e-05,-5.5e-05,-0.409062
53,0.158968,0.030016,0.396651,-0.764314,0.340995,-0.54735,-0.41323,-0.91056,0.009661,-0.494155,0.233135,0.837548,-0.000216,-0.002509,-0.001251,-0.0,-0.0,-0.0,-0.274813,-0.191392,0.049124,0.384377,0.63797,-0.652579,0.40881,0.565992,0.757252,0.325815,-0.522994,0.024335,0.851908,-0.022417,-0.004621,0.013252,-0.037118,0.038925,-0.077264,0.50963,-0.005756,0.040702,0.008789,-0.58785,0.614802,0.525785,-0.519129,-0.78516,0.337681,0.620432,-0.074444,0.780718,-0.005415,-0.002465,0.006154,-0.054386,0.032891,-0.011912,0.502321,0.117374,0.036229,-0.042945,-0.711679,0.435312,-0.551375,-0.526702,-0.850004,0.008753,-0.464861,0.29664,0.83421,-0.000113,-0.001331,-0.000662,-0.000852,0.01248,-0.026009,-0.410042
54,0.158948,0.03007,0.396582,-0.7641,0.34124,-0.547495,-0.413346,-0.910511,0.009283,-0.494387,0.232968,0.837457,7.6e-05,0.011231,-0.008774,0.03567,-0.012021,0.018831,-0.278998,-0.191957,0.048912,0.384701,0.626942,-0.66205,0.410638,0.577322,0.748638,0.325842,-0.523931,0.03361,0.851017,-0.011082,-0.010504,0.009616,-0.038426,0.026815,-0.046935,0.505036,-0.006043,0.040591,0.008949,-0.576504,0.624357,0.527086,-0.530397,-0.776647,0.339847,0.621547,-0.083642,0.778898,-0.005838,-0.000271,0.000292,-0.001059,0.016134,-0.028496,0.499218,0.117363,0.036248,-0.042978,-0.711448,0.435518,-0.551511,-0.526811,-0.84994,0.008404,-0.465092,0.296521,0.834124,7.5e-05,0.000865,0.00043,1.2e-05,-2.3e-05,-3.4e-05,-0.412981
55,0.158915,0.030196,0.396517,-0.763809,0.341576,-0.547692,-0.41351,-0.910442,0.008772,-0.4947,0.232746,0.837334,2.1e-05,0.000238,0.000119,-0.0,-0.0,-0.0,-0.28032,-0.192273,0.048731,0.384845,0.627609,-0.660277,0.412472,0.575513,0.750189,0.325477,-0.525125,0.033932,0.850268,-0.011099,-0.010683,0.009534,-0.038425,0.026833,-0.046925,0.500072,-0.006198,0.040491,0.009016,-0.576903,0.622497,0.528847,-0.528685,-0.778109,0.339171,0.622634,-0.083925,0.777999,-1.3e-05,-0.000176,-7.6e-05,-0.01162,0.095475,-0.173463,0.494156,0.117347,0.036321,-0.043012,-0.711104,0.435821,-0.551715,-0.526958,-0.849854,0.007863,-0.465451,0.296322,0.833995,1.5e-05,0.000153,7.6e-05,2.5e-05,-1.3e-05,-1.2e-05,-0.414614
