frame,MLTx,MLTy,MLTz,MLTR1,MLTR2,MLTR3,MLTR4,MLTR5,MLTR6,MLTR7,MLTR8,MLTR9,MLTTVx,MLTTVy,MLTTVz,MLTRVx,MLTRVy,MLTRVz,MLGA,MRTx,MRTy,MRTz,MRTR1,MRTR2,MRTR3,MRTR4,MRTR5,MRTR6,MRTR7,MRTR8,MRTR9,MRTTVx,MRTTVy,MRTTVz,MRTRVx,MRTRVy,MRTRVz,MRGA,SLTx,SLTy,SLTz,SLTR1,SLTR2,SLTR3,SLTR4,SLTR5,SLTR6,SLTR7,SLTR8,SLTR9,SLTTVx,SLTTVy,SLTTVz,SLTRVx,SLTRVy,SLTRVz,SLGA,SRTx,SRTy,SRTz,SRTR1,SRTR2,SRTR3,SRTR4,SRTR5,SRTR6,SRTR7,SRTR8,SRTR9,SRTTVx,SRTTVy,SRTTVz,SRTRVx,SRTRVy,SRTRVz,SRGA
1,0.145934,0.028054,0.377745,-0.806547,0.29841,-0.510371,-0.484777,-0.827946,0.281903,-0.337438,0.474409,0.81308,-8.1e-05,-0.000636,-0.00037,0.0,0.0,0.0,-0.338651,-0.196576,0.040582,0.395942,0.548434,0.677272,0.490423,-0.804088,0.587991,0.087422,-0.229828,-0.443142,0.86641,0.000947,-0.003575,0.012259,-0.034429,-0.001746,0.007769,0.259402,-0.008306,0.035966,0.014684,-0.482563,-0.715495,0.505172,0.806825,-0.58758,-0.061498,0.340831,0.377909,0.860824,0.000448,-0.001989,0.006038,-0.038653,0.002745,0.010544,0.166759,0.111011,0.035654,-0.05243,-0.702336,0.482861,-0.523037,-0.657154,-0.722244,0.215662,-0.273626,0.495183,0.824573,-4.7e-05,-0.00037,-0.000216,0.005322,-0.093747,0.175337,-0.462785
2,0.146,0.027987,0.377693,-0.805835,0.299026,-0.511136,-0.485621,-0.827654,0.281308,-0.337927,0.474529,0.812807,-0.000185,-0.001455,-0.000846,0.0,0.0,0.0,-0.338667,-0.196809,0.040242,0.396535,0.549586,0.675812,0.491147,-0.802121,0.591106,0.084441,-0.233927,-0.441219,0.866295,0.001357,-0.015281,0.020757,-0.070047,0.008541,-0.01064,0.257397,-0.008423,0.035799,0.014971,-0.483606,-0.714138,0.506093,0.804451,-0.590501,-0.064538,0.344938,0.375917,0.86006,-0.005463,-0.002799,0.006083,-0.047802,0.035033,-0.041129,0.171004,0.111045,0.035622,-0.052455,-0.701476,0.483353,-0.523737,-0.65789,-0.721757,0.215052,-0.274065,0.495415,0.824288,0.006104,-0.001406,-0.000984,0.006321,-0.10847,0.204901,-0.462458
3,0.14602,0.027949,0.377625,-0.805251,0.29952,-0.511766,-0.486276,-0.827456,0.280756,-0.338374,0.474562,0.812602,-0.000199,-0.001568,-0.000913,0.0,0.0,0.0,-0.33947,-0.19703,0.03997,0.396949,0.547934,0.677898,0.490116,-0.803426,0.58953,0.083037,-0.233319,-0.440126,0.867015,0.000107,0.001595,0.000739,0.003436,-0.004582,-0.002516,0.256238,-0.008533,0.03566,0.015187,-0.482101,-0.716186,0.504633,0.805594,-0.58878,-0.065985,0.344376,0.374718,0.860808,-0.005557,-0.004221,0.005428,-0.049087,0.040243,-0.040059,0.170188,0.111055,0.035603,-0.052489,-0.700773,0.483745,-0.524316,-0.658463,-0.721401,0.214487,-0.274485,0.49555,0.824067,-1.2e-05,0.004373,-0.004959,0.03549,-0.013884,0.017906,-0.462458
4,0.146017,0.027935,0.377605,-0.805015,0.29972,-0.512019,-0.486546,-0.827368,0.280547,-0.338546,0.474588,0.812514,-0.000101,-0.000798,-0.000465,0.005301,-0.093775,0.175318,-0.3393,-0.197136,0.039834,0.397092,0.55101,0.676474,0.488632,-0.800608,0.593598,0.081255,-0.23576,-0.436829,0.868021,-0.011205,-0.009984,0.010139,0.098506,-0.046913,0.035516,0.249257,-0.008582,0.035596,0.015255,-0.485282,-0.714666,0.503739,0.802611,-0.592657,-0.067611,0.346864,0.371497,0.861205,0.000231,-0.005314,0.004505,0.283097,-0.041993,0.364414,0.167248,0.111053,0.035593,-0.0525,-0.700595,0.483843,-0.524462,-0.658608,-0.721312,0.214345,-0.274591,0.495584,0.824011,-5.5e-05,-0.000442,-0.000257,8e-06,1.1e-05,-1e-05,-0.462784
5,0.146015,0.02792,0.377585,-0.806163,0.299635,-0.510261,-0.486111,-0.827045,0.282247,-0.336439,0.475204,0.81303,-8e-06,-6.3e-05,-3.7e-05,-0.0,0.0,-0.0,-0.339411,-0.197359,0.039668,0.397241,0.550315,0.676733,0.489057,-0.801154,0.592842,0.081394,-0.235526,-0.437456,0.867769,-0.011705,0.000326,0.000988,-0.002031,0.015187,-0.029255,0.2306,-0.008693,0.035505,0.015331,-0.484633,-0.714837,0.50412,0.803106,-0.592011,-0.067404,0.346627,0.372196,0.860998,-7e-06,-4.4e-05,-1.6e-05,-0.001382,0.001685,0.000798,0.151572,0.111052,0.035586,-0.052511,-0.701717,0.483974,-0.522838,-0.658291,-0.721105,0.216009,-0.272479,0.495757,0.824608,3e-06,1.5e-05,9e-06,0.000357,-0.00048,0.000343,-0.462948
6,0.146007,0.027936,0.377595,-0.805888,0.29987,-0.510556,-0.486438,-0.826928,0.282028,-0.336623,0.475259,0.812921,5e-06,3.7e-05,2.2e-05,0.0,0.0,0.0,-0.339539,-0.197584,0.039612,0.397316,0.557121,0.672126,0.487703,-0.794867,0.601532,0.079241,-0.240792,-0.432654,0.86873,-3.5e-05,-0.000508,-0.000235,0.002377,-0.002301,-0.000262,0.206095,-0.00881,0.035478,0.015369,-0.491517,-0.710262,0.503922,0.796563,-0.600547,-0.069498,0.351991,0.367247,0.860947,-0.005879,-0.000183,0.000338,-0.009342,0.025154,-0.01999,0.124793,0.111048,0.035595,-0.052505,-0.701384,0.484161,-0.523113,-0.658577,-0.720912,0.215779,-0.272647,0.495854,0.824494,3e-06,2.6e-05,1.6e-05,2.1e-05,-5e-06,2e-06,-0.463111
7,0.146007,0.027936,0.377595,-0.805625,0.300096,-0.510838,-0.486752,-0.826815,0.281817,-0.336799,0.475313,0.812817,0.0,1e-06,0.0,0.0,0.0,0.0,-0.340069,-0.197672,0.039591,0.397323,0.559279,0.668835,0.489753,-0.791761,0.605912,0.076928,-0.245982,-0.431636,0.867782,-0.011783,-0.000782,0.000476,-0.002014,0.015171,-0.029256,0.192394,-0.00885,0.035468,0.015372,-0.493404,-0.707055,0.506581,0.793155,-0.604794,-0.071612,0.357011,0.366464,0.859212,-5.4e-05,-0.000748,-0.000344,-0.003358,-0.00134,0.001421,0.108301,0.111048,0.035595,-0.052505,-0.701066,0.484341,-0.523372,-0.65885,-0.720728,0.215563,-0.272803,0.495948,0.824386,0.0,1e-06,0.0,1.3e-05,2e-06,-5e-06,-0.463111
8,0.145995,0.027914,0.377582,-0.804888,0.300727,-0.511629,-0.487629,-0.8265,0.281225,-0.337293,0.475462,0.812525,-3.5e-05,-0.000274,-0.000159,0.0,0.0,0.0,-0.341336,-0.197844,0.039509,0.397307,0.556893,0.669094,0.492112,-0.79258,0.605164,0.074345,-0.248748,-0.432286,0.86667,-0.000162,-0.002327,-0.001079,0.0,-0.0,-0.0,0.161623,-0.008936,0.035428,0.015365,-0.490856,-0.707419,0.508545,0.793576,-0.603936,-0.074142,0.359578,0.367176,0.857836,-0.000115,-0.001644,-0.000759,-0.003918,0.010841,-0.025023,0.070744,0.111042,0.035584,-0.052511,-0.700283,0.484783,-0.524011,-0.659523,-0.720271,0.215029,-0.273188,0.496179,0.82412,-2.4e-05,-0.000191,-0.00011,2.3e-05,1.1e-05,4e-06,-0.463438
9,0.146014,0.02792,0.377574,-0.804321,0.301211,-0.512236,-0.488293,-0.82627,0.28075,-0.337685,0.475555,0.812307,0.000216,0.010663,-0.008804,0.035473,-0.013882,0.017902,-0.343199,-0.197948,0.039369,0.39728,0.560616,0.661137,0.498599,-0.783977,0.617546,0.062861,-0.267035,-0.426965,0.863862,-0.000204,-0.002913,-0.001352,0.063292,-0.011782,-0.234002,0.120495,-0.008992,0.035357,0.015352,-0.493632,-0.699901,0.516203,0.783509,-0.615499,-0.085284,0.377413,0.362351,0.852208,-0.000144,-0.002035,-0.000943,0.126009,-0.143748,-0.121617,0.022736,0.111051,0.035583,-0.052512,-0.699506,0.485222,-0.524642,-0.66019,-0.719818,0.214498,-0.273568,0.496407,0.823856,0.00622,-0.000507,-0.00046,0.006307,-0.108484,0.204878,-0.463928
10,0.146033,0.027927,0.377566,-0.803753,0.301694,-0.512843,-0.488956,-0.826039,0.280273,-0.338076,0.475649,0.81209,-1.2e-05,-9.5e-05,-5.5e-05,0.0,0.0,0.0,-0.343843,-0.197944,0.039281,0.39726,0.564305,0.653964,0.503868,-0.775709,0.628822,0.05284,-0.282979,-0.421499,0.861466,-3e-05,-0.000434,-0.000202,0.641069,0.394209,-0.413424,0.087249,-0.008991,0.035307,0.015339,-0.49701,-0.693034,0.52219,0.774098,-0.626034,-0.094081,0.392111,0.357468,0.847623,-1.2e-05,-0.00015,-6.9e-05,1.903871,1.697534,-1.392746,-0.027557,0.111061,0.035591,-0.052519,-0.698811,0.485611,-0.525209,-0.66077,-0.71944,0.213982,-0.273945,0.496575,0.823629,-8e-06,-5.6e-05,-3.4e-05,0.005308,-0.093793,0.175308,-0.465071
11,0.14603,0.027904,0.377553,-0.803439,0.301962,-0.513178,-0.489328,-0.825904,0.280021,-0.338285,0.475712,0.811966,-0.000228,-0.001792,-0.001043,-0.000768,0.01359,-0.025403,-0.344297,-0.197935,0.039218,0.397282,0.56521,0.653515,0.503435,-0.773937,0.631258,0.049689,-0.286018,-0.418537,0.861907,-7.6e-05,-0.001091,-0.000507,0.0517,-0.000513,-0.226092,0.077297,-0.008986,0.035279,0.015351,-0.497706,-0.692796,0.521844,0.771732,-0.62833,-0.098131,0.395875,0.353884,0.847376,-5.5e-05,-0.00076,-0.000353,0.0857,-0.121471,-0.064056,-0.047315,0.11106,0.035583,-0.052524,-0.698416,0.485832,-0.525528,-0.661107,-0.71921,0.213713,-0.274137,0.496691,0.823495,-2.1e-05,-0.000165,-9.6e-05,0.005307,-0.093793,0.175305,-0.465397
12,0.146017,0.027883,0.377529,-0.802788,0.302512,-0.513871,-0.490086,-0.825638,0.27948,-0.338732,0.475823,0.811714,-5.5e-05,-0.000435,-0.000254,0.0,0.0,0.0,-0.349388,-0.197928,0.039045,0.397327,0.567675,0.649272,0.506145,-0.766991,0.640424,0.038936,-0.299563,-0.411132,0.860869,-0.000117,-0.001666,-0.000774,0.806823,0.525174,0.070629,0.050055,-0.008982,0.035192,0.015374,-0.499695,-0.689357,0.52449,0.763947,-0.636132,-0.108261,0.408276,0.346585,0.844505,0.000169,-0.006191,0.004098,2.545678,2.0131,0.135326,-0.078831,0.111053,0.035568,-0.052538,-0.697649,0.48626,-0.526152,-0.661753,-0.718777,0.213169,-0.274531,0.4969,0.823238,-2.5e-05,-0.0002,-0.000117,1.2e-05,-8e-06,-1e-06,-0.467357
13,0.146024,0.027867,0.37752,-0.80218,0.303028,-0.514515,-0.490802,-0.825377,0.278993,-0.339133,0.475946,0.811474,-2e-06,-1.7e-05,-1e-05,0.0,0.0,0.0,-0.350183,-0.197981,0.038952,0.397361,0.570138,0.645115,0.508685,-0.759775,0.64953,0.028053,-0.313007,-0.403296,0.859792,0.00043,-0.011118,0.008786,0.489806,0.630961,-0.535024,0.026775,-0.009009,0.035145,0.01539,-0.501754,-0.685092,0.528101,0.754965,-0.644834,-0.119227,0.42222,0.338875,0.840769,0.000214,-0.005532,0.004406,0.52447,0.719679,-0.546424,-0.11753,0.111056,0.03556,-0.052543,-0.696918,0.486669,-0.526742,-0.662376,-0.718351,0.21267,-0.274886,0.497115,0.82299,2e-06,2.1e-05,1.3e-05,1.5e-05,3e-06,-1e-06,-0.469153
14,0.146033,0.027858,0.377515,-0.801913,0.303256,-0.514798,-0.491117,-0.825263,0.278778,-0.33931,0.476,0.811369,-7e-06,-5.9e-05,-3.4e-05,0.0,0.0,0.0,-0.350387,-0.19798,0.038929,0.397381,0.570896,0.644814,0.508216,-0.757989,0.651746,0.024779,-0.315949,-0.400184,0.86017,-1e-06,-1.1e-05,-5e-06,0.025084,0.033837,-0.207289,0.021101,-0.009008,0.035132,0.0154,-0.502442,-0.684753,0.527886,0.752761,-0.646792,-0.122515,0.425325,0.335816,0.840431,1e-06,4.6e-05,2.2e-05,0.005141,0.058531,-0.192354,-0.128308,0.111061,0.035556,-0.052545,-0.696596,0.486849,-0.527001,-0.662649,-0.718164,0.21245,-0.275042,0.497209,0.822881,-1e-06,-1.1e-05,-6e-06,2.2e-05,5e-06,3e-06,-0.469643
15,0.146052,0.027873,0.3775,-0.801421,0.303669,-0.515321,-0.491676,-0.825077,0.278342,-0.339663,0.476058,0.811187,-0.0,-0.0,-0.0,0.0,0.0,0.0,-0.351706,-0.197986,0.03889,0.397427,0.576482,0.640705,0.507107,-0.750332,0.660756,0.018375,-0.324007,-0.391902,0.860985,0.0,2e-06,1e-06,2.850628,0.101118,4.53245,-0.001376,-0.009011,0.035115,0.015424,-0.506981,-0.681565,0.527672,0.745489,-0.654013,-0.128498,0.432684,0.328228,0.839672,5.9e-05,-7.4e-05,-1.5e-05,2.843291,0.120284,4.538787,-0.152311,0.11107,0.035564,-0.052552,-0.696005,0.487177,-0.52748,-0.663137,-0.717846,0.212004,-0.275366,0.497348,0.822689,2e-06,9e-06,5e-06,8e-06,-5e-06,-6e-06,-0.470296
16,0.146071,0.027879,0.377503,-0.800846,0.304155,-0.515926,-0.49235,-0.82483,0.277882,-0.340041,0.476174,0.810961,0.0,1e-06,1e-06,0.0,0.0,0.0,-0.352092,-0.197985,0.03889,0.397438,0.579877,0.637603,0.507145,-0.745328,0.666491,0.014505,-0.329469,-0.387208,0.861036,8.1e-05,0.001151,0.000535,-0.010261,0.084246,-0.179914,-0.022942,-0.009011,0.035113,0.015428,-0.511473,-0.677459,0.528625,0.738828,-0.660832,-0.132033,0.43878,0.323032,0.838523,4.5e-05,0.000664,0.000309,-0.022817,0.101458,-0.17062,-0.176478,0.11108,0.035567,-0.05255,-0.695313,0.487562,-0.528034,-0.663722,-0.717443,0.211533,-0.2757,0.49755,0.822455,-0.0,-3e-06,-2e-06,1.2e-05,-4e-06,-9e-06,-0.470949
17,0.14609,0.027885,0.377495,-0.801757,0.304275,-0.51444,-0.492209,-0.824402,0.279399,-0.338098,0.476839,0.811382,0.0,0.0,0.0,-0.0,0.0,-0.0,-0.352489,-0.198001,0.038915,0.39745,0.577949,0.638612,0.508076,-0.746606,0.665078,0.013557,-0.329961,-0.387976,0.860502,4.4e-05,0.000622,0.000289,0.0,-1e-06,-0.0,-0.062446,-0.009019,0.035127,0.015435,-0.509421,-0.678426,0.529365,0.740001,-0.659347,-0.132888,0.439189,0.324035,0.837922,2.7e-05,0.000388,0.000181,-0.013275,0.088158,-0.178471,-0.20783,0.11109,0.03557,-0.052554,-0.69626,0.487796,-0.526569,-0.663569,-0.717126,0.213087,-0.273673,0.497779,0.822993,-0.0,-0.0,-2e-06,0.000893,-0.001237,0.000879,-0.471602
18,0.146109,0.0279,0.37748,-0.801618,0.304388,-0.514588,-0.492351,-0.824368,0.279247,-0.338218,0.476825,0.81134,0.0,0.0,0.0,-0.0,0.0,-0.0,-0.352814,-0.19805,0.038972,0.39747,0.577704,0.638739,0.508195,-0.746759,0.664909,0.013414,-0.330043,-0.388057,0.860434,-0.011535,0.002996,0.002231,-0.002045,0.015205,-0.029245,-0.08994,-0.00904,0.03515,0.015442,-0.509157,-0.678563,0.529443,0.740142,-0.659159,-0.133032,0.439258,0.324129,0.837849,6.7e-05,0.000956,0.000445,-0.000375,0.000132,-0.000504,-0.230201,0.111099,0.035577,-0.052562,-0.696087,0.487886,-0.526715,-0.663697,-0.717056,0.212922,-0.273802,0.497792,0.822942,0.0,-0.0,-3e-06,0.000124,-0.000174,0.000107,-0.471766
19,0.146174,0.027951,0.377407,-0.802574,0.30445,-0.51306,-0.492072,-0.824063,0.280639,-0.336359,0.477313,0.811826,-8.6e-05,-0.000679,-0.000396,-0.403124,0.566752,-0.450569,-0.352515,-0.198201,0.039088,0.397536,0.577299,0.640525,0.506403,-0.747113,0.664549,0.01138,-0.329948,-0.385721,0.86152,0.000167,0.002351,0.001091,0.082504,-0.121983,-0.066002,-0.147699,-0.009119,0.035213,0.015478,-0.508961,-0.680149,0.527594,0.740261,-0.658633,-0.134962,0.439286,0.321867,0.838706,-0.005757,0.00162,0.001175,0.110861,-0.152486,-0.120945,-0.283597,0.111132,0.035604,-0.052598,-0.696971,0.488084,-0.525361,-0.663482,-0.716875,0.214199,-0.272071,0.497858,0.823476,-4.8e-05,-0.000376,-0.000221,-0.448342,0.628258,-0.495951,-0.471929
20,0.146268,0.028032,0.377317,-0.802142,0.304792,-0.513533,-0.492462,-0.824031,0.280047,-0.336818,0.477149,0.811733,-1e-06,-4e-06,-3e-06,-0.0,0.0,-0.0,-0.354184,-0.198352,0.039189,0.397594,0.584573,0.633783,0.506542,-0.739371,0.673154,0.011248,-0.334568,-0.381901,0.86144,0.000203,0.002838,0.001315,0.02269,0.000481,0.03855,-0.198754,-0.00919,0.035261,0.015505,-0.516068,-0.673627,0.529055,0.732608,-0.667159,-0.134846,0.4438,0.318,0.837804,0.00014,0.001987,0.000923,0.254452,-0.001232,0.460421,-0.33634,0.111174,0.035643,-0.052644,-0.696585,0.488329,-0.525645,-0.66376,-0.716752,0.213746,-0.272379,0.497795,0.823412,2e-06,1.1e-05,4e-06,0.000109,-0.000143,9e-05,-0.472745
21,0.146325,0.028067,0.377279,-0.801915,0.304976,-0.513779,-0.49268,-0.823997,0.279761,-0.337039,0.47709,0.811676,0.012437,-0.001023,-0.000924,0.000984,-0.014715,0.029553,-0.354363,-0.198435,0.039263,0.397635,0.590252,0.628631,0.506377,-0.731686,0.681557,0.007004,-0.341445,-0.375439,0.861582,0.000296,0.004127,0.001911,0.182404,-0.246152,-0.062102,-0.227711,-0.009236,0.035297,0.015526,-0.521674,-0.667893,0.530823,0.724371,-0.675458,-0.13799,0.450712,0.312527,0.836172,0.000105,0.001532,0.00071,0.333807,-0.388677,-0.083478,-0.362466,0.111202,0.035661,-0.052662,-0.696313,0.488473,-0.525872,-0.663953,-0.716661,0.213454,-0.272606,0.497786,0.823343,2e-06,8e-06,3e-06,2.5e-05,-2.3e-05,5e-06,-0.472908
22,0.146448,0.028121,0.377218,-0.802765,0.305131,-0.512357,-0.492533,-0.823633,0.281091,-0.33523,0.477618,0.812114,0.012436,-0.001019,-0.000922,0.000984,-0.014715,0.029553,-0.362875,-0.198632,0.039349,0.397679,0.588881,0.62938,0.507042,-0.73261,0.680572,0.006304,-0.341832,-0.375973,0.861196,2.5e-05,0.000352,0.000163,3.4e-05,-5e-05,-2.7e-05,-0.322184,-0.009334,0.035348,0.015551,-0.520344,-0.669246,0.530425,0.725149,-0.674325,-0.13944,0.450999,0.312081,0.836184,-0.005848,0.000274,0.000549,-0.01672,0.105561,-0.206213,-0.4366,0.111264,0.035688,-0.052693,-0.697186,0.488733,-0.524472,-0.663798,-0.716398,0.214813,-0.270745,0.497908,0.823883,1e-06,4e-06,-1e-06,0.000486,-0.000684,0.000479,-0.475031
23,0.146571,0.028184,0.377149,-0.803867,0.30507,-0.510663,-0.492072,-0.823391,0.282604,-0.333266,0.478075,0.812653,0.012436,-0.001016,-0.00092,0.000984,-0.014715,0.029553,-0.370864,-0.198801,0.039354,0.397672,0.58405,0.633697,0.507252,-0.734065,0.679025,-0.002859,-0.346964,-0.37149,0.861089,-4e-06,-5.3e-05,-2.5e-05,0.184955,-0.27613,-0.149313,-0.432253,-0.009414,0.035348,0.015546,-0.515564,-0.672514,0.530959,0.725382,-0.672398,-0.147312,0.456085,0.309199,0.834494,-8e-06,-6.8e-05,-3.1e-05,0.371326,-0.564835,-0.311548,-0.541433,0.111325,0.03572,-0.052727,-0.698356,0.48882,-0.522831,-0.663373,-0.716329,0.21635,-0.268763,0.497922,0.824523,1e-06,2e-06,-3e-06,0.000197,-0.000311,0.000206,-0.480257
24,0.146694,0.02827,0.377061,-0.805022,0.304953,-0.508909,-0.491509,-0.823212,0.2841,-0.331306,0.478457,0.81323,-0.0,-0.0,-0.0,-0.0,0.0,-0.0,-0.382744,-0.198977,0.039509,0.397631,0.58097,0.634629,0.50962,-0.735001,0.677989,-0.006168,-0.350143,-0.371792,0.859671,0.00012,0.001633,0.000755,4.6e-05,-6.9e-05,-3.8e-05,-0.491823,-0.009507,0.035422,0.015525,-0.512158,-0.674642,0.531555,0.725936,-0.670777,-0.151896,0.459031,0.308081,0.833291,-0.006008,0.006416,-0.003575,0.01905,0.094466,-0.187583,-0.625691,0.111391,0.035762,-0.052772,-0.699579,0.488872,-0.521145,-0.662875,-0.716331,0.217864,-0.266805,0.497868,0.825192,0.006219,-0.000505,-0.000461,0.001292,-0.015124,0.029864,-0.486788
25,0.146751,0.028313,0.377017,-0.804786,0.305142,-0.509169,-0.491731,-0.823187,0.283788,-0.331549,0.478379,0.813176,-0.0,-0.0,-0.0,-0.0,0.0,-0.0,-0.38785,-0.199065,0.039622,0.397596,0.580244,0.635031,0.509945,-0.735405,0.677546,-0.006733,-0.350497,-0.371914,0.859473,-0.011579,0.002043,0.001785,-0.014644,0.102996,-0.207246,-0.511204,-0.009546,0.03548,0.015507,-0.511544,-0.674966,0.531735,0.726184,-0.670401,-0.152373,0.459323,0.308192,0.83309,-0.000157,0.006214,-0.004089,0.035892,-0.010997,0.017879,-0.652144,0.11142,0.035784,-0.052793,-0.699294,0.48902,-0.521388,-0.663072,-0.716246,0.217542,-0.26706,0.497844,0.825123,1e-06,-0.0,-3e-06,3.7e-05,-5.8e-05,4.2e-05,-0.490544
26,0.146844,0.028362,0.376953,-0.80422,0.305607,-0.509784,-0.492325,-0.823045,0.283171,-0.33204,0.478327,0.813007,-1.6e-05,-0.000132,-7.7e-05,0.0,0.0,0.0,-0.394896,-0.199229,0.039767,0.397487,0.587112,0.628472,0.510211,-0.727583,0.685931,-0.00745,-0.355371,-0.367643,0.85931,-9.7e-05,-0.001312,-0.000606,0.000185,-3e-06,0.000312,-0.557595,-0.009628,0.035554,0.015459,-0.51816,-0.668545,0.533438,0.718387,-0.678666,-0.152743,0.464143,0.30407,0.831932,-7.2e-05,-0.000963,-0.000442,0.000267,0.010362,-0.023254,-0.686761,0.111467,0.035809,-0.052825,-0.698615,0.489387,-0.521954,-0.663594,-0.715955,0.216911,-0.267542,0.497903,0.824932,0.006209,-0.000582,-0.000507,0.000992,-0.014715,0.029561,-0.496259
27,0.146937,0.028388,0.376898,-0.805063,0.305766,-0.508357,-0.492188,-0.822652,0.284545,-0.3302,0.478899,0.813419,0.000191,0.010566,-0.008848,0.035478,-0.01385,0.017917,-0.404864,-0.199438,0.039974,0.397242,0.586966,0.628585,0.510239,-0.727377,0.686139,-0.008303,-0.356033,-0.367059,0.859285,-0.00057,0.008908,-0.009801,0.036389,-0.011492,0.01775,-0.61835,-0.009737,0.035655,0.015335,-0.517988,-0.668688,0.533426,0.718095,-0.678783,-0.153591,0.464786,0.303492,0.831784,-0.000296,0.004257,-0.004986,0.03623,-0.011487,0.017502,-0.69166,0.111513,0.035817,-0.05285,-0.699494,0.489644,-0.520534,-0.663443,-0.715659,0.218347,-0.265613,0.498077,0.82545,-7e-06,-5.8e-05,-3.4e-05,0.000649,-0.000911,0.000656,-0.502464
28,0.146982,0.028401,0.376859,-0.804887,0.305907,-0.50855,-0.492358,-0.822628,0.284322,-0.330374,0.478851,0.813377,-4.7e-05,-0.000382,-0.000223,-0.0,0.0,-0.0,-0.410798,-0.199511,0.040116,0.397061,0.587027,0.628575,0.510179,-0.727121,0.686404,-0.008825,-0.356455,-0.366579,0.859315,-0.000671,0.007546,-0.010428,0.034565,0.001262,-0.008026,-0.647926,-0.009774,0.035728,0.015246,-0.518072,-0.668668,0.53337,0.717767,-0.679019,-0.154084,0.4652,0.303009,0.831729,-0.000281,0.004443,-0.004897,0.036255,-0.01148,0.01755,-0.691987,0.111536,0.035828,-0.052873,-0.699267,0.489759,-0.52073,-0.663598,-0.715595,0.218083,-0.265824,0.498054,0.825396,-2.8e-05,-0.000226,-0.000133,9.2e-05,-0.000118,9.6e-05,-0.506057
29,0.147088,0.02846,0.376699,-0.804303,0.306366,-0.509197,-0.492885,-0.822594,0.283507,-0.331009,0.478616,0.813257,-0.00032,-0.002585,-0.001508,0.0,0.0,0.0,-0.426615,-0.199833,0.040529,0.396553,0.58659,0.62889,0.510295,-0.726799,0.68672,-0.010628,-0.357832,-0.365445,0.859226,-0.012994,0.015928,-0.01961,0.070722,-0.007944,0.006173,-0.694381,-0.009925,0.035928,0.015004,-0.517619,-0.668988,0.533408,0.717254,-0.679174,-0.155782,0.466494,0.301953,0.831388,-0.00628,0.002559,-0.005347,0.032425,0.016462,-0.037401,-0.696395,0.111589,0.035858,-0.052946,-0.698566,0.490122,-0.521329,-0.664076,-0.715399,0.217269,-0.26647,0.497979,0.825232,-0.000118,-0.000958,-0.000558,3e-06,-1.1e-05,8e-06,-0.515527
30,0.147205,0.028596,0.376336,-0.804921,0.306636,-0.508057,-0.492687,-0.822532,0.284028,-0.329803,0.478548,0.813787,0.012052,0.013993,-0.022178,0.07118,-0.028747,0.040023,-0.437927,-0.200138,0.040905,0.395754,0.585873,0.62616,0.514459,-0.726179,0.687393,-0.009437,-0.360262,-0.368854,0.85675,-0.001818,0.008765,-0.02376,-0.076046,0.281031,-0.056682,-0.719308,-0.010087,0.036129,0.014601,-0.516518,-0.666793,0.53721,0.716676,-0.679979,-0.154927,0.468596,0.304983,0.829096,-0.000935,0.0039,-0.012099,-0.129342,0.293199,0.178923,-0.703254,0.111643,0.035927,-0.053122,-0.699216,0.490444,-0.520154,-0.663872,-0.715408,0.217862,-0.265274,0.497648,0.825817,-0.000264,0.002353,-0.006134,0.036393,-0.002473,-0.005775,-0.524182
31,0.147258,0.028836,0.375641,-0.804278,0.307007,-0.508849,-0.492716,-0.823212,0.282,-0.331319,0.477139,0.813998,-0.000976,0.010191,-0.024072,0.070194,-0.014049,0.010461,-0.473827,-0.200425,0.041381,0.394518,0.586182,0.622021,0.519108,-0.72537,0.68829,-0.005427,-0.36139,-0.374152,0.853973,-0.002839,0.011724,-0.036293,-0.05736,0.236593,0.137546,-0.753627,-0.010231,0.036374,0.013976,-0.516085,-0.662958,0.542348,0.716442,-0.681138,-0.150863,0.46943,0.310703,0.826497,-0.001433,0.005469,-0.018326,-0.085961,0.283848,0.164209,-0.708969,0.111675,0.036051,-0.053467,-0.698441,0.490721,-0.520933,-0.66396,-0.715961,0.215767,-0.267087,0.49658,0.825876,-0.000631,-0.000667,-0.007903,0.034775,-0.000202,-0.007377,-0.54247
32,0.147289,0.028995,0.375112,-0.803767,0.305249,-0.510712,-0.492274,-0.823279,0.282577,-0.333207,0.478152,0.812632,-0.00147,0.006185,-0.026429,0.000811,-0.083905,-0.05823,-0.498639,-0.200544,0.041684,0.393651,0.586202,0.619596,0.521976,-0.725269,0.688414,-0.002432,-0.36156,-0.377932,0.852235,-0.003611,0.017882,-0.047328,-0.029748,0.310065,-0.023659,-0.777026,-0.010289,0.03652,0.01356,-0.515854,-0.660607,0.545428,0.716715,-0.681559,-0.147632,0.469268,0.314761,0.825052,-0.007683,0.008486,-0.023453,-0.081957,0.421668,-0.035084,-0.713378,0.11169,0.036134,-0.053729,-0.698155,0.489005,-0.522927,-0.663639,-0.716068,0.2164,-0.268631,0.498115,0.82445,-0.000606,0.008532,-0.017532,0.023878,-0.128098,-0.023996,-0.556677
33,0.147325,0.029432,0.373709,-0.802779,0.297429,-0.516844,-0.489945,-0.82305,0.287253,-0.338958,0.483452,0.8071,-0.001832,0.021346,-0.047585,0.003709,-0.19451,-0.066294,-0.53778,-0.200724,0.042444,0.391512,0.585371,0.611841,0.53196,-0.724937,0.688742,0.005774,-0.363567,-0.389793,0.846016,-0.004697,0.019995,-0.060252,-0.723264,0.076103,0.4794,-0.82149,-0.010379,0.0369,0.012497,-0.513258,-0.65449,0.555165,0.717341,-0.682274,-0.14115,0.471156,0.325796,0.819675,-0.002367,0.009386,-0.030414,-1.993928,-1.132918,1.29362,-0.726604,0.111709,0.036348,-0.054422,-0.698488,0.481324,-0.529566,-0.661568,-0.716452,0.221412,-0.272838,0.504998,0.818862,-0.001056,0.004841,-0.019716,-0.05009,-0.089541,-0.296151,-0.588355
34,0.14728,0.03004,0.371775,-0.803592,0.280298,-0.52509,-0.483718,-0.821601,0.301598,-0.345882,0.496004,0.796475,-0.002577,0.024357,-0.060881,-0.157733,-0.328404,-0.371099,-0.549162,-0.200869,0.043636,0.388697,0.583666,0.599975,0.547134,-0.724929,0.688526,0.01852,-0.366319,-0.408202,0.836089,-0.005729,0.038611,-0.079167,-0.267379,0.832929,0.320053,-0.875838,-0.010454,0.037496,0.011063,-0.510015,-0.64373,0.570521,0.719074,-0.683061,-0.127898,0.472033,0.345018,0.811262,-0.002848,0.019009,-0.039724,-0.230641,0.788867,0.286314,-0.737708,0.111685,0.036662,-0.055406,-0.702327,0.465148,-0.538862,-0.655937,-0.716961,0.236033,-0.276553,0.519232,0.80865,-0.001308,0.011744,-0.030696,-0.152414,-0.326055,-0.371431,-0.608276
35,0.147222,0.030393,0.370594,-0.803418,0.267312,-0.53208,-0.4795,-0.820248,0.311839,-0.352085,0.505333,0.787846,-0.003105,0.020112,-0.063454,-0.290153,-0.485156,-0.456787,-0.547276,-0.200889,0.044423,0.387049,0.58509,0.592955,0.553233,-0.724496,0.688649,0.028328,-0.364903,-0.418139,0.831787,0.005282,0.044957,-0.090801,-1.913969,-0.953475,1.336329,-0.887177,-0.010464,0.037893,0.01024,-0.510018,-0.636731,0.57832,0.719853,-0.683982,-0.11823,0.470842,0.356006,0.807196,0.002654,0.022136,-0.045565,-1.976855,-0.839611,1.399439,-0.740647,0.111657,0.036832,-0.055972,-0.70431,0.453318,-0.546305,-0.652285,-0.716927,0.246044,-0.280125,0.529638,0.800632,-0.001616,0.009238,-0.032216,-0.432217,-0.73436,-0.390058,-0.611379
36,0.147011,0.031143,0.367666,-0.802529,0.235904,-0.548035,-0.468984,-0.817236,0.33489,-0.367879,0.525481,0.767178,-0.017004,0.018885,-0.079183,-0.189293,-0.658405,-0.393616,-0.540277,-0.200926,0.046372,0.383131,0.589574,0.571571,0.570701,-0.720087,0.691953,0.051094,-0.366417,-0.4418,0.818789,-0.007391,0.048833,-0.10178,-0.176441,0.698519,0.302166,-0.923543,-0.010481,0.038834,0.00836,-0.512636,-0.616948,0.597142,0.718664,-0.68887,-0.094758,0.469814,0.380569,0.796518,-0.003611,0.024798,-0.050703,-0.801192,0.335819,0.821596,-0.75567,0.11156,0.037208,-0.057396,-0.709455,0.423347,-0.563427,-0.642462,-0.717121,0.270145,-0.289681,0.553637,0.78075,-0.00223,0.008763,-0.040146,0.586449,-2.704153,0.978949,-0.610889
37,0.14664,0.031901,0.364226,-0.803285,0.202392,-0.560193,-0.455757,-0.81439,0.359204,-0.38252,0.5436,0.747131,-0.005585,0.018644,-0.095149,-0.567335,-0.73777,-0.885769,-0.53759,-0.20098,0.048503,0.378854,0.602537,0.546098,0.581994,-0.710069,0.699659,0.078825,-0.36489,-0.46144,0.808574,0.003739,0.056301,-0.112556,-0.100789,0.611524,0.512703,-0.928438,-0.010513,0.039889,0.006227,-0.523899,-0.592836,0.611616,0.712441,-0.698542,-0.066829,0.466859,0.400729,0.788326,0.001905,0.027809,-0.056448,-0.024344,0.123376,0.4221,-0.767264,0.111368,0.037592,-0.059141,-0.715926,0.392679,-0.577279,-0.630473,-0.718809,0.292944,-0.299921,0.573685,0.762188,-0.009053,0.009289,-0.047432,-0.295228,-0.509364,-0.572137,-0.609256
38,0.146436,0.032289,0.362306,-0.803516,0.189631,-0.56431,-0.449696,-0.8145,0.366518,-0.389132,0.548032,0.740449,-0.005685,0.026997,-0.105394,-0.084275,-0.34315,-0.408068,-0.536481,-0.20093,0.0496,0.376673,0.609038,0.537183,0.583523,-0.704325,0.704509,0.086758,-0.365239,-0.464506,0.806658,0.003556,0.053766,-0.113673,0.150941,0.25825,0.246613,-0.928691,-0.010486,0.040461,0.005095,-0.530154,-0.582387,0.616247,0.707537,-0.704375,-0.056983,0.467255,0.405808,0.785488,0.001677,0.032674,-0.06089,0.213359,0.132886,0.452365,-0.764814,0.111263,0.037788,-0.060139,-0.71892,0.377667,-0.583542,-0.624272,-0.720004,0.303113,-0.305677,0.582202,0.753393,-0.002842,0.012953,-0.053018,-0.01571,-0.271272,-0.383489,-0.608766
39,0.146068,0.03296,0.358245,-0.804155,0.160736,-0.572315,-0.437631,-0.811657,0.386864,-0.401344,0.561358,0.723759,-0.006815,0.009609,-0.101696,-0.474976,-0.797579,-0.513573,-0.528334,-0.200802,0.051791,0.372009,0.623048,0.516809,0.587121,-0.691322,0.714899,0.104536,-0.366472,-0.471672,0.801927,0.00316,0.048256,-0.116257,-0.339572,-0.341667,0.86998,-0.935798,-0.010421,0.041577,0.002722,-0.543393,-0.562728,0.622945,0.696767,-0.716225,-0.039203,0.468229,0.412745,0.781282,0.00162,0.023731,-0.058329,-0.372426,-0.421632,0.892523,-0.769223,0.111081,0.038118,-0.062133,-0.724995,0.352427,-0.591756,-0.613262,-0.721397,0.321706,-0.313513,0.596138,0.73914,-0.003244,0.009952,-0.055201,-0.121256,-0.462245,-0.295456,-0.605174
40,0.14578,0.033554,0.35405,-0.801112,0.131617,-0.583903,-0.428951,-0.806625,0.406608,-0.416482,0.576037,0.703386,-0.007056,0.008191,-0.103359,-0.455205,-0.767111,-0.507398,-0.507099,-0.200553,0.053542,0.36725,0.620201,0.507161,0.598439,-0.695316,0.708509,0.120351,-0.363723,-0.491386,0.79127,0.014401,0.040741,-0.121034,0.077983,0.26322,0.504712,-0.983935,-0.010303,0.042425,0.000433,-0.538966,-0.554334,0.634215,0.703209,-0.710594,-0.023495,0.463694,0.433322,0.772799,0.007258,0.020307,-0.060544,-0.053686,0.46188,0.631504,-0.773305,0.110936,0.038409,-0.064234,-0.727419,0.323367,-0.605221,-0.604687,-0.719004,0.342617,-0.324366,0.615196,0.718553,-0.003361,0.009206,-0.05604,-0.497657,-0.877266,-0.551738,-0.594723
41,0.145355,0.033939,0.349803,-0.795202,0.100701,-0.597962,-0.422036,-0.80001,0.42643,-0.434449,0.591331,0.679419,-0.020424,0.004503,-0.106502,-0.574936,-0.858645,-0.646819,-0.419488,-0.200041,0.054682,0.362848,0.620868,0.496706,0.606463,-0.698547,0.701536,0.140757,-0.356303,-0.51166,0.781739,0.026479,0.026995,-0.115427,-0.007663,0.32163,0.565842,-1.00564,-0.010041,0.043019,-0.001861,-0.538776,-0.544295,0.64301,0.708719,-0.705482,-0.003343,0.455452,0.453913,0.765849,0.013277,0.013199,-0.057877,-0.010117,0.332733,0.568875,-0.778531,0.110729,0.038605,-0.066354,-0.727234,0.293256,-0.620589,-0.597648,-0.715183,0.362393,-0.337561,0.634439,0.695369,-0.003656,0.007245,-0.057778,-0.248095,-0.571464,-0.41033,-0.551451
42,0.145068,0.034026,0.347649,-0.79152,0.087499,-0.604885,-0.41956,-0.79747,0.43357,-0.443461,0.596852,0.668683,-0.020823,0.002145,-0.108668,-0.340468,-0.711294,-0.328872,-0.406752,-0.199513,0.055072,0.360625,0.616066,0.499543,0.609024,-0.708084,0.689824,0.150641,-0.345624,-0.524674,0.777897,0.038566,0.012829,-0.110142,-3.508893,-0.286658,-3.801818,-1.01174,-0.009791,0.043211,-0.00293,-0.536496,-0.544875,0.644424,0.715615,-0.698475,0.005187,0.447288,0.463943,0.764649,0.013192,0.011471,-0.058964,-0.123075,0.502761,0.657007,-0.778367,0.110586,0.03865,-0.06743,-0.726119,0.278599,-0.628595,-0.594807,-0.713122,0.371026,-0.344898,0.643302,0.683524,-0.010386,0.000602,-0.054633,-0.548072,-0.800901,-0.61584,-0.529244
43,0.144305,0.033855,0.343278,-0.782472,0.043294,-0.621215,-0.39833,-0.801616,0.445778,-0.477708,0.5962,0.645266,-0.022416,-0.016807,-0.107506,-0.479845,-0.860194,-0.483826,-0.379287,-0.197734,0.055502,0.356038,0.606948,0.502973,0.615324,-0.723157,0.67054,0.165393,-0.330156,-0.545992,0.769905,0.050118,0.002732,-0.11756,-3.584849,-0.315605,-3.740191,-1.037624,-0.008887,0.043438,-0.00526,-0.524631,-0.550887,0.649064,0.735315,-0.677448,0.019368,0.429038,0.487428,0.760486,0.025163,0.000755,-0.059121,-3.668595,-0.192937,-3.667413,-0.784246,0.110197,0.038569,-0.069654,-0.72548,0.234841,-0.646937,-0.575463,-0.722588,0.383026,-0.377519,0.650166,0.659365,-0.011185,-0.008845,-0.05405,-0.425817,-0.801008,-0.463143,-0.503934
44,0.143124,0.033063,0.338896,-0.768633,-0.029353,-0.639052,-0.346502,-0.820642,0.454373,-0.536818,0.570711,0.621403,-0.036585,-0.031344,-0.103671,-0.214675,-1.099482,-0.683957,-0.360183,-0.195082,0.055525,0.351166,0.595255,0.499528,0.629392,-0.737973,0.649619,0.182548,-0.318408,-0.573763,0.754503,0.07426,-0.004045,-0.1245,-0.270523,0.529569,0.774245,-1.052712,-0.007589,0.043449,-0.00765,-0.510004,-0.549974,0.661379,0.753726,-0.656227,0.035524,0.414478,0.516617,0.749209,0.04286,0.002778,-0.067079,-0.365014,0.683677,0.611356,-0.787512,0.109634,0.038193,-0.071769,-0.725976,0.164119,-0.667849,-0.53037,-0.751808,0.39178,-0.437796,0.63863,0.632838,-0.024471,-0.010039,-0.055552,3.230351,-3.145748,-3.692974,-0.484339
45,0.142304,0.032497,0.336962,-0.760793,-0.055005,-0.646694,-0.328172,-0.827061,0.456338,-0.559014,0.559471,0.611982,-0.04998,-0.040425,-0.094998,-0.057813,-0.367436,-0.366721,-0.360894,-0.193366,0.055579,0.348561,0.582074,0.506238,0.63632,-0.754563,0.627769,0.190982,-0.303494,-0.591943,0.746564,0.086105,0.004586,-0.13547,-0.392674,0.344882,0.154176,-1.064843,-0.006704,0.043474,-0.008999,-0.496558,-0.555437,0.667022,0.770999,-0.635243,0.044988,0.398734,0.536614,0.743677,0.043071,0.001858,-0.068037,-0.373366,0.316527,0.135204,-0.788001,0.109196,0.037881,-0.072819,-0.723065,0.133392,-0.677777,-0.512328,-0.7617,0.396651,-0.463353,0.634049,0.619099,-0.024944,-0.020417,-0.047631,0.011839,-0.292111,-0.334659,-0.48091
46,0.139926,0.031027,0.333317,-0.724245,-0.106165,-0.681354,-0.294261,-0.846035,0.444531,-0.622746,0.522574,0.58235,-0.063686,-0.046669,-0.085284,1.445213,-3.277855,1.219919,-0.360187,-0.18933,0.056071,0.342803,0.554908,0.521446,0.6482,-0.790229,0.57376,0.21511,-0.260423,-0.632242,0.729598,0.110486,0.009832,-0.150324,-0.428368,0.840502,0.579547,-1.077697,-0.004686,0.043722,-0.011876,-0.467784,-0.572781,0.673125,0.809848,-0.582815,0.066865,0.354009,0.576408,0.736498,0.055263,0.004406,-0.075544,-0.369649,0.781894,0.533815,-0.790451,0.108006,0.037139,-0.074647,-0.696718,0.078724,-0.713011,-0.482464,-0.786989,0.384546,-0.530859,0.611923,0.586291,-0.031768,-0.023296,-0.04258,1.400358,-3.317316,1.168013,-0.479277
47,0.136734,0.029132,0.330136,-0.688732,-0.152715,-0.708782,-0.249143,-0.868208,0.429085,-0.680045,0.472298,0.560803,-0.090865,-0.051106,-0.074055,3.937536,-2.920862,-2.528315,-0.361646,-0.184859,0.056695,0.336512,0.537246,0.524434,0.660551,-0.813982,0.527295,0.243572,-0.221227,-0.669187,0.709303,0.11042,0.026758,-0.171308,-1.367206,0.307391,-0.34415,-1.084939,-0.002493,0.044026,-0.014955,-0.44938,-0.575692,0.683107,0.836488,-0.539593,0.095536,0.3136,0.614343,0.724042,0.061638,0.006998,-0.082783,-4.101318,-0.550561,-3.067763,-0.796329,0.106473,0.036227,-0.076184,-0.670336,0.03009,-0.741446,-0.446204,-0.814705,0.370347,-0.592917,0.579093,0.559552,-0.045311,-0.025383,-0.036819,0.125708,-0.472474,0.332507,-0.477971
48,0.132922,0.027429,0.327462,-0.659993,-0.188387,-0.7273,-0.20963,-0.883445,0.418989,-0.720645,0.429223,0.544487,-0.103462,-0.037354,-0.064795,0.146378,-0.596819,0.533179,-0.371787,-0.180053,0.058006,0.329541,0.5188,0.531952,0.669227,-0.836577,0.476781,0.269724,-0.176231,-0.700453,0.691499,0.123181,0.037639,-0.18226,-0.388006,0.726402,0.890116,-1.083452,-9.6e-05,0.044672,-0.018439,-0.428753,-0.5853,0.688181,0.863408,-0.489666,0.121461,0.265888,0.646258,0.715299,0.067352,0.024002,-0.09567,-0.332141,0.327871,0.424476,-0.799922,0.104579,0.035354,-0.077538,-0.648672,-0.013654,-0.760944,-0.405835,-0.839619,0.361022,-0.643833,0.543003,0.539097,-0.058275,-0.018162,-0.031906,1.265607,-1.08174,-0.502914,-0.481073
49,0.130837,0.02675,0.326349,-0.643833,-0.212709,-0.735036,-0.177866,-0.892688,0.414056,-0.743435,0.397582,0.537829,-0.116526,-0.03091,-0.060296,0.319025,-0.729352,0.071487,-0.37576,-0.177609,0.058765,0.325871,0.508707,0.535977,0.673749,-0.847667,0.448331,0.28354,-0.150716,-0.716017,0.681519,0.123822,0.034133,-0.186032,-1.479747,0.371895,-0.102,-1.085049,0.001126,0.045057,-0.02027,-0.418914,-0.588885,0.691176,0.875576,-0.463644,0.13565,0.240577,0.662003,0.70984,0.061569,0.022356,-0.096948,-3.857984,-0.842486,-3.147744,-0.791104,0.103503,0.034998,-0.078121,-0.637281,-0.039537,-0.769616,-0.376618,-0.855316,0.355798,-0.672332,0.516595,0.530186,-0.051541,-0.015916,-0.030449,1.141592,-1.30053,-0.616281,-0.485482
50,0.126093,0.025448,0.324448,-0.609601,-0.261196,-0.748471,-0.106591,-0.908593,0.403818,-0.784776,0.326268,0.526975,-0.130727,-0.042172,-0.03679,4.165855,-2.591619,-2.531959,-0.375947,-0.172668,0.059915,0.318351,0.497251,0.535791,0.682394,-0.861208,0.399592,0.313974,-0.105065,-0.744469,0.659235,0.126278,0.0197,-0.184396,-4.202814,-0.856266,-2.616619,-1.101891,0.003547,0.045622,-0.023961,-0.40823,-0.587628,0.698599,0.891695,-0.420586,0.16729,0.195516,0.69123,0.695681,0.062741,0.01545,-0.09586,-0.421508,0.755366,0.874875,-0.809883,0.101136,0.034352,-0.07908,-0.613541,-0.090431,-0.784467,-0.314366,-0.883334,0.347697,-0.72439,0.459937,0.513533,-0.064944,-0.015125,-0.021963,0.165896,-0.380217,0.330955,-0.488911
51,0.120922,0.023837,0.323085,-0.582342,-0.291999,-0.758723,-0.054572,-0.917138,0.394781,-0.810408,0.27166,0.519102,-0.131721,-0.038118,-0.034783,0.005915,-0.225538,0.240192,-0.374831,-0.167913,0.061261,0.310954,0.493996,0.542367,0.679557,-0.867954,0.352417,0.349847,-0.05035,-0.763316,0.643954,0.11445,0.03733,-0.189357,-0.396354,0.701206,0.838521,-1.112817,0.005933,0.04628,-0.027668,-0.402826,-0.59603,0.694606,0.905242,-0.371511,0.206192,0.135157,0.711847,0.689206,0.063452,0.019066,-0.094885,-1.263535,-0.177841,-0.160636,-0.816414,0.098602,0.033572,-0.079745,-0.592092,-0.12935,-0.795421,-0.259585,-0.903811,0.340205,-0.762916,0.407913,0.501563,-0.066183,-0.024934,-0.013597,0.071704,-0.25723,0.157844,-0.488258
52,0.118425,0.023037,0.322554,-0.57054,-0.304794,-0.762647,-0.035986,-0.918431,0.393905,-0.819792,0.252557,0.513987,-0.131887,-0.034947,-0.032696,0.094977,-0.297787,0.157632,-0.374159,-0.165718,0.061848,0.307461,0.494195,0.545214,0.677129,-0.86886,0.333604,0.365684,-0.027126,-0.769721,0.637696,0.116093,0.026877,-0.183341,-0.182417,0.553879,0.72312,-1.114418,0.007073,0.046587,-0.029486,-0.404078,-0.597553,0.692567,0.907995,-0.353694,0.224599,0.110747,0.719604,0.685496,0.058115,0.013313,-0.091791,-0.420311,0.699901,0.8039,-0.806617,0.097255,0.033139,-0.080035,-0.582507,-0.144114,-0.799947,-0.241974,-0.90879,0.339923,-0.775972,0.391575,0.494505,-0.065867,-0.01725,-0.016084,0.112061,-0.270543,0.176805,-0.487768
53,0.11304,0.021593,0.321555,-0.541821,-0.334655,-0.771027,0.007263,-0.919161,0.393779,-0.839807,0.208168,0.501416,-0.1457,-0.027143,-0.02746,0.011292,-0.791427,-0.50009,-0.366447,-0.161139,0.062565,0.300706,0.483742,0.554302,0.677299,-0.874903,0.288932,0.388582,0.019101,-0.781227,0.623845,0.119365,0.014423,-0.164826,-3.686678,-2.034002,-2.87189,-1.137355,0.009362,0.046937,-0.032881,-0.3975,-0.602766,0.691857,0.915107,-0.315966,0.250488,0.067618,0.732692,0.677192,0.059744,0.007303,-0.082364,-0.024306,0.212636,0.368582,-0.810046,0.094616,0.032427,-0.080524,-0.561675,-0.176413,-0.80833,-0.19983,-0.919151,0.339452,-0.802862,0.35219,0.481012,-0.07327,-0.019447,-0.009944,1.188898,-0.805259,-0.854046,-0.485972
54,0.107572,0.020363,0.320667,-0.5045,-0.363953,-0.782984,0.054523,-0.918451,0.391723,-0.861076,0.15538,0.484181,-0.147242,-0.034153,-0.017159,4.29558,-2.932533,-2.088045,-0.304258,-0.156369,0.0631,0.294706,0.46511,0.571889,0.675727,-0.882821,0.244173,0.401174,0.063858,-0.783839,0.617561,0.122481,0.005729,-0.142606,-0.140331,0.238269,0.391499,-1.140819,0.011793,0.047202,-0.03595,-0.375636,-0.623837,0.685364,0.926581,-0.267612,0.264254,0.01856,0.734309,0.67856,0.061295,0.003408,-0.070907,-0.194576,0.287935,0.429478,-0.80531,0.091828,0.031803,-0.080977,-0.529342,-0.213891,-0.821003,-0.155091,-0.926997,0.3415,-0.834112,0.3081,0.457526,-0.073639,-0.016994,-0.008456,4.335171,-2.944372,-1.999915,-0.457069
55,0.102215,0.019295,0.319853,-0.472099,-0.372037,-0.799222,0.083535,-0.921397,0.3795,-0.877004,0.112856,0.467068,-0.133105,-0.020168,-0.023322,1.437964,-1.291056,-0.011014,-0.284688,-0.151633,0.063076,0.289537,0.450293,0.581978,0.677147,-0.887018,0.205508,0.413399,0.100873,-0.787508,0.60788,0.125613,-0.003204,-0.119919,-0.435949,0.064286,0.182582,-1.138281,0.014073,0.047193,-0.038452,-0.361136,-0.633346,0.684436,0.932337,-0.230978,0.278202,-0.018108,0.738594,0.673907,0.062825,-0.001626,-0.060041,-4.073275,-1.791433,-2.700689,-0.803841,0.089199,0.031276,-0.081376,-0.499285,-0.227907,-0.835925,-0.126473,-0.93528,0.330535,-0.857156,0.270754,0.438147,-0.074053,-0.015268,-0.007625,4.788406,-4.018743,-0.245964,-0.431106
56,0.099488,0.018788,0.319491,-0.461245,-0.369244,-0.806819,0.090097,-0.924098,0.371345,-0.882126,0.099042,0.460512,-0.134189,-0.029042,-0.013877,-0.042112,-0.215503,0.257129,-0.279297,-0.149357,0.06291,0.287536,0.445168,0.582183,0.680353,-0.888245,0.191562,0.417443,0.112147,-0.790868,0.60151,0.12808,-0.01539,-0.097886,-0.057231,0.853186,-0.068423,-1.137533,0.015254,0.047098,-0.039513,-0.355639,-0.634658,0.686096,0.93408,-0.216348,0.284053,-0.031841,0.74189,0.669764,0.057063,-0.002125,-0.051848,0.075653,2.300776,-1.11332,-0.802698,0.087836,0.031026,-0.081561,-0.48691,-0.227431,-0.843322,-0.118711,-0.939315,0.321859,-0.865347,0.256828,0.430363,-0.066405,-0.008346,-0.010262,-0.009513,-0.237997,0.292246,-0.422778
