frame,MLTx,MLTy,MLTz,MLTR1,MLTR2,MLTR3,MLTR4,MLTR5,MLTR6,MLTR7,MLTR8,MLTR9,MLTTVx,MLTTVy,MLTTVz,MLTRVx,MLTRVy,MLTRVz,MLGA,MRTx,MRTy,MRTz,MRTR1,MRTR2,MRTR3,MRTR4,MRTR5,MRTR6,MRTR7,MRTR8,MRTR9,MRTTVx,MRTTVy,MRTTVz,MRTRVx,MRTRVy,MRTRVz,MRGA,SLTx,SLTy,SLTz,SLTR1,SLTR2,SLTR3,SLTR4,SLTR5,SLTR6,SLTR7,SLTR8,SLTR9,SLTTVx,SLTTVy,SLTTVz,SLTRVx,SLTRVy,SLTRVz,SLGA,SRTx,SRTy,SRTz,SRTR1,SRTR2,SRTR3,SRTR4,SRTR5,SRTR6,SRTR7,SRTR8,SRTR9,SRTTVx,SRTTVy,SRTTVz,SRTRVx,SRTRVy,SRTRVz,SRGA
1,0.162246,0.018177,0.396787,-0.48629,0.605654,-0.629882,-0.799732,-0.5989,0.041471,-0.351522,0.523147,0.776387,-0.012059,-0.005546,0.012258,-0.035786,0.014012,-0.022545,0.381227,-0.198492,0.044478,0.380562,0.647847,0.718775,0.252285,-0.760948,0.596369,0.255416,0.032324,-0.358356,0.932952,0.000574,-0.008888,0.009598,-0.036333,0.012266,-0.017348,0.48583,-0.005893,0.040945,0.007185,-0.543595,-0.796107,0.265927,0.838807,-0.503892,0.206143,-0.030113,0.33512,0.941693,8e-05,0.001149,0.000592,-0.009641,0.081913,-0.148239,0.476847,0.118247,0.033858,-0.043639,-0.537,0.558398,-0.632314,-0.727041,-0.686501,0.011197,-0.427833,0.465732,0.77463,0.000112,0.001484,0.000796,2.2e-05,1e-06,1.7e-05,0.324276
2,0.162255,0.018164,0.396946,-0.486132,0.605731,-0.62993,-0.799953,-0.598591,0.041662,-0.351237,0.523411,0.776338,0.000121,0.001573,0.000842,0.0,0.0,0.0,0.383633,-0.19862,0.044552,0.38061,0.651202,0.715414,0.253202,-0.758183,0.599975,0.25519,0.029839,-0.359059,0.932764,-0.011566,0.003778,0.002756,0.000709,0.002283,-0.000332,0.483347,-0.005957,0.040971,0.007209,-0.547269,-0.79319,0.267103,0.836496,-0.507785,0.20598,-0.02775,0.336158,0.941396,8e-05,0.001114,0.000572,0.003881,0.002782,0.0127,0.471132,0.118247,0.033854,-0.043552,-0.536867,0.558486,-0.632348,-0.727303,-0.68622,0.011419,-0.427553,0.46604,0.774599,5.3e-05,0.000719,0.000385,1e-06,5e-06,-7e-06,0.326725
3,0.162258,0.018111,0.39704,-0.486061,0.607831,-0.627958,-0.800387,-0.598088,0.040524,-0.350345,0.521548,0.777993,0.000148,-0.00918,0.00992,0.021199,0.208241,0.06948,0.384192,-0.198729,0.044633,0.38066,0.650647,0.715717,0.253771,-0.758668,0.599422,0.255049,0.029616,-0.35938,0.932648,-0.011482,0.004876,0.003313,-0.002045,0.015205,-0.029245,0.482773,-0.006012,0.041011,0.007233,-0.546675,-0.793426,0.267619,0.83689,-0.507196,0.20583,-0.027576,0.33649,0.941282,0.000198,0.002761,0.00141,0.001773,-0.014064,0.025179,0.469663,0.118248,0.033832,-0.043509,-0.537069,0.560145,-0.630708,-0.727651,-0.685867,0.010486,-0.426709,0.464567,0.775948,3.6e-05,0.000494,0.000263,0.09349,0.300734,0.12747,0.328195
4,0.162241,0.017953,0.397212,-0.486401,0.607734,-0.627789,-0.80044,-0.597971,0.041215,-0.349754,0.521795,0.778093,0.0,6e-06,3e-06,1e-05,3.6e-05,1.6e-05,0.386268,-0.199167,0.044976,0.380856,0.650533,0.714843,0.256512,-0.758786,0.598588,0.25665,0.029109,-0.362501,0.931455,-0.011074,0.01016,0.005987,-0.001022,0.002112,-0.003565,0.4824,-0.006227,0.041172,0.007326,-0.546559,-0.792542,0.27046,0.836967,-0.506375,0.207529,-0.027521,0.339793,0.940097,-0.011435,0.005337,0.003544,-0.005328,0.104766,-0.207477,0.468193,0.118245,0.033752,-0.043423,-0.537376,0.560446,-0.630179,-0.727864,-0.685634,0.010911,-0.425957,0.464548,0.776372,-8e-06,-6.1e-05,-3.4e-05,-0.000998,-0.002718,-0.00094,0.330644
5,0.162223,0.017779,0.397364,-0.486522,0.607718,-0.627712,-0.800591,-0.597734,0.041736,-0.349242,0.522087,0.778128,-2e-06,-3.1e-05,-1.7e-05,0.0,0.0,0.0,0.387352,-0.199818,0.04538,0.38112,0.653515,0.71167,0.25775,-0.756317,0.601831,0.256354,0.026502,-0.363373,0.931193,-0.022782,0.011077,0.007258,-0.002265,0.016553,-0.032997,0.482276,-0.006549,0.041382,0.007456,-0.54986,-0.789792,0.27181,0.834881,-0.509953,0.20717,-0.025011,0.340844,0.939786,-0.011391,0.005605,0.003672,-0.000819,0.016543,-0.029946,0.467213,0.118231,0.033663,-0.043348,-0.537514,0.560385,-0.630115,-0.728039,-0.685439,0.011459,-0.425485,0.464908,0.776416,-6e-06,-3.6e-05,-1.9e-05,2.6e-05,-6.7e-05,-0.000105,0.332441
6,0.162233,0.017641,0.39748,-0.486244,0.607841,-0.627807,-0.800889,-0.597323,0.041887,-0.348945,0.522412,0.778043,-7e-06,-9.8e-05,-5.2e-05,0.0,0.0,0.0,0.389909,-0.200638,0.045712,0.381412,0.655862,0.708822,0.259631,-0.754379,0.604402,0.256016,0.02373,-0.364668,0.930762,-0.022512,-0.002048,0.014692,-0.040402,0.042866,-0.075741,0.478957,-0.00697,0.041558,0.007613,-0.552403,-0.787297,0.273885,0.833274,-0.512695,0.206874,-0.022452,0.342499,0.939249,-0.011261,-0.001017,0.00736,-0.040488,0.04268,-0.076144,0.464764,0.118236,0.03359,-0.043287,-0.537265,0.560534,-0.630195,-0.728387,-0.685066,0.011639,-0.425201,0.46528,0.776348,-6e-06,-4.8e-05,-2.6e-05,4.3e-05,-9e-06,-6e-05,0.335217
7,0.162233,0.017588,0.39753,-0.486346,0.607812,-0.627756,-0.800905,-0.597286,0.042096,-0.348766,0.522488,0.778072,-0.0,-1e-06,-1e-06,0.0,0.0,0.0,0.39416,-0.20109,0.045828,0.381588,0.655023,0.709285,0.260483,-0.755113,0.603495,0.255992,0.023554,-0.365272,0.930529,-0.022938,0.008179,0.00577,-0.016021,0.126621,-0.232133,0.47669,-0.007179,0.041609,0.007697,-0.551632,-0.787608,0.274544,0.833786,-0.511861,0.206878,-0.022411,0.343031,0.939056,-0.011244,-0.000879,0.007431,-0.038781,0.028876,-0.050902,0.462314,0.118236,0.033564,-0.043262,-0.537364,0.560492,-0.630148,-0.728413,-0.685035,0.011848,-0.425033,0.465375,0.776384,3.7e-05,-0.005055,0.004716,-0.035687,0.011314,-0.019235,0.337992
8,0.162224,0.017497,0.397604,-0.486155,0.607897,-0.627822,-0.801104,-0.597013,0.042186,-0.348576,0.5227,0.778014,-3.8e-05,-0.000496,-0.000266,0.0,0.0,0.0,0.398974,-0.201766,0.045868,0.381986,0.658091,0.706004,0.26166,-0.752503,0.60655,0.256455,0.021528,-0.366564,0.93007,-0.011215,0.007034,0.004355,-0.000315,0.001285,-0.004073,0.472955,-0.007526,0.041634,0.007893,-0.554881,-0.784794,0.276052,0.831676,-0.515098,0.207334,-0.020521,0.344632,0.938513,-0.005413,-0.001769,0.006563,-0.036626,0.01356,-0.021638,0.456926,0.118231,0.033519,-0.043224,-0.537184,0.560599,-0.630207,-0.728643,-0.684789,0.011937,-0.424868,0.465608,0.776335,1.1e-05,-0.005383,0.00454,-0.035698,0.011283,-0.019231,0.345994
9,0.162224,0.017452,0.397646,-0.486112,0.60792,-0.627832,-0.801182,-0.596902,0.042276,-0.348456,0.5228,0.778001,5.1e-05,0.000668,0.000357,0.0,0.0,0.0,0.398799,-0.202192,0.045805,0.382419,0.661474,0.702509,0.262534,-0.749581,0.609823,0.25725,0.019796,-0.367844,0.929603,-0.011156,0.00759,0.004624,-0.000314,0.001312,-0.004058,0.471038,-0.007748,0.041601,0.008115,-0.558583,-0.78176,0.277191,0.829231,-0.518677,0.208205,-0.018994,0.346155,0.937984,-0.005587,0.003778,0.002311,-0.000224,0.000904,-0.004441,0.454477,0.118231,0.033494,-0.043205,-0.537144,0.560627,-0.630216,-0.728734,-0.68469,0.012027,-0.424761,0.465721,0.776325,3.5e-05,0.00046,0.000246,3.3e-05,2.9e-05,-2.9e-05,0.348606
10,0.162225,0.017437,0.397671,-0.486137,0.607915,-0.627819,-0.801199,-0.596875,0.042353,-0.348384,0.522838,0.778008,4.6e-05,0.000594,0.000318,0.0,0.0,0.0,0.397367,-0.202343,0.045727,0.382655,0.666267,0.697209,0.264536,-0.745376,0.613938,0.25967,0.017805,-0.37107,0.92836,-0.01092,-0.004915,0.012414,1.40236,1.489112,5.100121,0.466908,-0.007819,0.041567,0.00823,-0.55932,-0.780439,0.279419,0.828716,-0.518424,0.210865,-0.019709,0.3495,0.936728,-0.005433,-0.002049,0.006419,-0.03841,0.023567,-0.004529,0.451537,0.118231,0.033487,-0.043192,-0.537169,0.560618,-0.630203,-0.728755,-0.684666,0.012104,-0.424694,0.465766,0.776335,2.8e-05,0.000394,0.000212,1.8e-05,-9e-06,-3.2e-05,0.348606
11,0.162226,0.017384,0.397732,-0.485973,0.607985,-0.627877,-0.801355,-0.596661,0.042401,-0.348253,0.522999,0.777958,0.0,3e-06,2e-06,0.0,0.0,0.0,0.396617,-0.202514,0.045551,0.383108,0.66993,0.693472,0.265108,-0.742122,0.617405,0.260768,0.016321,-0.372316,0.927889,0.000856,-0.005057,0.011515,-0.034573,-0.00129,0.008011,0.458516,-0.007909,0.041477,0.008456,-0.567955,-0.773835,0.280367,0.822901,-0.527204,0.211871,-0.016142,0.351048,0.936218,0.000384,-0.002961,0.005545,-0.035431,0.011268,-0.018056,0.442556,0.118232,0.033462,-0.04316,-0.537013,0.560707,-0.630256,-0.728936,-0.684473,0.012151,-0.424581,0.465942,0.776291,-1e-06,-1.1e-05,-7e-06,1.9e-05,1.6e-05,-2.8e-05,0.346973
12,0.162216,0.017301,0.397788,-0.486033,0.607975,-0.627841,-0.801411,-0.59657,0.042622,-0.348041,0.523115,0.777975,-7.3e-05,-0.000953,-0.00051,0.0,0.0,0.0,0.39863,-0.202605,0.045428,0.383529,0.673791,0.689592,0.265445,-0.738652,0.621117,0.261803,0.014825,-0.373344,0.927501,0.000628,0.007441,0.003697,0.001737,-0.013813,0.025231,0.450416,-0.007954,0.04141,0.008669,-0.572226,-0.770466,0.28096,0.819961,-0.531314,0.212996,-0.014829,0.352258,0.935784,0.000313,0.003781,0.001881,0.00158,-0.013997,0.024592,0.431289,0.118227,0.033422,-0.043131,-0.537072,0.560689,-0.630222,-0.729006,-0.684394,0.012371,-0.424384,0.46608,0.776316,-1e-05,-0.005694,0.004375,-0.035705,0.011291,-0.019194,0.347137
13,0.162197,0.017248,0.397839,-0.486047,0.607979,-0.627825,-0.801471,-0.596479,0.042771,-0.347884,0.523213,0.777979,-0.0,-0.0,-0.0,0.0,0.0,0.0,0.401135,-0.202677,0.045535,0.383969,0.67791,0.685535,0.265465,-0.734904,0.625172,0.262696,0.01328,-0.374043,0.927242,-0.010398,0.001078,0.015378,-0.03661,0.01394,-0.021221,0.448553,-0.00799,0.041461,0.008888,-0.57679,-0.766943,0.281264,0.816782,-0.535802,0.213968,-0.013399,0.353147,0.935471,-0.005191,0.000714,0.007776,-0.036708,0.013728,-0.021791,0.426227,0.118218,0.033394,-0.043108,-0.537088,0.560692,-0.630206,-0.729079,-0.684314,0.01252,-0.42424,0.466195,0.776326,-3e-06,7e-06,5e-06,-1.3e-05,-2.5e-05,-2.8e-05,0.350892
14,0.162197,0.017241,0.397846,-0.485932,0.608024,-0.627872,-0.801537,-0.596394,0.042712,-0.347892,0.523259,0.777945,-0.0,-0.0,-0.0,0.0,0.0,0.0,0.401396,-0.202731,0.045701,0.384183,0.677823,0.685577,0.265579,-0.734981,0.624969,0.262965,0.013459,-0.374307,0.927133,0.001476,0.002255,0.015114,-0.034565,-0.001256,0.008028,0.448909,-0.008018,0.041544,0.008989,-0.576681,-0.766985,0.281374,0.816855,-0.535592,0.214212,-0.013596,0.353374,0.935382,-0.005281,0.007172,0.003959,-0.000441,0.001297,-0.004463,0.425411,0.118218,0.03339,-0.043104,-0.536977,0.560749,-0.630249,-0.729153,-0.684236,0.012461,-0.424252,0.46624,0.776291,-2e-06,5e-06,4e-06,-1.4e-05,-2.1e-05,-2.7e-05,0.351872
15,0.162206,0.017233,0.397841,-0.485929,0.608024,-0.627874,-0.801539,-0.596392,0.04271,-0.347893,0.52326,0.777944,-0.0,-2e-06,-1e-06,0.0,0.0,0.0,0.402845,-0.20288,0.046139,0.384602,0.676483,0.687352,0.264404,-0.736208,0.624178,0.261407,0.0138,-0.372364,0.927911,0.001289,0.01514,0.007428,-0.008337,0.067252,-0.123922,0.451057,-0.008092,0.041759,0.009202,-0.575231,-0.768579,0.279988,0.817875,-0.534671,0.212616,-0.01371,0.351299,0.936162,-0.005066,0.002006,0.008391,-0.041621,0.018542,-0.020892,0.425574,0.118222,0.033386,-0.043106,-0.536974,0.56075,-0.630251,-0.729155,-0.684235,0.012459,-0.424253,0.466241,0.77629,-2e-06,8e-06,5e-06,-4e-06,-2.2e-05,-2e-05,0.353505
16,0.162205,0.017233,0.39783,-0.485803,0.60807,-0.627927,-0.801591,-0.596329,0.042604,-0.347948,0.523279,0.777907,-1e-06,-9e-06,-5e-06,0.0,0.0,0.0,0.403323,-0.202996,0.046464,0.385024,0.676279,0.687453,0.264662,-0.736388,0.623742,0.261938,0.014145,-0.372907,0.927687,0.000948,0.011091,0.005413,0.001741,-0.013754,0.025263,0.453845,-0.00815,0.041932,0.009413,-0.574914,-0.768682,0.280357,0.818091,-0.53413,0.213144,-0.014092,0.351898,0.935932,-0.005379,0.005778,0.003239,-0.000398,0.00156,-0.003963,0.42835,0.118222,0.033386,-0.043112,-0.536853,0.56081,-0.6303,-0.729211,-0.684176,0.012353,-0.424309,0.466254,0.776252,-1e-06,6e-06,3e-06,5e-06,-3e-06,-5e-06,0.354322
17,0.162205,0.017225,0.397826,-0.485822,0.608063,-0.627919,-0.801582,-0.596341,0.042617,-0.347943,0.523274,0.777912,-8e-06,-9.8e-05,-5.2e-05,0.0,0.0,0.0,0.403204,-0.203037,0.046511,0.38524,0.676139,0.68752,0.264846,-0.736512,0.623428,0.262339,0.014407,-0.37331,0.927521,0.001187,-0.001173,0.013371,-0.034561,-0.001211,0.008052,0.45284,-0.00817,0.041961,0.009524,-0.574775,-0.768727,0.28052,0.818184,-0.533825,0.213551,-0.014413,0.352261,0.93579,0.000564,-0.000857,0.006557,-0.034575,-0.001182,0.008057,0.429003,0.118222,0.033382,-0.043114,-0.536872,0.560801,-0.630293,-0.729201,-0.684187,0.012366,-0.424304,0.46625,0.776257,-6e-06,-4.7e-05,-2.5e-05,-4e-06,-3e-05,-1e-05,0.354322
18,0.162205,0.017225,0.397826,-0.485692,0.608111,-0.627973,-0.801646,-0.596261,0.042528,-0.347977,0.523309,0.777873,-0.0,-0.0,-0.0,0.0,0.0,0.0,0.404125,-0.203124,0.046429,0.385774,0.675026,0.687574,0.267533,-0.737569,0.622481,0.261618,0.012505,-0.374793,0.926951,0.001161,-0.001492,0.013209,-0.034559,-0.001192,0.008061,0.447026,-0.008215,0.04192,0.00978,-0.573524,-0.768687,0.283177,0.81909,-0.532766,0.212722,-0.012649,0.353949,0.935178,0.000544,-0.00108,0.006444,-0.037826,-0.004939,0.009912,0.425411,0.118222,0.033382,-0.043114,-0.536746,0.560865,-0.630343,-0.729271,-0.684113,0.012277,-0.424341,0.466281,0.776219,-4e-06,9e-06,4e-06,-3.1e-05,-3.5e-05,-3.4e-05,0.355138
19,0.162205,0.017225,0.397826,-0.485692,0.608111,-0.627973,-0.801646,-0.596261,0.042528,-0.347977,0.523309,0.777873,-0.0,-0.0,-0.0,0.0,0.0,0.0,0.403829,-0.203117,0.046248,0.38642,0.677517,0.683314,0.272111,-0.73537,0.625991,0.259426,0.006085,-0.376732,0.926229,0.001672,-0.010561,0.022743,-0.025783,0.063961,-0.036822,0.441983,-0.008211,0.041825,0.010101,-0.576356,-0.764838,0.28781,0.81717,-0.536504,0.210701,-0.006741,0.356629,0.934221,0.000838,-0.005137,0.011443,0.482266,0.656126,-0.346352,0.418226,0.118222,0.033382,-0.043114,-0.536746,0.560865,-0.630343,-0.729271,-0.684113,0.012277,-0.424341,0.466281,0.776219,-6e-06,6e-06,4e-06,-2.4e-05,-4.7e-05,-3e-05,0.355301
20,0.162187,0.017218,0.397845,-0.485614,0.608143,-0.628002,-0.801703,-0.596185,0.042515,-0.347953,0.523358,0.777851,2e-05,0.000259,0.000139,0.006363,-0.082626,0.180805,0.403822,-0.203033,0.046127,0.387206,0.680181,0.67834,0.277851,-0.732938,0.630305,0.255834,-0.002436,-0.378519,0.925517,0.001562,0.003217,0.015457,-0.034558,-0.001171,0.008073,0.441007,-0.008169,0.041758,0.010502,-0.579245,-0.760311,0.29394,0.815151,-0.540987,0.207029,0.001612,0.359526,0.933132,0.000998,-0.003251,0.012348,-0.074067,0.007432,-0.00754,0.414307,0.118213,0.033378,-0.043104,-0.536673,0.560906,-0.630369,-0.729336,-0.684044,0.012263,-0.424322,0.466333,0.776198,5e-06,0.000143,7.8e-05,0.006356,-0.082639,0.180788,0.355465
21,0.162169,0.017219,0.397857,-0.485653,0.608131,-0.627983,-0.801694,-0.596194,0.042561,-0.34792,0.523361,0.777864,5.3e-05,0.000691,0.00037,0.0,0.0,0.0,0.403777,-0.203006,0.04606,0.387623,0.679711,0.678009,0.2798,-0.733367,0.630134,0.255026,-0.004249,-0.379397,0.92515,0.001958,-0.007205,0.024351,-0.070868,0.01125,-0.009207,0.440732,-0.008155,0.04173,0.010708,-0.578729,-0.759957,0.295866,0.815513,-0.540766,0.206178,0.003308,0.360604,0.932712,0.001005,-0.003147,0.012395,-0.074605,0.006942,-0.007223,0.413164,0.118204,0.033378,-0.043099,-0.53671,0.560889,-0.630352,-0.729327,-0.684053,0.01231,-0.42429,0.46634,0.776211,3.1e-05,0.000456,0.000246,9e-06,-3e-06,-2e-06,0.355465
22,0.162122,0.017191,0.397889,-0.48582,0.608077,-0.627907,-0.801651,-0.596239,0.042753,-0.347788,0.523373,0.777915,0.0,0.0,0.0,0.0,0.0,0.0,0.40479,-0.202969,0.045951,0.38847,0.679039,0.679371,0.278122,-0.733995,0.629295,0.255288,-0.002433,-0.37835,0.925585,0.002047,-0.006156,0.02484,-0.066091,-0.006072,0.013946,0.437866,-0.008137,0.041675,0.011131,-0.577943,-0.76129,0.293969,0.816075,-0.539866,0.206312,0.001641,0.359138,0.933282,0.000779,0.001749,0.007778,-0.047525,0.009837,0.007446,0.410878,0.11818,0.033365,-0.043082,-0.536871,0.560816,-0.63028,-0.729284,-0.684096,0.012502,-0.424161,0.466366,0.776266,-1e-06,-7e-06,-3e-06,-3e-06,5e-06,-1.5e-05,0.356118
23,0.162103,0.017139,0.397928,-0.485708,0.608127,-0.627945,-0.801763,-0.596085,0.042797,-0.347685,0.52349,0.777882,-2e-05,-0.000259,-0.000139,0.006368,-0.082574,0.180828,0.406149,-0.202953,0.045837,0.389367,0.676321,0.683979,0.273413,-0.736502,0.627766,0.251811,-0.000249,-0.372539,0.927943,0.002074,-0.005837,0.024977,0.183408,-0.306783,-0.195559,0.43799,-0.008128,0.041618,0.01159,-0.575479,-0.764749,0.289794,0.817816,-0.538232,0.203671,0.000219,0.354207,0.935166,0.001027,-0.002854,0.01252,0.285043,-0.406049,-0.21317,0.409245,0.118171,0.033339,-0.043063,-0.536891,0.560815,-0.630265,-0.729343,-0.68403,0.012634,-0.424035,0.466463,0.776276,-1.2e-05,-0.000168,-9e-05,3e-06,-4e-06,-7e-06,0.357261
24,0.162093,0.017101,0.397953,-0.485807,0.608096,-0.627898,-0.801752,-0.596088,0.042943,-0.347572,0.523522,0.777911,-6.3e-05,-0.000812,-0.000435,0.0,0.0,0.0,0.406657,-0.202932,0.045749,0.389826,0.67544,0.685473,0.271845,-0.737309,0.627105,0.251095,0.000801,-0.370901,0.928599,0.001626,0.004012,0.015758,0.212169,-0.30987,-0.172325,0.437896,-0.008118,0.041574,0.011814,-0.574591,-0.765917,0.288472,0.81844,-0.537439,0.20326,-0.000644,0.352888,0.935664,0.001013,-0.003006,0.01244,0.365278,-0.505466,-0.218892,0.408918,0.118166,0.033322,-0.04305,-0.536861,0.560836,-0.630271,-0.729406,-0.683962,0.012692,-0.423964,0.466538,0.77627,-3e-06,-0.005591,0.004433,-0.035709,0.011301,-0.019181,0.358077
25,0.162104,0.017086,0.397977,-0.48581,0.608098,-0.627894,-0.801779,-0.596048,0.043006,-0.347506,0.523566,0.777911,1.4e-05,0.000187,0.0001,0.0,0.0,0.0,0.407836,-0.202983,0.045427,0.390774,0.676651,0.68453,0.271206,-0.736198,0.629703,0.247831,-0.001976,-0.368223,0.929662,0.002199,-0.019482,0.032413,0.10083,-0.237602,-0.178218,0.437445,-0.008143,0.041423,0.012283,-0.575809,-0.765295,0.287691,0.81758,-0.540078,0.199695,0.00255,0.350196,0.936672,-0.004918,-0.004104,0.012344,0.283804,-0.392404,-0.234285,0.408592,0.118171,0.033312,-0.043038,-0.536864,0.560837,-0.630267,-0.729439,-0.683926,0.012754,-0.423904,0.466589,0.776272,8e-06,0.000123,6.5e-05,-4e-06,-7e-06,-4e-06,0.35922
26,0.162104,0.017078,0.397985,-0.485694,0.608143,-0.627941,-0.801845,-0.595963,0.042947,-0.347515,0.523611,0.777877,0.0,0.0,0.0,0.0,0.0,0.0,0.408134,-0.20305,0.045051,0.391647,0.677598,0.681619,0.276132,-0.735267,0.632864,0.242485,-0.010316,-0.368201,0.929615,0.001592,-0.011525,0.02231,-0.063692,0.011985,-0.013941,0.436797,-0.008176,0.041229,0.012732,-0.57622,-0.763382,0.291921,0.817221,-0.54292,0.193354,0.010887,0.349979,0.936693,0.000769,-0.00591,0.011089,-0.087879,0.021941,-0.006941,0.408265,0.118171,0.033309,-0.043034,-0.536753,0.560895,-0.63031,-0.729513,-0.683847,0.012694,-0.423916,0.466634,0.776238,-2e-06,-1e-06,-1e-06,-4e-06,-0.0,-1.1e-05,0.360363
27,0.162103,0.017078,0.397973,-0.485698,0.60814,-0.62794,-0.801834,-0.59598,0.04293,-0.347535,0.523595,0.777878,-0.0,-1e-06,-0.0,0.0,0.0,0.0,0.408127,-0.203168,0.044688,0.392456,0.675932,0.684007,0.274301,-0.736794,0.632329,0.239225,-0.010659,-0.364669,0.931003,0.001492,-0.012706,0.021774,-0.070367,0.021464,-0.036468,0.435093,-0.008232,0.041055,0.013119,-0.574422,-0.765532,0.289826,0.818475,-0.542217,0.189997,0.0117,0.346354,0.93803,0.000594,-0.000432,0.006724,-0.051814,0.014216,0.010012,0.406796,0.118171,0.033308,-0.04304,-0.536757,0.560892,-0.63031,-0.729499,-0.683863,0.012678,-0.423935,0.466616,0.776239,0.0,5e-06,3e-06,-3e-06,-1.2e-05,-5e-06,0.360363
28,0.162103,0.01707,0.39798,-0.485713,0.608136,-0.627933,-0.801836,-0.595974,0.04296,-0.34751,0.523606,0.777882,-0.0,-0.0,-0.0,0.0,0.0,0.0,0.40791,-0.203246,0.04459,0.392802,0.675238,0.6854,0.27253,-0.737442,0.631929,0.238283,-0.009742,-0.36274,0.931766,0.001666,-0.01068,0.022721,-0.064025,0.00253,-0.014198,0.434184,-0.008274,0.040993,0.013307,-0.573609,-0.766826,0.288009,0.819055,-0.541654,0.1891,0.010995,0.344365,0.93877,0.000823,-0.005309,0.011376,-0.086593,0.024897,-0.010066,0.405489,0.118171,0.033305,-0.043037,-0.536771,0.560886,-0.630303,-0.729503,-0.683858,0.012707,-0.423911,0.466629,0.776244,-2e-06,4e-06,4e-06,-1.5e-05,-1.4e-05,-1.3e-05,0.360363
29,0.162104,0.017078,0.397985,-0.485564,0.608191,-0.627995,-0.80191,-0.595883,0.042858,-0.347549,0.523646,0.777838,0.0,1e-06,0.0,0.0,0.0,0.0,0.40833,-0.203444,0.044541,0.393452,0.678394,0.681873,0.273535,-0.734521,0.634834,0.239579,-0.011132,-0.36431,0.931138,0.001336,0.000456,0.014042,-0.034541,-0.001007,0.008158,0.429696,-0.008374,0.040969,0.013627,-0.577169,-0.763612,0.289433,0.816534,-0.544909,0.190647,0.012135,0.346368,0.938019,-0.005149,0.00053,0.007583,-0.036622,0.014534,-0.019998,0.40206,0.118171,0.033309,-0.043034,-0.536628,0.560959,-0.63036,-0.729584,-0.683774,0.012605,-0.423953,0.466665,0.776199,-1e-06,-4e-06,-2e-06,1.1e-05,2e-06,3e-06,0.360527
30,0.162103,0.01707,0.39798,-0.485583,0.608184,-0.627987,-0.8019,-0.595894,0.042871,-0.347544,0.523641,0.777844,-1e-05,-0.000135,-7.2e-05,0.0,0.0,0.0,0.408201,-0.203653,0.044651,0.393989,0.681622,0.678292,0.274415,-0.731502,0.637981,0.240457,-0.012821,-0.365495,0.930651,0.001356,0.000649,0.014114,-0.030855,0.002253,0.020671,0.427433,-0.008475,0.04102,0.013893,-0.580763,-0.760457,0.290548,0.813958,-0.548417,0.191599,0.013639,0.347768,0.937481,-0.005125,0.000703,0.007657,0.005251,0.050476,0.119752,0.397651,0.118171,0.033305,-0.043036,-0.536646,0.56095,-0.630353,-0.729574,-0.683784,0.012618,-0.423948,0.466661,0.776205,-8e-06,-9.9e-05,-5.4e-05,-1e-05,-8e-06,-1.3e-05,0.360363
31,0.162103,0.01707,0.39798,-0.485583,0.608184,-0.627987,-0.8019,-0.595894,0.042871,-0.347544,0.523641,0.777844,-0.0,-2e-06,-1e-06,0.0,0.0,0.0,0.40778,-0.203785,0.044739,0.394227,0.680499,0.679976,0.273028,-0.732553,0.637348,0.238932,-0.012394,-0.363461,0.931453,-0.010104,0.002753,0.015914,-0.021785,-0.015316,-0.004824,0.427538,-0.008545,0.041066,0.014018,-0.579541,-0.762027,0.28887,0.814829,-0.547732,0.189846,0.013556,0.345403,0.938355,-0.005062,0.001371,0.007959,-0.044531,0.006882,-0.001858,0.396345,0.118171,0.033305,-0.043037,-0.536646,0.56095,-0.630353,-0.729574,-0.683784,0.012618,-0.423948,0.466661,0.776205,1e-06,5e-06,2e-06,-4e-06,4e-06,-6e-06,0.360363
32,0.162103,0.01707,0.39798,-0.485583,0.608184,-0.627987,-0.8019,-0.595894,0.042871,-0.347544,0.523641,0.777844,-0.0,-0.0,-0.0,0.0,0.0,0.0,0.407806,-0.204173,0.044929,0.394698,0.683862,0.676304,0.273746,-0.729383,0.640729,0.239582,-0.01422,-0.364363,0.931075,-0.010266,0.000703,0.014955,-0.036576,0.014284,-0.021044,0.421851,-0.008734,0.041165,0.01425,-0.583315,-0.758708,0.290006,0.812102,-0.551453,0.190753,0.015199,0.346785,0.93782,-0.005332,0.005563,0.002972,-0.000759,0.002735,-0.00314,0.393079,0.118171,0.033305,-0.043037,-0.536646,0.56095,-0.630353,-0.729574,-0.683784,0.012618,-0.423948,0.466661,0.776205,-1e-06,3e-06,2e-06,-5e-06,-1.6e-05,-8e-06,0.360363
33,0.162103,0.017078,0.397973,-0.485438,0.608237,-0.628048,-0.801962,-0.59582,0.042752,-0.347603,0.523665,0.777801,-0.0,-0.0,-0.0,0.0,0.0,0.0,0.407876,-0.204681,0.045038,0.395129,0.682547,0.677079,0.275109,-0.730615,0.639161,0.240018,-0.014179,-0.36568,0.930559,-0.01047,-0.001748,0.013826,-0.036574,0.01434,-0.021015,0.412102,-0.008984,0.041219,0.014465,-0.581866,-0.759329,0.291291,0.813146,-0.549767,0.191174,0.014979,0.3481,0.937337,-0.005292,-0.001411,0.006676,-0.038328,0.027484,-0.046353,0.383119,0.118171,0.033309,-0.04304,-0.536507,0.56102,-0.630409,-0.729641,-0.683715,0.012499,-0.424009,0.466678,0.776161,-1e-06,3e-06,0.0,-7e-06,-1.9e-05,-1.1e-05,0.360363
34,0.162112,0.017062,0.397976,-0.485449,0.608233,-0.628043,-0.801966,-0.595813,0.04278,-0.347579,0.523677,0.777804,-2e-06,-2.3e-05,-1.2e-05,0.0,0.0,0.0,0.407348,-0.205175,0.045091,0.395544,0.684814,0.675088,0.274365,-0.728457,0.642105,0.238715,-0.015871,-0.364194,0.931114,-0.010448,-0.00164,0.013869,-0.033578,0.010565,-0.023151,0.407562,-0.009235,0.041245,0.014673,-0.584371,-0.757682,0.290564,0.81131,-0.552962,0.189756,0.016896,0.346626,0.937851,-0.011032,-0.000691,0.007424,-0.053011,0.054074,-0.076301,0.373648,0.118175,0.0333,-0.043039,-0.536518,0.561014,-0.630404,-0.729646,-0.683709,0.012527,-0.423986,0.466693,0.776165,-2e-06,-4e-06,-2e-06,-1e-06,7e-06,-1e-06,0.360363
35,0.162103,0.01707,0.39798,-0.485452,0.608232,-0.628041,-0.801965,-0.595814,0.042782,-0.347578,0.523676,0.777805,5.3e-05,0.000686,0.000368,0.0,0.0,0.0,0.406579,-0.205447,0.04514,0.395794,0.684412,0.675316,0.274809,-0.72884,0.641531,0.239092,-0.015689,-0.364784,0.930887,-0.010265,0.000256,0.014724,-0.036523,0.014365,-0.021005,0.406497,-0.009371,0.041266,0.014796,-0.583931,-0.757816,0.291099,0.811633,-0.552317,0.190252,0.016603,0.34736,0.937584,-0.005137,0.000164,0.007387,-0.039043,0.016996,-0.020377,0.371035,0.118171,0.033303,-0.043037,-0.536521,0.561013,-0.630403,-0.729644,-0.683711,0.012529,-0.423985,0.466692,0.776166,3.5e-05,0.000466,0.000249,-3e-06,-7e-06,-6e-06,0.3602
36,0.162094,0.017071,0.397981,-0.485474,0.608225,-0.628031,-0.801954,-0.595827,0.042796,-0.347572,0.523669,0.777812,0.0,0.0,0.0,0.0,0.0,0.0,0.406437,-0.205953,0.045205,0.39634,0.681885,0.677291,0.276227,-0.731159,0.640009,0.236071,-0.017749,-0.363797,0.931236,-0.010202,0.000747,0.014933,-0.036445,0.014327,-0.021029,0.402548,-0.009624,0.0413,0.015069,-0.581099,-0.759512,0.292344,0.813615,-0.55046,0.187145,0.018785,0.346606,0.937822,-0.005106,0.000423,0.007496,-0.040887,0.018041,-0.019792,0.365646,0.118166,0.033305,-0.043036,-0.536541,0.561004,-0.630394,-0.729633,-0.683723,0.012543,-0.423978,0.466686,0.776173,-0.0,-2e-06,-1e-06,-1e-06,-0.0,-6e-06,0.359547
37,0.162066,0.017065,0.39799,-0.485423,0.608247,-0.62805,-0.801989,-0.595781,0.042781,-0.347562,0.523696,0.777798,0.0,0.0,0.0,0.0,0.0,0.0,0.4066,-0.206429,0.045137,0.396988,0.680247,0.679255,0.275443,-0.732706,0.638452,0.235489,-0.016748,-0.362869,0.931616,-0.010422,-0.001717,0.013817,-0.037416,0.02626,-0.047281,0.400458,-0.009862,0.041272,0.015396,-0.579279,-0.761274,0.291368,0.814931,-0.548736,0.186479,0.017923,0.345469,0.938258,-0.004984,-0.005409,0.011744,-0.069568,-0.053561,0.139975,0.362217,0.118152,0.033302,-0.043032,-0.536493,0.561031,-0.63041,-0.729673,-0.68368,0.012528,-0.423971,0.466715,0.77616,0.0,-1e-06,-1e-06,5e-06,1.8e-05,-2e-06,0.359547
38,0.162066,0.017065,0.39799,-0.485423,0.608247,-0.62805,-0.801989,-0.595781,0.042781,-0.347562,0.523696,0.777798,0.0,0.0,0.0,0.0,0.0,0.0,0.406685,-0.206633,0.04505,0.397285,0.678935,0.681046,0.274254,-0.733934,0.637499,0.234244,-0.016152,-0.361183,0.932282,-0.01061,-0.003702,0.012927,-0.004316,-0.016557,-0.071234,0.397959,-0.009959,0.041233,0.015541,-0.577903,-0.76285,0.289979,0.815914,-0.547747,0.185085,0.017643,0.343559,0.938965,-0.005301,-0.0017,0.006539,-0.007965,-0.017098,-0.07931,0.360095,0.118152,0.033302,-0.043032,-0.536493,0.561031,-0.63041,-0.729673,-0.68368,0.012528,-0.423971,0.466715,0.77616,0.0,-1e-06,-1e-06,5e-06,1.8e-05,-2e-06,0.359547
39,0.162074,0.017056,0.397985,-0.48542,0.608247,-0.628051,-0.80199,-0.59578,0.042779,-0.347563,0.523697,0.777797,-5e-06,-6e-05,-3.2e-05,0.0,0.0,0.0,0.408157,-0.206989,0.044785,0.397824,0.680398,0.680566,0.271809,-0.732558,0.639986,0.231755,-0.017078,-0.357663,0.933621,-0.01083,-0.005973,0.011917,0.006803,-0.028816,-0.074731,0.396598,-0.010141,0.041099,0.015816,-0.579488,-0.762592,0.287482,0.814757,-0.55034,0.182469,0.019064,0.339968,0.940243,-0.00541,-0.002838,0.006032,-0.014739,-0.016378,-0.042268,0.356502,0.118156,0.033298,-0.043034,-0.53649,0.561032,-0.630412,-0.729674,-0.683679,0.012526,-0.423973,0.466715,0.776159,-2e-06,-3.1e-05,-1.7e-05,1e-06,-5e-06,-2e-06,0.359873
40,0.162084,0.017048,0.397992,-0.485413,0.608251,-0.628053,-0.802003,-0.595762,0.042795,-0.347544,0.523714,0.777794,-0.0,-0.0,-0.0,0.0,0.0,0.0,0.407433,-0.207378,0.044607,0.39825,0.678068,0.683965,0.269083,-0.734737,0.638487,0.228975,-0.01604,-0.353833,0.935098,-0.010754,-0.005196,0.012269,-0.018472,-0.008899,-0.033943,0.396221,-0.01034,0.041003,0.016031,-0.576785,-0.765699,0.284646,0.816686,-0.54839,0.179698,0.018503,0.336113,0.941639,-0.005393,-0.002677,0.006107,-0.049116,0.022472,-0.029541,0.355359,0.118161,0.033294,-0.043031,-0.536484,0.561037,-0.630414,-0.729689,-0.683663,0.012541,-0.423955,0.466735,0.776157,-2e-06,4e-06,3e-06,-1.2e-05,-1.4e-05,-1.3e-05,0.360037
41,0.162084,0.017056,0.397996,-0.485394,0.608258,-0.628061,-0.802012,-0.59575,0.042782,-0.347549,0.523719,0.777788,3.3e-05,0.000422,0.000226,0.0,0.0,0.0,0.407733,-0.207608,0.044568,0.398425,0.67759,0.684241,0.269586,-0.73518,0.637873,0.229263,-0.015935,-0.354407,0.934882,-0.010846,-0.006129,0.011854,-0.038104,0.027176,-0.046766,0.396308,-0.010451,0.040987,0.016115,-0.576283,-0.765829,0.285313,0.817046,-0.547692,0.180191,0.018268,0.336955,0.941343,-0.005562,0.002498,0.001548,-0.008439,0.022182,-0.027407,0.354869,0.118161,0.033297,-0.043029,-0.536466,0.561046,-0.630421,-0.729699,-0.683652,0.012529,-0.42396,0.466739,0.776151,2.3e-05,0.000332,0.000179,-1e-06,-1.9e-05,-4e-06,0.360037
42,0.162075,0.017042,0.39801,-0.485314,0.60829,-0.628091,-0.802071,-0.595672,0.042767,-0.347525,0.523769,0.777765,0.0,0.0,0.0,0.0,0.0,0.0,0.407912,-0.208079,0.044552,0.398723,0.676496,0.684884,0.2707,-0.736187,0.636589,0.229602,-0.015917,-0.355478,0.934476,-0.01113,0.004699,0.002947,-0.002044,0.015205,-0.029245,0.395592,-0.010687,0.040974,0.016267,-0.575094,-0.766305,0.286431,0.817887,-0.546301,0.180598,0.018085,0.338129,0.940925,-0.005374,-0.00253,0.006176,-0.036425,0.015003,-0.019936,0.354706,0.118157,0.033291,-0.043021,-0.536389,0.561088,-0.630448,-0.729766,-0.683581,0.012514,-0.423942,0.466792,0.776129,-1e-06,-4e-06,-3e-06,1e-05,-2e-06,4e-06,0.3602
43,0.162085,0.017026,0.398024,-0.485322,0.608289,-0.628086,-0.802086,-0.595649,0.042812,-0.34748,0.523797,0.777766,0.0,0.0,0.0,0.0,0.0,0.0,0.408126,-0.208593,0.044548,0.39903,0.678741,0.682956,0.26995,-0.734079,0.639549,0.228119,-0.017698,-0.353863,0.935057,-0.011077,0.005124,0.003133,0.151658,0.0927,0.448779,0.38971,-0.010944,0.040971,0.016419,-0.577196,-0.765029,0.285611,0.816361,-0.549129,0.178916,0.019961,0.336432,0.941495,-0.005445,-0.003209,0.005875,0.409559,0.413557,1.507417,0.350297,0.118161,0.033283,-0.043015,-0.536397,0.561086,-0.630444,-0.729784,-0.683561,0.012559,-0.423901,0.466825,0.776132,0.0,-1e-06,-2e-06,-7e-06,4e-06,-8e-06,0.360527
44,0.162085,0.017018,0.398031,-0.485336,0.608285,-0.628079,-0.802088,-0.595643,0.042842,-0.347455,0.523808,0.777771,0.0,0.0,0.0,0.0,0.0,0.0,0.408422,-0.209085,0.044487,0.399319,0.675457,0.686414,0.269417,-0.737051,0.638008,0.222788,-0.019807,-0.349927,0.936494,-0.011182,0.004043,0.002651,0.089325,-0.115721,-0.068711,0.38303,-0.01119,0.040942,0.016565,-0.574121,-0.767523,0.285118,0.818452,-0.547674,0.173748,0.022796,0.333108,0.942612,-0.005514,-0.003891,0.005575,0.079902,-0.126297,-0.126707,0.342296,0.118161,0.033279,-0.043011,-0.536411,0.56108,-0.630437,-0.729788,-0.683556,0.012589,-0.423877,0.466839,0.776137,1e-06,-2e-06,-3e-06,1.7e-05,3e-06,1.6e-05,0.360527
45,0.162084,0.017011,0.398027,-0.485355,0.608278,-0.628071,-0.802079,-0.595655,0.042855,-0.34745,0.523803,0.777776,-9e-06,-0.000115,-6.2e-05,0.0,0.0,0.0,0.408796,-0.209293,0.044415,0.399468,0.674225,0.688149,0.268072,-0.738187,0.637239,0.221222,-0.019433,-0.347913,0.937252,-0.01129,0.002993,0.002186,0.05401,-0.058864,-0.070097,0.380996,-0.011298,0.040908,0.016641,-0.572614,-0.769283,0.283399,0.819509,-0.546686,0.171865,0.022717,0.330661,0.943475,-0.005652,0.001483,0.001096,0.031328,-0.035809,-0.067853,0.338377,0.118161,0.033275,-0.043013,-0.536429,0.561071,-0.63043,-0.729778,-0.683567,0.012601,-0.423871,0.466834,0.776143,-5e-06,-6.8e-05,-3.8e-05,3e-06,-4e-06,4e-06,0.360527
46,0.162083,0.017003,0.398023,-0.485374,0.608271,-0.628064,-0.80207,-0.595667,0.042868,-0.347445,0.523798,0.777782,-2e-06,-2.3e-05,-1.2e-05,0.0,0.0,0.0,0.40914,-0.209643,0.044158,0.399804,0.676774,0.684502,0.270971,-0.735727,0.640511,0.219966,-0.023836,-0.349095,0.936711,-0.011209,-0.009534,0.010364,-0.038346,0.027619,-0.046523,0.377998,-0.011469,0.040785,0.016805,-0.575406,-0.765969,0.286703,0.817427,-0.550106,0.170867,0.026838,0.332677,0.942658,-0.005619,-0.004853,0.005151,-0.039958,0.029212,-0.045348,0.333478,0.118161,0.033271,-0.043016,-0.536447,0.561061,-0.630423,-0.729767,-0.683578,0.012615,-0.423866,0.46683,0.776148,1e-06,-4e-06,-2e-06,1e-05,2.1e-05,1.1e-05,0.36118
47,0.162082,0.016995,0.398007,-0.485267,0.60831,-0.628109,-0.802113,-0.595615,0.042775,-0.347495,0.523812,0.77775,-1.5e-05,-0.000188,-0.000101,0.0,0.0,0.0,0.410149,-0.209862,0.043797,0.400114,0.677068,0.683712,0.272229,-0.735224,0.643421,0.213046,-0.03034,-0.345262,0.937943,9e-05,-0.012419,0.008233,0.290147,-0.295982,-0.272592,0.366173,-0.011582,0.040607,0.016962,-0.576488,-0.76412,0.28945,0.816406,-0.553289,0.165382,0.033778,0.33165,0.942797,0.000113,-0.005494,0.004435,0.452426,-0.227791,-0.346058,0.324824,0.11816,0.033267,-0.043023,-0.536344,0.561113,-0.630465,-0.729814,-0.68353,0.012521,-0.423916,0.466838,0.776116,-9e-06,-0.000129,-7e-05,-9e-06,-7e-06,-9e-06,0.362323
48,0.162091,0.016987,0.398003,-0.485264,0.60831,-0.628111,-0.802114,-0.595614,0.042773,-0.347496,0.523813,0.777749,-6.3e-05,-0.000811,-0.000434,0.0,0.0,0.0,0.410271,-0.209894,0.043612,0.400251,0.68048,0.679516,0.274218,-0.731878,0.647722,0.21153,-0.034726,-0.345497,0.937704,0.000157,-0.011782,0.008519,-0.032223,0.006984,-0.020253,0.355298,-0.011599,0.040511,0.017029,-0.579479,-0.761599,0.290119,0.81409,-0.557614,0.162241,0.038212,0.330199,0.943137,5e-05,-0.006107,0.004169,-0.042541,-0.0653,0.162536,0.315026,0.118165,0.033264,-0.043025,-0.536341,0.561113,-0.630467,-0.729815,-0.683529,0.01252,-0.423917,0.466839,0.776115,-4.2e-05,-0.000532,-0.000284,-8e-06,-1e-06,-8e-06,0.362486
49,0.162091,0.016979,0.39801,-0.485279,0.608306,-0.628104,-0.802116,-0.595609,0.042803,-0.34747,0.523824,0.777753,-0.0,-0.0,-0.0,0.0,0.0,0.0,0.410593,-0.209808,0.043215,0.400471,0.676095,0.683078,0.27621,-0.735452,0.647678,0.19889,-0.04388,-0.338474,0.93988,-0.000293,-0.002748,-0.001219,0.240071,-0.317781,-0.173821,0.330374,-0.011556,0.040309,0.017142,-0.575056,-0.763933,0.292771,0.816691,-0.557132,0.150394,0.048221,0.325589,0.94428,-0.000163,-0.001474,-0.000655,0.337767,-0.435129,-0.191419,0.285471,0.118165,0.033259,-0.043022,-0.536355,0.561108,-0.630459,-0.729819,-0.683524,0.012549,-0.423893,0.466852,0.77612,-2e-06,1.1e-05,8e-06,-2.9e-05,-3.5e-05,-2.6e-05,0.362813
50,0.162092,0.016994,0.398007,-0.485245,0.608317,-0.628119,-0.802123,-0.595602,0.04276,-0.347501,0.523818,0.777744,8e-06,9.8e-05,5.2e-05,0.0,0.0,0.0,0.411273,-0.209705,0.042802,0.400692,0.67875,0.679242,0.279141,-0.73244,0.653078,0.192233,-0.052573,-0.335794,0.940395,0.000129,-0.012097,0.008391,-0.022349,-0.076557,0.160012,0.301017,-0.011505,0.040099,0.017252,-0.577495,-0.761216,0.29504,0.814389,-0.562449,0.142898,0.057169,0.322801,0.944738,6.2e-05,-0.006031,0.004203,-0.039875,-0.067285,0.165506,0.24971,0.118165,0.033267,-0.043023,-0.536323,0.561123,-0.630473,-0.729826,-0.683518,0.012507,-0.423923,0.466844,0.776109,1e-06,6.1e-05,3.4e-05,-2e-06,-7e-06,-2e-06,0.363139
51,0.16211,0.016994,0.398006,-0.485202,0.608332,-0.628138,-0.802144,-0.595576,0.042731,-0.347513,0.523831,0.77773,0.0,0.0,0.0,0.0,0.0,0.0,0.411673,-0.209726,0.04249,0.400854,0.677602,0.680398,0.279117,-0.733369,0.652952,0.189096,-0.054433,-0.333691,0.941037,5.9e-05,-0.012753,0.008103,-0.037682,0.024339,-0.043492,0.271832,-0.011514,0.039949,0.017331,-0.576274,-0.762186,0.294922,0.815105,-0.562191,0.139797,0.059252,0.320954,0.945238,-4.7e-05,-0.000408,-0.000183,-0.007724,0.007271,0.002283,0.21199,0.118174,0.033266,-0.043024,-0.536282,0.561143,-0.630491,-0.729849,-0.683493,0.012478,-0.423935,0.466855,0.776095,-2e-06,-1e-06,-1e-06,-0.0,-5e-06,-1e-06,0.363792
52,0.16211,0.016994,0.398006,-0.485202,0.608332,-0.628138,-0.802144,-0.595576,0.042731,-0.347513,0.523831,0.77773,0.0,0.0,0.0,0.0,0.0,0.0,0.411554,-0.209751,0.042429,0.400902,0.676433,0.680578,0.281501,-0.734238,0.652558,0.187073,-0.05722,-0.334094,0.940728,0.000299,-0.010494,0.009108,-0.049108,0.099581,-0.195569,0.257023,-0.011528,0.039915,0.017352,-0.575088,-0.762179,0.297247,0.815743,-0.561752,0.137826,0.061931,0.321739,0.9448,-3e-06,2e-06,1e-06,-0.002305,-0.000156,0.001837,0.193538,0.118174,0.033266,-0.043024,-0.536282,0.561143,-0.630491,-0.729849,-0.683493,0.012478,-0.423936,0.466855,0.776095,-1e-06,-0.0,-1e-06,-7e-06,-0.0,-5e-06,0.364119
53,0.16211,0.016994,0.398006,-0.485202,0.608332,-0.628138,-0.802144,-0.595576,0.042731,-0.347513,0.523831,0.77773,0.0,0.0,0.0,0.0,0.0,0.0,0.41209,-0.20976,0.042399,0.40092,0.681045,0.674059,0.28603,-0.728933,0.660746,0.178898,-0.069252,-0.331189,0.940947,-4.6e-05,-0.000436,-0.000194,0.545413,0.561691,-0.273226,0.229348,-0.011532,0.039898,0.017366,-0.580394,-0.756428,0.301594,0.811018,-0.570323,0.130313,0.073434,0.320231,0.944489,-2.8e-05,-0.000253,-0.000113,1.811325,1.875185,-0.908933,0.156798,0.118174,0.033266,-0.043024,-0.536282,0.561143,-0.630491,-0.729849,-0.683493,0.012478,-0.423936,0.466855,0.776095,-1e-06,-0.0,-1e-06,-8e-06,4e-06,-7e-06,0.364446
54,0.16211,0.016994,0.398006,-0.485202,0.608332,-0.628138,-0.802144,-0.595576,0.042731,-0.347513,0.523831,0.77773,0.0,0.0,0.0,0.0,0.0,0.0,0.412423,-0.209721,0.042267,0.400857,0.68239,0.671637,0.288512,-0.726949,0.664565,0.172717,-0.07658,-0.328446,0.94134,-0.000492,-0.004624,-0.002059,0.001574,-0.001992,-0.001123,0.188534,-0.011512,0.039838,0.017337,-0.581604,-0.754228,0.304755,0.809336,-0.574234,0.123408,0.081923,0.318424,0.944401,-0.000266,-0.002509,-0.001117,-0.014747,0.005645,0.003806,0.110913,0.118174,0.033266,-0.043024,-0.536282,0.561143,-0.630491,-0.729849,-0.683493,0.012478,-0.423936,0.466855,0.776095,-1e-06,-0.0,-1e-06,-8e-06,4e-06,-7e-06,0.365099
55,0.16211,0.016994,0.398006,-0.485202,0.608332,-0.628138,-0.802144,-0.595576,0.042731,-0.347513,0.523831,0.77773,0.0,0.0,0.0,0.0,0.0,0.0,0.412646,-0.209708,0.042146,0.400801,0.68379,0.669172,0.290915,-0.724836,0.668439,0.166541,-0.083865,-0.325594,0.941711,-0.000706,-0.006637,-0.002959,0.555338,0.561683,-0.301518,0.160563,-0.011505,0.039781,0.017311,-0.583479,-0.752055,0.306537,0.807271,-0.578306,0.117792,0.088686,0.316188,0.944541,-0.000336,-0.003169,-0.001413,1.810584,1.877625,-0.899041,0.080868,0.118174,0.033266,-0.043024,-0.536282,0.561143,-0.630491,-0.729849,-0.683493,0.012478,-0.423936,0.466855,0.776095,-1e-06,-0.0,-1e-06,-8e-06,4e-06,-7e-06,0.365262
56,0.16211,0.016986,0.398013,-0.485217,0.608328,-0.62813,-0.802147,-0.595571,0.042761,-0.347487,0.523842,0.777734,0.0,0.0,0.0,0.0,0.0,0.0,0.413193,-0.20969,0.041896,0.400697,0.690088,0.662566,0.291165,-0.718086,0.67666,0.162535,-0.090188,-0.322086,0.942332,0.011053,-0.005722,-0.003419,0.003887,-0.017577,0.028046,0.128169,-0.011501,0.039648,0.017255,-0.590198,-0.74622,0.307931,0.801507,-0.587136,0.113388,0.096185,0.313731,0.944627,-0.00031,-0.002928,-0.001308,-0.013659,0.023295,-0.023543,0.023226,0.118174,0.033263,-0.04302,-0.536296,0.561137,-0.630484,-0.729852,-0.683489,0.012507,-0.423912,0.466869,0.7761,-2e-06,-0.0,-1e-06,-7e-06,-0.0,-5e-06,0.365915
57,0.16211,0.016994,0.398006,-0.485202,0.608332,-0.628138,-0.802144,-0.595576,0.042731,-0.347513,0.523831,0.77773,0.0,0.0,0.0,0.0,0.0,0.0,0.412957,-0.209709,0.041711,0.400614,0.69261,0.660475,0.289923,-0.71542,0.679979,0.160428,-0.092044,-0.319369,0.943077,-0.000524,-0.004925,-0.002205,0.001606,0.008062,-0.028322,0.11094,-0.011506,0.039558,0.017215,-0.59305,-0.744431,0.306778,0.799133,-0.590759,0.111306,0.098372,0.311167,0.945249,-0.000235,-0.002215,-0.000991,-0.014678,0.025612,-0.025391,-0.007799,0.118174,0.033266,-0.043024,-0.536282,0.561143,-0.630491,-0.729849,-0.683493,0.012477,-0.423936,0.466855,0.776095,-1e-06,0.0,-1e-06,-1e-05,-0.0,-8e-06,0.366405
58,0.16211,0.016994,0.398006,-0.485202,0.608332,-0.628138,-0.802144,-0.595576,0.042731,-0.347513,0.523831,0.77773,3.8e-05,0.000496,0.000265,0.0,0.0,0.0,0.414063,-0.209727,0.041528,0.400543,0.694501,0.657169,0.292899,-0.712914,0.683175,0.157983,-0.097143,-0.319365,0.942567,-0.000533,-0.005009,-0.002247,0.004469,0.004529,-0.002153,0.08953,-0.011515,0.039466,0.017178,-0.595159,-0.74135,0.310136,0.79692,-0.594165,0.109016,0.103453,0.312036,0.94442,-0.000315,-0.002967,-0.00133,0.00878,0.02424,-0.030933,-0.032783,0.118174,0.033265,-0.043024,-0.536282,0.561143,-0.630491,-0.729849,-0.683494,0.012478,-0.423936,0.466855,0.776095,2.5e-05,0.000334,0.000179,-9e-06,-1.3e-05,-5e-06,0.366895
