frame,MLTx,MLTy,MLTz,MLTR1,MLTR2,MLTR3,MLTR4,MLTR5,MLTR6,MLTR7,MLTR8,MLTR9,MLTTVx,MLTTVy,MLTTVz,MLTRVx,MLTRVy,MLTRVz,MLGA,MRTx,MRTy,MRTz,MRTR1,MRTR2,MRTR3,MRTR4,MRTR5,MRTR6,MRTR7,MRTR8,MRTR9,MRTTVx,MRTTVy,MRTTVz,MRTRVx,MRTRVy,MRTRVz,MRGA,SLTx,SLTy,SLTz,SLTR1,SLTR2,SLTR3,SLTR4,SLTR5,SLTR6,SLTR7,SLTR8,SLTR9,SLTTVx,SLTTVy,SLTTVz,SLTRVx,SLTRVy,SLTRVz,SLGA,SRTx,SRTy,SRTz,SRTR1,SRTR2,SRTR3,SRTR4,SRTR5,SRTR6,SRTR7,SRTR8,SRTR9,SRTTVx,SRTTVy,SRTTVz,SRTRVx,SRTRVy,SRTRVz,SRGA
1,0.23965,-0.055982,0.356119,-0.676318,0.514062,-0.527617,-0.642002,-0.762508,0.079921,-0.360392,0.392139,0.846387,-2e-06,1.8e-05,1.8e-05,0.0,0.0,0.0,0.311968,-0.23531,-0.03779,0.313306,-0.622319,-0.623933,0.472672,0.780732,-0.537285,0.318929,0.055741,0.568288,0.820856,-2.7e-05,-0.000123,-0.000145,0.043068,-0.061824,-0.037772,-0.212095,0.004108,0.038299,-0.004664,0.617917,0.625453,0.476431,-0.77184,0.597999,0.216007,-0.149803,-0.501203,0.852264,-1.3e-05,-5.3e-05,-6.1e-05,0.026363,-0.045091,-0.033209,-0.39839,0.121501,0.025772,-0.029644,0.697288,-0.51667,-0.49683,0.601126,0.799052,0.012704,0.39043,-0.307516,0.867754,-2e-06,7e-06,7e-06,5e-06,-3e-06,-3.2e-05,0.214545
2,0.239639,-0.05599,0.356112,-0.676243,0.51412,-0.527657,-0.642066,-0.76246,0.079869,-0.36042,0.392157,0.846368,2e-06,-1.8e-05,-1.8e-05,0.0,0.0,0.0,0.312368,-0.235347,-0.037855,0.313342,-0.624943,-0.622213,0.471475,0.778407,-0.541704,0.317132,0.058851,0.565969,0.82224,-4e-06,-1.7e-05,-2e-05,0.783112,0.523742,1.361988,-0.211788,0.00409,0.038266,-0.004647,0.619419,0.624706,0.475458,-0.770241,0.600711,0.214181,-0.151813,-0.498886,0.853266,1.4e-05,-0.005408,0.004306,2.554833,1.780151,4.532143,-0.398227,0.121496,0.025768,-0.029647,0.697215,-0.516735,-0.496864,0.601192,0.799003,0.012655,0.390458,-0.307534,0.867735,0.0,-6e-06,-7e-06,1e-06,-8e-06,-3.5e-05,0.215035
3,0.23964,-0.055996,0.356106,-0.67615,0.51419,-0.527708,-0.642144,-0.762401,0.079805,-0.360455,0.39218,0.846342,0.0,-1e-06,-1e-06,0.0,0.0,0.0,0.312062,-0.23535,-0.037881,0.313329,-0.627561,-0.620494,0.470262,0.776053,-0.54619,0.315202,0.062051,0.563534,0.823676,-6.7e-05,-0.000306,-0.000361,0.002,0.001118,0.003226,-0.209009,0.004088,0.038254,-0.004653,0.623077,0.62153,0.47484,-0.76645,0.606236,0.212205,-0.155974,-0.496162,0.854104,-3.2e-05,-0.000151,-0.000178,-0.001525,0.003777,0.005302,-0.397084,0.121497,0.025765,-0.029651,0.697125,-0.516814,-0.496908,0.601273,0.798944,0.012593,0.390493,-0.307557,0.86771,-2e-06,7e-06,9e-06,-1e-06,-1.1e-05,-3.7e-05,0.215035
4,0.239639,-0.05599,0.356112,-0.676134,0.514202,-0.527716,-0.642158,-0.762391,0.079794,-0.360461,0.392184,0.846338,-1.3e-05,9.1e-05,9.3e-05,0.0,0.0,0.0,0.311805,-0.235355,-0.037903,0.313302,-0.62729,-0.620571,0.470523,0.776264,-0.54597,0.315063,0.062151,0.563663,0.82358,-0.000179,-0.000816,-0.000964,-0.011457,0.097497,-0.172957,-0.208827,0.004086,0.038243,-0.004666,0.622805,0.621615,0.475087,-0.766652,0.606019,0.212097,-0.156069,-0.496322,0.853994,-9.2e-05,-0.000427,-0.000502,-0.011736,0.097932,-0.172315,-0.395941,0.121496,0.025768,-0.029647,0.69711,-0.516827,-0.496916,0.601286,0.798933,0.012583,0.3905,-0.307561,0.867706,-9e-06,5.7e-05,6e-05,9e-06,5e-06,-3e-05,0.215035
5,0.239639,-0.05599,0.356112,-0.676025,0.514285,-0.527776,-0.642249,-0.762321,0.079718,-0.360502,0.392211,0.846308,-0.0,0.0,0.0,0.0,0.0,0.0,0.312555,-0.235369,-0.037965,0.313229,-0.625909,-0.622652,0.46961,0.777378,-0.545602,0.312946,0.06214,0.561721,0.824907,-0.000346,-0.001581,-0.00187,0.000278,-0.000401,-0.000245,-0.208939,0.00408,0.038213,-0.004701,0.621607,0.623735,0.473876,-0.767627,0.605557,0.209876,-0.156052,-0.494221,0.855215,-0.000198,-0.000907,-0.001073,-0.007338,0.020297,-0.022922,-0.395614,0.121496,0.025768,-0.029647,0.697005,-0.516919,-0.496967,0.601381,0.798863,0.012512,0.390542,-0.307588,0.867678,-0.0,-1e-06,-1e-06,1.3e-05,-1e-05,-2.7e-05,0.215198
6,0.23964,-0.055996,0.356106,-0.675932,0.514355,-0.527827,-0.642328,-0.762262,0.079654,-0.360537,0.392234,0.846282,1e-06,-9e-06,-1e-05,0.0,0.0,0.0,0.313044,-0.235369,-0.038022,0.313161,-0.625353,-0.622809,0.470143,0.77781,-0.545151,0.312662,0.062346,0.561986,0.824711,-0.000351,-0.001603,-0.001897,0.0,-0.0,-0.0,-0.207656,0.004079,0.038185,-0.004734,0.621053,0.6239,0.474385,-0.768034,0.605117,0.209655,-0.156255,-0.494551,0.854986,-9.3e-05,-0.000428,-0.000505,6.7e-05,0.000211,0.000413,-0.395288,0.121497,0.025765,-0.029651,0.696915,-0.516998,-0.497011,0.601462,0.798803,0.012451,0.390578,-0.307611,0.867653,0.0,-0.0,1e-06,1.4e-05,1e-05,-2.6e-05,0.215525
7,0.23964,-0.055996,0.356106,-0.675932,0.514355,-0.527827,-0.642328,-0.762262,0.079654,-0.360537,0.392234,0.846282,0.0,-0.0,-0.0,0.0,0.0,0.0,0.31293,-0.235386,-0.038044,0.313136,-0.625063,-0.622891,0.47042,0.778034,-0.544915,0.312513,0.062453,0.562124,0.824609,-0.000274,-0.001253,-0.001484,0.0,-0.0,-0.0,-0.203093,0.004071,0.038173,-0.004749,0.620736,0.624017,0.474644,-0.768267,0.604876,0.2095,-0.15637,-0.494698,0.854881,-0.000166,-0.000763,-0.000904,0.000148,8.3e-05,0.00031,-0.393655,0.121497,0.025765,-0.029651,0.696915,-0.516998,-0.497011,0.601462,0.798803,0.012451,0.390578,-0.307611,0.867653,-1e-06,4e-06,5e-06,-0.0,-8e-06,-3.4e-05,0.215688
8,0.23964,-0.055996,0.356106,-0.675932,0.514355,-0.527827,-0.642328,-0.762262,0.079654,-0.360537,0.392234,0.846282,0.0,-0.0,-0.0,0.0,0.0,0.0,0.313048,-0.235389,-0.038069,0.313122,-0.62448,-0.623052,0.470981,0.778487,-0.544427,0.312237,0.062649,0.562419,0.824393,-6e-06,-2.7e-05,-3.2e-05,0.0,-0.0,-0.0,-0.200713,0.004069,0.038158,-0.004758,0.620129,0.624242,0.475143,-0.768716,0.604401,0.209223,-0.156572,-0.494996,0.854671,7e-06,3.1e-05,3.6e-05,0.000108,4.5e-05,0.000198,-0.389736,0.121497,0.025765,-0.02965,0.696915,-0.516998,-0.497011,0.601462,0.798803,0.012451,0.390578,-0.307611,0.867653,-3e-06,3e-06,5e-06,-0.0,-6e-06,-3.5e-05,0.215851
9,0.239629,-0.055997,0.356106,-0.675731,0.514507,-0.527935,-0.642497,-0.762134,0.079515,-0.360611,0.392283,0.846228,0.0,-0.0,-0.0,0.0,0.0,0.0,0.312791,-0.235403,-0.038087,0.313117,-0.626578,-0.621489,0.470258,0.776523,-0.548472,0.310039,0.066014,0.560209,0.825634,-0.000178,-0.000812,-0.000962,0.001408,-0.002042,-0.001246,-0.196499,0.004062,0.038152,-0.004757,0.622171,0.622609,0.474616,-0.766375,0.608197,0.206793,-0.159909,-0.492395,0.855555,-0.000116,-0.00053,-0.000628,-0.022033,0.107094,-0.170235,-0.38745,0.121491,0.025764,-0.029651,0.696722,-0.517169,-0.497104,0.601636,0.798674,0.01232,0.390653,-0.30766,0.867602,-3e-06,3e-06,5e-06,-0.0,-1.3e-05,-3.7e-05,0.216014
10,0.23964,-0.055996,0.356106,-0.675713,0.51452,-0.527946,-0.642511,-0.762123,0.079503,-0.360619,0.392288,0.846222,0.0,-0.0,-0.0,0.0,0.0,0.0,0.312758,-0.235392,-0.038104,0.313128,-0.625475,-0.62349,0.469076,0.777425,-0.548282,0.308109,0.065859,0.558167,0.827028,-0.0,-0.0,-0.0,0.013688,-0.019875,-0.012124,-0.186813,0.004068,0.038142,-0.004753,0.621279,0.624642,0.473111,-0.767129,0.607954,0.204704,-0.159763,-0.490116,0.85689,2e-06,1e-05,1.1e-05,-0.006817,0.00058,-0.007252,-0.381898,0.121497,0.025765,-0.02965,0.696705,-0.517183,-0.497114,0.601651,0.798663,0.012308,0.390662,-0.307665,0.867596,-3e-06,3e-06,3e-06,-2e-06,-1.4e-05,-3.7e-05,0.216014
11,0.239639,-0.05599,0.356112,-0.675697,0.514532,-0.527954,-0.642525,-0.762112,0.079492,-0.360625,0.392292,0.846218,-3e-06,2.5e-05,2.5e-05,0.0,0.0,0.0,0.312851,-0.235402,-0.038098,0.313136,-0.625473,-0.623491,0.469077,0.777427,-0.54828,0.308107,0.065859,0.558168,0.827027,2.2e-05,9.8e-05,0.000116,0.0002,-0.000291,-0.000177,-0.177661,0.004063,0.038145,-0.004749,0.621268,0.624539,0.47326,-0.767146,0.607874,0.20488,-0.159727,-0.490345,0.856766,1.4e-05,6.4e-05,7.8e-05,-0.004985,0.005422,0.001833,-0.374876,0.121496,0.025768,-0.029647,0.69669,-0.517196,-0.497122,0.601665,0.798653,0.012298,0.390668,-0.307669,0.867592,-3e-06,1e-05,1.1e-05,1e-06,-1.2e-05,-3.4e-05,0.216014
12,0.239629,-0.055997,0.356106,-0.675622,0.51459,-0.527994,-0.642588,-0.762064,0.07944,-0.360652,0.39231,0.846198,1e-06,-8e-06,-8e-06,0.0,0.0,0.0,0.313167,-0.235413,-0.038097,0.313137,-0.625349,-0.623528,0.469194,0.777523,-0.54818,0.308045,0.065904,0.558226,0.826984,0.0,0.0,0.0,0.0,-0.0,-0.0,-0.176797,0.004057,0.038146,-0.004748,0.621151,0.624547,0.473405,-0.767231,0.607771,0.204867,-0.159773,-0.490464,0.856689,-1e-06,-2e-06,-1e-06,5.6e-05,0.000157,0.000303,-0.368181,0.121491,0.025764,-0.029651,0.696617,-0.517261,-0.497156,0.601731,0.798604,0.012249,0.390696,-0.307687,0.867573,1e-06,-1e-06,0.0,1.8e-05,1e-05,-2.5e-05,0.216014
13,0.23964,-0.055996,0.356106,-0.675495,0.514685,-0.528065,-0.642695,-0.761983,0.079352,-0.360701,0.392342,0.846162,0.0,-0.0,-0.0,0.0,0.0,0.0,0.312808,-0.235402,-0.038106,0.313143,-0.62504,-0.623614,0.469492,0.777763,-0.547914,0.307909,0.066001,0.558391,0.826865,0.0,0.0,0.0,0.0,-0.0,-0.0,-0.174009,0.004063,0.038141,-0.004746,0.620831,0.624663,0.47367,-0.767469,0.607516,0.204732,-0.159874,-0.490631,0.856574,-2e-06,-1e-06,1e-06,9.8e-05,4.1e-05,0.000186,-0.366222,0.121497,0.025765,-0.02965,0.696494,-0.517367,-0.497217,0.60184,0.798523,0.012165,0.390746,-0.307719,0.867539,-2e-06,3e-06,4e-06,3e-06,-1.1e-05,-3.4e-05,0.216014
14,0.23964,-0.055996,0.356106,-0.675495,0.514685,-0.528065,-0.642695,-0.761983,0.079352,-0.360701,0.392342,0.846162,0.0,-0.0,-0.0,0.0,0.0,0.0,0.313438,-0.235402,-0.038098,0.313136,-0.624838,-0.623673,0.46968,0.777917,-0.547765,0.307785,0.066093,0.55847,0.826805,0.0,0.0,0.0,0.0,-0.0,-0.0,-0.170652,0.004063,0.038145,-0.004749,0.620621,0.624745,0.473837,-0.767619,0.607369,0.204606,-0.159967,-0.49071,0.856512,-1e-06,-1e-06,1e-06,8.6e-05,4.1e-05,0.000157,-0.363773,0.121497,0.025765,-0.02965,0.696494,-0.517367,-0.497217,0.60184,0.798523,0.012165,0.390746,-0.307719,0.867539,-2e-06,3e-06,4e-06,3e-06,-1.1e-05,-3.4e-05,0.216178
15,0.23964,-0.055996,0.356106,-0.675386,0.514767,-0.528124,-0.642787,-0.761914,0.079276,-0.360742,0.392369,0.846132,0.0,-0.0,-0.0,0.0,0.0,0.0,0.313074,-0.235403,-0.038087,0.313117,-0.628209,-0.620058,0.469971,0.774899,-0.55214,0.307582,0.06955,0.558183,0.826715,-2e-06,-7e-06,-9e-06,0.779191,0.509959,1.370658,-0.167568,0.004062,0.038151,-0.004759,0.623447,0.621331,0.474616,-0.764663,0.611173,0.204346,-0.163106,-0.49032,0.856143,-2e-06,2e-06,3e-06,0.787392,0.532149,1.381583,-0.360017,0.121497,0.025765,-0.02965,0.696389,-0.51746,-0.497269,0.601935,0.798453,0.012094,0.390788,-0.307746,0.867511,-2e-06,3e-06,4e-06,3e-06,-1e-05,-3.5e-05,0.216341
16,0.239662,-0.055987,0.356113,-0.675333,0.514804,-0.528155,-0.642829,-0.761881,0.079241,-0.360764,0.392383,0.846116,0.015227,0.001797,0.000408,0.000984,-0.014715,0.029553,0.312838,-0.23539,-0.038099,0.313135,-0.628011,-0.620111,0.470166,0.775057,-0.551951,0.307525,0.069588,0.558311,0.826625,1e-05,4.4e-05,5.2e-05,0.0,-0.0,-0.0,-0.149948,0.004068,0.038145,-0.00475,0.623555,0.621061,0.474827,-0.764505,0.611391,0.204283,-0.163433,-0.49039,0.856041,6e-06,2.4e-05,3e-05,-2e-05,-4.9e-05,-2e-05,-0.350219,0.121502,0.025769,-0.029647,0.696356,-0.517487,-0.497286,0.601964,0.798431,0.012072,0.390802,-0.307755,0.867501,-4e-06,2.1e-05,2.2e-05,-4e-06,-1.4e-05,-3.6e-05,0.216341
17,0.239673,-0.055981,0.356133,-0.675295,0.514829,-0.528179,-0.642869,-0.761848,0.079238,-0.360764,0.392414,0.846102,-1.8e-05,0.000127,0.00013,0.0,0.0,0.0,0.311687,-0.235421,-0.038071,0.313152,-0.627697,-0.620207,0.47046,0.7753,-0.551711,0.307343,0.069721,0.558442,0.826526,1.6e-05,7.5e-05,8.9e-05,0.0,-0.0,-0.0,-0.14467,0.004053,0.038159,-0.00474,0.623224,0.621195,0.475087,-0.764747,0.611151,0.204099,-0.163564,-0.490521,0.855941,-0.007619,0.000677,0.000912,-0.002055,0.015193,-0.029273,-0.338952,0.121513,0.025773,-0.029637,0.696302,-0.51753,-0.497317,0.60202,0.798389,0.012059,0.390812,-0.307792,0.867484,-1e-05,7e-05,7.2e-05,1.4e-05,9e-06,-2e-05,0.215525
18,0.239661,-0.055982,0.356133,-0.675314,0.514817,-0.528168,-0.642854,-0.76186,0.07925,-0.360756,0.392409,0.846108,-0.0,2e-06,2e-06,0.0,0.0,0.0,0.31172,-0.235433,-0.03807,0.313154,-0.627573,-0.620243,0.470576,0.775395,-0.551611,0.30728,0.069766,0.5585,0.826483,0.0,1e-06,2e-06,0.0,-0.0,-0.0,-0.144837,0.004047,0.03816,-0.00474,0.623094,0.621246,0.47519,-0.764843,0.611052,0.204036,-0.163609,-0.490579,0.855898,-2e-06,-1.1e-05,-1.2e-05,-2.3e-05,-1.6e-05,-1.5e-05,-0.33732,0.121507,0.025772,-0.029637,0.69632,-0.517516,-0.497307,0.602004,0.798401,0.012071,0.390804,-0.307787,0.867489,1e-06,-9e-06,-9e-06,-0.00438,0.076541,-0.183553,0.215525
19,0.239651,-0.05599,0.356126,-0.675239,0.514874,-0.528208,-0.642918,-0.761811,0.079198,-0.360783,0.392427,0.846088,1e-06,-8e-06,-8e-06,0.0,0.0,0.0,0.311173,-0.235431,-0.038072,0.313167,-0.631134,-0.616544,0.470674,0.772196,-0.556098,0.30725,0.073091,0.558142,0.826437,6.7e-05,0.000306,0.000363,0.02107,0.013754,0.036995,-0.128493,0.004048,0.038158,-0.004734,0.62642,0.617385,0.47585,-0.761407,0.615356,0.203948,-0.166903,-0.490073,0.855553,3.4e-05,0.000164,0.000196,0.021437,0.012482,0.037439,-0.331114,0.121502,0.025768,-0.02964,0.696247,-0.51758,-0.497341,0.60207,0.798352,0.012022,0.390832,-0.307805,0.86747,2e-06,-2e-06,-2e-06,8e-06,3e-06,-2.6e-05,0.214871
20,0.239673,-0.055981,0.356133,-0.675186,0.514911,-0.528238,-0.642961,-0.761779,0.079163,-0.360805,0.392441,0.846072,-0.000104,0.000752,0.000769,0.0,0.0,0.0,0.310438,-0.235433,-0.038062,0.313147,-0.631034,-0.616578,0.470764,0.772271,-0.556046,0.307155,0.073164,0.558156,0.826422,-1e-06,-4e-06,-5e-06,0.0,0.0,0.0,-0.111622,0.004047,0.038163,-0.004744,0.626325,0.617431,0.475915,-0.76147,0.61531,0.203851,-0.166972,-0.490072,0.85554,-1e-06,-1e-06,-2e-06,-5.2e-05,-6.4e-05,-0.000102,-0.310866,0.121507,0.02577,-0.029639,0.696109,-0.5177,-0.49741,0.602194,0.79826,0.011928,0.390888,-0.307841,0.867432,-8.3e-05,0.000599,0.000614,-5e-06,1e-05,-3.3e-05,0.214381
21,0.239672,-0.055975,0.356139,-0.675171,0.514923,-0.528247,-0.642974,-0.761769,0.079152,-0.360811,0.392445,0.846068,-4.1e-05,0.000296,0.000303,0.0,0.0,0.0,0.310906,-0.235434,-0.038059,0.313134,-0.631029,-0.616582,0.470766,0.772273,-0.556056,0.307131,0.073184,0.558141,0.82643,-5.7e-05,-0.00026,-0.000308,0.0,-0.0,-0.0,-0.11036,0.004047,0.038165,-0.00475,0.626318,0.617437,0.475916,-0.761472,0.615317,0.203825,-0.16699,-0.490056,0.855545,-3.7e-05,-0.000169,-0.000201,-4.6e-05,-2.1e-05,-8.7e-05,-0.306294,0.121512,0.025775,-0.029634,0.696182,-0.517635,-0.497376,0.602128,0.798309,0.011978,0.39086,-0.307823,0.867451,-2.6e-05,0.000187,0.000192,-3e-06,-1.6e-05,-2.7e-05,0.214055
22,0.239649,-0.055985,0.356146,-0.67511,0.514969,-0.52828,-0.643035,-0.76172,0.079132,-0.360817,0.39248,0.846049,-0.0,0.0,0.0,0.0,0.0,0.0,0.310779,-0.235434,-0.038067,0.31314,-0.630913,-0.616614,0.470879,0.772365,-0.555949,0.307093,0.073209,0.558213,0.826379,-0.0,-0.0,-0.0,0.0,0.0,0.0,-0.11012,0.004047,0.03816,-0.004747,0.626195,0.617484,0.476016,-0.761568,0.61521,0.203788,-0.167014,-0.49013,0.855498,3e-06,4e-06,7e-06,-3.7e-05,-7e-06,-7.1e-05,-0.303518,0.121501,0.025771,-0.02963,0.696123,-0.517687,-0.497405,0.60219,0.798262,0.011961,0.390867,-0.307859,0.867435,3e-06,-8e-06,-8e-06,3.1e-05,2e-05,-6e-06,0.214055
23,0.239649,-0.055985,0.356146,-0.675001,0.515052,-0.528339,-0.643127,-0.76165,0.079056,-0.360858,0.392507,0.846019,-0.0,0.0,0.0,0.0,0.0,0.0,0.309314,-0.235444,-0.038053,0.313142,-0.630815,-0.616646,0.470968,0.77244,-0.555885,0.307022,0.073263,0.558242,0.826355,3e-06,1.2e-05,1.4e-05,0.0,0.0,0.0,-0.110037,0.004042,0.038168,-0.004746,0.626092,0.617528,0.476095,-0.761641,0.615144,0.203716,-0.167067,-0.490158,0.855472,2e-06,2e-06,4e-06,-3.2e-05,-6e-06,-5.8e-05,-0.302702,0.121501,0.025771,-0.02963,0.696018,-0.517779,-0.497456,0.602285,0.798192,0.01189,0.39091,-0.307886,0.867406,5e-06,-5e-06,-8e-06,2e-05,2.9e-05,-1.2e-05,0.213239
24,0.23967,-0.055964,0.356165,-0.674916,0.515112,-0.528387,-0.643196,-0.761598,0.078999,-0.360891,0.392529,0.845994,-0.000148,0.001066,0.001091,0.0,0.0,0.0,0.309314,-0.235468,-0.038048,0.313131,-0.630669,-0.616693,0.471103,0.772553,-0.555782,0.306925,0.073334,0.558293,0.826314,-0.0,-2e-06,-2e-06,0.0,0.0,0.0,-0.109921,0.004029,0.03817,-0.004752,0.625938,0.617593,0.476213,-0.761752,0.615039,0.203618,-0.167137,-0.490209,0.855429,2e-06,2e-06,6e-06,-2.4e-05,-1.6e-05,-5e-05,-0.302212,0.121512,0.025779,-0.029623,0.695937,-0.517847,-0.497498,0.602356,0.798139,0.011835,0.390944,-0.307908,0.867383,-8.3e-05,0.000615,0.000628,0.000639,-0.011093,0.026577,0.212585
25,0.239647,-0.055966,0.356165,-0.674953,0.515087,-0.528365,-0.643167,-0.76162,0.079024,-0.360875,0.392519,0.846006,-2e-06,1.3e-05,1.4e-05,0.0,0.0,0.0,0.308652,-0.235468,-0.038056,0.313138,-0.630553,-0.616725,0.471216,0.772645,-0.555674,0.306888,0.073359,0.558364,0.826263,-0.0,-0.0,-0.0,-0.011458,0.097495,-0.172958,-0.109814,0.004029,0.038166,-0.004748,0.625927,0.617595,0.476225,-0.761764,0.615018,0.203635,-0.167123,-0.490232,0.855418,3e-06,3e-06,7e-06,-2.4e-05,-1.1e-05,-5.1e-05,-0.302212,0.1215,0.02578,-0.02962,0.695973,-0.517818,-0.497478,0.602325,0.798162,0.011859,0.390928,-0.307897,0.867394,1e-06,-6e-06,-5e-06,-1e-06,-2e-06,-1.4e-05,0.212259
26,0.239635,-0.055969,0.356178,-0.674749,0.51524,-0.528477,-0.643347,-0.76148,0.078905,-0.360936,0.39259,0.845947,-0.0,1e-06,1e-06,0.0,0.0,0.0,0.30705,-0.23547,-0.038038,0.313112,-0.630463,-0.616758,0.471292,0.77271,-0.555645,0.306776,0.073447,0.558357,0.826261,-0.000107,0.010711,-0.008738,0.036067,-0.014329,0.016289,-0.107044,0.004029,0.038171,-0.004758,0.62571,0.617685,0.476392,-0.761917,0.614878,0.203484,-0.167234,-0.490294,0.855361,-1.6e-05,-8.3e-05,-9.5e-05,-2.6e-05,-1.8e-05,-4.3e-05,-0.300742,0.121494,0.025779,-0.029614,0.695776,-0.517989,-0.497576,0.602512,0.798023,0.011749,0.390991,-0.30797,0.86734,4e-06,-1.1e-05,-9e-06,3.2e-05,2.9e-05,6e-06,0.210952
27,0.239658,-0.055966,0.356178,-0.674603,0.515347,-0.528558,-0.643468,-0.761388,0.078805,-0.360993,0.392627,0.845906,-0.0,0.0,0.0,0.0,0.0,0.0,0.306165,-0.235472,-0.038033,0.313086,-0.630453,-0.616766,0.471296,0.772715,-0.555666,0.306727,0.073486,0.558328,0.826277,-1e-05,-4.4e-05,-5.3e-05,0.0,0.0,0.0,-0.104189,0.004027,0.038178,-0.004775,0.625711,0.617692,0.476383,-0.761905,0.614915,0.203416,-0.167287,-0.490239,0.855382,-3e-06,-1.4e-05,-1.7e-05,-2.2e-05,-8e-06,-3e-05,-0.298293,0.121505,0.02578,-0.029614,0.695635,-0.51811,-0.497647,0.602636,0.79793,0.011654,0.39105,-0.308007,0.867301,5e-06,-7e-06,-8e-06,3.8e-05,4.3e-05,8e-06,0.209156
28,0.239647,-0.055968,0.356178,-0.674621,0.515335,-0.528547,-0.643453,-0.761399,0.078817,-0.360985,0.392622,0.845912,-0.0,0.0,0.0,0.0,0.0,0.0,0.305703,-0.235484,-0.038032,0.313087,-0.63033,-0.616803,0.471413,0.772811,-0.555567,0.306664,0.073532,0.558386,0.826234,-0.0,-1e-06,-1e-06,0.0,0.0,0.0,-0.104196,0.004022,0.038178,-0.004774,0.625581,0.617744,0.476486,-0.762002,0.614817,0.203353,-0.167332,-0.490297,0.85534,2e-06,9e-06,9e-06,-2.3e-05,2e-06,-3.6e-05,-0.297313,0.1215,0.025779,-0.029614,0.695653,-0.518096,-0.497637,0.602621,0.797941,0.011665,0.391042,-0.308002,0.867306,6e-06,-6e-06,-6e-06,2.8e-05,3.2e-05,3e-06,0.208503
29,0.239635,-0.055969,0.356178,-0.67453,0.515404,-0.528595,-0.64353,-0.761341,0.078754,-0.361018,0.392644,0.845887,-0.0,0.0,0.0,0.0,0.0,0.0,0.306025,-0.235507,-0.038022,0.313083,-0.630305,-0.616814,0.471432,0.772829,-0.555561,0.30663,0.073558,0.55838,0.826235,-0.0,-0.0,-0.0,0.0,0.0,0.0,-0.103833,0.00401,0.038183,-0.004776,0.625555,0.617757,0.476503,-0.762017,0.614809,0.203317,-0.167358,-0.49029,0.855339,4e-06,4e-06,8e-06,-2.7e-05,2e-06,-3.3e-05,-0.29666,0.121494,0.025779,-0.029614,0.695565,-0.518173,-0.497678,0.6027,0.797882,0.011606,0.391075,-0.308024,0.867283,6e-06,-6e-06,-5e-06,3.6e-05,2.1e-05,7e-06,0.208176
30,0.239647,-0.055968,0.356178,-0.674403,0.515499,-0.528666,-0.643636,-0.76126,0.078666,-0.361067,0.392676,0.845852,-0.0,0.0,0.0,0.0,0.0,0.0,0.30618,-0.235509,-0.038017,0.313057,-0.63383,-0.61311,0.471536,0.769613,-0.560063,0.306527,0.076942,0.557955,0.826214,-3.1e-05,-0.000141,-0.000167,0.0,0.0,0.0,-0.097638,0.004009,0.038186,-0.004789,0.628855,0.613891,0.477155,-0.758551,0.619134,0.203156,-0.170708,-0.489703,0.855013,-1.6e-05,-7.9e-05,-9.5e-05,-3.3e-05,-0.000426,-7e-05,-0.293231,0.1215,0.025779,-0.029614,0.695442,-0.51828,-0.49774,0.60281,0.797801,0.011523,0.391125,-0.308056,0.867249,7e-06,-6e-06,-6e-06,4.7e-05,3.7e-05,1.3e-05,0.20785
31,0.239647,-0.055968,0.356178,-0.674293,0.515581,-0.528725,-0.643728,-0.76119,0.07859,-0.361108,0.392703,0.845822,-0.0,0.0,0.0,0.0,0.0,0.0,0.30554,-0.235522,-0.038013,0.313045,-0.633702,-0.613152,0.471655,0.769712,-0.559975,0.306439,0.077008,0.557998,0.826179,-0.0,-1e-06,-1e-06,0.0,0.0,0.0,-0.097469,0.004003,0.038187,-0.004795,0.628718,0.613953,0.477256,-0.75865,0.619041,0.203067,-0.170768,-0.489743,0.854978,3e-06,1e-05,1e-05,-6.4e-05,-1.4e-05,-8.6e-05,-0.290455,0.1215,0.025779,-0.029614,0.695337,-0.518372,-0.497791,0.602904,0.79773,0.011451,0.391167,-0.308083,0.86722,7e-06,-5e-06,-6e-06,5e-05,3.2e-05,1.4e-05,0.207523
32,0.239635,-0.055969,0.356178,-0.674311,0.515569,-0.528714,-0.643713,-0.761201,0.078603,-0.3611,0.392698,0.845827,-0.0,0.0,0.0,0.0,0.0,0.0,0.304749,-0.235521,-0.037999,0.313046,-0.633728,-0.613146,0.471627,0.769691,-0.56001,0.30643,0.077016,0.557969,0.826198,7e-06,3.1e-05,3.7e-05,0.0,0.0,0.0,-0.097155,0.004003,0.038195,-0.004794,0.628744,0.613945,0.477232,-0.758627,0.619072,0.203058,-0.170775,-0.489713,0.854994,4e-06,1.9e-05,2e-05,-4.1e-05,-1.9e-05,-7.4e-05,-0.290129,0.121494,0.025779,-0.029614,0.695354,-0.518358,-0.497781,0.602889,0.797742,0.011463,0.391159,-0.308078,0.867226,7e-06,-6e-06,-6e-06,4.3e-05,2.8e-05,1e-05,0.207197
33,0.239634,-0.055963,0.356184,-0.674186,0.515663,-0.528782,-0.643818,-0.761122,0.078516,-0.361147,0.392728,0.845793,0.01522,0.001833,0.000446,0.005383,-0.091227,0.213089,0.303144,-0.235497,-0.037987,0.313043,-0.633472,-0.613224,0.471869,0.769889,-0.55982,0.306277,0.077131,0.558074,0.826116,0.0,0.0,0.0,0.0,0.0,0.0,-0.097075,0.004015,0.038201,-0.004795,0.628475,0.614055,0.477446,-0.758825,0.618882,0.202903,-0.170889,-0.489818,0.854912,-2e-06,-5e-06,-8e-06,-4e-05,-2.1e-05,-6.2e-05,-0.289475,0.121488,0.025781,-0.029611,0.695357,-0.518357,-0.497778,0.602888,0.797743,0.011464,0.391157,-0.308076,0.867227,-2e-06,4e-05,4.1e-05,1.8e-05,1.6e-05,0.0,0.205401
34,0.239645,-0.055955,0.356191,-0.674152,0.515687,-0.528802,-0.643846,-0.7611,0.078493,-0.36116,0.392738,0.845783,-3.9e-05,0.000284,0.00029,0.0,0.0,0.0,0.3011,-0.235498,-0.037985,0.31303,-0.633362,-0.61326,0.471971,0.769974,-0.559746,0.306199,0.07719,0.558109,0.826087,-2.2e-05,-9.8e-05,-0.000116,0.0,0.0,0.0,-0.097056,0.004015,0.038202,-0.004802,0.628359,0.614104,0.477536,-0.758908,0.618805,0.202823,-0.170947,-0.489852,0.85488,-5.2e-05,0.005364,-0.004363,0.036031,-0.014343,0.016234,-0.289149,0.121499,0.025785,-0.029608,0.695201,-0.518491,-0.497857,0.603026,0.79764,0.011359,0.391221,-0.308118,0.867184,-2.2e-05,0.000178,0.000183,9e-06,-4e-06,-5e-06,0.203114
35,0.239634,-0.055957,0.356191,-0.67417,0.515675,-0.528791,-0.643832,-0.761112,0.078506,-0.361153,0.392732,0.845789,-1e-06,4e-06,4e-06,0.0,0.0,0.0,0.300579,-0.235498,-0.037977,0.313024,-0.633372,-0.613259,0.471958,0.769964,-0.559769,0.306182,0.077204,0.558087,0.8261,-0.0,-1e-06,-1e-06,0.0,0.0,0.0,-0.097565,0.004015,0.038202,-0.004802,0.628359,0.614104,0.477536,-0.758908,0.618805,0.202824,-0.170947,-0.489852,0.85488,-0.0,3e-06,2e-06,-2.7e-05,-1.2e-05,-5.6e-05,-0.289312,0.121493,0.025785,-0.029608,0.695219,-0.518477,-0.497847,0.603011,0.797651,0.011371,0.391213,-0.308112,0.867189,-0.007612,-0.000885,-0.000191,-0.000973,0.014725,-0.029556,0.202135
36,0.239599,-0.055962,0.356203,-0.674112,0.51572,-0.528821,-0.643891,-0.761063,0.078487,-0.361156,0.392766,0.845771,-1.1e-05,7.7e-05,7.9e-05,0.0,0.0,0.0,0.300658,-0.235508,-0.037978,0.313038,-0.633254,-0.613293,0.472072,0.770059,-0.55966,0.306144,0.07723,0.558159,0.826049,1.1e-05,5.1e-05,6.1e-05,0.0,0.0,0.0,-0.097644,0.00401,0.038205,-0.004798,0.628245,0.61415,0.477626,-0.758994,0.618719,0.202768,-0.170986,-0.489903,0.854843,5e-06,2.3e-05,2.5e-05,-2.8e-05,-1.2e-05,-4.9e-05,-0.289639,0.121476,0.025782,-0.029601,0.695162,-0.518527,-0.497873,0.603072,0.797605,0.011355,0.391218,-0.308147,0.867174,-1e-06,3.8e-05,4.1e-05,2.6e-05,2.1e-05,9e-06,0.201155
37,0.239598,-0.055956,0.35621,-0.674096,0.515732,-0.52883,-0.643904,-0.761053,0.078476,-0.361162,0.39277,0.845767,-0.0,2e-06,2e-06,0.0,0.0,0.0,0.300792,-0.235511,-0.037973,0.313012,-0.633138,-0.613333,0.472176,0.770146,-0.559596,0.306041,0.077309,0.55818,0.826028,-0.000189,-0.000863,-0.001023,0.0,0.0,0.0,-0.09658,0.004009,0.03821,-0.004809,0.628123,0.614204,0.477717,-0.759077,0.618651,0.202663,-0.171064,-0.489921,0.854817,-0.000128,-0.000579,-0.000688,-2e-05,-6e-06,-4.5e-05,-0.289312,0.121476,0.025786,-0.029598,0.695147,-0.51854,-0.49788,0.603086,0.797595,0.011345,0.391225,-0.308151,0.86717,4e-06,-1e-05,-9e-06,2.1e-05,2.6e-05,7e-06,0.200828
38,0.239622,-0.055959,0.356204,-0.673966,0.515827,-0.528902,-0.644012,-0.760971,0.078387,-0.361213,0.392803,0.84573,0.0,-1e-06,-1e-06,0.0,0.0,0.0,0.300465,-0.235502,-0.037961,0.312978,-0.633156,-0.613333,0.472151,0.770127,-0.559654,0.305984,0.077357,0.558121,0.826063,-1.4e-05,-6.3e-05,-7.4e-05,0.0,0.0,0.0,-0.096817,0.004013,0.038213,-0.004829,0.628142,0.614202,0.477694,-0.75905,0.618703,0.202604,-0.171111,-0.489858,0.854844,-4e-06,-1.7e-05,-2.2e-05,-1.6e-05,-3e-06,-3.3e-05,-0.288496,0.121487,0.025783,-0.029601,0.695022,-0.518648,-0.497944,0.603197,0.797512,0.01126,0.391277,-0.308184,0.867135,1e-06,1e-06,1e-06,8e-06,1.2e-05,-3e-06,0.200828
39,0.239622,-0.055959,0.356204,-0.673966,0.515827,-0.528902,-0.644012,-0.760971,0.078387,-0.361213,0.392803,0.84573,0.0,-0.0,-0.0,0.0,0.0,0.0,0.300457,-0.235514,-0.037966,0.312973,-0.633018,-0.613376,0.472282,0.770236,-0.559543,0.305913,0.077408,0.558186,0.826014,-7.9e-05,-0.000361,-0.000428,0.0,0.0,0.0,-0.096288,0.004007,0.038212,-0.00483,0.627997,0.614261,0.477809,-0.759159,0.618592,0.202533,-0.171162,-0.489924,0.854797,-0.007687,0.000368,0.000542,-0.002067,0.015209,-0.029283,-0.288659,0.121487,0.025783,-0.029601,0.695021,-0.518648,-0.497944,0.603197,0.797512,0.01126,0.391277,-0.308184,0.867135,1e-06,1e-06,2e-06,9e-06,4e-06,-3e-06,0.200665
40,0.23961,-0.055954,0.35621,-0.673859,0.515909,-0.528959,-0.644102,-0.760903,0.078313,-0.361252,0.392829,0.845701,-1e-06,4e-06,4e-06,0.0,0.0,0.0,0.300514,-0.235515,-0.037917,0.312934,-0.632974,-0.613402,0.472306,0.770259,-0.559594,0.30576,0.077532,0.558105,0.826057,-0.0,-0.0,-0.0,0.0,0.0,0.0,-0.088688,0.004006,0.038236,-0.00485,0.627952,0.614293,0.477828,-0.759169,0.618633,0.202374,-0.171283,-0.489834,0.854824,3e-06,8e-06,8e-06,-3.3e-05,5e-06,-1.8e-05,-0.286863,0.121481,0.025786,-0.029598,0.694919,-0.518739,-0.497993,0.60329,0.797443,0.01119,0.391316,-0.30821,0.867108,0.0,-4e-06,-4e-06,1e-06,-4e-06,-7e-06,0.200502
41,0.239624,-0.05597,0.356178,-0.673783,0.515967,-0.529,-0.644157,-0.760864,0.078237,-0.361297,0.392827,0.845683,0.000108,-0.000778,-0.000796,0.0,0.0,0.0,0.29455,-0.23551,-0.037832,0.312809,-0.636469,-0.609713,0.472386,0.767005,-0.564246,0.305389,0.081133,0.557458,0.826149,-0.000271,-0.001233,-0.001462,0.0,0.0,0.0,-0.061186,0.004009,0.03828,-0.00491,0.631224,0.610443,0.47845,-0.755636,0.623084,0.20194,-0.174842,-0.489004,0.854578,-0.000175,-0.000806,-0.000957,-5.8e-05,-9.1e-05,-9.7e-05,-0.268248,0.121488,0.025779,-0.029613,0.694844,-0.518805,-0.498027,0.603346,0.797401,0.011117,0.391361,-0.308208,0.867089,7e-05,-0.000504,-0.000517,3e-06,-0.0,-1.6e-05,0.197889
42,0.239627,-0.055986,0.356132,-0.673728,0.516012,-0.529025,-0.644185,-0.760848,0.078154,-0.361347,0.392798,0.845675,0.000313,-0.002257,-0.002309,-0.000638,0.011088,-0.026594,0.289045,-0.235519,-0.037766,0.312679,-0.639884,-0.606021,0.472524,0.763772,-0.568819,0.30501,0.084732,0.556831,0.826209,-0.000535,0.008762,-0.011049,0.036063,-0.014356,0.016274,-0.049647,0.004004,0.038314,-0.004975,0.63441,0.606596,0.479127,-0.752127,0.627456,0.201501,-0.178402,-0.488199,0.854302,-0.000283,0.004293,-0.00563,0.036015,-0.014999,0.016169,-0.255348,0.121489,0.025773,-0.029634,0.694792,-0.518854,-0.498048,0.603375,0.797381,0.011035,0.391409,-0.308177,0.867078,0.000161,-0.001158,-0.001184,-0.000624,0.011099,-0.026604,0.192337
43,0.239585,-0.055944,0.355749,-0.673221,0.516461,-0.529233,-0.644366,-0.760798,0.077139,-0.361969,0.392304,0.845638,0.000108,0.002469,-0.017231,0.034706,0.006135,-0.004289,0.25122,-0.235549,-0.037596,0.312189,-0.645642,-0.60054,0.471688,0.758697,-0.574027,0.307906,0.086653,0.557418,0.825615,-0.001366,0.004982,-0.015545,-0.013065,-0.036085,0.040333,-0.013555,0.003991,0.038398,-0.005204,0.639814,0.600627,0.479462,-0.747056,0.632505,0.204556,-0.1804,-0.489063,0.853388,-0.000632,0.002692,-0.007535,-0.423147,-0.623966,0.48623,-0.227752,0.121467,0.025799,-0.029813,0.694304,-0.519344,-0.498219,0.603558,0.797255,0.010045,0.391991,-0.307678,0.866992,8.5e-05,0.001051,-0.008801,0.034729,0.006143,-0.004281,0.16964
44,0.239552,-0.055881,0.35438,-0.66231,0.515799,-0.543454,-0.644533,-0.762028,0.062147,-0.381254,0.390788,0.837828,0.000215,0.008208,-0.051015,0.216835,-0.30977,0.025943,0.080986,-0.235567,-0.037415,0.311485,-0.660955,-0.58759,0.466763,0.745542,-0.584385,0.320304,0.085382,0.560435,0.823702,-0.002018,0.00203,-0.019085,-1.538989,-1.428069,1.858823,0.049749,0.003982,0.038492,-0.00556,0.652772,0.588292,0.477284,-0.735616,0.642765,0.213826,-0.18099,-0.490678,0.852336,-0.001078,0.000676,-0.009951,-0.005584,0.59496,0.669922,-0.168314,0.121455,0.025841,-0.030458,0.683535,-0.520464,-0.511757,0.603682,0.797212,-0.004459,0.4103,-0.305891,0.859117,0.00068,-0.001493,-0.021364,1.974554,-1.584331,1.231399,0.010758
45,0.239505,-0.055885,0.353474,-0.652369,0.515782,-0.555364,-0.643296,-0.764228,0.045806,-0.399994,0.386499,0.831054,0.000624,0.005248,-0.054184,0.23412,-0.163166,-0.127815,0.012024,-0.235607,-0.037335,0.310967,-0.667187,-0.584019,0.462358,0.740647,-0.585597,0.329323,0.079253,0.562895,0.822637,-0.002928,0.009112,-0.032187,-1.51026,-1.554715,1.689224,0.077563,0.003963,0.038533,-0.00581,0.659388,0.583286,0.474324,-0.731143,0.644417,0.223955,-0.175032,-0.494472,0.851387,-0.001427,-0.000929,-0.01188,-0.280072,0.376636,0.387223,-0.126348,0.121426,0.025835,-0.030929,0.672858,-0.521618,-0.524572,0.602127,0.798116,-0.021285,0.429773,-0.301537,0.851099,-0.006777,-0.003633,-0.022907,0.682973,-0.494009,0.330737,-0.094728
46,0.239179,-0.055793,0.351587,-0.63465,0.508512,-0.581962,-0.633976,-0.773175,0.015689,-0.441198,0.37827,0.813808,-0.015332,0.008245,-0.049811,0.043303,-0.146172,-0.494509,-0.105536,-0.235653,-0.037251,0.309365,-0.683489,-0.563769,0.463679,0.725066,-0.597113,0.34303,0.084329,0.571361,0.816271,-0.005463,-0.002283,-0.04606,-0.207971,0.330135,0.386951,0.120382,0.003942,0.038588,-0.006595,0.67575,0.562451,0.476454,-0.715379,0.656261,0.239902,-0.177745,-0.50296,0.845835,0.004749,0.002993,-0.028959,-0.323931,0.584904,0.312059,-0.066584,0.121271,0.025861,-0.031893,0.65434,-0.517701,-0.551203,0.59216,0.804122,-0.052286,0.470303,-0.292187,0.832731,-0.00725,-0.000297,-0.019533,0.105366,-0.290003,-0.429866,-0.23826
47,0.238665,-0.055535,0.349928,-0.637953,0.489453,-0.594556,-0.622081,-0.782592,0.023149,-0.453177,0.384017,0.80448,-0.01496,0.002109,-0.036383,-0.181883,-0.565052,-0.503161,-0.249,-0.235441,-0.037134,0.306909,-0.694142,-0.542534,0.473091,0.714218,-0.600399,0.359648,0.089786,0.588216,0.803619,0.008286,0.011893,-0.072962,-0.398905,0.671182,0.65815,0.127776,0.004041,0.038635,-0.00782,0.684062,0.542574,0.487516,-0.706138,0.660115,0.256158,-0.182832,-0.519481,0.834692,0.00409,-4.8e-05,-0.03288,-0.155562,0.298865,0.408249,-0.027067,0.12102,0.025986,-0.032713,0.657115,-0.500699,-0.56347,0.580067,0.813257,-0.046189,0.481373,-0.296499,0.824843,0.000179,0.002089,-0.017828,0.013258,-0.05432,-0.259416,-0.382609
48,0.238148,-0.055041,0.348196,-0.644824,0.473416,-0.600104,-0.615943,-0.786698,0.041137,-0.45183,0.395563,0.79963,-0.032347,0.021919,-0.054238,-0.092975,-0.586027,-0.287447,-0.218468,-0.234945,-0.036691,0.304008,-0.706427,-0.520451,0.47967,0.701351,-0.605271,0.376414,0.095304,0.602977,0.791959,0.023388,0.020766,-0.084706,-0.152707,0.333148,0.514494,0.135442,0.004282,0.038847,-0.009274,0.69503,0.518647,0.497933,-0.693801,0.665485,0.275261,-0.188604,-0.536782,0.82237,0.003968,0.010609,-0.041974,-0.226421,0.46109,0.521625,-0.021679,0.120762,0.026231,-0.033589,0.663298,-0.48433,-0.57049,0.573642,0.818626,-0.028028,0.480592,-0.308666,0.820825,-0.00807,0.007177,-0.021804,-0.136191,-0.644951,-0.302208,-0.406776
49,0.237664,-0.054688,0.347272,-0.64789,0.465655,-0.602868,-0.612959,-0.78854,0.049579,-0.451498,0.401071,0.797069,-0.031568,0.012917,-0.043725,-0.283633,-0.422653,-0.429554,-0.191959,-0.234638,-0.036282,0.30226,-0.720554,-0.496397,0.484131,0.685215,-0.616117,0.388347,0.106404,0.612179,0.783439,0.022895,0.018506,-0.087862,0.51402,1.170653,1.905477,0.152004,0.004433,0.039042,-0.010109,0.704317,0.499968,0.503951,-0.682398,0.672471,0.286557,-0.195623,-0.545723,0.81481,0.011523,0.00942,-0.043711,-0.421641,0.722391,0.781288,-0.006819,0.12052,0.026411,-0.034055,0.665726,-0.476633,-0.574132,0.570633,0.820964,-0.019879,0.480817,-0.314385,0.81852,-0.016239,0.011711,-0.02634,-0.704125,-0.133139,-0.7547,-0.398611
50,0.235899,-0.054,0.345146,-0.650965,0.452497,-0.609538,-0.605137,-0.794084,0.056681,-0.457572,0.405184,0.791505,-0.047228,0.016613,-0.058667,0.075826,-0.11554,-0.122962,-0.178797,-0.234089,-0.035332,0.298475,-0.758648,-0.424946,0.493827,0.635098,-0.650943,0.415763,0.145721,0.629576,0.763062,0.021945,0.02552,-0.102082,-0.367429,0.574295,0.913942,0.181821,0.004708,0.039517,-0.011993,0.740138,0.423524,0.522323,-0.629058,0.710583,0.315209,-0.237656,-0.56187,0.792351,0.010981,0.01259,-0.051244,-0.527245,1.035294,1.053051,0.029758,0.119642,0.026763,-0.035102,0.667614,-0.462417,-0.58349,0.562379,0.826795,-0.011777,0.487873,-0.32028,0.812033,-0.031193,0.007095,-0.029875,0.090759,0.035614,-0.347549,-0.37673
51,0.233233,-0.053682,0.342779,-0.653509,0.432581,-0.621165,-0.595704,-0.800183,0.069387,-0.466224,0.414833,0.781394,-0.077523,0.00924,-0.064068,-0.204448,-0.772271,-0.51568,-0.172504,-0.233491,-0.034469,0.294425,-0.784262,-0.364306,0.502201,0.596131,-0.666378,0.447774,0.172507,0.651002,0.739122,0.021231,0.022286,-0.107276,-0.400595,0.588549,0.89238,0.204694,0.005007,0.039955,-0.014018,0.761801,0.362088,0.537168,-0.59167,0.726556,0.349346,-0.263789,-0.583958,0.767728,0.010626,0.010955,-0.053863,-0.59552,0.869262,1.093179,0.066335,0.118349,0.026926,-0.036263,0.669717,-0.445962,-0.593797,0.553296,0.832983,-0.001561,0.495319,-0.3275,0.804612,-0.031029,0.005373,-0.031889,-0.089754,-0.39492,-0.525754,-0.368729
52,0.23166,-0.053601,0.341672,-0.65516,0.42454,-0.624961,-0.59143,-0.802889,0.074516,-0.46933,0.417907,0.777888,-0.077004,0.001403,-0.052449,-0.072915,-0.338306,-0.350674,-0.174289,-0.233243,-0.034119,0.292458,-0.7966,-0.330976,0.505839,0.575165,-0.67213,0.46622,0.186675,0.662742,0.725113,0.021106,0.021725,-0.108574,-0.677424,0.927795,1.123607,0.215599,0.005133,0.040133,-0.01504,0.771976,0.329301,0.543704,-0.572009,0.732936,0.368253,-0.277234,-0.595286,0.754171,0.002855,0.005577,-0.049728,-0.515294,0.791847,0.729904,0.084623,0.117569,0.026959,-0.036825,0.670326,-0.436614,-0.600025,0.548728,0.835987,0.004705,0.499559,-0.332405,0.799966,-0.038432,0.000487,-0.026408,-0.188947,-0.6108,-0.462166,-0.369709
53,0.228298,-0.053504,0.33996,-0.665765,0.402569,-0.628284,-0.581192,-0.807804,0.098184,-0.467182,0.430015,0.772564,-0.092546,-0.002501,-0.035363,-0.212156,-0.466188,-0.657501,-0.119203,-0.233058,-0.033829,0.288966,-0.812239,-0.291154,0.505458,0.550094,-0.67022,0.498132,0.194748,0.683011,0.703869,-0.008196,-0.002639,-0.072757,-0.45117,0.525126,0.739757,0.204179,0.00523,0.040272,-0.016844,0.785882,0.286176,0.548171,-0.548464,0.732019,0.404147,-0.285615,-0.618264,0.732238,-0.003992,-0.0011,-0.036089,-0.444347,0.520503,0.737531,0.096707,0.115825,0.027003,-0.037734,0.680177,-0.414744,-0.604438,0.538266,0.842318,0.027745,0.497622,-0.34422,0.796168,-0.046271,-0.000984,-0.017343,-0.163204,-0.389717,-0.621379,-0.349134
54,0.224741,-0.053587,0.338925,-0.688681,0.388152,-0.612456,-0.570447,-0.811422,0.127107,-0.446772,0.436423,0.780998,-0.076306,-0.014668,-0.009492,-1.734605,1.537435,-1.766146,-0.04575,-0.233254,-0.034169,0.286961,-0.826691,-0.259993,0.498976,0.527183,-0.667417,0.525895,0.197328,0.698124,0.688148,-0.00442,-0.008334,-0.034578,-0.37597,0.2175,0.825994,0.204205,0.005133,0.040095,-0.017848,0.798641,0.255197,0.545019,-0.528487,0.73062,0.432313,-0.287878,-0.633299,0.718371,-0.002117,-0.009639,-0.013063,-0.490218,0.360599,0.911229,0.083154,0.114111,0.026968,-0.038243,0.700197,-0.397955,-0.592752,0.527986,0.847488,0.054715,0.480576,-0.351276,0.803523,-0.038559,-0.002021,-0.009105,0.049855,0.093527,-0.13722,-0.297044
55,0.223244,-0.053775,0.33874,-0.696675,0.383774,-0.606141,-0.566695,-0.812467,0.136842,-0.439092,0.438351,0.784266,-0.076601,-0.012062,-0.006782,-0.16098,0.217052,-0.316828,-0.022008,-0.233315,-0.034467,0.286714,-0.832509,-0.249152,0.494816,0.518131,-0.665945,0.536648,0.196852,0.703449,0.68284,-0.001902,-0.019955,-0.003788,-0.278186,0.12181,0.503107,0.224145,0.005098,0.039936,-0.018003,0.804478,0.242225,0.542347,-0.519694,0.729182,0.445208,-0.28763,-0.640015,0.712494,-0.000744,-0.009171,-0.0008,-0.277516,0.039489,0.691404,0.091808,0.113328,0.026871,-0.038342,0.709763,-0.391844,-0.5854,0.523831,0.849207,0.066688,0.470995,-0.353984,0.807996,-0.038332,-0.005595,-0.002858,-0.571173,0.555707,-0.66194,-0.274184
56,0.220635,-0.054215,0.338768,-0.694216,0.393971,-0.602409,-0.581565,-0.800121,0.146834,-0.423295,0.45178,0.78533,-0.045514,-0.014235,0.008603,-0.058518,0.026208,-0.111439,0.027036,-0.232854,-0.034566,0.28731,-0.859769,-0.191226,0.47352,0.460334,-0.691299,0.556896,0.221924,0.697012,0.681754,0.034797,0.014388,0.019222,2.575435,2.738429,4.251897,0.287095,0.005314,0.039864,-0.017726,0.829141,0.186393,0.52705,-0.466231,0.750766,0.467951,-0.308469,-0.633725,0.709393,0.009838,0.008685,0.011687,-0.123456,-0.902263,1.041212,0.157288,0.112012,0.026652,-0.038334,0.707871,-0.401704,-0.580991,0.539497,0.8384,0.077637,0.455916,-0.3684,0.810197,-0.030866,-0.002444,-0.000157,-0.020597,-0.023295,0.095517,-0.225687
57,0.218965,-0.054475,0.338956,-0.682405,0.417178,-0.600276,-0.608676,-0.779001,0.150478,-0.403996,0.467538,0.786271,-0.04646,-0.001718,0.001737,-0.012977,-0.03837,0.108472,0.064828,-0.231066,-0.033481,0.28868,-0.905605,-0.128859,0.404061,0.364004,-0.724721,0.584991,0.218583,0.677006,0.702672,0.05443,0.033699,0.044392,0.662737,-0.072857,2.080624,0.342004,0.006202,0.040403,-0.017044,0.877149,0.113581,0.466592,-0.36782,0.783571,0.500723,-0.308736,-0.610831,0.729086,0.027268,0.023115,0.019126,1.863499,0.60101,6.388574,0.229789,0.111177,0.02652,-0.038233,0.697508,-0.425419,-0.576628,0.567715,0.819088,0.082428,0.437243,-0.384854,0.812838,-0.015108,-0.005765,0.005165,-0.090007,0.077598,-0.112017,-0.173923
58,0.218055,-0.054614,0.339199,-0.689506,0.423238,-0.58779,-0.615182,-0.770537,0.166723,-0.381498,0.476023,0.792394,-0.015586,0.000785,0.002043,-0.044796,0.060691,-0.069675,0.149556,-0.229007,-0.032037,0.290594,-0.943465,-0.115255,0.310776,0.291049,-0.736217,0.610908,0.159573,0.666959,0.727712,0.039311,0.02721,0.057837,0.158557,-0.646695,0.628707,0.35595,0.007243,0.041152,-0.016059,0.921676,0.090197,0.377329,-0.29529,0.793916,0.531507,-0.251628,-0.601298,0.758368,0.019703,0.013881,0.029269,0.111921,-0.75317,0.687796,0.281225,0.11071,0.026455,-0.038106,0.705044,-0.430354,-0.563656,0.574925,0.81219,0.09903,0.415178,-0.39388,0.820051,-0.015536,7.8e-05,0.001292,-0.168502,0.147959,-0.207623,-0.094074
59,0.217778,-0.054648,0.33926,-0.70167,0.418841,-0.576434,-0.611141,-0.769683,0.184568,-0.365499,0.481264,0.796757,-0.01547,-0.000743,0.000372,-1.735008,1.496641,-1.626683,0.209857,-0.228394,-0.031578,0.291676,-0.949425,-0.12562,0.287757,0.283439,-0.736601,0.614016,0.136022,0.664674,0.734554,0.022549,0.0106,0.058712,-1.573733,-3.911478,-3.329994,0.35092,0.007551,0.041397,-0.015515,0.92996,0.093757,0.355505,-0.284662,0.795567,0.534827,-0.232684,-0.598566,0.766535,0.011282,0.0113,0.025817,-0.047642,-0.600467,0.658147,0.28792,0.110577,0.026442,-0.038072,0.715442,-0.425108,-0.554459,0.571608,0.812479,0.114636,0.401754,-0.398949,0.824277,-0.007739,-0.000352,0.000221,-0.156561,0.14206,-0.173261,-0.020757
