frame,MLTx,MLTy,MLTz,MLTR1,MLTR2,MLTR3,MLTR4,MLTR5,MLTR6,MLTR7,MLTR8,MLTR9,MLTTVx,MLTTVy,MLTTVz,MLTRVx,MLTRVy,MLTRVz,MLGA,MRTx,MRTy,MRTz,MRTR1,MRTR2,MRTR3,MRTR4,MRTR5,MRTR6,MRTR7,MRTR8,MRTR9,MRTTVx,MRTTVy,MRTTVz,MRTRVx,MRTRVy,MRTRVz,MRGA,SLTx,SLTy,SLTz,SLTR1,SLTR2,SLTR3,SLTR4,SLTR5,SLTR6,SLTR7,SLTR8,SLTR9,SLTTVx,SLTTVy,SLTTVz,SLTRVx,SLTRVy,SLTRVz,SLGA,SRTx,SRTy,SRTz,SRTR1,SRTR2,SRTR3,SRTR4,SRTR5,SRTR6,SRTR7,SRTR8,SRTR9,SRTTVx,SRTTVy,SRTTVz,SRTRVx,SRTRVy,SRTRVz,SRGA
1,0.204057,-0.015798,0.358962,-0.329985,0.361845,-0.871908,-0.760716,-0.648797,0.018589,-0.558562,0.668956,0.490442,-0.019964,0.100304,-0.093207,0.128323,-1.335928,-0.224296,-1.317577,-0.262278,-0.016303,0.329879,-0.889426,0.288588,0.354443,0.079007,-0.66651,0.741253,0.451267,0.686917,0.569531,0.011732,-0.020798,-0.001476,0.680344,-0.548878,-0.327719,-1.39852,-0.002062,0.035829,-0.005674,0.926093,-0.131861,0.3535,-0.200594,0.621461,0.757328,-0.319548,-0.772268,0.549081,0.005972,-0.010051,-0.000408,1.006839,-0.383407,-0.933286,-0.556945,0.101128,0.032605,-0.038579,0.516953,-0.400069,-0.756771,0.70152,0.704613,0.106715,0.490538,-0.586058,0.644908,-0.009906,0.050109,-0.046628,0.128709,-1.333112,-0.49762,-1.105659
2,0.202875,-0.012016,0.355567,-0.339102,0.296527,-0.89282,-0.720966,-0.691546,0.044092,-0.603937,0.658273,0.449404,-0.033264,0.092638,-0.080874,3.955496,-0.371334,-5.264896,-0.491093,-0.262367,-0.017042,0.330157,-0.91342,0.268516,0.305868,0.047333,-0.676089,0.735253,0.405364,0.685723,0.604423,-0.000562,-0.021409,0.017406,0.245099,-1.916459,1.653733,-1.398049,-0.002094,0.035441,-0.005548,0.946288,-0.104172,0.306083,-0.172206,0.638843,0.749816,-0.273649,-0.762251,0.58659,-0.00715,-0.00368,0.006022,0.431497,-0.763694,0.07909,-0.849562,0.100542,0.034501,-0.04028,0.522519,-0.340176,-0.781827,0.659833,0.742072,0.118108,0.539994,-0.577589,0.612206,-0.023539,0.046046,-0.040317,0.137579,-1.073659,-0.433787,-0.908731
3,0.201919,-0.010262,0.354018,-0.34346,0.275933,-0.897743,-0.716123,-0.695354,0.06019,-0.607221,0.663221,0.437547,-0.060936,0.091566,-0.080254,0.061529,-0.794889,-0.59468,-0.159729,-0.262422,-0.017251,0.330458,-0.917952,0.285797,0.275092,0.010683,-0.675186,0.737526,0.397671,0.679581,0.616353,0.000844,-0.006883,0.01257,1.656734,3.945973,3.365176,-1.393857,-0.002121,0.035332,-0.005394,0.955485,-0.11288,0.272588,-0.138616,0.643841,0.752497,-0.260446,-0.756786,0.599534,0.000656,-0.002632,0.007097,0.010334,-0.538107,0.716017,-0.963049,0.100074,0.035381,-0.041053,0.529971,-0.314817,-0.787413,0.646376,0.751021,0.134778,0.548934,-0.580393,0.601509,-0.023155,0.040748,-0.035796,-0.167009,-0.460671,-1.118305,-0.824147
4,0.19974,-0.007227,0.35133,-0.365667,0.232978,-0.901141,-0.704204,-0.702301,0.104124,-0.608166,0.672369,0.421996,-0.059338,0.069606,-0.062968,-0.035082,-0.811944,-0.894638,0.244311,-0.262703,-0.017091,0.331219,-0.92803,0.288027,0.236204,-0.019548,-0.67065,0.741471,0.373138,0.683116,0.627682,-0.0101,0.006835,0.026341,0.035228,-0.501285,0.859838,-0.513003,-0.002262,0.035406,-0.005013,0.965048,-0.117883,0.234061,-0.104887,0.644736,0.757174,-0.240166,-0.75526,0.609837,-0.004894,0.003988,0.013747,-0.012746,-0.482192,0.860991,-0.910469,0.099001,0.036886,-0.042376,0.549684,-0.273189,-0.789439,0.626166,0.760277,0.1729,0.552958,-0.589361,0.588973,-0.029619,0.034989,-0.031308,-0.796441,0.591406,-2.585103,-0.588845
5,0.197518,-0.005167,0.349273,-0.411582,0.199634,-0.889265,-0.688127,-0.707816,0.159529,-0.597084,0.677336,0.429807,-0.044012,0.044603,-0.048963,-0.013313,-0.150494,-0.827803,0.381373,-0.263163,-0.016874,0.332312,-0.931217,0.298805,0.208669,-0.043573,-0.659468,0.750425,0.363009,0.689327,0.62683,-0.01095,0.003877,0.023275,-0.063579,-0.24469,0.520737,-0.010058,-0.002473,0.03553,-0.004466,0.969983,-0.127234,0.207226,-0.080087,0.63749,0.766284,-0.229602,-0.759879,0.608165,-0.005432,0.002136,0.011846,-0.06161,-0.233295,0.529809,-0.708642,0.097889,0.037944,-0.043414,0.589709,-0.234085,-0.772946,0.598862,0.768875,0.224042,0.541855,-0.595008,0.593597,-0.028875,0.02215,-0.024259,-0.771704,1.158258,-3.164002,-0.290513
6,0.19654,-0.004598,0.34846,-0.434544,0.180112,-0.882483,-0.667095,-0.722647,0.180935,-0.604602,0.667097,0.435275,-0.042793,0.018366,-0.035453,4.932328,-0.801703,-3.078824,0.381265,-0.263427,-0.017023,0.332804,-0.932224,0.300047,0.202292,-0.048355,-0.657032,0.752266,0.359798,0.691108,0.62672,0.001353,-0.014847,0.023976,-0.071761,0.005402,0.012427,0.109421,-0.002617,0.035476,-0.004207,0.971372,-0.128448,0.199841,-0.073923,0.636023,0.768121,-0.225768,-0.760904,0.608319,0.00048,-0.008037,0.011387,-0.07177,-0.150532,0.203276,-0.607402,0.097399,0.038245,-0.04382,0.608725,-0.213034,-0.764244,0.577015,0.780004,0.242169,0.544523,-0.588395,0.597732,-0.021364,0.009085,-0.017771,0.081878,0.191187,-0.638253,-0.139306
7,0.195011,-0.004494,0.347306,-0.453439,0.14979,-0.878636,-0.629993,-0.75118,0.197,-0.629948,0.642673,0.436078,-0.027857,-0.009492,-0.023995,0.776706,-1.185646,1.567549,0.352112,-0.263308,-0.017566,0.333628,-0.934411,0.300936,0.190542,-0.055849,-0.651856,0.75624,0.352959,0.695605,0.625633,0.001649,-0.013846,0.024968,-0.073877,-0.027885,0.052639,0.242722,-0.00256,0.035192,-0.003799,0.973671,-0.128646,0.188183,-0.065649,0.632307,0.77193,-0.218295,-0.763961,0.607214,0.000801,-0.006951,0.012457,-0.084003,-0.146264,0.201099,-0.308254,0.096608,0.038318,-0.044417,0.627835,-0.177752,-0.757777,0.530146,0.810483,0.249122,0.569884,-0.55814,0.603084,-0.01389,-0.005274,-0.012402,-0.009959,0.147455,-0.502019,0.171599
8,0.194295,-0.005554,0.346705,-0.460347,0.146155,-0.875651,-0.625041,-0.753791,0.20272,-0.629864,0.640455,0.439451,0.000842,-0.034177,-0.010629,-0.043613,0.134114,-0.244188,0.307557,-0.263277,-0.017985,0.334563,-0.93472,0.301489,0.188133,-0.056962,-0.649395,0.758271,0.351957,0.697663,0.623905,0.001405,-0.014664,0.02414,-0.082161,0.13067,-0.203281,0.33297,-0.002543,0.034986,-0.003328,0.974098,-0.129135,0.185621,-0.063953,0.630042,0.773923,-0.21689,-0.765748,0.605464,0.001028,-0.001328,0.008356,-0.033806,0.003789,0.009306,-0.009922,0.096244,0.037806,-0.044722,0.63167,-0.174794,-0.755273,0.525112,0.813182,0.25098,0.570305,-0.55514,0.605449,-0.006496,-0.017743,-0.005535,-0.05358,0.172548,-0.300877,0.226792
9,0.194157,-0.006248,0.346587,-0.462823,0.147861,-0.874058,-0.624448,-0.754206,0.203005,-0.628634,0.639572,0.442486,0.000795,-0.031867,-0.008791,0.066696,0.402919,0.127146,0.292883,-0.263304,-0.018217,0.335072,-0.934961,0.301585,0.186777,-0.057419,-0.647972,0.759453,0.35124,0.698942,0.622875,-0.012496,-0.011031,0.027731,-0.071674,0.03413,-0.034537,0.360715,-0.002553,0.03487,-0.003088,0.974357,-0.129159,0.184242,-0.063209,0.628738,0.775043,-0.215944,-0.766815,0.604452,0.000929,-0.006512,0.012881,-0.069414,0.020693,-0.00659,0.145531,0.096171,0.037437,-0.044792,0.633849,-0.174326,-0.753554,0.523916,0.813483,0.2525,0.568986,-0.554847,0.606958,0.000662,-0.021671,-0.000347,0.151513,0.774371,0.042648,0.209973
10,0.194038,-0.007557,0.346498,-0.468561,0.148919,-0.870815,-0.620003,-0.7576,0.203987,-0.628775,0.6353,0.4484,0.000694,-0.025483,-0.003585,0.153392,0.217597,-0.024082,0.290455,-0.263243,-0.018702,0.336056,-0.934975,0.299853,0.189477,-0.054337,-0.648698,0.75906,0.351694,0.699016,0.622536,0.001848,-0.013153,0.025614,-0.027045,-0.005477,-0.021719,0.410381,-0.002526,0.034619,-0.002575,0.974014,-0.127513,0.18718,-0.066484,0.629072,0.774498,-0.216509,-0.766816,0.604248,0.000906,-0.006583,0.0128,-0.056568,-0.000368,-0.019449,0.312577,0.096112,0.036771,-0.044846,0.639334,-0.176291,-0.748447,0.519537,0.81661,0.25145,0.566861,-0.549607,0.613677,-0.006627,-0.012399,-0.001201,0.489926,0.217647,-0.145723,0.188745
11,0.194106,-0.00837,0.346599,-0.473292,0.161608,-0.86598,-0.621385,-0.758032,0.198088,-0.623847,0.631657,0.460273,0.000571,-0.0164,0.003966,0.140203,0.630974,0.280322,0.294504,-0.263196,-0.019269,0.337102,-0.93073,0.310638,0.19297,-0.058316,-0.646744,0.760431,0.362189,0.696099,0.619781,0.001563,-0.014112,0.024655,-0.069619,0.018922,-0.005272,0.442301,-0.002503,0.034348,-0.002069,0.971848,-0.139008,0.19023,-0.062112,0.627683,0.775986,-0.227273,-0.765956,0.601379,0.000692,-0.007306,0.012077,-0.070191,0.020553,-0.004818,0.381159,0.096146,0.036357,-0.044802,0.643327,-0.186478,-0.742532,0.521701,0.816613,0.246918,0.560317,-0.546229,0.622636,0.000275,-0.007498,0.002569,-0.039155,0.072381,0.026551,0.189398
12,0.194161,-0.008651,0.346826,-0.478878,0.171463,-0.861,-0.617945,-0.76245,0.191795,-0.622995,0.623681,0.47215,0.000462,-0.008419,0.010633,0.034316,0.249687,0.108349,0.294045,-0.26315,-0.019845,0.338067,-0.916975,0.348875,0.193478,-0.08347,-0.641801,0.762272,0.391262,0.682383,0.617358,0.016097,-0.015605,0.023165,0.253167,1.267419,1.047446,0.467677,-0.002487,0.034052,-0.001579,0.965621,-0.177476,0.189942,-0.037713,0.627306,0.777859,-0.257203,-0.75828,0.599046,0.000789,-0.006954,0.012704,0.971456,4.324015,3.234759,0.421982,0.096174,0.036211,-0.044687,0.649099,-0.197831,-0.734528,0.519788,0.820361,0.238385,0.555419,-0.536534,0.635325,0.000221,-0.003779,0.005677,0.010675,0.215856,0.098968,0.189398
13,0.194163,-0.008658,0.346965,-0.483799,0.178303,-0.85685,-0.618013,-0.762807,0.19015,-0.619112,0.621314,0.480309,-5.8e-05,0.004185,0.003492,0.052729,0.180042,0.096207,0.293493,-0.263085,-0.02013,0.338567,-0.908216,0.370479,0.19463,-0.097267,-0.638981,0.763004,0.408181,0.673562,0.616088,0.0015,-0.014321,0.024437,0.027145,0.398292,0.301068,0.482328,-0.002449,0.033916,-0.001337,0.961013,-0.200391,0.190517,-0.023578,0.627124,0.778562,-0.275495,-0.7527,0.597949,0.000616,-0.007591,0.012081,0.987701,4.244145,3.37833,0.442883,0.096175,0.036209,-0.044616,0.653561,-0.204149,-0.728821,0.520242,0.820569,0.236672,0.549731,-0.533844,0.642498,0.000205,-0.002603,0.006656,-0.00642,0.153409,0.103728,0.189071
14,0.194155,-0.008558,0.347261,-0.491649,0.192537,-0.849268,-0.618403,-0.763811,0.184774,-0.6125,0.615791,0.495653,-7.2e-05,0.005221,0.004347,0.096835,0.444518,0.011928,0.298449,-0.263048,-0.020683,0.339453,-0.897928,0.397937,0.18805,-0.1196,-0.631567,0.765998,0.424711,0.664806,0.614424,0.001077,-0.015756,0.023029,-0.069671,0.018745,-0.005387,0.497593,-0.002429,0.033636,-0.000883,0.955591,-0.230861,0.183156,0.00093,0.623878,0.78152,-0.29469,-0.746644,0.596387,0.000445,-0.00814,0.01124,-0.07055,0.034992,-0.036616,0.474888,0.096171,0.036266,-0.044462,0.660247,-0.216442,-0.719184,0.521647,0.821069,0.231793,0.54033,-0.528202,0.655015,0.0002,-0.002186,0.007001,0.111408,0.454403,0.243009,0.191357
15,0.194186,-0.008417,0.347469,-0.494292,0.20006,-0.845988,-0.618892,-0.76437,0.180783,-0.609873,0.612683,0.502694,-6e-05,0.004286,0.003562,0.030694,0.104001,0.055485,0.307664,-0.263094,-0.021305,0.340157,-0.894999,0.407866,0.180593,-0.13136,-0.627691,0.767256,0.427417,0.662444,0.615098,-0.000237,-0.020225,0.018671,-0.06869,0.030874,-0.03172,0.501528,-0.00245,0.033331,-0.000526,0.954565,-0.240888,0.175438,0.013209,0.622339,0.782636,-0.29771,-0.74476,0.597244,-0.000149,-0.010166,0.009275,-0.086226,0.035493,-0.034601,0.488768,0.096186,0.03634,-0.044354,0.662838,-0.22411,-0.714437,0.523116,0.821277,0.22771,0.535719,-0.524668,0.661609,-3.9e-05,0.002496,0.002073,0.019505,0.078318,0.080421,0.200992
16,0.194186,-0.008364,0.347527,-0.494726,0.202763,-0.845091,-0.619256,-0.764487,0.179033,-0.609151,0.611645,0.504829,-3.7e-05,0.002624,0.00218,0.006223,0.021115,0.011265,0.308781,-0.263123,-0.02164,0.34045,-0.893629,0.411941,0.17811,-0.136435,-0.627215,0.76676,0.428693,0.660368,0.616441,-0.000255,-0.010578,0.008884,0.033118,-0.024504,-0.042092,0.500489,-0.002465,0.033159,-0.000377,0.953934,-0.245197,0.172878,0.018351,0.622842,0.782131,-0.299452,-0.74293,0.59865,-0.000321,-0.01076,0.0087,-0.007869,-0.012814,-0.064849,0.4904,0.096186,0.036371,-0.044323,0.663236,-0.226826,-0.713209,0.523919,0.82123,0.226028,0.53444,-0.523574,0.663508,-2.1e-05,0.001242,0.001031,-0.017789,-0.022271,-0.004013,0.20638
17,0.194185,-0.00831,0.347571,-0.494539,0.205745,-0.844479,-0.619914,-0.764494,0.176709,-0.608634,0.610636,0.506671,-9e-06,0.000626,0.00052,0.000191,0.00065,0.000347,0.306721,-0.263349,-0.022145,0.340879,-0.894832,0.411613,0.172753,-0.143418,-0.631351,0.762077,0.423871,0.656623,0.623733,-0.014716,-0.008731,0.010714,0.233595,-0.129039,-0.148801,0.493955,-0.002574,0.032901,-0.000167,0.954967,-0.244923,0.167483,0.024674,0.62806,0.777772,-0.295683,-0.738615,0.60582,-0.0002,-0.005498,0.004239,0.330107,-0.272307,0.026386,0.487625,0.096185,0.036398,-0.0443,0.663003,-0.229481,-0.712576,0.525027,0.821055,0.224085,0.533641,-0.522691,0.664846,-4e-06,0.000209,0.000172,-0.003613,-0.009114,-0.004181,0.20883
18,0.194174,-0.008316,0.347554,-0.493085,0.206405,-0.845168,-0.62062,-0.764228,0.17538,-0.609095,0.610745,0.505984,1e-06,-8.3e-05,-6.9e-05,0.0,0.0,0.0,0.302722,-0.263728,-0.022383,0.341224,-0.899103,0.402403,0.172269,-0.143544,-0.642619,0.752575,0.41467,0.651396,0.635292,-0.014452,-0.007807,0.011613,0.384711,-0.219895,-0.208853,0.486566,-0.002769,0.032778,8e-06,0.95746,-0.235071,0.167365,0.022641,0.639399,0.768541,-0.287675,-0.732058,0.617522,-0.007229,-0.003886,0.005828,0.427213,-0.233452,-0.216031,0.47799,0.09618,0.036393,-0.04431,0.661744,-0.230183,-0.713519,0.525941,0.820766,0.222996,0.534303,-0.522836,0.6642,1e-06,-8.8e-05,-7.4e-05,0.001122,-0.000577,-0.001173,0.206054
19,0.194174,-0.008316,0.347554,-0.491463,0.207139,-0.845933,-0.621422,-0.763912,0.17391,-0.60959,0.610891,0.505212,0.0,-0.0,-0.0,0.006059,-0.095014,0.174624,0.293541,-0.264271,-0.022439,0.341488,-0.897079,0.409494,0.165994,-0.158908,-0.649308,0.743694,0.413446,0.640248,0.647309,-0.014438,-0.007732,0.011679,0.421128,0.578457,1.55952,0.483293,-0.003036,0.032753,0.000136,0.95719,-0.240046,0.161753,0.034609,0.649714,0.75939,-0.287383,-0.721282,0.630207,-0.007134,0.001306,0.00156,0.942102,2.163991,5.534438,0.471132,0.09618,0.036392,-0.044311,0.660471,-0.230988,-0.714437,0.526906,0.820461,0.221838,0.534926,-0.52296,0.6636,1e-06,-9e-06,-7e-06,0.000834,-0.000262,-0.000766,0.197073
20,0.194185,-0.008309,0.347559,-0.4908,0.20744,-0.846244,-0.621749,-0.763783,0.173309,-0.609792,0.61095,0.504897,-8e-06,0.000601,0.000499,0.0,0.0,0.0,0.291958,-0.26437,-0.022472,0.341543,-0.895516,0.413813,0.163707,-0.167743,-0.654396,0.737266,0.413344,0.632241,0.655195,3e-06,9e-06,9e-06,0.32358,-0.19265,-0.125412,0.480983,-0.003085,0.032734,0.000168,0.956085,-0.246585,0.15842,0.044284,0.655851,0.753589,-0.289724,-0.71348,0.637969,-1.4e-05,-2.2e-05,-2.2e-05,0.472422,-0.169791,-0.352453,0.468356,0.096185,0.036394,-0.04431,0.659907,-0.231348,-0.714842,0.527336,0.820323,0.221325,0.535199,-0.523016,0.663336,-5e-06,0.000468,0.000387,0.000697,-0.000205,-0.000627,0.192501
21,0.194184,-0.008294,0.347558,-0.490018,0.207794,-0.84661,-0.622117,-0.763646,0.172588,-0.610045,0.611001,0.504529,4e-06,-0.000253,-0.00021,0.006059,-0.095018,0.174622,0.290563,-0.264336,-0.022522,0.341667,-0.893039,0.420927,0.159038,-0.182264,-0.661319,0.727578,0.412553,0.620228,0.667068,0.000467,-0.008105,0.011303,0.135042,-0.098441,-0.055856,0.48009,-0.003075,0.032705,0.000227,0.95517,-0.253098,0.153593,0.056963,0.666217,0.743578,-0.290524,-0.701495,0.650768,0.000242,-0.00401,0.005687,0.055055,-0.082125,-0.052708,0.46607,0.096185,0.036403,-0.044308,0.659243,-0.231768,-0.715319,0.527822,0.820179,0.220702,0.535538,-0.523057,0.663029,3e-06,-0.000183,-0.000154,0.000469,-0.000145,-0.000435,0.188745
22,0.194174,-0.008294,0.347559,-0.489163,0.208179,-0.84701,-0.622536,-0.763479,0.171815,-0.610304,0.611078,0.504122,0.0,-0.0,-0.0,0.0,0.0,0.0,0.288569,-0.264202,-0.02267,0.34181,-0.888537,0.431055,0.157115,-0.195198,-0.664876,0.720952,0.416347,0.60937,0.674674,-4.5e-05,-0.009829,0.009622,-0.001324,-0.004326,-0.028728,0.483555,-0.003006,0.032638,0.000298,0.952666,-0.263629,0.151413,0.068827,0.672136,0.737221,-0.296123,-0.691904,0.658467,0.0,-0.004824,0.004891,-0.063198,0.00832,-0.026259,0.466723,0.09618,0.036402,-0.044309,0.658407,-0.232303,-0.715915,0.528462,0.819971,0.219944,0.535936,-0.523147,0.662637,-0.000245,0.005368,-0.004353,0.042147,-0.105179,0.194098,0.186132
23,0.194174,-0.008301,0.347553,-0.488806,0.20834,-0.847176,-0.622711,-0.763409,0.171491,-0.610412,0.61111,0.503952,3e-06,-0.000227,-0.000188,0.0,0.0,0.0,0.288177,-0.264203,-0.022809,0.341948,-0.881492,0.445245,0.157229,-0.206684,-0.663002,0.719474,0.425692,0.601143,0.676222,-0.000115,-0.010064,0.009394,0.847189,3.984124,3.716446,0.485995,-0.003007,0.032573,0.000364,0.949949,-0.273321,0.151296,0.076359,0.672756,0.735913,-0.302926,-0.687527,0.659955,-2.7e-05,-0.004912,0.004804,-0.059339,0.01733,-0.018373,0.469173,0.09618,0.036399,-0.044311,0.658102,-0.232498,-0.716132,0.528694,0.819895,0.219667,0.536082,-0.523179,0.662494,4e-06,-0.000173,-0.000147,0.000264,-8.1e-05,-0.000241,0.185153
24,0.194174,-0.008287,0.347564,-0.488144,0.208638,-0.847485,-0.623035,-0.763279,0.170892,-0.610612,0.61117,0.503637,-1e-06,4.5e-05,3.8e-05,0.0,0.0,0.0,0.288221,-0.264226,-0.023227,0.34229,-0.87054,0.465601,0.159269,-0.22021,-0.657843,0.720198,0.441191,0.591292,0.674973,-0.000313,-0.010732,0.008746,-0.047542,0.109737,-0.190449,0.487494,-0.003018,0.03236,0.000539,0.941249,-0.301285,0.152567,0.094811,0.669346,0.736875,-0.32413,-0.679118,0.658587,-0.000171,-0.005388,0.004339,-0.035772,0.01887,-0.014034,0.472602,0.09618,0.036406,-0.044306,0.657536,-0.232861,-0.716534,0.529127,0.819753,0.219155,0.536348,-0.52324,0.66223,-0.0,1.9e-05,1.6e-05,0.000179,-6.3e-05,-0.000166,0.184009
25,0.194174,-0.008294,0.347559,-0.487662,0.208856,-0.847709,-0.62327,-0.763184,0.170456,-0.610758,0.611214,0.503408,5e-06,-0.000369,-0.000306,0.0,0.0,0.0,0.288017,-0.264212,-0.023819,0.342765,-0.861909,0.480341,0.162411,-0.228649,-0.653883,0.721174,0.453688,0.583836,0.673177,0.014021,-0.013102,0.006424,-0.009424,0.108519,0.114293,0.49092,-0.003011,0.032061,0.000779,0.935434,-0.317476,0.155472,0.103743,0.666991,0.737806,-0.337934,-0.67404,0.656862,0.006997,-0.006565,0.003191,-0.00822,0.110881,0.115951,0.475214,0.09618,0.036403,-0.044308,0.657123,-0.233126,-0.716826,0.529444,0.819648,0.218781,0.536542,-0.523286,0.662037,6e-06,-0.000247,-0.000207,0.000126,-3.3e-05,-0.000125,0.18352
26,0.194184,-0.008294,0.347558,-0.487391,0.208979,-0.847834,-0.623403,-0.763131,0.17021,-0.610839,0.611238,0.503279,0.0,-5e-06,-4e-06,0.0,0.0,0.0,0.287881,-0.264159,-0.02415,0.343003,-0.85604,0.490164,0.164089,-0.234659,-0.651178,0.72169,0.461671,0.578663,0.672214,0.013974,-0.013282,0.00625,-0.031461,0.010574,0.022859,0.49133,-0.002989,0.031908,0.00089,0.93146,-0.328294,0.156856,0.110227,0.66547,0.73824,-0.346743,-0.670351,0.656046,-0.000259,-0.00568,0.00406,-0.021852,0.218905,-0.089338,0.477501,0.096185,0.036402,-0.044309,0.656891,-0.233277,-0.716991,0.529622,0.819589,0.218571,0.53665,-0.523312,0.661929,2e-06,1e-06,-1e-06,0.000116,-2.7e-05,-8.8e-05,0.183193
27,0.194184,-0.008294,0.347558,-0.490735,0.205368,-0.846787,-0.618518,-0.766591,0.172467,-0.613117,0.60813,0.504274,-1.6e-05,0.00115,0.000955,1e-06,-0.0,-0.0,0.288048,-0.263938,-0.024783,0.343308,-0.842844,0.511741,0.166516,-0.251478,-0.647907,0.718964,0.476867,0.563444,0.674531,-0.001346,-0.014238,0.005333,0.116221,-0.064487,-0.101161,0.49174,-0.002872,0.031588,0.001053,0.922259,-0.352486,0.158711,0.127618,0.665168,0.735706,-0.364896,-0.658258,0.658442,0.006607,-0.007915,0.001867,0.175912,-0.026785,-0.237056,0.479297,0.096185,0.036399,-0.044312,0.659743,-0.229338,-0.71564,0.524161,0.822836,0.21953,0.538509,-0.519945,0.663071,-1e-05,0.000685,0.000568,-0.000123,-0.014402,0.024649,0.183193
28,0.194205,-0.008293,0.347558,-0.49057,0.205445,-0.846864,-0.6186,-0.766559,0.172315,-0.613167,0.608144,0.504196,-0.0,0.0,0.0,0.0,-0.0,-0.0,0.288037,-0.263597,-0.025387,0.343323,-0.814913,0.552552,0.174908,-0.285389,-0.645055,0.708795,0.505493,0.526985,0.683101,0.012435,-0.008905,-0.008728,0.638792,0.016107,0.127638,0.48762,-0.002707,0.031284,0.001067,0.901935,-0.398572,0.166289,0.161218,0.667944,0.726539,-0.40065,-0.628482,0.6667,0.006094,-0.009727,8.8e-05,0.853669,0.817849,0.890218,0.4775,0.096195,0.036403,-0.044309,0.6596,-0.229428,-0.715744,0.524278,0.822794,0.21941,0.538571,-0.519972,0.662999,-0.0,-2e-06,1e-06,0.005979,-0.09499,0.174657,0.18303
29,0.194226,-0.008306,0.347546,-0.49019,0.20562,-0.847041,-0.618788,-0.766485,0.17197,-0.613281,0.608178,0.504017,3e-06,-0.000193,-0.00016,0.0,0.0,0.0,0.288187,-0.263193,-0.026012,0.343013,-0.790717,0.581334,0.191857,-0.314308,-0.654303,0.687773,0.526349,0.482792,0.699809,0.011316,-0.012797,-0.012582,0.681387,0.089451,0.138863,0.474688,-0.002509,0.030979,0.000919,0.884137,-0.430384,0.181853,0.187626,0.683506,0.705418,-0.427899,-0.589566,0.685065,0.005535,-0.012482,-0.002573,2.282426,5.140033,1.750939,0.466887,0.096206,0.036396,-0.044315,0.659381,-0.229576,-0.715898,0.524453,0.822736,0.219212,0.53867,-0.52,0.662898,3e-06,-0.000141,-0.000119,-3.7e-05,2.2e-05,4.3e-05,0.183193
30,0.194257,-0.008304,0.347534,-0.490008,0.205707,-0.847125,-0.618862,-0.766465,0.17179,-0.613351,0.608173,0.503936,0.013952,0.000228,-0.000416,0.000984,-0.014715,0.029553,0.288235,-0.262959,-0.02633,0.342772,-0.788412,0.582644,0.197293,-0.322373,-0.664348,0.674278,0.524923,0.467266,0.711324,0.010935,-0.014152,-0.013947,0.663064,-0.467142,0.067693,0.46767,-0.002392,0.03082,0.000798,0.881263,-0.433612,0.188028,0.19434,0.695107,0.692139,-0.430819,-0.573416,0.696841,0.005441,-0.007145,-0.007058,0.980579,0.375529,-0.429939,0.458559,0.096216,0.036397,-0.044322,0.659135,-0.229741,-0.716071,0.524633,0.822685,0.218972,0.538795,-0.520007,0.66279,4e-06,-0.000138,-0.000116,-3.1e-05,2.3e-05,3.2e-05,0.183683
31,0.194321,-0.00831,0.347539,-0.489525,0.205933,-0.84735,-0.619118,-0.766355,0.171361,-0.61348,0.608236,0.503704,0.0,-0.0,-0.0,0.0,0.0,0.0,0.288321,-0.262499,-0.026966,0.342376,-0.791573,0.577686,0.199207,-0.33726,-0.684709,0.646037,0.510598,0.443466,0.73654,0.011478,-0.022184,-0.002581,0.734452,-0.608827,0.05625,0.451616,-0.002164,0.030497,0.000588,0.883337,-0.428266,0.19053,0.204924,0.718412,0.664747,-0.421568,-0.548152,0.722363,0.005666,-0.011332,-0.001538,0.970767,-0.868358,0.128379,0.438801,0.096253,0.036394,-0.044319,0.658702,-0.230033,-0.716376,0.524989,0.822558,0.218595,0.538977,-0.520079,0.662586,-1e-06,7e-06,6e-06,-3.5e-05,-2e-06,2.3e-05,0.183846
32,0.194394,-0.008308,0.347538,-0.489256,0.206062,-0.847474,-0.619252,-0.766302,0.171114,-0.613559,0.608259,0.50358,0.0,-0.0,-0.0,0.0,0.0,0.0,0.287687,-0.262197,-0.027553,0.34239,-0.795044,0.573726,0.196812,-0.351267,-0.699891,0.62185,0.495516,0.424537,0.757691,-0.001011,-0.013248,0.006265,0.710069,-0.556598,0.058692,0.445727,-0.002012,0.030194,0.000578,0.886178,-0.423321,0.18838,0.215532,0.736514,0.641164,-0.410163,-0.527584,0.743922,-0.000361,-0.006123,0.003619,0.368333,-0.283651,0.194831,0.422635,0.09629,0.036395,-0.04432,0.658472,-0.230192,-0.716537,0.525173,0.822497,0.218383,0.53908,-0.520105,0.662482,-3e-06,3e-06,4e-06,-1.7e-05,-6e-06,3.5e-05,0.184009
33,0.194425,-0.008307,0.347537,-0.48907,0.206149,-0.84756,-0.619344,-0.766265,0.170943,-0.613615,0.608275,0.503493,0.0,-0.0,-0.0,0.0,0.0,0.0,0.287729,-0.262155,-0.027887,0.342626,-0.796977,0.571344,0.195919,-0.355218,-0.705552,0.613147,0.489549,0.418346,0.764978,-0.000745,-0.02212,0.016869,0.492935,-0.360395,-0.05806,0.446241,-0.001985,0.030027,0.000695,0.88806,-0.420039,0.186858,0.218758,0.743585,0.631842,-0.404343,-0.520237,0.752235,-0.000343,-0.010944,0.008545,0.696105,-0.534355,0.075712,0.419696,0.096306,0.036396,-0.04432,0.658312,-0.2303,-0.716649,0.525299,0.822455,0.218237,0.539152,-0.520124,0.662408,-4e-06,3e-06,3e-06,-1.8e-05,-1.4e-05,3.5e-05,0.18352
34,0.194446,-0.008293,0.347548,-0.488993,0.206186,-0.847596,-0.619383,-0.76625,0.170872,-0.613638,0.608282,0.503457,-4e-06,0.000268,0.000222,0.0,0.0,0.0,0.286925,-0.261854,-0.028823,0.343444,-0.792859,0.576239,0.19828,-0.368739,-0.712536,0.596873,0.486218,0.399393,0.777136,0.0149,-0.030208,0.028243,0.612338,-0.384047,-0.135225,0.451745,-0.001835,0.02955,0.00111,0.884778,-0.425934,0.189067,0.230648,0.75279,0.616529,-0.404928,-0.501884,0.764293,0.007521,-0.014812,0.014406,0.512418,-0.35678,-0.127491,0.420349,0.096316,0.036403,-0.044315,0.658245,-0.230346,-0.716696,0.525353,0.822437,0.218176,0.539181,-0.520132,0.662378,-4e-06,0.00014,0.000116,-1.8e-05,1.3e-05,9e-06,0.182377
35,0.194436,-0.0083,0.347542,-0.488782,0.206282,-0.847694,-0.619486,-0.766209,0.170681,-0.613702,0.608301,0.503356,3e-06,-0.000226,-0.000188,0.0,0.0,0.0,0.286291,-0.261752,-0.029973,0.344822,-0.789512,0.580024,0.200585,-0.376359,-0.715579,0.588417,0.485822,0.388336,0.782966,0.000924,-0.026214,0.032231,0.954868,1.847649,-1.918865,0.463805,-0.001782,0.02899,0.001792,0.882672,-0.430586,0.188373,0.238919,0.756242,0.609109,-0.40473,-0.492638,0.770389,0.00757,-0.019544,0.019426,0.376157,-0.259395,-0.240213,0.432596,0.096311,0.0364,-0.044317,0.658064,-0.230464,-0.716824,0.525494,0.82239,0.218013,0.539265,-0.520153,0.662293,2e-06,-0.000126,-0.000106,-9e-06,1e-06,2.1e-05,0.181887
36,0.194436,-0.0083,0.347542,-0.491146,0.205446,-0.84653,-0.619006,-0.76604,0.173165,-0.612295,0.608798,0.504467,0.0,-0.0,-0.0,-0.0,0.0,-0.0,0.286075,-0.261776,-0.03114,0.346212,-0.790765,0.57849,0.20008,-0.379641,-0.719757,0.581168,0.481202,0.382876,0.788488,0.001069,-0.025715,0.032734,0.170096,-0.119465,-0.119267,0.471859,-0.001794,0.028398,0.002501,0.883592,-0.427784,0.190435,0.240214,0.763199,0.599853,-0.401948,-0.48428,0.777116,0.000519,-0.01283,0.016394,0.15176,-0.113944,-0.11784,0.444189,0.096311,0.036399,-0.044317,0.660099,-0.229363,-0.715304,0.524544,0.822369,0.220367,0.537701,-0.520673,0.663156,-0.0,2e-06,1e-06,0.00013,-0.000189,0.000254,0.180744
37,0.194435,-0.008293,0.347548,-0.491128,0.205455,-0.846538,-0.619015,-0.766036,0.173149,-0.612301,0.608799,0.504458,-6e-06,0.000434,0.00036,-0.0,0.0,-0.0,0.28594,-0.261824,-0.031618,0.34683,-0.794647,0.573509,0.199038,-0.379849,-0.725339,0.574049,0.47459,0.379836,0.793947,0.000876,-0.026378,0.032083,0.580434,-0.348672,-0.264899,0.473944,-0.001817,0.028171,0.0028,0.885833,-0.423329,0.189975,0.239306,0.76759,0.59459,-0.39753,-0.481246,0.781262,0.00042,-0.008276,0.011204,0.087914,-0.074589,-0.1081,0.448925,0.096311,0.036402,-0.044315,0.660081,-0.229374,-0.715317,0.524557,0.822365,0.220351,0.537709,-0.520674,0.663148,-5e-06,0.000243,0.000202,-8e-06,-3.3e-05,5.4e-05,0.180417
38,0.194435,-0.008293,0.347548,-0.491003,0.205512,-0.846597,-0.619077,-0.766012,0.173035,-0.612339,0.60881,0.504399,-0.0,0.0,0.0,0.0,0.0,0.0,0.286326,-0.261904,-0.032362,0.347811,-0.798034,0.569566,0.196792,-0.384706,-0.732744,0.561267,0.46488,0.371484,0.803586,0.000848,-0.016672,0.022291,0.665795,-0.394266,-0.266861,0.472382,-0.001857,0.027789,0.003302,0.888543,-0.418586,0.187816,0.242714,0.776267,0.581805,-0.389332,-0.471374,0.791344,0.000384,-0.008403,0.01108,0.605938,-0.375547,-0.264341,0.45268,0.096311,0.036403,-0.044314,0.659974,-0.229445,-0.715393,0.524641,0.822337,0.220254,0.537759,-0.520687,0.663098,1e-06,-4e-06,-5e-06,-1.1e-05,3e-06,3.3e-05,0.180417
39,0.194435,-0.008293,0.347548,-0.491003,0.205512,-0.846597,-0.619077,-0.766012,0.173035,-0.612339,0.60881,0.504399,-0.0,0.0,0.0,0.0,0.0,0.0,0.286304,-0.261936,-0.032796,0.348414,-0.802888,0.563312,0.195043,-0.385084,-0.73971,0.551791,0.456115,0.367206,0.810544,-0.014012,-0.005763,0.01371,0.268106,-0.141608,-0.153682,0.46925,-0.001867,0.027576,0.0036,0.89261,-0.410713,0.185903,0.241856,0.78425,0.571364,-0.380461,-0.465044,0.799363,0.000327,-0.003725,0.00601,0.36643,-0.200481,-0.14489,0.449904,0.096311,0.036403,-0.044314,0.659974,-0.229445,-0.715393,0.524641,0.822337,0.220254,0.537759,-0.520687,0.663098,1e-06,-2e-06,-4e-06,-1.8e-05,2e-06,2.8e-05,0.180417
40,0.194435,-0.008293,0.347548,-0.493365,0.204677,-0.845425,-0.61859,-0.76584,0.175518,-0.610929,0.609308,0.505506,-0.0,0.0,0.0,-0.0,0.0,-0.0,0.285443,-0.261959,-0.032849,0.348623,-0.8039,0.561869,0.195037,-0.384803,-0.741247,0.549921,0.454565,0.366321,0.811814,0.001269,0.004378,0.004297,0.028824,-0.028023,0.016157,0.467506,-0.001886,0.027542,0.003704,0.89365,-0.408488,0.185812,0.241109,0.786261,0.568911,-0.37849,-0.463607,0.801132,0.000462,-0.003273,0.006455,-0.087426,0.110819,-0.198795,0.448108,0.096311,0.036403,-0.044314,0.66203,-0.228334,-0.713848,0.523677,0.822311,0.222636,0.53617,-0.521217,0.663967,2e-06,-1e-06,-3e-06,0.002004,-0.002498,0.003075,0.180417
41,0.194425,-0.008287,0.347554,-0.493367,0.204675,-0.845424,-0.618589,-0.765841,0.175521,-0.610929,0.609308,0.505506,-0.0,2e-05,1.6e-05,-0.0,0.0,-0.0,0.285728,-0.262053,-0.032734,0.348881,-0.806098,0.55853,0.195555,-0.383945,-0.744926,0.545532,0.451383,0.363964,0.814645,0.001456,0.00502,0.004918,0.013838,-0.0196,0.021471,0.465005,-0.001933,0.027599,0.003833,0.895115,-0.404952,0.186497,0.239546,0.789644,0.56487,-0.376012,-0.46095,0.803828,-0.006619,0.003362,0.003315,-0.024427,0.021312,-0.029784,0.444026,0.096305,0.036406,-0.044311,0.662005,-0.228343,-0.713868,0.523684,0.822314,0.222606,0.536193,-0.521208,0.663956,1e-06,5e-06,2e-06,7e-06,-3.8e-05,7.6e-05,0.180254
42,0.194425,-0.00828,0.347559,-0.493349,0.204683,-0.845433,-0.618598,-0.765837,0.175505,-0.610934,0.60931,0.505498,-0.0,3e-06,3e-06,0.0,0.0,0.0,0.284506,-0.262227,-0.032479,0.349147,-0.806561,0.556856,0.198401,-0.381435,-0.746499,0.545142,0.452686,0.36331,0.814214,-0.012833,0.008027,0.007887,-0.013141,0.090888,-0.181126,0.463687,-0.002014,0.027726,0.003965,0.895155,-0.403554,0.189316,0.236915,0.790483,0.564808,-0.377581,-0.460739,0.803213,0.000814,0.002816,0.002753,-0.000308,0.002225,0.002759,0.442066,0.096305,0.03641,-0.044308,0.661989,-0.228354,-0.71388,0.523697,0.822309,0.222592,0.536201,-0.52121,0.663948,2e-06,-8e-06,-8e-06,-8e-06,8e-06,3.5e-05,0.179437
43,0.194425,-0.008273,0.347565,-0.493207,0.204748,-0.8455,-0.618668,-0.76581,0.175376,-0.610978,0.609322,0.50543,-0.0,0.0,0.0,0.0,0.0,0.0,0.285273,-0.262398,-0.032219,0.349502,-0.802769,0.560932,0.20226,-0.382582,-0.744555,0.546994,0.458429,0.36102,0.812017,-0.012347,-0.000121,0.019181,-0.34983,0.27949,-0.088237,0.460434,-0.002101,0.027857,0.004137,0.892544,-0.407703,0.192725,0.238509,0.789481,0.565537,-0.382724,-0.4588,0.801888,0.001196,0.004136,0.004033,-0.524715,0.250667,0.16457,0.439454,0.096305,0.036413,-0.044306,0.661866,-0.228435,-0.713967,0.523794,0.822278,0.222482,0.536257,-0.521225,0.663891,2e-06,-9e-06,-8e-06,8e-06,2.1e-05,3.8e-05,0.179274
44,0.194425,-0.008266,0.347571,-0.493189,0.204757,-0.845509,-0.618677,-0.765806,0.175359,-0.610983,0.609324,0.505421,-1e-06,8.5e-05,7.1e-05,0.0,0.0,0.0,0.285665,-0.262471,-0.032096,0.349737,-0.802943,0.560227,0.203519,-0.381416,-0.745164,0.546978,0.459097,0.360859,0.811711,0.002341,-0.001724,0.017561,-0.051364,0.093585,-0.166064,0.458186,-0.002143,0.027919,0.004256,0.892113,-0.407856,0.194389,0.237216,0.788992,0.566762,-0.384528,-0.459504,0.80062,-0.005978,0.005513,0.005388,0.016766,-0.00057,-0.000909,0.437331,0.096305,0.036416,-0.044303,0.661851,-0.228446,-0.713978,0.523807,0.822273,0.222467,0.536264,-0.521227,0.663884,3e-06,3.3e-05,2.6e-05,-4e-06,2e-05,2.1e-05,0.179274
45,0.194414,-0.00826,0.347576,-0.493066,0.204811,-0.845567,-0.618738,-0.765783,0.175249,-0.611021,0.609335,0.505362,-0.0,2.7e-05,2.3e-05,0.0,0.0,0.0,0.284745,-0.262511,-0.031913,0.350291,-0.800222,0.564438,0.202596,-0.385023,-0.742417,0.548186,0.460833,0.359954,0.811128,0.002796,0.009609,0.009314,0.001886,-0.012797,0.02575,0.457829,-0.002162,0.028008,0.004536,0.890218,-0.412421,0.193444,0.24125,0.787048,0.567761,-0.386406,-0.458763,0.800141,0.001341,-0.000243,0.009364,-0.031375,-0.009575,0.03617,0.434718,0.0963,0.03642,-0.0443,0.661746,-0.228514,-0.714054,0.523889,0.822247,0.222373,0.536313,-0.52124,0.663835,2e-06,3e-06,3e-06,-4e-06,2e-05,1.3e-05,0.179274
46,0.194414,-0.008253,0.347582,-0.492924,0.204877,-0.845634,-0.618808,-0.765755,0.175119,-0.611065,0.609348,0.505294,-0.0,1.4e-05,1.2e-05,0.0,0.0,0.0,0.284748,-0.262413,-0.031831,0.350873,-0.801718,0.563052,0.200525,-0.384977,-0.742945,0.547503,0.45826,0.361035,0.812105,0.0026,-0.00081,0.018384,-0.046015,0.090191,-0.168151,0.455562,-0.002113,0.028053,0.004825,0.891448,-0.410787,0.191243,0.24129,0.787589,0.566994,-0.383534,-0.459301,0.801213,0.001427,0.004944,0.004772,-0.008954,-0.008872,0.026046,0.433412,0.0963,0.036423,-0.044297,0.661623,-0.228595,-0.714141,0.523986,0.822215,0.222262,0.536369,-0.521254,0.663777,2e-06,-3e-06,-3e-06,-4e-06,7e-06,1.3e-05,0.178621
47,0.194414,-0.008246,0.347588,-0.492906,0.204885,-0.845643,-0.618817,-0.765752,0.175103,-0.61107,0.609349,0.505286,-5e-06,0.000369,0.000306,0.0,0.0,0.0,0.284677,-0.262327,-0.031768,0.351164,-0.801729,0.562901,0.200907,-0.384515,-0.742968,0.547796,0.45863,0.361222,0.811813,0.002736,0.009435,0.009093,0.001907,-0.012771,0.025762,0.45486,-0.002071,0.028082,0.004967,0.89142,-0.410588,0.191801,0.240665,0.787529,0.567343,-0.383993,-0.459581,0.800833,0.001443,0.005004,0.004822,-0.012785,0.076323,-0.15146,0.431779,0.0963,0.036426,-0.044295,0.661608,-0.228606,-0.714152,0.523998,0.822211,0.222248,0.536377,-0.521256,0.66377,-1e-06,0.000278,0.00023,1.1e-05,2.7e-05,2.1e-05,0.178458
48,0.194414,-0.008246,0.347588,-0.492781,0.204942,-0.845702,-0.618879,-0.765728,0.17499,-0.611108,0.60936,0.505226,-0.0,0.0,0.0,0.0,0.0,0.0,0.28378,-0.262152,-0.031611,0.351658,-0.798572,0.566805,0.202499,-0.387318,-0.7413,0.548082,0.461772,0.358535,0.811223,0.017088,0.006873,0.006528,-0.009157,0.060021,-0.122854,0.453619,-0.001988,0.028162,0.005224,0.889005,-0.415152,0.193176,0.243853,0.786323,0.567653,-0.387561,-0.45754,0.800282,0.001314,0.004574,0.004387,0.00208,-0.012375,0.025883,0.430799,0.0963,0.036426,-0.044294,0.661501,-0.228676,-0.714229,0.524082,0.822183,0.222152,0.536426,-0.521269,0.66372,4e-06,-9e-06,-8e-06,1.6e-05,1.5e-05,3.2e-05,0.177968
49,0.194403,-0.008247,0.347588,-0.492802,0.204931,-0.845692,-0.618868,-0.765732,0.175009,-0.611102,0.609359,0.505235,-0.0,0.0,0.0,0.0,0.0,0.0,0.282022,-0.261983,-0.031386,0.352046,-0.795565,0.570175,0.204861,-0.389537,-0.740207,0.547986,0.465087,0.355437,0.810692,0.002492,0.008638,0.008266,-0.011211,0.075178,-0.152122,0.443627,-0.001898,0.028274,0.005416,0.886655,-0.419109,0.19542,0.246276,0.785646,0.567544,-0.391394,-0.455089,0.799815,0.008484,0.003286,0.003098,0.004008,-0.027791,0.054981,0.423614,0.096294,0.036426,-0.044294,0.661518,-0.228663,-0.714216,0.524068,0.822188,0.222168,0.536419,-0.521266,0.663728,5e-06,-5e-06,-7e-06,1e-06,1.4e-05,1.9e-05,0.176335
50,0.194403,-0.008247,0.347588,-0.492677,0.204988,-0.845751,-0.61893,-0.765708,0.174896,-0.61114,0.60937,0.505176,-0.0,0.0,0.0,0.0,0.0,0.0,0.280858,-0.261906,-0.031204,0.352234,-0.795675,0.56978,0.205531,-0.388941,-0.74058,0.547905,0.465398,0.355295,0.810576,0.002896,0.010049,0.009597,0.0019,-0.012739,0.025778,0.436696,-0.00186,0.028362,0.005508,0.886697,-0.418643,0.19623,0.245501,0.785957,0.56745,-0.391787,-0.454982,0.799683,0.001517,0.005285,0.005043,0.001889,-0.012687,0.025811,0.41594,0.096294,0.036426,-0.044294,0.661412,-0.228734,-0.714293,0.524152,0.822161,0.222072,0.536468,-0.521279,0.663678,6e-06,-4e-06,-6e-06,8e-06,2.6e-05,2.3e-05,0.175682
51,0.194393,-0.00824,0.347594,-0.49268,0.204986,-0.84575,-0.618929,-0.765709,0.174899,-0.61114,0.60937,0.505177,-0.013948,-0.000341,0.000323,-0.000984,0.014715,-0.029553,0.278884,-0.261757,-0.030733,0.352697,-0.795858,0.569121,0.206645,-0.387958,-0.741207,0.547755,0.465905,0.355047,0.810393,0.00385,0.013392,0.012727,0.0038,-0.025476,0.051557,0.431221,-0.001788,0.028588,0.005731,0.88675,-0.418033,0.197287,0.24449,0.786366,0.567321,-0.392299,-0.454837,0.799515,0.001772,0.006187,0.005877,0.001893,-0.012701,0.025792,0.404346,0.096294,0.03643,-0.044291,0.661396,-0.228744,-0.714304,0.524164,0.822157,0.222058,0.536475,-0.521281,0.663671,4e-06,4.5e-05,3.5e-05,-3e-06,1.4e-05,1.2e-05,0.172906
52,0.194393,-0.00824,0.347594,-0.492555,0.205043,-0.845809,-0.618991,-0.765684,0.174786,-0.611178,0.609381,0.505117,-0.0,0.0,0.0,0.0,0.0,0.0,0.276744,-0.261637,-0.030299,0.353236,-0.792676,0.573047,0.208021,-0.391068,-0.739583,0.547737,0.468724,0.352105,0.810052,0.003738,0.003267,0.022048,-0.03207,-0.010114,0.035781,0.428538,-0.001726,0.028817,0.006004,0.884343,-0.422473,0.198627,0.247792,0.785384,0.567248,-0.395646,-0.452424,0.799235,0.001888,0.006612,0.006248,-0.011235,0.075108,-0.152266,0.399937,0.096289,0.036429,-0.044291,0.661307,-0.228802,-0.714368,0.524234,0.822134,0.221978,0.536517,-0.521292,0.663629,5e-06,-6e-06,-7e-06,1.2e-05,1.2e-05,2.6e-05,0.169966
53,0.194393,-0.008227,0.347605,-0.495003,0.204169,-0.844591,-0.618455,-0.765528,0.177348,-0.60974,0.609872,0.506262,-9e-06,0.000602,0.000499,-0.0,0.0,-0.0,0.274871,-0.26144,-0.029899,0.353867,-0.792807,0.572453,0.209156,-0.389928,-0.740027,0.547952,0.469453,0.352142,0.809613,0.004131,0.014451,0.013585,-0.009332,0.062344,-0.12639,0.424825,-0.001628,0.029013,0.006323,0.884354,-0.421961,0.199664,0.246688,0.785546,0.567505,-0.396311,-0.45262,0.798794,0.001948,0.001963,0.011297,-0.034001,0.002581,0.009925,0.393732,0.096289,0.036435,-0.044287,0.663413,-0.227651,-0.712781,0.523212,0.822127,0.2244,0.534912,-0.521806,0.66452,-3e-06,0.000332,0.000276,0.000352,-0.000447,0.000576,0.166701
54,0.194393,-0.008227,0.347605,-0.495003,0.204169,-0.844591,-0.618455,-0.765528,0.177348,-0.60974,0.609872,0.506262,-0.0,7e-06,6e-06,-0.0,0.0,-0.0,0.274237,-0.261299,-0.029702,0.354251,-0.793821,0.571219,0.208681,-0.390052,-0.741349,0.546073,0.46763,0.351366,0.811004,0.004299,0.015072,0.014124,0.133981,-0.091587,-0.023005,0.424397,-0.001558,0.02911,0.006506,0.884967,-0.420786,0.199428,0.246583,0.786773,0.565848,-0.395006,-0.451581,0.800027,0.009522,0.007133,0.006621,0.234861,-0.167231,0.009286,0.39161,0.096289,0.036436,-0.044286,0.663409,-0.227653,-0.712785,0.523214,0.822127,0.224395,0.534916,-0.521805,0.664518,2e-06,-7e-06,-6e-06,4.3e-05,-5.4e-05,0.000108,0.165068
55,0.194392,-0.008219,0.347598,-0.494989,0.204176,-0.844597,-0.618446,-0.765541,0.177322,-0.60976,0.609853,0.506261,-0.0,0.0,0.0,0.0,0.0,0.0,0.272838,-0.260955,-0.02935,0.355016,-0.793786,0.571131,0.209059,-0.389461,-0.741204,0.54669,0.468184,0.351813,0.81049,0.004431,0.005838,0.024253,-0.045213,0.077472,-0.14228,0.424461,-0.001383,0.029294,0.006903,0.885095,-0.420392,0.199691,0.245908,0.786703,0.566238,-0.39514,-0.452069,0.799685,0.002213,0.002951,0.01215,-0.047545,0.078403,-0.14204,0.389813,0.096289,0.03644,-0.044289,0.663397,-0.227661,-0.712794,0.523209,0.822138,0.224366,0.534936,-0.521784,0.664518,4e-06,-6e-06,-8e-06,-7e-06,1.5e-05,3.8e-05,0.163272
56,0.194382,-0.008212,0.347604,-0.494867,0.204231,-0.844655,-0.618507,-0.765518,0.177212,-0.609798,0.609864,0.506202,-1e-06,3.8e-05,3.1e-05,0.0,0.0,0.0,0.272939,-0.260487,-0.029058,0.355776,-0.794781,0.569823,0.208844,-0.389168,-0.742434,0.545228,0.466735,0.351342,0.81153,0.018624,0.003294,0.021654,0.184915,-0.153988,-0.014325,0.425084,-0.001156,0.029439,0.007276,0.885552,-0.419407,0.199735,0.245445,0.787483,0.565355,-0.394402,-0.451628,0.800299,0.002164,0.007718,0.007136,0.340036,-0.124154,-0.225957,0.389977,0.096284,0.036444,-0.044286,0.663292,-0.22773,-0.712869,0.523292,0.822111,0.224271,0.534985,-0.521796,0.664469,3e-06,1e-05,7e-06,-1.5e-05,1e-06,2.5e-05,0.162455
57,0.194392,-0.008205,0.34761,-0.494828,0.204249,-0.844674,-0.618526,-0.76551,0.177177,-0.609809,0.609867,0.506184,-0.0,5e-06,4e-06,0.0,0.0,0.0,0.272933,-0.259981,-0.028759,0.356567,-0.794796,0.56953,0.20959,-0.388194,-0.742437,0.545918,0.467523,0.351812,0.810872,0.01852,0.003103,0.021383,-0.043226,0.061941,-0.113192,0.424922,-0.000909,0.029585,0.007668,0.8858,-0.418653,0.200219,0.244475,0.787702,0.565471,-0.394449,-0.451945,0.800097,0.002226,0.003089,0.012185,-0.048169,0.078373,-0.142058,0.39014,0.096289,0.036447,-0.044283,0.663259,-0.227753,-0.712893,0.523319,0.822102,0.224241,0.534999,-0.521801,0.664454,3e-06,-9e-06,-9e-06,-1e-06,1.9e-05,2.2e-05,0.162618
