frame,MLTx,MLTy,MLTz,MLTR1,MLTR2,MLTR3,MLTR4,MLTR5,MLTR6,MLTR7,MLTR8,MLTR9,MLTTVx,MLTTVy,MLTTVz,MLTRVx,MLTRVy,MLTRVz,MLGA,MRTx,MRTy,MRTz,MRTR1,MRTR2,MRTR3,MRTR4,MRTR5,MRTR6,MRTR7,MRTR8,MRTR9,MRTTVx,MRTTVy,MRTTVz,MRTRVx,MRTRVy,MRTRVz,MRGA,SLTx,SLTy,SLTz,SLTR1,SLTR2,SLTR3,SLTR4,SLTR5,SLTR6,SLTR7,SLTR8,SLTR9,SLTTVx,SLTTVy,SLTTVz,SLTRVx,SLTRVy,SLTRVz,SLGA,SRTx,SRTy,SRTz,SRTR1,SRTR2,SRTR3,SRTR4,SRTR5,SRTR6,SRTR7,SRTR8,SRTR9,SRTTVx,SRTTVy,SRTTVz,SRTRVx,SRTRVy,SRTRVz,SRGA
1,0.108726,-0.01321,0.347003,0.67608,-0.023709,-0.736478,0.294977,0.92461,0.240949,0.674406,-0.38011,0.633025,7e-06,3e-05,2.7e-05,-0.0,-0.0,-0.0,-0.039222,-0.22694,-0.015171,0.321055,0.427983,0.267732,0.863216,-0.723249,0.674132,0.149634,-0.542371,-0.68869,0.481042,8.3e-05,0.000454,0.00046,0.0,0.0,0.0,0.084502,0.01639,0.040125,-0.033816,-0.402638,-0.338616,0.850423,0.809692,-0.565086,0.15835,0.426943,0.752339,0.5017,5.1e-05,0.000286,0.000289,-0.010873,0.102507,-0.17008,-0.059536,0.068735,0.045909,-0.052674,-0.614642,-0.029726,-0.788245,-0.270722,-0.930643,0.246194,-0.740894,0.364717,0.563965,-0.000369,-0.005527,0.004217,-0.034165,0.015897,-0.01741,-0.267556
2,0.10861,-0.013279,0.346939,0.677664,-0.026529,-0.734924,0.299909,0.922439,0.243172,0.670633,-0.385161,0.633979,-0.000645,-0.002611,-0.002344,-0.0,0.0,0.0,-0.038785,-0.226951,-0.015229,0.321099,0.427992,0.267711,0.863218,-0.723339,0.674011,0.14974,-0.542244,-0.688816,0.481006,-0.000161,-0.000882,-0.000895,0.0,0.0,0.0,0.084384,0.016386,0.040099,-0.033791,-0.40265,-0.338597,0.850426,0.809761,-0.564956,0.158459,0.4268,0.752446,0.501662,-0.000118,-0.000641,-0.000653,0.009313,-0.087598,0.145422,-0.059862,0.068677,0.045873,-0.052708,-0.616388,-0.026855,-0.786984,-0.275975,-0.928661,0.247841,-0.737497,0.369954,0.565004,-0.007464,-0.000601,-0.000729,-0.000833,0.027741,-0.055174,-0.265433
3,0.108332,-0.013354,0.346893,0.679583,-0.028996,-0.733057,0.304507,0.920227,0.245823,0.66661,-0.390237,0.635117,-0.000675,-0.002721,-0.002445,-0.000697,0.013629,-0.025384,-0.03872,-0.226939,-0.015288,0.321142,0.427911,0.267709,0.863259,-0.723468,0.673865,0.149776,-0.542135,-0.68896,0.480922,-0.0,-0.0,-0.0,0.0,0.0,0.0,0.084622,0.016391,0.040066,-0.033774,-0.402571,-0.338583,0.850468,0.809866,-0.564794,0.1585,0.426674,0.752574,0.501577,-2e-06,-6e-06,-7e-06,5e-06,2.2e-05,-2.4e-05,-0.060189,0.068537,0.045833,-0.052733,-0.618556,-0.02443,-0.78536,-0.280868,-0.926603,0.250038,-0.733826,0.375245,0.566294,-0.007267,0.000203,-4e-06,0.000269,0.013419,-0.028675,-0.265759
4,0.108218,-0.01337,0.346876,0.679613,-0.028954,-0.73303,0.304473,0.920227,0.245865,0.666595,-0.390239,0.635131,-0.000413,-0.001661,-0.001494,-0.0,0.0,-0.0,-0.039205,-0.226928,-0.015314,0.321159,0.427889,0.267704,0.863271,-0.723518,0.673806,0.149801,-0.542087,-0.689019,0.480891,-0.0,-0.0,-0.0,0.0,0.0,0.0,0.084363,0.016396,0.040053,-0.033765,-0.402551,-0.338575,0.850481,0.809906,-0.564729,0.158528,0.426618,0.752626,0.501547,-2e-06,-2e-06,-7e-06,3e-06,2e-05,-2.7e-05,-0.060026,0.068479,0.045822,-0.052744,-0.61859,-0.024489,-0.785332,-0.280814,-0.926606,0.250086,-0.733818,0.375233,0.566312,-0.007305,5.1e-05,-0.00014,-0.000386,0.0144,-0.029761,-0.26478
5,0.108103,-0.013367,0.34682,0.684737,-0.029411,-0.728228,0.30807,0.917213,0.252556,0.659665,-0.397238,0.638021,-0.000174,-0.0007,-0.00063,-1.122396,1.62939,-1.927535,-0.042714,-0.226927,-0.015324,0.321177,0.427879,0.2677,0.863277,-0.723549,0.673768,0.149822,-0.542053,-0.689058,0.480874,0.0,3e-06,3e-06,0.0,0.0,0.0,0.084103,0.016397,0.040048,-0.033756,-0.402541,-0.338571,0.850487,0.809931,-0.564688,0.158549,0.42658,0.752659,0.501529,-2e-06,-4e-06,-8e-06,-2e-06,1.1e-05,-1.6e-05,-0.060189,0.068421,0.045822,-0.052773,-0.622261,-0.022919,-0.782473,-0.285479,-0.924087,0.254094,-0.728898,0.381492,0.56848,-0.000116,-0.000468,-0.00042,0.001845,-0.002479,0.00259,-0.264126
6,0.108147,-0.013367,0.346821,0.688413,-0.026905,-0.724851,0.306714,0.916375,0.257209,0.656463,-0.399349,0.640003,0.000254,0.001023,0.00092,-0.0,0.0,-0.0,-0.06242,-0.226916,-0.015317,0.32117,0.427916,0.267693,0.863261,-0.723519,0.673797,0.149838,-0.542064,-0.689033,0.480898,0.0,0.0,0.0,0.0,0.0,0.0,0.083663,0.016402,0.040051,-0.033759,-0.402579,-0.338568,0.85047,0.809905,-0.564721,0.158564,0.426594,0.752635,0.501553,-2e-06,-2e-06,-7e-06,-8e-06,2.6e-05,-2.6e-05,-0.060516,0.068443,0.04582,-0.052774,-0.627948,-0.026765,-0.777794,-0.284111,-0.922548,0.261122,-0.724542,0.384951,0.571708,0.000152,0.000613,0.000553,0.002211,-0.003267,0.003846,-0.273597
7,0.108268,-0.013366,0.346826,0.688047,-0.027304,-0.725183,0.30709,0.916366,0.256789,0.656671,-0.399341,0.639795,3.6e-05,0.000145,0.000131,-0.0,0.0,-0.0,-0.075573,-0.226905,-0.015309,0.321163,0.427952,0.267685,0.863245,-0.723489,0.673826,0.149853,-0.542076,-0.689007,0.480921,0.0,0.0,0.0,0.0,0.0,0.0,0.082725,0.016408,0.040055,-0.033763,-0.402616,-0.338565,0.850454,0.809878,-0.564755,0.158579,0.426609,0.752612,0.501576,-3e-06,0.0,-7e-06,-3e-06,-2e-06,-3.1e-05,-0.061332,0.068504,0.045824,-0.052769,-0.627543,-0.026342,-0.778135,-0.284452,-0.92258,0.260635,-0.724758,0.384902,0.571466,2.1e-05,8e-05,7e-05,0.000243,-0.000127,-6.2e-05,-0.286007
8,0.10834,-0.013374,0.346793,0.68769,-0.027679,-0.725508,0.307415,0.916378,0.256357,0.656893,-0.399286,0.639601,-0.000334,-0.001345,-0.00121,0.0,0.0,0.0,-0.08722,-0.226895,-0.01531,0.321162,0.427974,0.267678,0.863237,-0.723478,0.673833,0.149871,-0.542072,-0.689003,0.480931,0.0,0.0,0.0,0.0,0.0,0.0,0.082427,0.016413,0.040055,-0.033764,-0.402639,-0.338561,0.850445,0.809869,-0.564763,0.158596,0.426606,0.752607,0.501586,-3e-06,0.0,-6e-06,-8e-06,2e-06,-2.3e-05,-0.061495,0.068541,0.045823,-0.052783,-0.627178,-0.025963,-0.778442,-0.284736,-0.922622,0.260178,-0.724963,0.384829,0.571256,0.006853,-0.001874,-0.001498,0.000472,-0.001143,0.004077,-0.29058
9,0.10851,-0.013486,0.346697,0.686818,-0.028621,-0.726297,0.308306,0.916356,0.255364,0.657388,-0.399269,0.639103,-0.00085,-0.003433,-0.00309,-0.000696,0.013633,-0.025382,-0.127183,-0.22684,-0.015314,0.321156,0.428084,0.267644,0.863193,-0.723427,0.673867,0.149962,-0.542053,-0.688983,0.480982,0.0,0.0,0.0,0.0,0.0,0.0,0.083066,0.01644,0.040053,-0.033767,-0.402752,-0.338542,0.850399,0.809822,-0.564806,0.158686,0.426589,0.752583,0.501636,-3e-06,1e-06,-8e-06,-1e-06,-8e-06,-3.2e-05,-0.061659,0.068626,0.045769,-0.052829,-0.626276,-0.024992,-0.779199,-0.285549,-0.922674,0.259101,-0.725423,0.384769,0.570712,-0.000338,-0.001365,-0.001232,0.000117,-3.8e-05,-8.6e-05,-0.314256
10,0.108714,-0.013644,0.346574,0.685789,-0.029738,-0.727224,0.309375,0.916318,0.254204,0.65796,-0.399273,0.638511,-0.000577,-0.002335,-0.002104,0.0,0.0,0.0,-0.161792,-0.226807,-0.01531,0.321158,0.42817,0.267618,0.863158,-0.723388,0.673894,0.150032,-0.542038,-0.688967,0.481022,6e-06,3.4e-05,3.5e-05,0.0,0.0,0.0,0.074184,0.016457,0.040055,-0.033765,-0.402839,-0.338529,0.850363,0.809785,-0.564839,0.158755,0.426575,0.752564,0.501675,1e-06,1.5e-05,1.1e-05,-1e-05,-3e-06,-1.1e-05,-0.066067,0.068727,0.045685,-0.052895,-0.625241,-0.023869,-0.780066,-0.286505,-0.922721,0.257874,-0.725939,0.384727,0.570084,0.006713,-0.002467,-0.002037,0.001078,-0.014733,0.029497,-0.34022
11,0.108822,-0.013676,0.346507,0.6855,-0.030038,-0.727484,0.30961,0.916342,0.253833,0.658151,-0.399197,0.638362,-0.000461,-0.001868,-0.001684,0.0,0.0,0.0,-0.181949,-0.226796,-0.015311,0.321157,0.428192,0.267611,0.863149,-0.723378,0.673901,0.150051,-0.542034,-0.688963,0.481032,0.0,1e-06,1e-06,0.0,0.0,0.0,0.07045,0.016462,0.040054,-0.033766,-0.402862,-0.338525,0.850353,0.809776,-0.564848,0.158773,0.426572,0.75256,0.501686,-2e-06,-4e-06,-1.1e-05,-1e-05,3.1e-05,-2.6e-05,-0.070476,0.068781,0.045668,-0.052929,-0.624945,-0.023565,-0.780312,-0.286706,-0.922767,0.257487,-0.726114,0.384636,0.569922,0.006813,-0.002065,-0.001679,0.00037,-0.001101,0.004138,-0.35361
12,0.109093,-0.013637,0.346424,0.686726,-0.029401,-0.726353,0.309375,0.916001,0.255346,0.656982,-0.400027,0.639046,0.0001,0.000407,0.000367,-0.0,0.0,-0.0,-0.22203,-0.226807,-0.015293,0.321146,0.428199,0.267617,0.863144,-0.723348,0.673938,0.150027,-0.542068,-0.688924,0.481049,0.0,0.0,0.0,0.0,0.0,0.0,0.069221,0.016457,0.040063,-0.033771,-0.402869,-0.338531,0.850348,0.809752,-0.564888,0.158748,0.426611,0.752526,0.501702,-2e-06,-1e-06,-7e-06,-1e-05,5e-06,-3e-05,-0.076028,0.068916,0.045686,-0.052972,-0.626234,-0.024234,-0.779257,-0.286606,-0.922372,0.259009,-0.725042,0.38554,0.570676,0.007452,0.004591,-0.004882,0.03645,-0.031445,0.047062,-0.383002
13,0.10933,-0.013635,0.346391,0.685903,-0.034136,-0.726923,0.31538,0.914163,0.254582,0.654987,-0.403828,0.638703,2e-06,8e-06,7e-06,-0.0,0.0,0.0,-0.27412,-0.226821,-0.015303,0.321122,0.428134,0.267637,0.86317,-0.723364,0.673936,0.14996,-0.542098,-0.688919,0.481023,-0.000114,-0.000627,-0.000636,0.0,0.0,0.0,0.070954,0.01645,0.040059,-0.033783,-0.402801,-0.338543,0.850375,0.809769,-0.564882,0.158681,0.426642,0.752526,0.501677,-7.4e-05,-0.000405,-0.000413,-2.5e-05,-8e-06,1.1e-05,-0.076518,0.069035,0.045689,-0.052987,-0.625579,-0.019465,-0.779917,-0.292625,-0.920847,0.257699,-0.723201,0.389435,0.570368,0.007064,-0.001036,-0.000754,0.001123,-0.014766,0.02937,-0.417783
14,0.109437,-0.013652,0.346392,0.686935,-0.041433,-0.725569,0.325893,0.909929,0.256506,0.648738,-0.412604,0.639472,0.000193,0.00079,0.000712,-0.11739,0.051422,0.079783,-0.298149,-0.226823,-0.015315,0.32111,0.428095,0.267647,0.863187,-0.723382,0.673924,0.14993,-0.542106,-0.688926,0.481003,-9.6e-05,-0.000527,-0.000535,0.0,0.0,0.0,0.073364,0.016449,0.040053,-0.033789,-0.402761,-0.338547,0.850392,0.809785,-0.564868,0.158651,0.426649,0.752535,0.501658,-5.9e-05,-0.000327,-0.000332,-2.1e-05,5e-06,5e-06,-0.075375,0.069089,0.045679,-0.052988,-0.627083,-0.012289,-0.778855,-0.303318,-0.917105,0.258681,-0.717471,0.398455,0.571374,0.007192,-0.000506,-0.000279,-0.392088,0.157829,0.300977,-0.436561
15,0.109647,-0.013642,0.346392,0.685311,-0.058139,-0.725957,0.347774,0.901937,0.255997,0.639037,-0.427829,0.639235,0.000183,0.00075,0.000675,-0.108327,0.0382,0.095386,-0.345706,-0.226837,-0.015349,0.321105,0.427986,0.267669,0.863234,-0.723457,0.673856,0.14987,-0.542092,-0.688984,0.480937,-1.3e-05,-7.1e-05,-7.3e-05,0.0,0.0,0.0,0.075235,0.016441,0.040034,-0.033793,-0.402651,-0.338555,0.850442,0.809852,-0.564789,0.158594,0.426627,0.752591,0.501592,-3e-06,-1.6e-05,-1.8e-05,-1.5e-05,4e-06,2e-06,-0.072762,0.069194,0.045685,-0.052986,-0.626164,0.004538,-0.779677,-0.325503,-0.910193,0.256116,-0.708495,0.414158,0.571407,0.000111,0.000471,0.000415,-0.362636,0.128464,0.322569,-0.472975
16,0.109887,-0.013668,0.346416,0.685994,-0.080871,-0.72313,0.378847,0.888173,0.259989,0.620391,-0.452202,0.640824,0.000106,0.000434,0.000391,-1.199793,0.431366,1.063233,-0.390322,-0.226859,-0.015356,0.321113,0.427927,0.267684,0.863258,-0.723498,0.67382,0.149836,-0.542084,-0.689013,0.480903,-0.0,-0.0,-0.0,0.0,0.0,0.0,0.075374,0.016431,0.040031,-0.033788,-0.40259,-0.338561,0.850468,0.809887,-0.564747,0.158562,0.426616,0.752619,0.501558,-0.007233,0.00053,0.000788,-0.002062,0.015188,-0.029231,-0.071783,0.069314,0.045673,-0.052973,-0.628139,0.027081,-0.777629,-0.357127,-0.897945,0.257203,-0.691303,0.439272,0.573706,5.2e-05,0.000196,0.00018,-1.203851,0.435076,1.084359,-0.507429
17,0.110287,-0.013702,0.346422,0.684554,-0.100732,-0.722,0.404924,0.876108,0.261617,0.60535,-0.471317,0.641434,0.000257,0.00106,0.000955,-0.03232,0.011711,0.028714,-0.45611,-0.226901,-0.015347,0.321124,0.427858,0.267707,0.863286,-0.72353,0.673798,0.149779,-0.542095,-0.689026,0.480873,0.0,2e-06,2e-06,0.0,0.0,0.0,0.07554,0.01641,0.040036,-0.033783,-0.402519,-0.338575,0.850496,0.809918,-0.564719,0.158505,0.426626,0.752634,0.501528,-0.0,-1e-06,1e-06,-5e-06,-1e-06,4e-06,-0.071293,0.069508,0.045655,-0.052971,-0.627691,0.047293,-0.777024,-0.38414,-0.886979,0.256328,-0.677082,0.459381,0.574916,0.007249,-0.000233,-4.5e-05,-0.358396,0.116088,0.353098,-0.548742
18,0.110558,-0.013715,0.346417,0.682202,-0.113271,-0.722368,0.420841,0.868715,0.261148,0.597108,-0.482012,0.641212,0.014455,-0.000684,-0.000262,-1.196933,0.418353,1.092887,-0.472364,-0.226914,-0.01535,0.321107,0.427812,0.267723,0.863303,-0.723537,0.673802,0.149728,-0.542122,-0.689017,0.480857,-7.5e-05,-0.000414,-0.00042,0.0,0.0,0.0,0.076154,0.016403,0.040036,-0.033791,-0.402472,-0.338584,0.850515,0.809927,-0.56472,0.158454,0.426653,0.752629,0.501512,-5.7e-05,-0.000317,-0.000321,-1.2e-05,4e-06,1.6e-05,-0.071456,0.069644,0.045649,-0.052974,-0.62602,0.058812,-0.777585,-0.398865,-0.880989,0.254486,-0.670078,0.469465,0.574975,0.014438,-0.001284,-0.000656,-3.999013,1.414846,3.594913,-0.56997
19,0.111129,-0.013664,0.346475,0.677327,-0.134403,-0.723333,0.447455,0.855683,0.259928,0.583171,-0.499544,0.640621,0.015111,0.002093,0.002226,-0.358793,0.114571,0.34819,-0.495552,-0.226933,-0.015375,0.321052,0.427683,0.267762,0.863355,-0.723568,0.673798,0.149596,-0.542183,-0.689005,0.480805,-0.000239,-0.00131,-0.001331,0.0,0.0,0.0,0.081832,0.016394,0.040024,-0.033817,-0.40234,-0.338605,0.850569,0.809959,-0.564711,0.158324,0.426716,0.752627,0.501462,-0.000152,-0.000837,-0.000849,6e-06,2.5e-05,-2.5e-05,-0.067864,0.069929,0.04567,-0.052948,-0.621954,0.081014,-0.778851,-0.426998,-0.868831,0.250607,-0.656388,0.488434,0.574966,0.00767,0.001514,0.001531,-1.201107,0.408414,1.136516,-0.591034
20,0.111809,-0.013529,0.346624,0.667252,-0.171687,-0.724806,0.494045,0.830232,0.258081,0.556624,-0.530074,0.639702,0.015765,0.004937,0.004759,-0.031022,-0.016707,0.0838,-0.584979,-0.226983,-0.015432,0.320938,0.427519,0.267819,0.863419,-0.723588,0.673818,0.149407,-0.542285,-0.688963,0.480749,-0.000537,-0.002941,-0.002991,-0.001577,0.014846,-0.024648,0.081983,0.01637,0.039998,-0.033872,-0.402191,-0.338636,0.850627,0.809978,-0.564732,0.15815,0.426822,0.752597,0.501418,-0.00019,-0.001048,-0.001065,4e-06,6e-06,-1.8e-05,-0.064924,0.070262,0.045733,-0.052877,-0.613603,0.118924,-0.780607,-0.474699,-0.845557,0.244322,-0.630992,0.52047,0.575289,0.007816,0.002238,0.002148,-0.362249,0.101776,0.377498,-0.636429
21,0.112645,-0.01336,0.346984,0.649805,-0.223918,-0.726402,0.558393,0.788998,0.256226,0.514953,-0.571833,0.638637,0.030555,-0.002174,0.017008,-4.078993,1.386803,3.651225,-0.695824,-0.227006,-0.015473,0.320852,0.427461,0.267843,0.86344,-0.723574,0.673853,0.149318,-0.542349,-0.688919,0.480739,-0.000164,-0.000896,-0.000912,0.0,0.0,0.0,0.07267,0.016357,0.039972,-0.03392,-0.402111,-0.338655,0.850658,0.809979,-0.564761,0.158045,0.426896,0.752567,0.501399,-0.000107,-0.000594,-0.000604,-7e-06,4e-06,6e-06,-0.0677,0.070674,0.045814,-0.052707,-0.599503,0.168126,-0.782515,-0.535842,-0.810556,0.23637,-0.594533,0.561009,0.57602,0.015271,-0.001039,0.008517,-0.395998,0.087782,0.413705,-0.709746
22,0.113111,-0.013262,0.347245,0.640809,-0.249867,-0.725931,0.587223,0.76861,0.253735,0.493766,-0.588565,0.640167,0.030889,-0.0006,0.018374,-0.379977,0.215024,0.255357,-0.750165,-0.227008,-0.015485,0.320839,0.427422,0.267853,0.863456,-0.723591,0.673842,0.149287,-0.542357,-0.688927,0.480719,-2.6e-05,-0.000145,-0.000147,0.0,0.0,0.0,0.067852,0.016356,0.039965,-0.033928,-0.402071,-0.338659,0.850675,0.809995,-0.564746,0.158015,0.426902,0.752576,0.50138,-3e-06,-2.5e-05,-2.3e-05,-1e-06,-6e-06,1e-06,-0.073089,0.070913,0.045868,-0.052573,-0.590627,0.198531,-0.782141,-0.56991,-0.788821,0.230136,-0.57128,0.581675,0.579044,0.008661,0.005977,0.005459,-1.202597,0.415865,1.143745,-0.750895
23,0.114188,-0.013038,0.347887,0.615643,-0.308213,-0.725282,0.651582,0.716724,0.248435,0.442496,-0.625142,0.642979,0.031865,0.012229,0.011398,-1.19157,0.408608,1.178735,-0.87535,-0.227001,-0.015457,0.320883,0.427524,0.267825,0.863414,-0.723559,0.673855,0.149382,-0.542319,-0.688925,0.480765,0.00038,0.002079,0.002115,0.001576,-0.014847,0.024647,0.066323,0.016359,0.039977,-0.033908,-0.402175,-0.338645,0.850631,0.809964,-0.564765,0.158109,0.426864,0.752569,0.501425,0.0002,0.001095,0.001116,0.001573,-0.014839,0.024648,-0.078967,0.071464,0.045983,-0.052242,-0.568314,0.258189,-0.781253,-0.636012,-0.740238,0.218026,-0.522021,0.620794,0.584899,0.015967,0.006341,0.005874,-1.216723,0.378479,1.176141,-0.841522
24,0.115481,-0.012799,0.348746,0.582898,-0.372429,-0.722199,0.716049,0.655545,0.239805,0.383405,-0.656446,0.649697,0.032353,0.006715,0.02459,0.056125,0.360668,0.412712,-1.007316,-0.226985,-0.015398,0.321001,0.427756,0.267756,0.863321,-0.723511,0.673854,0.149623,-0.542201,-0.688953,0.480858,0.000576,0.003157,0.00321,0.001577,-0.014845,0.024649,0.061831,0.016367,0.040006,-0.033849,-0.402393,-0.338611,0.850542,0.809918,-0.564767,0.158334,0.426744,0.752582,0.501505,0.000219,0.001204,0.001224,-4e-06,-1.2e-05,1.2e-05,-0.08207,0.07211,0.0461,-0.051815,-0.538547,0.32325,-0.778123,-0.702659,-0.681946,0.203022,-0.465012,0.656093,0.594395,0.016185,0.003526,0.012406,0.121195,0.461578,0.455756,-0.931495
25,0.116164,-0.012678,0.34923,0.56526,-0.401604,-0.720584,0.744342,0.624844,0.235578,0.354947,-0.669021,0.653032,0.032412,0.00729,0.025004,-1.101983,0.598548,1.306646,-1.089419,-0.226986,-0.015349,0.321052,0.427756,0.267757,0.863321,-0.723512,0.673853,0.149622,-0.5422,-0.688953,0.480859,0.000417,0.002285,0.002322,0.0,0.0,0.0,0.056919,0.016367,0.040034,-0.03382,-0.402412,-0.33861,0.850533,0.809911,-0.564773,0.158348,0.42674,0.752578,0.501516,0.000256,0.001411,0.001436,1e-05,-1.2e-05,-1.6e-05,-0.086315,0.07244,0.04616,-0.05158,-0.523212,0.352883,-0.775707,-0.730714,-0.654158,0.195277,-0.438525,0.668992,0.60012,0.016431,0.00424,0.01305,-3.868525,1.662827,3.712703,-0.987667
26,0.117659,-0.012478,0.350279,0.538797,-0.446309,-0.714529,0.780554,0.583545,0.224016,0.316316,-0.67787,0.663674,0.046284,0.005389,0.023379,-0.04516,0.726604,0.798584,-1.146052,-0.226957,-0.015237,0.32115,0.428122,0.267668,0.863166,-0.723336,0.67398,0.149899,-0.542145,-0.688864,0.481049,0.000544,0.002982,0.003026,0.001577,-0.014845,0.024649,0.048819,0.016381,0.040089,-0.033772,-0.402765,-0.338575,0.85038,0.809758,-0.564921,0.158604,0.426698,0.752483,0.501694,0.000187,0.001033,0.001049,2e-06,-2.5e-05,1.1e-05,-0.096439,0.073171,0.046262,-0.051061,-0.499575,0.396873,-0.77001,-0.76756,-0.614868,0.181074,-0.401592,0.68149,0.611796,0.023253,0.002817,0.011814,-3.868959,1.539948,3.726552,-1.048738
27,0.119231,-0.012317,0.351234,0.527266,-0.470533,-0.707555,0.794128,0.569082,0.213257,0.301664,-0.673745,0.674606,0.046038,0.005059,0.022902,0.263616,0.513023,0.447184,-1.220407,-0.226992,-0.015129,0.321262,0.428208,0.267654,0.863128,-0.723301,0.674003,0.149964,-0.542125,-0.688846,0.481097,-0.013845,0.00443,0.004986,-0.000468,0.00036,-0.004597,0.037802,0.016369,0.040141,-0.033719,-0.402873,-0.338569,0.850331,0.809716,-0.564958,0.158685,0.426676,0.752457,0.501751,0.000281,0.001555,0.001578,-3e-06,4e-06,7e-06,-0.110482,0.073958,0.046344,-0.050581,-0.489108,0.423047,-0.76276,-0.781879,-0.600238,0.168459,-0.386572,0.678781,0.624353,0.022948,0.002279,0.011208,0.059778,0.233537,0.048652,-1.063107
28,0.119992,-0.012284,0.351702,0.526024,-0.477733,-0.703645,0.795519,0.56896,0.208342,0.300167,-0.668759,0.680212,0.045115,-0.007285,0.030193,0.135231,0.358894,0.3099,-1.255642,-0.227058,-0.015068,0.321326,0.430764,0.267357,0.861947,-0.722851,0.673954,0.152337,-0.5407,-0.68901,0.482465,0.000608,0.003333,0.003377,0.001519,-0.014951,0.024784,0.036314,0.016331,0.040174,-0.033683,-0.405467,-0.338629,0.849073,0.809206,-0.565007,0.161091,0.425182,0.752393,0.503112,0.000299,0.001648,0.001671,0.003582,-0.011359,0.020175,-0.115381,0.074351,0.046371,-0.050339,-0.488443,0.431961,-0.758177,-0.782946,-0.600561,0.162238,-0.385251,0.672856,0.631542,0.015791,0.00261,0.011365,0.23712,0.579477,0.182362,-1.084498
29,0.121545,-0.012336,0.352586,0.523305,-0.494301,-0.694164,0.798577,0.568729,0.196961,0.296789,-0.656797,0.693225,0.030336,-0.008793,0.028619,0.220039,0.648829,0.196637,-1.339618,-0.227341,-0.01493,0.321477,0.43238,0.267324,0.861148,-0.722823,0.673617,0.153951,-0.539447,-0.689352,0.483377,0.000592,0.003231,0.003269,0.001575,-0.014845,0.024649,0.026549,0.016195,0.040242,-0.03361,-0.407013,-0.338814,0.84826,0.809103,-0.564703,0.16267,0.4239,0.752539,0.503977,-0.00697,0.001941,0.002212,-0.001863,0.015521,-0.029636,-0.124035,0.075133,0.046347,-0.049894,-0.487183,0.447812,-0.749744,-0.785019,-0.600707,0.15131,-0.382618,0.662279,0.644196,0.022301,-0.000349,0.008846,0.278895,0.565947,0.441464,-1.108176
30,0.122986,-0.012557,0.353457,0.521295,-0.50612,-0.687123,0.80102,0.567883,0.189337,0.293736,-0.648468,0.702307,0.030123,-0.00953,0.027904,0.16594,0.439392,0.311704,-1.43878,-0.227777,-0.014809,0.321644,0.431488,0.2676,0.86151,-0.723267,0.673301,0.153243,-0.539564,-0.689554,0.482959,-0.01391,0.003979,0.004508,-0.002045,0.015205,-0.029245,-0.007482,0.015972,0.040305,-0.033523,-0.406091,-0.338966,0.84864,0.809514,-0.564315,0.161969,0.423999,0.752761,0.503561,-0.00695,0.002027,0.0023,-0.002045,0.015224,-0.029255,-0.153265,0.075864,0.04623,-0.049452,-0.486391,0.460355,-0.742627,-0.786847,-0.600296,0.14323,-0.379859,0.654001,0.654208,0.015036,-0.004841,0.013861,0.23911,0.562363,0.36606,-1.11732
31,0.124248,-0.012783,0.354397,0.528532,-0.510388,-0.678382,0.79808,0.571107,0.192032,0.288767,-0.642262,0.710028,0.030094,-0.009386,0.027943,-0.418346,0.605654,-0.410505,-1.469383,-0.228535,-0.014636,0.321948,0.440296,0.266802,0.857291,-0.722129,0.672543,0.161706,-0.533949,-0.690601,0.48768,-0.027969,0.007032,0.008046,-0.011185,0.017376,-0.041727,-0.041375,0.015603,0.040387,-0.033376,-0.414978,-0.339378,0.844165,0.808064,-0.563868,0.170541,0.41812,0.752911,0.508232,-0.006674,0.003487,0.003767,-0.02187,-0.039295,0.046329,-0.190985,0.076484,0.046119,-0.048993,-0.493965,0.465473,-0.734392,-0.784075,-0.603525,0.144855,-0.375798,0.647372,0.663086,0.015149,-0.004111,0.014438,-1.393946,1.807191,-1.789208,-1.131526
32,0.124817,-0.01291,0.354921,0.541525,-0.50031,-0.675638,0.784875,0.588812,0.192985,0.300605,-0.634173,0.712382,0.01622,-0.007082,0.029743,1.130902,-0.174812,-1.057243,-1.475521,-0.229,-0.014509,0.322151,0.446387,0.266315,0.854286,-0.721419,0.671849,0.167652,-0.529839,-0.691464,0.490929,-0.027613,0.008839,0.009846,-0.004651,0.011668,-0.028804,-0.048173,0.01537,0.040448,-0.033277,-0.421024,-0.339732,0.841023,0.807139,-0.563362,0.176491,0.413841,0.75313,0.5114,-0.013824,0.004363,0.004877,-0.004722,0.011047,-0.027998,-0.203721,0.076774,0.046054,-0.048732,-0.506515,0.4555,-0.732093,-0.77112,-0.619185,0.148267,-0.385766,0.639631,0.664872,0.015183,-0.004419,0.014199,3.763304,-0.785359,-3.963555,-1.131852
33,0.125649,-0.013192,0.356182,0.552528,-0.495751,-0.670066,0.775542,0.60031,0.195281,0.304756,-0.626944,0.717002,0.01637,-0.014607,0.041137,-0.037267,0.136909,0.095093,-1.501354,-0.230122,-0.014216,0.32266,0.459695,0.267781,0.846738,-0.719683,0.670864,0.178692,-0.520749,-0.691855,0.500019,-0.041419,0.001573,0.022348,-0.049512,-0.039825,-0.04949,-0.080648,0.014814,0.040596,-0.033029,-0.433797,-0.343247,0.833067,0.805027,-0.562904,0.187264,0.40466,0.751877,0.520509,-0.013502,0.005945,0.006444,-0.080296,-0.176496,0.167482,-0.227562,0.077189,0.045913,-0.048109,-0.518534,0.449627,-0.727294,-0.760332,-0.631587,0.15163,-0.391172,0.631611,0.669366,0.008392,-0.001869,0.016213,0.016744,0.153577,0.130564,-1.134629
34,0.126073,-0.013544,0.357644,0.556375,-0.494579,-0.667745,0.77112,0.606686,0.193075,0.308935,-0.621716,0.71976,0.002298,-0.01348,0.041927,-0.07706,-0.02913,0.197085,-1.504426,-0.231605,-0.013925,0.323468,0.47014,0.269287,0.840502,-0.718091,0.670292,0.187051,-0.513578,-0.691828,0.50742,-0.04068,0.005064,0.025729,0.000429,-0.15197,0.065856,-0.127975,0.014072,0.040739,-0.032628,-0.443674,-0.346029,0.82669,0.803238,-0.562631,0.195586,0.397443,0.750806,0.527568,-0.020386,0.002376,0.012735,-0.00787,-0.035325,-0.142633,-0.266752,0.077408,0.045735,-0.04736,-0.52249,0.448691,-0.725037,-0.755511,-0.63779,0.149752,-0.395229,0.626018,0.67223,0.001125,-0.00675,0.020947,-0.099994,-0.06914,0.181024,-1.124994
35,0.126234,-0.013766,0.358403,0.555636,-0.497209,-0.666406,0.772377,0.605343,0.192265,0.307124,-0.620925,0.721217,0.016245,-0.015075,0.040636,-0.085492,0.039529,0.046229,-1.504618,-0.23244,-0.013806,0.323977,0.47623,0.271151,0.836465,-0.717104,0.670189,0.19116,-0.50933,-0.691202,0.512529,-0.040533,0.005612,0.026205,0.025835,-0.211775,-0.005367,-0.152601,0.013655,0.040801,-0.032371,-0.449384,-0.348363,0.822615,0.802111,-0.562731,0.199876,0.393282,0.749651,0.532308,-0.027363,0.003985,0.014518,0.054076,-0.263093,-0.050049,-0.289612,0.077482,0.045629,-0.046996,-0.52199,0.45136,-0.72374,-0.756722,-0.636583,0.148774,-0.39357,0.625329,0.673844,0.001306,-0.001518,0.016415,-0.069884,0.008671,0.021862,-1.124341
36,0.126436,-0.014332,0.359937,0.563265,-0.490278,-0.665136,0.763755,0.616088,0.192576,0.314673,-0.61586,0.722305,0.001979,-0.015102,0.04051,-0.103881,0.018617,-0.00087,-1.52045,-0.234074,-0.01365,0.325155,0.488312,0.277166,0.82748,-0.714959,0.67067,0.197408,-0.50084,-0.688351,0.52459,-0.03999,-0.003153,0.036636,0.026787,-0.305622,-0.054648,-0.209219,0.012823,0.040881,-0.031772,-0.460339,-0.356018,0.813227,0.799896,-0.563663,0.20603,0.385036,0.745341,0.544254,-0.019997,-0.001475,0.018447,0.040712,-0.325253,-0.071709,-0.340396,0.077589,0.045348,-0.046227,-0.52935,0.443858,-0.723033,-0.747661,-0.646849,0.150291,-0.400986,0.620141,0.674266,0.000917,-0.007803,0.020044,-0.10496,-0.083304,0.172207,-1.128424
37,0.12654,-0.014853,0.361518,0.570965,-0.485371,-0.662163,0.755126,0.626974,0.191468,0.321522,-0.608731,0.725325,0.002311,-0.013319,0.041915,-0.087668,-0.048865,0.18727,-1.605235,-0.235693,-0.013777,0.326465,0.497633,0.285867,0.818922,-0.710732,0.67549,0.196231,-0.497679,-0.680037,0.538264,-0.040403,-0.005345,0.034336,0.554567,-0.528285,0.016138,-0.3,0.01203,0.040825,-0.031125,-0.467995,-0.364319,0.80514,0.796526,-0.568522,0.205736,0.382787,0.737599,0.556256,-0.020319,-0.003063,0.016833,1.309673,0.252101,0.940042,-0.416816,0.07764,0.045083,-0.04544,-0.537207,0.438781,-0.720332,-0.738375,-0.657454,0.150183,-0.407688,0.612555,0.677174,0.001137,-0.006623,0.020984,-0.111153,0.010262,-0.001311,-1.129076
38,0.126596,-0.015184,0.363264,0.584734,-0.473276,-0.658895,0.738466,0.646731,0.19073,0.335139,-0.597507,0.728488,-0.01021,-0.004254,0.049132,-0.08658,0.050317,0.007005,-1.71509,-0.237184,-0.014091,0.32787,0.517022,0.29257,0.804415,-0.700618,0.684442,0.201516,-0.492244,-0.668137,0.557811,-0.040126,-0.004138,0.035406,0.094412,-0.659817,0.043641,-0.349645,0.011269,0.040662,-0.030412,-0.486137,-0.374744,0.789453,0.787517,-0.579451,0.209887,0.378795,0.723742,0.57681,-0.020081,-0.002041,0.017749,0.134685,-0.723575,0.004794,-0.48752,0.077671,0.044905,-0.044577,-0.550544,0.426178,-0.717825,-0.720847,-0.676379,0.15129,-0.421046,0.600734,0.679586,0.001849,-0.002802,0.024033,-0.098663,0.001367,0.019052,-1.128097
39,0.126568,-0.015208,0.364283,0.592345,-0.470688,-0.653931,0.731441,0.654471,0.191398,0.337159,-0.591097,0.732772,0.004845,0.000199,0.052643,0.049823,0.216924,-0.03744,-1.795826,-0.237805,-0.014223,0.328578,0.532118,0.29179,0.794796,-0.689988,0.693384,0.207534,-0.491188,-0.659193,0.569265,-0.025703,-0.005126,0.03401,0.113021,-0.640088,0.348972,-0.353637,0.010968,0.040599,-0.030071,-0.500498,-0.376405,0.779627,0.778436,-0.589756,0.214998,0.378864,0.714497,0.588179,-0.020067,-0.002016,0.017744,0.192367,-1.022888,0.915242,-0.504339,0.077651,0.044887,-0.044073,-0.558348,0.422973,-0.71368,-0.71358,-0.683639,0.1531,-0.423143,0.594752,0.683534,-0.004405,0.001741,0.02763,0.207203,0.321528,-0.394226,-1.128423
40,0.126408,-0.014894,0.366822,0.597719,-0.470859,-0.648899,0.726333,0.660662,0.189571,0.338704,-0.584039,0.737703,0.007398,0.005298,0.073716,-0.087344,0.097357,0.106978,-1.891756,-0.238869,-0.014381,0.329917,0.54443,0.298162,0.78402,-0.683041,0.700018,0.20824,-0.4874,-0.649259,0.583752,-0.025761,-0.005526,0.033523,0.073762,-0.398004,-0.103562,-0.349025,0.010436,0.040523,-0.029398,-0.511821,-0.383821,0.768583,0.772329,-0.597371,0.215996,0.376225,0.704151,0.602183,-0.012805,-0.002303,0.017225,0.161071,-0.655231,0.01545,-0.514463,0.077569,0.045035,-0.042817,-0.564233,0.423383,-0.708793,-0.707977,-0.689781,0.151557,-0.424746,0.587323,0.688943,-0.002964,0.009305,0.033443,-0.062833,0.071071,0.118501,-1.133975
41,0.126656,-0.014314,0.369626,0.598208,-0.471044,-0.648313,0.725994,0.661055,0.189502,0.338569,-0.583445,0.738235,0.008551,0.011731,0.078088,0.938746,-0.332362,-1.13927,-1.893138,-0.239692,-0.014464,0.330991,0.547989,0.29858,0.781376,-0.680765,0.701896,0.209366,-0.486599,-0.647034,0.586883,-0.026343,-0.008286,0.030775,-0.061814,-0.054236,0.103759,-0.329912,0.010016,0.040482,-0.028845,-0.515092,-0.38553,0.765536,0.770569,-0.59942,0.216605,0.37537,0.701471,0.605834,-0.013217,-0.004255,0.015294,-0.074528,-0.040673,0.118653,-0.503359,0.077694,0.045331,-0.04141,-0.563916,0.424439,-0.708412,-0.708911,-0.688807,0.15162,-0.423606,0.587703,0.689319,0.011479,0.010398,0.034014,3.465093,-1.103525,-3.957146,-1.129893
42,0.126907,-0.013981,0.371032,0.602201,-0.464876,-0.649069,0.720033,0.667419,0.18994,0.344159,-0.581152,0.737458,0.008944,0.022562,0.068879,0.975363,-0.3472,-1.120183,-1.893688,-0.239982,-0.01442,0.331371,0.548058,0.298086,0.781517,-0.680237,0.702441,0.209255,-0.487259,-0.64667,0.586735,-0.012182,0.000322,0.019685,-0.022856,-0.079757,0.146756,-0.322047,0.009875,0.040504,-0.028663,-0.515127,-0.384923,0.765817,0.77016,-0.599992,0.216475,0.376158,0.701315,0.605525,-0.006069,0.005668,0.005663,0.004977,0.013006,-0.013046,-0.497808,0.077824,0.045508,-0.040673,-0.568065,0.417237,-0.709376,-0.701912,-0.695652,0.152923,-0.429674,0.584791,0.688039,0.00449,0.01153,0.034636,0.976156,-0.357573,-1.141184,-1.129076
43,0.127347,-0.013261,0.373812,0.607365,-0.456014,-0.650541,0.711879,0.675873,0.190779,0.351936,-0.578409,0.735942,0.008472,0.011963,0.077162,0.941455,-0.321985,-1.161424,-1.893998,-0.240238,-0.014175,0.331857,0.547151,0.297942,0.782207,-0.680227,0.702738,0.20829,-0.488293,-0.646413,0.586159,0.00162,0.007326,0.007047,0.001589,-0.014426,0.024896,-0.297697,0.009742,0.040625,-0.028413,-0.514427,-0.384583,0.766459,0.770122,-0.600335,0.215658,0.377194,0.701208,0.605005,0.000758,0.003469,0.003342,0.000122,-0.00091,0.002283,-0.478703,0.078042,0.04587,-0.039306,-0.57219,0.408843,-0.710947,-0.694273,-0.702923,0.154542,-0.436558,0.582019,0.686054,0.004602,0.011725,0.034476,3.482509,-1.087792,-3.96937,-1.137731
44,0.127669,-0.012385,0.376476,0.609642,-0.450727,-0.652094,0.707571,0.680252,0.191236,0.356641,-0.577425,0.734448,0.009226,0.033384,0.058488,-0.065166,-0.045346,0.120781,-1.894136,-0.240107,-0.013953,0.332026,0.546335,0.298223,0.78267,-0.680678,0.702502,0.207612,-0.488577,-0.646542,0.585782,0.000878,0.003981,0.003822,0.001589,-0.014428,0.024894,-0.27747,0.009808,0.040738,-0.028327,-0.51362,-0.384728,0.766927,0.770519,-0.600058,0.215007,0.377482,0.701365,0.604643,0.00744,0.000681,0.000477,0.00268,-0.015029,0.029791,-0.457801,0.078203,0.046301,-0.037967,-0.574899,0.402266,-0.712511,-0.68855,-0.708279,0.155688,-0.44203,0.580104,0.684169,0.004378,0.011392,0.033776,-0.100572,-0.030891,0.104315,-1.142466
45,0.128038,-0.011332,0.378863,0.606444,-0.452614,-0.653767,0.711064,0.676652,0.191055,0.355151,-0.580168,0.733007,0.008689,0.030827,0.055897,-0.065107,-0.044968,0.120954,-1.894061,-0.239653,-0.013987,0.331995,0.549649,0.289115,0.783766,-0.671981,0.710305,0.209384,-0.496845,-0.642122,0.583684,0.013993,-0.002683,-0.00294,0.000582,-0.000328,0.004789,-0.276667,0.01003,0.040725,-0.028338,-0.51827,-0.376106,0.768075,0.762953,-0.609105,0.21655,0.386393,0.698237,0.602631,0.007098,-0.000882,-0.001039,0.00734,-0.021781,0.027237,-0.448984,0.078392,0.046844,-0.036748,-0.57157,0.404331,-0.714019,-0.692277,-0.704772,0.155071,-0.440521,0.582933,0.682736,0.004278,0.015249,0.027824,-0.065545,-0.044838,0.121419,-1.142956
46,0.128181,-0.010807,0.379882,0.6076,-0.449887,-0.654576,0.708605,0.679302,0.190789,0.358071,-0.579197,0.732355,0.007581,0.024865,0.051298,-0.06705,-0.020713,0.068703,-1.894782,-0.239336,-0.01403,0.331931,0.549884,0.28637,0.784609,-0.671382,0.710263,0.211442,-0.497397,-0.643396,0.58181,0.013983,-0.002736,-0.002996,-0.010487,0.014907,0.047512,-0.276969,0.010188,0.040701,-0.028373,-0.518889,-0.373239,0.769055,0.76233,-0.609101,0.218742,0.386789,0.699777,0.600587,0.014061,-0.002383,-0.002669,0.007263,-0.021868,0.067356,-0.447841,0.078462,0.047106,-0.036251,-0.572577,0.401495,-0.714812,-0.689629,-0.707359,0.155096,-0.443359,0.58176,0.6819,0.003819,0.012784,0.025901,-0.066171,-0.032414,0.095719,-1.144753
47,0.128328,-0.009893,0.381598,0.604966,-0.451393,-0.655977,0.711272,0.676659,0.190255,0.357247,-0.581111,0.73124,0.005862,0.015521,0.044218,-0.067025,-0.020558,0.068774,-1.894018,-0.238643,-0.014155,0.331778,0.551506,0.277329,0.786715,-0.662708,0.718348,0.211491,-0.507153,-0.638345,0.578943,0.013975,-0.002793,-0.00306,0.309237,0.474385,-0.565383,-0.277435,0.010523,0.040636,-0.028451,-0.524121,-0.364603,0.769649,0.754208,-0.61846,0.220624,0.395558,0.69611,0.599135,0.006915,-0.001753,-0.001886,0.011081,-0.024209,0.027088,-0.447677,0.078534,0.047561,-0.035402,-0.569955,0.403074,-0.716017,-0.692332,-0.70489,0.15429,-0.442523,0.583661,0.680817,0.002744,0.006876,0.021485,-0.068331,-0.008491,0.042929,-1.152264
48,0.128406,-0.009375,0.382933,0.612668,-0.444349,-0.653635,0.703872,0.682891,0.195437,0.358763,-0.579257,0.731968,0.003908,0.004763,0.036423,-0.068004,-0.008477,0.042628,-1.895098,-0.237964,-0.014253,0.331664,0.547994,0.27504,0.789967,-0.662805,0.718793,0.209669,-0.510821,-0.638832,0.575169,0.01425,-0.00152,-0.001847,0.00253,-0.013408,0.028166,-0.27794,0.010872,0.040582,-0.028513,-0.51872,-0.361984,0.774529,0.755077,-0.618872,0.216456,0.400981,0.69711,0.594348,0.007136,-0.000724,-0.000901,0.005703,-0.024926,0.027099,-0.447351,0.078576,0.047836,-0.034716,-0.577434,0.395755,-0.714106,-0.685143,-0.710569,0.160219,-0.444014,0.58178,0.681456,0.001917,0.006545,0.012858,-0.03276,-0.010747,0.036241,-1.151611
49,0.128422,-0.009265,0.383531,0.616846,-0.442886,-0.650691,0.700289,0.686196,0.196731,0.358611,-0.57647,0.734239,0.003231,0.001025,0.033749,1.070693,-0.185773,-1.14114,-1.894874,-0.237631,-0.014287,0.331636,0.544267,0.27551,0.792376,-0.66348,0.719295,0.205776,-0.513919,-0.638064,0.573258,0.014341,-0.001089,-0.001437,0.093426,0.131671,-0.149542,-0.278555,0.011039,0.040565,-0.028527,-0.515204,-0.362015,0.776858,0.755849,-0.619229,0.212712,0.404048,0.696778,0.592658,0.00719,-0.000467,-0.000657,0.338607,0.522807,-0.627082,-0.447351,0.078584,0.04789,-0.034418,-0.581024,0.395161,-0.711518,-0.682758,-0.712496,0.161835,-0.443003,0.579824,0.683776,0.001778,0.005141,0.011928,3.642045,-0.925488,-3.919504,-1.153244
50,0.128377,-0.00936,0.384741,0.61666,-0.443305,-0.650581,0.70149,0.684476,0.198432,0.35658,-0.578188,0.733878,0.002147,-0.004982,0.029504,-0.068982,0.003559,0.016461,-1.894801,-0.23704,-0.014345,0.331577,0.540894,0.275823,0.794573,-0.663906,0.719921,0.20218,-0.51692,-0.637222,0.571493,0.014149,-0.001993,-0.002314,0.002045,-0.015205,0.029245,-0.27809,0.011335,0.040539,-0.028554,-0.511713,-0.361897,0.779217,0.756488,-0.619723,0.208965,0.407275,0.696399,0.590892,-8.9e-05,-0.000431,-0.000424,-0.00175,-0.00237,0.002532,-0.447024,0.078561,0.047841,-0.033814,-0.581574,0.39465,-0.711351,-0.682973,-0.711932,0.1634,-0.441948,0.580863,0.683577,0.000924,-0.003211,0.014252,-0.071482,0.01322,-0.010258,-1.155856
51,0.128242,-0.009989,0.385988,0.616283,-0.448449,-0.647406,0.703889,0.68233,0.197327,0.352493,-0.57675,0.736977,0.000409,-0.023072,0.033447,-0.078527,0.090006,-0.001668,-1.894641,-0.236573,-0.014409,0.331502,0.5393,0.275929,0.795619,-0.664042,0.720277,0.200457,-0.518409,-0.636774,0.570644,-8.3e-05,-0.000395,-0.00038,-0.0,0.0,0.0,-0.277706,0.011574,0.040505,-0.028593,-0.51018,-0.361787,0.780273,0.7567,-0.620031,0.207279,0.408803,0.696183,0.590092,0.007095,-0.000915,-0.00109,0.001495,-0.015821,0.029767,-0.446045,0.078494,0.047534,-0.033191,-0.581716,0.40011,-0.708179,-0.68536,-0.709991,0.161838,-0.438048,0.579502,0.687233,-0.006642,-0.011362,0.016916,-0.082336,0.022316,0.120845,-1.156509
52,0.128123,-0.011051,0.38717,0.61836,-0.451198,-0.643503,0.699618,0.689024,0.189083,0.357312,-0.566563,0.742537,-0.000741,-0.02944,0.029082,0.022171,0.330731,0.069025,-1.894544,-0.236265,-0.014451,0.331453,0.539485,0.27583,0.795528,-0.663919,0.720346,0.200616,-0.518375,-0.636738,0.570715,0.000238,0.001142,0.001098,0.001601,-0.014428,0.024893,-0.278093,0.011727,0.040481,-0.028622,-0.510361,-0.361722,0.780184,0.756598,-0.620106,0.207427,0.408767,0.696149,0.590156,-8e-06,-4.7e-05,-5.1e-05,-0.000128,-3.9e-05,-0.000101,-0.446535,0.078435,0.046993,-0.03259,-0.584173,0.402452,-0.704822,-0.680092,-0.71667,0.154459,-0.442962,0.569575,0.692364,-0.000453,-0.015062,0.014305,0.038599,0.373733,0.079066,-1.155366
53,0.128095,-0.011661,0.387749,0.6142,-0.456448,-0.643784,0.701808,0.68897,0.180991,0.360177,-0.562407,0.74431,-0.00083,-0.029944,0.028755,0.166013,0.201845,0.224161,-1.894791,-0.236156,-0.014454,0.331446,0.539335,0.275874,0.795615,-0.664003,0.7203,0.200503,-0.518423,-0.636771,0.570635,0.000163,0.000785,0.000754,-0.0,0.0,0.0,-0.278353,0.011782,0.04048,-0.028624,-0.510225,-0.361743,0.780264,0.756669,-0.620052,0.20733,0.408804,0.696187,0.590086,0.007277,-3.4e-05,-0.000241,0.001934,-0.015221,0.029157,-0.446698,0.07842,0.046694,-0.032314,-0.580294,0.407707,-0.705005,-0.681591,-0.716934,0.146416,-0.445748,0.56549,0.693923,-0.000476,-0.015203,0.014215,0.602698,-0.025351,0.686011,-1.15553
54,0.128099,-0.012936,0.38897,0.611223,-0.467443,-0.638709,0.704324,0.689341,0.169433,0.360334,-0.552835,0.751372,-0.001036,-0.039574,0.038641,0.10072,0.596687,0.153055,-1.894414,-0.236056,-0.014444,0.331453,0.538703,0.276094,0.795966,-0.664374,0.720095,0.20001,-0.518604,-0.636908,0.570318,0.000124,0.000595,0.000572,-0.0,0.0,0.0,-0.278497,0.011832,0.040486,-0.028619,-0.509574,-0.361877,0.780627,0.757019,-0.619786,0.206848,0.408968,0.696354,0.589775,9.5e-05,0.000454,0.000433,-8.3e-05,-8e-06,-4.9e-05,-0.446861,0.078421,0.046066,-0.031721,-0.57765,0.417685,-0.701325,-0.683172,-0.71761,0.135314,-0.44676,0.557291,0.699879,-0.000419,-0.0149,0.014448,-0.064962,0.160696,-0.009899,-1.158959
55,0.128169,-0.014088,0.390079,0.610074,-0.477813,-0.632099,0.706081,0.689808,0.159957,0.358845,-0.543302,0.759,-0.000748,-0.029559,0.029103,0.009679,0.297311,0.051066,-1.894298,-0.236054,-0.014438,0.331459,0.5381,0.276314,0.796298,-0.664732,0.719897,0.199535,-0.518771,-0.637037,0.570021,1e-06,3e-06,3e-06,-0.0,0.0,0.0,-0.278591,0.011833,0.040491,-0.028615,-0.508951,-0.362014,0.78097,0.757356,-0.619529,0.206383,0.40912,0.696512,0.589483,-3e-06,-1.4e-05,-1.3e-05,-5.9e-05,-1.1e-05,-3.1e-05,-0.447024,0.078456,0.045463,-0.031143,-0.578192,0.430346,-0.693177,-0.684165,-0.718615,0.124536,-0.444535,0.546254,0.709926,-0.000396,-0.014797,0.014539,-0.013947,0.262593,0.035116,-1.154223
56,0.128157,-0.014635,0.390642,0.610575,-0.483728,-0.627097,0.706744,0.6901,0.155712,0.356683,-0.537666,0.764015,-0.000551,-0.028475,0.029871,0.018289,0.40956,-0.118441,-1.894211,-0.236077,-0.014443,0.331455,0.538041,0.276337,0.79633,-0.664768,0.719877,0.199487,-0.518787,-0.637049,0.569993,-7e-06,-3.5e-05,-3.4e-05,-0.0,0.0,0.0,-0.278225,0.011822,0.040489,-0.028617,-0.508889,-0.36203,0.781002,0.75739,-0.619502,0.206337,0.409133,0.696527,0.589456,-6e-06,-2.9e-05,-2.7e-05,-4.2e-05,-8e-06,-3.4e-05,-0.447024,0.078449,0.045198,-0.030873,-0.579158,0.436166,-0.688719,-0.684528,-0.718992,0.120295,-0.442715,0.541118,0.714978,-0.000265,-0.014079,0.015044,0.049009,0.390565,0.085356,-1.15504
57,0.128201,-0.01555,0.391843,0.614717,-0.496909,-0.612576,0.707727,0.690328,0.150134,0.347517,-0.525206,0.776799,0.000577,-0.022238,0.03421,0.01515,0.385903,-0.098389,-1.893713,-0.236099,-0.01444,0.331458,0.537875,0.2764,0.79642,-0.664866,0.719822,0.199356,-0.518831,-0.637085,0.569913,-0.0,-0.0,-0.0,-0.0,0.0,0.0,-0.277812,0.011811,0.04049,-0.028616,-0.508719,-0.362069,0.781095,0.757483,-0.619431,0.206209,0.409173,0.69657,0.589378,0.0,-0.0,0.0,-3.6e-05,2.9e-05,-4.1e-05,-0.446698,0.07847,0.044723,-0.030267,-0.585342,0.449916,-0.674499,-0.684999,-0.719485,0.11453,-0.433763,0.529071,0.729337,0.000312,-0.010887,0.017265,-0.01782,0.324247,-0.118822,-1.15455
