frame,MLTx,MLTy,MLTz,MLTR1,MLTR2,MLTR3,MLTR4,MLTR5,MLTR6,MLTR7,MLTR8,MLTR9,MLTTVx,MLTTVy,MLTTVz,MLTRVx,MLTRVy,MLTRVz,MLGA,MRTx,MRTy,MRTz,MRTR1,MRTR2,MRTR3,MRTR4,MRTR5,MRTR6,MRTR7,MRTR8,MRTR9,MRTTVx,MRTTVy,MRTTVz,MRTRVx,MRTRVy,MRTRVz,MRGA,SLTx,SLTy,SLTz,SLTR1,SLTR2,SLTR3,SLTR4,SLTR5,SLTR6,SLTR7,SLTR8,SLTR9,SLTTVx,SLTTVy,SLTTVz,SLTRVx,SLTRVy,SLTRVz,SLGA,SRTx,SRTy,SRTz,SRTR1,SRTR2,SRTR3,SRTR4,SRTR5,SRTR6,SRTR7,SRTR8,SRTR9,SRTTVx,SRTTVy,SRTTVz,SRTRVx,SRTRVy,SRTRVz,SRGA
3755,0.116149,0.044828,0.396763,-0.355379,0.097575,-0.92964,-0.307891,-0.95124,0.0178,-0.882137,0.292427,0.369252,-0.021452,-0.089416,-0.056539,1.204759,-0.240692,3.428409,0.382529,-0.129483,0.044094,0.355894,0.68617,0.138342,0.714159,-0.412606,0.882481,0.225648,-0.599858,-0.449676,0.661683,0.02428,-0.082096,-0.052758,0.850348,-0.321705,-0.913825,0.466571,0.026337,0.040346,-0.006241,-0.655564,-0.142396,0.741591,0.423108,-0.88269,0.204537,0.625471,0.447861,0.63891,0.012085,-0.040578,-0.026086,0.826161,-0.199241,-0.927923,0.453333,0.096292,0.047826,-0.045478,-0.371922,0.141735,-0.917379,-0.252607,-0.966431,-0.046902,-0.893231,0.214292,0.39524,-0.016547,-0.043978,-0.027675,0.376862,1.262438,1.387723,0.341911
3756,0.115131,0.041324,0.394979,-0.376716,0.169812,-0.910656,-0.31727,-0.947231,-0.045443,-0.869856,0.271587,0.411848,-0.03203,-0.095698,-0.032634,0.274175,1.189604,1.6106,0.379371,-0.128317,0.041252,0.354059,0.693724,0.161047,0.701999,-0.411581,0.888422,0.203078,-0.591819,-0.430016,0.681689,0.033178,-0.054422,-0.052699,0.505212,-0.726294,-0.388784,0.451275,0.026921,0.038916,-0.007164,-0.663625,-0.165718,0.729478,0.421287,-0.888602,0.181389,0.618157,0.427694,0.659513,0.01651,-0.026551,-0.025936,0.576646,-0.824139,-0.446563,0.439454,0.095785,0.046069,-0.046383,-0.395915,0.213159,-0.893204,-0.262924,-0.958276,-0.112147,-0.879842,0.190444,0.43544,-0.009696,-0.043444,-0.021428,0.35469,1.425265,1.755837,0.329991
3757,0.114054,0.037919,0.39395,-0.40255,0.253501,-0.879622,-0.349743,-0.930563,-0.108186,-0.845475,0.26377,0.464354,-0.028728,-0.086915,-0.015108,0.176395,1.527886,1.618844,0.377031,-0.126951,0.03946,0.352523,0.702242,0.181064,0.688522,-0.410804,0.892852,0.18436,-0.582231,-0.412546,0.700483,0.044018,-0.040183,-0.029943,0.229697,-0.40992,-0.057612,0.431715,0.02759,0.03802,-0.007931,-0.673012,-0.187177,0.715554,0.419942,-0.893091,0.161356,0.608853,0.409086,0.679664,0.014968,-0.014961,-0.018744,0.228279,-0.26689,-0.255215,0.415613,0.095243,0.044352,-0.046911,-0.425828,0.292628,-0.856176,-0.296999,-0.939032,-0.173231,-0.854669,0.180517,0.486777,-0.013909,-0.037925,-0.011916,0.167849,1.873732,1.839883,0.32346
3758,0.112885,0.035313,0.393529,-0.44739,0.320564,-0.834941,-0.38414,-0.911907,-0.144341,-0.807108,0.255753,0.53216,-0.022501,-0.051002,-0.01166,-0.248366,2.113577,0.525512,0.377168,-0.125493,0.038465,0.35158,0.703245,0.225564,0.674209,-0.441665,0.881674,0.165882,-0.557881,-0.414719,0.718777,0.041431,-0.021194,-0.017642,0.126415,-0.758665,-0.800828,0.417728,0.028336,0.037511,-0.008411,-0.674048,-0.229653,0.702081,0.449845,-0.881495,0.143543,0.585917,0.412582,0.697478,0.020568,-0.009537,-0.008141,0.062677,-0.682744,-0.758192,0.389324,0.094653,0.043023,-0.047128,-0.473746,0.354815,-0.806021,-0.333066,-0.919451,-0.208985,-0.815249,0.169453,0.553763,-0.017318,-0.028572,2.9e-05,-1.273988,3.243317,-0.779075,0.32052
3759,0.112246,0.034362,0.393625,-0.478625,0.347528,-0.806342,-0.404287,-0.902395,-0.149017,-0.778838,0.254232,0.573415,-0.043955,-0.042838,0.007739,-1.420333,3.312351,-0.923482,0.377393,-0.124856,0.038053,0.351286,0.698528,0.252067,0.66971,-0.467442,0.869285,0.160545,-0.54256,-0.425517,0.724173,0.028561,-0.019691,-0.015569,-0.867227,-0.621878,-1.432211,0.421779,0.028653,0.037315,-0.008552,-0.669853,-0.257031,0.696585,0.475171,-0.869291,0.136178,0.570533,0.422216,0.704432,0.014185,-0.00916,-0.00735,-0.870831,-0.633961,-1.449934,0.384915,0.094341,0.04254,-0.04709,-0.504162,0.378382,-0.776303,-0.353475,-0.910573,-0.214267,-0.787956,0.166379,0.592825,-0.015593,-0.02085,0.004007,0.126891,2.033063,0.771292,0.321663
3760,0.110805,0.033186,0.394524,-0.530493,0.404941,-0.744745,-0.464338,-0.873787,-0.144421,-0.708577,0.26869,0.652496,-0.037559,-0.02225,0.033141,-1.095431,1.935555,1.556023,0.378098,-0.123806,0.036963,0.350852,0.688151,0.289219,0.665426,-0.503935,0.850266,0.15176,-0.522743,-0.440133,0.72999,0.018227,-0.035025,-0.009354,-0.016499,-0.047996,-0.149671,0.444498,0.029168,0.036803,-0.008752,-0.659521,-0.294826,0.691454,0.511733,-0.849896,0.125717,0.5506,0.436754,0.711396,0.015312,-0.016221,-0.004409,-0.095252,-0.164587,0.017671,0.402713,0.093617,0.041938,-0.046654,-0.561003,0.426142,-0.709702,-0.413994,-0.886837,-0.205251,-0.716857,0.178666,0.673939,-0.018641,-0.010224,0.017018,-3.920344,1.721566,4.234006,0.321173
3761,0.109367,0.033278,0.395909,-0.560118,0.464787,-0.685774,-0.528583,-0.837864,-0.136215,-0.637206,0.285609,0.715837,-0.042532,0.016474,0.039137,-0.990856,1.986637,0.870949,0.37008,-0.123031,0.0354,0.350263,0.686532,0.293273,0.665324,-0.509516,0.846769,0.152677,-0.519443,-0.444183,0.729893,0.005653,-0.03519,-0.024198,-0.188004,0.321279,0.077874,0.446554,0.029551,0.036052,-0.009025,-0.658165,-0.299871,0.690575,0.51739,-0.846492,0.125533,0.546923,0.439918,0.712282,0.009872,-0.021897,-0.007814,-0.422347,0.486011,0.464726,0.421818,0.0929,0.041974,-0.045961,-0.592806,0.47985,-0.646778,-0.480485,-0.855247,-0.194125,-0.646307,0.195689,0.737557,-0.020689,0.014684,0.015629,-3.738651,0.988636,3.734537,0.318888
3762,0.10869,0.033999,0.396484,-0.560817,0.492172,-0.665805,-0.564784,-0.815376,-0.127091,-0.60474,0.304144,0.736079,-0.038612,0.046763,0.025623,-3.580806,0.664577,3.425315,0.350593,-0.122801,0.034625,0.349872,0.685875,0.293754,0.66579,-0.510287,0.846348,0.152435,-0.519554,-0.444668,0.729518,0.005942,-0.036906,-0.025543,-0.01136,0.06465,-0.094951,0.426777,0.029675,0.035634,-0.009237,-0.657049,-0.298712,0.692139,0.518115,-0.84586,0.126793,0.547578,0.441917,0.710538,0.00302,-0.018713,-0.012962,0.002565,0.04934,-0.102498,0.413491,0.092562,0.042329,-0.045666,-0.597576,0.504574,-0.623142,-0.51483,-0.83726,-0.184242,-0.614696,0.210714,0.760097,-0.013086,0.02334,0.012643,0.060281,1.572934,-0.631013,0.307457
3763,0.10757,0.036259,0.396942,-0.525705,0.542727,-0.655078,-0.628532,-0.766677,-0.130866,-0.572611,0.342261,0.744984,-0.025,0.071836,-0.005629,0.377045,0.018653,-0.154183,0.27213,-0.122427,0.033462,0.348854,0.682134,0.290568,0.67101,-0.51096,0.845776,0.153355,-0.523802,-0.447836,0.724525,0.015611,-0.015607,-0.028036,-0.017006,0.094975,0.024275,0.307439,0.02986,0.035038,-0.00975,-0.6531,-0.295481,0.697245,0.518791,-0.845307,0.127717,0.551648,0.445136,0.705363,0.007765,-0.007485,-0.013798,-0.00222,-0.011641,0.198269,0.332825,0.092006,0.043487,-0.045406,-0.562891,0.559176,-0.608666,-0.586118,-0.789274,-0.18306,-0.582768,0.253708,0.772018,-0.012736,0.031281,0.002071,1.040596,-1.215394,2.047687,0.228098
3764,0.106791,0.03888,0.396254,-0.466822,0.552178,-0.690812,-0.635408,-0.752683,-0.172327,-0.614544,0.35781,0.703089,-0.015324,0.074214,-0.033643,1.853139,-2.367517,1.194314,0.192512,-0.121457,0.034168,0.347687,0.686408,0.286986,0.668188,-0.505089,0.849117,0.154339,-0.52392,-0.443798,0.726922,0.029834,0.059696,-0.041092,0.187769,-0.079508,0.188414,0.103695,0.030327,0.035314,-0.010337,-0.657349,-0.292184,0.694636,0.513216,-0.848547,0.128744,0.551815,0.441128,0.707746,0.015643,0.025079,-0.015988,0.15341,-0.074278,0.167992,0.091318,0.091612,0.044849,-0.045739,-0.505412,0.574508,-0.643815,-0.594018,-0.772833,-0.223318,-0.62586,0.26957,0.731867,-0.007794,0.036508,-0.017102,1.781123,-2.501577,1.078976,0.128817
3765,0.106552,0.04041,0.395348,-0.427692,0.543788,-0.722094,-0.628193,-0.75316,-0.195182,-0.649465,0.369456,0.664624,-0.015794,0.086404,-0.056077,1.664266,-3.475172,1.39335,0.147376,-0.120688,0.035601,0.347111,0.689646,0.281685,0.667108,-0.499631,0.851855,0.156989,-0.524905,-0.441932,0.727347,0.037446,0.091428,-0.035767,0.22203,-0.120026,0.294659,0.063036,0.030727,0.036025,-0.010647,-0.660646,-0.286621,0.693825,0.50778,-0.851343,0.131805,0.552906,0.439387,0.707977,0.02567,0.04247,-0.012903,0.206037,-0.14983,0.291401,-0.006656,0.0915,0.045588,-0.046167,-0.46936,0.571681,-0.672964,-0.587301,-0.771224,-0.24554,-0.659377,0.279986,0.697731,-0.002548,0.036153,-0.024605,-0.006805,-1.918841,0.023831,0.06791
3766,0.106321,0.043568,0.392502,-0.387262,0.507118,-0.770003,-0.634226,-0.752647,-0.176781,-0.668715,0.41926,0.614059,-0.006448,0.095526,-0.094227,-1.837072,-0.970988,-1.413024,0.121068,-0.118779,0.040399,0.345831,0.694745,0.264052,0.669027,-0.486175,0.85782,0.166471,-0.530802,-0.441255,0.723468,0.053868,0.141624,-0.034473,-0.00774,0.402744,0.37778,0.038839,0.031674,0.038416,-0.011281,-0.666021,-0.270026,0.695343,0.494781,-0.857516,0.140914,0.558217,0.437895,0.704727,0.020509,0.071129,-0.016447,-0.141202,0.486362,0.665798,-0.097119,0.091382,0.047172,-0.047572,-0.423547,0.540287,-0.727116,-0.591767,-0.772752,-0.229491,-0.685871,0.333083,0.647021,0.002412,0.04547,-0.048464,-0.623651,-2.172798,-0.181397,-0.014389
3767,0.106333,0.047625,0.388245,-0.392671,0.428266,-0.813906,-0.646454,-0.757957,-0.087007,-0.653687,0.491452,0.575497,0.005918,0.109534,-0.115019,-1.933092,-0.809989,-3.234932,0.105227,-0.117051,0.046279,0.34441,0.687798,0.238518,0.685591,-0.474294,0.862578,0.175895,-0.550266,-0.446455,0.705513,0.037449,0.154841,-0.039487,1.03395,2.465626,-0.924533,0.006623,0.032539,0.041378,-0.01197,-0.660166,-0.243762,0.710464,0.483047,-0.862113,0.153055,0.575192,0.44423,0.686886,0.018621,0.078236,-0.019235,-0.226899,0.801933,0.619269,-0.138595,0.091381,0.049133,-0.049655,-0.423772,0.468396,-0.775255,-0.603266,-0.784401,-0.144163,-0.675637,0.406594,0.614975,-0.00281,0.055825,-0.056815,-0.577728,-2.11691,-1.518568,-0.040678
3768,0.105803,0.052165,0.38355,-0.390942,0.331928,-0.858507,-0.623471,-0.781613,-0.018347,-0.676631,0.527665,0.513583,-0.017618,0.126177,-0.13288,0.067479,-1.929149,-2.022619,0.081946,-0.115483,0.052417,0.342858,0.658745,0.183486,0.729644,-0.444576,0.87724,0.180932,-0.607681,-0.443804,0.658502,0.035794,0.155602,-0.038623,-0.218098,1.933424,0.068685,-0.04874,0.033322,0.044458,-0.012738,-0.628588,-0.190252,0.754108,0.453633,-0.877285,0.156799,0.631737,0.440651,0.637756,0.02301,0.085009,-0.022756,0.794817,2.91127,-1.049343,-0.196237,0.091125,0.051447,-0.052039,-0.419028,0.372852,-0.827886,-0.578673,-0.812291,-0.072939,-0.69968,0.448512,0.556132,-0.015114,0.058348,-0.061619,0.057322,-1.636406,-2.145111,-0.071867
3769,0.105324,0.054448,0.380985,-0.377773,0.285336,-0.880861,-0.605939,-0.795491,0.002125,-0.699648,0.534192,0.474509,-0.020807,0.098844,-0.117975,0.081993,-1.687265,-1.963101,0.068682,-0.11466,0.055505,0.342083,0.647066,0.155618,0.746378,-0.433203,0.880544,0.192125,-0.628112,-0.447849,0.636215,0.035023,0.15556,-0.038454,-0.62431,1.433155,0.700092,-0.05608,0.033733,0.046005,-0.013124,-0.61594,-0.162989,0.770747,0.442764,-0.880841,0.167563,0.651595,0.444468,0.614711,0.023717,0.078292,-0.019528,-0.469668,1.213356,0.551498,-0.21975,0.090898,0.052558,-0.053279,-0.403708,0.330381,-0.853151,-0.560751,-0.826182,-0.054591,-0.722894,0.456366,0.518798,-0.009993,0.054226,-0.063581,1.126711,-3.092642,-0.106787,-0.087216
3770,0.104219,0.058217,0.376442,-0.345786,0.222437,-0.911591,-0.582243,-0.812686,0.022496,-0.735411,0.538266,0.411664,-0.03487,0.076419,-0.100178,0.192275,-0.962072,-0.733719,0.02095,-0.112991,0.061403,0.340584,0.630982,0.093458,0.770142,-0.397862,0.891138,0.217979,-0.666701,-0.44407,0.598477,0.036655,0.138302,-0.034422,1.017798,1.421191,1.077956,-0.064621,0.034547,0.048917,-0.013856,-0.598529,-0.102052,0.794573,0.413433,-0.88891,0.197259,0.686174,0.446568,0.57423,0.017389,0.074951,-0.020943,-0.41986,1.366465,0.390503,-0.235263,0.090349,0.05445,-0.055569,-0.368,0.268101,-0.890335,-0.535116,-0.844132,-0.03301,-0.760411,0.464286,0.454106,-0.016915,0.043387,-0.054434,0.987234,-2.74047,1.032673,-0.137673
3771,0.102668,0.061329,0.372911,-0.327792,0.202942,-0.92272,-0.573251,-0.819027,0.023451,-0.750573,0.536381,0.385957,-0.043722,0.080682,-0.082921,0.266956,-0.432882,0.181497,-0.045822,-0.1112,0.066783,0.339403,0.621987,0.023482,0.78267,-0.343906,0.9061,0.246263,-0.704153,-0.42237,0.570644,0.048193,0.133218,-0.023665,3.987712,2.325263,3.5684,-0.112338,0.035441,0.0516,-0.014462,-0.589765,-0.033537,0.806877,0.360737,-0.904856,0.226061,0.722526,0.424393,0.545751,0.030054,0.06778,-0.01169,-0.284594,0.039746,0.750976,-0.266288,0.089558,0.056012,-0.057395,-0.349176,0.250148,-0.90305,-0.525494,-0.850183,-0.032315,-0.775842,0.463264,0.428315,-0.027973,0.036481,-0.036293,0.245879,-0.349819,0.188937,-0.19858
3772,0.101605,0.062799,0.371629,-0.33039,0.20373,-0.921619,-0.570816,-0.820735,0.023145,-0.751286,0.533465,0.388604,-0.065907,0.073722,-0.057588,0.252002,-0.156155,0.259965,-0.091041,-0.110215,0.069332,0.339027,0.621554,0.005015,0.783349,-0.329932,0.908561,0.256117,-0.711194,-0.417652,0.56536,0.058008,0.140736,-0.019822,-0.704121,-1.486551,2.093285,-0.138973,0.03595,0.052915,-0.014665,-0.58623,-0.010582,0.810075,0.342582,-0.909353,0.236038,0.734147,0.415889,0.536715,0.024268,0.063229,-0.006651,-0.067353,0.532567,0.198016,-0.289475,0.089032,0.056739,-0.058052,-0.352192,0.251495,-0.901504,-0.522927,-0.851726,-0.033316,-0.776214,0.459687,0.431484,-0.026924,0.036538,-0.029105,0.265756,-0.056696,0.174273,-0.232708
3773,0.0989,0.065498,0.370318,-0.360811,0.212574,-0.908115,-0.565254,-0.824296,0.031574,-0.741402,0.524439,0.418705,-0.085169,0.068859,-0.017138,0.249564,0.799141,0.014718,-0.18905,-0.107895,0.074505,0.338758,0.620167,-0.014485,0.78433,-0.32029,0.907942,0.270167,-0.716796,-0.418746,0.557421,0.069724,0.129802,0.00126,-0.000728,0.153858,0.513952,-0.215293,0.037106,0.055501,-0.014809,-0.587195,0.008628,0.809399,0.332986,-0.908839,0.25126,0.737781,0.417057,0.530793,0.028943,0.064469,0.00085,-0.085438,0.2632,0.592291,-0.349403,0.087684,0.058077,-0.05873,-0.382211,0.257061,-0.8876,-0.517042,-0.85559,-0.025145,-0.765886,0.449316,0.459927,-0.042993,0.02952,-0.004141,0.223112,1.087617,0.166192,-0.306026
3774,0.095243,0.067758,0.370795,-0.399226,0.243613,-0.883921,-0.560127,-0.828021,0.024717,-0.725394,0.504669,0.468124,-0.09377,0.051042,0.029688,0.328115,1.619279,0.299122,-0.19896,-0.105171,0.079254,0.339347,0.628123,-0.02015,0.777848,-0.309275,0.910763,0.273485,-0.714712,-0.412329,0.564832,0.069566,0.117067,0.021619,0.160936,-0.190484,0.256881,-0.313407,0.038442,0.057839,-0.014535,-0.595162,0.014448,0.803475,0.322235,-0.911644,0.255083,0.736169,0.410724,0.53792,0.03481,0.05867,0.010852,0.16672,-0.203383,0.245065,-0.432518,0.085857,0.059209,-0.058512,-0.42135,0.28295,-0.861627,-0.511594,-0.858638,-0.031789,-0.748821,0.42741,0.506543,-0.047237,0.021021,0.019512,0.21448,1.214878,0.256285,-0.341133
3775,0.09134,0.06939,0.372913,-0.435828,0.285927,-0.853431,-0.558407,-0.82952,0.007188,-0.705348,0.479335,0.522255,-0.103826,0.028227,0.0735,0.244829,1.659563,0.438963,-0.205006,-0.102377,0.083155,0.340798,0.636643,-0.019688,0.770902,-0.302056,0.91335,0.272925,-0.710254,-0.40659,0.574532,0.083388,0.094447,0.048528,0.071332,-0.209083,0.206943,-0.401401,0.039862,0.059838,-0.013808,-0.604204,0.013857,0.796708,0.31483,-0.914346,0.254662,0.731996,0.404695,0.548089,0.035886,0.046682,0.024407,0.036388,-0.077965,0.052579,-0.525757,0.083912,0.060041,-0.057466,-0.46031,0.321343,-0.827557,-0.509917,-0.858778,-0.049836,-0.726703,0.399046,0.559163,-0.045808,0.014394,0.036801,0.314719,1.883397,0.652029,-0.347665
3776,0.089437,0.06995,0.374463,-0.453699,0.308213,-0.836186,-0.55894,-0.829188,-0.002426,-0.693545,0.46589,0.549516,-0.091119,0.022292,0.08379,0.232774,1.664761,0.481292,-0.228674,-0.100959,0.08491,0.34183,0.638124,-0.019336,0.769685,-0.300259,0.914203,0.272051,-0.709689,-0.404686,0.576571,0.072393,0.084724,0.057198,0.04234,-0.213097,0.173674,-0.455483,0.040575,0.06072,-0.013295,-0.605655,0.013663,0.795609,0.313024,-0.915148,0.254004,0.731571,0.402884,0.549987,0.036173,0.042524,0.028666,0.040856,-0.21748,0.172137,-0.572948,0.082958,0.060328,-0.056692,-0.479314,0.341356,-0.808537,-0.510565,-0.857779,-0.059474,-0.713849,0.384304,0.58543,-0.050868,0.01363,0.043403,0.300193,1.907601,0.628297,-0.355666
3777,0.085807,0.07063,0.378299,-0.481011,0.352162,-0.802904,-0.561289,-0.827175,-0.026611,-0.672922,0.437419,0.596547,-0.08877,0.014079,0.106831,0.237606,1.641754,0.537518,-0.284621,-0.0982,0.088047,0.344335,0.636537,-0.013148,0.771129,-0.300661,0.91644,0.263959,-0.710942,-0.399855,0.578395,0.063078,0.063876,0.072497,-0.092754,-0.015098,-0.01071,-0.557192,0.041935,0.062273,-0.012069,-0.604099,0.007141,0.796877,0.313047,-0.917449,0.245537,0.732847,0.397788,0.551995,0.03577,0.039542,0.033253,-0.084409,-0.025297,0.094455,-0.676148,0.08111,0.060681,-0.05474,-0.509175,0.381545,-0.771468,-0.51333,-0.854107,-0.083613,-0.69082,0.353444,0.630749,-0.044213,0.007737,0.053835,0.202136,1.553031,0.483695,-0.392733
3778,0.082445,0.071078,0.382789,-0.48904,0.389464,-0.780515,-0.563612,-0.823978,-0.058082,-0.665146,0.411014,0.623438,-0.07584,0.007907,0.116649,0.178728,0.994577,0.540982,-0.315945,-0.095826,0.090515,0.347024,0.637448,-0.00393,0.770478,-0.303171,0.917966,0.255656,-0.709056,-0.396553,0.582965,0.051274,0.05959,0.069735,-0.056618,-0.142146,0.09931,-0.650132,0.043166,0.06357,-0.010666,-0.605204,-0.002056,0.796067,0.315223,-0.918877,0.237273,0.731,0.394537,0.556757,0.025618,0.029767,0.034816,-0.100513,-0.093558,0.140507,-0.771182,0.079461,0.060913,-0.052532,-0.518895,0.416508,-0.746504,-0.516137,-0.848776,-0.114803,-0.681432,0.325728,0.655401,-0.043369,0.005903,0.059544,0.5557,0.721116,0.960446,-0.419676
3779,0.080973,0.071227,0.385112,-0.498283,0.401123,-0.768674,-0.566475,-0.82175,-0.061678,-0.655785,0.404198,0.637649,-0.074824,0.009903,0.11736,-0.033111,0.894279,0.237298,-0.330295,-0.094767,0.091494,0.348487,0.638932,0.000866,0.769257,-0.305292,0.918085,0.252687,-0.706806,-0.396303,0.585861,0.05351,0.04715,0.075851,-0.093625,-0.032832,-0.128119,-0.700455,0.043674,0.064044,-0.009962,-0.606748,-0.00673,0.794865,0.317116,-0.918992,0.234285,0.728898,0.394217,0.559731,0.026554,0.024189,0.038247,-0.114614,-0.023813,-0.084786,-0.816577,0.078727,0.060992,-0.051368,-0.528856,0.427263,-0.733318,-0.519236,-0.846353,-0.118659,-0.671345,0.318012,0.669449,-0.032538,-0.001475,0.062298,0.001237,1.104734,0.367058,-0.433555
3780,0.078553,0.071201,0.389816,-0.503332,0.421319,-0.754449,-0.569051,-0.818617,-0.077581,-0.649671,0.389742,0.652729,-0.064771,-0.00391,0.123638,4.098148,1.188309,-3.211944,-0.347081,-0.092871,0.092958,0.351642,0.642271,0.010723,0.766397,-0.31043,0.917785,0.247461,-0.70152,-0.396867,0.591802,0.046734,0.021823,0.088906,-0.122968,-0.172394,-0.039977,-0.787958,0.044625,0.064785,-0.00839,-0.610063,-0.016541,0.792179,0.322081,-0.918633,0.228856,0.723937,0.394763,0.565752,0.022166,0.016339,0.040626,-0.119202,-0.035487,-0.196537,-0.832416,0.077516,0.060993,-0.049014,-0.532203,0.448136,-0.718284,-0.527006,-0.839358,-0.133196,-0.662588,0.307653,0.68288,-0.026974,-0.003486,0.060938,-0.266339,0.263751,-0.069297,-0.452497
3781,0.076672,0.070984,0.394505,-0.525763,0.404952,-0.748086,-0.542095,-0.837187,-0.072264,-0.654904,0.367031,0.660618,-0.042363,-0.009741,0.119698,0.071001,0.207468,-0.425994,-0.350517,-0.091118,0.093749,0.355104,0.647983,0.025287,0.761229,-0.316588,0.917885,0.23915,-0.693466,-0.395996,0.601793,0.046875,0.01948,0.086845,0.1339,-0.414077,-0.51803,-0.893333,0.045487,0.065182,-0.006692,-0.615134,-0.028739,0.787898,0.327773,-0.918204,0.222409,0.717059,0.395063,0.574238,0.023508,0.009375,0.043218,-0.084046,-0.216243,-0.110472,-0.847929,0.076584,0.060891,-0.046712,-0.555894,0.429138,-0.711914,-0.495385,-0.858763,-0.130839,-0.667513,0.279939,0.68997,-0.021454,-0.00519,0.059668,3.824333,0.532519,-3.766756,-0.459029
3782,0.075348,0.070239,0.399052,-0.542615,0.387551,-0.745264,-0.519962,-0.851741,-0.064416,-0.659068,0.352069,0.664608,-0.033429,-0.018911,0.115015,-0.188652,0.077772,-0.021565,-0.372684,-0.089747,0.093891,0.358664,0.652272,0.043701,0.756719,-0.32463,0.918174,0.22695,-0.68568,-0.393745,0.612104,0.030147,-0.008999,0.099663,-0.045077,-0.331621,-0.326902,-1.093185,0.046194,0.065263,-0.004883,-0.620364,-0.049188,0.782769,0.335329,-0.918848,0.208017,0.709015,0.391532,0.586514,0.014954,-0.004296,0.049922,0.004702,-0.398532,-0.378642,-0.851521,0.075906,0.060527,-0.044388,-0.572302,0.409343,-0.710569,-0.470967,-0.873416,-0.123833,-0.671312,0.263785,0.692644,-0.012114,-0.016422,0.060961,0.040554,0.104947,-0.240982,-0.4685
3783,0.074823,0.069655,0.401345,-0.548748,0.379865,-0.74473,-0.508889,-0.858507,-0.062999,-0.66261,0.343937,0.665343,-0.025264,-0.036174,0.120494,-0.074461,-0.031955,0.120809,-0.389465,-0.089163,0.093749,0.360601,0.657893,0.057998,0.750869,-0.328658,0.919117,0.217121,-0.67835,-0.389699,0.622768,0.029599,-0.007576,0.100169,0.245955,-0.824317,-0.415804,-1.195209,0.046487,0.065189,-0.003916,-0.625461,-0.062018,0.777785,0.339102,-0.919377,0.199383,0.702714,0.388455,0.596066,0.014933,-0.004431,0.049745,0.295468,-0.795768,-0.680129,-0.85593,0.075631,0.060231,-0.043197,-0.578041,0.401267,-0.710529,-0.459566,-0.879602,-0.122877,-0.67429,0.255507,0.692855,-0.012809,-0.018413,0.06014,-0.063155,-0.041278,0.131712,-0.479767
3784,0.074035,0.068276,0.4058,-0.551427,0.371938,-0.74675,-0.491936,-0.867871,-0.069073,-0.673094,0.328796,0.662469,-0.015852,-0.043528,0.117047,0.920603,0.179493,-0.986051,-0.403286,-0.088132,0.093148,0.364724,0.670753,0.088096,0.736425,-0.336843,0.920724,0.196818,-0.661527,-0.380191,0.646296,0.030998,-0.01577,0.108951,0.143553,-0.735401,-0.359855,-1.379373,0.047003,0.064889,-0.001859,-0.639504,-0.093617,0.763065,0.346341,-0.921212,0.17724,0.686353,0.377627,0.621543,0.01022,-0.009703,0.053904,0.222289,-0.731511,-0.679476,-0.90753,0.075243,0.059556,-0.041014,-0.57963,0.394309,-0.713125,-0.443492,-0.886817,-0.129878,-0.683625,0.240984,0.688899,-0.007425,-0.01673,0.053853,3.870664,0.401682,-3.49993,-0.497239
3785,0.073715,0.066598,0.410051,-0.552258,0.37349,-0.74536,-0.482738,-0.87214,-0.079414,-0.679038,0.315487,0.662874,-0.005361,-0.041265,0.104275,-0.110524,0.465282,0.562934,-0.413357,-0.087571,0.092407,0.368894,0.685397,0.121761,0.717911,-0.345024,0.922457,0.173105,-0.642006,-0.366502,0.673326,0.00952,-0.021187,0.107283,0.189794,-0.764594,-0.484561,-1.403644,0.047291,0.064524,0.000228,-0.654702,-0.126763,0.745181,0.353564,-0.9227,0.153673,0.6681,0.364079,0.648913,0.004568,-0.010218,0.053815,0.169749,-0.761733,-0.452935,-0.901325,0.075076,0.0587,-0.038845,-0.580184,0.393361,-0.713199,-0.432676,-0.890723,-0.139293,-0.690056,0.227768,0.686981,-0.002883,-0.02102,0.051989,-0.122017,0.461612,0.553518,-0.504913
3786,0.073724,0.06577,0.412008,-0.555389,0.372927,-0.743313,-0.478929,-0.874114,-0.080776,-0.679178,0.310663,0.665006,0.00597,-0.036555,0.092274,-0.113846,0.038919,0.286581,-0.419386,-0.087473,0.092033,0.370938,0.691511,0.141184,0.708428,-0.354333,0.920853,0.162516,-0.630262,-0.363585,0.685884,0.009465,-0.021077,0.107175,0.2067,-0.789244,-0.4957,-1.403803,0.047339,0.064337,0.00125,-0.661111,-0.146033,0.735938,0.362458,-0.920987,0.142852,0.656929,0.361188,0.661806,-0.000726,-0.011712,0.053328,0.375003,-1.013009,-0.657044,-0.913245,0.075081,0.058286,-0.037866,-0.584469,0.394138,-0.70926,-0.428989,-0.892045,-0.142203,-0.68874,0.221152,0.690454,0.002817,-0.018571,0.046022,-0.127148,0.001426,0.26607,-0.509486
3787,0.073991,0.064365,0.415536,-0.560109,0.388221,-0.731852,-0.486046,-0.869348,-0.089243,-0.67019,0.30524,0.676536,0.017377,-0.031583,0.080364,-0.009169,0.678754,0.531974,-0.428186,-0.087659,0.091396,0.374782,0.69805,0.176074,0.694058,-0.378252,0.913626,0.148817,-0.608764,-0.366638,0.703453,-0.013184,-0.018805,0.095956,-0.001247,-0.485894,-0.353889,-1.404461,0.047248,0.064016,0.003214,-0.668508,-0.181738,0.721157,0.386011,-0.913627,0.127588,0.635682,0.363669,0.68092,-0.006604,-0.0096,0.047891,-0.014168,-0.469398,-0.34311,-0.914388,0.075206,0.057593,-0.036133,-0.588844,0.406565,-0.698545,-0.43612,-0.887483,-0.1489,-0.680485,0.216972,0.699901,0.003174,-0.014352,0.041092,-0.176681,0.164481,0.253069,-0.515691
3788,0.074527,0.063225,0.418413,-0.562124,0.403447,-0.722005,-0.496127,-0.862911,-0.095992,-0.661061,0.30374,0.686125,0.016181,-0.028204,0.068425,-0.032285,0.50768,0.438443,-0.419526,-0.088359,0.090882,0.378098,0.702009,0.194776,0.685009,-0.390687,0.909476,0.141951,-0.596214,-0.367527,0.713664,-0.025974,-0.007767,0.075102,0.027108,-0.361286,-0.261682,-1.404476,0.046906,0.06377,0.004847,-0.672493,-0.199597,0.71268,0.398082,-0.909339,0.12096,0.623925,0.36505,0.690981,-0.006509,-0.008162,0.041897,0.086942,-0.496594,-0.334953,-0.914062,0.075476,0.057025,-0.034688,-0.591876,0.421278,-0.687172,-0.446713,-0.881079,-0.155392,-0.670917,0.214996,0.70968,0.008026,-0.014147,0.034185,-0.023679,0.516565,0.473103,-0.518303
3789,0.075096,0.062374,0.420601,-0.566123,0.402404,-0.719459,-0.492572,-0.864917,-0.096242,-0.660303,0.299394,0.68876,0.003546,-0.023451,0.057701,-0.165298,0.082572,-0.019396,-0.391207,-0.089316,0.09042,0.380847,0.704277,0.20316,0.680229,-0.396785,0.907127,0.140055,-0.589466,-0.368804,0.718593,-0.035616,-0.009712,0.061544,-0.097345,-0.119447,-0.14604,-1.404396,0.046416,0.06354,0.006251,-0.675197,-0.208681,0.707502,0.404203,-0.906996,0.118224,0.617031,0.3658,0.696751,-0.017699,-0.005381,0.030557,-0.120212,-0.088907,-0.126523,-0.913735,0.075766,0.056602,-0.03359,-0.596492,0.421036,-0.683318,-0.443258,-0.882561,-0.156868,-0.669117,0.209316,0.713068,0.007734,-0.008313,0.023111,-0.139196,0.005457,0.036457,-0.501974
3790,0.075204,0.062025,0.421524,-0.565954,0.398929,-0.721524,-0.488986,-0.86699,-0.095876,-0.663104,0.298052,0.686647,0.004548,-0.007396,0.037166,1.090289,0.17324,-1.14058,-0.393734,-0.089812,0.090219,0.382033,0.705599,0.208333,0.677288,-0.399603,0.906248,0.137716,-0.585968,-0.368087,0.721815,-0.023693,-0.011393,0.060256,-0.093022,-0.126485,-0.145231,-1.404478,0.046168,0.063439,0.006844,-0.676657,-0.213894,0.704544,0.406903,-0.906113,0.115708,0.613648,0.364976,0.700162,-0.011752,-0.006166,0.029942,-0.121534,-0.088748,-0.12155,-0.913409,0.075819,0.056421,-0.03312,-0.595242,0.418439,-0.685998,-0.441119,-0.883734,-0.156292,-0.671639,0.209575,0.710617,0.00145,-0.008933,0.023165,3.853247,0.583589,-3.797697,-0.499035
3791,0.075158,0.061406,0.423088,-0.556933,0.388833,-0.733948,-0.485347,-0.869411,-0.092381,-0.673337,0.304281,0.673838,-0.009367,-0.012911,0.035861,-0.230634,-0.370086,-0.23876,-0.406489,-0.090779,0.089935,0.384131,0.708981,0.220299,0.66993,-0.404571,0.905083,0.130698,-0.578421,-0.36398,0.729939,-0.013806,-0.003304,0.050198,0.166357,-0.45637,-0.295802,-1.404349,0.0457,0.063296,0.007854,-0.679644,-0.223859,0.698548,0.411376,-0.904766,0.110298,0.607332,0.36233,0.70701,-0.012099,-0.00326,0.024666,-0.118589,-0.047367,-0.070726,-0.913898,0.075801,0.05612,-0.03235,-0.586823,0.409385,-0.698599,-0.435709,-0.886864,-0.153715,-0.682492,0.214182,0.698805,-0.004625,-0.006227,0.018011,-0.309319,-0.736482,-0.190926,-0.501484
3792,0.07487,0.060997,0.424167,-0.543298,0.368043,-0.754598,-0.472357,-0.877014,-0.08773,-0.693411,0.308313,0.651269,-0.010345,-0.008963,0.02405,-0.232993,-0.614212,-0.135352,-0.422886,-0.091539,0.089869,0.385881,0.712133,0.229315,0.663531,-0.408044,0.904245,0.125601,-0.572069,-0.360489,0.736646,-0.015236,0.004785,0.040567,0.015845,-0.186554,-0.12895,-1.404459,0.045312,0.063253,0.008749,-0.68369,-0.23468,0.691008,0.414736,-0.904058,0.103307,0.600467,0.357216,0.715426,-0.013023,0.001569,0.020168,0.019758,-0.192705,-0.138692,-0.909816,0.075657,0.055906,-0.031795,-0.572051,0.390367,-0.721366,-0.422169,-0.894171,-0.149095,-0.703228,0.219249,0.676313,-0.005072,-0.004159,0.012147,-0.279474,-0.771075,-0.178058,-0.510465
3793,0.074615,0.060859,0.424583,-0.53878,0.350907,-0.765915,-0.459197,-0.884499,-0.082285,-0.705661,0.30693,0.638642,-0.010332,-0.002266,0.013236,1.037514,-0.735863,-1.065696,-0.423373,-0.091836,0.089905,0.386754,0.714488,0.235625,0.658771,-0.40969,0.90411,0.121138,-0.567937,-0.356747,0.741648,-0.01506,0.004332,0.040283,0.105103,-0.323911,-0.182168,-1.405308,0.04517,0.063268,0.009169,-0.685954,-0.240228,0.686846,0.416135,-0.903845,0.09947,0.596907,0.354052,0.719964,-0.007639,0.002423,0.020258,0.243047,-0.513101,-0.299776,-0.90704,0.075525,0.055833,-0.031578,-0.566482,0.374733,-0.733943,-0.409091,-0.901013,-0.144284,-0.715361,0.218516,0.663708,-0.005312,-0.001482,0.006493,1.041206,-0.790782,-1.096087,-0.515201
3794,0.073954,0.060749,0.425068,-0.522785,0.323024,-0.788921,-0.439091,-0.895236,-0.075654,-0.730064,0.30645,0.610837,-0.021873,0.005496,0.003569,4.113796,-0.790058,-3.324293,-0.417715,-0.092242,0.089991,0.388303,0.717243,0.24197,0.653455,-0.412192,0.903375,0.118091,-0.562624,-0.35436,0.746824,-0.003622,0.003657,0.039462,-0.079568,-0.075711,0.015811,-1.404759,0.044957,0.063313,0.009959,-0.689201,-0.247483,0.680994,0.41863,-0.903124,0.095466,0.591397,0.35088,0.726038,-0.006788,-0.000357,0.019067,-0.120171,0.001958,-0.009994,-0.900345,0.075202,0.055774,-0.031338,-0.548901,0.353302,-0.757551,-0.39317,-0.908897,-0.139006,-0.737647,0.221546,0.637802,-0.011109,0.002297,0.001628,-0.12345,-0.624727,0.091082,-0.515854
3795,0.073028,0.060818,0.425145,-0.508211,0.30526,-0.805346,-0.429581,-0.900278,-0.070223,-0.745846,0.309888,0.58967,-0.024212,-0.000792,0.00123,-0.14789,-0.759003,-0.001307,-0.412409,-0.092559,0.090006,0.389711,0.718567,0.244342,0.651115,-0.414355,0.902284,0.11886,-0.559332,-0.355516,0.748745,-0.004416,0.009354,0.028918,-0.064607,-0.037838,0.029869,-1.404573,0.044799,0.063319,0.010668,-0.690471,-0.249444,0.678989,0.420844,-0.901974,0.096597,0.588336,0.352446,0.727765,-0.000998,-0.001009,0.018571,-0.104994,-0.028262,0.011847,-0.89463,0.07474,0.055811,-0.031298,-0.534668,0.334056,-0.776232,-0.377993,-0.916077,-0.133877,-0.755811,0.22183,0.616068,-0.012148,-0.000514,0.000588,-0.145897,-0.745955,0.044392,-0.512588
3796,0.071829,0.060745,0.425174,-0.505941,0.289126,-0.812696,-0.419663,-0.905613,-0.060987,-0.752998,0.309838,0.580535,-0.036172,-0.000555,0.002076,-0.464081,0.142932,-0.395263,-0.416998,-0.092716,0.089958,0.390993,0.719349,0.244542,0.650175,-0.416083,0.901123,0.1216,-0.557037,-0.358314,0.749122,-0.002591,0.003126,0.026426,-0.066865,-0.023341,0.005063,-1.404661,0.044718,0.063303,0.011298,-0.691285,-0.249538,0.678125,0.422596,-0.900861,0.099296,0.586119,0.355216,0.728206,-0.001409,0.001879,0.01334,-0.06461,-0.037274,0.030426,-0.89659,0.074156,0.05577,-0.031287,-0.528929,0.319172,-0.78636,-0.367471,-0.921351,-0.126791,-0.764982,0.221901,0.604616,-0.012769,-0.002104,-7e-06,-0.002799,-0.20842,0.245287,-0.511935
3797,0.071167,0.060753,0.425271,-0.505795,0.28207,-0.815263,-0.416055,-0.9076,-0.055959,-0.755094,0.310534,0.577433,-0.035652,-0.005702,0.013505,-0.101712,-0.329383,-0.059474,-0.441507,-0.092763,0.089926,0.391549,0.72035,0.246584,0.648293,-0.41693,0.900838,0.120807,-0.555105,-0.357633,0.75088,0.000247,-0.009517,0.03417,-0.0192,-0.138491,-0.090311,-1.404371,0.044695,0.063288,0.011576,-0.692293,-0.251333,0.676432,0.423374,-0.900563,0.09869,0.584366,0.354707,0.729861,-0.001023,0.000564,0.01282,0.077143,-0.224347,-0.117768,-0.895447,0.073821,0.055763,-0.031248,-0.53098,0.311876,-0.787903,-0.364022,-0.923592,-0.120266,-0.76521,0.222955,0.603939,-0.017286,0.001898,0.001875,-0.116987,-0.586705,-0.145679,-0.51814
3798,0.069609,0.061022,0.425713,-0.513021,0.268431,-0.815353,-0.410728,-0.910798,-0.041488,-0.753126,0.313264,0.578528,-0.042089,0.015744,0.008977,-0.574314,-0.118355,-0.953044,-0.454256,-0.092771,0.089877,0.392482,0.721536,0.248715,0.646156,-0.418328,0.900189,0.120812,-0.552503,-0.357795,0.752719,-0.002782,0.006685,0.015115,0.037318,-0.111771,-0.05909,-1.404889,0.04469,0.06326,0.012065,-0.693681,-0.253753,0.674103,0.424846,-0.899897,0.098437,0.581645,0.354674,0.732048,-0.001342,0.003117,0.007473,0.03704,-0.111464,-0.058954,-0.896427,0.073028,0.055884,-0.031027,-0.537651,0.299618,-0.788136,-0.358572,-0.927245,-0.107892,-0.763123,0.224596,0.605969,-0.021427,0.003502,0.009547,-1.509971,1.305263,-2.085099,-0.539041
3799,0.067913,0.061536,0.426282,-0.517774,0.264051,-0.813776,-0.408328,-0.912101,-0.036217,-0.751171,0.313202,0.581097,-0.042549,0.007867,0.019407,-0.03791,0.078651,-0.133205,-0.43384,-0.092776,0.08981,0.393183,0.722525,0.250863,0.644218,-0.419483,0.899721,0.120294,-0.550329,-0.357476,0.754461,0.001284,-0.010198,0.021314,-0.066528,-0.012653,-0.022072,-1.404785,0.044687,0.063228,0.012416,-0.694768,-0.255985,0.672136,0.425998,-0.899423,0.097794,0.579501,0.354273,0.733939,0.00073,-0.005449,0.010525,-0.079628,0.004851,-0.012056,-0.897896,0.072183,0.056151,-0.030743,-0.541178,0.292905,-0.788246,-0.35595,-0.929047,-0.100845,-0.761856,0.226001,0.607039,-0.020478,0.009322,0.005067,-0.001847,0.052065,-0.089166,-0.531693
3800,0.067037,0.061787,0.426592,-0.516745,0.258488,-0.816213,-0.407195,-0.912788,-0.031341,-0.752494,0.315835,0.577952,-0.042498,0.00798,0.019462,-0.0877,-0.140378,-0.19711,-0.428419,-0.092768,0.089782,0.393417,0.722647,0.250921,0.644059,-0.41983,0.899491,0.1208,-0.549904,-0.358013,0.754517,0.007934,0.010866,0.003752,0.004069,-0.029199,0.054354,-1.404392,0.044688,0.06321,0.012532,-0.694821,-0.255951,0.672095,0.426398,-0.899168,0.09839,0.579144,0.354944,0.733898,7.5e-05,-0.001742,0.005629,-0.037431,0.005192,-0.020852,-0.898223,0.071746,0.056278,-0.030588,-0.540041,0.287759,-0.790916,-0.354721,-0.930013,-0.096161,-0.763234,0.228623,0.60432,-0.021455,0.003491,0.009573,-0.108507,-0.209166,-0.25886,-0.527774
3801,0.065387,0.062115,0.427228,-0.517701,0.251228,-0.817873,-0.405389,-0.913809,-0.024157,-0.75281,0.318732,0.575945,-0.033013,0.001468,0.016273,-0.058554,-0.021763,-0.140799,-0.399141,-0.092697,0.089781,0.393715,0.722955,0.250835,0.643747,-0.420087,0.89927,0.121555,-0.549302,-0.35863,0.754662,0.008859,0.007663,0.002546,0.004028,-0.029131,0.054396,-1.404849,0.044724,0.063207,0.01268,-0.695134,-0.255835,0.671815,0.42668,-0.898949,0.099159,0.57856,0.355579,0.734051,0.000612,-0.003577,0.004943,-0.035363,0.002333,-0.022466,-0.899855,0.070936,0.056449,-0.030273,-0.540101,0.280251,-0.793567,-0.352795,-0.931473,-0.088841,-0.764085,0.231983,0.60196,-0.021834,0.002541,0.009231,-0.059024,-0.0003,-0.166529,-0.512588
3802,0.064011,0.06205,0.427954,-0.511868,0.237243,-0.825683,-0.404323,-0.914519,-0.01218,-0.757361,0.327307,0.565066,-0.034669,-0.009149,0.025711,-0.151289,-0.228746,-0.253375,-0.38875,-0.09257,0.089868,0.393828,0.723381,0.250471,0.64341,-0.419794,0.899339,0.122048,-0.548965,-0.358709,0.75487,-0.00089,0.003057,0.001142,0.001982,-0.013919,0.025154,-1.404284,0.044792,0.063248,0.012735,-0.695592,-0.255451,0.671487,0.426387,-0.899031,0.099678,0.578225,0.355649,0.73428,0.004941,0.002056,0.000606,0.002114,-0.015197,0.029319,-0.899855,0.070219,0.056417,-0.029897,-0.533624,0.267006,-0.802466,-0.351502,-0.933039,-0.07671,-0.769214,0.241134,0.591745,-0.017365,-0.004625,0.01286,-0.142474,-0.189465,-0.235585,-0.499198
3803,0.062775,0.061759,0.428937,-0.502243,0.220304,-0.83622,-0.404533,-0.914505,0.001975,-0.763673,0.338991,0.549468,-0.033719,-0.006662,0.026683,-0.200869,-0.414672,-0.331881,-0.402488,-0.092345,0.090039,0.393874,0.723617,0.247637,0.64424,-0.418729,0.899464,0.124758,-0.549468,-0.360357,0.753718,0.009473,0.005517,0.001742,-0.001197,-0.010638,0.032032,-1.404225,0.044902,0.06333,0.012757,-0.695739,-0.252467,0.672463,0.42544,-0.899152,0.102592,0.578746,0.35747,0.732985,0.004652,0.003043,0.000974,0.012554,-0.028534,0.022051,-0.900345,0.069612,0.05627,-0.029417,-0.523612,0.252102,-0.813802,-0.351599,-0.934019,-0.063119,-0.77602,0.253082,0.577703,-0.017383,-0.007884,0.018357,-0.266762,-0.637631,-0.235694,-0.499688
3804,0.062204,0.061627,0.429482,-0.49886,0.213868,-0.839908,-0.404936,-0.914298,0.007637,-0.765677,0.343647,0.543757,-0.032524,-0.003689,0.027811,-0.2352,-0.559499,-0.361392,-0.400908,-0.092175,0.090196,0.393926,0.723654,0.245003,0.645205,-0.417897,0.899492,0.127322,-0.550054,-0.362081,0.752464,0.008741,0.007993,0.002665,-0.158469,0.210409,0.166946,-1.404515,0.044985,0.0634,0.01278,-0.696105,-0.250986,0.672638,0.424762,-0.899309,0.104016,0.578803,0.358118,0.732623,0.004298,0.004236,0.001418,-0.325083,0.435307,0.29808,-0.900345,0.069325,0.0562,-0.029146,-0.520755,0.247036,-0.817182,-0.351987,-0.934199,-0.058104,-0.777764,0.257379,0.573442,-0.016402,-0.002146,0.013813,-0.0678,-0.012198,0.058108,-0.503281
3805,0.061148,0.061561,0.430585,-0.501832,0.209064,-0.839346,-0.405775,-0.913836,0.014925,-0.763286,0.34781,0.544473,-0.030378,0.001539,0.029779,-0.069495,0.071845,-0.09234,-0.40023,-0.091765,0.090666,0.394085,0.724512,0.241544,0.645546,-0.416177,0.899822,0.130577,-0.550229,-0.363577,0.751613,0.017644,0.015289,0.005061,0.001528,-0.037976,0.087525,-1.404146,0.045188,0.063628,0.012857,-0.696515,-0.246382,0.673914,0.423184,-0.899521,0.108513,0.579465,0.360771,0.730796,0.003692,0.006262,0.002164,0.016624,-0.04486,0.045923,-0.900509,0.068802,0.056163,-0.028607,-0.522262,0.240905,-0.81805,-0.352756,-0.93438,-0.049955,-0.776405,0.262482,0.572972,-0.015122,0.000979,0.014983,-0.063303,0.093076,-0.081928,-0.503444
3806,0.060444,0.061568,0.431572,-0.506364,0.206028,-0.837372,-0.406316,-0.913478,0.020886,-0.759994,0.350552,0.54731,-0.008823,-0.005126,0.025693,-0.067108,0.043933,-0.032583,-0.402541,-0.091345,0.091183,0.39426,0.723963,0.242354,0.645858,-0.41976,0.897674,0.133854,-0.548222,-0.368322,0.750769,0.017546,0.015463,0.005115,0.001545,-0.038032,0.087492,-1.404083,0.0454,0.063895,0.012948,-0.695993,-0.247195,0.674156,0.426871,-0.897394,0.111647,0.577385,0.365483,0.730101,0.003652,0.006339,0.002185,0.015095,-0.042839,0.047079,-0.899855,0.068437,0.056174,-0.028099,-0.526796,0.237549,-0.816122,-0.353246,-0.934495,-0.043988,-0.773112,0.26512,0.576201,-0.009708,-0.000647,0.013979,-0.067778,0.058946,-0.061837,-0.504424
3807,0.060231,0.061577,0.432008,-0.508751,0.207659,-0.835521,-0.406803,-0.913266,0.020659,-0.758136,0.350139,0.550144,-0.007407,0.004847,0.015975,0.012501,0.193543,0.053215,-0.404502,-0.091113,0.091435,0.394354,0.723397,0.245782,0.645197,-0.424144,0.895499,0.134599,-0.545583,-0.37134,0.751205,0.007443,0.012165,0.004189,0.003965,-0.029032,0.054456,-1.403836,0.045519,0.064024,0.012996,-0.695519,-0.250755,0.67333,0.431262,-0.895237,0.112078,0.574687,0.368335,0.730796,0.008874,0.007351,0.002409,0.008759,-0.047744,0.081921,-0.900345,0.068333,0.056177,-0.027887,-0.528936,0.238603,-0.814428,-0.353736,-0.934309,-0.043988,-0.771425,0.264826,0.578592,-0.003635,0.002624,0.008073,0.04807,0.329061,0.110703,-0.50524
3808,0.06007,0.061545,0.432728,-0.51332,0.210921,-0.831902,-0.407618,-0.912918,0.019993,-0.754608,0.349093,0.555632,0.002371,-0.000866,0.013047,0.00082,0.147964,0.038368,-0.407915,-0.09064,0.091806,0.39454,0.724731,0.244514,0.644181,-0.422838,0.895933,0.135817,-0.544827,-0.371129,0.751858,0.008261,0.009341,0.003143,0.004031,-0.029119,0.054402,-1.404007,0.045754,0.064214,0.013091,-0.696908,-0.249509,0.672356,0.430002,-0.895687,0.113318,0.573947,0.368087,0.731502,0.004255,0.004252,0.001409,0.002174,-0.015268,0.029292,-0.900345,0.068248,0.056166,-0.027514,-0.534104,0.241755,-0.810114,-0.354612,-0.933933,-0.044912,-0.767451,0.263289,0.584548,0.001492,0.000337,0.006808,0.005823,0.148331,0.069481,-0.508343
3809,0.060195,0.061396,0.433362,-0.515607,0.212898,-0.829982,-0.408803,-0.912391,0.019859,-0.752404,0.349269,0.558504,0.002335,-0.000947,0.013013,-0.031628,0.011449,0.012752,-0.412521,-0.090142,0.09215,0.394707,0.724769,0.24738,0.643043,-0.426641,0.893924,0.137148,-0.541797,-0.374067,0.75259,0.018359,0.01244,0.003992,0.006076,-0.04432,0.08365,-1.403937,0.045997,0.064378,0.013171,-0.696954,-0.252408,0.671225,0.433895,-0.893661,0.114473,0.570954,0.371024,0.732359,0.009114,0.006439,0.002069,0.006042,-0.044147,0.083962,-0.899203,0.068305,0.056092,-0.027202,-0.5365,0.243388,-0.80804,-0.355767,-0.933491,-0.044963,-0.765242,0.263352,0.587408,0.000977,-0.000906,0.006349,-0.036745,-0.008639,0.00416,-0.510465
