frame,MLTx,MLTy,MLTz,MLTR1,MLTR2,MLTR3,MLTR4,MLTR5,MLTR6,MLTR7,MLTR8,MLTR9,MLTTVx,MLTTVy,MLTTVz,MLTRVx,MLTRVy,MLTRVz,MLGA,MRTx,MRTy,MRTz,MRTR1,MRTR2,MRTR3,MRTR4,MRTR5,MRTR6,MRTR7,MRTR8,MRTR9,MRTTVx,MRTTVy,MRTTVz,MRTRVx,MRTRVy,MRTRVz,MRGA,SLTx,SLTy,SLTz,SLTR1,SLTR2,SLTR3,SLTR4,SLTR5,SLTR6,SLTR7,SLTR8,SLTR9,SLTTVx,SLTTVy,SLTTVz,SLTRVx,SLTRVy,SLTRVz,SLGA,SRTx,SRTy,SRTz,SRTR1,SRTR2,SRTR3,SRTR4,SRTR5,SRTR6,SRTR7,SRTR8,SRTR9,SRTTVx,SRTTVy,SRTTVz,SRTRVx,SRTRVy,SRTRVz,SRGA
100,0.051388,0.016896,0.384709,-0.318606,-0.205369,-0.925397,-0.401857,-0.854916,0.328026,-0.858113,0.47664,0.191008,0.001328,0.003066,0.002151,-0.034128,-0.306619,0.325609,0.13706,-0.111655,0.033707,0.360294,0.451658,-0.848916,0.274477,-0.038403,0.288728,0.956606,-0.89187,-0.441515,0.097438,-0.012342,-0.002754,-0.000633,-0.002045,0.015205,-0.029245,-0.317328,0.034086,0.034629,-0.004674,-0.407396,0.792068,0.454593,0.208267,-0.404079,0.890698,0.889186,0.457544,-0.000342,6e-05,-0.000312,-0.000206,1.6e-05,-0.000197,-4.5e-05,-0.491139,0.063215,0.031082,-0.050895,-0.319867,-0.183811,-0.92946,-0.342344,-0.8923,0.294277,-0.88345,0.412325,0.22249,0.000567,0.00132,0.000925,-0.030404,-0.288099,0.318808,0.068236
101,0.051451,0.016877,0.384733,-0.306602,-0.199065,-0.930813,-0.40057,-0.860097,0.315829,-0.863086,0.469933,0.185129,0.000279,0.000644,0.000452,0.15018,-0.225792,0.327607,0.074655,-0.111659,0.033676,0.360275,0.451534,-0.848908,0.274705,-0.03852,0.288912,0.956546,-0.891927,-0.441411,0.097385,0.000291,-0.001489,-0.000981,-0.0,0.0,0.0,-0.317207,0.034079,0.034615,-0.004682,-0.407222,0.792031,0.454814,0.208386,-0.404266,0.890585,0.889238,0.457443,-0.000422,0.0002,-0.001029,-0.000677,-0.002033,0.014234,-0.024902,-0.490976,0.063247,0.031073,-0.050882,-0.308669,-0.17667,-0.934617,-0.340958,-0.896748,0.282117,-0.887958,0.405746,0.216561,0.006411,-0.001721,-0.001031,0.485759,-0.332974,0.293111,-0.003775
102,0.051472,0.016768,0.384794,-0.289974,-0.186379,-0.938735,-0.40622,-0.864148,0.296995,-0.866205,0.467681,0.176041,-0.001541,-0.010589,0.008979,-0.021762,-0.156487,0.341361,-0.008918,-0.111658,0.033624,0.360241,0.447055,-0.852059,0.272265,-0.034656,0.287516,0.957114,-0.894335,-0.43623,0.098642,0.000142,-0.000724,-0.000477,0.451403,1.586854,0.163544,-0.316642,0.03408,0.034585,-0.004702,-0.404756,0.794778,0.452215,0.205166,-0.402996,0.891908,0.89111,0.453785,5.4e-05,0.000334,-0.000559,-0.000511,1.483869,5.307183,0.56994,-0.490813,0.063256,0.031015,-0.050854,-0.292931,-0.162391,-0.942241,-0.346545,-0.900431,0.262922,-0.891121,0.403548,0.207488,-0.00081,-0.005382,0.004427,-0.021991,-0.155806,0.341249,-0.141919
103,0.051406,0.016677,0.384876,-0.279449,-0.178295,-0.943485,-0.409716,-0.866518,0.285047,-0.868028,0.466434,0.170274,-1e-05,-2.4e-05,-1.7e-05,0.006019,-0.088374,0.178078,-0.06157,-0.111648,0.033573,0.360208,0.446841,-0.852045,0.272658,-0.034857,0.287833,0.957011,-0.894434,-0.436048,0.09855,0.000166,-0.000848,-0.000559,-0.013791,0.099184,-0.171821,-0.316169,0.034085,0.034561,-0.004718,-0.403083,0.79558,0.4523,0.204782,-0.403286,0.891865,0.891957,0.452119,-0.000362,0.000116,-0.000597,-0.000393,-3e-06,-0.000231,-4.6e-05,-0.489996,0.063222,0.030967,-0.050815,-0.283124,-0.153544,-0.946712,-0.350055,-0.902459,0.251054,-0.892917,0.402481,0.201759,-1e-05,-1.7e-05,-1.1e-05,0.005835,-0.088278,0.178136,-0.205928
104,0.05137,0.016561,0.384991,-0.275275,-0.174967,-0.945333,-0.411332,-0.867317,0.280248,-0.868602,0.466204,0.167961,-0.001356,-0.01016,0.009283,-0.033762,0.020359,-0.014748,-0.120171,-0.111666,0.033517,0.360173,0.446665,-0.852032,0.272988,-0.035025,0.2881,0.956925,-0.894516,-0.435899,0.098475,0.000366,-0.001871,-0.001234,0.0,0.0,0.0,-0.314858,0.034076,0.034535,-0.004733,-0.402765,0.79551,0.452705,0.204999,-0.403631,0.891659,0.89205,0.451934,-0.000511,0.000211,-0.00108,-0.000713,-0.002072,0.014251,-0.024894,-0.48918,0.063205,0.030913,-0.050761,-0.279075,-0.149779,-0.948515,-0.351716,-0.903176,0.246103,-0.893539,0.402289,0.199374,-1e-06,-1e-06,1e-06,0.005947,-0.088255,0.178147,-0.250507
105,0.051389,0.016476,0.385056,-0.27506,-0.174694,-0.945447,-0.411636,-0.867269,0.279951,-0.868526,0.466396,0.16782,0.012665,-0.003836,-0.002332,0.000984,-0.014715,0.029553,-0.147784,-0.11168,0.033492,0.360159,0.441488,-0.854652,0.27322,-0.033436,0.28849,0.956865,-0.897137,-0.430489,0.098423,0.000176,-0.000902,-0.000595,3e-05,0.000104,1.1e-05,-0.313442,0.034069,0.03452,-0.004743,-0.397638,0.798277,0.452367,0.203437,-0.404045,0.891829,0.894704,0.446654,-0.001735,0.000101,-0.000527,-0.000347,0.002589,-0.001269,-0.00175,-0.48869,0.063209,0.030868,-0.050724,-0.278915,-0.149508,-0.948605,-0.352043,-0.903118,0.245848,-0.89346,0.402521,0.19926,-0.000678,-0.005081,0.004642,-0.033853,0.020393,-0.01473,-0.273204
106,0.051443,0.016214,0.385256,-0.274741,-0.17653,-0.945198,-0.407034,-0.869229,0.280599,-0.870792,0.462035,0.168138,-0.000251,-0.000579,-0.000406,0.0,-0.0,-0.0,-0.191484,-0.111663,0.03345,0.36013,0.442069,-0.855148,0.270716,-0.03126,0.286806,0.957444,-0.89693,-0.430627,0.099693,7.3e-05,-0.000373,-0.000246,-0.01379,0.099184,-0.17182,-0.31182,0.034078,0.034498,-0.004758,-0.398763,0.799064,0.449981,0.201298,-0.402445,0.893037,0.894687,0.446691,-0.00037,3.4e-05,-0.000174,-0.000114,-0.000235,-0.000114,-0.000486,-0.48624,0.063241,0.030737,-0.050624,-0.278458,-0.151321,-0.948452,-0.34731,-0.904819,0.246326,-0.895452,0.397999,0.199399,-0.000847,-0.005469,0.004369,-0.033977,0.020546,-0.014752,-0.309945
107,0.051597,0.015876,0.38543,-0.276608,-0.174038,-0.945116,-0.407367,-0.869497,0.279282,-0.870044,0.462472,0.170792,-0.000208,-0.000481,-0.000338,7.2e-05,0.000209,0.0001,-0.236603,-0.11166,0.033436,0.360121,0.441978,-0.855142,0.270884,-0.031345,0.286942,0.9574,-0.896972,-0.430549,0.099654,1e-06,-4e-06,-3e-06,0.0,0.0,0.0,-0.310629,0.034079,0.034491,-0.004762,-0.398555,0.799017,0.450248,0.201443,-0.402672,0.892902,0.894747,0.446571,-0.00047,-8e-06,3.5e-05,2.3e-05,-6.7e-05,-0.000124,-1.8e-05,-0.484934,0.063318,0.030567,-0.050538,-0.280517,-0.14891,-0.948227,-0.347645,-0.905057,0.244975,-0.89468,0.398366,0.202116,0.005537,-0.007281,0.003277,-0.034922,0.00015,0.012165,-0.344562
108,0.051709,0.015739,0.38551,-0.275084,-0.171561,-0.946013,-0.402777,-0.872879,0.275363,-0.872661,0.456989,0.172194,0.011558,-0.013464,0.007332,-0.011663,0.067203,0.044397,-0.26512,-0.11166,0.033436,0.360121,0.441978,-0.855142,0.270884,-0.031345,0.286942,0.9574,-0.896972,-0.430549,0.099654,0.0,-0.0,-0.0,0.0,0.0,0.0,-0.309384,0.034079,0.034492,-0.004762,-0.398557,0.799016,0.450248,0.201444,-0.402671,0.892902,0.894746,0.446573,-0.00047,-6e-06,2.1e-05,1.3e-05,-4.5e-05,-0.000107,-1.2e-05,-0.484281,0.063369,0.030501,-0.050502,-0.279289,-0.146165,-0.949016,-0.342839,-0.90802,0.240746,-0.896915,0.392598,0.203489,0.000152,0.000359,0.00025,0.01741,0.053548,0.024214,-0.362198
109,0.052023,0.015557,0.385538,-0.271728,-0.165248,-0.948105,-0.404104,-0.874501,0.26818,-0.873102,0.456206,0.172032,-0.001332,-0.010134,0.009312,0.140535,0.53027,0.230182,-0.332737,-0.111655,0.033459,0.360135,0.436594,-0.857721,0.27146,-0.029934,0.287589,0.957251,-0.899648,-0.424962,0.099521,-9.9e-05,0.000507,0.000335,0.0,0.0,0.0,-0.299933,0.034082,0.034503,-0.004754,-0.393175,0.801697,0.450216,0.200035,-0.403341,0.892917,0.89744,0.441132,-0.001784,-6.5e-05,0.000326,0.000216,-0.013211,0.098603,-0.172309,-0.480035,0.063531,0.030411,-0.050487,-0.274306,-0.141827,-0.951126,-0.344686,-0.908844,0.23493,-0.897745,0.392283,0.200416,0.006342,-0.001909,-0.001167,-5.7e-05,-0.014323,0.025062,-0.407756
110,0.052349,0.015475,0.385465,-0.265549,-0.162795,-0.950277,-0.400327,-0.878035,0.262232,-0.876742,0.450255,0.169175,0.0,0.0,0.0,3.2e-05,9.3e-05,4.5e-05,-0.407798,-0.111665,0.033465,0.36014,0.431083,-0.860256,0.272247,-0.028622,0.288403,0.957047,-0.902339,-0.419261,0.099339,-0.0,1e-06,1e-06,0.0,0.0,0.0,-0.279611,0.034076,0.034507,-0.004751,-0.387638,0.804302,0.450371,0.198712,-0.404175,0.892835,0.900138,0.435591,-0.003151,-1e-06,-1.3e-05,-8e-06,2.7e-05,-0.000387,-0.000123,-0.465829,0.063694,0.030366,-0.05052,-0.270243,-0.136786,-0.953025,-0.340347,-0.912373,0.227461,-0.900628,0.385829,0.200008,0.006345,-0.001904,-0.001166,-0.000752,-0.017551,0.025903,-0.463601
111,0.052651,0.015407,0.385413,-0.265147,-0.162493,-0.950441,-0.400416,-0.878129,0.261779,-0.876824,0.450179,0.168954,0.000198,0.000463,0.000325,0.0,0.0,0.0,-0.473104,-0.111665,0.033465,0.36014,0.420582,-0.865273,0.272771,-0.025459,0.289151,0.95691,-0.907364,-0.408301,0.099217,-0.0,0.0,0.0,-0.013761,0.099288,-0.17181,-0.239744,0.034077,0.034507,-0.004752,-0.377334,0.809617,0.449598,0.195531,-0.404891,0.893213,0.905199,0.42495,-0.005526,-6e-06,-3e-06,-1e-06,0.002688,-0.001617,-0.001985,-0.43758,0.063844,0.030332,-0.050547,-0.269851,-0.136491,-0.953178,-0.340448,-0.912439,0.22704,-0.900707,0.385775,0.199755,0.006474,-0.001602,-0.000952,0.000783,-0.014707,0.029517,-0.51618
112,0.052785,0.015359,0.385408,-0.265017,-0.162371,-0.950498,-0.400501,-0.878137,0.261622,-0.876824,0.450207,0.168877,0.012727,-0.003716,-0.002256,0.000984,-0.014715,0.029553,-0.498912,-0.111659,0.033481,0.36015,0.419848,-0.864745,0.275564,-0.027736,0.291125,0.956248,-0.907637,-0.408019,0.097875,-0.000133,0.000678,0.000447,-0.013791,0.099184,-0.171821,-0.21083,0.03408,0.034514,-0.004748,-0.376123,0.808749,0.452167,0.197689,-0.406721,0.891906,0.905234,0.424855,-0.006904,-9.1e-05,0.000443,0.000292,0.001194,-0.00114,0.002045,-0.416842,0.063907,0.03031,-0.050548,-0.269749,-0.136374,-0.953224,-0.340533,-0.912441,0.226905,-0.900706,0.385812,0.19969,1.6e-05,3.2e-05,1.9e-05,-0.000149,2.1e-05,3.7e-05,-0.539694
113,0.053072,0.015281,0.385348,-0.263976,-0.157968,-0.95153,-0.400807,-0.879327,0.257118,-0.877,0.449444,0.169993,0.014018,0.006358,-0.011612,0.074871,0.083327,0.101195,-0.559557,-0.11168,0.033537,0.360188,0.39808,-0.873372,0.280614,-0.02504,0.295309,0.955039,-0.917447,-0.386096,0.095312,-0.000286,0.001462,0.000964,0.041872,0.142508,0.014222,-0.107492,0.03407,0.034541,-0.004729,-0.35421,0.817219,0.454627,0.195116,-0.410864,0.890572,0.914583,0.404155,-0.013921,-0.006425,-3.2e-05,0.00056,0.445408,1.627126,0.151761,-0.343688,0.06405,0.030267,-0.050574,-0.268994,-0.131881,-0.954069,-0.340869,-0.913433,0.222369,-0.900805,0.385029,0.200754,-1e-06,-8e-06,-1.1e-05,0.051403,0.153294,0.07175,-0.58264
114,0.05333,0.015227,0.385329,-0.263446,-0.157542,-0.951747,-0.400979,-0.879427,0.256507,-0.877081,0.449398,0.169698,0.011555,-0.013513,0.007288,-0.03285,0.005459,0.014716,-0.626637,-0.1117,0.033593,0.360226,0.381474,-0.879214,0.285395,-0.02381,0.299167,0.953869,-0.924489,-0.369552,0.092809,-0.000303,0.001551,0.001023,0.473173,1.581475,0.153873,0.016148,0.034059,0.034569,-0.00471,-0.341756,0.820764,0.457763,0.195286,-0.414438,0.888877,0.919274,0.393175,-0.018647,-0.000209,0.001043,0.00069,0.003022,-0.016074,0.026422,-0.229548,0.06418,0.030248,-0.050591,-0.268501,-0.131382,-0.954277,-0.340996,-0.913544,0.221718,-0.900904,0.384936,0.200487,0.000104,0.000244,0.000165,-0.000762,-0.00209,-0.001046,-0.63277
115,0.053421,0.015208,0.38533,-0.261048,-0.155646,-0.952719,-0.401648,-0.879921,0.25375,-0.877495,0.449088,0.168375,8.2e-05,0.000194,0.000136,0.0,0.0,0.0,-0.663843,-0.111706,0.033623,0.360234,0.38088,-0.878654,0.287904,-0.02585,0.301007,0.953237,-0.924679,-0.369392,0.09155,-0.000207,0.001056,0.000696,-0.0,0.0,-0.0,0.070844,0.034056,0.034586,-0.004705,-0.335636,0.822351,0.459441,0.195466,-0.416318,0.887959,0.921488,0.387836,-0.021011,-0.000128,0.000633,0.00042,0.001105,-0.001738,0.001431,-0.163578,0.06423,0.030234,-0.050587,-0.266217,-0.129288,-0.955203,-0.341708,-0.913947,0.218939,-0.901312,0.384686,0.199129,3.9e-05,9e-05,5.9e-05,-0.000281,0.000587,-0.001814,-0.656447
116,0.053584,0.015174,0.385347,-0.258503,-0.153615,-0.953742,-0.402398,-0.88042,0.250816,-0.877908,0.448807,0.166967,0.000784,0.001846,0.001294,0.000901,-0.012729,0.02584,-0.718964,-0.111714,0.033668,0.360251,0.380228,-0.87808,0.290504,-0.027929,0.302924,0.952571,-0.924885,-0.36919,0.090269,-9.5e-05,0.000484,0.000319,-0.0,0.0,-0.0,0.183822,0.034052,0.03461,-0.004695,-0.334569,0.821471,0.461787,0.197422,-0.418054,0.886709,0.921459,0.387833,-0.022308,-4.2e-05,0.000208,0.000138,-0.000117,-0.00074,0.000482,-0.01433,0.06431,0.030212,-0.050582,-0.263844,-0.127081,-0.956156,-0.342467,-0.914356,0.216026,-0.901721,0.38445,0.197727,0.000121,0.000283,0.000195,-5.2e-05,0.000249,-0.000474,-0.668531
117,0.053763,0.015175,0.385327,-0.258294,-0.153474,-0.953822,-0.402406,-0.880481,0.250589,-0.877966,0.448736,0.166854,0.012808,-0.003511,-0.002119,0.000984,-0.014715,0.029553,-0.74525,-0.111725,0.033729,0.360245,0.374371,-0.879742,0.293073,-0.028117,0.305015,0.951898,-0.92726,-0.363483,0.089062,-9.9e-05,0.000506,0.000333,-0.0,0.0,-0.0,0.291154,0.034046,0.03464,-0.004698,-0.328367,0.822998,0.463517,0.197538,-0.420041,0.885744,0.923662,0.382412,-0.024645,-4.9e-05,0.000235,0.000155,0.001752,-0.001633,0.001812,0.128548,0.064396,0.030219,-0.050587,-0.263651,-0.126928,-0.95623,-0.342474,-0.914406,0.215803,-0.901775,0.384381,0.197615,4.9e-05,0.000112,7.5e-05,-0.006209,0.087862,-0.178338,-0.673756
118,0.053962,0.015139,0.385307,-0.259622,-0.150917,-0.953869,-0.402085,-0.881137,0.248793,-0.87772,0.448312,0.16927,0.012819,-0.003481,-0.0021,0.002294,-0.010817,0.031426,-0.778637,-0.11177,0.033873,0.360214,0.367613,-0.880736,0.298588,-0.030344,0.309413,0.950409,-0.929882,-0.357322,0.086622,-0.0004,0.002047,0.001347,-0.002559,0.001732,-0.005969,0.370806,0.034025,0.034709,-0.004716,-0.320741,0.823523,0.467904,0.199572,-0.424154,0.883325,0.925902,0.376699,-0.028309,-0.000237,0.001202,0.000794,-0.001638,-0.011821,0.008944,0.250853,0.064496,0.0302,-0.050598,-0.265275,-0.124307,-0.956125,-0.34211,-0.914995,0.213877,-0.901437,0.383837,0.200199,6.3e-05,0.000148,0.0001,-0.004924,-0.015334,-0.007389,-0.674409
119,0.054075,0.015128,0.385302,-0.257147,-0.148973,-0.954845,-0.40273,-0.881639,0.245954,-0.878155,0.447972,0.167906,0.000621,0.001468,0.001028,1.9e-05,5.7e-05,2.7e-05,-0.794717,-0.111812,0.033946,0.360195,0.361851,-0.882326,0.300926,-0.030319,0.311365,0.949772,-0.932134,-0.351676,0.085516,-0.000209,0.001072,0.000705,-0.00889,0.004626,-0.020001,0.398665,0.034003,0.034748,-0.004724,-0.31468,0.825006,0.469403,0.199445,-0.426017,0.882457,0.928007,0.371312,-0.030484,-0.000128,0.000636,0.000421,-0.028063,0.013752,-0.066659,0.29935,0.064556,0.030191,-0.050603,-0.262796,-0.122272,-0.957072,-0.342802,-0.915387,0.211074,-0.9019,0.383555,0.198645,0.00671,-0.00103,-0.000558,0.000744,-0.02968,0.052221,-0.675389
120,0.054356,0.015123,0.385268,-0.258226,-0.146252,-0.954974,-0.402404,-0.882362,0.243887,-0.877987,0.447441,0.170188,0.000437,0.001036,0.000725,0.075859,0.226676,0.108955,-0.811333,-0.111921,0.034079,0.360162,0.340737,-0.890646,0.301063,-0.022723,0.312205,0.949708,-0.940248,-0.329309,0.085741,-0.000256,0.001309,0.000861,0.000364,0.001148,0.000104,0.438105,0.033949,0.034813,-0.004742,-0.29404,0.834046,0.466804,0.191877,-0.426942,0.883687,0.936334,0.349409,-0.034497,-0.000193,0.000956,0.000638,0.00832,0.009138,-0.002566,0.368259,0.064692,0.030191,-0.050619,-0.263356,-0.120453,-0.957148,-0.342632,-0.915807,0.209524,-0.901801,0.383129,0.199912,0.006671,-0.00112,-0.00062,0.14715,0.427369,0.242228,-0.678655
121,0.054665,0.015156,0.385212,-0.259389,-0.143641,-0.955055,-0.401963,-0.8831,0.241935,-0.877845,0.446826,0.17252,0.014444,0.007455,-0.010855,0.179851,0.399576,0.25334,-0.819331,-0.111938,0.034168,0.360186,0.331297,-0.892965,0.304709,-0.019629,0.31623,0.948445,-0.943675,-0.319063,0.086833,-0.00024,0.00123,0.000809,0.037929,-0.039799,-0.026123,0.472069,0.03394,0.034859,-0.004728,-0.284126,0.836068,0.46932,0.188478,-0.431238,0.882331,0.940078,0.33915,-0.035054,-0.000123,0.000604,0.000403,0.015241,-0.029115,-0.013061,0.419369,0.064846,0.030205,-0.050642,-0.263818,-0.118909,-0.957214,-0.342397,-0.9162,0.208182,-0.901755,0.38267,0.200997,0.000261,0.000613,0.000425,0.169445,0.507933,0.244228,-0.676369
122,0.054832,0.015161,0.385182,-0.258974,-0.143345,-0.955212,-0.402003,-0.883207,0.241474,-0.877949,0.446708,0.172294,0.014678,0.008023,-0.010459,0.036982,-0.028411,0.047507,-0.827422,-0.111962,0.034194,0.360205,0.331245,-0.892951,0.304807,-0.019669,0.316315,0.948416,-0.943692,-0.319017,0.086809,-0.000209,0.001073,0.000705,0.000554,-0.000582,-0.000382,0.48816,0.033928,0.034872,-0.004719,-0.284065,0.836088,0.469321,0.188669,-0.431172,0.882322,0.940058,0.339184,-0.035263,-0.006339,-0.000493,0.000266,-0.01056,0.018824,-0.024475,0.441413,0.064929,0.030206,-0.050658,-0.265171,-0.11663,-0.957121,-0.342029,-0.916726,0.206467,-0.901498,0.382113,0.203198,0.006731,-0.000971,-0.000521,-0.00324,-0.04392,0.047432,-0.677675
123,0.055173,0.015154,0.385136,-0.257684,-0.13877,-0.956236,-0.402257,-0.884387,0.236687,-0.878214,0.445811,0.173264,0.002135,0.012152,-0.0079,0.042992,0.007396,0.028106,-0.845983,-0.112028,0.034183,0.360192,0.324119,-0.89476,0.30715,-0.013335,0.3202,0.947221,-0.946266,-0.309972,0.091443,0.000146,-0.000751,-0.000493,0.100983,-0.106059,-0.069611,0.514929,0.033895,0.034868,-0.004724,-0.276526,0.837894,0.470603,0.18224,-0.435091,0.88175,0.943568,0.32959,-0.032384,8.5e-05,-0.000455,-0.000296,0.104875,-0.111084,-0.072739,0.482236,0.065104,0.0302,-0.050683,-0.264228,-0.111856,-0.957951,-0.342279,-0.917722,0.201568,-0.90168,0.381147,0.204201,0.006839,-0.000701,-0.000332,0.002944,-0.025839,0.055756,-0.68437
124,0.055503,0.015212,0.385097,-0.257015,-0.138317,-0.956482,-0.402269,-0.884577,0.235957,-0.878405,0.445575,0.172902,0.001371,0.003279,0.00229,0.000896,-0.012739,0.025835,-0.856583,-0.11207,0.034209,0.360166,0.320538,-0.895646,0.308327,-0.010059,0.322141,0.946603,-0.947522,-0.305385,0.093839,-1e-05,5.4e-05,3.5e-05,0.002055,-0.002159,-0.001417,0.531151,0.033874,0.034879,-0.004739,-0.27303,0.838637,0.471318,0.178931,-0.437113,0.881427,0.945218,0.32499,-0.030714,-7e-06,2.9e-05,2.1e-05,-0.014909,0.007032,0.008397,0.507709,0.065269,0.030231,-0.050707,-0.263372,-0.11161,-0.958215,-0.34231,-0.917837,0.200993,-0.901919,0.380943,0.203527,0.00749,0.004394,-0.004971,0.034552,-0.035802,0.043944,-0.686493
125,0.055789,0.015275,0.385109,-0.255751,-0.139517,-0.956646,-0.39707,-0.887053,0.235466,-0.881136,0.440246,0.17266,0.013766,-0.001149,-0.000485,0.000984,-0.014715,0.029553,-0.865498,-0.112098,0.034205,0.360154,0.321113,-0.893318,0.314421,-0.012551,0.327836,0.944616,-0.947298,-0.30614,0.093643,0.000293,-0.001507,-0.00099,-0.002574,0.014619,-0.026828,0.532636,0.033859,0.034881,-0.004742,-0.272471,0.835569,0.477056,0.181245,-0.442367,0.878328,0.944938,0.325783,-0.030911,6e-06,-3.5e-05,-2.2e-05,-0.005514,0.003541,0.004102,0.513588,0.065409,0.030267,-0.050698,-0.26203,-0.112739,-0.958451,-0.336959,-0.919959,0.200332,-0.904322,0.375452,0.203068,0.000653,0.001564,0.001088,-0.00013,0.000306,-4e-06,-0.691391
126,0.05594,0.015308,0.385123,-0.25474,-0.140895,-0.956714,-0.391835,-0.889431,0.235263,-0.883768,0.434976,0.17256,0.014038,-0.000487,-2.5e-05,0.477735,-0.144479,-0.030444,-0.867453,-0.112146,0.034205,0.360147,0.319834,-0.89197,0.319511,-0.016384,0.331844,0.943157,-0.94767,-0.305755,0.091096,-0.001763,0.010841,-0.008389,0.027456,-0.000563,0.000854,0.532519,0.033837,0.034872,-0.004745,-0.270252,0.833647,0.48166,0.184907,-0.446022,0.875713,0.944866,0.325725,-0.033609,-0.006214,-0.00112,-0.000149,-0.029887,0.031309,-0.091031,0.514731,0.065483,0.030282,-0.050692,-0.261028,-0.113938,-0.958583,-0.332061,-0.921813,0.199989,-0.906421,0.370511,0.202784,0.00044,0.001064,0.000729,1.60299,-0.400773,-0.284212,-0.694657
127,0.056205,0.015392,0.385162,-0.256104,-0.138374,-0.956718,-0.391469,-0.890065,0.233471,-0.883535,0.434486,0.174973,0.001264,0.00304,0.002116,0.001512,0.00459,0.002212,-0.878263,-0.112202,0.034254,0.360091,0.314987,-0.886524,0.338893,-0.031213,0.347077,0.937282,-0.948914,-0.304684,0.081205,0.0,-0.0,-0.0,0.005091,-0.094498,0.151482,0.532749,0.033809,0.034897,-0.004773,-0.261898,0.825949,0.499215,0.19877,-0.460017,0.865374,0.944404,0.32587,-0.043697,-2e-06,1.1e-05,6e-06,-0.097946,0.055255,-0.225568,0.515874,0.065621,0.030324,-0.050672,-0.262589,-0.111444,-0.95845,-0.331179,-0.922558,0.198004,-0.906292,0.369413,0.205346,0.007119,6e-06,0.000156,-0.004037,-0.030406,0.021981,-0.69629
128,0.056481,0.015481,0.385192,-0.251376,-0.138889,-0.957896,-0.381596,-0.895268,0.229894,-0.889197,0.423487,0.173244,0.001285,0.003099,0.002154,0.0,1e-06,0.0,-0.878883,-0.112176,0.034392,0.360003,0.306554,-0.875958,0.372443,-0.057829,0.373297,0.925872,-0.950414,-0.304255,0.06329,0.012425,0.002235,0.000293,-1.080082,0.501464,-2.343984,0.532483,0.033821,0.03497,-0.00482,-0.248,0.811897,0.528506,0.22282,-0.483117,0.846728,0.942786,0.327751,-0.061094,0.006214,0.001086,0.000143,-1.067249,0.495366,-2.317611,0.517017,0.06576,0.03037,-0.050657,-0.257702,-0.111775,-0.959736,-0.321065,-0.926938,0.194166,-0.91132,0.358175,0.202987,0.000653,0.001573,0.001091,-0.000625,0.000537,-0.000927,-0.702005
129,0.056635,0.015529,0.385203,-0.248051,-0.138309,-0.958846,-0.376844,-0.898023,0.226969,-0.892156,0.417802,0.17183,0.001466,0.003538,0.002457,0.043801,-0.371264,0.739848,-0.879828,-0.11214,0.034467,0.359931,0.304347,-0.869176,0.389741,-0.069875,0.387554,0.919159,-0.95031,-0.305874,0.056705,0.01267,0.000971,-0.000537,0.019875,-0.163488,-0.097408,0.532208,0.033839,0.03501,-0.004854,-0.242259,0.802807,0.544802,0.234172,-0.496545,0.835826,0.941526,0.330064,-0.067703,0.006354,0.000404,-0.000325,0.03601,-0.175106,-0.089548,0.51767,0.065836,0.030391,-0.050652,-0.25505,-0.111555,-0.96047,-0.316027,-0.929152,0.191837,-0.913824,0.352463,0.201726,0.007239,0.000236,0.00032,0.149856,-1.263029,2.520792,-0.69678
130,0.056982,0.015652,0.385222,-0.245515,-0.140544,-0.959174,-0.366268,-0.902642,0.225957,-0.897249,0.406961,0.171332,0.001996,0.004833,0.003351,0.000921,-0.012763,0.025822,-0.881288,-0.112024,0.034701,0.359745,0.298373,-0.852211,0.429769,-0.099226,0.420021,0.902037,-0.949584,-0.310707,0.0402,-0.001644,0.010213,-0.008793,0.057593,-0.240496,0.056148,0.530989,0.033898,0.035121,-0.004945,-0.229162,0.78103,0.580927,0.260365,-0.525879,0.809729,0.93792,0.336812,-0.082841,0.005408,0.006145,-0.004308,-0.195714,-0.114061,-0.533376,0.518813,0.066008,0.030451,-0.050645,-0.251785,-0.113037,-0.961158,-0.30534,-0.93315,0.189729,-0.918352,0.341251,0.200439,0.007215,0.000272,0.000332,0.000455,-0.013727,0.029419,-0.705924
131,0.057327,0.015775,0.385288,-0.238602,-0.138873,-0.96116,-0.356746,-0.907986,0.219695,-0.902939,0.395478,0.168304,0.001922,0.004667,0.003229,0.001181,-0.010027,0.019975,-0.874981,-0.11201,0.034992,0.359396,0.29961,-0.828282,0.473472,-0.11974,0.459579,0.879991,-0.946824,-0.319296,0.037899,-0.001233,0.008108,-0.010172,-0.413775,-0.08626,-2.753694,0.527913,0.033904,0.035269,-0.005118,-0.222477,0.754339,0.617637,0.27704,-0.558483,0.781884,0.934747,0.345062,-0.084733,-0.000537,0.003679,-0.005338,-0.021841,-0.23439,-0.602719,0.51914,0.066182,0.030516,-0.050609,-0.244958,-0.110786,-0.963183,-0.295607,-0.937613,0.183023,-0.923369,0.329557,0.196926,0.000989,0.002401,0.001656,-0.000223,-0.006096,0.013889,-0.717844
132,0.057721,0.015923,0.38536,-0.231165,-0.132716,-0.963844,-0.347183,-0.914176,0.209089,-0.908591,0.383124,0.166451,0.002553,0.006218,0.004294,5.413762,-0.900995,-0.765073,-0.868782,-0.11211,0.035117,0.358998,0.29794,-0.798868,0.522526,-0.137348,0.505695,0.851671,-0.944955,-0.324502,0.040266,0.001227,-0.006288,-0.004146,0.254919,-0.291114,-1.14703,0.521317,0.033853,0.035337,-0.005319,-0.211834,0.716939,0.664171,0.290342,-0.602745,0.743235,0.933181,0.35028,-0.080476,0.000639,-0.003256,-0.00214,0.294664,-0.338828,-1.228005,0.51767,0.066378,0.030586,-0.050576,-0.238118,-0.103498,-0.965705,-0.291564,-0.940827,0.172724,-0.926439,0.322693,0.193852,0.007552,0.001132,0.000916,0.137367,0.432434,0.238017,-0.727805
133,0.057936,0.01607,0.385379,-0.229664,-0.133508,-0.964093,-0.341767,-0.916402,0.208264,-0.911022,0.377487,0.166038,0.002695,0.006577,0.004535,0.144925,-0.027754,-0.023172,-0.86472,-0.112212,0.035065,0.358823,0.297635,-0.782418,0.547016,-0.141479,0.530389,0.835826,-0.944441,-0.325171,0.046458,-0.010917,-0.009969,-0.005399,0.296393,-0.213321,-1.378688,0.524346,0.033806,0.035316,-0.005404,-0.207362,0.69828,0.685131,0.291817,-0.624315,0.724618,0.933725,0.350192,-0.074311,-0.000167,0.001568,-0.006671,-0.09566,0.074105,-3.2424,0.51767,0.06648,0.030658,-0.050568,-0.236728,-0.104574,-0.965931,-0.280757,-0.944413,0.171052,-0.930126,0.311685,0.194209,0.0022,0.008915,-0.002018,1.645441,-0.403402,-0.241155,-0.728132
134,0.058299,0.016493,0.385429,-0.229899,-0.126258,-0.965013,-0.34116,-0.918171,0.201351,-0.91119,0.375667,0.169216,0.003899,0.00954,0.006555,0.039639,0.108702,0.084564,-0.8555,-0.11249,0.034838,0.358482,0.297714,-0.746452,0.59512,-0.143297,0.581267,0.800955,-0.944142,-0.322789,0.065317,-0.010802,-0.010657,-0.00587,0.429516,-0.144064,-1.801049,0.531234,0.033671,0.035203,-0.005575,-0.199656,0.658844,0.7253,0.287827,-0.668116,0.68613,0.936639,0.345751,-0.05624,0.000804,-0.004106,-0.002719,0.532142,-0.356639,-0.69913,0.520773,0.066666,0.030867,-0.050543,-0.237315,-0.097428,-0.966534,-0.279708,-0.945968,0.164032,-0.930293,0.309274,0.197241,0.008985,0.008209,-0.002366,0.079548,0.091979,0.135313,-0.731234
135,0.058679,0.01712,0.385545,-0.229796,-0.118756,-0.965989,-0.340485,-0.919993,0.194044,-0.911468,0.373638,0.172181,0.018097,0.009773,0.006934,0.011776,-0.011724,0.09502,-0.846134,-0.11264,0.034468,0.358235,0.294743,-0.707144,0.642701,-0.144951,0.631598,0.761581,-0.944818,-0.316737,0.082828,0.003282,-0.018743,0.003114,0.330818,-0.003435,-1.908467,0.529196,0.033588,0.035014,-0.005707,-0.187433,0.612023,0.768307,0.283394,-0.715216,0.638868,0.940508,0.337479,-0.039388,0.000849,-0.004726,-0.00307,0.038137,0.411604,-3.786871,0.522895,0.066847,0.03117,-0.050487,-0.237986,-0.089719,-0.967115,-0.278997,-0.947445,0.156549,-0.930334,0.307079,0.200447,0.002716,0.006665,0.004552,0.001447,-0.029527,0.045552,-0.740542
136,0.058871,0.017452,0.385615,-0.230775,-0.115937,-0.966099,-0.339944,-0.920698,0.191637,-0.911422,0.372784,0.174266,0.018135,0.009917,0.007008,0.139215,0.408607,0.266906,-0.844192,-0.112612,0.034325,0.358127,0.297214,-0.68203,0.668199,-0.149238,0.657929,0.7381,-0.943378,-0.318232,0.092899,0.001326,-0.006865,-0.004567,0.507607,-0.260267,-1.385826,0.531253,0.033603,0.034936,-0.005758,-0.184834,0.583363,0.7909,0.284054,-0.738706,0.611248,0.940823,0.337638,-0.029169,0.000758,-0.004022,-0.002655,0.448845,-0.316696,-2.146827,0.523222,0.066946,0.031347,-0.05045,-0.237106,-0.088887,-0.967408,-0.27887,-0.947668,0.155423,-0.930597,0.306633,0.199909,0.003595,0.012356,0.000314,0.193866,0.4574,0.309967,-0.744134
137,0.059268,0.018167,0.385812,-0.227658,-0.117294,-0.966674,-0.32885,-0.925129,0.189645,-0.916266,0.361205,0.173246,0.005694,0.014034,0.009514,0.001242,-0.012807,0.025773,-0.844524,-0.112691,0.034269,0.357783,0.314465,-0.622256,0.716869,-0.181882,0.701585,0.688935,-0.932003,-0.346245,0.106524,-0.013093,0.002789,-0.012531,-0.303233,1.122376,-3.625789,0.531956,0.033569,0.034904,-0.005927,-0.195278,0.518171,0.832685,0.306477,-0.774269,0.553694,0.931631,0.363324,-0.00761,-0.000227,0.002041,-0.006433,0.382634,0.030119,-1.163541,0.523385,0.067148,0.031697,-0.050351,-0.235627,-0.088432,-0.967811,-0.26717,-0.951586,0.151996,-0.934398,0.294384,0.200593,0.009237,0.005427,0.003792,0.004145,-0.031174,0.05264,-0.742991
138,0.059627,0.018769,0.386099,-0.226448,-0.116259,-0.967083,-0.328901,-0.925404,0.188207,-0.916548,0.360833,0.172524,0.005868,0.014503,0.009775,0.001729,-0.025648,0.051589,-0.846485,-0.112696,0.034343,0.357459,0.312015,-0.570578,0.759657,-0.19347,0.744559,0.638855,-0.930488,-0.345583,0.120947,-0.001117,0.007535,-0.010563,-0.95183,-0.796588,-2.382586,0.531116,0.033562,0.034938,-0.006091,-0.181771,0.462248,0.86792,0.309947,-0.810699,0.496687,0.933215,0.359293,0.004089,0.000467,-0.001969,-0.001271,-4.166178,-2.761884,-4.565264,0.523875,0.067333,0.032013,-0.050203,-0.234412,-0.087274,-0.968211,-0.267243,-0.951804,0.150497,-0.934682,0.294026,0.199791,0.002919,0.007221,0.004859,0.001228,-0.025612,0.05165,-0.745767
139,0.059956,0.019292,0.386464,-0.2246,-0.118477,-0.967245,-0.318058,-0.929304,0.18763,-0.920821,0.349924,0.172245,0.005522,0.013683,0.009168,-0.005103,0.075675,-0.152224,-0.845726,-0.112652,0.034433,0.357327,0.322866,-0.540608,0.776848,-0.210944,0.758955,0.615974,-0.922969,-0.362066,0.130004,-0.001298,0.008471,-0.009936,0.504587,-0.171894,-1.501351,0.531767,0.033587,0.035059,-0.006231,-0.194781,0.397849,0.896536,0.340138,-0.829925,0.442187,0.919981,0.391076,0.02633,-0.000873,0.005329,-0.00423,0.488137,-0.26242,-1.321797,0.524202,0.067498,0.032276,-0.05002,-0.23243,-0.089373,-0.968497,-0.256173,-0.954983,0.149605,-0.93827,0.282875,0.199072,0.002759,0.006845,0.004583,-0.005717,0.07602,-0.152123,-0.755238
140,0.060099,0.019521,0.386666,-0.223622,-0.11949,-0.967347,-0.31272,-0.931188,0.18726,-0.922886,0.344527,0.172073,0.005588,0.013863,0.009263,0.001731,-0.025642,0.051592,-0.846559,-0.112702,0.034804,0.357036,0.333691,-0.487136,0.807057,-0.240375,0.78376,0.572603,-0.911863,-0.384454,0.143401,-0.002038,0.012301,-0.00737,0.294603,-0.070271,-1.190448,0.531461,0.03356,0.035165,-0.006305,-0.19449,0.37128,0.907923,0.34649,-0.839925,0.417696,0.917669,0.395824,0.034712,-0.001096,0.006503,-0.003445,0.289485,-0.255619,-1.285234,0.524202,0.067567,0.032385,-0.049923,-0.23142,-0.090353,-0.968648,-0.250718,-0.956505,0.14912,-0.939991,0.277368,0.198702,0.008253,-0.000395,0.007865,-0.032777,-0.007304,0.040494,-0.752625
141,0.060339,0.019947,0.387047,-0.217507,-0.117402,-0.968996,-0.302799,-0.935641,0.181275,-0.927649,0.33298,0.169167,0.00519,0.012901,0.008575,0.674807,-1.368882,2.422603,-0.849053,-0.112675,0.035281,0.356784,0.334398,-0.44522,0.830631,-0.251552,0.807133,0.534034,-0.908582,-0.386966,0.156842,-0.000138,0.000711,0.000475,-1.138416,-0.957919,-1.24938,0.531171,0.033572,0.03541,-0.006427,-0.187925,0.329545,0.925247,0.346494,-0.859221,0.376403,0.919035,0.391328,0.047284,0.005229,0.007104,-0.003642,0.430831,-0.363383,-1.110128,0.524365,0.067687,0.032598,-0.049732,-0.227438,-0.089875,-0.969635,-0.240737,-0.959635,0.145415,-0.943566,0.2665,0.196621,0.002357,0.005889,0.003901,1.62277,-0.327679,-0.255792,-0.755728
142,0.06052,0.020391,0.387353,-0.21325,-0.117059,-0.969983,-0.292299,-0.939675,0.177609,-0.932,0.32154,0.167379,0.004622,0.011505,0.007612,0.002203,-0.028675,0.057564,-0.854213,-0.112645,0.035635,0.356509,0.338788,-0.407992,0.847795,-0.267672,0.82196,0.50266,-0.902331,-0.396711,0.168174,-0.001672,0.010389,-0.008634,0.199652,-0.057131,-0.718807,0.531426,0.033587,0.035589,-0.006563,-0.191237,0.287267,0.938565,0.361659,-0.868315,0.339455,0.912485,0.404357,0.062161,-0.000816,0.005101,-0.004377,0.232377,-0.11026,-0.75302,0.524365,0.067778,0.032821,-0.049578,-0.221218,-0.087124,-0.971324,-0.229949,-0.963257,0.138771,-0.947726,0.254054,0.193056,0.002013,0.005018,0.003322,0.000968,-0.019406,0.040579,-0.757687
143,0.060594,0.020571,0.387484,-0.207281,-0.114827,-0.971542,-0.282031,-0.943905,0.171678,-0.936505,0.309728,0.16448,0.003777,0.009405,0.00621,0.101723,-0.396328,0.755029,-0.860085,-0.112699,0.035796,0.356363,0.338023,-0.393976,0.854702,-0.274109,0.827483,0.48997,-0.900682,-0.399406,0.170619,-0.001601,0.010024,-0.008874,0.093987,0.11995,-0.605133,0.531682,0.033559,0.035674,-0.006639,-0.189095,0.271817,0.943587,0.36568,-0.872314,0.324567,0.911328,0.406426,0.065552,-0.000787,0.004964,-0.004469,0.057935,0.208658,-0.550156,0.524365,0.067816,0.032915,-0.049511,-0.21598,-0.085115,-0.97268,-0.219449,-0.966474,0.133299,-0.951416,0.242243,0.190061,0.00188,0.004594,0.003043,0.33962,-1.286182,2.450712,-0.762259
144,0.06072,0.020861,0.387735,-0.197777,-0.112325,-0.973813,-0.260935,-0.951532,0.162696,-0.94465,0.286414,0.160095,0.003226,0.008041,0.005292,5.388671,-1.000366,-0.68091,-0.866181,-0.11277,0.036172,0.356089,0.351363,-0.362645,0.863148,-0.29772,0.830708,0.470341,-0.888002,-0.421779,0.182806,-0.001793,0.011019,-0.008203,0.030461,-1.727708,1.535322,0.53157,0.033525,0.035856,-0.006774,-0.197415,0.239206,0.950687,0.386326,-0.872311,0.299708,0.900987,0.426443,0.079796,-0.000892,0.005514,-0.00409,-1.147855,-1.166454,-0.991812,0.524365,0.06788,0.033062,-0.049384,-0.20634,-0.080923,-0.975127,-0.199831,-0.972084,0.122955,-0.957857,0.220231,0.184409,0.001467,0.003868,0.00238,5.386359,-1.010422,-0.688553,-0.770751
145,0.06082,0.021166,0.387983,-0.182887,-0.106639,-0.977356,-0.228877,-0.962162,0.147756,-0.95591,0.250843,0.152777,0.00324,0.008082,0.005301,5.593929,-2.081523,1.637738,-0.865052,-0.113032,0.036555,0.3557,0.373014,-0.329578,0.867312,-0.339922,0.821151,0.458363,-0.8637,-0.465377,0.193157,-0.013841,0.00685,-0.009783,-4.736008,-2.420676,-1.480227,0.531837,0.033398,0.036051,-0.006967,-0.218898,0.207656,0.953394,0.420269,-0.861748,0.284188,0.880599,0.462891,0.101363,-0.001542,0.009742,-0.009041,0.087344,0.061914,-0.159321,0.524202,0.067928,0.03321,-0.049263,-0.194093,-0.075777,-0.978051,-0.171092,-0.979115,0.109813,-0.965947,0.188651,0.177075,0.001549,0.003867,0.002544,0.0045,-0.094968,0.19551,-0.7732
146,0.060859,0.02141,0.388226,-0.167605,-0.100411,-0.98075,-0.190639,-0.972715,0.132113,-0.967053,0.209231,0.145112,0.002688,0.006709,0.004387,5.428683,-0.834495,-0.592286,-0.862996,-0.113511,0.037166,0.355083,0.396703,-0.307689,0.864839,-0.367318,0.810126,0.456846,-0.841663,-0.498511,0.20725,-0.003315,0.020717,-0.017246,-0.040013,-0.041948,-0.200148,0.531602,0.033155,0.036349,-0.007275,-0.243988,0.183312,0.952295,0.451647,-0.847498,0.278855,0.858186,0.498139,0.123988,-0.007841,0.00914,-0.008832,-0.352376,-0.236708,-0.113235,0.524202,0.067952,0.033329,-0.049143,-0.177567,-0.06634,-0.981869,-0.132808,-0.986982,0.090703,-0.975105,0.146506,0.166445,0.000825,-0.001454,0.007022,-0.011453,-0.111658,0.247711,-0.769608
147,0.060865,0.021493,0.388363,-0.162931,-0.099476,-0.981633,-0.173968,-0.976413,0.127768,-0.970991,0.191708,0.143006,0.002316,0.005781,0.003775,1.633544,-0.300168,-0.059001,-0.858782,-0.11375,0.03759,0.354671,0.412355,-0.29353,0.862436,-0.386853,0.800567,0.457572,-0.825237,-0.521944,0.215457,-0.00481,0.030256,-0.02639,-0.256187,-0.373167,-0.127833,0.530021,0.033041,0.036553,-0.007468,-0.258849,0.169915,0.950855,0.469871,-0.837933,0.277647,0.84393,0.518648,0.13706,-0.007664,0.008677,-0.009152,-4.622663,-2.658362,-1.279224,0.524202,0.067951,0.033377,-0.049077,-0.173001,-0.06517,-0.982762,-0.11598,-0.989517,0.086035,-0.978068,0.128865,0.163629,-0.004995,0.004872,0.003125,0.003021,-0.081507,0.168905,-0.769608
148,0.060912,0.021469,0.388669,-0.147463,-0.094591,-0.984557,-0.135862,-0.984035,0.114836,-0.979523,0.150809,0.133484,0.001511,0.003773,0.00246,0.472124,-0.247405,0.101722,-0.849381,-0.114287,0.038465,0.353699,0.443026,-0.270496,0.854723,-0.413432,0.784219,0.46261,-0.795953,-0.557972,0.2345,-0.016471,0.024251,-0.029162,0.183838,-0.184346,-0.030912,0.529678,0.03277,0.037004,-0.007957,-0.290638,0.146141,0.945606,0.498103,-0.820689,0.27993,0.816959,0.552368,0.16573,-0.008256,0.012276,-0.014471,0.188576,-0.28305,0.126938,0.524202,0.067976,0.033365,-0.048917,-0.157167,-0.060132,-0.985739,-0.072319,-0.994763,0.072213,-0.98492,0.082637,0.151996,-0.000138,-0.003838,0.005449,1.590734,-0.366356,-0.092367,-0.764055
149,0.060961,0.021241,0.388903,-0.134488,-0.087642,-0.987055,-0.09102,-0.990769,0.100319,-0.986573,0.103436,0.126499,-0.001244,-0.010128,0.009311,0.119993,-0.086287,0.150288,-0.850264,-0.114987,0.039325,0.352479,0.468062,-0.243887,0.849369,-0.436255,0.771994,0.462212,-0.768996,-0.586572,0.253852,-0.017531,0.031639,-0.039677,-4.43914,-2.799361,-1.538929,0.526062,0.032421,0.037431,-0.008564,-0.314312,0.122663,0.941361,0.515973,-0.810286,0.277861,0.796856,0.573052,0.191392,-0.014007,0.008909,-0.016107,0.234716,-0.393691,-0.06691,0.524365,0.068002,0.033258,-0.048802,-0.144752,-0.052259,-0.988086,-0.026994,-0.998023,0.056739,-0.989099,0.034885,0.143056,-0.000682,-0.005214,0.004573,0.466559,-0.121633,0.113663,-0.769607
150,0.06098,0.02107,0.388995,-0.129931,-0.08639,-0.987775,-0.068293,-0.993043,0.095781,-0.98902,0.080004,0.124358,-0.001914,-0.011805,0.00822,0.463843,-0.115876,0.10134,-0.849852,-0.115367,0.039715,0.351805,0.479431,-0.223219,0.848711,-0.455895,0.762913,0.45832,-0.750373,-0.606368,0.262908,-0.015322,0.0183,-0.033092,-1.166194,-1.020478,-0.60818,0.520928,0.032224,0.037638,-0.008915,-0.326752,0.098973,0.939913,0.538506,-0.797781,0.271212,0.776688,0.594768,0.207379,-0.007598,0.008902,-0.016697,-1.176469,-1.036716,-0.611153,0.523875,0.068012,0.033173,-0.048756,-0.140372,-0.050697,-0.988799,-0.004601,-0.998643,0.051855,-0.990087,0.011828,0.139948,-0.001103,-0.006254,0.00388,1.624948,-0.231884,-0.046805,-0.769118
151,0.060994,0.020515,0.389267,-0.122978,-0.08306,-0.98895,-0.034812,-0.995508,0.087887,-0.991659,0.045332,0.120766,0.008747,-0.026954,0.014401,5.398496,-0.460914,-0.66795,-0.84262,-0.116194,0.040394,0.350433,0.494592,-0.19298,0.847424,-0.468002,0.762362,0.446891,-0.73288,-0.617375,0.285653,-0.029086,0.025161,-0.042771,0.52508,-0.794696,-0.307604,0.51317,0.031821,0.037967,-0.009586,-0.340654,0.07061,0.937533,0.549302,-0.794336,0.259415,0.763034,0.60336,0.231808,-0.00732,0.007422,-0.017691,0.245663,-0.234612,-0.19174,0.515547,0.068015,0.032904,-0.048626,-0.134157,-0.046293,-0.989878,0.023502,-0.998775,0.043524,-0.990681,-0.017426,0.135081,-0.001521,-0.007318,0.003201,-0.037736,0.035021,-0.042272,-0.761117
152,0.061075,0.019848,0.389562,-0.116343,-0.077469,-0.990206,-0.007301,-0.99685,0.078793,-0.993051,0.016485,0.116644,-0.002886,-0.014259,0.006625,-0.02117,0.028323,-0.036507,-0.832397,-0.116985,0.040915,0.349036,0.503511,-0.173716,0.84634,-0.463054,0.772643,0.434209,-0.729954,-0.610305,0.307505,-0.014732,0.015127,-0.035212,0.30567,-0.358751,-0.276907,0.504274,0.031427,0.038222,-0.010277,-0.350122,0.049616,0.935388,0.542007,-0.803711,0.245508,0.763964,0.592946,0.254505,-0.012599,0.000573,-0.013962,0.385822,-0.642344,-0.292908,0.50624,0.068059,0.03256,-0.048473,-0.127296,-0.040737,-0.991027,0.05671,-0.99782,0.033732,-0.990242,-0.051908,0.129329,0.004971,-0.00849,0.002504,0.009534,-0.003661,0.022664,-0.758504
153,0.061132,0.019502,0.389732,-0.112488,-0.073869,-0.990926,0.009356,-0.997257,0.073225,-0.993482,-0.00095,0.114105,0.009812,-0.01734,0.00475,0.017257,-0.075988,0.168061,-0.831349,-0.117379,0.041161,0.348421,0.50803,-0.164088,0.84556,-0.460744,0.777555,0.427851,-0.728286,-0.606735,0.318331,-0.015216,0.01779,-0.033392,0.311359,-0.45681,-0.070359,0.496518,0.031225,0.038344,-0.010602,-0.354584,0.039522,0.934188,0.538589,-0.808074,0.238615,0.764323,0.587753,0.265244,-0.013727,0.0075,-0.017028,0.330057,-0.399983,-0.310272,0.498402,0.068082,0.032387,-0.048388,-0.123744,-0.037018,-0.991622,0.073248,-0.996918,0.028075,-0.989606,-0.069161,0.126074,-0.001765,-0.011457,0.008474,0.078993,0.024304,-0.035768,-0.759484
154,0.061276,0.018763,0.390089,-0.103804,-0.062942,-0.992627,0.042523,-0.997353,0.058741,-0.993572,-0.036041,0.107442,0.009776,-0.01749,0.004656,0.011987,0.004933,0.003728,-0.828334,-0.118241,0.042027,0.347261,0.518743,-0.142725,0.842928,-0.4553,0.78829,0.413805,-0.724157,-0.598258,0.342851,-0.017035,0.028033,-0.026339,0.384585,-0.522735,-0.323215,0.492387,0.030791,0.038773,-0.011202,-0.365276,0.018807,0.930708,0.530823,-0.817111,0.224844,0.764722,0.576172,0.288488,-0.008578,0.014436,-0.012867,0.409043,-0.573327,-0.357709,0.486318,0.068154,0.032018,-0.04821,-0.115741,-0.025367,-0.992955,0.106112,-0.994268,0.013032,-0.987594,-0.103856,0.117769,0.004463,-0.013324,0.007328,0.090641,-0.100398,0.222612,-0.761933
