frame,MLTx,MLTy,MLTz,MLTR1,MLTR2,MLTR3,MLTR4,MLTR5,MLTR6,MLTR7,MLTR8,MLTR9,MLTTVx,MLTTVy,MLTTVz,MLTRVx,MLTRVy,MLTRVz,MLGA,MRTx,MRTy,MRTz,MRTR1,MRTR2,MRTR3,MRTR4,MRTR5,MRTR6,MRTR7,MRTR8,MRTR9,MRTTVx,MRTTVy,MRTTVz,MRTRVx,MRTRVy,MRTRVz,MRGA,SLTx,SLTy,SLTz,SLTR1,SLTR2,SLTR3,SLTR4,SLTR5,SLTR6,SLTR7,SLTR8,SLTR9,SLTTVx,SLTTVy,SLTTVz,SLTRVx,SLTRVy,SLTRVz,SLGA,SRTx,SRTy,SRTz,SRTR1,SRTR2,SRTR3,SRTR4,SRTR5,SRTR6,SRTR7,SRTR8,SRTR9,SRTTVx,SRTTVy,SRTTVz,SRTRVx,SRTRVy,SRTRVz,SRGA
292,0.123343,-0.030468,0.427152,-0.300658,0.856366,-0.419865,-0.86176,-0.432483,-0.265137,-0.408273,0.28104,0.868537,-0.001266,-0.006574,-0.004122,-0.001573,0.00862,-0.027454,-1.132893,-0.079315,-0.012115,0.40127,0.103199,0.341651,0.934139,-0.641027,0.740944,-0.200051,-0.760587,-0.578591,0.294283,0.000526,-0.001932,-0.001335,-1.57049,-0.236598,-1.107937,0.090346,0.055289,0.036009,-0.011087,-0.027179,-0.383228,0.923253,0.725533,-0.642906,-0.245502,0.687649,0.663179,0.295519,0.00038,-0.001416,-0.000989,-0.091591,-0.841999,-0.48975,-0.06691,0.071357,0.020807,-0.056985,-0.456822,0.801077,-0.386767,-0.768313,-0.574446,-0.282322,-0.448339,0.168188,0.877898,-0.000636,0.000866,-0.007548,0.034246,-0.002936,-0.008662,-0.910691
293,0.123312,-0.030571,0.427076,-0.300831,0.856306,-0.419864,-0.861701,-0.432638,-0.265078,-0.40827,0.280986,0.868555,-0.001116,-0.005791,-0.003635,-0.001573,0.008621,-0.027454,-1.132984,-0.0792,-0.012235,0.401401,0.116039,0.34685,0.93071,-0.650071,0.73498,-0.192734,-0.751014,-0.583097,0.309578,0.014894,-0.006392,0.010645,-0.077407,-0.460066,-0.514204,0.092685,0.055348,0.035944,-0.011025,-0.037645,-0.391505,0.919405,0.737777,-0.63144,-0.238675,0.673992,0.669332,0.312614,0.000841,-0.004676,0.005017,-0.139704,-0.73531,-0.272197,-0.062501,0.071341,0.020752,-0.057025,-0.45698,0.800985,-0.386769,-0.768226,-0.574588,-0.282268,-0.448326,0.168135,0.877914,-0.000485,-0.002521,-0.001581,-3.4e-05,-2.9e-05,4.4e-05,-0.911017
294,0.123284,-0.030764,0.426942,-0.301342,0.856125,-0.419867,-0.861547,-0.433082,-0.264856,-0.40822,0.280855,0.868622,-0.000952,-0.004936,-0.003104,0.0,0.0,0.0,-1.131535,-0.078919,-0.01243,0.40171,0.127739,0.367237,0.92131,-0.67515,0.712656,-0.190333,-0.726601,-0.598168,0.337801,0.013388,0.002288,0.000127,-0.071081,-0.718037,-0.679044,0.120467,0.055488,0.035847,-0.010863,-0.046156,-0.411554,0.910215,0.75956,-0.606265,-0.235607,0.648797,0.680488,0.340582,0.000989,-0.005207,0.004655,-0.180931,-0.092836,-0.55131,-0.036048,0.071327,0.020653,-0.057093,-0.457466,0.800703,-0.38678,-0.767983,-0.575019,-0.282054,-0.448248,0.16801,0.877978,-0.000478,-0.00249,-0.001564,-3.9e-05,-0.0,3.4e-05,-0.910201
295,0.123234,-0.030955,0.426797,-0.300392,0.856197,-0.4204,-0.860665,-0.433228,-0.26747,-0.41077,0.28041,0.867563,-0.00101,-0.005235,-0.003299,0.0,-0.0,0.0,-1.131818,-0.078593,-0.012654,0.401884,0.135026,0.385053,0.912959,-0.680048,0.706126,-0.197114,-0.720699,-0.594722,0.356036,0.00233,-0.011662,0.008458,-0.050279,-0.203529,-0.313073,0.126112,0.055656,0.035737,-0.010776,-0.051897,-0.432536,0.900121,0.763376,-0.598304,-0.243491,0.643865,0.674495,0.361237,0.001183,-0.005906,0.004172,-0.0367,-0.1072,-0.281378,-0.015964,0.071302,0.020558,-0.057165,-0.456539,0.800973,-0.387314,-0.767097,-0.574898,-0.284698,-0.450702,0.167132,0.876888,-0.000513,-0.002671,-0.001683,-0.002965,0.000971,-0.000949,-0.906445
296,0.123216,-0.031051,0.426737,-0.300376,0.856203,-0.4204,-0.86067,-0.433214,-0.267478,-0.410773,0.280414,0.86756,-0.000871,-0.004511,-0.002845,0.0,0.0,0.0,-1.131523,-0.078495,-0.012778,0.401964,0.147378,0.390546,0.908705,-0.688288,0.70028,-0.189212,-0.710396,-0.598053,0.370855,0.000529,-0.001928,-0.001335,-1.160101,-1.182733,2.248586,0.124821,0.055706,0.035674,-0.010736,-0.060939,-0.440072,0.895891,0.770394,-0.591432,-0.238116,0.634647,0.67568,0.375071,0.007718,-0.004165,0.004647,-0.043189,-0.340467,-0.141319,-0.014494,0.071293,0.020509,-0.057196,-0.456533,0.800979,-0.387309,-0.767112,-0.574887,-0.284682,-0.450683,0.167143,0.876896,-0.000434,-0.002263,-0.001427,-0.000401,0.000124,-9.3e-05,-0.905465
297,0.123183,-0.031226,0.426639,-0.30086,0.857318,-0.417773,-0.860647,-0.432728,-0.268338,-0.410467,0.277754,0.86856,-0.000921,-0.004769,-0.003013,0.005398,0.038301,-0.01854,-1.129574,-0.078111,-0.012905,0.402209,0.172662,0.410724,0.895257,-0.697527,0.692711,-0.183145,-0.69556,-0.593357,0.404953,0.014854,-0.006161,0.010807,-0.053413,-0.948347,-0.133788,0.131927,0.055887,0.035609,-0.01062,-0.084868,-0.45985,0.883931,0.779196,-0.58354,-0.228764,0.621007,0.669341,0.407837,0.006566,0.001616,0.00038,-0.001149,-0.586268,0.020376,-0.012208,0.071277,0.020425,-0.057243,-0.457219,0.802025,-0.384325,-0.76723,-0.574257,-0.285634,-0.449787,0.164269,0.877898,-0.000374,-0.001943,-0.001227,0.001972,0.003358,-0.002582,-0.907098
298,0.123173,-0.03139,0.426535,-0.300558,0.85742,-0.417782,-0.860731,-0.432474,-0.268478,-0.410512,0.277835,0.868513,-0.000833,-0.004314,-0.00273,-0.001571,0.008629,-0.027452,-1.1282,-0.077626,-0.012923,0.40222,0.184118,0.431385,0.883176,-0.706701,0.68259,-0.185952,-0.683262,-0.590444,0.429409,0.01389,0.000548,-0.001088,-0.004696,-0.626993,0.010939,0.142014,0.056134,0.035602,-0.010607,-0.094571,-0.483267,0.870349,0.786888,-0.57182,-0.232005,0.609804,0.662928,0.434355,0.000457,-0.001657,-0.001158,-0.017659,-0.679526,-0.256936,0.003958,0.071272,0.020343,-0.057295,-0.45691,0.802052,-0.384635,-0.767322,-0.574119,-0.285662,-0.449943,0.164617,0.877753,-0.000317,-0.00165,-0.001043,-0.000276,-0.001148,-0.000385,-0.907915
299,0.123156,-0.031531,0.426445,-0.300921,0.857291,-0.417783,-0.860628,-0.432784,-0.268305,-0.410459,0.277749,0.868565,-0.000537,-0.002781,-0.001762,0.0,0.0,0.0,-1.126916,-0.07748,-0.012955,0.402183,0.206094,0.446623,0.870658,-0.718113,0.673428,-0.175332,-0.66486,-0.589655,0.458401,2.9e-05,-0.000105,-7.3e-05,-0.008951,-0.739121,-0.06026,0.139941,0.056214,0.035581,-0.01063,-0.114904,-0.500715,0.857951,0.797281,-0.561683,-0.221029,0.592569,0.658632,0.46375,-1.4e-05,5e-05,2.8e-05,-0.003315,-0.795914,-0.095717,0.006734,0.071263,0.020269,-0.057342,-0.457258,0.801845,-0.384653,-0.767155,-0.574428,-0.285489,-0.449874,0.164546,0.877802,-0.000314,-0.001633,-0.001034,-1.9e-05,-5e-05,4.5e-05,-0.908241
300,0.123155,-0.031591,0.426407,-0.30106,0.857241,-0.417786,-0.860589,-0.432904,-0.268238,-0.410439,0.277718,0.868584,-0.000472,-0.002444,-0.00155,0.0,0.0,0.0,-1.126565,-0.077346,-0.012901,0.40218,0.210135,0.458922,0.863264,-0.730566,0.660474,-0.17315,-0.649858,-0.594861,0.472956,0.012927,0.00403,0.001325,-0.004297,-0.805393,-0.058882,0.141172,0.056281,0.035608,-0.010631,-0.117396,-0.51326,0.850165,0.807915,-0.54718,-0.218781,0.577486,0.661178,0.478907,0.006425,0.002141,0.000741,-0.002968,-0.863739,-0.085453,0.006897,0.071262,0.020239,-0.057361,-0.457385,0.80177,-0.384658,-0.767095,-0.57454,-0.285426,-0.449848,0.16452,0.87782,-0.000274,-0.001428,-0.000907,-9e-06,-1.4e-05,4.8e-05,-0.908568
301,0.123157,-0.031676,0.426329,-0.301667,0.858296,-0.415174,-0.860497,-0.432549,-0.269103,-0.410186,0.275007,0.869566,-0.00054,-0.002792,-0.001772,-0.000961,0.011216,-0.026675,-1.125266,-0.076885,-0.01282,0.402198,0.230116,0.477932,0.847714,-0.73376,0.657403,-0.171318,-0.639427,-0.583194,0.50088,0.000215,-0.000769,-0.000533,0.014312,-0.860613,0.099517,0.158989,0.05651,0.035653,-0.01062,-0.135062,-0.534261,0.834459,0.810693,-0.543791,-0.216946,0.569678,0.64719,0.506567,0.00011,-0.000401,-0.000287,0.013762,-0.924028,0.075019,0.018654,0.071264,0.0202,-0.057399,-0.45817,0.802666,-0.381845,-0.767096,-0.574084,-0.28634,-0.449047,0.16172,0.87875,-9.3e-05,0.003687,-0.005784,0.033106,-0.02582,0.012637,-0.906935
302,0.123141,-0.03175,0.426269,-0.301735,0.858271,-0.415177,-0.860467,-0.432616,-0.269093,-0.4102,0.274982,0.869568,-0.000416,-0.002154,-0.001368,0.0,1e-06,0.0,-1.123998,-0.076642,-0.012783,0.402196,0.248177,0.492045,0.83444,-0.740166,0.652017,-0.1642,-0.625144,-0.57749,0.52494,3.1e-05,-0.00011,-7.7e-05,0.022987,-0.755777,0.138084,0.16453,0.056632,0.035669,-0.010622,-0.151025,-0.549766,0.821552,0.816543,-0.537814,-0.209791,0.557178,0.639149,0.530131,7e-06,-3.4e-05,-3.1e-05,0.023638,-0.998914,0.04147,0.035963,0.071256,0.020162,-0.057429,-0.458227,0.802556,-0.382009,-0.767031,-0.574205,-0.28627,-0.4491,0.161836,0.878702,-0.000253,-0.001311,-0.000833,-0.000112,-0.000377,-5.7e-05,-0.905792
303,0.123123,-0.031793,0.426242,-0.301881,0.858221,-0.415173,-0.860427,-0.432739,-0.269026,-0.410178,0.274943,0.869591,-0.000394,-0.002036,-0.001293,0.0,0.0,0.0,-1.123664,-0.076605,-0.01276,0.402183,0.254812,0.500574,0.827337,-0.751381,0.641039,-0.156298,-0.608884,-0.582446,0.538405,0.0,-2e-06,-1e-06,-0.097635,-0.602775,0.107403,0.164697,0.056651,0.035681,-0.010628,-0.157006,-0.559615,0.813744,0.826394,-0.525606,-0.202016,0.54076,0.640755,0.544986,-8e-06,2.6e-05,1.3e-05,-0.383437,-0.655987,-0.128907,0.038249,0.071246,0.02014,-0.057442,-0.458359,0.80248,-0.382009,-0.766968,-0.57432,-0.286207,-0.449072,0.161804,0.878722,-0.000238,-0.001231,-0.000782,-4e-05,-7.4e-05,5.5e-05,-0.904975
304,0.123096,-0.031879,0.426188,-0.302709,0.859199,-0.412539,-0.860295,-0.432551,-0.269747,-0.409842,0.27218,0.870618,-0.000322,-0.001662,-0.001057,0.013418,0.056842,0.017072,-1.121323,-0.076441,-0.012743,0.402177,0.267098,0.522833,0.809503,-0.764016,0.626833,-0.152621,-0.587525,-0.578363,0.565838,0.000135,-0.000481,-0.000334,0.03623,-0.732808,0.144352,0.174083,0.056732,0.035691,-0.01063,-0.166535,-0.582615,0.795502,0.837162,-0.509809,-0.198122,0.520984,0.632971,0.572645,0.000931,-0.004945,0.004837,0.001004,-0.886762,0.056148,0.043148,0.071233,0.020096,-0.05747,-0.459355,0.803306,-0.379066,-0.76692,-0.573984,-0.287011,-0.448136,0.158873,0.879734,-0.000188,-0.000978,-0.000621,0.010977,0.042414,0.009795,-0.903342
305,0.123068,-0.0319,0.42615,-0.307909,0.85735,-0.412539,-0.857663,-0.437752,-0.269738,-0.411474,0.269696,0.87062,7e-06,0.008394,-0.010923,0.035886,-0.011472,0.018764,-1.116821,-0.076401,-0.012682,0.402139,0.280823,0.54126,0.79257,-0.772005,0.618004,-0.148364,-0.570439,-0.570883,0.590386,-0.000175,0.000625,0.000434,0.053117,-0.775344,0.130084,0.178768,0.056753,0.03572,-0.010651,-0.178424,-0.601941,0.778351,0.843947,-0.500323,-0.193466,0.505883,0.622369,0.597275,-0.000104,0.000365,0.000251,0.057628,-0.838813,0.105722,0.05768,0.071219,0.020081,-0.057486,-0.46414,0.800393,-0.379399,-0.76332,-0.578725,-0.287086,-0.44935,0.156355,0.879566,-3.8e-05,-0.000198,-0.000123,-0.000934,-0.001548,-0.000558,-0.903506
306,0.123059,-0.031865,0.426111,-0.307854,0.857362,-0.412554,-0.857623,-0.437746,-0.269874,-0.411599,0.269665,0.870571,-0.0,-0.0,-0.0,0.0,0.0,0.0,-1.106687,-0.07647,-0.01261,0.402121,0.29054,0.558902,0.776663,-0.78268,0.60573,-0.142956,-0.550684,-0.567044,0.61243,-8.4e-05,0.000298,0.000207,0.083288,-0.991258,0.046932,0.17957,0.056718,0.035758,-0.010658,-0.185597,-0.618914,0.763215,0.853027,-0.487018,-0.187501,0.487747,0.616244,0.61834,-4.2e-05,0.000154,0.000108,0.043838,-0.486655,0.45294,0.058007,0.071214,0.020103,-0.057509,-0.464065,0.800421,-0.379431,-0.763282,-0.578697,-0.287242,-0.449491,0.156314,0.879501,8e-06,2.8e-05,1.8e-05,-9.3e-05,-7.8e-05,0.000187,-0.903342
307,0.123059,-0.031839,0.426079,-0.307932,0.857328,-0.412568,-0.857556,-0.437847,-0.269926,-0.411681,0.269613,0.870548,-0.0,-0.0,-0.0,0.0,0.0,0.0,-1.102241,-0.076502,-0.012603,0.402091,0.301171,0.565086,0.768093,-0.78444,0.604783,-0.137208,-0.542413,-0.561908,0.624429,0.000264,-0.000942,-0.000654,0.068731,-0.734935,0.357505,0.183438,0.056702,0.035761,-0.010667,-0.195339,-0.627345,0.753843,0.854973,-0.485506,-0.182491,0.480481,0.608869,0.631201,0.000216,-0.00078,-0.000544,0.098605,-1.048419,0.236,0.060783,0.071215,0.020116,-0.057524,-0.464132,0.800375,-0.379447,-0.7632,-0.578778,-0.287297,-0.449561,0.15625,0.879477,4.6e-05,0.004427,-0.005313,0.035796,-0.01156,0.018908,-0.902526
308,0.123069,-0.031814,0.426046,-0.308913,0.857223,-0.41205,-0.858363,-0.437804,-0.267417,-0.409257,0.270011,0.871567,0.000241,0.001245,0.000792,0.0,0.0,0.0,-1.088179,-0.07652,-0.012625,0.401955,0.309751,0.582924,0.751163,-0.794237,0.592936,-0.132469,-0.522972,-0.5563,0.645673,-0.001024,0.006883,-0.011772,-0.27447,-0.53755,0.109849,0.201916,0.056693,0.035749,-0.010736,-0.202686,-0.646067,0.735876,0.862923,-0.473075,-0.177661,0.462906,0.598996,0.653392,0.000437,-0.00155,-0.001077,-1.19534,-0.386719,-0.884758,0.073193,0.071219,0.020125,-0.057543,-0.465088,0.800063,-0.378933,-0.763982,-0.578993,-0.284777,-0.447239,0.157052,0.880517,-1e-06,1.1e-05,8e-06,0.000388,-0.000196,0.000241,-0.901056
309,0.123061,-0.031792,0.426036,-0.309026,0.857181,-0.412053,-0.858308,-0.437916,-0.26741,-0.409287,0.269964,0.871568,2e-06,8e-06,5e-06,0.0,0.0,0.0,-1.081946,-0.076545,-0.012708,0.401817,0.330056,0.589096,0.737578,-0.789371,0.60071,-0.126392,-0.517915,-0.541245,0.66233,0.000887,-0.003161,-0.002199,0.037916,-0.323057,0.270902,0.229078,0.05668,0.03571,-0.01081,-0.2226,-0.654901,0.722186,0.8595,-0.481445,-0.171666,0.460117,0.582506,0.670058,0.000437,-0.001554,-0.001081,0.028695,-0.24367,0.302626,0.111566,0.071216,0.02014,-0.057545,-0.465168,0.800015,-0.378939,-0.763918,-0.579072,-0.284786,-0.447267,0.157005,0.880512,-3e-06,-5e-06,-1e-06,-2.1e-05,-2.8e-05,7.2e-05,-0.901056
310,0.12305,-0.031785,0.426017,-0.309038,0.857175,-0.412057,-0.858283,-0.437942,-0.267449,-0.409331,0.269941,0.871554,-3.5e-05,0.008173,-0.011063,0.03588,-0.011497,0.018759,-1.079671,-0.076598,-0.012736,0.401766,0.333572,0.595024,0.731209,-0.79037,0.599278,-0.126946,-0.514126,-0.536327,0.669247,0.000337,-0.001201,-0.000836,0.099012,-0.745848,0.139101,0.226757,0.056655,0.035692,-0.010838,-0.22485,-0.65909,0.717664,0.860277,-0.480142,-0.171423,0.457564,0.578846,0.67496,0.000184,-0.000659,-0.000459,0.106924,-0.804464,0.118765,0.121527,0.07121,0.020142,-0.05755,-0.465193,0.8,-0.378939,-0.763894,-0.579099,-0.284797,-0.447282,0.156984,0.880508,-8.5e-05,-0.000441,-0.000279,-4.1e-05,-5e-06,6.3e-05,-0.900893
311,0.123027,-0.03175,0.425953,-0.309016,0.857174,-0.412076,-0.858211,-0.437981,-0.267615,-0.409497,0.269882,0.871494,-5e-06,0.00833,-0.010963,0.035879,-0.011502,0.018757,-1.077107,-0.076784,-0.012665,0.401599,0.328901,0.608552,0.722136,-0.803192,0.582434,-0.124846,-0.496958,-0.539716,0.679413,-0.001701,0.009307,-0.010086,-3.900768,0.282052,-3.462408,0.229218,0.056562,0.035727,-0.010922,-0.220367,-0.672617,0.706416,0.869902,-0.463141,-0.169615,0.441256,0.577136,0.687172,-0.00083,0.004673,-0.005031,-3.900119,0.298347,-3.457954,0.123487,0.071199,0.020158,-0.057583,-0.46517,0.800004,-0.378957,-0.763819,-0.579115,-0.284965,-0.447434,0.156898,0.880446,-6e-05,-0.000316,-0.0002,-2.6e-05,-3e-06,4.5e-05,-0.90171
312,0.123022,-0.031694,0.425831,-0.310101,0.857019,-0.411584,-0.858881,-0.438102,-0.265255,-0.407266,0.270177,0.872448,-7.7e-05,-0.000396,-0.000252,-0.0,0.0,-0.0,-1.069892,-0.07677,-0.01243,0.401272,0.339352,0.616276,0.710659,-0.802652,0.583638,-0.122682,-0.490773,-0.529553,0.691793,-0.001353,0.00806,-0.010951,0.079254,-0.291171,0.124005,0.248169,0.056568,0.035847,-0.011083,-0.228925,-0.68196,0.694639,0.870433,-0.462886,-0.167577,0.435819,0.566274,0.699567,-0.000668,0.004011,-0.005488,0.071398,-0.237999,0.14604,0.140142,0.071196,0.020189,-0.057649,-0.4662,0.799636,-0.378469,-0.764447,-0.579442,-0.282606,-0.445283,0.157568,0.881415,-3.3e-05,-0.000186,-0.000119,0.003747,-0.001265,0.001239,-0.901873
313,0.123012,-0.031646,0.425666,-0.310013,0.857022,-0.411643,-0.858729,-0.438164,-0.265647,-0.407655,0.270067,0.872301,-0.00036,0.006494,-0.01213,0.03431,-0.002855,-0.008689,-1.064575,-0.076745,-0.012199,0.400954,0.347898,0.626752,0.697237,-0.802941,0.583099,-0.123346,-0.484277,-0.517716,0.705201,-0.001571,0.008838,-0.010407,0.141899,-0.621058,-0.004664,0.253766,0.056581,0.035958,-0.011239,-0.236056,-0.691562,0.682655,0.870637,-0.462528,-0.167505,0.431588,0.554805,0.711282,7.4e-05,-0.000253,-0.000179,0.109472,-0.627234,-0.029111,0.156308,0.071192,0.020216,-0.057729,-0.466101,0.799662,-0.378535,-0.764278,-0.579456,-0.283034,-0.445677,0.157383,0.88125,-0.000176,0.003252,-0.006062,0.034363,-0.002881,-0.008642,-0.901873
314,0.122976,-0.031619,0.425574,-0.310455,0.858112,-0.409031,-0.858613,-0.437723,-0.266746,-0.407561,0.267317,0.873191,-0.01372,0.008926,-0.010377,0.1458,0.473094,0.131215,-1.064044,-0.076777,-0.012134,0.400865,0.34945,0.6311,0.692523,-0.804875,0.580552,-0.122752,-0.479928,-0.515293,0.709934,1.3e-05,-4.6e-05,-3.2e-05,0.034595,-0.413655,0.231562,0.25301,0.05657,0.035991,-0.011284,-0.237106,-0.696798,0.676943,0.87223,-0.459521,-0.167493,0.427779,0.550737,0.716723,-4e-06,2.5e-05,1.7e-05,-0.260369,-0.45034,-0.341521,0.158267,0.071178,0.020224,-0.057772,-0.466121,0.799641,-0.378557,-0.764169,-0.579516,-0.283205,-0.445843,0.157274,0.881185,-0.000237,-0.001236,-0.000786,2e-06,-1.8e-05,1.7e-05,-0.902363
315,0.122918,-0.031623,0.425413,-0.31061,0.858041,-0.409063,-0.858424,-0.43796,-0.266964,-0.407841,0.267158,0.873109,-0.000588,-0.003029,-0.001931,-0.001536,0.008798,-0.0274,-1.063483,-0.07683,-0.012087,0.400853,0.351516,0.643275,0.680165,-0.81256,0.570457,-0.11941,-0.465234,-0.511509,0.722342,-0.000124,0.000443,0.000308,0.067645,-0.413862,0.265253,0.252872,0.056538,0.036018,-0.011293,-0.237961,-0.709096,0.663744,0.878616,-0.448448,-0.164093,0.414013,0.544129,0.729736,-7.9e-05,0.000284,0.000199,0.070076,-0.382189,0.064427,0.158594,0.071145,0.020228,-0.057855,-0.466854,0.800476,-0.375877,-0.764032,-0.579127,-0.284366,-0.445309,0.154425,0.881958,-0.000178,-0.000928,-0.000589,-0.000906,-0.004367,-0.001691,-0.902526
316,0.122844,-0.031635,0.425309,-0.311887,0.857833,-0.408525,-0.859092,-0.438201,-0.264408,-0.405454,0.267426,0.874138,-0.00025,-0.001285,-0.00082,0.0,0.0,0.0,-1.063079,-0.076721,-0.012222,0.400986,0.361165,0.653049,0.665641,-0.812696,0.570447,-0.118529,-0.457546,-0.498977,0.735892,0.000259,-0.000926,-0.000645,0.055363,-0.33889,0.294512,0.255161,0.056592,0.035953,-0.011225,-0.246693,-0.719951,0.6487,0.878776,-0.448375,-0.163435,0.408527,0.529744,0.743287,0.001024,-0.005273,0.004608,0.006945,-0.231241,0.100766,0.16088,0.071107,0.020217,-0.05791,-0.468079,0.79999,-0.375387,-0.76462,-0.579611,-0.28179,-0.443008,0.155129,0.882993,-0.000141,-0.000737,-0.00047,0.000867,-0.000402,0.000325,-0.903179
317,0.122799,-0.031632,0.425275,-0.311995,0.857796,-0.408521,-0.859028,-0.438314,-0.264428,-0.405506,0.267361,0.874134,-2.1e-05,0.008239,-0.011018,0.035873,-0.011552,0.01874,-1.062511,-0.076677,-0.012292,0.40107,0.360799,0.662856,0.656078,-0.817734,0.563094,-0.119037,-0.448766,-0.494383,0.744351,3e-06,-1.1e-05,-8e-06,0.048685,-0.730588,0.0238,0.255332,0.056615,0.035915,-0.011184,-0.245379,-0.727331,0.640919,0.882526,-0.441187,-0.162791,0.401168,0.525682,0.750147,0.000853,-0.004657,0.005037,-1.099417,-0.072142,-0.941907,0.16137,0.071089,0.020214,-0.057924,-0.468167,0.799939,-0.375386,-0.76455,-0.579697,-0.281802,-0.443035,0.155072,0.88299,-7e-05,-0.00037,-0.000235,7.7e-05,-6.9e-05,8.5e-05,-0.903016
318,0.122668,-0.031588,0.425256,-0.312379,0.857674,-0.408485,-0.858875,-0.438659,-0.264354,-0.405535,0.26719,0.874173,-0.0,-0.0,-0.0,0.0,0.0,0.0,-1.059189,-0.076727,-0.01239,0.40127,0.365318,0.672723,0.643411,-0.821068,0.558526,-0.117603,-0.43891,-0.486168,0.755554,-0.000728,0.002599,0.001809,0.125702,-0.624501,0.183237,0.253123,0.05659,0.035864,-0.011087,-0.249054,-0.738225,0.626893,0.885389,-0.435878,-0.161537,0.3925,0.514813,0.762174,-0.000407,0.001431,0.000996,0.147531,-0.716999,0.146861,0.16088,0.071019,0.020241,-0.057936,-0.468527,0.799743,-0.375357,-0.764321,-0.580019,-0.281762,-0.443052,0.15488,0.883015,-0.006689,0.005342,-0.004629,0.034875,0.003137,-0.010776,-0.903832
319,0.122512,-0.031571,0.425234,-0.312746,0.857562,-0.408439,-0.858738,-0.438978,-0.264268,-0.405541,0.267025,0.87422,-0.000166,-0.000852,-0.000544,0.0,0.0,0.0,-1.052602,-0.076697,-0.012534,0.401541,0.370144,0.682323,0.630412,-0.824156,0.554321,-0.115884,-0.428961,-0.477523,0.766699,-0.000228,0.000814,0.000567,0.056313,-0.315583,0.303713,0.253497,0.056604,0.035799,-0.010952,-0.25258,-0.748837,0.612736,0.888031,-0.430859,-0.1605,0.384191,0.50359,0.773817,0.000694,-0.004105,0.005425,0.02515,-0.326992,0.276703,0.159084,0.070941,0.020252,-0.057946,-0.468865,0.799564,-0.375315,-0.764128,-0.58031,-0.281688,-0.443027,0.154715,0.883056,-0.000105,-0.000539,-0.000342,-3e-06,-1.1e-05,2.5e-05,-0.902036
320,0.122446,-0.031572,0.425197,-0.312921,0.857504,-0.408427,-0.858655,-0.439146,-0.26426,-0.405582,0.266937,0.874228,-0.000232,-0.001185,-0.000756,0.0,0.0,0.0,-1.050248,-0.076648,-0.012639,0.401676,0.376068,0.686026,0.622842,-0.822677,0.556484,-0.116025,-0.426645,-0.469628,0.772843,0.001675,-0.009209,0.010154,0.067208,-0.492502,0.211285,0.250754,0.056628,0.035748,-0.010884,-0.258311,-0.752479,0.605845,0.886812,-0.433452,-0.160258,0.383196,0.495875,0.779273,-4e-06,1e-06,-1e-06,0.122405,-0.52909,0.007723,0.158594,0.070908,0.020252,-0.057964,-0.469026,0.799474,-0.375306,-0.764015,-0.580458,-0.281686,-0.443051,0.154621,0.883061,-0.00687,0.004425,-0.005212,0.034871,0.00311,-0.01081,-0.9022
321,0.122328,-0.031607,0.425103,-0.313306,0.857371,-0.40841,-0.858478,-0.439513,-0.264225,-0.405659,0.266758,0.874247,-0.000686,-0.003504,-0.002239,-0.001567,0.0087,-0.027429,-1.036678,-0.076566,-0.012918,0.401975,0.378447,0.692943,0.613677,-0.822596,0.555748,-0.120059,-0.424695,-0.460245,0.779533,0.001769,-0.009545,0.009923,0.015953,-0.283208,0.292831,0.220921,0.056669,0.035608,-0.010735,-0.260029,-0.759775,0.595923,0.886492,-0.432485,-0.164582,0.382773,0.485486,0.785994,0.000895,-0.004828,0.004923,0.001067,-0.19215,0.118822,0.142592,0.07085,0.020238,-0.058009,-0.469361,0.799283,-0.375293,-0.763782,-0.58077,-0.281674,-0.443097,0.154436,0.88307,-0.006946,0.004041,-0.005459,0.034877,0.003108,-0.010815,-0.902689
322,0.122245,-0.031735,0.424961,-0.313673,0.857239,-0.408406,-0.858316,-0.439861,-0.264171,-0.405718,0.266609,0.874265,-0.001023,-0.005217,-0.003339,0.0,0.0,0.0,-0.996041,-0.076594,-0.013089,0.402284,0.376773,0.704106,0.601887,-0.826833,0.54856,-0.123946,-0.417892,-0.451848,0.788076,0.000663,-0.005597,0.012671,0.086136,-0.490958,-0.000723,0.197511,0.056658,0.035514,-0.010586,-0.257349,-0.7694,0.584631,0.889554,-0.424944,-0.167672,0.377442,0.476911,0.793783,0.000194,-0.002331,0.00666,0.134645,-0.679492,-0.043656,0.105035,0.070809,0.020174,-0.05808,-0.469715,0.799075,-0.375295,-0.763549,-0.581101,-0.281625,-0.443124,0.154273,0.883085,-0.000624,-0.003199,-0.002047,-0.001585,0.008707,-0.02742,-0.90024
323,0.122184,-0.031944,0.42473,-0.314563,0.858155,-0.405789,-0.858079,-0.439801,-0.26504,-0.405528,0.263757,0.875218,-0.001339,-0.006826,-0.004379,0.001105,0.019883,-0.024034,-0.986602,-0.076455,-0.013121,0.402754,0.38034,0.714657,0.587025,-0.828568,0.54528,-0.126802,-0.411166,-0.439063,0.798767,0.013248,-0.000343,0.014838,0.151281,-0.680615,-0.220694,0.194109,0.056722,0.035499,-0.01035,-0.260001,-0.779083,0.570463,0.890708,-0.42164,-0.169875,0.372877,0.463949,0.803563,8.9e-05,-0.001968,0.006906,0.176936,-0.802482,-0.11954,0.087889,0.070778,0.020069,-0.058196,-0.470764,0.799823,-0.372375,-0.763367,-0.580873,-0.282589,-0.442324,0.151226,0.884013,-0.000587,0.001156,-0.00741,0.033169,-0.026706,0.01127,-0.898934
324,0.122179,-0.032065,0.424627,-0.314711,0.858095,-0.405801,-0.858013,-0.439946,-0.265014,-0.405554,0.263711,0.87522,-0.001248,-0.006361,-0.004086,-0.001533,0.008849,-0.027384,-0.986637,-0.076334,-0.013161,0.403011,0.379373,0.719397,0.581838,-0.831108,0.54131,-0.127187,-0.406905,-0.436225,0.802495,0.013403,-0.000905,0.014446,0.020092,-0.255819,0.156669,0.19415,0.056781,0.035483,-0.010225,-0.258506,-0.785019,0.562954,0.892686,-0.416835,-0.171345,0.369168,0.458248,0.80853,0.005842,0.004199,0.002173,0.056746,-0.258129,0.180674,0.084787,0.070775,0.020009,-0.058247,-0.470872,0.799649,-0.372612,-0.76325,-0.581072,-0.282494,-0.442411,0.151378,0.883943,-0.000664,-0.003401,-0.002186,-0.002625,0.00365,-0.029408,-0.899423
325,0.122164,-0.032263,0.424426,-0.315414,0.861525,-0.397911,-0.858083,-0.437926,-0.268115,-0.404859,0.255799,0.877886,-0.00113,-0.00576,-0.003708,0.133038,0.557442,0.169384,-0.985408,-0.076129,-0.013188,0.403576,0.381575,0.726557,0.571408,-0.832951,0.538276,-0.128,-0.40103,-0.428029,0.809832,-0.000669,-0.000866,0.015935,0.023399,-0.207835,-0.072724,0.193154,0.056886,0.035462,-0.009947,-0.260023,-0.791675,0.552845,0.894073,-0.413649,-0.171832,0.364719,0.449604,0.815374,-0.000324,-0.0005,0.007919,0.054715,-0.363018,0.080898,0.082501,0.070767,0.019906,-0.05835,-0.471631,0.801763,-0.367069,-0.763611,-0.579526,-0.284687,-0.440978,0.146031,0.885557,-0.000613,0.001029,-0.007496,0.040719,-0.084824,0.171277,-0.900077
326,0.122198,-0.032514,0.424263,-0.31563,0.8629,-0.394749,-0.859261,-0.436344,-0.266918,-0.402185,0.253869,0.879673,-0.001058,-0.005395,-0.003481,0.0012,0.005061,0.001538,-0.977766,-0.075944,-0.013164,0.404287,0.383929,0.731799,0.563081,-0.834586,0.535919,-0.127242,-0.39534,-0.422011,0.815767,0.013347,-0.004025,0.028797,-0.852477,-0.366735,-1.311489,0.193061,0.056978,0.035476,-0.009591,-0.263272,-0.795258,0.546124,0.894652,-0.413066,-0.170214,0.360949,0.443779,0.820229,-0.000539,0.00045,0.008506,-2.992319,0.184274,-4.7,0.081194,0.070785,0.019782,-0.05843,-0.472643,0.803848,-0.36116,-0.765172,-0.577645,-0.28432,-0.437173,0.141967,0.888101,-0.000569,-0.002917,-0.001883,0.007993,-0.08216,0.18059,-0.900566
327,0.122217,-0.032636,0.424196,-0.315156,0.863066,-0.394765,-0.859412,-0.435933,-0.267105,-0.402236,0.25401,0.879609,-0.001008,-0.005138,-0.003319,2.1e-05,8.7e-05,2.6e-05,-0.973162,-0.075884,-0.013155,0.404655,0.382272,0.734906,0.560154,-0.837154,0.532065,-0.12654,-0.39149,-0.421489,0.817891,-0.001186,0.000951,0.017159,-0.01251,-0.081505,-0.02407,0.19333,0.057013,0.035483,-0.009399,-0.260121,-0.799876,0.540865,0.897397,-0.407016,-0.17034,0.356392,0.441061,0.82368,0.005922,0.002221,0.009051,-0.016048,-0.123929,0.208565,0.080868,0.070794,0.019718,-0.058466,-0.472191,0.804006,-0.361399,-0.765363,-0.577342,-0.28442,-0.437327,0.142301,0.887972,0.006189,-0.003874,-0.002597,-0.001371,-0.010557,0.000615,-0.900893
328,0.122227,-0.032814,0.424104,-0.315259,0.863026,-0.39477,-0.859402,-0.436011,-0.267009,-0.402176,0.254013,0.879636,-0.000645,-0.003288,-0.002128,0.0,0.0,0.0,-0.954611,-0.075878,-0.013033,0.405313,0.386753,0.736826,0.554528,-0.836162,0.533781,-0.125873,-0.389206,-0.415923,0.821821,-0.014667,-0.000982,0.017255,-0.025547,-0.077529,0.155297,0.19261,0.057021,0.035543,-0.009078,-0.26437,-0.802126,0.535444,0.896685,-0.408835,-0.169731,0.355054,0.435253,0.827339,-0.001748,0.006161,0.004218,-0.005301,0.0051,0.064515,0.080704,0.070798,0.019629,-0.058512,-0.472254,0.803947,-0.361447,-0.765347,-0.57741,-0.284325,-0.437286,0.142359,0.887983,-0.000259,-0.001327,-0.000861,-0.010852,0.060016,-0.189156,-0.901383
329,0.122246,-0.032936,0.424037,-0.315625,0.862889,-0.394776,-0.859303,-0.436323,-0.266817,-0.402099,0.253942,0.879691,0.01317,-0.003727,-0.002599,0.000984,-0.014715,0.029553,-0.933944,-0.076087,-0.012836,0.405942,0.390497,0.742301,0.544511,-0.835661,0.533961,-0.128411,-0.386534,-0.40582,0.828109,-0.003478,0.012348,0.008415,0.161699,-0.579685,0.023268,0.192998,0.056911,0.035639,-0.008752,-0.267596,-0.806457,0.527274,0.896174,-0.409325,-0.171241,0.353926,0.426706,0.83226,-0.00756,0.000311,0.009157,0.131005,-0.534292,-0.229762,0.080051,0.070802,0.019566,-0.058546,-0.472625,0.803725,-0.361456,-0.765175,-0.577735,-0.284127,-0.437186,0.142292,0.888043,-0.000212,-0.001092,-0.000708,-4.9e-05,-4e-05,9.5e-05,-0.900893
330,0.122257,-0.033042,0.424079,-0.320944,0.860939,-0.394747,-0.856739,-0.441518,-0.266518,-0.403352,0.251584,0.879795,-2.6e-05,-0.000135,-8.7e-05,0.0,0.0,0.0,-0.921665,-0.076306,-0.012672,0.406513,0.394036,0.746039,0.536798,-0.835041,0.534595,-0.129801,-0.384278,-0.398044,0.832919,-0.00105,0.000501,0.016769,0.014047,-0.212512,0.139199,0.193743,0.056806,0.035728,-0.008469,-0.27089,-0.81157,0.51766,0.89557,-0.409655,-0.173594,0.352946,0.416577,0.83779,-0.000517,0.000185,0.008345,0.024323,-0.244746,0.12746,0.080378,0.070813,0.019512,-0.058527,-0.477479,0.800826,-0.361511,-0.761693,-0.582365,-0.284032,-0.437992,0.13974,0.888051,6e-06,3.1e-05,2.1e-05,-0.000186,-7.1e-05,0.000182,-0.900567
331,0.122279,-0.033077,0.424142,-0.320965,0.860939,-0.394728,-0.856809,-0.441482,-0.266351,-0.403186,0.251644,0.879855,0.00019,0.000972,0.000629,0.0,0.0,0.0,-0.918319,-0.076394,-0.012568,0.406712,0.396012,0.748593,0.531765,-0.834628,0.534893,-0.13122,-0.383142,-0.392807,0.835923,-0.002658,0.009463,0.006409,0.126868,-0.410649,-0.124663,0.193216,0.056757,0.035777,-0.00837,-0.272618,-0.813031,0.514449,0.895174,-0.410313,-0.174083,0.35262,0.413064,0.839664,-0.001317,0.004653,0.003153,0.158435,-0.509829,-0.161262,0.080541,0.070819,0.019494,-0.058495,-0.477518,0.800813,-0.361488,-0.76176,-0.582363,-0.283854,-0.437832,0.139821,0.888117,0.000162,0.000831,0.000538,-6.9e-05,-7.3e-05,0.000175,-0.898117
332,0.122304,-0.033143,0.42427,-0.321311,0.862043,-0.39203,-0.856983,-0.440772,-0.266967,-0.402541,0.249108,0.880871,9.9e-05,0.000507,0.000328,0.000103,0.000433,0.000131,-0.915012,-0.076647,-0.012299,0.407084,0.400196,0.750212,0.526323,-0.833319,0.536882,-0.131421,-0.381647,-0.386948,0.839333,-0.003242,0.01157,0.007804,0.026395,-0.096985,0.0249,0.19337,0.056631,0.035906,-0.008182,-0.276872,-0.816191,0.507122,0.8941,-0.412168,-0.175216,0.35203,0.404906,0.843874,-0.000604,0.000525,0.008558,-0.00932,-0.13536,0.169044,0.080214,0.070837,0.019464,-0.058429,-0.478035,0.801768,-0.358677,-0.762083,-0.581636,-0.284476,-0.436704,0.137352,0.889057,6.1e-05,0.000321,0.000205,-0.001623,-0.007706,-0.002931,-0.896648
333,0.122289,-0.033184,0.424379,-0.321449,0.862014,-0.39198,-0.857064,-0.4408,-0.266663,-0.40226,0.249159,0.880985,5.1e-05,0.000263,0.00017,0.0,0.0,0.0,-0.911437,-0.076904,-0.012109,0.407501,0.403872,0.752012,0.52092,-0.83229,0.538397,-0.131741,-0.380017,-0.3813,0.842651,-0.015433,0.005312,0.004964,0.038943,-0.168247,0.144728,0.1968,0.056506,0.036009,-0.007968,-0.280342,-0.818203,0.501946,0.893307,-0.413754,-0.175523,0.351296,0.399186,0.8469,-0.001127,0.00401,0.0027,0.037731,-0.123496,-0.015637,0.082827,0.07083,0.019445,-0.058374,-0.478149,0.801688,-0.358703,-0.762152,-0.581707,-0.28415,-0.43646,0.13752,0.889151,2.6e-05,0.000139,8.9e-05,-9.1e-05,-0.000205,6.5e-05,-0.895178
334,0.122268,-0.033201,0.424405,-0.321542,0.861988,-0.391961,-0.857069,-0.440854,-0.266557,-0.402174,0.249153,0.881025,-9.7e-05,-0.008835,0.010638,-0.035872,0.011563,-0.018733,-0.911011,-0.076969,-0.012015,0.40769,0.40539,0.753032,0.51826,-0.831898,0.538915,-0.132099,-0.379259,-0.378539,0.844235,-0.000632,-0.000952,0.015724,-0.004526,-0.10038,-0.03076,0.196892,0.056468,0.036058,-0.007878,-0.281929,-0.819348,0.499183,0.892929,-0.414412,-0.175897,0.350989,0.396145,0.848454,-0.001094,0.003892,0.002614,0.028113,-0.093037,-0.003912,0.083807,0.070819,0.01944,-0.058365,-0.478219,0.801652,-0.35869,-0.762142,-0.581756,-0.284074,-0.436399,0.137523,0.88918,-2e-06,-2.1e-05,-1.5e-05,-6e-05,-4.2e-05,0.000103,-0.894361
335,0.122248,-0.033205,0.424415,-0.321605,0.86197,-0.39195,-0.857061,-0.440897,-0.266509,-0.40214,0.249139,0.881045,0.0,0.0,0.0,0.0,0.0,0.0,-0.910769,-0.077032,-0.011795,0.408045,0.409806,0.75329,0.514398,-0.83136,0.5405,-0.128971,-0.375677,-0.375748,0.847079,-0.000634,-0.000939,0.015716,-0.032292,-0.01492,0.001504,0.197327,0.056437,0.036166,-0.007702,-0.286401,-0.820035,0.495495,0.892711,-0.416187,-0.172786,0.347909,0.392848,0.851251,-0.001107,0.003945,0.002639,-0.0046,0.008683,0.034053,0.084297,0.070809,0.019434,-0.058356,-0.478289,0.801617,-0.358676,-0.762134,-0.581804,-0.283999,-0.436338,0.137525,0.88921,4e-06,-9e-06,-6e-06,-3.9e-05,-1.1e-05,8.6e-05,-0.893545
336,0.122267,-0.033209,0.4244,-0.321562,0.86198,-0.391961,-0.857063,-0.440871,-0.266548,-0.402171,0.249148,0.881028,-2e-06,-1.1e-05,-7e-06,0.0,0.0,0.0,-0.910546,-0.077057,-0.011743,0.408446,0.411205,0.75441,0.511631,-0.831222,0.540707,-0.128993,-0.37445,-0.37319,0.848751,-0.001611,0.00577,0.003848,0.018837,-0.064302,0.006583,0.206064,0.056425,0.036192,-0.007495,-0.287703,-0.821276,0.492678,0.892617,-0.416371,-0.172827,0.347076,0.39005,0.852876,0.000139,-0.002125,0.006749,-0.021611,-0.039569,-0.038206,0.090012,0.070818,0.019432,-0.058363,-0.478248,0.801637,-0.358687,-0.762141,-0.581775,-0.284037,-0.43637,0.13753,0.889194,3e-06,-3e-06,-2e-06,-3.7e-05,-1.7e-05,5.9e-05,-0.893219
337,0.122287,-0.033205,0.42439,-0.3215,0.861998,-0.391972,-0.85707,-0.440828,-0.266596,-0.402205,0.249162,0.881009,-0.0,-0.0,-0.0,0.0,0.0,0.0,-0.909321,-0.076973,-0.011893,0.408902,0.411096,0.754632,0.511392,-0.83176,0.540088,-0.128119,-0.373374,-0.37364,0.849028,0.0009,-0.006433,0.012041,-0.034725,-0.000306,-0.023769,0.212904,0.056465,0.036123,-0.007269,-0.287611,-0.821313,0.492669,0.893071,-0.41581,-0.171825,0.34598,0.390571,0.853083,0.000399,-0.003059,0.006124,-0.035223,0.001225,-0.023215,0.098993,0.070828,0.019434,-0.058368,-0.478189,0.801667,-0.358698,-0.762157,-0.581731,-0.284083,-0.436406,0.137539,0.889175,3e-06,1e-06,-1e-06,-4.3e-05,-3e-06,4.5e-05,-0.893055
338,0.122296,-0.033213,0.424385,-0.321497,0.861998,-0.391976,-0.857071,-0.440827,-0.266596,-0.402206,0.249166,0.881007,-2.1e-05,-0.000108,-7e-05,0.0,0.0,0.0,-0.908185,-0.076924,-0.012022,0.409144,0.410902,0.754814,0.511279,-0.832131,0.539622,-0.12767,-0.372758,-0.373945,0.849164,0.001098,-0.007141,0.011571,-0.034724,-0.000312,-0.023771,0.213046,0.05649,0.036058,-0.007149,-0.287398,-0.821456,0.492555,0.89339,-0.415317,-0.171362,0.345333,0.390796,0.853242,0.000512,-0.00347,0.005852,-0.03479,-0.000119,-0.023734,0.102095,0.070833,0.01943,-0.058371,-0.478185,0.801668,-0.358701,-0.762159,-0.58173,-0.284083,-0.436408,0.137543,0.889173,-9e-06,-6.3e-05,-4.2e-05,-3.1e-05,-1.1e-05,4e-05,-0.892565
339,0.122315,-0.033203,0.424354,-0.321423,0.862017,-0.391995,-0.857059,-0.44079,-0.266693,-0.402289,0.249166,0.880969,-1e-06,-4e-06,-3e-06,0.0,0.0,0.0,-0.906129,-0.076763,-0.012368,0.409613,0.410646,0.756731,0.508644,-0.83301,0.538197,-0.127954,-0.37107,-0.372118,0.850704,0.001615,-0.008991,0.010343,-0.027957,-0.02091,-0.031436,0.220393,0.056571,0.035882,-0.00691,-0.286953,-0.823397,0.489565,0.894071,-0.413692,-0.171738,0.343938,0.388426,0.854886,0.000828,-0.004602,0.005098,-0.037833,0.00971,-0.019663,0.104708,0.070842,0.019434,-0.058387,-0.478116,0.801701,-0.358719,-0.762156,-0.581687,-0.284179,-0.436489,0.13753,0.889136,5e-06,8e-06,3e-06,-4e-06,-3e-06,4.2e-05,-0.890932
340,0.12232,-0.033155,0.424336,-0.32144,0.862004,-0.392009,-0.85701,-0.440836,-0.266774,-0.40238,0.249129,0.880938,1.9e-05,9.9e-05,6.4e-05,0.0,0.0,0.0,-0.906048,-0.076469,-0.012792,0.410093,0.409594,0.760168,0.50435,-0.833423,0.536636,-0.131762,-0.371306,-0.367328,0.852681,0.016759,-0.016527,0.020289,-0.041857,-0.093622,-0.047093,0.226897,0.056718,0.035669,-0.006671,-0.285564,-0.826556,0.485034,0.894141,-0.411934,-0.175559,0.344912,0.383555,0.856691,0.008403,-0.008376,0.010066,-0.055992,-0.058806,-0.031943,0.117118,0.070845,0.019459,-0.058395,-0.478129,0.801687,-0.358734,-0.7621,-0.581719,-0.284262,-0.436572,0.137478,0.889103,9e-06,3.6e-05,2.3e-05,2e-06,-6e-06,2.6e-05,-0.890116
341,0.12231,-0.03314,0.424321,-0.321433,0.862005,-0.392013,-0.856991,-0.440845,-0.266824,-0.402428,0.249111,0.880922,0.0,1e-06,1e-06,0.0,0.0,0.0,-0.905285,-0.07636,-0.013001,0.410363,0.409046,0.761678,0.502512,-0.833139,0.536374,-0.134598,-0.372546,-0.364568,0.853324,0.002913,-0.016837,0.021462,-0.049526,-0.11805,0.151708,0.222456,0.056772,0.035568,-0.006552,-0.28475,-0.827953,0.483126,0.893731,-0.411547,-0.178528,0.346642,0.380949,0.857155,0.00082,-0.004568,0.005123,-0.034552,-0.016616,-0.025933,0.119404,0.07084,0.019466,-0.058403,-0.478121,0.801689,-0.358738,-0.76208,-0.581721,-0.284311,-0.436615,0.137452,0.889085,-0.0,-1.2e-05,-8e-06,4e-06,-1e-05,2.1e-05,-0.889953
342,0.122307,-0.033148,0.424304,-0.321457,0.861994,-0.392017,-0.856972,-0.440874,-0.266835,-0.402448,0.249097,0.880917,-2e-06,-1.1e-05,-7e-06,0.0,0.0,0.0,-0.905813,-0.076276,-0.013397,0.410943,0.407533,0.765967,0.497194,-0.83184,0.536022,-0.143722,-0.377083,-0.355983,0.854955,0.000973,-0.006697,0.011881,-0.00573,-0.137435,0.137657,0.213716,0.056816,0.035364,-0.006254,-0.282826,-0.831878,0.477479,0.892126,-0.41099,-0.187606,0.352305,0.372912,0.85838,0.001204,-0.007555,0.011308,-0.06308,-0.032901,-0.055173,0.111076,0.070838,0.019462,-0.058412,-0.478143,0.801675,-0.358742,-0.762057,-0.581746,-0.284323,-0.436632,0.137435,0.88908,2e-06,1e-06,-0.0,-1e-05,-1e-06,1.2e-05,-0.889789
343,0.122316,-0.033144,0.424282,-0.321423,0.862002,-0.392028,-0.85696,-0.440862,-0.266893,-0.4025,0.249092,0.880894,-6.6e-05,-0.000338,-0.000219,0.0,0.0,0.0,-0.901648,-0.076082,-0.013753,0.411622,0.410336,0.770757,0.487391,-0.830964,0.536189,-0.148099,-0.375974,-0.345209,0.859847,0.013794,-0.002705,0.013164,0.163019,-0.597527,-0.206809,0.214834,0.056907,0.035191,-0.005923,-0.285331,-0.835262,0.470024,0.891119,-0.411738,-0.190726,0.352833,0.364428,0.8618,0.000414,-0.003127,0.006087,-0.027144,-0.084053,0.161354,0.107974,0.070843,0.019465,-0.058422,-0.478111,0.801689,-0.358753,-0.762048,-0.58173,-0.284382,-0.436683,0.137421,0.889057,-4.4e-05,-0.000216,-0.00014,-5e-06,-1.6e-05,9e-06,-0.888646
344,0.122316,-0.033124,0.424258,-0.321376,0.862014,-0.39204,-0.856941,-0.440845,-0.266981,-0.402578,0.249079,0.880862,9.7e-05,0.008838,-0.010636,0.035871,-0.011569,0.018732,-0.896655,-0.075984,-0.013888,0.411928,0.411773,0.771775,0.48456,-0.830835,0.536398,-0.14807,-0.374689,-0.342594,0.861453,0.000583,-0.005311,0.012806,0.036285,-0.210593,-0.100269,0.214572,0.056962,0.035119,-0.005761,-0.28679,-0.837405,0.465299,0.891015,-0.411582,-0.191548,0.351912,0.359655,0.864178,0.007525,-0.005238,0.012165,0.025466,-0.300903,-0.091788,0.108137,0.070843,0.019471,-0.058431,-0.478082,0.801702,-0.35876,-0.762037,-0.581715,-0.284439,-0.436733,0.137403,0.889035,2e-06,6e-06,6e-06,-1.6e-05,-1e-06,1.4e-05,-0.88685
345,0.122314,-0.033105,0.424209,-0.321339,0.862019,-0.392059,-0.856897,-0.440853,-0.267109,-0.402701,0.249047,0.880815,-0.000214,-0.001094,-0.000709,0.0,0.0,0.0,-0.887675,-0.075854,-0.014002,0.412513,0.414022,0.774005,0.479054,-0.830722,0.536443,-0.148537,-0.372451,-0.337442,0.864451,0.012668,0.001273,0.0158,-0.000914,-0.116259,-0.000379,0.213359,0.057023,0.035056,-0.005472,-0.288866,-0.839943,0.459403,0.890901,-0.41152,-0.192212,0.350501,0.35376,0.86718,-0.000982,0.003454,0.002286,0.028303,-0.089474,-0.00095,0.107321,0.070842,0.019486,-0.058458,-0.478032,0.801722,-0.358783,-0.761989,-0.581702,-0.284596,-0.436872,0.137342,0.888976,-0.000144,-0.000726,-0.00047,-1.7e-05,1e-06,1.5e-05,-0.879992
346,0.122317,-0.033103,0.424136,-0.321324,0.862013,-0.392085,-0.856836,-0.440889,-0.267248,-0.402845,0.249004,0.880761,-0.000152,0.007568,-0.011458,0.03587,-0.011574,0.01873,-0.881004,-0.075787,-0.013939,0.413081,0.415541,0.774996,0.476128,-0.830663,0.536615,-0.148248,-0.370889,-0.334879,0.866118,-0.001418,0.001789,0.017489,-0.021651,-0.053171,0.018393,0.21188,0.057062,0.035084,-0.00519,-0.290338,-0.84103,0.456477,0.890872,-0.411716,-0.191929,0.349357,0.350939,0.868787,-0.000553,0.000306,0.008355,-0.03118,-0.016819,0.001808,0.105525,0.070844,0.019483,-0.05849,-0.47803,0.801713,-0.358805,-0.761928,-0.581728,-0.284708,-0.436981,0.137285,0.888931,-0.000161,-0.000818,-0.00053,-7e-06,-4e-06,9e-06,-0.87395
347,0.122303,-0.033169,0.424081,-0.321511,0.861943,-0.392086,-0.856768,-0.441058,-0.267186,-0.40284,0.248949,0.88078,-0.000465,-0.002374,-0.001539,-0.001564,0.0087,-0.02743,-0.875818,-0.075895,-0.013666,0.413617,0.411969,0.77857,0.473394,-0.833818,0.531633,-0.148485,-0.367773,-0.334538,0.867577,-0.002339,0.005065,0.019611,-0.007258,-0.095097,0.003333,0.211349,0.057009,0.03522,-0.004923,-0.286383,-0.843926,0.45362,0.893319,-0.406345,-0.191998,0.346359,0.350243,0.870266,-0.001933,0.006833,0.004495,0.026054,-0.082219,0.001599,0.104708,0.070837,0.019455,-0.058521,-0.478168,0.801628,-0.358813,-0.761834,-0.581859,-0.284689,-0.436994,0.137227,0.888934,-0.000125,-0.000638,-0.000413,5e-06,-3e-06,1.2e-05,-0.870521
