frame,MLTx,MLTy,MLTz,MLTR1,MLTR2,MLTR3,MLTR4,MLTR5,MLTR6,MLTR7,MLTR8,MLTR9,MLTTVx,MLTTVy,MLTTVz,MLTRVx,MLTRVy,MLTRVz,MLGA,MRTx,MRTy,MRTz,MRTR1,MRTR2,MRTR3,MRTR4,MRTR5,MRTR6,MRTR7,MRTR8,MRTR9,MRTTVx,MRTTVy,MRTTVz,MRTRVx,MRTRVy,MRTRVz,MRGA,SLTx,SLTy,SLTz,SLTR1,SLTR2,SLTR3,SLTR4,SLTR5,SLTR6,SLTR7,SLTR8,SLTR9,SLTTVx,SLTTVy,SLTTVz,SLTRVx,SLTRVy,SLTRVz,SLGA,SRTx,SRTy,SRTz,SRTR1,SRTR2,SRTR3,SRTR4,SRTR5,SRTR6,SRTR7,SRTR8,SRTR9,SRTTVx,SRTTVy,SRTTVz,SRTRVx,SRTRVy,SRTRVz,SRGA
241,0.195269,0.021782,0.417452,-0.739284,0.166611,-0.652492,-0.391639,-0.894578,0.215225,-0.546931,0.414441,0.727415,0.0,-0.0,-0.0,0.0,0.0,0.0,0.424758,-0.259261,0.04307,0.381581,0.12097,0.970673,0.20773,-0.973665,0.15683,-0.165271,-0.193132,-0.183493,0.963791,-0.000722,0.015115,-0.020844,0.005423,0.062417,0.05534,-1.407276,-0.010304,0.043918,0.013623,-0.231329,-0.947438,0.221015,0.936821,-0.278204,-0.212056,0.262397,0.157997,0.951936,-0.00036,0.007513,-0.010443,-0.025746,0.107452,0.080252,-0.76906,0.112062,0.035097,-0.032503,-0.770509,0.214688,-0.600186,-0.359931,-0.923638,0.131686,-0.526083,0.317491,0.788945,-4e-06,4e-06,1e-06,-2.2e-05,-2.8e-05,-1.4e-05,0.389266
242,0.195269,0.021789,0.417444,-0.739275,0.166623,-0.652499,-0.391636,-0.894586,0.215195,-0.546946,0.414418,0.727417,0.0,-0.0,-0.0,0.0,0.0,0.0,0.425171,-0.259262,0.044024,0.380531,0.123432,0.969978,0.209521,-0.973668,0.159219,-0.162956,-0.191556,-0.185115,0.963796,-5.4e-05,0.026476,-0.029125,0.08011,0.065307,-0.116478,-1.407336,-0.010304,0.044394,0.013103,-0.233837,-0.946276,0.223339,0.936617,-0.280877,-0.209418,0.260899,0.160214,0.951978,-6.8e-05,0.013025,-0.014679,0.113325,-0.048287,0.020363,-0.770856,0.112062,0.0351,-0.032507,-0.770501,0.214701,-0.600192,-0.359929,-0.923643,0.131655,-0.526097,0.317467,0.788945,-3e-06,4e-06,0.0,-2.6e-05,-3e-05,-1.8e-05,0.38747
243,0.195269,0.021789,0.417444,-0.73919,0.166724,-0.65257,-0.391736,-0.894565,0.215102,-0.546989,0.414423,0.727381,0.012032,0.000384,-0.00021,0.000984,-0.014715,0.029553,0.425048,-0.259302,0.044855,0.379374,0.126425,0.968345,0.215213,-0.973345,0.163007,-0.161128,-0.191245,-0.190329,0.962841,-0.001522,0.02097,-0.032094,0.053605,0.040449,0.033943,-1.407852,-0.010322,0.04483,0.012519,-0.236219,-0.944281,0.229198,0.935918,-0.284519,-0.207615,0.261259,0.165468,0.95098,-0.000571,0.011123,-0.015695,0.075238,0.000559,0.050864,-0.771183,0.112058,0.0351,-0.032507,-0.770435,0.214794,-0.600243,-0.360017,-0.923619,0.131583,-0.526133,0.317474,0.788918,-2e-06,3e-06,2e-06,-1.2e-05,-1.9e-05,-6e-06,0.387796
244,0.195269,0.021782,0.417452,-0.739114,0.166812,-0.652632,-0.391839,-0.894535,0.215038,-0.547017,0.414452,0.727344,0.0,-0.0,-0.0,0.0,0.0,0.0,0.423359,-0.259317,0.0459,0.378073,0.130615,0.967925,0.214599,-0.973448,0.166307,-0.157085,-0.187877,-0.189606,0.963647,-3.8e-05,0.035325,-0.038648,-0.241251,0.318372,0.301794,-1.407622,-0.010333,0.045351,0.011852,-0.239803,-0.944032,0.226488,0.935664,-0.286955,-0.205396,0.258893,0.162662,0.95211,2.1e-05,0.017732,-0.019285,-0.232467,0.308251,0.29668,-0.771183,0.112062,0.035097,-0.032503,-0.770351,0.214908,-0.60031,-0.36014,-0.923581,0.131513,-0.526173,0.317507,0.788879,-3e-06,3e-06,1e-06,-1e-05,-1.6e-05,-8e-06,0.386816
245,0.195269,0.021789,0.417444,-0.73919,0.166724,-0.65257,-0.391736,-0.894565,0.215102,-0.546989,0.414423,0.727381,0.0,-0.0,-0.0,0.0,0.0,0.0,0.422083,-0.259301,0.046521,0.37738,0.131636,0.968347,0.212057,-0.973343,0.166849,-0.157156,-0.187706,-0.18694,0.964201,0.000119,0.035879,-0.038287,0.117663,-0.064603,0.038668,-1.407616,-0.010324,0.045649,0.011519,-0.241554,-0.943682,0.226088,0.935623,-0.288294,-0.203701,0.257409,0.162329,0.95257,-0.000136,0.012699,-0.014776,0.061722,-0.114989,0.043304,-0.770366,0.112062,0.0351,-0.032507,-0.770421,0.214811,-0.600255,-0.360033,-0.923615,0.131569,-0.526142,0.317476,0.788912,-1e-06,2e-06,2e-06,-0.005586,0.074492,-0.184345,0.385673
246,0.19526,0.021797,0.417448,-0.739107,0.166823,-0.652637,-0.391834,-0.894544,0.21501,-0.54703,0.414429,0.727348,-0.0,0.0,0.0,0.0,0.0,0.0,0.42161,-0.259329,0.047744,0.375922,0.135889,0.966456,0.217918,-0.973312,0.171344,-0.152442,-0.184816,-0.192608,0.963643,-0.001436,0.021187,-0.031807,0.032044,0.054669,0.077912,-1.407228,-0.010336,0.046272,0.010792,-0.245216,-0.941204,0.232384,0.935282,-0.292765,-0.198832,0.255176,0.168588,0.952083,-0.000476,0.015828,-0.020259,0.084785,0.031461,0.062657,-0.771509,0.112057,0.035104,-0.032505,-0.770344,0.214919,-0.600315,-0.360136,-0.923587,0.131484,-0.526185,0.317483,0.78888,-0.0,-5e-06,-2e-06,8e-06,1.9e-05,4e-06,0.384694
247,0.195251,0.021781,0.417441,-0.739147,0.166779,-0.652604,-0.391789,-0.894554,0.215052,-0.547009,0.414426,0.727365,2e-05,-0.000838,-0.000379,0.0,0.0,0.0,0.422012,-0.259347,0.048807,0.374354,0.143584,0.963494,0.225952,-0.973669,0.178437,-0.141644,-0.176951,-0.200881,0.963431,-0.002591,0.016869,-0.034156,-0.22861,0.402396,0.266508,-1.407619,-0.010345,0.046814,0.009997,-0.251708,-0.937705,0.23948,0.935224,-0.299333,-0.189087,0.248993,0.176373,0.952309,-0.001317,0.008257,-0.017179,-0.318364,0.52482,0.316738,-0.772162,0.112053,0.035098,-0.032507,-0.770381,0.214871,-0.600285,-0.360089,-0.923599,0.131523,-0.526163,0.317479,0.788897,1.3e-05,-0.000557,-0.000252,0.0,-1.6e-05,-0.0,0.383551
248,0.195242,0.021773,0.417449,-0.739086,0.166853,-0.652654,-0.391876,-0.894527,0.215003,-0.547029,0.414453,0.727334,0.0,-1.2e-05,-6e-06,0.0,0.0,0.0,0.423602,-0.259374,0.04929,0.373545,0.146093,0.963264,0.225325,-0.973545,0.180491,-0.139878,-0.175571,-0.200146,0.963836,-0.002794,0.016103,-0.034566,0.065341,0.023616,0.024681,-1.407609,-0.010357,0.047037,0.009621,-0.254686,-0.936665,0.240399,0.934997,-0.301969,-0.185995,0.246808,0.177402,0.952687,-0.000967,0.013959,-0.021237,0.145098,-0.144255,0.222829,-0.771999,0.112049,0.035092,-0.032505,-0.770324,0.214951,-0.600329,-0.360179,-0.92357,0.131481,-0.526184,0.317509,0.78887,-1e-06,5e-06,4e-06,3e-06,1e-06,-4e-06,0.384041
249,0.195251,0.021781,0.417452,-0.739059,0.166882,-0.652677,-0.391906,-0.894521,0.214975,-0.547043,0.414455,0.727322,-1e-06,2.8e-05,1.2e-05,0.0,0.0,0.0,0.423025,-0.259359,0.050075,0.372028,0.149228,0.962504,0.226516,-0.973198,0.183553,-0.1383,-0.174858,-0.201022,0.963783,-0.003353,0.014014,-0.035719,0.038408,0.057706,0.047027,-1.407729,-0.010349,0.047436,0.00886,-0.257516,-0.935677,0.241232,0.934314,-0.30479,-0.184821,0.246458,0.177792,0.952705,0.004538,0.011472,-0.022977,0.053549,0.060137,0.110921,-0.772652,0.112053,0.035097,-0.032503,-0.770299,0.214984,-0.600349,-0.360211,-0.923562,0.131455,-0.5262,0.317512,0.788859,-2e-06,1.3e-05,6e-06,1e-05,1.2e-05,5e-06,0.385347
250,0.195252,0.021766,0.417456,-0.738996,0.166957,-0.65273,-0.391995,-0.894494,0.214925,-0.547065,0.414483,0.72729,0.0,-3e-06,-2e-06,0.0,0.0,0.0,0.415074,-0.259274,0.050771,0.370411,0.153022,0.960081,0.234136,-0.972727,0.188171,-0.135376,-0.1742,-0.208247,0.962367,-0.003299,0.02301,-0.045161,-0.148924,0.322108,0.246411,-1.407725,-0.010308,0.047784,0.008041,-0.260133,-0.93319,0.247963,0.933397,-0.308772,-0.182834,0.247183,0.183887,0.951359,0.003885,0.00463,-0.019572,-0.345355,0.529107,0.363419,-0.772979,0.112054,0.035089,-0.032501,-0.77024,0.215065,-0.600396,-0.360302,-0.923532,0.131412,-0.526224,0.317542,0.78883,-2e-06,4e-06,2e-06,-1e-06,-5e-06,-3e-06,0.381754
251,0.195305,0.021766,0.417433,-0.738828,0.167143,-0.652871,-0.392155,-0.894475,0.214709,-0.547176,0.414447,0.727227,0.012037,0.00019,-0.000297,0.000984,-0.014715,0.029553,0.396322,-0.259184,0.051533,0.368459,0.159172,0.956192,0.245666,-0.972158,0.195192,-0.129389,-0.171852,-0.219439,0.9603,-0.005238,0.015814,-0.049269,-0.194759,0.39156,0.260288,-1.407012,-0.01026,0.048175,0.007071,-0.265184,-0.928496,0.259944,0.932273,-0.315709,-0.176618,0.246056,0.195503,0.949333,0.003557,0.01219,-0.029827,-0.317408,0.556615,0.407593,-0.772979,0.112076,0.035089,-0.032512,-0.770098,0.215254,-0.600511,-0.360455,-0.9235,0.13122,-0.526327,0.31751,0.788775,2e-06,-0.000112,-5e-05,6e-06,0.0,2e-06,0.364282
252,0.195332,0.021758,0.417407,-0.738633,0.167369,-0.653035,-0.392354,-0.894448,0.214458,-0.547298,0.414414,0.727154,3.1e-05,-0.001308,-0.000592,0.0,0.0,0.0,0.385204,-0.259155,0.051861,0.367348,0.163195,0.954552,0.249375,-0.972085,0.198799,-0.124349,-0.168457,-0.223326,0.960006,0.00583,0.019818,-0.062293,-0.778327,-0.265254,0.548778,-1.407203,-0.010248,0.048348,0.006498,-0.268823,-0.926267,0.264128,0.931941,-0.319413,-0.17164,0.243351,0.200011,0.949092,0.002842,0.009519,-0.031368,-0.925821,-0.224421,0.600639,-0.772489,0.112094,0.035086,-0.032525,-0.769901,0.215519,-0.600668,-0.360681,-0.923447,0.130968,-0.52646,0.317482,0.788697,1.6e-05,-0.000713,-0.000324,-1.1e-05,-1.6e-05,-1.2e-05,0.350566
253,0.19535,0.021713,0.417311,-0.738431,0.167609,-0.653202,-0.39249,-0.894474,0.214103,-0.547473,0.414262,0.727109,5.1e-05,-0.002154,-0.000975,0.0,0.0,0.0,0.378868,-0.259017,0.052518,0.364819,0.1773,0.948619,0.262063,-0.969798,0.213754,-0.117192,-0.167389,-0.234568,0.957508,0.004846,0.024919,-0.074034,-0.339385,0.619186,0.476503,-1.407129,-0.010181,0.048665,0.005261,-0.28093,-0.919183,0.276007,0.928229,-0.333305,-0.165217,0.24386,0.209784,0.946848,0.002007,0.006383,-0.033247,-0.090236,0.282577,0.223306,-0.76906,0.112103,0.035063,-0.032573,-0.769713,0.21578,-0.600816,-0.360832,-0.923438,0.130617,-0.526632,0.317331,0.788643,2.7e-05,-0.00112,-0.000508,-4e-06,-8e-06,-6e-06,0.331787
254,0.195244,0.02184,0.417169,-0.738598,0.167448,-0.653053,-0.392043,-0.894718,0.213903,-0.547567,0.4138,0.727301,-1.2e-05,0.00051,0.000231,0.0,0.0,0.0,0.405754,-0.258832,0.053401,0.361565,0.201702,0.937922,0.282155,-0.965431,0.238965,-0.103795,-0.16501,-0.252649,0.953312,0.002549,0.025156,-0.088727,-0.259818,0.45401,0.603579,-1.406795,-0.010088,0.049099,0.003679,-0.302788,-0.905205,0.298196,0.921574,-0.357841,-0.150498,0.242939,0.229241,0.942564,0.001265,0.012384,-0.044476,-0.430421,0.764518,0.586499,-0.770203,0.11205,0.035123,-0.032646,-0.76987,0.215599,-0.60068,-0.360386,-0.923646,0.130374,-0.526708,0.316848,0.788787,-5e-06,0.000342,0.000156,1.9e-05,3e-06,2e-05,0.340768
255,0.195129,0.022,0.417063,-0.74312,0.153022,-0.651461,-0.375206,-0.901361,0.216194,-0.5532,0.404895,0.72805,-0.012558,0.010821,-0.008959,0.131926,-0.025191,-0.117256,0.426063,-0.258704,0.05391,0.359763,0.222714,0.928639,0.296682,-0.961126,0.260108,-0.092274,-0.163119,-0.26577,0.950064,0.013886,0.029945,-0.101354,-0.346247,0.678091,0.552861,-1.407125,-0.010022,0.049376,0.002708,-0.322295,-0.892722,0.314915,0.91512,-0.378946,-0.137672,0.242239,0.243814,0.939081,0.006845,0.014438,-0.050996,-0.372341,0.708246,0.570572,-0.770693,0.111997,0.035199,-0.032695,-0.77394,0.201029,-0.600502,-0.343418,-0.929961,0.131283,-0.532052,0.307828,0.788771,-0.000265,0.005846,-0.004472,0.365303,-0.118832,-0.34232,0.360853
256,0.194907,0.022518,0.416653,-0.741486,0.132771,-0.657736,-0.361771,-0.904658,0.22514,-0.564216,0.404718,0.719647,-0.001006,0.020576,-0.019152,-0.065232,-0.261763,-0.269783,0.447808,-0.258519,0.054942,0.355503,0.268906,0.901861,0.338123,-0.948546,0.308885,-0.069165,-0.167137,-0.303265,0.938061,-0.000383,0.03184,-0.114714,-0.403145,0.708134,0.765879,-1.407025,-0.009929,0.049882,0.000623,-0.362315,-0.860449,0.358267,0.897789,-0.425449,-0.113867,0.250401,0.280393,0.926649,-0.000675,0.009517,-0.053883,-0.609703,0.888885,1.06798,-0.770039,0.111881,0.035458,-0.032895,-0.772006,0.18175,-0.609075,-0.329683,-0.933767,0.139236,-0.543429,0.308293,0.780794,-0.006263,0.005355,-0.004498,-0.131821,-0.398704,-0.169342,0.401512
257,0.194923,0.023335,0.415933,-0.733725,0.087536,-0.673818,-0.329997,-0.912768,0.24068,-0.593063,0.398837,0.699451,-0.001516,0.031089,-0.028584,-0.135666,-0.798759,-0.549448,0.451191,-0.258322,0.055849,0.350895,0.298935,0.867108,0.39844,-0.935982,0.347746,-0.054264,-0.185965,-0.357804,0.915018,-0.003351,0.020871,-0.122244,-0.70963,1.229706,0.837127,-1.406758,-0.00983,0.05035,-0.001723,-0.384666,-0.822238,0.41947,0.881122,-0.462499,-0.098571,0.275054,0.331688,0.9024,-0.001806,0.009708,-0.061577,-0.642321,1.126311,0.79712,-0.769386,0.111889,0.035873,-0.033263,-0.763933,0.138898,-0.630168,-0.297148,-0.942579,0.152466,-0.572807,0.303727,0.761341,-0.00074,0.015579,-0.014275,-0.175417,-0.874411,-0.57429,0.416209
258,0.194971,0.024581,0.414788,-0.717394,0.028914,-0.6961,-0.298426,-0.915594,0.269448,-0.628666,0.400994,0.666341,-0.001531,0.031593,-0.028289,3.289745,-2.893326,-4.603291,0.457489,-0.25815,0.056492,0.345593,0.345665,0.816919,0.461682,-0.915575,0.401326,-0.024377,-0.205614,-0.415307,0.886062,0.005054,0.014542,-0.143207,-0.727514,1.435194,0.570613,-1.406818,-0.009743,0.050678,-0.004369,-0.421884,-0.765825,0.485309,0.855625,-0.513337,-0.066252,0.299865,0.387293,0.871828,0.002378,0.006462,-0.072124,-0.763995,1.458091,0.597016,-0.773959,0.111913,0.036495,-0.033835,-0.74783,0.085789,-0.658323,-0.266075,-0.947222,0.178813,-0.608238,0.308885,0.731188,-0.000814,0.015797,-0.014147,3.277951,-2.909101,-4.613878,0.422414
259,0.194985,0.025422,0.413986,-0.70575,-0.008756,-0.708438,-0.280139,-0.914994,0.290311,-0.649885,0.403354,0.644191,-0.00248,0.049502,-0.048494,-0.640522,-1.646243,-1.189915,0.460392,-0.258133,0.056729,0.342788,0.372441,0.785783,0.493786,-0.902631,0.430322,-0.003742,-0.215876,-0.445301,0.868888,0.004481,0.012443,-0.145414,-0.833308,1.741567,0.686893,-1.407023,-0.009737,0.050788,-0.005777,-0.442788,-0.731899,0.517939,0.8402,-0.540378,-0.045317,0.313051,0.415107,0.854215,0.002117,0.00552,-0.073174,-0.931176,1.843122,0.757394,-0.783756,0.111921,0.036886,-0.034202,-0.737095,0.051214,-0.673844,-0.245932,-0.949079,0.196885,-0.629449,0.310844,0.712157,-0.001208,0.024774,-0.02424,-0.38442,-1.063806,-0.960188,0.428129
260,0.194953,0.027347,0.412052,-0.680841,-0.075654,-0.728544,-0.262617,-0.903317,0.339151,-0.682922,0.422325,0.596059,-0.002951,0.058297,-0.058465,-0.715002,-1.678054,-1.406769,0.451251,-0.25812,0.057203,0.337047,0.418572,0.718277,0.555757,-0.875764,0.481182,0.037899,-0.240705,-0.503478,0.829719,0.004186,0.00258,-0.138605,0.167763,1.695137,1.807809,-1.407057,-0.009734,0.051003,-0.008551,-0.473755,-0.662855,0.579809,0.81242,-0.583065,-0.002759,0.339896,0.469741,0.814747,0.00211,0.001065,-0.069414,-0.805531,1.689486,0.473734,-0.795676,0.111904,0.03786,-0.03518,-0.710523,-0.013782,-0.703537,-0.226472,-0.942132,0.247177,-0.666232,0.334956,0.666286,-0.001423,0.028966,-0.029315,-0.657275,-1.530416,-1.33827,0.427966
261,0.194818,0.029673,0.409622,-0.645092,-0.14151,-0.750917,-0.250013,-0.889539,0.382342,-0.721277,0.434556,0.539395,-0.003393,0.066195,-0.068694,-0.535753,-1.359228,-1.048167,0.438949,-0.257886,0.057312,0.331761,0.454327,0.649752,0.609426,-0.848563,0.523781,0.074351,-0.271447,-0.551731,0.788525,0.016316,-0.008527,-0.133292,2.578311,2.167759,4.950942,-1.407362,-0.009625,0.051063,-0.011253,-0.497887,-0.590539,0.635114,0.782256,-0.621977,0.034912,0.37441,0.514205,0.771627,0.00223,-0.002886,-0.065422,-0.959152,2.167222,0.729275,-0.799758,0.111837,0.03902,-0.036391,-0.672897,-0.077554,-0.735659,-0.212286,-0.932413,0.292471,-0.708621,0.352972,0.610955,-0.00734,0.027546,-0.029624,-0.79646,-1.725458,-1.290977,0.414412
262,0.194733,0.031038,0.408234,-0.624191,-0.171491,-0.762248,-0.247247,-0.882129,0.400859,-0.740373,0.438885,0.50917,-0.003419,0.067559,-0.06788,-0.498175,-1.339221,-0.834005,0.43027,-0.257577,0.057208,0.329127,0.468285,0.6106,0.638645,-0.835002,0.542068,0.094179,-0.289252,-0.578137,0.762859,0.017958,-0.002829,-0.130114,0.157025,2.058435,1.995413,-1.407288,-0.00948,0.051006,-0.012531,-0.505456,-0.551558,0.663548,0.767725,-0.638492,0.054081,0.393842,0.536759,0.746175,0.008846,-0.002085,-0.065533,-0.846242,1.943338,0.864839,-0.798289,0.111796,0.039674,-0.037061,-0.6526,-0.104618,-0.750444,-0.208814,-0.927236,0.310852,-0.72836,0.359566,0.583269,-0.001889,0.0383,-0.038931,-0.766858,-1.91286,-1.093692,0.404778
263,0.194496,0.033889,0.405496,-0.592044,-0.210522,-0.777952,-0.250592,-0.86936,0.425898,-0.765249,0.447357,0.462917,-0.00397,0.08069,-0.075539,-0.257925,-1.117447,-0.294987,0.422646,-0.256593,0.056757,0.324518,0.485248,0.53878,0.688652,-0.813454,0.566894,0.129833,-0.321031,-0.623861,0.712461,0.043594,-0.021681,-0.114971,0.405666,3.730909,-0.810668,-1.407728,-0.008992,0.050778,-0.014891,-0.516201,-0.473362,0.713767,0.740806,-0.665005,0.094732,0.429816,0.577664,0.693946,0.015724,-0.00971,-0.056441,-0.868405,1.8674,1.085198,-0.796493,0.111676,0.041117,-0.038454,-0.619471,-0.142536,-0.771969,-0.210882,-0.917015,0.33854,-0.756163,0.372511,0.538007,-0.001933,0.040399,-0.037746,-0.40339,-1.280412,-0.577617,0.388286
264,0.194196,0.037011,0.402543,-0.563561,-0.238014,-0.791071,-0.260595,-0.857495,0.443581,-0.783222,0.456426,0.422215,-0.015682,0.077541,-0.07607,-4.615808,1.381859,1.978009,0.414987,-0.254772,0.055833,0.320385,0.490155,0.479199,0.728085,-0.799749,0.57931,0.157277,-0.347015,-0.659972,0.666244,0.058722,-0.024408,-0.102941,-0.454872,1.23463,0.328812,-1.407482,-0.008088,0.050313,-0.016965,-0.509698,-0.412029,0.755274,0.727113,-0.675563,0.122149,0.459907,0.611429,0.643925,0.02292,-0.016889,-0.046851,-0.648859,1.484018,0.456183,-0.79241,0.11153,0.042687,-0.039926,-0.58988,-0.170307,-0.789326,-0.215151,-0.90902,0.356919,-0.778299,0.380364,0.499571,-0.001898,0.039433,-0.037924,-0.259041,-1.163627,-0.335916,0.378652
265,0.193968,0.039817,0.399612,-0.540238,-0.249518,-0.803698,-0.292079,-0.840083,0.457081,-0.788556,0.481981,0.38197,-0.003734,0.072131,-0.078398,-0.289209,-1.157628,-0.370862,0.395362,-0.252276,0.054447,0.316922,0.493444,0.423378,0.759773,-0.78635,0.590342,0.181891,-0.372116,-0.687725,0.623239,0.061136,-0.036275,-0.081021,-0.391535,1.101923,0.206169,-1.407055,-0.006841,0.049621,-0.018707,-0.504339,-0.35612,0.786651,0.713634,-0.684811,0.147509,0.486176,0.635776,0.599516,0.037029,-0.018333,-0.040889,-0.505197,1.253469,0.368079,-0.791104,0.111411,0.044098,-0.041389,-0.568862,-0.175744,-0.803435,-0.25153,-0.892914,0.373409,-0.783024,0.414507,0.46374,-0.001551,0.030623,-0.034717,-0.429342,-1.298146,-0.455833,0.360363
266,0.19388,0.040992,0.3982,-0.528717,-0.254268,-0.809847,-0.308227,-0.831459,0.462218,-0.790229,0.494311,0.362247,-0.003133,0.057288,-0.071052,-0.229098,-0.978287,-0.351777,0.380393,-0.250728,0.053682,0.315451,0.492096,0.400902,0.772729,-0.783174,0.591326,0.192109,-0.380515,-0.700214,0.603964,0.075329,-0.042362,-0.070366,-0.453664,1.172647,0.322067,-1.406929,-0.006073,0.049238,-0.019449,-0.499401,-0.335202,0.798897,0.710973,-0.685512,0.15681,0.495091,0.646306,0.580665,0.044109,-0.021468,-0.03565,-0.472837,1.240765,0.436089,-0.788491,0.111367,0.044694,-0.042096,-0.556872,-0.1801,-0.810836,-0.267853,-0.885116,0.380557,-0.786223,0.429107,0.444656,-0.001508,0.028789,-0.035452,-0.389323,-1.266415,-0.454294,0.345504
267,0.193595,0.042938,0.395518,-0.497504,-0.255772,-0.828924,-0.346131,-0.817671,0.459977,-0.794824,0.516071,0.319301,-0.014257,0.042091,-0.063451,-0.277878,-0.930096,0.109839,0.319646,-0.246906,0.052005,0.312925,0.491175,0.364973,0.790906,-0.779058,0.590087,0.211659,-0.39005,-0.720574,0.573147,0.104133,-0.04424,-0.057012,-0.272558,0.692911,0.274054,-1.406334,-0.004211,0.048416,-0.020696,-0.493176,-0.298929,0.816956,0.707978,-0.68363,0.177245,0.505513,0.665801,0.548786,0.058172,-0.028608,-0.025772,-0.469297,0.950131,0.493395,-0.786369,0.111234,0.045653,-0.043418,-0.527228,-0.178981,-0.830659,-0.305356,-0.872354,0.381778,-0.792961,0.454931,0.405277,-0.001212,0.021161,-0.031847,-1.431354,-1.600466,2.717189,0.290638
268,0.193154,0.044213,0.393239,-0.468118,-0.262584,-0.843778,-0.368523,-0.809845,0.456414,-0.8026,0.52493,0.283389,-0.013655,0.02687,-0.056456,-0.210762,-0.876998,-0.218368,0.267553,-0.242591,0.050319,0.311135,0.488393,0.323617,0.810393,-0.77206,0.592937,0.228653,-0.407107,-0.737742,0.53839,0.121092,-0.031088,-0.047211,-0.341347,0.915855,0.290277,-1.406157,-0.001975,0.047538,-0.021635,-0.48371,-0.257897,0.836368,0.701721,-0.685388,0.194496,0.523077,0.680978,0.512501,0.060741,-0.014834,-0.023094,-0.361477,0.931395,0.313419,-0.792737,0.111008,0.046312,-0.044584,-0.498011,-0.182374,-0.847776,-0.328656,-0.865005,0.379143,-0.802477,0.467444,0.370844,-0.006785,0.01375,-0.028071,-0.227088,-0.941569,-0.228754,0.208503
269,0.192832,0.044624,0.392213,-0.458424,-0.261415,-0.849444,-0.380955,-0.805725,0.45349,-0.802403,0.531812,0.270837,-0.013131,0.014148,-0.04848,-0.062815,-0.576915,0.124525,0.2498,-0.240302,0.049626,0.310456,0.480121,0.297703,0.825135,-0.770225,0.593112,0.234319,-0.420221,-0.748405,0.512998,0.12293,-0.034127,-0.03319,-0.302375,1.670946,-0.090552,-1.406099,-0.000831,0.047189,-0.021977,-0.471621,-0.233737,0.850258,0.700209,-0.685355,0.199986,0.535985,0.689677,0.486893,0.061667,-0.016277,-0.01602,-0.34114,1.802147,-0.0799,-0.79486,0.110842,0.046528,-0.045118,-0.487455,-0.181794,-0.854012,-0.341464,-0.860499,0.378076,-0.80361,0.47591,0.357379,-0.006517,0.006813,-0.024349,-0.032946,-0.52724,0.145583,0.175845
270,0.191881,0.044954,0.390452,-0.445098,-0.257116,-0.857802,-0.409014,-0.793784,0.450095,-0.796089,0.551506,0.24922,-0.024427,0.002264,-0.039829,-0.056788,-0.583598,0.278663,0.25142,-0.235681,0.048614,0.309525,0.473099,0.238849,0.848009,-0.761044,0.595579,0.256967,-0.444251,-0.767231,0.462449,0.113029,-0.031298,-0.013885,4.112928,2.641136,3.103403,-1.405577,0.001439,0.046699,-0.022433,-0.455139,-0.179968,0.872043,0.695996,-0.68275,0.222354,0.555371,0.70814,0.436004,0.056888,-0.008805,-0.009698,-0.604297,1.432321,0.502623,-0.794207,0.110376,0.046687,-0.045986,-0.475405,-0.175721,-0.862039,-0.369701,-0.849231,0.376996,-0.798317,0.497922,0.338765,-0.018046,0.001053,-0.019741,-0.14004,-0.573748,0.060224,0.149392
271,0.190461,0.044616,0.389286,-0.441761,-0.243992,-0.863343,-0.434897,-0.783456,0.443884,-0.784151,0.571856,0.241068,-0.03541,-0.019797,-0.022193,-0.094692,-0.061147,0.234146,0.287426,-0.231207,0.048101,0.308922,0.463897,0.185169,0.866316,-0.750328,0.601883,0.273272,-0.471378,-0.777012,0.417034,0.102678,-0.007717,-0.010696,0.030877,1.244626,0.428852,-1.40562,0.003681,0.046437,-0.022733,-0.439507,-0.124443,0.889577,0.68159,-0.691238,0.24005,0.585037,0.71183,0.388623,0.057899,-0.003706,-0.005549,0.916575,1.898418,0.979433,-0.797309,0.109671,0.046524,-0.046577,-0.472156,-0.162397,-0.866426,-0.396017,-0.839039,0.373072,-0.787552,0.519268,0.331846,-0.02356,-0.009884,-0.010872,-0.37474,0.156378,0.30846,0.167354
272,0.188595,0.04376,0.388585,-0.444095,-0.228397,-0.866406,-0.459465,-0.772111,0.438987,-0.768678,0.593316,0.239033,-0.047063,-0.028188,-0.012006,0.006139,-0.098614,0.183115,0.32666,-0.226923,0.048198,0.308785,0.453805,0.136636,0.880558,-0.748541,0.594463,0.293657,-0.483881,-0.792555,0.370916,0.105103,0.007304,0.001733,-0.450326,1.201836,0.402926,-1.404912,0.005861,0.04648,-0.022808,-0.422451,-0.077147,0.903096,0.681542,-0.683882,0.260391,0.597523,0.725501,0.341485,0.052682,0.004302,0.001339,-0.495865,1.280907,0.460153,-0.793717,0.108724,0.046084,-0.046938,-0.475175,-0.146016,-0.86769,-0.4212,-0.828059,0.37001,-0.772527,0.541291,0.331971,-0.023509,-0.014118,-0.005983,0.007115,-0.098168,0.185314,0.223689
273,0.187517,0.043195,0.38836,-0.445736,-0.22265,-0.86706,-0.469071,-0.766875,0.438002,-0.7619,0.60222,0.238468,-0.059064,-0.028249,-0.011708,-0.03952,0.027771,-0.011966,0.335057,-0.224688,0.048409,0.308876,0.453719,0.119283,0.883121,-0.74764,0.590107,0.304537,-0.485355,-0.798566,0.355788,0.105966,0.01404,0.007227,-0.24181,0.779074,0.089814,-1.405149,0.006979,0.046585,-0.022763,-0.420052,-0.058311,0.905624,0.681647,-0.679066,0.272442,0.599093,0.731756,0.324991,0.053115,0.007657,0.00407,-0.190915,0.69783,0.008769,-0.796493,0.108208,0.045813,-0.047046,-0.47697,-0.140268,-0.867654,-0.430962,-0.82304,0.369966,-0.766009,0.550389,0.332116,-0.029507,-0.014676,-0.006089,-0.125586,-0.004329,0.164942,0.242794
274,0.185013,0.041921,0.387953,-0.451255,-0.209512,-0.867478,-0.482698,-0.760293,0.434659,-0.750049,0.61513,0.243039,-0.071387,-0.031389,-0.012987,-1.418569,0.701705,0.520135,0.345165,-0.220256,0.049112,0.309234,0.459371,0.090236,0.883645,-0.743487,0.58325,0.327079,-0.486424,-0.807327,0.333882,0.106149,0.019785,0.011577,-0.261566,0.745193,0.292325,-1.405,0.009157,0.046939,-0.022579,-0.422205,-0.031319,0.905958,0.679552,-0.67238,0.293448,0.599958,0.739542,0.305165,0.059532,0.009791,0.005309,-0.251627,0.739746,0.316308,-0.801881,0.10696,0.045182,-0.047247,-0.482678,-0.127797,-0.866422,-0.443447,-0.817443,0.367614,-0.755231,0.561653,0.337891,-0.029895,-0.015822,-0.006779,-4.799946,2.415012,1.295896,0.264348
275,0.182262,0.040594,0.387394,-0.452202,-0.200507,-0.869112,-0.492711,-0.756094,0.430732,-0.742939,0.623245,0.244201,-0.072009,-0.03594,-0.015421,-0.41725,-0.129165,0.780459,0.343683,-0.21589,0.049937,0.309728,0.460941,0.068745,0.884759,-0.740829,0.578563,0.341132,-0.488992,-0.812769,0.316475,0.105926,0.023863,0.014457,-0.233047,0.581211,0.414338,-1.404916,0.011341,0.047355,-0.02233,-0.420777,-0.010139,0.907107,0.678333,-0.667453,0.307195,0.602337,0.744582,0.287727,0.053039,0.012342,0.007495,-0.233103,0.581397,0.450992,-0.810372,0.105585,0.044525,-0.047523,-0.484645,-0.118656,-0.866624,-0.454464,-0.812378,0.36538,-0.747382,0.57093,0.33979,-0.035995,-0.01861,-0.007974,-1.403805,-0.592032,2.915356,0.274472
276,0.180781,0.039853,0.387034,-0.447193,-0.198124,-0.872245,-0.49506,-0.757362,0.425782,-0.744413,0.622463,0.241693,-0.084377,-0.04063,-0.017491,0.001448,-0.027746,0.043424,0.335178,-0.213848,0.0504,0.310004,0.46193,0.059426,0.884918,-0.739444,0.576602,0.3474,-0.490157,-0.814882,0.309155,0.105487,0.023633,0.01401,-0.16558,0.435381,0.293265,-1.404669,0.012403,0.0476,-0.022182,-0.420489,0.000628,0.907296,0.677479,-0.664943,0.31444,0.603498,0.746893,0.279176,0.052768,0.011923,0.007013,-0.180456,0.458329,0.312054,-0.812658,0.104818,0.044145,-0.047707,-0.479205,-0.115262,-0.870101,-0.457784,-0.812995,0.35982,-0.748862,0.570746,0.336826,-0.042179,-0.020688,-0.008892,0.000265,-0.025733,0.035259,0.270227
277,0.177586,0.038252,0.386188,-0.433202,-0.191425,-0.88076,-0.501375,-0.760871,0.41191,-0.748462,0.620267,0.234735,-0.085609,-0.034671,-0.029058,0.042942,-0.131119,0.238863,0.314349,-0.209958,0.051299,0.310478,0.463532,0.043643,0.885,-0.737015,0.573292,0.357881,-0.492303,-0.818187,0.296768,0.091744,0.021546,0.012563,-0.065213,0.22933,0.079957,-1.40472,0.014314,0.048048,-0.021945,-0.420124,0.017023,0.907306,0.675979,-0.661177,0.325414,0.605431,0.750035,0.266269,0.052187,0.010176,0.005354,-0.04463,0.076007,0.252564,-0.817067,0.103253,0.043355,-0.048121,-0.465893,-0.107389,-0.878299,-0.464526,-0.815136,0.346073,-0.753099,0.569227,0.329881,-0.04267,-0.023325,-0.01039,2e-05,-0.00987,0.009261,0.248346
278,0.174295,0.036764,0.385097,-0.421786,-0.186055,-0.887426,-0.505662,-0.764128,0.400482,-0.752101,0.617884,0.229326,-0.074458,-0.035955,-0.03053,0.04297,-0.133191,0.242469,0.307223,-0.206123,0.052148,0.310748,0.463007,0.030474,0.885826,-0.735513,0.570769,0.364935,-0.495038,-0.820526,0.285547,0.090693,0.017329,0.008767,-0.050092,0.211745,0.025426,-1.405172,0.016233,0.048477,-0.021806,-0.417858,0.030064,0.908014,0.675199,-0.658434,0.33252,0.607864,0.752037,0.254833,0.051677,0.008372,0.003691,-0.019803,0.024419,0.209969,-0.81919,0.101603,0.042606,-0.048668,-0.45497,-0.101045,-0.884755,-0.469176,-0.817261,0.334602,-0.756885,0.567339,0.324421,-0.043222,-0.017678,-0.014858,0.048864,-0.223471,0.412996,0.231854
279,0.171084,0.035665,0.383703,-0.41342,-0.182269,-0.892136,-0.507496,-0.767359,0.391893,-0.755511,0.614996,0.225854,-0.087434,-0.023556,-0.038484,0.072636,-0.052138,0.080877,0.294246,-0.202365,0.052695,0.310897,0.456945,0.011191,0.88942,-0.736077,0.566001,0.371171,-0.499808,-0.824284,0.265728,0.089527,0.009559,0.002179,-0.078346,0.284445,0.051654,-1.404989,0.018113,0.04876,-0.021723,-0.409255,0.048497,0.91113,0.676708,-0.653691,0.338753,0.612026,0.755205,0.234708,0.050946,0.010567,-0.002923,-0.015994,0.103802,0.239977,-0.820823,0.100002,0.042048,-0.049364,-0.446817,-0.09648,-0.889407,-0.471349,-0.819601,0.325702,-0.760384,0.564751,0.320736,-0.03765,-0.012446,-0.019737,0.078874,-0.146173,0.260785,0.218464
280,0.169529,0.035307,0.382838,-0.408439,-0.183127,-0.894252,-0.507946,-0.768385,0.38929,-0.757918,0.613458,0.221937,-0.087981,-0.013943,-0.048065,0.098069,-0.18105,0.230688,0.283552,-0.200652,0.052969,0.310762,0.456857,0.001941,0.889533,-0.734969,0.564002,0.376373,-0.501517,-0.825714,0.257954,0.088553,0.015445,-0.009609,-0.108843,0.426463,0.161773,-1.404898,0.019003,0.048906,-0.021786,-0.407982,0.05707,0.911204,0.676159,-0.651746,0.343562,0.613481,0.756286,0.227312,0.044237,0.007215,-0.005284,-0.115185,0.436548,0.171658,-0.823272,0.099224,0.041867,-0.049792,-0.441881,-0.097289,-0.891782,-0.471908,-0.820225,0.323314,-0.762917,0.563706,0.316531,-0.037866,-0.006846,-0.02411,0.105323,-0.08298,0.094252,0.207687
281,0.166644,0.035062,0.380721,-0.400702,-0.183169,-0.897737,-0.511657,-0.76807,0.38503,-0.759559,0.613841,0.215168,-0.076465,0.008776,-0.065671,0.163091,-0.257091,0.310667,0.256,-0.197411,0.053299,0.310183,0.44913,-0.022808,0.89317,-0.735436,0.558088,0.384194,-0.50777,-0.829377,0.232735,0.074917,0.004583,-0.017755,-0.331159,0.938537,0.514586,-1.405776,0.020595,0.049072,-0.022067,-0.397259,0.077799,0.914402,0.677879,-0.646767,0.349531,0.618598,0.758709,0.204195,0.037616,-0.004149,-0.005931,-0.210544,0.607501,0.212263,-0.826212,0.097777,0.041733,-0.050846,-0.434277,-0.096954,-0.895545,-0.475847,-0.819456,0.319468,-0.764834,0.564881,0.309736,-0.032094,-0.001729,-0.029007,0.142398,-0.117917,0.139374,0.174702
282,0.164091,0.03547,0.378137,-0.389525,-0.190915,-0.901037,-0.509614,-0.770217,0.383447,-0.766721,0.608777,0.203851,-0.052251,0.02148,-0.074322,0.134105,-0.363987,0.128088,0.220098,-0.194768,0.05308,0.309475,0.445617,-0.055361,0.893506,-0.733821,0.548949,0.400119,-0.513175,-0.833886,0.202851,0.062306,-0.014302,-0.015959,-0.237015,0.691239,0.236733,-1.406454,0.021944,0.048957,-0.022433,-0.389428,0.113132,0.914082,0.678147,-0.636344,0.36767,0.623266,0.763063,0.17109,0.031127,-0.007659,-0.00844,-0.221118,0.66422,0.21339,-0.827354,0.096491,0.04193,-0.052136,-0.423121,-0.103683,-0.90012,-0.473876,-0.821411,0.317372,-0.772275,0.560832,0.298423,-0.032179,0.005376,-0.032568,0.086109,-0.354793,0.037706,0.13241
283,0.16287,0.035934,0.376654,-0.383186,-0.197639,-0.902304,-0.507947,-0.770799,0.384488,-0.771015,0.605896,0.196096,-0.06446,0.023396,-0.072952,0.014812,-0.529869,-0.258223,0.211172,-0.193664,0.052932,0.309053,0.446986,-0.069829,0.891807,-0.731658,0.544895,0.409512,-0.515074,-0.835438,0.191326,0.06225,-0.01665,-0.017969,-0.141469,0.386322,0.230849,-1.406873,0.022496,0.048881,-0.022646,-0.389081,0.128342,0.912219,0.676908,-0.631827,0.377608,0.624828,0.764409,0.158957,0.031113,-0.008684,-0.009323,-0.088835,0.294706,0.144221,-0.822945,0.095905,0.042152,-0.05285,-0.417602,-0.108032,-0.902184,-0.472145,-0.822534,0.31704,-0.776328,0.558359,0.292485,-0.03213,0.0123,-0.036101,0.209036,-0.181559,0.186601,0.111509
284,0.160754,0.037239,0.373665,-0.368717,-0.21657,-0.903986,-0.50429,-0.770339,0.390182,-0.780425,0.600004,0.175952,-0.052039,0.037544,-0.080104,-0.007526,-0.734244,-0.280721,0.187532,-0.191845,0.052469,0.308168,0.451062,-0.090087,0.887929,-0.727266,0.539429,0.424305,-0.517741,-0.837017,0.176661,0.036866,-0.020645,-0.019674,-0.192576,0.43672,0.42078,-1.407032,0.023391,0.048655,-0.023083,-0.390839,0.146177,0.908777,0.674035,-0.626906,0.390721,0.626833,0.765257,0.146491,0.018176,-0.004728,-0.013549,-0.162144,0.572083,0.254356,-0.819843,0.094823,0.042807,-0.054369,-0.402442,-0.126857,-0.906613,-0.468251,-0.822466,0.322937,-0.786626,0.554486,0.271594,-0.025956,0.018869,-0.039961,-0.00922,-0.768026,-0.300042,0.080973
285,0.158504,0.038458,0.370732,-0.351385,-0.246659,-0.903179,-0.500962,-0.765433,0.403882,-0.790514,0.594681,0.146522,-0.064555,0.025687,-0.07181,-0.165663,-1.010067,-0.540086,0.188443,-0.19071,0.051887,0.307253,0.450743,-0.102001,0.886802,-0.725712,0.536447,0.430697,-0.520195,-0.837551,0.16664,0.024277,-0.021278,-0.019477,-0.044999,0.11216,0.103949,-1.407786,0.023972,0.04835,-0.023554,-0.388953,0.16011,0.907237,0.673115,-0.622972,0.398522,0.628991,0.765682,0.134534,0.012144,-0.010774,-0.009874,-0.013011,0.05368,0.052267,-0.81821,0.093703,0.043428,-0.055836,-0.384694,-0.15561,-0.909832,-0.464416,-0.819208,0.336474,-0.797701,0.551981,0.242877,-0.032167,0.013482,-0.035506,0.005658,-0.594394,-0.273441,0.063991
286,0.157211,0.039093,0.369234,-0.34352,-0.262123,-0.901849,-0.498944,-0.76261,0.411645,-0.79524,0.591704,0.132313,-0.07674,0.037707,-0.079323,-0.013764,-0.719889,-0.36025,0.182237,-0.190334,0.05147,0.306839,0.453121,-0.110382,0.884584,-0.72367,0.533753,0.437428,-0.520977,-0.838198,0.160841,0.011474,-0.023759,-0.020727,-0.099635,0.245831,0.234013,-1.407302,0.024156,0.048153,-0.023751,-0.39044,0.16792,0.905184,0.671811,-0.620295,0.404847,0.629464,0.766182,0.129378,0.005751,-0.011813,-0.010322,-0.098079,0.174173,0.462519,-0.81919,0.093061,0.04374,-0.056582,-0.37542,-0.172779,-0.910607,-0.46233,-0.816605,0.34555,-0.803311,0.550728,0.226689,-0.032232,0.018127,-0.04022,-0.082598,-0.904128,-0.426624,0.059255
287,0.154607,0.040495,0.366192,-0.331206,-0.286159,-0.899145,-0.503811,-0.752081,0.424877,-0.797407,0.594074,0.106046,-0.064372,0.039416,-0.078706,-0.080926,-0.91363,-0.443286,0.210891,-0.190095,0.050487,0.305753,0.459502,-0.121148,0.87987,-0.718996,0.530712,0.448691,-0.521868,-0.838627,0.155631,-0.002177,-0.019507,-0.033265,0.415039,-1.430015,2.232489,-1.407798,0.024281,0.047664,-0.024286,-0.393026,0.179599,0.901817,0.669319,-0.616605,0.414498,0.630509,0.766513,0.122132,-0.000815,-0.015797,-0.013327,-0.079874,0.233865,0.07876,-0.818374,0.091754,0.044436,-0.058106,-0.363321,-0.194924,-0.911044,-0.466624,-0.808306,0.35903,-0.806386,0.555558,0.202718,-0.032138,0.019598,-0.039377,0.110684,-0.436669,-0.16541,0.069706
288,0.152028,0.041786,0.363292,-0.320423,-0.307501,-0.896001,-0.503886,-0.74562,0.436029,-0.801764,0.591576,0.085088,-0.064561,0.029255,-0.069955,-0.063586,-0.763402,-0.390598,0.236228,-0.190168,0.049355,0.304718,0.458405,-0.126871,0.879637,-0.71884,0.528939,0.451029,-0.523047,-0.838894,0.150142,-0.001619,-0.03041,-0.02594,-0.010041,-0.032885,0.119307,-1.408088,0.024243,0.047094,-0.024813,-0.393705,0.18536,0.900353,0.668307,-0.61479,0.418806,0.631158,0.766599,0.118169,-0.000817,-0.015596,-0.013301,-0.007779,0.085297,-0.079816,-0.823436,0.090465,0.045087,-0.059558,-0.351712,-0.216465,-0.910736,-0.466353,-0.803054,0.370969,-0.811672,0.555199,0.181494,-0.038363,0.014888,-0.034625,0.156845,-0.207856,-0.098086,0.104324
289,0.149252,0.042576,0.360952,-0.322664,-0.319767,-0.890889,-0.511359,-0.733154,0.448297,-0.796114,0.600608,0.074159,-0.076936,0.021643,-0.059502,-0.092859,-0.301793,-0.215149,0.258078,-0.190336,0.048085,0.303713,0.453018,-0.143466,0.879877,-0.706613,0.543847,0.452616,-0.543997,-0.826578,0.143871,-0.001639,-0.030203,-0.026063,0.394775,0.384663,0.055995,-1.407556,0.024159,0.046456,-0.025318,-0.386507,0.200742,0.900174,0.654672,-0.627763,0.421089,0.649627,0.752073,0.111214,-0.007215,-0.014634,-0.012151,1.439374,0.796447,0.379159,-0.823925,0.089081,0.045483,-0.060734,-0.352868,-0.230388,-0.906865,-0.473502,-0.791977,0.385444,-0.807019,0.565413,0.170373,-0.038533,0.00535,-0.025562,-0.501367,-0.143469,-0.448454,0.137145
290,0.147596,0.042922,0.359907,-0.325139,-0.321712,-0.889287,-0.512852,-0.730095,0.45157,-0.794142,0.603294,0.073502,-0.089069,0.015776,-0.047953,-0.004937,0.028547,-0.045086,0.267502,-0.190481,0.047539,0.303249,0.44859,-0.151922,0.880726,-0.704586,0.545997,0.453187,-0.55026,-0.823634,0.136759,-0.014404,-0.027364,-0.022813,-0.07137,0.124343,0.210482,-1.40764,0.024091,0.046178,-0.025555,-0.380778,0.208518,0.900848,0.652166,-0.630087,0.421508,0.655505,0.748004,0.103935,-0.000736,-0.013584,-0.01178,-0.102769,0.281168,0.129132,-0.826865,0.088291,0.045647,-0.061246,-0.354381,-0.233531,-0.90547,-0.47486,-0.789224,0.389399,-0.805557,0.567967,0.168792,-0.044367,0.013359,-0.028069,-1.296702,0.767183,0.102856,0.150372
291,0.144129,0.043427,0.358295,-0.339346,-0.314902,-0.886412,-0.528753,-0.715509,0.456551,-0.777589,0.624011,0.077407,-0.089121,0.009079,-0.037324,0.057588,0.12309,-0.225576,0.276727,-0.190632,0.046579,0.302549,0.437241,-0.187521,0.879572,-0.689361,0.558085,0.461797,-0.577995,-0.808006,0.113622,-0.001064,-0.019068,-0.016678,-0.223639,0.566578,0.404645,-1.408146,0.024011,0.045687,-0.025914,-0.365299,0.241475,0.899025,0.636011,-0.640466,0.430455,0.67974,0.729035,0.080381,-0.000521,-0.009319,-0.00815,-0.327243,0.77841,0.59237,-0.814945,0.086524,0.045909,-0.062074,-0.369116,-0.2267,-0.901309,-0.491097,-0.775766,0.396243,-0.789034,0.588891,0.175016,-0.050665,0.005021,-0.018174,-0.036795,0.187983,-0.243819,0.171599
292,0.140222,0.04363,0.357183,-0.349603,-0.300404,-0.887457,-0.552916,-0.698534,0.454209,-0.755937,0.649854,0.07922,-0.113497,0.006842,-0.023414,-1.412884,0.861392,0.123963,0.262667,-0.190616,0.045872,0.302302,0.424398,-0.225129,0.877037,-0.67009,0.573215,0.471527,-0.609391,-0.78751,0.091293,-0.00034,-0.006072,-0.005333,-0.178804,0.55033,0.167418,-1.408468,0.024018,0.045318,-0.026051,-0.347761,0.278277,0.895334,0.615436,-0.65266,0.441896,0.707319,0.704695,0.055708,-0.000132,-0.002369,-0.002087,-0.187084,0.562532,0.182181,-0.807106,0.084579,0.046008,-0.062637,-0.379318,-0.212996,-0.900416,-0.514461,-0.760299,0.396578,-0.769055,0.613659,0.178817,-0.050946,-0.003283,-0.008416,-4.974868,2.21387,1.168268,0.171763
293,0.138144,0.043794,0.356755,-0.34768,-0.291466,-0.891185,-0.553977,-0.702983,0.445979,-0.75605,0.649114,0.084061,-0.113062,0.010968,-0.020967,0.318076,0.738704,0.182483,0.248906,-0.190564,0.045736,0.302334,0.417508,-0.238427,0.87683,-0.664675,0.577703,0.473709,-0.619989,-0.780268,0.081598,-2e-05,-0.000359,-0.000315,-0.117509,0.385438,0.065809,-1.408016,0.024044,0.045251,-0.026035,-0.339183,0.291013,0.894575,0.609592,-0.656281,0.444624,0.716485,0.696136,0.045201,2.3e-05,0.000442,0.000381,-0.102252,0.352838,0.041357,-0.803841,0.08354,0.046087,-0.062853,-0.377093,-0.205473,-0.903095,-0.517313,-0.762075,0.389395,-0.768237,0.614021,0.18108,-0.05651,0.005497,-0.010423,0.10724,0.10386,0.237036,0.159842
294,0.13394,0.044203,0.356127,-0.335905,-0.271114,-0.902059,-0.559,-0.713421,0.422518,-0.757688,0.646512,0.089215,-0.100055,0.015897,-0.018324,0.262409,0.363837,0.397816,0.218433,-0.190352,0.045565,0.302714,0.407753,-0.264491,0.873941,-0.647633,0.590805,0.481098,-0.644059,-0.761814,0.068492,0.013998,-0.002726,0.013915,1.323048,1.008057,0.342765,-1.407529,0.024151,0.045167,-0.025843,-0.326581,0.315098,0.891099,0.591733,-0.667003,0.452722,0.737018,0.675144,0.031377,0.007033,-0.000789,0.007464,1.335614,1.018015,0.347837,-0.805637,0.081433,0.046292,-0.063167,-0.367202,-0.182131,-0.912134,-0.522854,-0.770625,0.364362,-0.769276,0.610708,0.187747,-0.056326,0.00353,-0.00422,0.313014,0.575552,0.512126,0.126205
295,0.129893,0.044531,0.355878,-0.328573,-0.244856,-0.912212,-0.570913,-0.717914,0.398283,-0.75201,0.651961,0.097235,-0.099594,0.011691,-0.00604,0.166549,0.119777,0.461807,0.153849,-0.189894,0.045097,0.303825,0.401208,-0.277091,0.873066,-0.635258,0.60238,0.483239,-0.660294,-0.748138,0.064539,0.015481,-0.018624,0.034407,-0.06485,0.014338,0.030428,-1.408059,0.024374,0.044944,-0.025297,-0.318357,0.326879,0.88983,0.57768,-0.677349,0.455502,0.75162,0.65905,0.026807,0.007744,-0.00886,0.017591,0.032488,0.049871,0.025259,-0.80825,0.07941,0.046457,-0.063296,-0.361677,-0.153656,-0.919553,-0.535501,-0.773152,0.339815,-0.763169,0.615325,0.197348,-0.050073,0.000338,0.001123,0.150567,0.186799,0.474678,0.058602
