frame,MLTx,MLTy,MLTz,MLTR1,MLTR2,MLTR3,MLTR4,MLTR5,MLTR6,MLTR7,MLTR8,MLTR9,MLTTVx,MLTTVy,MLTTVz,MLTRVx,MLTRVy,MLTRVz,MLGA,MRTx,MRTy,MRTz,MRTR1,MRTR2,MRTR3,MRTR4,MRTR5,MRTR6,MRTR7,MRTR8,MRTR9,MRTTVx,MRTTVy,MRTTVz,MRTRVx,MRTRVy,MRTRVz,MRGA,SLTx,SLTy,SLTz,SLTR1,SLTR2,SLTR3,SLTR4,SLTR5,SLTR6,SLTR7,SLTR8,SLTR9,SLTTVx,SLTTVy,SLTTVz,SLTRVx,SLTRVy,SLTRVz,SLGA,SRTx,SRTy,SRTz,SRTR1,SRTR2,SRTR3,SRTR4,SRTR5,SRTR6,SRTR7,SRTR8,SRTR9,SRTTVx,SRTTVy,SRTTVz,SRTRVx,SRTRVy,SRTRVz,SRGA
132,0.054801,0.020408,0.354017,0.276284,0.164362,-0.946941,-0.694421,0.715253,-0.078516,0.664052,0.679072,0.312929,-0.000412,-0.000958,-0.000788,0.512763,0.246466,-0.035191,0.094865,-0.122801,0.064637,0.33903,0.051107,-0.090391,0.99459,0.781832,0.623216,0.016581,-0.621402,0.776833,0.101258,0.000355,-0.002024,-0.001319,-0.026688,0.083899,0.027114,-1.05058,0.03334,0.050737,-0.01136,-0.035243,0.056027,0.997806,-0.7761,-0.630558,0.007994,0.629623,-0.774117,0.065706,8.5e-05,-0.00047,-0.000307,-0.03268,0.071998,0.048071,-0.759426,0.064623,0.034585,-0.063738,0.269456,0.260548,-0.927096,-0.77743,0.626997,-0.049747,0.568326,0.734157,0.371506,-0.000268,-0.000629,-0.000516,1.643953,0.406523,-0.356477,-0.034637
133,0.054839,0.020417,0.353974,0.28033,0.166164,-0.945436,-0.702681,0.706481,-0.08424,0.653584,0.687756,0.315986,-2.7e-05,-6.3e-05,-5.2e-05,0.032993,0.163454,0.09491,0.062077,-0.122708,0.064641,0.338935,0.037377,-0.086576,0.99554,0.779748,0.625532,0.025239,-0.624968,0.7754,0.089624,0.000394,-0.002242,-0.001462,-0.198376,0.549224,0.41271,-0.724085,0.033391,0.050737,-0.011409,-0.023831,0.052852,0.998317,-0.774298,-0.632643,0.01501,0.632372,-0.772638,0.055999,-0.000656,0.004379,-0.004572,-0.000379,0.045375,0.05841,-0.600217,0.064641,0.034587,-0.063761,0.273069,0.262849,-0.925387,-0.78476,0.617241,-0.056249,0.556403,0.741567,0.374823,-7e-06,-2e-05,-1.5e-05,0.041946,0.2202,0.125503,-0.080358
134,0.054839,0.020484,0.353924,0.278896,0.166913,-0.945729,-0.711119,0.697694,-0.086628,0.64502,0.696486,0.314457,-0.0,-0.0,-0.0,0.859718,-1.447088,2.19036,0.041263,-0.122597,0.064753,0.338796,0.023085,-0.084937,0.996115,0.777626,0.627665,0.035614,-0.628275,0.773853,0.079274,0.000157,-0.000893,-0.000583,-0.064311,0.178712,0.134404,-0.604733,0.033447,0.050789,-0.011481,-0.006921,0.050714,0.998688,-0.771531,-0.635621,0.026931,0.636153,-0.770333,0.043527,0.00511,0.006298,-0.003865,-0.052156,0.269399,0.017305,-0.52739,0.064641,0.034621,-0.063786,0.270664,0.266094,-0.925166,-0.792115,0.607707,-0.056952,0.547077,0.748254,0.375262,3e-06,5e-06,7e-06,0.001912,-0.00257,-0.003341,-0.117915
135,0.054834,0.020519,0.3539,0.278877,0.166862,-0.945743,-0.711178,0.697628,-0.086679,0.644964,0.696564,0.314399,-0.0,-0.0,-0.0,0.0,1e-06,0.0,0.033313,-0.122517,0.064832,0.338739,0.017039,-0.0856,0.99618,0.776726,0.62846,0.040832,-0.62957,0.773135,0.075931,0.011941,0.001507,-0.000107,-0.104725,0.346907,0.062137,-0.602173,0.033487,0.050828,-0.01151,-0.0016,0.051652,0.998663,-0.77059,-0.636542,0.031688,0.637328,-0.769509,0.040821,0.005965,0.000803,-2.4e-05,-0.107889,0.384951,0.081724,-0.56462,0.064638,0.034639,-0.063798,0.271644,0.263431,-0.925641,-0.792019,0.607587,-0.059516,0.546729,0.749294,0.37369,4e-06,3e-06,4e-06,-0.001511,0.000369,-0.00114,-0.130325
136,0.054835,0.020602,0.353773,0.278361,0.166066,-0.946035,-0.715564,0.692835,-0.088984,0.640321,0.70152,0.312867,0.00102,0.009508,-0.009567,0.033437,-0.021221,0.014266,0.019102,-0.122366,0.064975,0.338661,0.015983,-0.091995,0.995627,0.772986,0.632688,0.046167,-0.634182,0.768948,0.079959,-2.2e-05,0.000124,8.1e-05,-1.8e-05,1.2e-05,7.7e-05,-0.521957,0.033562,0.0509,-0.011549,-0.000431,0.058032,0.998314,-0.766552,-0.641118,0.036938,0.642181,-0.765244,0.04476,-1.5e-05,0.000115,7.5e-05,0.002334,0.001223,-0.008954,-0.617853,0.064639,0.034678,-0.063857,0.271239,0.26261,-0.925993,-0.795707,0.602476,-0.062215,0.541551,0.753696,0.372376,-0.00035,-0.000817,-0.00067,-0.001493,0.00091,-0.001428,-0.150736
137,0.054845,0.02062,0.353555,0.278192,0.166151,-0.94607,-0.715904,0.692489,-0.088951,0.640015,0.701842,0.312771,-7.4e-05,0.006962,-0.011663,0.033219,-0.006685,-0.010619,0.004502,-0.122349,0.06515,0.338603,0.015686,-0.095197,0.99533,0.769475,0.636751,0.04889,-0.638445,0.7652,0.081976,-0.000115,0.000648,0.000422,-0.0,0.0,0.0,-0.387013,0.033571,0.050988,-0.011577,-0.000216,0.061198,0.998125,-0.762993,-0.645204,0.039394,0.646406,-0.761554,0.046833,-6.8e-05,0.000407,0.000266,0.00157,0.001005,-0.001295,-0.620792,0.064646,0.03469,-0.063963,0.271069,0.262665,-0.926027,-0.795981,0.602115,-0.062213,0.541234,0.753965,0.372291,0.005827,-0.003429,-0.002438,0.00048,-0.014735,0.02972,-0.169188
138,0.054845,0.020612,0.353316,0.277665,0.165392,-0.946358,-0.720317,0.687599,-0.091231,0.635278,0.706812,0.311235,-0.000111,0.006879,-0.011735,0.035201,-0.022181,0.015478,-0.020135,-0.1224,0.065243,0.338578,0.013175,-0.095576,0.99533,0.765405,0.641427,0.051576,-0.643372,0.761236,0.080341,-0.000111,0.000625,0.000408,-0.006323,0.017621,0.013284,-0.203246,0.033545,0.051035,-0.01159,0.00261,0.061515,0.998102,-0.758843,-0.649914,0.04204,0.651267,-0.757513,0.044984,-5.3e-05,0.000313,0.000207,-0.003056,-0.009269,-0.006524,-0.470075,0.064645,0.034684,-0.064084,0.270665,0.261826,-0.926383,-0.799706,0.596867,-0.064959,0.53592,0.758417,0.370935,0.005501,-0.004193,-0.003068,0.003496,0.000127,0.002749,-0.190743
139,0.054833,0.020623,0.353169,0.277561,0.165412,-0.946385,-0.720533,0.687372,-0.091237,0.635079,0.707028,0.311151,-0.00178,-0.004139,-0.003417,-0.000209,0.014561,-0.02487,-0.034494,-0.122425,0.065281,0.338571,0.010842,-0.09535,0.99538,0.761169,0.646273,0.053733,-0.648418,0.757155,0.07832,-9.8e-05,0.000555,0.000362,-0.171827,0.056895,0.03726,-0.122072,0.033533,0.051054,-0.011593,0.004932,0.061318,0.998105,-0.75467,-0.65463,0.043946,0.656085,-0.753457,0.043046,-5.6e-05,0.000326,0.000214,-0.525781,0.029605,0.002796,-0.392022,0.064638,0.034692,-0.064162,0.270535,0.261869,-0.926409,-0.799898,0.59661,-0.064946,0.535698,0.758604,0.370873,-0.000876,-0.002047,-0.001691,-0.000982,0.014994,-0.025558,-0.202336
140,0.054804,0.020642,0.352911,0.280074,0.166099,-0.945524,-0.720795,0.686875,-0.0929,0.633675,0.707349,0.313276,-0.001555,-0.003616,-0.00299,0.000346,0.001705,0.000996,-0.063007,-0.122432,0.065384,0.338527,-0.002135,-0.095725,0.995401,0.747074,0.661473,0.06533,-0.664674,0.743863,0.068838,-0.001694,0.010867,-0.007753,-0.24793,0.360344,0.29425,0.083912,0.033529,0.051105,-0.011611,0.017042,0.061989,0.99793,-0.740507,-0.669854,0.054256,0.671832,-0.7399,0.034487,8.2e-05,-0.000452,-0.00029,-0.673211,0.517848,0.342155,-0.206034,0.064624,0.034699,-0.064287,0.273078,0.262867,-0.92538,-0.800035,0.59623,-0.066722,0.534201,0.758557,0.37312,-0.000757,-0.00177,-0.001463,-0.002413,-0.012906,-0.007646,-0.222584
141,0.05483,0.02061,0.352614,0.283315,0.164019,-0.944921,-0.720965,0.686111,-0.097127,0.632035,0.708576,0.313814,-0.000705,0.005503,-0.012883,0.095865,0.302483,0.170253,-0.092454,-0.122419,0.06542,0.33846,-0.027779,-0.103336,0.994254,0.729829,0.677507,0.090923,-0.682966,0.728257,0.055335,0.000165,-0.000929,-0.000606,-0.220413,0.644681,0.331697,0.304588,0.033536,0.051125,-0.011648,0.042609,0.070087,0.99663,-0.722718,-0.68659,0.079182,0.689827,-0.723657,0.021399,0.000112,-0.000605,-0.000387,-0.2536,0.630094,0.801983,0.065029,0.064638,0.034684,-0.064434,0.275147,0.260589,-0.925411,-0.800102,0.595749,-0.07013,0.533038,0.75972,0.372417,-0.001042,-0.002435,-0.002018,0.101595,0.529037,0.311596,-0.247241
142,0.054839,0.020593,0.352446,0.282959,0.163001,-0.945204,-0.725152,0.681321,-0.099645,0.627389,0.713417,0.312163,-0.002181,-0.00507,-0.004204,0.000925,0.004519,0.002642,-0.107068,-0.122406,0.065344,0.338432,-0.045027,-0.103094,0.993647,0.725919,0.679891,0.103551,-0.686182,0.726065,0.042963,0.000608,-0.003432,-0.00224,-0.219547,0.691851,0.274279,0.396525,0.033541,0.051092,-0.011659,0.060601,0.069941,0.995708,-0.718481,-0.689414,0.092154,0.6929,-0.720983,0.008472,0.000383,-0.002135,-0.001388,-0.266695,0.862942,0.353039,0.206928,0.064642,0.034678,-0.064523,0.276374,0.260151,-0.925169,-0.803559,0.59061,-0.07397,0.527171,0.763872,0.372276,-0.000513,0.002369,-0.00676,0.029677,-0.021167,-0.021912,-0.259814
143,0.054831,0.020611,0.352058,0.280712,0.166482,-0.945267,-0.733738,0.672073,-0.099584,0.618357,0.721334,0.31199,-0.002601,-0.006044,-0.005024,5.223854,0.564971,-1.74906,-0.143276,-0.122379,0.064989,0.338203,-0.07196,-0.092525,0.993102,0.71928,0.684911,0.116046,-0.690824,0.722751,0.016005,0.002215,-0.0125,-0.008186,-0.130317,0.530068,-0.133023,0.50416,0.033553,0.050926,-0.011766,0.088726,0.059568,0.994272,-0.711182,-0.695105,0.105108,0.697386,-0.716435,-0.01931,0.00122,-0.006858,-0.004489,-0.124669,0.400911,-0.020841,0.414144,0.064639,0.034689,-0.064715,0.274692,0.261717,-0.925228,-0.807512,0.585162,-0.07422,0.521984,0.767521,0.372079,-0.000406,0.002615,-0.00656,0.03258,-0.007166,-0.011038,-0.284961
144,0.054775,0.020662,0.351655,0.277349,0.171656,-0.945334,-0.746189,0.658242,-0.099454,0.604839,0.732776,0.311828,-0.00068,0.005566,-0.012847,0.075731,-0.016834,0.000268,-0.186319,-0.122766,0.063962,0.337557,-0.072871,-0.0669,0.995091,0.718207,0.688701,0.099011,-0.691842,0.721946,-0.0034,-0.018149,-0.036175,-0.02168,0.096999,-0.143891,-0.794569,0.521739,0.033364,0.050438,-0.012073,0.091878,0.033586,0.995203,-0.709631,-0.698916,0.089101,0.698556,-0.714414,-0.040381,-0.008859,-0.019254,-0.0116,-0.041253,0.295065,-0.493887,0.497748,0.064609,0.034708,-0.064916,0.269501,0.267991,-0.924959,-0.821531,0.565124,-0.075631,0.502448,0.780266,0.372465,-0.001326,-0.003094,-0.002576,0.141165,0.029814,-0.072085,-0.31419
145,0.054703,0.020814,0.351307,0.272604,0.178928,-0.945366,-0.762349,0.639552,-0.098838,0.586583,0.747427,0.311927,-0.001319,-0.003061,-0.002554,1.567205,0.178527,-0.541976,-0.227715,-0.123486,0.062136,0.336325,-0.028451,-0.039939,0.998793,0.709137,0.703358,0.048441,-0.704397,0.709674,0.007045,-0.015315,-0.054058,-0.034027,0.18586,-1.076256,-1.307665,0.52142,0.033002,0.049533,-0.012684,0.047719,0.006057,0.998841,-0.700947,-0.712209,0.037806,0.711613,-0.70194,-0.02974,-0.002347,-0.021399,-0.021296,-0.219134,-0.806053,-1.257074,0.511302,0.064577,0.03478,-0.065093,0.265118,0.273119,-0.924725,-0.832036,0.549452,-0.076263,0.487264,0.789624,0.372915,0.000311,0.00428,-0.005174,0.030902,0.079732,-0.157081,-0.346685
146,0.054694,0.0209,0.351181,0.271357,0.180677,-0.945392,-0.766402,0.634706,-0.098736,0.581865,0.751126,0.31188,0.000534,0.008383,-0.010498,0.033233,-0.006649,-0.010599,-0.24474,-0.123728,0.061079,0.335549,0.011729,-0.032624,0.999395,0.698113,0.715779,0.015287,-0.715848,0.697517,0.029904,-0.004265,-0.046175,-0.045302,0.443296,-1.571548,-1.651108,0.521826,0.032878,0.048997,-0.01307,0.008207,-0.001652,0.999964,-0.69001,-0.723785,0.004468,0.723752,-0.690023,-0.00708,-0.007114,-0.030501,-0.019496,0.233163,-1.16589,-1.653098,0.514894,0.064568,0.034824,-0.065155,0.262389,0.276194,-0.92459,-0.838661,0.539191,-0.076936,0.477282,0.795606,0.373111,-0.000238,-0.000561,-0.000466,-0.001561,-0.000138,-0.000202,-0.361544
147,0.05473,0.021065,0.350992,0.267953,0.185329,-0.945463,-0.777921,0.620508,-0.098894,0.568003,0.761772,0.311615,-0.00043,-0.000997,-0.000833,0.001143,0.00012,-0.000377,-0.274953,-0.124036,0.058796,0.334074,0.108863,-0.014267,0.99395,0.653314,0.754613,-0.060607,-0.749308,0.655943,0.09021,-0.002952,-0.056201,-0.037701,-5.092778,-1.374738,-2.769566,0.531992,0.032726,0.047839,-0.013824,-0.089104,-0.019576,0.995829,-0.650806,-0.755717,-0.073088,0.753996,-0.654605,0.054597,-0.00662,-0.034863,-0.015247,0.236003,-1.48395,-2.146535,0.519629,0.064586,0.034911,-0.065253,0.258408,0.280384,-0.92445,-0.848309,0.52368,-0.078293,0.462164,0.804451,0.373176,0.000551,0.004843,-0.004705,0.035499,-0.021047,0.012491,-0.387508
148,0.054741,0.021206,0.350886,0.264304,0.190443,-0.945473,-0.789181,0.606175,-0.098569,0.554019,0.771973,0.311686,5.6e-05,0.000129,0.000108,3.1e-05,3e-06,-1e-05,-0.302989,-0.124298,0.056381,0.33274,0.18672,0.003886,0.982401,0.615525,0.778892,-0.119953,-0.765874,0.627051,0.141796,-0.015543,-0.05697,-0.037765,0.086788,-0.775182,-2.035917,0.533638,0.032601,0.046627,-0.014495,-0.169457,-0.037946,0.984806,-0.610173,-0.780667,-0.135074,0.773932,-0.623792,0.109136,-0.006913,-0.034016,-0.015012,-0.131535,-0.683134,-1.410134,0.521262,0.064591,0.034981,-0.065306,0.254132,0.285001,-0.924224,-0.857677,0.508057,-0.079165,0.446997,0.812805,0.373552,5.5e-05,0.000121,0.000102,-0.002756,0.101292,-0.171458,-0.408409
149,0.054766,0.021241,0.350851,0.257205,0.195413,-0.946417,-0.803465,0.587349,-0.097137,0.536572,0.785162,0.309255,-0.000543,-0.001261,-0.001053,-0.023887,-0.116239,-0.068725,-0.342234,-0.124927,0.05414,0.331489,0.220681,0.011659,0.975272,0.596363,0.789604,-0.144264,-0.772026,0.613404,0.16606,-0.016998,-0.050089,-0.033482,-0.141168,0.379799,-1.143576,0.523943,0.032282,0.045476,-0.015141,-0.206113,-0.046293,0.977432,-0.591686,-0.789688,-0.162172,0.779374,-0.611759,0.135374,-0.008527,-0.024797,-0.016537,-0.131915,0.509699,-1.067239,0.522405,0.064606,0.035002,-0.06532,0.246389,0.289078,-0.925054,-0.869517,0.487501,-0.079253,0.428055,0.823878,0.371473,-0.00031,-0.000721,-0.000603,-0.026371,-0.118279,-0.070027,-0.435352
150,0.054768,0.021219,0.350833,0.253677,0.199988,-0.946413,-0.81378,0.572978,-0.097106,0.522535,0.794565,0.309276,-0.000397,-0.000921,-0.000769,1.568773,0.159299,-0.513774,-0.361475,-0.125238,0.053208,0.330851,0.221356,0.010302,0.975134,0.590431,0.794403,-0.142303,-0.776381,0.607202,0.168526,-0.005166,-0.046036,-0.032064,-0.149897,0.526104,-0.758056,0.518032,0.032129,0.045027,-0.015447,-0.205759,-0.044223,0.977602,-0.586149,-0.794386,-0.159304,0.783639,-0.6058,0.137531,-0.008792,-0.023512,-0.015743,-0.289945,0.206001,-0.230547,0.520119,0.064606,0.03499,-0.065331,0.242381,0.293015,-0.924874,-0.877688,0.472449,-0.080335,0.413417,0.831223,0.371688,-0.00021,-0.000492,-0.00041,1.58971,0.176293,-0.500802,-0.449558
151,0.054739,0.021215,0.350737,0.240119,0.207911,-0.948241,-0.837156,0.538817,-0.093905,0.491102,0.816122,0.304615,-0.00035,-0.000812,-0.000679,1.540065,-0.005701,-0.600934,-0.416674,-0.125667,0.05165,0.329512,0.218944,-0.000327,0.975733,0.583335,0.801636,-0.130508,-0.782403,0.59772,0.174466,-0.005609,-0.044257,-0.031247,-0.650976,-1.254034,1.757976,0.502239,0.031914,0.044252,-0.016114,-0.202524,-0.036864,0.978582,-0.578798,-0.801559,-0.149982,0.789921,-0.596777,0.140998,-0.003591,-0.016648,-0.019483,-0.013315,0.329472,-0.452723,0.508526,0.064591,0.034986,-0.06538,0.228506,0.299223,-0.926417,-0.896109,0.436558,-0.080026,0.38049,0.848458,0.367893,-0.000139,-0.000414,-0.000331,5.197371,0.285807,-1.81663,-0.483849
152,0.054718,0.02124,0.350639,0.22527,0.212172,-0.950937,-0.856161,0.508901,-0.089328,0.464695,0.834022,0.297478,0.000792,0.00898,-0.009995,-0.076837,-0.560249,-0.339635,-0.49526,-0.125961,0.050445,0.327765,0.218986,-0.001709,0.975722,0.56245,0.817335,-0.124684,-0.797541,0.576068,0.178707,-0.008213,-0.026997,-0.05076,0.045819,0.083104,-0.108299,0.477182,0.031766,0.043654,-0.016972,-0.202899,-0.033045,0.978641,-0.557357,-0.817834,-0.14317,0.805098,-0.574503,0.14752,-0.004027,-0.013836,-0.025602,0.013804,0.11017,-0.147557,0.478154,0.064581,0.035001,-0.065427,0.214228,0.303153,-0.928549,-0.911945,0.402644,-0.078942,0.349943,0.863698,0.362717,0.000409,0.004521,-0.004973,-0.074453,-0.523175,-0.318041,-0.535612
153,0.05472,0.021303,0.350548,0.213964,0.219628,-0.951855,-0.876693,0.472902,-0.088008,0.430534,0.853049,0.294916,0.012564,-0.004786,-0.003183,5.377827,0.341568,-1.730532,-0.554802,-0.126149,0.049981,0.326678,0.219097,0.000149,0.975699,0.533734,0.837075,-0.119863,-0.817012,0.546993,0.182082,-0.007861,-0.029608,-0.05304,-1.562709,0.280727,-0.408453,0.4667,0.031671,0.043425,-0.017514,-0.202998,-0.034549,0.978568,-0.529784,-0.836591,-0.139436,0.82348,-0.546736,0.151523,-0.004656,-0.009437,-0.030717,-5.313578,0.778052,-1.135399,0.464437,0.064577,0.035032,-0.065473,0.201806,0.306868,-0.93011,-0.92572,0.369905,-0.078812,0.319868,0.876927,0.358724,0.000515,0.004766,-0.004768,0.487362,-0.137165,-0.233189,-0.568107
154,0.054851,0.021432,0.350283,0.177151,0.226091,-0.957886,-0.918227,0.388211,-0.078242,0.353947,0.893143,0.277567,0.012086,-0.00589,-0.00411,0.393847,-0.511124,-0.196143,-0.695231,-0.126907,0.049503,0.323918,0.218163,-0.011754,0.975837,0.48688,0.867884,-0.098278,-0.846017,0.49654,0.193823,-0.024925,-0.001174,-0.079011,-0.360275,-0.029294,0.226936,0.431353,0.031312,0.043177,-0.018854,-0.202091,-0.02343,0.979086,-0.482073,-0.867836,-0.120271,0.852504,-0.496297,0.164086,-0.011512,-0.006694,-0.036477,-5.882704,-0.789569,1.078543,0.424431,0.064644,0.035096,-0.065599,0.163837,0.31052,-0.93634,-0.958118,0.276077,-0.076091,0.234874,0.909592,0.342747,0.006244,-0.002585,-0.001731,5.193461,-0.282183,-1.933833,-0.664612
155,0.055316,0.02134,0.349986,0.142117,0.2128,-0.966728,-0.941787,0.329635,-0.065945,0.304452,0.919566,0.248463,0.011568,-0.007108,-0.005137,0.033515,-0.684766,-0.180388,-0.773722,-0.128368,0.049708,0.320667,0.209332,-0.048154,0.976654,0.437468,0.897841,-0.04938,-0.874747,0.437622,0.20777,-0.039234,0.007705,-0.087616,-0.104876,0.036008,1.057981,0.382058,0.030573,0.043271,-0.020509,-0.194605,0.012504,0.980801,-0.430004,-0.899801,-0.073848,0.881603,-0.43612,0.180482,-0.026833,0.009268,-0.046949,-0.804692,-0.85956,2.71051,0.374464,0.064877,0.035054,-0.065751,0.12995,0.293339,-0.947135,-0.974759,0.212692,-0.067868,0.18154,0.932048,0.313574,0.005629,-0.003912,-0.00288,0.34619,-0.779891,-0.374357,-0.741358
156,0.055577,0.021248,0.349821,0.129369,0.203439,-0.970526,-0.949187,0.308518,-0.061908,0.286663,0.928973,0.234223,0.011577,-0.007099,-0.005135,-0.118,-0.809803,-0.215266,-0.80996,-0.129387,0.050026,0.318832,0.200707,-0.077413,0.976584,0.412525,0.910825,-0.012464,-0.888765,0.405435,0.213501,-0.053484,0.016769,-0.095726,-5.650416,-1.038615,1.98761,0.324431,0.030069,0.043427,-0.021423,-0.185856,0.040556,0.981739,-0.409452,-0.91146,-0.039862,0.8932,-0.409384,0.186006,-0.026721,0.00864,-0.047575,0.176373,0.654076,1.066363,0.3276,0.065006,0.035007,-0.065834,0.119354,0.283678,-0.951462,-0.979459,0.190508,-0.066066,0.162519,0.939804,0.300589,0.006447,0.00156,-0.007053,-0.069755,-0.830886,-0.24201,-0.754911
157,0.056151,0.021038,0.34959,0.110394,0.189857,-0.975609,-0.963865,0.259821,-0.058557,0.242223,0.946589,0.212894,0.025406,-0.008959,-0.005889,1.563468,-0.349346,-0.310448,-0.873543,-0.131844,0.050992,0.314735,0.177027,-0.13764,0.97453,0.372936,0.925673,0.063113,-0.910984,0.352411,0.213958,-0.079987,0.020602,-0.106972,0.258723,0.521,1.361089,0.177688,0.02885,0.043912,-0.023465,-0.16293,0.102466,0.981302,-0.362964,-0.931069,0.036956,0.917447,-0.350156,0.18889,-0.034379,0.016699,-0.057144,0.222289,0.473127,1.608703,0.162023,0.065296,0.034896,-0.065954,0.101411,0.266708,-0.958426,-0.987868,0.140887,-0.065321,0.117608,0.953423,0.27776,0.012727,-0.004423,-0.002912,1.583606,-0.304107,-0.275685,-0.759647
158,0.056669,0.02067,0.34954,0.100396,0.182698,-0.978053,-0.968148,0.244481,-0.053765,0.229161,0.952076,0.202641,-0.000714,-0.001681,-0.001411,-0.011178,-0.052744,-0.038994,-0.913671,-0.135212,0.052057,0.31013,0.145169,-0.19396,0.970204,0.319358,0.937245,0.139705,-0.936576,0.289781,0.196765,-0.09397,0.02607,-0.118542,0.104187,0.795825,2.047504,0.056721,0.027205,0.044435,-0.025718,-0.133982,0.156696,0.978516,-0.307917,-0.945127,0.109187,0.941931,-0.286673,0.17488,-0.040589,0.013831,-0.0592,-1.484341,0.465161,1.670571,-0.011228,0.065556,0.034714,-0.065978,0.09232,0.258613,-0.961559,-0.990307,0.124486,-0.0616,0.10377,0.957926,0.267599,0.006143,-0.002733,-0.001902,-0.009814,0.007769,-0.008525,-0.764872
159,0.057134,0.020557,0.349459,0.094666,0.18249,-0.978663,-0.973664,0.221701,-0.052897,0.207194,0.957675,0.199891,0.013815,-0.001867,-0.000761,7.4e-05,0.072086,-0.116711,-0.967662,-0.138915,0.053281,0.305429,0.11971,-0.238746,0.963671,0.248974,0.946799,0.203757,-0.961174,0.215815,0.171553,-0.095913,0.038479,-0.125796,-0.223169,0.525978,1.582978,-0.04508,0.02532,0.045045,-0.028115,-0.105888,0.204337,0.973156,-0.236749,-0.955696,0.17491,0.965783,-0.211873,0.149573,-0.047854,0.018988,-0.062982,-1.445372,1.18385,0.998908,-0.163415,0.065781,0.034653,-0.066022,0.087219,0.258133,-0.962163,-0.99287,0.101287,-0.062829,0.081236,0.960784,0.265127,0.007468,0.003984,-0.005032,0.03268,-0.027936,0.048343,-0.764872
160,0.057379,0.020557,0.349433,0.087162,0.184238,-0.979032,-0.977646,0.204493,-0.04861,0.191135,0.96116,0.199162,0.014057,-0.001283,-0.000275,-0.015149,-0.073638,-0.239899,-0.996043,-0.140803,0.054032,0.302965,0.107467,-0.263137,0.95875,0.211739,0.948213,0.236631,-0.971474,0.177885,0.156395,-0.096096,0.038873,-0.125931,-1.483504,0.514553,1.729887,-0.078669,0.024341,0.045434,-0.029396,-0.094975,0.229135,0.968749,-0.199454,-0.957795,0.20699,0.975293,-0.173562,0.136668,-0.047975,0.019263,-0.063001,-1.486074,0.488129,1.714043,-0.214688,0.065904,0.034654,-0.066034,0.079782,0.259252,-0.962508,-0.994705,0.08344,-0.059976,0.064762,0.962198,0.264536,0.000613,0.001463,0.001213,0.003366,-0.246042,-0.123442,-0.764709
161,0.057855,0.020597,0.349492,0.068415,0.178368,-0.981605,-0.985563,0.164712,-0.038815,0.154667,0.969873,0.188284,0.015473,0.002114,0.002563,1.595182,-0.157457,-0.372198,-1.023031,-0.14462,0.055558,0.297991,0.095037,-0.298882,0.949541,0.092368,0.95233,0.290636,-0.991233,0.060446,0.116903,-0.096375,0.038727,-0.127099,-5.826941,-0.592264,1.042162,-0.158978,0.022468,0.046183,-0.031836,-0.081998,0.264705,0.960836,-0.08471,-0.962445,0.257919,0.993025,-0.060243,0.101342,-0.048077,0.018875,-0.063843,-2.054953,0.540522,1.1868,-0.289802,0.066141,0.034671,-0.066008,0.061565,0.250468,-0.966164,-0.997665,0.044088,-0.052143,0.029536,0.96712,0.252597,0.007765,0.000895,0.001261,5.390397,-0.005486,-1.0893,-0.770424
162,0.05825,0.020841,0.349698,0.049441,0.161287,-0.985691,-0.990935,0.131224,-0.028286,0.124717,0.977959,0.16754,0.00427,0.010192,0.008512,0.377644,-0.673776,-0.425163,-1.045472,-0.14832,0.057158,0.293039,0.105353,-0.317561,0.942363,-0.117346,0.93698,0.328987,-0.987548,-0.144852,0.060248,-0.0969,0.041345,-0.125861,-2.084298,0.768523,1.068281,-0.256063,0.020583,0.046994,-0.034364,-0.092491,0.284919,0.954078,0.131412,-0.946311,0.295339,0.987003,0.152693,0.050084,-0.048412,0.020657,-0.062761,-2.126214,0.855322,1.168431,-0.38451,0.066342,0.034787,-0.065909,0.045926,0.233435,-0.971286,-0.998941,0.008259,-0.045249,-0.002541,0.972336,0.233567,0.001959,0.00468,0.003895,1.523508,-0.684303,-0.670134,-0.780058
163,0.058438,0.021044,0.349833,0.040434,0.152255,-0.987537,-0.99315,0.114418,-0.023077,0.109421,0.981521,0.157068,0.017363,0.006722,0.006373,1.564286,-0.534656,-0.297812,-1.055791,-0.150217,0.057969,0.290613,0.091754,-0.335304,0.937627,-0.184568,0.919488,0.347002,-0.978569,-0.20448,0.021286,-0.097167,0.042966,-0.124941,-0.528054,1.591452,1.226497,-0.288537,0.019671,0.047382,-0.03553,-0.080375,0.301735,0.949997,0.198982,-0.92904,0.311913,0.976701,0.214103,0.014632,-0.054913,0.020456,-0.062529,-1.728844,1.414749,1.58778,-0.42517,0.06643,0.034886,-0.065838,0.038143,0.222379,-0.974213,-0.999195,-0.00361,-0.039946,-0.0124,0.974952,0.222063,0.002344,0.00562,0.00467,-0.115737,-0.714729,-0.359986,-0.780221
164,0.05877,0.021429,0.350214,0.019121,0.128493,-0.991549,-0.997495,0.069782,-0.010246,0.067845,0.989106,0.13074,0.016855,-0.001578,0.016871,0.026029,-0.544163,-0.29891,-1.068483,-0.154073,0.059681,0.285446,0.062466,-0.391355,0.918112,-0.251246,0.884043,0.394052,-0.965909,-0.254799,-0.044272,-0.09822,0.047946,-0.139174,-0.680384,-0.82806,3.138259,-0.42353,0.017705,0.048267,-0.038147,-0.049475,0.360688,0.931372,0.266213,-0.894018,0.360363,0.962643,0.265772,-0.051789,-0.04907,0.023565,-0.069815,-0.681534,-0.834166,3.13378,-0.523797,0.066599,0.035089,-0.065651,0.019052,0.195982,-0.980421,-0.998023,-0.054992,-0.030387,-0.059871,0.979063,0.194547,0.002898,0.00697,0.005765,0.387383,-0.781669,-0.235118,-0.782181
165,0.059093,0.021858,0.350718,0.001067,0.099379,-0.995071,-0.999478,0.031776,0.002049,0.031814,0.994431,0.1006,0.005775,0.013887,0.011451,-0.139477,-0.996315,-0.327072,-1.092502,-0.157767,0.062095,0.279534,0.063182,-0.469998,0.880398,-0.246516,0.847393,0.470201,-0.967082,-0.246152,-0.063443,-0.100589,0.067675,-0.157346,0.465467,0.990434,2.022617,-0.455823,0.015895,0.04945,-0.041041,-0.053805,0.437916,0.897404,0.262296,-0.860948,0.435853,0.963486,0.258837,-0.06854,-0.043813,0.034183,-0.078836,1.285697,-0.487954,3.386044,-0.614914,0.066766,0.035301,-0.065394,0.005663,0.167173,-0.985911,-0.995346,-0.093901,-0.021639,-0.096195,0.981445,0.165863,0.003104,0.007499,0.00617,-0.06854,-0.4112,-0.178363,-0.783161
166,0.059348,0.02223,0.351235,-0.014774,0.072825,-0.997258,-0.999877,-0.000302,0.014737,0.000783,0.997267,0.074062,0.003409,0.001065,0.018203,-0.163122,-0.957063,-0.330199,-1.111773,-0.161298,0.064189,0.273259,0.087791,-0.571269,0.816049,-0.187314,0.795039,0.576853,-0.978406,-0.202785,-0.038252,-0.072583,0.036949,-0.156712,1.815736,-0.404923,4.133709,-0.450755,0.01415,0.050499,-0.044114,-0.079509,0.537824,0.839299,0.207061,-0.814689,0.54167,0.975091,0.216853,-0.046588,-0.042431,0.01756,-0.078525,5.900433,2.576738,3.920327,-0.627487,0.066896,0.035497,-0.065134,-0.006791,0.138966,-0.990273,-0.991899,-0.126554,-0.010957,-0.126846,0.982177,0.1387,0.002536,0.006149,0.005031,-0.05776,-0.377391,-0.154304,-0.782671
167,0.05949,0.022337,0.351456,-0.025365,0.061121,-0.997831,-0.999557,-0.016287,0.024358,-0.014739,0.997934,0.062749,0.017207,0.006621,0.006128,-0.116871,-0.370436,-0.880417,-1.146186,-0.162707,0.064744,0.270313,0.072179,-0.624133,0.777972,-0.129293,0.767474,0.627854,-0.988995,-0.145124,-0.026296,-0.072785,0.034446,-0.16072,0.591209,1.046893,2.583501,-0.444169,0.013388,0.050803,-0.045706,-0.065682,0.596745,0.799737,0.146021,-0.787092,0.599301,0.987098,0.156142,-0.03544,-0.03631,0.016701,-0.080737,0.599827,1.04869,2.543034,-0.62618,0.066963,0.03555,-0.065018,-0.01557,0.124559,-0.992089,-0.989747,-0.142807,-0.002396,-0.141976,0.981881,0.125506,0.00134,-0.000297,0.008398,-0.227066,0.43658,-2.714387,-0.783161
168,0.059823,0.022292,0.351784,-0.045466,0.036402,-0.998325,-0.997582,-0.054018,0.04341,-0.052298,0.997843,0.040013,0.014597,0.000354,0.000988,0.419009,-0.785736,-0.058699,-1.310483,-0.164164,0.06548,0.264109,0.038165,-0.727451,0.685091,0.01181,0.685767,0.727679,-0.999181,-0.018772,0.033882,-0.01942,0.015101,-0.152739,1.870133,-0.371463,2.894932,-0.368593,0.012669,0.051146,-0.048706,-0.031987,0.701187,0.712258,0.011762,-0.712309,0.701766,0.999418,0.030825,0.014537,-0.00317,0.007163,-0.077308,0.441989,-0.808984,2.495468,-0.597768,0.067132,0.035534,-0.064848,-0.033516,0.097694,-0.994651,-0.983416,-0.180707,0.015389,-0.178238,0.978672,0.10213,0.006556,-0.005189,0.004751,1.534621,-0.806037,-0.515727,-0.783814
169,0.060333,0.021709,0.351986,-0.096592,0.016612,-0.995208,-0.993838,-0.056073,0.09547,-0.054106,0.99828,0.023165,0.023164,-0.021124,0.001443,1.510385,-1.185605,-0.545051,-1.376466,-0.16385,0.065087,0.258811,0.051383,-0.800043,0.597731,0.080905,0.59978,0.796022,-0.995394,0.00846,0.094772,0.024754,-0.036955,-0.121914,0.165741,-1.56227,2.364463,-0.259197,0.012803,0.050977,-0.051391,-0.045055,0.776879,0.628035,-0.063636,-0.629629,0.774284,0.996955,-0.005081,0.077805,0.012391,-0.018253,-0.06058,0.425598,-1.114714,2.466555,-0.494078,0.067381,0.03526,-0.064747,-0.080641,0.073793,-0.994007,-0.98133,-0.180571,0.066207,-0.174603,0.980789,0.086977,0.011539,-0.01064,0.000646,-0.09844,0.331424,-3.774987,-0.788713
170,0.06069,0.02124,0.352119,-0.135911,0.004192,-0.990735,-0.989289,-0.054208,0.13543,-0.052976,0.998528,0.012749,0.022241,-0.030608,0.011002,-0.202675,-1.316934,-0.839337,-1.412718,-0.163344,0.063954,0.256669,0.063199,-0.816466,0.573917,0.083119,0.577265,0.812275,-0.994546,-0.002608,0.103602,0.041384,-0.075132,-0.109768,-0.009761,-1.656963,1.921283,-0.247591,0.013054,0.050417,-0.052504,-0.05761,0.795613,0.603058,-0.065603,-0.605772,0.792927,0.99618,0.006118,0.087093,0.014153,-0.037798,-0.054382,-0.40349,-1.16644,1.262075,-0.457338,0.067561,0.035015,-0.064689,-0.118797,0.055591,-0.99136,-0.976627,-0.186658,0.106564,-0.179122,0.98085,0.076466,0.011742,-0.010225,0.000977,-0.16545,-1.261064,-1.56437,-0.795571
171,0.061345,0.0203,0.352533,-0.210696,-0.045325,-0.976524,-0.975972,-0.046994,0.212704,-0.055276,0.997935,-0.033117,0.011817,-0.013668,0.006841,-0.265911,-1.945574,-1.386047,-1.611459,-0.161478,0.06043,0.252839,0.070675,-0.818848,0.569635,0.068247,0.573584,0.816258,-0.995184,-0.017786,0.095683,0.058565,-0.102255,-0.086885,-0.105367,-1.258636,0.390949,-0.239681,0.013982,0.048654,-0.054441,-0.064783,0.799033,0.597786,-0.050527,-0.600903,0.797722,0.996619,0.021475,0.079301,0.035965,-0.05073,-0.043763,-0.921428,-0.279581,-1.50603,-0.432191,0.067889,0.034532,-0.064485,-0.186126,-0.002444,-0.982522,-0.965837,-0.183067,0.18342,-0.180316,0.983096,0.031713,0.005236,-0.012105,0.007765,-0.250021,-1.580226,-1.232787,-0.840802
172,0.061415,0.019778,0.352957,-0.248749,-0.093333,-0.964084,-0.966852,-0.035323,0.252827,-0.05735,0.995137,-0.080252,-0.001432,-0.010702,0.008585,-0.180633,-0.867068,-0.993571,-1.89972,-0.15867,0.055724,0.250064,0.051351,-0.818881,0.571653,0.076051,0.573842,0.815386,-0.995778,0.00263,0.091003,0.076524,-0.127468,-0.060629,-0.015059,-0.517962,0.297056,-0.109969,0.015356,0.046361,-0.055822,-0.046801,0.79852,0.600145,-0.058719,-0.601963,0.796361,0.997176,0.002031,0.075061,0.038212,-0.063062,-0.029486,0.069104,-0.611401,0.201195,-0.361323,0.067931,0.034273,-0.064271,-0.21858,-0.058682,-0.974052,-0.958774,-0.172835,0.225564,-0.181587,0.983201,-0.018484,-0.000731,-0.005371,0.004273,-0.174804,-0.900151,-1.01919,-0.850273
173,0.06133,0.019569,0.353109,-0.266091,-0.106979,-0.958017,-0.961053,-0.04755,0.272189,-0.074348,0.993269,-0.088966,-0.001496,-0.010859,0.00846,-0.043599,0.149851,-0.398741,-1.910481,-0.155566,0.05016,0.248423,0.050545,-0.817168,0.574172,0.061357,0.576251,0.814926,-0.996832,-0.004937,0.078521,0.094916,-0.148732,-0.027994,-0.29277,0.027058,0.031937,-0.03567,0.016896,0.043581,-0.056676,-0.047275,0.796977,0.602156,-0.044255,-0.60391,0.795823,0.9979,0.010974,0.06382,0.047418,-0.074367,-0.014019,-0.416022,0.123465,-0.152787,-0.257634,0.067888,0.034167,-0.064196,-0.2347,-0.076109,-0.969083,-0.951612,-0.185452,0.245033,-0.198368,0.979701,-0.028901,-0.006544,0.001733,0.001065,0.017443,0.139089,-0.177443,-0.854029
174,0.061276,0.019456,0.353223,-0.272877,-0.10648,-0.956162,-0.959229,-0.045965,0.278815,-0.073306,0.993397,-0.088404,0.000144,0.000354,0.000289,-0.011686,0.147655,-0.37433,-1.910427,-0.153622,0.047224,0.2481,0.044684,-0.811105,0.583185,0.047797,0.584725,0.809782,-0.997846,-0.007293,0.064141,0.110585,-0.151441,-0.01269,-1.64888,1.145344,-2.08567,-0.011951,0.017851,0.042117,-0.056854,-0.042365,0.791964,0.609096,-0.032135,-0.610408,0.791435,0.998585,0.013956,0.05131,0.055176,-0.074712,-0.005081,-0.347751,0.013794,0.035363,-0.225629,0.06786,0.03411,-0.06414,-0.241117,-0.075929,-0.96752,-0.950232,-0.184185,0.251263,-0.197281,0.979953,-0.02774,-0.00063,-0.005118,0.004481,-0.043264,0.192081,-0.374474,-0.863173
175,0.061235,0.019141,0.353615,-0.283301,-0.1155,-0.952075,-0.954305,-0.064535,0.291737,-0.094793,0.991366,-0.090753,-0.000382,-0.008121,0.010701,-0.039447,0.127955,-0.408712,-1.910472,-0.148712,0.040875,0.248465,0.006037,-0.803252,0.595601,0.066158,0.594519,0.801314,-0.99773,0.035571,0.05596,0.144214,-0.170934,0.022214,0.25002,-0.055721,-0.278653,0.038338,0.020288,0.038955,-0.056692,-0.002281,0.783584,0.62128,-0.047052,-0.620678,0.782651,0.998889,-0.027447,0.038285,0.065067,-0.085623,0.011718,3.390298,3.821277,-0.189814,-0.167334,0.067839,0.03395,-0.063946,-0.250538,-0.08648,-0.964235,-0.943202,-0.202655,0.263248,-0.218173,0.975423,-0.030796,-4.9e-05,-0.003675,0.005654,-0.000539,0.056907,-0.214083,-0.854682
176,0.061235,0.01882,0.354197,-0.296791,-0.140346,-0.944597,-0.946892,-0.084953,0.310078,-0.123403,0.986638,-0.106501,0.01389,-0.00863,0.010965,-0.151484,-0.561585,-0.509537,-1.910289,-0.143703,0.034159,0.249862,0.01408,-0.782197,0.622864,0.086217,0.621448,0.778654,-0.996127,0.043716,0.075383,0.13369,-0.172868,0.043273,0.33369,-0.83774,-1.306377,0.114305,0.022846,0.035538,-0.055987,-0.007831,0.761885,0.647664,-0.068141,-0.646586,0.759791,0.997644,-0.038182,0.056979,0.067458,-0.092361,0.024894,-0.153134,-0.361358,-1.66456,-0.086668,0.067833,0.033791,-0.063661,-0.260205,-0.110482,-0.959211,-0.933845,-0.2237,0.279089,-0.24541,0.968376,-0.044966,0.000524,-0.002254,0.006808,-0.083154,-0.162093,-0.317942,-0.852722
177,0.061252,0.018748,0.354411,-0.303375,-0.144796,-0.941829,-0.944035,-0.088665,0.317661,-0.129133,0.985674,-0.10862,0.000577,-0.005763,0.012621,-0.060428,-0.142023,-0.075868,-1.90999,-0.141185,0.030759,0.250879,0.026953,-0.760343,0.648956,0.085454,0.648462,0.756392,-0.995944,0.036018,0.081614,0.120264,-0.16749,0.05251,-0.614834,0.150977,-3.510791,0.180699,0.024155,0.033772,-0.055462,-0.021021,0.738922,0.673462,-0.067937,-0.67311,0.736414,0.997467,-0.030273,0.064349,0.060005,-0.083283,0.0269,-0.603264,0.125874,-3.506761,-0.021679,0.067847,0.033754,-0.063548,-0.267411,-0.118984,-0.956207,-0.93028,-0.226754,0.288376,-0.251136,0.966656,-0.050052,0.000888,0.002223,0.001796,-0.013761,0.013418,-0.215733,-0.855498
178,0.061322,0.018685,0.354609,-0.315242,-0.162093,-0.935091,-0.93745,-0.100194,0.333349,-0.147339,0.981891,-0.119203,0.000542,0.001335,0.001084,-0.057388,-0.190942,-0.340339,-1.909889,-0.135863,0.024734,0.253671,0.037807,-0.715652,0.697427,0.070781,0.697988,0.712556,-0.996755,0.023318,0.076145,0.148809,-0.141119,0.082592,-0.371997,-0.103428,-1.065922,0.198284,0.026818,0.030748,-0.054082,-0.033053,0.690686,0.722398,-0.054752,-0.722959,0.688717,0.997952,-0.016788,0.061712,0.074257,-0.069693,0.042403,-0.482731,0.00304,-1.026654,0.069274,0.067885,0.033726,-0.06344,-0.276748,-0.137206,-0.951096,-0.922688,-0.238538,0.302894,-0.268432,0.961391,-0.060583,0.000269,0.000691,0.000549,-0.070101,-0.34995,-0.197358,-0.851579
179,0.061458,0.018565,0.354648,-0.32385,-0.176316,-0.929558,-0.932538,-0.10637,0.345007,-0.159312,0.978802,-0.128815,-0.001728,-0.011446,0.008003,1.472569,-0.617442,-0.068587,-1.909555,-0.130106,0.020884,0.257056,0.085551,-0.700246,0.70875,0.058895,0.713568,0.698059,-0.994633,-0.017103,0.101374,0.141123,-0.068817,0.087875,1.07635,-1.711585,1.618329,0.11887,0.029646,0.028844,-0.052429,-0.078609,0.673606,0.734898,-0.041133,-0.738743,0.67273,0.996056,0.022654,0.085779,0.070421,-0.033739,0.044773,0.185259,-0.371963,-0.897917,0.01996,0.067953,0.03367,-0.063423,-0.283995,-0.152616,-0.946601,-0.917609,-0.243082,0.314488,-0.278098,0.957924,-0.071008,-2.9e-05,-0.000729,-0.000213,5.101241,-1.980036,0.448803,-0.853539
180,0.061631,0.018473,0.354609,-0.333378,-0.188699,-0.923741,-0.928062,-0.106895,0.356716,-0.165647,0.976448,-0.138336,0.013035,-0.003552,-0.002218,-0.070587,-0.251707,-0.336459,-1.909625,-0.124534,0.019264,0.260706,0.137737,-0.717218,0.683095,0.08844,0.695716,0.712806,-0.986621,-0.03687,0.158373,0.133977,-0.015422,0.089541,1.136827,-1.897207,2.002054,0.115623,0.032383,0.028031,-0.050632,-0.13065,0.691104,0.710847,-0.069818,-0.721627,0.688752,0.988966,0.040355,0.142532,0.07489,-0.012109,0.048837,1.148576,-2.105883,2.069171,-0.018086,0.068033,0.033617,-0.063443,-0.291444,-0.166085,-0.942058,-0.912998,-0.245599,0.325752,-0.285472,0.955037,-0.080057,-1.3e-05,-2.2e-05,-2.3e-05,-0.101202,-0.351765,-0.433903,-0.854518
181,0.061713,0.018467,0.354595,-0.34018,-0.197767,-0.919353,-0.925438,-0.103125,0.364558,-0.16649,0.975069,-0.146794,0.000122,0.000301,0.000245,-0.158008,-0.640303,-0.598289,-1.910039,-0.122083,0.018985,0.262545,0.172597,-0.730323,0.660932,0.098575,0.680336,0.726196,-0.980201,-0.059274,0.18856,0.132742,-0.008466,0.097683,0.466611,-1.162223,0.494859,0.117655,0.03366,0.027882,-0.049675,-0.166851,0.706337,0.68793,-0.080678,-0.705151,0.704451,0.982675,0.062038,0.174641,0.067055,-0.0094,0.053204,0.952587,-2.225442,2.042778,-0.020373,0.068078,0.033612,-0.063451,-0.29671,-0.174383,-0.93891,-0.911204,-0.242525,0.332998,-0.285779,0.954343,-0.086938,7.8e-05,0.000202,0.000159,-0.048273,-0.131939,-0.304792,-0.856641
182,0.061847,0.018415,0.354573,-0.349297,-0.213213,-0.912457,-0.920749,-0.102597,0.376387,-0.173439,0.971883,-0.159341,-0.000116,-0.000287,-0.000233,-0.035099,-0.161443,-0.092962,-1.909083,-0.117549,0.018711,0.266741,0.221577,-0.749217,0.624155,0.105083,0.654576,0.748613,-0.969682,-0.099348,0.222958,0.087441,-0.004326,0.109052,0.003953,-0.598751,0.359326,0.119067,0.035943,0.027752,-0.04757,-0.217545,0.725614,0.652807,-0.087386,-0.680619,0.727406,0.97213,0.101197,0.211474,0.050671,-0.000151,0.055689,0.063376,-0.788616,0.51702,-0.019556,0.068145,0.033587,-0.063461,-0.304729,-0.194328,-0.932403,-0.906465,-0.241303,0.346543,-0.292335,0.950793,-0.10262,-7.7e-05,-0.000183,-0.000156,-0.019155,-0.005491,-0.231225,-0.851743
183,0.061998,0.018334,0.354644,-0.352621,-0.227875,-0.907622,-0.918261,-0.102523,0.382436,-0.179769,0.968576,-0.171965,0.000415,0.001028,0.000834,-0.037696,-0.061754,-0.264997,-1.908341,-0.114359,0.019373,0.271043,0.241263,-0.756233,0.60819,0.106996,0.643503,0.757885,-0.964786,-0.116826,0.235376,0.066846,0.027935,0.106614,0.080847,-0.622337,0.42378,0.110098,0.037521,0.028063,-0.045456,-0.236686,0.732937,0.637795,-0.088771,-0.670015,0.73702,0.967522,0.117825,0.223647,0.033235,0.014737,0.054254,0.223211,-0.849773,0.460932,-0.024128,0.068215,0.033546,-0.063426,-0.305998,-0.209012,-0.928804,-0.904207,-0.241522,0.352244,-0.29795,0.947618,-0.115085,0.000312,0.000781,0.000628,-0.043,-0.19895,-0.116303,-0.859254
184,0.062076,0.018278,0.35468,-0.353037,-0.233382,-0.906059,-0.918129,-0.099963,0.38343,-0.179625,0.967538,-0.177855,0.013144,-0.003279,-0.002001,-0.041346,-0.096096,-0.246696,-1.908145,-0.113293,0.020059,0.273111,0.250382,-0.761126,0.59832,0.109868,0.636243,0.763583,-0.962148,-0.124495,0.242149,0.049756,0.040879,0.102582,-0.017106,-0.364915,0.376361,0.104115,0.038066,0.028399,-0.044415,-0.246817,0.737706,0.628387,-0.092121,-0.663373,0.742595,0.964673,0.125398,0.23169,0.017647,0.019763,0.051805,-0.017047,-0.46687,0.513002,-0.029843,0.06826,0.033519,-0.063407,-0.305847,-0.214597,-0.92758,-0.90439,-0.238997,0.353493,-0.297548,0.94701,-0.120983,0.006557,-0.001671,-0.00103,-0.033125,-0.066592,-0.233295,-0.860397
185,0.062282,0.01816,0.354814,-0.3524,-0.244967,-0.903244,-0.918407,-0.095007,0.384023,-0.179457,0.965184,-0.190373,-0.000292,-0.007917,0.010872,-0.078212,-0.17825,-0.128829,-1.905746,-0.112302,0.021657,0.276844,0.264745,-0.764536,0.587695,0.115175,0.630039,0.767932,-0.95769,-0.134657,0.25409,0.005221,0.044775,0.091795,0.066718,-0.275834,0.088175,0.086344,0.038596,0.029241,-0.042457,-0.261555,0.741964,0.617315,-0.097424,-0.656608,0.747912,0.960259,0.135479,0.244023,0.002545,0.022394,0.045894,0.067812,-0.274632,0.088645,-0.048622,0.068362,0.033459,-0.063347,-0.303704,-0.22572,-0.925642,-0.905346,-0.234313,0.354182,-0.296837,0.945593,-0.133192,0.000701,0.001742,0.001408,-0.058186,-0.268027,-0.124311,-0.863663
186,0.062544,0.018149,0.355049,-0.349843,-0.248699,-0.903219,-0.919472,-0.093532,0.381833,-0.179013,0.964378,-0.194824,0.00086,-0.005051,0.01319,-0.033554,0.005473,0.009973,-1.905848,-0.112599,0.023533,0.280169,0.27315,-0.7734,0.572042,0.122108,0.617612,0.776904,-0.954475,-0.141387,0.262392,-0.010223,0.051605,0.079544,0.036318,-0.148689,0.235607,0.068179,0.03845,0.030166,-0.040818,-0.270235,0.751241,0.60217,-0.10418,-0.644584,0.757401,0.95714,0.141943,0.252453,-0.012979,0.029883,0.035506,0.263622,-0.560538,0.908422,-0.074095,0.068486,0.033451,-0.063232,-0.300789,-0.229251,-0.925726,-0.906512,-0.232795,0.352196,-0.296246,0.945118,-0.137797,0.000555,-0.002203,0.006854,-0.030522,0.019236,0.017416,-0.870848
