frame,MLTx,MLTy,MLTz,MLTR1,MLTR2,MLTR3,MLTR4,MLTR5,MLTR6,MLTR7,MLTR8,MLTR9,MLTTVx,MLTTVy,MLTTVz,MLTRVx,MLTRVy,MLTRVz,MLGA,MRTx,MRTy,MRTz,MRTR1,MRTR2,MRTR3,MRTR4,MRTR5,MRTR6,MRTR7,MRTR8,MRTR9,MRTTVx,MRTTVy,MRTTVz,MRTRVx,MRTRVy,MRTRVz,MRGA,SLTx,SLTy,SLTz,SLTR1,SLTR2,SLTR3,SLTR4,SLTR5,SLTR6,SLTR7,SLTR8,SLTR9,SLTTVx,SLTTVy,SLTTVz,SLTRVx,SLTRVy,SLTRVz,SLGA,SRTx,SRTy,SRTz,SRTR1,SRTR2,SRTR3,SRTR4,SRTR5,SRTR6,SRTR7,SRTR8,SRTR9,SRTTVx,SRTTVy,SRTTVz,SRTRVx,SRTRVy,SRTRVz,SRGA
255,0.058954,0.017391,0.342539,-0.368686,0.782422,-0.501929,-0.783712,-0.551944,-0.284825,-0.499439,0.287379,0.817313,-0.002096,-0.005015,-0.004431,0.006561,0.018811,0.011387,-1.697367,-0.106361,0.046237,0.298318,0.583092,0.263471,0.768491,-0.712062,0.620991,0.327524,-0.391646,-0.738511,0.548706,0.000283,-0.003678,0.014491,0.011268,-0.173473,0.122993,0.401253,0.036546,0.039167,-0.034406,-0.497623,-0.309396,0.810335,0.730419,-0.653335,0.199096,0.467822,0.69096,0.551104,0.001184,-0.007772,0.010605,-0.063308,-0.12008,0.142519,0.371198,0.067259,0.029907,-0.070585,-0.241442,0.833107,-0.497632,-0.857085,-0.423561,-0.293259,-0.455093,0.355708,0.816309,-0.007857,-0.001152,-0.001485,-0.003687,0.02301,-0.05751,-0.794918
256,0.058811,0.017319,0.342455,-0.364515,0.785942,-0.49947,-0.786927,-0.546702,-0.286068,-0.497448,0.287789,0.818382,-0.015486,-0.001727,-0.002468,0.038265,0.142298,0.013992,-1.681159,-0.106349,0.046058,0.298729,0.584298,0.266165,0.766644,-0.712033,0.621221,0.32715,-0.389894,-0.737354,0.551502,0.001766,-0.012744,0.023859,-0.063621,-0.026546,0.000981,0.395689,0.036552,0.039077,-0.034207,-0.49925,-0.311628,0.808478,0.730271,-0.653513,0.199058,0.466319,0.689788,0.553839,-0.000106,-0.000778,0.008245,-0.052493,0.012751,0.021944,0.362054,0.067193,0.029871,-0.070627,-0.236755,0.835795,-0.495372,-0.85947,-0.417927,-0.29436,-0.453054,0.356066,0.817287,-0.000996,-0.002388,-0.002107,0.048884,0.139196,0.084043,-0.793938
257,0.058514,0.017245,0.342373,-0.365647,0.785528,-0.499292,-0.786547,-0.547534,-0.285519,-0.497216,0.287337,0.818682,-0.001273,-0.003035,-0.002689,1e-05,2.8e-05,1.7e-05,-1.649498,-0.106347,0.045922,0.299489,0.58614,0.268919,0.764274,-0.711863,0.621227,0.327509,-0.387432,-0.736352,0.554568,-0.000462,-0.000327,0.017616,-0.033544,-0.010604,0.002827,0.384431,0.036554,0.039009,-0.033821,-0.501451,-0.313916,0.806227,0.730133,-0.653476,0.199683,0.464167,0.688785,0.556887,-0.000334,0.000243,0.009193,-0.039255,-0.002529,0.009669,0.347684,0.067038,0.029831,-0.070671,-0.237978,0.83554,-0.495215,-0.859219,-0.418845,-0.293785,-0.452888,0.355585,0.817588,-0.000616,-0.00147,-0.001298,-0.000687,-0.002075,-0.001421,-0.793285
258,0.058268,0.017165,0.342342,-0.364501,0.787265,-0.49739,-0.791312,-0.543372,-0.280257,-0.490459,0.290455,0.821652,-0.001123,-0.002671,-0.002368,-4.4e-05,2.6e-05,-1.8e-05,-1.615007,-0.106279,0.045867,0.300272,0.58579,0.271701,0.763558,-0.713006,0.620524,0.326354,-0.385852,-0.735928,0.55623,-0.000685,0.000675,0.018513,-0.033754,-0.010283,0.003108,0.369143,0.036587,0.038982,-0.03343,-0.501258,-0.3166,0.805297,0.731142,-0.652712,0.198488,0.462786,0.688281,0.558657,0.000613,-0.005214,0.012986,-0.070992,-0.015387,0.010628,0.331682,0.066916,0.029794,-0.070684,-0.236605,0.837066,-0.493292,-0.86335,-0.414026,-0.288458,-0.445694,0.357634,0.820642,-0.007272,0.000282,-0.000223,0.004331,0.02642,-0.052533,-0.793611
259,0.058175,0.017127,0.342304,-0.364843,0.787143,-0.497334,-0.791198,-0.543623,-0.280092,-0.490389,0.290318,0.821743,-0.0014,-0.003328,-0.002953,-9.3e-05,0.014953,-0.024637,-1.583883,-0.106247,0.045784,0.300712,0.58571,0.271856,0.763564,-0.713492,0.619727,0.326806,-0.385073,-0.736542,0.555957,0.001367,-0.010946,0.025468,-0.070506,-0.002442,-0.015989,0.358518,0.036603,0.038945,-0.033212,-0.501204,-0.316698,0.805293,0.731665,-0.651977,0.198975,0.462018,0.688932,0.55849,-0.000481,0.000897,0.009768,-0.031222,-0.027039,0.026627,0.320905,0.06687,0.029777,-0.070701,-0.23692,0.836995,-0.493261,-0.863263,-0.414285,-0.288347,-0.445696,0.357499,0.8207,-0.000509,-0.001215,-0.001073,0.000855,-0.000371,7e-06,-0.791325
260,0.058034,0.017158,0.342201,-0.362293,0.788923,-0.496377,-0.794888,-0.539558,-0.277492,-0.486301,0.293046,0.823202,-0.000243,-0.000578,-0.000513,-0.0,-0.0,0.0,-1.551892,-0.106164,0.045432,0.301554,0.584892,0.27478,0.763144,-0.715203,0.618361,0.325651,-0.383131,-0.736609,0.557208,0.000185,-0.003232,0.014811,-0.032838,-0.011683,0.001903,0.340767,0.036643,0.038772,-0.032781,-0.500483,-0.319723,0.804545,0.733282,-0.650571,0.197618,0.460231,0.688863,0.560048,0.001171,-0.007718,0.010629,-0.078408,0.007582,-0.007918,0.295431,0.066797,0.029787,-0.070758,-0.23414,0.838359,-0.492272,-0.866303,-0.409724,-0.285735,-0.441245,0.359555,0.822205,-0.006736,0.001562,0.000909,-0.000563,0.014567,-0.029866,-0.786263
261,0.057876,0.017162,0.342234,-0.354547,0.793022,-0.495437,-0.802028,-0.530244,-0.274891,-0.480264,0.298903,0.82464,-2e-06,-4e-06,-4e-06,-0.202036,0.120368,-0.080621,-1.531079,-0.106004,0.045087,0.302166,0.583069,0.27892,0.763037,-0.714676,0.622584,0.318687,-0.386879,-0.731482,0.561357,0.002676,-0.016813,0.019981,0.164675,-0.363514,-0.326269,0.319949,0.036722,0.038603,-0.032479,-0.49903,-0.321926,0.804569,0.731631,-0.65408,0.192079,0.464417,0.684501,0.561937,0.00033,-0.002741,0.006353,0.218932,-0.408925,-0.336103,0.268652,0.066719,0.02979,-0.07074,-0.225737,0.841218,-0.491319,-0.871903,-0.399422,-0.283277,-0.434542,0.364437,0.823625,-0.00739,-0.003608,0.005334,-0.780096,0.479768,-0.341746,-0.78659
262,0.057826,0.017117,0.342273,-0.351519,0.794989,-0.494441,-0.805975,-0.525616,-0.27222,-0.475868,0.301825,0.826122,0.013092,-0.00404,-0.002624,-0.004466,-0.011461,0.027369,-1.5175,-0.10598,0.04487,0.302738,0.582469,0.284243,0.76153,-0.716134,0.622509,0.315545,-0.38508,-0.7295,0.56516,0.000408,-0.004234,0.013857,-0.013297,-0.041683,-0.023784,0.312189,0.036736,0.038486,-0.032194,-0.498448,-0.329388,0.801905,0.732962,-0.654082,0.186925,0.462941,0.680939,0.567455,0.000218,-0.002223,0.00683,-0.039061,-0.010042,0.001127,0.252976,0.06669,0.029771,-0.070718,-0.222608,0.842698,-0.490208,-0.875182,-0.394277,-0.280357,-0.429535,0.366612,0.825284,-0.000111,-0.000267,-0.000235,-0.013093,0.008135,-0.005982,-0.78708
263,0.057843,0.017067,0.342258,-0.351673,0.796446,-0.491981,-0.806052,-0.524816,-0.273534,-0.475625,0.299373,0.827154,-0.00037,-0.000878,-0.00078,0.014981,0.042349,0.025626,-1.517339,-0.105983,0.044852,0.302948,0.581812,0.289384,0.760095,-0.717159,0.623199,0.311833,-0.384163,-0.726892,0.569132,-0.001642,0.007367,0.006819,0.114161,-0.188624,-0.123715,0.305582,0.036735,0.038473,-0.032086,-0.498141,-0.333903,0.800227,0.733491,-0.654454,0.18352,0.462434,0.678378,0.570926,0.000254,-0.002386,0.006675,0.111422,-0.230374,-0.184284,0.246771,0.066704,0.029745,-0.070725,-0.222499,0.8443,-0.487493,-0.875098,-0.393373,-0.281885,-0.429763,0.363885,0.826371,-0.000231,-0.000544,-0.000482,0.009414,0.024113,0.015975,-0.787733
264,0.057886,0.017016,0.342203,-0.347039,0.799972,-0.489543,-0.809195,-0.519219,-0.274932,-0.473694,0.299726,0.828133,-0.000348,-0.000826,-0.000734,0.046754,0.132104,0.079943,-1.514904,-0.105903,0.044913,0.303243,0.583147,0.291017,0.758446,-0.714325,0.62817,0.308345,-0.387413,-0.721944,0.573212,0.01402,-0.004534,0.011632,-0.026154,-0.033995,0.025088,0.27926,0.036774,0.038509,-0.031934,-0.49963,-0.335813,0.798498,0.730242,-0.659125,0.179723,0.465957,0.672892,0.574543,0.007035,-0.002396,0.005696,-0.048974,-0.00557,0.048717,0.220644,0.066725,0.029719,-0.070754,-0.217426,0.846831,-0.485388,-0.877344,-0.387496,-0.283045,-0.427777,0.364311,0.827214,-0.000207,-0.000495,-0.00044,0.064656,0.180653,0.107997,-0.789692
265,0.057797,0.01702,0.342188,-0.34715,0.799926,-0.489541,-0.809146,-0.519315,-0.274892,-0.473696,0.299684,0.828147,-0.013721,0.002561,0.001309,-0.000976,0.014739,-0.029539,-1.504523,-0.105786,0.044885,0.303533,0.585014,0.287603,0.758311,-0.710771,0.631963,0.308807,-0.391126,-0.719994,0.573143,-0.001063,0.004757,0.004387,0.002717,-0.017576,0.022673,0.253392,0.036833,0.038494,-0.031797,-0.501457,-0.332038,0.798931,0.726645,-0.662849,0.180603,0.469604,0.671104,0.573664,0.005956,0.00363,0.002381,0.004423,-0.032135,0.052613,0.185537,0.066686,0.029721,-0.07076,-0.2175,0.846888,-0.485256,-0.877314,-0.387525,-0.283097,-0.427801,0.364149,0.827273,-0.000293,-0.000692,-0.000614,-0.000716,0.012841,-0.026263,-0.791162
266,0.057721,0.01696,0.342225,-0.342581,0.801938,-0.489468,-0.812245,-0.514569,-0.274677,-0.471721,0.302469,0.828262,-0.00202,-0.012033,0.007345,-0.033479,0.021159,-0.01426,-1.502345,-0.105715,0.044921,0.303647,0.585073,0.287595,0.758269,-0.710807,0.631849,0.308956,-0.390973,-0.720096,0.573118,0.011944,0.007141,0.004654,0.00476,-0.032776,0.051923,0.245573,0.036864,0.038507,-0.031736,-0.501488,-0.33203,0.798915,0.726728,-0.662718,0.180749,0.469441,0.671238,0.573641,0.000614,-0.003971,0.005202,-0.036493,0.007599,-0.019221,0.171167,0.066643,0.029696,-0.070745,-0.212674,0.848163,-0.485167,-0.879643,-0.382376,-0.28287,-0.425436,0.366616,0.827403,-0.000293,-0.000691,-0.000611,0.000163,-0.000238,-0.000674,-0.792305
267,0.057593,0.01684,0.342247,-0.342875,0.801881,-0.489355,-0.812286,-0.514681,-0.274348,-0.471438,0.302429,0.828438,-0.00207,-0.012148,0.007243,-0.033478,0.02116,-0.01426,-1.502356,-0.105484,0.044949,0.303837,0.585437,0.287532,0.758011,-0.710728,0.631695,0.309454,-0.39057,-0.720257,0.573191,0.014594,-0.007114,0.009244,-0.034548,-0.00775,0.009838,0.220716,0.036978,0.038529,-0.03164,-0.501912,-0.331931,0.798689,0.726676,-0.662632,0.181271,0.469068,0.671371,0.57379,-0.000263,0.001156,0.00106,0.002825,-0.017533,0.022759,0.144714,0.066579,0.029635,-0.070735,-0.212989,0.848146,-0.48506,-0.879695,-0.382499,-0.28254,-0.42517,0.366527,0.827579,-0.000311,-0.000735,-0.000654,0.000174,0.000114,-0.000323,-0.796877
268,0.057491,0.016841,0.342228,-0.338499,0.805242,-0.486877,-0.815265,-0.509279,-0.275592,-0.469461,0.302642,0.829483,-0.013318,0.003535,0.002171,0.006867,0.036818,-0.01619,-1.502287,-0.105131,0.044761,0.304056,0.586937,0.28659,0.757207,-0.707672,0.635796,0.308054,-0.393862,-0.717014,0.575002,0.001888,-0.010814,0.007768,-0.036509,0.007295,-0.019534,0.186103,0.03716,0.038436,-0.03153,-0.503489,-0.330944,0.798106,0.723372,-0.666601,0.179928,0.472472,0.66792,0.575022,0.007415,-0.004077,0.004139,-0.037373,-0.004298,0.012724,0.101279,0.066532,0.029628,-0.070744,-0.208136,0.850954,-0.48224,-0.881806,-0.376577,-0.283914,-0.423199,0.366149,0.828755,5e-06,9e-06,1.2e-05,-0.001407,-0.003013,-0.000896,-0.796714
269,0.057296,0.016852,0.342225,-0.329341,0.809061,-0.486826,-0.821119,-0.499894,-0.275394,-0.46577,0.308034,0.829578,-0.000624,-0.001472,-0.001311,-0.006536,-0.003693,0.011144,-1.489583,-0.104674,0.044655,0.304333,0.587257,0.289026,0.756032,-0.708034,0.635888,0.30703,-0.39273,-0.715957,0.577089,0.012514,0.00458,0.002279,0.008332,-0.024818,0.021072,0.178072,0.037384,0.038376,-0.031391,-0.503945,-0.333506,0.796751,0.723651,-0.666638,0.178666,0.471558,0.666608,0.577291,0.00727,-0.003424,0.004735,-0.044176,0.002432,0.017127,0.073356,0.066431,0.029639,-0.070741,-0.19853,0.853167,-0.48238,-0.886168,-0.366506,-0.283511,-0.418678,0.371185,0.828812,-0.007039,0.000869,0.000288,-0.023049,0.001014,0.006677,-0.796714
270,0.057232,0.016826,0.342211,-0.329435,0.809033,-0.486809,-0.821104,-0.499955,-0.275329,-0.46573,0.308008,0.82961,-0.000935,-0.002205,-0.001965,-9.3e-05,0.014942,-0.024644,-1.4832,-0.104377,0.044566,0.304462,0.585,0.291244,0.75693,-0.709367,0.636015,0.303673,-0.393692,-0.714947,0.577685,0.014975,-0.008695,0.007786,0.042616,-0.102145,-0.098764,0.177776,0.037531,0.038339,-0.031326,-0.501669,-0.335446,0.797372,0.724527,-0.666546,0.175429,0.472639,0.665726,0.577425,0.007491,-0.004383,0.003851,0.079826,-0.101947,-0.163891,0.069601,0.066399,0.029627,-0.070747,-0.198604,0.85315,-0.482379,-0.886167,-0.366555,-0.28345,-0.418644,0.371175,0.828834,-0.000242,-0.00057,-0.000505,0.000224,-3.7e-05,-0.00059,-0.795571
271,0.057165,0.016832,0.342199,-0.326264,0.810887,-0.485859,-0.824793,-0.495246,-0.272797,-0.46143,0.310718,0.831002,-7e-06,-1.6e-05,-1.4e-05,-0.000148,8.8e-05,-5.8e-05,-1.48408,-0.103857,0.044304,0.30471,0.58279,0.289735,0.759211,-0.707694,0.640009,0.299151,-0.39994,-0.711987,0.577049,0.001955,-0.01103,0.00758,-0.024457,-0.011129,-0.035191,0.166502,0.037797,0.038206,-0.031205,-0.499136,-0.334537,0.799342,0.722301,-0.670224,0.17053,0.47869,0.662483,0.576169,0.007444,-0.004138,0.004076,-0.023514,-0.130581,0.172902,0.062252,0.066364,0.029625,-0.070757,-0.195239,0.854492,-0.481378,-0.889121,-0.361368,-0.280849,-0.413938,0.373171,0.8303,1.8e-05,4.1e-05,3.9e-05,0.005106,-0.002748,0.001334,-0.79851
272,0.057127,0.016841,0.342217,-0.327931,0.810801,-0.484878,-0.825542,-0.495418,-0.270208,-0.458902,0.310666,0.832419,2e-06,4e-06,4e-06,-0.0,0.0,-0.0,-1.481234,-0.10347,0.044162,0.304912,0.579749,0.289104,0.761775,-0.708865,0.639797,0.296821,-0.402278,-0.712433,0.57487,-0.000209,0.000904,0.000831,4e-06,-0.0,-7e-06,0.163854,0.037991,0.03813,-0.031101,-0.495831,-0.333859,0.801679,0.723224,-0.669772,0.16838,0.480727,0.663282,0.573548,0.007433,-0.004067,0.004142,-0.03677,-0.01132,0.013989,0.049843,0.066345,0.029631,-0.070746,-0.196912,0.854652,-0.48041,-0.889894,-0.361455,-0.278277,-0.411477,0.372719,0.831725,5e-06,1.2e-05,1.1e-05,0.003936,-0.002126,0.001079,-0.799326
273,0.057122,0.016856,0.34223,-0.327914,0.810805,-0.484884,-0.825547,-0.495406,-0.270215,-0.458906,0.310676,0.832414,0.000543,0.001278,0.001139,9.2e-05,-0.014942,0.024645,-1.478583,-0.103292,0.044119,0.30498,0.581702,0.285616,0.761602,-0.705012,0.643885,0.29716,-0.406221,-0.710148,0.574924,-6e-05,0.000257,0.000237,0.378811,0.147804,0.28596,0.163793,0.03808,0.03811,-0.031066,-0.497596,-0.330629,0.801924,0.719677,-0.67345,0.168902,0.484212,0.661171,0.573053,0.007533,-0.004494,0.003754,1.23611,0.510189,0.975131,0.048209,0.066342,0.029637,-0.070742,-0.196883,0.854649,-0.480427,-0.889884,-0.36145,-0.278314,-0.411512,0.37273,0.831702,0.00027,0.000638,0.000568,0.00071,-0.015122,0.024545,-0.798673
274,0.05714,0.016872,0.342245,-0.327688,0.810869,-0.48493,-0.825614,-0.49524,-0.270315,-0.458947,0.310774,0.832355,4.6e-05,0.000109,9.7e-05,0.0,0.0,0.0,-1.476325,-0.103057,0.044049,0.305043,0.581497,0.2856,0.761765,-0.705262,0.643582,0.297225,-0.406081,-0.710429,0.574675,8e-06,-3.6e-05,-3.3e-05,0.0,-0.0,-0.0,0.158709,0.038197,0.038075,-0.031035,-0.497533,-0.330326,0.802088,0.719585,-0.673531,0.168974,0.484414,0.661241,0.572801,0.006496,0.00127,0.000185,0.002006,-0.015282,0.029228,0.045924,0.066352,0.029648,-0.070732,-0.196657,0.854676,-0.480473,-0.889919,-0.361285,-0.278418,-0.411545,0.37283,0.831641,1.9e-05,4.5e-05,4e-05,0.000758,-0.10304,0.169915,-0.798673
275,0.05714,0.016853,0.342215,-0.322923,0.812781,-0.484926,-0.828507,-0.490384,-0.270317,-0.457114,0.313459,0.832356,-0.000293,-0.000691,-0.000616,0.0,0.0,0.0,-1.473179,-0.102951,0.044075,0.305064,0.581501,0.285559,0.761777,-0.705261,0.643564,0.297264,-0.406077,-0.710461,0.574638,-5e-06,2.2e-05,2e-05,0.0,-0.0,-0.0,0.147772,0.03825,0.038087,-0.031025,-0.497662,-0.330268,0.802031,0.719525,-0.673563,0.169101,0.48437,0.661237,0.572843,-1e-06,1e-06,-2e-06,-2.5e-05,-1.3e-05,-2.5e-05,0.034167,0.066353,0.029638,-0.070746,-0.191646,0.855837,-0.480429,-0.892037,-0.356035,-0.278402,-0.409316,0.375206,0.831672,-0.000188,-0.000448,-0.000399,0.000156,7.2e-05,-0.000259,-0.798673
276,0.057124,0.016873,0.342218,-0.318115,0.81467,-0.484934,-0.831381,-0.48549,-0.270329,-0.455271,0.316153,0.832347,0.00024,0.000564,0.000503,-0.0,-0.0,0.0,-1.46455,-0.102872,0.044084,0.305061,0.580588,0.284397,0.762907,-0.702734,0.648112,0.293342,-0.411733,-0.706781,0.575152,3e-06,-1.1e-05,-1.1e-05,0.023237,-0.035293,-0.029854,0.12931,0.03829,0.038091,-0.031027,-0.496447,-0.329487,0.803105,0.716524,-0.677803,0.164847,0.490032,0.657282,0.572579,1e-06,-3e-06,-4e-06,0.005791,-0.014566,-0.011827,0.016858,0.066343,0.029646,-0.070747,-0.1866,0.85697,-0.480397,-0.894129,-0.350753,-0.278396,-0.407078,0.377589,0.831692,0.000162,0.000382,0.000342,0.000175,9.1e-05,-0.000312,-0.798347
277,0.0571,0.016893,0.342234,-0.318145,0.814659,-0.484933,-0.831372,-0.485513,-0.270313,-0.455266,0.316145,0.832353,0.000107,0.000253,0.000225,0.0,0.0,0.0,-1.461545,-0.102864,0.044087,0.305089,0.580056,0.280754,0.764659,-0.699741,0.652164,0.291511,-0.417549,-0.704501,0.573755,0.001786,-0.010239,0.008313,0.155676,0.579165,-0.548254,0.113648,0.038294,0.038094,-0.031019,-0.496378,-0.325804,0.804649,0.713047,-0.681701,0.163848,0.495148,0.655083,0.570695,-4.2e-05,0.000183,0.000166,0.625169,1.971815,-1.831735,0.001672,0.066332,0.029658,-0.070738,-0.186636,0.856962,-0.480397,-0.894122,-0.350783,-0.278379,-0.407076,0.377578,0.831698,6.3e-05,0.00015,0.000135,0.00015,8.2e-05,-0.000252,-0.798673
278,0.056997,0.016876,0.342239,-0.3135,0.816479,-0.484896,-0.834206,-0.480701,-0.270185,-0.453308,0.318782,0.832416,-0.013566,0.002963,0.001656,-0.000984,0.014715,-0.029553,-1.454987,-0.102848,0.044048,0.305171,0.5777,0.283095,0.765579,-0.700981,0.652463,0.287838,-0.418732,-0.703288,0.57438,-0.000184,0.00079,0.000726,0.001289,-0.001764,-0.001721,0.06221,0.038302,0.038073,-0.030972,-0.493204,-0.328304,0.805583,0.714078,-0.681682,0.159372,0.49683,0.653853,0.570644,-0.000113,0.000482,0.000441,0.008407,-0.114132,0.169464,-0.051234,0.066286,0.029649,-0.070735,-0.181734,0.858056,-0.480324,-0.896193,-0.345567,-0.278244,-0.404734,0.379896,0.831786,-0.000217,-0.000509,-0.000452,0.000185,5.6e-05,-0.000348,-0.798836
279,0.056977,0.016824,0.342207,-0.308536,0.818357,-0.484915,-0.837084,-0.47565,-0.27022,-0.45141,0.321522,0.832394,-0.000383,-0.000902,-0.000804,-0.0,-0.0,0.0,-1.448028,-0.102887,0.044127,0.305247,0.580553,0.281289,0.764085,-0.693939,0.661688,0.283813,-0.426461,-0.695343,0.578352,-0.00073,0.003136,0.002879,0.023515,-0.029608,0.017034,-0.014191,0.038283,0.038109,-0.030939,-0.496174,-0.326548,0.804473,0.706419,-0.690522,0.155403,0.50476,0.645401,0.5733,-0.00027,0.001158,0.001062,0.024526,0.021622,0.033861,-0.13239,0.066271,0.029624,-0.070751,-0.176561,0.859149,-0.480299,-0.898261,-0.340151,-0.278249,-0.402432,0.382306,0.831798,-0.000236,-0.000555,-0.000492,0.000208,9.9e-05,-0.000368,-0.799653
280,0.057,0.016806,0.342179,-0.308511,0.818362,-0.484922,-0.837079,-0.475641,-0.270253,-0.451438,0.321521,0.832379,-0.000203,-0.000477,-0.000426,0.0,0.0,0.0,-1.437183,-0.10292,0.044181,0.305299,0.580345,0.283814,0.763309,-0.694293,0.662173,0.281812,-0.426169,-0.693857,0.580349,-0.00064,0.002751,0.002524,0.052602,-0.07976,-0.067437,-0.065991,0.038266,0.038138,-0.03091,-0.496165,-0.328793,0.803563,0.706491,-0.690864,0.153547,0.504668,0.643895,0.575072,-0.000402,0.001721,0.001578,0.058014,-0.089725,-0.075999,-0.180071,0.066282,0.029613,-0.070766,-0.176542,0.859149,-0.480306,-0.898251,-0.34015,-0.278282,-0.402462,0.382307,0.831783,0.006533,-0.002074,-0.001357,0.00116,-0.014617,0.029257,-0.800306
281,0.057053,0.016779,0.342145,-0.308415,0.818388,-0.484939,-0.837092,-0.475579,-0.27032,-0.451478,0.321547,0.832347,-4e-06,-1e-05,-9e-06,0.0,0.0,0.0,-1.396827,-0.102968,0.04439,0.305464,0.58024,0.28879,0.76152,-0.694775,0.663277,0.278001,-0.425523,-0.690749,0.584517,-0.001535,0.0066,0.006045,0.040829,-0.075123,-0.026007,-0.207214,0.038244,0.038236,-0.030833,-0.496345,-0.333774,0.801396,0.706543,-0.691694,0.149514,0.504417,0.640432,0.579145,-0.000761,0.003258,0.002985,0.033787,-0.067558,-0.020575,-0.29715,0.066308,0.029599,-0.070783,-0.176453,0.859159,-0.480322,-0.898251,-0.340095,-0.278349,-0.402501,0.382335,0.831752,1.3e-05,3.2e-05,2.9e-05,0.000122,8.1e-05,-0.000194,-0.798183
282,0.057117,0.016767,0.342153,-0.308381,0.816958,-0.487366,-0.837089,-0.476361,-0.268951,-0.451508,0.32401,0.831375,0.000328,0.000773,0.00069,-0.000187,-0.000526,-0.000318,-1.258473,-0.103101,0.044751,0.305735,0.590781,0.276062,0.758129,-0.680283,0.675521,0.284288,-0.434373,-0.684034,0.585902,-0.015098,0.006649,0.007999,-0.359944,-1.725514,2.193796,-0.444259,0.038182,0.038418,-0.030698,-0.50434,-0.320907,0.80166,0.693587,-0.703563,0.154711,0.51437,0.634048,0.577412,-0.001138,0.004861,0.004441,1.168397,0.628476,1.131418,-0.476117,0.06634,0.029592,-0.07078,-0.17664,0.857709,-0.482838,-0.898377,-0.340915,-0.276939,-0.40214,0.384852,0.830765,0.000224,0.000526,0.000468,0.003062,0.008034,0.004277,-0.771894
283,0.057174,0.016822,0.342137,-0.310688,0.810876,-0.495982,-0.837465,-0.480271,-0.260699,-0.449222,0.33336,0.828914,0.000488,0.00115,0.001025,-0.406124,-0.454436,-0.43006,-0.877304,-0.103489,0.045102,0.306138,0.612461,0.254768,0.748316,-0.656828,0.690604,0.302617,-0.440442,-0.677169,0.589335,-0.000599,6e-05,0.017657,-0.209502,0.143743,0.462906,-0.924466,0.037983,0.038596,-0.030493,-0.529185,-0.298996,0.794079,0.671045,-0.720221,0.176007,0.519288,0.626005,0.581771,-0.000325,0.000106,0.008902,-0.279015,0.249773,0.527913,-0.761875,0.066368,0.029621,-0.070788,-0.179528,0.853115,-0.48986,-0.899355,-0.344121,-0.269703,-0.398659,0.392139,0.829033,0.00027,0.000633,0.000558,-0.40549,-0.400076,-0.412506,-0.655141
284,0.057203,0.01695,0.342102,-0.313709,0.804486,-0.504414,-0.837536,-0.484664,-0.252204,-0.446984,0.342343,0.826459,0.002504,0.013152,-0.006344,-0.24658,-0.803553,-0.459298,-0.64385,-0.103779,0.045301,0.30638,0.626146,0.242448,0.741047,-0.643064,0.697899,0.31518,-0.441528,-0.674188,0.591934,-0.016363,0.012354,0.013098,-0.114395,0.19676,0.242444,-1.22358,0.037838,0.038692,-0.030375,-0.543347,-0.285052,0.789631,0.658575,-0.728041,0.190348,0.520626,0.623457,0.583308,-0.008239,0.006397,0.006754,-0.114552,0.215077,0.237663,-0.80629,0.066382,0.029683,-0.070806,-0.183444,0.847292,-0.49844,-0.900192,-0.348515,-0.261134,-0.394971,0.400789,0.826659,0.001299,0.00668,-0.003087,-0.225985,-0.768939,-0.436815,-0.573332
285,0.05749,0.017517,0.341914,-0.330549,0.78195,-0.528524,-0.837215,-0.501389,-0.218293,-0.435287,0.369356,0.821053,0.019097,0.024641,-0.013192,-0.24566,-0.71021,-0.77142,-0.284014,-0.104656,0.045992,0.307079,0.64795,0.225301,0.727593,-0.626178,0.701284,0.340639,-0.434299,-0.676596,0.594529,-0.018482,0.021997,0.021638,-0.491996,-0.250523,1.172617,-1.401759,0.037408,0.039023,-0.03004,-0.565184,-0.268724,0.77997,0.645131,-0.733241,0.214853,0.51417,0.624615,0.587778,-0.01577,0.010024,0.010896,-0.613303,-2.033691,2.066949,-0.761548,0.066524,0.029963,-0.070904,-0.203603,0.826726,-0.52447,-0.902739,-0.365871,-0.226275,-0.378956,0.42739,0.82081,0.009625,0.012491,-0.006455,-0.253866,-0.76076,-0.793145,-0.45609
286,0.058121,0.018566,0.341493,-0.364433,0.738352,-0.567511,-0.821906,-0.541473,-0.176773,-0.437367,0.401098,0.804895,0.021821,0.03847,-0.018936,-0.485336,-1.15641,-1.484729,-0.074389,-0.106073,0.046952,0.30809,0.665382,0.21171,0.715847,-0.613645,0.701033,0.363216,-0.425754,-0.681212,0.595438,-0.045935,0.02555,0.028152,-0.228404,0.214344,0.465738,-1.403124,0.036693,0.039511,-0.029526,-0.584408,-0.252582,0.771147,0.634801,-0.734268,0.240576,0.505464,0.63012,0.589451,-0.023085,0.013197,0.014475,-0.282022,0.285692,0.508987,-0.771509,0.06684,0.030489,-0.071113,-0.243239,0.790023,-0.562759,-0.893993,-0.407687,-0.18592,-0.376311,0.45788,0.805441,0.011002,0.01942,-0.009332,-0.476541,-1.137264,-1.476949,-0.344236
287,0.058634,0.019329,0.341167,-0.380568,0.714409,-0.587226,-0.814701,-0.559401,-0.152658,-0.437088,0.419426,0.795653,0.036158,0.037655,-0.018717,-0.468964,-0.95467,-1.559919,-0.006493,-0.107163,0.047575,0.308654,0.675751,0.206397,0.707639,-0.606469,0.701188,0.374786,-0.419664,-0.682675,0.59808,-0.059179,0.025961,0.030045,-0.053943,-0.030457,0.22414,-1.402901,0.03617,0.039816,-0.029253,-0.595476,-0.245353,0.764989,0.628888,-0.734893,0.253833,0.499907,0.632244,0.591911,-0.030769,0.019374,0.012052,0.017214,-0.073671,0.221098,-0.76955,0.067096,0.030869,-0.071277,-0.262901,0.768161,-0.58379,-0.889786,-0.426984,-0.161131,-0.373044,0.477088,0.795753,0.018202,0.019088,-0.009156,-0.517757,-1.062658,-1.622046,-0.269285
288,0.060243,0.021247,0.340139,-0.412209,0.660388,-0.627707,-0.798741,-0.593321,-0.09977,-0.437814,0.459425,0.772835,0.052854,0.057594,-0.036085,-0.458536,-1.023829,-1.486396,0.091018,-0.109714,0.049045,0.309698,0.695572,0.193469,0.691911,-0.591388,0.700876,0.398707,-0.408664,-0.686752,0.601023,-0.074562,0.040826,0.026924,-0.089174,0.04146,0.327508,-1.403044,0.034899,0.040547,-0.028729,-0.616635,-0.23178,0.752355,0.616719,-0.736209,0.278661,0.489303,0.635824,0.596916,-0.037328,0.020474,0.013566,-0.140871,0.080453,0.377362,-0.770856,0.067882,0.03181,-0.071774,-0.30155,0.720615,-0.624324,-0.879748,-0.462734,-0.109182,-0.367574,0.516324,0.773497,0.025568,0.023043,-0.014195,-0.581006,-1.18788,-1.654625,-0.143388
289,0.062279,0.023686,0.338562,-0.405374,0.613128,-0.678079,-0.784213,-0.614371,-0.086776,-0.4693,0.495816,0.73072,0.041051,0.072537,-0.041662,-0.135355,-1.157526,-0.665445,0.16297,-0.112894,0.050822,0.310622,0.712163,0.185824,0.676968,-0.578107,0.702143,0.415597,-0.398979,-0.687558,0.606583,-0.088488,0.050913,0.019466,-0.002213,-0.241158,0.361937,-1.403162,0.033313,0.041439,-0.028258,-0.634464,-0.222392,0.740267,0.605421,-0.738388,0.297063,0.480541,0.63665,0.603122,-0.044239,0.025257,0.009623,-0.104173,-0.712891,0.774522,-0.770529,0.068904,0.033025,-0.072559,-0.302246,0.672466,-0.6756,-0.86855,-0.486313,-0.09549,-0.392767,0.557931,0.731057,0.02701,0.034229,-0.022218,0.132585,-1.830488,-0.504937,-0.032677
290,0.063338,0.025172,0.33764,-0.403748,0.591646,-0.697845,-0.777765,-0.623577,-0.078769,-0.481269,0.510218,0.712801,0.05625,0.081932,-0.050318,-0.286188,-1.307759,-0.457248,0.196206,-0.114615,0.051759,0.311018,0.718545,0.18591,0.670166,-0.573241,0.703773,0.419562,-0.394531,-0.685867,0.611388,-0.100464,0.0479,0.018142,0.086627,-0.10064,0.082083,-1.403309,0.032456,0.041912,-0.028057,-0.641819,-0.22208,0.733994,0.600844,-0.740375,0.30138,0.4765,0.634448,0.608622,-0.044006,0.025436,0.009581,0.105448,-0.137721,0.116298,-0.769713,0.069428,0.033763,-0.073018,-0.304042,0.651936,-0.694648,-0.863552,-0.496517,-0.088018,-0.402287,0.573105,0.713943,0.021532,0.042481,-0.024285,-0.075541,-0.843473,-0.20748,0.01484
291,0.065602,0.028723,0.335589,-0.42123,0.544251,-0.725535,-0.747301,-0.661524,-0.062441,-0.513426,0.515211,0.686278,0.059535,0.098695,-0.053277,-0.130617,-0.844063,-0.138127,0.267306,-0.118419,0.053554,0.311631,0.74005,0.199878,0.642157,-0.567882,0.697061,0.437664,-0.361059,-0.688807,0.628526,-0.098186,0.041998,0.01245,0.043604,-0.282391,0.249197,-1.402363,0.030589,0.042805,-0.027745,-0.666086,-0.233933,0.708239,0.598141,-0.734801,0.319834,0.445595,0.636664,0.629366,-0.049127,0.02098,0.00628,-0.392019,-2.078189,1.943554,-0.768733,0.070556,0.035527,-0.074047,-0.328787,0.606802,-0.723663,-0.839246,-0.539126,-0.070764,-0.433086,0.584066,0.686514,0.022349,0.045041,-0.021978,-0.52857,-0.407636,-0.892816,0.113468
292,0.067563,0.032915,0.333677,-0.446005,0.50421,-0.739525,-0.729279,-0.683687,-0.026385,-0.51836,0.526922,0.673561,0.037527,0.123668,-0.050656,-0.098107,-0.580498,-0.477497,0.322957,-0.122169,0.055201,0.311899,0.767081,0.218923,0.603034,-0.559052,0.688976,0.461201,-0.315459,-0.691174,0.650098,-0.098452,0.050696,0.002478,0.038105,-0.358204,0.206929,-1.402648,0.028678,0.043638,-0.027606,-0.698433,-0.249682,0.670707,0.591879,-0.728364,0.3452,0.402329,0.638077,0.656496,-0.054437,0.017456,0.003837,-0.224882,-0.723287,0.173559,-0.764814,0.071526,0.03757,-0.074989,-0.358702,0.57164,-0.737943,-0.825186,-0.563738,-0.035584,-0.436348,0.596176,0.673923,0.018097,0.056414,-0.021265,-1.63002,0.687001,-2.120944,0.193154
293,0.069033,0.037399,0.332161,-0.47901,0.470291,-0.741229,-0.718739,-0.694862,0.023533,-0.503396,0.543435,0.671787,0.038405,0.119337,-0.036765,-0.394049,0.209386,-1.299193,0.357421,-0.126179,0.056991,0.311975,0.789796,0.242585,0.563352,-0.55038,0.685426,0.476663,-0.271487,-0.686822,0.674117,-0.096871,0.047657,-0.000484,-0.710768,-1.237396,-0.795988,-1.40254,0.026672,0.044535,-0.027566,-0.726294,-0.268793,0.63265,0.584018,-0.726695,0.361713,0.362518,0.632189,0.684774,-0.054717,0.022515,-0.000503,-2.871313,-3.219215,-3.288421,-0.782776,0.072279,0.039855,-0.075769,-0.396037,0.542674,-0.740714,-0.816887,-0.576619,0.014313,-0.419343,0.610749,0.671667,0.01235,0.056495,-0.012794,-1.457017,1.228929,-2.346121,0.262879
294,0.069527,0.039781,0.331592,-0.499012,0.451287,-0.739846,-0.709554,-0.702871,0.049775,-0.49694,0.549235,0.671878,0.027295,0.126968,-0.030998,-0.161101,-0.193652,-1.19803,0.362876,-0.128193,0.057959,0.311889,0.800935,0.256683,0.540933,-0.546871,0.681153,0.486719,-0.244523,-0.685966,0.685217,-0.095936,0.044988,-0.002843,-0.87227,-1.870937,-0.071729,-1.40203,0.025664,0.045022,-0.027606,-0.739551,-0.281353,0.611476,0.582404,-0.722908,0.371764,0.337445,0.631065,0.698489,-0.055178,0.027597,-0.00469,-3.292714,-5.16485,-1.425204,-0.789798,0.07253,0.041041,-0.076057,-0.418922,0.527877,-0.738815,-0.809327,-0.585977,0.040228,-0.411694,0.614797,0.672705,0.006326,0.059042,-0.010994,-0.641444,-0.073365,-1.634528,0.282637
295,0.069969,0.044369,0.330871,-0.538501,0.41534,-0.733182,-0.686145,-0.721171,0.095346,-0.488485,0.553892,0.67425,-0.000553,0.112294,-0.010407,-0.066657,-0.01005,-1.237578,0.374068,-0.132116,0.060128,0.311429,0.835025,0.263691,0.4829,-0.512322,0.692314,0.508096,-0.20138,-0.671998,0.712551,-0.096228,0.054225,-0.011997,0.07763,-1.210499,1.224946,-1.401928,0.023703,0.046101,-0.027835,-0.779756,-0.285118,0.557393,0.551608,-0.733993,0.396209,0.296157,0.616409,0.729609,-0.048928,0.03287,-0.009434,-0.22057,-2.641636,2.489269,-0.789798,0.072764,0.04339,-0.076423,-0.464114,0.497472,-0.732883,-0.788943,-0.608318,0.086696,-0.402698,0.618441,0.674806,-0.000184,0.056329,-0.005069,-0.074797,-0.034726,-1.241244,0.302069
296,0.069715,0.048147,0.330749,-0.562274,0.400026,-0.723791,-0.682879,-0.718215,0.133475,-0.465751,0.56881,0.677908,-0.018125,0.087442,0.002193,-0.142053,0.013908,-1.105935,0.388199,-0.135933,0.063012,0.310833,0.87127,0.25942,0.416631,-0.464804,0.708262,0.531278,-0.158349,-0.656858,0.737107,-0.099568,0.087653,-0.017911,-0.157835,-2.84868,2.673472,-1.402243,0.021761,0.047547,-0.02815,-0.823655,-0.275267,0.495802,0.506203,-0.750998,0.423981,0.255639,0.600191,0.757904,-0.049812,0.044034,-0.008727,-0.124734,-2.84239,2.648403,-0.79241,0.072642,0.045291,-0.076475,-0.489824,0.486393,-0.723528,-0.785611,-0.606081,0.124415,-0.378003,0.629354,0.678989,-0.009104,0.043589,0.000985,-0.184713,-0.043475,-1.140732,0.328522
297,0.069284,0.049623,0.330918,-0.568068,0.400138,-0.719189,-0.685825,-0.713188,0.144842,-0.45426,0.575017,0.680463,-0.033287,0.076241,0.009157,-0.016562,0.245089,-0.709425,0.378766,-0.137762,0.064641,0.310556,0.883937,0.254851,0.392042,-0.444897,0.715923,0.53801,-0.144666,-0.6503,0.745684,-0.086472,0.088377,-0.018725,0.214808,-0.669143,0.981359,-1.402357,0.020909,0.048306,-0.028272,-0.83836,-0.269552,0.473806,0.488023,-0.75839,0.432061,0.242867,0.593452,0.767352,-0.042534,0.038688,-0.005625,0.112419,-0.609613,1.027784,-0.791757,0.072449,0.04598,-0.076398,-0.494761,0.486765,-0.71991,-0.788181,-0.60027,0.13581,-0.366033,0.634614,0.680649,-0.011587,0.030006,0.006699,-0.389649,0.315657,-0.427484,0.329501
298,0.068034,0.051399,0.331686,-0.577331,0.396761,-0.713663,-0.679392,-0.71821,0.150244,-0.452238,0.5711,0.685093,-0.040402,0.036397,0.026933,0.343811,-0.339995,0.112025,0.344499,-0.140784,0.067257,0.310099,0.905602,0.231996,0.355042,-0.401969,0.735958,0.544721,-0.136058,-0.636303,0.759256,-0.069646,0.061453,-0.00933,0.223488,-0.508933,0.63833,-1.402419,0.019359,0.04966,-0.028503,-0.864206,-0.243067,0.440529,0.44468,-0.778613,0.442741,0.235386,0.578515,0.780969,-0.033948,0.023744,-0.002118,0.255392,-0.565361,0.832576,-0.798289,0.071818,0.046906,-0.076016,-0.505651,0.485239,-0.713344,-0.782206,-0.606671,0.141787,-0.363965,0.629677,0.68632,-0.020407,0.017706,0.013089,1.14306,-1.551465,1.054396,0.302885
299,0.066248,0.052489,0.332962,-0.577082,0.392733,-0.716088,-0.675142,-0.722745,0.147627,-0.45886,0.568163,0.68313,-0.054287,0.028403,0.036352,-0.035276,0.16114,-0.252152,0.303387,-0.143407,0.069395,0.30991,0.932013,0.198192,0.303417,-0.341467,0.76013,0.552754,-0.122255,-0.619026,0.775709,-0.057073,0.065553,-0.007504,0.289902,-0.546008,0.728109,-1.402653,0.018044,0.05072,-0.028603,-0.895628,-0.205443,0.394515,0.384849,-0.802628,0.455717,0.223025,0.559982,0.797922,-0.027834,0.027068,-0.000235,0.311307,-0.362684,0.956423,-0.803514,0.070907,0.047457,-0.075373,-0.505575,0.481171,-0.716147,-0.778726,-0.611848,0.13866,-0.371454,0.627786,0.684036,-0.027197,0.014115,0.018131,-0.042294,0.171603,-0.259229,0.250795
300,0.063978,0.053214,0.334679,-0.579082,0.395184,-0.713119,-0.673942,-0.724224,0.145856,-0.458104,0.564569,0.686608,-0.058033,0.004978,0.050675,-0.008057,0.247304,-0.039407,0.236176,-0.145276,0.071559,0.310146,0.95415,0.163136,0.250949,-0.27958,0.784486,0.553489,-0.107772,-0.598473,0.793774,-0.042478,0.051884,0.01198,0.536074,-0.622277,0.29957,-1.402918,0.017089,0.051818,-0.028494,-0.923078,-0.164944,0.347447,0.321845,-0.825862,0.462996,0.210575,0.539206,0.815422,-0.021279,0.026322,0.006314,0.690869,-0.682899,0.255984,-0.80629,0.069795,0.047819,-0.074533,-0.50719,0.483845,-0.713197,-0.777742,-0.613496,0.136885,-0.371313,0.624111,0.687466,-0.035057,0.004544,0.026708,0.019788,0.28871,-0.015374,0.181234
301,0.062699,0.053394,0.335689,-0.58129,0.399015,-0.709179,-0.673939,-0.724453,0.144722,-0.455304,0.56157,0.690916,-0.070088,0.008922,0.053088,0.100472,0.418004,0.043614,0.200164,-0.146008,0.072479,0.3105,0.959147,0.153444,0.237663,-0.26301,0.792409,0.550316,-0.105091,-0.590531,0.800057,-0.041149,0.04276,0.020455,0.333288,-0.49012,0.126975,-1.403002,0.016738,0.052263,-0.028325,-0.929155,-0.154835,0.335702,0.305268,-0.833533,0.46047,0.208522,0.530328,0.821748,-0.014564,0.022179,0.010285,0.461381,-0.678269,0.23352,-0.808903,0.069133,0.04791,-0.074011,-0.508994,0.487567,-0.709367,-0.777708,-0.613686,0.136228,-0.368909,0.62102,0.691548,-0.035067,0.004468,0.026586,0.151072,0.482932,0.086734,0.13045
302,0.060067,0.053441,0.338133,-0.587231,0.406469,-0.699991,-0.673736,-0.724728,0.144296,-0.447927,0.555836,0.700311,-0.069225,0.003922,0.065432,0.221042,0.637682,0.204149,0.143746,-0.147129,0.073899,0.311586,0.967176,0.133247,0.21635,-0.232149,0.808865,0.540166,-0.10424,-0.572826,0.812938,-0.015821,0.037474,0.02926,0.274104,-0.363703,0.034219,-1.402985,0.016179,0.052962,-0.027795,-0.938991,-0.133409,0.317011,0.273315,-0.848956,0.452294,0.208789,0.511344,0.833626,-0.007176,0.012257,0.017529,0.371813,-0.536993,0.123767,-0.815924,0.06784,0.047923,-0.072819,-0.513879,0.494455,-0.701028,-0.777459,-0.613841,0.136946,-0.362607,0.615395,0.69986,-0.035474,-0.003417,0.03681,-0.124766,0.209807,-0.093184,0.044723
303,0.057373,0.053319,0.341063,-0.599545,0.418259,-0.682385,-0.673007,-0.724877,0.146925,-0.432453,0.546814,0.716941,-0.068967,-0.002485,0.076639,-1.116943,2.444062,-1.441279,0.075911,-0.147558,0.075238,0.312842,0.972866,0.133316,0.189073,-0.214704,0.823906,0.524419,-0.08709,-0.550951,0.829898,-0.002444,0.027391,0.035582,0.554145,-0.654213,-0.14044,-1.403415,0.015954,0.053646,-0.027166,-0.947827,-0.130087,0.291031,0.253123,-0.86208,0.439029,0.193781,0.48979,0.850031,-0.002009,0.020364,0.015074,0.609371,-1.363536,0.034556,-0.811189,0.066493,0.047864,-0.071359,-0.522095,0.509303,-0.684124,-0.77732,-0.614241,0.13594,-0.350983,0.602757,0.716585,-0.035543,-0.007004,0.042136,0.129708,0.613125,0.16203,-0.049496
304,0.056009,0.05315,0.342601,-0.606994,0.428286,-0.669458,-0.672659,-0.725445,0.145714,-0.422499,0.538228,0.729268,-0.070635,-0.013139,0.084732,0.303085,0.863426,0.327775,0.065215,-0.147596,0.075679,0.313534,0.974861,0.13446,0.177644,-0.208758,0.828983,0.518787,-0.078736,-0.542998,0.835953,-0.000956,0.014436,0.041148,0.135254,-1.089946,0.423856,-1.403467,0.015928,0.053889,-0.026791,-0.95117,-0.13226,0.278894,0.247207,-0.86747,0.431721,0.184833,0.479585,0.857807,-0.000497,0.007231,0.020595,0.045771,-1.13573,0.473039,-0.811515,0.065786,0.047781,-0.070559,-0.530377,0.519552,-0.669899,-0.776501,-0.614833,0.137933,-0.340212,0.593334,0.729526,-0.035311,-0.006461,0.042499,0.259114,0.796248,0.301513,-0.082481
305,0.05305,0.052891,0.345854,-0.632608,0.442103,-0.635922,-0.663664,-0.732661,0.150765,-0.398481,0.51686,0.757691,-0.08011,0.003419,0.080178,0.298916,1.026677,-0.082733,0.054009,-0.14737,0.076186,0.315022,0.976151,0.140546,0.16543,-0.205821,0.840531,0.501078,-0.069855,-0.523353,0.849167,0.011277,0.011937,0.037913,0.346026,-0.344302,-0.194803,-1.403581,0.016037,0.054142,-0.026058,-0.954004,-0.137099,0.266606,0.241867,-0.877426,0.414273,0.177131,0.459702,0.870228,0.005662,0.005528,0.018638,0.443494,-0.527418,-0.098483,-0.803351,0.064337,0.047653,-0.068961,-0.553375,0.537116,-0.636617,-0.768925,-0.623244,0.142549,-0.320203,0.568394,0.75789,-0.035083,-0.005934,0.042797,0.269194,1.004089,0.117104,-0.11024
306,0.050243,0.052587,0.349265,-0.65328,0.452369,-0.607152,-0.656034,-0.738509,0.155549,-0.377215,0.499363,0.779983,-0.068098,-0.007583,0.088474,0.146432,0.82175,-0.196021,0.034392,-0.146878,0.076475,0.316489,0.975707,0.154256,0.15554,-0.211518,0.847057,0.487533,-0.057777,-0.508783,0.858874,0.011637,0.007651,0.034588,0.176977,-0.210776,-0.101107,-1.403771,0.016283,0.054292,-0.02532,-0.954938,-0.150766,0.255659,0.246334,-0.883093,0.399331,0.165566,0.444315,0.880438,0.006514,-0.002273,0.020473,0.126651,-0.206679,-0.138726,-0.808086,0.062929,0.047503,-0.067261,-0.572216,0.55076,-0.607643,-0.762453,-0.630162,0.14683,-0.302046,0.547319,0.780518,-0.034987,-0.009125,0.04843,0.257819,1.007259,-0.104243,-0.138653
307,0.04775,0.05218,0.352797,-0.670414,0.45589,-0.585452,-0.648001,-0.744075,0.16254,-0.360692,0.487772,0.794989,-0.055427,-0.010347,0.086736,-0.071935,0.413679,-0.194329,0.031412,-0.146604,0.076114,0.317942,0.975757,0.161753,0.147396,-0.213293,0.852388,0.477362,-0.049654,-0.497432,0.866002,0.001854,-0.012262,0.036434,0.467132,-0.406139,-0.36535,-1.403331,0.016423,0.054121,-0.024593,-0.956194,-0.155993,0.247705,0.245964,-0.886956,0.390908,0.158725,0.43471,0.886471,0.006898,-0.00616,0.017653,-0.007366,-0.0963,-0.078762,-0.80678,0.061659,0.0473,-0.065458,-0.588827,0.557599,-0.585118,-0.755457,-0.637043,0.153164,-0.287342,0.532219,0.796351,-0.027754,-0.005149,0.043438,-0.107948,0.375552,-0.215032,-0.152696
308,0.046452,0.05205,0.354592,-0.677493,0.457101,-0.576288,-0.644736,-0.746134,0.166049,-0.35325,0.483478,0.800931,-0.067282,-0.006028,0.089257,-0.134537,0.351668,-0.275271,0.019991,-0.146503,0.075848,0.318616,0.976481,0.161762,0.142509,-0.210667,0.855072,0.473715,-0.046458,-0.4928,0.868823,0.013963,-0.013591,0.034399,0.475385,-0.409862,-0.362627,-1.403655,0.016469,0.053988,-0.024256,-0.957476,-0.155563,0.24298,0.24283,-0.889299,0.387531,0.155797,0.430055,0.889258,0.000322,-0.001391,0.014038,0.052274,-0.105157,-0.09914,-0.809882,0.06106,0.047236,-0.064624,-0.595207,0.55995,-0.576353,-0.752793,-0.639468,0.156149,-0.281124,0.526817,0.802142,-0.033584,-0.002782,0.044852,-0.152041,0.337385,-0.279427,-0.15988
309,0.043851,0.051879,0.358094,-0.686823,0.459675,-0.563044,-0.641346,-0.747759,0.171767,-0.341216,0.478504,0.809094,-0.065859,-0.003237,0.091019,-0.181359,0.175826,-0.118791,-0.010762,-0.146328,0.07537,0.319778,0.978274,0.161649,0.129774,-0.203993,0.860454,0.466839,-0.037435,-0.483374,0.874535,0.00127,-0.008533,0.024,0.158449,-0.144188,-0.15145,-1.403654,0.016561,0.05375,-0.023669,-0.960619,-0.156128,0.229856,0.236109,-0.894774,0.378985,0.146499,0.418332,0.896401,0.006514,-0.003384,0.01208,0.174421,-0.170941,-0.097218,-0.805637,0.059758,0.04715,-0.062879,-0.604234,0.563751,-0.563103,-0.749662,-0.641688,0.161993,-0.270013,0.520019,0.810353,-0.033135,-0.001937,0.045334,-0.215829,0.156531,-0.160455,-0.194498
