frame,MLTx,MLTy,MLTz,MLTR1,MLTR2,MLTR3,MLTR4,MLTR5,MLTR6,MLTR7,MLTR8,MLTR9,MLTTVx,MLTTVy,MLTTVz,MLTRVx,MLTRVy,MLTRVz,MLGA,MRTx,MRTy,MRTz,MRTR1,MRTR2,MRTR3,MRTR4,MRTR5,MRTR6,MRTR7,MRTR8,MRTR9,MRTTVx,MRTTVy,MRTTVz,MRTRVx,MRTRVy,MRTRVz,MRGA,SLTx,SLTy,SLTz,SLTR1,SLTR2,SLTR3,SLTR4,SLTR5,SLTR6,SLTR7,SLTR8,SLTR9,SLTTVx,SLTTVy,SLTTVz,SLTRVx,SLTRVy,SLTRVz,SLGA,SRTx,SRTy,SRTz,SRTR1,SRTR2,SRTR3,SRTR4,SRTR5,SRTR6,SRTR7,SRTR8,SRTR9,SRTTVx,SRTTVy,SRTTVz,SRTRVx,SRTRVy,SRTRVz,SRGA
1,0.166588,0.004513,0.378082,-0.501322,0.465042,-0.729697,-0.759891,-0.639925,0.114164,-0.413244,0.611142,0.675102,-0.027844,0.013357,-0.038281,-1.538618,0.870498,-1.737447,0.038457,-0.207883,-0.025593,0.327777,-0.760732,-0.237553,0.604026,0.531985,-0.761192,0.370827,0.372631,0.603728,0.704644,-0.061654,0.020019,-0.035238,0.007062,-0.026027,1.070195,-1.405993,0.024088,0.031316,-0.017101,0.665645,0.336255,0.666219,-0.562997,0.812257,0.15255,-0.489846,-0.476624,0.729986,-0.030835,0.0097,-0.017895,0.14008,0.225506,1.375245,-0.854461,0.085089,0.039782,-0.035886,0.577263,-0.397185,-0.713449,0.661156,0.740109,0.122926,0.479206,-0.542662,0.689838,-0.020528,0.011972,-0.023444,-0.128457,-0.667336,-0.168709,-0.196294
2,0.165915,0.004737,0.377304,-0.499861,0.451783,-0.73897,-0.756277,-0.643484,0.11809,-0.42155,0.617329,0.664249,-0.028088,0.010077,-0.040451,-0.147384,-0.653064,-0.155099,0.049975,-0.209133,-0.025108,0.327012,-0.777878,-0.208403,0.592845,0.499638,-0.777123,0.382591,0.381944,0.594076,0.707853,-0.062102,0.030456,-0.044318,0.170094,-0.154466,0.784486,-1.406258,0.023463,0.031548,-0.017487,0.683486,0.304958,0.663208,-0.532345,0.829886,0.16702,-0.499454,-0.467212,0.729559,-0.030851,0.009612,-0.018025,0.369872,-0.117647,1.175594,-0.851522,0.084753,0.039898,-0.036273,0.576219,-0.384165,-0.721379,0.656713,0.743049,0.128861,0.486517,-0.547991,0.680446,-0.02061,0.004812,-0.020171,-0.243395,-0.820156,-0.294477,-0.181108
3,0.164424,0.005015,0.375613,-0.495445,0.429686,-0.75495,-0.752193,-0.646882,0.125387,-0.433877,0.629453,0.644645,-0.028648,0.003418,-0.044942,-0.127118,-0.602064,-0.165705,0.063286,-0.211347,-0.024161,0.325572,-0.796512,-0.18435,0.575826,0.465764,-0.794187,0.39021,0.386366,0.579235,0.717684,-0.046711,0.021862,-0.034364,0.1602,-0.241558,0.46317,-1.406221,0.022349,0.032014,-0.018221,0.704035,0.278799,0.65315,-0.499505,0.848165,0.176379,-0.504805,-0.450429,0.736399,-0.030785,0.016992,-0.020404,0.257442,-0.220282,0.54576,-0.850052,0.084008,0.040041,-0.037115,0.569172,-0.363023,-0.737737,0.652025,0.745899,0.136004,0.500905,-0.558432,0.661245,-0.020885,0.00164,-0.022313,-0.216313,-0.769283,-0.276262,-0.154492
4,0.162856,0.005064,0.373646,-0.488445,0.407528,-0.771614,-0.751429,-0.64595,0.13444,-0.443035,0.64497,0.622704,-0.042654,-0.005122,-0.050496,-0.172356,-0.789311,-0.108095,0.079756,-0.213398,-0.023088,0.324278,-0.813215,-0.176344,0.554595,0.447243,-0.798956,0.401966,0.373223,0.575142,0.727859,-0.046066,0.026369,-0.029871,0.116293,-0.192498,0.296682,-1.40651,0.02134,0.032534,-0.018863,0.723524,0.267558,0.636336,-0.483093,0.854727,0.1899,-0.493085,-0.444807,0.747672,-0.022998,0.013284,-0.014796,0.029954,-0.35528,0.445571,-0.848256,0.083229,0.040073,-0.038093,0.559776,-0.342679,-0.754467,0.651178,0.744989,0.144766,0.512462,-0.572329,0.640172,-0.021355,0.00226,-0.030014,-0.136243,-0.721448,-0.278931,-0.13506
5,0.160836,0.004909,0.371361,-0.479361,0.387464,-0.787483,-0.750877,-0.645543,0.139386,-0.453759,0.657635,0.60137,-0.056852,-0.00197,-0.064516,-0.072778,-0.628132,-0.076706,0.091518,-0.215254,-0.022051,0.323274,-0.834055,-0.13688,0.534422,0.401964,-0.814108,0.419032,0.378757,0.564484,0.733324,-0.060147,0.03053,-0.025022,0.184911,0.092083,0.713935,-1.406597,0.0204,0.03306,-0.019379,0.746239,0.225777,0.62622,-0.440871,0.872463,0.21081,-0.498758,-0.433397,0.750604,-0.022798,0.014591,-0.013499,0.526038,0.212756,2.027035,-0.850868,0.082225,0.039994,-0.039231,0.548217,-0.323492,-0.771239,0.650572,0.744444,0.150191,0.52556,-0.584084,0.618572,-0.034982,-0.006198,-0.027533,-0.179583,-0.75105,-0.196439,-0.11269
6,0.159608,0.004696,0.370083,-0.47316,0.378789,-0.795414,-0.751049,-0.645345,0.139379,-0.45994,0.66287,0.590834,-0.057548,-0.018213,-0.059743,-0.059053,-0.487323,-0.065205,0.092699,-0.216325,-0.021474,0.322807,-0.842513,-0.110358,0.527243,0.375288,-0.822237,0.427808,0.387354,0.558438,0.733462,-0.059973,0.031379,-0.024209,0.704397,0.964887,1.525041,-1.406461,0.019864,0.033349,-0.019611,0.755281,0.200251,0.624058,-0.416662,0.8817,0.22135,-0.505907,-0.427203,0.749369,-0.022669,0.015782,-0.012275,2.553459,2.747046,4.556091,-0.852175,0.081611,0.039897,-0.03987,0.540966,-0.315496,-0.779626,0.650748,0.744256,0.150358,0.532805,-0.588679,0.607926,-0.035355,-0.003592,-0.033978,-0.060533,-0.578098,-0.092558,-0.107138
7,0.156868,0.004074,0.367546,-0.452616,0.36478,-0.813707,-0.756576,-0.640038,0.133847,-0.471423,0.675757,0.566691,-0.072082,-0.024392,-0.064481,-0.138974,-0.769243,-0.056264,0.095399,-0.218579,-0.020199,0.321988,-0.854206,-0.042894,0.518155,0.309753,-0.842247,0.441142,0.418555,0.537378,0.732052,-0.059035,0.024111,-0.012122,0.246284,0.272323,0.534759,-1.40698,0.018737,0.033989,-0.020027,0.766153,0.129743,0.629424,-0.352345,0.903888,0.242566,-0.537457,-0.407617,0.738231,-0.02961,0.017589,-0.010174,0.910832,0.898016,1.25493,-0.852991,0.080246,0.039586,-0.041138,0.519476,-0.305962,-0.797829,0.65713,0.739868,0.144131,0.54619,-0.599151,0.585401,-0.042595,-0.006345,-0.036101,-0.116166,-0.708795,-0.241916,-0.100933
8,0.153449,0.003133,0.364852,-0.414438,0.370606,-0.831226,-0.791916,-0.596903,0.128643,-0.447978,0.711113,0.541906,-0.086853,-0.018553,-0.077504,-0.149674,-0.803526,-0.069087,0.120595,-0.221192,-0.019232,0.321586,-0.852286,0.069485,0.518431,0.203794,-0.868562,0.451666,0.482734,0.490514,0.725415,-0.073275,0.02642,-0.009327,2.857454,3.102542,4.560263,-1.406215,0.017436,0.034474,-0.020227,0.762654,0.025342,0.646308,-0.253437,0.93104,0.262553,-0.595085,-0.364035,0.716484,-0.043814,0.008223,0.000375,0.508499,1.077479,1.520961,-0.852991,0.078542,0.03911,-0.042483,0.482865,-0.317357,-0.816164,0.698336,0.701899,0.140229,0.528363,-0.637669,0.560544,-0.050102,-0.01452,-0.034077,-0.281422,-0.895725,0.085729,-0.08444
9,0.151629,0.00262,0.363453,-0.398338,0.368928,-0.8398,-0.803891,-0.581278,0.125885,-0.441227,0.724792,0.529171,-0.087636,-0.030676,-0.070335,-0.06086,-0.569733,-0.029567,0.147383,-0.222795,-0.018908,0.321658,-0.851527,0.102452,0.514195,0.170857,-0.872824,0.457078,0.49669,0.476939,0.725046,-0.086836,0.008868,0.012401,-0.242319,-0.366682,0.538365,-1.406333,0.016639,0.034638,-0.020203,0.760001,-0.014452,0.649759,-0.216335,0.937116,0.273882,-0.612859,-0.348717,0.709083,-0.043553,0.009721,0.001836,-0.598363,-1.559649,2.029669,-0.85642,0.077632,0.038856,-0.043186,0.46661,-0.3166,-0.825856,0.712444,0.687857,0.138835,0.524116,-0.653158,0.546521,-0.050349,-0.009166,-0.038781,-0.057334,-0.768416,0.109171,-0.05962
10,0.148115,0.001558,0.360603,-0.373985,0.345052,-0.860883,-0.813947,-0.567028,0.126262,-0.44412,0.747503,0.493988,-0.088697,-0.030186,-0.07127,-0.290469,-1.357337,-0.186862,0.167264,-0.225814,-0.018586,0.322382,-0.853902,0.14031,0.501154,0.130386,-0.874442,0.46721,0.504847,0.464119,0.727727,-0.070978,0.003106,0.025325,-0.033737,-0.028063,0.040547,-1.406407,0.015097,0.0348,-0.019838,0.764071,-0.053906,0.642875,-0.177439,0.940509,0.289754,-0.620249,-0.335464,0.709051,-0.035449,0.001839,0.013002,-0.024218,-0.024603,0.023339,-0.874709,0.075875,0.038318,-0.044616,0.440329,-0.299365,-0.846457,0.72441,0.675422,0.137965,0.530414,-0.673932,0.514271,-0.04433,-0.015508,-0.035872,-0.173829,-1.130784,0.157161,-0.009653
11,0.144675,0.000395,0.357888,-0.339096,0.327979,-0.881753,-0.837112,-0.532843,0.123671,-0.42886,0.779654,0.456341,-0.075633,-0.026364,-0.069872,-0.207127,-1.09969,0.029878,0.176476,-0.228889,-0.01846,0.3234,-0.85769,0.163741,0.487388,0.105201,-0.871851,0.478269,0.504311,0.461274,0.729904,-0.085976,0.012927,0.015948,-0.012913,0.089862,-0.174142,-1.40622,0.013594,0.03487,-0.019324,0.769388,-0.079299,0.63384,-0.154278,0.939821,0.30485,-0.61987,-0.332336,0.710853,-0.035595,0.000938,0.011955,-0.030211,-0.022277,0.024189,-0.882873,0.074149,0.037725,-0.045981,0.403627,-0.2856,-0.869204,0.752079,0.644581,0.137444,0.521019,-0.709187,0.474964,-0.044604,-0.01331,-0.034885,-0.420068,-1.362572,-0.140484,0.010758
12,0.141524,-0.00044,0.355322,-0.29137,0.312165,-0.904268,-0.863285,-0.493018,0.107909,-0.41178,0.811694,0.414266,-0.074839,-0.005539,-0.071883,0.728025,-2.541673,2.509841,0.167236,-0.232092,-0.018045,0.323836,-0.866202,0.15934,0.473599,0.10252,-0.870816,0.480732,0.490097,0.464763,0.737335,-0.072069,0.019626,0.002482,0.345736,-0.423194,-0.359365,-1.406732,0.011988,0.035077,-0.019099,0.779061,-0.078812,0.621973,-0.152114,0.938662,0.309473,-0.608213,-0.335709,0.719287,-0.043282,0.010484,0.002188,-0.073978,-0.110373,0.033571,-0.884669,0.072572,0.03729,-0.047271,0.357519,-0.276465,-0.892046,0.783467,0.608656,0.125367,0.50829,-0.74371,0.434207,-0.030731,-0.009062,-0.032311,-0.238918,-0.982671,0.146824,0.015167
13,0.14017,-0.000692,0.354125,-0.27732,0.301408,-0.9123,-0.865407,-0.490784,0.100861,-0.417005,0.817107,0.398082,-0.060982,-0.012048,-0.060386,-0.019784,-0.768324,0.260011,0.154147,-0.233417,-0.017651,0.323895,-0.869772,0.149954,0.470108,0.107786,-0.871818,0.477755,0.482574,0.46602,0.741493,-0.057217,0.019887,0.002246,0.316767,-0.335434,-0.313318,-1.407022,0.011319,0.03527,-0.019074,0.783765,-0.069368,0.61717,-0.156838,0.939426,0.304762,-0.600926,-0.335657,0.72541,-0.028699,0.009551,0.000779,0.491054,-0.511316,-0.455445,-0.886792,0.071866,0.037161,-0.047898,0.339035,-0.266888,-0.902122,0.786506,0.606564,0.116136,0.5162,-0.748899,0.415555,-0.030379,-0.00555,-0.029776,-0.01727,-0.753251,0.256896,0.00243
14,0.137877,-0.001021,0.351974,-0.251223,0.287999,-0.924115,-0.869543,-0.486508,0.08471,-0.424888,0.824481,0.373802,-0.060417,-0.014238,-0.045532,0.050783,-0.405203,0.421734,0.141005,-0.23514,-0.016833,0.323822,-0.884656,0.097415,0.455944,0.149688,-0.866655,0.475854,0.442606,0.489093,0.751499,-0.028437,0.016053,-0.002499,-0.232616,-0.625325,0.423334,-1.40666,0.010447,0.035683,-0.019105,0.802276,-0.017953,0.596683,-0.198651,0.934551,0.295216,-0.56293,-0.355376,0.746201,-0.014187,0.008228,-0.001017,-0.985921,-2.044768,1.775556,-0.889241,0.070743,0.037003,-0.048955,0.312126,-0.256866,-0.914656,0.791424,0.602905,0.100757,0.52557,-0.755331,0.391472,-0.02305,-0.001466,-0.026885,0.110887,-0.495052,0.693122,-0.020594
15,0.13603,-0.001482,0.350525,-0.238479,0.283004,-0.929022,-0.872523,-0.482444,0.076954,-0.426135,0.828593,0.363139,-0.045102,-0.012078,-0.026937,0.037312,-0.229177,0.377095,0.138943,-0.235895,-0.01625,0.323466,-0.891209,0.064662,0.44895,0.180146,-0.857747,0.481405,0.417326,0.509827,0.752182,-0.015112,0.009192,-0.009838,-0.070492,0.097161,-0.004697,-1.406299,0.010065,0.035982,-0.019274,0.81077,0.012531,0.58523,-0.229931,0.926231,0.298709,-0.538315,-0.376747,0.753841,-0.000274,0.00416,-0.005523,-0.1249,0.041806,-0.019956,-0.887772,0.069824,0.036769,-0.049682,0.299463,-0.254083,-0.919653,0.794986,0.599415,0.093261,0.527559,-0.75904,0.381495,-0.022569,-0.006318,-0.013659,-0.019043,-0.060005,0.17368,-0.030064
16,0.135333,-0.001815,0.350181,-0.22963,0.283095,-0.931221,-0.874221,-0.480507,0.069442,-0.427522,0.829687,0.358987,-0.031087,-0.019735,-0.015904,0.010426,-0.21805,0.386905,0.139518,-0.235918,-0.01607,0.323224,-0.894133,0.043815,0.445642,0.20136,-0.84939,0.487774,0.401012,0.525813,0.750049,0.013769,0.00638,-0.013418,-0.803874,-0.700535,-1.141455,-1.406394,0.010042,0.03607,-0.019396,0.814526,0.030914,0.579301,-0.250646,0.919319,0.303361,-0.523185,-0.392295,0.756558,-0.000294,0.004117,-0.005535,-2.537745,-2.566529,-4.03845,-0.890874,0.069459,0.036603,-0.049866,0.290277,-0.255796,-0.92212,0.797225,0.597642,0.085175,0.529311,-0.759863,0.377409,-0.022212,-0.008157,-0.006517,0.012509,-0.212201,0.387635,-0.030718
17,0.134288,-0.002686,0.35009,-0.219741,0.283448,-0.933497,-0.876981,-0.476519,0.061689,-0.427078,0.831862,0.354453,-0.016338,-0.031747,0.009045,-0.063385,-0.120415,0.233068,0.138986,-0.235631,-0.0156,0.322565,-0.902334,-0.019742,0.430576,0.255626,-0.828619,0.497976,0.348079,0.559429,0.752159,0.013431,0.015789,-0.0234,-2.309509,-2.784131,-4.123009,-1.406686,0.010186,0.036299,-0.019717,0.826665,0.087319,0.555876,-0.302803,0.901682,0.308671,-0.474271,-0.423489,0.77183,0.006672,0.007638,-0.011964,0.065792,-0.043641,-0.007433,-0.895773,0.068938,0.036181,-0.04992,0.280674,-0.257577,-0.924594,0.800646,0.594097,0.077542,0.529326,-0.762037,0.372976,-0.014692,-0.008747,0.00164,-0.028234,-0.134418,0.246592,-0.032514
18,0.133695,-0.003514,0.350372,-0.2145,0.286493,-0.933787,-0.878831,-0.47375,0.056469,-0.425944,0.832397,0.354562,-0.015476,-0.026277,0.013498,-0.038838,0.101576,0.16032,0.170465,-0.235163,-0.015236,0.321645,-0.901827,-0.017874,0.431719,0.254649,-0.828974,0.497885,0.350111,0.558962,0.751563,0.012112,-0.001528,-0.021499,0.000995,0.041713,0.023428,-1.406697,0.010422,0.036496,-0.020177,0.825862,0.090839,0.556506,-0.306731,0.900514,0.308201,-0.473145,-0.425229,0.771564,0.006103,0.004908,-0.014758,0.042184,0.105808,-0.106913,-0.900019,0.068636,0.035764,-0.049775,0.275561,-0.261224,-0.925109,0.803063,0.591505,0.072183,0.528351,-0.762812,0.372775,-0.007471,-0.007171,0.0029,0.004678,0.22117,0.056801,-0.014225
19,0.13326,-0.004029,0.350568,-0.207501,0.294392,-0.932911,-0.890382,-0.451799,0.055414,-0.404924,0.841779,0.357032,-0.001253,-0.016121,0.004299,-1.573692,0.1652,0.573526,0.197117,-0.234461,-0.015534,0.320848,-0.894336,0.020211,0.446929,0.229585,-0.836492,0.4975,0.385023,0.547512,0.742867,0.026152,-0.016131,-0.017283,0.887917,2.107899,-1.573212,-1.407007,0.010766,0.036348,-0.020581,0.816582,0.054875,0.574614,-0.280831,0.907483,0.312424,-0.504309,-0.416489,0.756445,0.00587,-0.007335,-0.007717,0.209784,0.444982,0.552064,-0.902142,0.068415,0.035511,-0.049666,0.270057,-0.270081,-0.924188,0.816646,0.572722,0.071262,0.510057,-0.77398,0.375228,-0.007294,-0.001773,-0.001315,-5.151099,0.332696,1.956927,0.031333
20,0.133109,-0.004263,0.350547,-0.201267,0.29928,-0.932721,-0.900829,-0.430488,0.056199,-0.384464,0.851161,0.357406,-0.001345,-0.007914,-0.006486,-0.139785,0.022793,0.028373,0.205761,-0.234061,-0.01582,0.320484,-0.88546,0.081015,0.457589,0.177955,-0.850345,0.495155,0.430328,0.519767,0.737918,0.026147,-0.016339,-0.017553,0.583283,1.260397,1.537498,-1.407121,0.010956,0.036209,-0.020758,0.804803,0.004351,0.593525,-0.234916,0.920652,0.31179,-0.545074,-0.390358,0.741966,0.005729,-0.00809,-0.008526,1.17987,2.032602,-1.253629,-0.904918,0.068346,0.035403,-0.049669,0.264134,-0.275899,-0.924181,0.830702,0.551956,0.07264,0.490067,-0.786907,0.37498,-0.000647,-0.003798,-0.003101,-1.566256,0.096516,0.565506,0.045049
21,0.132917,-0.004631,0.350206,-0.19936,0.301694,-0.932353,-0.905554,-0.420271,0.05758,-0.374229,0.8554,0.358148,-0.002147,-0.012587,-0.010357,-0.000713,0.013853,-0.025262,0.237264,-0.233424,-0.016462,0.319935,-0.870363,0.161119,0.465296,0.099726,-0.867541,0.487196,0.483245,0.470236,0.738387,0.0122,-0.012629,-0.013436,0.289488,0.097091,0.520362,-1.407417,0.011288,0.035873,-0.021049,0.785162,-0.079688,0.614141,-0.151035,0.937101,0.314687,-0.600589,-0.339837,0.723741,0.006056,-0.012134,-0.002883,0.79833,0.710106,1.403937,-0.90753,0.068246,0.035219,-0.049833,0.262486,-0.278593,-0.923843,0.837045,0.542055,0.074363,0.480057,-0.792818,0.375477,-0.00116,-0.006818,-0.005608,-0.000245,0.027606,-0.051109,0.080973
22,0.132832,-0.005313,0.34963,-0.189916,0.299083,-0.935161,-0.912931,-0.404209,0.05607,-0.361003,0.864015,0.350974,-0.003467,-0.020279,-0.016797,-5.231492,-0.078094,1.890596,0.265264,-0.233237,-0.017202,0.319783,-0.845406,0.242851,0.475714,0.013338,-0.880648,0.473513,0.534983,0.406351,0.740631,-0.001516,-0.01863,0.000441,0.302707,0.065219,0.437873,-1.40794,0.011386,0.035495,-0.021133,0.756929,-0.158827,0.633903,-0.062649,0.947911,0.312311,-0.650487,-0.276111,0.707551,-0.000718,-0.009108,0.000427,0.273168,0.076997,0.458307,-0.911122,0.068204,0.034886,-0.050114,0.254499,-0.277136,-0.926512,0.843508,0.532198,0.072509,0.472993,-0.799974,0.36921,0.005102,-0.01136,-0.009413,-0.120531,-0.491523,-0.330905,0.124898
23,0.132873,-0.005771,0.349289,-0.183204,0.298164,-0.936792,-0.917899,-0.393038,0.054356,-0.351769,0.869468,0.346858,-0.003837,-0.022453,-0.018673,-0.163909,-0.055805,-0.081208,0.277801,-0.233313,-0.017514,0.319832,-0.832015,0.279033,0.479462,-0.025943,-0.882791,0.468979,0.555162,0.377409,0.741095,-0.015578,-0.014971,0.004614,2.667995,2.588311,3.993222,-1.40826,0.011354,0.035343,-0.021112,0.743946,-0.189157,0.640907,-0.028089,0.949399,0.312811,-0.667648,-0.250717,0.700989,-0.000419,-0.007625,0.001969,0.038976,-0.113691,0.141938,-0.904428,0.068223,0.034647,-0.050292,0.246065,-0.276977,-0.928835,0.853108,0.516753,0.071909,0.460062,-0.810092,0.363446,-0.001954,-0.01148,-0.009552,-0.156792,-0.021672,-0.070269,0.14286
24,0.133183,-0.00657,0.348251,-0.157477,0.292536,-0.943222,-0.930042,-0.365005,0.042015,-0.331802,0.88349,0.330726,0.009666,-0.01744,-0.03235,-0.022239,-0.322963,0.019809,0.307145,-0.233556,-0.01807,0.319972,-0.791757,0.369745,0.486211,-0.121465,-0.875274,0.468054,0.599614,0.311065,0.737268,-0.001052,-0.016302,0.002845,3.536027,3.582704,5.114814,-1.408462,0.011228,0.035072,-0.021035,0.701769,-0.276742,0.656454,0.064644,0.942399,0.328182,-0.709464,-0.187873,0.679237,-0.000407,-0.007899,0.00165,2.980761,3.339734,3.330896,-0.907693,0.068374,0.034253,-0.0508,0.220011,-0.275763,-0.935707,0.869358,0.490545,0.059842,0.442505,-0.826631,0.347662,0.00463,-0.014367,-0.012066,-0.111161,-0.398869,-0.04913,0.18303
25,0.133748,-0.007352,0.346911,-0.134527,0.28395,-0.949379,-0.93723,-0.347476,0.028823,-0.321543,0.893312,0.314054,0.00935,-0.01973,-0.034542,0.724147,-1.580046,2.334297,0.347477,-0.233703,-0.018646,0.320089,-0.730132,0.447371,0.516485,-0.212824,-0.867056,0.450392,0.650222,0.218368,0.727592,-0.000633,-0.014241,0.004986,3.797252,4.509007,2.285191,-1.408442,0.011154,0.03478,-0.020981,0.635054,-0.351233,0.687997,0.159354,0.931059,0.328228,-0.755851,-0.098807,0.647243,0.007077,-0.007155,0.002283,0.295783,0.16075,0.538401,-0.89708,0.068656,0.03386,-0.051472,0.199124,-0.269867,-0.942083,0.879058,0.474085,0.049997,0.433135,-0.838101,0.33163,0.011568,-0.015465,-0.013123,-0.01806,-0.206259,0.086972,0.231854
26,0.134597,-0.008021,0.34547,-0.133209,0.266788,-0.954529,-0.937393,-0.346579,0.033894,-0.321619,0.898953,0.297442,0.023591,-0.020002,-0.035027,-0.752029,0.581347,-2.507899,0.394077,-0.233286,-0.019112,0.320276,-0.657734,0.518881,0.546022,-0.303319,-0.845875,0.438665,0.690297,0.12226,0.713025,0.014241,-0.014143,0.004711,0.829318,0.940174,1.511608,-1.407944,0.011363,0.034545,-0.020882,0.553648,-0.418973,0.719677,0.254252,0.907997,0.33301,-0.792987,-0.001391,0.609236,0.007126,-0.006965,0.002479,0.809876,0.959083,1.5437,-0.893324,0.069083,0.033514,-0.052209,0.191844,-0.254963,-0.947728,0.879437,0.473308,0.050689,0.435644,-0.843192,0.315025,0.01181,-0.010048,-0.017568,-0.733825,0.641385,-2.470245,0.298803
27,0.135196,-0.008383,0.344728,-0.130391,0.258861,-0.957097,-0.939549,-0.340491,0.035854,-0.316448,0.903594,0.288802,0.037559,-0.021938,-0.036824,-0.008953,-0.522544,0.206537,0.400957,-0.232705,-0.019317,0.320328,-0.613281,0.556454,0.560567,-0.356472,-0.828213,0.432347,0.705611,0.064632,0.705548,0.029463,-0.012334,0.006203,4.160939,4.498573,2.664643,-1.408406,0.011631,0.034443,-0.020862,0.511167,-0.450986,0.731655,0.301394,0.891275,0.338807,-0.804903,0.04733,0.591515,0.014694,-0.006645,0.002491,3.327703,2.870907,3.763137,-0.900345,0.069369,0.033342,-0.052565,0.189294,-0.245367,-0.950768,0.882227,0.467602,0.054973,0.431093,-0.849201,0.304984,0.018745,-0.011285,-0.018699,-0.014268,-0.458467,0.023046,0.323296
28,0.136847,-0.009539,0.343211,-0.127675,0.23668,-0.963186,-0.941992,-0.332825,0.043027,-0.310238,0.912513,0.266644,0.050637,-0.039899,-0.034808,-0.043495,-0.525964,0.175797,0.404717,-0.23104,-0.019032,0.320341,-0.535712,0.619358,0.573934,-0.446525,-0.784584,0.430091,0.717342,-0.026641,0.696113,0.046065,0.01952,-0.00075,0.007533,-0.050828,0.708577,-1.408617,0.012466,0.034563,-0.020864,0.426006,-0.513235,0.745055,0.395713,0.846272,0.356698,-0.81359,0.142873,0.563611,0.023043,0.009873,-0.00025,0.181808,0.14551,0.958534,-0.902795,0.07019,0.032776,-0.053319,0.183712,-0.2237,-0.957187,0.885495,0.460445,0.062344,0.426786,-0.859039,0.282675,0.025445,-0.014757,-0.021925,-0.010075,-0.55922,0.174053,0.342565
29,0.138736,-0.010766,0.341478,-0.129154,0.219882,-0.966963,-0.942236,-0.331075,0.050512,-0.308878,0.917359,0.251145,0.036862,-0.029995,-0.044755,0.024208,-0.211093,0.115161,0.414643,-0.228891,-0.017983,0.320313,-0.481788,0.650604,0.587016,-0.495383,-0.7547,0.430067,0.723419,-0.084405,0.68513,0.061032,0.033328,-0.006825,1.073403,1.33018,1.123093,-1.408015,0.013559,0.035104,-0.020869,0.37041,-0.542056,0.7543,0.443112,0.816824,0.36939,-0.816361,0.197414,0.542752,0.030564,0.016878,-0.003235,1.062698,1.401709,1.112486,-0.906387,0.071139,0.032157,-0.054184,0.182884,-0.206426,-0.961218,0.885765,0.458825,0.069993,0.426583,-0.864214,0.266757,0.025572,-0.010612,-0.027614,0.086651,-0.261248,0.387482,0.357261
30,0.139536,-0.01122,0.340499,-0.135732,0.215319,-0.967088,-0.941741,-0.331191,0.058382,-0.307559,0.918404,0.248933,0.037401,-0.018229,-0.05278,0.055941,-0.121029,0.109035,0.417595,-0.227598,-0.01764,0.320315,-0.440733,0.665784,0.602062,-0.528492,-0.734519,0.425573,0.726109,-0.131447,0.674797,0.060276,0.018556,-0.002467,0.71103,2.17529,-1.667684,-1.407577,0.014184,0.035278,-0.020857,0.327097,-0.556702,0.763602,0.476043,0.795106,0.375752,-0.816327,0.240601,0.525091,0.037507,0.003436,0.002346,0.176931,0.323752,0.620747,-0.90851,0.071538,0.031921,-0.054674,0.188756,-0.201217,-0.961188,0.885052,0.458957,0.077726,0.425504,-0.865373,0.264718,0.018565,-0.014736,-0.022297,0.003879,0.060654,-0.021703,0.362159
31,0.140836,-0.011769,0.338493,-0.14842,0.202877,-0.967914,-0.93988,-0.333302,0.074206,-0.307377,0.920486,0.241355,0.023977,-0.013375,-0.048845,0.029791,-0.30186,-0.181409,0.436828,-0.224825,-0.017686,0.320555,-0.370477,0.685993,0.626221,-0.575164,-0.698724,0.425329,0.729784,-0.203454,0.652598,0.074484,-0.018689,0.017525,0.799882,1.093021,0.958302,-1.407652,0.015566,0.035272,-0.020742,0.25396,-0.570067,0.781362,0.520285,0.761528,0.386493,-0.815357,0.308378,0.489995,0.037196,-0.003856,0.00437,3.306152,2.85129,3.372494,-0.912592,0.072193,0.03164,-0.055683,0.19937,-0.18838,-0.961646,0.882608,0.460878,0.092702,0.425738,-0.867239,0.258151,0.019274,-0.001524,-0.028967,0.045067,-0.439506,-0.199723,0.377672
32,0.14186,-0.012011,0.336391,-0.160917,0.187227,-0.96907,-0.937235,-0.336701,0.090524,-0.309146,0.922582,0.230864,0.024285,-0.002791,-0.058026,0.051889,-0.41742,-0.222277,0.488591,-0.22169,-0.018581,0.320991,-0.293268,0.700523,0.650578,-0.622844,-0.656171,0.425956,0.725643,-0.281156,0.627899,0.087557,-0.028708,0.006438,4.520933,4.203454,3.802642,-1.407392,0.017164,0.034828,-0.020507,0.174259,-0.580238,0.795585,0.56599,0.720167,0.401264,-0.805783,0.38037,0.453905,0.043761,-0.014634,0.002507,4.517128,4.267985,3.77731,-0.913899,0.072705,0.03152,-0.056726,0.209608,-0.171251,-0.962672,0.87914,0.463957,0.108886,0.427992,-0.869146,0.247802,0.01208,-0.00673,-0.024665,-0.011605,-0.546643,-0.326244,0.428782
33,0.142275,-0.012168,0.335274,-0.169382,0.176817,-0.969583,-0.935476,-0.338414,0.101654,-0.309943,0.924021,0.223938,0.023792,-0.00658,-0.061718,-0.026503,-0.609723,-0.640323,0.510541,-0.219985,-0.019431,0.321241,-0.236935,0.707077,0.666255,-0.655963,-0.622199,0.427218,0.716908,-0.336689,0.610366,0.087721,-0.053162,0.020501,3.194211,3.45798,3.289127,-1.407238,0.017982,0.03442,-0.020392,0.120081,-0.583565,0.803138,0.596372,0.689159,0.411581,-0.793674,0.429546,0.430777,0.043613,-0.021838,0.005281,-0.033299,1.666635,-0.093895,-0.914388,0.072914,0.031449,-0.057278,0.216189,-0.161363,-0.962924,0.877021,0.465507,0.118894,0.429063,-0.870209,0.242156,0.004854,-0.002419,-0.030061,-0.046846,0.26245,-0.907958,0.464706
34,0.143093,-0.012881,0.33278,-0.179669,0.148817,-0.972429,-0.932302,-0.341154,0.119992,-0.313676,0.927972,0.20125,0.022293,-0.027549,-0.063226,-0.008527,-0.57281,-0.365119,0.517266,-0.21608,-0.021422,0.322213,-0.128808,0.711513,0.69076,-0.712064,-0.551063,0.435004,0.690317,-0.436711,0.576723,0.118772,-0.045487,0.026768,3.492496,3.010222,3.159215,-1.407145,0.019921,0.033401,-0.019929,0.007409,-0.584216,0.811563,0.648293,0.620727,0.440922,-0.761354,0.522865,0.383342,0.052173,-0.02801,0.018132,-0.126711,0.815158,0.110419,-0.913899,0.073324,0.031108,-0.058517,0.222836,-0.130126,-0.966131,0.872933,0.467816,0.138331,0.433971,-0.874194,0.217838,0.011058,-0.014676,-0.032463,-0.032251,-0.704335,-0.471596,0.503243
35,0.143518,-0.013941,0.330212,-0.195343,0.12171,-0.973177,-0.928239,-0.343215,0.143344,-0.316327,0.931192,0.181234,0.007909,-0.02766,-0.064194,0.004757,-0.386906,-0.357512,0.515061,-0.211697,-0.023124,0.323579,-0.043874,0.704599,0.708243,-0.741423,-0.49801,0.44968,0.669604,-0.506245,0.543333,0.120131,-0.037476,0.034487,3.126177,3.480117,3.208636,-1.407667,0.022156,0.03253,-0.019238,-0.079961,-0.575194,0.814098,0.67708,0.568046,0.467852,-0.731551,0.58862,0.344031,0.060081,-0.018352,0.017382,3.162991,3.4266,3.168181,-0.910796,0.073541,0.030568,-0.05981,0.234667,-0.100621,-0.966853,0.867973,0.469512,0.161805,0.437668,-0.877173,0.197516,0.003995,-0.013847,-0.032108,-0.004822,-0.437211,-0.412382,0.508631
36,0.143262,-0.014552,0.327673,-0.208339,0.092879,-0.97366,-0.918071,-0.36182,0.161875,-0.337004,0.927499,0.161864,-0.005071,-0.006939,-0.063956,0.162153,-0.582429,-0.435989,0.514978,-0.206501,-0.024756,0.325089,0.029645,0.680728,0.73193,-0.748804,-0.469817,0.467437,0.662026,-0.562765,0.494853,0.135016,-0.037509,0.033039,0.335371,1.891161,1.095778,-1.407075,0.024654,0.031757,-0.0185,-0.15218,-0.548657,0.82208,0.679665,0.545785,0.490074,-0.717561,0.633319,0.289845,0.067548,-0.018355,0.016885,-0.77846,0.984042,0.194038,-0.910959,0.073418,0.030246,-0.061074,0.243367,-0.072356,-0.967231,0.855255,0.48638,0.178807,0.457504,-0.870746,0.180252,-0.009705,-0.003044,-0.031539,1.635991,-0.960407,-0.795645,0.508794
37,0.143028,-0.014672,0.326639,-0.212249,0.081435,-0.97384,-0.916409,-0.36261,0.169355,-0.339076,0.928281,0.152805,-0.004311,-0.010958,-0.048992,-0.021026,-0.588795,-0.390179,0.514822,-0.203929,-0.025563,0.325681,0.061539,0.666757,0.742724,-0.749309,-0.460601,0.475729,0.659209,-0.586623,0.470298,0.134272,-0.030302,0.020429,-0.5392,1.444525,0.587009,-1.407189,0.026042,0.031328,-0.018168,-0.18981,-0.532151,0.825097,0.680506,0.534467,0.501255,-0.707731,0.656627,0.260685,0.067096,-0.015427,0.009867,-0.482167,1.370222,0.548621,-0.914389,0.073297,0.030174,-0.061624,0.245789,-0.059824,-0.967475,0.852973,0.487475,0.186557,0.46046,-0.871084,0.170845,-0.009267,0.000285,-0.028441,-0.041011,-0.812567,-0.56468,0.508631
38,0.142428,-0.014514,0.324808,-0.216993,0.053971,-0.974703,-0.907059,-0.380154,0.18083,-0.360516,0.923286,0.132661,-0.016699,0.014234,-0.043705,1.650642,-0.754117,-0.512982,0.512799,-0.198826,-0.027041,0.32634,0.13646,0.633585,0.761538,-0.761576,-0.424403,0.489712,0.633294,-0.647569,0.423622,0.119203,-0.036427,0.014423,-0.28021,1.272225,0.108359,-1.407377,0.028499,0.030616,-0.017843,-0.265114,-0.49726,0.826103,0.688837,0.501831,0.523132,-0.674697,0.707741,0.209489,0.059558,-0.017918,0.007201,3.416866,3.819268,2.55152,-0.919614,0.073008,0.030232,-0.062531,0.246586,-0.032921,-0.968561,0.843979,0.498521,0.197924,0.476333,-0.866251,0.150713,-0.008426,0.001632,-0.017647,-0.054598,-0.690791,-0.490917,0.507815
39,0.141891,-0.013658,0.323271,-0.222889,0.022259,-0.974613,-0.894214,-0.402779,0.195249,-0.387938,0.915005,0.110894,-0.015175,0.034059,-0.043376,0.032258,-0.707454,-0.419363,0.514526,-0.194133,-0.028156,0.326604,0.199385,0.600235,0.774567,-0.756907,-0.407551,0.510811,0.622024,-0.688854,0.37206,0.132984,-0.017096,-0.006681,-0.63863,1.023395,0.210261,-1.407802,0.03089,0.03004,-0.017702,-0.330164,-0.46121,0.823575,0.680795,0.488017,0.546219,-0.653841,0.741029,0.152863,0.059386,-0.013994,0.001358,-0.821641,1.251489,0.308429,-0.920593,0.072733,0.030663,-0.063311,0.24825,-8.6e-05,-0.968695,0.824803,0.524443,0.211328,0.508007,-0.851445,0.130264,-0.007527,0.012555,-0.016495,0.003767,-0.73529,-0.429194,0.508631
40,0.141655,-0.013132,0.322636,-0.222223,0.00023,-0.975019,-0.885574,-0.418395,0.201684,-0.407628,0.908271,0.094396,-0.014748,0.027432,-0.030669,0.019411,-0.945655,-0.265218,0.516227,-0.191768,-0.028677,0.326527,0.226105,0.586025,0.778102,-0.750519,-0.404266,0.522709,0.620588,-0.70288,0.347411,0.118115,-0.020491,-0.009481,-0.64444,1.299176,0.340602,-1.407751,0.032122,0.029775,-0.017742,-0.356115,-0.446641,0.820788,0.672935,0.486854,0.556894,-0.648336,0.750655,0.127184,0.05903,-0.010617,-0.005187,-0.559538,1.185958,0.26466,-0.913898,0.072615,0.03093,-0.063632,0.244784,0.02168,-0.969334,0.813901,0.538722,0.217582,0.526919,-0.842204,0.114226,-0.007251,0.014382,-0.014678,0.109483,-1.358297,0.270021,0.509774
41,0.141365,-0.012429,0.321815,-0.223577,-0.050024,-0.973425,-0.858733,-0.462315,0.220939,-0.460811,0.885372,0.061619,-0.014991,0.006907,-0.012502,5.343743,-1.817852,-0.971962,0.518427,-0.18722,-0.029336,0.326007,0.275763,0.566611,0.776465,-0.73966,-0.390666,0.547921,0.613441,-0.726103,0.310366,0.103108,-0.007824,-0.015695,-0.562086,1.177178,0.477619,-1.407621,0.034312,0.029441,-0.018,-0.40258,-0.428883,0.808695,0.658834,0.477577,0.581255,-0.635505,0.766797,0.090299,0.058618,0.001413,-0.012864,0.784362,1.775481,0.92533,-0.922553,0.072472,0.031293,-0.064031,0.239293,0.071032,-0.968345,0.784253,0.573847,0.235894,0.572438,-0.815875,0.08161,-0.007467,0.003494,-0.006219,0.337337,-1.18742,-0.723108,0.514673
42,0.141029,-0.012278,0.321094,-0.221599,-0.098781,-0.970145,-0.833144,-0.497788,0.240937,-0.506459,0.861784,0.02922,-0.016026,0.000116,-0.019319,0.077711,-0.668168,-0.429773,0.521056,-0.18305,-0.029163,0.325298,0.324327,0.552396,0.767894,-0.72489,-0.376252,0.576977,0.607225,-0.744437,0.277406,0.102796,0.008949,-0.018602,-0.508941,0.798689,0.542381,-1.406967,0.036403,0.029509,-0.018359,-0.449864,-0.415724,0.790439,0.639215,0.468225,0.610056,-0.623719,0.779704,0.0551,0.051783,-0.000757,-0.00488,-0.367767,0.548035,0.359317,-0.925982,0.072307,0.03139,-0.064384,0.230046,0.121343,-0.965584,0.74995,0.610218,0.255357,0.620203,-0.782884,0.049376,-0.000854,-0.001037,-0.010725,0.396246,-0.880271,-0.513473,0.519572
43,0.140681,-0.012671,0.320495,-0.217301,-0.130607,-0.967351,-0.826398,-0.502786,0.253466,-0.519213,0.854658,0.002529,-0.016303,-0.010864,-0.011028,-0.064684,-0.355354,-0.319212,0.517689,-0.179622,-0.028853,0.324522,0.34584,0.54068,0.766845,-0.71744,-0.374186,0.587536,0.604167,-0.754012,0.257508,0.087115,0.016973,-0.029249,-0.209046,0.495806,0.08173,-1.406692,0.038162,0.029672,-0.018742,-0.471523,-0.40401,0.783862,0.629664,0.468079,0.620019,-0.617404,0.785924,0.03368,0.043956,0.003159,-0.010305,-0.343475,0.553262,0.324964,-0.928431,0.072132,0.031195,-0.06469,0.221258,0.152029,-0.963291,0.742136,0.614574,0.267454,0.632675,-0.77407,0.023153,-0.000888,-0.005884,-0.005926,-0.093228,-0.665337,-0.205696,0.519245
44,0.140637,-0.012809,0.320341,-0.220292,-0.136449,-0.965867,-0.825327,-0.501692,0.259058,-0.51965,0.854394,-0.000892,-0.000962,-0.006311,-0.006361,-0.018889,-0.128862,-0.103331,0.517008,-0.177993,-0.028675,0.324003,0.353753,0.5364,0.766241,-0.717463,-0.369816,0.590269,0.599534,-0.759207,0.253034,0.072977,0.003016,-0.022856,-0.042597,0.1366,0.033957,-1.407041,0.038981,0.02977,-0.019,-0.480224,-0.399247,0.781015,0.628423,0.464588,0.623892,-0.611938,0.790417,0.02779,0.043516,0.006804,-0.01651,0.030164,0.078076,0.023883,-0.931697,0.072102,0.031111,-0.064782,0.223399,0.159044,-0.961663,0.740998,0.613257,0.273561,0.633256,-0.773704,0.019149,-0.000525,-0.003476,-0.003505,0.001214,-0.037159,-0.141489,0.517122
45,0.14058,-0.012886,0.320395,-0.223792,-0.133543,-0.965468,-0.824707,-0.501947,0.260538,-0.519136,0.854701,0.003401,0.000446,0.002922,0.002945,0.059881,0.362099,0.251133,0.516808,-0.175386,-0.028638,0.32271,0.377264,0.520082,0.766275,-0.70483,-0.375323,0.601898,0.600153,-0.767796,0.223985,0.043184,-0.007237,-0.031307,-0.544228,0.926011,0.402754,-1.406815,0.04028,0.029799,-0.01962,-0.500137,-0.384858,0.775723,0.616169,0.471257,0.631071,-0.608438,0.793599,0.001445,0.021598,-0.003988,-0.016079,-0.376219,0.585606,0.434168,-0.93431,0.072073,0.031068,-0.064767,0.226998,0.157966,-0.960998,0.740227,0.613251,0.275654,0.632877,-0.77393,0.022276,0.000246,0.001596,0.00161,0.073038,0.506932,0.305008,0.515653
46,0.140798,-0.013152,0.320813,-0.220625,-0.127004,-0.967078,-0.813832,-0.52251,0.254229,-0.53733,0.843286,0.013125,0.014884,-0.007896,0.011561,0.082758,0.441652,0.316516,0.513355,-0.174557,-0.028506,0.321364,0.391055,0.495514,0.775586,-0.699367,-0.387664,0.600447,0.597695,-0.777822,0.193949,0.012882,0.008417,-0.032367,-0.264425,0.681321,-0.115322,-1.407186,0.040726,0.029845,-0.020341,-0.516724,-0.357693,0.77785,0.609836,0.483909,0.627638,-0.600911,0.798678,-0.031914,0.006468,0.004381,-0.016022,-0.279294,0.69927,-0.095768,-0.935943,0.072178,0.030943,-0.06455,0.224893,0.150467,-0.962695,0.726826,0.632124,0.268592,0.648957,-0.760117,0.032796,0.007288,-0.009642,0.009747,0.139647,0.463444,0.282399,0.513367
47,0.141039,-0.013469,0.321135,-0.21863,-0.127836,-0.967421,-0.805166,-0.536447,0.252794,-0.551022,0.834361,0.01556,0.014484,-0.019968,0.018828,-0.015856,0.07115,0.034497,0.511115,-0.174488,-0.028163,0.320757,0.393351,0.48251,0.782592,-0.699935,-0.3946,0.595244,0.595518,-0.782482,0.181501,-0.00266,0.024201,-0.034411,-0.019232,0.257514,-0.035523,-1.406914,0.040761,0.030001,-0.020638,-0.520461,-0.343407,0.781787,0.610759,0.490124,0.621893,-0.596735,0.801155,-0.045352,-0.001299,0.012403,-0.016901,0.006325,0.307465,-0.22466,-0.93529,0.072299,0.030794,-0.064387,0.223234,0.148671,-0.96336,0.716408,0.645158,0.265573,0.661003,-0.749444,0.037512,0.007288,-0.009623,0.009761,0.069941,-0.011226,0.031582,0.510264
48,0.141554,-0.014273,0.321829,-0.211277,-0.135248,-0.968047,-0.755616,-0.605624,0.249472,-0.619759,0.784346,0.026965,0.014139,-0.022423,0.016365,5.829248,-1.084737,0.072301,0.505387,-0.174734,-0.02719,0.319669,0.418352,0.46855,0.778097,-0.687408,-0.396446,0.608469,0.593035,-0.789985,0.15523,-0.016566,0.017493,-0.020201,-0.550557,1.130379,0.240724,-1.406301,0.040644,0.030493,-0.021185,-0.541438,-0.332238,0.772309,0.598274,0.493138,0.631571,-0.590687,0.80401,-0.068235,-0.008674,0.014099,-0.01444,-0.298403,0.706145,0.193986,-0.937412,0.072558,0.030398,-0.064033,0.21551,0.155768,-0.963997,0.662202,0.702211,0.261508,0.717664,-0.694719,0.048184,0.007063,-0.011219,0.008153,1.687279,0.125863,0.50406,0.508794
49,0.142423,-0.015481,0.322336,-0.204897,-0.141713,-0.968494,-0.728267,-0.639009,0.247521,-0.653707,0.756213,0.028933,0.027744,-0.030167,0.008642,-0.068964,0.017641,0.001241,0.463271,-0.175427,-0.02668,0.318915,0.450492,0.453908,0.768775,-0.665171,-0.403547,0.628197,0.594803,-0.794907,0.119143,-0.030626,0.004465,-0.01271,-0.44747,0.871445,0.252401,-1.406362,0.040303,0.03076,-0.021557,-0.573369,-0.318284,0.754944,0.571998,0.504199,0.646994,-0.58657,0.802793,-0.107035,-0.008299,0.007416,-0.011501,-0.535234,1.050361,0.390005,-0.937412,0.072988,0.029802,-0.063772,0.207734,0.160986,-0.964846,0.626085,0.735976,0.257596,0.751574,-0.657587,0.052096,0.013853,-0.015153,0.004225,-0.07905,-0.01782,0.012671,0.472381
50,0.143596,-0.016313,0.322639,-0.204104,-0.141175,-0.96874,-0.729776,-0.637633,0.246625,-0.652272,0.757474,0.028325,0.029085,-0.002238,-0.002154,0.001969,-0.029428,0.059107,0.387324,-0.176256,-0.026387,0.318227,0.473089,0.431974,0.767839,-0.64894,-0.418439,0.635389,0.595159,-0.799391,0.08138,-0.016647,0.014018,-0.023922,-0.210591,0.465611,0.263094,-1.406023,0.039889,0.030905,-0.021888,-0.594969,-0.296703,0.746979,0.555323,0.520125,0.648911,-0.581056,0.800897,-0.144692,-0.008307,0.007082,-0.011867,-0.347268,0.685533,0.388455,-0.934147,0.073572,0.029362,-0.06363,0.207029,0.160553,-0.96507,0.627944,0.734626,0.256923,0.750215,-0.659202,0.051271,0.014453,-0.006492,0.003213,-0.036353,-0.014778,0.041356,0.387143
51,0.14416,-0.016366,0.322718,-0.201173,-0.137551,-0.969873,-0.730809,-0.638205,0.242044,-0.652029,0.757654,0.029076,0.029757,0.002538,0.002637,0.005981,-0.021988,0.099195,0.356246,-0.17651,-0.026185,0.31777,0.466214,0.429546,0.773386,-0.64262,-0.436232,0.629821,0.607315,-0.791136,0.071665,-0.015924,0.000738,-0.018005,-0.042913,0.12918,-0.08155,-1.406402,0.039756,0.031015,-0.022122,-0.589873,-0.29276,0.752555,0.549777,0.536992,0.639831,-0.591433,0.791157,-0.155804,-0.008328,0.006288,-0.012715,-0.022204,0.163687,-0.434337,-0.931044,0.073864,0.029329,-0.063596,0.204666,0.156191,-0.966289,0.629038,0.735362,0.252098,0.749948,-0.659429,0.052253,0.014915,0.001555,0.001585,-0.004164,-0.046765,0.075954,0.334563
52,0.145007,-0.015943,0.32291,-0.198895,-0.13707,-0.970411,-0.730911,-0.638862,0.239991,-0.652615,0.757187,0.02809,0.016289,0.0213,0.001991,0.037093,-0.043655,0.072005,0.343874,-0.177204,-0.026032,0.316813,0.448522,0.438694,0.778696,-0.631241,-0.461157,0.62354,0.632068,-0.771739,0.069083,-0.016072,-0.003147,-0.022216,0.020027,0.118224,-0.20776,-1.40601,0.039409,0.031095,-0.022597,-0.572476,-0.301543,0.762457,0.540773,0.560126,0.627553,-0.616306,0.771576,-0.157592,-0.00804,-0.002348,-0.011906,0.021025,0.12812,-0.228612,-0.930717,0.074281,0.029532,-0.063502,0.202519,0.155719,-0.966817,0.629182,0.735848,0.250313,0.750409,-0.658998,0.051047,0.008132,0.005738,0.005754,0.000625,-0.044567,0.078564,0.276759
53,0.145624,-0.015266,0.323224,-0.197467,-0.136797,-0.970742,-0.730713,-0.639567,0.238714,-0.653273,0.75664,0.027544,0.01644,0.013116,0.013104,-0.002281,0.057244,-0.091954,0.41175,-0.178005,-0.026577,0.316023,0.425659,0.443182,0.78892,-0.616812,-0.495664,0.611387,0.661446,-0.747387,0.061364,-0.015479,-0.017713,-0.017814,-1.988886,0.15016,-2.613981,-1.405962,0.039008,0.030826,-0.022996,-0.552851,-0.305891,0.775103,0.529103,0.58974,0.610127,-0.643742,0.74742,-0.164191,-0.007803,-0.00896,-0.009343,-4.363813,-3.337145,-0.414106,-0.917817,0.07459,0.029878,-0.063345,0.201024,0.155208,-0.967211,0.628958,0.736515,0.24891,0.750999,-0.658372,0.050437,0.001044,0.012521,0.002817,0.035824,-0.043396,0.067274,0.312519
54,0.145706,-0.014905,0.323425,-0.200534,-0.137389,-0.970029,-0.729783,-0.639619,0.241405,-0.653373,0.75649,0.02921,0.001851,0.013582,0.013519,0.000683,-0.014599,0.02463,0.444671,-0.178206,-0.026821,0.315731,0.421858,0.44208,0.791576,-0.615116,-0.501709,0.608157,0.665451,-0.743994,0.059265,-0.000401,-0.011288,-0.01219,-0.395543,-0.287987,-0.054518,-1.406116,0.038902,0.030689,-0.023157,-0.548306,-0.302383,0.779695,0.528479,0.59729,0.603285,-0.648128,0.742837,-0.167695,-0.000583,-0.000291,-0.010432,-1.293589,-1.020132,-0.133727,-0.916185,0.074637,0.030063,-0.063241,0.204114,0.15627,-0.966393,0.627944,0.736427,0.251713,0.751014,-0.65822,0.052186,0.001092,0.012906,0.003183,0.030885,0.054913,-0.098592,0.357751
55,0.145624,-0.014436,0.323848,-0.200676,-0.135808,-0.970222,-0.725916,-0.64442,0.240294,-0.657623,0.752688,0.031944,0.001004,0.007364,0.007298,0.000122,8.2e-05,6e-05,0.474546,-0.178102,-0.026888,0.315558,0.419571,0.443338,0.792087,-0.616564,-0.501086,0.607203,0.665559,-0.743666,0.062089,0.014921,0.00118,1.3e-05,0.002684,-0.016309,0.028559,-1.406195,0.038948,0.030641,-0.023258,-0.545857,-0.303825,0.780852,0.529866,0.596755,0.602599,-0.649061,0.74268,-0.164757,4.3e-05,0.000996,0.001082,-0.004235,-0.004014,0.031644,-0.919614,0.074603,0.030308,-0.063019,0.204419,0.154652,-0.966589,0.623506,0.740646,0.250363,0.75462,-0.653854,0.054976,0.000564,0.00418,0.004142,3.2e-05,-0.018745,0.022312,0.42568
