frame,MLTx,MLTy,MLTz,MLTR1,MLTR2,MLTR3,MLTR4,MLTR5,MLTR6,MLTR7,MLTR8,MLTR9,MLTTVx,MLTTVy,MLTTVz,MLTRVx,MLTRVy,MLTRVz,MLGA,MRTx,MRTy,MRTz,MRTR1,MRTR2,MRTR3,MRTR4,MRTR5,MRTR6,MRTR7,MRTR8,MRTR9,MRTTVx,MRTTVy,MRTTVz,MRTRVx,MRTRVy,MRTRVz,MRGA,SLTx,SLTy,SLTz,SLTR1,SLTR2,SLTR3,SLTR4,SLTR5,SLTR6,SLTR7,SLTR8,SLTR9,SLTTVx,SLTTVy,SLTTVz,SLTRVx,SLTRVy,SLTRVz,SLGA,SRTx,SRTy,SRTz,SRTR1,SRTR2,SRTR3,SRTR4,SRTR5,SRTR6,SRTR7,SRTR8,SRTR9,SRTTVx,SRTTVy,SRTTVz,SRTRVx,SRTRVy,SRTRVz,SRGA
922,0.022175,0.046358,0.388525,-0.337799,-0.342313,-0.876789,0.154235,-0.939066,0.307145,-0.928085,-0.03106,0.371108,0.024604,0.018597,0.012374,-4.832693,1.976009,2.366321,-1.910713,-0.133003,0.088433,0.334867,0.996765,0.003226,0.080251,-0.001613,0.99979,-0.018726,-0.081554,0.018513,0.996428,-0.034067,-0.001925,-0.012266,-0.645629,0.265569,-1.440507,0.078338,0.023489,0.059902,-0.015843,-0.978028,-0.014853,0.207942,-0.004938,-0.995528,-0.094336,0.208414,-0.09329,0.973581,-0.01066,-0.006366,-0.002878,-1.234661,0.574741,-5.700093,-0.115408,0.049115,0.044787,-0.047053,-0.356321,-0.224955,-0.906879,-0.051286,-0.964413,0.259377,-0.932954,0.138931,0.332103,0.006493,0.011733,0.007629,-0.29936,0.365649,0.591939,-0.827086
923,0.023037,0.047234,0.389073,-0.397967,-0.274637,-0.875352,0.029092,-0.957442,0.287106,-0.916458,0.089128,0.390114,0.025368,0.020201,0.01323,-0.205585,0.602502,0.58114,-1.904211,-0.134234,0.08792,0.334469,0.995017,0.073249,0.067585,-0.074048,0.997159,0.011141,-0.067833,-0.0162,0.997496,-0.020504,-0.016676,-0.008172,-1.944961,-2.425534,-5.17309,0.131743,0.022882,0.059648,-0.016041,-0.977917,-0.079487,0.193283,0.066294,-0.995066,-0.073804,0.198196,-0.059361,0.978363,-0.015834,-0.009239,-0.00415,-0.432133,-0.005273,0.285202,-0.047642,0.049541,0.045224,-0.046779,-0.401829,-0.145584,-0.904067,-0.180728,-0.955252,0.234155,-0.897702,0.257481,0.357538,0.012961,0.01065,0.006941,-4.851695,2.49504,2.886014,-0.818758
924,0.023534,0.04761,0.389283,-0.420424,-0.241538,-0.874613,-0.020522,-0.961142,0.275238,-0.906589,0.13396,0.400223,0.024271,0.018318,0.011946,-1.04124,1.115621,1.340299,-1.903526,-0.134825,0.087667,0.334253,0.993958,0.09596,0.053197,-0.097331,0.994876,0.026128,-0.051673,-0.031287,0.998106,-0.031625,-0.019543,-0.008997,-1.478466,-2.602435,-0.089693,0.15852,0.022567,0.059512,-0.016159,-0.978815,-0.106058,0.175134,0.09674,-0.993442,-0.06094,0.180449,-0.042707,0.982656,-0.015759,-0.009954,-0.004599,-1.383099,-2.628669,-0.110232,-0.011065,0.049803,0.045426,-0.046664,-0.416415,-0.109219,-0.902589,-0.22978,-0.947886,0.22071,-0.879658,0.299304,0.369618,0.012315,0.009549,0.006179,-4.705614,1.787051,2.476404,-0.817452
925,0.024841,0.048275,0.389476,-0.452442,-0.195848,-0.870049,-0.086849,-0.961277,0.261486,-0.887011,0.194108,0.418999,0.036233,0.021161,-0.001696,-4.545471,1.722252,2.859787,-1.902946,-0.136108,0.08706,0.333822,0.989194,0.145583,0.01708,-0.146189,0.98773,0.054323,-0.010212,-0.056433,0.998285,-0.031672,-0.020095,-0.009377,-1.552632,-2.696291,-0.994724,0.246502,0.021926,0.059204,-0.016377,-0.979062,-0.152849,0.134435,0.148761,-0.988063,-0.040005,0.138945,-0.019169,0.990113,-0.015796,-0.010119,-0.00472,-1.586881,-2.650649,-0.999881,0.08348,0.050453,0.045761,-0.046561,-0.439407,-0.059197,-0.896334,-0.289673,-0.935183,0.203768,-0.8503,0.349182,0.393778,0.016695,0.004637,0.003147,0.29166,0.472772,0.537197,-0.817615
926,0.026163,0.049055,0.389377,-0.474576,-0.164601,-0.864713,-0.142152,-0.955136,0.259769,-0.868091,0.246399,0.430967,0.037461,0.030425,-0.011463,-1.345064,0.270639,1.045439,-1.903257,-0.137701,0.086278,0.333423,0.978026,0.207844,-0.016047,-0.206053,0.975782,0.072967,0.029588,-0.068336,0.997155,-0.042993,-0.022722,-0.0101,-0.023495,-0.374375,-1.312071,0.305124,0.021146,0.058821,-0.016573,-0.972821,-0.210909,0.095574,0.209267,-0.977485,-0.02701,0.099119,-0.006275,0.995055,-0.02251,-0.005009,-0.008194,0.099909,-0.723282,-5.150308,0.175576,0.051112,0.046145,-0.046608,-0.455937,-0.021637,-0.889748,-0.345969,-0.916772,0.199581,-0.820016,0.398822,0.410504,0.017667,0.009968,-0.00133,-4.749155,1.294483,2.521244,-0.82333
927,0.02677,0.049577,0.389245,-0.483448,-0.154928,-0.86158,-0.163128,-0.951033,0.262486,-0.859461,0.267633,0.435578,0.023331,0.023878,-0.000344,-0.290453,0.530639,-0.676677,-1.90317,-0.138529,0.085885,0.333204,0.974139,0.223591,-0.032428,-0.220189,0.971879,0.083075,0.048859,-0.074085,0.995985,-0.044743,-0.010461,-0.016658,-0.485091,-0.97761,0.014736,0.316143,0.020733,0.058618,-0.016681,-0.970754,-0.227039,0.078032,0.226175,-0.973884,-0.019858,0.080503,-0.001628,0.996752,-0.021446,-0.011905,-0.005373,-1.393592,-2.623231,-1.205909,0.211173,0.051421,0.046409,-0.046678,-0.461706,-0.0093,-0.886984,-0.367523,-0.908071,0.200829,-0.807312,0.418711,0.415844,0.018455,0.01475,-0.006064,-1.031447,1.497309,-1.87857,-0.825616
928,0.027886,0.050688,0.388823,-0.491531,-0.133984,-0.860518,-0.205901,-0.942203,0.264253,-0.845581,0.307231,0.43661,0.022769,0.029659,-0.012206,-0.364926,0.150663,0.123401,-1.903057,-0.140223,0.085066,0.33262,0.971811,0.230268,-0.050505,-0.224765,0.969793,0.094418,0.069492,-0.080711,0.994243,-0.053818,-0.030803,-0.014231,-0.230939,0.119384,0.055784,0.317285,0.019888,0.058226,-0.016969,-0.970854,-0.232447,0.058383,0.232336,-0.972595,-0.008785,0.058825,0.005035,0.998255,-0.022034,-0.008401,-0.010276,-0.260432,0.008619,0.308445,0.235667,0.051983,0.046967,-0.046881,-0.465751,0.011799,-0.884836,-0.407126,-0.890658,0.202422,-0.785699,0.454518,0.419629,0.011486,0.015004,-0.006009,-1.366125,0.356162,0.842778,-0.825126
929,0.028814,0.051813,0.388121,-0.503993,-0.110878,-0.856587,-0.24041,-0.934529,0.262356,-0.828974,0.33829,0.44541,0.021469,0.033974,-0.02488,0.048367,0.100925,0.247496,-1.902363,-0.142141,0.083886,0.331851,0.97209,0.229634,-0.047966,-0.22404,0.969532,0.098726,0.067946,-0.08553,0.993947,-0.053339,-0.037827,-0.018728,-0.354631,0.181143,0.117517,0.31705,0.018929,0.057639,-0.017351,-0.970752,-0.23233,0.060515,0.232421,-0.972598,-0.005624,0.060163,0.008605,0.998151,-0.020889,-0.018695,-0.009671,-0.619897,0.412124,0.04155,0.240239,0.052457,0.047544,-0.047235,-0.473574,0.037248,-0.879965,-0.439457,-0.875844,0.199431,-0.763285,0.481152,0.431146,0.010572,0.016653,-0.012661,0.042492,0.076189,0.23815,-0.825943
930,0.029771,0.05292,0.387041,-0.523411,-0.080484,-0.848297,-0.277356,-0.925225,0.258853,-0.805053,0.370862,0.463009,0.018571,0.028616,-0.028125,-1.094126,0.88645,0.904853,-1.902023,-0.1439,0.082484,0.33102,0.970489,0.237516,-0.041583,-0.232395,0.967479,0.099553,0.062649,-0.087267,0.994144,-0.043715,-0.025329,-0.026269,0.02151,0.104169,-0.166538,0.323059,0.018031,0.056915,-0.017779,-0.968504,-0.239886,0.066741,0.240143,-0.970728,-0.004264,0.065811,0.011897,0.99776,-0.021829,-0.012804,-0.013189,0.024985,0.102343,-0.16819,0.241382,0.052921,0.048076,-0.047754,-0.48603,0.066004,-0.871445,-0.4688,-0.86123,0.196234,-0.737563,0.50391,0.449526,0.015153,0.012193,-0.01531,0.36462,0.544845,0.225193,-0.833944
931,0.030166,0.05343,0.386441,-0.527759,-0.07151,-0.846405,-0.28546,-0.923563,0.255959,-0.799361,0.376783,0.468063,0.018643,0.035388,-0.039207,0.391949,0.544001,0.180069,-1.902113,-0.144626,0.081876,0.330576,0.969705,0.241211,-0.038475,-0.236338,0.966503,0.099754,0.060022,-0.087959,0.994245,-0.043872,-0.025343,-0.02639,0.003471,0.245359,-0.344233,0.335273,0.017685,0.05662,-0.017991,-0.967407,-0.243575,0.069239,0.243855,-0.969801,-0.00451,0.068246,0.012521,0.997589,-0.015514,-0.017345,-0.009462,-0.012705,0.099016,-0.15639,0.25118,0.053127,0.048342,-0.048059,-0.488188,0.078264,-0.869221,-0.481219,-0.855025,0.193285,-0.728079,0.512645,0.455075,0.014292,0.010597,-0.016275,0.101986,0.005584,-0.06815,-0.829372
932,0.030886,0.054468,0.385092,-0.535429,-0.049222,-0.843171,-0.32267,-0.910654,0.258001,-0.779876,0.410264,0.472762,0.017683,0.033624,-0.040198,-2.011466,1.995184,-1.484759,-1.90194,-0.145939,0.080897,0.329657,0.968655,0.246335,-0.031906,-0.241904,0.964897,0.10193,0.054671,-0.091343,0.994249,-0.032871,-0.021715,-0.025251,-0.017937,0.110583,-0.115748,0.35062,0.017024,0.056126,-0.018453,-0.965459,-0.249384,0.075465,0.2499,-0.968267,-0.002681,0.073739,0.01627,0.997144,-0.016421,-0.010857,-0.012597,-4.8e-05,0.10154,-0.113973,0.275183,0.053483,0.048855,-0.048737,-0.489902,0.103501,-0.865611,-0.513976,-0.836294,0.190894,-0.704148,0.538422,0.462899,0.007979,0.011844,-0.01554,-4.618293,1.406826,2.507983,-0.83672
933,0.031589,0.055712,0.38369,-0.549088,-0.01811,-0.835595,-0.367932,-0.89244,0.261055,-0.749769,0.450802,0.484409,0.019061,0.036318,-0.038428,-1.188519,0.691185,0.632392,-1.901481,-0.14714,0.079766,0.328634,0.968167,0.249278,-0.022465,-0.245374,0.963269,0.108805,0.04754,-0.100159,0.993766,-0.031182,-0.038809,-0.02208,-0.329557,0.268458,0.012233,0.349408,0.01643,0.055583,-0.01895,-0.963654,-0.253712,0.083665,0.254789,-0.966993,0.002273,0.080327,0.023507,0.99649,-0.016245,-0.013738,-0.014569,-0.587267,0.428644,0.093617,0.284981,0.053828,0.049454,-0.049429,-0.499834,0.132862,-0.855869,-0.550943,-0.811243,0.19582,-0.668301,0.569413,0.478686,0.0084,0.012656,-0.015001,0.084379,0.345394,0.055374,-0.845048
934,0.031893,0.05635,0.383034,-0.557398,-0.001836,-0.830271,-0.3895,-0.88255,0.263376,-0.732552,0.470193,0.492254,0.01926,0.036727,-0.038122,-0.198817,0.293287,0.249879,-1.901388,-0.147534,0.079198,0.328089,0.968379,0.248992,-0.015384,-0.245669,0.962833,0.111957,0.041465,-0.104966,0.993542,-0.020834,-0.028354,-0.030867,-0.263564,0.245875,0.022078,0.345334,0.016221,0.055288,-0.019229,-0.962953,-0.253747,0.091288,0.255362,-0.966825,0.006272,0.086669,0.029351,0.995804,-0.004592,-0.013641,-0.015549,-0.378914,0.287456,0.089405,0.283185,0.053982,0.049788,-0.049771,-0.504659,0.153398,-0.84958,-0.574293,-0.794419,0.197698,-0.644597,0.587678,0.489007,0.009624,0.018296,-0.019113,-1.162255,0.727683,0.673071,-0.844558
935,0.032319,0.057698,0.381893,-0.571463,0.038505,-0.819752,-0.441038,-0.856791,0.267146,-0.691364,0.514153,0.507631,0.007512,0.034105,-0.024573,0.044924,0.291157,-0.125762,-1.902943,-0.148088,0.078197,0.326783,0.969213,0.246197,0.002186,-0.244695,0.962744,0.114811,0.024938,-0.112137,0.993311,-0.00924,-0.028276,-0.032131,0.166778,0.936352,-0.073167,0.339828,0.01594,0.054783,-0.019884,-0.961637,-0.251943,0.108526,0.254499,-0.967019,0.010149,0.10239,0.037379,0.994041,-0.005289,-0.008226,-0.019433,0.994288,2.671072,-0.235197,0.27698,0.054198,0.050458,-0.05035,-0.510391,0.195668,-0.837385,-0.619994,-0.758515,0.200651,-0.595909,0.621585,0.508453,0.003524,0.016565,-0.012601,-0.240046,0.398096,0.030844,-0.845538
936,0.032671,0.058887,0.381065,-0.579233,0.073149,-0.811902,-0.486488,-0.830182,0.272213,-0.653399,0.55256,0.517469,0.008433,0.035855,-0.023434,-1.230959,0.638867,0.591954,-1.907361,-0.148611,0.07765,0.325123,0.972345,0.230683,0.036367,-0.23326,0.965492,0.115531,-0.009688,-0.121125,0.992521,-0.011878,-0.006666,-0.047353,-0.382293,0.282555,0.362904,0.328863,0.015679,0.054502,-0.020708,-0.960004,-0.239883,0.144384,0.243923,-0.969735,0.01069,0.13745,0.045481,0.989463,-0.005875,-0.003776,-0.023957,-0.543549,0.56014,0.420147,0.267182,0.054372,0.051044,-0.050757,-0.512054,0.227627,-0.828242,-0.655249,-0.726978,0.205305,-0.555381,0.647833,0.521404,0.009001,0.010602,-0.008585,-0.026208,0.228279,-0.182587,-0.83672
937,0.03305,0.059774,0.3806,-0.593867,0.090793,-0.799452,-0.509958,-0.811017,0.286646,-0.621611,0.5778,0.528936,0.005199,0.016546,-0.004976,-0.100458,0.263575,-0.274563,-1.854835,-0.149157,0.077888,0.32298,0.975468,0.206247,0.07691,-0.214186,0.969621,0.117865,-0.051494,-0.131721,0.989879,-0.014788,0.018468,-0.060072,-0.415129,0.191366,0.610907,0.320792,0.015402,0.054613,-0.0218,-0.957795,-0.218223,0.1871,0.225054,-0.974217,0.015814,0.178825,0.057254,0.982213,-0.007366,0.009231,-0.030025,-0.485805,0.199552,0.631039,0.254282,0.054568,0.051512,-0.051004,-0.5227,0.250335,-0.814933,-0.678861,-0.700452,0.220255,-0.515685,0.668354,0.536069,0.002632,0.008319,-0.002467,-0.1132,0.230528,-0.28767,-0.836393
938,0.03319,0.060117,0.380459,-0.600412,0.100757,-0.793346,-0.523812,-0.799154,0.294865,-0.603555,0.592477,0.533591,0.005074,0.016308,-0.005122,-0.010102,0.188212,-0.298857,-1.807136,-0.149287,0.078359,0.321748,0.97635,0.193155,0.097072,-0.204055,0.97148,0.120513,-0.072256,-0.137729,0.987762,-0.00302,0.019108,-0.060717,0.763667,2.586151,0.142388,0.316682,0.015337,0.054843,-0.022392,-0.956557,-0.206318,0.205987,0.21525,-0.976317,0.021685,0.196636,0.065082,0.978313,-0.002226,0.016231,-0.033165,-0.33446,0.110729,0.639813,0.24971,0.054635,0.051672,-0.051069,-0.526974,0.26098,-0.808817,-0.690522,-0.686283,0.228459,-0.495455,0.678899,0.541866,0.002635,0.008331,-0.002459,-0.441438,0.459859,-0.241111,-0.818595
939,0.033385,0.06086,0.380245,-0.609221,0.125361,-0.783057,-0.552099,-0.775872,0.305257,-0.568533,0.618135,0.542869,0.008352,0.029153,-0.012366,-4.262868,1.826849,2.708564,-1.737959,-0.149535,0.079731,0.319083,0.978141,0.159497,0.133389,-0.177654,0.97424,0.138668,-0.109068,-0.159548,0.981077,-0.016206,0.030922,-0.066407,-0.58443,0.444062,0.715635,0.294042,0.015213,0.055536,-0.023748,-0.95295,-0.175712,0.247001,0.191527,-0.980616,0.041338,0.23495,0.0867,0.968132,-0.008062,0.015421,-0.033224,-0.609716,0.450061,0.728952,0.232565,0.054735,0.052054,-0.051182,-0.531745,0.285371,-0.797376,-0.712647,-0.659473,0.239225,-0.457581,0.695455,0.55404,0.004238,0.01465,-0.006116,-4.269454,1.806147,2.699502,-0.784793
940,0.033719,0.0618,0.379812,-0.621894,0.140158,-0.770486,-0.568246,-0.757753,0.320747,-0.538115,0.637119,0.551851,0.007158,0.026854,-0.013755,0.053271,0.043474,-0.115005,-1.663376,-0.150051,0.081287,0.316324,0.975781,0.130807,0.17531,-0.16029,0.972812,0.166971,-0.149931,-0.191204,0.969961,-0.017638,0.043774,-0.072238,-0.592899,0.925236,0.847635,0.282309,0.014961,0.056297,-0.025101,-0.945208,-0.150869,0.289517,0.178486,-0.981353,0.071328,0.273357,0.119094,0.954511,-0.002905,0.022307,-0.036335,-0.327385,2.857554,0.582159,0.205458,0.054902,0.052519,-0.051389,-0.541257,0.302766,-0.784456,-0.72665,-0.637854,0.255188,-0.423107,0.708148,0.565248,0.009101,0.01089,-0.008377,0.034885,0.146811,-0.262381,-0.766995
941,0.033891,0.062281,0.379485,-0.627563,0.148046,-0.76439,-0.576113,-0.748692,0.327913,-0.522971,0.645974,0.556099,0.005578,0.023805,-0.0156,-4.163091,1.967151,2.758259,-1.668724,-0.15035,0.08216,0.314937,0.973281,0.130823,0.188683,-0.166235,0.968198,0.186796,-0.15947,-0.213347,0.963802,-0.00743,0.058773,-0.077501,-0.914446,0.15224,0.714118,0.2833,0.014805,0.056748,-0.025823,-0.940907,-0.151062,0.303105,0.186352,-0.978265,0.090929,0.282781,0.14204,0.948608,-0.003676,0.029417,-0.038719,-0.9569,0.169904,0.72864,0.20105,0.054991,0.052765,-0.05155,-0.546949,0.307916,-0.778481,-0.729251,-0.631927,0.262412,-0.411143,0.711235,0.570179,0.002849,0.012003,-0.007745,0.060293,0.148538,-0.30398,-0.771894
942,0.034276,0.063454,0.37861,-0.637754,0.184936,-0.747739,-0.610368,-0.713475,0.344057,-0.469077,0.675587,0.568836,0.007415,0.033857,-0.024463,-0.327449,0.482988,-0.187031,-1.670195,-0.150846,0.084294,0.312209,0.965975,0.151874,0.209326,-0.201114,0.9498,0.239512,-0.163657,-0.273661,0.947728,-0.008127,0.066704,-0.071534,-1.575619,0.205349,0.87658,0.299547,0.014558,0.057807,-0.027193,-0.931058,-0.174332,0.320526,0.228129,-0.963729,0.138497,0.284757,0.20207,0.937059,-0.004047,0.033605,-0.035584,-1.536186,0.172815,0.870597,0.208071,0.055181,0.053345,-0.051986,-0.548541,0.34876,-0.759913,-0.759772,-0.587343,0.278879,-0.349068,0.730338,0.58716,0.004858,0.022377,-0.016435,-1.376899,1.253862,-0.000646,-0.801286
943,0.034789,0.065084,0.377396,-0.647335,0.222619,-0.729002,-0.639851,-0.678458,0.360914,-0.413452,0.699805,0.582544,0.021438,0.0412,-0.034793,-3.905797,2.095777,2.96878,-1.631878,-0.151281,0.086739,0.30963,0.950587,0.185365,0.24903,-0.255499,0.922557,0.289038,-0.17736,-0.338623,0.923981,-0.020114,0.06937,-0.06813,-1.579489,0.879752,-1.051332,0.346307,0.014348,0.059007,-0.028454,-0.911299,-0.20893,0.354796,0.286907,-0.940273,0.183221,0.295325,0.268763,0.916814,-0.003513,0.029281,-0.031095,-2.413015,1.479672,-5.016487,0.25167,0.055431,0.054154,-0.052591,-0.553133,0.383436,-0.739608,-0.779342,-0.551879,0.296738,-0.294394,0.740544,0.604091,0.00516,0.022937,-0.016035,0.093443,0.185528,-0.4096,-0.805205
944,0.03545,0.066782,0.37596,-0.643936,0.25344,-0.721914,-0.668154,-0.645977,0.369129,-0.371993,0.719728,0.586208,0.008814,0.043021,-0.033642,0.048514,0.052434,-0.307473,-1.589435,-0.151681,0.0888,0.307246,0.93369,0.186667,0.305565,-0.291485,0.891635,0.346349,-0.208971,-0.41269,0.8865,-0.005521,0.043847,-0.05761,-3.519588,-0.718073,-4.406248,0.402399,0.014141,0.060055,-0.029645,-0.887837,-0.210969,0.408946,0.326362,-0.915205,0.236404,0.324395,0.343353,0.881405,-0.002779,0.022533,-0.028362,-1.662808,1.143583,0.42336,0.319762,0.055767,0.055005,-0.053307,-0.541666,0.415726,-0.730594,-0.80397,-0.509966,0.305884,-0.245415,0.753063,0.610464,0.010032,0.019256,-0.018156,-0.027143,0.064592,-0.222693,-0.801939
945,0.035748,0.067583,0.375249,-0.641423,0.269389,-0.718367,-0.684511,-0.623817,0.377186,-0.345728,0.733329,0.58543,0.019997,0.038497,-0.036228,-0.118893,-0.154114,-0.124849,-1.56394,-0.151833,0.089671,0.306128,0.924784,0.174687,0.33801,-0.302562,0.876056,0.375387,-0.231698,-0.449644,0.862554,-0.005703,0.045937,-0.055992,-1.750232,1.298604,0.35328,0.432261,0.014067,0.060473,-0.030188,-0.874084,-0.207038,0.439444,0.345898,-0.900426,0.263791,0.341072,0.382579,0.858663,-0.002808,0.022849,-0.028089,-1.661402,1.482985,0.235105,0.356829,0.055911,0.055407,-0.053662,-0.536256,0.430781,-0.725848,-0.815723,-0.485436,0.314556,-0.216848,0.760774,0.611717,0.004322,0.021295,-0.01693,-0.415896,0.033951,-0.144921,-0.79753
946,0.03623,0.068941,0.374006,-0.632291,0.289737,-0.718544,-0.711776,-0.583512,0.390974,-0.305219,0.75829,0.576077,0.005896,0.030854,-0.025948,-0.042431,-0.163811,-0.251389,-1.55924,-0.15216,0.091106,0.304258,0.89864,0.176077,0.401789,-0.352955,0.833876,0.424272,-0.261461,-0.523303,0.81096,-0.016322,0.036684,-0.046654,-1.408085,1.597617,-0.263084,0.475535,0.013907,0.061203,-0.031148,-0.840102,-0.211315,0.499573,0.401946,-0.860958,0.31175,0.364235,0.462704,0.808231,-0.002367,0.019381,-0.023091,-1.515843,1.478095,-0.000748,0.427207,0.056159,0.0561,-0.054298,-0.52331,0.448011,-0.724866,-0.834686,-0.440784,0.330162,-0.171593,0.777814,0.604616,0.002937,0.015364,-0.013023,0.016182,-0.109147,-0.221459,-0.806838
947,0.036669,0.069981,0.372986,-0.631631,0.283461,-0.721621,-0.718206,-0.56448,0.406835,-0.291239,0.774889,0.56103,0.014397,0.014757,-0.020691,-0.306315,-0.472193,-0.471285,-1.551202,-0.152301,0.092307,0.302632,0.882643,0.165932,0.439771,-0.384609,0.792551,0.473152,-0.271132,-0.58697,0.762769,-0.003497,0.027235,-0.0397,-1.389369,1.634693,-0.178116,0.503474,0.013831,0.06181,-0.031962,-0.819404,-0.204581,0.535465,0.439646,-0.823711,0.358066,0.367815,0.528816,0.764895,0.004029,0.014773,-0.019522,-1.018993,1.388949,-0.311864,0.474235,0.056374,0.056615,-0.054799,-0.523097,0.443729,-0.727648,-0.838237,-0.422166,0.345156,-0.154033,0.790493,0.592784,0.002999,0.015484,-0.012912,-0.283511,-0.532904,-0.492282,-0.82235
948,0.036868,0.070392,0.372546,-0.630952,0.28292,-0.722428,-0.721871,-0.555314,0.412918,-0.283572,0.781678,0.555513,0.01421,0.01441,-0.020884,-0.190229,-0.305744,-0.367522,-1.535534,-0.15229,0.092684,0.301963,0.877269,0.152135,0.455242,-0.390036,0.778476,0.491711,-0.280684,-0.609111,0.741662,-0.002319,0.016956,-0.032381,-1.131905,1.408326,-0.166134,0.510248,0.013837,0.062,-0.032301,-0.812009,-0.191469,0.551343,0.447405,-0.810822,0.377352,0.374791,0.553087,0.74406,0.004667,0.009007,-0.016339,-1.224279,1.45968,-0.077851,0.491707,0.056479,0.056826,-0.055028,-0.523047,0.441846,-0.728829,-0.839902,-0.412551,0.352654,-0.144861,0.796601,0.586891,0.007118,0.007201,-0.010453,-0.206086,-0.329619,-0.382445,-0.822514
949,0.037084,0.070887,0.371856,-0.632683,0.26959,-0.726001,-0.72247,-0.543081,0.427868,-0.278148,0.794883,0.539278,-0.001452,0.00362,-0.012671,-0.420462,-0.535618,-0.58218,-1.526799,-0.15221,0.092952,0.301001,0.864172,0.122975,0.48793,-0.401694,0.752352,0.522055,-0.303973,-0.647292,0.698911,-0.001369,0.009294,-0.023134,-0.933993,1.086082,0.026418,0.515061,0.013877,0.062134,-0.032787,-0.794501,-0.164792,0.584475,0.463079,-0.787043,0.407578,0.392842,0.594479,0.701619,0.005785,-0.000593,-0.008543,-1.007096,0.965052,0.24947,0.50575,0.05659,0.057078,-0.055364,-0.52659,0.43085,-0.73285,-0.839122,-0.401639,0.366824,-0.136295,0.808117,0.573035,0.000407,0.007217,-0.010478,-0.05574,-0.113374,-0.296463,-0.821371
950,0.036663,0.070709,0.371443,-0.621775,0.276511,-0.732791,-0.73816,-0.519656,0.430173,-0.261084,0.808043,0.528136,-0.019015,-0.010805,-0.006755,0.473999,-1.716007,2.006471,-1.516893,-0.15208,0.092722,0.300543,0.854961,0.101458,0.508664,-0.409338,0.734027,0.541831,-0.319465,-0.67158,0.66842,0.000855,-0.009659,-0.00735,-0.487631,0.559679,-0.000425,0.516623,0.013942,0.062024,-0.033023,-0.78254,-0.143969,0.605725,0.473212,-0.769777,0.428384,0.4046,0.621865,0.670509,0.000413,-0.004547,-0.003462,-0.561679,0.602686,0.048717,0.512281,0.056397,0.057003,-0.055568,-0.517049,0.434008,-0.737763,-0.84819,-0.375618,0.373473,-0.115027,0.818869,0.562335,-0.00979,-0.005966,-0.003718,-0.008186,0.025191,-0.00924,-0.826922
951,0.036169,0.070485,0.371325,-0.608174,0.282928,-0.741702,-0.751713,-0.505544,0.423468,-0.254401,0.814737,0.521067,-0.033693,-0.019501,0.002657,-0.012411,0.016868,-0.105678,-1.523609,-0.151993,0.092545,0.300447,0.851222,0.096006,0.515941,-0.412996,0.728892,0.545971,-0.324709,-0.677937,0.659415,0.000541,-0.006089,-0.00464,-0.170785,0.356577,-0.191455,0.51571,0.013985,0.06194,-0.033074,-0.77812,-0.138512,0.612651,0.477083,-0.76477,0.433033,0.408557,0.629237,0.661165,0.006094,-0.002445,-0.002415,-0.133103,0.343516,-0.202487,0.512608,0.056154,0.056892,-0.055632,-0.500189,0.437606,-0.747202,-0.85916,-0.358388,0.365241,-0.107956,0.824656,0.555235,-0.01573,-0.004381,-0.00282,0.397529,-1.477304,1.908811,-0.83427
952,0.03495,0.069738,0.371258,-0.595137,0.294801,-0.747629,-0.766375,-0.488215,0.417478,-0.241197,0.821054,0.517419,-0.035468,-0.022578,0.000653,-1.256478,0.835395,0.625996,-1.538708,-0.151898,0.092373,0.300331,0.843878,0.094745,0.528095,-0.421549,0.725735,0.543635,-0.332801,-0.681491,0.651672,0.000361,-0.004051,-0.003092,-0.035917,0.29428,-0.306702,0.514963,0.014033,0.061853,-0.033127,-0.769009,-0.138849,0.623975,0.485527,-0.7618,0.428862,0.415798,0.632755,0.653246,0.000127,-0.001378,-0.001053,-0.020982,0.265781,-0.29609,0.511628,0.055536,0.056512,-0.05567,-0.484895,0.446102,-0.752242,-0.869349,-0.339717,0.358919,-0.095435,0.828,0.552546,-0.017921,-0.011706,9.4e-05,-4.121786,2.229199,2.930676,-0.843252
953,0.03341,0.068858,0.371372,-0.579569,0.319158,-0.749855,-0.786008,-0.461932,0.410831,-0.214547,0.8271,0.519521,-0.046435,-0.017124,0.003774,-0.060624,0.170781,0.169625,-1.550506,-0.151875,0.092139,0.300266,0.841559,0.095895,0.531577,-0.425166,0.724371,0.542636,-0.334071,-0.682781,0.649669,0.0017,-0.016051,0.002903,-0.053583,0.132396,-0.144913,0.514682,0.014044,0.061743,-0.033159,-0.766208,-0.140427,0.627061,0.489092,-0.760373,0.427341,0.41679,0.634123,0.651285,0.000175,-0.001943,-0.001486,-0.036832,0.239946,-0.263008,0.510975,0.054767,0.056064,-0.055618,-0.464198,0.467721,-0.752168,-0.883216,-0.308375,0.353317,-0.066696,0.828336,0.556246,-0.017636,-0.01089,0.000544,-0.296406,0.44381,0.23215,-0.84717
954,0.031488,0.0679,0.371642,-0.558923,0.365187,-0.744505,-0.812943,-0.418424,0.40499,-0.162932,0.831145,0.531675,-0.048142,-0.019721,0.002005,-0.273441,0.367782,0.391796,-1.484357,-0.151884,0.091878,0.300229,0.847773,0.103541,0.520146,-0.420769,0.728088,0.541087,-0.323743,-0.677703,0.660131,0.00017,-0.001916,-0.001466,0.13141,-0.27882,0.059612,0.516046,0.01404,0.061605,-0.033178,-0.773771,-0.147288,0.616103,0.484637,-0.763954,0.426027,0.407926,0.628235,0.662507,7.7e-05,-0.000867,-0.000663,0.1396,-0.291359,0.057654,0.511791,0.053808,0.055589,-0.055481,-0.434794,0.508416,-0.74328,-0.90038,-0.260411,0.348567,-0.016341,0.82079,0.570994,-0.031142,-0.013524,0.006174,-1.178821,0.915447,0.951853,-0.839986
955,0.030433,0.067315,0.371838,-0.54797,0.378822,-0.745834,-0.822887,-0.404405,0.399106,-0.149753,0.831964,0.534263,-0.051369,-0.031864,0.009392,-0.349008,0.34198,0.323847,-1.423373,-0.15188,0.091755,0.30025,0.85053,0.103887,0.515556,-0.41803,0.728138,0.543138,-0.32003,-0.677596,0.662048,0.001495,-0.013762,0.004656,-0.035314,-0.005942,-0.003225,0.521079,0.014042,0.061544,-0.033167,-0.777085,-0.147482,0.611871,0.482259,-0.764201,0.428277,0.40443,0.627889,0.664974,0.000739,-0.006794,0.002394,-0.051006,0.011593,-0.000963,0.514241,0.053263,0.05529,-0.055382,-0.420861,0.51985,-0.743391,-0.907119,-0.244008,0.34292,-0.003126,0.818666,0.57426,-0.025741,-0.01603,0.004666,-0.39322,0.304516,0.292324,-0.825616
956,0.028217,0.065677,0.372315,-0.530708,0.39625,-0.749253,-0.838086,-0.377231,0.394057,-0.125843,0.836575,0.533229,-0.057826,-0.049382,0.013232,-0.471991,0.154585,0.406338,-1.343277,-0.151829,0.09136,0.300357,0.850882,0.105931,0.514557,-0.41831,0.728907,0.541891,-0.318721,-0.676455,0.663844,0.001545,-0.014322,0.004235,-0.036628,0.012335,-0.016318,0.521991,0.014067,0.06135,-0.033111,-0.7775,-0.149384,0.610882,0.482443,-0.764796,0.427006,0.403413,0.626713,0.666699,0.000771,-0.007172,0.002109,-0.041958,0.015168,-0.01369,0.519629,0.052181,0.054495,-0.055144,-0.4007,0.53302,-0.745203,-0.915967,-0.21435,0.339202,0.021067,0.8185,0.574119,-0.029263,-0.025341,0.006234,-1.367703,0.729457,0.820998,-0.807654
957,0.02565,0.063815,0.372818,-0.507648,0.420389,-0.752072,-0.855992,-0.345361,0.384676,-0.097397,0.838525,0.536112,-0.071353,-0.047431,0.013921,0.112938,0.138516,0.228111,-1.298615,-0.151684,0.090673,0.300554,0.850575,0.108047,0.514625,-0.419632,0.729005,0.540735,-0.317799,-0.676017,0.664731,0.002924,-0.026728,0.009963,-0.07238,0.024036,-0.033333,0.514963,0.014139,0.061015,-0.033017,-0.777204,-0.151559,0.610722,0.483581,-0.764864,0.425593,0.402618,0.626108,0.667747,0.000775,-0.007218,0.002078,-0.047851,0.018093,-0.010212,0.51816,0.050874,0.053542,-0.05489,-0.37274,0.552127,-0.745801,-0.926609,-0.178524,0.330942,0.049578,0.814422,0.57815,-0.035793,-0.02392,0.00687,0.119676,0.126559,0.238937,-0.810267
958,0.024134,0.062858,0.373123,-0.489972,0.436223,-0.754773,-0.867415,-0.330247,0.372158,-0.086314,0.836506,0.541142,-0.072256,-0.048281,0.013196,-0.055553,0.806938,0.518336,-1.277997,-0.151538,0.090143,0.300733,0.850223,0.110137,0.514764,-0.420888,0.729303,0.539355,-0.317074,-0.675361,0.665743,0.004425,-0.04044,0.014711,-0.06685,0.008857,-0.080552,0.49894,0.014205,0.060768,-0.032931,-0.776869,-0.153715,0.610611,0.484577,-0.765179,0.423892,0.402068,0.625197,0.668931,0.001486,-0.013671,0.004753,-0.033033,-0.004157,-0.065632,0.508689,0.050174,0.053098,-0.054749,-0.35416,0.561504,-0.747852,-0.933338,-0.161986,0.320377,0.058751,0.811463,0.581442,-0.03609,-0.024092,0.006639,-4.085736,2.24207,3.251031,-0.81092
959,0.021301,0.061087,0.373626,-0.462501,0.453958,-0.761617,-0.883093,-0.31253,0.349917,-0.078612,0.833852,0.546386,-0.072203,-0.046752,0.013879,0.237823,0.326928,0.524604,-1.246805,-0.151024,0.088759,0.301135,0.848248,0.115198,0.516911,-0.422458,0.735557,0.529548,-0.320271,-0.667698,0.671915,0.016387,-0.041442,0.012899,0.462268,0.31271,-0.93508,0.458287,0.014469,0.060051,-0.03272,-0.774851,-0.157533,0.612199,0.484579,-0.769926,0.415204,0.405941,0.618381,0.672916,0.008194,-0.020847,0.006345,0.405661,0.417305,-0.949734,0.464601,0.048695,0.052171,-0.054491,-0.321713,0.575333,-0.751991,-0.94448,-0.138996,0.29772,0.066765,0.806021,0.588107,-0.036099,-0.023371,0.00699,0.31993,0.42882,0.574579,-0.819411
960,0.018781,0.059594,0.374006,-0.446961,0.457968,-0.768463,-0.890738,-0.30722,0.334923,-0.082154,0.833628,0.546206,-0.055324,-0.034521,0.00661,0.081347,0.032774,0.445085,-1.229159,-0.150383,0.087539,0.301549,0.843852,0.132293,0.520003,-0.4286,0.749011,0.505192,-0.323706,-0.649341,0.688065,0.014788,-0.026041,0.009486,0.433666,-0.321205,-0.370272,0.443535,0.014779,0.059456,-0.032524,-0.76987,-0.175739,0.613525,0.487662,-0.782124,0.3879,0.411684,0.597826,0.687836,0.007334,-0.012516,0.00512,0.697409,-0.49274,-0.554061,0.432759,0.047451,0.05143,-0.054308,-0.305368,0.576758,-0.757693,-0.950143,-0.131849,0.282566,0.063072,0.806204,0.588265,-0.033391,-0.014784,0.004789,0.139849,0.127297,0.454382,-0.832148
961,0.016467,0.058355,0.374446,-0.435158,0.461245,-0.773263,-0.896507,-0.301395,0.324666,-0.082772,0.833943,0.545631,-0.052999,-0.029704,0.009695,0.100872,0.16579,0.291628,-1.196992,-0.14965,0.086572,0.301941,0.845921,0.164819,0.507192,-0.433673,0.765882,0.474644,-0.311273,-0.621669,0.718679,0.026564,-0.024092,0.009882,0.823662,-0.715307,-0.460878,0.443576,0.015147,0.058964,-0.032323,-0.773803,-0.206679,0.598758,0.48862,-0.796295,0.356601,0.403086,0.568504,0.717163,0.013282,-0.012195,0.004812,0.890955,-0.636775,-0.683145,0.421165,0.046273,0.050797,-0.054086,-0.292872,0.577549,-0.762011,-0.954098,-0.124328,0.272467,0.062624,0.806832,0.587451,-0.02634,-0.01457,0.005076,0.147261,0.22259,0.323379,-0.833127
962,0.015573,0.057835,0.374586,-0.428559,0.466219,-0.773965,-0.900198,-0.293762,0.321434,-0.076976,0.833896,0.546552,-0.040109,-0.032086,0.008523,0.020147,0.042916,0.256886,-1.196854,-0.149147,0.085998,0.302159,0.851235,0.188157,0.489885,-0.436099,0.772663,0.461242,-0.292791,-0.606496,0.73912,0.026744,-0.025419,0.008875,0.810875,-3.121417,0.902654,0.445198,0.015398,0.05868,-0.032212,-0.779801,-0.227575,0.583197,0.490259,-0.801313,0.342844,0.389301,0.553268,0.736436,0.014024,-0.01841,0.007714,0.862666,-0.730145,-0.532274,0.419532,0.045841,0.050549,-0.054019,-0.285251,0.581519,-0.761883,-0.956034,-0.116199,0.26925,0.068044,0.80519,0.589098,-0.025408,-0.012844,0.006229,0.036365,-0.037065,0.442318,-0.837863
963,0.014224,0.057006,0.374866,-0.416485,0.487421,-0.767467,-0.907242,-0.277522,0.316014,-0.058445,0.827288,0.558753,-0.032261,-0.011927,0.006491,0.069112,0.384684,0.052641,-1.196833,-0.148254,0.084787,0.302745,0.843591,0.256755,0.471616,-0.475357,0.765329,0.433868,-0.250595,-0.590513,0.767046,0.015971,-0.034082,0.018791,0.508523,-0.731253,-0.30353,0.447922,0.015849,0.05807,-0.031929,-0.776149,-0.29695,0.556248,0.525078,-0.792812,0.309419,0.349118,0.532229,0.771263,0.007209,-0.010387,0.006805,0.488356,-0.841981,-0.791952,0.420839,0.045168,0.05013,-0.053887,-0.269062,0.598769,-0.754374,-0.959464,-0.098433,0.264081,0.083868,0.794849,0.600982,-0.010381,-0.008565,0.001744,-0.612594,2.133478,-1.5859,-0.84815
964,0.013554,0.056325,0.375212,-0.400554,0.512123,-0.759824,-0.915495,-0.258081,0.308602,-0.037563,0.81859,0.573172,-0.005105,-0.015151,0.005415,0.28033,0.468082,0.248203,-1.19807,-0.147667,0.083773,0.303432,0.836363,0.306378,0.454556,-0.50085,0.763861,0.406939,-0.223584,-0.568396,0.791707,0.014391,-0.019916,0.01435,0.809867,-0.891399,-0.456791,0.459553,0.016143,0.057561,-0.031581,-0.771615,-0.343469,0.535386,0.546646,-0.788437,0.282033,0.325249,0.510288,0.796126,0.007149,-0.009576,0.007459,0.283688,-0.830003,-0.463846,0.429166,0.044816,0.049782,-0.053708,-0.24961,0.619121,-0.744569,-0.962902,-0.077274,0.258549,0.102538,0.781484,0.615441,-0.009553,-0.01038,0.008457,0.405136,0.622206,0.471136,-0.857458
965,0.013334,0.05591,0.375565,-0.393821,0.524865,-0.75463,-0.918807,-0.248722,0.306438,-0.026371,0.813389,0.581145,-0.004893,-0.021389,0.017058,0.128195,0.32333,0.133082,-1.200636,-0.147437,0.083362,0.303735,0.835073,0.326432,0.442816,-0.508868,0.763922,0.396751,-0.209806,-0.55706,0.803448,0.014377,-0.019637,0.014583,0.826961,-0.799837,-0.309505,0.465225,0.016252,0.057364,-0.031434,-0.771794,-0.362532,0.522402,0.55347,-0.787474,0.27121,0.313056,0.498452,0.808418,0.000524,-0.004239,0.004443,0.553535,-0.689918,-0.261324,0.436841,0.044712,0.049586,-0.053548,-0.240088,0.630566,-0.738066,-0.964318,-0.06754,0.255984,0.111565,0.77319,0.624282,-0.002227,-0.010313,0.008808,0.220747,0.462234,0.198332,-0.8635
966,0.013195,0.05493,0.376741,-0.363706,0.567198,-0.738952,-0.931493,-0.215014,0.293363,0.007956,0.794322,0.607467,-0.00389,-0.032926,0.041054,0.026333,0.966516,0.703369,-1.208509,-0.147028,0.082736,0.30425,0.836167,0.355536,0.417626,-0.516918,0.765072,0.383919,-0.184061,-0.537345,0.822949,0.014365,-0.0193,0.01487,0.399568,-0.758346,0.094485,0.466056,0.016462,0.057044,-0.03117,-0.775936,-0.391181,0.494873,0.560168,-0.78802,0.25541,0.290058,0.475394,0.830581,0.006404,-0.003053,0.004778,0.466073,-1.441196,0.366165,0.444842,0.044635,0.049089,-0.052958,-0.203905,0.663983,-0.719407,-0.968913,-0.031709,0.245357,0.140102,0.747074,0.649808,-0.00047,-0.010655,0.016559,-0.758724,1.472913,1.306139,-0.879339
967,0.013315,0.053734,0.378556,-0.319615,0.617597,-0.718656,-0.946306,-0.169085,0.275478,0.049012,0.767348,0.639377,0.01341,-0.02844,0.044797,-3.49927,2.438212,4.060048,-1.210386,-0.146641,0.082223,0.304739,0.838506,0.37656,0.39383,-0.519929,0.768838,0.372151,-0.163701,-0.517289,0.839927,0.012929,-0.00708,0.008837,0.304998,-0.445491,0.112498,0.472067,0.016656,0.056785,-0.030922,-0.781368,-0.410908,0.4697,0.561706,-0.791027,0.242407,0.271938,0.453242,0.848893,0.007165,-0.009443,0.007601,0.295312,-0.464954,0.096887,0.449088,0.044694,0.048479,-0.052035,-0.151859,0.703462,-0.694319,-0.973298,0.015904,0.228989,0.172128,0.710554,0.682264,0.006977,-0.013647,0.02271,-3.589658,2.324345,4.000192,-0.893872
968,0.014066,0.052968,0.380159,-0.29945,0.64802,-0.700317,-0.95117,-0.145067,0.272403,0.075296,0.746887,0.660694,0.020903,-0.002504,0.03066,-3.802146,1.894008,3.462545,-1.209265,-0.146102,0.081798,0.305083,0.841662,0.386782,0.376824,-0.517172,0.777778,0.357111,-0.156013,-0.495938,0.854148,0.013191,-0.00945,0.007027,0.431481,-0.509993,0.040521,0.472705,0.016926,0.056576,-0.030748,-0.786887,-0.419234,0.452825,0.5568,-0.798712,0.228103,0.266048,0.431624,0.861926,0.012519,-0.00397,0.0035,0.56725,-0.469917,-0.15383,0.453823,0.045064,0.048102,-0.051242,-0.128504,0.728335,-0.673062,-0.97353,0.036705,0.22559,0.18901,0.684235,0.70434,0.016788,-0.002819,0.014524,0.040367,0.219644,0.023392,-0.900566
969,0.014701,0.05302,0.380676,-0.289801,0.659374,-0.693748,-0.952882,-0.13083,0.273625,0.090012,0.739538,0.667089,0.036934,0.006747,0.021481,-3.756194,1.812719,3.548188,-1.209783,-0.145828,0.081626,0.305193,0.842676,0.390478,0.370696,-0.516302,0.780987,0.35132,-0.153379,-0.487933,0.85922,0.01332,-0.010585,0.006159,0.349533,-0.338699,-0.064287,0.472381,0.017062,0.056491,-0.030693,-0.788773,-0.422452,0.446508,0.55511,-0.801526,0.222278,0.263987,0.423188,0.86673,0.006662,-0.005358,0.00302,0.497556,-0.537514,0.018144,0.453987,0.045375,0.048124,-0.05098,-0.117476,0.73685,-0.665771,-0.972316,0.051017,0.228029,0.201989,0.674128,0.710458,0.012881,0.006268,0.012453,0.084582,0.319293,-0.159139,-0.903669
970,0.016281,0.05403,0.380906,-0.278087,0.675063,-0.683376,-0.95293,-0.104354,0.284615,0.12116,0.72952,0.673163,0.043228,0.037791,-0.005297,0.033275,0.087952,-0.15665,-1.207111,-0.145386,0.081482,0.305306,0.843052,0.395734,0.364209,-0.516354,0.784656,0.34297,-0.151107,-0.477702,0.865349,0.011869,0.001469,-4.3e-05,0.222923,-0.135618,-0.104139,0.472099,0.017288,0.056413,-0.030635,-0.790029,-0.42739,0.439534,0.55406,-0.804642,0.213469,0.262434,0.412175,0.87249,0.005938,0.000675,-7.5e-05,0.236505,-0.14104,-0.10709,0.454313,0.046168,0.048627,-0.050848,-0.099347,0.750016,-0.653915,-0.967011,0.082139,0.241125,0.23456,0.656299,0.717114,0.027464,0.016532,-0.004018,-0.034595,0.190609,-0.228439,-0.906608
971,0.018306,0.055709,0.380169,-0.254718,0.700433,-0.666751,-0.951705,-0.059323,0.30118,0.171714,0.710397,0.682552,0.055833,0.048566,-0.029282,0.017981,0.1857,-0.238819,-1.204443,-0.145018,0.081421,0.305317,0.837931,0.405719,0.365042,-0.526077,0.778134,0.34305,-0.145917,-0.480005,0.864966,0.00012,-0.001103,-0.000845,4.7e-05,-2.6e-05,-2.9e-05,0.472358,0.017473,0.056382,-0.03063,-0.784847,-0.437422,0.438949,0.56379,-0.798029,0.212811,0.257207,0.4145,0.872945,6.8e-05,-0.000623,-0.000483,-0.002751,0.003187,0.004442,0.454313,0.047181,0.049472,-0.051201,-0.072157,0.769146,-0.634985,-0.957383,0.125097,0.26032,0.279659,0.626709,0.727341,0.028012,0.024417,-0.014568,-0.233507,0.218523,0.152424,-0.907261
972,0.019398,0.056676,0.379493,-0.247601,0.711946,-0.65717,-0.949667,-0.043946,0.310116,0.192208,0.699994,0.687816,0.05542,0.054811,-0.040809,0.15753,0.120639,-0.343947,-1.192083,-0.144888,0.081391,0.305293,0.837182,0.406052,0.366386,-0.527035,0.777602,0.342787,-0.146759,-0.480586,0.864501,0.000235,-0.002159,-0.001655,-0.019244,0.151463,-0.168911,0.471816,0.017537,0.056369,-0.03064,-0.78406,-0.437732,0.440045,0.564557,-0.797558,0.212545,0.257924,0.415079,0.872458,0.005992,0.000224,-0.00042,0.002626,-0.014262,0.031904,0.454313,0.047729,0.049958,-0.051531,-0.063186,0.778471,-0.624492,-0.952654,0.139431,0.270199,0.297416,0.611998,0.732803,0.027953,0.027782,-0.020175,0.162521,0.001301,-0.145345,-0.905302
973,0.021742,0.058671,0.377605,-0.245444,0.723517,-0.645233,-0.943205,-0.024474,0.331267,0.224186,0.688996,0.68924,0.050467,0.046827,-0.045953,-0.505543,-0.154233,-0.259492,-1.169309,-0.14469,0.0814,0.305281,0.835848,0.406652,0.368761,-0.528731,0.776677,0.342272,-0.148267,-0.481576,0.863692,0.011883,0.001387,-0.000111,-0.014791,0.117086,-0.118287,0.470615,0.017632,0.056368,-0.03065,-0.782442,-0.438445,0.442209,0.566134,-0.796617,0.211879,0.259374,0.416133,0.871526,0.005938,0.000729,-3.2e-05,-0.013996,0.11749,-0.116644,0.453333,0.048905,0.050961,-0.052471,-0.058414,0.78936,-0.611144,-0.943866,0.155705,0.291326,0.32512,0.593856,0.735955,0.031838,0.025765,-0.029059,-1.258646,0.160667,0.553512,-0.896974
974,0.024015,0.060715,0.375093,-0.242313,0.727698,-0.641704,-0.937304,-0.004773,0.348439,0.250792,0.685,0.684035,0.049781,0.059318,-0.068566,0.017558,-0.223003,-0.269613,-1.150494,-0.144578,0.081449,0.305306,0.834535,0.407275,0.37104,-0.530402,0.775767,0.341751,-0.149697,-0.482518,0.862919,-0.000203,0.001843,0.001413,0.002442,-0.019169,0.021377,0.469797,0.017688,0.05639,-0.03064,-0.780861,-0.439187,0.444262,0.567692,-0.795685,0.211212,0.260731,0.417132,0.870643,-3.7e-05,0.00034,0.000259,0.000526,0.000275,0.001113,0.452027,0.05004,0.051978,-0.053719,-0.055874,0.791806,-0.608211,-0.934296,0.173352,0.31151,0.35209,0.585654,0.730096,0.030333,0.026695,-0.036081,-0.053477,-0.122345,-0.354885,-0.895994
975,0.026305,0.063008,0.371991,-0.262821,0.720901,-0.641305,-0.930028,-0.012293,0.367245,0.257185,0.692057,0.674493,0.059778,0.059164,-0.083399,0.01962,-0.328422,-0.327388,-1.133595,-0.144505,0.081523,0.305343,0.833128,0.407956,0.373445,-0.532183,0.774805,0.341163,-0.151208,-0.483489,0.862112,-0.000208,0.001882,0.001443,0.0,-0.0,-0.0,0.471054,0.017729,0.056428,-0.03062,-0.779192,-0.439992,0.446392,0.569334,-0.794704,0.210482,0.26214,0.418153,0.869729,-5.4e-05,0.000489,0.000372,0.000354,0.000198,0.000736,0.452354,0.051158,0.053101,-0.055233,-0.07709,0.789545,-0.608831,-0.929653,0.163738,0.330051,0.360279,0.591445,0.72138,0.029752,0.029221,-0.041974,-0.0778,-0.358075,-0.57114,-0.895668
976,0.027415,0.064087,0.370385,-0.280947,0.71636,-0.638703,-0.923105,-0.019571,0.384014,0.262936,0.696589,0.667575,0.058457,0.057052,-0.084579,-1.117666,1.268362,-2.595675,-1.126556,-0.144471,0.081539,0.305363,0.832541,0.408239,0.374444,-0.53293,0.774386,0.340949,-0.151815,-0.483921,0.861763,-8.3e-05,0.000754,0.000578,-0.016868,0.132287,-0.147532,0.473214,0.017746,0.05644,-0.030607,-0.778501,-0.440326,0.447267,0.570023,-0.794282,0.210211,0.262695,0.418602,0.869346,0.005891,0.001132,0.000278,0.002329,-0.015059,0.029854,0.453497,0.051757,0.053682,-0.056101,-0.095107,0.788629,-0.607468,-0.925737,0.154302,0.345254,0.366011,0.595193,0.715388,0.029097,0.028114,-0.042578,-1.218961,1.164304,-2.639013,-0.893545
