frame,MLTx,MLTy,MLTz,MLTR1,MLTR2,MLTR3,MLTR4,MLTR5,MLTR6,MLTR7,MLTR8,MLTR9,MLTTVx,MLTTVy,MLTTVz,MLTRVx,MLTRVy,MLTRVz,MLGA,MRTx,MRTy,MRTz,MRTR1,MRTR2,MRTR3,MRTR4,MRTR5,MRTR6,MRTR7,MRTR8,MRTR9,MRTTVx,MRTTVy,MRTTVz,MRTRVx,MRTRVy,MRTRVz,MRGA,SLTx,SLTy,SLTz,SLTR1,SLTR2,SLTR3,SLTR4,SLTR5,SLTR6,SLTR7,SLTR8,SLTR9,SLTTVx,SLTTVy,SLTTVz,SLTRVx,SLTRVy,SLTRVz,SLGA,SRTx,SRTy,SRTz,SRTR1,SRTR2,SRTR3,SRTR4,SRTR5,SRTR6,SRTR7,SRTR8,SRTR9,SRTTVx,SRTTVy,SRTTVz,SRTRVx,SRTRVy,SRTRVz,SRGA
45,0.119447,-0.038145,0.409898,-0.497624,0.444876,-0.744648,-0.448488,-0.866735,-0.218175,-0.741861,0.224838,0.631758,-0.001378,-0.023355,0.017122,-0.061548,-0.031341,0.124985,0.179881,-0.114273,-0.032325,0.408826,0.12257,0.354521,0.926975,-0.062696,0.934932,-0.34915,-0.990562,-0.015787,0.13565,0.014552,-0.00292,-0.020105,0.041698,0.323135,-0.097741,-1.197,0.037811,0.025901,-0.007299,-0.042125,-0.400015,0.915539,0.178398,-0.904638,-0.387044,0.983055,0.147026,0.109469,0.01403,3.9e-05,-0.009677,0.035725,0.30836,-0.031052,-0.831927,0.069409,0.016971,-0.065622,-0.576375,0.372544,-0.727325,-0.281233,-0.926098,-0.251493,-0.767267,0.059594,0.638551,-0.000613,-0.011277,0.008852,-0.075262,0.02509,-0.038497,0.016147
46,0.119297,-0.038967,0.410567,-0.496682,0.443128,-0.746318,-0.449948,-0.866712,-0.215239,-0.741609,0.228342,0.630795,-0.015111,-0.020536,0.019206,-0.103779,-0.199563,-0.176304,0.223518,-0.113255,-0.032228,0.408053,0.110912,0.349893,0.930196,-0.054283,0.936719,-0.345751,-0.992416,-0.012605,0.121711,0.027605,0.003154,-0.017216,0.062465,0.170689,0.328639,-1.162255,0.038306,0.025937,-0.007679,-0.031409,-0.394601,0.918315,0.170532,-0.907413,-0.384084,0.984851,0.144538,0.095793,0.006987,0.000546,-0.00868,0.069497,0.375128,0.155925,-0.811842,0.069339,0.01656,-0.065288,-0.575587,0.371426,-0.728519,-0.282822,-0.926334,-0.248828,-0.767275,0.062819,0.638233,-0.0005,-0.010701,0.009269,-0.111801,-0.368307,-0.17515,0.068726
47,0.11922,-0.039286,0.410872,-0.502726,0.436476,-0.746191,-0.440012,-0.872157,-0.213783,-0.743487,0.22031,0.63144,-0.000475,-0.010627,0.009321,-0.035334,0.0087,-0.020525,0.24487,-0.112734,-0.032115,0.407704,0.108924,0.347391,0.931368,-0.052947,0.937653,-0.34342,-0.992706,-0.012363,0.119349,0.027438,0.004315,-0.016414,0.049641,-0.03396,0.25975,-1.150371,0.038576,0.025999,-0.007864,-0.029105,-0.391541,0.919699,0.169409,-0.908711,-0.381502,0.985115,0.144701,0.092779,0.0137,0.002357,-0.008082,0.024525,-0.021395,0.050993,-0.815108,0.069295,0.016393,-0.065135,-0.57969,0.363378,-0.729325,-0.271953,-0.930014,-0.247214,-0.768115,0.055034,0.637941,-0.000327,-0.009867,0.009873,-0.079859,0.104666,-0.22031,0.097955
48,0.118982,-0.03952,0.411163,-0.512371,0.414697,-0.752029,-0.407669,-0.888145,-0.212075,-0.755226,0.197396,0.625056,-0.013861,0.002229,0.001655,-0.080037,-0.631289,-0.243044,0.273571,-0.111572,-0.031716,0.406998,0.1084,0.341584,0.933574,-0.05005,0.939805,-0.337929,-0.992913,-0.010543,0.117792,0.039326,0.018361,-0.024635,0.076134,-0.039983,0.105472,-1.127359,0.039167,0.0262,-0.008222,-0.029897,-0.385905,0.922053,0.167098,-0.911414,-0.376034,0.985486,0.142831,0.091732,0.019652,0.009337,-0.012228,0.076669,-0.05033,0.102217,-0.822619,0.069175,0.016272,-0.064985,-0.586637,0.341058,-0.73453,-0.237276,-0.939577,-0.246764,-0.77431,0.029525,0.632116,-0.006909,0.001238,0.000921,-0.084835,-0.583221,-0.226332,0.146779
49,0.118758,-0.039326,0.41124,-0.513041,0.395271,-0.761968,-0.373714,-0.901948,-0.21633,-0.772132,0.173274,0.611404,0.000998,0.004815,0.003468,-0.00141,-0.623154,0.090467,0.305487,-0.110517,-0.031301,0.406327,0.104711,0.33575,0.936108,-0.047111,0.941912,-0.332439,-0.993448,-0.009733,0.113263,0.025533,0.017149,-0.024147,0.085645,0.176776,0.175727,-1.124349,0.039685,0.026403,-0.008548,-0.027505,-0.380015,0.924571,0.164527,-0.914028,-0.370787,0.985988,0.141919,0.087663,0.013517,0.0036,-0.007228,0.072247,0.28594,0.163743,-0.83405,0.069062,0.016365,-0.06495,-0.583279,0.321659,-0.745868,-0.201108,-0.946848,-0.251064,-0.786981,0.00356,0.616965,-0.006509,0.003144,0.002294,0.097925,-0.836834,-0.119212,0.191031
50,0.118694,-0.039094,0.411369,-0.508406,0.375027,-0.775192,-0.346146,-0.913231,-0.214859,-0.787881,0.158621,0.595072,0.001047,0.005048,0.003629,-0.062815,-0.611383,-0.211069,0.314864,-0.10955,-0.030925,0.405661,0.106509,0.331616,0.937378,-0.044703,0.943396,-0.328543,-0.993371,-0.007348,0.11412,0.026819,0.008423,-0.013566,0.03962,-0.032366,0.080972,-1.101104,0.040168,0.026594,-0.008885,-0.029346,-0.37599,0.926158,0.162492,-0.916027,-0.366729,0.986273,0.139731,0.087977,0.013491,0.00381,-0.007087,0.039679,-0.026517,0.052874,-0.840254,0.069031,0.016485,-0.064882,-0.574969,0.303243,-0.759903,-0.171988,-0.952822,-0.250096,-0.799893,-0.013103,0.599998,0.000633,0.003054,0.0022,-0.04728,-0.93823,-0.113743,0.21928
51,0.118714,-0.039023,0.411472,-0.503701,0.366044,-0.782523,-0.335712,-0.917513,-0.213163,-0.795381,0.15487,0.586013,0.000904,-0.003945,0.014125,-0.098565,-0.557031,-0.177202,0.316156,-0.109033,-0.030712,0.405342,0.107549,0.329226,0.938102,-0.043444,0.94424,-0.326277,-0.993316,-0.006098,0.114669,0.026691,0.009201,-0.01302,0.03961,-0.032391,0.080971,-1.086502,0.040416,0.026697,-0.009039,-0.030619,-0.373961,0.926938,0.161445,-0.917046,-0.364637,0.986406,0.138484,0.088453,0.013353,0.00463,-0.006506,0.041293,-0.033441,0.081001,-0.839275,0.069041,0.016523,-0.064835,-0.568804,0.295411,-0.767588,-0.160826,-0.955202,-0.248439,-0.806595,-0.017865,0.590833,0.000525,0.002542,0.001827,-0.085159,-0.938747,-0.301292,0.226465
52,0.11875,-0.038972,0.411648,-0.493031,0.353357,-0.795051,-0.320814,-0.923223,-0.211444,-0.808116,0.150369,0.56953,0.000403,0.001943,0.001393,-0.0307,-0.439737,0.063546,0.318921,-0.108151,-0.030413,0.404883,0.109257,0.325388,0.939242,-0.041596,0.945578,-0.322622,-0.993211,-0.004249,0.115659,0.026618,0.009672,-0.012697,0.04627,-0.088355,0.241432,-1.000566,0.040863,0.026848,-0.009269,-0.032838,-0.370421,0.928283,0.159859,-0.918773,-0.360971,0.986593,0.136541,0.089385,0.007135,-0.000599,-0.001138,0.003286,-0.015672,0.029377,-0.823599,0.069061,0.016554,-0.064737,-0.555033,0.285056,-0.78146,-0.145096,-0.958224,-0.24648,-0.819075,-0.023418,0.573207,0.00022,0.001067,0.000769,-0.04001,-0.499853,0.045425,0.23218
53,0.118736,-0.039018,0.411678,-0.483895,0.33802,-0.807238,-0.300074,-0.930535,-0.209836,-0.821496,0.140265,0.552718,-0.000359,-0.001734,-0.001244,-0.048871,-0.47308,-0.156551,0.328326,-0.107582,-0.030273,0.404672,0.110373,0.322962,0.939949,-0.040658,0.946413,-0.320287,-0.993128,-0.003292,0.116401,0.013925,0.000661,-0.000924,0.009828,-0.080801,0.216831,-0.937769,0.041157,0.026922,-0.009385,-0.034294,-0.368146,0.929134,0.159025,-0.919846,-0.358597,0.986678,0.135458,0.090089,0.006983,0.000252,-0.000528,0.002894,-0.015528,0.029369,-0.804657,0.069054,0.016534,-0.06472,-0.543753,0.272505,-0.793771,-0.12353,-0.961501,-0.245466,-0.830103,-0.035419,0.556482,-0.000257,-0.001242,-0.000888,-0.049728,-0.694283,-0.025761,0.240998
54,0.118682,-0.039076,0.41165,-0.482411,0.32773,-0.812353,-0.283877,-0.935788,-0.209015,-0.828096,0.129363,0.545481,-0.00073,-0.003518,-0.002525,0.097385,-0.181217,-0.18202,0.341031,-0.107369,-0.030211,0.40458,0.110882,0.321813,0.940284,-0.040229,0.946805,-0.31918,-0.99309,-0.00286,0.116741,0.012621,0.00945,-0.011468,0.037537,-0.017106,0.051777,-0.911919,0.041264,0.026952,-0.009425,-0.035016,-0.366984,0.929568,0.158692,-0.920378,-0.357378,0.986706,0.135001,0.090465,0.000194,-0.001056,-0.000763,-0.000415,0.009264,-0.027091,-0.805147,0.069028,0.016506,-0.064733,-0.539363,0.26261,-0.800076,-0.106668,-0.96378,-0.244434,-0.835289,-0.046497,0.54784,-0.000288,-0.001395,-0.000998,0.390263,-0.138704,-0.136845,0.250632
55,0.118432,-0.039194,0.411566,-0.469569,0.312596,-0.825732,-0.267007,-0.941685,-0.204718,-0.840995,0.123951,0.526679,-0.001036,-0.004975,-0.003576,-0.040035,-0.558831,-0.006199,0.379171,-0.107087,-0.030066,0.404451,0.111962,0.319262,0.941025,-0.039388,0.94767,-0.316709,-0.993004,-0.002027,0.117488,1e-06,-5e-06,-4e-06,0.0,0.0,0.0,-0.886007,0.04141,0.027027,-0.009495,-0.036436,-0.364599,0.930451,0.158006,-0.921459,-0.354888,0.986765,0.134086,0.091183,0.006809,0.001215,0.000163,0.002534,-0.015384,0.029324,-0.813311,0.068902,0.016446,-0.064776,-0.524913,0.250666,-0.813407,-0.088824,-0.966565,-0.240544,-0.846507,-0.054015,0.529628,-0.007425,-0.001299,-0.000904,-0.050459,-0.690171,-0.056202,0.290638
56,0.118131,-0.039214,0.411273,-0.454837,0.29056,-0.841869,-0.238156,-0.950512,-0.199451,-0.857598,0.10941,0.502575,-0.01494,0.005327,-0.013096,0.094309,-0.834092,-0.194852,0.407351,-0.107069,-0.029971,0.404351,0.111426,0.320512,0.940663,-0.038487,0.947249,-0.318075,-0.993098,-0.001184,0.116695,-6.6e-05,0.000368,0.000263,0.0,0.0,-0.0,-0.889618,0.041419,0.027075,-0.009545,-0.03575,-0.365755,0.930024,0.156993,-0.921119,-0.356219,0.986952,0.133273,0.090352,-4e-05,0.000233,0.000165,0.000136,-0.000382,0.000805,-0.837642,0.068757,0.01643,-0.064921,-0.507203,0.23265,-0.82983,-0.059003,-0.969988,-0.235881,-0.859804,-0.070678,0.505709,-0.000525,-0.00255,-0.00183,0.344534,-1.092858,-0.451865,0.338319
57,0.117944,-0.039182,0.410864,-0.430304,0.268948,-0.861714,-0.209476,-0.958252,-0.194536,-0.877529,0.096458,0.469751,-0.001102,-0.005254,-0.003792,4.702998,-0.004395,-2.537485,0.417284,-0.107139,-0.029856,0.404237,0.11076,0.321974,0.940243,-0.037547,0.946754,-0.319658,-0.993208,-0.000322,0.115763,-0.000133,0.000741,0.00053,0.0,0.0,-0.0,-0.902466,0.041384,0.027132,-0.009602,-0.034911,-0.367093,0.929528,0.155933,-0.920704,-0.357752,0.987149,0.132455,0.089384,-0.000771,0.005065,-0.004789,0.043386,-0.068023,0.210551,-0.849399,0.068657,0.016447,-0.065131,-0.478154,0.219211,-0.850479,-0.034867,-0.972325,-0.231013,-0.877583,-0.080806,0.472564,-0.007529,0.002354,-0.00677,-0.057806,-1.054142,-0.173595,0.362649
58,0.117883,-0.039227,0.410742,-0.414543,0.26117,-0.871774,-0.198747,-0.960767,-0.193385,-0.887567,0.092764,0.451271,-0.014933,-0.002863,-0.00203,4.748397,-0.194278,-2.531698,0.423697,-0.107147,-0.029801,0.404188,0.111054,0.321176,0.940481,-0.037238,0.947025,-0.318892,-0.993187,-3.1e-05,0.115942,-0.000256,0.001427,0.00102,0.00113,-0.009549,0.027166,-0.903972,0.04138,0.027159,-0.009627,-0.035307,-0.366349,0.929806,0.155687,-0.921044,-0.356985,0.987174,0.132155,0.089554,-0.000124,0.000705,0.000504,0.001288,-0.009612,0.027259,-0.851685,0.068631,0.016423,-0.065193,-0.462085,0.215016,-0.860375,-0.023963,-0.972835,-0.230252,-0.886511,-0.085779,0.454685,-0.000576,-0.002782,-0.002005,-0.04052,-0.753187,0.142661,0.371794
59,0.117645,-0.039417,0.410669,-0.393399,0.243189,-0.886646,-0.168003,-0.967134,-0.190784,-0.903418,0.073596,0.42243,-0.014957,-0.002922,-0.00208,4.898184,0.340959,-1.980219,0.446617,-0.107173,-0.029642,0.4041,0.117213,0.321165,0.939737,-0.036883,0.947024,-0.318933,-0.9925,0.002299,0.121661,-0.001639,0.010637,-0.009218,0.028514,-0.294008,-0.07996,-0.905055,0.041368,0.027236,-0.009666,-0.040498,-0.366748,0.929438,0.155424,-0.92119,-0.356722,0.987017,0.13001,0.094308,-0.000171,0.000952,0.000678,-0.043479,-0.462138,-0.169742,-0.854951,0.068513,0.016329,-0.065229,-0.435925,0.200935,-0.877264,0.007638,-0.973896,-0.226863,-0.89995,-0.105596,0.423011,-0.007565,-0.0019,-0.001346,-0.019369,-0.698135,0.127433,0.397104
60,0.117107,-0.039712,0.410648,-0.372291,0.230416,-0.899085,-0.136839,-0.971709,-0.192426,-0.917528,0.051098,0.394408,-0.015653,-0.006109,-0.004404,0.140401,-0.636906,0.281485,0.47438,-0.107161,-0.029454,0.404041,0.120439,0.320748,0.939471,-0.036449,0.94716,-0.318578,-0.992134,0.003703,0.124579,-0.000174,0.000966,0.00069,-0.000254,-0.011353,-0.003989,-0.908031,0.041372,0.027336,-0.009698,-0.044971,-0.367324,0.929004,0.154973,-0.921252,-0.356757,0.986894,0.127927,0.098355,0.006029,0.006264,-0.004633,0.046729,-0.001083,0.059537,-0.867687,0.068239,0.016184,-0.065237,-0.413665,0.190663,-0.89024,0.044703,-0.972392,-0.229029,-0.909331,-0.134538,0.393721,-0.007847,-0.003172,-0.002273,0.137479,-0.5814,0.308054,0.434824
61,0.116784,-0.039884,0.410563,-0.359768,0.227389,-0.904935,-0.126353,-0.972764,-0.194258,-0.924018,0.044164,0.379827,-0.016095,-0.008106,-0.005868,-0.001177,-0.65337,0.134221,0.483865,-0.107133,-0.029371,0.404021,0.120648,0.320205,0.939629,-0.0362,0.947343,-0.318063,-0.992118,0.003936,0.124698,-0.000371,0.002062,0.001472,-4e-06,-0.000195,-6.9e-05,-0.908598,0.041387,0.027376,-0.00971,-0.045036,-0.366701,0.929247,0.154681,-0.921533,-0.35616,0.986936,0.127697,0.098224,-0.000193,0.001081,0.000771,0.001272,0.005259,0.002122,-0.873729,0.068084,0.016103,-0.065276,-0.401395,0.190104,-0.895958,0.055273,-0.971411,-0.230876,-0.914235,-0.142196,0.379412,-0.008096,-0.004304,-0.0031,0.006497,-0.825746,0.285291,0.45099
62,0.116138,-0.040321,0.41022,-0.331024,0.221881,-0.91719,-0.10994,-0.974387,-0.196097,-0.936801,0.03564,0.34808,-0.016884,-0.003335,-0.019492,0.033806,-1.059802,-0.012007,0.502662,-0.106945,-0.029238,0.404031,0.121351,0.3186,0.940085,-0.035785,0.947882,-0.316501,-0.992048,0.004346,0.125238,-0.000411,0.002275,0.001623,0.001133,-0.009579,0.027155,-0.907325,0.041481,0.027441,-0.009705,-0.045875,-0.365219,0.92979,0.154395,-0.922178,-0.354611,0.986943,0.127287,0.098693,0.006723,0.001624,0.000457,0.001751,-0.014957,0.029251,-0.877975,0.067768,0.015888,-0.065439,-0.37442,0.190824,-0.907411,0.071405,-0.969755,-0.233398,-0.924505,-0.152183,0.34947,-0.00855,-0.006328,-0.0046,0.038374,-0.582945,0.111684,0.479239
63,0.11542,-0.040702,0.40975,-0.308569,0.215273,-0.926546,-0.092202,-0.976212,-0.196164,-0.946355,0.024625,0.322231,-0.031146,-0.010613,-0.007794,0.011694,-0.571292,0.126451,0.520195,-0.106807,-0.029128,0.404069,0.122048,0.316994,0.940537,-0.035448,0.948418,-0.314928,-0.991975,0.004677,0.1258,-0.000379,0.002096,0.001494,-0.0,-0.0,-0.0,-0.908324,0.04155,0.027498,-0.009685,-0.046775,-0.363723,0.930332,0.154195,-0.922817,-0.353032,0.986932,0.12694,0.099249,-0.000198,0.001094,0.000778,-0.00021,0.000104,-2.8e-05,-0.879934,0.067407,0.015691,-0.065685,-0.34867,0.188521,-0.918089,0.089404,-0.968404,-0.232807,-0.932971,-0.163254,0.320799,-0.008683,-0.006833,-0.005003,-0.002799,-0.573852,-0.079403,0.504712
64,0.114661,-0.041158,0.409107,-0.283512,0.212021,-0.935261,-0.085381,-0.976936,-0.195643,-0.954823,0.024116,0.29624,-0.018142,-0.008581,-0.023506,0.039291,-0.556306,-0.051539,0.522409,-0.10664,-0.028999,0.404066,0.122828,0.315163,0.941051,-0.034968,0.949025,-0.313148,-0.991897,0.005141,0.126397,-0.001505,0.009856,-0.009775,0.035484,-0.001894,0.022546,-0.915877,0.041628,0.02756,-0.009681,-0.047688,-0.362195,0.930881,0.153909,-0.923476,-0.351429,0.986933,0.126513,0.099783,-8.3e-05,0.000454,0.000322,-0.000133,7e-05,-1.3e-05,-0.88222,0.06703,0.015474,-0.065992,-0.32454,0.190409,-0.926507,0.096031,-0.967833,-0.23254,-0.940983,-0.164443,0.295815,-0.002154,-0.005748,-0.012806,0.048888,-0.867173,-0.126623,0.518265
65,0.114325,-0.041501,0.408749,-0.272823,0.210122,-0.938862,-0.079227,-0.977426,-0.195787,-0.958473,0.020699,0.28448,-0.018954,-0.020302,-0.015096,0.005824,-0.471387,-0.045579,0.521643,-0.106526,-0.028923,0.404032,0.123271,0.314109,0.941345,-0.034624,0.949373,-0.312132,-0.991855,0.005469,0.126715,0.013541,0.002671,0.000508,0.002045,-0.015205,0.029245,-0.916903,0.041685,0.027602,-0.009702,-0.048334,-0.361084,0.931279,0.153612,-0.923964,-0.350275,0.986948,0.126126,0.100126,0.006768,0.001361,0.000268,0.009764,-0.081351,0.216645,-0.8832,0.066863,0.015309,-0.066172,-0.313346,0.19064,-0.930306,0.102207,-0.967181,-0.232622,-0.944122,-0.167975,0.283578,-0.009411,-0.005807,-0.012893,0.046437,-0.706827,-0.104893,0.519408
66,0.113614,-0.0423,0.408231,-0.261839,0.209284,-0.942171,-0.073563,-0.977669,-0.196782,-0.961994,0.017516,0.27256,-0.018756,-0.019036,-0.014286,0.005116,-0.057226,0.064587,0.520497,-0.106252,-0.028722,0.403854,0.12284,0.315205,0.941036,-0.033414,0.949002,-0.313389,-0.99195,0.006637,0.125917,0.013605,0.002313,0.000251,0.002045,-0.015205,0.029245,-0.917859,0.041822,0.027701,-0.009791,-0.047765,-0.362101,0.930913,0.152325,-0.923717,-0.351486,0.987175,0.125012,0.099278,-0.000684,0.004555,-0.005157,0.035326,-0.001935,0.022858,-0.884833,0.066492,0.014887,-0.066448,-0.301517,0.192187,-0.93389,0.107642,-0.96635,-0.233621,-0.947364,-0.170967,0.270684,-0.009356,-0.009464,-0.007088,-0.003901,0.021383,0.094454,0.519408
67,0.11273,-0.042969,0.407896,-0.260093,0.206875,-0.943186,-0.073294,-0.978168,-0.194392,-0.96249,0.018305,0.27075,-0.031836,-0.012147,-0.009259,-0.005041,0.047582,-0.113725,0.520843,-0.105937,-0.028456,0.403655,0.123535,0.313469,0.941524,-0.032373,0.949569,-0.311778,-0.991899,0.007621,0.126262,0.013512,0.002801,0.000597,0.002045,-0.015205,0.029245,-0.922542,0.041985,0.027834,-0.009892,-0.048689,-0.360476,0.931496,0.151425,-0.924487,-0.349848,0.987268,0.124019,0.099597,0.006758,0.001414,0.000302,0.002001,-0.01517,0.029247,-0.884996,0.066049,0.014547,-0.06662,-0.30003,0.190309,-0.934753,0.107881,-0.966841,-0.23147,-0.947809,-0.170291,0.269551,-0.015872,-0.005894,-0.004481,-0.004735,0.056501,-0.110826,0.518755
68,0.11234,-0.043238,0.407783,-0.26103,0.204929,-0.943352,-0.073041,-0.978575,-0.192426,-0.962255,0.018412,0.271579,-0.017129,-0.011313,-0.008606,-0.013157,0.087676,-0.244909,0.52032,-0.105807,-0.028342,0.403545,0.121977,0.31343,0.94174,-0.037496,0.949612,-0.311071,-0.991909,0.002218,0.126392,0.012306,0.010972,-0.010375,-1.523849,0.49867,-0.15774,-0.92592,0.042045,0.027888,-0.009942,-0.047702,-0.360123,0.931684,0.154894,-0.924129,-0.349273,0.986778,0.127651,0.099864,0.000172,-0.000409,-0.000497,-5.201408,1.731376,-0.70487,-0.8832,0.065853,0.01441,-0.066678,-0.300665,0.188237,-0.934968,0.108228,-0.967262,-0.229543,-0.947568,-0.170206,0.270449,-0.00852,-0.005484,-0.004158,-0.012102,0.089185,-0.244821,0.518592
69,0.111713,-0.043629,0.407563,-0.265005,0.203111,-0.942636,-0.07281,-0.978964,-0.190526,-0.96118,0.017883,0.275391,-0.016312,-0.007551,-0.005798,-0.002527,0.024937,-0.056474,0.520848,-0.105582,-0.028093,0.403268,0.122645,0.311636,0.942248,-0.036298,0.950198,-0.309419,-0.991872,0.003335,0.126657,-0.001213,0.008207,-0.010944,0.043285,-0.06854,0.209775,-0.932347,0.042162,0.028014,-0.01008,-0.047954,-0.358702,0.932219,0.155528,-0.924591,-0.347766,0.986666,0.12831,0.100126,0.006222,0.005128,-0.005447,0.037631,-0.01708,0.05185,-0.887119,0.065546,0.014217,-0.066786,-0.304346,0.185741,-0.934276,0.108549,-0.967652,-0.227738,-0.946356,-0.170726,0.274339,-0.001059,-0.004648,-0.003517,0.000657,-0.001185,-0.031631,0.518592
70,0.111424,-0.043805,0.407246,-0.265703,0.201422,-0.942802,-0.072083,-0.97932,-0.188965,-0.961041,0.017494,0.275901,-0.001479,-0.006438,-0.004897,-0.001546,0.009242,-0.027253,0.520514,-0.105487,-0.027822,0.402994,0.123093,0.310249,0.942648,-0.035126,0.950647,-0.308173,-0.99186,0.004412,0.126724,-0.000161,0.000866,0.000618,-0.0,-0.0,-0.0,-0.95737,0.04221,0.028149,-0.010224,-0.048649,-0.357266,0.932734,0.154427,-0.925301,-0.346365,0.986805,0.127189,0.100187,-0.000804,0.005197,-0.004694,0.035549,-0.0019,0.022608,-0.888099,0.065396,0.014127,-0.066945,-0.304632,0.183885,-0.93455,0.1094,-0.967937,-0.226115,-0.946166,-0.171122,0.274747,-0.000684,-0.002993,-0.002272,-0.001083,0.009141,-0.027475,0.519572
71,0.111402,-0.043888,0.407157,-0.266078,0.200483,-0.942897,-0.071829,-0.979514,-0.188055,-0.960956,0.017434,0.276201,-0.001038,-0.004516,-0.003439,-0.012216,0.07303,-0.21533,0.520488,-0.105445,-0.027687,0.402895,0.123438,0.309289,0.942918,-0.034571,0.950957,-0.307278,-0.991836,0.004923,0.126884,0.013371,0.003515,0.001104,0.002045,-0.015205,0.029245,-0.964361,0.042226,0.028212,-0.01027,-0.049095,-0.356407,0.933039,0.153977,-0.925699,-0.345501,0.986853,0.126705,0.100325,-0.000166,0.000918,0.000652,7e-05,-1.6e-05,3.6e-05,-0.888262,0.065385,0.014087,-0.066989,-0.304792,0.18306,-0.93466,0.109659,-0.968082,-0.225366,-0.946084,-0.171184,0.274989,-0.000371,-0.00163,-0.001237,0.000361,5.6e-05,-0.000133,0.519408
72,0.111634,-0.04408,0.407233,-0.266634,0.199121,-0.943028,-0.07197,-0.979784,-0.186589,-0.960791,0.017864,0.276748,0.014039,-0.010632,0.009329,-0.03477,-0.002178,0.011225,0.512907,-0.105355,-0.027458,0.402718,0.124212,0.307202,0.943498,-0.033534,0.951627,-0.305312,-0.991776,0.005878,0.127312,-3.1e-05,0.000165,0.000118,0.0,0.0,0.0,-0.964321,0.042275,0.028334,-0.01036,-0.050146,-0.354434,0.933735,0.153074,-0.926592,-0.343503,0.986941,0.125705,0.100719,-0.000709,0.004667,-0.00507,0.035529,-0.001904,0.022588,-0.889242,0.065495,0.013992,-0.066956,-0.305123,0.181447,-0.934866,0.10966,-0.968456,-0.223757,-0.945977,-0.170791,0.275601,0.000123,0.000538,0.000409,-0.01043,0.063782,-0.188193,0.516142
73,0.112011,-0.044163,0.407497,-0.269618,0.199227,-0.942157,-0.072651,-0.979761,-0.186444,-0.959903,0.017925,0.279807,0.015028,-0.006285,0.012634,-0.033196,-0.007791,0.039698,0.492479,-0.105344,-0.027315,0.402527,0.124488,0.306291,0.943758,-0.032783,0.951916,-0.304492,-0.991767,0.006561,0.127349,-0.001274,0.008523,-0.010713,0.035472,-0.0019,0.022563,-0.964292,0.042281,0.028403,-0.010451,-0.050531,-0.353595,0.934032,0.152422,-0.927002,-0.342688,0.987022,0.12505,0.100738,8.6e-05,-0.000452,-0.000323,4.9e-05,-1e-06,-1e-05,-0.889078,0.065683,0.013949,-0.066826,-0.308262,0.180976,-0.933927,0.108967,-0.968557,-0.223654,-0.945039,-0.170712,0.278849,0.007573,0.001215,0.000956,-0.00713,0.033232,-0.164905,0.496058
74,0.112551,-0.044194,0.407683,-0.274314,0.202299,-0.940145,-0.073795,-0.979145,-0.189216,-0.958479,0.017215,0.284691,0.015105,0.002278,0.001796,0.002699,-0.001791,0.064275,0.44983,-0.105361,-0.027134,0.40234,0.124939,0.304909,0.944146,-0.0319,0.952353,-0.303217,-0.99174,0.007362,0.127518,-0.001421,0.009315,-0.010147,0.035475,-0.001914,0.022558,-0.964041,0.042272,0.028495,-0.010549,-0.051158,-0.352288,0.934492,0.151619,-0.92761,-0.341394,0.987113,0.124222,0.100868,-0.000707,0.004661,-0.005072,0.035521,-0.001899,0.022545,-0.889732,0.065955,0.013936,-0.066724,-0.313642,0.183069,-0.931726,0.107656,-0.968055,-0.226447,-0.943418,-0.171329,0.283914,0.014528,-0.000256,-0.000136,0.007138,-0.043537,0.052331,0.461603
75,0.112992,-0.044179,0.407695,-0.276355,0.204352,-0.939102,-0.074302,-0.978727,-0.191166,-0.957851,0.016686,0.286828,0.029094,-0.00032,-0.000119,0.002072,-0.013393,0.064511,0.404385,-0.105356,-0.027033,0.402246,0.125214,0.304102,0.94437,-0.031423,0.952607,-0.302466,-0.991721,0.007795,0.127641,-1.2e-05,6.6e-05,4.7e-05,0.0,0.0,0.0,-0.963568,0.042275,0.028546,-0.010596,-0.051533,-0.351535,0.934755,0.151207,-0.927954,-0.340641,0.987157,0.123787,0.100975,-1e-06,2.5e-05,1.9e-05,3.5e-05,-3e-06,1.3e-05,-0.889732,0.06617,0.013946,-0.066716,-0.316011,0.184657,-0.930611,0.107086,-0.967665,-0.228374,-0.942692,-0.171824,0.286019,0.00756,0.001194,0.000924,0.007371,-0.044002,0.048118,0.421924
76,0.114123,-0.044034,0.407549,-0.280159,0.208706,-0.937016,-0.074911,-0.977833,-0.195456,-0.956694,0.015167,0.290748,0.029489,0.009826,-0.009768,0.039418,-0.008894,0.119005,0.2628,-0.105342,-0.026847,0.402048,0.125694,0.302659,0.94477,-0.0305,0.953059,-0.301135,-0.991689,0.008634,0.12783,-0.001404,0.00922,-0.010212,0.035477,-0.001931,0.022552,-0.962004,0.042282,0.028636,-0.010691,-0.052189,-0.350203,0.935218,0.150424,-0.928566,-0.339318,0.987243,0.122971,0.101139,4e-06,-4e-06,-2e-06,0.007972,-0.067486,0.186926,-0.886302,0.066735,0.014013,-0.066786,-0.320577,0.188118,-0.928353,0.106269,-0.966749,-0.232596,-0.941241,-0.173221,0.289927,0.021642,-0.000946,-0.00066,0.008095,-0.033933,0.090125,0.27039
77,0.115202,-0.044007,0.407597,-0.289364,0.214775,-0.932837,-0.076589,-0.97655,-0.201139,-0.953806,0.012968,0.300188,0.029334,0.001058,0.00088,0.003672,0.170115,0.156874,0.16553,-0.105293,-0.026689,0.401875,0.126085,0.301505,0.945086,-0.029729,0.953418,-0.300075,-0.991664,0.00934,0.12798,-0.001306,0.008692,-0.010588,0.035478,-0.001939,0.022551,-0.960377,0.042307,0.028715,-0.010777,-0.052723,-0.349126,0.935591,0.149742,-0.929065,-0.338253,0.987317,0.122264,0.101262,7e-05,-0.000357,-0.000256,1.8e-05,-2e-05,3.8e-05,-0.887445,0.067275,0.014031,-0.066766,-0.33057,0.19223,-0.923996,0.104321,-0.965595,-0.238206,-0.937997,-0.175136,0.299144,0.014593,0.000189,0.000164,0.004362,0.206319,0.137856,0.097139
78,0.115634,-0.044016,0.407669,-0.296584,0.218807,-0.929627,-0.077873,-0.975675,-0.204858,-0.951474,0.011356,0.307565,0.015063,0.002384,0.001837,0.000838,0.295917,0.134425,0.145159,-0.105247,-0.026639,0.40178,0.126296,0.300914,0.945247,-0.029365,0.953601,-0.299528,-0.991648,0.009674,0.128077,-0.001106,0.007619,-0.011352,0.035478,-0.001941,0.022551,-0.960713,0.04233,0.028742,-0.010823,-0.053007,-0.348575,0.93578,0.149425,-0.929315,-0.337703,0.987351,0.121928,0.101346,0.000199,-0.001055,-0.000754,1.7e-05,-2.1e-05,4.2e-05,-0.887445,0.067496,0.014028,-0.066729,-0.338216,0.194757,-0.920694,0.102858,-0.964838,-0.24188,-0.935429,-0.176509,0.306292,0.01467,0.00058,0.000457,0.002543,0.343384,0.21572,0.045702
79,0.116416,-0.043985,0.407809,-0.308311,0.226055,-0.924061,-0.080227,-0.97405,-0.211573,-0.94753,0.008616,0.319595,0.029208,0.000661,0.000552,0.002863,0.142211,0.147404,0.128992,-0.105185,-0.02661,0.401593,0.123729,0.299444,0.946053,-0.028745,0.954067,-0.2981,-0.991987,0.009292,0.125457,0.000345,-0.001845,-0.001317,-9e-06,0.001602,0.000581,-0.961928,0.04236,0.028758,-0.010922,-0.050519,-0.346716,0.936608,0.148877,-0.929941,-0.336219,0.987563,0.122454,0.098598,0.007002,4.5e-05,-0.000672,-0.001854,-0.026707,0.024164,-0.887445,0.067882,0.014044,-0.066658,-0.351551,0.199502,-0.914663,0.100208,-0.963396,-0.248646,-0.930789,-0.179069,0.318691,0.007448,0.000852,0.000643,0.017229,0.086505,0.270561,0.001614
80,0.117392,-0.043957,0.407727,-0.314463,0.231912,-0.92053,-0.081805,-0.972687,-0.217164,-0.945364,0.006718,0.32599,0.028429,-0.002899,-0.002149,0.001744,0.002717,0.069967,0.054424,-0.105088,-0.02661,0.40147,0.123985,0.298786,0.946227,-0.028395,0.95427,-0.297484,-0.991965,0.00962,0.125602,-0.000976,0.006923,-0.01185,0.034324,0.007874,-0.004518,-0.96312,0.042409,0.028756,-0.010979,-0.050978,-0.346168,0.936786,0.148636,-0.930188,-0.335642,0.987576,0.12213,0.098872,9.2e-05,-0.000485,-0.000347,0.000132,-0.000314,-8.5e-05,-0.889732,0.068371,0.014064,-0.066695,-0.35862,0.203954,-0.910929,0.098471,-0.962129,-0.254184,-0.928274,-0.180856,0.324955,0.007143,-0.000555,-0.000425,0.007442,-0.033097,0.020535,-0.073663
81,0.118281,-0.044035,0.407577,-0.316231,0.234047,-0.919383,-0.082315,-0.972179,-0.219232,-0.944727,0.006053,0.327842,0.028233,-0.003817,-0.002855,0.001926,-0.024385,0.060812,-0.017895,-0.105036,-0.026601,0.401408,0.124232,0.29816,0.946392,-0.028155,0.954463,-0.296886,-0.991941,0.009842,0.125773,4.7e-05,-0.000252,-0.00018,-0.0,0.0,0.0,-0.965013,0.042435,0.028759,-0.011017,-0.051301,-0.345592,0.936981,0.148413,-0.930436,-0.335052,0.987593,0.121872,0.099023,2.2e-05,-0.000114,-8.4e-05,0.008119,-0.067839,0.186826,-0.887935,0.068815,0.014022,-0.066772,-0.360436,0.205619,-0.909838,0.097939,-0.961667,-0.256131,-0.927627,-0.181428,0.326481,0.007041,-0.00104,-0.000794,0.003363,-0.033093,0.022349,-0.161513
82,0.118705,-0.044085,0.407527,-0.318415,0.235585,-0.918236,-0.082797,-0.971812,-0.220677,-0.943949,0.00546,0.330088,0.014124,-0.00187,-0.001402,-0.001715,0.278155,0.128581,-0.042551,-0.105025,-0.0266,0.401382,0.124341,0.297877,0.946467,-0.028053,0.95455,-0.296614,-0.991931,0.009935,0.125849,0.00017,-0.000907,-0.000648,-0.0,0.0,0.0,-0.973094,0.04244,0.028762,-0.011028,-0.051446,-0.345329,0.93707,0.148331,-0.930547,-0.334782,0.987598,0.121774,0.099096,0.000105,-0.000551,-0.000396,0.000117,-4.8e-05,1.5e-05,-0.887935,0.069038,0.013995,-0.066799,-0.361927,0.20661,-0.909021,0.097449,-0.9614,-0.257315,-0.927098,-0.181713,0.327823,0.007057,-0.000968,-0.000741,-0.014257,0.375301,0.166742,-0.199723
83,0.119275,-0.044124,0.407509,-0.321959,0.239379,-0.916016,-0.089256,-0.970848,-0.222394,-0.942153,0.009853,0.335079,0.014403,-0.000507,-0.00038,-0.151376,0.602179,0.089657,-0.049368,-0.104989,-0.026552,0.401261,0.122012,0.295838,0.947409,-0.02745,0.955188,-0.294611,-0.992234,0.009547,0.123467,0.000346,-0.001845,-0.001319,-0.00211,0.246902,0.089759,-1.009184,0.042458,0.028789,-0.011087,-0.050124,-0.343357,0.937866,0.147764,-0.931261,-0.333042,0.987751,0.12189,0.097415,0.000203,-0.001077,-0.000772,0.029073,0.326618,0.305561,-0.89561,0.069322,0.013973,-0.066809,-0.364845,0.209392,-0.907217,0.091112,-0.961676,-0.258603,-0.926599,-0.177009,0.331785,0.007214,-0.00021,-0.000166,-0.148448,0.566874,0.076239,-0.22634
84,0.119532,-0.044039,0.407469,-0.325487,0.2433,-0.913734,-0.095506,-0.969821,-0.224271,-0.940323,0.01396,0.340038,0.01451,0.008403,-0.010944,0.036255,0.019346,0.063778,-0.032755,-0.104844,-0.026516,0.401058,0.122257,0.295157,0.94759,-0.026888,0.955393,-0.293997,-0.99222,0.010072,0.123541,0.000693,-0.003687,-0.00264,-0.001157,0.009887,-0.027043,-1.036863,0.042525,0.028809,-0.011186,-0.049681,-0.342377,0.938248,0.147387,-0.931636,-0.33216,0.98783,0.121783,0.096747,-0.00039,0.002944,-0.006298,0.034901,-0.004837,0.021322,-0.897733,0.069446,0.014014,-0.066824,-0.371516,0.212891,-0.903687,0.084316,-0.961595,-0.261196,-0.924589,-0.173234,0.339298,0.000153,0.000728,0.000544,0.006883,-0.002867,-0.004205,-0.227483
85,0.11957,-0.043975,0.40744,-0.327903,0.244482,-0.912553,-0.09576,-0.969535,-0.225398,-0.939455,0.013166,0.342461,0.000411,0.002002,0.001507,0.001223,0.016932,0.036116,-0.005592,-0.104716,-0.026517,0.400943,0.122491,0.294585,0.947738,-0.026578,0.955567,-0.293462,-0.992199,0.010367,0.123679,0.000776,-0.004123,-0.002954,-0.0,1e-06,0.0,-1.037698,0.042589,0.028809,-0.011243,-0.049938,-0.341985,0.938377,0.147136,-0.931817,-0.331764,0.987854,0.121501,0.096852,-0.000301,0.002478,-0.006634,0.035607,-0.002409,0.022451,-0.898222,0.06947,0.014046,-0.066845,-0.37398,0.213546,-0.902516,0.084072,-0.961317,-0.262297,-0.923617,-0.173971,0.34156,8.4e-05,0.000405,0.000305,0.005643,-0.009405,-0.005809,-0.218175
784,0.101919,0.017506,0.450902,-0.143677,0.874936,-0.462483,-0.96863,-0.220012,-0.11542,-0.202566,0.430303,0.879678,-0.022456,0.000709,0.01572,-0.037558,0.043561,-0.076577,0.286858,-0.12256,0.021464,0.404823,0.51241,0.661716,0.54732,-0.822055,0.562165,0.090168,-0.248645,-0.496962,0.831305,0.000986,-0.007053,0.011054,-0.035875,0.003946,-0.021644,0.255415,0.033677,0.052798,-0.009311,-0.399518,-0.744456,0.534948,0.893505,-0.446729,0.045614,0.205019,0.496203,0.843652,-0.000148,0.000934,0.000484,1.6e-05,-4e-06,4.8e-05,0.169535,0.060647,0.044798,-0.04511,-0.306156,0.850105,-0.428472,-0.911793,-0.391244,-0.124739,-0.273678,0.352489,0.894902,-0.011291,0.000146,0.007786,-0.037562,0.043575,-0.076614,0.177641
785,0.101697,0.017469,0.451166,-0.14433,0.875003,-0.462152,-0.968681,-0.220234,-0.114569,-0.201858,0.430053,0.879963,-0.011022,-0.002589,0.013776,-0.034656,0.020081,-0.019635,0.290543,-0.122641,0.021438,0.404882,0.511895,0.663642,0.545467,-0.822483,0.561794,0.088566,-0.24829,-0.494808,0.832694,-0.000195,0.001257,0.000648,0.005781,-0.011685,-0.005362,0.252594,0.033632,0.052784,-0.009277,-0.398762,-0.746398,0.532801,0.893843,-0.446227,0.043858,0.205015,0.49373,0.845102,-0.000105,0.000664,0.000345,-0.008857,0.012888,0.002275,0.163819,0.060535,0.044777,-0.044978,-0.306808,0.850037,-0.42814,-0.911797,-0.391503,-0.123897,-0.272935,0.352364,0.895178,-0.005589,-0.001563,0.006786,-0.034668,0.020073,-0.01968,0.186949
786,0.101282,0.017139,0.451694,-0.14633,0.875093,-0.461351,-0.968745,-0.221126,-0.112285,-0.200102,0.429412,0.880677,-0.001014,-0.011295,0.009663,-0.035593,0.014139,-0.017458,0.28993,-0.122763,0.021317,0.405049,0.511537,0.663806,0.545603,-0.822822,0.561259,0.088804,-0.247901,-0.495195,0.83258,0.001103,-0.007816,0.010664,-0.034387,-0.007417,0.004798,0.250248,0.033571,0.052723,-0.009199,-0.398395,-0.746357,0.533133,0.89411,-0.445654,0.044252,0.204565,0.49431,0.844872,-0.006096,-0.00071,5.5e-05,-0.002375,0.01592,-0.028926,0.157941,0.060329,0.044619,-0.044717,-0.30877,0.849727,-0.427345,-0.911677,-0.392476,-0.121678,-0.271116,0.352031,0.895862,-0.006647,-0.009289,0.010788,-0.074125,0.051742,-0.091904,0.193807
787,0.100857,0.016632,0.452278,-0.147007,0.876261,-0.458911,-0.968438,-0.22185,-0.113496,-0.201087,0.426652,0.881793,-0.013367,-0.018848,0.021469,-0.068839,0.066745,-0.087477,0.283731,-0.122857,0.02118,0.405317,0.510593,0.667656,0.541777,-0.823752,0.560326,0.086035,-0.246754,-0.491058,0.835367,0.000932,-0.006717,0.011232,0.071818,-0.21432,-0.121429,0.246591,0.033525,0.052653,-0.009066,-0.39725,-0.749457,0.529626,0.894728,-0.444638,0.041905,0.204087,0.490519,0.847194,0.000399,-0.002958,0.005824,0.139376,-0.337561,-0.167391,0.153369,0.06012,0.044365,-0.044431,-0.309576,0.850802,-0.424614,-0.911252,-0.393015,-0.123114,-0.271626,0.348818,0.896963,-0.006387,-0.004547,0.005596,-0.042978,0.017207,-0.051783,0.190868
788,0.100312,0.016185,0.45299,-0.147039,0.878825,-0.453972,-0.968154,-0.221821,-0.115952,-0.202427,0.421372,0.884023,-0.012293,-0.014743,0.023142,-0.051687,0.09942,-0.047852,0.271944,-0.122897,0.021056,0.405698,0.510134,0.669625,0.539775,-0.824381,0.559529,0.085193,-0.245596,-0.489282,0.836749,-0.000764,0.004943,0.002539,0.014507,-0.037738,0.014416,0.248645,0.033505,0.052586,-0.008873,-0.396356,-0.751925,0.526791,0.895318,-0.443582,0.04048,0.203238,0.487691,0.849029,0.000382,-0.002848,0.005881,-0.039027,0.004535,-0.025679,0.152226,0.059845,0.044131,-0.044079,-0.310054,0.853171,-0.419481,-0.910982,-0.392841,-0.125647,-0.271988,0.343183,0.899025,-0.006127,-0.007262,0.011624,-0.066419,0.072782,-0.058488,0.179437
789,0.099977,0.01594,0.453432,-0.141374,0.882492,-0.448628,-0.969552,-0.214896,-0.117307,-0.199763,0.417286,0.886563,-0.024036,-0.0125,0.024682,-0.025597,0.192621,-0.055235,0.276043,-0.122938,0.021009,0.405853,0.509988,0.669712,0.539806,-0.824573,0.559205,0.085458,-0.245254,-0.489534,0.836702,-0.000541,0.003507,0.0018,0.00019,-0.000386,-0.000176,0.251063,0.033484,0.052566,-0.008793,-0.396226,-0.75184,0.527011,0.89547,-0.443235,0.040923,0.202822,0.488138,0.848872,0.000372,-0.002785,0.005912,-0.040013,0.011287,-0.019115,0.154022,0.059683,0.04401,-0.043858,-0.305113,0.857604,-0.414028,-0.913669,-0.386214,-0.126673,-0.268539,0.339636,0.901406,-0.006184,-0.00746,0.011551,-0.012015,0.116683,0.162304,0.176825
790,0.099337,0.015131,0.454559,-0.119865,0.892885,-0.43409,-0.973341,-0.191744,-0.125754,-0.195377,0.406333,0.892608,-0.013128,-0.017746,0.021979,0.052755,0.30413,0.216885,0.287525,-0.123109,0.021022,0.40607,0.509763,0.669817,0.539888,-0.82482,0.558799,0.08573,-0.244888,-0.489855,0.836621,-0.012873,0.003105,0.002424,-0.000565,0.003913,-0.002774,0.252097,0.033404,0.05257,-0.008686,-0.396004,-0.751867,0.527139,0.895662,-0.442816,0.041253,0.202409,0.488475,0.848776,-0.000314,0.002019,0.001036,4.2e-05,0.000151,0.000247,0.157288,0.059365,0.043622,-0.043303,-0.285977,0.871001,-0.399466,-0.92167,-0.364085,-0.134034,-0.262184,0.329845,0.906895,-0.006668,-0.01293,0.01649,0.067364,0.483271,0.256491,0.185969
791,0.098989,0.014116,0.455695,-0.108617,0.901803,-0.418328,-0.973341,-0.181924,-0.139582,-0.201852,0.390893,0.898046,-0.001955,-0.029543,0.030898,0.068775,0.459532,0.27038,0.286669,-0.123363,0.021167,0.406159,0.509411,0.66992,0.540093,-0.825013,0.55854,0.085556,-0.24497,-0.49001,0.836507,-0.012793,0.002653,0.002188,-0.002045,0.015205,-0.029245,0.252186,0.033271,0.052646,-0.00864,-0.395638,-0.751923,0.527333,0.89581,-0.442533,0.041084,0.20247,0.488645,0.848664,-0.006406,0.001372,0.00112,-0.001964,0.015219,-0.029113,0.158104,0.059182,0.043107,-0.042728,-0.276443,0.881141,-0.383625,-0.923592,-0.353921,-0.147366,-0.265624,0.313575,0.911654,-0.006931,-0.013851,0.016137,0.131374,0.592788,0.448931,0.192664
792,0.098868,0.013613,0.456267,-0.096178,0.906213,-0.411792,-0.974478,-0.169961,-0.146555,-0.202687,0.386059,0.899946,-0.012973,-0.01707,0.0223,0.036292,0.267933,0.204009,0.278933,-0.123533,0.021243,0.406176,0.509028,0.670037,0.540308,-0.825205,0.558297,0.085298,-0.245122,-0.490127,0.836394,-0.000602,0.003945,0.002016,-0.008747,0.06665,-0.156208,0.252126,0.033187,0.052685,-0.008631,-0.395238,-0.751993,0.527534,0.895957,-0.44226,0.040831,0.202603,0.488786,0.848551,-0.000286,0.001873,0.000962,-0.008675,0.066643,-0.156106,0.157614,0.059124,0.042848,-0.042439,-0.264988,0.887917,-0.376008,-0.926965,-0.341964,-0.154254,-0.265547,0.307671,0.913686,-0.000874,-0.014319,0.015648,0.029742,0.165943,0.595901,0.188582
793,0.0987,0.012741,0.457402,-0.076034,0.915462,-0.395214,-0.975745,-0.149843,-0.159504,-0.205154,0.372361,0.905145,-0.000217,-0.015693,0.022261,0.073971,0.278925,0.445466,0.256998,-0.123918,0.021272,0.406184,0.508106,0.670327,0.540816,-0.825693,0.557655,0.084767,-0.245388,-0.490461,0.83612,-0.012194,-0.001221,0.000206,-0.002045,0.015205,-0.029245,0.251353,0.032998,0.052703,-0.008625,-0.394295,-0.752166,0.527993,0.896325,-0.441559,0.040322,0.202812,0.489153,0.84829,-0.006087,-0.000679,7.3e-05,-0.002018,0.015212,-0.029164,0.156308,0.059034,0.042416,-0.041886,-0.247235,0.899654,-0.359856,-0.931922,-0.322472,-0.165928,-0.265322,0.294335,0.918134,-0.00587,-0.006184,0.012117,0.142079,0.495031,0.502262,0.168823
794,0.098499,0.012263,0.458303,-0.059666,0.920926,-0.385202,-0.977134,-0.132702,-0.166043,-0.203965,0.365342,0.908268,-0.010707,-0.001232,0.014436,0.022701,0.102883,0.20858,0.235999,-0.124274,0.021235,0.406179,0.50745,0.670524,0.541187,-0.826046,0.557186,0.084418,-0.245558,-0.490726,0.835914,-0.012108,-0.001784,-8.1e-05,-0.002045,0.015205,-0.029245,0.251526,0.03282,0.052682,-0.008629,-0.393609,-0.752282,0.528339,0.896597,-0.441038,0.039983,0.202939,0.489445,0.848091,7e-06,-6.1e-05,-2.6e-05,9e-06,6e-06,4.9e-05,0.155492,0.058937,0.042162,-0.04142,-0.231746,0.908066,-0.348867,-0.936597,-0.30518,-0.172189,-0.262827,0.286844,0.921217,-0.00561,-0.00523,0.012516,-0.006054,0.048149,0.346684,0.136492
795,0.098237,0.01197,0.459157,-0.054907,0.922677,-0.381703,-0.978176,-0.126353,-0.164858,-0.200279,0.363174,0.909956,-0.010739,-0.008812,0.025698,-0.055449,-0.021363,0.153397,0.23624,-0.124604,0.021209,0.406178,0.50835,0.670732,0.540085,-0.826172,0.55668,0.086499,-0.243258,-0.491017,0.836415,-0.012123,-0.001676,-2.6e-05,-0.002045,0.015205,-0.029245,0.251611,0.032655,0.052669,-0.00863,-0.394518,-0.752572,0.527247,0.896718,-0.440594,0.042091,0.200626,0.489397,0.848668,-4e-06,3e-05,2.3e-05,0.00116,0.000902,-0.000733,0.155328,0.058807,0.042021,-0.040996,-0.227389,0.910362,-0.345736,-0.938786,-0.299284,-0.170615,-0.258795,0.285776,0.922689,0.000532,-0.001721,0.006463,-0.022611,-0.052185,0.170264,0.124408
796,0.098136,0.011883,0.459504,-0.05523,0.92306,-0.380729,-0.978855,-0.125198,-0.161681,-0.196848,0.3626,0.910933,-0.010402,-0.000141,0.01488,-0.034533,0.020502,-0.019457,0.236467,-0.124751,0.021196,0.40617,0.508029,0.67083,0.540264,-0.826341,0.556456,0.086315,-0.243351,-0.491137,0.836318,-0.0,1e-06,1e-06,0.0,-0.0,-0.0,0.251334,0.032582,0.052661,-0.008634,-0.394175,-0.752631,0.527419,0.89685,-0.440343,0.041901,0.20071,0.489533,0.84857,3e-06,-2e-05,-4e-06,0.000164,0.000137,-7.7e-05,0.155165,0.058757,0.04198,-0.040827,-0.227617,0.910645,-0.34484,-0.939678,-0.298278,-0.167436,-0.255334,0.285927,0.923607,-0.005202,-2.4e-05,0.007463,-0.031575,0.017758,-0.018907,0.124245
797,0.098029,0.011827,0.460027,-0.039227,0.924046,-0.380323,-0.981157,-0.107606,-0.160384,-0.189086,0.365716,0.911332,-0.010369,-4.5e-05,0.014918,-0.036679,0.028574,-0.047026,0.218081,-0.124979,0.021169,0.406139,0.507513,0.670986,0.540555,-0.826606,0.556114,0.08599,-0.243532,-0.491311,0.836163,-0.01188,-0.003319,-0.000864,-0.003536,0.026504,-0.055713,0.25068,0.032468,0.052651,-0.008648,-0.393651,-0.752721,0.527683,0.897047,-0.439973,0.04159,0.20086,0.489729,0.848421,-0.0,-1e-06,4e-06,9e-06,1.2e-05,2.4e-05,0.154838,0.058704,0.041949,-0.040556,-0.212016,0.914574,-0.344386,-0.945214,-0.281418,-0.165446,-0.248229,0.290441,0.924134,0.000812,-0.000716,0.006867,-0.032809,0.005517,0.009696,0.116244
