frame,MLTx,MLTy,MLTz,MLTR1,MLTR2,MLTR3,MLTR4,MLTR5,MLTR6,MLTR7,MLTR8,MLTR9,MLTTVx,MLTTVy,MLTTVz,MLTRVx,MLTRVy,MLTRVz,MLGA,MRTx,MRTy,MRTz,MRTR1,MRTR2,MRTR3,MRTR4,MRTR5,MRTR6,MRTR7,MRTR8,MRTR9,MRTTVx,MRTTVy,MRTTVz,MRTRVx,MRTRVy,MRTRVz,MRGA,SLTx,SLTy,SLTz,SLTR1,SLTR2,SLTR3,SLTR4,SLTR5,SLTR6,SLTR7,SLTR8,SLTR9,SLTTVx,SLTTVy,SLTTVz,SLTRVx,SLTRVy,SLTRVz,SLGA,SRTx,SRTy,SRTz,SRTR1,SRTR2,SRTR3,SRTR4,SRTR5,SRTR6,SRTR7,SRTR8,SRTR9,SRTTVx,SRTTVy,SRTTVz,SRTRVx,SRTRVy,SRTRVz,SRGA
130,0.139399,-0.036168,0.339931,-0.452111,0.136398,-0.881496,-0.274633,-0.961501,-0.007981,-0.848092,0.238304,0.473264,-0.005169,-0.042843,-0.023455,0.310461,-0.432453,0.690512,0.501347,-0.182774,-0.037894,0.306987,-0.292064,0.667056,0.685366,0.174803,-0.667198,0.724033,0.940582,0.330424,0.077378,-0.00083,-0.014954,-0.017829,-0.92791,-1.338434,-1.162668,-1.400918,0.036627,0.02448,-0.016332,0.271848,-0.675455,0.685462,-0.155796,0.672,0.723977,-0.949644,-0.303604,0.077448,-0.000437,-0.007688,-0.009134,-0.935356,-1.36101,-1.166163,-0.887772,0.068036,0.024398,-0.047996,0.471709,-0.109099,-0.874978,0.220487,0.975385,-0.002752,0.853742,-0.191623,0.484153,0.004825,-0.027191,-0.007691,1.072739,-1.295735,2.003083,0.501773
131,0.139631,-0.038,0.339054,-0.452024,0.140404,-0.880912,-0.276204,-0.961016,-0.011503,-0.847629,0.237931,0.47428,0.009752,-0.044332,-0.025281,-0.019826,0.006058,0.108208,0.49992,-0.182921,-0.03835,0.306144,-0.408869,0.563237,0.71804,0.298553,-0.660846,0.688537,0.862808,0.495177,0.101119,-0.016926,-0.004188,-0.025331,-3.850357,-4.646109,-1.884553,-1.400854,0.03656,0.024247,-0.016752,0.388028,-0.578486,0.717487,-0.276048,0.669796,0.689325,-0.879335,-0.465538,0.100209,-0.000821,-0.001979,-0.013077,-0.764921,-2.221733,-1.637376,-0.888752,0.068146,0.023483,-0.048433,0.471532,-0.113878,-0.874464,0.22216,0.974983,-0.007173,0.853405,-0.190889,0.485035,0.004884,-0.022182,-0.012656,-0.031478,0.077026,-0.078932,0.492465
132,0.13988,-0.03892,0.338636,-0.453304,0.143041,-0.87983,-0.277353,-0.96066,-0.013345,-0.846568,0.23779,0.476241,0.010048,-0.042763,-0.023892,0.108102,0.477912,0.34016,0.499465,-0.183162,-0.038361,0.305597,-0.476391,0.484891,0.733433,0.372317,-0.644314,0.667962,0.797021,0.590659,0.125467,-0.017666,0.006678,-0.03391,-4.456621,-5.816925,-2.471254,-1.400952,0.03644,0.024235,-0.017022,0.457028,-0.504348,0.732637,-0.349814,0.655394,0.669393,-0.817773,-0.562219,0.123105,-0.008385,-0.002421,-0.012789,-3.783577,-4.897707,-2.001999,-0.893324,0.068274,0.023004,-0.048654,0.471125,-0.114892,-0.874551,0.223413,0.974693,-0.007694,0.853303,-0.191761,0.484871,0.005047,-0.021295,-0.011862,0.105007,0.468916,0.33592,0.491159
133,0.140566,-0.040658,0.337863,-0.454404,0.14601,-0.878774,-0.279397,-0.960042,-0.015101,-0.845305,0.238477,0.478137,0.025706,-0.040714,-0.022042,0.00764,0.200875,0.018836,0.495304,-0.183884,-0.038153,0.304081,-0.581751,0.30409,0.754379,0.486641,-0.612883,0.622486,0.652345,0.728846,0.20759,-0.018699,0.012841,-0.048287,-3.171099,-5.898902,-2.137091,-1.401183,0.036078,0.02434,-0.017766,0.568982,-0.326544,0.754736,-0.46621,0.627952,0.623156,-0.677426,-0.70643,0.205056,-0.009037,0.001036,-0.019881,0.001864,-4.231092,0.453006,-0.891528,0.068617,0.022132,-0.049043,0.473868,-0.119158,-0.872495,0.225534,0.974177,-0.010553,0.851223,-0.191777,0.488506,0.01289,-0.020174,-0.010841,0.013677,0.224786,0.030795,0.48675
134,0.141516,-0.042196,0.337257,-0.455009,0.149551,-0.877865,-0.281693,-0.959331,-0.017485,-0.844217,0.239141,0.479726,0.02684,-0.034358,-0.015713,-0.034089,0.013839,-0.008581,0.489819,-0.184772,-0.037603,0.302252,-0.647928,0.105125,0.754407,0.590704,-0.555756,0.584926,0.481551,0.824471,0.297017,-0.018627,0.01468,-0.046245,-3.464385,-5.341414,-2.669532,-1.401357,0.035624,0.024615,-0.018705,0.644094,-0.123815,0.754858,-0.574602,0.573096,0.584289,-0.50495,-0.81008,0.297983,-0.009496,0.007301,-0.022885,-3.458404,-5.370301,-2.689198,-0.887282,0.069091,0.021359,-0.049351,0.474885,-0.122873,-0.871427,0.227909,0.973594,-0.01308,0.850024,-0.192394,0.490349,0.013462,-0.016958,-0.007643,-0.040188,-0.008729,-0.019537,0.479892
135,0.142644,-0.043437,0.336818,-0.457184,0.155179,-0.875756,-0.283931,-0.958585,-0.021692,-0.842289,0.238538,0.483401,0.027993,-0.02757,-0.008769,-0.02912,0.016571,0.024758,0.4866,-0.185802,-0.036577,0.300123,-0.665539,-0.059219,0.744004,0.664403,-0.500899,0.554619,0.340647,0.863496,0.371749,-0.034732,0.02578,-0.053436,0.462114,-1.423035,-0.763965,-1.40206,0.035121,0.02512,-0.019749,0.666266,0.040814,0.744595,-0.65108,0.518654,0.554159,-0.36357,-0.854009,0.372135,-0.009927,0.01896,-0.030891,-0.471465,-2.199975,-1.201043,-0.876178,0.069644,0.020745,-0.04957,0.477458,-0.128471,-0.869211,0.230225,0.972982,-0.017345,0.847956,-0.191833,0.494135,0.013955,-0.014102,-0.004739,-0.032915,-0.093024,0.16049,0.47336
136,0.143263,-0.043944,0.336663,-0.458347,0.157878,-0.874665,-0.284925,-0.958242,-0.023716,-0.841319,0.238141,0.485281,0.043634,-0.016055,-0.016679,0.028059,0.083752,0.086639,0.48515,-0.186328,-0.035954,0.299087,-0.666554,-0.110635,0.737195,0.686833,-0.475246,0.54985,0.290339,0.872955,0.391809,-0.019046,0.030111,-0.049375,0.424551,-0.756466,-0.230178,-1.402278,0.034852,0.025424,-0.020278,0.668505,0.093018,0.737867,-0.674719,0.493172,0.549122,-0.312818,-0.864944,0.392449,-0.017513,0.020072,-0.028918,0.26186,-1.006419,-0.469002,-0.876015,0.069948,0.020489,-0.049643,0.478603,-0.130941,-0.868212,0.231281,0.972697,-0.019205,0.847023,-0.191609,0.495819,0.014278,-0.012082,-0.00264,0.00155,0.02271,0.248712,0.471564
137,0.144486,-0.044663,0.336466,-0.458889,0.161347,-0.873747,-0.286582,-0.957677,-0.026394,-0.84046,0.238081,0.486796,0.029366,-0.019027,0.000126,-0.033876,-0.001564,0.015946,0.479539,-0.187662,-0.034453,0.297001,-0.664363,-0.160528,0.729961,0.7133,-0.427456,0.555354,0.223697,0.889821,0.397544,-0.019623,0.042101,-0.0566,-0.348784,-0.147865,0.141672,-1.402586,0.034187,0.026175,-0.021314,0.667531,0.143037,0.730712,-0.70254,0.446091,0.554472,-0.246654,-0.883483,0.398269,-0.017107,0.01565,-0.023415,-1.363127,-0.531292,-0.455841,-0.875688,0.070576,0.020123,-0.049748,0.479323,-0.134415,-0.867284,0.233016,0.972226,-0.021898,0.846139,-0.191595,0.497331,0.014736,-0.009167,0.000407,-0.038449,-0.019343,0.007343,0.466012
138,0.145588,-0.044941,0.336371,-0.463201,0.168201,-0.870172,-0.287635,-0.957192,-0.031972,-0.837728,0.235267,0.492838,0.030331,-0.002463,-0.002494,0.08551,0.295155,0.215982,0.476806,-0.188821,-0.032715,0.294928,-0.664877,-0.185712,0.723493,0.727611,-0.379481,0.571411,0.169257,0.906552,0.386495,-0.034729,0.045076,-0.05179,-0.234811,0.410011,0.489775,-1.403099,0.033613,0.027042,-0.022354,0.668606,0.168599,0.724251,-0.71826,0.398588,0.570288,-0.192528,-0.9015,0.387596,-0.009591,0.023092,-0.025787,-0.296517,0.368525,0.532236,-0.870953,0.071127,0.019984,-0.049795,0.483318,-0.140446,-0.864105,0.234161,0.971823,-0.026981,0.843546,-0.189299,0.502587,0.015214,-0.000904,-0.00092,0.111568,0.398428,0.266304,0.45997
139,0.146068,-0.044969,0.336358,-0.464344,0.170817,-0.869052,-0.288098,-0.956975,-0.034226,-0.836935,0.234261,0.494661,0.015329,-2.2e-05,2.8e-05,0.021124,0.063916,0.067557,0.476948,-0.189252,-0.031783,0.293949,-0.664553,-0.20334,0.719036,0.734425,-0.354515,0.578681,0.138064,0.912878,0.383999,-0.019106,0.048105,-0.049177,-1.166063,-0.870364,-0.284889,-1.403036,0.033384,0.027523,-0.022866,0.669522,0.183755,0.719703,-0.724796,0.373599,0.578872,-0.16251,-0.909207,0.383318,-0.009501,0.024244,-0.024344,-1.112267,-0.917264,-0.32049,-0.87128,0.071368,0.019973,-0.049799,0.48545,-0.143772,-0.862361,0.234687,0.971611,-0.029874,0.842175,-0.187883,0.50541,0.007702,0.000254,0.000279,0.010072,0.019731,0.046098,0.458501
140,0.146855,-0.044934,0.336396,-0.466713,0.17593,-0.86676,-0.288937,-0.956553,-0.038636,-0.835324,0.232183,0.498349,0.015535,0.001566,0.001698,0.004269,-0.017922,0.059998,0.477203,-0.189637,-0.029999,0.29234,-0.66404,-0.227404,0.712271,0.741383,-0.322831,0.588273,0.096992,0.918967,0.382041,-0.002052,0.03132,-0.027107,-0.334235,-0.209119,-0.056527,-1.403372,0.033192,0.028401,-0.023663,0.669635,0.207929,0.712988,-0.732588,0.342721,0.588095,-0.122074,-0.916137,0.381825,-0.001301,0.021367,-0.01746,-1.120527,-0.988712,-0.33646,-0.868994,0.07175,0.019993,-0.049777,0.488042,-0.148629,-0.860071,0.235576,0.971254,-0.034166,0.840427,-0.185938,0.509026,0.007737,0.000551,0.000588,-0.005457,-0.040978,0.016779,0.457521
141,0.147397,-0.044945,0.336446,-0.469517,0.180515,-0.864299,-0.289615,-0.956187,-0.04244,-0.833514,0.230157,0.502303,0.015264,-0.000432,-0.00043,0.002024,-0.010592,0.031546,0.47735,-0.18958,-0.028794,0.291585,-0.661046,-0.248451,0.708013,0.746996,-0.305629,0.590357,0.070536,0.919426,0.386707,-0.000325,0.01509,-0.003193,0.036357,-0.012151,0.017325,-1.403373,0.033221,0.029007,-0.024052,0.667157,0.229354,0.708729,-0.738757,0.325813,0.589985,-0.095598,-0.917192,0.386806,0.007264,0.013912,-0.005253,0.084183,-0.053012,0.088988,-0.87177,0.072028,0.019995,-0.049745,0.490942,-0.153005,-0.857651,0.23634,0.970929,-0.037927,0.838521,-0.184078,0.512831,0.007633,-0.000205,-0.000214,-0.004251,-0.036065,0.019174,0.457684
142,0.147806,-0.045062,0.336488,-0.470901,0.182846,-0.863055,-0.290177,-0.955934,-0.044258,-0.832536,0.229364,0.504284,-6.8e-05,-0.000518,-0.000549,7.4e-05,0.000295,0.000143,0.477885,-0.189249,-0.028521,0.291921,-0.65705,-0.262955,0.706492,0.751911,-0.293977,0.590035,0.053356,0.919211,0.389958,0.001205,-0.003659,0.017513,0.006548,-0.125483,-0.076217,-1.402873,0.033381,0.029156,-0.023893,0.663708,0.243558,0.707227,-0.743816,0.314664,0.58968,-0.078918,-0.917423,0.390007,0.000631,-0.001548,0.009104,-0.264298,-0.44926,-0.291758,-0.878954,0.072238,0.019937,-0.049724,0.492293,-0.15516,-0.856488,0.236945,0.970713,-0.039661,0.837558,-0.183416,0.51464,0.007551,-0.000837,-0.000885,-0.000732,-0.021707,0.026155,0.458828
143,0.147975,-0.045168,0.336526,-0.470919,0.182852,-0.863045,-0.290396,-0.955874,-0.044126,-0.83245,0.229611,0.504315,-0.000106,-0.000815,-0.000863,1e-06,4e-06,2e-06,0.477523,-0.188954,-0.028667,0.292363,-0.655727,-0.272295,0.704179,0.753563,-0.291495,0.589159,0.045655,0.917291,0.395418,0.017345,-0.011903,0.028102,0.042224,-0.16758,-0.056663,-1.403167,0.033528,0.029083,-0.023672,0.662526,0.253328,0.704898,-0.745651,0.312444,0.588542,-0.071147,-0.915534,0.395897,0.008665,-0.006072,0.013896,0.047206,-0.1659,-0.094904,-0.88222,0.072322,0.019883,-0.049705,0.492269,-0.155126,-0.856508,0.237163,0.970666,-0.039494,0.837511,-0.18369,0.514619,0.007528,-0.001006,-0.001063,0.000731,-0.015718,0.02906,0.458991
144,0.148287,-0.045463,0.336667,-0.470931,0.182922,-0.863023,-0.291081,-0.955681,-0.043787,-0.832204,0.230355,0.504381,0.015065,-0.01211,0.007319,-0.034655,-0.002332,0.010899,0.479147,-0.188073,-0.029311,0.293581,-0.648104,-0.29504,0.702071,0.760647,-0.293167,0.57914,0.03576,0.909721,0.413512,0.017309,-0.012263,0.027583,0.254836,-0.431387,-0.270272,-1.403354,0.033976,0.028764,-0.023043,0.655691,0.275927,0.702803,-0.752537,0.314392,0.578658,-0.061288,-0.908306,0.41379,0.008647,-0.006058,0.01387,0.278052,-0.45231,-0.283994,-0.882547,0.072473,0.019739,-0.049639,0.492281,-0.155182,-0.856491,0.237827,0.970518,-0.039147,0.837315,-0.184426,0.514674,-8.6e-05,-0.005684,0.00404,-0.035648,0.01235,-0.018676,0.459317
145,0.148657,-0.045821,0.336846,-0.47276,0.184785,-0.861625,-0.291962,-0.955368,-0.044756,-0.830856,0.230167,0.506684,0.015099,-0.001819,-0.001922,0.001047,-0.014464,0.029674,0.480294,-0.186947,-0.030184,0.294806,-0.635999,-0.330238,0.697452,0.771473,-0.287853,0.567366,0.014189,0.899304,0.436936,0.032439,-0.014588,0.023442,0.395965,-0.712197,-0.17911,-1.403445,0.034521,0.028347,-0.022446,0.645037,0.309854,0.69851,-0.763118,0.308706,0.567759,-0.039712,-0.899272,0.435582,0.016202,-0.007364,0.01162,0.125,-0.302011,-0.142677,-0.88173,0.072657,0.019555,-0.049547,0.494245,-0.156969,-0.855033,0.238755,0.97025,-0.040111,0.835892,-0.184319,0.517018,0.007521,-0.006171,0.003527,-0.036146,-0.008408,0.007945,0.461114
146,0.14887,-0.046006,0.336937,-0.474538,0.186653,-0.860244,-0.29246,-0.955157,-0.045978,-0.829665,0.229531,0.508919,0.015132,-0.001596,-0.001689,0.022854,0.072412,0.071361,0.479849,-0.186406,-0.030583,0.29526,-0.632239,-0.343728,0.694346,0.774653,-0.28698,0.563462,0.006372,0.894532,0.446806,0.032271,-0.017233,0.020142,0.347368,-0.557558,-0.313143,-1.403213,0.034798,0.028142,-0.022202,0.641596,0.324143,0.695187,-0.766395,0.308123,0.563647,-0.031501,-0.894422,0.446112,0.016095,-0.009016,0.00956,0.345056,-0.671032,-0.187008,-0.878791,0.072764,0.019462,-0.049502,0.496171,-0.158799,-0.853578,0.239287,0.970066,-0.041376,0.834599,-0.18372,0.519317,0.007544,-0.006013,0.003691,-0.010877,0.092031,0.056122,0.461603
147,0.149369,-0.046325,0.337127,-0.476003,0.188932,-0.858936,-0.293525,-0.954761,-0.047406,-0.828448,0.229313,0.510995,0.015204,-0.011246,0.008219,-0.032756,0.005177,0.014492,0.479186,-0.185254,-0.031332,0.295807,-0.620207,-0.377912,0.687399,0.78409,-0.276645,0.555521,-0.019001,0.883976,0.466999,0.031935,-0.023093,0.012847,0.189964,-0.423732,-0.017577,-1.403521,0.035374,0.027773,-0.021921,0.629839,0.360025,0.688247,-0.776703,0.298598,0.55459,-0.005843,-0.883867,0.467701,0.015593,-0.00638,0.001827,0.249792,-0.473076,-0.026208,-0.875852,0.073013,0.019306,-0.049411,0.497807,-0.161072,-0.852198,0.240377,0.969732,-0.042872,0.83331,-0.183506,0.521457,0.007614,-0.000413,-0.000448,-0.003368,-0.032759,0.020836,0.46046
148,0.150009,-0.046573,0.337286,-0.478742,0.193586,-0.856374,-0.294819,-0.95418,-0.050943,-0.826406,0.227841,0.514946,0.015222,-0.011183,0.008275,-0.031534,0.010107,0.016841,0.481238,-0.184223,-0.031833,0.295728,-0.595417,-0.428419,0.679652,0.801209,-0.255423,0.541071,-0.057464,0.867226,0.49445,0.03028,-0.006066,-0.010037,0.135957,-0.962021,-0.427837,-1.403645,0.035884,0.027518,-0.021949,0.608056,0.408544,0.680704,-0.793265,0.278569,0.541413,0.031568,-0.869189,0.49347,0.014992,-0.003012,-0.005106,-3.592158,-3.357515,-2.675001,-0.864095,0.073328,0.019184,-0.04933,0.500846,-0.16561,-0.849544,0.241743,0.969229,-0.046423,0.831091,-0.182121,0.525469,0.007614,-0.000416,-0.000458,-0.003498,-0.033606,0.02039,0.46193
149,0.150398,-0.046666,0.337337,-0.479913,0.19613,-0.855139,-0.295506,-0.953855,-0.052992,-0.82548,0.227017,0.516791,0.015237,-0.000834,-0.000906,0.005287,0.002682,0.037861,0.48038,-0.183793,-0.031991,0.295528,-0.57985,-0.455757,0.675315,0.810807,-0.242715,0.532555,-0.078085,0.856907,0.509389,0.014858,-0.007977,-0.011178,0.304502,-1.147044,-0.602154,-1.403821,0.03611,0.027436,-0.022054,0.59303,0.436756,0.67643,-0.803392,0.265025,0.533218,0.053615,-0.859654,0.508055,0.015074,-0.004183,-0.006495,-0.805358,-1.419079,-0.919744,-0.861319,0.073528,0.019133,-0.049301,0.502142,-0.168099,-0.848289,0.242501,0.96894,-0.04846,0.830088,-0.181377,0.527309,0.015232,-0.000848,-0.000934,-0.001896,-0.045973,0.051075,0.46242
150,0.151391,-0.046836,0.337365,-0.482012,0.201472,-0.852713,-0.296908,-0.953163,-0.057435,-0.823751,0.225236,0.520318,0.015231,-0.000889,-0.000981,0.003224,-0.005556,0.033924,0.480632,-0.183135,-0.032254,0.294861,-0.541506,-0.513133,0.665926,0.83082,-0.206218,0.516862,-0.127218,0.833776,0.53712,0.014667,-0.011844,-0.016074,0.127209,-0.90439,-0.459182,-1.404172,0.036439,0.027306,-0.022386,0.555631,0.496524,0.666886,-0.824973,0.229482,0.516486,0.103409,-0.837139,0.537126,-0.000747,-0.001155,-0.012502,-0.47166,-1.652684,-1.228955,-0.859686,0.074025,0.019048,-0.049287,0.504469,-0.173288,-0.845861,0.243998,0.968334,-0.052859,0.828236,-0.179722,0.530776,0.015235,-0.000864,-0.000971,-0.003211,-0.051456,0.048474,0.462257
151,0.15266,-0.046927,0.337308,-0.483769,0.207167,-0.850349,-0.298295,-0.952417,-0.062394,-0.822217,0.223207,0.523607,0.030483,-0.001593,-0.001808,0.00877,-0.001236,0.072561,0.476895,-0.182689,-0.032403,0.293936,-0.503933,-0.570826,0.648229,0.845201,-0.171676,0.50606,-0.176958,0.803605,0.568128,0.013979,-0.000709,-0.024343,0.42038,-0.71115,0.026007,-1.404208,0.036661,0.027221,-0.022853,0.519144,0.555975,0.649137,-0.840622,0.194933,0.505326,0.15441,-0.808017,0.568563,0.006985,-0.000882,-0.012817,0.445066,-0.85186,-0.123291,-0.859196,0.074653,0.019003,-0.049315,0.506562,-0.178894,-0.84344,0.245482,0.967675,-0.057809,0.826518,-0.177766,0.534102,0.015242,-0.000793,-0.000922,0.001294,-0.033275,0.057163,0.460134
152,0.154114,-0.046981,0.337227,-0.488766,0.209707,-0.846862,-0.300101,-0.951839,-0.062562,-0.818594,0.223299,0.529215,0.030572,-0.000764,-0.000978,0.016925,0.035112,0.089341,0.466304,-0.182318,-0.032394,0.292978,-0.474634,-0.622853,0.621907,0.851165,-0.145219,0.504346,-0.223228,0.769491,0.598261,0.014073,0.000653,-0.022718,0.227056,-0.595702,0.069022,-1.404088,0.036847,0.027222,-0.023338,0.49115,0.608999,0.622808,-0.84742,0.168567,0.503451,0.201616,-0.775051,0.598869,-0.00065,-9.8e-05,-0.011224,0.04519,-0.782382,-0.230973,-0.856094,0.07538,0.018974,-0.049357,0.511679,-0.181111,-0.83987,0.247323,0.967202,-0.05789,0.822809,-0.178098,0.53969,0.022923,-0.000635,-0.000822,0.0158,-0.004359,0.112854,0.452133
153,0.154857,-0.047011,0.33719,-0.491186,0.211062,-0.845124,-0.301077,-0.951521,-0.062711,-0.816783,0.223376,0.531973,0.045807,-0.001555,-0.001937,0.126134,0.479451,0.338617,0.463163,-0.182147,-0.032337,0.292549,-0.465198,-0.642518,0.608894,0.850605,-0.134351,0.508285,-0.244196,0.755174,0.60823,0.013443,0.013427,-0.02884,0.192478,-0.627402,0.335247,-1.404313,0.036933,0.027244,-0.023552,0.482243,0.628759,0.610002,-0.84714,0.157336,0.50754,0.223145,-0.761515,0.608522,-0.000599,0.000829,-0.010068,-0.037303,-0.745861,-0.084843,-0.854297,0.075746,0.01896,-0.049375,0.512152,-0.180486,-0.839717,0.248159,0.967069,-0.056504,0.822263,-0.179445,0.540075,0.015293,-0.000313,-0.000453,0.002562,-0.044858,0.05837,0.446581
154,0.156298,-0.04707,0.3371,-0.499,0.207452,-0.841432,-0.303675,-0.951202,-0.054488,-0.81106,0.228068,0.538696,0.030498,-0.001377,-0.001701,0.059747,0.167266,0.352039,0.460306,-0.181967,-0.032212,0.291701,-0.449951,-0.667876,0.592856,0.848235,-0.112236,0.517527,-0.278541,0.736567,0.616236,0.013462,0.013659,-0.028601,-3.179665,-3.093119,-3.028904,-1.404234,0.037028,0.027313,-0.023984,0.469001,0.653886,0.593691,-0.845005,0.136679,0.516995,0.256911,-0.744144,0.61664,0.006671,0.007025,-0.014265,-3.187497,-3.084795,-3.016346,-0.859849,0.076484,0.018931,-0.049419,0.520993,-0.17764,-0.834871,0.25078,0.966792,-0.049212,0.815889,-0.18373,0.54824,0.01525,-0.000695,-0.00088,0.089219,0.25402,0.405045,0.439559
155,0.157639,-0.047105,0.33705,-0.510983,0.196463,-0.836865,-0.307217,-0.950954,-0.035725,-0.802209,0.238594,0.547322,0.045897,-0.00052,-0.000979,-0.120444,0.058482,-0.068119,0.457301,-0.181949,-0.032034,0.2909,-0.434816,-0.68654,0.582743,0.848405,-0.095629,0.520575,-0.301123,0.721604,0.623278,-0.001171,0.003098,-0.018424,-0.240371,-0.363506,-0.149853,-1.404183,0.037037,0.027402,-0.024385,0.453424,0.673738,0.583508,-0.845866,0.118936,0.519965,0.28092,-0.729335,0.623821,-0.000563,0.001592,-0.009145,-0.254494,-0.346794,-0.147986,-0.864422,0.077137,0.018911,-0.049447,0.532727,-0.166473,-0.829751,0.254078,0.966692,-0.030821,0.807245,-0.194403,0.55728,0.015264,-0.000521,-0.000718,-0.441614,0.295697,-0.4225,0.432211
156,0.158773,-0.047142,0.337013,-0.521039,0.187731,-0.832659,-0.311806,-0.949939,-0.019123,-0.793922,0.249424,0.554529,0.030507,-0.001201,-0.001597,-0.003165,-0.106039,0.22148,0.455851,-0.181902,-0.031881,0.290366,-0.423726,-0.701401,0.573136,0.848721,-0.086646,0.521632,-0.315682,0.708328,0.631252,-0.000169,-0.003099,-0.003968,0.050518,-0.039989,-0.062697,-1.404369,0.037061,0.027473,-0.024659,0.442729,0.688954,0.573874,-0.846489,0.110068,0.520903,0.295713,-0.716398,0.631923,-5.5e-05,-0.001281,-0.00163,0.028418,-0.015588,-0.055295,-0.865891,0.07771,0.018896,-0.049461,0.542333,-0.157021,-0.82536,0.258439,0.965926,-0.013947,0.799427,-0.205741,0.564434,0.007625,-0.000319,-0.000439,-0.026507,-0.070991,0.159021,0.427966
157,0.159231,-0.047152,0.336982,-0.524074,0.185174,-0.831326,-0.313467,-0.949482,-0.013945,-0.791265,0.253048,0.556682,0.030506,-0.001203,-0.001615,0.008007,-0.116292,0.237921,0.457244,-0.18187,-0.031839,0.290333,-0.419076,-0.706628,0.570127,0.849284,-0.083271,0.521266,-0.32034,0.703523,0.634272,7.2e-05,0.001325,0.001697,0.054268,-0.070665,-0.014061,-1.404418,0.037076,0.02749,-0.024681,0.438255,0.694255,0.570912,-0.847156,0.10674,0.520511,0.300428,-0.711769,0.634922,3.4e-05,0.000432,0.000561,0.040079,-0.0449,-0.036165,-0.867034,0.077939,0.018891,-0.049477,0.545198,-0.154306,-0.823983,0.260051,0.965555,-0.008751,0.796951,-0.209507,0.566546,0.007623,-0.000318,-0.00044,0.007567,-0.020813,0.039194,0.427149
158,0.159872,-0.047177,0.336947,-0.528544,0.180909,-0.829432,-0.314086,-0.949354,-0.006982,-0.788036,0.256592,0.559631,0.015254,-0.000583,-0.000798,-0.005054,0.072151,-0.149266,0.459645,-0.181783,-0.031945,0.290796,-0.418863,-0.706489,0.570455,0.849113,-0.082346,0.521689,-0.321068,0.703771,0.633629,0.00184,-0.015386,0.025111,-0.071075,0.007835,-0.010906,-1.4043,0.03712,0.027443,-0.024457,0.438215,0.693962,0.5713,-0.846899,0.105777,0.521126,0.301211,-0.712199,0.634069,0.00057,-0.001769,0.008932,-0.034312,-0.000586,0.009639,-0.864585,0.078265,0.018878,-0.049496,0.54917,-0.150094,-0.822121,0.260734,0.965408,-0.002085,0.793995,-0.21321,0.569308,0.007627,-0.000297,-0.000418,0.003854,-0.017444,0.033866,0.428619
159,0.160328,-0.047214,0.336917,-0.529078,0.180267,-0.829232,-0.313718,-0.949481,-0.006309,-0.787824,0.256576,0.559936,0.015255,-0.000574,-0.000796,0.000984,-0.014715,0.029553,0.460196,-0.181634,-0.032323,0.291799,-0.416121,-0.707362,0.571378,0.850109,-0.079858,0.520452,-0.321998,0.70318,0.633813,0.001969,-0.012947,0.028178,-0.011849,0.036441,-0.231941,-1.403408,0.037195,0.027259,-0.023949,0.435734,0.694868,0.572095,-0.847906,0.103647,0.519914,0.301976,-0.711628,0.634346,0.000993,-0.00607,0.014603,0.015102,-0.082205,-0.072507,-0.868177,0.078499,0.018858,-0.049512,0.549706,-0.14936,-0.821896,0.260294,0.965528,-0.00137,0.793768,-0.213182,0.569634,0.007628,-0.000277,-0.000398,0.000973,-0.014755,0.029671,0.430578
160,0.160489,-0.047214,0.336915,-0.529032,0.180316,-0.82925,-0.313749,-0.94947,-0.006361,-0.787843,0.256581,0.559908,0.015292,-0.000178,-0.00038,0.000984,-0.014715,0.029553,0.460831,-0.18149,-0.032571,0.292396,-0.41234,-0.710091,0.570735,0.852085,-0.079162,0.517318,-0.321645,0.700504,0.636947,0.018213,-0.021888,0.03776,-0.027961,-0.091823,-0.030345,-1.404148,0.037268,0.02713,-0.023641,0.431684,0.69791,0.571462,-0.850157,0.103062,0.516344,0.301465,-0.70873,0.637823,0.009096,-0.010809,0.019053,-0.077475,-0.057821,-0.0117,-0.86932,0.078573,0.018858,-0.049513,0.549677,-0.149394,-0.821909,0.260316,0.965522,-0.001404,0.793781,-0.213185,0.569616,2.5e-05,0.000261,0.000268,-4.8e-05,-1.3e-05,5.1e-05,0.430905
161,0.16072,-0.047204,0.336922,-0.528959,0.180397,-0.82928,-0.313799,-0.949453,-0.006445,-0.787872,0.256587,0.559864,0.015301,-6.2e-05,-0.000259,0.000984,-0.014715,0.029553,0.462003,-0.181115,-0.033038,0.293665,-0.401881,-0.715145,0.571883,0.858474,-0.077191,0.50695,-0.317895,0.695565,0.644201,0.017483,-0.010376,0.029994,0.5456,1.798773,-1.983108,-1.404067,0.037455,0.026901,-0.023001,0.421574,0.703733,0.571869,-0.856359,0.101583,0.50629,0.298201,-0.703164,0.645472,0.008711,-0.005135,0.015079,0.475184,1.844904,-1.95786,-0.869484,0.078689,0.018863,-0.04951,0.549609,-0.14948,-0.821939,0.26037,0.965507,-0.001488,0.793811,-0.213191,0.569572,3.4e-05,0.000374,0.000392,-4.4e-05,5e-06,1.2e-05,0.432211
162,0.160778,-0.047194,0.336931,-0.532459,0.180446,-0.827026,-0.313989,-0.949399,-0.005056,-0.785433,0.256754,0.563205,3e-06,3e-05,3.2e-05,0.000101,0.000484,0.000232,0.463051,-0.180748,-0.03353,0.295001,-0.397246,-0.716128,0.573889,0.861085,-0.074837,0.502858,-0.316665,0.694811,0.645619,0.002151,-0.00912,0.032826,-0.066386,-0.010491,0.011403,-1.403829,0.037639,0.026654,-0.022334,0.416808,0.704249,0.57472,-0.859148,0.098722,0.502114,0.296876,-0.703054,0.646203,0.001056,-0.004518,0.016459,-0.08954,0.003972,0.024934,-0.871443,0.078724,0.018869,-0.049504,0.553121,-0.149395,-0.819596,0.260565,0.965456,-0.000134,0.791304,-0.213484,0.572941,-1e-06,-4e-06,-8e-06,-0.00107,-0.008521,-0.001528,0.433354
163,0.160756,-0.047187,0.336939,-0.532943,0.179872,-0.826839,-0.313637,-0.949518,-0.004468,-0.785245,0.256716,0.563485,0.0,1e-06,1e-06,0.0,0.0,0.0,0.466565,-0.180339,-0.033943,0.296293,-0.38925,-0.717055,0.578194,0.866085,-0.071409,0.494703,-0.312953,0.694215,0.648065,0.017495,-0.009532,0.030874,0.300517,-0.413325,-0.220662,-1.403942,0.037837,0.026453,-0.021696,0.410531,0.703882,0.579667,-0.863195,0.095119,0.495828,0.293867,-0.703919,0.646637,0.00102,-0.005158,0.015615,-0.090678,0.016491,0.000558,-0.875199,0.078712,0.018872,-0.0495,0.553509,-0.148762,-0.819449,0.260198,0.965554,0.000468,0.791153,-0.213479,0.573151,-0.0,-1.2e-05,-1.2e-05,4e-06,-0.000164,-6.7e-05,0.436947
164,0.160745,-0.047181,0.336946,-0.533132,0.179649,-0.826766,-0.313499,-0.949564,-0.004239,-0.785171,0.256701,0.563594,2e-06,2.1e-05,2.2e-05,0.0,0.0,0.0,0.466777,-0.180081,-0.03411,0.296876,-0.392066,-0.716294,0.577233,0.866165,-0.076299,0.493832,-0.309196,0.694481,0.649583,0.002094,-0.009975,0.031628,0.007845,-0.089369,-0.041609,-1.404001,0.037972,0.02637,-0.021405,0.411734,0.704532,0.57802,-0.864199,0.100577,0.492994,0.289194,-0.702507,0.650268,0.008713,-0.005013,0.015105,-0.001807,-0.088189,-0.037279,-0.876505,0.078707,0.018876,-0.049497,0.553682,-0.148528,-0.819374,0.260056,0.965593,0.000696,0.791078,-0.213468,0.573257,1e-06,-1e-06,1e-06,1.7e-05,-1.1e-05,-4.6e-05,0.438579
165,0.160757,-0.047177,0.336965,-0.533194,0.179577,-0.826742,-0.313476,-0.949572,-0.00415,-0.785138,0.256721,0.56363,6e-05,0.000647,0.000686,0.0,0.0,0.0,0.465566,-0.179547,-0.034375,0.297808,-0.385218,-0.718422,0.579197,0.870379,-0.074522,0.486643,-0.30597,0.692473,0.653243,0.001133,-0.003029,0.018208,0.223648,0.479394,-0.627247,-1.403426,0.038239,0.02624,-0.020928,0.405309,0.707212,0.579287,-0.868137,0.099192,0.486311,0.286465,-0.700007,0.65416,0.008603,-0.006989,0.012635,0.608315,1.78653,-1.974097,-0.876668,0.078713,0.018876,-0.049489,0.55374,-0.148453,-0.819348,0.26003,0.965599,0.000785,0.791047,-0.21349,0.573293,3.9e-05,0.000423,0.000447,2.1e-05,-1.2e-05,-3.2e-05,0.439069
166,0.160759,-0.047159,0.336984,-0.53334,0.179404,-0.826685,-0.313369,-0.949608,-0.003973,-0.785082,0.25671,0.563714,2e-05,0.000218,0.000231,0.0,0.0,0.0,0.465604,-0.178991,-0.034693,0.298472,-0.388345,-0.717786,0.577896,0.870142,-0.079417,0.486292,-0.302673,0.692588,0.654655,0.016339,-0.006373,0.012688,-0.034225,-0.004361,0.011178,-1.403155,0.038511,0.026084,-0.020592,0.408108,0.70605,0.578741,-0.867978,0.103602,0.485675,0.282952,-0.700542,0.655117,0.008167,-0.002991,0.006576,-0.038657,-0.013432,0.039681,-0.878954,0.078714,0.018887,-0.049478,0.553875,-0.148272,-0.81929,0.259919,0.965629,0.000961,0.790988,-0.213481,0.573377,1.1e-05,0.000118,0.000126,2.1e-05,-3e-06,-2.2e-05,0.437926
167,0.160772,-0.047147,0.336996,-0.533297,0.179454,-0.826702,-0.3134,-0.949598,-0.004024,-0.785098,0.256713,0.56369,4e-05,0.000429,0.000455,0.0,0.0,0.0,0.466202,-0.178675,-0.034831,0.298685,-0.387286,-0.716587,0.58009,0.870881,-0.07807,0.485185,-0.301905,0.693982,0.653533,0.031646,-0.007689,0.009684,-0.032347,-0.019427,0.040519,-1.403008,0.038658,0.026017,-0.020489,0.407022,0.704817,0.581003,-0.868758,0.102253,0.484565,0.282121,-0.70198,0.653935,0.008107,-0.004411,0.00482,-0.035012,-0.004173,0.013915,-0.879934,0.07872,0.018892,-0.049472,0.553836,-0.148324,-0.819307,0.259951,0.965621,0.00091,0.791006,-0.213484,0.573352,2.3e-05,0.000258,0.000276,1.7e-05,-8e-06,-2.8e-05,0.43809
168,0.160762,-0.047129,0.337016,-0.533272,0.179484,-0.826711,-0.313419,-0.949592,-0.004055,-0.785108,0.256715,0.563675,3.1e-05,0.00034,0.000361,0.0,0.0,0.0,0.466011,-0.178078,-0.03499,0.298913,-0.389017,-0.714631,0.581343,0.87203,-0.08244,0.482392,-0.296319,0.695491,0.654485,0.016254,-0.008417,0.010142,-0.043439,0.081119,-0.135557,-1.403425,0.038967,0.025931,-0.020377,0.408774,0.702909,0.582083,-0.869757,0.106844,0.481774,0.276451,-0.703208,0.655035,0.007711,0.000779,0.000259,-0.009489,-0.007873,0.034593,-0.879608,0.078715,0.018901,-0.049462,0.553813,-0.148355,-0.819317,0.259969,0.965616,0.000879,0.791016,-0.213485,0.573338,1.9e-05,0.0002,0.000211,2.1e-05,-5e-06,-1.6e-05,0.438579
169,0.160763,-0.047117,0.337029,-0.535268,0.177467,-0.825857,-0.31324,-0.949659,-0.001114,-0.783819,0.257868,0.564941,7e-06,7.8e-05,8.3e-05,-0.0,0.0,-0.0,0.467379,-0.177583,-0.034962,0.299084,-0.387678,-0.716193,0.580314,0.872808,-0.082958,0.480893,-0.295786,0.693821,0.656496,0.000142,0.003547,0.004371,0.004157,-0.017239,0.023034,-1.403543,0.039221,0.025938,-0.020292,0.40741,0.70449,0.581129,-0.870555,0.10731,0.480227,0.275954,-0.701554,0.657016,6.8e-05,0.001783,0.002187,-0.011079,-0.005648,0.029395,-0.880751,0.078716,0.018908,-0.049455,0.555683,-0.146229,-0.818433,0.259746,0.965669,0.003822,0.789776,-0.214708,0.574588,3e-06,2.8e-05,2.9e-05,0.000246,-0.000213,0.000345,0.439396
170,0.160763,-0.047111,0.337035,-0.53544,0.177262,-0.825789,-0.313113,-0.949701,-0.000903,-0.783752,0.257855,0.565041,0.0,2e-06,2e-06,0.0,0.0,0.0,0.467496,-0.177314,-0.03499,0.299337,-0.38554,-0.717402,0.580244,0.873935,-0.08246,0.478928,-0.295255,0.69263,0.657991,0.000919,-0.007738,0.012352,-0.009367,0.057813,-0.190373,-1.403466,0.039355,0.025928,-0.020169,0.405402,0.705814,0.580926,-0.871682,0.107058,0.478234,0.275351,-0.70026,0.658647,4.7e-05,0.001305,0.001601,0.023297,-0.031984,-0.0235,-0.88173,0.078716,0.018911,-0.049452,0.555841,-0.146016,-0.818363,0.259614,0.965704,0.004027,0.789709,-0.214697,0.574685,-1e-06,-1.3e-05,-1.4e-05,7e-06,4e-06,1.8e-05,0.440866
171,0.160763,-0.047111,0.337035,-0.53544,0.177262,-0.825789,-0.313113,-0.949701,-0.000903,-0.783752,0.257855,0.565041,0.0,0.0,0.0,0.0,0.0,0.0,0.467384,-0.177222,-0.035051,0.299501,-0.385384,-0.717318,0.580453,0.873901,-0.08201,0.479066,-0.295558,0.692771,0.657706,0.000898,-0.00826,0.011707,-0.035893,0.01027,-0.018429,-1.403465,0.039401,0.025899,-0.020085,0.405201,0.705644,0.581273,-0.871647,0.106407,0.478444,0.275759,-0.700531,0.658188,6.2e-05,0.001696,0.002079,-0.008034,0.006177,0.003359,-0.881567,0.078716,0.018911,-0.049452,0.555841,-0.146016,-0.818364,0.259613,0.965704,0.004027,0.789709,-0.214696,0.574685,2e-06,-9e-06,-1e-05,7e-06,1.7e-05,2.1e-05,0.440866
172,0.160751,-0.047116,0.33703,-0.535469,0.177228,-0.825777,-0.313092,-0.949708,-0.000868,-0.78374,0.257852,0.565058,-1e-06,-8e-06,-8e-06,0.0,0.0,0.0,0.467308,-0.17718,-0.035282,0.299937,-0.388047,-0.713635,0.583212,0.874254,-0.084983,0.477904,-0.291,0.696208,0.656107,0.000929,-0.007455,0.012691,-0.034659,-0.003845,0.006681,-1.403161,0.039422,0.025782,-0.019869,0.407808,0.701818,0.584074,-0.871884,0.109369,0.477343,0.271129,-0.70391,0.656505,0.000447,-0.004052,0.005948,-0.036421,0.010956,-0.017553,-0.88173,0.07871,0.018907,-0.049455,0.555868,-0.14598,-0.818352,0.259591,0.96571,0.004061,0.789697,-0.214694,0.574702,2e-06,-1e-06,-3e-06,-2e-06,8e-06,1.5e-05,0.441029
173,0.160752,-0.04711,0.337036,-0.535456,0.177244,-0.825783,-0.313102,-0.949705,-0.000885,-0.783746,0.257854,0.56505,0.0,2e-06,2e-06,0.0,0.0,0.0,0.466635,-0.177155,-0.035613,0.300416,-0.388738,-0.714183,0.58208,0.875466,-0.0897,0.474813,-0.286405,0.695053,0.659346,0.001687,-0.019327,0.019957,0.152197,-0.218176,-0.194399,-1.403355,0.039435,0.025615,-0.019623,0.409147,0.701796,0.583163,-0.872601,0.114087,0.474921,0.266766,-0.703182,0.659067,0.000837,-0.009658,0.009986,0.252261,-0.293696,-0.234333,-0.883853,0.078711,0.018911,-0.049452,0.555855,-0.145997,-0.818357,0.259602,0.965707,0.004045,0.789703,-0.214695,0.574695,2e-06,-4e-06,-5e-06,-2e-06,1.4e-05,1e-05,0.440866
174,0.160763,-0.047111,0.337035,-0.53544,0.177262,-0.825789,-0.313113,-0.949701,-0.000903,-0.783752,0.257855,0.565041,0.0,0.0,0.0,0.0,0.0,0.0,0.466856,-0.177126,-0.035786,0.300645,-0.385705,-0.714376,0.583858,0.877343,-0.088439,0.471573,-0.284763,0.695016,0.660095,0.000884,-0.008621,0.011255,0.000341,-0.022173,-0.04747,-1.403559,0.03945,0.025529,-0.019508,0.405246,0.702832,0.584638,-0.875063,0.113081,0.470613,0.26465,-0.70231,0.660848,0.000434,-0.004315,0.005621,-0.04482,0.004668,-0.026422,-0.885159,0.078716,0.01891,-0.049452,0.555841,-0.146016,-0.818363,0.259613,0.965704,0.004027,0.789709,-0.214696,0.574685,1e-06,-3e-06,-5e-06,-3e-06,1e-06,8e-06,0.440702
175,0.160775,-0.047105,0.337041,-0.535411,0.177297,-0.825801,-0.313134,-0.949694,-0.000939,-0.783763,0.257857,0.565024,0.0,0.0,0.0,0.0,0.0,0.0,0.466319,-0.176997,-0.036124,0.301139,-0.379235,-0.720309,0.580798,0.880836,-0.089054,0.464899,-0.282675,0.688786,0.667482,0.000938,-0.007206,0.012984,0.14858,-0.199245,-0.121681,-1.403137,0.039514,0.02536,-0.01927,0.399426,0.708573,0.581706,-0.878258,0.113786,0.464451,0.262907,-0.696402,0.667759,0.000451,-0.003875,0.006159,0.212911,-0.24632,-0.183649,-0.887119,0.078722,0.018913,-0.049449,0.555814,-0.146052,-0.818375,0.259636,0.965698,0.003992,0.789721,-0.214698,0.574669,1e-06,-5e-06,-7e-06,-1e-06,4e-06,7e-06,0.440539
176,0.160775,-0.047105,0.337041,-0.535411,0.177297,-0.825801,-0.313134,-0.949694,-0.000939,-0.783763,0.257857,0.565024,0.0,0.0,0.0,0.0,0.0,0.0,0.465774,-0.176901,-0.03644,0.301662,-0.375002,-0.722146,0.581266,0.88322,-0.088113,0.460535,-0.280888,0.686981,0.670091,0.000946,-0.006991,0.01324,0.068286,-0.113593,-0.065193,-1.40301,0.039562,0.025202,-0.019007,0.395012,0.710717,0.582105,-0.880775,0.112864,0.459887,0.261151,-0.694364,0.670564,0.000455,-0.003762,0.006293,0.086027,-0.120549,-0.103533,-0.89316,0.078722,0.018913,-0.049449,0.555814,-0.146052,-0.818376,0.259636,0.965698,0.003992,0.789721,-0.214698,0.574669,4e-06,-2e-06,-7e-06,-0.0,1.4e-05,9e-06,0.439723
177,0.160787,-0.047106,0.337041,-0.535395,0.177315,-0.825807,-0.313146,-0.94969,-0.000957,-0.783769,0.257858,0.565015,0.0,0.0,0.0,0.0,0.0,0.0,0.466391,-0.17686,-0.036557,0.301926,-0.373869,-0.720973,0.583448,0.883958,-0.086804,0.459366,-0.280078,0.688379,0.668994,0.000985,-0.005971,0.01448,0.029116,0.164377,-0.165121,-1.403049,0.039582,0.025142,-0.018878,0.393774,0.709761,0.584107,-0.881527,0.111517,0.458773,0.260482,-0.695559,0.669586,0.000476,-0.003185,0.006999,0.18048,0.633964,-0.617706,-0.893977,0.078728,0.018913,-0.04945,0.555799,-0.146071,-0.818382,0.259647,0.965695,0.003973,0.789727,-0.214699,0.574659,0.007629,-0.000279,-0.000398,0.000985,-0.014694,0.029563,0.439723
178,0.160798,-0.047112,0.337034,-0.535393,0.177317,-0.825808,-0.313147,-0.94969,-0.00096,-0.78377,0.257859,0.565014,-1e-06,-8e-06,-8e-06,0.0,0.0,0.0,0.468976,-0.176793,-0.036665,0.30246,-0.370537,-0.72387,0.581986,0.885622,-0.086744,0.456161,-0.279255,0.68534,0.67245,0.001033,-0.004668,0.016051,0.158244,-0.209667,-0.127607,-1.402904,0.039616,0.025088,-0.018611,0.391131,0.712066,0.583075,-0.882879,0.111401,0.456195,0.259886,-0.693217,0.672241,0.008194,-0.002158,0.007542,0.288235,-0.333298,-0.158944,-0.895447,0.078733,0.01891,-0.049453,0.555797,-0.146073,-0.818383,0.259648,0.965694,0.003971,0.789728,-0.214699,0.574658,2e-06,1e-06,-1e-06,-2e-06,-7e-06,1.3e-05,0.440866
179,0.160832,-0.047113,0.337032,-0.535347,0.177372,-0.825826,-0.313181,-0.949678,-0.001016,-0.783789,0.257862,0.564986,-0.0,-0.0,-0.0,0.0,0.0,0.0,0.469712,-0.176741,-0.036685,0.302971,-0.367323,-0.726807,0.580359,0.887277,-0.086941,0.452896,-0.278253,0.682199,0.67605,0.000262,0.007035,0.008538,0.068382,-0.085557,-0.021437,-1.402702,0.039642,0.025074,-0.018352,0.38728,0.715762,0.581118,-0.884966,0.111839,0.452024,0.25855,-0.68933,0.676738,0.00052,-0.001958,0.00847,0.012975,-0.064791,-0.036539,-0.894467,0.078751,0.018909,-0.049454,0.555754,-0.146131,-0.818402,0.259683,0.965685,0.003915,0.789747,-0.214701,0.574631,-0.0,3e-06,2e-06,-1.1e-05,-1e-05,3e-06,0.442498
180,0.160889,-0.047115,0.337029,-0.535269,0.177463,-0.825857,-0.313237,-0.949659,-0.001109,-0.783819,0.257868,0.564941,-0.0,-0.0,-0.0,0.0,0.0,0.0,0.469746,-0.176665,-0.036703,0.303514,-0.36426,-0.729793,0.57854,0.888836,-0.087247,0.449769,-0.277309,0.678964,0.679684,0.000267,0.007239,0.008759,0.019034,-0.032863,0.0129,-1.403053,0.03968,0.025065,-0.01808,0.384229,0.718877,0.579295,-0.886527,0.112106,0.448888,0.257753,-0.686037,0.680378,0.000524,-0.001849,0.008589,-0.051075,0.00269,0.006937,-0.895936,0.078779,0.018908,-0.049456,0.555682,-0.146226,-0.818434,0.259742,0.96567,0.003822,0.789778,-0.214706,0.574586,-2e-06,2e-06,-1e-06,-7e-06,-1.6e-05,9e-06,0.442988
181,0.160935,-0.047117,0.337026,-0.535206,0.177535,-0.825882,-0.313282,-0.949645,-0.001184,-0.783844,0.257873,0.564904,-0.0,-0.0,-0.0,0.0,0.0,0.0,0.471572,-0.176639,-0.036719,0.303769,-0.364219,-0.729774,0.57859,0.888731,-0.086898,0.450044,-0.277698,0.679029,0.67946,0.000238,0.006475,0.007823,0.002036,-0.014718,0.024694,-1.403077,0.039693,0.025061,-0.017956,0.384325,0.718703,0.579446,-0.886328,0.111641,0.449397,0.258293,-0.686294,0.679913,0.000499,-0.002488,0.007811,-0.041991,0.002591,0.01035,-0.895936,0.078802,0.018907,-0.049457,0.555624,-0.146302,-0.81846,0.259789,0.965658,0.003748,0.789804,-0.214709,0.57455,-1e-06,2e-06,-1e-06,-9e-06,-2.3e-05,7e-06,0.443478
182,0.161048,-0.047133,0.337008,-0.535077,0.177685,-0.825933,-0.313375,-0.949614,-0.001339,-0.783895,0.257884,0.564829,-9.5e-05,-0.001037,-0.001099,0.0,0.0,0.0,0.472784,-0.176523,-0.036728,0.304204,-0.36291,-0.728522,0.580985,0.889515,-0.085366,0.448786,-0.276902,0.680566,0.678246,0.000201,0.005543,0.006681,-0.010532,0.085158,-0.146821,-1.403355,0.039751,0.025058,-0.017729,0.383061,0.717432,0.581854,-0.887108,0.110131,0.44823,0.257494,-0.687867,0.678626,9.2e-05,0.002718,0.003273,-0.010533,0.08475,-0.145327,-0.89414,0.078859,0.018901,-0.049464,0.555504,-0.146459,-0.818513,0.259885,0.965632,0.003595,0.789857,-0.214716,0.574475,-5.6e-05,-0.000603,-0.000641,-0.000875,0.012585,-0.025888,0.445928
631,0.131152,-0.028746,0.290392,-0.813738,0.50568,-0.286641,-0.579367,-0.745622,0.329171,-0.046263,0.433297,0.900078,-0.000129,-0.000667,-0.000865,0.0,0.0,0.0,-1.913571,-0.174257,-0.026722,0.301218,-0.332578,0.907214,0.257577,-0.410069,-0.384947,0.826797,0.849637,0.168203,0.499688,-0.015034,0.002236,0.004034,-0.002045,0.015205,-0.029245,0.191255,0.040889,0.030058,-0.019227,0.306178,-0.916416,0.257751,0.420211,0.373052,0.827196,-0.854211,-0.144959,0.499308,-0.000371,0.007243,-0.002103,0.038265,-0.02583,0.042573,0.08544,0.063911,0.028093,-0.072773,0.844401,-0.459354,-0.275643,0.532454,0.776291,0.337438,0.058976,-0.431701,0.900086,-8e-05,-0.000419,-0.000544,2.9e-05,-1.4e-05,-5.4e-05,-1.075451
632,0.131178,-0.028797,0.290327,-0.813491,0.505876,-0.286998,-0.579697,-0.74542,0.329046,-0.04647,0.433415,0.900011,-0.000209,-0.001082,-0.001405,0.0,0.0,0.0,-1.913313,-0.174573,-0.026576,0.301371,-0.332511,0.906912,0.258726,-0.409728,-0.38589,0.826526,0.849828,0.167675,0.499541,-0.015015,0.002617,0.00447,-0.002045,0.015205,-0.029245,0.181267,0.040732,0.030131,-0.019149,0.306116,-0.916113,0.258901,0.419898,0.374003,0.826926,-0.854387,-0.144423,0.499162,4.8e-05,0.001856,0.002183,0.001793,-0.014964,0.024562,0.07205,0.063923,0.028068,-0.072806,0.844171,-0.45956,-0.276004,0.532795,0.776109,0.337317,0.059192,-0.431807,0.900021,-0.000128,-0.000669,-0.000871,1.8e-05,-8e-06,-3.8e-05,-1.076431
633,0.131168,-0.028845,0.290265,-0.813361,0.505976,-0.28719,-0.579871,-0.745314,0.32898,-0.046583,0.433479,0.899974,-0.000177,-0.00092,-0.001195,0.0,0.0,0.0,-1.913364,-0.174876,-0.026484,0.301508,-0.333103,0.908151,0.253568,-0.411467,-0.381856,0.827535,0.848755,0.170171,0.500519,6e-05,0.002166,0.002537,3e-06,-2.9e-05,4.6e-05,0.166217,0.040574,0.030179,-0.019078,0.306681,-0.917375,0.253709,0.421533,0.369895,0.827941,-0.853379,-0.146967,0.500143,-0.007516,0.000942,0.001806,-0.000566,0.00352,-0.00996,0.053598,0.063919,0.028043,-0.072838,0.844049,-0.459667,-0.276198,0.532974,0.776014,0.337254,0.059309,-0.431865,0.899985,-0.000105,-0.000547,-0.00071,1.8e-05,1e-05,-3e-05,-1.07643
