frame,MLTx,MLTy,MLTz,MLTR1,MLTR2,MLTR3,MLTR4,MLTR5,MLTR6,MLTR7,MLTR8,MLTR9,MLTTVx,MLTTVy,MLTTVz,MLTRVx,MLTRVy,MLTRVz,MLGA,MRTx,MRTy,MRTz,MRTR1,MRTR2,MRTR3,MRTR4,MRTR5,MRTR6,MRTR7,MRTR8,MRTR9,MRTTVx,MRTTVy,MRTTVz,MRTRVx,MRTRVy,MRTRVz,MRGA,SLTx,SLTy,SLTz,SLTR1,SLTR2,SLTR3,SLTR4,SLTR5,SLTR6,SLTR7,SLTR8,SLTR9,SLTTVx,SLTTVy,SLTTVz,SLTRVx,SLTRVy,SLTRVz,SLGA,SRTx,SRTy,SRTz,SRTR1,SRTR2,SRTR3,SRTR4,SRTR5,SRTR6,SRTR7,SRTR8,SRTR9,SRTTVx,SRTTVy,SRTTVz,SRTRVx,SRTRVy,SRTRVz,SRGA
1,0.023587,0.015865,0.371622,0.353093,0.38872,-0.851039,-0.617252,-0.58672,-0.524148,-0.703515,0.709894,0.033826,0.03276,0.060357,-0.019322,0.439464,-0.636629,-0.261212,-0.707552,-0.147032,0.024383,0.371966,-0.015528,0.604204,0.796673,-0.965429,0.198262,-0.169036,-0.260037,-0.7725,0.579213,1e-06,-1.6e-05,-1e-05,2.6e-05,-6e-06,1.9e-05,0.481593,0.016235,0.030198,0.001168,0.180717,-0.689884,0.700999,0.93579,-0.09876,-0.338441,0.302716,0.71715,0.62774,-1e-06,5e-06,2e-06,-0.001751,-0.002263,0.000474,0.460845,0.049308,0.030218,-0.057334,0.30983,0.445791,-0.839807,-0.584864,-0.607032,-0.538002,-0.749626,0.657862,0.07265,0.01657,0.030534,-0.009383,1.524286,-0.16483,-0.424682,-0.69531
2,0.024981,0.018473,0.370994,0.326539,0.388765,-0.861556,-0.549371,-0.663611,-0.507724,-0.769538,0.638619,-0.00205,0.036837,0.068383,-0.012949,0.360169,-1.252662,-0.309566,-0.782276,-0.147062,0.02439,0.371937,-0.008438,0.604329,0.796685,-0.962993,0.209702,-0.169127,-0.269238,-0.769373,0.579171,2e-06,-2.6e-05,-1.6e-05,2.6e-05,-6e-06,1.9e-05,0.481113,0.01622,0.030201,0.001154,0.173739,-0.690583,0.702075,0.93407,-0.110286,-0.339631,0.311972,0.714795,0.625892,2e-06,2e-06,-0.0,-0.001799,-0.002436,0.00056,0.461498,0.050004,0.03152,-0.05765,0.281852,0.446065,-0.849461,-0.511035,-0.679525,-0.526391,-0.812035,0.582469,0.036429,0.018546,0.034422,-0.006299,1.534413,-0.138899,-0.285148,-0.758177
3,0.025856,0.019807,0.370685,0.303869,0.391068,-0.868778,-0.504712,-0.707282,-0.494965,-0.808421,0.588396,-0.016467,0.050067,0.064944,-0.01488,0.816684,1.022134,-2.388078,-0.811568,-0.147092,0.024403,0.371925,-0.001322,0.604377,0.796692,-0.960428,0.221108,-0.169184,-0.278378,-0.766133,0.579144,0.0,-0.0,-0.0,0.000963,-0.000204,0.0007,0.481337,0.016205,0.030208,0.001148,0.166734,-0.691196,0.703169,0.932222,-0.121799,-0.340772,0.321186,0.712328,0.62404,-0.006267,-0.000578,0.000137,-0.002171,0.010505,-0.026331,0.461335,0.050439,0.032193,-0.0578,0.262826,0.44576,-0.855698,-0.463521,-0.719496,-0.517178,-0.846209,0.532561,0.017517,0.025115,0.032518,-0.007467,5.221861,1.528449,-0.144663,-0.78365
4,0.02802,0.022418,0.370156,0.269334,0.380277,-0.884813,-0.418319,-0.781306,-0.463186,-0.867791,0.494409,-0.050258,0.05264,0.070799,-0.010572,4.938274,1.359276,-0.110723,-0.887064,-0.147144,0.024446,0.371886,0.012819,0.604206,0.79672,-0.954881,0.243811,-0.169391,-0.296585,-0.759346,0.579046,0.0,-0.0,-0.0,8.7e-05,-1.8e-05,6.3e-05,0.481783,0.016179,0.03023,0.001129,0.152787,-0.692175,0.705372,0.928102,-0.144722,-0.343046,0.339531,0.70707,0.620297,2e-06,9e-06,3e-06,-0.003072,-0.003736,0.000443,0.461988,0.051539,0.033522,-0.05807,0.227042,0.431688,-0.872981,-0.37302,-0.789483,-0.487412,-0.899615,0.436302,-0.018217,0.026438,0.035568,-0.00525,4.930929,1.329364,-0.115643,-0.812226
5,0.03042,0.024714,0.369946,0.250285,0.357861,-0.899632,-0.347116,-0.834206,-0.428465,-0.904127,0.419066,-0.083454,0.075706,0.05181,-0.007164,0.43857,-1.351289,0.136462,-0.913251,-0.147283,0.024498,0.371837,0.016756,0.601819,0.798452,-0.95354,0.249837,-0.168156,-0.300676,-0.75928,0.577018,-0.001199,0.010651,-0.008739,-0.022415,0.216281,0.143912,0.479786,0.01611,0.030252,0.001107,0.149119,-0.690889,0.707414,0.92724,-0.150818,-0.342752,0.343495,0.707053,0.61813,2e-06,4e-06,1e-06,-0.083868,0.351943,0.206926,0.461008,0.052715,0.034659,-0.058166,0.207558,0.409362,-0.888449,-0.296965,-0.838998,-0.455954,-0.932057,0.358475,-0.052575,0.030875,0.023353,0.00252,1.454396,-0.822441,0.030811,-0.779078
6,0.031731,0.02568,0.369949,0.2403,0.353573,-0.904039,-0.294151,-0.860957,-0.41497,-0.925367,0.365197,-0.101762,0.07426,0.042836,0.002586,1.574091,-0.686059,0.162447,-0.941112,-0.14738,0.024513,0.371819,0.019977,0.601661,0.798497,-0.952033,0.255338,-0.168433,-0.305224,-0.757572,0.576875,0.0,-0.0,-0.0,-0.000858,0.003274,0.001816,0.477194,0.016061,0.030264,0.001095,0.145832,-0.690316,0.708658,0.926189,-0.1565,-0.343046,0.347716,0.706378,0.616541,2e-06,3e-06,4e-06,-4e-05,-0.014778,-0.010383,0.459375,0.053371,0.035145,-0.058169,0.198697,0.404124,-0.892862,-0.243298,-0.862169,-0.444375,-0.949381,0.305528,-0.072988,0.030683,0.023352,0.002242,5.355667,1.10201,-0.192736,-0.74936
7,0.034645,0.0274,0.370173,0.202949,0.360767,-0.910332,-0.121225,-0.913215,-0.388994,-0.971922,0.188846,-0.140472,0.073432,0.035971,0.013572,1.987093,-0.579071,0.453563,-1.130858,-0.147549,0.024578,0.371746,0.035567,0.597881,0.80079,-0.943664,0.283856,-0.169874,-0.328891,-0.750373,0.573266,-0.001184,0.010501,-0.008829,0.04622,-0.00605,0.029439,0.480512,0.015977,0.030292,0.001062,0.130717,-0.688037,0.713804,0.919432,-0.185213,-0.3469,0.370886,0.701641,0.608393,1.2e-05,-0.000105,-6.6e-05,0.115648,-0.044948,0.077712,0.459375,0.054799,0.035992,-0.058069,0.162134,0.407682,-0.898614,-0.072268,-0.903312,-0.422852,-0.984118,0.1335,-0.116995,0.036694,0.017977,0.006609,5.489251,1.001944,0.08612,-0.820064
8,0.037333,0.028573,0.370871,0.188545,0.344761,-0.919584,0.009391,-0.936915,-0.349391,-0.982268,0.056805,-0.178747,0.07103,0.025755,0.021962,1.497598,-0.031425,-2.287445,-1.155423,-0.147666,0.024689,0.371639,0.047351,0.591632,0.804811,-0.936421,0.306709,-0.170231,-0.347589,-0.746313,0.567505,-0.01253,-0.001193,0.000254,0.393074,-0.049563,0.264077,0.478452,0.015923,0.030352,0.001005,0.11956,-0.683164,0.72041,0.913782,-0.208006,-0.348904,0.388209,0.700013,0.599394,-0.000597,0.005318,-0.004363,1.396718,-0.277821,0.956376,0.461661,0.056174,0.0366,-0.057714,0.14644,0.395292,-0.906806,0.066641,-0.918548,-0.389649,-0.986972,-0.00337,-0.160855,0.035472,0.012812,0.010743,5.207704,0.282053,1.006345,-0.793611
9,0.040011,0.029373,0.371833,0.178266,0.34902,-0.920028,0.14364,-0.934166,-0.326608,-0.973677,-0.074371,-0.215522,0.06996,0.025031,0.020793,6.705939,1.609784,1.193566,-1.152155,-0.147704,0.024863,0.371507,0.05567,0.583125,0.810467,-0.930681,0.324241,-0.169219,-0.361505,-0.745586,0.559713,-1e-06,1.9e-05,1.1e-05,1.316925,-0.131213,0.784016,0.476775,0.015899,0.030439,0.000939,0.112325,-0.675993,0.728296,0.909727,-0.224878,-0.349035,0.399723,0.701757,0.58971,0.005643,0.005757,-0.004492,4.511647,-0.930445,3.143496,0.459212,0.057514,0.037002,-0.057232,0.141052,0.394575,-0.907972,0.194298,-0.910338,-0.365419,-0.970747,-0.124874,-0.205071,0.040129,0.004952,0.01315,5.292761,1.841581,-0.661442,-0.772873
10,0.041361,0.029686,0.372367,0.176151,0.356461,-0.917579,0.209152,-0.924371,-0.319006,-0.962119,-0.136171,-0.236245,0.067826,0.014379,0.029215,5.593513,1.216987,1.053241,-1.127093,-0.147687,0.024969,0.371421,0.063511,0.575356,0.815428,-0.927122,0.336384,-0.164997,-0.369281,-0.746233,0.553742,-0.001195,0.010667,-0.008721,-0.126893,0.623244,0.371038,0.477238,0.015908,0.030488,0.000899,0.104312,-0.671699,0.733443,0.90672,-0.238773,-0.347628,0.408628,0.70129,0.584136,3e-06,4e-06,-3e-06,-0.039222,0.119425,0.06536,0.458885,0.058191,0.037164,-0.056967,0.137998,0.40208,-0.905145,0.260347,-0.896476,-0.358536,-0.955602,-0.186175,-0.228393,0.033787,0.006935,0.014429,1.726284,0.596053,-1.552681,-0.768791
11,0.043768,0.030065,0.373466,0.187368,0.36671,-0.911297,0.290637,-0.906833,-0.305216,-0.938555,-0.208133,-0.27536,0.062409,-0.002884,0.03267,1.517507,-0.563646,0.527146,-1.124738,-0.147626,0.02518,0.3712,0.087337,0.560263,0.823692,-0.912895,0.375955,-0.158784,-0.398714,-0.73877,0.543239,0.011443,0.010402,-0.009865,4.521964,-0.634124,3.199648,0.480067,0.015933,0.030595,0.00079,0.08427,-0.657701,0.748549,0.89835,-0.274877,-0.34265,0.431121,0.701335,0.567682,-0.000517,0.004406,-0.004932,-0.04704,0.281337,0.178014,0.461008,0.059401,0.037369,-0.056412,0.145699,0.413141,-0.898936,0.344702,-0.872895,-0.345304,-0.927336,-0.259554,-0.26959,0.025604,0.005437,0.012587,5.128941,0.30414,1.601846,-0.757034
12,0.045922,0.030005,0.374564,0.187046,0.367577,-0.911014,0.37546,-0.88367,-0.279515,-0.908013,-0.290232,-0.302167,0.059791,-0.00774,0.028875,5.307348,1.028271,1.09864,-1.180746,-0.147598,0.025408,0.370878,0.105812,0.532554,0.83975,-0.900157,0.410101,-0.146519,-0.422516,-0.741062,0.521699,-0.00098,0.007958,-0.010377,4.46233,0.078324,3.176584,0.481858,0.015952,0.03071,0.000629,0.066719,-0.635424,0.769275,0.889739,-0.311041,-0.334089,0.451565,0.706745,0.544609,-0.000469,0.003737,-0.005349,-0.216702,1.002042,0.320666,0.463784,0.060478,0.037339,-0.055862,0.147419,0.413947,-0.898284,0.424513,-0.846781,-0.320545,-0.893339,-0.334079,-0.300558,0.029852,-0.003978,0.014359,0.901682,0.357629,-2.22667,-0.784304
13,0.046952,0.029805,0.375171,0.188944,0.365744,-0.91136,0.422152,-0.868142,-0.260937,-0.886862,-0.335893,-0.317299,0.046399,-0.005595,0.029849,5.267534,0.060613,1.551942,-1.187901,-0.147595,0.025535,0.37068,0.116257,0.517635,0.847661,-0.890862,0.431667,-0.141286,-0.439159,-0.739364,0.510239,-0.000869,0.006578,-0.011224,0.301342,0.602356,0.394255,0.4814,0.015953,0.030776,0.000532,0.053845,-0.620686,0.782207,0.881082,-0.339085,-0.329717,0.469886,0.706943,0.528618,-0.000469,0.003738,-0.005339,1.280129,0.585872,1.104275,0.4646,0.060998,0.037238,-0.055559,0.146824,0.411622,-0.899449,0.470534,-0.828899,-0.302527,-0.870079,-0.378804,-0.315385,0.029295,-0.005025,0.013573,0.543896,-0.836197,0.003054,-0.791325
14,0.048692,0.029129,0.376642,0.19003,0.372683,-0.908318,0.508378,-0.828784,-0.233751,-0.840151,-0.417821,-0.345831,0.029192,-0.025766,0.047628,1.502308,-0.416238,0.546419,-1.246203,-0.147618,0.025769,0.370181,0.142792,0.47372,0.869018,-0.860116,0.493785,-0.127711,-0.489757,-0.729805,0.476849,-0.000604,0.003277,-0.013257,1.19141,1.081389,1.053312,0.479146,0.015941,0.030896,0.000285,0.028845,-0.583739,0.811428,0.857002,-0.403389,-0.320662,0.514504,0.704645,0.488629,-0.000306,0.0016,-0.006573,4.657499,0.063362,2.846543,0.462804,0.061858,0.036914,-0.054845,0.150219,0.41816,-0.895865,0.554799,-0.785675,-0.273698,-0.818309,-0.455911,-0.350019,0.015405,-0.007606,0.019415,0.369014,-0.711443,-0.810962,-0.792142
15,0.05007,0.027947,0.378345,0.200103,0.390709,-0.898527,0.585965,-0.782664,-0.209892,-0.785499,-0.484999,-0.38444,0.038155,-0.044277,0.05127,0.580357,-1.340608,-0.127985,-1.339314,-0.147624,0.026079,0.369453,0.165336,0.423142,0.890846,-0.815786,0.566249,-0.117428,-0.554306,-0.707848,0.437675,-0.00161,0.011561,-0.023423,-0.006518,1.063806,0.23929,0.473912,0.015934,0.031043,-6.7e-05,0.006103,-0.53715,0.843464,0.818967,-0.481319,-0.312448,0.573807,0.692676,0.43697,-0.000192,0.000286,-0.007477,1.362198,1.180528,1.100446,0.459212,0.06256,0.036324,-0.053981,0.154689,0.437432,-0.885846,0.633766,-0.731777,-0.250682,-0.757899,-0.522641,-0.390428,0.01356,-0.01513,0.022237,1.797597,-0.415671,-0.040418,-0.805368
16,0.05066,0.027212,0.379271,0.199806,0.400801,-0.894138,0.62304,-0.75622,-0.199812,-0.756496,-0.517667,-0.399702,0.03784,-0.045021,0.050768,4.971534,0.164168,2.19626,-1.344461,-0.14762,0.026235,0.369009,0.175028,0.394878,0.901902,-0.786168,0.607487,-0.113279,-0.592814,-0.689709,0.415614,-0.001369,0.008556,-0.025286,4.872376,0.602344,2.314694,0.467508,0.01594,0.031129,-0.000296,-0.000883,-0.511161,0.859484,0.795995,-0.520607,-0.308803,0.605301,0.683872,0.407342,0.005548,0.005312,-0.012518,-0.033195,1.431,0.288785,0.45415,0.062855,0.035955,-0.053519,0.158989,0.446629,-0.880479,0.665386,-0.707325,-0.238646,-0.729372,-0.547916,-0.409638,0.012607,-0.02077,0.026441,0.156569,-1.125516,0.06531,-0.813859
17,0.05157,0.025651,0.381298,0.21302,0.413199,-0.885401,0.673064,-0.718896,-0.173621,-0.708514,-0.559469,-0.43015,0.012216,-0.03912,0.054251,1.497845,-0.669398,0.74614,-1.346148,-0.147505,0.026569,0.367836,0.189568,0.332202,0.923958,-0.721804,0.685063,-0.098093,-0.665761,-0.648733,0.36847,0.011667,0.003559,-0.029418,1.340764,1.401288,0.92905,0.452757,0.015992,0.031301,-0.000879,-0.017608,-0.453903,0.890876,0.737381,-0.607643,-0.295022,0.675247,0.651721,0.345399,-0.000961,0.006163,-0.019083,5.016295,0.638421,2.158088,0.437494,0.063319,0.035171,-0.052508,0.169342,0.460045,-0.871597,0.716034,-0.665112,-0.211941,-0.677213,-0.588203,-0.442039,0.01257,-0.020767,0.026197,5.032119,-0.156918,2.222578,-0.803245
18,0.052001,0.024079,0.383431,0.221976,0.422685,-0.878698,0.712393,-0.685569,-0.149879,-0.666033,-0.593242,-0.452207,0.011516,-0.040816,0.053178,0.334603,-0.565071,-0.543243,-1.343,-0.147321,0.026986,0.366248,0.199383,0.267081,0.942818,-0.645902,0.759341,-0.078392,-0.737075,-0.593671,0.322705,0.010898,0.009128,-0.041325,0.364247,1.46699,0.142754,0.439224,0.016086,0.031499,-0.00165,-0.029138,-0.392148,0.91944,0.670494,-0.689866,-0.272985,0.741341,0.608525,0.283035,0.005539,0.004321,-0.020789,5.171834,0.760659,1.906008,0.419206,0.063539,0.03437,-0.051421,0.176717,0.470582,-0.864478,0.754436,-0.628845,-0.188092,-0.632136,-0.618955,-0.466151,0.00568,-0.020524,0.02653,0.38307,-0.601001,-0.630223,-0.806348
19,0.052187,0.022503,0.385608,0.234515,0.427248,-0.873216,0.745715,-0.655274,-0.120401,-0.623927,-0.623474,-0.471193,-0.000723,-0.036533,0.055907,1.823956,-0.546837,0.139608,-1.341861,-0.146892,0.027592,0.364479,0.195259,0.210303,0.957934,-0.58983,0.805508,-0.056493,-0.783716,-0.554251,0.280105,0.02223,0.021482,-0.049945,5.050723,0.765025,2.245816,0.426982,0.016296,0.031797,-0.002554,-0.02364,-0.337794,0.940922,0.624763,-0.739751,-0.249876,0.780455,0.581947,0.228529,0.004797,0.010564,-0.024593,-0.768291,0.23403,2.344526,0.400917,0.063631,0.033592,-0.050356,0.184459,0.467496,-0.864535,0.779038,-0.605847,-0.161394,-0.599227,-0.643736,-0.475951,-0.00055,-0.018641,0.027718,0.098765,0.074968,-0.136159,-0.804715
20,0.05217,0.021751,0.386696,0.243486,0.428354,-0.870214,0.757577,-0.644193,-0.105188,-0.605944,-0.634183,-0.480283,-0.00155,-0.03847,0.054647,0.203531,-0.903735,-0.34552,-1.341009,-0.146536,0.028042,0.363519,0.186631,0.187612,0.964345,-0.576385,0.815782,-0.047042,-0.795722,-0.54729,0.259158,0.022051,0.023742,-0.048511,-0.012725,1.431352,0.037059,0.424584,0.016482,0.032026,-0.003056,-0.016737,-0.313456,0.949454,0.609446,-0.755995,-0.238844,0.79265,0.574644,0.203688,0.011041,0.011919,-0.024242,-0.006513,1.524098,0.074502,0.394059,0.063624,0.03322,-0.049809,0.188697,0.462007,-0.866568,0.790423,-0.595111,-0.145165,-0.582772,-0.657564,-0.477477,-0.000705,-0.019012,0.027493,0.722019,-0.068092,-1.121174,-0.805205
21,0.051967,0.020209,0.388715,0.257116,0.434003,-0.863468,0.786172,-0.613499,-0.074323,-0.56231,-0.660272,-0.49787,-0.01636,-0.040045,0.053448,0.199784,-0.815919,-0.492756,-1.33969,-0.145418,0.029253,0.36152,0.171363,0.146334,0.974275,-0.569664,0.821513,-0.023075,-0.803938,-0.551238,0.222898,0.034325,0.028247,-0.046629,0.059077,1.012469,0.272959,0.427092,0.017028,0.032618,-0.00404,-0.002686,-0.272539,0.96214,0.607268,-0.764863,-0.214963,0.794492,0.5837,0.167558,0.016544,0.019775,-0.027412,0.091182,1.247486,0.421565,0.39014,0.06353,0.032454,-0.048796,0.197175,0.452213,-0.869841,0.814747,-0.56906,-0.111156,-0.545259,-0.686784,-0.480644,-0.002151,-0.022391,0.025278,0.833002,-0.02222,-0.867947,-0.802266
22,0.051687,0.018369,0.390636,0.272815,0.449208,-0.850782,0.826888,-0.561466,-0.03136,-0.492108,-0.695512,-0.523565,-0.00621,-0.04937,0.047571,1.511408,-0.932356,0.264857,-1.332407,-0.143756,0.030887,0.359433,0.160235,0.102619,0.981726,-0.562854,0.826497,0.005591,-0.810987,-0.553591,0.188944,0.045239,0.043726,-0.053026,0.094853,1.108714,0.630235,0.437732,0.017838,0.033413,-0.00506,0.006407,-0.231465,0.972821,0.605622,-0.773233,-0.187966,0.795726,0.590367,0.135226,0.022664,0.021762,-0.026609,0.115059,0.825304,0.458332,0.398305,0.063389,0.031557,-0.047851,0.205983,0.443496,-0.872285,0.851259,-0.520851,-0.063798,-0.482625,-0.7294,-0.484816,0.003093,-0.026721,0.02258,0.545233,-0.035906,-1.21458,-0.801449
23,0.051593,0.017369,0.391552,0.282533,0.460652,-0.84144,0.846148,-0.532867,-0.007671,-0.452256,-0.710395,-0.539287,-0.006555,-0.050206,0.04708,0.55699,-1.125125,-0.622957,-1.318132,-0.142914,0.031694,0.358477,0.15494,0.08529,0.984231,-0.559279,0.828779,0.01634,-0.814476,-0.553097,0.174859,0.046338,0.034338,-0.043635,0.080239,0.795568,0.458352,0.444177,0.018275,0.033836,-0.005562,0.011712,-0.212149,0.977167,0.604,-0.777308,-0.175999,0.796897,0.59227,0.119034,0.022582,0.022329,-0.026214,0.123254,0.92116,0.756588,0.405653,0.063338,0.031036,-0.047377,0.206215,0.44196,-0.873009,0.873304,-0.485568,-0.039534,-0.441378,-0.75425,-0.486097,-0.003395,-0.025327,0.023414,1.922214,0.009334,-0.517117,-0.79851
24,0.051159,0.015565,0.393273,0.300328,0.472626,-0.828537,0.870869,-0.490166,0.036001,-0.389475,-0.732955,-0.557776,-0.005714,-0.041275,0.03702,1.485643,-0.380051,0.216066,-1.265989,-0.141208,0.033242,0.356524,0.140665,0.045701,0.988998,-0.552493,0.832507,0.040227,-0.821651,-0.552128,0.141096,0.046405,0.033014,-0.044437,0.067199,0.977634,0.806682,0.451226,0.019115,0.034605,-0.006518,0.023345,-0.174608,0.984361,0.601377,-0.78411,-0.153349,0.798623,0.595553,0.0867,0.022621,0.021506,-0.026704,0.113002,0.811552,0.465856,0.418879,0.063126,0.030142,-0.04653,0.221725,0.434162,-0.87312,0.893913,-0.448218,0.004128,-0.389557,-0.78141,-0.487485,-0.009603,-0.023245,0.024764,0.273978,0.033278,-0.193125,-0.792305
25,0.050608,0.01421,0.394725,0.299342,0.480756,-0.824205,0.892184,-0.44721,0.063111,-0.338619,-0.754838,-0.561767,-0.003803,-0.02983,0.02858,-0.007188,-0.165327,-0.565313,-1.265085,-0.139725,0.034342,0.35487,0.120722,0.015245,0.992565,-0.548051,0.834664,0.053953,-0.827752,-0.550506,0.107856,0.035318,0.019811,-0.036568,0.10029,1.131588,-0.389919,0.450621,0.019874,0.035172,-0.007365,0.041888,-0.140148,0.989244,0.599541,-0.788514,-0.137097,0.799246,0.598835,0.050995,0.023253,0.016224,-0.02242,0.271864,2.129529,-1.711046,0.423288,0.062842,0.029442,-0.045788,0.222483,0.435324,-0.872349,0.917287,-0.396591,0.036035,-0.330279,-0.808212,-0.487553,-0.008235,-0.013028,0.015469,0.306479,-0.019915,-0.847874,-0.793121
26,0.050215,0.013178,0.395693,0.294241,0.496795,-0.816494,0.914589,-0.394293,0.08962,-0.277776,-0.77375,-0.569366,-0.01642,-0.018947,0.019455,1.301568,-0.08123,0.234206,-1.303106,-0.138404,0.035126,0.35343,0.098106,-0.013935,0.995074,-0.545237,0.835674,0.065574,-0.832559,-0.548965,0.073123,0.024144,0.00799,-0.027854,-0.015383,1.036098,0.462983,0.446305,0.020539,0.035566,-0.008089,0.062689,-0.112447,0.991678,0.598466,-0.790934,-0.127517,0.798691,0.601479,0.017713,0.017622,0.010574,-0.017876,0.053155,0.549786,0.234508,0.420185,0.062645,0.028919,-0.045291,0.217725,0.4406,-0.870899,0.939276,-0.337084,0.064283,-0.265243,-0.832012,-0.487237,-0.008313,-0.009673,0.009633,0.156093,-0.011506,-0.047369,-0.799816
27,0.050107,0.012701,0.396017,0.289825,0.506407,-0.812156,0.925456,-0.364584,0.102861,-0.244365,-0.782063,-0.573315,-0.003168,-0.014321,0.006599,1.343652,-0.211681,0.257302,-1.360106,-0.137795,0.035479,0.352805,0.091203,-0.024056,0.995537,-0.54406,0.836068,0.070161,-0.834104,-0.547999,0.0619,0.03637,0.012064,-0.026253,0.00936,0.762347,0.368608,0.442959,0.020839,0.035737,-0.008405,0.069207,-0.101261,0.992449,0.598205,-0.791921,-0.122516,0.798348,0.602167,0.005768,0.011289,0.010536,-0.017357,0.025936,0.833415,0.364681,0.41741,0.062592,0.028681,-0.045128,0.213461,0.444581,-0.869931,0.949705,-0.303261,0.078054,-0.229115,-0.84284,-0.486955,-0.001673,-0.007345,0.003198,1.532879,-0.130468,0.142262,-0.808634
28,0.050025,0.011829,0.396383,0.284536,0.52479,-0.802297,0.94062,-0.314412,0.127867,-0.185497,-0.791699,-0.582092,-0.004345,-0.017036,0.004766,0.391353,-0.217343,-0.273513,-1.517071,-0.136674,0.036143,0.351758,0.080845,-0.036082,0.996069,-0.54212,0.836959,0.074434,-0.83642,-0.545958,0.046839,0.023343,0.015166,-0.023101,0.031869,0.482064,0.158474,0.433743,0.021405,0.036065,-0.008931,0.078889,-0.088195,0.992974,0.597164,-0.793404,-0.117912,0.798229,0.602271,-0.009924,0.011671,0.007762,-0.011451,0.042866,0.681269,0.283989,0.405979,0.062554,0.028259,-0.044948,0.20958,0.451571,-0.86727,0.963253,-0.247727,0.103788,-0.167979,-0.857154,-0.486897,0.004653,-0.009667,0.001671,4.324538,-0.885906,2.329671,-0.833617
29,0.050144,0.011151,0.396418,0.28072,0.543929,-0.790811,0.95038,-0.272595,0.149803,-0.134432,-0.794307,-0.592479,0.009337,-0.011538,-0.007537,1.350404,-0.6474,0.367182,-1.599685,-0.135605,0.036775,0.35102,0.08063,-0.039763,0.995946,-0.539972,0.838087,0.077291,-0.837829,-0.543962,0.04484,0.022753,0.019968,-0.019879,0.0886,-0.132589,0.243637,0.434624,0.021931,0.036376,-0.009297,0.079652,-0.083479,0.99332,0.59575,-0.794954,-0.11458,0.79921,0.600897,-0.013587,0.011365,0.010214,-0.009805,0.075501,-0.051355,0.060413,0.402387,0.06261,0.027904,-0.044928,0.209086,0.46003,-0.862933,0.971037,-0.202004,0.127591,-0.11562,-0.864619,-0.488943,0.004679,-0.005784,-0.003764,1.581731,-0.2,0.284236,-0.826106
30,0.050246,0.010841,0.396322,0.281333,0.552409,-0.784692,0.952928,-0.257135,0.160564,-0.113419,-0.79362,-0.597772,-0.003952,-0.009123,-0.006188,0.034216,-0.319029,-0.607732,-1.651674,-0.135145,0.037046,0.350785,0.082803,-0.040996,0.995718,-0.538948,0.838543,0.079459,-0.838279,-0.543166,0.046075,0.023818,0.01189,-0.00977,0.05443,-0.142751,0.246697,0.440706,0.02217,0.036517,-0.009424,0.077264,-0.082593,0.993583,0.595038,-0.795795,-0.112424,0.799975,0.599906,-0.01234,0.011923,0.005954,-0.004898,0.043264,-0.042149,0.075834,0.404183,0.062659,0.027758,-0.04497,0.210339,0.463944,-0.86053,0.973032,-0.184594,0.138316,-0.094678,-0.866418,-0.490261,0.004268,-0.006646,-0.004368,0.41343,-0.010623,-0.675879,-0.825453
31,0.050428,0.01035,0.395972,0.278286,0.569568,-0.77343,0.95784,-0.224422,0.179301,-0.071791,-0.791434,-0.607047,-0.003323,-0.000637,-0.016764,4.308283,-1.086929,2.866236,-1.708393,-0.13433,0.037516,0.350603,0.088064,-0.043793,0.995147,-0.537373,0.839052,0.084593,-0.83876,-0.542157,0.049094,0.010556,0.016342,-0.005668,0.040489,-0.03817,0.07326,0.448384,0.022583,0.036749,-0.009517,0.071657,-0.080171,0.994202,0.594269,-0.797101,-0.107109,0.801067,0.598499,-0.009475,0.006056,0.002323,0.000986,0.004223,-0.015512,0.029247,0.41447,0.062752,0.027504,-0.045145,0.215009,0.471462,-0.855274,0.974873,-0.155848,0.159165,-0.058252,-0.868005,-0.493125,0.003935,-0.007454,-0.004941,0.155008,0.014554,-0.450207,-0.82284
32,0.050653,0.009879,0.395585,0.277229,0.588464,-0.759539,0.960214,-0.197409,0.197459,-0.034081,-0.784799,-0.618835,0.008678,-0.013199,-0.00873,0.405143,-0.738499,-0.201065,-1.742252,-0.133808,0.037818,0.350698,0.091764,-0.045688,0.994728,-0.536701,0.839114,0.088167,-0.838798,-0.541902,0.051216,0.011608,0.008345,0.004475,0.004073,-0.030379,0.053659,0.447237,0.022844,0.036905,-0.009472,0.06781,-0.078541,0.994601,0.594112,-0.797695,-0.103498,0.801518,0.597923,-0.00743,0.005817,0.004088,0.002171,0.019591,-0.13526,0.222167,0.417573,0.062859,0.027269,-0.045343,0.214609,0.482111,-0.849418,0.976497,-0.123624,0.17655,-0.019892,-0.867343,-0.497312,0.004458,-0.00653,-0.004258,1.462185,-0.280064,0.626858,-0.823983
33,0.0508,0.009439,0.395303,0.270118,0.602734,-0.750862,0.96283,-0.168361,0.211154,0.000525,-0.780743,-0.624873,-0.003692,-0.008565,-0.005878,-0.013737,0.075073,-0.434333,-1.805961,-0.133525,0.038207,0.350882,0.093612,-0.04992,0.994352,-0.536178,0.838959,0.092712,-0.838931,-0.541763,0.050509,-0.001217,0.00946,0.006318,-0.005709,0.06843,0.07703,0.438044,0.022989,0.0371,-0.00938,0.065697,-0.074305,0.995068,0.594226,-0.798202,-0.098837,0.80161,0.597789,-0.008286,0.005594,0.005724,0.003261,-0.005508,0.061211,0.111221,0.412348,0.062938,0.027047,-0.045485,0.214431,0.48625,-0.8471,0.976664,-0.096062,0.192087,0.012028,-0.868522,-0.495502,0.004511,-0.006145,-0.004091,0.216821,-0.012644,-0.11239,-0.829535
34,0.050848,0.009224,0.395158,0.261207,0.611208,-0.747155,0.965109,-0.150567,0.214162,0.018082,-0.777792,-0.628283,-0.003922,-0.009104,-0.00626,3.568232,-1.356759,3.611014,-1.838351,-0.133435,0.038458,0.351015,0.094995,-0.051317,0.99415,-0.530893,0.842135,0.094315,-0.842132,-0.53668,0.051493,-0.001512,0.011716,0.007809,5.49611,0.507279,0.309757,0.43616,0.023031,0.037219,-0.009318,0.063995,-0.07362,0.99523,0.594235,-0.798387,-0.097269,0.801741,0.597626,-0.007345,-0.000834,0.006447,0.004292,0.003587,-0.041795,0.041553,0.409408,0.062959,0.026946,-0.045553,0.213212,0.485201,-0.848008,0.976698,-0.08408,0.197461,0.024508,-0.87035,-0.491822,-0.002004,-0.004576,-0.003175,0.27581,-0.022613,-0.129257,-0.824147
35,0.050882,0.008797,0.394881,0.250127,0.620197,-0.743531,0.967466,-0.129863,0.217067,0.037764,-0.77441,-0.631577,0.008814,-0.012996,-0.008652,3.548429,-1.389321,3.870115,-1.879062,-0.133344,0.039075,0.351353,0.097974,-0.052808,0.993783,-0.530309,0.84218,0.097149,-0.842162,-0.536461,0.053245,-0.001996,0.015398,0.010212,0.004067,-0.03036,0.048819,0.42641,0.02308,0.037533,-0.009146,0.061101,-0.071886,0.995539,0.58938,-0.802355,-0.09411,0.805541,0.592501,-0.006657,0.004483,0.01395,0.000984,0.041045,-0.038514,0.073135,0.400427,0.062975,0.026731,-0.045693,0.204544,0.484437,-0.850577,0.977862,-0.061968,0.19986,0.04411,-0.872628,-0.486388,-0.001999,-0.00458,-0.003184,0.304514,-0.016836,0.013454,-0.824147
36,0.050894,0.008377,0.394583,0.237592,0.627786,-0.741269,0.970326,-0.118066,0.210947,0.044623,-0.770178,-0.636288,-0.004262,-0.0099,-0.00686,-0.175392,0.015598,-0.03922,-1.912364,-0.133291,0.039751,0.351776,0.103624,-0.060381,0.992778,-0.519414,0.847896,0.1059,-0.848262,-0.526558,0.055238,0.010152,0.018864,0.011341,0.479717,0.17218,-0.024832,0.420007,0.023103,0.037872,-0.008934,0.054836,-0.064448,0.996413,0.580756,-0.809697,-0.084333,0.812228,0.583297,-0.006972,-0.001101,0.008478,0.005582,1.661429,0.233131,0.17875,0.389813,0.062985,0.026517,-0.045844,0.189077,0.484974,-0.853843,0.980371,-0.043766,0.192237,0.055861,-0.873432,-0.48373,0.004176,-0.006992,-0.004709,-0.249209,0.033692,0.707427,-0.827412
37,0.05088,0.008142,0.394422,0.236036,0.6306,-0.739375,0.97046,-0.113812,0.212666,0.049671,-0.76852,-0.637917,-0.004838,-0.011237,-0.007803,-0.000571,-0.148598,-0.131394,-1.912304,-0.133315,0.040082,0.352003,0.109169,-0.063938,0.99196,-0.513721,0.850644,0.111482,-0.851036,-0.521679,0.058757,-0.002132,0.016386,0.010767,5.486086,0.586471,0.374063,0.419766,0.023095,0.038039,-0.008825,0.048606,-0.062032,0.996889,0.580583,-0.810384,-0.078735,0.812748,0.582604,-0.003375,-0.001111,0.008491,0.00558,0.003606,-0.035913,0.034768,0.386058,0.062979,0.026403,-0.045923,0.187064,0.485568,-0.853949,0.980277,-0.035863,0.194345,0.063742,-0.873462,-0.4827,-0.002178,-0.00502,-0.003507,0.29415,-0.040232,-0.056722,-0.825943
38,0.050866,0.007639,0.394113,0.219627,0.646208,-0.730906,0.9734,-0.09502,0.208413,0.064961,-0.758045,-0.64898,-0.004829,-0.011218,-0.007825,0.200976,-0.977371,0.091603,-1.912621,-0.13342,0.04067,0.352391,0.117668,-0.073285,0.990341,-0.502388,0.85579,0.123136,-0.856661,-0.511931,0.062624,-0.001917,0.014741,0.009632,5.474974,0.657897,0.392268,0.422135,0.023041,0.038339,-0.008621,0.039505,-0.053282,0.997797,0.571653,-0.817811,-0.066304,0.819543,0.573013,-0.001849,-0.007195,0.006947,0.005081,0.001081,-0.06828,0.069351,0.386221,0.062973,0.026154,-0.046075,0.174365,0.487478,-0.855547,0.981541,-0.016723,0.190515,0.078564,-0.872974,-0.481397,0.004036,-0.008007,-0.00517,0.123978,-0.132874,3.376471,-0.821044
39,0.050833,0.007126,0.393661,0.21082,0.662975,-0.718376,0.974348,-0.083292,0.208998,0.07847,-0.744838,-0.662635,0.007488,-0.009149,-0.022587,0.037589,-0.584655,-0.271035,-1.912909,-0.133528,0.041208,0.352745,0.116544,-0.082152,0.989778,-0.486786,0.863885,0.129137,-0.865774,-0.496756,0.059433,-0.001795,0.013813,0.008979,0.046644,-0.007857,0.062024,0.418822,0.022988,0.038607,-0.008445,0.040578,-0.043482,0.998229,0.552935,-0.831155,-0.058681,0.832235,0.554338,-0.009684,-0.000831,0.006329,0.004116,0.146339,-0.014153,0.02171,0.385568,0.062952,0.025897,-0.046296,0.166272,0.490621,-0.855361,0.981382,0.002233,0.192049,0.096134,-0.871369,-0.481116,-0.003211,-0.007429,-0.005229,0.392898,-0.083352,-0.093767,-0.820064
40,0.050666,0.006656,0.393108,0.197659,0.676019,-0.709912,0.975452,-0.0639,0.210669,0.096815,-0.734971,-0.671172,-0.006409,-0.014866,-0.010489,0.000383,-0.079862,-0.067408,-1.91242,-0.133582,0.041692,0.35307,0.116279,-0.090658,0.989066,-0.476105,0.868814,0.135725,-0.871729,-0.486567,0.056606,-0.001601,0.012321,0.007972,0.000959,-0.004934,0.030871,0.413625,0.02296,0.038851,-0.008282,0.040159,-0.03503,0.998578,0.543749,-0.83768,-0.051253,0.838285,0.545035,-0.014594,-0.000822,0.006279,0.004066,0.00044,-0.051644,0.035628,0.37871,0.062869,0.025654,-0.046584,0.157509,0.495196,-0.854383,0.98061,0.023713,0.194524,0.116588,-0.868457,-0.481859,-0.003269,-0.007534,-0.005342,0.256937,-0.074017,0.00099,-0.812716
41,0.050537,0.00645,0.392801,0.191169,0.680503,-0.707401,0.9766,-0.059506,0.2066,0.098267,-0.731193,-0.675076,-0.005381,-0.005378,-0.020398,0.01729,-0.036596,-0.006841,-1.912759,-0.133602,0.041914,0.353212,0.118126,-0.095046,0.988435,-0.475659,0.868305,0.140456,-0.871726,-0.48663,0.056104,-0.001537,0.01182,0.007632,0.000128,0.00683,0.072275,0.412364,0.022951,0.038961,-0.008211,0.037962,-0.030726,0.998806,0.544042,-0.83777,-0.04645,0.838198,0.545156,-0.015088,-0.000668,0.005103,0.003296,-0.004839,-0.002194,0.027226,0.376587,0.062806,0.025552,-0.04673,0.151208,0.496673,-0.854664,0.981156,0.029794,0.190902,0.12028,-0.867425,-0.482809,-0.010006,-0.006327,-0.004693,0.165317,-0.093825,0.013191,-0.814512
42,0.050227,0.005978,0.39224,0.185416,0.682402,-0.707102,0.977412,-0.053786,0.204314,0.101168,-0.729866,-0.676082,-0.019036,-0.010376,-0.007796,-0.002158,0.026734,-0.05572,-1.912748,-0.133644,0.042311,0.353479,0.121652,-0.102467,0.987265,-0.464474,0.8731,0.147967,-0.877261,-0.476431,0.057366,-0.001296,0.009968,0.006412,0.001726,-0.008922,0.02835,0.410123,0.022929,0.039165,-0.008074,0.033768,-0.023618,0.99915,0.534539,-0.844287,-0.038023,0.844468,0.53537,-0.015886,-0.000646,0.004915,0.003163,0.000263,-0.032082,0.00807,0.373484,0.062647,0.025311,-0.047021,0.144109,0.499815,-0.854058,0.981082,0.040577,0.189289,0.129265,-0.86518,-0.484513,-0.009509,-0.005158,-0.003885,0.164986,-0.091576,0.039662,-0.814186
43,0.049828,0.005679,0.39192,0.182043,0.685519,-0.704961,0.977507,-0.048508,0.205177,0.106237,-0.727312,-0.678054,-0.016477,-0.004391,-0.00356,-0.000412,-0.211923,-0.165541,-1.912947,-0.133682,0.042601,0.353711,0.125215,-0.104477,0.986609,-0.463984,0.872768,0.151424,-0.877023,-0.476599,0.059554,0.000541,-0.003842,0.012719,-0.034378,-0.007482,0.004762,0.411847,0.022909,0.039313,-0.007961,0.029944,-0.022104,0.999306,0.534585,-0.844401,-0.034697,0.844583,0.535254,-0.013468,-0.000441,0.003364,0.002161,0.013895,-0.104531,0.166821,0.372015,0.062451,0.025157,-0.047185,0.13989,0.502638,-0.853103,0.980377,0.050544,0.19054,0.138892,-0.863018,-0.485704,-0.008083,-0.001834,-0.001526,0.185694,-0.060746,-0.156227,-0.820554
44,0.049656,0.005601,0.391824,0.178064,0.686567,-0.704957,0.977755,-0.042722,0.205286,0.110611,-0.726687,-0.678025,-0.015847,-0.002917,-0.002513,-0.002131,0.023258,-0.05732,-1.912918,-0.133705,0.042709,0.353792,0.125734,-0.104767,0.986512,-0.463905,0.872723,0.151925,-0.876991,-0.476618,0.059875,-0.000657,0.005057,0.003239,-0.0,0.0,0.0,0.412214,0.022898,0.039367,-0.007916,0.029402,-0.021857,0.999328,0.53461,-0.844406,-0.034198,0.844587,0.535257,-0.013143,-0.000366,0.002791,0.001789,0.001925,-0.015171,0.024218,0.373648,0.062366,0.025119,-0.047232,0.137022,0.504008,-0.852759,0.979994,0.056467,0.190841,0.144338,-0.86185,-0.486188,-0.001283,-0.002934,-0.002111,0.138858,-0.036859,0.018304,-0.82235
45,0.049349,0.005503,0.391734,0.176718,0.691067,-0.700888,0.977397,-0.039236,0.207674,0.115804,-0.722608,-0.681509,-0.014294,0.000683,6.1e-05,0.001525,-0.394755,-0.218007,-1.91298,-0.133715,0.042857,0.353898,0.127022,-0.105503,0.986269,-0.463673,0.872626,0.153179,-0.876929,-0.476631,0.060671,0.01187,0.004691,0.001949,0.002045,-0.015205,0.029245,0.407125,0.022888,0.039437,-0.007865,0.028091,-0.021228,0.999379,0.534583,-0.844472,-0.032964,0.844648,0.535178,-0.012374,-0.000147,0.001115,0.000713,-6.4e-05,1.4e-05,-9e-06,0.371525,0.062213,0.025071,-0.047277,0.134931,0.50594,-0.851949,0.979116,0.063874,0.193003,0.152066,-0.8602,-0.486756,-0.006995,0.000714,0.000291,0.206043,-0.046695,-0.219273,-0.820881
46,0.049141,0.005445,0.391649,0.173007,0.700338,-0.69256,0.976771,-0.031711,0.211861,0.126205,-0.714001,-0.688696,-0.001876,-0.004299,-0.003091,0.003984,-0.465103,-0.24261,-1.912969,-0.133699,0.042949,0.353954,0.128579,-0.106399,0.985971,-0.463363,0.872523,0.154699,-0.876869,-0.476619,0.061634,-0.00039,0.002998,0.001916,0.002034,-0.015175,0.024413,0.405468,0.022901,0.039481,-0.007838,0.026434,-0.020418,0.999441,0.534518,-0.844573,-0.031392,0.844742,0.53505,-0.011411,-0.000109,0.000825,0.000526,-3.5e-05,1.3e-05,2e-06,0.367606,0.062107,0.025049,-0.047314,0.133604,0.508171,-0.850829,0.97746,0.07404,0.19771,0.163466,-0.858067,-0.486825,-0.000768,-0.001724,-0.001254,0.276766,-0.024584,-0.26049,-0.823657
47,0.049041,0.005216,0.391422,0.174395,0.710291,-0.681995,0.975652,-0.031072,0.217048,0.132767,-0.704129,-0.697568,-0.003428,-0.007849,-0.005659,-0.008409,-0.14405,-0.316789,-1.912684,-0.133648,0.04306,0.35403,0.129367,-0.107993,0.985694,-0.457925,0.875141,0.156098,-0.879606,-0.471432,0.062509,-0.000481,0.00369,0.002356,0.002034,-0.015174,0.024413,0.404743,0.022927,0.039533,-0.007802,0.025657,-0.018933,0.999491,0.52954,-0.847766,-0.029653,0.847896,0.530032,-0.011726,0.005924,0.002389,0.001001,0.001831,-0.016186,0.029001,0.365646,0.06206,0.024943,-0.047421,0.135887,0.509958,-0.849397,0.975546,0.080621,0.204471,0.172751,-0.856412,-0.486533,-0.001053,0.001154,-0.007533,0.1698,-0.059867,-0.084855,-0.819574
48,0.048981,0.005167,0.391236,0.171043,0.711099,-0.682003,0.975639,-0.025708,0.217804,0.137142,-0.703531,-0.697326,-0.001995,0.002534,-0.014897,3.801943,-1.215525,3.840765,-1.912166,-0.133638,0.043127,0.354094,0.129967,-0.108339,0.985577,-0.457851,0.875075,0.156685,-0.879557,-0.471475,0.062876,-0.000609,0.004671,0.00298,0.002034,-0.015173,0.024414,0.404315,0.022933,0.039564,-0.007771,0.024887,-0.018566,0.999517,0.529555,-0.847781,-0.028934,0.84791,0.53002,-0.011267,-0.000291,0.002224,0.001418,0.001883,-0.015302,0.024396,0.36532,0.062026,0.024909,-0.04752,0.134129,0.510406,-0.849408,0.975234,0.084125,0.204548,0.175859,-0.855808,-0.486482,-0.000639,0.000927,-0.007112,1.885552,0.189955,2.201463,-0.816145
49,0.048761,0.005198,0.390877,0.173675,0.71253,-0.679841,0.975028,-0.027368,0.220323,0.138172,-0.702019,-0.698645,-0.002008,-0.004586,-0.00332,9e-05,-0.172354,-0.079541,-1.912948,-0.133618,0.043257,0.354254,0.131059,-0.108956,0.985365,-0.457793,0.874914,0.157749,-0.879427,-0.471631,0.063533,-0.000608,0.00466,0.002968,-0.0,0.0,0.0,0.404563,0.022942,0.039634,-0.007689,0.02372,-0.018009,0.999555,0.529664,-0.847749,-0.027843,0.847875,0.530089,-0.01057,-0.000363,0.002762,0.001758,0.001942,-0.015164,0.024427,0.36483,0.061915,0.024922,-0.047702,0.134486,0.512953,-0.847816,0.974122,0.088409,0.208012,0.181655,-0.853851,-0.487789,-0.006979,0.004318,-0.005477,0.130635,-0.075213,-0.123752,-0.82186
50,0.048591,0.005329,0.390566,0.169948,0.713576,-0.679686,0.974975,-0.021416,0.221219,0.143097,-0.701163,-0.698514,-0.000162,0.00673,-0.011872,0.033974,-0.01985,0.014983,-1.912767,-0.133656,0.043404,0.354417,0.131825,-0.109376,0.985216,-0.457779,0.874788,0.158485,-0.879321,-0.471765,0.063997,-0.000634,0.004858,0.003088,-0.0,0.0,0.0,0.404478,0.022923,0.039709,-0.007606,0.022916,-0.017637,0.999581,0.529764,-0.847711,-0.027103,0.847835,0.530163,-0.010083,-0.000326,0.002482,0.001578,-5.6e-05,4e-06,-3e-06,0.365157,0.061829,0.024984,-0.047854,0.131976,0.51491,-0.847023,0.973298,0.094586,0.20915,0.18781,-0.852009,-0.488678,-0.000771,-0.001751,-0.001274,0.072852,-0.019096,-0.007985,-0.826759
51,0.04852,0.005398,0.390425,0.170214,0.713579,-0.679616,0.974875,-0.021358,0.221661,0.143454,-0.701162,-0.698441,-0.012796,0.011292,-0.009025,0.032985,-0.005111,-0.014559,-1.91261,-0.13367,0.043512,0.354519,0.132374,-0.109684,0.985108,-0.457737,0.874714,0.159018,-0.87926,-0.471832,0.064331,-0.00094,0.007205,0.004574,0.002033,-0.015163,0.02442,0.403625,0.022917,0.039759,-0.007557,0.022339,-0.017364,0.999599,0.529805,-0.847702,-0.026566,0.847824,0.530186,-0.009738,-0.000484,0.003682,0.002338,0.00199,-0.015168,0.024428,0.36483,0.061798,0.025016,-0.047926,0.131822,0.515579,-0.84664,0.973023,0.095831,0.209859,0.189334,-0.851465,-0.489038,-2.4e-05,0.003491,-0.005845,0.050012,-0.04019,0.000356,-0.82627
52,0.048416,0.005448,0.390195,0.169546,0.719888,-0.673098,0.974104,-0.018724,0.225262,0.149357,-0.694759,-0.703584,-0.001967,-0.004479,-0.003254,-0.001312,-0.101645,-0.078848,-1.912314,-0.133706,0.043787,0.354841,0.134191,-0.110694,0.984749,-0.457669,0.874428,0.160776,-0.879023,-0.472125,0.065427,-0.001432,0.010976,0.006943,0.002032,-0.015154,0.024426,0.403179,0.022899,0.039891,-0.0074,0.020449,-0.016478,0.999654,0.530007,-0.847629,-0.024814,0.847745,0.530332,-0.0086,-0.000759,0.005781,0.003658,0.002011,-0.015159,0.024431,0.364014,0.061745,0.025052,-0.048039,0.13245,0.517287,-0.845499,0.971616,0.100921,0.213952,0.196003,-0.849839,-0.489239,-0.00084,-0.001905,-0.00139,0.083465,-0.016611,-0.049921,-0.819901
53,0.048287,0.005499,0.389765,0.16896,0.724115,-0.668697,0.973313,-0.015664,0.228886,0.155062,-0.690428,-0.706606,-0.002177,0.002147,-0.015213,0.032784,-0.017295,-0.015581,-1.912745,-0.133704,0.044064,0.355374,0.137465,-0.109091,0.984477,-0.457989,0.87423,0.160941,-0.878354,-0.472865,0.068962,-0.000379,0.003187,0.017067,-0.022156,-0.105594,-0.057014,0.402936,0.022896,0.040026,-0.007141,0.017336,-0.018296,0.999682,0.530382,-0.847398,-0.024706,0.84758,0.530642,-0.004987,-0.000222,0.00179,0.008659,-0.016928,-0.156326,-0.088966,0.363524,0.061682,0.025079,-0.048247,0.132722,0.519344,-0.844195,0.97028,0.105794,0.217628,0.202335,-0.84799,-0.489869,-0.007565,0.003008,-0.006445,0.051539,-0.080265,-0.017483,-0.825779
54,0.048084,0.00559,0.389285,0.170924,0.723742,-0.668601,0.972829,-0.016383,0.230884,0.155942,-0.690802,-0.706047,-0.001485,0.003728,-0.01407,0.025064,0.076199,-0.191286,-1.913139,-0.133631,0.044218,0.356151,0.141913,-0.109285,0.983824,-0.453539,0.876191,0.162867,-0.87996,-0.469177,0.073527,0.011359,0.008284,0.019186,0.023057,-0.461733,-0.207566,0.403152,0.022932,0.040109,-0.00676,0.014111,-0.015767,0.999775,0.526585,-0.849866,-0.020836,0.850004,0.526761,-0.00369,-0.000395,0.003058,0.009428,-0.03259,-0.021331,0.02983,0.363524,0.061577,0.025116,-0.048487,0.133441,0.521166,-0.842958,0.969596,0.107394,0.219885,0.205125,-0.846671,-0.49099,-0.006961,0.004375,-0.005443,0.067091,-0.074433,-0.04319,-0.817125
55,0.047973,0.005726,0.389054,0.17136,0.723758,-0.668473,0.972652,-0.016276,0.231634,0.156562,-0.690789,-0.705923,-0.000642,0.005641,-0.012674,0.033934,-0.019919,0.014952,-1.913013,-0.133581,0.044199,0.356609,0.144841,-0.11086,0.983221,-0.454019,0.875411,0.165703,-0.879239,-0.470262,0.075212,0.0007,-0.004804,0.02703,-0.067833,-0.022279,0.004968,0.403316,0.022961,0.040106,-0.006522,0.00953,-0.017203,0.999806,0.527202,-0.849512,-0.019642,0.849686,0.527287,0.000973,0.00644,-0.001662,0.013468,-0.067406,0.003492,0.019234,0.363687,0.06152,0.025182,-0.04861,0.133738,0.52215,-0.842302,0.969294,0.108059,0.220888,0.206356,-0.84598,-0.491665,-0.006903,0.004506,-0.005349,0.029128,-0.068293,-0.032757,-0.823657
