frame,MLTx,MLTy,MLTz,MLTR1,MLTR2,MLTR3,MLTR4,MLTR5,MLTR6,MLTR7,MLTR8,MLTR9,MLTTVx,MLTTVy,MLTTVz,MLTRVx,MLTRVy,MLTRVz,MLGA,MRTx,MRTy,MRTz,MRTR1,MRTR2,MRTR3,MRTR4,MRTR5,MRTR6,MRTR7,MRTR8,MRTR9,MRTTVx,MRTTVy,MRTTVz,MRTRVx,MRTRVy,MRTRVz,MRGA,SLTx,SLTy,SLTz,SLTR1,SLTR2,SLTR3,SLTR4,SLTR5,SLTR6,SLTR7,SLTR8,SLTR9,SLTTVx,SLTTVy,SLTTVz,SLTRVx,SLTRVy,SLTRVz,SLGA,SRTx,SRTy,SRTz,SRTR1,SRTR2,SRTR3,SRTR4,SRTR5,SRTR6,SRTR7,SRTR8,SRTR9,SRTTVx,SRTTVy,SRTTVz,SRTRVx,SRTRVy,SRTRVz,SRGA
510,0.085308,0.026321,0.359692,-0.622291,-0.778459,-0.082468,0.03008,-0.129115,0.991159,-0.781453,0.615279,0.103874,-0.011896,0.005434,0.003715,-0.443278,5.490154,0.576971,0.468867,-0.167658,0.043674,0.308724,0.621418,-0.742382,0.250399,-0.035576,0.292384,0.955604,-0.783397,-0.601784,0.154942,-9e-06,0.000468,0.000397,0.0,-0.0,-0.0,-1.406503,0.035474,0.044512,-0.022822,-0.513199,0.813182,0.274519,0.049829,-0.291083,0.955398,0.856821,0.503989,0.108863,-0.006474,-5.2e-05,0.000531,-0.00206,0.015236,-0.029268,-0.76955,0.057061,0.037677,-0.061533,-0.592162,-0.793564,-0.139998,0.078444,-0.229678,0.970099,-0.801991,0.563474,0.198257,0.000213,0.000666,0.000473,0.015874,0.068921,0.006708,0.414249
511,0.085066,0.026758,0.359538,-0.634849,-0.766189,-0.099836,0.011601,-0.138713,0.990251,-0.77178,0.628456,0.097082,-0.010789,0.016055,-0.004934,-0.998258,-0.208572,2.547396,0.507101,-0.168024,0.043595,0.308716,0.621705,-0.741109,0.253438,-0.036249,0.295851,0.954511,-0.783139,-0.601659,0.156724,-0.012906,-0.002334,-0.000845,0.007105,0.007149,-0.036328,-1.406924,0.035291,0.044476,-0.022824,-0.51353,0.811888,0.277712,0.049896,-0.294845,0.954241,0.856619,0.503888,0.110902,1.8e-05,-0.001086,-0.000916,-0.014048,-0.003842,0.006428,-0.76857,0.056929,0.037898,-0.061614,-0.608935,-0.778105,-0.154108,0.060432,-0.239225,0.969081,-0.790914,0.580795,0.192695,-0.005382,0.008018,-0.002453,-0.947098,-0.122717,2.539107,0.471564
512,0.084828,0.027185,0.359499,-0.646955,-0.753192,-0.119148,-0.009515,-0.148328,0.988878,-0.761686,0.641832,0.088951,-0.01172,0.005905,0.004046,-0.151595,0.474967,0.244146,0.52001,-0.168405,0.043435,0.308716,0.621067,-0.741189,0.254764,-0.037274,0.296605,0.954238,-0.783596,-0.60119,0.15624,-0.012918,-0.002026,-0.000587,-0.002043,0.015204,-0.029247,-1.407586,0.0351,0.044393,-0.022826,-0.512794,0.811954,0.278877,0.05094,-0.295488,0.953987,0.856998,0.503405,0.110163,-0.006457,-0.001167,-0.000418,-0.002627,0.01567,-0.028808,-0.770203,0.056815,0.038109,-0.061636,-0.6218,-0.764009,-0.172201,0.039266,-0.250011,0.967445,-0.78219,0.594796,0.185457,0.001153,0.007095,-0.002942,-0.461004,1.588562,1.001711,0.508631
513,0.084794,0.027312,0.359491,-0.650491,-0.748157,-0.131022,-0.022144,-0.153814,0.987837,-0.758404,0.646414,0.083658,0.000617,0.001891,0.00136,-1.0351,-0.101855,2.391301,0.520691,-0.168607,0.043377,0.308723,0.620806,-0.741211,0.255337,-0.037709,0.296941,0.954116,-0.783782,-0.600997,0.156048,-0.011997,-0.013322,0.00681,-0.038567,0.027665,-0.046046,-1.407502,0.034999,0.044366,-0.022827,-0.512506,0.81195,0.279419,0.051295,-0.295873,0.953849,0.85715,0.503186,0.109987,6e-06,-0.000343,-0.000286,-2.7e-05,0.000285,5.6e-05,-0.770692,0.056794,0.038176,-0.061637,-0.62671,-0.757955,-0.180935,0.028979,-0.2547,0.966585,-0.778712,0.600526,0.181588,0.00036,0.00111,0.000789,-0.03104,0.5786,0.025426,0.515489
514,0.084819,0.027376,0.3595,-0.658864,-0.739206,-0.139704,-0.032967,-0.157223,0.986998,-0.750744,0.655825,0.079401,2.1e-05,6.4e-05,4.6e-05,-0.0,-0.0,0.0,0.521455,-0.169099,0.043322,0.308771,0.619982,-0.741314,0.257035,-0.038891,0.298008,0.953736,-0.784376,-0.600343,0.155581,-0.012958,0.000374,0.001444,-0.002045,0.015205,-0.029245,-1.407903,0.034758,0.044332,-0.022803,-0.511582,0.811965,0.281062,0.052335,-0.297055,0.953424,0.857638,0.502465,0.109474,-0.006485,0.00052,0.001014,-0.002023,0.015387,-0.029224,-0.771346,0.056807,0.03821,-0.061631,-0.636178,-0.747614,-0.190655,0.015976,-0.259821,0.965524,-0.771376,0.611199,0.177236,-1.8e-05,-4.4e-05,-4.8e-05,0.003469,0.067357,-0.000302,0.518755
515,0.085033,0.027332,0.359423,-0.658026,-0.739234,-0.143455,-0.036139,-0.159351,0.986546,-0.751332,0.65528,0.078328,0.012646,-0.003048,-0.001992,0.000984,-0.014715,0.029553,0.52195,-0.169598,0.043444,0.30888,0.619399,-0.741351,0.258328,-0.03967,0.298924,0.953417,-0.784796,-0.599841,0.155395,-0.012997,0.003877,0.00441,-0.000159,-0.002503,-0.00659,-1.408191,0.034499,0.044391,-0.022749,-0.510906,0.811938,0.282367,0.053003,-0.298094,0.953063,0.858,0.501892,0.109263,-0.006502,0.002056,0.002314,-0.00015,-0.002386,-0.006557,-0.770529,0.056909,0.038187,-0.061671,-0.637116,-0.745878,-0.194285,0.012509,-0.26204,0.964975,-0.770665,0.612371,0.17628,-5e-05,-0.000151,-0.000116,-0.005684,-0.058869,0.178768,0.520062
516,0.085229,0.027429,0.359215,-0.655372,-0.738969,-0.156392,-0.047414,-0.166461,0.984893,-0.753026,0.653808,0.074258,0.000752,0.009559,-0.009401,0.025966,-0.022152,0.035847,0.524226,-0.17022,0.043747,0.309051,0.618566,-0.741426,0.260104,-0.040594,0.300287,0.952949,-0.785405,-0.599068,0.155298,-0.025939,0.006468,0.007698,-0.002212,0.012695,-0.03584,-1.408299,0.034198,0.044539,-0.022668,-0.509984,0.811923,0.28407,0.053715,-0.29954,0.952569,0.858504,0.501055,0.109148,-0.00651,0.003617,0.003629,-0.000173,-0.002423,-0.006593,-0.769713,0.057011,0.038231,-0.061772,-0.636032,-0.743279,-0.207362,0.000918,-0.26945,0.963013,-0.771662,0.612317,0.172062,0.006681,0.003192,-0.005747,0.005412,-0.012746,0.109532,0.522837
517,0.08538,0.027525,0.359054,-0.656917,-0.733904,-0.172888,-0.06384,-0.174401,0.982589,-0.750464,0.657431,0.067937,0.000627,0.009178,-0.009673,-0.990699,-0.275294,2.41162,0.52404,-0.170545,0.043965,0.309199,0.618055,-0.741483,0.261156,-0.041171,0.301068,0.952679,-0.785778,-0.598607,0.155196,-0.013921,0.02173,0.002524,0.036335,-0.015134,0.01012,-1.408619,0.034026,0.044649,-0.022592,-0.509405,0.811918,0.285121,0.054193,-0.300406,0.952269,0.858818,0.500543,0.109028,-0.006968,0.011117,0.001484,0.036313,-0.015071,0.010144,-0.770693,0.057087,0.03828,-0.061852,-0.638485,-0.737297,-0.220744,-0.012939,-0.276493,0.960928,-0.769524,0.616395,0.166996,0.006635,0.003062,-0.005846,0.021251,0.010696,0.071588,0.523001
518,0.085704,0.027779,0.358497,-0.658246,-0.72834,-0.190467,-0.081119,-0.182974,0.979751,-0.747627,0.661275,0.061604,-4.9e-05,0.014343,-0.022225,0.065077,0.076876,-0.163858,0.52428,-0.171143,0.044495,0.309659,0.62007,-0.738521,0.264746,-0.040816,0.30648,0.950967,-0.784208,-0.599523,0.159538,-0.013024,0.014565,0.013335,0.234273,-0.213468,-0.191249,-1.408622,0.033732,0.044908,-0.022367,-0.510824,0.809908,0.288284,0.053442,-0.304771,0.950925,0.858022,0.501162,0.112401,-0.006527,0.008126,0.00739,0.411697,-0.308695,-0.284126,-0.770529,0.057251,0.038413,-0.06212,-0.640797,-0.729183,-0.240145,-0.032556,-0.286716,0.957462,-0.767019,0.621358,0.159987,0.005727,0.000249,-0.007873,0.032687,0.010483,0.015581,0.523001
519,0.085763,0.028001,0.357499,-0.657477,-0.728451,-0.192687,-0.081578,-0.185469,0.979244,-0.748254,0.660457,0.062764,-0.001977,0.015636,-0.0376,0.101909,-0.028595,-0.004063,0.524245,-0.171691,0.045221,0.3103,0.621729,-0.735139,0.270213,-0.042689,0.31253,0.948914,-0.782794,-0.600558,0.162562,-0.013002,0.019219,0.017118,0.059712,-0.072542,-0.02977,-1.408451,0.033458,0.045262,-0.022054,-0.513285,0.806028,0.294712,0.053982,-0.312398,0.948415,0.856517,0.502717,0.116838,-0.006516,0.010156,0.009027,0.055664,-0.105639,-0.001461,-0.773632,0.057283,0.038529,-0.062609,-0.640869,-0.728464,-0.242126,-0.033015,-0.288966,0.956769,-0.766939,0.621158,0.16114,-0.001675,0.002029,-0.014842,0.065622,-0.09269,0.154178,0.523817
520,0.085789,0.028122,0.35678,-0.656692,-0.728937,-0.193526,-0.080828,-0.187166,0.978983,-0.749025,0.659441,0.06424,-0.004567,0.000386,-0.032381,0.067451,0.005523,-0.043972,0.524545,-0.171875,0.045582,0.310667,0.624569,-0.732021,0.27212,-0.041445,0.316732,0.947575,-0.780599,-0.602164,0.167116,-0.012991,0.021273,0.018757,0.221374,-0.218032,-0.156953,-1.408135,0.033366,0.04545,-0.021864,-0.515925,0.803759,0.296296,0.0524,-0.315626,0.947435,0.855029,0.504331,0.120722,-8.8e-05,0.011479,0.009551,0.333893,-0.309472,-0.177995,-0.775102,0.057299,0.038592,-0.062955,-0.640406,-0.728603,-0.242932,-0.03229,-0.290482,0.956335,-0.767356,0.620287,0.1625,-0.001711,0.005528,-0.020475,0.098238,-0.013842,-0.0016,0.523817
521,0.085667,0.028457,0.354977,-0.652767,-0.72859,-0.2076,-0.090998,-0.196703,0.976217,-0.751288,0.657041,0.062367,-0.004813,0.014182,-0.055143,0.1333,-0.03413,-0.007501,0.524333,-0.172048,0.046424,0.311516,0.62949,-0.724966,0.279567,-0.043285,0.326372,0.944215,-0.776538,-0.605543,0.173691,-0.000164,0.025936,0.021357,0.437474,-0.439994,-0.270352,-1.408008,0.033274,0.045869,-0.021441,-0.520542,0.798102,0.303428,0.053453,-0.324213,0.944472,0.85216,0.507857,0.126106,-9.5e-05,0.01306,0.01076,0.015736,-0.094115,0.053775,-0.775428,0.057236,0.038758,-0.063863,-0.637378,-0.726328,-0.257285,-0.042574,-0.300193,0.952927,-0.769373,0.618329,0.160414,-0.002616,0.006355,-0.028104,0.130169,-0.022639,-0.004948,0.523164
522,0.085235,0.028765,0.352688,-0.647777,-0.726599,-0.229095,-0.10873,-0.209521,0.971725,-0.753252,0.655276,0.057013,-0.00799,0.004554,-0.062516,0.127032,-0.006478,-0.042386,0.524246,-0.171881,0.047304,0.312448,0.632,-0.718689,0.289918,-0.050244,0.335167,0.940783,-0.774076,-0.608218,0.175326,-0.000188,0.026043,0.021238,0.086536,-0.144728,-0.28952,-1.408131,0.033353,0.046309,-0.02098,-0.524306,0.791525,0.31399,0.057929,-0.334727,0.940532,0.849556,0.511316,0.129647,0.006274,0.013161,0.010235,-0.813208,0.497531,-2.543725,-0.787185,0.057021,0.038917,-0.065004,-0.633602,-0.721712,-0.278708,-0.060219,-0.313147,0.947792,-0.771311,0.617307,0.15495,-0.01033,0.003724,-0.030299,0.110434,-0.003594,-0.012034,0.523491
523,0.08457,0.02897,0.350158,-0.643056,-0.726317,-0.242876,-0.120977,-0.216878,0.968659,-0.755431,0.653189,0.051907,-0.02254,0.002319,-0.064889,0.118452,-0.00268,-0.100848,0.524158,-0.171488,0.048053,0.313408,0.6346,-0.71467,0.294145,-0.052908,0.339385,0.939124,-0.77177,-0.610612,0.177167,0.013376,0.015566,0.028023,-0.003723,-0.079347,0.034765,-1.40829,0.03355,0.046693,-0.020492,-0.527504,0.787178,0.319514,0.060453,-0.340362,0.938348,0.847398,0.514298,0.131955,0.006675,0.007801,0.014021,-0.055287,-0.05829,0.008721,-0.795676,0.056693,0.039017,-0.066271,-0.629618,-0.719762,-0.292442,-0.072533,-0.320316,0.944528,-0.773511,0.615904,0.14947,-0.011339,0.000815,-0.032685,0.147962,0.009827,-0.104083,0.523654
524,0.084119,0.028963,0.348888,-0.645397,-0.721374,-0.251252,-0.129214,-0.221142,0.966629,-0.752064,0.657224,0.049833,-0.023266,0.000369,-0.066635,-0.892631,-0.385399,2.443557,0.52395,-0.171297,0.048398,0.313943,0.635905,-0.712647,0.296227,-0.054348,0.341376,0.938319,-0.770595,-0.611865,0.177954,0.013336,0.016021,0.028284,-0.013438,-0.06915,0.068727,-1.408007,0.03365,0.046872,-0.020214,-0.52901,0.785321,0.321586,0.061608,-0.342413,0.937526,0.846375,0.515773,0.132757,0.006652,0.008064,0.014178,-0.046561,-0.058751,0.095462,-0.795349,0.056467,0.039011,-0.066907,-0.632802,-0.714833,-0.297614,-0.07796,-0.323588,0.94298,-0.770378,0.619922,0.149039,-0.011729,-0.000236,-0.033624,0.147581,0.04086,-0.127825,0.523654
525,0.083272,0.028697,0.346417,-0.644775,-0.717001,-0.264991,-0.14354,-0.226992,0.963246,-0.750001,0.660007,0.043778,-0.01255,-0.01569,-0.062562,0.092809,0.028759,-0.081579,0.523461,-0.170842,0.04898,0.315099,0.638821,-0.709053,0.298568,-0.055447,0.344485,0.937118,-0.768102,-0.614294,0.180348,0.000586,0.014938,0.028264,-0.010035,-0.058602,0.035458,-1.407815,0.033872,0.047154,-0.019655,-0.532114,0.782161,0.324157,0.062231,-0.345694,0.936281,0.844382,0.518381,0.135274,0.006619,0.007606,0.013709,-0.04478,0.051263,-0.078448,-0.808413,0.056039,0.038881,-0.068146,-0.632228,-0.708524,-0.313496,-0.094706,-0.330919,0.938894,-0.768972,0.623285,0.142115,-0.011961,-0.000671,-0.034255,0.11382,0.015007,-0.033316,0.523327
526,0.08257,0.027992,0.344062,-0.642825,-0.715494,-0.273659,-0.157474,-0.226245,0.961242,-0.748881,0.661897,0.033112,-0.012547,-0.015316,-0.062957,0.015953,-0.056931,-0.12169,0.522927,-0.170557,0.049633,0.316206,0.650085,-0.694052,0.309309,-0.06534,0.35434,0.932796,-0.757807,-0.625715,0.184588,0.00054,0.016365,0.029181,-0.078335,-0.063068,-0.221488,-1.407645,0.03402,0.047484,-0.019092,-0.54462,0.768647,0.335515,0.070301,-0.356802,0.93153,0.835731,0.530917,0.140284,0.000246,0.008277,0.014662,-0.419698,0.045037,-0.796633,-0.819517,0.055685,0.038522,-0.069328,-0.631018,-0.705842,-0.321871,-0.108951,-0.330161,0.937615,-0.768078,0.626721,0.131435,-0.007029,-0.013652,-0.027755,-0.008502,-0.021362,-0.166255,0.522348
527,0.082337,0.027518,0.342959,-0.641708,-0.716545,-0.27353,-0.158664,-0.224961,0.961348,-0.749589,0.661197,0.031017,-0.013765,-0.026071,-0.054912,0.05635,0.042893,-0.122585,0.523411,-0.170548,0.049916,0.316721,0.655977,-0.686594,0.313486,-0.069154,0.358761,0.930829,-0.752374,-0.631398,0.187439,0.000589,0.01223,0.025839,0.011599,-0.064419,-0.091955,-1.407979,0.034024,0.047634,-0.018828,-0.551122,0.761931,0.340182,0.073659,-0.361669,0.929391,0.831166,0.537266,0.143201,-0.006048,0.006147,0.013461,-0.099396,-0.005311,-0.247586,-0.819353,0.055569,0.038288,-0.069883,-0.629747,-0.706994,-0.321833,-0.110133,-0.328861,0.937934,-0.768953,0.626106,0.129236,-0.000224,-0.014054,-0.028035,0.099091,0.03078,-0.056985,0.522674
528,0.082003,0.026467,0.340887,-0.636423,-0.719413,-0.278311,-0.167975,-0.22295,0.960234,-0.752066,0.658761,0.021401,-0.014079,-0.034089,-0.044983,-1.245602,-0.492607,2.301725,0.523511,-0.170739,0.050501,0.317535,0.670643,-0.669034,0.320348,-0.078914,0.364907,0.927658,-0.738357,-0.646546,0.191498,-0.011972,0.00888,0.024125,0.059351,-0.089467,-0.07171,-1.407632,0.033933,0.047925,-0.018422,-0.567338,0.746414,0.34784,0.082593,-0.368693,0.925873,0.819332,0.554013,0.147525,-0.000155,0.010826,0.008417,0.103153,-0.145537,-0.000366,-0.823762,0.055401,0.037762,-0.070927,-0.625889,-0.709005,-0.324922,-0.116585,-0.326878,0.937847,-0.771149,0.624869,0.12193,-0.00636,-0.011503,-0.026535,-0.291046,-0.213557,-0.281282,0.523001
529,0.081612,0.025496,0.339005,-0.633985,-0.717516,-0.288583,-0.177438,-0.228303,0.95727,-0.751956,0.658994,0.017792,0.002092,-0.020369,-0.050987,0.068407,0.007135,-0.037586,0.523422,-0.170963,0.05129,0.318249,0.682651,-0.649461,0.334932,-0.089899,0.380062,0.920546,-0.725993,-0.657685,0.200617,-0.000277,0.023075,0.017806,-0.119309,-1.95227,-0.613981,-1.407573,0.033817,0.048309,-0.018067,-0.578565,0.730632,0.362543,0.09109,-0.383831,0.918899,0.810533,0.564668,0.155518,0.000101,0.01074,0.008506,-1.446657,-5.516176,-1.450872,-0.827028,0.055198,0.037267,-0.071869,-0.622901,-0.705827,-0.337344,-0.128862,-0.332755,0.934166,-0.771613,0.625365,0.116319,-0.006187,-0.01453,-0.020702,0.040116,0.065127,-0.116256,0.523001
530,0.081336,0.024829,0.337229,-0.630168,-0.717065,-0.297912,-0.187629,-0.231738,0.954497,-0.752694,0.658284,0.01187,0.004243,-0.014082,-0.046151,0.0659,-0.009288,-0.007785,0.522635,-0.171357,0.052054,0.318904,0.693024,-0.631158,0.348351,-0.101528,0.392783,0.913974,-0.714541,-0.66796,0.207664,-0.025261,0.016379,0.014583,0.109268,-0.083896,-0.119462,-1.407474,0.033629,0.048703,-0.017731,-0.592795,0.711396,0.377503,0.100846,-0.399483,0.911176,0.799013,0.578211,0.16507,-0.006387,0.009054,0.007443,0.080573,-0.117771,-0.042647,-0.828171,0.055058,0.036928,-0.072761,-0.619582,-0.704227,-0.346672,-0.139067,-0.336186,0.931471,-0.772514,0.625334,0.11036,-0.004548,-0.005996,-0.02247,0.068581,0.026282,-0.053715,0.522837
531,0.081276,0.024625,0.336393,-0.629621,-0.716786,-0.299735,-0.188706,-0.233214,0.953925,-0.752883,0.658066,0.011954,0.005606,-0.010124,-0.042961,0.068773,-0.008118,-0.013738,0.522681,-0.171666,0.052284,0.31919,0.696459,-0.624427,0.353592,-0.108132,0.395636,0.911983,-0.710218,-0.672589,0.207552,-0.011793,0.002098,0.018628,-0.173477,-0.587234,0.011027,-1.407006,0.03347,0.048825,-0.017589,-0.596384,0.705422,0.38302,0.106919,-0.403103,0.908886,0.795545,0.582998,0.164981,-0.012595,0.006912,0.00631,-0.606763,-1.540994,-0.353053,-0.824089,0.055027,0.036822,-0.073182,-0.619185,-0.703699,-0.348449,-0.140064,-0.337655,0.93079,-0.772652,0.625137,0.110508,-0.003741,-0.003617,-0.020543,0.07032,0.010601,-0.048657,0.522511
532,0.081624,0.024703,0.334722,-0.627722,-0.717713,-0.301494,-0.187245,-0.236779,0.953335,-0.754831,0.655777,0.014625,0.010343,0.010997,-0.042663,0.102752,-0.043769,0.02521,0.521228,-0.172422,0.052962,0.319612,0.70858,-0.605822,0.361781,-0.119201,0.402404,0.907632,-0.696318,-0.685473,0.21244,-0.025966,0.024922,0.004973,0.122138,-0.075575,-0.084914,-1.407571,0.033107,0.049145,-0.017382,-0.61047,0.68834,0.391807,0.117036,-0.410855,0.904156,0.783344,0.597816,0.170254,-0.013,0.012464,0.002494,0.136496,-0.097662,-0.092543,-0.824252,0.055198,0.03685,-0.074021,-0.617433,-0.704325,-0.350287,-0.138489,-0.34102,0.929798,-0.774336,0.622599,0.113016,0.011859,0.004278,-0.022081,0.103285,-0.05704,0.054884,0.521041
533,0.082642,0.025037,0.333133,-0.623221,-0.720414,-0.304375,-0.187787,-0.240018,0.952417,-0.75842,0.651622,0.014686,0.037914,0.008828,-0.043402,-0.008243,-0.169269,0.021395,0.521303,-0.173666,0.053977,0.319665,0.713641,-0.58841,0.380109,-0.135637,0.416115,0.899103,-0.688089,-0.692433,0.216642,-0.026651,0.033348,-0.004625,0.168904,-0.097544,-0.078505,-1.407318,0.032489,0.049648,-0.017347,-0.616616,0.671675,0.410653,0.131252,-0.426612,0.89486,0.776245,0.605685,0.174897,-0.013337,0.016739,-0.002251,0.168302,-0.113523,-0.092197,-0.824905,0.055699,0.037026,-0.074807,-0.613241,-0.706322,-0.353614,-0.138978,-0.344207,0.92855,-0.777573,0.61857,0.112919,0.011851,0.000548,-0.016541,-0.088915,-0.16199,-0.045453,0.520551
534,0.083381,0.025149,0.332365,-0.620079,-0.722503,-0.305838,-0.188923,-0.240905,0.951969,-0.760711,0.648976,0.01327,0.038596,0.010844,-0.041703,0.060769,-0.21969,0.22597,0.520568,-0.174267,0.054626,0.319617,0.71925,-0.572955,0.392929,-0.148951,0.425078,0.89278,-0.679434,-0.69992,0.219875,-0.039026,0.035489,-0.002038,0.268404,-0.185045,-0.183259,-1.407225,0.032189,0.049959,-0.017375,-0.622967,0.657511,0.423781,0.143299,-0.436658,0.888141,0.76901,0.61401,0.177803,-0.0133,0.017768,-0.00148,0.3087,-0.187148,-0.462648,-0.823272,0.05605,0.037083,-0.075178,-0.610022,-0.708402,-0.355017,-0.140206,-0.344469,0.928268,-0.77988,0.61604,0.110812,0.019316,0.005393,-0.020893,0.077453,-0.113817,0.064686,0.520061
535,0.085533,0.025056,0.331006,-0.61364,-0.727072,-0.30799,-0.190354,-0.242392,0.951306,-0.765563,0.643293,0.010731,0.077328,-0.007574,-0.038368,0.019119,-0.253756,0.293113,0.513813,-0.175448,0.056367,0.319255,0.737081,-0.523339,0.427574,-0.190753,0.445677,0.874597,-0.64918,-0.725531,0.228108,-0.027207,0.042552,-0.013549,0.260955,-0.755993,-0.42409,-1.407079,0.031599,0.050834,-0.01754,-0.643385,0.61229,0.459516,0.180781,-0.461754,0.868389,0.74389,0.641781,0.186395,-0.01348,0.021306,-0.006474,-1.941315,-5.161778,-1.774596,-0.825558,0.057132,0.037048,-0.075867,-0.603484,-0.712562,-0.357857,-0.141581,-0.345907,0.927525,-0.784704,0.610412,0.107864,0.031564,-0.007678,-0.014058,0.015211,-0.120357,0.124527,0.515653
536,0.088487,0.024465,0.329786,-0.609241,-0.733704,-0.300913,-0.185376,-0.237236,0.953586,-0.770284,0.63766,0.008904,0.076881,-0.016661,-0.02884,-0.341844,-0.445789,-0.140625,0.494154,-0.176878,0.057845,0.318588,0.749346,-0.481531,0.454534,-0.22586,0.459214,0.859095,-0.623333,-0.745794,0.234753,-0.039425,0.036237,-0.017269,0.569,-0.551911,-0.271474,-1.407452,0.030873,0.051591,-0.017878,-0.660198,0.571608,0.487239,0.214059,-0.478613,0.851532,0.719942,0.666478,0.193622,-0.019711,0.017912,-0.008788,0.060497,-0.290851,0.021041,-0.816414,0.058609,0.036755,-0.076481,-0.599675,-0.718297,-0.352756,-0.135713,-0.343141,0.929427,-0.788651,0.605228,0.108291,0.03778,-0.01418,-0.01072,0.139722,-0.011454,-0.095458,0.498344
537,0.090091,0.024076,0.329301,-0.609268,-0.734661,-0.298514,-0.181562,-0.237264,0.954313,-0.771169,0.636547,0.011549,0.076973,-0.024047,-0.017706,0.003547,-0.075931,0.144254,0.485084,-0.17766,0.058673,0.318225,0.751431,-0.464928,0.468173,-0.241025,0.46692,0.85078,-0.615078,-0.751539,0.238183,-0.039294,0.039403,-0.014873,-2.216457,-4.898376,-1.801614,-1.407326,0.030497,0.051975,-0.018059,-0.660951,0.559138,0.500507,0.224028,-0.489529,0.842716,0.716208,0.669122,0.198292,-0.013487,0.019713,-0.00788,-0.112054,0.633888,-2.786193,-0.816251,0.05941,0.036559,-0.076732,-0.598324,-0.720986,-0.34955,-0.132662,-0.341094,0.93062,-0.790194,0.603186,0.108437,0.039201,-0.006057,-0.012549,0.065731,-0.086239,0.166348,0.484954
538,0.093319,0.023344,0.328642,-0.60837,-0.736161,-0.296645,-0.177136,-0.238453,0.954848,-0.772905,0.634364,0.015043,0.078944,-0.017908,-0.012573,0.006153,-0.088202,0.176774,0.476066,-0.179017,0.060707,0.317652,0.75493,-0.423767,0.500494,-0.277041,0.485471,0.829157,-0.595276,-0.764059,0.248439,-0.038958,0.046637,-0.00943,-0.401384,0.867732,-2.853244,-1.407559,0.029804,0.053002,-0.018361,-0.672429,0.514577,0.532023,0.257223,-0.511529,0.819861,0.694027,0.688148,0.211606,-0.019846,0.029723,-0.007767,0.363432,-0.729441,-0.597518,-0.814291,0.060994,0.036195,-0.07706,-0.597462,-0.722523,-0.347847,-0.127997,-0.342293,0.930833,-0.791615,0.600661,0.112026,0.039414,-0.00918,-0.006535,0.004978,-0.072237,0.156582,0.467808
539,0.095969,0.022615,0.328434,-0.612621,-0.73574,-0.288836,-0.163807,-0.239373,0.956995,-0.772481,0.634506,0.026492,0.052589,-0.019744,0.002404,0.343429,0.284336,0.242802,0.456435,-0.180527,0.06246,0.317143,0.759668,-0.378559,0.528762,-0.321052,0.488581,0.811263,-0.566392,-0.785555,0.24893,-0.03806,0.029853,-0.006265,-1.557362,0.094557,-3.1405,-1.408116,0.029048,0.053896,-0.018609,-0.680977,0.470662,0.561022,0.2986,-0.521062,0.799582,0.668661,0.712019,0.214292,-0.019312,0.020463,-0.006618,-2.843575,-4.358075,-1.550776,-0.808576,0.062358,0.035826,-0.077174,-0.600274,-0.724228,-0.339357,-0.115305,-0.341509,0.932778,-0.791438,0.599053,0.121492,0.033644,-0.004986,-0.0032,0.493744,0.328099,0.150234,0.447724
540,0.098358,0.022019,0.328459,-0.617112,-0.73295,-0.286361,-0.154549,-0.24399,0.957369,-0.770809,0.635974,0.037656,0.066732,-0.019384,0.003065,0.210483,0.096655,0.01692,0.452789,-0.181897,0.06406,0.31677,0.761401,-0.341629,0.550952,-0.352998,0.494145,0.794447,-0.544597,-0.798929,0.254929,-0.038459,0.045189,-0.010472,0.278822,-0.126973,-0.585634,-1.408308,0.028374,0.054672,-0.018796,-0.684683,0.434461,0.585193,0.331671,-0.529226,0.780968,0.649001,0.728808,0.218254,-0.019244,0.022697,-0.00512,-0.314553,-1.517024,-1.144486,-0.810372,0.063549,0.035531,-0.077158,-0.605626,-0.720704,-0.337343,-0.105313,-0.34761,0.931705,-0.788749,0.599792,0.134622,0.027157,-0.003087,-0.00183,0.534765,0.246535,-0.602868,0.430415
541,0.099491,0.021651,0.328493,-0.618399,-0.731786,-0.286563,-0.152683,-0.245875,0.957186,-0.770148,0.636588,0.040682,0.052635,-0.019712,0.002278,0.177681,0.263269,0.064304,0.458815,-0.182478,0.064762,0.31669,0.758624,-0.326618,0.563739,-0.367884,0.499184,0.784481,-0.538572,-0.802086,0.2578,-0.037651,0.034819,-0.002603,0.394371,-0.061426,-0.62301,-1.408376,0.028059,0.055051,-0.018843,-0.683032,0.418469,0.598623,0.345729,-0.536722,0.769675,0.64338,0.732674,0.221922,-0.018823,0.017553,-0.001187,0.466447,-0.105899,-0.659019,-0.802861,0.064102,0.035357,-0.077133,-0.606507,-0.720197,-0.336844,-0.10372,-0.348373,0.931599,-0.788283,0.599959,0.136592,0.026373,-0.009667,0.001264,0.387808,0.272774,0.345652,0.430742
542,0.101158,0.020854,0.328543,-0.619568,-0.732732,-0.281577,-0.147652,-0.243583,0.958561,-0.770188,0.636381,0.043084,0.038697,-0.019678,0.00182,-0.031418,-0.025313,0.073379,0.461413,-0.183664,0.066014,0.316607,0.76266,-0.277064,0.584445,-0.408384,0.49422,0.7674,-0.502406,-0.823575,0.263012,-0.037529,0.031967,-0.004734,-0.109434,-0.142572,-0.749306,-1.407532,0.02748,0.055673,-0.018876,-0.692301,0.369428,0.619872,0.385003,-0.537438,0.750288,0.610321,0.758078,0.229838,-0.012693,0.015938,-0.002829,-0.785053,-1.178198,-0.903954,-0.80678,0.064952,0.034963,-0.077111,-0.608181,-0.720911,-0.332267,-0.098382,-0.346896,0.932728,-0.787677,0.599957,0.140051,0.019236,-0.010237,0.000529,-0.037606,-0.029418,0.078503,0.437273
543,0.102287,0.020284,0.328638,-0.617928,-0.732871,-0.284797,-0.150457,-0.245368,0.957669,-0.770964,0.635533,0.041716,0.026898,-0.004068,-0.002736,0.002917,-0.138999,0.225099,0.468167,-0.18512,0.067086,0.316434,0.76286,-0.227667,0.605147,-0.445754,0.492544,0.74742,-0.469167,-0.839619,0.27347,-0.037388,0.030591,-0.005764,0.45651,-0.204082,-0.734318,-1.408007,0.026752,0.056207,-0.018964,-0.697182,0.321801,0.640608,0.421541,-0.538762,0.729408,0.57986,0.778574,0.239964,-0.018708,0.015039,-0.003064,0.416875,-0.301015,-0.814761,-0.804331,0.065529,0.034661,-0.077064,-0.606696,-0.720661,-0.33551,-0.10122,-0.348591,0.931792,-0.788463,0.599275,0.138544,0.012976,-0.007605,0.002615,-0.032308,-0.01146,0.043735,0.441845
544,0.102743,0.020106,0.328683,-0.616864,-0.733039,-0.286665,-0.151883,-0.246562,0.957137,-0.771536,0.634876,0.041123,0.01251,-0.013206,0.006616,-0.032489,-0.105591,0.180201,0.47123,-0.185888,0.067661,0.316404,0.759565,-0.208382,0.616141,-0.46289,0.49207,0.737247,-0.457753,-0.84491,0.276499,-0.037179,0.033996,-0.003282,0.231595,0.063746,-0.508552,-1.408471,0.026386,0.056479,-0.018987,-0.696113,0.300747,0.651902,0.437927,-0.541658,0.717513,0.568899,0.784956,0.24535,-0.018588,0.017179,-0.001503,0.273108,-0.049394,-0.549403,-0.808249,0.065753,0.034579,-0.077043,-0.605698,-0.720609,-0.337418,-0.1026,-0.349783,0.931195,-0.789051,0.598643,0.137929,0.006777,-0.000817,-0.000531,0.001243,-0.015265,0.029494,0.447234
545,0.103305,0.019984,0.328739,-0.614916,-0.731129,-0.295591,-0.158132,-0.252955,0.954453,-0.771839,0.634561,0.040306,0.000801,0.00296,0.002579,-1.009174,-0.348292,2.555106,0.460051,-0.18756,0.068607,0.316385,0.750798,-0.178451,0.635964,-0.49015,0.494657,0.717636,-0.443574,-0.850272,0.283092,-0.048692,0.017095,0.000585,0.190764,0.112792,-0.576138,-1.408,0.025518,0.056983,-0.018988,-0.689523,0.270055,0.672032,0.464017,-0.547723,0.696195,0.556098,0.791877,0.252358,-0.024351,0.008427,0.000221,0.179243,0.12269,-0.559282,-0.812332,0.066048,0.034508,-0.077017,-0.604098,-0.718072,-0.345595,-0.108049,-0.355861,0.928271,-0.78955,0.598109,0.137388,0.000447,0.001614,0.001416,-0.995709,-0.34171,2.558862,0.444295
546,0.103569,0.020284,0.328779,-0.613661,-0.729123,-0.303059,-0.162923,-0.258692,0.952106,-0.771842,0.634554,0.040342,0.014562,0.002141,0.002249,0.016153,-0.000257,0.038982,0.452032,-0.189632,0.06911,0.316349,0.746245,-0.151042,0.648302,-0.517393,0.480921,0.707781,-0.419609,-0.863395,0.279894,-0.060838,0.01264,-0.00186,-0.304431,-0.167192,-0.42561,-1.4079,0.024505,0.057231,-0.019005,-0.687783,0.242739,0.684127,0.491774,-0.537416,0.685085,0.533958,0.807626,0.250253,-0.024135,9e-05,0.001812,-1.125722,-0.860543,-0.883721,-0.804657,0.066175,0.034659,-0.076996,-0.603284,-0.714785,-0.353736,-0.113464,-0.362106,0.925204,-0.789413,0.598298,0.137351,0.001197,0.008314,-0.001628,0.024767,-0.025877,0.031878,0.429762
547,0.10351,0.020408,0.328897,-0.614972,-0.727622,-0.30401,-0.162103,-0.260698,0.951699,-0.77097,0.635455,0.042757,-0.013601,-0.006329,0.01181,0.204712,0.246134,0.128226,0.444545,-0.191654,0.069458,0.316321,0.74128,-0.122977,0.659828,-0.537924,0.478841,0.693746,-0.402183,-0.869022,0.287946,-0.06075,0.012753,-0.001838,0.289722,-0.10813,-0.550122,-1.408348,0.023494,0.057401,-0.019022,-0.685706,0.214759,0.695474,0.511691,-0.53731,0.670423,0.517665,0.815582,0.258546,-0.024118,0.000248,0.001893,0.370569,-0.207946,-0.638384,-0.808086,0.066157,0.034727,-0.076938,-0.603873,-0.714195,-0.353922,-0.113071,-0.362778,0.924989,-0.789019,0.598595,0.138318,0.000214,0.000797,0.000695,0.435382,0.326052,0.245263,0.422414
548,0.103242,0.020426,0.328999,-0.614909,-0.72766,-0.304044,-0.162276,-0.260598,0.951697,-0.770985,0.635453,0.042548,-0.013006,0.003606,0.002744,0.002524,0.018058,-0.027374,0.437564,-0.19267,0.06954,0.316361,0.736061,-0.111768,0.667618,-0.544685,0.48754,0.682317,-0.402661,-0.865708,0.297113,-0.048241,0.000157,0.003461,0.445476,-0.32093,-0.726842,-1.408504,0.022999,0.057446,-0.019006,-0.681533,0.204567,0.702612,0.516419,-0.545819,0.659841,0.518481,0.812547,0.266351,-0.030155,2.9e-05,0.002142,0.209343,-0.054338,-0.529808,-0.810536,0.066023,0.034734,-0.076883,-0.604614,-0.713297,-0.354467,-0.112823,-0.363841,0.924602,-0.788486,0.59902,0.139508,-0.013177,0.002992,0.002214,-0.017225,0.026236,-0.06537,0.414412
549,0.102773,0.020574,0.329061,-0.619908,-0.720475,-0.310926,-0.159421,-0.272398,0.948871,-0.767566,0.638678,0.054398,-0.000207,-0.000759,-0.000659,0.212867,0.203652,0.132818,0.442937,-0.194677,0.069279,0.316554,0.730811,-0.081387,0.677704,-0.568237,0.477285,0.670253,-0.378911,-0.874803,0.301678,-0.060105,-0.014539,0.008884,-0.08243,-0.082025,-0.27198,-1.408407,0.021982,0.057323,-0.018909,-0.679302,0.171277,0.713591,0.54087,-0.540352,0.644576,0.495991,0.823822,0.274424,-0.024049,-0.007739,0.003711,-0.367288,-0.177787,-0.473491,-0.814291,0.065784,0.034811,-0.076849,-0.609758,-0.705984,-0.360251,-0.109626,-0.375033,0.920505,-0.784969,0.600779,0.151285,-0.006851,0.000521,0.000262,0.274207,0.157847,0.304809,0.410657
550,0.102398,0.020374,0.329011,-0.624541,-0.712012,-0.320986,-0.160853,-0.284971,0.944929,-0.763499,0.642666,0.063853,-0.001568,-0.005732,-0.004985,0.251612,0.257773,0.140532,0.400325,-0.196609,0.068913,0.316708,0.724214,-0.039602,0.688431,-0.595679,0.466728,0.653656,-0.348092,-0.8834,0.313528,-0.048494,-0.002301,0.001577,0.366977,-0.370854,-0.501476,-1.408377,0.02103,0.057132,-0.018833,-0.677442,0.131121,0.723794,0.568101,-0.531793,0.628058,0.467261,0.836662,0.285769,-0.018257,-0.001781,-5.3e-05,0.478682,-0.504742,-0.614349,-0.81919,0.065597,0.034714,-0.076872,-0.615161,-0.696576,-0.369266,-0.110899,-0.387264,0.915274,-0.780562,0.603992,0.16098,-0.000834,-0.003048,-0.002644,0.270718,0.269758,0.141376,0.389756
551,0.102277,0.020241,0.328972,-0.627418,-0.704451,-0.331874,-0.165097,-0.296218,0.940728,-0.760228,0.645899,0.06997,-0.001446,-0.005278,-0.004595,0.368924,0.371574,0.230916,0.355867,-0.197554,0.068866,0.31675,0.717817,-0.02225,0.69587,-0.608642,0.464982,0.64287,-0.338758,-0.88495,0.319327,-0.060511,-0.001049,0.003273,0.29429,-0.278233,-0.461293,-1.408599,0.020521,0.057105,-0.018812,-0.672458,0.111418,0.7317,0.58107,-0.532853,0.615162,0.458429,0.83884,0.29358,-0.030255,-0.000477,0.001695,0.296798,-0.281381,-0.458155,-0.815434,0.065536,0.034645,-0.076893,-0.618353,-0.688418,-0.379103,-0.115091,-0.397857,0.910199,-0.777427,0.606456,0.166785,-0.000674,-0.002467,-0.00214,0.498984,0.448408,0.371788,0.351056
552,0.102209,0.02015,0.328798,-0.629382,-0.685432,-0.366204,-0.179713,-0.33014,0.926651,-0.755277,0.649883,0.085066,-0.000885,-0.003226,-0.002813,0.469202,0.660693,-0.018288,0.265427,-0.199623,0.06874,0.316785,0.710588,0.003764,0.703593,-0.627405,0.455711,0.631367,-0.319137,-0.890063,0.325272,-0.048732,-0.004406,-3.5e-05,-0.304064,-0.300608,-0.359253,-1.408646,0.019523,0.057051,-0.01879,-0.668078,0.08575,0.739133,0.599221,-0.526908,0.602744,0.441141,0.845584,0.300633,-0.030394,-0.002363,0.000456,-3.858159,-3.447742,-2.019031,-0.814455,0.065506,0.034594,-0.076984,-0.621932,-0.666198,-0.411557,-0.129472,-0.430853,0.893085,-0.772293,0.608724,0.181707,-0.000389,-0.001437,-0.00125,0.703512,0.693507,0.514063,0.237242
553,0.10195,0.020085,0.328735,-0.62983,-0.672623,-0.388508,-0.186196,-0.354904,0.916159,-0.753333,0.650199,0.09878,-0.01397,0.000169,-0.000264,-0.006121,0.284032,0.559615,0.199294,-0.201386,0.068843,0.316735,0.70588,0.022756,0.707961,-0.642113,0.442189,0.626174,-0.299676,-0.896602,0.325826,-0.048664,0.01204,-0.003455,0.053384,0.124193,-0.29628,-1.408292,0.018623,0.057086,-0.01882,-0.665636,0.065271,0.743415,0.616087,-0.514105,0.596767,0.421145,0.855239,0.301994,-0.018296,0.005874,-0.002202,0.050258,-0.015949,-0.109486,-0.815271,0.065376,0.03456,-0.077017,-0.625004,-0.650332,-0.431783,-0.134533,-0.455115,0.88021,-0.76894,0.608225,0.196958,-0.000301,-0.001141,-0.000984,-0.637059,-0.142333,2.328107,0.127674
554,0.101767,0.020039,0.328757,-0.637267,-0.653651,-0.408261,-0.196251,-0.3747,0.906122,-0.744474,0.658377,0.11102,-8e-05,-0.000291,-0.000254,-0.530782,-0.296424,2.564661,0.158553,-0.202981,0.069233,0.31664,0.6941,0.056689,0.717638,-0.66536,0.430733,0.609672,-0.275407,-0.900711,0.33576,-0.036449,0.012808,-0.003703,0.385999,-0.405584,-0.458349,-1.408649,0.017835,0.057283,-0.018867,-0.657829,0.03244,0.752467,0.639141,-0.504491,0.580505,0.398445,0.862806,0.311136,-0.018227,0.006396,-0.001839,0.121029,-0.098331,-0.181386,-0.814781,0.065279,0.034536,-0.077008,-0.634453,-0.630562,-0.447055,-0.142889,-0.472721,0.869549,-0.759638,0.615568,0.20982,-2.5e-05,-8.7e-05,-7.8e-05,0.401201,0.572594,-0.10075,0.054193
555,0.1017,0.020094,0.328736,-0.641087,-0.64472,-0.416399,-0.199185,-0.384245,0.901473,-0.740404,0.661665,0.118441,-0.013388,0.00229,0.001584,0.49615,0.671238,-0.052293,0.139645,-0.203625,0.069414,0.316618,0.687583,0.068653,0.722847,-0.675602,0.424917,0.602446,-0.266641,-0.902654,0.337611,-0.03614,0.001505,0.003406,0.058745,0.014962,-0.371374,-1.408357,0.017499,0.057378,-0.018879,-0.652149,0.017271,0.757893,0.650132,-0.501455,0.570849,0.389909,0.86501,0.315796,-0.018158,0.007013,-0.001395,0.00551,-0.178902,-0.221293,-0.812822,0.065251,0.034563,-0.077018,-0.63728,-0.620979,-0.456353,-0.14869,-0.481971,0.863478,-0.756151,0.618133,0.214817,1.7e-05,5.9e-05,5.4e-05,0.497527,0.582021,0.195513,0.026761
556,0.101646,0.020264,0.328656,-0.651668,-0.626925,-0.427011,-0.209599,-0.392253,0.895643,-0.728192,0.673944,0.124754,0.000243,0.000879,0.000768,0.080855,0.069506,0.045319,0.112525,-0.205009,0.069625,0.316677,0.676245,0.090299,0.731116,-0.693771,0.41144,0.591043,-0.248276,-0.90701,0.339934,-0.036292,-0.000177,0.002152,-0.062887,0.007913,-0.358931,-1.408438,0.016808,0.05749,-0.018845,-0.643165,-0.005181,0.765709,0.669075,-0.490117,0.558679,0.372393,0.87164,0.318693,-0.018247,0.005891,-0.002227,-0.28157,-0.323151,-0.330801,-0.812659,0.065219,0.034649,-0.077058,-0.650105,-0.601194,-0.46468,-0.158322,-0.49095,0.85668,-0.743167,0.630502,0.223987,0.000669,0.006293,-0.003388,0.068752,0.143493,-0.130237,-0.02288
557,0.101612,0.020505,0.328638,-0.688601,-0.580563,-0.434535,-0.235871,-0.38738,0.89122,-0.684888,0.716912,0.13036,0.000865,0.003132,0.002732,0.053624,0.126597,0.332878,0.090626,-0.206061,0.069839,0.316658,0.663628,0.127583,0.737097,-0.716019,0.393212,0.576746,-0.217073,-0.91066,0.351343,-0.024096,0.000842,0.002121,0.428969,-0.403285,-0.706959,-1.408505,0.016276,0.057593,-0.018857,-0.635271,-0.041508,0.771172,0.692121,-0.473618,0.544658,0.342633,0.879751,0.329605,-0.012119,0.006561,-0.002131,0.168148,-0.167355,-0.20319,-0.810862,0.065201,0.034766,-0.077068,-0.688557,-0.556085,-0.465464,-0.184953,-0.485969,0.854181,-0.701199,0.674242,0.231768,0.001036,0.00765,-0.002237,-0.085809,0.494978,0.447374,-0.057334
558,0.101539,0.020762,0.328619,-0.700946,-0.557627,-0.444716,-0.250487,-0.391396,0.885459,-0.666948,0.732749,0.13523,0.002225,0.015742,-0.003999,-2.303492,4.94343,1.720808,0.084226,-0.206487,0.070054,0.3166,0.658573,0.138267,0.739699,-0.722066,0.392472,0.569667,-0.212359,-0.909432,0.357351,-0.024192,0.013396,-0.004085,0.157178,-0.097368,-0.401023,-1.408467,0.016054,0.0577,-0.018885,-0.6307,-0.055358,0.774049,0.698523,-0.475011,0.535189,0.338056,0.878236,0.338258,-0.012092,0.006723,-0.002013,0.109919,-0.05256,-0.359991,-0.808903,0.065164,0.03489,-0.077075,-0.698535,-0.537393,-0.472501,-0.196923,-0.490447,0.848929,-0.687946,0.686053,0.23677,-0.005421,0.009551,-0.00077,-0.202787,-0.382396,2.822012,-0.073173
559,0.10112,0.021495,0.328605,-0.704795,-0.533988,-0.467083,-0.267144,-0.41022,0.871966,-0.656354,0.740001,0.147057,-0.010857,0.018952,-0.001625,0.5302,0.419261,0.265646,0.078453,-0.207493,0.070325,0.316551,0.647298,0.163697,0.744446,-0.738966,0.373772,0.560498,-0.187302,-0.913115,0.361944,-0.024248,-0.000765,0.000931,-1.232053,-0.890328,-0.689426,-1.408427,0.015561,0.05784,-0.018907,-0.622598,-0.080573,0.778382,0.716229,-0.459394,0.52533,0.315257,0.88457,0.343727,-0.012117,0.00627,-0.002183,-4.111901,-3.049225,-2.022387,-0.805964,0.06496,0.035258,-0.077081,-0.706902,-0.507893,-0.492273,-0.216784,-0.506909,0.834294,-0.673271,0.696481,0.248232,-0.005287,0.010012,-0.000363,0.541267,0.442097,0.294786,-0.087216
560,0.100278,0.021938,0.32879,-0.718968,-0.490797,-0.492188,-0.296586,-0.423846,0.855783,-0.627737,0.761867,0.159788,-0.025233,0.009766,0.007637,0.247065,0.217029,0.372606,0.056705,-0.208337,0.070537,0.3164,0.63822,0.182895,0.747808,-0.751532,0.358136,0.553961,-0.16729,-0.915759,0.365053,-0.012635,0.008018,-0.008761,0.050124,0.110927,-0.219069,-1.408638,0.015135,0.057945,-0.018977,-0.615682,-0.101806,0.781389,0.730966,-0.444159,0.518083,0.294318,0.890144,0.347878,-0.012258,-0.001629,-0.000444,0.001942,0.017264,-0.069875,-0.805474,0.064545,0.035483,-0.076992,-0.724169,-0.461687,-0.512272,-0.245821,-0.521219,0.817252,-0.644321,0.717757,0.263959,-0.012703,0.004628,0.003576,0.108447,0.084108,0.976769,-0.11024
561,0.099015,0.022337,0.329254,-0.723273,-0.447315,-0.526147,-0.32664,-0.449738,0.831272,-0.607574,0.773654,0.179834,-0.037595,0.015348,0.012,-0.072866,-0.550173,2.941694,0.088478,-0.209062,0.070416,0.316206,0.626514,0.204939,0.751979,-0.766407,0.336862,0.546881,-0.142011,-0.919186,0.367142,-0.012856,-0.006902,-0.004313,0.065965,0.035451,-0.276003,-1.407892,0.014772,0.057889,-0.019077,-0.606642,-0.124629,0.785145,0.747775,-0.424701,0.510353,0.269847,0.896714,0.350836,-0.00652,-0.004316,-0.002782,0.095667,-0.109981,-0.17701,-0.802534,0.063917,0.035677,-0.076765,-0.732358,-0.416247,-0.538878,-0.273883,-0.544483,0.792796,-0.623409,0.7282,0.284754,-0.018785,0.007776,0.006085,0.70169,0.61619,0.324761,-0.107464
562,0.098243,0.022531,0.329583,-0.718045,-0.433944,-0.544197,-0.337698,-0.466524,0.817489,-0.607737,0.771307,0.189128,-0.038491,0.004497,0.020215,-0.122225,-0.604123,2.895914,0.121861,-0.209364,0.070193,0.316107,0.621157,0.21538,0.753503,-0.773461,0.322589,0.545554,-0.126339,-0.921929,0.365991,-0.013244,-0.010227,-0.006759,-0.002147,0.032168,-0.052662,-1.407924,0.014617,0.057778,-0.019126,-0.602314,-0.135838,0.786616,0.756579,-0.411396,0.508272,0.254568,0.901277,0.350562,-0.006645,-0.005353,-0.003551,-0.010955,0.044821,-0.042051,-0.801228,0.063532,0.03578,-0.076603,-0.728453,-0.400719,-0.555678,-0.284976,-0.560361,0.777678,-0.623011,0.724857,0.294002,-0.025345,0.009227,0.007113,0.617713,0.351078,0.585743,-0.077582
563,0.096546,0.022754,0.330498,-0.706931,-0.418598,-0.57015,-0.354677,-0.487672,0.797716,-0.611094,0.76667,0.197,-0.05084,0.010019,0.024444,0.068302,-0.190074,0.473211,0.22188,-0.209693,0.069652,0.315773,0.609325,0.2398,0.755784,-0.786639,0.301667,0.538638,-0.099584,-0.923014,0.371471,-0.001619,-0.014352,-0.010563,-0.340721,-0.281334,-0.273402,-1.407863,0.014452,0.057507,-0.019293,-0.593331,-0.161669,0.788555,0.771786,-0.392575,0.500229,0.228696,0.905399,0.357701,-0.000821,-0.007325,-0.005391,-0.37562,-0.251298,-0.245811,-0.800412,0.062702,0.035885,-0.076157,-0.718242,-0.380899,-0.582274,-0.304084,-0.580866,0.755067,-0.625828,0.719381,0.301377,-0.018858,0.003582,0.011239,0.026798,-0.203972,0.453443,0.020066
564,0.095219,0.023045,0.331492,-0.692139,-0.418397,-0.58816,-0.369818,-0.494263,0.786709,-0.619006,0.762545,0.188106,-0.036393,0.011293,0.025882,-0.127511,-0.380818,0.387717,0.370663,-0.209645,0.069038,0.315289,0.596546,0.272339,0.754954,-0.800243,0.272095,0.53433,-0.06064,-0.92322,0.379277,0.010093,-0.018247,-0.014238,0.053066,-0.119268,-0.135282,-1.407804,0.014472,0.057207,-0.019529,-0.584728,-0.195383,0.787348,0.788566,-0.364702,0.495131,0.190407,0.910394,0.367324,0.005045,-0.009207,-0.007189,-0.020362,-0.183014,-0.187609,-0.801718,0.062018,0.036031,-0.075653,-0.704023,-0.378815,-0.600708,-0.319852,-0.586076,0.744451,-0.63407,0.716249,0.291446,-0.011576,0.004439,0.012156,-0.16054,-0.411972,0.371701,0.199359
