frame,MLTx,MLTy,MLTz,MLTR1,MLTR2,MLTR3,MLTR4,MLTR5,MLTR6,MLTR7,MLTR8,MLTR9,MLTTVx,MLTTVy,MLTTVz,MLTRVx,MLTRVy,MLTRVz,MLGA,MRTx,MRTy,MRTz,MRTR1,MRTR2,MRTR3,MRTR4,MRTR5,MRTR6,MRTR7,MRTR8,MRTR9,MRTTVx,MRTTVy,MRTTVz,MRTRVx,MRTRVy,MRTRVz,MRGA,SLTx,SLTy,SLTz,SLTR1,SLTR2,SLTR3,SLTR4,SLTR5,SLTR6,SLTR7,SLTR8,SLTR9,SLTTVx,SLTTVy,SLTTVz,SLTRVx,SLTRVy,SLTRVz,SLGA,SRTx,SRTy,SRTz,SRTR1,SRTR2,SRTR3,SRTR4,SRTR5,SRTR6,SRTR7,SRTR8,SRTR9,SRTTVx,SRTTVy,SRTTVz,SRTRVx,SRTRVy,SRTRVz,SRGA
983,0.245991,0.019751,0.351696,-0.71088,-0.346529,-0.612056,-0.025702,-0.856854,0.514891,-0.701986,0.382183,0.600981,-0.102117,-0.010513,-0.082683,-0.450008,-3.790795,-0.904075,0.124857,-0.184686,0.008993,0.35498,-0.796559,0.325933,0.50917,-0.092065,-0.897687,0.430831,0.598488,0.295899,0.744391,-0.030043,0.020636,-0.0489,-0.256368,3.200871,-0.36986,0.446151,0.03647,0.048505,0.002528,0.805506,-0.301087,0.510397,0.11563,0.924607,0.362945,-0.581195,-0.233337,0.779592,-0.015003,0.01018,-0.024538,-0.29829,3.03027,-0.208308,0.014245,0.121084,0.049768,-0.043939,0.737594,0.367771,-0.566302,-0.083764,0.88202,0.463705,0.670027,-0.294591,0.681379,-0.056841,-0.011819,-0.037443,-0.300909,-3.746646,-0.722119,-0.559126
984,0.241451,0.019316,0.348741,-0.622544,-0.406427,-0.668806,-0.027832,-0.842566,0.537848,-0.781338,0.353949,0.514061,-0.130252,-0.00636,-0.078471,-0.496738,-2.786719,0.16252,0.304262,-0.186039,0.009704,0.353004,-0.753419,0.354368,0.553872,-0.072024,-0.881646,0.466313,0.6545,0.310994,0.68904,-0.044247,0.025363,-0.061051,-1.364863,1.425242,0.957816,0.49825,0.035788,0.048863,0.00153,0.761293,-0.325532,0.560768,0.096133,0.911947,0.398885,-0.641241,-0.24976,0.725553,-0.021793,0.006716,-0.026641,-1.351148,1.628458,0.203586,0.331682,0.118791,0.049525,-0.045464,0.647279,0.421414,-0.635167,-0.08486,0.867936,0.489372,0.757514,-0.26286,0.597558,-0.064497,-0.008349,-0.034773,-0.7105,-3.236113,0.175037,-0.284471
985,0.236389,0.018606,0.345787,-0.562992,-0.423622,-0.709668,-0.047122,-0.840827,0.539223,-0.824438,0.337542,0.454306,-0.128576,-0.025632,-0.077259,-0.613049,-0.864626,-0.733538,0.466147,-0.188219,0.010324,0.350668,-0.724957,0.377102,0.576388,-0.05176,-0.864163,0.500476,0.687721,0.332517,0.645241,-0.071202,0.019073,-0.064025,-0.690568,0.978931,0.190263,0.500192,0.034734,0.049167,0.000385,0.731982,-0.348346,0.585539,0.076984,0.896198,0.436923,-0.67696,-0.274743,0.682818,-0.028619,0.004034,-0.028248,-1.024297,1.224663,0.125948,0.469989,0.116208,0.049184,-0.046959,0.588246,0.431674,-0.683829,-0.066195,0.868475,0.491291,0.805967,-0.243734,0.539452,-0.064157,-0.013234,-0.038877,-0.46971,-0.698743,-0.702261,0.025944
986,0.231079,0.017286,0.342872,-0.528725,-0.425348,-0.734557,-0.05752,-0.845464,0.530899,-0.846204,0.323476,0.423471,-0.142042,-0.037286,-0.06975,-0.145122,-0.771076,0.392532,0.52157,-0.190974,0.011248,0.348342,-0.720291,0.383052,0.578311,-0.022728,-0.846172,0.532364,0.694164,0.369831,0.617434,-0.071382,0.039641,-0.065389,-0.489822,0.126423,0.671282,0.496108,0.033329,0.049606,-0.000818,0.726245,-0.354495,0.588982,0.048166,0.880917,0.470813,-0.685746,-0.313557,0.656836,-0.035379,0.014624,-0.028239,-0.951246,-1.061558,2.143563,0.483052,0.113608,0.048529,-0.048397,0.556186,0.430238,-0.711021,-0.056126,0.873054,0.484381,0.82916,-0.229499,0.509728,-0.070946,-0.018652,-0.034799,-0.192204,-0.936148,0.516022,0.33391
987,0.228282,0.016559,0.341586,-0.508494,-0.418516,-0.752544,-0.068636,-0.851482,0.519845,-0.857713,0.316506,0.40519,-0.142098,-0.044947,-0.059477,-0.137095,-0.877918,0.589103,0.522027,-0.19251,0.012191,0.347108,-0.727654,0.390031,0.564259,-0.021191,-0.834878,0.549967,0.686491,0.387737,0.615023,-0.08469,0.058158,-0.067144,-0.612991,-1.448419,2.239018,0.502074,0.032566,0.050064,-0.00144,0.732334,-0.361689,0.576946,0.046102,0.871664,0.487929,-0.679383,-0.330728,0.655024,-0.042287,0.029442,-0.033239,-0.24345,0.306966,0.35836,0.486482,0.112269,0.048175,-0.049023,0.539229,0.421526,-0.729073,-0.045298,0.878983,0.474696,0.840939,-0.222944,0.493067,-0.071442,-0.017011,-0.03378,-0.039655,-2.520035,2.77814,0.446254
988,0.222585,0.015187,0.339431,-0.468522,-0.401945,-0.786748,-0.107392,-0.858016,0.502242,-0.876338,0.320297,0.359818,-0.144774,-0.03223,-0.050491,-0.536577,-1.12018,0.235581,0.521931,-0.196148,0.015329,0.344167,-0.760622,0.367646,0.535053,0.004606,-0.820983,0.570877,0.650092,0.436221,0.622057,-0.098344,0.10001,-0.084252,-2.711653,-3.218185,-3.279738,0.5223,0.030789,0.051587,-0.002873,0.763649,-0.347934,0.543857,0.026607,0.858609,0.511938,-0.645082,-0.37647,0.664935,-0.055792,0.049746,-0.041822,-0.021922,-0.446564,-0.012415,0.505913,0.109364,0.047457,-0.050141,0.504223,0.398099,-0.766338,-0.005482,0.888862,0.458141,0.863555,-0.226804,0.450367,-0.079033,-0.016663,-0.025184,-0.50003,-0.451333,0.557705,0.507978
989,0.216335,0.01422,0.337896,-0.475853,-0.349971,-0.806926,-0.235247,-0.833381,0.500107,-0.846913,0.428235,0.315246,-0.173495,-0.025151,-0.027108,-1.00386,-0.828095,0.141267,0.523467,-0.20036,0.019351,0.340863,-0.80246,0.308279,0.510895,0.05797,-0.811735,0.581085,0.594844,0.495522,0.632836,-0.110983,0.111751,-0.090669,-0.577267,-1.110863,-1.04735,0.533487,0.028652,0.053638,-0.004543,0.80781,-0.288012,0.514287,-0.029971,0.851299,0.523823,-0.58868,-0.438564,0.679056,-0.05543,0.05616,-0.044982,-2.689883,-3.706396,-3.549118,0.520936,0.10625,0.046957,-0.05093,0.517107,0.3459,-0.782912,0.123601,0.874938,0.468195,0.846948,-0.338876,0.409683,-0.080464,-0.006041,-0.017133,-2.263731,-0.289226,0.76992,0.519572
990,0.212898,0.014009,0.337363,-0.48223,-0.323646,-0.814096,-0.300314,-0.811901,0.500599,-0.822388,0.486287,0.295346,-0.188676,-0.005973,-0.028468,-1.918433,-0.289013,0.46448,0.523303,-0.202538,0.021593,0.33905,-0.821329,0.266312,0.504468,0.096563,-0.80652,0.58321,0.5632,0.527381,0.636033,-0.110429,0.11168,-0.090473,-0.211342,-0.206632,0.116996,0.530106,0.027562,0.054762,-0.005447,0.828499,-0.243988,0.50404,-0.069858,0.848028,0.525326,-0.555614,-0.470444,0.685547,-0.055343,0.06172,-0.048966,-0.844053,-0.936986,-0.659386,0.520283,0.104537,0.046845,-0.051196,0.525919,0.319956,-0.788058,0.188876,0.859476,0.475,0.829297,-0.398658,0.391583,-0.087799,-0.002261,-0.014028,-5.089779,2.218396,1.975752,0.520715
991,0.205656,0.013985,0.336316,-0.468996,-0.296816,-0.831859,-0.360038,-0.795801,0.486873,-0.805928,0.528208,0.267402,-0.189825,0.010785,-0.032994,-0.132161,-1.171928,0.929426,0.523311,-0.206329,0.025925,0.3354,-0.85225,0.170119,0.494693,0.180782,-0.791439,0.583846,0.491903,0.586794,0.643092,-0.0837,0.107136,-0.095027,-0.085097,-0.325324,-0.03966,0.496223,0.025657,0.056937,-0.007264,0.860332,-0.150177,0.487108,-0.154621,0.833702,0.530125,-0.485716,-0.531401,0.69404,-0.041716,0.047313,-0.043982,-0.872596,-1.012717,-0.89304,0.510975,0.100916,0.046845,-0.051703,0.517063,0.291477,-0.804789,0.251824,0.846817,0.468492,0.818064,-0.444905,0.364457,-0.094522,-0.000273,-0.012395,-0.324642,-2.423389,2.641382,0.520061
992,0.198571,0.014167,0.335172,-0.443673,-0.303074,-0.843413,-0.367407,-0.796873,0.479559,-0.816889,0.523017,0.243254,-0.189808,0.010299,-0.034292,-0.280789,-0.943588,-0.169746,0.52252,-0.208609,0.029068,0.332066,-0.86394,0.09402,0.494732,0.258509,-0.760104,0.596112,0.43317,0.642771,0.631721,-0.030851,0.067011,-0.079062,-0.554891,0.190989,0.07457,0.359655,0.024486,0.058546,-0.008968,0.87341,-0.07368,0.481379,-0.233188,0.80452,0.546233,-0.427526,-0.589337,0.685494,-0.015396,0.033324,-0.039635,-0.613933,0.234841,0.093339,0.400427,0.097302,0.046952,-0.052277,0.492164,0.29357,-0.819506,0.260026,0.848857,0.460247,0.830758,-0.43961,0.341441,-0.094885,0.005124,-0.01707,-0.265821,-0.927486,-0.160692,0.520715
993,0.191171,0.014338,0.334102,-0.406622,-0.30218,-0.862201,-0.391628,-0.794981,0.463255,-0.82492,0.526404,0.205992,-0.189494,0.001846,-0.024988,-0.16905,-1.119581,0.897042,0.522814,-0.209111,0.030936,0.329824,-0.854684,0.064537,0.515113,0.31989,-0.715801,0.620671,0.409838,0.695167,0.590456,0.010583,0.032426,-0.041808,-1.058733,2.402091,-1.388124,0.199456,0.024233,0.059459,-0.010105,0.865516,-0.041761,0.499135,-0.294708,0.763309,0.574896,-0.405003,-0.644682,0.64835,0.005386,0.016742,-0.020485,-0.997406,2.362797,-1.389814,0.188639,0.093673,0.047037,-0.052803,0.456617,0.290947,-0.840743,0.285606,0.847055,0.448247,0.842572,-0.444799,0.303684,-0.094714,0.001082,-0.012245,-0.322912,-2.147001,2.517136,0.522021
994,0.187332,0.014394,0.333598,-0.389441,-0.299814,-0.870915,-0.408159,-0.791472,0.454918,-0.825217,0.533005,0.186948,-0.176156,0.003672,-0.024545,-0.15066,-0.822654,0.203811,0.522102,-0.20878,0.031608,0.329158,-0.846828,0.057945,0.528693,0.347957,-0.691214,0.633311,0.40319,0.720184,0.564479,0.02477,0.029202,-0.028466,-1.813458,-0.141523,-0.149006,0.140823,0.024388,0.059776,-0.010433,0.857424,-0.035459,0.513386,-0.322353,0.740638,0.589527,-0.401138,-0.670967,0.623611,0.012519,0.014813,-0.014024,-3.949833,-2.135152,-2.599525,0.098666,0.091748,0.047064,-0.053056,0.440467,0.285542,-0.851148,0.303199,0.845053,0.440402,0.845019,-0.45205,0.285642,-0.094807,0.000986,-0.012591,-0.253931,-1.091958,0.249728,0.522184
995,0.180465,0.014544,0.332882,-0.371044,-0.28972,-0.882289,-0.428347,-0.78959,0.43936,-0.823483,0.541305,0.169974,-0.175879,0.002232,-0.009402,-0.399758,-0.262919,0.678999,0.517776,-0.206999,0.032431,0.328736,-0.819486,0.004889,0.573071,0.446243,-0.621728,0.643626,0.36046,0.783151,0.506563,0.06601,0.009017,0.003133,-1.06466,0.748459,-0.264643,0.027133,0.025264,0.060191,-0.010658,0.832291,0.020963,0.553941,-0.421354,0.673261,0.607602,-0.36021,-0.739107,0.569182,0.026656,0.005716,0.002874,-1.773019,1.257247,-2.585047,-0.057766,0.088315,0.047126,-0.053429,0.423377,0.274664,-0.863313,0.324203,0.843892,0.427477,0.845957,-0.460873,0.268238,-0.088079,0.007124,-0.008279,-1.389432,0.385147,0.734231,0.518918
996,0.173155,0.01457,0.333001,-0.360151,-0.266559,-0.894027,-0.473487,-0.773491,0.421301,-0.803381,0.57537,0.153477,-0.188658,-0.008859,0.015411,-0.486341,-0.146451,0.4574,0.510879,-0.203481,0.03242,0.329641,-0.769679,-0.027486,0.637833,0.531738,-0.580268,0.616828,0.354114,0.813939,0.460402,0.10762,-0.020004,0.044037,-0.189084,0.511327,-0.601992,-0.079019,0.026967,0.060195,-0.010237,0.785266,0.057436,0.616488,-0.50696,0.631262,0.58694,-0.355454,-0.773439,0.524827,0.053709,-0.003784,0.018534,-0.085697,1.975242,-2.658258,-0.20636,0.08474,0.047141,-0.053384,0.415331,0.250316,-0.874552,0.37087,0.831271,0.414056,0.830635,-0.496315,0.252418,-0.094465,-0.004278,0.00792,-4.981982,2.073707,1.058001,0.51108
997,0.165974,0.014202,0.333841,-0.346484,-0.233421,-0.908575,-0.53537,-0.746124,0.39579,-0.769871,0.623846,0.134688,-0.174891,-0.012979,0.027983,-0.514264,-0.131027,0.511372,0.471465,-0.198742,0.031657,0.331832,-0.740314,-0.059303,0.669634,0.575914,-0.569516,0.586436,0.347506,0.819858,0.454901,0.135345,-0.026723,0.069628,-0.93063,-0.661742,-2.0815,-0.161105,0.029322,0.059824,-0.009162,0.757808,0.086753,0.646683,-0.54793,0.622734,0.558546,-0.354257,-0.777609,0.519448,0.067721,-0.012805,0.035181,0.325394,0.061651,-1.273007,-0.294048,0.081134,0.046967,-0.052974,0.405995,0.215193,-0.888177,0.43665,0.808088,0.395385,0.802809,-0.548347,0.234115,-0.08758,-0.006558,0.014062,-5.117362,1.867801,1.188251,0.485281
998,0.16274,0.014085,0.334404,-0.342653,-0.219599,-0.913461,-0.551894,-0.739799,0.384815,-0.759863,0.636262,0.133439,-0.174433,-0.006029,0.033253,0.113941,0.107634,0.714517,0.441062,-0.196281,0.031155,0.33332,-0.732117,-0.079511,0.676516,0.589668,-0.570926,0.5712,0.341729,0.817189,0.463988,0.123774,-0.03992,0.092903,0.393643,-0.144512,-1.410393,-0.205841,0.030603,0.059567,-0.008401,0.749322,0.111594,0.652734,-0.565913,0.619792,0.543691,-0.343887,-0.776791,0.527577,0.068164,-0.013584,0.042604,0.559462,-0.838478,-0.796615,-0.341565,0.079451,0.046896,-0.052688,0.402894,0.201946,-0.892688,0.456209,0.801237,0.387157,0.793441,-0.563237,0.230684,-0.080447,0.002956,0.012867,0.161388,0.135705,0.796644,0.447071
999,0.155776,0.014587,0.335818,-0.351019,-0.187349,-0.917459,-0.587397,-0.718976,0.371497,-0.728801,0.669546,0.143471,-0.172703,0.01953,0.035892,-0.060591,0.083022,0.512638,0.421186,-0.190991,0.029797,0.337421,-0.711084,-0.118867,0.69298,0.616192,-0.579781,0.533005,0.339299,0.806156,0.484616,0.124948,-0.0314,0.114783,0.560164,-0.599132,-1.249432,-0.237525,0.033249,0.058885,-0.006358,0.729144,0.152274,0.667203,-0.593333,0.626491,0.505433,-0.341033,-0.764408,0.547152,0.069198,-0.020902,0.06115,0.25821,-0.212969,-1.207841,-0.407208,0.075969,0.047136,-0.051982,0.415099,0.16801,-0.894127,0.493954,0.783706,0.37658,0.764003,-0.597976,0.242327,-0.093091,0.005245,0.023081,-0.420661,0.356164,0.390229,0.391389
1000,0.14916,0.015038,0.337341,-0.347636,-0.141274,-0.92695,-0.636119,-0.690752,0.343783,-0.688435,0.709335,0.15142,-0.15911,0.006584,0.041489,-1.355845,0.997403,1.000534,0.409883,-0.186348,0.028568,0.342212,-0.693923,-0.153965,0.70339,0.637894,-0.584345,0.501564,0.334656,0.796914,0.502788,0.098801,-0.023335,0.121473,0.180126,-0.391311,-0.675719,-0.250497,0.035582,0.058284,-0.003953,0.712417,0.190568,0.675385,-0.616386,0.629986,0.472425,-0.335455,-0.752862,0.566276,0.055814,-0.010962,0.060735,0.285107,-0.425934,-0.902136,-0.427783,0.072657,0.047382,-0.05121,0.415036,0.124034,-0.901309,0.545943,0.758527,0.355781,0.727797,-0.639726,0.247101,-0.079685,0.003106,0.02077,-5.14912,1.907928,1.078649,0.368038
1001,0.146236,0.015202,0.338202,-0.34707,-0.121931,-0.929904,-0.658954,-0.673821,0.334239,-0.666918,0.728918,0.154676,-0.144873,0.010968,0.044477,-1.50771,0.591653,0.836683,0.396982,-0.184383,0.028189,0.34454,-0.688238,-0.170488,0.705162,0.645834,-0.586525,0.488692,0.331129,0.791955,0.512858,0.097803,-0.010804,0.113859,0.311206,-0.620853,-0.562245,-0.258605,0.036565,0.058096,-0.002781,0.706997,0.206299,0.676457,-0.624592,0.630794,0.460417,-0.331721,-0.748023,0.574822,0.042441,-0.005012,0.057623,0.318371,-0.551404,-0.800933,-0.436927,0.071189,0.047455,-0.050786,0.417069,0.102475,-0.903078,0.570796,0.743698,0.348,0.707279,-0.660614,0.251681,-0.072584,0.00508,0.022101,-5.123459,2.04416,1.271492,0.355301
1002,0.141416,0.015864,0.339981,-0.367647,-0.098695,-0.924738,-0.674525,-0.656233,0.338151,-0.639768,0.7482,0.175844,-0.116623,0.016322,0.047844,-0.026714,0.497403,0.441546,0.398064,-0.181522,0.027994,0.348738,-0.678091,-0.192141,0.709412,0.658939,-0.586241,0.471227,0.326181,0.787223,0.523211,0.057166,0.006826,0.09609,-0.011494,-0.065404,-0.480776,-0.270992,0.038011,0.058007,-0.000665,0.697259,0.229982,0.678923,-0.638402,0.62997,0.442244,-0.325993,-0.741785,0.586073,0.028513,0.002868,0.047631,-0.016549,-0.058006,-0.51334,-0.451133,0.068769,0.047784,-0.049897,0.438515,0.082639,-0.894916,0.588493,0.726188,0.355423,0.679249,-0.68251,0.269812,-0.051613,0.007978,0.023812,-0.350699,0.651456,0.518197,0.339462
1003,0.137738,0.016477,0.34164,-0.375805,-0.089899,-0.922353,-0.677621,-0.652279,0.339609,-0.631701,0.752742,0.185363,-0.07665,0.010248,0.042327,-0.016399,0.147178,0.106051,0.356878,-0.180193,0.028467,0.351994,-0.666802,-0.20502,0.716473,0.67102,-0.583183,0.457781,0.324803,0.786262,0.525508,0.016869,0.017289,0.073597,-0.003186,0.042905,-0.541739,-0.289691,0.03869,0.058252,0.000978,0.686444,0.24288,0.685421,-0.65076,0.625805,0.429975,-0.324508,-0.741199,0.587637,0.008016,0.014046,0.032582,0.092964,-0.122316,-0.386198,-0.464196,0.066916,0.048103,-0.049057,0.447321,0.072912,-0.891395,0.591986,0.722958,0.356206,0.670414,-0.687032,0.280232,-0.03807,0.01132,0.01764,0.03383,0.146316,0.167664,0.319867
1004,0.136434,0.016766,0.342457,-0.377732,-0.084629,-0.922064,-0.67814,-0.652751,0.337659,-0.629992,0.752937,0.190325,-0.062478,0.013615,0.044706,0.075569,0.481734,0.182359,0.309388,-0.179894,0.028939,0.353176,-0.66379,-0.208105,0.718378,0.674533,-0.581264,0.455052,0.323686,0.786877,0.525276,0.002495,0.031714,0.052554,0.032981,-0.018476,-0.340375,-0.322034,0.038846,0.058499,0.0016,0.683312,0.246194,0.687366,-0.654599,0.623563,0.427397,-0.323394,-0.741995,0.587246,0.001189,0.015224,0.025828,0.04777,-0.024066,-0.348952,-0.481505,0.066257,0.048238,-0.048655,0.44902,0.069718,-0.890797,0.592597,0.722911,0.355286,0.668737,-0.687414,0.283286,-0.031148,0.011882,0.017942,0.112692,0.510232,0.193053,0.276922
1005,0.13517,0.017801,0.344163,-0.414983,-0.077589,-0.90654,-0.670193,-0.647797,0.362177,-0.614846,0.757949,0.217957,-0.007241,0.020591,0.04936,-0.039573,2.058972,-2.199359,0.160344,-0.179853,0.030052,0.354912,-0.667068,-0.21213,0.714151,0.674474,-0.578827,0.458233,0.316988,0.787603,0.528264,0.001504,0.03036,0.035553,-0.172928,-0.469325,0.539888,-0.389598,0.03887,0.059033,0.00244,0.684578,0.250063,0.684704,-0.655826,0.62131,0.428795,-0.318188,-0.742591,0.589334,0.00035,0.020457,0.01349,-0.02848,0.148215,-0.210655,-0.54078,0.06561,0.04873,-0.047827,0.482662,0.066432,-0.873282,0.583602,0.719085,0.377258,0.653027,-0.691738,0.308306,-0.003351,0.016404,0.021055,-1.566197,0.815714,0.058051,0.121306
1006,0.13518,0.018682,0.345887,-0.436017,-0.053519,-0.898371,-0.684328,-0.628587,0.369521,-0.583945,0.775963,0.238572,-0.007885,0.016455,0.045781,-0.00297,0.300206,-0.007936,0.10254,-0.180138,0.031185,0.355946,-0.671789,-0.220024,0.707305,0.672478,-0.581289,0.45805,0.311196,0.783624,0.537544,0.000596,0.03101,0.020202,0.281348,-0.405866,-0.162145,-0.465014,0.038723,0.059608,0.002975,0.691428,0.255338,0.675816,-0.652112,0.623189,0.431722,-0.310927,-0.739213,0.5974,-0.006024,0.014913,0.010168,0.30751,-0.427838,-0.223809,-0.604136,0.065611,0.049203,-0.046933,0.507828,0.042609,-0.860403,0.597802,0.701719,0.387585,0.620276,-0.711178,0.330881,0.002617,0.007539,0.022336,-0.018911,0.397487,-0.136922,-0.039862
1007,0.135524,0.019277,0.347376,-0.432792,-0.014349,-0.901405,-0.71166,-0.60835,0.351315,-0.552879,0.793557,0.254202,0.018055,0.020338,0.031612,0.248881,0.843127,0.393584,0.053637,-0.180229,0.032159,0.356655,-0.67331,-0.227003,0.703644,0.671905,-0.584766,0.454451,0.309136,0.779042,0.545336,0.001172,0.01239,0.023363,0.258658,-0.395447,-0.217389,-0.536619,0.038678,0.060102,0.003333,0.692927,0.26255,0.671504,-0.651605,0.626722,0.427351,-0.308646,-0.733679,0.605352,0.000562,0.00576,0.011398,0.390216,-0.515349,-0.283952,-0.689211,0.065774,0.049504,-0.046179,0.507312,0.005882,-0.861742,0.627955,0.682307,0.374337,0.590174,-0.731041,0.342449,0.008836,0.004853,0.020093,0.032942,0.487229,-0.039705,-0.107791
1008,0.136031,0.019559,0.348089,-0.436055,0.012843,-0.899854,-0.726795,-0.594683,0.343647,-0.530179,0.803841,0.269772,0.030749,0.008269,0.038856,0.265227,0.9999,0.524544,0.011005,-0.180237,0.0325,0.356956,-0.675948,-0.229459,0.70031,0.670361,-0.585941,0.455218,0.306721,0.77744,0.548974,0.000381,0.01991,0.012799,0.281271,-0.388014,-0.187179,-0.551098,0.038674,0.060271,0.003483,0.695549,0.264593,0.667982,-0.65001,0.627837,0.428143,-0.306101,-0.73199,0.60868,0.000167,0.009522,0.006115,0.427387,-0.517852,-0.261399,-0.713704,0.066023,0.049646,-0.045827,0.512738,-0.020764,-0.858293,0.644559,0.669693,0.368854,0.567134,-0.742346,0.356761,0.015279,0.003671,0.019072,0.077262,0.607499,0.257491,-0.152532
1009,0.137602,0.019456,0.349576,-0.457644,0.056683,-0.887352,-0.727902,-0.597007,0.337213,-0.51008,0.800157,0.315584,0.042091,-0.011787,0.040146,0.259151,1.063245,0.527466,-0.124037,-0.180122,0.032906,0.357428,-0.683923,-0.229648,0.692461,0.664951,-0.586463,0.462423,0.300753,0.776991,0.552897,0.012737,0.012596,0.007151,0.003867,-0.030131,0.053828,-0.610542,0.038726,0.060468,0.003716,0.703172,0.265462,0.659604,-0.644739,0.629175,0.434108,-0.299767,-0.730525,0.613572,0.000465,0.000383,0.007897,-0.034127,-0.010937,0.030572,-0.757956,0.066805,0.049611,-0.045077,0.536865,-0.062871,-0.841322,0.645929,0.672135,0.361952,0.542726,-0.737754,0.401456,0.027489,-0.007115,0.019078,0.284043,1.180984,0.606977,-0.266836
1010,0.139759,0.018735,0.351086,-0.484259,0.091686,-0.870133,-0.723526,-0.601152,0.339262,-0.491381,0.793739,0.358538,0.054918,-0.014116,0.038161,0.118114,0.868415,-0.010367,-0.224035,-0.179745,0.032918,0.357915,-0.685334,-0.231746,0.690363,0.664307,-0.587087,0.462557,0.298954,0.775899,0.555401,0.013385,-0.001882,0.013187,0.013487,-0.077671,-0.002699,-0.721766,0.038914,0.060473,0.003953,0.704579,0.267398,0.657317,-0.644004,0.629978,0.434033,-0.298036,-0.729126,0.616075,0.006679,-0.001268,0.006379,0.010475,-0.077998,-0.004112,-0.855114,0.067878,0.049242,-0.044328,0.564486,-0.096288,-0.819806,0.641521,0.676151,0.362311,0.519427,-0.730443,0.443449,0.033729,-0.013763,0.02226,0.140451,0.884587,0.254324,-0.359585
1011,0.141035,0.018502,0.351868,-0.500472,0.107187,-0.859118,-0.719519,-0.603373,0.343809,-0.480901,0.790084,0.380168,0.055733,0.000875,0.032613,0.137784,0.862446,-0.072743,-0.285618,-0.179449,0.032903,0.358149,-0.686005,-0.23396,0.68895,0.664119,-0.587891,0.461805,0.29783,0.774627,0.557775,0.013382,-0.001631,0.013341,0.056557,-0.13242,-0.038658,-0.740011,0.039062,0.060462,0.004067,0.705284,0.269269,0.655795,-0.643758,0.630676,0.433384,-0.296898,-0.727833,0.61815,0.006679,-0.000995,0.006548,0.084647,-0.163859,-0.058137,-0.888588,0.068514,0.049112,-0.043941,0.580745,-0.109659,-0.806665,0.63705,0.678147,0.366445,0.506854,-0.726698,0.46369,0.034243,-0.005588,0.019977,0.131019,1.198438,-0.310104,-0.404
1012,0.143273,0.018489,0.35333,-0.52647,0.146097,-0.837574,-0.716212,-0.607053,0.344236,-0.457512,0.780928,0.425278,0.042911,0.005584,0.035946,-0.03565,1.727094,0.156814,-0.334353,-0.178887,0.032968,0.358609,-0.686878,-0.236096,0.687349,0.663877,-0.588425,0.461473,0.296351,0.773576,0.560019,0.013359,-0.002005,0.013088,-0.031072,-0.020796,0.034749,-0.760523,0.039343,0.060495,0.004297,0.706105,0.271535,0.653975,-0.643623,0.631174,0.432859,-0.295236,-0.726558,0.620442,0.006671,-0.001111,0.006467,-0.047184,0.007483,0.017655,-0.896753,0.069617,0.049103,-0.043223,0.606932,-0.141064,-0.782133,0.632147,0.682146,0.367513,0.481687,-0.717479,0.50319,0.027924,0.001719,0.017173,-4.297439,3.303238,2.18779,-0.467357
1013,0.14536,0.018564,0.354665,-0.549275,0.172822,-0.817603,-0.708653,-0.614841,0.346054,-0.442213,0.769259,0.461209,0.055456,0.00246,0.033272,0.176108,0.933253,-0.328155,-0.353778,-0.178276,0.032888,0.359064,-0.687684,-0.238228,0.685806,0.663748,-0.588778,0.461209,0.294764,0.772656,0.562122,0.013315,-0.004582,0.011448,-0.027786,-0.012494,0.005844,-0.811265,0.039639,0.060458,0.004523,0.706891,0.273595,0.652265,-0.643492,0.631579,0.432464,-0.293637,-0.725432,0.622514,0.006653,-0.002125,0.005819,-0.045778,-0.010353,0.039364,-0.90704,0.070662,0.049148,-0.042551,0.629983,-0.168225,-0.758169,0.625577,0.688418,0.36706,0.460189,-0.705535,0.53893,0.027709,0.001195,0.016579,0.367314,0.447265,0.579142,-0.492177
1014,0.146246,0.018635,0.355343,-0.559196,0.182554,-0.808714,-0.707746,-0.613131,0.35091,-0.431099,0.768363,0.473074,0.042626,0.005988,0.035876,0.084818,0.904171,-0.455242,-0.369495,-0.177959,0.032796,0.359315,-0.687932,-0.240487,0.684768,0.663952,-0.589319,0.460222,0.29372,0.771545,0.56419,0.01333,-0.003115,0.012374,-0.019841,-0.035067,0.025432,-0.83125,0.039807,0.060406,0.004649,0.707174,0.275813,0.651022,-0.643695,0.632082,0.431426,-0.292506,-0.724153,0.624532,0.006656,-0.001833,0.006004,-0.045765,-0.012848,0.037035,-0.911939,0.071124,0.049179,-0.042203,0.640124,-0.176751,-0.747662,0.624308,0.686841,0.372139,0.447749,-0.704987,0.550011,0.02133,0.003252,0.018089,0.105368,0.983775,-0.13052,-0.502954
1015,0.147523,0.01865,0.357036,-0.57137,0.198721,-0.796299,-0.703535,-0.618212,0.350464,-0.421932,0.76022,0.494031,0.016355,-0.001874,0.046718,0.150626,0.812838,-0.159277,-0.387464,-0.177407,0.032803,0.359761,-0.688694,-0.244967,0.68241,0.664013,-0.590819,0.458207,0.291786,0.76899,0.568664,0.01334,-0.000901,0.013758,-0.017418,-0.038104,0.023475,-0.840585,0.040088,0.060405,0.004875,0.707973,0.28012,0.64831,-0.643772,0.633433,0.429325,-0.290398,-0.721314,0.628787,0.006664,-0.000364,0.006924,-0.047808,-0.011118,0.037922,-0.915531,0.071779,0.049191,-0.041342,0.652854,-0.191133,-0.732972,0.619396,0.691715,0.371318,0.436037,-0.696417,0.569976,0.008163,-0.000874,0.023381,0.200935,0.882932,-0.139524,-0.522222
1016,0.148084,0.018481,0.358897,-0.578631,0.220422,-0.785268,-0.702656,-0.623564,0.342658,-0.413422,0.74977,0.516677,0.015974,-0.004489,0.044725,0.223088,0.826957,0.06519,-0.39318,-0.176831,0.033027,0.36026,-0.689882,-0.247026,0.680465,0.663448,-0.591582,0.458039,0.290256,0.767745,0.571123,0.013345,0.002667,0.015972,-0.031073,-0.020913,0.034702,-0.844135,0.040366,0.060513,0.005111,0.7092,0.28187,0.646207,-0.643144,0.634129,0.429237,-0.28879,-0.72002,0.631008,0.012897,0.001435,0.007586,-0.042996,-0.023363,0.070912,-0.924839,0.072054,0.049114,-0.040442,0.66037,-0.210541,-0.72082,0.618795,0.696392,0.363496,0.425443,-0.686082,0.590159,0.007859,-0.007739,0.026573,-0.093633,0.353147,-0.218883,-0.531203
1017,0.148297,0.017977,0.360792,-0.586639,0.229537,-0.776668,-0.701042,-0.624086,0.345005,-0.404792,0.746583,0.528,0.002402,-0.017542,0.051917,0.024844,0.429479,0.005797,-0.396289,-0.176216,0.033093,0.360908,-0.691025,-0.24908,0.678554,0.663083,-0.591891,0.45817,0.288363,0.766846,0.573286,0.014098,-0.008946,0.023875,-0.068921,-0.008355,0.017778,-0.845068,0.040678,0.060557,0.005441,0.710282,0.283682,0.644222,-0.642812,0.634366,0.429385,-0.286864,-0.719099,0.632933,0.00665,0.001356,0.007974,-0.036819,-0.014524,0.038624,-0.926309,0.072167,0.048867,-0.039479,0.668621,-0.219313,-0.710525,0.616983,0.696969,0.365466,0.415063,-0.68274,0.601321,0.001125,-0.009164,0.025685,0.123406,0.580239,0.044012,-0.534142
1018,0.148234,0.017613,0.361816,-0.589538,0.236847,-0.772265,-0.701273,-0.624526,0.343737,-0.40016,0.743919,0.535243,0.002371,-0.017794,0.051719,0.069709,0.403762,0.217015,-0.40632,-0.175921,0.033047,0.361304,-0.691254,-0.251325,0.677491,0.663369,-0.592228,0.457318,0.287148,0.765855,0.575217,0.013305,0.002783,0.015998,0.00906,-0.083546,0.028346,-0.845181,0.040821,0.060532,0.005632,0.710508,0.285895,0.642993,-0.643084,0.634779,0.428366,-0.285691,-0.717857,0.634871,0.007036,-0.004476,0.011923,-0.026069,-0.06699,-0.021679,-0.930391,0.072135,0.048683,-0.038969,0.671843,-0.226054,-0.705354,0.617093,0.697517,0.364232,0.409661,-0.679976,0.608119,-0.00539,-0.008904,0.025984,0.167422,0.66378,0.083918,-0.536429
1019,0.147453,0.016814,0.363995,-0.595236,0.258889,-0.760734,-0.702641,-0.627018,0.336329,-0.389187,0.734394,0.556081,-0.036686,-0.025537,0.063159,0.021592,0.55984,-0.09848,-0.443775,-0.1752,0.032751,0.362174,-0.69183,-0.255771,0.675236,0.663972,-0.592568,0.456002,0.284346,0.764124,0.5789,0.014078,-0.009764,0.023352,0.043664,-0.149111,-0.073019,-0.845529,0.041187,0.060388,0.006076,0.711184,0.289915,0.640442,-0.643605,0.63501,0.42724,-0.282824,-0.716038,0.6382,0.013247,-0.004545,0.011419,0.078421,-0.201654,-0.066794,-0.93186,0.071759,0.048284,-0.037886,0.67818,-0.248012,-0.69178,0.619005,0.700161,0.355818,0.39611,-0.669524,0.628356,-0.01173,-0.00729,0.027194,0.070321,0.45359,0.171355,-0.557003
1020,0.146437,0.016171,0.366424,-0.602408,0.285143,-0.745549,-0.703528,-0.630899,0.327089,-0.376356,0.721199,0.581597,-0.022707,-0.009547,0.057632,0.10955,0.4815,0.20941,-0.444394,-0.174342,0.032268,0.363032,-0.691932,-0.267178,0.670699,0.665617,-0.595612,0.449594,0.28021,0.757841,0.589086,0.026514,-0.014062,0.019791,0.219805,-0.380695,-0.182084,-0.845917,0.041611,0.060154,0.006509,0.711466,0.300074,0.63543,-0.645163,0.637332,0.421392,-0.278531,-0.709762,0.647037,0.006612,-0.002196,0.005745,0.421127,-0.530472,-0.313348,-0.93186,0.071245,0.04795,-0.036674,0.686187,-0.272493,-0.674458,0.620244,0.7036,0.346763,0.380058,-0.656273,0.651813,-0.011559,-0.010698,0.03282,0.102687,0.674391,0.031221,-0.571863
1021,0.146107,0.015767,0.367591,-0.610278,0.298979,-0.733633,-0.702147,-0.632966,0.326061,-0.366126,0.713732,0.597131,-0.023613,-0.025945,0.06256,-0.049852,1.288672,-0.32387,-0.436902,-0.173866,0.032016,0.363366,-0.692725,-0.269272,0.669041,0.665448,-0.596031,0.449289,0.278645,0.756773,0.591198,0.026525,-0.015556,0.018875,-0.007792,-0.097372,-0.000178,-0.845768,0.041839,0.060029,0.006672,0.712051,0.303398,0.633192,-0.645329,0.638125,0.419937,-0.276648,-0.707634,0.650168,0.013251,-0.007997,0.009287,-0.017002,-0.098096,-0.004438,-0.937412,0.071086,0.047776,-0.036107,0.691782,-0.283369,-0.664182,0.619717,0.705104,0.344641,0.370658,-0.650022,0.663387,-0.005245,-0.007898,0.026606,0.080379,0.562667,0.00726,-0.571046
1022,0.145817,0.014476,0.369739,-0.613355,0.319743,-0.722223,-0.704037,-0.635781,0.316364,-0.357264,0.702115,0.615974,0.000725,-0.040088,0.052759,0.029151,0.510593,-0.046498,-0.440888,-0.173053,0.03194,0.363817,-0.692443,-0.273285,0.667704,0.66602,-0.597675,0.446246,0.277974,0.754037,0.594997,0.012404,0.010193,0.005365,0.010749,-0.038151,0.048684,-0.841651,0.04226,0.059969,0.0069,0.711785,0.3073,0.631608,-0.646023,0.63938,0.416949,-0.27571,-0.704811,0.653624,0.012831,-7.1e-05,0.0066,-0.050665,-0.019599,0.072696,-0.94721,0.070929,0.047153,-0.035018,0.697314,-0.304633,-0.648807,0.621585,0.707745,0.33575,0.35691,-0.637412,0.682876,-0.006244,-0.020291,0.026355,0.154885,0.657718,0.052282,-0.568107
1023,0.145889,0.012946,0.371582,-0.616127,0.330566,-0.714954,-0.704806,-0.636611,0.312965,-0.350931,0.696317,0.626113,0.013337,-0.043982,0.050055,-0.076904,0.311851,-0.120257,-0.450756,-0.172222,0.032196,0.364139,-0.692398,-0.272673,0.668001,0.665798,-0.597952,0.446207,0.27862,0.754039,0.594693,0.024796,0.010094,0.00437,0.005886,-0.044819,0.083382,-0.837176,0.04268,0.060105,0.007066,0.711797,0.306432,0.632015,-0.645729,0.639538,0.417163,-0.276366,-0.705046,0.653093,0.012394,0.005026,0.002158,0.005997,-0.043953,0.084639,-0.950312,0.070964,0.046348,-0.034064,0.700574,-0.315233,-0.640174,0.622615,0.708347,0.332555,0.348633,-0.631562,0.692519,0.006607,-0.022241,0.024863,-0.106011,0.275659,-0.135254,-0.575945
1024,0.146379,0.011766,0.373102,-0.620035,0.339355,-0.707418,-0.705015,-0.63663,0.312456,-0.343565,0.692049,0.634869,0.013526,-0.024351,0.031313,0.032778,0.261423,0.092985,-0.423329,-0.171155,0.031965,0.364533,-0.691609,-0.272192,0.669014,0.666462,-0.597259,0.446144,0.278993,0.754761,0.593601,0.026561,-0.018755,0.016909,-0.068814,-0.009981,0.02171,-0.838888,0.043204,0.060005,0.007262,0.711005,0.306008,0.63311,-0.646389,0.638907,0.417107,-0.276861,-0.705801,0.652067,0.019057,-0.003681,0.003911,-0.030672,-0.037251,0.072193,-0.953741,0.071203,0.045765,-0.033316,0.704465,-0.322632,-0.632167,0.622719,0.708308,0.332446,0.340512,-0.627859,0.699888,0.006816,-0.011548,0.016059,0.084999,0.319474,0.148066,-0.568433
1025,0.146666,0.011469,0.37358,-0.620414,0.339384,-0.707071,-0.705309,-0.635709,0.313663,-0.342274,0.692881,0.634658,0.013764,-0.013258,0.022733,-0.06724,0.002323,0.020572,-0.4135,-0.170611,0.03176,0.364764,-0.690461,-0.271835,0.670343,0.667308,-0.596796,0.445496,0.27981,0.755255,0.592587,0.02569,-0.00615,0.009519,-0.029087,-0.030277,0.060075,-0.837419,0.043476,0.059891,0.007376,0.709834,0.305762,0.634542,-0.647297,0.638394,0.416484,-0.277743,-0.706372,0.651073,0.013281,-0.009195,0.008551,-0.065146,0.000503,0.009997,-0.956844,0.071346,0.045609,-0.033076,0.704797,-0.323077,-0.63157,0.623139,0.707443,0.333499,0.339054,-0.628605,0.699926,0.006835,-0.00683,0.011226,-0.085993,-0.023764,0.009781,-0.560106
1026,0.147148,0.011685,0.37403,-0.618259,0.340139,-0.708595,-0.70706,-0.634431,0.312306,-0.342565,0.69368,0.633628,0.001805,0.014559,0.009464,0.001634,-0.026425,0.051199,-0.414698,-0.169697,0.031499,0.365242,-0.685618,-0.273372,0.674675,0.670891,-0.596751,0.440145,0.283137,0.754738,0.591665,0.02566,-0.003656,0.011044,0.145747,-0.249152,-0.071046,-0.83623,0.043933,0.059755,0.007611,0.705242,0.306765,0.639162,-0.650774,0.637808,0.411939,-0.281294,-0.706467,0.649443,0.012826,-0.002076,0.005354,0.274665,-0.370172,-0.161298,-0.959783,0.07159,0.045696,-0.032853,0.702884,-0.323783,-0.633338,0.625013,0.706207,0.332608,0.339575,-0.62963,0.698751,0.007348,0.006547,0.004108,0.003404,-0.029469,0.052805,-0.553901
1027,0.147541,0.012408,0.374219,-0.61937,0.340745,-0.707332,-0.707102,-0.633617,0.31386,-0.340467,0.694126,0.63427,0.001814,0.024079,-0.000198,0.036354,-0.026577,0.043765,-0.394565,-0.168863,0.031266,0.365629,-0.684361,-0.273017,0.676093,0.671936,-0.595915,0.439683,0.283699,0.755526,0.590388,0.013255,-0.005821,0.01064,-0.032567,-0.019571,0.035655,-0.829344,0.044355,0.059642,0.007806,0.703952,0.307457,0.640251,-0.652014,0.637222,0.410883,-0.281654,-0.706695,0.64904,0.012845,-0.003125,0.004715,-0.034733,-0.018508,0.041819,-0.965009,0.071788,0.046071,-0.03275,0.703939,-0.324165,-0.63197,0.624929,0.705531,0.334198,0.337539,-0.630192,0.699231,0.000908,0.012082,-7.9e-05,0.038617,-0.028582,0.043736,-0.545736
1028,0.147641,0.012787,0.374262,-0.620523,0.340844,-0.706273,-0.706655,-0.633527,0.315046,-0.339296,0.694159,0.634861,0.00161,0.022454,-0.001264,0.036353,-0.026592,0.043758,-0.386251,-0.168588,0.031179,0.365839,-0.684688,-0.272937,0.675795,0.671841,-0.595547,0.440325,0.283132,0.755845,0.590252,0.013236,-0.004715,0.011315,-0.034408,-0.005287,0.010696,-0.823485,0.044493,0.059596,0.00791,0.704293,0.307321,0.639941,-0.651889,0.6369,0.411581,-0.28109,-0.707044,0.648903,0.006601,-0.001778,0.006,-0.032691,-0.019143,0.036153,-0.965988,0.071838,0.046254,-0.032727,0.705036,-0.324077,-0.630791,0.624348,0.705482,0.335384,0.336322,-0.630292,0.699727,0.000822,0.01138,-0.000536,0.038268,-0.028328,0.043834,-0.539694
1029,0.147704,0.013195,0.374429,-0.623434,0.338537,-0.704818,-0.705324,-0.632532,0.31999,-0.336722,0.696195,0.634002,0.000755,0.00618,0.003973,-0.000525,-0.000161,-0.00069,-0.375415,-0.167968,0.031011,0.366327,-0.684894,-0.27513,0.674696,0.672237,-0.595556,0.43971,0.281688,0.755045,0.591964,0.013242,-0.005239,0.010995,0.044056,-0.100599,-0.049278,-0.826289,0.044803,0.059516,0.008157,0.704552,0.309316,0.638693,-0.652212,0.636949,0.410993,-0.279688,-0.706129,0.650503,0.013276,-0.007382,0.009678,0.035405,-0.146966,-0.029687,-0.966805,0.07187,0.046471,-0.032641,0.707648,-0.321355,-0.629256,0.622611,0.704655,0.340315,0.334047,-0.632606,0.698728,0.000411,0.003388,0.002178,0.01063,-0.011327,0.031697,-0.52957
1030,0.14786,0.013168,0.374597,-0.628901,0.335981,-0.701175,-0.702884,-0.631189,0.327912,-0.331626,0.698648,0.633989,3.8e-05,0.000316,0.000203,-7e-05,-0.000116,-6.3e-05,-0.367516,-0.167288,0.030288,0.366917,-0.682962,-0.278035,0.675463,0.672511,-0.600027,0.433163,0.285705,0.750429,0.595896,0.014351,-0.024406,0.014451,-0.02379,-0.05303,-0.043891,-0.830513,0.045147,0.059163,0.008462,0.702634,0.312815,0.639101,-0.652646,0.641149,0.403708,-0.283474,-0.700767,0.65465,0.007175,-0.012609,0.006968,-0.071149,-0.012538,-0.022692,-0.966315,0.071949,0.046461,-0.032554,0.712559,-0.318161,-0.625325,0.619566,0.703576,0.348021,0.329237,-0.635416,0.698461,-2.2e-05,-0.000161,-0.000108,0.005886,-0.000348,0.00492,-0.520426
1031,0.147939,0.013111,0.374523,-0.628741,0.336027,-0.701297,-0.70297,-0.631188,0.327731,-0.331748,0.698628,0.633948,-0.000123,0.008313,-0.010382,0.035541,-0.013329,0.018183,-0.368671,-0.16678,0.029033,0.367448,-0.686059,-0.275345,0.673424,0.664854,-0.612915,0.426894,0.296056,0.740939,0.60268,0.014545,-0.030994,0.010449,0.313835,0.167426,0.227355,-0.859122,0.045396,0.058546,0.008723,0.705512,0.310405,0.637102,-0.645229,0.653183,0.39627,-0.29314,-0.690651,0.661111,0.007729,-0.021251,0.009281,1.027538,0.724975,0.928948,-0.968438,0.071987,0.046425,-0.032591,0.712399,-0.318248,-0.625462,0.619675,0.703584,0.34781,0.329376,-0.635363,0.698443,-0.000188,-0.001541,-0.000992,0.000253,-7.9e-05,-4.9e-05,-0.51814
1032,0.147973,0.013127,0.374439,-0.629945,0.332524,-0.701885,-0.699693,-0.635213,0.326965,-0.336345,0.696658,0.633693,0.012725,-0.00258,-0.001948,0.000984,-0.014715,0.029553,-0.369212,-0.166539,0.028361,0.367693,-0.687897,-0.276606,0.671027,0.65994,-0.62297,0.419906,0.302731,0.732028,0.610206,0.014581,-0.031329,0.010248,4.095242,1.775099,2.990183,-0.903883,0.045517,0.058205,0.008843,0.706124,0.312777,0.635262,-0.643247,0.658393,0.390833,-0.296009,-0.684608,0.6661,0.007749,-0.021315,0.009245,-0.006956,-0.113446,-0.143976,-0.974806,0.071999,0.046433,-0.032639,0.713386,-0.314671,-0.626148,0.616141,0.707312,0.346524,0.333842,-0.633001,0.698468,-4.9e-05,0.004238,-0.00514,0.040884,-0.10476,0.194542,-0.517977
1033,0.148213,0.013151,0.37433,-0.634692,0.332473,-0.697619,-0.697714,-0.634652,0.332239,-0.331501,0.697193,0.635653,0.012916,-0.001008,-0.000938,0.000216,-0.013551,0.0281,-0.372992,-0.16628,0.027345,0.368128,-0.689837,-0.277857,0.668514,0.655175,-0.63224,0.413464,0.308629,0.723557,0.617314,0.00194,-0.024743,0.015233,-0.020516,-0.045388,-0.077186,-0.901982,0.045651,0.05768,0.009049,0.709355,0.312253,0.631912,-0.635241,0.671691,0.381182,-0.305425,-0.67181,0.674823,0.000494,-0.006946,0.003336,-0.044252,0.008297,-0.060799,-0.985256,0.072118,0.046441,-0.032695,0.71778,-0.313994,-0.621448,0.613723,0.706854,0.351711,0.328838,-0.633849,0.700071,0.006466,-0.000451,-0.000439,0.002504,-0.016804,0.031384,-0.51961
1034,0.148392,0.013167,0.37436,-0.636347,0.328817,-0.697844,-0.694184,-0.638627,0.332018,-0.335704,0.6953,0.635522,0.000143,0.001188,0.000764,0.031239,-0.014863,-0.028449,-0.371828,-0.166101,0.027235,0.368436,-0.690114,-0.282282,0.666371,0.655594,-0.633584,0.410732,0.307112,0.720667,0.621437,-0.000159,0.006675,0.004092,0.004195,-0.016895,0.023342,-0.900102,0.045741,0.057608,0.009204,0.709594,0.316166,0.629694,-0.635805,0.672489,0.378826,-0.303691,-0.669176,0.678214,0.006163,0.003812,0.001866,-0.017189,0.002518,0.037859,-0.986073,0.072213,0.046448,-0.032681,0.71907,-0.31027,-0.621827,0.609993,0.710489,0.350875,0.332935,-0.631614,0.700154,9.4e-05,0.000776,0.000497,0.105141,-0.050053,-0.095613,-0.520263
1035,0.148388,0.013211,0.3744,-0.636032,0.32892,-0.698083,-0.69442,-0.638497,0.331774,-0.335812,0.69537,0.635387,0.000297,0.002469,0.001587,0.0,-0.0,-0.0,-0.37175,-0.165887,0.027387,0.368547,-0.688537,-0.282104,0.668076,0.656486,-0.633656,0.409194,0.308746,0.720673,0.62062,0.012275,0.009821,0.005078,0.003897,-0.029167,0.054328,-0.900261,0.045844,0.057685,0.00926,0.708005,0.315965,0.63158,-0.636754,0.672376,0.37743,-0.305405,-0.669384,0.677238,0.006126,0.005177,0.002697,-0.000661,-0.029691,0.060638,-0.988849,0.072211,0.046469,-0.032662,0.718802,-0.310376,-0.622084,0.610227,0.710391,0.350666,0.333085,-0.631672,0.70003,0.00019,0.001592,0.00102,-0.000294,1.8e-05,2.3e-05,-0.520426
1036,0.148429,0.013297,0.374466,-0.636099,0.325761,-0.699502,-0.691985,-0.641926,0.33024,-0.340664,0.693703,0.634626,0.000259,0.002159,0.001387,0.0,-0.0,-0.0,-0.374448,-0.165465,0.027357,0.368908,-0.690373,-0.275718,0.668847,0.652671,-0.635984,0.411677,0.312722,0.721086,0.618145,0.013328,-0.005767,0.010732,-0.276658,0.279954,0.219282,-0.897774,0.046054,0.05769,0.009447,0.709696,0.31105,0.632121,-0.633044,0.67531,0.37843,-0.309167,-0.668732,0.676174,0.000423,-0.003815,0.005257,-0.494741,0.521453,0.2763,-0.987869,0.072232,0.046515,-0.032627,0.71875,-0.30729,-0.623674,0.607667,0.713527,0.34874,0.337844,-0.629643,0.699578,0.000132,0.00111,0.000711,-0.000227,9.7e-05,0.000177,-0.520753
1037,0.148513,0.01322,0.374498,-0.634093,0.326431,-0.70101,-0.693494,-0.641095,0.328687,-0.341337,0.694156,0.633769,-0.000235,-0.001966,-0.001263,-0.000815,0.013241,-0.025585,-0.383127,-0.16519,0.026937,0.369306,-0.690453,-0.275717,0.668765,0.653093,-0.634892,0.412693,0.311659,0.722048,0.617558,0.001891,-0.021309,0.017377,-0.072942,0.018813,-0.03765,-0.896163,0.046195,0.057488,0.009645,0.709952,0.309468,0.632611,-0.633111,0.673883,0.380855,-0.308444,-0.670902,0.674352,0.00672,-0.005065,0.004032,-0.031321,-0.008311,0.009359,-0.990155,0.072275,0.046483,-0.032607,0.716925,-0.308217,-0.625316,0.609387,0.712734,0.347357,0.338623,-0.630088,0.6988,-4.5e-05,-0.000371,-0.00024,-0.0001,7.3e-05,0.000151,-0.525162
