frame,MLTx,MLTy,MLTz,MLTR1,MLTR2,MLTR3,MLTR4,MLTR5,MLTR6,MLTR7,MLTR8,MLTR9,MLTTVx,MLTTVy,MLTTVz,MLTRVx,MLTRVy,MLTRVz,MLGA,MRTx,MRTy,MRTz,MRTR1,MRTR2,MRTR3,MRTR4,MRTR5,MRTR6,MRTR7,MRTR8,MRTR9,MRTTVx,MRTTVy,MRTTVz,MRTRVx,MRTRVy,MRTRVz,MRGA,SLTx,SLTy,SLTz,SLTR1,SLTR2,SLTR3,SLTR4,SLTR5,SLTR6,SLTR7,SLTR8,SLTR9,SLTTVx,SLTTVy,SLTTVz,SLTRVx,SLTRVy,SLTRVz,SLGA,SRTx,SRTy,SRTz,SRTR1,SRTR2,SRTR3,SRTR4,SRTR5,SRTR6,SRTR7,SRTR8,SRTR9,SRTTVx,SRTTVy,SRTTVz,SRTRVx,SRTRVy,SRTRVz,SRGA
944,0.195863,0.014898,0.335783,-0.454356,-0.404538,-0.793697,-0.34572,-0.741069,0.575557,-0.820459,0.536405,0.197845,-0.109865,0.038224,-0.049812,-0.581694,-2.282933,2.531305,-0.028872,-0.185914,0.022234,0.341029,-0.741058,0.303896,0.598725,0.154444,-0.790515,0.592593,0.654303,0.531228,0.538096,-0.021089,0.097869,-0.106441,0.008089,0.126814,0.210076,0.504544,0.034704,0.055686,-0.009479,0.723111,-0.307633,0.618443,-0.146327,0.806799,0.572419,-0.675054,-0.504417,0.53839,-0.016711,0.04318,-0.048848,-1.199532,-0.573459,-0.542467,0.50673,0.097769,0.04685,-0.057216,0.447731,0.481129,-0.753691,0.203883,0.76576,0.609951,0.870613,-0.426759,0.24476,-0.054914,0.020016,-0.024125,-0.345043,-1.007479,-0.058498,-0.195804
945,0.191058,0.01657,0.33433,-0.425742,-0.380252,-0.821096,-0.406815,-0.730123,0.548993,-0.807733,0.568234,0.157178,-0.135947,0.042997,-0.028079,-0.497329,-0.643914,1.128138,-0.064305,-0.187029,0.026033,0.337223,-0.75491,0.264341,0.600188,0.211995,-0.767534,0.604882,0.621493,0.583529,0.522593,-0.033652,0.104033,-0.100181,-1.296721,-0.468637,-0.635611,0.502871,0.034144,0.057621,-0.011418,0.737475,-0.269514,0.619267,-0.203569,0.785575,0.58432,-0.643964,-0.556985,0.524477,-0.016664,0.052868,-0.049407,-4.043562,-2.95088,-2.514356,0.497095,0.095376,0.047677,-0.057957,0.421514,0.454989,-0.784417,0.268771,0.763467,0.587264,0.866076,-0.458368,0.199524,-0.06147,0.028076,-0.017445,-1.638777,-0.977495,3.261065,-0.257202
946,0.188371,0.01753,0.333884,-0.408249,-0.377867,-0.831021,-0.423236,-0.728241,0.538989,-0.808347,0.572226,0.138415,-0.148931,0.051378,-0.021038,-0.005806,-0.809079,0.612774,-0.078541,-0.187647,0.028008,0.335354,-0.760954,0.242593,0.601737,0.249628,-0.746442,0.616801,0.599734,0.619255,0.506661,-0.019833,0.094841,-0.091296,-1.69961,-0.129828,-0.033963,0.494799,0.03383,0.058614,-0.012354,0.744646,-0.24595,0.620491,-0.242063,0.766831,0.594454,-0.622018,-0.592856,0.511482,-0.016291,0.047411,-0.045149,-3.927872,-2.636894,-2.402088,0.493503,0.094038,0.048153,-0.058184,0.405394,0.449684,-0.795889,0.286479,0.764287,0.577749,0.868092,-0.462222,0.181013,-0.067767,0.026592,-0.00999,-0.034284,-0.707152,0.461361,-0.273694
947,0.182352,0.019578,0.333714,-0.386701,-0.36902,-0.845182,-0.463603,-0.71447,0.524001,-0.796749,0.594917,0.106264,-0.160449,0.057796,0.000852,-0.493585,-0.656567,0.600463,-0.095463,-0.188176,0.031496,0.33211,-0.753907,0.192408,0.628168,0.340457,-0.703163,0.624167,0.56273,0.684175,0.463791,-0.005278,0.078935,-0.070951,-0.881581,0.785687,-0.079559,0.422579,0.033561,0.060334,-0.013963,0.738555,-0.195987,0.645077,-0.333583,0.725254,0.602268,-0.585882,-0.659995,0.470262,0.003914,0.039923,-0.035516,-3.986845,-1.042933,-4.575566,0.443536,0.091033,0.049174,-0.058278,0.38658,0.437861,-0.811684,0.328542,0.756986,0.564828,0.861751,-0.485024,0.14878,-0.08676,0.023742,0.005099,-1.612191,-0.10894,0.576284,-0.294922
948,0.176099,0.021941,0.333826,-0.38742,-0.33566,-0.858653,-0.542124,-0.67039,0.506607,-0.745205,0.662181,0.078826,-0.14573,0.072199,-0.005845,-1.332367,0.211073,0.912738,-0.093103,-0.188291,0.034492,0.329764,-0.708494,0.178047,0.682881,0.417297,-0.674496,0.608977,0.569898,0.716184,0.402689,-0.004257,0.076328,-0.056154,-1.811631,0.240269,-0.548741,0.361909,0.0335,0.061886,-0.015187,0.691687,-0.179183,0.699615,-0.412075,0.69764,0.586082,-0.593096,-0.693679,0.408712,-0.002066,0.038498,-0.02783,-1.74953,0.155823,-0.560543,0.354053,0.0879,0.050369,-0.058204,0.391624,0.406593,-0.825416,0.412584,0.724232,0.552504,0.822438,-0.556927,0.115872,-0.079657,0.035972,-0.002737,-4.707952,2.407615,1.070614,-0.30178
949,0.173163,0.023276,0.333671,-0.384169,-0.322428,-0.865158,-0.573085,-0.651421,0.497187,-0.723419,0.687213,0.066558,-0.145311,0.079094,-0.017509,0.134756,-0.501681,0.620154,-0.082224,-0.188538,0.036126,0.328523,-0.697636,0.161935,0.697906,0.455485,-0.651501,0.606641,0.55378,0.740884,0.379845,-0.017795,0.084797,-0.064879,-0.806954,0.997869,-0.550327,0.309632,0.033384,0.062682,-0.015775,0.68164,-0.162945,0.713312,-0.450205,0.675097,0.58443,-0.576785,-0.719508,0.386815,-0.00885,0.04254,-0.032339,-1.64269,0.201883,-0.79386,0.301147,0.086433,0.051047,-0.058267,0.391309,0.392362,-0.832423,0.447698,0.709129,0.544703,0.804017,-0.585822,0.101828,-0.072577,0.033833,-0.004768,0.05333,-0.376191,0.648789,-0.301617
950,0.168,0.025903,0.332754,-0.371939,-0.326356,-0.869022,-0.582336,-0.64702,0.492161,-0.722439,0.68952,0.051688,-0.105418,0.063067,-0.031434,0.503063,-0.903124,0.22834,-0.066101,-0.189147,0.039381,0.325884,-0.682495,0.155618,0.714126,0.498579,-0.615138,0.610703,0.53516,0.772639,0.341314,-0.004493,0.06931,-0.060884,-0.40247,1.066864,-0.476656,0.253168,0.033075,0.064322,-0.017091,0.666456,-0.156709,0.728888,-0.494237,0.639097,0.589308,-0.55818,-0.752991,0.348479,-0.008869,0.040886,-0.033359,-0.652638,0.466896,0.201103,0.196478,0.083837,0.052385,-0.058705,0.379735,0.393338,-0.837309,0.457977,0.706478,0.539579,0.803777,-0.588365,0.088135,-0.059319,0.031293,-0.015665,1.506721,-1.610577,0.070682,-0.289207
951,0.163901,0.028234,0.331531,-0.375773,-0.34732,-0.859191,-0.569704,-0.644677,0.509707,-0.730472,0.681449,0.045455,-0.104637,0.06368,-0.031069,-0.020008,-0.518713,-0.284788,-0.10454,-0.188994,0.042041,0.323913,-0.682348,0.166026,0.711918,0.513767,-0.583695,0.628711,0.520764,0.794535,0.312062,0.023294,0.047266,-0.030504,-0.451922,0.799635,-0.0654,0.187773,0.033141,0.065639,-0.018104,0.665905,-0.167155,0.727068,-0.510485,0.608601,0.607461,-0.544034,-0.77567,0.319941,0.005052,0.030006,-0.018043,-0.750988,0.59988,0.05083,0.133284,0.081747,0.053556,-0.059342,0.379459,0.414553,-0.827137,0.444328,0.702505,0.555929,0.81153,-0.578473,0.082375,-0.052307,0.031694,-0.015584,-0.068245,-0.593062,-0.319735,-0.296555
952,0.16184,0.029533,0.330972,-0.369939,-0.355063,-0.858557,-0.569177,-0.64378,0.511428,-0.733858,0.678308,0.037138,-0.103946,0.067189,-0.028391,0.011388,-0.445992,-0.235998,-0.113315,-0.188398,0.042954,0.323559,-0.680532,0.151166,0.716949,0.54444,-0.550324,0.632979,0.491075,0.820891,0.291284,0.037616,0.035844,-0.007654,-0.657944,0.761871,0.377063,0.136699,0.033433,0.066087,-0.018299,0.664096,-0.150711,0.732299,-0.542375,0.577039,0.610618,-0.514592,-0.80269,0.301467,0.018844,0.018182,-0.003652,-0.595052,0.262148,-0.254081,0.072213,0.080716,0.054199,-0.059627,0.372252,0.421776,-0.82676,0.443933,0.701362,0.557686,0.815077,-0.574626,0.073843,-0.051947,0.033688,-0.014063,-0.003002,-0.469495,-0.258514,-0.309945
953,0.157648,0.031471,0.330459,-0.350602,-0.35997,-0.864607,-0.595467,-0.626885,0.5024,-0.722429,0.691434,0.006517,-0.103393,0.03422,-0.004504,-0.214694,-0.551543,-0.321738,-0.053068,-0.186458,0.04362,0.324466,-0.640073,0.112559,0.760018,0.631807,-0.485539,0.604156,0.437807,0.866728,0.238685,0.066647,0.000244,0.044089,-0.384654,0.803051,-0.981426,0.048862,0.034393,0.066425,-0.017871,0.624225,-0.112472,0.773105,-0.630105,0.512539,0.583327,-0.461854,-0.851265,0.249071,0.027012,0.000965,0.023114,-0.728119,1.69178,-2.665939,-0.053847,0.078659,0.055157,-0.05988,0.353098,0.423299,-0.834349,0.472818,0.688793,0.54955,0.807319,-0.588541,0.043068,-0.051703,0.011845,0.002014,-0.502007,-0.787621,-0.31666,-0.297208
954,0.154513,0.032152,0.330504,-0.33914,-0.361204,-0.868655,-0.630118,-0.598423,0.494786,-0.698127,0.715605,-0.023567,-0.0647,0.01662,-0.002506,-4.99145,1.891821,0.073504,-0.046491,-0.183645,0.042846,0.32724,-0.573968,0.106883,0.811867,0.68561,-0.479205,0.547937,0.448316,0.870968,0.200724,0.082804,-0.041524,0.091819,0.017884,0.260916,-1.399867,0.018645,0.035795,0.066061,-0.016496,0.557369,-0.10512,0.823582,-0.682967,0.50601,0.526791,-0.472118,-0.856097,0.210241,0.04139,-0.020297,0.046234,0.069119,0.160013,-1.464191,-0.138432,0.077078,0.055509,-0.059853,0.34003,0.424753,-0.839025,0.507087,0.668558,0.54396,0.791986,-0.610421,0.011943,-0.032347,0.008266,-0.001227,-0.26008,-0.66681,0.046208,-0.275
955,0.15257,0.033484,0.329887,-0.345962,-0.351197,-0.870067,-0.646003,-0.583364,0.492278,-0.68003,0.732812,-0.023966,-0.037958,0.049588,-0.026986,0.216616,-0.128455,0.096624,-0.038011,-0.180272,0.040825,0.331587,-0.541298,0.082482,0.836771,0.710899,-0.486356,0.507951,0.449523,0.869689,0.203552,0.085133,-0.060888,0.125227,0.194218,-0.461517,-1.09316,-0.014396,0.037481,0.065062,-0.014331,0.524674,-0.079258,0.847605,-0.707449,0.513233,0.485908,-0.473531,-0.854581,0.213208,0.042517,-0.029749,0.063101,0.538404,-1.664816,0.394991,-0.179091,0.076096,0.056159,-0.060155,0.349905,0.415153,-0.83977,0.529145,0.652144,0.542874,0.773027,-0.634315,0.008513,-0.025451,0.025205,-0.013037,0.411793,0.084155,-0.313669,-0.269122
956,0.151816,0.034616,0.329267,-0.349117,-0.353027,-0.868064,-0.640012,-0.586817,0.495987,-0.684064,0.729166,-0.01999,-0.03757,0.061414,-0.034264,0.177648,-0.14619,0.156916,-0.016796,-0.178514,0.039472,0.334221,-0.533174,0.06356,0.84361,0.719416,-0.490447,0.491769,0.445651,0.869005,0.214683,0.098585,-0.067596,0.135229,0.088679,-0.246068,-1.618605,-0.04239,0.038356,0.064394,-0.013012,0.517551,-0.059541,0.853577,-0.715191,0.517534,0.469744,-0.469725,-0.853588,0.225267,0.043262,-0.039029,0.072232,0.199662,-0.728579,-1.197913,-0.201625,0.075719,0.05672,-0.060462,0.352773,0.417314,-0.837495,0.522422,0.654707,0.546289,0.776289,-0.630243,0.012949,-0.01864,0.036559,-0.020818,0.212101,-0.282213,0.351927,-0.259814
957,0.151134,0.037925,0.32725,-0.36961,-0.341462,-0.864198,-0.660074,-0.558118,0.50277,-0.653548,0.756688,-0.018025,0.00211,0.103085,-0.068049,-0.149819,0.018654,0.07645,0.06518,-0.174817,0.036521,0.339882,-0.530083,0.008896,0.847894,0.73206,-0.499611,0.463044,0.428381,0.866132,0.257232,0.099392,-0.071967,0.147849,0.142672,-0.833684,-1.305357,-0.052998,0.040242,0.062901,-0.010125,0.514891,-0.003254,0.857249,-0.727754,0.526833,0.439112,-0.453056,-0.849962,0.268894,0.049604,-0.035671,0.074111,0.18492,-0.881122,-1.375149,-0.239998,0.075363,0.058401,-0.06148,0.374,0.408647,-0.832544,0.545795,0.628797,0.553824,0.74982,-0.661529,0.012132,0.001081,0.051328,-0.034171,-0.144494,0.032611,0.090011,-0.197601
958,0.151644,0.042004,0.32407,-0.378666,-0.346036,-0.858439,-0.677658,-0.528091,0.511733,-0.629948,0.775934,-0.033452,0.026523,0.100627,-0.086009,0.132689,-0.625439,-0.409278,0.136499,-0.171178,0.033715,0.345848,-0.532553,-0.05053,0.844882,0.743013,-0.505789,0.438228,0.405836,0.861183,0.305816,0.073948,-0.068786,0.151882,0.12978,-1.161873,-0.642331,0.050462,0.042002,0.061553,-0.007247,0.518572,0.054038,0.853324,-0.737911,0.532444,0.414716,-0.431937,-0.844737,0.315986,0.036882,-0.034711,0.075685,0.070253,-1.048605,-0.574263,-0.186602,0.0756,0.060378,-0.062995,0.382848,0.412252,-0.826725,0.567306,0.601375,0.562593,0.729102,-0.684394,-0.003638,0.013321,0.050228,-0.043074,0.062321,-0.836,-0.524488,-0.088686
959,0.152207,0.043867,0.322442,-0.374083,-0.367621,-0.851447,-0.673288,-0.523738,0.521876,-0.637329,0.76895,-0.05053,0.039165,0.099689,-0.086576,-0.036257,-1.251299,-0.551986,0.165093,-0.169845,0.032525,0.348553,-0.535273,-0.059458,0.842579,0.735001,-0.524157,0.430079,0.416723,0.849563,0.323183,0.060396,-0.061781,0.141912,0.509354,-0.785613,-0.409307,0.097413,0.042706,0.060945,-0.00583,0.521508,0.064222,0.850825,-0.729863,0.550081,0.405844,-0.441959,-0.832638,0.333745,0.036438,-0.030497,0.070689,1.547499,-0.480071,0.11067,-0.124389,0.075886,0.06134,-0.063847,0.375213,0.432378,-0.819917,0.56286,0.596519,0.572148,0.73648,-0.676176,-0.019546,0.013004,0.043257,-0.040145,0.05877,-0.739473,-0.52294,-0.0477
960,0.153303,0.047338,0.319531,-0.366461,-0.425914,-0.827254,-0.667155,-0.499474,0.552632,-0.648117,0.754954,-0.10008,0.026166,0.071936,-0.05842,-0.207308,-1.363806,-0.783491,0.249918,-0.167695,0.030047,0.353654,-0.540349,-0.078013,0.837812,0.724042,-0.550223,0.415875,0.429198,0.83141,0.352718,0.047024,-0.064936,0.125196,0.405213,-0.505804,-0.270878,0.137421,0.043785,0.059722,-0.003263,0.527106,0.083206,0.845715,-0.718101,0.57577,0.390921,-0.454411,-0.813366,0.363242,0.023425,-0.032533,0.062509,1.508526,-0.216245,0.047895,-0.046336,0.076437,0.063069,-0.065326,0.357884,0.490184,-0.794757,0.558221,0.569981,0.602918,0.748537,-0.659425,-0.069644,0.006933,0.042394,-0.032239,-0.327788,-1.588372,-1.226926,0.056969
961,0.153511,0.049431,0.318108,-0.416268,-0.450548,-0.789793,-0.704971,-0.388682,0.593224,-0.573744,0.804282,-0.154841,-0.012201,0.024166,-0.013449,-4.853398,2.019754,-2.081531,0.284977,-0.166507,0.027774,0.357939,-0.544417,-0.08158,0.834833,0.702614,-0.587842,0.400887,0.458707,0.804903,0.376274,0.020122,-0.055619,0.102363,4.776615,1.312819,1.465268,0.187889,0.044389,0.058584,-0.001112,0.530871,0.087367,0.842937,-0.698621,0.608142,0.376951,-0.479692,-0.789005,0.383881,0.00319,-0.022937,0.047056,-0.000113,-0.521473,-0.388138,0.030901,0.07655,0.064135,-0.066066,0.400192,0.521893,-0.753308,0.606926,0.464963,0.644554,0.686648,-0.715148,-0.130676,-0.006117,0.012283,-0.006547,-4.868805,1.960932,-2.107817,0.150535
962,0.15335,0.049601,0.318281,-0.413314,-0.495176,-0.76421,-0.713922,-0.34477,0.609443,-0.564751,0.798095,-0.210065,-0.012313,-0.015049,0.021007,-1.780283,-1.759802,1.54187,0.245192,-0.166385,0.026431,0.361142,-0.545242,-0.105443,0.831615,0.705771,-0.592885,0.387697,0.452835,0.798437,0.396612,-0.008802,-0.01786,0.066829,0.110811,-0.545903,-0.361935,0.194051,0.04446,0.057889,0.000496,0.532815,0.110104,0.839037,-0.698047,0.617673,0.362227,-0.478369,-0.778689,0.405963,0.001867,-0.009156,0.032771,0.195613,-0.694139,-0.446566,0.064049,0.076475,0.064223,-0.065988,0.392137,0.565543,-0.725526,0.619361,0.42083,0.662791,0.680161,-0.709268,-0.185252,0.000232,-0.007531,0.010392,-0.355896,-0.890547,-0.362525,0.148575
963,0.153176,0.049289,0.318847,-0.385427,-0.5176,-0.763925,-0.721975,-0.346436,0.598921,-0.57418,0.78302,-0.239214,-0.011715,-0.019108,0.034125,-0.76541,-0.849112,0.191453,0.211104,-0.166495,0.026223,0.362309,-0.546255,-0.121476,0.828758,0.708025,-0.595473,0.379533,0.448064,0.794243,0.410219,-0.009688,-0.008409,0.057363,0.331337,-0.982942,-0.369354,0.210257,0.044406,0.057779,0.001081,0.534043,0.124116,0.836297,-0.700067,0.619521,0.355104,-0.474029,-0.775105,0.41774,-0.005349,0.000621,0.024046,0.134146,-0.467988,-0.297557,0.074173,0.076387,0.064063,-0.065716,0.359777,0.583078,-0.728408,0.629095,0.42495,0.650889,0.689057,-0.692413,-0.213925,-0.00581,-0.009141,0.017382,-1.851318,-1.694096,1.595885,0.114284
964,0.152392,0.048187,0.32098,-0.36258,-0.512832,-0.778193,-0.750072,-0.335027,0.570194,-0.552685,0.79108,-0.262215,-0.023404,-0.037807,0.068562,-1.391256,1.054044,0.036481,0.196344,-0.167091,0.026524,0.363799,-0.546765,-0.142899,0.824997,0.711028,-0.599402,0.367548,0.442648,0.787724,0.428271,-0.024849,0.016227,0.027583,0.29652,-0.639392,-0.38813,0.253321,0.044103,0.057928,0.001848,0.535274,0.146358,0.831902,-0.70289,0.623357,0.342595,-0.468431,-0.768117,0.43654,-0.012451,0.007708,0.013535,0.235617,-0.549462,-0.336633,0.129528,0.075991,0.0635,-0.06464,0.337606,0.576041,-0.744445,0.660271,0.418746,0.623453,0.670868,-0.702016,-0.238972,-0.011652,-0.018186,0.034863,-1.366867,1.138066,0.07781,0.065461
965,0.151544,0.046281,0.324258,-0.365426,-0.468999,-0.804083,-0.77422,-0.326455,0.542201,-0.516342,0.821256,-0.242809,-0.035885,-0.063055,0.098055,-0.240522,1.419415,1.233577,0.166529,-0.16827,0.027226,0.364459,-0.545919,-0.14848,0.824572,0.712196,-0.600463,0.363533,0.441811,0.785889,0.432486,-0.025446,0.01722,0.012718,0.004951,-0.008445,-0.014801,0.231714,0.043523,0.058276,0.002175,0.534611,0.153592,0.831023,-0.704154,0.624688,0.337537,-0.467288,-0.765619,0.442118,-0.019014,0.007757,0.006308,-0.024547,0.061613,-0.045502,0.139979,0.075582,0.062578,-0.063031,0.347979,0.536473,-0.768834,0.686592,0.412576,0.598641,0.638358,-0.73619,-0.224771,-0.011402,-0.025175,0.045753,-1.172005,1.884328,0.93309,0.038844
966,0.150999,0.045021,0.326268,-0.366651,-0.434874,-0.822494,-0.790129,-0.321224,0.521998,-0.490759,0.841811,-0.224803,-0.02302,-0.071266,0.107876,-0.2801,1.460447,1.313687,0.145264,-0.168808,0.027564,0.364631,-0.545867,-0.151199,0.824111,0.712407,-0.601322,0.361693,0.441533,0.784717,0.434893,-0.026226,0.024013,0.001628,0.040973,-0.006806,-0.022864,0.204023,0.043254,0.058443,0.002266,0.534637,0.156175,0.830525,-0.704297,0.625483,0.335761,-0.467042,-0.764447,0.4444,-0.012675,0.006438,0.004992,-0.012379,0.018917,0.001021,0.120221,0.075305,0.061953,-0.062028,0.355234,0.501834,-0.788651,0.704289,0.411056,0.578798,0.614641,-0.761048,-0.207415,-0.017866,-0.034963,0.054615,-1.334787,1.835005,0.827836,0.007819
967,0.149817,0.042089,0.330796,-0.372363,-0.3408,-0.863276,-0.822386,-0.309981,0.477037,-0.429718,0.888003,-0.163766,-0.022817,-0.078078,0.119199,0.888429,3.186098,-0.535135,0.141068,-0.169635,0.027949,0.364888,-0.545187,-0.151385,0.824527,0.712791,-0.601253,0.361053,0.441754,0.784734,0.434637,-0.012649,0.007895,0.005866,-0.000243,0.001001,-0.004237,0.180791,0.042836,0.058636,0.002389,0.533938,0.156018,0.831004,-0.704621,0.62535,0.335327,-0.467352,-0.764587,0.443832,-0.012593,0.003152,0.002916,-0.00125,0.017637,-0.032188,0.074499,0.074716,0.060497,-0.059762,0.373996,0.410499,-0.831634,0.742006,0.405502,0.533847,0.556374,-0.816735,-0.152937,-0.011508,-0.039587,0.059277,-1.273154,2.399053,1.370274,-0.027125
968,0.149345,0.039181,0.335185,-0.395827,-0.218166,-0.892059,-0.835224,-0.318301,0.448393,-0.381282,0.922829,-0.055112,0.002683,-0.060666,0.09982,1.172513,3.504169,-0.48347,0.188634,-0.170063,0.028004,0.365082,-0.544737,-0.151503,0.824803,0.7132,-0.600925,0.360789,0.441647,0.784962,0.434333,-9e-06,0.000759,0.000473,0.0,-0.0,-0.0,0.164583,0.042622,0.058669,0.00249,0.533514,0.156107,0.831259,-0.704985,0.625071,0.335084,-0.467288,-0.764797,0.443537,-0.006273,-0.000146,0.000383,-0.000975,0.01566,-0.028671,0.053435,0.074476,0.059075,-0.057591,0.416145,0.294566,-0.860263,0.755052,0.415224,0.507429,0.506674,-0.860707,-0.04962,0.001342,-0.030325,0.04994,0.733851,2.982951,1.336566,-0.007857
969,0.149418,0.037127,0.338503,-0.448076,-0.101702,-0.888217,-0.809607,-0.375249,0.451326,-0.378653,0.921463,0.086911,0.014594,-0.05008,0.075443,2.438748,3.277166,-1.562329,0.336608,-0.170078,0.027753,0.365121,-0.544429,-0.151561,0.824996,0.713585,-0.600506,0.360726,0.441405,0.785272,0.43402,5.9e-05,-0.00511,-0.00319,0.0,-0.0,-0.0,0.13561,0.042609,0.058543,0.00251,0.533189,0.156159,0.831458,-0.705365,0.624685,0.335005,-0.467085,-0.765103,0.443225,0.006746,-0.00856,0.001832,-0.03548,0.009276,-0.013899,0.023063,0.0745,0.058047,-0.055898,0.483047,0.182701,-0.85632,0.72555,0.463942,0.508265,0.490144,-0.86682,0.091548,0.001069,-0.018706,0.034415,1.503689,4.061331,-1.257761,0.136329
970,0.149825,0.036427,0.33968,-0.463678,-0.094773,-0.880946,-0.76195,-0.464774,0.450986,-0.451613,0.880468,0.144394,0.040214,-0.0323,0.055882,6.996255,-0.666504,-0.926939,0.398155,-0.169852,0.027499,0.365096,-0.545739,-0.148249,0.824732,0.709911,-0.604543,0.361231,0.445698,0.782798,0.434102,0.013539,-0.019155,0.002384,0.086858,0.062837,0.050468,0.124986,0.042722,0.058415,0.002496,0.534415,0.152817,0.831292,-0.701617,0.628634,0.335488,-0.47131,-0.762538,0.443171,0.006771,-0.009938,0.000964,0.088706,0.063106,0.051663,0.003468,0.074713,0.05766,-0.055258,0.50197,0.174196,-0.84716,0.66369,0.550476,0.506449,0.554563,-0.816474,0.160711,0.019864,-0.01697,0.027455,7.021863,-0.67939,-0.968188,0.242468
971,0.152046,0.035212,0.341206,-0.47747,-0.070978,-0.875803,-0.710429,-0.555352,0.432259,-0.516473,0.828673,0.215833,0.077001,-0.029271,0.025422,0.039369,0.030911,2.167267,0.416097,-0.168914,0.026765,0.365038,-0.550273,-0.138094,0.823482,0.698328,-0.616627,0.363376,0.458271,0.775177,0.434685,0.038776,-0.020289,-0.000232,-0.03211,-0.021594,0.044122,0.115257,0.043191,0.058041,0.002463,0.538735,0.142482,0.830338,-0.689721,0.640564,0.337583,-0.483785,-0.75457,0.443367,0.019387,-0.010314,-0.000237,-0.032026,-0.022262,0.044355,-0.019883,0.075824,0.057066,-0.054485,0.518963,0.152755,-0.841036,0.600566,0.634987,0.485911,0.608273,-0.757268,0.237795,0.038381,-0.015453,0.01207,-0.030746,-0.07145,2.0855,0.352362
972,0.155674,0.034418,0.341505,-0.489876,-0.043672,-0.870723,-0.716555,-0.54873,0.430601,-0.495995,0.834916,0.238604,0.102236,-0.005393,-0.006025,0.000504,0.461824,-0.572705,0.382533,-0.167455,0.02576,0.365231,-0.5552,-0.130818,0.821359,0.689893,-0.623868,0.367112,0.465071,0.770623,0.435561,0.038908,-0.019358,0.000316,-0.03212,-0.021809,0.044004,0.115377,0.043891,0.057553,0.002554,0.543476,0.135051,0.828488,-0.681155,0.647752,0.341238,-0.490571,-0.749784,0.444029,0.026207,-0.014931,0.004035,-0.054206,-0.125193,0.22764,-0.026088,0.07756,0.056661,-0.054334,0.532726,0.127406,-0.836642,0.609115,0.628596,0.483574,0.587521,-0.767224,0.257265,0.044658,-0.00286,-0.003055,-0.052268,0.395558,-0.67629,0.338809
973,0.157611,0.034567,0.341184,-0.500181,-0.046091,-0.864719,-0.708098,-0.553034,0.439002,-0.497838,0.831943,0.245061,0.115078,0.015476,-0.023393,1.492856,-0.341782,-0.93539,0.386857,-0.166597,0.025204,0.365336,-0.558475,-0.12649,0.819815,0.682191,-0.632155,0.367327,0.472467,0.764561,0.438275,0.039963,-0.032178,0.00758,0.081382,-0.296541,-0.145066,0.115847,0.044335,0.057271,0.002609,0.546595,0.129256,0.82736,-0.67314,0.655525,0.342299,-0.498112,-0.744028,0.445314,0.026287,-0.016167,0.003236,0.209124,-0.507406,-0.226651,-0.026904,0.078561,0.056724,-0.054497,0.542987,0.131261,-0.829418,0.600316,0.629973,0.4927,0.587183,-0.765444,0.263269,0.051068,0.012962,-0.015727,4.874675,-2.18942,-1.748013,0.327542
974,0.162366,0.036099,0.339413,-0.51298,-0.116107,-0.850538,-0.64355,-0.6037,0.47049,-0.567466,0.788859,0.236028,0.127001,0.053585,-0.060327,0.108931,0.566836,-3.110252,0.447749,-0.16429,0.023901,0.365366,-0.561607,-0.12489,0.817919,0.677863,-0.636147,0.368446,0.474985,0.761504,0.440867,0.064785,-0.027564,-0.006936,0.024033,-0.212678,0.204333,0.115018,0.045503,0.056614,0.002631,0.549847,0.129082,0.82523,-0.668838,0.659845,0.342431,-0.500323,-0.74023,0.449149,0.032398,-0.014097,-0.003705,0.012085,-0.200464,0.214892,-0.02919,0.080933,0.057478,-0.055366,0.543841,0.200376,-0.814914,0.528161,0.672899,0.51793,0.652136,-0.712078,0.260119,0.069868,0.025921,-0.03102,0.175843,-1.400253,-0.790478,0.367711
975,0.16792,0.037767,0.336875,-0.5293,-0.206151,-0.823036,-0.589777,-0.607974,0.531509,-0.609304,0.766991,0.201246,0.151243,0.03042,-0.061909,-0.139371,0.15724,-3.64825,0.470515,-0.160974,0.022517,0.365274,-0.556006,-0.145651,0.818312,0.6824,-0.641937,0.349543,0.47507,0.752936,0.455256,0.078963,-0.037679,0.000919,0.242702,-0.540408,-0.291834,0.109714,0.047097,0.055943,0.002581,0.544614,0.148344,0.825463,-0.672712,0.665037,0.32432,-0.500853,-0.731928,0.461981,0.045824,-0.018824,-7.2e-05,0.48026,-0.223851,-1.017518,-0.030333,0.083649,0.05831,-0.056604,0.546715,0.290306,-0.78538,0.470941,0.668939,0.575094,0.692325,-0.684282,0.229002,0.075622,0.020537,-0.035157,-0.546139,-1.408665,-1.434012,0.428945
976,0.17323,0.039468,0.33394,-0.543082,-0.277338,-0.792585,-0.563472,-0.579476,0.588795,-0.62191,0.766708,0.159422,0.124948,0.048007,-0.080607,-0.410611,-1.025608,-1.416355,0.477841,-0.157593,0.021192,0.365372,-0.549651,-0.177695,0.816272,0.691627,-0.644689,0.325517,0.469068,0.74369,0.476198,0.093071,-0.042689,0.012085,0.391765,-0.956555,-0.438599,0.099247,0.048787,0.055273,0.00262,0.538788,0.179355,0.823127,-0.681474,0.667219,0.300684,-0.495277,-0.722945,0.481716,0.04653,-0.021532,0.005865,0.208719,-0.630635,-0.475782,-0.046662,0.086323,0.059145,-0.05806,0.550121,0.363834,-0.751658,0.443385,0.635491,0.632107,0.707655,-0.68101,0.188278,0.062507,0.023651,-0.04063,-0.38256,-0.964294,-1.366483,0.451643
977,0.17534,0.040468,0.332277,-0.544835,-0.297589,-0.78399,-0.556924,-0.570563,0.603544,-0.626253,0.765824,0.146109,0.09899,0.055307,-0.090523,-0.131279,-0.291472,-1.250406,0.476791,-0.155943,0.020517,0.365556,-0.548083,-0.193745,0.813671,0.69717,-0.643155,0.316606,0.462642,0.741026,0.486524,0.092083,-0.028217,0.005806,0.282085,-0.701953,-0.22825,0.092727,0.049643,0.054914,0.002713,0.537921,0.197594,0.81951,-0.687017,0.666112,0.290346,-0.488515,-0.719201,0.494066,0.046577,-0.019637,0.00706,0.357494,-0.894558,-0.358223,-0.052704,0.087429,0.059666,-0.05892,0.547496,0.386892,-0.741998,0.436522,0.62445,0.647695,0.713929,-0.67851,0.172997,0.055888,0.027059,-0.045961,-0.185704,-0.561287,-1.161785,0.454582
978,0.179102,0.042157,0.328661,-0.542431,-0.328213,-0.773363,-0.55078,-0.556204,0.622296,-0.633724,0.763912,0.121897,0.086092,0.032279,-0.091362,-0.042046,-0.178445,-0.800564,0.468662,-0.152397,0.01929,0.366203,-0.54506,-0.24563,0.801603,0.721306,-0.624598,0.299213,0.427847,0.741589,0.516581,0.093006,-0.028344,0.021275,-4.213701,-2.297283,-3.036718,0.08779,0.051451,0.054283,0.003034,0.53698,0.249743,0.805779,-0.710228,0.649272,0.272068,-0.455223,-0.718383,0.52602,0.046478,-0.0138,0.010879,-4.263114,-2.224483,-3.000256,-0.064134,0.089314,0.060523,-0.060725,0.540318,0.41672,-0.731027,0.430758,0.609314,0.66572,0.722844,-0.674596,0.149718,0.043069,0.0152,-0.046431,-0.081403,-0.361673,-0.739204,0.452133
979,0.182121,0.042613,0.325179,-0.534698,-0.364074,-0.762622,-0.534149,-0.553723,0.638785,-0.654188,0.749363,0.102559,0.074095,-0.000722,-0.084271,-0.070825,-0.247334,-0.533289,0.443567,-0.148982,0.018853,0.366841,-0.542958,-0.302352,0.783435,0.745868,-0.602136,0.284685,0.386322,0.739282,0.551435,0.077575,-0.000427,0.009128,0.134807,-0.626164,-0.210329,0.080048,0.053095,0.054068,0.003349,0.536034,0.306305,0.786666,-0.736054,0.625892,0.257843,-0.413389,-0.717242,0.560956,0.0387,0.000819,0.005178,-0.99362,-1.220572,-1.269456,-0.072299,0.090805,0.06076,-0.06244,0.527535,0.450384,-0.720319,0.41339,0.60465,0.680812,0.742168,-0.656926,0.13279,0.030701,-0.0008,-0.04227,-0.214092,-0.574372,-0.572115,0.426986
980,0.183216,0.042658,0.323575,-0.531613,-0.370839,-0.761519,-0.533284,-0.55198,0.641013,-0.657401,0.747337,0.09663,0.061543,0.000204,-0.08354,-0.00306,-0.374887,-0.142672,0.436079,-0.147463,0.018879,0.367026,-0.542687,-0.332823,0.771175,0.760724,-0.583825,0.283515,0.356533,0.74092,0.569021,0.077427,0.00153,0.010373,-0.350813,-1.301355,0.177456,0.067722,0.053889,0.054083,0.003446,0.536138,0.33631,0.774242,-0.751558,0.607788,0.256422,-0.384338,-0.719366,0.578615,0.038117,0.00597,0.000682,-1.768454,-2.915277,0.840219,-0.082423,0.091404,0.060772,-0.063313,0.523441,0.457171,-0.719029,0.412256,0.602635,0.683281,0.745689,-0.654082,0.126973,0.030817,-0.000247,-0.042074,-0.009507,-0.372586,-0.151022,0.41229
981,0.185091,0.043127,0.320249,-0.526814,-0.369311,-0.765585,-0.532399,-0.55878,0.635836,-0.661966,0.743023,0.09871,0.048383,0.030717,-0.092708,0.249828,-0.066891,0.126673,0.417093,-0.144616,0.01937,0.367189,-0.535648,-0.375931,0.756141,0.781572,-0.559567,0.275615,0.320153,0.739074,0.592566,0.063002,0.015237,0.004636,0.266138,-0.600041,0.104479,0.052374,0.055317,0.054324,0.00353,0.53073,0.379337,0.757909,-0.773074,0.583206,0.249452,-0.347391,-0.718313,0.602781,0.037255,0.013737,-0.002117,0.366532,-0.634812,-0.086764,-0.108223,0.092341,0.060992,-0.064987,0.519128,0.45509,-0.723462,0.41061,0.609581,0.678092,0.749602,-0.649079,0.129586,0.024247,0.015407,-0.046336,0.24977,-0.055405,0.12822,0.38453
982,0.186611,0.044377,0.316715,-0.525729,-0.368025,-0.76695,-0.530963,-0.562456,0.633793,-0.663979,0.740882,0.101252,0.048111,0.046574,-0.096977,0.164704,0.022091,0.129215,0.410373,-0.142414,0.020306,0.367136,-0.537506,-0.401613,0.741475,0.793693,-0.537767,0.284238,0.285244,0.741778,0.606848,0.048858,0.024419,-0.004018,-0.986059,-0.885952,-1.038826,0.031746,0.0564,0.054783,0.003516,0.535918,0.3998,0.743606,-0.782475,0.565968,0.259639,-0.317054,-0.720999,0.616146,0.024457,0.012005,-0.002189,0.304782,-0.586867,0.045809,-0.128471,0.0931,0.061617,-0.066754,0.518387,0.453761,-0.724827,0.408976,0.612834,0.676144,0.751008,-0.646941,0.132108,0.024118,0.023484,-0.048342,0.179041,0.044594,0.145887,0.367875
983,0.188487,0.046803,0.312423,-0.537836,-0.363842,-0.760524,-0.52935,-0.556388,0.640463,-0.655511,0.747499,0.107597,0.059658,0.075694,-0.123834,0.335596,-0.218681,-0.206492,0.401448,-0.140642,0.021114,0.366836,-0.529957,-0.426311,0.733074,0.811748,-0.504913,0.293363,0.245723,0.751066,0.612686,0.0367,0.016212,-0.008297,-4.009716,-1.674613,-3.279134,-0.001255,0.057326,0.055219,0.003366,0.527535,0.428434,0.733587,-0.803865,0.531054,0.267923,-0.274787,-0.731044,0.624552,0.018378,0.007825,-0.004333,-4.010106,-1.664624,-3.274927,-0.163578,0.094016,0.062818,-0.06884,0.530988,0.45037,-0.717786,0.408252,0.606311,0.682433,0.74255,-0.655402,0.138079,0.029699,0.043954,-0.065248,0.501437,-0.013686,-0.774492,0.357424
984,0.189836,0.048486,0.30982,-0.54646,-0.377008,-0.747858,-0.517035,-0.550644,0.655315,-0.658189,0.74524,0.106914,0.08432,0.097627,-0.140196,0.257561,-0.485852,-1.229088,0.397416,-0.139825,0.021311,0.366717,-0.517588,-0.443461,0.731735,0.825664,-0.482952,0.291496,0.224759,0.755589,0.615169,0.038192,0.003491,-0.000946,-3.895096,-1.881949,-3.474448,-0.051259,0.057735,0.055316,0.003306,0.515759,0.445144,0.73201,-0.818177,0.509356,0.266724,-0.254123,-0.736479,0.626911,0.019107,0.001499,-0.000642,-3.835634,-1.960724,-3.507184,-0.195257,0.094712,0.063689,-0.070187,0.537601,0.462754,-0.70487,0.396,0.59946,0.695579,0.744424,-0.653073,0.13902,0.042256,0.048381,-0.070445,0.108815,-0.614117,-1.435658,0.349749
985,0.193988,0.052375,0.304504,-0.547364,-0.451661,-0.704585,-0.484067,-0.515948,0.706716,-0.682051,0.728459,0.06466,0.122036,0.106155,-0.134666,0.225335,-1.089171,-4.051731,0.397414,-0.138078,0.021101,0.367173,-0.494253,-0.462652,0.735975,0.843467,-0.459877,0.277507,0.210673,0.758499,0.61657,0.054179,-0.020397,0.02932,0.071208,-0.03994,-0.214482,-0.095608,0.05859,0.055204,0.003513,0.491965,0.466732,0.734936,-0.837183,0.485296,0.252214,-0.238945,-0.739356,0.629489,0.020653,-0.01018,0.01518,0.283435,0.352098,-0.698989,-0.259103,0.096743,0.065578,-0.072806,0.526231,0.531355,-0.663883,0.368036,0.561492,0.74113,0.766569,-0.634339,0.099917,0.061132,0.052766,-0.067597,-0.618499,-1.715999,-1.615282,0.341585
986,0.19955,0.056572,0.299216,-0.565777,-0.506741,-0.650503,-0.499029,-0.417638,0.759289,-0.65574,0.754839,-0.015773,0.159462,0.106508,-0.136407,-1.961617,-0.908246,-1.966235,0.395996,-0.136258,0.019725,0.36899,-0.452528,-0.496083,0.74102,0.870154,-0.427145,0.245587,0.195243,0.756549,0.624001,0.045278,-0.050818,0.057663,-0.885443,-0.92704,-1.855417,-0.100332,0.059503,0.054533,0.004414,0.452618,0.49838,0.739428,-0.862858,0.453998,0.222173,-0.224972,-0.738581,0.635519,0.023187,-0.029882,0.033764,-3.810468,-1.143255,-4.280474,-0.280658,0.099509,0.067686,-0.07544,0.533354,0.591089,-0.6051,0.389942,0.462992,0.795979,0.750651,-0.660493,0.016448,0.073395,0.052561,-0.068582,-4.615266,2.077034,-2.094001,0.343218
987,0.202694,0.058523,0.296539,-0.578877,-0.528438,-0.621048,-0.504807,-0.365938,0.781813,-0.63969,0.766741,-0.054148,0.172677,0.091793,-0.133327,-1.819458,-0.667894,-1.887822,0.402491,-0.135311,0.018449,0.370303,-0.430863,-0.516221,0.740179,0.883401,-0.4085,0.229489,0.184419,0.75339,0.631075,0.048434,-0.074973,0.073467,0.189319,-0.662222,-0.788758,-0.104305,0.059975,0.053911,0.005069,0.430515,0.52027,0.737546,-0.877073,0.434047,0.205778,-0.21307,-0.735473,0.643178,0.024143,-0.0372,0.036881,0.226507,-0.347558,-1.663245,-0.28474,0.101076,0.068672,-0.076775,0.540965,0.614555,-0.574176,0.401006,0.411627,0.818386,0.73929,-0.672966,-0.023765,0.079643,0.05157,-0.069935,-4.274669,1.921811,-2.159402,0.345177
988,0.209537,0.061901,0.291325,-0.605169,-0.555477,-0.570317,-0.511942,-0.277144,0.813067,-0.608953,0.784705,-0.115938,0.186042,0.078587,-0.130208,-0.861188,-1.374984,-1.219076,0.416977,-0.133399,0.014589,0.373589,-0.400303,-0.547933,0.734519,0.897127,-0.397528,0.192533,0.186982,0.736706,0.649742,0.039934,-0.10785,0.085188,0.228991,-0.541103,-0.971067,-0.106368,0.060914,0.052045,0.006683,0.401748,0.552598,0.730228,-0.890082,0.423106,0.16951,-0.215294,-0.718063,0.66184,0.020565,-0.059058,0.047086,1.435263,0.703113,-2.78968,-0.290455,0.104491,0.070365,-0.079383,0.560287,0.643607,-0.52139,0.418021,0.323716,0.848802,0.715078,-0.693525,-0.087668,0.092709,0.044816,-0.06876,-1.439388,-0.089315,-1.366626,0.357261
989,0.217177,0.064426,0.286091,-0.633687,-0.560257,-0.533477,-0.515348,-0.208649,0.831176,-0.576199,0.802331,-0.155839,0.189206,0.047699,-0.126523,-0.436017,-1.136015,-1.021221,0.420291,-0.131993,0.010121,0.376885,-0.364322,-0.578768,0.729582,0.91131,-0.382693,0.15164,0.19188,0.720838,0.665912,0.028081,-0.115409,0.081978,0.222514,-0.535651,-1.015473,-0.099545,0.061631,0.049814,0.008332,0.366545,0.584118,0.724189,-0.903993,0.407717,0.128694,-0.220092,-0.701834,0.677485,0.013329,-0.052781,0.036249,1.249696,1.248323,-2.442982,-0.288822,0.108239,0.071627,-0.081949,0.585203,0.650859,-0.483651,0.429686,0.256923,0.865655,0.687681,-0.714402,-0.129313,0.101083,0.023483,-0.064059,-0.535971,-0.719656,-0.753733,0.372773
990,0.220876,0.065148,0.283724,-0.652494,-0.555151,-0.515853,-0.513229,-0.177178,0.839748,-0.556778,0.813374,-0.168664,0.191863,0.02594,-0.113581,-0.543271,-0.362286,-0.818587,0.415211,-0.131533,0.008074,0.378326,-0.348541,-0.5913,0.727238,0.917239,-0.374616,0.13517,0.192928,0.714896,0.671987,0.026746,-0.104647,0.073383,0.176119,-0.741189,-0.873167,-0.092576,0.061873,0.048738,0.009082,0.350272,0.596939,0.721783,-0.910098,0.399078,0.111607,-0.221425,-0.695988,0.68306,0.01328,-0.052068,0.036833,-0.077712,-0.170089,-0.813359,-0.28572,0.110091,0.071995,-0.083151,0.60181,0.650188,-0.463767,0.430659,0.224835,0.87406,0.672574,-0.725743,-0.144702,0.088933,0.017969,-0.060416,-3.286687,3.562967,-1.951646,0.371304
991,0.227581,0.065793,0.280031,-0.684268,-0.554455,-0.473712,-0.499073,-0.117671,0.858517,-0.530906,0.824564,-0.1956,0.169456,0.004539,-0.081802,-0.598814,-0.850127,-1.098464,0.39568,-0.130784,0.004425,0.381021,-0.324787,-0.61069,0.722192,0.923895,-0.368024,0.104453,0.202383,0.701913,0.682805,0.024677,-0.087653,0.068968,0.090568,-0.559604,-0.879653,-0.089314,0.062259,0.046861,0.010448,0.32656,0.617706,0.7154,-0.916584,0.391722,0.080166,-0.23072,-0.681903,0.6941,0.012275,-0.043765,0.034506,0.138069,-0.658341,-0.918168,-0.278861,0.113523,0.07231,-0.085077,0.632,0.65103,-0.420398,0.423917,0.163692,0.890785,0.648744,-0.74119,-0.17253,0.084687,0.002875,-0.040382,-0.577398,-0.280769,-0.930464,0.350566
992,0.232927,0.065149,0.277792,-0.7184,-0.54716,-0.429607,-0.475012,-0.065423,0.877528,-0.507366,0.835168,-0.212367,0.097784,-0.043951,-0.034401,-0.399046,-0.134022,-0.84182,0.206146,-0.13064,0.001243,0.383184,-0.274274,-0.628595,0.727759,0.936795,-0.34546,0.054824,0.217273,0.697578,0.682671,-0.004512,-0.067571,0.036717,0.105244,0.06648,-1.073203,-0.077105,0.06233,0.04531,0.011525,0.276776,0.637885,0.718677,-0.928977,0.368889,0.030348,-0.245754,-0.676034,0.694681,-0.002301,-0.033745,0.018377,0.464694,0.410902,-1.456645,-0.274942,0.116227,0.071991,-0.08623,0.663081,0.649449,-0.372207,0.405605,0.106187,0.907859,0.629132,-0.752954,-0.193009,0.042417,-0.021966,-0.016661,-0.405699,-0.314604,-0.75263,0.265328
993,0.234266,0.063181,0.277216,-0.710837,-0.55674,-0.42988,-0.488313,-0.049356,0.871256,-0.505401,0.829933,-0.236239,-0.007636,-0.041157,-0.003633,0.405206,-4.523723,3.40101,-0.106078,-0.131241,-0.000159,0.382987,-0.264449,-0.623748,0.735525,0.926874,-0.374966,0.01542,0.266488,0.686591,0.676342,-0.027045,0.00141,-0.044972,0.175976,0.350553,-0.678445,-0.052651,0.062036,0.044587,0.01146,0.266647,0.633338,0.726485,-0.917732,0.397089,-0.009334,-0.294391,-0.66423,0.687117,-0.006869,0.000525,-0.02317,0.407815,0.338423,-0.210355,-0.245877,0.11694,0.070988,-0.08655,0.657966,0.656058,-0.369685,0.419153,0.08878,0.903564,0.625612,-0.749469,-0.216574,-0.003944,-0.019619,-0.000896,-0.353808,0.816492,0.793094,-0.039045
994,0.233745,0.062598,0.277455,-0.695339,-0.548967,-0.46388,-0.525653,-0.051786,0.849105,-0.489293,0.834942,-0.251974,-0.035211,-0.036937,0.021505,-1.816236,0.401313,2.543735,-0.155118,-0.131796,0.000238,0.381763,-0.275353,-0.615165,0.738745,0.915713,-0.401689,0.006977,0.292777,0.679165,0.672964,-0.032328,0.041811,-0.082436,0.566503,0.364476,-0.376917,-0.065776,0.061761,0.044764,0.010858,0.277215,0.624146,0.730474,-0.905969,0.422976,-0.017593,-0.319954,-0.65691,0.682713,-0.015514,0.015999,-0.036424,1.406045,0.312408,0.58107,-0.24751,0.116692,0.070685,-0.08645,0.641938,0.650257,-0.406301,0.456831,0.101222,0.883774,0.615808,-0.75294,-0.232079,-0.025016,-0.01148,0.009299,-0.199504,1.030919,1.485652,-0.194825
995,0.230699,0.060865,0.279068,-0.675716,-0.508853,-0.533406,-0.582003,-0.075933,0.809616,-0.451644,0.85815,-0.244176,-0.110604,-0.074648,0.064047,-0.469739,2.229332,0.472668,-0.221283,-0.133327,0.003189,0.377831,-0.299158,-0.57931,0.758219,0.901685,-0.431523,0.026213,0.312356,0.692235,0.650467,-0.053566,0.105875,-0.118467,-0.571029,1.068354,0.784656,-0.061971,0.061025,0.046152,0.008934,0.297782,0.59077,0.749877,-0.891533,0.452947,-0.002807,-0.341312,-0.667704,0.661571,-0.026087,0.047723,-0.054688,-0.160983,1.4827,0.276842,-0.254695,0.115195,0.069847,-0.085646,0.6306,0.609542,-0.480416,0.513994,0.1358,0.846975,0.581507,-0.781035,-0.227666,-0.056503,-0.030701,0.029951,-2.341972,5.602918,-0.270298,-0.364647
996,0.224593,0.058301,0.282516,-0.675019,-0.456725,-0.57948,-0.601318,-0.114643,0.790725,-0.426743,0.882777,-0.196525,-0.190799,-0.071126,0.109462,0.466963,1.13958,0.929465,-0.214034,-0.136129,0.008156,0.372645,-0.350226,-0.518178,0.780272,0.883695,-0.458846,0.092075,0.310731,0.722411,0.617602,-0.083469,0.138282,-0.141562,-0.384694,2.076104,0.80529,0.002989,0.059649,0.048619,0.006368,0.348394,0.530111,0.773048,-0.874332,0.481069,0.064151,-0.337882,-0.698251,0.631095,-0.042362,0.0743,-0.075318,-1.598833,0.762848,2.782263,-0.219097,0.112174,0.068551,-0.083953,0.641388,0.557563,-0.527014,0.529156,0.1759,0.830091,0.55553,-0.811284,-0.182218,-0.09625,-0.028255,0.053071,0.715894,1.449339,1.248983,-0.399101
997,0.220348,0.057104,0.284908,-0.671439,-0.426712,-0.605914,-0.613996,-0.137593,0.777206,-0.414184,0.894409,-0.168855,-0.229971,-0.071392,0.128795,0.5977,1.447491,1.058903,-0.173141,-0.13794,0.011047,0.369762,-0.37089,-0.485664,0.791557,0.876407,-0.464835,0.125591,0.307392,0.740906,0.597019,-0.110469,0.148324,-0.147865,-0.175954,1.947781,0.940087,0.036927,0.058753,0.050061,0.004929,0.368439,0.496359,0.786053,-0.867569,0.487386,0.098883,-0.33403,-0.718388,0.610197,-0.048731,0.074969,-0.073938,-0.266323,1.875926,0.92839,-0.184806,0.110066,0.067957,-0.082759,0.643622,0.52874,-0.553338,0.539279,0.199712,0.818103,0.543072,-0.824953,-0.156599,-0.109365,-0.027441,0.063175,0.811183,1.721341,1.345222,-0.39012
998,0.211019,0.054471,0.290677,-0.652012,-0.373687,-0.65976,-0.650847,-0.170629,0.739767,-0.38821,0.912207,-0.131135,-0.268131,-0.072252,0.162136,0.715602,1.669412,1.389184,-0.130548,-0.142199,0.016947,0.363949,-0.40791,-0.413506,0.814011,0.856984,-0.480789,0.185352,0.315214,0.773709,0.549435,-0.122078,0.147773,-0.145681,-0.140076,1.729694,1.267636,0.077895,0.056591,0.053074,0.00197,0.403061,0.422143,0.811995,-0.848744,0.504292,0.15913,-0.342307,-0.753316,0.561552,-0.061567,0.078719,-0.077468,0.008809,1.467726,1.123077,-0.113611,0.105414,0.066656,-0.079873,0.635237,0.476343,-0.607923,0.5734,0.236428,0.784419,0.517383,-0.846875,-0.122947,-0.12739,-0.040738,0.085514,0.537592,1.468527,1.295576,-0.346685
