frame,MLTx,MLTy,MLTz,MLTR1,MLTR2,MLTR3,MLTR4,MLTR5,MLTR6,MLTR7,MLTR8,MLTR9,MLTTVx,MLTTVy,MLTTVz,MLTRVx,MLTRVy,MLTRVz,MLGA,MRTx,MRTy,MRTz,MRTR1,MRTR2,MRTR3,MRTR4,MRTR5,MRTR6,MRTR7,MRTR8,MRTR9,MRTTVx,MRTTVy,MRTTVz,MRTRVx,MRTRVy,MRTRVz,MRGA,SLTx,SLTy,SLTz,SLTR1,SLTR2,SLTR3,SLTR4,SLTR5,SLTR6,SLTR7,SLTR8,SLTR9,SLTTVx,SLTTVy,SLTTVz,SLTRVx,SLTRVy,SLTRVz,SLGA,SRTx,SRTy,SRTz,SRTR1,SRTR2,SRTR3,SRTR4,SRTR5,SRTR6,SRTR7,SRTR8,SRTR9,SRTTVx,SRTTVy,SRTTVz,SRTRVx,SRTRVy,SRTRVz,SRGA
768,0.263127,0.003191,0.304534,-0.889569,-0.357244,-0.284762,-0.00478,-0.616085,0.787648,-0.455715,0.702471,0.546704,-0.05536,-0.021465,0.004528,-0.039624,0.065573,-0.139281,-1.90958,-0.139286,0.010866,0.304466,0.807146,-0.527902,0.264245,0.082425,0.543823,0.835103,-0.58556,-0.65159,0.482092,-4e-06,4.1e-05,4.1e-05,0.0,0.0,0.0,0.106518,0.025103,0.023847,-0.028645,-0.806994,0.51177,0.294707,-0.064375,-0.572288,0.817521,0.58704,0.640763,0.494778,-0.0,1.4e-05,1.1e-05,-1.1e-05,-5e-06,-5e-06,-0.040621,0.168785,0.025976,-0.08848,-0.832779,-0.445384,-0.328802,0.059926,-0.662963,0.746249,-0.550352,0.601757,0.578793,-0.027667,-0.010774,0.002235,-0.039324,0.071816,-0.144583,-0.813206
769,0.26197,0.002614,0.304719,-0.883103,-0.370673,-0.287708,0.003081,-0.617801,0.78631,-0.468114,0.693966,0.54709,-0.055551,-0.020829,0.005141,0.195937,-1.347031,2.228884,-1.909766,-0.139234,0.010878,0.304471,0.807097,-0.527904,0.264391,0.082323,0.543877,0.835078,-0.585642,-0.651544,0.482055,-9e-06,9.3e-05,9.3e-05,0.0,0.0,0.0,0.10442,0.025129,0.023853,-0.028643,-0.806942,0.511767,0.294852,-0.064273,-0.57234,0.817493,0.587122,0.640719,0.494738,-4e-06,4.9e-05,4.5e-05,-2e-06,-5e-06,-8e-06,-0.040294,0.168253,0.025707,-0.088396,-0.825005,-0.458828,-0.329912,0.070066,-0.66233,0.745928,-0.560764,0.592279,0.578575,-0.027012,-0.016003,0.00656,0.061185,0.261203,-0.051779,-0.812553
770,0.259367,0.001353,0.30519,-0.873684,-0.386285,-0.295814,0.007589,-0.618818,0.78548,-0.485389,0.684495,0.543959,-0.068916,-0.032271,0.014488,-0.027191,-0.386974,0.522991,-1.909807,-0.139141,0.010904,0.304471,0.806952,-0.527894,0.264856,0.082008,0.54407,0.834983,-0.585887,-0.651391,0.481964,-0.0,3e-06,3e-06,0.0,0.0,0.0,0.109733,0.025175,0.023866,-0.028643,-0.806789,0.511742,0.295314,-0.063958,-0.572527,0.817386,0.587366,0.640571,0.494639,1e-06,-9e-06,-1.1e-05,-7e-06,-3e-06,-2e-06,-0.038824,0.166957,0.025077,-0.088169,-0.813913,-0.471953,-0.338829,0.074289,-0.66295,0.744968,-0.576217,0.581168,0.574645,-0.0344,-0.016418,0.006974,-0.078778,0.094448,-0.198018,-0.815329
771,0.256808,0.000301,0.30576,-0.871162,-0.386268,-0.303181,0.001687,-0.619852,0.784699,-0.48995,0.683568,0.541028,-0.069637,-0.029312,0.017464,-0.070746,0.044114,-0.124832,-1.909551,-0.139028,0.010935,0.304488,0.806824,-0.527893,0.265246,0.081733,0.544216,0.834915,-0.586101,-0.65127,0.481867,0.013897,0.002147,0.000423,0.002045,-0.015205,0.029245,0.11308,0.025226,0.023879,-0.028636,-0.80665,0.511723,0.295726,-0.063665,-0.572678,0.817303,0.587589,0.640451,0.49453,-4.4e-05,0.000445,0.000445,-1e-06,5e-06,-1.8e-05,-0.033762,0.165674,0.024542,-0.087884,-0.810755,-0.470617,-0.34813,0.067154,-0.66555,0.743325,-0.581519,0.579277,0.571203,-0.02772,-0.013275,0.009366,0.081663,-1.461648,2.15559,-0.817452
772,0.255743,6.5e-05,0.305986,-0.869987,-0.386105,-0.306741,-0.000991,-0.620746,0.783993,-0.492032,0.682847,0.540048,-0.057289,-0.013259,0.012853,-0.034085,0.009204,-0.053054,-1.909567,-0.138997,0.010945,0.304494,0.806726,-0.527874,0.265583,0.081489,0.544348,0.834853,-0.586271,-0.651175,0.481789,-1.2e-05,0.000118,0.000119,0.0,0.0,0.0,0.110738,0.025247,0.023886,-0.028631,-0.806551,0.5117,0.296036,-0.063439,-0.572796,0.817239,0.58775,0.640365,0.494451,-6e-06,5.4e-05,5.2e-05,-1.1e-05,-5e-06,2e-06,-0.033109,0.165116,0.024411,-0.087767,-0.809395,-0.469951,-0.35217,0.064235,-0.666929,0.742346,-0.583739,0.57823,0.569997,-0.028678,-0.006532,0.006566,-0.023639,-0.093855,0.102892,-0.818431
773,0.253986,5.6e-05,0.306351,-0.869232,-0.383365,-0.312269,-0.00548,-0.624115,0.781296,-0.493333,0.681314,0.540797,-0.031676,0.01495,-0.000457,0.035424,0.005355,-0.012281,-1.909556,-0.138954,0.010941,0.304499,0.806503,-0.527822,0.26636,0.080907,0.544639,0.834719,-0.586658,-0.650974,0.48159,6.4e-05,-0.000646,-0.000648,0.0,0.0,0.0,0.09052,0.025268,0.023886,-0.028627,-0.806316,0.511623,0.296808,-0.062856,-0.573077,0.817086,0.588135,0.640174,0.49424,4.5e-05,-0.000447,-0.00045,-5e-06,-3e-06,-3e-06,-0.045029,0.164227,0.024401,-0.087574,-0.808959,-0.466721,-0.357428,0.060236,-0.670621,0.739349,-0.584769,0.576574,0.570619,-0.015853,0.007517,-0.00015,0.030132,0.00596,-0.016138,-0.819248
774,0.253385,0.000461,0.30634,-0.868801,-0.383143,-0.313739,-0.006115,-0.625277,0.780361,-0.494084,0.680371,0.541297,-0.016679,0.013926,-0.003308,0.036163,-0.008539,0.01542,-1.909817,-0.139059,0.010931,0.304488,0.806998,-0.52808,0.264343,0.082532,0.543905,0.835039,-0.585749,-0.651378,0.482149,0.000104,-0.001054,-0.001057,0.008864,-0.039146,0.062876,0.089798,0.025216,0.023882,-0.028632,-0.806846,0.511944,0.294807,-0.064482,-0.572368,0.817457,0.587231,0.640553,0.494825,-0.006917,-0.0014,-0.000539,0.027773,-0.109753,0.173396,-0.054827,0.16392,0.024607,-0.087574,-0.808553,-0.466392,-0.358774,0.059818,-0.671713,0.738391,-0.585374,0.575567,0.571015,-0.001124,0.007722,-0.001694,0.045375,-0.116561,0.186725,-0.817615
775,0.253404,0.000715,0.306247,-0.868247,-0.38272,-0.315779,-0.007369,-0.626483,0.779382,-0.495038,0.679498,0.541523,-0.001643,0.012431,-0.006621,0.045404,-0.116702,0.186826,-1.909762,-0.139164,0.010916,0.304472,0.806941,-0.528035,0.264607,0.082343,0.544038,0.834971,-0.585855,-0.651304,0.482121,-0.013899,-0.002132,-0.000411,-0.002045,0.015205,-0.029245,0.091425,0.025163,0.023872,-0.028642,-0.806787,0.511892,0.29506,-0.064302,-0.572494,0.817383,0.587333,0.640481,0.494796,-0.006946,-0.001087,-0.000225,-0.00217,0.015843,-0.030239,-0.055153,0.163923,0.02474,-0.087614,-0.808063,-0.465812,-0.360627,0.058844,-0.672933,0.737358,-0.586148,0.574611,0.571183,0.006347,0.007205,-0.003109,0.036836,-0.022212,0.05044,-0.814186
776,0.254225,0.001099,0.305987,-0.864381,-0.386154,-0.322141,-0.010567,-0.626574,0.779272,-0.501691,0.677471,0.537927,0.027573,0.013615,-0.008837,-0.016771,-0.125897,0.024534,-1.909872,-0.139404,0.010879,0.304451,0.807476,-0.528262,0.262512,0.084012,0.543286,0.835294,-0.584878,-0.651746,0.482708,6e-06,-6e-05,-6e-05,0.0,-0.0,0.0,0.093513,0.025044,0.023852,-0.028654,-0.807365,0.512189,0.292956,-0.065992,-0.571758,0.817763,0.58635,0.640901,0.495418,-0.006979,-0.000788,7.6e-05,-0.002468,0.017464,-0.032746,-0.0545,0.164323,0.024929,-0.087745,-0.803745,-0.468132,-0.367211,0.055373,-0.673367,0.737231,-0.59239,0.572212,0.567138,0.014594,0.000714,-0.000991,-0.041719,-0.242439,0.159008,-0.814186
777,0.255489,0.001277,0.305857,-0.863141,-0.385057,-0.326747,-0.014035,-0.628547,0.777627,-0.503734,0.676266,0.537535,0.044845,-0.007163,0.006925,-0.032804,-0.036845,0.067672,-1.909294,-0.139586,0.010895,0.304461,0.807418,-0.528197,0.262824,0.083796,0.543462,0.835202,-0.584991,-0.651653,0.482698,-8e-05,0.000826,0.000829,0.0,-0.0,0.0,0.096485,0.024953,0.02386,-0.02865,-0.807291,0.512109,0.293301,-0.065748,-0.571942,0.817653,0.586479,0.640801,0.495394,-5.4e-05,0.000547,0.000553,3e-06,2.7e-05,-6.4e-05,-0.050581,0.164949,0.025022,-0.08782,-0.802445,-0.466823,-0.371695,0.052545,-0.67575,0.735255,-0.594407,0.570471,0.566781,0.014624,0.000621,-0.001121,0.003498,-0.028018,0.059906,-0.813696
778,0.256773,0.00123,0.305874,-0.863272,-0.384796,-0.326708,-0.014382,-0.628286,0.777831,-0.503501,0.676656,0.537262,0.029015,0.002476,-0.000941,0.001969,-0.029429,0.059106,-1.909521,-0.139603,0.010954,0.304463,0.807329,-0.528178,0.263134,0.083632,0.543653,0.835093,-0.585136,-0.651509,0.482716,-0.001492,0.012694,-0.006317,0.036556,-0.009409,0.01861,0.097159,0.024944,0.023889,-0.028649,-0.807197,0.51208,0.293609,-0.065584,-0.572129,0.817536,0.586627,0.640657,0.495405,-0.000752,0.006403,-0.003099,0.036549,-0.009414,0.018609,-0.049438,0.165598,0.024992,-0.087811,-0.802626,-0.466555,-0.371639,0.052139,-0.675544,0.735472,-0.594197,0.570933,0.566536,0.015293,-0.004647,0.003164,-0.033915,-0.022423,0.039435,-0.812226
779,0.257381,0.001207,0.305909,-0.863877,-0.384963,-0.324908,-0.01326,-0.627454,0.778522,-0.502495,0.677333,0.537351,0.028977,0.002711,-0.000712,-0.011513,0.107716,-0.147899,-1.909708,-0.139551,0.010966,0.304469,0.80728,-0.52818,0.26328,0.083531,0.543707,0.835068,-0.585218,-0.651462,0.482679,-3.4e-05,0.000352,0.000353,0.0,0.0,0.0,0.095556,0.02497,0.023896,-0.028644,-0.807145,0.512077,0.293755,-0.065482,-0.572181,0.817508,0.586708,0.640613,0.495365,-2.4e-05,0.000251,0.000252,-2e-06,-0.0,-1e-05,-0.049112,0.165902,0.024981,-0.087794,-0.803182,-0.466852,-0.370063,0.052994,-0.674717,0.736171,-0.593371,0.571668,0.566661,0.015256,-0.004421,0.003398,-0.086603,0.502757,-0.747483,-0.813859
780,0.258453,0.001141,0.306078,-0.865067,-0.385367,-0.321243,-0.011021,-0.62563,0.780024,-0.500501,0.678791,0.537373,0.028647,0.004325,0.000976,0.001966,-0.029399,0.059061,-1.909912,-0.139344,0.011014,0.304491,0.807281,-0.528243,0.26315,0.083649,0.543634,0.835104,-0.5852,-0.651472,0.482689,-5.9e-05,0.000599,0.000601,0.0,0.0,0.0,0.094206,0.025068,0.023919,-0.028634,-0.807144,0.512139,0.29365,-0.065581,-0.57212,0.817542,0.586699,0.640617,0.495371,-4.3e-05,0.00044,0.000438,1.6e-05,-6e-06,-9e-06,-0.050908,0.166438,0.024947,-0.08771,-0.804453,-0.467697,-0.366215,0.05512,-0.67262,0.737931,-0.591452,0.573446,0.566871,0.014319,0.002174,0.000479,0.002238,-0.033403,0.065102,-0.812879
781,0.259122,0.001053,0.306243,-0.861341,-0.392982,-0.322027,-0.005153,-0.627106,0.778899,-0.506969,0.673044,0.538536,0.0,-0.0,-0.0,0.048523,-0.115431,-0.079865,-1.910072,-0.139222,0.011059,0.30452,0.807013,-0.528205,0.264047,0.083003,0.543982,0.834942,-0.585662,-0.651212,0.482478,-2e-05,0.000208,0.000209,0.0,0.0,0.0,0.092407,0.025135,0.023944,-0.028617,-0.806866,0.512079,0.294518,-0.064954,-0.572447,0.817364,0.587151,0.640374,0.49515,-8e-06,7.2e-05,7.1e-05,-1.5e-05,-4e-06,6e-06,-0.051888,0.166777,0.024908,-0.08763,-0.80006,-0.474208,-0.367464,0.060763,-0.673426,0.736752,-0.596834,0.567118,0.567596,-2.8e-05,2.8e-05,9e-06,0.522846,-1.315823,-0.899045,-0.816472
782,0.259186,0.000974,0.306316,-0.862426,-0.390608,-0.322014,-0.005891,-0.62839,0.777858,-0.505116,0.673226,0.540047,-0.00026,0.001189,0.001271,0.063168,0.08824,0.088631,-1.910336,-0.139193,0.011084,0.304527,0.806923,-0.528191,0.264348,0.082802,0.544116,0.834874,-0.585814,-0.651111,0.48243,-0.000108,0.001098,0.0011,0.0,0.0,0.0,0.090786,0.025149,0.023954,-0.028617,-0.806772,0.512056,0.294817,-0.064753,-0.572577,0.817289,0.587304,0.640276,0.495096,-6.2e-05,0.000613,0.000611,0.002098,-0.016409,0.023595,-0.05352,0.166816,0.024863,-0.087593,-0.800967,-0.472769,-0.367342,0.060766,-0.674583,0.735693,-0.595616,0.566944,0.569047,0.000755,-0.005655,0.003893,0.044823,0.136791,0.058809,-0.816798
783,0.258739,0.000696,0.306482,-0.860125,-0.39637,-0.321127,0.000749,-0.630554,0.776127,-0.509053,0.667816,0.54306,-0.02741,-0.014502,0.008052,-0.003051,0.089457,-0.047638,-1.909862,-0.139236,0.011094,0.304528,0.806794,-0.528145,0.264837,0.082455,0.544333,0.834767,-0.586042,-0.650968,0.482347,-0.013952,-0.00153,0.000192,-0.002045,0.015205,-0.029245,0.090345,0.025133,0.023962,-0.028614,-0.806639,0.511999,0.295278,-0.064425,-0.572776,0.817175,0.587522,0.640143,0.495009,0.0,-7e-06,-7e-06,4e-06,-3e-06,-8e-06,-0.055317,0.166602,0.02473,-0.087512,-0.798177,-0.477873,-0.366812,0.067554,-0.676053,0.733749,-0.598623,0.560882,0.571892,-0.007347,-0.000241,0.000662,0.014805,0.044458,0.024478,-0.807328
784,0.25763,0.000304,0.30679,-0.863858,-0.389963,-0.318941,0.000215,-0.633454,0.773763,-0.5027,0.668836,0.547703,-0.042244,-0.014369,0.009963,0.167298,0.396518,0.103848,-1.910245,-0.139356,0.011117,0.304466,0.806659,-0.528087,0.265362,0.082171,0.544671,0.834575,-0.586268,-0.650732,0.48239,4.8e-05,-0.000492,-0.000493,0.0,0.0,0.0,0.08911,0.025067,0.023972,-0.028645,-0.80649,0.51192,0.295822,-0.064122,-0.573115,0.816961,0.587759,0.639903,0.495037,3.2e-05,-0.000311,-0.00031,-1.7e-05,1e-06,2e-06,-0.056623,0.166053,0.024533,-0.087361,-0.801843,-0.473479,-0.364506,0.067541,-0.677924,0.732022,-0.593705,0.562347,0.575568,-0.014822,0.000111,0.001937,0.377746,0.487393,0.243482,-0.807981
785,0.256157,-0.000126,0.307219,-0.865377,-0.388901,-0.316108,0.003847,-0.635953,0.7717,-0.50007,0.667077,0.552237,-0.042684,-0.012236,0.012153,0.257104,0.401587,0.373669,-1.910513,-0.139423,0.011146,0.304403,0.806588,-0.528064,0.265625,0.082085,0.544898,0.834435,-0.586378,-0.650561,0.482488,7.9e-05,-0.000808,-0.00081,0.0,0.0,0.0,0.092578,0.025034,0.023987,-0.028677,-0.806414,0.511888,0.296083,-0.064037,-0.573337,0.816812,0.587873,0.63973,0.495127,5.1e-05,-0.000516,-0.000516,-1e-05,-2e-06,6e-06,-0.056623,0.165317,0.024317,-0.087147,-0.803198,-0.473422,-0.361584,0.071618,-0.679316,0.730342,-0.59139,0.560714,0.579531,-0.021344,-0.00615,0.006059,-0.060032,0.064139,-0.097173,-0.810757
786,0.255287,-0.000337,0.30746,-0.863555,-0.391686,-0.317649,0.005777,-0.637596,0.770332,-0.503187,0.663873,0.553265,-0.042893,-0.011165,0.01324,0.07683,-0.474786,0.802669,-1.909918,-0.139434,0.011145,0.304403,0.806268,-0.530112,0.262499,0.084046,0.541729,0.836301,-0.58654,-0.651538,0.48097,1e-06,-1.2e-05,-1.2e-05,-0.052493,0.037614,0.030958,0.095635,0.025029,0.023985,-0.028678,-0.806198,0.51403,0.292946,-0.065885,-0.570058,0.818957,0.587965,0.640942,0.493447,-1e-06,1.6e-05,1.6e-05,-0.042663,0.044482,0.027396,-0.053521,0.164882,0.024211,-0.087027,-0.80265,-0.473932,-0.362133,0.074079,-0.681659,0.72791,-0.591831,0.55743,0.582242,-0.021444,-0.005614,0.006629,0.189624,-1.454306,2.232518,-0.815492
787,0.253394,-0.000821,0.307894,-0.866355,-0.382122,-0.321646,0.000237,-0.644358,0.764706,-0.49839,0.662905,0.558741,-0.05692,-0.014688,0.011116,0.034571,0.170161,-0.04076,-1.9101,-0.13937,0.011143,0.304407,0.806293,-0.530135,0.262371,0.08413,0.541655,0.836341,-0.586492,-0.65158,0.48097,-2e-05,0.000207,0.000208,-1.1e-05,8e-06,7e-06,0.100944,0.02506,0.023984,-0.028676,-0.806169,0.514106,0.292893,-0.066096,-0.570164,0.818867,0.587981,0.640786,0.493629,-1.3e-05,0.000144,0.000144,0.001434,-0.000572,-0.000664,-0.048948,0.163919,0.023969,-0.086801,-0.806242,-0.464335,-0.366559,0.068893,-0.6891,0.721383,-0.587559,0.556356,0.587571,-0.028464,-0.007384,0.005536,-0.004687,0.160434,-0.053714,-0.812063
788,0.251049,-0.001432,0.308287,-0.863117,-0.378821,-0.334017,-0.006526,-0.653008,0.757304,-0.503927,0.656292,0.561574,-0.055252,-0.027465,0.017247,1.834841,-4.061154,-3.145728,-1.909323,-0.139267,0.011173,0.304425,0.806319,-0.530174,0.262213,0.084257,0.541581,0.836376,-0.586438,-0.65161,0.480996,-2e-06,1.8e-05,1.8e-05,-0.0,0.0,0.0,0.105245,0.025112,0.024001,-0.028666,-0.806206,0.514135,0.29274,-0.06622,-0.570105,0.818898,0.587917,0.640815,0.493668,-0.0,-6e-06,-7e-06,-5e-05,-0.000224,-0.000126,-0.04209,0.162767,0.023676,-0.086609,-0.806064,-0.454973,-0.378497,0.059365,-0.698471,0.713172,-0.588843,0.552393,0.590022,-0.035536,-0.008902,0.004693,0.02795,0.018266,0.127733,-0.814023
789,0.249786,-0.001796,0.308483,-0.862787,-0.37328,-0.341038,-0.012688,-0.658377,0.752563,-0.504376,0.65409,0.563735,-0.05655,-0.016625,0.00883,0.254131,0.483873,0.203663,-1.90977,-0.139225,0.011172,0.304418,0.806254,-0.530168,0.262425,0.084106,0.541662,0.836338,-0.58655,-0.651547,0.480945,2e-05,-0.000207,-0.000208,-0.0,0.0,0.0,0.103171,0.025133,0.024,-0.028669,-0.806139,0.51412,0.29295,-0.066067,-0.570184,0.818855,0.588025,0.640758,0.493614,1.2e-05,-0.00012,-0.000123,-6.3e-05,-0.000177,-0.000104,-0.041927,0.162114,0.023484,-0.086505,-0.802426,-0.455402,-0.385642,0.057916,-0.702617,0.709206,-0.593933,0.546751,0.590174,-0.028275,-0.008369,0.004389,0.216843,0.473444,0.184176,-0.813533
790,0.247023,-0.002583,0.308952,-0.859135,-0.370047,-0.35355,-0.019233,-0.667042,0.744753,-0.510359,0.647101,0.566409,-0.07136,-0.016178,0.010717,0.182391,0.517286,-0.100675,-1.909508,-0.139173,0.01118,0.304405,0.806157,-0.53016,0.26274,0.083897,0.5418,0.836269,-0.586713,-0.651439,0.480892,3.9e-05,-0.000397,-0.000398,-0.0,0.0,0.0,0.100237,0.025159,0.024004,-0.028675,-0.80604,0.514096,0.293263,-0.065853,-0.570318,0.818778,0.588185,0.640657,0.493555,2.2e-05,-0.000221,-0.000222,-5.1e-05,-0.000119,-7.3e-05,-0.04307,0.160792,0.023103,-0.086286,-0.798877,-0.450783,-0.398232,0.052423,-0.711732,0.70049,-0.599204,0.53873,0.592218,-0.0356,-0.008598,0.004863,0.279569,0.54879,-0.126273,-0.817615
791,0.243942,-0.003403,0.30953,-0.857973,-0.362146,-0.364386,-0.028337,-0.67491,0.737337,-0.511886,0.643389,0.569254,-0.084897,-0.026798,0.020589,0.002251,0.324682,-0.275703,-1.909345,-0.139164,0.011194,0.304418,0.806094,-0.530146,0.262961,0.083736,0.541888,0.836229,-0.586823,-0.651378,0.480842,-6.5e-05,0.000662,0.000664,-0.0,0.0,0.0,0.099059,0.025164,0.024009,-0.028671,-0.805976,0.514071,0.293482,-0.06569,-0.570404,0.818732,0.588291,0.6406,0.493501,-4.4e-05,0.00044,0.000442,-1.3e-05,-8e-05,-6.5e-05,-0.046172,0.159225,0.022684,-0.085997,-0.799574,-0.440624,-0.408082,0.044587,-0.721171,0.691319,-0.598909,0.534566,0.596276,-0.043102,-0.007717,0.006426,0.035208,0.334889,-0.245195,-0.823167
792,0.240359,-0.004316,0.310362,-0.857095,-0.35186,-0.376333,-0.038728,-0.684456,0.728005,-0.512676,0.63898,0.573494,-0.099899,-0.024736,0.023853,0.113973,0.503457,-0.206664,-1.909527,-0.139143,0.011196,0.304417,0.806025,-0.530133,0.263199,0.083563,0.541982,0.836185,-0.586943,-0.65131,0.480787,0.013949,0.001558,-0.000165,0.002045,-0.015205,0.029245,0.099423,0.025169,0.024011,-0.02867,-0.805899,0.514044,0.293742,-0.065497,-0.570505,0.818677,0.588418,0.640532,0.493438,-1e-06,-6e-06,-5e-06,7e-06,-6e-05,-5.2e-05,-0.046336,0.15744,0.022225,-0.085583,-0.799273,-0.430308,-0.419518,0.035619,-0.730765,0.681698,-0.59991,0.52992,0.599409,-0.050049,-0.011935,0.012422,0.246462,0.502868,0.007016,-0.829208
793,0.238338,-0.004762,0.310886,-0.8553,-0.349051,-0.382976,-0.043698,-0.687928,0.724442,-0.515266,0.636783,0.573616,-0.099113,-0.033228,0.034422,-0.089626,0.248814,-0.368022,-1.91009,-0.139111,0.0112,0.304417,0.806039,-0.530147,0.263128,0.083619,0.54195,0.8362,-0.586915,-0.651326,0.4808,-0.0,0.0,0.0,-0.0,0.0,0.0,0.100997,0.02519,0.024013,-0.02867,-0.805921,0.514064,0.293648,-0.065571,-0.570464,0.8187,0.58838,0.640553,0.493456,-1e-06,-4e-06,-3e-06,-9e-06,-5.9e-05,-1.6e-05,-0.045682,0.156429,0.022005,-0.085326,-0.798473,-0.425668,-0.42573,0.031014,-0.735303,0.677028,-0.601229,0.527385,0.600322,-0.057465,-0.011229,0.013741,-0.085228,0.093431,-0.162594,-0.835903
794,0.233873,-0.005678,0.312068,-0.851691,-0.340747,-0.398195,-0.055408,-0.697047,0.714861,-0.52009,0.631326,0.575292,-0.115072,-0.019898,0.029404,-0.029345,-0.018201,-0.014684,-1.909283,-0.138966,0.011222,0.304421,0.806073,-0.5302,0.262917,0.08379,0.541851,0.836248,-0.586844,-0.651365,0.480834,-7.6e-05,0.000761,0.000763,-0.0,0.0,0.0,0.104164,0.025263,0.024022,-0.02867,-0.805959,0.514122,0.293439,-0.065741,-0.570368,0.818753,0.588308,0.640592,0.493492,-6.2e-05,0.000605,0.000603,-2.7e-05,-3.8e-05,-8e-06,-0.04258,0.154202,0.021543,-0.084733,-0.795798,-0.416085,-0.439973,0.020838,-0.744941,0.666803,-0.605202,0.521474,0.601494,-0.057583,-0.009885,0.014828,0.00848,-0.308146,0.33046,-0.838189
795,0.229337,-0.006396,0.313212,-0.845734,-0.334046,-0.416163,-0.068074,-0.706004,0.704909,-0.528235,0.624909,0.574877,-0.115106,-0.018105,0.030579,0.262327,0.497394,0.062211,-1.909276,-0.138767,0.011245,0.304419,0.806047,-0.530252,0.262893,0.083828,0.541822,0.836263,-0.586875,-0.651347,0.48082,-0.0,0.0,0.0,-0.0,0.0,0.0,0.107252,0.025362,0.024036,-0.028669,-0.805934,0.514174,0.293417,-0.065778,-0.570339,0.81877,0.588338,0.640575,0.493478,0.006973,0.000781,-8.8e-05,0.00203,-0.015218,0.029222,-0.039967,0.151934,0.021186,-0.084159,-0.788903,-0.409716,-0.458,0.009365,-0.75323,0.65769,-0.614445,0.514565,0.598062,-0.057598,-0.008996,0.015412,0.038001,-0.420102,0.491574,-0.838843
796,0.22695,-0.006613,0.31371,-0.841856,-0.333094,-0.424701,-0.073313,-0.709054,0.701313,-0.533694,0.621953,0.573038,-0.130445,-0.007665,0.022637,0.329966,-1.482018,1.997572,-1.908892,-0.138652,0.011257,0.304417,0.80606,-0.53029,0.262774,0.083928,0.541762,0.836291,-0.586842,-0.651365,0.480836,0.013947,0.001573,-0.000157,0.002045,-0.015205,0.029245,0.108208,0.025414,0.024042,-0.02867,-0.805945,0.514211,0.293323,-0.065859,-0.570293,0.818796,0.588314,0.640587,0.49349,0.0,-2e-06,-6e-06,-2.3e-05,-2e-05,-1e-06,-0.038988,0.150746,0.021074,-0.083906,-0.787424,-0.406533,-0.46335,0.006266,-0.75693,0.653465,-0.616379,0.511651,0.598572,-0.058063,-0.003094,0.011523,-0.06518,0.196711,-0.379705,-0.835903
797,0.222133,-0.006945,0.314471,-0.83673,-0.329742,-0.437262,-0.080964,-0.715227,0.694167,-0.540599,0.61664,0.572306,-0.130756,0.000563,0.010816,0.010059,0.123569,-0.212079,-1.90906,-0.138429,0.011258,0.30439,0.805981,-0.530335,0.262928,0.083838,0.541803,0.836274,-0.586964,-0.651295,0.480782,0.01405,0.000562,-0.001174,0.002045,-0.015205,0.029245,0.112794,0.025525,0.024043,-0.028682,-0.805864,0.51425,0.293477,-0.065768,-0.570331,0.818776,0.588436,0.640521,0.493431,6.7e-05,-0.000668,-0.000674,-2e-05,-1.4e-05,1e-06,-0.033926,0.148337,0.020912,-0.083515,-0.781487,-0.400875,-0.478095,-0.001952,-0.764701,0.644381,-0.623916,0.504509,0.596822,-0.057765,-0.004521,0.00974,-0.050734,0.176222,-0.324425,-0.839496
798,0.217531,-0.007089,0.315,-0.828561,-0.327224,-0.454374,-0.09108,-0.721956,0.685897,-0.551453,0.610097,0.568954,-0.115081,-0.010974,0.016776,-0.039666,0.098942,-0.213788,-1.909578,-0.138269,0.011244,0.304357,0.805867,-0.53035,0.263246,0.083621,0.541915,0.836223,-0.587152,-0.651189,0.480697,0.000152,-0.001498,-0.001503,-0.00212,0.016415,-0.023589,0.116235,0.025611,0.024038,-0.028698,-0.805756,0.514263,0.29375,-0.065585,-0.570422,0.818728,0.588603,0.64043,0.493349,0.006989,0.000657,-0.000214,0.002032,-0.015212,0.029242,-0.030497,0.146073,0.020844,-0.083255,-0.773226,-0.396234,-0.495095,-0.011275,-0.772033,0.635481,-0.634029,0.496953,0.592489,-0.057996,0.000209,0.004522,0.02596,-0.04384,-0.012881,-0.838189
799,0.212917,-0.00741,0.315462,-0.822201,-0.325724,-0.466834,-0.098235,-0.726662,0.679914,-0.559675,0.605288,0.566053,-0.114736,-0.014172,0.012984,-0.040795,0.11463,-0.238174,-1.909016,-0.138141,0.011228,0.304324,0.805658,-0.530331,0.263922,0.083139,0.542175,0.836102,-0.587506,-0.650988,0.480535,0.000149,-0.001458,-0.001463,-0.002122,0.016415,-0.023589,0.120412,0.025675,0.024029,-0.028715,-0.805531,0.514221,0.294441,-0.065087,-0.570681,0.818587,0.588967,0.640233,0.493171,7.2e-05,-0.000698,-0.000704,-0.002121,0.016404,-0.02359,-0.025434,0.143772,0.020689,-0.083019,-0.766923,-0.393231,-0.507147,-0.017544,-0.777127,0.629099,-0.641499,0.491368,0.589097,-0.057387,-0.007109,0.006539,-0.009317,-0.034785,-0.030235,-0.832311
800,0.210625,-0.007687,0.315689,-0.818109,-0.324412,-0.474868,-0.103202,-0.729544,0.676082,-0.564751,0.602517,0.563965,-0.114674,-0.015191,0.011688,-0.011736,-0.016586,-0.055957,-1.908653,-0.138067,0.01123,0.304317,0.804901,-0.529993,0.266893,0.080822,0.543314,0.83559,-0.588866,-0.650315,0.479781,0.013962,0.00146,-0.000279,0.002045,-0.015205,0.029245,0.120779,0.025707,0.024027,-0.028721,-0.804712,0.513783,0.29743,-0.062736,-0.571799,0.817991,0.59034,0.639587,0.492366,6e-06,-4.2e-05,-4.4e-05,0.000221,-0.00122,0.001851,-0.023638,0.14262,0.020555,-0.082908,-0.763225,-0.391202,-0.514245,-0.021548,-0.780029,0.625372,-0.645773,0.48838,0.586908,-0.064522,-0.00835,0.005641,0.307951,-1.449197,1.921751,-0.83721
801,0.206113,-0.008349,0.316232,-0.810613,-0.319406,-0.490847,-0.113569,-0.736563,0.666745,-0.573496,0.596612,0.561411,-0.114102,-0.025378,0.020243,0.029932,-0.341655,0.39377,-1.909851,-0.137929,0.011233,0.304303,0.804282,-0.52971,0.269312,0.078917,0.544224,0.83518,-0.58997,-0.649785,0.479142,4e-06,-3.5e-05,-3.5e-05,-0.0,0.0,-0.0,0.121529,0.025781,0.024029,-0.028728,-0.804058,0.513431,0.299796,-0.060856,-0.572663,0.817528,0.591427,0.639096,0.4917,0.006975,0.000801,-7.3e-05,0.002183,-0.015946,0.030342,-0.021679,0.140369,0.020222,-0.082645,-0.757037,-0.38488,-0.527978,-0.029647,-0.787015,0.616219,-0.652698,0.482154,0.58439,-0.057402,-0.00721,0.006031,-0.058064,0.120163,-0.258115,-0.838353
802,0.20143,-0.009144,0.316834,-0.801702,-0.32232,-0.503417,-0.11709,-0.741226,0.660943,-0.585187,0.589222,0.557136,-0.128667,-0.02686,0.019039,-0.077607,0.140716,-0.286731,-1.909578,-0.137754,0.011268,0.30423,0.803631,-0.529443,0.271769,0.077087,0.545244,0.834686,-0.591099,-0.649148,0.478614,0.000173,-0.001673,-0.00168,-0.002125,0.016419,-0.023586,0.122747,0.025868,0.02405,-0.028761,-0.803371,0.51309,0.30221,-0.05904,-0.573641,0.816975,0.592543,0.638492,0.49114,0.007002,0.000548,-0.000328,0.002152,-0.015887,0.030259,-0.020699,0.137985,0.019821,-0.082337,-0.746403,-0.384983,-0.542834,-0.033932,-0.792609,0.608784,-0.664627,0.472818,0.578543,-0.05714,-0.013052,0.009562,-0.072454,0.105957,-0.230035,-0.834271
803,0.199,-0.009537,0.317158,-0.795686,-0.32578,-0.510681,-0.117281,-0.744301,0.657443,-0.593296,0.583415,0.554665,-0.129406,-0.013437,0.012853,-0.040886,0.115078,-0.24275,-1.909098,-0.137665,0.011321,0.304171,0.802913,-0.529134,0.274479,0.075078,0.546392,0.834119,-0.592333,-0.648436,0.478054,0.014075,0.000376,-0.001373,0.0018,-0.01415,0.027547,0.128587,0.025907,0.024075,-0.028791,-0.802579,0.512681,0.304998,-0.056954,-0.574791,0.816315,0.59382,0.637787,0.490514,-0.000621,0.004957,-0.004552,0.032248,0.015665,-0.018874,-0.01825,0.136819,0.019625,-0.082185,-0.739811,-0.387105,-0.550298,-0.033756,-0.79552,0.604985,-0.671966,0.466151,0.575468,-0.057495,-0.006698,0.006135,-0.011688,-0.015903,-0.055587,-0.832638
804,0.193968,-0.010161,0.317841,-0.786132,-0.32244,-0.527328,-0.12771,-0.75005,0.648913,-0.603782,0.577874,0.549123,-0.129533,-0.009955,0.015653,0.059191,-0.352491,0.407313,-1.909583,-0.137469,0.011534,0.303957,0.800877,-0.528229,0.282066,0.06956,0.549735,0.832398,-0.595755,-0.646349,0.476627,-0.00123,0.00976,-0.009252,0.006308,0.12109,-0.190885,0.141191,0.026006,0.024174,-0.028892,-0.800653,0.511675,0.311675,-0.052072,-0.577677,0.814602,0.59686,0.635985,0.489163,-0.000577,0.004501,-0.005007,-0.300475,1.455448,-2.32906,-0.00437,0.134303,0.019303,-0.081846,-0.731683,-0.382555,-0.564172,-0.041835,-0.800901,0.597332,-0.680359,0.46066,0.570002,-0.064537,-0.011131,0.011404,-0.082809,0.165197,-0.31848,-0.838516
805,0.188839,-0.01085,0.318627,-0.773378,-0.325597,-0.543984,-0.133897,-0.754845,0.642068,-0.61872,0.569801,0.540869,-0.129186,-0.021258,0.022985,-0.052734,0.007893,-0.103113,-1.908695,-0.13725,0.011895,0.303529,0.797556,-0.531163,0.285939,0.066294,0.548138,0.833717,-0.600565,-0.645297,0.471992,0.012929,0.00928,-0.011493,-0.103279,0.091598,0.106896,0.153051,0.026116,0.024353,-0.0291,-0.797309,0.513947,0.316473,-0.048034,-0.576702,0.81554,0.601656,0.635036,0.484497,-0.000508,0.003909,-0.005607,-0.21565,0.159332,0.131854,0.010979,0.13169,0.018963,-0.081446,-0.717205,-0.382213,-0.58269,-0.048482,-0.806771,0.588872,-0.695172,0.450592,0.56009,-0.071844,-0.010495,0.012006,0.042336,-0.357356,0.419348,-0.83574
806,0.186189,-0.01128,0.319094,-0.766416,-0.322594,-0.555503,-0.141524,-0.758757,0.635791,-0.625645,0.566296,0.536567,-0.128906,-0.03228,0.03094,-0.015023,-0.324214,0.365079,-1.909149,-0.137222,0.012174,0.303244,0.795659,-0.534708,0.284614,0.06685,0.544332,0.836162,-0.603016,-0.645586,0.468458,-0.002476,0.0196,-0.01841,-0.107645,0.109958,0.14409,0.1559,0.026135,0.024494,-0.029249,-0.795404,0.517707,0.315136,-0.048519,-0.572681,0.81834,0.604133,0.635622,0.480631,-0.001193,0.00945,-0.00956,-0.159408,0.156679,0.147303,0.018001,0.130364,0.018753,-0.081214,-0.710832,-0.377778,-0.593296,-0.055063,-0.811038,0.582395,-0.701202,0.446655,0.555711,-0.071878,-0.01049,0.011835,0.255608,-1.465433,1.965708,-0.839496
807,0.181046,-0.012337,0.320051,-0.754995,-0.315437,-0.574914,-0.154538,-0.76647,0.623389,-0.636359,0.559892,0.530656,-0.129336,-0.034479,0.028124,-0.061462,0.172676,-0.234171,-1.909266,-0.137402,0.013119,0.302488,0.790868,-0.543486,0.281321,0.068451,0.535192,0.841914,-0.609113,-0.645886,0.460082,-0.016727,0.021144,-0.015069,-0.082772,0.105237,0.098989,0.1552,0.026052,0.024947,-0.029626,-0.790576,0.526914,0.312009,-0.049947,-0.563305,0.824737,0.610322,0.636434,0.471653,-0.002109,0.017217,-0.011253,-0.066797,0.117088,0.172917,0.023389,0.127793,0.018229,-0.080731,-0.69979,-0.367526,-0.61255,-0.067061,-0.819909,0.568552,-0.711193,0.438945,0.549118,-0.064853,-0.011915,0.009797,-0.015324,0.06025,-0.080417,-0.842925
808,0.176168,-0.013588,0.320912,-0.746879,-0.304704,-0.591078,-0.165498,-0.775747,0.608933,-0.643145,0.552997,0.529703,-0.129964,-0.037621,0.02441,0.03784,0.058368,0.093482,-1.908856,-0.137771,0.014678,0.301537,0.78325,-0.55731,0.275529,0.070772,0.52006,0.851153,-0.618622,-0.64645,0.446401,-0.019698,0.045913,-0.028171,-0.215098,0.22883,0.257737,0.154918,0.02586,0.025749,-0.030113,-0.783249,0.540905,0.3065,-0.052314,-0.548591,0.834452,0.619502,0.63755,0.457981,-0.009844,0.023045,-0.01399,-0.194005,0.228574,0.253921,0.023879,0.125355,0.017607,-0.080297,-0.69302,-0.354972,-0.627469,-0.076253,-0.829399,0.553427,-0.716873,0.431383,0.547722,-0.057744,-0.018828,0.012049,0.126058,-0.338548,0.676656,-0.836393
809,0.171745,-0.014925,0.321651,-0.742142,-0.287328,-0.605568,-0.175611,-0.788584,0.589294,-0.645943,0.544039,0.535544,-0.101774,-0.028702,0.012682,0.128758,0.086468,0.24025,-1.909503,-0.138386,0.016704,0.300285,0.770889,-0.577133,0.269514,0.070601,0.497766,0.864394,-0.633983,-0.646582,0.424099,-0.020989,0.056954,-0.035968,-0.727897,0.594799,0.601925,0.15275,0.025551,0.026766,-0.030736,-0.771952,0.559766,0.30125,-0.052292,-0.528213,0.847499,0.633526,0.638476,0.437026,-0.010478,0.028454,-0.017991,-0.671505,0.586526,0.588245,0.024696,0.123133,0.016933,-0.079924,-0.690378,-0.336187,-0.640589,-0.084237,-0.842089,0.532719,-0.718527,0.421739,0.553041,-0.050817,-0.020073,0.010375,0.12819,0.009934,0.377814,-0.844884
810,0.169716,-0.015634,0.322012,-0.742668,-0.274555,-0.610827,-0.18456,-0.792902,0.580703,-0.642841,0.544342,0.538958,-0.087461,-0.028748,0.012084,0.108999,-0.000589,0.372625,-1.909573,-0.138662,0.017848,0.299544,0.763065,-0.587996,0.268298,0.067843,0.485528,0.871547,-0.643679,-0.646088,0.410012,-0.006985,0.057173,-0.037412,-0.800131,0.519161,0.836607,0.153311,0.025413,0.02734,-0.031104,-0.764234,0.57073,0.300355,-0.049452,-0.516196,0.855041,0.64304,0.638599,0.422718,-0.003466,0.028475,-0.018801,-0.744531,0.508012,0.830612,0.024206,0.122151,0.016592,-0.079753,-0.692517,-0.323386,-0.644857,-0.092292,-0.846834,0.523787,-0.715473,0.422247,0.556602,-0.050939,-0.019911,0.010429,0.116275,0.191649,0.178298,-0.841619
811,0.166226,-0.016967,0.322722,-0.741212,-0.262865,-0.617699,-0.191578,-0.799085,0.569854,-0.64247,0.541043,0.542708,-0.087577,-0.037315,0.022576,-0.046815,-0.001817,0.118115,-1.909138,-0.138931,0.02015,0.298017,0.746278,-0.609609,0.267278,0.057871,0.459277,0.886369,-0.664018,-0.645226,0.377661,0.006939,0.057396,-0.038757,-0.761032,0.366939,0.962823,0.160114,0.025276,0.02847,-0.031852,-0.747534,0.592464,0.300298,-0.039224,-0.49069,0.87045,0.663063,0.638913,0.390046,-0.004154,0.034172,-0.02248,-0.330953,0.249177,0.556068,0.028288,0.120368,0.015908,-0.079399,-0.692587,-0.310767,-0.650958,-0.098445,-0.853269,0.512091,-0.714584,0.418752,0.56037,-0.043789,-0.018512,0.011496,-0.092678,-0.156487,0.291487,-0.838026
812,0.162896,-0.018355,0.323697,-0.739155,-0.245214,-0.627348,-0.205839,-0.804621,0.556944,-0.640432,0.541102,0.545052,-0.087558,-0.043938,0.035064,-0.087027,-0.111906,0.291537,-1.908503,-0.138644,0.022259,0.296578,0.733401,-0.624355,0.268879,0.044974,0.439064,0.897292,-0.679192,-0.645179,0.349722,0.020662,0.058445,-0.039283,-0.39569,0.1036,0.715399,0.169637,0.025415,0.029524,-0.032573,-0.733909,0.608455,0.301926,-0.026295,-0.469618,0.882477,0.678738,0.639719,0.360656,0.004173,0.022838,-0.015741,-0.654201,0.268631,0.626656,0.039718,0.118702,0.015212,-0.078921,-0.692644,-0.292476,-0.659318,-0.111642,-0.859606,0.49861,-0.712586,0.418967,0.562749,-0.043842,-0.016623,0.013241,-0.10488,-0.060647,0.113816,-0.835577
813,0.161274,-0.019059,0.324285,-0.737129,-0.235852,-0.633293,-0.211334,-0.809696,0.54745,-0.640979,0.537668,0.547802,-0.087692,-0.031683,0.027811,0.261332,0.314777,0.332535,-1.908957,-0.138318,0.023267,0.295918,0.726126,-0.63088,0.273355,0.040499,0.435966,0.899014,-0.687242,-0.640916,0.341743,0.021968,0.047354,-0.031466,0.79431,5.947271,0.003244,0.172758,0.025577,0.03003,-0.032907,-0.730442,0.611856,0.303457,-0.021555,-0.464748,0.88518,0.682634,0.640032,0.35266,0.010235,0.030044,-0.018792,0.021704,-0.174468,0.589418,0.045597,0.117892,0.014857,-0.078622,-0.690522,-0.284005,-0.665221,-0.116889,-0.863785,0.490114,-0.713803,0.416192,0.563266,-0.043863,-0.015828,0.013971,0.271046,0.346205,0.327099,-0.841782
814,0.158207,-0.02038,0.325584,-0.736747,-0.219088,-0.639726,-0.224176,-0.813448,0.536674,-0.63705,0.539073,0.550994,-0.073033,-0.028773,0.030309,-0.013186,0.011812,0.195223,-1.90857,-0.137468,0.025338,0.294602,0.723871,-0.63007,0.281096,0.03237,0.437831,0.898438,-0.690046,-0.640443,0.336946,0.021805,0.047572,-0.031143,-0.505478,0.951375,-2.167503,0.173684,0.026002,0.031065,-0.033564,-0.724406,0.615132,0.311204,-0.016497,-0.46677,0.884224,0.689176,0.635403,0.348279,0.010882,0.024226,-0.015145,0.208597,-0.330141,0.451925,0.050822,0.116325,0.014185,-0.077962,-0.693281,-0.265357,-0.670035,-0.128555,-0.869293,0.477285,-0.709108,0.417029,0.568551,-0.036527,-0.014245,0.015344,-0.068776,-0.038318,0.169547,-0.840802
815,0.155287,-0.021635,0.326896,-0.740431,-0.194135,-0.643521,-0.24065,-0.817385,0.523394,-0.626696,0.542638,0.559306,-0.073244,-0.028462,0.030437,0.123316,0.169373,0.279854,-1.908731,-0.13658,0.02738,0.293286,0.716657,-0.637047,0.283837,0.037598,0.441519,0.896426,-0.697272,-0.63094,0.339983,0.021737,0.046922,-0.031699,0.16423,-0.173761,0.265107,0.16573,0.026446,0.032087,-0.034222,-0.716605,0.621396,0.31677,-0.019418,-0.471763,0.88151,0.697208,0.625544,0.350134,0.010104,0.029739,-0.018979,0.189518,-0.090387,0.156771,0.047883,0.114866,0.013561,-0.077302,-0.699809,-0.241153,-0.672392,-0.144252,-0.874189,0.463661,-0.699612,0.421469,0.576979,-0.036643,-0.014204,0.01529,0.115494,0.161565,0.276662,-0.842598
816,0.152467,-0.022748,0.328052,-0.742543,-0.168543,-0.648281,-0.257645,-0.821527,0.50861,-0.617384,0.544897,0.567407,-0.073508,-0.01838,0.020917,0.327993,0.356587,0.404229,-1.908577,-0.135409,0.029764,0.291795,0.714976,-0.636294,0.289708,0.036707,0.447808,0.893339,-0.699044,-0.627263,0.343135,0.033524,0.061472,-0.037506,0.173477,0.026682,0.021953,0.147035,0.02704,0.033295,-0.034981,-0.715036,0.620334,0.322349,-0.018687,-0.477896,0.878217,0.698837,0.621933,0.353305,0.016791,0.030706,-0.018813,0.174328,0.019051,0.028761,0.029431,0.113483,0.013014,-0.07673,-0.704259,-0.217031,-0.675955,-0.160615,-0.878733,0.449477,-0.691535,0.425117,0.583997,-0.029482,-0.015139,0.014222,0.305957,0.382811,0.429778,-0.843578
817,0.151142,-0.023151,0.328488,-0.742751,-0.162985,-0.649462,-0.260097,-0.823561,0.504052,-0.616105,0.543508,0.570123,-0.073536,-0.017866,0.021339,0.231353,0.352239,0.175798,-1.908383,-0.13455,0.031136,0.290954,0.712422,-0.637023,0.294359,0.033754,0.449929,0.892389,-0.701793,-0.625004,0.341642,0.059068,0.075966,-0.045205,0.212347,-0.109389,0.239774,0.14032,0.027447,0.033954,-0.035382,-0.712334,0.620939,0.327129,-0.015295,-0.479726,0.877284,0.701673,0.619916,0.351223,0.022749,0.037386,-0.022347,0.225698,-0.002822,0.077199,0.018164,0.112821,0.012811,-0.076513,-0.705312,-0.211072,-0.676744,-0.162718,-0.880952,0.444349,-0.689969,0.423523,0.587,-0.036788,-0.00898,0.010664,0.403657,0.425542,0.433381,-0.845864
818,0.148483,-0.023591,0.329109,-0.738387,-0.152414,-0.656963,-0.271779,-0.824304,0.496619,-0.616315,0.545431,0.568056,-0.073661,-0.007753,0.011833,-0.028901,-0.090301,0.157503,-1.908768,-0.132162,0.033951,0.289201,0.702902,-0.640161,0.310023,0.019601,0.452975,0.891271,-0.711857,-0.619577,0.330526,0.058892,0.073543,-0.047567,-0.627115,1.225799,-2.264754,0.135917,0.028641,0.035366,-0.036254,-0.70362,0.623994,0.339926,-0.003365,-0.481301,0.876548,0.710568,0.615613,0.340753,0.036254,0.037571,-0.023946,0.068551,0.072511,0.201027,0.006407,0.111491,0.012589,-0.076196,-0.702835,-0.19871,-0.683034,-0.173902,-0.88306,0.435846,-0.689768,0.425109,0.586089,-0.03677,-0.00329,0.006541,-0.051107,-0.02361,-0.003414,-0.853539
819,0.145662,-0.023765,0.329436,-0.733544,-0.141696,-0.66474,-0.28309,-0.825483,0.488272,-0.61701,0.546523,0.566249,-0.073693,0.002558,0.002502,0.005346,-0.11982,0.199693,-1.908397,-0.129057,0.036814,0.28734,0.691791,-0.645773,0.323099,0.006794,0.453094,0.8914,-0.72289,-0.613638,0.317398,0.085508,0.075843,-0.048945,-0.079163,0.249456,0.13145,0.135345,0.030151,0.036768,-0.037166,-0.69192,0.628196,0.355831,0.011498,-0.483209,0.875429,0.721882,0.609818,0.327119,0.04371,0.031426,-0.021745,-0.307282,0.236507,0.34065,0.003958,0.110081,0.012498,-0.07603,-0.699178,-0.187135,-0.690021,-0.18485,-0.885002,0.427318,-0.690637,0.426322,0.584183,-0.036962,-0.004376,0.005353,-0.039878,0.003217,-0.023831,-0.85109
820,0.144234,-0.02378,0.329524,-0.731566,-0.140213,-0.66723,-0.285354,-0.825847,0.486335,-0.618315,0.546354,0.564988,-0.073743,0.002464,0.0023,0.005206,-0.119856,0.199677,-1.908492,-0.12739,0.038138,0.286467,0.685857,-0.646409,0.334285,-0.001351,0.458067,0.88888,-0.72855,-0.609267,0.312846,0.085198,0.07608,-0.048745,-0.059777,0.463157,-0.718569,0.133919,0.031017,0.037456,-0.037623,-0.685581,0.629423,0.365792,0.01917,-0.486681,0.873368,0.727743,0.605778,0.321594,0.043541,0.031671,-0.02152,-0.543054,1.239484,-2.439597,0.002651,0.109367,0.01249,-0.075987,-0.697362,-0.185317,-0.692345,-0.186989,-0.885495,0.425361,-0.691896,0.426092,0.582858,-0.036928,0.000876,0.000836,0.005472,-0.120538,0.198048,-0.849293
821,0.141324,-0.023694,0.329631,-0.725558,-0.131186,-0.675575,-0.296968,-0.825901,0.479238,-0.619929,0.548498,0.561127,-0.073576,0.004033,0.003652,0.005088,-0.119831,0.199694,-1.908646,-0.123499,0.040677,0.284837,0.676537,-0.648351,0.349185,-0.009514,0.466288,0.884544,-0.737149,-0.600917,0.308825,0.114933,0.056501,-0.035269,0.126727,0.096854,0.009241,0.137158,0.032994,0.038753,-0.038457,-0.675831,0.630614,0.381546,0.027659,-0.495599,0.86811,0.736537,0.59725,0.317499,0.057517,0.028188,-0.017787,0.135823,0.088695,0.013384,0.003958,0.107911,0.012529,-0.075938,-0.692397,-0.175102,-0.699946,-0.198359,-0.886527,0.417998,-0.693714,0.428262,0.579096,-0.036809,0.001903,0.001755,0.005858,-0.120126,0.198886,-0.846027
822,0.138337,-0.02333,0.329775,-0.720841,-0.130689,-0.680701,-0.300828,-0.82578,0.477034,-0.62356,0.548799,0.556794,-0.087515,0.009893,0.009174,-0.000696,-0.023036,0.02126,-1.908367,-0.119198,0.042873,0.28365,0.665767,-0.648959,0.368236,-0.020266,0.47745,0.878387,-0.74667,-0.591432,0.304227,0.115147,0.05155,-0.021902,0.072556,0.218204,-0.138687,0.128803,0.03506,0.039803,-0.039044,-0.66514,0.630516,0.400046,0.038269,-0.506252,0.861535,0.745736,0.588352,0.312599,0.050948,0.024685,-0.011128,0.066963,0.236107,-0.177658,0.002815,0.106449,0.012701,-0.075875,-0.687585,-0.1737,-0.70502,-0.202228,-0.886735,0.415697,-0.697373,0.428402,0.574579,-0.04367,0.010187,0.00015,0.047087,-0.112367,0.190896,-0.852723
823,0.135061,-0.02282,0.330038,-0.719909,-0.123576,-0.683012,-0.31189,-0.821514,0.477297,-0.619195,0.556785,0.553729,-0.087226,0.020479,3e-05,-0.385039,0.11596,0.236808,-1.908383,-0.114945,0.044895,0.28297,0.653673,-0.649271,0.38878,-0.033006,0.488637,0.871824,-0.756826,-0.581888,0.297461,0.102192,0.043483,-0.009674,0.012868,0.372521,-0.335622,0.111788,0.037193,0.040813,-0.039392,-0.652755,0.630223,0.420391,0.050997,-0.517108,0.854399,0.75585,0.579152,0.305405,0.057696,0.02334,-0.004319,0.011593,0.360071,-0.314915,-0.019066,0.104785,0.012962,-0.075731,-0.687456,-0.166618,-0.706853,-0.21335,-0.884039,0.415879,-0.694179,0.436706,0.572191,-0.043731,0.005019,0.004573,-1.245469,0.674136,0.852742,-0.855498
