frame,MLTx,MLTy,MLTz,MLTR1,MLTR2,MLTR3,MLTR4,MLTR5,MLTR6,MLTR7,MLTR8,MLTR9,MLTTVx,MLTTVy,MLTTVz,MLTRVx,MLTRVy,MLTRVz,MLGA,MRTx,MRTy,MRTz,MRTR1,MRTR2,MRTR3,MRTR4,MRTR5,MRTR6,MRTR7,MRTR8,MRTR9,MRTTVx,MRTTVy,MRTTVz,MRTRVx,MRTRVy,MRTRVz,MRGA,SLTx,SLTy,SLTz,SLTR1,SLTR2,SLTR3,SLTR4,SLTR5,SLTR6,SLTR7,SLTR8,SLTR9,SLTTVx,SLTTVy,SLTTVz,SLTRVx,SLTRVy,SLTRVz,SLGA,SRTx,SRTy,SRTz,SRTR1,SRTR2,SRTR3,SRTR4,SRTR5,SRTR6,SRTR7,SRTR8,SRTR9,SRTTVx,SRTTVy,SRTTVz,SRTRVx,SRTRVy,SRTRVz,SRGA
667,0.112088,-0.011317,0.308684,-0.538747,-0.241547,-0.807126,-0.151549,-0.914617,0.374807,-0.828079,0.324541,0.45715,-0.001173,-0.004753,-0.005252,-0.238704,-0.386625,-0.275552,0.096595,-0.196614,0.007302,0.291672,-0.817262,0.569363,-0.088881,-0.459312,-0.550245,0.697278,0.34913,0.609952,0.711287,0.001269,-0.002571,0.017222,-0.034989,0.000216,0.009489,-1.398694,0.030786,0.047621,-0.024782,0.908087,-0.407151,-0.098002,0.349636,0.608298,0.71255,-0.230501,-0.681323,0.694742,0.000894,-0.006833,0.012569,-0.085755,0.161073,-0.13713,-0.950639,0.055137,0.034892,-0.063745,0.67269,0.220675,-0.70625,0.018118,0.949292,0.313872,0.739701,-0.223934,0.634581,-0.007819,-0.001123,-0.00159,-0.254181,-0.427079,-0.305678,-0.124773
668,0.111589,-0.011333,0.308567,-0.536571,-0.248873,-0.806349,-0.139946,-0.91606,0.375794,-0.831525,0.31479,0.457711,-0.015274,-0.000682,-0.001474,-0.001035,0.014629,-0.029607,0.133126,-0.196606,0.007161,0.292376,-0.798203,0.59688,-0.081233,-0.473625,-0.538323,0.697009,0.373309,0.594063,0.712455,0.001298,-0.002215,0.017575,-0.046516,0.100842,0.113232,-1.39865,0.030791,0.04755,-0.024423,0.894448,-0.43778,-0.091157,0.365874,0.599267,0.712049,-0.257094,-0.670243,0.696187,0.000659,-0.000976,0.008914,-0.078513,0.327829,0.389962,-0.951945,0.054892,0.034881,-0.063808,0.668757,0.229186,-0.707274,0.006451,0.949477,0.313769,0.743452,-0.214398,0.633491,-0.007668,-0.000478,-0.000881,-0.000492,0.035544,-0.05136,-0.077092
669,0.111004,-0.011253,0.308475,-0.541416,-0.261628,-0.79904,-0.130438,-0.912721,0.387167,-0.829925,0.314163,0.461035,-0.014906,0.000821,0.000177,-0.03446,-0.035432,-0.068696,0.196697,-0.196513,0.007063,0.292925,-0.79488,0.601762,-0.077718,-0.474466,-0.536405,0.697915,0.379294,0.590862,0.711956,0.000526,0.006034,0.006515,-0.009387,0.100221,-0.137068,-1.398701,0.030838,0.047504,-0.024139,0.891981,-0.443438,-0.087923,0.367245,0.597357,0.712948,-0.263627,-0.668226,0.695682,0.000465,-0.003144,0.006565,-0.036341,0.013734,-0.01615,-0.953252,0.0546,0.034919,-0.063855,0.671244,0.242864,-0.700319,-0.004751,0.94619,0.323575,0.74122,-0.213871,0.636278,-0.00746,0.000374,5.8e-05,-0.029706,0.080501,-0.240571,-0.007204
670,0.110672,-0.011169,0.308428,-0.544164,-0.269052,-0.794695,-0.122409,-0.911604,0.392385,-0.829347,0.31113,0.464122,-0.014212,0.011973,-0.007947,0.033362,-0.002846,-0.014334,0.237527,-0.196499,0.00697,0.293123,-0.7879,0.611041,-0.076377,-0.479701,-0.531057,0.698426,0.387201,0.586145,0.711598,0.000277,0.003181,0.003432,-2.8e-05,0.000253,0.000258,-1.398552,0.030845,0.047464,-0.024039,0.886807,-0.453896,-0.086891,0.373431,0.593042,0.713337,-0.272251,-0.66504,0.695413,-0.006718,-0.00383,0.00629,-0.036595,0.015591,-0.020407,-0.954558,0.05444,0.034958,-0.063874,0.672687,0.250752,-0.696143,-0.013644,0.94487,0.32716,0.739801,-0.210578,0.639023,-0.007504,0.000203,-0.000136,0.004037,0.14138,-0.214604,0.04309
671,0.109975,-0.010952,0.308373,-0.54892,-0.286037,-0.785439,-0.111319,-0.90626,0.407766,-0.827769,0.311616,0.466605,-0.014615,0.001988,0.001451,-0.064264,-0.087515,-0.095924,0.302144,-0.196523,0.006792,0.293397,-0.767598,0.637365,-0.067456,-0.492996,-0.519707,0.697706,0.410604,0.567997,0.713194,0.000643,-0.00969,0.009477,-0.0391,0.045219,0.015532,-1.398693,0.030833,0.047371,-0.023906,0.871778,-0.483572,-0.078474,0.388358,0.584521,0.712398,-0.298627,-0.65153,0.697373,0.000286,-0.005268,0.004268,-0.074162,0.360981,0.344691,-0.950965,0.054085,0.03507,-0.063906,0.674554,0.268559,-0.687642,-0.027088,0.939858,0.340489,0.737728,-0.211051,0.641259,-0.014225,0.0077,-0.002446,-0.047328,-0.012912,-0.287287,0.143024
672,0.109096,-0.01059,0.30833,-0.551123,-0.30473,-0.77682,-0.100194,-0.900048,0.424085,-0.827724,0.311929,0.466477,-0.029011,0.004799,0.003782,-0.165619,-0.123714,-0.389946,0.366117,-0.196534,0.006648,0.293557,-0.757613,0.649823,-0.061191,-0.498809,-0.515788,0.696482,0.421983,0.557354,0.714947,4e-05,0.000463,0.000498,-0.005464,0.101918,0.104963,-1.398918,0.030828,0.047297,-0.023822,0.864255,-0.497786,-0.072593,0.394839,0.581827,0.71104,-0.31171,-0.643183,0.699393,0.000246,-0.005701,0.003805,-0.07973,0.358387,0.342308,-0.947863,0.053651,0.035251,-0.063927,0.674191,0.287343,-0.680367,-0.040647,0.934251,0.354289,0.737437,-0.211204,0.641543,-0.014098,0.008153,-0.001956,-0.22243,-0.26078,-0.432902,0.239855
673,0.108668,-0.010395,0.308292,-0.552787,-0.310365,-0.773398,-0.097739,-0.897523,0.429967,-0.826906,0.313652,0.466772,-0.029132,0.004311,0.003225,-0.095503,-0.009496,-0.318378,0.385247,-0.196521,0.006571,0.293593,-0.753864,0.654435,-0.058264,-0.500326,-0.514148,0.696606,0.426877,0.55346,0.715067,-7.5e-05,-0.000857,-0.000923,-0.028926,0.346454,0.35564,-1.398809,0.030834,0.04726,-0.023802,0.861612,-0.502745,-0.069786,0.396357,0.580555,0.711236,-0.317056,-0.64047,0.69948,-6.7e-05,-0.000667,-0.000698,-0.098973,1.161337,1.202886,-0.948353,0.053438,0.03535,-0.063944,0.674406,0.293723,-0.677422,-0.044048,0.93184,0.360184,0.737044,-0.213072,0.641377,-0.00689,0.006772,-0.003105,-0.086859,-0.082027,-0.29297,0.280841
674,0.10801,-0.010042,0.308203,-0.551282,-0.328943,-0.766765,-0.088375,-0.890826,0.445636,-0.828961,0.313839,0.462986,-0.013505,0.014533,-0.005151,-0.149677,-0.19757,-0.337703,0.401271,-0.196508,0.006441,0.293632,-0.746296,0.663375,-0.054476,-0.504275,-0.50991,0.696873,0.43545,0.546696,0.715101,-7e-05,-0.000805,-0.000868,0.0,-0.0,-0.0,-1.398662,0.03084,0.047192,-0.023786,0.85553,-0.513492,-0.066275,0.401352,0.576872,0.711431,-0.327083,-0.63525,0.699623,-3.7e-05,-0.000449,-0.000493,-2.6e-05,-0.00081,0.000124,-0.949659,0.053097,0.035526,-0.06399,0.670871,0.312426,-0.672548,-0.056025,0.925681,0.374132,0.739454,-0.213315,0.638517,-0.006753,0.007256,-0.002576,-0.202496,-0.259766,-0.359917,0.326562
675,0.107506,-0.00957,0.308022,-0.554873,-0.343782,-0.757611,-0.082547,-0.883406,0.461251,-0.827162,0.318897,0.462748,-0.013652,0.013906,-0.005853,0.010058,0.071142,-0.202778,0.404852,-0.196521,0.006231,0.29363,-0.746567,0.663393,-0.0504,-0.50195,-0.511741,0.69721,0.437672,0.544964,0.715067,-0.000173,-0.001986,-0.002142,0.0,-0.0,-0.0,-1.398805,0.030834,0.047086,-0.023787,0.855803,-0.513547,-0.062203,0.398724,0.578238,0.7118,-0.329574,-0.633963,0.699622,-9.1e-05,-0.001051,-0.001136,-1.4e-05,-0.000425,-5.9e-05,-0.951455,0.052851,0.035759,-0.064076,0.670897,0.32881,-0.664665,-0.064249,0.918722,0.389641,0.738761,-0.218706,0.637493,-0.00681,0.007012,-0.002853,0.058191,0.000155,-0.00926,0.343381
676,0.1072,-0.009048,0.307723,-0.555356,-0.359262,-0.750037,-0.077455,-0.875631,0.4767,-0.827329,0.323275,0.459399,0.000715,0.011015,-0.008255,-0.031162,-0.119141,-0.048335,0.410433,-0.196602,0.006021,0.293573,-0.746798,0.663243,-0.048924,-0.500874,-0.512347,0.697538,0.438512,0.544576,0.714848,-0.000169,-0.001927,-0.00208,0.0,-0.0,-0.0,-1.398931,0.030794,0.04698,-0.023818,0.856007,-0.513385,-0.060725,0.397549,0.578631,0.712137,-0.330463,-0.633736,0.699409,-9.9e-05,-0.001147,-0.001237,-2.2e-05,-0.000165,-0.00017,-0.952435,0.052698,0.036017,-0.06422,0.669067,0.344591,-0.658487,-0.071694,0.911807,0.404309,0.739735,-0.2233,0.634766,0.000336,0.005417,-0.004221,-0.031667,-0.028779,-0.225191,0.350566
677,0.107153,-0.008776,0.307545,-0.554127,-0.370918,-0.745258,-0.069203,-0.871642,0.485204,-0.828883,0.320895,0.458265,0.000788,0.011285,-0.007953,-0.135595,-0.167666,-0.314721,0.418426,-0.196648,0.005971,0.293537,-0.746911,0.663166,-0.048225,-0.500409,-0.512698,0.697614,0.43885,0.54434,0.71482,-0.000188,-0.002136,-0.002308,0.0,-0.0,-0.0,-1.398904,0.030771,0.046956,-0.023835,0.856106,-0.513302,-0.060024,0.397025,0.57889,0.712219,-0.330836,-0.633566,0.699386,-0.000104,-0.001207,-0.001301,-0.001607,0.016776,-0.023426,-0.951782,0.052669,0.036149,-0.064307,0.666983,0.355593,-0.654741,-0.081238,0.90823,0.410508,0.74063,-0.220612,0.634662,0.000398,0.005637,-0.003979,-0.284995,-0.4646,-0.246252,0.357098
678,0.107261,-0.008223,0.307164,-0.556239,-0.38971,-0.734009,-0.056903,-0.863318,0.501413,-0.828401,0.321153,0.458955,0.000794,0.01131,-0.00792,-0.469507,1.267004,-2.417873,0.42935,-0.19676,0.005912,0.293481,-0.747178,0.662982,-0.046605,-0.499354,-0.513548,0.697745,0.4396,0.543764,0.714798,-0.000111,-0.001257,-0.001358,0.0,-0.0,-0.0,-1.398686,0.03072,0.046926,-0.023864,0.856331,-0.513111,-0.058423,0.395847,0.57952,0.712363,-0.331665,-0.633145,0.699374,-6.9e-05,-0.000796,-0.000858,-0.012586,0.133525,-0.184021,-0.952925,0.052717,0.03643,-0.064499,0.66528,0.373087,-0.646689,-0.094906,0.901421,0.422413,0.740537,-0.219648,0.635105,0.000796,0.011297,-0.007935,-0.190045,-0.456583,-0.230719,0.376692
679,0.107394,-0.007815,0.3069,-0.556757,-0.403451,-0.726151,-0.04667,-0.857588,0.512188,-0.828692,0.31955,0.459549,0.001003,0.012112,-0.007029,-0.035211,-0.011701,-0.216325,0.426779,-0.196814,0.005906,0.293478,-0.747363,0.662855,-0.04544,-0.498599,-0.514155,0.697838,0.440143,0.543346,0.714781,-0.0,-1e-06,-1e-06,0.0,-0.0,-0.0,-1.39915,0.030687,0.046921,-0.023866,0.856496,-0.512971,-0.05723,0.394971,0.579988,0.712469,-0.332283,-0.632831,0.699365,4e-06,4.6e-05,5e-05,-0.010936,0.116641,-0.160691,-0.954395,0.052789,0.036636,-0.064637,0.66318,0.390322,-0.638623,-0.107862,0.894184,0.43451,0.740646,-0.219275,0.635106,0.000535,0.006172,-0.003389,-0.04045,-0.139468,-0.052855,0.381101
680,0.107455,-0.007659,0.306845,-0.558219,-0.410749,-0.720917,-0.038275,-0.855216,0.51683,-0.828136,0.316604,0.462579,0.01585,0.011221,-0.007217,0.032274,0.078371,-0.127728,0.425937,-0.196803,0.005906,0.293477,-0.747443,0.662802,-0.044876,-0.498242,-0.514443,0.697881,0.440412,0.543138,0.714774,-0.0,-0.0,-0.0,0.0,-0.0,-0.0,-1.399167,0.030693,0.046922,-0.023866,0.856566,-0.512916,-0.056666,0.394565,0.580204,0.712517,-0.332584,-0.632676,0.699362,2e-06,2.6e-05,3e-05,1.2e-05,-4e-05,-4.4e-05,-0.955864,0.052814,0.036712,-0.064667,0.663073,0.39823,-0.633834,-0.117022,0.891479,0.437686,0.73935,-0.216046,0.637718,0.000599,0.006417,-0.003118,0.036092,0.143264,-0.203062,0.380611
681,0.107543,-0.007498,0.30692,-0.563435,-0.416013,-0.713807,-0.034164,-0.851527,0.52317,-0.824774,0.319672,0.466461,0.000795,0.00303,0.00335,-0.0,-0.0,-1e-06,0.412337,-0.196781,0.005912,0.293482,-0.747664,0.662655,-0.043331,-0.497258,-0.515234,0.697998,0.441148,0.542568,0.714752,3e-06,2.8e-05,3.1e-05,0.0,-0.0,-0.0,-1.39917,0.030704,0.046926,-0.023863,0.856757,-0.512767,-0.055116,0.393452,0.580799,0.712649,-0.333411,-0.632252,0.699352,2e-06,1.9e-05,2.1e-05,-1.3e-05,-2.6e-05,-2.4e-05,-0.958477,0.052864,0.036799,-0.06463,0.666587,0.404306,-0.626256,-0.122097,0.888004,0.443328,0.735359,-0.219053,0.641297,0.000419,0.001599,0.001767,-7e-06,-0.002887,0.005806,0.37114
682,0.107582,-0.007428,0.307196,-0.566195,-0.418606,-0.710097,-0.032523,-0.849462,0.52662,-0.822946,0.32178,0.468237,0.001407,0.005369,0.005926,0.000283,-0.015661,0.024192,0.399324,-0.196772,0.005894,0.293462,-0.747838,0.662537,-0.042118,-0.496485,-0.515856,0.698089,0.441726,0.542122,0.714735,-3.7e-05,-0.000417,-0.000451,0.0,-0.0,-0.0,-1.399008,0.030708,0.046917,-0.023872,0.856905,-0.512648,-0.053899,0.392576,0.581266,0.712751,-0.334061,-0.631919,0.699343,-1.9e-05,-0.00022,-0.000239,-2.5e-05,-1.7e-05,-2.5e-05,-0.959293,0.052883,0.036832,-0.064494,0.668411,0.407303,-0.622357,-0.124178,0.886102,0.446544,0.733352,-0.221192,0.642859,0.000719,0.002759,0.003045,-0.000405,-0.016078,0.026472,0.350239
683,0.107691,-0.007422,0.307588,-0.564598,-0.422551,-0.709031,-0.027636,-0.848884,0.527829,-0.824221,0.318128,0.468489,0.000784,-0.005295,0.014542,-0.03446,0.001988,0.008297,0.397695,-0.196776,0.005861,0.293411,-0.747876,0.662359,-0.044202,-0.497388,-0.514839,0.698198,0.440643,0.543304,0.714506,-0.0001,-0.001127,-0.001219,-0.0,-0.0,0.0,-1.399401,0.030706,0.046901,-0.023897,0.856909,-0.512415,-0.056011,0.393671,0.580415,0.71284,-0.33276,-0.632889,0.699086,-6.3e-05,-0.00071,-0.000768,0.000282,0.00246,-0.002538,-0.962233,0.052932,0.036841,-0.064307,0.666415,0.411191,-0.621942,-0.129199,0.88524,0.44683,0.734301,-0.21742,0.643063,0.000713,0.002747,0.003024,-0.00087,-0.001226,0.002021,0.342891
684,0.107776,-0.007445,0.30778,-0.56734,-0.425128,-0.705292,-0.026014,-0.846788,0.531268,-0.822387,0.320281,0.470241,0.001359,0.005204,0.005722,-0.27468,1.606532,-2.231067,0.397266,-0.19678,0.005819,0.293366,-0.74794,0.662316,-0.04376,-0.497106,-0.515066,0.698231,0.440853,0.543142,0.714499,-0.000219,-0.002481,-0.002684,-0.001592,0.016911,-0.023279,-1.399176,0.030705,0.046883,-0.023917,0.856963,-0.512373,-0.055561,0.39335,0.580589,0.712874,-0.333,-0.632762,0.699086,-6.9e-05,-0.000791,-0.000856,2.1e-05,0.000307,-0.000353,-0.963376,0.052981,0.036825,-0.0642,0.667264,0.412471,-0.620181,-0.129878,0.884337,0.448418,0.733409,-0.218666,0.643657,0.007662,-0.003611,0.006595,-0.033476,-0.01486,0.041189,0.341422
685,0.107924,-0.007556,0.308168,-0.567618,-0.431012,-0.701487,-0.019787,-0.844657,0.534915,-0.822368,0.318039,0.471793,0.000996,0.003822,0.004195,-0.0,0.0,-0.0,0.397436,-0.196798,0.005736,0.293277,-0.748032,0.662252,-0.043145,-0.496711,-0.515383,0.698278,0.441142,0.542919,0.71449,-0.00014,-0.001582,-0.001714,0.0,0.0,0.0,-1.399283,0.030695,0.046838,-0.023966,0.857044,-0.512306,-0.054919,0.392885,0.580837,0.712929,-0.333339,-0.632589,0.699081,-0.007222,-0.000894,-0.000499,-0.002047,0.015201,-0.029271,-0.965335,0.05305,0.036776,-0.064007,0.667382,0.420377,-0.614722,-0.137964,0.880948,0.452653,0.731824,-0.217283,0.645926,0.000104,-0.003716,0.006087,-0.034677,0.015429,-0.012674,0.340442
686,0.108104,-0.00775,0.308437,-0.568903,-0.431999,-0.699837,-0.019688,-0.843561,0.536647,-0.821481,0.319611,0.472276,-0.000422,-0.009917,0.009452,-0.034769,0.017573,-0.015938,0.397057,-0.196801,0.0057,0.293238,-0.748115,0.662196,-0.042578,-0.496348,-0.515675,0.698321,0.441412,0.542711,0.714482,-8e-06,-9.1e-05,-9.9e-05,-0.010987,0.116705,-0.160658,-1.399351,0.030694,0.046818,-0.023987,0.857097,-0.512264,-0.054496,0.39258,0.581,0.712965,-0.333564,-0.632474,0.699078,1e-06,1e-05,1e-05,-1e-06,-1.5e-05,-7e-06,-0.966151,0.053146,0.036681,-0.06387,0.668243,0.421513,-0.613006,-0.13827,0.88001,0.454381,0.73098,-0.218877,0.646344,0.007067,-0.005892,0.00408,-0.031762,-0.120315,0.205822,0.339299
687,0.108228,-0.00787,0.308494,-0.570173,-0.433118,-0.69811,-0.019098,-0.842551,0.538253,-0.820614,0.320763,0.473003,-0.000771,-0.011269,0.007971,-0.034773,0.017559,-0.015948,0.397401,-0.196823,0.005695,0.293233,-0.748172,0.662154,-0.042216,-0.496113,-0.515864,0.698349,0.441579,0.542582,0.714476,-4e-05,-0.000451,-0.000488,0.0,0.0,0.0,-1.399179,0.030683,0.046817,-0.023987,0.857163,-0.512206,-0.053987,0.392208,0.581198,0.713008,-0.333831,-0.632338,0.699073,-0.007167,-0.000256,0.000192,-0.002088,0.015204,-0.029264,-0.965825,0.053208,0.036618,-0.063837,0.669104,0.422868,-0.61113,-0.139092,0.879057,0.455972,0.730035,-0.220089,0.646999,-0.000422,-0.005758,0.003844,-0.034212,0.014757,-0.012467,0.339299
688,0.108612,-0.008141,0.308463,-0.564342,-0.438782,-0.69931,-0.010302,-0.843278,0.537353,-0.824794,0.310996,0.472254,0.013864,-0.00461,-0.004301,0.105333,-0.094896,-0.040915,0.398597,-0.196822,0.005701,0.29324,-0.748317,0.662054,-0.04121,-0.49547,-0.51638,0.698424,0.442056,0.542214,0.71446,2.9e-05,0.000325,0.000352,0.0,0.0,0.0,-1.399109,0.030683,0.046819,-0.023985,0.857287,-0.512105,-0.052978,0.39148,0.581585,0.713092,-0.334367,-0.632065,0.699064,2.1e-05,0.000231,0.000253,1.9e-05,-1.2e-05,8e-06,-0.967131,0.053395,0.036485,-0.063851,0.663336,0.427874,-0.613929,-0.147446,0.879057,0.453341,0.733651,-0.210196,0.646198,0.006463,-0.008271,0.001468,0.320605,-0.254631,-0.241869,0.339952
689,0.109161,-0.008333,0.308387,-0.56108,-0.441061,-0.7005,-0.006283,-0.843959,0.536345,-0.827059,0.305878,0.471635,0.014475,-0.002253,-0.001725,0.010392,-0.021917,0.023219,0.397866,-0.196812,0.0057,0.293239,-0.748437,0.66197,-0.040353,-0.494924,-0.516818,0.698487,0.442465,0.541899,0.714446,-7e-06,-8.1e-05,-8.7e-05,0.0,0.0,0.0,-1.399502,0.030689,0.04682,-0.023984,0.857389,-0.512021,-0.052119,0.390862,0.581914,0.713163,-0.334826,-0.63183,0.699057,-5e-06,-6.1e-05,-6.5e-05,1e-06,1e-06,-0.0,-0.968927,0.053662,0.036382,-0.063896,0.660193,0.429877,-0.615914,-0.151326,0.879332,0.451525,0.735693,-0.20489,0.64558,0.007244,-0.001106,-0.000847,0.108419,-0.202557,0.126155,0.341422
690,0.109673,-0.008424,0.308465,-0.56134,-0.443358,-0.698839,-0.000514,-0.844239,0.53594,-0.826905,0.301751,0.474553,0.014367,-0.011003,0.009003,-0.031986,0.004942,0.0149,0.395778,-0.196812,0.005709,0.293233,-0.74854,0.661897,-0.039636,-0.494476,-0.517201,0.69852,0.442792,0.541623,0.714453,-0.0,-0.0,-0.0,0.0,0.0,0.0,-1.398932,0.030688,0.046824,-0.023987,0.857477,-0.511948,-0.0514,0.390352,0.582207,0.713203,-0.335198,-0.631619,0.699069,0.0,2e-06,3e-06,-2.8e-05,5e-06,-1.2e-05,-0.969907,0.053929,0.036334,-0.063859,0.660053,0.432223,-0.614419,-0.156955,0.879193,0.44987,0.734638,-0.200502,0.648154,0.007218,-0.005369,0.004637,-0.046303,-0.005619,0.009318,0.339625
691,0.10985,-0.008444,0.308573,-0.561173,-0.443035,-0.699178,-0.00093,-0.844381,0.535715,-0.827018,0.301826,0.474308,0.000141,-0.007782,0.011797,-0.034786,0.017458,-0.015994,0.395816,-0.196812,0.005718,0.293228,-0.748602,0.661853,-0.039212,-0.494215,-0.517434,0.698533,0.442979,0.541455,0.714464,-0.0,-0.0,-0.0,0.0,0.0,0.0,-1.399291,0.030688,0.046829,-0.02399,0.857528,-0.511903,-0.050974,0.390053,0.582387,0.71322,-0.335413,-0.631489,0.699084,1e-06,1e-06,2e-06,-3.8e-05,1.5e-05,-2.2e-05,-0.968927,0.054017,0.036326,-0.06381,0.659905,0.431906,-0.614802,-0.156462,0.87932,0.449793,0.734877,-0.200627,0.647845,0.007813,0.001153,0.001621,-0.001139,-0.031878,0.053095,0.338809
692,0.109989,-0.008406,0.308894,-0.558317,-0.445908,-0.699639,0.003346,-0.844514,0.535497,-0.828946,0.297186,0.473875,0.000651,-0.005768,0.013991,-0.034813,0.017406,-0.016025,0.395496,-0.196811,0.005736,0.293247,-0.748697,0.661785,-0.038542,-0.493787,-0.517778,0.698581,0.443297,0.541211,0.714453,5.3e-05,0.000597,0.000646,0.0,0.0,0.0,-1.399051,0.030689,0.046837,-0.023981,0.857609,-0.511835,-0.050302,0.389568,0.582645,0.713274,-0.335771,-0.631307,0.699076,3.4e-05,0.000385,0.000419,-3e-06,-1.5e-05,1.4e-05,-0.969907,0.054087,0.036346,-0.06365,0.657006,0.434524,-0.61606,-0.160609,0.879098,0.448766,0.736577,-0.195897,0.647361,-0.006406,0.004398,0.004442,-0.001146,-0.000437,-0.005427,0.338809
693,0.109793,-0.008335,0.3094,-0.558178,-0.445628,-0.699927,0.0025,-0.844463,0.535582,-0.829042,0.29775,0.473351,-0.013598,-0.002696,0.016602,-0.035795,0.032124,-0.045579,0.395027,-0.19682,0.005754,0.293267,-0.748818,0.661696,-0.037702,-0.493247,-0.51821,0.698641,0.443694,0.540905,0.714437,3e-06,3.8e-05,4.1e-05,0.0,0.0,0.0,-1.398773,0.030685,0.046847,-0.023969,0.857711,-0.511746,-0.049459,0.388958,0.582969,0.713342,-0.336217,-0.63108,0.699067,-0.0,-2e-06,-2e-06,-6e-06,-8e-06,8e-06,-0.970234,0.053994,0.036379,-0.063399,0.656952,0.434203,-0.616343,-0.159782,0.879121,0.449016,0.736805,-0.196502,0.646919,-0.006638,-0.000682,0.009028,-0.033394,-0.090513,0.146363,0.337992
694,0.109633,-0.008309,0.309662,-0.558085,-0.445471,-0.700102,0.002025,-0.844439,0.535622,-0.829106,0.298054,0.473048,-0.013483,-0.002255,0.017069,-0.035468,0.016604,-0.021299,0.395381,-0.196809,0.00576,0.293273,-0.748871,0.661659,-0.037306,-0.492997,-0.518411,0.698669,0.443884,0.540759,0.71443,2e-06,2.1e-05,2.3e-05,0.0,0.0,0.0,-1.398983,0.03069,0.04685,-0.023966,0.857756,-0.511709,-0.049063,0.388674,0.58312,0.713373,-0.33643,-0.63097,0.699063,-2e-06,-1e-05,-1.1e-05,-9e-06,5e-06,-9e-06,-0.969907,0.053915,0.036395,-0.063265,0.656907,0.434023,-0.616518,-0.159319,0.879137,0.449148,0.736945,-0.196825,0.646661,0.000863,0.003418,0.003726,0.000203,-0.015417,0.024416,0.337992
695,0.10926,-0.008283,0.310247,-0.555468,-0.448695,-0.700124,0.006151,-0.844151,0.536043,-0.830843,0.294002,0.472536,0.00101,-0.004356,0.015483,1.126298,-0.886813,-0.775173,0.394942,-0.196808,0.005775,0.293274,-0.748949,0.661601,-0.036756,-0.492656,-0.518708,0.698689,0.444131,0.540545,0.714439,1e-06,9e-06,1e-05,0.0,0.0,0.0,-1.398941,0.03069,0.046857,-0.023966,0.857821,-0.511652,-0.048512,0.388285,0.583348,0.713399,-0.336713,-0.630806,0.699076,0.0,-8e-06,-8e-06,-1.2e-05,-6e-06,-1e-06,-0.97056,0.053723,0.03641,-0.062971,0.654999,0.436124,-0.617067,-0.161966,0.878678,0.449101,0.738067,-0.194217,0.64617,-0.006483,0.00429,0.00429,3.862461,-2.968641,-2.625092,0.338319
696,0.108827,-0.00828,0.310817,-0.555594,-0.448753,-0.699987,0.00536,-0.843793,0.536615,-0.830764,0.294942,0.472089,-0.013583,-0.002701,0.016532,-0.035455,0.016677,-0.021262,0.394631,-0.196809,0.005763,0.293261,-0.749037,0.661536,-0.036127,-0.492253,-0.519031,0.698733,0.444429,0.540315,0.714427,-2.1e-05,-0.00024,-0.00026,0.0,0.0,0.0,-1.39871,0.03069,0.046851,-0.023973,0.857895,-0.511588,-0.047881,0.38783,0.58359,0.713449,-0.33705,-0.630634,0.699069,-1.3e-05,-0.000153,-0.000165,-3.8e-05,-3e-06,-1.6e-05,-0.970397,0.053512,0.036411,-0.062685,0.654245,0.437106,-0.617171,-0.162742,0.87831,0.449538,0.738565,-0.193669,0.645766,-0.006824,-0.001445,0.00817,-0.035971,0.032311,-0.045478,0.337176
697,0.108625,-0.008249,0.311096,-0.555738,-0.448898,-0.699779,0.005113,-0.843555,0.536992,-0.830669,0.295403,0.471968,-0.013383,-0.001935,0.017346,-0.035452,0.016695,-0.021253,0.394198,-0.196809,0.005763,0.293261,-0.749078,0.661506,-0.035833,-0.492065,-0.519182,0.698754,0.444569,0.540208,0.714421,-0.0,-4e-06,-4e-06,0.0,0.0,0.0,-1.398958,0.03069,0.046851,-0.023973,0.85793,-0.511557,-0.047586,0.387618,0.583703,0.713472,-0.337206,-0.630554,0.699065,1e-06,5e-06,7e-06,-2.9e-05,-4e-06,-1.7e-05,-0.970887,0.053411,0.036425,-0.062548,0.654339,0.437274,-0.616952,-0.162556,0.878121,0.449975,0.738522,-0.194147,0.64567,-0.006713,-0.00102,0.008625,-0.035593,0.01678,-0.021125,0.337013
698,0.108218,-0.008107,0.31162,-0.557698,-0.447235,-0.699285,0.005084,-0.844287,0.535842,-0.829353,0.295835,0.474006,-0.012444,0.009936,0.009976,0.20614,0.316699,0.193274,0.394331,-0.196809,0.005769,0.293268,-0.749157,0.661447,-0.035268,-0.491703,-0.519472,0.698793,0.444837,0.540001,0.714411,6.5e-05,0.000732,0.000793,0.0,0.0,0.0,-1.399087,0.03069,0.046852,-0.023972,0.857996,-0.511499,-0.047019,0.387208,0.58392,0.713517,-0.337508,-0.630401,0.699058,4e-05,0.000421,0.000457,2.5e-05,-5e-06,-9e-06,-0.970724,0.053202,0.036495,-0.06228,0.655303,0.436701,-0.616335,-0.162342,0.878298,0.449708,0.737714,-0.194638,0.646446,-0.006222,0.004998,0.005028,0.336276,0.435333,0.246287,0.336849
699,0.107827,-0.007891,0.312176,-0.557849,-0.447431,-0.699038,0.004736,-0.84397,0.536343,-0.829253,0.29644,0.473803,-0.012177,0.010886,0.010958,-0.00061,-0.00065,-0.005173,0.393385,-0.196808,0.005789,0.293275,-0.749156,0.661314,-0.03769,-0.492823,-0.518279,0.69889,0.443595,0.541306,0.714195,1e-05,0.000108,0.000117,-4e-06,-3.9e-05,3.8e-05,-1.399057,0.03069,0.046865,-0.023966,0.85797,-0.511309,-0.049494,0.388562,0.582928,0.713592,-0.336015,-0.631472,0.69881,5e-06,5.5e-05,6.2e-05,0.000532,0.004144,-0.004228,-0.970887,0.053011,0.036599,-0.062006,0.656392,0.436002,-0.61567,-0.162051,0.878521,0.449377,0.736809,-0.195197,0.647309,-0.006449,-4.1e-05,0.009643,-0.038209,0.014226,-0.022349,0.33587
700,0.107389,-0.007803,0.312788,-0.559905,-0.445827,-0.698419,0.004552,-0.844572,0.535397,-0.827866,0.297142,0.475785,-0.012385,0.010016,0.009987,0.00617,0.009769,0.001319,0.393157,-0.196808,0.005804,0.293276,-0.748002,0.662634,-0.037415,-0.492574,-0.516306,0.700523,0.445815,0.541576,0.712607,0.0,5e-06,5e-06,-0.000514,0.000295,0.00025,-1.399066,0.03069,0.046872,-0.023965,0.857051,-0.512876,-0.049198,0.388654,0.58086,0.715226,-0.338245,-0.632107,0.697158,-0.0,-9e-06,-1e-05,0.007369,-3.2e-05,0.00035,-0.970887,0.052793,0.036645,-0.061698,0.658512,0.434517,-0.614456,-0.161811,0.87913,0.448271,0.734968,-0.195766,0.649227,-0.006597,-0.00063,0.008995,-0.049652,0.009797,-0.021603,0.335217
701,0.107197,-0.007817,0.313108,-0.560098,-0.44598,-0.698167,0.004196,-0.844274,0.53587,-0.827738,0.29776,0.475622,-0.013321,-0.001833,0.017344,-0.035328,0.016978,-0.021092,0.393491,-0.196809,0.005798,0.29327,-0.748026,0.662617,-0.037247,-0.492467,-0.516393,0.700535,0.445895,0.541514,0.712604,-2.1e-05,-0.000235,-0.000254,-8e-06,4e-06,4e-06,-1.399259,0.03069,0.046869,-0.023968,0.857074,-0.512854,-0.049032,0.388552,0.580966,0.715195,-0.338305,-0.632027,0.697202,-1.5e-05,-0.000158,-0.000171,0.001124,-0.000369,-0.0003,-0.97007,0.052697,0.036643,-0.06154,0.658519,0.434769,-0.61427,-0.161447,0.878847,0.448955,0.735042,-0.196474,0.64893,0.00052,-0.002097,0.007783,-0.038376,-0.001582,0.006676,0.33538
702,0.10686,-0.007974,0.313732,-0.562166,-0.444209,-0.697634,0.003527,-0.844821,0.53501,-0.826337,0.298852,0.47737,0.00068,-0.005635,0.013997,0.252515,0.442182,0.281256,0.393069,-0.19681,0.005786,0.293257,-0.748113,0.662554,-0.036617,-0.492064,-0.516716,0.700579,0.446193,0.541284,0.712592,-2.2e-05,-0.000245,-0.000266,-0.0,0.0,0.0,-1.398813,0.03069,0.046863,-0.023975,0.857156,-0.512776,-0.048401,0.388091,0.581222,0.715238,-0.338626,-0.631855,0.697202,-1.3e-05,-0.000149,-0.000163,3.6e-05,-0.000257,-0.000256,-0.968111,0.052524,0.036567,-0.061225,0.658682,0.434886,-0.614012,-0.160509,0.878478,0.450013,0.735101,-0.197862,0.648441,-0.006956,-0.002009,0.007501,-0.035654,0.03203,-0.04578,0.334727
703,0.10672,-0.008158,0.314248,-0.559738,-0.4475,-0.697483,0.007523,-0.844394,0.535644,-0.827958,0.295125,0.476879,0.000561,-0.006088,0.013506,-0.034373,0.002255,0.008451,0.39359,-0.196842,0.005781,0.293253,-0.748234,0.662462,-0.035791,-0.491531,-0.517145,0.700638,0.446579,0.540987,0.712576,-0.0,-3e-06,-3e-06,-0.0,0.0,0.0,-1.398817,0.030673,0.04686,-0.023978,0.857263,-0.512675,-0.047572,0.387481,0.581548,0.715304,-0.339053,-0.631638,0.697191,1e-06,1e-05,1.1e-05,-0.010954,0.116548,-0.1608,-0.968764,0.052453,0.036474,-0.060969,0.657932,0.43633,-0.613791,-0.164683,0.87868,0.448107,0.734849,-0.193743,0.649969,0.000206,-0.0033,0.006483,-0.038103,0.014722,-0.017656,0.335217
704,0.106716,-0.008188,0.314454,-0.559769,-0.447427,-0.697505,0.007138,-0.844305,0.535789,-0.82794,0.295491,0.476683,0.001367,0.005211,0.005533,0.000346,-0.015318,0.024409,0.393524,-0.196843,0.005775,0.293246,-0.748278,0.66243,-0.035476,-0.491329,-0.517306,0.70066,0.446728,0.540872,0.71257,-2.9e-05,-0.000325,-0.000352,-0.0,0.0,0.0,-1.398811,0.030673,0.046857,-0.02398,0.857302,-0.512638,-0.047256,0.38725,0.58167,0.715329,-0.339218,-0.631554,0.697187,-1.9e-05,-0.000207,-0.000222,4.1e-05,-0.000158,-0.000125,-0.969091,0.052451,0.036453,-0.060863,0.657958,0.436285,-0.613796,-0.16431,0.87861,0.448381,0.734909,-0.194163,0.649775,0.000228,-0.003218,0.006568,-0.035062,0.017031,-0.016374,0.33538
705,0.106802,-0.008127,0.314761,-0.559586,-0.447055,-0.69789,0.006512,-0.844417,0.53562,-0.828069,0.295733,0.476309,0.015816,0.003172,0.004076,0.001332,-0.030024,0.053968,0.393356,-0.196842,0.005766,0.293252,-0.74838,0.662355,-0.034726,-0.490839,-0.517676,0.70073,0.447097,0.54061,0.712537,-0.0,-0.0,-0.0,-0.0,0.0,0.0,-1.399054,0.030673,0.046852,-0.023978,0.857391,-0.512559,-0.046505,0.386697,0.581944,0.715405,-0.339625,-0.631365,0.697159,3e-06,6e-06,1e-05,-3.9e-05,-9.5e-05,-0.000122,-0.969091,0.052488,0.036483,-0.060712,0.657877,0.435897,-0.614159,-0.16369,0.878745,0.448344,0.735121,-0.194424,0.649458,0.000742,0.002851,0.003022,0.000462,-0.015393,0.024289,0.335543
706,0.10689,-0.007937,0.315009,-0.559308,-0.446664,-0.698363,0.00613,-0.844657,0.535247,-0.82826,0.295638,0.476036,0.001424,0.005443,0.005753,0.0,0.0,0.0,0.392395,-0.196831,0.005786,0.293258,-0.748467,0.66229,-0.034074,-0.490435,-0.518024,0.700756,0.447394,0.540357,0.712542,4e-06,4.1e-05,4.4e-05,-0.0,0.0,0.0,-1.399008,0.030679,0.046863,-0.023974,0.857466,-0.512491,-0.045851,0.386233,0.582213,0.715437,-0.339961,-0.631173,0.69717,3e-06,2e-05,2.2e-05,-1.3e-05,-7.4e-05,-7.3e-05,-0.969744,0.052538,0.036581,-0.060584,0.65771,0.435424,-0.614673,-0.163236,0.879002,0.448006,0.735371,-0.194321,0.649205,0.000722,0.002772,0.002931,0.000113,-3.1e-05,-8.6e-05,0.334727
707,0.106923,-0.007682,0.315276,-0.55894,-0.446203,-0.698952,0.005744,-0.844973,0.534752,-0.828511,0.29543,0.475728,0.001576,0.006029,0.006355,0.0,0.0,0.0,0.388005,-0.196832,0.00578,0.293252,-0.74857,0.662212,-0.033319,-0.489952,-0.518412,0.700807,0.447752,0.540081,0.712527,-4.7e-05,-0.000529,-0.000573,-0.0,0.0,0.0,-1.398935,0.030679,0.046861,-0.023976,0.857554,-0.512413,-0.045093,0.385686,0.582505,0.715495,-0.340362,-0.630968,0.69716,-3.4e-05,-0.000358,-0.000389,-5.3e-05,-5.8e-05,-6.4e-05,-0.969581,0.052554,0.036706,-0.060453,0.657493,0.434896,-0.615279,-0.162784,0.879309,0.447567,0.735665,-0.194115,0.648933,0.000937,0.003596,0.003791,0.000424,-0.01535,0.02436,0.331461
708,0.106915,-0.007547,0.315431,-0.55612,-0.449294,-0.699222,0.01055,-0.845061,0.534539,-0.830361,0.290445,0.475571,0.001811,0.006929,0.007294,0.003165,-0.01746,0.022501,0.38359,-0.196832,0.005774,0.293246,-0.748612,0.66218,-0.033004,-0.489751,-0.518574,0.700828,0.447902,0.539966,0.71252,-9e-05,-0.001021,-0.001105,-0.0,0.0,0.0,-1.398819,0.030679,0.046859,-0.023978,0.85759,-0.51238,-0.044777,0.385458,0.582626,0.71552,-0.34053,-0.630882,0.697156,-5.4e-05,-0.000597,-0.000648,-0.001627,0.016874,-0.023342,-0.969581,0.052549,0.036772,-0.060377,0.654587,0.437746,-0.616354,-0.167474,0.879008,0.446425,0.737202,-0.189,0.648699,-0.006319,0.004444,0.004328,0.007672,-0.006378,-0.013513,0.327542
709,0.106894,-0.007232,0.315743,-0.555796,-0.448916,-0.699722,0.010251,-0.845332,0.534116,-0.830582,0.29024,0.47531,0.001736,0.006641,0.006969,0.0,0.0,0.0,0.360972,-0.196834,0.005757,0.293226,-0.74874,0.662082,-0.032059,-0.489147,-0.519058,0.700891,0.448349,0.53962,0.7125,-8.3e-05,-0.000941,-0.001019,-0.0,0.0,0.0,-1.398787,0.030678,0.04685,-0.023988,0.857698,-0.512281,-0.04383,0.384773,0.58299,0.715591,-0.341032,-0.630626,0.697142,-5.6e-05,-0.000639,-0.000692,-0.012581,0.133626,-0.183949,-0.969091,0.052539,0.036929,-0.060222,0.654399,0.437323,-0.616855,-0.16712,0.879259,0.446064,0.737449,-0.188815,0.648471,0.001023,0.003935,0.004127,0.000267,-0.015246,0.024435,0.31007
710,0.106842,-0.006965,0.316031,-0.552772,-0.451768,-0.700281,0.014875,-0.845548,0.533666,-0.832529,0.285136,0.474993,0.001483,0.005672,0.005936,0.0,-0.0,-0.0,0.32366,-0.196856,0.00576,0.293216,-0.748812,0.662024,-0.031566,-0.488839,-0.519329,0.700906,0.448566,0.539431,0.712507,-2e-06,-1.8e-05,-1.9e-05,-0.0,0.0,0.0,-1.399081,0.030666,0.046849,-0.023996,0.857758,-0.512222,-0.043335,0.384419,0.5832,0.71561,-0.341279,-0.63048,0.697153,1e-06,6e-06,6e-06,-8e-06,-2.3e-05,-2.4e-05,-0.967458,0.052514,0.037067,-0.060072,0.651361,0.439877,-0.618251,-0.17157,0.879091,0.444703,0.739115,-0.183589,0.648076,0.00086,0.003309,0.003465,-0.000261,-0.014629,0.023777,0.268921
711,0.106784,-0.006845,0.316153,-0.549992,-0.454937,-0.700418,0.019796,-0.845514,0.53356,-0.834269,0.280149,0.47491,0.001335,0.005103,0.005334,0.0006,-0.0155,0.024245,0.289351,-0.196856,0.005769,0.29321,-0.74883,0.662009,-0.031435,-0.488766,-0.519411,0.700896,0.448614,0.53937,0.712523,-0.0,-0.0,-0.0,-0.0,0.0,0.0,-1.398989,0.030666,0.046854,-0.023999,0.857774,-0.512207,-0.043204,0.384332,0.583267,0.715602,-0.341337,-0.63043,0.69717,1e-06,1e-05,1e-05,-1e-06,-2e-05,-1.7e-05,-0.967621,0.052485,0.037128,-0.060011,0.648467,0.442823,-0.61919,-0.176387,0.878664,0.443663,0.740524,-0.178484,0.647893,0.000583,0.002235,0.00234,-0.000508,0.000957,-0.00231,0.236916
712,0.106731,-0.006747,0.316355,-0.544429,-0.461208,-0.700663,0.02949,-0.845312,0.533432,-0.837628,0.270322,0.474691,0.00071,0.002713,0.002831,7e-06,-5e-06,-5e-06,0.13283,-0.196866,0.00578,0.293224,-0.748928,0.661932,-0.03072,-0.488306,-0.51978,0.700943,0.448952,0.539111,0.712507,1.3e-05,0.000144,0.000156,-0.010981,0.116734,-0.160637,-1.398953,0.030661,0.04686,-0.023992,0.85784,-0.512144,-0.042634,0.383918,0.583488,0.715645,-0.341637,-0.630277,0.697161,8e-06,8.8e-05,9.6e-05,-9e-06,-1.5e-05,-1e-05,-0.965498,0.052459,0.03718,-0.059907,0.642672,0.448619,-0.621057,-0.185847,0.877705,0.441693,0.743258,-0.168442,0.647451,0.000331,0.001271,0.001327,-0.001432,0.001644,-0.001429,0.095016
713,0.106795,-0.006732,0.316417,-0.530398,-0.476875,-0.700938,0.054256,-0.844217,0.533222,-0.845366,0.245378,0.474523,4.7e-05,0.00018,0.000188,3.873751,-2.946866,-2.622466,-0.104472,-0.196865,0.005801,0.293232,-0.747817,0.663219,-0.030027,-0.487789,-0.518027,0.702598,0.451363,0.539214,0.710904,3e-06,3e-05,3.2e-05,-0.208763,0.121891,0.103118,-1.39847,0.030662,0.046871,-0.023987,0.857396,-0.51295,-0.041865,0.383402,0.582353,0.716845,-0.343326,-0.630672,0.695974,-1e-06,2e-06,3e-06,-0.330362,0.150929,0.122103,-0.966641,0.052492,0.037188,-0.059875,0.630956,0.460217,-0.624575,-0.205146,0.875368,0.437772,0.748204,-0.148086,0.64673,-6e-06,-2.9e-05,-3.1e-05,-0.002212,0.002597,-0.001954,-0.177026
714,0.106797,-0.006677,0.316356,-0.515696,-0.491889,-0.701532,0.079052,-0.842629,0.532634,-0.852489,0.219827,0.474304,-8.5e-05,-0.000326,-0.00034,1.165501,-0.988713,-0.617864,-0.365073,-0.196854,0.005807,0.293237,-0.747847,0.663196,-0.029778,-0.487632,-0.518154,0.702614,0.451482,0.539121,0.710898,3e-06,3.9e-05,4.3e-05,-4.5e-05,2.6e-05,2.2e-05,-1.398409,0.030667,0.046874,-0.023985,0.856997,-0.51364,-0.04158,0.383471,0.581746,0.717301,-0.344245,-0.63067,0.695521,1e-06,1.3e-05,1.5e-05,0.002567,-0.000394,-0.000197,-0.966968,0.052492,0.037212,-0.059909,0.613734,0.476188,-0.629741,-0.232736,0.871309,0.432033,0.754429,-0.11859,0.645578,-0.000147,-0.000297,-0.000357,3.868276,-2.946978,-2.631199,-0.394039
715,0.106784,-0.00666,0.316315,-0.515515,-0.491647,-0.701835,0.078964,-0.842825,0.532337,-0.852607,0.219615,0.474191,-0.000266,-0.001018,-0.001062,0.0,-0.0,-0.0,-0.506835,-0.196865,0.005807,0.293238,-0.747872,0.663176,-0.029608,-0.487521,-0.518243,0.702625,0.451561,0.53906,0.710894,0.0,1e-06,1e-06,-1e-06,0.0,0.0,-1.398551,0.030662,0.046874,-0.023984,0.857022,-0.513612,-0.04141,0.383348,0.581829,0.717299,-0.344319,-0.630616,0.695533,-0.0,-7e-06,-8e-06,0.000365,-0.000338,-0.000302,-0.966151,0.052485,0.037221,-0.059929,0.612705,0.476655,-0.630389,-0.233973,0.871293,0.431399,0.754882,-0.116826,0.64537,-0.000149,-0.00058,-0.000603,-0.001351,0.001254,0.000388,-0.501321
716,0.106801,-0.00652,0.316179,-0.515049,-0.491085,-0.702569,0.078967,-0.843342,0.531517,-0.852889,0.218883,0.474023,-6.6e-05,-0.000252,-0.000263,0.0,0.0,0.0,-0.86547,-0.196898,0.005796,0.293228,-0.747971,0.663095,-0.028907,-0.487068,-0.518608,0.70267,0.451887,0.538809,0.710877,-9e-06,-0.000105,-0.000114,-0.0,0.0,0.0,-1.398392,0.030645,0.046867,-0.02399,0.857112,-0.513518,-0.040708,0.382827,0.582111,0.717348,-0.344675,-0.630432,0.695523,-5e-06,-4.9e-05,-5.4e-05,-8e-06,-0.000223,-0.000229,-0.963049,0.052493,0.037285,-0.059996,0.612493,0.476089,-0.631023,-0.233867,0.871685,0.430662,0.755087,-0.116202,0.645243,-4.3e-05,-0.000175,-0.000183,-0.000712,0.000488,0.000719,-0.731397
717,0.106921,-0.006308,0.315961,-0.514525,-0.490488,-0.703371,0.079188,-0.843951,0.530517,-0.853185,0.217871,0.473956,0.000352,0.009545,-0.009799,0.034432,-0.002176,-0.0084,-1.42827,-0.196973,0.005796,0.293233,-0.748068,0.663012,-0.028301,-0.486667,-0.51893,0.70271,0.452161,0.5386,0.710861,-0.0,-0.0,-0.0,-0.0,0.0,0.0,-1.398295,0.030608,0.046868,-0.023987,0.857196,-0.513425,-0.040099,0.382367,0.582357,0.717394,-0.344976,-0.630281,0.695511,3e-06,4e-06,9e-06,2.6e-05,-0.00017,-0.000124,-0.963702,0.052554,0.037398,-0.060105,0.612155,0.475263,-0.631972,-0.233828,0.872277,0.429484,0.755373,-0.115138,0.645099,0.000178,0.004768,-0.004907,0.033974,-0.001854,-0.007904,-1.00295
718,0.107013,-0.006168,0.3158,-0.514166,-0.490077,-0.70392,0.079349,-0.84437,0.529825,-0.853387,0.217167,0.473916,0.000355,0.00956,-0.009783,0.034771,-0.01752,0.015993,-1.794473,-0.197016,0.005796,0.293236,-0.748128,0.662961,-0.027914,-0.486411,-0.519136,0.702736,0.452337,0.538466,0.710851,-0.0,-0.0,-0.0,-0.0,0.0,0.0,-1.398095,0.030587,0.046868,-0.023986,0.857248,-0.513369,-0.03971,0.382075,0.582513,0.717423,-0.345171,-0.630183,0.695504,2e-06,3e-06,9e-06,4.4e-05,-0.000156,-6.9e-05,-0.962396,0.0526,0.037463,-0.060183,0.61195,0.474788,-0.632528,-0.233852,0.872624,0.428764,0.755532,-0.114465,0.645033,0.000142,0.004628,-0.00505,0.034064,-0.001909,-0.007972,-1.022545
719,0.107129,-0.005754,0.315377,-0.525097,-0.477423,-0.704546,0.060307,-0.846651,0.528695,-0.848265,0.235716,0.474249,0.000363,0.009591,-0.009747,0.003227,0.006124,0.037207,-1.914321,-0.197081,0.00577,0.293227,-0.747057,0.664208,-0.026943,-0.485676,-0.517509,0.704441,0.454892,0.538494,0.709197,-3.4e-05,-0.000376,-0.000407,-0.00187,0.001099,0.000929,-1.397922,0.030554,0.046855,-0.02399,0.856398,-0.514857,-0.03877,0.381631,0.58064,0.719176,-0.347761,-0.630697,0.693745,-1.9e-05,-0.000232,-0.000249,0.01164,0.0007,0.001492,-0.963702,0.052657,0.037669,-0.060396,0.62357,0.462996,-0.629915,-0.215106,0.876272,0.431132,0.75159,-0.133342,0.646011,0.00016,0.004679,-0.004996,-0.070245,0.076654,0.064907,-1.006542
720,0.107176,-0.005221,0.314971,-0.534232,-0.462816,-0.70742,0.040256,-0.849822,0.525504,-0.843731,0.252834,0.473519,0.000791,0.011232,-0.008027,-0.070801,0.06084,0.086615,-1.916617,-0.197128,0.005738,0.29318,-0.747172,0.664111,-0.026128,-0.485159,-0.517949,0.704474,0.455256,0.53819,0.709194,-8.9e-05,-0.000999,-0.001083,-0.0,0.0,0.0,-1.397426,0.03053,0.046839,-0.024013,0.856499,-0.51475,-0.037959,0.381083,0.581059,0.719128,-0.348115,-0.630398,0.693839,-5.4e-05,-0.000623,-0.000672,0.000293,-0.00038,-0.000349,-0.9606,0.05268,0.037933,-0.060601,0.633935,0.448965,-0.629726,-0.195085,0.880745,0.431542,0.748376,-0.15072,0.645922,0.000815,0.011278,-0.007977,-0.287553,0.233193,0.264474,-1.007032
721,0.107261,-0.004617,0.314522,-0.533474,-0.437372,-0.723986,0.013577,-0.860272,0.509626,-0.845061,0.262582,0.465778,0.000571,0.010387,-0.008905,0.342992,-1.620351,2.253638,-1.91745,-0.197125,0.005639,0.293088,-0.747356,0.66396,-0.02464,-0.484201,-0.518698,0.704582,0.455974,0.537656,0.709138,-0.000293,-0.00327,-0.003548,-0.001589,0.016915,-0.023277,-1.244118,0.030532,0.046795,-0.024054,0.856643,-0.514606,-0.036636,0.380116,0.581558,0.719236,-0.348818,-0.630055,0.693798,-0.000136,-0.001549,-0.001677,-1.4e-05,-0.000258,-0.000244,-0.944107,0.052723,0.03823,-0.060816,0.638913,0.423949,-0.641916,-0.167454,0.891075,0.421833,0.750832,-0.162023,0.640312,0.007418,0.003986,-0.005374,0.040834,-0.051003,0.07691,-1.006379
722,0.10731,-0.004364,0.314314,-0.538307,-0.428841,-0.725511,-0.00188,-0.860266,0.509815,-0.842096,0.276329,0.463189,0.014926,0.0084,-0.010299,-0.08393,0.136157,-0.062217,-1.917036,-0.197119,0.005586,0.293029,-0.747495,0.663931,-0.020932,-0.482261,-0.520576,0.704527,0.457802,0.535877,0.709307,-0.000267,-0.002978,-0.003232,1e-06,1.2e-05,-1.1e-05,-0.9622,0.030535,0.046765,-0.024086,0.856792,-0.514622,-0.032705,0.377708,0.583137,0.719227,-0.351059,-0.628581,0.694004,-0.000157,-0.001783,-0.001934,-0.002059,0.012767,-0.019442,-0.835519,0.052748,0.038368,-0.060931,0.643461,0.414119,-0.643787,-0.151139,0.893202,0.423494,0.750409,-0.1752,0.63733,0.007465,0.004175,-0.005178,-0.061627,0.161659,-0.056811,-1.006542
723,0.107425,-0.003997,0.313843,-0.547176,-0.409537,-0.730015,-0.028116,-0.86267,0.504957,-0.835884,0.29733,0.461432,0.014102,0.005258,-0.013584,0.00074,0.112622,-0.125191,-1.91767,-0.197052,0.00549,0.29292,-0.750359,0.661018,0.002885,-0.467215,-0.533266,0.705175,0.468616,0.526942,0.708939,-0.000171,-0.001915,-0.002081,-0.227529,0.320971,-0.053318,-0.390235,0.030563,0.046715,-0.024143,0.859627,-0.51083,-0.009607,0.360799,0.593627,0.719325,-0.361751,-0.621818,0.694606,-0.000107,-0.001287,-0.001401,-0.296025,2.062055,-1.625621,-0.657369,0.052801,0.03855,-0.061153,0.654294,0.395126,-0.644805,-0.124739,0.897356,0.423311,0.745881,-0.196538,0.636422,-9.7e-05,0.003692,-0.006023,-0.333497,0.255428,0.219458,-1.004909
