frame,MLTx,MLTy,MLTz,MLTR1,MLTR2,MLTR3,MLTR4,MLTR5,MLTR6,MLTR7,MLTR8,MLTR9,MLTTVx,MLTTVy,MLTTVz,MLTRVx,MLTRVy,MLTRVz,MLGA,MRTx,MRTy,MRTz,MRTR1,MRTR2,MRTR3,MRTR4,MRTR5,MRTR6,MRTR7,MRTR8,MRTR9,MRTTVx,MRTTVy,MRTTVz,MRTRVx,MRTRVy,MRTRVz,MRGA,SLTx,SLTy,SLTz,SLTR1,SLTR2,SLTR3,SLTR4,SLTR5,SLTR6,SLTR7,SLTR8,SLTR9,SLTTVx,SLTTVy,SLTTVz,SLTRVx,SLTRVy,SLTRVz,SLGA,SRTx,SRTy,SRTz,SRTR1,SRTR2,SRTR3,SRTR4,SRTR5,SRTR6,SRTR7,SRTR8,SRTR9,SRTTVx,SRTTVy,SRTTVz,SRTRVx,SRTRVy,SRTRVz,SRGA
4027,0.161912,0.037587,0.402646,-0.882145,-0.014446,-0.470805,-0.390571,-0.536366,0.748156,-0.262238,0.843882,0.468104,-0.012262,-0.016466,0.006905,-0.410667,-0.467902,-0.18662,-1.913422,-0.126044,0.019996,0.332801,0.425318,-0.703464,0.569416,0.334367,0.706678,0.62349,-0.841514,-0.073907,0.535028,0.008142,0.038291,-0.021475,0.384439,0.653107,-0.155399,0.450246,0.05679,0.03107,-0.010362,-0.261361,0.771264,0.58038,-0.419849,-0.632258,0.651133,0.869147,-0.073492,0.489062,0.003349,0.024353,-0.015041,1.160018,1.582689,0.38393,0.41447,0.096752,0.043199,-0.038622,-0.915672,-0.059137,-0.397551,-0.283989,-0.604744,0.744066,-0.284419,0.79422,0.536953,-0.006199,-0.009026,0.003096,0.001095,-0.099757,0.142708,-0.885544
4028,0.161687,0.037374,0.402788,-0.877013,-0.013272,-0.48033,-0.400696,-0.531614,0.746191,-0.264166,0.846902,0.461519,-0.011826,-0.010666,0.009534,-0.17877,-0.292599,0.080658,-1.913294,-0.125876,0.020752,0.332286,0.371847,-0.724094,0.580869,0.380721,0.689546,0.616045,-0.847061,-0.007021,0.531321,0.008708,0.034199,-0.024801,1.105631,1.504374,0.381705,0.451873,0.056873,0.031459,-0.01061,-0.205511,0.781846,0.588627,-0.462014,-0.607731,0.645914,0.862732,-0.139212,0.486119,-0.002128,0.016053,-0.012741,3.560841,4.036122,2.756826,0.419532,0.096638,0.043078,-0.038558,-0.911233,-0.058814,-0.407669,-0.294382,-0.599255,0.744466,-0.288084,0.798393,0.528748,-0.005911,-0.005226,0.00482,-0.141139,-0.64567,0.633107,-0.886034
4029,0.161238,0.037241,0.403132,-0.867636,-0.025361,-0.496599,-0.415365,-0.512158,0.751757,-0.272326,0.858552,0.434458,-0.011532,0.003824,0.00215,-0.641863,-0.752271,-0.342635,-1.913236,-0.125669,0.021892,0.331217,0.283446,-0.731712,0.619877,0.4485,0.672384,0.588796,-0.847965,0.112033,0.517945,0.009553,0.028203,-0.029676,0.275195,2.036904,-2.585053,0.444309,0.056976,0.032028,-0.011127,-0.114182,0.77612,0.62016,-0.528467,-0.576046,0.623612,0.841239,-0.256529,0.475928,0.004778,0.014056,-0.014819,0.444767,0.699566,-0.385104,0.421492,0.096414,0.043008,-0.038382,-0.902618,-0.066995,-0.425195,-0.310623,-0.582452,0.751173,-0.297981,0.810098,0.504922,-0.005722,-0.002787,0.005926,-0.337625,-0.297628,-0.310602,-0.889626
4030,0.160971,0.037252,0.403272,-0.85576,-0.049892,-0.515005,-0.42629,-0.496221,0.756315,-0.29223,0.866829,0.404026,0.000256,0.003214,0.001452,-0.389063,-0.501432,-0.134394,-1.913373,-0.125597,0.022847,0.329797,0.19971,-0.709543,0.675764,0.523486,0.660149,0.53861,-0.828507,0.247065,0.502392,0.00929,0.03035,-0.045016,4.291008,3.253024,1.805375,0.428244,0.057009,0.032521,-0.011838,-0.035649,0.737152,0.674785,-0.59863,-0.556423,0.576224,0.800231,-0.383405,0.461117,-0.001911,0.013872,-0.022755,0.975404,0.449955,-1.124881,0.405816,0.096276,0.043016,-0.038311,-0.890227,-0.091746,-0.446181,-0.321994,-0.566095,0.758851,-0.322202,0.819218,0.474412,-0.005815,0.001288,0.000796,-0.401494,-0.842343,0.354451,-0.889463
4031,0.160853,0.03733,0.403312,-0.85109,-0.068086,-0.52063,-0.428314,-0.483594,0.763319,-0.30269,0.872731,0.383075,0.00033,0.004126,0.001863,-0.851031,-0.798296,-0.782479,-1.913473,-0.125607,0.023294,0.328913,0.176489,-0.699328,0.692663,0.551912,0.652889,0.518711,-0.81519,0.291607,0.500293,-0.003312,0.02423,-0.04858,4.308307,3.178876,1.514667,0.424457,0.057009,0.032747,-0.012278,-0.013467,0.723412,0.690284,-0.626414,-0.54419,0.558087,0.779373,-0.424889,0.460484,-0.001652,0.012166,-0.02418,0.771807,0.059802,-1.137314,0.396998,0.096217,0.043055,-0.038291,-0.884956,-0.10672,-0.453279,-0.324902,-0.555817,0.765182,-0.333601,0.824425,0.457201,-0.005689,0.002822,0.001488,-0.570035,-0.468657,-0.661812,-0.889789
4032,0.160734,0.037618,0.403447,-0.842493,-0.103905,-0.528635,-0.431766,-0.456731,0.777783,-0.321216,0.883653,0.340595,0.000723,0.009002,0.004052,-0.763325,-0.589488,-0.870269,-1.913797,-0.12572,0.024222,0.326938,0.157394,-0.674428,0.721364,0.573533,0.656981,0.489254,-0.804072,0.337552,0.489274,-0.003192,0.02341,-0.049302,0.142635,0.56594,-0.702812,0.420187,0.056953,0.0332,-0.013273,0.005127,0.69585,0.718168,-0.653775,-0.541099,0.528951,0.756671,-0.472232,0.452155,-0.002297,0.016858,-0.028912,0.364826,0.227192,0.157169,0.385895,0.096161,0.043189,-0.038228,-0.874082,-0.141756,-0.464634,-0.329476,-0.529852,0.781473,-0.356966,0.836158,0.416429,0.000362,0.004336,0.001958,-1.03431,-1.015951,-0.784047,-0.887993
4033,0.160506,0.038057,0.403686,-0.836892,-0.134141,-0.530719,-0.4331,-0.430762,0.791732,-0.333781,0.892617,0.303072,-0.010705,0.013576,0.006504,-0.532672,-1.140646,1.643097,-1.913993,-0.125846,0.025592,0.324746,0.143317,-0.661962,0.735703,0.588544,0.654556,0.474454,-0.795796,0.365811,0.482446,-0.005258,0.037868,-0.05438,0.106935,0.279765,-0.414117,0.427852,0.056895,0.033853,-0.014351,0.017769,0.680881,0.732177,-0.668606,-0.536384,0.515031,0.743404,-0.49869,0.44571,-0.002589,0.018675,-0.027374,-0.002681,-1.272549,1.550069,0.38965,0.096047,0.043411,-0.038108,-0.867348,-0.174403,-0.466144,-0.328571,-0.502835,0.799498,-0.373828,0.846605,0.378829,-0.005318,0.007266,0.003469,-0.45185,-0.231556,-0.775666,-0.887993
4034,0.160288,0.038334,0.403808,-0.834586,-0.148841,-0.530431,-0.433405,-0.41708,0.798859,-0.339101,0.896795,0.284247,-0.010617,0.014432,0.00687,-0.928579,-0.959737,-0.138218,-1.913308,-0.125931,0.026429,0.323688,0.140125,-0.660042,0.738039,0.593426,0.652571,0.471094,-0.792727,0.372772,0.482169,-0.007227,0.051657,-0.059946,0.168444,0.312743,-0.419182,0.429997,0.056851,0.034282,-0.014903,0.020624,0.678604,0.734214,-0.673218,-0.533504,0.512006,0.739155,-0.504846,0.445845,-0.002808,0.02036,-0.025948,0.112947,0.429711,-0.606195,0.393569,0.095938,0.043551,-0.038046,-0.863658,-0.185925,-0.468535,-0.330814,-0.492261,0.805134,-0.380337,0.850359,0.363638,-0.005362,0.006648,0.003187,-0.728896,-1.339606,1.752959,-0.890769
4035,0.159669,0.038609,0.404163,-0.824941,-0.188658,-0.532847,-0.436809,-0.385624,0.81269,-0.357777,0.903409,0.23638,-0.010931,0.010219,0.004971,-1.076691,-1.188747,0.161494,-1.914275,-0.126297,0.028336,0.321611,0.133904,-0.660319,0.738945,0.593622,0.650427,0.473805,-0.793647,0.376023,0.478115,-0.00653,0.046512,-0.046872,0.024547,0.346576,-0.139274,0.439574,0.056671,0.035216,-0.015932,0.026652,0.677826,0.734738,-0.672652,-0.531549,0.514776,0.739478,-0.507943,0.441775,-0.010609,0.02786,-0.027383,-0.006903,0.419691,-0.091768,0.402387,0.095634,0.043697,-0.03787,-0.852453,-0.224384,-0.472201,-0.333668,-0.461825,0.821816,-0.402477,0.858119,0.318814,-0.011349,1e-05,0.007375,-1.047422,-0.855668,-0.670982,-0.883911
4036,0.159015,0.038735,0.40465,-0.801496,-0.271602,-0.532806,-0.433937,-0.34901,0.830579,-0.410549,0.89725,0.162542,-0.010847,0.000622,0.014565,-1.742684,-1.782954,-0.575192,-1.914714,-0.126689,0.030279,0.319884,0.124706,-0.669198,0.73254,0.594257,0.641511,0.485032,-0.794658,0.375655,0.476725,-0.007282,0.051674,-0.042312,-0.136192,0.432235,0.205171,0.449777,0.05648,0.036189,-0.016801,0.03493,0.684691,0.727995,-0.672089,-0.523023,0.524159,0.739645,-0.507586,0.441905,-0.003611,0.025857,-0.021137,0.157937,-0.079973,0.10569,0.416593,0.095312,0.04376,-0.037631,-0.822707,-0.302239,-0.48146,-0.334024,-0.428295,0.839637,-0.459978,0.851595,0.251406,-0.005433,0.000192,0.007233,-1.510509,-1.520134,-0.40127,-0.883911
4037,0.158254,0.038678,0.405133,-0.766772,-0.359683,-0.531727,-0.445493,-0.29831,0.844108,-0.461282,0.884569,0.069168,-0.022995,0.006311,0.003646,-1.708882,-1.9823,-0.587341,-1.914931,-0.127072,0.032016,0.318495,0.117392,-0.679517,0.724201,0.59631,0.631275,0.495823,-0.794224,0.374479,0.478368,-0.005961,0.042311,-0.032899,-0.079866,0.234714,0.287705,0.448744,0.056278,0.037095,-0.017521,0.044913,0.693319,0.719229,-0.67107,-0.512389,0.535836,0.740031,-0.50672,0.442253,-0.00297,0.021269,-0.01635,-0.142296,0.291462,0.32308,0.421492,0.094928,0.043736,-0.037377,-0.782221,-0.387665,-0.487692,-0.348746,-0.376197,0.8584,-0.516241,0.84154,0.159073,-0.011466,-0.001718,0.006632,-1.567376,-2.27392,-0.349337,-0.88881
4038,0.157775,0.038663,0.405269,-0.746144,-0.39252,-0.537812,-0.467315,-0.266697,0.842888,-0.473361,0.880734,0.016239,-0.02334,0.002364,0.001904,-1.730635,-1.840013,0.423958,-1.914751,-0.12718,0.032716,0.317942,0.112344,-0.683597,0.721155,0.596368,0.626795,0.501406,-0.794904,0.374586,0.477154,-0.004443,0.031545,-0.024799,0.029576,0.069091,0.132008,0.448716,0.056227,0.037423,-0.017777,0.051367,0.696158,0.716048,-0.66934,-0.508124,0.542026,0.741177,-0.507122,0.439865,-0.002235,0.016039,-0.01217,0.037899,0.075031,0.132811,0.421655,0.094697,0.043734,-0.037307,-0.760649,-0.41978,-0.495173,-0.370499,-0.345622,0.862133,-0.53305,0.839242,0.107369,-0.011674,0.001058,0.000927,-1.639511,-1.801165,-0.411198,-0.895994
4039,0.156838,0.038644,0.405171,-0.707941,-0.463833,-0.532658,-0.489061,-0.222262,0.84344,-0.508729,0.858187,-0.068825,-0.023996,-0.004675,-0.001204,-0.40065,-2.962246,-0.015206,-1.915709,-0.127219,0.0335,0.317298,0.104776,-0.688411,0.717707,0.595607,0.621274,0.509122,-0.796496,0.374976,0.474184,-0.001348,0.009599,-0.009037,0.022551,0.007886,0.032098,0.451024,0.056205,0.037832,-0.018111,0.059529,0.699641,0.71201,-0.667354,-0.502553,0.549616,0.742357,-0.507881,0.436992,-0.000603,0.004431,-0.004834,0.060011,-0.021741,0.00773,0.424104,0.094229,0.043729,-0.037354,-0.719341,-0.483197,-0.499065,-0.398734,-0.30108,0.866233,-0.568821,0.822113,0.023912,-0.01202,0.002369,-0.005431,-1.136395,-1.553096,-0.071463,-0.903179
4040,0.1557,0.038674,0.405353,-0.673858,-0.507815,-0.536735,-0.52149,-0.187814,0.832314,-0.522635,0.841397,-0.137587,-0.034515,-0.001002,0.014718,-0.967974,-1.227901,0.039355,-1.917057,-0.127114,0.033612,0.317121,0.104641,-0.689417,0.716761,0.596232,0.620221,0.509674,-0.796046,0.374873,0.475021,0.000271,-0.001841,-0.001578,-3e-06,3e-06,3e-06,0.45225,0.056256,0.037903,-0.018206,0.059348,0.700682,0.711,-0.66811,-0.501326,0.549818,0.74169,-0.507658,0.43838,0.006618,0.000535,-0.000318,0.002065,-0.01703,0.027773,0.42639,0.093639,0.043716,-0.037275,-0.677736,-0.530809,-0.508837,-0.433963,-0.269891,0.859554,-0.59359,0.803367,-0.047437,-0.017229,-0.000126,0.007547,-0.99029,-1.266928,0.009642,-0.910364
4041,0.155118,0.038821,0.405513,-0.651142,-0.523245,-0.549794,-0.546086,-0.180156,0.818111,-0.526317,0.833595,-0.16774,-0.022532,0.010552,0.005521,-1.65835,-1.202053,2.942087,-1.916894,-0.127096,0.033558,0.317126,0.104649,-0.68945,0.716728,0.596154,0.620236,0.509746,-0.796103,0.374786,0.474994,0.000212,-0.001443,-0.001237,-0.0,0.0,0.0,0.449153,0.056266,0.037871,-0.018201,0.059307,0.700693,0.710993,-0.668006,-0.50141,0.549867,0.741788,-0.507559,0.43833,0.00011,-0.00071,-0.000608,-0.000808,-0.000839,-0.000686,0.426064,0.093357,0.043789,-0.037196,-0.656502,-0.544657,-0.521874,-0.457293,-0.262847,0.849584,-0.599906,0.796403,-0.076509,-0.017114,0.005827,0.003239,-0.748424,-1.079377,0.107408,-0.914936
4042,0.154223,0.039212,0.405888,-0.600926,-0.549582,-0.580425,-0.596384,-0.17527,0.783313,-0.531484,0.817555,-0.22171,-0.022171,0.004056,0.016488,-1.723567,-1.201209,3.075217,-1.91588,-0.127106,0.03348,0.317242,0.109585,-0.689007,0.716416,0.598161,0.621251,0.506147,-0.793937,0.373915,0.479285,-0.013411,0.00022,0.001739,0.286237,-0.320864,-0.297218,0.446849,0.056267,0.037828,-0.018147,0.056196,0.700999,0.710944,-0.669388,-0.501871,0.547762,0.740783,-0.50668,0.441038,-0.000196,0.001318,0.001128,0.318499,-0.394824,-0.278129,0.421818,0.092909,0.043991,-0.037011,-0.607395,-0.564942,-0.558489,-0.510142,-0.261528,0.819364,-0.608954,0.782587,-0.12935,-0.011023,0.007553,0.003769,-0.538391,-1.124744,0.566943,-0.912813
4043,0.153571,0.039425,0.406485,-0.591592,-0.545864,-0.593377,-0.644264,-0.122485,0.754913,-0.48403,0.829574,-0.278476,-0.010494,0.002856,0.015502,-1.117406,-1.169143,0.457953,-1.911265,-0.127122,0.033523,0.317293,0.1169,-0.688718,0.715537,0.601631,0.622241,0.500789,-0.790273,0.372797,0.486163,-0.000128,0.00087,0.000745,0.103523,-0.120529,-0.096114,0.449842,0.056253,0.037854,-0.018117,0.046828,0.70217,0.710467,-0.674438,-0.502429,0.541015,0.736844,-0.504501,0.450042,-7.8e-05,0.000522,0.000447,0.105341,-0.130864,-0.104308,0.423941,0.09258,0.044104,-0.036709,-0.598231,-0.55875,-0.574383,-0.565997,-0.21277,0.796476,-0.567243,0.801577,-0.188966,-0.005222,0.001651,0.007854,-1.535138,0.074443,0.278716,-0.920488
4044,0.153391,0.039141,0.407115,-0.592381,-0.555387,-0.583674,-0.66787,-0.066752,0.741259,-0.449916,0.829621,-0.330653,0.000262,-0.006925,0.010803,-0.792374,-1.651969,0.482753,-1.906711,-0.127117,0.033627,0.317328,0.121554,-0.686688,0.716712,0.603956,0.624085,0.495671,-0.7878,0.373458,0.489656,-0.000178,0.001209,0.001035,0.003734,-0.004339,-0.003462,0.446063,0.056256,0.037906,-0.018099,0.041817,0.700991,0.711943,-0.677224,-0.504014,0.536038,0.734587,-0.50456,0.453651,-0.000107,0.000724,0.00062,-0.021792,0.013794,0.015813,0.421002,0.092487,0.043974,-0.036383,-0.600782,-0.555113,-0.575247,-0.589941,-0.177734,0.787641,-0.539471,0.812563,-0.220705,0.000102,-0.003729,0.005281,0.274656,-0.747463,0.962027,-0.92359
4045,0.153325,0.038853,0.40749,-0.580435,-0.577062,-0.574579,-0.671022,-0.060883,0.738915,-0.460666,0.815168,-0.351164,0.000267,-0.016347,0.020535,-0.528829,-1.178326,0.458836,-1.906537,-0.127108,0.033702,0.317352,0.12396,-0.686735,0.716255,0.605196,0.624252,0.493945,-0.786475,0.373091,0.49206,-0.000277,0.001884,0.001611,0.124805,-0.144904,-0.115632,0.445106,0.05626,0.037943,-0.018088,0.040157,0.701428,0.711608,-0.678227,-0.503853,0.534918,0.733753,-0.504113,0.455494,-0.000172,0.00116,0.000991,0.195523,-0.211633,-0.167804,0.418553,0.092453,0.043831,-0.036205,-0.590508,-0.564155,-0.577087,-0.588089,-0.188895,0.786428,-0.552676,0.80377,-0.22023,-0.005689,-0.007563,0.010749,0.335898,-0.596119,0.571005,-0.923917
4046,0.15307,0.038315,0.40846,-0.556364,-0.610868,-0.563333,-0.675528,-0.062338,0.734676,-0.483222,0.790058,-0.377271,-0.010875,-0.010335,0.023614,-0.095159,-1.004473,0.291409,-1.905628,-0.127072,0.033865,0.317393,0.123735,-0.684701,0.718238,0.605236,0.625558,0.492241,-0.78648,0.37464,0.490875,-0.000309,0.002099,0.001794,2.7e-05,-3.1e-05,-2.5e-05,0.444837,0.056278,0.038025,-0.018068,0.03964,0.699434,0.713596,-0.678758,-0.505249,0.532926,0.733291,-0.505484,0.454718,-0.000174,0.001184,0.001011,0.000398,-0.01503,0.025436,0.417083,0.092329,0.04356,-0.035738,-0.572461,-0.578188,-0.581365,-0.585604,-0.207965,0.783464,-0.573894,0.788953,-0.219538,0.000366,-0.005858,0.011284,0.051666,0.04523,-0.002446,-0.927346
4047,0.152881,0.03751,0.409509,-0.538958,-0.627413,-0.562069,-0.682083,-0.066542,0.728221,-0.493633,0.776643,-0.391382,-0.011633,-0.026974,0.030292,0.059212,-0.585691,0.20723,-1.905454,-0.127109,0.033914,0.317399,0.11532,-0.68169,0.72249,0.612415,0.621353,0.488674,-0.782177,0.38695,0.488192,-4e-06,2.6e-05,2.3e-05,0.107939,0.074239,0.071331,0.445375,0.056259,0.038052,-0.018062,0.047543,0.694945,0.717489,-0.685194,-0.499967,0.529661,0.726806,-0.516801,0.452402,1.1e-05,-6.1e-05,-4.9e-05,0.363796,0.243963,0.247388,0.417736,0.092236,0.043177,-0.03521,-0.558372,-0.583744,-0.589459,-0.588467,-0.222129,0.777408,-0.584743,0.780961,-0.219484,-0.006096,-0.013763,0.015087,2.940218,-4.357305,2.212122,-0.938287
4048,0.152645,0.036987,0.410102,-0.525431,-0.642513,-0.557804,-0.678076,-0.079865,0.730621,-0.513336,0.762926,-0.393011,-0.011589,-0.026431,0.030563,1.473455,-0.060027,-2.1796,-1.905438,-0.127139,0.033913,0.317377,0.111168,-0.679834,0.724886,0.615948,0.619449,0.486648,-0.779996,0.393229,0.486663,0.000216,-0.001466,-0.001252,-0.018059,0.131809,-0.184775,0.445389,0.056244,0.038054,-0.018071,0.051569,0.69252,0.719552,-0.688531,-0.497236,0.527901,0.72337,-0.522658,0.45118,-0.000805,0.005689,-0.003746,0.03612,-0.011603,0.022959,0.417573,0.092118,0.042901,-0.034904,-0.546228,-0.59252,-0.592076,-0.585684,-0.235166,0.775674,-0.598839,0.770464,-0.218575,-0.011639,-0.01267,0.015742,0.141993,0.030867,-0.173831,-0.933388
4049,0.15232,0.035948,0.411371,-0.509642,-0.662008,-0.549596,-0.672083,-0.092581,0.734646,-0.536596,0.744607,-0.397053,-0.011389,-0.024373,0.031526,0.072492,-0.465937,0.047748,-1.90632,-0.12735,0.034065,0.317245,0.093348,-0.674694,0.732165,0.635142,0.606564,0.47813,-0.766801,0.421226,0.484197,-0.014728,0.009746,-0.007358,0.129329,0.191734,-0.100502,0.444003,0.056145,0.038122,-0.018139,0.068369,0.684321,0.725968,-0.705587,-0.481275,0.520115,0.705316,-0.547793,0.449944,-0.000821,0.005814,-0.003636,0.393719,0.234609,0.274479,0.417736,0.091955,0.042376,-0.034272,-0.538973,-0.602607,-0.588533,-0.574716,-0.247716,0.779959,-0.615798,0.758617,-0.212815,0.000161,-0.012211,0.01553,1.09523,-1.47221,0.774495,-0.934041
4050,0.151794,0.035294,0.412546,-0.476293,-0.692111,-0.542378,-0.669906,-0.113976,0.733627,-0.568983,0.713626,-0.408684,-0.010757,-0.018373,0.034161,0.708675,-1.315046,0.561354,-1.90729,-0.127565,0.034521,0.317045,0.071001,-0.668561,0.740254,0.652258,0.592491,0.472703,-0.754703,0.450095,0.47718,-0.001935,0.013635,-0.005573,4.078135,2.759235,2.526193,0.44092,0.056033,0.038347,-0.018241,0.086141,0.674521,0.733211,-0.717274,-0.468778,0.515523,0.691445,-0.570322,0.443435,-0.007542,0.006163,-0.002562,-0.003622,0.14906,-0.141367,0.414634,0.091687,0.042034,-0.033675,-0.510492,-0.624096,-0.591524,-0.564471,-0.275716,0.778044,-0.648668,0.731083,-0.211533,-0.005386,-0.008979,0.017172,1.054741,-1.389769,0.610288,-0.924897
4051,0.151493,0.035083,0.413145,-0.459483,-0.706402,-0.53844,-0.668323,-0.124365,0.733382,-0.584461,0.697709,-0.414288,-0.010438,-0.015445,0.035433,-0.089216,-0.184938,-0.014156,-1.907782,-0.127728,0.034827,0.316932,0.05682,-0.666131,0.743661,0.661952,0.582637,0.471473,-0.747408,0.466297,0.473087,-0.002124,0.014957,-0.004441,0.111292,0.20679,-0.056431,0.440169,0.055951,0.038498,-0.018299,0.103849,0.669323,0.735677,-0.727775,-0.45302,0.514894,0.677907,-0.588879,0.440071,-0.007645,0.006908,-0.001925,0.402254,0.355041,0.081148,0.413001,0.09154,0.041933,-0.03339,-0.494659,-0.635668,-0.592652,-0.558219,-0.290271,0.777259,-0.666109,0.715309,-0.211257,-0.00525,-0.003239,0.012716,0.458662,-0.525881,0.109369,-0.925223
4052,0.150947,0.034915,0.414126,-0.426488,-0.734774,-0.527504,-0.666492,-0.139028,0.732415,-0.610974,0.664859,-0.429768,-0.010257,0.004668,0.016299,-0.299262,-0.649482,-0.186048,-1.908502,-0.127999,0.035679,0.316723,0.021021,-0.664969,0.746569,0.677638,0.558412,0.478452,-0.735064,0.496662,0.461378,-0.004264,0.030082,-0.00873,0.356408,0.312602,0.378201,0.441255,0.055817,0.038917,-0.018403,0.138886,0.661711,0.736782,-0.738197,-0.426764,0.522433,0.660133,-0.616449,0.429201,-0.001309,0.009218,-0.000742,1.210044,0.995562,0.711307,0.412184,0.091268,0.041847,-0.03289,-0.463307,-0.657296,-0.594397,-0.545168,-0.317396,0.775918,-0.698668,0.683535,-0.211285,-0.005088,0.002773,0.008349,0.567547,-0.668932,0.011086,-0.924244
4053,0.150099,0.035125,0.414916,-0.3863,-0.763231,-0.517973,-0.665039,-0.158706,0.729731,-0.638685,0.627318,-0.445622,-0.021503,0.009063,0.018589,-0.777058,-0.341938,0.476847,-1.908551,-0.128163,0.036765,0.316618,-0.009391,-0.662189,0.749272,0.684937,0.541556,0.487353,-0.728469,0.518593,0.4475,-0.004889,0.034391,-0.005072,-0.22588,0.324426,0.350697,0.444714,0.055733,0.03947,-0.01846,0.167733,0.653783,0.737856,-0.742735,-0.408343,0.530658,0.648234,-0.637041,0.417095,-0.002473,0.017398,-0.002351,-0.296332,0.385994,0.399484,0.415613,0.090848,0.041947,-0.032497,-0.426685,-0.680175,-0.596071,-0.530395,-0.345644,0.774086,-0.732543,0.646445,-0.213281,-0.010825,-0.000646,0.014059,-1.086131,0.22152,2.079655,-0.925713
4054,0.149341,0.035646,0.41546,-0.324928,-0.790325,-0.519474,-0.679249,-0.187224,0.709605,-0.65768,0.584407,-0.475343,-0.021789,0.005964,0.017241,0.432972,-1.603675,0.953324,-1.909563,-0.12824,0.03793,0.316709,-0.035352,-0.665135,0.74588,0.693518,0.520947,0.497576,-0.719463,0.535687,0.441899,-0.005723,0.040086,-0.000293,0.070631,0.262288,0.089247,0.446022,0.055698,0.040033,-0.018418,0.194445,0.651913,0.732938,-0.74636,-0.386522,0.541798,0.636503,-0.652387,0.411405,-0.002062,0.014369,0.003604,0.322343,0.331328,0.37966,0.418063,0.090474,0.042214,-0.032223,-0.378065,-0.69276,-0.614124,-0.530554,-0.381487,0.756953,-0.758668,0.612004,-0.22332,-0.010853,0.003433,0.008842,-1.150383,0.275633,2.006127,-0.908894
4055,0.148877,0.035758,0.415755,-0.298736,-0.802753,-0.516131,-0.681905,-0.198857,0.70387,-0.667306,0.563223,-0.48735,-0.033698,0.004448,0.017062,-0.129093,-0.423256,0.058413,-1.909886,-0.128212,0.038567,0.316835,-0.042202,-0.66836,0.742634,0.695631,0.513768,0.50207,-0.717041,0.538607,0.442286,0.008661,0.031725,0.008161,-0.027633,0.143435,0.003358,0.446765,0.055706,0.040356,-0.018356,0.201558,0.653845,0.729286,-0.747089,-0.378886,0.54617,0.633428,-0.654928,0.412113,-0.003016,0.021062,0.000701,0.036906,0.167721,-0.003067,0.418716,0.090255,0.042277,-0.032078,-0.351462,-0.701568,-0.6199,-0.524058,-0.401252,0.751238,-0.775781,0.588895,-0.226638,-0.011049,0.001662,0.008071,1.025534,-1.43005,0.69089,-0.903669
4056,0.147529,0.035849,0.416305,-0.266163,-0.822597,-0.50253,-0.67247,-0.215096,0.70816,-0.690299,0.527447,-0.495293,-0.034549,-0.002988,0.01396,0.026783,-0.213994,-0.181547,-1.909068,-0.128245,0.03982,0.317257,-0.056088,-0.674318,0.736302,0.699604,0.499485,0.510885,-0.712189,0.544602,0.442784,-0.004795,0.033192,0.010766,0.007509,0.09543,-0.077613,0.449437,0.055693,0.040997,-0.01814,0.215989,0.657095,0.7222,-0.747966,-0.36409,0.554963,0.62761,-0.660048,0.412845,-0.002432,0.016808,0.005566,0.038131,0.071221,-0.105307,0.421329,0.08957,0.042334,-0.031793,-0.320581,-0.718966,-0.616696,-0.504572,-0.42138,0.753555,-0.801644,0.552743,-0.227684,-0.017282,-0.001486,0.007011,0.717326,-0.385479,-0.967896,-0.896484
4057,0.146648,0.035488,0.416657,-0.257067,-0.828792,-0.497057,-0.669316,-0.218362,0.710146,-0.69679,0.516275,-0.497968,-0.012568,-0.015368,0.007864,-0.084853,-0.156587,0.044486,-1.910475,-0.128419,0.041089,0.317792,-0.066083,-0.679842,0.73037,0.700478,0.489559,0.519226,-0.710457,0.546754,0.442915,-0.003519,0.024077,0.019925,-0.013573,-0.026488,0.089454,0.449671,0.055607,0.041624,-0.017879,0.226372,0.660681,0.71572,-0.746624,-0.354202,0.56311,0.625546,-0.661846,0.413098,-0.002582,0.017821,0.006329,0.043797,-0.035079,0.065824,0.423125,0.089122,0.042162,-0.031613,-0.315281,-0.724176,-0.613323,-0.497572,-0.424184,0.75663,-0.808096,0.543724,-0.226593,-0.00625,-0.002928,-0.000967,0.238896,-0.19976,-0.156344,-0.885217
4058,0.146386,0.035058,0.41686,-0.252641,-0.838372,-0.483064,-0.664235,-0.212787,0.716579,-0.703243,0.502949,-0.502513,-0.024628,-0.017466,0.00746,-0.393813,-0.786923,-0.247327,-1.910759,-0.128547,0.041766,0.318102,-0.069385,-0.685259,0.72498,0.699236,0.484807,0.525324,-0.711361,0.544223,0.444578,-0.00388,0.026568,0.02188,-0.039783,-0.010276,0.131655,0.449991,0.055543,0.041959,-0.017726,0.230182,0.665465,0.71005,-0.744237,-0.349729,0.569033,0.626997,-0.659427,0.414763,-0.002797,0.019302,0.007502,0.005597,-0.055727,0.183212,0.423778,0.089,0.041955,-0.031518,-0.311764,-0.731562,-0.606316,-0.485744,-0.425717,0.763424,-0.816611,0.532523,-0.222628,-0.006527,-0.009477,0.003194,0.953723,-0.60573,-0.801767,-0.876563
4059,0.145411,0.034566,0.417441,-0.245163,-0.855022,-0.457031,-0.651914,-0.203574,0.730437,-0.717282,0.478085,-0.50692,-0.022791,-0.002569,0.013707,-0.166755,-0.095052,-0.316132,-1.910677,-0.128919,0.043245,0.318791,-0.093141,-0.69887,0.709153,0.707345,0.454689,0.541161,-0.700517,0.552879,0.45107,-0.018889,0.040425,0.017679,0.122782,0.428186,0.735496,0.448031,0.055363,0.042693,-0.017381,0.252753,0.675243,0.692937,-0.74701,-0.318965,0.583297,0.61489,-0.665062,0.423794,-0.003134,0.021644,0.009275,0.921725,1.157332,1.228154,0.423451,0.088503,0.041663,-0.031237,-0.302959,-0.749753,-0.58829,-0.458121,-0.426722,0.779764,-0.835667,0.505745,-0.214198,-0.011469,-0.00624,0.011715,0.101957,0.068477,-0.291641,-0.871991
4060,0.144729,0.03436,0.417923,-0.245128,-0.863344,-0.441129,-0.647843,-0.192685,0.736983,-0.720972,0.467513,-0.511527,-0.011754,-0.008431,0.01079,-0.175824,0.018118,-0.437569,-1.909749,-0.129245,0.045023,0.319689,-0.126242,-0.717403,0.685119,0.70956,0.417218,0.567792,-0.69301,0.558695,0.455478,-0.007177,0.049752,0.023441,-0.154588,-1.670933,2.635467,0.448956,0.055196,0.043574,-0.016937,0.288461,0.684949,0.669054,-0.740877,-0.282971,0.60912,0.606539,-0.671395,0.425837,-0.00285,0.01954,0.015723,-0.291746,0.169908,0.525728,0.421329,0.08816,0.04158,-0.030987,-0.30498,-0.756898,-0.578006,-0.447148,-0.42206,0.788621,-0.840859,0.498968,-0.209726,-0.005887,-0.004253,0.005393,-0.013562,0.241788,-0.376185,-0.877216
4061,0.144009,0.03415,0.418375,-0.243261,-0.867819,-0.433312,-0.639543,-0.192411,0.744268,-0.728969,0.459253,-0.507659,-0.022923,-0.003551,0.013315,-0.037653,0.041843,-0.077691,-1.910276,-0.129489,0.046766,0.320869,-0.155671,-0.73212,0.663143,0.702668,0.38964,0.595291,-0.694005,0.559541,0.452917,-0.006192,0.042627,0.033757,-0.337177,0.199437,0.608636,0.457665,0.055073,0.044452,-0.016349,0.318488,0.696268,0.643253,-0.727749,-0.255226,0.636584,0.607409,-0.670872,0.425422,-0.003113,0.021319,0.016896,-0.30681,0.122935,0.745875,0.42884,0.087803,0.041466,-0.030765,-0.302595,-0.762038,-0.57248,-0.439374,-0.421484,0.793284,-0.845804,0.491577,-0.207281,-0.005581,-0.001865,0.006394,0.09782,0.035767,-0.258203,-0.875583
4062,0.143634,0.034064,0.418677,-0.243858,-0.867151,-0.434314,-0.641727,-0.191534,0.742612,-0.726847,0.460883,-0.509223,-0.011143,-0.003724,0.012766,-0.037977,0.027427,-0.046621,-1.910068,-0.129572,0.047593,0.32153,-0.16049,-0.743308,0.649406,0.699627,0.378306,0.606086,-0.695969,0.552529,0.458476,-0.006202,0.042667,0.033525,-0.003127,-0.269514,0.477199,0.457737,0.055032,0.044869,-0.016015,0.326184,0.705588,0.629085,-0.721084,-0.244602,0.648234,0.611262,-0.665067,0.429003,-0.002273,0.015342,0.020239,0.009082,-0.266898,0.396833,0.432106,0.087612,0.041424,-0.030613,-0.302485,-0.761528,-0.573215,-0.440238,-0.421775,0.79265,-0.845394,0.492117,-0.207674,-0.011333,-0.000746,0.0071,0.019503,-0.039025,-0.022374,-0.873297
4063,0.143352,0.033778,0.419047,-0.243284,-0.867054,-0.434829,-0.642763,-0.191665,0.741683,-0.726125,0.461011,-0.510137,-0.000566,-0.01291,0.008465,-0.03566,0.012469,-0.018557,-1.910597,-0.129694,0.049217,0.322772,-0.187292,-0.757651,0.625203,0.707211,0.337586,0.621146,-0.681426,0.559422,0.471773,-0.005524,0.037913,0.029344,0.352484,0.005869,0.646479,0.456777,0.054971,0.045679,-0.015395,0.351958,0.715379,0.60362,-0.720651,-0.204427,0.662473,0.597316,-0.668163,0.443589,-0.002814,0.019166,0.014656,3.491982,3.132068,3.014296,0.433575,0.087468,0.041298,-0.03042,-0.300376,-0.76163,-0.574188,-0.439427,-0.423797,0.792022,-0.846568,0.490218,-0.207383,-0.000287,-0.002096,-0.000866,0.044696,-0.046799,0.013483,-0.87346
4064,0.143266,0.033504,0.4193,-0.243311,-0.866991,-0.434939,-0.643443,-0.191312,0.741183,-0.725513,0.461276,-0.510767,0.000215,0.001605,0.000669,-0.014826,0.002714,0.016566,-1.910563,-0.129882,0.050506,0.323763,-0.199171,-0.765908,0.611316,0.709223,0.317694,0.629291,-0.675929,0.559842,0.479124,-0.017036,0.029317,0.023728,0.021049,-0.153364,0.199793,0.454219,0.054878,0.046346,-0.014883,0.365606,0.720975,0.588663,-0.718941,-0.182931,0.670566,0.591146,-0.668378,0.451458,-0.002273,0.015489,0.01185,0.023974,-0.18692,0.250192,0.430799,0.087423,0.041143,-0.030296,-0.299943,-0.761194,-0.574993,-0.43897,-0.425008,0.791626,-0.846958,0.489847,-0.206663,0.000118,0.000924,0.000389,0.014124,-0.039376,0.030622,-0.87346
4065,0.143355,0.033482,0.419329,-0.240547,-0.86582,-0.438792,-0.647523,-0.193673,0.737005,-0.722804,0.46249,-0.513501,0.011677,-0.001013,-0.000904,-1.829987,0.319651,2.074274,-1.91071,-0.130005,0.051084,0.324208,-0.204796,-0.768863,0.605722,0.710232,0.30896,0.632494,-0.673177,0.560685,0.482004,-0.004092,0.028117,0.021381,0.007654,-0.065045,0.086869,0.453703,0.054813,0.046625,-0.014667,0.371302,0.722814,0.582815,-0.718226,-0.174223,0.673644,0.588459,-0.668719,0.454454,-0.002019,0.013784,0.010493,0.014141,-0.21968,0.278284,0.429493,0.087464,0.041137,-0.03028,-0.298637,-0.759944,-0.577321,-0.440739,-0.426737,0.789711,-0.846501,0.490285,-0.207498,0.005909,0.004393,-0.005335,0.015455,-0.045493,0.00021,-0.870848
4066,0.143683,0.033454,0.419136,-0.243122,-0.86386,-0.441229,-0.650601,-0.192204,0.734675,-0.719168,0.466756,-0.514747,0.011287,0.004734,-0.012357,0.035558,-0.01598,0.021575,-1.91002,-0.13021,0.052094,0.324883,-0.215346,-0.771862,0.598202,0.712691,0.294423,0.636648,-0.667248,0.564387,0.485912,-0.004846,0.03369,0.009428,0.041267,-0.042904,0.065115,0.449162,0.05471,0.04714,-0.014317,0.38181,0.724021,0.574469,-0.717737,-0.159331,0.677839,0.582301,-0.671123,0.458822,0.004616,0.011859,0.0083,0.005219,-0.045692,0.068224,0.426391,0.087628,0.041124,-0.03037,-0.304177,-0.755015,-0.580885,-0.447628,-0.424983,0.786776,-0.840895,0.49934,-0.208696,0.005642,-0.00202,-0.001083,0.005507,-0.0521,0.170589,-0.870194
4067,0.144421,0.033639,0.418704,-0.240816,-0.864006,-0.442207,-0.65021,-0.194691,0.734367,-0.720299,0.465451,-0.514346,0.023224,0.00573,-0.012413,0.037635,-0.041814,0.077706,-1.910741,-0.130342,0.053069,0.325327,-0.227549,-0.771002,0.594784,0.719095,0.278673,0.636536,-0.656225,0.573502,0.490231,-0.004202,0.029256,0.005996,0.041462,-0.042966,0.064991,0.443124,0.054644,0.047626,-0.014095,0.393376,0.720974,0.570483,-0.721285,-0.142749,0.677767,0.570089,-0.678099,0.463873,-0.001215,0.008315,0.00623,-0.016818,0.086047,-0.112601,0.420349,0.087992,0.041211,-0.030588,-0.30139,-0.755141,-0.582172,-0.447297,-0.42724,0.785742,-0.842074,0.497218,-0.209007,0.011593,0.002672,-0.006296,0.041639,-0.051201,0.037062,-0.871827
4068,0.145154,0.034106,0.4181,-0.233474,-0.861814,-0.450348,-0.657067,-0.201616,0.726351,-0.716494,0.466565,-0.518633,0.012123,0.011326,-0.009584,-1.804422,0.288831,2.089482,-1.910819,-0.130455,0.053851,0.325602,-0.236743,-0.768239,0.594771,0.722773,0.269694,0.636237,-0.648881,0.581459,0.490634,-0.003538,0.024684,0.00253,0.039156,-0.025664,0.042081,0.435475,0.054587,0.048018,-0.013958,0.401936,0.716614,0.570009,-0.723284,-0.133274,0.677567,0.561522,-0.684617,0.464748,-0.000948,0.006503,0.004848,0.00449,-0.03359,0.045724,0.411694,0.088362,0.041436,-0.030894,-0.29689,-0.752247,-0.588199,-0.452734,-0.431457,0.780304,-0.840766,0.497963,-0.212473,0.012017,0.010422,-0.009971,0.008677,-0.077985,0.012034,-0.872154
4069,0.145492,0.034465,0.41779,-0.233673,-0.858729,-0.456101,-0.663458,-0.202139,0.720371,-0.710516,0.472004,-0.521925,0.01241,0.022509,-0.018738,0.0689,-0.049932,0.098246,-1.910696,-0.13046,0.054146,0.325758,-0.243507,-0.766022,0.5949,0.722932,0.265406,0.637857,-0.646187,0.586341,0.488374,-0.001771,0.012174,0.009041,-0.081993,0.065678,0.092843,0.43395,0.054584,0.048172,-0.01388,0.408138,0.713284,0.569779,-0.722527,-0.129108,0.679179,0.558011,-0.68888,0.462673,-0.000868,0.005932,0.00441,-0.083466,0.067296,0.093653,0.407449,0.08853,0.041613,-0.031045,-0.297458,-0.746619,-0.595044,-0.462159,-0.432763,0.774031,-0.83542,0.505247,-0.216328,0.01192,0.005334,-0.005173,0.006593,-0.049063,0.087781,-0.870848
4070,0.146365,0.034991,0.417123,-0.226658,-0.860358,-0.45657,-0.667839,-0.203975,0.715792,-0.708692,0.468226,-0.527776,0.011551,0.007047,-0.011348,-0.044566,-0.160447,-0.005519,-1.910722,-0.130379,0.054629,0.326112,-0.243628,-0.76619,0.594634,0.722855,0.265179,0.63804,-0.646228,0.586225,0.488459,-0.001553,0.010645,0.007871,0.002324,-0.017047,0.023117,0.436082,0.054621,0.048403,-0.01371,0.408318,0.713351,0.569567,-0.722473,-0.128831,0.679289,0.557949,-0.688864,0.462773,-0.000803,0.005472,0.004047,0.003699,-0.018742,0.021724,0.405653,0.088969,0.041892,-0.031376,-0.292074,-0.745746,-0.598794,-0.464446,-0.436714,0.770434,-0.836051,0.503132,-0.218806,0.011582,0.00277,-0.006239,0.11527,-0.030201,-0.165015,-0.869868
4071,0.146989,0.035267,0.416736,-0.225111,-0.871144,-0.436438,-0.662522,-0.191628,0.724096,-0.714153,0.453237,-0.533468,0.011757,0.008804,-0.010606,0.081594,-0.262953,-0.215062,-1.910197,-0.130083,0.054926,0.326416,-0.24396,-0.766809,0.593698,0.722492,0.264518,0.638724,-0.646508,0.585713,0.488703,0.011213,0.009412,0.005689,0.004387,-0.032261,0.052354,0.4355,0.054764,0.048554,-0.013556,0.408659,0.713904,0.568627,-0.721979,-0.128276,0.679919,0.558339,-0.688393,0.463002,0.000336,-0.002519,0.006021,-0.036935,0.008307,-0.019172,0.405979,0.089276,0.042025,-0.031572,-0.290277,-0.753985,-0.589274,-0.452162,-0.434643,0.778867,-0.843378,0.492535,-0.214757,0.005888,0.004403,-0.005313,0.073002,-0.047331,-0.123883,-0.868562
4072,0.147234,0.035312,0.416651,-0.224759,-0.87483,-0.429187,-0.660238,-0.187253,0.727319,-0.716376,0.447927,-0.534972,0.011757,0.008834,-0.010591,-0.033995,-0.151835,-0.006777,-1.910319,-0.129869,0.055011,0.326526,-0.244045,-0.766828,0.59364,0.722362,0.264534,0.638865,-0.646621,0.585682,0.48859,0.013298,-0.005189,0.010683,-0.034557,-0.006439,0.010412,0.434662,0.054874,0.048608,-0.013499,0.408761,0.713951,0.568495,-0.721834,-0.12825,0.680078,0.558452,-0.688349,0.462931,0.005779,0.003477,0.00193,0.004079,-0.032653,0.052108,0.405489,0.089403,0.042047,-0.031615,-0.290849,-0.758202,-0.583554,-0.445495,-0.432449,0.783913,-0.846722,0.487971,-0.211998,0.005828,-0.000514,-0.000459,0.20417,-0.086305,-0.224116,-0.863173
4073,0.147654,0.035297,0.416482,-0.224553,-0.874884,-0.429186,-0.660004,-0.187526,0.727461,-0.716656,0.447707,-0.53478,0.01117,-0.004978,-0.002551,0.000968,-0.014741,0.029543,-1.909781,-0.129347,0.055052,0.326634,-0.244315,-0.767052,0.593239,0.72206,0.264302,0.639302,-0.646855,0.585493,0.488507,0.012472,0.000839,-0.000633,0.002045,-0.015205,0.029245,0.435133,0.055125,0.048632,-0.013441,0.409013,0.714107,0.568118,-0.721487,-0.128119,0.680471,0.558716,-0.688212,0.462817,0.006297,-1.5e-05,-0.000644,-0.000518,0.001579,0.005956,0.404346,0.089614,0.04205,-0.0317,-0.290599,-0.759791,-0.581608,-0.442482,-0.432233,0.785738,-0.848387,0.485685,-0.210588,-0.000294,-0.002471,-0.001039,0.035814,-0.019089,-0.01356,-0.852886
4074,0.147729,0.035104,0.416408,-0.224213,-0.874891,-0.429348,-0.660091,-0.187818,0.727307,-0.716683,0.44757,-0.534859,-0.000457,-0.003805,-0.001594,0.007174,-0.078457,0.182622,-1.910204,-0.128746,0.055013,0.32658,-0.243061,-0.770142,0.58974,0.722785,0.26153,0.639623,-0.64652,0.582675,0.492305,0.012636,-0.000205,-0.001408,0.025127,-0.037688,0.010292,0.436523,0.055427,0.048602,-0.01347,0.40798,0.717422,0.564674,-0.721881,-0.125177,0.6806,0.558962,-0.6853,0.466824,0.006404,-0.000668,-0.001132,0.007813,-0.033145,0.013982,0.405979,0.089655,0.04195,-0.031739,-0.289853,-0.759954,-0.581767,-0.441545,-0.433123,0.785774,-0.849129,0.484636,-0.210012,-0.000321,-0.002684,-0.001127,0.0215,-0.01024,0.004409,-0.851743
4075,0.14766,0.034876,0.416231,-0.22394,-0.8749,-0.429471,-0.659993,-0.188151,0.72731,-0.716859,0.447411,-0.534756,-0.00105,-0.00872,-0.003665,-0.001039,0.011374,-0.026459,-1.910488,-0.128104,0.055083,0.326542,-0.243603,-0.770855,0.588583,0.722553,0.260434,0.640331,-0.646574,0.582223,0.492769,0.012339,0.00177,4.4e-05,0.00205,-0.015211,0.029241,0.434737,0.055758,0.048632,-0.013494,0.408706,0.71799,0.563425,-0.721205,-0.124245,0.681487,0.559304,-0.684874,0.467039,0.006162,0.000937,5e-05,0.000968,-0.014565,0.029786,0.406306,0.089621,0.041841,-0.031826,-0.289078,-0.760008,-0.582083,-0.441176,-0.433859,0.785575,-0.849586,0.483894,-0.209878,-0.000475,0.000519,-0.006697,-0.0073,-0.038192,0.022563,-0.851579
4076,0.147516,0.034761,0.416115,-0.223904,-0.874901,-0.429489,-0.659867,-0.188266,0.727395,-0.716986,0.447361,-0.534627,-0.012687,-0.007412,-0.002653,-0.002023,0.026093,-0.056011,-1.910151,-0.127771,0.055133,0.326544,-0.243879,-0.771217,0.587995,0.722418,0.259893,0.640704,-0.646621,0.581986,0.492987,0.012327,0.001845,9.7e-05,0.002045,-0.015205,0.029245,0.434484,0.05592,0.048657,-0.013492,0.409006,0.71828,0.562838,-0.720957,-0.123753,0.681839,0.559405,-0.684659,0.467233,0.006161,0.000959,6.6e-05,0.001945,-0.015078,0.029335,0.405653,0.089558,0.041783,-0.031884,-0.288797,-0.760113,-0.582084,-0.441084,-0.433984,0.785558,-0.849729,0.483615,-0.209941,-0.00041,0.001063,-0.006468,-0.010348,-0.037572,0.021459,-0.852069
4077,0.147201,0.03465,0.415955,-0.223404,-0.874898,-0.429756,-0.659741,-0.188876,0.727351,-0.717258,0.44711,-0.534472,-0.012326,-0.004321,-0.001357,-0.002024,0.026102,-0.056007,-1.90973,-0.12719,0.055168,0.326522,-0.244807,-0.773491,0.584613,0.721665,0.257169,0.642649,-0.64711,0.580176,0.494477,0.01254,0.000502,-0.000898,0.018433,-0.132797,0.188786,0.436118,0.05621,0.048678,-0.0135,0.410105,0.720269,0.559486,-0.719663,-0.12128,0.683648,0.560266,-0.68301,0.468613,0.006311,7e-06,-0.00064,-0.000399,0.003105,0.004513,0.406632,0.0894,0.04172,-0.031967,-0.287917,-0.760282,-0.5823,-0.441347,-0.434283,0.785245,-0.849892,0.483082,-0.210511,-0.000297,-0.002448,-0.001028,0.010159,-0.003986,0.014926,-0.852886
4078,0.147028,0.034616,0.415823,-0.228061,-0.873569,-0.430012,-0.660727,-0.185579,0.727305,-0.714876,0.451078,-0.534329,-0.000346,-0.002828,-0.001195,-0.206712,0.283107,-0.083228,-1.90996,-0.126701,0.055249,0.326531,-0.246208,-0.777548,0.578612,0.720387,0.25243,0.645953,-0.647999,0.576825,0.497225,0.012156,0.002937,0.000897,0.002045,-0.015205,0.029245,0.434992,0.056455,0.048712,-0.0135,0.411914,0.724064,0.553223,-0.717339,-0.116723,0.686877,0.561917,-0.679783,0.47132,0.006027,0.001803,0.000687,0.001904,-0.012878,0.026218,0.407285,0.089304,0.0417,-0.032034,-0.291732,-0.759737,-0.581112,-0.442613,-0.431353,0.786147,-0.84793,0.486552,-0.210431,-0.000185,-0.001511,-0.000646,-0.69958,1.244716,-0.814305,-0.852886
4079,0.147017,0.034666,0.41573,-0.227854,-0.873586,-0.430088,-0.660559,-0.185878,0.727381,-0.715098,0.450923,-0.534163,-9.6e-05,0.008142,-0.010409,0.035665,-0.012324,0.018643,-1.909703,-0.126496,0.055333,0.326559,-0.24689,-0.77955,0.575621,0.719769,0.250058,0.647563,-0.648425,0.575155,0.498603,0.011959,0.004162,0.0018,0.002045,-0.015205,0.029245,0.4332,0.056567,0.048756,-0.013486,0.41279,0.725911,0.550141,-0.71621,-0.114464,0.688433,0.562713,-0.678195,0.472656,0.00596,0.002209,0.000986,0.001983,-0.013739,0.027388,0.405163,0.089298,0.041721,-0.032077,-0.291014,-0.759375,-0.581945,-0.443473,-0.431906,0.785358,-0.847727,0.486628,-0.211072,-0.000114,-0.000964,-0.000404,0.006765,-0.01445,0.02452,-0.852559
4080,0.146983,0.034861,0.415534,-0.227402,-0.873625,-0.430247,-0.660133,-0.186558,0.727593,-0.715635,0.450564,-0.533747,0.011792,0.008848,-0.010573,0.036648,-0.027057,0.048189,-1.909625,-0.126206,0.055526,0.326681,-0.247203,-0.780047,0.574812,0.719579,0.249354,0.648046,-0.648517,0.574786,0.498909,-0.000593,0.003707,0.002733,0.0,-0.0,-0.0,0.422325,0.056712,0.048853,-0.013425,0.413139,0.726329,0.549327,-0.715879,-0.113814,0.688885,0.562879,-0.677858,0.472942,0.005802,0.003164,0.001689,0.004471,-0.032165,0.052356,0.394549,0.089277,0.041819,-0.032175,-0.290219,-0.759943,-0.5816,-0.443635,-0.431661,0.785401,-0.847915,0.485956,-0.211861,7.2e-05,0.005026,-0.004796,-0.020264,-0.041302,0.001753,-0.854355
4081,0.147246,0.035169,0.415019,-0.231438,-0.868813,-0.437774,-0.669231,-0.184465,0.719773,-0.705822,0.460636,-0.538197,0.011136,0.003505,-0.012825,0.029528,0.052053,-0.134142,-1.909958,-0.126066,0.055596,0.326823,-0.204039,-0.798018,0.567034,0.700564,0.285418,0.653974,-0.683456,0.531668,0.50008,0.001344,-0.009237,0.008946,-1.007665,-1.062459,-0.835867,0.414312,0.05678,0.048895,-0.013355,0.378036,0.749641,0.543254,-0.703929,-0.14838,0.694597,0.601307,-0.644996,0.471602,-0.000133,0.000826,0.000622,-0.09005,-0.076495,-0.067087,0.385568,0.08941,0.041984,-0.032427,-0.295454,-0.752844,-0.588158,-0.455643,-0.43007,0.779377,-0.839699,0.498261,-0.215962,0.005494,0.001075,-0.006702,-0.018067,-0.019682,0.068769,-0.855172
