frame,MLTx,MLTy,MLTz,MLTR1,MLTR2,MLTR3,MLTR4,MLTR5,MLTR6,MLTR7,MLTR8,MLTR9,MLTTVx,MLTTVy,MLTTVz,MLTRVx,MLTRVy,MLTRVz,MLGA,MRTx,MRTy,MRTz,MRTR1,MRTR2,MRTR3,MRTR4,MRTR5,MRTR6,MRTR7,MRTR8,MRTR9,MRTTVx,MRTTVy,MRTTVz,MRTRVx,MRTRVy,MRTRVz,MRGA,SLTx,SLTy,SLTz,SLTR1,SLTR2,SLTR3,SLTR4,SLTR5,SLTR6,SLTR7,SLTR8,SLTR9,SLTTVx,SLTTVy,SLTTVz,SLTRVx,SLTRVy,SLTRVz,SLGA,SRTx,SRTy,SRTz,SRTR1,SRTR2,SRTR3,SRTR4,SRTR5,SRTR6,SRTR7,SRTR8,SRTR9,SRTTVx,SRTTVy,SRTTVz,SRTRVx,SRTRVy,SRTRVz,SRGA
392,0.14804,-0.044691,0.341388,-0.539531,0.211835,-0.814909,-0.274442,-0.959202,-0.067708,-0.795339,0.186845,0.576672,-0.000219,-0.001696,-0.001748,0.025442,0.103956,0.049204,-1.203499,-0.16981,-0.038723,0.347223,-0.802453,0.389187,0.452321,-0.305774,-0.919051,0.248557,0.513447,0.060669,0.855894,-0.001803,0.014189,-0.024532,-0.336644,0.518862,-0.160617,0.058028,0.042618,0.025107,-0.007968,0.664382,-0.393471,0.635433,0.349783,0.915038,0.200889,-0.66049,0.088797,0.745565,0.006488,0.007299,-0.012723,-0.475286,0.53019,0.125309,-0.404595,0.075319,0.015913,-0.054345,0.604492,-0.112078,-0.788686,0.12731,0.99092,-0.043239,0.786371,-0.07427,0.613272,-0.000124,-0.000994,-0.001027,0.026769,0.112137,0.053686,-0.959678
393,0.147982,-0.044823,0.34149,-0.544662,0.216997,-0.810124,-0.275348,-0.95865,-0.071724,-0.791517,0.183725,0.5829,-0.000126,-0.011003,0.008505,0.106765,0.483354,0.423913,-1.286397,-0.16981,-0.03852,0.346699,-0.804288,0.37484,0.461092,-0.285101,-0.924136,0.254212,0.522408,0.072542,0.849524,-0.001836,0.010894,-0.027705,-0.365419,0.381928,-0.105746,0.10882,0.042618,0.025211,-0.008228,0.665704,-0.378489,0.643104,0.328964,0.922409,0.202346,-0.669791,0.076856,0.738561,-0.000909,0.005035,-0.014254,-0.623531,0.461565,-0.540006,-0.256327,0.07529,0.015846,-0.054295,0.609201,-0.115799,-0.784514,0.128337,0.990636,-0.046566,0.782561,-0.072314,0.618359,-5.2e-05,-0.005443,0.004311,0.150891,0.64578,0.494806,-1.037731
394,0.148069,-0.04497,0.341919,-0.554498,0.231604,-0.799335,-0.279218,-0.956573,-0.083537,-0.783285,0.176573,0.596083,0.000763,-0.004133,0.015575,0.109699,0.506118,0.434028,-1.348042,-0.170134,-0.038213,0.34557,-0.815517,0.326215,0.478024,-0.219643,-0.938573,0.266029,0.536462,0.111557,0.836436,-0.016642,0.007108,-0.030108,-0.668377,0.36319,-0.35636,0.194022,0.042461,0.025364,-0.008794,0.679119,-0.329175,0.656079,0.264779,0.943488,0.199299,-0.684608,0.038368,0.727899,-0.008295,0.003697,-0.014919,-1.489548,0.153494,-1.310442,-0.008452,0.075332,0.015767,-0.054093,0.620882,-0.128945,-0.773225,0.132957,0.989409,-0.058235,0.772545,-0.066648,0.631451,0.000507,0.003942,0.004054,0.204251,0.814469,0.412189,-1.008665
395,0.148298,-0.044594,0.34229,-0.568412,0.255682,-0.782036,-0.285347,-0.952733,-0.104158,-0.771,0.163623,0.615478,0.00141,0.010982,0.011255,0.19527,0.716437,0.589867,-1.477461,-0.170924,-0.03801,0.344394,-0.838063,0.251732,0.484018,-0.128571,-0.953238,0.273388,0.531251,0.166579,0.830594,-0.031462,0.005608,-0.030352,-2.75256,-1.388968,-4.771862,0.216308,0.042072,0.025462,-0.009386,0.70518,-0.261512,0.659037,0.180381,0.965082,0.189943,-0.685698,-0.015066,0.727729,-0.008327,0.002463,-0.016139,-0.183737,-0.082657,-0.185581,0.079561,0.075447,0.01595,-0.053906,0.637537,-0.150924,-0.755491,0.140551,0.986951,-0.078556,0.75749,-0.056103,0.650431,0.000784,0.011105,0.001484,0.313781,0.911839,0.953838,-1.012257
396,0.148506,-0.044016,0.34248,-0.577979,0.308982,-0.755325,-0.325064,-0.936098,-0.134261,-0.747828,0.167538,0.642426,0.01601,0.016429,-0.002992,0.198253,0.909516,1.259807,-1.448989,-0.171814,-0.037783,0.343261,-0.856933,0.203475,0.473556,-0.068488,-0.955487,0.286859,0.511915,0.213139,0.832093,-0.030632,-0.003369,-0.019961,-1.455828,-2.198517,1.08454,0.231727,0.041626,0.025576,-0.00996,0.73129,-0.210613,0.648734,0.114095,0.975503,0.188084,-0.672455,-0.063527,0.737405,-0.008324,0.004137,-0.014532,-0.691776,-0.490303,-1.450216,0.106014,0.075553,0.016256,-0.053793,0.653968,-0.202904,-0.728803,0.183898,0.977102,-0.107018,0.733829,-0.064039,0.676307,0.008012,0.008164,-0.001552,0.239534,1.065426,1.333432,-1.007848
397,0.148676,-0.0437,0.342343,-0.580219,0.347219,-0.73677,-0.373254,-0.917327,-0.138439,-0.723211,0.194239,0.66277,0.000466,0.023822,-0.015173,-1.092351,0.811418,1.85916,-1.434262,-0.172282,-0.037629,0.342714,-0.868995,0.172499,0.463772,-0.033128,-0.955346,0.293513,0.494778,0.239488,0.835286,-0.01669,0.008238,-0.029168,-1.406016,-2.242091,1.114102,0.237126,0.041387,0.025648,-0.01023,0.748201,-0.182058,0.638003,0.078244,0.979116,0.187638,-0.658841,-0.090471,0.746821,-0.015719,0.004335,-0.013721,-0.70634,-0.480975,-1.502521,0.119078,0.075638,0.016409,-0.053851,0.661845,-0.239531,-0.71034,0.232865,0.966391,-0.108906,0.712554,-0.093335,0.69538,0.007714,0.006298,-0.003488,-4.357098,0.81702,4.357759,-0.997725
398,0.148896,-0.043032,0.341589,-0.61228,0.402487,-0.68056,-0.447231,-0.886077,-0.121748,-0.651275,0.229317,0.723382,-0.000426,0.016817,-0.022315,-3.410178,0.816671,4.760352,-1.378926,-0.173266,-0.037229,0.341639,-0.893465,0.08531,0.440947,0.061271,-0.94935,0.308082,0.446011,0.302177,0.842393,-0.031466,0.009863,-0.026367,-0.67506,-0.593175,-1.300482,0.266393,0.040901,0.025846,-0.01077,0.786389,-0.103046,0.609075,-0.015967,0.982267,0.186801,-0.617524,-0.156623,0.770799,-0.008376,0.005048,-0.013624,-2.425215,-1.91263,-4.433397,0.156798,0.075749,0.016754,-0.054233,0.6996,-0.290862,-0.652654,0.310269,0.946453,-0.08921,0.643655,-0.140087,0.752384,-0.000215,0.008061,-0.011509,-3.364494,0.893523,4.8089,-0.991519
399,0.148593,-0.041999,0.340482,-0.625982,0.47406,-0.619241,-0.509036,-0.849894,-0.136145,-0.590057,0.229396,0.774105,-0.00014,0.029103,-0.029507,-3.019429,1.145418,4.439968,-1.23503,-0.174262,-0.036761,0.340383,-0.905332,0.031203,0.423548,0.115784,-0.941262,0.317103,0.409695,0.336091,0.847972,-0.016738,0.007942,-0.029567,0.030458,-0.215212,0.211432,0.252673,0.040397,0.026085,-0.011393,0.806822,-0.051088,0.588581,-0.073467,0.979845,0.185757,-0.586208,-0.193114,0.786807,-0.015755,0.003325,-0.014783,-0.129625,-0.204329,-0.320273,0.15941,0.075596,0.01725,-0.054785,0.721826,-0.357781,-0.592418,0.373942,0.921919,-0.101152,0.582352,-0.148515,0.799254,-0.007591,0.019938,-0.01912,0.447511,2.173295,0.200419,-0.951513
400,0.148559,-0.041242,0.33976,-0.620156,0.513255,-0.593314,-0.541645,-0.827187,-0.149511,-0.566754,0.228001,0.791728,2.1e-05,0.04042,-0.03768,1.550391,0.587072,2.450524,-1.182877,-0.174801,-0.036595,0.339777,-0.906597,0.011558,0.421829,0.135263,-0.938795,0.316704,0.400804,0.344172,0.848978,-0.031571,0.007061,-0.029228,-0.620567,-0.589841,-1.277643,0.264346,0.040133,0.026168,-0.011696,0.810238,-0.033607,0.585136,-0.091038,0.97902,0.18229,-0.578986,-0.200968,0.79018,-0.015855,0.003053,-0.015007,-2.261921,-1.801982,-4.581369,0.158431,0.075578,0.017622,-0.055145,0.720198,-0.399706,-0.567053,0.414562,0.903322,-0.110213,0.556284,-0.155704,0.816274,6.6e-05,0.025341,-0.023476,-2.993812,0.650846,4.226564,-0.923917
401,0.148654,-0.039095,0.337942,-0.59955,0.572493,-0.559319,-0.592428,-0.787276,-0.170872,-0.537422,0.228193,0.81187,0.000669,0.055587,-0.041888,0.3314,0.876253,-0.43068,-1.219598,-0.175898,-0.036185,0.338701,-0.903257,-0.096693,0.418053,0.243419,-0.917665,0.313963,0.354403,0.385478,0.851862,-0.031406,0.013958,-0.022461,-0.13429,-0.184778,-0.496797,0.29736,0.03959,0.026349,-0.012236,0.819186,0.07327,0.568828,-0.198434,0.96676,0.161243,-0.538106,-0.244963,0.806495,-0.015791,0.006826,-0.011315,-2.463758,-1.894992,-5.183033,0.197457,0.075625,0.018705,-0.056074,0.706347,-0.465608,-0.53318,0.473501,0.870685,-0.133054,0.526184,-0.158479,0.835472,0.000372,0.02794,-0.020788,0.2886,0.766834,-0.487266,-0.945308
402,0.148532,-0.036745,0.336258,-0.580438,0.611112,-0.538219,-0.623226,-0.758725,-0.189469,-0.523431,0.224691,0.821925,0.000695,0.055685,-0.041748,-2.696783,-0.489157,4.542747,-1.195516,-0.176778,-0.035224,0.337788,-0.894082,-0.17307,0.413105,0.317295,-0.895565,0.311802,0.317115,0.410075,0.855067,-0.031955,0.031413,-0.024548,-2.237727,-1.770092,-4.856826,0.312906,0.039144,0.026831,-0.012705,0.819299,0.145086,0.554706,-0.268879,0.951702,0.148211,-0.506412,-0.270578,0.818739,-0.008535,0.016336,-0.012249,-0.107926,-0.151062,-0.395847,0.222277,0.075565,0.019887,-0.056909,0.692957,-0.505199,-0.514377,0.507413,0.848572,-0.149856,0.512193,-0.157159,0.844368,0.00039,0.027922,-0.020823,-2.700231,-0.482818,4.530696,-0.973067
403,0.148421,-0.035033,0.334827,-0.552229,0.652223,-0.519321,-0.661325,-0.721932,-0.203556,-0.506998,0.230215,0.830651,0.000137,0.031175,-0.027306,-0.02266,0.283919,0.683812,-1.133127,-0.17753,-0.033968,0.336881,-0.87974,-0.248126,0.405563,0.387949,-0.867578,0.311026,0.275782,0.431276,0.858958,-0.017047,0.033697,-0.023498,-0.104133,-0.200269,-0.367806,0.345712,0.038769,0.027452,-0.013144,0.814144,0.223283,0.536016,-0.34468,0.928719,0.136661,-0.467295,-0.296016,0.833072,-0.008608,0.016642,-0.011934,-2.288387,-1.935127,-4.617518,0.256895,0.07551,0.020735,-0.057611,0.669921,-0.55108,-0.497509,0.552266,0.817747,-0.162147,0.496193,-0.166132,0.852169,7.9e-05,0.015428,-0.013814,-0.605675,0.131757,1.697484,-0.961964
404,0.148269,-0.03434,0.334249,-0.533414,0.67475,-0.510125,-0.682871,-0.699353,-0.211103,-0.498543,0.234901,0.834449,-0.014631,0.043206,-0.034708,-0.026017,0.258973,0.444525,-1.131642,-0.177871,-0.033358,0.336421,-0.869966,-0.285836,0.401806,0.422506,-0.852042,0.308945,0.255134,0.4389,0.861474,-0.017041,0.033157,-0.024029,-2.11956,-1.766284,-4.751611,0.366441,0.038592,0.027773,-0.01338,0.809974,0.257403,0.526957,-0.376107,0.917414,0.129976,-0.449982,-0.30347,0.839893,-0.008507,0.016022,-0.012555,0.027943,-0.053164,-0.085821,0.279266,0.075439,0.021074,-0.057899,0.654371,-0.576795,-0.488983,0.577522,0.798646,-0.169211,0.488125,-0.171672,0.855723,-0.007333,0.016279,-0.012933,-0.666162,-0.081042,1.587304,-0.966536
405,0.147755,-0.033062,0.33325,-0.494168,0.721164,-0.485557,-0.72606,-0.64948,-0.225799,-0.47759,0.24006,0.845167,-0.014641,0.032784,-0.025629,0.206744,0.615042,0.275422,-1.134897,-0.178621,-0.032291,0.335618,-0.861136,-0.32765,0.388691,0.45759,-0.832455,0.312352,0.222301,0.447255,0.866261,-0.016252,0.021784,-0.015938,0.288776,-0.518731,-0.077318,0.405745,0.038211,0.028321,-0.013788,0.806618,0.30174,0.508251,-0.418118,0.899069,0.12981,-0.417784,-0.317216,0.851369,-0.008102,0.0109,-0.00795,0.456314,-0.677969,-0.149326,0.334295,0.075176,0.021729,-0.058413,0.621234,-0.628945,-0.467435,0.628568,0.756151,-0.182036,0.467943,-0.180727,0.865081,-0.007305,0.016366,-0.012829,0.215138,0.633278,0.278413,-0.991193
406,0.147319,-0.032298,0.332552,-0.431926,0.77779,-0.45665,-0.783682,-0.5742,-0.236872,-0.445915,0.254586,0.858122,-0.014931,0.020426,-0.018542,-0.515026,0.30868,1.624027,-1.125182,-0.179462,-0.031653,0.335139,-0.847883,-0.3743,0.375479,0.49683,-0.807895,0.316859,0.185806,0.455683,0.870455,-0.015491,0.010362,-0.007907,-0.018974,-0.052908,-0.141126,0.444149,0.037797,0.028638,-0.014024,0.801146,0.348343,0.486642,-0.459735,0.878813,0.127788,-0.383153,-0.326104,0.864204,-0.015094,0.004993,-0.003534,-0.175301,-0.129935,-0.462838,0.385078,0.074964,0.022105,-0.058753,0.568129,-0.693879,-0.442448,0.696303,0.691878,-0.19096,0.438624,-0.199588,0.876226,-0.00754,0.004708,-0.005118,-2.307825,-0.450495,5.100544,-1.018952
407,0.147217,-0.032125,0.332375,-0.395205,0.807715,-0.437556,-0.81335,-0.529011,-0.242034,-0.426482,0.259225,0.866569,-4.4e-05,0.009593,-0.009902,-0.388823,0.683783,1.847851,-1.018727,-0.179921,-0.031403,0.334972,-0.839442,-0.397664,0.370394,0.515868,-0.797168,0.313588,0.171612,0.454817,0.873816,-0.030171,0.011083,-0.006027,0.101586,-0.054954,-0.094335,0.467067,0.037573,0.02876,-0.01411,0.796153,0.371654,0.477507,-0.478954,0.869327,0.121949,-0.369787,-0.325794,0.870123,-0.007698,0.005753,-0.003372,0.087588,-0.157617,0.117166,0.411531,0.074908,0.022197,-0.058851,0.534671,-0.729471,-0.426611,0.733422,0.65134,-0.194543,0.419783,-0.208869,0.883263,-1e-06,0.004798,-0.004947,-0.421818,0.586638,1.821196,-0.997398
408,0.147062,-0.031954,0.33224,-0.365877,0.841671,-0.397202,-0.843665,-0.480072,-0.240275,-0.392471,0.246144,0.886232,-1e-06,-4e-06,-4e-06,0.318197,1.155214,0.1541,-0.886491,-0.181102,-0.030997,0.33464,-0.828033,-0.426464,0.36398,0.539518,-0.782399,0.310975,0.153192,0.454411,0.877443,-0.044947,0.008911,-0.007052,0.047439,0.016317,-0.083573,0.506412,0.036971,0.02897,-0.014276,0.789056,0.400229,0.466054,-0.50316,0.856301,0.116522,-0.352448,-0.326442,0.877049,-0.022461,0.004394,-0.003566,0.013453,0.055121,-0.066181,0.470642,0.07483,0.022282,-0.058919,0.508398,-0.768449,-0.388607,0.771127,0.607127,-0.191727,0.383266,-0.202192,0.901234,8e-06,1.6e-05,2.4e-05,0.365661,1.382188,0.053648,-0.925387
409,0.147109,-0.032103,0.332427,-0.354826,0.864229,-0.356725,-0.855271,-0.454097,-0.24956,-0.377231,0.215469,0.90072,-4.7e-05,-0.020198,0.018772,0.272594,1.392205,0.154977,-0.976897,-0.182361,-0.030863,0.334406,-0.812097,-0.457501,0.36219,0.566625,-0.766223,0.302939,0.139938,0.45182,0.880988,-0.02959,-0.003588,-0.001275,0.402889,-0.363334,-0.296226,0.521817,0.036353,0.029039,-0.014391,0.77697,0.43036,0.459464,-0.529629,0.841385,0.107533,-0.340308,-0.326896,0.881662,-0.015163,0.003164,-0.005375,-0.004393,0.148356,-0.23546,0.506566,0.074854,0.022214,-0.058833,0.499084,-0.792879,-0.349652,0.7868,0.583708,-0.200571,0.363124,-0.175005,0.915157,0.007484,-0.005103,0.004651,0.036362,0.882064,0.314713,-0.948574
410,0.147559,-0.032969,0.333093,-0.296326,0.898986,-0.322585,-0.882752,-0.386669,-0.266848,-0.364265,0.204568,0.908565,0.029383,-0.024856,0.014021,0.352684,0.804845,0.029165,-0.896352,-0.183275,-0.031009,0.334129,-0.793889,-0.49076,0.359008,0.595859,-0.745187,0.299303,0.121632,0.452152,0.883531,-0.029887,-0.009044,-0.006718,0.075811,-0.062951,-0.128172,0.522797,0.035896,0.028975,-0.014522,0.763237,0.465698,0.447876,-0.559896,0.822657,0.098741,-0.322465,-0.326127,0.888626,-0.007576,-0.004627,-0.004004,0.059885,-0.108323,-0.105609,0.5162,0.075069,0.021789,-0.058492,0.444929,-0.837794,-0.316446,0.825325,0.520757,-0.218287,0.347672,-0.164049,0.923153,0.00717,-0.017506,0.011681,0.841351,0.507456,0.646856,-0.953309
411,0.147917,-0.033501,0.333392,-0.258158,0.916214,-0.306516,-0.894871,-0.346278,-0.281549,-0.363785,0.200466,0.909671,0.014379,-0.024951,0.013925,-0.797321,-0.94802,5.133033,-0.882462,-0.183672,-0.031183,0.333942,-0.786285,-0.504127,0.357216,0.606924,-0.738098,0.294597,0.116127,0.449077,0.885837,-0.015254,-0.010393,-0.009208,0.080084,-0.081806,-0.15284,0.52607,0.035692,0.028886,-0.014616,0.757495,0.479386,0.443159,-0.570582,0.816004,0.09259,-0.317233,-0.322995,0.891648,-0.015008,-0.005733,-0.004558,0.032955,-0.088206,-0.273953,0.518813,0.075253,0.021522,-0.058343,0.414384,-0.858417,-0.302332,0.841438,0.487947,-0.232138,0.346793,-0.1582,0.924503,0.014595,-0.013291,0.006123,2.5694,-0.239981,0.997714,-0.920815
412,0.148576,-0.034267,0.333864,-0.216386,0.937597,-0.272275,-0.907267,-0.296056,-0.298647,-0.360358,0.181234,0.915054,0.014842,-0.011555,0.007891,-0.213306,0.448917,1.344145,-1.03838,-0.184211,-0.031527,0.333435,-0.781112,-0.519174,0.346862,0.615934,-0.731363,0.292691,0.102699,0.442925,0.89058,-0.00131,-0.000975,-0.020405,0.060538,-0.021505,-0.063189,0.535201,0.035417,0.028707,-0.014868,0.755844,0.493515,0.430282,-0.579798,0.80981,0.089671,-0.304193,-0.317254,0.898229,-0.007651,-0.005539,-0.004956,-0.026865,0.027916,-0.096843,0.520283,0.075582,0.021128,-0.058111,0.370901,-0.888318,-0.270782,0.864101,0.436942,-0.249822,0.340238,-0.141324,0.929659,0.014785,-0.011392,0.007932,-1.226618,-0.630718,5.153418,-0.973721
413,0.149358,-0.034715,0.334174,-0.173467,0.957444,-0.230769,-0.918022,-0.241975,-0.314095,-0.356361,0.156173,0.921218,0.029796,-0.012353,0.007035,0.455817,1.182972,0.439072,-1.09875,-0.184504,-0.031399,0.332707,-0.77439,-0.540611,0.328711,0.628088,-0.718901,0.297691,0.076343,0.437672,0.895812,-0.001801,0.013723,-0.025181,0.067063,-0.033671,0.012379,0.536106,0.035271,0.028758,-0.015238,0.754697,0.512896,0.409108,-0.593908,0.799039,0.093855,-0.278755,-0.313805,0.907646,-0.000527,0.001728,-0.00799,-0.008875,-0.11997,0.19274,0.521099,0.075967,0.020906,-0.057954,0.328565,-0.915116,-0.23368,0.884303,0.384969,-0.264208,0.331741,-0.119834,0.935727,0.007438,-0.005726,0.003992,0.264034,0.779311,0.229707,-1.047038
414,0.149801,-0.034897,0.334208,-0.158908,0.964396,-0.211504,-0.920358,-0.222171,-0.321796,-0.35714,0.142323,0.923159,0.014582,-0.013849,0.00553,0.223195,0.84651,0.534156,-1.067554,-0.184598,-0.031154,0.332315,-0.771614,-0.549411,0.320547,0.632896,-0.71283,0.302076,0.063495,0.436654,0.89731,-0.00165,0.016551,-0.022349,-0.458558,-0.522126,-1.451181,0.536271,0.035222,0.028883,-0.015446,0.754592,0.520212,0.399962,-0.599577,0.79428,0.098114,-0.266642,-0.313844,0.911264,-0.000814,0.008428,-0.011023,-0.450463,-0.543498,-1.468533,0.521752,0.076195,0.02082,-0.057932,0.314523,-0.9249,-0.213619,0.889865,0.365631,-0.272862,0.330476,-0.104271,0.938036,0.014748,-0.002348,-0.002473,0.124663,0.595474,1.924536,-1.052427
415,0.150743,-0.035247,0.33389,-0.166849,0.970499,-0.174182,-0.917215,-0.217529,-0.33372,-0.361565,0.102873,0.926669,0.028721,-0.011376,-0.011757,0.325035,0.885112,0.042709,-1.079333,-0.184931,-0.030435,0.331421,-0.765382,-0.562744,0.312251,0.641654,-0.703775,0.304821,0.049174,0.434373,0.899314,-0.016364,0.017097,-0.020686,0.064846,0.003502,-0.030242,0.536641,0.035063,0.02924,-0.015881,0.751103,0.533218,0.389257,-0.609943,0.786095,0.100115,-0.252611,-0.312622,0.915671,-0.008485,0.014347,-0.014249,0.094229,-0.023848,-0.014092,0.522079,0.076661,0.020651,-0.058077,0.321146,-0.930522,-0.176048,0.88822,0.360441,-0.284862,0.328525,-0.064887,0.942263,0.014303,-0.00618,-0.006398,0.430971,1.097946,0.138969,-1.019932
416,0.152229,-0.035798,0.333375,-0.138706,0.981776,-0.130083,-0.924239,-0.17545,-0.339074,-0.355554,0.071973,0.931895,0.043639,-0.013303,-0.013905,0.260856,0.856769,0.567428,-1.156474,-0.185433,-0.029292,0.330366,-0.762757,-0.56755,0.309967,0.64496,-0.701621,0.302799,0.046578,0.431596,0.900787,-0.016832,0.031285,-0.025906,0.107237,-0.016931,0.025219,0.536803,0.034818,0.029792,-0.0164,0.749405,0.537885,0.386095,-0.613076,0.783942,0.09783,-0.250055,-0.31002,0.917256,-0.00103,0.015712,-0.013426,0.097941,0.063874,-0.118875,0.522242,0.077381,0.020374,-0.058335,0.294581,-0.946075,-0.134767,0.901257,0.321934,-0.289987,0.317736,-0.036035,0.947493,0.021744,-0.006388,-0.006831,-1.334557,-0.733244,4.96369,-1.050794
417,0.153791,-0.03613,0.332755,-0.112541,0.98955,-0.090395,-0.924754,-0.137529,-0.354806,-0.363398,0.042431,0.930682,0.043736,-0.002693,-0.022904,0.519916,1.219901,0.032567,-1.046012,-0.185817,-0.027877,0.329284,-0.757438,-0.575904,0.307591,0.651639,-0.694988,0.303795,0.039762,0.431273,0.901269,-0.001929,0.034138,-0.024116,0.068892,0.042698,-0.12439,0.536924,0.034614,0.03051,-0.016952,0.745652,0.546035,0.381901,-0.620295,0.778157,0.098515,-0.243387,-0.310349,0.918937,-0.008328,0.016528,-0.012044,0.052078,0.015711,-0.275765,0.522242,0.078178,0.020198,-0.058649,0.266493,-0.958988,-0.096551,0.908916,0.283376,-0.305891,0.320707,-0.006239,0.947157,0.014434,-0.000551,-0.010594,0.274474,0.738136,-0.173347,-1.021238
418,0.154432,-0.036069,0.332247,-0.115394,0.990634,-0.073305,-0.922354,-0.134193,-0.362252,-0.368561,0.024577,0.929293,0.02882,-0.00145,-0.02157,0.392986,0.956912,-0.118839,-1.018006,-0.185925,-0.027156,0.328742,-0.756652,-0.580765,0.300302,0.653027,-0.692391,0.306732,0.030733,0.428929,0.902739,-0.00265,0.044059,-0.033602,0.13004,0.047219,-0.098699,0.536679,0.03456,0.03087,-0.017215,0.7467,0.550106,0.373926,-0.622455,0.776077,0.101258,-0.234492,-0.308362,0.921914,-0.000957,0.016794,-0.012321,0.110662,-0.040059,0.058768,0.522079,0.078504,0.020227,-0.058905,0.268514,-0.960097,-0.078184,0.907384,0.279345,-0.314038,0.323348,0.013381,0.946184,0.014389,0.00426,-0.015571,0.541304,1.162026,-0.004524,-0.984661
419,0.15579,-0.03557,0.331052,-0.117943,0.992014,-0.04519,-0.917845,-0.126213,-0.376302,-0.378862,-0.00414,0.925459,0.044298,0.023732,-0.035394,0.294297,-0.013105,1.551948,-1.051578,-0.186001,-0.025911,0.32776,-0.766321,-0.579227,0.277921,0.642297,-0.696169,0.320526,0.008782,0.424866,0.905138,-0.002069,0.031575,-0.026653,-1.223438,-2.156807,1.217128,0.53631,0.034523,0.031494,-0.017698,0.758674,0.545272,0.356498,-0.614728,0.780364,0.114636,-0.215691,-0.30612,0.927236,-0.001034,0.015511,-0.013601,0.128654,-0.02942,0.047075,0.522242,0.079166,0.020453,-0.059495,0.275621,-0.959966,-0.049966,0.903287,0.276426,-0.328116,0.328792,0.045302,0.943314,0.022165,0.006427,-0.013422,0.494545,0.921143,0.133703,-0.993642
420,0.157096,-0.034886,0.330198,-0.095846,0.99508,-0.025984,-0.916755,-0.098356,-0.387115,-0.387655,-0.014522,0.921705,0.029887,0.019675,-0.019625,0.203235,0.381309,-0.123186,-0.977935,-0.186067,-0.025094,0.327035,-0.769457,-0.57661,0.274678,0.638556,-0.698808,0.322255,0.007095,0.424088,0.905518,-0.000733,0.009758,-0.00965,0.021144,0.003452,0.027172,0.536403,0.034489,0.031917,-0.018075,0.763302,0.541645,0.352121,-0.610407,0.783175,0.11849,-0.211593,-0.305381,0.928423,-0.000695,0.01015,-0.009253,0.081632,-0.025359,0.039494,0.522405,0.079835,0.0208,-0.059941,0.247691,-0.968342,-0.031023,0.90844,0.243259,-0.339943,0.336728,0.056018,0.939934,0.014994,0.010085,-0.009566,0.208303,0.285603,0.063258,-0.995275
421,0.157591,-0.034382,0.329746,-0.086056,0.996152,-0.017927,-0.915772,-0.086119,-0.392321,-0.392257,-0.018584,0.919683,0.014927,0.03185,-0.02672,0.237464,0.274941,0.044648,-0.942867,-0.186078,-0.024763,0.326739,-0.770301,-0.574932,0.275829,0.637529,-0.699229,0.323372,0.007915,0.42567,0.904768,-0.001383,0.020971,-0.017831,0.054673,-0.004892,0.046887,0.536366,0.034484,0.032073,-0.018217,0.763734,0.540038,0.353651,-0.609581,0.783615,0.119823,-0.212417,-0.307092,0.92767,-0.000354,0.004903,-0.0048,0.03088,0.084114,-0.148692,0.522405,0.080088,0.02105,-0.060161,0.237981,-0.970981,-0.023667,0.909573,0.231344,-0.34519,0.340648,0.060622,0.938233,0.015022,0.010532,-0.009104,0.211997,0.27873,0.093441,-0.971108
422,0.15842,-0.033245,0.328756,-0.074286,0.997259,0.000471,-0.914698,-0.067895,-0.398357,-0.39715,-0.031265,0.917236,0.029678,0.029624,-0.029196,0.271859,0.382334,0.312415,-0.980504,-0.186186,-0.024314,0.326335,-0.771959,-0.570472,0.280415,0.635497,-0.698872,0.328108,0.009764,0.432209,0.901644,-0.015398,0.009415,-0.008898,-0.061248,0.094706,0.046521,0.536805,0.034435,0.032308,-0.018424,0.764065,0.53618,0.358768,-0.608496,0.783703,0.124662,-0.214327,-0.313559,0.925064,-0.000377,0.00453,-0.005171,-0.093222,0.125346,0.072976,0.522405,0.080492,0.021616,-0.060637,0.226096,-0.974076,-0.007419,0.9116,0.214266,-0.350819,0.343314,0.072556,0.936413,0.014948,0.01011,-0.009561,-0.348682,1.128353,0.429912,-0.968006
423,0.159513,-0.032266,0.327597,-0.058849,0.997491,0.039926,-0.92275,-0.03904,-0.383381,-0.380796,-0.060645,0.922683,0.029293,0.026279,-0.032699,0.278461,0.839223,0.363134,-0.965662,-0.186429,-0.024128,0.326013,-0.774827,-0.567597,0.27833,0.632042,-0.698927,0.334599,0.005585,0.435891,0.899906,-0.000889,0.007002,-0.012418,-0.056884,0.089755,0.04835,0.536678,0.034308,0.032404,-0.018582,0.766996,0.532836,0.357493,-0.606219,0.784333,0.131602,-0.210272,-0.317657,0.924596,-8.9e-05,-0.001648,-0.001657,-0.106131,0.108133,0.064541,0.522405,0.081034,0.022116,-0.061212,0.209046,-0.977446,0.029971,0.923204,0.187153,-0.335659,0.32248,0.097837,0.941506,0.014641,0.012812,-0.016711,-2.173634,1.577245,0.703685,-0.973068
424,0.160073,-0.031763,0.326948,-0.047256,0.996863,0.063849,-0.92578,-0.019654,-0.377513,-0.375024,-0.078191,0.923726,0.029233,0.025935,-0.033072,0.566594,1.000857,0.419995,-0.959819,-0.186538,-0.024085,0.325874,-0.778033,-0.566235,0.272091,0.628102,-0.699288,0.341201,-0.001956,0.437083,0.899343,-0.014839,-0.003306,-0.002243,-0.527267,-0.579134,0.594259,0.536836,0.034259,0.032427,-0.018657,0.770618,0.530828,0.35266,-0.603868,0.785073,0.137846,-0.203692,-0.319187,0.925542,-0.000438,0.003545,-0.006163,-1.472177,-1.916436,1.310344,0.522569,0.081324,0.022371,-0.061548,0.196437,-0.979042,0.053734,0.929112,0.168348,-0.329256,0.31331,0.114603,0.94271,0.014659,0.013112,-0.016391,0.179729,0.743239,0.098559,-0.967679
425,0.161611,-0.030574,0.325613,-0.020339,0.995613,0.09158,-0.931625,0.01442,-0.363096,-0.362807,-0.093943,0.927131,0.044259,0.027316,-0.031876,0.29382,0.156748,1.46089,-1.019375,-0.186896,-0.023922,0.325656,-0.783576,-0.563368,0.261947,0.620992,-0.69995,0.352664,-0.014348,0.439718,0.897945,-2.8e-05,-0.000468,-0.000472,-0.026006,0.024611,0.015776,0.537133,0.034074,0.032503,-0.018772,0.77814,0.525634,0.34381,-0.598396,0.78674,0.151531,-0.190839,-0.323647,0.926731,-0.007663,0.005189,-0.003961,0.048314,0.009155,-0.006474,0.522732,0.082071,0.022952,-0.062207,0.173341,-0.981599,0.080092,0.938465,0.139961,-0.315743,0.298724,0.129895,0.945457,0.02963,0.01341,-0.016317,-2.329512,1.184271,0.506401,-0.983681
426,0.163707,-0.02986,0.32435,0.006771,0.99299,0.118194,-0.932982,0.048854,-0.356552,-0.359844,-0.109095,0.926627,0.05863,0.021119,-0.03871,0.442983,0.324031,1.555304,-1.049028,-0.187367,-0.023777,0.325559,-0.785545,-0.560425,0.262363,0.618457,-0.699574,0.35783,-0.01601,0.44406,0.895778,-2.4e-05,-0.000397,-0.0004,-0.108535,0.102818,0.065957,0.536966,0.033839,0.032578,-0.018818,0.779583,0.5229,0.344709,-0.597005,0.786792,0.156659,-0.189297,-0.327922,0.925544,-0.007663,0.005167,-0.003986,-0.102847,0.133478,0.069189,0.522405,0.08313,0.023329,-0.06284,0.141235,-0.984344,0.105441,0.945489,0.102551,-0.309084,0.293432,0.143347,0.945171,0.029115,0.00473,-0.015663,-0.010243,-1.452388,5.399143,-1.021238
427,0.166186,-0.029215,0.322943,0.019825,0.989503,0.143304,-0.935564,0.068954,-0.346319,-0.352598,-0.128435,0.926934,0.073465,0.020055,-0.040302,0.162442,0.451795,-0.229641,-1.06242,-0.18775,-0.023618,0.32547,-0.786478,-0.557558,0.265655,0.6173,-0.698794,0.361331,-0.014839,0.448872,0.893396,-0.014614,0.000427,0.0015,-0.037351,0.048719,-0.00773,0.537296,0.033653,0.032656,-0.018864,0.779699,0.520113,0.348641,-0.596451,0.786389,0.160741,-0.190564,-0.333277,0.923369,-0.0003,0.005805,-0.003881,0.030691,-0.00044,0.033697,0.522405,0.084364,0.023649,-0.063546,0.124447,-0.983406,0.132002,0.950646,0.080064,-0.299769,0.284227,0.162793,0.944834,0.029267,0.016043,-0.023697,0.067194,0.339755,0.198248,-1.032995
428,0.167615,-0.028727,0.322016,0.037047,0.986714,0.158335,-0.936207,0.089725,-0.339761,-0.349508,-0.136875,0.926896,0.073161,0.02912,-0.050891,0.381609,0.40797,0.257167,-1.097369,-0.188005,-0.02355,0.325455,-0.787642,-0.556274,0.264897,0.615759,-0.698419,0.36467,-0.01686,0.451045,0.892265,-0.014629,0.000162,0.001229,-0.395073,0.388794,0.210633,0.536859,0.033531,0.032692,-0.018871,0.780623,0.52022,0.346407,-0.595983,0.786507,0.161894,-0.188231,-0.332831,0.924008,-0.00731,0.000139,0.00068,0.00944,0.011065,-0.034074,0.522569,0.085051,0.023885,-0.063987,0.106786,-0.983726,0.144497,0.954346,0.060635,-0.292482,0.278961,0.169134,0.94529,0.036594,0.014213,-0.025838,0.24297,0.684383,0.227728,-1.038547
429,0.170482,-0.027677,0.31984,0.078522,0.978951,0.188507,-0.937143,0.13701,-0.320878,-0.340058,-0.15268,0.927942,0.072676,0.036223,-0.063724,1.079951,-1.444263,5.129926,-1.12413,-0.188435,-0.023493,0.325471,-0.787661,-0.556942,0.263432,0.615672,-0.697875,0.365859,-0.018932,0.451064,0.892214,-0.014633,8.2e-05,0.001142,-0.002143,0.015299,-0.029185,0.536949,0.033311,0.032721,-0.018861,0.781211,0.519263,0.346516,-0.595739,0.785994,0.165246,-0.186554,-0.335526,0.923373,-0.007317,4.2e-05,0.000579,0.002794,0.013659,-0.032024,0.522732,0.086539,0.024426,-0.065111,0.064615,-0.982441,0.175025,0.961265,0.014184,-0.275258,0.267942,0.186031,0.945303,0.036114,0.017823,-0.03229,1.051718,-1.502933,5.121186,-1.045079
430,0.172918,-0.025748,0.317289,0.085066,0.972414,0.217304,-0.940796,0.150246,-0.30381,-0.328192,-0.179805,0.927355,0.057829,0.055158,-0.063469,-2.153242,1.330701,0.646157,-1.151018,-0.188784,-0.023406,0.325526,-0.791154,-0.557634,0.251218,0.610621,-0.698305,0.373426,-0.031816,0.449541,0.892616,-0.014543,0.001423,0.002486,-0.012284,-0.00197,-0.019171,0.537171,0.033136,0.032762,-0.018836,0.786906,0.518177,0.335067,-0.592108,0.786944,0.173569,-0.173739,-0.334979,0.926068,-0.000258,0.006382,-0.003299,0.00651,-0.061994,0.047819,0.522569,0.087735,0.025357,-0.066377,0.054372,-0.977936,0.201703,0.965489,-3.7e-05,-0.260444,0.254705,0.208903,0.944184,0.028864,0.033052,-0.035973,0.210756,0.321029,-0.41533,-1.03871
431,0.175075,-0.023047,0.314478,0.106209,0.966703,0.232916,-0.942656,0.17246,-0.285708,-0.316504,-0.190417,0.929298,0.057121,0.078076,-0.079278,0.194597,0.063301,-0.089645,-1.155987,-0.189052,-0.023048,0.325496,-0.797242,-0.556369,0.234202,0.601414,-0.699674,0.385605,-0.049673,0.448975,0.892086,-0.014989,0.014959,-0.003358,-1.427028,-1.936354,1.387084,0.537396,0.032996,0.032939,-0.018852,0.795228,0.514934,0.320086,-0.585692,0.788917,0.185943,-0.156773,-0.335338,0.928961,-0.007493,0.007538,-0.001618,-1.501372,-1.862873,1.402739,0.522242,0.088813,0.026705,-0.067769,0.031319,-0.975695,0.216882,0.970623,-0.0221,-0.239587,0.238558,0.218014,0.946339,0.028619,0.038828,-0.039879,0.049884,0.255498,-0.208009,-1.046712
432,0.176243,-0.021543,0.31288,0.115524,0.964632,0.237035,-0.942593,0.181765,-0.280093,-0.313423,-0.19227,0.92996,0.071455,0.087265,-0.090035,-0.016209,-0.189992,-0.435057,-1.15421,-0.18915,-0.022727,0.325374,-0.799895,-0.554505,0.229529,0.597453,-0.700595,0.390064,-0.054481,0.449844,0.891367,-0.000406,0.014281,-0.00509,-0.300239,0.308295,0.223957,0.537334,0.032947,0.033102,-0.018911,0.798693,0.51268,0.315035,-0.582445,0.790175,0.190734,-0.151147,-0.335829,0.929716,-0.000198,0.007202,-0.002481,-0.465203,0.451362,0.257326,0.522405,0.089392,0.027458,-0.06856,0.021037,-0.974661,0.222693,0.971398,-0.032768,-0.235181,0.236519,0.221271,0.946095,0.028506,0.038323,-0.040427,-0.242988,-0.265937,-0.269404,-1.043446
433,0.178421,-0.017712,0.309255,0.111537,0.966127,0.232819,-0.948583,0.173372,-0.264772,-0.296315,-0.192518,0.935501,0.055794,0.114685,-0.100292,-0.703175,-0.167332,-0.086821,-1.165515,-0.18938,-0.021927,0.324953,-0.823427,-0.524853,0.215611,0.564487,-0.720113,0.403392,-0.055423,0.454537,0.888925,-0.015055,0.013503,-0.004826,1.024151,2.384489,5.055091,0.537466,0.032838,0.03349,-0.019112,0.818682,0.484217,0.308694,-0.554923,0.805379,0.208383,-0.147713,-0.341901,0.928053,-0.007857,0.011819,-0.007032,-0.367078,-0.003485,0.479213,0.522569,0.090487,0.029356,-0.070376,0.025602,-0.975785,0.217225,0.97529,-0.023318,-0.219692,0.219437,0.217482,0.951077,0.027981,0.057348,-0.050155,-2.493654,0.480264,0.286512,-1.049651
434,0.180599,-0.013152,0.305304,0.10589,0.970157,0.218238,-0.957015,0.159056,-0.242476,-0.270092,-0.184389,0.945028,0.054837,0.124543,-0.109549,-2.527349,0.395411,0.300581,-1.188532,-0.1898,-0.02115,0.324478,-0.839163,-0.500884,0.211926,0.541125,-0.730809,0.415976,-0.052423,0.464383,0.884004,-0.015158,0.011637,-0.0067,-0.329622,0.34523,0.21093,0.537055,0.032628,0.03389,-0.019353,0.834788,0.454015,0.311444,-0.528784,0.818702,0.223861,-0.153344,-0.351563,0.923519,-0.007878,0.011285,-0.007567,-0.47444,0.398754,0.464891,0.522405,0.091577,0.031641,-0.072338,0.032637,-0.978731,0.202532,0.97997,-0.008493,-0.198959,0.196448,0.204969,0.95885,0.035011,0.056812,-0.050876,-0.299286,-0.940487,-0.613461,-1.054876
435,0.181908,-0.01071,0.303067,0.100357,0.973871,0.203836,-0.95932,0.149081,-0.239689,-0.263947,-0.172701,0.948964,0.054438,0.122763,-0.111324,-0.120583,-0.702038,-0.50679,-1.196961,-0.190101,-0.020798,0.32427,-0.846571,-0.487366,0.213973,0.530119,-0.737082,0.419068,-0.045459,0.468817,0.882047,-0.01575,0.022729,-0.014984,-0.137932,0.280149,0.284983,0.536944,0.032478,0.034061,-0.019455,0.840316,0.439903,0.316784,-0.517817,0.82429,0.228932,-0.160414,-0.356412,0.920454,-0.007556,0.005932,-0.00323,-0.191128,0.521882,0.614171,0.522405,0.092205,0.032819,-0.073412,0.038765,-0.981096,0.189597,0.981181,0.001455,-0.193082,0.189156,0.193514,0.962689,0.027292,0.060612,-0.056523,-0.319882,-0.865201,-0.86146,-1.061898
436,0.184167,-0.004953,0.298357,0.040519,0.986576,0.158343,-0.969488,0.077203,-0.232604,-0.241765,-0.145315,0.959407,0.05285,0.167953,-0.12213,-0.610783,-1.28138,-1.279732,-1.314875,-0.19082,-0.020221,0.32404,-0.854715,-0.470631,0.218998,0.517602,-0.742231,0.425575,-0.036667,0.477694,0.877683,-0.014313,0.003623,0.00465,-0.078964,0.074592,0.043985,0.536233,0.032117,0.034352,-0.019582,0.845873,0.422514,0.325545,-0.505744,0.829253,0.237826,-0.169475,-0.365813,0.915127,-0.00747,0.006961,-0.002196,-0.001735,0.047101,0.033759,0.523222,0.09334,0.035644,-0.07578,0.099898,-0.98372,0.14938,0.979939,0.07125,-0.186125,0.172452,0.164977,0.971103,0.026554,0.083756,-0.061331,-0.321506,-0.66882,-1.429749,-1.086881
437,0.18612,0.001854,0.293835,-0.014884,0.994114,0.107525,-0.975468,0.009231,-0.219884,-0.219572,-0.109397,0.969457,0.05234,0.163451,-0.105944,-0.566609,-0.979042,-1.333464,-1.547503,-0.191585,-0.019831,0.324093,-0.861403,-0.455951,0.223799,0.506957,-0.746634,0.430659,-0.028181,0.485002,0.873981,-0.01474,0.016612,-0.001751,-0.005814,0.028576,0.039208,0.534506,0.031735,0.034541,-0.019555,0.85006,0.408069,0.332981,-0.495739,0.833437,0.244182,-0.177876,-0.372642,0.910767,-0.014361,0.002659,0.003683,-0.009561,0.029367,-0.012971,0.523222,0.094337,0.039117,-0.078088,0.159725,-0.982244,0.098395,0.975047,0.141412,-0.171127,0.154175,0.123274,0.980322,0.026102,0.08758,-0.056665,-0.303891,-0.697328,-1.150978,-1.139951
438,0.187077,0.00484,0.291766,-0.040482,0.995938,0.080709,-0.975985,-0.02206,-0.216651,-0.213948,-0.088781,0.972816,0.037857,0.146814,-0.102963,-0.43915,-0.760182,-1.454141,-1.629214,-0.192035,-0.019712,0.324244,-0.867443,-0.442685,0.227074,0.496937,-0.751166,0.434438,-0.020659,0.49025,0.871258,-0.028635,0.006379,0.008375,-0.30149,0.709313,0.475397,0.535985,0.031526,0.034602,-0.019485,0.853287,0.398044,0.336839,-0.487996,0.837207,0.246869,-0.183739,-0.375026,0.908622,-0.007208,0.003034,0.003475,1.266183,2.378917,4.794254,0.523222,0.094802,0.040574,-0.079071,0.185802,-0.979859,0.073158,0.970843,0.171595,-0.167383,0.151458,0.102125,0.983173,0.026193,0.07352,-0.051732,0.153354,-0.848729,-3.049004,-1.174405
439,0.188602,0.010732,0.288005,-0.136813,0.990562,-0.010711,-0.960963,-0.135281,-0.241291,-0.240301,-0.023953,0.970417,0.022537,0.170964,-0.09505,2.075547,-2.984403,-2.889903,-1.77563,-0.192845,-0.019449,0.324564,-0.86645,-0.443687,0.228906,0.498705,-0.750191,0.434097,-0.019791,0.490839,0.870947,-0.013965,0.007568,0.008524,-0.000411,0.000873,-0.004298,0.535825,0.031105,0.034737,-0.019321,0.852833,0.396345,0.339978,-0.487899,0.836836,0.248311,-0.186089,-0.377643,0.907058,-0.014254,0.003815,0.004803,0.001362,0.011656,-0.03732,0.522895,0.095589,0.043545,-0.081017,0.28439,-0.958644,-0.011057,0.940697,0.281254,-0.189694,0.184959,0.043546,0.98178,0.018476,0.085653,-0.047783,1.704285,-2.190819,-3.840378,-1.15579
440,0.189497,0.017359,0.284829,-0.231292,0.965306,-0.12138,-0.931817,-0.255604,-0.257597,-0.279405,0.052321,0.958761,0.022424,0.168113,-0.077123,0.986942,-2.879688,-2.653484,-1.912106,-0.193553,-0.019144,0.324903,-0.867778,-0.439829,0.231307,0.496545,-0.751894,0.433627,-0.015712,0.491701,0.870544,-0.02848,0.00741,0.009313,-0.002357,0.015982,-0.033606,0.534823,0.030757,0.034892,-0.01915,0.853283,0.392799,0.342952,-0.48558,0.838263,0.248045,-0.190053,-0.378183,0.906011,-0.006991,0.003554,0.004031,-0.012379,0.098828,-0.178217,0.522405,0.096037,0.046865,-0.082607,0.379589,-0.917792,-0.11648,0.894354,0.396249,-0.207647,0.236732,-0.025354,0.971243,0.011531,0.078643,-0.034533,-0.408723,-1.292301,-2.359932,-1.140114
441,0.190342,0.023391,0.28209,-0.335271,0.914985,-0.224589,-0.89316,-0.384474,-0.233273,-0.299381,0.121244,0.946413,0.022345,0.156377,-0.069116,0.348273,-0.351412,-7.698985,-1.913649,-0.194164,-0.018806,0.325209,-0.879682,-0.413468,0.234937,0.475439,-0.764627,0.435013,0.000881,0.494893,0.868875,-0.013985,0.006647,0.007546,0.114551,0.231825,0.403086,0.531552,0.030446,0.035063,-0.018994,0.861376,0.366642,0.351573,-0.464279,0.849067,0.25205,-0.206097,-0.380338,0.90159,-0.006958,0.003915,0.004368,0.371264,0.851561,1.27512,0.522405,0.09646,0.049894,-0.083972,0.474697,-0.853254,-0.215914,0.838045,0.513143,-0.185373,0.268965,-0.09295,0.958653,0.011283,0.07845,-0.034363,0.647236,-3.261554,-2.664142,-1.133745
442,0.190804,0.026342,0.280964,-0.406737,0.867341,-0.286931,-0.851838,-0.473491,-0.223945,-0.329597,0.15225,0.93178,0.036398,0.153675,-0.052571,2.626101,-3.106871,-7.203868,-1.914749,-0.194426,-0.018651,0.325352,-0.886233,-0.398474,0.23622,0.463023,-0.772373,0.434723,0.010338,0.495144,0.868671,0.000554,0.006863,0.00678,-0.009921,0.085704,-0.145781,0.530102,0.030309,0.03514,-0.018923,0.866224,0.350923,0.355679,-0.450769,0.855945,0.253306,-0.215551,-0.379749,0.899626,-0.006989,0.003284,0.003741,0.00487,-0.004406,-0.003395,0.522405,0.096686,0.051358,-0.084555,0.542664,-0.794849,-0.27153,0.784162,0.595267,-0.175343,0.301005,-0.117771,0.946321,0.011134,0.082748,-0.02948,1.493741,-3.762917,-3.126456,-1.117253
443,0.191759,0.032774,0.279873,-0.446811,0.774962,-0.447034,-0.779758,-0.58224,-0.230099,-0.438051,0.2448,0.864992,0.022074,0.16866,-0.015869,1.212474,-4.836423,-1.063489,-1.915409,-0.194807,-0.018364,0.325647,-0.89251,-0.382068,0.23967,0.450459,-0.77893,0.436221,0.021142,0.497774,0.86697,0.000591,0.007223,0.007114,-0.000295,0.017461,0.071767,0.529514,0.030119,0.035284,-0.018773,0.869955,0.334632,0.362212,-0.438211,0.861461,0.256621,-0.226158,-0.381975,0.896072,0.000296,0.003603,0.003558,0.026771,-0.004165,0.065093,0.522732,0.097162,0.054489,-0.085132,0.580048,-0.694043,-0.426435,0.695472,0.694504,-0.184341,0.424102,-0.189647,0.885534,0.011111,0.084795,-0.007416,0.734868,-4.548547,-0.075366,-1.108109
444,0.192487,0.039263,0.279208,-0.468241,0.673657,-0.571823,-0.719862,-0.666054,-0.195299,-0.511855,0.319345,0.797528,0.020848,0.182564,-0.020492,0.293332,-1.384434,-4.812848,-1.915596,-0.195052,-0.018065,0.325988,-0.89692,-0.37018,0.241853,0.441226,-0.783192,0.438022,0.028397,0.500049,0.865452,0.0007,0.008499,0.008345,-0.011219,0.086412,-0.145818,0.530836,0.029996,0.035433,-0.018604,0.872666,0.32284,0.366369,-0.429036,0.865201,0.259528,-0.233197,-0.383667,0.893542,0.000354,0.004295,0.004226,0.001732,0.07484,-0.150276,0.522732,0.097527,0.05774,-0.085436,0.5909,-0.589894,-0.550328,0.621569,0.767757,-0.155561,0.514283,-0.250146,0.820328,0.010492,0.091158,-0.010521,2.11479,-2.36215,-5.376149,-1.099455
445,0.192847,0.04299,0.27897,-0.496767,0.608194,-0.619168,-0.682313,-0.714525,-0.154517,-0.535776,0.344947,0.770703,0.006253,0.210266,-0.010017,1.322659,-1.509024,-6.276313,-1.916181,-0.195116,-0.017908,0.326148,-0.901615,-0.357732,0.243124,0.431064,-0.787755,0.439954,0.035269,0.501922,0.864114,0.000584,0.007077,0.006938,-0.111254,0.125805,0.142229,0.528078,0.029965,0.035512,-0.018523,0.875664,0.310742,0.369661,-0.419232,0.869097,0.262515,-0.239697,-0.384849,0.891311,0.000283,0.003423,0.00336,-0.145853,0.235068,0.231219,0.522732,0.097722,0.059642,-0.085586,0.610114,-0.519652,-0.598098,0.576262,0.809111,-0.115149,0.543766,-0.274407,0.793106,0.009949,0.106011,-0.004555,1.665289,-3.28229,-4.581468,-1.098312
446,0.19374,0.05232,0.279484,-0.534375,0.451725,-0.714445,-0.604394,-0.795053,-0.050704,-0.590268,0.404145,0.698768,0.030986,0.249187,0.02692,0.271969,-3.527349,-1.963475,-1.916069,-0.195118,-0.017721,0.32639,-0.90806,-0.336782,0.248991,0.415545,-0.797656,0.437037,0.052564,0.500748,0.863917,0.000376,0.004567,0.004468,0.010339,0.018716,-0.007771,0.525189,0.029964,0.035609,-0.0184,0.878809,0.289842,0.379058,-0.40225,0.877315,0.261749,-0.256688,-0.382504,0.887581,0.000215,0.002575,0.002521,0.040267,0.041266,-0.003295,0.522895,0.098161,0.064275,-0.085361,0.633103,-0.353436,-0.688667,0.477675,0.878458,-0.011705,0.609102,-0.321549,0.724982,0.015564,0.126086,0.01487,2.713437,-3.462705,-5.430317,-1.108762
