frame,MLTx,MLTy,MLTz,MLTR1,MLTR2,MLTR3,MLTR4,MLTR5,MLTR6,MLTR7,MLTR8,MLTR9,MLTTVx,MLTTVy,MLTTVz,MLTRVx,MLTRVy,MLTRVz,MLGA,MRTx,MRTy,MRTz,MRTR1,MRTR2,MRTR3,MRTR4,MRTR5,MRTR6,MRTR7,MRTR8,MRTR9,MRTTVx,MRTTVy,MRTTVz,MRTRVx,MRTRVy,MRTRVz,MRGA,SLTx,SLTy,SLTz,SLTR1,SLTR2,SLTR3,SLTR4,SLTR5,SLTR6,SLTR7,SLTR8,SLTR9,SLTTVx,SLTTVy,SLTTVz,SLTRVx,SLTRVy,SLTRVz,SLGA,SRTx,SRTy,SRTz,SRTR1,SRTR2,SRTR3,SRTR4,SRTR5,SRTR6,SRTR7,SRTR8,SRTR9,SRTTVx,SRTTVy,SRTTVz,SRTRVx,SRTRVy,SRTRVz,SRGA
321,0.064016,0.015311,0.356237,-0.202195,-0.202587,-0.958186,-0.943877,-0.220607,0.245763,-0.260928,0.954357,-0.145418,0.026573,-0.013271,0.007839,0.126959,0.682142,0.613801,0.504354,-0.118588,0.049166,0.3298,0.397336,-0.581006,0.710315,0.130145,0.801797,0.583196,-0.908845,-0.138555,0.393275,-0.00412,0.027082,-0.027714,0.033829,-0.015708,0.282912,-1.407255,0.035458,0.042982,-0.015954,-0.390681,0.553096,0.735834,-0.113553,-0.822214,0.557735,0.913495,0.134341,0.384029,-0.008294,0.012595,-0.013881,-0.023285,0.043237,0.334222,-0.803188,0.069208,0.032038,-0.062634,-0.15979,-0.163363,-0.973539,-0.912407,-0.352002,0.208823,-0.376802,0.921632,-0.092807,0.013959,-0.00132,-0.000445,0.279849,0.671887,-0.523969,0.207523
322,0.064636,0.015144,0.356274,-0.202465,-0.19086,-0.960534,-0.943492,-0.224752,0.243477,-0.262108,0.955792,-0.133373,0.039854,-0.016283,0.006015,0.093122,0.498899,0.547637,0.517215,-0.118875,0.049614,0.32926,0.396673,-0.588558,0.704444,0.133166,0.796083,0.590299,-0.908697,-0.139612,0.393246,-0.016294,0.023507,-0.029011,-0.102172,0.15678,0.37742,-1.407621,0.035306,0.043226,-0.016245,-0.390467,0.560743,0.730138,-0.11682,-0.816865,0.564875,0.913175,0.13527,0.384465,-0.008103,0.011591,-0.014617,-0.162343,0.217654,0.413278,-0.803351,0.069539,0.031949,-0.062613,-0.161129,-0.149712,-0.975511,-0.911508,-0.356403,0.205254,-0.378405,0.922259,-0.079037,0.019942,-0.008104,0.003019,0.101151,0.552369,0.589342,0.369181
323,0.066343,0.014765,0.35625,-0.189453,-0.164825,-0.96798,-0.945839,-0.234037,0.224917,-0.263388,0.958371,-0.110353,0.054335,-0.008876,-0.004742,0.095894,0.421426,0.617993,0.519675,-0.119399,0.050463,0.328009,0.407454,-0.594497,0.693215,0.126193,0.788357,0.602082,-0.904925,-0.157098,0.39534,-0.015452,0.018922,-0.032414,0.074977,-0.058488,0.206092,-1.407515,0.03505,0.043645,-0.016857,-0.400571,0.567512,0.719355,-0.10927,-0.80908,0.57745,0.909726,0.152705,0.386106,-0.007595,0.008829,-0.01667,0.102631,-0.069047,0.152238,-0.802534,0.070373,0.031764,-0.062621,-0.151504,-0.121606,-0.980946,-0.912354,-0.364649,0.186115,-0.380334,0.923169,-0.055702,0.020771,-0.002311,-0.000978,0.118024,0.567379,0.701316,0.490832
324,0.068102,0.014594,0.35616,-0.175274,-0.125987,-0.976448,-0.950058,-0.238454,0.201249,-0.257983,0.963116,-0.076684,0.042128,-0.002883,-0.000569,0.118342,0.755973,0.574087,0.519486,-0.119962,0.051164,0.326535,0.419421,-0.594486,0.68605,0.112839,0.783916,0.610473,-0.901227,-0.177887,0.39498,-0.014432,0.013236,-0.036705,-1.170625,-0.930048,-0.370773,-1.407759,0.034773,0.043995,-0.017577,-0.409954,0.569358,0.712578,-0.100791,-0.804738,0.585009,0.906519,0.168005,0.387292,-0.008015,0.011898,-0.022356,-0.144433,0.319805,0.24485,-0.800738,0.07124,0.031675,-0.06267,-0.14231,-0.082052,-0.986414,-0.915576,-0.367768,0.162681,-0.376121,0.92629,-0.022788,0.020963,-0.001724,-0.000539,0.153378,0.889566,0.885316,0.510754
325,0.069934,0.014409,0.356097,-0.164782,-0.082661,-0.982883,-0.953614,-0.241152,0.180102,-0.251715,0.967074,-0.037865,0.05491,-0.006901,-0.003307,0.235775,1.310642,-0.05264,0.521634,-0.120548,0.051781,0.325012,0.433321,-0.598871,0.673482,0.108206,0.776349,0.620893,-0.895214,-0.19542,0.400333,-0.014504,0.013608,-0.03645,0.010518,0.02992,0.242895,-1.407898,0.034482,0.044291,-0.018342,-0.427431,0.571862,0.700196,-0.091349,-0.797868,0.595869,0.89942,0.19073,0.393273,-0.007183,0.006538,-0.018409,-0.069184,0.113141,0.300625,-0.800248,0.072147,0.031589,-0.062696,-0.134435,-0.038463,-0.990175,-0.918893,-0.36917,0.139097,-0.370893,0.928565,0.014286,0.021039,-0.001395,-0.000313,0.097661,0.643408,0.511404,0.516469
326,0.070827,0.014355,0.356074,-0.160223,-0.062631,-0.985115,-0.95447,-0.244559,0.170733,-0.251421,0.967698,-0.019369,0.042477,-0.001591,0.000369,0.139485,0.970396,0.669988,0.520712,-0.12079,0.052095,0.324322,0.438642,-0.602272,0.666972,0.108261,0.772092,0.626168,-0.892617,-0.201702,0.403006,-0.014837,0.015484,-0.035024,0.058438,0.036004,0.087745,-1.407959,0.034356,0.044453,-0.018707,-0.432442,0.575897,0.693783,-0.091269,-0.793456,0.601744,0.89703,0.196899,0.395685,-0.001185,0.00884,-0.017345,0.114032,-0.236871,0.442237,-0.800901,0.072618,0.031554,-0.062712,-0.135171,-0.017064,-0.990674,-0.918691,-0.372349,0.131762,-0.371126,0.927935,0.034654,0.021254,-0.000781,0.000167,0.160496,1.118669,0.696102,0.517612
327,0.072534,0.014329,0.35609,-0.155422,-0.024316,-0.987572,-0.955446,-0.25022,0.156474,-0.250729,0.967924,0.016887,0.030015,0.003764,0.004059,0.071546,0.603428,0.247182,0.519684,-0.121143,0.052734,0.322995,0.447165,-0.607022,0.656932,0.100251,0.763735,0.637646,-0.889326,-0.218513,0.401514,-0.000879,0.007634,-0.026345,-0.059991,0.058141,0.284064,-1.40834,0.034174,0.044774,-0.019375,-0.441375,0.580599,0.684172,-0.083191,-0.785652,0.613048,0.893457,0.213668,0.395068,-0.007614,0.008962,-0.016567,-0.077723,0.208596,0.166124,-0.802044,0.07346,0.031538,-0.062707,-0.134924,0.023417,-0.990578,-0.918756,-0.377332,0.116222,-0.371056,0.925781,0.072425,0.021366,-0.000318,0.000504,0.10964,0.766753,0.499278,0.516796
328,0.074074,0.014406,0.356203,-0.156459,0.00958,-0.987661,-0.95558,-0.254324,0.148856,-0.249573,0.967069,0.050176,0.043497,0.001804,0.002935,0.069847,0.614473,0.180264,0.519923,-0.121505,0.05312,0.321839,0.470702,-0.603672,0.643437,0.081306,0.755749,0.649743,-0.879078,-0.252761,0.403976,-0.000727,0.006736,-0.027073,-3.467192,-3.817453,-1.864651,-1.408459,0.033992,0.044971,-0.019949,-0.461066,0.580566,0.671089,-0.068443,-0.777285,0.625414,0.884722,0.242426,0.398116,-0.006609,0.002518,-0.013487,0.188099,-0.630434,0.846743,-0.801881,0.074242,0.031578,-0.062649,-0.140114,0.056643,-0.988513,-0.918261,-0.380866,0.108332,-0.370355,0.922893,0.105378,0.021876,0.001257,0.001724,0.09074,0.824455,0.081987,0.516959
329,0.074845,0.014513,0.356275,-0.162197,0.02334,-0.986505,-0.954841,-0.255901,0.150883,-0.248733,0.966401,0.065021,0.043816,0.002881,0.003748,0.09522,1.739175,-2.2721,0.51867,-0.121703,0.053208,0.321275,0.484729,-0.59864,0.637698,0.072649,0.754008,0.652785,-0.8722,-0.269343,0.408148,-0.012887,0.002938,-0.028654,-3.4415,-3.69348,-2.133435,-1.408584,0.033903,0.045018,-0.020218,-0.475488,0.575565,0.665308,-0.059974,-0.775719,0.628221,0.877675,0.25881,0.403364,-0.006403,0.001325,-0.014425,0.072522,0.028158,-0.04921,-0.803024,0.074615,0.031629,-0.062616,-0.144629,0.069286,-0.987056,-0.917767,-0.382249,0.107645,-0.369843,0.921458,0.118873,0.021902,0.001419,0.001833,0.062865,0.404652,0.388143,0.516959
330,0.076113,0.014805,0.356543,-0.179884,0.043382,-0.982754,-0.952289,-0.258057,0.162862,-0.246325,0.965111,0.088957,0.030335,-0.001969,0.016476,-0.022799,0.175134,-0.072403,0.508646,-0.122246,0.05312,0.319933,0.539187,-0.580054,0.610579,0.043494,0.743094,0.667723,-0.841689,-0.332738,0.425097,-0.012566,0.002106,-0.045632,-0.11153,-0.908989,0.571608,-1.408387,0.033619,0.044992,-0.020898,-0.533889,0.554583,0.638278,-0.026448,-0.765447,0.642954,0.845141,0.326385,0.423331,-0.00617,0.000438,-0.023276,-0.107478,-0.947941,0.617196,-0.803841,0.075266,0.031779,-0.062485,-0.167675,0.087508,-0.98195,-0.914783,-0.385117,0.121885,-0.3675,0.918709,0.144625,0.009453,0.00663,0.005449,-0.00419,0.20913,-0.306303,0.511407
331,0.077083,0.015285,0.357034,-0.209581,0.057467,-0.976124,-0.947185,-0.259732,0.188023,-0.242473,0.963907,0.110083,0.019461,0.015072,0.01226,-0.006464,0.256077,-0.438828,0.506628,-0.122909,0.052465,0.317697,0.623369,-0.551865,0.553937,0.020158,0.719411,0.694244,-0.782402,-0.420905,0.458855,-0.022665,-0.013624,-0.073457,-2.812268,-4.668355,-1.519572,-1.408602,0.033292,0.04469,-0.021973,-0.615362,0.530702,0.582824,-0.006564,-0.742819,0.669459,0.788217,0.408134,0.460586,-0.016603,-0.014276,-0.033738,0.30561,-2.013633,2.457352,-0.803677,0.075748,0.032011,-0.062246,-0.198578,0.09662,-0.97531,-0.909998,-0.387727,0.146869,-0.363964,0.916696,0.164918,0.009794,0.007729,0.006267,-0.01101,0.229695,-0.458651,0.501446
332,0.077584,0.015677,0.35758,-0.239079,0.066958,-0.968712,-0.939861,-0.266573,0.213478,-0.243649,0.961411,0.127871,0.004475,0.012838,0.010009,-0.007996,0.266352,-0.468576,0.520491,-0.1239,0.051093,0.314481,0.704747,-0.526668,0.475335,0.024463,0.687505,0.725722,-0.70988,-0.499152,0.49677,-0.019074,-0.037084,-0.093743,-0.312927,-3.637844,2.318057,-1.408523,0.032787,0.044002,-0.023605,-0.700882,0.504328,0.504397,-0.00678,-0.711833,0.702315,0.713244,0.48882,0.50233,-0.009276,-0.019841,-0.04792,-0.319498,-3.617961,2.284394,-0.810209,0.076016,0.032225,-0.061952,-0.229673,0.101655,-0.967943,-0.902187,-0.395325,0.172553,-0.365112,0.912898,0.182507,0.002134,0.006148,0.004782,-0.008957,0.257396,-0.469394,0.512387
333,0.077742,0.015645,0.357776,-0.249054,0.072702,-0.96578,-0.937831,-0.267017,0.221691,-0.241461,0.960863,0.135888,0.000607,-0.005568,0.012654,-0.039678,0.31613,-0.499699,0.521794,-0.124287,0.050038,0.312578,0.744845,-0.507217,0.433506,0.027847,0.672625,0.739415,-0.667553,-0.538031,0.514547,-0.015556,-0.060848,-0.097814,-0.236407,-3.803615,2.509968,-1.409098,0.032593,0.043476,-0.024555,-0.74149,0.485932,0.462669,-0.009976,-0.697466,0.716547,0.67089,0.526697,0.522012,-0.007516,-0.031697,-0.049955,-0.241274,-3.785844,2.481057,-0.809393,0.076099,0.03222,-0.061852,-0.239857,0.106096,-0.964992,-0.900339,-0.39611,0.180236,-0.363122,0.912052,0.190532,0.006553,-0.005124,0.004704,-0.046866,0.288271,-0.509816,0.515653
334,0.077967,0.015169,0.357822,-0.268696,0.07805,-0.960081,-0.933373,-0.267316,0.239434,-0.23763,0.960354,0.145874,0.010326,-0.011027,-0.008182,-0.005559,0.195358,-0.341692,0.520133,-0.124599,0.04721,0.308435,0.811922,-0.452249,0.369113,0.018561,0.651815,0.758107,-0.584456,-0.608092,0.53712,0.000661,-0.083591,-0.104857,-0.061459,-1.249663,0.895392,-1.409245,0.032439,0.042079,-0.026598,-0.809046,0.432505,0.397973,-3e-05,-0.67715,0.735844,0.587744,0.59532,0.547859,-0.005884,-0.043662,-0.053188,-0.51428,-2.31654,0.335921,-0.820986,0.07621,0.031996,-0.061818,-0.259963,0.108215,-0.959535,-0.896209,-0.396975,0.198035,-0.359482,0.911427,0.200182,0.005009,-0.005947,-0.004432,-0.008543,0.292362,-0.515362,0.518755
335,0.078011,0.014648,0.357574,-0.280126,0.085333,-0.956187,-0.929235,-0.274101,0.247714,-0.240612,0.957809,0.15727,-0.003513,-0.010125,-0.007924,0.024659,0.348471,-0.293578,0.506588,-0.124264,0.044007,0.30426,0.863371,-0.397688,0.310524,0.010919,0.629819,0.776622,-0.505505,-0.666609,0.547686,0.013224,-0.080116,-0.10706,-0.407736,-2.139137,0.313919,-1.409981,0.032605,0.040455,-0.028702,-0.860514,0.380694,0.338507,0.007049,-0.655524,0.75514,0.509377,0.652196,0.561404,0.006657,-0.040506,-0.05363,-1.643642,-5.037722,-1.961564,-0.836009,0.076231,0.031715,-0.061951,-0.27257,0.113677,-0.955396,-0.891299,-0.403795,0.206238,-0.36234,0.907758,0.211382,-0.001889,-0.00545,-0.004268,0.035493,0.394208,-0.272486,0.509448
336,0.077974,0.014465,0.357394,-0.284818,0.082876,-0.955016,-0.92494,-0.285384,0.251027,-0.251396,0.954728,0.159129,-0.0032,-0.00922,-0.00723,0.475527,-0.133427,-0.059905,0.499475,-0.123996,0.042532,0.302112,0.886991,-0.361991,0.286708,0.000406,0.621274,0.783551,-0.462871,-0.694416,0.550817,0.012312,-0.074331,-0.10361,-1.767209,-4.922261,-2.052415,-1.410091,0.032736,0.039731,-0.029749,-0.882943,0.348567,0.314504,0.015143,-0.648404,0.761145,0.469236,0.67681,0.567226,0.005319,-0.031132,-0.055049,-0.881549,-1.699532,0.279451,-0.838458,0.076212,0.031621,-0.062043,-0.277534,0.11141,-0.954233,-0.886232,-0.413151,0.209519,-0.370901,0.903821,0.213399,-0.000985,0.000477,-0.007973,5.338525,-2.688257,1.329558,0.500793
337,0.077932,0.014237,0.357037,-0.286402,0.082516,-0.954573,-0.921306,-0.297203,0.250674,-0.262669,0.951147,0.162332,-0.00146,0.00313,-0.014618,0.031117,0.082014,-0.163353,0.490951,-0.124051,0.040171,0.298237,0.923643,-0.30629,0.230351,0.002892,0.606353,0.795149,-0.384377,-0.733368,0.560615,-0.003172,-0.062713,-0.093872,-1.141077,-5.313653,-1.847613,-1.41058,0.03272,0.038481,-0.031776,-0.921782,0.291858,0.255217,0.01429,-0.63225,0.774631,0.387443,0.717689,0.578627,-0.001748,-0.03096,-0.046304,-1.10425,-5.367819,-1.793383,-0.837315,0.076188,0.031495,-0.062225,-0.278582,0.110135,-0.954076,-0.880558,-0.425877,0.207954,-0.383417,0.898052,0.215622,0.005322,-0.005116,-0.003811,-0.003491,0.057269,-0.108269,0.487567
338,0.077954,0.014028,0.356646,-0.28529,0.080355,-0.955091,-0.919812,-0.30301,0.249203,-0.26903,0.949501,0.161548,-0.003041,-0.008757,-0.006912,-0.000439,0.014206,-0.02507,0.480973,-0.124605,0.038258,0.294791,0.951581,-0.255251,0.171265,0.01079,0.584243,0.811467,-0.308384,-0.769991,0.55846,-0.019989,-0.04434,-0.07639,-0.353949,-3.14781,2.184264,-1.410249,0.03246,0.037543,-0.033457,-0.948943,0.244779,0.198967,0.007724,-0.612532,0.790407,0.315349,0.751589,0.579368,-0.003339,-0.020723,-0.037699,-0.624497,-0.460304,0.76942,-0.842377,0.076201,0.031397,-0.062416,-0.277348,0.108128,-0.954665,-0.878284,-0.43134,0.206303,-0.389478,0.895686,0.214599,-0.001518,-0.004382,-0.003462,-0.001354,0.017387,-0.030296,0.473034
339,0.078015,0.013727,0.356234,-0.286407,0.078727,-0.954892,-0.917727,-0.308834,0.249742,-0.274893,0.947762,0.161893,-0.003493,-0.010063,-0.007973,-0.000437,0.014215,-0.025066,0.468805,-0.125048,0.036902,0.292491,0.967787,-0.225886,0.111155,0.033634,0.553179,0.832343,-0.250721,-0.801491,0.542784,-0.008441,-0.03298,-0.049566,-0.903305,-1.570738,0.37265,-1.410357,0.032228,0.03684,-0.03465,-0.967614,0.213412,0.134819,-0.015063,-0.581951,0.813083,0.25198,0.784721,0.566319,-0.004463,-0.015636,-0.023739,-1.445819,-4.58321,-1.802931,-0.84352,0.07623,0.031245,-0.062629,-0.278337,0.106361,-0.954576,-0.875461,-0.43691,0.206587,-0.395091,0.893194,0.214723,-0.001764,-0.005099,-0.004042,-0.000856,0.014448,-0.025101,0.458174
340,0.078007,0.01353,0.356054,-0.287305,0.077114,-0.954754,-0.915752,-0.314337,0.250124,-0.280477,0.946085,0.162119,0.009478,-0.013681,-0.010406,0.000114,0.013718,-0.020578,0.463819,-0.125064,0.036288,0.291726,0.975224,-0.205889,0.080865,0.044178,0.539044,0.841079,-0.217987,-0.816391,0.53465,0.005269,-0.03395,-0.034059,-0.677807,-1.745703,0.280534,-1.409844,0.032215,0.036535,-0.035037,-0.975201,0.195396,0.103935,-0.025911,-0.567187,0.82318,0.219797,0.800074,0.558184,0.002346,-0.016084,-0.015949,-1.173789,-4.954053,-1.732151,-0.843847,0.076222,0.031152,-0.062715,-0.279009,0.104632,-0.95457,-0.872813,-0.442145,0.206648,-0.400437,0.890819,0.214687,-0.001627,-0.004697,-0.003732,-0.000897,0.01504,-0.025314,0.451643
341,0.077883,0.013162,0.355787,-0.288126,0.077298,-0.954491,-0.915551,-0.314335,0.25086,-0.280288,0.946071,0.162529,-0.003061,-0.008806,-0.007016,-0.000437,0.014215,-0.025066,0.46265,-0.124531,0.03531,0.290925,0.984769,-0.170251,0.035159,0.059199,0.517968,0.853311,-0.164731,-0.837999,0.520081,0.01776,-0.026328,-0.00979,-0.256013,-0.574379,0.808459,-1.410131,0.032477,0.036046,-0.035445,-0.985329,0.160828,0.057086,-0.040651,-0.546062,0.836757,0.165747,0.822161,0.54459,0.015497,-0.011245,-0.003944,-0.242392,-0.879928,0.690408,-0.846133,0.076163,0.030959,-0.062855,-0.279872,0.104706,-0.954309,-0.872629,-0.442154,0.207405,-0.400235,0.890806,0.215116,-0.001516,-0.004371,-0.003482,-0.000802,0.0143,-0.024983,0.444621
342,0.077827,0.012919,0.355568,-0.288829,0.075631,-0.954413,-0.913593,-0.319814,0.251077,-0.285894,0.94437,0.162658,-0.001752,-0.005038,-0.004024,9e-06,-2e-06,-2e-06,0.466954,-0.123585,0.034455,0.290788,0.992905,-0.118813,-0.00369,0.064579,0.512111,0.85645,-0.101123,-0.850444,0.516123,0.031651,-0.027222,0.006117,-0.018794,-1.785911,-0.389078,-1.409841,0.032937,0.035636,-0.035508,-0.992988,0.116977,0.016983,-0.049301,-0.540446,0.839932,0.107431,0.833206,0.542424,0.014846,-0.006841,0.000482,0.059601,-0.434037,0.484715,-0.846623,0.076134,0.030835,-0.062966,-0.280359,0.102954,-0.954357,-0.869996,-0.447353,0.207316,-0.405591,0.888411,0.214989,0.005622,-0.004337,-0.003231,0.000222,0.000361,0.004213,0.445601
343,0.077877,0.012786,0.355465,-0.289126,0.073904,-0.954458,-0.911721,-0.325213,0.250943,-0.291504,0.942663,0.162597,0.011251,-0.00866,-0.006453,0.145985,-0.136058,0.15321,0.470478,-0.123079,0.034111,0.290924,0.994744,-0.100109,-0.021267,0.070009,0.512735,0.855649,-0.076012,-0.852497,0.517044,0.030853,-0.021954,0.011468,-0.03348,-0.297535,0.310669,-1.409492,0.033191,0.035461,-0.035443,-0.995672,0.092913,-0.001604,-0.051905,-0.541743,0.838939,0.07708,0.835392,0.544222,0.01541,-0.010743,0.005944,-0.017249,-0.677627,0.05274,-0.844663,0.076156,0.030775,-0.063013,-0.280562,0.101365,-0.954467,-0.867651,-0.452013,0.207038,-0.410446,0.886232,0.214767,0.005602,-0.004433,-0.003295,1.599888,-0.429007,-0.259635,0.447071
344,0.078232,0.012363,0.355207,-0.288565,0.072101,-0.954765,-0.910083,-0.330448,0.25005,-0.297121,0.940983,0.162164,0.023617,-0.014211,-0.010444,5.278065,-1.397125,-0.862164,0.480418,-0.12223,0.033472,0.291467,0.99726,-0.051591,-0.052942,0.072115,0.515747,0.853662,-0.018,-0.855057,0.518089,0.016394,-0.017746,0.017727,0.242179,-4.858758,-2.687272,-1.408352,0.033626,0.035142,-0.035165,-0.998086,0.050894,-0.035109,-0.057196,-0.544355,0.836902,0.023481,0.837309,0.546224,0.014947,-0.007766,0.008978,-0.050005,-0.139165,0.180901,-0.835519,0.07633,0.030569,-0.063138,-0.279468,0.101263,-0.954799,-0.867757,-0.452273,0.206024,-0.410968,0.886111,0.214268,0.005197,-0.005604,-0.004263,0.000168,-0.000383,0.004554,0.457031
345,0.079028,0.011775,0.354857,-0.287084,0.071995,-0.95522,-0.910529,-0.330232,0.248707,-0.297188,0.941067,0.161549,0.023798,-0.01383,-0.010175,0.001524,-0.015219,0.034038,0.478514,-0.121467,0.032766,0.292353,0.996449,-0.021544,-0.081338,0.080819,0.518094,0.851458,0.022533,-0.854963,0.518067,0.015742,-0.01365,0.021896,0.095657,-0.681272,0.799049,-1.407692,0.034007,0.034793,-0.034719,-0.997832,0.015866,-0.063866,-0.062129,-0.547004,0.834821,-0.02169,0.836979,0.546804,0.008728,-0.012527,0.014576,0.383033,-1.814069,2.070062,-0.835682,0.076735,0.030266,-0.063319,-0.278168,0.099629,-0.955351,-0.865605,-0.457122,0.204365,-0.416352,0.883805,0.213397,0.011911,-0.006895,-0.005084,0.001142,-0.015099,0.034108,0.46291
346,0.080221,0.011141,0.354508,-0.298885,0.077406,-0.951169,-0.907554,-0.331154,0.258175,-0.294635,0.940306,0.170413,0.037739,-0.01498,-0.010672,0.022081,0.192205,-0.096854,0.483889,-0.120628,0.032178,0.293245,0.992693,0.031351,-0.116486,0.082948,0.524796,0.847138,0.086429,-0.850632,0.518477,0.015765,-0.013703,0.021835,-0.023043,-0.178482,0.202897,-1.406929,0.034426,0.034505,-0.034267,-0.994162,-0.036049,-0.10169,-0.06484,-0.553694,0.830191,-0.086232,0.831939,0.548125,0.014634,-0.005725,0.011047,0.097313,-0.607874,0.723785,-0.835846,0.077308,0.029957,-0.063488,-0.289958,0.10318,-0.95146,-0.862852,-0.458265,0.213258,-0.414017,0.882805,0.221907,0.019077,-0.006889,-0.004869,-0.015594,1.465727,-2.219237,0.463563
347,0.080837,0.010895,0.354357,-0.30748,0.07913,-0.948283,-0.9052,-0.331574,0.265787,-0.293019,0.940013,0.174763,0.038326,-0.013307,-0.009344,-0.001757,0.10665,-0.173354,0.488754,-0.120163,0.031829,0.293708,0.988521,0.072234,-0.132667,0.074816,0.529552,0.844932,0.130029,-0.845233,0.518205,0.029451,-0.012561,0.020994,0.446535,-1.826007,2.142202,-1.406162,0.034664,0.034328,-0.034024,-0.989998,-0.07637,-0.11862,-0.05614,-0.558111,0.827864,-0.129427,0.826244,0.548242,0.014744,-0.006305,0.010459,0.444141,-1.817372,2.120866,-0.836825,0.077639,0.029823,-0.063571,-0.299549,0.10384,-0.948412,-0.860412,-0.458939,0.221506,-0.412262,0.882378,0.22682,0.019221,-0.006493,-0.004563,-0.00578,0.087963,-0.171328,0.468788
348,0.082016,0.010525,0.354151,-0.322487,0.088027,-0.942496,-0.901123,-0.333384,0.277137,-0.289424,0.93857,0.188011,0.026479,-0.006139,-0.004047,0.040624,0.232128,-0.022103,0.505457,-0.119357,0.030804,0.294654,0.983928,0.088235,-0.155217,0.08715,0.521992,0.848447,0.154632,-0.848432,0.506078,0.01827,-0.0294,0.024838,-0.712787,0.258867,0.231725,-1.406021,0.035052,0.033845,-0.03357,-0.985409,-0.09359,-0.142153,-0.0673,-0.552888,0.830532,-0.156324,0.827982,0.538524,0.015891,-0.013605,0.012513,-0.329306,0.107618,0.100962,-0.841071,0.078217,0.029638,-0.063676,-0.315485,0.11007,-0.942524,-0.856333,-0.460973,0.232801,-0.408854,0.88056,0.239687,0.013296,-0.00291,-0.001914,0.055185,0.384739,-0.157768,0.48626
349,0.083013,0.010247,0.354101,-0.328969,0.098237,-0.939242,-0.899582,-0.335179,0.279965,-0.286909,0.936903,0.199808,0.027138,-0.004141,-0.002453,0.016771,0.136194,-0.076009,0.519071,-0.118318,0.029475,0.295932,0.974452,0.13293,-0.181007,0.087581,0.517681,0.85104,0.205591,-0.845302,0.493012,0.019499,-0.037494,0.035571,-0.416625,-0.405161,0.065318,-1.405862,0.035587,0.033148,-0.032915,-0.976021,-0.135874,-0.170057,-0.069228,-0.546921,0.834316,-0.20637,0.826084,0.5244,0.009734,-0.018674,0.017847,-0.462647,-0.398668,0.052187,-0.828334,0.078716,0.029499,-0.0637,-0.323153,0.11993,-0.938716,-0.854692,-0.462852,0.235094,-0.406292,0.878284,0.252075,0.013097,-0.007223,0.003249,-0.034782,0.100482,-0.088044,0.507162
350,0.083541,0.010063,0.354125,-0.330466,0.107445,-0.937706,-0.899534,-0.336617,0.278387,-0.285333,0.935364,0.20906,0.026091,-0.014767,0.006265,0.039175,0.36385,0.025537,0.519279,-0.11775,0.028542,0.29671,0.962697,0.174882,-0.206453,0.08722,0.522073,0.84839,0.254922,-0.834953,0.487576,0.035254,-0.04901,0.040854,0.341798,-2.725854,1.935457,-1.405233,0.035857,0.032705,-0.032537,-0.965153,-0.175576,-0.19404,-0.067119,-0.550603,0.832064,-0.25293,0.816093,0.519632,0.010667,-0.025805,0.020065,0.524276,-4.873471,-2.275723,-0.821476,0.078981,0.029413,-0.06369,-0.325853,0.128108,-0.9367,-0.854373,-0.464125,0.233738,-0.404802,0.876456,0.260689,0.013652,-0.001818,-0.001046,0.095745,0.40496,0.107448,0.51255
351,0.084556,0.009572,0.354294,-0.328661,0.127943,-0.935766,-0.901076,-0.339289,0.270031,-0.282545,0.931787,0.227965,0.02618,-0.014539,0.006433,0.117383,0.640491,0.179698,0.519614,-0.116732,0.026158,0.298669,0.937472,0.231493,-0.259903,0.103777,0.527125,0.843388,0.33104,-0.817901,0.470439,0.022813,-0.058478,0.052382,-0.393364,-0.169765,0.332078,-1.404639,0.036364,0.03153,-0.031589,-0.939607,-0.231078,-0.252467,-0.085417,-0.555993,0.826786,-0.331422,0.798419,0.502677,0.011448,-0.02953,0.025889,-0.334329,-0.526205,0.19157,-0.83258,0.07948,0.029175,-0.063607,-0.326666,0.146816,-0.933666,-0.855346,-0.466182,0.225958,-0.402084,0.872421,0.277865,0.012955,-0.007687,0.002862,0.15459,0.805723,0.26796,0.515
352,0.085466,0.008861,0.35458,-0.303728,0.147054,-0.941366,-0.909021,-0.340648,0.240022,-0.285008,0.928442,0.238314,0.011862,-0.014864,0.005742,0.439282,-0.454101,2.655178,0.519443,-0.115985,0.023971,0.300742,0.930368,0.24826,-0.269768,0.105752,0.523077,0.845661,0.349862,-0.815601,0.460711,0.022648,-0.057199,0.053837,-0.181716,-0.217857,0.257009,-1.405437,0.036745,0.030419,-0.030529,-0.932756,-0.246696,-0.262881,-0.0877,-0.552016,0.829208,-0.349677,0.796503,0.493261,0.011238,-0.028285,0.027226,-0.186938,-0.103025,0.098999,-0.83405,0.079952,0.028819,-0.063456,-0.30697,0.168741,-0.93664,-0.861913,-0.466622,0.198415,-0.403576,0.868211,0.288679,0.012271,-0.013579,0.006761,0.028598,0.362236,0.227223,0.516959
353,0.085957,0.008374,0.354788,-0.287954,0.156074,-0.944864,-0.913537,-0.340746,0.222066,-0.28695,0.926921,0.241877,0.024473,-0.027496,0.013284,0.163524,0.111208,1.030555,0.519362,-0.115467,0.0229,0.301739,0.929559,0.250131,-0.270825,0.106183,0.522083,0.84622,0.351869,-0.815668,0.459061,0.034865,-0.045233,0.04499,0.093867,-0.114646,-0.120738,-1.405725,0.036999,0.029883,-0.030023,-0.932153,-0.247766,-0.264012,-0.088733,-0.550616,0.830029,-0.351022,0.79714,0.491273,0.0115,-0.029643,0.025905,0.181761,-0.119461,-0.161755,-0.823599,0.080192,0.028578,-0.063358,-0.290485,0.181839,-0.939442,-0.866614,-0.466257,0.177717,-0.405706,0.865758,0.293025,0.012206,-0.013826,0.00656,0.404221,-0.693707,2.762942,0.517612
354,0.086832,0.007487,0.355139,-0.270449,0.179662,-0.945846,-0.91877,-0.341651,0.197755,-0.287291,0.922276,0.258647,0.024305,-0.028212,0.012706,0.107008,0.6371,0.375458,0.516104,-0.11435,0.021105,0.30319,0.92922,0.252973,-0.269343,0.100829,0.527909,0.843255,0.354319,-0.811031,0.465348,0.034732,-0.042246,0.029212,0.559963,-0.280869,-0.293467,-1.405485,0.037549,0.029008,-0.029289,-0.932263,-0.24947,-0.262009,-0.08366,-0.555935,0.827004,-0.351973,0.792905,0.497408,0.010591,-0.022758,0.013979,0.008539,-0.037621,-0.262681,-0.814944,0.080625,0.02814,-0.063184,-0.275648,0.206208,-0.938879,-0.871365,-0.46601,0.153476,-0.40588,0.860413,0.308137,0.012078,-0.014332,0.006153,0.151045,0.830293,0.447852,0.515326
355,0.087362,0.006803,0.35545,-0.260777,0.204557,-0.943502,-0.921946,-0.34266,0.180472,-0.286068,0.916669,0.279126,0.011693,-0.015633,0.005123,0.108192,0.433708,0.444446,0.503957,-0.11323,0.020053,0.303641,0.927316,0.255139,-0.273825,0.102352,0.531105,0.841062,0.35883,-0.808264,0.466705,0.03039,-0.013129,0.001639,-0.029558,-0.00836,0.013489,-1.405578,0.038117,0.028455,-0.029048,-0.931083,-0.254688,-0.261183,-0.077127,-0.562335,0.823304,-0.356558,0.786709,0.503938,0.015197,-0.006641,0.000725,0.022403,0.07553,-0.063479,-0.815924,0.080904,0.027783,-0.06302,-0.268953,0.233826,-0.934338,-0.874248,-0.466346,0.134948,-0.404171,0.853139,0.329847,0.00584,-0.007821,0.002547,0.106111,0.428268,0.441694,0.504059
356,0.087553,0.006162,0.355785,-0.253623,0.232587,-0.938948,-0.924442,-0.344007,0.164434,-0.284452,0.909419,0.303433,-0.002612,-0.023355,0.015837,0.069412,0.552986,0.251396,0.500701,-0.112334,0.019715,0.303462,0.927024,0.254557,-0.27535,0.10392,0.531375,0.840699,0.359133,-0.808269,0.466462,0.015653,-0.007929,-0.010038,-0.019195,0.13251,-0.178645,-1.40605,0.038571,0.028284,-0.029134,-0.931952,-0.253258,-0.25947,-0.075678,-0.563992,0.822304,-0.354594,0.785985,0.506447,0.007768,-0.003661,-0.00473,0.000561,0.056486,-0.055439,-0.817231,0.080999,0.027461,-0.062854,-0.265456,0.262251,-0.927769,-0.876296,-0.466908,0.118749,-0.402041,0.844524,0.353753,-0.001328,-0.011732,0.007869,0.064534,0.538688,0.244026,0.494588
357,0.08763,0.005865,0.355939,-0.250397,0.246581,-0.93624,-0.925551,-0.344627,0.156716,-0.283706,0.905473,0.315685,0.011733,-0.015593,0.00516,0.160804,0.730221,0.411068,0.500773,-0.112138,0.019587,0.303252,0.926015,0.253731,-0.279476,0.107288,0.533173,0.839136,0.360738,-0.807343,0.466828,0.001841,-0.009724,-0.009767,0.463851,-1.186391,2.419363,-1.405982,0.038675,0.028215,-0.029244,-0.932252,-0.252461,-0.259166,-0.075322,-0.565191,0.821513,-0.353879,0.785379,0.507885,0.007844,-0.004001,-0.005078,-0.002242,0.058416,-0.062103,-0.819353,0.081033,0.027319,-0.062779,-0.264203,0.274444,-0.924595,-0.877122,-0.46702,0.112014,-0.401063,0.840578,0.364109,-0.001394,-0.011954,0.007691,0.134631,0.830478,0.371102,0.493445
358,0.087775,0.005355,0.356119,-0.245967,0.266135,-0.93205,-0.927067,-0.345251,0.146013,-0.282633,0.899657,0.332808,-0.002061,-0.014108,0.00596,0.079039,0.460044,0.192265,0.50099,-0.111645,0.019517,0.303053,0.925055,0.250086,-0.285869,0.115619,0.531755,0.838929,0.360632,-0.809408,0.46332,0.027698,0.00344,-0.000759,-0.028616,-0.017168,0.071362,-1.406237,0.038909,0.028161,-0.029361,-0.933644,-0.247046,-0.259376,-0.077656,-0.567288,0.819849,-0.349681,0.78559,0.51046,0.00699,0.000536,-0.000525,0.004065,0.050308,0.014959,-0.822946,0.081111,0.02707,-0.062691,-0.262231,0.294671,-0.918913,-0.878408,-0.467142,0.100872,-0.399539,0.833634,0.381341,0.005736,-0.008231,0.002224,0.162492,0.71344,0.398581,0.492955
359,0.087927,0.004854,0.356189,-0.24294,0.277273,-0.929594,-0.9281,-0.345151,0.139543,-0.281864,0.896313,0.342348,0.010582,-0.019383,0.002092,-0.006028,0.012358,0.212169,0.498312,-0.110969,0.019643,0.303131,0.924574,0.24544,-0.291397,0.124848,0.527669,0.840185,0.358792,-0.813489,0.457566,0.013322,0.00445,0.002359,-0.317272,0.113681,0.154039,-1.406112,0.039257,0.028226,-0.029321,-0.935274,-0.241946,-0.25831,-0.080148,-0.566098,0.820432,-0.344729,0.788032,0.510065,0.013436,0.003862,0.001754,-0.265222,0.294845,0.017133,-0.823925,0.081183,0.026819,-0.06265,-0.260737,0.307443,-0.915147,-0.879369,-0.466828,0.093713,-0.398405,0.829186,0.392075,-0.001376,-0.008157,0.002085,-0.029354,0.066378,-0.021075,0.490996
360,0.088159,0.004207,0.356183,-0.240708,0.2857,-0.927621,-0.928946,-0.344754,0.134813,-0.280993,0.893807,0.349542,0.010142,-0.020879,0.000865,-0.007128,0.119255,0.043811,0.490276,-0.109886,0.02009,0.303389,0.923645,0.243788,-0.295699,0.133063,0.519819,0.843811,0.358238,-0.81902,0.448035,0.025695,0.013529,0.009333,-0.134853,-0.09861,0.087244,-1.405984,0.039795,0.028443,-0.029198,-0.937111,-0.23837,-0.254954,-0.081589,-0.56062,0.824043,-0.33936,0.793022,0.505915,0.019626,0.008359,0.005182,-0.022701,-0.242454,-0.214518,-0.825232,0.081298,0.026494,-0.062653,-0.259511,0.31543,-0.912774,-0.880196,-0.466161,0.089156,-0.397377,0.826557,0.398614,-0.001644,-0.009035,0.001367,-0.009741,0.130155,0.012461,0.484138
361,0.088268,0.003815,0.356158,-0.239889,0.288555,-0.926949,-0.929311,-0.344384,0.133238,-0.280489,0.893028,0.351928,0.009333,-0.02353,-0.001301,0.008647,0.195103,0.052055,0.489085,-0.109259,0.020537,0.30356,0.921889,0.2508,-0.295315,0.131229,0.515278,0.846877,0.363385,-0.819782,0.442462,0.036824,0.030608,0.005369,-0.099907,-0.014635,0.18582,-1.40636,0.040118,0.028672,-0.029109,-0.936833,-0.241555,-0.252971,-0.079723,-0.556735,0.826855,-0.340568,0.794793,0.50231,0.018346,0.015661,0.00302,-0.030404,0.026333,0.089733,-0.826212,0.081358,0.026293,-0.062663,-0.259107,0.318017,-0.91199,-0.880572,-0.465709,0.087784,-0.396806,0.825819,0.400706,0.00463,-0.011878,-0.000748,0.012843,0.206749,0.057976,0.480545
362,0.088456,0.002979,0.356102,-0.239294,0.28879,-0.92703,-0.929797,-0.343141,0.133055,-0.279387,0.893431,0.351784,0.009263,-0.023874,-0.001612,-0.034171,0.017171,-0.01157,0.48984,-0.108174,0.02183,0.303872,0.917936,0.271056,-0.289676,0.120547,0.505317,0.854434,0.376801,-0.819562,0.431511,0.02216,0.032266,0.009065,-0.505733,0.331701,-0.07248,-1.405834,0.040651,0.029309,-0.028953,-0.931385,-0.264382,-0.250245,-0.067638,-0.54977,0.832572,-0.357694,0.792372,0.494166,0.011059,0.016277,0.004661,-0.411926,-0.000851,-0.204655,-0.825395,0.081447,0.025881,-0.062694,-0.258525,0.31834,-0.912044,-0.881208,-0.464533,0.087643,-0.395775,0.826358,0.400617,-0.002201,-0.010863,-0.00014,-0.035429,0.029028,-0.042875,0.478422
363,0.088514,0.002153,0.35601,-0.239344,0.28908,-0.926926,-0.930119,-0.342126,0.133413,-0.278269,0.893726,0.351921,-0.003315,-0.010671,-0.008749,-0.000603,0.013792,-0.025298,0.488835,-0.107357,0.023111,0.30411,0.90828,0.297029,-0.294605,0.117462,0.495034,0.860859,0.400374,-0.816865,0.415085,0.022441,0.030215,0.006944,-0.367033,-1.131433,-0.240335,-1.406099,0.041058,0.029958,-0.028826,-0.924781,-0.290271,-0.246009,-0.054021,-0.539834,0.840035,-0.376642,0.790139,0.483548,0.009951,0.021426,0.000256,1.434249,-4.448178,-2.258104,-0.826865,0.08148,0.02546,-0.062739,-0.258613,0.318588,-0.911931,-0.881663,-0.463585,0.088073,-0.394699,0.826794,0.400777,-0.002203,-0.010881,-0.000169,-0.034767,0.031688,-0.041405,0.477443
364,0.088504,0.001725,0.356015,-0.239771,0.289305,-0.926746,-0.930231,-0.3416,0.133977,-0.277526,0.893853,0.352182,-0.00393,-0.020232,0.000906,-0.035195,0.031745,-0.041198,0.488832,-0.106973,0.023754,0.304276,0.902325,0.313561,-0.295771,0.112894,0.490519,0.864048,0.414855,-0.813423,0.407555,0.021804,0.032948,0.009605,-0.432404,0.002013,0.264671,-1.406136,0.04126,0.030286,-0.028745,-0.919906,-0.307056,-0.2439,-0.045206,-0.534792,0.843773,-0.389521,0.787219,0.478078,0.01089,0.016595,0.004913,-0.344271,0.181812,0.006876,-0.819027,0.081473,0.02524,-0.062742,-0.25909,0.318743,-0.911742,-0.881841,-0.46313,0.088684,-0.393988,0.82699,0.401073,-0.001952,-0.010069,0.000488,-0.034856,0.031702,-0.041394,0.4763
365,0.088489,0.000831,0.356113,-0.239522,0.292472,-0.925816,-0.930778,-0.340409,0.133211,-0.275905,0.893274,0.354916,-0.003679,-0.019433,0.001541,-0.034832,0.033123,-0.040459,0.49603,-0.106163,0.025043,0.304852,0.892195,0.340493,-0.296721,0.107931,0.477414,0.871987,0.437418,-0.810422,0.389544,0.020819,0.036869,0.013331,-0.747127,0.227786,0.425861,-1.406285,0.041653,0.030907,-0.02847,-0.912549,-0.331054,-0.240117,-0.03361,-0.524438,0.850784,-0.407582,0.784453,0.467449,0.011374,0.012801,0.010454,-0.34995,0.151348,-0.043815,-0.813312,0.081467,0.0248,-0.062693,-0.259216,0.321973,-0.910571,-0.882517,-0.461998,0.087869,-0.392391,0.826372,0.403904,-0.002294,-0.014975,0.005215,-0.073418,0.037802,-0.063269,0.480219
366,0.08851,-8.2e-05,0.356353,-0.237741,0.29831,-0.924411,-0.931757,-0.338886,0.130214,-0.274138,0.891914,0.359673,-0.003964,-0.027965,0.01207,-0.03869,0.167784,0.005826,0.504353,-0.105698,0.025904,0.30575,0.881601,0.370568,-0.292319,0.096848,0.464329,0.880314,0.460816,-0.804848,0.373806,0.010494,0.014309,0.030401,-0.333858,-0.057377,0.156211,-1.405398,0.041898,0.03136,-0.02801,-0.902918,-0.360701,-0.233736,-0.018725,-0.510283,0.859802,-0.429403,0.780708,0.45399,0.005215,0.007315,0.015357,-0.37349,0.060448,-0.148612,-0.815271,0.081478,0.024346,-0.062578,-0.258208,0.327795,-0.908778,-0.883606,-0.460455,0.08497,-0.390599,0.824942,0.408535,0.005368,-0.00972,0.000978,0.008218,0.066399,0.23992,0.490506
367,0.088502,-0.0005,0.356511,-0.238737,0.299832,-0.923662,-0.930206,-0.343648,0.128819,-0.278501,0.889578,0.362099,-0.002421,-0.015401,0.004861,-0.022465,0.064066,0.008612,0.507955,-0.105608,0.026179,0.306327,0.87755,0.381212,-0.290815,0.096267,0.454291,0.885599,0.468588,-0.805619,0.362306,0.010526,0.01405,0.030049,-0.622301,0.04981,0.265701,-1.40563,0.041942,0.031501,-0.027718,-0.899234,-0.372603,-0.229226,-0.01281,-0.501332,0.86516,-0.437279,0.780918,0.446042,0.005248,0.007078,0.015079,-0.596417,0.276928,-0.184342,-0.814618,0.081472,0.02413,-0.062498,-0.259415,0.329518,-0.907811,-0.881451,-0.4649,0.083132,-0.394648,0.821757,0.411056,-0.00177,-0.013293,0.006604,-0.064624,-0.03194,0.125333,0.495241
368,0.08849,-0.001226,0.356863,-0.238663,0.307009,-0.92132,-0.929164,-0.347965,0.124686,-0.282018,0.885435,0.369457,0.012021,-0.015416,0.005294,0.0186,0.202101,0.118864,0.516542,-0.105497,0.026257,0.307446,0.869142,0.398158,-0.293349,0.099431,0.440554,0.892165,0.483341,-0.805073,0.34366,-0.014658,0.000745,0.021219,-0.152568,-0.355387,-0.073841,-1.405355,0.042,0.031552,-0.027154,-0.894401,-0.388371,-0.221841,-0.004587,-0.488003,0.872829,-0.447241,0.781678,0.434689,0.00049,-0.004677,0.013931,0.284527,-1.269566,-0.661345,-0.820333,0.081465,0.023761,-0.062321,-0.26034,0.33603,-0.905155,-0.879787,-0.468752,0.079024,-0.397739,0.816917,0.41767,0.006048,-0.007562,0.002768,0.022701,0.217094,0.126239,0.506672
369,0.088552,-0.001786,0.357197,-0.240582,0.312691,-0.918907,-0.925885,-0.358026,0.12052,-0.291016,0.879409,0.376797,-0.001103,-0.011169,0.008375,0.106808,0.556023,0.267544,0.518786,-0.10583,0.025985,0.308095,0.864169,0.40769,-0.294943,0.102157,0.431982,0.896041,0.491606,-0.80496,0.332004,0.00069,-0.005517,0.013116,-0.267049,0.043219,0.081084,-1.404816,0.041828,0.031419,-0.026819,-0.891053,-0.398288,-0.21769,0.000955,-0.481246,0.876584,-0.453896,0.780876,0.429196,0.000431,-0.003186,0.006156,-0.193657,0.128963,-0.087852,-0.812822,0.081497,0.023482,-0.062153,-0.263101,0.339367,-0.903109,-0.875137,-0.477973,0.075341,-0.406093,0.810167,0.422748,-0.000519,-0.005465,0.004282,0.092836,0.514869,0.245868,0.51353
370,0.088555,-0.002177,0.357561,-0.240061,0.318494,-0.917048,-0.926448,-0.357285,0.118378,-0.289654,0.87762,0.381983,-0.000696,-0.009858,0.009467,0.02654,0.250728,0.106349,0.518145,-0.106193,0.025756,0.308403,0.85871,0.41935,-0.294539,0.099822,0.427058,0.89866,0.501534,-0.801604,0.325205,-0.013786,-0.000982,0.001101,-0.023314,-0.094088,-0.053239,-1.404789,0.041652,0.031302,-0.026668,-0.886882,-0.409145,-0.214567,0.007113,-0.476475,0.879158,-0.461939,0.778185,0.425487,-0.005878,-0.006421,0.004077,0.054295,-0.387262,-0.250533,-0.812658,0.081499,0.023292,-0.061973,-0.263262,0.346491,-0.900352,-0.875791,-0.477224,0.072426,-0.404575,0.807589,0.429089,-0.000308,-0.00478,0.004856,0.057473,0.35739,0.161167,0.514183
371,0.088542,-0.002354,0.357732,-0.240238,0.318653,-0.916947,-0.926598,-0.356779,0.118723,-0.289025,0.877768,0.382119,-0.00073,-0.00997,0.009376,-0.033759,0.021131,-0.014233,0.5185,-0.10634,0.025581,0.308469,0.852904,0.431937,-0.293217,0.09501,0.424031,0.900613,0.512243,-0.796525,0.320965,-0.013218,-0.003685,-0.00149,-0.483166,0.297036,-0.018367,-1.404612,0.041573,0.031214,-0.026635,-0.881678,-0.421109,-0.212861,0.013977,-0.47423,0.880289,-0.471643,0.773157,0.424004,-0.006537,-0.002163,-0.00104,-0.57512,0.357659,-0.251433,-0.813312,0.081493,0.023205,-0.061886,-0.263412,0.347287,-0.900002,-0.876047,-0.476753,0.072435,-0.403924,0.807525,0.429823,-0.000341,-0.00489,0.004766,-0.041022,-0.001607,-0.025635,0.514346
372,0.088507,-0.002688,0.35805,-0.241989,0.320243,-0.915932,-0.924878,-0.361481,0.117908,-0.29304,0.875261,0.384802,7.1e-05,0.00023,0.000191,7.6e-05,0.00029,0.000152,0.51717,-0.106434,0.025232,0.308558,0.841103,0.46111,-0.282693,0.076558,0.416082,0.906062,0.534334,-0.7843,0.314998,0.002434,-0.013791,0.005194,1.517408,-4.981386,-1.782465,-1.405018,0.041526,0.03104,-0.026597,-0.87364,-0.440777,-0.206078,0.025917,-0.465083,0.884887,-0.485881,0.767732,0.417739,0.00115,-0.006556,0.002929,-0.250547,-0.010804,-0.290001,-0.816414,0.081476,0.023036,-0.061722,-0.265394,0.348415,-0.898984,-0.873735,-0.481121,0.071475,-0.407617,0.804443,0.432109,-0.000419,-0.005138,0.004562,-0.036926,0.010944,-0.019387,0.513693
373,0.088498,-0.002945,0.358287,-0.242435,0.320484,-0.915729,-0.925052,-0.360821,0.118566,-0.292122,0.875445,0.385082,-0.000852,-0.010366,0.009054,-0.034666,0.017682,-0.016041,0.518708,-0.106013,0.024792,0.308776,0.836554,0.478391,-0.267042,0.060902,0.403369,0.912972,0.543396,-0.780602,0.308617,0.029371,-0.008562,0.006115,-0.054414,0.011015,-0.054528,-1.404768,0.041728,0.030814,-0.026491,-0.866003,-0.460039,-0.195965,0.038409,-0.45194,0.891221,-0.498561,0.764273,0.409052,0.008808,-0.01075,0.007088,-0.252369,-0.039619,-0.371765,-0.821476,0.081471,0.022911,-0.061607,-0.265855,0.348513,-0.898809,-0.873995,-0.480541,0.072186,-0.406757,0.804747,0.432353,2.1e-05,8.7e-05,7.1e-05,-0.000102,-0.000128,-6.1e-05,0.513856
374,0.088499,-0.003041,0.358354,-0.242597,0.320564,-0.915658,-0.925104,-0.360612,0.118795,-0.291822,0.875501,0.385181,-0.000346,-0.001118,-0.000927,0.0,0.0,0.0,0.519228,-0.105704,0.024508,0.309003,0.832076,0.490136,-0.25963,0.05161,0.397819,0.915975,0.551166,-0.776164,0.306022,0.015366,-0.008574,0.008153,-0.2386,0.148374,-0.779669,-1.4052,0.041882,0.030675,-0.026388,-0.859786,-0.473221,-0.191906,0.046512,-0.446813,0.893416,-0.50853,0.759222,0.406175,0.007643,-0.0041,0.004251,0.00187,-0.547981,-0.409374,-0.822456,0.081473,0.022867,-0.061571,-0.266006,0.348568,-0.898743,-0.874083,-0.480349,0.072409,-0.406471,0.804838,0.432453,-8e-06,-1.4e-05,-1.2e-05,-4.9e-05,-5e-06,2e-06,0.514673
375,0.088516,-0.003163,0.358426,-0.242419,0.323389,-0.914712,-0.925267,-0.36056,0.117685,-0.291456,0.87448,0.387769,-1.1e-05,-3.4e-05,-2.9e-05,0.059919,0.226857,0.118136,0.517795,-0.105104,0.023906,0.309609,0.824844,0.505673,-0.25282,0.043139,0.389763,0.919868,0.562629,-0.770277,0.299973,0.016744,-0.01722,0.018299,-0.116304,0.015981,0.006457,-1.405145,0.042194,0.030362,-0.026078,-0.850749,-0.49315,-0.181738,0.059293,-0.43364,0.899133,-0.522216,0.754161,0.398159,0.008337,-0.008447,0.009302,-0.11662,0.001232,-0.192411,-0.825885,0.08148,0.022798,-0.061535,-0.266279,0.350606,-0.897869,-0.874202,-0.480232,0.071736,-0.406035,0.804022,0.434377,-0.000455,-0.00527,0.004456,0.065323,0.379139,0.170278,0.515653
