frame,MLTx,MLTy,MLTz,MLTR1,MLTR2,MLTR3,MLTR4,MLTR5,MLTR6,MLTR7,MLTR8,MLTR9,MLTTVx,MLTTVy,MLTTVz,MLTRVx,MLTRVy,MLTRVz,MLGA,MRTx,MRTy,MRTz,MRTR1,MRTR2,MRTR3,MRTR4,MRTR5,MRTR6,MRTR7,MRTR8,MRTR9,MRTTVx,MRTTVy,MRTTVz,MRTRVx,MRTRVy,MRTRVz,MRGA,SLTx,SLTy,SLTz,SLTR1,SLTR2,SLTR3,SLTR4,SLTR5,SLTR6,SLTR7,SLTR8,SLTR9,SLTTVx,SLTTVy,SLTTVz,SLTRVx,SLTRVy,SLTRVz,SLGA,SRTx,SRTy,SRTz,SRTR1,SRTR2,SRTR3,SRTR4,SRTR5,SRTR6,SRTR7,SRTR8,SRTR9,SRTTVx,SRTTVy,SRTTVz,SRTRVx,SRTRVy,SRTRVz,SRGA
408,0.035469,0.033089,0.396377,-0.518545,0.378343,-0.76682,-0.467535,-0.87628,-0.116259,-0.715296,0.297754,0.632235,0.013571,0.00563,-0.011971,0.181747,-0.26857,0.366957,-0.423057,-0.127471,0.066487,0.360917,0.595015,0.795368,0.115492,-0.79408,0.559855,0.236499,0.122702,-0.23344,0.964527,2.2e-05,-0.000134,-7.3e-05,-0.000203,0.000102,8.4e-05,-1.387841,0.02964,0.052046,-0.002797,-0.495502,-0.858831,0.129948,0.863391,-0.470614,0.18187,-0.09504,0.202314,0.974698,1.6e-05,-9.8e-05,-5.2e-05,0.005976,-0.002581,-0.000728,-0.760242,0.054886,0.041425,-0.043661,-0.543255,0.329955,-0.772011,-0.356317,-0.923225,-0.143847,-0.760204,0.196935,0.619116,0.006785,0.002801,-0.006001,0.562084,-0.654422,0.756048,-0.436168
409,0.035807,0.033335,0.395959,-0.514216,0.379818,-0.769003,-0.463643,-0.877373,-0.123384,-0.720932,0.292618,0.628218,0.013228,0.004953,-0.012394,0.041104,-0.124741,0.220922,-0.626333,-0.127457,0.066508,0.360886,0.596906,0.793658,0.117478,-0.792291,0.560287,0.241425,0.125042,-0.238192,0.963064,1e-06,-9e-06,-5e-06,-0.051803,0.025982,0.021351,-0.998847,0.029648,0.052056,-0.002813,-0.49745,-0.857361,0.132188,0.861917,-0.471235,0.187176,-0.098186,0.207046,0.973391,-2e-06,1.2e-05,5e-06,-0.026409,0.016322,0.023294,-0.625201,0.055055,0.041549,-0.043869,-0.538945,0.332065,-0.774125,-0.352119,-0.923681,-0.151073,-0.765212,0.191165,0.61474,0.000558,0.004509,-0.005003,0.033381,-0.018247,0.00904,-0.58117
410,0.036163,0.033566,0.395403,-0.515545,0.367599,-0.774035,-0.436885,-0.889814,-0.131665,-0.736511,0.269822,0.620302,0.011738,0.001937,-0.014292,0.496779,-0.535707,0.517032,-0.860004,-0.127474,0.066567,0.360834,0.598899,0.791877,0.11934,-0.790419,0.560831,0.246251,0.127323,-0.242814,0.96161,3.5e-05,-0.000218,-0.000118,-0.051948,0.026045,0.021414,-0.759376,0.029639,0.052086,-0.002839,-0.499558,-0.855822,0.134198,0.860365,-0.472087,0.192103,-0.101053,0.211426,0.972155,2.1e-05,-0.000131,-7.2e-05,-0.024267,0.015433,0.022872,-0.460767,0.05524,0.041669,-0.04415,-0.53857,0.319652,-0.779592,-0.323864,-0.932699,-0.158692,-0.777851,0.167015,0.605848,0.005798,0.000798,-0.007256,0.553649,-0.556553,0.585961,-0.732867
411,0.036428,0.033596,0.394756,-0.526986,0.347853,-0.775454,-0.398838,-0.90689,-0.135837,-0.749853,0.237257,0.617622,0.009346,-0.002943,-0.017382,0.034153,-0.023652,0.017003,-1.126521,-0.127524,0.066614,0.360759,0.598879,0.791883,0.119396,-0.790472,0.560867,0.245999,0.127089,-0.242708,0.961668,0.000108,-0.000671,-0.000364,-1.1e-05,6e-06,5e-06,-0.71871,0.029614,0.05211,-0.002877,-0.499547,-0.855842,0.134108,0.86043,-0.472221,0.191482,-0.10055,0.211045,0.97229,-0.00077,0.005215,-0.00415,0.037991,-0.008065,0.018871,-0.455052,0.05537,0.041688,-0.044465,-0.547601,0.298932,-0.781518,-0.283906,-0.944977,-0.162525,-0.787101,0.132879,0.60234,0.0046,-0.001646,-0.008799,0.034408,-0.020651,0.016455,-0.739072
412,0.036488,0.033549,0.394421,-0.532791,0.336557,-0.776472,-0.376501,-0.915953,-0.138738,-0.757248,0.217999,0.615694,0.008755,-0.00416,-0.018163,4.324699,0.742994,-3.385111,-1.25057,-0.127571,0.066635,0.36071,0.599122,0.792101,0.116709,-0.789924,0.561241,0.246906,0.129324,-0.241123,0.961768,-0.001568,0.010593,-0.008212,0.036384,-0.007199,0.019887,-0.729505,0.02959,0.05212,-0.002901,-0.499902,-0.856058,0.131382,0.859981,-0.472662,0.192413,-0.102617,0.209174,0.972478,-0.000784,0.0053,-0.004104,0.038336,-0.002622,0.017926,-0.502243,0.0554,0.041664,-0.044633,-0.550384,0.290398,-0.78278,-0.266201,-0.949665,-0.165139,-0.791336,0.117487,0.599986,-0.001749,-0.0002,-0.007976,0.030108,-0.00663,-0.012393,-0.73303
413,0.036474,0.033343,0.393845,-0.535546,0.326039,-0.77906,-0.35907,-0.922821,-0.139438,-0.763734,0.20465,0.612255,-0.005255,-0.010706,-0.006823,0.136143,-0.137753,0.117123,-1.504546,-0.127616,0.066703,0.360593,0.599422,0.79227,0.113987,-0.789355,0.56174,0.24759,0.131377,-0.239393,0.961922,0.00011,-0.000688,-0.000373,-0.0,0.0,0.0,-0.780899,0.029568,0.052153,-0.00296,-0.500307,-0.856228,0.128707,0.859527,-0.473208,0.1931,-0.104433,0.207237,0.9727,-0.000774,0.005246,-0.004132,0.036931,-0.005713,0.018973,-0.600707,0.055394,0.041555,-0.044931,-0.553281,0.276168,-0.785882,-0.242393,-0.955993,-0.165296,-0.796947,0.099037,0.595874,-0.002644,-0.005415,-0.003447,0.152535,-0.12812,0.144729,-0.747237
414,0.036388,0.03306,0.393464,-0.53152,0.314629,-0.786474,-0.348776,-0.927366,-0.135348,-0.771278,0.201966,0.603628,-0.004515,-0.009194,-0.005884,1.154979,-0.049182,-1.165207,-1.775635,-0.127585,0.066796,0.360514,0.599344,0.792304,0.114155,-0.789468,0.561714,0.247288,0.131056,-0.239339,0.961979,6e-06,-3.7e-05,-2e-05,-0.0,0.0,0.0,-0.843691,0.029584,0.052199,-0.003,-0.5002,-0.856264,0.128885,0.85963,-0.473148,0.192788,-0.104096,0.207226,0.972739,-1e-06,1.9e-05,1e-05,-3.6e-05,-3.4e-05,-0.000351,-0.660798,0.055351,0.041414,-0.045121,-0.547719,0.266798,-0.792982,-0.233248,-0.958909,-0.161517,-0.803491,0.096495,0.587443,-0.002274,-0.004517,-0.002969,4.147902,0.356462,-3.564899,-0.746584
415,0.036304,0.032904,0.393329,-0.530171,0.308601,-0.789766,-0.344076,-0.929557,-0.132312,-0.77431,0.201201,0.599991,-0.002853,0.000988,-0.015139,-0.063291,-0.19406,-0.101369,-1.895808,-0.127606,0.066819,0.360486,0.59908,0.792456,0.114494,-0.789704,0.561432,0.247177,0.130848,-0.239501,0.961968,0.000209,-0.001302,-0.000707,-0.0,0.0,0.0,-0.898386,0.029573,0.052214,-0.003012,-0.499896,-0.856393,0.129205,0.859829,-0.472833,0.192671,-0.103909,0.20741,0.972719,0.000118,-0.000725,-0.000393,-3.8e-05,-3.6e-05,-0.00028,-0.686925,0.055308,0.041333,-0.04519,-0.545492,0.259545,-0.796915,-0.226785,-0.96108,-0.157776,-0.806849,0.094663,0.583123,-0.001406,0.000523,-0.007548,-0.056935,-0.164506,-0.079629,-0.74691
416,0.036083,0.032581,0.39318,-0.53198,0.283377,-0.79796,-0.313557,-0.941253,-0.125289,-0.78593,0.183197,0.590577,-0.015586,-0.002849,-0.002057,1.275356,0.045967,-0.905292,-1.91331,-0.127563,0.066828,0.360457,0.598536,0.792765,0.115191,-0.790169,0.560819,0.247082,0.130529,-0.239914,0.961908,0.011608,0.000919,-0.000344,0.002045,-0.015205,0.029245,-0.91465,0.02959,0.052217,-0.003027,-0.499259,-0.856663,0.129881,0.860232,-0.472144,0.192563,-0.103639,0.207867,0.972651,0.000106,-0.000649,-0.000353,-3.7e-05,-2.5e-05,-0.000187,-0.701457,0.055204,0.041174,-0.045263,-0.542616,0.237589,-0.805678,-0.201028,-0.968021,-0.150072,-0.81557,0.080532,0.573026,-0.001539,-0.003139,-0.002012,-0.055016,-0.077894,-0.025646,-0.750013
417,0.035853,0.032374,0.393139,-0.533099,0.264565,-0.803652,-0.293851,-0.948596,-0.117423,-0.792749,0.173221,0.58444,-0.014251,-0.000109,-0.0003,-0.492722,0.40967,-0.614509,-1.91331,-0.127475,0.066775,0.36038,0.597674,0.793254,0.116296,-0.790902,0.559842,0.246949,0.130039,-0.24058,0.961807,0.000361,-0.002245,-0.001221,-0.0,0.0,0.0,-0.696163,0.029638,0.052191,-0.003065,-0.4983,-0.857063,0.130913,0.860835,-0.471102,0.192414,-0.103238,0.208574,0.972541,0.000227,-0.001396,-0.00076,-3.7e-05,-2.4e-05,-0.000128,-0.653287,0.055086,0.041066,-0.045287,-0.542112,0.216291,-0.811992,-0.175038,-0.974175,-0.142631,-0.821872,0.064807,0.565971,-0.000792,-0.001664,-0.001082,-1.516916,1.527881,-1.733041,-0.747727
418,0.035749,0.032259,0.393194,-0.536325,0.252942,-0.805246,-0.284445,-0.952372,-0.109771,-0.793998,0.169854,0.583733,-0.00158,-0.003203,-0.002067,-0.581414,0.2117,-0.676734,-1.913936,-0.127419,0.066764,0.360318,0.598346,0.792546,0.117661,-0.790236,0.559734,0.249316,0.130988,-0.243163,0.961029,0.000462,-0.002869,-0.001562,-0.026684,0.11339,-0.161785,-0.393918,0.029666,0.052186,-0.003096,-0.499104,-0.856378,0.13233,0.86019,-0.47118,0.195089,-0.104719,0.211199,0.971816,-0.000569,0.003963,-0.004829,0.048755,0.003625,-0.000216,-0.552863,0.055029,0.041008,-0.045259,-0.544897,0.204358,-0.813218,-0.165373,-0.976988,-0.134704,-0.822033,0.061084,0.566154,-0.0007,-0.001436,-0.000923,-0.640602,0.218232,-0.754186,-0.747237
419,0.035625,0.031902,0.393414,-0.546929,0.236353,-0.803151,-0.278097,-0.956117,-0.092057,-0.788989,0.172704,0.589658,-0.002514,-0.011896,0.008143,-0.594586,0.150941,-0.482611,-1.913567,-0.127333,0.067016,0.3601,0.608101,0.783303,0.129006,-0.784648,0.568648,0.246781,0.119185,-0.252285,0.960214,-0.00192,0.012745,-0.007026,0.029034,-0.010774,0.047165,0.049502,0.029711,0.052304,-0.00321,-0.50911,-0.848469,0.14459,0.855558,-0.480542,0.192606,-0.093939,0.221763,0.970564,-0.000973,0.006477,-0.003455,0.05315,-0.034175,0.047522,-0.420434,0.054969,0.040835,-0.045152,-0.553567,0.187143,-0.811504,-0.158932,-0.980254,-0.117644,-0.817497,0.06385,0.57238,-0.00129,-0.00607,0.003976,-1.661869,1.105394,-1.776738,-0.745114
420,0.035564,0.031387,0.393842,-0.564107,0.208466,-0.798981,-0.257389,-0.963769,-0.069802,-0.783887,0.166008,0.598322,-0.001717,-0.010285,0.009191,1.21111,-0.10482,-0.749268,-1.913915,-0.127431,0.06791,0.35959,0.647205,0.748607,0.143892,-0.755953,0.606275,0.246778,0.096692,-0.269441,0.958079,-0.003739,0.024853,-0.014365,0.282103,0.312194,1.816655,0.274244,0.029663,0.052736,-0.003452,-0.546045,-0.821904,0.162193,0.834361,-0.516136,0.193503,-0.075327,0.240989,0.967599,-0.002786,0.01856,-0.010806,0.105778,-0.006351,0.144461,-0.281637,0.054939,0.040581,-0.044941,-0.566361,0.159514,-0.808572,-0.143746,-0.985171,-0.093666,-0.811524,0.06318,0.580892,-0.001658,-0.01016,0.009274,-0.594434,0.243278,-0.301771,-0.746257
421,0.035671,0.030725,0.394357,-0.575707,0.168696,-0.800093,-0.222023,-0.973957,-0.045664,-0.786248,0.151133,0.599167,-0.002861,-0.01943,0.019138,0.642083,-0.017809,-1.405925,-1.913689,-0.127741,0.069092,0.358979,0.681677,0.713398,0.162394,-0.728541,0.641901,0.239008,0.065415,-0.282142,0.957068,-0.017542,0.038694,-0.019872,0.666511,1.012755,1.573848,0.403227,0.029513,0.053327,-0.003764,-0.58684,-0.788868,0.182494,0.808442,-0.558287,0.186371,-0.045138,0.256906,0.96538,-0.002228,0.014549,-0.006171,1.878594,3.760616,4.580891,0.015878,0.054992,0.04025,-0.044684,-0.574149,0.117345,-0.810297,-0.103656,-0.99213,-0.07023,-0.812162,0.04367,0.581794,0.004784,-0.011666,0.008457,2.669124,1.013998,-5.0462,-0.752299
422,0.035731,0.030401,0.394637,-0.576382,0.148897,-0.803529,-0.198917,-0.979232,-0.038836,-0.791911,0.137259,0.595032,-0.002583,-0.018873,0.019507,-0.193715,-0.275272,-0.060912,-1.913976,-0.128013,0.069793,0.358621,0.694259,0.700073,0.167016,-0.717504,0.655603,0.235174,0.054274,-0.283995,0.957217,-0.015767,0.026995,-0.012295,0.080463,-0.004749,0.077153,0.434557,0.029376,0.053686,-0.003943,-0.601846,-0.775965,0.188834,0.797925,-0.574475,0.182463,-0.033105,0.26049,0.964908,-0.008676,0.018909,-0.01014,0.129907,0.016185,0.174026,0.168718,0.055022,0.040087,-0.044544,-0.571933,0.095638,-0.814705,-0.078679,-0.994996,-0.061569,-0.816517,0.028886,0.576596,0.005662,-0.006352,0.003943,-0.234641,0.024519,-0.677148,-0.760463
423,0.0358,0.029851,0.395235,-0.575402,0.106016,-0.810998,-0.152236,-0.988102,-0.021222,-0.802888,0.111113,0.585707,-0.001706,-0.017104,0.020665,-0.289376,-0.856479,0.207752,-1.91345,-0.128719,0.071302,0.357758,0.723085,0.669718,0.169164,-0.689607,0.686614,0.230081,0.037034,-0.283876,0.958074,-0.016916,0.035385,-0.021544,0.114838,0.00303,0.072691,0.45441,0.029022,0.054444,-0.004368,-0.633715,-0.749087,0.193062,0.773399,-0.608348,0.178228,-0.016059,0.262259,0.964863,-0.008483,0.017917,-0.010632,0.117815,0.135376,0.005986,0.380016,0.055056,0.039811,-0.044246,-0.567295,0.053804,-0.821754,-0.03131,-0.998551,-0.043765,-0.822918,0.000901,0.568158,-0.000316,-0.004039,0.005324,0.068698,-0.213742,0.245636,-0.776303
424,0.035789,0.029386,0.395768,-0.574635,0.059748,-0.816254,-0.098676,-0.9951,-0.003437,-0.811748,0.078488,0.578733,-0.00058,-0.008001,0.010695,0.737306,-0.258013,-1.230028,-1.913421,-0.129583,0.072792,0.356797,0.738725,0.651795,0.171582,-0.673313,0.703227,0.228158,0.027127,-0.284903,0.958101,-0.016776,0.034969,-0.021674,0.103271,-0.006666,0.102165,0.456367,0.028601,0.05517,-0.004838,-0.651078,-0.733077,0.196709,0.758981,-0.626533,0.177208,-0.006662,0.264675,0.964314,-0.008267,0.016792,-0.011195,0.204029,0.105288,0.512497,0.415777,0.055052,0.039578,-0.043974,-0.559817,0.00931,-0.828563,0.020489,-0.999475,-0.025074,-0.828362,-0.031013,0.559332,0.005931,-0.005988,0.004233,2.877474,0.647472,-5.012442,-0.7861
425,0.035766,0.029213,0.396001,-0.57083,0.046836,-0.819759,-0.086116,-0.996267,0.002981,-0.815852,0.072231,0.573755,-0.000297,-0.007426,0.011068,-0.224996,-0.22803,0.071578,-1.913604,-0.130024,0.073483,0.356337,0.747466,0.642697,0.168008,-0.663568,0.711614,0.230689,0.027771,-0.284734,0.958133,-0.016649,0.034394,-0.021939,0.145379,0.208422,0.35728,0.464749,0.028364,0.055545,-0.005088,-0.660934,-0.724983,0.193815,0.750409,-0.635998,0.179979,-0.007215,0.264395,0.964387,-0.008307,0.017171,-0.010966,0.185313,0.203321,0.352907,0.423778,0.055039,0.03949,-0.043859,-0.553338,-0.005006,-0.832941,0.034506,-0.99926,-0.016918,-0.832241,-0.038103,0.553102,-0.006105,-0.001328,0.006959,-0.529349,0.071156,-0.189059,-0.790346
426,0.035687,0.029124,0.396382,-0.56544,0.015863,-0.824664,-0.059491,-0.997983,0.021529,-0.821959,0.061206,0.566272,0.001806,0.003675,0.002363,3.188779,0.959168,-4.822351,-1.913509,-0.131046,0.074958,0.355386,0.757265,0.631436,0.166819,-0.652357,0.720196,0.23597,0.027909,-0.288321,0.957055,-0.029629,0.044747,-0.029174,0.06708,0.035465,0.051219,0.49429,0.027853,0.056282,-0.005564,-0.672054,-0.714769,0.193513,0.740461,-0.64592,0.185752,-0.007776,0.268124,0.963352,-0.014802,0.022385,-0.014561,0.114257,0.017501,0.043016,0.454313,0.054999,0.039444,-0.043669,-0.54375,-0.029797,-0.838718,0.054913,-0.998491,-0.000128,-0.837448,-0.046126,0.544565,-0.005186,0.003952,0.002433,-0.076896,-0.392297,0.23383,-0.793121
427,0.035622,0.02926,0.396502,-0.561481,-0.004903,-0.827503,-0.042743,-0.998464,0.034854,-0.825708,0.054939,0.561441,-0.010447,0.007713,0.004735,0.00359,-0.294002,0.269733,-1.913377,-0.132088,0.076309,0.354478,0.776504,0.606294,0.171581,-0.629731,0.738983,0.239325,0.017334,-0.294659,0.955373,-0.027544,0.031264,-0.022617,0.001451,0.057343,0.044768,0.523483,0.027341,0.056949,-0.006007,-0.69365,-0.692043,0.199808,0.720308,-0.667168,0.189846,0.001924,0.275611,0.961266,-0.013742,0.015527,-0.011345,-0.001716,0.165023,-0.115718,0.495626,0.054971,0.039508,-0.043605,-0.53797,-0.055064,-0.841163,0.076892,-0.996909,0.016083,-0.839449,-0.056026,0.540541,0.000576,0.001176,0.000759,0.105075,-0.273964,0.242969,-0.798673
428,0.035621,0.029428,0.396467,-0.556684,-0.027405,-0.8303,-0.030482,-0.998098,0.053317,-0.829493,0.055017,0.555826,0.000101,0.000205,0.000131,-0.112735,-0.4829,0.189257,-1.913596,-0.133065,0.077295,0.353664,0.789937,0.587201,0.176593,-0.613014,0.752472,0.240694,0.007465,-0.299135,0.95411,-0.025388,0.016867,-0.016626,0.066963,0.044946,0.002452,0.528769,0.026852,0.057448,-0.006416,-0.708908,-0.674577,0.2059,0.705212,-0.682575,0.191747,0.011194,0.281134,0.959603,-0.012762,0.008993,-0.007991,0.107063,0.15218,-0.043713,0.512118,0.054969,0.0396,-0.043618,-0.53117,-0.076437,-0.84381,0.088639,-0.99547,0.034378,-0.842615,-0.056534,0.535539,-4e-06,-4e-06,0.0,-0.178077,-0.486435,-0.067069,-0.802919
429,0.035659,0.029422,0.396404,-0.554736,-0.044441,-0.830865,-0.02051,-0.997529,0.066985,-0.831103,0.054248,0.553491,0.011064,-0.006451,-0.003924,-0.195706,-0.541454,-0.073292,-1.913722,-0.133495,0.077592,0.35338,0.793215,0.582102,0.178772,-0.608799,0.755483,0.241957,0.00479,-0.301501,0.953382,-0.023841,0.006105,-0.008743,0.018486,0.029089,-0.03311,0.527492,0.026628,0.0576,-0.006566,-0.712592,-0.669916,0.208383,0.701445,-0.686067,0.193093,0.013609,0.283766,0.958796,-0.011898,0.002979,-0.004392,0.052544,0.014126,-0.040991,0.514404,0.054985,0.039602,-0.043646,-0.527741,-0.092685,-0.844332,0.098125,-0.994025,0.047785,-0.843718,-0.057632,0.533683,-0.000691,-0.001402,-0.000897,-0.359022,-0.651028,-0.363342,-0.807654
430,0.035653,0.029152,0.396375,-0.542651,-0.076945,-0.836453,0.007789,-0.996205,0.086524,-0.839265,0.040526,0.542235,-0.003831,-0.014612,0.006448,-0.245962,-0.563854,-0.323495,-1.91316,-0.134181,0.07782,0.353089,0.793316,0.580867,0.182302,-0.608672,0.754372,0.245715,0.00421,-0.306631,0.951747,-0.011186,-0.00212,-0.000326,-0.018541,0.023399,-0.021971,0.523817,0.02629,0.057711,-0.006713,-0.712612,-0.668781,0.211933,0.701428,-0.684999,0.19691,0.013485,0.288977,0.957241,-0.005589,-0.00104,-0.000139,0.01569,0.008869,-0.028422,0.516854,0.054987,0.039468,-0.043666,-0.511907,-0.122961,-0.850194,0.125552,-0.989783,0.067554,-0.849815,-0.072163,0.522116,-0.000999,-0.002038,-0.001308,-0.225743,-0.530503,-0.468343,-0.806511
431,0.035496,0.02869,0.396565,-0.530311,-0.101207,-0.841768,0.036861,-0.994655,0.096304,-0.846358,0.020161,0.532257,-0.003931,-0.014814,0.006317,1.149092,-0.720123,-1.203399,-1.913181,-0.134528,0.077711,0.353108,0.793212,0.580415,0.184187,-0.608807,0.753434,0.248243,0.004318,-0.309783,0.950726,-0.011262,-0.001603,-4.6e-05,-0.00225,0.015308,-0.029155,0.516863,0.026112,0.057656,-0.006703,-0.712381,-0.668457,0.213722,0.70167,-0.684105,0.199144,0.013089,0.291829,0.95638,-0.005638,-0.000753,1e-05,0.003707,0.012213,-0.032203,0.513588,0.054906,0.039229,-0.04357,-0.496921,-0.145169,-0.855567,0.153488,-0.985067,0.077995,-0.854114,-0.092562,0.511782,-0.00198,-0.007434,0.003144,1.186814,-0.649081,-1.179669,-0.802755
432,0.035408,0.028395,0.396744,-0.526096,-0.106786,-0.84372,0.047872,-0.994223,0.095922,-0.848438,0.010199,0.529222,-0.003167,-0.013262,0.00732,4.69409,-0.743101,-2.802325,-1.911189,-0.134583,0.077673,0.353164,0.797112,0.574686,0.185312,-0.603703,0.756646,0.250927,0.00299,-0.312622,0.949801,-0.011548,0.000401,0.001035,-0.033131,0.030756,-0.015388,0.513196,0.026085,0.057635,-0.006677,-0.716827,-0.663185,0.215275,0.697111,-0.687834,0.202284,0.013922,0.295073,0.955372,-0.005794,0.000347,0.000604,-0.001199,0.016983,-0.021597,0.509832,0.054861,0.039084,-0.043486,-0.491215,-0.148259,-0.858327,0.158942,-0.98412,0.079026,-0.856414,-0.097605,0.506978,-0.001698,-0.006866,0.003512,0.31494,-0.513283,0.615834,-0.807001
433,0.035223,0.027716,0.397269,-0.514411,-0.113599,-0.850013,0.057211,-0.993518,0.098092,-0.855009,0.001963,0.518636,-0.015986,-0.017118,0.02049,-0.155398,-0.190726,-0.17491,-1.903414,-0.134563,0.077712,0.353213,0.800087,0.570331,0.185942,-0.599765,0.759768,0.250937,0.000842,-0.313018,0.949674,0.011143,0.002424,0.000489,0.002039,-0.015202,0.029248,0.505256,0.02609,0.057658,-0.006649,-0.720173,-0.659295,0.216056,0.693606,-0.691416,0.202122,0.016127,0.295421,0.95523,-8.5e-05,0.000589,0.000321,0.000854,-0.000876,-0.00183,0.501504,0.054774,0.038748,-0.043232,-0.478411,-0.15593,-0.86418,0.173935,-0.981436,0.080797,-0.860737,-0.111658,0.496652,-0.00205,-0.010986,0.008798,-0.207499,-0.370309,-0.231689,-0.807001
434,0.03507,0.02698,0.39789,-0.503224,-0.120728,-0.855707,0.065549,-0.992665,0.101441,-0.861055,-0.004901,0.508515,-0.003725,-0.021233,0.018088,-0.142728,-0.286881,0.035429,-1.868037,-0.134418,0.077781,0.353219,0.803592,0.564806,0.187684,-0.595063,0.762656,0.253355,-0.001049,-0.315997,0.948687,-0.000121,0.000846,0.000456,-0.001023,0.000513,0.000454,0.498011,0.026167,0.057693,-0.006646,-0.724183,-0.654201,0.218124,0.689383,-0.694835,0.204827,0.017563,0.298704,0.954183,0.005557,0.00131,0.000296,0.012864,-0.020029,0.026535,0.49285,0.054693,0.038379,-0.042916,-0.466146,-0.161825,-0.869781,0.182021,-0.979638,0.084712,-0.86578,-0.118831,0.48611,-0.001927,-0.010735,0.008971,-0.172575,-0.281783,-0.185835,-0.802429
435,0.034969,0.026306,0.398494,-0.491859,-0.131922,-0.860649,0.079506,-0.991123,0.106422,-0.866439,-0.015925,0.499055,-0.003434,-0.020651,0.018483,-0.105157,-0.445645,-0.321591,-1.833491,-0.134273,0.077792,0.353235,0.806982,0.55933,0.189529,-0.590455,0.765398,0.255855,-0.002969,-0.319091,0.947647,5.8e-05,-0.000401,-0.000216,-0.016182,0.008174,0.00731,0.492056,0.026239,0.0577,-0.006638,-0.728054,-0.649146,0.22033,0.685256,-0.698062,0.207682,0.018988,0.302186,0.953059,3.9e-05,-0.000261,-0.000139,0.013869,-0.004635,0.0018,0.484522,0.054642,0.038043,-0.042614,-0.454785,-0.170818,-0.874065,0.195499,-0.976643,0.089144,-0.868877,-0.130338,0.477558,0.00509,-0.007599,0.003173,0.22401,-0.540877,-0.463547,-0.785773
436,0.03495,0.026013,0.398699,-0.484577,-0.136785,-0.864014,0.089605,-0.990258,0.106456,-0.869558,-0.025671,0.49319,-0.002528,-0.011974,0.00818,-0.132274,-0.366855,0.025269,-1.832425,-0.134228,0.077783,0.353227,0.806664,0.559616,0.190038,-0.590889,0.765081,0.255804,-0.003253,-0.319351,0.947558,9.6e-05,-0.000668,-0.00036,-0.000237,0.000119,0.000105,0.491364,0.026262,0.057695,-0.006642,-0.727655,-0.649458,0.22073,0.68567,-0.697744,0.207385,0.019325,0.302253,0.953031,6.5e-05,-0.000449,-0.000242,0.005906,-0.002811,-0.002017,0.481746,0.054634,0.037895,-0.042506,-0.445666,-0.175338,-0.877859,0.205496,-0.974481,0.090311,-0.871293,-0.140148,0.470325,-0.001412,-0.006276,0.003909,-0.180714,-0.39175,-0.206747,-0.790182
437,0.03501,0.025306,0.399058,-0.458358,-0.15621,-0.874958,0.137845,-0.985008,0.103585,-0.877454,-0.072942,0.474111,-0.003304,-0.013564,0.007157,0.297374,-0.442502,-0.219297,-1.833296,-0.134276,0.077811,0.353204,0.811741,0.550089,0.196137,-0.58378,0.771277,0.253509,-0.012841,-0.320984,0.946925,-9.8e-05,0.000681,0.000367,0.0,1e-06,-0.0,0.498225,0.026239,0.057706,-0.006655,-0.733388,-0.640676,0.227321,0.679204,-0.704662,0.20526,0.02868,0.304933,0.951941,-6.6e-05,0.000463,0.000252,-0.001493,-0.00523,0.000271,0.482889,0.054663,0.037537,-0.042324,-0.416545,-0.191207,-0.888779,0.252622,-0.963473,0.088879,-0.87331,-0.187503,0.449633,-0.001709,-0.006893,0.003516,0.295253,-0.438654,-0.22953,-0.802919
438,0.0349,0.024571,0.39942,-0.427917,-0.18188,-0.885354,0.196315,-0.974854,0.105322,-0.881716,-0.128521,0.453967,-0.005604,-0.025096,0.015636,0.252287,-0.465987,-0.277795,-1.83639,-0.134454,0.077858,0.35315,0.816795,0.540403,0.201996,-0.576414,0.777582,0.25109,-0.022402,-0.32221,0.946331,1e-05,-7e-05,-3.8e-05,0.262998,0.744171,-0.253816,0.503968,0.026149,0.057731,-0.006681,-0.739369,-0.631773,0.232798,0.672273,-0.7118,0.203442,0.037177,0.306923,0.951007,7e-06,-4.3e-05,-2.4e-05,0.876463,2.478998,-0.848954,0.490401,0.05461,0.03718,-0.042148,-0.383132,-0.212897,-0.898823,0.309222,-0.946491,0.092378,-0.870396,-0.242544,0.428463,-0.001935,-0.007349,0.003216,1.30385,-0.709749,-0.818236,-0.807981
439,0.034817,0.024238,0.399587,-0.410804,-0.196783,-0.890259,0.227853,-0.967597,0.108677,-0.882289,-0.157966,0.443442,-0.005815,-0.025526,0.015361,4.740353,-1.105741,-2.560168,-1.838073,-0.134543,0.07794,0.353107,0.816776,0.540421,0.202025,-0.576436,0.777641,0.25086,-0.022556,-0.322038,0.946386,-0.011418,-0.000465,0.000567,-0.002045,0.015205,-0.029245,0.504941,0.02611,0.057766,-0.006701,-0.739124,-0.631749,0.233638,0.672489,-0.711751,0.202898,0.038111,0.307086,0.950917,-0.000126,0.000892,0.000484,-0.000681,-0.001679,-0.000393,0.49285,0.054568,0.037014,-0.042065,-0.365743,-0.223454,-0.903493,0.334564,-0.937428,0.096412,-0.868503,-0.267015,0.417617,-0.002014,-0.007525,0.003115,-0.097831,-0.663678,-0.198326,-0.807491
440,0.034562,0.023556,0.399885,-0.374872,-0.219509,-0.90074,0.278453,-0.953357,0.116385,-0.88381,-0.206919,0.419633,-0.005249,-0.017513,0.00459,-0.072992,-0.618024,-0.173531,-1.841537,-0.134707,0.078186,0.352983,0.822109,0.530957,0.205458,-0.568481,0.78405,0.249055,-0.029882,-0.322226,0.946119,-0.011363,-0.000803,0.000384,-0.002045,0.015205,-0.029245,0.509629,0.026028,0.057891,-0.006762,-0.745272,-0.622999,0.237571,0.665215,-0.718983,0.201372,0.045355,0.308114,0.950267,-8e-05,0.000577,0.000315,-0.016495,0.109844,-0.162686,0.497422,0.054441,0.036671,-0.041911,-0.325711,-0.243786,-0.913498,0.388358,-0.915411,0.105827,-0.862026,-0.320296,0.392836,-0.002607,-0.008729,0.002333,0.193909,-0.809547,-0.390876,-0.800633
441,0.034276,0.022898,0.399995,-0.315109,-0.251305,-0.915203,0.359554,-0.924027,0.129873,-0.877919,-0.287836,0.382669,-0.00505,-0.010234,-0.006686,1.188016,-1.469843,-1.031952,-1.841048,-0.134839,0.078396,0.352848,0.827664,0.520386,0.210148,-0.559947,0.78994,0.249774,-0.037063,-0.325064,0.944893,-0.0,2e-06,1e-06,-0.401281,0.486212,0.527664,0.511394,0.025956,0.058001,-0.006832,-0.750797,-0.614727,0.24169,0.658439,-0.725628,0.199803,0.052553,0.30915,0.949559,-0.005621,-0.00081,-3.3e-05,0.342828,0.434407,1.555522,0.501831,0.054301,0.036348,-0.041852,-0.266455,-0.266369,-0.926309,0.460327,-0.879532,0.120504,-0.846817,-0.394296,0.356973,-0.00302,-0.009578,0.001777,0.136206,-1.170343,-0.319178,-0.800306
442,0.034055,0.022317,0.399928,-0.250914,-0.277824,-0.927309,0.415255,-0.896199,0.156085,-0.874106,-0.345568,0.341393,-0.006399,-0.019821,0.003043,-0.530311,0.128477,-2.855814,-1.841503,-0.134901,0.07853,0.352749,0.827517,0.520512,0.210416,-0.560138,0.789947,0.249323,-0.037478,-0.324844,0.944952,1e-06,-5e-06,-3e-06,-0.000105,5.3e-05,4.7e-05,0.507587,0.025926,0.058067,-0.006882,-0.751527,-0.613306,0.243026,0.657608,-0.725781,0.201972,0.052513,0.311603,0.948759,3e-06,-3e-06,2e-06,0.003765,-0.001864,-0.001401,0.499871,0.054187,0.03605,-0.041891,-0.195108,-0.283637,-0.938872,0.51623,-0.843637,0.147588,-0.833929,-0.455879,0.311022,-0.002523,-0.005114,-0.003348,1.171371,-1.61483,-0.995715,-0.811083
443,0.033945,0.022078,0.399807,-0.213561,-0.297096,-0.930683,0.441857,-0.878999,0.179149,-0.871029,-0.372607,0.320155,-0.005818,-0.011767,-0.007739,-0.326543,-1.005783,-0.580602,-1.837346,-0.134917,0.078587,0.352729,0.828137,0.519186,0.211251,-0.559241,0.789811,0.251758,-0.037177,-0.327291,0.944119,-0.000162,0.001141,0.000615,-0.030946,0.01569,0.013923,0.50649,0.025918,0.058094,-0.006892,-0.752253,-0.612019,0.244022,0.656834,-0.725709,0.204729,0.051791,0.31429,0.947912,-9e-05,0.000644,0.000348,0.000431,0.002394,0.008194,0.498402,0.054131,0.035925,-0.041948,-0.154189,-0.300947,-0.941092,0.540153,-0.823222,0.174754,-0.82732,-0.481389,0.289489,-0.002926,-0.005939,-0.003881,-0.318061,-0.960635,-0.558043,-0.810757
444,0.033707,0.021548,0.39947,-0.142948,-0.342239,-0.9287,0.478574,-0.845228,0.237758,-0.866155,-0.410047,0.285769,-0.007536,-0.01522,-0.010066,-0.683964,0.420001,-3.11702,-1.763625,-0.134924,0.078637,0.352716,0.828476,0.518125,0.212521,-0.558743,0.789394,0.254158,-0.037115,-0.329968,0.943189,-6.1e-05,0.000431,0.000232,-0.003747,0.001902,0.001687,0.503475,0.025914,0.058121,-0.006898,-0.752647,-0.611028,0.245289,0.656412,-0.725433,0.207049,0.051428,0.316846,0.947081,-3.7e-05,0.000266,0.000144,0.017006,-0.006988,-0.002447,0.495462,0.054013,0.035663,-0.042115,-0.078808,-0.336487,-0.938384,0.571174,-0.786727,0.234136,-0.817036,-0.517529,0.254193,-0.003781,-0.007811,-0.005129,-0.667125,0.469961,-3.068081,-0.781201
445,0.033474,0.02099,0.398945,-0.101069,-0.361101,-0.927058,0.503461,-0.822252,0.265333,-0.857961,-0.439479,0.266061,-0.008111,-0.016358,-0.010894,0.057495,-0.17088,-0.349043,-1.667243,-0.134925,0.078645,0.35272,0.828985,0.516904,0.213509,-0.558005,0.789096,0.256691,-0.036833,-0.33259,0.942279,-1e-06,7e-06,4e-06,-0.000327,0.000166,0.000148,0.496268,0.025913,0.058126,-0.006896,-0.753222,-0.609919,0.246281,0.655797,-0.725287,0.209494,0.05085,0.319306,0.946286,3e-06,-1.3e-05,-7e-06,0.007252,-0.003258,-0.001952,0.489257,0.053895,0.03538,-0.04238,-0.034818,-0.35083,-0.935791,0.592395,-0.761372,0.263399,-0.804894,-0.545187,0.23434,-0.004135,-0.008363,-0.005551,0.098933,-0.052823,-0.289401,-0.728458
446,0.033431,0.020631,0.398624,-0.095957,-0.369666,-0.924221,0.51351,-0.813776,0.272119,-0.852582,-0.448033,0.269068,0.002524,-0.024179,-0.01583,-0.007708,0.101705,-0.231286,-1.638805,-0.134946,0.078667,0.352722,0.829558,0.515619,0.214388,-0.557173,0.78886,0.259211,-0.036508,-0.335138,0.941389,-5.4e-05,0.000383,0.000206,-0.011671,0.005925,0.005257,0.494941,0.025903,0.058136,-0.006895,-0.753902,-0.60867,0.247289,0.65507,-0.72514,0.212258,0.050124,0.322013,0.945406,-2.7e-05,0.000191,0.000103,0.016777,-0.006193,-0.00031,0.485338,0.053874,0.035214,-0.042531,-0.029715,-0.358766,-0.932953,0.601453,-0.751904,0.269987,-0.798355,-0.553105,0.238124,0.001512,-0.011612,-0.00758,0.013674,0.131867,-0.181961,-0.714415
447,0.033595,0.019463,0.398014,-0.08512,-0.388665,-0.917463,0.532727,-0.795875,0.287674,-0.841889,-0.463795,0.275942,0.011787,-0.041882,-0.011307,-0.045861,0.183452,-0.368511,-1.62743,-0.134987,0.07872,0.352713,0.829358,0.515809,0.214702,-0.557456,0.788708,0.259068,-0.036746,-0.335203,0.941356,-4e-06,2.5e-05,1.4e-05,-2e-06,1e-06,1e-06,0.494567,0.025882,0.058163,-0.006899,-0.753632,-0.608922,0.247491,0.655358,-0.725002,0.211839,0.050438,0.321844,0.945448,3e-06,-1.8e-05,-1.1e-05,0.000539,-0.000428,-0.000747,0.482889,0.053953,0.034636,-0.042838,-0.017339,-0.376439,-0.926278,0.618037,-0.73227,0.286025,-0.785957,-0.567515,0.245351,0.000101,-0.014522,-0.00961,-0.010387,0.188443,-0.407724,-0.720457
448,0.033487,0.018285,0.397458,-0.066726,-0.405044,-0.911884,0.565269,-0.768439,0.299907,-0.822119,-0.494952,0.281372,0.001502,-0.026452,-0.017637,5.030275,-1.563715,-1.757708,-1.624927,-0.135005,0.078719,0.352693,0.829544,0.514888,0.216193,-0.557177,0.78811,0.261477,-0.036792,-0.33802,0.940347,1e-05,-7.2e-05,-3.9e-05,-0.000736,0.000375,0.000332,0.494613,0.025874,0.058162,-0.00691,-0.753846,-0.608024,0.249042,0.655138,-0.724459,0.214363,0.050083,0.324754,0.944471,6e-06,-4.2e-05,-2.3e-05,0.009572,-0.004139,-0.002051,0.482073,0.053899,0.034034,-0.043119,0.000317,-0.390628,-0.920547,0.642553,-0.705282,0.299503,-0.76624,-0.591596,0.250776,-0.006358,-0.016328,-0.002962,-0.057031,0.227884,-0.450324,-0.733847
449,0.033476,0.01742,0.396878,-0.06867,-0.41186,-0.908681,0.571544,-0.76277,0.302475,-0.817606,-0.498076,0.28891,0.004317,-0.020839,-0.013903,-0.004771,0.106103,-0.197127,-1.612187,-0.135001,0.078696,0.352681,0.829371,0.515052,0.216465,-0.557424,0.787947,0.261439,-0.036947,-0.338149,0.940294,2.8e-05,-0.000196,-0.000106,-0.0,0.0,0.0,0.492439,0.025875,0.05815,-0.006916,-0.753619,-0.608213,0.249266,0.655387,-0.724276,0.21422,0.050246,0.324807,0.944444,1.1e-05,-8.6e-05,-4.7e-05,6e-05,-0.000186,-0.000473,0.480276,0.053891,0.033585,-0.04342,0.001234,-0.398036,-0.917368,0.652165,-0.695115,0.30248,-0.758075,-0.598649,0.258728,0.002292,-0.01017,-0.006775,-0.022316,0.076469,-0.210563,-0.736296
450,0.033536,0.017155,0.396615,-0.073564,-0.415404,-0.906682,0.573147,-0.761606,0.302375,-0.816051,-0.496908,0.295247,0.006415,-0.016627,-0.011033,0.185543,0.607868,0.06047,-1.610697,-0.134993,0.078699,0.352671,0.829239,0.515173,0.216679,-0.557611,0.787833,0.261387,-0.037086,-0.338231,0.940259,3.7e-05,-0.00026,-0.00014,-0.0,0.0,0.0,0.491792,0.02588,0.058151,-0.006921,-0.753458,-0.608329,0.24947,0.655562,-0.724136,0.214159,0.050371,0.324903,0.944404,2.1e-05,-0.000149,-8e-05,-7.4e-05,-8.8e-05,-0.000373,0.479133,0.053916,0.033455,-0.04355,-0.000649,-0.401339,-0.915928,0.652875,-0.693954,0.303612,-0.757464,-0.597791,0.262475,-0.00226,-0.001125,-0.008957,0.011129,0.071187,-0.224511,-0.740215
451,0.033478,0.016867,0.396248,-0.060917,-0.430037,-0.900779,0.591186,-0.742666,0.314514,-0.804153,-0.512842,0.300597,-0.003757,-0.007594,-0.005251,-0.345715,1.324902,-2.658249,-1.606292,-0.134973,0.078677,0.352668,0.82888,0.515512,0.217248,-0.558124,0.787487,0.261334,-0.037398,-0.338522,0.940142,7.1e-05,-0.000499,-0.000269,-0.0,0.0,0.0,0.491574,0.02589,0.058141,-0.006922,-0.753025,-0.608643,0.250011,0.656039,-0.723725,0.214086,0.050637,0.32523,0.944277,5.4e-05,-0.000372,-0.000202,-6.5e-05,-5.3e-05,-0.00025,0.47848,0.053892,0.033309,-0.043734,0.010352,-0.412564,-0.910869,0.669114,-0.67407,0.312914,-0.743087,-0.612715,0.269074,-0.00166,-0.003372,-0.002327,0.122957,0.044616,-0.249666,-0.747237
452,0.033585,0.016788,0.395892,-0.044929,-0.441994,-0.895918,0.603058,-0.726969,0.328343,-0.796373,-0.524996,0.300328,0.012224,0.002004,-0.014584,-0.081746,-0.038521,-0.445584,-1.585013,-0.134979,0.078661,0.35265,0.828346,0.516016,0.218087,-0.558884,0.786995,0.261192,-0.037892,-0.338899,0.939987,4e-05,-0.000283,-0.000152,-0.0,0.0,0.0,0.493659,0.025887,0.058132,-0.006931,-0.752388,-0.609103,0.250809,0.656737,-0.723143,0.213915,0.051075,0.325662,0.944105,1.8e-05,-0.000126,-6.7e-05,-5.7e-05,-4.5e-05,-0.000166,0.478644,0.053936,0.033271,-0.043906,0.027607,-0.424516,-0.904999,0.678556,-0.656843,0.328811,-0.734029,-0.62317,0.269924,-0.001038,-0.002253,-0.001536,-0.497776,0.994261,-2.800753,-0.748706
453,0.033795,0.016675,0.395724,-0.030807,-0.444566,-0.895241,0.61454,-0.714789,0.333749,-0.788243,-0.539334,0.296343,0.01048,-0.008463,-0.005432,4.876172,-1.939417,-1.862353,-1.580962,-0.135003,0.07865,0.352646,0.828155,0.5162,0.218376,-0.559156,0.786816,0.261148,-0.038055,-0.339034,0.939931,3.7e-05,-0.000261,-0.000141,-0.0,0.0,0.0,0.494309,0.025874,0.058127,-0.006933,-0.752159,-0.609271,0.251084,0.656987,-0.722932,0.21386,0.051218,0.325816,0.944044,1.8e-05,-0.000116,-6.3e-05,-4.5e-05,-2.5e-05,-0.000141,0.479623,0.054044,0.033222,-0.04399,0.040215,-0.426036,-0.903811,0.684282,-0.647394,0.335614,-0.728106,-0.631959,0.265494,0.006013,0.000786,-0.007438,-0.06,-0.172279,-0.232769,-0.749033
454,0.034408,0.01632,0.395378,-0.002598,-0.447219,-0.894446,0.631652,-0.694148,0.345177,-0.775243,-0.563533,0.285407,0.022803,-0.01324,-0.008321,0.33377,-0.380215,-0.381599,-1.586091,-0.135148,0.078642,0.352611,0.827584,0.516756,0.219225,-0.559965,0.786318,0.260914,-0.038588,-0.339345,0.939798,0.000234,-0.001656,-0.000893,-0.002236,0.016448,-0.023555,0.49553,0.025806,0.058127,-0.006949,-0.751509,-0.609755,0.251858,0.657695,-0.722364,0.213602,0.051688,0.32617,0.943896,9e-06,-6.4e-05,-3.2e-05,-4.4e-05,-2.5e-05,-9.1e-05,0.481419,0.054351,0.033046,-0.044163,0.070768,-0.425441,-0.902214,0.702059,-0.621277,0.348033,-0.708592,-0.658038,0.254718,0.011224,-0.006981,-0.004428,1.354269,-0.842154,-0.778257,-0.751482
455,0.035113,0.015903,0.395102,0.020029,-0.449828,-0.892916,0.654111,-0.669532,0.351906,-0.756156,-0.590562,0.281943,0.01126,-0.006935,-0.004387,4.920737,-1.895924,-1.718057,-1.589352,-0.135354,0.07864,0.352585,0.827087,0.517251,0.219933,-0.560669,0.78589,0.260693,-0.039035,-0.339584,0.939693,-0.011243,-0.001576,-3.4e-05,-0.002045,0.015205,-0.029245,0.495558,0.025703,0.058122,-0.006964,-0.750907,-0.610214,0.252542,0.658349,-0.721843,0.213351,0.052106,0.326468,0.94377,-2e-06,1.9e-05,1.4e-05,-3.3e-05,-2.1e-05,-5.9e-05,0.481909,0.054707,0.032833,-0.044304,0.091556,-0.425578,-0.900277,0.718015,-0.59821,0.355806,-0.689979,-0.678989,0.250802,0.011815,-0.00582,-0.00361,0.015614,-0.010782,0.068431,-0.760137
456,0.035782,0.015665,0.394983,0.04811,-0.450396,-0.891558,0.678477,-0.640326,0.360032,-0.733102,-0.62167,0.27589,0.013354,-0.002638,-0.001401,-0.018883,-0.072619,-0.219551,-1.590662,-0.135551,0.078697,0.352568,0.828034,0.516367,0.218439,-0.55945,0.785623,0.264094,-0.036278,-0.341542,0.939093,-0.001675,0.012087,-0.007125,0.033848,-0.007085,0.020317,0.494812,0.0256,0.058151,-0.006972,-0.752047,-0.609375,0.251171,0.657281,-0.721734,0.216979,0.049057,0.328269,0.943309,-0.000839,0.006054,-0.003554,0.051609,-0.011929,0.016419,0.481583,0.055045,0.032709,-0.044366,0.122102,-0.422508,-0.898096,0.741983,-0.562132,0.365332,-0.659205,-0.71098,0.244856,0.006782,-0.001119,-0.000555,-0.005138,-0.041747,-0.204002,-0.764219
457,0.036006,0.015636,0.395006,0.070297,-0.448819,-0.890878,0.694316,-0.619222,0.366688,-0.716314,-0.643777,0.269206,0.000276,-0.006379,0.011997,4.700522,-2.39117,-1.895077,-1.591499,-0.135617,0.078739,0.352554,0.827999,0.516405,0.218483,-0.559497,0.785626,0.263985,-0.03636,-0.341477,0.939114,-0.011307,-0.001093,0.000226,-0.002084,0.015226,-0.029227,0.493126,0.025572,0.058173,-0.006979,-0.752002,-0.609431,0.251168,0.657321,-0.721772,0.216732,0.049203,0.328081,0.943366,-3.9e-05,0.000279,0.000152,0.002788,-0.000878,-0.000798,0.48093,0.055156,0.032696,-0.04436,0.13986,-0.419587,-0.896875,0.752368,-0.543827,0.371744,-0.643724,-0.726773,0.239624,0.00737,9.2e-05,0.000285,-0.27463,-0.658246,-0.448061,-0.771404
458,0.036215,0.01562,0.395308,0.121752,-0.446575,-0.886449,0.725011,-0.569944,0.386645,-0.678042,-0.689211,0.255487,0.001608,-0.00363,0.013902,-0.070249,-0.346461,-0.377825,-1.595116,-0.135645,0.078875,0.352484,0.828699,0.514969,0.219217,-0.558472,0.785607,0.266204,-0.03617,-0.343685,0.938316,-6e-06,4.4e-05,2.4e-05,-0.000733,0.000378,0.000335,0.491257,0.025554,0.058241,-0.007014,-0.752816,-0.608077,0.252011,0.656425,-0.721884,0.219062,0.048716,0.33034,0.942603,3e-06,-5e-06,-1e-06,0.009078,-0.003874,-0.001728,0.478643,0.055262,0.032688,-0.044204,0.194758,-0.409962,-0.891066,0.779052,-0.487305,0.394475,-0.595941,-0.771015,0.224475,0.000858,-0.001712,0.007042,-0.058836,-0.323683,-0.36439,-0.781854
459,0.036491,0.015542,0.395617,0.140699,-0.442536,-0.88567,0.73059,-0.557316,0.394473,-0.668339,-0.70202,0.246005,0.014997,0.0008,0.000969,-0.007309,-0.048879,0.045806,-1.603715,-0.135644,0.079057,0.352325,0.829971,0.512204,0.220876,-0.556599,0.785404,0.270688,-0.03587,-0.348254,0.93664,-0.001447,0.010461,-0.007993,0.017505,0.0013,0.027767,0.491258,0.025554,0.058329,-0.00709,-0.754313,-0.605431,0.253897,0.654778,-0.721888,0.223926,0.047714,0.335157,0.940953,-0.000678,0.004928,-0.00416,0.046457,-0.010227,0.02454,0.477501,0.055402,0.032653,-0.044045,0.213175,-0.403607,-0.889751,0.782929,-0.474198,0.402687,-0.584446,-0.782455,0.214908,0.007476,0.000355,0.00046,0.021812,0.012243,0.07351,-0.791325
460,0.036722,0.015511,0.395627,0.143341,-0.44182,-0.885604,0.738015,-0.548484,0.393027,-0.659562,-0.709383,0.248556,0.013648,-0.00198,-0.000958,0.082301,0.17472,0.114335,-1.607501,-0.135666,0.079157,0.352206,0.831256,0.509431,0.222454,-0.554707,0.785116,0.275366,-0.035414,-0.352944,0.934901,-0.001203,0.008716,-0.008931,-0.277179,0.152778,0.162361,0.49192,0.025542,0.058385,-0.007151,-0.755532,-0.603342,0.255242,0.653432,-0.721923,0.227712,0.046877,0.338827,0.939679,-0.000577,0.004216,-0.00454,-0.371262,0.193305,0.181912,0.477501,0.05552,0.032642,-0.044038,0.215543,-0.402692,-0.889595,0.789379,-0.46442,0.401489,-0.574823,-0.788766,0.217774,0.006772,-0.001096,-0.00055,0.107586,0.230053,0.139955,-0.790835
461,0.037282,0.015233,0.395258,0.117389,-0.444632,-0.888013,0.751652,-0.544619,0.371997,-0.649174,-0.710598,0.271386,0.022509,-0.00697,-0.020418,1.909439,0.286877,0.019631,-1.622174,-0.135746,0.079308,0.351924,0.831831,0.508073,0.223407,-0.553826,0.785157,0.277016,-0.035708,-0.354805,0.934185,-0.00101,0.007339,-0.00967,0.033323,-0.006874,0.020524,0.492324,0.025502,0.058458,-0.007288,-0.756518,-0.60155,0.256551,0.6523,-0.722133,0.230276,0.046742,0.341556,0.938697,-0.000497,0.003639,-0.00485,0.056701,-0.016815,0.015837,0.47799,0.055793,0.032521,-0.044204,0.189387,-0.408434,-0.892923,0.799656,-0.463567,0.381647,-0.569808,-0.786312,0.238813,0.011111,-0.003791,-0.010426,0.299491,0.593216,0.323029,-0.78561
462,0.038092,0.014467,0.394672,0.092455,-0.455984,-0.885198,0.763996,-0.537641,0.356686,-0.638674,-0.708705,0.299767,0.018743,-0.021928,-0.014427,0.222791,0.503463,0.266541,-1.628325,-0.135891,0.079428,0.351619,0.832273,0.506846,0.224547,-0.553136,0.785081,0.278607,-0.03612,-0.356726,0.933437,-0.010609,-0.006062,-0.002461,-0.002215,0.015293,-0.029167,0.492393,0.025434,0.058519,-0.007445,-0.757021,-0.600438,0.257667,0.6517,-0.722218,0.231707,0.046966,0.343328,0.93804,-0.000425,0.003134,-0.005119,0.039851,0.005352,-0.006321,0.478317,0.056189,0.032144,-0.044498,0.166233,-0.423228,-0.890642,0.814837,-0.449711,0.365785,-0.555342,-0.786534,0.270105,0.015451,-0.013535,-0.008802,0.325819,0.728078,0.403595,-0.791978
