frame,MLTx,MLTy,MLTz,MLTR1,MLTR2,MLTR3,MLTR4,MLTR5,MLTR6,MLTR7,MLTR8,MLTR9,MLTTVx,MLTTVy,MLTTVz,MLTRVx,MLTRVy,MLTRVz,MLGA,MRTx,MRTy,MRTz,MRTR1,MRTR2,MRTR3,MRTR4,MRTR5,MRTR6,MRTR7,MRTR8,MRTR9,MRTTVx,MRTTVy,MRTTVz,MRTRVx,MRTRVy,MRTRVz,MRGA,SLTx,SLTy,SLTz,SLTR1,SLTR2,SLTR3,SLTR4,SLTR5,SLTR6,SLTR7,SLTR8,SLTR9,SLTTVx,SLTTVy,SLTTVz,SLTRVx,SLTRVy,SLTRVz,SLGA,SRTx,SRTy,SRTz,SRTR1,SRTR2,SRTR3,SRTR4,SRTR5,SRTR6,SRTR7,SRTR8,SRTR9,SRTTVx,SRTTVy,SRTTVz,SRTRVx,SRTRVy,SRTRVz,SRGA
89,0.062074,0.012723,0.354628,-0.42262,0.352692,-0.834892,-0.684764,-0.727693,0.039156,-0.593217,0.58781,0.55009,-0.002824,-0.014273,0.005675,1.174026,-1.524743,1.930672,0.408625,-0.102407,0.035567,0.309131,0.596456,0.714711,0.365267,-0.802529,0.534392,0.265155,-0.006428,-0.452191,0.891822,0.012298,0.006403,0.003936,0.004637,-0.032139,0.052416,-1.400207,0.042827,0.040225,-0.026019,-0.490643,-0.770847,0.406281,0.868627,-0.469586,0.158036,0.068962,0.430446,0.899977,-0.00036,0.001563,0.001439,-0.017735,0.117797,-0.15984,-0.825885,0.067688,0.029559,-0.062526,-0.218717,0.461632,-0.859684,-0.781048,-0.610927,-0.129344,-0.584915,0.643166,0.494177,-0.008284,-0.006019,0.003416,-0.040249,0.055174,-0.077874,0.357914
90,0.061846,0.01232,0.354681,-0.404662,0.359084,-0.841042,-0.690636,-0.722797,0.023633,-0.598921,0.589968,0.541534,-0.00207,-0.005139,-0.004288,0.36228,-0.448358,0.559055,0.419024,-0.102194,0.035804,0.309338,0.586021,0.722136,0.367547,-0.810199,0.522977,0.264587,-0.001878,-0.453749,0.891051,0.011973,0.007761,0.00518,-0.016005,0.101553,-0.130993,-1.398259,0.042933,0.040346,-0.025914,-0.479558,-0.777393,0.407041,0.875157,-0.457647,0.157028,0.064209,0.431529,0.89981,-0.000717,0.003101,0.002859,-0.016234,0.101542,-0.137484,-0.824252,0.067571,0.029348,-0.062501,-0.197412,0.465583,-0.862704,-0.783191,-0.604189,-0.146851,-0.589609,0.646673,0.483915,-0.00167,-0.007765,0.002319,1.173084,-1.612697,2.096971,0.365425
91,0.061846,0.01214,0.354705,-0.395131,0.361625,-0.844479,-0.691866,-0.72186,0.014544,-0.603852,0.58956,0.536478,-0.00104,-0.002582,-0.002156,0.000265,-0.000337,0.000427,0.419763,-0.102088,0.035926,0.309431,0.585072,0.720515,0.372209,-0.810881,0.521397,0.265615,-0.003415,-0.458128,0.888803,0.012219,0.006666,0.004166,-0.125865,0.056818,0.096354,-1.396986,0.042985,0.04041,-0.025864,-0.478,-0.775886,0.411722,0.875933,-0.455883,0.157832,0.065237,0.436085,0.897537,-0.000539,0.002332,0.002147,-0.194276,0.193891,-0.044816,-0.82115,0.067568,0.029251,-0.062495,-0.186365,0.466818,-0.864492,-0.782564,-0.602536,-0.156662,-0.594021,0.647324,0.477607,-0.001311,-0.006875,0.003057,-0.037738,-0.069374,0.148044,0.370814
92,0.061878,0.01191,0.354937,-0.388026,0.364145,-0.846687,-0.694172,-0.719739,0.00852,-0.605816,0.590596,0.533113,-0.000333,-0.008082,0.010842,-0.033805,0.020293,-0.014741,0.414732,-0.101915,0.036018,0.309541,0.581936,0.718541,0.380842,-0.81311,0.518175,0.265107,-0.007575,-0.464846,0.885282,0.012863,0.003856,0.001574,-0.094267,0.1461,-0.089308,-1.395226,0.043071,0.040459,-0.025806,-0.47433,-0.773683,0.420029,0.877699,-0.452579,0.157528,0.06822,0.44338,0.893733,0.000905,-0.005203,0.004144,-0.121005,0.049976,0.02762,-0.813801,0.067582,0.02913,-0.062383,-0.178833,0.468288,-0.865288,-0.783474,-0.599757,-0.162661,-0.595136,0.648842,0.474148,-7.8e-05,-0.003814,0.005613,-0.033657,0.020619,-0.015265,0.371794
93,0.061868,0.011706,0.355333,-0.387175,0.367421,-0.845661,-0.695412,-0.718566,0.006122,-0.604939,0.589993,0.534775,-3.3e-05,-0.007335,0.011466,-0.033619,0.020808,-0.014455,0.415248,-0.101762,0.035963,0.309576,0.580428,0.716995,0.386021,-0.814173,0.515992,0.2661,-0.009112,-0.469642,0.882732,0.013503,0.001099,-0.000966,-0.01894,0.103331,-0.129094,-1.390991,0.043147,0.040435,-0.025786,-0.472462,-0.77209,0.425035,0.878642,-0.450393,0.15853,0.069034,0.448354,0.891185,0.000275,-0.001187,-0.001095,-0.003793,0.124899,-0.188965,-0.814291,0.067578,0.029034,-0.062187,-0.177725,0.471399,-0.863826,-0.784064,-0.598296,-0.165181,-0.59469,0.647938,0.475939,-3.3e-05,-0.003692,0.005712,-0.035078,0.012074,-0.020511,0.369997
94,0.061759,0.011471,0.355712,-0.388406,0.367272,-0.845161,-0.695719,-0.718255,0.007542,-0.603795,0.590464,0.535547,-0.000707,-0.00901,0.010073,-0.033817,0.020257,-0.014762,0.411104,-0.101489,0.035944,0.30952,0.579162,0.717205,0.38753,-0.815068,0.514795,0.265678,-0.009671,-0.470636,0.882197,0.013357,0.001747,-0.000374,0.002044,-0.015205,0.029246,-1.389577,0.043285,0.040419,-0.025819,-0.470853,-0.772318,0.426404,0.879461,-0.449046,0.157807,0.069598,0.449311,0.89066,0.000127,-0.000544,-0.000508,-0.017586,0.116564,-0.160172,-0.812658,0.067526,0.028922,-0.061993,-0.179008,0.471337,-0.863595,-0.784561,-0.598032,-0.163771,-0.593649,0.648227,0.476845,-0.000303,-0.004363,0.005157,-0.033791,0.020101,-0.014948,0.367385
95,0.061658,0.011287,0.355924,-0.388998,0.367247,-0.8449,-0.695983,-0.71799,0.008289,-0.60311,0.590801,0.535948,-0.001063,-0.009892,0.009341,-0.03382,0.020249,-0.014767,0.412334,-0.101339,0.035967,0.309519,0.57853,0.717304,0.38829,-0.815514,0.514196,0.265468,-0.009953,-0.47114,0.881925,0.01316,0.002596,0.000407,-0.015925,0.101587,-0.130709,-1.388114,0.04336,0.040429,-0.025821,-0.470243,-0.772367,0.426988,0.879773,-0.448507,0.157605,0.069778,0.449766,0.890415,-4e-06,1.5e-05,9e-06,1e-05,-3.6e-05,-5.8e-05,-0.813312,0.067476,0.028831,-0.061886,-0.179633,0.471389,-0.863436,-0.784907,-0.597773,-0.163056,-0.593002,0.648428,0.477377,-0.001218,-0.010261,0.009037,-0.067593,0.040476,-0.029612,0.366242
96,0.061411,0.010948,0.356355,-0.391059,0.369494,-0.842966,-0.696358,-0.717626,0.008429,-0.601341,0.589839,0.538986,-0.000604,-0.008751,0.010296,0.119003,0.439987,0.216937,0.416502,-0.101083,0.036017,0.309539,0.577124,0.71754,0.389943,-0.816503,0.512858,0.265018,-0.01054,-0.47224,0.881329,-4e-06,1.6e-05,1.5e-05,-0.0,0.0,0.0,-1.379929,0.043493,0.040456,-0.02581,-0.468553,-0.772529,0.42855,0.880639,-0.446997,0.157059,0.070228,0.450989,0.889761,0.006569,0.00135,0.000246,-0.015981,0.101576,-0.130755,-0.809393,0.067351,0.028658,-0.061674,-0.181312,0.47177,-0.862877,-0.785483,-0.597416,-0.161582,-0.591727,0.648479,0.478886,-0.000245,-0.004223,0.005278,0.143355,0.597037,0.109413,0.370487
97,0.061155,0.010765,0.356887,-0.39325,0.371663,-0.840991,-0.696643,-0.717346,0.008669,-0.599578,0.588814,0.542062,-0.012112,-0.00092,0.016074,-0.008623,0.091259,0.019532,0.41538,-0.100875,0.036012,0.309505,0.574126,0.717278,0.39482,-0.818571,0.510546,0.263094,-0.013574,-0.475139,0.879728,0.000504,-0.002146,-0.00198,-0.018002,0.116781,-0.159959,-1.373637,0.043596,0.040458,-0.025824,-0.465157,-0.7721,0.433,0.882228,-0.444568,0.155021,0.072806,0.454114,0.887963,0.000306,-0.001309,-0.001212,-0.003712,0.014227,-0.022192,-0.809066,0.067225,0.028558,-0.061415,-0.183789,0.476429,-0.859788,-0.785546,-0.596981,-0.162883,-0.590879,0.645467,0.483976,-0.006096,-0.000541,0.007972,-0.006743,0.087171,0.014897,0.371794
98,0.061021,0.010749,0.357221,-0.396708,0.373551,-0.838527,-0.696885,-0.717091,0.01018,-0.597011,0.587928,0.545844,-0.011177,0.001385,0.017978,-0.023462,0.054259,-0.002878,0.413225,-0.100801,0.035958,0.30946,0.5729,0.717509,0.396178,-0.819422,0.509391,0.262683,-0.014042,-0.476031,0.879239,0.000702,-0.002987,-0.002757,-0.018006,0.116776,-0.159962,-1.367873,0.043626,0.040436,-0.025848,-0.463789,-0.772261,0.434179,0.88292,-0.443358,0.154547,0.073146,0.455023,0.887469,0.000334,-0.001414,-0.001309,-0.018175,0.116412,-0.159847,-0.80629,0.067157,0.028549,-0.061255,-0.1874,0.478865,-0.857653,-0.785971,-0.596801,-0.161483,-0.589177,0.643828,0.488215,-0.006203,-0.004429,0.013525,-0.06671,0.056172,-0.047471,0.371304
99,0.060771,0.010862,0.357965,-0.398827,0.38356,-0.832985,-0.697746,-0.716314,0.004175,-0.594588,0.582397,0.554352,-0.009801,0.004753,0.020731,0.039785,0.223457,0.091679,0.408326,-0.100731,0.035792,0.309302,0.570771,0.717916,0.398508,-0.820893,0.507412,0.261921,-0.014879,-0.477532,0.87841,0.001389,-0.00591,-0.005464,-0.020618,0.133697,-0.183141,-1.348937,0.043667,0.040352,-0.025922,-0.461394,-0.772536,0.436237,0.884126,-0.441238,0.153719,0.073731,0.456613,0.886604,0.000664,-0.002823,-0.002613,-0.002652,0.016907,-0.023178,-0.800901,0.067033,0.028605,-0.060877,-0.188806,0.48841,-0.851943,-0.785734,-0.595518,-0.167271,-0.589045,0.637819,0.496197,-0.00473,0.002824,0.010739,0.057754,0.260808,0.146228,0.367222
100,0.060522,0.011089,0.358722,-0.400602,0.390987,-0.828669,-0.698439,-0.715649,-8e-05,-0.592577,0.578254,0.560804,-0.009718,0.004914,0.020816,0.155295,0.539026,0.263537,0.401917,-0.100653,0.035551,0.309061,0.569443,0.718161,0.399963,-0.821805,0.506191,0.26142,-0.015422,-0.478459,0.877896,0.014495,-0.002978,-0.004769,0.002045,-0.015205,0.029245,-1.346131,0.043702,0.040225,-0.026047,-0.459746,-0.772718,0.437651,0.884947,-0.439802,0.153106,0.074172,0.457688,0.886012,0.000796,-0.003372,-0.003126,-0.002643,0.016936,-0.023188,-0.797962,0.06691,0.028723,-0.060494,-0.189907,0.493741,-0.848619,-0.785742,-0.594687,-0.170163,-0.588679,0.634481,0.500888,-0.004703,0.002873,0.010754,-0.033066,0.007253,-0.031364,0.357261
101,0.060246,0.011284,0.359437,-0.401076,0.391085,-0.828393,-0.699002,-0.7151,0.000766,-0.591593,0.578866,0.561212,0.002511,-0.001055,0.016588,-0.0333,0.006439,0.010515,0.402278,-0.100557,0.03541,0.308922,0.568904,0.71825,0.40057,-0.822174,0.50569,0.261231,-0.015641,-0.478857,0.877676,0.000589,-0.0025,-0.002321,-0.0,0.0,0.0,-1.344594,0.043756,0.040151,-0.026121,-0.459157,-0.77277,0.438179,0.885239,-0.439284,0.152901,0.074327,0.458099,0.885787,0.000379,-0.001605,-0.00149,-0.020627,0.133688,-0.183167,-0.799105,0.06677,0.028828,-0.060131,-0.190802,0.495899,-0.847158,-0.786066,-0.594098,-0.170723,-0.587957,0.633349,0.503165,-0.005361,0.001232,0.009389,-0.036063,0.015856,-0.022065,0.355465
102,0.060075,0.011306,0.359745,-0.401611,0.391027,-0.828161,-0.699185,-0.714919,0.001443,-0.591012,0.579128,0.561553,-0.011528,0.000412,0.017082,-0.034318,0.021063,-0.019088,0.397776,-0.100547,0.035363,0.308892,0.568505,0.718327,0.400998,-0.822447,0.505308,0.261108,-0.01577,-0.479144,0.877516,0.000443,-0.00188,-0.001746,-0.0,0.0,0.0,-1.343746,0.043761,0.040127,-0.026136,-0.458707,-0.772823,0.438556,0.885466,-0.438877,0.152762,0.074414,0.4584,0.885624,0.000226,-0.000951,-0.000883,-0.020617,0.133687,-0.18317,-0.801065,0.06669,0.02884,-0.059976,-0.191338,0.49588,-0.847048,-0.786348,-0.593914,-0.170063,-0.587405,0.633536,0.503573,-0.005896,-9.3e-05,0.008301,-0.035094,0.020256,-0.019211,0.352362
103,0.059727,0.011206,0.360298,-0.402971,0.390833,-0.827592,-0.699509,-0.714598,0.00307,-0.589702,0.579656,0.562386,-0.012872,-0.002889,0.014379,-0.034799,0.034963,-0.044331,0.387506,-0.100499,0.03538,0.308899,0.56781,0.718446,0.401769,-0.822922,0.504663,0.260861,-0.016047,-0.479648,0.877236,-0.00022,0.000932,0.000866,-0.0,0.0,0.0,-1.341972,0.043786,0.040133,-0.026134,-0.457922,-0.772899,0.439242,0.885855,-0.438187,0.152484,0.074616,0.458931,0.885332,-0.000165,0.000703,0.000652,-1.3e-05,-1e-05,5e-06,-0.802861,0.066512,0.02879,-0.059693,-0.192797,0.495872,-0.846722,-0.786922,-0.59361,-0.16846,-0.586158,0.633827,0.504659,-0.006493,-0.001562,0.0071,-0.035238,0.034877,-0.04411,0.343871
104,0.059445,0.011091,0.360815,-0.404436,0.393185,-0.825761,-0.699957,-0.71416,0.002711,-0.588164,0.578602,0.565075,-0.012914,-0.002992,0.014291,-0.034735,0.035134,-0.04424,0.359304,-0.100329,0.035437,0.30902,0.567239,0.718532,0.402422,-0.823315,0.50404,0.260826,-0.016128,-0.480174,0.876947,0.012561,0.005261,0.002866,0.002045,-0.015205,0.029245,-1.335289,0.043866,0.04016,-0.026075,-0.457239,-0.772956,0.439852,0.886207,-0.437501,0.152412,0.074628,0.459489,0.885042,0.007381,-0.003358,0.004853,-0.034416,-0.008521,0.009299,-0.803514,0.066373,0.028729,-0.059444,-0.194176,0.49837,-0.844939,-0.787221,-0.593086,-0.168908,-0.585301,0.632357,0.50749,-0.006478,-0.001527,0.007123,-0.036233,0.029714,-0.047594,0.322153
105,0.059345,0.011033,0.361024,-0.4048,0.393181,-0.825585,-0.700154,-0.713965,0.003212,-0.58768,0.578845,0.56533,-3.7e-05,-0.007308,0.011468,-0.033814,0.020247,-0.01478,0.332348,-0.100241,0.035443,0.309119,0.566833,0.71861,0.402855,-0.823595,0.503562,0.260866,-0.016104,-0.48056,0.876736,0.012495,0.005533,0.003116,0.002045,-0.015205,0.029245,-1.327997,0.043909,0.040165,-0.026023,-0.456799,-0.773007,0.440221,0.88644,-0.437017,0.152442,0.074545,0.459866,0.884853,-0.000406,0.001709,0.001581,-0.015413,0.09979,-0.136847,-0.803187,0.066324,0.028705,-0.059342,-0.194535,0.498368,-0.844857,-0.787462,-0.592904,-0.168424,-0.584857,0.632529,0.507787,0.000567,0.00141,0.001151,-0.000502,-0.000806,-0.000297,0.29717
106,0.059251,0.010912,0.361247,-0.405261,0.393178,-0.82536,-0.700397,-0.713724,0.003841,-0.587073,0.579144,0.565654,3.4e-05,8.2e-05,6.7e-05,0.0,0.0,0.0,0.209539,-0.10001,0.035434,0.309318,0.566058,0.718753,0.403688,-0.824129,0.502613,0.261007,-0.016001,-0.48134,0.87631,-0.000773,0.003259,0.00302,0.002612,-0.0169,0.023194,-1.31666,0.04403,0.040162,-0.025924,-0.45593,-0.773098,0.44096,0.886905,-0.436032,0.152556,0.074332,0.460645,0.884465,0.007362,-0.003278,0.004923,-0.052417,0.108074,-0.15081,-0.802045,0.066273,0.028642,-0.059219,-0.195054,0.498426,-0.844703,-0.787805,-0.592633,-0.167774,-0.584223,0.632737,0.508258,-4.7e-05,-0.000103,-8.1e-05,-0.000236,-4.7e-05,0.000132,0.19348
107,0.059276,0.010638,0.361316,-0.415015,0.383408,-0.825109,-0.683457,-0.729958,0.004508,-0.600058,0.565318,0.566016,-0.001217,-0.002972,-0.002418,0.122629,0.013121,-0.109776,0.005807,-0.099762,0.035444,0.309518,0.565446,0.718858,0.404358,-0.824552,0.501827,0.261186,-0.015863,-0.482005,0.875947,0.012585,0.005122,0.002726,-0.015981,0.101352,-0.130874,-1.303952,0.044148,0.040169,-0.025821,-0.45535,-0.773156,0.441458,0.887225,-0.435312,0.152751,0.074072,0.461229,0.884183,0.000738,-0.004445,0.00485,-0.033844,-0.01026,0.003216,-0.802861,0.066286,0.028507,-0.059183,-0.205971,0.49032,-0.846853,-0.773863,-0.611289,-0.165712,-0.598925,0.621217,0.505348,-0.001132,-0.006371,0.003526,0.380166,0.015236,-0.299973,-0.051292
108,0.059276,0.010471,0.361391,-0.422939,0.378215,-0.823481,-0.670437,-0.741939,0.003508,-0.609127,0.553102,0.568392,-0.001774,-0.011555,0.00802,-0.003837,0.071114,0.004908,-0.075859,-0.099648,0.035433,0.309572,0.5639,0.7183,0.407497,-0.825566,0.50084,0.259875,-0.018121,-0.483862,0.874879,0.013068,0.003094,0.000847,-0.015978,0.10134,-0.1309,-1.28895,0.044204,0.040167,-0.025791,-0.45349,-0.772524,0.444468,0.888008,-0.434206,0.151344,0.076074,0.463324,0.882916,-3.2e-05,0.000128,0.000115,-0.001993,-0.004963,0.001862,-0.798615,0.066284,0.028421,-0.059154,-0.214842,0.486553,-0.846822,-0.762663,-0.625202,-0.165728,-0.610071,0.610235,0.505396,-0.000928,-0.005874,0.003931,0.01746,0.158022,-0.194469,-0.162003
109,0.059176,0.010243,0.36162,-0.433529,0.372819,-0.820429,-0.653087,-0.757263,0.000923,-0.620404,0.535744,0.572802,-0.000942,-0.009522,0.009677,4.553247,0.157497,-3.104161,-0.250873,-0.099476,0.035392,0.309603,0.561844,0.717814,0.411175,-0.826911,0.499382,0.258398,-0.020548,-0.486087,0.873591,0.000183,-0.000767,-0.000711,-0.017423,0.118245,-0.160963,-1.275008,0.044295,0.040147,-0.025775,-0.451093,-0.771938,0.447911,0.889047,-0.432621,0.149776,0.078158,0.465778,0.881443,0.00013,-0.000549,-0.000511,-0.000489,-0.000424,-0.000315,-0.795676,0.066233,0.028308,-0.059046,-0.223876,0.484694,-0.845547,-0.751388,-0.638379,-0.166993,-0.620721,0.597948,0.507111,0.000337,0.000832,0.000678,0.076962,0.215143,0.117339,-0.305209
110,0.059046,0.010124,0.361948,-0.444703,0.36948,-0.815947,-0.635465,-0.772104,-0.003355,-0.630689,0.516551,0.579167,0.001251,0.003051,0.00248,0.0567,0.122994,0.057913,-0.38182,-0.099359,0.035324,0.309592,0.56075,0.717996,0.41235,-0.827646,0.498311,0.258111,-0.02085,-0.486918,0.87312,0.000318,-0.001328,-0.00123,0.0,0.0,-0.0,-1.242372,0.044354,0.040111,-0.025782,-0.449775,-0.772081,0.448989,0.889701,-0.431394,0.149434,0.078316,0.466679,0.880952,0.000173,-0.00072,-0.000669,-6.1e-05,-0.000112,6e-05,-0.787512,0.066168,0.028241,-0.058875,-0.238724,0.481085,-0.843544,-0.731821,-0.660115,-0.169366,-0.638316,0.576892,0.509654,0.000671,0.00165,0.001343,0.049558,0.095348,0.039596,-0.425881
111,0.059072,0.010138,0.362271,-0.461752,0.359909,-0.810738,-0.608361,-0.793621,-0.005886,-0.644969,0.490052,0.586422,0.002526,0.006166,0.005002,0.138093,0.03557,-0.038295,-0.547493,-0.099309,0.035122,0.309659,0.559429,0.718275,0.413656,-0.828539,0.49686,0.258043,-0.020876,-0.48799,0.872521,0.00219,-0.011844,0.006976,-0.036435,0.006569,-0.020012,-1.109966,0.044379,0.040012,-0.025754,-0.448313,-0.772271,0.450125,0.890448,-0.429896,0.149298,0.078209,0.467745,0.880395,2.6e-05,-0.000113,-0.000106,-2.3e-05,-1e-06,7e-06,-0.751098,0.066178,0.028245,-0.058722,-0.257594,0.474305,-0.84183,-0.708414,-0.685195,-0.169284,-0.65711,0.552758,0.512507,0.001122,0.002751,0.002233,1.360094,0.012575,-1.001719,-0.534633
112,0.059137,0.010217,0.362401,-0.471805,0.355455,-0.806906,-0.59441,-0.804116,-0.006735,-0.65066,0.476009,0.591679,0.002834,0.006922,0.005608,0.184068,0.170159,0.028094,-0.627678,-0.099262,0.035032,0.30972,0.559143,0.718349,0.413914,-0.828736,0.496459,0.258185,-0.020717,-0.48829,0.872357,0.013172,0.00271,0.000487,0.002045,-0.015205,0.029245,-0.966675,0.044398,0.039962,-0.025721,-0.44796,-0.772334,0.450367,0.890644,-0.42944,0.149438,0.077989,0.46806,0.880248,0.001059,-0.00578,0.003618,-0.036439,0.006568,-0.020014,-0.692966,0.066211,0.028283,-0.058652,-0.268759,0.470805,-0.840303,-0.696039,-0.697966,-0.168438,-0.665805,0.539615,0.515284,0.001385,0.003392,0.002746,0.475293,0.207499,-0.169938,-0.596193
113,0.059359,0.01046,0.362616,-0.486554,0.350136,-0.800447,-0.571198,-0.82071,-0.011862,-0.660489,0.451001,0.600316,0.015857,0.002988,0.003084,4.52412,0.305291,-3.119758,-0.970847,-0.099138,0.034894,0.309939,0.558961,0.718437,0.414007,-0.828873,0.495948,0.258728,-0.020138,-0.48868,0.872152,0.001448,-0.008738,0.009857,-0.03643,0.006541,-0.020031,-0.517924,0.044465,0.039894,-0.025617,-0.447797,-0.7724,0.450416,0.890779,-0.428974,0.14997,0.07738,0.468378,0.880132,-0.000431,0.001787,0.001654,-0.01538,0.09939,-0.137137,-0.523471,0.066319,0.02841,-0.05854,-0.282546,0.469782,-0.836344,-0.679122,-0.713715,-0.171469,-0.677465,0.519532,0.520697,0.001285,0.003147,0.002539,0.128139,0.256287,0.369132,-0.742501
114,0.059789,0.010487,0.362669,-0.507737,0.339952,-0.791631,-0.538163,-0.842658,-0.016764,-0.672148,0.417087,0.611786,0.013629,-0.002443,-0.001309,4.565618,0.567889,-3.098524,-1.508975,-0.099055,0.034831,0.310246,0.564907,0.712606,0.41601,-0.824828,0.499754,0.264268,-0.020284,-0.493319,0.869533,-0.001312,0.005466,0.005054,-0.140033,0.175347,-0.068033,-0.130531,0.044509,0.039857,-0.025463,-0.45396,-0.767194,0.453135,0.887702,-0.433267,0.155763,0.076828,0.47296,0.877727,0.000454,-0.003265,0.005948,-0.201686,0.091203,0.094093,-0.413086,0.066538,0.028434,-0.058505,-0.305831,0.461569,-0.832719,-0.649529,-0.740632,-0.171975,-0.696117,0.48828,0.526311,0.006776,-0.001322,-0.000745,0.23132,0.490265,0.267808,-0.737276
115,0.060095,0.010376,0.362595,-0.520268,0.331219,-0.787185,-0.519193,-0.854482,-0.016456,-0.677445,0.399723,0.617508,0.012175,-0.006021,-0.004198,0.229728,0.204029,0.245098,-1.851421,-0.09906,0.034826,0.310416,0.566748,0.712018,0.41451,-0.82364,0.499585,0.268263,-0.016777,-0.494339,0.869028,-0.001298,0.005411,0.004997,-0.151,0.173917,-0.081239,0.003541,0.044505,0.039859,-0.025373,-0.456011,-0.766663,0.451973,0.886968,-0.433199,0.160076,0.073071,0.473883,0.87755,-0.000688,0.002841,0.002623,-0.147091,0.178101,-0.083566,-0.37406,0.066683,0.028385,-0.058537,-0.322764,0.452854,-0.831111,-0.628707,-0.758969,-0.169385,-0.707495,0.467854,0.529681,0.006147,-0.002864,-0.001993,1.491738,0.492018,-0.734345,-0.732541
116,0.06063,0.010084,0.362427,-0.535785,0.3216,-0.780739,-0.490342,-0.871225,-0.022442,-0.686756,0.3704,0.625457,0.012119,-0.006183,-0.004336,0.045516,0.100565,0.088472,-1.911631,-0.099166,0.034779,0.310764,0.573455,0.704858,0.417513,-0.819,0.502882,0.276193,-0.015993,-0.501213,0.865097,0.000978,-0.006776,0.011663,-0.373567,0.199775,0.196131,0.161292,0.044451,0.039841,-0.025201,-0.462344,-0.760801,0.455431,0.883761,-0.437169,0.166881,0.072138,0.479648,0.874489,-0.000506,0.002076,0.001914,-0.561667,0.342259,0.305579,-0.254368,0.066957,0.028229,-0.058629,-0.340871,0.446352,-0.82739,-0.601556,-0.779894,-0.172898,-0.722451,0.438786,0.53435,0.005947,-0.003375,-0.002403,0.049808,-0.010495,0.212961,-0.745114
117,0.061164,0.009883,0.362292,-0.553611,0.312168,-0.772082,-0.46027,-0.887296,-0.028789,-0.69337,0.339035,0.635862,0.012835,-0.00442,-0.002918,0.066129,0.138805,0.102681,-1.91224,-0.099341,0.034529,0.311023,0.582665,0.695663,0.420173,-0.812401,0.510581,0.281504,-0.019423,-0.506245,0.862091,0.001837,-0.010378,0.008348,-0.162921,0.08426,0.050218,0.258959,0.044362,0.039721,-0.025067,-0.472494,-0.751827,0.459896,0.878217,-0.445482,0.174009,0.074051,0.486107,0.870755,-0.006734,-0.000742,0.000325,-0.156929,0.109819,0.055906,0.038902,0.067222,0.028124,-0.0587,-0.361104,0.439216,-0.822612,-0.573552,-0.800158,-0.175453,-0.735282,0.408454,0.540854,0.006392,-0.002276,-0.001518,0.09395,0.133081,0.083301,-0.757361
118,0.061654,0.00967,0.362183,-0.572939,0.295365,-0.764556,-0.429646,-0.902584,-0.026791,-0.697282,0.312766,0.644982,0.012172,-0.006083,-0.004267,0.390987,0.05513,-0.299975,-1.912941,-0.099613,0.034232,0.311107,0.582535,0.694647,0.42203,-0.812521,0.508986,0.284036,-0.018225,-0.509242,0.860351,0.000592,-0.002489,-0.002292,-0.0067,0.01931,-0.021,0.283103,0.044226,0.039572,-0.02502,-0.472339,-0.75075,0.461811,0.878443,-0.443956,0.176745,0.072333,0.489159,0.869189,-0.006384,-0.002212,-0.001029,0.015225,0.005445,-0.036681,0.163493,0.067469,0.028022,-0.058751,-0.383589,0.425538,-0.819619,-0.546686,-0.81993,-0.169846,-0.744306,0.382924,0.547152,-0.000311,-0.000774,-0.000636,1.269816,0.027929,-1.108393,-0.758014
119,0.061855,0.009537,0.362099,-0.58008,0.283853,-0.763531,-0.413575,-0.910132,-0.024217,-0.701072,0.301371,0.646297,0.011757,-0.007133,-0.00512,0.011434,-0.013808,0.021168,-1.912658,-0.099765,0.034125,0.311087,0.586197,0.691315,0.422431,-0.809812,0.513341,0.283935,-0.02129,-0.5094,0.860187,0.000576,-0.002431,-0.002239,-0.002641,0.016805,-0.023259,0.283351,0.04415,0.039514,-0.025033,-0.476117,-0.747834,0.462662,0.876138,-0.448543,0.176607,0.075451,0.489441,0.868765,0.000299,-0.001268,-0.001163,0.000499,0.01436,-0.025434,0.181291,0.067574,0.027953,-0.058794,-0.392425,0.41464,-0.82102,-0.532107,-0.830431,-0.16506,-0.750242,0.372097,0.546515,0.005827,-0.003704,-0.002678,0.009911,-0.024457,0.024453,-0.756054
120,0.062204,0.009245,0.361844,-0.59506,0.257049,-0.761496,-0.369425,-0.92891,-0.024949,-0.713039,0.266144,0.648668,-0.00232,-0.005817,-0.004715,4.204466,0.247187,-3.784676,-1.913098,-0.100065,0.03399,0.311011,0.59361,0.684536,0.423118,-0.804209,0.522248,0.283618,-0.027562,-0.509494,0.859953,0.000376,-0.001591,-0.001466,-0.0,0.0,0.0,0.275084,0.044001,0.039444,-0.025073,-0.483924,-0.741745,0.464361,0.871293,-0.457889,0.176591,0.081641,0.490051,0.867861,-0.006358,-0.002329,-0.001137,-0.002254,0.014782,-0.030016,0.186353,0.06775,0.02781,-0.058919,-0.409116,0.393811,-0.823126,-0.496817,-0.852777,-0.161066,-0.765373,0.343049,0.544537,0.006199,0.00083,-0.007707,0.030013,-0.027396,0.018457,-0.755075
121,0.062281,0.009031,0.361665,-0.608848,0.247437,-0.75374,-0.352024,-0.935696,-0.022885,-0.710182,0.251088,0.657741,-0.001412,-0.003544,-0.002878,-0.106653,0.225953,-0.106721,-1.913329,-0.100242,0.033802,0.310977,0.594142,0.68534,0.421064,-0.803886,0.522079,0.284839,-0.025354,-0.508584,0.860559,-0.012656,-0.00494,-0.002555,-0.004619,0.031969,-0.052542,0.253812,0.043918,0.039352,-0.025089,-0.484639,-0.742558,0.462311,0.871087,-0.457787,0.177866,0.079564,0.488915,0.868695,0.000131,-0.000554,-0.000505,0.000332,0.001428,-0.001122,0.171004,0.067785,0.027695,-0.059016,-0.427581,0.383115,-0.818777,-0.476254,-0.865324,-0.156186,-0.768345,0.323164,0.552457,-0.00069,-0.001742,-0.001416,-0.129189,0.195602,-0.142104,-0.756871
122,0.062241,0.008942,0.361567,-0.624791,0.229807,-0.746237,-0.328228,-0.944446,-0.016106,-0.70771,0.234581,0.666442,-0.001086,-0.002725,-0.002215,-0.011408,0.112522,-0.188435,-1.912907,-0.100299,0.033727,0.310973,0.606568,0.680697,0.410753,-0.79464,0.533248,0.290046,-0.022353,-0.50319,0.863808,1.4e-05,-6e-05,-5.5e-05,0.003545,-0.00185,0.014467,0.248061,0.043885,0.03931,-0.025095,-0.498481,-0.738791,0.453545,0.863444,-0.469789,0.183741,0.077325,0.483203,0.872086,-6e-06,2.9e-05,3.1e-05,0.016336,0.001715,0.04404,0.155655,0.067766,0.027652,-0.059064,-0.446967,0.367624,-0.815519,-0.455509,-0.878144,-0.1462,-0.76989,0.30613,0.559957,-0.000539,-0.001358,-0.001101,-0.016654,0.081314,-0.197465,-0.757034
123,0.062221,0.00889,0.361524,-0.62984,0.223001,-0.744054,-0.316309,-0.948496,-0.016591,-0.708654,0.224618,0.668867,-0.00097,-0.002433,-0.001979,0.406151,0.106144,-0.280487,-1.913469,-0.100327,0.033717,0.310955,0.611772,0.67766,0.408048,-0.790621,0.538492,0.291339,-0.023061,-0.501696,0.864657,0.00014,-0.000597,-0.00055,0.018266,0.013042,0.038706,0.250155,0.043871,0.039306,-0.025103,-0.504165,-0.736131,0.451583,0.86005,-0.475383,0.185266,0.078295,0.48179,0.872781,6.8e-05,-0.000292,-0.000266,0.020632,0.016053,0.036597,0.153042,0.067755,0.027625,-0.059085,-0.453084,0.361648,-0.814816,-0.444594,-0.883903,-0.145092,-0.77269,0.296524,0.561268,-0.000477,-0.001205,-0.000977,0.404098,0.090805,-0.291481,-0.758014
124,0.062109,0.008671,0.361397,-0.638368,0.213025,-0.739697,-0.298135,-0.954346,-0.017619,-0.708891,0.209011,0.673658,-0.002697,-0.006757,-0.005507,1.277406,0.181421,-1.06842,-1.91356,-0.1003,0.033692,0.310915,0.625878,0.665804,0.406169,-0.779319,0.552718,0.295126,-0.028778,-0.502085,0.86426,9.8e-05,-0.000417,-0.000385,0.667759,0.492811,1.43606,0.242813,0.043884,0.039293,-0.025123,-0.51517,-0.728702,0.451211,0.853267,-0.485699,0.189817,0.080832,0.482793,0.871995,6.4e-05,-0.000273,-0.000248,0.015719,-0.008592,-0.005841,0.14798,0.067703,0.027525,-0.059142,-0.463014,0.353861,-0.812649,-0.429084,-0.89174,-0.143825,-0.775566,0.282102,0.564725,-0.00136,-0.003325,-0.00274,4.146876,0.375105,-3.827651,-0.760627
125,0.061978,0.008288,0.36128,-0.646977,0.219772,-0.730183,-0.29778,-0.954331,-0.023461,-0.701192,0.201976,0.683785,-0.002769,-0.006931,-0.005664,0.16532,0.454851,0.209511,-1.913089,-0.100261,0.03376,0.31089,0.626901,0.664349,0.406973,-0.778523,0.552562,0.297507,-0.028008,-0.504181,0.863064,-0.000281,0.001194,0.001102,-0.005654,0.003504,0.003154,0.231566,0.043904,0.039324,-0.025138,-0.520412,-0.724017,0.452736,0.849899,-0.490532,0.192482,0.082721,0.48495,0.87062,-0.00108,0.005904,-0.003519,0.052286,-0.015168,0.014144,0.135897,0.067636,0.02733,-0.059203,-0.471983,0.359564,-0.80495,-0.426293,-0.892292,-0.148622,-0.77169,0.272997,0.574427,-0.001979,-0.008592,0.001717,0.199554,0.697317,0.326748,-0.755728
126,0.061925,0.008097,0.361268,-0.650908,0.221836,-0.726053,-0.297277,-0.954445,-0.025182,-0.697758,0.199165,0.688109,-0.003301,-0.015519,0.004787,0.081884,0.430677,-0.021685,-1.913176,-0.100233,0.033827,0.310865,0.629918,0.662053,0.406055,-0.776211,0.552494,0.303613,-0.024118,-0.507267,0.861372,-8.7e-05,0.000368,0.000339,-0.361552,-0.032358,0.27037,0.226738,0.043918,0.039361,-0.025148,-0.523131,-0.722569,0.451915,0.848574,-0.490826,0.197513,0.079095,0.486809,0.869919,-5.7e-05,0.000242,0.000223,-0.735908,-0.501295,0.637537,0.130181,0.067607,0.027228,-0.059214,-0.476745,0.362708,-0.800722,-0.425505,-0.892294,-0.150845,-0.769193,0.268797,0.579732,-0.00165,-0.007757,0.002399,0.088883,0.457761,-0.004247,-0.757034
127,0.061764,0.007667,0.361373,-0.658894,0.225784,-0.717583,-0.296386,-0.954634,-0.028299,-0.690603,0.193748,0.696818,-0.002808,-0.01428,0.005799,0.023673,0.274666,-0.104893,-1.913105,-0.100181,0.034049,0.31076,0.633306,0.657589,0.408035,-0.773516,0.552296,0.310766,-0.021787,-0.513258,0.857879,-0.000147,0.000624,0.000575,-0.293485,0.181427,0.163666,0.222656,0.043943,0.039472,-0.0252,-0.526765,-0.718433,0.454281,0.846633,-0.491048,0.20514,0.075695,0.492671,0.866916,-0.00115,0.006206,-0.003239,-0.424695,0.271406,0.260019,0.12218,0.067526,0.027013,-0.059162,-0.485685,0.367791,-0.792993,-0.424121,-0.892392,-0.154131,-0.76435,0.261466,0.589409,-0.001393,-0.007112,0.002925,0.011208,0.232362,-0.130754,-0.757034
128,0.061584,0.007198,0.361562,-0.664886,0.228775,-0.71108,-0.296062,-0.95467,-0.030391,-0.684977,0.190026,0.703366,-0.002859,-0.014403,0.005697,0.011516,0.152362,0.022508,-1.913548,-0.100235,0.034334,0.310633,0.636565,0.653133,0.410113,-0.77089,0.552023,0.317699,-0.019684,-0.519209,0.854341,-0.002187,0.011915,-0.006931,-0.025763,0.031778,0.054698,0.21989,0.043918,0.039607,-0.025257,-0.530628,-0.713604,0.457386,0.844538,-0.490977,0.213762,0.072025,0.499709,0.863192,-4.4e-05,0.0002,0.000183,-0.035315,0.025282,0.02742,0.118914,0.067438,0.026786,-0.059068,-0.492033,0.371147,-0.787497,-0.423442,-0.892387,-0.156013,-0.760657,0.256696,0.596244,-0.001251,-0.006753,0.00322,0.014811,0.142873,0.049074,-0.757524
129,0.061525,0.006972,0.361639,-0.666966,0.229691,-0.708832,-0.295983,-0.954677,-0.030929,-0.682985,0.188882,0.705608,-0.00293,-0.014579,0.005552,-0.010579,0.095114,-0.007816,-1.913181,-0.100274,0.034492,0.310552,0.638675,0.650175,0.411531,-0.769177,0.551722,0.322341,-0.018267,-0.523227,0.851917,-0.002341,0.012569,-0.006326,-0.448906,0.292503,0.290715,0.213608,0.043898,0.039689,-0.025302,-0.531839,-0.712216,0.458142,0.84384,-0.491236,0.215917,0.071276,0.501431,0.862256,-0.000142,0.000611,0.000565,0.010253,-0.003409,0.000761,0.114995,0.06741,0.026674,-0.059029,-0.494386,0.372352,-0.785452,-0.423266,-0.892364,-0.156619,-0.759227,0.255025,0.598777,-0.001306,-0.006885,0.003112,-0.017037,0.055546,0.001022,-0.758504
130,0.061452,0.006668,0.361679,-0.669428,0.230122,-0.706368,-0.295566,-0.954803,-0.031023,-0.680753,0.187718,0.70807,-0.002893,-0.014485,0.005627,-0.033466,0.036239,-0.038913,-1.913342,-0.10033,0.034905,0.310339,0.641082,0.647051,0.41271,-0.767192,0.552032,0.326514,-0.017355,-0.526762,0.849755,-0.002494,0.013215,-0.005723,-0.090811,0.071591,0.090998,0.203,0.04387,0.039894,-0.02541,-0.53516,-0.708214,0.460472,0.841941,-0.491583,0.22244,0.068825,0.506732,0.859351,-0.00128,0.006755,-0.002725,-0.113687,0.070282,0.128002,0.103075,0.067373,0.026522,-0.059008,-0.497037,0.37285,-0.78354,-0.422842,-0.892585,-0.156511,-0.757732,0.253522,0.601304,-0.00064,-0.001594,-0.001311,-0.00505,-0.015518,-0.009179,-0.757361
131,0.06137,0.006509,0.361573,-0.673744,0.2347,-0.700736,-0.29584,-0.954568,-0.035348,-0.676363,0.183192,0.713443,-0.001809,-0.00451,-0.003715,0.171943,0.453775,0.206666,-1.913015,-0.100433,0.035439,0.310186,0.643721,0.645904,0.410394,-0.765025,0.553319,0.329406,-0.015116,-0.526819,0.849763,-0.00299,0.015318,-0.003782,-0.06921,0.05809,0.078946,0.19413,0.04382,0.040152,-0.025487,-0.538044,-0.707366,0.458411,0.840276,-0.493109,0.225339,0.066649,0.506435,0.859698,-0.001515,0.007755,-0.0018,-0.131979,0.100127,0.109257,0.089849,0.067332,0.026439,-0.059057,-0.500507,0.376368,-0.77964,-0.422456,-0.892235,-0.159518,-0.75566,0.249524,0.605569,-0.000777,-0.001936,-0.001594,0.191802,0.481498,0.250918,-0.760463
132,0.061291,0.006393,0.361476,-0.678134,0.239076,-0.694999,-0.295978,-0.95436,-0.039576,-0.671901,0.178563,0.718813,-0.000928,-0.002311,-0.001906,0.126218,0.32104,0.169249,-1.912963,-0.100495,0.035884,0.31023,0.648646,0.647917,0.399316,-0.760967,0.556175,0.333966,-0.006515,-0.521306,0.853265,-0.001515,0.006428,0.005907,0.002043,-0.018576,0.024143,0.178789,0.043788,0.040385,-0.025469,-0.544154,-0.709453,0.447852,0.836912,-0.496504,0.23035,0.058937,0.500159,0.863925,-0.000784,0.00333,0.003062,0.007324,-0.010201,0.018458,0.074663,0.06729,0.026377,-0.05911,-0.505621,0.381737,-0.773708,-0.421831,-0.891668,-0.164268,-0.752599,0.243317,0.611875,-0.000536,-0.001344,-0.001108,0.182969,0.493825,0.271499,-0.762749
133,0.061248,0.006369,0.361454,-0.679859,0.240171,-0.692933,-0.295754,-0.954382,-0.040692,-0.670254,0.176968,0.720742,-0.000464,-0.001156,-0.000954,0.103592,0.262833,0.138557,-1.913126,-0.100485,0.036065,0.310361,0.65011,0.648355,0.396212,-0.759731,0.55706,0.335301,-0.00413,-0.519811,0.854191,-0.001975,0.008373,0.007684,0.002604,-0.016882,0.023208,0.172005,0.043794,0.040472,-0.025407,-0.545869,-0.709948,0.444972,0.835939,-0.497496,0.231737,0.056851,0.498468,0.865041,-0.001029,0.00435,0.003992,0.004295,-0.01265,0.020617,0.064375,0.067268,0.026363,-0.059122,-0.507588,0.383086,-0.77175,-0.421407,-0.891653,-0.165439,-0.751511,0.241246,0.614028,-0.000241,-0.000602,-0.000498,0.149573,0.402374,0.221205,-0.763076
134,0.061161,0.00634,0.36144,-0.681661,0.24116,-0.690816,-0.29547,-0.954427,-0.041707,-0.668547,0.175379,0.722713,-0.0005,-0.001245,-0.001028,0.0011,0.002782,0.001466,-1.913151,-0.100474,0.036439,0.310783,0.654121,0.649768,0.387193,-0.756276,0.559258,0.339427,0.003193,-0.515667,0.856703,-0.002688,0.011385,0.010405,-0.012812,0.082569,-0.11368,0.168863,0.043795,0.040653,-0.025201,-0.550797,-0.711511,0.436319,0.83313,-0.500112,0.23618,0.050164,0.493598,0.868241,-0.001303,0.005499,0.005028,0.004691,-0.010891,0.020345,0.051965,0.067226,0.026352,-0.059126,-0.510027,0.384801,-0.769285,-0.420894,-0.891615,-0.166943,-0.750146,0.238642,0.616708,-0.000261,-0.000649,-0.000536,-0.005877,-0.003451,-0.035856,-0.762749
135,0.061029,0.006258,0.361499,-0.684454,0.244247,-0.686958,-0.295902,-0.954166,-0.044508,-0.665496,0.172498,0.726214,-0.000373,-0.000928,-0.000766,0.014657,0.037038,0.019509,-1.913484,-0.100338,0.03675,0.311222,0.654295,0.649719,0.38698,-0.756124,0.559226,0.339819,0.003562,-0.515763,0.856643,5.5e-05,-0.002874,0.015148,-0.033836,-0.010251,0.003231,0.173486,0.043865,0.040827,-0.024972,-0.550917,-0.71146,0.43625,0.833068,-0.500059,0.236513,0.049881,0.493725,0.868185,0.005519,0.005667,0.004175,0.004605,-0.031981,0.052205,0.050822,0.06716,0.026311,-0.059097,-0.513019,0.38821,-0.765574,-0.420839,-0.891092,-0.16985,-0.748134,0.235047,0.620521,-0.000224,-0.000559,-0.000459,0.006963,0.009634,0.001901,-0.762749
136,0.060867,0.006111,0.361621,-0.687549,0.246979,-0.682879,-0.296218,-0.953956,-0.046854,-0.662157,0.169753,0.729904,-0.000476,-0.001182,-0.000977,0.10389,0.261844,0.137738,-1.912826,-0.10015,0.036825,0.311552,0.653494,0.649933,0.387973,-0.756816,0.558173,0.340009,0.003613,-0.516635,0.856118,0.001177,-0.00761,0.010831,-0.054405,0.122915,-0.180298,0.175664,0.043957,0.040867,-0.024798,-0.549991,-0.711633,0.437135,0.833691,-0.498938,0.236681,0.049673,0.494608,0.867694,0.000621,-0.003963,0.005271,-0.05446,0.122879,-0.180454,0.054741,0.06708,0.026238,-0.059036,-0.515891,0.390595,-0.762424,-0.420753,-0.890786,-0.171655,-0.746205,0.232237,0.623892,-0.000254,-0.000627,-0.000516,0.125388,0.33252,0.18176,-0.763076
137,0.060734,0.00605,0.361709,-0.689124,0.248301,-0.680808,-0.296374,-0.953852,-0.047968,-0.660448,0.168403,0.731763,-0.01479,-0.007386,0.010763,0.087221,0.342027,0.117073,-1.912971,-0.100027,0.036807,0.31165,0.653309,0.649982,0.388205,-0.756976,0.557861,0.340166,0.003724,-0.516912,0.855951,0.001753,-0.010028,0.008635,-0.036434,0.006577,-0.020011,0.176238,0.044018,0.040863,-0.02475,-0.549788,-0.711667,0.437335,0.833833,-0.498639,0.236813,0.049541,0.494862,0.867558,0.006366,0.002081,0.000906,-0.01598,0.10105,-0.131199,0.055721,0.067018,0.026209,-0.058997,-0.517269,0.39166,-0.760942,-0.420694,-0.89066,-0.172449,-0.745283,0.230922,0.625481,-0.000101,-0.000248,-0.000201,0.185262,0.498809,0.275676,-0.763076
138,0.060403,0.005955,0.361853,-0.692244,0.250911,-0.676674,-0.296614,-0.953659,-0.050257,-0.65707,0.165602,0.735434,-0.000577,-0.001427,-0.001179,0.028528,0.071588,0.03758,-1.912981,-0.099655,0.036775,0.311728,0.653496,0.64989,0.388043,-0.756812,0.55786,0.340531,0.004019,-0.517028,0.855879,0.015433,-0.009784,0.006894,-0.034385,-0.008662,0.009215,0.178434,0.0442,0.040844,-0.024713,-0.549978,-0.711595,0.437213,0.833726,-0.498641,0.237185,0.049233,0.494963,0.867517,0.000166,-0.000696,-0.000637,-4.2e-05,-2.7e-05,-7.4e-05,0.058007,0.066848,0.026161,-0.058919,-0.521374,0.395434,-0.756174,-0.420493,-0.890146,-0.175567,-0.742531,0.22643,0.630377,-0.007033,0.000855,0.00035,0.023874,0.069967,-0.00348,-0.763729
139,0.060212,0.005915,0.361889,-0.693956,0.251967,-0.674524,-0.2965,-0.953641,-0.051267,-0.655313,0.164099,0.737335,-0.000728,-0.001798,-0.001487,0.005947,0.014887,0.007811,-1.912499,-0.099446,0.03675,0.311756,0.653551,0.649849,0.388019,-0.756764,0.557823,0.340699,0.004143,-0.51712,0.855823,0.000103,-0.000431,-0.000391,-0.0,0.0,0.0,0.17855,0.044311,0.040825,-0.024699,-0.550044,-0.711558,0.437189,0.833692,-0.498603,0.237385,0.049071,0.495054,0.867474,0.007693,-0.004787,0.003535,-0.034413,-0.008692,0.009138,0.05866,0.066752,0.026141,-0.058901,-0.523301,0.396649,-0.754205,-0.420175,-0.890096,-0.176581,-0.741356,0.224494,0.63245,-0.00712,0.000641,0.000173,-0.006588,-0.008483,-0.045617,-0.764219
140,0.059792,0.005845,0.361852,-0.697228,0.254161,-0.670314,-0.296214,-0.953605,-0.053548,-0.651961,0.160898,0.741003,-0.015117,-0.000855,-0.001442,0.005019,0.044747,-0.046335,-1.912735,-0.099044,0.036635,0.311809,0.654613,0.65034,0.385396,-0.755824,0.55812,0.342295,0.006696,-0.516179,0.856374,0.013275,0.001958,-0.000192,0.002045,-0.015205,0.029245,0.178834,0.044507,0.040765,-0.024675,-0.551338,-0.712092,0.434685,0.832975,-0.498999,0.239063,0.046672,0.493887,0.868272,0.001185,-0.006273,0.003167,-0.035846,0.008142,-0.020855,0.059313,0.066543,0.026108,-0.058918,-0.526852,0.399036,-0.750463,-0.419493,-0.889989,-0.178726,-0.739223,0.220652,0.636286,-0.007582,-0.000485,-0.000764,-0.005305,0.011874,-0.066662,-0.765199
141,0.059358,0.005749,0.361714,-0.697821,0.253305,-0.67002,-0.295503,-0.953859,-0.052927,-0.651648,0.160738,0.741313,-0.00227,-0.005565,-0.004619,1e-06,4e-06,2e-06,-1.913066,-0.098718,0.036529,0.311894,0.654876,0.650259,0.385086,-0.755592,0.558129,0.342793,0.007161,-0.516272,0.856315,0.002152,-0.011616,0.007196,-0.036418,0.006458,-0.020079,0.177235,0.044675,0.040716,-0.024636,-0.551663,-0.712013,0.434401,0.832784,-0.499076,0.239567,0.046224,0.493923,0.868276,0.006538,0.001393,0.000272,0.002056,-0.015171,0.029191,0.058987,0.066326,0.02606,-0.058987,-0.527455,0.398037,-0.75057,-0.418924,-0.890439,-0.177817,-0.739115,0.220641,0.636415,-0.008038,-0.001583,-0.00168,-0.002277,0.027279,-0.055185,-0.766505
142,0.059013,0.005621,0.361567,-0.699613,0.254132,-0.667834,-0.295103,-0.953927,-0.053934,-0.649906,0.159024,0.74321,-0.015286,-0.001188,-0.001742,-0.001227,0.029172,-0.054506,-1.913086,-0.098533,0.036452,0.312038,0.653896,0.651703,0.38431,-0.756445,0.558224,0.340751,0.006723,-0.514344,0.857478,0.00185,-0.010357,0.008343,-0.033895,0.004898,-0.021489,0.173613,0.044768,0.040672,-0.024562,-0.550596,-0.713429,0.433429,0.833447,-0.499051,0.237304,0.047004,0.491899,0.869381,0.000909,-0.005123,0.004219,-0.049901,0.013278,-0.015665,0.056211,0.066158,0.025992,-0.059063,-0.529462,0.399119,-0.748581,-0.418408,-0.890477,-0.178839,-0.737973,0.218523,0.638469,-0.000826,-0.002027,-0.00168,-0.003112,-0.009499,-0.005764,-0.767811
143,0.058831,0.005576,0.361535,-0.699895,0.253749,-0.667686,-0.294819,-0.954033,-0.053611,-0.649731,0.159003,0.743367,-0.01481,-1e-05,-0.000766,-0.000979,0.014727,-0.029547,-1.912882,-0.098454,0.036405,0.312118,0.65395,0.651705,0.384215,-0.756395,0.55814,0.340997,0.006969,-0.514433,0.857422,-0.000436,0.001797,0.001633,0.002645,-0.016821,0.023247,0.17193,0.044808,0.040648,-0.024523,-0.55068,-0.713381,0.433402,0.833409,-0.498934,0.23768,0.046683,0.492088,0.869292,-7.4e-05,0.000294,0.000263,-0.00254,0.001392,0.001002,0.053761,0.066065,0.025967,-0.059081,-0.52979,0.398701,-0.74857,-0.418191,-0.890664,-0.178414,-0.73786,0.218523,0.638599,-0.000831,-0.002036,-0.001689,-0.001353,0.012037,-0.026084,-0.768791
