frame,MLTx,MLTy,MLTz,MLTR1,MLTR2,MLTR3,MLTR4,MLTR5,MLTR6,MLTR7,MLTR8,MLTR9,MLTTVx,MLTTVy,MLTTVz,MLTRVx,MLTRVy,MLTRVz,MLGA,MRTx,MRTy,MRTz,MRTR1,MRTR2,MRTR3,MRTR4,MRTR5,MRTR6,MRTR7,MRTR8,MRTR9,MRTTVx,MRTTVy,MRTTVz,MRTRVx,MRTRVy,MRTRVz,MRGA,SLTx,SLTy,SLTz,SLTR1,SLTR2,SLTR3,SLTR4,SLTR5,SLTR6,SLTR7,SLTR8,SLTR9,SLTTVx,SLTTVy,SLTTVz,SLTRVx,SLTRVy,SLTRVz,SLGA,SRTx,SRTy,SRTz,SRTR1,SRTR2,SRTR3,SRTR4,SRTR5,SRTR6,SRTR7,SRTR8,SRTR9,SRTTVx,SRTTVy,SRTTVz,SRTRVx,SRTRVy,SRTRVz,SRGA
41,0.111464,-0.009001,0.360816,-0.194125,0.601941,-0.774615,-0.790918,-0.563107,-0.23944,-0.580086,0.565425,0.586364,-0.001208,0.035079,-0.0591,-1.163403,-0.853059,1.024501,0.111532,-0.179193,-0.026159,0.339501,0.664048,0.525031,0.532328,-0.544951,0.827328,-0.135977,-0.512618,-0.20047,0.834804,-0.004859,0.055121,-0.061063,-0.205235,0.925667,0.36417,-0.344435,0.029364,0.0096,-0.007514,-0.716689,-0.470646,0.514634,0.439621,-0.877748,-0.190499,0.541377,0.089716,0.835979,0.004853,0.02769,-0.03098,0.080063,0.215235,0.683541,-0.485097,0.070417,0.020031,-0.062526,-0.288124,0.601419,-0.74517,-0.683695,-0.674052,-0.279667,-0.670481,0.428891,0.605398,-0.007291,0.023439,-0.033633,-4.134114,-1.756093,3.081844,-0.055538
42,0.110993,-0.007292,0.35814,-0.187199,0.590591,-0.784986,-0.801483,-0.553807,-0.225596,-0.567742,0.586185,0.577999,-0.014891,0.053486,-0.079327,0.007328,-0.52591,-0.225551,0.108673,-0.179109,-0.023459,0.336912,0.669725,0.500085,0.548977,-0.534016,0.838023,-0.111707,-0.51674,-0.21899,0.827578,0.008306,0.08349,-0.072973,-0.59773,0.10477,0.666453,-0.399302,0.0294,0.01093,-0.008813,-0.718135,-0.445348,0.534739,0.427455,-0.888656,-0.166044,0.549147,0.109335,0.828542,0.004562,0.036374,-0.032164,-2.087997,-0.751379,1.318761,-0.545025,0.070187,0.020878,-0.063857,-0.278474,0.593398,-0.755201,-0.697046,-0.665808,-0.266128,-0.66074,0.452301,0.599036,-0.007674,0.021559,-0.035114,-0.465064,-0.450836,-0.767501,-0.055701
43,0.110287,-0.005496,0.355243,-0.169899,0.584405,-0.793505,-0.821007,-0.529242,-0.214059,-0.54485,0.614377,0.570707,-0.015976,0.040855,-0.07211,-4.370629,-1.491711,3.008816,0.093539,-0.17901,-0.019815,0.334058,0.675404,0.473179,0.565617,-0.522681,0.848216,-0.085257,-0.520937,-0.238661,0.819469,-0.007488,0.111196,-0.083034,0.022943,0.641922,0.430355,-0.412748,0.029456,0.012741,-0.010236,-0.720882,-0.418945,0.552098,0.415484,-0.898831,-0.139551,0.554708,0.128788,0.822017,0.003872,0.050123,-0.037863,-0.110563,0.773196,0.711565,-0.578173,0.069827,0.021792,-0.065338,-0.26089,0.589243,-0.764675,-0.719259,-0.646976,-0.253152,-0.643895,0.483955,0.592608,-0.008032,0.020169,-0.03627,-4.371378,-1.477632,3.012361,-0.065825
44,0.109849,-0.004609,0.353804,-0.161413,0.579873,-0.798586,-0.830427,-0.516975,-0.207605,-0.533041,0.628934,0.565983,-0.028984,0.053974,-0.079108,-1.61077,0.447047,-1.94229,0.086753,-0.179046,-0.017804,0.332552,0.679627,0.456165,0.574467,-0.511494,0.85602,-0.074411,-0.526534,-0.24385,0.814348,-0.006738,0.100213,-0.074448,0.016387,0.536557,0.541365,-0.421596,0.029437,0.013755,-0.010988,-0.722751,-0.40202,0.562147,0.403586,-0.905815,-0.128905,0.561024,0.133709,0.816928,-0.003694,0.055821,-0.041223,-0.032242,0.704951,0.685633,-0.586011,0.069618,0.022212,-0.066031,-0.249244,0.589306,-0.768501,-0.731269,-0.63478,-0.249596,-0.634918,0.499772,0.589157,-0.007882,0.020628,-0.035878,-0.196903,-0.339591,0.445205,-0.075459
45,0.108844,-0.003003,0.351063,-0.139007,0.579088,-0.803355,-0.8545,-0.48009,-0.198276,-0.500337,0.658184,0.562568,-0.02975,0.042807,-0.07079,-1.185805,-0.545158,0.953368,0.083338,-0.17931,-0.013765,0.329426,0.68779,0.430165,0.584717,-0.497218,0.866024,-0.052054,-0.529617,-0.255481,0.808764,-0.007549,0.10877,-0.084775,0.227924,0.15651,0.34539,-0.471932,0.029306,0.015779,-0.012541,-0.727176,-0.374884,0.575045,0.388268,-0.915451,-0.105815,0.566094,0.146325,0.811249,-0.003352,0.048703,-0.038377,0.232064,0.117434,0.296002,-0.617036,0.069105,0.023034,-0.067433,-0.228769,0.589932,-0.774366,-0.761491,-0.604004,-0.23518,-0.60646,0.535872,0.587406,-0.014839,0.021337,-0.03543,-1.189664,-0.510479,0.987596,-0.088196
46,0.107701,-0.001738,0.3486,-0.125412,0.578386,-0.806094,-0.87187,-0.451906,-0.18867,-0.473255,0.678427,0.561956,-0.030559,0.031693,-0.062523,-1.165867,-0.449678,1.037959,0.090404,-0.179555,-0.010065,0.326485,0.700614,0.407222,0.58592,-0.482782,0.875162,-0.030766,-0.526165,-0.26184,0.808983,-0.006802,0.097067,-0.076739,0.048282,0.43199,0.498267,-0.537156,0.02918,0.017669,-0.014043,-0.737967,-0.352126,0.575682,0.373121,-0.923721,-0.086707,0.562302,0.150813,0.813062,-0.003357,0.048412,-0.03848,0.107617,0.351449,0.444343,-0.68023,0.068544,0.023655,-0.068641,-0.215991,0.591416,-0.7769,-0.782682,-0.580575,-0.224365,-0.583742,0.559605,0.58829,-0.015639,0.010344,-0.027016,-4.301623,-1.13405,3.226784,-0.0864
47,0.107111,-0.00132,0.347518,-0.122495,0.577283,-0.807332,-0.877819,-0.442505,-0.183289,-0.462914,0.685521,0.56196,-0.031432,0.020404,-0.054403,0.093621,-0.075933,0.04533,0.095213,-0.179638,-0.008367,0.325169,0.704975,0.404558,0.582524,-0.481113,0.876233,-0.026091,-0.521849,-0.262386,0.811597,-0.005993,0.087782,-0.066652,-0.047012,-0.066395,-0.018032,-0.564533,0.029141,0.018482,-0.01468,-0.741532,-0.347502,0.573909,0.370954,-0.925123,-0.080862,0.559037,0.152933,0.814916,-0.002584,0.038242,-0.029315,-0.770058,0.062484,-1.171225,-0.706519,0.06825,0.023868,-0.069185,-0.211892,0.591308,-0.778109,-0.791173,-0.571186,-0.218611,-0.573712,0.569297,0.588857,-0.015709,0.010056,-0.027304,-0.008511,0.045159,-0.060294,-0.080848
48,0.106032,-0.001043,0.34561,-0.108622,0.577972,-0.808823,-0.890643,-0.417915,-0.179091,-0.441402,0.7002,0.561169,-0.020103,-0.006735,-0.041861,-0.33217,-0.151177,0.354026,0.104267,-0.179766,-0.005093,0.322805,0.713945,0.399831,0.574812,-0.481551,0.876308,-0.011238,-0.509085,-0.269292,0.817421,-0.005118,0.080553,-0.054541,-0.96103,-0.114086,-0.81518,-0.63828,0.029077,0.020117,-0.01587,-0.750412,-0.340947,0.566247,0.370546,-0.926412,-0.066748,0.547336,0.159732,0.821528,0.004577,0.040762,-0.027407,-3.652906,-0.43961,-3.587394,-0.770529,0.067707,0.024019,-0.070141,-0.198619,0.594463,-0.779206,-0.807603,-0.549712,-0.213524,-0.555272,0.58688,0.589274,-0.016464,0.003371,-0.024222,-1.245984,-0.361205,1.035148,-0.068928
49,0.105004,-0.001398,0.344129,-0.101305,0.580311,-0.808097,-0.90025,-0.399129,-0.173831,-0.423294,0.709158,0.563866,-0.034515,-0.014332,-0.031152,0.020394,0.052826,-0.110333,0.117686,-0.179876,-0.002165,0.320992,0.722051,0.39112,0.570664,-0.47829,0.878157,0.003504,-0.500652,-0.275975,0.820395,-0.003499,0.062341,-0.03428,-0.504132,-0.401989,0.853527,-0.695776,0.029023,0.021559,-0.01677,-0.755573,-0.333943,0.563551,0.369224,-0.927727,-0.054711,0.541093,0.166739,0.824266,-0.001724,0.030893,-0.017405,-0.155522,0.414916,0.611277,-0.818537,0.067197,0.02384,-0.070889,-0.191313,0.598207,-0.778168,-0.820511,-0.532567,-0.207682,-0.538664,0.598765,0.592722,-0.010409,-0.008579,-0.016602,-0.000873,0.046088,-0.087469,-0.053415
50,0.104525,-0.001735,0.343516,-0.093324,0.581938,-0.807889,-0.906781,-0.384696,-0.172422,-0.411023,0.715762,0.564598,-0.020314,-0.014735,-0.031283,0.021385,0.038138,-0.080764,0.130555,-0.179855,-0.000965,0.320372,0.724129,0.384739,0.572367,-0.473037,0.880981,0.006475,-0.502645,-0.275934,0.819189,0.010613,0.064418,-0.033395,0.048192,0.145113,0.299715,-0.719233,0.029031,0.02221,-0.017108,-0.758244,-0.325518,0.564892,0.363142,-0.930458,-0.048736,0.541473,0.168183,0.823723,0.005342,0.032386,-0.016534,0.048958,0.148002,0.299843,-0.831274,0.066952,0.023668,-0.071199,-0.183712,0.601121,-0.777754,-0.829352,-0.51951,-0.205627,-0.527658,0.607257,0.593981,-0.010544,-0.012898,-0.011444,-0.036173,0.049418,-0.080073,-0.042148
51,0.103654,-0.002437,0.342545,-0.073666,0.58541,-0.807412,-0.921446,-0.349568,-0.169448,-0.381359,0.730775,0.566181,-0.019706,-0.011996,-0.029117,-1.306423,-0.240497,0.85036,0.155938,-0.179751,0.001157,0.319581,0.727764,0.370861,0.576899,-0.464308,0.885479,0.016697,-0.505537,-0.280487,0.815857,0.012162,0.046283,-0.01329,-0.027783,0.168666,0.266716,-0.741229,0.029083,0.023271,-0.017503,-0.760087,-0.311514,0.570286,0.354041,-0.934434,-0.038556,0.544905,0.172599,0.82054,0.006108,0.023375,-0.006431,-0.022738,0.162498,0.263252,-0.827518,0.066516,0.023315,-0.071686,-0.165864,0.607478,-0.776826,-0.848789,-0.488973,-0.201148,-0.50204,0.625999,0.596724,-0.010193,-0.011265,-0.010118,-4.459318,-0.882817,3.025658,-0.01047
52,0.102689,-0.003082,0.341842,-0.052819,0.592985,-0.803507,-0.934775,-0.312348,-0.16913,-0.351208,0.741428,0.571807,-0.019107,-0.017267,-0.015806,0.039609,0.31195,0.073206,0.186632,-0.179546,0.00261,0.319367,0.728716,0.365362,0.579202,-0.460226,0.887554,0.019355,-0.5079,-0.281137,0.814164,-0.001103,0.035544,-0.003754,0.071126,-0.033298,0.063171,-0.745367,0.029186,0.024002,-0.017607,-0.760368,-0.305939,0.572924,0.34963,-0.936199,-0.035908,0.547357,0.173008,0.818821,-0.000537,0.017907,-0.001755,0.09076,-0.062246,0.046323,-0.827518,0.066033,0.022991,-0.072046,-0.145567,0.617771,-0.772766,-0.86899,-0.453215,-0.19862,-0.472931,0.642614,0.602811,-0.016483,-0.007514,-0.007107,0.06797,0.485394,0.131729,0.029047
53,0.101732,-0.00369,0.341275,-0.019912,0.600151,-0.799667,-0.951396,-0.257158,-0.169373,-0.307273,0.756682,0.577098,-0.018973,-0.016411,-0.015179,-0.399557,-0.020074,0.222011,0.215198,-0.179204,0.003561,0.319698,0.729925,0.364216,0.5784,-0.458501,0.888445,0.019364,-0.507724,-0.2798,0.814734,0.014444,0.018312,0.015854,0.005577,-0.046426,0.077561,-0.747701,0.029352,0.024466,-0.017452,-0.761481,-0.304879,0.572009,0.347907,-0.93683,-0.03618,0.546906,0.171455,0.819448,0.000262,0.009296,0.008612,-0.008785,0.07588,-0.119629,-0.826538,0.065548,0.022685,-0.072331,-0.114377,0.631166,-0.767167,-0.894495,-0.401394,-0.196876,-0.432199,0.66371,0.610485,-0.009455,-0.008129,-0.007504,-0.408776,-0.067098,0.196958,0.071012
54,0.101282,-0.004025,0.340964,0.001696,0.605199,-0.796102,-0.959705,-0.222646,-0.171367,-0.28097,0.763562,0.581427,-0.019218,-0.017142,-0.015909,-1.315199,-0.13502,0.95359,0.222749,-0.179006,0.003947,0.320039,0.730264,0.363874,0.578187,-0.458147,0.888623,0.019606,-0.507557,-0.27968,0.814879,0.014456,0.019883,0.017243,0.00558,-0.046427,0.07756,-0.745571,0.029451,0.024659,-0.017281,-0.761775,-0.304505,0.571817,0.347554,-0.93697,-0.035947,0.546722,0.171354,0.819592,0.000276,0.010213,0.009429,0.003105,-0.03126,0.047549,-0.824905,0.065338,0.022534,-0.072472,-0.09735,0.638826,-0.763166,-0.906192,-0.373948,-0.197427,-0.411507,0.672356,0.615303,-0.016466,-0.007082,-0.006831,-0.099106,0.160076,0.049561,0.086688
55,0.100359,-0.004736,0.340325,0.044736,0.610749,-0.790588,-0.972739,-0.153534,-0.173719,-0.227545,0.776049,0.588216,-0.019915,-0.019316,-0.018039,-0.023366,0.126669,-0.000693,0.24983,-0.178573,0.004744,0.320849,0.730024,0.364009,0.578405,-0.458435,0.888473,0.019659,-0.507642,-0.27998,0.814723,0.000589,0.023022,0.021087,0.005311,-0.046817,0.072482,-0.744035,0.029668,0.025048,-0.016885,-0.761504,-0.304747,0.572049,0.347928,-0.936832,-0.03592,0.546861,0.171679,0.819432,0.007242,0.012099,0.010519,-0.005187,0.045702,-0.0655,-0.821803,0.064878,0.022183,-0.072787,-0.052118,0.651781,-0.756613,-0.932735,-0.302445,-0.19629,-0.356772,0.69549,0.623703,-0.016974,-0.008688,-0.008371,-0.39349,0.074886,0.218718,0.117224
56,0.099364,-0.005593,0.339504,0.103783,0.613073,-0.783209,-0.982306,-0.060119,-0.177293,-0.155916,0.786991,0.596961,-0.021722,-0.025368,-0.0238,-0.325675,0.426357,0.46109,0.258622,-0.178166,0.005768,0.32171,0.730447,0.363553,0.578158,-0.457933,0.888727,0.01991,-0.507487,-0.279768,0.814893,0.014499,0.027761,0.024072,-0.003099,0.030077,-0.040848,-0.74109,0.029871,0.025566,-0.016449,-0.761966,-0.304127,0.571763,0.347305,-0.937075,-0.0356,0.546613,0.17145,0.819645,0.007227,0.013377,0.011574,0.007142,-0.062,0.1014,-0.821966,0.064376,0.021755,-0.073197,0.005008,0.661713,-0.749739,-0.957665,-0.212634,-0.194067,-0.287837,0.718972,0.632635,-0.017956,-0.011912,-0.011448,-1.271577,0.268052,1.135991,0.140738
57,0.098187,-0.006613,0.33853,0.151549,0.609196,-0.778434,-0.982823,0.00915,-0.184247,-0.105316,0.79223,0.601088,-0.03673,-0.025822,-0.025111,-0.026968,0.14936,-0.091715,0.265882,-0.177713,0.006922,0.322593,0.729861,0.363157,0.579147,-0.456817,0.889337,0.018232,-0.509335,-0.278337,0.814229,0.014422,0.028768,0.024723,-0.004883,0.045707,-0.064993,-0.74123,0.030098,0.026145,-0.016004,-0.761331,-0.303856,0.572753,0.346102,-0.937455,-0.03728,0.548258,0.169849,0.818879,0.006823,0.020347,0.008685,0.045311,-0.089387,0.143306,-0.822129,0.063778,0.021233,-0.073695,0.053657,0.667395,-0.742768,-0.969574,-0.143095,-0.198616,-0.238841,0.730826,0.639411,-0.018388,-0.013054,-0.012671,-0.036313,0.090128,-0.131251,0.155597
58,0.097446,-0.00712,0.338035,0.182925,0.60645,-0.773823,-0.980009,0.0501,-0.192471,-0.078191,0.79281,0.604455,-0.036376,-0.024114,-0.023711,-1.208809,0.072663,1.286853,0.261024,-0.177449,0.007656,0.323054,0.729045,0.363,0.580272,-0.455887,0.889851,0.016304,-0.511336,-0.276892,0.813468,0.014432,0.032142,0.027586,-0.003109,0.030121,-0.040824,-0.741648,0.030225,0.026491,-0.015786,-0.760373,-0.303983,0.573956,0.345213,-0.9377,-0.039297,0.550145,0.168257,0.817942,0.007199,0.015665,0.013429,-0.008579,0.041913,-0.062815,-0.821966,0.063434,0.020992,-0.07393,0.080759,0.668357,-0.739443,-0.972991,-0.108093,-0.203967,-0.216251,0.735944,0.641576,-0.025206,-0.01088,-0.011029,0.101376,0.463419,0.372785,0.156903
59,0.095809,-0.007979,0.337313,0.251292,0.592292,-0.765563,-0.967519,0.13196,-0.215559,-0.026969,0.794133,0.607168,-0.049345,-0.016889,-0.017853,-1.216437,-0.001597,1.234021,0.258486,-0.17675,0.009329,0.323889,0.725711,0.361,0.585673,-0.453028,0.891377,0.012114,-0.518576,-0.274581,0.809658,0.027231,0.045223,0.01981,0.049772,-0.084269,0.145618,-0.742548,0.030575,0.027344,-0.015353,-0.756684,-0.302713,0.579477,0.34216,-0.938632,-0.043538,0.557095,0.16533,0.813824,0.006767,0.023131,0.010911,0.042787,0.021996,-0.031194,-0.822782,0.062604,0.020544,-0.074309,0.153563,0.666277,-0.72972,-0.974578,-0.0198,-0.22317,-0.163142,0.74544,0.646299,-0.01797,-0.014878,-0.00523,-4.220151,-0.736783,3.66131,0.151515
60,0.094008,-0.008627,0.336644,0.30917,0.58097,-0.752949,-0.9506,0.211171,-0.22746,0.026462,0.78536,0.618496,-0.049214,-0.015498,-0.016818,0.02516,0.333036,0.238131,0.258789,-0.176053,0.011227,0.324547,0.717394,0.36235,0.595012,-0.449042,0.89347,-0.00251,-0.533418,-0.265851,0.802901,0.01331,0.041878,0.01766,0.535121,0.48759,-0.243375,-0.751553,0.030924,0.028282,-0.015021,-0.749982,-0.30479,0.58705,0.337925,-0.939501,-0.056066,0.568623,0.15633,0.807605,0.01347,0.020943,0.008271,0.037861,-0.097677,0.153316,-0.823109,0.061704,0.020223,-0.074641,0.213526,0.66381,-0.716772,-0.970992,0.06339,-0.230552,-0.107607,0.745209,0.65809,-0.024531,-0.007539,-0.008185,-0.030124,0.282604,0.545941,0.151841
61,0.092186,-0.009232,0.335918,0.349688,0.568821,-0.74445,-0.933653,0.277069,-0.226929,0.076741,0.77371,0.628897,-0.035395,-0.018254,-0.019032,-1.203471,-0.114251,1.226323,0.283178,-0.175724,0.012166,0.324749,0.714539,0.362244,0.598502,-0.446334,0.894789,-0.008512,-0.539496,-0.261516,0.80026,0.012397,0.050429,0.007269,0.227381,0.083446,0.028411,-0.809984,0.031245,0.029227,-0.014846,-0.744164,-0.305696,0.593944,0.33204,-0.940796,-0.068199,0.579629,0.146462,0.80161,0.012944,0.02466,0.002541,0.07804,-0.10518,0.168185,-0.828661,0.060789,0.019923,-0.075001,0.254059,0.658187,-0.708691,-0.965493,0.129229,-0.226101,-0.057233,0.741679,0.668307,-0.024733,-0.007805,-0.00853,-4.0876,-0.844315,3.69347,0.166864
62,0.091301,-0.009557,0.335552,0.367702,0.557921,-0.74402,-0.923869,0.310263,-0.223997,0.105405,0.769052,0.630457,-0.049856,-0.016237,-0.01797,-0.373421,-0.11984,0.327423,0.307284,-0.175102,0.014044,0.32494,0.710933,0.36184,0.603024,-0.441736,0.896943,-0.017231,-0.547987,-0.254593,0.796715,0.025771,0.048069,0.003949,0.070099,0.008175,-0.000221,-0.929678,0.031409,0.029727,-0.014813,-0.741992,-0.306229,0.59638,0.329848,-0.941213,-0.07291,0.583649,0.142616,0.799383,0.012883,0.023831,0.001784,0.063856,0.001411,0.003734,-0.828987,0.060353,0.019761,-0.075183,0.274817,0.650533,-0.708012,-0.961102,0.164788,-0.221645,-0.027515,0.741384,0.670515,-0.024897,-0.008059,-0.0089,-1.261079,-0.317262,0.882113,0.188908
63,0.08966,-0.010218,0.334851,0.402151,0.536137,-0.742211,-0.900072,0.379913,-0.213325,0.167098,0.75317,0.63627,-0.049495,-0.014216,-0.016289,-4.141084,-1.100659,3.380115,0.33974,-0.174551,0.016076,0.324959,0.701287,0.370725,0.608893,-0.442158,0.89617,-0.036192,-0.559951,-0.244324,0.791596,0.011255,0.057648,-0.004407,0.106753,0.122233,-0.218025,-0.997771,0.03168,0.03072,-0.014803,-0.733618,-0.316624,0.601292,0.330078,-0.939461,-0.091975,0.594013,0.130999,0.793717,0.006043,0.023437,0.001933,0.054552,0.146367,-0.196372,-0.83209,0.059531,0.019427,-0.075537,0.309158,0.636097,-0.706965,-0.950474,0.231602,-0.20726,0.031897,0.736029,0.676196,-0.017531,-0.008083,-0.008674,-0.108388,0.040156,-0.04069,0.238059
64,0.088963,-0.010503,0.33454,0.414778,0.529023,-0.740364,-0.888281,0.411708,-0.203534,0.196618,0.74142,0.641611,-0.034785,-0.014931,-0.01629,-3.039281,0.998709,-0.735301,0.349054,-0.174307,0.017132,0.324904,0.696064,0.369947,0.615326,-0.433323,0.89978,-0.0506,-0.573233,-0.231892,0.785808,0.024646,0.057449,-0.005728,0.164225,0.129429,-0.188329,-1.051271,0.031797,0.031247,-0.014831,-0.728247,-0.316871,0.607658,0.320716,-0.941176,-0.106427,0.605637,0.11738,0.787035,0.005591,0.027935,-0.002993,0.269119,0.307396,-0.275921,-0.837315,0.059176,0.019283,-0.075694,0.326861,0.62837,-0.705911,-0.942848,0.268025,-0.197988,0.064792,0.730283,0.680064,-0.017215,-0.007036,-0.007624,-4.118426,-1.090609,3.45987,0.25798
65,0.087745,-0.011039,0.33397,0.431764,0.522263,-0.735437,-0.863793,0.474083,-0.170526,0.259056,0.708248,0.656735,-0.032878,-0.000623,-0.02159,-4.620407,-0.49856,2.849683,0.373344,-0.173958,0.019136,0.324659,0.680558,0.362685,0.636626,-0.402872,0.910968,-0.088124,-0.612742,-0.196975,0.765253,0.011035,0.05105,-0.01009,0.244216,0.539569,-0.627181,-1.191967,0.031977,0.032242,-0.014947,-0.712542,-0.31169,0.628595,0.288281,-0.94685,-0.142717,0.639669,0.079521,0.764525,0.005512,0.025889,-0.004766,2.063156,2.069414,-1.150033,-0.848256,0.058566,0.019008,-0.075979,0.341043,0.626565,-0.700788,-0.931027,0.328155,-0.159691,0.129911,0.706915,0.695264,-0.016849,-0.005598,-0.006404,-1.897324,1.234388,-1.71271,0.288679
66,0.086439,-0.011253,0.333674,0.443563,0.526022,-0.725671,-0.841002,0.524088,-0.134233,0.30915,0.669184,0.675757,-0.030869,-0.001896,-0.003662,-0.374944,0.273517,-0.267159,0.413827,-0.173725,0.020686,0.324432,0.669745,0.356154,0.651603,-0.378636,0.918617,-0.112744,-0.639549,-0.171673,0.749246,-0.0016,0.034353,-0.005742,0.524571,1.060421,-1.122232,-1.297204,0.032098,0.03304,-0.015061,-0.700773,-0.307266,0.643819,0.263007,-0.950193,-0.167211,0.663131,0.052152,0.746683,0.005859,0.017386,-0.003262,1.732895,2.201167,-1.760784,-0.854624,0.05791,0.018893,-0.076142,0.355084,0.630191,-0.690488,-0.91533,0.384466,-0.119817,0.189961,0.67457,0.713351,-0.015293,-0.00051,-0.001378,-1.219916,0.09384,0.553393,0.33391
67,0.085595,-0.011162,0.333627,0.458131,0.526618,-0.716125,-0.817064,0.566683,-0.106056,0.349391,0.633059,0.690789,-0.014288,0.002624,0.001706,-0.380013,0.354867,-0.367516,0.431333,-0.173531,0.021727,0.324091,0.671685,0.342859,0.656718,-0.340495,0.93015,-0.137182,-0.658703,-0.131913,0.740656,-0.001656,0.02528,-0.013328,0.379184,-0.078125,-0.858741,-1.378009,0.032195,0.033569,-0.015225,-0.699429,-0.293366,0.651716,0.223253,-0.955922,-0.190706,0.678937,0.012113,0.734095,0.006261,0.006909,-0.00338,0.354935,0.236446,-0.081477,-0.860829,0.057482,0.018938,-0.076166,0.369404,0.632535,-0.680763,-0.898936,0.42888,-0.089295,0.235484,0.644949,0.727039,0.000101,0.000322,0.000335,-1.238142,0.107247,0.664721,0.375549
68,0.085499,-0.011077,0.333633,0.467229,0.522767,-0.713062,-0.80488,0.585192,-0.098443,0.36523,0.619281,0.695073,0.001521,0.01247,-0.006916,-3.916968,-0.266571,3.339828,0.437734,-0.17343,0.022028,0.32392,0.671444,0.345206,0.655734,-0.330842,0.931426,-0.151399,-0.663855,-0.115739,0.738758,-0.00083,0.012811,-0.006516,0.178856,-0.006352,-0.706025,-1.400114,0.032245,0.033718,-0.015318,-0.700332,-0.296872,0.649154,0.21353,-0.954898,-0.206332,0.68113,-0.005888,0.732138,0.00625,0.006412,-0.003797,0.259928,-0.143585,-0.711237,-0.866054,0.057429,0.01898,-0.076157,0.375688,0.632189,-0.677639,-0.892473,0.443814,-0.080747,0.249698,0.63511,0.730947,0.000409,0.001247,0.001254,-0.005853,0.281803,-0.493002,0.386163
69,0.085687,-0.010948,0.333583,0.479447,0.518292,-0.708201,-0.787721,0.609826,-0.087059,0.386157,0.598967,0.701533,0.001458,0.012286,-0.007101,0.024684,0.277778,-0.502249,0.447961,-0.172988,0.022463,0.323663,0.673408,0.356809,0.647457,-0.319854,0.930218,-0.179784,-0.66725,-0.08649,0.739703,0.012487,0.013092,-0.007374,0.132369,0.048931,-0.636398,-1.40265,0.032461,0.033929,-0.015451,-0.704237,-0.308319,0.639522,0.20263,-0.9506,-0.235158,0.680434,-0.036021,0.731923,0.006245,0.006573,-0.003662,0.145991,-0.049994,-0.46799,-0.870463,0.057525,0.019052,-0.076174,0.391935,0.627334,-0.672931,-0.877112,0.475508,-0.067568,0.277597,0.616719,0.736611,0.007443,-0.000387,6.6e-05,-0.000901,0.183393,-0.319276,0.405105
70,0.086213,-0.010607,0.333399,0.49344,0.508139,-0.705944,-0.769645,0.63312,-0.08232,0.404499,0.583321,0.704375,0.016439,0.011891,-0.006601,0.023259,0.050495,-0.092799,0.441909,-0.1726,0.022816,0.323472,0.676331,0.362834,0.64103,-0.302241,0.930333,-0.20752,-0.672496,-0.053868,0.738045,0.012471,0.012282,-0.00805,0.282126,0.14435,-0.519086,-1.40269,0.03266,0.03411,-0.01555,-0.707754,-0.313894,0.632893,0.185067,-0.946961,-0.262704,0.681787,-0.068802,0.728307,0.006236,0.006067,-0.004085,0.262355,0.217674,-0.478505,-0.886629,0.057789,0.019226,-0.076269,0.407087,0.619857,-0.670862,-0.863366,0.500861,-0.061121,0.298122,0.604082,0.739058,0.008243,0.006012,-0.003242,0.027553,0.051214,-0.095479,0.406574
71,0.086464,-0.010333,0.333278,0.49846,0.503824,-0.70551,-0.763228,0.640933,-0.081607,0.410445,0.578523,0.704893,0.01754,0.023154,-0.014721,0.069974,-0.051118,0.06113,0.442444,-0.172447,0.022923,0.323419,0.676848,0.366982,0.638117,-0.296843,0.929339,-0.219424,-0.674382,-0.041384,0.737129,0.013317,0.001185,-0.000113,0.068461,0.004612,-0.443789,-1.402937,0.032736,0.034162,-0.015578,-0.708744,-0.317723,0.629867,0.179676,-0.944693,-0.274355,0.6822,-0.081276,0.726633,0.006661,0.000573,-7e-05,0.039776,0.054093,-0.4034,-0.894957,0.057902,0.01935,-0.076321,0.412758,0.616411,-0.670573,-0.858321,0.509607,-0.059876,0.30482,0.600281,0.739423,0.001225,0.007691,-0.002024,0.038006,-0.032026,0.038948,0.406248
72,0.086818,-0.009671,0.333023,0.507367,0.49923,-0.70242,-0.749568,0.657755,-0.074013,0.424435,0.563449,0.708807,0.003703,0.027125,-0.011669,-0.091648,0.17678,-0.258543,0.441628,-0.172017,0.023166,0.323391,0.678772,0.376709,0.630357,-0.285241,0.926257,-0.246211,-0.677455,-0.013176,0.735353,0.012449,0.015834,-0.005082,3.745019,-1.593308,3.44903,-1.402825,0.032947,0.034273,-0.015594,-0.709598,-0.330033,0.622534,0.173494,-0.938157,-0.299601,0.682913,-0.10459,0.722973,0.00665,0.001766,0.000916,0.435248,-0.285072,-0.876539,-0.902142,0.05809,0.019685,-0.076451,0.422336,0.613071,-0.667664,-0.847697,0.527983,-0.051407,0.320999,0.587688,0.742685,0.001295,0.007915,-0.001805,-0.542829,0.43837,-0.483189,0.405758
73,0.08692,-0.008805,0.332695,0.509595,0.50088,-0.699627,-0.737355,0.673228,-0.055171,0.442736,0.543372,0.713273,-0.011572,0.018655,-0.001671,-0.162242,0.190751,-0.282773,0.442118,-0.171364,0.023454,0.32346,0.679163,0.38915,0.622328,-0.283024,0.921173,-0.266967,-0.677995,0.004671,0.734958,0.026583,0.007361,0.003919,0.081409,-0.151119,-0.236402,-1.40259,0.033268,0.034418,-0.015564,-0.71385,-0.338425,0.613095,0.166366,-0.932368,-0.320955,0.680249,-0.127116,0.721873,0.006643,0.003236,0.002142,0.064651,-0.035251,-0.432311,-0.910959,0.058143,0.02013,-0.076618,0.423786,0.615029,-0.664938,-0.838459,0.544073,-0.031141,0.342623,0.570721,0.746248,-0.005788,0.009307,-0.000859,-0.148189,0.236457,-0.272,0.405758
74,0.086931,-0.00783,0.332281,0.504816,0.509883,-0.696581,-0.731577,0.680997,-0.031779,0.457534,0.525018,0.717667,0.003491,0.026443,-0.012337,0.02759,0.063059,-0.327101,0.441546,-0.170627,0.023951,0.323643,0.678057,0.401831,0.615437,-0.284124,0.915551,-0.284561,-0.678641,0.017562,0.734168,0.013227,0.011064,0.008088,0.040325,0.035845,-0.386727,-1.402873,0.033642,0.034664,-0.015475,-0.714444,-0.350595,0.605517,0.167847,-0.926013,-0.338121,0.679261,-0.139935,0.720431,0.012813,0.011975,0.000256,0.086033,-0.099715,-0.169956,-0.911776,0.058147,0.020608,-0.07682,0.417723,0.622777,-0.661555,-0.834092,0.551573,-0.007426,0.360272,0.554901,0.749859,0.00116,0.007483,-0.002225,-0.011231,0.104534,-0.337091,0.406085
75,0.086959,-0.007388,0.332096,0.508732,0.507324,-0.695599,-0.722769,0.690618,-0.024988,0.46708,0.514846,0.718886,0.002518,0.015619,-0.003806,-1.141556,0.126795,0.869454,0.441209,-0.170279,0.024338,0.323766,0.678089,0.402723,0.614818,-0.280152,0.915008,-0.290187,-0.680261,0.024003,0.732484,0.025558,0.027,0.003042,0.045744,0.001275,-0.066309,-1.402658,0.033811,0.034848,-0.015414,-0.714528,-0.351635,0.604815,0.164063,-0.92462,-0.343744,0.680097,-0.146387,0.718357,0.00659,0.007289,0.005484,-0.011637,0.070812,-0.078858,-0.916838,0.058162,0.020833,-0.076916,0.4209,0.621578,-0.660668,-0.828086,0.5606,-0.000127,0.370292,0.547144,0.750677,0.001664,0.012933,-0.006423,-3.809992,0.095865,3.626357,0.406575
76,0.087116,-0.006755,0.331845,0.511529,0.506341,-0.694264,-0.715853,0.697986,-0.018456,0.474602,0.505809,0.720373,0.001175,0.003657,0.003597,-0.003146,0.100237,-0.171501,0.434737,-0.169574,0.025373,0.324072,0.67861,0.40332,0.61385,-0.269487,0.914204,-0.302559,-0.684045,0.039367,0.728283,0.025393,0.03205,0.007135,0.143888,-0.068344,-0.173818,-1.402797,0.034163,0.035364,-0.015262,-0.714728,-0.351783,0.604493,0.153278,-0.922073,-0.355368,0.682399,-0.161336,0.712952,0.006072,0.01613,0.004203,0.305048,-0.006189,-0.320316,-0.909979,0.058241,0.021156,-0.077043,0.425031,0.620412,-0.659118,-0.821596,0.57003,0.00675,0.379905,0.53866,0.752008,0.001188,0.007576,-0.002137,0.036238,0.07444,-0.128262,0.402982
77,0.087297,-0.0065,0.331916,0.521308,0.500426,-0.691272,-0.704733,0.709222,-0.018116,0.480548,0.495991,0.723253,0.001358,0.004232,0.004155,0.140277,0.418044,0.24249,0.428633,-0.168899,0.026667,0.32432,0.676419,0.40275,0.616637,-0.260926,0.914004,-0.310563,-0.689517,0.048646,0.722539,0.012067,0.030417,0.006809,0.029509,0.053229,-0.069348,-1.402793,0.034511,0.036032,-0.015128,-0.712518,-0.351799,0.607087,0.144757,-0.920312,-0.363413,0.686558,-0.171058,0.706665,0.006032,0.01523,0.003414,0.021438,0.050947,-0.065546,-0.910469,0.058332,0.021282,-0.077009,0.433815,0.61577,-0.657746,-0.812807,0.582459,0.009203,0.388777,0.530629,0.753182,0.000801,0.002502,0.002454,0.166811,0.477485,0.309005,0.395797
78,0.087408,-0.006457,0.33202,0.524454,0.49694,-0.691407,-0.700261,0.713632,-0.018333,0.483644,0.493169,0.723118,0.001521,0.004746,0.004655,0.002408,0.007191,0.004171,0.423694,-0.168563,0.027322,0.324341,0.673631,0.404749,0.618377,-0.258578,0.912921,-0.315668,-0.693122,0.052214,0.718831,0.012062,0.027097,0.004059,0.027719,0.069782,-0.092966,-1.402575,0.034678,0.036365,-0.015113,-0.709951,-0.354224,0.608681,0.142515,-0.918678,-0.368402,0.689679,-0.174801,0.702698,0.006032,0.01346,0.001947,0.020023,0.065495,-0.090167,-0.917164,0.058387,0.021304,-0.076955,0.439452,0.613325,-0.656287,-0.808872,0.587932,0.007821,0.390649,0.527415,0.75447,0.00078,0.002446,0.002396,-0.006985,-0.015215,-0.006039,0.390572
79,0.087533,-0.006404,0.332391,0.52991,0.493464,-0.689734,-0.695073,0.718643,-0.019942,0.48517,0.489376,0.724672,0.002242,0.007011,0.006859,0.000563,-0.014096,0.025137,0.41633,-0.167922,0.028654,0.324209,0.670521,0.404691,0.621786,-0.248046,0.912199,-0.326035,-0.699959,0.063851,0.711227,0.011106,0.034916,-0.00653,0.259276,0.085199,-0.007517,-1.402626,0.034994,0.03702,-0.015175,-0.706871,-0.354711,0.611974,0.13219,-0.916177,-0.378344,0.69488,-0.186544,0.694508,0.012124,0.017797,-0.003565,0.736466,0.555269,-0.395217,-0.916021,0.058449,0.021326,-0.076775,0.445287,0.610696,-0.654804,-0.804591,0.59379,0.006645,0.392874,0.523891,0.755768,0.000605,-0.00199,0.007608,-0.039718,0.096219,-0.166737,0.378978
80,0.08762,-0.006324,0.332942,0.532025,0.495201,-0.686856,-0.69403,0.719682,-0.018791,0.484347,0.486086,0.727431,0.002038,-0.001404,0.017709,-0.034042,0.003916,0.009281,0.416425,-0.167313,0.030084,0.323791,0.668113,0.406053,0.623488,-0.243595,0.911175,-0.332198,-0.703816,0.069534,0.706875,0.011075,0.032009,-0.00888,0.064003,0.059005,-0.074822,-1.402632,0.035299,0.037735,-0.015384,-0.704598,-0.356434,0.613591,0.127711,-0.91427,-0.384445,0.698018,-0.192517,0.689714,0.00508,0.021527,-0.008404,0.108948,-0.068668,0.107039,-0.912429,0.058492,0.021369,-0.076504,0.447018,0.612606,-0.651834,-0.803766,0.594892,0.00788,0.392598,0.5204,0.75832,0.001091,-0.000451,0.0091,-0.033648,-0.002189,0.008016,0.374733
81,0.087726,-0.006181,0.333552,0.54011,0.490243,-0.684097,-0.68423,0.729029,-0.017849,0.4893,0.477117,0.730049,0.00305,0.009566,0.009284,0.010748,0.016598,0.042838,0.417227,-0.166663,0.031498,0.32323,0.66609,0.406872,0.625117,-0.238508,0.910321,-0.338179,-0.707468,0.075628,0.70259,0.010113,0.040253,-0.019004,0.111561,-0.049578,0.081844,-1.402775,0.035624,0.03844,-0.01566,-0.702598,-0.357711,0.61514,0.122828,-0.912452,-0.390311,0.700905,-0.198676,0.685024,0.012076,0.014872,-0.005916,0.06333,0.042673,-0.044375,-0.915205,0.058545,0.02144,-0.076199,0.455943,0.609013,-0.649012,-0.795685,0.605637,0.009327,0.398746,0.512157,0.76072,0.001616,0.005097,0.004945,0.005408,-0.001313,0.040886,0.37457
82,0.087794,-0.006103,0.333786,0.545393,0.486759,-0.682391,-0.679157,0.733715,-0.019516,0.490499,0.473496,0.731601,0.001802,-0.002121,0.016961,0.051341,0.261694,0.15788,0.415592,-0.166377,0.032151,0.322922,0.665016,0.407371,0.625935,-0.236035,0.909842,-0.341187,-0.709307,0.078617,0.700405,0.011062,0.027421,-0.012552,0.062056,0.076263,-0.097866,-1.40238,0.035767,0.03877,-0.015817,-0.701665,-0.358241,0.615896,0.120285,-0.911558,-0.393181,0.70228,-0.201798,0.6827,0.005061,0.019641,-0.009895,0.111599,-0.067184,0.105879,-0.916021,0.05858,0.021485,-0.076077,0.460785,0.606142,-0.648281,-0.791584,0.610998,0.00864,0.401336,0.509188,0.761351,0.001391,0.004395,0.004254,0.155914,0.403437,0.247996,0.374406
83,0.088017,-0.005886,0.334074,0.551122,0.481441,-0.68156,-0.669917,0.742211,-0.017501,0.496747,0.465642,0.732426,0.001929,0.006073,0.005865,-0.000808,2.6e-05,0.000912,0.410803,-0.16589,0.033374,0.322325,0.666166,0.405577,0.625876,-0.23241,0.910335,-0.342357,-0.709426,0.082074,0.699886,0.011005,0.027673,-0.012315,0.076962,-0.054813,0.087697,-1.402825,0.03601,0.039377,-0.01612,-0.702508,-0.356471,0.615961,0.116735,-0.911505,-0.394372,0.702035,-0.205146,0.681953,0.005042,0.019122,-0.010286,0.098376,0.065328,-0.080145,-0.919124,0.058687,0.02159,-0.075928,0.468093,0.601944,-0.646955,-0.783727,0.621011,0.010754,0.40824,0.502003,0.762451,0.001072,0.003395,0.003273,-0.006477,-0.019498,0.034872,0.369834
84,0.088396,-0.005651,0.334161,0.558229,0.480261,-0.676591,-0.660526,0.750685,-0.012197,0.501352,0.453124,0.737124,0.001267,0.004006,0.00386,-1.735577,1.575289,-1.737251,0.403697,-0.165595,0.034418,0.321865,0.667758,0.403275,0.625668,-0.2288,0.911064,-0.342852,-0.709106,0.08526,0.699831,-0.001067,0.015427,-0.004298,0.036516,-0.0115,0.017483,-1.402921,0.036162,0.039903,-0.016354,-0.703839,-0.35394,0.615902,0.113008,-0.911778,-0.394827,0.701312,-0.208293,0.681744,0.005483,0.014258,-0.005812,0.076928,-0.054813,0.087524,-0.91994,0.058883,0.021711,-0.075881,0.476029,0.599696,-0.643241,-0.775791,0.630834,0.014006,0.414178,0.492354,0.765534,0.008223,0.006316,-0.003007,0.037383,-0.05443,0.069893,0.363303
85,0.088585,-0.005526,0.334149,0.560703,0.479008,-0.675433,-0.656261,0.754452,-0.009819,0.504177,0.448177,0.738221,0.016191,0.011827,-0.006783,0.032195,0.067509,-0.126891,0.398639,-0.165515,0.034812,0.321747,0.666925,0.403539,0.626385,-0.226704,0.910717,-0.345156,-0.710561,0.087659,0.698056,-0.001104,0.016791,-0.003195,0.038456,-0.028211,0.040839,-1.402413,0.036203,0.040097,-0.016415,-0.703,-0.354388,0.616603,0.110942,-0.911034,-0.397124,0.702483,-0.210771,0.679774,-0.000536,0.008013,-0.001912,0.033832,-0.031531,0.042959,-0.91994,0.058971,0.021769,-0.075885,0.477966,0.600696,-0.640867,-0.772262,0.635012,0.019247,0.41852,0.485719,0.767409,0.000637,0.002023,0.001943,0.005965,-0.018838,0.027503,0.357914
86,0.088904,-0.005366,0.334231,0.568038,0.474891,-0.672203,-0.647289,0.762177,-0.008609,0.50754,0.439416,0.741177,0.001403,0.004459,0.004286,-1.113909,-0.028336,1.253996,0.389244,-0.165458,0.035332,0.321707,0.667833,0.402278,0.626229,-0.225091,0.911147,-0.345077,-0.710223,0.088966,0.698234,-0.001139,0.018033,-0.002197,0.038419,-0.028275,0.040834,-1.402672,0.036231,0.040355,-0.016437,-0.703773,-0.352999,0.616518,0.109308,-0.911287,-0.396996,0.701965,-0.212005,0.679925,-7e-05,0.002946,0.002371,0.00178,-0.016788,0.023388,-0.919287,0.059135,0.021849,-0.075851,0.484861,0.598615,-0.637627,-0.76592,0.642596,0.020862,0.422225,0.478256,0.770062,0.000606,0.001824,0.001825,-3.715783,-0.051648,4.094771,0.346484
87,0.089104,-0.005278,0.334366,0.572754,0.473539,-0.669148,-0.642359,0.766348,-0.007579,0.508496,0.433592,0.743947,-7.8e-05,-0.008033,0.011208,-0.06393,0.019566,0.018547,0.375183,-0.165419,0.035652,0.321947,0.668574,0.401273,0.626083,-0.224324,0.911552,-0.344507,-0.709769,0.089355,0.698646,-0.000213,0.008396,0.006739,0.001901,-0.016756,0.023367,-1.402713,0.036251,0.040519,-0.016319,-0.704396,-0.351893,0.616439,0.108478,-0.911627,-0.396444,0.701468,-0.212384,0.680319,-0.000109,0.00421,0.003378,0.001899,-0.01674,0.023337,-0.92141,0.059236,0.0219,-0.075784,0.490746,0.597043,-0.634592,-0.760637,0.648797,0.022188,0.424969,0.471806,0.772528,0.000525,0.001683,0.001611,-0.104783,-0.014553,0.108031,0.331298
88,0.089048,-0.005155,0.334522,0.575051,0.474034,-0.666823,-0.637757,0.770215,-0.002531,0.51168,0.426144,0.746065,-0.012862,0.006448,0.005417,-0.000559,0.000202,-0.004659,0.35577,-0.16545,0.035865,0.322196,0.667438,0.402014,0.626819,-0.223329,0.911097,-0.346352,-0.71115,0.090653,0.697073,-0.000149,0.005873,0.004702,0.001901,-0.016753,0.02337,-1.402717,0.036235,0.040634,-0.016189,-0.703353,-0.352793,0.617115,0.107508,-0.910956,-0.398246,0.702663,-0.213763,0.678651,-7.5e-05,0.002835,0.00227,0.000652,-0.017655,0.023939,-0.923859,0.059212,0.021953,-0.075706,0.492833,0.597772,-0.632284,-0.756749,0.65312,0.027623,0.42947,0.464867,0.774243,0.000467,0.001495,0.001431,0.004192,-0.003048,0.001854,0.307294
89,0.088884,-0.005058,0.334661,0.577746,0.470919,-0.666701,-0.633297,0.773888,-0.002249,0.514171,0.42294,0.746175,-0.012431,0.007802,0.006707,-0.000559,0.000203,-0.004656,0.35176,-0.165501,0.035931,0.322253,0.666278,0.400612,0.628947,-0.222812,0.911883,-0.344611,-0.712399,0.088944,0.696017,-0.013046,0.002875,0.003416,-0.157109,0.38096,0.281255,-1.402546,0.036214,0.040668,-0.01616,-0.703203,-0.352551,0.617424,0.107377,-0.911102,-0.397947,0.702833,-0.213541,0.678546,-3.2e-05,0.00116,0.000928,-0.184934,0.449945,0.337773,-0.924512,0.05913,0.021999,-0.075639,0.496012,0.595117,-0.632303,-0.752964,0.657459,0.028129,0.432454,0.462149,0.77421,-0.006275,0.00372,0.003181,0.000582,0.014473,-0.029914,0.29619
90,0.088498,-0.004918,0.334985,0.582653,0.46759,-0.66477,-0.62818,0.778042,-0.003398,0.514903,0.419001,0.74789,-0.013829,-0.004428,0.01388,-0.008194,0.115506,0.002297,0.348149,-0.165542,0.035974,0.322265,0.666384,0.400485,0.628916,-0.22268,0.911929,-0.344575,-0.712341,0.089046,0.696063,7e-06,-0.000262,-0.00021,-3.4e-05,8.2e-05,6.1e-05,-1.4024,0.036189,0.040692,-0.016151,-0.702081,-0.3515,0.619297,0.106785,-0.911816,-0.396469,0.704044,-0.212222,0.677704,7e-06,-0.000331,-0.000265,0.001149,-0.003233,-0.002837,-0.925329,0.058938,0.022077,-0.075477,0.501437,0.592594,-0.63039,-0.748675,0.66238,0.02714,0.433641,0.458349,0.775803,0.000683,0.002172,0.002079,0.029249,0.075857,0.078447,0.286229
91,0.088123,-0.004842,0.335319,0.590149,0.461217,-0.662607,-0.618593,0.785683,-0.004142,0.517952,0.411762,0.749803,-0.012847,0.006425,0.005365,0.019227,0.059866,0.02968,0.342858,-0.16554,0.035899,0.322205,0.666332,0.400555,0.628927,-0.222732,0.911901,-0.344616,-0.712374,0.08902,0.696033,5.5e-05,-0.002209,-0.001768,-0.0,0.0,0.0,-1.402368,0.03619,0.040654,-0.016181,-0.701982,-0.351722,0.619283,0.106941,-0.91174,-0.396601,0.704119,-0.21218,0.677639,4.1e-05,-0.001624,-0.001299,-0.001855,0.016677,-0.023371,-0.926635,0.058756,0.022113,-0.075312,0.509948,0.587429,-0.628394,-0.740459,0.671563,0.026894,0.437805,0.451586,0.777429,0.000537,0.001709,0.001637,0.020321,0.067481,0.041802,0.280024
92,0.087954,-0.004823,0.335441,0.592008,0.4634,-0.659418,-0.618256,0.785953,-0.002813,0.516229,0.408785,0.752615,-0.013297,0.004998,0.004,-0.139352,0.207753,-0.133011,0.336797,-0.165539,0.03585,0.322166,0.666331,0.400556,0.628927,-0.222733,0.911901,-0.344617,-0.712375,0.089019,0.696032,5e-05,-0.002008,-0.001608,-0.0,0.0,0.0,-1.402667,0.03619,0.040627,-0.016203,-0.702056,-0.351594,0.619272,0.106849,-0.91178,-0.396534,0.704059,-0.21222,0.677688,3.3e-05,-0.001266,-0.001015,3.4e-05,-2.1e-05,2.8e-05,-0.927125,0.058667,0.022123,-0.075244,0.511532,0.589626,-0.625041,-0.74017,0.671835,0.028015,0.436443,0.448306,0.780088,-0.006595,0.00267,0.002164,-0.578342,0.544417,-0.509407,0.275126
93,0.087694,-0.004825,0.335748,0.594609,0.460552,-0.659073,-0.613635,0.789569,-0.001954,0.518741,0.405026,0.75292,-0.012805,0.006533,0.005456,-0.000981,0.014726,-0.029547,0.315093,-0.165565,0.035739,0.322079,0.663338,0.40297,0.630546,-0.221197,0.910586,-0.349055,-0.715638,0.091537,0.692348,7.7e-05,-0.003077,-0.002466,-0.0019,0.016754,-0.023369,-1.402364,0.036177,0.040572,-0.016245,-0.699349,-0.354436,0.620713,0.105404,-0.910041,-0.40089,0.706965,-0.214937,0.673796,3.2e-05,-0.001212,-0.00097,-0.003584,-0.002682,0.001733,-0.925655,0.058535,0.02212,-0.075099,0.514332,0.587267,-0.624963,-0.736187,0.676134,0.029484,0.439874,0.444926,0.780096,-0.006383,0.003346,0.002807,-0.000741,0.012988,-0.03091,0.251449
94,0.08743,-0.004887,0.336281,0.596781,0.460868,-0.656885,-0.612833,0.790191,-0.002445,0.517193,0.403454,0.754827,-0.013591,-0.011443,0.026007,-0.0075,0.223018,0.070619,0.307523,-0.165534,0.035674,0.322012,0.661919,0.401868,0.632737,-0.22089,0.911254,-0.347502,-0.717045,0.089725,0.691128,3e-05,-0.001211,-0.000971,-0.00017,0.000415,0.000312,-1.402355,0.036193,0.040535,-0.016283,-0.697746,-0.3536,0.62299,0.105046,-0.910783,-0.399297,0.7086,-0.213166,0.672639,1.8e-05,-0.000679,-0.000545,0.002135,-0.006498,-0.00576,-0.925492,0.058397,0.022085,-0.07483,0.516065,0.587902,-0.622935,-0.735644,0.676736,0.02924,0.438753,0.443169,0.781726,-0.006753,-0.005566,0.013157,0.013695,0.266769,0.087773,0.231854
95,0.087231,-0.004909,0.33709,0.601549,0.459605,-0.653412,-0.607113,0.794598,-9.2e-05,0.518406,0.396186,0.757838,-0.010959,0.004519,0.022305,-0.029151,0.020523,0.013978,0.307825,-0.165516,0.035711,0.322028,0.660625,0.402789,0.633504,-0.219884,0.91071,-0.349562,-0.718548,0.091102,0.689386,-5.4e-05,0.002159,0.001731,0.0019,-0.016755,0.023368,-1.402876,0.036202,0.04055,-0.016278,-0.696593,-0.354757,0.623621,0.104103,-0.909979,-0.401372,0.709873,-0.214672,0.670816,-2.8e-05,0.001157,0.000928,0.000163,-0.01827,0.024192,-0.927942,0.058301,0.022069,-0.074436,0.521471,0.587274,-0.619012,-0.730638,0.682035,0.031559,0.440722,0.435816,0.784747,0.001481,0.000799,0.010154,-0.040425,-0.009481,0.010171,0.228261
