frame,MLTx,MLTy,MLTz,MLTR1,MLTR2,MLTR3,MLTR4,MLTR5,MLTR6,MLTR7,MLTR8,MLTR9,MLTTVx,MLTTVy,MLTTVz,MLTRVx,MLTRVy,MLTRVz,MLGA,MRTx,MRTy,MRTz,MRTR1,MRTR2,MRTR3,MRTR4,MRTR5,MRTR6,MRTR7,MRTR8,MRTR9,MRTTVx,MRTTVy,MRTTVz,MRTRVx,MRTRVy,MRTRVz,MRGA,SLTx,SLTy,SLTz,SLTR1,SLTR2,SLTR3,SLTR4,SLTR5,SLTR6,SLTR7,SLTR8,SLTR9,SLTTVx,SLTTVy,SLTTVz,SLTRVx,SLTRVy,SLTRVz,SLGA,SRTx,SRTy,SRTz,SRTR1,SRTR2,SRTR3,SRTR4,SRTR5,SRTR6,SRTR7,SRTR8,SRTR9,SRTTVx,SRTTVy,SRTTVz,SRTRVx,SRTRVy,SRTRVz,SRGA
351,0.124742,-0.023923,0.312885,-0.068191,0.173686,-0.98246,-0.349874,-0.926332,-0.139533,-0.934241,0.334001,0.125158,-0.001785,0.000158,-0.02051,-0.454139,-0.070321,0.054478,0.235083,-0.193571,-0.031255,0.308225,-0.096466,0.868455,0.486284,-0.52455,-0.459454,0.716717,0.845966,-0.187027,0.499225,-0.014824,0.003614,0.005194,-0.265043,-0.401496,-0.257274,-1.401686,0.031346,0.027898,-0.015781,0.083696,-0.870284,0.485386,0.526152,0.452257,0.720158,-0.846261,0.195112,0.495754,-0.007443,0.001497,0.002284,-0.890796,-1.330661,-0.888109,-0.890385,0.060609,0.030592,-0.061571,0.073766,-0.166324,-0.983307,0.341905,0.930455,-0.131734,0.936834,-0.326481,0.125503,-0.000944,-0.00025,-0.010617,-0.458354,-0.070126,0.054124,-0.213603
352,0.124862,-0.023708,0.311502,-0.064019,0.169139,-0.983534,-0.346915,-0.927817,-0.137031,-0.935643,0.332214,0.119298,-0.003001,0.00311,-0.038029,0.069863,-0.014679,-0.056866,0.398896,-0.194076,-0.031184,0.308342,-0.196505,0.856009,0.478147,-0.472368,-0.50987,0.718912,0.859418,-0.085664,0.503909,-0.015041,0.001048,0.002228,-2.694303,-4.096156,-2.901818,-1.401591,0.031094,0.027939,-0.015715,0.179398,-0.859983,0.477749,0.4775,0.500706,0.722002,-0.860122,0.098599,0.500467,-0.007535,0.000542,0.001209,-0.245445,-0.376705,-0.288671,-0.903448,0.060667,0.030701,-0.062229,0.069267,-0.161492,-0.984439,0.339099,0.931863,-0.129007,0.938196,-0.324887,0.119309,0.006165,0.006037,-0.02408,0.105133,-0.017453,0.006168,0.083912
353,0.125564,-0.023658,0.309774,-0.045772,0.169129,-0.984554,-0.336609,-0.930515,-0.14425,-0.940488,0.324592,0.100746,0.02639,-0.002665,-0.043775,0.081465,-0.269834,0.098288,0.418704,-0.194669,-0.03111,0.308342,-0.331353,0.824632,0.458453,-0.413817,-0.563581,0.714888,0.848295,0.046129,0.527381,-0.015151,-0.000207,0.000773,-2.170869,-5.458423,-2.985881,-1.401666,0.030798,0.027977,-0.015715,0.31194,-0.831541,0.4596,0.418937,0.554555,0.718999,-0.852751,-0.031741,0.521351,-0.007624,-0.000245,0.000254,-0.62062,-3.303633,1.210338,-0.902958,0.061,0.030724,-0.063096,0.051111,-0.16157,-0.985536,0.328737,0.934553,-0.136163,0.943036,-0.317023,0.10088,0.013443,0.004208,-0.026015,0.117107,-0.329563,0.110191,0.32052
354,0.127036,-0.023756,0.307971,-0.022502,0.174412,-0.984439,-0.320481,-0.933938,-0.158193,-0.946973,0.311711,0.078135,0.041454,-0.004244,-0.045381,0.491693,-1.673527,2.480395,0.381382,-0.195239,-0.030969,0.30818,-0.480064,0.775335,0.410348,-0.361069,-0.600841,0.713129,0.800057,0.193207,0.567841,-0.015772,0.010097,-0.008396,-1.652895,-5.827677,-2.956171,-1.401702,0.030519,0.028042,-0.015795,0.460148,-0.78496,0.41485,0.36684,0.5936,0.716286,-0.808511,-0.177414,0.561099,-0.00776,0.004739,-0.00461,-1.667968,-5.029741,-3.083889,-0.900182,0.061723,0.030671,-0.064001,0.030262,-0.164955,-0.985836,0.312937,0.938267,-0.147389,0.949291,-0.304044,0.080014,0.020784,-0.001962,-0.022515,0.082532,-0.293443,0.115497,0.338646
355,0.127966,-0.023811,0.307119,-0.01589,0.173074,-0.984803,-0.313286,-0.936149,-0.159522,-0.949519,0.30577,0.070322,0.05688,-0.003884,-0.044644,0.098621,-0.471444,-0.147625,0.367905,-0.195463,-0.030844,0.30807,-0.534283,0.747435,0.394808,-0.341051,-0.617846,0.708437,0.7741,0.242913,0.584488,-0.000586,0.010648,-0.008762,0.096626,-2.198384,-0.914626,-1.401648,0.030396,0.028102,-0.015852,0.521281,-0.755521,0.396801,0.344973,0.611848,0.711783,-0.78055,-0.234154,0.579579,-0.007716,0.005287,-0.003937,-1.943559,-4.629667,-3.016274,-0.906387,0.062219,0.030636,-0.064466,0.022045,-0.166811,-0.985741,0.305363,0.939987,-0.152239,0.95198,-0.297653,0.07166,0.028468,-0.001944,-0.022349,0.109732,-0.583109,-0.219363,0.316928
356,0.130178,-0.023841,0.305366,-0.010316,0.17567,-0.984418,-0.299086,-0.939899,-0.164645,-0.95417,0.292503,0.06346,0.05771,0.008934,-0.051242,0.108635,-0.068908,0.090198,0.356769,-0.196039,-0.030483,0.307798,-0.629646,0.684595,0.367241,-0.296427,-0.648533,0.701049,0.718883,0.331687,0.610782,-0.015755,0.010128,-0.008374,0.096242,-0.97711,0.20924,-1.402157,0.030113,0.028284,-0.015985,0.620415,-0.691572,0.369881,0.300057,0.64505,0.702762,-0.724603,-0.325019,0.60771,-0.007907,0.004928,-0.004323,-0.429202,-1.868675,-0.578137,-0.911776,0.063303,0.030618,-0.065323,0.015779,-0.16848,-0.985578,0.291151,0.943761,-0.156671,0.956546,-0.28448,0.063944,0.036279,-0.001404,-0.021683,0.071335,-0.053934,0.145418,0.293251
357,0.13295,-0.023824,0.303635,-0.004381,0.177176,-0.984192,-0.2959,-0.940312,-0.168013,-0.955217,0.29026,0.057769,0.087957,-0.002634,-0.043132,0.075363,-0.089017,0.162257,0.339595,-0.196905,-0.030221,0.307319,-0.716732,0.605571,0.345789,-0.235283,-0.676651,0.697652,0.657348,0.417903,0.626988,-0.03141,0.004611,-0.013784,-1.64797,-4.369641,-3.44727,-1.402232,0.029686,0.028423,-0.016215,0.704407,-0.61815,0.348856,0.242283,0.671368,0.700402,-0.667164,-0.408846,0.622683,-0.008183,0.002146,-0.007556,0.2819,-0.868474,-0.236345,-0.901978,0.064651,0.030631,-0.066175,0.010129,-0.170126,-0.985369,0.288037,0.944149,-0.160049,0.957565,-0.282202,0.058565,0.03655,-0.000235,-0.020534,0.073471,-0.066691,0.137511,0.274146
358,0.134459,-0.023819,0.302851,-0.00145,0.176932,-0.984245,-0.288753,-0.94235,-0.169029,-0.957414,0.283732,0.053679,0.088347,-0.00074,-0.041152,0.077294,-0.107911,0.15046,0.327414,-0.197373,-0.030031,0.306983,-0.751125,0.56796,0.336487,-0.20599,-0.68576,0.698022,0.628133,0.454268,0.631627,-0.031875,0.016324,-0.02134,-0.047011,-0.477085,-0.227463,-1.402583,0.029452,0.028509,-0.016385,0.743373,-0.576294,0.339529,0.209659,0.682788,0.699887,-0.635167,-0.449093,0.628392,-0.008392,0.008097,-0.011218,-0.478513,-1.427199,-0.759149,-0.899856,0.065432,0.030631,-0.066586,0.006955,-0.169768,-0.985458,0.280777,0.946169,-0.161018,0.959747,-0.275574,0.054247,0.044214,-0.000285,-0.020518,0.074366,-0.080707,0.16767,0.260756
359,0.137854,-0.023808,0.301372,0.003772,0.1791,-0.983846,-0.280313,-0.944174,-0.173007,-0.959919,0.276208,0.047866,0.104234,0.002319,-0.037735,0.07303,-0.013168,0.047801,0.287698,-0.198214,-0.029404,0.306034,-0.81131,0.498145,0.305972,-0.161182,-0.693536,0.702113,0.562969,0.519679,0.642544,-0.016932,0.014403,-0.024556,-1.645891,-4.149141,-3.453329,-1.402751,0.029026,0.028823,-0.016857,0.801529,-0.51171,0.309358,0.168784,0.689937,0.703916,-0.573639,-0.511995,0.639373,-0.016037,0.00719,-0.011835,-0.119941,-0.602992,-0.019517,-0.887609,0.067123,0.030632,-0.067329,0.001862,-0.172257,-0.985049,0.272362,0.947898,-0.165245,0.962192,-0.267982,0.04868,0.044563,0.001556,-0.018607,0.074416,-0.081759,0.166856,0.21928
360,0.141407,-0.023791,0.30014,0.007214,0.179882,-0.983685,-0.272584,-0.946058,-0.175054,-0.962127,0.26917,0.043431,0.089448,-0.004435,-0.025174,1.671609,0.202194,0.098087,0.189005,-0.198787,-0.028562,0.304666,-0.875319,0.399623,0.272232,-0.098191,-0.697982,0.709305,0.474562,0.593625,0.649818,-0.002747,0.021216,-0.03875,-1.825851,-6.205397,-1.640463,-1.402644,0.028733,0.029244,-0.017532,0.866343,-0.414293,0.278943,0.104212,0.696155,0.710286,-0.488454,-0.586283,0.646284,-0.009235,0.015666,-0.02361,-0.319724,-1.320761,-0.953377,-0.885976,0.068906,0.030644,-0.067949,-0.001799,-0.172987,-0.984922,0.266297,0.949276,-0.167212,0.963889,-0.262582,0.044359,0.044668,-0.002331,-0.012893,5.478928,0.870178,-0.064665,0.123592
361,0.144922,-0.023924,0.299289,0.000404,0.177361,-0.984169,-0.255838,-0.951351,-0.171606,-0.966733,0.251631,0.046216,0.075007,0.000844,-0.019535,0.041498,-0.087921,0.164966,0.083321,-0.198887,-0.027556,0.302741,-0.916658,0.313398,0.248015,-0.046983,-0.700533,0.712026,0.398039,0.640626,0.656525,0.011323,0.026992,-0.05422,0.112857,-0.244245,0.091754,-1.402615,0.028677,0.029747,-0.018486,0.911949,-0.323526,0.252346,0.050445,0.698766,0.713568,-0.407189,-0.638009,0.65356,-0.001834,0.01389,-0.026231,0.021064,-0.510255,-0.159595,-0.876668,0.070668,0.030575,-0.068378,0.00542,-0.17038,-0.985363,0.247761,0.954882,-0.163746,0.968805,-0.243247,0.047389,0.044936,-0.006021,-0.006687,0.009822,-0.077175,0.161735,-0.033004
362,0.146566,-0.024085,0.299048,-0.007694,0.174183,-0.984706,-0.257368,-0.951861,-0.166416,-0.966287,0.251929,0.053377,0.075125,-0.008426,-0.009308,-0.36731,1.417953,-2.151477,0.056298,-0.198801,-0.027019,0.301687,-0.934916,0.259625,0.241905,-0.011111,-0.702529,0.711521,0.355847,0.662188,0.65935,-0.003784,0.027226,-0.053072,0.021352,-0.51316,-0.171807,-1.402761,0.028724,0.030022,-0.019037,0.930814,-0.269995,0.246346,0.01473,0.701179,0.712833,-0.365194,-0.659886,0.656645,-0.001863,0.013485,-0.026747,0.025477,-0.504322,-0.174977,-0.875688,0.071491,0.030497,-0.068503,0.011579,-0.169326,-0.985491,0.24894,0.955015,-0.161165,0.968449,-0.243462,0.05321,0.045121,-0.004806,-0.005345,0.000387,-0.024742,0.191789,-0.092441
363,0.149657,-0.024496,0.298916,-0.025015,0.168343,-0.985434,-0.249878,-0.955461,-0.156933,-0.967937,0.242097,0.067192,0.075815,-0.003492,-0.003742,-0.031222,0.14896,0.496259,0.011354,-0.198309,-0.026115,0.299468,-0.966884,0.120094,0.225176,0.079037,-0.697684,0.711986,0.243822,0.706042,0.664769,0.026016,0.022781,-0.060397,-0.273885,-1.381936,-1.1022,-1.402745,0.028959,0.030468,-0.020121,0.964134,-0.132437,0.230012,-0.074301,0.697286,0.712931,-0.254803,-0.704451,0.662436,0.005526,0.005669,-0.02563,-1.316223,-4.405879,-3.995562,-0.873729,0.073036,0.030288,-0.068573,0.030132,-0.160118,-0.986637,0.241549,0.958996,-0.148256,0.96992,-0.233854,0.067573,0.037897,-0.00703,0.002506,-0.097468,0.480004,0.401409,-0.169188
364,0.15246,-0.02501,0.299212,-0.047699,0.164166,-0.985301,-0.250018,-0.956942,-0.147392,-0.96702,0.239102,0.087916,0.076095,-0.011699,0.007641,-0.12291,0.608247,0.462076,-0.06019,-0.197398,-0.025503,0.297232,-0.979535,-0.011594,0.200915,0.154497,-0.682393,0.714426,0.130054,0.73085,0.669931,0.025873,0.021114,-0.062679,-0.225127,-1.419845,-0.905764,-1.402692,0.029414,0.030773,-0.02124,0.978511,-0.000741,0.206191,-0.150135,0.682875,0.714941,-0.141333,-0.730534,0.66809,0.013013,0.004641,-0.027602,-1.147195,-4.688415,-3.09438,-0.871933,0.074438,0.030038,-0.068426,0.051711,-0.154991,-0.986561,0.241405,0.960526,-0.138247,0.969045,-0.231012,0.087086,0.030524,-0.00501,0.00476,-0.086252,0.191178,-0.012914,-0.241689
365,0.153661,-0.025335,0.299483,-0.057819,0.163445,-0.984879,-0.247141,-0.958122,-0.14455,-0.967195,0.234837,0.097017,0.060945,-0.021638,0.017125,-0.102687,0.220395,0.152415,-0.091394,-0.196778,-0.02533,0.296184,-0.978711,-0.067144,0.193927,0.187907,-0.672028,0.716243,0.083466,0.737509,0.670058,0.026469,0.010421,-0.054153,-0.250591,-1.314237,-1.172893,-1.402802,0.029724,0.030861,-0.021771,0.978448,0.054602,0.19914,-0.183423,0.672768,0.716755,-0.094838,-0.737835,0.668284,0.013027,0.005081,-0.027184,-1.049368,-4.450891,-3.837096,-0.86981,0.075045,0.029881,-0.068291,0.063829,-0.156329,-0.98564,0.238862,0.961339,-0.137006,0.968952,-0.226687,0.098702,0.030518,-0.010385,0.009037,-0.125087,0.309509,0.027796,-0.271081
366,0.155756,-0.026173,0.300201,-0.078609,0.176917,-0.981104,-0.248245,-0.956578,-0.152658,-0.965419,0.231328,0.120335,0.045805,-0.03213,0.025951,-0.157997,0.407741,0.290662,-0.174411,-0.195292,-0.025194,0.294291,-0.96536,-0.176199,0.192419,0.260785,-0.649355,0.714327,0.000303,0.739974,0.672534,0.042345,0.00013,-0.046327,-1.019163,-4.081847,-3.770858,-1.403145,0.030461,0.030931,-0.022723,0.967119,0.159785,0.197861,-0.253885,0.652219,0.714249,-0.014923,-0.740998,0.67134,0.02125,6.2e-05,-0.023205,-0.021435,-0.384673,-0.293359,-0.867197,0.076098,0.029469,-0.067932,0.084435,-0.16949,-0.981907,0.239928,0.959891,-0.145058,0.967111,-0.223339,0.121713,0.022945,-0.010151,0.009257,-0.133429,0.469318,0.393912,-0.32758
367,0.157375,-0.027275,0.301164,-0.100526,0.19715,-0.975229,-0.250752,-0.953529,-0.16697,-0.962708,0.227504,0.146503,0.045959,-0.031538,0.026565,-0.201194,0.726621,0.519381,-0.247388,-0.193331,-0.025495,0.292733,-0.939045,-0.285107,0.19209,0.333227,-0.618523,0.711564,-0.082874,0.73255,0.675549,0.05836,-0.010047,-0.03846,-0.265621,-1.259324,-1.10475,-1.403049,0.031435,0.030785,-0.023505,0.941468,0.273134,0.197573,-0.329457,0.621417,0.710843,0.07138,-0.734328,0.67503,0.02902,-0.00483,-0.019083,-1.078245,-3.984828,-3.951777,-0.865401,0.076908,0.028918,-0.067451,0.105408,-0.188481,-0.976403,0.242266,0.957156,-0.158611,0.964466,-0.219831,0.146554,0.015331,-0.02138,0.01734,-0.25599,0.93089,0.314507,-0.387998
368,0.158515,-0.02869,0.302334,-0.124472,0.212577,-0.969207,-0.237042,-0.954844,-0.179039,-0.963353,0.207187,0.170447,0.030817,-0.03117,0.027048,0.286338,0.786272,0.373379,-0.323197,-0.191101,-0.02623,0.291443,-0.886356,-0.42221,0.190009,0.422418,-0.569883,0.704791,-0.188166,0.705481,0.683193,0.059104,-0.022582,-0.032529,-0.976,-4.393105,-4.169274,-1.403202,0.03255,0.030426,-0.024149,0.892508,0.406471,0.195472,-0.416364,0.575889,0.703557,0.173406,-0.709318,0.683225,0.029595,-0.011483,-0.016527,-0.131542,-1.352028,-1.218846,-0.862788,0.077484,0.02821,-0.066867,0.129249,-0.203751,-0.970453,0.229057,0.958328,-0.170699,0.964793,-0.200227,0.170534,0.007749,-0.021234,0.017549,1.379078,1.096636,0.136836,-0.445476
369,0.158897,-0.029514,0.303009,-0.130636,0.219481,-0.966855,-0.235108,-0.954206,-0.184898,-0.963003,0.202882,0.177458,0.015563,-0.042495,0.035131,-0.163521,0.312416,0.119559,-0.353,-0.189922,-0.02668,0.290823,-0.863015,-0.468851,0.188083,0.452557,-0.552494,0.699912,-0.223148,0.689735,0.68872,0.059307,-0.021988,-0.032051,0.361535,-0.423698,-0.282209,-1.403173,0.03314,0.030199,-0.024461,0.867538,0.458122,0.193651,-0.449583,0.555779,0.699274,0.212725,-0.693709,0.688123,0.029715,-0.011099,-0.016163,0.499238,-0.763541,-0.581975,-0.864421,0.077686,0.027788,-0.066518,0.13735,-0.212275,-0.967508,0.227176,0.95748,-0.177824,0.964118,-0.19537,0.179733,0.007763,-0.021252,0.017547,-0.158674,0.236835,0.073288,-0.473235
370,0.159263,-0.031236,0.304447,-0.144534,0.23284,-0.961738,-0.219782,-0.955172,-0.198276,-0.964618,0.18242,0.190426,0.000323,-0.042182,0.035639,-0.196483,0.523258,0.437068,-0.372312,-0.187431,-0.02749,0.289707,-0.817176,-0.546597,0.182882,0.501816,-0.51891,0.691987,-0.282304,0.65793,0.698066,0.075233,-0.017312,-0.027856,-0.030638,-1.394924,-1.246191,-1.403662,0.034379,0.029785,-0.025028,0.8232,0.535614,0.188306,-0.49878,0.523817,0.690532,0.271221,-0.662368,0.698359,0.029832,-0.008098,-0.012883,-0.663075,-4.145816,-3.993301,-0.866871,0.077869,0.026942,-0.065812,0.149193,-0.223546,-0.963206,0.211231,0.958828,-0.189812,0.965982,-0.17514,0.19027,0.000162,-0.020893,0.018052,-0.104455,0.057502,-0.092348,-0.505403
371,0.159171,-0.032943,0.305894,-0.15233,0.240299,-0.958695,-0.202869,-0.956916,-0.207674,-0.967111,0.162549,0.195708,-0.015008,-0.041973,0.036029,-0.18432,0.515142,0.165906,-0.371405,-0.184804,-0.028174,0.288756,-0.777839,-0.602803,0.177721,0.536307,-0.48953,0.687508,-0.326447,0.630837,0.703804,0.060936,-0.027815,-0.018139,-0.2456,-1.242453,-1.222495,-1.404147,0.035699,0.029452,-0.025502,0.784271,0.592833,0.182937,-0.534033,0.494973,0.685427,0.315795,-0.635255,0.704785,0.029998,-0.007664,-0.012571,-0.941615,-4.005912,-3.971597,-0.865075,0.077829,0.026089,-0.065089,0.156898,-0.231114,-0.960192,0.194339,0.960449,-0.199421,0.968305,-0.155314,0.195607,0.000137,-0.021142,0.017776,-0.152265,0.434551,0.386746,-0.512915
372,0.159014,-0.033726,0.306557,-0.153424,0.240771,-0.958403,-0.193664,-0.958356,-0.209812,-0.968822,0.153111,0.194855,-0.01505,-0.04218,0.035793,5.157595,1.132794,-1.003911,-0.370561,-0.183473,-0.028532,0.288286,-0.752633,-0.634254,0.176798,0.555345,-0.467467,0.687751,-0.352607,0.6166,0.703801,0.061198,-0.025885,-0.015893,-0.324466,-1.161994,-1.119396,-1.404218,0.036342,0.029275,-0.025732,0.761884,0.6216,0.182055,-0.551454,0.475075,0.685711,0.339749,-0.622828,0.704737,0.037953,-0.007367,-0.012663,-0.028012,0.042885,-0.095419,-0.85789,0.077751,0.025698,-0.064757,0.158411,-0.233801,-0.959292,0.19122,0.960431,-0.202502,0.968679,-0.151357,0.19685,0.000118,-0.021284,0.017616,-0.142781,0.030454,-0.09163,-0.513241
373,0.158495,-0.035085,0.307763,-0.152774,0.244462,-0.957572,-0.179869,-0.959592,-0.216337,-0.97158,0.138876,0.191763,-0.015054,-0.030497,0.02822,-0.059183,-0.036999,0.08082,-0.369219,-0.18101,-0.029,0.287484,-0.722881,-0.668681,0.17407,0.574935,-0.442578,0.688119,-0.382176,0.598343,0.704124,0.060971,-0.009325,-0.017431,-0.01956,-0.148027,-0.012333,-1.404468,0.037596,0.029024,-0.026148,0.729109,0.660507,0.179248,-0.573834,0.44725,0.686062,0.37298,-0.603073,0.705115,0.030514,-0.004746,-0.008842,-0.081267,-0.368441,-0.27938,-0.85691,0.077491,0.025012,-0.064154,0.158945,-0.236381,-0.958571,0.171731,0.962733,-0.208931,0.972236,-0.131408,0.193616,-0.00753,-0.015123,0.014271,0.035572,0.072575,-0.090399,-0.513241
374,0.157767,-0.036143,0.308763,-0.146823,0.252167,-0.956504,-0.181659,-0.957362,-0.224564,-0.972171,0.140466,0.187561,-0.015118,-0.019541,0.019773,-0.051883,0.006686,-0.00297,-0.368487,-0.178747,-0.029183,0.28704,-0.708318,-0.685469,0.168551,0.58183,-0.431954,0.689074,-0.398633,0.587009,0.704539,0.046014,-0.002445,-0.007393,0.00387,-0.05487,0.078274,-1.404718,0.03871,0.028928,-0.026374,0.714869,0.677361,0.173614,-0.580737,0.436817,0.686974,0.389493,-0.591921,0.705636,0.023038,-0.001033,-0.003474,-0.017827,-0.143808,-0.014313,-0.855441,0.077127,0.024479,-0.06365,0.153002,-0.244217,-0.957573,0.173609,0.960555,-0.217238,0.972856,-0.133005,0.189365,-0.007552,-0.015126,0.014265,-0.03608,-0.081165,0.163921,-0.513078
375,0.15739,-0.036558,0.309174,-0.143707,0.256156,-0.955917,-0.182196,-0.956231,-0.228906,-0.97254,0.140944,0.185276,-0.015116,-0.019373,0.019965,-0.071265,0.026132,-0.040646,-0.36806,-0.177859,-0.029203,0.286948,-0.700844,-0.693954,0.165035,0.584816,-0.426742,0.689794,-0.407368,0.580821,0.704671,0.046113,-0.000393,-0.004806,-0.032564,-0.02628,-0.208975,-1.404804,0.039178,0.028918,-0.026422,0.707686,0.685782,0.169946,-0.583611,0.431833,0.68769,0.398217,-0.585851,0.705833,0.023107,0.000609,-0.001386,-0.074956,-0.384541,-0.265821,-0.856584,0.076938,0.024271,-0.063446,0.149895,-0.24827,-0.957022,0.174175,0.959451,-0.22162,0.973238,-0.13347,0.187059,-0.015307,-0.009917,0.009762,-0.076427,0.059596,-0.103865,-0.512588
376,0.156699,-0.037249,0.309773,-0.136963,0.265879,-0.954251,-0.176567,-0.954406,-0.240635,-0.974557,0.135194,0.178851,-0.015368,-0.021458,0.017496,-0.066089,0.03056,-0.047186,-0.369129,-0.176247,-0.029087,0.287029,-0.689491,-0.706295,0.160438,0.589509,-0.418751,0.690696,-0.419775,0.571692,0.704854,0.030957,0.005807,0.00456,-0.006473,0.060884,-0.084595,-1.404609,0.03999,0.028973,-0.026387,0.696487,0.698258,0.165352,-0.588416,0.423871,0.688549,0.410697,-0.576861,0.706087,0.015891,-0.002702,0.006283,-0.029337,-0.02906,0.066022,-0.861482,0.076593,0.023929,-0.063142,0.143216,-0.258087,-0.955447,0.168612,0.957648,-0.233407,0.975222,-0.127672,0.180667,-0.007714,-0.005371,0.004397,-0.013433,-0.101508,0.182586,-0.512425
377,0.156143,-0.037774,0.310166,-0.131894,0.273657,-0.952765,-0.170706,-0.953024,-0.250155,-0.976305,0.129301,0.173598,-0.01548,-0.011287,0.008114,-0.034753,0.024678,-0.042164,-0.371092,-0.175199,-0.028996,0.287417,-0.681408,-0.714244,0.159779,0.593708,-0.411953,0.691188,-0.426989,0.566737,0.704523,0.016436,-0.003619,0.01633,-0.032611,-0.01939,0.035735,-1.404572,0.04052,0.029026,-0.026192,0.68855,0.706214,0.164797,-0.592724,0.417124,0.688973,0.417822,-0.572073,0.705802,0.01551,0.004296,0.004029,0.006463,-0.043222,0.084929,-0.868504,0.076315,0.023662,-0.062942,0.138229,-0.2659,-0.954037,0.162826,0.956279,-0.242933,0.976923,-0.121762,0.175481,-0.007767,-0.005808,0.003873,-0.033797,0.022063,-0.037554,-0.513731
378,0.155849,-0.038183,0.310423,-0.126959,0.280067,-0.951572,-0.170472,-0.951172,-0.257261,-0.977006,0.1292,0.169687,-6.5e-05,-0.011506,0.007799,-0.035593,0.012984,-0.018303,-0.376199,-0.17466,-0.028934,0.288036,-0.673115,-0.722531,0.157662,0.596957,-0.405207,0.692376,-0.435522,0.56107,0.703836,0.001126,-0.001599,0.02037,-0.034914,-0.005608,0.007906,-1.405042,0.040795,0.029057,-0.025883,0.680439,0.714545,0.162563,-0.595966,0.410506,0.69015,0.42641,-0.566488,0.705169,0.008257,-0.00017,0.010239,-0.030316,-0.032694,0.061514,-0.875199,0.076162,0.02346,-0.062819,0.133463,-0.272213,-0.952935,0.162616,0.95452,-0.249891,0.97762,-0.121612,0.171659,-5.5e-05,-0.000441,-0.000515,-0.002454,0.00337,-0.006547,-0.516017
379,0.155788,-0.038363,0.310515,-0.127259,0.281133,-0.951217,-0.164813,-0.951626,-0.25926,-0.977937,0.123423,0.16862,-0.000132,-0.012103,0.007093,-0.035598,0.012985,-0.018321,-0.380117,-0.174582,-0.028907,0.288434,-0.668676,-0.72652,0.158216,0.599396,-0.400973,0.692733,-0.438994,0.558958,0.703359,0.001158,-0.000491,0.021756,-0.032857,-0.019634,0.030753,-1.404862,0.040834,0.029071,-0.025692,0.676092,0.718551,0.163045,-0.598418,0.406384,0.690469,0.429878,-0.564389,0.704747,0.000573,-0.000219,0.010912,-0.032359,-0.017186,0.031524,-0.876995,0.076132,0.023367,-0.062768,0.133704,-0.273363,-0.952573,0.156989,0.954909,-0.251998,0.978507,-0.115851,0.17059,-0.000104,-0.006347,0.003203,-0.037682,0.015609,-0.023228,-0.518467
380,0.155841,-0.038732,0.310721,-0.126186,0.284127,-0.95047,-0.159185,-0.951462,-0.263346,-0.979009,0.11771,0.166472,-3.1e-05,-0.011199,0.008162,0.02693,-0.00141,0.019813,-0.382524,-0.174694,-0.028922,0.289168,-0.663316,-0.732503,0.15311,0.600442,-0.399045,0.69294,-0.44564,0.552489,0.70429,-0.014264,-0.003249,0.019672,-0.144506,-0.563656,0.565002,-1.40514,0.040784,0.029071,-0.025308,0.670684,0.724529,0.158871,-0.600041,0.404055,0.690427,0.436042,-0.558388,0.70574,0.00054,-0.00127,0.009557,-0.417876,-1.808874,1.797148,-0.873402,0.076158,0.023185,-0.062671,0.133088,-0.275781,-0.951961,0.151507,0.954878,-0.255445,0.979454,-0.110233,0.168865,1.5e-05,-0.005616,0.004056,0.719455,-1.226864,2.329578,-0.521896
381,0.156049,-0.039129,0.311005,-0.126676,0.283674,-0.95054,-0.160342,-0.951464,-0.262637,-0.978756,0.118782,0.167194,1e-05,-0.010852,0.008573,-0.035603,0.012921,-0.018356,-0.384798,-0.175008,-0.028981,0.289778,-0.65662,-0.739779,0.146865,0.602886,-0.398006,0.691414,-0.452205,0.543465,0.70712,0.000198,0.006216,0.00789,0.006318,-0.036611,0.035964,-1.404638,0.040622,0.02904,-0.024996,0.664169,0.732029,0.151692,-0.602084,0.403501,0.688971,0.443139,-0.548925,0.708736,-0.007181,-0.003034,0.008034,-0.066135,-0.038396,0.025841,-0.873076,0.076262,0.022982,-0.062525,0.13317,-0.275873,-0.951923,0.152554,0.954738,-0.255347,0.979281,-0.111215,0.169227,0.007703,-0.005733,0.003893,-0.035023,-0.001799,0.01102,-0.523202
382,0.156293,-0.03961,0.311398,-0.131458,0.283754,-0.949867,-0.156629,-0.952042,-0.262783,-0.978721,0.113872,0.170779,2.3e-05,-0.010759,0.008684,-0.057665,0.206567,0.090583,-0.392929,-0.175352,-0.029117,0.290175,-0.644658,-0.750254,0.146718,0.611011,-0.390515,0.688548,-0.458471,0.534464,0.709941,6.4e-05,0.00195,0.002471,0.010306,-0.127118,-0.123727,-1.40476,0.04045,0.028976,-0.024791,0.652472,0.742505,0.151541,-0.610242,0.396236,0.686003,0.449315,-0.540075,0.711641,-0.007239,-0.004924,0.005632,-0.105559,-0.339942,-0.423796,-0.878954,0.076384,0.022739,-0.062325,0.137707,-0.275721,-0.951322,0.148827,0.955328,-0.255339,0.979227,-0.10642,0.172589,7e-06,-0.005383,0.004334,-0.065035,0.251899,0.116765,-0.527611
383,0.156408,-0.039889,0.311597,-0.133661,0.282405,-0.949962,-0.151771,-0.953038,-0.262021,-0.979185,0.108797,0.171426,1.1e-05,-0.010891,0.008529,-0.035881,0.015256,-0.017044,-0.393242,-0.175481,-0.029224,0.290287,-0.644841,-0.750576,0.144247,0.60955,-0.391351,0.689368,-0.460152,0.533399,0.709655,5e-06,0.000152,0.000192,0.0004,-0.000303,-0.000221,-1.404677,0.040385,0.028924,-0.024735,0.65253,0.742951,0.149089,-0.608744,0.396793,0.687011,0.451258,-0.539053,0.711187,0.000395,-0.005758,0.003839,-0.043622,0.016596,-0.018086,-0.875688,0.076436,0.022612,-0.062234,0.140285,-0.274646,-0.951256,0.143938,0.956207,-0.254848,0.979592,-0.10117,0.173673,-1e-06,-0.005461,0.004243,-0.03367,-0.001381,-0.026559,-0.529244
384,0.156571,-0.040394,0.311995,-0.136102,0.280799,-0.950091,-0.147624,-0.954007,-0.260864,-0.97948,0.104397,0.172476,2.6e-05,-0.010765,0.008678,-0.035613,0.012804,-0.018419,-0.391819,-0.175711,-0.029501,0.290361,-0.643334,-0.752276,0.142104,0.610099,-0.391821,0.688614,-0.461531,0.530649,0.710819,-0.000108,-0.003164,-0.004011,0.002082,0.012377,-0.026484,-1.404556,0.04027,0.028786,-0.024696,0.651076,0.744658,0.146915,-0.609313,0.397363,0.686178,0.452589,-0.536271,0.712443,-5.1e-05,-0.00141,-0.001781,-0.014749,0.003698,-0.002106,-0.876342,0.076523,0.022351,-0.062029,0.142576,-0.272904,-0.951417,0.139789,0.957154,-0.253601,0.979862,-0.09684,0.174616,0.007719,-0.005708,0.003921,-0.035121,-0.002311,0.01102,-0.53055
385,0.156596,-0.040829,0.312363,-0.138781,0.2788,-0.950292,-0.143245,-0.955088,-0.259343,-0.979751,0.09978,0.173667,0.000158,-0.009553,0.010111,-0.040216,0.095132,-0.167166,-0.390665,-0.175992,-0.029746,0.290361,-0.63731,-0.75777,0.140046,0.613098,-0.388686,0.687726,-0.465893,0.525107,0.712088,-0.01542,-0.002234,-0.00138,0.006677,0.008556,-0.034079,-1.404657,0.040135,0.028656,-0.024706,0.645139,0.750215,0.144816,-0.612352,0.394313,0.685231,0.456968,-0.530748,0.713782,-3.4e-05,-0.000979,-0.001234,-0.016436,0.016503,-0.030654,-0.876832,0.076535,0.02213,-0.061849,0.14516,-0.270977,-0.951577,0.135409,0.958155,-0.252194,0.980098,-0.092244,0.175778,-0.007701,-0.005007,0.004818,-0.037121,0.027419,-0.047917,-0.53006
386,0.156574,-0.041009,0.31252,-0.137586,0.280537,-0.949955,-0.143321,-0.954571,-0.261199,-0.979909,0.099855,0.172724,4.2e-05,-0.010622,0.008848,0.033033,-0.097696,0.193451,-0.390354,-0.176126,-0.029816,0.290403,-0.631476,-0.763155,0.137198,0.61578,-0.386224,0.686717,-0.470279,0.519086,0.713618,-0.015364,-0.00058,0.000716,0.136198,-0.090309,-0.105902,-1.404593,0.040062,0.028619,-0.024688,0.639712,0.755382,0.142005,-0.614749,0.391946,0.684442,0.461357,-0.525143,0.715103,-0.00768,-0.00022,0.000457,0.158157,-0.093188,-0.111252,-0.875036,0.076524,0.022043,-0.061767,0.144164,-0.272472,-0.951301,0.135521,0.957722,-0.253773,0.980229,-0.092337,0.174995,-0.007696,-0.004971,0.004857,0.216528,-0.38019,0.734118,-0.529897
387,0.156517,-0.041246,0.312738,-0.137983,0.280091,-0.950029,-0.144065,-0.954629,-0.260578,-0.979744,0.100556,0.173255,-0.015428,0.00072,0.000915,-0.000984,0.014715,-0.029553,-0.389294,-0.176367,-0.029883,0.290609,-0.63014,-0.764781,0.134261,0.616026,-0.387314,0.685881,-0.471746,0.515868,0.714982,0.000142,0.003918,0.004966,0.006366,-0.018795,0.021818,-1.404958,0.039942,0.028581,-0.02459,0.638051,0.757335,0.139046,-0.615297,0.392914,0.683394,0.462925,-0.521595,0.716685,7.3e-05,0.002117,0.002689,-0.014891,-0.011042,0.021982,-0.873729,0.076496,0.021921,-0.061654,0.144452,-0.272167,-0.951344,0.13627,0.95774,-0.253306,0.980083,-0.093049,0.175436,-0.007721,0.000345,0.00044,-0.001319,0.014736,-0.029636,-0.529407
388,0.156459,-0.041363,0.312825,-0.136753,0.281844,-0.949688,-0.143909,-0.954127,-0.262494,-0.979941,0.100415,0.172221,-0.000105,-0.000964,-0.001139,0.00618,-0.009925,0.019078,-0.389013,-0.176504,-0.029851,0.291099,-0.630069,-0.764809,0.134436,0.615807,-0.386822,0.686356,-0.472127,0.516197,0.714493,0.001109,-0.002766,0.018724,-0.034657,-0.004049,0.006564,-1.404393,0.039873,0.028596,-0.024355,0.638047,0.757297,0.139275,-0.614991,0.392356,0.68399,0.463338,-0.522071,0.716072,0.000558,-0.001082,0.009746,-0.033119,-0.017962,0.032189,-0.870953,0.076467,0.021865,-0.061608,0.143205,-0.273978,-0.951013,0.136126,0.957238,-0.255273,0.980286,-0.092901,0.174377,-5.2e-05,-0.005969,0.003647,-0.016,-0.006505,0.019884,-0.528917
389,0.156436,-0.041362,0.312826,-0.136871,0.281686,-0.949718,-0.14389,-0.954176,-0.262327,-0.979927,0.100394,0.172311,-2e-06,-1.4e-05,-1.7e-05,0.0,-0.0,0.0,-0.388995,-0.176474,-0.029817,0.291473,-0.630127,-0.764796,0.134235,0.615451,-0.386693,0.686748,-0.472512,0.516313,0.714155,0.00119,-0.000509,0.021544,-0.032871,-0.019314,0.030941,-1.404496,0.039888,0.028612,-0.024176,0.638123,0.757264,0.139102,-0.61465,0.392235,0.684365,0.463684,-0.522208,0.715747,0.007863,0.005719,0.006492,0.005769,-0.0447,0.079036,-0.872096,0.076455,0.021863,-0.061611,0.143345,-0.273784,-0.951048,0.136117,0.957294,-0.255067,0.980267,-0.092891,0.17449,-0.0,-6e-06,-8e-06,-0.000492,0.000485,-0.000982,-0.528917
390,0.156424,-0.041353,0.31282,-0.137141,0.281327,-0.949786,-0.143822,-0.95429,-0.26195,-0.979899,0.10032,0.172514,-0.0,-0.0,-0.0,-0.0,0.0,0.0,-0.38831,-0.176373,-0.029768,0.29231,-0.628443,-0.766132,0.134509,0.616961,-0.385809,0.685889,-0.472787,0.51499,0.714927,0.001269,0.001846,0.024428,-0.026578,-0.024104,0.02748,-1.404446,0.039939,0.028638,-0.023739,0.636448,0.758634,0.139307,-0.616217,0.391479,0.683389,0.463906,-0.520786,0.716639,0.000628,0.001098,0.012435,-0.048316,-0.018575,0.028326,-0.872749,0.076449,0.021867,-0.061614,0.143617,-0.273413,-0.951114,0.136052,0.957407,-0.254679,0.980236,-0.092825,0.174699,-1.1e-05,0.005394,-0.004324,0.030108,0.08328,-0.155598,-0.528917
391,0.156412,-0.041358,0.312814,-0.137526,0.28082,-0.94988,-0.143762,-0.954447,-0.261412,-0.979854,0.10025,0.172813,-5e-06,-4.4e-05,-5.2e-05,-0.0,0.0,0.0,-0.387857,-0.176203,-0.029571,0.293256,-0.626898,-0.767432,0.134306,0.618265,-0.385318,0.684991,-0.473135,0.513419,0.715826,0.000514,0.014654,0.018259,0.006369,-0.032561,0.047279,-1.404343,0.040024,0.028734,-0.02327,0.634897,0.759963,0.139146,-0.617533,0.390942,0.682508,0.464282,-0.519249,0.71751,0.000647,0.00182,0.013282,-0.059749,0.08807,-0.138346,-0.873403,0.076443,0.021864,-0.061617,0.143997,-0.272903,-0.951203,0.135991,0.957558,-0.25414,0.980188,-0.09276,0.174998,-1e-06,-2.2e-05,-2.7e-05,-0.005483,0.096019,-0.174065,-0.528591
392,0.156423,-0.041359,0.312814,-0.137869,0.28037,-0.949963,-0.143708,-0.954585,-0.260934,-0.979813,0.100187,0.17308,-0.0,-0.0,-0.0,-0.0,0.0,0.0,-0.387847,-0.175961,-0.029306,0.294292,-0.624079,-0.769971,0.1329,0.620881,-0.38559,0.682467,-0.47344,0.509394,0.718495,0.001383,0.005803,0.029101,0.148052,-0.076482,-0.218677,-1.404696,0.040139,0.028867,-0.022767,0.632866,0.761899,0.137801,-0.619337,0.391345,0.680639,0.464651,-0.516099,0.719541,0.000668,0.002684,0.014281,0.341662,-0.251733,-0.119946,-0.874546,0.076449,0.021864,-0.061617,0.144336,-0.272449,-0.951281,0.135935,0.957693,-0.253661,0.980146,-0.0927,0.175265,-0.0,2e-06,5e-06,-7.9e-05,-1.5e-05,8.8e-05,-0.528427
393,0.156412,-0.041352,0.312821,-0.138049,0.280133,-0.950007,-0.14368,-0.954659,-0.260681,-0.979791,0.100155,0.17322,4e-05,0.000364,0.00043,-0.0,0.0,0.0,-0.385885,-0.175858,-0.029176,0.29479,-0.622565,-0.771258,0.132537,0.622381,-0.385485,0.681159,-0.473466,0.507521,0.719802,0.000534,0.015958,0.01967,0.437515,-0.363228,-0.190059,-1.404704,0.040197,0.028934,-0.0225,0.632094,0.76255,0.137747,-0.619898,0.390947,0.680358,0.464955,-0.515439,0.719818,0.008296,0.002777,0.013643,-0.058828,0.072746,-0.10941,-0.875036,0.076443,0.021867,-0.061614,0.144514,-0.27221,-0.951323,0.135905,0.957765,-0.253408,0.980124,-0.092669,0.175405,2.2e-05,0.000204,0.000243,-7.7e-05,-2.6e-05,6.9e-05,-0.528101
394,0.156413,-0.041339,0.312821,-0.138382,0.279692,-0.950088,-0.143601,-0.954797,-0.260218,-0.979756,0.10007,0.173472,0.0,4e-06,5e-06,0.0,0.0,0.0,-0.382828,-0.175627,-0.028957,0.295827,-0.619486,-0.773831,0.131962,0.625383,-0.385066,0.678641,-0.473552,0.503906,0.722281,0.001294,0.003763,0.026385,0.160641,-0.167846,-0.07539,-1.404204,0.040312,0.029051,-0.02198,0.628112,0.765991,0.136865,-0.624102,0.39088,0.676541,0.464726,-0.510362,0.723573,0.008256,0.002094,0.012736,0.263548,-0.228118,-0.068376,-0.875689,0.076444,0.021875,-0.061613,0.144843,-0.271766,-0.9514,0.135825,0.957898,-0.252944,0.980087,-0.092587,0.175657,-2e-06,-6e-06,-7e-06,-7.2e-05,-7e-06,5.8e-05,-0.526794
395,0.156424,-0.041345,0.312814,-0.138559,0.27946,-0.950131,-0.143573,-0.954868,-0.259972,-0.979734,0.100038,0.17361,-0.0,-5e-06,-5e-06,0.0,0.0,0.0,-0.381922,-0.175511,-0.028939,0.296722,-0.617902,-0.775125,0.131792,0.626573,-0.384361,0.677943,-0.474049,0.502453,0.722967,0.001157,-0.000318,0.021321,-0.030808,-0.020748,0.029908,-1.404002,0.04037,0.029064,-0.021527,0.625919,0.767833,0.136588,-0.625864,0.390044,0.675395,0.465316,-0.508229,0.724695,0.000547,-0.00069,0.010012,-0.050447,-5.3e-05,0.006883,-0.876178,0.076449,0.021871,-0.061617,0.145018,-0.271533,-0.95144,0.135797,0.957967,-0.252697,0.980065,-0.092557,0.175796,1e-06,0.0,1e-06,-5.6e-05,-4e-06,5.1e-05,-0.525651
396,0.156436,-0.041329,0.3128,-0.138791,0.279152,-0.950187,-0.143485,-0.954968,-0.259654,-0.979714,0.099946,0.173776,-0.0,-0.0,-0.0,0.0,0.0,0.0,-0.379218,-0.175441,-0.028933,0.29741,-0.614822,-0.77769,0.131085,0.629594,-0.38406,0.67531,-0.474055,0.498702,0.725556,0.001067,-0.003049,0.017956,-0.028256,-0.008989,0.003053,-1.404406,0.040405,0.029069,-0.021182,0.622863,0.770447,0.135836,-0.628906,0.389835,0.672685,0.465314,-0.504419,0.727353,0.000113,0.00398,0.004824,-0.017937,-0.012924,0.021844,-0.877158,0.076455,0.021879,-0.061624,0.145246,-0.271222,-0.951494,0.135707,0.958064,-0.252379,0.980044,-0.092467,0.175962,-0.0,1e-06,2e-06,-5.4e-05,0.0,5.5e-05,-0.524672
397,0.156425,-0.041323,0.312808,-0.13897,0.278914,-0.950231,-0.143456,-0.955041,-0.259402,-0.979693,0.099914,0.173916,1.1e-05,9.9e-05,0.000117,0.0,0.0,0.0,-0.379919,-0.175393,-0.028875,0.297703,-0.613361,-0.778947,0.130463,0.631051,-0.384187,0.673876,-0.474011,0.496635,0.727,0.000288,0.009213,0.011147,0.192906,-0.162208,-0.080188,-1.403957,0.040429,0.029089,-0.021038,0.622062,0.771175,0.135373,-0.629678,0.389982,0.671878,0.465343,-0.503192,0.728185,0.000542,-0.000904,0.009718,0.274831,-0.214891,-0.094812,-0.877485,0.07645,0.021882,-0.06162,0.145424,-0.270983,-0.951535,0.135677,0.958135,-0.252127,0.980021,-0.092436,0.176102,7e-06,5.9e-05,6.9e-05,-5.6e-05,-6e-06,1.6e-05,-0.524018
398,0.156401,-0.041328,0.312802,-0.1391,0.27874,-0.950263,-0.143435,-0.955094,-0.259217,-0.979677,0.099891,0.174016,-2.9e-05,-0.000263,-0.00031,0.0,0.0,0.0,-0.378962,-0.175379,-0.028684,0.298324,-0.613206,-0.778985,0.13097,0.631014,-0.383503,0.6743,-0.474262,0.497106,0.726515,0.000292,0.009411,0.011336,-0.010534,0.088786,-0.144656,-1.403983,0.040436,0.029185,-0.020735,0.621365,0.771691,0.135635,-0.630134,0.389298,0.671846,0.465655,-0.50293,0.728165,0.000146,0.005036,0.006067,0.001107,-0.028052,0.050536,-0.876995,0.076438,0.02188,-0.061622,0.145552,-0.270807,-0.951565,0.135655,0.958187,-0.251941,0.980005,-0.092414,0.176203,-1.8e-05,-0.000173,-0.000204,-5.3e-05,9e-06,3.6e-05,-0.523692
399,0.156366,-0.041326,0.312804,-0.139232,0.278562,-0.950296,-0.143414,-0.955149,-0.259028,-0.979662,0.099868,0.174118,-0.0,-0.0,-0.0,0.0,0.0,0.0,-0.380078,-0.175326,-0.028667,0.298908,-0.609572,-0.781329,0.133935,0.636004,-0.381348,0.670825,-0.472284,0.49508,0.729182,0.001019,-0.004453,0.016176,0.193039,-0.180101,-0.118222,-1.403784,0.040463,0.029201,-0.020433,0.618444,0.773464,0.138846,-0.634528,0.387284,0.668868,0.463573,-0.501759,0.730299,0.008093,-0.002197,0.007419,0.334672,-0.255108,-0.114688,-0.876832,0.07642,0.02188,-0.061622,0.145682,-0.270628,-0.951596,0.135633,0.95824,-0.251752,0.979989,-0.092393,0.176305,-0.0,2e-06,4e-06,-3.4e-05,-1.9e-05,4.4e-05,-0.523692
400,0.156367,-0.041321,0.312811,-0.139219,0.278579,-0.950293,-0.143416,-0.955143,-0.259046,-0.979663,0.09987,0.174108,1.5e-05,0.000137,0.000162,0.0,0.0,0.0,-0.380321,-0.175251,-0.028742,0.2992,-0.608108,-0.782577,0.133303,0.637328,-0.381333,0.669576,-0.472388,0.493114,0.730446,0.000187,0.006141,0.007361,0.076578,-0.072834,-0.016402,-1.404027,0.040495,0.02916,-0.020291,0.616432,0.775207,0.138074,-0.636538,0.387382,0.666898,0.463497,-0.498987,0.732244,0.000478,-0.002928,0.00724,0.048985,-0.080451,-0.051298,-0.873892,0.076421,0.021883,-0.061618,0.145669,-0.270645,-0.951593,0.135636,0.958234,-0.251771,0.97999,-0.092395,0.176294,8e-06,8.6e-05,0.000103,-3.5e-05,-8e-06,2.5e-05,-0.523855
401,0.156378,-0.041321,0.31281,-0.139294,0.278482,-0.950311,-0.143404,-0.955173,-0.258943,-0.979654,0.099856,0.174167,0.0,0.0,0.0,0.0,0.0,0.0,-0.379497,-0.175076,-0.029051,0.299703,-0.605044,-0.785092,0.132453,0.640101,-0.380891,0.667179,-0.472576,0.489441,0.73279,0.000896,-0.008475,0.011341,0.334407,-0.276109,-0.220571,-1.403947,0.040588,0.029008,-0.020029,0.614264,0.777034,0.137464,-0.63819,0.386738,0.665692,0.464103,-0.496639,0.733455,0.000434,-0.004368,0.005512,0.512097,-0.325418,-0.225041,-0.875852,0.076426,0.021883,-0.061619,0.145744,-0.270547,-0.95161,0.135623,0.958264,-0.251667,0.979981,-0.092382,0.176353,0.0,-3e-06,-3e-06,-4.2e-05,1.5e-05,3e-05,-0.524018
402,0.156412,-0.041328,0.312802,-0.139444,0.27829,-0.950345,-0.143381,-0.955232,-0.258738,-0.979636,0.099829,0.174284,0.015437,-0.000662,-0.000844,0.000984,-0.014715,0.029553,-0.378478,-0.174884,-0.029466,0.300046,-0.601767,-0.787642,0.132242,0.643224,-0.379976,0.664692,-0.472525,0.48604,0.735084,0.000819,-0.011126,0.00817,0.409991,-0.335492,-0.261717,-1.404033,0.040684,0.0288,-0.019859,0.611235,0.779445,0.137318,-0.641059,0.38583,0.663459,0.464148,-0.493558,0.735503,0.000399,-0.005694,0.003925,0.378879,-0.326635,-0.260731,-0.876668,0.076438,0.02188,-0.061623,0.145905,-0.270333,-0.951646,0.135597,0.958326,-0.251441,0.979961,-0.092354,0.176481,-0.0,3e-06,4e-06,-2.6e-05,-1.7e-05,1.5e-05,-0.523365
403,0.156412,-0.04132,0.312795,-0.139521,0.278185,-0.950364,-0.143342,-0.955267,-0.258632,-0.97963,0.09979,0.174337,-0.0,-0.0,-0.0,0.0,0.0,0.0,-0.378003,-0.174746,-0.029649,0.300154,-0.601793,-0.787629,0.132204,0.642935,-0.379746,0.665103,-0.472885,0.486242,0.734719,0.016015,-0.011055,0.006837,-0.027878,-0.00941,0.007663,-1.403807,0.040747,0.028712,-0.019809,0.609929,0.780539,0.136909,-0.642253,0.385685,0.662387,0.464215,-0.49194,0.736544,0.000394,-0.005932,0.003639,-0.058109,0.013723,-0.020929,-0.876995,0.076443,0.021884,-0.061626,0.145968,-0.270247,-0.95166,0.13556,0.958354,-0.251355,0.979956,-0.092318,0.176524,-2e-06,2e-06,3e-06,-2.2e-05,-2.8e-05,3e-05,-0.523039
404,0.156413,-0.041306,0.312795,-0.139586,0.278096,-0.95038,-0.143306,-0.955296,-0.258543,-0.979627,0.099754,0.174381,3e-06,3.2e-05,3.8e-05,0.0,0.0,0.0,-0.377041,-0.174581,-0.029883,0.300311,-0.598676,-0.790127,0.13144,0.646087,-0.379528,0.662166,-0.472549,0.482337,0.737504,-0.0,-3e-06,-3e-06,0.00887,-0.00689,-0.004834,-1.404103,0.040835,0.028592,-0.019734,0.606848,0.783076,0.136106,-0.645393,0.385537,0.659414,0.463897,-0.488007,0.739355,-4e-06,-1.3e-05,-1.9e-05,-0.019775,-9e-06,-0.00556,-0.875035,0.076444,0.021891,-0.061626,0.146033,-0.270158,-0.951676,0.135524,0.958383,-0.251266,0.979952,-0.092281,0.176568,1e-06,1.8e-05,2.2e-05,-2.3e-05,-1.2e-05,3.8e-05,-0.522712
405,0.156414,-0.041309,0.312808,-0.139764,0.277866,-0.950422,-0.143304,-0.955364,-0.258293,-0.979601,0.099747,0.174526,0.000105,0.000964,0.001139,0.0,0.0,0.0,-0.376255,-0.174526,-0.030001,0.300407,-0.598121,-0.789924,0.13514,0.647772,-0.377423,0.661723,-0.470945,0.484322,0.737229,0.0,1.2e-05,1.4e-05,3.6e-05,0.000128,-0.000124,-1.403901,0.040863,0.028529,-0.019683,0.606336,0.782799,0.139936,-0.646967,0.383286,0.659185,0.462373,-0.490221,0.738845,0.000409,-0.005564,0.004083,-0.038195,0.008191,-0.012368,-0.873239,0.076444,0.021887,-0.061622,0.146207,-0.269926,-0.951715,0.13552,0.958448,-0.251017,0.979926,-0.092276,0.176713,6.3e-05,0.000565,0.000666,0.000751,-0.013899,0.025241,-0.522385
