frame,MLTx,MLTy,MLTz,MLTR1,MLTR2,MLTR3,MLTR4,MLTR5,MLTR6,MLTR7,MLTR8,MLTR9,MLTTVx,MLTTVy,MLTTVz,MLTRVx,MLTRVy,MLTRVz,MLGA,MRTx,MRTy,MRTz,MRTR1,MRTR2,MRTR3,MRTR4,MRTR5,MRTR6,MRTR7,MRTR8,MRTR9,MRTTVx,MRTTVy,MRTTVz,MRTRVx,MRTRVy,MRTRVz,MRGA,SLTx,SLTy,SLTz,SLTR1,SLTR2,SLTR3,SLTR4,SLTR5,SLTR6,SLTR7,SLTR8,SLTR9,SLTTVx,SLTTVy,SLTTVz,SLTRVx,SLTRVy,SLTRVz,SLGA,SRTx,SRTy,SRTz,SRTR1,SRTR2,SRTR3,SRTR4,SRTR5,SRTR6,SRTR7,SRTR8,SRTR9,SRTTVx,SRTTVy,SRTTVz,SRTRVx,SRTRVy,SRTRVz,SRGA
3089,0.158158,0.054348,0.39426,-0.691604,0.578808,-0.4321,-0.587799,-0.798624,-0.129087,-0.418948,0.163985,0.893095,0.020595,-0.03645,-0.003117,0.985052,-3.848067,1.224911,0.509034,-0.057552,0.087616,0.346583,0.849292,0.174229,0.498337,-0.175968,0.983393,-0.04369,-0.498729,-0.050822,0.865188,-0.000719,0.001717,0.001096,-0.071962,0.063699,0.054706,0.490593,0.064619,0.062402,-0.009583,-0.801037,-0.255099,0.541537,0.258302,-0.963396,-0.071744,0.540017,0.082411,0.837609,-0.000465,0.001109,0.000709,-0.061435,0.041223,0.074174,0.463131,0.116325,0.051899,-0.04455,-0.742418,0.514009,-0.429661,-0.494995,-0.853046,-0.165201,-0.451435,0.090032,0.887749,0.015996,-0.018465,-0.001905,-0.416538,-2.621062,0.777847,0.508794
3090,0.159222,0.053102,0.394081,-0.669656,0.547603,-0.501733,-0.577976,-0.808445,-0.111045,-0.465606,0.214941,0.858509,0.03273,-0.021044,-0.010433,1.415901,-1.496302,-3.543806,0.495346,-0.057646,0.087643,0.346576,0.846634,0.171195,0.50388,-0.1766,0.983546,-0.037207,-0.503011,-0.057717,0.862271,-0.000144,0.000345,0.00022,-0.066672,0.059272,0.050873,0.494076,0.064575,0.062419,-0.009585,-0.798398,-0.251994,0.546862,0.259286,-0.963579,-0.06547,0.543443,0.089523,0.834658,-7.9e-05,0.00019,0.000122,-0.071861,0.064246,0.055789,0.475704,0.116858,0.051237,-0.044647,-0.711537,0.492376,-0.501277,-0.489279,-0.859224,-0.14946,-0.504301,0.138918,0.85228,0.016365,-0.015425,-0.000644,-2.412287,-0.480988,0.195151,0.492629
3091,0.159838,0.052737,0.394019,-0.663239,0.535915,-0.522451,-0.57538,-0.811476,-0.102058,-0.477832,0.232247,0.847211,0.033572,-0.011708,-0.006376,1.847093,-1.085404,-3.150323,0.487772,-0.057731,0.087648,0.346566,0.845586,0.17046,0.505884,-0.177077,0.983534,-0.035195,-0.504605,-0.060051,0.86118,-0.000551,0.001317,0.00084,-0.040617,0.036189,0.031052,0.495353,0.06453,0.062417,-0.009593,-0.797276,-0.251155,0.548881,0.25988,-0.963556,-0.063412,0.544805,0.092087,0.83349,-0.005839,-0.0012,-0.000149,-0.036779,0.127511,-0.153706,0.47848,0.117165,0.051038,-0.044684,-0.703302,0.480923,-0.523525,-0.486348,-0.862626,-0.139071,-0.518489,0.156806,0.840582,0.016789,-0.010646,0.001425,-2.5613,-0.717752,0.601027,0.483974
3092,0.161007,0.052577,0.393874,-0.651162,0.529405,-0.543843,-0.59145,-0.80296,-0.073577,-0.474832,0.273082,0.836653,0.034404,0.008544,-0.011049,-0.825692,-0.646685,0.513014,0.47833,-0.058015,0.087634,0.346543,0.842683,0.173633,0.509636,-0.183523,0.982491,-0.031055,-0.507152,-0.067596,0.859122,-0.01152,-0.002773,-0.000541,-0.992421,0.291288,-1.520273,0.497596,0.064391,0.062413,-0.009603,-0.794554,-0.252871,0.552032,0.264624,-0.962482,-0.060008,0.546495,0.098402,0.83166,-0.005862,-0.001158,-0.000187,-2.980349,0.331884,-4.651381,0.483052,0.11774,0.050952,-0.044754,-0.692059,0.473074,-0.545209,-0.49853,-0.85948,-0.112958,-0.522035,0.193629,0.830653,0.011495,-0.00027,-0.000556,-0.872465,-0.773869,0.612318,0.466176
3093,0.161632,0.052551,0.393789,-0.649544,0.528069,-0.547066,-0.60205,-0.796599,-0.054205,-0.463614,0.293491,0.836034,0.011248,-0.013964,0.007003,-0.140392,0.03919,-0.062151,0.508641,-0.058464,0.087644,0.346484,0.838915,0.181367,0.513147,-0.195341,0.980332,-0.026913,-0.508978,-0.077906,0.857167,-0.025896,0.005168,-0.008804,-0.255947,0.285945,0.184861,0.498271,0.064163,0.062416,-0.009633,-0.789571,-0.262432,0.554713,0.278326,-0.958768,-0.057424,0.546911,0.10905,0.830057,-0.012957,0.002604,-0.004384,-0.361237,0.379073,0.262319,0.485012,0.118076,0.050958,-0.044795,-0.690046,0.471696,-0.548943,-0.511315,-0.854506,-0.091515,-0.512243,0.217533,0.830834,0.005628,-0.007005,0.003484,-0.095701,0.106753,-0.020763,0.482505
3094,0.161781,0.052318,0.393721,-0.637304,0.541872,-0.547963,-0.620966,-0.782137,-0.05133,-0.45561,0.306875,0.835628,0.010478,-0.013595,-0.006379,-0.289969,0.147777,0.066002,0.519405,-0.058764,0.087652,0.346454,0.835837,0.190262,0.514945,-0.207125,0.977963,-0.02492,-0.509377,-0.086084,0.856147,-0.01539,0.010397,-0.006697,-0.098838,0.053002,-0.066004,0.498585,0.064014,0.062418,-0.00965,-0.785339,-0.270103,0.557033,0.289861,-0.955506,-0.054657,0.547012,0.118538,0.828689,-0.007693,0.005192,-0.003342,-0.065161,0.022283,-0.091966,0.485338,0.118147,0.050864,-0.044819,-0.679334,0.486929,-0.549003,-0.531603,-0.842278,-0.089241,-0.505867,0.231227,0.831042,-0.00055,-0.007174,-0.003152,-0.927154,0.160285,1.020176,0.500793
3095,0.162175,0.050876,0.393382,-0.605275,0.571948,-0.553681,-0.653983,-0.753793,-0.063835,-0.453124,0.322745,0.830988,0.020021,-0.05181,-0.010234,-0.020944,0.024026,-0.051965,0.517264,-0.059634,0.087609,0.346308,0.83015,0.192374,0.523292,-0.219361,0.975554,-0.010422,-0.513535,-0.106395,0.851366,-0.022662,-0.00636,-0.001615,-0.353249,0.344953,0.211718,0.498674,0.063586,0.062403,-0.00972,-0.779329,-0.272635,0.564194,0.30272,-0.952155,-0.04196,0.548641,0.138093,0.824574,-0.012919,0.00257,-0.004401,-0.477394,0.49287,0.354502,0.486155,0.118342,0.05018,-0.044977,-0.650442,0.521009,-0.552697,-0.567629,-0.816931,-0.102078,-0.5047,0.247331,0.827106,0.009952,-0.026817,-0.005524,0.000775,0.09588,-0.212373,0.514673
3096,0.162849,0.048225,0.393064,-0.588235,0.58801,-0.55522,-0.661391,-0.74482,-0.088183,-0.464666,0.314609,0.827728,0.019457,-0.073798,-0.006839,0.227837,0.51912,0.569391,0.480382,-0.06087,0.08736,0.346032,0.822981,0.194064,0.533884,-0.232792,0.972476,0.005574,-0.51913,-0.12913,0.844803,-0.032307,-0.013645,-0.005042,-0.301368,0.255258,-0.071005,0.501503,0.06297,0.062285,-0.009854,-0.771226,-0.272699,0.57519,0.316475,-0.948264,-0.025238,0.552315,0.16257,0.81763,-0.017897,-0.000642,-0.005834,-0.448471,0.240756,-0.323152,0.489094,0.118679,0.048847,-0.045144,-0.634952,0.537185,-0.555218,-0.575005,-0.808584,-0.124741,-0.51595,0.240049,0.822296,0.009702,-0.042729,0.000792,-0.03101,0.064332,0.307274,0.491649
3097,0.163493,0.045158,0.393141,-0.560998,0.625283,-0.542538,-0.692386,-0.713592,-0.106579,-0.453102,0.315073,0.833939,0.008659,-0.075943,0.005992,0.110094,0.372481,0.464621,0.449706,-0.062337,0.08702,0.34568,0.81335,0.192379,0.549039,-0.24559,0.969031,0.024486,-0.528333,-0.15501,0.834685,-0.046733,-0.005362,-0.013101,-0.291057,0.352336,0.156842,0.499017,0.062243,0.062107,-0.01003,-0.760923,-0.270743,0.589656,0.330165,-0.943894,-0.00733,0.558558,0.189106,0.807621,-0.021747,-0.008579,-0.003017,-0.406841,0.523628,0.020323,0.491054,0.119003,0.047286,-0.045123,-0.612734,0.578312,-0.53862,-0.609004,-0.779883,-0.144552,-0.503657,0.23945,0.830055,0.010181,-0.038254,0.002652,0.158553,0.469422,0.550594,0.445764
3098,0.163757,0.043788,0.393283,-0.559966,0.637313,-0.529449,-0.697334,-0.707557,-0.114278,-0.446756,0.304414,0.84129,0.009303,-0.068121,0.009512,0.256286,0.705523,0.659791,0.441431,-0.063133,0.086803,0.345488,0.808182,0.190557,0.557244,-0.252036,0.967049,0.035043,-0.533206,-0.16902,0.828847,-0.046213,-0.006642,-0.013922,-0.420717,0.474178,0.261001,0.495638,0.061845,0.062001,-0.010125,-0.755633,-0.269141,0.597143,0.337021,-0.941494,0.002125,0.561636,0.202856,0.80213,-0.021457,-0.009322,-0.003497,-0.620485,0.641303,0.339918,0.488604,0.119134,0.046587,-0.045058,-0.613058,0.589021,-0.52651,-0.614239,-0.774491,-0.151237,-0.496859,0.230685,0.836608,0.004655,-0.034056,0.004747,0.295301,0.892538,0.534458,0.428782
3099,0.164233,0.041463,0.393783,-0.558899,0.658903,-0.503511,-0.704158,-0.69773,-0.131549,-0.437304,0.280205,0.854562,0.01035,-0.055084,0.015538,0.308767,1.036597,0.407456,0.423006,-0.064812,0.086199,0.345041,0.797985,0.182922,0.57424,-0.26066,0.963805,0.055407,-0.544308,-0.194138,0.816028,-0.041775,-0.021696,-0.008995,-0.529521,0.476502,0.085805,0.487342,0.060987,0.061699,-0.010352,-0.745018,-0.260328,0.614147,0.346428,-0.9378,0.02273,0.57003,0.229692,0.788864,-0.020832,-0.010979,-0.004555,-0.539622,0.486327,0.092089,0.479787,0.119371,0.045414,-0.044813,-0.614629,0.609732,-0.500456,-0.621754,-0.764909,-0.16833,-0.48544,0.2077,0.849239,0.00517,-0.021884,0.003443,0.163203,0.49075,0.386667,0.403635
3100,0.164518,0.039606,0.394436,-0.549278,0.68394,-0.480172,-0.720205,-0.678815,-0.143135,-0.423167,0.266346,0.866035,-0.000826,-0.046074,0.020212,0.091642,0.47967,0.358038,0.424711,-0.066539,0.085383,0.344525,0.785682,0.180477,0.591712,-0.276391,0.958082,0.074967,-0.554352,-0.222682,0.801854,-0.043521,-0.013755,-0.018503,-0.369701,0.452986,0.203945,0.488073,0.060123,0.061292,-0.010609,-0.731942,-0.256878,0.631088,0.362721,-0.930962,0.041747,0.576795,0.259466,0.774586,-0.02168,-0.007075,-0.009346,-0.355341,0.440128,0.193749,0.474888,0.119519,0.044486,-0.044486,-0.608722,0.636009,-0.474287,-0.639611,-0.7471,-0.180939,-0.469419,0.193218,0.861575,-0.000374,-0.016699,0.006094,0.119984,0.641603,0.370455,0.390082
3101,0.164533,0.038804,0.394833,-0.545569,0.694408,-0.469252,-0.725238,-0.671724,-0.150956,-0.419361,0.257094,0.87067,-0.000546,-0.042055,0.022144,0.19388,0.764521,0.263839,0.430647,-0.067452,0.084922,0.344218,0.777478,0.182132,0.601954,-0.290213,0.952994,0.086683,-0.558831,-0.242329,0.792999,-0.054034,-0.019236,-0.02082,-0.612883,0.719918,0.350852,0.490145,0.059701,0.061079,-0.01075,-0.723853,-0.259852,0.639149,0.376471,-0.925063,0.050269,0.578191,0.277009,0.767437,-0.019991,-0.013397,-0.00612,-0.477573,0.529512,0.244002,0.476521,0.119526,0.044085,-0.044288,-0.606039,0.645819,-0.464363,-0.645165,-0.740565,-0.187947,-0.465271,0.185688,0.865471,-0.000283,-0.015367,0.006734,0.247357,0.803733,0.307302,0.392368
3102,0.164619,0.037241,0.395646,-0.538449,0.706496,-0.459329,-0.725789,-0.665721,-0.173257,-0.427527,0.239202,0.871797,0.011386,-0.042182,0.021726,2.249808,-1.125411,1.1661,0.441615,-0.069201,0.084073,0.343573,0.761426,0.186268,0.620907,-0.317842,0.94201,0.107362,-0.565843,-0.279343,0.775662,-0.040006,-0.027175,-0.012592,-0.632049,0.787071,0.202981,0.484271,0.058808,0.060644,-0.011083,-0.706119,-0.261986,0.657843,0.404247,-0.911909,0.070746,0.581359,0.315886,0.749824,-0.02692,-0.010039,-0.010677,-0.627079,0.748904,0.3752,0.474725,0.119565,0.043327,-0.043881,-0.602192,0.658374,-0.451561,-0.646299,-0.734077,-0.20839,-0.46868,0.166352,0.867563,-0.000257,-0.020702,0.011248,0.063652,0.475251,0.116823,0.404778
3103,0.164578,0.035904,0.396267,-0.513935,0.722705,-0.462183,-0.734479,-0.649011,-0.198237,-0.442597,0.236679,0.864938,-0.000585,-0.031362,0.013223,0.025168,0.014148,0.378299,0.432406,-0.071115,0.083308,0.342765,0.745944,0.179059,0.64148,-0.334781,0.933398,0.128935,-0.576589,-0.311167,0.75537,-0.056729,-0.009007,-0.028945,-0.40257,0.568828,0.245286,0.466643,0.057873,0.06026,-0.011474,-0.690171,-0.253175,0.677913,0.421519,-0.902116,0.092234,0.588205,0.349411,0.729332,-0.026907,-0.01025,-0.010843,-0.698255,0.834071,0.443351,0.461498,0.119554,0.042657,-0.043567,-0.578346,0.67733,-0.454684,-0.655474,-0.71763,-0.235286,-0.485662,0.161957,0.859012,-0.0003,-0.015666,0.006618,0.25299,-0.000322,0.498465,0.405758
3104,0.164282,0.034627,0.396787,-0.488921,0.734762,-0.470241,-0.74364,-0.632805,-0.215706,-0.455462,0.243309,0.856377,-0.012699,-0.032884,0.012904,0.148007,-0.32788,0.524582,0.427557,-0.073188,0.082741,0.341851,0.73367,0.161713,0.659976,-0.340368,0.928028,0.151154,-0.588937,-0.335743,0.735046,-0.068214,-0.01206,-0.029745,-0.319819,0.507752,0.151362,0.443443,0.0568,0.059967,-0.011949,-0.677953,-0.234039,0.696853,0.428007,-0.896384,0.115347,0.597652,0.376458,0.707877,-0.034093,-0.006036,-0.01484,-0.265781,0.459122,0.106505,0.433575,0.119406,0.04201,-0.0433,-0.554713,0.692326,-0.461493,-0.666067,-0.701899,-0.252371,-0.498645,0.167392,0.850489,-0.006378,-0.016752,0.006306,0.684471,-0.55872,0.559971,0.394328
3105,0.163988,0.033991,0.397022,-0.479903,0.738042,-0.474375,-0.748367,-0.626501,-0.217747,-0.457313,0.249587,0.853579,-0.024783,-0.033472,0.013026,-0.174311,-0.493405,0.241094,0.432175,-0.074311,0.082478,0.341344,0.726071,0.153332,0.6703,-0.343667,0.925187,0.160795,-0.596392,-0.347309,0.723572,-0.054153,-0.020073,-0.02155,-0.419508,0.6515,0.069645,0.431544,0.056259,0.059842,-0.012195,-0.670862,-0.225727,0.706393,0.43142,-0.893562,0.124184,0.603175,0.388062,0.69684,-0.028287,-0.004835,-0.014689,-0.48677,0.770674,0.156095,0.417246,0.119264,0.041694,-0.043182,-0.546135,0.697346,-0.464159,-0.671455,-0.695718,-0.255194,-0.500883,0.172292,0.848192,-0.00637,-0.016401,0.006476,-0.255674,-0.740832,0.186847,0.393838
3106,0.16311,0.032719,0.397533,-0.460003,0.74727,-0.479614,-0.760279,-0.610448,-0.222037,-0.458136,0.261569,0.849541,-0.024803,-0.032052,0.013717,-0.081754,-0.265919,0.380336,0.445998,-0.076503,0.081871,0.340262,0.70926,0.16117,0.686269,-0.372255,0.912271,0.170647,-0.599433,-0.376709,0.70614,-0.05577,-0.01235,-0.031259,-1.252057,0.096968,-1.344383,0.42493,0.055162,0.05954,-0.01273,-0.652817,-0.230247,0.721675,0.457741,-0.878985,0.133629,0.603575,0.417576,0.67921,-0.027794,-0.006323,-0.015722,-3.860169,-0.610639,-4.118414,0.398141,0.118824,0.041053,-0.042928,-0.526984,0.708046,-0.470061,-0.68482,-0.681317,-0.258508,-0.503297,0.185678,0.843928,-0.012422,-0.016228,0.006772,-0.085586,-0.175711,0.203423,0.403962
3107,0.162428,0.031234,0.398223,-0.443575,0.753933,-0.484636,-0.769269,-0.597672,-0.225797,-0.459345,0.271715,0.845695,-0.012819,-0.042783,0.022366,-0.101552,-0.123387,0.239631,0.459657,-0.078714,0.08124,0.339086,0.680408,0.21451,0.700729,-0.457749,0.871045,0.17799,-0.573021,-0.442137,0.689946,-0.055865,-0.012464,-0.031417,-0.202342,0.378256,0.076831,0.421597,0.054058,0.059221,-0.013321,-0.618331,-0.283426,0.733031,0.541373,-0.829735,0.135845,0.56972,0.480841,0.66649,-0.027889,-0.00633,-0.01573,-0.31699,0.569726,-0.037224,0.389487,0.118474,0.040299,-0.042578,-0.510939,0.716741,-0.474576,-0.695223,-0.669244,-0.262251,-0.505573,0.195942,0.840238,-0.006418,-0.021382,0.011198,-0.093442,-0.092824,0.252823,0.422087
3108,0.162223,0.030468,0.398617,-0.437853,0.753207,-0.490927,-0.77087,-0.595465,-0.22617,-0.462145,0.278471,0.841964,-0.01273,-0.041199,0.02316,-0.248912,-0.562527,0.036488,0.465444,-0.079911,0.08086,0.338454,0.66892,0.227248,0.70774,-0.481665,0.857625,0.180034,-0.566883,-0.461611,0.682219,-0.06366,-0.0301,-0.027113,-0.229437,0.508389,-0.168977,0.421158,0.053481,0.059047,-0.013623,-0.605806,-0.295295,0.738782,0.563867,-0.81445,0.136834,0.561295,0.49947,0.659906,-0.033217,-0.009157,-0.016997,-0.316085,0.524801,0.158508,0.387527,0.118376,0.039929,-0.042391,-0.505596,0.717798,-0.478683,-0.697036,-0.6668,-0.26366,-0.508441,0.200354,0.837463,-0.006369,-0.020558,0.011606,-0.273814,-0.519872,-0.164651,0.431068
3109,0.161876,0.028941,0.399556,-0.426569,0.75585,-0.496763,-0.773529,-0.589448,-0.232754,-0.46822,0.284032,0.836733,-0.01248,-0.037261,0.025146,-0.097783,-0.111322,0.245311,0.473132,-0.082389,0.079707,0.337178,0.64268,0.255658,0.722214,-0.534262,0.825122,0.183498,-0.549789,-0.504104,0.665939,-0.073044,-0.04068,-0.033055,-0.564673,0.412193,-0.546339,0.416616,0.052223,0.058475,-0.014267,-0.57636,-0.320722,0.751628,0.613264,-0.777651,0.138434,0.540106,0.540735,0.644895,-0.037636,-0.015162,-0.020439,-1.40992,0.228278,-1.277181,0.384425,0.118202,0.039161,-0.041924,-0.494139,0.720753,-0.486148,-0.700033,-0.661457,-0.269123,-0.515538,0.207336,0.831403,-0.000178,-0.018485,0.012447,-0.094237,-0.111025,0.310061,0.444295
3110,0.161721,0.027732,0.400582,-0.406855,0.76616,-0.497508,-0.788202,-0.569661,-0.232801,-0.461275,0.296464,0.836279,0.000313,-0.028633,0.029043,-0.100841,-0.049226,0.123087,0.485759,-0.085592,0.077911,0.335756,0.617391,0.276436,0.73648,-0.580628,0.791712,0.189729,-0.531386,-0.545105,0.648346,-0.097993,-0.039461,-0.044852,-0.559546,0.48347,-0.571939,0.408988,0.050632,0.057574,-0.014976,-0.548693,-0.33928,0.764084,0.656828,-0.740371,0.142921,0.517215,0.580292,0.629085,-0.041864,-0.024106,-0.018515,-1.464617,0.151862,-1.113932,0.373811,0.11812,0.038545,-0.041416,-0.475583,0.733322,-0.485858,-0.716853,-0.643197,-0.269105,-0.509844,0.220307,0.831578,0.000157,-0.008712,0.010093,-0.063667,-0.072537,0.167601,0.456705
3111,0.161649,0.027358,0.401081,-0.400233,0.769498,-0.497727,-0.793141,-0.562872,-0.232539,-0.458604,0.300738,0.836221,-0.011487,-0.013196,0.02268,-0.067173,-0.058822,0.142198,0.492323,-0.087478,0.07703,0.334919,0.608301,0.284438,0.740984,-0.601474,0.774251,0.196719,-0.518496,-0.565703,0.641097,-0.098023,-0.040569,-0.045786,-0.254632,0.491412,-0.392554,0.399974,0.049653,0.057117,-0.015412,-0.538289,-0.346279,0.768333,0.676934,-0.720713,0.149437,0.502001,0.600551,0.62236,-0.048923,-0.020502,-0.022983,-0.191908,0.428925,-0.453626,0.367932,0.118088,0.038351,-0.041165,-0.469366,0.737352,-0.485804,-0.722508,-0.636986,-0.268756,-0.507619,0.224853,0.831723,0.000299,-0.006871,0.011004,-0.070344,-0.075918,0.178751,0.465686
3112,0.161457,0.026831,0.401995,-0.398864,0.770189,-0.497756,-0.795003,-0.560899,-0.230941,-0.456571,0.302643,0.836647,0.0006,-0.003207,0.012807,-0.035712,0.011456,-0.019101,0.50585,-0.091693,0.076128,0.332755,0.609626,0.289378,0.737976,-0.621529,0.752223,0.218623,-0.492603,-0.592312,0.637473,-0.118794,-0.004759,-0.065321,0.078065,0.16617,-0.018752,0.345686,0.047592,0.056659,-0.016476,-0.539614,-0.351234,0.765147,0.696137,-0.697279,0.170866,0.473507,0.624849,0.620768,-0.053648,-0.000629,-0.032025,0.10239,0.172643,-0.149014,0.32711,0.117988,0.038094,-0.040694,-0.468001,0.738229,-0.48579,-0.724662,-0.635207,-0.267163,-0.505805,0.227002,0.832244,0.000302,-0.001391,0.006512,-0.035353,0.011652,-0.019703,0.484954
3113,0.161294,0.026355,0.402749,-0.398839,0.770299,-0.497607,-0.796138,-0.560084,-0.229003,-0.454613,0.303867,0.837268,0.000423,-0.016287,0.020803,-0.07143,0.022842,-0.038232,0.506639,-0.096234,0.076776,0.329979,0.624151,0.299081,0.721789,-0.625753,0.744426,0.232804,-0.468455,-0.597339,0.650845,-0.11637,0.040472,-0.080535,0.261785,-0.034169,0.032164,0.234749,0.045322,0.056959,-0.017863,-0.55398,-0.362797,0.749322,0.700518,-0.689486,0.184072,0.449867,0.626886,0.636107,-0.056988,0.014521,-0.036627,0.179824,-0.164231,0.111495,0.217215,0.117907,0.037869,-0.040321,-0.467977,0.738341,-0.485644,-0.725894,-0.634584,-0.265292,-0.504058,0.228376,0.832928,0.000189,-0.002847,0.005802,-0.034562,-0.000426,0.006648,0.495405
3114,0.161262,0.025795,0.40347,-0.39104,0.774879,-0.496685,-0.799522,-0.553251,-0.233771,-0.455457,0.304729,0.836496,0.000396,-0.016643,0.020653,0.142214,-0.173675,0.262616,0.499658,-0.100966,0.078533,0.326889,0.62998,0.322558,0.706451,-0.63984,0.731016,0.236969,-0.440763,-0.601704,0.665991,-0.119483,0.057626,-0.083362,0.346816,-0.131173,0.149833,0.137659,0.042912,0.057855,-0.019437,-0.55849,-0.386819,0.733797,0.713565,-0.675112,0.187208,0.42298,0.628166,0.653065,-0.059756,0.028992,-0.041466,0.331245,-0.099174,0.160735,0.073356,0.117891,0.037588,-0.039961,-0.461005,0.743671,-0.484176,-0.729869,-0.628097,-0.269787,-0.504742,0.229012,0.832338,0.000132,-0.009028,0.009984,0.683207,-0.376898,0.293797,0.492792
3115,0.161286,0.025434,0.403876,-0.388749,0.777047,-0.495093,-0.799992,-0.551182,-0.237029,-0.456593,0.302956,0.836521,0.012476,-0.017808,0.01969,0.151549,-0.162066,0.303139,0.494911,-0.103295,0.079592,0.325293,0.628796,0.334731,0.701827,-0.647054,0.725673,0.233782,-0.431813,-0.601539,0.671975,-0.119009,0.057392,-0.083336,0.357666,-0.283013,0.252272,0.130702,0.041791,0.058368,-0.0202,-0.556203,-0.398839,0.729084,0.720333,-0.668881,0.183621,0.414436,0.627314,0.659331,-0.059523,0.028882,-0.041452,0.246316,-0.164629,0.03985,0.032044,0.117899,0.037407,-0.039758,-0.459049,0.746098,-0.482297,-0.730484,-0.62596,-0.273068,-0.505635,0.226959,0.832359,0.000104,-0.009368,0.009823,0.695962,-0.442795,0.478752,0.488546
3116,0.161441,0.0246,0.404728,-0.379175,0.785651,-0.4889,-0.805762,-0.54005,-0.243034,-0.454506,0.300804,0.838432,0.000249,-0.018581,0.019756,0.072492,0.395146,0.341376,0.477359,-0.107726,0.081298,0.322144,0.620497,0.368265,0.692355,-0.668476,0.709883,0.221675,-0.410617,-0.600831,0.685754,-0.112204,0.026714,-0.074704,-0.008624,-0.284763,-0.326765,0.105149,0.039528,0.059254,-0.021798,-0.545789,-0.431456,0.718302,0.739303,-0.651441,0.170451,0.39439,0.624074,0.674527,-0.055981,0.013044,-0.037491,-0.046692,-0.250308,-0.299763,-0.009105,0.117981,0.036984,-0.039325,-0.450045,0.754731,-0.477325,-0.737248,-0.615636,-0.278311,-0.503909,0.226654,0.833488,0.000113,-0.009307,0.009865,0.123998,0.58011,0.430753,0.474013
3117,0.161403,0.023858,0.405654,-0.373979,0.790504,-0.485064,-0.808188,-0.534272,-0.247704,-0.454509,0.2984,0.839289,0.000686,-0.013032,0.022488,0.032145,0.25373,0.309857,0.460188,-0.111886,0.082121,0.319231,0.614375,0.392384,0.684522,-0.68098,0.70177,0.209093,-0.399085,-0.595098,0.697462,-0.097376,0.013345,-0.070557,0.111812,-0.901991,0.36508,0.075535,0.037448,0.059664,-0.023255,-0.537948,-0.454367,0.710043,0.750401,-0.641874,0.157779,0.384069,0.617695,0.686252,-0.048594,0.006438,-0.035365,0.099747,-0.987066,0.398933,-0.049275,0.117961,0.036609,-0.038874,-0.445679,0.76005,-0.472962,-0.740089,-0.61007,-0.282985,-0.503623,0.223914,0.8344,-0.00572,-0.011367,0.016295,0.053763,0.487272,0.358959,0.449847
3118,0.161225,0.023338,0.406825,-0.361613,0.796154,-0.485201,-0.81707,-0.521208,-0.246396,-0.448618,0.306349,0.839595,0.001364,-0.015324,0.035809,-0.111796,0.006989,0.006316,0.443076,-0.115683,0.082273,0.316753,0.61405,0.413699,0.672151,-0.692668,0.690591,0.207916,-0.37892,-0.593766,0.709736,-0.084315,0.006469,-0.061949,0.116286,-0.218607,0.045196,0.03358,0.035583,0.059729,-0.024477,-0.536456,-0.475814,0.697004,0.761077,-0.629636,0.155946,0.364657,0.614133,0.699903,-0.046857,-0.00409,-0.028017,-0.161136,-0.818032,0.496001,-0.099242,0.117871,0.036345,-0.038296,-0.43408,0.767626,-0.471512,-0.750443,-0.597679,-0.28216,-0.498407,0.231363,0.8355,-0.005457,-0.002595,0.013362,-0.094203,0.010232,-0.005979,0.425516
3119,0.161091,0.023155,0.40751,-0.356163,0.798632,-0.485159,-0.821243,-0.51516,-0.245239,-0.445354,0.310092,0.839958,-0.010435,-0.010479,0.038567,-0.099666,-0.054802,0.147545,0.435853,-0.117397,0.082272,0.315668,0.616817,0.426992,0.661215,-0.697712,0.685324,0.208476,-0.364886,-0.590464,0.719774,-0.094794,-0.003972,-0.053275,0.354955,-0.615937,-0.127774,0.028806,0.034696,0.059726,-0.025047,-0.539245,-0.487728,0.686538,0.765351,-0.623946,0.157886,0.351358,0.610582,0.709743,-0.047398,-0.001821,-0.026451,0.480903,-0.739429,-0.223273,-0.119816,0.117809,0.03625,-0.037956,-0.429012,0.770611,-0.471281,-0.755234,-0.592225,-0.280872,-0.495548,0.23543,0.836064,0.000813,-0.000395,0.014217,-0.069374,-0.001567,0.013468,0.414902
3120,0.160679,0.022995,0.409048,-0.347769,0.80258,-0.484734,-0.828697,-0.504883,-0.241508,-0.438139,0.316708,0.841283,-0.009804,-0.002967,0.042134,-0.105324,0.013582,-0.008033,0.420162,-0.120434,0.082235,0.313876,0.62103,0.452465,0.639991,-0.707088,0.675579,0.208695,-0.3387,-0.582702,0.73865,-0.071138,-0.003502,-0.040532,-0.744058,-0.803031,-1.144073,0.0208,0.033205,0.059703,-0.025931,-0.54279,-0.513181,0.664848,0.773024,-0.614743,0.1566,0.328347,0.598945,0.730378,-0.035606,-0.001357,-0.01995,-3.165648,-1.653261,-4.053818,-0.135656,0.117603,0.036168,-0.037188,-0.420967,0.775485,-0.470541,-0.763893,-0.582817,-0.27711,-0.489134,0.242789,0.837735,-0.004932,-0.001571,0.021035,-0.105928,0.024817,-0.035179,0.394818
3121,0.160203,0.023,0.410578,-0.340783,0.804914,-0.485824,-0.831706,-0.498982,-0.243421,-0.437935,0.320105,0.840103,-0.009916,0.005837,0.031878,-0.070518,0.014096,-0.015159,0.392138,-0.123123,0.081916,0.31269,0.61603,0.484112,0.621398,-0.722256,0.661854,0.200572,-0.314933,-0.572973,0.75656,-0.05735,-0.016312,-0.020983,0.32529,-0.686438,-0.1978,-0.023062,0.031835,0.059538,-0.026542,-0.535622,-0.544406,0.645547,0.787279,-0.598436,0.148544,0.30545,0.587789,0.749134,-0.028743,-0.007721,-0.010124,0.417736,-0.76711,-0.265249,-0.179254,0.117366,0.036179,-0.036413,-0.414226,0.778589,-0.471396,-0.76747,-0.577208,-0.278961,-0.48929,0.24623,0.836639,-0.004919,-0.001663,0.020957,-0.109705,0.016109,-0.010539,0.365752
3122,0.159989,0.022984,0.411279,-0.334398,0.807223,-0.486429,-0.834754,-0.493215,-0.244738,-0.437064,0.323202,0.83937,-0.010176,0.002458,0.030249,-0.070516,0.014159,-0.015132,0.372659,-0.124318,0.081614,0.312325,0.615854,0.493935,0.613795,-0.724604,0.660822,0.195443,-0.309829,-0.565742,0.764072,-0.056178,-0.024703,-0.012017,0.233776,-0.389647,-0.088546,-0.035579,0.031259,0.059396,-0.02672,-0.534576,-0.554871,0.637452,0.78946,-0.597072,0.14233,0.30163,0.57933,0.757229,-0.034919,-0.00732,-0.009226,0.322082,-0.533773,-0.010098,-0.1964,0.117259,0.036179,-0.036059,-0.408117,0.781585,-0.471766,-0.771097,-0.571757,-0.28018,-0.488721,0.249431,0.836023,-0.005119,0.001128,0.015087,-0.07328,0.015723,-0.017096,0.345994
3123,0.159591,0.022771,0.412431,-0.328564,0.80838,-0.488479,-0.834409,-0.490692,-0.250906,-0.44212,0.324145,0.836353,-0.010886,-0.006293,0.026124,0.624371,-0.303292,0.265529,0.29942,-0.126509,0.08073,0.311937,0.607006,0.520955,0.600117,-0.738801,0.647996,0.184956,-0.293265,-0.55629,0.777432,-0.057246,-0.019785,-0.008455,-3.08134,-1.408703,-4.382206,-0.084344,0.030164,0.058956,-0.026913,-0.527603,-0.577371,0.623118,0.798419,-0.587537,0.131629,0.290106,0.566958,0.770971,-0.027708,-0.015767,-0.000918,0.251633,-0.42945,-0.15241,-0.236243,0.117061,0.036084,-0.035477,-0.402837,0.783317,-0.47343,-0.771118,-0.569103,-0.285477,-0.49305,0.250069,0.833286,-0.005475,-0.003301,0.012994,2.254652,-1.146533,1.163424,0.275289
3124,0.159228,0.022445,0.413357,-0.326949,0.809073,-0.488416,-0.836085,-0.488489,-0.249621,-0.440149,0.325735,0.836775,-0.01122,0.000188,0.014829,-0.035741,0.014538,-0.022295,0.179105,-0.128668,0.079798,0.311852,0.603884,0.533518,0.592177,-0.74341,0.644849,0.177327,-0.288,-0.547985,0.785259,-0.05652,-0.02621,0.001999,0.134561,-0.324068,-0.011724,-0.127922,0.029063,0.058483,-0.026958,-0.520506,-0.59297,0.614376,0.805751,-0.57921,0.12361,0.282556,0.559375,0.779269,-0.028307,-0.012835,0.001237,0.12924,-0.318483,-0.00623,-0.281637,0.116879,0.035912,-0.035013,-0.400911,0.784263,-0.473499,-0.772816,-0.567077,-0.284915,-0.491959,0.251702,0.833439,0.00041,-0.005511,0.011755,-0.070526,0.010989,-0.012426,0.14335
3125,0.15908,0.022275,0.413778,-0.326986,0.809122,-0.488309,-0.836622,-0.488079,-0.248622,-0.4391,0.326225,0.837135,0.000798,-0.011645,0.023217,-0.070513,0.01082,-0.012027,0.092681,-0.129783,0.079305,0.311894,0.603387,0.534249,0.592024,-0.744073,0.644088,0.177316,-0.287326,-0.54817,0.785376,-0.056805,-0.024981,0.002891,-0.04491,0.083573,-0.16632,-0.145545,0.028505,0.058239,-0.026935,-0.519879,-0.593726,0.614178,0.806417,-0.578292,0.123568,0.281809,0.559524,0.779433,-0.028437,-0.012294,0.001627,-0.063897,0.10189,-0.150042,-0.300252,0.116801,0.035831,-0.034806,-0.400968,0.784299,-0.473391,-0.773399,-0.566775,-0.283936,-0.490997,0.252271,0.833834,-0.005684,-0.005847,0.011813,-0.072386,0.036765,-0.068415,0.045866
3126,0.158619,0.021922,0.414749,-0.331766,0.809779,-0.483978,-0.838807,-0.487917,-0.241479,-0.43128,0.32484,0.841726,-0.022977,-0.006126,0.02664,-0.07249,0.04085,-0.070979,0.016388,-0.132096,0.078224,0.312102,0.600046,0.538837,0.591262,-0.747683,0.64044,0.17533,-0.284931,-0.547959,0.786395,-0.05729,-0.022941,0.004363,-0.04688,0.085836,-0.164211,-0.16264,0.027369,0.05771,-0.02683,-0.516428,-0.597785,0.61315,0.80944,-0.574452,0.121698,0.279476,0.559157,0.780535,-0.027756,-0.017655,0.005278,-0.085944,0.102597,-0.178272,-0.327685,0.116578,0.035642,-0.034327,-0.405889,0.784356,-0.469081,-0.775784,-0.567021,-0.276847,-0.483126,0.251536,0.83864,-0.005456,-0.003237,0.013035,-0.066725,0.004002,-0.016601,-0.128365
3127,0.158169,0.021678,0.415802,-0.33217,0.809799,-0.483666,-0.839934,-0.487204,-0.238987,-0.428771,0.325853,0.842617,-0.010853,0.004014,0.01658,-0.035728,0.014672,-0.022231,0.045429,-0.134415,0.077064,0.312445,0.595025,0.541792,0.593631,-0.752406,0.635035,0.174786,-0.283011,-0.551333,0.784729,-0.067965,-0.034601,0.012204,-0.086065,0.111008,-0.210725,-0.162048,0.026214,0.057135,-0.026661,-0.511165,-0.600237,0.615162,0.813556,-0.568741,0.121076,0.277194,0.562359,0.779047,-0.028057,-0.016342,0.006246,-0.080795,0.100585,-0.182682,-0.33487,0.116349,0.035518,-0.033795,-0.4063,0.784274,-0.468863,-0.777011,-0.566554,-0.274351,-0.480804,0.252843,0.839581,-0.005389,-0.002531,0.013358,-0.071388,0.025406,-0.041697,-0.153186
3128,0.157992,0.021575,0.416707,-0.321408,0.812706,-0.486057,-0.846914,-0.476258,-0.236403,-0.423223,0.334653,0.841972,0.001226,0.003473,0.015881,-0.03535,-0.002128,0.006493,0.072063,-0.136974,0.075931,0.31305,0.593402,0.545678,0.591694,-0.756243,0.629553,0.178027,-0.276086,-0.55379,0.785465,-0.069145,-0.027289,0.017598,-0.404153,-0.563962,0.201674,-0.161099,0.024936,0.05656,-0.026365,-0.508798,-0.603744,0.613691,0.817177,-0.562962,0.123665,0.270823,0.564415,0.7798,-0.033764,-0.019746,0.011983,-1.18761,-2.083278,1.092677,-0.337156,0.11626,0.03547,-0.033352,-0.395818,0.788316,-0.471046,-0.785169,-0.556537,-0.271616,-0.476275,0.26234,0.839249,0.000558,0.001274,0.007732,-0.030976,0.013787,0.01355,-0.118078
3129,0.157994,0.021544,0.417068,-0.31958,0.813016,-0.486743,-0.846733,-0.475544,-0.238481,-0.424967,0.334913,0.840989,0.001061,0.001619,0.015025,-0.00884,-0.084008,0.199693,0.065376,-0.138302,0.075379,0.313447,0.593071,0.549839,0.588162,-0.758233,0.626984,0.178626,-0.271281,-0.552592,0.787979,-0.069517,-0.024861,0.019368,0.160552,-0.273082,-0.443989,-0.161471,0.024271,0.056284,-0.026167,-0.509635,-0.606286,0.610482,0.81846,-0.560422,0.126686,0.265319,0.564219,0.781832,-0.033995,-0.01831,0.013043,0.099063,-0.465596,-0.423936,-0.337483,0.116258,0.035458,-0.033154,-0.394019,0.788913,-0.471554,-0.785037,-0.555692,-0.27372,-0.47798,0.262337,0.83828,0.000511,0.00073,0.007478,-0.012822,-0.079323,0.198469,-0.111546
3130,0.157782,0.021518,0.417772,-0.315477,0.814758,-0.486506,-0.850081,-0.470431,-0.236707,-0.421342,0.337878,0.841627,-0.011026,0.001714,0.015485,-0.035722,0.01474,-0.0222,0.052565,-0.14085,0.074401,0.314413,0.598976,0.554844,0.57738,-0.754939,0.631552,0.176475,-0.267465,-0.542288,0.796398,-0.05839,-0.017062,0.023887,0.315504,-0.495561,-0.383452,-0.161576,0.022993,0.055791,-0.025686,-0.515551,-0.611835,0.599886,0.815447,-0.56535,0.124197,0.263158,0.553206,0.790386,-0.034408,-0.015417,0.015154,0.311919,-0.373461,-0.659318,-0.337809,0.116156,0.035443,-0.032808,-0.390144,0.79109,-0.47113,-0.788969,-0.55101,-0.271871,-0.474672,0.265638,0.839119,-0.00553,0.000796,0.007717,-0.035645,0.014943,-0.022645,-0.122324
3131,0.157303,0.021547,0.418361,-0.315101,0.814656,-0.48692,-0.849674,-0.470659,-0.237709,-0.422441,0.337805,0.841106,-0.01114,0.000259,0.014813,-0.035712,0.014789,-0.022173,0.040732,-0.143277,0.073486,0.315765,0.604376,0.562846,0.563848,-0.751845,0.636912,0.17031,-0.264007,-0.527565,0.807365,-0.056471,-0.031409,0.043896,0.132595,-0.369651,-0.281373,-0.162197,0.021759,0.055323,-0.025005,-0.520404,-0.621442,0.585651,0.812778,-0.570796,0.116548,0.261859,0.536657,0.802139,-0.028313,-0.015295,0.02229,0.159617,-0.390103,-0.302225,-0.338626,0.11592,0.035458,-0.032519,-0.389721,0.791046,-0.471553,-0.788489,-0.551167,-0.272944,-0.475816,0.265443,0.838533,-0.005617,-0.000272,0.007232,-0.040348,0.017044,-0.024408,-0.13506
3132,0.157136,0.021542,0.418601,-0.31555,0.814553,-0.486802,-0.849797,-0.470787,-0.237017,-0.421858,0.337876,0.841369,-0.011344,-0.002036,0.013772,-0.036758,0.025611,-0.048865,0.027611,-0.144556,0.07306,0.316635,0.603703,0.570028,0.557317,-0.753929,0.635298,0.167097,-0.259554,-0.521771,0.812557,-0.069001,-0.027213,0.048003,0.109028,-0.237402,-0.431481,-0.162244,0.021167,0.055123,-0.024605,-0.519789,-0.627827,0.579354,0.814327,-0.569128,0.113857,0.258244,0.530966,0.807083,-0.028528,-0.013237,0.023757,0.324592,-0.563197,-0.442657,-0.338626,0.115837,0.03546,-0.032397,-0.390164,0.790894,-0.47144,-0.78863,-0.551319,-0.272229,-0.475219,0.265578,0.838829,0.000329,0.003701,0.001679,0.000511,-0.010449,0.026212,-0.145348
3133,0.156822,0.021452,0.419161,-0.316576,0.814316,-0.486533,-0.850128,-0.471036,-0.235328,-0.42042,0.338101,0.841999,-0.011358,-0.002266,0.013667,-0.03676,0.025609,-0.048862,0.010909,-0.146876,0.072406,0.318477,0.612112,0.576898,0.540832,-0.74911,0.641955,0.163288,-0.253742,-0.505819,0.824394,-0.059114,-0.006024,0.046713,0.273498,-0.406031,-0.13544,-0.162221,0.019982,0.054784,-0.023667,-0.528233,-0.635375,0.563264,0.810119,-0.575813,0.110205,0.254314,0.514525,0.818893,-0.028924,-0.008743,0.026889,0.570401,-0.48951,0.029905,-0.339116,0.115675,0.035413,-0.032113,-0.391191,0.790532,-0.471198,-0.788975,-0.551665,-0.270521,-0.4738,0.265939,0.839517,-0.005639,-0.000596,0.00708,-0.03567,0.01488,-0.022327,-0.17474
3134,0.156449,0.021263,0.419904,-0.316257,0.814212,-0.486914,-0.849977,-0.471083,-0.235778,-0.420965,0.338285,0.841653,-0.011089,-0.009574,0.02463,-0.071484,0.025778,-0.041437,0.002767,-0.149219,0.071921,0.320623,0.616892,0.580404,0.531569,-0.744999,0.648287,0.156951,-0.254274,-0.493572,0.831622,-0.070023,-0.012609,0.057871,0.185738,-0.445898,-0.308416,-0.161976,0.018814,0.054547,-0.022595,-0.533426,-0.638613,0.554643,0.806068,-0.582518,0.104525,0.256338,0.502837,0.825496,-0.029094,-0.005735,0.028855,0.187484,-0.45812,-0.327252,-0.338626,0.115485,0.035313,-0.031738,-0.390895,0.790457,-0.471569,-0.788804,-0.551709,-0.270931,-0.474329,0.26607,0.839176,-0.005554,-0.004774,0.012327,-0.071878,0.026,-0.041729,-0.188783
3135,0.156245,0.02095,0.420851,-0.315181,0.814367,-0.487351,-0.850329,-0.470305,-0.236064,-0.421063,0.33899,0.841319,0.000982,-0.009721,0.024136,-0.0705,0.011062,-0.01188,0.014891,-0.151449,0.071516,0.322948,0.623476,0.578683,0.525732,-0.738089,0.657302,0.152028,-0.258357,-0.483552,0.836237,-0.057931,-0.01004,0.0582,0.24866,-0.392048,-0.447221,-0.15933,0.017715,0.054356,-0.021449,-0.540594,-0.637014,0.549518,0.799616,-0.59208,0.100277,0.261481,0.493612,0.829441,-0.023079,-0.004307,0.029127,0.153225,0.04792,0.295975,-0.337646,0.115383,0.035162,-0.031273,-0.389822,0.790742,-0.471979,-0.789206,-0.550974,-0.271259,-0.474544,0.266746,0.83884,-0.00554,-0.004621,0.0124,-0.065062,-0.047214,0.14279,-0.18862
3136,0.156157,0.020738,0.421369,-0.313589,0.814628,-0.487943,-0.850326,-0.469556,-0.237557,-0.422255,0.3394,0.840557,0.001025,-0.019353,0.034084,-0.098912,-0.051265,0.153595,0.026339,-0.152454,0.071313,0.324022,0.624532,0.577957,0.525278,-0.736753,0.659018,0.151074,-0.259623,-0.48208,0.836695,-0.05766,-0.011852,0.05677,-0.096219,-0.011518,-0.179358,-0.156782,0.017169,0.054253,-0.020864,-0.540934,-0.638316,0.547669,0.798859,-0.593617,0.097167,0.263083,0.490072,0.831032,-0.028874,-0.005947,0.028408,-0.142947,0.031502,-0.152217,-0.336013,0.115338,0.03506,-0.031017,-0.388373,0.791133,-0.472518,-0.789188,-0.550289,-0.272695,-0.47576,0.266999,0.838071,-0.005544,-0.00465,0.012388,-0.073107,0.026505,-0.04219,-0.180292
3137,0.15601,0.020287,0.42235,-0.312371,0.816305,-0.485916,-0.850884,-0.467808,-0.239004,-0.422035,0.337783,0.841318,-0.011072,-0.009503,0.024696,0.060564,0.479638,0.131239,0.025808,-0.154373,0.070896,0.326201,0.632346,0.571119,0.523406,-0.727091,0.670585,0.14693,-0.267852,-0.474195,0.838605,-0.045497,-0.011585,0.055619,-0.110301,-0.006981,-0.131621,-0.148633,0.016226,0.05405,-0.019794,-0.549513,-0.632054,0.54639,0.789928,-0.606046,0.093381,0.272116,0.482923,0.832308,-0.022805,-0.005668,0.027932,-0.141333,0.021723,-0.113223,-0.330461,0.11527,0.03483,-0.030523,-0.386848,0.791853,-0.472563,-0.789941,-0.548956,-0.273202,-0.475752,0.267609,0.83788,0.00043,-0.005346,0.011865,0.08266,0.545954,0.190423,-0.166739
3138,0.155915,0.019786,0.423478,-0.310444,0.81676,-0.486387,-0.851759,-0.46612,-0.239187,-0.421694,0.339012,0.840994,0.001113,-0.008396,0.024761,-0.070479,0.011104,-0.011857,0.014737,-0.155966,0.070528,0.32834,0.637453,0.571671,0.516562,-0.723647,0.674284,0.147004,-0.265058,-0.468238,0.842829,-0.034724,0.002101,0.048692,-0.017858,-0.098875,-0.141654,-0.14624,0.015426,0.053858,-0.018723,-0.55507,-0.632676,0.540016,0.786759,-0.610068,0.093944,0.27001,0.477009,0.836395,-0.016816,-0.004733,0.027915,-0.037256,-0.101134,-0.17772,-0.325726,0.115218,0.034577,-0.02996,-0.385402,0.793611,-0.470791,-0.790998,-0.54687,-0.274325,-0.475169,0.26667,0.838511,0.000571,-0.008905,0.017416,-0.101735,-0.053379,0.151371,-0.177353
3139,0.155866,0.019522,0.424101,-0.307008,0.817298,-0.487663,-0.851289,-0.464865,-0.24327,-0.425147,0.339437,0.839082,-0.010657,-0.015249,0.036422,-0.079829,-0.054275,0.159844,0.013795,-0.156643,0.070376,0.329395,0.648702,0.567459,0.507116,-0.715875,0.680999,0.153941,-0.258791,-0.46361,0.847323,-0.033431,-0.010008,0.055263,-0.246611,-0.188226,0.027217,-0.145734,0.015087,0.053787,-0.018198,-0.566964,-0.6296,0.531182,0.780106,-0.617477,0.100772,0.264547,0.471513,0.841242,-0.016769,-0.004843,0.02777,-0.594537,-0.657215,0.332618,-0.324583,0.115197,0.034445,-0.029654,-0.382104,0.794484,-0.472006,-0.790495,-0.545558,-0.278357,-0.478657,0.266758,0.836496,0.000558,-0.003997,0.012474,-0.010218,-0.017205,0.015057,-0.179965
3140,0.155923,0.018917,0.425425,-0.301496,0.820062,-0.48646,-0.852355,-0.460403,-0.247976,-0.426956,0.33885,0.838401,0.001248,-0.017066,0.03521,-0.09458,-0.036878,0.15927,0.011476,-0.15791,0.070044,0.331439,0.65152,0.571085,0.499374,-0.715493,0.68124,0.154647,-0.252681,-0.458775,0.851786,-0.021325,-0.011543,0.053055,0.089017,-0.275402,-0.273883,-0.135102,0.014441,0.053621,-0.017154,-0.57035,-0.632265,0.524348,0.779532,-0.617849,0.102911,0.258901,0.467442,0.845261,-0.010692,-0.005913,0.026461,0.196419,-0.376893,-0.332804,-0.319521,0.115222,0.034141,-0.028976,-0.37688,0.797968,-0.470327,-0.792023,-0.540905,-0.283054,-0.480271,0.265833,0.835865,0.000604,-0.008529,0.017607,-0.107628,-0.061515,0.14367,-0.183558
3141,0.156072,0.018241,0.426834,-0.295273,0.825955,-0.480269,-0.853809,-0.453636,-0.255334,-0.428402,0.333635,0.839754,0.001302,-0.016518,0.035488,0.005198,0.322328,0.29027,0.011792,-0.158974,0.069637,0.333331,0.657656,0.566669,0.496353,-0.708199,0.689555,0.151337,-0.257316,-0.45176,0.854146,-0.02201,-0.006059,0.041797,0.426789,-0.265729,0.088404,-0.125856,0.013929,0.053433,-0.016237,-0.576407,-0.628556,0.522179,0.773515,-0.625736,0.100636,0.263491,0.461921,0.846876,-0.011015,-0.002915,0.020973,2.637741,0.85725,4.660418,-0.311356,0.115295,0.033815,-0.028299,-0.371349,0.803461,-0.465347,-0.793885,-0.534664,-0.289619,-0.481502,0.261883,0.836404,0.000688,-0.012711,0.022909,0.040106,0.729955,0.219512,-0.184701
3142,0.156084,0.017521,0.428293,-0.28977,0.833319,-0.470806,-0.856284,-0.445409,-0.261456,-0.427225,0.326343,0.843211,0.001405,-0.02557,0.045827,-0.085589,0.04378,0.375968,0.00779,-0.159775,0.069283,0.334826,0.658803,0.569908,0.491096,-0.708098,0.690104,0.14929,-0.254639,-0.446817,0.857542,-0.009849,-0.010778,0.037741,0.083488,-0.267958,-0.208368,-0.120765,0.013511,0.05325,-0.01547,-0.578156,-0.631729,0.516384,0.772619,-0.627323,0.097595,0.262286,0.455393,0.850777,-0.011375,-0.000551,0.015151,0.215973,-0.41946,-0.306975,-0.305151,0.115302,0.033452,-0.02756,-0.367282,0.811978,-0.453645,-0.797146,-0.526098,-0.296274,-0.47923,0.252805,0.840491,0.000661,-0.007929,0.017907,-0.063799,0.076901,0.192681,-0.187313
3143,0.156096,0.017199,0.429072,-0.287447,0.838374,-0.463194,-0.858053,-0.440223,-0.264425,-0.425246,0.320391,0.846488,0.001638,-0.013008,0.037071,0.0505,0.493459,0.379416,0.006506,-0.160111,0.069148,0.335446,0.657732,0.572204,0.48986,-0.709544,0.688828,0.148316,-0.253374,-0.445852,0.858418,-0.021424,-0.015214,0.035818,-0.069056,-0.02069,-0.106526,-0.112389,0.013348,0.053186,-0.015158,-0.576589,-0.634882,0.514265,0.774145,-0.625774,0.095419,0.261234,0.453134,0.852305,-0.005399,-0.001325,0.014175,-0.059225,-0.019687,-0.048859,-0.300906,0.115308,0.033282,-0.027169,-0.365205,0.81609,-0.447908,-0.799423,-0.521472,-0.298308,-0.477018,0.249125,0.842846,0.000755,-0.006937,0.018347,0.05955,0.530683,0.354359,-0.189599
