frame,MLTx,MLTy,MLTz,MLTR1,MLTR2,MLTR3,MLTR4,MLTR5,MLTR6,MLTR7,MLTR8,MLTR9,MLTTVx,MLTTVy,MLTTVz,MLTRVx,MLTRVy,MLTRVz,MLGA,MRTx,MRTy,MRTz,MRTR1,MRTR2,MRTR3,MRTR4,MRTR5,MRTR6,MRTR7,MRTR8,MRTR9,MRTTVx,MRTTVy,MRTTVz,MRTRVx,MRTRVy,MRTRVz,MRGA,SLTx,SLTy,SLTz,SLTR1,SLTR2,SLTR3,SLTR4,SLTR5,SLTR6,SLTR7,SLTR8,SLTR9,SLTTVx,SLTTVy,SLTTVz,SLTRVx,SLTRVy,SLTRVz,SLGA,SRTx,SRTy,SRTz,SRTR1,SRTR2,SRTR3,SRTR4,SRTR5,SRTR6,SRTR7,SRTR8,SRTR9,SRTTVx,SRTTVy,SRTTVz,SRTRVx,SRTRVy,SRTRVz,SRGA
175,0.072119,-0.015564,0.37543,-0.291312,0.337146,-0.895274,-0.164486,-0.939525,-0.300348,-0.942036,0.059339,0.330264,-0.000672,-0.001876,-0.001552,-0.038347,-0.207112,-0.094009,0.174296,-0.094109,0.010851,0.345017,0.46249,0.076995,0.88327,-0.065802,0.996429,-0.052274,-0.884697,-0.034059,0.464773,4.7e-05,-0.000195,-0.000162,0.998722,1.900855,-1.767878,0.115295,0.043556,0.023695,-0.011905,-0.422045,-0.079433,0.903087,0.068016,-0.99612,-0.055829,0.904019,0.037862,0.425811,-0.000122,0.000504,0.000415,9e-06,1.1e-05,-1.3e-05,-0.245224,0.074038,0.017504,-0.055988,-0.322112,0.383308,-0.865631,-0.113781,-0.923412,-0.366555,-0.939838,-0.019579,0.341055,-0.00732,0.000366,6e-06,-0.044897,-0.258331,-0.191533,-0.112526
176,0.072024,-0.015669,0.375328,-0.284129,0.329143,-0.900545,-0.16528,-0.941955,-0.29219,-0.944097,0.065406,0.323157,-0.001442,-0.004021,-0.003329,-0.113161,-0.590214,-0.299523,0.311715,-0.094174,0.01086,0.345019,0.464216,0.074956,0.88254,-0.065849,0.996549,-0.049872,-0.883791,-0.035074,0.466419,-0.000145,0.000602,0.000498,-2.4e-05,5.4e-05,3.3e-05,0.248146,0.043556,0.023695,-0.011905,-0.422045,-0.079433,0.903087,0.068016,-0.99612,-0.055829,0.904019,0.037862,0.425811,-0.000122,0.000504,0.000415,9e-06,1.1e-05,-1.3e-05,-0.245224,0.07399,0.017449,-0.056041,-0.315788,0.376729,-0.870834,-0.114356,-0.926219,-0.359221,-0.941913,-0.013853,0.335571,-0.000751,-0.002096,-0.001736,-0.120492,-0.53968,-0.263463,0.202298
177,0.071868,-0.015681,0.375127,-0.28906,0.320645,-0.90204,-0.148817,-0.945807,-0.288573,-0.945331,0.050419,0.322235,-0.001241,-0.003455,-0.002864,1.4934,0.484807,-0.562995,0.41375,-0.094212,0.010887,0.345046,0.464235,0.074929,0.882532,-0.065833,0.996552,-0.049849,-0.883783,-0.03507,0.466435,-1e-05,4.2e-05,3.4e-05,-0.0,0.0,0.0,0.338303,0.043556,0.023695,-0.011905,-0.422045,-0.079433,0.903087,0.068016,-0.99612,-0.055829,0.904019,0.037862,0.425811,-0.000122,0.000504,0.000415,9e-06,1.1e-05,-1.3e-05,-0.245224,0.073917,0.01744,-0.056144,-0.316584,0.369212,-0.873759,-0.103558,-0.929086,-0.355069,-0.942894,-0.021925,0.332369,-8.6e-05,0.003487,-0.006004,0.029886,0.002664,0.030879,0.508141
178,0.071708,-0.015531,0.374937,-0.291246,0.318205,-0.902201,-0.142463,-0.946943,-0.288055,-0.945636,0.044232,0.322248,0.000638,0.009258,-0.010123,0.034661,-0.017705,0.016027,0.466732,-0.0942,0.010882,0.34504,0.464236,0.074926,0.882532,-0.065832,0.996552,-0.049846,-0.883782,-0.03507,0.466436,5e-06,-1.9e-05,-1.6e-05,-0.0,0.0,0.0,0.381294,0.043556,0.023695,-0.011905,-0.422045,-0.079433,0.903087,0.068016,-0.99612,-0.055829,0.904019,0.037862,0.425811,-0.000122,0.000504,0.000415,9e-06,1.1e-05,-1.3e-05,-0.245224,0.073829,0.017507,-0.056239,-0.320711,0.364939,-0.874049,-0.091555,-0.930417,-0.35488,-0.942741,-0.033791,0.331807,-0.000127,-0.000369,-0.000301,0.000182,0.000948,0.000257,0.522674
179,0.071666,-0.015414,0.374845,-0.291428,0.317753,-0.902302,-0.142002,-0.947112,-0.287727,-0.945649,0.043875,0.322259,0.000152,0.000422,0.00035,-0.0,-0.0,-0.0,0.481294,-0.094219,0.010872,0.345034,0.464202,0.074987,0.882545,-0.065865,0.996547,-0.049899,-0.883798,-0.035077,0.466407,9e-06,-3.8e-05,-3.1e-05,-0.0,0.0,0.0,0.398143,0.043556,0.023695,-0.011905,-0.422045,-0.079433,0.903087,0.068016,-0.99612,-0.055829,0.904019,0.037862,0.425811,-0.000122,0.000504,0.000415,9e-06,1.1e-05,-1.3e-05,-0.245224,0.073808,0.017568,-0.05629,-0.320863,0.364497,-0.874178,-0.091056,-0.930577,-0.354591,-0.942738,-0.034176,0.331777,0.000593,0.005377,-0.004436,0.034922,-0.017472,0.015972,0.522511
180,0.071587,-0.015075,0.374601,-0.293259,0.314711,-0.902775,-0.141321,-0.948135,-0.284675,-0.945183,0.043699,0.323647,0.000928,0.010057,-0.009456,0.034649,-0.017744,0.016009,0.495803,-0.094247,0.01086,0.345016,0.46415,0.075072,0.882565,-0.065888,0.996541,-0.049985,-0.883823,-0.035062,0.466359,8.9e-05,-0.000371,-0.000307,-0.0,0.0,0.0,0.430954,0.043556,0.023695,-0.011905,-0.422045,-0.079433,0.903087,0.068016,-0.99612,-0.055829,0.904019,0.037862,0.425811,-0.000122,0.000504,0.000415,9e-06,1.1e-05,-1.3e-05,-0.245224,0.073769,0.017738,-0.056405,-0.322551,0.361366,-0.874857,-0.090291,-0.931788,-0.351593,-0.942235,-0.034415,0.333177,1.3e-05,2.7e-05,2.6e-05,0.001123,-0.000801,0.00152,0.521694
181,0.071547,-0.014764,0.374296,-0.296145,0.310279,-0.903366,-0.141264,-0.949566,-0.279896,-0.944287,0.044331,0.326164,0.000515,0.008907,-0.010407,0.034641,-0.017771,0.015996,0.500907,-0.094237,0.010864,0.345004,0.464155,0.075053,0.882564,-0.065856,0.996544,-0.049981,-0.883823,-0.035035,0.466362,2e-06,-6e-06,-5e-06,-0.0,0.0,0.0,0.463891,0.043556,0.023695,-0.011905,-0.422045,-0.079433,0.903087,0.068016,-0.99612,-0.055829,0.904019,0.037862,0.425811,-0.000122,0.000504,0.000415,9e-06,1.1e-05,-1.3e-05,-0.245224,0.07375,0.017896,-0.056556,-0.325202,0.356805,-0.875746,-0.090088,-0.933562,-0.346907,-0.941343,-0.033921,0.335741,0.000198,0.004273,-0.005352,0.037095,-0.019944,0.019919,0.522511
182,0.071567,-0.014621,0.374134,-0.295854,0.310491,-0.903389,-0.14082,-0.949517,-0.280286,-0.944445,0.043898,0.325765,0.000475,0.008796,-0.010499,0.034638,-0.017782,0.015992,0.502272,-0.094231,0.010888,0.344997,0.464185,0.074981,0.882554,-0.065771,0.996551,-0.049943,-0.883814,-0.034976,0.466384,-3.9e-05,0.000161,0.000133,-0.0,0.0,0.0,0.47717,0.043556,0.023695,-0.011905,-0.422045,-0.079433,0.903087,0.068016,-0.99612,-0.055829,0.904019,0.037862,0.425811,-0.000122,0.000504,0.000415,9e-06,1.1e-05,-1.3e-05,-0.245224,0.073761,0.017967,-0.056637,-0.324905,0.357063,-0.875751,-0.089643,-0.933448,-0.34733,-0.941488,-0.034345,0.33529,0.000208,0.004305,-0.005325,0.033955,-0.005876,-0.009583,0.522674
183,0.071659,-0.014312,0.373819,-0.29563,0.310327,-0.903519,-0.139744,-0.949614,-0.280494,-0.944676,0.042945,0.325224,0.000925,0.010046,-0.009459,0.034632,-0.017801,0.015983,0.501393,-0.0943,0.010924,0.344957,0.464139,0.075014,0.882576,-0.065653,0.996554,-0.050045,-0.883846,-0.034828,0.466333,-0.0,0.0,0.0,-0.0,0.0,0.0,0.491918,0.043556,0.023695,-0.011905,-0.422045,-0.079433,0.903087,0.068016,-0.99612,-0.055829,0.904019,0.037862,0.425811,-0.000122,0.000504,0.000415,9e-06,1.1e-05,-1.3e-05,-0.245224,0.073805,0.018115,-0.056793,-0.324685,0.356914,-0.875894,-0.088583,-0.933471,-0.347539,-0.941664,-0.035252,0.334701,0.000473,0.005038,-0.004718,0.027425,0.066444,-0.164031,0.522348
184,0.07176,-0.014067,0.373585,-0.295669,0.309861,-0.903665,-0.138824,-0.949801,-0.280318,-0.944799,0.042176,0.324967,0.001174,0.010737,-0.008883,0.034628,-0.017813,0.015978,0.496934,-0.094354,0.010939,0.344924,0.464087,0.075076,0.882598,-0.065595,0.996552,-0.050148,-0.883878,-0.034733,0.46628,1e-06,-5e-06,-4e-06,-0.0,0.0,0.0,0.494002,0.043556,0.023695,-0.011905,-0.422045,-0.079433,0.903087,0.068016,-0.99612,-0.055829,0.904019,0.037862,0.425811,-0.000122,0.000504,0.000415,9e-06,1.1e-05,-1.3e-05,-0.245224,0.073855,0.01824,-0.056914,-0.324687,0.35647,-0.876074,-0.087629,-0.933611,-0.347404,-0.941753,-0.036028,0.334368,0.000171,0.000456,0.000375,1.5e-05,2.2e-05,6e-06,0.522347
185,0.071849,-0.013979,0.373449,-0.295669,0.309661,-0.903734,-0.138385,-0.949883,-0.280258,-0.944863,0.041808,0.324828,0.000796,0.00969,-0.00975,0.034627,-0.017816,0.015977,0.490989,-0.094336,0.01095,0.344931,0.464047,0.075141,0.882613,-0.065631,0.996547,-0.050203,-0.883896,-0.034742,0.466245,-5e-06,2.3e-05,1.9e-05,-0.0,0.0,0.0,0.498527,0.043556,0.023695,-0.011905,-0.422045,-0.079433,0.903087,0.068016,-0.99612,-0.055829,0.904019,0.037862,0.425811,-0.000122,0.000504,0.000415,9e-06,1.1e-05,-1.3e-05,-0.245224,0.073901,0.018287,-0.056981,-0.324676,0.356275,-0.876157,-0.087185,-0.933671,-0.347354,-0.941797,-0.03639,0.334203,-9.7e-05,-0.000283,-0.000234,1.1e-05,1.5e-05,3e-06,0.522348
186,0.071869,-0.013984,0.373446,-0.295721,0.309577,-0.903746,-0.138362,-0.94991,-0.280174,-0.94485,0.041799,0.324866,-2e-06,-6e-06,-5e-06,-0.0,-0.0,-0.0,0.490527,-0.094317,0.010963,0.344925,0.464074,0.075081,0.882604,-0.065577,0.996553,-0.050164,-0.883886,-0.03471,0.466266,-0.0,0.0,0.0,-0.0,0.0,0.0,0.502782,0.043556,0.023695,-0.011905,-0.422045,-0.079433,0.903087,0.068016,-0.99612,-0.055829,0.904019,0.037862,0.425811,-0.000122,0.000504,0.000415,9e-06,1.1e-05,-1.3e-05,-0.245224,0.073911,0.018287,-0.056986,-0.32471,0.3562,-0.876175,-0.087139,-0.933699,-0.347292,-0.94179,-0.03642,0.33422,5e-06,5e-06,3e-06,1e-05,6e-06,-1e-06,0.522348
187,0.071904,-0.014001,0.373486,-0.296018,0.309148,-0.903796,-0.138339,-0.950049,-0.279717,-0.94476,0.041838,0.325123,0.00017,0.000473,0.000392,-0.0,-0.0,-0.0,0.488575,-0.094308,0.010973,0.344919,0.464089,0.075044,0.882599,-0.065534,0.996556,-0.050144,-0.883881,-0.034681,0.466278,-0.0,0.0,0.0,0.0,0.0,0.0,0.5014,0.043556,0.023695,-0.011905,-0.422045,-0.079433,0.903087,0.068016,-0.99612,-0.055829,0.904019,0.037862,0.425811,-0.000122,0.000504,0.000415,9e-06,1.1e-05,-1.3e-05,-0.245224,0.073929,0.018278,-0.056967,-0.324982,0.355759,-0.876254,-0.087102,-0.933868,-0.346846,-0.9417,-0.036395,0.334478,0.00011,0.0003,0.000248,-5e-06,1.9e-05,-1.7e-05,0.522348
188,0.071905,-0.01401,0.373505,-0.296113,0.309019,-0.903809,-0.138352,-0.950089,-0.279573,-0.944728,0.041867,0.325212,0.0,1e-06,1e-06,-0.0,-0.0,-0.0,0.47893,-0.094392,0.010969,0.344927,0.464019,0.075179,0.882625,-0.065606,0.996546,-0.050262,-0.883913,-0.034695,0.466216,-0.000145,0.000603,0.000499,0.0,0.0,0.0,0.46017,0.043556,0.023695,-0.011905,-0.422045,-0.079433,0.903087,0.068016,-0.99612,-0.055829,0.904019,0.037862,0.425811,-0.000122,0.000504,0.000415,9e-06,1.1e-05,-1.3e-05,-0.245224,0.073929,0.018275,-0.056956,-0.32507,0.355626,-0.876275,-0.08711,-0.93392,-0.346705,-0.941669,-0.036371,0.334568,-3e-06,-1.4e-05,-1.2e-05,3e-06,8e-06,-4e-06,0.522184
189,0.071911,-0.014025,0.373493,-0.296123,0.309003,-0.903811,-0.138347,-0.950094,-0.279557,-0.944726,0.041866,0.325218,-0.000263,-0.000732,-0.000607,0.0,0.0,0.0,0.473456,-0.094473,0.010959,0.34493,0.463864,0.075459,0.882683,-0.065758,0.996524,-0.050504,-0.883983,-0.034728,0.466081,-3e-05,0.000125,0.000104,0.0,0.0,0.0,0.361359,0.043556,0.023695,-0.011905,-0.422045,-0.079433,0.903087,0.068016,-0.99612,-0.055829,0.904019,0.037862,0.425811,-0.000122,0.000504,0.000415,9e-06,1.1e-05,-1.3e-05,-0.245224,0.073933,0.018268,-0.056961,-0.325078,0.35561,-0.876278,-0.087106,-0.933926,-0.34669,-0.941666,-0.036373,0.334575,-0.000176,-0.00049,-0.000409,3e-06,1.7e-05,6e-06,0.522511
190,0.071923,-0.014029,0.373504,-0.296112,0.309031,-0.903805,-0.138379,-0.950084,-0.279576,-0.944725,0.041891,0.325219,0.000469,0.001305,0.001083,0.001043,-0.012234,0.026073,0.465946,-0.0948,0.010844,0.344802,0.461649,0.078339,0.883592,-0.066001,0.996339,-0.053721,-0.885121,-0.033634,0.463997,-0.014615,0.00524,-0.01125,0.033886,0.010833,-0.007775,-0.222656,0.043556,0.023695,-0.011905,-0.422045,-0.079433,0.903087,0.068016,-0.99612,-0.055829,0.904019,0.037862,0.425811,-0.000122,0.000504,0.000415,9e-06,1.1e-05,-1.3e-05,-0.245224,0.073937,0.018261,-0.05696,-0.32508,0.355619,-0.876274,-0.087133,-0.933923,-0.34669,-0.941663,-0.03635,0.334586,3e-06,4e-06,3e-06,4e-06,6e-06,-3e-06,0.522348
191,0.071923,-0.014029,0.373504,-0.296112,0.309031,-0.903805,-0.138379,-0.950084,-0.279576,-0.944725,0.041891,0.325219,0.000469,0.001305,0.001083,0.001043,-0.012234,0.026073,0.465946,-0.0948,0.010844,0.344802,0.461649,0.078339,0.883592,-0.066001,0.996339,-0.053721,-0.885121,-0.033634,0.463997,-0.014615,0.00524,-0.01125,0.033886,0.010833,-0.007775,-0.222656,0.043556,0.023695,-0.011905,-0.422045,-0.079433,0.903087,0.068016,-0.99612,-0.055829,0.904019,0.037862,0.425811,-0.000122,0.000504,0.000415,9e-06,1.1e-05,-1.3e-05,-0.245224,0.073937,0.018261,-0.05696,-0.32508,0.355619,-0.876274,-0.087133,-0.933923,-0.34669,-0.941663,-0.03635,0.334586,3e-06,4e-06,3e-06,4e-06,6e-06,-3e-06,0.522348
192,0.071921,-0.014008,0.373534,-0.29633,0.308695,-0.903848,-0.13831,-0.950194,-0.279237,-0.944666,0.041874,0.325391,1.6e-05,4.3e-05,3.6e-05,0.0,0.0,0.0,0.465708,-0.094967,0.0108,0.344218,0.454136,0.097348,0.885593,-0.082739,0.994301,-0.066739,-0.887588,-0.043104,0.458467,-0.015027,0.006938,-0.009843,0.036335,0.014807,-0.012689,-1.409597,0.043555,0.023779,-0.011919,-0.412745,-0.094243,0.905957,0.078961,-0.99459,-0.06749,0.907417,0.043679,0.417954,-0.007337,0.003443,-0.005248,0.055863,0.048593,-0.050297,-0.286373,0.073937,0.018276,-0.056942,-0.325269,0.355294,-0.876336,-0.087058,-0.934046,-0.346378,-0.941605,-0.036374,0.334747,4e-06,1.5e-05,1.4e-05,-4e-06,0.0,-6e-06,0.518755
193,0.071919,-0.014014,0.373529,-0.296341,0.308677,-0.90385,-0.138305,-0.9502,-0.279219,-0.944664,0.041872,0.325399,-2.9e-05,-8.2e-05,-6.8e-05,0.0,0.0,0.0,0.466523,-0.095307,0.010976,0.343935,0.453311,0.098438,0.885895,-0.082507,0.994226,-0.068127,-0.888031,-0.042351,0.45768,-0.029915,0.013346,-0.020126,0.053911,0.120019,-0.187839,-1.409448,0.043386,0.023877,-0.012064,-0.412,-0.095195,0.906197,0.078627,-0.994531,-0.068727,0.907784,0.042936,0.417232,-0.007184,0.002504,-0.005886,0.031312,0.023316,-0.030113,-0.342055,0.073936,0.018272,-0.056945,-0.325279,0.355276,-0.87634,-0.087052,-0.934053,-0.346361,-0.941602,-0.036376,0.334755,-2.2e-05,-5.8e-05,-4.7e-05,-3e-06,1.6e-05,1e-05,0.515653
194,0.07193,-0.014009,0.37352,-0.296392,0.308583,-0.903866,-0.138255,-0.950232,-0.279135,-0.944655,0.04184,0.325429,-0.0,-0.0,-0.0,-0.007201,0.084433,-0.179935,0.468941,-0.096197,0.011502,0.343029,0.453539,0.094207,0.886239,-0.081163,0.994607,-0.064062,-0.888039,-0.043011,0.457603,-0.015588,0.012051,-0.02299,-0.023282,0.230657,0.11716,-1.40739,0.042936,0.024147,-0.012515,-0.412705,-0.091428,0.906264,0.077349,-0.994873,-0.065144,0.907574,0.043213,0.417661,-0.015412,0.010155,-0.015905,-0.02864,0.366329,0.191186,-0.469585,0.073941,0.018274,-0.056949,-0.325253,0.355309,-0.876336,-0.087038,-0.93404,-0.3464,-0.941612,-0.036393,0.334725,1e-06,-1e-06,-1e-06,-7e-06,1.4e-05,-5e-06,0.510754
195,0.071989,-0.01403,0.373505,-0.296322,0.308688,-0.903853,-0.138285,-0.950197,-0.279239,-0.944672,0.041854,0.325376,-0.0,-0.0,-0.0,0.0,0.0,0.0,0.469806,-0.097476,0.012201,0.341832,0.446707,0.086347,0.890499,-0.06787,0.99571,-0.062374,-0.8926,-0.032701,0.44951,-0.032762,0.031127,-0.040111,0.145021,0.309254,0.24952,-0.535738,0.042292,0.024498,-0.013126,-0.405249,-0.083242,0.910408,0.064085,-0.995982,-0.062541,0.911957,0.032999,0.408955,-0.016354,0.01554,-0.020066,0.134048,0.348671,0.277981,-0.314295,0.073971,0.018264,-0.056957,-0.325261,0.355288,-0.876341,-0.087033,-0.934047,-0.34638,-0.94161,-0.036394,0.334731,2e-06,6e-06,3e-06,0.0,-6e-06,-2e-06,0.506182
196,0.072042,-0.014035,0.37349,-0.296241,0.308802,-0.903841,-0.138293,-0.950161,-0.279359,-0.944697,0.041847,0.325306,-0.0,-0.0,-0.0,0.0,0.0,0.0,0.469836,-0.098153,0.012674,0.341157,0.441319,0.074495,0.894248,-0.049232,0.997032,-0.058632,-0.896491,-0.018262,0.442531,-0.031003,0.021068,-0.031083,0.112651,0.374046,0.031565,-0.138861,0.041978,0.024713,-0.013439,-0.399522,-0.071274,0.913948,0.046167,-0.997272,-0.05759,0.91556,0.019186,0.401722,-0.022085,0.008916,-0.015995,1.43828,0.313335,0.926721,-0.171416,0.073997,0.018262,-0.056964,-0.325186,0.355405,-0.876321,-0.087045,-0.934002,-0.346498,-0.941634,-0.036397,0.334661,1e-06,4e-06,1e-06,6e-06,-3.4e-05,-1.7e-05,0.503569
197,0.072127,-0.01404,0.373476,-0.296186,0.308871,-0.903835,-0.13829,-0.950139,-0.279435,-0.944715,0.041835,0.325255,0.013742,-0.0032,-0.002047,0.000984,-0.014715,0.029553,0.471468,-0.099444,0.013612,0.339908,0.421914,0.060125,0.904636,-0.043992,0.997954,-0.045683,-0.906035,-0.020615,0.422538,-0.031237,0.022363,-0.02998,-0.148081,0.676317,0.184656,0.169181,0.041309,0.025201,-0.01409,-0.379752,-0.056886,0.923337,0.040826,-0.998165,-0.044705,0.924186,0.02072,0.381378,-0.015595,0.011161,-0.014985,-0.16436,0.729463,0.219723,0.139979,0.074035,0.01826,-0.05697,-0.325147,0.355455,-0.876316,-0.087037,-0.933983,-0.346552,-0.941648,-0.036409,0.334619,0.0,2e-06,-1e-06,1e-06,-9e-06,-4e-06,0.498997
198,0.07222,-0.014046,0.373435,-0.296111,0.308945,-0.903834,-0.13824,-0.950117,-0.279534,-0.944746,0.041781,0.325173,0.01366,-0.003428,-0.002237,0.000984,-0.014715,0.029553,0.475511,-0.100572,0.014569,0.33872,0.407605,0.045905,0.911999,-0.045965,0.998471,-0.029588,-0.912449,-0.029934,0.407924,-0.031484,0.02374,-0.028804,-0.207148,0.476779,0.335648,0.311361,0.040757,0.025669,-0.014675,-0.365541,-0.042994,0.929801,0.043593,-0.998626,-0.029039,0.929773,0.029918,0.366913,-0.009008,0.012919,-0.014386,-0.49927,0.277637,0.950685,0.445659,0.074086,0.018256,-0.056991,-0.325065,0.355554,-0.876306,-0.086996,-0.933943,-0.346669,-0.941681,-0.036455,0.334524,0.006829,-0.001723,-0.001129,0.000986,-0.014711,0.029556,0.498181
199,0.072353,-0.014029,0.373335,-0.295842,0.309256,-0.903817,-0.138112,-0.950023,-0.279917,-0.944849,0.041625,0.324892,0.000742,0.009554,-0.009863,0.034637,-0.017783,0.015993,0.478797,-0.101472,0.015459,0.337723,0.40689,0.027684,0.913053,-0.048517,0.998753,-0.008535,-0.912636,-0.040878,0.406557,-0.031513,0.024123,-0.028458,-0.094751,0.294383,-0.043363,0.376803,0.040306,0.026116,-0.015171,-0.364163,-0.024004,0.931025,0.047304,-0.998854,-0.00725,0.930133,0.041401,0.364881,-0.009192,0.013853,-0.013587,-0.301759,-0.20197,0.672354,0.51914,0.074153,0.018262,-0.057037,-0.324826,0.355866,-0.876268,-0.086899,-0.93382,-0.347026,-0.941772,-0.036577,0.334254,-0.000113,-0.00032,-0.000268,7e-06,-3e-06,8e-06,0.497691
200,0.07247,-0.013994,0.373249,-0.295576,0.309562,-0.903799,-0.137982,-0.94993,-0.280296,-0.944951,0.041467,0.324615,0.013681,-0.003366,-0.002188,0.000984,-0.014715,0.029553,0.48431,-0.101897,0.015849,0.337288,0.409527,0.017207,0.912131,-0.050204,0.998698,0.003827,-0.911367,-0.047398,0.40869,-0.029766,0.013904,-0.019623,-0.109995,0.49553,-0.099946,0.405886,0.040082,0.026319,-0.0154,-0.367384,-0.014046,0.929962,0.049563,-0.99876,0.004495,0.928747,0.047743,0.367625,-0.014863,0.006946,-0.0098,-0.120516,0.572001,-0.075759,0.518486,0.074206,0.018279,-0.05708,-0.324591,0.356164,-0.876234,-0.086773,-0.933701,-0.347379,-0.941865,-0.036722,0.333977,-3.4e-05,-0.000105,-9.2e-05,1.3e-05,-8e-06,1.5e-05,0.498507
201,0.072809,-0.013808,0.372923,-0.2949,0.310172,-0.90381,-0.137267,-0.949763,-0.281212,-0.945267,0.040741,0.323785,0.000863,0.009906,-0.009569,0.034638,-0.017776,0.015997,0.488669,-0.102803,0.016493,0.336393,0.417666,0.001451,0.908595,-0.053892,0.998242,0.023306,-0.907462,-0.058719,0.415846,-0.029088,0.010936,-0.022109,0.003835,0.295421,-0.320049,0.457515,0.039639,0.026642,-0.015835,-0.37526,0.002417,0.926916,0.054154,-0.99823,0.024526,0.925335,0.0594,0.374465,-0.014548,0.005565,-0.010956,-0.000261,0.24766,-0.284039,0.518976,0.074381,0.018374,-0.057248,-0.323926,0.356844,-0.876204,-0.086066,-0.933414,-0.348325,-0.942159,-0.03742,0.333069,0.000444,0.00497,-0.004776,0.034653,-0.017779,0.016025,0.503896
202,0.073203,-0.013357,0.372338,-0.294143,0.310483,-0.90395,-0.135602,-0.949727,-0.28214,-0.945744,0.039195,0.322582,0.015525,0.016835,-0.021,0.063248,0.034746,-0.118121,0.483662,-0.103871,0.016814,0.335412,0.422111,-0.005483,0.906523,-0.058032,0.99773,0.033183,-0.905151,-0.066623,0.419673,-0.028046,0.006105,-0.026189,0.048394,0.135923,-0.204266,0.479325,0.039114,0.026806,-0.016311,-0.37999,0.00937,0.924942,0.058697,-0.997688,0.034221,0.923125,0.067295,0.378562,-0.014046,0.003236,-0.012918,0.022088,0.190329,-0.345916,0.518813,0.074578,0.0186,-0.05754,-0.32319,0.357207,-0.876328,-0.084418,-0.933214,-0.349261,-0.942561,-0.038901,0.33176,0.007779,0.008436,-0.010491,0.063264,0.034734,-0.118087,0.500956
203,0.073319,-0.013004,0.371968,-0.291883,0.312281,-0.904063,-0.14004,-0.948937,-0.282628,-0.9458,0.043715,0.321835,0.001779,0.019985,-0.018978,0.069255,-0.035621,0.031964,0.476153,-0.10446,0.016889,0.334897,0.425003,-0.007859,0.905154,-0.059695,0.997505,0.036817,-0.903692,-0.069686,0.422312,-0.027586,0.003895,-0.028072,0.010301,0.212556,-0.348822,0.484423,0.038809,0.026847,-0.016578,-0.382928,0.011445,0.923707,0.06053,-0.997463,0.037452,0.921792,0.070254,0.381263,-0.020465,0.000847,-0.014072,-0.031646,0.000194,-0.052101,0.51914,0.074629,0.018763,-0.05771,-0.321029,0.359207,-0.876305,-0.089033,-0.932629,-0.349678,-0.942875,-0.034237,0.331383,0.000888,0.009953,-0.009527,0.069563,-0.035901,0.03188,0.494425
204,0.073305,-0.012107,0.371002,-0.278088,0.32357,-0.904442,-0.176036,-0.942749,-0.283208,-0.943959,0.080049,0.320252,0.001466,0.026577,-0.031266,-1.396698,-0.510763,0.552833,0.457228,-0.105743,0.016929,0.333816,0.427626,-0.009452,0.903902,-0.061656,0.997274,0.039724,-0.902324,-0.072722,0.424718,-0.040996,0.001643,-0.028291,0.049245,0.153047,-0.239577,0.487231,0.038184,0.02686,-0.017113,-0.385581,0.012948,0.922582,0.062687,-0.997223,0.040195,0.920541,0.073332,0.383698,-0.013781,0.001907,-0.014072,0.054713,0.144091,-0.218438,0.519303,0.074634,0.019209,-0.058182,-0.309758,0.369482,-0.876088,-0.119817,-0.929231,-0.349531,-0.943235,-0.0033,0.332107,0.000752,0.01329,-0.015625,0.105285,-0.054607,0.047298,0.469441
205,0.073022,-0.010972,0.369639,-0.263429,0.331,-0.90614,-0.205253,-0.936989,-0.282657,-0.94228,0.111109,0.315896,-0.012783,0.035674,-0.042061,0.121398,-0.063278,0.005298,0.449492,-0.10699,0.016918,0.332868,0.431872,-0.014034,0.901821,-0.061313,0.99707,0.045006,-0.900328,-0.074728,0.428589,-0.041486,0.003871,-0.026457,0.063512,0.047705,-0.069504,0.488292,0.037536,0.026851,-0.017612,-0.389756,0.017309,0.920755,0.062585,-0.997013,0.045235,0.918789,0.075256,0.387508,-0.020741,0.002009,-0.013142,0.067107,0.054525,-0.078225,0.519466,0.074494,0.019787,-0.058868,-0.293491,0.37951,-0.877402,-0.154891,-0.924571,-0.348102,-0.94333,0.033736,0.330136,-0.00642,0.017666,-0.021159,0.084342,0.036993,-0.147876,0.450336
206,0.072891,-0.010279,0.368716,-0.25048,0.333777,-0.908789,-0.224947,-0.933036,-0.28074,-0.941332,0.133688,0.309919,0.00101,0.040204,-0.055448,-1.423685,-0.995216,0.317938,0.444535,-0.107653,0.016925,0.332448,0.434519,-0.017095,0.900496,-0.060783,0.996945,0.048383,-0.899092,-0.075752,0.430997,-0.040019,-0.005481,-0.016954,0.027944,0.054763,-0.091594,0.488022,0.03722,0.026856,-0.017817,-0.392491,0.020424,0.919528,0.062198,-0.996875,0.04869,0.917649,0.076304,0.389995,-0.014252,0.00412,-0.012224,0.069313,0.039444,-0.049315,0.519466,0.074424,0.020148,-0.059345,-0.282344,0.38392,-0.879139,-0.174094,-0.921714,-0.346601,-0.943383,0.055191,0.327079,0.00047,0.01992,-0.027876,-1.425432,-1.158976,0.211326,0.443315
207,0.072627,-0.008556,0.366403,-0.223742,0.33533,-0.915171,-0.257585,-0.925883,-0.276339,-0.939733,0.173482,0.294673,-0.012821,0.050394,-0.0653,0.080409,-0.720168,-0.305019,0.431245,-0.109067,0.017051,0.331724,0.444617,-0.028936,0.895248,-0.059612,0.996265,0.061935,-0.89423,-0.080884,0.440083,-0.029429,0.01281,-0.020621,-0.200948,-0.468489,0.597473,0.487904,0.036525,0.026909,-0.018176,-0.401117,0.030247,0.915526,0.061688,-0.996293,0.059942,0.913946,0.080521,0.397764,-0.014714,0.006455,-0.010242,0.072261,0.025598,-0.027142,0.519793,0.074296,0.020972,-0.060452,-0.256199,0.38791,-0.885373,-0.207638,-0.916648,-0.341528,-0.944059,0.096339,0.315389,-0.006746,0.0204,-0.027745,0.119263,-0.184992,-0.018231,0.427966
208,0.072384,-0.006523,0.363673,-0.193666,0.331515,-0.923383,-0.284035,-0.919789,-0.27071,-0.938827,0.209427,0.273442,0.001263,0.055727,-0.077927,0.150217,-0.580241,-0.180614,0.403349,-0.110484,0.017232,0.331228,0.451221,-0.036394,0.891665,-0.059024,0.995721,0.070639,-0.890962,-0.084473,0.445998,-0.041691,0.003095,-0.009713,0.030084,0.039231,-0.067213,0.487608,0.035806,0.027003,-0.018433,-0.409575,0.039724,0.911411,0.061456,-0.99558,0.07101,0.910203,0.085096,0.405323,-0.02086,0.001664,-0.004732,0.033963,0.046798,-0.076976,0.520283,0.074169,0.022003,-0.061839,-0.224512,0.385436,-0.895004,-0.234193,-0.912874,-0.334384,-0.94591,0.134531,0.295217,-0.006185,0.02934,-0.038024,0.136818,-0.695231,-0.279579,0.39988
209,0.071974,-0.004208,0.36056,-0.159138,0.322503,-0.93312,-0.30988,-0.913665,-0.262988,-0.937181,0.246897,0.246497,-0.013181,0.056622,-0.077741,0.096147,-0.864697,-0.370031,0.368344,-0.112151,0.017476,0.330879,0.460118,-0.046717,0.886623,-0.05783,0.994874,0.082561,-0.886488,-0.089217,0.453919,-0.055593,0.003963,-0.007316,-0.871654,-1.569012,1.951555,0.488318,0.034977,0.027126,-0.018607,-0.416976,0.048022,0.907647,0.060839,-0.994888,0.080587,0.906878,0.088824,0.411923,-0.021169,0.003435,-0.003239,0.035627,0.030359,-0.051408,0.520446,0.073964,0.02318,-0.063425,-0.190251,0.379857,-0.905269,-0.260165,-0.908651,-0.326599,-0.946635,0.173383,0.271698,-0.006597,0.028119,-0.039014,0.084301,-0.762686,-0.300421,0.350402
210,0.071658,-0.003017,0.358941,-0.145147,0.316306,-0.937512,-0.323121,-0.910696,-0.257289,-0.934996,0.265186,0.235556,-0.012626,0.06552,-0.088016,-1.383505,-1.077893,0.119198,0.359404,-0.11313,0.017606,0.330729,0.463396,-0.05056,0.884703,-0.056928,0.994566,0.086787,-0.884841,-0.090532,0.456863,-0.055691,0.004751,-0.006682,0.042916,-0.051418,0.071263,0.487904,0.034488,0.027193,-0.018681,-0.421977,0.053786,0.905009,0.060149,-0.994378,0.087142,0.904608,0.091207,0.41637,-0.027902,0.002708,-0.003028,0.034033,0.046328,-0.081859,0.520446,0.073811,0.023752,-0.064201,-0.17615,0.37418,-0.910472,-0.272095,-0.907406,-0.320277,-0.946009,0.191318,0.261652,-0.006814,0.027689,-0.039521,-5.046462,-2.263826,0.941033,0.330808
211,0.070753,-0.000685,0.355717,-0.132121,0.301902,-0.944164,-0.35121,-0.904929,-0.240266,-0.926779,0.299474,0.226765,-0.027879,0.056691,-0.078318,-0.665614,1.221728,-2.269061,0.351026,-0.115404,0.01786,0.330474,0.474429,-0.063932,0.877964,-0.053723,0.993351,0.101496,-0.879188,-0.095253,0.466711,-0.055882,0.006478,-0.005304,0.037809,-0.08031,0.111709,0.487744,0.033376,0.027319,-0.018806,-0.433237,0.067077,0.898779,0.05767,-0.993119,0.101916,0.899432,0.095987,0.426388,-0.027937,0.003221,-0.00263,-0.041357,-0.205049,0.263306,0.520773,0.073374,0.024899,-0.065788,-0.158805,0.362216,-0.918466,-0.301997,-0.903504,-0.3041,-0.939988,0.229081,0.252869,-0.014131,0.027651,-0.039735,0.083843,-0.18169,0.208225,0.307294
212,0.069501,0.001252,0.352852,-0.137276,0.28769,-0.947858,-0.393199,-0.894073,-0.214475,-0.908993,0.342892,0.237033,-0.044468,0.03704,-0.060181,-0.08916,0.564038,-0.435111,0.351778,-0.117894,0.018083,0.330269,0.484313,-0.076501,0.871539,-0.048873,0.992201,0.114382,-0.874077,-0.097909,0.475676,-0.069276,0.005367,-0.004718,0.05047,-0.171792,0.249666,0.485077,0.032084,0.027436,-0.018912,-0.443486,0.079745,0.892726,0.053314,-0.991922,0.115091,0.894693,0.098637,0.435653,-0.034639,0.002697,-0.002308,0.053339,-0.166181,0.242494,0.520773,0.072727,0.025909,-0.067281,-0.164962,0.346393,-0.923471,-0.344719,-0.897498,-0.275072,-0.924097,0.272962,0.267461,-0.022222,0.018406,-0.030161,-0.111494,0.701803,-0.412286,0.298313
213,0.068698,0.002087,0.35155,-0.147431,0.284527,-0.947288,-0.420122,-0.885026,-0.200496,-0.895244,0.368058,0.251195,-0.043255,0.047735,-0.068964,0.002388,0.78698,-0.312002,0.354403,-0.119243,0.018179,0.330197,0.488432,-0.082013,0.868734,-0.045918,0.99173,0.119573,-0.871946,-0.098204,0.47951,-0.069343,0.006272,-0.004022,0.05703,-0.160078,0.234442,0.481976,0.031436,0.027481,-0.018946,-0.447601,0.085078,0.890176,0.050719,-0.991445,0.12026,0.892793,0.098977,0.439457,-0.034638,0.002921,-0.002148,0.056041,-0.14226,0.207042,0.520773,0.072341,0.026306,-0.067908,-0.173945,0.34225,-0.923367,-0.372063,-0.891001,-0.260163,-0.911763,0.298297,0.282324,-0.022226,0.018424,-0.030184,-0.652569,1.727989,-1.7033,0.297986
214,0.066851,0.003471,0.349423,-0.162469,0.294439,-0.941782,-0.489109,-0.852934,-0.182341,-0.856771,0.430639,0.283761,-0.044268,0.030427,-0.048161,-5.099056,-0.657445,1.846378,0.357556,-0.122124,0.018321,0.330133,0.49525,-0.091303,0.863934,-0.040186,0.99094,0.127895,-0.868383,-0.097957,0.485982,-0.08118,-0.005063,0.005223,0.019079,-0.137055,0.183493,0.476318,0.029969,0.027553,-0.018981,-0.4547,0.094472,0.885619,0.045263,-0.990622,0.128912,0.889493,0.098702,0.44616,-0.040603,-0.002461,0.002714,0.019667,-0.136074,0.182238,0.520772,0.071399,0.02701,-0.069003,-0.192005,0.352134,-0.916043,-0.441044,-0.864802,-0.239992,-0.876705,0.357936,0.321353,-0.022096,0.015321,-0.02401,-5.082161,-0.703408,1.830551,0.300762
215,0.064806,0.004547,0.348078,-0.178285,0.322874,-0.929522,-0.537302,-0.823286,-0.182973,-0.824126,0.466407,0.321417,-0.057234,0.020779,-0.021418,-0.277867,0.829252,0.165657,0.345824,-0.125206,0.018484,0.33017,0.506361,-0.105564,0.85583,-0.034268,0.989179,0.142422,-0.862217,-0.101325,0.496162,-0.082942,0.008595,-0.000843,0.055248,-0.144969,0.203038,0.467838,0.02846,0.027631,-0.018963,-0.466103,0.108632,0.878035,0.040119,-0.988817,0.143634,0.88382,0.102174,0.456532,-0.041489,0.004385,-0.000296,0.058205,-0.139125,0.195785,0.520772,0.070395,0.027532,-0.069674,-0.207915,0.378713,-0.901857,-0.492121,-0.837315,-0.238157,-0.845333,0.394306,0.360463,-0.027712,0.016312,-0.014491,-1.249939,1.868237,-1.08216,0.294231
216,0.062501,0.005314,0.347688,-0.192049,0.362406,-0.912044,-0.58236,-0.790068,-0.191369,-0.789698,0.493931,0.363917,-0.055182,0.018749,-0.005155,0.121307,0.865367,0.94556,0.335258,-0.128351,0.018719,0.33033,0.523284,-0.122976,0.843233,-0.026998,0.986589,0.160774,-0.852331,-0.106755,0.511859,-0.068214,0.002185,0.009367,-0.002111,-0.202385,0.263675,0.464312,0.026913,0.027746,-0.018887,-0.483506,0.125588,0.866284,0.033794,-0.986237,0.161839,0.874688,0.107525,0.472608,-0.040755,-7.1e-05,0.004518,-0.28316,-0.674037,0.852606,0.520773,0.069268,0.027911,-0.069879,-0.223339,0.413559,-0.882659,-0.539027,-0.806876,-0.241661,-0.812138,0.421805,0.403126,-0.02751,0.00954,-0.002393,-0.35549,1.092849,0.274334,0.276759
217,0.061291,0.005562,0.347843,-0.198103,0.38124,-0.903027,-0.605826,-0.771815,-0.192999,-0.770309,0.508365,0.384988,-0.054743,0.012544,0.007458,-0.430022,0.931825,1.04909,0.330009,-0.129797,0.018868,0.330445,0.531516,-0.129573,0.837075,-0.023133,0.985587,0.167387,-0.847344,-0.108183,0.519778,-0.069873,0.015344,0.002973,0.099261,-0.286438,0.184399,0.460353,0.02616,0.027819,-0.018828,-0.492076,0.132615,0.860391,0.030097,-0.985146,0.169057,0.870031,0.109084,0.480776,-0.04081,0.000851,0.005232,0.086569,-0.377955,0.254013,0.520936,0.068636,0.02804,-0.069805,-0.230647,0.43191,-0.871926,-0.563087,-0.790047,-0.2424,-0.793557,0.435062,0.425425,-0.034702,0.002958,0.009447,-1.854116,0.62149,0.69959,0.269574
218,0.058638,0.006051,0.348778,-0.202638,0.419173,-0.88503,-0.652768,-0.731465,-0.197042,-0.729718,0.537266,0.422947,-0.065638,0.01518,0.026939,-0.528795,0.465358,0.779054,0.324555,-0.132711,0.019247,0.330727,0.543254,-0.13763,0.828206,-0.020565,0.983938,0.177138,-0.839943,-0.113102,0.530629,-0.069699,0.016295,0.003556,0.076177,-0.281521,0.389736,0.454685,0.024702,0.028011,-0.018684,-0.504308,0.140252,0.852057,0.028112,-0.983532,0.178531,0.863066,0.113988,0.49206,-0.040837,0.00212,0.006169,0.011558,-0.141165,0.21336,0.521099,0.067289,0.028289,-0.069336,-0.23797,0.470597,-0.849651,-0.612714,-0.751492,-0.244622,-0.753625,0.46238,0.467174,-0.03263,0.008076,0.013946,-0.530155,0.419581,0.748317,0.256184
219,0.055707,0.006676,0.350224,-0.201357,0.449436,-0.870349,-0.685207,-0.699534,-0.202767,-0.699727,0.554979,0.449897,-0.063035,0.021205,0.032104,-4.945907,-0.638332,2.360074,0.326611,-0.135598,0.019824,0.330978,0.554861,-0.140811,0.819935,-0.024333,0.982345,0.185309,-0.832228,-0.122608,0.54058,-0.069491,0.017233,0.00412,0.055633,-0.162524,0.230368,0.447387,0.023258,0.028301,-0.018557,-0.5162,0.143702,0.844326,0.032244,-0.981863,0.186823,0.85586,0.123663,0.502204,-0.03481,0.009073,0.00249,0.054326,-0.170011,0.253311,0.519956,0.06585,0.028597,-0.068621,-0.240454,0.498667,-0.832773,-0.642534,-0.724839,-0.248511,-0.727551,0.47533,0.494701,-0.038953,0.007192,0.021662,-0.49326,0.703116,-0.535735,0.253408
220,0.054202,0.007014,0.351051,-0.200974,0.461098,-0.864317,-0.694592,-0.689192,-0.206225,-0.690528,0.558325,0.459861,-0.077061,0.016153,0.044653,-0.453862,0.471085,0.565601,0.329139,-0.136952,0.020162,0.331048,0.557737,-0.140419,0.818049,-0.027489,0.981862,0.187419,-0.830207,-0.126854,0.542704,-0.069383,0.017663,0.004375,-0.077643,-0.098757,0.007233,0.444049,0.022581,0.02847,-0.018523,-0.519141,0.143496,0.842556,0.035288,-0.981365,0.188879,0.853959,0.127787,0.504404,-0.041307,0.007718,0.002023,-0.355403,-0.240255,-0.072302,0.510975,0.065103,0.028771,-0.068211,-0.237842,0.509143,-0.827165,-0.656305,-0.712027,-0.249559,-0.716026,0.483517,0.503504,-0.038512,0.008186,0.022474,-1.474485,0.317182,0.915481,0.255204
221,0.051248,0.007671,0.35279,-0.202984,0.47237,-0.857735,-0.707891,-0.675957,-0.2048,-0.676289,0.565022,0.472663,-0.076268,0.017742,0.04578,-0.050361,0.351471,-0.016608,0.349468,-0.139583,0.020936,0.331087,0.565116,-0.149442,0.811358,-0.022326,0.980267,0.196244,-0.825364,-0.12884,0.54958,-0.068871,0.015675,0.002569,0.041633,-0.05708,0.065123,0.439215,0.021265,0.028861,-0.018499,-0.526889,0.152515,0.836137,0.030645,-0.979719,0.198016,0.849381,0.129956,0.511529,-0.028512,0.014347,-0.002572,0.07026,0.014419,-0.032696,0.494483,0.063628,0.029104,-0.067337,-0.240394,0.520772,-0.81915,-0.670724,-0.699143,-0.247642,-0.701669,0.489892,0.517364,-0.038137,0.008933,0.022995,-0.04145,0.424415,0.023943,0.268104
222,0.048343,0.008131,0.35465,-0.197998,0.480535,-0.854358,-0.719902,-0.662778,-0.206005,-0.665004,0.573665,0.478231,-0.076653,0.016713,0.044607,-0.069276,0.130434,-0.140016,0.363064,-0.142045,0.021726,0.33099,0.572966,-0.158612,0.804079,-0.017637,0.97842,0.205713,-0.820055,-0.131861,0.556764,-0.055146,0.01476,0.000334,0.044265,-0.071649,0.09257,0.439091,0.020055,0.029248,-0.018543,-0.534993,0.161598,0.829257,0.026474,-0.977848,0.207633,0.844441,0.133036,0.518864,-0.027565,0.007249,0.000104,0.03341,0.041756,-0.079966,0.483542,0.062178,0.029339,-0.066402,-0.235961,0.529368,-0.814917,-0.683433,-0.68656,-0.248097,-0.690825,0.4984,0.523789,-0.03923,0.002798,0.026509,-0.106949,0.117052,-0.182954,0.292108
223,0.045561,0.008149,0.356603,-0.183497,0.490926,-0.851684,-0.725305,-0.652365,-0.219829,-0.663308,0.57678,0.476839,-0.066924,-0.002314,0.046829,-0.084318,0.314362,-0.051915,0.37427,-0.14422,0.022433,0.330767,0.577157,-0.167533,0.799259,-0.013329,0.976605,0.214476,-0.817196,-0.134241,0.560387,-0.055967,0.022731,-0.010287,0.077775,-0.074653,0.11568,0.441831,0.018942,0.02961,-0.018652,-0.539239,0.170685,0.824673,0.022544,-0.975968,0.21674,0.84185,0.135466,0.522433,-0.027288,0.005196,-0.001611,0.05392,-0.066944,0.057698,0.47848,0.060787,0.029362,-0.06542,-0.221729,0.539647,-0.812168,-0.689467,-0.675746,-0.26077,-0.689543,0.502143,0.521901,-0.034302,-0.006535,0.027784,-0.114539,0.332817,0.165985,0.305988
224,0.044256,0.007923,0.357578,-0.17351,0.494,-0.852,-0.723406,-0.650913,-0.230147,-0.668062,0.575792,0.471363,-0.05493,-0.009058,0.041937,0.029511,-0.096035,0.220197,0.38141,-0.14525,0.022788,0.330606,0.577498,-0.171963,0.79807,-0.011282,0.975726,0.218551,-0.816986,-0.135012,0.560508,-0.042601,0.023303,-0.011165,0.073516,-0.075978,0.154552,0.441129,0.018421,0.029786,-0.018733,-0.539544,0.17516,0.823535,0.020713,-0.975062,0.220958,0.841701,0.136274,0.522462,-0.027858,0.010434,-0.005876,0.074682,0.040275,-0.083044,0.475214,0.060131,0.029253,-0.064929,-0.212485,0.543674,-0.811952,-0.687778,-0.673458,-0.270951,-0.694126,0.50087,0.517027,-0.035108,-0.00818,0.026314,0.339396,-0.356434,0.609336,0.316438
225,0.041712,0.007213,0.359542,-0.151898,0.500832,-0.852139,-0.719753,-0.646875,-0.251953,-0.677232,0.574433,0.459795,-0.070923,-0.017484,0.051451,-0.095164,0.016665,0.049857,0.379568,-0.147172,0.02343,0.330214,0.577773,-0.180192,0.796053,-0.007627,0.974027,0.226158,-0.816835,-0.136525,0.560362,-0.040939,0.008608,-0.006127,-0.141868,0.426997,0.201906,0.438249,0.017481,0.030107,-0.018925,-0.541969,0.181527,0.820558,0.017318,-0.973772,0.22686,0.840219,0.137162,0.524611,-0.02047,0.00436,-0.002984,0.040673,0.027136,-0.080392,0.46656,0.058863,0.028898,-0.063954,-0.191045,0.551647,-0.811902,-0.68451,-0.667704,-0.292602,-0.703524,0.499855,0.505169,-0.036537,-0.014567,0.029713,-0.034073,-0.120715,0.31027,0.326399
226,0.039048,0.006351,0.361714,-0.123241,0.512471,-0.849841,-0.714701,-0.639909,-0.282296,-0.688344,0.571952,0.446184,-0.058296,-0.029701,0.05988,-0.122473,-0.063507,0.243569,0.362977,-0.148795,0.023926,0.329802,0.580766,-0.187319,0.792221,-0.004557,0.972338,0.233393,-0.814735,-0.138932,0.562822,-0.040756,0.007039,-0.007428,0.003698,0.015657,0.160652,0.435544,0.016648,0.03036,-0.019137,-0.543285,0.190409,0.81767,0.014621,-0.971647,0.23598,0.83942,0.14016,0.525097,-0.020357,0.003321,-0.003846,-0.013294,0.142299,0.000734,0.456599,0.057523,0.028465,-0.062877,-0.163298,0.564836,-0.808883,-0.680177,-0.658343,-0.322401,-0.714627,0.497537,0.491694,-0.035149,-0.007754,0.026589,-0.000121,-0.151662,0.314014,0.313172
227,0.037652,0.005985,0.362909,-0.109383,0.517015,-0.848985,-0.712863,-0.635979,-0.295516,-0.692595,0.57224,0.439183,-0.070419,-0.022803,0.064729,-0.151039,-0.028873,0.174265,0.359427,-0.149539,0.024146,0.329605,0.582415,-0.189064,0.790594,-0.003346,0.971945,0.235043,-0.813564,-0.139311,0.564419,-0.040766,0.007525,-0.007051,0.029804,0.037304,-0.068245,0.436749,0.016277,0.030467,-0.019238,-0.545013,0.192293,0.816078,0.013324,-0.971234,0.237751,0.838321,0.140451,0.526773,-0.014393,0.009999,-0.007558,0.077561,0.003816,-0.031432,0.453334,0.056828,0.028276,-0.062284,-0.149656,0.569959,-0.807929,-0.678711,-0.653425,-0.335242,-0.718995,0.498179,0.484626,-0.034427,-0.006138,0.027971,-0.099739,-0.068954,0.212257,0.304028
228,0.034846,0.005515,0.365234,-0.098731,0.529305,-0.842694,-0.713439,-0.627949,-0.310897,-0.693613,0.569854,0.440674,-0.081005,-0.005442,0.060509,0.337116,-0.169705,0.853777,0.372036,-0.150777,0.024517,0.329271,0.585733,-0.192656,0.787269,-0.001078,0.971087,0.238586,-0.811187,-0.140365,0.567571,-0.027502,0.008118,-0.007855,0.032432,0.020661,-0.039986,0.437373,0.015653,0.030653,-0.019404,-0.548548,0.195755,0.81288,0.011225,-0.970395,0.241261,0.836043,0.141468,0.53011,-0.013736,0.003906,-0.004027,0.046647,-0.087862,0.123494,0.450558,0.055429,0.028035,-0.06112,-0.140392,0.582003,-0.800975,-0.680332,-0.644458,-0.349029,-0.719331,0.495928,0.486432,-0.033744,-0.004567,0.029265,1.38091,-0.947714,2.317974,0.304028
229,0.032056,0.005226,0.367599,-0.092622,0.545307,-0.833131,-0.713324,-0.620057,-0.326605,-0.694581,0.56336,0.447448,-0.067162,-0.008353,0.05899,-0.0717,0.221679,0.152767,0.404628,-0.1519,0.024755,0.329034,0.586516,-0.192821,0.786645,-0.000859,0.971033,0.238804,-0.810622,-0.140507,0.568342,-0.027527,0.008901,-0.007238,0.018824,0.130349,-0.205302,0.42991,0.015091,0.030769,-0.019524,-0.549426,0.196015,0.812224,0.010949,-0.97032,0.241574,0.83547,0.14162,0.530973,-0.013165,-0.001274,0.000239,-0.003942,0.031044,-0.059369,0.440923,0.054031,0.027895,-0.059934,-0.134479,0.598472,-0.789776,-0.680629,-0.635044,-0.365326,-0.72018,0.488415,0.492737,-0.033471,-0.003886,0.029798,0.038397,0.132695,0.273713,0.33587
230,0.02967,0.004817,0.369743,-0.079914,0.565364,-0.820989,-0.709763,-0.610514,-0.3514,-0.699803,0.55392,0.451083,-0.055323,-0.015292,0.054076,-0.055104,0.212705,0.405858,0.411683,-0.152868,0.024856,0.328928,0.587137,-0.192732,0.786203,-0.001259,0.970957,0.23911,-0.810171,-0.141149,0.568825,-0.026353,-0.002214,0.000691,-0.017654,0.140306,-0.223686,0.425144,0.014597,0.030823,-0.01958,-0.549986,0.195787,0.8119,0.011441,-0.970276,0.241729,0.835095,0.142237,0.531398,-0.013177,-0.001089,0.000377,-0.017396,0.140962,-0.224562,0.429167,0.052835,0.027697,-0.058856,-0.122795,0.617875,-0.776628,-0.677853,-0.62379,-0.389102,-0.72487,0.47866,0.495426,-0.027793,-0.007844,0.026911,0.048461,0.28695,0.387325,0.362813
