frame,MLTx,MLTy,MLTz,MLTR1,MLTR2,MLTR3,MLTR4,MLTR5,MLTR6,MLTR7,MLTR8,MLTR9,MLTTVx,MLTTVy,MLTTVz,MLTRVx,MLTRVy,MLTRVz,MLGA,MRTx,MRTy,MRTz,MRTR1,MRTR2,MRTR3,MRTR4,MRTR5,MRTR6,MRTR7,MRTR8,MRTR9,MRTTVx,MRTTVy,MRTTVz,MRTRVx,MRTRVy,MRTRVz,MRGA,SLTx,SLTy,SLTz,SLTR1,SLTR2,SLTR3,SLTR4,SLTR5,SLTR6,SLTR7,SLTR8,SLTR9,SLTTVx,SLTTVy,SLTTVz,SLTRVx,SLTRVy,SLTRVz,SLGA,SRTx,SRTy,SRTz,SRTR1,SRTR2,SRTR3,SRTR4,SRTR5,SRTR6,SRTR7,SRTR8,SRTR9,SRTTVx,SRTTVy,SRTTVz,SRTRVx,SRTRVy,SRTRVz,SRGA
1250,0.199615,-0.013416,0.313317,-0.808739,-0.261652,-0.526807,0.111694,-0.947647,0.299103,-0.576483,0.183374,0.796284,-0.01404,-0.011195,0.008916,-0.51293,-0.696223,-0.008078,-0.217339,-0.178074,-0.005229,0.307785,-0.72996,-0.491996,0.474436,0.653433,-0.705687,0.273798,0.201002,0.510493,0.835977,-0.000314,-0.010744,-0.011094,-0.346756,0.468723,0.267319,0.168191,0.037726,0.051759,-0.002106,0.780552,0.454062,0.42961,-0.599785,0.737606,0.310152,-0.176055,-0.499764,0.84808,-0.000156,-0.005631,-0.005815,-0.042947,-0.129134,0.037433,-0.027394,0.102403,0.042814,-0.04774,0.794943,0.282136,-0.537088,-0.141349,0.947054,0.288284,0.589987,-0.153253,0.792734,-0.014621,-0.000221,0.000604,-0.624382,-0.825183,-0.096154,-0.564188
1251,0.198904,-0.013446,0.31337,-0.790828,-0.266489,-0.551018,0.09907,-0.944118,0.314322,-0.603007,0.194311,0.773727,-0.014605,-0.000549,0.000237,-0.446484,-0.690652,0.020116,0.000199,-0.178076,-0.005634,0.307336,-0.726539,-0.495769,0.475758,0.658917,-0.698792,0.278303,0.195384,0.516307,0.833736,-0.000313,-0.010621,-0.011015,-0.05183,0.08734,0.026554,0.227951,0.037725,0.051557,-0.002329,0.777842,0.456193,0.432259,-0.604598,0.730918,0.316573,-0.171528,-0.507587,0.844353,-0.000154,-0.00548,-0.005681,-0.041675,0.096702,0.004871,0.064375,0.102042,0.042796,-0.047708,0.776412,0.286134,-0.561524,-0.128258,0.944084,0.303733,0.617035,-0.163802,0.769698,-0.007305,-0.000308,9.8e-05,-0.453124,-0.69574,0.017906,-0.333458
1252,0.198712,-0.013366,0.313256,-0.78049,-0.268824,-0.56446,0.091902,-0.942377,0.321639,-0.617428,0.19949,0.760929,-0.015113,0.008266,-0.010331,-0.621477,-1.039312,0.038677,0.048782,-0.178083,-0.005812,0.307122,-0.723835,-0.498096,0.477447,0.662556,-0.694656,0.280012,0.193087,0.519644,0.832196,-0.000291,-0.009821,-0.010205,-0.018245,0.039338,-0.007387,0.26894,0.037722,0.051467,-0.002438,0.775411,0.458519,0.434162,-0.608267,0.72699,0.318584,-0.169555,-0.511121,0.842618,-0.000143,-0.005053,-0.00525,0.013632,0.011829,-0.01494,0.113036,0.101946,0.042839,-0.047762,0.766655,0.287155,-0.574265,-0.121101,0.943031,0.30988,0.630534,-0.168027,0.757754,-0.007554,0.004055,-0.005237,-0.546606,-0.970444,0.070122,-0.245935
1253,0.198695,-0.013064,0.312845,-0.759008,-0.277621,-0.588965,0.084353,-0.938863,0.333755,-0.644672,0.203981,0.736761,0.013541,0.019897,-0.019579,-0.347205,-0.741058,0.116141,0.169444,-0.178199,-0.006061,0.306665,-0.720501,-0.498827,0.481706,0.66645,-0.689809,0.28274,0.192141,0.525375,0.82881,-0.014711,-0.010117,-0.00933,-0.13418,0.218623,0.079434,0.350787,0.037669,0.051344,-0.002665,0.772136,0.460308,0.438088,-0.612635,0.722325,0.320816,-0.168768,-0.516102,0.839734,-0.000144,-0.005031,-0.005248,-0.217694,0.290947,0.147525,0.226523,0.101932,0.042981,-0.047962,0.744142,0.295778,-0.598971,-0.113367,0.939544,0.323114,0.658331,-0.17254,0.732686,-0.000232,0.003714,-0.006,-0.495587,-0.818731,-0.022822,-0.092768
1254,0.198919,-0.01259,0.312155,-0.735427,-0.289346,-0.612756,0.078056,-0.934422,0.347468,-0.672199,0.208063,0.710553,-0.000982,0.016118,-0.0227,-0.46872,-0.869683,-0.033239,0.258818,-0.178534,-0.006362,0.305947,-0.715744,-0.49761,0.489985,0.670833,-0.684691,0.284806,0.194654,0.533172,0.823225,-0.014964,-0.017134,-0.016748,-0.169899,0.284981,0.091326,0.381008,0.037508,0.051208,-0.003002,0.767717,0.459621,0.446495,-0.617316,0.717356,0.322987,-0.171844,-0.523592,0.834458,-0.000647,-0.003086,-0.013102,-0.286471,0.425997,0.229985,0.30082,0.102044,0.043215,-0.048295,0.721139,0.305556,-0.621766,-0.107174,0.93588,0.335619,0.684449,-0.17539,0.707648,-0.000199,0.002611,-0.007152,-0.262194,-0.5974,0.130352,0.065624
1255,0.19927,-0.01211,0.311122,-0.71568,-0.294217,-0.63347,0.067501,-0.931855,0.356458,-0.69429,0.21271,0.687563,0.013211,0.021442,-0.037743,-0.301536,-0.741705,0.070288,0.274935,-0.17914,-0.006763,0.304845,-0.697603,-0.497527,0.515565,0.68411,-0.676158,0.27338,0.213453,0.54404,0.81137,-0.030472,-0.012721,-0.030851,-0.028245,0.236908,-0.077895,0.392614,0.037205,0.051006,-0.003555,0.751268,0.459317,0.473944,-0.631358,0.709388,0.313295,-0.192309,-0.534597,0.822935,-0.007995,-0.006431,-0.016093,0.078081,0.210585,0.003896,0.329722,0.102219,0.043465,-0.048808,0.700168,0.310067,-0.643134,-0.09613,0.933515,0.345409,0.707476,-0.18002,0.683425,-0.000386,0.004754,-0.014812,-0.483578,-0.890945,-0.04142,0.148249
1256,0.199527,-0.011905,0.310446,-0.702032,-0.302245,-0.64486,0.06735,-0.929608,0.362303,-0.7081,0.211287,0.673779,0.013299,0.01836,-0.041006,-0.452948,-0.990855,-0.10016,0.263167,-0.179568,-0.006963,0.304115,-0.686244,-0.490198,0.537371,0.68806,-0.676874,0.261438,0.236425,0.549768,0.801075,-0.016905,-0.003988,-0.042819,0.32394,0.722015,-0.207149,0.395695,0.036986,0.050902,-0.003916,0.740989,0.452872,0.495823,-0.636015,0.710205,0.301816,-0.215452,-0.538994,0.814288,-0.015693,-0.002712,-0.021542,1.19198,2.12748,-1.269593,0.339193,0.102353,0.043576,-0.04916,0.686459,0.316873,-0.654494,-0.09578,0.931619,0.350585,0.720831,-0.177975,0.669869,0.006678,0.008862,-0.020837,-0.371806,-0.910208,-0.060187,0.151678
1257,0.20006,-0.011504,0.308765,-0.670877,-0.321273,-0.668396,0.072721,-0.92546,0.371763,-0.737179,0.201194,0.64507,0.013516,0.011527,-0.048347,-0.523503,-1.037476,-0.145253,0.265955,-0.180598,-0.007258,0.302382,-0.663306,-0.470754,0.581727,0.691741,-0.682115,0.236953,0.286077,0.560167,0.777326,-0.031656,-0.007606,-0.045827,0.276971,0.697264,0.10511,0.41925,0.036476,0.050752,-0.004785,0.719468,0.434852,0.541541,-0.641175,0.71556,0.27725,-0.266943,-0.546695,0.793639,-0.008544,-0.00362,-0.023296,1.146704,2.240897,-0.960539,0.361238,0.102614,0.043774,-0.049981,0.655052,0.334292,-0.677609,-0.101135,0.927525,0.359817,0.748783,-0.167169,0.641387,0.006793,0.005518,-0.024431,-0.20889,-0.639651,0.084599,0.144656
1258,0.200566,-0.011041,0.306695,-0.638484,-0.337391,-0.691774,0.072791,-0.921254,0.382052,-0.765408,0.193993,0.613631,0.013086,0.018274,-0.061378,-0.337191,-0.865139,-0.055982,0.29728,-0.181844,-0.007333,0.300315,-0.650807,-0.446638,0.613968,0.686554,-0.691336,0.225015,0.32476,0.568523,0.755762,-0.03266,0.000926,-0.057141,-0.01298,0.249974,0.496799,0.421329,0.035841,0.050711,-0.005837,0.707498,0.410836,0.575029,-0.636133,0.724669,0.264931,-0.307862,-0.553234,0.774049,-0.016309,0.000246,-0.028778,-0.003072,0.224051,0.502032,0.382139,0.102872,0.044008,-0.051035,0.620517,0.350013,-0.701746,-0.100533,0.922986,0.371467,0.777722,-0.159953,0.607917,0.006587,0.008866,-0.030977,-0.351865,-0.879203,-0.064461,0.174702
1259,0.201251,-0.010484,0.304192,-0.596724,-0.36751,-0.713374,0.094956,-0.915073,0.391915,-0.796082,0.166577,0.581836,0.012673,0.024698,-0.07491,0.133356,-0.982061,-0.275174,0.327383,-0.183343,-0.007376,0.297964,-0.641806,-0.425621,0.637905,0.680641,-0.699249,0.218433,0.353874,0.574909,0.737642,-0.047612,-0.002969,-0.060792,-0.01974,0.351844,0.255152,0.408435,0.035109,0.050691,-0.00699,0.69891,0.390543,0.599165,-0.630256,0.732321,0.257841,-0.338084,-0.557835,0.75797,-0.024111,0.004262,-0.034179,0.213945,0.866782,-0.014559,0.374464,0.103209,0.044277,-0.052259,0.577824,0.378417,-0.72313,-0.122015,0.91611,0.381907,0.806988,-0.132442,0.575524,0.014015,0.006567,-0.034076,0.849671,-1.562937,-1.020669,0.217974
1260,0.201672,-0.010137,0.3028,-0.576213,-0.379015,-0.724135,0.100614,-0.912147,0.397287,-0.810381,0.15653,0.564631,0.012714,0.024125,-0.075748,-0.240667,-0.831138,-0.017083,0.339032,-0.184202,-0.007339,0.296676,-0.637067,-0.418273,0.647445,0.679852,-0.700613,0.216511,0.363831,0.578622,0.729854,-0.048458,0.007817,-0.069557,-0.247163,0.465046,0.386797,0.405854,0.034679,0.050704,-0.007632,0.694266,0.384853,0.608178,-0.629701,0.734017,0.254352,-0.348526,-0.559559,0.751945,-0.01655,-0.001804,-0.031461,0.069312,0.113447,-0.052462,0.367769,0.10342,0.044447,-0.052958,0.556747,0.389309,-0.733804,-0.128035,0.913037,0.387257,0.820755,-0.121652,0.558176,0.014059,0.006288,-0.034491,-0.374391,-0.97465,-0.094787,0.237569
1261,0.202598,-0.009104,0.299759,-0.536916,-0.396817,-0.744515,0.102038,-0.906558,0.409527,-0.836788,0.144401,0.528168,0.026814,0.035675,-0.084732,-0.440336,-1.201372,-0.22602,0.372494,-0.186043,-0.006904,0.29391,-0.625137,-0.412022,0.662897,0.683429,-0.69906,0.210173,0.377577,0.584946,0.71773,-0.04922,0.021365,-0.075529,-0.193456,0.6235,0.047664,0.404287,0.033759,0.05091,-0.00902,0.683311,0.379212,0.623925,-0.633457,0.732843,0.248339,-0.363066,-0.564923,0.740975,-0.024551,0.010931,-0.037433,0.158919,0.166466,-0.246139,0.361401,0.103877,0.044957,-0.054478,0.518218,0.404404,-0.753596,-0.129522,0.908089,0.398242,0.845383,-0.108769,0.522967,0.013448,0.018162,-0.041996,-0.177766,-0.849921,0.02785,0.280024
1262,0.20371,-0.007631,0.296424,-0.503371,-0.42015,-0.755075,0.096902,-0.895781,0.433773,-0.858007,0.145697,0.492568,0.026802,0.036685,-0.084053,-0.503377,-0.99326,-0.630937,0.37557,-0.187962,-0.005791,0.291011,-0.616057,-0.404579,0.675855,0.686234,-0.696786,0.208579,0.387295,0.592798,0.706014,-0.049021,0.026613,-0.070063,-0.207179,0.639718,0.099933,0.405473,0.032799,0.05146,-0.010477,0.674629,0.372056,0.637533,-0.636501,0.730597,0.247169,-0.373819,-0.572538,0.729697,-0.024766,0.019253,-0.038562,-0.206952,0.68312,0.163844,0.361891,0.104434,0.04569,-0.056148,0.483522,0.426362,-0.764474,-0.123553,0.897853,0.422604,0.866568,-0.109885,0.48681,0.013118,0.024516,-0.045367,-0.673336,-0.89279,-1.047818,0.312682
1263,0.204241,-0.006816,0.294785,-0.483373,-0.430489,-0.762283,0.093438,-0.891153,0.443946,-0.869826,0.143896,0.471937,0.026801,0.036878,-0.08404,-0.454221,-1.140009,-0.440892,0.354716,-0.189004,-0.005075,0.289517,-0.612249,-0.399461,0.682329,0.686836,-0.696083,0.208947,0.392242,0.597075,0.69965,-0.049694,0.037811,-0.078236,-0.072471,0.501403,0.024208,0.403078,0.032279,0.051818,-0.011216,0.671013,0.366077,0.644769,-0.636976,0.729695,0.248606,-0.379477,-0.577521,0.722817,-0.032125,0.018834,-0.038599,-0.18781,0.660524,0.057737,0.361238,0.104699,0.046098,-0.056968,0.462862,0.436286,-0.77163,-0.11972,0.893283,0.433256,0.878308,-0.108158,0.465699,0.013107,0.024606,-0.045364,-0.487669,-1.29376,-0.480127,0.303212
1264,0.205221,-0.004757,0.29112,-0.449882,-0.449128,-0.771969,0.066649,-0.878846,0.472398,-0.890052,0.161626,0.426276,0.02543,0.059925,-0.099617,-0.475785,-1.296312,-0.505142,0.337399,-0.191192,-0.00371,0.286461,-0.605732,-0.38199,0.697971,0.686654,-0.694031,0.216241,0.402553,0.610726,0.681782,-0.064575,0.035757,-0.080064,-0.101232,0.560557,0.032572,0.3828,0.03119,0.052506,-0.012738,0.664566,0.348404,0.661033,-0.636442,0.727448,0.256435,-0.391525,-0.591129,0.705176,-0.024664,0.011594,-0.037355,-0.202953,0.661742,0.086749,0.344255,0.105199,0.047142,-0.058831,0.427852,0.454031,-0.781535,-0.091944,0.882053,0.462091,0.899159,-0.125849,0.419134,0.012786,0.029907,-0.049863,-0.538738,-1.367991,-0.55157,0.266471
1265,0.206159,-0.002373,0.287144,-0.412737,-0.483109,-0.772204,0.0471,-0.857964,0.511519,-0.909132,0.175348,0.377834,0.025459,0.058486,-0.101672,-0.575243,-1.474643,-0.649012,0.36825,-0.193428,-0.002495,0.283239,-0.597971,-0.356809,0.717711,0.685843,-0.691056,0.228022,0.41535,0.629033,0.657013,-0.064949,0.03294,-0.084077,-0.3744,0.961585,0.312879,0.366701,0.030048,0.053128,-0.014377,0.656429,0.3248,0.680885,-0.635386,0.724597,0.266912,-0.406674,-0.607834,0.68202,-0.032436,0.016314,-0.042174,-0.307393,0.893515,0.272695,0.318619,0.105658,0.048314,-0.060779,0.390949,0.486034,-0.781619,-0.071616,0.862694,0.500628,0.917621,-0.139743,0.372077,0.012804,0.029235,-0.050827,-0.750793,-1.603039,-0.968877,0.272676
1266,0.206937,0.000246,0.282965,-0.384909,-0.522743,-0.760678,0.027202,-0.830242,0.556714,-0.922089,0.194237,0.334739,0.010027,0.069605,-0.10901,-0.838752,-0.943774,-0.608437,0.434047,-0.195784,-0.00093,0.279921,-0.589667,-0.331032,0.736683,0.684812,-0.688371,0.238981,0.428722,0.64582,0.631647,-0.06522,0.048577,-0.087339,-0.118337,0.639167,0.131099,0.34586,0.028894,0.053886,-0.016012,0.648233,0.297972,0.700718,-0.633529,0.721573,0.279235,-0.422416,-0.624935,0.656522,-0.032594,0.023889,-0.04409,-0.183752,0.746796,0.180333,0.297228,0.106057,0.049644,-0.062908,0.36017,0.526004,-0.770451,-0.050128,0.835599,0.547047,0.931538,-0.158409,0.327326,0.0051,0.034704,-0.054608,-0.872873,-0.983234,-0.616005,0.344524
1267,0.207334,0.00159,0.280854,-0.369225,-0.544105,-0.753438,0.016582,-0.814452,0.579971,-0.928748,0.202318,0.310682,0.024637,0.070591,-0.109123,-0.677698,-1.574472,-0.976781,0.458066,-0.196942,5e-06,0.278227,-0.588924,-0.315585,0.744021,0.682702,-0.686837,0.249211,0.433093,0.655101,0.618979,-0.065189,0.049115,-0.086987,-0.417014,0.804119,0.529105,0.333031,0.028315,0.054354,-0.016858,0.646903,0.284585,0.707479,-0.631267,0.720323,0.287464,-0.427805,-0.63257,0.645629,-0.02518,0.024768,-0.043659,-0.341901,-0.073497,0.718279,0.281062,0.106246,0.050289,-0.063923,0.346301,0.545092,-0.763511,-0.039298,0.821585,0.568729,0.937299,-0.166946,0.305937,0.005456,0.028842,-0.051073,-0.636251,-1.261879,-1.068357,0.385183
1268,0.208277,0.00418,0.276602,-0.344618,-0.581408,-0.737054,-0.002962,-0.784477,0.620129,-0.938324,0.21661,0.269545,0.025457,0.056703,-0.105008,-1.730958,-0.064944,-0.507416,0.481252,-0.199081,0.002021,0.274843,-0.591593,-0.285462,0.754003,0.673487,-0.688961,0.267734,0.443774,0.666553,0.598861,-0.050307,0.051256,-0.085847,-0.312794,0.922957,0.413735,0.319217,0.02724,0.05536,-0.018551,0.64884,0.254308,0.71717,-0.620751,0.722,0.305586,-0.440084,-0.643461,0.626325,-0.025126,0.02537,-0.043185,-0.042508,0.573757,0.084907,0.255262,0.106717,0.051592,-0.066047,0.318101,0.583199,-0.747455,-0.019394,0.792246,0.609893,0.947858,-0.179512,0.263324,0.012319,0.034542,-0.055893,-4.634439,2.003257,0.624979,0.439559
1269,0.209471,0.006585,0.272309,-0.305296,-0.621996,-0.721083,-0.013473,-0.754345,0.656318,-0.951797,0.210856,0.222822,0.025466,0.056233,-0.106263,-0.70974,-1.489452,-1.024276,0.488315,-0.200954,0.004194,0.271405,-0.607871,-0.257869,0.750991,0.660757,-0.688632,0.29853,0.440919,0.678007,0.588013,-0.035311,0.05415,-0.0836,-0.335774,0.579468,0.751396,0.298157,0.026316,0.056423,-0.020243,0.66277,0.226181,0.713846,-0.606737,0.720906,0.334907,-0.438867,-0.655084,0.615028,-0.017814,0.032931,-0.04535,-0.70161,-1.491568,2.190829,0.234851,0.107299,0.052767,-0.068152,0.281038,0.620236,-0.73234,-0.007114,0.764421,0.644676,0.959669,-0.175969,0.219244,0.012829,0.027817,-0.05348,-0.447613,-0.743354,-0.746393,0.463236
1270,0.210092,0.007669,0.270321,-0.293767,-0.636376,-0.713282,-0.019221,-0.742132,0.669957,-0.955333,0.211309,0.206676,0.025416,0.056926,-0.105745,-0.341519,-0.929278,-0.616366,0.489857,-0.201712,0.005304,0.269846,-0.615871,-0.245961,0.748464,0.653889,-0.68937,0.311662,0.440066,0.681657,0.584422,-0.035365,0.068854,-0.087191,-0.074521,0.418722,0.433011,0.275499,0.025905,0.057016,-0.021087,0.670702,0.211413,0.710958,-0.598159,0.72095,0.349906,-0.438591,-0.65995,0.610002,-0.01761,0.034622,-0.043304,-0.059456,0.414809,0.417511,0.216072,0.107625,0.053333,-0.069191,0.265833,0.636852,-0.723706,0.000374,0.75065,0.660699,0.964018,-0.175906,0.199309,0.02008,0.029073,-0.052695,-0.530276,-1.027521,-0.872379,0.468462
1271,0.211339,0.009932,0.266214,-0.294393,-0.661205,-0.690062,-0.054709,-0.709228,0.702833,-0.953766,0.245481,0.173482,0.039889,0.059695,-0.104219,-0.550391,-1.005384,-0.698943,0.474521,-0.202927,0.00781,0.266804,-0.632821,-0.218937,0.742695,0.637842,-0.691045,0.339924,0.439589,0.689101,0.57599,-0.019431,0.064163,-0.07209,-0.016184,0.153214,0.528547,0.198483,0.025317,0.058216,-0.022561,0.685546,0.183874,0.704427,-0.58078,0.721572,0.376864,-0.438999,-0.667475,0.601461,-0.009618,0.032521,-0.035459,-0.296119,-0.30175,1.246151,0.136713,0.108233,0.054439,-0.071208,0.26735,0.660563,-0.701555,0.036095,0.72068,0.692326,0.962922,-0.210416,0.168831,0.013135,0.023286,-0.048798,-1.585772,0.341402,-0.534651,0.4634
1272,0.2121,0.012024,0.262487,-0.30796,-0.674532,-0.67098,-0.086156,-0.6826,0.725677,-0.947124,0.282123,0.15294,0.011153,0.050605,-0.091747,-0.581372,-0.216242,-0.57556,0.461722,-0.20335,0.010398,0.264385,-0.650344,-0.185831,0.736553,0.613499,-0.700125,0.365209,0.448611,0.689612,0.568372,-0.003587,0.074116,-0.060113,-0.196591,0.418236,0.786772,0.175594,0.025086,0.059526,-0.023807,0.701026,0.151732,0.696806,-0.554751,0.730022,0.399146,-0.448121,-0.666366,0.595938,-0.001739,0.037185,-0.029888,0.111906,0.043804,0.417405,0.074173,0.108639,0.055524,-0.073158,0.278976,0.67592,-0.682131,0.069311,0.694307,0.716332,0.957793,-0.247119,0.146847,0.005643,0.025458,-0.045657,-0.62335,-0.242137,-0.603471,0.443968
1273,0.212182,0.013095,0.260732,-0.326584,-0.673102,-0.663568,-0.108828,-0.67063,0.733747,-0.938493,0.312678,0.146596,-0.003695,0.052973,-0.087569,-1.138513,1.012366,-0.142253,0.451666,-0.203364,0.011792,0.263361,-0.657531,-0.175357,0.732731,0.605567,-0.701481,0.375696,0.448923,0.690962,0.566482,0.011838,0.066284,-0.04874,-0.15013,0.296811,0.699514,0.165381,0.025078,0.060251,-0.024341,0.707602,0.139833,0.692636,-0.545709,0.730849,0.409953,-0.448888,-0.668061,0.593458,0.006012,0.033632,-0.023745,-0.238012,0.373798,0.751851,0.058007,0.108681,0.056037,-0.074006,0.29581,0.676275,-0.674646,0.091838,0.682848,0.724764,0.950821,-0.276351,0.139885,-0.001896,0.026357,-0.044144,-3.774924,3.921392,0.406117,0.433844
1274,0.211628,0.015099,0.257639,-0.375094,-0.65934,-0.65163,-0.153709,-0.649002,0.745078,-0.913707,0.380453,0.142907,-0.017953,0.047372,-0.071414,-3.464426,4.193256,0.567997,0.42936,-0.202995,0.014622,0.261752,-0.667004,-0.15678,0.728367,0.592647,-0.703951,0.391351,0.452199,0.692886,0.561506,0.013128,0.063026,-0.030582,-0.031657,0.188493,0.354969,0.131406,0.025263,0.061666,-0.025145,0.715819,0.119796,0.687932,-0.531575,0.73232,0.425598,-0.452802,-0.67034,0.58789,0.006654,0.03201,-0.014663,-0.017992,0.175865,0.344253,0.018817,0.10841,0.057038,-0.075564,0.342124,0.66581,-0.663058,0.134709,0.663598,0.73586,0.929948,-0.341076,0.137342,-0.016663,0.029932,-0.038037,0.212354,0.131144,-0.160669,0.404288
1275,0.210051,0.016987,0.255343,-0.422414,-0.635331,-0.646502,-0.186587,-0.637054,0.747877,-0.886486,0.43733,0.151367,-0.046998,0.045621,-0.048607,0.16563,0.027958,-0.042053,0.389008,-0.20193,0.01718,0.26079,-0.674611,-0.143127,0.724158,0.582188,-0.706133,0.402949,0.454509,0.693602,0.55875,0.028571,0.057914,-0.015799,0.087133,-0.047832,0.236498,0.079366,0.025785,0.062925,-0.025618,0.722356,0.105351,0.683447,-0.520336,0.733763,0.436852,-0.455466,-0.671186,0.584857,0.021524,0.028771,-0.008596,0.138005,-0.081136,0.214487,-0.040131,0.107633,0.057975,-0.076732,0.394969,0.640775,-0.658334,0.171528,0.652561,0.738065,0.902538,-0.404436,0.147831,-0.030763,0.022962,-0.023425,0.137563,0.183172,-0.192963,0.362159
1276,0.207426,0.0186,0.254131,-0.452135,-0.609453,-0.651296,-0.21478,-0.634336,0.742603,-0.865165,0.476398,0.156724,-0.089628,0.033036,-0.016457,0.244833,0.21614,0.139656,0.340625,-0.200096,0.019319,0.260437,-0.681199,-0.131657,0.720157,0.573366,-0.70744,0.413175,0.455908,0.694525,0.556458,0.057985,0.051047,-0.004437,-0.20299,0.256943,0.572961,0.041323,0.026692,0.064001,-0.025794,0.728058,0.096358,0.678708,-0.51146,0.735581,0.444216,-0.456441,-0.670548,0.584829,0.029054,0.025873,-0.001804,0.137019,-0.150137,0.203045,-0.099079,0.106337,0.05878,-0.077358,0.425147,0.616256,-0.662931,0.199934,0.650388,0.732817,0.882766,-0.444097,0.153301,-0.037926,0.023352,-0.01102,0.321904,0.222549,0.41432,0.292434
1277,0.205696,0.019371,0.253943,-0.454296,-0.59817,-0.660192,-0.22171,-0.641864,0.734048,-0.862279,0.480588,0.159804,-0.104312,0.04019,-0.005962,0.184784,0.091102,0.950327,0.32414,-0.198924,0.020249,0.260492,-0.684095,-0.130816,0.71756,0.570223,-0.709206,0.414496,0.455517,0.69288,0.558824,0.058585,0.043319,0.007512,0.080169,-0.142268,0.217743,0.016058,0.027277,0.064466,-0.025774,0.730767,0.093025,0.676258,-0.507605,0.736432,0.447216,-0.456416,-0.670083,0.585381,0.036502,0.021716,0.003325,0.097816,-0.050678,0.076766,-0.127001,0.105478,0.059162,-0.077458,0.42754,0.605917,-0.670875,0.206215,0.657185,0.724971,0.880161,-0.448299,0.156024,-0.044506,0.014658,0.000582,-0.424706,-0.71701,2.580416,0.264022
1278,0.20133,0.020559,0.254542,-0.454462,-0.574693,-0.680615,-0.228923,-0.66308,0.712665,-0.860305,0.480401,0.170637,-0.116605,0.017945,0.032333,0.301808,0.435672,0.186179,0.243314,-0.196106,0.021717,0.261145,-0.681406,-0.126107,0.720954,0.569064,-0.710592,0.413713,0.46097,0.692326,0.555027,0.073941,0.026604,0.028534,0.314439,1.975527,-1.802924,-0.034172,0.028682,0.065205,-0.025457,0.730069,0.088689,0.677594,-0.505138,0.737844,0.447682,-0.460254,-0.669118,0.583477,0.036784,0.019642,0.011332,0.054922,-0.178713,0.24867,-0.194114,0.1033,0.059764,-0.077174,0.428673,0.580513,-0.692274,0.212476,0.679978,0.701772,0.878119,-0.447922,0.168143,-0.065924,0.015174,0.013731,0.401718,0.544778,0.218335,0.18205
1279,0.19623,0.02123,0.256454,-0.468705,-0.543489,-0.696405,-0.226459,-0.688103,0.689349,-0.853274,0.481482,0.200312,-0.143825,0.00973,0.0665,0.627356,0.959813,0.548998,0.157247,-0.19289,0.022954,0.262578,-0.669344,-0.127386,0.731945,0.578028,-0.708078,0.405516,0.467439,0.694666,0.546628,0.074644,0.024983,0.04724,-1.151874,-0.097358,-1.382233,-0.060713,0.03029,0.065822,-0.024749,0.717459,0.089535,0.690821,-0.514414,0.736797,0.438756,-0.469712,-0.670158,0.57468,0.044277,0.019183,0.020653,-3.732129,-0.311645,-4.766173,-0.228078,0.100761,0.060099,-0.076235,0.442846,0.551224,-0.707133,0.209238,0.703371,0.679328,0.87184,-0.448798,0.196148,-0.071979,0.00544,0.034139,0.767894,1.006831,0.839489,0.06791
1280,0.193353,0.021509,0.257929,-0.484017,-0.523824,-0.700986,-0.225924,-0.699121,0.678351,-0.844813,0.487351,0.22092,-0.157206,0.006287,0.083738,0.583791,0.957175,0.512856,0.105884,-0.191226,0.02359,0.263481,-0.663484,-0.130124,0.736782,0.584589,-0.704604,0.402147,0.467625,0.697688,0.542605,0.074493,0.028043,0.050456,-0.028996,-0.024872,0.089172,-0.092507,0.03115,0.066152,-0.024275,0.711315,0.093785,0.696587,-0.523037,0.732674,0.435452,-0.469534,-0.674085,0.570216,0.03727,0.01446,0.025722,-0.031625,-0.038163,0.099411,-0.250939,0.099328,0.06024,-0.075504,0.459246,0.53138,-0.711848,0.207974,0.714762,0.667729,0.86362,-0.454697,0.217738,-0.071487,0.004071,0.042793,0.646857,1.056793,0.629091,0.00243
1281,0.187308,0.021892,0.261803,-0.513514,-0.479656,-0.711533,-0.223054,-0.726102,0.650381,-0.82797,0.493284,0.266766,-0.169203,-0.001686,0.114623,0.277793,1.431302,0.740825,0.028705,-0.187808,0.024551,0.265666,-0.648663,-0.135884,0.748841,0.600554,-0.695648,0.394135,0.468169,0.705542,0.531875,0.088658,0.019328,0.05872,-4.222211,-1.959184,-3.119906,-0.168729,0.032793,0.066625,-0.023219,0.698378,0.096474,0.709197,-0.535432,0.727959,0.428238,-0.474952,-0.678798,0.560046,0.037277,0.010001,0.030313,-0.068466,0.150346,-0.103542,-0.312173,0.09631,0.060438,-0.073573,0.489841,0.488409,-0.722157,0.203594,0.741351,0.639489,0.847705,-0.460275,0.263708,-0.077742,0.005942,0.054833,-0.412298,2.199698,1.371216,-0.130651
1282,0.181133,0.021867,0.266781,-0.542564,-0.434712,-0.718815,-0.2233,-0.750296,0.622225,-0.809143,0.498646,0.310913,-0.152482,-0.011854,0.140168,0.4884,1.007552,0.53662,-0.034345,-0.184504,0.024929,0.268182,-0.641355,-0.142236,0.753939,0.613657,-0.684779,0.392985,0.461171,0.714872,0.525492,0.074582,0.008563,0.066755,-0.498682,0.046396,-0.483484,-0.3651,0.034484,0.066829,-0.021937,0.691221,0.10671,0.71472,-0.553062,0.714696,0.42817,-0.465118,-0.691245,0.553031,0.044645,-0.001808,0.035977,-1.416321,-0.540568,-0.934819,-0.448847,0.093217,0.060435,-0.071086,0.521127,0.443381,-0.729272,0.203048,0.76553,0.61052,0.828973,-0.466236,0.308911,-0.076472,0.000856,0.067896,0.754107,1.116133,0.909798,-0.221114
1283,0.1751,0.021581,0.27251,-0.573739,-0.376724,-0.727288,-0.242973,-0.769723,0.590307,-0.781484,0.515859,0.350997,-0.150414,-0.013235,0.155024,0.283741,1.402756,1.042824,-0.108901,-0.181389,0.024925,0.270936,-0.638572,-0.158813,0.752991,0.631733,-0.666799,0.395256,0.440105,0.728278,0.525149,0.075532,-0.013594,0.081054,-0.450876,-0.310789,-0.318671,-0.589557,0.036042,0.066835,-0.020566,0.689143,0.123111,0.714089,-0.571879,0.697602,0.431631,-0.445012,-0.705829,0.551152,0.044419,-0.000397,0.037023,-1.26701,-0.729214,-1.079087,-0.652797,0.0902,0.060299,-0.068218,0.553251,0.388164,-0.737048,0.22175,0.784243,0.579472,0.802956,-0.484034,0.347808,-0.075404,-0.000165,0.074906,-0.723699,1.98469,1.121505,-0.283491
1284,0.172142,0.021387,0.27559,-0.5806,-0.353677,-0.733391,-0.246962,-0.781827,0.572475,-0.775139,0.513935,0.367502,-0.1493,-0.020396,0.165043,0.502085,1.065406,0.673136,-0.15671,-0.179792,0.02485,0.272455,-0.640325,-0.168496,0.749389,0.638977,-0.65811,0.398162,0.426878,0.733998,0.528097,0.075377,-0.011381,0.083014,-0.08981,-0.099058,-0.04295,-0.725751,0.036869,0.066792,-0.019777,0.691129,0.13342,0.710309,-0.57985,0.689019,0.434771,-0.43141,-0.712356,0.553565,0.037652,-0.005546,0.041632,-0.089799,-0.091329,-0.050499,-0.780327,0.08872,0.060207,-0.066679,0.561404,0.364145,-0.743117,0.225468,0.796703,0.560738,0.796234,-0.48235,0.365169,-0.074833,-0.004278,0.079266,0.647951,0.99001,1.096886,-0.31517
1285,0.166493,0.020792,0.282061,-0.593437,-0.296622,-0.74826,-0.273447,-0.800059,0.533952,-0.7563,0.521842,0.394611,-0.147561,-0.014109,0.167566,0.331128,0.843142,0.629683,-0.270879,-0.176812,0.024499,0.275918,-0.635475,-0.198331,0.746209,0.656008,-0.648216,0.386527,0.407824,0.735386,0.541063,0.075863,-0.016384,0.096345,0.189551,-0.489908,-0.389832,-0.948664,0.03833,0.066618,-0.018086,0.687701,0.162031,0.707681,-0.597612,0.679823,0.425087,-0.412221,-0.715252,0.564346,0.037499,-0.001871,0.045162,0.23387,-0.542016,-0.411919,-0.993911,0.085895,0.059913,-0.063436,0.576503,0.306512,-0.757426,0.25088,0.815798,0.521087,0.777626,-0.490431,0.393412,-0.066825,-0.006697,0.084235,0.461133,0.948983,1.088305,-0.389957
1286,0.161317,0.019928,0.28881,-0.600569,-0.235498,-0.764135,-0.298568,-0.820497,0.487458,-0.741023,0.521188,0.423409,-0.132105,-0.022879,0.173472,0.549061,0.890902,1.169664,-0.414609,-0.174083,0.024008,0.279874,-0.629641,-0.231477,0.741594,0.670757,-0.643421,0.368819,0.392557,0.729935,0.559426,0.061549,-0.008645,0.104763,0.227167,-0.546351,-0.438047,-1.136947,0.039701,0.066366,-0.016115,0.68327,0.196116,0.703334,-0.613714,0.676132,0.407675,-0.395595,-0.710199,0.58234,0.031137,-0.010194,0.055869,0.364862,-0.840804,-0.454576,-0.968111,0.083253,0.059482,-0.059992,0.585377,0.246004,-0.772538,0.275091,0.836065,0.474678,0.762665,-0.490384,0.42174,-0.066164,-0.011527,0.086781,0.485046,0.834899,1.112804,-0.493156
1287,0.158959,0.019381,0.292186,-0.601382,-0.208847,-0.771212,-0.307131,-0.830662,0.464375,-0.736856,0.516385,0.436367,-0.117732,-0.023952,0.170338,0.351519,0.645897,0.977631,-0.469724,-0.172832,0.023687,0.282049,-0.619688,-0.258604,0.741015,0.687979,-0.633198,0.354513,0.37829,0.729805,0.569336,0.062188,-0.018187,0.11336,0.287761,-0.838547,-0.755018,-1.216709,0.040349,0.066205,-0.014985,0.674792,0.223142,0.703464,-0.632189,0.666579,0.394978,-0.380779,-0.711251,0.59087,0.03103,-0.008812,0.056959,0.225854,-0.797223,-0.714447,-0.978235,0.082118,0.059221,-0.058364,0.587608,0.218728,-0.77902,0.282634,0.846642,0.450903,0.758177,-0.485133,0.435674,-0.059029,-0.018014,0.088748,0.504295,0.894157,1.125981,-0.541491
1288,0.154678,0.01799,0.298949,-0.607552,-0.152322,-0.779567,-0.328487,-0.845413,0.421125,-0.722451,0.512118,0.464571,-0.10343,-0.038017,0.171934,0.225599,0.59917,0.899992,-0.547094,-0.170465,0.02282,0.286684,-0.598584,-0.30982,0.738715,0.721346,-0.609327,0.329111,0.348888,0.73025,0.587261,0.062659,-0.026259,0.122691,0.153802,-0.575835,-0.517372,-1.325104,0.041533,0.065775,-0.012663,0.656036,0.276924,0.702088,-0.668597,0.644804,0.370411,-0.350134,-0.712417,0.608166,0.031258,-0.012945,0.061523,0.164324,-0.591665,-0.524541,-1.003055,0.079973,0.058536,-0.054977,0.595709,0.1622,-0.786651,0.303107,0.861583,0.407184,0.743811,-0.481003,0.464089,-0.05181,-0.01896,0.086151,0.382754,0.659503,1.224316,-0.615135
1289,0.15118,0.016049,0.305551,-0.607878,-0.097357,-0.788067,-0.353796,-0.855301,0.378498,-0.710133,0.509013,0.48646,-0.090287,-0.05795,0.168852,0.182625,0.479248,1.105729,-0.620142,-0.168295,0.021664,0.291512,-0.582864,-0.347969,0.734288,0.742708,-0.594541,0.307959,0.330119,0.725288,0.604021,0.063225,-0.037749,0.128517,0.004524,-0.375508,-0.351096,-1.392772,0.042594,0.065216,-0.010292,0.64199,0.31625,0.69845,-0.691972,0.631301,0.35019,-0.330185,-0.708127,0.624125,0.02415,-0.013184,0.061187,0.076171,-0.443331,-0.386712,-1.000932,0.07822,0.057581,-0.051667,0.597618,0.107822,-0.794497,0.327719,0.871511,0.364783,0.731745,-0.478373,0.485496,-0.038249,-0.023885,0.080073,0.260915,0.483497,1.169901,-0.674572
1290,0.148564,0.013701,0.311716,-0.607843,-0.053572,-0.792276,-0.373126,-0.861454,0.344449,-0.700212,0.505052,0.50463,-0.063465,-0.057413,0.149337,0.146143,0.580706,0.897312,-0.65805,-0.166519,0.02045,0.296322,-0.564669,-0.385694,0.729645,0.764243,-0.57794,0.2861,0.312035,0.719653,0.620159,0.034377,-0.027777,0.120928,0.15119,-0.517819,-0.517487,-1.40394,0.043506,0.064598,-0.007836,0.62559,0.354322,0.695048,-0.715581,0.615503,0.330299,-0.310772,-0.703996,0.638599,0.017106,-0.013985,0.060348,0.186078,-0.551332,-0.539293,-1.017588,0.076903,0.056411,-0.048573,0.598764,0.064345,-0.798336,0.346633,0.877761,0.330726,0.722029,-0.474757,0.503268,-0.025012,-0.029983,0.073498,0.178368,0.646173,0.947853,-0.715722
1291,0.147589,0.01244,0.314532,-0.60567,-0.034661,-0.794989,-0.383033,-0.862999,0.329377,-0.696744,0.50404,0.51041,-0.050475,-0.064728,0.142027,0.070865,0.504506,0.807225,-0.675071,-0.165757,0.019872,0.298669,-0.557834,-0.400605,0.726862,0.772282,-0.57113,0.278074,0.304418,0.716956,0.62703,0.048069,-0.028048,0.118693,0.073719,-0.416617,-0.423885,-1.4039,0.043869,0.064322,-0.006705,0.619439,0.369427,0.692689,-0.724328,0.609203,0.32283,-0.302727,-0.701708,0.64495,0.017054,-0.014,0.06003,0.187791,-0.547671,-0.528052,-1.013342,0.076411,0.055786,-0.047159,0.597223,0.04523,-0.800798,0.356372,0.879482,0.315451,0.718556,-0.473777,0.509128,-0.018411,-0.032855,0.070575,0.077551,0.501203,0.87969,-0.730255
1292,0.146319,0.009871,0.319567,-0.601381,-0.002014,-0.798988,-0.401563,-0.863762,0.304359,-0.690006,0.503878,0.519639,-0.024207,-0.067117,0.121044,0.033892,0.396483,0.793286,-0.703308,-0.164641,0.018897,0.303153,-0.541618,-0.42977,0.722454,0.788571,-0.5573,0.25982,0.291623,0.710961,0.639808,0.019415,-0.02008,0.109311,0.110794,-0.413563,-0.469118,-1.40421,0.044438,0.063834,-0.004458,0.604592,0.399145,0.689311,-0.742302,0.596191,0.305846,-0.288885,-0.69659,0.656739,0.009625,-0.00999,0.054697,0.248985,-0.568241,-0.581965,-1.010077,0.075766,0.054504,-0.044633,0.593936,0.012674,-0.804411,0.374643,0.880487,0.290489,0.711956,-0.4739,0.518205,-0.012251,-0.034102,0.060048,0.039196,0.419685,0.810584,-0.754421
1293,0.145832,0.00755,0.323571,-0.597771,0.024904,-0.801308,-0.417442,-0.862996,0.284522,-0.683702,0.504543,0.527272,-0.011121,-0.044991,0.086437,0.064661,0.255341,0.778421,-0.770591,-0.163997,0.018185,0.307181,-0.530373,-0.453662,0.716161,0.799554,-0.548308,0.244959,0.282196,0.703092,0.652603,0.0047,-0.013621,0.097343,0.059095,-0.401276,-0.215693,-1.404385,0.044765,0.063478,-0.002437,0.59397,0.424223,0.683544,-0.754799,0.587846,0.291056,-0.278347,-0.688818,0.669367,0.009143,-0.006946,0.047885,0.099986,-0.352445,-0.422902,-1.013506,0.075516,0.053333,-0.04262,0.591262,-0.014344,-0.806351,0.390369,0.879997,0.270586,0.705706,-0.474762,0.525908,0.001051,-0.029514,0.045924,0.012772,0.356447,0.623112,-0.791978
1294,0.145812,0.006592,0.325183,-0.59597,0.035393,-0.802254,-0.423992,-0.862293,0.276863,-0.681244,0.505104,0.52991,0.002464,-0.038362,0.074187,-0.081477,0.027936,0.463154,-0.799723,-0.163807,0.017915,0.309006,-0.52647,-0.462839,0.713162,0.802936,-0.546261,0.238383,0.279883,0.698699,0.658292,0.01843,-0.015914,0.093458,0.023934,-0.257504,-0.348171,-1.404355,0.044855,0.063346,-0.001522,0.590489,0.433542,0.680707,-0.758592,0.586017,0.284817,-0.275425,-0.684561,0.674919,0.001811,-0.002666,0.043194,0.111249,-0.319517,-0.408755,-1.016282,0.0755,0.052847,-0.041814,0.590457,-0.026562,-0.806631,0.396856,0.879834,0.261528,0.702756,-0.474537,0.530045,0.000902,-0.025919,0.040095,-0.134074,0.037539,0.410815,-0.815655
1295,0.146001,0.005205,0.327684,-0.595663,0.057093,-0.801232,-0.433834,-0.862342,0.261013,-0.675298,0.503002,0.539435,0.015806,-0.024128,0.050627,0.031192,0.196431,0.389015,-0.844878,-0.163673,0.01756,0.312211,-0.520407,-0.476617,0.708522,0.808285,-0.542375,0.228994,0.275777,0.692449,0.666576,0.002898,-0.000822,0.071677,-0.031559,-0.179782,-0.060899,-1.404239,0.044927,0.063166,9.1e-05,0.584613,0.448146,0.676307,-0.764897,0.582359,0.275299,-0.27048,-0.678249,0.68324,0.001895,-0.006394,0.039396,-0.110885,-0.029355,-0.227807,-1.015465,0.075594,0.052136,-0.040539,0.590559,-0.048059,-0.805561,0.406759,0.879872,0.245704,0.696983,-0.472772,0.539166,0.007787,-0.012578,0.02485,0.016621,0.17208,0.374742,-0.854845
1296,0.146439,0.004411,0.329234,-0.596047,0.071891,-0.799752,-0.435751,-0.865528,0.246891,-0.673723,0.495558,0.548222,0.015148,-0.01007,0.027008,0.059758,0.128226,0.330795,-0.876744,-0.163644,0.017365,0.3148,-0.513609,-0.487544,0.706043,0.813067,-0.539239,0.219264,0.274452,0.687282,0.672445,0.003057,-0.007965,0.064674,-0.056243,-0.03825,-0.237287,-1.404034,0.044942,0.06307,0.001387,0.578449,0.459143,0.674227,-0.770255,0.579528,0.266181,-0.268519,-0.6733,0.688885,-0.00582,0.001287,0.028755,-0.01736,-0.156744,-0.059647,-1.014485,0.075807,0.051743,-0.039773,0.591551,-0.062643,-0.803829,0.408285,0.882972,0.231653,0.695247,-0.465226,0.547899,0.007534,-0.005092,0.013444,0.069668,0.132765,0.368132,-0.884074
1297,0.146916,0.004162,0.330035,-0.596081,0.080831,-0.798873,-0.435006,-0.868767,0.236612,-0.674173,0.48845,0.554016,0.014777,-0.00328,0.014985,-0.004178,0.041261,0.070962,-0.929405,-0.163579,0.017301,0.316907,-0.507975,-0.496119,0.704144,0.816812,-0.536789,0.211211,0.273811,0.683059,0.676994,0.001239,0.007448,0.04237,0.128901,-0.296106,-0.164855,-1.40425,0.044974,0.063034,0.002451,0.573339,0.466895,0.673268,-0.774448,0.577038,0.259339,-0.267417,-0.670101,0.692425,0.001079,-0.002045,0.024955,0.197574,-0.306493,-0.431366,-1.015465,0.076045,0.051611,-0.039373,0.591911,-0.07188,-0.802791,0.407438,0.886069,0.221074,0.695438,-0.457944,0.553761,0.00733,-0.001953,0.007207,-0.034329,-0.117396,0.210099,-0.916896
1298,0.147116,0.004139,0.330229,-0.596781,0.083205,-0.798107,-0.431371,-0.871928,0.231588,-0.675886,0.482379,0.557239,0.014421,-0.005992,0.012589,0.123919,0.287376,0.220389,-0.947167,-0.163498,0.01722,0.317822,-0.506683,-0.498415,0.703454,0.818036,-0.535381,0.210046,0.272544,0.682496,0.678073,0.002292,-0.006602,0.047567,-0.070309,-0.061825,-0.016418,-1.404274,0.045014,0.062997,0.002904,0.57183,0.470405,0.672107,-0.776024,0.575883,0.257184,-0.266075,-0.668637,0.694353,0.001117,-0.003506,0.023598,-0.102733,-0.02858,0.003576,-1.016118,0.076145,0.0516,-0.039275,0.592071,-0.072816,-0.802589,0.403636,0.888782,0.217127,0.697516,-0.452508,0.555613,0.00723,0.00201,0.001712,0.255543,0.432021,0.328245,-0.935347
1299,0.147303,0.00417,0.330322,-0.595657,0.083816,-0.798883,-0.428098,-0.874649,0.227363,-0.67895,0.477322,0.55787,0.000125,0.000967,0.00085,0.004876,0.00943,0.005722,-0.956807,-0.163228,0.017037,0.319507,-0.503831,-0.505148,0.700693,0.820548,-0.533183,0.205792,0.270257,0.679265,0.682219,0.002368,-0.010104,0.044296,0.083005,-0.274254,-0.172257,-1.404223,0.045143,0.062905,0.003727,0.569632,0.475595,0.670319,-0.778527,0.573664,0.254568,-0.263467,-0.666872,0.697041,0.000647,0.000876,0.018494,0.324889,-0.522657,-0.308487,-1.016935,0.076243,0.051611,-0.039226,0.591403,-0.07449,-0.802927,0.400259,0.891516,0.212106,0.700024,-0.446819,0.557061,3.8e-05,0.000325,0.000282,-0.006748,-0.121483,0.159708,-0.954779
1300,0.147223,0.004186,0.330363,-0.596422,0.079892,-0.798714,-0.418575,-0.879987,0.224474,-0.684188,0.468099,0.559282,0.000118,0.000913,0.000802,0.000307,0.000405,0.0002,-0.965766,-0.162819,0.016769,0.320967,-0.50314,-0.507359,0.699591,0.821833,-0.531099,0.206054,0.267623,0.679251,0.683271,0.016008,-0.013641,0.039847,-0.097614,-0.02326,0.017027,-1.404052,0.045349,0.062769,0.004475,0.568601,0.479291,0.668559,-0.780204,0.571796,0.253633,-0.260716,-0.665829,0.699069,0.007475,-0.001085,0.016094,-0.081579,-0.011448,0.048908,-1.017588,0.076202,0.051612,-0.039211,0.591956,-0.07032,-0.802896,0.390499,0.896474,0.20939,0.705051,-0.43748,0.558133,-0.006947,-0.00453,0.005042,-0.035696,-0.083463,0.116663,-0.962617
1301,0.147092,0.004184,0.330444,-0.597088,0.082429,-0.797958,-0.418929,-0.880328,0.222468,-0.68339,0.467014,0.561162,0.000289,0.002235,0.001963,0.020778,0.040489,0.024577,-0.973279,-0.162575,0.016553,0.321673,-0.501245,-0.506869,0.701305,0.822847,-0.52979,0.205373,0.268059,0.680639,0.681717,0.001509,-0.004772,0.031129,-0.066609,-0.005833,0.007747,-1.403803,0.045476,0.062657,0.004831,0.566798,0.47868,0.670525,-0.781312,0.570478,0.253188,-0.261324,-0.667397,0.697345,0.008005,-0.007896,0.018963,-0.100095,0.001445,0.01692,-1.017751,0.076141,0.051607,-0.039175,0.592887,-0.072891,-0.801979,0.390711,0.89686,0.207331,0.704151,-0.436266,0.560216,-0.006821,-0.003564,0.005892,-0.02071,0.048376,-0.000513,-0.96474
1302,0.146681,0.00419,0.33087,-0.60039,0.085946,-0.795104,-0.414479,-0.883697,0.217388,-0.683207,0.45996,0.567179,-0.012963,-0.001944,0.016316,0.080753,0.241587,0.115292,-0.979632,-0.161974,0.016103,0.323058,-0.501213,-0.509002,0.699781,0.823827,-0.527937,0.206217,0.265087,0.68049,0.683026,0.016045,-0.015729,0.037938,-0.073012,-0.057685,-0.007704,-1.402846,0.045771,0.062432,0.005517,0.566844,0.480927,0.668877,-0.782267,0.568832,0.253943,-0.258351,-0.667187,0.698652,0.007493,-0.002243,0.015023,-0.04786,-0.057974,0.015599,-1.018078,0.07593,0.051605,-0.038966,0.596099,-0.075966,-0.799308,0.386107,0.899972,0.202413,0.703979,-0.429277,0.565804,-0.006456,-0.00074,0.008368,0.096101,0.26709,0.129614,-0.975843
1303,0.146189,0.004133,0.331683,-0.602317,0.090661,-0.793121,-0.415774,-0.883756,0.214661,-0.680719,0.458936,0.570987,-0.01211,0.004424,0.021843,-0.026722,0.015651,0.012043,-0.998286,-0.161321,0.015599,0.324415,-0.494951,-0.509696,0.703721,0.826661,-0.525535,0.200944,0.268013,0.68183,0.680544,0.016056,-0.016432,0.037287,-0.022267,-0.128531,-0.058166,-1.390683,0.046097,0.062178,0.006194,0.560944,0.481566,0.673375,-0.78545,0.566574,0.249118,-0.261551,-0.668645,0.696063,0.00801,-0.008364,0.018507,0.008493,-0.172975,-0.080472,-1.016772,0.075688,0.051571,-0.038571,0.59842,-0.081086,-0.797068,0.387414,0.900106,0.199293,0.701287,-0.428057,0.570055,-0.006176,-0.003357,0.015016,-0.086293,-0.00784,-0.026097,-0.982212
1304,0.145635,0.003996,0.333043,-0.606806,0.099652,-0.788607,-0.417614,-0.884114,0.209551,-0.675587,0.456362,0.579087,-0.011361,0.000401,0.036103,0.189848,0.506473,0.313603,-1.044,-0.160615,0.015026,0.325734,-0.491104,-0.51362,0.703564,0.829141,-0.523098,0.197047,0.267424,0.680763,0.681843,0.015082,-0.007099,0.027716,0.029307,-0.147565,-0.080676,-1.383566,0.046451,0.06189,0.006859,0.557344,0.48572,0.673381,-0.788256,0.564304,0.245382,-0.260805,-0.667559,0.697383,0.008021,-0.008778,0.018135,0.027309,-0.194714,-0.101927,-1.013016,0.075415,0.051507,-0.037915,0.602164,-0.08764,-0.793547,0.38911,0.90013,0.195855,0.697131,-0.426714,0.576128,-0.005673,0.0004,0.018239,-0.065618,0.016642,0.022372,-1.004583
