frame,MLTx,MLTy,MLTz,MLTR1,MLTR2,MLTR3,MLTR4,MLTR5,MLTR6,MLTR7,MLTR8,MLTR9,MLTTVx,MLTTVy,MLTTVz,MLTRVx,MLTRVy,MLTRVz,MLGA,MRTx,MRTy,MRTz,MRTR1,MRTR2,MRTR3,MRTR4,MRTR5,MRTR6,MRTR7,MRTR8,MRTR9,MRTTVx,MRTTVy,MRTTVz,MRTRVx,MRTRVy,MRTRVz,MRGA,SLTx,SLTy,SLTz,SLTR1,SLTR2,SLTR3,SLTR4,SLTR5,SLTR6,SLTR7,SLTR8,SLTR9,SLTTVx,SLTTVy,SLTTVz,SLTRVx,SLTRVy,SLTRVz,SLGA,SRTx,SRTy,SRTz,SRTR1,SRTR2,SRTR3,SRTR4,SRTR5,SRTR6,SRTR7,SRTR8,SRTR9,SRTTVx,SRTTVy,SRTTVz,SRTRVx,SRTRVy,SRTRVz,SRGA
142,0.170306,-0.021432,0.337871,-0.725212,0.294706,-0.622303,-0.403804,-0.914056,0.037622,-0.556835,0.2782,0.782666,-0.0,-0.0,-0.0,0.0,0.0,0.0,0.498248,-0.175612,-0.055929,0.288019,-0.197932,-0.889225,0.412425,0.659756,0.190187,0.726969,-0.724615,0.4171,0.548475,0.000114,0.002484,0.003594,0.018869,-0.016285,-0.010506,-1.407614,0.039406,0.026124,-0.012816,0.242183,0.882194,0.403832,-0.644743,-0.164695,0.746445,0.725019,-0.441144,0.528902,5.1e-05,0.001244,0.0018,-0.012801,-0.003328,-0.002795,-0.905897,0.087503,0.039951,-0.036066,0.767368,-0.193771,-0.611225,0.269975,0.96227,0.033883,0.581599,-0.191017,0.790729,-1e-06,2e-06,3e-06,-5.8e-05,1.2e-05,8.3e-05,0.484954
143,0.170317,-0.021438,0.337864,-0.72521,0.294709,-0.622303,-0.403806,-0.914055,0.03762,-0.556836,0.2782,0.782665,-0.0,-1e-06,-1e-06,0.0,0.0,0.0,0.498453,-0.175577,-0.05604,0.288385,-0.195838,-0.889676,0.412451,0.66095,0.190821,0.725718,-0.724099,0.415842,0.550109,0.000982,-0.007244,0.013743,-0.018642,-0.017663,-0.002214,-1.407909,0.039423,0.02607,-0.012641,0.240116,0.882716,0.403924,-0.646005,-0.165283,0.745223,0.724583,-0.439878,0.530553,6.5e-05,0.001561,0.002254,-0.011383,-0.003897,-0.003131,-0.906551,0.087509,0.039948,-0.036069,0.767367,-0.193775,-0.611226,0.269979,0.962269,0.033881,0.581599,-0.191017,0.790729,-0.0,5e-06,6e-06,-5.1e-05,1.2e-05,7.4e-05,0.484954
144,0.170317,-0.021438,0.337864,-0.72521,0.294709,-0.622303,-0.403806,-0.914055,0.03762,-0.556836,0.2782,0.782665,-0.0,-0.0,-0.0,0.0,0.0,0.0,0.498339,-0.175567,-0.056072,0.288556,-0.195824,-0.889655,0.412503,0.660729,0.190999,0.725873,-0.724304,0.415806,0.549865,0.000165,0.00361,0.00521,0.002021,-0.01425,0.024967,-1.407833,0.039428,0.02605,-0.012552,0.240184,0.882663,0.404,-0.64558,-0.165562,0.745529,0.724939,-0.439879,0.530065,0.000475,-0.003856,0.006531,-0.042404,0.013437,-0.016427,-0.906224,0.087509,0.039948,-0.036069,0.767367,-0.193775,-0.611226,0.269979,0.962269,0.033881,0.581599,-0.191017,0.790729,-1e-06,3e-06,5e-06,-4.9e-05,1e-05,7.7e-05,0.484954
145,0.170317,-0.021432,0.33787,-0.725197,0.294723,-0.622312,-0.403819,-0.91405,0.037608,-0.556844,0.278202,0.782659,4e-05,0.000671,0.000626,0.0,0.0,0.0,0.498546,-0.175536,-0.056097,0.288899,-0.193677,-0.890018,0.412734,0.6621,0.191735,0.724427,-0.723632,0.414686,0.551593,0.000165,0.003617,0.00521,0.000122,-0.000106,-6.8e-05,-1.407788,0.039444,0.026041,-0.012385,0.23807,0.883108,0.404279,-0.647027,-0.166228,0.744126,0.724346,-0.438734,0.531821,8.4e-05,0.001976,0.002845,-0.004775,0.002771,0.001736,-0.906714,0.087509,0.03995,-0.036067,0.767356,-0.193792,-0.611235,0.269993,0.962266,0.033869,0.581608,-0.191019,0.790723,2.5e-05,0.000453,0.000424,-4.9e-05,1.3e-05,7.6e-05,0.485117
146,0.170317,-0.021432,0.33787,-0.725197,0.294723,-0.622312,-0.403819,-0.91405,0.037608,-0.556844,0.278202,0.782659,0.0,0.0,0.0,0.0,0.0,0.0,0.498492,-0.175527,-0.056116,0.289272,-0.191493,-0.890324,0.413093,0.663466,0.192605,0.722946,-0.722966,0.413623,0.553263,0.001004,-0.006735,0.014447,-0.045346,0.091504,-0.167528,-1.407691,0.039448,0.026033,-0.012197,0.235904,0.883559,0.404563,-0.648515,-0.166907,0.742676,0.723723,-0.437566,0.533627,7.8e-05,0.001836,0.00264,-0.012984,0.005061,0.002939,-0.908836,0.087509,0.039951,-0.036066,0.767356,-0.193792,-0.611235,0.269994,0.962265,0.033869,0.581607,-0.191019,0.790723,-0.0,-4e-06,-3e-06,-4.1e-05,1.4e-05,7.2e-05,0.484954
147,0.170317,-0.021432,0.33787,-0.725197,0.294723,-0.622312,-0.403819,-0.91405,0.037608,-0.556844,0.278202,0.782659,0.0,0.0,0.0,0.0,0.0,0.0,0.498472,-0.175516,-0.056154,0.289471,-0.189428,-0.890823,0.412969,0.664914,0.192964,0.721518,-0.722181,0.412376,0.555215,0.00098,-0.007239,0.013716,0.022273,-0.040707,-0.051055,-1.407424,0.039454,0.026012,-0.01209,0.233879,0.884069,0.404626,-0.650122,-0.167245,0.741194,0.722939,-0.436406,0.535638,0.000485,-0.003605,0.006879,0.000946,-0.032707,-0.046481,-0.909816,0.087509,0.039951,-0.036066,0.767356,-0.193792,-0.611235,0.269994,0.962265,0.033869,0.581607,-0.191019,0.790723,2e-06,-3e-06,-2e-06,-4.2e-05,2.1e-05,7.1e-05,0.485117
148,0.170317,-0.021438,0.337864,-0.725118,0.294809,-0.622364,-0.403899,-0.914018,0.037535,-0.556889,0.278217,0.782622,-4e-06,-5.9e-05,-5.5e-05,0.0,0.0,0.0,0.498387,-0.175479,-0.056218,0.289902,-0.189359,-0.890714,0.413236,0.664398,0.193517,0.721846,-0.722674,0.412352,0.554591,0.001004,-0.006702,0.014473,-0.036432,0.010162,-0.018434,-1.407653,0.039472,0.025982,-0.011881,0.233832,0.88396,0.404889,-0.649435,-0.16791,0.741646,0.723571,-0.43637,0.534812,0.000103,0.002439,0.003494,0.000472,-0.012627,0.026002,-0.911613,0.087509,0.039948,-0.036069,0.76729,-0.193889,-0.611287,0.270079,0.962244,0.033797,0.581655,-0.191028,0.790686,1e-06,-3.3e-05,-3.1e-05,-3.2e-05,1.3e-05,6.6e-05,0.485117
149,0.170317,-0.021424,0.337864,-0.725094,0.294834,-0.62238,-0.403908,-0.914016,0.037493,-0.556914,0.278197,0.782611,-0.000181,0.01073,-0.008724,0.035695,-0.011761,0.018947,0.498405,-0.175442,-0.056286,0.290325,-0.187162,-0.891,0.413618,0.665625,0.194497,0.72045,-0.722121,0.411267,0.556115,0.000988,-0.007047,0.013965,-0.034803,0.00873,-0.019348,-1.408158,0.039491,0.025946,-0.011663,0.231602,0.884338,0.405345,-0.650811,-0.168846,0.740225,0.723051,-0.435241,0.536433,0.000487,-0.003515,0.006995,-0.048721,0.015009,-0.015667,-0.912919,0.087509,0.039951,-0.036066,0.767278,-0.193906,-0.611295,0.270093,0.96224,0.033785,0.581663,-0.19103,0.790679,1e-06,-2e-06,-2e-06,-3.4e-05,1.3e-05,5.9e-05,0.485117
150,0.170317,-0.02143,0.337858,-0.725107,0.294819,-0.622371,-0.403894,-0.914021,0.037505,-0.556906,0.278195,0.782617,-7e-06,-0.000112,-0.000105,0.0,0.0,0.0,0.49809,-0.175398,-0.056307,0.290689,-0.185054,-0.891429,0.413643,0.666934,0.195089,0.719078,-0.721459,0.410053,0.557868,0.000151,0.003385,0.004829,0.000234,-0.000203,-0.00013,-1.407655,0.039513,0.025935,-0.011482,0.229537,0.884836,0.405434,-0.652125,-0.169415,0.738938,0.722526,-0.434008,0.538137,8.1e-05,0.001951,0.002784,-0.004406,-0.010735,0.027054,-0.913735,0.087508,0.039952,-0.036072,0.767281,-0.193903,-0.611294,0.270076,0.962246,0.033767,0.581669,-0.191005,0.790681,-3e-06,-8.3e-05,-7.7e-05,-3.2e-05,3e-06,4.6e-05,0.484954
151,0.170317,-0.02143,0.337858,-0.725107,0.294819,-0.622371,-0.403894,-0.914021,0.037505,-0.556906,0.278195,0.782617,-0.0,-2e-06,-2e-06,0.0,0.0,0.0,0.498501,-0.175378,-0.056306,0.290834,-0.183006,-0.891949,0.413433,0.668475,0.195328,0.717581,-0.720558,0.408804,0.559946,0.000145,0.003251,0.004633,0.413955,-0.372572,-0.203573,-1.407696,0.039523,0.025935,-0.01141,0.229578,0.884827,0.40543,-0.651932,-0.169501,0.739089,0.722687,-0.433992,0.537933,5e-05,0.001271,0.001812,-0.00058,0.000993,0.000675,-0.913409,0.087508,0.039952,-0.036072,0.767281,-0.193903,-0.611294,0.270076,0.962246,0.033767,0.581669,-0.191005,0.790681,1e-06,3e-06,3e-06,-2.8e-05,1.6e-05,4.7e-05,0.484954
152,0.170317,-0.02143,0.337858,-0.725107,0.294819,-0.622371,-0.403894,-0.914021,0.037505,-0.556906,0.278195,0.782617,-0.0,-0.0,-0.0,0.0,0.0,0.0,0.49846,-0.175308,-0.056299,0.291017,-0.182911,-0.891797,0.413804,0.668332,0.195766,0.717595,-0.720714,0.408927,0.559654,8.7e-05,0.001968,0.002803,0.001875,-0.014022,0.025106,-1.40765,0.039558,0.02594,-0.011316,0.227437,0.885274,0.40566,-0.653571,-0.170042,0.737515,0.721883,-0.432866,0.539916,3.5e-05,0.000882,0.001254,-0.001683,-0.01182,0.026466,-0.915205,0.087509,0.039952,-0.036072,0.767281,-0.193903,-0.611294,0.270076,0.962246,0.033767,0.581669,-0.191005,0.790681,-0.0,2e-06,3e-06,-2.9e-05,7e-06,4.8e-05,0.484954
153,0.170317,-0.02143,0.337858,-0.725015,0.29492,-0.622432,-0.403987,-0.913984,0.03742,-0.55696,0.278212,0.782573,-0.0,-0.0,-0.0,0.0,0.0,0.0,0.498855,-0.175192,-0.056357,0.291105,-0.182811,-0.891631,0.414205,0.668193,0.19623,0.717597,-0.720868,0.409066,0.559353,3e-06,5.7e-05,8.1e-05,-0.012333,0.096193,-0.173624,-1.407497,0.039616,0.025912,-0.011271,0.227417,0.885156,0.40593,-0.653403,-0.170381,0.737586,0.722042,-0.432976,0.539616,0.000408,-0.005444,0.004234,-0.036271,0.010619,-0.018112,-0.916511,0.087509,0.039952,-0.036072,0.767204,-0.194015,-0.611355,0.270174,0.962222,0.033684,0.581724,-0.191014,0.790638,-3e-06,2e-06,3e-06,-3.5e-05,2e-06,4.5e-05,0.484954
154,0.170317,-0.02143,0.337858,-0.725015,0.29492,-0.622432,-0.403987,-0.913984,0.03742,-0.55696,0.278212,0.782573,-0.0,-0.0,-0.0,0.0,0.0,0.0,0.498063,-0.175091,-0.056415,0.291137,-0.180703,-0.892051,0.414225,0.669777,0.196669,0.715998,-0.719932,0.407935,0.561382,0.000796,-0.011418,0.007718,0.216391,-0.210478,-0.158891,-1.406918,0.039666,0.025888,-0.011257,0.22643,0.885285,0.406199,-0.654236,-0.17072,0.736769,0.721597,-0.432577,0.540529,-2.2e-05,-0.000464,-0.000665,0.459502,-0.329591,-0.205013,-0.917001,0.087509,0.039952,-0.036072,0.767204,-0.194015,-0.611355,0.270174,0.962222,0.033684,0.581724,-0.191014,0.790638,-3e-06,2e-06,3e-06,-3.5e-05,2e-06,4.5e-05,0.485117
155,0.170316,-0.021437,0.337852,-0.725028,0.294905,-0.622423,-0.403973,-0.913989,0.037432,-0.556952,0.278209,0.782579,-1.5e-05,-0.000253,-0.000236,0.0,0.0,0.0,0.498325,-0.1748,-0.056622,0.291228,-0.180662,-0.891966,0.414427,0.669365,0.197089,0.716268,-0.720326,0.407919,0.560889,0.016108,-3.5e-05,-0.001668,0.00209,-0.015245,0.02922,-1.407426,0.039799,0.025782,-0.011214,0.22523,0.885509,0.406379,-0.654713,-0.171332,0.736202,0.72154,-0.431877,0.541166,0.000393,-0.005833,0.003676,-0.039461,0.011842,-0.017421,-0.917654,0.087508,0.039949,-0.036075,0.767215,-0.193999,-0.611346,0.27016,0.962225,0.033696,0.581716,-0.191013,0.790644,-1.1e-05,-0.000162,-0.000151,-2.4e-05,0.0,4.8e-05,0.485444
156,0.170317,-0.021438,0.337864,-0.725025,0.294909,-0.622424,-0.403991,-0.91398,0.03745,-0.556943,0.278234,0.782578,4e-05,0.000671,0.000626,0.0,0.0,0.0,0.498219,-0.174426,-0.056961,0.29141,-0.176547,-0.892952,0.414078,0.672,0.197905,0.713571,-0.718898,0.405353,0.564569,-4e-05,-0.000957,-0.001364,0.132391,-0.115688,-0.073382,-1.407651,0.039999,0.025608,-0.011121,0.221416,0.886587,0.406125,-0.657408,-0.171894,0.733665,0.720269,-0.429436,0.544789,-2.4e-05,-0.000507,-0.000726,0.150375,-0.124988,-0.078751,-0.917817,0.087509,0.039946,-0.03607,0.767213,-0.194004,-0.611347,0.270179,0.962219,0.033713,0.58171,-0.191039,0.790642,2.6e-05,0.000456,0.000426,-3.3e-05,6e-06,3.5e-05,0.485117
157,0.170317,-0.021438,0.337864,-0.724933,0.295009,-0.622485,-0.404084,-0.913943,0.037365,-0.556996,0.278251,0.782534,0.0,0.0,0.0,0.0,0.0,0.0,0.49809,-0.173891,-0.057333,0.291638,-0.172907,-0.895308,0.410509,0.67387,0.196304,0.712248,-0.718036,0.4009,0.568828,0.016132,0.000194,-0.001367,0.187935,-0.177588,-0.073505,-1.407445,0.04026,0.025421,-0.011008,0.21807,0.888984,0.402679,-0.658974,-0.170218,0.732651,0.719859,-0.425125,0.548699,0.008481,-0.00531,0.003595,0.253585,-0.225453,-0.130097,-0.917654,0.087509,0.039948,-0.036069,0.767136,-0.194116,-0.611408,0.270277,0.962194,0.03363,0.581766,-0.191049,0.790599,-1e-06,-3e-06,-2e-06,-2.4e-05,6e-06,4.1e-05,0.485117
158,0.170317,-0.021438,0.337864,-0.724933,0.295009,-0.622485,-0.404084,-0.913943,0.037365,-0.556996,0.278251,0.782534,0.0,0.0,0.0,0.0,0.0,0.0,0.497546,-0.173551,-0.057486,0.291764,-0.173115,-0.895598,0.409789,0.673386,0.19587,0.712826,-0.718441,0.400465,0.568625,0.016156,0.000741,-0.000595,0.004764,-0.017578,0.027745,-1.407711,0.04043,0.025344,-0.010946,0.21755,0.889448,0.401935,-0.658886,-0.169983,0.732784,0.720097,-0.424247,0.549065,0.008497,-0.004963,0.004084,-0.052449,0.001764,0.013913,-0.917001,0.087509,0.039948,-0.036069,0.767136,-0.194116,-0.611408,0.270277,0.962194,0.03363,0.581766,-0.191049,0.790599,1e-06,-2e-06,-2e-06,-2.6e-05,6e-06,3.9e-05,0.484954
159,0.170306,-0.021438,0.337865,-0.724948,0.294992,-0.622475,-0.404068,-0.913949,0.037379,-0.556988,0.278248,0.78254,0.0,0.0,0.0,0.0,0.0,0.0,0.49747,-0.172751,-0.057772,0.291977,-0.169306,-0.896982,0.408351,0.675877,0.195753,0.710496,-0.717013,0.397406,0.572559,0.016999,-0.0103,0.007627,-0.007832,-0.02847,-0.003941,-1.407182,0.04083,0.025206,-0.010841,0.213709,0.890988,0.400584,-0.661602,-0.169696,0.730401,0.718756,-0.421121,0.553213,0.008496,-0.005167,0.003777,-0.04163,-0.016648,0.00203,-0.916511,0.087503,0.039948,-0.036068,0.767148,-0.194097,-0.611398,0.270261,0.962198,0.033644,0.581757,-0.191047,0.790606,1e-06,-0.0,-2e-06,-2.8e-05,1e-06,3.9e-05,0.484464
160,0.170306,-0.021438,0.337865,-0.724948,0.294992,-0.622475,-0.404068,-0.913949,0.037379,-0.556988,0.278248,0.78254,0.0,0.0,0.0,0.0,0.0,0.0,0.497472,-0.171891,-0.058029,0.292188,-0.167898,-0.89904,0.404386,0.676152,0.193357,0.710891,-0.717087,0.393906,0.57488,0.033193,-0.009033,0.007712,-0.029199,-0.023354,0.038137,-1.40744,0.041254,0.025076,-0.010736,0.212291,0.893069,0.396684,-0.661625,-0.167383,0.730913,0.719155,-0.417623,0.555343,0.008517,-0.004753,0.004353,-0.050868,0.001167,0.012894,-0.910796,0.087503,0.039948,-0.036068,0.767148,-0.194097,-0.611398,0.270261,0.962198,0.033644,0.581757,-0.191047,0.790606,1e-06,-0.0,-2e-06,-2.8e-05,1e-06,3.9e-05,0.484301
161,0.170306,-0.02143,0.337858,-0.724845,0.295103,-0.622543,-0.404157,-0.913915,0.037265,-0.557058,0.278243,0.782492,0.0,0.0,0.0,0.0,0.0,0.0,0.497248,-0.171455,-0.058152,0.29229,-0.16601,-0.899738,0.403613,0.677419,0.193252,0.709712,-0.716333,0.392358,0.576876,0.017038,-0.009721,0.008416,-0.024523,-0.01402,0.005202,-1.407826,0.041471,0.025019,-0.010688,0.210375,0.893848,0.39595,-0.663024,-0.167184,0.72969,0.718429,-0.416033,0.557472,0.008087,0.000616,8e-06,-0.015315,-0.013698,0.028811,-0.914062,0.087503,0.039952,-0.036072,0.767062,-0.194222,-0.611466,0.270354,0.962176,0.033531,0.581827,-0.191033,0.790558,1e-06,-0.0,-3e-06,-2.5e-05,-4e-06,4.3e-05,0.484301
162,0.170316,-0.021443,0.337846,-0.724856,0.295091,-0.622535,-0.404145,-0.91392,0.037275,-0.557051,0.278241,0.782498,-1.5e-05,-0.000257,-0.00024,0.0,0.0,0.0,0.497586,-0.170697,-0.058341,0.292463,-0.164225,-0.90056,0.402509,0.67844,0.192961,0.708816,-0.715781,0.390607,0.578746,0.017046,-0.009767,0.008327,0.015629,-0.048888,-0.016695,-1.407297,0.041857,0.024921,-0.010598,0.208727,0.894701,0.394895,-0.664009,-0.166799,0.728882,0.717999,-0.414351,0.559275,0.008084,0.000517,-0.00014,0.04096,-0.058505,0.00116,-0.908837,0.087508,0.039946,-0.036078,0.767072,-0.194209,-0.611458,0.270343,0.962179,0.033541,0.581819,-0.191032,0.790564,-9e-06,-0.000159,-0.00015,-2.7e-05,-5e-06,2.4e-05,0.484464
163,0.170315,-0.021463,0.337828,-0.724897,0.295047,-0.622509,-0.404105,-0.913936,0.037312,-0.557028,0.278233,0.782517,-1.6e-05,-0.000273,-0.000255,0.0,0.0,0.0,0.498165,-0.170047,-0.058384,0.292511,-0.164872,-0.902119,0.398736,0.677556,0.190058,0.710443,-0.716468,0.388425,0.579365,0.016165,0.000684,-0.00077,0.014423,-0.110177,0.203537,-1.406911,0.042188,0.024896,-0.01057,0.209335,0.896228,0.391092,-0.662764,-0.16403,0.730641,0.718973,-0.41215,0.55965,0.008081,0.000326,-0.000421,0.013594,-0.107697,0.202889,-0.913572,0.087508,0.039936,-0.036087,0.767105,-0.194162,-0.611432,0.270303,0.962189,0.033577,0.581794,-0.191029,0.790583,-9e-06,-0.000158,-0.000149,-8e-06,-7e-06,1.4e-05,0.484627
164,0.170313,-0.021488,0.337804,-0.724858,0.295089,-0.622534,-0.404144,-0.91392,0.037276,-0.55705,0.278241,0.782499,-2.3e-05,-0.000376,-0.00035,0.0,0.0,0.0,0.49815,-0.169505,-0.058331,0.292437,-0.176487,-0.902689,0.392424,0.678542,0.177104,0.712846,-0.712744,0.393212,0.580727,0.016163,0.000639,-0.000848,0.002187,-0.014948,0.029457,-1.407267,0.042453,0.024922,-0.010608,0.220832,0.896354,0.384424,-0.663204,-0.150994,0.733048,0.715117,-0.416833,0.561121,0.008082,0.000314,-0.000436,0.003476,-0.010197,0.024793,-0.913409,0.087507,0.039923,-0.036099,0.767073,-0.19421,-0.611457,0.270345,0.962178,0.033542,0.581818,-0.191034,0.790565,-1.3e-05,-0.000217,-0.000203,-7e-06,-1.1e-05,-0.0,0.484791
165,0.170313,-0.021488,0.337804,-0.724858,0.295089,-0.622534,-0.404144,-0.91392,0.037276,-0.55705,0.278241,0.782499,-0.0,-5e-06,-5e-06,0.0,0.0,0.0,0.498151,-0.169255,-0.058269,0.292372,-0.188054,-0.902989,0.386312,0.679379,0.16432,0.715106,-0.708964,0.398059,0.582051,0.015273,0.011376,-0.009526,0.040042,-0.021969,0.050358,-1.407285,0.042584,0.024954,-0.010641,0.232258,0.896227,0.37793,-0.663509,-0.138123,0.735307,0.711203,-0.421542,0.562575,0.007639,0.00569,-0.004758,0.041101,-0.016633,0.042961,-0.915368,0.087507,0.039922,-0.0361,0.767073,-0.19421,-0.611457,0.270345,0.962178,0.033542,0.581817,-0.191034,0.790565,1e-06,2.1e-05,1.7e-05,-1.2e-05,-1.8e-05,-9e-06,0.484954
166,0.170314,-0.021482,0.33781,-0.724844,0.295104,-0.622543,-0.404157,-0.913915,0.037264,-0.557058,0.278243,0.782492,4.7e-05,0.000789,0.000737,0.0,0.0,0.0,0.498214,-0.168757,-0.058071,0.292274,-0.214678,-0.902466,0.373445,0.682939,0.134503,0.71794,-0.697863,0.410293,0.58695,0.016202,0.002481,0.001759,0.194156,0.319636,0.348969,-1.406641,0.042827,0.025049,-0.010695,0.257923,0.894858,0.364284,-0.66601,-0.108472,0.738012,0.699931,-0.432968,0.568008,0.007647,0.006227,-0.004031,0.64768,1.171586,1.043795,-0.914878,0.087507,0.039924,-0.036098,0.767062,-0.194227,-0.611466,0.270359,0.962175,0.03353,0.581825,-0.191035,0.790558,2.9e-05,0.000541,0.000502,-2.2e-05,-1.3e-05,-1.3e-05,0.484791
167,0.170314,-0.021482,0.33781,-0.724844,0.295104,-0.622543,-0.404157,-0.913915,0.037264,-0.557058,0.278243,0.782492,0.0,0.0,0.0,0.0,0.0,0.0,0.498128,-0.168281,-0.057702,0.292151,-0.245391,-0.901462,0.356568,0.686964,0.097683,0.720051,-0.683608,0.422769,0.594818,0.016205,0.003194,0.002761,0.020378,-0.0268,0.022699,-1.407188,0.04306,0.025229,-0.010753,0.288478,0.892578,0.346532,-0.668828,-0.071135,0.740006,0.685163,-0.445246,0.57646,-0.000421,0.006547,-0.002642,0.035526,0.024118,0.029737,-0.91945,0.087507,0.039926,-0.036096,0.767062,-0.194226,-0.611466,0.270359,0.962175,0.03353,0.581826,-0.191035,0.790558,-2e-06,-1e-06,-3e-06,-7e-06,-2e-06,3e-06,0.484791
168,0.170314,-0.021482,0.33781,-0.724752,0.295204,-0.622603,-0.40425,-0.913877,0.037179,-0.557111,0.27826,0.782448,0.0,0.0,0.0,0.0,0.0,0.0,0.498239,-0.168111,-0.057487,0.292077,-0.26439,-0.900095,0.346292,0.690108,0.074112,0.719856,-0.673259,0.430427,0.601098,0.015295,0.013895,-0.00597,0.215907,-2.075795,1.991925,-1.406718,0.04315,0.025339,-0.010788,0.308747,0.888805,0.338672,-0.670252,-0.049331,0.740491,0.67486,-0.455621,0.580493,-0.000415,0.006793,-0.002286,0.043711,0.005473,0.05323,-0.91994,0.087507,0.039926,-0.036096,0.766985,-0.194339,-0.611526,0.270457,0.96215,0.033446,0.581881,-0.191045,0.790515,-0.0,-0.0,-3e-06,-4e-06,-1e-05,6e-06,0.484791
169,0.170303,-0.021482,0.33781,-0.724767,0.295187,-0.622594,-0.404234,-0.913884,0.037193,-0.557103,0.278257,0.782455,0.0,0.0,0.0,0.0,0.0,0.0,0.498145,-0.167882,-0.0571,0.291899,-0.30588,-0.893372,0.329113,0.691728,0.028842,0.721536,-0.653696,0.449477,0.608699,-0.000891,0.011441,-0.007672,0.100599,-0.318647,0.349399,-1.407244,0.043271,0.025537,-0.010871,0.347895,0.882087,0.317633,-0.671146,-0.002244,0.741321,0.654622,-0.47108,0.591229,-0.000442,0.005709,-0.003823,0.003676,-0.621275,0.692702,-0.92141,0.087502,0.039926,-0.036096,0.766997,-0.19432,-0.611517,0.270441,0.962154,0.03346,0.581872,-0.191043,0.790522,0.0,0.0,-1e-06,-5e-06,4e-06,3e-06,0.484791
170,0.170303,-0.021482,0.33781,-0.724767,0.295187,-0.622594,-0.404234,-0.913884,0.037193,-0.557103,0.278257,0.782455,0.0,0.0,0.0,0.0,0.0,0.0,0.497983,-0.167861,-0.056756,0.291646,-0.345127,-0.88514,0.3121,0.692534,-0.015875,0.721165,-0.632932,0.466139,0.618041,-0.000903,0.010895,-0.00845,0.322214,-0.824151,0.473867,-1.407501,0.043281,0.025712,-0.011002,0.387471,0.871866,0.299524,-0.669148,0.042501,0.741912,0.634118,-0.487896,0.599875,-0.000449,0.005387,-0.004278,0.484169,-0.933166,0.508113,-0.922063,0.087502,0.039926,-0.036096,0.766997,-0.19432,-0.611517,0.270441,0.962154,0.03346,0.581872,-0.191043,0.790522,0.0,-0.0,-1e-06,-5e-06,4e-06,3e-06,0.484627
171,0.170313,-0.021488,0.337804,-0.726408,0.290993,-0.622655,-0.398911,-0.916223,0.037106,-0.558795,0.27497,0.782411,-1e-06,-1e-05,-9e-06,0.0,-0.0,-0.0,0.497861,-0.167945,-0.056468,0.291416,-0.388812,-0.871804,0.297952,0.691383,-0.062498,0.719735,-0.608346,0.48693,0.62664,-0.016136,-0.001268,-7e-06,1.75589,3.903791,3.377914,-1.407448,0.043245,0.025857,-0.011117,0.424081,0.859978,0.283888,-0.66791,0.085304,0.739336,0.611596,-0.503151,0.610564,-0.000453,0.005001,-0.004831,0.152778,-0.189416,0.123141,-0.915042,0.087507,0.039923,-0.036099,0.768033,-0.189923,-0.611598,0.264826,0.96372,0.033295,0.583087,-0.187539,0.790466,1e-06,1e-06,-0.0,-0.000108,5e-06,0.000118,0.484791
172,0.170313,-0.021488,0.337804,-0.726408,0.290993,-0.622655,-0.398911,-0.916223,0.037106,-0.558795,0.27497,0.782411,-0.0,-0.0,-0.0,0.0,0.0,0.0,0.498047,-0.168013,-0.056387,0.29134,-0.410233,-0.864449,0.290564,0.691957,-0.087656,0.716552,-0.593427,0.496091,0.63372,-2e-06,-0.000112,-0.000159,0.992667,0.766495,0.781996,-1.407046,0.043205,0.025895,-0.011157,0.450206,0.849176,0.276066,-0.665763,0.113197,0.737526,0.59504,-0.515834,0.616312,-0.000503,0.005515,-0.004496,1.698938,3.805983,3.642075,-0.912592,0.087507,0.039923,-0.036099,0.768033,-0.189923,-0.611598,0.264827,0.96372,0.033295,0.583086,-0.187539,0.790466,-0.0,5e-06,4e-06,-9.2e-05,1.5e-05,0.000123,0.484627
173,0.170314,-0.02149,0.337816,-0.726405,0.290997,-0.622656,-0.398929,-0.916215,0.037124,-0.558785,0.274995,0.782409,5e-06,8.1e-05,7.6e-05,0.0,0.0,0.0,0.497129,-0.168166,-0.056422,0.291415,-0.449446,-0.849627,0.275905,0.689128,-0.133398,0.712209,-0.567732,0.511295,0.645074,2.4e-05,0.001097,0.00156,0.216952,-0.154356,-0.06405,-1.407416,0.043129,0.025875,-0.011122,0.488383,0.832983,0.260036,-0.662755,0.160223,0.731494,0.567659,-0.52959,0.630314,0.000471,-0.004684,0.005347,0.234264,-0.224,0.172508,-0.907694,0.087507,0.039922,-0.036093,0.768031,-0.189929,-0.611599,0.264848,0.963714,0.033312,0.58308,-0.187566,0.790465,1e-06,4e-05,3.8e-05,-8.7e-05,9e-06,0.0001,0.484627
174,0.170303,-0.02149,0.337817,-0.72642,0.29098,-0.622647,-0.398913,-0.916221,0.037138,-0.558777,0.274992,0.782416,0.0,0.0,0.0,0.0,0.0,0.0,0.497303,-0.168307,-0.056537,0.291666,-0.488909,-0.830992,0.265351,0.687841,-0.180326,0.703058,-0.535762,0.52729,0.659384,6.3e-05,0.002851,0.004051,0.739402,-0.163618,0.034162,-1.407064,0.043058,0.025816,-0.011001,0.527883,0.812071,0.248755,-0.658565,0.206425,0.723657,0.536312,-0.545828,0.64377,2.3e-05,0.00116,0.001657,0.634003,0.919722,1.160213,-0.909816,0.087502,0.039923,-0.036092,0.768043,-0.18991,-0.61159,0.264831,0.963718,0.033327,0.583072,-0.187565,0.790471,0.0,-3e-06,-3e-06,-6.8e-05,1.9e-05,0.000113,0.484464
175,0.170303,-0.02149,0.337817,-0.726328,0.29108,-0.622707,-0.399006,-0.916184,0.037053,-0.55883,0.275009,0.782372,0.0,0.0,0.0,0.0,0.0,0.0,0.497519,-0.168356,-0.05659,0.291866,-0.510952,-0.819202,0.260439,0.683396,-0.203507,0.701063,-0.52066,0.537217,0.663457,8.1e-05,0.003616,0.005134,1.603239,3.725992,3.59865,-1.407269,0.043033,0.025792,-0.010906,0.543317,0.803517,0.243242,-0.656292,0.225833,0.719916,0.523533,-0.55078,0.650041,0.000494,-0.003427,0.007129,0.146112,-0.331887,0.112813,-0.912756,0.087502,0.039922,-0.036092,0.767967,-0.190023,-0.61165,0.26493,0.963693,0.033243,0.583127,-0.187574,0.790428,1e-06,-2e-06,-2e-06,-5.7e-05,2.3e-05,0.00012,0.484138
176,0.170303,-0.02149,0.337817,-0.726328,0.29108,-0.622707,-0.399006,-0.916184,0.037053,-0.55883,0.275009,0.782372,0.0,0.0,0.0,0.0,0.0,0.0,0.497304,-0.168412,-0.056695,0.29239,-0.531068,-0.808471,0.253639,0.683048,-0.231515,0.692661,-0.500599,0.542109,0.67482,0.00102,-0.00536,0.016288,0.404494,-0.3609,-0.219986,-1.40725,0.043005,0.025741,-0.010642,0.568541,0.788116,0.235867,-0.652643,0.257562,0.712543,0.500816,-0.559047,0.660793,-0.007553,-0.003128,0.008424,0.406168,-0.378176,-0.280379,-0.921083,0.087502,0.039922,-0.036092,0.767967,-0.190023,-0.61165,0.26493,0.963693,0.033243,0.583127,-0.187574,0.790428,1e-06,-1e-06,-2e-06,-6.8e-05,2.3e-05,0.000109,0.484138
177,0.170303,-0.02149,0.337817,-0.726328,0.29108,-0.622707,-0.399006,-0.916184,0.037053,-0.55883,0.275009,0.782372,0.0,0.0,0.0,0.0,0.0,0.0,0.497194,-0.168453,-0.056754,0.293013,-0.55615,-0.792068,0.251628,0.680603,-0.260502,0.684728,-0.476094,0.55306,0.68361,0.001069,-0.003108,0.019438,0.312855,-0.249694,-0.138552,-1.406912,0.042985,0.025708,-0.010326,0.592255,0.77132,0.233021,-0.650149,0.286632,0.703667,0.475961,-0.568249,0.671232,0.000535,-0.001447,0.009895,0.357385,-0.266651,-0.145824,-0.929901,0.087502,0.039922,-0.036092,0.767967,-0.190023,-0.61165,0.26493,0.963693,0.033243,0.583127,-0.187574,0.790428,1e-06,-1e-06,-2e-06,-6.8e-05,2.3e-05,0.000109,0.484138
178,0.170303,-0.021496,0.337811,-0.726342,0.291066,-0.622698,-0.398993,-0.916189,0.037065,-0.558823,0.275007,0.782378,-2.5e-05,-0.000412,-0.000385,0.0,0.0,0.0,0.497269,-0.168473,-0.056759,0.293366,-0.565483,-0.785896,0.250177,0.680419,-0.273297,0.679907,-0.465245,0.555683,0.688932,0.001081,-0.002542,0.020211,0.4716,-0.419955,-0.25765,-1.407212,0.042975,0.025706,-0.010148,0.601862,0.764308,0.231502,-0.648957,0.299141,0.699548,0.465419,-0.571267,0.676045,0.000538,-0.00118,0.010256,0.385362,-0.392853,-0.252943,-0.93382,0.087501,0.03992,-0.036095,0.767978,-0.190007,-0.611642,0.264916,0.963697,0.033255,0.583119,-0.187573,0.790434,-1.5e-05,-0.000273,-0.000256,-7.1e-05,7e-06,9.9e-05,0.483811
179,0.170303,-0.021496,0.337811,-0.726342,0.291066,-0.622698,-0.398993,-0.916189,0.037065,-0.558823,0.275007,0.782378,-0.0,-0.0,-0.0,0.0,0.0,0.0,0.497605,-0.168484,-0.056805,0.294126,-0.585348,-0.771908,0.248029,0.67782,-0.298229,0.671977,-0.443991,0.562424,0.697434,0.001093,-0.001937,0.02101,0.295796,-0.275902,-0.165648,-1.40723,0.042969,0.025685,-0.009774,0.620708,0.749938,0.228722,-0.646162,0.324076,0.690976,0.444066,-0.576686,0.685739,0.000545,-0.000775,0.010795,0.447831,-0.370316,-0.180528,-0.930064,0.087501,0.039919,-0.036096,0.767977,-0.190008,-0.611642,0.264917,0.963697,0.033255,0.583119,-0.187573,0.790434,0.0,4e-06,4e-06,-6.5e-05,1.5e-05,9.5e-05,0.484138
180,0.170313,-0.021496,0.33781,-0.726235,0.291183,-0.622768,-0.399101,-0.916146,0.036966,-0.558884,0.275026,0.782327,-0.0,-0.0,-0.0,0.0,0.0,0.0,0.497819,-0.168444,-0.056855,0.294945,-0.604851,-0.75742,0.245891,0.674275,-0.323032,0.664032,-0.422752,0.568385,0.70575,0.016278,0.009647,0.011709,0.32149,-0.290227,-0.11043,-1.407167,0.042984,0.025657,-0.00936,0.639518,0.734775,0.226101,-0.642012,0.348665,0.682827,0.42289,-0.58184,0.694713,0.000543,-0.000734,0.010821,0.42572,-0.355523,-0.170204,-0.933004,0.087507,0.039919,-0.036096,0.767889,-0.19014,-0.611711,0.265032,0.963668,0.033157,0.583183,-0.187584,0.790384,-1e-06,2e-06,3e-06,-6.4e-05,1e-05,9.1e-05,0.484138
181,0.170314,-0.02149,0.337816,-0.727933,0.286893,-0.622777,-0.393683,-0.918488,0.036954,-0.560511,0.271714,0.782321,7.7e-05,0.001285,0.0012,0.000823,-0.013719,0.025331,0.497781,-0.16841,-0.056822,0.295699,-0.624567,-0.740137,0.249208,0.671075,-0.345615,0.655853,-0.3985,0.577787,0.712197,0.001097,-0.001472,0.02154,0.255446,-0.242814,-0.143769,-1.406922,0.043007,0.025678,-0.008986,0.658644,0.716785,0.228923,-0.638226,0.371026,0.674542,0.398565,-0.590388,0.701845,0.0001,0.004893,0.006815,0.43618,-0.330258,-0.156225,-0.93284,0.087507,0.039919,-0.036096,0.768978,-0.185625,-0.611731,0.259311,0.965226,0.033077,0.58432,-0.184064,0.790373,-1e-06,1e-06,3e-06,-0.000168,1.7e-05,0.000171,0.484138
182,0.170314,-0.02149,0.337816,-0.727933,0.286893,-0.622777,-0.393683,-0.918488,0.036954,-0.560511,0.271714,0.782321,1e-06,1.6e-05,1.5e-05,0.0,-0.0,-0.0,0.498188,-0.168409,-0.05674,0.296062,-0.635839,-0.729878,0.250956,0.667456,-0.356927,0.653483,-0.386584,0.583924,0.713757,0.000199,0.009252,0.012822,0.045861,-0.038419,0.013779,-1.407032,0.043007,0.025716,-0.008809,0.668799,0.706913,0.230173,-0.635083,0.382294,0.671208,0.386492,-0.595083,0.704627,9.2e-05,0.004464,0.006206,0.040168,0.056139,0.108673,-0.939045,0.087507,0.039923,-0.036093,0.768966,-0.185645,-0.61174,0.25933,0.965222,0.033065,0.584327,-0.184069,0.790366,-1e-06,5e-06,6e-06,-0.000125,-3e-06,0.000141,0.484464
183,0.170314,-0.021498,0.337823,-0.727852,0.286983,-0.62283,-0.393781,-0.918448,0.036899,-0.560547,0.271752,0.782281,0.0,0.0,0.0,0.0,0.0,0.0,0.497854,-0.168423,-0.05649,0.296516,-0.647267,-0.717613,0.25704,0.664376,-0.366017,0.651591,-0.37269,0.59342,0.713315,0.000148,0.006951,0.009597,0.001811,-0.01369,0.025304,-1.40638,0.043,0.025844,-0.008569,0.680071,0.694099,0.236066,-0.631478,0.390982,0.669602,0.372473,-0.604448,0.704205,6.9e-05,0.003382,0.004682,-0.013013,0.080181,-0.143929,-0.939045,0.087507,0.039918,-0.036089,0.768898,-0.185749,-0.611793,0.259436,0.965195,0.033012,0.584368,-0.184104,0.790327,9.2e-05,-0.005367,0.00436,-0.035767,0.011781,-0.018808,0.484464
184,0.170303,-0.021498,0.337823,-0.727867,0.286966,-0.62282,-0.393765,-0.918454,0.036913,-0.560539,0.27175,0.782288,0.0,0.0,0.0,0.0,0.0,0.0,0.497869,-0.168437,-0.056183,0.296764,-0.66222,-0.701275,0.26395,0.659602,-0.378682,0.649199,-0.354476,0.60489,0.712964,-0.000801,0.015245,-0.002462,0.036444,-0.00952,0.018773,-1.407036,0.042993,0.025994,-0.00844,0.694709,0.677147,0.242591,-0.626256,0.403519,0.667064,0.35381,-0.61534,0.704396,5.1e-05,0.002391,0.003304,-0.010981,0.079728,-0.146248,-0.933657,0.087502,0.039918,-0.036089,0.768911,-0.18573,-0.611784,0.25942,0.965199,0.033026,0.58436,-0.184103,0.790334,2e-06,-2e-06,-2e-06,-7.5e-05,2.9e-05,0.000133,0.484791
185,0.170314,-0.021498,0.337823,-0.727852,0.286983,-0.62283,-0.393781,-0.918448,0.036899,-0.560547,0.271752,0.782281,0.0,0.0,0.0,0.0,0.0,0.0,0.497934,-0.16844,-0.056052,0.296839,-0.66964,-0.692967,0.267154,0.656979,-0.385202,0.648022,-0.345302,0.610321,0.712838,-0.000803,0.015166,-0.002576,0.038334,-0.023002,0.04431,-1.407318,0.042992,0.026065,-0.008404,0.701958,0.668539,0.245577,-0.623407,0.410009,0.665773,0.344407,-0.62044,0.704582,-0.000402,0.00747,-0.001433,0.037611,-0.02523,0.047641,-0.936106,0.087507,0.039918,-0.036089,0.768898,-0.185749,-0.611793,0.259437,0.965195,0.033012,0.584368,-0.184104,0.790327,2e-06,-2e-06,-2e-06,-7.7e-05,3e-05,0.00013,0.484627
186,0.170324,-0.021497,0.33781,-0.727748,0.287098,-0.622898,-0.393871,-0.918414,0.036782,-0.560618,0.271747,0.782232,-1e-06,-1.2e-05,-1.1e-05,0.0,0.0,0.0,0.498241,-0.168438,-0.055795,0.296857,-0.691233,-0.667546,0.276715,0.648702,-0.404759,0.64443,-0.31731,0.625789,0.712437,-0.000852,0.012893,-0.005707,1.580972,3.603139,3.903983,-1.40658,0.042993,0.026189,-0.008392,0.719119,0.646529,0.254689,-0.617021,0.425523,0.661977,0.319612,-0.633189,0.704925,2.9e-05,0.001143,0.001583,0.043543,0.263476,-0.335373,-0.939862,0.087512,0.039919,-0.036096,0.768813,-0.185879,-0.611861,0.259534,0.965173,0.032896,0.584438,-0.18409,0.790279,1e-06,-1e-06,-2e-06,-7.2e-05,1.1e-05,0.000112,0.484791
187,0.170324,-0.021497,0.33781,-0.727748,0.287098,-0.622898,-0.393871,-0.918414,0.036782,-0.560618,0.271747,0.782232,-0.0,-0.0,-0.0,0.0,0.0,0.0,0.499144,-0.168468,-0.055534,0.296725,-0.705291,-0.650163,0.282568,0.642633,-0.418355,0.641823,-0.298184,0.635069,0.712487,-0.00089,0.011062,-0.008222,0.60165,1.888462,-1.908967,-1.406673,0.042978,0.02632,-0.008457,0.737193,0.624788,0.257263,-0.606287,0.443587,0.660034,0.298262,-0.642549,0.705811,-0.000436,0.0055,-0.004138,0.048872,0.018632,0.050712,-0.93431,0.087512,0.039919,-0.036096,0.768812,-0.185879,-0.611861,0.259534,0.965173,0.032896,0.584438,-0.18409,0.790279,-1e-06,3e-06,3e-06,-7.6e-05,2e-05,0.00011,0.485117
188,0.170324,-0.021497,0.33781,-0.727748,0.287098,-0.622898,-0.393871,-0.918414,0.036782,-0.560618,0.271747,0.782232,-0.0,-0.0,-0.0,0.0,0.0,0.0,0.499368,-0.168575,-0.055275,0.296494,-0.719206,-0.632956,0.286534,0.635262,-0.432331,0.639896,-0.28024,0.64303,0.712631,-1e-06,-4.3e-05,-5.9e-05,3.1e-05,7e-05,7.8e-05,-1.40628,0.042924,0.026452,-0.008579,0.749953,0.606668,0.263672,-0.600167,0.456428,0.656865,0.278152,-0.650866,0.706402,-0.000438,0.005306,-0.004406,0.035816,-0.011343,0.01952,-0.929901,0.087512,0.039919,-0.036096,0.768813,-0.185879,-0.611862,0.259534,0.965173,0.032896,0.584438,-0.18409,0.790279,-2e-06,2e-06,2e-06,-7.6e-05,1.3e-05,0.00011,0.48577
189,0.170313,-0.021496,0.33781,-0.727763,0.28708,-0.622889,-0.393856,-0.91842,0.036796,-0.56061,0.271744,0.782239,-0.0,-0.0,-0.0,0.0,0.0,0.0,0.499506,-0.16861,-0.055139,0.296384,-0.729427,-0.619705,0.289645,0.629506,-0.44273,0.638473,-0.266509,0.648824,0.712646,-0.000895,0.010741,-0.008664,1.637178,3.518952,3.957194,-1.406398,0.042907,0.026515,-0.008631,0.756244,0.597491,0.26664,-0.596828,0.462949,0.655342,0.268121,-0.654737,0.706703,1e-05,-2.1e-05,-1.8e-05,-0.000912,-0.002537,0.000931,-0.928431,0.087507,0.039919,-0.036096,0.768825,-0.18586,-0.611852,0.259517,0.965177,0.03291,0.584429,-0.184089,0.790286,-0.0,1e-06,2e-06,-7e-05,1.7e-05,0.000114,0.486097
190,0.170313,-0.021496,0.33781,-0.727671,0.287182,-0.622949,-0.393949,-0.918384,0.036711,-0.560664,0.271761,0.782195,-0.0,-0.0,-0.0,0.0,0.0,0.0,0.499885,-0.168819,-0.054912,0.29626,-0.738908,-0.606384,0.293777,0.624356,-0.452566,0.63663,-0.252156,0.654587,0.712598,-0.016864,0.011658,-0.005686,0.036195,-0.008201,0.014715,-1.406392,0.042808,0.026625,-0.008698,0.768878,0.579391,0.270428,-0.588627,0.476241,0.653232,0.249688,-0.661437,0.707217,1.7e-05,0.000359,0.000503,-0.013105,0.09337,-0.174157,-0.927125,0.087507,0.039919,-0.036096,0.768749,-0.185973,-0.611912,0.259616,0.965153,0.032826,0.584485,-0.184098,0.790243,-2e-06,1e-06,2e-06,-7.7e-05,1.4e-05,0.000109,0.48626
191,0.170314,-0.021504,0.337817,-0.727682,0.287171,-0.622942,-0.393953,-0.91838,0.036741,-0.560647,0.271783,0.7822,-0.0,-0.0,-0.0,0.0,0.0,0.0,0.499401,-0.169049,-0.05465,0.296222,-0.75718,-0.578727,0.302895,0.613749,-0.471987,0.632831,-0.222319,0.665789,0.712154,-0.000835,0.013243,-0.005237,0.050428,0.020097,0.049208,-1.406496,0.042693,0.026755,-0.008719,0.786293,0.551189,0.279164,-0.577544,0.495168,0.649038,0.21951,-0.671564,0.707683,-0.000409,0.006555,-0.002693,0.192523,0.317376,0.365449,-0.932024,0.087507,0.039915,-0.036093,0.768758,-0.185961,-0.611905,0.259621,0.965151,0.032856,0.584471,-0.184122,0.790247,-2e-06,2e-06,2e-06,-7.3e-05,1.2e-05,0.000109,0.486424
192,0.170314,-0.021504,0.337817,-0.727682,0.287171,-0.622942,-0.393953,-0.91838,0.036741,-0.560647,0.271783,0.7822,-0.0,-0.0,-0.0,0.0,0.0,0.0,0.499849,-0.169225,-0.054496,0.296224,-0.762307,-0.568982,0.308447,0.611634,-0.477884,0.630448,-0.210351,0.669959,0.711878,-0.016813,0.013128,-0.003688,0.204548,0.575163,-0.588484,-1.406508,0.042599,0.026839,-0.008718,0.791373,0.541178,0.284349,-0.575061,0.501159,0.64664,0.207443,-0.675252,0.707814,-0.008396,0.00665,-0.001711,0.220991,0.631887,-0.649616,-0.932187,0.087507,0.039915,-0.036093,0.768758,-0.185961,-0.611905,0.259621,0.965151,0.032856,0.584471,-0.184122,0.790247,-2e-06,2e-06,2e-06,-7.3e-05,1.3e-05,0.000109,0.486424
193,0.170314,-0.021504,0.337817,-0.72759,0.287272,-0.623002,-0.394046,-0.918344,0.036656,-0.5607,0.271799,0.782156,-0.0,-0.0,-0.0,0.0,0.0,0.0,0.499191,-0.169624,-0.054136,0.296267,-0.774581,-0.550451,0.311478,0.60222,-0.491839,0.628777,-0.191938,0.675302,0.712033,-0.016774,0.013957,-0.002576,0.18944,0.318485,0.343849,-1.40608,0.042406,0.027012,-0.008697,0.802055,0.52362,0.287279,-0.566227,0.513643,0.644637,0.189986,-0.6797,0.708457,-0.008544,0.00729,-0.001045,1.735013,3.55815,3.78498,-0.928595,0.087507,0.039915,-0.036093,0.768682,-0.186075,-0.611966,0.259719,0.965127,0.032773,0.584527,-0.184131,0.790204,-2e-06,1e-06,2e-06,-6.2e-05,1.7e-05,0.000118,0.48675
194,0.170314,-0.021504,0.337817,-0.72759,0.287272,-0.623002,-0.394046,-0.918344,0.036656,-0.5607,0.271799,0.782156,-0.0,-0.0,-0.0,0.0,0.0,0.0,0.499733,-0.170044,-0.053722,0.296403,-0.788109,-0.522739,0.324991,0.594647,-0.510745,0.620861,-0.157568,0.68321,0.712923,-0.00071,0.017503,0.000548,0.755565,1.575215,0.650227,-1.406229,0.04219,0.027217,-0.008632,0.815188,0.495642,0.299678,-0.557816,0.53256,0.636569,0.155914,-0.686089,0.710614,-0.008096,0.00329,0.005127,2.3346,5.341709,2.033099,-0.930064,0.087507,0.039915,-0.036093,0.768682,-0.186075,-0.611966,0.259719,0.965127,0.032773,0.584527,-0.184131,0.790204,-2e-06,1e-06,2e-06,-7.4e-05,1.7e-05,0.000109,0.486914
195,0.170325,-0.021513,0.337823,-0.727586,0.287279,-0.623004,-0.394067,-0.918334,0.036671,-0.560691,0.271824,0.782153,-0.0,-0.0,-0.0,0.0,0.0,0.0,0.498724,-0.170481,-0.053315,0.29667,-0.790885,-0.51407,0.332001,0.594517,-0.517397,0.615454,-0.143615,0.684772,0.714371,-0.015785,0.005767,0.009501,0.011548,-0.008489,-0.01033,-1.406058,0.041977,0.027428,-0.008496,0.818466,0.485408,0.307393,-0.5572,0.540094,0.630734,0.140143,-0.687514,0.712519,8.4e-05,0.003155,0.004301,-0.015022,-0.020384,0.024772,-0.93382,0.087512,0.039911,-0.03609,0.768679,-0.186082,-0.611967,0.259741,0.965121,0.032788,0.584522,-0.184157,0.790201,-2e-06,1e-06,-0.0,-7.7e-05,5e-06,0.000103,0.48675
196,0.170325,-0.021506,0.337829,-0.727573,0.287293,-0.623013,-0.39408,-0.918329,0.036659,-0.560699,0.271826,0.782147,4.7e-05,0.000789,0.000737,0.0,0.0,0.0,0.499301,-0.170647,-0.053168,0.296836,-0.796026,-0.504332,0.334639,0.590014,-0.52389,0.614294,-0.133492,0.687061,0.714136,0.000182,0.006827,0.009259,0.168425,0.291557,0.380316,-1.406537,0.041888,0.027501,-0.008414,0.823072,0.475886,0.309974,-0.552767,0.545946,0.629595,0.130386,-0.689546,0.712407,-0.007896,0.003104,0.00504,0.556684,1.025064,1.197881,-0.933983,0.087513,0.039912,-0.036088,0.768668,-0.186099,-0.611976,0.259755,0.965117,0.032776,0.58453,-0.184158,0.790195,2.9e-05,0.000533,0.000497,-8.5e-05,-1e-06,9.4e-05,0.48675
197,0.170325,-0.021514,0.337835,-0.727583,0.287283,-0.623006,-0.394085,-0.918326,0.036689,-0.560682,0.271848,0.782151,0.0,0.0,0.0,0.0,0.0,0.0,0.499674,-0.170879,-0.052877,0.297238,-0.802226,-0.485546,0.347376,0.586976,-0.535958,0.606748,-0.107416,0.691252,0.714489,-0.015714,0.007365,0.0116,0.03699,-0.027915,-0.024967,-1.406304,0.041778,0.027645,-0.008215,0.829207,0.456471,0.322566,-0.54924,0.558382,0.621727,0.103685,-0.692707,0.713727,0.000114,0.004172,0.005646,0.017175,-0.044564,0.007441,-0.935453,0.087513,0.03991,-0.036083,0.768677,-0.186088,-0.611969,0.259762,0.965115,0.032806,0.584516,-0.184183,0.7902,-1e-06,-4e-06,-3e-06,-5.9e-05,1.7e-05,9.1e-05,0.486587
198,0.170325,-0.021522,0.337842,-0.729191,0.28306,-0.623058,-0.388738,-0.920604,0.036633,-0.562319,0.268561,0.782112,0.0,0.0,0.0,0.008367,-0.000492,-0.010503,0.500679,-0.170981,-0.052645,0.297561,-0.798768,-0.486287,0.35424,0.592672,-0.535547,0.60155,-0.101809,0.691051,0.715504,0.000133,0.004884,0.006579,0.114904,-0.095563,-0.060957,-1.405944,0.041722,0.027767,-0.008044,0.826101,0.457096,0.329574,-0.554911,0.558003,0.617013,0.098131,-0.6926,0.714614,7.4e-05,0.002806,0.003784,0.159725,-0.144637,-0.046758,-0.932187,0.087513,0.039906,-0.03608,0.769672,-0.181676,-0.612043,0.254141,0.966614,0.032669,0.585675,-0.18069,0.790148,0.0,-1e-06,-1e-06,0.027756,-0.001522,-0.035323,0.487077
199,0.170336,-0.021523,0.337841,-0.729176,0.283078,-0.623068,-0.388754,-0.920598,0.036619,-0.562327,0.268564,0.782105,0.0,0.0,0.0,0.0,-0.0,-0.0,0.500274,-0.170993,-0.052514,0.29767,-0.795888,-0.485254,0.362054,0.597537,-0.534099,0.598015,-0.095816,0.692895,0.714548,0.000136,0.005009,0.006739,0.019354,0.036492,-0.027046,-1.405794,0.041716,0.027831,-0.007992,0.823221,0.456555,0.337436,-0.560182,0.556696,0.61342,0.092211,-0.694007,0.714038,6.1e-05,0.0023,0.003098,0.041831,0.185417,-0.178581,-0.934636,0.087518,0.039906,-0.03608,0.769663,-0.181688,-0.612051,0.25415,0.966612,0.032658,0.585684,-0.180688,0.790142,2e-06,-2e-06,-1e-06,-0.000192,2.9e-05,0.000175,0.487403
