frame,MLTx,MLTy,MLTz,MLTR1,MLTR2,MLTR3,MLTR4,MLTR5,MLTR6,MLTR7,MLTR8,MLTR9,MLTTVx,MLTTVy,MLTTVz,MLTRVx,MLTRVy,MLTRVz,MLGA,MRTx,MRTy,MRTz,MRTR1,MRTR2,MRTR3,MRTR4,MRTR5,MRTR6,MRTR7,MRTR8,MRTR9,MRTTVx,MRTTVy,MRTTVz,MRTRVx,MRTRVy,MRTRVz,MRGA,SLTx,SLTy,SLTz,SLTR1,SLTR2,SLTR3,SLTR4,SLTR5,SLTR6,SLTR7,SLTR8,SLTR9,SLTTVx,SLTTVy,SLTTVz,SLTRVx,SLTRVy,SLTRVz,SLGA,SRTx,SRTy,SRTz,SRTR1,SRTR2,SRTR3,SRTR4,SRTR5,SRTR6,SRTR7,SRTR8,SRTR9,SRTTVx,SRTTVy,SRTTVz,SRTRVx,SRTRVy,SRTRVz,SRGA
591,0.074493,-0.029837,0.399268,0.039105,0.720728,-0.692147,-0.044014,-0.690699,-0.721782,-0.998327,0.057788,0.005568,-0.00173,0.002512,-0.015515,0.033521,-0.005793,-0.010167,0.415517,-0.063449,-0.007317,0.382118,0.65467,-0.44933,0.607866,0.67567,0.708413,-0.20385,-0.339855,0.54471,0.766585,0.005922,-0.029242,0.028866,-0.085635,-0.052818,-0.094998,-1.40665,0.048077,0.031039,-0.026794,-0.678612,0.458923,0.573475,-0.682263,-0.683024,-0.260755,0.272031,-0.568213,0.776616,0.001955,-0.00973,0.009633,-0.050887,-0.049185,-0.067186,-0.839438,0.075023,0.024337,-0.05323,-0.118405,-0.717747,-0.686162,0.114818,0.676491,-0.727444,0.986304,-0.164917,0.002311,-0.00086,0.001257,-0.007747,0.048123,-0.077457,0.181895,0.164741
592,0.074509,-0.030045,0.398794,0.053867,0.713736,-0.698373,-0.067676,-0.695107,-0.715694,-0.996332,0.084923,0.011723,-0.002751,-0.000441,-0.017849,-0.242395,0.261605,-0.744475,0.445677,-0.063391,-0.008039,0.382846,0.656695,-0.450089,0.605114,0.674214,0.709913,-0.203455,-0.338838,0.542124,0.768865,-0.011399,-0.013199,0.008807,-0.018211,-0.037738,-0.076586,-1.406885,0.048113,0.030666,-0.026415,-0.680465,0.459768,0.570596,-0.680822,-0.684655,-0.260243,0.271011,-0.565561,0.778905,0.001917,-0.009622,0.009726,-0.046688,-0.116047,0.120737,-0.834213,0.07503,0.024232,-0.053467,-0.132613,-0.709886,-0.691719,0.138569,0.67775,-0.722116,0.981433,-0.191613,0.008489,-0.001765,-0.005145,-0.004048,-0.897897,0.866151,-2.492997,0.356934
593,0.074447,-0.030414,0.398336,0.063377,0.707632,-0.703765,-0.097851,-0.697316,-0.710034,-0.993273,0.112979,0.025919,-0.004229,-0.012242,-0.009645,-0.053902,0.141962,0.000359,0.492966,-0.063456,-0.008463,0.383258,0.659655,-0.453169,0.59957,0.672982,0.711326,-0.202595,-0.335517,0.537687,0.773424,-0.011772,-0.012072,0.009683,0.014655,-0.190129,-0.129067,-1.407218,0.048081,0.030452,-0.02621,-0.682587,0.462895,0.565511,-0.679828,-0.686137,-0.258938,0.268157,-0.561198,0.783037,0.000705,-0.004037,0.005466,0.007165,-0.321682,-0.121669,-0.83307,0.074999,0.024051,-0.0537,-0.14108,-0.70241,-0.69765,0.169498,0.677156,-0.716051,0.975379,-0.219271,0.023523,0.00495,-0.007332,-0.005534,-0.103103,0.049747,0.050162,0.434824
594,0.074467,-0.030599,0.398075,0.065995,0.706466,-0.704695,-0.113048,-0.69633,-0.708743,-0.991491,0.125554,0.034782,-0.004022,-0.011645,-0.009195,-1.241778,-0.524737,0.280441,0.512129,-0.063575,-0.008491,0.383368,0.661406,-0.453574,0.597331,0.672314,0.711581,-0.203912,-0.333399,0.537007,0.774811,-0.001294,0.003986,0.003082,0.032402,-0.100442,-0.013014,-1.407118,0.048018,0.030429,-0.026155,-0.68462,0.463488,0.562558,-0.678879,-0.686435,-0.260631,0.265361,-0.560343,0.7846,-0.007219,-0.000109,0.00084,0.028099,-0.063708,-0.062292,-0.834376,0.075008,0.023956,-0.053833,-0.144554,-0.700017,-0.699342,0.183072,0.675643,-0.714136,0.972413,-0.231261,0.030486,0.004764,-0.00786,-0.00614,-3.862704,-3.85811,0.212845,0.468298
595,0.074752,-0.030953,0.397374,0.074167,0.703525,-0.706822,-0.142863,-0.693904,-0.705733,-0.987065,0.152441,0.049917,0.010575,-0.005224,-0.021261,-3.92264,-3.473156,0.470242,0.517632,-0.063953,-0.008275,0.383472,0.655996,-0.468346,0.591872,0.676944,0.711899,-0.186767,-0.334713,0.523746,0.783275,-0.01768,0.013563,-0.004856,0.998261,-0.316264,1.32992,-1.406981,0.047829,0.030537,-0.026103,-0.678432,0.477924,0.557958,-0.684393,-0.687251,-0.243497,0.267085,-0.547059,0.793341,-0.008904,0.006948,-0.00228,1.028464,-0.300499,1.33549,-0.836989,0.075144,0.023773,-0.054181,-0.148269,-0.697522,-0.701055,0.209854,0.670555,-0.711559,0.966424,-0.252621,0.046954,0.004895,-0.007551,-0.00575,-0.106256,0.589141,0.26055,0.504549
596,0.07529,-0.031362,0.396715,0.071517,0.703001,-0.707616,-0.164941,-0.691267,-0.703503,-0.983809,0.166148,0.067391,0.010741,-0.004822,-0.020985,-0.022788,0.187757,0.327649,0.518343,-0.064427,-0.007906,0.383598,0.647992,-0.487763,0.584966,0.684375,0.709951,-0.165934,-0.335183,0.508449,0.793092,-0.016713,0.007,0.007201,-0.186662,-0.112297,0.115155,-1.407238,0.0476,0.030714,-0.026047,-0.669258,0.497113,0.552242,-0.693443,-0.684836,-0.223907,0.266888,-0.5328,0.803052,-0.009237,0.008026,-0.00153,-2.029243,-1.201407,1.141759,-0.842704,0.075413,0.023568,-0.054511,-0.148615,-0.696924,-0.701576,0.235634,0.664063,-0.709574,0.960411,-0.270768,0.065529,0.011948,-0.00888,-0.0066,-0.12793,0.227768,0.177254,0.511081
597,0.075954,-0.031891,0.396174,0.067338,0.704011,-0.707022,-0.193279,-0.685938,-0.701501,-0.978927,0.18301,0.090756,0.010221,-0.014006,-0.010729,-3.987756,-3.235109,0.751565,0.518331,-0.064985,-0.007458,0.383867,0.639048,-0.502631,0.582212,0.6953,0.701169,-0.15765,-0.3298,0.506166,0.796801,-0.017618,0.009944,0.009407,-0.002373,0.002946,-0.001843,-1.407427,0.047319,0.030943,-0.025909,-0.65958,0.512155,0.550136,-0.704659,-0.676033,-0.215484,0.261549,-0.529788,0.806793,-0.008995,0.005549,0.005154,-0.005087,0.072156,-0.161141,-0.851685,0.07575,0.023303,-0.054789,-0.144218,-0.698232,-0.701193,0.261975,0.656376,-0.707487,0.954237,-0.285728,0.088258,0.005065,-0.007114,-0.005573,-4.016993,-3.183551,0.809499,0.512224
598,0.076358,-0.032188,0.395938,0.061788,0.703189,-0.708345,-0.207497,-0.685082,-0.698269,-0.976372,0.189245,0.104456,0.024676,-0.015671,-0.011605,-1.201131,1.309945,-2.146588,0.518109,-0.065344,-0.007207,0.384055,0.635557,-0.507964,0.581404,0.699561,0.69748,-0.155144,-0.327517,0.505946,0.797881,-0.019989,0.021081,0.000797,0.999067,-0.264791,1.370254,-1.40722,0.047147,0.03106,-0.025815,-0.659028,0.513652,0.549401,-0.704909,-0.676546,-0.213042,0.262266,-0.527679,0.807942,-0.009146,0.006051,0.00552,0.004515,-0.004804,0.020666,-0.855277,0.075941,0.023158,-0.054904,-0.141167,-0.699298,-0.700751,0.275695,0.652068,-0.706256,0.950822,-0.292893,0.100742,0.012352,-0.00782,-0.005795,-0.088811,0.577097,0.502581,0.51255
599,0.07719,-0.032622,0.39562,0.057012,0.70398,-0.707961,-0.238798,-0.678852,-0.69434,-0.969478,0.207765,0.130283,0.012958,-0.006061,-0.004393,-0.076004,0.48473,0.224608,0.518148,-0.066189,-0.006813,0.384382,0.625352,-0.526147,0.576277,0.713025,0.685328,-0.147833,-0.317951,0.503985,0.802975,-0.017888,0.011067,0.010158,0.033334,-0.074507,0.173158,-1.406967,0.046716,0.031268,-0.025649,-0.645085,0.535225,0.545342,-0.722316,-0.659941,-0.20673,0.249247,-0.527268,0.81232,-0.015471,0.003439,0.004386,0.081926,-0.173137,0.525821,-0.862625,0.076359,0.02293,-0.055072,-0.134749,-0.699226,-0.702086,0.307608,0.644022,-0.700437,0.941923,-0.31035,0.128306,0.013459,-0.004589,-0.003217,-0.120785,0.506099,0.506517,0.51304
600,0.078109,-0.032603,0.395359,0.048869,0.70219,-0.710342,-0.268159,-0.675793,-0.686561,-0.962208,0.223158,0.156153,0.030021,0.007746,-0.010519,-0.126538,0.058903,0.353495,0.518259,-0.067217,-0.006466,0.384795,0.612612,-0.548742,0.568841,0.727512,0.672777,-0.134284,-0.309795,0.49677,0.810623,-0.031691,0.00958,0.010702,-0.008441,-0.086297,0.184911,-1.407289,0.046208,0.03144,-0.025444,-0.631146,0.557591,0.539209,-0.737321,-0.647133,-0.193843,0.240855,-0.519914,0.819559,-0.015832,0.004733,0.005322,-0.058002,-0.007148,0.031849,-0.868994,0.076811,0.022931,-0.055202,-0.125332,-0.698868,-0.704183,0.336386,0.637801,-0.692858,0.933346,-0.323715,0.155152,0.007737,0.000713,0.000799,-0.477339,-0.01864,-0.015394,0.513367
601,0.078633,-0.032432,0.395246,0.041649,0.70076,-0.712213,-0.279239,-0.676199,-0.681728,-0.959382,0.226394,0.168399,0.031134,0.011182,-0.007777,-0.362421,0.321556,-0.326954,0.518628,-0.067781,-0.006246,0.385034,0.608582,-0.557055,0.565075,0.733045,0.667309,-0.131444,-0.304632,0.494897,0.81372,-0.018897,0.014653,0.012727,0.03444,-0.159016,0.173758,-1.407503,0.045921,0.031547,-0.025326,-0.626676,0.565776,0.535886,-0.742831,-0.641551,-0.191346,0.235539,-0.517985,0.822321,-0.016112,0.005721,0.00604,0.034514,-0.136431,0.143895,-0.874219,0.077073,0.023016,-0.055259,-0.118562,-0.698544,-0.705675,0.346986,0.636735,-0.688599,0.930345,-0.326501,0.166892,0.015675,0.005889,-0.003667,-1.216179,0.843327,-1.964358,0.51353
602,0.079907,-0.031879,0.394956,0.035848,0.69847,-0.714772,-0.303394,-0.673805,-0.673728,-0.952248,0.240136,0.188643,0.032373,0.015233,-0.004587,-0.093892,0.110061,0.177158,0.518328,-0.068992,-0.00578,0.385562,0.600157,-0.572163,0.558956,0.744948,0.654305,-0.129888,-0.292175,0.495043,0.818186,-0.03215,0.011664,0.012081,0.020588,-0.108805,0.160052,-1.407153,0.045308,0.03179,-0.025054,-0.617413,0.580854,0.53048,-0.754473,-0.628121,-0.190347,0.222642,-0.517756,0.826049,-0.016088,0.005855,0.006074,0.007124,-0.071824,0.176093,-0.876668,0.077711,0.023294,-0.055403,-0.112221,-0.696531,-0.708696,0.371044,0.632241,-0.680144,0.921809,-0.339284,0.187493,0.016402,0.01205,-0.00758,-0.360453,0.349553,-0.574787,0.51402
603,0.081437,-0.031098,0.394665,0.027333,0.690193,-0.72314,-0.331383,-0.676184,-0.657975,-0.943146,0.256758,0.211132,0.034285,0.029183,-0.01117,-1.25732,0.667937,-1.949414,0.517617,-0.070298,-0.005439,0.386021,0.583694,-0.592318,0.555385,0.763748,0.632707,-0.127689,-0.276507,0.499429,0.820961,-0.031249,0.00914,0.010097,-0.001498,0.007362,-0.005727,-1.406832,0.044665,0.031961,-0.024825,-0.599979,0.600482,0.528626,-0.772784,-0.605937,-0.188792,0.206948,-0.521785,0.827593,-0.01555,0.004303,0.004871,0.001472,-0.050723,0.153813,-0.875525,0.078457,0.023673,-0.055545,-0.104248,-0.69045,-0.715828,0.397858,0.630698,-0.666279,0.911504,-0.354256,0.208952,0.017127,0.014511,-0.005663,0.049958,0.042179,0.130401,0.513856
604,0.082234,-0.030659,0.394532,0.023301,0.684527,-0.728646,-0.348801,-0.677415,-0.647625,-0.936948,0.268387,0.223882,0.048476,0.027381,-0.01225,-1.302631,0.665536,-1.970691,0.518096,-0.071018,-0.005321,0.386202,0.568865,-0.609911,0.551718,0.779582,0.613584,-0.1253,-0.26283,0.502133,0.8238,-0.030766,0.007746,0.009022,0.277986,-0.066895,0.399771,-1.407279,0.044305,0.032022,-0.024734,-0.584838,0.617438,0.526055,-0.787819,-0.586792,-0.187126,0.193146,-0.523875,0.829607,-0.021848,0.001715,0.003776,0.930808,-0.229376,1.509248,-0.875525,0.078869,0.023902,-0.05561,-0.099769,-0.685381,-0.721316,0.415337,0.63007,-0.656128,0.904179,-0.365051,0.221803,0.017047,0.010592,-1.2e-05,-0.069393,0.07924,-0.05315,0.513693
605,0.084055,-0.029606,0.394323,0.002238,0.672556,-0.740074,-0.379829,-0.683977,-0.622798,-0.925069,0.281654,0.254843,0.049334,0.023294,0.001892,-0.407652,0.262544,-0.25298,0.51776,-0.072309,-0.005192,0.386532,0.538993,-0.641812,0.545487,0.809155,0.574423,-0.123453,-0.234796,0.508709,0.82822,-0.029625,0.004256,0.00639,0.060379,-0.087669,-0.03894,-1.406851,0.043659,0.032089,-0.024567,-0.553245,0.64876,0.522522,-0.816602,-0.546292,-0.186344,0.164557,-0.529787,0.832013,-0.01482,0.002158,0.003226,0.134168,-0.189878,0.225749,-0.881567,0.079779,0.024428,-0.055721,-0.076597,-0.674712,-0.734095,0.448171,0.634389,-0.629835,0.89066,-0.377244,0.253794,0.024935,0.016275,-0.004201,-1.342868,0.83366,-2.07567,0.51353
606,0.086137,-0.028296,0.394183,-0.012234,0.662813,-0.748715,-0.421607,-0.682316,-0.597213,-0.906693,0.307529,0.288723,0.051634,0.039465,-0.003178,-0.147704,0.356149,0.356891,0.517324,-0.07356,-0.005174,0.386739,0.50315,-0.67881,0.534836,0.839996,0.529569,-0.117891,-0.203852,0.50941,0.835948,-0.028333,0.000114,0.003318,0.085524,-0.262261,0.240372,-1.406723,0.043042,0.032101,-0.024462,-0.516209,0.68428,0.515062,-0.846,-0.501105,-0.182146,0.133461,-0.529768,0.837575,-0.020808,-0.001487,0.001368,0.280567,-0.889623,1.80796,-0.879444,0.080818,0.025074,-0.055791,-0.061677,-0.665517,-0.743829,0.489836,0.629142,-0.603522,0.869629,-0.401578,0.287191,0.032902,0.018795,-0.002177,-0.564666,0.610533,0.133678,0.51353
607,0.088321,-0.026678,0.394114,-0.014394,0.657505,-0.753342,-0.45669,-0.674506,-0.580042,-0.889504,0.334873,0.310919,0.05181,0.041474,-0.001949,-0.18435,-0.069394,0.28632,0.518194,-0.074567,-0.005256,0.386823,0.447183,-0.724423,0.524624,0.880219,0.460581,-0.114079,-0.159567,0.513691,0.842925,-0.026993,-0.004362,3.3e-05,0.165675,-0.404844,0.606781,-1.406563,0.042533,0.032063,-0.024417,-0.45954,0.727392,0.509629,-0.883667,-0.432078,-0.180112,0.089187,-0.533112,0.84133,-0.012784,-0.007082,0.005056,1.113852,-2.356153,6.197945,-0.875362,0.081893,0.025874,-0.055819,-0.057991,-0.661657,-0.74756,0.523468,0.617469,-0.587122,0.850069,-0.425372,0.310549,0.026184,0.021564,-0.000389,-2.609329,-0.375955,-1.26544,0.513693
608,0.089266,-0.025877,0.394105,-0.012883,0.657417,-0.753447,-0.47103,-0.668597,-0.575397,-0.882019,0.346661,0.319211,0.051936,0.042565,-0.001271,-0.320627,-0.336984,0.593554,0.517082,-0.074972,-0.005365,0.386844,0.411802,-0.748928,0.519151,0.901982,0.416106,-0.114975,-0.130447,0.516536,0.84619,-0.02644,-0.006256,-0.001352,0.336011,-0.285108,0.468467,-1.406121,0.042329,0.03201,-0.024406,-0.422945,0.751347,0.506551,-0.904158,-0.387002,-0.180905,0.060114,-0.534516,0.843017,-0.012267,-0.008301,0.004053,2.969648,-0.958229,4.690655,-0.876831,0.082386,0.026291,-0.055824,-0.059112,-0.661301,-0.747787,0.537517,0.610142,-0.582066,0.841177,-0.436356,0.319394,0.026121,0.021763,-0.000299,-1.192397,-0.977738,0.802622,0.51402
609,0.090785,-0.024144,0.394197,-0.01955,0.653667,-0.75656,-0.503008,-0.660333,-0.557598,-0.864048,0.368838,0.342648,0.038205,0.046495,0.001144,-0.023132,0.114512,0.228678,0.516306,-0.075532,-0.005555,0.386776,0.353259,-0.788701,0.50314,0.931656,0.345411,-0.112443,-0.085567,0.509451,0.856155,-0.012578,-0.00536,-0.002305,0.475298,-0.708584,0.534673,-1.406527,0.042036,0.031908,-0.024442,-0.36028,0.789966,0.496137,-0.932726,-0.313521,-0.178119,0.014842,-0.526932,0.849777,-0.006232,-0.002858,-0.001285,0.541618,-0.856683,0.46663,-0.869647,0.083151,0.027157,-0.055778,-0.052748,-0.658261,-0.750938,0.568815,0.598263,-0.564384,0.820771,-0.456915,0.342871,0.018757,0.018206,0.005345,-0.170211,0.170358,0.051968,0.512713
610,0.092036,-0.022225,0.39436,-0.035767,0.646597,-0.762023,-0.540366,-0.653882,-0.529543,-0.840636,0.392023,0.373732,0.024883,0.05131,0.004199,-0.041246,0.227917,0.198735,0.516995,-0.075731,-0.005671,0.386706,0.292286,-0.822158,0.488484,0.955216,0.275555,-0.10754,-0.046575,0.49906,0.865235,0.000561,-0.001951,-0.001423,2.815259,-0.977047,5.049595,-1.406387,0.041937,0.031847,-0.024479,-0.303069,0.8205,0.484693,-0.952708,-0.249,-0.174197,-0.022241,-0.514565,0.857162,0.000333,-0.00113,-0.000832,0.137485,-0.415369,0.22604,-0.868177,0.083766,0.028096,-0.0557,-0.036201,-0.652651,-0.756792,0.605297,0.588252,-0.536258,0.795175,-0.477498,0.373753,0.012662,0.026388,0.002634,-0.549975,0.471926,-0.244554,0.512877
611,0.092571,-0.021259,0.394466,-0.043462,0.643718,-0.764058,-0.558876,-0.649527,-0.515504,-0.828068,0.403805,0.388937,0.024604,0.042996,0.014917,-1.595054,0.813543,-2.016458,0.516041,-0.075734,-0.005693,0.386678,0.258743,-0.837029,0.482107,0.965646,0.236432,-0.107525,-0.024329,0.494406,0.868812,0.000569,-0.001979,-0.001443,2.750679,-0.896099,5.074168,-1.406466,0.041936,0.031836,-0.024494,-0.268922,0.834728,0.480529,-0.962122,-0.209642,-0.174271,-0.04473,-0.509193,0.859488,-0.000824,0.00455,-0.005071,0.124017,-0.311775,0.329442,-0.869647,0.084048,0.0286,-0.055649,-0.030127,-0.651933,-0.757676,0.622012,0.581137,-0.524766,0.782427,-0.487094,0.388003,0.012584,0.026303,0.002479,-0.151676,0.341271,0.13522,0.51255
612,0.093478,-0.019164,0.394797,-0.063712,0.637488,-0.767851,-0.592826,-0.643064,-0.484765,-0.802738,0.423521,0.419845,0.026209,0.056907,0.00774,-4.740512,-2.363758,1.886574,0.497509,-0.075514,-0.00572,0.386621,0.205801,-0.858593,0.469527,0.978528,0.17529,-0.108116,0.010246,0.482764,0.875612,0.014265,-0.000469,-0.001947,0.078989,-0.234381,0.118225,-1.40689,0.04204,0.031824,-0.02452,-0.209542,0.856236,0.472176,-0.974342,-0.142271,-0.174401,-0.082151,-0.496606,0.864079,0.007019,0.000177,-0.000688,0.088815,-0.325707,0.325857,-0.874709,0.084501,0.029639,-0.055484,-0.003874,-0.647507,-0.762049,0.652854,0.575602,-0.492404,0.757473,-0.499415,0.420498,0.00594,0.024577,0.009422,-1.697937,0.680515,-2.028312,0.498507
613,0.093966,-0.016862,0.395409,-0.11304,0.617917,-0.778104,-0.643779,-0.641994,-0.41637,-0.756687,0.453088,0.471341,0.000755,0.067986,0.014972,-2.313721,1.135078,-2.903202,0.496973,-0.074922,-0.00572,0.386403,0.161625,-0.873338,0.459509,0.986152,0.125474,-0.108139,0.036562,0.471713,0.880916,0.01287,0.00773,-0.012738,0.061226,-0.123749,0.225692,-1.406724,0.042327,0.031819,-0.024625,-0.164704,0.869763,0.465171,-0.980367,-0.092522,-0.174125,-0.108409,-0.484717,0.867926,0.006533,0.003539,-0.006622,0.065626,-0.161586,0.462117,-0.875525,0.084753,0.030782,-0.055184,0.040953,-0.633923,-0.77231,0.705903,0.565393,-0.42665,0.707123,-0.527704,0.470642,0.006917,0.028132,0.011743,-2.285719,0.998695,-2.166202,0.484138
614,0.093893,-0.014308,0.396226,-0.154945,0.597961,-0.786435,-0.691147,-0.634361,-0.346228,-0.70573,0.489149,0.512548,-0.011916,0.072762,0.017658,-0.067647,0.685708,-1.27367,0.510102,-0.074106,-0.005475,0.386205,0.112981,-0.88861,0.444521,0.992116,0.076537,-0.098902,0.0537,0.4533,0.889662,0.011592,0.012122,-0.009528,0.187379,-0.458197,0.343567,-1.406202,0.042748,0.031932,-0.024732,-0.114376,0.883287,0.454665,-0.985586,-0.043466,-0.163493,-0.124648,-0.466812,0.875527,0.013299,0.002951,0.000518,0.224912,-0.565592,0.211831,-0.875199,0.084723,0.032062,-0.054773,0.086394,-0.618302,-0.781177,0.75406,0.553031,-0.354329,0.651097,-0.558443,0.514016,0.000542,0.030578,0.013132,-0.148805,0.531782,-1.013878,0.495894
615,0.093674,-0.012957,0.396682,-0.165131,0.589854,-0.790475,-0.709978,-0.627356,-0.319886,-0.684397,0.50766,0.523363,-0.011881,0.072405,0.017089,-1.316854,0.101115,-0.67219,0.505642,-0.073626,-0.005218,0.386092,0.085599,-0.897521,0.432573,0.994979,0.054502,-0.08354,0.051275,0.438674,0.897106,0.02452,0.01629,-0.0081,-0.531084,-0.693341,0.488126,-1.406284,0.042973,0.032058,-0.024789,-0.087538,0.891035,0.445412,-0.988334,-0.021745,-0.150739,-0.124628,-0.453411,0.882544,0.012222,0.008298,-0.00396,0.171977,-0.36167,0.321495,-0.875362,0.084619,0.032717,-0.054553,0.099164,-0.610923,-0.785454,0.768898,0.54809,-0.329228,0.631633,-0.571287,0.524089,-0.006166,0.031653,0.013692,-0.028786,0.610476,-1.54427,0.498834
616,0.093416,-0.010523,0.397602,-0.184626,0.578283,-0.7947,-0.74109,-0.612959,-0.273931,-0.645306,0.537648,0.542717,0.001023,0.060094,0.024593,-4.431788,-0.834543,1.367621,0.487374,-0.072606,-0.004495,0.385765,0.013869,-0.91761,0.397228,0.998817,-0.005633,-0.047597,0.045877,0.398568,0.915916,0.024162,0.017402,-0.00729,-0.419245,-1.074453,0.741295,-1.405897,0.043501,0.03243,-0.024953,-0.0113,0.910169,0.414082,-0.993061,0.03826,-0.111195,-0.117049,-0.412466,0.903421,0.012055,0.008806,-0.003593,-0.428808,-1.16673,0.730028,-0.869647,0.084481,0.033987,-0.054075,0.119393,-0.601058,-0.790236,0.800533,0.529075,-0.281468,0.587273,-0.599006,0.544335,0.000473,0.029947,0.012253,-4.427735,-0.839957,1.36227,0.482994
617,0.093711,-0.008231,0.398418,-0.182175,0.577736,-0.795663,-0.773627,-0.583617,-0.246705,-0.606675,0.569882,0.554263,0.000212,0.057092,0.022004,0.367886,0.145661,-0.305416,0.451257,-0.071565,-0.003452,0.385273,-0.032672,-0.934711,0.353893,0.998933,-0.041811,-0.017885,0.031536,0.354104,0.934601,0.02316,0.020574,-0.004967,0.330005,-0.8547,0.621241,-1.405955,0.044005,0.03293,-0.025194,0.037501,0.926074,0.375472,-0.994095,0.072855,-0.080407,-0.101818,-0.37024,0.923339,0.010633,0.015179,-0.007306,0.257935,-1.092495,0.614547,-0.86834,0.08463,0.035117,-0.053672,0.115848,-0.600477,-0.791204,0.831059,0.494856,-0.253883,0.543984,-0.628126,0.556361,0.006846,0.027775,0.010489,1.24534,-0.430545,1.191415,0.447397
618,0.093971,-0.007225,0.398808,-0.18261,0.579904,-0.793984,-0.783243,-0.573886,-0.239077,-0.594079,0.577501,0.559992,0.012563,0.05164,0.018123,0.495591,0.111903,-0.166146,0.425902,-0.07116,-0.00283,0.38501,-0.0572,-0.94134,0.332563,0.997948,-0.063156,-0.006775,0.027435,0.332676,0.942569,0.020362,0.033142,-0.012524,0.093484,-0.86473,0.979237,-1.405764,0.044226,0.033257,-0.025335,0.064127,0.933175,0.353653,-0.993043,0.09474,-0.069921,-0.098754,-0.34671,0.932758,0.010129,0.016788,-0.00612,0.063012,-0.819024,0.99202,-0.871606,0.084756,0.035624,-0.053473,0.116232,-0.602919,-0.789289,0.83968,0.484099,-0.24614,0.530498,-0.634141,0.562526,0.005995,0.02106,0.014034,1.630166,-0.472674,1.256183,0.417678
619,0.094467,-0.005675,0.399627,-0.188379,0.583021,-0.790345,-0.793213,-0.564774,-0.227627,-0.578852,0.583305,0.569836,0.022707,0.031278,0.020529,-0.023751,0.362269,-0.364595,0.389967,-0.070308,-0.001162,0.384389,-0.095204,-0.952722,0.28853,0.995039,-0.099151,0.001329,0.027444,0.288424,0.957038,0.029734,0.051783,-0.017268,0.606024,-1.19104,0.79188,-1.405874,0.044641,0.03407,-0.02564,0.10518,0.943165,0.31524,-0.989727,0.130147,-0.059162,-0.096827,-0.305779,0.947165,0.014973,0.0256,-0.008866,0.289288,-0.778564,0.974718,-0.867034,0.085002,0.036413,-0.053061,0.121258,-0.606335,-0.785908,0.848355,0.47437,-0.235087,0.515353,-0.638224,0.571909,0.004814,0.017014,0.011176,-0.012775,0.347936,-0.16366,0.359057
620,0.094789,-0.004601,0.400474,-0.195995,0.590656,-0.782788,-0.799068,-0.558854,-0.221683,-0.568167,0.581315,0.582483,0.00742,0.026252,0.017055,-0.014187,0.56585,-0.130492,0.384964,-0.069186,0.000843,0.383807,-0.129973,-0.956775,0.260155,0.990842,-0.13478,-0.000218,0.035418,0.25895,0.965171,0.028902,0.053709,-0.015873,0.299803,-0.590211,0.810568,-1.405715,0.045201,0.035077,-0.025928,0.141022,0.947501,0.286972,-0.984341,0.165161,-0.061597,-0.10576,-0.273792,0.955956,0.015269,0.022531,-0.002761,0.279313,-0.61867,0.800763,-0.86981,0.085169,0.036953,-0.052635,0.12805,-0.613747,-0.779048,0.853456,0.468318,-0.228668,0.505187,-0.635603,0.583775,0.003462,0.008507,0.013587,-0.043802,0.81592,-0.021284,0.325092
621,0.094993,-0.004079,0.401246,-0.20483,0.595521,-0.776818,-0.801825,-0.557205,-0.215806,-0.561116,0.577925,0.592603,0.003718,0.005628,0.019717,-0.040817,0.221765,-0.114793,0.391804,-0.06793,0.002924,0.383297,-0.152808,-0.959051,0.238458,0.987165,-0.159313,-0.007664,0.045514,0.235436,0.970753,0.04145,0.057774,-0.014562,0.270045,-0.414,0.48984,-1.405928,0.045823,0.03612,-0.02618,0.165496,0.949451,0.266746,-0.979426,0.189901,-0.06827,-0.115474,-0.24996,0.961345,0.014084,0.027662,-0.007385,0.26618,-0.338079,0.297559,-0.86932,0.085274,0.037226,-0.052247,0.136719,-0.620762,-0.771984,0.856066,0.466167,-0.223241,0.498454,-0.630349,0.595148,0.00183,0.002754,0.009817,-0.047369,0.28112,-0.275535,0.330971
622,0.095059,-0.004033,0.401601,-0.207338,0.597448,-0.774669,-0.804794,-0.554312,-0.21217,-0.555919,0.578713,0.596718,0.002341,0.000751,0.016559,-0.050764,0.207645,-0.33621,0.389858,-0.067249,0.003912,0.383105,-0.159757,-0.959793,0.230797,0.985862,-0.16697,-0.011454,0.049713,0.226915,0.972575,0.030468,0.044018,-0.006283,0.266086,-0.366848,0.230769,-1.406378,0.046167,0.036621,-0.026278,0.173258,0.949954,0.259937,-0.977626,0.197848,-0.071422,-0.119276,-0.241747,0.96298,0.021608,0.024156,-0.002429,0.325888,-0.463661,0.257612,-0.873566,0.085307,0.037251,-0.052075,0.138744,-0.623047,-0.76978,0.858738,0.462854,-0.219849,0.493273,-0.630537,0.599252,0.001048,-1.9e-05,0.008022,-0.04146,0.101604,-0.166199,0.331787
623,0.095119,-0.004265,0.402248,-0.214439,0.600593,-0.770292,-0.807779,-0.552348,-0.205857,-0.548847,0.577332,0.604551,0.000134,-0.014641,0.022741,-0.076825,0.137568,-0.173779,0.375633,-0.065869,0.005742,0.382765,-0.164524,-0.960897,0.222711,0.984328,-0.174404,-0.024806,0.062867,0.216353,0.974219,0.030699,0.042617,-0.007318,0.242397,-0.26221,0.059923,-1.405931,0.046845,0.037522,-0.026444,0.178566,0.951057,0.252197,-0.975007,0.205473,-0.08451,-0.132194,-0.230803,0.963978,0.015462,0.021018,-0.003893,0.32553,-0.372809,0.012857,-0.880587,0.085336,0.037135,-0.051752,0.145767,-0.626749,-0.765465,0.861464,0.460854,-0.21329,0.486447,-0.62833,0.607099,0.000124,-0.003305,0.005909,-0.04322,0.102162,-0.196956,0.32101
624,0.095088,-0.004809,0.402827,-0.22383,0.602868,-0.76583,-0.807779,-0.55436,-0.200376,-0.545075,0.573019,0.612021,-0.001097,-0.01146,0.008722,-0.025472,0.258824,0.083404,0.371672,-0.064912,0.006989,0.382727,-0.159876,-0.963779,0.213449,0.983204,-0.174744,-0.052047,0.087642,0.20276,0.975228,0.019794,0.028916,0.000975,0.413829,-0.497724,-0.118921,-1.406069,0.047339,0.038165,-0.02647,0.174949,0.954156,0.242855,-0.97204,0.206621,-0.111557,-0.156621,-0.216548,0.963626,0.010874,0.009692,0.005319,0.502033,-0.745314,0.002044,-0.88369,0.085321,0.036861,-0.051457,0.15492,-0.62912,-0.761713,0.86163,0.463241,-0.207363,0.483313,-0.624191,0.613834,-0.000983,-0.011024,0.009001,-0.064142,0.496032,-0.089747,0.307131
625,0.095049,-0.005147,0.403116,-0.227362,0.601985,-0.765484,-0.807718,-0.555619,-0.197107,-0.543698,0.57273,0.613514,-0.001709,-0.021198,0.018555,-0.070247,0.034769,-0.032533,0.37223,-0.064556,0.007446,0.382836,-0.157687,-0.966406,0.202944,0.982263,-0.174633,-0.067808,0.10115,0.189872,0.976515,0.021958,0.018568,0.010076,2.728621,0.901889,-0.439582,-1.406529,0.047516,0.038399,-0.026418,0.174533,0.956946,0.231929,-0.970493,0.206982,-0.123691,-0.16637,-0.203497,0.964836,0.004485,0.007689,0.00468,0.373346,-0.552197,0.013138,-0.888752,0.0853,0.03669,-0.05132,0.158624,-0.629289,-0.76081,0.861738,0.464351,-0.204412,0.481917,-0.623195,0.61594,-0.000689,-0.006195,0.004064,-0.044737,0.074347,-0.208146,0.305171
626,0.094938,-0.005839,0.403698,-0.233561,0.602842,-0.762939,-0.808046,-0.556722,-0.192599,-0.540569,0.570754,0.618103,-0.001454,-0.020296,0.019149,-0.070178,0.036042,-0.032022,0.37,-0.064011,0.008026,0.3833,-0.157909,-0.972973,0.168461,0.98006,-0.17531,-0.093179,0.120372,0.151618,0.981012,0.010776,0.006119,0.019252,0.701983,-0.971791,-0.187192,-1.406577,0.047794,0.038691,-0.026192,0.176379,0.964033,0.198821,-0.966289,0.208065,-0.151637,-0.187551,-0.165373,0.968233,0.004536,0.007449,0.004488,0.835547,-1.150901,-0.070871,-0.892834,0.085242,0.036329,-0.051027,0.164756,-0.630784,-0.758265,0.862209,0.465456,-0.199862,0.47901,-0.620854,0.620555,-0.000736,-0.010148,0.009575,-0.071116,0.014379,-0.041141,0.302069
627,0.094737,-0.006551,0.404497,-0.233151,0.603349,-0.762664,-0.80768,-0.556871,-0.193701,-0.541292,0.570074,0.618098,-0.00103,-0.018789,0.020135,-0.070059,0.030844,-0.033643,0.361719,-0.063571,0.008413,0.383902,-0.164985,-0.97742,0.13199,0.976387,-0.180847,-0.117884,0.139279,0.110662,0.983981,0.010728,0.006173,0.019253,0.494763,-0.776327,0.132389,-1.406415,0.048015,0.038884,-0.025891,0.185308,0.969315,0.16152,-0.960789,0.213215,-0.177261,-0.206261,-0.122339,0.970818,0.004509,0.00747,0.004493,0.633162,-0.955615,0.255939,-0.897569,0.085142,0.035979,-0.050635,0.164192,-0.631083,-0.758138,0.861804,0.465709,-0.201018,0.479931,-0.620361,0.620336,-0.007032,-0.008019,0.010984,-0.075121,0.047272,-0.068276,0.294557
628,0.094518,-0.00735,0.405447,-0.229116,0.605003,-0.762576,-0.807287,-0.555767,-0.198448,-0.543599,0.569396,0.616697,-0.001615,-0.028424,0.030079,-0.105711,0.046391,-0.051151,0.364042,-0.063268,0.008871,0.384528,-0.177456,-0.979138,0.098937,0.971106,-0.190604,-0.143373,0.159442,0.071877,0.984517,-0.005326,0.015864,0.011181,0.721264,-1.015748,0.220523,-1.406463,0.048173,0.039105,-0.025578,0.200045,0.971004,0.130887,-0.953779,0.223564,-0.200805,-0.224245,-0.084667,0.970847,-0.002662,0.007904,0.005569,0.308245,-0.487555,0.217856,-0.908347,0.085033,0.035574,-0.050152,0.160057,-0.63229,-0.758017,0.861293,0.464613,-0.205687,0.482239,-0.619954,0.618952,-0.000824,-0.014226,0.015032,-0.109813,0.048527,-0.055923,0.289985
629,0.094394,-0.007754,0.405901,-0.225282,0.606362,-0.762639,-0.806913,-0.554747,-0.202778,-0.545757,0.568945,0.615206,-0.014314,-0.016937,0.021418,0.462992,-0.215727,0.512954,0.365431,-0.063265,0.009181,0.384844,-0.18407,-0.979237,0.084881,0.968043,-0.195663,-0.156659,0.170225,0.054574,0.983823,0.006626,0.021948,0.013863,0.74375,-0.962946,0.061184,-1.4062,0.048171,0.039256,-0.025422,0.207683,0.971108,0.117537,-0.949725,0.228956,-0.213542,-0.234283,-0.067279,0.969837,-0.003152,0.009358,0.006572,0.370941,-0.6351,0.403778,-0.911776,0.084976,0.03538,-0.049932,0.156736,-0.633113,-0.758023,0.860959,0.46365,-0.209228,0.483923,-0.619834,0.617756,-0.000661,-0.009857,0.009788,1.709527,-0.83876,1.884852,0.291128
630,0.094125,-0.008485,0.40669,-0.216835,0.609569,-0.762532,-0.810628,-0.547607,-0.207315,-0.543679,0.572416,0.613824,-0.014292,-0.016805,0.021519,-0.071485,0.045505,-0.063691,0.367366,-0.063269,0.009946,0.385461,-0.191766,-0.979208,0.066106,0.962087,-0.200967,-0.184218,0.193892,0.029515,0.980509,0.006152,0.023238,0.014668,0.719509,-0.903023,0.089502,-1.406867,0.04817,0.039651,-0.025105,0.216727,0.971202,0.09897,-0.941757,0.2347,-0.240847,-0.257139,-0.041008,0.965503,0.003032,0.01172,0.007399,0.649915,-0.85045,0.111854,-0.920593,0.084841,0.035012,-0.049539,0.147297,-0.635516,-0.757906,0.863688,0.456073,-0.214569,0.482022,-0.62299,0.616065,-0.000626,-0.009733,0.009878,-0.064767,-0.040793,0.145591,0.294394
631,0.0938,-0.008998,0.407355,-0.214856,0.610546,-0.762309,-0.811199,-0.54617,-0.20887,-0.543616,0.572746,0.613572,-5.4e-05,-0.007759,0.011149,-0.033835,0.004753,0.009671,0.368398,-0.063267,0.010793,0.386079,-0.204513,-0.977084,0.058931,0.952355,-0.212633,-0.218499,0.226257,0.012678,0.973915,-0.005189,0.011711,0.024394,0.361309,-0.56096,0.233445,-1.406902,0.048176,0.040061,-0.024812,0.228977,0.969095,0.091773,-0.929471,0.245674,-0.275183,-0.289225,-0.022289,0.957,-0.003543,0.010491,0.007257,0.571546,-0.741239,0.142349,-0.928268,0.084672,0.034749,-0.049205,0.145325,-0.636262,-0.757661,0.864104,0.454598,-0.216017,0.481875,-0.623306,0.615861,-0.007049,-0.007999,0.011029,-0.072755,0.046187,-0.065376,0.29521
632,0.093406,-0.009323,0.40785,-0.214092,0.611048,-0.762122,-0.811195,-0.545815,-0.20981,-0.543923,0.572549,0.613483,-0.013089,0.00263,0.001747,-0.000984,0.014715,-0.029553,0.374205,-0.063751,0.011455,0.386829,-0.20908,-0.977134,0.038536,0.943557,-0.212042,-0.254307,0.256903,-0.015568,0.966241,-0.019139,0.011946,0.025907,0.843458,-0.875423,-0.508805,-1.406804,0.047938,0.040397,-0.024435,0.235966,0.969008,0.073095,-0.918482,0.246961,-0.308868,-0.317347,0.005746,0.948291,-0.010582,0.010843,0.008157,0.482948,-0.270363,-1.464729,-0.928758,0.084477,0.034588,-0.04895,0.14451,-0.636682,-0.757464,0.864068,0.454224,-0.216948,0.482185,-0.623149,0.615777,-0.00656,0.001295,0.000865,-0.002587,0.015557,-0.031479,0.301089
633,0.093248,-0.009422,0.407981,-0.212442,0.611585,-0.762153,-0.810733,-0.545672,-0.211957,-0.545259,0.572112,0.612706,-0.000761,-0.010222,0.009573,-0.035265,0.015375,-0.017077,0.376695,-0.064105,0.011773,0.387303,-0.215343,-0.97623,0.024382,0.938736,-0.213935,-0.270077,0.269121,-0.034029,0.962434,-0.019824,0.014122,0.027297,0.707953,-0.92004,0.236115,-1.406849,0.047762,0.040554,-0.024199,0.242289,0.968463,0.058085,-0.912521,0.24781,-0.325413,-0.329545,0.02584,0.943785,-0.009993,0.007251,0.013784,0.914353,-1.049514,-0.042187,-0.929738,0.084398,0.034543,-0.048888,0.142796,-0.637038,-0.757489,0.863571,0.454125,-0.21912,0.483583,-0.622857,0.614975,-0.006695,0.00082,0.00056,-0.002818,0.01567,-0.031677,0.304518
634,0.093013,-0.009448,0.40805,-0.20868,0.612672,-0.762319,-0.809508,-0.545541,-0.216921,-0.548526,0.571072,0.610756,-1.7e-05,-6.1e-05,-3.9e-05,1.1e-05,-5e-06,1.1e-05,0.377028,-0.064779,0.012677,0.388328,-0.219528,-0.975554,-0.009739,0.931173,-0.206662,-0.300237,0.291136,-0.073738,0.953764,-0.021323,0.018898,0.030281,0.781463,-0.893017,0.058548,-1.406614,0.047428,0.040996,-0.023699,0.248314,0.968357,0.024979,-0.903544,0.240836,-0.354409,-0.34921,0.065435,0.934756,-0.005428,0.016242,0.01096,0.460226,-0.582206,0.239565,-0.937902,0.084284,0.034523,-0.048852,0.138909,-0.637725,-0.757634,0.862322,0.454068,-0.224102,0.486933,-0.622195,0.612999,-9e-06,-2.1e-05,-9e-06,-0.004156,0.002049,-0.004529,0.308764
635,0.092936,-0.009403,0.408031,-0.208947,0.612583,-0.762318,-0.809402,-0.545756,-0.216775,-0.54858,0.570963,0.61081,-0.0,-1e-06,-1e-06,0.0,-0.0,0.0,0.377581,-0.064982,0.013125,0.388934,-0.227925,-0.973489,-0.018982,0.923727,-0.21015,-0.320157,0.307942,-0.089266,0.947136,-0.009205,0.024037,0.032169,2.812401,0.811198,0.899566,-1.40682,0.047322,0.041218,-0.023397,0.257298,0.966217,0.01489,-0.895858,0.244281,-0.371166,-0.362264,0.082161,0.928446,-0.004447,0.01149,0.015748,0.660588,-0.788358,0.119261,-0.93382,0.084241,0.034543,-0.048857,0.139266,-0.637657,-0.757626,0.862259,0.454303,-0.223865,0.486941,-0.622094,0.613095,4e-06,1.5e-05,1.2e-05,-0.000525,0.0003,-0.000656,0.309907
636,0.092812,-0.009314,0.40798,-0.209393,0.612423,-0.762324,-0.809191,-0.546153,-0.216563,-0.548721,0.570755,0.610877,-0.01309,0.002635,0.001748,-0.000984,0.014715,-0.029553,0.379132,-0.065256,0.013946,0.390292,-0.246049,-0.968909,-0.025836,0.905984,-0.220557,-0.361223,0.344578,-0.111052,0.932093,-0.009573,0.025193,0.032646,0.899484,-0.714044,0.360845,-1.406862,0.047181,0.04164,-0.022703,0.275815,0.961156,0.010239,-0.874001,0.25521,-0.413508,-0.400059,0.105103,0.910442,0.002241,0.010233,0.022089,1.356794,-0.267271,0.368976,-0.934473,0.084179,0.034592,-0.048886,0.139717,-0.637542,-0.757639,0.862083,0.454733,-0.223673,0.487125,-0.621897,0.613149,-0.006545,0.001321,0.000881,-0.000965,0.01473,-0.0296,0.312356
637,0.092742,-0.009279,0.407942,-0.209802,0.612283,-0.762324,-0.809045,-0.546466,-0.216318,-0.548779,0.570607,0.610963,-0.000218,-0.000757,-0.000486,0.0,0.0,0.0,0.382996,-0.065412,0.014939,0.391722,-0.239834,-0.970669,-0.01648,0.891497,-0.213609,-0.399423,0.384463,-0.109251,0.916578,-0.007048,0.013961,0.040934,0.348017,-0.211979,-0.173695,-1.406875,0.047099,0.042138,-0.021999,0.270264,0.962607,0.018551,-0.856709,0.249234,-0.451586,-0.439324,0.106155,0.892034,-0.004367,0.011955,0.015535,1.206939,2.120814,-4.410429,-0.928595,0.084144,0.034611,-0.048903,0.140141,-0.637447,-0.757642,0.861972,0.455063,-0.223431,0.4872,-0.621754,0.613234,-0.000171,-0.000591,-0.000375,2e-05,-3e-06,-3.5e-05,0.315458
638,0.092693,-0.0093,0.407917,-0.207809,0.612826,-0.762433,-0.808377,-0.546413,-0.218933,-0.550521,0.570073,0.609894,-0.000248,-0.000862,-0.000554,0.0,-0.0,0.0,0.384061,-0.065656,0.015454,0.392997,-0.24025,-0.970699,-0.003836,0.876642,-0.215389,-0.430162,0.417007,-0.105473,0.902687,-0.004353,0.005883,0.03551,0.268071,-0.408815,0.285698,-1.406804,0.046974,0.042417,-0.021342,0.268621,0.962741,0.031155,-0.840046,0.249968,-0.481495,-0.471343,0.103168,0.875893,-0.008249,0.000581,0.016905,0.355642,-0.337345,0.029474,-0.936269,0.084119,0.034599,-0.048917,0.13809,-0.637776,-0.757741,0.861287,0.455062,-0.226058,0.488994,-0.621416,0.612148,-0.00013,-0.000448,-0.000287,-0.001123,0.000559,-0.00122,0.318887
639,0.092647,-0.009313,0.407908,-0.20514,0.611221,-0.764442,-0.807592,-0.546893,-0.220626,-0.552672,0.571336,0.606759,-0.000356,-0.001234,-0.000793,-0.000799,-0.013101,-0.005135,0.384178,-0.065716,0.015477,0.39369,-0.233286,-0.972398,0.003406,0.871986,-0.210862,-0.441715,0.430507,-0.098837,0.897083,-0.003181,0.002357,0.033188,0.605163,0.371034,0.41178,-1.406755,0.046944,0.042431,-0.020994,0.261487,0.964506,0.036757,-0.83489,0.245128,-0.492817,-0.484335,0.098178,0.869355,-0.000586,-0.003747,0.021344,1.761141,1.796104,0.857026,-0.931534,0.084097,0.034593,-0.04892,0.135555,-0.635679,-0.759958,0.860541,0.455673,-0.22766,0.491012,-0.623115,0.608797,-0.000225,-0.000783,-0.000502,-0.001329,0.015166,0.004756,0.319867
640,0.09253,-0.009304,0.407952,-0.203133,0.611802,-0.764513,-0.806973,-0.546762,-0.223201,-0.554317,0.570839,0.605725,0.000255,0.000883,0.000568,-0.0,-3e-06,-1e-06,0.382456,-0.065759,0.015348,0.395123,-0.221513,-0.975098,0.010347,0.867207,-0.201951,-0.455084,0.446092,-0.090593,0.890313,-0.002746,0.001058,0.032277,0.426423,3.1197,-4.823802,-1.406888,0.046923,0.042359,-0.02027,0.251271,0.96693,0.043688,-0.828909,0.238271,-0.506098,-0.49977,0.090955,0.861368,-0.001075,0.000249,0.015756,0.453158,3.186503,-4.803788,-0.93333,0.084037,0.034595,-0.048901,0.133547,-0.636268,-0.75982,0.859914,0.455523,-0.230312,0.492656,-0.622623,0.60797,0.000151,0.000526,0.000339,-0.000386,0.000954,-0.000252,0.319051
641,0.092451,-0.009295,0.40797,-0.203484,0.61171,-0.764493,-0.806928,-0.54694,-0.222925,-0.554253,0.570766,0.605852,-0.000299,-0.001036,-0.000666,-0.0,-0.0,-0.0,0.385317,-0.065802,0.015227,0.396782,-0.210363,-0.977547,0.011869,0.866446,-0.192167,-0.460735,0.452908,-0.085394,0.887381,-0.002437,-0.003476,0.04509,-0.019447,-0.011047,-0.234093,-1.407347,0.046902,0.04229,-0.019481,0.238608,0.970072,0.045004,-0.828419,0.22751,-0.511821,-0.506742,0.084842,0.857912,-0.001447,-0.001141,0.022933,0.036641,-0.122753,-0.035138,-0.930717,0.083999,0.034605,-0.048888,0.133913,-0.636219,-0.759797,0.859891,0.455708,-0.230034,0.492598,-0.622538,0.608105,-0.000209,-0.000722,-0.000461,-0.001416,0.010597,-0.026824,0.32101
642,0.092428,-0.009291,0.407948,-0.201358,0.612287,-0.764594,-0.806249,-0.546828,-0.225642,-0.556017,0.570255,0.604716,-0.000226,-0.000782,-0.000502,3e-06,-2e-06,3e-06,0.386175,-0.065879,0.015146,0.397679,-0.207341,-0.978169,0.01365,0.865054,-0.18996,-0.464252,0.456942,-0.083206,0.885519,-0.000949,-0.011573,0.055694,0.019365,-0.066041,-0.030632,-1.407452,0.046867,0.042253,-0.019019,0.235261,0.970821,0.046459,-0.826951,0.225055,-0.515268,-0.510689,0.082803,0.855768,-0.001504,-0.000965,0.023009,0.185704,0.127814,-0.128733,-0.929248,0.083987,0.034604,-0.048901,0.131703,-0.636571,-0.759888,0.859181,0.455648,-0.232792,0.49443,-0.622223,0.60694,-0.000146,-0.000508,-0.000326,-0.003333,0.001642,-0.003624,0.322643
643,0.092365,-0.009303,0.40788,-0.197193,0.61341,-0.76478,-0.804837,-0.546665,-0.231013,-0.559547,0.569204,0.602446,1e-06,0.007554,-0.011287,0.195345,-0.093408,0.190452,0.385552,-0.066358,0.014674,0.399468,-0.1988,-0.979942,0.013527,0.857181,-0.180669,-0.482218,0.475211,-0.083023,0.875868,-0.013326,-0.011468,0.041198,0.152166,-0.129411,-0.32679,-1.407435,0.046628,0.042028,-0.018112,0.226923,0.97284,0.045667,-0.818016,0.215837,-0.533163,-0.528539,0.083631,0.844778,-0.005702,-0.010559,0.025463,0.144404,-0.152442,-0.357287,-0.935126,0.083956,0.034597,-0.048929,0.12813,-0.637136,-0.760026,0.857961,0.455617,-0.237306,0.497477,-0.621668,0.605016,-0.000143,-0.000505,-0.000325,1.777909,-0.865074,1.92451,0.324603
644,0.092363,-0.009393,0.407846,-0.194239,0.611887,-0.766753,-0.804104,-0.546961,-0.232856,-0.561632,0.570557,0.599217,-0.000638,-0.002205,-0.001419,-0.000688,-0.011136,-0.004364,0.384366,-0.066769,0.013694,0.401323,-0.188389,-0.982067,0.006753,0.844884,-0.165688,-0.508579,0.500785,-0.088857,0.860919,-0.008859,-0.02866,0.046253,0.648665,-0.561837,-0.585278,-1.407765,0.046423,0.041561,-0.0172,0.216907,0.975346,0.040612,-0.805562,0.202337,-0.556891,-0.55138,0.088078,0.829591,-0.004292,-0.014847,0.022811,0.3626,-0.270266,-0.671756,-0.93235,0.083955,0.034554,-0.048951,0.124643,-0.635201,-0.762222,0.85703,0.456021,-0.239881,0.499963,-0.623348,0.601226,-0.000371,-0.001282,-0.000825,-0.003005,0.026856,-0.02129,0.322807
645,0.092373,-0.009464,0.407801,-0.194494,0.611802,-0.766757,-0.804064,-0.547107,-0.232653,-0.561602,0.570508,0.599292,-0.000426,-0.001474,-0.000949,-0.009983,0.073024,-0.184727,0.383515,-0.066966,0.012546,0.40298,-0.178575,-0.983917,0.003072,0.835699,-0.153437,-0.527256,0.519442,-0.090335,0.849637,-0.007616,-0.032513,0.043939,0.157446,-0.14724,-0.384816,-1.407848,0.046322,0.040974,-0.016356,0.207684,0.9776,0.034127,-0.794515,0.188935,-0.577104,-0.570625,0.092741,0.815956,-0.003743,-0.016552,0.021792,0.239391,-0.161945,-0.387152,-0.932677,0.08396,0.034517,-0.048975,0.124812,-0.635389,-0.762038,0.857035,0.456022,-0.239862,0.499912,-0.623156,0.601467,-0.000257,-0.00089,-0.000573,5.7e-05,0.00081,0.000248,0.3215
