frame,MLTx,MLTy,MLTz,MLTR1,MLTR2,MLTR3,MLTR4,MLTR5,MLTR6,MLTR7,MLTR8,MLTR9,MLTTVx,MLTTVy,MLTTVz,MLTRVx,MLTRVy,MLTRVz,MLGA,MRTx,MRTy,MRTz,MRTR1,MRTR2,MRTR3,MRTR4,MRTR5,MRTR6,MRTR7,MRTR8,MRTR9,MRTTVx,MRTTVy,MRTTVz,MRTRVx,MRTRVy,MRTRVz,MRGA,SLTx,SLTy,SLTz,SLTR1,SLTR2,SLTR3,SLTR4,SLTR5,SLTR6,SLTR7,SLTR8,SLTR9,SLTTVx,SLTTVy,SLTTVz,SLTRVx,SLTRVy,SLTRVz,SLGA,SRTx,SRTy,SRTz,SRTR1,SRTR2,SRTR3,SRTR4,SRTR5,SRTR6,SRTR7,SRTR8,SRTR9,SRTTVx,SRTTVy,SRTTVz,SRTRVx,SRTRVy,SRTRVz,SRGA
1,0.129633,-0.008894,0.392003,0.793509,-0.103058,-0.599806,0.387035,0.846051,0.366569,0.468706,-0.522889,0.711989,0.000113,0.000644,0.000427,0.0,0.0,0.0,0.157934,-0.252648,-0.005005,0.366286,0.519879,0.594147,0.613765,-0.819793,0.548826,0.163294,-0.240465,-0.588796,0.771595,-1e-05,-3.9e-05,-3e-05,0.0,0.0,0.0,0.187728,0.004028,0.045773,-0.011001,-0.396777,-0.648716,0.64941,0.899487,-0.415833,0.134181,0.183001,0.637377,0.748505,-5e-06,-1.7e-05,-1.4e-05,-6e-06,1e-05,4e-06,0.074363,0.079787,0.047848,-0.030677,-0.671557,0.035619,-0.740095,-0.367126,-0.883611,0.290601,-0.643606,0.466864,0.606472,9e-05,0.000509,0.000338,1.4e-05,1e-05,2e-06,-0.005311
2,0.129635,-0.008887,0.392008,0.793497,-0.10307,-0.599819,0.38705,0.846049,0.366556,0.468713,-0.52289,0.711984,5.9e-05,0.000336,0.000223,0.0,0.0,0.0,0.157336,-0.252658,-0.005004,0.366288,0.519858,0.594152,0.613777,-0.819804,0.548812,0.163282,-0.24047,-0.588804,0.771588,-0.0,-0.0,-0.0,0.0,0.0,0.0,0.187688,0.004023,0.045774,-0.011,-0.396755,-0.648718,0.649422,0.899496,-0.415817,0.134167,0.183004,0.637385,0.748497,4e-06,5e-06,8e-06,-1.7e-05,5e-06,2.1e-05,0.074199,0.079788,0.047853,-0.030673,-0.671544,0.035632,-0.740106,-0.367138,-0.883611,0.290586,-0.643612,0.466863,0.606466,3.7e-05,0.000215,0.000143,9e-06,-1e-06,8e-06,-0.005801
3,0.129635,-0.008887,0.392008,0.793497,-0.10307,-0.599819,0.38705,0.846049,0.366556,0.468713,-0.52289,0.711984,0.0,0.0,0.0,0.0,0.0,0.0,0.157205,-0.252677,-0.004994,0.366296,0.519835,0.594158,0.613791,-0.819817,0.548796,0.163268,-0.240475,-0.588813,0.77158,4.1e-05,0.000165,0.000127,0.0,0.0,0.0,0.187759,0.004014,0.045779,-0.010996,-0.39673,-0.64872,0.649435,0.899506,-0.4158,0.134153,0.183008,0.637394,0.748489,2.9e-05,0.000106,8.3e-05,-3e-06,-4e-06,1.4e-05,0.074363,0.079788,0.047854,-0.030673,-0.671544,0.035632,-0.740106,-0.367138,-0.883611,0.290586,-0.643612,0.466863,0.606466,-1e-06,-5e-06,-3e-06,1.1e-05,4e-06,9e-06,-0.006291
4,0.129633,-0.008894,0.392003,0.793509,-0.103058,-0.599806,0.387035,0.846051,0.366569,0.468706,-0.522889,0.711989,-0.0,-3e-06,-2e-06,0.0,0.0,0.0,0.157979,-0.252687,-0.004993,0.366297,0.521753,0.594098,0.612219,-0.819271,0.548858,0.165785,-0.238167,-0.588816,0.772293,0.0,0.0,0.0,-0.0,-0.0,0.0,0.187776,0.004009,0.04578,-0.010995,-0.398713,-0.648989,0.64795,0.899086,-0.415878,0.136704,0.180749,0.63707,0.749313,-1e-06,-3e-06,-0.0,0.000797,0.000675,-0.000797,0.074363,0.079787,0.04785,-0.030676,-0.671557,0.035618,-0.740095,-0.367125,-0.883611,0.290601,-0.643606,0.466863,0.606472,1e-06,3e-06,1e-06,5e-06,1e-06,8e-06,-0.006127
5,0.129633,-0.008894,0.392003,0.793509,-0.103058,-0.599806,0.387035,0.846051,0.366569,0.468706,-0.522889,0.711989,-0.0,-0.0,-0.0,0.0,0.0,0.0,0.158526,-0.252697,-0.004991,0.366299,0.521733,0.594104,0.612232,-0.819283,0.548844,0.165773,-0.238172,-0.588823,0.772286,0.0,0.0,0.0,-0.0,-0.0,0.0,0.187724,0.004004,0.04578,-0.010994,-0.398684,-0.64899,0.647967,0.899097,-0.415862,0.136682,0.18076,0.637079,0.749303,-1e-06,-3e-06,2e-06,0.000103,8.5e-05,-9.1e-05,0.074199,0.079787,0.04785,-0.030676,-0.671557,0.035618,-0.740095,-0.367125,-0.883611,0.290601,-0.643606,0.466864,0.606472,0.0,3e-06,2e-06,2e-06,9e-06,-5e-06,-0.005964
6,0.129643,-0.008895,0.392002,0.793495,-0.103071,-0.599822,0.387052,0.846049,0.366555,0.468715,-0.52289,0.711982,-0.0,-0.0,-0.0,0.0,0.0,0.0,0.160531,-0.252699,-0.004998,0.366294,0.52159,0.594141,0.612317,-0.819365,0.548747,0.165688,-0.238203,-0.588875,0.772236,-0.0,-1e-06,-0.0,0.0,0.0,0.0,0.188037,0.004003,0.045777,-0.010997,-0.398533,-0.649003,0.648047,0.899159,-0.415757,0.13659,0.180783,0.637134,0.749251,1e-06,4e-06,6e-06,-8e-06,8e-06,1.5e-05,0.073873,0.079793,0.04785,-0.030676,-0.671541,0.035633,-0.740109,-0.36714,-0.88361,0.290584,-0.643614,0.466864,0.606464,1e-06,1e-06,2e-06,1.8e-05,2.2e-05,-1e-06,-0.004331
7,0.129642,-0.008902,0.391998,0.793507,-0.103059,-0.599809,0.387036,0.846051,0.366568,0.468708,-0.52289,0.711987,-7e-06,-4.1e-05,-2.7e-05,0.0,0.0,0.0,0.159233,-0.252702,-0.005012,0.366283,0.521554,0.59415,0.612339,-0.819385,0.548723,0.165667,-0.238211,-0.588889,0.772224,-0.000295,-0.001178,-0.000905,0.0,0.0,0.0,0.188915,0.004002,0.045773,-0.011,-0.398495,-0.649006,0.648067,0.899175,-0.415731,0.136568,0.180788,0.637148,0.749238,-0.000171,-0.000684,-0.000524,-0.001802,0.01315,-0.025572,0.074362,0.079792,0.047846,-0.030678,-0.671554,0.03562,-0.740098,-0.367128,-0.883611,0.2906,-0.643608,0.466864,0.60647,-2e-06,-1.7e-05,-1.2e-05,6e-06,-7e-06,-2e-06,-0.003515
8,0.129632,-0.008909,0.392006,0.793531,-0.103039,-0.59978,0.387021,0.84604,0.366609,0.468681,-0.522911,0.71199,-0.0,-1e-06,-0.0,0.0,0.0,0.0,0.158161,-0.252704,-0.005019,0.366278,0.521536,0.594155,0.612349,-0.819396,0.548711,0.165656,-0.238215,-0.588895,0.772217,-5.3e-05,-0.000212,-0.000163,0.0,0.0,0.0,0.19028,0.004,0.045766,-0.011005,-0.398476,-0.649008,0.648077,0.899183,-0.415717,0.136556,0.180791,0.637155,0.749231,-3e-05,-0.00012,-9.1e-05,7e-06,-2e-06,2e-06,0.075016,0.079787,0.047843,-0.030674,-0.671581,0.035598,-0.740074,-0.367121,-0.8836,0.290643,-0.643584,0.466887,0.606478,1e-06,5e-06,4e-06,-1.6e-05,-2.1e-05,-1.5e-05,-0.004005
9,0.129634,-0.008902,0.392023,0.793517,-0.103057,-0.599795,0.387053,0.846024,0.366611,0.468677,-0.522933,0.711976,1.4e-05,8.1e-05,5.4e-05,0.0,0.0,0.0,0.156773,-0.252714,-0.005059,0.366246,0.521427,0.594184,0.612414,-0.819458,0.548637,0.165592,-0.238239,-0.588935,0.772179,-0.000207,-0.000824,-0.000633,0.0,0.0,0.0,0.191934,0.003995,0.045746,-0.011021,-0.398362,-0.649018,0.648137,0.89923,-0.415638,0.136488,0.180807,0.637196,0.749191,-0.000105,-0.000421,-0.000322,-2e-06,1e-06,6e-06,0.076648,0.079788,0.047847,-0.030666,-0.671567,0.035617,-0.740086,-0.367154,-0.883587,0.290639,-0.643579,0.46691,0.606465,7e-06,3.9e-05,2.7e-05,-1e-06,3e-06,-8e-06,-0.006291
10,0.129616,-0.008892,0.392029,0.793533,-0.103044,-0.599777,0.387034,0.846027,0.366626,0.468666,-0.522932,0.711984,0.0,1e-06,1e-06,0.0,0.0,0.0,0.155243,-0.252719,-0.005122,0.366198,0.521285,0.594221,0.612499,-0.819539,0.548541,0.165508,-0.238271,-0.588987,0.77213,-0.000348,-0.001388,-0.001068,0.0,0.0,0.0,0.193662,0.003993,0.045715,-0.011045,-0.398213,-0.649031,0.648215,0.899292,-0.415533,0.136398,0.180828,0.637251,0.74914,-0.000179,-0.000714,-0.000551,-1e-06,2e-06,3e-06,0.078771,0.079779,0.047852,-0.030662,-0.671584,0.035602,-0.740071,-0.367138,-0.883587,0.290657,-0.64357,0.46691,0.606475,-2e-06,-1.1e-05,-7e-06,1.4e-05,4e-06,9e-06,-0.007924
11,0.129616,-0.008892,0.392029,0.793533,-0.103044,-0.599777,0.387034,0.846027,0.366626,0.468666,-0.522932,0.711984,0.0,0.0,0.0,0.0,0.0,0.0,0.155334,-0.252718,-0.005158,0.36617,0.521216,0.594239,0.612541,-0.819578,0.548494,0.165467,-0.238286,-0.589012,0.772106,-0.000321,-0.001282,-0.000986,0.0,0.0,0.0,0.193881,0.003993,0.045697,-0.011059,-0.39814,-0.649038,0.648254,0.899323,-0.415482,0.136354,0.180839,0.637278,0.749115,-0.000192,-0.00077,-0.000593,3e-06,-1e-06,-3e-06,0.079424,0.079779,0.047851,-0.030662,-0.671585,0.035602,-0.740071,-0.367138,-0.883587,0.290657,-0.64357,0.46691,0.606475,-0.0,-6e-06,-5e-06,-1e-05,-7e-06,-1.6e-05,-0.00874
12,0.129604,-0.008891,0.392018,0.793549,-0.103025,-0.599759,0.387,0.846043,0.366625,0.468668,-0.52291,0.711999,-0.0,-0.0,-0.0,0.0,0.0,0.0,0.155365,-0.252747,-0.005224,0.366107,0.521133,0.594264,0.612586,-0.81962,0.548453,0.165397,-0.238323,-0.589025,0.772085,-0.000405,-0.001614,-0.001243,0.0,0.0,0.0,0.193535,0.003979,0.045664,-0.01109,-0.398053,-0.649049,0.648296,0.899355,-0.415437,0.136282,0.180873,0.637296,0.749091,-0.000246,-0.000983,-0.000757,-3e-06,7e-06,2e-06,0.079751,0.079773,0.047852,-0.030668,-0.671601,0.035581,-0.740057,-0.367103,-0.8836,0.290663,-0.643573,0.466887,0.606489,1e-06,3e-06,2e-06,5e-06,1.3e-05,-8e-06,-0.008903
13,0.129604,-0.008891,0.392018,0.793549,-0.103025,-0.599759,0.387,0.846043,0.366625,0.468668,-0.52291,0.711999,-0.0,-0.0,-0.0,0.0,0.0,0.0,0.156528,-0.252752,-0.005245,0.366091,0.521079,0.594278,0.612619,-0.819651,0.548417,0.165365,-0.238335,-0.589045,0.772066,-5e-06,-2.1e-05,-1.6e-05,0.0,0.0,0.0,0.193801,0.003976,0.045652,-0.0111,-0.397996,-0.649054,0.648326,0.899378,-0.415397,0.136248,0.180881,0.637317,0.749072,1.3e-05,4.8e-05,3.8e-05,4e-06,-2e-06,-5e-06,0.080078,0.079773,0.047852,-0.030668,-0.671601,0.035581,-0.740057,-0.367104,-0.8836,0.290663,-0.643572,0.466888,0.606489,0.0,1e-06,1e-06,2.5e-05,2.1e-05,2e-06,-0.008903
14,0.129604,-0.008891,0.392018,0.793549,-0.103025,-0.599759,0.387,0.846043,0.366625,0.468668,-0.52291,0.711999,-0.0,-0.0,-0.0,0.0,0.0,0.0,0.157188,-0.252748,-0.005239,0.366108,0.521103,0.594268,0.612608,-0.819643,0.548418,0.1654,-0.238311,-0.589053,0.772067,0.00022,0.000878,0.000676,0.0,0.0,0.0,0.193839,0.003977,0.045654,-0.011092,-0.398021,-0.649048,0.648316,0.899372,-0.415399,0.136283,0.180856,0.637321,0.749074,0.000178,0.000709,0.000546,4e-06,2e-05,-1.1e-05,0.080078,0.079773,0.047852,-0.030668,-0.671601,0.035581,-0.740057,-0.367104,-0.883599,0.290663,-0.643572,0.466888,0.606489,-0.0,0.0,0.0,2.9e-05,1.1e-05,1e-05,-0.007597
15,0.129614,-0.008899,0.392024,0.793545,-0.103031,-0.599763,0.387019,0.846028,0.366639,0.468659,-0.522932,0.711989,-0.0,-0.0,-0.0,0.0,0.0,0.0,0.156621,-0.252738,-0.00524,0.366107,0.521124,0.594263,0.612595,-0.819631,0.548432,0.165412,-0.238306,-0.589046,0.772074,0.013495,-0.001875,-0.001914,0.002045,-0.015205,0.029245,0.193773,0.003983,0.045656,-0.01109,-0.398043,-0.649047,0.648305,0.899363,-0.415414,0.136296,0.180853,0.637313,0.749081,0.006748,-0.000939,-0.000958,0.002033,-0.015192,0.02925,0.080078,0.079778,0.047848,-0.030665,-0.671597,0.035589,-0.74006,-0.367126,-0.883587,0.290673,-0.643564,0.466911,0.606481,0.0,0.0,1e-06,2.7e-05,8e-06,1e-05,-0.007597
16,0.129616,-0.008885,0.392022,0.793523,-0.10305,-0.599789,0.387032,0.846039,0.366599,0.468684,-0.52291,0.711988,0.000113,0.000644,0.000427,0.0,0.0,0.0,0.154223,-0.252738,-0.005232,0.3661,0.521011,0.594296,0.612659,-0.81969,0.548371,0.165325,-0.23835,-0.58907,0.772042,-2e-06,-8e-06,-7e-06,0.0,0.0,0.0,0.193503,0.003983,0.04566,-0.011094,-0.397924,-0.64906,0.648363,0.899408,-0.415347,0.136205,0.180891,0.637343,0.749047,-1e-06,-3e-06,-3e-06,6e-06,-9e-06,-6e-06,0.080078,0.079779,0.047854,-0.030667,-0.671573,0.03561,-0.740081,-0.367131,-0.883599,0.290631,-0.643586,0.466887,0.606475,6.3e-05,0.000364,0.000242,2.8e-05,1.4e-05,9e-06,-0.00874
17,0.129607,-0.008876,0.392028,0.793525,-0.103049,-0.599786,0.387031,0.84604,0.3666,0.468682,-0.52291,0.711989,1.6e-05,9.2e-05,6.1e-05,0.0,0.0,0.0,0.15325,-0.252748,-0.005223,0.366095,0.521128,0.594269,0.612586,-0.819618,0.548464,0.165373,-0.238343,-0.58901,0.77209,7.9e-05,0.000316,0.000243,0.0,0.0,0.0,0.193331,0.003978,0.045664,-0.011097,-0.398046,-0.649053,0.648296,0.899353,-0.415448,0.136258,0.180895,0.637284,0.749096,4.5e-05,0.000179,0.000138,-4e-06,6e-06,2e-06,0.080241,0.079774,0.047859,-0.030663,-0.671576,0.035608,-0.740079,-0.367129,-0.883599,0.290633,-0.643585,0.466886,0.606477,8e-06,4.7e-05,3.1e-05,7e-06,-4e-06,2e-06,-0.011026
18,0.129608,-0.008869,0.392033,0.793513,-0.103062,-0.599799,0.387046,0.846038,0.366588,0.468689,-0.52291,0.711984,4.3e-05,0.000244,0.000162,0.0,0.0,0.0,0.153242,-0.252746,-0.005216,0.3661,0.521146,0.594264,0.612575,-0.819607,0.548476,0.165383,-0.238339,-0.589004,0.772096,5.9e-05,0.000233,0.00018,0.0,0.0,0.0,0.193359,0.003979,0.045668,-0.011094,-0.398066,-0.649052,0.648286,0.899345,-0.415462,0.13627,0.180892,0.637277,0.749102,3.7e-05,0.000145,0.000112,-6e-06,-0.0,5e-06,0.080078,0.079775,0.047863,-0.030661,-0.671563,0.035622,-0.74009,-0.367142,-0.883599,0.290618,-0.643591,0.466886,0.606471,2.5e-05,0.000147,9.8e-05,-0.0,-7e-06,-3e-06,-0.011516
19,0.129611,-0.008847,0.392035,0.79348,-0.103093,-0.599838,0.387075,0.846047,0.366536,0.468722,-0.522889,0.711979,4.4e-05,0.000248,0.000164,0.0,0.0,0.0,0.152339,-0.252731,-0.005197,0.366114,0.521221,0.594245,0.61253,-0.819564,0.548527,0.165428,-0.238322,-0.588976,0.772122,0.000222,0.000887,0.000683,0.0,0.0,0.0,0.192936,0.003987,0.045676,-0.011088,-0.398144,-0.649045,0.648244,0.899312,-0.415517,0.136317,0.180881,0.637248,0.74913,0.000122,0.000486,0.000375,1e-06,-1.7e-05,4e-06,0.079914,0.079776,0.047874,-0.03066,-0.671526,0.035656,-0.740122,-0.367159,-0.88361,0.290561,-0.643619,0.466862,0.606459,2.6e-05,0.000144,9.5e-05,0.0,-4e-06,-1e-06,-0.012659
20,0.129616,-0.008825,0.392061,0.793443,-0.103135,-0.59988,0.387138,0.846028,0.366513,0.468732,-0.522911,0.711955,0.000238,0.001353,0.000897,0.0,0.0,0.0,0.152142,-0.252724,-0.00517,0.366135,0.521169,0.594258,0.612562,-0.819594,0.548491,0.165397,-0.238334,-0.588995,0.772104,0.000177,0.000705,0.000543,0.0,0.0,0.0,0.193278,0.00399,0.045691,-0.011077,-0.398089,-0.64905,0.648273,0.899335,-0.415478,0.136284,0.180889,0.637268,0.749111,0.000109,0.000438,0.000337,-1e-06,1.1e-05,-1e-06,0.079751,0.079778,0.047882,-0.030648,-0.671486,0.035703,-0.740156,-0.367218,-0.883597,0.290527,-0.643627,0.466884,0.606434,0.000136,0.000774,0.000514,0.001086,-0.011447,0.026434,-0.013639
21,0.12962,-0.008796,0.392069,0.793398,-0.103179,-0.599932,0.387182,0.846036,0.366449,0.468772,-0.52289,0.711945,2.9e-05,0.000167,0.00011,0.0,0.0,0.0,0.15453,-0.252721,-0.005156,0.366146,0.524714,0.591152,0.61254,-0.816311,0.553359,0.165418,-0.241809,-0.58756,0.772117,1e-05,4e-05,3e-05,0.0,0.0,0.0,0.192739,0.003992,0.045699,-0.01107,-0.402064,-0.646505,0.648363,0.896821,-0.420789,0.136554,0.184542,0.63637,0.748984,-0.0,-3e-06,-4e-06,-1.8e-05,-8.6e-05,-0.000115,0.079751,0.079781,0.0479,-0.030642,-0.671436,0.035751,-0.740199,-0.367248,-0.883608,0.290455,-0.643662,0.466859,0.606416,1.2e-05,7.1e-05,4.8e-05,9e-06,-1e-06,7e-06,-0.012659
22,0.129633,-0.008768,0.392063,0.793341,-0.103229,-0.599999,0.387227,0.846056,0.366355,0.468832,-0.522848,0.711936,7.5e-05,0.000427,0.000283,0.0,0.0,0.0,0.155647,-0.252731,-0.005155,0.366147,0.524693,0.591158,0.612553,-0.816323,0.553345,0.165406,-0.241814,-0.587568,0.772109,0.0,1e-06,0.0,0.0,0.0,0.0,0.192715,0.003987,0.045699,-0.01107,-0.402041,-0.646508,0.648374,0.896831,-0.420773,0.136541,0.184544,0.636378,0.748976,-4e-06,-1.7e-05,-1.1e-05,-3.9e-05,-3.3e-05,-8.6e-05,0.080078,0.079787,0.047913,-0.030645,-0.671373,0.035807,-0.740254,-0.367272,-0.883631,0.290355,-0.643715,0.466811,0.606397,4.4e-05,0.000247,0.000164,-2e-06,1e-06,-7e-06,-0.011026
23,0.129636,-0.008717,0.392036,0.793268,-0.103285,-0.600086,0.387249,0.846115,0.366195,0.468937,-0.522741,0.711946,2.7e-05,0.000151,0.0001,0.0,0.0,0.0,0.155282,-0.252734,-0.00516,0.36613,0.52467,0.591168,0.612563,-0.816332,0.553344,0.165371,-0.241838,-0.58756,0.772108,-4.9e-05,-0.000195,-0.00015,0.0,0.0,0.0,0.193061,0.003985,0.045696,-0.011079,-0.402013,-0.646515,0.648384,0.896838,-0.420768,0.136505,0.184567,0.636373,0.748975,-3.7e-05,-0.000146,-0.000112,-4.9e-05,-7e-06,-4e-05,0.080894,0.079789,0.04794,-0.030659,-0.67129,0.035871,-0.740326,-0.367258,-0.88369,0.290193,-0.643809,0.466694,0.606386,0.000141,0.005032,-0.004775,0.035571,-0.013253,0.018185,-0.00923
24,0.12963,-0.008671,0.392018,0.794772,-0.102248,-0.598271,0.386247,0.845569,0.368508,0.467216,-0.523829,0.712278,7.1e-05,0.000401,0.000266,-0.0,0.0,-0.0,0.154521,-0.252738,-0.005166,0.366113,0.524646,0.591178,0.612574,-0.81634,0.553342,0.165336,-0.241862,-0.587551,0.772107,-6e-06,-2.5e-05,-1.9e-05,0.0,0.0,0.0,0.193242,0.003983,0.045692,-0.011088,-0.401987,-0.646522,0.648394,0.896845,-0.420765,0.13647,0.184591,0.636368,0.748973,1e-06,2e-06,1e-06,-2.5e-05,-1e-06,-4.1e-05,0.081057,0.079786,0.047961,-0.030668,-0.673006,0.034672,-0.738823,-0.366769,-0.883081,0.292654,-0.642294,0.467936,0.607036,4.3e-05,0.000245,0.000162,0.000139,-0.000145,0.000246,-0.010373
25,0.129641,-0.008665,0.392022,0.794747,-0.102274,-0.5983,0.38628,0.845566,0.368481,0.467232,-0.523829,0.712267,3.2e-05,0.000181,0.00012,0.0,0.0,-0.0,0.153965,-0.252749,-0.005164,0.366102,0.52462,0.591188,0.612586,-0.816349,0.553339,0.1653,-0.241887,-0.587543,0.772105,-7e-06,-2.8e-05,-2.2e-05,0.0,0.0,0.0,0.193268,0.003978,0.045693,-0.011093,-0.401959,-0.646528,0.648405,0.896853,-0.420761,0.136433,0.184616,0.636365,0.74897,0.0,0.0,-1e-06,-2.5e-05,5e-06,-3.3e-05,0.080894,0.079791,0.047965,-0.030666,-0.672977,0.034701,-0.738848,-0.366797,-0.883081,0.29262,-0.642309,0.467934,0.607022,1.7e-05,9.5e-05,6.3e-05,1.7e-05,-1.7e-05,3.6e-05,-0.011189
26,0.129665,-0.008646,0.392034,0.794684,-0.102336,-0.598373,0.386361,0.845557,0.368416,0.467272,-0.523831,0.71224,4.5e-05,0.000257,0.00017,0.0,0.0,0.0,0.154527,-0.252746,-0.005142,0.366106,0.526604,0.591102,0.610965,-0.815751,0.553458,0.167836,-0.23958,-0.587518,0.772844,3.6e-05,0.000143,0.00011,-0.0,-0.0,0.0,0.192886,0.00398,0.045705,-0.011091,-0.404006,-0.646782,0.646877,0.896393,-0.420901,0.139001,0.182368,0.636013,0.749818,1.8e-05,7.2e-05,5.6e-05,0.000326,0.000291,-0.000366,0.080731,0.079803,0.047975,-0.03066,-0.672908,0.034771,-0.738908,-0.366864,-0.883079,0.29254,-0.642343,0.467932,0.606987,2e-05,0.000114,7.4e-05,4e-06,5e-06,5e-06,-0.011189
27,0.129667,-0.008631,0.392044,0.794661,-0.102361,-0.598399,0.386391,0.845554,0.368392,0.467286,-0.523831,0.71223,8.2e-05,0.000467,0.000309,0.0,0.0,0.0,0.156584,-0.252746,-0.005142,0.366106,0.526604,0.591102,0.610965,-0.815751,0.553458,0.167836,-0.23958,-0.587518,0.772844,0.0,0.0,0.0,0.0,0.0,0.0,0.192869,0.00398,0.045705,-0.011091,-0.404003,-0.646782,0.646879,0.896393,-0.420901,0.138997,0.182372,0.636014,0.749817,-3e-06,-5e-06,-4e-06,1.5e-05,6e-06,-4.5e-05,0.080241,0.079804,0.047981,-0.030655,-0.672882,0.034798,-0.73893,-0.36689,-0.883079,0.29251,-0.642355,0.467932,0.606975,5.2e-05,0.000291,0.000191,1e-06,6e-06,2e-06,-0.009883
28,0.129667,-0.008624,0.392036,0.79457,-0.102452,-0.598504,0.386496,0.845555,0.368279,0.467353,-0.523811,0.712201,0.0,0.0,0.0,0.0,0.0,0.0,0.157583,-0.252746,-0.005134,0.366099,0.533579,0.584825,0.610954,-0.809126,0.563102,0.167822,-0.246536,-0.584617,0.772855,0.00021,0.000837,0.000644,0.0,0.0,0.0,0.190509,0.003979,0.045706,-0.011096,-0.411849,-0.641605,0.647087,0.89129,-0.431445,0.139485,0.189688,0.634189,0.749547,0.00017,0.000672,0.000515,0.000297,-0.000564,-0.000516,0.079261,0.079805,0.047986,-0.030659,-0.672783,0.034898,-0.739016,-0.366971,-0.883089,0.292379,-0.642414,0.467905,0.606934,-1e-06,-9e-06,-8e-06,-5e-06,5e-06,-7e-06,-0.00727
29,0.129668,-0.008616,0.392029,0.79456,-0.102458,-0.598516,0.386494,0.845568,0.368251,0.467372,-0.523789,0.712205,0.0,0.0,0.0,0.0,0.0,0.0,0.156306,-0.252734,-0.005129,0.366103,0.540382,0.57849,0.611006,-0.802452,0.572588,0.167771,-0.253462,-0.581688,0.772826,0.000214,0.000854,0.000658,0.000222,6.1e-05,0.00028,0.187485,0.003985,0.045709,-0.011094,-0.419529,-0.636344,0.647348,0.886112,-0.441839,0.139938,0.196975,0.632332,0.749237,0.000147,0.000573,0.000438,0.00144,-0.001,-9.7e-05,0.077465,0.079805,0.047989,-0.030662,-0.672771,0.034906,-0.739026,-0.366963,-0.883101,0.292353,-0.64243,0.467882,0.606934,0.0,-5e-06,-5e-06,-1.1e-05,-1.1e-05,-8e-06,-0.00727
30,0.129669,-0.008609,0.392034,0.794548,-0.10247,-0.598529,0.386509,0.845566,0.368239,0.467379,-0.52379,0.7122,0.000133,0.000758,0.000502,0.0,0.0,0.0,0.157778,-0.252728,-0.005085,0.366098,0.560802,0.558871,0.610865,-0.781455,0.60091,0.167836,-0.273964,-0.572187,0.772922,0.000253,0.010819,-0.008761,0.340423,0.068228,0.40111,0.171412,0.003988,0.045729,-0.011091,-0.441521,-0.620812,0.647804,0.870471,-0.471446,0.141481,0.217571,0.626362,0.748553,-0.000101,0.000147,0.000201,3.391257,0.849948,4.459476,0.066198,0.079805,0.047991,-0.030661,-0.672758,0.034919,-0.739037,-0.366975,-0.8831,0.292338,-0.642436,0.467881,0.606928,9.1e-05,0.000508,0.000334,-1.3e-05,-1e-06,-5e-06,-0.007597
31,0.129659,-0.008601,0.392028,0.794552,-0.102464,-0.598526,0.38649,0.845581,0.368226,0.467388,-0.523767,0.71221,0.0,0.0,0.0,0.0,0.0,0.0,0.164162,-0.252707,-0.004919,0.366008,0.593923,0.525406,0.609258,-0.746478,0.642186,0.174075,-0.300526,-0.558844,0.772814,0.000374,0.0113,-0.008389,0.771282,0.500136,1.64242,0.156515,0.003998,0.045812,-0.011137,-0.475891,-0.596708,0.646116,0.845077,-0.513762,0.147959,0.243662,0.616431,0.748759,0.000249,0.005855,-0.004048,-1.768922,-0.989765,1.961536,0.046603,0.0798,0.047997,-0.030663,-0.672762,0.034912,-0.739034,-0.366953,-0.883113,0.292329,-0.642445,0.467859,0.606936,0.000125,0.00494,-0.004837,0.035576,-0.013245,0.018191,-0.002372
32,0.129659,-0.008608,0.392035,0.794562,-0.102457,-0.598513,0.386492,0.845568,0.368253,0.46737,-0.523789,0.712206,0.0,0.0,0.0,0.0,0.0,0.0,0.165874,-0.2527,-0.004772,0.365916,0.622036,0.495933,0.605899,-0.713825,0.677051,0.178854,-0.322289,-0.544382,0.774364,0.000277,0.010915,-0.008684,3.396561,0.975392,4.347518,0.149428,0.004002,0.04589,-0.011185,-0.51193,-0.567736,0.644672,0.815635,-0.556748,0.157386,0.269567,0.606388,0.748081,1.5e-05,0.005307,-0.004362,3.412141,0.970052,4.333239,0.035499,0.0798,0.047993,-0.030659,-0.672774,0.034904,-0.739024,-0.366961,-0.883101,0.292355,-0.642429,0.467882,0.606936,0.0,-3e-06,-5e-06,-3e-06,-8e-06,1e-05,0.001057
33,0.129659,-0.008615,0.392042,0.794572,-0.102451,-0.598502,0.386494,0.845556,0.36828,0.467352,-0.523811,0.712202,0.0,0.0,0.0,0.0,0.0,0.0,0.166419,-0.252547,-0.00425,0.365441,0.67064,0.445841,0.592841,-0.662278,0.719728,0.208119,-0.334723,-0.532758,0.777169,0.013645,0.008617,-0.010918,-1.329538,-1.465581,2.302768,0.131971,0.004073,0.046148,-0.011418,-0.566872,-0.525087,0.634774,0.772306,-0.606898,0.187664,0.286703,0.596621,0.749562,0.000178,0.010472,-0.009022,1.033759,0.304888,1.390019,0.013782,0.0798,0.04799,-0.030656,-0.672785,0.034897,-0.739014,-0.366968,-0.883089,0.292381,-0.642412,0.467905,0.606935,1e-06,0.0,-4e-06,-2e-05,-1.6e-05,2e-06,0.005466
34,0.129644,-0.008584,0.392063,0.794553,-0.102474,-0.598523,0.386521,0.845553,0.368258,0.467362,-0.52381,0.712196,0.000259,0.001473,0.000975,0.0,0.0,0.0,0.163881,-0.252073,-0.003401,0.364619,0.727754,0.379377,0.571348,-0.591866,0.768167,0.244023,-0.347214,-0.516229,0.782824,0.013971,0.019838,-0.019342,-0.14923,-0.361093,1.192653,0.116711,0.004309,0.046567,-0.011828,-0.635525,-0.468503,0.613688,0.711351,-0.664303,0.229519,0.300144,0.582413,0.755451,0.007105,0.015279,-0.014087,-0.518164,-1.234536,3.47707,-0.008426,0.079792,0.048003,-0.030647,-0.672764,0.034922,-0.739032,-0.366991,-0.883089,0.292354,-0.642421,0.467904,0.606927,0.000144,0.000821,0.000543,-1.1e-05,1e-06,-0.0,0.004323
35,0.129637,-0.008569,0.392086,0.794541,-0.102492,-0.598535,0.386551,0.845537,0.368261,0.467356,-0.523832,0.712184,0.000214,0.001219,0.000807,0.0,0.0,0.0,0.163831,-0.251768,-0.002906,0.364144,0.755753,0.33783,0.560981,-0.548636,0.794225,0.261034,-0.358296,-0.505478,0.784843,0.027534,0.018489,-0.020846,0.74821,0.428726,2.109642,0.118542,0.004456,0.046814,-0.012065,-0.669533,-0.434171,0.602677,0.674489,-0.695214,0.248476,0.311109,0.572862,0.758313,0.007056,0.015469,-0.013819,2.454467,1.396224,5.443851,-0.014631,0.079789,0.048011,-0.030635,-0.672752,0.034941,-0.739041,-0.367023,-0.883076,0.292352,-0.642415,0.467926,0.606916,0.000136,0.000778,0.000515,-7e-06,1.2e-05,-5e-06,0.003344
36,0.129605,-0.008565,0.392174,0.794584,-0.102481,-0.59848,0.386601,0.845445,0.36842,0.467242,-0.523982,0.712148,0.000334,0.001898,0.001256,0.001076,-0.011452,0.026424,0.168876,-0.25118,-0.001843,0.363189,0.796568,0.271202,0.540298,-0.477643,0.83005,0.287764,-0.371421,-0.487635,0.790014,0.014208,0.021003,-0.018412,-1.48776,-1.696821,2.143714,0.126736,0.00475,0.047333,-0.012533,-0.719736,-0.372824,0.585646,0.610394,-0.741722,0.277968,0.330753,0.557539,0.761414,0.007214,0.010848,-0.008965,0.353354,-0.007924,0.885129,-0.011202,0.079773,0.048012,-0.030592,-0.672816,0.034912,-0.738985,-0.367098,-0.882991,0.292512,-0.642305,0.468087,0.606907,-7.5e-05,-0.004658,0.005021,-0.035575,0.013247,-0.018184,0.004486
37,0.129585,-0.008622,0.392246,0.794609,-0.102495,-0.598445,0.386703,0.845323,0.368593,0.467117,-0.524177,0.712087,1e-06,3e-06,2e-06,0.0,0.0,0.0,0.180293,-0.250913,-0.000969,0.36246,0.819452,0.21237,0.532343,-0.416733,0.858306,0.299298,-0.394369,-0.467375,0.791137,0.000325,0.01118,-0.008432,2.889501,1.715265,4.888924,0.138496,0.004895,0.047792,-0.012913,-0.753077,-0.319643,0.575066,0.555226,-0.777688,0.294829,0.352983,0.541321,0.763134,0.000116,0.00538,-0.004256,2.843394,1.773794,4.901131,0.002841,0.079763,0.047987,-0.030553,-0.672836,0.034937,-0.738966,-0.367255,-0.882881,0.292648,-0.642195,0.468293,0.606865,-8e-06,-3.4e-05,-2.2e-05,-4e-06,-9e-06,2e-06,0.017223
38,0.129603,-0.008654,0.392261,0.794623,-0.10249,-0.598427,0.386727,0.845284,0.36866,0.467073,-0.524242,0.712068,-6e-06,-3.5e-05,-2.3e-05,0.0,0.0,0.0,0.181991,-0.250869,-0.000469,0.361987,0.836839,0.145075,0.527868,-0.343742,0.889591,0.300671,-0.427007,-0.43325,0.793614,-4.9e-05,-0.000199,-0.000153,0.269638,0.153654,0.405451,0.141403,0.004917,0.048041,-0.01315,-0.781135,-0.253969,0.570374,0.486253,-0.820488,0.300593,0.391644,0.512151,0.764405,-1.2e-05,-8e-05,-8.1e-05,0.27426,0.148201,0.402342,0.011822,0.079772,0.04797,-0.030547,-0.672852,0.03493,-0.738951,-0.367295,-0.882845,0.292708,-0.642155,0.468363,0.606854,-5e-06,-2.5e-05,-1.7e-05,3e-06,3e-06,2e-06,0.025388
39,0.129612,-0.008655,0.392248,0.794611,-0.102497,-0.598442,0.386727,0.845296,0.368631,0.467093,-0.524221,0.71207,-1.2e-05,-6.7e-05,-4.4e-05,0.0,0.0,0.0,0.183828,-0.250889,-0.000377,0.361905,0.840766,0.120302,0.527854,-0.317167,0.8995,0.300397,-0.439712,-0.420137,0.793727,-9e-06,-3.6e-05,-2.7e-05,0.078781,0.044835,0.118463,0.13828,0.004907,0.048086,-0.013192,-0.788739,-0.230041,0.570062,0.461414,-0.834294,0.301745,0.406186,0.501033,0.764184,7e-06,1.9e-05,-1e-06,0.079272,0.041561,0.113029,0.012312,0.079777,0.04797,-0.030553,-0.672838,0.034938,-0.738963,-0.367289,-0.882857,0.29268,-0.642173,0.46834,0.606852,-6e-06,-3.6e-05,-2.3e-05,2e-06,8e-06,-4e-06,0.027184
40,0.129613,-0.008648,0.392253,0.794599,-0.102509,-0.598456,0.386742,0.845294,0.368619,0.4671,-0.524221,0.712065,0.0,2e-06,1e-06,0.0,0.0,0.0,0.195404,-0.250827,-0.000219,0.361974,0.847153,0.082149,0.524951,-0.274727,0.913273,0.30065,-0.455779,-0.399023,0.795556,0.014907,0.004298,0.002814,0.112724,-0.052172,0.134958,0.120533,0.004931,0.048155,-0.013165,-0.80089,-0.193555,0.566666,0.421639,-0.854237,0.304137,0.425199,0.482509,0.765761,0.000733,0.003007,0.002296,0.29029,0.065959,0.37698,-0.003037,0.079777,0.047973,-0.030551,-0.672825,0.034952,-0.738974,-0.367301,-0.882856,0.292665,-0.642179,0.468339,0.606846,0.0,-2e-06,-1e-06,-7e-06,-6e-06,-8e-06,0.037961
41,0.12962,-0.008663,0.392242,0.794609,-0.102497,-0.598445,0.386729,0.845296,0.36863,0.467095,-0.524221,0.712069,-0.000267,-0.001518,-0.001005,-0.001077,0.011444,-0.026427,0.201506,-0.250442,0.000168,0.36226,0.858803,0.035134,0.511092,-0.221889,0.924609,0.309511,-0.462754,-0.379263,0.801175,0.016756,0.011995,0.008678,0.13626,-0.070928,0.602868,0.122886,0.005122,0.048342,-0.013027,-0.819961,-0.149835,0.552461,0.372052,-0.872969,0.315438,0.435018,0.464191,0.771547,0.001669,0.006889,0.005261,0.329446,-0.035867,1.885325,-0.012671,0.079782,0.047968,-0.030554,-0.672836,0.034939,-0.738966,-0.36729,-0.882857,0.292678,-0.642175,0.46834,0.606851,-0.000133,-0.000754,-0.0005,-0.001081,0.011446,-0.026434,0.050208
42,0.129639,-0.008666,0.392228,0.794583,-0.102517,-0.598475,0.386746,0.845306,0.368588,0.467124,-0.5242,0.712065,-0.000137,-0.00078,-0.000516,0.0,0.0,0.0,0.204908,-0.250165,0.000448,0.362479,0.86392,0.021206,0.503174,-0.204083,0.928031,0.311515,-0.461431,-0.371845,0.805404,0.017542,0.015344,0.011198,0.359877,-0.119845,0.349649,0.135382,0.005261,0.048481,-0.012918,-0.827424,-0.136284,0.544789,0.354779,-0.878851,0.318985,0.435316,0.457216,0.775533,0.008837,0.007925,0.005783,1.004296,0.167234,1.256626,-0.006956,0.079791,0.047966,-0.030562,-0.672807,0.034962,-0.738991,-0.367298,-0.882868,0.292634,-0.642201,0.468316,0.606841,-8.8e-05,-0.000509,-0.000338,0.0,-2e-06,3e-06,0.054127
43,0.129678,-0.008663,0.392205,0.79452,-0.102569,-0.59855,0.386797,0.845325,0.368491,0.46719,-0.524159,0.712052,-7e-06,-4.1e-05,-2.7e-05,0.0,0.0,0.0,0.21053,-0.249699,0.001056,0.362992,0.868007,-0.008021,0.496478,-0.169563,0.934865,0.311786,-0.467723,-0.354812,0.809449,0.004244,0.017609,0.013333,0.259344,0.108375,0.442337,0.155599,0.005499,0.04879,-0.012664,-0.836069,-0.110201,0.537441,0.323324,-0.890393,0.320405,0.443225,0.441649,0.780062,0.002175,0.00861,0.006591,2.720881,1.716279,4.519153,0.014925,0.07981,0.047965,-0.030575,-0.672736,0.035021,-0.739053,-0.367327,-0.882891,0.292529,-0.642258,0.468269,0.606816,-1e-06,-5e-06,-3e-06,8e-06,4e-06,7e-06,0.061638
44,0.129727,-0.008661,0.392182,0.794443,-0.102635,-0.598641,0.386865,0.845343,0.36838,0.467265,-0.524118,0.712033,0.013048,-0.00298,-0.002165,-9.2e-05,-0.003267,0.003127,0.217439,-0.24958,0.001402,0.363583,0.868556,-0.045027,0.493532,-0.126723,0.942469,0.309236,-0.480146,-0.33108,0.812225,0.002615,0.000988,0.0176,0.044201,0.037958,0.125151,0.166038,0.005564,0.048983,-0.012354,-0.842497,-0.072344,0.533821,0.280595,-0.904833,0.320222,0.459853,0.419573,0.782618,-0.005276,0.006757,0.005337,0.21573,0.265792,0.226831,0.03452,0.07983,0.047971,-0.030584,-0.672652,0.035093,-0.739125,-0.367369,-0.882913,0.292409,-0.642322,0.468222,0.606786,-0.0,5e-06,5e-06,6e-06,2e-06,7e-06,0.071109
45,0.129775,-0.008681,0.392167,0.794398,-0.102675,-0.598695,0.38692,0.845336,0.368336,0.467296,-0.52412,0.712011,-8.9e-05,-0.000506,-0.000335,0.0,0.0,0.0,0.223401,-0.249601,0.001522,0.364056,0.86884,-0.074528,0.489444,-0.090356,0.948026,0.304987,-0.487818,-0.309121,0.816297,0.00135,-0.004267,0.01363,0.124969,-0.334402,-0.210415,0.158006,0.005554,0.049046,-0.012109,-0.846963,-0.041973,0.529991,0.24481,-0.915693,0.318705,0.471932,0.399679,0.785834,0.000605,-0.002345,0.006651,0.219709,-0.450545,-0.240406,0.037296,0.079858,0.047957,-0.030593,-0.672599,0.03514,-0.739171,-0.367417,-0.882912,0.292353,-0.64235,0.468221,0.606757,0.006596,-0.001081,-0.000813,0.000982,-0.014711,0.029547,0.080253
46,0.129801,-0.008706,0.39215,0.794391,-0.102677,-0.598702,0.386926,0.845336,0.368332,0.467301,-0.524121,0.712007,-0.000209,-0.00119,-0.000788,0.0,0.0,0.0,0.2252,-0.24961,0.001447,0.364291,0.868289,-0.09602,0.486668,-0.064104,0.951036,0.302247,-0.492944,-0.293521,0.818971,0.000709,-0.016812,0.021047,0.345527,-0.206251,0.157736,0.151576,0.00555,0.049014,-0.012,-0.849714,-0.020966,0.526826,0.21949,-0.922575,0.317298,0.479385,0.385246,0.788527,0.000464,-0.002988,0.006166,1.08877,-0.080402,1.096038,0.031907,0.079871,0.047945,-0.030601,-0.672592,0.035142,-0.739178,-0.367422,-0.882911,0.292349,-0.642355,0.468222,0.606751,-0.000112,-0.000643,-0.000427,6e-06,-1e-06,8e-06,0.084009
47,0.1299,-0.008769,0.392082,0.794245,-0.102807,-0.598875,0.38708,0.845343,0.368152,0.467423,-0.524083,0.711955,-0.000338,-0.00193,-0.001279,0.0,0.0,0.0,0.228887,-0.249517,0.000956,0.364905,0.866643,-0.125261,0.48294,-0.024222,0.956166,0.291708,-0.499392,-0.264354,0.824977,0.013945,-0.009111,0.00948,0.104107,-0.296878,-0.111226,0.14966,0.005595,0.048758,-0.011689,-0.853121,0.007412,0.521659,0.180128,-0.934226,0.307854,0.48963,0.356602,0.795673,0.006909,-0.004732,0.004604,0.089644,-0.290022,-0.112852,0.026682,0.079921,0.047914,-0.030635,-0.672428,0.035287,-0.73932,-0.367538,-0.882931,0.292142,-0.64246,0.468173,0.606677,-0.000179,-0.001023,-0.00068,9e-06,-0.0,9e-06,0.090051
48,0.129987,-0.008853,0.392025,0.794225,-0.102814,-0.598901,0.387099,0.84534,0.368138,0.467442,-0.524086,0.71194,-0.000299,-0.001711,-0.001135,0.0,0.0,0.0,0.227582,-0.249337,0.000331,0.36568,0.865726,-0.123642,0.484996,-0.013492,0.962796,0.269769,-0.501387,-0.239943,0.831204,0.001329,-0.014248,0.02299,0.704426,-0.156027,-0.591323,0.135412,0.005683,0.048442,-0.011316,-0.851407,0.007465,0.524451,0.169306,-0.942462,0.288271,0.496428,0.334228,0.801154,0.00725,-0.008145,0.010452,1.881026,0.974208,-1.822521,0.01868,0.079964,0.047871,-0.030664,-0.672404,0.035296,-0.739341,-0.367554,-0.88293,0.292126,-0.642476,0.468175,0.606659,-0.000182,-0.00105,-0.000698,-0.0,-1e-05,4e-06,0.09201
49,0.130013,-0.008886,0.392015,0.794228,-0.102809,-0.598897,0.387106,0.845327,0.368161,0.467429,-0.524108,0.711932,-0.000129,-0.00074,-0.000491,0.0,0.0,0.0,0.225892,-0.249136,-3.2e-05,0.366209,0.862522,-0.14148,0.48583,0.012966,0.965891,0.258496,-0.506908,-0.216491,0.83429,0.015025,-0.024451,0.031665,0.583009,-0.414399,0.123954,0.128749,0.005773,0.048268,-0.011065,-0.850695,0.024092,0.525106,0.144864,-0.949521,0.27825,0.505303,0.312775,0.804263,0.001065,-0.011306,0.016728,4.313434,2.857878,3.194086,0.008066,0.079977,0.047853,-0.03067,-0.672408,0.035292,-0.739338,-0.367567,-0.882917,0.292147,-0.642465,0.468198,0.606653,-6.9e-05,-0.0004,-0.000267,-6e-06,-6e-06,-5e-06,0.091684
50,0.130014,-0.008886,0.392027,0.794227,-0.102815,-0.598898,0.387123,0.845313,0.368176,0.467418,-0.52413,0.711923,9.1e-05,0.000521,0.000345,0.0,0.0,0.0,0.219478,-0.248604,-0.000624,0.367388,0.859611,-0.150296,0.488335,0.035482,0.970925,0.236601,-0.510769,-0.185879,0.839301,0.0162,-0.019501,0.035347,2.762154,0.94638,4.644165,0.129854,0.006037,0.047967,-0.010478,-0.849293,0.028149,0.52717,0.127039,-0.958336,0.255835,0.512408,0.28425,0.810332,0.008229,-0.004141,0.01344,0.36218,-0.525068,-0.00705,-0.000425,0.079977,0.047852,-0.030665,-0.672406,0.035298,-0.739339,-0.367588,-0.882905,0.292158,-0.642454,0.468221,0.606647,-0.00658,0.001199,0.000889,-0.000989,0.014718,-0.029557,0.086948
51,0.129961,-0.008843,0.392069,0.794168,-0.102889,-0.598963,0.38722,0.845291,0.368125,0.467438,-0.524151,0.711895,0.000292,0.001668,0.001105,0.0,0.0,0.0,0.210833,-0.248021,-0.000884,0.368472,0.850341,-0.172653,0.497094,0.069414,0.973112,0.219475,-0.522682,-0.151917,0.838801,0.003697,-0.004186,0.030419,0.937543,0.330658,1.631011,0.134377,0.00634,0.04783,-0.009923,-0.843455,0.054677,0.534409,0.089638,-0.966535,0.240363,0.529667,0.250639,0.810328,0.008656,-0.003076,0.014187,3.233742,1.669726,4.397679,0.002351,0.079951,0.047873,-0.030645,-0.672344,0.035378,-0.739392,-0.367674,-0.882892,0.292089,-0.64247,0.46824,0.606615,0.000172,0.000982,0.000654,0.001068,-0.011457,0.026426,0.077641
52,0.12981,-0.008796,0.392139,0.794417,-0.102664,-0.598671,0.38695,0.845283,0.368426,0.467239,-0.524208,0.711984,-0.013009,0.00323,0.002332,-0.000984,0.014715,-0.029553,0.20788,-0.247486,-0.001009,0.369619,0.835633,-0.20733,0.508647,0.115038,0.971473,0.207218,-0.538143,-0.114396,0.834972,0.004085,0.007547,0.02225,4.249014,3.1599,3.647169,0.142551,0.006602,0.047771,-0.009359,-0.836109,0.087318,0.541568,0.047904,-0.971856,0.230651,0.546466,0.218792,0.808395,0.002002,0.003732,0.011089,-0.019327,-0.106205,0.230049,0.009699,0.07988,0.047896,-0.03061,-0.672618,0.035128,-0.739154,-0.36747,-0.882862,0.292435,-0.6423,0.468314,0.606738,5.3e-05,0.000307,0.000206,-1.2e-05,-3e-06,-9e-06,0.069313
53,0.129724,-0.008764,0.392161,0.794505,-0.102584,-0.598567,0.386841,0.845295,0.368513,0.467179,-0.524204,0.712026,-0.013114,0.002624,0.00193,-0.000984,0.014715,-0.029553,0.208322,-0.247321,-0.001123,0.37017,0.828557,-0.225965,0.512273,0.13908,0.969255,0.202815,-0.543387,-0.096525,0.833832,0.003255,-0.005982,0.029016,0.019013,-0.030798,0.295969,0.145024,0.006694,0.047718,-0.009056,-0.829003,0.113037,0.547699,0.017476,-0.973644,0.227398,0.558969,0.198086,0.805179,0.001583,-0.003039,0.01447,0.026585,-0.063096,0.300798,0.014108,0.079838,0.047914,-0.030597,-0.672704,0.035052,-0.73908,-0.367391,-0.882865,0.292526,-0.642255,0.468315,0.606785,0.000116,0.000666,0.000445,-2e-06,7e-06,-2e-06,0.067843
54,0.129569,-0.008709,0.392188,0.794588,-0.102517,-0.598469,0.386731,0.845321,0.368571,0.46713,-0.524177,0.712079,2.5e-05,0.000143,9.5e-05,0.0,0.0,0.0,0.208382,-0.247166,-0.001464,0.371245,0.810615,-0.260042,0.524665,0.184858,0.963739,0.192272,-0.556651,-0.058557,0.828598,0.002593,-0.008816,0.026923,-0.004631,0.002477,0.213536,0.142653,0.006771,0.047551,-0.008529,-0.815789,0.14966,0.55865,-0.028997,-0.975307,0.218937,0.577622,0.162407,0.799984,0.001086,-0.00517,0.012908,0.164443,0.216195,-0.002815,0.017211,0.079756,0.047944,-0.030582,-0.672813,0.034961,-0.738986,-0.367278,-0.882881,0.292621,-0.642206,0.468292,0.606854,4e-06,2.3e-05,1.6e-05,4e-06,-1.2e-05,1.6e-05,0.06719
55,0.129496,-0.008723,0.39218,0.794638,-0.102474,-0.59841,0.386669,0.845327,0.368619,0.467094,-0.524174,0.712104,-4.9e-05,-0.00028,-0.000186,0.0,0.0,0.0,0.211115,-0.247083,-0.001756,0.372195,0.794812,-0.290945,0.532557,0.224412,0.956215,0.18769,-0.564839,-0.029314,0.824598,0.002443,-0.009455,0.026441,0.344266,0.261277,0.274238,0.133883,0.006812,0.047399,-0.008045,-0.80458,0.182867,0.564986,-0.069536,-0.973872,0.216186,0.589758,0.134653,0.796274,0.001187,-0.004749,0.013206,0.367196,0.255563,0.263008,0.010842,0.079719,0.047936,-0.030587,-0.672869,0.034913,-0.738936,-0.367227,-0.882883,0.292679,-0.642176,0.468293,0.606886,-3.2e-05,-0.000183,-0.000119,-6e-06,-8e-06,4e-06,0.068496
56,0.129503,-0.008739,0.39217,0.794648,-0.102463,-0.598399,0.386656,0.845329,0.36863,0.467089,-0.524174,0.712107,-0.00014,-0.000796,-0.000527,0.0,0.0,0.0,0.213569,-0.247034,-0.001876,0.37267,0.789402,-0.305361,0.532531,0.240998,0.951944,0.188829,-0.565587,-0.020353,0.824355,0.002529,-0.009077,0.026706,-0.062915,0.01955,0.004806,0.126278,0.006837,0.047338,-0.007809,-0.80145,0.198008,0.564331,-0.086695,-0.972099,0.21796,0.591744,0.125759,0.796255,0.001239,-0.004524,0.013365,-0.061998,0.015965,0.001801,0.004474,0.079723,0.04793,-0.030591,-0.67288,0.0349,-0.738927,-0.367216,-0.882883,0.292693,-0.642172,0.468293,0.60689,-0.000109,-0.000615,-0.000407,-1e-06,8e-06,-1e-06,0.070946
57,0.129582,-0.00874,0.392143,0.79453,-0.102567,-0.598538,0.386775,0.84534,0.368478,0.467191,-0.524135,0.712069,-4e-06,-2.1e-05,-1.4e-05,0.0,0.0,0.0,0.217297,-0.246976,-0.002045,0.373697,0.779726,-0.327325,0.533739,0.266605,0.944824,0.190169,-0.567511,-0.005585,0.823264,-0.00995,0.006168,0.021626,-0.048999,0.10603,-0.197017,0.121437,0.006868,0.047248,-0.007306,-0.795183,0.221299,0.564544,-0.113127,-0.96882,0.220429,0.595723,0.111417,0.795424,0.00174,-0.002359,0.014911,-0.068703,0.003646,0.016687,-0.007936,0.079762,0.047926,-0.030606,-0.672748,0.035017,-0.739042,-0.367303,-0.882904,0.292521,-0.64226,0.468245,0.606833,1e-06,7e-06,2e-06,-4e-06,-1e-06,-2e-06,0.076661
58,0.129651,-0.008763,0.392139,0.794455,-0.102639,-0.598624,0.386883,0.845316,0.368421,0.467229,-0.52416,0.712026,-2e-06,-9e-06,-6e-06,0.0,0.0,0.0,0.218382,-0.246871,-0.002028,0.374819,0.7715,-0.344142,0.535111,0.286247,0.938829,0.191298,-0.569176,0.006006,0.82211,0.004217,-0.001713,0.031904,-0.067989,0.004182,0.019732,0.132372,0.006915,0.047257,-0.00675,-0.789499,0.239008,0.565301,-0.133231,-0.965836,0.222282,0.599115,0.100175,0.79437,0.002168,0.004518,0.011514,-0.044768,0.077547,-0.143861,-0.001568,0.079796,0.047915,-0.030608,-0.672665,0.035097,-0.739113,-0.367399,-0.882889,0.292444,-0.642292,0.468267,0.606784,1e-06,8e-06,4e-06,-2e-06,4e-06,-5e-06,0.079764
59,0.129659,-0.008771,0.392133,0.794453,-0.102639,-0.598627,0.386884,0.845316,0.368419,0.467231,-0.52416,0.712024,-1.6e-05,-9.2e-05,-6.1e-05,0.0,0.0,0.0,0.217906,-0.246785,-0.001944,0.375363,0.76517,-0.356966,0.535801,0.301595,0.933926,0.19172,-0.569793,0.015331,0.821562,0.004324,-0.001222,0.032211,0.820157,0.321987,1.381557,0.133534,0.006959,0.047301,-0.006477,-0.78556,0.251193,0.565505,-0.147377,-0.963549,0.223276,0.600978,0.092055,0.793946,0.002386,0.004739,0.011577,2.909894,1.145918,4.399835,0.001372,0.0798,0.047911,-0.030611,-0.672663,0.035098,-0.739116,-0.3674,-0.882889,0.292443,-0.642293,0.468267,0.606782,-7e-06,-4.3e-05,-2.9e-05,3e-06,2e-06,3e-06,0.079927
