frame,MLTx,MLTy,MLTz,MLTR1,MLTR2,MLTR3,MLTR4,MLTR5,MLTR6,MLTR7,MLTR8,MLTR9,MLTTVx,MLTTVy,MLTTVz,MLTRVx,MLTRVy,MLTRVz,MLGA,MRTx,MRTy,MRTz,MRTR1,MRTR2,MRTR3,MRTR4,MRTR5,MRTR6,MRTR7,MRTR8,MRTR9,MRTTVx,MRTTVy,MRTTVz,MRTRVx,MRTRVy,MRTRVz,MRGA,SLTx,SLTy,SLTz,SLTR1,SLTR2,SLTR3,SLTR4,SLTR5,SLTR6,SLTR7,SLTR8,SLTR9,SLTTVx,SLTTVy,SLTTVz,SLTRVx,SLTRVy,SLTRVz,SLGA,SRTx,SRTy,SRTz,SRTR1,SRTR2,SRTR3,SRTR4,SRTR5,SRTR6,SRTR7,SRTR8,SRTR9,SRTTVx,SRTTVy,SRTTVz,SRTRVx,SRTRVy,SRTRVz,SRGA
661,0.090092,-0.013038,0.341636,-0.284778,0.186793,-0.940242,-0.632027,-0.774016,0.0376,-0.720392,0.60473,0.339653,0.029908,0.015398,-0.021699,-0.669928,1.288488,-1.965306,0.426728,-0.20537,-0.000211,0.312861,-0.457392,0.861621,-0.219985,-0.349613,0.053348,0.935339,0.818202,0.503618,0.277086,0.000423,0.003762,0.003712,0.02665,-0.014402,-0.011289,-1.404726,0.026351,0.044797,-0.016866,0.45579,-0.871728,-0.179842,0.41897,0.031852,0.90744,-0.785313,-0.488951,0.379746,0.007458,-0.003977,0.005202,-0.03001,-0.025564,0.002986,-1.036203,0.043146,0.033884,-0.047424,0.44957,-0.17423,-0.876087,0.496685,0.863946,0.083061,0.742421,-0.472482,0.474942,0.007413,0.003606,-0.005667,0.036988,-0.037815,0.052177,0.367058
662,0.09054,-0.012809,0.341308,-0.291968,0.18165,-0.939044,-0.622447,-0.7815,0.0423,-0.725823,0.596626,0.342411,0.029977,0.015697,-0.021422,-0.669978,1.288836,-1.965122,0.43262,-0.205346,-0.000261,0.31304,-0.453685,0.863747,-0.219323,-0.350456,0.053475,0.935016,0.8199,0.499956,0.278696,0.00052,0.004627,0.004561,0.016544,-0.008945,-0.007006,-1.404489,0.026363,0.044768,-0.016773,0.452197,-0.873826,-0.178732,0.419758,0.031687,0.907082,-0.786968,-0.485204,0.381125,0.000476,-0.002921,0.006646,-0.047261,-0.016469,0.005404,-1.036856,0.04337,0.033997,-0.047589,0.455679,-0.167996,-0.874147,0.485479,0.870021,0.08587,0.746101,-0.463509,0.478008,0.007468,0.003796,-0.005492,0.037667,-0.03884,0.053224,0.377345
663,0.0915,-0.012294,0.340637,-0.306588,0.17223,-0.936155,-0.607709,-0.792358,0.053191,-0.732235,0.585,0.34876,0.029529,0.006547,-0.011247,-0.030474,0.08351,-0.125563,0.438333,-0.205287,-0.000318,0.313367,-0.456513,0.862565,-0.218104,-0.352925,0.049591,0.934301,0.81727,0.502385,0.282032,0.000385,0.003439,0.003384,0.036785,-0.019901,-0.015567,-1.404478,0.026393,0.044744,-0.016605,0.454985,-0.872561,-0.177833,0.422108,0.035485,0.90585,-0.784099,-0.487213,0.38446,0.000386,-0.003757,0.005816,-0.023054,-0.030265,-0.005657,-1.037836,0.043849,0.034256,-0.04793,0.470169,-0.155102,-0.86884,0.467358,0.878838,0.096022,0.748676,-0.451206,0.485691,0.008164,0.010044,-0.009001,-0.176867,0.314155,-0.464443,0.390409
664,0.092571,-0.011742,0.339922,-0.330481,0.15556,-0.930929,-0.583028,-0.809265,0.071689,-0.741813,0.566253,0.359303,0.030063,0.016339,-0.020845,0.865981,1.180678,-2.579031,0.455467,-0.205314,-0.000395,0.31358,-0.457442,0.861574,-0.220066,-0.355853,0.049556,0.933192,0.815479,0.504084,0.284177,0.000143,0.001279,0.001257,0.001659,-0.000899,-0.000702,-1.404738,0.026379,0.044708,-0.016497,0.455826,-0.871682,-0.179979,0.42481,0.035371,0.904591,-0.78215,-0.488793,0.386422,0.000262,-0.004886,0.004707,-0.048601,0.012964,-0.014742,-1.043388,0.044374,0.034525,-0.048273,0.487988,-0.137823,-0.8619,0.443393,0.889703,0.10877,0.751844,-0.435239,0.495274,0.015048,0.008173,-0.010437,0.005701,-0.031272,0.064036,0.406574
665,0.093605,-0.011235,0.33926,-0.352703,0.139998,-0.925228,-0.563149,-0.821386,0.090334,-0.74689,0.552724,0.369699,0.030296,0.017309,-0.01994,-0.109906,0.183061,-0.265695,0.460929,-0.20535,-0.000465,0.313684,-0.458391,0.860551,-0.222085,-0.358967,0.049447,0.932004,0.813579,0.505837,0.286499,9.8e-05,0.000878,0.000863,0.000235,-0.000128,-0.0001,-1.405003,0.026366,0.044675,-0.01645,0.456564,-0.870834,-0.182197,0.427811,0.03533,0.903177,-0.78008,-0.490305,0.388683,6.5e-05,0.000605,0.000595,-0.006216,0.001786,0.001214,-1.043878,0.044902,0.034782,-0.048614,0.508539,-0.115802,-0.853215,0.413757,0.901874,0.124204,0.75511,-0.416187,0.506553,0.014794,0.003443,-0.005505,-0.581303,1.316772,-2.083376,0.4247
666,0.094122,-0.010978,0.338933,-0.362407,0.132479,-0.922581,-0.553386,-0.827056,0.09856,-0.749525,0.546094,0.374193,0.030081,0.016682,-0.020545,-0.674498,1.285272,-1.974208,0.463903,-0.20537,-0.000461,0.313704,-0.458369,0.860604,-0.221924,-0.358871,0.049341,0.932047,0.813634,0.505756,0.286485,4.9e-05,0.000435,0.000427,4e-06,-2e-06,-2e-06,-1.404562,0.026351,0.044674,-0.016436,0.456507,-0.870906,-0.181996,0.427644,0.035405,0.903253,-0.780205,-0.490171,0.388601,2.2e-05,0.000217,0.000215,-0.001326,0.002441,0.001113,-1.043878,0.045162,0.034913,-0.048776,0.514905,-0.107907,-0.850427,0.402559,0.906295,0.12874,0.756847,-0.408636,0.510095,0.007984,0.009629,-0.009399,0.081789,-0.247316,0.407904,0.428455
667,0.09497,-0.010406,0.338309,-0.374728,0.119747,-0.919394,-0.533442,-0.838883,0.108103,-0.75786,0.5308,0.379378,0.016075,0.019841,-0.018215,1.598497,-0.326364,-0.394073,0.468418,-0.205431,-0.000434,0.313734,-0.458242,0.860903,-0.221026,-0.358458,0.048674,0.932241,0.813888,0.505313,0.286547,2.5e-05,0.000225,0.000221,0.0,-0.0,-0.0,-1.404659,0.026321,0.044687,-0.016421,0.456373,-0.871169,-0.181069,0.427231,0.036038,0.903423,-0.78051,-0.489657,0.388638,-0.007063,0.000299,0.000697,-0.002424,0.01695,-0.028464,-1.045511,0.04559,0.035197,-0.049089,0.526478,-0.092499,-0.845141,0.380846,0.914407,0.137166,0.760116,-0.394083,0.516643,0.007578,0.00456,-0.00481,5.119991,-0.649559,-2.039637,0.4376
668,0.095362,-0.009847,0.337795,-0.386316,0.107839,-0.916065,-0.515718,-0.848643,0.117524,-0.764265,0.517695,0.384601,0.000952,0.011149,-0.008265,-0.024094,0.208879,-0.363037,0.467936,-0.205507,-0.000436,0.313722,-0.458032,0.861385,-0.219578,-0.357814,0.047587,0.932544,0.814288,0.504596,0.286672,-0.00013,-0.001156,-0.001136,0.0,-0.0,-0.0,-1.404664,0.026283,0.044687,-0.016426,0.456225,-0.871556,-0.179574,0.426594,0.037112,0.903681,-0.780945,-0.488887,0.388732,-7.6e-05,-0.000673,-0.00066,-0.000267,0.001181,0.000495,-1.045347,0.045792,0.035481,-0.04935,0.535145,-0.078523,-0.841102,0.35924,0.922307,0.142459,0.764569,-0.378393,0.521777,0.007993,0.009767,-0.009261,-0.14727,0.425153,-0.690893,0.441192
669,0.095522,-0.009596,0.337559,-0.388345,0.104531,-0.915591,-0.5094,-0.852287,0.118699,-0.767463,0.512364,0.385371,0.014986,0.008323,-0.010295,0.035741,-0.032233,0.045633,0.466903,-0.205551,-0.000447,0.313714,-0.457932,0.861614,-0.218885,-0.357496,0.047072,0.932692,0.814484,0.504252,0.286719,-0.000155,-0.001375,-0.001351,-0.001588,0.015791,-0.024053,-1.404771,0.026261,0.044682,-0.016429,0.456174,-0.871696,-0.179023,0.42635,0.037504,0.90378,-0.781108,-0.488608,0.388757,-1e-05,-8.6e-05,-8.2e-05,-0.000195,0.000981,0.000425,-1.045021,0.045867,0.035604,-0.049463,0.536726,-0.074788,-0.840435,0.352304,0.924945,0.142683,0.766685,-0.37267,0.52279,0.0075,0.004147,-0.005168,0.029845,0.064985,-0.12689,0.440376
670,0.095781,-0.009145,0.337121,-0.399023,0.084027,-0.913108,-0.470825,-0.873263,0.12533,-0.786363,0.479814,0.389153,0.001699,0.021625,-0.017156,0.206029,-0.05381,-0.026046,0.479329,-0.205604,-0.000452,0.313712,-0.457422,0.861284,-0.221237,-0.359234,0.048732,0.931939,0.814005,0.504658,0.287365,-3e-06,-2.6e-05,-2.5e-05,0.0,-0.0,-0.0,-1.404597,0.026234,0.044676,-0.016434,0.455441,-0.871632,-0.181189,0.427991,0.035908,0.903068,-0.780637,-0.488842,0.389405,0.0,3e-06,4e-06,-0.000324,0.000825,-0.000203,-1.046654,0.046002,0.035836,-0.04969,0.543787,-0.052718,-0.837565,0.310378,0.939893,0.142354,0.779718,-0.337372,0.527464,0.000865,0.010822,-0.008573,0.204149,-0.055467,-0.025947,0.447071
671,0.09591,-0.008627,0.336711,-0.416198,0.060227,-0.907303,-0.435068,-0.889355,0.140481,-0.797942,0.453127,0.397482,0.001274,0.012272,-0.007186,0.146942,0.085202,-0.250961,0.49317,-0.20567,-0.000469,0.313699,-0.456836,0.861113,-0.223106,-0.36075,0.050035,0.931284,0.813663,0.504822,0.288046,-3e-05,-0.000262,-0.000258,0.0,-0.0,0.0,-1.4051,0.026201,0.044668,-0.01644,0.454695,-0.871639,-0.183018,0.429482,0.034562,0.902413,-0.780254,-0.488926,0.390068,-1.7e-05,-0.000151,-0.000149,-0.000361,0.000728,-0.000584,-1.047144,0.046066,0.036087,-0.049895,0.556082,-0.026405,-0.830706,0.270868,0.950682,0.151103,0.785749,-0.309037,0.53581,0.000899,0.010955,-0.008439,0.453164,0.033759,-0.372821,0.465033
672,0.095935,-0.008187,0.336367,-0.435316,0.032949,-0.8997,-0.397196,-0.903836,0.159023,-0.807406,0.426537,0.407663,0.000496,0.009597,-0.009724,1.522693,-0.168127,-0.857608,0.502038,-0.205745,-0.000473,0.313699,-0.456737,0.861358,-0.222361,-0.360408,0.049481,0.931446,0.81387,0.504459,0.288096,-0.0,-1e-06,-1e-06,0.0,-0.0,-0.0,-1.404912,0.026163,0.044666,-0.01644,0.454643,-0.871829,-0.182244,0.429138,0.035121,0.902555,-0.780473,-0.488548,0.390103,-0.0,1.4e-05,1.3e-05,-0.000135,0.000309,6.8e-05,-1.045837,0.04608,0.036315,-0.050061,0.569576,0.003094,-0.821932,0.230378,0.959308,0.163256,0.788992,-0.282342,0.545686,0.000355,0.005356,-0.004382,5.000558,-0.712393,-2.57514,0.482668
673,0.09592,-0.007988,0.336229,-0.444591,0.018524,-0.895568,-0.377539,-0.910513,0.168531,-0.811757,0.413011,0.412916,0.001219,0.012079,-0.007365,0.068328,0.158465,-0.32262,0.501476,-0.205777,-0.000472,0.313702,-0.456668,0.861521,-0.221871,-0.360183,0.049117,0.931553,0.814008,0.504217,0.28813,-0.0,-0.0,-0.0,0.0,-0.0,-0.0,-1.404459,0.026147,0.044666,-0.016439,0.454609,-0.871952,-0.181737,0.428914,0.035488,0.902647,-0.780616,-0.488301,0.390126,1e-06,8e-06,9e-06,-7e-06,0.000252,0.000123,-1.045837,0.046071,0.036407,-0.050136,0.575725,0.019603,-0.817407,0.207113,0.963611,0.168985,0.790976,-0.266585,0.550716,0.000436,0.005414,-0.004273,0.16189,0.150318,-0.384841,0.486424
674,0.095866,-0.00747,0.336037,-0.462745,-0.034922,-0.885829,-0.292414,-0.937284,0.189644,-0.836326,0.346824,0.424617,0.002153,0.015279,-0.004326,4.934132,-0.880758,-2.661559,0.501361,-0.205872,-0.000463,0.313717,-0.45609,0.861342,-0.223748,-0.361702,0.050423,0.930894,0.813658,0.504394,0.288809,-0.014148,0.000413,0.001204,-0.002045,0.015205,-0.029245,-1.404531,0.026106,0.044671,-0.016431,0.453882,-0.871941,-0.183601,0.430419,0.034124,0.901983,-0.780211,-0.488419,0.390788,-2e-06,-1e-06,-3e-06,-0.000145,0.000298,-0.00027,-1.045837,0.046047,0.036655,-0.050235,0.584448,0.072724,-0.808165,0.122435,0.976668,0.176429,0.80214,-0.202061,0.561908,0.001119,0.007755,-0.002049,0.137705,0.176477,-0.426599,0.488056
675,0.095568,-0.007066,0.336094,-0.473608,-0.057701,-0.87887,-0.263217,-0.942973,0.203693,-0.839919,0.32787,0.432509,-0.013088,0.005884,0.004927,-0.004189,0.212361,-0.375973,0.503479,-0.205903,-0.000456,0.313726,-0.456003,0.861546,-0.223139,-0.361424,0.049971,0.931026,0.81383,0.504091,0.288852,6e-06,5.7e-05,5.6e-05,0.0,-0.0,-0.0,-1.404727,0.026085,0.044675,-0.016426,0.453839,-0.872101,-0.182945,0.43013,0.0346,0.902103,-0.780395,-0.4881,0.390819,0.0,2.4e-05,2.1e-05,-3.5e-05,0.000114,3.6e-05,-1.046164,0.045901,0.036874,-0.050206,0.590065,0.099985,-0.801139,0.08509,0.979073,0.184863,0.802858,-0.17725,0.56921,-0.013498,0.004468,0.003595,-0.001286,0.211893,-0.384345,0.490179
676,0.095274,-0.006994,0.336205,-0.476762,-0.070592,-0.87622,-0.243845,-0.94703,0.208916,-0.843966,0.313347,0.435388,-0.013366,0.004919,0.004008,0.03488,0.104575,-0.221397,0.509942,-0.205903,-0.000456,0.313726,-0.455917,0.861736,-0.222581,-0.36117,0.049559,0.931147,0.813991,0.503808,0.288894,0.0,1e-06,1e-06,0.0,-0.0,-0.0,-1.40478,0.026085,0.044675,-0.016426,0.453797,-0.872244,-0.182368,0.429878,0.035017,0.902207,-0.780559,-0.487815,0.390849,-2e-06,-5e-06,-8e-06,-4.3e-05,0.000112,-9e-06,-1.046164,0.045754,0.036911,-0.050149,0.590888,0.113371,-0.798747,0.06474,0.98022,0.187021,0.804151,-0.162219,0.571861,-0.006641,0.002591,0.00214,0.1234,0.069752,-0.242476,0.492955
677,0.094695,-0.00689,0.336375,-0.476887,-0.101301,-0.873133,-0.190149,-0.957924,0.214933,-0.85758,0.268645,0.43865,-0.013612,0.00407,0.003195,4.827936,-1.173988,-2.455533,0.506542,-0.2059,-0.000439,0.313756,-0.455753,0.862093,-0.221531,-0.360671,0.048796,0.93138,0.814304,0.503271,0.288948,6.9e-05,0.000603,0.000593,0.0,0.0,0.0,-1.404699,0.026086,0.044683,-0.016412,0.453714,-0.872513,-0.181282,0.429384,0.03579,0.902412,-0.780879,-0.487277,0.390881,3.6e-05,0.000317,0.000312,-3.9e-05,6.6e-05,1.6e-05,-1.046817,0.045465,0.036963,-0.050064,0.587016,0.141273,-0.797153,0.015318,0.982541,0.185408,0.80943,-0.121049,0.574603,-0.006786,0.00209,0.001666,0.001184,0.099317,-0.185505,0.498834
678,0.094045,-0.006744,0.336455,-0.476013,-0.121817,-0.870987,-0.154581,-0.963352,0.219157,-0.865176,0.239105,0.440825,-0.028396,0.00417,0.002616,0.009728,0.026486,-0.065027,0.504835,-0.205862,-0.00039,0.313802,-0.455609,0.862395,-0.220647,-0.360271,0.048145,0.931569,0.814561,0.502815,0.289014,0.000443,-0.010528,0.008668,-0.036209,0.013785,-0.016441,-1.404845,0.026105,0.044708,-0.016388,0.45364,-0.872741,-0.180367,0.428987,0.036449,0.902575,-0.78114,-0.486819,0.39093,0.000219,-0.005263,0.004335,-0.036243,0.013823,-0.016424,-1.047633,0.045146,0.037039,-0.050021,0.581778,0.164165,-0.796607,-0.026556,0.98273,0.183127,0.812913,-0.085385,0.57609,-0.007226,0.0006,0.000252,0.033243,0.006541,-0.049678,0.497038
679,0.093251,-0.006606,0.336536,-0.471916,-0.13956,-0.870554,-0.119789,-0.968086,0.220071,-0.872901,0.208306,0.441224,-0.014064,0.002543,0.001731,0.037986,0.004863,-0.049305,0.510983,-0.205825,-0.000349,0.313855,-0.455439,0.86275,-0.219609,-0.35978,0.047393,0.931797,0.814873,0.502279,0.289068,0.000122,0.001078,0.001058,0.0,0.0,0.0,-1.4044,0.026124,0.044728,-0.016362,0.453552,-0.873008,-0.179293,0.4285,0.037211,0.902775,-0.781458,-0.486283,0.390961,6.2e-05,0.000545,0.000534,-1.4e-05,3e-05,1.8e-05,-1.04845,0.044753,0.037103,-0.049985,0.575144,0.181087,-0.797756,-0.061274,0.981987,0.178731,0.815753,-0.053915,0.57588,-0.007031,0.001265,0.000878,0.43531,-0.095709,-0.246343,0.500956
680,0.092885,-0.006534,0.3366,-0.469693,-0.148465,-0.870283,-0.102326,-0.96996,0.220633,-0.876316,0.19286,0.441478,-0.027759,0.006314,0.004614,0.1279,-0.003495,-0.124986,0.511311,-0.205812,-0.000354,0.313878,-0.455352,0.862929,-0.219086,-0.3595,0.047033,0.931923,0.815045,0.502005,0.289058,0.000152,0.001335,0.00131,0.001586,-0.015789,0.024055,-1.404778,0.02613,0.044724,-0.016352,0.453505,-0.873148,-0.17873,0.428214,0.037592,0.902895,-0.781642,-0.486003,0.390943,-1e-06,-3e-06,-3e-06,4e-06,1.9e-05,3.4e-05,-1.048776,0.044564,0.037137,-0.049955,0.571561,0.189437,-0.798392,-0.078627,0.981152,0.176512,0.816782,-0.038113,0.575684,-0.006816,0.001982,0.001552,0.435461,-0.110188,-0.222028,0.503406
681,0.092292,-0.006291,0.336716,-0.466351,-0.160212,-0.869997,-0.078876,-0.972015,0.221218,-0.880515,0.17198,0.441749,-0.011989,0.017204,-0.003202,0.034111,-0.01757,0.011309,0.502007,-0.205791,-0.000364,0.313882,-0.454786,0.862691,-0.221189,-0.361108,0.048527,0.931225,0.81465,0.502272,0.289709,0.014143,-0.00041,-0.001202,0.002045,-0.015205,0.029245,-1.404606,0.026136,0.044722,-0.016347,0.452782,-0.873098,-0.180797,0.429794,0.036064,0.902206,-0.781194,-0.486209,0.391581,-4e-06,-2.3e-05,-2.4e-05,-0.011039,0.109102,-0.166359,-1.049593,0.044261,0.037252,-0.049896,0.566513,0.200651,-0.79925,-0.102037,0.979518,0.173582,0.81771,-0.016783,0.575384,-0.006533,0.002907,0.00242,-0.004566,0.016026,-0.029007,0.496874
682,0.091788,-0.005833,0.336882,-0.469146,-0.176633,-0.865302,-0.064926,-0.970246,0.233195,-0.880166,0.165797,0.444799,-0.026235,0.011208,0.009199,-0.019377,-0.035502,-0.0629,0.507033,-0.205813,-0.000375,0.313871,-0.454691,0.862907,-0.220542,-0.360814,0.048048,0.931364,0.814833,0.501948,0.289755,-0.014159,0.000273,0.001067,-0.002045,0.015205,-0.029245,-1.404759,0.026135,0.044715,-0.016354,0.452737,-0.87325,-0.180174,0.429522,0.036515,0.902317,-0.781369,-0.485902,0.391612,-1.1e-05,-0.000101,-9.9e-05,-3.8e-05,1.8e-05,-2.8e-05,-1.049103,0.044015,0.037484,-0.049817,0.56589,0.217532,-0.795265,-0.11711,0.975993,0.183634,0.81612,-0.010783,0.57778,-0.006116,0.00426,0.003688,-0.009684,-0.026146,-0.048372,0.494588
683,0.091544,-0.005585,0.336948,-0.468437,-0.180125,-0.864966,-0.058579,-0.970512,0.233768,-0.880988,0.160392,0.445152,-0.012482,0.00766,0.006532,-0.001152,0.013951,-0.030022,0.507071,-0.205847,-0.000393,0.313856,-0.454613,0.863089,-0.219991,-0.360563,0.047638,0.931482,0.814988,0.501674,0.289793,-6.9e-05,-0.000609,-0.000598,0.0,0.0,0.0,-1.404586,0.026112,0.044706,-0.016361,0.452704,-0.873389,-0.179581,0.429261,0.036948,0.902424,-0.781532,-0.485619,0.391639,-0.007116,-0.000178,0.000225,-0.002062,0.015214,-0.029238,-1.048613,0.043889,0.037613,-0.04978,0.56473,0.22079,-0.795192,-0.123494,0.975307,0.183097,0.815983,-0.005199,0.578051,-0.005625,0.00975,-0.000518,0.036717,-0.008328,0.015606,0.497527
684,0.091144,-0.005153,0.336994,-0.462268,-0.189822,-0.866211,-0.046453,-0.970295,0.237361,-0.884966,0.150192,0.440801,-0.013008,0.005888,0.004851,-0.003574,-0.008266,-0.009486,0.509246,-0.205895,-0.000427,0.31381,-0.454524,0.863299,-0.21935,-0.360292,0.047148,0.931612,0.815158,0.50136,0.289861,-0.000165,-0.001445,-0.001419,-0.001586,0.015789,-0.024055,-1.404257,0.026089,0.044691,-0.016382,0.452668,-0.873539,-0.17894,0.429,0.037429,0.902528,-0.781696,-0.485312,0.391692,-0.007082,0.000127,0.000524,-0.002053,0.015219,-0.029253,-1.049429,0.04369,0.037832,-0.049754,0.557305,0.229446,-0.797975,-0.135813,0.973307,0.185008,0.819125,0.005269,0.573591,0.000808,0.00653,-0.00321,0.044239,0.001094,0.023364,0.50063
685,0.090959,-0.004907,0.336824,-0.459897,-0.191484,-0.867106,-0.045999,-0.970026,0.238547,-0.886226,0.149825,0.438387,0.000146,0.008263,-0.010953,0.033857,-0.004376,-0.009558,0.505709,-0.205914,-0.000423,0.31383,-0.454045,0.862885,-0.221956,-0.362125,0.049011,0.930805,0.814611,0.501893,0.290474,0.000453,-0.010433,0.008762,-0.036209,0.013787,-0.01644,-1.405077,0.026078,0.044692,-0.01638,0.451991,-0.873357,-0.181526,0.430824,0.035541,0.901735,-0.781085,-0.485782,0.392328,8e-05,0.000701,0.000688,0.00146,-0.015638,0.02366,-1.049429,0.043594,0.03796,-0.049827,0.555053,0.230584,-0.799216,-0.136359,0.973035,0.186032,0.820561,0.005722,0.571528,0.00017,0.004436,-0.005183,0.038435,-0.008402,0.02108,0.498997
686,0.091221,-0.00468,0.336292,-0.45921,-0.190883,-0.867603,-0.045084,-0.970376,0.237296,-0.886629,0.148314,0.438084,0.014149,0.013429,-0.02413,0.069686,-0.036394,0.036236,0.505367,-0.205902,-0.000404,0.313848,-0.453948,0.863093,-0.221342,-0.361848,0.048558,0.930936,0.814788,0.501579,0.29052,3.2e-05,0.000279,0.000274,0.0,0.0,0.0,-1.404341,0.026085,0.0447,-0.016365,0.451941,-0.873518,-0.180873,0.43052,0.036001,0.901862,-0.781281,-0.485459,0.392337,1.9e-05,0.000166,0.000164,-2e-06,1.5e-05,-2e-05,-1.049266,0.043719,0.038071,-0.050089,0.55466,0.229827,-0.799707,-0.137068,0.973204,0.184621,0.820709,0.007213,0.571299,0.006633,0.001353,-0.007751,0.03419,-0.017901,0.021293,0.496384
687,0.091563,-0.004522,0.335881,-0.458528,-0.190134,-0.868128,-0.044529,-0.970703,0.236057,-0.887011,0.147126,0.437712,0.013969,0.012858,-0.024674,0.069696,-0.03636,0.036251,0.506549,-0.205902,-0.000404,0.313848,-0.453884,0.863234,-0.220923,-0.361658,0.048248,0.931026,0.814908,0.501366,0.290551,0.0,4e-06,4e-06,0.0,0.0,0.0,-1.404397,0.026085,0.044701,-0.016365,0.451911,-0.873623,-0.180439,0.430331,0.036315,0.90194,-0.781403,-0.485245,0.392359,-1e-06,-1.3e-05,-1.2e-05,1.9e-05,5e-06,1.5e-05,-1.04943,0.04389,0.038148,-0.050296,0.554193,0.228949,-0.800282,-0.137445,0.973401,0.183296,0.820962,0.008413,0.57092,0.013548,-0.000251,-0.008927,0.035286,-0.032778,0.050653,0.497201
688,0.092576,-0.004151,0.334789,-0.45461,-0.189823,-0.870254,-0.043249,-0.971171,0.234368,-0.889092,0.144413,0.434381,0.041305,0.005473,-0.030309,0.065033,-0.084688,0.084407,0.505247,-0.205913,-0.000387,0.313837,-0.453804,0.863418,-0.22037,-0.361449,0.04781,0.931129,0.815045,0.501093,0.290639,0.0,0.0,0.0,0.0,0.0,0.0,-1.404486,0.02608,0.044709,-0.01637,0.451876,-0.873759,-0.179867,0.430122,0.036758,0.902021,-0.781538,-0.484967,0.392433,-4e-06,-6e-06,-9e-06,2.3e-05,-1.4e-05,7.7e-05,-1.049266,0.044386,0.038335,-0.05084,0.550521,0.228104,-0.803053,-0.138436,0.973572,0.181637,0.823262,0.011177,0.567549,0.013608,0.003847,-0.014458,0.077775,-0.04555,0.066287,0.497691
689,0.093954,-0.003743,0.333382,-0.448589,-0.195522,-0.872115,-0.035513,-0.971108,0.235922,-0.892492,0.13704,0.429774,0.040542,0.00297,-0.032761,0.030621,-0.184165,0.026236,0.500299,-0.205945,-0.000377,0.313834,-0.453718,0.86362,-0.219754,-0.361191,0.047339,0.931254,0.815208,0.500789,0.290705,0.0,0.0,0.0,0.0,0.0,0.0,-1.404438,0.026064,0.044714,-0.016372,0.451839,-0.873909,-0.179232,0.429865,0.037235,0.902124,-0.781701,-0.484661,0.392487,-4e-06,-2e-06,-6e-06,8e-06,-2.6e-05,9.4e-05,-1.049756,0.045074,0.03854,-0.051542,0.544182,0.232652,-0.806063,-0.146162,0.972378,0.181979,0.826136,0.018786,0.563156,0.020641,0.006574,-0.02096,0.063049,-0.200274,0.00961,0.493608
690,0.094685,-0.003569,0.332623,-0.445761,-0.196608,-0.87332,-0.03437,-0.971105,0.236104,-0.893955,0.1355,0.427214,0.039905,0.000815,-0.034864,0.055971,-0.095253,0.044641,0.498408,-0.205965,-0.000364,0.313848,-0.453242,0.863199,-0.222373,-0.363051,0.049198,0.930434,0.814645,0.501335,0.291343,5e-05,0.000442,0.000434,0.0,-0.0,0.0,-1.404334,0.026054,0.04472,-0.016366,0.45116,-0.873718,-0.181852,0.431707,0.035322,0.901321,-0.781077,-0.485148,0.393126,2.9e-05,0.000284,0.000275,-0.000628,0.000672,-0.001815,-1.049919,0.045441,0.03863,-0.051919,0.541205,0.233371,-0.807858,-0.147335,0.972172,0.182134,0.827882,0.020454,0.560528,0.020478,0.00603,-0.021504,0.110117,-0.080115,0.075863,0.490669
691,0.096068,-0.003333,0.331051,-0.43581,-0.20606,-0.876159,-0.020604,-0.970902,0.23853,-0.899278,0.122256,0.419977,0.038908,-0.002686,-0.038338,4.870091,-1.369099,-2.514855,0.490384,-0.20595,-0.000327,0.313884,-0.453219,0.863246,-0.222239,-0.362991,0.0491,0.930463,0.814684,0.501264,0.291353,0.000114,0.001001,0.000982,0.0,0.0,0.0,-1.404607,0.026061,0.044738,-0.016348,0.451151,-0.873755,-0.181696,0.431635,0.035434,0.901351,-0.781123,-0.485072,0.39313,7.1e-05,0.000633,0.000621,0.0,2.1e-05,-3.9e-05,-1.049756,0.046133,0.038751,-0.052702,0.532236,0.238428,-0.812327,-0.155405,0.970733,0.183102,0.83221,0.028786,0.553712,0.013036,0.005806,-0.022105,0.064463,-0.194467,0.006082,0.482505
692,0.09724,-0.003271,0.32944,-0.431256,-0.209245,-0.877656,-0.012633,-0.971241,0.237704,-0.901621,0.113853,0.417306,0.02425,-0.002498,-0.038979,0.049813,-0.091123,-0.026327,0.483697,-0.205959,-0.000323,0.313903,-0.452694,0.862914,-0.224587,-0.364708,0.050772,0.929701,0.814209,0.501669,0.291985,3e-06,2.7e-05,2.6e-05,-0.01094,0.108966,-0.166007,-1.404809,0.026057,0.044742,-0.016337,0.450457,-0.873597,-0.184162,0.433386,0.033618,0.90058,-0.780554,-0.485486,0.393748,-1e-06,-1.3e-05,-1.2e-05,-7.8e-05,8.4e-05,-0.000222,-1.048777,0.046724,0.03878,-0.05351,0.526,0.243296,-0.814941,-0.16886,0.969008,0.180301,0.833552,0.042773,0.550781,0.019269,-0.002166,-0.020057,0.062292,-0.118609,0.022839,0.473034
693,0.098189,-0.00347,0.327874,-0.430123,-0.207999,-0.878508,-0.010861,-0.971835,0.235352,-0.902187,0.111025,0.416846,0.02271,-0.016027,-0.033304,0.035488,-0.002599,0.000975,0.477052,-0.205958,-0.000308,0.313903,-0.452637,0.863043,-0.224203,-0.364555,0.050474,0.929777,0.814308,0.501476,0.292038,-7.9e-05,-0.000689,-0.000676,0.0,0.0,0.0,-1.404528,0.026057,0.044751,-0.016335,0.450422,-0.873729,-0.183619,0.43317,0.034026,0.900669,-0.780693,-0.48522,0.393799,-5.5e-05,-0.000488,-0.000479,-7e-06,8e-06,-8e-06,-1.04747,0.047195,0.038686,-0.05428,0.525417,0.241921,-0.815726,-0.170418,0.96922,0.177674,0.833602,0.045662,0.550473,0.011908,-0.002201,-0.020516,0.070427,-0.033593,0.042933,0.462747
694,0.098523,-0.003588,0.327136,-0.427679,-0.209559,-0.87933,-0.00999,-0.971603,0.236347,-0.90336,0.110119,0.414538,0.009893,-0.001289,-0.038738,0.016293,-0.176759,-0.081856,0.476736,-0.20598,-0.000313,0.313899,-0.452568,0.863206,-0.223716,-0.364335,0.050113,0.929883,0.814445,0.501233,0.292074,-3.4e-05,-0.000299,-0.000293,0.0,0.0,0.0,-1.40418,0.026046,0.044747,-0.016339,0.450392,-0.87385,-0.183117,0.432951,0.034392,0.90076,-0.780832,-0.484976,0.393825,-2.7e-05,-0.000237,-0.000232,-0.010945,0.108963,-0.166014,-1.048286,0.047361,0.038622,-0.054655,0.523338,0.242642,-0.816848,-0.171208,0.968994,0.178148,0.834748,0.046619,0.548654,0.004898,-0.000909,-0.019637,-0.037062,-0.29872,-0.149242,0.459644
695,0.098815,-0.003848,0.325855,-0.424208,-0.214272,-0.879875,-0.002429,-0.971332,0.237655,-0.90505,0.103213,0.412625,0.009402,-0.011053,-0.029373,0.007062,-0.084072,-0.052985,0.476739,-0.206088,-0.000323,0.313896,-0.452443,0.863524,-0.22274,-0.36389,0.049384,0.930096,0.814714,0.500758,0.29214,-4e-06,-3.6e-05,-3.6e-05,0.0,0.0,0.0,-1.404277,0.025992,0.044741,-0.016342,0.450345,-0.874085,-0.18211,0.432509,0.03513,0.900944,-0.781104,-0.484501,0.393871,-1e-06,-9e-06,-7e-06,-0.010924,0.108967,-0.166016,-1.048776,0.047515,0.038487,-0.055313,0.518768,0.247034,-0.818445,-0.1788,0.967521,0.178699,0.836008,0.053635,0.546088,-0.002413,-0.004577,-0.014097,0.005419,-0.059539,-0.11175,0.457848
696,0.09853,-0.004143,0.324881,-0.41681,-0.218845,-0.882282,-0.001423,-0.97043,0.241321,-0.90849,0.102106,0.405275,-0.018909,-0.014228,-0.01485,-0.033159,-0.046763,-0.133933,0.475853,-0.206203,-0.000307,0.313918,-0.452414,0.863632,-0.22238,-0.363722,0.049111,0.930176,0.814805,0.500598,0.292159,8.9e-05,0.000776,0.000761,0.0,0.0,0.0,-1.404624,0.025934,0.044747,-0.016332,0.450344,-0.874162,-0.181741,0.432343,0.035408,0.901013,-0.781197,-0.484341,0.393883,5.9e-05,0.000521,0.000513,-1.4e-05,-2e-06,-2e-06,-1.049266,0.047382,0.038337,-0.055809,0.510927,0.250342,-0.822363,-0.180152,0.966593,0.182321,0.840534,0.054997,0.538959,-0.001879,-0.002651,-0.01225,0.016077,-0.053088,-0.083042,0.457031
697,0.098184,-0.004234,0.324517,-0.41299,-0.223443,-0.882926,-0.000771,-0.969352,0.245616,-0.910237,0.102389,0.401262,-0.017121,7.1e-05,-0.019921,-0.017667,-0.135217,-0.127412,0.475196,-0.206288,-0.000296,0.31392,-0.452365,0.863775,-0.221925,-0.363534,0.048756,0.930269,0.814916,0.500387,0.292211,-0.014139,0.000436,0.001221,-0.002045,0.015205,-0.029245,-1.404438,0.025897,0.044755,-0.01633,0.450331,-0.874261,-0.181298,0.432167,0.035749,0.901084,-0.781302,-0.484137,0.393926,-1e-06,-2e-06,1e-06,-2e-06,-2e-06,4e-06,-1.049756,0.04722,0.038287,-0.055988,0.506892,0.254097,-0.823707,-0.18123,0.965623,0.18635,0.842742,0.054821,0.535517,-0.008564,-2.7e-05,-0.010017,-0.035856,-0.173774,-0.186059,0.456215
698,0.097187,-0.004306,0.324068,-0.407377,-0.226052,-0.884867,9e-05,-0.968895,0.247416,-0.912769,0.100986,0.39583,-0.030991,-0.004231,-0.005732,-0.007455,0.02986,-0.092547,0.474833,-0.206375,-0.000312,0.313909,-0.452281,0.863991,-0.221255,-0.363228,0.048255,0.930414,0.815099,0.500064,0.292255,-7.1e-05,-0.000613,-0.000602,0.0,0.0,0.0,-1.404222,0.025849,0.044748,-0.016334,0.450301,-0.874424,-0.180584,0.431853,0.036275,0.901214,-0.781493,-0.483803,0.393957,-5.4e-05,-0.000474,-0.000462,-6e-06,0.0,1e-06,-1.050246,0.046721,0.038252,-0.05622,0.501041,0.255889,-0.826727,-0.182417,0.965051,0.188149,0.84598,0.056539,0.530209,-0.015025,0.003443,-0.006945,0.045368,0.05185,-0.062547,0.455562
699,0.095908,-0.004263,0.323989,-0.404155,-0.227215,-0.886046,0.000726,-0.968738,0.248029,-0.914203,0.099875,0.392791,-0.029393,0.001394,-0.000145,-0.003293,0.025733,-0.06135,0.476831,-0.206442,-0.000341,0.313884,-0.451797,0.863595,-0.223775,-0.365042,0.050039,0.92961,0.814556,0.500572,0.292899,-0.000142,-0.001231,-0.001208,0.0,-0.0,0.0,-1.404305,0.025815,0.044734,-0.016346,0.449625,-0.874251,-0.183087,0.433637,0.034449,0.900428,-0.780894,-0.484248,0.394597,-9.1e-05,-0.000794,-0.000779,-0.000104,0.000111,-0.000303,-1.050572,0.046075,0.038267,-0.056266,0.498142,0.256469,-0.828297,-0.183173,0.964823,0.188581,0.847526,0.057781,0.527597,-0.021792,0.0019,0.000768,0.003765,0.076173,-0.107909,0.456378
700,0.094499,-0.004093,0.324128,-0.40119,-0.223848,-0.888248,0.000645,-0.969751,0.244037,-0.915511,0.097604,0.390308,-0.042525,0.007454,0.0051,0.046386,-0.095198,0.111273,0.476885,-0.206489,-0.000369,0.313845,-0.451311,0.863181,-0.226335,-0.366895,0.051839,0.928782,0.813992,0.501101,0.293562,-0.000159,-0.001374,-0.001349,0.0,-0.0,0.0,-1.404421,0.025792,0.044716,-0.016362,0.448942,-0.874065,-0.185634,0.435439,0.03259,0.899627,-0.780283,-0.484713,0.395233,-2.3e-05,-0.000194,-0.000189,-0.000124,0.000114,-0.000328,-1.050409,0.045386,0.03835,-0.056197,0.496543,0.253173,-0.830269,-0.182806,0.965566,0.185102,0.848543,0.059867,0.525727,-0.021161,0.003918,0.002768,0.546061,-1.500862,2.131129,0.457195
701,0.093834,-0.003973,0.324241,-0.400231,-0.222841,-0.888933,0.000637,-0.970054,0.242831,-0.915932,0.096893,0.389497,-0.042267,0.008317,0.005936,0.011834,0.002329,-0.028685,0.477909,-0.206512,-0.000381,0.313834,-0.451282,0.863256,-0.226108,-0.366791,0.051669,0.928832,0.814055,0.500989,0.293578,-5.1e-05,-0.000444,-0.000436,0.0,-0.0,0.0,-1.404313,0.02578,0.044711,-0.016373,0.448933,-0.874121,-0.185391,0.435353,0.032781,0.899662,-0.780337,-0.484599,0.395267,-0.0071,-2.9e-05,0.000366,-0.00206,0.015223,-0.029297,-1.050083,0.045043,0.038414,-0.056138,0.495586,0.25133,-0.8314,-0.182471,0.965983,0.183246,0.849175,0.060892,0.524588,-0.014466,-0.002412,0.006469,0.01792,-0.102189,0.138902,0.457195
702,0.092497,-0.003658,0.324495,-0.399115,-0.226787,-0.888437,0.001297,-0.96907,0.246727,-0.916419,0.097596,0.388173,-0.027522,0.007675,0.006055,-0.002637,0.011729,-0.036138,0.47976,-0.206525,-0.0004,0.313817,-0.451272,0.863284,-0.226023,-0.366753,0.051606,0.928851,0.814078,0.500949,0.293584,-2e-06,-2.1e-05,-2.1e-05,0.0,0.0,0.0,-1.404488,0.025774,0.044702,-0.016382,0.448929,-0.874142,-0.185304,0.435314,0.032845,0.899678,-0.78036,-0.484558,0.395272,3e-06,2.5e-05,2.5e-05,-3.5e-05,3e-06,-3.5e-05,-1.050083,0.044386,0.038569,-0.056012,0.493687,0.255116,-0.831377,-0.18351,0.965036,0.18716,0.850056,0.060168,0.523242,-0.013847,0.003573,0.002785,0.00558,0.043015,-0.052315,0.459971
703,0.091302,-0.003349,0.324721,-0.39777,-0.230327,-0.88813,0.001828,-0.968176,0.250208,-0.917004,0.098182,0.386641,-0.041747,0.009951,0.007458,-0.02461,-0.014188,-0.124045,0.479305,-0.206513,-0.000387,0.313828,-0.451196,0.863453,-0.225528,-0.366531,0.051241,0.928958,0.81422,0.500695,0.293622,2.4e-05,0.00021,0.000206,0.0,0.0,0.0,-1.40457,0.02578,0.044708,-0.016376,0.448893,-0.874269,-0.184793,0.435094,0.033216,0.899772,-0.780504,-0.484304,0.395299,1.6e-05,0.000141,0.000139,-2.3e-05,8e-06,-4.2e-05,-1.050083,0.043779,0.038729,-0.055895,0.491767,0.258437,-0.831489,-0.184378,0.96419,0.190635,0.850981,0.059561,0.521807,-0.013752,0.003857,0.003049,-0.017032,-0.036242,-0.06684,0.460624
704,0.090197,-0.003059,0.324887,-0.396275,-0.23362,-0.887937,0.002318,-0.96734,0.253417,-0.917652,0.098649,0.384983,-0.028116,0.005707,0.004008,-0.002292,0.028564,-0.059631,0.481122,-0.206512,-0.000396,0.313834,-0.451129,0.863601,-0.225095,-0.366315,0.050934,0.929061,0.814354,0.500471,0.293631,0.0,0.0,0.0,0.0,0.0,0.0,-1.404353,0.02578,0.044705,-0.016372,0.448861,-0.874379,-0.184344,0.43488,0.033528,0.899863,-0.780641,-0.484082,0.3953,0.0,-2e-06,-1e-06,-3.1e-05,2e-06,-3.3e-05,-1.050083,0.043222,0.038879,-0.055807,0.489882,0.261462,-0.831656,-0.185317,0.963395,0.193719,0.851864,0.059221,0.520403,-0.014067,0.002837,0.002006,0.003603,0.04,-0.053434,0.46095
705,0.089743,-0.002949,0.324927,-0.394311,-0.235887,-0.888213,0.002375,-0.966757,0.255632,-0.918499,0.098976,0.382872,-0.028246,0.005294,0.00358,-0.059874,-0.125097,-0.152886,0.48249,-0.206501,-0.000375,0.313839,-0.451099,0.863669,-0.224895,-0.366246,0.050772,0.929096,0.814402,0.50037,0.293671,0.00015,0.001293,0.001269,0.001581,-0.015791,0.024054,-1.404341,0.025785,0.044712,-0.016373,0.448846,-0.874436,-0.184116,0.434802,0.033707,0.899894,-0.780694,-0.483968,0.395336,2e-06,1.9e-05,1.9e-05,-7e-06,-1e-05,9e-06,-1.050083,0.042995,0.038934,-0.055787,0.488035,0.263158,-0.832207,-0.185561,0.962951,0.195682,0.85287,0.058926,0.518786,-0.00708,0.001269,0.000859,-0.090482,-0.207084,-0.161392,0.462093
706,0.089098,-0.002771,0.324936,-0.392481,-0.238511,-0.888323,0.002706,-0.966091,0.258136,-0.919284,0.0992,0.380927,-0.014149,0.002567,0.0017,-0.014454,-0.021088,-0.051294,0.48383,-0.206497,-0.000352,0.313876,-0.451005,0.863877,-0.224283,-0.36595,0.050333,0.929237,0.814587,0.500056,0.293693,9.1e-05,0.000787,0.000772,0.0,0.0,0.0,-1.404586,0.025788,0.044726,-0.016352,0.448803,-0.874586,-0.183504,0.434518,0.034138,0.900015,-0.780877,-0.483666,0.395344,5.6e-05,0.00049,0.000482,-6e-06,-4e-06,-1e-06,-1.048939,0.042667,0.039022,-0.055784,0.485349,0.265774,-0.832946,-0.186181,0.962245,0.198545,0.854267,0.058715,0.516506,-0.007079,0.001269,0.000849,-0.001285,0.000546,-0.040372,0.465032
707,0.088894,-0.002667,0.324926,-0.392583,-0.238831,-0.888191,0.002994,-0.966025,0.258378,-0.919239,0.099066,0.381068,-0.013915,0.0033,0.002432,-0.001181,0.014191,-0.029871,0.483661,-0.206494,-0.000327,0.313901,-0.450954,0.863991,-0.223945,-0.365798,0.050082,0.92931,0.814683,0.499884,0.293719,0.000136,0.001174,0.001153,0.0,0.0,0.0,-1.404014,0.025789,0.044738,-0.01634,0.44878,-0.874671,-0.183155,0.434367,0.034392,0.900078,-0.780974,-0.483494,0.395363,8.5e-05,0.000739,0.000725,-1.7e-05,-4e-06,-3e-06,-1.049593,0.042564,0.039072,-0.05579,0.485573,0.26603,-0.832733,-0.186561,0.962161,0.198593,0.854056,0.058925,0.516831,0.000652,0.005962,-0.003672,0.038481,-0.010737,0.019801,0.465522
708,0.088655,-0.002461,0.324928,-0.392585,-0.239078,-0.888124,0.003387,-0.965996,0.258483,-0.919236,0.098759,0.381154,-0.013543,0.004454,0.003585,-0.000984,0.014714,-0.029553,0.482837,-0.206478,-0.000278,0.313949,-0.450917,0.864071,-0.223711,-0.365693,0.04991,0.929361,0.814751,0.499763,0.293737,0.000164,0.001418,0.001391,0.0,0.0,0.0,-1.404138,0.025797,0.044763,-0.016316,0.448761,-0.874731,-0.182913,0.434263,0.034567,0.900122,-0.781042,-0.483373,0.395376,9.1e-05,0.000795,0.000779,0.001585,-0.015793,0.024067,-1.050083,0.042444,0.039174,-0.05579,0.485606,0.266234,-0.832649,-0.186959,0.962086,0.198585,0.85395,0.059237,0.51697,0.000339,0.001059,0.001068,6.4e-05,-0.014825,0.024855,0.465196
709,0.088459,-0.002242,0.324988,-0.392524,-0.239176,-0.888125,0.00365,-0.965997,0.258474,-0.919261,0.098507,0.381158,0.000903,0.002825,0.00283,0.00028,-0.015063,0.024569,0.480932,-0.206445,-0.000257,0.313952,-0.450847,0.86422,-0.223278,-0.365521,0.049577,0.929446,0.814867,0.499539,0.293796,1.8e-05,0.000153,0.00015,-0.010916,0.108978,-0.166001,-1.404637,0.025814,0.044775,-0.016312,0.448736,-0.874808,-0.18261,0.434154,0.034798,0.900165,-0.781118,-0.483217,0.395417,9e-06,8e-05,7.7e-05,-1.6e-05,2e-06,-1.3e-05,-1.050572,0.042346,0.039282,-0.055761,0.485542,0.266334,-0.832655,-0.187212,0.962044,0.198552,0.853931,0.059478,0.516974,0.000896,0.006706,-0.002932,0.0342,-0.018618,0.015596,0.463073
710,0.088332,-0.002088,0.325075,-0.392397,-0.239076,-0.888207,0.003693,-0.966034,0.258333,-0.919316,0.09838,0.381061,0.000636,0.001987,0.001989,-0.0,-0.0,-0.0,0.481899,-0.206413,-0.000258,0.31395,-0.450787,0.86434,-0.222931,-0.365366,0.049322,0.929521,0.814969,0.499356,0.293824,0.0,0.0,0.0,0.0,0.0,0.0,-1.404644,0.02583,0.044774,-0.016314,0.448696,-0.874933,-0.182105,0.433937,0.035163,0.900256,-0.781261,-0.482964,0.395444,0.0,-1.4e-05,-1.4e-05,6.8e-05,8e-06,4.7e-05,-1.050899,0.042278,0.039364,-0.055713,0.485448,0.266212,-0.832748,-0.187232,0.962069,0.198407,0.853981,0.059601,0.516878,0.000385,0.0012,0.001204,-0.000148,4.3e-05,9.9e-05,0.463073
711,0.08834,-0.002074,0.325117,-0.392229,-0.238782,-0.888361,0.003522,-0.966107,0.258064,-0.919389,0.098382,0.380885,0.000381,0.001191,0.001192,-0.0,-0.0,-0.0,0.481523,-0.206423,-0.000267,0.313956,-0.450761,0.8644,-0.222753,-0.365265,0.049203,0.929567,0.815029,0.499264,0.293812,0.0,0.0,0.0,0.0,0.0,0.0,-1.404839,0.025825,0.044769,-0.016311,0.448684,-0.874978,-0.18192,0.433837,0.035284,0.900299,-0.781323,-0.482874,0.395429,-2e-06,-7e-06,-9e-06,4.7e-05,-3e-06,7.4e-05,-1.051062,0.042283,0.039373,-0.055691,0.485351,0.265889,-0.832908,-0.187032,0.962159,0.198163,0.854079,0.059602,0.516715,0.000215,0.000674,0.000675,-0.00013,2.6e-05,8e-05,0.463236
712,0.088472,-0.002119,0.325082,-0.391986,-0.238337,-0.888587,0.003342,-0.966224,0.257627,-0.919493,0.098307,0.380652,0.013683,-0.003979,-0.003103,0.000984,-0.014715,0.029553,0.479992,-0.206459,-0.000295,0.313917,-0.450722,0.864503,-0.222435,-0.365142,0.048952,0.929629,0.815106,0.499112,0.293858,-0.000158,-0.001365,-0.001339,0.0,0.0,0.0,-1.404409,0.025807,0.044757,-0.016329,0.44867,-0.875053,-0.181593,0.433715,0.035538,0.900348,-0.781399,-0.482719,0.395468,-0.000102,-0.000891,-0.000874,-1.3e-05,1.3e-05,-4e-06,-1.051389,0.042349,0.039353,-0.055706,0.485217,0.265402,-0.833142,-0.186802,0.962288,0.19775,0.854206,0.059681,0.516496,0.006801,-0.002113,-0.001676,0.000894,-0.014678,0.029614,0.461114
713,0.088922,-0.002267,0.324904,-0.391351,-0.237172,-0.889179,0.00297,-0.966541,0.25644,-0.919765,0.098005,0.380071,0.013157,-0.005646,-0.004781,0.000984,-0.014715,0.029553,0.479753,-0.206527,-0.000298,0.313874,-0.450247,0.864087,-0.224996,-0.367037,0.050725,0.928787,0.814516,0.499654,0.294572,-9e-06,-7.4e-05,-7.3e-05,0.0,-0.0,0.0,-1.404351,0.025772,0.044752,-0.016354,0.447999,-0.874864,-0.184144,0.43558,0.033718,0.899518,-0.780747,-0.483192,0.396179,1e-06,0.0,2e-06,-0.000223,0.00023,-0.000613,-1.051552,0.042569,0.039281,-0.055793,0.484867,0.264153,-0.833742,-0.186309,0.962613,0.196634,0.854512,0.059993,0.515953,0.00647,-0.003168,-0.002743,0.000659,0.000356,0.005063,0.46046
714,0.089293,-0.002378,0.324744,-0.390905,-0.236356,-0.889593,0.002765,-0.966768,0.255586,-0.919956,0.097738,0.379678,0.012641,-0.007292,-0.006439,0.000701,0.000357,0.00499,0.480536,-0.206536,-0.000262,0.313882,-0.450242,0.864109,-0.224922,-0.367046,0.050642,0.928788,0.814515,0.499625,0.294625,0.000151,0.001307,0.001283,0.0,-0.0,0.0,-1.404599,0.025767,0.044768,-0.016352,0.448,-0.87488,-0.184063,0.435584,0.033804,0.899513,-0.780744,-0.483157,0.396228,9.3e-05,0.000802,0.000788,0.001534,-0.01576,0.02396,-1.051389,0.04276,0.039224,-0.055874,0.484612,0.263241,-0.834179,-0.185999,0.962845,0.195789,0.854725,0.060274,0.515569,0.006291,-0.003749,-0.003332,0.000664,0.00037,0.005043,0.46046
715,0.09035,-0.002762,0.324339,-0.389854,-0.234295,-0.890598,0.002101,-0.967319,0.253499,-0.920404,0.097242,0.378717,0.040129,-0.015065,-0.012555,0.002664,-0.029067,0.064099,0.481106,-0.206562,-0.000205,0.31394,-0.450182,0.864256,-0.224474,-0.366843,0.050309,0.928886,0.814639,0.499403,0.294657,0.000215,0.001859,0.001823,0.0,0.0,0.0,-1.404377,0.025755,0.044798,-0.016322,0.447976,-0.87499,-0.1836,0.435383,0.034143,0.899598,-0.78087,-0.482934,0.39625,0.000303,-0.004511,0.005073,-0.036229,0.013847,-0.016431,-1.051552,0.043288,0.039033,-0.056075,0.484049,0.261006,-0.835207,-0.185106,0.96342,0.193794,0.855237,0.060796,0.514656,0.020021,-0.007682,-0.006446,0.002659,-0.02907,0.064125,0.46193
716,0.09185,-0.003247,0.323698,-0.388546,-0.231757,-0.891833,0.001523,-0.968015,0.250831,-0.92096,0.096383,0.377585,0.04068,-0.005615,-0.022503,0.037142,-0.0475,0.079675,0.476952,-0.206527,-0.000101,0.314054,-0.450151,0.864314,-0.224313,-0.36675,0.050204,0.928928,0.814698,0.499314,0.294646,0.000276,0.002383,0.002335,0.0,0.0,0.0,-1.404537,0.025772,0.04485,-0.016265,0.447958,-0.875034,-0.183432,0.435291,0.03425,0.899638,-0.780931,-0.482847,0.396237,0.007257,0.001443,0.001018,0.003614,-0.030994,0.05329,-1.051552,0.044008,0.038797,-0.056383,0.48337,0.258362,-0.836422,-0.184259,0.964079,0.19131,0.855804,0.061644,0.513612,0.020246,-0.003132,-0.011599,0.037153,-0.047515,0.079693,0.460134
717,0.093417,-0.003674,0.322854,-0.387228,-0.229357,-0.893026,0.001435,-0.968716,0.248115,-0.921517,0.095075,0.376558,0.040085,-0.007743,-0.024769,0.03717,-0.047375,0.079736,0.473385,-0.206508,-2.7e-05,0.314127,-0.450022,0.864602,-0.223462,-0.366369,0.049574,0.929113,0.814941,0.498879,0.294711,0.000121,0.001043,0.001021,-0.010911,0.108995,-0.16599,-1.404409,0.025782,0.044891,-0.016224,0.447907,-0.875214,-0.182697,0.434975,0.034784,0.89977,-0.781137,-0.482482,0.396276,6.4e-05,0.000568,0.000556,-1.7e-05,6e-06,-1.4e-05,-1.051715,0.044806,0.038578,-0.05681,0.482615,0.255698,-0.837676,-0.183834,0.964702,0.188559,0.856322,0.062992,0.512585,0.019939,-0.004242,-0.012782,0.036888,-0.032269,0.055221,0.454745
