frame,MLTx,MLTy,MLTz,MLTR1,MLTR2,MLTR3,MLTR4,MLTR5,MLTR6,MLTR7,MLTR8,MLTR9,MLTTVx,MLTTVy,MLTTVz,MLTRVx,MLTRVy,MLTRVz,MLGA,MRTx,MRTy,MRTz,MRTR1,MRTR2,MRTR3,MRTR4,MRTR5,MRTR6,MRTR7,MRTR8,MRTR9,MRTTVx,MRTTVy,MRTTVz,MRTRVx,MRTRVy,MRTRVz,MRGA,SLTx,SLTy,SLTz,SLTR1,SLTR2,SLTR3,SLTR4,SLTR5,SLTR6,SLTR7,SLTR8,SLTR9,SLTTVx,SLTTVy,SLTTVz,SLTRVx,SLTRVy,SLTRVz,SLGA,SRTx,SRTy,SRTz,SRTR1,SRTR2,SRTR3,SRTR4,SRTR5,SRTR6,SRTR7,SRTR8,SRTR9,SRTTVx,SRTTVy,SRTTVz,SRTRVx,SRTRVy,SRTRVz,SRGA
3328,0.179599,0.058064,0.374139,-0.591903,0.14396,-0.793077,-0.537181,-0.804009,0.254907,-0.600214,0.576724,0.554219,0.069487,-0.052171,-0.000558,-0.084969,0.168673,-0.284667,-1.913845,-0.097942,0.047112,0.36255,0.641232,0.221115,0.734793,-0.573628,0.774054,0.267815,-0.510338,-0.593504,0.622231,-0.002041,0.010892,-0.008274,0.040113,-0.009342,0.018142,-1.403917,0.070328,0.046226,0.004094,-0.623764,-0.13927,0.769104,0.489559,-0.836685,0.245538,0.609302,0.52968,0.590075,-5e-06,1.8e-05,1.1e-05,-0.010533,0.012712,0.008443,-0.749138,0.104171,0.053587,-0.054305,-0.629741,0.20389,-0.749569,-0.499817,-0.84502,0.190061,-0.594651,0.494336,0.634052,0.04052,-0.026389,-0.000676,-0.054169,0.205979,-0.230672,-0.795407
3329,0.181123,0.056927,0.374112,-0.59456,0.140058,-0.791787,-0.535824,-0.803215,0.260209,-0.598798,0.578791,0.553596,0.081424,-0.05767,-0.003766,-0.079059,0.067082,-0.10893,-1.914035,-0.098025,0.047102,0.362541,0.64323,0.220901,0.733109,-0.572949,0.773914,0.269666,-0.508582,-0.593766,0.623417,0.0,-0.0,-0.0,-0.253763,-0.571205,0.544855,-1.403503,0.070286,0.046225,0.004086,-0.625119,-0.138814,0.768086,0.489187,-0.836485,0.246957,0.608212,0.530115,0.590809,-0.006013,-0.001313,-0.000263,-0.849697,-1.885103,1.790021,-0.749465,0.104928,0.053023,-0.054316,-0.632381,0.199888,-0.748423,-0.498199,-0.844773,0.195332,-0.593203,0.496388,0.633803,0.04084,-0.034327,0.002229,-0.095457,0.097367,-0.087202,-0.799163
3330,0.184241,0.054221,0.374198,-0.596952,0.124125,-0.792645,-0.519122,-0.813027,0.263575,-0.610989,0.568663,0.550764,0.071032,-0.073024,0.002534,-0.101554,0.003379,0.018584,-1.913915,-0.098185,0.047022,0.362495,0.642778,0.22114,0.733433,-0.573297,0.773789,0.269285,-0.50876,-0.593841,0.6232,-0.011427,-0.005038,-0.002023,-0.002045,0.015205,-0.029245,-1.403081,0.070209,0.04619,0.004066,-0.625351,-0.138897,0.767882,0.489315,-0.836335,0.247211,0.60787,0.53033,0.590967,0.00036,-0.00146,-0.000904,-0.002105,0.014834,-0.024837,-0.747995,0.106517,0.051642,-0.054277,-0.634469,0.184269,-0.750661,-0.481025,-0.85432,0.196854,-0.605031,0.485985,0.630678,0.035507,-0.036878,0.001022,-0.101647,0.010596,0.021305,-0.798837
3331,0.187304,0.05103,0.374397,-0.596753,0.112603,-0.794514,-0.505724,-0.8215,0.263351,-0.622303,0.558816,0.548171,0.072527,-0.088115,0.008522,-0.099027,-0.097515,0.148172,-1.913297,-0.09817,0.046926,0.362414,0.645023,0.220789,0.731566,-0.572398,0.773742,0.271323,-0.506928,-0.594032,0.62451,0.000556,-0.00226,-0.001406,-0.002057,-0.004626,0.004414,-1.279903,0.070213,0.046138,0.004023,-0.627665,-0.138283,0.766103,0.488534,-0.836164,0.249324,0.606111,0.530759,0.592387,0.000342,-0.001389,-0.000863,-0.005113,-0.0115,0.010809,-0.727747,0.108021,0.050077,-0.054182,-0.634128,0.173002,-0.753625,-0.46729,-0.862273,0.195253,-0.616052,0.475977,0.627634,0.036047,-0.039151,-0.000292,0.019877,-0.123543,0.089207,-0.800959
3332,0.188711,0.049398,0.374478,-0.601937,0.104468,-0.791709,-0.497152,-0.82487,0.269074,-0.624205,0.555432,0.549446,0.0731,-0.088587,0.00811,-0.402906,0.372109,-0.463913,-1.913317,-0.098112,0.046925,0.362397,0.645207,0.220687,0.731435,-0.572235,0.773816,0.271458,-0.506879,-0.593973,0.624606,0.012125,0.002223,0.000273,0.002045,-0.015205,0.029245,-1.162976,0.070238,0.046132,0.004012,-0.62778,-0.138184,0.766026,0.488399,-0.836217,0.249411,0.6061,0.530702,0.59245,3.9e-05,-0.000154,-9.5e-05,0.000363,0.000809,-0.000802,-0.670432,0.108725,0.049259,-0.054143,-0.638342,0.164755,-0.751913,-0.45859,-0.865945,0.199583,-0.618234,0.472223,0.628324,0.036342,-0.039401,-0.000522,-0.991076,1.442246,-1.948477,-0.801286
3333,0.191286,0.046141,0.374514,-0.627661,0.079983,-0.774397,-0.472681,-0.829528,0.297369,-0.617824,0.552586,0.559437,0.061848,-0.081828,-0.002536,-0.39368,0.500927,-0.684657,-1.912991,-0.098119,0.046915,0.362392,0.649008,0.220335,0.728171,-0.571013,0.773447,0.275059,-0.503391,-0.594585,0.62684,-0.011662,-0.004102,-0.001442,-0.004162,0.029836,-0.053981,-0.968483,0.070242,0.046135,0.004013,-0.63174,-0.137349,0.762914,0.487374,-0.8357,0.253122,0.602802,0.531732,0.594886,-1e-05,4.1e-05,2.6e-05,0.000836,0.001891,-0.001877,-0.562987,0.11004,0.047598,-0.054121,-0.663019,0.137424,-0.735879,-0.432692,-0.872518,0.226911,-0.610886,0.468856,0.637959,0.030924,-0.041141,-0.001439,-0.420355,0.536544,-0.725435,-0.79851
3334,0.193193,0.042998,0.374469,-0.638433,0.06005,-0.767361,-0.450274,-0.837703,0.308998,-0.623476,0.542718,0.562815,0.037979,-0.064679,-0.00731,-0.078216,0.131421,-0.22379,-1.913457,-0.098181,0.046817,0.362338,0.651161,0.222414,0.725612,-0.570426,0.773964,0.274822,-0.501271,-0.593139,0.629902,0.000861,-0.0035,-0.00218,0.105637,-0.115647,-0.111147,-0.889156,0.070206,0.046088,0.003988,-0.634167,-0.138936,0.76061,0.486747,-0.836068,0.253111,0.600757,0.530741,0.597833,0.000317,-0.001282,-0.000796,0.157419,-0.18891,-0.125829,-0.561354,0.110964,0.046063,-0.05415,-0.672524,0.116708,-0.730814,-0.409701,-0.881077,0.236319,-0.616324,0.458346,0.640361,0.019236,-0.03817,0.000361,-0.109168,0.044364,-0.068217,-0.794264
3335,0.193862,0.041592,0.374529,-0.642117,0.050495,-0.764972,-0.439299,-0.841996,0.313098,-0.6275,0.53703,0.563799,0.026524,-0.070896,0.004001,-0.080762,0.141699,-0.298623,-1.913253,-0.098144,0.046787,0.362306,0.65113,0.22242,0.725638,-0.570435,0.77397,0.274787,-0.501302,-0.593128,0.629888,0.000385,-0.001563,-0.000974,0.001339,-0.001619,-0.001074,-0.887681,0.070226,0.046068,0.003969,-0.63421,-0.139334,0.760501,0.486746,-0.836189,0.252715,0.600712,0.530446,0.59814,0.000276,-0.001114,-0.000693,-0.009213,0.010919,0.007051,-0.582419,0.111308,0.045356,-0.054128,-0.675748,0.106974,-0.729328,-0.39859,-0.885317,0.239453,-0.620072,0.452513,0.64089,0.019298,-0.035405,0.001787,0.276184,-0.115006,-0.350008,-0.796877
3336,0.194751,0.038826,0.374913,-0.647804,0.028587,-0.761301,-0.414349,-0.851794,0.320522,-0.638508,0.52304,0.564592,0.014534,-0.0663,0.006748,-0.099633,0.067563,-0.137857,-1.913327,-0.098096,0.046782,0.362309,0.651333,0.224686,0.724757,-0.570521,0.774634,0.272731,-0.500941,-0.591407,0.63179,-6e-05,0.000243,0.000151,0.015325,-0.018533,-0.012292,-0.98873,0.070251,0.046063,0.003969,-0.634763,-0.141691,0.759604,0.486633,-0.836908,0.250543,0.600219,0.528684,0.60019,-0.006073,-0.001076,-0.000114,-0.00126,0.013664,-0.030468,-0.677127,0.111767,0.043948,-0.053934,-0.680819,0.084312,-0.727582,-0.372761,-0.894973,0.245094,-0.630502,0.438079,0.640743,0.007503,-0.03763,0.008159,-0.111698,0.054506,-0.148031,-0.79949
3337,0.194906,0.036185,0.375563,-0.657296,0.004469,-0.753649,-0.391751,-0.856305,0.336518,-0.643037,0.516425,0.56554,0.002616,-0.065514,0.022139,0.191428,-0.196266,-0.462935,-1.914278,-0.098096,0.046821,0.362322,0.651537,0.224579,0.724607,-0.570341,0.774715,0.272876,-0.50088,-0.591342,0.6319,-0.000143,0.00058,0.000362,4e-06,-5e-06,-3e-06,-1.033033,0.07025,0.046084,0.003976,-0.634894,-0.14131,0.759565,0.486476,-0.836882,0.250934,0.600208,0.528827,0.600075,-9.3e-05,0.000373,0.000233,-0.000705,0.000839,0.000577,-0.734932,0.11185,0.042593,-0.053612,-0.689237,0.05919,-0.722113,-0.349582,-0.90014,0.259883,-0.634621,0.431559,0.641103,0.001293,-0.032205,0.011366,0.203087,-0.198078,-0.454986,-0.802102
3338,0.194933,0.033849,0.376838,-0.662037,-0.038263,-0.748524,-0.357637,-0.861548,0.360283,-0.657856,0.506264,0.557629,0.014978,-0.058267,0.040533,-0.39887,-0.63424,-0.78224,-1.915062,-0.098213,0.046883,0.362325,0.651603,0.22454,0.724559,-0.570232,0.7748,0.272864,-0.500919,-0.591245,0.63196,-0.000364,0.001479,0.000921,0.0,-0.0,-0.0,-1.023726,0.070192,0.046113,0.003977,-0.634832,-0.141331,0.759613,0.486458,-0.836924,0.250832,0.600289,0.528756,0.600058,-0.006045,-0.001187,-0.000182,-0.002045,0.01524,-0.029236,-0.732809,0.111857,0.04146,-0.05301,-0.693477,0.019238,-0.720221,-0.315145,-0.90704,0.279214,-0.647898,0.420603,0.635074,0.00134,-0.028625,0.020766,0.597391,-0.474999,-1.942351,-0.803572
3339,0.195018,0.032822,0.377653,-0.660268,-0.056007,-0.748968,-0.342772,-0.864843,0.366779,-0.667466,0.498963,0.552768,0.003101,-0.064099,0.052524,0.056646,-0.373023,-0.525168,-1.914604,-0.098307,0.04688,0.362308,0.651443,0.224622,0.724678,-0.570334,0.774781,0.272704,-0.50101,-0.591239,0.631892,-0.002041,0.010922,-0.008255,0.035937,-0.004337,0.021466,-1.012555,0.070145,0.046111,0.003974,-0.63479,-0.141366,0.759642,0.486479,-0.836928,0.250774,0.600316,0.528739,0.600045,-0.006008,-0.001342,-0.00028,-0.002037,0.015205,-0.029233,-0.727257,0.111905,0.040931,-0.05259,-0.689909,-0.001298,-0.723894,-0.299509,-0.909878,0.28708,-0.659028,0.414872,0.627345,0.007402,-0.025755,0.022194,0.972374,-0.870885,-1.134248,-0.808471
3340,0.195176,0.030758,0.37966,-0.658776,-0.095823,-0.746242,-0.315832,-0.865023,0.389818,-0.682055,0.492604,0.540526,0.015198,-0.053922,0.058015,-0.354648,-0.20838,-0.411193,-1.914844,-0.098495,0.046841,0.362268,0.650906,0.222529,0.725805,-0.570493,0.774044,0.274461,-0.501527,-0.592992,0.629837,-0.013992,0.007996,-0.008965,0.015872,0.032654,0.00668,-0.88465,0.07005,0.046095,0.00395,-0.63389,-0.13908,0.760815,0.486812,-0.836141,0.252749,0.600996,0.530589,0.597727,-0.006993,0.00399,-0.004484,0.036184,0.008705,-0.009011,-0.689211,0.11198,0.039899,-0.051586,-0.687236,-0.041074,-0.725271,-0.271124,-0.911753,0.308541,-0.673941,0.408679,0.615454,0.001143,-0.021336,0.024978,-0.363102,-0.395798,-0.2847,-0.809124
3341,0.195227,0.029406,0.381676,-0.656994,-0.116925,-0.744804,-0.305786,-0.861681,0.404936,-0.688318,0.493932,0.531297,0.001555,-0.021221,0.047243,-0.342969,-0.474373,-0.274952,-1.914699,-0.098595,0.046907,0.362272,0.652254,0.227433,0.723071,-0.57789,0.766393,0.280392,-0.491185,-0.601024,0.630373,-0.00076,0.003102,0.001931,-0.103555,-0.150466,0.211696,-0.464279,0.070002,0.046123,0.003948,-0.635983,-0.143801,0.758185,0.495389,-0.829399,0.258235,0.591704,0.53983,0.598722,-0.000397,0.001627,0.001015,-0.088933,-0.185056,0.208528,-0.542086,0.112011,0.039209,-0.050575,-0.685584,-0.061065,-0.725427,-0.260439,-0.909952,0.322733,-0.679812,0.41019,0.607946,0.000996,-0.015301,0.0284,-0.381478,-0.514133,-0.293575,-0.810593
3342,0.195156,0.028788,0.38282,-0.65637,-0.127694,-0.743585,-0.300925,-0.859488,0.413156,-0.691048,0.495101,0.526646,0.002039,-0.030431,0.056939,-0.345949,-0.387014,-0.254413,-1.91489,-0.098573,0.046973,0.36231,0.655334,0.232322,0.718718,-0.584626,0.75839,0.288082,-0.478944,-0.60926,0.631885,-0.000535,0.002186,0.001359,-0.361458,0.174867,0.393612,-0.180891,0.070012,0.046158,0.003969,-0.639813,-0.150846,0.75358,0.503516,-0.823064,0.262746,0.580611,0.547549,0.60256,-0.0004,0.001627,0.00101,-0.852107,-1.800663,1.635531,-0.475137,0.111979,0.038922,-0.050024,-0.684528,-0.071885,-0.725432,-0.255243,-0.908499,0.330877,-0.68284,0.411656,0.603546,0.001233,-0.01967,0.033387,-0.39864,-0.484248,-0.335494,-0.805695
3343,0.195115,0.027345,0.38526,-0.654614,-0.143375,-0.742273,-0.289541,-0.859452,0.421285,-0.69754,0.490872,0.522025,0.002067,-0.031554,0.056439,0.197712,-0.27972,-0.132231,-1.914549,-0.098653,0.046808,0.362352,0.666381,0.232416,0.708457,-0.581724,0.756303,0.299225,-0.467082,-0.611813,0.638265,0.000784,-0.003207,-0.001996,-0.016717,0.09645,-0.166216,0.091862,0.069974,0.046088,0.003998,-0.651778,-0.147135,0.744,0.501115,-0.819899,0.276854,0.569271,0.553277,0.608124,-0.004615,-0.008327,0.002901,-0.053501,-0.025859,-0.012555,-0.37504,0.111954,0.038218,-0.0488,-0.681625,-0.088031,-0.726386,-0.244716,-0.908141,0.339694,-0.689566,0.409302,0.597469,0.000876,-0.015758,0.02819,3.934217,-2.389744,-2.755238,-0.799816
3344,0.194924,0.026117,0.387464,-0.652357,-0.155567,-0.741805,-0.278526,-0.861042,0.425442,-0.704103,0.484342,0.519306,-0.010792,-0.021264,0.047817,-0.136294,-0.062611,0.119122,-1.879996,-0.099202,0.046374,0.362342,0.677682,0.23314,0.697413,-0.579203,0.753436,0.311113,-0.453756,-0.615068,0.644717,-0.023185,-0.008897,-0.003321,-0.010979,0.015106,-0.043667,0.279262,0.069709,0.045873,0.003987,-0.663558,-0.146595,0.733621,0.499611,-0.816727,0.288695,0.556847,0.558092,0.615186,-0.011609,-0.004379,-0.00161,-0.08213,-0.143949,0.110213,-0.161292,0.111868,0.037594,-0.047688,-0.678766,-0.1011,-0.72736,-0.232031,-0.910208,0.343045,-0.696732,0.401618,0.594361,0.000999,-0.015596,0.028369,-0.179669,0.023598,-0.048079,-0.805695
3345,0.194763,0.02538,0.389149,-0.646988,-0.168437,-0.743695,-0.267639,-0.863103,0.428246,-0.713217,0.476317,0.514268,0.001113,-0.013239,0.037021,-0.10557,0.00186,-0.00916,-1.746404,-0.099854,0.046012,0.362363,0.684881,0.236969,0.689038,-0.580635,0.748673,0.31982,-0.44092,-0.619413,0.649446,-0.011891,-0.003249,-0.000915,-0.113348,-0.184293,0.094087,0.477196,0.069377,0.045678,0.003995,-0.671301,-0.149635,0.725922,0.502205,-0.812142,0.297009,0.54511,0.563945,0.620339,-0.010977,-0.008325,0.003467,-0.466006,-0.305465,-0.233237,0.141285,0.111779,0.037218,-0.046821,-0.673029,-0.113466,-0.73086,-0.221152,-0.91208,0.345254,-0.705778,0.393997,0.588764,0.00054,-0.007058,0.018276,-0.1047,0.008835,-0.006398,-0.779732
3346,0.194817,0.02517,0.389719,-0.646075,-0.167556,-0.744687,-0.269694,-0.862589,0.427994,-0.713272,0.477557,0.51304,0.000726,-0.008144,0.025047,-0.070618,0.005558,-0.014685,-1.707345,-0.100223,0.045824,0.362407,0.683046,0.251148,0.685831,-0.592959,0.738797,0.320176,-0.427119,-0.625676,0.652658,-0.021968,-0.01664,0.00692,-0.034993,0.02381,-0.088967,0.528368,0.069196,0.04559,0.004015,-0.671515,-0.16422,0.722564,0.51564,-0.803862,0.296514,0.532148,0.571697,0.624484,-0.011987,-0.002871,-0.000671,-0.008116,-0.058823,0.10525,0.296575,0.111805,0.037119,-0.046528,-0.672224,-0.112386,-0.731767,-0.223293,-0.911605,0.34513,-0.705871,0.395404,0.587708,0.000342,-0.004156,0.012477,-0.072209,0.007326,-0.012952,-0.76128
3347,0.194973,0.025191,0.390198,-0.648384,-0.165859,-0.743058,-0.270411,-0.862193,0.428338,-0.710901,0.478861,0.515111,-0.000682,0.018081,-0.005026,0.04572,0.10308,-0.115286,-1.632901,-0.101295,0.045369,0.362284,0.68936,0.250669,0.679661,-0.589983,0.738552,0.326182,-0.42105,-0.626156,0.656131,-0.03451,-0.014861,-0.005946,0.006239,-0.040566,0.05834,0.535643,0.068674,0.045378,0.003967,-0.677959,-0.162786,0.716848,0.513077,-0.803135,0.302862,0.526424,0.573126,0.628014,-0.017331,-0.0071,-0.002752,0.007216,-0.037304,0.056496,0.483706,0.111883,0.037114,-0.046279,-0.674676,-0.110731,-0.72976,-0.224057,-0.911307,0.345424,-0.703285,0.396557,0.590027,0.006082,0.003322,0.00156,0.004087,0.014366,0.04793,-0.754585
3348,0.194976,0.025649,0.390167,-0.649519,-0.166633,-0.741892,-0.26955,-0.861884,0.4295,-0.710191,0.479149,0.515823,-0.000661,0.017106,-0.005553,0.036593,-0.021738,0.046172,-1.438804,-0.10268,0.04474,0.36206,0.689055,0.251019,0.679841,-0.590354,0.738386,0.325888,-0.421029,-0.626213,0.65609,-0.04647,-0.018253,-0.006976,0.004154,-0.025355,0.029102,0.535902,0.067988,0.045061,0.003853,-0.677684,-0.163146,0.717026,0.51343,-0.803028,0.302545,0.526433,0.573173,0.627964,-0.023284,-0.008901,-0.003327,0.004413,-0.025182,0.029289,0.509995,0.111885,0.037339,-0.046297,-0.675631,-0.111793,-0.728714,-0.223281,-0.910985,0.346772,-0.702615,0.396998,0.590529,-0.000335,0.008665,-0.002717,0.035258,-0.02299,0.047069,-0.722906
3349,0.194958,0.025889,0.39012,-0.649374,-0.169831,-0.741294,-0.268611,-0.860716,0.432423,-0.710679,0.48013,0.514235,-0.000662,0.017151,-0.005531,-0.167032,-0.523782,-0.192633,-1.317141,-0.103506,0.044408,0.361933,0.688116,0.25155,0.680596,-0.591204,0.738042,0.325124,-0.42137,-0.626406,0.655687,-0.046481,-0.018417,-0.007091,-0.010264,0.075425,-0.141735,0.536552,0.067562,0.044888,0.003786,-0.676817,-0.163761,0.717704,0.514237,-0.802806,0.301762,0.526761,0.573309,0.627566,-0.023247,-0.009167,-0.003495,-0.010061,0.075535,-0.141557,0.513261,0.111875,0.037465,-0.046323,-0.676623,-0.113238,-0.727569,-0.222348,-0.910555,0.348496,-0.701955,0.397574,0.590924,-0.000329,0.008499,-0.002806,-0.166652,-0.525562,-0.189367,-0.68388
3350,0.194947,0.026184,0.390068,-0.64954,-0.176719,-0.739535,-0.266468,-0.858044,0.439007,-0.711331,0.482431,0.51117,-4.8e-05,0.002112,0.001124,-0.776382,1.308189,-2.307641,-1.116026,-0.105275,0.043698,0.361648,0.684423,0.253412,0.683621,-0.594445,0.736712,0.322218,-0.42282,-0.627223,0.65397,-0.046437,-0.019098,-0.007547,-0.010257,0.075427,-0.141735,0.536889,0.066677,0.044533,0.003643,-0.673225,-0.166037,0.720554,0.51745,-0.801893,0.298682,0.528216,0.573932,0.625771,-0.02321,-0.00958,-0.003766,-0.010152,0.075497,-0.141597,0.516037,0.11187,0.037618,-0.046346,-0.674486,-0.121797,-0.728171,-0.22043,-0.908088,0.356069,-0.704612,0.400675,0.585645,8e-06,0.000881,0.00047,-0.745471,1.346405,-2.295405,-0.627871
3351,0.194811,0.026157,0.390124,-0.645821,-0.18752,-0.740133,-0.264887,-0.854153,0.44747,-0.715298,0.485266,0.502884,-3e-06,0.000142,7.6e-05,-0.211044,-0.51979,-0.247455,-0.981171,-0.10714,0.04306,0.361426,0.691336,0.254137,0.676359,-0.592411,0.735139,0.329475,-0.414337,-0.628775,0.657899,-0.047581,-0.014246,-0.004524,-0.26886,-0.502629,0.432674,0.537431,0.065747,0.044204,0.003526,-0.679962,-0.166064,0.714194,0.516243,-0.800117,0.305456,0.520714,0.576397,0.629779,-0.023734,-0.007386,-0.002398,-0.87619,-1.797423,1.686254,0.51767,0.111802,0.037602,-0.046319,-0.672425,-0.130808,-0.728513,-0.218255,-0.905453,0.36403,-0.707253,0.403785,0.5803,-0.0059,-0.005417,0.004661,-0.014605,0.044965,-0.044918,-0.627218
3352,0.194577,0.026025,0.390238,-0.644593,-0.190019,-0.740566,-0.264888,-0.853143,0.449393,-0.716405,0.486075,0.500522,-0.012306,-0.000441,0.000189,-0.010333,-0.008283,-0.040489,-0.894143,-0.108851,0.042622,0.36131,0.696609,0.254143,0.670925,-0.590155,0.734617,0.334649,-0.408682,-0.629384,0.660847,-0.036088,-0.008919,-0.002296,0.008101,-0.055215,0.083103,0.537197,0.064905,0.043989,0.003469,-0.685959,-0.165402,0.708591,0.514203,-0.799208,0.311225,0.514835,0.577847,0.633274,-0.01819,-0.003781,-0.000696,-0.003451,0.051257,-0.093375,0.517833,0.111689,0.037533,-0.046264,-0.66967,-0.135198,-0.730248,-0.21813,-0.904112,0.367422,-0.709901,0.405341,0.575966,-0.0,-7.8e-05,-3.8e-05,0.009298,-0.00039,-0.004497,-0.6442
3353,0.19453,0.026031,0.390221,-0.644573,-0.189997,-0.740589,-0.264872,-0.853175,0.449341,-0.716428,0.486026,0.500536,3e-06,-0.000116,-6.2e-05,-0.000137,-0.000336,-0.00016,-0.822362,-0.109555,0.04245,0.361267,0.698943,0.253906,0.668582,-0.588881,0.734657,0.336795,-0.406526,-0.629431,0.662131,-0.023761,-0.007415,-0.002458,0.008069,-0.055804,0.087584,0.537703,0.064543,0.043905,0.00345,-0.688302,-0.164923,0.706427,0.513093,-0.799082,0.313373,0.512811,0.578159,0.634631,-0.018077,-0.004334,-0.001046,-0.004948,0.048039,-0.090129,0.517996,0.111661,0.037536,-0.046273,-0.669816,-0.135032,-0.730145,-0.218012,-0.904221,0.367224,-0.7098,0.405153,0.576223,1e-06,-0.000101,-5.3e-05,0.004113,0.007452,0.003049,-0.64567
3354,0.194408,0.026066,0.3902,-0.644457,-0.189875,-0.740721,-0.264917,-0.853266,0.449141,-0.716516,0.485914,0.500519,-2e-06,0.000115,6.1e-05,-0.0,-0.0,-0.0,-0.658764,-0.110674,0.04208,0.361129,0.701132,0.253786,0.666331,-0.587732,0.734662,0.338789,-0.404412,-0.629474,0.663382,-0.023039,-0.011081,-0.004773,-0.006202,0.044898,-0.083123,0.53755,0.063969,0.043725,0.003385,-0.690754,-0.164458,0.704138,0.511906,-0.79898,0.315567,0.510695,0.578432,0.636086,-0.011558,-0.005361,-0.002251,0.009976,-0.051741,0.083502,0.517997,0.111601,0.037553,-0.046283,-0.66976,-0.134811,-0.730237,-0.218089,-0.904304,0.366974,-0.709829,0.405041,0.576266,-1e-06,6.4e-05,3.6e-05,-0.000718,0.000545,0.00069,-0.638975
3355,0.194362,0.026057,0.390208,-0.642058,-0.191203,-0.742461,-0.265814,-0.852837,0.449425,-0.718336,0.486147,0.497675,-0.000498,0.010358,-0.00915,-0.167239,-0.511359,-0.218677,-0.431654,-0.111742,0.041448,0.360836,0.69826,0.255202,0.668803,-0.590332,0.733591,0.336581,-0.405592,-0.630153,0.662016,-0.021567,-0.018759,-0.009639,-0.008191,0.059634,-0.107995,0.537787,0.063425,0.043411,0.003241,-0.687856,-0.166238,0.706553,0.514559,-0.798232,0.313135,0.511939,0.578956,0.634608,-0.010717,-0.0097,-0.005003,-0.008164,0.059752,-0.108038,0.517833,0.111578,0.037544,-0.046276,-0.668935,-0.133751,-0.731187,-0.219106,-0.904492,0.365904,-0.710293,0.404974,0.575741,-1e-06,-4e-06,-1e-06,-0.000533,0.000275,0.000445,-0.617094
3356,0.194388,0.026112,0.39017,-0.640129,-0.193004,-0.743659,-0.266104,-0.85234,0.450197,-0.719949,0.486311,0.495179,-0.000499,0.010411,-0.009121,-0.169759,-0.518804,-0.222335,-0.284116,-0.11222,0.041046,0.360574,0.696513,0.253684,0.671197,-0.5915,0.732376,0.337174,-0.406891,-0.632174,0.659287,-0.022507,-0.012438,-0.020866,-0.292428,0.470801,0.185807,0.538198,0.063193,0.043217,0.003119,-0.686236,-0.167199,0.707901,0.515974,-0.797867,0.311735,0.512689,0.579182,0.633796,-0.010273,-0.012067,-0.006516,-0.008199,0.059688,-0.107982,0.517833,0.111591,0.037572,-0.046295,-0.666873,-0.135494,-0.732748,-0.21944,-0.904017,0.366876,-0.712127,0.405454,0.573131,-1e-06,2.9e-05,1.4e-05,0.011983,0.012271,0.002681,-0.532999
3357,0.194526,0.026311,0.389952,-0.635963,-0.206858,-0.74351,-0.263402,-0.847395,0.460991,-0.72462,0.489268,0.485355,2.3e-05,-0.001045,-0.000556,-0.302001,-0.749181,-0.357313,-0.004036,-0.113192,0.040009,0.359871,0.693301,0.252829,0.674835,-0.59387,0.730763,0.336508,-0.40892,-0.634379,0.655905,-0.019377,-0.030944,-0.017531,-0.017859,0.084308,-0.126162,0.538215,0.062718,0.042717,0.002773,-0.68245,-0.164092,0.712273,0.518266,-0.795791,0.313233,0.515423,0.582914,0.628132,-0.009519,-0.016276,-0.009258,0.003235,0.062612,-0.138353,0.51816,0.111655,0.037673,-0.046403,-0.662484,-0.148799,-0.734147,-0.216684,-0.900104,0.377967,-0.717051,0.409475,0.564063,2e-05,-0.000805,-0.000432,-0.147706,-0.364885,-0.167222,-0.320069
3358,0.194822,0.026484,0.38977,-0.627179,-0.234657,-0.742717,-0.258279,-0.836956,0.482461,-0.734058,0.494705,0.465245,0.011761,0.012282,-0.008541,-0.313299,-0.798389,-0.50849,0.23069,-0.11423,0.038631,0.358988,0.690139,0.251955,0.678394,-0.596214,0.729129,0.335908,-0.410853,-0.636603,0.652534,-0.019883,-0.02768,-0.030954,0.011669,0.099452,-0.126097,0.538099,0.062199,0.042029,0.002338,-0.678941,-0.16365,0.715721,0.520844,-0.794421,0.312435,0.517454,0.584905,0.624601,-0.015134,-0.020748,-0.011678,-0.008768,0.102505,-0.18588,0.518813,0.111803,0.037752,-0.046498,-0.652518,-0.176167,-0.73701,-0.211333,-0.891705,0.40025,-0.727707,0.416925,0.544623,0.005901,0.005398,-0.004669,-0.200902,-0.527581,-0.40646,-0.057171
3359,0.194927,0.02662,0.389706,-0.621629,-0.251372,-0.741913,-0.255038,-0.830584,0.495033,-0.73989,0.497251,0.453135,0.01173,0.013415,-0.007937,-0.233475,-0.579757,-0.436137,0.316601,-0.114726,0.037992,0.358457,0.691105,0.249882,0.678177,-0.595621,0.728273,0.338804,-0.410088,-0.638395,0.651263,-0.032092,-0.031105,-0.032167,-0.213091,0.386644,0.047689,0.538075,0.061944,0.041692,0.002063,-0.680009,-0.163183,0.714813,0.520539,-0.794032,0.313927,0.516358,0.585562,0.624892,-0.009871,-0.014421,-0.015897,-0.40341,0.452003,0.412155,0.518976,0.11186,0.037825,-0.046533,-0.644673,-0.195244,-0.739105,-0.207668,-0.885748,0.415117,-0.73571,0.421104,0.530472,0.005862,0.006883,-0.003877,-0.197171,-0.544263,-0.422958,0.09273
3360,0.195083,0.026882,0.389587,-0.605654,-0.288172,-0.741745,-0.24957,-0.81633,0.520858,-0.754856,0.500931,0.423423,0.012278,0.00098,9.8e-05,-0.259939,-0.42617,-0.607858,0.426238,-0.11572,0.03687,0.357211,0.689674,0.245714,0.68115,-0.59557,0.727382,0.340801,-0.412567,-0.641018,0.647107,-0.02009,-0.02821,-0.031707,-0.066116,0.120905,0.125115,0.537997,0.061444,0.041123,0.001434,-0.677531,-0.157889,0.718346,0.520804,-0.792639,0.316995,0.51934,0.588892,0.619267,-0.017135,-0.009458,-0.019923,-0.075822,0.256892,-0.004096,0.518976,0.111938,0.037963,-0.046589,-0.627278,-0.231669,-0.743539,-0.20141,-0.873993,0.442232,-0.7523,0.427159,0.501576,0.006144,0.000431,1.4e-05,-0.197268,-0.352954,-0.582887,0.300599
3361,0.195101,0.02725,0.389177,-0.591785,-0.323169,-0.738511,-0.243458,-0.801719,0.545845,-0.767747,0.503218,0.396691,-0.000943,0.017579,-0.019926,-0.298733,-0.757548,-0.534275,0.495479,-0.11675,0.035871,0.355778,0.687351,0.241809,0.684886,-0.596003,0.726561,0.341794,-0.415809,-0.643425,0.642627,-0.02169,-0.019028,-0.041426,0.00057,0.074523,0.119455,0.537669,0.060938,0.040628,0.000738,-0.674618,-0.154164,0.721888,0.521354,-0.791829,0.318113,0.522571,0.590964,0.614556,-0.016217,-0.015867,-0.016561,-0.083544,0.227211,-0.046991,0.51914,0.111946,0.03815,-0.046792,-0.61307,-0.265252,-0.744167,-0.194443,-0.862314,0.467552,-0.765725,0.431341,0.477083,-0.000458,0.00858,-0.010074,-0.355653,-0.82962,-0.562541,0.425843
3362,0.195119,0.027674,0.388381,-0.569089,-0.362943,-0.737872,-0.235551,-0.787793,0.569096,-0.787136,0.498121,0.363757,-0.000775,0.010459,-0.023703,-0.322814,-0.988057,-0.913103,0.522958,-0.11764,0.035022,0.354279,0.687264,0.235161,0.687283,-0.59472,0.725283,0.346708,-0.417789,-0.647312,0.637419,-0.020347,-0.028935,-0.032779,-0.298131,0.505594,0.177496,0.537705,0.060485,0.040195,-3.4e-05,-0.673967,-0.149512,0.723472,0.520486,-0.791077,0.321387,0.524271,0.593163,0.610979,-0.010888,-0.009621,-0.02091,0.090978,-0.038199,0.046523,0.518976,0.111956,0.038363,-0.047179,-0.589745,-0.30281,-0.748669,-0.186407,-0.850968,0.491024,-0.78578,0.429136,0.445409,-0.000105,-0.000319,-0.007484,-0.155911,-1.336205,-1.146372,0.496221
3363,0.195166,0.027732,0.387981,-0.546793,-0.386738,-0.742628,-0.229435,-0.783806,0.577043,-0.804565,0.486386,0.340779,-0.000212,-0.002117,-0.015781,-0.483142,-1.141147,-0.726498,0.52162,-0.118046,0.034526,0.353545,0.68621,0.233125,0.689029,-0.594826,0.724918,0.347291,-0.419372,-0.648454,0.635215,-0.02008,-0.030986,-0.03433,-0.244953,0.446857,0.104624,0.538007,0.060281,0.039952,-0.000397,-0.67256,-0.147338,0.725226,0.520619,-0.790668,0.322178,0.525945,0.594251,0.608479,-0.010863,-0.010026,-0.021265,-0.232782,0.478839,0.152079,0.51914,0.111979,0.038395,-0.047382,-0.567036,-0.325282,-0.756743,-0.179911,-0.847628,0.499157,-0.803804,0.419186,0.422115,-0.000336,0.003637,-0.012702,-0.09865,-1.085731,0.037226,0.508958
3364,0.195088,0.027924,0.387042,-0.509187,-0.436089,-0.742024,-0.213354,-0.771297,0.599628,-0.833184,0.464176,0.300622,-0.012477,-0.004012,-0.016397,-0.578378,-0.915296,-1.149787,0.519091,-0.118806,0.033345,0.352098,0.684017,0.229116,0.692545,-0.595267,0.723923,0.348607,-0.422319,-0.650985,0.630657,-0.019928,-0.033038,-0.036102,-0.001021,0.034206,0.068728,0.538223,0.059894,0.03935,-0.001134,-0.669281,-0.14155,0.7294,0.521232,-0.789048,0.325145,0.529508,0.597801,0.601875,-0.009921,-0.016643,-0.01812,0.03052,-0.000164,0.04833,0.518976,0.11194,0.038485,-0.047861,-0.527618,-0.373656,-0.762889,-0.162904,-0.83689,0.522567,-0.833715,0.399993,0.380688,-0.006204,-0.002167,-0.008276,-0.520696,-0.839397,-1.133394,0.51451
3365,0.194977,0.027819,0.386229,-0.490787,-0.471139,-0.732941,-0.208192,-0.753446,0.623656,-0.845454,0.459258,0.272612,-8.4e-05,-0.007869,-0.018948,-0.318859,-0.349441,-0.869885,0.521292,-0.119857,0.031802,0.350738,0.67867,0.22342,0.699629,-0.597652,0.721522,0.349501,-0.427547,-0.655607,0.622291,-0.030666,-0.049026,-0.030564,-0.065165,0.103673,0.01656,0.538376,0.059379,0.038599,-0.001801,-0.66295,-0.136623,0.73609,0.523928,-0.78699,0.325798,0.534785,0.601646,0.593316,-0.016186,-0.018748,-0.019167,-0.034753,0.179094,-0.108253,0.519466,0.111884,0.038436,-0.048265,-0.50655,-0.410093,-0.758439,-0.157288,-0.820933,0.548934,-0.847742,0.397356,0.35134,-1.9e-05,-0.004119,-0.00957,-0.306136,-0.325639,-0.873267,0.519082
3366,0.195019,0.027504,0.385936,-0.480376,-0.481092,-0.733372,-0.206766,-0.750488,0.627684,-0.851768,0.453756,0.261961,0.000476,-0.020439,-0.011102,-0.177216,-0.122411,-0.482575,0.518462,-0.120464,0.030905,0.350051,0.677037,0.221699,0.701756,-0.598569,0.720508,0.350024,-0.428854,-0.657302,0.619598,-0.032113,-0.040479,-0.040722,-0.037757,0.109775,0.045271,0.537998,0.059076,0.03815,-0.002139,-0.661044,-0.135268,0.738054,0.525002,-0.786131,0.326142,0.536091,0.603074,0.590683,-0.015199,-0.025773,-0.016267,-0.097806,0.232971,-0.134892,0.519629,0.111901,0.03829,-0.0484,-0.495527,-0.41942,-0.760617,-0.155778,-0.818578,0.552867,-0.854508,0.392448,0.340291,0.000254,-0.010404,-0.005648,-0.247548,-0.468324,0.048033,0.517612
3367,0.19522,0.02677,0.385419,-0.471446,-0.479585,-0.740123,-0.202445,-0.757983,0.620041,-0.857781,0.442743,0.261185,0.01289,-0.02206,-0.012511,0.076027,-0.748006,2.458773,0.517585,-0.121849,0.029061,0.348546,0.673818,0.220639,0.70518,-0.600599,0.719321,0.348987,-0.43108,-0.658955,0.616288,-0.045026,-0.044092,-0.042573,0.00787,0.142591,-0.210374,0.538092,0.058389,0.037226,-0.002893,-0.657654,-0.134346,0.741243,0.52696,-0.785203,0.325221,0.538335,0.604488,0.587187,-0.01527,-0.026723,-0.017215,0.008073,0.00856,-0.045284,0.520119,0.112001,0.037918,-0.048667,-0.488143,-0.41921,-0.765492,-0.149613,-0.823913,0.546609,-0.859844,0.381351,0.339468,2.6e-05,-0.006265,-0.010806,0.317337,0.606286,-0.01764,0.514836
3368,0.195633,0.025678,0.38507,-0.477583,-0.456381,-0.750783,-0.205266,-0.772931,0.600346,-0.853701,0.44139,0.276399,0.01355,-0.035733,-0.005367,0.39322,0.687658,0.525387,0.509143,-0.123465,0.027259,0.347058,0.670062,0.222226,0.708254,-0.603391,0.718655,0.345527,-0.433029,-0.659152,0.614709,-0.044466,-0.051778,-0.03253,-0.0043,0.032454,-0.070268,0.538144,0.057582,0.036321,-0.003646,-0.653914,-0.136669,0.744121,0.52968,-0.784989,0.321293,0.540217,0.604244,0.585706,-0.022252,-0.025581,-0.01601,-0.01619,0.119654,-0.216013,0.520446,0.112207,0.037379,-0.048842,-0.493598,-0.39434,-0.775148,-0.154223,-0.837479,0.524255,-0.855905,0.378317,0.352562,0.007039,-0.022866,0.001957,0.416266,0.529352,1.184752,0.51206
3369,0.196343,0.023794,0.385069,-0.488912,-0.416772,-0.766362,-0.209518,-0.796702,0.566868,-0.846214,0.43823,0.303155,0.014335,-0.051615,0.000497,0.498615,0.918927,0.611646,0.480946,-0.125394,0.025493,0.345752,0.664995,0.224366,0.712343,-0.607377,0.717353,0.341223,-0.435259,-0.659848,0.612383,-0.045677,-0.047372,-0.029759,-0.016305,0.120561,-0.215222,0.53808,0.056618,0.035433,-0.004302,-0.649027,-0.139364,0.74789,0.533502,-0.784208,0.316847,0.542345,0.604644,0.583324,-0.030037,-0.019192,-0.019028,0.031647,0.025547,-0.055174,0.520446,0.112562,0.036444,-0.048844,-0.507223,-0.353333,-0.786053,-0.159044,-0.858047,0.488322,-0.847011,0.372705,0.379026,0.007448,-0.031349,0.004591,0.551215,0.688497,1.422295,0.489526
3370,0.196658,0.02262,0.385172,-0.500909,-0.387095,-0.77414,-0.215691,-0.81039,0.544717,-0.837595,0.440306,0.323408,0.014992,-0.064281,0.008219,0.601181,1.26346,0.52275,0.457455,-0.126432,0.024616,0.345121,0.662251,0.22552,0.714532,-0.60954,0.716606,0.338926,-0.436417,-0.660268,0.611106,-0.058932,-0.04889,-0.029789,-0.018331,0.13579,-0.244455,0.537959,0.056082,0.034979,-0.004627,-0.646195,-0.140909,0.75005,0.535733,-0.783703,0.314322,0.543526,0.604941,0.581914,-0.029457,-0.024368,-0.014807,-0.018629,0.135725,-0.244661,0.520609,0.112726,0.035838,-0.048793,-0.521038,-0.322751,-0.790158,-0.165627,-0.869921,0.464546,-0.837309,0.372918,0.399806,0.007499,-0.032306,0.004002,0.686841,1.400448,0.565532,0.465033
3371,0.197168,0.019968,0.385612,-0.529572,-0.322069,-0.784774,-0.226898,-0.837654,0.496815,-0.816724,0.441559,0.371503,0.015688,-0.075864,0.016485,0.605715,1.243586,0.701249,0.434562,-0.128815,0.022808,0.344009,0.658795,0.227741,0.717018,-0.61309,0.714744,0.336447,-0.436671,-0.661526,0.609562,-0.073212,-0.045972,-0.026695,-0.006997,0.04655,-0.102821,0.537818,0.054918,0.034089,-0.005176,-0.643019,-0.143475,0.75229,0.53928,-0.782296,0.31175,0.543786,0.606157,0.580404,-0.030124,-0.021766,-0.013051,-0.016437,0.120925,-0.220351,0.520936,0.112975,0.034537,-0.04858,-0.552189,-0.258245,-0.792714,-0.17809,-0.892335,0.414753,-0.814475,0.370197,0.446746,0.001559,-0.037786,0.008545,0.70586,1.234875,1.119078,0.419474
3372,0.197639,0.016784,0.386309,-0.56034,-0.249075,-0.789953,-0.255791,-0.855077,0.450983,-0.787107,0.455073,0.416411,0.016002,-0.081875,0.01285,0.708155,1.395037,0.925337,0.399494,-0.131698,0.021208,0.343123,0.668191,0.224783,0.709215,-0.606663,0.71629,0.344708,-0.43134,-0.660861,0.614061,-0.075096,-0.036188,-0.019606,-0.809338,-1.690828,1.706241,0.537227,0.053451,0.033264,-0.005636,-0.651708,-0.139595,0.745512,0.533458,-0.783076,0.319706,0.539164,0.606055,0.584806,-0.037585,-0.017723,-0.009483,-0.805635,-1.682864,1.698297,0.520772,0.113216,0.032923,-0.048223,-0.585221,-0.186386,-0.789161,-0.208893,-0.905721,0.368825,-0.783504,0.380694,0.491113,0.008011,-0.041289,0.006211,0.685611,1.380922,0.907526,0.383387
3373,0.197988,0.015,0.386606,-0.565078,-0.217681,-0.795832,-0.266701,-0.864604,0.425796,-0.780069,0.453123,0.431508,0.016162,-0.084016,0.01146,0.379482,0.835476,0.638783,0.369977,-0.133353,0.020576,0.342778,0.674272,0.221008,0.704631,-0.600622,0.719124,0.349354,-0.430336,-0.659048,0.616709,-0.089089,-0.032473,-0.01558,-0.010984,0.018507,-0.068709,0.53742,0.052657,0.032958,-0.005804,-0.658253,-0.134945,0.740602,0.527036,-0.785084,0.325383,0.537526,0.60451,0.587905,-0.038016,-0.015169,-0.007585,-0.020345,-0.024009,-0.011994,0.520773,0.113379,0.032092,-0.048083,-0.591875,-0.154493,-0.791084,-0.220177,-0.913142,0.343063,-0.775373,0.377229,0.506451,0.014439,-0.042589,0.005151,0.505737,1.092071,0.772454,0.352852
3374,0.198797,0.012085,0.386897,-0.576648,-0.174662,-0.798132,-0.278758,-0.876214,0.393084,-0.767279,0.44937,0.457577,0.028421,-0.068174,0.004726,0.198279,0.338768,0.683753,0.304891,-0.137158,0.019767,0.342361,0.698701,0.211291,0.683494,-0.580992,0.724903,0.369996,-0.418151,-0.655881,0.628357,-0.104221,-0.019125,-0.004282,-0.80813,-1.791612,1.857323,0.537058,0.050761,0.032542,-0.006022,-0.680393,-0.122865,0.722474,0.508872,-0.788633,0.345117,0.527364,0.602462,0.599104,-0.052895,-0.003154,-0.005491,0.031887,-0.129468,0.161242,0.520773,0.113785,0.030583,-0.047939,-0.605755,-0.110806,-0.787897,-0.233444,-0.921922,0.309132,-0.760634,0.371188,0.532592,0.014193,-0.033841,0.002495,0.22635,0.478997,0.562426,0.273329
3375,0.199748,0.009852,0.387115,-0.586759,-0.164974,-0.792806,-0.281174,-0.876621,0.390445,-0.75868,0.452215,0.468971,0.027664,-0.044833,0.003046,-0.248483,0.282659,-0.351525,0.27999,-0.141533,0.019405,0.34249,0.71946,0.200166,0.665058,-0.560831,0.732117,0.386531,-0.410418,-0.651325,0.638119,-0.118922,-0.004816,0.007678,0.023978,-0.187929,0.269608,0.537439,0.048579,0.032353,-0.005964,-0.702329,-0.10907,0.703445,0.488171,-0.793015,0.364438,0.518094,0.599358,0.610203,-0.059529,-0.001822,0.004354,0.012735,-0.079569,0.093629,0.521916,0.114261,0.029443,-0.047838,-0.615447,-0.101406,-0.781627,-0.236526,-0.922219,0.305885,-0.75185,0.373131,0.543592,0.007438,-0.022603,0.001636,-0.766482,1.285621,-2.21623,0.20687
3376,0.20045,0.008832,0.387207,-0.592308,-0.172528,-0.787052,-0.279851,-0.871957,0.401679,-0.754845,0.458385,0.469169,0.013719,-0.017622,0.004369,-0.18773,-0.294872,-0.153431,0.300225,-0.146099,0.019374,0.343025,0.728346,0.19778,0.656039,-0.553585,0.733906,0.39352,-0.40454,-0.650035,0.643167,-0.119475,0.005336,0.015047,0.025414,-0.202798,0.294256,0.536934,0.046296,0.03234,-0.005695,-0.711258,-0.105701,0.694937,0.481195,-0.793886,0.371745,0.512408,0.598808,0.615521,-0.053231,0.00367,0.007754,0.014074,-0.114675,0.153499,0.522732,0.114618,0.028914,-0.047798,-0.621158,-0.109652,-0.775975,-0.23472,-0.918677,0.317707,-0.747708,0.379483,0.544906,0.006532,-0.002614,-0.001829,-0.275158,-0.518469,-0.210375,0.202298
3377,0.200699,0.00869,0.387286,-0.591202,-0.175106,-0.787315,-0.28002,-0.870879,0.403894,-0.755649,0.459459,0.466817,0.012894,-0.000269,-0.00065,-0.100612,-0.119354,-0.235965,0.311347,-0.148422,0.019438,0.343401,0.732347,0.188786,0.654232,-0.543479,0.740743,0.394796,-0.41099,-0.644921,0.644225,-0.118218,-0.00322,0.024912,3.577842,2.194459,3.496664,0.53683,0.045133,0.032381,-0.005506,-0.713845,-0.100612,0.693037,0.474928,-0.796827,0.373507,0.514653,0.59577,0.616595,-0.059772,0.004355,0.008777,0.012005,-0.099851,0.124262,0.522569,0.114742,0.028838,-0.047756,-0.619235,-0.112821,-0.777057,-0.235023,-0.917622,0.320519,-0.749207,0.381103,0.541708,0.006703,-0.004515,0.004758,-0.172571,-0.273506,-0.109143,0.216994
3378,0.201117,0.008677,0.38747,-0.586099,-0.180961,-0.789801,-0.281621,-0.868488,0.407909,-0.759024,0.46172,0.459046,0.013248,-0.004724,0.012126,-0.189379,-0.32614,-0.103985,0.294103,-0.153212,0.019545,0.344437,0.732163,0.186982,0.654955,-0.538895,0.746947,0.389352,-0.417319,-0.638252,0.646794,-0.118197,0.003939,0.029837,-0.018627,0.05694,-0.237685,0.536536,0.042787,0.032432,-0.005,-0.714284,-0.09446,0.693451,0.464313,-0.805342,0.36856,0.523651,0.585235,0.619102,-0.058544,-0.003957,0.018799,-0.066442,0.084017,-0.28241,0.520773,0.114951,0.028844,-0.047662,-0.614553,-0.117843,-0.780023,-0.236241,-0.915909,0.324498,-0.752671,0.383694,0.535036,-9.6e-05,0.002455,0.00147,-0.261562,-0.483795,-0.211838,0.221403
3379,0.201258,0.008847,0.387821,-0.585531,-0.180421,-0.790346,-0.282538,-0.868388,0.407488,-0.759123,0.46212,0.458481,-0.000448,0.0115,0.006891,0.0008,-0.012275,0.026062,0.261044,-0.15786,0.019555,0.345952,0.728124,0.192035,0.657989,-0.539632,0.752353,0.377752,-0.423397,-0.630358,0.650574,-0.115923,-0.009274,0.052344,0.13376,-0.272422,-0.469175,0.535624,0.040413,0.032441,-0.004241,-0.710332,-0.098606,0.696925,0.463712,-0.810452,0.357964,0.529527,0.577446,0.621414,-0.065075,0.000361,0.022314,0.333566,-0.449362,-0.61972,0.521099,0.115026,0.028925,-0.047484,-0.613391,-0.118073,-0.780903,-0.237163,-0.91559,0.324726,-0.753329,0.384385,0.533612,3.8e-05,0.001242,0.008459,-0.031803,-0.000504,0.006392,0.182866
3380,0.201315,0.008953,0.38816,-0.586243,-0.176638,-0.790673,-0.288435,-0.866502,0.407371,-0.756353,0.467092,0.458021,1e-05,0.004319,0.018006,-0.428141,0.198674,0.23321,0.258624,-0.160227,0.019606,0.346882,0.725072,0.198874,0.659326,-0.544469,0.751623,0.372222,-0.422435,-0.629116,0.652399,-0.129871,0.004881,0.047208,0.092836,-0.157647,-0.407348,0.535546,0.039235,0.032463,-0.003774,-0.708237,-0.106577,0.697883,0.46839,-0.810567,0.351553,0.528214,0.575865,0.623994,-0.058462,0.002987,0.023545,0.169861,-0.269183,-0.436264,0.521262,0.115054,0.028982,-0.047317,-0.614148,-0.114581,-0.780828,-0.24263,-0.91407,0.32497,-0.750967,0.389032,0.533574,0.006667,-0.001894,0.014042,-1.395217,0.672968,0.795805,0.169967
3381,0.201351,0.009016,0.38911,-0.588852,-0.167569,-0.790708,-0.295799,-0.865742,0.40369,-0.751468,0.471809,0.461216,0.000456,-0.002522,0.029295,0.082265,0.296303,0.147118,0.250782,-0.164814,0.019777,0.348811,0.721292,0.211976,0.659389,-0.552623,0.749886,0.363609,-0.418281,-0.626924,0.657168,-0.116171,0.007861,0.047662,0.230463,-0.389102,-0.515811,0.525924,0.036936,0.032556,-0.002803,-0.705777,-0.118595,0.698436,0.476185,-0.809369,0.343758,0.524525,0.575201,0.627706,-0.058135,0.003867,0.023868,-0.088489,0.088992,-0.218804,0.521426,0.115072,0.029021,-0.046844,-0.616452,-0.106245,-0.780191,-0.250664,-0.912824,0.322364,-0.746427,0.394288,0.53608,-6.8e-05,0.003769,0.009936,0.241511,0.396546,0.425633,0.159679
3382,0.201334,0.008957,0.39008,-0.59307,-0.144939,-0.792026,-0.314366,-0.863922,0.393426,-0.740539,0.482492,0.467794,2.5e-05,0.003906,0.017679,0.104394,0.300742,0.14719,0.185118,-0.169464,0.020014,0.350733,0.724803,0.218968,0.653226,-0.555681,0.746148,0.366627,-0.408019,-0.628989,0.661632,-0.11635,0.01888,0.038766,-0.056291,0.01458,-0.147778,0.47909,0.034654,0.032672,-0.001852,-0.710866,-0.127453,0.691682,0.480063,-0.806655,0.344739,0.514012,0.577115,0.634609,-0.057789,0.004112,0.023742,-0.399566,-0.484092,0.420438,0.501504,0.115064,0.028999,-0.046349,-0.621887,-0.083133,-0.778681,-0.269611,-0.91083,0.312564,-0.735231,0.404321,0.54402,-0.00613,-0.003055,0.013813,0.105127,0.448258,0.156664,0.112651
