frame,MLTx,MLTy,MLTz,MLTR1,MLTR2,MLTR3,MLTR4,MLTR5,MLTR6,MLTR7,MLTR8,MLTR9,MLTTVx,MLTTVy,MLTTVz,MLTRVx,MLTRVy,MLTRVz,MLGA,MRTx,MRTy,MRTz,MRTR1,MRTR2,MRTR3,MRTR4,MRTR5,MRTR6,MRTR7,MRTR8,MRTR9,MRTTVx,MRTTVy,MRTTVz,MRTRVx,MRTRVy,MRTRVz,MRGA,SLTx,SLTy,SLTz,SLTR1,SLTR2,SLTR3,SLTR4,SLTR5,SLTR6,SLTR7,SLTR8,SLTR9,SLTTVx,SLTTVy,SLTTVz,SLTRVx,SLTRVy,SLTRVz,SLGA,SRTx,SRTy,SRTz,SRTR1,SRTR2,SRTR3,SRTR4,SRTR5,SRTR6,SRTR7,SRTR8,SRTR9,SRTTVx,SRTTVy,SRTTVz,SRTRVx,SRTRVy,SRTRVz,SRGA
801,0.116099,-0.019358,0.392865,-0.605414,-0.192764,-0.772244,-0.086157,-0.948664,0.304276,-0.790505,0.250981,0.558692,-0.013152,0.00404,0.002915,0.067274,0.154275,0.025045,-0.36598,-0.15616,0.003178,0.360171,0.74846,-0.323842,0.578728,0.011843,0.87894,0.476715,-0.663975,-0.349543,0.660924,0.013393,-0.000297,-0.001351,0.002045,-0.015205,0.029245,-1.402121,0.041584,0.022653,0.003334,-0.635084,0.471234,0.61205,-0.16796,-0.857643,0.486042,0.753961,0.205878,0.623823,3.5e-05,-0.00071,-0.000521,-6e-06,5e-06,-3e-06,-0.874219,0.073549,0.015061,-0.043388,-0.646207,-0.22468,-0.729337,0.048921,-0.965909,0.254214,-0.761591,0.128595,0.63517,0.000291,0.001339,0.000955,0.083983,0.168915,0.06634,-0.436495
802,0.116027,-0.019166,0.392927,-0.605364,-0.192681,-0.772304,-0.086089,-0.948725,0.304108,-0.790551,0.250816,0.558702,0.00072,0.003319,0.002357,1.5e-05,3e-05,1.2e-05,-0.444191,-0.156098,0.00314,0.360137,0.748465,-0.323854,0.578715,0.011856,0.878935,0.476724,-0.663969,-0.349544,0.660929,5.2e-05,-0.001121,-0.000822,0.0,0.0,0.0,-1.401755,0.04162,0.022635,0.003319,-0.635092,0.471264,0.612019,-0.167986,-0.857625,0.486064,0.753948,0.205885,0.623837,3.2e-05,-0.000676,-0.000498,-2e-06,-4e-06,3e-06,-0.874872,0.073508,0.015159,-0.043356,-0.646154,-0.224587,-0.729414,0.048922,-0.965945,0.254077,-0.761637,0.128489,0.635136,0.000375,0.001732,0.001231,-0.000789,-0.00266,-0.00134,-0.492667
803,0.11592,-0.019034,0.393034,-0.605258,-0.192409,-0.772456,-0.086285,-0.948783,0.303871,-0.790611,0.250805,0.558622,0.000783,0.003606,0.002558,0.001204,-0.011016,0.026603,-0.549717,-0.155998,0.003147,0.360134,0.748493,-0.323916,0.578644,0.011926,0.878909,0.476771,-0.663936,-0.349553,0.660958,0.0,-0.0,-0.0,0.0,0.0,0.0,-1.401553,0.04167,0.022638,0.003316,-0.63511,0.47133,0.611949,-0.168047,-0.857585,0.486114,0.753919,0.2059,0.623867,0.006667,0.000507,-0.000198,0.002045,-0.015201,0.029241,-0.875362,0.073455,0.015224,-0.043304,-0.646074,-0.224345,-0.729559,0.048749,-0.966005,0.253883,-0.761716,0.128462,0.635047,0.00028,0.001295,0.000921,0.000451,-0.000209,-0.000422,-0.563045
804,0.115865,-0.018946,0.393084,-0.60524,-0.192359,-0.772482,-0.086296,-0.948802,0.303809,-0.790623,0.250773,0.558619,0.000818,0.003765,0.002669,0.0,0.0,0.0,-0.603343,-0.155958,0.00315,0.360133,0.748477,-0.323886,0.57868,0.011892,0.878922,0.476748,-0.663954,-0.349548,0.660942,0.0,-0.0,-0.0,0.0,0.0,0.0,-1.401607,0.04169,0.02264,0.003316,-0.6351,0.471298,0.611985,-0.168017,-0.857605,0.48609,0.753935,0.205892,0.62385,-1e-06,1.7e-05,1.2e-05,6e-06,-6e-06,-2e-06,-0.875525,0.073427,0.015268,-0.043278,-0.646056,-0.22428,-0.729594,0.048734,-0.966026,0.253806,-0.761731,0.128418,0.635038,-0.006312,0.003206,0.002295,0.000615,0.00356,-0.003281,-0.603541
805,0.115753,-0.018689,0.393178,-0.606246,-0.188537,-0.772635,-0.091925,-0.948378,0.303481,-0.789217,0.255238,0.558585,0.000944,0.004336,0.003069,-8.4e-05,3.3e-05,6.1e-05,-0.737166,-0.155917,0.003139,0.360121,0.748493,-0.32392,0.57864,0.011931,0.878907,0.476774,-0.663935,-0.349554,0.660959,2.8e-05,-0.000599,-0.00044,0.0,0.0,0.0,-1.401422,0.041711,0.022635,0.003311,-0.63511,0.471335,0.611945,-0.168051,-0.857582,0.486118,0.753918,0.205901,0.623868,1.7e-05,-0.000322,-0.000236,4e-06,-4e-06,2e-06,-0.875525,0.073371,0.015397,-0.043231,-0.6475,-0.220604,-0.729435,0.043083,-0.966249,0.253979,-0.760846,0.133025,0.635151,0.000556,0.002557,0.001815,0.002041,-0.011458,0.027418,-0.689595
806,0.1157,-0.018448,0.393237,-0.607111,-0.184516,-0.772926,-0.097649,-0.94798,0.302936,-0.787864,0.259615,0.558478,0.000865,0.00397,0.002805,-0.008302,0.07611,-0.183563,-0.942027,-0.155875,0.003106,0.360094,0.747221,-0.325582,0.579351,0.011472,0.877848,0.478733,-0.665375,-0.350666,0.658918,4.3e-05,-0.00091,-0.000668,-0.000117,0.000112,6.8e-05,-1.395565,0.041732,0.022619,0.003297,-0.633458,0.472727,0.612584,-0.167277,-0.856623,0.488072,0.755478,0.206703,0.621712,2.3e-05,-0.000477,-0.00035,0.003833,-0.002978,-0.001606,-0.875362,0.073345,0.015518,-0.043201,-0.648795,-0.216569,-0.729494,0.037241,-0.966534,0.253819,-0.76005,0.13751,0.635148,0.000504,0.002313,0.001638,0.001842,-0.011296,0.026554,-0.755565
807,0.115697,-0.018206,0.393282,-0.606923,-0.184218,-0.773145,-0.097652,-0.948119,0.302498,-0.788009,0.259316,0.558413,0.000927,0.004254,0.003001,0.0,0.0,0.0,-1.164036,-0.155813,0.003068,0.36006,0.745955,-0.327263,0.580036,0.011028,0.876777,0.480702,-0.666802,-0.351776,0.656881,3.7e-05,-0.000788,-0.000578,-0.000263,0.000252,0.000153,-1.268668,0.041763,0.022599,0.003279,-0.631824,0.474126,0.61319,-0.166522,-0.855657,0.49002,0.757012,0.207497,0.619578,1.9e-05,-0.000386,-0.000283,0.005524,-0.004318,-0.002322,-0.839928,0.073343,0.015639,-0.043179,-0.648696,-0.216376,-0.729639,0.037316,-0.966621,0.253477,-0.760131,0.137202,0.635118,0.000546,0.002505,0.001767,0.00149,-0.011129,0.026362,-0.750829
808,0.115722,-0.018042,0.393298,-0.609671,-0.178694,-0.772279,-0.102974,-0.948156,0.300613,-0.785205,0.263016,0.560628,0.0016,0.015454,-0.005791,-4.139222,1.825767,3.217106,-1.285501,-0.155732,0.00306,0.360047,0.744772,-0.329117,0.580506,0.010779,0.875625,0.482803,-0.668126,-0.352909,0.654924,7e-06,-0.000158,-0.000116,-0.056058,0.053806,0.032568,-1.125896,0.041803,0.022593,0.003272,-0.630243,0.475697,0.6136,-0.165845,-0.85456,0.492159,0.758477,0.208418,0.617473,0.006674,0.000416,-0.000264,-0.068133,0.054226,0.07182,-0.789308,0.073355,0.015714,-0.043169,-0.650147,-0.215023,-0.728747,0.037531,-0.967038,0.251849,-0.75888,0.136389,0.636787,0.000573,0.002631,0.001855,0.14699,0.287164,0.108205,-0.749849
809,0.115734,-0.017663,0.39329,-0.614069,-0.171337,-0.770459,-0.107821,-0.948798,0.296864,-0.781114,0.265575,0.565117,0.001103,0.005066,0.003562,0.13221,0.272281,0.107104,-1.539994,-0.155535,0.003138,0.360087,0.742225,-0.335219,0.580277,0.010429,0.871459,0.49029,-0.670961,-0.357434,0.64955,-0.000153,0.003202,0.002348,-0.19863,0.178919,0.141861,-0.692804,0.041902,0.022627,0.003289,-0.626789,0.480885,0.613094,-0.164335,-0.850722,0.499264,0.761661,0.21218,0.61225,-5.5e-05,0.001165,0.000851,-0.280361,0.261927,0.155751,-0.618506,0.073361,0.01591,-0.043175,-0.656471,-0.204952,-0.725975,0.026817,-0.968116,0.249062,-0.753874,0.144033,0.641036,0.000827,0.007845,-0.002814,0.248648,0.388814,0.200607,-0.749523
810,0.115819,-0.017229,0.393207,-0.62138,-0.159125,-0.76721,-0.117491,-0.949173,0.291955,-0.773903,0.271748,0.572061,0.001551,0.015237,-0.005956,0.090054,0.084937,0.087769,-1.754664,-0.155331,0.003273,0.36018,0.737797,-0.341888,0.58203,0.008263,0.866643,0.498794,-0.675857,-0.362771,0.641465,-0.000148,0.003043,0.00223,-0.074111,0.140739,-0.112911,-0.333049,0.042004,0.0227,0.003339,-0.620309,0.487127,0.614754,-0.160506,-0.846016,0.508421,0.767759,0.216707,0.602978,-7.3e-05,0.001486,0.001086,-0.001678,0.088663,-0.143576,-0.494242,0.073404,0.016123,-0.043213,-0.665655,-0.193289,-0.720792,0.016965,-0.969543,0.244327,-0.746066,0.150409,0.648661,0.000706,0.007293,-0.003208,0.075544,0.07748,0.057217,-0.756218
811,0.115883,-0.017062,0.393199,-0.626041,-0.152464,-0.764769,-0.122076,-0.949454,0.289146,-0.769423,0.274561,0.576742,0.001111,0.005113,0.003585,0.185007,0.380695,0.150252,-1.835948,-0.155233,0.00331,0.360186,0.733324,-0.345806,0.585359,0.005497,0.863857,0.503641,-0.680736,-0.36568,0.634618,-2.8e-05,0.000569,0.000417,-0.214888,0.207932,0.125734,-0.214684,0.042048,0.022722,0.003345,-0.615667,0.489529,0.617506,-0.157366,-0.844226,0.512364,0.772133,0.218271,0.596798,-1.6e-05,0.000317,0.000228,-0.358173,0.419128,0.018927,-0.45048,0.073436,0.016211,-0.04322,-0.669572,-0.188161,-0.718517,0.011995,-0.969992,0.242838,-0.742649,0.153979,0.651737,0.007427,0.002049,0.001408,0.316226,0.58038,0.283294,-0.766668
812,0.116046,-0.016881,0.393301,-0.6289,-0.147479,-0.7634,-0.127091,-0.949147,0.287993,-0.766273,0.278318,0.57913,0.014468,0.002395,0.001616,0.002918,-0.024275,0.05673,-1.912757,-0.155034,0.00336,0.360205,0.728142,-0.348507,0.590205,0.001243,0.861643,0.507448,-0.686296,-0.368324,0.627055,-4.2e-05,0.000858,0.000628,-0.302802,0.376366,-0.004177,0.000654,0.042152,0.022745,0.003353,-0.61043,0.490627,0.621819,-0.153036,-0.843319,0.515161,0.777144,0.219309,0.589871,0.00664,0.000985,0.000149,-0.492999,0.435674,0.293446,-0.385817,0.073513,0.016303,-0.043168,-0.673876,-0.182877,-0.715853,0.00698,-0.970415,0.241338,-0.73881,0.157635,0.655216,0.000359,0.001655,0.001154,-0.017028,0.060406,-0.188896,-0.765525
813,0.116103,-0.016801,0.393443,-0.628642,-0.146949,-0.763715,-0.127603,-0.949196,0.287604,-0.7664,0.27843,0.578908,0.000725,0.003348,0.00234,0.001193,-0.011081,0.026577,-1.913795,-0.154665,0.003415,0.360226,0.724496,-0.350045,0.593771,-0.001948,0.86029,0.509736,-0.690141,-0.370019,0.621814,-8e-06,0.000166,0.000121,-0.090889,0.170094,-0.128819,0.188974,0.042332,0.02277,0.003368,-0.605409,0.492144,0.625518,-0.148969,-0.842088,0.518358,0.781849,0.220636,0.583122,0.006662,0.00056,-0.000166,-0.111391,0.178672,-0.084911,-0.121123,0.073547,0.016346,-0.043101,-0.673565,-0.182377,-0.716273,0.006444,-0.970491,0.241046,-0.739099,0.157744,0.654865,0.000277,0.001285,0.000897,0.000516,-0.000577,-0.000737,-0.762423
814,0.116068,-0.01676,0.393547,-0.628597,-0.146801,-0.76378,-0.12782,-0.949179,0.287563,-0.766401,0.278565,0.578842,-0.013073,0.004009,0.002863,-0.000984,0.014715,-0.029553,-1.913435,-0.154306,0.003442,0.360202,0.719652,-0.353584,0.597554,-0.005295,0.857688,0.514079,-0.695174,-0.372678,0.614579,0.0,-1e-06,-1e-06,-0.146521,0.144718,0.087293,0.355841,0.042516,0.022787,0.003352,-0.599755,0.494507,0.62909,-0.144851,-0.840289,0.522427,0.786963,0.222204,0.575598,0.006665,0.000483,-0.000225,-0.168528,0.154311,0.131607,0.16186,0.073534,0.016363,-0.043045,-0.673529,-0.182217,-0.716348,0.006216,-0.970499,0.241021,-0.739134,0.157882,0.654792,0.000242,0.001126,0.000786,0.001671,-0.011247,0.026138,-0.763239
815,0.116052,-0.016772,0.393614,-0.628519,-0.1466,-0.763883,-0.128076,-0.949172,0.287471,-0.766422,0.278694,0.578752,-0.000106,-0.008596,0.010613,-0.035497,0.013891,-0.017848,-1.913047,-0.154096,0.003471,0.360218,0.715262,-0.357996,0.600192,-0.007705,0.854622,0.51913,-0.699667,-0.375489,0.607731,0.013294,0.001619,4e-05,-0.417485,0.480943,0.096985,0.425537,0.042616,0.0228,0.003359,-0.595557,0.497085,0.631044,-0.142244,-0.838395,0.526174,0.790618,0.223605,0.570019,0.006641,0.000882,6.5e-05,-0.422955,0.417321,0.292668,0.274041,0.073522,0.016363,-0.043014,-0.673481,-0.18202,-0.716442,0.00599,-0.97052,0.240941,-0.739179,0.157978,0.654718,0.000133,0.000623,0.000435,0.000404,-0.000131,-0.000358,-0.763403
816,0.11601,-0.016847,0.393711,-0.628426,-0.146315,-0.764015,-0.128506,-0.949137,0.287398,-0.766427,0.278965,0.578615,-0.000351,-0.009725,0.009826,-0.035498,0.013888,-0.017849,-1.913306,-0.153778,0.003511,0.360206,0.704638,-0.367898,0.606736,-0.013912,0.847644,0.53032,-0.710269,-0.381661,0.591367,4.6e-05,-0.000867,-0.000635,-0.38479,0.464551,0.0485,0.518152,0.04278,0.022823,0.003355,-0.582055,0.505217,0.637154,-0.13369,-0.832358,0.537871,0.802083,0.22789,0.552021,0.006696,-0.000104,-0.000654,-0.51232,0.566353,0.145557,0.443046,0.0735,0.016326,-0.042965,-0.67343,-0.181732,-0.716564,0.005572,-0.970532,0.240905,-0.739229,0.15824,0.654598,-1.3e-05,-5.5e-05,-3.9e-05,0.00027,-8.2e-05,-0.00025,-0.764056
817,0.115922,-0.016944,0.393806,-0.628475,-0.146276,-0.763981,-0.128776,-0.949046,0.287575,-0.766341,0.279293,0.578571,-0.000438,-0.010119,0.009552,-0.035498,0.013886,-0.017849,-1.913444,-0.153655,0.003432,0.360076,0.690708,-0.380707,0.614798,-0.022093,0.838571,0.544283,-0.723615,-0.389044,0.56999,-0.000774,0.004741,-0.013098,-0.476258,0.520028,0.303913,0.534558,0.042842,0.022788,0.003299,-0.565871,0.514388,0.644355,-0.123336,-0.825533,0.55071,0.815216,0.232159,0.530588,0.000151,-0.002793,-0.002049,-0.531542,0.647636,0.12813,0.507546,0.073456,0.016276,-0.042919,-0.673478,-0.181708,-0.716525,0.005322,-0.970483,0.241109,-0.739187,0.158569,0.654566,-5.9e-05,-0.000269,-0.000187,0.008452,-0.076347,0.183311,-0.765199
818,0.115878,-0.016967,0.393815,-0.628497,-0.146286,-0.763962,-0.128805,-0.949029,0.287619,-0.766319,0.279346,0.578575,-0.000129,-0.000596,-0.000416,0.0,0.0,0.0,-1.913287,-0.153695,0.003378,0.359953,0.688581,-0.387109,0.613183,-0.022626,0.833595,0.551853,-0.725622,-0.393382,0.564435,0.000256,-0.004787,-0.003513,-0.217721,0.220284,0.13265,0.534689,0.042821,0.022761,0.003231,-0.561574,0.521111,0.64271,-0.120984,-0.820125,0.559247,0.818533,0.236302,0.523607,-0.000401,0.002688,-0.006318,-0.265048,0.386717,0.016794,0.515384,0.073434,0.016261,-0.04291,-0.673503,-0.181736,-0.716494,0.005289,-0.970465,0.241183,-0.739165,0.158648,0.654573,-0.006861,0.000513,0.00039,-0.000832,0.014681,-0.029694,-0.765525
819,0.115843,-0.016977,0.393796,-0.628301,-0.145921,-0.764192,-0.129044,-0.949106,0.287258,-0.766439,0.279275,0.57845,-0.000141,-0.000649,-0.000454,0.008272,-0.076292,0.183489,-1.913557,-0.153746,0.00332,0.35979,0.692241,-0.401734,0.599504,-0.016575,0.821539,0.569853,-0.722298,-0.403905,0.561257,0.000156,-0.002929,-0.002152,-0.083936,0.084639,0.051656,0.5365,0.042796,0.022726,0.003146,-0.562743,0.536322,0.629029,-0.123622,-0.806999,0.577468,0.817335,0.247204,0.520434,0.000111,-0.001996,-0.001467,-0.08314,0.110921,0.022604,0.51963,0.073417,0.016256,-0.04292,-0.673411,-0.181469,-0.716648,0.005124,-0.970526,0.240941,-0.739249,0.158581,0.654493,-8.9e-05,-0.000411,-0.000285,0.000105,-3.4e-05,-8.6e-05,-0.765689
820,0.115863,-0.016987,0.393801,-0.628165,-0.145666,-0.764353,-0.129246,-0.949147,0.287031,-0.766517,0.279268,0.57835,-0.0,-0.0,-0.0,0.0,0.0,0.0,-1.913615,-0.153787,0.003239,0.359535,0.692796,-0.402614,0.598271,-0.015205,0.821173,0.570419,-0.721796,-0.403772,0.561998,0.000359,-0.006763,-0.004978,-2e-05,2.4e-05,9e-06,0.537038,0.042775,0.022692,0.003022,-0.563322,0.537021,0.627914,-0.125054,-0.806629,0.577676,0.816718,0.246895,0.521548,-0.006989,0.000633,-0.007257,0.033544,0.014473,-0.033817,0.520609,0.073427,0.01625,-0.042918,-0.673277,-0.181071,-0.716875,0.004825,-0.970605,0.240627,-0.739373,0.15855,0.654361,-0.0,1.2e-05,9e-06,5.9e-05,-3.3e-05,-6.7e-05,-0.764872
821,0.115947,-0.016984,0.393802,-0.627994,-0.145374,-0.764548,-0.129458,-0.949203,0.286752,-0.766621,0.279231,0.57823,0.013536,-0.001889,-0.001382,0.000984,-0.014715,0.029553,-1.913287,-0.154095,0.003069,0.358937,0.688432,-0.398738,0.605856,-0.018765,0.825134,0.564566,-0.725874,-0.399531,0.559771,-0.013696,-0.004689,-0.018943,0.03079,0.034076,-0.060732,0.537393,0.042626,0.022611,0.002733,-0.559516,0.532286,0.635305,-0.122642,-0.811251,0.571689,0.819694,0.241955,0.519189,-0.006301,-0.00758,-0.005022,-0.005935,0.022688,-0.048223,0.520773,0.073464,0.016252,-0.042916,-0.673167,-0.180774,-0.717054,0.004614,-0.970667,0.24038,-0.739475,0.158508,0.654255,0.00018,0.00488,-0.004901,0.035553,-0.01389,0.017816,-0.764872
822,0.115999,-0.016977,0.393782,-0.627918,-0.145265,-0.764632,-0.129501,-0.949239,0.286614,-0.766676,0.279166,0.578188,0.0,1e-06,0.0,0.0,0.0,0.0,-1.913186,-0.154346,0.002894,0.358543,0.683781,-0.397363,0.611995,-0.02237,0.826788,0.562009,-0.730154,-0.39748,0.55565,-0.01353,-0.008304,-0.021655,0.14423,0.548053,-0.701124,0.537214,0.042505,0.02253,0.002546,-0.556051,0.531581,0.638927,-0.120392,-0.812135,0.570912,0.822382,0.240535,0.515587,-0.006745,-0.00432,-0.010944,0.04372,0.022628,-0.062062,0.520609,0.073489,0.016256,-0.042927,-0.673111,-0.180653,-0.717136,0.004564,-0.970701,0.240244,-0.739527,0.158438,0.654215,-1e-06,-8e-06,-5e-06,5e-05,-9e-06,-1.9e-05,-0.765035
823,0.116009,-0.016971,0.393774,-0.628746,-0.141517,-0.764654,-0.13512,-0.948468,0.28657,-0.765027,0.283671,0.57818,0.0,0.0,0.0,-0.0,0.0,0.0,-1.913282,-0.154843,0.002368,0.35757,0.679657,-0.395995,0.617451,-0.02558,0.828337,0.559588,-0.733888,-0.395623,0.552046,-0.013194,-0.016161,-0.027633,0.023401,0.053218,-0.082503,0.537508,0.042252,0.022269,0.002055,-0.550827,0.527927,0.646438,-0.116769,-0.815659,0.566626,0.82641,0.236629,0.510932,-0.00657,-0.008338,-0.013998,0.045102,0.022109,-0.064444,0.520772,0.073499,0.016258,-0.042931,-0.674352,-0.177002,-0.71688,-0.00112,-0.970598,0.2407,-0.738408,0.16312,0.654327,0.0,-2e-06,-2e-06,0.000722,-0.000335,0.000552,-0.765689
824,0.115968,-0.016973,0.393785,-0.628677,-0.141369,-0.764739,-0.135242,-0.948488,0.286448,-0.765062,0.283679,0.578129,0.0,0.0,0.0,-0.0,0.0,0.0,-1.913148,-0.15532,0.00157,0.356323,0.675052,-0.396936,0.621882,-0.028761,0.828013,0.559911,-0.738006,-0.395355,0.546721,-0.012944,-0.023086,-0.033076,0.021094,0.055688,-0.080997,0.537725,0.042013,0.021871,0.001432,-0.545867,0.527948,0.650614,-0.113537,-0.815954,0.566857,0.830143,0.23556,0.505344,-0.006415,-0.012347,-0.017132,0.046641,0.047695,-0.118559,0.520936,0.073479,0.016257,-0.042926,-0.674305,-0.176843,-0.716964,-0.001243,-0.970628,0.24058,-0.738451,0.163115,0.65428,-0.006762,0.000969,0.000706,-0.000853,0.014666,-0.029652,-0.765362
825,0.115941,-0.016947,0.393791,-0.628683,-0.14138,-0.764732,-0.135214,-0.948493,0.286443,-0.765062,0.283655,0.578142,0.000168,0.000775,0.000542,0.0,0.0,0.0,-1.913341,-0.155537,0.001025,0.355614,0.672669,-0.397315,0.624219,-0.030506,0.827886,0.560007,-0.740109,-0.395241,0.543955,-0.011739,-0.037835,-0.027615,-0.021779,0.082684,-0.122665,0.537853,0.041903,0.021615,0.001091,-0.543361,0.527901,0.652747,-0.111837,-0.816131,0.56694,0.832015,0.235052,0.502493,-0.006368,-0.013891,-0.018389,0.040168,0.054958,-0.114153,0.520936,0.073465,0.016269,-0.042924,-0.674309,-0.176857,-0.716957,-0.001212,-0.97063,0.240572,-0.738447,0.163089,0.65429,0.000112,0.000511,0.000355,0.0001,-3.8e-05,-8.8e-05,-0.765199
826,0.115924,-0.016886,0.393747,-0.628504,-0.141102,-0.76493,-0.135279,-0.948598,0.286065,-0.765198,0.283442,0.578066,1e-06,4e-06,3e-06,0.0,0.0,0.0,-1.912842,-0.155959,-0.000286,0.354144,0.669283,-0.396308,0.628484,-0.03359,0.828753,0.558546,-0.743037,-0.394437,0.540535,-0.012593,-0.034532,-0.042444,0.022917,0.077484,-0.13497,0.537985,0.041693,0.020949,0.000348,-0.54012,0.526103,0.656875,-0.109125,-0.81771,0.565191,0.834483,0.233589,0.499072,-0.006267,-0.017445,-0.021343,0.038754,0.064368,-0.142515,0.521099,0.073457,0.016301,-0.042945,-0.674179,-0.176553,-0.717154,-0.001294,-0.970723,0.240195,-0.738566,0.162862,0.654213,-2e-06,-1.2e-05,-8e-06,8e-05,-6e-06,-5.8e-05,-0.762913
827,0.115935,-0.01677,0.39369,-0.630954,-0.135527,-0.763921,-0.140522,-0.948382,0.284246,-0.762231,0.286857,0.580296,0.000635,0.011028,-0.008916,0.028958,0.25153,0.192328,-1.913524,-0.156438,-0.002061,0.352593,0.661659,-0.400354,0.633968,-0.033524,0.828762,0.558537,-0.749834,-0.39031,0.534106,-0.011469,-0.050667,-0.038609,-0.282386,0.382733,-0.007302,0.537921,0.041453,0.020065,-0.000431,-0.53279,0.527533,0.661697,-0.109854,-0.818418,0.564024,0.839086,0.227817,0.493996,-0.005721,-0.025147,-0.019137,-0.499634,0.556963,0.126947,0.521099,0.073462,0.016353,-0.042971,-0.676623,-0.171871,-0.715989,-0.006542,-0.970935,0.239252,-0.736299,0.166567,0.655832,0.000184,0.000839,0.000588,-0.205706,0.497933,0.420713,-0.763402
828,0.115953,-0.016633,0.393674,-0.631627,-0.13165,-0.764042,-0.146066,-0.947628,0.283966,-0.76063,0.29112,0.580274,0.000381,0.001754,0.001224,2.3e-05,4.8e-05,1.9e-05,-1.913494,-0.156776,-0.004023,0.351036,0.659554,-0.397374,0.638024,-0.036896,0.830577,0.555621,-0.751528,-0.389502,0.532313,-0.01171,-0.048916,-0.037921,-0.011116,0.083608,-0.155732,0.537719,0.041289,0.019091,-0.001204,-0.530041,0.525161,0.665779,-0.106585,-0.820176,0.562094,0.841246,0.226971,0.490701,0.001033,-0.024525,-0.019599,0.006121,-0.028975,0.04629,0.521099,0.073471,0.016426,-0.042982,-0.678286,-0.16755,-0.715439,-0.012297,-0.97093,0.239043,-0.734694,0.170937,0.656508,0.000415,0.005959,-0.004145,0.034731,-0.016999,0.017381,-0.762586
829,0.115945,-0.016544,0.393674,-0.633304,-0.129851,-0.762962,-0.145772,-0.948171,0.282301,-0.759291,0.290157,0.582506,0.000508,0.002341,0.001633,0.006776,0.014076,0.005554,-1.913102,-0.156903,-0.004946,0.350309,0.658749,-0.396238,0.63956,-0.038198,0.831251,0.554523,-0.752168,-0.389222,0.531613,-0.011883,-0.046461,-0.036265,0.00319,-0.024455,0.044169,0.537613,0.041221,0.018623,-0.001571,-0.529376,0.523742,0.667423,-0.10541,-0.821206,0.56081,0.841812,0.226527,0.489935,-0.005885,-0.024077,-0.018799,-0.012893,0.096529,-0.181557,0.521262,0.073467,0.016468,-0.042984,-0.680231,-0.165899,-0.713976,-0.012024,-0.971393,0.237168,-0.732898,0.169914,0.658778,0.000358,0.00164,0.001144,-0.006462,-0.020121,0.025448,-0.75932
830,0.115978,-0.016395,0.39369,-0.635668,-0.124216,-0.761933,-0.151115,-0.94786,0.280531,-0.756265,0.293613,0.584706,0.000565,0.002604,0.001814,0.001135,0.002359,0.000931,-1.913625,-0.156994,-0.006554,0.34895,0.658752,-0.392447,0.641891,-0.039819,0.833681,0.55075,-0.752081,-0.387873,0.532722,0.001593,-0.040322,-0.033045,-0.005976,0.053348,-0.102025,0.537953,0.041171,0.017795,-0.00227,-0.53015,0.519958,0.669764,-0.104567,-0.823969,0.556902,0.84143,0.225206,0.491197,0.000821,-0.020263,-0.016597,-0.007584,-0.017924,0.052566,0.521262,0.073484,0.016544,-0.042974,-0.683029,-0.160677,-0.712497,-0.017557,-0.971608,0.23594,-0.730179,0.173663,0.660816,0.000327,0.001506,0.001049,-0.00704,-0.02501,0.022312,-0.76079
831,0.116071,-0.016152,0.393648,-0.634058,-0.122381,-0.76357,-0.151417,-0.948642,0.277709,-0.757556,0.291848,0.583918,0.001032,0.012861,-0.007641,0.035493,-0.013914,0.017838,-1.913105,-0.156847,-0.007969,0.347669,0.658822,-0.388761,0.644058,-0.041261,0.836052,0.547036,-0.751942,-0.386484,0.533926,0.001381,-0.035065,-0.029143,0.09223,-0.053936,-0.167157,0.53768,0.041244,0.017097,-0.002902,-0.530576,0.516679,0.67196,-0.103779,-0.826377,0.553469,0.841259,0.223923,0.492077,0.007091,-0.011189,-0.018719,0.20559,-0.151336,-0.162255,0.521099,0.07353,0.016661,-0.042993,-0.68168,-0.15868,-0.714235,-0.018046,-0.972254,0.233226,-0.731426,0.171875,0.659904,0.007404,0.006091,-0.004092,0.037456,-0.039788,0.073037,-0.766505
832,0.1161,-0.016002,0.393615,-0.633908,-0.122206,-0.763723,-0.151339,-0.948757,0.27736,-0.757697,0.291548,0.583885,0.000746,0.003444,0.002394,0.0,0.0,0.0,-1.913163,-0.156788,-0.008502,0.347102,0.658203,-0.387914,0.645201,-0.042051,0.836634,0.546085,-0.752439,-0.386078,0.533519,0.001244,-0.03162,-0.026432,-0.003708,0.039184,-0.077023,0.537578,0.041274,0.016815,-0.003198,-0.530397,0.515371,0.673105,-0.103205,-0.827339,0.552138,0.841443,0.223385,0.492008,0.00012,-0.010553,-0.017642,0.017257,0.055128,-0.076912,0.521099,0.073545,0.016741,-0.043012,-0.681556,-0.15848,-0.714397,-0.017968,-0.972347,0.232845,-0.731544,0.171533,0.659862,0.000616,0.006882,-0.003508,0.036898,-0.025098,0.044082,-0.766178
833,0.116194,-0.015721,0.393536,-0.633386,-0.121475,-0.764272,-0.15146,-0.949048,0.276297,-0.75811,0.290905,0.58367,0.000544,0.002516,0.001747,0.0,0.0,0.0,-1.913603,-0.156661,-0.00928,0.345867,0.657051,-0.386395,0.647282,-0.042947,0.837953,0.543989,-0.753394,-0.384741,0.533137,1.3e-05,-0.01621,-0.031433,0.031005,0.032466,-0.056626,0.537794,0.041333,0.016428,-0.0038,-0.529391,0.513722,0.675154,-0.102587,-0.828742,0.550146,0.842152,0.22198,0.49143,1.4e-05,-0.007852,-0.015499,0.030689,0.032701,-0.056499,0.521262,0.073592,0.016882,-0.043051,-0.68117,-0.157677,-0.714944,-0.018137,-0.972598,0.231782,-0.7319,0.17085,0.659645,0.00729,0.005594,-0.004438,0.037866,-0.039805,0.073782,-0.767485
834,0.116364,-0.015533,0.393505,-0.632942,-0.120836,-0.76474,-0.151688,-0.949253,0.275467,-0.758435,0.290501,0.583449,0.000562,0.002604,0.001807,-0.008169,0.076787,-0.183287,-1.913467,-0.156491,-0.009875,0.344706,0.654744,-0.387105,0.649193,-0.043815,0.837903,0.543997,-0.755349,-0.384136,0.530803,-6.9e-05,-0.014033,-0.029788,-0.274863,0.358989,0.176172,0.537741,0.041423,0.016127,-0.004391,-0.528416,0.51268,0.676708,-0.102475,-0.829768,0.548619,0.842777,0.220553,0.491,1e-06,-0.007517,-0.015322,-0.331091,0.432626,0.187507,0.520936,0.073677,0.016977,-0.043066,-0.680799,-0.15685,-0.715479,-0.018493,-0.972811,0.23086,-0.732236,0.170401,0.659388,0.007083,0.000604,0.000381,0.001127,-0.014747,0.029447,-0.766015
835,0.11657,-0.01543,0.393537,-0.632496,-0.120125,-0.765222,-0.152156,-0.949391,0.274732,-0.758714,0.290344,0.583165,0.00055,0.002556,0.001772,0.0,0.0,0.0,-1.913195,-0.156358,-0.010343,0.343609,0.653946,-0.386109,0.650589,-0.043958,0.839003,0.542288,-0.756032,-0.382739,0.530839,-0.000244,-0.009585,-0.026137,0.020247,0.11402,-0.205464,0.537736,0.04149,0.015889,-0.004943,-0.526246,0.512893,0.678236,-0.101969,-0.829921,0.548481,0.844196,0.219477,0.489042,-0.000104,-0.00482,-0.013093,0.035906,0.016154,-0.03284,0.520936,0.07378,0.017028,-0.04305,-0.680524,-0.156196,-0.715883,-0.018912,-0.972944,0.230261,-0.732481,0.170237,0.659158,0.000487,0.006317,-0.003903,0.036768,-0.025061,0.044323,-0.764056
836,0.116693,-0.015374,0.393538,-0.632271,-0.119784,-0.765461,-0.152352,-0.949469,0.274352,-0.758862,0.290228,0.583029,0.000671,0.003124,0.002164,0.001182,-0.01113,0.026557,-1.913477,-0.156369,-0.010445,0.343092,0.653657,-0.385772,0.651079,-0.043719,0.839526,0.541497,-0.756295,-0.381933,0.531045,-0.000344,-0.007123,-0.024069,0.032804,0.01888,-0.031277,0.537687,0.041485,0.015836,-0.005203,-0.525982,0.512395,0.678818,-0.102287,-0.830461,0.547603,0.844321,0.218596,0.489219,-0.000166,-0.00331,-0.011818,0.033142,0.018445,-0.031528,0.521099,0.073841,0.017055,-0.04305,-0.680361,-0.155822,-0.71612,-0.019129,-0.973027,0.229896,-0.732627,0.170111,0.659029,0.000327,0.001522,0.001052,0.001255,-0.011157,0.026488,-0.765036
837,0.116884,-0.015151,0.393468,-0.631753,-0.11906,-0.766001,-0.152547,-0.949724,0.273358,-0.759254,0.289688,0.582787,0.000502,0.002344,0.001622,0.008134,-0.0769,0.183241,-1.913972,-0.156456,-0.010506,0.342251,0.651775,-0.387095,0.652179,-0.043671,0.839241,0.541943,-0.757919,-0.381219,0.529239,-0.000579,-0.001276,-0.019069,0.034443,0.005275,-0.005925,0.537536,0.041441,0.015803,-0.005625,-0.523769,0.513319,0.679829,-0.102224,-0.83016,0.548071,0.845704,0.217568,0.487286,-0.000276,-0.000614,-0.009513,0.037591,0.014782,-0.033654,0.521099,0.073937,0.017168,-0.043084,-0.680023,-0.155142,-0.716588,-0.019288,-0.973232,0.22901,-0.732936,0.169554,0.658828,0.007216,0.005324,-0.00463,0.036536,-0.028643,0.047361,-0.766015
838,0.117118,-0.014964,0.393261,-0.631624,-0.11416,-0.766853,-0.158512,-0.949196,0.271796,-0.75814,0.293365,0.582398,0.013729,0.007414,-0.011493,0.043653,-0.105314,0.231295,-1.913583,-0.156649,-0.010729,0.341739,0.649618,-0.387976,0.653806,-0.044771,0.838857,0.542447,-0.759704,-0.381167,0.526712,-0.013636,-0.010967,-0.008232,-0.00419,0.029431,-0.054219,0.537684,0.04135,0.0157,-0.005882,-0.521391,0.513778,0.681309,-0.101084,-0.82999,0.548541,0.847309,0.217135,0.484684,-0.000323,0.000405,-0.008643,0.041007,-0.000428,-0.009238,0.521099,0.074055,0.017265,-0.043185,-0.680484,-0.150097,-0.717224,-0.025496,-0.973353,0.227888,-0.732318,0.17336,0.658525,0.006844,0.00359,-0.00583,0.044691,-0.105722,0.232178,-0.764546
839,0.117269,-0.014889,0.393113,-0.631248,-0.113674,-0.767235,-0.158573,-0.949396,0.271061,-0.758441,0.292905,0.582238,0.013728,0.00742,-0.011489,0.036477,-0.028612,0.047404,-1.913383,-0.156784,-0.010854,0.341548,0.649305,-0.387551,0.654368,-0.045107,0.83917,0.541933,-0.759951,-0.380909,0.526541,0.000337,-0.008825,-0.007699,-0.001819,0.013866,-0.025196,0.537655,0.041277,0.015637,-0.005977,-0.521181,0.513247,0.68187,-0.100863,-0.830404,0.547955,0.847464,0.216808,0.484558,-0.007368,0.000624,-0.007796,0.033346,0.019334,-0.035869,0.521099,0.074125,0.017298,-0.043257,-0.680214,-0.149578,-0.717588,-0.025591,-0.973515,0.227183,-0.732565,0.172896,0.658372,0.006835,0.003559,-0.00585,0.036771,-0.028716,0.047434,-0.764545
840,0.117542,-0.014618,0.392765,-0.633807,-0.104073,-0.766487,-0.169055,-0.948318,0.268484,-0.754032,0.29987,0.584415,0.00035,0.009777,-0.009774,0.036295,-0.012198,0.018535,-1.913822,-0.157109,-0.011016,0.341316,0.648777,-0.38682,0.655325,-0.045739,0.839677,0.541096,-0.760364,-0.380538,0.526214,0.000167,-0.004499,-0.003933,-0.001814,0.013867,-0.025196,0.537716,0.041115,0.015553,-0.006096,-0.520777,0.512413,0.682805,-0.10039,-0.831035,0.547085,0.847769,0.216362,0.484225,-0.006952,-0.00217,-0.001232,-0.002165,0.01511,-0.029337,0.521099,0.074266,0.017434,-0.043436,-0.683841,-0.140275,-0.716019,-0.03633,-0.973581,0.225431,-0.728725,0.180172,0.660678,0.000181,0.004893,-0.004887,0.029403,-0.025511,0.014686,-0.762912
841,0.117752,-0.014301,0.39235,-0.635906,-0.093944,-0.766057,-0.179748,-0.947247,0.265304,-0.749782,0.306517,0.586431,0.00019,0.009028,-0.010288,0.037294,-0.010073,0.019394,-1.914011,-0.15744,-0.011186,0.341213,0.648277,-0.38611,0.656237,-0.046541,0.840067,0.540421,-0.760741,-0.380399,0.525769,-0.013908,-0.004724,-0.002815,-0.002045,0.015205,-0.029245,0.537648,0.04096,0.015474,-0.006143,-0.520405,0.511644,0.683664,-0.099742,-0.83156,0.546403,0.848073,0.216161,0.483782,6.8e-05,-0.001806,-0.001575,-9.2e-05,-6.2e-05,-6.5e-05,0.521099,0.074366,0.017588,-0.043634,-0.687101,-0.130482,-0.714748,-0.047331,-0.973613,0.223239,-0.725018,0.187218,0.662795,6.1e-05,0.004321,-0.00528,0.027099,-0.029423,0.013938,-0.764219
842,0.118102,-0.014017,0.391924,-0.637399,-0.087668,-0.76556,-0.184784,-0.94713,0.262241,-0.747286,0.308719,0.588458,0.013786,0.007791,-0.011226,0.036962,-0.027584,0.047825,-1.914588,-0.157751,-0.01139,0.341038,0.647734,-0.385348,0.657221,-0.047341,0.840517,0.539652,-0.761154,-0.380179,0.525329,0.000194,-0.00555,-0.004866,-0.0,0.0,0.0,0.537679,0.040794,0.015374,-0.006229,-0.519961,0.510741,0.684678,-0.099053,-0.832197,0.54556,0.848427,0.215851,0.4833,-0.006906,-0.003811,-0.002678,-0.003918,0.029035,-0.054494,0.521262,0.074535,0.017724,-0.043845,-0.689206,-0.124516,-0.713785,-0.052617,-0.97392,0.220701,-0.722651,0.189665,0.664681,0.000171,0.004842,-0.004921,0.029808,-0.025433,0.014496,-0.762423
843,0.118263,-0.01384,0.391736,-0.63765,-0.083696,-0.765795,-0.190085,-0.946251,0.261627,-0.745742,0.312491,0.588425,0.013919,0.008446,-0.01077,0.002198,-0.016904,0.07375,-1.91431,-0.157906,-0.01151,0.340921,0.647493,-0.385012,0.657655,-0.047672,0.840726,0.539297,-0.761338,-0.380058,0.525151,-0.013826,-0.00766,-0.005407,-0.003857,0.029074,-0.05444,0.537686,0.040721,0.015316,-0.006286,-0.519788,0.51039,0.68507,-0.098813,-0.83245,0.545217,0.848561,0.215704,0.48313,0.000113,-0.003206,-0.00281,-0.001866,0.013831,-0.025237,0.521262,0.074626,0.017822,-0.043951,-0.689809,-0.120583,-0.713878,-0.058028,-0.973651,0.220533,-0.721661,0.193551,0.664637,0.006978,0.004275,-0.005354,0.002415,-0.018974,0.073905,-0.762586
844,0.118543,-0.013464,0.391324,-0.639252,-0.077719,-0.76509,-0.194817,-0.946064,0.258808,-0.743147,0.314587,0.590588,0.013814,0.007993,-0.011082,0.036564,-0.028437,0.047483,-1.914249,-0.158218,-0.011745,0.340649,0.646879,-0.384165,0.658753,-0.048466,0.841273,0.538373,-0.761809,-0.379706,0.524722,-0.013819,-0.008396,-0.006071,-0.003857,0.029079,-0.054437,0.537532,0.040565,0.015198,-0.006422,-0.519307,0.509435,0.686145,-0.098194,-0.833149,0.544261,0.848926,0.215264,0.482684,-0.006909,-0.004112,-0.002955,-0.003899,0.029048,-0.054454,0.521262,0.074761,0.018009,-0.044152,-0.692047,-0.114871,-0.712652,-0.062984,-0.973882,0.218141,-0.719098,0.19585,0.666737,0.000184,0.004917,-0.004864,0.033392,-0.019587,0.016038,-0.762586
845,0.118826,-0.013044,0.390882,-0.64067,-0.071551,-0.764504,-0.199601,-0.945903,0.255729,-0.740653,0.316517,0.592686,0.000474,0.010426,-0.009305,0.036416,-0.011938,0.018661,-1.915055,-0.1584,-0.01208,0.340304,0.646308,-0.383384,0.659769,-0.04923,0.841762,0.537538,-0.762245,-0.379412,0.524302,0.000332,-0.010132,-0.008946,-0.001812,0.013877,-0.02519,0.53748,0.040469,0.015037,-0.006588,-0.518857,0.50855,0.687141,-0.097588,-0.833787,0.543392,0.849272,0.214886,0.482244,0.000182,-0.005406,-0.004768,-0.003659,0.027743,-0.050407,0.521426,0.074907,0.018213,-0.044371,-0.694161,-0.10889,-0.711535,-0.068013,-0.974147,0.215431,-0.716598,0.197938,0.668809,0.007001,0.004437,-0.005238,0.029396,-0.042131,0.043393,-0.764709
846,0.118927,-0.012835,0.390667,-0.644005,-0.067387,-0.762077,-0.20412,-0.944872,0.255976,-0.736518,0.320483,0.5957,0.000373,0.009948,-0.009634,0.108307,0.246935,0.053105,-1.914396,-0.158446,-0.012281,0.340131,0.645993,-0.382955,0.660326,-0.049704,0.842003,0.537117,-0.762481,-0.379312,0.524031,-0.013741,-0.011706,-0.009034,-0.003857,0.029082,-0.054436,0.537462,0.040451,0.014932,-0.006678,-0.51861,0.508067,0.687685,-0.097197,-0.834118,0.542953,0.849467,0.21474,0.481965,0.000187,-0.005625,-0.004973,-0.003659,0.027745,-0.050397,0.521426,0.074958,0.018323,-0.044481,-0.697158,-0.105758,-0.709073,-0.072578,-0.973566,0.216565,-0.713233,0.202443,0.671053,0.000192,0.004963,-0.00483,0.096634,0.472446,-0.047197,-0.765525
847,0.119136,-0.01258,0.390234,-0.650995,-0.048292,-0.757575,-0.219598,-0.943326,0.248767,-0.725847,0.328362,0.604442,0.013092,0.00461,-0.013416,0.207452,0.354628,0.174651,-1.912559,-0.158497,-0.012695,0.339729,0.645427,-0.382191,0.661321,-0.050488,0.842461,0.536324,-0.762908,-0.379066,0.523587,0.000349,-0.010841,-0.00963,-0.001812,0.013879,-0.025189,0.537594,0.04042,0.014722,-0.006882,-0.518156,0.507187,0.688675,-0.096552,-0.834739,0.542113,0.849818,0.214407,0.481495,-0.000323,-0.000287,-0.009342,0.034599,0.004937,-0.006152,0.521426,0.075059,0.018457,-0.044693,-0.705856,-0.087899,-0.702879,-0.088639,-0.973511,0.210758,-0.702786,0.211067,0.679367,-0.000256,-0.001276,-0.000887,0.260016,0.536686,0.216201,-0.766505
848,0.119336,-0.012583,0.389958,-0.661303,-0.018867,-0.749912,-0.240637,-0.941517,0.23582,-0.709686,0.336423,0.619026,-0.000747,-0.003607,-0.002501,-1.115984,0.631263,1.146565,-1.91218,-0.158444,-0.013091,0.339291,0.645019,-0.381657,0.662027,-0.050963,0.842823,0.535711,-0.763221,-0.378802,0.523322,0.000346,-0.01076,-0.0096,-0.001812,0.013883,-0.025187,0.537373,0.040447,0.014523,-0.007102,-0.517832,0.506579,0.689366,-0.096192,-0.835191,0.541481,0.850056,0.214085,0.481217,0.000186,-0.005585,-0.004981,-0.001829,0.013875,-0.025202,0.521262,0.075159,0.018457,-0.044836,-0.718885,-0.063289,-0.692241,-0.105128,-0.974493,0.198268,-0.687132,0.215306,0.693895,-0.000354,-0.001735,-0.001205,0.260238,0.170925,0.328404,-0.775976
849,0.119445,-0.012634,0.389872,-0.664417,-0.000889,-0.747392,-0.251967,-0.94119,0.225043,-0.702816,0.337837,0.626053,-0.000699,-0.003379,-0.002344,1.047081,-0.956793,2.465789,-1.912633,-0.158408,-0.013269,0.339101,0.644793,-0.381359,0.662419,-0.051253,0.84301,0.535389,-0.763392,-0.378686,0.523156,0.013427,0.001898,-0.017878,0.036668,-0.010262,0.02313,0.537629,0.04046,0.014428,-0.007195,-0.51764,0.506215,0.689778,-0.095919,-0.835446,0.541135,0.850204,0.213951,0.481017,0.000165,-0.004954,-0.004427,-0.001832,0.013893,-0.025212,0.521262,0.075217,0.018427,-0.044882,-0.724766,-0.042733,-0.687667,-0.122649,-0.974131,0.1898,-0.677989,0.221903,0.700777,-0.000311,-0.00175,-0.00122,1.014919,-0.993894,2.448641,-0.776792
850,0.119727,-0.012752,0.389639,-0.671031,0.027038,-0.740967,-0.268794,-0.940224,0.209044,-0.690193,0.339403,0.639114,-0.001149,-0.005577,-0.003876,0.169986,0.385754,0.130361,-1.912802,-0.158377,-0.013609,0.33874,0.644328,-0.380742,0.663226,-0.051855,0.843395,0.534724,-0.763744,-0.37845,0.522813,0.000292,-0.009088,-0.008152,-0.001812,0.013887,-0.025185,0.53742,0.04048,0.014262,-0.007379,-0.517283,0.505542,0.690539,-0.095487,-0.835935,0.540457,0.85047,0.213632,0.480688,0.000151,-0.004527,-0.004061,-0.001837,0.013895,-0.025195,0.521262,0.07536,0.018373,-0.044995,-0.7331,-0.015821,-0.679936,-0.141281,-0.974379,0.174998,-0.665284,0.224353,0.712082,0.006381,0.001454,-0.007311,0.249227,0.447349,0.245978,-0.777935
851,0.12001,-0.012801,0.389217,-0.675821,0.042873,-0.735848,-0.27944,-0.938685,0.201881,-0.681238,0.342002,0.647284,0.012522,0.00176,-0.015415,0.133704,0.194265,0.108531,-1.913082,-0.158378,-0.013933,0.338409,0.643923,-0.380204,0.663927,-0.052389,0.843725,0.534151,-0.764048,-0.378257,0.522509,0.000279,-0.008718,-0.007847,-0.001813,0.013889,-0.025184,0.537535,0.04048,0.014101,-0.007544,-0.516963,0.504932,0.691224,-0.095062,-0.836368,0.539861,0.850712,0.21338,0.480371,0.000142,-0.004327,-0.003897,-0.001833,0.013884,-0.025183,0.521426,0.075496,0.018344,-0.045202,-0.73926,-0.00085,-0.673419,-0.152698,-0.97374,0.168856,-0.655879,0.227658,0.719717,-0.000601,-0.002964,-0.002071,0.122408,0.255576,0.105441,-0.778915
852,0.120292,-0.012582,0.388623,-0.677369,0.055109,-0.733608,-0.289844,-0.936523,0.1972,-0.675335,0.346134,0.651261,0.013275,0.013633,-0.023695,0.086252,0.002123,0.052671,-1.912756,-0.158412,-0.01421,0.338164,0.64357,-0.379726,0.664543,-0.052914,0.84399,0.53368,-0.76431,-0.378146,0.522206,0.000203,-0.006387,-0.005764,-0.001812,0.013889,-0.025184,0.537444,0.040463,0.013957,-0.007671,-0.516677,0.504378,0.691842,-0.094617,-0.836744,0.539356,0.850935,0.213214,0.48005,0.000102,-0.00308,-0.002779,-0.001827,0.013883,-0.025189,0.521426,0.07564,0.018451,-0.045508,-0.742149,0.011263,-0.670139,-0.163692,-0.972625,0.164935,-0.649937,0.232103,0.723677,0.006666,0.006913,-0.011784,0.062475,-0.043246,0.037049,-0.780548
853,0.120443,-0.012377,0.388305,-0.678871,0.067326,-0.731195,-0.300575,-0.934013,0.192993,-0.669113,0.350708,0.655225,0.013237,0.00526,-0.012976,-1.116267,0.43376,1.161976,-1.913198,-0.158431,-0.014301,0.338069,0.643422,-0.379527,0.6648,-0.053112,0.844111,0.533471,-0.764421,-0.378078,0.522093,-0.014037,-0.005525,-0.003644,-0.002045,0.015205,-0.029245,0.537499,0.040459,0.013912,-0.007718,-0.516568,0.504169,0.692076,-0.094471,-0.836892,0.539152,0.851018,0.213128,0.479941,8.4e-05,-0.002583,-0.002336,-0.001833,0.013879,-0.025171,0.521262,0.075711,0.01855,-0.045663,-0.744732,0.021754,-0.667007,-0.173206,-0.971519,0.161703,-0.644494,0.235955,0.72729,0.000193,0.009155,-0.01016,-3.915233,1.164419,3.70864,-0.783161
854,0.120837,-0.011726,0.387527,-0.683641,0.085493,-0.724825,-0.310447,-0.932852,0.182704,-0.659689,0.349812,0.665183,0.014153,0.018036,-0.020602,0.276029,0.399393,0.251223,-1.913558,-0.158407,-0.014412,0.337926,0.643271,-0.379332,0.665057,-0.053268,0.844249,0.533235,-0.764536,-0.377964,0.522006,5.7e-05,-0.001798,-0.001626,0.0,0.0,0.0,0.537487,0.040466,0.013854,-0.007792,-0.51644,0.503931,0.692345,-0.094346,-0.837071,0.538896,0.851109,0.212988,0.479841,3.2e-05,-0.000918,-0.00083,-1.1e-05,-1.4e-05,6e-06,0.521262,0.075907,0.018862,-0.046042,-0.74994,0.039024,-0.660353,-0.185773,-0.970509,0.153622,-0.634884,0.237883,0.735073,0.007114,0.009134,-0.010227,0.317538,0.501538,0.302116,-0.788713
855,0.121259,-0.010982,0.386815,-0.692253,0.109389,-0.713348,-0.324817,-0.92989,0.172543,-0.643604,0.351009,0.680142,0.014438,0.019557,-0.019526,0.371691,0.70261,0.165292,-1.913495,-0.158419,-0.014416,0.337895,0.643184,-0.379218,0.665206,-0.053354,0.844332,0.533094,-0.764604,-0.377892,0.52196,-5e-06,0.000168,0.000152,0.0,0.0,0.0,0.537346,0.04046,0.013853,-0.007806,-0.516371,0.503801,0.692491,-0.094286,-0.83717,0.538752,0.851158,0.212904,0.479792,-7e-06,0.00023,0.000208,-6e-06,-3e-06,-5e-06,0.521426,0.076124,0.01925,-0.046412,-0.76053,0.061423,-0.64639,-0.201033,-0.968873,0.144465,-0.617397,0.239816,0.749205,0.007249,0.009861,-0.009713,0.452309,0.837618,0.211498,-0.791162
856,0.121471,-0.010605,0.386469,-0.697128,0.11737,-0.707306,-0.328794,-0.928991,0.169831,-0.636285,0.350801,0.687101,0.000967,0.021251,-0.018243,0.210496,0.273567,0.163965,-1.913299,-0.158442,-0.014389,0.337895,0.643132,-0.37915,0.665295,-0.053389,0.84439,0.532999,-0.764645,-0.377831,0.521943,-1.4e-05,0.000452,0.000409,0.0,0.0,0.0,0.537579,0.040448,0.013868,-0.007805,-0.51633,0.503724,0.692577,-0.094268,-0.837234,0.538656,0.851184,0.212836,0.479774,-9e-06,0.000305,0.000277,-5e-06,1e-06,-8e-06,0.521426,0.07623,0.019432,-0.046578,-0.766385,0.069272,-0.638634,-0.20539,-0.968406,0.141434,-0.60866,0.239562,0.7564,0.007074,0.004928,-0.004884,0.185405,0.386567,0.012589,-0.792958
