frame,MLTx,MLTy,MLTz,MLTR1,MLTR2,MLTR3,MLTR4,MLTR5,MLTR6,MLTR7,MLTR8,MLTR9,MLTTVx,MLTTVy,MLTTVz,MLTRVx,MLTRVy,MLTRVz,MLGA,MRTx,MRTy,MRTz,MRTR1,MRTR2,MRTR3,MRTR4,MRTR5,MRTR6,MRTR7,MRTR8,MRTR9,MRTTVx,MRTTVy,MRTTVz,MRTRVx,MRTRVy,MRTRVz,MRGA,SLTx,SLTy,SLTz,SLTR1,SLTR2,SLTR3,SLTR4,SLTR5,SLTR6,SLTR7,SLTR8,SLTR9,SLTTVx,SLTTVy,SLTTVz,SLTRVx,SLTRVy,SLTRVz,SLGA,SRTx,SRTy,SRTz,SRTR1,SRTR2,SRTR3,SRTR4,SRTR5,SRTR6,SRTR7,SRTR8,SRTR9,SRTTVx,SRTTVy,SRTTVz,SRTRVx,SRTRVy,SRTRVz,SRGA
763,0.088108,-0.02406,0.309609,-0.24664,-0.367158,-0.896889,-0.38376,-0.812815,0.438214,-0.889598,0.452724,0.060692,0.001871,0.005719,0.006876,0.000402,-0.014716,0.024777,-0.236981,-0.195725,-0.013559,0.281795,-0.319509,0.839046,0.440348,-0.488097,-0.543931,0.682521,0.812573,0.002087,0.582738,-0.000118,-0.001248,-0.001565,-0.235994,0.234093,0.180135,-0.431257,0.023901,0.050417,-0.020416,0.238007,-0.818352,0.523118,0.464126,0.56895,0.678883,-0.853193,0.081213,0.515232,-7.9e-05,-0.000834,-0.00104,-0.399887,0.340873,0.26331,-0.720889,0.045728,0.041727,-0.052906,0.217464,0.310089,-0.925501,0.344397,0.862832,0.370015,0.91329,-0.399205,0.080841,0.008871,0.006958,-0.001725,0.034786,-0.048169,0.069269,-0.3782
764,0.088573,-0.023782,0.309831,-0.240897,-0.363334,-0.900002,-0.386012,-0.814937,0.432255,-0.890204,0.451988,0.057188,0.017542,0.005263,0.007675,0.001282,-0.029726,0.054847,-0.330483,-0.195812,-0.013647,0.281691,-0.326371,0.836296,0.440547,-0.468949,-0.547811,0.692765,0.821089,0.018454,0.570382,-0.01529,-0.002779,-0.002476,-0.315617,0.172372,0.049873,-0.219304,0.023858,0.050374,-0.020468,0.243949,-0.816258,0.523651,0.443598,0.574085,0.688219,-0.862385,0.0644,0.502138,-0.007649,-0.001422,-0.001272,-0.287961,0.162148,0.041321,-0.515306,0.045955,0.041866,-0.052796,0.211868,0.305722,-0.928248,0.346511,0.864605,0.363851,0.913805,-0.398737,0.077246,0.008833,0.002827,0.004067,0.001457,-0.026552,0.049418,-0.437474
765,0.08892,-0.023662,0.31,-0.239299,-0.358908,-0.902201,-0.38685,-0.817011,0.427567,-0.890273,0.451775,0.057793,0.017901,0.006431,0.009045,0.017194,0.012982,0.079296,-0.381926,-0.195908,-0.013669,0.281619,-0.327701,0.835913,0.440287,-0.45844,-0.548058,0.69957,0.82648,0.026355,0.562227,-0.000702,0.009552,-0.010071,-0.232106,0.20147,0.180883,-0.13543,0.023816,0.050357,-0.020503,0.245519,-0.81591,0.523459,0.432831,0.57544,0.69392,-0.867396,0.056199,0.494433,-0.00014,-0.001451,-0.001815,-0.568831,-0.09452,0.126611,-0.423864,0.046128,0.041925,-0.052712,0.210687,0.300836,-0.930111,0.347106,0.866446,0.35887,0.913852,-0.398457,0.078127,0.009024,0.003458,0.004803,0.009827,-0.015934,0.089046,-0.476664
766,0.089574,-0.023311,0.310432,-0.231845,-0.350558,-0.907415,-0.390021,-0.821061,0.416789,-0.890871,0.450974,0.054766,0.019059,0.01017,0.013425,0.011403,-0.018098,0.094442,-0.420153,-0.196114,-0.013548,0.281421,-0.345443,0.8299,0.438094,-0.428364,-0.554693,0.713269,0.835369,0.057687,0.546529,-0.015671,0.010147,-0.008319,-0.29501,0.221682,0.40727,0.000672,0.023712,0.050416,-0.020605,0.264001,-0.810785,0.522426,0.402305,0.584841,0.704351,-0.876614,0.024225,0.480582,-0.000343,0.004885,-0.004884,-0.422527,0.410508,0.34593,-0.265962,0.046454,0.042097,-0.0525,0.203684,0.291715,-0.934566,0.349949,0.86982,0.347775,0.914356,-0.397887,0.075083,0.009522,0.005069,0.006683,0.003788,-0.142195,0.246166,-0.531203
767,0.090251,-0.022778,0.310994,-0.240861,-0.334478,-0.911129,-0.398052,-0.82213,0.406975,-0.884897,0.461113,0.066017,0.019987,0.013276,0.016982,-4.821175,2.788939,0.787945,-0.464924,-0.196217,-0.013171,0.281072,-0.383737,0.81183,0.440079,-0.384814,-0.573683,0.723008,0.839892,0.107075,0.531959,-0.000624,0.010341,-0.009079,-0.975606,-0.937158,-0.652722,0.160419,0.023655,0.050608,-0.020782,0.302044,-0.794998,0.526066,0.359353,0.606083,0.709597,-0.882969,-0.025286,0.468749,-0.000307,0.005176,-0.004527,-0.960552,-0.956123,-0.669861,-0.075401,0.0468,0.042367,-0.052214,0.211645,0.277862,-0.937015,0.356686,0.870645,0.338746,0.909933,-0.405915,0.085158,0.009951,0.006733,0.008577,-4.848938,2.715307,0.745801,-0.558146
768,0.090662,-0.02251,0.311305,-0.247727,-0.323577,-0.913222,-0.406884,-0.820689,0.401107,-0.878959,0.471339,0.072788,0.019652,0.01235,0.015815,0.110569,0.268938,0.262926,-0.521325,-0.196232,-0.01297,0.280861,-0.393804,0.805081,0.44357,-0.366356,-0.579936,0.727593,0.843492,0.123012,0.522736,-0.000746,0.009073,-0.010674,-1.161507,-0.717791,-0.561014,0.224036,0.023648,0.050708,-0.020881,0.312482,-0.788417,0.52986,0.342495,0.613786,0.711311,-0.886031,-0.040797,0.461826,-0.000251,0.004943,-0.004908,-2.925715,-2.991596,-3.219469,0.012286,0.046992,0.042492,-0.052062,0.22078,0.265626,-0.938455,0.366736,0.868977,0.332238,0.903747,-0.417518,0.094438,0.009849,0.006255,0.007995,0.132928,0.446017,0.361397,-0.584436
769,0.091274,-0.022071,0.311873,-0.256758,-0.299419,-0.91895,-0.404933,-0.830008,0.383521,-0.877256,0.470953,0.093013,0.018861,0.010038,0.01299,0.235015,0.609789,0.464445,-0.553548,-0.196239,-0.012401,0.280416,-0.427862,0.790019,0.439085,-0.327912,-0.588263,0.739157,0.842766,0.17128,0.510167,-0.000563,0.010974,-0.008278,-0.288593,0.124188,0.133468,0.363796,0.023644,0.050988,-0.021109,0.347596,-0.775487,0.527063,0.302033,0.624756,0.720038,-0.887666,-0.091092,0.451386,-0.000535,0.011286,-0.007868,-0.430631,-0.224192,0.160948,0.201703,0.047308,0.042726,-0.051768,0.230285,0.242443,-0.942438,0.364277,0.876575,0.314511,0.902368,-0.415736,0.113545,0.008899,-0.000724,0.010371,0.204837,0.668608,0.436532,-0.635709
770,0.091814,-0.021705,0.312348,-0.2702,-0.274588,-0.922843,-0.401743,-0.8389,0.36718,-0.874667,0.470295,0.117509,0.018125,0.007842,0.010347,0.278119,0.754142,0.516071,-0.559285,-0.196301,-0.011558,0.279822,-0.451568,0.778998,0.435017,-0.30234,-0.592194,0.746881,0.839984,0.204762,0.502358,-0.001146,0.021719,-0.016834,0.003695,0.022784,0.073087,0.454571,0.023614,0.051409,-0.021398,0.371664,-0.766256,0.524134,0.276089,0.630262,0.725633,-0.886363,-0.124984,0.445801,-0.000586,0.010708,-0.008595,0.049787,-0.009398,0.011697,0.356992,0.047578,0.042912,-0.051528,0.244793,0.218396,-0.944657,0.360476,0.88396,0.297775,0.900073,-0.41342,0.137661,0.009091,0.004039,0.005301,0.087319,0.209576,0.228533,-0.647303
771,0.092353,-0.021462,0.312713,-0.289166,-0.242624,-0.926046,-0.418967,-0.837713,0.35025,-0.860387,0.489561,0.141742,0.017212,0.005032,0.007029,0.269781,0.739165,0.507207,-0.589984,-0.196376,-0.01066,0.279033,-0.460625,0.77442,0.433693,-0.286366,-0.592034,0.753276,0.840675,0.221806,0.493894,-0.001378,0.019299,-0.019874,-0.29201,0.313891,0.301982,0.499637,0.023577,0.051854,-0.021781,0.383102,-0.761053,0.523479,0.260939,0.6328,0.729022,-0.886082,-0.142693,0.441016,-0.008194,0.009423,-0.009711,0.031173,0.115551,-0.182678,0.450231,0.047842,0.043033,-0.051346,0.265143,0.18807,-0.945689,0.377659,0.882173,0.281323,0.88717,-0.431739,0.162876,0.001137,0.003665,0.004241,0.167997,0.463874,0.307519,-0.665265
772,0.09256,-0.021361,0.312843,-0.297213,-0.229075,-0.926949,-0.427855,-0.835928,0.34371,-0.853235,0.499036,0.151595,0.002143,0.006902,0.00799,0.179833,0.500811,0.328546,-0.592887,-0.196403,-0.010373,0.278648,-0.466681,0.772324,0.430947,-0.279636,-0.591001,0.756608,0.839606,0.231611,0.491203,-0.001567,0.017351,-0.022334,-0.305364,0.172339,0.169887,0.513944,0.023563,0.052006,-0.021978,0.388687,-0.759978,0.520917,0.253617,0.631781,0.732482,-0.885776,-0.152593,0.438308,-0.000533,0.002789,-0.007534,-0.682798,0.042267,0.075022,0.477827,0.047958,0.043086,-0.051277,0.275251,0.17257,-0.945756,0.386278,0.881002,0.273175,0.880355,-0.440517,0.175837,0.001035,0.003336,0.003852,0.182354,0.504402,0.331634,-0.674246
773,0.092903,-0.021225,0.312992,-0.310241,-0.205291,-0.928252,-0.435821,-0.83705,0.330724,-0.844509,0.507407,0.171375,0.01559,-0.000113,0.001044,0.188797,0.527725,0.349238,-0.595045,-0.196451,-0.010086,0.277965,-0.480764,0.766848,0.425209,-0.266858,-0.589766,0.762166,0.835826,0.251983,0.48761,-0.001187,0.004524,-0.016434,-0.309403,-0.082816,0.977258,0.529845,0.023539,0.052153,-0.022325,0.404009,-0.754738,0.516862,0.240468,0.632782,0.736044,-0.882581,-0.17308,0.43714,-0.000619,0.002142,-0.008328,0.248424,-1.56059,2.259906,0.510322,0.048125,0.043158,-0.051199,0.288872,0.150449,-0.945472,0.394183,0.881288,0.260672,0.872451,-0.44799,0.195275,0.000394,0.001266,0.001456,0.272744,0.658716,0.618835,-0.680941
774,0.093115,-0.021365,0.313021,-0.317924,-0.184915,-0.929933,-0.445526,-0.836635,0.318622,-0.836544,0.515833,0.184762,0.014257,-0.004432,-0.00395,0.11644,-0.075784,0.922213,-0.608683,-0.196481,-0.010045,0.277384,-0.483238,0.764987,0.425754,-0.262929,-0.590548,0.762925,0.835646,0.255765,0.485945,-0.000705,-0.007242,-0.009205,-0.005072,0.020087,-0.02075,0.534461,0.023523,0.052174,-0.022615,0.404956,-0.754505,0.516461,0.235971,0.631955,0.738207,-0.883361,-0.177071,0.433955,-0.000347,-0.003644,-0.00463,0.01872,0.008129,-0.031811,0.51669,0.048236,0.043088,-0.051184,0.298333,0.129635,-0.945616,0.403604,0.880663,0.248064,0.864928,-0.455661,0.21041,0.007081,-0.002383,-0.00217,0.122562,-0.121421,0.998647,-0.687636
775,0.093183,-0.021423,0.312992,-0.323376,-0.173958,-0.930168,-0.460062,-0.830068,0.315123,-0.826524,0.53005,0.189553,0.014456,-0.003794,-0.003215,-5.091484,1.866684,1.159488,-0.628035,-0.196499,-0.010043,0.277136,-0.487491,0.761767,0.426679,-0.259299,-0.592823,0.762403,0.834314,0.260065,0.485952,-0.001147,0.004969,-0.01591,0.034617,0.003118,-0.006991,0.534566,0.023495,0.052166,-0.022849,0.413744,-0.748154,0.51873,0.229032,0.637,0.736054,-0.881112,-0.185732,0.434906,-0.00052,0.002973,-0.007335,0.034138,0.00215,-0.007573,0.518323,0.048264,0.043056,-0.051203,0.303315,0.120336,-0.94526,0.413401,0.877159,0.244318,0.858544,-0.464877,0.216308,-0.000269,-0.000868,-0.00101,0.036369,0.108514,0.063063,-0.695474
776,0.093345,-0.021389,0.312838,-0.329498,-0.160237,-0.930484,-0.474083,-0.824178,0.309754,-0.816115,0.543386,0.19676,-0.000218,-0.000708,-0.000818,0.01813,0.052873,0.031163,-0.64178,-0.196607,-0.01008,0.276744,-0.500234,0.752096,0.429079,-0.247969,-0.59909,0.761273,0.830219,0.273466,0.485609,-0.00106,0.005876,-0.014775,0.032939,0.0,-0.008987,0.534758,0.02346,0.052154,-0.022946,0.422563,-0.742123,0.520281,0.221791,0.641269,0.734562,-0.878776,-0.195005,0.435573,-0.000524,0.002969,-0.007343,0.031307,3.7e-05,-0.008765,0.518486,0.048349,0.043069,-0.051284,0.311176,0.10523,-0.944508,0.432771,0.869132,0.239412,0.846096,-0.483255,0.224913,0.007296,-0.001689,-0.001374,0.005367,-0.001779,0.037852,-0.714905
777,0.093507,-0.02147,0.312758,-0.329569,-0.151412,-0.931936,-0.479692,-0.823316,0.303345,-0.812805,0.5472,0.199872,0.014515,-0.003611,-0.003011,0.01161,0.016406,0.047915,-0.652383,-0.19672,-0.010169,0.276436,-0.503934,0.748213,0.431529,-0.243427,-0.602262,0.760235,0.829328,0.277117,0.48506,-0.000478,-0.004852,-0.006208,-0.00161,0.016834,-0.023333,0.534939,0.023403,0.052109,-0.0231,0.426297,-0.738249,0.522741,0.217496,0.644579,0.732948,-0.878046,-0.198759,0.435348,-0.00023,-0.002364,-0.003022,-0.001912,0.016635,-0.023413,0.518976,0.048425,0.043029,-0.051323,0.311584,0.096468,-0.945309,0.438336,0.868068,0.233066,0.843076,-0.486982,0.228191,-0.000202,-0.000664,-0.00077,-0.000142,0.003434,-0.00444,-0.72307
778,0.093584,-0.021544,0.312727,-0.326621,-0.149857,-0.933224,-0.480717,-0.823772,0.300472,-0.813392,0.54694,0.198186,0.014436,-0.003877,-0.003321,0.001172,-0.015291,0.031551,-0.662052,-0.196706,-0.010255,0.276324,-0.51175,0.742184,0.432742,-0.241083,-0.607394,0.756892,0.825225,0.282075,0.489184,-0.000405,-0.004114,-0.005269,0.325277,-0.313079,-0.248721,0.534528,0.023411,0.052066,-0.023156,0.43287,-0.733541,0.523966,0.214987,0.648477,0.730244,-0.875444,-0.203455,0.438408,0.007269,-0.002415,-0.003589,0.357445,-0.355038,-0.275853,0.519466,0.048463,0.042992,-0.051339,0.308526,0.094937,-0.946466,0.439329,0.868302,0.230307,0.843683,-0.486865,0.226185,-0.000253,-0.000832,-0.000964,-0.002285,-0.00812,-0.006009,-0.727968
779,0.093739,-0.021549,0.31267,-0.326191,-0.14963,-0.93341,-0.48077,-0.823902,0.300029,-0.813533,0.546805,0.197977,-1e-06,-3e-06,-3e-06,0.0,0.0,0.0,-0.653449,-0.196605,-0.010589,0.276173,-0.514971,0.739013,0.434347,-0.241716,-0.611209,0.753612,0.823036,0.282166,0.492806,-2.2e-05,-0.016897,0.00067,0.00456,-0.025679,-0.047605,0.531277,0.023461,0.051907,-0.02323,0.437841,-0.729252,0.525819,0.217108,0.653313,0.725289,-0.872443,-0.203402,0.444374,-0.000304,-0.0031,-0.003982,0.002889,-0.009409,-0.041799,0.520119,0.048546,0.042987,-0.05137,0.308097,0.094792,-0.94662,0.439331,0.868396,0.229948,0.843838,-0.486726,0.225905,1.4e-05,4.2e-05,4.8e-05,0.000897,-0.000315,-0.000446,-0.733357
780,0.093967,-0.021622,0.312636,-0.326237,-0.149598,-0.9334,-0.480806,-0.823878,0.300037,-0.813494,0.54685,0.198017,-0.000261,-0.000854,-0.000988,0.0,0.0,0.0,-0.639256,-0.196473,-0.01157,0.27601,-0.520817,0.731898,0.439393,-0.241205,-0.619787,0.746738,0.819504,0.282005,0.498748,-0.000255,-0.036,-0.001562,-0.00606,-0.072881,-0.02721,0.517884,0.023528,0.051441,-0.023296,0.443807,-0.72208,0.530693,0.217803,0.66137,0.717739,-0.86925,-0.202951,0.450792,0.007335,-0.01863,-0.002091,-0.097957,0.5179,-0.840402,0.51914,0.048655,0.042959,-0.051386,0.308144,0.094786,-0.946605,0.439315,0.8684,0.229963,0.843829,-0.486719,0.225952,-0.000197,-0.000649,-0.000754,0.000652,-0.00016,-0.000146,-0.72307
781,0.094101,-0.021666,0.312658,-0.327577,-0.147044,-0.933336,-0.480681,-0.824493,0.298546,-0.813028,0.546613,0.200568,0.000335,0.001095,0.001268,9.4e-05,0.000277,0.000163,-0.636668,-0.196275,-0.012906,0.275683,-0.525476,0.723355,0.447911,-0.238396,-0.630429,0.738688,0.817353,0.280469,0.503124,0.014045,-0.027437,-0.01411,0.044489,-0.152288,0.07325,0.502328,0.023622,0.050768,-0.023458,0.448151,-0.713045,0.53919,0.215981,0.671644,0.708693,-0.867474,-0.201147,0.455002,-0.000324,-0.020053,-0.003504,-0.011107,-0.132544,0.032809,0.502484,0.048726,0.042927,-0.051378,0.309669,0.092261,-0.946356,0.439135,0.868902,0.228405,0.843364,-0.486309,0.228557,0.007463,-0.001137,-0.000739,-0.001019,-0.021281,0.025686,-0.719641
782,0.094171,-0.021663,0.31265,-0.326672,-0.148959,-0.93335,-0.475779,-0.827345,0.298507,-0.816268,0.541763,0.200564,0.014899,-0.002366,-0.001584,5.159167,-1.664415,-1.078864,-0.635323,-0.196148,-0.01344,0.275418,-0.527695,0.718944,0.45238,-0.237216,-0.635989,0.734289,0.816268,0.279261,0.505552,-0.00155,-0.01578,-0.020579,0.415588,-0.369311,-0.372098,0.497571,0.02369,0.050477,-0.023604,0.448709,-0.709564,0.543302,0.214471,0.675673,0.705313,-0.86756,-0.199958,0.455361,-0.000781,-0.007998,-0.010433,0.376008,-0.354406,-0.345498,0.494483,0.048756,0.042932,-0.051377,0.309611,0.092297,-0.946372,0.439121,0.868909,0.228403,0.843393,-0.486289,0.228494,2.4e-05,7.8e-05,8.8e-05,3.3e-05,-0.001053,-0.000627,-0.718661
783,0.094255,-0.021725,0.312664,-0.325975,-0.150946,-0.933275,-0.470926,-0.830055,0.29868,-0.819355,0.537049,0.200657,-0.000401,-0.001316,-0.001523,-0.000318,0.014707,-0.024784,-0.628804,-0.195781,-0.0142,0.274666,-0.545494,0.705113,0.453038,-0.227684,-0.644772,0.729632,0.807248,0.29397,0.511659,0.013549,-0.016385,-0.022561,0.292527,-0.354648,-0.095046,0.498949,0.023873,0.050097,-0.023981,0.467882,-0.696206,0.54441,0.20621,0.68499,0.69876,-0.859396,-0.214674,0.464059,0.006779,-0.008205,-0.011298,0.399334,-0.412003,-0.142436,0.487461,0.048805,0.042903,-0.051368,0.307797,0.096146,-0.946581,0.429066,0.873949,0.228287,0.849213,-0.476411,0.227745,-0.000204,-0.000672,-0.000781,-0.000146,0.015815,-0.024885,-0.714415
784,0.09424,-0.021705,0.312608,-0.32231,-0.166035,-0.931984,-0.435083,-0.848377,0.301549,-0.840347,0.502885,0.202364,0.000824,0.010875,-0.008483,0.173968,-0.059361,-0.020069,-0.628022,-0.195371,-0.014901,0.273707,-0.558203,0.694423,0.454068,-0.227167,-0.654148,0.7214,0.79867,0.298661,0.522293,-0.001326,-0.030682,-0.017812,0.19864,-0.272496,-0.098765,0.507854,0.024074,0.049767,-0.024441,0.481311,-0.6859,0.545785,0.207182,0.694028,0.689493,-0.851713,-0.218784,0.476149,0.006646,-0.009852,-0.013579,0.369353,-0.302809,-0.307589,0.495626,0.048796,0.042906,-0.051397,0.303477,0.111016,-0.946348,0.392697,0.890345,0.230377,0.868153,-0.441542,0.226604,-2.1e-05,-6.6e-05,-7.7e-05,1.561859,-0.477629,-0.399731,-0.710823
785,0.094242,-0.021606,0.312579,-0.325412,-0.172182,-0.929788,-0.417981,-0.855812,0.304713,-0.847791,0.488001,0.207683,0.000406,0.001331,0.001541,1.604421,-0.319619,-0.237248,-0.630338,-0.195146,-0.015315,0.273173,-0.565127,0.68851,0.454506,-0.229815,-0.660369,0.714865,0.793028,0.298668,0.530818,0.013242,-0.020307,-0.028104,0.410488,-0.364683,-0.355299,0.508647,0.024181,0.049557,-0.024703,0.487642,-0.681067,0.546216,0.210307,0.69886,0.683641,-0.847334,-0.218499,0.484027,0.006635,-0.010113,-0.013993,0.531399,-0.609504,-0.294125,0.499218,0.048796,0.042956,-0.051418,0.306914,0.116425,-0.944588,0.379984,0.894964,0.233772,0.87259,-0.430677,0.230437,0.000734,0.006474,-0.003042,0.156129,0.321166,0.234551,-0.709517
786,0.094143,-0.021432,0.312675,-0.344693,-0.183362,-0.920657,-0.406155,-0.855061,0.322304,-0.845894,0.48525,0.221409,0.000935,0.003064,0.003543,0.032327,0.107883,0.037649,-0.676344,-0.194669,-0.016188,0.272121,-0.579691,0.681243,0.447055,-0.238425,-0.666324,0.70647,0.779874,0.302084,0.548091,0.013207,-0.021274,-0.029693,0.293904,-0.339662,-0.11993,0.504259,0.024429,0.049103,-0.025252,0.50449,-0.67406,0.539566,0.220493,0.704777,0.674293,-0.834788,-0.221204,0.504179,0.006616,-0.010657,-0.01488,0.278615,-0.330212,-0.119376,0.499055,0.048747,0.043043,-0.05137,0.325093,0.130457,-0.93664,0.363107,0.8973,0.251007,0.873193,-0.421702,0.244336,0.000573,0.00188,0.002176,0.03342,0.231278,-0.131963,-0.722253
787,0.093856,-0.02127,0.312869,-0.357511,-0.180787,-0.916268,-0.397438,-0.858366,0.324379,-0.844699,0.48035,0.236168,-0.013828,0.005826,0.005572,0.185567,0.661814,0.121122,-0.711292,-0.194263,-0.01694,0.270842,-0.602141,0.675231,0.426005,-0.250178,-0.666165,0.702544,0.758912,0.315601,0.569483,0.013203,-0.021862,-0.030826,0.338612,-0.394345,-0.126126,0.491228,0.024628,0.048738,-0.025868,0.527964,-0.671256,0.520257,0.231835,0.703245,0.672085,-0.81701,-0.234223,0.526909,0.006589,-0.011233,-0.015823,0.588784,-0.574159,-0.278615,0.488114,0.04861,0.043125,-0.051272,0.336499,0.130594,-0.932583,0.354552,0.89989,0.253947,0.872387,-0.416103,0.25651,0.000606,0.001986,0.002297,-0.002022,0.100543,-0.13661,-0.759647
788,0.093644,-0.021052,0.313116,-0.372141,-0.181511,-0.91028,-0.372088,-0.869276,0.325393,-0.84989,0.460018,0.257092,-0.013203,0.00783,0.007869,0.204451,0.687639,0.161848,-0.722032,-0.193874,-0.017493,0.269615,-0.614057,0.672562,0.413018,-0.26068,-0.666636,0.698266,0.745719,0.32026,0.584122,0.01367,-0.017401,-0.025007,0.179228,-0.254958,0.019191,0.462541,0.024815,0.048451,-0.026496,0.541687,-0.669596,0.508149,0.24281,0.703396,0.66804,-0.804747,-0.238485,0.543605,-0.000802,-0.008673,-0.011922,0.256832,-0.306086,-0.064354,0.462151,0.048502,0.043229,-0.051154,0.351136,0.132399,-0.926916,0.328616,0.909553,0.254406,0.876763,-0.393931,0.275869,-0.006707,0.003578,0.003552,0.06564,0.230737,0.011884,-0.772873
789,0.093514,-0.020941,0.313232,-0.383676,-0.181635,-0.905453,-0.358094,-0.874495,0.327105,-0.850758,0.449962,0.271611,0.001377,0.004483,0.00516,0.175221,0.581057,0.137194,-0.745733,-0.193662,-0.017723,0.269174,-0.620419,0.668662,0.409832,-0.259301,-0.667945,0.697529,0.740923,0.325645,0.58724,0.013461,-0.00237,-0.027857,0.113396,-0.172642,0.111359,0.441905,0.024926,0.048324,-0.026732,0.548869,-0.666021,0.505132,0.241621,0.704904,0.66688,-0.800225,-0.243979,0.547825,0.007037,-0.006808,-0.00995,0.050847,-0.148766,0.102448,0.44125,0.048433,0.043292,-0.051088,0.364291,0.131874,-0.9219,0.314037,0.914548,0.254915,0.876739,-0.382374,0.291748,0.000682,0.002223,0.002565,0.181553,0.592702,0.157689,-0.781201
790,0.093064,-0.020761,0.313387,-0.417019,-0.176483,-0.891625,-0.327466,-0.885922,0.328453,-0.847363,0.429162,0.312767,0.000301,0.000977,0.001123,0.475831,0.994201,0.311306,-0.770954,-0.193002,-0.017986,0.268671,-0.639828,0.651783,0.407173,-0.246162,-0.675592,0.69492,0.728811,0.343575,0.59216,0.030305,-0.004079,-0.007892,0.008061,-0.17848,-0.101719,0.356528,0.02525,0.048187,-0.026999,0.569167,-0.650599,0.502761,0.229315,0.71281,0.662809,-0.789596,-0.261959,0.5549,0.007552,-0.001371,-0.002474,-0.146144,-0.422982,-0.316059,0.360258,0.04821,0.043387,-0.051006,0.396702,0.131004,-0.908551,0.283163,0.924031,0.256874,0.873181,-0.35917,0.32947,-0.007267,0.001734,0.001424,0.601705,0.554859,-0.305657,-0.806185
791,0.092637,-0.0207,0.313315,-0.447114,-0.171079,-0.87799,-0.302197,-0.894944,0.328215,-0.841352,0.412283,0.349539,-0.000953,-0.003075,-0.003539,1.689286,0.280634,-0.588725,-0.791375,-0.191743,-0.01806,0.268812,-0.66505,0.63268,0.396757,-0.24238,-0.685257,0.686738,0.70719,0.359749,0.608545,0.046594,0.006608,0.005685,0.410307,-1.140525,-0.422024,0.249723,0.025873,0.048143,-0.026938,0.593986,-0.635401,0.4934,0.226509,0.720601,0.655306,-0.771928,-0.277483,0.571952,0.023583,-0.002751,0.006203,-0.47687,-2.030323,-0.415235,0.232891,0.048003,0.04342,-0.051037,0.428383,0.124534,-0.894974,0.262936,0.930416,0.255322,0.864495,-0.344697,0.36583,-0.007885,-0.000271,-0.000888,0.26748,0.946749,0.065027,-0.820554
792,0.092382,-0.02083,0.313118,-0.46737,-0.177194,-0.866148,-0.272263,-0.903251,0.331635,-0.840537,0.391032,0.374991,-0.001859,-0.00598,-0.006898,0.052325,0.465714,-0.451597,-0.827145,-0.189719,-0.018135,0.269523,-0.694143,0.618422,0.368389,-0.256888,-0.690762,0.675862,0.6733,0.373728,0.637854,0.062832,-0.000212,0.018363,0.759036,-1.480539,0.307844,0.180292,0.02688,0.048117,-0.026576,0.625933,-0.624403,0.467255,0.241762,0.724981,0.644943,-0.741456,-0.290727,0.604746,0.031465,0.000558,0.010078,0.308719,-2.37488,1.823028,0.106014,0.04787,0.043356,-0.051135,0.448806,0.133711,-0.883568,0.227048,0.939234,0.257464,0.864303,-0.316164,0.391175,-0.000926,-0.002992,-0.003444,0.010214,0.287928,-0.323201,-0.850436
793,0.092363,-0.020962,0.312952,-0.481069,-0.178057,-0.858437,-0.266823,-0.902978,0.336762,-0.834519,0.391272,0.387957,-0.002058,-0.006615,-0.007642,0.100911,0.464907,-0.221346,-0.845047,-0.188387,-0.018169,0.269934,-0.708711,0.613008,0.3492,-0.268817,-0.692142,0.669784,0.653161,0.380037,0.654841,0.062831,0.000595,0.019301,0.907004,-1.030479,-0.324471,0.162443,0.027517,0.048103,-0.026372,0.641806,-0.621893,0.448702,0.254061,0.724499,0.640743,-0.723558,-0.297235,0.622987,0.031443,0.000669,0.010131,0.566603,-0.961902,0.016208,0.069111,0.047855,0.043288,-0.051213,0.461534,0.136698,-0.876526,0.221992,0.938824,0.263303,0.858897,-0.316105,0.402953,-0.000998,-0.003219,-0.003713,0.159515,0.591119,-0.143731,-0.860071
794,0.092304,-0.021104,0.312661,-0.505325,-0.191806,-0.84137,-0.24948,-0.900889,0.355149,-0.825477,0.389604,0.408441,-0.001522,-0.004888,-0.005661,0.03299,0.303272,-0.316484,-0.953559,-0.185752,-0.018069,0.270748,-0.750695,0.600587,0.275215,-0.298624,-0.679937,0.669659,0.590254,0.419762,0.689393,0.078208,0.003917,0.022197,0.524749,-1.620145,0.862011,0.094935,0.028858,0.048152,-0.025958,0.691688,-0.61538,0.377987,0.283286,0.712629,0.641801,-0.664316,-0.336847,0.667246,0.031455,0.00202,0.011784,0.506806,-3.374385,2.316889,-0.004207,0.047828,0.043212,-0.051372,0.48585,0.152811,-0.860579,0.204783,0.93729,0.282045,0.849713,-0.313264,0.42409,-0.000682,-0.002207,-0.00255,0.016469,0.364702,-0.469272,-0.916242
795,0.092142,-0.021248,0.312485,-0.519147,-0.204655,-0.829848,-0.235315,-0.899173,0.368899,-0.821033,0.387039,0.419681,-0.001243,-0.003983,-0.004621,0.002246,0.127861,-0.188952,-0.996534,-0.183018,-0.01764,0.271706,-0.793713,0.573338,0.203213,-0.318144,-0.675855,0.664785,0.519483,0.462269,0.718546,0.078253,0.009031,0.028648,0.51847,-1.628982,1.043388,-0.026583,0.030202,0.048355,-0.025492,0.740804,-0.595261,0.311243,0.30074,0.708236,0.638714,-0.600636,-0.379559,0.703683,0.031157,0.01069,0.011721,0.281657,-0.991059,0.691037,-0.128471,0.047747,0.043139,-0.05146,0.499034,0.167393,-0.85026,0.190888,0.935832,0.296276,0.845296,-0.310157,0.435059,-0.00051,-0.001643,-0.001902,-0.015892,0.189752,-0.348517,-0.975843
796,0.092077,-0.021311,0.312425,-0.524399,-0.205873,-0.826237,-0.232554,-0.898823,0.371494,-0.818474,0.387206,0.424498,-0.001019,-0.003262,-0.003788,0.042818,0.194528,-0.116344,-0.997301,-0.181942,-0.017248,0.272158,-0.812854,0.55465,0.177826,-0.319086,-0.679289,0.660821,0.48834,0.479704,0.728884,0.046912,0.021346,0.024649,0.596524,-1.173402,0.530642,-0.088543,0.030775,0.048556,-0.025254,0.763918,-0.580058,0.282773,0.303875,0.709922,0.63535,-0.569287,-0.399428,0.718588,0.031092,0.010971,0.011985,0.529455,-1.450215,0.257995,-0.205707,0.047715,0.043107,-0.051491,0.504143,0.16932,-0.846859,0.188157,0.935501,0.299055,0.842874,-0.310109,0.439767,-0.000581,-0.001866,-0.002165,0.047928,0.222432,-0.133086,-0.985804
797,0.09189,-0.021572,0.312208,-0.533857,-0.200124,-0.821579,-0.229611,-0.900788,0.368553,-0.813165,0.385643,0.435968,-0.002199,-0.007026,-0.00818,0.18114,0.37865,0.189004,-1.024864,-0.180236,-0.016363,0.273086,-0.843423,0.51219,0.162144,-0.297764,-0.696697,0.652598,0.448279,0.501483,0.739882,0.046632,0.020759,0.0235,0.081685,-0.945968,-1.420876,-0.182024,0.031628,0.049004,-0.024782,0.797883,-0.541178,0.265532,0.285694,0.727361,0.623958,-0.53081,-0.421984,0.734961,0.015519,0.009832,0.012022,-0.233154,-2.215624,-5.457953,-0.315112,0.047625,0.042991,-0.051592,0.513139,0.165527,-0.842192,0.185116,0.936791,0.296909,0.838104,-0.308259,0.450062,-0.008531,-0.002247,-0.003221,0.342077,0.68145,0.323732,-0.996581
798,0.091539,-0.021915,0.311915,-0.545931,-0.186054,-0.816938,-0.227619,-0.905437,0.358254,-0.805666,0.381759,0.452978,-0.002839,-0.009032,-0.010556,0.240922,0.511958,0.233732,-1.05584,-0.179213,-0.015952,0.273971,-0.865112,0.475419,0.159839,-0.269357,-0.709004,0.651685,0.424237,0.520121,0.741188,0.015787,0.013549,0.016539,-0.248976,-1.227068,-1.014294,-0.26834,0.032152,0.049221,-0.024326,0.821772,-0.505533,0.262916,0.257814,0.741346,0.619627,-0.508154,-0.441409,0.739551,0.00822,0.001181,0.012476,-0.91624,-3.7575,-3.856851,-0.406555,0.047448,0.042813,-0.051738,0.526361,0.152118,-0.836542,0.18268,0.940656,0.285994,0.830404,-0.303356,0.467336,-0.008706,-0.002763,-0.003839,0.343419,0.801666,0.165069,-1.020095
799,0.091434,-0.022032,0.311694,-0.552974,-0.178275,-0.81393,-0.22616,-0.908065,0.352479,-0.801257,0.379207,0.462835,-0.002784,-0.008843,-0.010355,0.291883,0.703378,0.14901,-1.056631,-0.178918,-0.015864,0.274403,-0.876544,0.455823,0.154557,-0.255762,-0.712944,0.652863,0.408882,0.532152,0.741278,0.016514,0.00164,0.023544,-0.894593,-3.689707,-4.055696,-0.338624,0.032299,0.049266,-0.024117,0.832516,-0.490739,0.25708,0.247577,0.74469,0.619792,-0.495602,-0.45234,0.741462,0.000256,0.006131,0.00807,-0.029402,-0.178705,-0.007566,-0.460441,0.047395,0.042752,-0.05185,0.533377,0.145342,-0.833297,0.18116,0.942641,0.280371,0.82625,-0.300503,0.476452,-0.001453,-0.004642,-0.005431,0.298258,0.630846,0.340561,-1.022218
800,0.091362,-0.022396,0.311223,-0.562821,-0.169614,-0.809017,-0.223616,-0.910994,0.346494,-0.795084,0.376129,0.47581,-0.003247,-0.010299,-0.012113,0.089447,0.207331,0.054924,-1.056942,-0.178527,-0.015449,0.275102,-0.899659,0.415656,0.133547,-0.233743,-0.716722,0.656968,0.369921,0.559301,0.741758,0.00055,0.013208,0.017353,-0.032084,-0.244964,0.180531,-0.461787,0.0325,0.049465,-0.023771,0.862251,-0.448576,0.235161,0.22151,0.751539,0.621385,-0.455472,-0.4837,0.747381,0.007852,0.006709,0.008067,-0.123191,-0.801953,0.573409,-0.583398,0.047359,0.042572,-0.052084,0.54494,0.136302,-0.827321,0.178265,0.945306,0.273159,0.819305,-0.296338,0.490838,-0.001953,-0.010289,-0.001464,0.050244,0.209266,0.06468,-1.026627
801,0.091607,-0.022749,0.310756,-0.568557,-0.164258,-0.806107,-0.222164,-0.912809,0.342629,-0.791398,0.374091,0.483499,0.012203,-0.0112,-0.011962,0.012093,0.038168,-0.006224,-1.055135,-0.178585,-0.014973,0.275768,-0.918922,0.379724,0.106689,-0.219601,-0.716995,0.661534,0.328853,0.583983,0.74208,0.000464,0.011179,0.014598,-0.10173,-0.654002,0.546274,-0.587116,0.032477,0.049703,-0.02344,0.884922,-0.415646,0.210119,0.20581,0.753703,0.624158,-0.417797,-0.509087,0.752512,0.000228,0.005619,0.007321,-0.047274,-0.351407,-0.330393,-0.70309,0.04747,0.042397,-0.052317,0.551032,0.131437,-0.824067,0.176741,0.946732,0.269184,0.815552,-0.293975,0.49845,0.006299,-0.004987,-0.005258,-0.014482,-0.018151,-0.003772,-1.034955
802,0.092095,-0.022953,0.310241,-0.572423,-0.157137,-0.804788,-0.221872,-0.91518,0.336437,-0.788685,0.371335,0.490012,0.012948,-0.008891,-0.00927,0.204476,0.401051,0.240659,-1.047099,-0.178904,-0.01465,0.276374,-0.933641,0.348073,0.084559,-0.207396,-0.717503,0.664914,0.293287,0.602806,0.741937,0.000449,0.010645,0.013829,-0.00202,-0.041903,0.028549,-0.802264,0.032317,0.049863,-0.023139,0.903524,-0.386901,0.184258,0.19501,0.754083,0.627158,-0.381594,-0.530721,0.756782,0.000223,0.005366,0.006961,-0.041992,-0.299107,0.085743,-0.877158,0.047713,0.042286,-0.052576,0.553482,0.12688,-0.823139,0.176507,0.948008,0.264811,0.813942,-0.291858,0.50231,0.00635,-0.00486,-0.005133,-0.011985,-0.020141,-0.006208,-1.033158
803,0.092328,-0.023078,0.31002,-0.572047,-0.156742,-0.805134,-0.222057,-0.915332,0.335901,-0.788907,0.371126,0.489814,0.012843,-0.009254,-0.009716,0.004082,0.00696,0.008872,-1.038784,-0.17909,-0.014389,0.276662,-0.94033,0.331902,0.074908,-0.200602,-0.718328,0.666106,0.276076,0.610906,0.741916,-0.014588,0.012003,0.016953,-0.221028,-1.72989,-0.656877,-0.888129,0.032224,0.049993,-0.022995,0.911009,-0.373407,0.175008,0.188957,0.755186,0.627684,-0.366546,-0.538758,0.75854,0.000196,0.006057,0.008045,-0.756582,-5.71844,-2.217659,-0.952762,0.04784,0.042223,-0.052695,0.554749,0.124439,-0.822658,0.176461,0.948661,0.262493,0.813089,-0.290784,0.50431,0.006442,-0.004585,-0.004816,-0.010683,-0.017591,-0.0047,-1.031036
804,0.092843,-0.023363,0.309648,-0.57091,-0.155509,-0.806179,-0.222907,-0.915668,0.334419,-0.789491,0.370814,0.489108,0.014453,0.004049,-0.015344,0.035251,-0.017712,0.020738,-1.032625,-0.179428,-0.013897,0.2774,-0.949297,0.3081,0.062463,-0.190366,-0.721195,0.666012,0.251444,0.619955,0.743166,-0.014506,0.013115,0.018268,0.002788,-0.024485,0.020858,-1.014394,0.032055,0.050235,-0.022632,0.92303,-0.34953,0.160759,0.17822,0.75878,0.626489,-0.340958,-0.549618,0.76267,0.000657,0.000789,0.012213,-0.05707,-0.068698,0.075394,-0.948026,0.048086,0.042078,-0.052875,0.553615,0.123397,-0.823579,0.177228,0.948847,0.2613,0.813695,-0.290622,0.503427,0.006816,-0.003413,-0.003438,0.000894,-0.000717,0.004102,-1.022871
805,0.093017,-0.023301,0.309448,-0.571029,-0.156346,-0.805932,-0.217318,-0.917897,0.331978,-0.79096,0.364902,0.491177,-0.000202,-0.000652,-0.000775,0.009139,0.018133,0.010685,-1.005778,-0.179286,-0.013772,0.278188,-0.952007,0.300716,0.056949,-0.188342,-0.721952,0.665767,0.242523,0.622701,0.743834,0.001231,-0.000479,0.021709,0.006476,-0.047936,0.010207,-1.014142,0.032121,0.050311,-0.022228,0.926502,-0.3429,0.154956,0.176462,0.759652,0.62593,-0.332345,-0.552582,0.764328,0.000591,-0.000596,0.010394,-0.025774,0.088006,-0.179213,-0.949333,0.048184,0.042108,-0.052985,0.553761,0.123953,-0.823397,0.171471,0.950688,0.258435,0.814828,-0.2843,0.505199,0.000366,0.005262,-0.004455,0.028675,-0.023034,0.014061,-1.014053
806,0.092944,-0.023221,0.309408,-0.57093,-0.156322,-0.806007,-0.217195,-0.917982,0.331822,-0.791066,0.364697,0.491159,-0.014954,0.002524,0.001748,-0.000851,0.01498,-0.029397,-0.970587,-0.179205,-0.013784,0.278618,-0.955926,0.289593,0.048312,-0.184909,-0.721317,0.667417,0.229334,0.628693,0.742976,0.00125,3.7e-05,0.022332,-0.088594,-0.519416,-0.197601,-1.057507,0.032161,0.050302,-0.022016,0.931507,-0.333087,0.1461,0.173047,0.759165,0.627472,-0.319917,-0.559213,0.764809,0.000628,0.000427,0.011696,-0.221244,-1.811108,-0.605917,-0.957334,0.048153,0.042148,-0.053004,0.553501,0.124061,-0.823555,0.171404,0.950706,0.258414,0.815018,-0.284194,0.504953,3.5e-05,0.000109,0.000129,-0.003281,-0.005699,-0.003204,-0.997725
807,0.092763,-0.023259,0.309413,-0.568293,-0.157358,-0.807667,-0.218293,-0.91755,0.332296,-0.792663,0.365341,0.488097,-0.000606,-0.001945,-0.002315,-0.00475,-0.009472,-0.005584,-0.928766,-0.178887,-0.01369,0.279513,-0.963938,0.263843,0.034654,-0.174587,-0.724924,0.666287,0.202134,0.635868,0.744766,0.001272,0.000857,0.023286,-0.02674,-0.009336,0.002249,-1.203727,0.03232,0.050349,-0.02156,0.942196,-0.308331,0.131135,0.162792,0.763338,0.62515,-0.292854,-0.567667,0.769408,0.00063,0.000482,0.0117,-0.05471,0.004611,0.000516,-0.963702,0.048059,0.042136,-0.052994,0.550602,0.12508,-0.825343,0.172564,0.950299,0.259137,0.816736,-0.285106,0.501653,-0.008275,-0.005399,0.003661,-0.026257,0.059748,-0.06416,-0.962127
808,0.092671,-0.023505,0.309183,-0.563762,-0.170067,-0.808266,-0.197123,-0.922599,0.33155,-0.801394,0.34645,0.487613,-0.002498,-0.008009,-0.009556,0.404397,-0.252204,-0.096589,-0.848477,-0.178301,-0.013512,0.280169,-0.964961,0.260622,0.030289,-0.175643,-0.72702,0.663721,0.19622,0.634808,0.747248,0.015385,0.00936,0.010427,0.018905,-0.041457,0.044829,-1.210238,0.032613,0.050443,-0.021226,0.943713,-0.305535,0.126695,0.164171,0.765207,0.622499,-0.287143,-0.566661,0.772296,0.007678,0.004541,0.005026,-0.013046,-0.031266,0.046059,-0.951455,0.048015,0.042022,-0.053098,0.545709,0.13713,-0.826678,0.151461,0.954129,0.258255,0.824172,-0.266142,0.499907,-0.001355,-0.004343,-0.005179,1.351522,-0.551614,-0.839554,-0.916732
809,0.092641,-0.023899,0.308703,-0.560306,-0.175594,-0.809487,-0.186574,-0.92541,0.329816,-0.806329,0.33604,0.486763,-0.003069,-0.009828,-0.011781,-0.000403,0.014793,-0.024731,-0.827057,-0.177622,-0.013209,0.280554,-0.96508,0.26075,0.024942,-0.178965,-0.725503,0.664493,0.192581,0.636487,0.746766,0.015292,0.007797,0.008406,-0.011367,0.065508,-0.095056,-1.211485,0.032941,0.050592,-0.021044,0.944199,-0.306189,0.121386,0.167357,0.763407,0.623859,-0.283686,-0.568733,0.772052,0.015151,0.00403,0.003653,-0.041574,-0.129793,0.098307,-0.955211,0.048,0.041825,-0.053338,0.541758,0.142543,-0.828359,0.140315,0.956348,0.256336,0.828739,-0.255103,0.498109,-0.009209,-0.004257,-0.00574,-0.002376,0.045569,-0.079039,-0.874114
810,0.092494,-0.024074,0.308501,-0.559779,-0.179495,-0.808995,-0.180677,-0.926341,0.330484,-0.808034,0.331383,0.487127,-0.017816,-0.006488,-0.009086,-0.001387,0.029507,-0.054284,-0.827693,-0.177322,-0.013098,0.280733,-0.965207,0.260726,0.019747,-0.182087,-0.724032,0.665249,0.188964,0.63817,0.746254,0.015278,0.007794,0.008382,-0.115597,-0.530195,0.438793,-1.218669,0.033097,0.050645,-0.020951,0.944633,-0.30655,0.117022,0.169888,0.762039,0.624847,-0.280722,-0.570371,0.771926,0.008023,-0.001994,0.007807,-0.388009,-2.051789,1.863624,-0.95913,0.04793,0.041729,-0.053449,0.541034,0.146442,-0.828152,0.134379,0.957017,0.25702,0.830195,-0.250343,0.4981,-0.001468,-0.00472,-0.005665,-0.000988,0.01555,-0.024364,-0.870358
811,0.092173,-0.024274,0.30816,-0.558944,-0.183166,-0.80875,-0.174842,-0.927348,0.330797,-0.809893,0.326524,0.487322,-0.001589,-0.005059,-0.006098,0.0,-0.0,-0.0,-0.82391,-0.176923,-0.01291,0.28113,-0.96839,0.249411,0.002345,-0.184337,-0.721542,0.667331,0.169356,0.645481,0.744671,0.015217,0.006658,0.006924,0.000943,-0.048199,0.067645,-1.363892,0.033296,0.050737,-0.020754,0.94985,-0.296803,0.098442,0.172261,0.759384,0.627423,-0.260977,-0.579001,0.77243,0.007991,-0.002757,0.006828,-0.080802,-0.080055,0.022293,-0.969254,0.047762,0.041622,-0.053628,0.540034,0.150103,-0.828148,0.128489,0.95773,0.257378,0.831776,-0.245401,0.49792,-0.000886,-0.002837,-0.003414,-0.000949,0.015266,-0.024333,-0.865949
812,0.092032,-0.02434,0.308054,-0.558507,-0.182716,-0.809154,-0.175166,-0.927473,0.330275,-0.810125,0.326419,0.487007,-0.000209,-0.000664,-0.000801,-0.0,-0.0,-0.0,-0.791616,-0.176715,-0.012903,0.281649,-0.971621,0.236395,-0.007851,-0.181307,-0.722561,0.667058,0.153245,0.649244,0.74489,0.001105,-0.002186,0.019231,-0.039177,-1.303836,-1.072205,-1.40388,0.033405,0.050739,-0.020505,0.95405,-0.286474,0.08786,0.1706,0.760359,0.626697,-0.246338,-0.582912,0.774293,0.000392,-0.000868,0.010084,-0.131395,-4.40206,-3.488575,-0.961743,0.04769,0.041585,-0.053685,0.539624,0.149587,-0.82851,0.128824,0.957828,0.256842,0.831991,-0.24533,0.497597,-5.2e-05,-0.000175,-0.000209,-0.000426,0.00013,0.000261,-0.856152
813,0.092059,-0.02439,0.308062,-0.557117,-0.185646,-0.809444,-0.170023,-0.928556,0.329921,-0.812174,0.321654,0.486763,-0.001019,-0.011446,0.007796,-0.034661,0.017817,-0.015902,-0.772505,-0.17673,-0.012856,0.282056,-0.973349,0.228858,-0.014363,-0.180077,-0.72356,0.666309,0.143329,0.65084,0.745471,0.000401,0.012143,0.015119,0.016465,-0.041382,0.040493,-1.404307,0.033398,0.050755,-0.020312,0.957249,-0.27778,0.080691,0.168304,0.76173,0.625651,-0.235258,-0.585324,0.775918,0.000582,-3.1e-05,0.010918,-0.050186,0.000232,-0.010129,-0.962232,0.047705,0.041568,-0.053681,0.538057,0.152413,-0.829013,0.123602,0.958618,0.256463,0.833796,-0.24046,0.496953,0.007447,-0.001461,-0.001104,0.000718,-0.013814,0.029908,-0.841455
814,0.092239,-0.024378,0.308075,-0.5548,-0.183418,-0.811541,-0.171177,-0.929374,0.327007,-0.813519,0.320564,0.485235,0.000393,0.00125,0.001508,1.3e-05,-3.1e-05,4.3e-05,-0.747915,-0.176979,-0.012666,0.282795,-0.977613,0.20777,-0.033116,-0.176843,-0.725548,0.665011,0.11538,0.655709,0.746054,0.000391,0.011628,0.0144,-0.049156,-0.783361,0.450592,-1.40457,0.033274,0.050856,-0.019927,0.964013,-0.258576,0.061783,0.164918,0.763912,0.62389,-0.20852,-0.591249,0.779065,-0.006907,-0.000472,0.011043,-0.352555,-2.40361,1.375471,-0.949986,0.047795,0.04157,-0.05367,0.535829,0.149875,-0.830917,0.124724,0.959272,0.253457,0.835063,-0.239445,0.495313,0.007749,-0.000492,6e-05,-0.000551,-0.025877,0.05003,-0.817125
815,0.092621,-0.024397,0.308052,-0.555877,-0.180642,-0.811427,-0.171471,-0.930203,0.324488,-0.812721,0.319731,0.487118,0.015129,-0.00215,-0.001292,0.040051,0.063709,0.075791,-0.745848,-0.177551,-0.012528,0.283579,-0.982215,0.18052,-0.051542,-0.16886,-0.728633,0.663713,0.083503,0.660376,0.746186,-0.028716,-0.000531,0.023891,0.441323,-0.617286,-0.649548,-1.404848,0.032999,0.050929,-0.019538,0.971094,-0.235089,0.041329,0.158724,0.765312,0.623782,-0.178274,-0.599191,0.780505,-0.006884,0.000447,0.012148,0.039953,-1.171442,-1.201402,-0.949169,0.047976,0.041566,-0.053676,0.537153,0.14722,-0.830537,0.124864,0.959923,0.25091,0.834191,-0.238481,0.497243,8.7e-05,0.000285,0.00034,0.054419,0.110562,0.065348,-0.807328
816,0.093006,-0.024417,0.307962,-0.557007,-0.174456,-0.812006,-0.172056,-0.932248,0.318248,-0.811823,0.317188,0.490268,0.015748,0.008064,-0.010583,0.113418,0.123291,0.138031,-0.744547,-0.178359,-0.012333,0.284565,-0.984648,0.156924,-0.07638,-0.16793,-0.731167,0.661157,0.049153,0.663626,0.746356,-0.028524,0.003137,0.028241,-0.225014,-2.195709,1.649193,-1.405282,0.032584,0.051024,-0.01904,0.977203,-0.211722,0.015697,0.156791,0.769563,0.619021,-0.143141,-0.602449,0.785216,-0.014265,0.001698,0.014287,-0.228326,-2.185298,1.639077,-0.949659,0.04818,0.041555,-0.053721,0.538562,0.140989,-0.830705,0.125297,0.961538,0.244427,0.833217,-0.235724,0.500182,0.007863,0.003996,-0.00534,0.112837,0.130672,0.135384,-0.804552
817,0.093228,-0.024357,0.307875,-0.558444,-0.172196,-0.811501,-0.171818,-0.933005,0.316152,-0.810885,0.316192,0.492459,0.015115,-0.002177,-0.001338,0.087143,0.26654,-0.035372,-0.745082,-0.178737,-0.012394,0.285243,-0.985241,0.14931,-0.083653,-0.167345,-0.73598,0.655945,0.037621,0.660065,0.750174,-0.012738,-0.006262,0.036974,0.342842,-0.983001,0.255993,-1.405016,0.0324,0.050995,-0.018715,0.978517,-0.205997,0.008271,0.157566,0.773132,0.614361,-0.132952,-0.599859,0.788981,-0.006397,-0.003462,0.0181,0.300709,-2.514123,1.420684,-0.944597,0.048285,0.041585,-0.053766,0.539841,0.139049,-0.830202,0.125096,0.962058,0.242477,0.832419,-0.234754,0.501964,0.000508,0.005735,-0.003889,0.163962,0.23556,0.16296,-0.804062
