frame,MLTx,MLTy,MLTz,MLTR1,MLTR2,MLTR3,MLTR4,MLTR5,MLTR6,MLTR7,MLTR8,MLTR9,MLTTVx,MLTTVy,MLTTVz,MLTRVx,MLTRVy,MLTRVz,MLGA,MRTx,MRTy,MRTz,MRTR1,MRTR2,MRTR3,MRTR4,MRTR5,MRTR6,MRTR7,MRTR8,MRTR9,MRTTVx,MRTTVy,MRTTVz,MRTRVx,MRTRVy,MRTRVz,MRGA,SLTx,SLTy,SLTz,SLTR1,SLTR2,SLTR3,SLTR4,SLTR5,SLTR6,SLTR7,SLTR8,SLTR9,SLTTVx,SLTTVy,SLTTVz,SLTRVx,SLTRVy,SLTRVz,SLGA,SRTx,SRTy,SRTz,SRTR1,SRTR2,SRTR3,SRTR4,SRTR5,SRTR6,SRTR7,SRTR8,SRTR9,SRTTVx,SRTTVy,SRTTVz,SRTRVx,SRTRVy,SRTRVz,SRGA
1,0.145934,0.028054,0.377745,-0.806547,0.29841,-0.510371,-0.484777,-0.827946,0.281903,-0.337438,0.474409,0.81308,-8.1e-05,-0.000636,-0.00037,0.0,0.0,0.0,-0.338651,-0.196576,0.040582,0.395942,0.548434,0.677272,0.490423,-0.804088,0.587991,0.087422,-0.229828,-0.443142,0.86641,0.000947,-0.003575,0.012259,-0.034429,-0.001746,0.007769,0.259402,-0.008306,0.035966,0.014684,-0.482563,-0.715495,0.505172,0.806825,-0.58758,-0.061498,0.340831,0.377909,0.860824,0.000448,-0.001989,0.006038,-0.038653,0.002745,0.010544,0.166759,0.111011,0.035654,-0.05243,-0.702336,0.482861,-0.523037,-0.657154,-0.722244,0.215662,-0.273626,0.495183,0.824573,-4.7e-05,-0.00037,-0.000216,0.005322,-0.093747,0.175337,-0.462785
2,0.146,0.027987,0.377693,-0.805835,0.299026,-0.511136,-0.485621,-0.827654,0.281308,-0.337927,0.474529,0.812807,-0.000185,-0.001455,-0.000846,0.0,0.0,0.0,-0.338667,-0.196809,0.040242,0.396535,0.549586,0.675812,0.491147,-0.802121,0.591106,0.084441,-0.233927,-0.441219,0.866295,0.001357,-0.015281,0.020757,-0.070047,0.008541,-0.01064,0.257397,-0.008423,0.035799,0.014971,-0.483606,-0.714138,0.506093,0.804451,-0.590501,-0.064538,0.344938,0.375917,0.86006,-0.005463,-0.002799,0.006083,-0.047802,0.035033,-0.041129,0.171004,0.111045,0.035622,-0.052455,-0.701476,0.483353,-0.523737,-0.65789,-0.721757,0.215052,-0.274065,0.495415,0.824288,0.006104,-0.001406,-0.000984,0.006321,-0.10847,0.204901,-0.462458
3,0.14602,0.027949,0.377625,-0.805251,0.29952,-0.511766,-0.486276,-0.827456,0.280756,-0.338374,0.474562,0.812602,-0.000199,-0.001568,-0.000913,0.0,0.0,0.0,-0.33947,-0.19703,0.03997,0.396949,0.547934,0.677898,0.490116,-0.803426,0.58953,0.083037,-0.233319,-0.440126,0.867015,0.000107,0.001595,0.000739,0.003436,-0.004582,-0.002516,0.256238,-0.008533,0.03566,0.015187,-0.482101,-0.716186,0.504633,0.805594,-0.58878,-0.065985,0.344376,0.374718,0.860808,-0.005557,-0.004221,0.005428,-0.049087,0.040243,-0.040059,0.170188,0.111055,0.035603,-0.052489,-0.700773,0.483745,-0.524316,-0.658463,-0.721401,0.214487,-0.274485,0.49555,0.824067,-1.2e-05,0.004373,-0.004959,0.03549,-0.013884,0.017906,-0.462458
4,0.146017,0.027935,0.377605,-0.805015,0.29972,-0.512019,-0.486546,-0.827368,0.280547,-0.338546,0.474588,0.812514,-0.000101,-0.000798,-0.000465,0.005301,-0.093775,0.175318,-0.3393,-0.197136,0.039834,0.397092,0.55101,0.676474,0.488632,-0.800608,0.593598,0.081255,-0.23576,-0.436829,0.868021,-0.011205,-0.009984,0.010139,0.098506,-0.046913,0.035516,0.249257,-0.008582,0.035596,0.015255,-0.485282,-0.714666,0.503739,0.802611,-0.592657,-0.067611,0.346864,0.371497,0.861205,0.000231,-0.005314,0.004505,0.283097,-0.041993,0.364414,0.167248,0.111053,0.035593,-0.0525,-0.700595,0.483843,-0.524462,-0.658608,-0.721312,0.214345,-0.274591,0.495584,0.824011,-5.5e-05,-0.000442,-0.000257,8e-06,1.1e-05,-1e-05,-0.462784
5,0.146015,0.02792,0.377585,-0.806163,0.299635,-0.510261,-0.486111,-0.827045,0.282247,-0.336439,0.475204,0.81303,-8e-06,-6.3e-05,-3.7e-05,-0.0,0.0,-0.0,-0.339411,-0.197359,0.039668,0.397241,0.550315,0.676733,0.489057,-0.801154,0.592842,0.081394,-0.235526,-0.437456,0.867769,-0.011705,0.000326,0.000988,-0.002031,0.015187,-0.029255,0.2306,-0.008693,0.035505,0.015331,-0.484633,-0.714837,0.50412,0.803106,-0.592011,-0.067404,0.346627,0.372196,0.860998,-7e-06,-4.4e-05,-1.6e-05,-0.001382,0.001685,0.000798,0.151572,0.111052,0.035586,-0.052511,-0.701717,0.483974,-0.522838,-0.658291,-0.721105,0.216009,-0.272479,0.495757,0.824608,3e-06,1.5e-05,9e-06,0.000357,-0.00048,0.000343,-0.462948
6,0.146007,0.027936,0.377595,-0.805888,0.29987,-0.510556,-0.486438,-0.826928,0.282028,-0.336623,0.475259,0.812921,5e-06,3.7e-05,2.2e-05,0.0,0.0,0.0,-0.339539,-0.197584,0.039612,0.397316,0.557121,0.672126,0.487703,-0.794867,0.601532,0.079241,-0.240792,-0.432654,0.86873,-3.5e-05,-0.000508,-0.000235,0.002377,-0.002301,-0.000262,0.206095,-0.00881,0.035478,0.015369,-0.491517,-0.710262,0.503922,0.796563,-0.600547,-0.069498,0.351991,0.367247,0.860947,-0.005879,-0.000183,0.000338,-0.009342,0.025154,-0.01999,0.124793,0.111048,0.035595,-0.052505,-0.701384,0.484161,-0.523113,-0.658577,-0.720912,0.215779,-0.272647,0.495854,0.824494,3e-06,2.6e-05,1.6e-05,2.1e-05,-5e-06,2e-06,-0.463111
7,0.146007,0.027936,0.377595,-0.805625,0.300096,-0.510838,-0.486752,-0.826815,0.281817,-0.336799,0.475313,0.812817,0.0,1e-06,0.0,0.0,0.0,0.0,-0.340069,-0.197672,0.039591,0.397323,0.559279,0.668835,0.489753,-0.791761,0.605912,0.076928,-0.245982,-0.431636,0.867782,-0.011783,-0.000782,0.000476,-0.002014,0.015171,-0.029256,0.192394,-0.00885,0.035468,0.015372,-0.493404,-0.707055,0.506581,0.793155,-0.604794,-0.071612,0.357011,0.366464,0.859212,-5.4e-05,-0.000748,-0.000344,-0.003358,-0.00134,0.001421,0.108301,0.111048,0.035595,-0.052505,-0.701066,0.484341,-0.523372,-0.65885,-0.720728,0.215563,-0.272803,0.495948,0.824386,0.0,1e-06,0.0,1.3e-05,2e-06,-5e-06,-0.463111
8,0.145995,0.027914,0.377582,-0.804888,0.300727,-0.511629,-0.487629,-0.8265,0.281225,-0.337293,0.475462,0.812525,-3.5e-05,-0.000274,-0.000159,0.0,0.0,0.0,-0.341336,-0.197844,0.039509,0.397307,0.556893,0.669094,0.492112,-0.79258,0.605164,0.074345,-0.248748,-0.432286,0.86667,-0.000162,-0.002327,-0.001079,0.0,-0.0,-0.0,0.161623,-0.008936,0.035428,0.015365,-0.490856,-0.707419,0.508545,0.793576,-0.603936,-0.074142,0.359578,0.367176,0.857836,-0.000115,-0.001644,-0.000759,-0.003918,0.010841,-0.025023,0.070744,0.111042,0.035584,-0.052511,-0.700283,0.484783,-0.524011,-0.659523,-0.720271,0.215029,-0.273188,0.496179,0.82412,-2.4e-05,-0.000191,-0.00011,2.3e-05,1.1e-05,4e-06,-0.463438
9,0.146014,0.02792,0.377574,-0.804321,0.301211,-0.512236,-0.488293,-0.82627,0.28075,-0.337685,0.475555,0.812307,0.000216,0.010663,-0.008804,0.035473,-0.013882,0.017902,-0.343199,-0.197948,0.039369,0.39728,0.560616,0.661137,0.498599,-0.783977,0.617546,0.062861,-0.267035,-0.426965,0.863862,-0.000204,-0.002913,-0.001352,0.063292,-0.011782,-0.234002,0.120495,-0.008992,0.035357,0.015352,-0.493632,-0.699901,0.516203,0.783509,-0.615499,-0.085284,0.377413,0.362351,0.852208,-0.000144,-0.002035,-0.000943,0.126009,-0.143748,-0.121617,0.022736,0.111051,0.035583,-0.052512,-0.699506,0.485222,-0.524642,-0.66019,-0.719818,0.214498,-0.273568,0.496407,0.823856,0.00622,-0.000507,-0.00046,0.006307,-0.108484,0.204878,-0.463928
10,0.146033,0.027927,0.377566,-0.803753,0.301694,-0.512843,-0.488956,-0.826039,0.280273,-0.338076,0.475649,0.81209,-1.2e-05,-9.5e-05,-5.5e-05,0.0,0.0,0.0,-0.343843,-0.197944,0.039281,0.39726,0.564305,0.653964,0.503868,-0.775709,0.628822,0.05284,-0.282979,-0.421499,0.861466,-3e-05,-0.000434,-0.000202,0.641069,0.394209,-0.413424,0.087249,-0.008991,0.035307,0.015339,-0.49701,-0.693034,0.52219,0.774098,-0.626034,-0.094081,0.392111,0.357468,0.847623,-1.2e-05,-0.00015,-6.9e-05,1.903871,1.697534,-1.392746,-0.027557,0.111061,0.035591,-0.052519,-0.698811,0.485611,-0.525209,-0.66077,-0.71944,0.213982,-0.273945,0.496575,0.823629,-8e-06,-5.6e-05,-3.4e-05,0.005308,-0.093793,0.175308,-0.465071
11,0.14603,0.027904,0.377553,-0.803439,0.301962,-0.513178,-0.489328,-0.825904,0.280021,-0.338285,0.475712,0.811966,-0.000228,-0.001792,-0.001043,-0.000768,0.01359,-0.025403,-0.344297,-0.197935,0.039218,0.397282,0.56521,0.653515,0.503435,-0.773937,0.631258,0.049689,-0.286018,-0.418537,0.861907,-7.6e-05,-0.001091,-0.000507,0.0517,-0.000513,-0.226092,0.077297,-0.008986,0.035279,0.015351,-0.497706,-0.692796,0.521844,0.771732,-0.62833,-0.098131,0.395875,0.353884,0.847376,-5.5e-05,-0.00076,-0.000353,0.0857,-0.121471,-0.064056,-0.047315,0.11106,0.035583,-0.052524,-0.698416,0.485832,-0.525528,-0.661107,-0.71921,0.213713,-0.274137,0.496691,0.823495,-2.1e-05,-0.000165,-9.6e-05,0.005307,-0.093793,0.175305,-0.465397
12,0.146017,0.027883,0.377529,-0.802788,0.302512,-0.513871,-0.490086,-0.825638,0.27948,-0.338732,0.475823,0.811714,-5.5e-05,-0.000435,-0.000254,0.0,0.0,0.0,-0.349388,-0.197928,0.039045,0.397327,0.567675,0.649272,0.506145,-0.766991,0.640424,0.038936,-0.299563,-0.411132,0.860869,-0.000117,-0.001666,-0.000774,0.806823,0.525174,0.070629,0.050055,-0.008982,0.035192,0.015374,-0.499695,-0.689357,0.52449,0.763947,-0.636132,-0.108261,0.408276,0.346585,0.844505,0.000169,-0.006191,0.004098,2.545678,2.0131,0.135326,-0.078831,0.111053,0.035568,-0.052538,-0.697649,0.48626,-0.526152,-0.661753,-0.718777,0.213169,-0.274531,0.4969,0.823238,-2.5e-05,-0.0002,-0.000117,1.2e-05,-8e-06,-1e-06,-0.467357
13,0.146024,0.027867,0.37752,-0.80218,0.303028,-0.514515,-0.490802,-0.825377,0.278993,-0.339133,0.475946,0.811474,-2e-06,-1.7e-05,-1e-05,0.0,0.0,0.0,-0.350183,-0.197981,0.038952,0.397361,0.570138,0.645115,0.508685,-0.759775,0.64953,0.028053,-0.313007,-0.403296,0.859792,0.00043,-0.011118,0.008786,0.489806,0.630961,-0.535024,0.026775,-0.009009,0.035145,0.01539,-0.501754,-0.685092,0.528101,0.754965,-0.644834,-0.119227,0.42222,0.338875,0.840769,0.000214,-0.005532,0.004406,0.52447,0.719679,-0.546424,-0.11753,0.111056,0.03556,-0.052543,-0.696918,0.486669,-0.526742,-0.662376,-0.718351,0.21267,-0.274886,0.497115,0.82299,2e-06,2.1e-05,1.3e-05,1.5e-05,3e-06,-1e-06,-0.469153
14,0.146033,0.027858,0.377515,-0.801913,0.303256,-0.514798,-0.491117,-0.825263,0.278778,-0.33931,0.476,0.811369,-7e-06,-5.9e-05,-3.4e-05,0.0,0.0,0.0,-0.350387,-0.19798,0.038929,0.397381,0.570896,0.644814,0.508216,-0.757989,0.651746,0.024779,-0.315949,-0.400184,0.86017,-1e-06,-1.1e-05,-5e-06,0.025084,0.033837,-0.207289,0.021101,-0.009008,0.035132,0.0154,-0.502442,-0.684753,0.527886,0.752761,-0.646792,-0.122515,0.425325,0.335816,0.840431,1e-06,4.6e-05,2.2e-05,0.005141,0.058531,-0.192354,-0.128308,0.111061,0.035556,-0.052545,-0.696596,0.486849,-0.527001,-0.662649,-0.718164,0.21245,-0.275042,0.497209,0.822881,-1e-06,-1.1e-05,-6e-06,2.2e-05,5e-06,3e-06,-0.469643
15,0.146052,0.027873,0.3775,-0.801421,0.303669,-0.515321,-0.491676,-0.825077,0.278342,-0.339663,0.476058,0.811187,-0.0,-0.0,-0.0,0.0,0.0,0.0,-0.351706,-0.197986,0.03889,0.397427,0.576482,0.640705,0.507107,-0.750332,0.660756,0.018375,-0.324007,-0.391902,0.860985,0.0,2e-06,1e-06,2.850628,0.101118,4.53245,-0.001376,-0.009011,0.035115,0.015424,-0.506981,-0.681565,0.527672,0.745489,-0.654013,-0.128498,0.432684,0.328228,0.839672,5.9e-05,-7.4e-05,-1.5e-05,2.843291,0.120284,4.538787,-0.152311,0.11107,0.035564,-0.052552,-0.696005,0.487177,-0.52748,-0.663137,-0.717846,0.212004,-0.275366,0.497348,0.822689,2e-06,9e-06,5e-06,8e-06,-5e-06,-6e-06,-0.470296
16,0.146071,0.027879,0.377503,-0.800846,0.304155,-0.515926,-0.49235,-0.82483,0.277882,-0.340041,0.476174,0.810961,0.0,1e-06,1e-06,0.0,0.0,0.0,-0.352092,-0.197985,0.03889,0.397438,0.579877,0.637603,0.507145,-0.745328,0.666491,0.014505,-0.329469,-0.387208,0.861036,8.1e-05,0.001151,0.000535,-0.010261,0.084246,-0.179914,-0.022942,-0.009011,0.035113,0.015428,-0.511473,-0.677459,0.528625,0.738828,-0.660832,-0.132033,0.43878,0.323032,0.838523,4.5e-05,0.000664,0.000309,-0.022817,0.101458,-0.17062,-0.176478,0.11108,0.035567,-0.05255,-0.695313,0.487562,-0.528034,-0.663722,-0.717443,0.211533,-0.2757,0.49755,0.822455,-0.0,-3e-06,-2e-06,1.2e-05,-4e-06,-9e-06,-0.470949
17,0.14609,0.027885,0.377495,-0.801757,0.304275,-0.51444,-0.492209,-0.824402,0.279399,-0.338098,0.476839,0.811382,0.0,0.0,0.0,-0.0,0.0,-0.0,-0.352489,-0.198001,0.038915,0.39745,0.577949,0.638612,0.508076,-0.746606,0.665078,0.013557,-0.329961,-0.387976,0.860502,4.4e-05,0.000622,0.000289,0.0,-1e-06,-0.0,-0.062446,-0.009019,0.035127,0.015435,-0.509421,-0.678426,0.529365,0.740001,-0.659347,-0.132888,0.439189,0.324035,0.837922,2.7e-05,0.000388,0.000181,-0.013275,0.088158,-0.178471,-0.20783,0.11109,0.03557,-0.052554,-0.69626,0.487796,-0.526569,-0.663569,-0.717126,0.213087,-0.273673,0.497779,0.822993,-0.0,-0.0,-2e-06,0.000893,-0.001237,0.000879,-0.471602
18,0.146109,0.0279,0.37748,-0.801618,0.304388,-0.514588,-0.492351,-0.824368,0.279247,-0.338218,0.476825,0.81134,0.0,0.0,0.0,-0.0,0.0,-0.0,-0.352814,-0.19805,0.038972,0.39747,0.577704,0.638739,0.508195,-0.746759,0.664909,0.013414,-0.330043,-0.388057,0.860434,-0.011535,0.002996,0.002231,-0.002045,0.015205,-0.029245,-0.08994,-0.00904,0.03515,0.015442,-0.509157,-0.678563,0.529443,0.740142,-0.659159,-0.133032,0.439258,0.324129,0.837849,6.7e-05,0.000956,0.000445,-0.000375,0.000132,-0.000504,-0.230201,0.111099,0.035577,-0.052562,-0.696087,0.487886,-0.526715,-0.663697,-0.717056,0.212922,-0.273802,0.497792,0.822942,0.0,-0.0,-3e-06,0.000124,-0.000174,0.000107,-0.471766
