frame,MLTx,MLTy,MLTz,MLTR1,MLTR2,MLTR3,MLTR4,MLTR5,MLTR6,MLTR7,MLTR8,MLTR9,MLTTVx,MLTTVy,MLTTVz,MLTRVx,MLTRVy,MLTRVz,MLGA,MRTx,MRTy,MRTz,MRTR1,MRTR2,MRTR3,MRTR4,MRTR5,MRTR6,MRTR7,MRTR8,MRTR9,MRTTVx,MRTTVy,MRTTVz,MRTRVx,MRTRVy,MRTRVz,MRGA,SLTx,SLTy,SLTz,SLTR1,SLTR2,SLTR3,SLTR4,SLTR5,SLTR6,SLTR7,SLTR8,SLTR9,SLTTVx,SLTTVy,SLTTVz,SLTRVx,SLTRVy,SLTRVz,SLGA,SRTx,SRTy,SRTz,SRTR1,SRTR2,SRTR3,SRTR4,SRTR5,SRTR6,SRTR7,SRTR8,SRTR9,SRTTVx,SRTTVy,SRTTVz,SRTRVx,SRTRVy,SRTRVz,SRGA
337,0.152161,0.021305,0.407176,-0.137367,0.828751,-0.542538,-0.93906,-0.283144,-0.19485,-0.314936,0.481678,0.817819,-0.00017,-0.001591,-0.000784,-0.000994,0.011544,-0.026388,0.512928,-0.209363,0.03997,0.396821,0.600967,0.672183,0.432435,-0.761745,0.645435,0.055611,-0.242467,-0.363677,0.89934,-0.000603,-0.005702,-0.00266,1.882775,1.759183,-1.000731,-0.12789,-0.011286,0.03858,0.015537,-0.515131,-0.728364,0.451801,0.817006,-0.576624,0.001931,0.259113,0.370119,0.892116,-0.000312,-0.002945,-0.001376,1.876001,1.753605,-0.998446,-0.225139,0.113341,0.035339,-0.0381,-0.213311,0.825785,-0.522088,-0.898485,-0.375685,-0.227123,-0.383696,0.420641,0.822093,1e-06,0.0,-1e-06,-2e-05,-3e-06,4.1e-05,0.501446
338,0.152168,0.021311,0.407134,-0.137342,0.828747,-0.542551,-0.939029,-0.283179,-0.194947,-0.315038,0.481665,0.817788,-5.1e-05,-0.000477,-0.000235,0.0,0.0,0.0,0.512625,-0.209347,0.039705,0.396684,0.619905,0.654584,0.4327,-0.741387,0.669154,0.05012,-0.257499,-0.352697,0.899535,-0.000803,-0.007597,-0.003555,0.21564,0.034317,0.419827,-0.278312,-0.011278,0.038453,0.01547,-0.534726,-0.712852,0.453771,0.798817,-0.601561,-0.003693,0.275603,0.360506,0.89111,0.005485,-0.003895,-0.002248,0.720614,0.010023,1.695744,-0.363283,0.113344,0.035338,-0.038122,-0.213306,0.82578,-0.522098,-0.898445,-0.375728,-0.227209,-0.383792,0.420612,0.822063,-2.9e-05,-0.000286,-0.000142,-1.2e-05,-0.0,3.1e-05,0.501446
339,0.152192,0.021329,0.407055,-0.142151,0.827913,-0.542585,-0.93728,-0.288769,-0.195165,-0.318092,0.479781,0.817713,-0.000105,-0.000982,-0.000484,0.0,0.0,-0.0,0.509398,-0.209363,0.039491,0.396562,0.628093,0.64692,0.432418,-0.733039,0.678277,0.050276,-0.261548,-0.349377,0.899661,-0.00049,-0.00463,-0.002171,0.0,-1e-06,-0.0,-0.441847,-0.011287,0.038338,0.015406,-0.543938,-0.705562,0.454217,0.791011,-0.611793,-0.003075,0.280057,0.357618,0.890885,-0.000277,-0.002617,-0.001229,-0.002454,0.0127,-0.026479,-0.517429,0.113356,0.035348,-0.038161,-0.21801,0.824435,-0.522281,-0.896094,-0.381104,-0.227537,-0.386633,0.418408,0.821856,-4.3e-05,0.004362,-0.005106,0.035562,-0.011852,0.019032,0.500467
340,0.152225,0.021377,0.406947,-0.141966,0.827908,-0.542641,-0.937201,-0.28879,-0.195514,-0.318408,0.479777,0.817592,0.012044,-0.002329,-0.001559,0.000984,-0.014715,0.029553,0.50448,-0.209385,0.039395,0.396487,0.641987,0.632637,0.433144,-0.717722,0.694508,0.049663,-0.270195,-0.343563,0.899345,-0.000151,-0.001428,-0.000671,0.0,0.0,0.0,-0.652546,-0.011298,0.038287,0.015366,-0.558966,-0.692556,0.455983,0.777143,-0.629315,-0.003156,0.289143,0.3526,0.889982,-7.4e-05,-0.000697,-0.000329,-0.00025,-0.000742,-0.001158,-0.689374,0.113368,0.035373,-0.038214,-0.217844,0.824448,-0.522329,-0.896003,-0.381119,-0.227871,-0.386938,0.418368,0.821733,-7.5e-05,0.00405,-0.00526,0.035647,-0.011859,0.019006,0.496221
341,0.152232,0.021412,0.406877,-0.141877,0.827903,-0.542672,-0.937144,-0.288829,-0.195729,-0.318616,0.479762,0.81752,-0.000217,-0.002041,-0.001007,-0.000991,0.011566,-0.026378,0.50322,-0.209398,0.039395,0.396445,0.641382,0.633014,0.43349,-0.718165,0.694076,0.049305,-0.270455,-0.343744,0.899198,-9.6e-05,-0.00091,-0.000428,0.0,-0.0,-0.0,-0.793478,-0.011305,0.038288,0.015346,-0.558299,-0.692897,0.456283,0.777539,-0.628824,-0.003532,0.289369,0.352806,0.889827,-0.000202,0.004789,-0.004745,0.035903,-0.012508,0.016432,-0.721216,0.113376,0.035392,-0.038249,-0.217707,0.824462,-0.522364,-0.895947,-0.381109,-0.228109,-0.387146,0.41835,0.821645,-5e-06,0.004723,-0.004926,0.035649,-0.011874,0.018975,0.494098
342,0.152246,0.021513,0.406709,-0.146533,0.827039,-0.542752,-0.935277,-0.294456,-0.196278,-0.321971,0.477833,0.817335,-0.000172,0.007966,-0.010581,0.034706,-0.000293,-0.007496,0.500669,-0.209418,0.039661,0.396183,0.638614,0.633387,0.437018,-0.718349,0.694256,0.043774,-0.276463,-0.34269,0.897772,-0.000637,0.020773,-0.018205,0.636846,0.503155,-0.26633,-1.118275,-0.011314,0.03841,0.015226,-0.556761,-0.693038,0.457946,0.77741,-0.628958,-0.006682,0.29266,0.352292,0.888954,-0.00015,0.005247,-0.004526,0.035628,-0.012781,0.01692,-0.707826,0.113383,0.035438,-0.03833,-0.22227,0.823102,-0.522587,-0.893475,-0.386498,-0.228737,-0.390253,0.416077,0.821328,-1.8e-05,-0.000211,-0.000106,-0.000223,7.1e-05,0.000189,0.490832
343,0.152252,0.02166,0.40652,-0.146716,0.825391,-0.545206,-0.935097,-0.295414,-0.19569,-0.322408,0.480083,0.815844,8e-06,0.009659,-0.009742,0.028108,0.064689,-0.164571,0.502867,-0.20942,0.040294,0.395619,0.636213,0.62993,0.445435,-0.716639,0.696298,0.039133,-0.286288,-0.344912,0.893833,-0.000625,0.020868,-0.018134,1.82872,1.917916,-0.879452,-1.380489,-0.011315,0.038732,0.014941,-0.553988,-0.689763,0.46618,0.775799,-0.630874,-0.011522,0.302048,0.355279,0.884614,-0.000301,0.010469,-0.009052,-0.091748,0.218949,0.166161,-0.707499,0.113386,0.035508,-0.038426,-0.222086,0.821433,-0.525285,-0.893233,-0.387399,-0.228156,-0.39091,0.418532,0.819768,-1.6e-05,-0.000175,-8.7e-05,0.003538,0.015958,0.006877,0.490016
344,0.15226,0.021734,0.406425,-0.146756,0.823763,-0.547652,-0.935038,-0.296106,-0.194925,-0.32256,0.482444,0.814389,-6.9e-05,-0.000649,-0.000321,-0.118184,-0.532718,-0.22994,0.504469,-0.209392,0.040745,0.395189,0.637472,0.626262,0.448795,-0.714885,0.697947,0.041748,-0.287875,-0.348244,0.892029,0.01057,0.028753,-0.029222,-0.102375,0.285491,0.234672,-1.403652,-0.011305,0.038951,0.014739,-0.553804,-0.686937,0.47055,0.774487,-0.632478,-0.011812,0.305727,0.357894,0.882293,-0.000326,0.010223,-0.009161,-0.333139,0.579167,0.348546,-0.707499,0.11339,0.035549,-0.038477,-0.22204,0.821521,-0.525167,-0.893109,-0.387472,-0.22852,-0.391222,0.418291,0.819742,0.00608,0.004163,-0.005404,0.037327,-0.023419,0.049908,0.490996
345,0.152275,0.021909,0.406185,-0.146645,0.823729,-0.547732,-0.934795,-0.296423,-0.195611,-0.323316,0.482306,0.814171,-0.000147,-0.001383,-0.000683,-2.5e-05,-0.000114,-4.9e-05,0.507225,-0.209253,0.041802,0.394103,0.641307,0.613492,0.460809,-0.709566,0.70265,0.052287,-0.292499,-0.361284,0.885314,0.010233,0.025689,-0.03059,-0.336561,0.639415,0.433408,-1.40559,-0.011235,0.039492,0.014191,-0.557961,-0.675151,0.482544,0.770291,-0.63769,-0.001543,0.308756,0.370838,0.87587,0.00501,0.018383,-0.019664,0.005504,0.157514,0.230092,-0.711745,0.113397,0.035638,-0.038596,-0.221906,0.819935,-0.527696,-0.892794,-0.388435,-0.228114,-0.392015,0.420504,0.818229,-7.3e-05,-0.000727,-0.000359,0.000879,0.004072,0.001838,0.494751
346,0.152279,0.02207,0.405938,-0.151889,0.819535,-0.552574,-0.932804,-0.303644,-0.194032,-0.326621,0.484952,0.811276,-0.000165,-0.001553,-0.000767,-0.120461,-0.543077,-0.235449,0.506562,-0.208943,0.043,0.392601,0.654026,0.585255,0.479288,-0.693106,0.717378,0.070052,-0.303639,-0.378756,0.874192,0.009304,0.030385,-0.042211,-0.192631,0.859952,0.968821,-1.405981,-0.011084,0.040082,0.013462,-0.570666,-0.649889,0.501979,0.757594,-0.652517,0.016474,0.316844,0.389698,0.864721,0.004788,0.015926,-0.020735,2.391081,0.924641,5.243467,-0.709132,0.113399,0.035719,-0.03872,-0.22659,0.816795,-0.530567,-0.890096,-0.394824,-0.227687,-0.395454,0.420665,0.81649,-7.6e-05,0.004031,-0.005258,0.039117,0.003572,0.025561,0.496058
347,0.152273,0.02218,0.405742,-0.151982,0.819495,-0.552606,-0.932592,-0.304021,-0.19446,-0.327182,0.484782,0.811151,-0.000163,-0.001528,-0.000756,-2.6e-05,-0.000116,-5e-05,0.505199,-0.208595,0.044267,0.390913,0.668442,0.55472,0.495441,-0.674178,0.733146,0.088957,-0.314709,-0.394181,0.86339,0.009058,0.041617,-0.050676,-0.3657,0.740829,0.550193,-1.407143,-0.010907,0.040715,0.012602,-0.588195,-0.619381,0.519993,0.739799,-0.671832,0.036588,0.326686,0.406211,0.853386,0.004697,0.015422,-0.020942,-0.089047,0.227083,0.46853,-0.714194,0.113396,0.035773,-0.038818,-0.226651,0.815301,-0.532834,-0.889811,-0.395794,-0.227115,-0.39606,0.422646,0.815171,-7.4e-05,0.004059,-0.005244,0.036724,-0.006944,0.02113,0.495405
348,0.15227,0.022216,0.405661,-0.156969,0.816925,-0.555012,-0.930718,-0.310273,-0.193561,-0.330143,0.48516,0.809723,-0.00021,-0.001974,-0.000977,-0.036798,-0.2691,-0.156952,0.504534,-0.208425,0.044979,0.389994,0.672882,0.545284,0.499886,-0.66862,0.737345,0.095931,-0.317109,-0.399476,0.860072,0.009035,0.041476,-0.050654,-0.083162,0.244271,0.496723,-1.40795,-0.010822,0.04107,0.012142,-0.593261,-0.609055,0.526395,0.734876,-0.676687,0.045276,0.32863,0.413696,0.849032,0.004536,0.020642,-0.025381,-0.127204,0.310366,0.535582,-0.715664,0.113395,0.035792,-0.038858,-0.231255,0.812908,-0.534509,-0.887318,-0.401539,-0.226783,-0.398981,0.421835,0.814167,-9.3e-05,0.003878,-0.005335,0.014196,-0.429971,-0.328892,0.495078
349,0.152256,0.022259,0.405553,-0.157272,0.815244,-0.557394,-0.930612,-0.311168,-0.192632,-0.330298,0.487407,0.80831,-0.000118,0.008468,-0.010316,-0.082474,-0.544028,-0.212578,0.504944,-0.208154,0.046488,0.387954,0.679895,0.529142,0.507684,-0.658972,0.744509,0.10675,-0.322328,-0.407799,0.854206,0.008516,0.03648,-0.052853,0.040767,0.145165,0.179459,-1.408317,-0.010683,0.041845,0.011106,-0.601487,-0.593222,0.53507,0.726224,-0.685106,0.056805,0.332882,0.422749,0.842895,0.004274,0.018076,-0.02651,0.095452,0.076346,0.147473,-0.719583,0.113388,0.03581,-0.038909,-0.231403,0.812258,-0.535433,-0.887153,-0.402056,-0.226516,-0.399263,0.422595,0.813634,-9.8e-05,-0.000946,-0.00047,0.000556,0.003181,0.001569,0.494588
350,0.15226,0.022256,0.405475,-0.157284,0.815233,-0.557407,-0.930549,-0.311271,-0.19277,-0.33047,0.48736,0.808267,-0.000176,-0.001648,-0.000816,-2.5e-05,-0.000114,-4.9e-05,0.506597,-0.208069,0.048015,0.385724,0.683499,0.516742,0.515555,-0.652156,0.749478,0.113617,-0.32853,-0.414534,0.848583,0.00814,0.032751,-0.054469,-0.022844,0.231457,0.232816,-1.408,-0.010643,0.042597,0.010011,-0.605586,-0.582008,0.542708,0.72043,-0.690636,0.063251,0.338001,0.429287,0.837536,-0.001871,0.021902,-0.031099,-0.051555,0.317243,0.265289,-0.726441,0.11339,0.035812,-0.038951,-0.231354,0.81065,-0.537885,-0.88704,-0.402832,-0.225577,-0.399542,0.424938,0.812276,-8.4e-05,0.003968,-0.005289,0.036579,-0.00761,0.020854,0.495078
351,0.152266,0.022247,0.405437,-0.157149,0.81524,-0.557435,-0.93054,-0.311213,-0.192905,-0.330557,0.487386,0.808216,-0.000143,-0.001341,-0.000665,-0.0,-2e-06,-1e-06,0.507657,-0.208056,0.048714,0.384566,0.68765,0.510616,0.516139,-0.648595,0.751415,0.120968,-0.326915,-0.418596,0.847211,0.007785,0.029216,-0.056103,-1.655981,-1.602171,1.507125,-1.407731,-0.010634,0.042961,0.009413,-0.609774,-0.57627,0.54414,0.717478,-0.69305,0.070046,0.336751,0.433121,0.836065,0.003893,0.014263,-0.028222,-1.679836,-1.569864,1.521132,-0.727911,0.113393,0.035806,-0.03897,-0.231219,0.810694,-0.537876,-0.887036,-0.402756,-0.225725,-0.399628,0.424924,0.812241,-8.5e-05,-0.00081,-0.000402,0.006826,-0.080063,0.182074,0.496384
352,0.152266,0.022242,0.405304,-0.157187,0.815219,-0.557454,-0.93043,-0.311402,-0.193133,-0.330851,0.487299,0.808148,-0.000251,-0.002356,-0.001168,-0.0,-0.0,-0.0,0.509926,-0.208211,0.04985,0.382086,0.692377,0.498928,0.521225,-0.642488,0.754971,0.131004,-0.329003,-0.426216,0.842591,-0.004996,0.018446,-0.060449,-1.570819,-1.655994,1.400297,-1.407817,-0.010709,0.043531,0.0082,-0.614056,-0.564924,0.551176,0.712496,-0.697192,0.079197,0.339535,0.441342,0.830621,-0.00841,0.014961,-0.033941,-0.002159,0.274304,0.176011,-0.731829,0.113393,0.035805,-0.039036,-0.23125,0.810675,-0.537892,-0.886903,-0.402921,-0.225958,-0.399907,0.424805,0.812166,-0.000153,-0.001462,-0.000725,-5e-05,-1.2e-05,9.2e-05,0.498344
353,0.15227,0.022249,0.405089,-0.157198,0.815189,-0.557495,-0.930252,-0.31168,-0.19354,-0.331345,0.487172,0.808023,-0.000488,-0.00458,-0.002274,-0.000977,0.011705,-0.026317,0.509545,-0.208435,0.050725,0.37941,0.695433,0.489202,0.526352,-0.637011,0.75857,0.136827,-0.333198,-0.431065,0.838466,-0.005926,0.022832,-0.072217,0.145969,0.065542,0.055771,-1.408004,-0.01082,0.043963,0.006864,-0.619373,-0.555114,0.555179,0.707343,-0.701392,0.087821,0.340648,0.447097,0.82708,-0.002978,0.010863,-0.036376,0.188111,0.021944,0.033706,-0.72889,0.113395,0.035812,-0.039142,-0.231234,0.81065,-0.537936,-0.886693,-0.403147,-0.226379,-0.400382,0.424638,0.812019,-0.00017,0.003155,-0.005693,0.035652,-0.011977,0.018897,0.499324
354,0.152246,0.022288,0.404837,-0.157076,0.815166,-0.557563,-0.930048,-0.311926,-0.194124,-0.331975,0.487053,0.807835,-0.000365,-0.003426,-0.001704,-0.0,-0.0,-0.0,0.50699,-0.208568,0.051466,0.376636,0.696192,0.47998,0.533786,-0.632481,0.761744,0.140171,-0.340188,-0.435803,0.833193,0.005444,0.019294,-0.074892,-0.024846,0.29854,0.208562,-1.407741,-0.010892,0.04433,0.005476,-0.620358,-0.547156,0.561939,0.70349,-0.704956,0.090213,0.346781,0.451283,0.822244,-0.003044,0.010221,-0.036735,-0.138258,0.440649,0.280998,-0.733626,0.113383,0.035826,-0.039266,-0.231145,0.810636,-0.537996,-0.886454,-0.403366,-0.226924,-0.400962,0.424456,0.811828,-0.00025,-0.002377,-0.001181,-0.000995,0.011708,-0.026264,0.498181
355,0.152238,0.022307,0.404705,-0.162091,0.812538,-0.559958,-0.928078,-0.318263,-0.193266,-0.335057,0.487346,0.806385,-0.000488,-0.004579,-0.002279,-0.060329,-0.26496,-0.150944,0.50551,-0.20863,0.051763,0.375209,0.699011,0.472358,0.536892,-0.626123,0.766882,0.140697,-0.346136,-0.435107,0.831105,-0.006563,0.016709,-0.075455,0.108587,0.128142,0.062902,-1.407413,-0.010918,0.044481,0.004764,-0.623754,-0.538986,0.566059,0.697496,-0.710669,0.091909,0.352743,0.452154,0.819224,0.002596,0.007977,-0.038321,0.12198,0.102192,0.09011,-0.730686,0.113379,0.03584,-0.039335,-0.23578,0.808159,-0.539707,-0.883836,-0.409221,-0.22665,-0.404029,0.423574,0.810767,-0.000162,0.003209,-0.005666,-0.060221,-0.468516,-0.192473,0.496874
356,0.152218,0.022438,0.404411,-0.162384,0.810811,-0.562371,-0.927778,-0.319442,-0.192762,-0.335744,0.489445,0.804827,-0.000184,0.007838,-0.01062,0.034903,-0.015514,0.017279,0.505127,-0.208771,0.052189,0.372339,0.702268,0.453099,0.549101,-0.616106,0.773171,0.150179,-0.35737,-0.444344,0.821406,-0.006606,0.003097,-0.068695,-0.203116,0.520164,0.295149,-1.407345,-0.010989,0.044695,0.003324,-0.627834,-0.521576,0.577738,0.688843,-0.717916,0.100447,0.362377,0.461035,0.810017,0.002449,0.006482,-0.039204,-0.161179,0.506923,0.368898,-0.732319,0.113368,0.035896,-0.039481,-0.235851,0.805758,-0.543256,-0.883413,-0.4107,-0.225623,-0.404913,0.426706,0.808681,-0.000129,-0.001258,-0.000627,0.004137,0.018675,0.008189,0.494425
357,0.152209,0.022652,0.40406,-0.167285,0.806434,-0.567207,-0.925537,-0.326619,-0.191501,-0.339493,0.491932,0.801732,-0.0002,0.007689,-0.010689,0.027837,-0.04735,0.00327,0.505342,-0.208825,0.052418,0.369463,0.707973,0.431201,0.559314,-0.601634,0.782915,0.15816,-0.370571,-0.449021,0.81297,0.004912,0.00036,-0.071295,-0.142793,0.420357,0.271054,-1.406188,-0.011021,0.044808,0.001886,-0.634875,-0.500025,0.588988,0.675677,-0.729034,0.109401,0.374689,0.467422,0.800701,-0.003534,0.00564,-0.03939,-0.24964,0.60884,0.3336,-0.729707,0.113364,0.036005,-0.039656,-0.240145,0.80088,-0.548562,-0.880435,-0.417704,-0.224402,-0.408856,0.429084,0.805432,-0.000119,0.003611,-0.005462,0.036643,-0.0072,0.020787,0.494425
358,0.152205,0.022785,0.403854,-0.171972,0.803725,-0.569646,-0.923397,-0.332898,-0.191018,-0.342954,0.492159,0.800118,-0.000274,0.006993,-0.011034,0.008285,-0.135543,-0.035625,0.506192,-0.208871,0.052477,0.368034,0.711358,0.41723,0.565579,-0.590437,0.791193,0.159159,-0.381954,-0.447686,0.808425,0.004784,-0.000946,-0.072191,0.913066,0.539411,1.481309,-1.406236,-0.011042,0.044839,0.001145,-0.638874,-0.485902,0.596437,0.665519,-0.737981,0.111658,0.385905,0.468276,0.794855,0.002426,-0.000599,-0.036153,0.938933,0.517674,1.486449,-0.730523,0.113362,0.036074,-0.039758,-0.244477,0.797988,-0.550859,-0.877642,-0.423648,-0.224199,-0.412279,0.428645,0.803921,-0.000156,0.003252,-0.005638,0.001249,-0.1482,-0.072534,0.494588
359,0.152184,0.023157,0.403299,-0.171767,0.800272,-0.574548,-0.922856,-0.33473,-0.190431,-0.344509,0.496519,0.796749,-0.000349,0.015835,-0.021128,0.025992,-0.212874,-0.07751,0.50853,-0.208861,0.052527,0.365056,0.714323,0.390886,0.580467,-0.571542,0.804412,0.161847,-0.404552,-0.447867,0.797255,0.004595,-0.003012,-0.073772,-0.066898,0.471142,0.377718,-1.406385,-0.011038,0.044864,-0.000316,-0.643414,-0.46093,0.611196,0.647917,-0.753114,0.114113,0.407703,0.469427,0.783209,0.002242,0.004259,-0.040831,0.026987,0.59479,0.960808,-0.731503,0.113352,0.036255,-0.040026,-0.243812,0.795158,-0.555228,-0.876958,-0.425226,-0.223888,-0.414124,0.432325,0.800996,-0.000145,0.008106,-0.010472,-0.010081,-0.389366,-0.123291,0.497038
360,0.152159,0.023604,0.402608,-0.17175,0.795033,-0.581782,-0.922162,-0.337447,-0.188994,-0.346371,0.503048,0.791831,-0.000488,0.014525,-0.021765,0.000425,-0.32898,-0.12979,0.51112,-0.208731,0.052577,0.362084,0.720417,0.353814,0.596494,-0.542394,0.823339,0.166901,-0.432954,-0.444222,0.784271,0.004647,-0.002873,-0.074173,-0.200033,0.504624,0.305271,-1.406353,-0.010976,0.044888,-0.001776,-0.651922,-0.425081,0.627935,0.620825,-0.774692,0.120112,0.435399,0.468142,0.76894,-0.003638,0.004838,-0.040316,-0.2598,0.62579,0.430109,-0.729543,0.11334,0.036477,-0.040367,-0.243082,0.790384,-0.562319,-0.876027,-0.427804,-0.222619,-0.416517,0.438493,0.79639,-0.000235,0.007235,-0.010901,-0.057135,-0.585654,-0.243087,0.50014
361,0.152103,0.024136,0.401787,-0.171801,0.789698,-0.588988,-0.921303,-0.34044,-0.187809,-0.348622,0.509388,0.786774,-0.000507,0.014333,-0.02184,0.02342,-0.241486,-0.059971,0.512592,-0.208615,0.052578,0.359142,0.726005,0.30729,0.615208,-0.504463,0.845887,0.172989,-0.468134,-0.436331,0.768329,0.004666,-0.003025,-0.074761,-0.112182,0.400089,0.245704,-1.40612,-0.010916,0.044886,-0.003275,-0.660396,-0.378085,0.648789,0.585211,-0.800526,0.129169,0.470536,0.464981,0.749924,0.002281,0.004291,-0.041253,-0.109741,0.45254,0.335546,-0.734932,0.113311,0.036752,-0.040795,-0.242318,0.784609,-0.570674,-0.874829,-0.431016,-0.221128,-0.419469,0.44566,0.790842,-0.00025,0.007071,-0.010968,0.023871,-0.238994,-0.058755,0.502753
362,0.152084,0.024451,0.401315,-0.173472,0.786227,-0.593127,-0.921374,-0.342203,-0.184226,-0.347606,0.513555,0.784512,-0.000554,0.023413,-0.03178,0.070786,-0.184629,-0.042122,0.512007,-0.208534,0.052599,0.35761,0.725256,0.283325,0.627473,-0.487672,0.854661,0.177944,-0.486755,-0.435416,0.757196,0.004896,-0.001013,-0.073853,-0.236221,0.552705,0.345465,-1.406024,-0.010878,0.044892,-0.004016,-0.661244,-0.355462,0.660607,0.569619,-0.810942,0.133813,0.488149,0.464778,0.738709,0.002359,0.004973,-0.040974,-0.298996,0.669994,0.471261,-0.733952,0.113302,0.036902,-0.041019,-0.243558,0.780972,-0.575119,-0.874828,-0.432916,-0.217389,-0.418753,0.450184,0.788657,-0.000261,0.006969,-0.011014,0.039215,-0.174966,-0.058793,0.503406
363,0.152048,0.025205,0.400269,-0.175959,0.775425,-0.606465,-0.920711,-0.347572,-0.177358,-0.348107,0.526206,0.775858,-0.000453,0.014803,-0.021561,-0.052453,-0.586645,-0.218323,0.509677,-0.208307,0.052715,0.354789,0.71784,0.242804,0.65249,-0.460664,0.868281,0.183874,-0.522783,-0.43288,0.734285,0.005437,0.003788,-0.071453,0.880857,0.922246,1.381924,-1.406161,-0.010763,0.044943,-0.005458,-0.655289,-0.315112,0.686513,0.545627,-0.825962,0.14169,0.522385,0.467428,0.713178,0.002841,0.001719,-0.035794,3.337156,1.691721,4.446431,-0.735748,0.113283,0.037278,-0.041547,-0.2446,0.771596,-0.587205,-0.873767,-0.437946,-0.211501,-0.420358,0.461348,0.781317,-0.000225,0.012011,-0.015715,-0.020246,-0.611036,-0.23558,0.503243
364,0.152026,0.026176,0.399073,-0.183874,0.763185,-0.619503,-0.917538,-0.359272,-0.17035,-0.352358,0.536144,0.767085,-0.000295,0.025746,-0.030496,-0.016215,-0.481014,-0.367003,0.504139,-0.207862,0.052866,0.352103,0.707846,0.219929,0.67125,-0.450812,0.872168,0.189802,-0.544571,-0.437239,0.715631,0.006241,-0.002441,-0.060935,-0.03962,0.338764,-0.004802,-1.406225,-0.010541,0.045019,-0.006806,-0.646732,-0.289646,0.705579,0.534922,-0.831677,0.148898,0.543686,0.473727,0.69281,0.009004,0.003737,-0.035197,0.015007,0.414762,-0.16939,-0.728727,0.113272,0.037769,-0.042154,-0.250796,0.758288,-0.601746,-0.869475,-0.449728,-0.204342,-0.425573,0.471956,0.772103,-0.000126,0.012878,-0.015245,-0.034579,-0.564306,-0.403182,0.49867
365,0.15203,0.026762,0.39839,-0.186391,0.757538,-0.625651,-0.917112,-0.362491,-0.165767,-0.352143,0.541951,0.763093,-0.000207,0.036033,-0.039752,0.043656,-0.488703,-0.13011,0.501964,-0.207577,0.052968,0.350816,0.705725,0.201593,0.679193,-0.436372,0.878844,0.192735,-0.558919,-0.432657,0.707306,0.018289,0.010546,-0.068672,3.746882,1.472759,3.783977,-1.406091,-0.010396,0.04507,-0.007471,-0.645233,-0.272618,0.71369,0.522791,-0.838753,0.152255,0.557102,0.471351,0.683713,0.009322,0.005342,-0.034285,3.800635,1.416764,3.738442,-0.732319,0.113274,0.038049,-0.04248,-0.252647,0.752589,-0.608093,-0.868855,-0.453013,-0.199671,-0.425745,0.477899,0.768344,-0.000162,0.012536,-0.015403,-0.033737,-0.539184,-0.425637,0.495731
366,0.152,0.028032,0.396905,-0.194077,0.746073,-0.636989,-0.916379,-0.369572,-0.153744,-0.349884,0.552956,0.756206,-0.000448,0.024245,-0.031141,0.052911,-0.255719,-0.079891,0.502558,-0.206808,0.053184,0.348374,0.695196,0.166963,0.699154,-0.409125,0.891567,0.19406,-0.591796,-0.421165,0.687212,0.01904,0.003422,-0.058582,-0.039914,0.610638,0.071438,-1.406178,-0.010018,0.045177,-0.00867,-0.63737,-0.237225,0.733132,0.49546,-0.854845,0.154134,0.590151,0.461479,0.662389,0.015576,0.001478,-0.029843,0.122915,0.784421,0.419725,-0.734279,0.113259,0.038692,-0.043224,-0.258757,0.740005,-0.620836,-0.867619,-0.460575,-0.18737,-0.424596,0.490166,0.761219,-0.000128,0.017512,-0.020078,0.090951,-0.186669,-0.207786,0.492302
367,0.151967,0.029333,0.395341,-0.201575,0.732188,-0.650626,-0.914692,-0.378222,-0.14233,-0.350051,0.56552,0.746778,-0.00054,0.032784,-0.041182,0.029134,-0.421676,-0.354508,0.503792,-0.20591,0.053392,0.346099,0.679923,0.115378,0.724144,-0.366199,0.908935,0.199173,-0.636054,-0.400752,0.659315,0.019367,0.005798,-0.057338,0.000472,0.997797,0.539071,-1.406066,-0.009562,0.045286,-0.009828,-0.625106,-0.1852,0.758249,0.454673,-0.876008,0.160873,0.634439,0.445318,0.631804,0.009718,0.003046,-0.02859,-0.068865,1.080895,0.607207,-0.732972,0.113243,0.039353,-0.044017,-0.264336,0.726279,-0.634542,-0.865251,-0.469205,-0.176594,-0.425987,0.502358,0.752443,-0.000251,0.016305,-0.020632,0.022988,-0.455872,-0.36766,0.492955
368,0.151938,0.030623,0.39358,-0.208892,0.715729,-0.666439,-0.911989,-0.388534,-0.131491,-0.352795,0.579426,0.73473,-0.000888,0.038916,-0.052389,0.044266,-0.512931,-0.377324,0.502919,-0.204934,0.053341,0.343821,0.642968,0.053537,0.764014,-0.31271,0.928899,0.198225,-0.699866,-0.36644,0.613003,0.031139,0.000607,-0.061738,0.90716,1.555954,0.900914,-1.406278,-0.009092,0.045273,-0.010918,-0.591879,-0.12473,0.796317,0.407865,-0.898479,0.162422,0.695215,0.420924,0.582664,0.015576,0.000231,-0.030924,-0.208126,2.04478,-0.440619,-0.731993,0.113229,0.039987,-0.044876,-0.269385,0.710061,-0.650571,-0.861797,-0.479244,-0.16622,-0.429809,0.515884,0.741031,-0.000504,0.013908,-0.021805,-0.041336,-0.690229,-0.51596,0.494098
369,0.151918,0.031213,0.392668,-0.213755,0.705375,-0.67587,-0.910724,-0.394122,-0.123375,-0.353143,0.588281,0.72749,-0.001153,0.036416,-0.053603,-0.038011,-0.957269,-0.40647,0.500083,-0.20438,0.053207,0.342772,0.618955,0.02879,0.784893,-0.292985,0.935593,0.196872,-0.729428,-0.351859,0.58651,0.031526,-0.01056,-0.054148,0.29234,3.365637,-1.685992,-1.406322,-0.008808,0.045204,-0.011467,-0.571715,-0.09446,0.814995,0.383115,-0.909136,0.163382,0.725509,0.405645,0.555956,0.015681,0.000904,-0.030581,-0.343621,1.098709,-0.069445,-0.731993,0.113219,0.040284,-0.045331,-0.273063,0.700847,-0.658976,-0.860158,-0.484615,-0.158979,-0.43077,0.523413,0.73517,-0.000575,0.013229,-0.022126,0.030546,-0.417266,-0.35374,0.492302
370,0.151794,0.032289,0.390818,-0.224816,0.688535,-0.689509,-0.908555,-0.403781,-0.107051,-0.351847,0.601533,0.717208,-0.013644,0.024328,-0.044878,-0.043664,-0.776423,-0.387021,0.494637,-0.202979,0.052783,0.340745,0.584258,-0.007446,0.811529,-0.264058,0.943739,0.198908,-0.768063,-0.330502,0.548372,0.04464,-0.017775,-0.045012,-0.470839,0.489718,0.195195,-1.406526,-0.008125,0.04499,-0.012469,-0.534452,-0.055752,0.843357,0.355786,-0.919948,0.164654,0.766666,0.388054,0.511504,0.022333,-0.008837,-0.022485,-0.001684,1.393597,0.076961,-0.732483,0.113157,0.040834,-0.046277,-0.281908,0.682369,-0.674462,-0.857258,-0.494827,-0.142316,-0.430854,0.538068,0.724462,-0.006804,0.011995,-0.022528,-0.080769,-0.941787,-0.454727,0.485607
371,0.151487,0.033326,0.38888,-0.238214,0.671112,-0.702074,-0.905591,-0.414641,-0.089162,-0.350658,0.613716,0.707403,-0.001697,0.021892,-0.046462,-0.013358,-0.541894,-0.459132,0.492106,-0.20117,0.052001,0.339065,0.558341,-0.03761,0.828753,-0.23271,0.951702,0.200107,-0.79693,-0.304547,0.521553,0.057703,-0.027447,-0.03749,-0.252099,0.999265,-0.407686,-1.406519,-0.007235,0.04461,-0.013317,-0.513048,-0.023561,0.858035,0.324737,-0.930652,0.168616,0.79456,0.365145,0.48512,0.028815,-0.014217,-0.019095,-0.292332,0.991684,-0.178591,-0.737708,0.113008,0.041333,-0.047213,-0.292807,0.664517,-0.687517,-0.85373,-0.505492,-0.124985,-0.430589,0.550358,0.715331,-0.006803,0.016652,-0.027304,-0.014458,-0.718331,-0.556218,0.480382
372,0.151266,0.033802,0.387973,-0.244943,0.662131,-0.708259,-0.903715,-0.420445,-0.080598,-0.350853,0.619499,0.702247,-0.013847,0.022406,-0.045785,-0.043852,-0.632882,-0.54447,0.491334,-0.199988,0.051522,0.338399,0.549356,-0.043267,0.834462,-0.226097,0.953645,0.198431,-0.805033,-0.297631,0.513032,0.070832,-0.035468,-0.028656,-0.181155,0.620996,-0.180502,-1.406695,-0.006627,0.044359,-0.01367,-0.503226,-0.016968,0.863987,0.318625,-0.933007,0.167258,0.803268,0.359457,0.47492,0.02919,-0.01099,-0.017039,-0.213815,0.726121,-0.088038,-0.734116,0.112897,0.041579,-0.047684,-0.2985,0.655047,-0.694125,-0.851364,-0.511463,-0.11655,-0.431366,0.556164,0.710355,-0.000843,0.010677,-0.023355,-0.058801,-0.627695,-0.724832,0.478586
373,0.150695,0.034771,0.386143,-0.257156,0.648018,-0.716929,-0.899421,-0.431772,-0.06773,-0.353128,0.626597,0.694769,-0.013814,0.022687,-0.045589,0.083018,-0.096708,-0.280311,0.489608,-0.197168,0.050495,0.337395,0.53496,-0.048933,0.843454,-0.210292,0.95913,0.189158,-0.818886,-0.27851,0.501718,0.072079,-0.025369,-0.022156,0.122738,0.088202,0.043666,-1.406864,-0.005218,0.043837,-0.014177,-0.488249,-0.009932,0.872647,0.303212,-0.939571,0.158954,0.818336,0.342207,0.461757,0.042197,-0.012786,-0.011608,0.405822,0.362589,-0.108805,-0.740647,0.112612,0.042061,-0.0486,-0.308926,0.638009,-0.705342,-0.846061,-0.523115,-0.102619,-0.434448,0.565061,0.701398,-0.006878,0.011311,-0.022801,0.095769,-0.033878,-0.260881,0.476136
374,0.150055,0.035675,0.384434,-0.266553,0.631489,-0.72816,-0.895017,-0.442452,-0.056152,-0.357312,0.635962,0.684038,-0.013549,0.025,-0.044321,0.009133,-0.511774,-0.234479,0.485586,-0.193807,0.049596,0.336651,0.513725,-0.060255,0.855831,-0.187024,0.965618,0.180383,-0.837895,-0.252662,0.483691,0.097693,-0.017307,-0.018587,0.32687,0.331858,0.417911,-1.406667,-0.003547,0.043384,-0.014551,-0.467615,0.002202,0.883929,0.280575,-0.947913,0.15079,0.83822,0.31852,0.442641,0.042966,-0.01378,-0.004754,1.236732,0.76689,0.872003,-0.744566,0.112291,0.042509,-0.049457,-0.316354,0.622336,-0.715972,-0.840825,-0.533408,-0.092127,-0.43924,0.572863,0.692022,-0.006824,0.011779,-0.022534,-0.060613,-0.617857,-0.539341,0.472217
375,0.149716,0.036076,0.383636,-0.272708,0.624415,-0.731972,-0.893179,-0.447031,-0.048648,-0.357259,0.639737,0.680536,-0.013781,0.013831,-0.035742,-0.520186,0.08879,-0.931846,0.485347,-0.192038,0.049191,0.336433,0.501939,-0.068154,0.862209,-0.178146,0.96731,0.180304,-0.846917,-0.244024,0.472279,0.08629,-0.024079,-0.007102,-0.27334,0.628529,0.193481,-1.406551,-0.002658,0.043183,-0.014665,-0.456989,0.010364,0.889411,0.271246,-0.950679,0.150446,0.847104,0.310002,0.431639,0.04909,-0.006018,-0.007601,-0.249175,0.621203,0.269059,-0.748485,0.112122,0.042715,-0.049858,-0.320786,0.614502,-0.720751,-0.838641,-0.537948,-0.085392,-0.440201,0.57706,0.687912,-0.012803,0.012891,-0.021747,-1.707988,0.894038,-2.218217,0.470748
376,0.14906,0.036818,0.382148,-0.279179,0.610079,-0.741558,-0.889615,-0.454974,-0.039459,-0.361123,0.647924,0.67068,-0.025709,0.016376,-0.034002,0.010855,-0.199668,-0.394105,0.484669,-0.188621,0.048437,0.33611,0.473423,-0.08222,0.876984,-0.156595,0.971861,0.175781,-0.867329,-0.220456,0.446098,0.086749,-0.021633,-0.005589,0.502547,2.576952,-1.888884,-1.407052,-0.000916,0.042806,-0.014823,-0.429215,0.02765,0.902778,0.250025,-0.956833,0.148177,0.867906,0.289317,0.403774,0.043379,-0.010617,-0.002716,0.446201,2.686409,-1.800867,-0.752078,0.111799,0.043084,-0.050604,-0.326084,0.599319,-0.731085,-0.834504,-0.545839,-0.075248,-0.444153,0.585556,0.678123,-0.006743,0.007996,-0.017277,0.002426,-0.376978,-0.19261,0.469278
377,0.148465,0.03745,0.380731,-0.284811,0.591128,-0.75465,-0.886205,-0.462427,-0.027834,-0.365077,0.660111,0.656506,-0.013757,0.014199,-0.035529,-0.085332,-0.661647,-0.379193,0.488053,-0.18527,0.047857,0.335896,0.451489,-0.094051,0.887301,-0.139992,0.974591,0.174665,-0.881725,-0.202966,0.42571,0.086599,-0.004584,-0.00941,-0.132203,0.482012,0.056405,-1.406549,0.000727,0.042516,-0.014927,-0.406923,0.041384,0.912524,0.233753,-0.960993,0.147819,0.883047,0.273456,0.381376,0.043601,-0.008418,-0.001268,-0.172507,0.733321,-0.050458,-0.756976,0.111497,0.043404,-0.05131,-0.329514,0.581675,-0.743689,-0.830615,-0.55309,-0.064569,-0.448886,0.596443,0.665398,-0.006834,0.007247,-0.017675,-0.101315,-0.61587,-0.583409,0.470421
378,0.148034,0.037908,0.379356,-0.285381,0.574351,-0.767284,-0.883564,-0.467782,-0.021599,-0.37098,0.671065,0.641929,-0.001834,0.011731,-0.037235,-0.004292,-0.393999,-0.201207,0.489701,-0.182023,0.047184,0.335795,0.419194,-0.110042,0.901198,-0.119088,0.977331,0.17486,-0.900511,-0.180494,0.39543,0.07503,-0.017324,-0.00199,-0.310481,1.038333,0.151482,-1.406638,0.002327,0.042198,-0.014975,-0.37756,0.059021,0.924102,0.212748,-0.965741,0.148602,0.901213,0.252707,0.352068,0.037826,-0.01487,0.002393,0.342806,2.286272,-1.991642,-0.764324,0.111277,0.043635,-0.051996,-0.327998,0.563953,-0.757874,-0.827482,-0.558539,-0.057499,-0.455729,0.608268,0.649861,-0.00696,0.006279,-0.018204,-0.029183,-0.458955,-0.273291,0.474014
379,0.147843,0.038077,0.3787,-0.286675,0.564785,-0.773874,-0.882331,-0.470311,-0.016456,-0.372907,0.677392,0.634119,-0.014173,0.001988,-0.027647,-0.101638,-0.575895,-0.363261,0.489735,-0.180613,0.046816,0.335771,0.404853,-0.117746,0.906764,-0.111376,0.977885,0.176835,-0.908014,-0.172447,0.381622,0.075133,-0.018203,-0.002656,-0.341622,0.853313,0.316343,-1.406294,0.00306,0.042011,-0.014986,-0.362435,0.067607,0.929553,0.205506,-0.96702,0.150459,0.909069,0.245561,0.336589,0.037564,-0.009001,-0.001309,-0.129533,0.367772,-0.028077,-0.76857,0.111186,0.043722,-0.052328,-0.328093,0.555682,-0.763918,-0.826152,-0.560928,-0.053204,-0.458068,0.613657,0.643115,-0.000899,0.005838,-0.018629,-0.060795,-0.606182,-0.321226,0.47483
380,0.14748,0.038351,0.377473,-0.289192,0.547811,-0.785058,-0.880019,-0.474853,-0.007246,-0.376405,0.688088,0.620388,-0.013913,0.013223,-0.036098,-0.089649,-0.668249,-0.390684,0.490745,-0.177741,0.046083,0.335697,0.380594,-0.126197,0.916086,-0.101798,0.978851,0.177261,-0.919533,-0.160573,0.358524,0.07539,-0.018293,-0.002834,-0.120341,0.335496,-0.06574,-1.406674,0.004473,0.041652,-0.015022,-0.337275,0.080213,0.937981,0.196218,-0.96849,0.153377,0.920729,0.23578,0.310908,0.037691,-0.009042,-0.00139,-0.128396,0.348567,-0.055463,-0.763018,0.111005,0.043854,-0.052939,-0.328546,0.539419,-0.775295,-0.823606,-0.565422,-0.044379,-0.462308,0.623958,0.630036,-0.00098,0.000744,-0.014156,-0.146796,-0.751767,-0.425524,0.47581
381,0.147175,0.038516,0.376401,-0.291176,0.533092,-0.794402,-0.878072,-0.478499,0.000675,-0.379407,0.697074,0.608412,-0.001666,0.004331,-0.026794,-0.109719,-0.633554,-0.329186,0.492806,-0.175355,0.045431,0.335502,0.360764,-0.130785,0.923437,-0.090752,0.980443,0.174438,-0.928617,-0.146582,0.340656,0.049874,-0.009897,-0.010742,-0.043221,0.246121,-0.185952,-1.406237,0.005717,0.041314,-0.015119,-0.317143,0.08602,0.944469,0.185456,-0.971026,0.150712,0.930068,0.222954,0.292,0.024934,-0.005105,-0.005521,-0.02143,0.183415,-0.229781,-0.761549,0.110847,0.043936,-0.053481,-0.328759,0.524858,-0.785137,-0.821433,-0.569134,-0.036504,-0.466008,0.632937,0.618244,-0.006953,0.002093,-0.013258,-0.129325,-0.672321,-0.422596,0.478096
382,0.147032,0.038554,0.375932,-0.291884,0.528118,-0.797459,-0.877308,-0.479887,0.003238,-0.380625,0.699904,0.604389,-0.001918,-0.006557,-0.018239,-0.041469,-0.245563,-0.175239,0.493369,-0.174293,0.045163,0.335314,0.351061,-0.131768,0.92703,-0.087497,0.981046,0.172704,-0.932629,-0.141589,0.33169,0.049957,-0.010885,-0.011484,-0.080251,0.355999,-0.143883,-1.406369,0.006229,0.041184,-0.015209,-0.307893,0.087458,0.947392,0.182054,-0.97195,0.148891,0.93384,0.21832,0.283334,0.024976,-0.004954,-0.005436,-0.07873,0.25221,0.064709,-0.764488,0.110776,0.04396,-0.053717,-0.328788,0.518161,-0.78956,-0.820504,-0.570695,-0.032854,-0.467622,0.637036,0.612791,-0.000772,0.002529,-0.013198,-0.017042,-0.298173,-0.178812,0.479402
383,0.146709,0.038605,0.375124,-0.293413,0.518129,-0.803428,-0.875875,-0.48243,0.008686,-0.38274,0.705606,0.59637,-0.013705,-0.002482,-0.015667,-0.018182,-0.277304,0.028921,0.493761,-0.172464,0.044835,0.334927,0.334146,-0.136384,0.932598,-0.079168,0.981864,0.172077,-0.939544,-0.131171,0.316094,0.037567,-0.007766,-0.008396,-0.102406,0.617349,-0.011563,-1.406285,0.007148,0.041012,-0.015409,-0.292106,0.092524,0.951899,0.173707,-0.973621,0.14794,0.940478,0.208566,0.268328,0.018785,-0.003765,-0.004144,-0.040168,1.126125,-0.204569,-0.768733,0.110619,0.043984,-0.054117,-0.329219,0.508422,-0.795689,-0.818915,-0.573255,-0.027465,-0.470097,0.64256,0.605081,-0.006814,-0.001053,-0.007724,-0.048969,-0.265705,-0.191225,0.480545
384,0.146356,0.038614,0.374469,-0.295146,0.508713,-0.808793,-0.871919,-0.489515,0.010222,-0.390357,0.707585,0.589043,-0.013412,7e-06,-0.014303,-0.055648,-0.302176,-0.215009,0.493371,-0.171053,0.044571,0.334641,0.319476,-0.140409,0.93713,-0.075953,0.981931,0.173137,-0.94488,-0.126326,0.301839,0.02512,-0.007165,-0.007038,0.392486,0.353281,0.14442,-1.405993,0.007844,0.040884,-0.015549,-0.276746,0.09798,0.955934,0.172506,-0.973561,0.149728,0.945332,0.206341,0.252527,0.012709,-0.003278,-0.003494,5.076295,1.302408,1.715678,-0.768896,0.110442,0.043985,-0.054447,-0.32986,0.500323,-0.800542,-0.814291,-0.579834,-0.02686,-0.47762,0.643015,0.598673,-0.006721,-0.000234,-0.007282,-0.118469,-0.592651,-0.395716,0.480872
385,0.145955,0.038575,0.373984,-0.28821,0.503334,-0.814638,-0.871338,-0.490629,0.005063,-0.396786,0.710657,0.580994,-0.013216,0.001688,-0.013378,0.01588,-0.061345,-0.072568,0.48955,-0.170006,0.044316,0.334389,0.307215,-0.142697,0.940876,-0.07233,0.982278,0.172715,-0.949206,-0.120948,0.290245,0.02517,-0.007169,-0.007073,-0.10899,0.282833,0.251249,-1.406435,0.008382,0.040756,-0.015677,-0.265036,0.100975,0.958936,0.167072,-0.97465,0.148806,0.949653,0.19965,0.241447,0.012585,-0.003468,-0.00347,-0.169041,0.445962,0.376384,-0.766937,0.110242,0.043966,-0.054694,-0.32202,0.49441,-0.807379,-0.813441,-0.580807,-0.031228,-0.484371,0.646699,0.589205,-0.006716,-0.004473,-0.002342,-0.010202,-0.034452,-0.076166,0.478749
386,0.145706,0.038526,0.373798,-0.285176,0.50076,-0.817288,-0.871288,-0.490732,0.003278,-0.399081,0.712404,0.577271,-0.013173,0.002095,-0.013157,0.02705,-0.009776,-0.049925,0.488562,-0.169571,0.044165,0.334246,0.300727,-0.139973,0.943378,-0.073575,0.982765,0.169393,-0.951178,-0.120187,0.284039,0.025199,-0.007447,-0.007287,0.087158,0.546091,-0.573975,-1.406473,0.008599,0.040681,-0.015748,-0.257817,0.10051,0.960951,0.168305,-0.974696,0.147102,0.951421,0.199659,0.234376,0.00631,-0.003958,-0.003326,0.341257,1.709973,-2.134127,-0.765141,0.110117,0.043942,-0.054787,-0.318675,0.492169,-0.81007,-0.813338,-0.580857,-0.032948,-0.486751,0.648362,0.585405,-0.006697,-0.004266,-0.002229,0.005767,-0.050131,0.121823,0.477116
387,0.145176,0.03835,0.373482,-0.284985,0.499219,-0.818297,-0.868923,-0.494917,0.000617,-0.404335,0.710591,0.575848,-0.013611,-0.009866,-0.005245,0.003074,-0.069025,0.11842,0.489001,-0.169124,0.043837,0.333965,0.291149,-0.142087,0.946063,-0.07552,0.982356,0.1709,-0.95399,-0.121038,0.274072,0.012708,-0.008918,-0.007368,-0.047948,0.131197,0.100363,-1.406149,0.008833,0.040514,-0.015891,-0.247914,0.102652,0.963327,0.170333,-0.974261,0.147652,0.95369,0.200692,0.224048,0.006359,-0.004496,-0.00372,-0.044424,0.117015,0.092331,-0.758446,0.109848,0.043859,-0.054948,-0.318413,0.491069,-0.81084,-0.81046,-0.584695,-0.035845,-0.491698,0.64574,0.584167,-0.006806,-0.004986,-0.002644,0.002808,-0.067742,0.119363,0.47581
388,0.144631,0.038146,0.373138,-0.282142,0.496876,-0.820704,-0.869325,-0.494212,-0.000416,-0.405466,0.712722,0.572408,-0.013645,-0.009886,-0.005282,-0.001718,0.028743,-0.054718,0.488476,-0.169182,0.043466,0.333515,0.281621,-0.139875,0.949271,-0.077236,0.98275,0.167843,-0.956698,-0.120423,0.264746,-0.012293,-0.016633,-0.010937,0.027521,0.794984,-0.796494,-1.406204,0.008808,0.040343,-0.016106,-0.23903,0.101766,0.965664,0.171751,-0.974381,0.145198,0.955701,0.20056,0.215428,-0.000342,-0.002141,-0.009418,0.284529,1.869626,-2.075478,-0.758283,0.109585,0.04376,-0.055113,-0.31534,0.489076,-0.813243,-0.810917,-0.584004,-0.036776,-0.492923,0.647876,0.58076,-0.006845,-0.005157,-0.002754,-0.00028,0.034352,-0.051447,0.475646
389,0.144348,0.038055,0.372939,-0.281208,0.496884,-0.82102,-0.869399,-0.494081,-0.001306,-0.405958,0.712807,0.571954,-0.025706,0.001109,-0.013437,0.037434,-0.069013,0.106329,0.487823,-0.16931,0.043273,0.333185,0.277199,-0.139145,0.950679,-0.07771,0.982917,0.166642,-0.957945,-0.119908,0.260436,-0.013201,-0.006317,-0.019338,-0.044391,0.242336,0.090502,-1.406239,0.008744,0.04024,-0.01627,-0.234075,0.100258,0.967035,0.172236,-0.974658,0.142739,0.95684,0.19997,0.210874,-0.000303,-0.00299,-0.010046,-0.076627,0.312286,0.226757,-0.759916,0.109443,0.043712,-0.055214,-0.314424,0.489236,-0.813501,-0.810983,-0.583853,-0.037676,-0.493398,0.64789,0.580341,-0.006777,-0.000237,-0.007323,0.033629,0.015138,-0.036394,0.47483
390,0.143742,0.037834,0.372452,-0.280762,0.494294,-0.822734,-0.869071,-0.494658,-0.000678,-0.406966,0.714208,0.569484,-0.013965,-0.003195,-0.016257,0.032903,0.028091,-0.062407,0.487948,-0.169628,0.042842,0.332388,0.264039,-0.137129,0.95471,-0.079263,0.983356,0.163285,-0.961513,-0.118628,0.247555,-0.000587,-0.009432,-0.022687,0.013463,0.076306,0.008034,-1.406367,0.00858,0.040025,-0.016668,-0.21971,0.10025,0.9704,0.173821,-0.974766,0.140056,0.959954,0.199448,0.196741,-0.006573,-0.005447,-0.011363,0.011232,0.156597,-0.213657,-0.754037,0.109137,0.043606,-0.055455,-0.313516,0.486726,-0.815355,-0.810653,-0.584347,-0.037118,-0.494517,0.649334,0.577769,-0.006932,-0.001286,-0.007939,0.035978,0.021986,-0.032862,0.47434
391,0.143027,0.037655,0.371835,-0.282093,0.493978,-0.822468,-0.868207,-0.496172,-0.000287,-0.407884,0.713377,0.569868,-0.026392,-0.003189,-0.015979,0.03272,0.028985,-0.066674,0.486789,-0.169749,0.042289,0.331422,0.259643,-0.130971,0.956778,-0.103043,0.981294,0.16241,-0.960448,-0.140605,0.240068,-0.000518,-0.014927,-0.026838,-5.26037,-0.852893,-1.375113,-1.406369,0.00852,0.03976,-0.017137,-0.214384,0.09592,0.972027,0.191544,-0.971714,0.138135,0.957783,0.2158,0.189947,-0.000251,-0.00733,-0.013307,0.023789,0.013336,-0.070271,-0.752241,0.108789,0.043516,-0.055758,-0.314902,0.486324,-0.815061,-0.809637,-0.58578,-0.036712,-0.495301,0.648343,0.57821,-0.013239,-0.00199,-0.008205,0.031912,0.043404,-0.09146,0.473197
