frame,MLTx,MLTy,MLTz,MLTR1,MLTR2,MLTR3,MLTR4,MLTR5,MLTR6,MLTR7,MLTR8,MLTR9,MLTTVx,MLTTVy,MLTTVz,MLTRVx,MLTRVy,MLTRVz,MLGA,MRTx,MRTy,MRTz,MRTR1,MRTR2,MRTR3,MRTR4,MRTR5,MRTR6,MRTR7,MRTR8,MRTR9,MRTTVx,MRTTVy,MRTTVz,MRTRVx,MRTRVy,MRTRVz,MRGA,SLTx,SLTy,SLTz,SLTR1,SLTR2,SLTR3,SLTR4,SLTR5,SLTR6,SLTR7,SLTR8,SLTR9,SLTTVx,SLTTVy,SLTTVz,SLTRVx,SLTRVy,SLTRVz,SLGA,SRTx,SRTy,SRTz,SRTR1,SRTR2,SRTR3,SRTR4,SRTR5,SRTR6,SRTR7,SRTR8,SRTR9,SRTTVx,SRTTVy,SRTTVz,SRTRVx,SRTRVy,SRTRVz,SRGA
845,0.09085,-0.01626,0.314217,-0.127589,-0.519576,-0.844871,0.305839,-0.830927,0.464752,-0.943343,-0.198457,0.26598,-0.0,-0.0,-0.0,-0.0,0.0,0.0,0.162533,-0.205141,0.010255,0.29646,-0.744857,0.196578,0.637602,-0.650918,-0.424392,-0.629389,0.14782,-0.884045,0.443257,0.000169,0.001489,0.001559,0.0,0.0,0.0,-0.581056,0.023455,0.058786,-0.009774,0.754141,-0.16189,0.636444,0.631962,0.442451,-0.636286,-0.178587,0.882058,0.43598,9.8e-05,0.000876,0.000917,-9e-06,-1.7e-05,1e-06,-0.772326,0.048102,0.04255,-0.04928,0.107893,0.526545,-0.843272,-0.353777,0.813035,0.462401,0.929086,0.24844,0.274,-0.007337,0.0013,0.000898,-0.000647,0.014712,-0.029778,0.040804
846,0.090783,-0.016245,0.314212,-0.126929,-0.517164,-0.846449,0.305509,-0.832243,0.46261,-0.94354,-0.199242,0.264692,-1.2e-05,-3.8e-05,-4.2e-05,-0.000231,-0.011398,0.019262,0.141483,-0.205137,0.010285,0.296491,-0.744809,0.196671,0.637629,-0.650984,-0.42437,-0.629336,0.147769,-0.884035,0.443294,0.000112,0.000991,0.001037,0.0,0.0,0.0,-0.580593,0.023457,0.058802,-0.009757,0.754098,-0.161985,0.636471,0.632029,0.442432,-0.636233,-0.178535,0.882051,0.436017,6.1e-05,0.000548,0.000573,1.6e-05,-3e-06,-2.9e-05,-0.772326,0.048069,0.042557,-0.049282,0.107365,0.524057,-0.844888,-0.353497,0.814392,0.460221,0.929253,0.249255,0.27269,-0.007344,0.001284,0.000876,-0.001518,-0.02333,0.034424,0.011085
847,0.090718,-0.016217,0.314208,-0.129993,-0.516502,-0.846388,0.300635,-0.833971,0.46269,-0.944684,-0.193671,0.264747,-0.0,-0.0,-0.0,0.0,0.0,0.0,0.090181,-0.205145,0.010316,0.296524,-0.74484,0.196616,0.63761,-0.650942,-0.424384,-0.62937,0.147798,-0.88404,0.443274,5.4e-05,0.000477,0.000499,0.0,0.0,0.0,-0.580137,0.023453,0.058817,-0.009742,0.754126,-0.16193,0.636452,0.631987,0.442444,-0.636266,-0.178564,0.882055,0.435997,3.4e-05,0.00031,0.000324,9e-06,9e-06,-7e-06,-0.771999,0.048036,0.042571,-0.049284,0.110472,0.523601,-0.84477,-0.348723,0.816355,0.460386,0.930691,0.243731,0.272776,-2e-06,1e-06,1.2e-05,0.000318,-2.8e-05,-0.000254,-0.053742
848,0.090709,-0.016201,0.31421,-0.132365,-0.513298,-0.847968,0.295348,-0.837053,0.460526,-0.946018,-0.188856,0.263458,1e-06,3e-06,3e-06,-2.8e-05,1.5e-05,9e-06,0.053058,-0.205146,0.010295,0.296517,-0.744865,0.196564,0.637597,-0.650903,-0.424419,-0.629386,0.147844,-0.884035,0.443269,-0.000118,-0.001038,-0.001086,0.0,0.0,0.0,-0.577296,0.023453,0.058808,-0.009743,0.754149,-0.161877,0.636438,0.631947,0.442477,-0.636283,-0.17861,0.882048,0.435992,-7.1e-05,-0.000629,-0.000657,-0.001502,0.016983,-0.023261,-0.770693,0.048032,0.04258,-0.049283,0.113027,0.520514,-0.846338,-0.343578,0.819725,0.458262,0.932297,0.238988,0.271488,-2e-06,-4e-06,1e-06,0.000202,0.001006,-0.001374,-0.120854
849,0.09068,-0.016165,0.314201,-0.132343,-0.513305,-0.847967,0.295421,-0.837032,0.460516,-0.945998,-0.188929,0.263477,-0.014665,0.002628,0.001812,-0.000984,0.014715,-0.029553,0.042605,-0.205146,0.010295,0.296517,-0.745439,0.194766,0.637478,-0.650336,-0.422641,-0.631166,0.147446,-0.885282,0.440907,-2e-06,-1.5e-05,-1.6e-05,0.0,0.0,-0.0,-0.576727,0.023453,0.058805,-0.009746,0.754662,-0.160031,0.636297,0.631431,0.440638,-0.638069,-0.178266,0.883304,0.433582,-1e-06,-1.3e-05,-1.2e-05,-0.003477,-0.002261,0.001823,-0.769713,0.048023,0.042597,-0.049288,0.113002,0.520511,-0.846344,-0.343657,0.819703,0.458242,0.932271,0.23907,0.271505,0.000474,0.005525,-0.004129,0.034903,-0.018166,0.015434,-0.144041
850,0.090609,-0.016074,0.314142,-0.132247,-0.513221,-0.848033,0.295654,-0.837021,0.460388,-0.945939,-0.189207,0.263489,0.000941,0.011032,-0.008283,0.034565,-0.018161,0.015722,0.020423,-0.205157,0.01028,0.296517,-0.745467,0.194713,0.637461,-0.650293,-0.422678,-0.631186,0.147492,-0.885276,0.440903,-0.0,-1e-06,-1e-06,0.0,0.0,-0.0,-0.57579,0.023447,0.058798,-0.009746,0.754681,-0.160004,0.636281,0.631394,0.440698,-0.638064,-0.178315,0.88328,0.433612,0.000156,-0.005897,0.003606,-0.036209,0.01456,-0.015823,-0.76759,0.047981,0.042639,-0.049314,0.112916,0.520459,-0.846387,-0.343877,0.819663,0.458149,0.9322,0.239321,0.271527,-1e-06,-5e-06,-3e-06,0.000206,-0.000124,-5e-05,-0.179312
851,0.090484,-0.015959,0.31409,-0.131954,-0.510986,-0.849427,0.289702,-0.83938,0.459876,-0.94782,-0.184769,0.259854,-0.0,-0.0,-0.0,-0.017236,-0.034703,-0.020757,0.007972,-0.205155,0.010227,0.296549,-0.745504,0.194625,0.637445,-0.650216,-0.422836,-0.63116,0.147647,-0.88522,0.440964,0.000311,-0.011798,0.007206,-0.036149,0.014624,-0.01584,-0.573178,0.023448,0.058776,-0.009733,0.754709,-0.15993,0.636267,0.631326,0.440827,-0.638043,-0.178442,0.883229,0.433664,2e-06,3e-06,4e-06,-1.4e-05,-3.7e-05,-1.7e-05,-0.765794,0.04792,0.0427,-0.049343,0.112479,0.518252,-0.847798,-0.337906,0.822313,0.457842,0.934434,0.234978,0.267614,-0.007333,0.001305,0.000896,-0.003623,-0.002437,-0.040656,-0.202173
852,0.090326,-0.015855,0.314055,-0.13167,-0.508855,-0.850749,0.283686,-0.841664,0.459453,-0.949678,-0.180223,0.25624,-0.014665,0.002616,0.001791,-0.001471,0.013736,-0.030139,-0.012322,-0.205143,0.010198,0.296576,-0.745441,0.194732,0.637486,-0.650285,-0.4229,-0.631045,0.14766,-0.885165,0.441069,7.2e-05,0.000633,0.000662,0.0,0.0,0.0,-0.572754,0.023454,0.058755,-0.009718,0.754655,-0.160025,0.636306,0.631379,0.440921,-0.637925,-0.178477,0.883164,0.43378,5e-05,0.000427,0.000451,8e-06,-2.6e-05,-5.1e-05,-0.764651,0.047846,0.042751,-0.049361,0.112464,0.516058,-0.849138,-0.332135,0.824931,0.457356,0.936502,0.230593,0.264176,1e-06,-0.0,2e-06,0.00746,0.009944,0.005525,-0.222421
853,0.09024,-0.015815,0.314047,-0.128353,-0.507318,-0.852173,0.28247,-0.842383,0.458883,-0.950498,-0.18119,0.252489,-0.014664,0.002618,0.001792,-0.02488,-0.033403,-0.058144,-0.025613,-0.205131,0.010186,0.296592,-0.745431,0.194741,0.637495,-0.650289,-0.422943,-0.631012,0.147691,-0.885143,0.441103,5.3e-05,0.000466,0.000488,0.0,0.0,0.0,-0.572789,0.02346,0.05875,-0.009709,0.754647,-0.160034,0.636315,0.631381,0.440965,-0.637893,-0.178508,0.883141,0.433815,2.9e-05,0.000256,0.000269,-5e-06,1e-06,1.9e-05,-0.764487,0.047797,0.042773,-0.049364,0.109084,0.514361,-0.850607,-0.330841,0.825714,0.45688,0.93736,0.231578,0.260244,-0.007332,0.00131,0.000897,-0.007597,-0.007026,-0.049511,-0.232545
854,0.090076,-0.015758,0.314036,-0.134778,-0.506036,-0.851944,0.266673,-0.846583,0.460602,-0.954156,-0.164489,0.250111,-0.000137,-0.000431,-0.000486,-0.130019,0.062915,0.03384,-0.057754,-0.205132,0.010162,0.296597,-0.745453,0.194693,0.637484,-0.65025,-0.423,-0.631014,0.147753,-0.885126,0.441116,-8.4e-05,-0.000744,-0.000779,0.0,0.0,0.0,-0.572331,0.02346,0.05874,-0.009704,0.754666,-0.159985,0.636303,0.63134,0.44102,-0.637895,-0.178569,0.883122,0.433828,-5e-05,-0.000431,-0.000453,-8e-06,-1.4e-05,-0.0,-0.763834,0.047716,0.042802,-0.049369,0.115552,0.513464,-0.850294,-0.315475,0.830678,0.458746,0.941871,0.215237,0.257971,-9.1e-05,-0.000287,-0.000317,-0.416249,0.245966,0.133525,-0.254426
855,0.08993,-0.015736,0.314035,-0.137071,-0.503113,-0.853308,0.261302,-0.849284,0.458704,-0.955312,-0.159476,0.248943,-5.3e-05,-0.000166,-0.000188,-1e-06,-1e-06,-0.0,-0.09376,-0.20512,0.010168,0.296602,-0.745431,0.194731,0.637498,-0.65028,-0.42299,-0.63099,0.147733,-0.885123,0.441129,3.2e-05,0.000281,0.000294,0.0,0.0,0.0,-0.571972,0.023465,0.058741,-0.009704,0.754646,-0.160024,0.636318,0.63137,0.441011,-0.637871,-0.178549,0.88312,0.433842,2.1e-05,0.000184,0.000192,2e-06,-1e-05,-2.7e-05,-0.763508,0.047643,0.042812,-0.049371,0.118308,0.510561,-0.851663,-0.310218,0.833761,0.456735,0.943274,0.210166,0.257026,-3.1e-05,-9.7e-05,-0.000101,0.00069,0.002593,-0.003725,-0.280715
856,0.089884,-0.015733,0.314034,-0.141457,-0.496749,-0.856315,0.25039,-0.854833,0.454464,-0.957587,-0.149514,0.246373,-1e-06,-3e-06,-3e-06,-0.000106,-0.000256,0.000548,-0.125384,-0.205118,0.010186,0.296621,-0.745403,0.194786,0.637514,-0.650319,-0.422977,-0.630959,0.147703,-0.885117,0.441152,5.2e-05,0.000459,0.00048,0.0,0.0,0.0,-0.5717,0.023466,0.058751,-0.009694,0.754619,-0.160081,0.636335,0.631411,0.440999,-0.637839,-0.178518,0.883115,0.433864,2.6e-05,0.000238,0.00025,9e-06,3e-06,-1.6e-05,-0.763181,0.04762,0.042813,-0.049372,0.12306,0.504401,-0.854655,-0.299554,0.83991,0.452566,0.946109,0.200322,0.254455,3e-06,9e-06,1.5e-05,0.000506,0.003457,-0.005405,-0.306679
857,0.089872,-0.015737,0.314029,-0.144407,-0.49594,-0.856292,0.245329,-0.856281,0.454499,-0.958453,-0.14383,0.246391,-1.4e-05,-4.4e-05,-5e-05,-0.038332,0.020346,0.01103,-0.143592,-0.205116,0.010204,0.29664,-0.745374,0.194842,0.63753,-0.650359,-0.422964,-0.630927,0.147672,-0.885111,0.441174,9.2e-05,0.000815,0.000852,0.0,0.0,0.0,-0.571238,0.023467,0.058759,-0.009685,0.754593,-0.160138,0.636352,0.631451,0.440988,-0.637807,-0.178487,0.883111,0.433886,4.8e-05,0.000431,0.000451,3e-06,-2e-05,-4.4e-05,-0.763018,0.047613,0.042811,-0.049374,0.126045,0.503807,-0.85457,-0.294618,0.841585,0.452696,0.947265,0.194712,0.254508,-4e-06,-1.6e-05,-1.2e-05,-0.12831,0.069272,0.035878,-0.318599
858,0.089904,-0.015721,0.313987,-0.143896,-0.493478,-0.857799,0.238993,-0.858483,0.453719,-0.960129,-0.139113,0.242542,0.015591,0.008331,-0.010159,0.02304,-0.057991,0.030238,-0.192069,-0.205101,0.010246,0.296684,-0.745295,0.194993,0.637577,-0.650468,-0.422928,-0.630839,0.147591,-0.885096,0.441232,0.000184,0.001623,0.001697,0.0015,-0.016989,0.023229,-0.569806,0.023475,0.058779,-0.009665,0.754529,-0.160271,0.636394,0.631548,0.44096,-0.637731,-0.178415,0.8831,0.433937,2.5e-05,0.000221,0.00023,7e-06,3e-06,-2e-05,-0.762365,0.047623,0.042816,-0.049391,0.125436,0.501433,-0.856055,-0.288189,0.844079,0.45219,0.949321,0.189985,0.250385,-1.2e-05,-4.2e-05,-4.2e-05,0.003911,-0.004066,-0.003038,-0.35142
859,0.089946,-0.015694,0.313912,-0.143334,-0.491012,-0.859307,0.232708,-0.860641,0.452897,-0.961756,-0.134448,0.238696,0.000706,0.010264,-0.009147,0.034267,-0.018549,0.015491,-0.233719,-0.205099,0.010264,0.296703,-0.745267,0.195049,0.637593,-0.650507,-0.422914,-0.630807,0.14756,-0.88509,0.441254,2.9e-05,0.000256,0.000267,0.0,0.0,0.0,-0.568882,0.023476,0.058791,-0.009652,0.754494,-0.160347,0.636417,0.631601,0.440945,-0.637688,-0.178374,0.883094,0.433966,1.2e-05,0.000104,0.000109,-1.5e-05,-1.7e-05,-8e-06,-0.761548,0.04765,0.042834,-0.049431,0.125198,0.498826,-0.857611,-0.282179,0.846616,0.451237,0.951157,0.185506,0.246753,0.000344,0.005101,-0.004606,0.039636,-0.009792,0.016482,-0.385875
860,0.089956,-0.015674,0.313873,-0.143638,-0.491026,-0.859248,0.226786,-0.86147,0.454323,-0.963124,-0.129003,0.236172,-0.000119,-0.000375,-0.000423,-0.010615,-0.021296,-0.012764,-0.253445,-0.205077,0.01027,0.296707,-0.745232,0.195106,0.637616,-0.650554,-0.422899,-0.63077,0.147531,-0.885085,0.441274,1.1e-05,9.4e-05,9.8e-05,0.0,0.0,0.0,-0.568568,0.023487,0.058794,-0.00965,0.754462,-0.160405,0.63644,0.631648,0.440932,-0.637651,-0.178344,0.88309,0.433986,3e-06,2.7e-05,2.9e-05,-3e-06,-4e-06,-1.1e-05,-0.761222,0.047655,0.042843,-0.049452,0.125293,0.498942,-0.85753,-0.276196,0.847714,0.452875,0.952899,0.180104,0.244018,0.000408,0.005306,-0.004371,0.041259,-0.016606,0.016224,-0.400898
861,0.089966,-0.015603,0.313753,-0.141672,-0.492018,-0.859007,0.214125,-0.862439,0.458608,-0.96631,-0.118358,0.228611,-0.000433,-0.001358,-0.001532,-0.155421,-0.311853,-0.187066,-0.291183,-0.205035,0.010269,0.296704,-0.745182,0.195183,0.637651,-0.65062,-0.422876,-0.630717,0.147493,-0.885078,0.4413,0.0,0.0,0.0,0.0,0.0,0.0,-0.567519,0.023508,0.058793,-0.009652,0.754414,-0.160485,0.636477,0.631716,0.440911,-0.637598,-0.178306,0.883086,0.434011,-1e-06,-1.1e-05,-1.3e-05,-3.8e-05,-7e-05,-7.5e-05,-0.760732,0.047661,0.042881,-0.049509,0.124561,0.499438,-0.857347,-0.264063,0.849601,0.45656,0.956427,0.169524,0.23771,0.000231,0.004735,-0.005016,-0.223978,-0.483197,-0.297671,-0.431269
862,0.090006,-0.015502,0.313559,-0.139312,-0.492917,-0.858878,0.207645,-0.862587,0.461303,-0.968069,-0.11347,0.223594,0.014993,0.006464,-0.012268,0.016425,-0.071222,0.022247,-0.329112,-0.205026,0.010265,0.296685,-0.745182,0.19518,0.637652,-0.650623,-0.422853,-0.630729,0.147478,-0.88509,0.441281,-2e-05,-0.000173,-0.000181,0.0,0.0,0.0,-0.565536,0.023512,0.058791,-0.009662,0.754415,-0.160482,0.636477,0.63172,0.440888,-0.63761,-0.178291,0.883098,0.433992,-1.2e-05,-0.000108,-0.000115,-1.8e-05,-6e-06,-1.1e-05,-0.759589,0.047675,0.042928,-0.049602,0.120677,0.500697,-0.857168,-0.257097,0.849781,0.460187,0.958821,0.164842,0.231277,-0.000369,-0.00117,-0.001317,0.008646,0.014417,-0.024734,-0.459192
863,0.090035,-0.015448,0.313436,-0.137039,-0.493918,-0.858668,0.200963,-0.862675,0.464089,-0.969805,-0.108354,0.218552,-0.000634,-0.001989,-0.002248,-0.061807,-0.124,-0.074536,-0.352425,-0.205026,0.010265,0.296685,-0.745182,0.19518,0.637652,-0.650623,-0.422853,-0.630729,0.147478,-0.88509,0.441281,-0.0,-3e-06,-3e-06,0.0,0.0,0.0,-0.564201,0.023512,0.05879,-0.009662,0.754414,-0.160482,0.636477,0.63172,0.440888,-0.63761,-0.178291,0.883098,0.433992,1e-06,4e-06,4e-06,-1.5e-05,-1.4e-05,-3.1e-05,-0.758446,0.047695,0.042957,-0.049668,0.118501,0.501494,-0.857006,-0.250489,0.850271,0.462918,0.960839,0.159815,0.226377,0.007416,0.002971,-0.006425,-0.019133,-0.154863,-0.027818,-0.474868
864,0.090087,-0.015336,0.313132,-0.134674,-0.494918,-0.858466,0.194669,-0.862683,0.466748,-0.971421,-0.103649,0.213599,-8.8e-05,0.007776,-0.01196,0.029147,-0.013423,-0.01506,-0.428158,-0.205026,0.010256,0.29669,-0.745188,0.195165,0.637649,-0.65061,-0.422879,-0.630725,0.147504,-0.885081,0.441291,-0.0,-0.0,-0.0,0.0,0.0,0.0,-0.561881,0.023512,0.058786,-0.00966,0.75442,-0.160467,0.636474,0.631706,0.440914,-0.637606,-0.178316,0.883088,0.434003,3e-06,4e-06,6e-06,1.1e-05,2.4e-05,-1.3e-05,-0.756323,0.047721,0.043011,-0.049815,0.11604,0.502373,-0.856828,-0.244297,0.850591,0.465631,0.962732,0.155289,0.22143,-0.000411,-0.001303,-0.001472,0.017818,0.022153,0.013691,-0.519283
865,0.090165,-0.015253,0.312798,-0.132337,-0.495966,-0.858225,0.188371,-0.862638,0.469409,-0.972986,-0.098934,0.208656,0.0145,0.004916,-0.01403,0.006904,-0.074771,-0.013648,-0.523279,-0.204996,0.010252,0.296669,-0.745164,0.195201,0.637667,-0.650646,-0.422845,-0.630711,0.14747,-0.88509,0.441285,-2.9e-05,-0.000257,-0.000268,0.0,0.0,0.0,-0.547128,0.023528,0.058784,-0.00967,0.754397,-0.160503,0.636493,0.631744,0.440882,-0.637591,-0.178283,0.883097,0.433996,-1.4e-05,-0.00013,-0.000135,-3e-06,-9e-06,-2.9e-05,-0.749465,0.04776,0.043055,-0.049988,0.113697,0.503283,-0.856608,-0.238053,0.850884,0.468323,0.964574,0.150671,0.216551,0.00726,0.002471,-0.006999,0.025917,-0.048,0.002843,-0.586396
866,0.090201,-0.015182,0.312617,-0.135138,-0.495086,-0.858297,0.183677,-0.863739,0.469243,-0.973495,-0.093627,0.208732,0.014744,0.005683,-0.013163,-0.391737,0.199707,0.148608,-0.575625,-0.204988,0.010237,0.296638,-0.745182,0.195161,0.637657,-0.650623,-0.42283,-0.630744,0.147475,-0.885105,0.441252,-9.3e-05,-0.000827,-0.000865,0.0,0.0,0.0,-0.530571,0.023526,0.058777,-0.009684,0.754426,-0.160442,0.636474,0.631704,0.440871,-0.637638,-0.178299,0.883114,0.433957,-6.9e-05,-0.000619,-0.000647,-1.6e-05,-1.2e-05,-9e-06,-0.739341,0.047772,0.043083,-0.050071,0.115861,0.502702,-0.856659,-0.235036,0.851849,0.468092,0.965056,0.147113,0.216849,-0.000466,-0.001184,-0.001591,-4.741695,2.593153,1.153808,-0.620687
867,0.090295,-0.01505,0.312245,-0.134866,-0.494885,-0.858456,0.184509,-0.863754,0.46889,-0.973375,-0.094547,0.208874,-0.001129,-0.003548,-0.004028,-0.0,-0.0,-0.0,-0.658887,-0.204995,0.010209,0.296565,-0.745249,0.195037,0.637617,-0.650543,-0.422791,-0.630853,0.14749,-0.885151,0.441154,-9.9e-05,-0.000876,-0.000916,0.0,0.0,0.0,-0.478079,0.023528,0.058762,-0.009723,0.754476,-0.160336,0.636441,0.631642,0.440823,-0.637733,-0.178307,0.883157,0.433866,-5.7e-05,-0.000517,-0.00054,7e-06,1.8e-05,1e-05,-0.700641,0.047825,0.043156,-0.050265,0.116592,0.50223,-0.856837,-0.234439,0.852259,0.467646,0.965113,0.146352,0.217109,-0.000575,-0.001831,-0.002078,9.6e-05,0.000222,0.000138,-0.692698
868,0.090427,-0.014923,0.311824,-0.129453,-0.496511,-0.858349,0.183514,-0.862669,0.471271,-0.974304,-0.095901,0.203865,0.014205,0.003989,-0.015101,-0.132657,-0.355432,-0.184092,-0.779337,-0.204989,0.010199,0.296509,-0.745275,0.194989,0.637602,-0.65052,-0.422733,-0.630916,0.147465,-0.885189,0.441086,-4.5e-05,-0.000398,-0.000417,0.0,0.0,0.0,-0.392179,0.023531,0.058756,-0.009751,0.7545,-0.160286,0.636425,0.63162,0.440763,-0.637795,-0.178283,0.883196,0.433796,-2.8e-05,-0.000251,-0.000264,-3e-06,-1e-06,8e-06,-0.634671,0.047886,0.04322,-0.050467,0.113182,0.502873,-0.856917,-0.234151,0.851668,0.468866,0.965589,0.147581,0.214142,0.007292,0.002571,-0.006895,-0.189532,-0.489376,-0.231537,-0.760137
869,0.090687,-0.014859,0.311405,-0.124118,-0.498188,-0.858166,0.182419,-0.861562,0.473715,-0.97521,-0.097136,0.198887,0.013272,-0.007025,-0.006823,-0.106029,-0.214313,-0.125499,-0.90161,-0.205016,0.010225,0.296435,-0.745314,0.194941,0.637571,-0.650497,-0.422586,-0.631037,0.147364,-0.88527,0.440958,-0.00017,-0.001509,-0.00158,0.0,0.0,0.0,-0.296692,0.023518,0.058772,-0.009785,0.754537,-0.160238,0.636393,0.631603,0.440615,-0.637915,-0.178186,0.883279,0.433667,-9.8e-05,-0.000872,-0.000913,-0.001517,0.016975,-0.023232,-0.542902,0.048016,0.043254,-0.050682,0.106121,0.504821,-0.856676,-0.232359,0.850278,0.472267,0.966823,0.148939,0.207532,-0.000136,0.003584,-0.006342,-0.127695,-0.325957,-0.172111,-0.861214
870,0.090816,-0.01482,0.311179,-0.123944,-0.497974,-0.858315,0.182852,-0.861627,0.473429,-0.975152,-0.097653,0.198922,-0.00043,0.006715,-0.013193,0.03267,-0.006317,-0.010808,-0.959552,-0.20503,0.010254,0.296378,-0.745262,0.195064,0.637593,-0.650596,-0.422421,-0.631046,0.147189,-0.885321,0.440912,-0.000107,-0.000944,-0.000989,0.0,0.0,0.0,-0.244479,0.02351,0.058785,-0.009815,0.75449,-0.160363,0.636417,0.631708,0.440454,-0.637923,-0.178014,0.883336,0.43362,-6.3e-05,-0.000566,-0.000592,1.1e-05,2.1e-05,1.2e-05,-0.494078,0.048085,0.043271,-0.050798,0.105309,0.504806,-0.856784,-0.232638,0.850174,0.472317,0.966844,0.149582,0.206968,-0.000202,0.00338,-0.006574,0.045472,0.012677,0.000972,-0.899913
871,0.091061,-0.014772,0.310755,-0.123648,-0.497611,-0.858569,0.183625,-0.861733,0.472938,-0.975044,-0.098565,0.198998,0.01334,-0.006834,-0.006627,0.00068,0.000409,0.005022,-1.084193,-0.205053,0.010299,0.296221,-0.745312,0.195009,0.637552,-0.650588,-0.422115,-0.631258,0.146971,-0.88548,0.440668,-0.000265,-0.002347,-0.00246,0.0,0.0,0.0,-0.127433,0.023499,0.058809,-0.009892,0.754537,-0.160306,0.636375,0.63171,0.440145,-0.638132,-0.177801,0.8835,0.433373,-0.000138,-0.001246,-0.001305,-1e-06,-1.2e-05,-3.8e-05,-0.381245,0.048203,0.043296,-0.051008,0.105231,0.504365,-0.857054,-0.233506,0.850275,0.471705,0.966644,0.150489,0.207247,-9.3e-05,0.003727,-0.006181,0.034547,-0.017722,0.015959,-0.909547
872,0.091202,-0.014751,0.310463,-0.123428,-0.497323,-0.858767,0.184126,-0.861828,0.47257,-0.974978,-0.099181,0.199017,0.013747,-0.00556,-0.005179,0.000683,0.000423,0.00503,-1.219461,-0.205122,0.01031,0.29603,-0.745469,0.194764,0.637444,-0.650435,-0.421858,-0.631588,0.146852,-0.885655,0.440354,-0.000369,-0.003251,-0.003412,0.0,0.0,0.0,-0.011723,0.023465,0.058812,-0.009983,0.754682,-0.160061,0.636266,0.631566,0.439902,-0.638444,-0.177705,0.883666,0.433075,-0.00018,-0.001611,-0.001688,-5e-06,6e-06,1e-06,-0.267105,0.048273,0.043306,-0.051155,0.105038,0.504063,-0.857255,-0.234001,0.850347,0.47133,0.966545,0.151091,0.20727,-0.000384,-0.001237,-0.00142,-0.000176,0.000111,5.7e-05,-0.910364
873,0.091228,-0.014757,0.310396,-0.12594,-0.496324,-0.85898,0.185174,-0.86241,0.471095,-0.974455,-0.099121,0.201592,-0.000538,-0.001704,-0.00195,0.014563,0.029365,0.017934,-1.289541,-0.205174,0.010267,0.295929,-0.745617,0.194504,0.637349,-0.65025,-0.421832,-0.631796,0.14692,-0.885725,0.440192,-0.000422,-0.003713,-0.003899,0.0,0.0,0.0,0.036259,0.023439,0.058791,-0.010033,0.75482,-0.159795,0.636168,0.63138,0.439867,-0.638651,-0.177777,0.883731,0.432912,-0.00727,-0.001761,-0.001449,-0.002054,0.015216,-0.029216,-0.209463,0.04829,0.043299,-0.051192,0.107879,0.503102,-0.857467,-0.235225,0.850928,0.469671,0.965935,0.15103,0.21014,-0.0003,-0.000966,-0.001108,-0.000432,0.010028,0.005748,-0.910691
874,0.091223,-0.014841,0.31038,-0.131156,-0.494606,-0.85919,0.186966,-0.863458,0.468461,-0.973418,-0.098589,0.206796,-8.7e-05,-0.000276,-0.000317,0.009167,0.018468,0.011275,-1.449803,-0.205287,0.010121,0.295766,-0.745709,0.194374,0.637281,-0.650134,-0.42185,-0.631903,0.146963,-0.885745,0.440137,-0.014531,-0.003319,-0.002695,-0.002045,0.015205,-0.029245,0.115922,0.023387,0.05872,-0.010121,0.754898,-0.159679,0.636105,0.631281,0.439852,-0.638759,-0.177796,0.88376,0.432846,-0.000244,-0.002157,-0.002266,-0.001491,0.01704,-0.023194,-0.095323,0.048288,0.043257,-0.051201,0.113278,0.501633,-0.857631,-0.237053,0.851904,0.466973,0.964869,0.150407,0.215416,-0.000502,-0.005635,0.003995,-0.046881,0.006851,-0.023045,-0.91167
875,0.091186,-0.014954,0.310436,-0.136335,-0.492723,-0.859466,0.188546,-0.864607,0.4657,-0.972395,-0.097951,0.211851,-5.2e-05,-0.000164,-0.000188,0.007708,0.015524,0.009471,-1.619185,-0.20532,0.010004,0.295659,-0.745715,0.194371,0.637275,-0.650124,-0.421875,-0.631897,0.14698,-0.885733,0.440154,-0.000287,-0.002515,-0.002649,-0.001496,0.017021,-0.023205,0.168293,0.023365,0.05866,-0.010175,0.754907,-0.159675,0.636096,0.631266,0.439879,-0.638756,-0.177812,0.883747,0.432865,-7.7e-05,-0.000683,-0.000717,-6e-06,-1.1e-05,-1.2e-05,-0.006656,0.04827,0.043202,-0.051171,0.118533,0.500035,-0.857854,-0.238631,0.85297,0.464216,0.963848,0.149686,0.220429,-0.000496,-0.005615,0.00402,-0.046575,0.005876,-0.023562,-0.922774
876,0.091184,-0.015017,0.310505,-0.144011,-0.48979,-0.85989,0.1911,-0.866349,0.461403,-0.970779,-0.097274,0.219437,-0.00095,-0.011093,0.008199,0.072031,0.23287,0.115197,-1.773795,-0.205382,0.009918,0.295586,-0.744366,0.19282,0.639321,-0.651164,-0.422115,-0.630665,0.149212,-0.885956,0.438953,-0.000249,-0.002174,-0.002292,-0.011497,0.047828,0.035831,0.220817,0.023334,0.058617,-0.010212,0.753319,-0.158127,0.63836,0.6325,0.440085,-0.637391,-0.180144,0.883923,0.43154,-0.000124,-0.001097,-0.001155,-0.013334,0.031484,0.012695,0.063559,0.048269,0.043171,-0.051136,0.125806,0.497699,-0.858177,-0.241075,0.854457,0.460201,0.962317,0.148989,0.227478,-0.000474,-0.00554,0.004108,0.093329,0.265229,0.135223,-0.928653
877,0.091191,-0.01505,0.310515,-0.149106,-0.487814,-0.860145,0.192855,-0.867503,0.458494,-0.969656,-0.096919,0.224503,-0.000259,-0.000819,-0.000938,0.221763,0.446525,0.272203,-1.833629,-0.205463,0.009845,0.295528,-0.744564,0.192465,0.639198,-0.650891,-0.422228,-0.630871,0.149417,-0.88598,0.438837,-0.014536,-0.003232,-0.002615,-0.003707,0.032924,-0.051928,0.249317,0.023299,0.058583,-0.010238,0.753621,-0.157771,0.638093,0.632089,0.440269,-0.637672,-0.180327,0.883895,0.431521,-0.000164,-0.001446,-0.001521,-0.000545,-0.006015,-0.008179,0.101279,0.048273,0.043157,-0.051128,0.129486,0.496507,-0.858319,-0.242301,0.855209,0.458155,0.961521,0.148648,0.231042,-0.000175,-0.000551,-0.000631,0.233155,0.485388,0.295532,-0.934857
878,0.091202,-0.01516,0.31058,-0.156824,-0.48491,-0.860415,0.195281,-0.869211,0.454212,-0.967942,-0.096195,0.232082,-1.6e-05,-5.2e-05,-5.9e-05,0.127885,0.257425,0.156807,-1.915102,-0.205595,0.009748,0.295388,-0.744622,0.192419,0.639144,-0.650834,-0.422182,-0.63096,0.149376,-0.886011,0.438787,-0.014476,-0.002652,-0.00201,-0.002045,0.015205,-0.029245,0.301885,0.023233,0.058533,-0.01031,0.753746,-0.157729,0.637955,0.631962,0.440235,-0.637822,-0.180247,0.88392,0.431504,-0.0002,-0.001755,-0.001851,-0.001351,0.016757,-0.023238,0.17378,0.048278,0.0431,-0.051098,0.138555,0.493613,-0.858573,-0.245212,0.85704,0.453159,0.959517,0.147745,0.239787,-0.000485,-0.005576,0.004066,0.161356,0.388733,0.210488,-0.940246
879,0.09125,-0.015283,0.310678,-0.162052,-0.483047,-0.860494,0.196718,-0.870323,0.451456,-0.966783,-0.09552,0.237137,-0.000583,-0.009933,0.009529,-0.005987,0.059983,0.043471,-1.917381,-0.205801,0.009662,0.295249,-0.746433,0.193192,0.636794,-0.649185,-0.422082,-0.632724,0.147494,-0.885892,0.439664,-0.01455,-0.003227,-0.002624,-0.001323,0.012186,-0.031507,0.3539,0.023125,0.05849,-0.010379,0.755693,-0.158498,0.635457,0.6302,0.440065,-0.639679,-0.178255,0.883866,0.43244,-0.007281,-0.00168,-0.001378,-0.0005,0.023537,-0.016286,0.248404,0.048302,0.04304,-0.051055,0.144746,0.491741,-0.858626,-0.246971,0.858254,0.449894,0.958151,0.146936,0.245674,6e-06,2.2e-05,2.4e-05,0.014458,0.039191,0.023729,-0.944492
880,0.091268,-0.015337,0.310712,-0.162105,-0.483076,-0.860468,0.196573,-0.870325,0.451515,-0.966803,-0.095357,0.237119,5e-06,1.7e-05,2e-05,0.000413,0.000831,0.000506,-1.917859,-0.206003,0.009612,0.295148,-0.746776,0.192623,0.636564,-0.64874,-0.422142,-0.63314,0.147716,-0.885986,0.439399,-0.000609,-0.005218,-0.005522,-0.001479,0.016982,-0.023235,0.376873,0.023024,0.058469,-0.010425,0.755913,-0.157914,0.63534,0.629858,0.440074,-0.64001,-0.178531,0.883966,0.432121,-0.007344,-0.002203,-0.001933,-0.003496,0.034157,-0.050032,0.280245,0.048311,0.043012,-0.051032,0.144587,0.491841,-0.858595,-0.246655,0.858237,0.450099,0.958256,0.146699,0.245405,-2e-06,0.0,0.0,-0.005879,-0.009668,-0.005913,-0.946615
881,0.091285,-0.01541,0.310771,-0.163138,-0.485482,-0.858918,0.196859,-0.869084,0.453776,-0.96657,-0.09446,0.238425,0.0,0.0,0.0,0.0,0.0,0.0,-1.917315,-0.20653,0.009583,0.294865,-0.747449,0.191598,0.636082,-0.647924,-0.421997,-0.634072,0.147891,-0.886276,0.438754,-0.01511,0.006458,-0.012088,0.032602,0.017496,-0.036669,0.417595,0.022766,0.058449,-0.010566,0.756523,-0.156865,0.634874,0.629063,0.439909,-0.640905,-0.178752,0.884235,0.431479,-0.007394,-0.002568,-0.002328,-0.002132,0.015321,-0.029252,0.341969,0.04832,0.042975,-0.051002,0.145363,0.494344,-0.857025,-0.246869,0.85695,0.452428,0.958083,0.145807,0.246607,-2e-06,-7e-06,-1.1e-05,0.000326,-0.001117,0.000753,-0.949554
882,0.09133,-0.015429,0.310785,-0.164029,-0.487644,-0.857522,0.197284,-0.867943,0.455771,-0.966332,-0.093815,0.239644,0.014744,-0.002446,-0.001619,0.000984,-0.014715,0.029553,-1.918183,-0.207243,0.009715,0.294362,-0.74842,0.190146,0.635376,-0.646822,-0.421348,-0.635626,0.147808,-0.886896,0.437529,-0.029607,0.004034,-0.013927,0.030555,0.032658,-0.065936,0.441511,0.022415,0.058518,-0.010814,0.757424,-0.1554,0.634159,0.627994,0.439202,-0.642435,-0.17869,0.884845,0.430253,-0.007747,0.00161,-0.007765,0.032533,0.017536,-0.036701,0.384425,0.048337,0.042967,-0.050995,0.146118,0.496574,-0.855606,-0.247269,0.855769,0.45444,0.957865,0.145163,0.247831,2.6e-05,8.4e-05,9.3e-05,0.000288,-0.000829,0.000937,-0.950207
883,0.091373,-0.01542,0.310844,-0.168473,-0.491305,-0.854565,0.199102,-0.866041,0.458589,-0.965188,-0.092281,0.244792,0.000571,0.001811,0.002073,0.009278,0.002958,0.035521,-1.91814,-0.208143,0.009956,0.293642,-0.751973,0.192842,0.630349,-0.64362,-0.421766,-0.638592,0.143672,-0.886118,0.440473,-0.029939,0.001564,-0.016621,0.055647,-0.075783,-0.147686,0.456938,0.021966,0.05864,-0.011173,0.76113,-0.157906,0.629083,0.624641,0.439629,-0.645405,-0.17465,0.884189,0.43325,-0.015137,0.006287,-0.012308,0.099454,-0.093961,-0.173199,0.413164,0.048363,0.042967,-0.050969,0.15061,0.500394,-0.852597,-0.249172,0.853805,0.457087,0.956675,0.143602,0.253276,-0.000345,-0.005133,0.004571,-0.041947,0.011808,-0.014125,-0.952493
884,0.091395,-0.015399,0.310901,-0.168488,-0.491306,-0.854562,0.199052,-0.866046,0.458601,-0.965196,-0.092229,0.244782,0.000836,0.002654,0.003035,0.000445,-0.014827,0.024712,-1.918135,-0.208657,0.01011,0.293209,-0.755053,0.196144,0.62563,-0.640877,-0.422653,-0.640762,0.139706,-0.884974,0.444034,-0.030361,0.012181,-0.02511,-0.024445,-0.537939,-0.315553,0.459638,0.021709,0.058713,-0.011386,0.763261,-0.160079,0.625944,0.622737,0.440392,-0.646724,-0.172135,0.883418,0.435822,-0.015029,0.000336,-0.008795,-0.559475,-0.91991,-0.068499,0.422145,0.048374,0.042978,-0.050941,0.150392,0.500421,-0.852619,-0.248989,0.8538,0.457196,0.956758,0.143534,0.253004,0.000428,0.001365,0.001561,-0.002993,-0.020475,0.021964,-0.953146
885,0.091387,-0.015341,0.311136,-0.169449,-0.493549,-0.853078,0.199269,-0.864867,0.460726,-0.964981,-0.091315,0.245966,0.000336,-0.007019,0.012854,-0.034553,0.018223,-0.015677,-1.91815,-0.20979,0.010445,0.29224,-0.759919,0.20771,0.615932,-0.636254,-0.432034,-0.639111,0.134323,-0.877788,0.459683,-0.030492,0.011402,-0.026037,-0.107357,-0.124393,-0.219445,0.459838,0.021153,0.058879,-0.011865,0.769919,-0.172423,0.614405,0.616571,0.449199,-0.646575,-0.164506,0.876635,0.452158,-0.015331,0.005329,-0.013442,-2.067411,-1.320369,0.740613,0.429166,0.04837,0.043008,-0.05083,0.151156,0.502733,-0.851123,-0.249169,0.852591,0.459349,0.956591,0.142641,0.25414,-0.006625,0.003591,0.003513,-0.000876,0.014363,-0.02944,-0.954289
886,0.09129,-0.015242,0.311518,-0.170395,-0.495715,-0.851632,0.199298,-0.863739,0.462825,-0.964808,-0.090255,0.247036,0.001866,0.005923,0.006747,0.0,0.0,-0.0,-1.91802,-0.211022,0.010819,0.291255,-0.767833,0.222708,0.600686,-0.627951,-0.447779,-0.636478,0.128206,-0.866158,0.482905,-0.030661,0.010383,-0.027237,-0.077316,-0.275772,-0.37576,0.457652,0.020514,0.05907,-0.012375,0.778083,-0.187447,0.59954,0.607888,0.465205,-0.64347,-0.158293,0.865128,0.475915,-0.015318,0.005127,-0.013659,-0.075183,-0.283218,-0.380836,0.429166,0.048321,0.043055,-0.050634,0.151982,0.504972,-0.849649,-0.249144,0.851449,0.461476,0.956466,0.141549,0.255216,0.00066,-0.00193,0.008222,-0.034259,0.000716,0.012698,-0.955922
887,0.091222,-0.01521,0.311765,-0.172374,-0.50045,-0.848459,0.199989,-0.861185,0.467264,-0.964311,-0.088522,0.249591,0.001004,-0.004891,0.015259,0.042791,1.407845,-2.369586,-1.917745,-0.211679,0.01105,0.290758,-0.771095,0.227518,0.594675,-0.623856,-0.45715,-0.633838,0.12863,-0.859994,0.493688,-0.044613,0.012581,-0.024215,0.058654,0.10438,-0.508099,0.454864,0.020185,0.059182,-0.012628,0.781724,-0.192533,0.593159,0.603287,0.474393,-0.641089,-0.157959,0.859,0.486997,-0.022288,0.006263,-0.01211,0.080576,0.15405,-0.469268,0.428187,0.048288,0.043076,-0.050512,0.152873,0.507444,-0.848015,-0.249302,0.85015,0.46378,0.956283,0.140512,0.256472,-0.00638,0.00436,0.004378,-0.003272,0.115366,-0.193827,-0.955922
888,0.091,-0.015287,0.312328,-0.179734,-0.518066,-0.836271,0.202861,-0.851356,0.483749,-0.962356,-0.082063,0.259158,-0.000103,-0.016467,0.022899,0.005422,1.527326,-2.557119,-1.917975,-0.213133,0.011545,0.289774,-0.774101,0.237967,0.586626,-0.618267,-0.483706,-0.619442,0.137335,-0.842468,0.520816,-0.030418,0.012481,-0.025106,-0.629566,-0.103049,-0.072893,0.450164,0.01947,0.059425,-0.01311,0.784839,-0.202885,0.585546,0.597152,0.500158,-0.627097,-0.165637,0.841831,0.513696,-0.022265,0.006867,-0.011552,-2.188722,-0.924623,0.690388,0.422798,0.048178,0.043037,-0.050224,0.159767,0.527164,-0.834608,-0.252123,0.839219,0.481813,0.954414,0.133446,0.26699,-2.1e-05,-0.008306,0.011415,0.006975,1.520072,-2.54174,-0.96229
889,0.090529,-0.015434,0.313025,-0.192587,-0.548896,-0.81343,0.208642,-0.832895,0.512568,-0.958611,-0.070325,0.275945,-0.013637,-0.0022,0.017106,0.038142,1.522376,-2.578966,-1.917344,-0.214615,0.011893,0.288898,-0.774422,0.245532,0.583075,-0.614364,-0.512251,-0.600075,0.15233,-0.823207,0.546799,-0.044661,0.012781,-0.024243,-2.217602,-0.924811,0.704713,0.450673,0.018745,0.059601,-0.013539,0.785411,-0.209533,0.582429,0.592351,0.527428,-0.609047,-0.179574,0.823356,0.538365,-0.022353,0.00608,-0.012424,-0.151194,0.187015,-0.325523,0.422471,0.047947,0.042963,-0.049882,0.170182,0.556955,-0.812919,-0.256835,0.82151,0.509073,0.951353,0.122151,0.282851,-0.007355,-0.006777,0.012513,-0.072433,0.138708,-0.205366,-0.973884
890,0.090009,-0.015679,0.313841,-0.218509,-0.566055,-0.794909,0.193854,-0.823537,0.533086,-0.956123,-0.036914,0.290677,-0.014606,-0.013293,0.02529,-0.057953,0.678235,-1.115105,-1.917749,-0.215991,0.01183,0.288117,-0.77501,0.251,0.579957,-0.60958,-0.539208,-0.581034,0.167865,-0.80412,0.570154,-0.030779,-0.014718,-0.015019,-2.29515,-0.855625,0.706052,0.4487,0.01803,0.059577,-0.013943,0.786141,-0.215487,0.579264,0.586494,0.555738,-0.589218,-0.194951,0.802944,0.56327,-0.015429,-0.007438,-0.007627,-2.273955,-0.837742,0.69054,0.421982,0.047683,0.042841,-0.049467,0.195784,0.577542,-0.792535,-0.242151,0.811622,0.53163,0.950279,0.087829,0.298756,-0.007291,-0.006612,0.012706,-0.058511,0.715978,-1.18612,-0.98858
891,0.089818,-0.015795,0.314239,-0.232278,-0.569664,-0.7884,0.180396,-0.821736,0.540536,-0.955495,-0.015967,0.294622,-0.013432,-0.001559,0.017788,-0.040891,0.224726,-0.360466,-1.9146,-0.216663,0.011599,0.287722,-0.774206,0.256566,0.578593,-0.609801,-0.547506,-0.572986,0.170761,-0.796726,0.579596,-0.031328,-0.017834,-0.018557,-0.227588,0.218702,-0.339102,0.447098,0.017706,0.059472,-0.014129,0.785295,-0.221827,0.578016,0.586799,0.564387,-0.580631,-0.197426,0.795147,0.573379,-0.01562,-0.008756,-0.009069,-0.745094,-0.067607,-0.049303,0.420838,0.047597,0.042783,-0.049283,0.209128,0.581545,-0.786174,-0.228618,0.810746,0.538909,0.950788,0.067032,0.302502,0.000553,-0.002259,0.007828,-0.049111,0.212032,-0.320737,-0.993642
892,0.089615,-0.015997,0.314847,-0.266733,-0.582885,-0.767556,0.158281,-0.81209,0.561631,-0.950362,0.029036,0.309832,0.000689,-0.005882,0.014073,-0.027865,0.641615,-1.039015,-1.905793,-0.217898,0.010857,0.286915,-0.773559,0.263237,0.576458,-0.607863,-0.565653,-0.557201,0.180385,-0.781734,0.596839,-0.031938,-0.020638,-0.021912,-0.035553,0.194069,-0.275947,0.439178,0.017077,0.059093,-0.014541,0.785006,-0.228257,0.575902,0.584002,0.582793,-0.565059,-0.206653,0.779903,0.590799,-0.015975,-0.010499,-0.011126,-0.015925,0.203624,-0.286725,0.41398,0.047485,0.042686,-0.048968,0.24272,0.596109,-0.765336,-0.206139,0.802604,0.559761,0.947941,0.0219,0.317689,-0.007024,-0.00191,0.007674,-0.025346,1.535977,-2.582767,-1.000337
893,0.089583,-0.016026,0.315197,-0.294728,-0.588758,-0.752692,0.140172,-0.805797,0.57534,-0.944889,0.06479,0.32096,0.000963,0.003015,0.003383,-4.163455,3.387136,1.434412,-1.905744,-0.218826,0.010012,0.286029,-0.769023,0.279073,0.575076,-0.612704,-0.578471,-0.538422,0.183385,-0.766729,0.615109,-0.032069,-0.020427,-0.021932,-0.069011,0.053316,-0.095315,0.423862,0.016631,0.058682,-0.014972,0.780965,-0.24448,0.574736,0.588634,0.595754,-0.546429,-0.20881,0.765052,0.609173,-0.008844,-0.010342,-0.011361,-0.746937,-0.164412,0.124879,0.399284,0.04747,0.04267,-0.048787,0.266858,0.605577,-0.749708,-0.19264,0.795737,0.574187,0.944285,-0.008802,0.329007,0.000547,0.001728,0.001946,-0.012248,0.087129,-0.16895,-1.001807
894,0.089643,-0.01599,0.315256,-0.304448,-0.592768,-0.745643,0.139013,-0.802073,0.580798,-0.941963,0.0739,0.327525,0.000723,0.002266,0.00254,0.009953,0.243206,-0.376081,-1.91331,-0.219168,0.009599,0.28562,-0.765236,0.285395,0.577023,-0.616866,-0.581632,-0.530202,0.185272,-0.762002,0.620395,-0.017841,-0.021071,-0.023321,-0.033417,0.353146,0.125458,0.417829,0.016447,0.058467,-0.015184,0.778258,-0.251167,0.575524,0.591906,0.599448,-0.538802,-0.209668,0.759984,0.615193,-0.008882,-0.010439,-0.011528,-0.036229,0.552193,0.28942,0.389487,0.0475,0.042688,-0.048757,0.279948,0.608413,-0.742604,-0.186672,0.793268,0.57955,0.941691,-0.023621,0.335648,0.000384,0.001188,0.001342,-0.00093,0.543061,-0.938082,-1.003113
895,0.089821,-0.015882,0.315142,-0.324314,-0.595631,-0.734908,0.124838,-0.797056,0.590838,-0.937283,0.100609,0.333774,-0.000133,-0.000416,-0.000467,-0.035241,0.132588,-0.161137,-1.917804,-0.219828,0.00864,0.284827,-0.758808,0.289521,0.58342,-0.620337,-0.594415,-0.51165,0.199626,-0.750493,0.629898,-0.017835,-0.02041,-0.022799,-0.040287,0.299587,0.0957,0.405516,0.016111,0.057978,-0.015591,0.771237,-0.255042,0.58322,0.595623,0.61236,-0.519853,-0.224556,0.748309,0.624184,-0.008898,-0.010194,-0.011366,-0.026196,0.322908,0.099954,0.372341,0.047589,0.042743,-0.048813,0.299363,0.612598,-0.731508,-0.17226,0.788771,0.590056,0.93846,-0.050631,0.341655,0.000361,0.005143,-0.004556,-0.077406,0.178681,-0.116822,-1.003603
896,0.090032,-0.015726,0.314853,-0.335661,-0.599257,-0.726821,0.119659,-0.792462,0.598044,-0.933946,0.11451,0.338616,0.013991,-0.004698,-0.004121,0.000558,0.00035,0.004771,-1.917987,-0.220269,0.007643,0.284098,-0.747615,0.29541,0.594808,-0.630003,-0.599038,-0.494148,0.211288,-0.744503,0.633195,-0.003117,-0.030808,-0.014763,3.219741,-2.235438,3.491518,0.393445,0.015898,0.057495,-0.015946,0.762132,-0.257109,0.594179,0.601373,0.62107,-0.502614,-0.2398,0.740382,0.627956,-0.001507,-0.015169,-0.007095,-0.05765,0.580517,0.300635,0.354869,0.047694,0.04282,-0.048958,0.31047,0.616888,-0.723226,-0.166932,0.784382,0.597391,0.93581,-0.064742,0.346506,0.006991,-0.00238,-0.002094,0.001839,-0.005026,0.011809,-1.001643
897,0.090162,-0.01549,0.314538,-0.34844,-0.602165,-0.718353,0.109557,-0.787295,0.606742,-0.930484,0.133457,0.341197,0.000537,0.009735,-0.009738,-0.339701,0.255298,0.167825,-1.917783,-0.220447,0.006702,0.283574,-0.737341,0.298132,0.606166,-0.636649,-0.606841,-0.475768,0.226943,-0.737061,0.636475,-0.002599,-0.015378,-0.017852,-0.20968,0.109055,0.200189,0.388435,0.015802,0.05701,-0.016217,0.749816,-0.263923,0.606728,0.611875,0.625519,-0.48408,-0.251761,0.734213,0.630513,-0.001244,-0.013515,-0.005262,-0.770207,-0.152472,0.473282,0.342786,0.047758,0.042931,-0.049115,0.322478,0.620758,-0.714608,-0.156874,0.779548,0.606378,0.933486,-0.083441,0.348768,0.000219,0.004716,-0.005049,-1.166071,0.978673,0.585016,-1.008175
898,0.090244,-0.015364,0.31436,-0.357561,-0.6014,-0.714502,0.102551,-0.785743,0.609969,-0.927809,0.145572,0.343521,-0.000462,-0.001457,-0.001636,-1.184461,1.0222,0.549984,-1.91781,-0.220462,0.006192,0.283371,-0.731933,0.297296,0.613091,-0.63987,-0.609282,-0.468268,0.235262,-0.735381,0.635396,-0.002231,-0.025427,-0.008713,-0.06942,0.593277,0.10152,0.386182,0.015794,0.056758,-0.016322,0.745372,-0.263866,0.612204,0.614346,0.62844,-0.477117,-0.258839,0.731735,0.630527,-0.001061,-0.012441,-0.004032,-0.058365,0.666068,0.436592,0.34001,0.047799,0.042998,-0.049208,0.330924,0.620795,-0.710705,-0.150986,0.778269,0.609507,0.931499,-0.094394,0.351279,9.4e-05,0.004599,-0.005285,-3.912126,3.384742,1.845857,-1.009808
899,0.090335,-0.015002,0.313919,-0.374745,-0.597888,-0.70862,0.088126,-0.783831,0.614667,-0.922477,0.168635,0.347314,0.000466,0.009514,-0.009984,0.002827,0.009372,0.031072,-1.91747,-0.220419,0.005192,0.283126,-0.721642,0.303661,0.622105,-0.6481,-0.612323,-0.452726,0.244371,-0.730242,0.637881,-0.001778,-0.022748,-0.005654,-0.050239,0.293474,0.123126,0.378379,0.015811,0.056266,-0.016443,0.735001,-0.270262,0.621876,0.622752,0.63187,-0.461431,-0.268238,0.726428,0.632731,-0.000802,-0.01702,0.001058,-0.095288,0.566149,0.084333,0.332335,0.047844,0.043178,-0.049429,0.349376,0.617556,-0.704669,-0.135164,0.777414,0.614294,0.927181,-0.119374,0.355081,0.000245,0.004764,-0.004983,0.004013,0.004776,0.038594,-1.007195
900,0.090394,-0.014482,0.313452,-0.392978,-0.592769,-0.70302,0.06869,-0.78132,0.620317,-0.916503,0.196214,0.34864,0.001788,0.021728,-0.016927,-0.139934,0.912441,-2.622111,-1.917751,-0.220294,0.004163,0.283174,-0.717027,0.305223,0.626661,-0.6501,-0.617295,-0.443002,0.252531,-0.725388,0.640236,0.013544,-0.030844,0.005326,-0.072087,0.055709,-0.007572,0.364759,0.015873,0.055755,-0.016431,0.729964,-0.271756,0.627136,0.624974,0.63684,-0.451487,-0.276692,0.721514,0.634711,-0.000393,-0.01461,0.003871,-0.065115,0.024975,-0.041983,0.317476,0.047872,0.043425,-0.049655,0.369002,0.61022,-0.701048,-0.115311,0.778508,0.616949,0.922247,-0.146817,0.357636,0.000413,0.005288,-0.004391,0.035956,-0.021171,0.019516,-1.008991
