frame,MLTx,MLTy,MLTz,MLTR1,MLTR2,MLTR3,MLTR4,MLTR5,MLTR6,MLTR7,MLTR8,MLTR9,MLTTVx,MLTTVy,MLTTVz,MLTRVx,MLTRVy,MLTRVz,MLGA,MRTx,MRTy,MRTz,MRTR1,MRTR2,MRTR3,MRTR4,MRTR5,MRTR6,MRTR7,MRTR8,MRTR9,MRTTVx,MRTTVy,MRTTVz,MRTRVx,MRTRVy,MRTRVz,MRGA,SLTx,SLTy,SLTz,SLTR1,SLTR2,SLTR3,SLTR4,SLTR5,SLTR6,SLTR7,SLTR8,SLTR9,SLTTVx,SLTTVy,SLTTVz,SLTRVx,SLTRVy,SLTRVz,SLGA,SRTx,SRTy,SRTz,SRTR1,SRTR2,SRTR3,SRTR4,SRTR5,SRTR6,SRTR7,SRTR8,SRTR9,SRTTVx,SRTTVy,SRTTVz,SRTRVx,SRTRVy,SRTRVz,SRGA
204,0.062671,-0.001045,0.416621,-0.424708,0.103821,-0.899383,-0.368121,-0.927365,0.066725,-0.826607,0.359286,0.433199,-0.025732,0.013471,-0.007627,-5.086895,0.401863,2.395132,0.256798,-0.091776,-0.023356,0.37086,0.490538,-0.527622,0.693527,0.516463,0.816979,0.256408,-0.702491,0.23305,0.672352,0.015933,-0.008437,0.008878,0.259286,-0.478609,-0.21247,-1.405958,0.033309,0.032601,-0.024014,-0.459856,0.565916,0.684303,-0.573157,-0.777758,0.258037,0.678249,-0.273553,0.682015,0.007114,0.00081,-0.000263,0.001646,-0.015485,0.028733,-0.821966,0.077544,0.030486,-0.054342,-0.446893,0.070036,-0.891841,-0.286621,-0.955586,0.068581,-0.847428,0.286269,0.447118,-0.006686,0.000864,0.000568,-0.490283,0.056371,0.200101,0.155107
205,0.062015,-0.000888,0.41667,-0.404051,0.162351,-0.900239,-0.490107,-0.869357,0.063132,-0.771883,0.466515,0.431957,-0.012846,0.003211,0.001979,-0.462683,0.018193,0.267269,0.265044,-0.091451,-0.023368,0.370968,0.477671,-0.535094,0.696775,0.535394,0.806047,0.252139,-0.697145,0.253265,0.670604,-0.000207,0.000898,0.000757,0.00287,0.000916,0.002655,-1.406036,0.033478,0.032596,-0.023954,-0.448791,0.572291,0.686344,-0.591749,-0.765839,0.25164,0.669641,-0.29321,0.682355,0.007641,-0.002794,0.005634,-0.029339,-0.008608,0.019577,-0.824089,0.077204,0.030564,-0.054323,-0.430528,0.132643,-0.892776,-0.418546,-0.905699,0.067275,-0.799664,0.402632,0.445447,-0.00637,0.001698,0.001077,-0.458301,0.021534,0.262935,0.15674
206,0.061754,-0.000792,0.416718,-0.393223,0.184672,-0.900731,-0.535595,-0.842246,0.06108,-0.746876,0.506211,0.431224,-0.011441,0.013983,-0.007289,-0.334887,-0.074675,0.413623,0.279917,-0.091299,-0.023378,0.371047,0.471234,-0.538632,0.69843,0.544696,0.800469,0.249979,-0.694303,0.263293,0.669689,0.001515,-0.009184,0.010129,-0.035226,0.00244,-0.022267,-1.405935,0.033553,0.032594,-0.023912,-0.442117,0.575412,0.688065,-0.600628,-0.759653,0.249344,0.666166,-0.303032,0.681464,0.000739,-0.004521,0.005125,-0.037699,0.000894,-0.020718,-0.826212,0.077078,0.030606,-0.054297,-0.42174,0.155483,-0.893286,-0.465727,-0.882441,0.066285,-0.777967,0.443983,0.444573,-0.006035,0.002571,0.001618,-1.203478,-0.257494,1.468208,0.166864
207,0.06122,-0.000659,0.416777,-0.370611,0.219808,-0.902428,-0.603511,-0.795504,0.054029,-0.705556,0.564372,0.428605,-0.013571,0.001359,0.000819,-0.149122,-0.290902,0.847935,0.315317,-0.090936,-0.02329,0.371071,0.461338,-0.545603,0.699625,0.559208,0.790947,0.248238,-0.689379,0.277382,0.669088,-6.1e-05,0.000263,0.000222,0.000846,0.0003,0.000809,-1.406031,0.033734,0.03264,-0.023898,-0.431783,0.581718,0.689322,-0.614445,-0.749181,0.247352,0.660317,-0.316749,0.680918,-3.3e-05,0.000142,0.000117,-0.000245,-0.000454,0.000579,-0.828498,0.07681,0.030685,-0.054266,-0.401954,0.192472,-0.895201,-0.537463,-0.841114,0.060484,-0.741326,0.50545,0.441536,-0.00678,0.000672,0.000421,-0.112826,-0.324231,0.915379,0.209646
208,0.060705,-0.000641,0.416763,-0.3519,0.245085,-0.903407,-0.653833,-0.754979,0.049808,-0.669417,0.607897,0.427048,-0.014008,0.000268,0.000133,-0.013215,0.015389,-0.023772,0.346619,-0.090396,-0.023218,0.371113,0.439224,-0.562751,0.700274,0.586868,0.769842,0.250727,-0.680742,0.301533,0.667481,0.014125,0.002059,-0.000158,1.162929,0.400713,1.136007,-1.405822,0.034003,0.032678,-0.023876,-0.40882,0.597131,0.690145,-0.640277,-0.726547,0.249346,0.650315,-0.339946,0.679356,0.007076,0.000975,-0.000134,1.179778,0.399843,1.143258,-0.829641,0.076551,0.030692,-0.054273,-0.385153,0.219293,-0.896418,-0.59094,-0.804695,0.057047,-0.708834,0.551702,0.43952,-0.007032,5.3e-05,2.7e-05,-0.006984,0.01816,-0.031038,0.252755
209,0.060506,-0.000677,0.416777,-0.343591,0.257175,-0.903245,-0.680092,-0.731372,0.050408,-0.647224,0.631287,0.427322,-0.013757,0.000922,0.000541,-0.042512,0.017032,-0.009906,0.367649,-0.090086,-0.023252,0.371191,0.430264,-0.56841,0.701266,0.595415,0.762529,0.252913,-0.679028,0.309421,0.665615,0.029764,-0.004994,0.009867,1.089467,0.457353,1.170569,-1.406042,0.034147,0.032662,-0.02384,-0.400166,0.601644,0.691297,-0.647375,-0.719499,0.251447,0.648669,-0.346907,0.677408,0.007974,-0.004033,0.004518,3.799802,1.450373,3.718022,-0.83062,0.076456,0.030671,-0.054268,-0.377836,0.231984,-0.896338,-0.618923,-0.783293,0.05817,-0.688601,0.576744,0.439537,-0.001062,-0.006285,0.004078,-0.167243,0.027155,0.045946,0.276269
210,0.060172,-0.000731,0.416767,-0.322706,0.284158,-0.902862,-0.737884,-0.672908,0.051896,-0.592403,0.682599,0.427953,-0.001441,-0.003658,-0.002291,-1.509061,0.086739,0.71529,0.398797,-0.089408,-0.023425,0.371521,0.416731,-0.577155,0.702295,0.612962,0.748852,0.251857,-0.671793,0.326231,0.664929,0.015599,-0.006851,0.010194,1.130976,0.404565,1.109082,-1.405932,0.034486,0.032577,-0.02368,-0.388716,0.607939,0.692321,-0.661145,-0.707393,0.249963,0.641706,-0.36056,0.676911,0.007789,-0.003401,0.005109,-0.034002,-0.015791,0.005987,-0.830784,0.07629,0.030645,-0.054267,-0.36066,0.258518,-0.896153,-0.676804,-0.733652,0.060742,-0.641762,0.628428,0.439566,-0.000689,-0.00175,-0.001092,-0.129354,0.009121,0.060982,0.326562
211,0.059816,-0.000724,0.416482,-0.31158,0.30361,-0.900436,-0.767959,-0.638492,0.050392,-0.559241,0.706819,0.433224,-0.014916,0.005184,-0.012815,-0.347231,0.270155,0.263414,0.412225,-0.088738,-0.023685,0.371969,0.400866,-0.587366,0.703064,0.629215,0.734231,0.254808,-0.666375,0.340954,0.662991,0.017182,-0.016187,0.020195,3.815711,1.398805,3.64876,-1.405937,0.034826,0.032449,-0.023456,-0.372156,0.617171,0.693252,-0.676482,-0.691753,0.252683,0.635508,-0.374935,0.674945,0.007729,-0.003136,0.00533,-0.026133,-0.024578,0.001387,-0.829804,0.076109,0.030655,-0.054411,-0.34947,0.280368,-0.894015,-0.713725,-0.697838,0.060149,-0.607014,0.659102,0.443979,-0.00751,0.002452,-0.006493,-0.329031,0.337051,0.286943,0.356608
212,0.059358,-0.000661,0.416004,-0.301035,0.318014,-0.89905,-0.792567,-0.607677,0.050373,-0.529946,0.727324,0.4361,-0.015542,0.003653,-0.013796,-1.448853,0.124572,0.695135,0.436197,-0.087818,-0.024124,0.372599,0.381666,-0.595354,0.707018,0.649042,0.717161,0.253689,-0.658555,0.36279,0.659205,0.031577,-0.015027,0.019252,-0.138993,0.115351,0.054293,-1.405668,0.03528,0.032232,-0.023138,-0.349151,0.625962,0.697326,-0.699231,-0.669446,0.250831,0.623834,-0.400014,0.67143,0.00865,-0.008331,0.009887,-0.153478,0.169019,0.096985,-0.83013,0.075885,0.030683,-0.054646,-0.340805,0.295743,-0.892405,-0.739539,-0.67041,0.060252,-0.580459,0.680503,0.447193,-0.008273,-0.003088,-0.001921,-4.962053,0.299712,2.352753,0.382081
213,0.059063,-0.000618,0.415706,-0.296784,0.325448,-0.897802,-0.802515,-0.594533,0.049712,-0.517233,0.734847,0.438745,-0.016298,0.001785,-0.014987,0.035621,0.032296,-0.029499,0.446942,-0.087248,-0.024353,0.372938,0.371831,-0.596036,0.71167,0.66122,0.708069,0.24771,-0.652017,0.379194,0.656467,0.029623,-0.004068,0.010604,5.08584,2.967163,1.768162,-1.405909,0.035578,0.032109,-0.022964,-0.340098,0.62603,0.701725,-0.709432,-0.660622,0.245528,0.617283,-0.414323,0.668802,0.01486,-0.001867,0.005088,5.081292,2.959358,1.772637,-0.830457,0.075738,0.030707,-0.054794,-0.336637,0.304113,-0.891173,-0.751678,-0.656812,0.059805,-0.567147,0.690008,0.449703,-0.008283,0.000537,-0.007712,0.022648,-0.00312,-0.041793,0.39939
214,0.058351,-0.000505,0.414919,-0.279068,0.344197,-0.89649,-0.834878,-0.548192,0.049358,-0.474121,0.761805,0.441463,-0.017008,0.007241,-0.027638,-1.461288,0.085005,0.700603,0.462518,-0.086059,-0.024876,0.373623,0.342073,-0.603129,0.720564,0.686542,0.683914,0.246689,-0.642014,0.41105,0.647085,0.03168,-0.015137,0.019135,0.237202,0.247478,0.186418,-1.405454,0.036149,0.031856,-0.022631,-0.30985,0.630622,0.711553,-0.733121,-0.634999,0.243533,0.605413,-0.446196,0.659077,0.015957,-0.007952,0.00916,3.879434,1.403843,3.635849,-0.83062,0.075389,0.030763,-0.055175,-0.322269,0.322136,-0.890151,-0.783923,-0.617933,0.060187,-0.530665,0.717207,0.451671,-0.014986,0.005131,-0.012893,-0.39787,0.098952,-0.051876,0.425353
215,0.057575,-0.000395,0.41396,-0.260354,0.359182,-0.896242,-0.864379,-0.500267,0.05055,-0.429887,0.787406,0.441833,-0.019317,-0.005509,-0.019733,-0.416625,0.042967,0.152965,0.472924,-0.084922,-0.02549,0.374241,0.315484,-0.611902,0.725285,0.706134,0.661888,0.251421,-0.634294,0.433578,0.639956,0.03223,-0.017111,0.017448,-0.012086,0.09634,0.147322,-1.405943,0.036728,0.031549,-0.022317,-0.281774,0.638039,0.716595,-0.752229,-0.610524,0.24781,0.595611,-0.469218,0.651982,0.016201,-0.008951,0.008375,0.260223,0.171487,0.336342,-0.832906,0.074995,0.030822,-0.055664,-0.302982,0.340144,-0.890226,-0.820546,-0.568189,0.062169,-0.48467,0.749308,0.451254,-0.015632,0.003593,-0.013901,-1.438065,0.097444,0.656433,0.445274
216,0.057048,-0.00043,0.413452,-0.255868,0.364623,-0.895336,-0.875062,-0.480942,0.054154,-0.410549,0.796877,0.443242,-0.033685,-0.005709,-0.020023,-0.107094,0.051269,-0.056942,0.475976,-0.084348,-0.025759,0.374493,0.304406,-0.614242,0.728034,0.71174,0.654548,0.254806,-0.633424,0.441359,0.635483,0.030652,-0.007756,0.007433,-0.166271,0.202204,0.11075,-1.405962,0.037016,0.03141,-0.022188,-0.271136,0.639826,0.719101,-0.757615,-0.602682,0.250583,0.59372,-0.47686,0.648151,0.01607,-0.008359,0.008871,-0.249905,0.27717,0.154858,-0.83356,0.074739,0.030809,-0.055916,-0.298787,0.346032,-0.889374,-0.83289,-0.549485,0.066021,-0.465853,0.760478,0.452386,-0.009911,0.000208,-0.016048,-0.38313,0.025916,0.173098,0.451806
217,0.055957,-0.000736,0.412448,-0.253644,0.372913,-0.89255,-0.894853,-0.440795,0.070072,-0.366994,0.81601,0.44662,-0.023172,-0.014603,-0.02581,0.028085,-0.043411,0.069447,0.482096,-0.0832,-0.026109,0.374869,0.27972,-0.623381,0.730167,0.727566,0.633772,0.262516,-0.626754,0.458577,0.62988,0.016555,-0.010103,0.007393,3.629343,1.026527,4.074443,-1.405591,0.037595,0.031235,-0.022001,-0.249163,0.645099,0.722332,-0.768495,-0.585584,0.257886,0.589349,-0.490853,0.641662,0.015087,-0.003071,0.004361,-1.161684,-1.605799,2.004546,-0.834213,0.074189,0.030659,-0.056416,-0.297374,0.354233,-0.886615,-0.855574,-0.511015,0.082794,-0.423746,0.783186,0.455035,-0.011218,-0.002873,-0.018113,0.044734,0.054804,-0.124475,0.463073
218,0.055241,-0.00135,0.411424,-0.284942,0.379261,-0.880349,-0.901052,-0.41924,0.110971,-0.326644,0.824389,0.462291,-0.023067,-0.014094,-0.025676,-0.263786,0.237878,-0.41248,0.478357,-0.082645,-0.02635,0.374945,0.258588,-0.635495,0.72751,0.74376,0.61147,0.269925,-0.616707,0.472072,0.629828,0.015267,-0.001984,-0.003675,1.197348,0.458956,1.053894,-1.405806,0.037873,0.031114,-0.021957,-0.224654,0.657437,0.71924,-0.785712,-0.558787,0.265354,0.576356,-0.505503,0.64209,0.00061,-0.002214,-0.002004,4.016847,1.561918,3.29408,-0.830947,0.073828,0.030344,-0.056932,-0.328444,0.358266,-0.873938,-0.862796,-0.490294,0.123263,-0.384327,0.794516,0.470144,-0.005123,-0.008934,-0.013979,-0.980107,1.042035,-1.957767,0.463726
219,0.054946,-0.001725,0.410932,-0.291461,0.384937,-0.875739,-0.907002,-0.402091,0.125063,-0.303631,0.83027,0.467425,-0.00954,-0.016027,-0.02687,-1.011277,1.116831,-2.141214,0.46937,-0.082455,-0.026408,0.374913,0.248075,-0.638757,0.728313,0.754028,0.599235,0.268874,-0.608484,0.48325,0.629349,0.000957,-0.003731,-0.003173,0.352118,0.221902,0.103362,-1.40532,0.037974,0.031083,-0.021976,-0.213255,0.660428,0.719969,-0.795943,-0.544786,0.263973,0.566565,-0.516761,0.641841,0.007344,0.000153,-0.000876,1.226045,0.430115,1.07842,-0.829477,0.073678,0.030162,-0.057175,-0.33342,0.363488,-0.869889,-0.870164,-0.473745,0.135569,-0.362828,0.802148,0.47425,-0.00496,-0.008511,-0.013751,-0.075441,-0.02503,0.124127,0.459481
220,0.054279,-0.002456,0.410211,-0.30346,0.398117,-0.865714,-0.913128,-0.381064,0.144778,-0.271884,0.833946,0.480249,-0.021698,-0.010443,-0.023523,-0.294521,0.386504,-0.73494,0.463392,-0.08223,-0.026362,0.374839,0.234469,-0.642534,0.729497,0.764031,0.585696,0.270464,-0.601337,0.494731,0.627295,0.014052,0.002784,0.000373,-0.033075,0.041705,0.054834,-1.405359,0.038082,0.031099,-0.022017,-0.199103,0.663185,0.721486,-0.805193,-0.530358,0.265299,0.558589,-0.528114,0.639588,-0.00084,0.004777,-0.00492,0.00488,0.047039,0.045393,-0.8316,0.073336,0.02978,-0.057553,-0.348356,0.375854,-0.858708,-0.877308,-0.453356,0.157469,-0.330116,0.808208,0.487669,-0.010817,-0.005168,-0.011717,-0.333687,0.383563,-0.809837,0.442662
221,0.053393,-0.003171,0.409761,-0.314062,0.406955,-0.857786,-0.913866,-0.374441,0.156889,-0.256961,0.832669,0.490571,-0.02169,-0.017322,-0.011885,-0.014321,0.130641,-0.290162,0.471668,-0.082333,-0.026289,0.374805,0.223785,-0.646994,0.728911,0.770256,0.575553,0.27455,-0.597437,0.500801,0.626203,-0.000227,0.000883,0.000751,-0.009585,0.015514,0.006979,-1.4057,0.038036,0.031138,-0.022033,-0.188082,0.666908,0.721012,-0.810744,-0.519783,0.26929,0.554362,-0.533908,0.638454,-0.007143,-0.000932,0.000206,0.005944,0.005803,-0.033937,-0.832416,0.072893,0.029422,-0.057778,-0.359588,0.383752,-0.850546,-0.878341,-0.446894,0.169708,-0.314978,0.808095,0.497764,-0.010761,-0.008475,-0.005807,-0.023983,0.096487,-0.300802,0.447234
222,0.052716,-0.003848,0.409458,-0.305952,0.424948,-0.851973,-0.92617,-0.340052,0.162924,-0.220108,0.838391,0.498678,-0.006707,-0.016,-0.01084,-0.022896,0.092004,-0.202294,0.460084,-0.082885,-0.026373,0.374758,0.216122,-0.646032,0.73207,0.7721,0.571931,0.276931,-0.597867,0.506172,0.621456,-0.014104,-0.002563,-0.000192,-0.02066,0.045441,-0.015641,-1.405456,0.037765,0.031099,-0.022055,-0.180488,0.665431,0.72431,-0.812329,-0.516052,0.271681,0.554567,-0.539343,0.63369,-0.007072,-0.001202,-1.9e-05,0.000285,0.015271,-0.027911,-0.83307,0.072553,0.02908,-0.057932,-0.352778,0.40227,-0.844822,-0.893285,-0.413558,0.176095,-0.278546,0.81679,0.505237,-0.003288,-0.007846,-0.00531,-0.030335,0.066448,-0.21236,0.445601
223,0.052559,-0.004208,0.4093,-0.297859,0.432175,-0.851205,-0.933426,-0.318641,0.164788,-0.199648,0.843084,0.499376,-0.006447,-0.015364,-0.010444,-0.005054,0.011472,-0.024653,0.447918,-0.083207,-0.026407,0.374734,0.199752,-0.650097,0.73312,0.780501,0.557809,0.282135,-0.592604,0.51664,0.617872,-0.014158,-0.002345,-9e-06,-0.04668,0.170127,-0.170684,-1.405429,0.037609,0.031083,-0.022067,-0.163753,0.668501,0.725458,-0.819798,-0.501272,0.276869,0.548739,-0.549392,0.630121,-0.007126,-0.000989,0.000165,0.074246,0.1253,0.090226,-0.83356,0.072478,0.028907,-0.058006,-0.345237,0.409936,-0.844253,-0.902213,-0.392733,0.178243,-0.258498,0.823233,0.505436,-0.003397,-0.008094,-0.005497,-0.013181,0.019973,-0.049728,0.434007
224,0.052285,-0.004642,0.408855,-0.27283,0.446686,-0.852104,-0.949095,-0.269877,0.16235,-0.157111,0.852467,0.498641,-0.003919,-0.002172,-0.017998,-1.380247,0.261472,0.815777,0.443872,-0.08411,-0.026605,0.374735,0.179532,-0.659325,0.730103,0.786186,0.542181,0.296455,-0.591531,0.521582,0.614741,-0.029681,0.003706,-0.010858,-0.160048,0.044363,0.216257,-1.405296,0.037168,0.030984,-0.022061,-0.14365,0.675991,0.722772,-0.824853,-0.485319,0.289968,0.546791,-0.554528,0.62731,-0.021015,-0.004528,-0.000872,-1.226471,-1.258839,2.028795,-0.832253,0.072346,0.028684,-0.05822,-0.32387,0.424561,-0.84549,-0.919746,-0.350749,0.176186,-0.221753,0.834698,0.504086,-0.002542,-0.006051,-0.004135,-0.016797,0.09932,-0.242231,0.413106
225,0.051902,-0.004727,0.408383,-0.246289,0.45337,-0.856646,-0.95978,-0.236971,0.150465,-0.134485,0.858687,0.494568,-0.016908,-0.00554,-0.004096,-4.413648,0.49446,3.348364,0.452538,-0.085351,-0.026648,0.374667,0.168183,-0.674675,0.718693,0.786207,0.53151,0.315134,-0.594814,0.51287,0.61889,-0.015127,0.001617,0.00333,-0.091468,-0.200245,0.370178,-1.405095,0.036533,0.030955,-0.022107,-0.130739,0.690512,0.711407,-0.824162,-0.474539,0.30914,0.551055,-0.545898,0.631135,-0.015352,0.003958,-0.003635,-0.295322,-0.490369,0.628124,-0.83062,0.072155,0.028645,-0.05846,-0.300534,0.433827,-0.849395,-0.932911,-0.318945,0.167183,-0.198382,0.842654,0.500576,-0.008414,-0.002679,-0.001983,-0.002808,0.029284,-0.064664,0.419475
226,0.051701,-0.004847,0.408249,-0.232928,0.456446,-0.858747,-0.964749,-0.219645,0.144872,-0.122211,0.861654,0.49259,-0.004266,-0.010096,-0.006943,-4.42526,0.449027,3.36756,0.457816,-0.085854,-0.026495,0.374631,0.15605,-0.679264,0.717106,0.792045,0.519737,0.320112,-0.59034,0.518861,0.61818,-0.017328,0.013487,-0.004559,-0.14653,0.521951,0.325168,-1.405021,0.036283,0.031026,-0.022122,-0.120658,0.69529,0.708528,-0.829915,-0.462279,0.312312,0.544685,-0.550335,0.632809,-0.014833,0.000478,0.002377,0.370342,0.111584,0.428673,-0.821966,0.072048,0.028587,-0.058532,-0.283448,0.438859,-0.852677,-0.941112,-0.29817,0.159382,-0.184297,0.847642,0.49753,-0.002072,-0.005055,-0.003403,-4.389801,0.409681,3.432571,0.424047
227,0.051253,-0.00516,0.408039,-0.215329,0.462298,-0.860209,-0.971558,-0.190252,0.140895,-0.09826,0.865509,0.49119,-0.016942,-0.005513,-0.004119,-0.014174,0.027376,-0.049637,0.464055,-0.086705,-0.026379,0.37472,0.121119,-0.686141,0.717308,0.812194,0.483842,0.325839,-0.570786,0.543971,0.614949,-0.014336,-0.00148,0.000684,0.008354,0.220608,0.133328,-1.404996,0.035858,0.031105,-0.022068,-0.083746,0.698933,0.710267,-0.846907,-0.42552,0.318874,0.525105,-0.574826,0.627566,-0.014182,-0.002109,0.000156,1.038636,0.827597,1.080951,-0.819027,0.071837,0.028434,-0.058634,-0.265561,0.446551,-0.85444,-0.950833,-0.267798,0.155562,-0.159351,0.853742,0.495712,-0.001991,-0.004698,-0.003239,-0.128547,0.032546,0.04476,0.434334
228,0.050762,-0.005499,0.407995,-0.210824,0.46517,-0.859776,-0.97358,-0.178797,0.141932,-0.087448,0.866407,0.491649,-0.003453,-0.008111,-0.00562,-0.001644,0.010759,-0.026684,0.46225,-0.087393,-0.026644,0.374662,0.089527,-0.685451,0.722588,0.822575,0.459836,0.334447,-0.561629,0.565283,0.604062,-0.013289,-0.005822,-0.00299,0.017207,0.733133,0.520337,-1.404967,0.035504,0.03097,-0.022097,-0.05306,0.696725,0.715372,-0.856267,-0.40034,0.326394,0.513799,-0.595232,0.617825,-0.006588,-0.003153,-0.001684,0.069204,0.670706,0.498434,-0.82066,0.07158,0.028263,-0.058657,-0.261237,0.449769,-0.854085,-0.953755,-0.256553,0.15662,-0.148675,0.855504,0.495991,-0.008144,-0.00195,-0.001507,-0.000208,0.02524,-0.057643,0.4376
229,0.050181,-0.005678,0.407923,-0.214119,0.470751,-0.855916,-0.973555,-0.174251,0.147648,-0.079379,0.864311,0.496681,-0.016025,-0.003219,-0.002572,-0.002048,0.027262,-0.055553,0.458598,-0.087678,-0.026827,0.374511,0.069802,-0.685328,0.724875,0.828629,0.444311,0.340436,-0.555466,0.577731,0.597954,0.000961,-0.003998,-0.003383,-0.150056,0.181614,0.30053,-1.405111,0.035361,0.030877,-0.022174,-0.032591,0.694849,0.718415,-0.861144,-0.384371,0.332697,0.507313,-0.607817,0.610893,0.000591,-0.002462,-0.002069,-0.239466,0.384112,0.138176,-0.819516,0.071294,0.028172,-0.058694,-0.264912,0.455174,-0.850081,-0.95399,-0.252115,0.162299,-0.140444,0.853963,0.50102,-0.007895,-0.001337,-0.00109,-0.004418,0.01059,-0.058396,0.435803
230,0.049898,-0.005745,0.407921,-0.219475,0.472317,-0.853694,-0.972602,-0.174627,0.153368,-0.076374,0.863379,0.498768,-0.001916,-0.004471,-0.003111,-6.4e-05,0.000102,-0.000138,0.455801,-0.087666,-0.026921,0.374419,0.068306,-0.682758,0.727439,0.828375,0.44505,0.340088,-0.556028,0.5802,0.595033,0.001102,-0.004587,-0.003885,-0.212809,0.34325,0.155113,-1.404979,0.035368,0.030829,-0.022221,-0.031976,0.692661,0.720553,-0.861222,-0.384948,0.331829,0.507221,-0.609946,0.608844,0.00067,-0.002784,-0.002351,-0.379248,0.578411,0.219516,-0.820006,0.071152,0.028136,-0.058698,-0.270423,0.456186,-0.847799,-0.952895,-0.252447,0.168108,-0.137336,0.853325,0.502965,-0.007919,-0.00495,0.004708,-0.031745,0.027418,-0.040384,0.433354
231,0.049506,-0.005876,0.408207,-0.222526,0.47603,-0.850837,-0.972079,-0.174952,0.156291,-0.074187,0.861269,0.502732,-0.013314,-0.003995,0.013508,-0.006332,0.121865,-0.011294,0.449957,-0.087662,-0.027121,0.374255,0.066611,-0.678702,0.731381,0.831787,0.442509,0.335038,-0.551116,0.586869,0.59306,0.001246,-0.005187,-0.004401,-0.001351,0.011235,-0.026502,-1.404786,0.03537,0.030728,-0.022303,-0.029402,0.68795,0.725161,-0.863993,-0.382304,0.327655,0.502643,-0.616901,0.605625,0.000563,-0.002338,-0.001979,3.3e-05,-0.006355,0.000345,-0.820823,0.070953,0.028066,-0.058564,-0.273667,0.459703,-0.844853,-0.952291,-0.252866,0.170879,-0.135081,0.851311,0.506973,2.5e-05,-0.003504,0.005884,-0.00224,0.115069,0.021866,0.426169
232,0.049371,-0.006041,0.408638,-0.213778,0.48283,-0.849246,-0.975147,-0.157211,0.156028,-0.057918,0.860897,0.505499,0.000235,-0.006596,0.012041,-0.154386,0.062437,0.067734,0.44404,-0.087437,-0.027316,0.374053,0.067931,-0.668693,0.740423,0.836465,0.442565,0.323103,-0.543826,0.598209,0.58844,0.015584,-0.003581,-0.004994,0.294595,0.458051,-0.620001,-1.404466,0.035476,0.030633,-0.022401,-0.030483,0.679992,0.732585,-0.868067,-0.381351,0.317853,0.495509,-0.626244,0.601903,0.007708,-0.001429,-0.00219,-0.011458,0.056059,-0.147669,-0.826048,0.070882,0.027992,-0.058349,-0.265668,0.467216,-0.843284,-0.95666,-0.235959,0.170655,-0.119248,0.852075,0.509654,5.4e-05,-0.003442,0.005928,-1.461478,0.272755,0.829853,0.418821
233,0.049361,-0.006107,0.408815,-0.210177,0.486684,-0.847944,-0.976231,-0.151349,0.155045,-0.052624,0.859773,0.507984,0.000311,-0.00642,0.012164,-0.020113,0.065384,0.002785,0.441527,-0.087335,-0.027419,0.373941,0.068744,-0.662608,0.745799,0.836436,0.445614,0.318962,-0.54377,0.602698,0.583894,0.001768,-0.007334,-0.006246,-0.011953,0.116167,-0.219509,-1.404336,0.035533,0.030582,-0.022458,-0.032614,0.672087,0.739753,-0.868555,-0.385268,0.311735,0.494517,-0.63235,0.59631,0.000873,-0.003598,-0.003065,0.029514,0.040603,-0.080029,-0.831927,0.070878,0.027958,-0.058254,-0.2621,0.471514,-0.842007,-0.958358,-0.229671,0.169704,-0.113367,0.851425,0.512076,0.00077,0.00181,0.001257,0.00346,0.010535,0.037235,0.415066
234,0.049521,-0.006151,0.409161,-0.202352,0.496223,-0.844311,-0.97865,-0.134091,0.155677,-0.035719,0.857172,0.513816,0.002775,0.00646,0.004479,-4.627838,1.085357,2.883336,0.441697,-0.087191,-0.027614,0.37356,0.074112,-0.649364,0.756852,0.836976,0.453023,0.306879,-0.54224,0.611518,0.576095,0.002361,-0.009777,-0.008353,-0.0159,0.098189,-0.20576,-1.40418,0.035604,0.030486,-0.022646,-0.03903,0.65935,0.750821,-0.869438,-0.392749,0.299706,0.492496,-0.641096,0.588594,0.000418,-0.0003,-0.009258,0.031829,0.067714,-0.185387,-0.833723,0.07095,0.027931,-0.058085,-0.257949,0.479369,-0.838847,-0.960832,-0.218312,0.170703,-0.101301,0.850025,0.516907,0.001237,0.002891,0.002,-0.249475,0.757774,-0.604191,0.411963
235,0.04971,-0.006059,0.409501,-0.196705,0.50641,-0.839584,-0.980297,-0.117169,0.158937,-0.017648,0.853678,0.520528,0.002461,-0.001405,0.015625,-2.55029,1.517379,-1.319358,0.441205,-0.087057,-0.02787,0.372901,0.076912,-0.637052,0.766968,0.835945,0.460344,0.298687,-0.543443,0.618949,0.566952,0.00338,-0.013977,-0.012001,-0.045842,0.157404,-0.209963,-1.404448,0.03567,0.030362,-0.022973,-0.042732,0.647384,0.760964,-0.868766,-0.400205,0.291686,0.493375,-0.648636,0.579527,0.000841,-0.00203,-0.010765,0.000158,0.127936,-0.163634,-0.835356,0.071052,0.027978,-0.057908,-0.249598,0.492049,-0.834019,-0.965149,-0.196373,0.172987,-0.078661,0.84813,0.523915,0.001282,-0.000575,0.007889,-2.587423,1.464129,-1.327049,0.410983
236,0.049988,-0.005858,0.409854,-0.195772,0.521266,-0.830663,-0.980638,-0.107524,0.163581,-0.00381,0.845958,0.533261,0.00471,0.011005,0.00758,-0.107406,0.185819,0.099646,0.438425,-0.087219,-0.027722,0.371725,0.079922,-0.632696,0.77026,0.836726,0.462452,0.293191,-0.541808,0.621837,0.565355,0.000106,0.005175,-0.031697,0.058928,0.096388,-0.190381,-1.404437,0.035591,0.030427,-0.023568,-0.046394,0.643299,0.764207,-0.86969,-0.402364,0.285905,0.491412,-0.651359,0.578138,8.3e-05,0.002528,-0.015897,0.05941,0.094725,-0.191182,-0.840744,0.07119,0.028077,-0.057732,-0.250239,0.507255,-0.824665,-0.966121,-0.186402,0.178506,-0.063171,0.841395,0.536714,0.002434,0.005701,0.003924,-0.125555,0.138055,0.087654,0.407718
237,0.050194,-0.005707,0.410072,-0.194443,0.5309,-0.824853,-0.980909,-0.103513,0.164542,0.002207,0.840442,0.541922,0.004301,0.002925,0.018566,0.073161,0.432053,-0.041207,0.437993,-0.087243,-0.027453,0.370899,0.079923,-0.63212,0.770732,0.837766,0.461476,0.291756,-0.540198,0.623147,0.565452,-0.002929,0.02336,-0.052193,0.138858,0.014711,0.03784,-1.40463,0.03558,0.030549,-0.023945,-0.046503,0.642732,0.764677,-0.870552,-0.401483,0.284516,0.489873,-0.652461,0.578202,-0.000673,0.007082,-0.021019,0.103251,0.016354,0.014846,-0.838458,0.071292,0.028152,-0.05763,-0.249664,0.51617,-0.819289,-0.966677,-0.182301,0.179724,-0.056589,0.836859,0.544485,0.002804,0.006572,0.004509,0.159205,0.524704,0.048571,0.407064
238,0.0506,-0.005384,0.410447,-0.194504,0.550686,-0.811763,-0.980797,-0.097216,0.168991,0.014379,0.828361,0.560034,0.017775,0.007473,0.005399,0.094282,0.453989,-0.187853,0.438513,-0.087287,-0.026908,0.369089,0.084897,-0.627177,0.77423,0.838135,0.46504,0.284958,-0.538873,0.625483,0.564137,-0.002137,0.020094,-0.0551,0.139592,0.015685,0.036253,-1.404263,0.035557,0.030829,-0.024864,-0.051882,0.638106,0.768198,-0.871113,-0.405066,0.277637,0.488333,-0.654783,0.576878,-0.00011,0.004786,-0.023052,0.102521,0.015419,0.016593,-0.843357,0.071492,0.028318,-0.057433,-0.250823,0.53629,-0.805903,-0.967065,-0.176023,0.183847,-0.043262,0.825474,0.562778,0.002511,0.00591,0.004034,0.129347,0.458368,-0.00725,0.406085
239,0.051085,-0.005044,0.410635,-0.192002,0.568717,-0.799839,-0.980942,-0.086506,0.1739,0.029941,0.81728,0.575487,0.03125,0.012128,-0.007689,-1.17877,1.407048,-2.148348,0.423337,-0.087402,-0.026339,0.367006,0.099387,-0.616347,0.781172,0.833758,0.479976,0.272773,-0.543191,0.62495,0.560576,-0.001455,0.017283,-0.057668,-4.179625,-1.481528,-3.086714,-1.404087,0.035498,0.031115,-0.025904,-0.06348,0.628681,0.775067,-0.870073,-0.415264,0.265572,0.488817,-0.657507,0.573359,-0.000736,0.008799,-0.028685,0.126103,0.089122,-0.1373,-0.842214,0.07173,0.028486,-0.057334,-0.247287,0.554154,-0.794834,-0.968531,-0.165241,0.186123,-0.028198,0.815848,0.577577,0.008735,0.00343,0.002466,0.0034,0.233676,-0.261131,0.39988
240,0.051539,-0.004835,0.410697,-0.191496,0.580615,-0.791367,-0.9806,-0.078817,0.179394,0.042017,0.809648,0.585433,0.031818,0.006437,0.004905,-0.206839,1.104178,-0.628578,0.409671,-0.087465,-0.026092,0.365877,0.102897,-0.609593,0.786003,0.832196,0.485492,0.267731,-0.544933,0.627303,0.556239,-0.014964,0.011881,-0.060455,0.129916,0.050727,-0.013438,-1.404115,0.035471,0.031241,-0.026446,-0.070972,0.621805,0.779949,-0.866216,-0.426138,0.260911,0.494602,-0.657087,0.568861,-0.000411,0.007461,-0.0299,0.133684,0.088838,-0.168183,-0.843194,0.071954,0.028586,-0.057312,-0.250007,0.564186,-0.786886,-0.968142,-0.1574,0.194741,-0.013986,0.810505,0.585564,0.009368,0.004945,0.003477,-1.387847,1.456124,-2.305274,0.385673
241,0.052508,-0.004254,0.410954,-0.193721,0.600512,-0.775824,-0.978772,-0.064354,0.194516,0.067116,0.796292,0.6012,0.021007,0.0155,0.01069,-1.196396,0.859628,0.637516,0.390745,-0.087657,-0.025857,0.363827,0.113401,-0.601902,0.790472,0.825101,0.500168,0.262628,-0.553586,0.62317,0.552326,-0.013472,0.002781,-0.050412,0.093576,0.038725,-0.012545,-1.40424,0.035372,0.031357,-0.02752,-0.08201,0.614914,0.784318,-0.860137,-0.44119,0.255959,0.503426,-0.65363,0.565092,-0.006679,0.001297,-0.02528,0.109026,0.015566,-0.02237,-0.844337,0.072442,0.028871,-0.057187,-0.254543,0.584986,-0.770063,-0.966995,-0.144686,0.209727,0.01127,0.798032,0.602507,0.010689,0.008165,0.005588,-4.157011,1.683551,3.15023,0.354158
242,0.053037,-0.003527,0.411249,-0.205413,0.610652,-0.764824,-0.97636,-0.07412,0.202978,0.067508,0.78768,0.612397,0.00622,0.014883,0.009958,-0.00169,0.28777,-0.497544,0.407745,-0.087688,-0.025856,0.362326,0.123675,-0.59944,0.790802,0.817685,0.512977,0.261111,-0.562337,0.615064,0.552572,0.002857,-0.009016,-0.026483,0.031122,0.033026,-0.056236,-1.404229,0.035358,0.031352,-0.028275,-0.092624,0.613256,0.784434,-0.853635,-0.454463,0.254496,0.512568,-0.646048,0.565592,0.001398,-0.004269,-0.013021,0.032203,0.032697,-0.056135,-0.84499,0.072717,0.029248,-0.057031,-0.265366,0.595243,-0.758462,-0.964048,-0.152566,0.217561,0.013786,0.788928,0.614329,0.003266,0.007825,0.005226,-0.005771,0.170072,-0.296344,0.353668
243,0.053464,-0.003101,0.411536,-0.19427,0.623206,-0.757574,-0.976728,-0.051321,0.208181,0.091095,0.779614,0.619621,0.017211,0.006658,0.004641,-0.037585,0.070052,-0.09574,0.422485,-0.087451,-0.025929,0.361172,0.130312,-0.59798,0.790841,0.812742,0.521178,0.260303,-0.567987,0.609558,0.552896,0.002424,-0.007177,-0.024934,0.032475,0.021258,-0.030017,-1.404057,0.035474,0.031323,-0.028832,-0.099323,0.612294,0.784365,-0.849225,-0.462988,0.253883,0.518604,-0.640887,0.565962,0.00121,-0.003498,-0.012383,0.032483,0.021212,-0.030494,-0.843847,0.072927,0.029466,-0.056883,-0.255445,0.608538,-0.751284,-0.966069,-0.129986,0.223186,0.038161,0.782805,0.621095,0.00213,0.005124,0.003403,-0.134847,0.073054,-0.071126,0.372937
244,0.053709,-0.00297,0.411663,-0.189636,0.626037,-0.756414,-0.977372,-0.046817,0.206213,0.093913,0.777627,0.621695,0.016734,0.005552,0.003891,-0.002773,0.062767,-0.122723,0.427931,-0.087342,-0.026052,0.360732,0.133789,-0.597109,0.790919,0.809978,0.525633,0.259963,-0.571125,0.606574,0.552945,0.018032,-0.012922,-0.013855,-0.026168,-0.085067,0.132973,-1.404078,0.035524,0.03126,-0.029066,-0.102913,0.611535,0.784495,-0.846789,-0.467656,0.253465,0.521877,-0.638218,0.56597,0.001016,-0.002705,-0.011687,-0.085881,-0.017745,-0.113115,-0.846459,0.073048,0.029527,-0.056823,-0.250869,0.611697,-0.75026,-0.967146,-0.12545,0.22111,0.041132,0.781081,0.623072,0.008288,0.002598,0.00182,-0.01988,0.035204,-0.13678,0.381264
245,0.053918,-0.002752,0.411809,-0.189844,0.625644,-0.756686,-0.977458,-0.0479,0.205559,0.09259,0.777877,0.62158,0.001518,0.003657,0.002423,-0.011546,0.073514,-0.184439,0.434819,-0.08703,-0.026383,0.360204,0.143825,-0.595388,0.790454,0.800895,0.539114,0.260493,-0.581417,0.596331,0.553359,0.016667,-0.007174,-0.008692,0.000289,-0.003411,0.002836,-1.403887,0.035682,0.031088,-0.029336,-0.112996,0.610578,0.783853,-0.838629,-0.481689,0.254316,0.532853,-0.628625,0.566478,0.001224,-0.004994,-0.004552,0.008812,-0.070227,0.154085,-0.847929,0.073162,0.029645,-0.056745,-0.251305,0.611021,-0.750664,-0.967086,-0.126579,0.220726,0.03985,0.781428,0.62272,-0.006096,-0.000887,0.007471,-0.035324,0.032532,-0.047955,0.392205
246,0.053876,-0.002693,0.411835,-0.184412,0.625836,-0.757871,-0.978211,-0.042035,0.203245,0.095564,0.778062,0.620898,-0.000783,-0.001886,-0.001249,-4.190065,1.133893,3.404685,0.448142,-0.086618,-0.026601,0.359967,0.150562,-0.594191,0.790101,0.794562,0.548172,0.260983,-0.588371,0.589214,0.553633,0.015515,-0.002358,-0.004324,0.002045,-0.015205,0.029245,-1.404422,0.035889,0.030977,-0.029456,-0.1198,0.609822,0.783431,-0.832927,-0.491156,0.254946,0.540259,-0.621999,0.566777,0.000716,-0.002907,-0.002659,-0.00067,0.012134,-0.025783,-0.849562,0.073141,0.029677,-0.05673,-0.249691,0.610257,-0.751824,-0.967574,-0.126665,0.218531,0.03813,0.782011,0.622096,-0.006653,0.001331,0.000781,-0.000107,0.014529,-0.030595,0.408207
247,0.053764,-0.002664,0.411767,-0.18084,0.626923,-0.757833,-0.978435,-0.036466,0.203245,0.100002,0.777467,0.620944,-0.000301,0.00641,-0.012078,0.034485,-0.018403,0.015603,0.453001,-0.086299,-0.026629,0.359922,0.152706,-0.595261,0.788883,0.795237,0.547851,0.259597,-0.586908,0.588433,0.556012,0.027499,0.012625,-0.011348,0.067913,-0.081227,0.05742,-1.404318,0.036054,0.030962,-0.029479,-0.122059,0.611144,0.78205,-0.833653,-0.490735,0.253378,0.53863,-0.621032,0.569382,0.013701,0.006526,-0.005488,0.052865,-0.057258,0.068583,-0.849562,0.073084,0.029688,-0.056767,-0.242622,0.613028,-0.751884,-0.968968,-0.115375,0.218604,0.047261,0.78159,0.621998,-0.000267,0.002921,-0.006226,0.035719,-0.018401,0.014665,0.416698
248,0.05338,-0.002703,0.411614,-0.173338,0.628983,-0.757878,-0.97884,-0.025047,0.203019,0.108922,0.776253,0.620963,-0.015337,-0.002184,-0.001654,-1.259186,0.361976,0.973256,0.456431,-0.085542,-0.026531,0.359731,0.152054,-0.596307,0.788219,0.795664,0.546863,0.260371,-0.586497,0.588293,0.556592,0.015365,-0.001645,-0.003696,0.000585,-0.00332,0.003034,-1.404494,0.03643,0.031019,-0.029568,-0.121099,0.612043,0.781497,-0.833955,-0.489736,0.254316,0.53838,-0.620936,0.569723,0.007674,-0.00077,-0.001812,0.000215,-0.00197,0.003931,-0.847113,0.072902,0.029668,-0.056843,-0.239023,0.614358,-0.751952,-0.969641,-0.109858,0.218464,0.051607,0.781342,0.621965,-0.0014,-0.003364,-0.00223,-0.000729,0.010461,-0.027465,0.424537
249,0.052913,-0.002898,0.411504,-0.165851,0.631063,-0.757826,-0.979068,-0.013422,0.203023,0.118148,0.774852,0.621026,-0.003681,-0.008796,-0.005858,0.009873,-0.062929,0.157692,0.461159,-0.084807,-0.026375,0.359497,0.154777,-0.596626,0.787447,0.792997,0.550314,0.261236,-0.589395,0.584737,0.557279,0.012958,0.010997,-0.010683,0.037489,-0.017519,0.051797,-1.404597,0.036799,0.031093,-0.029689,-0.123769,0.612536,0.780691,-0.831534,-0.493349,0.255255,0.541507,-0.617579,0.570407,0.006456,0.005605,-0.005254,0.038078,-0.017324,0.051859,-0.848092,0.072659,0.029572,-0.056898,-0.228123,0.618378,-0.752042,-0.971421,-0.092535,0.21858,0.065575,0.780413,0.621815,-0.008321,-0.002627,-0.001848,-0.001515,0.025443,-0.057084,0.429109
250,0.052627,-0.003001,0.411408,-0.16238,0.632145,-0.757675,-0.979088,-0.007846,0.203217,0.122713,0.774045,0.621147,-0.017125,-0.006359,-0.004463,0.008901,-0.048226,0.128129,0.464171,-0.084385,-0.02619,0.359404,0.15758,-0.596805,0.786755,0.790206,0.553924,0.262063,-0.592398,0.581131,0.557867,0.026709,0.015839,-0.008448,0.039534,-0.032699,0.08106,-1.404711,0.03701,0.031185,-0.029736,-0.126546,0.612898,0.779962,-0.829001,-0.497136,0.256149,0.54474,-0.614174,0.571004,0.013318,0.008078,-0.004092,0.040183,-0.032508,0.081158,-0.849072,0.072521,0.02952,-0.056946,-0.224727,0.619728,-0.751953,-0.97189,-0.08697,0.21878,0.070187,0.779982,0.621852,-0.008209,0.00122,-0.007472,0.032923,0.006871,-0.041514,0.432864
251,0.052055,-0.003184,0.41118,-0.148517,0.636235,-0.757095,-0.978835,0.01443,0.204072,0.140941,0.770591,0.621573,-0.003878,-0.009204,-0.006165,-1.256908,0.349014,1.003824,0.468854,-0.083391,-0.025617,0.359109,0.153944,-0.597962,0.786597,0.790745,0.551815,0.264873,-0.59263,0.58195,0.556765,0.026815,0.015344,-0.008921,0.010789,0.015516,0.104724,-1.404624,0.037506,0.031476,-0.029879,-0.1226,0.613707,0.779956,-0.829358,-0.494995,0.25912,0.545099,-0.615096,0.56967,0.013413,0.00767,-0.004479,0.027008,-0.007997,0.094169,-0.848256,0.072226,0.029421,-0.057065,-0.211442,0.62479,-0.751617,-0.973399,-0.065188,0.219646,0.088236,0.778066,0.621953,-0.001946,-0.004627,-0.00309,-1.270253,0.349868,1.013662,0.440212
252,0.051593,-0.00316,0.411042,-0.142334,0.641546,-0.753794,-0.977212,0.030086,0.210057,0.15761,0.76572,0.623586,-0.013946,0.001295,0.00063,-0.119424,0.133651,-0.21291,0.469934,-0.082456,-0.025061,0.358448,0.149869,-0.593158,0.791009,0.791352,0.55148,0.263753,-0.592858,0.587161,0.551022,0.026872,0.01817,-0.024938,0.261545,0.663558,-0.66095,-1.404562,0.037961,0.031757,-0.030191,-0.11879,0.609452,0.783873,-0.829883,-0.494381,0.258612,0.545144,-0.619803,0.564501,0.007268,0.002286,-0.008334,0.861817,1.728005,-1.971485,-0.84646,0.071997,0.029423,-0.05714,-0.205165,0.63061,-0.748489,-0.973014,-0.048908,0.225502,0.105596,0.774556,0.623627,-0.006469,0.005394,-0.004693,-0.402644,0.444509,-0.716726,0.443152
253,0.051093,-0.002879,0.410988,-0.144061,0.648485,-0.747502,-0.97441,0.038762,0.221348,0.172689,0.759458,0.62724,-0.012272,0.005246,0.003278,0.000663,0.004046,-0.002885,0.485761,-0.081526,-0.024672,0.357486,0.147069,-0.585153,0.79747,0.792161,0.552393,0.259379,-0.592475,0.59429,0.543744,0.014241,0.00917,-0.031057,0.054528,0.030785,0.034651,-1.404463,0.03843,0.031957,-0.030668,-0.11664,0.600431,0.791123,-0.830698,-0.495581,0.253651,0.544366,-0.627599,0.556581,0.015161,0.001046,-0.010631,0.042884,-0.034273,0.057625,-0.845806,0.071742,0.029564,-0.057167,-0.207533,0.637459,-0.742007,-0.970676,-0.040126,0.237017,0.121315,0.769438,0.627094,-0.006076,0.002761,0.001742,0.005871,-0.000411,0.002537,0.455725
254,0.05086,-0.002765,0.411011,-0.139746,0.651602,-0.745608,-0.974359,0.043615,0.220666,0.176473,0.75652,0.629732,-0.01258,0.004517,0.002788,0.003494,0.025124,-0.02567,0.493546,-0.081055,-0.024608,0.356887,0.145207,-0.575891,0.804522,0.792026,0.554898,0.254397,-0.593111,0.600962,0.535656,0.015558,0.004248,-0.035682,0.835823,1.794082,-1.958879,-1.404561,0.038664,0.031994,-0.030963,-0.11523,0.593586,0.796477,-0.830593,-0.497358,0.250497,0.544826,-0.632684,0.550339,0.008851,-0.003456,-0.013703,-0.166453,0.404744,-0.047622,-0.843684,0.071632,0.029624,-0.057153,-0.203284,0.641068,-0.740072,-0.971077,-0.035325,0.236137,0.125237,0.76667,0.629707,-0.00622,0.002424,0.001513,-0.00875,9.6e-05,-0.032605,0.465686
255,0.050786,-0.002638,0.411167,-0.137837,0.653704,-0.744122,-0.973486,0.049068,0.223358,0.182688,0.754369,0.630539,0.014845,0.000814,0.000786,0.000985,-0.014712,0.029554,0.500717,-0.080415,-0.024756,0.355374,0.143468,-0.561325,0.81506,0.791082,0.559816,0.246434,-0.59479,0.610106,0.523316,0.005214,-0.016505,-0.034257,-0.039928,0.22055,-0.184409,-1.404339,0.038988,0.031927,-0.031721,-0.114724,0.576719,0.808846,-0.829996,-0.503039,0.24095,0.545842,-0.643696,0.536386,0.008979,-0.002207,-0.022,-0.004088,0.265145,-0.314638,-0.838948,0.071589,0.029687,-0.057076,-0.201661,0.643127,-0.738728,-0.970562,-0.029806,0.238999,0.131688,0.765179,0.630205,0.007519,0.000636,0.00055,0.002451,-0.016567,0.030002,0.480708
256,0.051073,-0.002471,0.411392,-0.136824,0.653346,-0.744623,-0.973608,0.049924,0.222633,0.182795,0.754623,0.630204,0.002445,-0.001363,0.015464,-0.032749,0.007925,0.011213,0.500603,-0.07995,-0.025042,0.353754,0.14201,-0.553623,0.820564,0.789972,0.562813,0.243146,-0.596611,0.614365,0.516212,0.017866,-0.003967,-0.04385,0.041423,0.139105,-0.196675,-1.40416,0.039224,0.031769,-0.032551,-0.113971,0.568918,0.814458,-0.829059,-0.506184,0.237567,0.547422,-0.648158,0.529357,0.00898,-0.002075,-0.022019,0.063987,0.101863,-0.214782,-0.839275,0.071732,0.029771,-0.056968,-0.200656,0.642829,-0.739261,-0.970767,-0.02902,0.238259,0.131707,0.765459,0.629861,0.00814,0.002121,0.00153,0.003314,-0.025623,0.055758,0.48577
257,0.051296,-0.002359,0.411482,-0.136087,0.653036,-0.74503,-0.973724,0.05045,0.222009,0.182729,0.754857,0.629943,0.016433,0.004624,0.003311,0.002661,-0.025401,0.056265,0.500592,-0.079779,-0.025185,0.352936,0.140509,-0.550988,0.822594,0.789699,0.563416,0.242635,-0.597324,0.616177,0.513218,0.003507,-0.006733,-0.044242,-0.075373,0.278038,0.091112,-1.403887,0.039311,0.031695,-0.032963,-0.113559,0.566567,0.816153,-0.829058,-0.506726,0.23641,0.547508,-0.649792,0.52726,0.001806,-0.003473,-0.022227,-0.122862,0.356853,0.129957,-0.839112,0.071839,0.029827,-0.056918,-0.199942,0.642596,-0.739657,-0.970924,-0.028519,0.237681,0.131639,0.765674,0.629614,0.001812,0.004273,0.002846,0.002211,-0.01085,0.026275,0.485934
258,0.051911,-0.002098,0.411516,-0.133942,0.652015,-0.746312,-0.974128,0.051713,0.219937,0.182156,0.755654,0.629152,0.016296,0.004378,0.003125,0.002655,-0.025408,0.056262,0.504822,-0.079507,-0.025467,0.351363,0.134876,-0.544401,0.827906,0.789054,0.564307,0.24266,-0.599464,0.621193,0.504604,0.004828,-0.014805,-0.033274,-0.112378,0.365806,0.033983,-1.403821,0.039447,0.03155,-0.033753,-0.108122,0.559472,0.821766,-0.828379,-0.507715,0.236669,0.549633,-0.655145,0.518351,0.00243,-0.007366,-0.016606,-0.137916,0.408766,0.055615,-0.843684,0.072147,0.02996,-0.056899,-0.197758,0.641749,-0.740977,-0.97146,-0.027307,0.235621,0.130975,0.766427,0.628835,0.008112,0.002107,0.001501,0.003037,-0.025535,0.055995,0.489363
