frame,MLTx,MLTy,MLTz,MLTR1,MLTR2,MLTR3,MLTR4,MLTR5,MLTR6,MLTR7,MLTR8,MLTR9,MLTTVx,MLTTVy,MLTTVz,MLTRVx,MLTRVy,MLTRVz,MLGA,MRTx,MRTy,MRTz,MRTR1,MRTR2,MRTR3,MRTR4,MRTR5,MRTR6,MRTR7,MRTR8,MRTR9,MRTTVx,MRTTVy,MRTTVz,MRTRVx,MRTRVy,MRTRVz,MRGA,SLTx,SLTy,SLTz,SLTR1,SLTR2,SLTR3,SLTR4,SLTR5,SLTR6,SLTR7,SLTR8,SLTR9,SLTTVx,SLTTVy,SLTTVz,SLTRVx,SLTRVy,SLTRVz,SLGA,SRTx,SRTy,SRTz,SRTR1,SRTR2,SRTR3,SRTR4,SRTR5,SRTR6,SRTR7,SRTR8,SRTR9,SRTTVx,SRTTVy,SRTTVz,SRTRVx,SRTRVy,SRTRVz,SRGA
493,0.128065,0.00848,0.353711,-0.366773,0.447048,-0.815887,-0.639009,-0.758396,-0.128352,-0.675696,0.473723,0.564843,0.000966,0.005219,0.003975,0.000637,-0.014202,0.025069,-0.918013,-0.125541,0.024028,0.342612,-0.124706,0.923048,0.363899,-0.982176,-0.166674,0.086507,0.140674,-0.34778,0.926889,-0.015308,0.016023,-0.069054,-0.009179,0.253279,0.301017,-1.406846,0.056988,0.031129,-0.005226,0.015398,-0.944325,0.328652,0.998643,0.030871,0.041914,-0.049726,0.327561,0.94352,-0.000322,0.003309,-0.030505,0.006854,0.536635,0.123996,-0.842051,0.079104,0.028369,-0.062851,-0.525823,0.412626,-0.743807,-0.475594,-0.867615,-0.145095,-0.705209,0.277457,0.652455,0.000196,-0.003077,0.006069,-0.035218,0.015475,-0.017109,-0.897464
494,0.128083,0.008242,0.354211,-0.367892,0.449398,-0.81409,-0.640244,-0.757283,-0.128774,-0.673916,0.473278,0.567337,0.000431,-0.006024,0.012235,-0.028215,0.07757,0.017783,-0.909669,-0.125978,0.024308,0.340074,-0.110135,0.919485,0.377373,-0.984293,-0.153448,0.086924,0.137985,-0.363022,0.921433,-0.013417,0.002402,-0.063199,0.09969,0.039592,0.135682,-1.406814,0.056769,0.031278,-0.006495,0.001505,-0.93922,0.343309,0.99896,0.017049,0.042261,-0.045546,0.342889,0.93827,-0.006732,0.001628,-0.031251,0.167978,0.11775,-0.038549,-0.842867,0.079113,0.028257,-0.062602,-0.527335,0.41472,-0.741569,-0.477062,-0.866744,-0.145481,-0.703085,0.277058,0.654912,0.000291,-0.002573,0.006452,-0.035251,0.152147,-0.133073,-0.894198
495,0.128138,0.007943,0.354752,-0.369839,0.454063,-0.810611,-0.641934,-0.755569,-0.130416,-0.671237,0.471558,0.571927,0.00043,-0.00603,0.01223,0.023392,0.534264,0.273178,-0.906794,-0.126454,0.024439,0.337627,-0.089578,0.909593,0.405719,-0.988623,-0.130444,0.074452,0.120772,-0.39557,0.910386,-0.012295,-0.006096,-0.053474,0.463026,0.883914,-0.064419,-1.406556,0.056536,0.031339,-0.007703,-0.01608,-0.928746,0.370367,0.999531,-0.005288,0.030134,-0.026029,0.370678,0.928396,-0.006859,0.002348,-0.030858,0.605565,0.391458,1.815888,-0.849072,0.079141,0.02811,-0.062336,-0.528747,0.416663,-0.73947,-0.478681,-0.865833,-0.14559,-0.70092,0.27699,0.657256,0.000237,-0.002851,0.006238,-0.039531,-0.002627,-0.024926,-0.890606
496,0.128167,0.007793,0.355029,-0.370137,0.454028,-0.810495,-0.642405,-0.755276,-0.129787,-0.670621,0.472059,0.572236,0.000187,-0.015705,0.021698,-0.068788,0.02562,-0.00416,-0.905473,-0.12677,0.024441,0.336496,-0.079722,0.905854,0.41601,-0.989898,-0.120842,0.073707,0.117154,-0.407063,0.90578,-0.012434,-0.005402,-0.053095,-0.10463,0.209957,0.268376,-1.406794,0.056378,0.031339,-0.00827,-0.024125,-0.923395,0.38309,0.999529,-0.015017,0.026749,-0.018947,0.383555,0.923323,-0.00617,-0.002769,-0.026578,-0.123642,0.540157,0.287314,-0.849889,0.079155,0.028034,-0.062198,-0.530156,0.418557,-0.73739,-0.479712,-0.865161,-0.146187,-0.699149,0.276233,0.659457,0.000254,-0.002763,0.006306,-0.039633,-0.018659,-0.000294,-0.888973
497,0.128211,0.007481,0.355574,-0.370319,0.459374,-0.807393,-0.643589,-0.753594,-0.133641,-0.669385,0.469564,0.575725,0.000355,-0.006436,0.011923,-0.032063,0.04314,-0.001703,-0.905132,-0.12736,0.024413,0.334448,-0.071398,0.904512,0.420418,-0.990598,-0.11342,0.076062,0.116587,-0.412165,0.903544,-0.013147,-0.000885,-0.049803,0.075516,-0.026342,0.154387,-1.407044,0.056079,0.031321,-0.009321,-0.032721,-0.920874,0.388484,0.999295,-0.022998,0.029651,-0.018371,0.389181,0.920977,-0.006498,-0.000744,-0.025124,0.109743,-0.045281,0.116,-0.863932,0.079178,0.027878,-0.061919,-0.53118,0.423575,-0.733778,-0.481592,-0.863492,-0.14983,-0.697077,0.273795,0.66266,0.000232,-0.002876,0.006221,-0.040493,-0.001356,0.007193,-0.88685
498,0.128229,0.00718,0.356039,-0.366757,0.460986,-0.8081,-0.643571,-0.752918,-0.137487,-0.671364,0.469068,0.573822,0.000105,-0.007794,0.010899,-0.035134,0.015259,-0.017041,-0.90622,-0.128071,0.024365,0.332766,-0.059506,0.897148,0.437694,-0.992687,-0.099105,0.068442,0.10487,-0.43154,0.8959,-0.012675,-0.004844,-0.036289,-0.307901,0.437354,0.220792,-1.406613,0.055724,0.031294,-0.010171,-0.041345,-0.913477,0.404783,0.999141,-0.036788,0.019034,-0.002496,0.405223,0.914214,-0.01373,0.002833,-0.021638,0.125572,-0.080055,0.090813,-0.86834,0.079187,0.027732,-0.06169,-0.527916,0.425742,-0.734879,-0.482012,-0.862616,-0.153481,-0.699262,0.273195,0.660602,-1.5e-05,-0.004221,0.005205,-0.044095,0.113647,-0.195385,-0.88685
499,0.128204,0.006839,0.356424,-0.365481,0.461625,-0.808313,-0.643818,-0.752484,-0.138702,-0.671824,0.469136,0.573229,-0.000165,-0.009263,0.009795,-0.035241,0.015309,-0.017184,-0.906053,-0.128772,0.024518,0.33135,-0.037432,0.889813,0.454779,-0.995422,-0.073001,0.061154,0.087678,-0.451519,0.887867,-0.015288,0.013814,-0.038266,-0.045954,0.086862,0.277213,-1.406753,0.05538,0.031361,-0.010868,-0.062229,-0.903277,0.42452,0.997943,-0.06284,0.012575,0.015318,0.42443,0.90533,-0.006891,0.001578,-0.014948,-0.17059,0.188729,0.363417,-0.875362,0.079175,0.027562,-0.061497,-0.526866,0.426613,-0.735127,-0.482454,-0.862175,-0.154568,-0.699749,0.273229,0.660072,-0.000211,-0.005288,0.004402,-0.035913,0.015861,-0.018118,-0.88734
500,0.128189,0.006692,0.356565,-0.365653,0.461609,-0.808245,-0.644129,-0.752289,-0.138311,-0.671432,0.469463,0.57342,0.000184,0.001001,0.000756,0.0,0.0,0.0,-0.905969,-0.129061,0.024648,0.330798,-0.024546,0.886728,0.461632,-0.996349,-0.059196,0.060978,0.081444,-0.459557,0.884329,-0.014266,0.006309,-0.0274,-0.059945,0.135444,0.445671,-1.407116,0.055231,0.031429,-0.01116,-0.074027,-0.898821,0.432018,0.997001,-0.076487,0.011705,0.022523,0.431589,0.901788,-0.007098,0.003038,-0.01378,-0.007398,0.362733,0.62394,-0.884669,0.079167,0.027482,-0.061419,-0.527042,0.426548,-0.735038,-0.482793,-0.862071,-0.15409,-0.699382,0.27366,0.660283,7.9e-05,0.000462,0.000349,1.1e-05,9.9e-05,-0.000223,-0.887503
501,0.128144,0.006474,0.356791,-0.365894,0.461595,-0.808144,-0.64462,-0.751977,-0.137722,-0.67083,0.469976,0.573704,-0.000176,-0.00932,0.009757,-0.0299,-0.095038,0.181935,-0.905781,-0.12966,0.024848,0.329927,-0.011652,0.879728,0.475326,-0.997894,-0.040228,0.050233,0.063344,-0.474837,0.877713,-0.013431,0.000123,-0.015464,0.029627,0.025983,-0.031675,-1.406848,0.054931,0.031534,-0.011598,-0.08588,-0.890451,0.446902,0.995419,-0.095601,0.000802,0.04201,0.444924,0.894582,-0.007516,0.006022,-0.011361,0.075583,-0.011313,-0.019158,-0.894957,0.079144,0.027373,-0.061312,-0.527384,0.426374,-0.734895,-0.483189,-0.86198,-0.153354,-0.698851,0.274217,0.660614,-0.000228,-0.0054,0.004319,-0.035171,0.015313,-0.017284,-0.887503
502,0.128111,0.006405,0.356852,-0.364026,0.462375,-0.808541,-0.64429,-0.75185,-0.139945,-0.672163,0.469412,0.572604,0.0,0.0,0.0,0.0,0.0,0.0,-0.905648,-0.130136,0.025171,0.329242,-0.002795,0.872297,0.488959,-0.998642,-0.027458,0.043512,0.051401,-0.489262,0.870542,-0.015379,0.014505,-0.02074,-0.117421,0.300659,-0.048494,-1.406713,0.054693,0.031694,-0.011935,-0.092709,-0.882709,0.460683,0.994131,-0.107965,-0.00681,0.055749,0.457348,0.887538,-0.006963,0.001964,-0.006171,-0.224553,0.25522,0.175534,-0.903938,0.079128,0.027337,-0.061276,-0.52565,0.42766,-0.73539,-0.483183,-0.86157,-0.155664,-0.700161,0.273503,0.659522,-8e-06,-2.4e-05,-1.8e-05,-0.000148,0.000144,-0.000246,-0.887503
503,0.128121,0.006412,0.356845,-0.363989,0.462391,-0.808549,-0.644284,-0.751846,-0.139989,-0.672189,0.469402,0.572582,0.0,0.0,0.0,0.0,0.0,0.0,-0.905704,-0.130415,0.0253,0.328968,0.008489,0.868926,0.494861,-0.998832,-0.015717,0.044964,0.046853,-0.495748,0.867122,-0.013966,0.004092,-0.012234,-0.370955,0.533349,0.099744,-1.407194,0.054553,0.031764,-0.012074,-0.102387,-0.878758,0.466155,0.99281,-0.119479,-0.007168,0.061994,0.46207,0.884673,-0.007035,0.002494,-0.005737,0.04261,-0.006367,-0.009155,-0.906551,0.079133,0.02734,-0.06128,-0.525619,0.427682,-0.735399,-0.483181,-0.861563,-0.155706,-0.700185,0.273489,0.659502,-2e-06,-1.5e-05,-1e-05,1.9e-05,4.2e-05,-6.1e-05,-0.887503
504,0.128153,0.006449,0.356809,-0.363711,0.462511,-0.808606,-0.644287,-0.75179,-0.140279,-0.672337,0.469374,0.572432,0.0007,0.012162,-0.007613,0.035922,-0.029244,0.042402,-0.906304,-0.130823,0.025419,0.328559,0.021502,0.862666,0.505309,-0.99935,0.004639,0.034832,0.027694,-0.506805,0.861536,-0.01261,-0.005979,-0.003457,0.116406,0.316293,-0.280631,-1.407333,0.054348,0.031829,-0.012281,-0.115104,-0.870407,0.478687,0.990057,-0.139745,-0.016033,0.08085,0.472082,0.877838,-0.00703,0.002435,-0.005791,0.52404,0.719307,-0.348623,-0.912102,0.079148,0.027351,-0.061298,-0.525411,0.427841,-0.735455,-0.483223,-0.861496,-0.155948,-0.700313,0.273453,0.659382,1e-06,1e-06,-1e-06,3.5e-05,-3e-06,-3.7e-05,-0.887667
505,0.128175,0.00647,0.3568,-0.363616,0.462552,-0.808625,-0.644282,-0.751775,-0.140382,-0.672393,0.469358,0.572379,7e-06,3.9e-05,3e-05,0.0,0.0,0.0,-0.906029,-0.131216,0.025506,0.328224,0.032565,0.853358,0.520299,-0.999396,0.023456,0.024302,0.00851,-0.521841,0.85292,-0.012585,-0.006212,-0.003656,-0.013438,0.236775,-0.212249,-1.407485,0.054151,0.031876,-0.012445,-0.124075,-0.860128,0.494755,0.987075,-0.157955,-0.027064,0.101428,0.485003,0.86861,-0.007106,0.003008,-0.005321,0.141237,0.346014,-0.232657,-0.913245,0.07916,0.027369,-0.061303,-0.525298,0.427923,-0.735488,-0.483228,-0.861467,-0.15609,-0.700393,0.273414,0.659312,2e-06,1.3e-05,1e-05,2.7e-05,3e-06,-2.2e-05,-0.88783
506,0.128163,0.006464,0.356796,-0.363524,0.462595,-0.808641,-0.644313,-0.751734,-0.140456,-0.672413,0.46938,0.572338,-7e-05,-0.000379,-0.000286,0.0,0.0,0.0,-0.905927,-0.13157,0.025364,0.327995,0.047317,0.848937,0.526362,-0.998819,0.043817,0.019337,-0.00669,-0.527715,0.849314,0.000829,-0.00642,-0.005281,0.841259,0.266922,1.053445,-1.407432,0.053969,0.031808,-0.012556,-0.136362,-0.854427,0.501357,0.983807,-0.176211,-0.032721,0.116303,0.488777,0.864621,-0.006152,-0.003885,-0.002508,2.889777,0.241693,4.473279,-0.913572,0.079154,0.027366,-0.061305,-0.52522,0.427986,-0.735507,-0.483273,-0.86143,-0.156158,-0.700421,0.273434,0.659274,-3.7e-05,-0.000215,-0.000162,2.5e-05,3e-06,-2.3e-05,-0.88783
507,0.128153,0.006457,0.356803,-0.363562,0.46258,-0.808633,-0.644319,-0.751738,-0.140412,-0.672387,0.46939,0.57236,-1e-06,-6e-06,-4e-06,0.0,0.0,0.0,-0.905463,-0.131712,0.025217,0.327878,0.050339,0.84545,0.531668,-0.99859,0.050344,0.014707,-0.014378,-0.532714,0.846092,0.000944,-0.007337,-0.006043,-0.005961,0.130658,-0.180356,-1.407165,0.053898,0.031735,-0.012614,-0.139945,-0.850448,0.507101,0.982183,-0.184104,-0.037702,0.125423,0.49279,0.861061,-0.006886,0.001242,-0.006782,0.034152,0.254147,-0.333927,-0.911776,0.079149,0.027362,-0.061301,-0.525252,0.427962,-0.735498,-0.483274,-0.861437,-0.156114,-0.700396,0.273448,0.659295,1e-06,0.0,1e-06,2.7e-05,9e-06,-1.6e-05,-0.88783
508,0.128136,0.006473,0.356815,-0.363567,0.462575,-0.808633,-0.644316,-0.75174,-0.140407,-0.672386,0.469389,0.572361,2.6e-05,0.000143,0.000108,0.0,0.0,0.0,-0.905072,-0.131996,0.024927,0.327662,0.05782,0.837091,0.543991,-0.997553,0.06943,-0.000599,-0.038325,-0.54367,0.838342,-0.012408,-0.007874,-0.005053,0.377177,0.420626,-0.032468,-1.406941,0.053756,0.031584,-0.012728,-0.145333,-0.841674,0.520059,0.977913,-0.202005,-0.053647,0.150208,0.500776,0.852443,-0.006196,-0.003994,-0.002566,0.381559,0.437884,-0.030238,-0.910633,0.07914,0.02737,-0.061295,-0.525257,0.427956,-0.735498,-0.48327,-0.86144,-0.156109,-0.700396,0.273447,0.659296,1.2e-05,6.9e-05,5.3e-05,9e-06,-8e-06,-3e-05,-0.887503
509,0.128123,0.006452,0.356812,-0.36351,0.462605,-0.808642,-0.644354,-0.751702,-0.140439,-0.672381,0.469422,0.572341,-0.000222,-0.001205,-0.00091,0.0,0.0,0.0,-0.905405,-0.132371,0.024549,0.327396,0.066365,0.830022,0.553761,-0.995897,0.089049,-0.013915,-0.060926,-0.5516,0.831798,-0.012048,-0.010904,-0.007578,0.977135,0.026597,1.093434,-1.407136,0.053569,0.031399,-0.012858,-0.152089,-0.833964,0.530445,0.973079,-0.220371,-0.067467,0.17316,0.505905,0.845029,-0.006006,-0.005559,-0.003872,0.986464,0.027763,1.106067,-0.911776,0.079134,0.027363,-0.061295,-0.525209,0.427998,-0.735508,-0.483317,-0.861409,-0.156135,-0.700399,0.27348,0.659279,-0.00013,-0.000707,-0.000533,-0.000657,0.01397,-0.025211,-0.887503
510,0.128122,0.006444,0.356819,-0.363526,0.462601,-0.808637,-0.644367,-0.751696,-0.140414,-0.67236,0.469436,0.572354,-3e-06,-1.8e-05,-1.3e-05,0.0,0.0,0.0,-0.905428,-0.132588,0.024358,0.327251,0.073969,0.826166,0.558543,-0.994596,0.101805,-0.018663,-0.072355,-0.555174,0.828499,-0.012114,-0.010491,-0.007249,0.245592,0.239484,0.027178,-1.407084,0.053465,0.031305,-0.012929,-0.159143,-0.829385,0.535531,0.969805,-0.232868,-0.072451,0.184797,0.507831,0.841401,-0.006049,-0.005267,-0.003637,0.907873,0.123618,1.174698,-0.90753,0.079133,0.027355,-0.061294,-0.525223,0.42799,-0.735502,-0.483329,-0.861407,-0.156108,-0.70038,0.273498,0.659291,-0.0,-2e-06,-2e-06,1.9e-05,-4e-06,-1e-05,-0.887503
511,0.128134,0.00645,0.356823,-0.363485,0.462621,-0.808644,-0.644381,-0.751677,-0.140448,-0.672369,0.469445,0.572336,1.4e-05,7.5e-05,5.6e-05,0.0,0.0,0.0,-0.905647,-0.133179,0.024001,0.326985,0.083415,0.816293,0.571576,-0.991187,0.127055,-0.0366,-0.102583,-0.564503,0.818948,-0.013833,0.002507,-0.013632,0.044609,0.131932,-0.163511,-1.406762,0.053165,0.03112,-0.013067,-0.166636,-0.81864,0.549599,0.962105,-0.257006,-0.091111,0.215838,0.51359,0.830444,-0.006922,0.001317,-0.00675,0.031137,0.124487,-0.157318,-0.90606,0.079139,0.027359,-0.061291,-0.525188,0.428019,-0.73551,-0.483349,-0.86139,-0.156139,-0.700392,0.273506,0.659275,6e-06,4.5e-05,3.3e-05,9e-06,-4e-06,-1.6e-05,-0.887503
512,0.128123,0.006426,0.356855,-0.363552,0.462602,-0.808625,-0.644432,-0.751653,-0.140343,-0.672283,0.469503,0.572388,0.0,1e-06,1e-06,0.0,0.0,0.0,-0.905709,-0.134015,0.023983,0.326637,0.09381,0.802119,0.589742,-0.98569,0.158066,-0.058,-0.139838,-0.576862,0.804698,-0.027371,0.003265,-0.011569,3.286882,-0.065912,4.089403,-1.407125,0.052758,0.031109,-0.013238,-0.169841,-0.805076,0.568336,0.953136,-0.280719,-0.112818,0.25037,0.522541,0.815024,-0.012995,-0.003627,-0.001558,0.046529,0.231841,-0.265077,-0.902305,0.079134,0.027347,-0.061275,-0.525248,0.427984,-0.735488,-0.483394,-0.861385,-0.156029,-0.700317,0.273577,0.659326,0.0,-8e-06,-6e-06,9e-06,7e-06,-3e-06,-0.887503
513,0.128119,0.006371,0.356877,-0.363538,0.462626,-0.808617,-0.64453,-0.751579,-0.140291,-0.672198,0.469598,0.572412,-7.2e-05,-0.000389,-0.000294,0.0,0.0,0.0,-0.905713,-0.135075,0.024141,0.326249,0.100309,0.789665,0.605275,-0.980698,0.181022,-0.073453,-0.167676,-0.587209,0.791791,-0.028989,0.016045,-0.018119,0.182686,0.427979,-0.468487,-1.406351,0.052217,0.031189,-0.013435,-0.178249,-0.791233,0.584959,0.94271,-0.30769,-0.128928,0.281998,0.528466,0.800749,-0.014504,0.008127,-0.008952,0.193382,0.430503,-0.47908,-0.885323,0.079132,0.02732,-0.061264,-0.525238,0.42801,-0.73548,-0.4835,-0.861337,-0.155964,-0.700251,0.273686,0.65935,-4.7e-05,-0.00025,-0.000187,0.0,-6e-06,-1.8e-05,-0.887503
514,0.128128,0.006355,0.356878,-0.363552,0.462623,-0.808613,-0.644544,-0.751571,-0.140268,-0.672177,0.469612,0.572424,-2.8e-05,-0.00015,-0.000113,0.0,0.0,0.0,-0.905943,-0.135631,0.024303,0.32603,0.108437,0.782084,0.613659,-0.976738,0.198639,-0.080376,-0.184871,-0.591643,0.78463,-0.029063,0.016843,-0.017457,0.038252,0.26877,-0.354661,-1.406602,0.05195,0.031264,-0.013539,-0.185215,-0.782801,0.594068,0.93605,-0.324578,-0.135858,0.299172,0.530915,0.792858,-0.013875,0.003354,-0.00434,0.039554,0.238609,-0.344486,-0.886466,0.079136,0.027311,-0.061264,-0.525251,0.428005,-0.735474,-0.483513,-0.861334,-0.15594,-0.700233,0.273704,0.659362,-1.5e-05,-8e-05,-6.1e-05,7e-06,-8e-06,-1e-05,-0.887177
515,0.128139,0.006353,0.356888,-0.363527,0.46264,-0.808614,-0.644571,-0.751546,-0.140277,-0.672164,0.469636,0.572419,7e-06,3.9e-05,2.9e-05,0.0,0.0,0.0,-0.906192,-0.1369,0.025022,0.325404,0.127582,0.763169,0.633472,-0.969571,0.230458,-0.082189,-0.20885,-0.604662,0.768524,-0.030755,0.03109,-0.02275,-0.235942,0.675258,0.010736,-1.406721,0.051327,0.031609,-0.013846,-0.200369,-0.763575,0.613843,0.92441,-0.354888,-0.139711,0.324526,0.539449,0.776966,-0.015387,0.015636,-0.01128,-0.262218,0.809478,0.226825,-0.885649,0.079141,0.02731,-0.061259,-0.52523,0.428026,-0.735476,-0.483545,-0.861315,-0.155944,-0.700226,0.27373,0.659359,-0.000218,-0.005355,0.004354,-0.035244,0.015275,-0.01721,-0.887666
516,0.128148,0.006336,0.3569,-0.363537,0.462643,-0.808608,-0.644605,-0.751524,-0.140244,-0.672126,0.46967,0.572436,0.0,0.0,0.0,0.0,0.0,0.0,-0.904712,-0.138063,0.026304,0.324636,0.148682,0.737476,0.658797,-0.960792,0.265347,-0.080025,-0.23399,-0.621987,0.747157,-0.031012,0.034448,-0.019921,-0.320367,0.849429,0.119566,-1.406541,0.050735,0.032256,-0.014237,-0.216496,-0.735882,0.641565,0.911153,-0.3883,-0.137916,0.35061,0.554706,0.754567,-0.016266,0.023435,-0.01334,-0.279865,1.019235,0.001842,-0.885323,0.079146,0.027302,-0.061253,-0.52524,0.428026,-0.735469,-0.48358,-0.861302,-0.155907,-0.700194,0.273769,0.659376,-2e-06,-0.0,-0.0,4e-06,-8e-06,-9e-06,-0.887666
517,0.128157,0.006328,0.356894,-0.363402,0.462709,-0.808631,-0.644651,-0.751463,-0.140354,-0.672155,0.4697,0.572377,-8e-06,-4.6e-05,-3.5e-05,0.004682,-0.096284,0.173972,-0.905012,-0.138714,0.027198,0.324153,0.159459,0.720268,0.675113,-0.955239,0.285137,-0.078414,-0.249155,-0.633288,0.732619,-0.032504,0.047325,-0.026304,-0.327171,0.884352,0.193562,-1.407082,0.050422,0.03268,-0.014466,-0.224289,-0.718448,0.658427,0.902983,-0.407303,-0.136838,0.36649,0.563857,0.7401,-0.016268,0.023878,-0.01295,-0.072748,0.698295,-0.073952,-0.878954,0.07915,0.027297,-0.061256,-0.525238,0.428029,-0.735469,-0.483581,-0.861301,-0.155909,-0.700195,0.273769,0.659375,-5e-06,-2.2e-05,-1.7e-05,2e-06,-1e-05,-8e-06,-0.887503
518,0.12818,0.006289,0.356865,-0.361354,0.463551,-0.809066,-0.644209,-0.751374,-0.142839,-0.673683,0.469012,0.571145,-0.000237,-0.001287,-0.000972,0.0,-0.0,0.0,-0.903209,-0.140049,0.029153,0.323138,0.179619,0.686539,0.704551,-0.94418,0.321313,-0.072225,-0.276168,-0.653104,0.705017,-0.033963,0.061159,-0.031814,-0.282421,1.068843,-0.098714,-1.407586,0.049743,0.033671,-0.014981,-0.238535,-0.682704,0.690663,0.887484,-0.442004,-0.1304,0.3943,0.581847,0.711322,-0.016262,0.024721,-0.012216,-0.291611,0.978269,0.04065,-0.879444,0.079163,0.02728,-0.061269,-0.523344,0.429414,-0.736011,-0.483463,-0.860893,-0.158506,-0.701693,0.272881,0.65815,-0.000154,-0.000838,-0.000632,-0.000345,0.000244,-0.000336,-0.887014
519,0.128203,0.006244,0.356831,-0.361404,0.46353,-0.809056,-0.644192,-0.751396,-0.142801,-0.673671,0.468999,0.571169,-7.8e-05,-0.000426,-0.000322,0.0,0.0,0.0,-0.901091,-0.141353,0.031159,0.322101,0.203808,0.660198,0.722905,-0.933657,0.353157,-0.059139,-0.294574,-0.663714,0.687439,-0.032081,0.046732,-0.026635,-0.183175,0.884918,-0.467995,-1.407568,0.049101,0.034669,-0.015485,-0.258818,-0.653544,0.711261,0.873255,-0.473036,-0.116885,0.412842,0.590861,0.69314,-0.016,0.023073,-0.013538,-0.621815,0.373989,0.335211,-0.88124,0.079173,0.027255,-0.061288,-0.523391,0.42938,-0.735998,-0.48344,-0.860914,-0.158467,-0.701674,0.272871,0.658174,-5.1e-05,-0.000275,-0.00021,-8e-06,-7e-06,-1.5e-05,-0.885381
520,0.128169,0.006227,0.356818,-0.361527,0.463468,-0.809037,-0.64415,-0.751451,-0.142699,-0.673645,0.468972,0.571221,-1.4e-05,-7.7e-05,-5.8e-05,0.0,0.0,0.0,-0.901147,-0.142562,0.032642,0.32109,0.217454,0.64622,0.731509,-0.9269,0.371526,-0.052514,-0.305959,-0.66742,0.678824,-0.017109,0.032587,-0.022631,-0.215644,0.209855,0.409016,-1.407469,0.048491,0.035419,-0.015989,-0.266401,-0.639508,0.721151,0.865031,-0.488647,-0.113775,0.425148,0.593508,0.68337,-0.015018,0.015194,-0.011534,3.874251,0.591826,3.400514,-0.88173,0.079156,0.027246,-0.061295,-0.523496,0.429291,-0.735975,-0.483378,-0.860966,-0.158373,-0.701638,0.272846,0.658222,-0.006696,0.000752,0.000592,-0.000981,0.014713,-0.029556,-0.885054
521,0.128159,0.006228,0.356819,-0.361416,0.46352,-0.809056,-0.644188,-0.751402,-0.142788,-0.67367,0.468998,0.571171,-0.0,-1e-06,-1e-06,0.0,0.0,0.0,-0.90145,-0.143114,0.033209,0.320706,0.216346,0.641976,0.735563,-0.927281,0.370822,-0.050751,-0.305591,-0.671892,0.674566,-0.030216,0.032088,-0.021675,-0.0759,0.605006,-0.290463,-1.407983,0.048208,0.035715,-0.016196,-0.267494,-0.634634,0.725041,0.865098,-0.48954,-0.109333,0.424324,0.597987,0.67997,-0.007877,0.010867,-0.00729,-0.169686,0.817153,-0.379511,-0.886629,0.079151,0.027247,-0.061294,-0.523401,0.429367,-0.735998,-0.483432,-0.86092,-0.158455,-0.701672,0.27287,0.658177,6e-06,2.4e-05,1.8e-05,3e-06,7e-06,8e-06,-0.884891
522,0.128119,0.006223,0.356841,-0.361516,0.463475,-0.809038,-0.64419,-0.75142,-0.142679,-0.673613,0.469013,0.571225,-0.013382,0.00155,0.00122,-0.000984,0.014715,-0.029553,-0.899677,-0.143947,0.033986,0.320229,0.220275,0.640841,0.735387,-0.927107,0.371852,-0.046186,-0.303306,-0.672405,0.675085,-0.013207,0.000388,0.001657,-0.031761,0.245184,-0.351821,-1.407991,0.047781,0.036111,-0.016446,-0.270843,-0.632696,0.725492,0.86509,-0.490538,-0.104836,0.422211,0.599222,0.680197,-0.006601,0.000278,0.000915,-0.019283,0.244039,-0.368652,-0.893487,0.079137,0.027245,-0.061283,-0.523468,0.429316,-0.73598,-0.483431,-0.860937,-0.158365,-0.701622,0.272897,0.658219,1e-06,7e-06,5e-06,-8e-06,-2e-06,1e-06,-0.884891
523,0.128099,0.0062,0.356874,-0.361604,0.463444,-0.809016,-0.644234,-0.751406,-0.142556,-0.673524,0.469067,0.571287,3.1e-05,0.000168,0.000127,0.0,0.0,0.0,-0.90111,-0.144286,0.034199,0.320247,0.220134,0.642506,0.733975,-0.928728,0.368108,-0.043532,-0.298405,-0.672879,0.676796,-0.013367,0.002228,0.00317,-0.002045,0.015205,-0.029245,-1.407696,0.047617,0.036215,-0.01644,-0.270861,-0.634404,0.723992,0.867343,-0.487079,-0.102315,0.417551,0.600237,0.682177,-0.000166,0.001814,0.001504,0.000822,0.002065,-0.002843,-0.892344,0.079122,0.027234,-0.061266,-0.523565,0.42925,-0.73595,-0.483455,-0.860951,-0.158221,-0.701534,0.27296,0.658286,1.8e-05,0.000103,7.9e-05,-3e-06,1.4e-05,1.1e-05,-0.884727
524,0.128099,0.006184,0.356887,-0.361504,0.4635,-0.809029,-0.644305,-0.751334,-0.142612,-0.67351,0.469127,0.571254,0.013384,-0.001539,-0.001211,0.000984,-0.014715,0.029553,-0.901177,-0.144357,0.034229,0.320342,0.224072,0.64123,0.733899,-0.926543,0.373592,-0.043372,-0.302248,-0.671068,0.676889,-0.01341,0.002732,0.003582,-0.002042,0.015205,-0.029243,-1.407699,0.047581,0.036232,-0.01639,-0.274577,-0.63261,0.724162,0.864443,-0.492225,-0.102228,0.421122,0.597928,0.682009,-0.000229,0.002481,0.002052,0.001161,-0.016871,0.022327,-0.892997,0.079116,0.027227,-0.061259,-0.523498,0.42931,-0.735963,-0.483533,-0.860902,-0.158249,-0.70153,0.27302,0.658266,-2e-06,-4e-06,-2e-06,-7e-06,2e-06,2e-06,-0.884564
525,0.128117,0.006167,0.356886,-0.361496,0.463509,-0.809027,-0.644327,-0.751317,-0.142608,-0.673494,0.469146,0.571258,-5e-06,-2.8e-05,-2.1e-05,0.0,0.0,0.0,-0.900697,-0.144374,0.034334,0.32062,0.225631,0.641397,0.733275,-0.92632,0.37428,-0.042195,-0.301773,-0.670524,0.677638,-0.000674,0.007335,0.006036,0.016664,-0.131595,0.18506,-1.407727,0.047568,0.036283,-0.016252,-0.276119,-0.632562,0.723617,0.864213,-0.492866,-0.101079,0.420585,0.59745,0.682759,-0.000353,0.003795,0.003123,0.015983,-0.131528,0.184401,-0.89414,0.079131,0.027217,-0.06126,-0.523473,0.429337,-0.735964,-0.483569,-0.86088,-0.158258,-0.701524,0.273046,0.658262,-4e-06,-1.4e-05,-1.3e-05,-1e-06,-6e-06,0.0,-0.884727
526,0.128158,0.006187,0.356863,-0.36136,0.463568,-0.809054,-0.644318,-0.751296,-0.142758,-0.673575,0.46912,0.571182,-0.0,-0.0,-0.0,0.0,0.0,0.0,-0.900552,-0.144366,0.034472,0.32077,0.226853,0.639328,0.734704,-0.926214,0.374784,-0.039989,-0.301183,-0.672216,0.676224,-0.000188,0.002044,0.001679,-0.008319,0.017071,0.012895,-1.407322,0.047571,0.036361,-0.016169,-0.277012,-0.630168,0.725362,0.864164,-0.493442,-0.098664,0.420099,0.599501,0.681258,-0.000102,0.001086,0.000894,0.003561,-0.005943,-0.003729,-0.89512,0.079151,0.027227,-0.061271,-0.523356,0.429426,-0.735996,-0.483578,-0.860847,-0.158406,-0.701604,0.273009,0.658191,0.0,3e-06,1e-06,-3e-06,-1.3e-05,-3e-06,-0.884891
527,0.12821,0.006188,0.356864,-0.361233,0.463634,-0.809073,-0.644362,-0.751238,-0.142865,-0.673602,0.469148,0.571129,0.0,1e-06,1e-06,0.0,0.0,0.0,-0.900796,-0.144457,0.034581,0.320727,0.224515,0.633674,0.740299,-0.925791,0.37575,-0.040705,-0.304219,-0.677011,0.670053,-1e-06,1.1e-05,9e-06,-0.132436,0.271695,0.205354,-1.407094,0.047526,0.036415,-0.016191,-0.273353,-0.626303,0.730083,0.863588,-0.494077,-0.100506,0.423664,0.603018,0.675926,-0.000666,0.005719,-0.003747,-0.190756,0.44063,0.357266,-0.895447,0.079177,0.027228,-0.061271,-0.523248,0.429519,-0.736019,-0.483643,-0.860793,-0.158504,-0.701641,0.273033,0.658142,-1e-06,-5e-06,-5e-06,-4e-06,1e-05,1e-06,-0.884564
528,0.128247,0.006169,0.35685,-0.361184,0.463662,-0.809079,-0.644379,-0.751215,-0.142907,-0.673611,0.469157,0.571109,-7.8e-05,-0.000424,-0.000321,0.0,0.0,0.0,-0.900745,-0.144565,0.03465,0.32063,0.226761,0.629478,0.743188,-0.923345,0.381649,-0.041371,-0.30994,-0.67762,0.666807,-0.014143,0.007886,-0.009089,-0.062486,0.204712,0.139942,-1.406749,0.047477,0.036449,-0.016235,-0.275016,-0.621379,0.733658,0.860347,-0.499663,-0.100689,0.429148,0.60351,0.672017,0.000143,-0.001564,-0.001283,-0.150372,0.310367,0.200548,-0.891364,0.079196,0.027219,-0.061278,-0.523207,0.429557,-0.736026,-0.483668,-0.860772,-0.158543,-0.701654,0.273042,0.658125,-5e-05,-0.000272,-0.000206,-2e-06,-1e-06,-1e-06,-0.884727
529,0.128325,0.00618,0.356794,-0.360988,0.463747,-0.809117,-0.644354,-0.751194,-0.143135,-0.673741,0.469107,0.570998,-4.4e-05,-0.00024,-0.000181,0.0,0.0,0.0,-0.900904,-0.144815,0.034841,0.320392,0.231067,0.623773,0.746663,-0.920949,0.387671,-0.03871,-0.313872,-0.679469,0.663075,0.000142,-0.001569,-0.00129,-0.012216,0.02515,0.019052,-1.407238,0.047347,0.036543,-0.016361,-0.278536,-0.614504,0.738106,0.857275,-0.505561,-0.097394,0.433007,0.605633,0.667616,-0.007095,0.004269,-0.004272,0.039281,0.009965,-0.042232,-0.893977,0.079235,0.027223,-0.061306,-0.523037,0.429685,-0.736072,-0.483669,-0.860729,-0.158769,-0.70178,0.272973,0.658019,-1.9e-05,-0.000109,-8.3e-05,0.0,5e-06,-2e-06,-0.884727
530,0.128418,0.0062,0.356772,-0.360725,0.463873,-0.809163,-0.644388,-0.751115,-0.143393,-0.673849,0.469109,0.570869,0.013835,0.009301,-0.009825,0.036235,-0.029969,0.046766,-0.893538,-0.14511,0.034985,0.320171,0.232184,0.621693,0.748051,-0.91839,0.393387,-0.04173,-0.320484,-0.678085,0.661327,-0.01407,0.007181,-0.009668,0.034535,0.005323,-0.010924,-1.406769,0.047199,0.036616,-0.01647,-0.279192,-0.612727,0.739335,0.853816,-0.510714,-0.100835,0.439373,0.603104,0.665744,-0.007021,0.003468,-0.004928,0.032544,0.001318,-0.010137,-0.899202,0.079276,0.02723,-0.061313,-0.522844,0.429843,-0.736117,-0.483744,-0.86065,-0.158972,-0.701872,0.272974,0.65792,7e-06,4.4e-05,3.1e-05,-3e-06,-1.2e-05,-6e-06,-0.883584
531,0.128488,0.006192,0.356765,-0.360573,0.463953,-0.809185,-0.644441,-0.751045,-0.143521,-0.67388,0.469141,0.570806,0.0,0.0,0.0,0.0,0.0,0.0,-0.883596,-0.145617,0.035167,0.319888,0.228626,0.618262,0.751979,-0.915538,0.399076,-0.049607,-0.33103,-0.677893,0.65631,-0.01414,0.008039,-0.008963,0.034536,0.005261,-0.010963,-1.407145,0.046951,0.036701,-0.016611,-0.275025,-0.609969,0.743168,0.849874,-0.515649,-0.108715,0.449527,0.6017,0.660213,-0.007053,0.003863,-0.004602,0.030206,0.019771,-0.032896,-0.894304,0.079316,0.02723,-0.06132,-0.522682,0.42998,-0.736152,-0.483821,-0.860577,-0.159133,-0.70194,0.272989,0.657842,0.006692,-0.000765,-0.000605,0.000983,-0.014733,0.029544,-0.878032
532,0.128527,0.006173,0.356763,-0.360521,0.463985,-0.809189,-0.644477,-0.751008,-0.143553,-0.673873,0.469169,0.570791,-8.2e-05,-0.000445,-0.000337,0.0,0.0,0.0,-0.881116,-0.145894,0.035341,0.319728,0.236399,0.613357,0.753591,-0.910555,0.410475,-0.048301,-0.339228,-0.675531,0.654557,-0.014176,0.008519,-0.008567,0.381524,0.051122,0.331696,-1.406873,0.046813,0.036788,-0.016691,-0.28174,-0.604098,0.745443,0.843739,-0.525917,-0.107306,0.456865,0.598728,0.657873,-0.007143,0.004974,-0.003686,1.27665,-0.020671,1.120756,-0.888752,0.079336,0.027221,-0.061321,-0.522639,0.430023,-0.736157,-0.483867,-0.860546,-0.159159,-0.70194,0.27302,0.657829,-6.5e-05,-0.000348,-0.000265,-3e-06,-9e-06,-1.3e-05,-0.874603
533,0.128577,0.006167,0.356758,-0.360413,0.464043,-0.809204,-0.644515,-0.750958,-0.143645,-0.673895,0.469192,0.570746,-0.0,-0.0,-0.0,0.0,0.0,0.0,-0.879563,-0.146525,0.035688,0.319516,0.240083,0.609831,0.755286,-0.907846,0.416517,-0.047573,-0.343878,-0.67502,0.652655,-0.013118,3.2e-05,0.001333,4.17068,-0.244846,3.579853,-1.40766,0.046497,0.036961,-0.016804,-0.281744,-0.601933,0.747192,0.843138,-0.527016,-0.106638,0.457971,0.599942,0.655996,-0.007228,0.006029,-0.002818,0.043517,-0.025761,0.001615,-0.887445,0.079361,0.027217,-0.061324,-0.522546,0.430103,-0.736176,-0.483923,-0.860499,-0.159244,-0.701971,0.27304,0.657788,0.0,5e-06,2e-06,-2e-06,-7e-06,-1.5e-05,-0.871827
534,0.128636,0.006153,0.356747,-0.360302,0.464102,-0.80922,-0.644553,-0.750907,-0.14374,-0.673918,0.469215,0.5707,-7e-06,-3.9e-05,-2.9e-05,0.0,0.0,0.0,-0.873239,-0.147146,0.035865,0.319381,0.236056,0.606545,0.759192,-0.904964,0.421782,-0.055444,-0.354114,-0.674707,0.647484,-0.027306,0.009119,-0.006775,0.070817,0.069774,-0.080978,-1.407644,0.046192,0.03705,-0.016865,-0.280471,-0.597637,0.751109,0.83605,-0.536525,-0.11471,0.471544,0.595793,0.650134,-0.006498,-0.000644,0.000132,0.134009,0.190249,-0.173716,-0.882383,0.07939,0.02721,-0.061329,-0.522452,0.430186,-0.736194,-0.483979,-0.860451,-0.15933,-0.702002,0.273061,0.657746,-4e-06,-1.5e-05,-1.2e-05,3e-06,3e-06,-4e-06,-0.868562
535,0.128666,0.00615,0.356745,-0.360236,0.464137,-0.809229,-0.644576,-0.750877,-0.143795,-0.673931,0.469228,0.570673,-0.0,-1e-06,-0.0,0.0,0.0,0.0,-0.872434,-0.147418,0.035916,0.319348,0.235692,0.606591,0.759268,-0.904978,0.421702,-0.055829,-0.354321,-0.674716,0.647362,-0.013068,-0.000453,0.000925,-0.002045,0.015205,-0.029245,-1.407484,0.046051,0.037077,-0.016886,-0.280112,-0.597745,0.751157,0.836057,-0.536431,-0.115101,0.471745,0.595769,0.650011,-0.006545,-8e-05,0.000595,-0.003386,0.013992,-0.028619,-0.882873,0.079405,0.027208,-0.061331,-0.522397,0.430234,-0.736206,-0.484013,-0.860423,-0.159381,-0.70202,0.273073,0.657722,-0.0,7e-06,4e-06,-2e-06,-8e-06,-1.2e-05,-0.866602
536,0.12873,0.006164,0.356755,-0.360048,0.464233,-0.809257,-0.64464,-0.750792,-0.143952,-0.673971,0.469269,0.570593,0.000168,0.000921,0.000696,0.0,0.0,0.0,-0.872366,-0.147811,0.035916,0.319362,0.238416,0.605254,0.759485,-0.902656,0.426569,-0.056434,-0.358404,-0.672851,0.647055,-3e-06,3.5e-05,2.9e-05,0.151811,-0.31622,-0.241525,-1.407076,0.045849,0.037079,-0.016877,-0.282853,-0.594496,0.752707,0.833101,-0.54117,-0.114358,0.475328,0.594735,0.648346,-0.006502,-0.000638,0.000129,0.274362,-0.557041,-0.46335,-0.886139,0.079437,0.027214,-0.061327,-0.522236,0.430371,-0.73624,-0.484107,-0.860343,-0.159524,-0.702074,0.27311,0.657649,0.00011,0.000606,0.000457,5e-06,1.1e-05,0.0,-0.865459
537,0.128763,0.006174,0.356763,-0.359945,0.464286,-0.809273,-0.644675,-0.750745,-0.144038,-0.673992,0.469292,0.570549,2.3e-05,0.000126,9.5e-05,0.0,0.0,0.0,-0.870305,-0.147983,0.035856,0.319343,0.233404,0.604009,0.762028,-0.902493,0.426244,-0.061277,-0.36209,-0.674174,0.643618,0.000172,-0.002121,-0.001745,0.040588,0.044782,-0.044237,-1.407673,0.045698,0.037006,-0.016908,-0.273399,-0.595401,0.75548,0.828861,-0.544362,-0.129062,0.488099,0.590903,0.642333,0.000196,-0.002438,-0.002002,1.467783,1.737016,-1.599016,-0.881894,0.079454,0.027221,-0.061321,-0.522148,0.430446,-0.736259,-0.484159,-0.860299,-0.159603,-0.702104,0.27313,0.657608,-0.000208,-0.005327,0.004376,-0.035247,0.015228,-0.017224,-0.864806
538,0.128784,0.006171,0.356773,-0.359898,0.464314,-0.809278,-0.64471,-0.75071,-0.144065,-0.673984,0.46932,0.570535,1.2e-05,6.5e-05,4.9e-05,0.0,0.0,0.0,-0.869923,-0.148227,0.035605,0.319214,0.223018,0.603919,0.765204,-0.89939,0.430192,-0.077243,-0.376087,-0.671741,0.638111,-0.012486,-0.007804,-0.005138,0.076624,-0.133989,-0.181354,-1.407565,0.045641,0.03693,-0.016946,-0.266834,-0.596883,0.756656,0.828385,-0.543288,-0.136439,0.492521,0.590396,0.639417,-0.006228,-0.004082,-0.002713,0.082099,-0.170465,-0.196293,-0.883853,0.079464,0.02722,-0.061316,-0.522109,0.430483,-0.736264,-0.484203,-0.860271,-0.159624,-0.702103,0.27316,0.657596,1e-06,1.3e-05,9e-06,5e-06,-8e-06,-1e-06,-0.863663
539,0.128825,0.006165,0.356781,-0.359808,0.464365,-0.809289,-0.644759,-0.750655,-0.144128,-0.673985,0.469357,0.570504,9.6e-05,0.000524,0.000396,0.0,0.0,0.0,-0.869764,-0.148483,0.03505,0.319027,0.20789,0.607931,0.766284,-0.899442,0.426661,-0.094326,-0.384522,-0.670375,0.634509,0.002158,-0.022792,-0.001914,0.084876,-0.224188,-0.239771,-1.407509,0.045512,0.036663,-0.017037,-0.25241,-0.60264,0.757042,0.828124,-0.539221,-0.153135,0.500499,0.588272,0.635166,-0.006045,-0.006552,-0.004766,0.156843,-0.198136,-0.525686,-0.884833,0.079484,0.027216,-0.061313,-0.522032,0.430553,-0.736277,-0.484269,-0.860224,-0.159679,-0.702114,0.273199,0.657568,6.5e-05,0.000339,0.000254,1.2e-05,2e-06,-2e-06,-0.86301
540,0.128837,0.006179,0.356779,-0.359751,0.46439,-0.8093,-0.64476,-0.750643,-0.144188,-0.674015,0.469352,0.570473,1e-06,5e-06,4e-06,0.0,0.0,0.0,-0.869398,-0.14873,0.034168,0.318748,0.192415,0.615053,0.764643,-0.897167,0.425923,-0.116685,-0.397661,-0.664326,0.632772,0.002557,-0.02815,-0.006409,0.077992,0.0058,-0.419268,-1.407502,0.045388,0.036225,-0.017174,-0.238265,-0.612372,0.75381,0.824874,-0.5373,-0.175759,0.512652,0.579921,0.633149,-0.00524,-0.014811,-0.003161,0.204491,0.0021,-0.407083,-0.887119,0.07949,0.027224,-0.061313,-0.521983,0.43059,-0.736291,-0.484277,-0.860208,-0.159737,-0.702145,0.273189,0.657539,-1e-06,-1.1e-05,-7e-06,7e-06,3e-06,-3e-06,-0.86301
541,0.128845,0.006155,0.356785,-0.35978,0.464383,-0.80929,-0.644788,-0.750629,-0.144139,-0.673973,0.469381,0.570499,-2e-06,-9e-06,-7e-06,0.0,0.0,0.0,-0.868464,-0.149071,0.033076,0.318302,0.177013,0.616221,0.767417,-0.892203,0.429625,-0.139036,-0.415574,-0.660847,0.624854,-0.01156,-0.021373,-0.016579,0.38035,0.055796,0.041821,-1.407365,0.045227,0.035686,-0.017391,-0.222185,-0.616277,0.755536,0.819291,-0.538108,-0.197991,0.528577,0.575014,0.62447,0.000811,-0.009973,-0.008315,4.237135,-0.622519,3.22827,-0.891038,0.079494,0.027211,-0.06131,-0.52201,0.430577,-0.736279,-0.484303,-0.860203,-0.159685,-0.702108,0.273225,0.657564,2e-06,-4e-06,-4e-06,1.6e-05,5e-06,2e-06,-0.862357
542,0.128855,0.006154,0.356784,-0.359759,0.464395,-0.809293,-0.644795,-0.750619,-0.144158,-0.673977,0.469385,0.57049,-0.0,-0.0,-0.0,0.0,0.0,0.0,-0.868201,-0.149202,0.032623,0.318017,0.169465,0.613348,0.771413,-0.889294,0.432519,-0.148384,-0.424847,-0.661631,0.617749,-0.010263,-0.033893,-0.010059,1.478025,1.850488,-1.591402,-1.40761,0.045157,0.035451,-0.017541,-0.217229,-0.614083,0.758757,0.815243,-0.541636,-0.20496,0.536833,0.574049,0.618286,0.00077,-0.010088,-0.008464,-0.028985,0.153116,-0.19342,-0.889732,0.079499,0.02721,-0.061311,-0.521991,0.430593,-0.736283,-0.484314,-0.860194,-0.159702,-0.702114,0.273229,0.657556,2e-06,1e-06,0.0,1.4e-05,1e-06,-3e-06,-0.862193
543,0.128846,0.006162,0.356791,-0.359761,0.464392,-0.809294,-0.644794,-0.750621,-0.144155,-0.673977,0.469385,0.57049,2e-06,1.1e-05,8e-06,0.0,0.0,0.0,-0.868215,-0.149246,0.031979,0.317303,0.166824,0.612148,0.77294,-0.887651,0.434499,-0.152381,-0.429303,-0.661442,0.614862,0.001359,-0.018049,-0.015269,-0.004132,0.033499,-0.046716,-1.407716,0.045131,0.035115,-0.017903,-0.212081,-0.612981,0.761101,0.81269,-0.543153,-0.210992,0.542728,0.573792,0.613357,5.3e-05,-0.003122,-0.011219,0.016965,0.138598,-0.189902,-0.881404,0.079495,0.027215,-0.061307,-0.521993,0.43059,-0.736283,-0.484312,-0.860196,-0.1597,-0.702113,0.273229,0.657557,1e-06,-1e-06,0.0,4e-06,-4e-06,-1e-05,-0.861867
544,0.128804,0.006126,0.356827,-0.359928,0.464325,-0.809258,-0.64483,-0.750628,-0.143954,-0.673853,0.46944,0.570592,-0.013391,0.001497,0.001185,-0.000984,0.014715,-0.029553,-0.8691,-0.148948,0.031626,0.316627,0.16826,0.610485,0.773943,-0.884298,0.44038,-0.15497,-0.435619,-0.659081,0.612952,-0.000145,-0.003064,-0.019828,0.032771,0.023666,-0.028898,-1.407736,0.045281,0.034931,-0.018241,-0.213155,-0.611184,0.762245,0.808473,-0.548391,-0.213629,0.548575,0.570719,0.611018,0.007124,-0.006386,-0.006103,-0.003647,-0.001464,0.008006,-0.883037,0.079479,0.027196,-0.06129,-0.52212,0.430502,-0.736245,-0.484338,-0.860215,-0.159515,-0.702001,0.273306,0.657644,-3e-06,-1.4e-05,-9e-06,-1e-06,1.2e-05,-1e-05,-0.86203
545,0.128793,0.006103,0.356847,-0.359998,0.4643,-0.809241,-0.644862,-0.750619,-0.143859,-0.673785,0.469479,0.57064,-0.0,-0.0,-0.0,0.0,0.0,0.0,-0.869554,-0.148769,0.031558,0.316292,0.168912,0.610424,0.773849,-0.883951,0.441114,-0.154864,-0.436072,-0.658646,0.613098,0.012964,-0.000913,-0.019359,0.034478,0.008102,0.000688,-1.407434,0.045365,0.034896,-0.018408,-0.213808,-0.611047,0.762172,0.80806,-0.549049,-0.213502,0.54893,0.570233,0.611154,0.006457,0.0,-0.009293,0.035481,-0.009199,0.024179,-0.884833,0.079469,0.027185,-0.061279,-0.5222,0.430446,-0.736221,-0.484351,-0.860229,-0.1594,-0.701933,0.273351,0.657699,-0.0,0.0,1e-06,1e-05,1.1e-05,3e-06,-0.86203
546,0.128792,0.006045,0.356905,-0.359974,0.464339,-0.809229,-0.645018,-0.7505,-0.143778,-0.673648,0.46963,0.570677,0.0,2e-06,2e-06,0.0,0.0,0.0,-0.869553,-0.148431,0.031541,0.315646,0.1662,0.604734,0.778887,-0.882666,0.44337,-0.155744,-0.4397,-0.662366,0.606464,-0.000445,0.000986,-0.016435,-0.051876,0.207425,0.147359,-1.40764,0.045534,0.034885,-0.018726,-0.210056,-0.606618,0.76674,0.806387,-0.550935,-0.214963,0.552824,0.573135,0.604896,0.00633,0.001739,-0.00783,-0.122019,0.358537,0.313933,-0.886956,0.079468,0.027157,-0.06125,-0.522184,0.430488,-0.736208,-0.484521,-0.860153,-0.159298,-0.701828,0.273526,0.657738,-1e-06,-5e-06,-3e-06,2e-06,8e-06,-4e-06,-0.86203
547,0.128799,0.005997,0.356931,-0.360052,0.464319,-0.809206,-0.645085,-0.750467,-0.143653,-0.673543,0.469703,0.570741,-0.0,-1e-06,-0.0,0.0,0.0,0.0,-0.868502,-0.148129,0.0318,0.315017,0.168229,0.597861,0.783743,-0.882257,0.445937,-0.150651,-0.439751,-0.666863,0.601478,0.011214,0.017106,-0.021251,-0.017768,0.191906,0.202842,-1.407194,0.045686,0.035009,-0.019046,-0.210932,-0.599313,0.772224,0.805928,-0.55368,-0.209565,0.55316,0.578153,0.599792,-0.000356,0.002352,-0.006636,-0.090052,0.299963,0.220671,-0.887772,0.079471,0.027132,-0.061238,-0.522253,0.43045,-0.736181,-0.484581,-0.860143,-0.159166,-0.701734,0.273615,0.657801,-0.0,3e-06,2e-06,-4e-06,7e-06,-1.1e-05,-0.861867
548,0.128799,0.005989,0.356937,-0.360068,0.464315,-0.809202,-0.645098,-0.75046,-0.143627,-0.673522,0.469718,0.570754,-0.0,-0.0,-0.0,0.0,0.0,0.0,-0.868984,-0.148035,0.032002,0.314711,0.169052,0.595541,0.78533,-0.881918,0.447132,-0.149085,-0.440117,-0.668135,0.599796,-0.000778,0.005287,-0.012757,-0.01923,0.130976,0.089833,-1.407725,0.045737,0.035115,-0.019202,-0.211409,-0.596622,0.774175,0.805514,-0.554972,-0.207726,0.55358,0.579695,0.597914,0.005537,0.009559,-0.009763,0.009105,0.128806,0.154609,-0.886956,0.079471,0.027128,-0.061234,-0.522268,0.430442,-0.736176,-0.484593,-0.860141,-0.159139,-0.701716,0.273633,0.657814,0.0,2e-06,1e-06,2e-06,-1e-06,-6e-06,-0.861867
549,0.128805,0.005949,0.356945,-0.360001,0.464359,-0.809207,-0.645177,-0.750389,-0.143645,-0.673483,0.469788,0.570743,-7e-06,-3.9e-05,-3e-05,0.0,0.0,0.0,-0.869484,-0.147961,0.032371,0.314185,0.170431,0.590926,0.788512,-0.881378,0.449212,-0.145999,-0.44067,-0.670829,0.596374,-0.000957,0.007541,-0.010815,0.031868,0.000623,0.026438,-1.40745,0.045774,0.035301,-0.019469,-0.211982,-0.591791,0.777718,0.804867,-0.557095,-0.20453,0.554302,0.582603,0.594408,-0.000477,0.003863,-0.005331,0.043582,-0.030393,0.000777,-0.889242,0.079475,0.027108,-0.06123,-0.522211,0.4305,-0.736182,-0.484686,-0.860088,-0.159145,-0.701693,0.273711,0.657805,-2e-06,-1.1e-05,-1e-05,6e-06,1.1e-05,-4e-06,-0.861867
