frame,MLTx,MLTy,MLTz,MLTR1,MLTR2,MLTR3,MLTR4,MLTR5,MLTR6,MLTR7,MLTR8,MLTR9,MLTTVx,MLTTVy,MLTTVz,MLTRVx,MLTRVy,MLTRVz,MLGA,MRTx,MRTy,MRTz,MRTR1,MRTR2,MRTR3,MRTR4,MRTR5,MRTR6,MRTR7,MRTR8,MRTR9,MRTTVx,MRTTVy,MRTTVz,MRTRVx,MRTRVy,MRTRVz,MRGA,SLTx,SLTy,SLTz,SLTR1,SLTR2,SLTR3,SLTR4,SLTR5,SLTR6,SLTR7,SLTR8,SLTR9,SLTTVx,SLTTVy,SLTTVz,SLTRVx,SLTRVy,SLTRVz,SLGA,SRTx,SRTy,SRTz,SRTR1,SRTR2,SRTR3,SRTR4,SRTR5,SRTR6,SRTR7,SRTR8,SRTR9,SRTTVx,SRTTVy,SRTTVz,SRTRVx,SRTRVy,SRTRVz,SRGA
260,0.116699,-0.050105,0.29211,-0.281735,-0.130563,-0.950591,-0.442178,-0.861559,0.249331,-0.8512,0.490734,0.186185,-0.033536,-0.002663,-0.006158,-1.583141,0.555218,0.051615,0.476348,-0.188707,-0.027678,0.267877,0.204257,0.807711,0.553057,0.338735,-0.588275,0.73425,0.918119,0.036351,-0.394461,-0.015597,0.000349,0.001769,-0.19453,0.323092,0.437528,-1.405699,0.027877,0.044019,-0.02615,-0.263758,-0.728253,0.632518,-0.313717,0.684853,0.65769,-0.912146,-0.024961,-0.409101,-0.007804,0.000153,0.00086,0.064161,-0.064616,0.208415,-0.918634,0.059986,0.029041,-0.060817,0.287684,0.093855,-0.953115,0.352526,0.914938,0.196501,0.890484,-0.392528,0.230127,-0.016661,-0.000933,-0.002492,-0.006593,0.142612,-0.255047,0.442498
261,0.115757,-0.049988,0.291975,-0.292703,-0.128784,-0.947515,-0.459875,-0.849809,0.257511,-0.838013,0.511269,0.190699,-0.03218,0.002949,0.001843,-0.006329,0.127654,-0.231998,0.49244,-0.189106,-0.027674,0.267897,0.213467,0.813603,0.540808,0.346643,-0.580518,0.73673,0.913049,0.029179,-0.406636,-0.01566,-0.000398,0.000677,-0.210894,0.445315,0.280946,-1.405114,0.027671,0.04402,-0.026141,-0.259368,-0.733259,0.628537,-0.314071,0.679474,0.663079,-0.913283,-0.025424,-0.40653,-0.007835,-0.00025,0.000274,0.099925,-0.03294,0.202739,-0.918471,0.059508,0.029096,-0.06089,0.299893,0.091886,-0.949536,0.376309,0.903244,0.206256,0.876615,-0.419174,0.236299,-0.007797,0.00621,-0.003737,0.031221,0.096778,-0.185076,0.464869
262,0.114604,-0.049656,0.29195,-0.293064,-0.122774,-0.948201,-0.474766,-0.842126,0.255721,-0.829543,0.525265,0.189691,-0.031406,0.014991,-0.005073,0.042727,-0.109802,0.173487,0.504933,-0.189067,-0.027702,0.267945,0.212054,0.818272,0.534281,0.360229,-0.573556,0.735665,0.908109,0.035436,-0.417066,0.015762,0.001619,0.001088,-0.01622,0.00712,0.079222,-1.405069,0.027684,0.044001,-0.026123,-0.25229,-0.735959,0.628262,-0.32027,0.67618,0.66348,-0.913113,-0.033824,-0.406299,0.000339,-0.005454,0.004256,-0.067612,-0.109325,-0.022337,-0.91994,0.058933,0.029264,-0.060891,0.301057,0.086078,-0.949712,0.391807,0.896806,0.205485,0.869396,-0.433967,0.236264,-0.023896,0.003164,0.002721,0.033887,-0.313529,0.529786,0.484301
263,0.113986,-0.049507,0.291971,-0.293898,-0.119089,-0.948413,-0.484643,-0.836645,0.255182,-0.823516,0.534783,0.189356,-0.031821,0.004377,0.003796,-0.001969,0.029429,-0.059106,0.510642,-0.188937,-0.027713,0.267955,0.209304,0.820187,0.532425,0.364894,-0.570557,0.735698,0.906888,0.039265,-0.419375,0.015649,0.000276,-0.000858,-0.018388,0.115052,-0.121524,-1.405134,0.02775,0.043999,-0.026112,-0.250596,-0.736866,0.627876,-0.321914,0.675091,0.663794,-0.913001,-0.035778,-0.406383,3e-06,3.8e-05,5.2e-05,-0.089987,-0.08735,0.03525,-0.920593,0.058612,0.029345,-0.060881,0.302081,0.082377,-0.949716,0.402172,0.892246,0.205313,0.864294,-0.443971,0.236401,-0.015888,0.002274,0.002039,-0.000988,0.031136,-0.06285,0.493445
264,0.112952,-0.04914,0.291856,-0.288984,-0.119957,-0.949812,-0.484947,-0.837068,0.253209,-0.825079,0.533928,0.184912,-0.01567,0.012028,-0.008147,0.016394,-0.073698,-0.051257,0.517255,-0.188294,-0.027855,0.267843,0.208076,0.820973,0.531695,0.365293,-0.569375,0.736415,0.907012,0.039964,-0.419042,0.016005,-0.014773,0.001634,-0.034333,-0.00249,0.012318,-1.40497,0.028071,0.043938,-0.026164,-0.254604,-0.736161,0.62709,-0.319641,0.676075,0.66389,-0.912691,-0.031415,-0.407439,0.00765,-0.002051,-0.003616,-0.123691,-0.091602,0.115049,-0.921247,0.058102,0.029528,-0.06093,0.296984,0.082852,-0.95128,0.402521,0.892526,0.2034,0.865896,-0.443318,0.231717,-0.01585,0.006861,-0.003478,0.017724,-0.056716,-0.083124,0.507325
265,0.111956,-0.048601,0.291392,-0.283273,-0.133746,-0.949691,-0.483705,-0.83513,0.261836,-0.82779,0.533704,0.173061,-0.016379,0.009258,-0.012168,-0.040226,-0.296983,-0.180105,0.519269,-0.187516,-0.028076,0.267418,0.202582,0.821479,0.533032,0.377985,-0.567621,0.731346,0.903054,0.052289,-0.426171,0.014467,0.004834,-0.018636,0.014325,0.115004,-0.127076,-1.404917,0.028461,0.043823,-0.026364,-0.247427,-0.735919,0.630239,-0.331121,0.675526,0.658804,-0.91057,-0.045679,-0.410822,0.007541,-0.003595,-0.005884,-0.174481,-0.122565,0.095588,-0.92141,0.057605,0.029801,-0.061157,0.290215,0.095933,-0.95214,0.401279,0.891062,0.21209,0.868763,-0.443626,0.220103,-0.01628,0.005165,-0.005952,-0.06134,-0.343731,-0.277721,0.512877
266,0.111489,-0.048367,0.291075,-0.280928,-0.139275,-0.949593,-0.483051,-0.834436,0.265236,-0.828973,0.533383,0.168324,-0.032206,0.020636,-0.021319,0.047785,-0.066916,-0.095097,0.520212,-0.18731,-0.028132,0.267117,0.203917,0.822581,0.530818,0.379049,-0.56615,0.731935,0.902306,0.050919,-0.427919,0.014378,0.003627,-0.020423,-0.180528,0.435568,0.345071,-1.404956,0.028564,0.043793,-0.026518,-0.245913,-0.736573,0.630067,-0.333824,0.67462,0.658367,-0.909992,-0.048431,-0.411785,0.007495,-0.004286,-0.006903,-0.118075,-0.070374,0.082686,-0.921573,0.057377,0.029914,-0.061311,0.286802,0.102035,-0.952539,0.400654,0.8904,0.216013,0.870183,-0.443593,0.214488,-0.008384,0.003857,-0.00719,0.042298,-0.005535,-0.015984,0.515489
267,0.110737,-0.047924,0.290329,-0.276239,-0.150332,-0.949283,-0.481662,-0.83305,0.272031,-0.831358,0.532562,0.158896,-0.01688,0.007384,-0.014941,0.025584,-0.034878,-0.031874,0.519491,-0.186877,-0.028175,0.26628,0.204663,0.82173,0.531849,0.379699,-0.567344,0.730674,0.901863,0.051369,-0.428797,-0.000872,-0.011308,-0.016561,-0.003476,0.032669,-0.047354,-1.404671,0.028781,0.043778,-0.026927,-0.244202,-0.73757,0.629567,-0.338988,0.673193,0.657189,-0.908543,-0.052929,-0.414423,0.0071,0.000449,-0.012254,-0.111615,-0.001893,0.077976,-0.906061,0.057001,0.030131,-0.061682,0.281294,0.112418,-0.953013,0.399196,0.889397,0.222742,0.872648,-0.443095,0.205305,-0.008579,0.003132,-0.008268,0.045304,0.03365,-0.02648,0.516959
268,0.110307,-0.047415,0.289664,-0.278541,-0.15862,-0.947259,-0.478737,-0.832078,0.28005,-0.832275,0.531687,0.157012,0.00051,0.019642,-0.020125,0.068964,-0.036933,0.030817,0.517424,-0.186455,-0.028123,0.265488,0.20324,0.826463,0.525018,0.386013,-0.560302,0.732796,0.899504,0.052692,-0.433566,-0.001161,0.005002,-0.01721,0.00954,0.052922,0.030141,-1.404604,0.028991,0.043785,-0.027341,-0.242264,-0.74164,0.625521,-0.342116,0.668616,0.660233,-0.907889,-0.05405,-0.41571,0.00729,0.002785,-0.008863,-0.108002,-0.015767,0.114803,-0.907693,0.056772,0.030388,-0.062037,0.283097,0.120686,-0.951467,0.396032,0.888815,0.230574,0.873506,-0.442087,0.203825,0.0003,0.009944,-0.009871,0.078807,-0.011859,0.051232,0.515816
269,0.110238,-0.047067,0.289377,-0.289075,-0.164656,-0.943064,-0.474598,-0.83087,0.290488,-0.831041,0.53175,0.163215,0.000132,0.000497,0.000721,-0.0,2.6e-05,-4.8e-05,0.519757,-0.185932,-0.027859,0.265017,0.201441,0.831319,0.517997,0.392347,-0.55293,0.735027,0.897168,0.054125,-0.438205,0.031233,-0.001427,-0.004814,-0.88756,-1.182191,0.833632,-1.404484,0.029257,0.043919,-0.027593,-0.240274,-0.7457,0.621449,-0.345432,0.66398,0.663179,-0.907162,-0.055324,-0.417126,0.015641,-0.000522,-0.002135,-0.142876,-0.041719,0.058681,-0.913082,0.056738,0.030562,-0.06218,0.29315,0.127698,-0.947499,0.39176,0.887974,0.240883,0.872116,-0.441808,0.210283,0.008377,0.004914,-0.004335,0.036358,-0.034855,0.054679,0.514836
270,0.110357,-0.046926,0.289281,-0.290053,-0.165253,-0.942659,-0.473936,-0.830915,0.291436,-0.831076,0.531495,0.163867,0.000637,0.011259,-0.007978,0.035102,-0.016044,0.016795,0.520401,-0.185471,-0.027768,0.264851,0.211851,0.830361,0.515374,0.386901,-0.555408,0.736045,0.897123,0.042424,-0.439584,0.03124,-0.001346,-0.004723,-0.215553,0.415402,0.382975,-1.404119,0.029476,0.043967,-0.02767,-0.24755,-0.744184,0.620409,-0.340458,0.666319,0.663405,-0.907086,-0.046997,-0.418311,0.015629,-0.000689,-0.002396,-0.085532,-0.016287,0.121518,-0.916021,0.056798,0.030632,-0.062221,0.294022,0.128365,-0.947139,0.391119,0.888016,0.241769,0.872109,-0.44153,0.21089,0.008047,-0.000744,-0.000391,-0.00327,0.084672,-0.141208,0.515816
271,0.110711,-0.046715,0.288996,-0.285334,-0.178206,-0.941739,-0.468211,-0.831425,0.299136,-0.835945,0.526504,0.154971,-0.000334,-0.001262,-0.001831,-0.012925,-0.049533,-0.028514,0.519884,-0.184373,-0.027697,0.264468,0.206337,0.833778,0.512084,0.391329,-0.549876,0.737856,0.896494,0.047099,-0.440389,0.031089,-0.003662,-0.008215,-0.310752,-0.276313,0.365833,-1.40422,0.030014,0.044012,-0.027848,-0.245566,-0.748067,0.616516,-0.344385,0.661825,0.665872,-0.906143,-0.048803,-0.420145,0.015185,0.003657,-0.008333,-0.109656,0.035322,0.09251,-0.917491,0.05697,0.030742,-0.062356,0.287588,0.141396,-0.947258,0.385352,0.888371,0.249599,0.876809,-0.43681,0.200997,0.0002,0.005174,-0.004655,0.041611,-0.019561,0.013867,0.516796
272,0.110954,-0.046534,0.288733,-0.281496,-0.189369,-0.940715,-0.467583,-0.829003,0.306742,-0.8376,0.526441,0.14599,0.016057,0.007321,-0.012338,0.000461,-0.149144,-0.055184,0.517838,-0.183065,-0.027788,0.263952,0.21042,0.832679,0.512211,0.389619,-0.551851,0.737286,0.896285,0.043382,-0.441196,0.030248,0.005404,-0.019571,0.038293,-0.026381,0.051514,-1.404107,0.03068,0.043963,-0.028102,-0.247889,-0.748263,0.615347,-0.346886,0.661614,0.664782,-0.904555,-0.048663,-0.42357,0.015478,-0.003246,-0.006281,-0.097413,-0.009491,0.083678,-0.918307,0.057091,0.030833,-0.062488,0.283033,0.152039,-0.946982,0.384739,0.886435,0.257309,0.878559,-0.437168,0.192395,-0.0001,-0.0004,-0.000583,-0.029647,-0.126152,-0.072926,0.516306
273,0.11101,-0.04641,0.288517,-0.27731,-0.193709,-0.941075,-0.467883,-0.828256,0.308303,-0.838833,0.526045,0.140225,-0.000286,0.007797,-0.013009,-0.124124,-0.500743,-0.492697,0.51272,-0.182458,-0.02784,0.263593,0.212167,0.83084,0.514471,0.392506,-0.554466,0.733784,0.89461,0.045205,-0.4444,0.030144,0.003526,-0.022426,0.026228,0.086721,-0.11163,-1.404111,0.030984,0.043938,-0.028279,-0.24823,-0.746418,0.617446,-0.350873,0.663395,0.660904,-0.902922,-0.052589,-0.426573,0.015061,0.001437,-0.011719,-0.119504,0.035854,0.08321,-0.916348,0.057126,0.030897,-0.062593,0.280025,0.153415,-0.947654,0.384899,0.886388,0.257232,0.879453,-0.436783,0.189161,-0.000243,0.003497,-0.00709,0.017843,-0.072986,-0.053556,0.51402
274,0.110948,-0.046373,0.287821,-0.256895,-0.197822,-0.946001,-0.467164,-0.831459,0.300676,-0.845728,0.519421,0.122362,-0.002874,-0.010862,-0.015842,-0.194528,-1.588792,2.203349,0.503076,-0.181452,-0.027815,0.262769,0.208875,0.830379,0.516559,0.398028,-0.554556,0.730736,0.892949,0.051929,-0.447,0.014486,0.003677,-0.020832,0.036708,-0.01116,0.022709,-1.403904,0.031492,0.043947,-0.028699,-0.247347,-0.745835,0.618506,-0.35838,0.663493,0.656764,-0.900212,-0.059212,-0.431406,0.015108,0.001908,-0.011077,-0.117096,0.034697,0.093388,-0.918471,0.057098,0.03093,-0.062929,0.260153,0.159251,-0.952343,0.383467,0.888148,0.253269,0.886156,-0.431081,0.169987,-0.001174,-4.2e-05,-0.01226,-0.043491,-0.386695,-0.047842,0.500793
275,0.110844,-0.046498,0.286887,-0.245942,-0.208381,-0.946645,-0.468318,-0.829521,0.304214,-0.848355,0.518404,0.107606,-0.002598,-0.000893,-0.025817,0.002705,-0.104648,-0.10126,0.500527,-0.180628,-0.027628,0.262144,0.208807,0.830028,0.51715,0.398733,-0.555004,0.730011,0.89265,0.052731,-0.447502,0.014736,0.007786,-0.014733,-0.832826,-1.107894,0.601747,-1.404157,0.031904,0.044033,-0.029021,-0.255247,-0.744023,0.617477,-0.355941,0.666089,0.655462,-0.898973,-0.052481,-0.434846,0.015262,0.004441,-0.007318,-0.100975,0.022852,0.148246,-0.91047,0.057043,0.030856,-0.063412,0.245782,0.167634,-0.954719,0.38549,0.886791,0.254947,0.889374,-0.430697,0.153336,-0.001316,-0.000564,-0.013075,0.027941,-0.032603,-0.060685,0.493772
276,0.110852,-0.046409,0.28634,-0.239817,-0.217163,-0.946242,-0.463304,-0.830916,0.30806,-0.852855,0.512541,0.099836,-0.001619,0.011705,-0.031877,-0.067354,-0.535495,-0.292555,0.49917,-0.180297,-0.02756,0.261951,0.214178,0.828071,0.51809,0.396745,-0.558314,0.728569,0.892256,0.048466,-0.448767,0.030523,0.009275,-0.014046,0.038751,-0.02628,0.052,-1.404159,0.032075,0.044071,-0.029122,-0.257868,-0.742867,0.617779,-0.355816,0.667482,0.654111,-0.898274,-0.051142,-0.436447,0.01528,0.004803,-0.006791,-0.13588,0.00278,0.124446,-0.90753,0.057046,0.030892,-0.06368,0.240414,0.173705,-0.955001,0.380087,0.888447,0.257283,0.893159,-0.424838,0.147572,-0.001157,2.1e-05,-0.012241,-0.103177,-0.639869,-0.183794,0.492792
277,0.110844,-0.046083,0.285184,-0.231231,-0.22905,-0.945576,-0.447127,-0.838158,0.312314,-0.863797,0.49529,0.092574,-0.001885,0.001831,-0.021938,0.010213,-0.093103,-0.061663,0.498154,-0.179884,-0.027513,0.261717,0.216156,0.830503,0.513354,0.399233,-0.554892,0.729823,0.890667,0.046149,-0.452156,0.015646,-0.001066,-0.003149,-0.223843,0.428986,0.35632,-1.403572,0.032276,0.044095,-0.029237,-0.255007,-0.745419,0.61589,-0.359218,0.664396,0.655393,-0.897737,-0.054109,-0.437194,-3.9e-05,-0.000818,-0.00124,-0.062392,-0.061677,0.036642,-0.908183,0.057042,0.031052,-0.064253,0.229423,0.186648,-0.955262,0.363422,0.894034,0.261967,0.902933,-0.407265,0.13728,-0.000894,0.001022,-0.010809,0.018252,-0.188008,0.112771,0.4892
278,0.110955,-0.04577,0.284385,-0.229788,-0.235214,-0.944414,-0.445369,-0.837386,0.316866,-0.86509,0.493713,0.088842,-0.000419,0.007341,-0.013802,0.03285,-0.007882,-0.011833,0.491394,-0.179425,-0.027593,0.261626,0.21494,0.831201,0.512735,0.399527,-0.553791,0.730498,0.89083,0.046794,-0.451768,0.015625,-0.001536,-0.003871,0.001996,-0.01511,0.029315,-1.403645,0.032506,0.044059,-0.029277,-0.256247,-0.746144,0.614496,-0.358523,0.663742,0.656435,-0.897662,-0.052101,-0.437592,0.008189,-0.006734,0.001551,-0.069576,-0.088399,0.062133,-0.90802,0.057095,0.031205,-0.064676,0.227548,0.192575,-0.954534,0.361545,0.893472,0.266443,0.90416,-0.405736,0.133683,0.007932,0.003185,-0.006916,0.043813,-0.008424,0.061589,0.485281
279,0.111335,-0.045389,0.284018,-0.227897,-0.24769,-0.941678,-0.443606,-0.834498,0.3268,-0.866497,0.492515,0.081477,0.016704,0.009687,-0.00891,-0.024668,-0.260776,-0.089214,0.469977,-0.17902,-0.027662,0.261405,0.214534,0.831476,0.512459,0.399513,-0.553368,0.730826,0.890935,0.046903,-0.45155,-0.000133,-0.002529,-0.003812,-0.0,0.0,0.0,-1.403184,0.032708,0.044021,-0.029383,-0.253976,-0.747574,0.613701,-0.361634,0.661882,0.656606,-0.897059,-0.055174,-0.438451,-8.9e-05,-0.00177,-0.002674,-0.050831,-0.041812,0.013357,-0.905244,0.057279,0.031396,-0.064859,0.224685,0.204802,-0.952665,0.3599,0.891093,0.276448,0.905531,-0.404979,0.126507,0.000166,0.000587,0.000869,-0.075776,-0.283068,-0.163941,0.469278
280,0.111514,-0.045266,0.283937,-0.221782,-0.257458,-0.940518,-0.444236,-0.831934,0.332433,-0.867767,0.491856,0.071309,0.016918,0.010521,-0.007677,-0.088256,-0.518291,-0.207787,0.449834,-0.17897,-0.0276,0.261269,0.214442,0.831531,0.512407,0.399247,-0.553296,0.731025,0.891076,0.04677,-0.451284,-0.000859,0.00991,-0.010037,2.868082,4.027524,-2.476728,-1.403748,0.032739,0.04405,-0.029456,-0.253073,-0.748133,0.613391,-0.363102,0.661132,0.656552,-0.896721,-0.056568,-0.438963,-4.8e-05,-0.000995,-0.001507,-0.054497,-0.002733,-0.105603,-0.905081,0.057369,0.031458,-0.064898,0.218412,0.213072,-0.95231,0.360576,0.88919,0.281648,0.906796,-0.404896,0.117381,0.008397,0.004983,-0.00425,-0.193869,-0.731944,-0.598616,0.449193
281,0.111707,-0.045191,0.283934,-0.204469,-0.281595,-0.937519,-0.436645,-0.830937,0.344756,-0.875853,0.480201,0.048113,0.00074,0.011734,-0.007279,-0.175378,-0.814745,-0.454556,0.429055,-0.179033,-0.027252,0.260954,0.213687,0.831905,0.512116,0.398295,-0.552755,0.731953,0.891684,0.04652,-0.450108,-0.000799,0.011032,-0.008344,0.036437,-0.012266,0.017125,-1.403091,0.032707,0.044227,-0.029618,-0.254935,-0.74873,0.61189,-0.362591,0.660647,0.657322,-0.896401,-0.054292,-0.439905,-0.000391,0.005574,-0.004085,-0.062065,-0.018101,0.07578,-0.900345,0.057473,0.0315,-0.064893,0.199431,0.234982,-0.95132,0.352742,0.888525,0.293419,0.91422,-0.394088,0.094311,0.000122,0.00045,0.000662,-0.072146,-0.295156,-0.175107,0.404125
282,0.111609,-0.044984,0.283788,-0.193415,-0.297283,-0.935018,-0.432873,-0.829371,0.353179,-0.880237,0.47342,0.032893,0.000259,0.009909,-0.009989,-0.020523,-0.227099,-0.107949,0.440598,-0.17916,-0.026899,0.260785,0.213259,0.832101,0.511976,0.397456,-0.552488,0.732611,0.892161,0.046207,-0.449194,4.5e-05,0.000855,0.001289,0.0,0.0,-0.0,-1.403576,0.032644,0.044404,-0.029702,-0.256888,-0.749006,0.610735,-0.361541,0.660537,0.658011,-0.896267,-0.051771,-0.440481,-0.000348,0.00641,-0.002822,-0.073348,-0.031745,0.082598,-0.900345,0.057425,0.031611,-0.064964,0.185185,0.252013,-0.949839,0.34918,0.886608,0.303314,0.918574,-0.387834,0.076189,0.000109,0.004864,-0.005129,0.003693,-0.157928,-0.066513,0.399063
283,0.111595,-0.044878,0.283501,-0.188218,-0.304261,-0.933833,-0.433289,-0.827556,0.356908,-0.881165,0.472171,0.025093,0.015952,0.006897,-0.013066,0.01693,-0.103658,0.003191,0.453557,-0.179281,-0.026795,0.260785,0.214169,0.831092,0.513234,0.398795,-0.553926,0.730795,0.891345,0.047118,-0.450718,-0.015721,-0.000433,0.000914,2.2e-05,0.018147,-0.03106,-1.404114,0.032583,0.044459,-0.029697,-0.26575,-0.744815,0.612067,-0.354632,0.665907,0.656356,-0.896444,-0.042632,-0.4411,-0.007861,-0.000244,0.000421,-0.069904,-0.146665,0.118404,-0.900835,0.057418,0.031663,-0.065109,0.1796,0.258234,-0.949241,0.349589,0.885193,0.306953,0.919527,-0.386974,0.068705,0.007963,0.003385,-0.006626,0.031086,-0.061077,0.028704,0.414412
284,0.111825,-0.044869,0.28333,-0.18642,-0.306517,-0.933456,-0.433374,-0.827015,0.358057,-0.881508,0.471662,0.0225,0.015877,0.006616,-0.013494,0.024425,-0.075214,0.020008,0.453166,-0.179296,-0.026807,0.260731,0.214145,0.831102,0.513228,0.398751,-0.553913,0.730829,0.89137,0.047103,-0.450669,-7.6e-05,-0.001418,-0.002139,0.0,0.0,-0.0,-1.403852,0.032576,0.044456,-0.02972,-0.26308,-0.746003,0.611775,-0.356901,0.664381,0.656673,-0.896331,-0.045585,-0.441034,-5.4e-05,-0.001044,-0.001572,-0.103638,-0.105264,0.065087,-0.901325,0.057521,0.031666,-0.065188,0.177678,0.260307,-0.949036,0.349717,0.884729,0.308142,0.919851,-0.386645,0.066163,0.007677,-0.002163,-0.002522,-0.002773,-0.038745,0.015635,0.419964
285,0.112262,-0.044941,0.283114,-0.180635,-0.30955,-0.933593,-0.418481,-0.834801,0.357706,-0.889874,0.455686,0.022418,0.015478,-0.003853,-0.004349,0.00211,-0.015158,0.02952,0.431789,-0.179313,-0.02683,0.260622,0.210581,0.833337,0.511074,0.403272,-0.550182,0.731167,0.890189,0.051085,-0.452565,-0.000835,0.010315,-0.009428,0.03432,0.004876,-0.005954,-1.403634,0.032568,0.044437,-0.029776,-0.258233,-0.748145,0.611223,-0.361005,0.661577,0.65726,-0.896097,-0.050928,-0.440925,-7e-06,-0.000176,-0.000265,-0.109475,-0.115528,0.074211,-0.905407,0.057745,0.031631,-0.065304,0.171878,0.262449,-0.949514,0.334067,0.891216,0.306808,0.926744,-0.369935,0.065505,-0.000279,-0.001082,-0.001617,0.002796,0.016807,-0.023933,0.40935
286,0.112447,-0.044923,0.2831,-0.182807,-0.310951,-0.932704,-0.417544,-0.834313,0.35993,-0.889867,0.455626,0.023846,0.000989,0.01273,-0.005797,0.031482,0.085975,-0.153917,0.428348,-0.17931,-0.026759,0.260503,0.20559,0.834596,0.511051,0.406248,-0.547759,0.731338,0.890009,0.056209,-0.452313,-8.9e-05,-0.001666,-0.002517,-0.001775,0.016532,-0.023536,-1.404164,0.032569,0.044478,-0.029837,-0.253413,-0.749888,0.611104,-0.365893,0.659096,0.657049,-0.89549,-0.057094,-0.441402,-2e-05,-0.000411,-0.00062,-0.098899,-0.107083,0.07624,-0.903938,0.057836,0.03163,-0.065317,0.173845,0.264004,-0.948724,0.333205,0.890801,0.308943,0.926688,-0.369829,0.066894,0.000341,0.001302,0.001934,-0.000662,-0.015231,0.02625,0.389756
287,0.112499,-0.044853,0.283171,-0.185064,-0.312424,-0.931766,-0.416611,-0.833774,0.362255,-0.889836,0.455609,0.025304,0.000835,0.003193,0.004749,0.000523,-0.014798,0.024719,0.436184,-0.179303,-0.026699,0.260443,0.205374,0.834703,0.510963,0.40609,-0.547595,0.731549,0.890131,0.056207,-0.452073,-1.2e-05,-0.000231,-0.000349,-0.0,0.0,0.0,-1.403435,0.032573,0.044505,-0.029872,-0.25143,-0.750707,0.610918,-0.367955,0.657942,0.657054,-0.895204,-0.059587,-0.441653,-0.000384,0.005729,-0.00385,-0.106211,-0.055315,0.07922,-0.900835,0.057868,0.031668,-0.065285,0.176068,0.265829,-0.947804,0.33224,0.8903,0.311419,0.926615,-0.36973,0.068434,0.000379,0.001446,0.002147,-0.001433,-0.002442,0.004801,0.391225
288,0.112468,-0.044767,0.283257,-0.178521,-0.319543,-0.930628,-0.407224,-0.837007,0.365457,-0.895506,0.44461,0.020458,-0.015935,0.002076,0.001709,-0.063162,-0.222069,-0.169928,0.446025,-0.179299,-0.026474,0.260425,0.205007,0.834884,0.510815,0.405693,-0.547328,0.731968,0.890397,0.056126,-0.451559,0.000117,0.00219,0.003305,0.254017,0.363992,-0.22455,-1.403946,0.032575,0.044614,-0.029885,-0.252279,-0.750733,0.610536,-0.367846,0.657982,0.657075,-0.89501,-0.058817,-0.44215,7.3e-05,0.001363,0.002047,0.907357,0.979148,-0.670892,-0.895283,0.057861,0.031719,-0.06523,0.169111,0.271983,-0.947325,0.322558,0.892965,0.313957,0.931319,-0.358661,0.063279,1e-06,2e-06,3e-06,-0.095568,-0.339371,-0.202635,0.404288
289,0.112132,-0.04483,0.283156,-0.173945,-0.325662,-0.929372,-0.402841,-0.837637,0.368857,-0.898389,0.438951,0.015672,-0.016825,-0.00129,-0.003309,-0.023944,-0.055632,-0.104751,0.451577,-0.179179,-0.026385,0.26051,0.205701,0.836212,0.508357,0.407078,-0.545394,0.732643,0.889604,0.055185,-0.453234,0.015756,0.001249,0.000313,0.001139,-0.013457,0.030545,-1.40393,0.032629,0.044664,-0.029835,-0.251721,-0.752082,0.609105,-0.367655,0.6565,0.658663,-0.895246,-0.058141,-0.441761,2.7e-05,0.000523,0.000787,-0.089025,-0.096114,0.060946,-0.893324,0.057694,0.031691,-0.065276,0.163455,0.278332,-0.946474,0.318162,0.893245,0.317625,0.933838,-0.353049,0.057451,-0.008371,-0.000492,-0.001426,-0.01872,-0.060444,-0.073887,0.414576
290,0.111998,-0.044837,0.283042,-0.17428,-0.325912,-0.929222,-0.402664,-0.837559,0.369227,-0.898403,0.438915,0.015896,-0.000915,-0.003474,-0.005174,-0.000799,0.013746,-0.025349,0.448884,-0.179118,-0.026437,0.2605,0.205732,0.836207,0.508353,0.40717,-0.545399,0.732588,0.889554,0.055219,-0.453328,0.000681,-0.013257,0.004987,-0.038226,0.028887,-0.040598,-1.403609,0.032665,0.044647,-0.029836,-0.249872,-0.75264,0.609176,-0.369416,0.655646,0.658527,-0.895039,-0.060492,-0.441865,-2.8e-05,-0.000542,-0.000817,-0.075764,-0.078473,0.049177,-0.893324,0.05762,0.031684,-0.065329,0.163912,0.2785,-0.946345,0.317941,0.893214,0.317933,0.933833,-0.352995,0.057862,-0.008461,-0.000824,-0.001922,0.002659,0.042949,-0.046198,0.418005
291,0.111895,-0.044693,0.282545,-0.156408,-0.342708,-0.926355,-0.378519,-0.84548,0.37664,-0.912104,0.409975,0.003674,-0.001536,-0.005819,-0.008689,0.348135,-0.600258,-0.280492,0.410006,-0.179025,-0.0265,0.260432,0.207076,0.837205,0.506159,0.408562,-0.543991,0.73286,0.888603,0.053987,-0.455338,-7.2e-05,-0.001359,-0.002052,0.002595,-0.018947,0.188378,-1.403997,0.032712,0.044606,-0.029873,-0.249818,-0.752996,0.608758,-0.369401,0.655259,0.658922,-0.89506,-0.060265,-0.441853,-3.7e-05,-0.000736,-0.001111,-0.030233,-0.119534,0.26157,-0.892181,0.057576,0.031758,-0.065574,0.146316,0.292177,-0.945104,0.294371,0.899247,0.323573,0.944423,-0.325556,0.045566,-0.00058,0.002525,-0.008657,5.031748,-2.627404,-0.348718,0.395634
292,0.111287,-0.044561,0.282041,-0.134637,-0.36233,-0.922299,-0.349658,-0.853515,0.386294,-0.927001,0.374945,-0.010626,-0.016825,0.007746,-0.014682,-0.037422,-0.284569,-0.180482,0.370769,-0.179115,-0.026579,0.260266,0.207553,0.836958,0.506373,0.408423,-0.5444,0.732635,0.888556,0.053702,-0.455465,-0.000164,-0.003091,-0.004673,-6e-06,1.4e-05,1e-05,-1.404428,0.032667,0.044569,-0.029953,-0.257884,-0.750328,0.608688,-0.362317,0.659125,0.658998,-0.895668,-0.050593,-0.441835,-9.8e-05,-0.001892,-0.002856,-0.110535,-0.127763,0.114184,-0.892017,0.057269,0.031817,-0.065836,0.120876,0.311681,-0.942466,0.263376,0.905331,0.333179,0.95709,-0.288496,0.027343,-0.016815,-0.001197,-0.003214,-0.077427,-0.285422,-0.278987,0.332441
293,0.110298,-0.044361,0.281715,-0.121703,-0.379871,-0.917023,-0.346691,-0.849421,0.397821,-0.929915,0.366808,-0.027177,-0.03223,0.011931,-0.009914,-0.13662,-0.598131,-0.44065,0.385438,-0.17931,-0.026679,0.260097,0.209248,0.839874,0.500818,0.409478,-0.540236,0.735123,0.887669,0.050196,-0.457586,-0.000105,-0.001946,-0.002946,-0.167998,0.338469,0.215687,-1.40406,0.032575,0.044516,-0.030044,-0.252162,-0.753399,0.607291,-0.365995,0.655206,0.660871,-0.895801,-0.055619,-0.440959,-0.000413,0.005216,-0.004622,0.087641,-0.017012,0.402512,-0.893324,0.05678,0.031913,-0.066006,0.107717,0.3268,-0.938934,0.260215,0.902238,0.34388,0.959523,-0.281366,0.012148,-0.008297,-0.000178,-0.000981,-0.183918,-0.674233,-0.440438,0.315458
294,0.109788,-0.044182,0.281546,-0.114665,-0.387666,-0.914665,-0.342426,-0.848874,0.402652,-0.932394,0.359854,-0.03427,-0.032281,0.011749,-0.010222,-0.094683,-0.440504,-0.346991,0.399474,-0.179441,-0.026692,0.260089,0.204984,0.842858,0.497557,0.412367,-0.535291,0.737123,0.887333,0.053019,-0.457921,-2.1e-05,-0.000396,-0.0006,-0.075584,0.146088,0.108939,-1.404089,0.032504,0.044506,-0.030051,-0.251575,-0.755399,0.605046,-0.364458,0.653076,0.663823,-0.896592,-0.053513,-0.439609,-0.00787,-0.000384,0.000208,0.050166,-0.043376,0.101157,-0.894304,0.056526,0.032005,-0.066087,0.099268,0.334778,-0.937053,0.256087,0.901389,0.349165,0.961542,-0.274628,0.003747,-0.008058,0.005174,-0.005399,-0.155949,-0.659325,-0.408346,0.327542
295,0.10868,-0.0441,0.28129,-0.09553,-0.402862,-0.910287,-0.319078,-0.853814,0.411296,-0.942798,0.33024,-0.045844,-0.033441,-0.001275,-0.004978,0.09914,-0.141689,-0.151444,0.413031,-0.179467,-0.026797,0.25999,0.20757,0.849483,0.485062,0.412975,-0.525493,0.743804,0.886446,0.04486,-0.460504,-0.000149,-0.002737,-0.00415,-0.197562,0.414936,0.324204,-1.404217,0.032485,0.044461,-0.03009,-0.245038,-0.762013,0.599409,-0.365821,0.645228,0.670712,-0.897847,-0.054926,-0.436866,-7.4e-05,-0.001411,-0.002133,0.064678,-0.060786,0.303102,-0.892834,0.055979,0.032055,-0.06621,0.077806,0.349431,-0.933725,0.232879,0.904285,0.357818,0.969387,-0.245285,-0.011016,-0.016693,-0.000542,-0.002331,1.493966,-0.779106,-0.042228,0.351872
296,0.107609,-0.044161,0.280989,-0.073362,-0.420361,-0.904412,-0.284926,-0.860214,0.422872,-0.955661,0.289231,-0.055537,-0.033265,0.008403,-0.015444,4.951521,-2.593555,0.069648,0.439321,-0.1791,-0.026901,0.259699,0.211157,0.853491,0.476399,0.413469,-0.519517,0.747716,0.885364,0.038017,-0.463194,-0.001011,0.00707,-0.01437,0.255313,0.408015,-0.213131,-1.403942,0.032674,0.044405,-0.030232,-0.248406,-0.765827,0.593129,-0.360125,0.641446,0.677389,-0.899224,-0.045333,-0.435133,0.007759,-0.001925,-0.003733,0.895791,1.040408,-0.571014,-0.887772,0.055438,0.03202,-0.066358,0.057226,0.364294,-0.929523,0.202532,0.907454,0.368114,0.977601,-0.209324,-0.021851,-0.016964,-0.001466,-0.003761,-0.119264,-0.346168,-0.317616,0.384857
297,0.106938,-0.044236,0.280778,-0.074837,-0.429199,-0.900129,-0.284031,-0.856088,0.431754,-0.955811,0.288505,-0.056716,-0.034596,-0.005069,-0.010887,-0.071921,-0.185983,-0.255094,0.444598,-0.178888,-0.026831,0.2595,0.208194,0.855312,0.474433,0.417419,-0.516257,0.747779,0.884215,0.041279,-0.465105,-0.000956,0.00812,-0.01278,0.030563,0.012285,-0.000453,-1.404079,0.03278,0.044437,-0.030336,-0.245506,-0.768198,0.591267,-0.362751,0.638422,0.678843,-0.898964,-0.047823,-0.435401,0.007413,0.004558,-0.006432,-0.116134,0.016895,-0.007985,-0.889731,0.055116,0.031992,-0.066457,0.055306,0.373651,-0.925918,0.196578,0.905113,0.376996,0.978926,-0.202866,-0.023394,-0.017287,-0.002541,-0.005427,-0.125393,-0.34389,-0.342119,0.398573
298,0.105627,-0.044581,0.280451,-0.078028,-0.439382,-0.89493,-0.283469,-0.85083,0.442386,-0.955719,0.288745,-0.057046,-0.018571,-0.006804,-0.012033,-0.004063,0.020522,-0.059649,0.459118,-0.178457,-0.026593,0.259042,0.208289,0.855337,0.474348,0.416473,-0.51627,0.748298,0.884638,0.040615,-0.464357,0.014794,0.008785,-0.01338,0.038485,-0.0275,0.046341,-1.404301,0.032984,0.044552,-0.03056,-0.250468,-0.767622,0.589933,-0.361184,0.639452,0.678709,-0.898226,-0.04308,-0.437416,0.007402,0.004338,-0.006779,-0.142672,-0.082522,0.182492,-0.894303,0.054454,0.03182,-0.06663,0.056816,0.384896,-0.921209,0.196444,0.900352,0.388298,0.978867,-0.203027,-0.024456,-0.009273,-0.003387,-0.00597,0.010856,-0.047422,0.134347,0.416209
299,0.104853,-0.045045,0.28024,-0.077839,-0.441736,-0.893787,-0.279027,-0.85102,0.444839,-0.957041,0.284561,-0.055898,-0.018221,-0.005424,-0.010005,-0.001462,0.029576,-0.054241,0.480659,-0.178113,-0.026521,0.258641,0.207074,0.85596,0.473754,0.416072,-0.515214,0.749249,0.885114,0.04089,-0.463427,-0.00023,-0.004586,-0.007006,-0.001785,0.016601,-0.023487,-1.403609,0.033167,0.044598,-0.030766,-0.245738,-0.770523,0.588137,-0.366564,0.635554,0.679485,-0.897353,-0.048615,-0.438627,0.007771,-0.001948,-0.003788,-0.106943,-0.076941,0.09143,-0.896916,0.054053,0.031579,-0.066741,0.056778,0.38708,-0.920295,0.191907,0.900362,0.390535,0.979768,-0.198785,-0.023163,-0.009456,-0.008343,-0.001003,-0.037748,0.048256,-0.070161,0.445764
300,0.10429,-0.045401,0.279797,-0.079552,-0.443146,-0.892938,-0.279113,-0.850036,0.446661,-0.956873,0.28531,-0.054951,-0.018796,-0.00726,-0.01291,-0.001935,0.044431,-0.078933,0.471435,-0.177948,-0.02665,0.258332,0.208151,0.857006,0.471386,0.417325,-0.513576,0.749675,0.884269,0.039598,-0.465148,-0.000243,-0.004869,-0.007457,0.777744,1.256725,-0.792648,-1.404005,0.03325,0.044534,-0.030921,-0.245177,-0.771327,0.587317,-0.367453,0.634541,0.679952,-0.897143,-0.049103,-0.439002,-0.000142,-0.002368,-0.00372,2.88568,3.58367,-2.708541,-0.901978,0.053766,0.031402,-0.066961,0.058403,0.388714,-0.919504,0.192096,0.899487,0.392453,0.979636,-0.199553,-0.022138,-0.009394,-0.003644,-0.006463,-0.00317,0.04496,-0.078944,0.453276
301,0.103969,-0.045523,0.279598,-0.080459,-0.443915,-0.892474,-0.279076,-0.849527,0.447653,-0.956807,0.285634,-0.05442,-0.002031,-0.006923,-0.010689,-0.000474,0.014857,-0.02469,0.467797,-0.177976,-0.026733,0.258187,0.208145,0.857005,0.47139,0.417302,-0.513578,0.749687,0.884282,0.039591,-0.465124,-0.000258,-0.005153,-0.007902,-0.001788,0.016607,-0.023482,-1.403954,0.033236,0.044492,-0.030992,-0.244517,-0.771661,0.587154,-0.367965,0.634084,0.680102,-0.897113,-0.049756,-0.438989,-0.000118,-0.002479,-0.003802,-0.072546,-0.076318,0.049457,-0.907857,0.053604,0.031339,-0.067064,0.059222,0.389576,-0.919087,0.192105,0.899046,0.39346,0.979585,-0.199863,-0.021597,-0.009023,-0.00234,-0.004472,-0.002493,0.03,-0.054276,0.448377
302,0.103623,-0.045445,0.279379,-0.084863,-0.448081,-0.889981,-0.276681,-0.847472,0.453002,-0.957116,0.285237,-0.050946,-4.6e-05,-0.000156,-0.000241,0.020194,0.032296,-0.064179,0.478182,-0.17802,-0.026856,0.257965,0.207694,0.857209,0.471218,0.417314,-0.51322,0.749925,0.884383,0.039813,-0.464914,-0.015873,-0.002597,-0.002364,-0.002043,0.015207,-0.029247,-1.403785,0.03322,0.044424,-0.031114,-0.245395,-0.771438,0.587081,-0.367408,0.634429,0.680081,-0.897102,-0.04881,-0.439118,-5.4e-05,-0.001151,-0.001768,-0.061695,-0.096078,0.11222,-0.911939,0.053429,0.031369,-0.067187,0.063226,0.394312,-0.916798,0.189819,0.897116,0.398937,0.97978,-0.199249,-0.018127,0.000391,0.005722,-0.003835,0.10536,0.098938,-0.212396,0.44952
303,0.103604,-0.045146,0.279152,-0.083132,-0.457897,-0.885135,-0.275494,-0.843028,0.461929,-0.957613,0.282815,-0.054961,-0.000257,-0.000873,-0.001349,-0.073058,-0.245946,-0.146978,0.46404,-0.178176,-0.026867,0.257925,0.202422,0.858488,0.471185,0.420316,-0.510624,0.750021,0.88419,0.045146,-0.464794,4e-05,0.000786,0.001208,-0.0,0.0,0.0,-1.40399,0.033136,0.044416,-0.031138,-0.243684,-0.772113,0.586906,-0.368313,0.633487,0.680469,-0.897197,-0.050345,-0.43875,7e-06,9.4e-05,0.000145,-0.108815,-0.12988,0.089912,-0.914062,0.053421,0.031523,-0.067283,0.061034,0.403878,-0.912774,0.188828,0.893293,0.407884,0.980111,-0.197252,-0.021743,-0.000173,-0.000602,-0.000926,-0.138673,-0.319427,-0.418046,0.449847
304,0.103638,-0.045276,0.279053,-0.07408,-0.468055,-0.880615,-0.278499,-0.838192,0.468876,-0.957497,0.280563,-0.06716,-0.00048,-0.001629,-0.002522,-0.159999,-0.536604,-0.320564,0.441599,-0.178307,-0.026808,0.257954,0.202088,0.85862,0.471087,0.420259,-0.510389,0.750213,0.884294,0.04529,-0.464582,6.8e-05,0.001318,0.002024,-0.0,0.0,0.0,-1.403878,0.033071,0.044448,-0.031119,-0.238866,-0.773551,0.586992,-0.372072,0.631266,0.680488,-0.896941,-0.055857,-0.438605,4.2e-05,0.000824,0.001266,-0.076927,-0.09125,0.057994,-0.915205,0.053439,0.031463,-0.067335,0.052027,0.412501,-0.909469,0.191756,0.88963,0.414472,0.980062,-0.19596,-0.032815,-0.000287,-0.000981,-0.001523,0.013686,0.017451,0.01282,0.420454
305,0.103747,-0.045262,0.27901,-0.07443,-0.468328,-0.88044,-0.278374,-0.838029,0.469242,-0.957506,0.280596,-0.066897,-1.4e-05,-4.6e-05,-7.2e-05,-0.005566,0.094917,-0.174949,0.444503,-0.178292,-0.026796,0.258009,0.201731,0.858785,0.47094,0.420353,-0.510092,0.750363,0.884331,0.045509,-0.464489,7.4e-05,0.001437,0.002206,-0.0,0.0,0.0,-1.403921,0.033078,0.044456,-0.03109,-0.23689,-0.774162,0.586989,-0.373579,0.630318,0.680542,-0.896839,-0.058073,-0.438527,3.9e-05,0.000786,0.001207,-0.062764,-0.076391,0.051347,-0.915858,0.053493,0.031467,-0.067361,0.050389,0.414261,-0.908761,0.192147,0.888897,0.41586,0.980071,-0.19557,-0.034809,0.008041,-0.001037,-0.000729,0.013517,0.013842,0.047765,0.411636
306,0.104134,-0.045016,0.278839,-0.069863,-0.473811,-0.877877,-0.267172,-0.838984,0.474022,-0.96104,0.268245,-0.066879,0.016115,-0.001935,-0.001247,0.205473,0.202739,-0.760738,0.444236,-0.178105,-0.026828,0.258169,0.206176,0.857899,0.47063,0.417699,-0.511991,0.750551,0.884558,0.040758,-0.464498,0.015838,0.001972,0.001403,0.002045,-0.015205,0.029245,-1.403566,0.033166,0.04444,-0.031008,-0.241866,-0.772802,0.586751,-0.369187,0.632517,0.680897,-0.897329,-0.051935,-0.438293,0.000434,-0.004937,0.005066,-0.054496,-0.12492,0.032963,-0.916511,0.053687,0.031593,-0.067442,0.04561,0.419153,-0.906768,0.18078,0.889262,0.420154,0.982464,-0.183089,-0.035216,0.008065,-0.000966,-0.000618,0.22254,0.232096,-0.844279,0.412616
307,0.104412,-0.044984,0.278727,-0.063565,-0.482611,-0.873551,-0.269288,-0.834553,0.4806,-0.960895,0.266382,-0.075822,0.015987,-0.002366,-0.001924,-0.1624,-0.552927,-0.292797,0.428276,-0.177955,-0.026891,0.258266,0.205856,0.858069,0.470459,0.418005,-0.51168,0.750593,0.884489,0.041061,-0.464605,0.015784,0.000916,-0.000221,0.002045,-0.015205,0.029245,-1.403578,0.033241,0.044411,-0.030956,-0.24246,-0.772578,0.5868,-0.368597,0.632851,0.680907,-0.897412,-0.0512,-0.438211,1e-05,0.000208,0.000318,-0.064671,-0.091798,0.087677,-0.917491,0.053826,0.031609,-0.067498,0.039922,0.426656,-0.903531,0.18268,0.885895,0.4264,0.98236,-0.18208,-0.042576,0.007995,-0.001185,-0.00097,-0.140049,-0.499695,-0.258978,0.398573
308,0.104559,-0.044962,0.278681,-0.063724,-0.482733,-0.873472,-0.269151,-0.8345,0.48077,-0.960922,0.266328,-0.075661,0.016172,-0.00173,-0.000945,-0.001406,-0.022581,0.02484,0.424823,-0.177849,-0.026879,0.258255,0.205669,0.858172,0.470353,0.418012,-0.511501,0.750711,0.884529,0.041136,-0.464521,0.015764,0.000526,-0.000822,0.002045,-0.015205,0.029245,-1.403638,0.033294,0.044417,-0.030962,-0.240719,-0.773327,0.586531,-0.370204,0.63177,0.681039,-0.897219,-0.053197,-0.438368,-2e-06,-3.3e-05,-5.5e-05,-0.064793,-0.078629,0.05691,-0.917981,0.053893,0.031619,-0.067522,0.038414,0.428164,-0.902883,0.183033,0.885249,0.427588,0.982355,-0.181683,-0.044362,9e-05,0.000305,0.000465,0.011915,0.026646,0.017125,0.391062
309,0.104888,-0.044759,0.278478,-0.065356,-0.48441,-0.872423,-0.267394,-0.833811,0.482941,-0.961301,0.265441,-0.073944,0.00051,0.010602,-0.008991,0.034962,-0.016718,0.016427,0.418014,-0.177721,-0.026862,0.258229,0.205449,0.858294,0.470226,0.418001,-0.51129,0.750861,0.884585,0.041213,-0.464406,0.015764,0.000524,-0.00083,0.002045,-0.015205,0.029245,-1.403662,0.033358,0.044425,-0.030976,-0.241701,-0.773226,0.58626,-0.369719,0.631983,0.681104,-0.897154,-0.052128,-0.438628,1e-06,-6e-06,-1.2e-05,-0.065681,-0.085926,0.072456,-0.91847,0.054064,0.031723,-0.067621,0.040168,0.429806,-0.902026,0.181182,0.884657,0.429598,0.982628,-0.180687,-0.042338,0.000247,0.00526,-0.004565,0.033671,-0.017311,0.019921,0.382244
310,0.105004,-0.044904,0.27823,-0.065257,-0.484309,-0.872486,-0.267347,-0.833895,0.482823,-0.961321,0.265361,-0.073972,-0.001488,-0.005123,-0.007942,0.002735,-0.088166,0.145413,0.386372,-0.177651,-0.026842,0.258214,0.205306,0.858371,0.470148,0.417977,-0.511158,0.750964,0.88463,0.041255,-0.464318,-0.000785,0.011733,-0.007281,0.057492,0.021365,-0.003668,-1.403486,0.033399,0.04443,-0.030981,-0.242783,-0.772849,0.58631,-0.369184,0.632524,0.680893,-0.897083,-0.051147,-0.43889,0.007885,0.000307,-0.000347,0.200917,0.255634,-0.092719,-0.918634,0.054124,0.031657,-0.067734,0.04016,0.42975,-0.902053,0.181155,0.884689,0.429542,0.982633,-0.180662,-0.042322,-0.000756,-0.002613,-0.004053,-0.000942,0.015141,-0.024605,0.354158
311,0.105012,-0.045081,0.278171,-0.062449,-0.484671,-0.87249,-0.262679,-0.835389,0.482802,-0.962797,0.259933,-0.074055,0.015004,-0.005771,-0.007231,0.000836,4.3e-05,0.004935,0.367242,-0.17758,-0.026835,0.258218,0.205045,0.858502,0.470022,0.418015,-0.510926,0.751101,0.884673,0.041387,-0.464224,8e-06,0.000162,0.000248,0.0,0.0,-0.0,-1.403533,0.033434,0.044438,-0.030982,-0.240866,-0.773798,0.585848,-0.370677,0.631205,0.681306,-0.896984,-0.053057,-0.438865,0.007888,0.000365,-0.00026,-0.086368,-0.056239,0.069299,-0.919124,0.054121,0.031569,-0.067774,0.03722,0.429769,-0.90217,0.176348,0.885803,0.429247,0.983623,-0.175072,-0.04282,-0.000536,-0.001858,-0.002884,0.003063,0.014365,-0.024347,0.331787
312,0.105096,-0.045205,0.278311,-0.056,-0.483894,-0.873359,-0.24758,-0.840677,0.481601,-0.967192,0.243793,-0.071635,0.000825,0.002843,0.004411,0.452903,-0.195044,0.095887,0.337314,-0.177379,-0.02681,0.258216,0.205931,0.85763,0.471225,0.419627,-0.512306,0.749259,0.883703,0.042365,-0.46598,0.0,3e-06,4e-06,0.0,0.0,-0.0,-1.40379,0.033535,0.044451,-0.030983,-0.242503,-0.772201,0.587279,-0.371056,0.633148,0.679294,-0.896386,-0.053182,-0.44007,0.0,-1e-05,-1.6e-05,-0.063496,-0.088128,0.083246,-0.919777,0.054166,0.03149,-0.06772,0.031335,0.428224,-0.903128,0.161211,0.889576,0.427391,0.986421,-0.158986,-0.04116,0.000383,0.001337,0.002061,1.471698,-0.763573,0.155322,0.278228
313,0.105029,-0.045222,0.278656,-0.055355,-0.482473,-0.874186,-0.242456,-0.842823,0.480455,-0.968527,0.239143,-0.069232,0.000989,0.003409,0.00528,0.001143,0.003764,0.002253,0.321242,-0.177214,-0.026828,0.258171,0.201688,0.857985,0.472414,0.424299,-0.511143,0.747421,0.882456,0.04862,-0.46773,-2.4e-05,-0.000515,-0.00079,-0.006344,-0.010037,0.006281,-1.403657,0.033617,0.044442,-0.031005,-0.239672,-0.772026,0.58867,-0.374951,0.632904,0.677379,-0.895527,-0.058374,-0.441161,-1.6e-05,-0.000327,-0.000505,-0.087956,-0.10139,0.068351,-0.920104,0.054134,0.031486,-0.067539,0.030577,0.426711,-0.90387,0.155534,0.891247,0.426013,0.987356,-0.153609,-0.039116,-0.007744,-0.002369,0.008177,-0.043264,0.001904,-0.031122,0.250795
314,0.104847,-0.045223,0.278937,-0.049605,-0.483023,-0.874227,-0.23287,-0.845582,0.480349,-0.971194,0.228005,-0.069445,0.000493,0.001697,0.002624,0.0,1e-06,0.0,0.305443,-0.177058,-0.026857,0.258185,0.206441,0.856949,0.47224,0.421409,-0.513338,0.747551,0.882735,0.043604,-0.467697,0.015794,0.001179,0.000156,0.002045,-0.015205,0.029245,-1.403944,0.033695,0.044425,-0.031001,-0.240596,-0.771844,0.588532,-0.374382,0.633219,0.6774,-0.895516,-0.057356,-0.441315,0.0079,0.000646,0.000163,-0.076824,-0.04633,0.065668,-0.920267,0.054044,0.031491,-0.067391,0.024639,0.426868,-0.903977,0.14581,0.893048,0.425681,0.989005,-0.142297,-0.040238,0.000234,0.000813,0.001263,-0.000621,0.000363,-0.000278,0.226955
