frame,MLTx,MLTy,MLTz,MLTR1,MLTR2,MLTR3,MLTR4,MLTR5,MLTR6,MLTR7,MLTR8,MLTR9,MLTTVx,MLTTVy,MLTTVz,MLTRVx,MLTRVy,MLTRVz,MLGA,MRTx,MRTy,MRTz,MRTR1,MRTR2,MRTR3,MRTR4,MRTR5,MRTR6,MRTR7,MRTR8,MRTR9,MRTTVx,MRTTVy,MRTTVz,MRTRVx,MRTRVy,MRTRVz,MRGA,SLTx,SLTy,SLTz,SLTR1,SLTR2,SLTR3,SLTR4,SLTR5,SLTR6,SLTR7,SLTR8,SLTR9,SLTTVx,SLTTVy,SLTTVz,SLTRVx,SLTRVy,SLTRVz,SLGA,SRTx,SRTy,SRTz,SRTR1,SRTR2,SRTR3,SRTR4,SRTR5,SRTR6,SRTR7,SRTR8,SRTR9,SRTTVx,SRTTVy,SRTTVz,SRTRVx,SRTRVy,SRTRVz,SRGA
366,0.123816,-0.013429,0.279364,-0.531684,-0.004523,-0.846958,-0.485143,-0.818056,0.308858,-0.6936,0.575112,0.433811,-0.027175,0.026005,0.009828,-0.080212,-0.130039,-0.088641,0.075721,-0.194457,-0.002783,0.287607,-0.727422,0.485323,0.485087,-0.101033,-0.774854,0.623961,0.679596,0.40426,0.612035,8.9e-05,0.001048,0.001215,-0.000524,-0.004479,0.004976,-1.403983,0.030238,0.043093,-0.03733,0.615702,-0.445326,0.650073,0.052863,0.846473,0.529799,-0.786203,-0.291834,0.544717,-0.007255,0.000618,0.001225,-0.001663,-0.010539,0.004786,-0.869973,0.063412,0.031273,-0.08495,0.559318,0.072722,-0.825756,0.363928,0.87347,0.323427,0.744794,-0.481414,0.462082,-0.006218,0.0069,0.00868,-0.197594,-0.230995,0.156368,-0.239729
367,0.123446,-0.012756,0.279999,-0.505072,-0.011774,-0.863023,-0.494622,-0.815475,0.300534,-0.706691,0.578673,0.407128,0.002832,0.012842,0.016765,-0.131014,-0.491199,0.178732,0.186131,-0.194911,-0.002746,0.28773,-0.748285,0.468545,0.469602,-0.08676,-0.770812,0.631075,0.65859,0.430888,0.616813,-0.014468,0.001684,0.002947,-0.845385,-1.583965,-0.437552,-1.403951,0.030016,0.043112,-0.037269,0.638344,-0.432525,0.63674,0.038442,0.844084,0.53483,-0.76879,-0.316928,0.555443,-0.006875,-0.004865,0.005293,-2.860904,-5.283207,-1.400552,-0.865401,0.063216,0.031616,-0.084633,0.532898,0.076657,-0.842699,0.373857,0.872086,0.315746,0.759111,-0.483309,0.436074,0.001836,0.012861,0.005476,-0.107943,-0.66237,0.351199,-0.05815
368,0.123897,-0.012286,0.280374,-0.464034,-0.010715,-0.885778,-0.524208,-0.802726,0.284268,-0.713513,0.596252,0.367981,0.016935,0.015993,-0.00102,-0.239003,-1.272859,0.487846,0.203164,-0.195416,-0.002757,0.287909,-0.769159,0.448625,0.455106,-0.072323,-0.768555,0.635631,0.635889,0.455418,0.622979,-0.014492,0.00137,0.002571,0.01307,-0.123359,0.12094,-1.403894,0.029764,0.043108,-0.037177,0.663763,-0.414408,0.622642,0.022407,0.843117,0.537262,-0.747606,-0.342663,0.568916,-0.007241,0.000809,0.001436,-0.03957,-0.010481,-0.046007,-0.865401,0.063438,0.031862,-0.084423,0.494521,0.068723,-0.866444,0.405192,0.863688,0.299766,0.768939,-0.499317,0.399266,0.008098,0.001838,0.002769,-0.21908,-1.710959,0.916458,0.046029
369,0.124377,-0.012169,0.28033,-0.440442,-0.005819,-0.897787,-0.546776,-0.791397,0.273311,-0.711556,0.61127,0.346504,0.015908,0.011367,-0.007044,-0.222176,-1.149114,0.481187,0.188278,-0.195642,-0.00271,0.287979,-0.784514,0.433759,0.44315,-0.061396,-0.765316,0.640668,0.61802,0.474855,0.62644,-0.014368,0.002738,0.004148,-0.755501,-1.230896,-0.861357,-1.403466,0.029645,0.043129,-0.037144,0.681332,-0.402437,0.611417,0.011007,0.840836,0.541176,-0.731891,-0.361991,0.577318,-0.007187,0.001362,0.002078,-0.747658,-1.257196,-0.872531,-0.863931,0.063679,0.031926,-0.084438,0.471841,0.061462,-0.879538,0.429543,0.85515,0.290193,0.769973,-0.514724,0.377094,0.015137,-0.001176,-0.000778,-0.384839,-1.355184,0.339848,0.047009
370,0.125523,-0.011854,0.279779,-0.393449,-0.004381,-0.919361,-0.584578,-0.770605,0.25379,-0.709093,0.637293,0.30178,0.029652,0.003849,-0.016103,-0.182881,-1.136745,0.492097,0.158166,-0.196371,-0.002658,0.288105,-0.819916,0.390752,0.41838,-0.031473,-0.760333,0.648719,0.572618,0.51823,0.635146,-0.029121,0.001072,0.003176,-0.013308,-0.129407,0.090891,-1.403367,0.029292,0.043158,-0.037079,0.722854,-0.364106,0.587288,-0.020495,0.838239,0.544917,-0.690696,-0.405932,0.598462,-0.014559,0.000595,0.001661,-0.071465,-0.212599,0.05713,-0.868667,0.064258,0.032086,-0.084718,0.425423,0.054474,-0.903353,0.470722,0.839214,0.272286,0.772939,-0.541065,0.331379,0.014762,0.001601,-0.008494,-0.202232,-1.176817,0.463088,0.03117
371,0.127198,-0.011722,0.278758,-0.351454,-0.010135,-0.936175,-0.600497,-0.764708,0.233658,-0.717839,0.6443,0.263842,0.043582,0.006033,-0.035291,-0.003414,-0.850218,0.723514,0.055945,-0.197394,-0.002735,0.288131,-0.850545,0.352459,0.390303,-0.009146,-0.751806,0.659271,0.526859,0.55672,0.642142,-0.029367,-0.001469,0.000202,-2.218397,-4.285673,-2.832945,-1.403015,0.028781,0.043121,-0.037063,0.756788,-0.335783,0.560821,-0.040776,0.832048,0.553201,-0.652386,-0.441524,0.615993,-0.01449,-0.006872,0.003448,-0.256451,-1.908195,2.119723,-0.877648,0.065079,0.032153,-0.08521,0.38417,0.055764,-0.921576,0.487738,0.835263,0.253861,0.783915,-0.547014,0.293685,0.029003,-0.003868,-0.014988,-0.032717,-0.850616,0.733992,-0.079868
372,0.128175,-0.011901,0.278145,-0.333165,-0.011614,-0.942822,-0.609585,-0.760185,0.224717,-0.718921,0.649609,0.247363,0.0576,-0.009884,-0.032897,-0.043663,-0.762116,0.55394,0.032617,-0.19801,-0.002788,0.288142,-0.856504,0.343408,0.38531,-0.003645,-0.750368,0.66096,0.517172,0.564271,0.643424,-0.029346,-0.001151,0.000546,-0.631906,-1.180932,-0.963734,-1.402782,0.028461,0.043092,-0.037061,0.766529,-0.32357,0.554738,-0.050077,0.831052,0.553935,-0.640254,-0.452387,0.620821,-0.014679,-0.000607,0.000259,-0.613804,-1.203869,-0.98353,-0.879771,0.065584,0.032063,-0.085533,0.365505,0.054405,-0.929217,0.497843,0.832076,0.244543,0.786484,-0.551986,0.277042,0.02873,-0.005346,-0.017006,-0.032257,-0.740454,0.568725,-0.136693
373,0.129745,-0.01241,0.277106,-0.333465,-0.031439,-0.942262,-0.608925,-0.755821,0.24066,-0.71934,0.654055,0.234071,0.043114,-0.006026,-0.02877,-0.203243,1.08162,-2.141271,0.089123,-0.199449,-0.002732,0.288206,-0.878306,0.299076,0.372992,0.028241,-0.746169,0.665108,0.478329,0.594318,0.646413,-0.044237,0.012236,-0.003997,-2.087084,-3.743965,-3.74018,-1.402904,0.027759,0.043114,-0.037029,0.790714,-0.286959,0.540762,-0.078278,0.828689,0.554208,-0.607159,-0.48055,0.632793,-0.021899,0.000298,0.001725,-0.191716,-0.279759,-0.419067,-0.884343,0.06635,0.031799,-0.086058,0.361197,0.073231,-0.929609,0.497723,0.827885,0.258606,0.788547,-0.556096,0.262581,0.013784,-0.008085,-0.010032,-0.123019,-0.456072,-0.126249,-0.160044
374,0.131383,-0.012522,0.276273,-0.368282,-0.056967,-0.927992,-0.630927,-0.717798,0.294396,-0.68243,0.693985,0.229568,0.044724,0.0019,-0.018469,-0.172124,-0.547036,-0.544813,0.265992,-0.201341,-0.002594,0.287933,-0.90238,0.255549,0.346981,0.053577,-0.732202,0.678928,0.428688,0.630911,0.646561,-0.059606,0.005206,-0.011365,-0.678057,-1.841317,1.84833,-1.402791,0.026796,0.043197,-0.037156,0.823087,-0.242062,0.513743,-0.111266,0.818349,0.563847,-0.556907,-0.521258,0.64664,-0.029825,0.002343,-0.00597,-0.791632,-1.753318,1.873739,-0.88369,0.067144,0.031729,-0.086484,0.393897,0.102554,-0.913414,0.522026,0.792969,0.314147,0.756527,-0.600568,0.258812,0.029924,4.5e-05,-0.010149,-0.477701,0.572197,-2.801972,0.023005
375,0.134016,-0.012484,0.275618,-0.388881,-0.078462,-0.917965,-0.668818,-0.661208,0.339792,-0.633151,0.746186,0.205801,0.075825,0.003877,-0.014929,-0.8005,-0.887831,-0.99603,0.338982,-0.203396,-0.002529,0.287596,-0.915758,0.217038,0.338042,0.081008,-0.724204,0.684762,0.394577,0.654178,0.645154,-0.059384,0.007663,-0.008686,-0.022875,-0.010075,0.069191,-1.402918,0.02579,0.043217,-0.037333,0.839857,-0.206849,0.501849,-0.139271,0.811477,0.567544,-0.524635,-0.546549,0.652717,-0.022169,-0.001949,-0.000984,-0.058927,0.074455,-0.084096,-0.88418,0.068471,0.031747,-0.086821,0.411935,0.124707,-0.902638,0.564821,0.742385,0.360333,0.715042,-0.658263,0.235377,0.037953,0.00207,-0.007335,-1.810111,-0.118862,-0.713452,0.19397
376,0.13563,-0.012349,0.275389,-0.392095,-0.088537,-0.915679,-0.6776,-0.645426,0.352498,-0.621732,0.758786,0.194219,0.076526,0.008093,-0.009537,-0.240657,-0.613351,-0.66115,0.358967,-0.204339,-0.002424,0.287506,-0.922534,0.201375,0.329197,0.087665,-0.721152,0.687159,0.376933,0.662524,0.647184,-0.044553,0.009343,-0.007627,0.037402,-0.072348,0.071003,-1.403016,0.025313,0.043267,-0.03738,0.848846,-0.192778,0.492235,-0.146233,0.809175,0.569078,-0.508011,-0.555041,0.658675,-0.022035,-0.000696,0.000447,0.001612,0.037078,-0.085844,-0.886956,0.069278,0.031811,-0.08694,0.413081,0.1374,-0.900269,0.575205,0.727045,0.374891,0.706046,-0.6727,0.221295,0.045842,0.003379,-0.005451,-0.42493,-0.795053,-0.790284,0.241814
377,0.139169,-0.011796,0.274839,-0.394683,-0.093013,-0.914122,-0.693757,-0.622142,0.362784,-0.601973,0.777478,0.182162,0.091974,0.019798,-0.016893,-0.056741,-0.59521,0.399909,0.37475,-0.206183,-0.002268,0.287445,-0.936417,0.15922,0.312673,0.107703,-0.717399,0.688239,0.335065,0.677944,0.654207,-0.043978,-0.000329,0.001971,-0.143425,-0.420157,-0.2576,-1.403385,0.024391,0.043349,-0.037415,0.867549,-0.153982,0.472914,-0.165989,0.806703,0.567166,-0.468835,-0.570543,0.674295,-0.022161,0.005641,-0.002701,-0.491809,-1.123192,-1.173134,-0.883527,0.071077,0.032099,-0.087208,0.41505,0.143036,-0.898483,0.593357,0.706075,0.386503,0.689681,-0.693539,0.208185,0.046027,0.010067,-0.008285,-0.052308,-0.626109,0.483452,0.291128
378,0.142873,-0.011305,0.274411,-0.38658,-0.073879,-0.919317,-0.715873,-0.604414,0.349545,-0.580999,0.793332,0.181914,0.091612,0.009591,-0.00811,-0.01382,0.207275,0.50218,0.361551,-0.207042,-0.002129,0.287291,-0.947314,0.106254,0.302157,0.137622,-0.716516,0.683812,0.290346,0.689224,0.663726,-0.000601,0.009402,-0.01002,0.062777,-0.915791,0.587742,-1.403903,0.023945,0.043421,-0.037487,0.883058,-0.103001,0.457818,-0.195296,0.806441,0.558131,-0.426692,-0.582273,0.692019,-0.000292,0.00468,-0.005025,0.032906,-0.96616,0.648737,-0.880914,0.072896,0.032342,-0.087415,0.409461,0.123906,-0.903873,0.617778,0.691375,0.374633,0.671335,-0.711791,0.206544,0.038234,0.005105,-0.003875,-0.296914,0.279997,1.019126,0.296843
379,0.144454,-0.011213,0.274359,-0.385537,-0.057827,-0.920903,-0.728041,-0.594084,0.342042,-0.566401,0.802396,0.18809,0.076601,0.011895,-0.005605,-1.284878,1.203491,0.785349,0.357902,-0.206983,-0.00215,0.287216,-0.951867,0.082071,0.295304,0.150518,-0.713798,0.683937,0.268113,0.695353,0.66668,-0.000351,-0.002792,-0.00325,-0.093495,-0.562994,-0.22962,-1.403818,0.023975,0.043412,-0.037523,0.890146,-0.08012,0.448575,-0.208112,0.804274,0.556625,-0.405374,-0.588832,0.699248,-0.00016,-0.001369,-0.001593,-0.123047,-0.561649,-0.214677,-0.880587,0.073692,0.032387,-0.087444,0.410024,0.109643,-0.905459,0.630327,0.683461,0.368195,0.659216,-0.721705,0.211125,0.038131,-0.000236,0.000595,-5.038681,1.967476,1.309101,0.289985
380,0.146972,-0.011443,0.274643,-0.385189,-0.026559,-0.92248,-0.738192,-0.59101,0.325197,-0.55336,0.806261,0.209196,0.060996,-0.010032,0.010492,0.147781,0.49188,0.518022,0.344072,-0.206392,-0.002281,0.287062,-0.961141,0.039411,0.273213,0.166031,-0.707776,0.686601,0.221641,0.705222,0.67335,0.014248,-0.003272,-0.004594,-0.235097,-1.895589,2.002434,-1.403748,0.02427,0.043347,-0.037599,0.904865,-0.040775,0.423739,-0.224939,0.799292,0.557255,-0.361413,-0.599557,0.71408,0.007137,-0.001611,-0.00228,-0.269374,-1.860004,2.003383,-0.877485,0.074957,0.032282,-0.087306,0.414455,0.075795,-0.906907,0.642652,0.68122,0.350623,0.644379,-0.728144,0.233625,0.03049,-0.005098,0.005087,0.210681,0.672713,0.611447,0.280841
381,0.149141,-0.012256,0.275545,-0.391769,0.014392,-0.919976,-0.741262,-0.597248,0.306264,-0.544566,0.801909,0.2458,0.061275,-0.028643,0.031272,0.253789,1.244879,0.688119,0.279452,-0.205134,-0.002421,0.286954,-0.967602,-0.021759,0.251523,0.195432,-0.694718,0.692176,0.160893,0.718923,0.676111,0.043779,-0.001498,-0.004159,-0.40436,-1.323136,-0.876271,-1.404131,0.024882,0.043274,-0.037655,0.918363,0.014737,0.395462,-0.25399,0.788277,0.560453,-0.303475,-0.615143,0.727668,0.021738,-0.000718,-0.002007,-1.412392,-3.902594,-3.664787,-0.870137,0.076023,0.031888,-0.086882,0.424859,0.039168,-0.90441,0.645586,0.687244,0.333036,0.634595,-0.725369,0.266695,0.023085,-0.01378,0.016221,0.196487,2.624148,-1.444127,0.226465
382,0.150833,-0.013418,0.277184,-0.430429,0.063164,-0.900437,-0.735813,-0.602336,0.309423,-0.522293,0.795659,0.306863,0.031701,-0.042919,0.057424,0.193121,1.46521,0.519032,0.15757,-0.203031,-0.002653,0.286672,-0.969717,-0.096722,0.224245,0.228812,-0.679761,0.696781,0.08626,0.727102,0.680989,0.05803,-0.005195,-0.009447,-0.092556,-0.404338,-0.253625,-1.404322,0.025929,0.043165,-0.037787,0.929204,0.086568,0.359284,-0.289287,0.775369,0.561351,-0.229983,-0.625546,0.745519,0.02905,-0.00239,-0.004517,-0.354239,-1.351625,-0.870158,-0.86834,0.076898,0.031296,-0.086066,0.469677,-0.005926,-0.882818,0.639218,0.692015,0.335432,0.608936,-0.721858,0.328811,0.015918,-0.015676,0.02491,0.241595,2.184342,-0.023728,0.09371
383,0.151511,-0.014208,0.27833,-0.45007,0.094241,-0.888032,-0.737202,-0.600416,0.309849,-0.503435,0.793994,0.340812,0.032084,-0.04009,0.060994,0.165308,1.49,0.296691,0.113276,-0.201707,-0.002905,0.286565,-0.968424,-0.136013,0.208919,0.245113,-0.670399,0.700299,0.04603,0.729556,0.68227,0.073139,-0.016737,-0.002897,-1.211836,-4.038393,-3.741196,-1.404384,0.026585,0.043041,-0.037845,0.93298,0.11809,0.340003,-0.302776,0.768272,0.563989,-0.194614,-0.629136,0.752537,0.036554,-0.008762,-0.001949,-0.13555,-0.379812,-0.240533,-0.868177,0.077237,0.030901,-0.085494,0.492594,-0.035463,-0.869536,0.641044,0.690538,0.33499,0.588568,-0.722425,0.362888,0.015977,-0.025735,0.034373,0.19848,2.329529,-0.179502,0.012554
384,0.152081,-0.016114,0.28132,-0.471392,0.16126,-0.867081,-0.74005,-0.607096,0.289363,-0.47916,0.777886,0.406604,0.002658,-0.052798,0.089092,0.342497,2.241891,0.274043,0.003323,-0.198515,-0.003626,0.286516,-0.961672,-0.205641,0.181357,0.272995,-0.659949,0.699911,-0.02303,0.722843,0.690529,0.088732,-0.025155,0.007043,0.486793,-0.703668,-0.090814,-1.404785,0.028207,0.042668,-0.037878,0.934467,0.187432,0.30272,-0.333781,0.757114,0.561576,-0.123937,-0.625817,0.770059,0.044409,-0.012443,0.003625,0.462347,-0.676618,-0.09957,-0.867361,0.077534,0.029929,-0.083983,0.521633,-0.098419,-0.847473,0.643703,0.697337,0.315226,0.55995,-0.709953,0.427107,0.001367,-0.025933,0.045139,0.322483,2.231694,0.257562,-0.142572
385,0.151938,-0.018125,0.285313,-0.478341,0.22345,-0.849296,-0.746634,-0.612603,0.259281,-0.461758,0.757859,0.46093,0.003916,-0.053077,0.110459,0.169693,1.385058,0.399323,-0.001032,-0.194653,-0.004679,0.286919,-0.947669,-0.281212,0.151109,0.304638,-0.65596,0.69054,-0.093868,0.700783,0.707075,0.104383,-0.034099,0.01618,0.698656,-0.974418,-0.334594,-1.404801,0.030099,0.042155,-0.037681,0.930009,0.257987,0.261771,-0.363269,0.753428,0.548069,-0.055831,-0.604803,0.794415,0.059573,-0.01683,0.007791,0.306158,-0.831783,-0.50523,-0.869157,0.077462,0.028941,-0.08203,0.535598,-0.160461,-0.829087,0.651033,0.703769,0.284366,0.537857,-0.692069,0.481403,-0.005569,-0.025412,0.056634,0.155865,1.457351,0.437382,-0.219971
386,0.151811,-0.019343,0.287714,-0.470706,0.250693,-0.845952,-0.756781,-0.607611,0.240964,-0.453023,0.75331,0.476782,0.003892,-0.063601,0.118989,0.821356,-0.436928,2.586703,-0.003466,-0.192546,-0.005347,0.287284,-0.936961,-0.323746,0.131467,0.321483,-0.651892,0.686745,-0.135444,0.686118,0.714675,0.104709,-0.031954,0.018423,0.139849,-1.81364,-1.000501,-1.405331,0.031114,0.041832,-0.037507,0.925998,0.294357,0.236388,-0.377074,0.751766,0.540982,-0.018467,-0.590085,0.807129,0.045029,-0.015972,0.009693,0.549869,-0.840653,-0.191024,-0.865564,0.077404,0.028367,-0.080868,0.533527,-0.186266,-0.825016,0.661528,0.699694,0.269829,0.526999,-0.689733,0.496526,-0.005571,-0.030531,0.061079,0.064429,0.990969,0.561516,-0.228136
387,0.151282,-0.022091,0.292386,-0.46437,0.288464,-0.837373,-0.767085,-0.60356,0.21741,-0.44212,0.742935,0.502597,-0.011847,-0.087879,0.13217,-0.080403,0.833485,0.368833,-0.072691,-0.188922,-0.006557,0.288192,-0.913398,-0.393011,0.106005,0.354121,-0.639186,0.682622,-0.199364,0.661533,0.722835,0.090498,-0.028184,0.023487,-0.045126,-0.329288,0.168032,-1.404835,0.032971,0.041214,-0.037048,0.908707,0.367738,0.197533,-0.414436,0.738163,0.532314,0.04994,-0.565582,0.823178,0.037906,-0.01422,0.012112,-0.167228,-0.518149,-0.114603,-0.866055,0.077142,0.026989,-0.078479,0.529776,-0.226986,-0.817198,0.674251,0.697223,0.243443,0.514511,-0.679967,0.522418,-0.013525,-0.037987,0.062473,0.04433,1.028832,0.465731,-0.255405
388,0.1502,-0.025434,0.297584,-0.468388,0.333238,-0.818298,-0.775576,-0.598689,0.200063,-0.422662,0.727943,0.539892,-0.042079,-0.084211,0.135961,0.157131,1.537241,0.474903,-0.143818,-0.186097,-0.007966,0.289424,-0.883243,-0.456249,0.108213,0.399361,-0.611332,0.683167,-0.244421,0.647187,0.721991,0.076722,-0.037786,0.034181,-0.13675,-0.252996,0.15185,-1.405403,0.034388,0.040514,-0.036435,0.882395,0.431591,0.187367,-0.460753,0.711965,0.529917,0.095308,-0.553926,0.827092,0.031005,-0.018919,0.017617,-0.197829,-0.350582,-0.294067,-0.863115,0.076613,0.025315,-0.075883,0.538518,-0.268277,-0.798764,0.683652,0.693256,0.22807,0.492562,-0.668896,0.556739,-0.013512,-0.042569,0.067501,0.064089,1.153849,0.505721,-0.31468
389,0.148486,-0.028699,0.303156,-0.477888,0.383841,-0.790148,-0.782346,-0.595004,0.184059,-0.398904,0.70565,0.585629,-0.041567,-0.079074,0.141412,0.117745,1.410984,0.371149,-0.160139,-0.18345,-0.009467,0.290888,-0.85254,-0.511477,0.107512,0.43547,-0.581668,0.686995,-0.287764,0.633147,0.718457,0.062311,-0.034895,0.038539,-0.730301,-3.826688,-3.900987,-1.405647,0.035695,0.039774,-0.035721,0.858269,0.482116,0.175889,-0.494948,0.687024,0.532,0.135645,-0.543655,0.828274,0.031152,-0.017483,0.019207,-0.141847,-0.044357,0.043709,-0.863768,0.075771,0.023702,-0.073154,0.55329,-0.31803,-0.769887,0.691397,0.690818,0.211515,0.464584,-0.649327,0.602108,-0.02846,-0.039108,0.071223,0.067293,1.310842,0.282148,-0.348481
390,0.147598,-0.030014,0.305809,-0.489202,0.410633,-0.769485,-0.783618,-0.594272,0.180987,-0.382363,0.691009,0.61346,-0.041195,-0.065812,0.135305,0.148346,1.462257,0.371325,-0.159996,-0.18225,-0.010049,0.291611,-0.83748,-0.536037,0.106226,0.450626,-0.567738,0.688871,-0.307889,0.625453,0.716852,0.062452,-0.032968,0.040684,-0.310521,-1.188768,-1.095398,-1.40563,0.036341,0.039457,-0.035331,0.842749,0.5114,0.168057,-0.51405,0.671889,0.533215,0.15977,-0.535756,0.829119,0.031219,-0.016359,0.020448,-0.304787,-1.21464,-1.089674,-0.861319,0.075311,0.023015,-0.071775,0.567457,-0.344195,-0.748011,0.693011,0.690232,0.208124,0.444666,-0.636481,0.630208,-0.028302,-0.032649,0.067946,0.102596,1.834103,0.10489,-0.352727
391,0.14627,-0.032252,0.310741,-0.518747,0.448565,-0.72783,-0.776429,-0.603523,0.181358,-0.357272,0.658627,0.662264,-0.025835,-0.05524,0.125755,0.067997,2.59324,-2.791691,-0.124825,-0.179881,-0.011141,0.293089,-0.806103,-0.582299,0.105435,0.478869,-0.537439,0.694102,-0.346487,0.610735,0.711908,0.06183,-0.020341,0.034155,-0.16277,-0.291339,-0.406319,-1.405295,0.037503,0.038921,-0.034602,0.814824,0.558172,0.15654,-0.544349,0.643836,0.537734,0.199362,-0.523371,0.828454,0.031263,-0.01615,0.020599,-0.29735,-1.227881,-1.082434,-0.853971,0.074642,0.021895,-0.0693,0.597146,-0.379829,-0.706502,0.68678,0.697159,0.205671,0.414424,-0.608028,0.677165,-0.013057,-0.028126,0.062409,4.148001,0.331936,-3.494153,-0.348808
392,0.145853,-0.0342,0.315072,-0.528911,0.475486,-0.703002,-0.775924,-0.606476,0.173499,-0.343206,0.636649,0.690591,0.003627,-0.043687,0.096667,0.16671,1.091666,-0.055264,-0.023505,-0.17817,-0.011764,0.294343,-0.764292,-0.638215,0.092358,0.506343,-0.505449,0.698621,-0.398217,0.581515,0.709315,0.030707,0.000766,0.019132,-0.541626,-3.899705,-3.856498,-1.405059,0.03837,0.038606,-0.033965,0.782061,0.609231,0.131209,-0.571164,0.616473,0.541969,0.249298,-0.498795,0.830092,0.015747,-0.005103,0.013686,-0.066447,-0.030286,0.059487,-0.857073,0.074424,0.020931,-0.067108,0.612023,-0.403313,-0.680269,0.684607,0.700813,0.200432,0.395905,-0.588386,0.705024,-0.005828,-0.016176,0.044282,0.011881,0.454709,-0.227935,-0.286267
393,0.145979,-0.034973,0.316701,-0.520594,0.480741,-0.705631,-0.777512,-0.608399,0.159054,-0.352201,0.630839,0.691393,0.017979,-0.040653,0.079189,0.345091,0.032207,0.351174,-0.016149,-0.177774,-0.011818,0.294638,-0.752271,-0.653135,0.086566,0.510434,-0.494886,0.703192,-0.415483,0.573995,0.705526,0.015,0.007398,0.007178,-0.287172,-1.079167,-1.026585,-1.405375,0.038574,0.038583,-0.033805,0.769303,0.627317,0.121014,-0.579004,0.604516,0.547096,0.270047,-0.49095,0.828276,0.007728,-0.002232,0.006969,-0.703626,-3.748,-3.750892,-0.853155,0.074482,0.020549,-0.06628,0.605161,-0.411098,-0.681746,0.686574,0.702985,0.185542,0.402981,-0.580353,0.707669,0.001338,-0.014795,0.035373,1.325158,-0.9881,1.401474,-0.263243
394,0.146656,-0.036348,0.318915,-0.506418,0.480107,-0.716298,-0.772168,-0.622205,0.128802,-0.383223,0.617731,0.686714,0.016092,-0.034422,0.044502,4.282613,-1.195102,-3.066493,-0.044992,-0.177721,-0.011722,0.294634,-0.735831,-0.67183,0.084788,0.516721,-0.47634,0.71136,-0.436589,0.568094,0.697512,-0.015586,0.009711,-0.008385,-0.744314,-3.679639,-3.676859,-1.405872,0.038612,0.038634,-0.033798,0.756848,0.64336,0.115185,-0.585719,0.589436,0.556325,0.290023,-0.488519,0.822942,-3.2e-05,-0.001184,-0.001352,-0.416514,0.32212,0.230255,-0.85936,0.074821,0.019867,-0.065152,0.589459,-0.415498,-0.692747,0.684671,0.712071,0.155498,0.428676,-0.565963,0.704216,0.007916,-0.017822,0.021553,1.248482,-1.579152,1.746236,-0.260468
395,0.147407,-0.037729,0.319953,-0.494882,0.474148,-0.728231,-0.763359,-0.6376,0.103543,-0.414617,0.606551,0.678392,0.014404,-0.027165,0.011123,3.971006,-0.829663,-3.256185,-0.089609,-0.178542,-0.011303,0.294279,-0.723278,-0.686484,0.074836,0.515641,-0.465001,0.719599,-0.458272,0.559918,0.690175,-0.030344,0.008967,-0.007952,-0.551178,-0.849107,-0.879205,-1.405508,0.038206,0.038836,-0.033985,0.744013,0.660589,0.100319,-0.589164,0.57779,0.564839,0.315163,-0.479353,0.819079,-0.007933,0.005327,-0.003901,-0.379992,-4.138516,-3.612102,-0.864748,0.075197,0.019172,-0.064621,0.577501,-0.410463,-0.705699,0.6749,0.726404,0.129792,0.459348,-0.551232,0.696521,0.007101,-0.014117,0.004947,-0.071836,-0.286496,0.496261,-0.283818
396,0.14752,-0.038299,0.320108,-0.490732,0.470951,-0.733098,-0.760343,-0.642327,0.096259,-0.424952,0.604055,0.674211,-0.001303,-0.029865,0.008004,-0.055602,-0.244466,0.462163,-0.12532,-0.17912,-0.011126,0.294172,-0.71947,-0.691302,0.066748,0.514109,-0.465679,0.720256,-0.465914,0.553384,0.690328,-0.030271,0.010625,-0.006069,-0.000202,-0.146229,0.142634,-1.405931,0.037917,0.038919,-0.034044,0.741935,0.664184,0.091596,-0.587109,0.577624,0.567144,0.32378,-0.474561,0.818509,-0.014746,-0.000452,0.000796,-0.060134,-0.711254,0.755968,-0.865891,0.075258,0.018882,-0.06455,0.575663,-0.404324,-0.710727,0.667195,0.734755,0.122411,0.472717,-0.544661,0.692734,-0.000718,-0.010251,-0.001141,-0.027441,-0.164945,0.299118,-0.303576
397,0.14694,-0.039194,0.320003,-0.491723,0.463005,-0.737482,-0.748147,-0.657956,0.085685,-0.444953,0.5933,0.670849,-0.032274,-0.020925,-0.002971,-0.023395,-0.130556,0.245756,-0.211334,-0.180018,-0.010923,0.294501,-0.711589,-0.70024,0.057409,0.51438,-0.463744,0.72131,-0.47756,0.543684,0.690077,-0.014345,0.009674,0.012344,0.00148,-0.016903,0.018486,-1.406232,0.037462,0.039008,-0.033901,0.736075,0.672166,0.079909,-0.587714,0.576056,0.568112,0.335833,-0.465136,0.819062,-0.014182,-0.00123,0.010292,-0.025325,-0.079948,0.108308,-0.862136,0.074977,0.018421,-0.06461,0.575772,-0.39639,-0.715095,0.653495,0.748727,0.11114,0.491356,-0.531302,0.690135,-0.008601,-0.011624,-0.002749,-0.025305,-0.149051,0.235609,-0.355992
398,0.145622,-0.039912,0.319981,-0.494489,0.465884,-0.733811,-0.738044,-0.670954,0.071292,-0.458531,0.576256,0.676539,-0.031688,-0.015885,0.002641,0.149422,0.26424,0.455612,-0.212925,-0.180647,-0.010622,0.295292,-0.70745,-0.704822,0.052268,0.513967,-0.462473,0.722421,-0.484103,0.538824,0.68933,-0.013357,0.003461,0.025923,-0.047086,0.105923,-0.16354,-1.406621,0.037153,0.039158,-0.033515,0.733052,0.676185,0.073527,-0.587505,0.574999,0.569397,0.34274,-0.460595,0.818767,-0.006677,0.002011,0.013304,-0.034451,-0.001107,-0.002088,-0.861319,0.074328,0.018052,-0.06464,0.578802,-0.397536,-0.712006,0.641995,0.760512,0.097271,0.502821,-0.513405,0.695402,-0.023513,-0.012612,0.006423,0.262564,0.68301,0.408362,-0.395509
399,0.144289,-0.04068,0.320543,-0.520607,0.473766,-0.710324,-0.728628,-0.680166,0.080295,-0.444456,0.558772,0.700186,-0.030754,-0.018675,0.020329,0.418344,0.678782,-0.102278,-0.20004,-0.18087,-0.01003,0.29628,-0.695,-0.717506,0.046377,0.518591,-0.455726,0.723403,-0.497024,0.527716,0.688728,0.000964,0.022992,0.025943,0.005084,-0.050996,0.068878,-1.406102,0.037031,0.039459,-0.033006,0.722337,0.688543,0.064321,-0.59272,0.568516,0.570501,0.356246,-0.450218,0.818774,0.000487,0.011885,0.013427,0.004999,-0.045911,0.065322,-0.861972,0.073648,0.017655,-0.064374,0.604409,-0.402654,-0.687429,0.631625,0.768067,0.105457,0.485529,-0.497937,0.718553,-0.015397,-0.014323,0.014986,0.988663,1.294634,-1.375779,-0.389304
400,0.143566,-0.041239,0.321219,-0.529769,0.480701,-0.698796,-0.725349,-0.683758,0.079467,-0.438955,0.54837,0.711784,-0.045868,-0.035651,0.042695,0.041712,0.522165,0.059259,-0.201126,-0.180836,-0.009613,0.296871,-0.68642,-0.725703,0.046621,0.523976,-0.449288,0.723549,-0.503259,0.521998,0.688558,0.001755,0.013247,0.035427,-0.043331,0.073743,-0.111296,-1.406359,0.037048,0.039665,-0.03272,0.714337,0.69704,0.062103,-0.598416,0.562429,0.570588,0.362794,-0.444755,0.818884,0.00052,0.012807,0.014395,0.004742,-0.046167,0.065912,-0.864258,0.073293,0.017383,-0.064044,0.614236,-0.409396,-0.674616,0.627729,0.771543,0.103328,0.478193,-0.486945,0.7309,-0.015126,-0.01231,0.017253,0.093136,0.517118,0.163211,-0.388161
401,0.142163,-0.04275,0.323284,-0.545872,0.501993,-0.670874,-0.721517,-0.688653,0.071704,-0.425333,0.52256,0.738952,-0.030042,-0.052078,0.065958,0.136484,0.96054,0.107969,-0.207391,-0.18057,-0.008968,0.298127,-0.673112,-0.737919,0.048863,0.532561,-0.43799,0.724209,-0.512146,0.514422,0.687706,0.001775,0.014479,0.036516,-0.041525,0.058496,-0.086639,-1.406137,0.037181,0.039991,-0.032088,0.701578,0.709999,0.060734,-0.607706,0.551628,0.571312,0.372128,-0.437729,0.818482,0.008177,0.007073,0.017469,-0.0292,-0.048594,0.082669,-0.863278,0.072586,0.016636,-0.063017,0.63148,-0.427221,-0.647081,0.623524,0.775856,0.096249,0.460922,-0.46425,0.756321,-0.015026,-0.021058,0.028203,0.177945,0.903096,0.309952,-0.394529
402,0.140986,-0.044705,0.325443,-0.55503,0.52011,-0.649208,-0.722414,-0.68827,0.06613,-0.411752,0.505051,0.758558,-0.031141,-0.058472,0.058696,0.042464,0.665398,0.110216,-0.172159,-0.180192,-0.008312,0.299833,-0.659831,-0.749762,0.049717,0.539755,-0.427064,0.725406,-0.521807,0.506422,0.68638,0.017318,0.010121,0.050407,-0.075915,0.055138,-0.07483,-1.406625,0.037358,0.040313,-0.031263,0.689016,0.722413,0.058089,-0.615734,0.54122,0.57267,0.382265,-0.430346,0.817724,0.001365,0.005407,0.026219,-0.077988,0.072833,-0.104846,-0.86736,0.072001,0.015676,-0.061918,0.642128,-0.444584,-0.624512,0.624825,0.775517,0.090368,0.444143,-0.448239,0.775768,-0.015528,-0.023947,0.024915,0.164432,0.807903,0.230813,-0.380812
403,0.140538,-0.045753,0.326476,-0.558642,0.527213,-0.640321,-0.723062,-0.687746,0.064486,-0.405692,0.498357,0.766212,-0.01577,-0.049555,0.04811,0.041733,0.552713,0.113207,-0.184081,-0.179965,-0.008214,0.300775,-0.658016,-0.751095,0.053497,0.543025,-0.424273,0.724603,-0.520708,0.506794,0.686939,0.002594,0.006797,0.047805,-0.035352,0.03553,-0.130465,-1.406324,0.037484,0.040377,-0.030761,0.686866,0.724197,0.061256,-0.618954,0.538701,0.571573,0.380933,-0.430509,0.81826,0.00892,-0.002297,0.027186,-0.072922,-0.067223,0.018184,-0.863931,0.071765,0.015129,-0.061381,0.646417,-0.451527,-0.615034,0.625693,0.775016,0.088643,0.436637,-0.442123,0.783501,-0.007933,-0.024885,0.023952,0.045226,0.559164,0.115961,-0.375261
404,0.139862,-0.047613,0.328449,-0.575637,0.533121,-0.620055,-0.714589,-0.696551,0.064422,-0.396847,0.479502,0.782699,-0.015268,-0.045953,0.052164,3.390322,0.12361,-4.473397,-0.172922,-0.179654,-0.008422,0.302691,-0.643796,-0.762796,0.060501,0.555806,-0.411982,0.722,-0.524992,0.499405,0.689087,0.003163,-0.008621,0.050931,0.143528,-0.032325,-0.304577,-1.406362,0.037639,0.040282,-0.029801,0.673027,0.736798,0.064511,-0.631253,0.526777,0.569232,0.385426,-0.423831,0.819641,0.008461,0.001669,0.021267,0.379596,0.321845,-0.77259,-0.863442,0.071431,0.014208,-0.060422,0.660408,-0.45944,-0.593948,0.620918,0.778935,0.087863,0.422279,-0.426818,0.79969,-0.007571,-0.022394,0.026753,-0.037668,0.46829,-0.110912,-0.373628
405,0.139772,-0.048957,0.330432,-0.594886,0.546927,-0.58909,-0.712396,-0.698142,0.07114,-0.371627,0.461302,0.805681,0.016644,-0.031566,0.047935,0.191748,0.900717,-0.039582,-0.137053,-0.179021,-0.008616,0.304706,-0.630235,-0.773668,0.065059,0.567022,-0.401574,0.719138,-0.529443,0.491087,0.691655,0.017672,-0.007652,0.050459,0.05104,-0.1518,-0.043903,-1.406446,0.037938,0.040187,-0.028813,0.659252,0.74905,0.065653,-0.643105,0.51645,0.565415,0.389618,-0.414973,0.822188,0.008819,-0.003527,0.025552,0.128276,-0.227435,-0.054912,-0.866054,0.071373,0.013538,-0.059452,0.682342,-0.464976,-0.564096,0.613442,0.783897,0.095878,0.397612,-0.411462,0.820123,0.000687,-0.009788,0.020201,0.064258,0.4625,-0.02563,-0.356972
406,0.140421,-0.049907,0.332193,-0.604427,0.557797,-0.568838,-0.710338,-0.700576,0.067709,-0.360001,0.444295,0.820384,0.017287,-0.017819,0.042478,0.109662,0.620003,-0.120307,-0.117949,-0.178034,-0.009382,0.30655,-0.610247,-0.789533,0.065017,0.579515,-0.389101,0.716029,-0.53925,0.475624,0.694877,0.032627,-0.027781,0.0476,0.145687,-0.246381,-0.134241,-1.406019,0.038439,0.039819,-0.02786,0.640794,0.76532,0.06056,-0.655273,0.504138,0.562549,0.399999,-0.400161,0.824542,0.008633,-0.00874,0.019929,0.325684,-0.31521,-0.172637,-0.86883,0.071698,0.013048,-0.05855,0.692662,-0.475842,-0.542025,0.611427,0.786014,0.091313,0.382589,-0.394658,0.835385,0.016271,-0.0146,0.025346,0.148096,0.653491,0.120909,-0.333132
407,0.141,-0.050367,0.3331,-0.611692,0.55981,-0.559009,-0.705604,-0.705558,0.065439,-0.357025,0.433768,0.827289,0.032722,-0.028322,0.051607,0.043009,0.450779,0.030445,-0.116987,-0.177377,-0.009768,0.307356,-0.604302,-0.794228,0.063339,0.581745,-0.385668,0.716078,-0.543529,0.470572,0.694983,0.031866,-0.015801,0.040347,0.089172,-0.19631,-0.034943,-1.405607,0.038767,0.039614,-0.027462,0.635115,0.770286,0.057344,-0.658012,0.500672,0.562447,0.404535,-0.394952,0.824841,0.015884,-0.008763,0.019253,0.185609,-0.332104,0.090462,-0.865238,0.071982,0.012823,-0.058098,0.69989,-0.477084,-0.531548,0.606117,0.79042,0.088645,0.377855,-0.384222,0.842376,0.016404,-0.008882,0.021321,0.103825,0.587359,-0.099885,-0.327906
408,0.14252,-0.05083,0.334814,-0.617936,0.571426,-0.540067,-0.70508,-0.706653,0.058959,-0.347187,0.416509,0.840243,0.033582,-0.002758,0.03844,0.080121,0.450946,-0.141692,-0.118707,-0.176025,-0.01027,0.308841,-0.584168,-0.809112,0.063862,0.590861,-0.37016,0.716798,-0.555583,0.45748,0.694192,0.045509,-0.005379,0.030108,-0.059961,-0.056508,0.098816,-1.405482,0.039438,0.039358,-0.026716,0.615425,0.786433,0.052671,-0.66859,0.48548,0.563291,0.41742,-0.381878,0.824577,0.015875,-0.008701,0.019263,-0.119254,-0.002669,0.026394,-0.868504,0.072741,0.012581,-0.057237,0.706744,-0.487992,-0.512226,0.60585,0.791339,0.082022,0.365319,-0.368301,0.854924,0.024552,-0.001323,0.019338,0.100512,0.366503,0.110415,-0.32611
409,0.144197,-0.050764,0.336115,-0.633099,0.571967,-0.521617,-0.69204,-0.720088,0.050248,-0.346089,0.392077,0.852365,0.048828,0.006032,0.027428,0.264831,0.685067,0.057338,-0.121622,-0.174813,-0.011001,0.310022,-0.561548,-0.82443,0.070505,0.604627,-0.350821,0.715041,-0.564049,0.445195,0.695351,0.031593,-0.026935,0.028522,0.081533,-0.172555,-0.089411,-1.404821,0.040049,0.039011,-0.026115,0.593742,0.802844,0.053953,-0.682436,0.466899,0.562393,0.426323,-0.370736,0.825107,0.015359,-0.008457,0.009614,0.219984,-0.244654,-0.129196,-0.872912,0.073557,0.012614,-0.056586,0.720971,-0.485063,-0.494887,0.59122,0.803093,0.074161,0.361468,-0.346055,0.865785,0.024385,0.00294,0.013613,0.035296,0.275192,-0.153702,-0.327417
410,0.145112,-0.050647,0.33663,-0.638692,0.572213,-0.51448,-0.687341,-0.724789,0.04706,-0.345172,0.382964,0.856867,0.048694,0.015598,0.01727,0.138887,0.378778,-0.091092,-0.126307,-0.174218,-0.011465,0.310419,-0.551873,-0.830757,0.072594,0.608781,-0.342005,0.715787,-0.569112,0.440262,0.694366,0.030717,-0.019982,0.016038,-0.102611,-0.366001,-0.323907,-1.404756,0.040335,0.038784,-0.025917,0.585,0.809244,0.053825,-0.687119,0.459271,0.562971,0.430861,-0.366322,0.824721,0.015647,-0.015654,0.011659,-0.513972,-4.075156,-3.630762,-0.873239,0.074014,0.01267,-0.056323,0.726464,-0.485901,-0.485952,0.586323,0.807089,0.069508,0.358433,-0.33542,0.871216,0.024281,0.002491,0.013054,0.161364,0.404944,0.116677,-0.329213
411,0.146868,-0.050226,0.337506,-0.648792,0.574184,-0.499427,-0.681821,-0.730032,0.046321,-0.3372,0.369854,0.865755,0.048545,0.005979,0.02699,0.023707,0.142316,-0.005468,-0.139967,-0.173341,-0.012371,0.31088,-0.528607,-0.845371,0.076898,0.621177,-0.323636,0.713675,-0.577757,0.426084,0.69607,0.016159,-0.025169,0.011909,0.233118,-0.239768,-0.184178,-1.404727,0.040784,0.038325,-0.025687,0.562279,0.825263,0.052745,-0.699351,0.440514,0.562898,0.441305,-0.353393,0.82484,0.008067,-0.012814,0.005711,0.349946,-0.432659,-0.087136,-0.873076,0.07491,0.012886,-0.055879,0.736228,-0.486784,-0.470114,0.580255,0.811558,0.068382,0.348239,-0.323131,0.879951,0.024313,0.00839,0.009124,0.032129,0.071168,0.030693,-0.338684
412,0.148279,-0.049705,0.338221,-0.650892,0.576262,-0.494275,-0.680966,-0.730946,0.04444,-0.334875,0.364789,0.868801,0.032633,0.003543,0.024135,-0.034747,0.049753,-0.084226,-0.10148,-0.173166,-0.013055,0.311236,-0.511708,-0.855714,0.076804,0.627639,-0.311419,0.713458,-0.585942,0.414364,0.696303,0.000835,-0.011482,0.007762,-0.005267,-0.014327,-0.036083,-1.404792,0.040884,0.037957,-0.025515,0.544948,0.837089,0.048088,-0.707792,0.428512,0.561611,0.449512,-0.340085,0.826002,0.000413,-0.005702,0.003928,-0.033402,-0.002048,-0.038664,-0.8703,0.075634,0.013154,-0.055506,0.738288,-0.488351,-0.465235,0.579395,0.812305,0.066784,0.345299,-0.318861,0.882663,0.016285,0.001612,0.01187,-0.052109,0.021057,-0.094096,-0.331009
413,0.149215,-0.049539,0.338794,-0.656094,0.569596,-0.495122,-0.673719,-0.737655,0.044039,-0.339335,0.361754,0.868339,0.016341,-0.002849,0.017196,0.787109,-0.088045,-1.402915,-0.087599,-0.173377,-0.013704,0.311782,-0.504137,-0.860139,0.077451,0.634578,-0.308255,0.708677,-0.585041,0.407501,0.701095,-0.012876,-0.021948,0.017902,0.167906,-0.16118,-0.206593,-1.404721,0.040783,0.037641,-0.025249,0.538433,0.841346,0.047173,-0.713503,0.425402,0.556728,0.448333,-0.333419,0.829354,-0.006862,-0.005214,0.005092,0.310082,-0.230659,-0.210074,-0.871606,0.076097,0.013243,-0.055221,0.741787,-0.482125,-0.466161,0.572718,0.817066,0.066301,0.348919,-0.31616,0.882211,0.008176,-0.001672,0.008305,2.699984,-0.255883,-4.765491,-0.309455
414,0.149494,-0.04955,0.33901,-0.654852,0.570449,-0.495785,-0.674816,-0.736678,0.043596,-0.339556,0.362399,0.867984,0.01598,0.004549,0.004853,0.001883,-0.027098,0.055561,-0.081378,-0.173554,-0.014093,0.31212,-0.500503,-0.862506,0.074655,0.636514,-0.308307,0.706917,-0.586062,0.402417,0.703175,0.00169,-0.021034,0.017561,-0.100257,-0.630266,0.493993,-1.405097,0.040694,0.037455,-0.025086,0.53427,0.844054,0.046111,-0.71706,0.423648,0.553486,0.447637,-0.328775,0.831581,-0.006862,-0.004831,0.005492,0.057845,-0.073315,-0.133067,-0.874872,0.076236,0.013237,-0.055114,0.741565,-0.481809,-0.466839,0.57246,0.817283,0.065852,0.349812,-0.316081,0.881886,0.007968,0.002174,0.002306,0.00228,-0.027356,0.054477,-0.305536
415,0.149494,-0.049688,0.339135,-0.652598,0.573094,-0.495707,-0.676081,-0.735758,0.039332,-0.341374,0.360089,0.868232,-0.000433,-0.013628,0.00568,1.904424,-1.548666,1.133167,-0.071142,-0.17406,-0.014619,0.312793,-0.493289,-0.866967,0.070886,0.641556,-0.307719,0.702602,-0.586688,0.393154,0.707877,-0.013651,-0.006498,0.014267,0.071806,-0.078078,-0.085746,-1.404838,0.040442,0.037175,-0.024746,0.528463,0.848109,0.037903,-0.720089,0.42415,0.549151,0.449663,-0.3175,0.834862,-0.00684,-0.003341,0.007045,0.057072,-0.062484,-0.129033,-0.878138,0.076243,0.013177,-0.055042,0.740964,-0.484284,-0.465231,0.573816,0.81648,0.063986,0.348865,-0.314369,0.882873,-0.007867,-0.001259,-0.001348,-0.005583,0.0069,-0.032327,-0.295085
416,0.14906,-0.050024,0.338989,-0.653841,0.569416,-0.4983,-0.671507,-0.740141,0.035237,-0.347941,0.356939,0.866925,-0.016317,-0.007009,-0.007508,-0.001885,0.027077,-0.055571,-0.065578,-0.174645,-0.015083,0.313491,-0.480876,-0.874404,0.064561,0.647292,-0.304518,0.698725,-0.590691,0.378891,0.712312,-0.012828,-0.017274,0.022772,0.03525,-0.067252,-0.103577,-1.40491,0.040149,0.036948,-0.024398,0.517569,0.855154,0.028837,-0.725394,0.420661,0.544835,0.453788,-0.302908,0.838046,-0.006839,-0.003261,0.007124,0.058792,-0.078839,-0.103332,-0.872749,0.076031,0.013002,-0.055115,0.740497,-0.480913,-0.469452,0.569063,0.820294,0.0573,0.357533,-0.309578,0.881096,-0.000545,-0.009372,0.000101,-0.040611,0.026915,-0.047619,-0.290186
417,0.148774,-0.050212,0.338848,-0.653245,0.569186,-0.499343,-0.671003,-0.740682,0.033425,-0.350023,0.356183,0.866398,-0.016495,-0.00827,-0.008879,-0.001886,0.027074,-0.055572,-0.064715,-0.174973,-0.01526,0.313812,-0.475343,-0.877486,0.063707,0.65236,-0.303091,0.69462,-0.589601,0.372847,0.716393,-0.013654,-0.006511,0.014229,0.446573,-0.374117,-0.328578,-1.404751,0.039985,0.036858,-0.024232,0.513906,0.857405,0.027514,-0.72844,0.419219,0.541876,0.453072,-0.298516,0.840007,-0.006828,-0.002747,0.007655,-0.009427,-0.034975,-0.075338,-0.86883,0.075882,0.012902,-0.055191,0.739963,-0.480721,-0.470491,0.568525,0.82079,0.055509,0.35949,-0.308561,0.880656,-0.008275,-0.004376,-0.004693,-0.003967,0.028751,-0.057154,-0.287737
418,0.148136,-0.050501,0.338554,-0.654308,0.568477,-0.498758,-0.670204,-0.741373,0.034112,-0.349566,0.355878,0.866707,-0.016367,-0.007028,-0.007587,-0.001887,0.027073,-0.055573,-0.043697,-0.175657,-0.015144,0.314245,-0.471426,-0.879597,0.063705,0.656038,-0.301635,0.691783,-0.588671,0.369025,0.719132,-0.014394,0.006874,0.008382,0.099527,-0.082337,-0.062642,-1.404195,0.039644,0.03691,-0.024015,0.50867,0.860567,0.026015,-0.733088,0.417078,0.53724,0.451481,-0.292349,0.843027,-0.014492,0.00317,0.004555,0.103797,-0.076987,-0.10254,-0.867361,0.075568,0.012755,-0.055342,0.740888,-0.479896,-0.469875,0.567639,0.821359,0.056164,0.358983,-0.308331,0.880943,-0.008184,-0.00355,-0.003822,-0.001825,0.027095,-0.055793,-0.278266
419,0.147579,-0.050758,0.338246,-0.653479,0.569055,-0.499187,-0.670826,-0.740837,0.033537,-0.349925,0.356071,0.866483,-0.016277,-0.006135,-0.00666,-0.001888,0.027075,-0.055572,-0.035752,-0.176313,-0.014802,0.31448,-0.468908,-0.880801,0.065633,0.658935,-0.299512,0.68995,-0.58745,0.36788,0.720715,-0.000601,0.018624,-0.000416,0.338528,-0.275676,-0.132723,-1.404569,0.039316,0.037074,-0.023897,0.50717,0.861385,0.028146,-0.734521,0.41493,0.536946,0.450839,-0.292997,0.843146,-0.007191,0.003404,0.004149,0.413239,-0.341855,-0.243108,-0.866381,0.075289,0.012623,-0.055499,0.740161,-0.48057,-0.470332,0.56834,0.820911,0.055617,0.359373,-0.308474,0.880734,-0.008115,-0.002926,-0.003168,0.004416,-0.058245,0.123866,-0.267489
420,0.147193,-0.050971,0.338045,-0.651779,0.567814,-0.502809,-0.67079,-0.740905,0.032733,-0.353143,0.357904,0.86442,-0.015819,-0.002556,-0.002812,-0.003724,0.0096,-0.031884,-0.040236,-0.176466,-0.014431,0.314905,-0.468794,-0.880836,0.065975,0.659041,-0.299202,0.689983,-0.587422,0.368049,0.720652,0.000272,0.010433,0.010733,0.00186,-0.015088,0.024481,-1.404186,0.039233,0.037264,-0.023686,0.505685,0.862271,0.027755,-0.735933,0.414358,0.535452,0.450204,-0.291196,0.844109,0.000138,0.005565,0.005729,-0.001366,-0.011839,0.027248,-0.86932,0.075095,0.01251,-0.055606,0.738437,-0.479428,-0.474192,0.568305,0.82098,0.054949,0.362959,-0.310062,0.878704,-0.000246,-0.001877,-0.002023,0.008266,0.027945,-0.02342,-0.266019
