frame,MLTx,MLTy,MLTz,MLTR1,MLTR2,MLTR3,MLTR4,MLTR5,MLTR6,MLTR7,MLTR8,MLTR9,MLTTVx,MLTTVy,MLTTVz,MLTRVx,MLTRVy,MLTRVz,MLGA,MRTx,MRTy,MRTz,MRTR1,MRTR2,MRTR3,MRTR4,MRTR5,MRTR6,MRTR7,MRTR8,MRTR9,MRTTVx,MRTTVy,MRTTVz,MRTRVx,MRTRVy,MRTRVz,MRGA,SLTx,SLTy,SLTz,SLTR1,SLTR2,SLTR3,SLTR4,SLTR5,SLTR6,SLTR7,SLTR8,SLTR9,SLTTVx,SLTTVy,SLTTVz,SLTRVx,SLTRVy,SLTRVz,SLGA,SRTx,SRTy,SRTz,SRTR1,SRTR2,SRTR3,SRTR4,SRTR5,SRTR6,SRTR7,SRTR8,SRTR9,SRTTVx,SRTTVy,SRTTVz,SRTRVx,SRTRVy,SRTRVz,SRGA
148,0.079077,-0.002132,0.368716,-0.532789,0.565237,-0.629832,-0.667932,-0.737826,-0.097221,-0.519004,0.368179,0.771432,0.013455,-0.003002,-0.001943,0.000984,-0.014715,0.029553,-0.080999,-0.095858,0.025562,0.335326,0.541079,0.838613,-0.062881,-0.63954,0.459008,0.616631,0.545286,-0.294492,0.78473,0.012973,0.000387,0.015682,-0.031645,-0.025477,0.032491,-1.405795,0.046591,0.035718,-0.013,-0.480177,-0.87698,-0.018303,0.736805,-0.414573,0.534085,-0.47597,0.24297,0.845232,0.006462,0.000256,0.007885,-0.037045,-0.023035,0.033617,-0.837642,0.075943,0.022315,-0.05573,-0.336053,0.673677,-0.6582,-0.74433,-0.618165,-0.252674,-0.577097,0.405006,0.709174,0.013945,0.002159,-0.00653,0.036583,-0.047489,0.075022,-0.257365
149,0.079982,-0.002184,0.368482,-0.532268,0.569716,-0.626226,-0.668842,-0.736416,-0.101558,-0.518367,0.364077,0.773802,0.013552,-0.002702,-0.001713,0.017341,0.029443,0.051294,-0.098371,-0.095554,0.025553,0.335969,0.537878,0.840598,-0.063823,-0.642593,0.457953,0.614238,0.544868,-0.290436,0.78653,-0.000385,-0.001159,0.016137,0.172719,-0.13895,-0.096537,-1.405767,0.046748,0.035714,-0.012679,-0.477817,-0.878241,-0.01955,0.738707,-0.413746,0.532094,-0.475396,0.239802,0.846458,0.000742,-0.005817,0.012315,0.324767,-0.211973,-0.145344,-0.836009,0.076385,0.022291,-0.055846,-0.335538,0.678041,-0.653968,-0.74432,-0.616337,-0.257128,-0.577408,0.400486,0.711484,0.006801,-0.001285,-0.000816,0.016158,0.019503,0.042757,-0.265203
150,0.080743,-0.00217,0.368346,-0.535726,0.570677,-0.622391,-0.665122,-0.73924,-0.105395,-0.519583,0.356789,0.776377,0.01437,-0.000226,0.000239,0.038502,0.086908,0.079637,-0.101985,-0.095343,0.025557,0.336544,0.537812,0.840609,-0.064236,-0.641829,0.45778,0.615164,0.545831,-0.290678,0.785772,-0.000142,-0.002162,0.015296,-0.033792,-0.010232,0.003285,-1.405837,0.046857,0.03572,-0.012382,-0.476993,-0.878677,-0.020089,0.73876,-0.413212,0.532437,-0.476142,0.239128,0.84623,-8e-05,-0.001091,0.007636,-0.03677,-0.008503,0.004496,-0.836009,0.076774,0.022292,-0.055919,-0.339339,0.679293,-0.650699,-0.740498,-0.619496,-0.26055,-0.580095,0.393427,0.713234,0.007288,0.000189,0.000346,0.041858,0.076841,0.104554,-0.272551
151,0.08106,-0.002152,0.368343,-0.535901,0.572674,-0.620403,-0.665448,-0.738696,-0.107141,-0.518986,0.354712,0.777727,0.014633,0.000588,0.000878,0.159555,0.415314,0.241524,-0.102339,-0.095284,0.025566,0.336798,0.541223,0.838374,-0.064799,-0.640688,0.461184,0.61381,0.543795,-0.291753,0.786785,0.000199,-0.003559,0.014149,-0.018516,-0.019762,-0.004074,-1.405748,0.046886,0.035726,-0.012248,-0.480639,-0.876682,-0.020302,0.737794,-0.41679,0.530984,-0.473966,0.240233,0.847138,0.000115,-0.001883,0.006989,-0.044396,-0.013205,-0.007002,-0.836989,0.076938,0.022301,-0.05592,-0.339177,0.67995,-0.650097,-0.740507,-0.619182,-0.261269,-0.580179,0.392785,0.71352,0.007365,0.000424,0.000525,0.215511,0.607566,0.359116,-0.274184
152,0.081565,-0.002106,0.368418,-0.535073,0.573187,-0.620644,-0.665943,-0.738171,-0.107686,-0.519206,0.354976,0.77746,0.01483,0.001222,0.00137,0.00183,-0.027623,0.055307,-0.102756,-0.095111,0.025538,0.337224,0.546141,0.835148,-0.065182,-0.63732,0.464873,0.614532,0.542829,-0.295136,0.78619,0.000882,-0.006343,0.011874,-0.0458,0.096653,0.096216,-1.405756,0.046972,0.035718,-0.012042,-0.485371,-0.874078,-0.020068,0.734941,-0.420327,0.532153,-0.473578,0.243542,0.84641,0.005909,0.003821,0.002217,-0.115215,1.028691,1.339992,-0.837152,0.077186,0.022325,-0.055882,-0.338654,0.681396,-0.648853,-0.740719,-0.618313,-0.262722,-0.580213,0.391646,0.714118,0.007284,0.000219,0.000367,-0.000329,-0.018518,0.027591,-0.275654
153,0.081889,-0.002,0.368561,-0.539833,0.569697,-0.619735,-0.662134,-0.741925,-0.105342,-0.519145,0.352767,0.778505,0.002027,0.006159,0.004852,0.000817,-0.012984,0.025716,-0.102686,-0.094853,0.025362,0.337601,0.552879,0.830622,-0.066199,-0.63495,0.471542,0.611899,0.538767,-0.297324,0.788157,0.00151,-0.008892,0.009804,-0.014624,-0.008465,-0.031398,-1.406022,0.0471,0.03563,-0.011848,-0.493002,-0.869791,-0.020294,0.732676,-0.427637,0.529444,-0.469184,0.246148,0.848101,0.007244,-0.002976,0.005235,-0.040639,-0.019062,-0.008202,-0.836989,0.077352,0.022374,-0.055814,-0.343934,0.678629,-0.648976,-0.737933,-0.622734,-0.26011,-0.580658,0.38944,0.714963,0.007674,0.001417,0.001309,0.001725,-0.027585,0.055943,-0.27598
154,0.081969,-0.001888,0.36865,-0.541422,0.569232,-0.618775,-0.662516,-0.741925,-0.102913,-0.516999,0.353517,0.779593,0.002076,0.006313,0.004967,0.000689,-0.012892,0.025626,-0.102515,-0.094727,0.025216,0.337788,0.554724,0.829314,-0.067165,-0.635574,0.474584,0.608893,0.536131,-0.296128,0.790402,0.001595,-0.009234,0.009528,0.063873,-0.057534,-0.069023,-1.405977,0.047164,0.035555,-0.011756,-0.495227,-0.868508,-0.021037,0.733105,-0.430768,0.526302,-0.46616,0.245216,0.850036,0.007284,-0.003134,0.005108,0.055568,-0.078871,-0.054353,-0.836825,0.077392,0.022431,-0.055768,-0.345739,0.67837,-0.648288,-0.738718,-0.622794,-0.257726,-0.578584,0.389796,0.716448,0.000996,0.003033,0.002381,0.004052,-0.003056,0.003123,-0.276143
155,0.081993,-0.001649,0.368836,-0.54477,0.568195,-0.616786,-0.663159,-0.742026,-0.097926,-0.512641,0.354969,0.781807,0.001637,0.00498,0.003909,-0.175966,0.125267,-0.123035,-0.10148,-0.09449,0.024945,0.338156,0.560059,0.82555,-0.069237,-0.63464,0.481382,0.604514,0.531671,-0.295668,0.79358,-0.000585,0.002366,0.00192,-0.282579,3.278369,4.337938,-1.405925,0.047284,0.035412,-0.011571,-0.495829,-0.868114,-0.023039,0.734781,-0.43352,0.521686,-0.462871,0.241739,0.852825,0.007205,-0.002797,0.005379,0.055241,-0.092436,-0.029777,-0.835356,0.077406,0.022555,-0.055672,-0.349281,0.677811,-0.646973,-0.740119,-0.623012,-0.253139,-0.574653,0.39042,0.719267,0.000954,0.002906,0.002279,-0.649449,0.448241,-0.426386,-0.275817
156,0.081974,-0.00155,0.369003,-0.544745,0.568244,-0.616763,-0.66328,-0.741931,-0.097821,-0.512511,0.355088,0.781839,0.000975,0.002967,0.002326,0.000819,-0.012979,0.025718,-0.099419,-0.094145,0.024652,0.338519,0.578433,0.812557,-0.071819,-0.626676,0.499141,0.598389,0.521335,-0.302149,0.797984,0.001759,-0.009874,0.009019,0.25819,0.096445,0.218667,-1.405975,0.04745,0.035274,-0.011395,-0.519793,-0.853994,-0.022513,0.724817,-0.454809,0.517481,-0.452165,0.252666,0.855397,0.000753,-0.004521,0.00461,0.168647,2.973858,4.198044,-0.836825,0.077397,0.022606,-0.055587,-0.349396,0.677826,-0.646895,-0.740283,-0.622924,-0.252873,-0.574371,0.390533,0.719431,-0.000137,-0.004151,0.005366,-0.034586,0.017716,-0.015729,-0.274184
157,0.08196,-0.001592,0.369125,-0.544717,0.56832,-0.616718,-0.66348,-0.741778,-0.097633,-0.512283,0.355286,0.781898,0.000241,0.000733,0.000574,0.0,0.0,0.0,-0.103871,-0.093912,0.0243,0.338913,0.591728,0.802689,-0.074431,-0.621199,0.513006,0.592343,0.512896,-0.305285,0.802248,0.00153,-0.008947,0.009777,0.146617,-0.10711,-0.104818,-1.405776,0.047573,0.03509,-0.011193,-0.53469,-0.844715,-0.023709,0.719915,-0.470028,0.51068,-0.442523,0.255987,0.859443,0.000752,-0.004441,0.004921,0.117301,-0.101803,-0.111697,-0.834539,0.077391,0.022587,-0.055525,-0.349338,0.677905,-0.646843,-0.740496,-0.622733,-0.25272,-0.574132,0.3907,0.719531,0.000113,0.000347,0.000275,-8e-05,-1.9e-05,0.000101,-0.275163
158,0.081944,-0.001651,0.369181,-0.54461,0.568424,-0.616716,-0.663663,-0.741622,-0.097568,-0.51216,0.355444,0.781907,-0.000936,-0.010323,0.00915,-0.034612,0.017856,-0.015964,-0.107829,-0.093809,0.02416,0.339135,0.598443,0.797528,-0.076198,-0.618114,0.520256,0.589239,0.508814,-0.306537,0.804367,0.014121,-0.004324,0.011797,0.128518,-0.219581,0.132919,-1.405921,0.04762,0.035019,-0.011089,-0.541804,-0.840148,-0.024459,0.717165,-0.477278,0.507817,-0.438316,0.257596,0.861117,0.000628,-0.003947,0.005324,0.107679,-0.096938,-0.107666,-0.833396,0.077383,0.022561,-0.0555,-0.349201,0.677994,-0.646824,-0.740653,-0.622555,-0.252699,-0.574012,0.39083,0.719556,-2.9e-05,-8e-05,-6e-05,0.00562,-0.089505,0.177614,-0.276797
159,0.081922,-0.001764,0.369273,-0.54461,0.568493,-0.616653,-0.663877,-0.741463,-0.097325,-0.511883,0.355666,0.781988,-1e-06,-5e-06,-4e-06,0.0,0.0,0.0,-0.108601,-0.093684,0.023957,0.339646,0.620828,0.779942,-0.079077,-0.605669,0.541376,0.583105,0.496807,-0.3151,0.808553,0.000338,-0.004159,0.013654,0.091149,-0.087566,-0.054743,-1.406042,0.047688,0.034916,-0.010835,-0.565628,-0.82429,-0.024701,0.705713,-0.499323,0.502638,-0.426653,0.266874,0.864143,0.006709,-0.000773,0.007036,0.081619,-0.108113,-0.039545,-0.831763,0.077371,0.022498,-0.055452,-0.349216,0.678057,-0.64675,-0.74089,-0.622373,-0.252453,-0.573697,0.39101,0.719709,-8e-06,-2.3e-05,-1.9e-05,-4.4e-05,-2e-06,5.5e-05,-0.279409
160,0.081922,-0.001831,0.369377,-0.544717,0.568487,-0.616564,-0.663999,-0.741391,-0.097042,-0.511611,0.355826,0.782093,-0.000642,-0.009431,0.009851,-0.034616,0.017843,-0.015971,-0.109287,-0.093642,0.023785,0.340256,0.650137,0.75538,-0.081933,-0.587924,0.568568,0.575334,0.480352,-0.326832,0.813822,0.001874,-0.013125,0.023414,0.138328,0.740471,1.179838,-1.405959,0.047708,0.034834,-0.010533,-0.596044,-0.8026,-0.023757,0.689517,-0.526776,0.497064,-0.411458,0.279891,0.867388,-0.000218,-0.000753,0.00768,0.000587,2.902027,4.364603,-0.833233,0.077371,0.022467,-0.055406,-0.349317,0.678066,-0.646686,-0.741035,-0.622298,-0.252214,-0.573449,0.391114,0.71985,0.000224,0.00068,0.000531,-3.5e-05,4e-06,3.7e-05,-0.280226
161,0.081936,-0.00186,0.369444,-0.544729,0.568514,-0.616528,-0.664098,-0.741319,-0.096912,-0.511469,0.355933,0.782137,0.000479,0.001457,0.001141,0.0,0.0,0.0,-0.10978,-0.093652,0.023716,0.340597,0.656277,0.749912,-0.083209,-0.584439,0.575126,0.572359,0.476239,-0.327945,0.815789,-0.00062,-0.000313,0.016734,0.167459,-0.149544,-0.065619,-1.406069,0.047705,0.034793,-0.010362,-0.603644,-0.796884,-0.024263,0.685818,-0.534548,0.493873,-0.40653,0.281484,0.869194,-0.000179,-0.000708,0.007938,0.201127,-0.159796,-0.108997,-0.834213,0.077377,0.022448,-0.055369,-0.349347,0.678091,-0.646644,-0.741154,-0.622215,-0.252069,-0.573277,0.391203,0.719939,-0.000162,-0.004231,0.005305,-0.034653,0.017843,-0.015952,-0.280389
162,0.081939,-0.001969,0.369631,-0.545367,0.57033,-0.614283,-0.664524,-0.740805,-0.097915,-0.510236,0.354093,0.783776,-0.000682,-0.009555,0.009756,-0.033421,0.021103,-0.014373,-0.116168,-0.093717,0.02355,0.341288,0.675775,0.732038,-0.086258,-0.572105,0.594824,0.564636,0.463783,-0.333145,0.820843,-0.013243,-0.00474,0.014864,0.09786,-0.002345,0.028136,-1.405937,0.04767,0.034716,-0.010005,-0.624356,-0.780739,-0.024993,0.674525,-0.555,0.486816,-0.393947,0.287088,0.873146,-0.006623,-0.002393,0.007428,0.043199,0.012936,0.019791,-0.839928,0.077379,0.022396,-0.055273,-0.350089,0.679984,-0.64425,-0.741335,-0.621548,-0.253178,-0.57259,0.388971,0.721693,-0.000352,-0.004802,0.004859,-0.038352,0.004248,-0.024524,-0.283165
163,0.08194,-0.002154,0.369848,-0.545427,0.570431,-0.614137,-0.664915,-0.740524,-0.097385,-0.509662,0.354518,0.783956,0.000181,0.000551,0.000431,0.0,1e-06,0.0,-0.118306,-0.09375,0.023401,0.34186,0.690597,0.71769,-0.089374,-0.562778,0.611015,0.556664,0.453242,-0.335042,0.825942,0.00046,-0.004642,0.013232,-0.028148,0.829783,1.275165,-1.406,0.047653,0.034647,-0.009721,-0.63919,-0.768596,-0.02635,0.666525,-0.570745,0.479577,-0.38364,0.288978,0.877103,-2.2e-05,-0.001645,0.006935,-0.388537,2.950785,4.485129,-0.840744,0.07738,0.022303,-0.055165,-0.350135,0.679967,-0.644243,-0.741755,-0.621282,-0.252601,-0.572017,0.389426,0.721902,-0.000367,-0.004846,0.004825,-0.034799,0.017412,-0.016151,-0.285451
164,0.081962,-0.002287,0.369978,-0.545351,0.570565,-0.614079,-0.665232,-0.740273,-0.097124,-0.50933,0.354824,0.784034,0.000489,0.001488,0.001164,0.000841,-0.0129,0.025757,-0.118847,-0.093794,0.023387,0.342019,0.693519,0.714784,-0.090031,-0.560823,0.614218,0.55511,0.4512,-0.335393,0.826917,-0.014037,0.001286,0.002719,0.009679,0.007858,-0.03472,-1.405936,0.047635,0.03464,-0.009636,-0.643367,-0.7651,-0.026458,0.663909,-0.574818,0.478338,-0.381185,0.290182,0.877776,-0.000551,0.002196,0.001764,-0.033883,-0.007663,0.013712,-0.840091,0.07739,0.022234,-0.055102,-0.350069,0.680075,-0.644164,-0.742064,-0.62101,-0.252358,-0.571656,0.389669,0.722056,-0.000452,-0.005105,0.004624,-0.03469,0.017729,-0.01597,-0.286104
165,0.082025,-0.002543,0.370283,-0.545969,0.572472,-0.611751,-0.665939,-0.739546,-0.097818,-0.507743,0.353266,0.785765,-0.000393,-0.008679,0.010448,-0.034183,0.019011,-0.015402,-0.120292,-0.094063,0.023441,0.342043,0.692082,0.716168,-0.090092,-0.563031,0.613856,0.553272,0.450658,-0.333093,0.828142,-0.013115,-0.002408,-0.000233,-0.001925,0.01513,-0.029301,-1.406304,0.0475,0.034669,-0.009622,-0.641899,-0.766328,-0.026566,0.665709,-0.57414,0.476648,-0.380522,0.288275,0.878692,-0.001023,0.005508,-0.004063,0.03079,-0.00122,0.024012,-0.839928,0.077417,0.022111,-0.054952,-0.350773,0.682022,-0.641718,-0.742525,-0.62012,-0.253191,-0.570625,0.38768,0.723941,-7.1e-05,-0.003943,0.005534,-0.037866,0.006453,-0.022935,-0.287737
166,0.082008,-0.002692,0.370464,-0.547183,0.576007,-0.607332,-0.666528,-0.7387,-0.100171,-0.505662,0.349271,0.788888,-0.013597,0.002458,0.001542,0.035527,0.114455,0.01895,-0.117579,-0.094483,0.023687,0.341767,0.694243,0.713998,-0.090691,-0.559015,0.61442,0.556707,0.452327,-0.336697,0.825772,-0.016959,0.018738,-0.01721,-0.038841,0.074045,0.064422,-1.405976,0.047293,0.03478,-0.009757,-0.644135,-0.764438,-0.026883,0.662181,-0.574874,0.480661,-0.38289,0.291809,0.876494,-0.00743,0.003746,-0.004624,-0.0949,0.099852,0.054592,-0.841397,0.077419,0.022036,-0.054856,-0.352087,0.685499,-0.637279,-0.742653,-0.619004,-0.255536,-0.569648,0.383307,0.727032,-0.000588,-0.005521,0.004302,0.007619,0.131728,0.038615,-0.287737
167,0.081992,-0.002722,0.370401,-0.547862,0.577648,-0.605157,-0.66656,-0.738482,-0.101549,-0.504882,0.347016,0.79038,-0.000369,-0.001125,-0.00088,0.009947,0.027148,0.013204,-0.118346,-0.094913,0.024218,0.341268,0.693766,0.714382,-0.091314,-0.556716,0.61253,0.561078,0.455873,-0.339326,0.82274,-0.003767,0.020842,-0.017198,0.03812,0.011199,0.057498,-1.405879,0.047071,0.035051,-0.010014,-0.644115,-0.764437,-0.027382,0.65985,-0.573385,0.485619,-0.386927,0.294727,0.873741,-0.001857,0.010345,-0.008649,0.091012,-0.000897,0.066553,-0.84303,0.077406,0.02202,-0.054888,-0.352942,0.687225,-0.634942,-0.7424,-0.618709,-0.256981,-0.569449,0.380682,0.728565,0.000225,0.004428,-0.005155,0.037313,-0.016657,0.01301,-0.28741
168,0.081989,-0.002704,0.370351,-0.547841,0.577637,-0.605186,-0.666497,-0.738526,-0.101651,-0.504988,0.346943,0.790344,-0.000188,-0.000574,-0.000449,0.000145,0.000397,0.000193,-0.121171,-0.095206,0.02456,0.340898,0.692207,0.716077,-0.089868,-0.557337,0.60965,0.563592,0.457482,-0.340942,0.821177,-0.016406,0.01661,-0.018884,0.011425,-0.209903,-0.346494,-1.405892,0.046931,0.035218,-0.010191,-0.642548,-0.765799,-0.026132,0.660343,-0.57072,0.488082,-0.388687,0.29636,0.872406,-0.001629,0.009402,-0.009414,0.143547,-0.883875,-1.284076,-0.843357,0.077404,0.022027,-0.054914,-0.352899,0.687025,-0.635182,-0.742309,-0.618839,-0.256932,-0.569595,0.380831,0.728373,-8.8e-05,-0.000272,-0.000214,-0.002119,-0.00681,-0.003903,-0.288064
169,0.081995,-0.002618,0.370263,-0.547559,0.577753,-0.605331,-0.666479,-0.738486,-0.102057,-0.505318,0.346835,0.790181,-0.0,-1e-06,-1e-06,0.0,0.0,0.0,-0.125576,-0.095851,0.025314,0.340019,0.683189,0.725158,-0.085964,-0.562063,0.597483,0.571868,0.465187,-0.343295,0.815851,-0.015934,0.014765,-0.020337,-0.212427,0.182221,0.147208,-1.405368,0.046602,0.035601,-0.010638,-0.631891,-0.7747,-0.023487,0.665499,-0.557854,0.495892,-0.39727,0.29772,0.868066,-0.007911,0.007215,-0.010284,-0.197139,0.183269,0.154531,-0.84352,0.077407,0.02207,-0.054959,-0.352569,0.687057,-0.635331,-0.742223,-0.618795,-0.257287,-0.569911,0.380846,0.728118,9e-06,2.6e-05,2e-05,-0.000169,-0.000203,7.7e-05,-0.290839
170,0.081954,-0.002506,0.370181,-0.547469,0.577745,-0.60542,-0.666335,-0.738576,-0.102348,-0.505605,0.346657,0.790076,0.000895,0.010206,-0.009253,0.034633,-0.017784,0.016,-0.128716,-0.096424,0.0261,0.338991,0.671208,0.7367,-0.082119,-0.567914,0.582408,0.581556,0.475405,-0.344641,0.809368,-0.017538,0.024162,-0.029698,-0.423746,0.080655,-0.121472,-1.405449,0.046328,0.035979,-0.011133,-0.61902,-0.785076,-0.021664,0.671618,-0.543456,0.503571,-0.407115,0.297171,0.863681,-0.008785,0.011909,-0.015203,0.360563,-3.059154,-4.335102,-0.84352,0.077386,0.022123,-0.054996,-0.35248,0.687039,-0.6354,-0.742063,-0.618885,-0.257532,-0.570175,0.380732,0.727971,-1.8e-05,-5.5e-05,-4.1e-05,-9e-05,-5.1e-05,0.000107,-0.293126
171,0.081913,-0.002465,0.370135,-0.547498,0.577699,-0.605439,-0.666228,-0.73866,-0.102434,-0.505715,0.346555,0.79005,-8.2e-05,-0.000249,-0.000195,0.0,0.0,0.0,-0.131141,-0.096677,0.026531,0.338459,0.660996,0.745979,-0.081185,-0.575094,0.573245,0.583602,0.481051,-0.340014,0.807987,-0.00458,0.027035,-0.029053,-0.018228,-0.187854,-0.284387,-1.405496,0.046197,0.036188,-0.011397,-0.609503,-0.792496,-0.021327,0.676618,-0.534025,0.506954,-0.413149,0.29456,0.861708,-0.007792,0.006502,-0.011076,0.322746,-3.081582,-4.349883,-0.841397,0.077366,0.022147,-0.055022,-0.352493,0.687002,-0.635433,-0.741948,-0.61898,-0.257634,-0.570316,0.380644,0.727906,-4.8e-05,-0.000144,-0.000112,-7.8e-05,-4.1e-05,8.6e-05,-0.294432
172,0.081845,-0.002414,0.370031,-0.547582,0.577594,-0.605463,-0.666014,-0.738835,-0.102571,-0.505907,0.346358,0.790014,-0.00044,-0.001337,-0.001047,0.0,0.0,0.0,-0.140747,-0.097064,0.027405,0.337404,0.642826,0.762034,-0.077913,-0.585473,0.554496,0.591345,0.493008,-0.33548,0.802657,-0.017366,0.023555,-0.030127,-0.437596,0.078633,-0.113393,-1.405143,0.045995,0.036645,-0.011946,-0.587816,-0.808719,-0.021095,0.688377,-0.513704,0.512098,-0.42498,0.286499,0.858667,-0.008651,0.01173,-0.015079,-0.369382,0.058708,-0.10891,-0.836989,0.077333,0.022174,-0.055073,-0.352584,0.686914,-0.635478,-0.741744,-0.619177,-0.257749,-0.570525,0.380484,0.727827,-0.000278,-0.000851,-0.000666,-4.8e-05,-3.5e-05,6.5e-05,-0.298351
173,0.081803,-0.002354,0.369947,-0.547586,0.577543,-0.605508,-0.66586,-0.73895,-0.102744,-0.506104,0.346199,0.789957,-0.000407,-0.001237,-0.000968,0.0,0.0,0.0,-0.154846,-0.097263,0.02826,0.336361,0.613653,0.786297,-0.071825,-0.60493,0.526793,0.597062,0.506522,-0.323934,0.798977,-0.002257,0.014722,-0.021972,-0.190368,-0.109501,-0.237151,-1.405165,0.045896,0.037072,-0.012468,-0.557139,-0.830217,-0.018285,0.705278,-0.484689,0.517357,-0.438381,0.275344,0.855573,-0.001094,0.007311,-0.011001,-0.197869,-0.108982,-0.238801,-0.841234,0.077311,0.022204,-0.055115,-0.352588,0.686867,-0.635526,-0.741585,-0.619302,-0.257904,-0.57073,0.380363,0.727729,-0.000219,-0.000667,-0.00052,-2.9e-05,3e-06,5.3e-05,-0.307495
174,0.08164,-0.002285,0.369906,-0.547862,0.577339,-0.605453,-0.665595,-0.739197,-0.102677,-0.506154,0.346011,0.790008,-0.000116,-0.000352,-0.000276,0.0,0.0,0.0,-0.162486,-0.097332,0.028851,0.335464,0.600255,0.798076,-0.052538,-0.617794,0.504507,0.603107,0.507065,-0.33057,0.795909,-0.001928,0.013351,-0.02307,-0.075522,0.29555,-0.066825,-1.404952,0.045862,0.037363,-0.012907,-0.54099,-0.841028,-0.000789,0.716716,-0.461516,0.5228,-0.440054,0.282264,0.852454,-0.000921,0.00658,-0.011595,0.070499,0.766631,-0.507717,-0.84303,0.077229,0.022237,-0.055137,-0.352894,0.686707,-0.63553,-0.741374,-0.619591,-0.257818,-0.570814,0.380183,0.727757,-6.3e-05,-0.000195,-0.000149,-2.4e-05,4e-06,3.5e-05,-0.31468
175,0.081492,-0.002282,0.369918,-0.548092,0.577201,-0.605375,-0.665477,-0.739328,-0.102501,-0.50606,0.345961,0.79009,-0.013737,0.002038,0.001207,-0.000984,0.014715,-0.029553,-0.165625,-0.09722,0.028965,0.335109,0.595784,0.801786,-0.046605,-0.620547,0.49653,0.606888,0.508975,-0.333667,0.793394,0.000292,0.001459,-0.015762,-0.292457,-0.845128,-0.947906,-1.40525,0.045917,0.037424,-0.013087,-0.536337,-0.84399,0.004691,0.71951,-0.454312,0.525266,-0.441188,0.285095,0.850924,0.006609,0.002123,-0.007826,-0.33548,-3.038842,-4.111471,-0.845806,0.077161,0.022239,-0.055131,-0.353128,0.686613,-0.635501,-0.741314,-0.619732,-0.257651,-0.570747,0.380123,0.727841,-0.000219,-0.000665,-0.000517,-2.5e-05,-2e-05,1.7e-05,-0.317782
176,0.081267,-0.00233,0.369927,-0.546888,0.577458,-0.606219,-0.664955,-0.7395,-0.104629,-0.508044,0.345165,0.789164,-0.00161,-0.012342,0.007576,-0.034615,0.017848,-0.015969,-0.169096,-0.096784,0.028912,0.334659,0.577314,0.815581,-0.039079,-0.632375,0.477015,0.610322,0.515672,-0.328666,0.791154,0.014974,-0.005533,-0.006206,-0.127247,-0.0099,-0.04879,-1.405616,0.046125,0.037399,-0.013317,-0.515904,-0.85659,0.009818,0.729934,-0.433565,0.528409,-0.448373,0.279775,0.848932,0.006414,0.003037,-0.006882,-0.068053,-1.038499,-1.033082,-0.84352,0.077044,0.022217,-0.055125,-0.351799,0.686713,-0.63613,-0.740478,-0.619888,-0.259672,-0.57265,0.379689,0.726572,-0.000829,-0.006244,0.003735,-0.035105,0.018151,-0.016254,-0.321701
177,0.081092,-0.002387,0.369917,-0.54695,0.575359,-0.608156,-0.664494,-0.74018,-0.102731,-0.508578,0.347207,0.787923,-0.014042,0.001143,0.000501,-0.001615,0.013005,-0.030388,-0.171931,-0.096287,0.028784,0.334609,0.538306,0.841948,-0.036645,-0.655134,0.445555,0.610094,0.529308,-0.305474,0.791443,0.01515,-0.00889,0.008034,-0.028655,-0.101016,-0.109777,-1.405401,0.046388,0.037321,-0.013354,-0.474826,-0.880049,0.007331,0.750194,-0.40038,0.526216,-0.460161,0.255361,0.850318,0.007503,-0.004129,0.004288,-0.027562,-0.101795,-0.115131,-0.844173,0.076961,0.022186,-0.055131,-0.351813,0.684667,-0.638324,-0.740444,-0.620745,-0.257715,-0.572686,0.381976,0.725344,-0.00037,-0.001116,-0.000872,0.003328,0.011863,0.007408,-0.324804
178,0.081016,-0.00242,0.369889,-0.547197,0.575206,-0.608078,-0.664352,-0.740331,-0.102561,-0.508498,0.347137,0.788005,-0.000706,-0.002128,-0.00167,-9e-06,-2.5e-05,-1.2e-05,-0.172992,-0.09603,0.028804,0.334694,0.523356,0.85144,-0.033764,-0.664032,0.432481,0.609882,0.533212,-0.297842,0.791731,0.012322,0.005418,0.002693,0.004792,-0.038821,0.042843,-1.40561,0.046516,0.037331,-0.013311,-0.45885,-0.888473,0.008391,0.758079,-0.386548,0.525257,-0.463433,0.247375,0.850901,0.0061,0.002969,0.00157,0.003198,-0.038332,0.039695,-0.840744,0.076918,0.022171,-0.055144,-0.352125,0.684626,-0.638196,-0.740353,-0.620906,-0.257589,-0.572613,0.381787,0.725502,-0.000437,-0.001317,-0.00103,0.000622,0.002041,0.001164,-0.325457
179,0.080898,-0.002481,0.369838,-0.547225,0.575188,-0.608069,-0.664335,-0.740349,-0.102541,-0.508489,0.347129,0.788015,-0.01397,0.001381,0.000684,-0.000984,0.014715,-0.029553,-0.177373,-0.095774,0.028847,0.334948,0.482306,0.875574,-0.027233,-0.686084,0.397017,0.60959,0.543938,-0.276432,0.792199,-0.001271,0.005177,0.004209,0.001222,-0.027355,-0.035549,-1.405334,0.046643,0.037357,-0.013181,-0.415483,-0.909546,0.00992,0.7773,-0.349366,0.523207,-0.472415,0.225095,0.852147,-0.000699,0.002841,0.002331,-0.000921,-0.025198,-0.037918,-0.844663,0.076864,0.022138,-0.055171,-0.352138,0.684635,-0.638178,-0.740349,-0.620908,-0.257594,-0.572609,0.381766,0.725515,-0.000309,-0.000929,-0.000729,3.8e-05,3.7e-05,-3.5e-05,-0.328886
180,0.080868,-0.002547,0.3698,-0.547297,0.575149,-0.608042,-0.664308,-0.740382,-0.102473,-0.508446,0.347124,0.788045,-0.000435,-0.001308,-0.001028,-0.0,-0.0,-0.0,-0.178759,-0.095591,0.029017,0.335299,0.445778,0.894941,-0.018801,-0.704872,0.36402,0.608752,0.551071,-0.259248,0.793079,-0.001825,0.007414,0.006011,0.003134,-0.042655,-0.011261,-1.405797,0.046735,0.037442,-0.013006,-0.376816,-0.926182,0.013992,0.793384,-0.314917,0.520929,-0.478069,0.207395,0.853484,0.005577,0.005028,0.003243,0.004931,-0.123497,-0.06463,-0.84597,0.076843,0.022106,-0.05519,-0.352243,0.684596,-0.638162,-0.74033,-0.620965,-0.257511,-0.572568,0.381745,0.725558,-0.000213,-0.000646,-0.000506,3e-05,1.5e-05,-2.2e-05,-0.330356
181,0.080861,-0.002567,0.369784,-0.547228,0.575191,-0.608064,-0.664348,-0.740339,-0.102521,-0.508469,0.347144,0.788022,-4.8e-05,-0.000145,-0.000114,-0.0,-0.0,-0.0,-0.182306,-0.095541,0.028946,0.335705,0.402724,0.915181,-0.015808,-0.721891,0.328313,0.609112,0.562122,-0.23505,0.792864,-0.000986,0.004003,0.003238,0.087574,-3.374451,-4.392433,-1.405297,0.046758,0.037416,-0.012795,-0.337756,-0.941151,0.012438,0.80599,-0.282375,0.520234,-0.486106,0.185737,0.853932,-0.006023,-0.004643,0.005589,-0.038459,-0.00257,-0.087319,-0.849888,0.076839,0.022095,-0.055199,-0.352166,0.684628,-0.638171,-0.740354,-0.620915,-0.257561,-0.572584,0.381768,0.725533,-1.2e-05,-3.7e-05,-2.8e-05,1.5e-05,1.8e-05,-1.2e-05,-0.331989
182,0.080872,-0.002561,0.369775,-0.547193,0.575208,-0.60808,-0.664353,-0.740329,-0.102563,-0.5085,0.347138,0.788004,-1e-06,-2e-06,-2e-06,-0.0,-0.0,-0.0,-0.183627,-0.095574,0.028824,0.335905,0.386223,0.922268,-0.015647,-0.727362,0.315068,0.609599,0.56665,-0.225226,0.792493,0.001196,-0.007609,0.010785,-0.028329,-0.298109,-0.415179,-1.405517,0.04674,0.037362,-0.012703,-0.316974,-0.948379,0.010212,0.811652,-0.265674,0.520228,-0.490661,0.173188,0.853965,0.000644,-0.003789,0.005097,0.042931,-3.370695,-4.384851,-0.848909,0.076845,0.022098,-0.055203,-0.352128,0.684639,-0.638179,-0.740351,-0.620903,-0.257602,-0.572613,0.381768,0.725511,1.3e-05,3.4e-05,2.4e-05,1e-06,-4e-06,-2.7e-05,-0.333132
183,0.080892,-0.002566,0.369773,-0.547153,0.575233,-0.608092,-0.664377,-0.740304,-0.102591,-0.508513,0.34715,0.787991,-5.3e-05,-0.000159,-0.000125,-0.0,-0.0,-0.0,-0.185896,-0.095645,0.028793,0.336294,0.362333,0.931911,-0.015748,-0.736042,0.296583,0.608453,0.571231,-0.210051,0.793371,0.000296,-0.003946,0.013737,-0.004321,-0.029043,-0.011888,-1.405241,0.046707,0.037335,-0.012505,-0.290912,-0.956723,0.007063,0.819293,-0.245297,0.518254,-0.494093,0.156554,0.855197,0.000126,-0.001924,0.006925,-0.032465,-0.019323,-0.016157,-0.849399,0.076855,0.022097,-0.055203,-0.352083,0.684658,-0.638184,-0.740365,-0.620874,-0.257632,-0.572622,0.381782,0.725496,-3.2e-05,-9.5e-05,-7.4e-05,4e-06,8e-06,-5e-06,-0.334928
184,0.080869,-0.002596,0.369736,-0.543726,0.578464,-0.6081,-0.66874,-0.736362,-0.102616,-0.506472,0.350142,0.787981,-0.000607,-0.001828,-0.001437,-0.000842,0.012899,-0.025758,-0.186759,-0.095715,0.028903,0.336691,0.337899,0.941061,-0.014829,-0.744617,0.277054,0.607224,0.57511,-0.195328,0.794328,-0.001758,0.007159,0.005755,0.012972,-0.209333,-0.573035,-1.405295,0.046672,0.037391,-0.012312,-0.267652,-0.963501,0.005204,0.825788,-0.226607,0.516451,-0.496422,0.142526,0.8563,-0.001014,0.004432,0.003235,0.078335,-3.392154,-4.365169,-0.84597,0.076845,0.022085,-0.055219,-0.348232,0.687333,-0.637422,-0.744061,-0.61627,-0.258036,-0.570181,0.384425,0.726023,-0.000115,-0.000347,-0.000272,-2.3e-05,-0.001161,-0.000724,-0.336071
185,0.080854,-0.002598,0.369707,-0.543771,0.578428,-0.608096,-0.668684,-0.736412,-0.10262,-0.506497,0.350098,0.787984,-0.000248,-0.000745,-0.000586,-0.0,-0.0,0.0,-0.186723,-0.095752,0.028947,0.33688,0.326508,0.94508,-0.014381,-0.747794,0.267715,0.607508,0.577575,-0.188799,0.794119,-0.001749,0.007126,0.005721,-0.012903,0.082055,-0.154222,-1.404979,0.046653,0.037414,-0.012216,-0.254271,-0.967123,0.004177,0.828563,-0.215609,0.516716,-0.498827,0.134847,0.856146,-0.000995,0.00401,0.003236,-0.00251,-0.102132,-0.09575,-0.846949,0.076836,0.022081,-0.055236,-0.348301,0.687288,-0.637432,-0.744004,-0.616346,-0.258019,-0.570213,0.384384,0.726019,-0.000177,-0.000533,-0.000419,8.4e-05,-0.00013,-0.000208,-0.336724
186,0.080831,-0.00262,0.369651,-0.543748,0.578427,-0.608117,-0.668652,-0.736432,-0.102688,-0.506564,0.350058,0.787959,-0.000199,-0.000598,-0.00047,-0.0,-0.0,-0.0,-0.187554,-0.095739,0.028949,0.337283,0.309275,0.950869,-0.013716,-0.752142,0.253533,0.608225,0.581423,-0.178995,0.793581,0.000689,-0.005541,0.012428,-0.035486,-0.022172,-0.056555,-1.405283,0.046658,0.037422,-0.012015,-0.236783,-0.971557,0.002998,0.831854,-0.201139,0.517262,-0.501947,0.124972,0.855821,0.000292,-0.002591,0.006369,-0.026596,-0.316837,-0.3927,-0.849562,0.076824,0.022069,-0.055264,-0.34828,0.687281,-0.637451,-0.74396,-0.616372,-0.258082,-0.570283,0.384354,0.72598,-0.000134,-0.000403,-0.000317,7.4e-05,3.1e-05,-8.2e-05,-0.337051
187,0.080788,-0.002666,0.369576,-0.543818,0.57837,-0.608109,-0.668566,-0.736508,-0.102693,-0.506602,0.349991,0.787965,-0.000581,-0.001748,-0.001377,-0.0,-0.0,-0.0,-0.186037,-0.09566,0.028594,0.337705,0.30309,0.952907,-0.00979,-0.757885,0.247381,0.603611,0.577219,-0.176735,0.797149,0.001949,-0.010677,0.008322,0.930798,2.006932,-2.025064,-1.405584,0.046697,0.037245,-0.01179,-0.231215,-0.972886,0.005676,0.83558,-0.195587,0.513372,-0.498342,0.123442,0.858146,0.001048,-0.005626,0.003931,1.095252,1.957169,-2.018982,-0.847112,0.076804,0.022048,-0.055301,-0.34836,0.687234,-0.637458,-0.743886,-0.616463,-0.25808,-0.570332,0.384292,0.725975,-0.000358,-0.001079,-0.00085,5e-05,1.3e-05,-6.1e-05,-0.337051
188,0.080752,-0.00274,0.36944,-0.543927,0.578274,-0.608102,-0.668414,-0.736643,-0.102724,-0.506686,0.349866,0.787966,-0.001181,-0.003552,-0.0028,-0.000839,0.012908,-0.025753,-0.183802,-0.095384,0.027992,0.338076,0.294195,0.955722,-0.006022,-0.767112,0.240005,0.594871,0.569599,-0.171598,0.803725,0.00269,-0.01368,0.005928,0.259813,0.0488,-0.283118,-1.40513,0.046834,0.036947,-0.011609,-0.221044,-0.975225,0.008641,0.844248,-0.186907,0.502304,-0.488245,0.118327,0.864646,0.001434,-0.007225,0.002655,0.435774,0.461441,-0.547118,-0.846786,0.076787,0.022015,-0.055366,-0.348463,0.687164,-0.637477,-0.743756,-0.616608,-0.25811,-0.570438,0.384186,0.725948,-0.000531,-0.001605,-0.001265,3.6e-05,2.5e-05,-2.4e-05,-0.336071
189,0.080744,-0.002787,0.369377,-0.543914,0.578272,-0.608115,-0.668391,-0.736658,-0.102768,-0.50673,0.349838,0.78795,-0.001174,-0.003529,-0.002784,-0.000839,0.012909,-0.025753,-0.184439,-0.095238,0.02766,0.338217,0.287773,0.957688,-0.003475,-0.774686,0.235033,0.586987,0.562599,-0.167439,0.809512,0.003276,-0.016049,0.004032,0.215945,-0.231426,0.006917,-1.404894,0.046907,0.036784,-0.011536,-0.213966,-0.976782,0.010695,0.850805,-0.180969,0.493336,-0.479946,0.114657,0.869772,0.008057,-0.006425,0.002453,0.193944,-0.264042,0.007343,-0.849725,0.076782,0.021988,-0.0554,-0.34847,0.687152,-0.637487,-0.743722,-0.616637,-0.258138,-0.570479,0.38416,0.72593,-0.00058,-0.00175,-0.001382,-0.000814,0.01292,-0.02578,-0.336071
190,0.080724,-0.002858,0.369269,-0.543979,0.578213,-0.608113,-0.668293,-0.736742,-0.102793,-0.506789,0.349757,0.787948,-0.000594,-0.001785,-0.00141,0.0,0.0,0.0,-0.185887,-0.094899,0.027005,0.338338,0.274067,0.9617,-0.003609,-0.790123,0.227426,0.569138,0.54781,-0.154347,0.822159,0.003949,-0.018745,0.001863,0.678552,-0.187764,-0.497378,-1.405093,0.047078,0.036448,-0.011475,-0.201011,-0.979544,0.009337,0.86258,-0.172476,0.475611,-0.464272,0.103657,0.879605,0.002011,-0.009534,0.000797,0.584479,-0.144378,-0.517301,-0.848093,0.076771,0.021949,-0.055456,-0.348542,0.687104,-0.637499,-0.743634,-0.616736,-0.258155,-0.570548,0.384088,0.725912,-0.000341,-0.001031,-0.000813,1.1e-05,1e-05,-2e-05,-0.336398
191,0.080689,-0.002852,0.369169,-0.544061,0.578124,-0.608124,-0.668125,-0.736883,-0.102877,-0.506922,0.349608,0.787928,-0.000279,-0.000839,-0.000663,0.0,0.0,0.0,-0.186313,-0.094743,0.026577,0.338279,0.290342,0.956904,-0.005233,-0.792829,0.243733,0.558524,0.535359,-0.159225,0.829398,0.001396,-0.005644,-0.004544,0.395609,-0.004903,-0.293461,-1.405203,0.047157,0.03623,-0.011509,-0.216953,-0.976138,0.00927,0.865615,-0.187982,0.464083,-0.451266,0.108708,0.885743,0.000821,-0.003339,-0.002681,0.708737,0.3835,-0.52402,-0.845153,0.076753,0.021952,-0.055507,-0.348635,0.687029,-0.637529,-0.743477,-0.616898,-0.258222,-0.570697,0.383963,0.725862,-0.000118,-0.000358,-0.000283,7e-06,1.4e-05,-1.2e-05,-0.336724
192,0.08069,-0.002828,0.369137,-0.540464,0.581415,-0.608195,-0.67251,-0.732858,-0.10306,-0.504975,0.35259,0.78785,-1.9e-05,-5.6e-05,-4.4e-05,-2e-06,-0.0,2e-06,-0.188217,-0.094718,0.026477,0.338197,0.296515,0.955002,-0.00643,-0.791097,0.249505,0.558433,0.534531,-0.161706,0.829452,0.00107,-0.004325,-0.003485,0.004924,-0.002998,-0.002318,-1.405468,0.04717,0.036177,-0.011552,-0.222315,-0.974935,0.008722,0.864895,-0.193077,0.463331,-0.450034,0.110549,0.886141,-0.005889,-0.003852,-0.002246,-0.034319,0.038155,-0.053762,-0.845806,0.076753,0.021963,-0.055523,-0.344618,0.689732,-0.636794,-0.747151,-0.612212,-0.258767,-0.568334,0.386606,0.726314,1.9e-05,5.1e-05,3.9e-05,-4.1e-05,-0.001372,-0.000832,-0.337214
193,0.080697,-0.002767,0.369094,-0.540465,0.58138,-0.608227,-0.672404,-0.732938,-0.103182,-0.505115,0.35248,0.787809,0.013479,-0.002923,-0.001894,0.000984,-0.014715,0.029553,-0.201631,-0.094835,0.02643,0.338062,0.296056,0.955151,-0.005302,-0.791478,0.248543,0.558321,0.534221,-0.162307,0.829534,6.8e-05,-0.000277,-0.000224,1e-06,-1e-06,-0.0,-1.405224,0.047113,0.036148,-0.011624,-0.221943,-0.975009,0.009871,0.865005,-0.19221,0.463488,-0.450008,0.111406,0.886047,-0.001029,0.005548,-0.004001,0.019946,0.102182,-0.142934,-0.84548,0.076753,0.021997,-0.055542,-0.344644,0.689679,-0.636837,-0.747026,-0.612326,-0.258858,-0.568481,0.386521,0.726243,1.3e-05,3.9e-05,3e-05,9.1e-05,9e-06,-0.000125,-0.343092
194,0.080702,-0.002729,0.369072,-0.540388,0.581407,-0.60827,-0.672387,-0.732936,-0.103305,-0.50522,0.352441,0.78776,0.0,0.0,0.0,0.0,0.0,0.0,-0.206069,-0.094828,0.026525,0.338122,0.300808,0.953675,-0.003173,-0.790503,0.251319,0.55846,0.533003,-0.166688,0.829449,-0.000692,0.002801,0.002258,-0.0,6.1e-05,9e-05,-1.405181,0.047117,0.036195,-0.011594,-0.22678,-0.973867,0.012417,0.864201,-0.19533,0.463682,-0.449139,0.115885,0.885914,0.000502,-0.003422,0.005722,-0.033275,-0.008939,0.007572,-0.845643,0.076761,0.022015,-0.055554,-0.344539,0.689703,-0.636868,-0.746994,-0.612309,-0.258991,-0.568588,0.386505,0.726168,-1e-06,0.0,1e-06,6.6e-05,4.1e-05,-5.3e-05,-0.349298
195,0.080703,-0.002721,0.369065,-0.540373,0.581411,-0.608279,-0.672381,-0.732938,-0.103333,-0.505244,0.35243,0.787749,0.0,0.0,0.0,0.0,0.0,0.0,-0.209946,-0.094826,0.026653,0.338398,0.300303,0.953837,-0.002153,-0.790565,0.250281,0.558838,0.533196,-0.167325,0.829197,0.011134,0.010256,0.006548,0.004279,-0.030356,0.053655,-1.405331,0.047114,0.036256,-0.011459,-0.226156,-0.973997,0.01353,0.864238,-0.194224,0.464077,-0.449382,0.116648,0.88569,8.9e-05,-0.001755,0.007056,-0.033797,-0.009261,0.005205,-0.846623,0.076761,0.022019,-0.055557,-0.344523,0.689705,-0.636875,-0.746982,-0.612312,-0.259017,-0.568612,0.386497,0.726153,0.0,0.0,-0.0,4.8e-05,9e-06,-5.7e-05,-0.35191
196,0.080704,-0.002714,0.369058,-0.536906,0.584605,-0.608289,-0.676702,-0.728947,-0.10336,-0.503174,0.355404,0.787739,0.0,0.0,0.0,-0.0,-0.0,0.0,-0.212299,-0.094798,0.026727,0.33859,0.300146,0.953887,-0.001905,-0.790483,0.249966,0.559095,0.533407,-0.167512,0.829024,0.000147,-0.003362,0.014222,-0.049239,0.094258,-0.16521,-1.405795,0.047131,0.036301,-0.011363,-0.226106,-0.974007,0.0136,0.864135,-0.194117,0.464314,-0.449605,0.116737,0.885565,0.005535,0.005225,0.003347,0.004277,-0.029516,0.055226,-0.847113,0.076761,0.022023,-0.055561,-0.340658,0.692323,-0.636112,-0.750622,-0.607682,-0.259399,-0.566143,0.389114,0.726685,0.000475,0.005159,-0.00458,0.03468,-0.018487,0.015452,-0.35387
197,0.080703,-0.002705,0.369039,-0.536894,0.584602,-0.608302,-0.676679,-0.728962,-0.103404,-0.503218,0.355377,0.787723,-5.4e-05,-0.000162,-0.000128,0.0,0.0,0.0,-0.212652,-0.094768,0.026782,0.339046,0.299329,0.954145,-0.000395,-0.790421,0.248318,0.559917,0.533958,-0.168495,0.828469,-0.000148,-0.002168,0.015163,-0.033831,-0.010253,0.003283,-1.405516,0.047146,0.036328,-0.011129,-0.225093,-0.974219,0.015126,0.86404,-0.192413,0.4652,-0.450296,0.117783,0.885076,-0.000104,-0.000988,0.007658,-0.033851,-0.009693,0.004329,-0.84499,0.076761,0.022027,-0.05557,-0.340648,0.692313,-0.636129,-0.750589,-0.607706,-0.259437,-0.566191,0.389095,0.726657,-3.1e-05,-0.0001,-7.9e-05,0.000121,3.2e-05,-0.000134,-0.355992
198,0.080706,-0.002657,0.368986,-0.536808,0.584619,-0.608361,-0.676622,-0.728989,-0.103585,-0.503385,0.355294,0.787653,0.000945,0.010316,-0.00916,0.034599,-0.0179,0.015943,-0.21405,-0.094663,0.026761,0.339558,0.304053,0.95265,0.001259,-0.788789,0.251133,0.560963,0.533697,-0.172761,0.827759,0.011394,0.009108,0.005588,-0.011069,0.073941,-0.114922,-1.405352,0.047192,0.036322,-0.010875,-0.229822,-0.973079,0.017224,0.86273,-0.195505,0.46634,-0.450419,0.122035,0.884437,0.000187,-0.002173,0.006707,-0.033272,-0.010138,0.005246,-0.845316,0.076762,0.022047,-0.055594,-0.340573,0.692315,-0.636167,-0.750516,-0.607734,-0.259583,-0.566334,0.389046,0.726572,4e-06,7e-06,5e-06,7.9e-05,4.8e-05,-8e-05,-0.356482
199,0.080709,-0.002626,0.368958,-0.536749,0.584635,-0.608399,-0.676596,-0.728998,-0.103696,-0.503484,0.35525,0.78761,-0.0,-0.0,-0.0,0.0,0.0,0.0,-0.215776,-0.094637,0.026644,0.33978,0.309138,0.95101,0.00223,-0.787214,0.254697,0.561568,0.533094,-0.176561,0.827345,0.000897,-0.006391,0.011777,-0.03383,-0.010255,0.003283,-1.405264,0.047209,0.036269,-0.010761,-0.234847,-0.971848,0.01888,0.861519,-0.199112,0.467052,-0.450145,0.125951,0.884027,0.000568,-0.003715,0.005479,-0.035796,0.00456,-0.020718,-0.843194,0.076764,0.022066,-0.055611,-0.340492,0.692324,-0.6362,-0.750461,-0.607745,-0.259716,-0.566456,0.389012,0.726495,3e-06,6e-06,6e-06,5.9e-05,2.7e-05,-6.3e-05,-0.357299
200,0.080728,-0.002544,0.368893,-0.536561,0.584697,-0.608504,-0.676551,-0.728996,-0.103999,-0.503744,0.35515,0.787488,0.0,1e-06,1e-06,0.0,0.0,0.0,-0.219127,-0.094555,0.026283,0.34016,0.316415,0.948614,0.001973,-0.786896,0.261432,0.558911,0.529271,-0.179601,0.829143,0.001718,-0.009708,0.009138,0.056733,-0.053306,-0.065404,-1.405259,0.04725,0.03609,-0.010569,-0.242528,-0.96995,0.019394,0.861433,-0.206112,0.464166,-0.446221,0.12928,0.885535,0.00733,-0.003453,0.00485,0.065563,-0.077805,-0.047558,-0.843684,0.076774,0.022108,-0.055643,-0.340284,0.692361,-0.636271,-0.750367,-0.607737,-0.260008,-0.566705,0.38896,0.726329,0.0,-3e-06,-1e-06,5.1e-05,1.9e-05,-5e-05,-0.359258
201,0.080753,-0.002469,0.368797,-0.536377,0.584748,-0.608617,-0.676474,-0.72902,-0.104336,-0.504043,0.355019,0.787356,-0.000322,-0.000966,-0.000764,0.0,0.0,0.0,-0.221034,-0.094379,0.025979,0.340447,0.320973,0.947084,-0.000657,-0.78948,0.268064,0.552084,0.522637,-0.177884,0.833709,0.001838,-0.010189,0.00876,0.267256,-0.185301,-0.165439,-1.405278,0.047338,0.035936,-0.010428,-0.248023,-0.968595,0.017502,0.863379,-0.212815,0.457478,-0.439386,0.128576,0.889048,0.000902,-0.005055,0.004414,0.392847,-0.246164,-0.18956,-0.844337,0.076787,0.022148,-0.055689,-0.340081,0.692388,-0.636351,-0.75024,-0.607756,-0.260329,-0.566995,0.388883,0.726144,-0.000219,-0.000665,-0.000525,-0.00078,0.012953,-0.025774,-0.361871
202,0.080778,-0.00242,0.368747,-0.536232,0.5848,-0.608695,-0.67645,-0.72901,-0.104558,-0.50423,0.354953,0.787266,-0.0,-0.0,-0.0,0.0,0.0,0.0,-0.225982,-0.094184,0.025823,0.340719,0.317827,0.948141,-0.002496,-0.79205,0.267069,0.548877,0.520674,-0.173671,0.835823,0.001361,-0.008261,0.010298,-0.028249,-0.013756,0.000634,-1.405149,0.047437,0.035853,-0.010295,-0.243936,-0.969673,0.015081,0.866022,-0.210809,0.45339,-0.436461,0.123659,0.891183,0.006272,0.002235,0.000938,-0.025634,-0.007426,0.023838,-0.8445,0.076798,0.02217,-0.055717,-0.339919,0.692421,-0.636402,-0.750179,-0.607739,-0.260544,-0.567172,0.388852,0.726022,0.006734,-0.001471,-0.000953,0.001015,-0.0147,0.029518,-0.364157
203,0.080789,-0.002414,0.368738,-0.536196,0.584816,-0.608711,-0.676455,-0.728999,-0.1046,-0.504261,0.354948,0.787249,-0.0,-0.0,-0.0,0.0,0.0,0.0,-0.226812,-0.094108,0.025728,0.340863,0.31606,0.94873,-0.003013,-0.793417,0.266179,0.547333,0.519671,-0.1718,0.836834,0.001576,-0.009124,0.009613,0.011904,-0.025318,-0.043959,-1.405252,0.047474,0.035811,-0.010225,-0.242389,-0.970072,0.014353,0.867083,-0.209972,0.451748,-0.435215,0.121944,0.892029,-0.000323,0.001278,0.001015,0.045347,-0.049011,-0.009516,-0.8445,0.076804,0.022173,-0.055721,-0.33988,0.692432,-0.636411,-0.750175,-0.607726,-0.260585,-0.567201,0.388853,0.726,2e-06,3e-06,2e-06,4.2e-05,2.3e-05,-1.9e-05,-0.36579
