frame,MLTx,MLTy,MLTz,MLTR1,MLTR2,MLTR3,MLTR4,MLTR5,MLTR6,MLTR7,MLTR8,MLTR9,MLTTVx,MLTTVy,MLTTVz,MLTRVx,MLTRVy,MLTRVz,MLGA,MRTx,MRTy,MRTz,MRTR1,MRTR2,MRTR3,MRTR4,MRTR5,MRTR6,MRTR7,MRTR8,MRTR9,MRTTVx,MRTTVy,MRTTVz,MRTRVx,MRTRVy,MRTRVz,MRGA,SLTx,SLTy,SLTz,SLTR1,SLTR2,SLTR3,SLTR4,SLTR5,SLTR6,SLTR7,SLTR8,SLTR9,SLTTVx,SLTTVy,SLTTVz,SLTRVx,SLTRVy,SLTRVz,SLGA,SRTx,SRTy,SRTz,SRTR1,SRTR2,SRTR3,SRTR4,SRTR5,SRTR6,SRTR7,SRTR8,SRTR9,SRTTVx,SRTTVy,SRTTVz,SRTRVx,SRTRVy,SRTRVz,SRGA
526,0.020453,0.043171,0.386946,-0.415567,-0.305778,-0.85665,0.535429,-0.843553,0.041301,-0.734741,-0.441139,0.515344,-0.007034,0.013384,0.008542,0.094315,0.179305,0.090332,-1.917928,-0.139965,0.073343,0.344718,0.658051,-0.100226,0.746268,-0.311777,0.865779,0.391352,-0.686132,-0.490072,0.537509,-5.1e-05,0.000416,0.000244,-0.143644,-0.552861,0.600935,0.155635,0.019948,0.052789,-0.011045,-0.563795,0.040912,0.8249,0.36093,-0.886148,0.290636,0.742875,0.461591,0.48484,-4.2e-05,0.000261,0.000153,-0.458798,-1.948926,2.154928,-0.137615,0.048117,0.0428,-0.047803,-0.447139,-0.2519,-0.85826,0.422273,-0.905315,0.045713,-0.788511,-0.341981,0.511172,0.00246,0.004413,0.002961,0.133985,0.253521,0.179553,-0.709517
527,0.020533,0.043407,0.387067,-0.419597,-0.305174,-0.854899,0.525212,-0.849738,0.045489,-0.7398,-0.429544,0.517895,-0.005732,0.015705,0.01008,-0.028301,0.033657,-0.030162,-1.919054,-0.13997,0.073378,0.344697,0.665671,-0.103907,0.73897,-0.307051,0.864307,0.39828,-0.680897,-0.491893,0.542479,0.010003,0.013137,-0.007295,-0.08947,-0.693442,0.809468,0.245848,0.019942,0.052803,-0.011053,-0.570544,0.04419,0.820076,0.357784,-0.885438,0.29663,0.739235,0.462651,0.489371,3e-06,-1e-05,-6e-06,0.017487,-0.108187,0.152846,-0.002737,0.048153,0.042911,-0.047747,-0.451579,-0.250566,-0.856324,0.411488,-0.91008,0.049299,-0.791677,-0.330105,0.514078,0.002851,0.005105,0.003414,-0.364471,0.510068,-0.628522,-0.711802
528,0.020769,0.043815,0.387422,-0.432666,-0.290971,-0.853336,0.488834,-0.87098,0.049073,-0.756978,-0.395553,0.520144,0.007466,0.013409,0.008914,-1.413857,0.054234,0.91324,-1.918891,-0.140013,0.073507,0.344615,0.672224,-0.104708,0.7329,-0.30254,0.864562,0.401168,-0.676468,-0.491273,0.548548,-0.001431,0.011004,-0.007642,0.038265,-0.011912,0.016543,0.368073,0.019924,0.052869,-0.011093,-0.580126,0.046189,0.813215,0.352723,-0.885678,0.301928,0.734193,0.461996,0.497513,-0.005697,-0.001196,-0.000251,0.003758,-0.088423,0.138967,0.216725,0.048268,0.04312,-0.047566,-0.462207,-0.235788,-0.854849,0.374245,-0.925813,0.053011,-0.803931,-0.295421,0.51616,0.003596,0.00655,0.004283,-4.711229,0.249917,2.90498,-0.715558
529,0.021155,0.044442,0.387814,-0.448377,-0.280575,-0.848694,0.452146,-0.890209,0.055362,-0.77049,-0.358569,0.527069,0.010153,0.018276,0.012064,-0.011142,-0.018845,0.055082,-1.918806,-0.140253,0.073532,0.344501,0.676451,-0.103927,0.729112,-0.300226,0.864985,0.401993,-0.673279,-0.490696,0.55297,0.000353,-0.002896,-0.001702,0.006089,-0.081205,0.029447,0.476454,0.019803,0.052888,-0.011152,-0.584864,0.045531,0.809852,0.350457,-0.886238,0.302921,0.731514,0.460986,0.502372,0.000196,-0.001595,-0.000932,-0.012862,-0.057971,0.046002,0.375117,0.048459,0.043429,-0.047373,-0.477104,-0.222579,-0.850193,0.333673,-0.940836,0.059061,-0.813038,-0.255509,0.523146,0.005251,0.009453,0.006246,-0.045134,-0.033003,0.056849,-0.719967
530,0.021456,0.044885,0.388024,-0.461408,-0.277408,-0.842729,0.431386,-0.900151,0.060057,-0.774669,-0.335493,0.536059,0.023474,0.016359,0.011108,-0.211508,0.673316,-0.379425,-1.918642,-0.140423,0.073481,0.344411,0.676982,-0.101169,0.729007,-0.300736,0.865916,0.399601,-0.672516,-0.489633,0.554837,-0.000828,0.006099,-0.010523,0.132601,-0.151111,-0.128421,0.507531,0.019722,0.052866,-0.01119,-0.585039,0.043633,0.809829,0.350688,-0.886759,0.301123,0.731263,0.460166,0.503487,-0.005396,-0.003712,-0.001727,0.18506,-0.253728,-0.27373,0.436188,0.048599,0.043638,-0.04727,-0.488191,-0.215607,-0.845684,0.311538,-0.948214,0.061904,-0.815237,-0.233242,0.53008,0.005924,0.01068,0.007024,0.182797,0.37122,0.297632,-0.720784
531,0.022316,0.045907,0.38844,-0.480707,-0.267804,-0.835013,0.392579,-0.917179,0.06809,-0.783494,-0.294752,0.54707,0.026426,0.02191,0.01456,-4.598647,0.37654,3.135877,-1.918644,-0.140795,0.07315,0.344195,0.681633,-0.097102,0.725216,-0.300138,0.866719,0.398307,-0.668072,-0.489041,0.560697,-0.010124,-0.013164,-0.006858,0.067976,-0.085245,-0.143956,0.527616,0.019535,0.05271,-0.011297,-0.590386,0.039179,0.806169,0.349885,-0.887668,0.299373,0.72734,0.458813,0.510359,-0.005007,-0.007008,-0.003672,0.08293,-0.089511,-0.191776,0.501178,0.049033,0.044159,-0.047061,-0.506632,-0.208666,-0.836529,0.276744,-0.958284,0.071431,-0.816538,-0.195315,0.543245,0.013355,0.011212,0.007446,-0.008947,-0.10229,0.238687,-0.733683
532,0.023367,0.047037,0.388908,-0.49444,-0.261592,-0.828941,0.362919,-0.928658,0.076525,-0.789206,-0.262684,0.555137,0.030366,0.036021,0.007763,-1.096644,1.454554,-1.628049,-1.918621,-0.141446,0.072492,0.343842,0.683486,-0.090108,0.724375,-0.306106,0.865398,0.396635,-0.663451,-0.492716,0.562963,-0.021212,-0.018995,-0.009441,0.000785,0.02928,-0.096794,0.52884,0.019214,0.052379,-0.011475,-0.592373,0.031942,0.80503,0.355668,-0.886206,0.296878,0.722906,0.462186,0.513604,-0.010502,-0.010331,-0.005204,-0.027821,0.067027,-0.109348,0.512771,0.049558,0.044721,-0.046823,-0.519681,-0.195578,-0.831672,0.240112,-0.967645,0.077516,-0.819924,-0.159411,0.549827,0.014469,0.013389,0.008726,0.006332,-0.090813,0.131715,-0.744624
533,0.024612,0.048334,0.389347,-0.504177,-0.257489,-0.824348,0.337962,-0.937209,0.085977,-0.794098,-0.234939,0.56057,0.043063,0.033661,0.006234,-0.068116,0.037242,0.000406,-1.917963,-0.142296,0.071838,0.343282,0.687679,-0.084178,0.721112,-0.310243,0.863823,0.396855,-0.657164,-0.496522,0.566979,-0.022343,-0.011093,-0.018999,0.049348,-0.071464,0.066419,0.529005,0.01879,0.052048,-0.011753,-0.596789,0.026169,0.80197,0.359912,-0.884554,0.296693,0.717151,0.465702,0.518474,-0.01114,-0.005751,-0.009606,0.017771,0.067642,-0.08151,0.515221,0.050177,0.045372,-0.046602,-0.529411,-0.192375,-0.826265,0.214248,-0.972698,0.089193,-0.820865,-0.129806,0.556173,0.015571,0.018909,0.004304,-0.337517,0.337766,-0.312589,-0.751156
534,0.025418,0.048936,0.389513,-0.509342,-0.255872,-0.821672,0.325222,-0.941193,0.091426,-0.796112,-0.220349,0.56363,0.043153,0.034132,0.006379,-4.849591,0.878777,2.70781,-1.918157,-0.142737,0.071521,0.342927,0.691843,-0.082812,0.717277,-0.308743,0.86397,0.397704,-0.65349,-0.496498,0.571231,-0.033721,-0.014856,-0.020377,0.063222,-0.084636,0.017539,0.529279,0.018561,0.051886,-0.011937,-0.601492,0.025016,0.798486,0.358427,-0.884812,0.29772,0.713958,0.465275,0.523241,-0.016823,-0.007685,-0.010328,0.04392,-0.052582,0.029603,0.515874,0.050597,0.045687,-0.046515,-0.533953,-0.190928,-0.823674,0.202786,-0.974655,0.094469,-0.820836,-0.116588,0.559137,0.021566,0.01719,0.003141,-4.878773,0.915704,2.655642,-0.757034
535,0.027113,0.050322,0.389788,-0.523331,-0.241682,-0.817165,0.283368,-0.953713,0.100528,-0.802987,-0.178656,0.568613,0.043475,0.035387,0.006839,-5.631618,2.043559,1.377711,-1.917754,-0.143731,0.070969,0.342069,0.695057,-0.080664,0.714409,-0.307609,0.864666,0.397067,-0.650609,-0.495641,0.575249,-0.022088,-0.014808,-0.021379,-0.019933,-0.115307,0.088674,0.529057,0.018072,0.051612,-0.01236,-0.604802,0.023108,0.79604,0.357328,-0.885435,0.297187,0.71171,0.464187,0.527255,-0.017504,-0.002754,-0.014539,-0.129529,-0.547389,0.562178,0.516854,0.051413,0.046356,-0.046382,-0.544421,-0.175517,-0.820243,0.163635,-0.981298,0.10137,-0.822696,-0.079032,0.56296,0.022008,0.018184,0.00371,0.040751,-0.115385,0.183994,-0.77173
536,0.028747,0.051766,0.390015,-0.53548,-0.223995,-0.814329,0.241844,-0.964471,0.1062,-0.80852,-0.139802,0.571644,0.043404,0.035903,0.006837,0.035587,-0.107644,0.173784,-1.917327,-0.144823,0.070444,0.341037,0.696293,-0.077661,0.713537,-0.307297,0.866046,0.394292,-0.649433,-0.493713,0.578228,-0.02327,-0.006473,-0.030761,0.077954,-0.055678,0.068363,0.52917,0.017526,0.051347,-0.012872,-0.606171,0.020228,0.795076,0.356723,-0.886568,0.294523,0.710847,0.462154,0.530197,-0.010914,-0.009067,-0.011747,0.02341,0.065852,-0.084853,0.517833,0.052247,0.047092,-0.046264,-0.556281,-0.155143,-0.816383,0.11526,-0.987326,0.109091,-0.822961,-0.033411,0.567113,0.021603,0.017749,0.00328,0.042797,-0.115211,0.180921,-0.781038
537,0.029588,0.052515,0.39005,-0.540159,-0.215567,-0.813514,0.218138,-0.969457,0.111985,-0.812136,-0.116708,0.5717,0.043955,0.043876,-0.003716,-0.176118,-0.362075,0.13352,-1.917467,-0.145292,0.070149,0.340541,0.698289,-0.075342,0.711834,-0.306867,0.866815,0.392935,-0.647491,-0.492725,0.581241,-0.021809,-0.019265,-0.024303,0.033081,0.059588,-0.119087,0.528627,0.017291,0.051204,-0.013123,-0.608535,0.01792,0.793324,0.355996,-0.887326,0.293118,0.70919,0.460793,0.53359,-0.010891,-0.009601,-0.012111,0.031362,-0.031402,0.05187,0.51816,0.05267,0.047468,-0.04624,-0.560626,-0.145805,-0.81513,0.091287,-0.989258,0.114167,-0.823021,-0.010406,0.567915,0.020724,0.016253,0.002298,-0.575684,-0.44902,0.207883,-0.783977
538,0.031329,0.053898,0.389964,-0.551154,-0.202781,-0.809416,0.176824,-0.976368,0.124137,-0.814777,-0.074461,0.574996,0.041836,0.040489,-0.005975,-4.430263,0.573014,3.325911,-1.917075,-0.146184,0.069508,0.339564,0.701505,-0.073229,0.708887,-0.305693,0.867523,0.392288,-0.644565,-0.4918,0.585262,-0.022137,-0.017351,-0.023278,0.030355,0.064161,-0.115513,0.525883,0.016838,0.050871,-0.013624,-0.611956,0.01595,0.79073,0.354816,-0.888,0.292508,0.706834,0.459566,0.537758,-0.01106,-0.0086,-0.011574,0.01486,0.085481,-0.103125,0.51865,0.053541,0.048162,-0.046282,-0.568134,-0.135583,-0.811689,0.054984,-0.990384,0.126946,-0.821097,0.027492,0.570126,0.025664,0.012805,0.000144,-0.018156,0.04515,-0.010316,-0.780875
539,0.032674,0.055417,0.389768,-0.569233,-0.162649,-0.805955,0.091073,-0.986674,0.134731,-0.816423,0.003488,0.577467,0.027312,0.039438,-0.006794,-1.310122,0.235066,0.913108,-1.917213,-0.14689,0.068862,0.338737,0.70332,-0.070686,0.707344,-0.305325,0.868442,0.390535,-0.642757,-0.490551,0.58829,-0.010809,-0.013032,-0.021671,0.175638,-0.298083,-0.071133,0.525319,0.016485,0.050545,-0.014039,-0.613602,0.014394,0.789484,0.354154,-0.888609,0.291456,0.705738,0.458437,0.540155,-0.005401,-0.006436,-0.010769,0.235518,-0.369931,-0.124078,0.519303,0.054222,0.048928,-0.046376,-0.581581,-0.090718,-0.808414,-0.035742,-0.989953,0.136802,-0.812702,0.108456,0.572495,0.013727,0.019919,-0.003345,-4.499538,0.777625,3.218307,-0.790182
540,0.033613,0.056649,0.389422,-0.582066,-0.127945,-0.803041,0.024391,-0.989843,0.139962,-0.81207,0.062033,0.580277,0.020172,0.019228,-0.003721,-4.526602,0.83818,3.18733,-1.916243,-0.147359,0.068159,0.338111,0.702651,-0.067008,0.708366,-0.30695,0.869503,0.386886,-0.642714,-0.489194,0.589466,-0.009996,-0.0197,-0.011437,0.125665,-0.188014,-0.226352,0.525033,0.016255,0.050196,-0.01435,-0.612732,0.010916,0.790214,0.355305,-0.889345,0.287789,0.705915,0.457105,0.541052,-0.004935,-0.010424,-0.006068,0.22524,-0.306326,-0.349039,0.519303,0.054697,0.049557,-0.046548,-0.589708,-0.056957,-0.805604,-0.098159,-0.985059,0.141498,-0.801628,0.16252,0.575307,0.011006,0.01466,-0.006407,-0.337377,0.171833,0.047369,-0.793938
541,0.034024,0.057093,0.389221,-0.58656,-0.108661,-0.802611,-0.009097,-0.990008,0.140614,-0.809145,0.089909,0.580713,0.020643,0.026771,-0.014291,-4.491971,0.818571,3.203248,-1.916204,-0.14755,0.067813,0.337879,0.701784,-0.066339,0.709288,-0.307809,0.869573,0.386044,-0.643251,-0.489161,0.588908,-0.010203,-0.017825,-0.01029,-0.002296,0.028998,-0.054948,0.524853,0.01616,0.050023,-0.014467,-0.612147,0.00911,0.79069,0.356159,-0.889585,0.285985,0.705992,0.456676,0.541313,-0.005058,-0.009283,-0.005369,-0.016861,0.061207,-0.067264,0.519466,0.054901,0.049773,-0.046646,-0.591805,-0.037234,-0.805219,-0.131455,-0.981101,0.141981,-0.795289,0.189876,0.575727,0.009188,0.007875,-0.002893,-0.36864,0.11446,0.182763,-0.794754
542,0.034384,0.057825,0.388896,-0.598673,-0.04058,-0.799993,-0.122222,-0.982389,0.141231,-0.790895,0.182371,0.584169,0.004216,0.014782,-0.006325,-4.821887,0.82847,3.590633,-1.91495,-0.147876,0.067117,0.337493,0.702684,-0.057642,0.709157,-0.310671,0.871716,0.378851,-0.640885,-0.486454,0.59371,-0.010281,-0.017504,-0.010147,0.088312,-0.113055,-0.203627,0.524964,0.015996,0.04968,-0.014656,-0.61288,0.000895,0.790174,0.358042,-0.891135,0.278716,0.704402,0.453735,0.545839,-0.00517,-0.008382,-0.004832,0.134223,-0.192985,-0.227583,0.519466,0.055086,0.050142,-0.046813,-0.595652,0.031832,-0.802611,-0.242465,-0.959728,0.14188,-0.765773,0.279116,0.579383,0.001701,0.006577,-0.00364,-1.4453,0.318183,0.903307,-0.798673
543,0.034346,0.058126,0.388579,-0.603649,0.025232,-0.796879,-0.223776,-0.964677,0.138902,-0.76448,0.262134,0.588968,-0.002596,-0.005067,-0.002954,-0.027137,0.250722,0.188202,-1.91043,-0.148171,0.066449,0.337118,0.703935,-0.049202,0.708552,-0.313184,0.873774,0.37198,-0.638281,-0.483695,0.598747,-0.010411,-0.016585,-0.009617,0.254854,-0.414509,-0.404706,0.524891,0.015849,0.049347,-0.014843,-0.613484,-0.005739,0.789686,0.359664,-0.892273,0.272927,0.703049,0.451458,0.549459,-0.005158,-0.008737,-0.005087,-0.018321,0.056083,-0.072999,0.519466,0.055071,0.050303,-0.046971,-0.5914,0.101062,-0.800019,-0.347069,-0.927419,0.139408,-0.727865,0.360108,0.583551,-0.000336,0.002588,-0.005951,-0.238564,0.378213,0.505096,-0.808307
544,0.034219,0.058218,0.388353,-0.601918,0.056451,-0.796588,-0.273787,-0.951623,0.139375,-0.74944,0.301912,0.58925,-0.013136,0.007473,-0.010571,-4.493934,0.896535,3.133176,-1.909923,-0.148321,0.066129,0.336918,0.702453,-0.045566,0.710264,-0.314982,0.874893,0.367807,-0.639028,-0.48203,0.599294,-0.01042,-0.016719,-0.00973,0.105645,-0.144176,-0.228074,0.524613,0.015778,0.049194,-0.014939,-0.612325,-0.010859,0.790531,0.361003,-0.89342,0.267351,0.703374,0.44909,0.550983,0.000718,-0.007746,-0.004951,0.207551,-0.309852,-0.30611,0.519466,0.05501,0.050341,-0.047083,-0.586686,0.12904,-0.799466,-0.38972,-0.910374,0.139053,-0.709871,0.393149,0.584394,-0.00668,0.003493,-0.005421,-0.382263,0.046535,0.274342,-0.810594
545,0.033656,0.058515,0.387798,-0.59127,0.131724,-0.795671,-0.392223,-0.908997,0.140912,-0.703971,0.395229,0.590123,-0.013281,0.01376,-0.021852,-4.768915,0.837259,3.555423,-1.908415,-0.148629,0.065578,0.336572,0.704796,-0.037884,0.708392,-0.316348,0.876903,0.3618,-0.635763,-0.479046,0.605131,0.001295,-0.014247,-0.009167,0.154628,-0.24065,-0.2629,0.523377,0.015615,0.048912,-0.015115,-0.61474,-0.018235,0.788518,0.361672,-0.894948,0.261268,0.700919,0.445797,0.556755,-0.005331,-0.007212,-0.004144,0.259962,-0.38839,-0.375839,0.519466,0.054727,0.050484,-0.047358,-0.566891,0.202066,-0.798625,-0.501706,-0.853608,0.140149,-0.653394,0.480125,0.585281,-0.013545,0.003413,-0.005474,-1.427838,0.292467,0.9836,-0.808144
546,0.032664,0.058872,0.387234,-0.571118,0.205199,-0.794835,-0.504246,-0.851728,0.142366,-0.647065,0.48184,0.590901,-0.016856,0.000387,-0.014779,-0.375553,0.091911,0.235296,-1.906388,-0.148993,0.065112,0.336228,0.705172,-0.034935,0.708169,-0.317167,0.877642,0.359282,-0.634937,-0.477919,0.606886,-0.012188,-0.000896,-0.014335,0.036041,0.015748,-0.039245,0.521041,0.015438,0.048671,-0.015288,-0.615505,-0.022309,0.787816,0.362367,-0.895687,0.257746,0.699888,0.444123,0.559384,-0.00542,-0.006403,-0.003641,-0.017709,0.047801,-0.041818,0.517343,0.054231,0.050666,-0.047644,-0.536118,0.275829,-0.797806,-0.610575,-0.77933,0.140859,-0.582902,0.562638,0.586228,-0.014036,0.002518,-0.006015,-1.330253,0.264178,0.939507,-0.817125
547,0.031737,0.059059,0.386488,-0.553932,0.249884,-0.794205,-0.570515,-0.80865,0.143421,-0.605713,0.532237,0.591492,-0.016827,0.00709,-0.02587,-0.334543,0.164291,0.067843,-1.905553,-0.149315,0.064764,0.335899,0.704952,-0.031622,0.708543,-0.31846,0.878424,0.356212,-0.634532,-0.476716,0.608254,-0.012388,0.001131,-0.013047,0.032522,0.021822,-0.034448,0.518458,0.015277,0.048496,-0.015453,-0.615149,-0.025444,0.788,0.363301,-0.896188,0.254672,0.699716,0.442942,0.560534,0.000407,-0.004559,-0.00295,-0.005093,0.021747,-0.019541,0.514404,0.053778,0.050752,-0.048004,-0.513563,0.317347,-0.797208,-0.669893,-0.728866,0.141405,-0.536184,0.606666,0.586908,-0.00955,-0.001913,-0.008646,-4.362155,0.808636,3.204258,-0.815166
548,0.031257,0.05922,0.386042,-0.542464,0.274784,-0.793897,-0.606725,-0.781756,0.143922,-0.580418,0.559403,0.591785,-0.028946,0.010187,-0.024112,-1.290849,0.255197,0.925064,-1.904708,-0.149447,0.064694,0.335732,0.704456,-0.031249,0.709053,-0.318766,0.878569,0.355581,-0.63493,-0.476474,0.608029,-0.011137,-0.009971,-0.005491,-0.004162,0.032238,-0.052393,0.517302,0.015211,0.048466,-0.015538,-0.614587,-0.025787,0.788427,0.363493,-0.896292,0.254032,0.70011,0.442713,0.560223,-0.000288,0.001712,-0.00627,0.034519,0.007607,-0.004161,0.512771,0.053532,0.050836,-0.048237,-0.499165,0.340481,-0.796809,-0.702224,-0.697694,0.141782,-0.507656,0.630312,0.587359,-0.014656,0.004715,-0.012256,-4.441177,0.823585,3.272888,-0.818105
549,0.029701,0.059651,0.385029,-0.512244,0.333674,-0.791399,-0.687012,-0.712144,0.144353,-0.514793,0.617227,0.595018,-0.044168,0.007692,-0.025812,-0.34269,0.014648,0.339312,-1.904031,-0.149722,0.064669,0.335339,0.703397,-0.030483,0.710137,-0.319222,0.879008,0.354085,-0.635874,-0.475716,0.607636,-0.011202,-0.009377,-0.005121,-0.004162,0.032262,-0.052375,0.514498,0.015069,0.048452,-0.015736,-0.613369,-0.026613,0.789347,0.363773,-0.896627,0.252444,0.701032,0.441985,0.559644,-0.0056,-0.004634,-0.00252,-0.003779,0.032419,-0.052074,0.510648,0.052762,0.051057,-0.048739,-0.461218,0.395717,-0.794157,-0.773753,-0.617432,0.14171,-0.434261,0.679841,0.590958,-0.022212,0.003564,-0.013051,-1.297484,0.280698,0.87755,-0.817615
550,0.027963,0.059982,0.38387,-0.486939,0.372434,-0.790082,-0.739998,-0.656422,0.146577,-0.463438,0.655567,0.596224,-0.043493,0.015911,-0.03613,-0.31114,0.103545,0.154333,-1.90383,-0.149964,0.064672,0.33495,0.702714,-0.029988,0.710834,-0.319283,0.879463,0.352899,-0.636598,-0.474907,0.607511,-0.000612,0.00371,-0.012382,0.034486,0.006721,-0.005107,0.511224,0.014952,0.048457,-0.015923,-0.612641,-0.027109,0.789895,0.36367,-0.896997,0.251276,0.701722,0.441204,0.559396,-0.000334,0.002242,-0.005933,0.034749,0.006793,-0.00489,0.506893,0.051903,0.051214,-0.049307,-0.431474,0.430332,-0.79287,-0.818498,-0.556301,0.143486,-0.379328,0.710873,0.592256,-0.02149,0.00837,-0.017764,-4.386698,0.842596,3.253604,-0.817941
551,0.027303,0.060188,0.383218,-0.470431,0.393946,-0.78965,-0.768603,-0.622524,0.147256,-0.432987,0.675709,0.596629,-0.031419,0.012772,-0.03799,-4.664305,0.886818,3.499115,-1.90375,-0.150079,0.064705,0.334769,0.702297,-0.029695,0.711258,-0.319373,0.879695,0.352238,-0.637013,-0.474496,0.607397,-0.01269,0.004339,-0.010982,0.019954,0.122781,-0.1707,0.509965,0.014891,0.048468,-0.016021,-0.61214,-0.027447,0.790273,0.363687,-0.897194,0.250549,0.702151,0.440783,0.559189,-0.00634,0.002179,-0.005482,0.020187,0.122865,-0.170536,0.505587,0.051542,0.051318,-0.049661,-0.41257,0.449442,-0.79233,-0.842361,-0.519304,0.144051,-0.346718,0.726859,0.592841,-0.015727,0.006291,-0.019006,-4.661447,0.884156,3.496688,-0.820391
552,0.025775,0.060897,0.381724,-0.447293,0.442119,-0.777499,-0.818148,-0.553445,0.155898,-0.360828,0.70529,0.610242,-0.042837,0.017608,-0.035325,-4.246925,1.172096,3.243807,-1.903387,-0.150313,0.064807,0.334377,0.701048,-0.0276,0.712574,-0.32404,0.877698,0.352956,-0.636028,-0.478307,0.605437,0.000557,-0.006551,-0.004295,-0.149987,0.277333,0.183585,0.507936,0.014773,0.048524,-0.016215,-0.611181,-0.030863,0.790887,0.368528,-0.895411,0.249848,0.700459,0.444167,0.558633,-0.006355,0.002318,-0.005392,-0.242948,0.443487,0.326118,0.502321,0.050793,0.051666,-0.050395,-0.385422,0.492849,-0.780095,-0.880972,-0.448014,0.152216,-0.274474,0.74591,0.606861,-0.021452,0.008696,-0.017706,-0.222984,0.324596,0.241669,-0.815329
553,0.024393,0.061729,0.380223,-0.430089,0.486115,-0.760764,-0.851657,-0.498022,0.163178,-0.299026,0.717485,0.629147,-0.027756,0.026401,-0.044977,-5.116257,3.022088,1.357091,-1.903121,-0.150486,0.064918,0.333973,0.700719,-0.027396,0.712905,-0.323607,0.878246,0.351987,-0.636611,-0.477312,0.60561,-0.012644,0.003737,-0.011382,0.03453,0.004809,-0.011256,0.506063,0.014692,0.048576,-0.016413,-0.61036,-0.029783,0.791563,0.367851,-0.895663,0.249943,0.70153,0.443733,0.557633,-0.000295,0.001776,-0.006245,0.036648,0.004137,-0.006875,0.500688,0.050084,0.052085,-0.051161,-0.360195,0.53585,-0.763625,-0.909127,-0.38516,0.158553,-0.209158,0.751342,0.625889,-0.013749,0.013378,-0.02238,-5.118545,3.004613,1.350316,-0.809614
554,0.023626,0.062675,0.378617,-0.426292,0.510032,-0.747119,-0.86789,-0.463453,0.178747,-0.254565,0.723981,0.641152,-0.012643,0.02847,-0.04344,0.094664,0.256509,-0.513952,-1.903287,-0.150648,0.064915,0.333528,0.699394,-0.02955,0.714119,-0.322996,0.878132,0.352834,-0.638376,-0.477391,0.603686,-0.000483,0.002124,-0.013449,0.034375,0.006888,-0.00496,0.50299,0.014606,0.048578,-0.016633,-0.6089,-0.027671,0.792763,0.367334,-0.895613,0.250879,0.703067,0.44397,0.555504,-0.006194,0.000392,-0.006664,0.036169,0.017232,-0.037659,0.497912,0.049702,0.052541,-0.051952,-0.352724,0.559835,-0.74978,-0.921526,-0.346893,0.174507,-0.162398,0.752495,0.63826,-0.007322,0.009143,-0.017282,-0.015365,0.179744,-0.292918,-0.815819
555,0.023477,0.063199,0.377787,-0.421273,0.521866,-0.741775,-0.876687,-0.443783,0.185604,-0.23181,0.727845,0.645394,-0.000228,0.025634,-0.04496,-3.970209,1.260149,3.054199,-1.903255,-0.150689,0.064913,0.333251,0.698528,-0.027782,0.715037,-0.327559,0.875893,0.35419,-0.636994,-0.481594,0.601804,-0.000297,-0.000102,-0.014928,-1.168267,-0.536657,-1.004592,0.500179,0.014585,0.04858,-0.016764,-0.607702,-0.025153,0.793766,0.366921,-0.895316,0.252541,0.704319,0.444719,0.553315,-0.000182,0.000431,-0.007142,0.03203,0.021051,0.008513,0.495462,0.049623,0.052805,-0.052365,-0.349645,0.568728,-0.74451,-0.925777,-0.331725,0.18137,-0.143823,0.752666,0.642502,-0.005582,0.015499,-0.020893,0.132487,0.142506,-0.374392,-0.819085
556,0.023615,0.064463,0.376055,-0.417985,0.545004,-0.726845,-0.88917,-0.409416,0.204272,-0.18574,0.730994,0.65664,0.004008,0.033154,-0.040055,-0.316549,0.783606,-0.927331,-1.903261,-0.150829,0.064927,0.332613,0.695978,-0.026647,0.717563,-0.328054,0.877026,0.350914,-0.639526,-0.479594,0.600715,-0.01209,-0.003167,-0.015986,0.032444,0.021892,-0.034362,0.495126,0.014519,0.048587,-0.017089,-0.605105,-0.030782,0.79555,0.372105,-0.894328,0.248423,0.703836,0.44635,0.552616,-0.000669,0.004426,-0.011945,0.069256,0.011358,-0.009924,0.489421,0.049688,0.05343,-0.053235,-0.339696,0.593028,-0.730016,-0.935828,-0.290663,0.199346,-0.093971,0.750887,0.653709,0.009073,0.019887,-0.025427,-1.324633,1.942056,-1.734795,-0.825616
557,0.024429,0.066041,0.374265,-0.413564,0.575469,-0.705581,-0.90095,-0.370485,0.225835,-0.130939,0.728375,0.672571,0.033825,0.04307,-0.048259,0.103667,0.214216,-0.406515,-1.903317,-0.150939,0.064866,0.331809,0.68967,-0.024041,0.723719,-0.330049,0.87906,0.343881,-0.645306,-0.475997,0.597385,0.000263,-0.006927,-0.019547,0.09218,0.194808,-0.198683,0.493841,0.01446,0.048561,-0.017487,-0.598236,-0.033671,0.800612,0.373211,-0.895844,0.241196,0.709102,0.44309,0.548493,-0.000493,0.002305,-0.013378,0.29019,0.642567,-0.637094,0.485502,0.050096,0.054229,-0.054146,-0.332355,0.623071,-0.70804,-0.942328,-0.250768,0.221655,-0.039448,0.740875,0.670482,0.017182,0.021961,-0.023857,0.110074,0.199833,-0.404424,-0.82382
558,0.025124,0.066915,0.373369,-0.415559,0.587698,-0.694239,-0.903133,-0.357268,0.238083,-0.107598,0.725196,0.680103,0.036153,0.047371,-0.045397,-1.044835,2.093184,-2.197247,-1.903276,-0.150941,0.064784,0.331306,0.687711,-0.023316,0.725604,-0.330237,0.879947,0.341424,-0.647298,-0.474393,0.596505,-0.000779,0.001866,-0.028641,0.083632,-0.105929,0.148206,0.49451,0.014459,0.048522,-0.017726,-0.595783,-0.034637,0.802397,0.373279,-0.896548,0.238459,0.711129,0.441588,0.547077,-0.000316,0.000208,-0.014801,0.064945,0.025814,-0.028472,0.485012,0.050412,0.054635,-0.054563,-0.330688,0.63421,-0.698872,-0.943552,-0.236949,0.231438,-0.018817,0.735956,0.676766,0.01815,0.023755,-0.02267,-1.000535,0.543677,0.763278,-0.825943
559,0.026986,0.068575,0.371786,-0.418134,0.609302,-0.673765,-0.905774,-0.335944,0.258237,-0.068489,0.717499,0.693204,0.049996,0.04133,-0.033604,-1.287265,2.213777,-1.891228,-1.902543,-0.150871,0.06459,0.330192,0.674891,-0.024076,0.737519,-0.332667,0.882117,0.33337,-0.659432,-0.470307,0.586365,-0.000323,-0.003621,-0.032455,0.11521,0.125802,-0.010443,0.495103,0.014493,0.048424,-0.018289,-0.581637,-0.034207,0.812728,0.374733,-0.898052,0.230383,0.721992,0.438556,0.535159,-0.000138,-0.001922,-0.016298,0.269286,0.684234,-0.629599,0.485175,0.051354,0.055477,-0.055374,-0.33096,0.655921,-0.678403,-0.943458,-0.215712,0.251704,0.018758,0.723349,0.690226,0.03066,0.018336,-0.018185,-0.984253,0.665975,0.678508,-0.826433
560,0.029471,0.070238,0.370415,-0.433344,0.613507,-0.660203,-0.899058,-0.345218,0.269243,-0.062199,0.709471,0.702003,0.064684,0.043898,-0.031669,0.141338,0.233389,-0.457323,-1.903149,-0.150771,0.064411,0.328832,0.656412,-0.028748,0.753849,-0.334594,0.884425,0.325228,-0.676876,-0.465682,0.569949,0.010742,0.005327,-0.042597,-0.061949,0.223506,0.420032,0.493702,0.014539,0.04833,-0.018966,-0.561477,-0.031582,0.826888,0.375881,-0.899962,0.220859,0.737194,0.43482,0.517179,7.4e-05,-0.004422,-0.018093,-0.193321,0.427056,0.466858,0.484849,0.052593,0.056311,-0.056059,-0.347035,0.663196,-0.663126,-0.937494,-0.225791,0.264806,0.02589,0.713575,0.7001,0.037036,0.014666,-0.012811,0.110864,0.119432,-0.248341,-0.827902
561,0.030867,0.070942,0.369894,-0.441202,0.614378,-0.65416,-0.895317,-0.351207,0.273922,-0.060912,0.705771,0.705836,0.075379,0.032504,-0.023582,0.107728,0.123716,-0.246626,-1.903298,-0.150662,0.064261,0.328052,0.646282,-0.037789,0.762157,-0.329257,0.887118,0.323333,-0.689132,-0.459863,0.559898,0.011142,0.000766,-0.045845,-0.132879,0.279876,0.690229,0.489959,0.014597,0.04826,-0.01937,-0.550634,-0.023112,0.834426,0.370231,-0.90268,0.219311,0.748151,0.429691,0.505603,0.005612,4.5e-05,-0.023154,-0.222434,0.383832,0.799184,0.482399,0.053287,0.056667,-0.056322,-0.354938,0.665079,-0.657029,-0.93451,-0.232391,0.2696,0.026618,0.709692,0.704008,0.037706,0.016217,-0.01185,0.111148,0.136302,-0.271754,-0.828229
562,0.033879,0.072047,0.369261,-0.448124,0.617217,-0.64674,-0.891878,-0.358277,0.275976,-0.060824,0.699717,0.711845,0.084217,0.012073,-0.006348,0.35348,0.476456,0.201204,-1.902833,-0.150177,0.063832,0.326372,0.622111,-0.049925,0.78133,-0.329064,0.888777,0.318945,-0.71111,-0.455466,0.535478,0.023603,-0.001869,-0.049041,0.129522,0.522834,0.158823,0.483577,0.014831,0.048043,-0.020194,-0.524218,-0.010659,0.851516,0.369647,-0.903656,0.216254,0.767173,0.428125,0.477653,0.006478,-0.00793,-0.021275,0.42247,2.047982,-1.340072,0.474561,0.054792,0.057232,-0.056642,-0.362996,0.666944,-0.650705,-0.931414,-0.23988,0.273723,0.026467,0.705437,0.708277,0.037839,0.013953,-0.00585,0.075281,0.041966,-0.090743,-0.828882
563,0.037319,0.072642,0.369015,-0.471078,0.610187,-0.637026,-0.879351,-0.381863,0.284419,-0.069129,0.693394,0.717253,0.094325,0.000769,0.001417,-0.058823,0.115437,-0.073114,-1.902704,-0.14934,0.063228,0.32473,0.590682,-0.068802,0.80396,-0.325401,0.891351,0.315501,-0.739037,-0.447885,0.503078,0.025079,-0.013861,-0.042611,0.306926,2.162708,-1.325451,0.492631,0.01525,0.04774,-0.021021,-0.492336,0.007439,0.870372,0.365032,-0.906011,0.214228,0.790162,0.423186,0.443347,0.012584,-0.007232,-0.021525,-0.2061,0.482667,0.59669,0.473418,0.056546,0.057538,-0.056764,-0.385526,0.664772,-0.63988,-0.922547,-0.26522,0.280294,0.016623,0.69838,0.715533,0.047286,0.0006,0.000785,-0.065797,0.120568,-0.083223,-0.829535
564,0.040937,0.073092,0.36897,-0.48794,0.602215,-0.631899,-0.867716,-0.413337,0.276031,-0.094357,0.682246,0.725027,0.097291,0.014905,-0.005123,0.401767,0.360973,0.413777,-1.902692,-0.148304,0.062546,0.323093,0.562896,-0.075144,0.8231,-0.33085,0.892026,0.307835,-0.758041,-0.445508,0.476193,0.037497,-0.013439,-0.043832,0.090387,0.838065,-0.592876,0.505879,0.015763,0.047398,-0.02184,-0.460937,0.013167,0.887334,0.369811,-0.906084,0.205548,0.806707,0.42289,0.412779,0.012709,-0.007648,-0.022041,0.41015,2.043949,-1.864426,0.488278,0.058288,0.057757,-0.056786,-0.404413,0.657419,-0.635806,-0.914526,-0.297889,0.273682,-0.009476,0.692143,0.721698,0.041982,0.004149,0.002733,0.323407,-0.174035,-0.243677,-0.830352
565,0.042617,0.073234,0.369008,-0.504001,0.58782,-0.632847,-0.85594,-0.438015,0.27474,-0.115079,0.679416,0.724691,0.08236,0.005939,0.003973,3.518507,-1.543105,-3.927869,-1.903036,-0.147638,0.062307,0.322246,0.553037,-0.076545,0.829628,-0.333636,0.892015,0.304844,-0.764045,-0.445289,0.466708,0.037431,-0.011375,-0.042554,-0.050555,0.290711,0.015009,0.509759,0.016097,0.047273,-0.022267,-0.44996,0.013364,0.892948,0.372308,-0.906045,0.201168,0.81174,0.422969,0.402709,0.018745,-0.005752,-0.021337,-0.08933,0.438362,-0.103036,0.495462,0.059133,0.057839,-0.056765,-0.41744,0.64947,-0.635555,-0.908305,-0.318926,0.270677,-0.026899,0.69027,0.72305,0.041417,0.003409,0.002201,0.08083,-0.105004,-0.011098,-0.830352
566,0.045947,0.073359,0.369023,-0.521068,0.569434,-0.635829,-0.840959,-0.469881,0.268276,-0.145357,0.673787,0.724506,0.091453,-0.001018,-0.000441,0.034226,-0.161466,0.247349,-1.903203,-0.145863,0.062186,0.320548,0.535474,-0.071652,0.841501,-0.339454,0.894027,0.292266,-0.773914,-0.442063,0.453321,0.048047,0.006526,-0.046489,0.056224,0.258813,-0.202081,0.522513,0.01698,0.047202,-0.023117,-0.431126,0.008171,0.902254,0.376571,-0.907079,0.188152,0.819954,0.42088,0.387988,0.024008,0.003673,-0.022967,0.067853,0.217766,-0.189539,0.509505,0.060832,0.057908,-0.056753,-0.440678,0.630678,-0.638785,-0.895541,-0.357794,0.264554,-0.061706,0.688642,0.72247,0.039981,0.00118,0.000724,0.097701,-0.0727,-0.027659,-0.831658
567,0.049131,0.073493,0.368815,-0.532118,0.551696,-0.642282,-0.828735,-0.49473,0.261554,-0.172803,0.670772,0.72127,0.065022,-0.000397,-0.000274,0.032939,-0.116443,0.163904,-1.9033,-0.143613,0.062623,0.318755,0.528031,-0.052409,0.847601,-0.367625,0.88554,0.28391,-0.766102,-0.461447,0.447233,0.058694,0.023113,-0.051246,-4.571241,-1.37074,-2.657135,0.534601,0.018101,0.047416,-0.02401,-0.422782,-0.008548,0.90619,0.398331,-0.899932,0.177352,0.813994,0.435946,0.38388,0.030028,0.006223,-0.021805,0.070862,0.189631,-0.18409,0.51865,0.062437,0.057982,-0.056853,-0.453893,0.61442,-0.645343,-0.886566,-0.384014,0.25794,-0.089337,0.689216,0.719025,0.039029,0.003001,-0.005602,0.133013,-0.182507,0.131482,-0.832311
568,0.050565,0.073492,0.368614,-0.547426,0.533038,-0.645167,-0.812878,-0.521937,0.258422,-0.198314,0.665245,0.719824,0.062089,-0.006322,-0.003826,3.572665,-1.518375,-3.809026,-1.902856,-0.142408,0.063058,0.31783,0.525976,-0.039233,0.849588,-0.388094,0.87772,0.280935,-0.757358,-0.477436,0.445339,0.070616,0.027859,-0.048975,0.098202,0.031663,0.004187,0.535251,0.0187,0.047629,-0.024476,-0.420601,-0.025026,0.906899,0.423545,-0.889417,0.171888,0.802311,0.45641,0.384689,0.029202,0.013352,-0.024367,-0.009618,0.143214,-0.225626,0.519466,0.063157,0.057989,-0.056949,-0.467957,0.600617,-0.648286,-0.876706,-0.407937,0.254898,-0.111364,0.687638,0.717461,0.037654,0.00028,-0.007233,0.044934,-0.130528,0.207069,-0.831658
569,0.052839,0.07329,0.368105,-0.572383,0.491156,-0.656649,-0.779272,-0.575037,0.249077,-0.254557,0.653663,0.712708,0.0586,-0.007095,-0.018892,0.387113,-0.835493,0.475409,-1.90369,-0.139823,0.064349,0.315988,0.523539,-0.009001,0.851949,-0.431311,0.859467,0.274264,-0.735323,-0.511031,0.444984,0.069751,0.03544,-0.043383,0.012577,-0.016158,-0.021567,0.53495,0.019967,0.048254,-0.025386,-0.417787,-0.055325,0.906858,0.4653,-0.870338,0.161265,0.780352,0.489336,0.389358,0.028063,0.02269,-0.025232,-1.260013,-0.412207,-0.728615,0.520283,0.064297,0.057893,-0.057196,-0.502001,0.559599,-0.659426,-0.847595,-0.469942,0.246448,-0.17198,0.682644,0.710224,0.02343,-0.002238,-0.008707,1.390277,-2.251065,1.358546,-0.833291
570,0.05472,0.072744,0.367393,-0.61096,0.399571,-0.683458,-0.703998,-0.669088,0.238074,-0.361413,0.626108,0.690939,0.051836,-0.028598,-0.017035,4.150653,-1.864906,-4.342894,-1.90613,-0.13721,0.065922,0.314291,0.525359,0.02822,0.850408,-0.489734,0.827251,0.275228,-0.696368,-0.5611,0.447328,0.067604,0.05109,-0.047253,-0.243666,-0.246209,-0.00821,0.534665,0.0213,0.049052,-0.026246,-0.41944,-0.09223,0.903085,0.523339,-0.837434,0.157541,0.741744,0.538699,0.399521,0.034608,0.019706,-0.020256,-1.303448,-0.580273,-0.5715,0.521915,0.065259,0.057617,-0.05756,-0.550488,0.474114,-0.687152,-0.786124,-0.571444,0.235497,-0.281016,0.669826,0.687285,0.025638,-0.014936,-0.008937,4.167768,-1.846134,-4.336074,-0.835087
571,0.056172,0.07142,0.36657,-0.655362,0.249449,-0.712967,-0.55133,-0.803158,0.225706,-0.515514,0.540685,0.66478,0.034877,-0.038204,-0.022809,5.200832,-3.658731,-2.691626,-1.909745,-0.134523,0.067667,0.312561,0.527144,0.064803,0.847296,-0.544034,0.791607,0.278062,-0.653343,-0.607614,0.451454,0.067515,0.050289,-0.047852,0.187609,-0.105703,0.219044,0.531797,0.022643,0.049933,-0.027105,-0.421364,-0.128786,0.8977,0.577896,-0.800994,0.156341,0.698919,0.584654,0.411935,0.034648,0.018883,-0.020908,0.144866,-0.092523,0.199771,0.523222,0.065973,0.05697,-0.057962,-0.614476,0.334461,-0.71453,-0.654607,-0.721663,0.225145,-0.440348,0.606083,0.662385,0.015965,-0.025723,-0.008061,1.226121,-1.052172,-2.019926,-0.837863
572,0.056883,0.070571,0.366149,-0.659131,0.186231,-0.728636,-0.476457,-0.853012,0.212914,-0.581069,0.487265,0.651888,0.03276,-0.049903,-0.015234,1.783449,-1.10854,-1.113299,-1.911281,-0.133171,0.068464,0.311696,0.529945,0.065935,0.84546,-0.54461,0.79058,0.27985,-0.650593,-0.608829,0.453783,0.06758,0.049287,-0.048636,0.191005,-0.10411,0.221069,0.528009,0.023318,0.050333,-0.027535,-0.424344,-0.129776,0.896152,0.578639,-0.800107,0.158129,0.696496,0.58565,0.414614,0.034717,0.018259,-0.021408,0.154532,-0.074302,0.182703,0.522405,0.066337,0.056521,-0.058187,-0.626253,0.267294,-0.732365,-0.582719,-0.784547,0.211949,-0.517923,0.559498,0.647083,0.01619,-0.025399,-0.007909,1.84282,-1.10292,-1.066029,-0.842925
573,0.058307,0.068972,0.365439,-0.639157,0.072594,-0.765672,-0.315521,-0.932647,0.174893,-0.700616,0.353274,0.61997,0.034894,-0.045757,-0.012884,4.731214,-1.435774,-3.310618,-1.912607,-0.130678,0.069701,0.310012,0.529955,0.063166,0.845665,-0.539292,0.794607,0.278743,-0.655005,-0.603856,0.454081,0.069782,0.033694,-0.045033,0.151633,-0.075061,0.181427,0.522668,0.024589,0.050974,-0.028393,-0.424463,-0.126894,0.896509,0.572996,-0.804291,0.15745,0.701074,0.580528,0.414101,0.034943,0.016701,-0.022681,0.152887,-0.078107,0.185513,0.520446,0.067043,0.055709,-0.05855,-0.62062,0.152727,-0.769093,-0.434029,-0.88379,0.174735,-0.65303,0.442253,0.614786,0.017413,-0.022906,-0.006508,4.74634,-1.381987,-3.29545,-0.838843
574,0.059918,0.067052,0.364695,-0.618265,-0.055634,-0.784027,-0.09563,-0.984753,0.145221,-0.779387,0.164824,0.604497,0.046889,-0.042382,-0.025756,5.991066,-1.337679,-3.327701,-1.913432,-0.128514,0.070467,0.308411,0.520407,0.062252,0.851641,-0.538218,0.798114,0.270681,-0.663485,-0.599307,0.447752,0.04776,0.015329,-0.041101,0.45825,2.076452,-1.93575,0.522492,0.025653,0.051352,-0.029177,-0.416987,-0.125834,0.900159,0.5704,-0.807297,0.151377,0.707648,0.576573,0.408408,0.023959,0.007334,-0.020846,0.110782,-0.03938,0.110809,0.519793,0.067832,0.054768,-0.058911,-0.616199,0.024648,-0.787203,-0.227544,-0.962457,0.14798,-0.754003,0.270309,0.598674,0.027887,-0.029166,-0.010442,5.193569,-0.913649,-2.463802,-0.843088
575,0.060868,0.066155,0.364325,-0.60525,-0.101888,-0.789516,-0.011895,-0.990503,0.136877,-0.795214,0.092356,0.599276,0.047438,-0.04813,-0.014533,1.433386,-0.699916,-0.354814,-1.91343,-0.127637,0.070644,0.307627,0.520923,0.061357,0.85139,-0.536464,0.799265,0.27077,-0.664502,-0.597863,0.448175,0.048178,0.013228,-0.042894,0.110614,-0.03404,0.105412,0.522627,0.026091,0.051442,-0.029568,-0.414784,-0.125361,0.901243,0.569266,-0.808437,0.149544,0.709852,0.575076,0.406691,0.019037,-0.000948,-0.018818,0.069858,0.007598,0.038493,0.520446,0.068302,0.054311,-0.059106,-0.610251,-0.025128,-0.791809,-0.139409,-0.980492,0.138558,-0.779845,0.19494,0.594843,0.024696,-0.018352,-0.011273,4.866282,-1.345265,-2.937837,-0.844395
576,0.062339,0.064963,0.363862,-0.5963,-0.166436,-0.785347,0.115423,-0.985877,0.121228,-0.793693,-0.018159,0.60807,0.028596,-0.031588,-0.004494,1.55239,0.02124,-0.361379,-1.913641,-0.126054,0.070402,0.305962,0.521619,0.059898,0.851068,-0.533744,0.801043,0.270889,-0.666146,-0.595625,0.448713,0.040064,-0.012695,-0.046675,0.066338,0.028293,0.014624,0.523077,0.026884,0.051343,-0.03039,-0.415618,-0.123846,0.901067,0.5665,-0.810307,0.149927,0.711574,0.572768,0.406937,0.020108,-0.00668,-0.023624,0.067137,0.028394,0.014989,0.520772,0.069043,0.053704,-0.059344,-0.609007,-0.090795,-0.78795,-0.01259,-0.992194,0.12406,-0.793064,0.085474,0.60311,0.015311,-0.009922,-0.006185,4.804666,-0.428601,-2.463484,-0.838843
577,0.0634,0.063842,0.363619,-0.610539,-0.199906,-0.766371,0.192461,-0.976057,0.101208,-0.767496,-0.085464,0.635352,0.028816,-0.031399,-0.004412,1.725267,0.703731,-0.442326,-1.913644,-0.124691,0.069345,0.303945,0.527507,0.057983,0.847565,-0.529823,0.802244,0.275003,-0.664645,-0.594194,0.452817,0.044712,-0.038922,-0.052706,0.023976,0.075254,-0.046717,0.524527,0.027563,0.05083,-0.031391,-0.422017,-0.12174,0.898376,0.563028,-0.811873,0.154467,0.710563,0.570999,0.411167,0.015339,-0.014576,-0.029741,0.063442,0.068355,-0.041172,0.521916,0.069577,0.053152,-0.059461,-0.626723,-0.122187,-0.769601,0.064827,-0.992381,0.104765,-0.776539,0.015768,0.62987,0.007691,-0.019408,0.002834,4.742627,0.361034,-2.689887,-0.83574
578,0.064052,0.062728,0.363603,-0.624082,-0.227887,-0.747418,0.261712,-0.962229,0.074786,-0.735455,-0.14866,0.661085,0.006433,-0.022754,0.000859,0.528923,0.839612,0.426601,-1.914122,-0.123218,0.067489,0.30166,0.553181,0.047412,0.831706,-0.511112,0.80761,0.294049,-0.658423,-0.587813,0.469914,0.048821,-0.060668,-0.055762,-0.123082,-0.500877,0.48051,0.51281,0.028317,0.049883,-0.032557,-0.449364,-0.110448,0.886494,0.546734,-0.818786,0.175127,0.706507,0.563373,0.428318,0.024529,-0.03089,-0.028364,-0.132979,-0.547696,0.521963,0.515057,0.069911,0.052592,-0.059471,-0.643984,-0.148571,-0.750473,0.136785,-0.987515,0.078122,-0.75271,-0.052345,0.656266,0.008227,-0.018392,0.003563,0.777609,0.992606,0.089744,-0.83623
579,0.064264,0.062299,0.363696,-0.628245,-0.237548,-0.740894,0.290022,-0.955108,0.060233,-0.721161,-0.176747,0.669862,0.008782,-0.017057,0.004396,0.646536,0.544857,0.047168,-1.914588,-0.122306,0.0663,0.300464,0.566414,0.041888,0.823051,-0.501705,0.809747,0.304196,-0.654408,-0.585278,0.478604,0.047434,-0.049591,-0.063747,0.018111,0.078046,-0.053056,0.508645,0.028737,0.049323,-0.033115,-0.463892,-0.104482,0.879708,0.538515,-0.821745,0.186374,0.703423,0.560194,0.437466,0.024819,-0.031613,-0.029365,-0.027361,-0.202712,0.229459,0.509179,0.070014,0.052368,-0.059431,-0.650412,-0.156632,-0.743256,0.16534,-0.984239,0.06273,-0.741367,-0.08209,0.666058,0.003513,-0.014006,0.006266,1.536615,0.611485,-0.684949,-0.829535
580,0.064457,0.06159,0.364086,-0.62917,-0.262447,-0.73165,0.338766,-0.939745,0.045704,-0.698777,-0.218783,0.681081,-0.003571,-0.022098,0.016206,4.018147,-0.138911,-3.749692,-1.914556,-0.120376,0.063958,0.298233,0.597414,0.019932,0.801679,-0.473568,0.815431,0.332774,-0.647809,-0.578475,0.495553,0.037518,-0.063575,-0.059083,-0.368774,-2.062883,2.143127,0.509485,0.029726,0.048126,-0.03426,-0.49447,-0.081884,0.865328,0.514855,-0.8297,0.215688,0.700301,0.552171,0.45242,0.031263,-0.02961,-0.029267,-0.028575,-0.086672,0.319593,0.504117,0.070116,0.052013,-0.05923,-0.655425,-0.179905,-0.73352,0.21414,-0.975625,0.047943,-0.724266,-0.125653,0.677974,-0.001698,-0.010842,0.008217,3.948973,-0.245891,-3.807278,-0.834434
