frame,MLTx,MLTy,MLTz,MLTR1,MLTR2,MLTR3,MLTR4,MLTR5,MLTR6,MLTR7,MLTR8,MLTR9,MLTTVx,MLTTVy,MLTTVz,MLTRVx,MLTRVy,MLTRVz,MLGA,MRTx,MRTy,MRTz,MRTR1,MRTR2,MRTR3,MRTR4,MRTR5,MRTR6,MRTR7,MRTR8,MRTR9,MRTTVx,MRTTVy,MRTTVz,MRTRVx,MRTRVy,MRTRVz,MRGA,SLTx,SLTy,SLTz,SLTR1,SLTR2,SLTR3,SLTR4,SLTR5,SLTR6,SLTR7,SLTR8,SLTR9,SLTTVx,SLTTVy,SLTTVz,SLTRVx,SLTRVy,SLTRVz,SLGA,SRTx,SRTy,SRTz,SRTR1,SRTR2,SRTR3,SRTR4,SRTR5,SRTR6,SRTR7,SRTR8,SRTR9,SRTTVx,SRTTVy,SRTTVz,SRTRVx,SRTRVy,SRTRVz,SRGA
659,0.078134,0.028018,0.377079,-0.504159,-0.522381,-0.687741,-0.347305,-0.606503,0.715196,-0.7901,0.600076,0.12521,0.014634,-0.003794,0.013302,-0.074514,-0.066972,-0.015061,0.465305,-0.188322,0.05969,0.342454,0.60542,0.354231,0.712726,-0.727172,0.610035,0.31466,-0.324069,-0.709213,0.625987,0.000691,-0.008205,0.009533,-0.028057,-0.013232,-0.000622,-1.408714,0.025422,0.051939,-0.005385,-0.632192,-0.235301,0.738218,0.623291,-0.720419,0.304143,0.460262,0.652402,0.602104,4.4e-05,0.001201,0.000752,-0.011968,0.009225,0.004721,-0.834539,0.053708,0.037422,-0.051742,-0.557644,-0.431828,-0.708912,-0.316007,-0.679281,0.662356,-0.767575,0.593379,0.242336,0.007329,-0.001849,0.00667,-0.049337,0.057295,-0.222506,0.445111
660,0.078458,0.027854,0.377409,-0.507426,-0.529533,-0.679823,-0.343542,-0.599229,0.723101,-0.789649,0.601125,0.123,0.013669,-0.013677,0.022598,-0.212259,-0.19601,-0.082859,0.465282,-0.188306,0.059636,0.342562,0.604939,0.356656,0.711924,-0.727789,0.610215,0.312878,-0.32358,-0.707844,0.627787,0.000136,0.003434,0.002145,0.048242,-0.086547,-0.029569,-1.408242,0.025431,0.051909,-0.005328,-0.632156,-0.237681,0.737486,0.623784,-0.72072,0.302416,0.459642,0.651207,0.603869,0.000318,-0.004709,0.004388,0.009086,-0.059792,-0.073368,-0.834866,0.05387,0.037343,-0.051581,-0.560941,-0.439208,-0.70174,-0.311445,-0.673428,0.670443,-0.767037,0.594633,0.240965,0.007467,-0.001424,0.006941,-0.2478,-0.295684,-0.095448,0.442498
661,0.078734,0.027286,0.378385,-0.511579,-0.536002,-0.67159,-0.341716,-0.59025,0.731305,-0.787756,0.604279,0.119641,0.012869,-0.02312,0.032202,-0.143993,0.068418,-0.194416,0.454144,-0.188309,0.059521,0.342766,0.604945,0.35664,0.711928,-0.727994,0.609754,0.313302,-0.323108,-0.708249,0.627572,0.000107,0.002695,0.001682,1e-05,-1.5e-05,-1.1e-05,-1.408396,0.025429,0.051853,-0.005224,-0.632148,-0.23757,0.737528,0.624133,-0.720184,0.302971,0.45918,0.651839,0.603538,0.000334,-0.00431,0.004639,-0.035864,-0.001804,0.007983,-0.833396,0.054013,0.037052,-0.051086,-0.56428,-0.447024,-0.694086,-0.309154,-0.665138,0.679716,-0.765513,0.59813,0.237125,0.006463,-0.011443,0.01617,-0.116916,0.093388,-0.179559,0.432211
662,0.078792,0.026495,0.379747,-0.512979,-0.535341,-0.671049,-0.344652,-0.58754,0.732108,-0.785564,0.6075,0.11773,-0.000509,-0.029957,0.043501,-0.1363,0.06277,-0.036011,0.447291,-0.188324,0.059466,0.342943,0.60689,0.353063,0.712055,-0.724635,0.613636,0.31351,-0.326999,-0.706682,0.627324,0.000125,0.00316,0.00197,0.0,-0.0,-0.0,-1.408464,0.025421,0.051825,-0.005137,-0.633453,-0.233685,0.737649,0.620159,-0.72344,0.303375,0.462751,0.649634,0.603188,7e-05,0.001846,0.001151,0.001728,-0.016678,0.023431,-0.829804,0.054043,0.03667,-0.05042,-0.565725,-0.446173,-0.693458,-0.311778,-0.662802,0.680798,-0.763379,0.60135,0.235857,0.000408,-0.009435,0.017468,-0.097231,-0.046702,0.156257,0.422904
663,0.07861,0.025446,0.381462,-0.514417,-0.531885,-0.672695,-0.348825,-0.586852,0.730683,-0.782777,0.611189,0.117194,-0.012717,-0.026232,0.045935,-0.115515,0.009306,0.12264,0.435156,-0.188316,0.059466,0.343064,0.608937,0.349457,0.712086,-0.721103,0.6177,0.313672,-0.330988,-0.704925,0.627208,6.4e-05,0.001621,0.00101,0.000861,0.000379,0.000758,-1.408767,0.025426,0.051828,-0.005074,-0.634858,-0.229772,0.737671,0.615985,-0.726848,0.303731,0.466387,0.647221,0.602982,3.4e-05,0.000928,0.000576,0.003183,0.000861,0.002183,-0.830784,0.053957,0.036145,-0.049563,-0.567412,-0.442325,-0.694544,-0.315858,-0.662035,0.679663,-0.760445,0.605027,0.235934,-4.1e-05,-0.014296,0.022221,-0.141575,0.070838,-0.033004,0.411147
664,0.078413,0.024858,0.382427,-0.516312,-0.529229,-0.673338,-0.350552,-0.586777,0.729916,-0.780756,0.613561,0.118282,-0.013607,-0.035944,0.055455,-0.154437,0.12046,-0.069063,0.425049,-0.18833,0.059476,0.343115,0.608949,0.349458,0.712075,-0.72113,0.61763,0.313746,-0.330905,-0.704986,0.627184,0.000109,0.002739,0.001705,0.001656,-0.016633,0.023474,-1.408356,0.025418,0.05183,-0.00505,-0.634854,-0.22978,0.737672,0.616039,-0.726779,0.303787,0.466321,0.647295,0.602953,2.5e-05,0.000691,0.000429,-3.4e-05,-7.5e-05,-0.000114,-0.831437,0.053859,0.035854,-0.049085,-0.569221,-0.439465,-0.694879,-0.317686,-0.661961,0.678883,-0.758329,0.607188,0.237191,6.7e-05,-0.01398,0.022443,-0.141519,-0.03923,0.166274,0.401676
665,0.077872,0.023619,0.384614,-0.523229,-0.522327,-0.673388,-0.352747,-0.586589,0.729009,-0.775138,0.619623,0.123515,-0.012234,-0.031922,0.058112,-0.130411,0.042079,0.14568,0.420225,-0.188337,0.059536,0.343153,0.608833,0.349476,0.712166,-0.721209,0.617581,0.313663,-0.33095,-0.70502,0.627121,1.8e-05,0.000452,0.000281,0.0,-0.0,-0.0,-1.408669,0.025415,0.051864,-0.005029,-0.634754,-0.229814,0.737747,0.616112,-0.726748,0.303712,0.466359,0.647318,0.602898,7e-06,0.000181,0.000113,-6.2e-05,-4.5e-05,-3.1e-05,-0.832416,0.053591,0.03524,-0.048017,-0.576077,-0.432462,-0.693622,-0.31975,-0.661728,0.67814,-0.752259,0.612447,0.242927,-0.006241,-0.016236,0.02889,-0.16124,0.132445,-0.064642,0.385837
666,0.077323,0.022562,0.386731,-0.523732,-0.521661,-0.673513,-0.347711,-0.590879,0.727964,-0.777069,0.616094,0.128919,-0.011733,-0.023333,0.047941,-0.012928,0.252309,0.018063,0.432757,-0.188355,0.059536,0.343154,0.608677,0.349501,0.712286,-0.721313,0.617515,0.313553,-0.331008,-0.705066,0.62704,-1e-06,-2.5e-05,-1.6e-05,0.0,-0.0,-0.0,-1.408509,0.025406,0.051863,-0.005029,-0.634601,-0.229866,0.737863,0.616225,-0.726701,0.303597,0.466419,0.647353,0.602814,-3e-06,-5.6e-05,-3.5e-05,-0.011457,0.114756,-0.162038,-0.83356,0.053323,0.034711,-0.046947,-0.576032,-0.432396,-0.6937,-0.315216,-0.665503,0.676567,-0.754205,0.60839,0.247053,-0.006384,-0.016639,0.028674,0.05348,0.294615,0.233556,0.390246
667,0.076989,0.022077,0.387695,-0.523306,-0.522431,-0.673248,-0.345255,-0.592349,0.727938,-0.778449,0.614025,0.130451,-0.024664,-0.021601,0.04907,-0.116166,0.122883,-0.08059,0.434298,-0.188346,0.059528,0.343149,0.608796,0.349484,0.712194,-0.721234,0.617565,0.313637,-0.330962,-0.70503,0.627103,-3e-06,-8.1e-05,-5e-05,0.0,-0.0,-0.0,-1.408324,0.02541,0.051858,-0.005032,-0.634718,-0.22983,0.737773,0.616142,-0.726735,0.303685,0.46637,0.647328,0.60288,-3e-06,-6.4e-05,-4e-05,-3.4e-05,-4e-06,-2.5e-05,-0.833886,0.053153,0.034463,-0.046445,-0.576142,-0.432451,-0.693574,-0.312681,-0.667403,0.675872,-0.755176,0.606266,0.2493,-0.006032,-0.012045,0.023752,-0.154382,0.076714,-0.068374,0.394981
668,0.07636,0.021358,0.389488,-0.525095,-0.520106,-0.673654,-0.338417,-0.598703,0.725947,-0.780241,0.609813,0.139208,-0.010447,-0.0125,0.039131,0.149936,0.413248,0.115602,0.441499,-0.188357,0.059476,0.343117,0.608543,0.349518,0.712393,-0.721402,0.617459,0.313459,-0.331061,-0.705106,0.626966,-7e-05,-0.001767,-0.0011,0.0,-0.0,-0.0,-1.408136,0.025405,0.051834,-0.005047,-0.634467,-0.229905,0.737966,0.616321,-0.726661,0.303499,0.466475,0.647385,0.602738,-4.2e-05,-0.001035,-0.000645,-0.001681,0.016634,-0.023495,-0.834376,0.052828,0.034091,-0.045534,-0.577247,-0.431179,-0.693447,-0.306452,-0.672756,0.673413,-0.756883,0.601234,0.256211,-0.005228,-0.006175,0.01962,0.244435,0.501534,0.157772,0.401023
669,0.07563,0.020978,0.39093,-0.524671,-0.525411,-0.669858,-0.330429,-0.599504,0.72896,-0.783939,0.604457,0.141771,-0.022962,-0.002477,0.029763,-0.030638,0.108591,-0.03918,0.444291,-0.188369,0.059401,0.343071,0.608355,0.349544,0.712541,-0.721527,0.61738,0.313327,-0.331134,-0.705163,0.626864,-0.000103,-0.002582,-0.001608,0.0,-0.0,-0.0,-1.408538,0.025399,0.051797,-0.005069,-0.634282,-0.229962,0.738108,0.616454,-0.726606,0.303362,0.466552,0.647427,0.602633,-6.1e-05,-0.001536,-0.000957,-0.001668,0.016633,-0.023491,-0.834539,0.052472,0.033907,-0.04482,-0.577285,-0.435982,-0.690406,-0.29807,-0.674658,0.675269,-0.760194,0.595613,0.259517,-0.005252,-0.002707,0.013966,-0.042524,0.086549,-0.012928,0.410983
670,0.074728,0.021086,0.391926,-0.520122,-0.531696,-0.668444,-0.324075,-0.601274,0.730354,-0.789603,0.597159,0.141264,-0.021789,0.007884,0.020544,-0.035372,0.035553,-0.048745,0.442489,-0.188381,0.059327,0.343025,0.608283,0.349556,0.712596,-0.721576,0.617349,0.313275,-0.33116,-0.705184,0.626827,-5.7e-05,-0.001434,-0.000894,0.0,-0.0,-0.0,-1.408169,0.025393,0.051757,-0.005094,-0.634211,-0.229985,0.738161,0.616505,-0.726584,0.303309,0.46658,0.647442,0.602595,-3.6e-05,-0.000914,-0.000569,-0.001668,0.016627,-0.023474,-0.834703,0.05202,0.033954,-0.044321,-0.572711,-0.442611,-0.689997,-0.291835,-0.676481,0.67617,-0.76605,0.588616,0.258258,-0.010843,0.004145,0.010409,-0.036398,0.034937,-0.049948,0.409677
671,0.074355,0.021345,0.392228,-0.517358,-0.534835,-0.668085,-0.320539,-0.602765,0.730685,-0.792857,0.592836,0.141247,-0.020825,0.017636,0.01095,-0.000951,0.016769,-0.033211,0.445694,-0.188381,0.059319,0.343021,0.608266,0.349559,0.71261,-0.721587,0.617342,0.313264,-0.331167,-0.705189,0.626818,-1.3e-05,-0.000318,-0.000199,0.0,-0.0,-0.0,-1.408202,0.025393,0.051751,-0.005098,-0.634194,-0.22999,0.738174,0.616517,-0.726579,0.303296,0.466587,0.647446,0.602585,-4e-06,-0.000129,-8e-05,-8e-06,6e-06,-6e-06,-0.834866,0.051833,0.03408,-0.044166,-0.569997,-0.445835,-0.690168,-0.288328,-0.678032,0.67612,-0.769395,0.584382,0.25793,-0.004174,0.007369,0.004572,0.000483,0.002871,-0.004787,0.411963
672,0.073627,0.021876,0.392546,-0.513909,-0.541086,-0.665709,-0.322154,-0.597519,0.734275,-0.794446,0.592484,0.133592,-0.022512,0.012759,0.007924,-0.105377,-0.113898,-0.124803,0.436631,-0.188372,0.059334,0.343029,0.608203,0.349563,0.712661,-0.721628,0.617317,0.313221,-0.331194,-0.705209,0.626781,5.7e-05,0.001422,0.000886,0.0,0.0,0.0,-1.407931,0.025397,0.051757,-0.005094,-0.634131,-0.230005,0.738224,0.616561,-0.72656,0.303252,0.466615,0.647462,0.602547,3.3e-05,0.000833,0.000519,-3e-06,-2.1e-05,2.1e-05,-0.834866,0.051471,0.034352,-0.044003,-0.566521,-0.452416,-0.688746,-0.289803,-0.673034,0.680469,-0.771405,0.585101,0.250177,-0.004372,0.010275,-0.001436,-0.079452,-0.180656,-0.063166,0.409514
673,0.073015,0.022535,0.392732,-0.510646,-0.550495,-0.660485,-0.3223,-0.589641,0.740552,-0.79649,0.591718,0.124501,-0.00946,0.01132,0.006979,-0.135431,-0.18484,-0.089455,0.424303,-0.188333,0.059376,0.343075,0.610335,0.345932,0.712611,-0.717925,0.621574,0.313309,-0.335306,-0.703251,0.626794,7.1e-05,0.001791,0.001116,0.00957,0.004208,0.008418,-1.407848,0.025417,0.051779,-0.005071,-0.635613,-0.226061,0.738167,0.612194,-0.730123,0.303543,0.470334,0.644838,0.602469,4.5e-05,0.001151,0.000715,0.032463,0.013725,0.028063,-0.835519,0.051158,0.034676,-0.043913,-0.563147,-0.462489,-0.684812,-0.289396,-0.665854,0.687667,-0.774024,0.58544,0.241131,-0.010992,0.007067,0.004383,-0.148406,-0.195318,-0.130006,0.394981
674,0.072665,0.022759,0.392907,-0.510273,-0.555815,-0.656305,-0.32147,-0.584568,0.744922,-0.797064,0.591786,0.120435,-0.022187,0.013484,0.00834,-0.082096,-0.094776,-0.084406,0.421591,-0.188313,0.059381,0.343099,0.6104,0.345916,0.712563,-0.717898,0.621565,0.31339,-0.335247,-0.703267,0.626808,0.000577,-0.011074,0.007753,-0.036326,0.013327,-0.016561,-1.407986,0.025427,0.05179,-0.00506,-0.635691,-0.226029,0.73811,0.612141,-0.730137,0.303614,0.470297,0.644833,0.602503,1.2e-05,0.000337,0.000209,-3.8e-05,-0.0001,-0.000115,-0.835356,0.050988,0.034789,-0.043826,-0.562425,-0.468572,-0.681262,-0.288228,-0.661143,0.692685,-0.774985,0.585943,0.236788,-0.011189,0.006495,0.004027,-0.049014,-0.062918,-0.094828,0.388449
675,0.07197,0.023152,0.393244,-0.505987,-0.56407,-0.65257,-0.323754,-0.577074,0.749761,-0.798875,0.591341,0.11019,-0.010576,0.008121,0.005003,-0.040896,-0.039963,-0.054613,0.420246,-0.188258,0.059388,0.34311,0.610422,0.345894,0.712554,-0.717885,0.62156,0.313428,-0.335232,-0.703283,0.626798,0.0,5e-06,3e-06,0.0,0.0,0.0,-1.407862,0.025454,0.051789,-0.005051,-0.635696,-0.226009,0.738111,0.612156,-0.730106,0.303659,0.47027,0.644875,0.602479,0.005974,-1.6e-05,-0.000431,0.001979,-0.015238,0.029203,-0.835846,0.050638,0.03499,-0.043654,-0.558008,-0.477339,-0.678802,-0.289999,-0.65425,0.698467,-0.777513,0.586603,0.226649,-0.011918,0.000904,0.00837,-0.026432,0.019828,-0.054282,0.382897
676,0.071537,0.023321,0.393361,-0.502106,-0.569994,-0.650416,-0.325826,-0.572014,0.752735,-0.800483,0.590583,0.102308,-0.012592,0.002558,0.001607,-0.077971,-0.090584,-0.077805,0.413932,-0.188195,0.059363,0.343112,0.610518,0.345858,0.71249,-0.717833,0.621566,0.313536,-0.335171,-0.703294,0.626818,-0.0,-1e-06,-1e-06,0.0,0.0,0.0,-1.408094,0.025486,0.051775,-0.005051,-0.635786,-0.22596,0.738049,0.612108,-0.730101,0.303768,0.470211,0.644898,0.6025,0.005975,1.5e-05,-0.000412,0.002014,-0.015222,0.029192,-0.835846,0.050418,0.035081,-0.043592,-0.55437,-0.483234,-0.677611,-0.291603,-0.649786,0.701958,-0.779513,0.586738,0.219309,-0.006397,0.001011,0.00065,-0.063256,-0.077521,-0.071399,0.377835
677,0.071336,0.023327,0.393365,-0.502511,-0.570151,-0.649966,-0.32556,-0.571684,0.7531,-0.800336,0.590752,0.102473,-0.01355,-6e-05,1e-05,-0.003056,0.025763,-0.056166,0.409554,-0.188176,0.059345,0.343122,0.610532,0.345848,0.712482,-0.717838,0.621537,0.313581,-0.335132,-0.703325,0.626804,-0.0,-0.0,-0.0,0.0,0.0,0.0,-1.408209,0.025495,0.051766,-0.005046,-0.635799,-0.225948,0.738042,0.61212,-0.730072,0.303813,0.470178,0.644935,0.602487,-2e-06,-4e-06,-4e-06,-2.9e-05,-1.9e-05,-5.2e-05,-0.835519,0.050318,0.035085,-0.043589,-0.554746,-0.483426,-0.677166,-0.291193,-0.649602,0.702298,-0.779398,0.586783,0.219594,-0.006855,-0.000244,-0.000118,0.009243,0.038391,-0.05014,0.372937
678,0.07092,0.023272,0.393333,-0.489454,-0.585092,-0.646642,-0.310603,-0.575958,0.756155,-0.814256,0.571679,0.100984,-0.001282,-0.003501,-0.002139,1.071686,-1.254245,-0.16769,0.403892,-0.188166,0.059319,0.343138,0.610399,0.34586,0.712591,-0.717952,0.621427,0.31354,-0.335132,-0.703417,0.626701,-5.8e-05,-0.001485,-0.000925,-0.001658,0.016625,-0.023479,-1.408208,0.0255,0.051757,-0.005035,-0.635683,-0.225976,0.738133,0.612238,-0.729988,0.303778,0.470182,0.64502,0.602392,-1e-06,-5e-06,-4e-06,-2.8e-05,-1.2e-05,-4.4e-05,-0.835192,0.050107,0.03505,-0.043609,-0.542163,-0.498575,-0.676373,-0.276436,-0.654306,0.703893,-0.793499,0.568599,0.216916,-0.000687,-0.001879,-0.001136,1.085475,-1.270364,-0.147711,0.363302
679,0.070881,0.023235,0.393218,-0.484738,-0.590673,-0.64512,-0.313045,-0.571574,0.758471,-0.816144,0.570345,0.092965,0.01226,0.003552,-0.013402,-0.214304,-0.36026,-0.136425,0.402713,-0.188175,0.05931,0.343144,0.610367,0.345866,0.712615,-0.717982,0.621395,0.313533,-0.335124,-0.703442,0.626677,-0.0,-0.0,-0.0,0.0,0.0,0.0,-1.408329,0.025496,0.051749,-0.005035,-0.635635,-0.225993,0.73817,0.612285,-0.729956,0.303757,0.470185,0.64505,0.602358,0.0,3e-06,2e-06,-2.7e-05,-1.4e-05,-3e-05,-0.834703,0.050083,0.03503,-0.043662,-0.538099,-0.50349,-0.675978,-0.278033,-0.65107,0.706261,-0.795704,0.567983,0.210354,-0.000406,-0.001121,-0.000682,-0.435369,-0.522484,-0.244806,0.35922
680,0.07101,0.023177,0.392925,-0.479127,-0.60649,-0.634549,-0.301043,-0.565563,0.767778,-0.823936,0.559643,0.089193,-0.001091,0.004073,-0.013048,0.531868,0.66379,-2.648636,0.398085,-0.188174,0.0593,0.34316,0.610792,0.343417,0.713435,-0.717506,0.620922,0.315554,-0.335371,-0.705055,0.624729,3.1e-05,0.000779,0.000485,-0.046396,0.069877,0.0528,-1.407853,0.025497,0.051742,-0.005028,-0.635585,-0.223425,0.738994,0.612023,-0.729284,0.305893,0.470593,0.646703,0.600264,2e-05,0.000524,0.000326,-0.048909,0.077193,0.059173,-0.834866,0.050154,0.035003,-0.043807,-0.529798,-0.520533,-0.669595,-0.267845,-0.646408,0.714433,-0.804718,0.557853,0.203044,0.005159,-0.004413,-0.002726,-0.053037,-0.094367,-0.028593,0.355138
681,0.071175,0.023156,0.392725,-0.471801,-0.621069,-0.625877,-0.291009,-0.560409,0.775389,-0.831735,0.548736,0.08445,0.011789,0.002248,-0.014204,0.024631,0.046574,-1.050492,0.394121,-0.188163,0.059313,0.343189,0.610971,0.343389,0.713295,-0.717404,0.620959,0.315713,-0.335265,-0.705036,0.624808,7.8e-05,0.001997,0.001244,-0.000679,0.001021,0.000772,-1.40786,0.025502,0.051746,-0.005015,-0.635782,-0.223329,0.738853,0.611854,-0.729365,0.306038,0.470547,0.646644,0.600363,4.7e-05,0.001203,0.000749,0.009683,-0.025016,0.018086,-0.834213,0.05023,0.03499,-0.043909,-0.523511,-0.536673,-0.661753,-0.255804,-0.641854,0.722901,-0.812711,0.547726,0.198735,0.005517,-0.003536,-0.002168,0.364671,0.435827,-2.69277,0.349749
682,0.071617,0.023213,0.392292,-0.459197,-0.651548,-0.603878,-0.281075,-0.538324,0.794465,-0.842149,0.535361,0.06482,0.012121,0.00316,-0.013644,-0.497655,-0.560167,-0.659015,0.399636,-0.188156,0.05934,0.343293,0.610975,0.343382,0.713295,-0.717469,0.620814,0.31585,-0.335116,-0.705168,0.624739,0.000634,-0.009698,0.008613,-0.036328,0.013304,-0.016575,-1.407838,0.025506,0.051763,-0.00496,-0.63579,-0.223422,0.738817,0.611949,-0.729268,0.306079,0.470412,0.646721,0.600385,0.000317,-0.004826,0.00432,-0.036279,0.013095,-0.01677,-0.835356,0.050455,0.035018,-0.044131,-0.511281,-0.569571,-0.643566,-0.243504,-0.622148,0.744067,-0.824194,0.537139,0.1794,0.006054,0.001536,-0.006856,-0.599935,-0.6479,-0.693853,0.348606
683,0.071979,0.023385,0.391684,-0.42487,-0.694813,-0.580315,-0.271703,-0.513649,0.813826,-0.863012,0.504308,0.03018,0.025066,0.008592,-0.025888,-0.614653,-0.674675,-0.847625,0.398713,-0.18815,0.059328,0.343385,0.611015,0.343369,0.713267,-0.717519,0.620665,0.31603,-0.334935,-0.705305,0.624681,0.00059,-0.010832,0.007909,-0.036328,0.013299,-0.016578,-1.408196,0.025509,0.051764,-0.004916,-0.635841,-0.223405,0.738779,0.612012,-0.729146,0.306245,0.470262,0.646866,0.600347,1.6e-05,0.000455,0.000283,-7.3e-05,-2.8e-05,-6.3e-05,-0.834376,0.050627,0.035102,-0.044424,-0.476462,-0.615552,-0.627756,-0.23274,-0.600233,0.765213,-0.847829,0.510699,0.142724,0.00561,0.000286,-0.00762,-0.889746,-0.974252,-0.86936,0.349913
684,0.072255,0.02351,0.391247,-0.416011,-0.711779,-0.565995,-0.276749,-0.493819,0.824333,-0.86573,0.500454,0.009161,0.024248,0.006342,-0.027271,-0.711058,-0.765383,-0.922457,0.392804,-0.188147,0.059299,0.343422,0.610988,0.343368,0.713291,-0.717581,0.620561,0.316094,-0.334854,-0.705397,0.62462,0.000565,-0.011457,0.007521,-0.036328,0.013297,-0.01658,-1.408148,0.02551,0.051746,-0.004894,-0.6358,-0.223412,0.738813,0.612114,-0.729032,0.306313,0.470184,0.646992,0.600272,0.000279,-0.005803,0.003713,-0.036386,0.013279,-0.016633,-0.834703,0.050776,0.035171,-0.04465,-0.466927,-0.634772,-0.615664,-0.236756,-0.581065,0.778658,-0.852012,0.509339,0.121029,0.012101,0.003049,-0.013711,-0.774349,-0.818185,-0.952011,0.34681
685,0.072684,0.024149,0.390053,-0.398634,-0.733905,-0.550017,-0.294894,-0.465338,0.834548,-0.867933,0.495788,-0.030234,0.000715,0.023176,-0.032359,-0.600198,-0.338021,-0.153521,0.3745,-0.188153,0.059221,0.343462,0.610853,0.343381,0.7134,-0.717739,0.620358,0.316133,-0.334759,-0.70557,0.624477,-3.6e-05,-0.000917,-0.00057,-0.0,0.0,0.0,-1.407805,0.025507,0.051708,-0.004874,-0.635665,-0.223449,0.738917,0.612309,-0.728855,0.306342,0.470113,0.647177,0.600128,-2.6e-05,-0.000648,-0.000402,-3.7e-05,-3e-05,-2.1e-05,-0.835029,0.050983,0.035468,-0.045221,-0.449094,-0.660167,-0.602074,-0.252148,-0.552817,0.794237,-0.857167,0.508499,0.081807,0.000184,0.011044,-0.016524,-0.501018,-0.390607,-1.034806,0.327705
686,0.072874,0.025108,0.388569,-0.393978,-0.746548,-0.536184,-0.305357,-0.443951,0.8424,-0.866446,0.496542,-0.052383,0.001021,0.03107,-0.042976,-1.133118,-0.505998,1.721224,0.375808,-0.18816,0.059178,0.34349,0.610772,0.34339,0.713465,-0.717837,0.620232,0.316159,-0.334697,-0.705676,0.624389,-0.0,-0.0,-0.0,-0.0,0.0,0.0,-1.407951,0.025504,0.051683,-0.004862,-0.635585,-0.223471,0.73898,0.612428,-0.728747,0.306363,0.470067,0.647292,0.60004,-2e-06,-5e-06,-4e-06,-2.3e-05,-3e-06,-4.1e-05,-0.835193,0.051079,0.035951,-0.045961,-0.444197,-0.674028,-0.590232,-0.260979,-0.532879,0.80494,-0.857075,0.511591,0.060796,0.000462,0.01532,-0.021621,-0.425467,-0.28641,-0.971115,0.315948
687,0.073221,0.025869,0.387056,-0.391988,-0.757134,-0.522626,-0.310841,-0.425713,0.849775,-0.865401,0.496497,-0.067817,0.011015,0.01425,-0.037844,-0.193642,-0.175991,-0.478329,0.378929,-0.188167,0.059199,0.343515,0.610692,0.343403,0.713528,-0.7179,0.62018,0.316118,-0.334709,-0.705716,0.624338,2e-05,0.000521,0.000324,-0.0,0.0,0.0,-1.407586,0.0255,0.051693,-0.004849,-0.635505,-0.223497,0.739041,0.612499,-0.728706,0.306319,0.470083,0.647329,0.599988,-0.005964,0.000297,0.000604,-0.002073,0.015181,-0.029248,-0.835029,0.051254,0.036347,-0.046731,-0.440674,-0.685393,-0.579691,-0.267453,-0.516198,0.813638,-0.856898,0.513589,0.044164,6.2e-05,0.014208,-0.022292,-0.238021,-0.171959,-0.687698,0.319377
688,0.073358,0.026197,0.386315,-0.39015,-0.764224,-0.513605,-0.311856,-0.415199,0.854592,-0.865868,0.494539,-0.075693,-0.001137,0.018013,-0.035478,-0.383237,-0.372421,-0.578147,0.375468,-0.188175,0.059189,0.343531,0.610664,0.343407,0.713549,-0.717936,0.620131,0.316131,-0.334681,-0.705756,0.624307,2.2e-05,0.000571,0.000355,-0.0,0.0,0.0,-1.408054,0.025496,0.051688,-0.004841,-0.635478,-0.223506,0.739061,0.612543,-0.728664,0.30633,0.470061,0.647373,0.599957,1.3e-05,0.000357,0.000221,-1.4e-05,6e-06,-3.3e-05,-0.835682,0.051326,0.036506,-0.047105,-0.439277,-0.69269,-0.572027,-0.267248,-0.507161,0.819368,-0.857679,0.512803,0.037664,0.005472,0.006945,-0.019032,-0.400729,-0.427921,-0.564151,0.319377
689,0.073455,0.026727,0.385127,-0.385153,-0.773443,-0.503477,-0.315844,-0.402179,0.85934,-0.866665,0.490959,-0.088755,-0.000704,0.012154,-0.023552,-1.140138,-0.570532,2.455553,0.365434,-0.188192,0.059171,0.343544,0.6106,0.34342,0.713597,-0.717997,0.620067,0.316118,-0.334666,-0.705807,0.624259,0.0,0.0,0.0,-0.0,0.0,0.0,-1.407918,0.025487,0.05168,-0.004835,-0.635416,-0.223529,0.739108,0.612614,-0.728611,0.306314,0.470053,0.647425,0.599908,-1e-06,-1.1e-05,-8e-06,-1.5e-05,-1e-05,-2.3e-05,-0.835682,0.051371,0.03676,-0.0477,-0.434252,-0.705091,-0.560598,-0.269149,-0.492347,0.827738,-0.859641,0.510332,0.024028,-0.000222,0.006381,-0.011587,-0.273411,-0.290232,-0.315566,0.310886
690,0.07346,0.027032,0.384359,-0.380954,-0.777357,-0.500636,-0.319018,-0.39774,0.860234,-0.867363,0.488388,-0.095841,-0.001821,0.001995,-0.014346,0.014238,-0.026162,-0.020135,0.344305,-0.188182,0.059192,0.343567,0.610675,0.343406,0.71354,-0.717956,0.62008,0.316188,-0.33462,-0.705802,0.624289,6.1e-05,0.001558,0.000968,-0.0,0.0,0.0,-1.407731,0.025493,0.051688,-0.004825,-0.635489,-0.223504,0.739052,0.612573,-0.728616,0.306385,0.470007,0.647429,0.59994,3.3e-05,0.000865,0.000536,-1e-05,3e-06,-2.3e-05,-0.835356,0.051376,0.036925,-0.048093,-0.428585,-0.708599,-0.560537,-0.274342,-0.489049,0.827989,-0.860842,0.508643,0.0152,-0.000865,0.001083,-0.007119,0.061436,-0.004433,0.023618,0.294884
691,0.07332,0.026993,0.384182,-0.378563,-0.777906,-0.501595,-0.321871,-0.397498,0.859282,-0.867359,0.487709,-0.099277,-0.002665,-0.007396,-0.004667,-0.007647,0.005996,-0.029125,0.326208,-0.188163,0.059222,0.343585,0.610781,0.343387,0.713458,-0.717883,0.620124,0.316265,-0.334581,-0.705772,0.624343,7.8e-05,0.001983,0.001232,-0.0,0.0,0.0,-1.407576,0.025502,0.051702,-0.004816,-0.635593,-0.223468,0.738974,0.612497,-0.728646,0.306465,0.469966,0.647407,0.599996,4.6e-05,0.001173,0.000728,0.001648,-0.016595,0.023485,-0.835193,0.051306,0.036908,-0.048186,-0.426373,-0.708951,-0.561777,-0.277121,-0.488814,0.827201,-0.861051,0.508377,0.011952,-0.00742,-0.001864,-0.001181,0.022166,0.031869,-0.021612,0.275126
692,0.072953,0.026882,0.384288,-0.380706,-0.77368,-0.506486,-0.328613,-0.398818,0.856114,-0.863886,0.493327,-0.101773,-0.011895,0.004508,0.002832,0.004792,-0.089708,0.172723,0.317164,-0.188097,0.059288,0.343632,0.610958,0.343342,0.713329,-0.717768,0.620183,0.316413,-0.334506,-0.705742,0.624417,6.9e-05,0.001765,0.001095,0.0,0.0,0.0,-1.407957,0.025535,0.051737,-0.004791,-0.635764,-0.223396,0.738849,0.612379,-0.728681,0.306617,0.469889,0.647392,0.600072,4.2e-05,0.001092,0.000677,1e-06,-4e-06,-2e-05,-0.831437,0.051123,0.036839,-0.048142,-0.429057,-0.703967,-0.565985,-0.283869,-0.489759,0.82435,-0.857512,0.514359,0.010301,-0.006702,-0.003366,0.005681,-0.035189,0.037083,-0.046071,0.245243
693,0.072572,0.026564,0.384697,-0.380456,-0.770967,-0.510793,-0.330832,-0.402351,0.853602,-0.863149,0.494703,-0.101342,-0.014768,-0.017501,0.020182,-0.061453,0.061608,-0.056043,0.310518,-0.188087,0.059287,0.343642,0.610866,0.34335,0.713404,-0.717836,0.620127,0.316366,-0.334526,-0.705788,0.624355,0.0,2e-06,1e-06,0.0,0.0,0.0,-1.407697,0.02554,0.051739,-0.004785,-0.635672,-0.223418,0.738921,0.612454,-0.728639,0.306567,0.469914,0.647432,0.600009,-1e-06,-4.4e-05,-2.7e-05,-5e-06,-6e-06,-1.8e-05,-0.83209,0.050937,0.036698,-0.047938,-0.429051,-0.700579,-0.570178,-0.286224,-0.493257,0.821445,-0.856732,0.515641,0.01111,-0.006759,-0.003485,0.005608,-0.045317,-0.062205,0.126038,0.236916
694,0.0721,0.02623,0.385201,-0.384511,-0.763976,-0.518207,-0.329395,-0.410896,0.85008,-0.861897,0.498509,-0.093005,-0.013478,-0.006855,0.011286,0.013146,0.084845,-0.020241,0.311708,-0.188097,0.059265,0.343629,0.610796,0.343362,0.713458,-0.717884,0.620097,0.316316,-0.334552,-0.705808,0.624318,-1.5e-05,-0.000377,-0.000234,0.0,0.0,0.0,-1.407913,0.025535,0.051727,-0.004792,-0.635603,-0.223441,0.738973,0.612504,-0.728619,0.306515,0.469942,0.647447,0.599971,-1e-05,-0.000245,-0.000152,-1.5e-05,-3e-06,-4e-06,-0.83111,0.050702,0.036529,-0.047681,-0.43363,-0.692462,-0.576594,-0.285012,-0.501633,0.816781,-0.854829,0.518517,0.020163,-0.006732,-0.003389,0.005673,-0.032774,-0.037061,0.133112,0.227935
695,0.071932,0.026035,0.385417,-0.386588,-0.760103,-0.522339,-0.329319,-0.415298,0.847967,-0.860994,0.500775,-0.089112,-0.013891,-0.007974,0.010583,0.018755,0.090733,-0.017407,0.321723,-0.188115,0.05925,0.34362,0.610723,0.343377,0.713513,-0.717934,0.620066,0.316263,-0.334577,-0.705828,0.624282,-1.3e-05,-0.000342,-0.000212,0.0,0.0,0.0,-1.407641,0.025526,0.051718,-0.004797,-0.635533,-0.223467,0.739026,0.612557,-0.728598,0.30646,0.469969,0.647462,0.599934,-8e-06,-0.000202,-0.000127,-8e-06,3e-06,-1.7e-05,-0.8316,0.050619,0.036434,-0.047571,-0.435865,-0.688092,-0.580128,-0.285234,-0.505742,0.814165,-0.853617,0.520339,0.024168,-0.000822,-0.005758,0.004189,-0.024785,0.049203,-0.012681,0.232997
696,0.071608,0.025555,0.385818,-0.390904,-0.757219,-0.523315,-0.327579,-0.416912,0.847849,-0.859703,0.503796,-0.084419,-0.014332,-0.009139,0.009853,0.351205,0.439255,0.149626,0.330597,-0.188161,0.05922,0.343605,0.610558,0.343414,0.713636,-0.718048,0.619996,0.316142,-0.334633,-0.705872,0.624202,-0.011969,-0.000569,0.000486,-0.002045,0.015205,-0.029245,-1.407856,0.025507,0.051704,-0.004805,-0.635391,-0.223521,0.739132,0.612663,-0.728555,0.30635,0.470023,0.647491,0.59986,-1.5e-05,-0.000377,-0.000233,-1.1e-05,-8e-06,-4e-06,-0.831437,0.050457,0.036194,-0.047371,-0.438581,-0.686855,-0.579548,-0.285082,-0.505241,0.814529,-0.852275,0.522456,0.02578,-0.001082,-0.006468,0.003742,-0.043514,0.012498,-0.019416,0.248999
697,0.07137,0.02521,0.386223,-0.389349,-0.755861,-0.526428,-0.331033,-0.41855,0.845698,-0.859088,0.504476,-0.086592,-0.000728,-0.009043,0.009941,-0.02863,-0.070645,0.162046,0.350119,-0.188225,0.059197,0.343595,0.610919,0.340992,0.714488,-0.717604,0.619522,0.318074,-0.334931,-0.707457,0.622245,-1e-05,-0.000263,-0.000163,-0.000217,0.000328,0.000247,-1.407797,0.025471,0.051691,-0.00481,-0.635287,-0.221002,0.739978,0.612374,-0.727966,0.308321,0.470539,0.649017,0.597804,-4e-06,-0.000111,-6.7e-05,0.004723,-0.005139,-0.003351,-0.831927,0.050331,0.036017,-0.047171,-0.438725,-0.683686,-0.583174,-0.287463,-0.508088,0.811918,-0.851402,0.523849,0.026377,-0.000285,-0.00428,0.005128,-0.037496,0.01646,-0.017547,0.266145
698,0.071285,0.024883,0.386474,-0.388184,-0.755381,-0.527975,-0.332566,-0.419514,0.844618,-0.859025,0.504393,-0.087702,-0.00199,-0.012488,0.007769,-0.034943,0.032339,-0.04095,0.352927,-0.188224,0.059204,0.3436,0.610935,0.34099,0.714475,-0.717592,0.619529,0.318085,-0.334924,-0.707452,0.622254,4.2e-05,0.001069,0.000664,-0.0,0.0,0.0,-1.407938,0.025471,0.051693,-0.004809,-0.635306,-0.221056,0.739946,0.612365,-0.72799,0.308282,0.470526,0.648971,0.597864,2.9e-05,0.000732,0.000456,1.2e-05,-0.00013,-0.000163,-0.833396,0.050291,0.035862,-0.047041,-0.437513,-0.683042,-0.584837,-0.289156,-0.508977,0.810759,-0.851451,0.523827,0.025178,-0.000182,-0.000483,-0.000303,0.000134,-0.000295,-5.9e-05,0.281984
699,0.071253,0.024788,0.386555,-0.389239,-0.753799,-0.529458,-0.331768,-0.421522,0.843933,-0.858855,0.505085,-0.085348,-0.001237,-0.010433,0.009069,0.24353,0.313052,0.124555,0.353655,-0.188205,0.059242,0.343622,0.611059,0.340969,0.71438,-0.717509,0.619581,0.318174,-0.334879,-0.707417,0.622318,8e-05,0.002045,0.001269,-0.0,0.0,0.0,-1.40798,0.025481,0.051711,-0.004798,-0.635426,-0.221018,0.739854,0.612279,-0.728024,0.308374,0.470476,0.648946,0.59793,0.006026,0.001364,0.000427,0.001981,-0.015262,0.02918,-0.833396,0.050272,0.035805,-0.047,-0.437883,-0.682094,-0.585665,-0.289032,-0.51005,0.810128,-0.851303,0.524018,0.026195,-0.000608,-0.005183,0.004558,0.388947,0.421048,0.187577,0.28378
700,0.071405,0.024645,0.386594,-0.39843,-0.747385,-0.531709,-0.336302,-0.42033,0.842731,-0.852848,0.515513,-0.083208,0.012298,-0.003527,-0.002207,0.047413,0.03459,0.053,0.358088,-0.188155,0.059328,0.343705,0.611256,0.340926,0.714232,-0.717398,0.619609,0.318368,-0.334755,-0.707413,0.622389,8.2e-05,0.002087,0.001294,-0.0,0.0,0.0,-1.407716,0.025506,0.051757,-0.004755,-0.635617,-0.220947,0.739711,0.612174,-0.728028,0.308571,0.470353,0.648965,0.598005,4.9e-05,0.00127,0.000787,-4.6e-05,-3.1e-05,-4.4e-05,-0.833886,0.050349,0.035734,-0.04698,-0.447931,-0.674366,-0.587015,-0.292849,-0.509682,0.808988,-0.844746,0.534278,0.030815,0.006153,-0.001749,-0.001096,0.024002,0.017783,0.044363,0.288842
701,0.071581,0.024544,0.386589,-0.399235,-0.748234,-0.529908,-0.334674,-0.419191,0.843945,-0.853111,0.515209,-0.082394,0.012919,-0.001832,-0.001136,0.001796,-0.027711,0.055263,0.356004,-0.188144,0.059357,0.343733,0.611231,0.340925,0.714254,-0.717423,0.619581,0.318368,-0.334748,-0.707438,0.622364,2e-06,5.1e-05,3.2e-05,-0.0,0.0,0.0,-1.407171,0.025512,0.051775,-0.004739,-0.635592,-0.220951,0.739731,0.612205,-0.728003,0.30857,0.470348,0.648992,0.59798,-3e-06,-5.6e-05,-3.5e-05,-3.4e-05,-1.7e-05,-2.4e-05,-0.833886,0.050431,0.035681,-0.046985,-0.448576,-0.67554,-0.58517,-0.291286,-0.508484,0.810305,-0.844944,0.533935,0.031318,8e-06,2.5e-05,1e-05,-0.001204,-0.001531,-0.000358,0.289985
702,0.071675,0.024542,0.3866,-0.398938,-0.748165,-0.530228,-0.334844,-0.419482,0.843733,-0.853183,0.515071,-0.082505,0.012889,-0.001909,-0.001186,0.000984,-0.014714,0.029553,0.355712,-0.188135,0.059348,0.343738,0.611238,0.34092,0.71425,-0.717425,0.619566,0.31839,-0.334729,-0.707454,0.622357,0.0,1e-06,0.0,-0.0,0.0,0.0,-1.407582,0.025516,0.051769,-0.004737,-0.635597,-0.220947,0.739728,0.612212,-0.727987,0.308592,0.470331,0.649011,0.597973,-2e-06,-4.9e-05,-3.1e-05,-2.3e-05,-9e-06,-1.4e-05,-0.834702,0.050478,0.035682,-0.046978,-0.448271,-0.675446,-0.585512,-0.291488,-0.508755,0.810063,-0.845036,0.533798,0.031176,0.000319,0.000878,0.000551,5.3e-05,-0.000519,-8.2e-05,0.289495
703,0.071813,0.024521,0.386668,-0.399423,-0.748935,-0.528775,-0.333419,-0.418648,0.844712,-0.853514,0.514632,-0.081828,0.000469,0.001286,0.000812,0.0,0.0,0.0,0.353742,-0.188136,0.059294,0.343716,0.611125,0.340934,0.71434,-0.717509,0.619501,0.318328,-0.334756,-0.707504,0.622285,-4e-05,-0.001034,-0.000641,-0.0,0.0,0.0,-1.407488,0.025516,0.051742,-0.004748,-0.635485,-0.220978,0.739815,0.612304,-0.727938,0.308525,0.470362,0.649056,0.5979,-2.5e-05,-0.000666,-0.000414,-1.4e-05,-0.0,-1.2e-05,-0.834703,0.050553,0.035672,-0.046943,-0.448656,-0.676374,-0.584144,-0.289988,-0.508078,0.811026,-0.845348,0.533267,0.031812,-0.0003,-0.004352,0.00508,-0.034075,0.018948,-0.015052,0.288189
704,0.071856,0.024468,0.386834,-0.402673,-0.746217,-0.53015,-0.336897,-0.417739,0.843781,-0.850613,0.519302,-0.08252,0.000764,0.002097,0.001323,-2.92989,4.663175,-0.456051,0.355549,-0.188157,0.059228,0.343665,0.611046,0.34095,0.714399,-0.717555,0.619486,0.318254,-0.334802,-0.707509,0.622255,-6.6e-05,-0.001696,-0.001053,-0.0,0.0,0.0,-1.40768,0.025505,0.051709,-0.004774,-0.635408,-0.221008,0.739872,0.61235,-0.727932,0.30845,0.470407,0.649053,0.597868,-4.1e-05,-0.001059,-0.000658,-8e-06,-2.4e-05,5e-06,-0.835029,0.050574,0.035645,-0.04686,-0.447553,-0.675893,-0.585546,-0.291064,-0.509031,0.810042,-0.845563,0.532968,0.03109,0.006671,-0.000317,-0.000191,0.006707,-0.104543,0.20699,0.286883
705,0.071885,0.024443,0.386925,-0.406377,-0.743626,-0.530964,-0.33994,-0.416384,0.84323,-0.847633,0.52409,-0.082913,0.000708,0.001944,0.001226,-0.0,0.0,-0.0,0.358257,-0.188157,0.059212,0.343666,0.611017,0.340953,0.714423,-0.717583,0.619456,0.31825,-0.334795,-0.707534,0.62223,-4e-06,-9.3e-05,-5.8e-05,-0.0,0.0,0.0,-1.407696,0.025505,0.051697,-0.004775,-0.635379,-0.221015,0.739895,0.612382,-0.727907,0.308444,0.470404,0.649078,0.597843,0.0,1e-05,5e-06,-9e-06,-8e-06,1e-06,-0.834866,0.050589,0.035633,-0.046815,-0.455617,-0.670739,-0.585253,-0.296534,-0.505547,0.81024,-0.839333,0.542707,0.031439,0.006629,-0.000437,-0.000271,0.001173,-0.015129,0.031291,0.289169
706,0.071852,0.0243,0.387139,-0.408228,-0.740318,-0.534157,-0.338632,-0.420616,0.841655,-0.847265,0.52539,-0.078317,-0.013255,-0.006168,0.011752,0.054254,0.130261,0.00076,0.349344,-0.188158,0.059206,0.343651,0.61088,0.340971,0.714532,-0.717666,0.619418,0.318137,-0.334868,-0.707559,0.622163,-5e-05,-0.00127,-0.000789,-0.0,0.0,0.0,-1.407251,0.025504,0.051699,-0.00478,-0.635259,-0.221051,0.739987,0.612456,-0.727889,0.30834,0.47047,0.649086,0.597783,3e-06,3e-05,2e-05,-1.2e-05,6e-06,1.4e-05,-0.834866,0.050573,0.035564,-0.046706,-0.457604,-0.666985,-0.587987,-0.295273,-0.509767,0.808053,-0.838696,0.543385,0.036329,-0.006643,-0.003119,0.005853,0.043661,0.123607,-0.003468,0.285739
707,0.071807,0.024111,0.387478,-0.412351,-0.735594,-0.537507,-0.336024,-0.425633,0.840176,-0.846302,0.527977,-0.070992,-0.000179,-0.007555,0.010896,0.212376,0.271362,0.135568,0.361208,-0.188175,0.059204,0.343663,0.610845,0.340981,0.714557,-0.717699,0.619384,0.318127,-0.334859,-0.707584,0.622139,1e-06,2.5e-05,1.6e-05,-0.0,0.0,0.0,-1.407344,0.025496,0.051696,-0.004776,-0.635209,-0.221071,0.740024,0.612506,-0.727857,0.308317,0.470472,0.649115,0.597749,1e-06,2.2e-05,1.5e-05,2e-06,6e-06,-4e-06,-0.833559,0.05055,0.035469,-0.046543,-0.461244,-0.662496,-0.590213,-0.293316,-0.513949,0.806114,-0.837388,0.544935,0.042735,-0.00032,-0.004399,0.005059,0.35933,0.409708,0.177119,0.286883
708,0.071866,0.023897,0.387684,-0.418272,-0.731493,-0.538527,-0.337979,-0.425009,0.839708,-0.842605,0.534147,-0.068783,0.011683,-0.01229,0.007931,0.003607,0.0442,0.032945,0.376864,-0.188175,0.059197,0.343658,0.610828,0.340983,0.71457,-0.71771,0.619377,0.318115,-0.334866,-0.707589,0.62213,-4e-06,-9.4e-05,-5.8e-05,-0.0,0.0,0.0,-1.407133,0.025496,0.051692,-0.004778,-0.635193,-0.221076,0.740037,0.612518,-0.727852,0.308304,0.470479,0.649119,0.59774,-1e-06,-5.1e-05,-3.1e-05,3e-06,-2e-06,6e-06,-0.834213,0.050576,0.035367,-0.046437,-0.467928,-0.657317,-0.590743,-0.294674,-0.514143,0.805496,-0.833193,0.55099,0.046887,-0.000336,-0.004438,0.005032,-0.039328,0.030686,-0.012838,0.299293
709,0.071912,0.023379,0.388039,-0.431882,-0.719696,-0.543655,-0.33436,-0.432098,0.837536,-0.837152,0.544388,-0.05334,-0.002137,-0.012948,0.00751,0.314841,0.490635,-0.013869,0.394988,-0.188166,0.059204,0.343662,0.610864,0.340975,0.714543,-0.717686,0.619392,0.318142,-0.334854,-0.707579,0.622148,0.0,7e-06,4e-06,0.0,0.0,0.0,-1.407577,0.0255,0.051696,-0.004776,-0.635228,-0.221062,0.74001,0.612491,-0.727863,0.308332,0.470466,0.649112,0.597758,1e-06,1e-06,1e-06,-1e-06,6e-06,4e-06,-0.834702,0.050604,0.035107,-0.046254,-0.480912,-0.645499,-0.593341,-0.291798,-0.520323,0.802569,-0.826787,0.559101,0.061874,-0.001144,-0.006671,0.003632,0.392936,0.550306,0.019703,0.333584
710,0.071876,0.022883,0.388361,-0.437407,-0.71504,-0.545378,-0.331459,-0.435612,0.836869,-0.83543,0.547712,-0.045782,-0.001348,-0.010783,0.008881,-0.014703,0.0401,-0.005564,0.403237,-0.188174,0.059227,0.343677,0.610895,0.340975,0.714517,-0.717666,0.619404,0.318162,-0.334839,-0.707569,0.622167,2e-05,0.000506,0.000314,0.0,0.0,0.0,-1.407494,0.025496,0.051707,-0.004769,-0.63526,-0.221057,0.739985,0.612471,-0.727871,0.308353,0.47045,0.649104,0.597778,1.3e-05,0.000319,0.000197,4e-06,9e-06,0.0,-0.834702,0.050585,0.034856,-0.046101,-0.487132,-0.6398,-0.594439,-0.288645,-0.524456,0.801017,-0.824248,0.561783,0.070804,-0.000108,-0.000279,-0.000175,-0.029781,-0.014835,-0.010512,0.348443
711,0.071907,0.022748,0.388453,-0.438973,-0.713442,-0.546213,-0.330568,-0.437073,0.836459,-0.834959,0.54863,-0.043292,-0.00012,-0.00033,-0.000208,0.000136,0.000147,6.8e-05,0.403769,-0.188174,0.059234,0.343681,0.610912,0.340973,0.714503,-0.717654,0.619411,0.318174,-0.334833,-0.707564,0.622176,0.0,7e-06,4e-06,0.0,0.0,0.0,-1.407653,0.025496,0.051711,-0.004766,-0.635276,-0.221052,0.739972,0.612459,-0.727876,0.308366,0.470443,0.649101,0.597788,-1e-06,-1.4e-05,-1e-05,2e-06,6e-06,7e-06,-0.834703,0.0506,0.034786,-0.046051,-0.488496,-0.63838,-0.594845,-0.288106,-0.525482,0.800538,-0.823629,0.562439,0.072775,-0.006299,0.001393,0.000869,-0.006266,0.008982,-0.032212,0.358894
712,0.071865,0.022807,0.388419,-0.438662,-0.713411,-0.546503,-0.330589,-0.437419,0.83627,-0.835115,0.548395,-0.043281,0.000505,0.00139,0.000876,0.000859,-0.012843,0.025785,0.396796,-0.188165,0.059249,0.34369,0.610965,0.340963,0.714463,-0.717618,0.619434,0.318213,-0.334813,-0.707549,0.622204,3.7e-05,0.00094,0.000583,0.0,0.0,0.0,-1.407607,0.025501,0.051716,-0.004763,-0.635328,-0.221034,0.739933,0.612421,-0.727891,0.308406,0.470423,0.64909,0.597816,2.9e-05,0.000728,0.000451,6e-06,1e-05,-2e-06,-0.834703,0.050578,0.034811,-0.04607,-0.488173,-0.638373,-0.595118,-0.288154,-0.525756,0.800341,-0.823804,0.562191,0.07271,-0.006212,0.001628,0.001018,-0.000953,0.013042,-0.029981,0.354975
713,0.071846,0.023087,0.38829,-0.437439,-0.713304,-0.547622,-0.330609,-0.438793,0.835542,-0.83575,0.547434,-0.043192,0.001516,0.011242,-0.008589,0.034211,-0.019129,0.015345,0.390006,-0.188155,0.059257,0.343694,0.610886,0.34097,0.714527,-0.71767,0.619402,0.318158,-0.334847,-0.707574,0.622157,3e-06,6.8e-05,4.2e-05,0.0,0.0,0.0,-1.407419,0.025506,0.051723,-0.00476,-0.635249,-0.221053,0.739995,0.612475,-0.727869,0.308349,0.470459,0.649108,0.597768,1e-06,2.5e-05,1.5e-05,2e-06,1e-06,4e-06,-0.834703,0.050569,0.034952,-0.046128,-0.48699,-0.638176,-0.596297,-0.288256,-0.527034,0.799464,-0.824468,0.561217,0.072702,0.000225,0.00061,0.000384,0.000567,-0.000758,-7.5e-05,0.345014
714,0.071859,0.023203,0.388187,-0.436703,-0.713235,-0.548299,-0.330636,-0.439614,0.8351,-0.836125,0.546864,-0.043152,-7.3e-05,-0.000201,-0.000127,0.0,0.0,0.0,0.375208,-0.188173,0.059249,0.343691,0.61083,0.340983,0.714569,-0.717709,0.619378,0.318116,-0.334865,-0.707588,0.622131,-0.0,-0.0,-0.0,0.0,0.0,0.0,-1.407566,0.025497,0.051718,-0.004762,-0.635195,-0.221075,0.740035,0.612516,-0.727853,0.308306,0.470479,0.649119,0.597741,-0.005973,-2.4e-05,0.000404,-0.002043,0.015204,-0.029244,-0.835192,0.050576,0.035015,-0.046183,-0.486261,-0.638058,-0.597019,-0.288297,-0.527829,0.798924,-0.824884,0.560604,0.072713,-4.8e-05,-0.000137,-8.6e-05,0.000382,-0.000508,-2.9e-05,0.331461
715,0.071839,0.023224,0.388153,-0.436402,-0.713193,-0.548593,-0.3307,-0.439935,0.834906,-0.836257,0.546661,-0.043175,-0.01273,0.002383,0.001488,-0.000984,0.014715,-0.029553,0.366445,-0.188182,0.059249,0.343691,0.61081,0.340988,0.714583,-0.717723,0.619369,0.318102,-0.334871,-0.707593,0.622122,-0.0,-0.0,-0.0,0.0,0.0,0.0,-1.40761,0.025492,0.051718,-0.004761,-0.635176,-0.221084,0.740049,0.612531,-0.727847,0.30829,0.470485,0.649122,0.597732,-2e-06,-2e-06,-2e-06,0.0,-3e-06,4e-06,-0.835029,0.050567,0.035026,-0.046199,-0.485971,-0.637992,-0.597324,-0.288374,-0.528128,0.798699,-0.825028,0.560398,0.072674,-0.006384,0.001134,0.000707,-0.000666,0.014298,-0.029597,0.3215
