frame,MLTx,MLTy,MLTz,MLTR1,MLTR2,MLTR3,MLTR4,MLTR5,MLTR6,MLTR7,MLTR8,MLTR9,MLTTVx,MLTTVy,MLTTVz,MLTRVx,MLTRVy,MLTRVz,MLGA,MRTx,MRTy,MRTz,MRTR1,MRTR2,MRTR3,MRTR4,MRTR5,MRTR6,MRTR7,MRTR8,MRTR9,MRTTVx,MRTTVy,MRTTVz,MRTRVx,MRTRVy,MRTRVz,MRGA,SLTx,SLTy,SLTz,SLTR1,SLTR2,SLTR3,SLTR4,SLTR5,SLTR6,SLTR7,SLTR8,SLTR9,SLTTVx,SLTTVy,SLTTVz,SLTRVx,SLTRVy,SLTRVz,SLGA,SRTx,SRTy,SRTz,SRTR1,SRTR2,SRTR3,SRTR4,SRTR5,SRTR6,SRTR7,SRTR8,SRTR9,SRTTVx,SRTTVy,SRTTVz,SRTRVx,SRTRVy,SRTRVz,SRGA
716,0.005252,0.007749,0.393693,0.234908,0.28865,-0.928194,0.249218,0.905094,0.344481,0.939251,-0.312598,0.141835,-0.008834,0.011827,0.008372,0.254247,0.558863,0.236126,-1.892781,-0.18739,0.005971,0.351134,-0.027248,-0.785652,0.618062,0.198031,0.601686,0.773752,-0.979717,0.144458,0.138387,0.000149,0.003081,0.002338,-0.0083,-0.010391,-0.001859,-0.492548,0.036113,0.050752,-0.018999,-0.103048,0.775227,0.62322,-0.088839,-0.631224,0.770495,0.9907,0.024032,0.133916,8.6e-05,0.001831,0.001398,-0.025524,-0.048706,0.018393,-0.680856,0.017192,0.056291,-0.029781,-0.117307,-0.309042,-0.943785,-0.219871,-0.91868,0.32815,-0.968449,0.246005,0.039818,-0.003723,0.010545,-0.000845,0.257107,0.684243,0.496327,-1.045798
717,0.005331,0.008135,0.39376,0.253564,0.272302,-0.928225,0.264973,0.903314,0.33732,0.930022,-0.331821,0.158054,0.003568,0.005962,0.004809,0.197523,0.397624,0.202979,-1.892982,-0.187386,0.006094,0.351189,-0.013222,-0.786129,0.617914,0.187399,0.604961,0.773846,-0.982112,0.127008,0.13852,9.5e-05,0.001962,0.001488,-6e-06,-8e-06,-1e-06,-0.352889,0.036115,0.050816,-0.018969,-0.11698,0.773318,0.623132,-0.077782,-0.632647,0.770524,0.990083,0.041668,0.134157,5.3e-05,0.001168,0.000893,0.000689,0.00069,-0.000126,-0.602804,0.01723,0.056494,-0.029746,-0.138002,-0.293322,-0.946,-0.234375,-0.91834,0.318936,-0.962301,0.265732,0.057986,0.001639,0.002738,0.00221,0.273722,0.466891,0.451181,-1.029143
718,0.005434,0.008301,0.393908,0.26519,0.259227,-0.92872,0.278011,0.901725,0.331019,0.922935,-0.346295,0.168219,0.001942,0.003247,0.002615,-0.376644,0.24328,0.334011,-1.893314,-0.187407,0.006155,0.351186,0.000733,-0.786211,0.617951,0.176724,0.608218,0.773804,-0.984195,0.109621,0.138587,1e-06,2.4e-05,1.8e-05,-6.7e-05,-8.4e-05,-1.5e-05,-0.218843,0.036104,0.050849,-0.018968,-0.130757,0.771032,0.623226,-0.066699,-0.63404,0.770418,0.989167,0.05917,0.134332,-6e-06,-7.1e-05,-4.5e-05,0.000611,0.000527,-0.000213,-0.465476,0.017284,0.056582,-0.029668,-0.151007,-0.280783,-0.947816,-0.245893,-0.918006,0.311128,-0.957461,0.280044,0.069583,0.000298,-0.002977,0.006367,-1.507988,0.734089,0.35377,-1.023754
719,0.005483,0.008359,0.393968,0.271437,0.258019,-0.92725,0.275588,0.902229,0.331673,0.921838,-0.345883,0.174949,0.001895,0.00317,0.00255,0.147873,0.595228,-0.429115,-1.893733,-0.187447,0.006163,0.351183,0.010019,-0.786098,0.618014,0.169529,0.610325,0.773755,-0.985421,0.098,0.138581,0.0,0.0,0.0,-0.0083,-0.010391,-0.001861,-0.157805,0.036084,0.050852,-0.018971,-0.139889,0.769349,0.623324,-0.059249,-0.634889,0.770327,0.988392,0.070829,0.134397,-5e-06,-4.9e-05,-2.7e-05,-0.026954,-0.034127,-0.006585,-0.39918,0.017308,0.05661,-0.029639,-0.156044,-0.280029,-0.947224,-0.244509,-0.918174,0.311721,-0.957008,0.280247,0.074806,0.001081,0.001768,0.001431,0.164029,1.624013,-2.274654,-1.026693
720,0.005556,0.008391,0.394023,0.277654,0.250986,-0.92734,0.290889,0.897998,0.330082,0.915256,-0.361709,0.177482,0.000374,0.000627,0.000504,-0.062429,0.35839,-0.746181,-1.893578,-0.187553,0.006245,0.351114,0.033674,-0.784188,0.619601,0.15748,0.616264,0.77159,-0.986924,0.072572,0.143443,-0.013383,-4.8e-05,0.000911,-0.966096,-1.393065,-0.344874,-0.059597,0.036031,0.050892,-0.019006,-0.162376,0.763529,0.625025,-0.046903,-0.638688,0.768035,0.985613,0.095394,0.139519,-0.006685,-2.9e-05,0.00044,-0.977618,-1.407941,-0.348149,-0.284877,0.017346,0.056628,-0.029609,-0.163362,-0.272684,-0.948132,-0.25939,-0.915359,0.30795,-0.951855,0.296243,0.078803,0.000188,0.000252,0.000212,-0.222104,1.156309,-2.50487,-1.023754
721,0.005576,0.008375,0.393987,0.280667,0.247046,-0.927492,0.295533,0.897124,0.328331,0.912844,-0.366557,0.17994,-0.000605,-0.001013,-0.000814,8.1e-05,0.000175,7.6e-05,-1.894093,-0.187692,0.006392,0.351009,0.057329,-0.781698,0.62101,0.145431,0.621829,0.769488,-0.987713,0.047177,0.148527,-0.0,-0.0,-0.0,0.019402,-0.130701,-0.064764,0.028598,0.035962,0.050965,-0.019059,-0.185826,0.756887,0.62657,-0.033825,-0.642226,0.765767,0.981999,0.121106,0.144944,-0.007007,0.005422,-0.003778,-0.019906,-0.214083,-0.09243,-0.190658,0.017356,0.05662,-0.029628,-0.167001,-0.26975,-0.948337,-0.263856,-0.914535,0.306599,-0.949994,0.301427,0.081553,-0.000367,-0.000613,-0.000494,-0.001422,-0.005627,-0.002325,-1.025224
722,0.005592,0.008361,0.393977,0.28084,0.247226,-0.92739,0.295475,0.897058,0.328562,0.912809,-0.366597,0.180038,-4.3e-05,-7.2e-05,-5.8e-05,1e-06,3e-06,1e-06,-1.893757,-0.187777,0.006466,0.350945,0.071694,-0.779487,0.622295,0.140416,0.625467,0.767469,-0.987519,0.033332,0.153488,-3e-06,-6.4e-05,-4.8e-05,0.110412,-0.233169,-0.139616,0.072159,0.035919,0.051002,-0.019091,-0.199131,0.752507,0.627758,-0.028108,-0.644709,0.76391,0.979569,0.134473,0.149532,-0.000317,0.005413,-0.004254,0.194752,-0.320741,-0.171081,-0.137915,0.017362,0.05661,-0.029635,-0.167131,-0.269974,-0.948251,-0.26383,-0.914458,0.306853,-0.949978,0.301463,0.081607,-3e-05,-4.9e-05,-4e-05,0.000134,-0.00096,-0.000386,-1.030612
723,0.005606,0.00834,0.393975,0.284734,0.24414,-0.927021,0.299894,0.895806,0.327975,0.910154,-0.371692,0.183008,-0.000172,-0.000288,-0.000232,0.010619,0.022783,0.009847,-1.893589,-0.187952,0.006682,0.350756,0.102387,-0.774597,0.624106,0.125638,0.632341,0.764391,-0.986843,0.001118,0.161253,-0.000642,0.010514,-0.008776,0.05857,-0.083834,-0.022005,0.166196,0.035832,0.051106,-0.019182,-0.22931,0.742064,0.629886,-0.012538,-0.649328,0.760404,0.973272,0.166471,0.158202,-0.007016,0.005147,-0.003982,-0.055861,-0.167568,-0.063299,-0.024265,0.017369,0.056599,-0.029636,-0.171497,-0.266958,-0.948325,-0.268166,-0.91359,0.305676,-0.947984,0.306731,0.085089,-0.000132,-0.000221,-0.000179,0.004218,0.000991,0.000558,-1.032408
724,0.00561,0.008292,0.393926,0.288242,0.24069,-0.926839,0.304378,0.894672,0.326939,0.907555,-0.376641,0.185778,0.011463,-0.007397,-0.004783,0.003077,0.004544,0.006521,-1.893893,-0.188184,0.006908,0.350466,0.13279,-0.768439,0.625987,0.110743,0.639022,0.761132,-0.985042,-0.030785,0.169143,-0.014119,0.008388,-0.009443,-0.131879,-0.669624,-0.274434,0.192399,0.035721,0.051222,-0.019326,-0.256649,0.731734,0.631423,0.003515,-0.652595,0.757698,0.966497,0.196683,0.164916,-0.000373,0.003868,-0.005448,-0.741375,-1.709634,-0.539699,0.05689,0.017368,0.056581,-0.029656,-0.175184,-0.2638,-0.948535,-0.272593,-0.912773,0.304199,-0.946045,0.311855,0.087993,-0.000356,-0.000599,-0.000483,-0.005069,-0.017471,-0.008145,-1.027347
725,0.005587,0.008193,0.393849,0.290328,0.238935,-0.926642,0.303583,0.895315,0.325916,0.907153,-0.376227,0.188555,-0.001441,-0.002412,-0.001942,0.000197,0.015191,-0.024791,-1.893753,-0.188549,0.007086,0.350147,0.162153,-0.761728,0.627271,0.089694,0.644323,0.759432,-0.982821,-0.065927,0.171988,-0.013512,-0.002699,-0.001111,-0.021207,-0.036941,-0.047975,0.193574,0.035533,0.051311,-0.01949,-0.286038,0.719254,0.633131,0.025174,-0.654869,0.755322,0.957887,0.23199,0.169211,-0.006762,-0.001372,-0.000553,-0.043611,-0.016153,-0.032494,0.074363,0.01736,0.056528,-0.029697,-0.177324,-0.262234,-0.948572,-0.271656,-0.913358,0.303282,-0.945916,0.311464,0.090723,-0.000404,-0.000679,-0.000545,-0.005105,-0.01572,-0.006704,-1.025877
726,0.00558,0.008157,0.393834,0.290386,0.238979,-0.926612,0.303589,0.895288,0.325983,0.907133,-0.376262,0.188584,-0.000914,-0.001529,-0.001232,2.2e-05,4.7e-05,2e-05,-1.89403,-0.188732,0.007224,0.349988,0.182489,-0.756427,0.628098,0.075797,0.64764,0.758123,-0.980447,-0.089792,0.174708,-0.014044,0.009724,-0.008428,-0.035725,-0.157642,-0.06692,0.208225,0.035447,0.051374,-0.019569,-0.305019,0.710642,0.633996,0.039312,-0.655757,0.753947,0.951533,0.254892,0.172081,-0.000343,0.004828,-0.004686,-0.271391,-0.430917,-0.090997,0.082364,0.017356,0.056507,-0.029707,-0.177264,-0.262408,-0.948535,-0.271706,-0.913292,0.303435,-0.945913,0.311511,0.090596,-0.000464,-0.000777,-0.000625,-0.00089,-0.002791,-0.001194,-1.024081
727,0.005546,0.008109,0.393821,0.290719,0.239282,-0.92643,0.303526,0.895159,0.326396,0.907047,-0.376378,0.188767,-0.000795,-0.00133,-0.001072,0.0,0.0,0.0,-1.893808,-0.188946,0.007628,0.349668,0.209576,-0.748256,0.62943,0.059547,0.652191,0.755668,-0.976177,-0.11995,0.180424,-0.000606,0.010939,-0.008438,0.052061,-0.043657,-0.001863,0.265853,0.035335,0.051576,-0.019728,-0.330522,0.697826,0.635447,0.056146,-0.657556,0.75131,0.942126,0.284003,0.178157,-0.000302,0.005539,-0.004147,0.020331,-0.020231,0.017689,0.1338,0.017339,0.056484,-0.029713,-0.17757,-0.262751,-0.948382,-0.271699,-0.913152,0.303862,-0.945858,0.311631,0.090759,-0.000438,-0.000732,-0.000588,-0.00127,0.011873,-0.02622,-1.023427
728,0.005504,0.008149,0.393823,0.293959,0.236268,-0.926181,0.313909,0.891365,0.32696,0.902455,-0.387138,0.189014,0.000146,0.000244,0.000197,-3e-06,1e-06,1e-06,-1.893516,-0.189128,0.007902,0.349372,0.229853,-0.740577,0.63143,0.051353,0.65702,0.752078,-0.972095,-0.139511,0.18823,-0.014116,0.008115,-0.009644,0.089309,-0.13546,-0.093,0.29871,0.035244,0.051723,-0.019875,-0.348896,0.687025,0.637391,0.065028,-0.660742,0.74779,0.934902,0.302349,0.185854,-0.007066,0.00393,-0.004906,0.085013,-0.130559,-0.08968,0.196014,0.017317,0.056502,-0.029713,-0.181024,-0.259954,-0.9485,-0.282351,-0.910096,0.303316,-0.942076,0.322718,0.091351,0.000931,0.005034,-0.00471,0.033018,-0.022716,0.012604,-1.022285
729,0.005495,0.008153,0.393825,0.294074,0.23638,-0.926116,0.313869,0.891325,0.327107,0.902431,-0.387162,0.189079,2e-06,4e-06,3e-06,0.0,0.0,0.0,-1.893798,-0.189228,0.007923,0.349244,0.247563,-0.733693,0.632771,0.041466,0.660418,0.749708,-0.968232,-0.158439,0.193098,-0.000207,-0.003853,-0.002931,-3.404382,-4.331637,-1.182475,0.298462,0.035194,0.051735,-0.019938,-0.360916,0.679558,0.638701,0.071428,-0.662708,0.745462,0.929858,0.314671,0.190643,-0.00043,0.003121,-0.005989,0.160572,-0.231433,-0.153904,0.208097,0.017313,0.056505,-0.029711,-0.181138,-0.260083,-0.948443,-0.282323,-0.910052,0.303475,-0.942062,0.322739,0.091417,7e-06,1.2e-05,1e-05,0.000261,-9.3e-05,-0.000161,-1.024244
730,0.0055,0.008151,0.39385,0.295477,0.234612,-0.926119,0.319189,0.889436,0.327099,0.900103,-0.392544,0.189078,0.000481,0.000804,0.000648,0.0,0.0,0.0,-1.893772,-0.189399,0.007803,0.349102,0.288619,-0.716685,0.634865,0.012232,0.66568,0.746093,-0.957666,-0.206669,0.20007,-0.000228,-0.00419,-0.003192,0.009041,-0.098795,-0.082718,0.292043,0.035109,0.051673,-0.020011,-0.403031,0.653229,0.640982,0.104924,-0.662784,0.741422,0.909151,0.36607,0.198583,-0.000102,-0.001658,-0.001243,-0.076361,-0.273472,0.109116,0.211853,0.017314,0.056503,-0.0297,-0.182653,-0.258415,-0.948608,-0.287739,-0.908545,0.302904,-0.940129,0.328278,0.091593,0.00032,0.000538,0.000434,0.000315,-0.0001,-0.000106,-1.030122
731,0.005504,0.008188,0.393852,0.296897,0.232923,-0.926091,0.324387,0.88753,0.327163,0.897774,-0.39783,0.189104,0.000182,0.000305,0.000246,-0.0,0.0,0.0,-1.893582,-0.189523,0.007628,0.349052,0.331087,-0.694808,0.638447,-0.011856,0.673382,0.739155,-0.943879,-0.251418,0.213882,-0.000163,-0.002973,-0.002268,-3.255759,-4.640837,-1.522196,0.29161,0.035046,0.051583,-0.020038,-0.435721,0.62868,0.644132,0.126337,-0.665835,0.735323,0.89117,0.401774,0.210693,-0.006791,-0.001687,-0.000802,0.295983,-0.699063,-0.261722,0.211363,0.017317,0.056523,-0.029697,-0.184183,-0.256826,-0.948744,-0.29304,-0.907011,0.302418,-0.938191,0.333721,0.091796,0.000107,0.000181,0.000143,0.000339,-0.000126,-0.000221,-1.035348
732,0.005516,0.008214,0.393808,0.298276,0.231243,-0.926069,0.329508,0.885622,0.327217,0.895448,-0.403031,0.189119,-0.00033,-0.000551,-0.000444,-0.0,0.0,0.0,-1.893463,-0.189668,0.007552,0.349004,0.368598,-0.673061,0.641183,-0.03224,0.679969,0.732487,-0.929429,-0.289816,0.228103,-6.9e-05,-0.001245,-0.00095,0.066928,-0.227244,-0.129242,0.291409,0.034974,0.051542,-0.020064,-0.474459,0.596458,0.647399,0.150977,-0.669413,0.727386,0.867233,0.442858,0.227557,-0.006742,-0.000678,-3.4e-05,-0.041808,-0.281007,-0.171196,0.211363,0.017324,0.056538,-0.029718,-0.185671,-0.255245,-0.948881,-0.298264,-0.90547,0.301929,-0.93625,0.339077,0.091989,-0.000225,-0.000377,-0.000303,0.000363,-0.000131,-0.000201,-1.038777
733,0.005523,0.008211,0.393794,0.298255,0.231239,-0.926077,0.32949,0.885634,0.3272,0.895462,-0.403005,0.189109,-5.1e-05,-8.5e-05,-6.9e-05,0.0,0.0,0.0,-1.893144,-0.189739,0.007538,0.348998,0.39323,-0.657751,0.642436,-0.045946,0.683684,0.728285,-0.918722,-0.315071,0.23779,-1.9e-05,-0.000337,-0.000257,0.064149,-0.507988,-0.047274,0.291646,0.034944,0.051534,-0.020067,-0.495236,0.577987,0.648591,0.164954,-0.670432,0.723402,0.852953,0.465243,0.236681,3e-06,-0.000159,-0.00012,-0.853217,-1.651044,-0.663958,0.2112,0.017327,0.056535,-0.029727,-0.185647,-0.255242,-0.948886,-0.298237,-0.905483,0.301916,-0.936263,0.339043,0.091978,-3.3e-05,-5.7e-05,-4.6e-05,0.00031,-0.000107,-5e-05,-1.040573
734,0.005565,0.008248,0.393761,0.300899,0.227703,-0.926098,0.339855,0.881725,0.327158,0.89069,-0.413458,0.18908,0.000251,0.00042,0.000338,-0.0,0.0,0.0,-1.893378,-0.190036,0.007464,0.349077,0.435043,-0.628988,0.644285,-0.070693,0.689365,0.720911,-0.898113,-0.358378,0.254601,0.000592,-0.010928,0.008442,-0.116736,-0.831214,-0.440719,0.294815,0.03479,0.051503,-0.02003,-0.531162,0.543265,0.650176,0.19036,-0.671239,0.716379,0.825607,0.504282,0.253121,-0.006671,4.9e-05,0.000509,-0.686097,-1.940207,-0.690793,0.213486,0.017348,0.056553,-0.029744,-0.188519,-0.251887,-0.949216,-0.308809,-0.902315,0.300771,-0.932253,0.349828,0.092318,0.000164,0.000276,0.000222,0.000432,-0.0002,-0.000649,-1.040246
735,0.005593,0.008322,0.393703,0.303873,0.223862,-0.926063,0.344206,0.880558,0.32575,0.888003,-0.418017,0.191678,0.001707,0.009811,-0.009629,0.03321,-0.021697,0.01404,-1.893767,-0.19052,0.007438,0.349078,0.454904,-0.61318,0.645805,-0.075945,0.695717,0.714244,-0.887804,-0.373183,0.269077,-0.013446,-0.001113,7.7e-05,0.249932,-0.566345,-0.152602,0.300523,0.034553,0.051489,-0.020024,-0.548088,0.524256,0.651731,0.197167,-0.676251,0.709794,0.812848,0.51753,0.267279,-0.006742,-0.000714,-6.8e-05,0.213101,-0.496105,-0.33604,0.220508,0.017362,0.056587,-0.029768,-0.191841,-0.248193,-0.949524,-0.313052,-0.90148,0.298884,-0.930158,0.354589,0.095243,3.4e-05,5.7e-05,4.6e-05,-0.003135,-0.010302,-0.004769,-1.030286
736,0.005612,0.0084,0.393647,0.305098,0.222108,-0.926082,0.349221,0.878595,0.325713,0.885621,-0.423053,0.191649,0.000346,0.000578,0.000466,6e-06,1.3e-05,6e-06,-1.893269,-0.190771,0.007371,0.349095,0.464496,-0.604938,0.646748,-0.078949,0.699006,0.710697,-0.882568,-0.380411,0.276086,-0.012961,-0.01362,0.007312,0.221373,-0.559125,-0.206619,0.300955,0.034427,0.051463,-0.020016,-0.556115,0.514582,0.652641,0.200588,-0.678953,0.706248,0.806535,0.523668,0.274357,-0.006747,-0.000803,-0.00014,0.228467,-0.522272,-0.352413,0.224263,0.017371,0.056629,-0.029801,-0.193088,-0.246586,-0.94969,-0.318172,-0.899866,0.298339,-0.928161,0.359771,0.095297,0.001041,0.005219,-0.004562,0.032651,-0.024387,0.012262,-1.02702
737,0.005625,0.008628,0.39346,0.309016,0.217083,-0.925975,0.364068,0.872449,0.325974,0.878251,-0.438115,0.191723,0.001703,0.009803,-0.009633,0.032685,-0.022564,0.01367,-1.893242,-0.191308,0.007144,0.349085,0.482827,-0.587648,0.64926,-0.085736,0.70601,0.702946,-0.872051,-0.394323,0.289654,-0.013632,-0.003987,-0.002127,-3.436503,-4.178922,-1.819192,0.301002,0.034154,0.051343,-0.020019,-0.571363,0.494097,0.655295,0.206941,-0.685923,0.697627,0.794178,0.534206,0.289663,-0.006579,-0.002252,-0.001341,-3.472087,-4.142816,-1.790414,0.226386,0.017379,0.056744,-0.029893,-0.197329,-0.241841,-0.950038,-0.333393,-0.894777,0.297021,-0.921905,0.375347,0.095937,0.000845,0.004887,-0.00483,0.03328,-0.022978,0.012204,-1.031265
738,0.005595,0.008913,0.393236,0.316378,0.211502,-0.92478,0.377357,0.866332,0.327175,0.869976,-0.452742,0.19543,0.001653,0.009716,-0.0097,-0.096152,0.045526,0.051212,-1.893573,-0.191781,0.006957,0.348987,0.514949,-0.557294,0.651339,-0.104309,0.713329,0.692976,-0.851433,-0.424081,0.308351,-0.0003,-0.004845,-0.00371,0.136845,-0.648941,-0.147046,0.301059,0.033918,0.05125,-0.020068,-0.59813,0.458414,0.65734,0.227622,-0.689281,0.687807,0.768392,0.561024,0.307935,-0.006885,-0.002879,-0.001731,-0.015625,-0.888546,-0.560913,0.226713,0.017363,0.056882,-0.030002,-0.205363,-0.236598,-0.949656,-0.346956,-0.889715,0.296693,-0.915121,0.390419,0.100626,-0.00556,0.007447,-0.003353,-0.431634,0.149633,0.082868,-1.038124
739,0.005537,0.009249,0.392957,0.319065,0.211418,-0.923876,0.380957,0.863979,0.329219,0.867421,-0.457257,0.196277,0.00158,0.009591,-0.009798,0.032762,-0.022648,0.013628,-1.89347,-0.192134,0.006703,0.348867,0.533751,-0.538831,0.651738,-0.105776,0.721994,0.683718,-0.839607,-0.43319,0.327521,-0.013801,-0.006214,-0.003851,0.185126,-0.425683,-0.099885,0.300972,0.033741,0.051122,-0.020129,-0.614249,0.436066,0.65768,0.230453,-0.69798,0.678021,0.75471,0.568039,0.328241,-0.006908,-0.003138,-0.001943,0.141338,-0.392136,-0.077292,0.227039,0.017333,0.05705,-0.030141,-0.207934,-0.236889,-0.949024,-0.351092,-0.8875,0.298457,-0.91296,0.395254,0.101372,0.000784,0.004779,-0.004913,0.033116,-0.023987,0.012994,-1.039267
740,0.005519,0.009397,0.392823,0.322255,0.211407,-0.92277,0.384903,0.861284,0.331681,0.864492,-0.462321,0.197333,0.001643,0.009695,-0.009713,0.032745,-0.022588,0.013456,-1.893027,-0.192252,0.0066,0.348783,0.543855,-0.529541,0.650999,-0.103558,0.727362,0.678347,-0.833385,-0.435667,0.339894,-0.000374,-0.005896,-0.004529,0.305785,-0.671935,-0.212213,0.300941,0.033682,0.051072,-0.02017,-0.621671,0.42661,0.656907,0.22927,-0.702825,0.673402,0.748972,0.569244,0.339117,-0.006876,-0.002656,-0.001573,0.262177,-0.699838,-0.229684,0.227039,0.017324,0.057123,-0.030209,-0.211247,-0.237138,-0.94823,-0.355438,-0.885069,0.300527,-0.910515,0.400522,0.10268,0.000831,0.004857,-0.004849,0.033162,-0.025539,0.018324,-1.04041
741,0.005494,0.009696,0.392597,0.326122,0.205697,-0.922702,0.393686,0.857829,0.330323,0.859067,-0.471232,0.199929,0.001674,0.009744,-0.009671,0.136369,0.198379,0.110539,-1.893214,-0.192383,0.006463,0.348673,0.56427,-0.508908,0.650079,-0.104662,0.736849,0.667858,-0.819575,-0.444245,0.361671,-0.01364,-0.003438,-0.001729,0.384438,-0.728627,-0.520916,0.306046,0.033621,0.050999,-0.020228,-0.637825,0.403797,0.65584,0.231906,-0.711329,0.663497,0.734437,0.575289,0.36006,-7.7e-05,-0.001161,-0.000889,0.162037,-0.425019,-0.026993,0.228999,0.017312,0.057273,-0.030321,-0.214765,-0.232403,-0.948611,-0.36461,-0.881976,0.298625,-0.906054,0.410007,0.104681,0.00084,0.004869,-0.004838,0.224896,0.411094,0.203355,-1.044329
742,0.005457,0.009914,0.392412,0.330318,0.203605,-0.921672,0.40252,0.852835,0.3326,0.853349,-0.481105,0.200902,0.001672,0.009738,-0.009674,-1.495336,0.528786,0.346713,-1.893499,-0.192552,0.006415,0.348584,0.595545,-0.478496,0.645259,-0.126047,0.73751,0.663419,-0.794055,-0.475821,0.378066,-0.000115,-0.001783,-0.001372,-0.163579,-0.707921,-0.18707,0.310928,0.033532,0.050973,-0.020273,-0.664499,0.366694,0.651134,0.252961,-0.709512,0.657724,0.703171,0.601769,0.378711,-5.2e-05,-0.001029,-0.000782,-0.900093,-1.534182,-0.658949,0.23798,0.017293,0.057382,-0.030414,-0.219475,-0.230418,-0.948017,-0.372046,-0.878513,0.299658,-0.901893,0.418474,0.107086,-1.7e-05,-0.000149,-6.5e-05,-5.096022,1.824144,1.100517,-1.039757
743,0.005448,0.009996,0.392332,0.330165,0.203639,-0.92172,0.402307,0.852973,0.332502,0.853508,-0.480844,0.200847,0.00165,0.009701,-0.009703,0.032729,-0.022713,0.013599,-1.892862,-0.192674,0.006364,0.348579,0.607634,-0.466155,0.643017,-0.132742,0.738509,0.660998,-0.783744,-0.486408,0.386026,-6.8e-05,-0.001046,-0.000806,0.196126,-0.533557,-0.0937,0.309095,0.033471,0.050948,-0.020276,-0.673685,0.353575,0.648946,0.260135,-0.708463,0.656055,0.69172,0.610789,0.385304,-0.00676,-0.000616,-1.2e-05,-0.081684,-0.921784,-0.361645,0.239286,0.017289,0.057427,-0.030458,-0.219681,-0.229896,-0.948097,-0.373358,-0.878039,0.299418,-0.901301,0.419756,0.107055,0.000834,0.004861,-0.004844,0.033207,-0.023384,0.013082,-1.036164
744,0.005493,0.010196,0.392178,0.337691,0.197679,-0.92029,0.41536,0.846068,0.334091,0.844257,-0.495314,0.20475,0.00263,0.011335,-0.008385,0.096406,0.201019,0.146186,-1.89367,-0.192837,0.006399,0.348554,0.633681,-0.434769,0.639856,-0.156071,0.73814,0.656296,-0.758417,-0.515192,0.399056,2.9e-05,0.000444,0.000342,-3.306574,-4.135162,-2.284607,0.309336,0.033389,0.050965,-0.020289,-0.692437,0.32204,0.645615,0.278864,-0.705841,0.65117,0.665405,0.630934,0.398945,1.1e-05,0.000371,0.000289,0.371301,-0.568375,-0.348845,0.238143,0.01731,0.05752,-0.030534,-0.227294,-0.225043,-0.947466,-0.387188,-0.87184,0.299965,-0.893544,0.435028,0.11103,0.000131,0.000218,0.000173,0.019995,0.403114,0.190777,-1.03943
745,0.005507,0.010363,0.392047,0.344474,0.190992,-0.919187,0.428625,0.839093,0.334924,0.834829,-0.509594,0.20833,0.001731,0.009834,-0.009593,-1.437191,0.647898,0.40989,-1.89304,-0.193037,0.00655,0.348443,0.648503,-0.413019,0.639415,-0.172821,0.738051,0.652187,-0.742081,-0.532922,0.406416,-0.014002,0.010462,-0.007892,0.118993,-0.23838,-0.160584,0.303162,0.03329,0.051043,-0.020342,-0.705753,0.293138,0.644966,0.299484,-0.701594,0.646586,0.642044,0.649487,0.407362,-0.007011,0.005228,-0.00395,0.143714,-0.253365,-0.169503,0.233571,0.017319,0.057607,-0.030596,-0.233736,-0.220318,-0.947009,-0.395679,-0.868136,0.299628,-0.888146,0.444746,0.115739,2.5e-05,4.1e-05,3.2e-05,0.085197,0.181643,0.084857,-1.042533
746,0.005512,0.010408,0.391992,0.345857,0.188733,-0.919134,0.427948,0.840021,0.333461,0.834604,-0.508902,0.210907,-0.000172,-0.000286,-0.000231,0.075688,0.161566,0.071339,-1.892917,-0.19321,0.006609,0.348411,0.655903,-0.400493,0.639835,-0.181845,0.738714,0.648975,-0.733369,-0.541504,0.410862,-0.013414,0.000104,0.00099,0.213494,-0.313469,-0.464392,0.301322,0.033203,0.051072,-0.020358,-0.710484,0.280603,0.645347,0.30836,-0.700189,0.643932,0.632555,0.656503,0.410947,-0.006717,8e-05,0.000518,0.342552,-0.411177,-0.523501,0.230958,0.017322,0.057634,-0.030627,-0.236479,-0.216206,-0.947276,-0.399906,-0.866866,0.297686,-0.885523,0.449218,0.118533,0.000724,0.004677,-0.00499,0.134221,0.196267,0.110682,-1.037471
747,0.005514,0.010478,0.391877,0.352114,0.178174,-0.918866,0.441408,0.834078,0.330826,0.824919,-0.522301,0.21619,-0.000562,-0.000937,-0.000755,-5.001603,1.991714,1.267002,-1.893437,-0.193595,0.006875,0.348238,0.666803,-0.381564,0.640135,-0.194875,0.739681,0.644072,-0.720069,-0.553728,0.418029,-0.013948,0.011085,-0.007412,0.171853,-0.255366,-0.171101,0.29524,0.033015,0.051197,-0.020439,-0.71813,0.259837,0.64558,0.321323,-0.699064,0.638796,0.617284,0.666178,0.418527,-0.006709,7.7e-05,0.000516,0.28231,-0.414192,-0.29232,0.222794,0.017324,0.05767,-0.030684,-0.242292,-0.208057,-0.947631,-0.408299,-0.864165,0.294126,-0.880105,0.458181,0.124431,-0.000366,-0.000613,-0.000495,0.099898,0.214659,0.094529,-1.042696
748,0.005533,0.010572,0.391795,0.357043,0.169516,-0.918602,0.449938,0.83059,0.328099,0.818162,-0.530667,0.221431,2e-06,3e-06,3e-06,0.015642,0.033433,0.014792,-1.893417,-0.193859,0.007117,0.348062,0.672914,-0.370399,0.640298,-0.199228,0.742732,0.639211,-0.713159,-0.557227,0.425165,-0.013453,-0.000588,0.000452,-0.85005,-1.446485,-0.982189,0.297664,0.032883,0.051328,-0.020532,-0.721491,0.249989,0.64572,0.324769,-0.701437,0.634437,0.611535,0.667451,0.424891,-0.000169,0.004605,-0.004672,-3.300684,-3.966857,-2.589998,0.220997,0.017332,0.057715,-0.030726,-0.249368,-0.197307,-0.948095,-0.42166,-0.859224,0.289717,-0.871789,0.472021,0.131066,5e-06,9e-06,4e-06,0.001408,-0.009262,-0.005087,-1.045472
749,0.005551,0.010705,0.391692,0.367841,0.155526,-0.916815,0.461448,0.825435,0.325107,0.806883,-0.54284,0.233006,0.001795,0.00994,-0.009504,0.093602,0.107442,0.071257,-1.893513,-0.194089,0.007125,0.347957,0.681691,-0.35342,0.640611,-0.212828,0.741801,0.635901,-0.700783,-0.569376,0.429625,-0.000198,-0.002864,-0.002207,0.017233,-0.021298,-0.046944,0.297448,0.032768,0.051336,-0.020581,-0.728502,0.228367,0.645858,0.339362,-0.698676,0.629829,0.595078,0.678012,0.431488,-0.000343,0.004406,-0.005036,0.028835,-0.031556,0.004394,0.22263,0.017341,0.057778,-0.030774,-0.261176,-0.184231,-0.947547,-0.433233,-0.854828,0.285617,-0.862609,0.485105,0.143446,8e-05,0.000133,0.000103,0.078338,0.158766,0.072154,-1.052167
750,0.005534,0.010752,0.391636,0.369056,0.153163,-0.916724,0.460865,0.826374,0.323545,0.80666,-0.542079,0.235535,0.001194,0.008937,-0.010311,0.061714,0.039313,0.041092,-1.893954,-0.194145,0.007142,0.347885,0.682926,-0.350997,0.640627,-0.212909,0.74314,0.634308,-0.699555,-0.569132,0.431943,-0.000186,-0.002683,-0.002068,0.016691,-0.020277,-0.046322,0.297472,0.032735,0.051342,-0.020619,-0.729271,0.22582,0.645885,0.339668,-0.699953,0.628244,0.59396,0.677547,0.433752,-5.3e-05,-0.000756,-0.000584,-0.008113,-0.014218,-0.00952,0.222467,0.017333,0.057803,-0.030801,-0.262615,-0.181865,-0.947606,-0.432351,-0.855792,0.284063,-0.862615,0.484298,0.146114,-0.000334,-0.000554,-0.000447,0.019416,0.03055,0.013702,-1.047595
751,0.005524,0.010858,0.39151,0.37297,0.144371,-0.916567,0.474668,0.819088,0.322111,0.796796,-0.55538,0.238111,-8.3e-05,-0.000138,-0.000112,-2.8e-05,0.000768,0.000375,-1.893435,-0.194222,0.007097,0.347818,0.686486,-0.343667,0.640798,-0.213629,0.746913,0.629617,-0.695842,-0.568676,0.438491,-0.000165,-0.002368,-0.001826,0.213792,-0.403706,-0.249369,0.295662,0.032697,0.051319,-0.020653,-0.730758,0.220198,0.646146,0.340735,-0.702538,0.62477,0.591516,0.676721,0.438356,-9.8e-05,-0.001385,-0.001064,0.221839,-0.435775,-0.303633,0.221977,0.017327,0.057858,-0.030869,-0.266875,-0.173641,-0.947959,-0.44646,-0.849442,0.281285,-0.854079,0.498293,0.149171,0.000808,0.00482,-0.004875,0.027983,-0.034061,0.007479,-1.045962
752,0.005509,0.011037,0.391335,0.376856,0.141624,-0.915405,0.483013,0.813206,0.324603,0.789923,-0.564654,0.239198,0.001681,0.009746,-0.009657,-0.103905,0.025644,0.049256,-1.893811,-0.194371,0.006974,0.347732,0.69451,-0.326313,0.641224,-0.227739,0.745569,0.626256,-0.683285,-0.580554,0.442654,-0.000232,-0.00331,-0.002556,-0.027622,-0.222273,-0.145614,0.285608,0.032622,0.051257,-0.020696,-0.736297,0.200091,0.646397,0.354395,-0.699746,0.620289,0.576428,0.685797,0.44431,-0.000138,-0.001954,-0.001509,-0.240387,-0.454208,-0.342305,0.212833,0.01732,0.057947,-0.030957,-0.270968,-0.171281,-0.947226,-0.455392,-0.844143,0.282912,-0.848053,0.508019,0.150736,0.000854,0.004896,-0.004812,-0.104622,0.025437,0.050318,-1.052004
753,0.005504,0.011141,0.391234,0.377601,0.139518,-0.915422,0.487535,0.810514,0.324574,0.786783,-0.56903,0.239173,0.001634,0.009666,-0.00972,0.032675,-0.022797,0.013562,-1.893979,-0.194458,0.006938,0.347659,0.697477,-0.319659,0.641355,-0.232473,0.745521,0.624571,-0.67865,-0.584312,0.444834,-0.000262,-0.003729,-0.002881,0.014584,-0.01645,-0.043959,0.283634,0.032579,0.051239,-0.020733,-0.738257,0.192465,0.646477,0.359271,-0.698961,0.618366,0.570876,0.688774,0.446866,-0.00013,-0.001833,-0.00142,-0.021025,0.014036,-0.026305,0.207934,0.017317,0.057996,-0.031004,-0.271872,-0.169211,-0.94734,-0.460129,-0.841743,0.2824,-0.845201,0.512676,0.150987,-0.006395,0.00255,0.001464,-0.000478,0.014031,-0.030697,-1.056412
754,0.005446,0.011308,0.391046,0.380167,0.133188,-0.915302,0.501256,0.801995,0.324837,0.776866,-0.582456,0.239273,-0.000694,-0.001157,-0.000932,-0.0001,3.5e-05,2.6e-05,-1.8936,-0.194582,0.006943,0.347494,0.705865,-0.301592,0.640927,-0.24196,0.747607,0.618444,-0.666548,-0.591229,0.4539,-0.000212,-0.002996,-0.002316,0.263139,-0.487563,-0.335198,0.281341,0.032517,0.051241,-0.020816,-0.742703,0.175839,0.646121,0.368526,-0.698297,0.613652,0.559088,0.693874,0.453826,-6.3e-05,-0.000886,-0.000691,-0.01018,-0.019133,-0.01321,0.202709,0.017289,0.058084,-0.0311,-0.274851,-0.163062,-0.947558,-0.474369,-0.834221,0.281155,-0.836319,0.526768,0.151935,-0.000369,-0.000615,-0.000499,0.000605,-0.000669,-0.001423,-1.056902
755,0.005313,0.011442,0.390894,0.38348,0.126808,-0.914827,0.509657,0.797,0.324058,0.769739,-0.590672,0.242147,-0.011519,0.014157,-0.007277,0.036368,0.001942,-0.011513,-1.893283,-0.194734,0.007007,0.34735,0.711544,-0.288202,0.640809,-0.251157,0.747291,0.615151,-0.657034,-0.59828,0.458509,-0.000602,0.009858,-0.009259,0.058431,-0.078546,-0.024743,0.274487,0.032446,0.051266,-0.020887,-0.746742,0.159227,0.645771,0.377854,-0.697465,0.608907,0.547358,0.698704,0.460662,-5.3e-05,-0.000739,-0.000576,-0.082569,-0.149011,-0.105906,0.198137,0.017221,0.058149,-0.031178,-0.278781,-0.156707,-0.947482,-0.482926,-0.829905,0.279354,-0.830097,0.535443,0.155684,-0.005745,0.007102,-0.003622,0.027591,-0.024496,-0.0242,-1.047921
756,0.005068,0.011582,0.390802,0.386874,0.118137,-0.914558,0.527883,0.784812,0.324623,0.755632,-0.608512,0.242403,-0.013645,0.003683,0.001785,-0.13745,0.063155,0.006618,-1.893162,-0.194952,0.007127,0.347255,0.716912,-0.274656,0.640775,-0.260499,0.746873,0.611763,-0.647484,-0.605148,0.463058,-0.000468,0.011678,-0.007849,0.04456,-0.027702,0.007754,0.268145,0.032331,0.051324,-0.020936,-0.74973,0.144862,0.645692,0.387111,-0.69536,0.605489,0.536701,0.703909,0.465255,-0.006669,0.000628,0.00093,-0.021315,0.023062,-0.026165,0.188829,0.01711,0.058214,-0.03122,-0.282532,-0.148664,-0.947667,-0.501584,-0.819207,0.278051,-0.817672,0.553893,0.156885,-0.000623,-0.001048,-0.000835,-1.528734,0.562131,0.391979,-1.052167
757,0.00493,0.011632,0.390778,0.389118,0.11365,-0.914175,0.531877,0.782528,0.323619,0.751669,-0.612293,0.24519,-0.000919,-0.001526,-0.001232,0.007696,0.016361,0.007315,-1.893294,-0.195108,0.007243,0.34719,0.721261,-0.268701,0.638415,-0.263425,0.745881,0.611721,-0.64144,-0.609038,0.466358,-0.000488,0.011374,-0.008083,0.057594,-0.052472,-0.0076,0.263697,0.032259,0.051384,-0.020967,-0.753015,0.138393,0.643284,0.389735,-0.693889,0.605494,0.530164,0.706657,0.468573,-0.000233,0.005834,-0.003928,0.043185,-0.046907,-0.007747,0.183441,0.017031,0.058245,-0.031234,-0.285376,-0.143912,-0.947549,-0.505962,-0.817046,0.276473,-0.813979,0.558323,0.160351,-0.006926,0.001673,0.000755,0.006226,-0.080805,0.14431,-1.056249
758,0.004614,0.01163,0.390728,0.389813,0.114047,-0.913829,0.531554,0.782449,0.324339,0.751537,-0.61232,0.245528,-0.001538,-0.002548,-0.00206,0.008129,-0.084378,0.17992,-1.893089,-0.195371,0.007525,0.347008,0.722183,-0.266048,0.638483,-0.263393,0.747608,0.609622,-0.640413,-0.608088,0.469001,-0.013918,0.011184,-0.007333,0.034673,0.002329,-0.012308,0.25401,0.032127,0.051527,-0.021057,-0.753426,0.135723,0.643372,0.390066,-0.695442,0.603497,0.529336,0.705648,0.471023,-0.000253,0.005511,-0.004174,0.028898,-0.003553,0.022398,0.171194,0.016873,0.058244,-0.03126,-0.285903,-0.144642,-0.947278,-0.505728,-0.816887,0.277368,-0.813939,0.558366,0.160401,-0.000787,-0.001305,-0.001051,0.008605,-0.085405,0.179413,-1.056249
759,0.004317,0.011636,0.390697,0.390693,0.114536,-0.913393,0.531178,0.782327,0.325248,0.751346,-0.612386,0.245951,-0.014504,0.002291,0.000647,-0.002162,0.026942,-0.055623,-1.89313,-0.195639,0.007869,0.346747,0.724379,-0.258926,0.638924,-0.267971,0.748012,0.607127,-0.636016,-0.610669,0.471625,-0.000582,0.009975,-0.009157,0.036431,-0.01238,0.017248,0.242983,0.031988,0.051701,-0.021185,-0.754342,0.128406,0.643799,0.394624,-0.695026,0.601006,0.524631,0.707424,0.473616,-0.007002,0.004907,-0.004193,0.031842,0.007782,-0.008992,0.158947,0.01673,0.058247,-0.031275,-0.28674,-0.145181,-0.946943,-0.505447,-0.816753,0.278274,-0.813819,0.558422,0.160814,-0.000601,-0.000994,-0.000801,0.000512,-0.000173,-9.7e-05,-1.050044
760,0.004093,0.011652,0.390666,0.398265,0.118607,-0.909595,0.528379,0.78091,0.333119,0.749333,-0.613425,0.249475,0.000833,0.008314,-0.01081,-0.036261,0.341594,-0.727758,-1.893225,-0.195863,0.008221,0.346413,0.72382,-0.258481,0.639737,-0.267901,0.749012,0.605924,-0.636682,-0.609633,0.472067,-0.000655,0.008972,-0.009928,0.036344,-0.012261,0.017324,0.230723,0.031877,0.051878,-0.021352,-0.75369,0.128156,0.644613,0.394666,-0.696022,0.599825,0.525536,0.70649,0.474006,-0.007043,0.004285,-0.004674,0.03542,0.00414,-0.010986,0.144088,0.016611,0.05825,-0.031288,-0.293721,-0.149381,-0.944146,-0.503725,-0.815253,0.285695,-0.812396,0.559505,0.164211,-0.006866,0.001756,0.000822,-0.227905,1.227213,-2.497581,-1.048248
761,0.004001,0.011643,0.39064,0.400031,0.130663,-0.907165,0.507982,0.79224,0.338056,0.762372,-0.596216,0.251679,-0.0017,-0.002805,-0.002275,0.461565,-0.162853,-0.148584,-1.893167,-0.195947,0.008351,0.346214,0.723586,-0.25829,0.640078,-0.267815,0.749487,0.605375,-0.636984,-0.60913,0.472308,-0.000816,0.006799,-0.011609,0.034633,0.002299,-0.007484,0.222881,0.031834,0.051949,-0.021453,-0.753431,0.128035,0.644941,0.394612,-0.696532,0.599269,0.525949,0.70601,0.474264,-0.000409,0.003311,-0.005871,0.035598,0.003241,-0.006756,0.135596,0.016568,0.058253,-0.031302,-0.295715,-0.161872,-0.941461,-0.483368,-0.824705,0.293624,-0.823957,0.541902,0.165634,-0.001014,-0.001683,-0.001355,1.549986,-0.545063,-0.530953,-1.044492
762,0.003872,0.011621,0.390432,0.396587,0.178624,-0.900476,0.421074,0.836228,0.35127,0.815262,-0.518695,0.257548,-0.002083,-0.003435,-0.00279,0.010908,0.0076,-0.029687,-1.892928,-0.196068,0.008461,0.345799,0.723048,-0.257886,0.64085,-0.267845,0.750327,0.60432,-0.637583,-0.608268,0.472611,-0.000486,-0.006464,-0.005017,-0.001708,0.014605,-0.024783,0.189052,0.031774,0.052004,-0.021654,-0.752824,0.127763,0.645703,0.394755,-0.697348,0.598225,0.526711,0.705253,0.474545,-0.000518,0.001855,-0.007002,0.035284,0.00292,-0.006959,0.106367,0.016503,0.058241,-0.031406,-0.28948,-0.209785,-0.933911,-0.394723,-0.862698,0.316139,-0.872005,0.460153,0.166927,8.5e-05,0.003629,-0.005846,0.080905,-0.124011,0.199536,-1.050044
763,0.003983,0.012183,0.389875,0.395015,0.178287,-0.901234,0.414664,0.840779,0.348018,0.8193,-0.5114,0.259316,0.004135,0.020694,-0.01831,0.139848,0.113129,0.098623,-1.892833,-0.196074,0.008499,0.34546,0.722833,-0.257714,0.64116,-0.267645,0.750872,0.60373,-0.637909,-0.607668,0.472942,-0.000784,0.00723,-0.011279,0.03634,-0.012321,0.01729,0.170274,0.031771,0.052015,-0.02183,-0.752577,0.127653,0.646011,0.394624,-0.697929,0.597633,0.52716,0.704697,0.474871,0.006575,-0.00186,-0.001889,0.002489,-0.014776,0.029585,0.070607,0.016551,0.0585,-0.031676,-0.28759,-0.209573,-0.934542,-0.388016,-0.866607,0.313744,-0.875633,0.452847,0.16791,0.002318,0.010752,-0.008831,0.194748,0.241636,0.157089,-1.056249
764,0.004086,0.012699,0.389464,0.395755,0.176338,-0.901293,0.412998,0.842389,0.346101,0.819784,-0.509418,0.261678,0.007074,0.032471,-0.02629,0.162387,0.068845,0.102806,-1.893002,-0.196031,0.008494,0.345364,0.722692,-0.257624,0.641356,-0.267699,0.751033,0.603507,-0.638047,-0.607508,0.472962,-0.000203,-0.0027,-0.0021,0.0,-0.0,-0.0,0.168501,0.031792,0.052012,-0.021884,-0.752417,0.127594,0.64621,0.394684,-0.698101,0.597392,0.527344,0.704538,0.474903,-9e-05,-0.00127,-0.000987,0.000359,0.000345,0.000288,0.061626,0.016602,0.058761,-0.031886,-0.288778,-0.207266,-0.934691,-0.385943,-0.868243,0.31177,-0.876158,0.45077,0.170736,0.002932,0.011754,-0.008012,0.145067,0.114361,0.131336,-1.063597
765,0.004274,0.01406,0.38844,0.395212,0.174793,-0.901832,0.409528,0.84525,0.343236,0.821783,-0.50519,0.263596,-0.005838,0.037309,-0.023549,0.100007,-0.047321,0.014042,-1.893393,-0.195968,0.008413,0.345271,0.722305,-0.257396,0.641883,-0.26812,0.751193,0.603121,-0.638309,-0.607407,0.472738,-0.000145,-0.001934,-0.001507,0.0,-0.0,-0.0,0.168312,0.031823,0.051973,-0.02193,-0.751991,0.127447,0.646734,0.395112,-0.698192,0.597003,0.527631,0.704474,0.474678,-6.5e-05,-0.000915,-0.000712,0.000245,0.000233,0.000188,0.056727,0.016704,0.059445,-0.032395,-0.288439,-0.205479,-0.93519,-0.381983,-0.870919,0.309171,-0.878004,0.446404,0.172717,0.003615,0.016324,-0.013059,0.089157,-0.087241,0.032124,-1.074538
766,0.004359,0.01528,0.387469,0.393593,0.175648,-0.902373,0.406649,0.847061,0.342193,0.823987,-0.501849,0.263097,0.005676,0.030118,-0.02813,0.097456,-0.06956,0.040145,-1.893511,-0.195941,0.008371,0.345236,0.722024,-0.25723,0.642265,-0.268449,0.751286,0.602858,-0.638487,-0.607363,0.472554,-1.3e-05,-0.000179,-0.000139,0.0,-0.0,-0.0,0.168251,0.031837,0.051951,-0.021948,-0.751683,0.127338,0.647114,0.395442,-0.69823,0.596739,0.527823,0.704455,0.474493,0.0,-7e-06,-6e-06,0.000167,0.000166,0.000113,0.055747,0.016744,0.060061,-0.032876,-0.28657,-0.206434,-0.935554,-0.378982,-0.872434,0.308592,-0.879914,0.442992,0.171779,0.002829,0.015015,-0.014102,0.089247,0.016483,-0.138923,-1.082539
767,0.004365,0.015788,0.387007,0.393375,0.188654,-0.89984,0.377946,0.859024,0.345261,0.837636,-0.476139,0.267741,-0.007611,0.034297,-0.02594,1.526862,-0.228423,-1.157848,-1.893132,-0.195931,0.008371,0.345235,0.721872,-0.257139,0.642473,-0.268629,0.751336,0.602716,-0.638584,-0.607339,0.472454,-0.0,-3e-06,-2e-06,0.0,-0.0,-0.0,0.168177,0.031842,0.051952,-0.021947,-0.751516,0.127276,0.64732,0.395624,-0.698251,0.596595,0.527925,0.704446,0.474393,5e-06,6.3e-05,4.7e-05,0.000137,0.000118,0.000115,0.055584,0.016753,0.060313,-0.033108,-0.28565,-0.218024,-0.933203,-0.351572,-0.882041,0.313686,-0.891515,0.417693,0.175304,0.001592,0.009311,-0.009796,4.795789,-0.699181,-3.899323,-1.081069
768,0.004149,0.016751,0.386245,0.405444,0.198678,-0.892293,0.337851,0.874424,0.348154,0.848915,-0.442862,0.288521,-0.009544,0.024149,-0.016641,0.440081,0.815456,0.312844,-1.893534,-0.195893,0.008357,0.345209,0.721484,-0.256908,0.643001,-0.269069,0.751481,0.60234,-0.638837,-0.607259,0.472216,-7.7e-05,-0.001036,-0.000807,0.0,-0.0,-0.0,0.16435,0.031861,0.051949,-0.021958,-0.751091,0.127117,0.647845,0.396074,-0.698319,0.596216,0.528192,0.704408,0.474153,-4.8e-05,-0.000661,-0.000516,-0.011695,0.101065,-0.170867,0.053461,0.016644,0.060796,-0.033494,-0.295988,-0.232247,-0.926526,-0.309963,-0.894145,0.323151,-0.9035,0.382838,0.192667,-0.004847,0.011938,-0.008434,0.234462,0.479409,-0.044077,-1.085968
769,0.003814,0.017555,0.38579,0.431547,0.19321,-0.881182,0.316118,0.882476,0.348248,0.844376,-0.429079,0.320854,-0.010008,0.016434,-0.00539,0.384292,0.746746,0.340853,-1.894847,-0.195847,0.00831,0.345156,0.720301,-0.259328,0.643356,-0.268894,0.750434,0.603721,-0.640245,-0.607521,0.469966,-0.000124,-0.001664,-0.001298,-0.00022,0.000424,0.000266,0.161722,0.031884,0.051925,-0.021984,-0.750313,0.129784,0.648217,0.395714,-0.697297,0.597651,0.529566,0.704934,0.471834,-7e-05,-0.000949,-0.00074,0.004441,0.009945,-0.027329,0.049052,0.016475,0.061197,-0.033729,-0.324363,-0.227493,-0.918169,-0.287483,-0.901029,0.324805,-0.901189,0.369313,0.22686,-0.004912,0.008351,-0.002584,0.408352,0.783005,0.399502,-1.084008
770,0.00345,0.018216,0.385649,0.448425,0.176591,-0.876228,0.309886,0.888783,0.33765,0.83785,-0.423157,0.344924,-0.010636,0.008468,0.005639,0.147292,0.327814,0.121143,-1.894897,-0.195849,0.008297,0.345133,0.720191,-0.25926,0.643506,-0.269008,0.750487,0.603604,-0.64032,-0.607484,0.469911,-2.1e-05,-0.000287,-0.000224,-0.0,0.0,0.0,0.16164,0.031883,0.051916,-0.021997,-0.750208,0.129679,0.648359,0.395828,-0.697371,0.597488,0.529629,0.70488,0.471843,-1e-05,-0.000142,-0.00011,-2.2e-05,-0.00022,-0.000149,0.046766,0.016293,0.061531,-0.033804,-0.344171,-0.210438,-0.91502,-0.279311,-0.907489,0.313765,-0.896399,0.363564,0.253554,-0.004159,0.009574,-0.001592,0.173893,0.280161,0.153051,-1.087601
771,0.00319,0.018482,0.385704,0.454505,0.171438,-0.874117,0.307715,0.89068,0.334625,0.835365,-0.421276,0.353156,-0.010578,0.00855,0.005701,0.093926,0.20057,0.090526,-1.895613,-0.195862,0.008271,0.345101,0.719962,-0.259118,0.64382,-0.269265,0.750581,0.603373,-0.640471,-0.607429,0.469777,-0.000186,-0.002496,-0.001947,-0.001707,0.014632,-0.024767,0.161583,0.031877,0.051908,-0.02201,-0.74997,0.129578,0.648655,0.396083,-0.697417,0.597266,0.529776,0.704853,0.471718,-5.1e-05,-0.00069,-0.000538,-0.000104,-0.000118,-8.7e-05,0.046603,0.016163,0.061665,-0.033776,-0.350723,-0.205883,-0.913567,-0.276749,-0.909176,0.311139,-0.894652,0.361953,0.261891,-0.011837,0.0065,0.004049,0.077899,0.200594,0.021266,-1.086621
