frame,MLTx,MLTy,MLTz,MLTR1,MLTR2,MLTR3,MLTR4,MLTR5,MLTR6,MLTR7,MLTR8,MLTR9,MLTTVx,MLTTVy,MLTTVz,MLTRVx,MLTRVy,MLTRVz,MLGA,MRTx,MRTy,MRTz,MRTR1,MRTR2,MRTR3,MRTR4,MRTR5,MRTR6,MRTR7,MRTR8,MRTR9,MRTTVx,MRTTVy,MRTTVz,MRTRVx,MRTRVy,MRTRVz,MRGA,SLTx,SLTy,SLTz,SLTR1,SLTR2,SLTR3,SLTR4,SLTR5,SLTR6,SLTR7,SLTR8,SLTR9,SLTTVx,SLTTVy,SLTTVz,SLTRVx,SLTRVy,SLTRVz,SLGA,SRTx,SRTy,SRTz,SRTR1,SRTR2,SRTR3,SRTR4,SRTR5,SRTR6,SRTR7,SRTR8,SRTR9,SRTTVx,SRTTVy,SRTTVz,SRTRVx,SRTRVy,SRTRVz,SRGA
2499,0.15734,0.099828,0.32234,-0.883497,0.223152,-0.411923,-0.434947,-0.717486,0.544065,-0.173045,0.659564,0.731476,-0.112732,-0.053726,0.038322,0.329754,0.647068,0.316428,-1.905874,-0.106232,0.062724,0.333338,0.40849,-0.502617,0.761908,0.211558,0.864049,0.456724,-0.888376,-0.024758,0.4583,0.004139,-0.01799,-0.012623,-0.00119,0.083023,-0.102289,0.460996,0.041784,0.054999,-0.013948,-0.364962,0.476801,0.799664,-0.103,-0.874314,0.474303,0.925307,0.090737,0.368202,-0.003928,-0.010222,-0.006527,0.035937,0.647044,-0.756512,0.461825,0.115369,0.07353,-0.078864,-0.794671,0.309391,-0.522278,-0.556689,-0.714508,0.423762,-0.242063,0.627498,0.740034,-0.056345,-0.026599,0.019371,0.486922,0.372072,0.673992,-0.847334
2500,0.152508,0.097532,0.324071,-0.880981,0.228952,-0.414123,-0.436722,-0.730414,0.525111,-0.181164,0.643182,0.743992,-0.136269,-0.061252,0.048201,0.528643,0.481551,0.532409,-1.906602,-0.106149,0.061958,0.332797,0.39215,-0.497312,0.77388,0.221153,0.867477,0.445543,-0.89337,-0.00296,0.44916,0.004825,-0.020985,-0.01483,-0.005179,0.033646,-0.04657,0.429999,0.041827,0.05461,-0.014222,-0.346966,0.472492,0.810163,-0.113293,-0.878616,0.463894,0.931009,0.06917,0.35838,-0.003521,-0.012046,-0.007859,-0.02844,0.17511,-0.253256,0.42786,0.112962,0.072385,-0.078003,-0.79168,0.314915,-0.523517,-0.556216,-0.725998,0.404413,-0.252716,0.611354,0.749919,-0.062743,-0.036906,0.027052,0.602761,-1.452881,1.638186,-0.843741
2501,0.146856,0.094868,0.326381,-0.879285,0.22954,-0.417391,-0.433887,-0.74763,0.502756,-0.195561,0.622878,0.7575,-0.148166,-0.061986,0.062145,1.089589,-0.797809,1.689424,-1.906427,-0.106056,0.061119,0.332119,0.388252,-0.490031,0.780463,0.217601,0.871619,0.439164,-0.895936,-7.2e-05,0.444029,0.005426,-0.023612,-0.016829,-0.005182,0.03362,-0.046523,0.38706,0.041873,0.05419,-0.014561,-0.341983,0.465576,0.816263,-0.110097,-0.882506,0.457232,0.933234,0.066497,0.35306,0.002859,-0.012403,-0.008837,-0.026473,0.165578,-0.230066,0.378546,0.110139,0.071042,-0.07686,-0.790488,0.315347,-0.525056,-0.550289,-0.742054,0.382802,-0.268905,0.591533,0.760117,-0.074171,-0.03148,0.030856,0.191804,0.845029,-0.213722,-0.842272
2502,0.143997,0.093637,0.327688,-0.879809,0.228981,-0.416591,-0.43005,-0.756895,0.492075,-0.201549,0.611799,0.764922,-0.148624,-0.067973,0.072504,0.47142,1.143914,0.047937,-1.906126,-0.105975,0.060703,0.331707,0.387357,-0.488308,0.781985,0.216869,0.872585,0.437604,-0.8965,0.000682,0.442889,0.00398,-0.01494,-0.02622,0.028654,0.043874,-0.049752,0.364682,0.041914,0.053982,-0.014761,-0.340837,0.463929,0.817679,-0.109422,-0.883423,0.45562,0.933732,0.06582,0.351867,0.003077,-0.013342,-0.009554,-0.026342,0.166077,-0.230463,0.348338,0.10871,0.070427,-0.076212,-0.78958,0.314981,-0.52664,-0.546742,-0.750777,0.370682,-0.278632,0.580619,0.765013,-0.079935,-0.03332,0.036879,0.337698,0.512998,-0.027258,-0.840802
2503,0.137936,0.091264,0.330791,-0.874196,0.246001,-0.4187,-0.439791,-0.76674,0.467617,-0.204916,0.59262,0.778998,-0.159355,-0.054557,0.08133,0.349922,0.460027,-0.062903,-1.906579,-0.105761,0.059846,0.330658,0.371605,-0.495078,0.785366,0.248571,0.868035,0.429723,-0.894918,0.036142,0.444611,0.005597,-0.021931,-0.031494,0.164438,0.1007,-0.026512,0.314759,0.042019,0.053561,-0.015281,-0.325653,0.471559,0.8195,-0.142061,-0.881311,0.450674,0.934755,0.030344,0.353992,0.002823,-0.011027,-0.015783,0.423328,0.253844,0.178121,0.288247,0.105738,0.069256,-0.074695,-0.783212,0.333572,-0.524696,-0.553429,-0.758622,0.343813,-0.28336,0.559662,0.778771,-0.074005,-0.027417,0.040551,0.411242,1.123316,-0.229686,-0.840802
2504,0.132157,0.088976,0.334162,-0.874115,0.243341,-0.420422,-0.432279,-0.784523,0.444558,-0.220568,0.570027,0.791484,-0.148737,-0.060221,0.091978,0.467337,0.511318,-0.044908,-1.906488,-0.10561,0.058857,0.329172,0.351383,-0.49267,0.796114,0.290917,0.865623,0.407427,-0.890284,0.089045,0.446462,-0.004315,-0.034254,-0.039515,0.356981,0.48044,-1.128054,0.265247,0.042096,0.053062,-0.016033,-0.303808,0.471061,0.828131,-0.186473,-0.881805,0.433182,0.934306,-0.02282,0.355739,-0.002043,-0.017605,-0.020092,0.393255,0.48667,-1.223612,0.219011,0.102791,0.068097,-0.07298,-0.782386,0.330643,-0.527773,-0.544025,-0.775348,0.320734,-0.30316,0.53806,0.786501,-0.079992,-0.029074,0.046823,1.252224,-0.852184,1.093172,-0.840312
2505,0.129263,0.087866,0.336022,-0.872298,0.244961,-0.423244,-0.431564,-0.792696,0.430531,-0.228959,0.5579,0.797717,-0.148195,-0.054479,0.095642,0.629326,0.663048,0.086313,-1.906713,-0.105479,0.058286,0.328268,0.342377,-0.481941,0.806537,0.305798,0.868762,0.389453,-0.888793,0.113889,0.443778,0.007071,-0.025894,-0.050786,0.504548,0.046708,-0.694838,0.231663,0.04216,0.052779,-0.016483,-0.292737,0.460969,0.837742,-0.202652,-0.886129,0.41678,0.934471,-0.047763,0.352819,0.003668,-0.013459,-0.025757,0.561827,-0.022328,-0.752801,0.181945,0.101343,0.067539,-0.072053,-0.780148,0.331461,-0.530567,-0.54149,-0.782509,0.307354,-0.313298,0.527079,0.789956,-0.074005,-0.026493,0.048372,0.786127,-1.196808,0.95995,-0.840966
2506,0.124032,0.08575,0.339802,-0.86914,0.252473,-0.425322,-0.431871,-0.806569,0.403615,-0.240073,0.534164,0.810593,-0.125823,-0.05431,0.095733,0.466237,1.210695,-0.291315,-1.906519,-0.105075,0.056804,0.326285,0.338,-0.439843,0.832037,0.307724,0.887054,0.344057,-0.889798,0.140283,0.434101,0.010602,-0.043478,-0.048866,0.58527,1.807544,-2.779249,0.192125,0.042359,0.052048,-0.01746,-0.28419,0.421933,0.860934,-0.208124,-0.903695,0.374189,0.935905,-0.07284,0.344636,0.005416,-0.022133,-0.024713,0.444438,-0.254145,-0.899822,0.107647,0.098721,0.06649,-0.070156,-0.775799,0.338948,-0.532211,-0.538883,-0.794691,0.27941,-0.328238,0.503566,0.799174,-0.063543,-0.033532,0.051167,0.075854,0.795613,-0.489621,-0.840802
2507,0.11931,0.08332,0.34347,-0.870765,0.243568,-0.427186,-0.416151,-0.827831,0.376145,-0.260942,0.505001,0.822745,-0.116911,-0.062916,0.091047,0.809666,0.311948,-0.433287,-1.906358,-0.10447,0.055325,0.32432,0.337476,-0.406005,0.849271,0.303234,0.900929,0.310339,-0.891536,0.153289,0.426062,0.02037,-0.027064,-0.054663,0.126289,0.259244,-0.656439,0.186811,0.042669,0.051279,-0.01847,-0.279181,0.385254,0.879565,-0.206128,-0.918678,0.336959,0.937852,-0.087231,0.335889,0.010232,-0.013604,-0.027386,0.095021,0.292974,-0.615231,0.080541,0.09636,0.065292,-0.068312,-0.77795,0.331568,-0.533718,-0.520827,-0.81544,0.252575,-0.35147,0.474466,0.807062,-0.059002,-0.037222,0.049213,2.067316,-1.626713,-0.117965,-0.84766
2508,0.115076,0.080544,0.347075,-0.875785,0.2262,-0.426473,-0.386474,-0.857929,0.338478,-0.288234,0.460968,0.839319,-0.107371,-0.068326,0.08839,1.420456,-1.27107,1.268749,-1.906551,-0.103365,0.054356,0.322396,0.337308,-0.384841,0.859135,0.299954,0.908925,0.289512,-0.892709,0.160512,0.420915,0.031246,-0.017088,-0.04912,0.0361,0.264265,-0.345907,0.229334,0.043212,0.050792,-0.019421,-0.2766,0.364601,0.889133,-0.204361,-0.926385,0.316302,0.939004,-0.094215,0.330748,0.016668,-0.014126,-0.020823,-0.027628,0.308735,-0.33442,0.092298,0.094239,0.063907,-0.066508,-0.785647,0.31398,-0.533078,-0.4865,-0.845836,0.218807,-0.382196,0.431249,0.817281,-0.048711,-0.04138,0.046974,0.773744,1.203918,-0.181026,-0.851906
2509,0.113125,0.078906,0.348866,-0.879413,0.214256,-0.425174,-0.365532,-0.876055,0.314462,-0.30401,0.431686,0.849266,-0.097875,-0.075835,0.08425,4.028476,-2.949061,-3.171591,-1.906896,-0.10266,0.054039,0.321459,0.333402,-0.376194,0.864472,0.297982,0.911915,0.28205,-0.894829,0.164016,0.415021,0.030711,-0.014262,-0.047187,0.04537,0.159203,-0.176308,0.284805,0.043553,0.050638,-0.019872,-0.271294,0.356589,0.894003,-0.202778,-0.929166,0.309079,0.940893,-0.097433,0.324385,0.021427,-0.005118,-0.022793,0.025204,0.247781,-0.273905,0.136387,0.093295,0.06313,-0.065641,-0.788458,0.305971,-0.533586,-0.468231,-0.861111,0.198104,-0.398863,0.406039,0.822216,-0.049718,-0.044523,0.045383,0.672775,1.082001,1.9e-05,-0.849293
2510,0.109789,0.0755,0.352051,-0.887864,0.197423,-0.415653,-0.328719,-0.904227,0.27256,-0.320934,0.378378,0.86825,-0.088855,-0.083466,0.080456,1.204194,0.958746,0.092614,-1.908066,-0.101236,0.053605,0.319846,0.322634,-0.360387,0.875226,0.294524,0.916931,0.269121,-0.899895,0.171382,0.40085,0.031574,-0.019425,-0.035383,-0.044471,0.22855,-0.107318,0.351984,0.044276,0.050416,-0.020702,-0.258114,0.341436,0.903768,-0.200178,-0.934067,0.295712,0.945148,-0.104587,0.309443,0.020884,-0.00228,-0.02077,-0.018716,0.216202,-0.038999,0.245465,0.091555,0.06136,-0.063986,-0.799739,0.284893,-0.528443,-0.422944,-0.89207,0.159146,-0.426069,0.350777,0.833918,-0.044578,-0.042157,0.040037,1.175712,0.954524,0.076761,-0.846681
2511,0.10703,0.072274,0.355072,-0.893802,0.183662,-0.409184,-0.298383,-0.924635,0.236621,-0.333779,0.333352,0.881757,-0.0535,-0.076128,0.070593,0.545343,0.663266,0.319595,-1.9085,-0.099761,0.053353,0.318414,0.319176,-0.354599,0.87885,0.294656,0.918462,0.263702,-0.90108,0.175218,0.396506,0.040351,0.00196,-0.036569,0.049355,0.128403,-0.122912,0.348361,0.045011,0.050281,-0.021418,-0.254007,0.335905,0.906999,-0.200662,-0.935654,0.29032,0.946157,-0.108257,0.305066,0.021078,-0.003924,-0.014023,0.034549,-0.002652,0.037604,0.282205,0.090194,0.059766,-0.062507,-0.807552,0.271882,-0.52339,-0.388649,-0.912799,0.125492,-0.443632,0.304756,0.8428,-0.032619,-0.037387,0.035835,0.802281,0.712862,0.474004,-0.840312
2512,0.105954,0.070841,0.356366,-0.896262,0.170976,-0.409302,-0.278362,-0.93522,0.218744,-0.344275,0.309768,0.88631,-0.041814,-0.06978,0.060107,0.852383,0.478786,0.148314,-1.908902,-0.099045,0.053281,0.317894,0.318885,-0.355033,0.87878,0.295494,0.918152,0.263844,-0.900908,0.175966,0.396565,0.0414,-0.004603,-0.025463,0.034385,-0.000579,0.038802,0.345652,0.04537,0.050244,-0.021685,-0.253709,0.336224,0.906964,-0.201473,-0.935447,0.290424,0.946065,-0.109046,0.305071,0.020571,-0.0017,-0.012263,0.036655,-0.018223,0.061445,0.281062,0.089653,0.059051,-0.061854,-0.810591,0.259045,-0.525201,-0.367207,-0.92346,0.111265,-0.45618,0.283049,0.843671,-0.026655,-0.033691,0.030888,0.889728,-0.277165,-0.95094,-0.838026
2513,0.104413,0.068381,0.358452,-0.902177,0.145084,-0.406291,-0.24118,-0.950466,0.196008,-0.356609,0.274637,0.892991,-0.028612,-0.050884,0.042611,2.515977,-0.844258,-4.515448,-1.910428,-0.097665,0.052921,0.31718,0.317049,-0.359518,0.877621,0.302365,0.915328,0.265863,-0.899272,0.181503,0.397781,0.029827,-0.013212,-0.014378,0.017587,-0.114634,0.17106,0.342387,0.046064,0.050071,-0.022043,-0.252267,0.340716,0.905689,-0.208273,-0.933142,0.293031,0.944977,-0.114709,0.306363,0.014869,-0.006373,-0.00702,-0.001837,0.003801,0.012031,0.27747,0.088876,0.057812,-0.060805,-0.817708,0.239088,-0.52363,-0.332917,-0.938519,0.091363,-0.469593,0.249033,0.847032,-0.01493,-0.03111,0.02522,0.334697,0.341592,0.457118,-0.843251
2514,0.103436,0.066757,0.359906,-0.906947,0.126718,-0.401789,-0.213291,-0.960552,0.178379,-0.362209,0.247314,0.898703,-0.014725,-0.030235,0.025813,0.771493,-0.281983,-1.127731,-1.910571,-0.096636,0.052436,0.316671,0.315168,-0.363204,0.87678,0.30843,0.912851,0.267409,-0.89787,0.186584,0.398596,0.016234,-0.011493,-0.011328,-0.00072,0.001976,0.006277,0.34595,0.046572,0.049833,-0.022294,-0.250811,0.344631,0.904611,-0.214351,-0.931056,0.295275,0.944005,-0.119846,0.307391,0.008113,-0.005698,-0.005641,-0.003927,0.019004,-0.016905,0.278613,0.088376,0.05698,-0.060063,-0.825471,0.216695,-0.52119,-0.298548,-0.951254,0.077344,-0.479024,0.219446,0.849928,-0.007407,-0.015193,0.012882,0.678758,-0.362472,-1.191925,-0.840312
2515,0.103147,0.065836,0.360553,-0.911043,0.106442,-0.398392,-0.183639,-0.969752,0.160716,-0.368104,0.219441,0.903534,0.008713,-0.026652,0.01318,0.271436,0.07153,0.505646,-1.911137,-0.096024,0.052229,0.316423,0.311393,-0.36927,0.875594,0.320121,0.908251,0.269327,-0.895085,0.196874,0.399908,0.013637,-0.001329,-0.002875,0.434783,0.135934,0.205186,0.354539,0.046887,0.049715,-0.022431,-0.248159,0.350202,0.903202,-0.224395,-0.927789,0.298081,0.942371,-0.128703,0.308823,0.006722,5e-06,-0.001042,4.838682,1.479871,2.237375,0.286124,0.088229,0.056536,-0.059745,-0.831263,0.194842,-0.520612,-0.266458,-0.961613,0.065566,-0.487853,0.193224,0.851271,-0.000995,-0.007064,0.00313,0.540359,0.359757,0.442013,-0.842598
2516,0.10315,0.065606,0.360646,-0.912953,0.097106,-0.3964,-0.169971,-0.973509,0.152847,-0.369923,0.206791,0.905771,0.009776,-0.015824,0.00506,0.543775,0.347304,0.46634,-1.910918,-0.095862,0.052291,0.316463,0.311771,-0.370623,0.874888,0.320625,0.907748,0.270419,-0.894773,0.196648,0.400716,0.011461,0.007037,0.004121,0.004817,-0.032384,0.052214,0.354956,0.046976,0.049736,-0.02242,-0.248137,0.352231,0.902419,-0.226509,-0.926826,0.299475,0.941871,-0.130095,0.309764,-0.000603,0.002328,0.001938,0.002395,-0.01732,0.022517,0.290043,0.088229,0.05641,-0.059694,-0.833633,0.185115,-0.520371,-0.252314,-0.965742,0.060657,-0.491316,0.181863,0.851782,-0.00041,-0.001459,-0.000825,0.143436,-0.015168,0.194489,-0.845048
2517,0.103139,0.065446,0.360522,-0.915336,0.077664,-0.395189,-0.145307,-0.978828,0.144063,-0.374496,0.189187,0.907738,0.009884,-0.008497,-0.005069,0.232527,-0.168014,-0.237626,-1.91153,-0.095722,0.052761,0.316958,0.320422,-0.383428,0.866201,0.323821,0.903598,0.280328,-0.890566,0.191134,0.412579,-0.002693,0.007432,0.022931,-0.333094,-1.982428,1.999664,0.341528,0.047052,0.049968,-0.022182,-0.257385,0.362086,0.895905,-0.228868,-0.923604,0.307529,0.938814,-0.125891,0.320592,0.00375,0.011056,0.008322,0.029899,-0.074291,0.044776,0.285797,0.088224,0.056331,-0.05975,-0.837892,0.167739,-0.519422,-0.227408,-0.972365,0.052827,-0.496207,0.162384,0.852882,-0.000465,0.001778,-0.006138,0.665007,-0.377634,-1.378467,-0.846517
2518,0.103188,0.065054,0.36008,-0.915953,0.060712,-0.396723,-0.125653,-0.982179,0.139668,-0.380036,0.177696,0.907757,-0.004445,-0.016305,-0.009358,2.192585,-0.755906,-5.040735,-1.911193,-0.095493,0.05356,0.317961,0.344308,-0.415743,0.841785,0.336522,0.891612,0.302844,-0.876865,0.179512,0.44581,0.007599,0.018621,0.030282,-0.098924,-2.034417,1.6091,0.32512,0.047163,0.05038,-0.021664,-0.286439,0.394619,0.873056,-0.239981,-0.911741,0.33337,0.927556,-0.114027,0.355859,0.003628,0.009834,0.015575,-0.052604,-2.065283,1.535334,0.264896,0.088254,0.056138,-0.059969,-0.838986,0.152001,-0.52249,-0.208969,-0.976567,0.05145,-0.502426,0.15235,0.851091,-0.002265,-0.00855,-0.004926,2.191502,-0.752028,-5.040242,-0.844885
2519,0.103164,0.064746,0.359804,-0.916241,0.045943,-0.398042,-0.109691,-0.984218,0.138759,-0.384247,0.170735,0.90732,-0.005319,-0.01951,-0.011239,2.200429,-0.844885,-4.897564,-1.911843,-0.095289,0.053882,0.318597,0.349789,-0.445668,0.824026,0.366731,0.874466,0.317414,-0.862466,0.191711,0.468255,0.00991,0.0068,0.037089,4.380242,-0.586126,4.139664,0.326363,0.047259,0.050547,-0.021353,-0.296377,0.420868,0.857339,-0.264106,-0.898781,0.349912,0.917827,-0.122723,0.377532,0.003702,0.009588,0.015311,0.262423,-0.905056,0.114801,0.259671,0.088244,0.055991,-0.060103,-0.839619,0.14105,-0.524541,-0.197146,-0.978976,0.052317,-0.506135,0.147337,0.849775,0.003646,-0.005579,-0.010495,0.036839,-0.001537,-0.003061,-0.846354
2520,0.102902,0.063982,0.359299,-0.916967,-0.003258,-0.399007,-0.053722,-0.989857,0.131411,-0.394249,0.141932,0.907992,-0.005672,-0.020745,-0.01205,0.76107,-0.306421,-1.33356,-1.912489,-0.094728,0.054113,0.319989,0.349688,-0.499312,0.792715,0.427731,0.837816,0.339182,-0.833931,0.221071,0.505519,0.010623,0.003912,0.034563,-0.356433,-2.108951,1.696722,0.34941,0.047537,0.050673,-0.020648,-0.302424,0.475623,0.826027,-0.331073,-0.865068,0.376891,0.893829,-0.159494,0.419083,0.012524,-0.001859,0.021597,0.068339,-0.365717,-0.132209,0.275347,0.08811,0.055601,-0.06036,-0.843922,0.088497,-0.529114,-0.137127,-0.989119,0.053279,-0.518643,0.117519,0.846875,-0.002817,-0.010549,-0.006133,2.396374,-0.865211,-4.957683,-0.849947
2521,0.102629,0.063189,0.358903,-0.916163,-0.045887,-0.398228,-0.003405,-0.992502,0.122066,-0.399705,0.113239,0.909638,-0.005172,-0.01886,-0.011038,0.267381,0.074085,0.093711,-1.913002,-0.093974,0.054467,0.321433,0.357204,-0.532222,0.767552,0.460188,0.815311,0.351325,-0.813211,0.228375,0.535159,0.022043,0.010287,0.037846,4.343925,1.525563,3.282821,0.329147,0.047911,0.050843,-0.01993,-0.31918,0.506754,0.800827,-0.358793,-0.84674,0.392807,0.877149,-0.161955,0.452083,0.010947,0.005354,0.019084,0.149051,-0.334923,0.394326,0.276,0.087973,0.055199,-0.060562,-0.845856,0.044119,-0.531581,-0.084657,-0.995045,0.052123,-0.526648,0.08909,0.845401,-0.00839,-0.008173,-0.004684,0.48199,0.110584,-0.211403,-0.843741
2522,0.102169,0.062467,0.358526,-0.913674,-0.096221,-0.394951,0.057903,-0.992481,0.107709,-0.40121,0.075656,0.912871,-0.005198,-0.018855,-0.011117,1.035234,-0.039866,-1.201723,-1.912451,-0.093125,0.055318,0.322734,0.365824,-0.555108,0.747007,0.481372,0.79972,0.358696,-0.796958,0.229049,0.5588,0.031343,0.027026,0.032914,0.106701,-0.550319,0.563369,0.300583,0.048332,0.051262,-0.019278,-0.328226,0.530993,0.781225,-0.385013,-0.830431,0.402677,0.862572,-0.168613,0.477008,0.008418,0.017431,0.012208,0.106862,-0.495632,0.552485,0.242362,0.087743,0.054839,-0.06075,-0.84705,-0.005051,-0.531488,-0.023579,-0.998613,0.047068,-0.530989,0.052401,0.845756,-0.008365,-0.008125,-0.004706,2.814674,-0.482984,-4.645441,-0.845864
2523,0.101878,0.062104,0.358413,-0.914062,-0.111688,-0.389951,0.079366,-0.992007,0.097954,-0.396638,0.058719,0.91611,-0.017102,-0.024176,0.000412,0.358881,0.264503,0.306877,-1.91276,-0.092688,0.055977,0.323277,0.372188,-0.56734,0.734569,0.488408,0.792628,0.364874,-0.789702,0.223665,0.571145,0.029191,0.037483,0.024737,0.178534,-0.586553,0.523667,0.285784,0.048544,0.051578,-0.01901,-0.33604,0.542537,0.76989,-0.391464,-0.823929,0.409752,0.85664,-0.163691,0.489256,0.014469,0.019165,0.012694,0.22614,-0.659917,0.481765,0.228319,0.087606,0.054658,-0.060811,-0.849024,-0.022507,-0.527872,0.000904,-0.999152,0.041146,-0.528351,0.034457,0.848325,-0.002712,-0.013309,-0.000597,0.637505,0.464897,0.450678,-0.848803
2524,0.101279,0.0613,0.358391,-0.918184,-0.129085,-0.374594,0.109882,-0.99131,0.072127,-0.379508,0.025218,0.92486,-0.016602,-0.02215,0.001576,0.856699,0.49104,0.021734,-1.912918,-0.091853,0.057368,0.324074,0.378885,-0.591311,0.711891,0.494976,0.779368,0.384082,-0.7824,0.207574,0.587048,0.030303,0.032569,0.020664,0.037423,-0.448123,0.586616,0.264952,0.048965,0.052297,-0.018594,-0.346814,0.566284,0.74769,-0.397121,-0.810845,0.429911,0.849713,-0.147824,0.506096,0.00772,0.020958,0.006678,-0.021105,-0.369887,0.375196,0.190599,0.087301,0.054252,-0.060825,-0.856346,-0.040051,-0.514845,0.034343,-0.999197,0.020607,-0.515258,-3.4e-05,0.857034,-0.007743,-0.005538,-0.003211,1.390347,0.568109,-1.208499,-0.841129
2525,0.100776,0.060544,0.358548,-0.925391,-0.127893,-0.356848,0.118642,-0.99178,0.047636,-0.358856,0.001896,0.933406,-0.014969,-0.01614,0.005144,0.716089,0.673983,0.338844,-1.913488,-0.090896,0.058351,0.324797,0.403012,-0.600737,0.690426,0.471085,0.78287,0.406359,-0.785122,0.162223,0.597603,0.019407,0.024105,0.015544,-4.629884,-4.658345,-1.246621,0.281556,0.049447,0.052792,-0.01823,-0.368753,0.575009,0.730332,-0.375654,-0.81087,0.448745,0.850237,-0.108876,0.515015,0.009775,0.011789,0.007545,-1.178933,-0.784359,-0.695308,0.190599,0.087048,0.053867,-0.06075,-0.8659,-0.039781,-0.498631,0.047033,-0.998891,-0.001983,-0.498,-0.02517,0.866811,-0.007362,-0.007621,0.002848,0.301988,0.314684,0.140698,-0.84717
2526,0.100558,0.060302,0.35867,-0.928584,-0.124513,-0.349677,0.118241,-0.992198,0.039156,-0.350669,-0.004839,0.936502,-0.013676,-0.011479,0.007928,0.474462,0.45648,0.230785,-1.913639,-0.090465,0.058704,0.325162,0.424333,-0.597482,0.680403,0.446874,0.791621,0.416622,-0.788065,0.128006,0.602022,0.019512,0.023533,0.015052,-0.340949,-0.38908,-0.010212,0.280071,0.049664,0.052966,-0.01805,-0.394984,0.569684,0.720726,-0.345487,-0.819039,0.458054,0.851249,-0.068077,0.520326,0.011019,0.00573,0.01089,-1.152717,-1.055865,-0.597281,0.193538,0.086937,0.053741,-0.060693,-0.870314,-0.036128,-0.491169,0.047901,-0.998786,-0.01141,-0.490161,-0.033457,0.870988,-0.006814,-0.005642,0.004028,0.661373,0.613381,0.338623,-0.842762
2527,0.10031,0.060169,0.358835,-0.930227,-0.123453,-0.345662,0.11849,-0.992311,0.035375,-0.346214,-0.007905,0.938137,-0.011563,0.003065,0.001987,0.001134,0.016465,-0.028413,-1.913191,-0.089834,0.059073,0.325873,0.474901,-0.596665,0.646878,0.401711,0.800895,0.443992,-0.78358,0.049745,0.619186,0.011017,0.004106,0.017669,-0.511302,-2.441931,2.308911,0.285443,0.049982,0.05316,-0.017694,-0.447737,0.563079,0.694602,-0.296506,-0.826359,0.478762,0.843572,0.008406,0.536948,0.011587,0.00359,0.009222,-0.318141,-0.561519,0.125425,0.199906,0.086814,0.053675,-0.060604,-0.872801,-0.034784,-0.486833,0.048678,-0.998687,-0.015915,-0.485641,-0.037589,0.873349,0.000176,0.000638,0.000388,-0.026029,-0.020891,-0.012189,-0.833944
2528,0.100206,0.060396,0.35883,-0.928622,-0.13614,-0.345214,0.130625,-0.990645,0.039139,-0.346157,-0.008586,0.938151,0.000886,0.003144,0.001876,-0.036769,-0.04622,0.004275,-1.913129,-0.089319,0.059192,0.326591,0.51289,-0.604667,0.609354,0.384354,0.796363,0.466917,-0.768228,-0.004518,0.640053,0.010768,0.004899,0.018241,0.012508,-0.412711,0.472572,0.29497,0.050242,0.053211,-0.017341,-0.491247,0.569586,0.658974,-0.277878,-0.819506,0.501192,0.825505,0.063095,0.560856,0.005259,0.002834,0.009415,-0.069617,-0.453537,0.432007,0.207091,0.086757,0.05379,-0.060606,-0.871897,-0.047839,-0.487346,0.06018,-0.99814,-0.009686,-0.485976,-0.037774,0.873155,0.000912,0.006741,-0.003287,0.013283,-0.039638,0.006651,-0.833781
2529,0.100133,0.060638,0.358757,-0.930449,-0.15261,-0.333195,0.143586,-0.988281,0.051529,-0.335997,0.000286,0.941877,0.000382,0.001352,0.000806,-1.493972,2.233942,-0.64922,-1.912997,-0.088961,0.059436,0.327456,0.558859,-0.587056,0.58569,0.345981,0.806841,0.478788,-0.754324,-0.064206,0.653249,0.009409,0.009536,0.021729,-0.918076,-1.223812,-0.582902,0.331881,0.050419,0.053323,-0.016923,-0.534518,0.551765,0.640192,-0.242407,-0.825746,0.509295,0.809647,0.117041,0.575127,-0.001448,0.003427,0.01063,-0.040706,-0.479525,0.384462,0.23681,0.086722,0.053916,-0.060639,-0.875597,-0.063954,-0.478787,0.071343,-0.997447,0.002763,-0.477742,-0.031739,0.877926,0.000609,0.00566,-0.00393,0.035527,-0.006668,0.019081,-0.828229
2530,0.100132,0.060698,0.358727,-0.933261,-0.155877,-0.323685,0.144625,-0.98774,0.058515,-0.327677,0.007983,0.94477,6.5e-05,0.000229,0.000136,-0.040833,0.169902,-0.183931,-1.913255,-0.088941,0.059618,0.32786,0.587574,-0.569968,0.574356,0.31907,0.815401,0.482959,-0.744328,-0.099804,0.660211,-0.002831,0.006734,0.021122,-0.762518,-1.465801,-0.775974,0.349016,0.050438,0.053418,-0.016719,-0.561529,0.533651,0.632377,-0.214088,-0.831918,0.511935,0.799281,0.152082,0.581395,-0.001481,0.003464,0.010623,0.00879,-2.881992,1.905658,0.258528,0.086722,0.053948,-0.060653,-0.881048,-0.068077,-0.468101,0.071039,-0.997408,0.011347,-0.467661,-0.023256,0.883601,3.3e-05,0.000121,7.2e-05,-0.487328,0.733073,-0.213916,-0.82333
2531,0.100103,0.060715,0.358694,-0.937411,-0.161945,-0.30835,0.147525,-0.986599,0.069499,-0.314306,0.019855,0.949128,-0.00026,-0.00092,-0.000549,-3e-06,4e-06,-1e-06,-1.913539,-0.089036,0.06018,0.328469,0.617232,-0.563644,0.548928,0.308817,0.81516,0.489979,-0.724402,-0.13221,0.67648,-0.005004,0.017415,0.013174,0.084317,-0.206194,0.161041,0.392638,0.050389,0.053701,-0.016401,-0.598139,0.520926,0.608987,-0.199378,-0.832749,0.516505,0.776194,0.187523,0.60196,-0.002485,0.008607,0.006513,0.069163,-0.294467,0.331346,0.309964,0.086708,0.053958,-0.060669,-0.88794,-0.074804,-0.453833,0.072342,-0.997118,0.022811,-0.454233,-0.012577,0.890793,-0.000175,-0.000619,-0.000367,0.00473,-0.008252,0.003743,-0.822677
2532,0.099963,0.060594,0.358743,-0.938855,-0.162675,-0.303534,0.148386,-0.986467,0.06954,-0.30957,0.020443,0.950671,-0.000778,-0.002752,-0.001642,0.001653,0.017186,-0.023199,-1.913161,-0.08918,0.060896,0.32893,0.626994,-0.567936,0.533215,0.307863,0.809293,0.500199,-0.716385,-0.148756,0.681562,-0.005161,0.017965,0.013505,-0.023568,-0.110337,0.239633,0.412656,0.050318,0.054056,-0.016172,-0.609291,0.524706,0.594514,-0.197419,-0.826523,0.527146,0.767977,0.203817,0.607181,-0.009874,0.013309,0.002832,0.014442,-0.103023,0.225594,0.350297,0.086645,0.053904,-0.060645,-0.890154,-0.075535,-0.449352,0.073126,-0.997063,0.022744,-0.449751,-0.012614,0.893064,-0.000276,-0.00097,-0.000576,-0.011653,-0.009782,-0.004765,-0.821207
2533,0.099848,0.060481,0.35882,-0.939554,-0.161104,-0.302207,0.147469,-0.986755,0.067378,-0.307889,0.018932,0.951248,-0.000138,-0.000487,-0.000291,0.098049,0.080315,0.052374,-1.912731,-0.089356,0.061273,0.32921,0.630945,-0.565236,0.531421,0.299297,0.809186,0.505542,-0.71655,-0.15921,0.679022,-0.005495,0.019154,0.014344,-0.056238,0.021348,0.093779,0.431646,0.050232,0.054236,-0.016039,-0.613025,0.521843,0.593194,-0.188256,-0.825673,0.531809,0.767306,0.21434,0.604399,-0.008894,0.008386,0.007047,-0.040416,0.036033,0.067023,0.369892,0.086585,0.053841,-0.060611,-0.890858,-0.074132,-0.44819,0.072558,-0.997148,0.02071,-0.448447,-0.01407,0.893697,-8.9e-05,-0.000308,-0.000181,0.156793,0.128221,0.083624,-0.82431
2534,0.099661,0.060152,0.359032,-0.941992,-0.151265,-0.299691,0.135142,-0.988063,0.073755,-0.306098,0.029157,0.951568,-0.002201,-0.014754,0.005822,-3.188514,2.673009,4.575023,-1.913279,-0.089544,0.062027,0.329781,0.651501,-0.547719,0.524919,0.273326,0.814811,0.511184,-0.708503,-0.188878,0.679861,-0.005648,0.019703,0.014647,0.005235,-0.033907,0.047009,0.44796,0.050133,0.054629,-0.015741,-0.633051,0.502942,0.588468,-0.161982,-0.829421,0.534622,0.756972,0.243122,0.606534,-0.00285,0.009904,0.007363,0.013997,-0.032124,0.040639,0.405816,0.086489,0.053685,-0.0605,-0.891426,-0.069201,-0.447849,0.065204,-0.997574,0.024358,-0.448449,-0.007488,0.893776,-0.000978,-0.006932,0.003179,-0.023,-0.081642,0.156551,-0.823983
2535,0.09942,0.0596,0.359121,-0.945023,-0.142726,-0.294288,0.123727,-0.988899,0.082108,-0.301564,0.041353,0.952562,-0.002129,-0.007489,-0.004483,-0.008609,-0.0995,0.137722,-1.913293,-0.08964,0.062735,0.330433,0.666609,-0.536024,0.517979,0.262157,0.818987,0.51036,-0.69861,-0.203748,0.685779,-0.005883,0.020515,0.015135,0.07392,-0.238441,-0.166643,0.442089,0.050088,0.054975,-0.015421,-0.647532,0.490552,0.583146,-0.150844,-0.832616,0.532911,0.746959,0.257113,0.613143,-0.00182,0.004763,0.011377,-0.061886,-0.466098,-0.479827,0.412021,0.086369,0.053407,-0.060451,-0.896323,-0.056011,-0.439848,0.046759,-0.998397,0.031852,-0.440928,0.007982,0.897506,-0.001685,-0.009415,0.001695,-0.016741,0.022278,-0.007471,-0.826106
2536,0.099326,0.059337,0.359096,-0.948124,-0.126986,-0.291515,0.10672,-0.990696,0.084279,-0.298325,0.048947,0.953222,-0.002194,-0.007712,-0.004625,-0.043605,0.012488,0.14218,-1.91373,-0.089671,0.063082,0.330833,0.666885,-0.536662,0.516962,0.262648,0.818422,0.511014,-0.698162,-0.204337,0.68606,-0.006192,0.021589,0.015859,0.007382,-0.03522,0.0451,0.442316,0.05007,0.055143,-0.015231,-0.648371,0.490605,0.582169,-0.151203,-0.832428,0.533105,0.746158,0.257624,0.613904,-0.003306,0.011491,0.008442,-0.004913,-0.041636,0.076496,0.410551,0.086322,0.053276,-0.060463,-0.898798,-0.040504,-0.436488,0.029914,-0.999068,0.03111,-0.437341,0.014904,0.899172,-0.007202,-0.003438,-0.001984,-0.461224,0.178262,1.556234,-0.827739
2537,0.099162,0.059099,0.358866,-0.952229,-0.112669,-0.283922,0.090609,-0.991841,0.089516,-0.290507,0.059647,0.955026,-0.014099,-0.0057,-0.003285,-1.610269,0.585551,5.206739,-1.913567,-0.089669,0.063861,0.331622,0.667113,-0.537203,0.516106,0.262874,0.817887,0.511754,-0.697859,-0.205055,0.686155,0.005196,0.026615,0.017929,0.010396,-0.065601,0.098986,0.442066,0.050071,0.05553,-0.014837,-0.648652,0.491311,0.581259,-0.151448,-0.831775,0.534053,0.745863,0.258384,0.613941,0.002564,0.013389,0.009027,0.010869,-0.06464,0.099983,0.410061,0.086243,0.05315,-0.060582,-0.902811,-0.0315,-0.428881,0.018426,-0.999231,0.034602,-0.429642,0.023337,0.902697,-0.000499,0.001757,-0.006285,-0.108256,0.208757,-0.0731,-0.828719
2538,0.098911,0.059028,0.358705,-0.954247,-0.106094,-0.279648,0.081115,-0.991735,0.09927,-0.286681,0.072169,0.955318,-0.012649,-0.00058,-0.000209,-0.063571,-0.036527,-0.062824,-1.913792,-0.089516,0.064304,0.33255,0.665652,-0.538499,0.516642,0.26128,0.816557,0.514685,-0.69985,-0.206939,0.683556,0.010804,0.000828,0.030282,-0.065235,-0.038078,0.034533,0.426638,0.050147,0.055772,-0.014353,-0.647165,0.492773,0.581679,-0.149654,-0.830281,0.536875,0.747516,0.260396,0.611075,0.005406,0.000354,0.015097,-0.057748,-0.04174,0.031792,0.402224,0.086114,0.053106,-0.060668,-0.905258,-0.019521,-0.424412,0.001728,-0.999104,0.042268,-0.424857,0.03753,0.904481,-0.00575,0.005223,-0.004128,-0.010231,-0.05083,-0.041626,-0.827086
2539,0.098602,0.059116,0.358652,-0.95187,-0.111731,-0.285492,0.083646,-0.990547,0.108592,-0.293742,0.079618,0.952577,-0.011898,0.002052,0.001376,-0.373328,-0.289672,-0.22734,-1.913661,-0.089059,0.064375,0.333578,0.667585,-0.537075,0.515628,0.260278,0.817102,0.514329,-0.698382,-0.208479,0.68459,0.011838,-0.002841,0.027577,0.263995,-0.328529,-0.213149,0.42105,0.05037,0.055811,-0.013848,-0.64782,0.492586,0.581108,-0.1483,-0.829769,0.538042,0.747218,0.262376,0.610592,0.004774,0.004027,0.009931,0.358579,-0.384732,-0.235832,0.38965,0.08596,0.05315,-0.060695,-0.902799,-0.024256,-0.429376,0.002829,-0.998721,0.050473,-0.430051,0.044352,0.901714,-0.005909,0.001159,0.00077,-0.58299,-0.456922,-0.326894,-0.827086
2540,0.098466,0.059177,0.358658,-0.951323,-0.108907,-0.28839,0.078979,-0.990403,0.113298,-0.296777,0.085135,0.951159,-0.011742,0.002591,0.001701,-0.35633,-0.275566,-0.218228,-1.913376,-0.088856,0.064309,0.334123,0.669311,-0.535341,0.515194,0.25956,0.818098,0.513107,-0.696996,-0.209034,0.685831,0.012071,-0.00367,0.026962,0.307044,-0.268717,-0.420391,0.420781,0.050467,0.055779,-0.013586,-0.649372,0.490944,0.580766,-0.147774,-0.830599,0.536905,0.745974,0.262829,0.611916,0.007155,-0.007303,0.017316,-0.116474,-0.025812,0.018939,0.386874,0.085893,0.053182,-0.060691,-0.901607,-0.021358,-0.432027,-0.002474,-0.998509,0.054527,-0.432547,0.050231,0.90021,0.000679,0.005859,-0.003816,-0.516931,-0.465549,-0.266929,-0.827249
2541,0.09818,0.059347,0.358642,-0.95017,-0.107777,-0.292585,0.075184,-0.989873,0.120289,-0.301404,0.092424,0.949021,5e-06,1.9e-05,1.1e-05,-0.041479,-0.033824,-0.022005,-1.913559,-0.088411,0.064069,0.335201,0.680843,-0.523024,0.512728,0.249473,0.823677,0.50917,-0.689474,-0.218099,0.690595,0.01241,-0.004877,0.026073,0.03951,-0.214767,0.106049,0.42083,0.05069,0.055658,-0.013047,-0.661648,0.475947,0.579391,-0.138227,-0.836893,0.529624,0.736962,0.270338,0.619518,0.006133,-0.002244,0.013164,0.021155,-0.130189,-0.044501,0.385405,0.08575,0.05327,-0.060697,-0.899269,-0.020896,-0.436894,-0.007159,-0.99802,0.06247,-0.437335,0.059306,0.89734,-0.005886,0.001243,0.000823,-0.005085,0.009236,-0.037454,-0.827412
2542,0.097879,0.059555,0.358596,-0.948915,-0.110685,-0.295558,0.076486,-0.989226,0.124716,-0.304997,0.095869,0.94753,-0.011781,0.002438,0.001607,-0.015182,0.003148,-0.037088,-1.912939,-0.088007,0.063847,0.336216,0.692279,-0.511907,0.508618,0.245473,0.829735,0.501214,-0.679453,-0.221488,0.699392,0.000809,-0.009009,0.024519,0.286307,-0.320661,-0.282078,0.420004,0.050896,0.055549,-0.012538,-0.671438,0.465547,0.576572,-0.134217,-0.841565,0.523213,0.728804,0.273919,0.627544,0.006346,-0.002997,0.012619,-0.09895,-0.013162,0.014902,0.383445,0.085596,0.053376,-0.060719,-0.897845,-0.023651,-0.439674,-0.006446,-0.997742,0.066834,-0.440262,0.06284,0.895666,-0.005891,0.001216,0.000805,0.016516,0.027786,-0.023451,-0.827902
2543,0.097755,0.059659,0.358561,-0.948876,-0.11068,-0.295685,0.076536,-0.989248,0.124503,-0.305105,0.095638,0.947518,-0.011779,0.00244,0.001607,-0.001192,0.014545,-0.029663,-1.91338,-0.087878,0.063757,0.336659,0.694071,-0.510534,0.507554,0.245313,0.830457,0.500097,-0.67768,-0.221955,0.700963,0.001026,-0.00975,0.023987,-0.017395,-0.052861,-0.05706,0.420065,0.05096,0.055505,-0.012317,-0.674578,0.462469,0.575383,-0.134541,-0.843405,0.520158,0.725839,0.273475,0.631164,-0.000674,0.00069,0.008197,0.008861,-0.160081,0.132958,0.382792,0.085538,0.053427,-0.060737,-0.897865,-0.023508,-0.43964,-0.006366,-0.997775,0.066353,-0.440222,0.062375,0.895719,0.000626,0.005641,-0.00394,0.040173,-0.015062,0.017435,-0.827576
2544,0.097543,0.059967,0.358463,-0.950036,-0.10517,-0.293966,0.070678,-0.989567,0.125432,-0.302909,0.098512,0.947928,0.000255,0.000878,0.000529,-0.000313,0.000491,-0.000162,-1.913122,-0.087814,0.063612,0.337313,0.701818,-0.500426,0.506968,0.234458,0.834193,0.499085,-0.673535,-0.230778,0.702107,3.9e-05,-0.003256,0.013125,-0.869124,-0.843416,-1.165157,0.42891,0.050996,0.055433,-0.011978,-0.678856,0.456302,0.575276,-0.128403,-0.845165,0.518852,0.722956,0.278359,0.632336,-0.006077,-0.002692,0.006499,-0.052725,0.013103,-0.019652,0.388997,0.085431,0.053575,-0.060784,-0.89901,-0.018138,-0.43755,-0.012204,-0.997715,0.066433,-0.437756,0.065064,0.896735,0.000192,0.000659,0.000401,-0.000289,-0.000385,3e-06,-0.828555
2545,0.097332,0.060184,0.358376,-0.948527,-0.106266,-0.298412,0.070124,-0.989127,0.129161,-0.307713,0.101712,0.946041,-9.8e-05,-0.000337,-0.000203,-0.115592,-0.203763,0.10438,-1.913127,-0.087872,0.063528,0.337676,0.701933,-0.500127,0.507103,0.233581,0.834146,0.499574,-0.67372,-0.231592,0.701662,-0.001339,0.004576,0.003207,1e-06,-1e-06,-1e-06,0.430906,0.050967,0.055388,-0.011787,-0.681468,0.45179,0.575748,-0.122379,-0.845976,0.518986,0.721542,0.283213,0.631795,-0.000624,0.002111,0.00148,0.000288,0.001062,0.001177,0.396182,0.085323,0.053692,-0.060828,-0.896907,-0.019013,-0.441807,-0.013312,-0.997461,0.069949,-0.442016,0.068619,0.894377,-0.005953,0.000982,0.000664,-0.154024,-0.11024,-0.110436,-0.828556
2546,0.097095,0.06019,0.35835,-0.947577,-0.104159,-0.302151,0.06825,-0.98955,0.126907,-0.311033,0.099755,0.945164,-0.000723,-0.002473,-0.001491,-2.5e-05,-2e-05,-1.3e-05,-1.913098,-0.087906,0.063659,0.337848,0.704891,-0.495884,0.507168,0.228441,0.835519,0.499656,-0.672395,-0.235725,0.701557,-0.001477,0.005047,0.003531,0.002707,-0.016457,0.023499,0.430415,0.050953,0.055444,-0.011708,-0.68407,0.447364,0.576118,-0.117185,-0.846979,0.518549,0.719941,0.287212,0.631817,-0.000715,0.002429,0.001699,-0.01537,0.09769,-0.137916,0.396835,0.085205,0.053697,-0.060839,-0.895194,-0.01673,-0.445361,-0.014901,-0.997612,0.067429,-0.445426,0.066998,0.892808,-0.006322,-0.000273,-9.5e-05,-0.000167,0.034277,-0.0535,-0.829535
2547,0.09702,0.06009,0.358367,-0.947479,-0.10343,-0.302706,0.067449,-0.989613,0.126842,-0.311503,0.099885,0.944995,-0.000737,-0.002516,-0.001519,-0.0,-0.0,-0.0,-1.912665,-0.087899,0.06381,0.337902,0.7059,-0.497036,0.50463,0.229576,0.834428,0.500958,-0.670948,-0.237153,0.70246,-0.001836,0.006271,0.004383,0.002708,-0.016459,0.023497,0.428219,0.050957,0.055518,-0.011682,-0.68541,0.448454,0.573673,-0.118286,-0.845952,0.519974,0.718484,0.288538,0.63287,0.005117,0.004328,0.002341,0.005706,-0.029036,0.05117,0.396345,0.085167,0.053646,-0.060831,-0.89498,-0.015976,-0.445817,-0.015684,-0.997613,0.067235,-0.445828,0.067166,0.892594,-0.001101,-0.007242,0.00298,-0.03385,-0.088693,0.151581,-0.830352
2548,0.096864,0.059802,0.358415,-0.947351,-0.102322,-0.303484,0.066162,-0.989683,0.126972,-0.312167,0.100328,0.94473,-0.002235,-0.014586,0.005893,-0.033963,-0.089108,0.151592,-1.912882,-0.087828,0.064287,0.33804,0.704492,-0.499247,0.504415,0.230182,0.83294,0.503151,-0.672219,-0.237734,0.701048,-0.002595,0.008849,0.006167,-0.028822,0.108488,-0.129205,0.421556,0.050992,0.055756,-0.011613,-0.684051,0.450918,0.573363,-0.1187,-0.844374,0.522438,0.71971,0.289316,0.631119,-0.001333,0.004539,0.003163,-0.002064,0.093509,-0.140146,0.391283,0.085089,0.053506,-0.060811,-0.894699,-0.014944,-0.446418,-0.016865,-0.997597,0.067194,-0.44635,0.067647,0.892297,-0.006486,-0.000809,-0.000423,-0.00097,0.014728,-0.029544,-0.831495
2549,0.096647,0.059541,0.358403,-0.947115,-0.10068,-0.304766,0.064376,-0.989828,0.126757,-0.31325,0.100552,0.944347,-0.013098,-0.001996,-0.001081,-0.000916,-0.094231,0.136854,-1.913122,-0.087685,0.064745,0.338329,0.703148,-0.501465,0.504089,0.230557,0.831332,0.505632,-0.673496,-0.238686,0.699497,-0.003046,0.01036,0.007194,-0.00298,-0.011453,0.027671,0.413359,0.051063,0.055987,-0.011467,-0.682907,0.453234,0.5729,-0.118999,-0.842799,0.524907,0.720746,0.290289,0.629488,-0.001552,0.005273,0.003661,0.019287,-0.02426,0.018243,0.382465,0.084985,0.05337,-0.060814,-0.894168,-0.01324,-0.447534,-0.018624,-0.997597,0.066725,-0.447342,0.067998,0.891773,-0.000778,-0.002652,-0.001603,9e-06,0.015786,-0.024106,-0.832964
2550,0.096604,0.059399,0.358372,-0.946942,-0.099483,-0.305695,0.063113,-0.989945,0.126484,-0.314027,0.100596,0.944084,-0.001557,-0.005296,-0.00321,6.3e-05,-0.093141,0.142307,-1.912949,-0.087588,0.064995,0.338496,0.703182,-0.501692,0.503817,0.230776,0.831171,0.505797,-0.673386,-0.23877,0.699574,0.008475,0.014479,0.008686,0.004678,-0.031598,0.052798,0.411964,0.051109,0.056106,-0.011388,-0.683049,0.453343,0.572645,-0.119263,-0.842753,0.524921,0.720569,0.290252,0.629709,0.004166,0.007475,0.004503,0.01141,-0.050388,0.074584,0.379363,0.084959,0.053301,-0.060829,-0.89378,-0.01201,-0.448343,-0.019833,-0.997605,0.066262,-0.448065,0.068115,0.891401,-0.001313,-0.007952,0.002547,-0.033987,0.019904,-0.014766,-0.833291
2551,0.096556,0.05923,0.35828,-0.946679,-0.097784,-0.307055,0.061365,-0.990123,0.125944,-0.31516,0.100501,0.943717,-0.012864,-0.001157,-0.000579,-0.000984,0.014715,-0.029553,-1.912917,-0.087411,0.065564,0.33883,0.703264,-0.502251,0.503145,0.231399,0.830802,0.506119,-0.673085,-0.23888,0.699825,-0.003622,0.012258,0.008456,0.002721,-0.016466,0.023491,0.410888,0.051202,0.056392,-0.01122,-0.68326,0.453887,0.571962,-0.119907,-0.842435,0.525284,0.720261,0.290323,0.630028,0.004022,0.007906,0.004781,-0.011207,0.065444,-0.085914,0.375281,0.084938,0.053212,-0.060877,-0.893167,-0.010135,-0.449609,-0.0216,-0.997625,0.065399,-0.449205,0.068124,0.890827,-0.000606,-0.002069,-0.001256,0.000102,-0.093135,0.14231,-0.834271
2552,0.096478,0.059171,0.358212,-0.946477,-0.096597,-0.308053,0.060169,-0.990256,0.125479,-0.315995,0.100341,0.943454,-0.000224,-0.000762,-0.000463,-0.0,-0.0,-0.0,-1.912993,-0.087139,0.066123,0.339191,0.703377,-0.502915,0.502323,0.23207,0.830331,0.506584,-0.672736,-0.239116,0.70008,-0.003585,0.012079,0.008296,0.002724,-0.016464,0.023492,0.409189,0.051336,0.056678,-0.011035,-0.683509,0.454548,0.571139,-0.120574,-0.842005,0.525823,0.719914,0.29054,0.630325,-0.00181,0.006083,0.004174,0.002726,-0.016464,0.023492,0.375117,0.084894,0.053179,-0.060913,-0.892745,-0.008932,-0.450472,-0.022698,-0.997642,0.064764,-0.449988,0.068043,0.890437,0.000546,0.005329,-0.004134,0.034048,-0.019907,0.014783,-0.83525
2553,0.096504,0.059197,0.358228,-0.947666,-0.096367,-0.304448,0.059342,-0.989925,0.12845,-0.31258,0.103774,0.94422,0.00026,0.000885,0.000537,-0.434369,0.667209,-0.230385,-1.913045,-0.086854,0.066634,0.339506,0.701887,-0.504849,0.502467,0.232062,0.828912,0.508907,-0.674293,-0.239959,0.698291,0.008901,0.012722,0.007385,-0.069616,0.130567,-0.068801,0.402406,0.051477,0.056937,-0.010875,-0.68208,0.456657,0.571166,-0.120294,-0.840478,0.528323,0.721315,0.291651,0.628207,0.004472,0.006272,0.003625,-0.05131,0.120707,-0.075953,0.367932,0.084907,0.053193,-0.060905,-0.894131,-0.008631,-0.44772,-0.023959,-0.99746,0.067076,-0.447162,0.070702,0.891653,0.000188,0.000629,0.000364,-1.446314,2.222213,-0.769772,-0.836393
