frame,MLTx,MLTy,MLTz,MLTR1,MLTR2,MLTR3,MLTR4,MLTR5,MLTR6,MLTR7,MLTR8,MLTR9,MLTTVx,MLTTVy,MLTTVz,MLTRVx,MLTRVy,MLTRVz,MLGA,MRTx,MRTy,MRTz,MRTR1,MRTR2,MRTR3,MRTR4,MRTR5,MRTR6,MRTR7,MRTR8,MRTR9,MRTTVx,MRTTVy,MRTTVz,MRTRVx,MRTRVy,MRTRVz,MRGA,SLTx,SLTy,SLTz,SLTR1,SLTR2,SLTR3,SLTR4,SLTR5,SLTR6,SLTR7,SLTR8,SLTR9,SLTTVx,SLTTVy,SLTTVz,SLTRVx,SLTRVy,SLTRVz,SLGA,SRTx,SRTy,SRTz,SRTR1,SRTR2,SRTR3,SRTR4,SRTR5,SRTR6,SRTR7,SRTR8,SRTR9,SRTTVx,SRTTVy,SRTTVz,SRTRVx,SRTRVy,SRTRVz,SRGA
258,0.129225,-0.016967,0.293666,-0.442646,0.137844,-0.886064,-0.621914,-0.759026,0.192546,-0.645461,0.636111,0.422813,-0.014219,0.00541,0.00603,-0.470546,-0.551863,0.970716,0.377772,-0.19546,-0.011344,0.300675,-0.774878,0.557811,0.297325,-0.209789,-0.670507,0.711578,0.59725,0.488301,0.636175,-0.030114,0.025787,-0.010337,-0.01844,-0.083664,-0.070995,-1.405572,0.029646,0.038926,-0.03097,0.674859,-0.55024,0.491731,0.133408,0.746341,0.652055,-0.725787,-0.374445,0.577081,-0.015074,0.01271,-0.005356,0.021042,-0.09878,-0.085735,-0.889568,0.066195,0.029699,-0.07826,0.494474,-0.068726,-0.86647,0.502448,0.836037,0.220423,0.709253,-0.54435,0.44793,-0.006927,0.008198,-0.001125,-1.470564,-0.201368,1.30155,0.126041
259,0.128867,-0.016836,0.293747,-0.423897,0.147123,-0.893707,-0.645276,-0.741455,0.183944,-0.63506,0.654475,0.410351,-0.02943,0.005731,0.005866,-0.608972,-0.733984,0.538415,0.40419,-0.196276,-0.010859,0.300515,-0.796652,0.526847,0.296258,-0.182796,-0.677037,0.71284,0.57713,0.513059,0.63526,-0.030002,0.026471,-0.009606,-0.138293,-0.303371,-0.306443,-1.405034,0.029238,0.039165,-0.031053,0.698607,-0.520706,0.490726,0.107189,0.75427,0.647754,-0.70743,-0.399925,0.582753,-0.015001,0.013246,-0.00478,-0.1106,-0.313644,-0.321532,-0.889568,0.066022,0.029768,-0.078215,0.478076,-0.082696,-0.874415,0.528451,0.822284,0.211158,0.701556,-0.563035,0.436815,-0.007181,0.00236,0.002606,-1.666754,-0.579269,1.051723,0.254224
260,0.128115,-0.016675,0.293867,-0.39197,0.164967,-0.905091,-0.684247,-0.709879,0.166883,-0.614495,0.684511,0.392259,-0.014685,0.002988,0.003064,-0.144365,-0.331995,0.499104,0.418815,-0.198274,-0.009413,0.300195,-0.854519,0.441946,0.272897,-0.12572,-0.685576,0.717018,0.505043,0.577831,0.64102,-0.059111,0.042913,-0.010048,-0.042663,-0.410088,-0.314077,-1.404871,0.028238,0.039883,-0.031219,0.765425,-0.44218,0.467546,0.051135,0.766034,0.640762,-0.641489,-0.466548,0.608953,-0.029542,0.021588,-0.004871,-0.046523,-0.394031,-0.330248,-0.883363,0.065641,0.029851,-0.078153,0.448565,-0.102732,-0.887825,0.57243,0.795906,0.197119,0.686376,-0.596639,0.415822,-0.014825,0.002296,0.002231,-0.443464,-0.236612,0.652887,0.349423
261,0.127506,-0.016468,0.293851,-0.364507,0.168782,-0.915802,-0.715003,-0.680766,0.159062,-0.596154,0.712568,0.369966,-0.015259,0.000121,-0.000423,-0.13698,-0.702373,0.181386,0.394974,-0.2007,-0.007775,0.299725,-0.895374,0.359437,0.26287,-0.068172,-0.693792,0.716896,0.441177,0.623507,0.645341,-0.059015,0.040907,-0.012422,-0.030244,-0.336621,-0.388589,-1.404647,0.027047,0.040692,-0.031444,0.812691,-0.363876,0.455112,-0.00488,0.776769,0.629766,-0.582674,-0.514026,0.629498,-0.029459,0.020938,-0.005651,-0.316842,-1.203366,-1.129073,-0.876668,0.065337,0.029959,-0.078155,0.422711,-0.111858,-0.899334,0.60741,0.771443,0.189548,0.672583,-0.626389,0.394041,-0.007297,0.006211,-0.003569,-0.188339,-0.937509,0.09301,0.351219
262,0.127064,-0.016623,0.29381,-0.345532,0.160981,-0.92452,-0.720384,-0.676845,0.151326,-0.600974,0.718096,0.350994,-0.000824,-0.004048,-0.004912,-0.033371,-0.455462,0.415361,0.417716,-0.202629,-0.006121,0.299147,-0.927612,0.269166,0.25899,-0.00233,-0.697267,0.716761,0.374676,0.663924,0.647059,-0.029939,0.038042,-0.017383,-0.144344,-0.322486,-0.265658,-1.404598,0.026072,0.041524,-0.031726,0.851342,-0.276124,0.44606,-0.069576,0.783332,0.617696,-0.519975,-0.556906,0.647673,-0.022296,0.018525,-0.008793,-0.509105,-1.180962,-1.136734,-0.86883,0.065111,0.029882,-0.078175,0.402481,-0.105074,-0.909377,0.613579,0.768181,0.182804,0.679359,-0.63155,0.37365,-0.000452,-0.002225,-0.002695,-0.007961,-0.404012,0.446618,0.346484
263,0.12705,-0.016832,0.293752,-0.335804,0.154279,-0.929236,-0.722977,-0.674545,0.149217,-0.60338,0.72173,0.339214,-0.001075,-0.00528,-0.006413,-0.184366,-0.819147,-0.058687,0.448383,-0.203265,-0.005463,0.298719,-0.94575,0.204778,0.25222,0.041346,-0.693881,0.718856,0.323403,0.690018,0.647417,-0.030525,0.032252,-0.023738,-1.540548,-3.980578,-3.575595,-1.404336,0.025743,0.041874,-0.031938,0.874415,-0.214996,0.434942,-0.112321,0.782403,0.61256,-0.471998,-0.584484,0.659996,-0.015385,0.015747,-0.012125,-1.613198,-3.955736,-3.543801,-0.866544,0.065104,0.029779,-0.078203,0.393115,-0.102521,-0.913755,0.616514,0.766675,0.179217,0.68218,-0.633795,0.364598,-0.000911,-0.008991,-8.7e-05,-0.055252,-0.403868,0.385966,0.37212
264,0.127566,-0.017173,0.293488,-0.321874,0.151345,-0.934632,-0.727105,-0.67175,0.141571,-0.60602,0.724953,0.327428,0.029016,-0.007928,-0.008502,0.003282,-0.245776,0.358479,0.478106,-0.204443,-0.004229,0.297782,-0.96238,0.133698,0.236521,0.081731,-0.68741,0.721611,0.260273,0.713615,0.650289,-0.03027,0.033773,-0.022075,-1.253622,-4.094469,-3.690049,-1.40477,0.025164,0.042466,-0.032412,0.897253,-0.152148,0.414472,-0.149892,0.778023,0.610091,-0.415293,-0.609533,0.675278,-0.015127,0.0167,-0.011242,0.001286,-0.357395,-0.338875,-0.86981,0.06535,0.029605,-0.078338,0.378525,-0.098672,-0.920315,0.621098,0.764283,0.173514,0.686261,-0.637286,0.350586,0.007043,-0.003032,-0.00341,0.020161,-0.093672,0.216739,0.432374
265,0.128397,-0.017594,0.293382,-0.312188,0.150577,-0.938035,-0.730319,-0.669504,0.135531,-0.60723,0.727187,0.32015,0.028939,-0.017546,0.001442,-0.030477,-0.123314,0.208158,0.475983,-0.205704,-0.003046,0.297147,-0.970396,0.070354,0.231028,0.121941,-0.682555,0.720544,0.209602,0.727284,0.653444,-0.029793,0.022544,-0.014163,-0.046712,-0.356531,-0.351378,-1.404901,0.024523,0.043073,-0.032736,0.911504,-0.08477,0.402459,-0.193603,0.774904,0.601698,-0.362873,-0.626368,0.689917,-0.014876,0.011193,-0.007165,-0.044895,-0.355233,-0.352976,-0.862135,0.065776,0.02939,-0.078397,0.36879,-0.099702,-0.924149,0.624903,0.762609,0.167099,0.688105,-0.639128,0.343546,0.014474,-0.008757,0.000727,-0.025422,-0.113147,0.216707,0.45001
266,0.128908,-0.018022,0.293416,-0.307894,0.151554,-0.939296,-0.732018,-0.668342,0.132057,-0.607382,0.728052,0.31789,0.02849,-0.019977,-0.00155,-0.030599,-0.106451,0.184756,0.474926,-0.206169,-0.002503,0.29678,-0.972044,0.035439,0.232091,0.146851,-0.679034,0.719223,0.184308,0.733143,0.654519,-0.029791,0.022308,-0.014429,-0.048112,-0.358665,-0.354414,-1.405107,0.024301,0.043335,-0.032915,0.915284,-0.050491,0.39963,-0.217872,0.772409,0.596587,-0.3388,-0.633115,0.695973,-0.015076,0.016722,-0.011211,-0.268209,-1.238704,-1.109861,-0.863932,0.066022,0.029188,-0.078373,0.364882,-0.101301,-0.925526,0.62682,0.761763,0.163743,0.688445,-0.639885,0.341451,0.014036,-0.015592,0.003236,-0.064933,-0.088745,0.169441,0.450663
267,0.130132,-0.019052,0.293458,-0.304738,0.155651,-0.939655,-0.73466,-0.666261,0.127836,-0.605787,0.729089,0.318557,0.043523,-0.021999,-0.003567,-0.021458,-0.090357,0.234235,0.473578,-0.207175,-0.001512,0.296192,-0.971872,-0.046205,0.230915,0.202097,-0.666263,0.717764,0.121909,0.744289,0.656534,-0.029679,0.022729,-0.013983,-0.040885,-0.5325,0.299903,-1.404528,0.023798,0.043831,-0.033209,0.920608,0.030709,0.389276,-0.273562,0.762096,0.586832,-0.278645,-0.646734,0.709993,-0.014728,0.011966,-0.006329,-0.257865,-2.207613,1.679978,-0.858706,0.066644,0.028664,-0.078355,0.362323,-0.106163,-0.925986,0.629938,0.760124,0.159337,0.686949,-0.641046,0.342286,0.021752,-0.011032,-0.001846,-0.03166,-0.121092,0.220982,0.44952
268,0.131873,-0.020153,0.293395,-0.307316,0.164233,-0.937353,-0.747751,-0.650897,0.131054,-0.588222,0.740975,0.324005,0.057793,-0.037699,-0.000662,-0.061863,-0.112628,0.231872,0.474774,-0.208149,-0.001194,0.295542,-0.966806,-0.133325,0.21795,0.251365,-0.647155,0.71968,0.046315,0.750733,0.658876,-0.016482,-0.001698,-0.021401,-1.194509,-4.11796,-3.525105,-1.405055,0.023308,0.044015,-0.033513,0.924281,0.109949,0.365533,-0.319481,0.746885,0.583176,-0.208892,-0.655799,0.725459,-0.008098,-0.007009,-0.007342,-0.089884,-0.575499,0.563004,-0.852338,0.067494,0.028132,-0.078381,0.366123,-0.114219,-0.923529,0.644835,0.746675,0.163291,0.670925,-0.655309,0.347028,0.02883,-0.019181,-0.000775,-0.069012,-0.124151,0.201174,0.454419
269,0.134775,-0.022286,0.293319,-0.295808,0.174935,-0.939117,-0.764291,-0.633057,0.122761,-0.572679,0.753853,0.322135,0.086298,-0.071226,0.002301,-0.596693,-0.133299,0.531693,0.421359,-0.20812,-0.001817,0.294572,-0.957816,-0.199026,0.207289,0.287069,-0.637426,0.714992,-0.008962,0.744576,0.667375,0.011787,-0.021673,-0.02484,0.216688,-0.291761,-0.311851,-1.405365,0.023302,0.043716,-0.033991,0.921473,0.178268,0.345118,-0.357425,0.737014,0.573635,-0.152097,-0.651943,0.742856,0.005896,-0.010828,-0.012402,0.111834,-1.551806,-1.395723,-0.851848,0.068903,0.027107,-0.078409,0.356668,-0.125557,-0.925755,0.662565,0.732598,0.155908,0.658631,-0.66898,0.344484,0.043041,-0.036057,0.000691,-5.317204,0.467474,2.151016,0.420781
270,0.136489,-0.023599,0.293337,-0.286622,0.178277,-0.941335,-0.771234,-0.625825,0.116249,-0.568037,0.759085,0.318042,0.086782,-0.070644,0.002722,-0.174791,-0.097677,0.242429,0.3641,-0.20771,-0.002231,0.294132,-0.949561,-0.23691,0.20542,0.310965,-0.629468,0.712042,-0.038187,0.740294,0.671095,0.026481,-0.020851,-0.024789,-0.154005,-1.364099,-1.28785,-1.405622,0.02351,0.043492,-0.034229,0.916433,0.215282,0.337345,-0.380386,0.730476,0.567195,-0.124316,-0.648118,0.751323,0.013217,-0.016067,-0.0085,-0.951147,-4.351834,-3.808911,-0.854134,0.069791,0.026422,-0.078409,0.347564,-0.130733,-0.928497,0.672138,0.725176,0.149495,0.65378,-0.676038,0.339916,0.050887,-0.03644,0.000101,-0.273631,-0.083383,0.278489,0.370814
271,0.140145,-0.026558,0.29384,-0.276495,0.186644,-0.942741,-0.777512,-0.619977,0.105236,-0.5645,0.761856,0.317714,0.088331,-0.085424,0.027835,-0.19309,-0.045068,0.245264,0.201499,-0.206103,-0.003354,0.293505,-0.930452,-0.306471,0.200817,0.354771,-0.617483,0.701988,-0.089962,0.724785,0.682976,0.057056,-0.039366,-0.00633,-0.778927,-4.250201,-3.991076,-1.405756,0.024301,0.042926,-0.034563,0.904324,0.280077,0.322107,-0.419734,0.720661,0.551789,-0.077587,-0.634196,0.769269,0.028332,-0.014371,-0.007478,0.5316,-0.6013,-0.151052,-0.852338,0.071616,0.024934,-0.078185,0.338851,-0.140805,-0.930243,0.679569,0.720419,0.138495,0.650665,-0.679094,0.339801,0.04426,-0.037186,0.009706,-0.17272,0.034039,0.053384,0.18058
272,0.143761,-0.029764,0.295386,-0.274273,0.214274,-0.9375,-0.784942,-0.613053,0.089466,-0.555234,0.760153,0.337505,0.09081,-0.084097,0.051177,-0.063978,0.711702,0.75047,0.068939,-0.203178,-0.004687,0.293454,-0.909637,-0.368223,0.192258,0.391333,-0.60502,0.693356,-0.137841,0.706394,0.694169,0.08773,-0.029519,0.00283,-0.908331,-4.193844,-3.676275,-1.405983,0.025751,0.042246,-0.034601,0.889454,0.34239,0.30272,-0.455992,0.709324,0.537521,-0.030685,-0.616139,0.787038,0.044089,-0.020547,0.005156,0.097726,-0.356467,0.078366,-0.854298,0.073423,0.02332,-0.077433,0.33986,-0.166174,-0.925678,0.688211,0.714772,0.124361,0.640984,-0.679328,0.357285,0.045268,-0.047817,0.029362,-0.075049,0.873316,0.791306,-0.026962
273,0.145551,-0.031719,0.296766,-0.274873,0.235046,-0.932332,-0.789819,-0.608145,0.079483,-0.547976,0.757928,0.353969,0.076372,-0.099113,0.076232,-0.162398,0.779762,0.609838,0.007845,-0.201441,-0.005465,0.293725,-0.899549,-0.39466,0.187205,0.40616,-0.598543,0.690445,-0.159303,0.697613,0.698443,0.089061,-0.049387,0.021432,-0.022013,-0.552832,-0.37184,-1.406166,0.026619,0.041866,-0.034471,0.880626,0.373275,0.291826,-0.473776,0.701226,0.532745,-0.005776,-0.60741,0.794367,0.044355,-0.018653,0.00718,-0.171009,-1.534628,-1.026553,-0.853154,0.074289,0.022384,-0.076783,0.343147,-0.18723,-0.920431,0.693897,0.710981,0.114068,0.633053,-0.677827,0.373889,0.045895,-0.049736,0.037933,-0.336495,1.472075,0.120517,-0.118241
274,0.148621,-0.035867,0.300785,-0.299943,0.290691,-0.908613,-0.799513,-0.596155,0.073143,-0.520047,0.748024,0.412357,0.079215,-0.113135,0.124642,-1.019703,2.856604,-1.38852,-0.079149,-0.197481,-0.00727,0.294749,-0.876903,-0.450133,0.168565,0.431266,-0.582369,0.68905,-0.210888,0.677485,0.704559,0.104996,-0.040195,0.030493,-0.040368,-0.615128,-0.251997,-1.406067,0.028549,0.040977,-0.033979,0.865581,0.42569,0.263735,-0.498813,0.686445,0.52913,0.044206,-0.589559,0.806513,0.052334,-0.019662,0.015531,-0.919262,-4.844399,-3.088093,-0.84597,0.075857,0.020268,-0.074776,0.372199,-0.239663,-0.896676,0.705782,0.700493,0.105734,0.602775,-0.672213,0.429873,0.031995,-0.055153,0.063969,-0.110113,1.61668,0.925844,-0.245118
275,0.151378,-0.040107,0.306333,-0.322055,0.358357,-0.876302,-0.810543,-0.582618,0.05957,-0.488809,0.729018,0.479192,0.065926,-0.10826,0.151791,-0.137849,1.694661,0.707591,-0.152218,-0.193252,-0.008792,0.296508,-0.845204,-0.516112,0.138742,0.456899,-0.563434,0.688272,-0.275983,0.645765,0.711818,0.107294,-0.050834,0.059177,0.16654,-0.40262,-0.109733,-1.406365,0.030708,0.040199,-0.033097,0.843624,0.489504,0.220643,-0.525421,0.667973,0.527014,0.110591,-0.560532,0.820714,0.053446,-0.018934,0.026546,0.389062,-0.709146,-0.032772,-0.853644,0.077243,0.018152,-0.072004,0.404458,-0.303752,-0.862639,0.718891,0.688659,0.09457,0.565339,-0.658394,0.496899,0.033006,-0.0535,0.076644,-0.099041,1.924035,0.849122,-0.320395
276,0.153277,-0.044472,0.312743,-0.340017,0.425562,-0.838648,-0.820239,-0.570374,0.04306,-0.459603,0.702002,0.544045,0.035782,-0.111113,0.169129,-0.14958,1.825429,0.444939,-0.174084,-0.189042,-0.010445,0.298689,-0.806187,-0.582008,0.106399,0.478876,-0.536505,0.69482,-0.346283,0.611834,0.711063,0.107611,-0.048783,0.060913,-0.779733,-4.187012,-3.681801,-1.407012,0.032854,0.039366,-0.031971,0.815341,0.552114,0.174322,-0.549793,0.643925,0.53206,0.181508,-0.529651,0.828567,0.053651,-0.02405,0.030586,-0.83183,-4.155936,-3.678018,-0.857237,0.078206,0.015983,-0.06879,0.429722,-0.368425,-0.824378,0.731034,0.677853,0.078124,0.530025,-0.636221,0.56062,0.01782,-0.055661,0.084438,-0.120934,2.149625,0.369531,-0.359095
277,0.153912,-0.046547,0.315968,-0.345357,0.457996,-0.819154,-0.824379,-0.565134,0.031524,-0.448072,0.68561,0.573757,0.035931,-0.099338,0.161223,-0.115472,1.730777,0.400955,-0.166641,-0.18712,-0.011365,0.299904,-0.786871,-0.609628,0.095811,0.48914,-0.521694,0.698936,-0.375107,0.597599,0.708543,0.093119,-0.04734,0.063387,-0.362072,-0.983172,0.342991,-1.406559,0.033781,0.038925,-0.031386,0.799064,0.580072,0.158155,-0.562868,0.629242,0.535942,0.211367,-0.517272,0.829308,0.046577,-0.023141,0.032232,-0.72603,-3.304898,1.049775,-0.852828,0.078524,0.014946,-0.067169,0.438688,-0.400518,-0.804448,0.736435,0.67324,0.066406,0.51499,-0.621556,0.590299,0.010086,-0.04958,0.080724,-0.1109,1.898562,0.425949,-0.364157
278,0.154801,-0.049788,0.321926,-0.359194,0.512483,-0.779991,-0.830329,-0.557009,0.016331,-0.425654,0.652876,0.626578,0.005189,-0.062182,0.14003,0.012194,1.688288,0.348453,-0.125068,-0.183819,-0.013018,0.302619,-0.752531,-0.652512,0.088977,0.512119,-0.495092,0.701821,-0.412938,0.574525,0.706588,0.078897,-0.040188,0.072003,0.21962,-0.387156,-0.135492,-1.4072,0.035437,0.038092,-0.030036,0.77046,0.621856,0.140303,-0.585951,0.604117,0.540097,0.251103,-0.498334,0.829825,0.039452,-0.019621,0.036503,-0.220833,0.046473,-0.034422,-0.851195,0.07898,0.013313,-0.06418,0.458043,-0.451944,-0.765468,0.744181,0.66594,0.052123,0.486199,-0.593522,0.641358,0.01027,-0.031564,0.069448,-0.104609,1.279813,0.14875,-0.349624
279,0.155111,-0.051791,0.32678,-0.361687,0.546609,-0.755279,-0.833718,-0.552164,-0.000432,-0.416831,0.628852,0.656371,-0.01113,-0.035537,0.106654,-0.010301,0.819807,0.195719,-0.046876,-0.181144,-0.014751,0.305344,-0.734573,-0.672742,0.08839,0.523431,-0.479142,0.70454,-0.430688,0.564645,0.703951,0.063239,-0.035549,0.057661,-0.254003,-1.25122,-1.125734,-1.407357,0.036781,0.03724,-0.028651,0.754405,0.64263,0.133782,-0.599038,0.590692,0.540589,0.268375,-0.487964,0.830581,0.031801,-0.02318,0.032788,-0.673437,-3.872416,-4.007399,-0.860829,0.079142,0.012315,-0.061727,0.464355,-0.48707,-0.739686,0.749217,0.661408,0.034812,0.472279,-0.570351,0.67205,0.00208,-0.018515,0.052442,0.145832,0.886343,0.396225,-0.297371
280,0.155198,-0.052266,0.328505,-0.363158,0.555415,-0.748115,-0.834767,-0.550565,-0.0036,-0.413441,0.622502,0.664519,0.003837,-0.019606,0.082513,0.006842,0.777237,0.158901,-0.032303,-0.180096,-0.015385,0.306378,-0.728115,-0.679887,0.087144,0.528035,-0.475479,0.703586,-0.435997,0.559158,0.705062,0.047759,-0.02606,0.048874,-0.025429,-0.132744,0.026677,-1.407069,0.037329,0.036908,-0.028114,0.747757,0.651091,0.130149,-0.604417,0.586343,0.539334,0.274843,-0.481955,0.831973,0.023836,-0.013317,0.024095,-0.061303,-0.115167,0.025981,-0.859686,0.079179,0.012074,-0.060851,0.466516,-0.494457,-0.733399,0.750591,0.659966,0.032504,0.467947,-0.565646,0.679021,0.001794,-0.004829,0.036437,-0.145343,0.040985,0.053679,-0.277613
281,0.155407,-0.052258,0.330551,-0.365785,0.557277,-0.745446,-0.835489,-0.549481,-0.000881,-0.409652,0.621794,0.667521,0.002559,0.01238,0.034799,-0.0388,0.062127,-0.119443,-0.019114,-0.178585,-0.015931,0.3078,-0.711147,-0.698124,0.082971,0.54016,-0.467218,0.699906,-0.44895,0.543429,0.709219,0.031365,-0.008408,0.028724,0.055342,-0.133778,0.002863,-1.407088,0.038072,0.03664,-0.027412,0.733028,0.669353,0.120977,-0.616304,0.578326,0.534516,0.287816,-0.466373,0.836455,0.015264,0.000942,0.009819,0.069792,-0.128064,-0.019261,-0.871769,0.079283,0.01207,-0.059805,0.469429,-0.497079,-0.729759,0.751558,0.65875,0.034741,0.46346,-0.564765,0.682821,0.00117,0.005634,0.016766,-0.03692,-0.046339,0.047174,-0.257038
282,0.155491,-0.051594,0.331298,-0.36569,0.557299,-0.745476,-0.835521,-0.549432,-0.000952,-0.409671,0.621818,0.667488,0.001208,0.021839,0.003687,0.036559,-0.024434,0.04483,-0.022547,-0.177726,-0.015824,0.308175,-0.702076,-0.707954,0.076688,0.547017,-0.467415,0.694428,-0.454884,0.530379,0.715291,0.013997,0.01452,-0.005749,0.407187,-0.316949,-0.16208,-1.406934,0.038502,0.036692,-0.027205,0.726864,0.677463,0.112746,-0.620704,0.577758,0.53002,0.293929,-0.455235,0.840455,3.9e-05,0.001493,0.00159,-0.030719,0.000298,0.018268,-0.870463,0.079325,0.0124,-0.05942,0.469542,-0.496813,-0.729867,0.751435,0.658882,0.034923,0.463547,-0.564846,0.682695,0.000595,0.011046,0.00198,0.040255,-0.037594,0.067811,-0.252793
283,0.155452,-0.051293,0.331401,-0.372358,0.554951,-0.743925,-0.83243,-0.554094,0.003245,-0.409948,0.619782,0.669208,0.000258,0.002346,0.002621,-0.003057,-0.009438,0.021486,-0.045842,-0.177702,-0.015456,0.308008,-0.699882,-0.711005,0.068025,0.543275,-0.468274,0.696782,-0.46267,0.525514,0.713887,-0.000741,0.012345,-0.006827,-0.388618,0.323016,0.258985,-1.407125,0.038525,0.036868,-0.027297,0.723951,0.682241,0.102179,-0.620237,0.578876,0.529346,0.301993,-0.446596,0.842229,-0.00771,0.005871,-0.00311,0.031744,0.015649,-0.011591,-0.873239,0.079306,0.012557,-0.059368,0.475848,-0.493509,-0.728022,0.747461,0.663158,0.039015,0.463539,-0.562734,0.684441,6e-06,0.000134,0.000148,-0.007776,0.007287,-0.012499,-0.258508
284,0.15542,-0.051307,0.331463,-0.380884,0.550338,-0.743035,-0.825928,-0.563721,0.005777,-0.415218,0.615208,0.670179,0.000198,0.001806,0.002017,0.010821,-0.012684,0.016853,-0.069369,-0.177867,-0.015236,0.307942,-0.700174,-0.711254,0.06217,0.54022,-0.471013,0.697311,-0.465791,0.522717,0.713911,-0.01536,0.013375,-0.004461,0.027867,0.007313,-0.006581,-1.407293,0.038448,0.036973,-0.027337,0.726602,0.680134,0.097291,-0.615452,0.581371,0.532189,0.305398,-0.446568,0.841016,-0.007287,0.001204,0.001923,0.015058,0.004183,0.004565,-0.876179,0.079289,0.012543,-0.059345,0.483648,-0.48774,-0.726769,0.739548,0.671836,0.041279,0.468137,-0.557445,0.685639,-3e-06,2.6e-05,2.8e-05,0.038677,-0.004264,-0.027106,-0.272061
285,0.155425,-0.051439,0.331674,-0.385724,0.549798,-0.740934,-0.825964,-0.563576,0.011726,-0.410653,0.615823,0.672424,0.000146,0.001329,0.001483,-0.0,0.0,-0.0,-0.059281,-0.178579,-0.015007,0.308159,-0.691827,-0.720013,0.054297,0.541469,-0.467753,0.698536,-0.476676,0.51357,0.713365,-0.014395,0.007345,0.009124,-0.129392,-0.580278,0.573098,-1.40706,0.038091,0.037081,-0.027243,0.720182,0.688189,0.087932,-0.617593,0.578177,0.533188,0.316094,-0.438298,0.841414,-0.014133,-0.00198,0.00917,-0.467341,-1.902348,1.871819,-0.876831,0.079291,0.012475,-0.059251,0.488241,-0.486538,-0.7245,0.739318,0.671704,0.047144,0.463712,-0.558653,0.68766,8.3e-05,0.000792,0.000884,0.002966,-0.013751,0.026585,-0.283655
286,0.155302,-0.051444,0.331762,-0.385673,0.549822,-0.740944,-0.82605,-0.563449,0.01179,-0.41053,0.615917,0.672412,-0.015391,0.001311,0.001538,-0.000984,0.014715,-0.029553,-0.047035,-0.179052,-0.014483,0.308822,-0.683186,-0.728218,0.054292,0.54696,-0.46121,0.698609,-0.482829,0.507889,0.713294,-0.013313,0.004389,0.025912,-0.034934,-0.003932,0.001785,-1.40729,0.037854,0.03734,-0.026921,0.712471,0.696576,0.084646,-0.622947,0.572365,0.533231,0.322988,-0.432642,0.841723,-0.007032,0.008127,0.009297,-0.010589,0.092507,-0.147348,-0.88222,0.079229,0.012468,-0.059203,0.488212,-0.486549,-0.724512,0.739399,0.671609,0.047222,0.463613,-0.558758,0.687642,-0.007703,0.000604,0.000713,-0.00043,0.014669,-0.03003,-0.274347
287,0.155188,-0.051352,0.331726,-0.385566,0.549839,-0.740987,-0.825989,-0.563543,0.011555,-0.410752,0.615817,0.672368,-0.0153,0.002114,0.002431,-0.000984,0.014715,-0.029553,-0.043937,-0.179142,-0.014282,0.309271,-0.677176,-0.733768,0.054841,0.551854,-0.457332,0.697307,-0.485718,0.503386,0.714524,-0.013296,0.004508,0.025977,-0.028737,-0.008888,-0.001814,-1.407295,0.037809,0.03744,-0.026698,0.706869,0.702422,0.083292,-0.627798,0.568761,0.531394,0.325889,-0.427917,0.843019,0.000659,0.00262,0.012781,-0.047448,-0.015003,0.02299,-0.880914,0.079177,0.012511,-0.059225,0.488094,-0.486583,-0.724568,0.739338,0.671694,0.046968,0.463834,-0.558626,0.687599,8.7e-05,0.000785,0.000877,0.00736,-0.099723,0.204195,-0.271898
288,0.154903,-0.051206,0.331719,-0.390166,0.549315,-0.738964,-0.825697,-0.563841,0.016752,-0.406978,0.616012,0.674482,0.000112,0.001008,0.001124,-0.0,0.0,-0.0,-0.036225,-0.179096,-0.013708,0.310145,-0.654094,-0.755056,0.045201,0.561732,-0.445023,0.697386,-0.505615,0.482495,0.715133,0.000681,0.019546,0.020612,-0.232289,-3.895961,-3.91167,-1.407005,0.037821,0.037723,-0.026263,0.691308,0.719301,0.068543,-0.635558,0.560199,0.531264,0.343741,-0.41083,0.844428,0.000338,0.009909,0.010465,-0.003509,-0.029481,0.027596,-0.879771,0.079029,0.012585,-0.059227,0.492547,-0.485422,-0.722331,0.738767,0.671936,0.052198,0.460022,-0.559344,0.689574,-0.007657,0.000968,0.001115,0.001669,0.012736,-0.027197,-0.267489
289,0.154546,-0.051189,0.331787,-0.399487,0.544235,-0.737743,-0.818689,-0.573867,0.019904,-0.412044,0.611255,0.675732,2.1e-05,0.00019,0.000212,0.000892,-2.4e-05,-0.000817,-0.018535,-0.178933,-0.013001,0.311026,-0.63632,-0.770435,0.038968,0.568652,-0.434486,0.69842,-0.520343,0.467547,0.714497,0.000713,0.021021,0.021988,-0.448658,-1.87993,1.823382,-1.407271,0.037909,0.038083,-0.02581,0.671196,0.738909,0.059232,-0.64756,0.545574,0.53199,0.360776,-0.395426,0.844676,0.007622,0.010512,0.010399,0.004502,-0.041375,0.07393,-0.878138,0.078851,0.012595,-0.059192,0.501028,-0.479096,-0.720719,0.730285,0.680921,0.055038,0.464384,-0.553907,0.691037,-0.007719,0.000443,0.000528,0.002058,0.013724,-0.031949,-0.257528
290,0.15413,-0.051132,0.33179,-0.405603,0.541394,-0.736494,-0.814889,-0.579137,0.022983,-0.413591,0.608808,0.676995,-0.015447,0.000748,0.000887,-0.000984,0.014715,-0.029553,-0.003168,-0.178604,-0.012379,0.312122,-0.618202,-0.785225,0.035206,0.576359,-0.42255,0.699426,-0.53354,0.453665,0.713713,0.001547,0.012941,0.033085,-0.031115,-0.034372,0.055419,-1.406945,0.038067,0.038388,-0.025281,0.655583,0.753604,0.047859,-0.654593,0.535567,0.533549,0.376453,-0.381115,0.844413,0.000767,0.006586,0.016678,-0.030969,-0.028117,0.053947,-0.877158,0.078654,0.012622,-0.059191,0.506612,-0.475453,-0.719227,0.725682,0.685585,0.057946,0.465541,-0.551287,0.692354,-0.007726,0.000352,0.000424,9.4e-05,0.013618,-0.027911,-0.244138
291,0.153944,-0.051129,0.331795,-0.408012,0.541066,-0.735404,-0.814723,-0.579253,0.025767,-0.411544,0.608988,0.67808,-1.9e-05,-0.000167,-0.000186,-1e-05,8e-06,-1.1e-05,0.001142,-0.178389,-0.012069,0.312781,-0.613579,-0.788844,0.035173,0.578478,-0.418891,0.699877,-0.536576,0.450769,0.713272,0.016098,0.015478,0.034358,-0.029067,-0.049536,0.0847,-1.406889,0.038174,0.038541,-0.024954,0.651299,0.757386,0.04664,-0.657006,0.532092,0.53406,0.379673,-0.378476,0.844158,0.00803,0.007523,0.016969,-0.041298,0.059497,-0.083646,-0.88173,0.07855,0.012624,-0.059189,0.508968,-0.474783,-0.718005,0.725366,0.685674,0.060783,0.463459,-0.551753,0.693377,-0.007738,0.000259,0.00032,0.002269,0.01189,-0.025572,-0.240383
292,0.153616,-0.051136,0.331788,-0.408451,0.540949,-0.735246,-0.814553,-0.579478,0.026093,-0.411443,0.60888,0.678238,-9.3e-05,-0.000811,-0.000904,-0.0,0.0,-0.0,0.018954,-0.177976,-0.011726,0.314115,-0.597299,-0.80113,0.037645,0.588062,-0.405709,0.699655,-0.544479,0.441048,0.71336,0.016668,-0.000121,0.037684,-0.012589,-0.175227,-0.098112,-1.406408,0.038382,0.038735,-0.024263,0.635981,0.770405,0.044758,-0.667162,0.51975,0.533623,0.387842,-0.369235,0.844537,0.001093,0.000126,0.019645,-0.039824,-0.326974,-0.529275,-0.876342,0.078386,0.012621,-0.059191,0.509339,-0.474621,-0.717849,0.725162,0.685865,0.061054,0.46337,-0.551655,0.693515,-0.007784,-0.000147,-0.000138,-0.001043,0.014678,-0.029365,-0.224707
293,0.153383,-0.051143,0.331782,-0.411206,0.538649,-0.735399,-0.811281,-0.584065,0.025761,-0.41514,0.606536,0.678085,-1.1e-05,-9.3e-05,-0.000103,7e-06,-0.0,-7e-06,0.03075,-0.177688,-0.012017,0.315614,-0.577592,-0.815404,0.038672,0.599957,-0.392048,0.69734,-0.552714,0.427006,0.715567,0.017261,-0.016497,0.040361,-0.073257,-4.060723,-4.068347,-1.406273,0.038526,0.0386,-0.023511,0.62233,0.781621,0.042108,-0.676426,0.509944,0.531417,0.393894,-0.3592,0.846062,0.001374,-0.008705,0.020326,0.254652,-0.253506,-0.164271,-0.876505,0.078269,0.012616,-0.059196,0.511764,-0.471956,-0.717882,0.721295,0.689972,0.060591,0.466722,-0.548813,0.693522,-2e-06,-2.4e-05,-2.5e-05,-0.000363,-0.000263,0.000103,-0.202336
294,0.153335,-0.051152,0.331771,-0.410928,0.538729,-0.735496,-0.81139,-0.583922,0.025553,-0.415203,0.606602,0.677988,-0.000155,-0.001339,-0.001494,-0.000875,0.012627,-0.025891,0.035881,-0.177456,-0.012323,0.316322,-0.569524,-0.821108,0.037644,0.604805,-0.387747,0.695555,-0.5558,0.419935,0.717359,0.016406,-0.007894,0.029618,0.155478,-0.201103,-0.083396,-1.406237,0.038642,0.038445,-0.023152,0.610276,0.791293,0.037649,-0.683932,0.502301,0.529084,0.39975,-0.348637,0.847733,0.00856,-0.010008,0.018389,0.188104,-0.217475,-0.150237,-0.878628,0.078245,0.012615,-0.059198,0.511483,-0.472081,-0.718,0.721445,0.689834,0.060374,0.466799,-0.548878,0.693419,-1e-05,-8.8e-05,-9.8e-05,0.005839,-0.087158,0.178861,-0.193845
295,0.153264,-0.051174,0.331763,-0.410867,0.538749,-0.735516,-0.811425,-0.583874,0.025524,-0.415194,0.606631,0.677967,-4e-06,-3.3e-05,-3.7e-05,0.0,0.0,0.0,0.032534,-0.17686,-0.012922,0.317535,-0.556471,-0.82988,0.040375,0.616768,-0.380178,0.6892,-0.555892,0.409467,0.723315,0.016314,-0.010939,0.026501,0.372002,-0.310628,-0.24753,-1.406175,0.03894,0.038143,-0.022547,0.598186,0.80048,0.037461,-0.694488,0.494522,0.522622,0.399823,-0.338642,0.85174,0.008119,-0.006202,0.012508,0.413509,-0.192685,-0.452126,-0.879281,0.078209,0.0126,-0.059206,0.511439,-0.472105,-0.718014,0.721484,0.689794,0.060361,0.466786,-0.548907,0.693404,2e-06,9e-06,1.2e-05,-0.00013,2e-05,0.000127,-0.18862
296,0.153185,-0.051139,0.331787,-0.421724,0.533187,-0.733421,-0.804198,-0.593536,0.030857,-0.418342,0.602163,0.680012,6.8e-05,0.000581,0.000648,-3e-06,2e-06,-3e-06,0.041514,-0.176189,-0.013407,0.318593,-0.548656,-0.835011,0.041518,0.625947,-0.377496,0.682364,-0.553408,0.401423,0.7297,0.01714,-0.020478,0.03623,0.312271,-0.343462,-0.207011,-1.406275,0.039281,0.037889,-0.022016,0.590283,0.806373,0.036432,-0.702959,0.491349,0.514222,0.396754,-0.329147,0.856882,0.008551,-0.010234,0.018109,0.40996,-0.389233,-0.195575,-0.882873,0.07817,0.012618,-0.059194,0.521389,-0.465088,-0.715433,0.712751,0.698356,0.065449,0.469188,-0.544051,0.695607,4.5e-05,0.000376,0.000419,0.003087,-0.00329,0.004261,-0.184374
297,0.15313,-0.051097,0.331803,-0.435684,0.524849,-0.731272,-0.793196,-0.607866,0.036227,-0.424967,0.59517,0.682059,0.000147,0.001256,0.001401,1.206375,0.02709,-1.309504,0.048136,-0.175756,-0.013671,0.319207,-0.545626,-0.836828,0.044742,0.63069,-0.375036,0.679347,-0.551019,0.399942,0.732317,0.017165,-0.019354,0.037331,0.562004,1.857185,-1.90741,-1.406668,0.039491,0.037762,-0.021725,0.586609,0.80909,0.035528,-0.706786,0.490031,0.510218,0.395402,-0.324409,0.85931,0.008159,-0.00437,0.01431,0.040459,-0.227823,0.123546,-0.88369,0.078142,0.012638,-0.059187,0.533056,-0.455851,-0.712776,0.70097,0.709712,0.070336,0.473804,-0.537128,0.697855,0.000108,0.000763,0.000911,4.044459,-0.207963,-3.764902,-0.178006
298,0.152985,-0.051005,0.331843,-0.461695,0.513769,-0.723135,-0.78044,-0.622714,0.055786,-0.421078,0.589478,0.689373,0.000272,0.002324,0.00259,-0.000305,-0.011667,0.024573,0.070488,-0.174982,-0.014151,0.320374,-0.53636,-0.84299,0.040971,0.63549,-0.37158,0.676768,-0.554598,0.39009,0.734925,0.01629,-0.01102,0.026317,-0.015431,-0.050868,-0.011641,-1.406331,0.039873,0.037525,-0.021138,0.577757,0.815564,0.032405,-0.712762,0.484789,0.506902,0.397701,-0.315963,0.861394,0.008121,-0.00591,0.012754,-0.031658,-0.049856,-0.02653,-0.885813,0.078076,0.012681,-0.05917,0.55783,-0.440415,-0.703462,0.684193,0.7238,0.089403,0.469791,-0.531176,0.705086,9.9e-05,0.000852,0.000951,-0.004543,0.00243,-0.003091,-0.153022
299,0.152859,-0.050895,0.331982,-0.483621,0.506888,-0.713597,-0.773401,-0.629182,0.077152,-0.40928,0.588576,0.697205,0.000403,0.003428,0.003816,-0.019141,0.097928,-0.193272,0.091271,-0.174447,-0.014548,0.321208,-0.529616,-0.847245,0.040915,0.638344,-0.366481,0.676863,-0.557797,0.385662,0.734841,0.015408,-0.00302,0.014995,-0.031374,-0.0202,0.035161,-1.406494,0.040146,0.037331,-0.020717,0.571366,0.820119,0.030736,-0.715872,0.479724,0.507338,0.401332,-0.311879,0.861198,0.007685,-0.001821,0.007182,-0.044976,-0.010296,0.036333,-0.891854,0.078007,0.012736,-0.059101,0.578022,-0.430728,-0.693082,0.675538,0.729024,0.110326,0.457753,-0.531974,0.712365,0.000208,0.001795,0.001996,-0.151988,0.123927,-0.167576,-0.121181
300,0.152869,-0.050691,0.332178,-0.495071,0.503904,-0.707836,-0.770085,-0.631704,0.088828,-0.401773,0.588441,0.701672,0.000657,0.005601,0.006221,-0.005166,0.074544,-0.152778,0.106478,-0.174378,-0.014722,0.321783,-0.527767,-0.848392,0.041039,0.639639,-0.365329,0.676262,-0.558068,0.384227,0.735386,-0.014315,0.006325,0.007502,0.001744,-0.001082,-0.005616,-1.406908,0.040192,0.037233,-0.020427,0.569723,0.821273,0.030404,-0.717038,0.478656,0.506699,0.401585,-0.310479,0.861586,4.5e-05,0.003009,0.002974,-0.010657,-0.009004,0.024494,-0.889568,0.078012,0.012837,-0.059004,0.588774,-0.426204,-0.6868,0.671381,0.731016,0.121914,0.450102,-0.532884,0.716548,0.000309,0.002654,0.002948,-0.002365,0.07178,-0.148458,-0.095054
301,0.152961,-0.050615,0.332278,-0.496724,0.503314,-0.707096,-0.76927,-0.632516,0.090098,-0.401291,0.588074,0.702254,0.000507,0.004335,0.004811,-0.0,0.0,-0.0,0.111829,-0.174481,-0.014649,0.321937,-0.526007,-0.849497,0.040776,0.641462,-0.364939,0.674745,-0.557641,0.382147,0.736793,0.000122,0.006445,0.006371,0.013751,-0.024216,0.018183,-1.406718,0.04014,0.037266,-0.020347,0.568155,0.822385,0.029676,-0.718608,0.478241,0.504864,0.401,-0.308167,0.862688,0.000455,-0.002686,0.006945,-0.047426,0.00945,-0.028703,-0.890548,0.078058,0.012879,-0.058949,0.590364,-0.42536,-0.685957,0.67036,0.731738,0.123191,0.44954,-0.532566,0.717137,0.000298,0.002568,0.002849,-0.005223,0.074266,-0.151818,-0.084767
302,0.153222,-0.050515,0.33248,-0.499473,0.500451,-0.707193,-0.76569,-0.636855,0.090038,-0.404705,0.585837,0.702166,0.015918,0.003519,0.003857,0.033517,-0.031372,0.024012,0.113162,-0.174622,-0.01448,0.322261,-0.524,-0.850708,0.041361,0.64358,-0.363816,0.673333,-0.557092,0.380518,0.73805,0.000958,-0.003707,0.015514,-0.003053,-0.029207,-0.010702,-1.406844,0.040065,0.037353,-0.020182,0.566284,0.823673,0.029741,-0.720459,0.477151,0.503254,0.400325,-0.306412,0.863626,0.000473,-0.001829,0.007784,-0.028907,-0.018575,-0.013204,-0.890385,0.078183,0.012929,-0.058848,0.592708,-0.422157,-0.685914,0.666233,0.735528,0.123009,0.45258,-0.529888,0.717209,0.000212,0.001844,0.002038,0.106238,-0.013499,-0.105369,-0.075133
303,0.153358,-0.050315,0.332655,-0.500176,0.500551,-0.706625,-0.766075,-0.636178,0.091535,-0.403106,0.586486,0.702543,0.000598,0.015763,-0.003188,0.036546,-0.024589,0.044749,0.116292,-0.174617,-0.014476,0.322769,-0.522169,-0.851834,0.041348,0.645062,-0.362916,0.672399,-0.557099,0.378852,0.738901,0.000961,-0.003543,0.015656,-0.034011,-0.004497,0.006257,-1.40654,0.040067,0.037357,-0.019933,0.564516,0.8249,0.029351,-0.721811,0.476094,0.502318,0.400388,-0.304752,0.864184,0.000471,-0.001858,0.007745,-0.043695,0.000642,0.007166,-0.891527,0.078257,0.013023,-0.05876,0.593429,-0.42214,-0.685301,0.666638,0.734897,0.124576,0.451038,-0.530775,0.717524,0.000287,0.002501,0.002762,0.003609,-0.01512,0.029594,-0.071214
304,0.153353,-0.050178,0.332852,-0.499499,0.500801,-0.706926,-0.76645,-0.635792,0.091074,-0.403233,0.58669,0.7023,0.00046,-0.006613,0.013297,-0.034798,-0.000665,0.007029,0.118782,-0.17436,-0.014905,0.323477,-0.518701,-0.853982,0.040697,0.647592,-0.361513,0.670721,-0.557408,0.375334,0.740462,0.016175,-0.015466,0.021838,-0.04078,-0.031213,0.002249,-1.406163,0.040196,0.037141,-0.019572,0.561416,0.827068,0.02774,-0.72415,0.474778,0.500192,0.400522,-0.300904,0.865469,0.008076,-0.007772,0.010879,-0.078135,-0.016276,-0.002593,-0.891691,0.078254,0.013103,-0.058664,0.592742,-0.42251,-0.685668,0.66709,0.734578,0.124033,0.451272,-0.530922,0.717268,0.000166,0.001453,0.001602,-0.000159,2e-06,0.000292,-0.067131
305,0.153324,-0.050166,0.332927,-0.501932,0.498035,-0.707157,-0.762983,-0.639996,0.090747,-0.406765,0.584476,0.70211,0.00019,0.001645,0.001815,0.000256,-3.3e-05,-0.000255,0.124948,-0.174173,-0.0152,0.323935,-0.515344,-0.856063,0.039598,0.650326,-0.360703,0.668509,-0.557343,0.371343,0.74252,0.001785,-0.014209,0.024303,-0.019667,-0.034628,-0.039603,-1.406089,0.040288,0.036996,-0.019356,0.558472,0.829122,0.025767,-0.726568,0.473934,0.497479,0.400259,-0.296549,0.867093,0.008092,-0.006835,0.011794,-0.059306,-0.03737,-0.023241,-0.892018,0.07824,0.013108,-0.05862,0.594901,-0.419366,-0.685729,0.663019,0.738315,0.123674,0.454419,-0.528225,0.717272,0.000137,-0.004084,0.00579,-0.033341,0.011224,-0.021515,-0.064192
306,0.153236,-0.050144,0.332999,-0.501243,0.498295,-0.707463,-0.763366,-0.639605,0.090276,-0.406897,0.584681,0.701862,2.2e-05,0.000186,0.000205,0.0,-0.0,-0.0,0.121852,-0.174101,-0.015601,0.32486,-0.508587,-0.860195,0.037355,0.655984,-0.359155,0.663797,-0.556928,0.363186,0.746853,0.000989,-0.001628,0.01749,0.024755,-0.051652,-0.025626,-1.405878,0.040325,0.036792,-0.01889,0.552401,0.83329,0.021913,-0.731497,0.471981,0.492083,0.399705,-0.287857,0.870272,0.000894,-0.006128,0.013097,-0.053392,-0.028557,-0.057342,-0.892344,0.078196,0.01312,-0.058583,0.594142,-0.419786,-0.686129,0.66356,0.73792,0.123126,0.454623,-0.528443,0.716983,-4e-06,-1.2e-05,-1.2e-05,-0.000213,2.6e-05,0.000237,-0.057334
307,0.153166,-0.050092,0.332948,-0.500902,0.498411,-0.707623,-0.763461,-0.639546,0.089892,-0.407138,0.584647,0.701751,-0.000105,-0.000905,-0.000998,0.0,0.0,0.0,0.117144,-0.174269,-0.015443,0.325488,-0.505298,-0.862196,0.035827,0.658851,-0.358787,0.661151,-0.556542,0.35877,0.749272,0.000229,0.012641,0.012285,0.014115,-0.024383,0.018166,-1.406147,0.040247,0.036857,-0.018583,0.549413,0.835317,0.019726,-0.733922,0.471169,0.489242,0.399378,-0.283274,0.871924,0.000105,0.006525,0.006344,-0.014183,-0.02724,0.037478,-0.890548,0.078161,0.013146,-0.058609,0.593822,-0.419953,-0.686304,0.663686,0.737871,0.122746,0.454856,-0.52838,0.716881,-7.5e-05,-0.000645,-0.000709,-0.000136,2.8e-05,0.000164,-0.063212
308,0.153141,-0.050102,0.332937,-0.503795,0.495454,-0.707645,-0.759686,-0.644031,0.089855,-0.410606,0.582237,0.701733,-0.000115,-0.000988,-0.00109,0.0,-0.0,-0.0,0.120823,-0.174385,-0.015157,0.325733,-0.505184,-0.862249,0.036165,0.659044,-0.358533,0.661097,-0.556419,0.358897,0.749303,-0.014138,0.013568,0.014375,-0.010605,0.086105,-0.151101,-1.405924,0.040189,0.037005,-0.018455,0.549346,0.835355,0.020001,-0.73395,0.470942,0.489418,0.399419,-0.283539,0.871819,-0.000293,0.012455,0.002572,0.031914,-0.020692,0.045258,-0.889732,0.078149,0.013139,-0.058615,0.596289,-0.416616,-0.686199,0.659321,0.741805,0.122556,0.457967,-0.525505,0.717014,-7.8e-05,-0.000671,-0.000741,-0.000353,-0.000105,0.000213,-0.063376
309,0.153105,-0.050112,0.332926,-0.503382,0.49561,-0.70783,-0.759896,-0.643826,0.089539,-0.410723,0.582331,0.701587,-1e-06,-1.2e-05,-1.3e-05,0.0,0.0,-0.0,0.125897,-0.174673,-0.014784,0.326048,-0.504507,-0.862553,0.038291,0.660029,-0.356839,0.661031,-0.555866,0.359855,0.749254,9.2e-05,0.004816,0.004652,0.0,-0.0,-0.0,-1.406297,0.040039,0.037211,-0.018279,0.548402,0.835923,0.022063,-0.735001,0.469274,0.489442,0.398783,-0.284627,0.871756,-0.007147,0.002282,0.002816,-0.000351,0.002132,-0.001998,-0.890385,0.07813,0.013131,-0.058624,0.595904,-0.416832,-0.686403,0.659581,0.741625,0.122251,0.458095,-0.525588,0.716871,2e-06,8e-06,9e-06,0.005878,-0.0871,0.178872,-0.056681
310,0.153107,-0.050093,0.332932,-0.503073,0.495724,-0.70797,-0.760043,-0.643688,0.089286,-0.410832,0.582385,0.701478,9e-06,8.1e-05,8.9e-05,0.006043,-0.087148,0.178681,0.126054,-0.174615,-0.014751,0.32636,-0.502797,-0.863574,0.037764,0.661495,-0.356421,0.659791,-0.555675,0.35781,0.750373,0.000909,-0.006043,0.013124,0.185178,-0.168204,-0.138703,-1.405795,0.040062,0.037226,-0.018138,0.547863,0.836288,0.02161,-0.735426,0.469153,0.488921,0.398741,-0.283755,0.872059,4.6e-05,0.002662,0.002564,0.448811,-0.307681,-0.148995,-0.890058,0.078131,0.013142,-0.05862,0.595734,-0.416926,-0.686492,0.659682,0.741559,0.122099,0.458169,-0.525606,0.716811,5e-06,5.5e-05,6.1e-05,-0.000115,2.9e-05,0.000135,-0.054232
311,0.153118,-0.050078,0.332917,-0.503022,0.495739,-0.707995,-0.760046,-0.643695,0.089212,-0.410888,0.582365,0.701462,0.0,1e-06,2e-06,0.0,0.0,0.0,0.126902,-0.174485,-0.014769,0.326545,-0.501072,-0.864596,0.037304,0.663057,-0.355995,0.658451,-0.555374,0.355756,0.751572,0.015274,-0.00588,0.012061,0.157777,-0.159738,-0.093411,-1.405764,0.040133,0.037212,-0.018036,0.545921,0.837589,0.020361,-0.73721,0.468665,0.486696,0.398108,-0.280708,0.873333,0.007631,-0.002979,0.00599,0.19803,-0.178168,-0.090457,-0.890711,0.078137,0.013149,-0.058627,0.595568,-0.417015,-0.686583,0.659768,0.741511,0.12193,0.458262,-0.525603,0.716754,-2e-06,-5e-06,-6e-06,-0.000108,9e-06,0.000101,-0.054068
312,0.153117,-0.050074,0.332891,-0.505957,0.492746,-0.707993,-0.756194,-0.64822,0.089183,-0.414368,0.579887,0.701468,-6e-06,-5.4e-05,-6e-05,0.0,-0.0,-0.0,0.128073,-0.174351,-0.014826,0.326793,-0.500961,-0.864643,0.037697,0.662896,-0.355478,0.658893,-0.555667,0.356159,0.751165,3.7e-05,0.002076,0.001997,4.1e-05,-3.3e-05,-2.2e-05,-1.405936,0.0402,0.037185,-0.017911,0.545218,0.83804,0.02061,-0.737529,0.467849,0.486999,0.398482,-0.280721,0.873159,1.2e-05,0.000936,0.000898,-0.002569,0.001979,0.001226,-0.891854,0.078136,0.013151,-0.058641,0.598067,-0.413638,-0.686453,0.655325,0.74547,0.121746,0.461372,-0.522663,0.716908,-3e-06,-2.6e-05,-2.7e-05,-0.000195,2e-06,0.000185,-0.052599
