frame,MLTx,MLTy,MLTz,MLTR1,MLTR2,MLTR3,MLTR4,MLTR5,MLTR6,MLTR7,MLTR8,MLTR9,MLTTVx,MLTTVy,MLTTVz,MLTRVx,MLTRVy,MLTRVz,MLGA,MRTx,MRTy,MRTz,MRTR1,MRTR2,MRTR3,MRTR4,MRTR5,MRTR6,MRTR7,MRTR8,MRTR9,MRTTVx,MRTTVy,MRTTVz,MRTRVx,MRTRVy,MRTRVz,MRGA,SLTx,SLTy,SLTz,SLTR1,SLTR2,SLTR3,SLTR4,SLTR5,SLTR6,SLTR7,SLTR8,SLTR9,SLTTVx,SLTTVy,SLTTVz,SLTRVx,SLTRVy,SLTRVz,SLGA,SRTx,SRTy,SRTz,SRTR1,SRTR2,SRTR3,SRTR4,SRTR5,SRTR6,SRTR7,SRTR8,SRTR9,SRTTVx,SRTTVy,SRTTVz,SRTRVx,SRTRVy,SRTRVz,SRGA
3006,0.154994,0.013294,0.323953,-0.351159,-0.496564,-0.793824,-0.181883,-0.795492,0.577999,-0.918062,0.347966,0.19002,-0.013501,0.002212,0.002121,-0.000984,0.014715,-0.029553,-1.566902,-0.153522,0.012149,0.337147,-0.395627,0.607432,0.688837,-0.484977,-0.775022,0.405057,0.780394,-0.174569,0.600312,6.8e-05,-0.001214,-0.000982,0.000596,-0.000718,-0.000486,0.53213,0.051244,0.050186,-0.012438,0.271064,-0.482362,0.832977,0.437214,0.832654,0.339898,-0.857536,0.272055,0.436598,4.7e-05,-0.000896,-0.000733,-0.007202,0.006759,0.007339,0.51669,0.079287,0.044164,-0.062975,0.299223,0.534362,-0.79052,0.055631,0.817299,0.573521,0.952559,-0.215588,0.214828,0.000104,0.000994,0.000873,0.004689,-0.125418,0.189975,-0.953473
3007,0.155017,0.013339,0.323951,-0.348104,-0.498556,-0.793921,-0.177141,-0.796652,0.577874,-0.920153,0.342413,0.189996,3e-06,2.8e-05,2.4e-05,4.387622,-3.193637,-1.050019,-1.573068,-0.153459,0.012213,0.33705,-0.395606,0.606946,0.689278,-0.484954,-0.77531,0.404534,0.780419,-0.174981,0.600159,0.013426,0.001012,-0.00043,0.002045,-0.015205,0.029245,0.528493,0.051271,0.050209,-0.012492,0.270905,-0.481825,0.833339,0.437217,0.832851,0.33941,-0.857584,0.272403,0.436285,-0.000561,0.005511,-0.004106,0.036019,-0.009331,0.018821,0.519466,0.079293,0.044193,-0.06297,0.299141,0.534284,-0.790603,0.055589,0.817379,0.573412,0.952588,-0.21548,0.214812,3e-06,1.6e-05,1.4e-05,-2.1e-05,2.4e-05,-2e-06,-0.953473
3008,0.154984,0.013319,0.323948,-0.346377,-0.500548,-0.793423,-0.177795,-0.795424,0.579362,-0.92068,0.342363,0.187514,-3.7e-05,-0.000349,-0.000305,-0.009855,-0.017408,-0.011239,-1.58066,-0.153461,0.012231,0.337026,-0.395603,0.606855,0.68936,-0.484968,-0.775361,0.404421,0.780412,-0.175077,0.600141,2.1e-05,-0.000373,-0.000302,0.0,-0.0,-0.0,0.51994,0.051275,0.050219,-0.012504,0.270893,-0.48174,0.833392,0.43725,0.832874,0.339312,-0.857571,0.272484,0.436261,1.6e-05,-0.000256,-0.000209,-0.000275,-6.6e-05,-9.5e-05,0.519466,0.079277,0.044183,-0.062971,0.293729,0.537842,-0.79022,0.051688,0.81654,0.574969,0.954489,-0.209731,0.212042,-0.006851,0.000137,0.000213,0.007823,0.016794,-0.027153,-0.954452
3009,0.154902,0.013289,0.323976,-0.341818,-0.50116,-0.795012,-0.174382,-0.797453,0.577608,-0.923039,0.336692,0.186185,-0.0135,0.002215,0.002122,-0.00039,-0.001164,-0.00551,-1.584394,-0.153498,0.012177,0.337012,-0.389767,0.609812,0.690074,-0.488701,-0.772002,0.406349,0.781012,-0.179611,0.598017,2.5e-05,-0.000441,-0.000357,-0.107458,0.129585,0.087814,0.505509,0.051257,0.050191,-0.012512,0.265344,-0.484447,0.833607,0.440772,0.829913,0.341999,-0.857503,0.276684,0.433743,1.7e-05,-0.000311,-0.000251,-0.19068,0.233247,0.157782,0.507709,0.079241,0.044163,-0.062962,0.28935,0.537641,-0.791971,0.047912,0.818191,0.572945,0.956023,-0.203726,0.210984,1.7e-05,0.000152,0.000136,0.000407,0.001474,-0.00025,-0.952166
3010,0.154886,0.013302,0.324041,-0.343715,-0.499301,-0.795364,-0.173772,-0.798523,0.576313,-0.922447,0.336916,0.188694,9.9e-05,0.000937,0.00082,0.001942,0.003427,0.002212,-1.581896,-0.153586,0.012228,0.33692,-0.387521,0.610295,0.690912,-0.488043,-0.771564,0.407968,0.782538,-0.179852,0.595946,-0.001081,0.010265,-0.008819,0.01157,0.02068,0.039162,0.486145,0.051213,0.050213,-0.012555,0.262289,-0.484937,0.83429,0.439501,0.829716,0.344106,-0.859094,0.276416,0.430756,3.1e-05,-0.00055,-0.000444,-0.010295,0.010292,0.006624,0.487135,0.079228,0.044173,-0.062925,0.29165,0.535946,-0.792275,0.047116,0.81923,0.571525,0.955363,-0.204014,0.213677,6.1e-05,0.000579,0.000508,-0.011332,-0.01074,-0.007657,-0.958208
3011,0.154866,0.013264,0.324089,-0.343789,-0.499348,-0.795302,-0.17389,-0.798426,0.576411,-0.922397,0.337076,0.188653,3.2e-05,0.000305,0.000267,2.8e-05,5e-05,3.2e-05,-1.583142,-0.153537,0.012338,0.33681,-0.387492,0.610319,0.690907,-0.488365,-0.771472,0.407755,0.782351,-0.180166,0.596097,-0.001034,0.009405,-0.009515,0.034215,0.006105,-0.005425,0.483649,0.051237,0.05027,-0.012608,0.262486,-0.484921,0.834237,0.439937,0.829609,0.343808,-0.85881,0.276767,0.431096,0.006158,0.005905,-0.004409,0.030681,0.072157,-0.126015,0.476684,0.079218,0.044156,-0.0629,0.29161,0.536093,-0.792191,0.047328,0.819085,0.571715,0.955365,-0.204211,0.213481,1.5e-05,0.00015,0.000132,-0.002169,-0.002244,-0.001611,-0.959351
3012,0.154699,0.013142,0.324157,-0.343925,-0.499475,-0.795164,-0.174143,-0.798206,0.57664,-0.922299,0.33741,0.188538,-2.2e-05,-0.000206,-0.00018,0.0,0.0,0.0,-1.580353,-0.153428,0.01232,0.33667,-0.387462,0.610394,0.690857,-0.48859,-0.771372,0.407675,0.782225,-0.180341,0.596209,0.001353,-0.015069,0.004922,-0.036476,0.009367,-0.018788,0.482886,0.051291,0.050274,-0.012681,0.262544,-0.485009,0.834168,0.440253,0.829478,0.343718,-0.858631,0.277004,0.431301,0.000118,-0.002068,-0.001678,3.8e-05,-0.000164,-0.00011,0.471622,0.079135,0.044094,-0.062867,0.291705,0.536254,-0.792047,0.047619,0.818892,0.571967,0.955321,-0.204563,0.213339,-1.7e-05,-0.000159,-0.000138,-7.6e-05,-8e-06,-1e-05,-0.959841
3013,0.15469,0.013173,0.324158,-0.343691,-0.499311,-0.795368,-0.174187,-0.79837,0.576399,-0.922378,0.337263,0.188414,0.000156,0.011668,-0.007573,0.035439,-0.014679,0.017326,-1.567487,-0.153398,0.01192,0.336603,-0.387494,0.609712,0.691442,-0.48783,-0.771954,0.407485,0.782683,-0.18016,0.595661,0.000408,-0.007277,-0.005914,-0.001897,0.015029,-0.024514,0.446532,0.051306,0.050071,-0.01271,0.262506,-0.484224,0.834636,0.439517,0.830034,0.343319,-0.859019,0.276714,0.430714,0.00077,-0.009181,0.001119,-0.038415,0.024373,-0.04336,0.449904,0.07913,0.044105,-0.062864,0.291513,0.536067,-0.792244,0.047669,0.819046,0.571742,0.955377,-0.204436,0.213209,1.9e-05,0.000171,0.00015,-3.3e-05,1.4e-05,3.2e-05,-0.959188
3014,0.154711,0.01317,0.324168,-0.343759,-0.499351,-0.795313,-0.174187,-0.798324,0.576464,-0.922353,0.337315,0.188445,0.0,1e-06,1e-06,0.0,0.0,0.0,-1.566288,-0.153466,0.011457,0.336454,-0.38754,0.608792,0.692226,-0.487011,-0.772689,0.407071,0.783171,-0.180116,0.595034,0.000477,-0.008552,-0.00697,-0.001895,0.015019,-0.02452,0.344789,0.051272,0.049837,-0.012786,0.262456,-0.483186,0.835253,0.438788,0.830688,0.342667,-0.859407,0.276564,0.430035,0.000243,-0.004323,-0.00352,-0.001949,0.015021,-0.024557,0.357645,0.079141,0.044108,-0.062861,0.291562,0.536107,-0.792199,0.047653,0.819013,0.571792,0.955363,-0.204464,0.213246,0.0,-1.1e-05,-1e-05,-1.7e-05,2.2e-05,2.4e-05,-0.959025
3015,0.15469,0.013164,0.324163,-0.343704,-0.499318,-0.795358,-0.174207,-0.798355,0.576414,-0.922369,0.33729,0.188408,-2e-06,-2.3e-05,-2e-05,0.0,0.0,0.0,-1.567181,-0.153451,0.011339,0.336319,-0.389789,0.607811,0.691825,-0.487701,-0.773408,0.404872,0.781626,-0.18034,0.596994,0.00041,-0.007361,-0.006008,0.016017,-0.006707,-0.039236,0.299124,0.05128,0.049772,-0.012859,0.265044,-0.482193,0.835009,0.439929,0.831068,0.340277,-0.858028,0.277157,0.4324,0.000207,-0.003668,-0.002996,-0.002712,0.017744,-0.022388,0.287594,0.07913,0.044105,-0.062864,0.291513,0.536066,-0.792244,0.04767,0.819046,0.571742,0.955377,-0.204437,0.213209,-1e-06,-1.1e-05,-9e-06,-2e-05,1.5e-05,3.5e-05,-0.959188
3016,0.154704,0.013205,0.324186,-0.343509,-0.499174,-0.795533,-0.174263,-0.798491,0.576209,-0.922432,0.337182,0.188297,0.000169,0.001593,0.001393,0.0,0.0,0.0,-1.54741,-0.153364,0.011221,0.336176,-0.389774,0.607643,0.691982,-0.487678,-0.77351,0.404705,0.781648,-0.180471,0.596925,7.1e-05,-0.001266,-0.001035,4e-06,-5e-06,-3e-06,0.276266,0.051324,0.049705,-0.012937,0.264736,-0.48207,0.835178,0.439824,0.831111,0.340306,-0.858177,0.27724,0.432051,3.2e-05,-0.000526,-0.00043,-0.000717,0.000832,0.000586,0.209377,0.079137,0.044123,-0.062855,0.291345,0.535895,-0.792422,0.047712,0.819187,0.571537,0.955426,-0.204323,0.213098,0.000101,0.000947,0.000825,0.000581,-0.015847,0.024074,-0.958698
3017,0.154697,0.013221,0.324227,-0.345424,-0.500862,-0.79364,-0.172972,-0.797228,0.578344,-0.921957,0.33767,0.18974,1.4e-05,0.00013,0.000113,0.0,0.0,-0.0,-1.534676,-0.153141,0.011236,0.336192,-0.389223,0.605971,0.693755,-0.487498,-0.774452,0.403118,0.782034,-0.182048,0.59594,0.013415,0.00195,0.00033,0.002045,-0.015205,0.029245,0.292794,0.05143,0.049715,-0.012926,0.263949,-0.480076,0.836574,0.439896,0.831793,0.33854,-0.858383,0.278649,0.430735,-3.7e-05,0.000678,0.000551,-0.000615,-0.002408,0.002938,0.204152,0.079134,0.044135,-0.062831,0.292962,0.537848,-0.790501,0.046553,0.817772,0.573656,0.954989,-0.20486,0.214537,3e-06,3.4e-05,3.1e-05,-7.4e-05,-0.000153,0.000305,-0.956412
3018,0.154635,0.01319,0.324254,-0.345364,-0.500829,-0.793687,-0.17309,-0.797224,0.578313,-0.921958,0.337727,0.189636,0.0,2e-06,1e-06,0.0,0.0,0.0,-1.536836,-0.153001,0.011275,0.33621,-0.388683,0.6042,0.6956,-0.487311,-0.775448,0.401425,0.782419,-0.183692,0.59493,0.013349,0.003083,0.001255,0.003942,-0.030226,0.053764,0.300874,0.0515,0.049734,-0.012918,0.263177,-0.478,0.838005,0.439987,0.8325,0.336681,-0.858573,0.280105,0.429408,-2.5e-05,0.000447,0.000362,-0.000642,-0.002562,0.003098,0.212317,0.079103,0.044119,-0.062818,0.292906,0.537806,-0.79055,0.046672,0.817786,0.573626,0.955001,-0.204916,0.214434,-0.006832,0.000334,0.000383,-0.001022,0.014696,-0.029461,-0.957392
3019,0.154565,0.013216,0.324264,-0.345518,-0.500971,-0.79353,-0.172993,-0.797115,0.578492,-0.921918,0.337774,0.189746,0.000213,0.012184,-0.007124,0.035437,-0.014687,0.017323,-1.519968,-0.1528,0.011305,0.336216,-0.388134,0.602168,0.697666,-0.486996,-0.776616,0.399544,0.782887,-0.185427,0.593775,-0.0,5e-06,4e-06,0.0,0.0,-0.0,0.30754,0.051606,0.049755,-0.01291,0.262377,-0.475703,0.839562,0.440005,0.833309,0.334651,-0.858809,0.281607,0.427952,2e-06,-1e-05,-1.3e-05,-0.00036,-0.001362,0.001614,0.221951,0.079068,0.04413,-0.062814,0.293035,0.537968,-0.790392,0.046587,0.817666,0.573804,0.954965,-0.204967,0.214542,0.00011,0.006125,-0.00353,0.035412,-0.014662,0.017343,-0.955922
3020,0.154578,0.01327,0.324257,-0.345412,-0.500899,-0.793622,-0.172937,-0.797216,0.578369,-0.921968,0.337642,0.189737,1.5e-05,0.000143,0.000125,0.0,0.0,0.0,-1.498922,-0.152504,0.011303,0.336225,-0.387571,0.600346,0.699547,-0.48673,-0.777643,0.397868,0.78333,-0.187029,0.592686,-0.0,0.0,0.0,0.0,-0.0,-0.0,0.33087,0.051753,0.049754,-0.012905,0.261584,-0.4736,0.840997,0.440022,0.834035,0.332815,-0.859042,0.282998,0.426565,0.006731,0.000546,-0.000193,0.001884,-0.015685,0.029785,0.244322,0.079074,0.044159,-0.062816,0.292944,0.537881,-0.790485,0.046523,0.817757,0.573679,0.954996,-0.204831,0.214533,8e-06,6.5e-05,5.5e-05,-2.5e-05,1.2e-05,-3e-05,-0.951676
3021,0.154462,0.013221,0.32427,-0.345464,-0.500967,-0.793556,-0.173004,-0.797129,0.57847,-0.921936,0.337748,0.189703,-0.013675,0.000549,0.00066,-0.000984,0.014715,-0.029553,-1.50458,-0.152276,0.011379,0.336252,-0.387527,0.601027,0.698986,-0.487095,-0.777163,0.39836,0.783125,-0.186838,0.593018,0.013321,0.003432,0.001533,0.002045,-0.015205,0.029245,0.293911,0.051868,0.049789,-0.012895,0.261611,-0.474371,0.840554,0.440295,0.833643,0.333436,-0.858894,0.282861,0.426953,0.006652,0.00184,0.000863,0.002015,-0.01521,0.0292,0.244811,0.079022,0.044134,-0.062811,0.292973,0.53794,-0.790434,0.046604,0.817692,0.573765,0.954983,-0.204935,0.214491,-1.3e-05,-0.00011,-9.3e-05,-1.1e-05,6e-06,-1e-05,-0.955432
3022,0.154401,0.013197,0.324303,-0.345486,-0.500996,-0.793529,-0.173088,-0.797071,0.578524,-0.921912,0.337841,0.189654,5.3e-05,0.000496,0.000433,0.0,0.0,0.0,-1.49772,-0.152258,0.011425,0.336313,-0.387525,0.601188,0.698848,-0.487134,-0.777061,0.398509,0.783101,-0.186742,0.593079,-0.000208,0.003503,0.00286,0.001901,-0.015018,0.02452,0.197094,0.051877,0.049809,-0.012867,0.261625,-0.474535,0.840457,0.440302,0.833578,0.333589,-0.858886,0.28278,0.427023,-0.006826,0.001045,0.001485,-0.002067,0.015198,-0.029277,0.191089,0.078991,0.04412,-0.062796,0.29299,0.537971,-0.790406,0.046694,0.817647,0.573821,0.954973,-0.205032,0.214443,4.3e-05,0.000399,0.00035,-2e-06,1.1e-05,1.4e-05,-0.954942
3023,0.154361,0.013195,0.324329,-0.345539,-0.501044,-0.793475,-0.173111,-0.797013,0.578597,-0.921888,0.337907,0.189655,0.00019,0.011932,-0.007344,0.035435,-0.014699,0.017318,-1.397207,-0.152286,0.011552,0.33642,-0.389774,0.600773,0.697953,-0.488049,-0.777384,0.396756,0.781416,-0.186731,0.595302,-0.001359,0.014684,-0.005221,0.038043,-0.01116,0.017559,0.028169,0.051863,0.049872,-0.012808,0.26414,-0.474243,0.839835,0.441519,0.83362,0.33187,-0.85749,0.283143,0.42958,-0.000127,0.002109,0.00172,-0.006359,-0.00386,0.032258,-0.019883,0.078966,0.044116,-0.062779,0.293058,0.538051,-0.790327,0.04674,0.817569,0.573929,0.954951,-0.205135,0.214446,3.3e-05,0.000325,0.000286,3e-06,1.6e-05,-1.7e-05,-0.940573
3024,0.154188,0.013222,0.324328,-0.342778,-0.503306,-0.793241,-0.168231,-0.797861,0.578868,-0.923823,0.332493,0.18981,0.0,0.0,0.0,0.0,-0.0,-0.0,-1.166517,-0.152324,0.011658,0.336457,-0.392023,0.599805,0.697527,-0.488761,-0.778068,0.394534,0.779847,-0.186997,0.597272,-3.1e-05,0.000525,0.000428,0.000117,-0.000141,-9.6e-05,-0.28909,0.051843,0.049935,-0.012787,0.266354,-0.473396,0.839613,0.442567,0.833896,0.329775,-0.856265,0.283749,0.431621,-1.3e-05,0.000204,0.000167,-0.003404,0.00442,0.003046,-0.271023,0.078879,0.044134,-0.062781,0.289983,0.539911,-0.790193,0.041749,0.817748,0.574059,0.95612,-0.199457,0.214592,-0.006826,0.000362,0.000408,-0.000985,0.015041,-0.029536,-0.878686
3025,0.154117,0.013258,0.324321,-0.342825,-0.503374,-0.793178,-0.168129,-0.797837,0.578931,-0.923824,0.33245,0.189879,0.000215,0.012123,-0.007177,0.035431,-0.01472,0.017307,-0.964303,-0.152402,0.011633,0.336483,-0.392043,0.599518,0.697762,-0.488553,-0.778283,0.394368,0.779967,-0.187024,0.597107,-6.9e-05,0.001166,0.00095,2e-06,-2e-06,-1e-06,-0.60504,0.051804,0.049919,-0.012777,0.266303,-0.473084,0.839805,0.442373,0.834076,0.329579,-0.85638,0.28374,0.431396,-0.006761,4.6e-05,0.00067,-0.000686,0.000794,-0.004325,-0.419128,0.078843,0.044146,-0.062784,0.290032,0.539992,-0.790119,0.041672,0.817697,0.574137,0.956108,-0.199444,0.214656,5.1e-05,0.000458,0.000404,-0.000113,0.000114,5.6e-05,-0.819085
3026,0.154044,0.013593,0.324348,-0.342559,-0.503259,-0.793366,-0.167723,-0.798135,0.578637,-0.923996,0.331905,0.189993,-0.012913,0.017617,-0.002207,0.034445,-2.3e-05,-0.012257,-0.419753,-0.152867,0.011703,0.336429,-0.417566,0.582861,0.697067,-0.461897,-0.796714,0.389656,0.782991,-0.159985,0.600993,-0.014645,0.011042,-0.006928,-0.053993,-0.076162,-0.117682,-1.349071,0.051578,0.049949,-0.012803,0.292429,-0.45665,0.840211,0.417405,0.851454,0.317486,-0.860382,0.257866,0.439598,-0.013484,-0.00046,0.000897,-0.366749,-0.163235,-0.362802,-0.7155,0.078811,0.044307,-0.062776,0.289781,0.539823,-0.790326,0.041246,0.817947,0.573812,0.956203,-0.198878,0.21476,0.00044,0.009128,-0.000913,0.035937,-0.030542,0.041394,-0.662489
3027,0.153907,0.014288,0.324344,-0.339766,-0.501075,-0.795944,-0.168238,-0.800261,0.575542,-0.924936,0.330077,0.188597,-0.012786,0.018557,-0.0014,-0.001137,-0.119414,0.203029,-0.054641,-0.15348,0.012522,0.336103,-0.46417,0.557801,0.688037,-0.419858,-0.822455,0.383694,0.780475,-0.111467,0.615059,-0.016138,0.029169,-0.009347,0.438931,-0.484757,-0.258836,-1.402898,0.051266,0.050354,-0.012975,0.339352,-0.433875,0.83462,0.376618,0.875721,0.30211,-0.861973,0.211811,0.460583,-0.008082,0.014865,-0.004433,0.535127,-0.599933,-0.351,-0.836499,0.078743,0.044657,-0.062776,0.287837,0.537813,-0.792404,0.041195,0.819703,0.571305,0.956792,-0.197086,0.213786,0.000508,0.009393,-0.00066,-0.35686,-1.355824,2.433398,-0.524672
3028,0.15403,0.014588,0.324418,-0.338864,-0.500401,-0.796753,-0.168262,-0.800972,0.574547,-0.925264,0.329375,0.188219,0.014078,0.013655,-0.00602,0.036409,-0.029488,0.046827,0.102269,-0.154273,0.013649,0.335951,-0.496012,0.55237,0.669963,-0.397158,-0.830368,0.390753,0.772767,-0.072945,0.630376,-0.015223,0.023134,0.002858,-0.024219,-0.186262,0.178647,-1.403648,0.050875,0.050909,-0.013052,0.374958,-0.430939,0.82079,0.353873,0.884877,0.302928,-0.856843,0.17687,0.484289,-0.014344,0.01165,0.002135,-0.225381,-0.58681,0.653587,-0.817884,0.07879,0.044816,-0.062731,0.286641,0.536502,-0.793726,0.041479,0.820765,0.569758,0.957139,-0.196239,0.213011,0.000207,0.001909,0.001657,0.000604,-0.015753,0.02385,-0.230259
3029,0.154343,0.014721,0.324369,-0.338392,-0.499967,-0.797226,-0.168186,-0.801432,0.573927,-0.925451,0.328912,0.188108,0.027585,0.012075,-0.007575,0.037397,-0.044186,0.076388,0.153436,-0.154836,0.014147,0.336018,-0.512199,0.548301,0.661067,-0.380238,-0.834838,0.397993,0.770735,-0.048189,0.635224,-0.042034,0.022832,0.005046,0.030805,-0.104394,0.130782,-1.404082,0.050588,0.051169,-0.013016,0.392134,-0.428734,0.81389,0.33605,0.890367,0.307111,-0.85633,0.153079,0.493219,-0.021033,0.011698,0.002772,0.026791,-0.080556,0.126737,-0.81821,0.078947,0.044883,-0.062754,0.286247,0.536005,-0.794204,0.041355,0.821205,0.569133,0.957262,-0.195757,0.212901,0.013805,0.00614,-0.003705,0.037392,-0.044159,0.076385,-0.117915
3030,0.155559,0.015129,0.323895,-0.334251,-0.499856,-0.79904,-0.168386,-0.802491,0.572387,-0.926923,0.326485,0.185064,0.027112,0.018217,-0.019947,0.070633,-0.045781,0.067829,0.195116,-0.156098,0.015189,0.336276,-0.551505,0.534158,0.64071,-0.344084,-0.845279,0.408708,0.760574,0.004285,0.649132,-0.028703,0.027812,0.00771,-3.488585,-2.383942,-3.409766,-1.403892,0.049957,0.05169,-0.012887,0.433615,-0.419031,0.79774,0.300442,0.901871,0.310421,-0.849536,0.105072,0.516959,-0.014346,0.014131,0.004017,-3.508664,-2.345305,-3.397765,-0.840908,0.079565,0.045095,-0.06299,0.28205,0.535369,-0.796132,0.041503,0.822238,0.567627,0.958501,-0.193141,0.209693,0.013543,0.008925,-0.010147,0.082365,-0.032458,0.077172,0.009942
3031,0.156789,0.015527,0.323359,-0.333435,-0.494504,-0.802703,-0.173691,-0.804632,0.567776,-0.926238,0.32935,0.183406,0.027211,0.01964,-0.018723,0.07279,-0.058992,0.094288,0.193447,-0.157039,0.016167,0.336807,-0.589429,0.513138,0.623902,-0.308563,-0.856696,0.413273,0.747289,0.050446,0.662478,-0.01429,0.020157,0.017225,0.018156,-0.396903,0.216349,-1.404097,0.049497,0.052167,-0.012632,0.474591,-0.399969,0.784084,0.26357,0.914497,0.306961,-0.839818,0.06098,0.539432,-0.013797,0.009272,0.008594,-0.900643,-0.941601,-1.059973,-0.842704,0.080159,0.045277,-0.063253,0.282241,0.529875,-0.799731,0.046581,0.825072,0.563104,0.958211,-0.196183,0.208187,0.013525,0.003692,-0.00586,0.037108,-0.027464,0.052586,0.037538
3032,0.157808,0.016113,0.322936,-0.337703,-0.489171,-0.804185,-0.182215,-0.80424,0.565657,-0.923046,0.338163,0.183466,0.027539,0.013034,-0.00679,0.033252,0.06668,-0.088735,0.196792,-0.157565,0.016896,0.337378,-0.63322,0.4784,0.608406,-0.266467,-0.872693,0.409067,0.727433,0.096316,0.679285,-0.014118,0.017638,0.015112,-0.704676,-1.14967,-1.179078,-1.40404,0.049229,0.052545,-0.012335,0.520207,-0.369649,0.769898,0.224085,0.928971,0.294614,-0.824117,0.019263,0.56609,-0.013717,0.00832,0.007774,-2.981194,-2.854603,-3.926313,-0.843683,0.080678,0.045569,-0.063479,0.287162,0.525066,-0.80115,0.055126,0.825932,0.561067,0.956293,-0.205282,0.208232,0.013863,0.012656,-0.006912,0.074019,-0.074574,0.117783,0.045702
3033,0.158336,0.016477,0.322739,-0.336771,-0.488385,-0.805053,-0.18169,-0.805222,0.564427,-0.92349,0.336956,0.183448,0.027483,0.012775,-0.007022,0.037439,-0.044003,0.076457,0.198196,-0.157824,0.017273,0.337633,-0.660538,0.45682,0.595816,-0.241198,-0.880545,0.407919,0.711806,0.12517,0.691034,-0.015134,0.028179,0.006509,-2.986186,-2.753375,-3.784704,-1.403875,0.049094,0.052741,-0.012201,0.550428,-0.350232,0.757869,0.199793,0.936637,0.287739,-0.810624,-0.006962,0.585525,-0.00758,0.014026,0.003219,-3.007164,-2.723644,-3.767625,-0.848582,0.080953,0.045759,-0.063577,0.28642,0.524198,-0.801984,0.054452,0.826794,0.559862,0.956554,-0.204026,0.208267,0.01376,0.006484,-0.003443,0.037723,-0.044113,0.076436,0.046682
3034,0.159337,0.016858,0.32239,-0.33447,-0.486448,-0.807182,-0.181452,-0.807244,0.561608,-0.924375,0.334907,0.182742,0.013351,-0.003042,-0.002877,0.000369,0.001382,0.005656,0.202262,-0.158109,0.018073,0.33798,-0.718062,0.407539,0.564172,-0.188258,-0.894044,0.40642,0.670918,0.185119,0.717957,-0.001745,0.026645,0.004055,0.241932,-0.868615,-0.485509,-1.403794,0.048952,0.053132,-0.012028,0.612688,-0.306842,0.728327,0.146375,0.949667,0.276958,-0.776651,-0.06308,0.626764,-0.000871,0.01299,0.001782,-0.370387,-1.477281,-1.234585,-0.859033,0.081449,0.045959,-0.063744,0.284459,0.521952,-0.804144,0.053999,0.828741,0.557019,0.957165,-0.201872,0.207558,0.013543,0.00437,-0.005285,0.037651,-0.044034,0.076441,0.051417
3035,0.160366,0.016991,0.322022,-0.341016,-0.478682,-0.809084,-0.195816,-0.805625,0.559103,-0.919032,0.349685,0.18201,0.040498,0.006647,-0.012628,0.038438,-0.0586,0.106059,0.217823,-0.158096,0.019064,0.338093,-0.756624,0.366007,0.541802,-0.145516,-0.902021,0.406347,0.638383,0.228157,0.735034,-0.001688,0.025203,0.002878,-0.724475,-1.051744,-0.909854,-1.403584,0.048958,0.053627,-0.011971,0.655878,-0.269422,0.705149,0.105695,0.957712,0.267611,-0.74743,-0.100989,0.656618,-0.001378,0.017744,-0.002908,-2.826873,-2.601902,-3.765496,-0.867034,0.081953,0.046018,-0.063927,0.292126,0.515188,-0.805755,0.068548,0.82906,0.554941,0.953919,-0.217346,0.206875,0.013438,0.003264,-0.006254,0.037625,-0.027793,0.052838,0.06595
3036,0.161035,0.017075,0.32183,-0.342863,-0.475759,-0.810027,-0.200576,-0.805334,0.557835,-0.917315,0.35432,0.181706,0.0405,-0.004302,-0.004503,0.002953,-0.044144,0.08866,0.184676,-0.158134,0.019588,0.338061,-0.771996,0.352557,0.528882,-0.132753,-0.903051,0.408423,0.62256,0.244652,0.743255,-0.00153,0.021605,6.5e-05,-2.750792,-2.610852,-3.810852,-1.403717,0.048939,0.053896,-0.011982,0.671713,-0.26166,0.693061,0.096445,0.95847,0.268389,-0.734506,-0.113438,0.669053,-0.000758,0.010696,-4.7e-05,0.150823,-0.239042,0.124218,-0.871116,0.082302,0.046061,-0.064029,0.294338,0.512479,-0.806677,0.073331,0.829469,0.553716,0.952883,-0.222135,0.206564,0.020254,-0.002199,-0.002312,0.003622,-0.04441,0.088656,0.065297
3037,0.16276,0.016716,0.321627,-0.338182,-0.471575,-0.81443,-0.203415,-0.808332,0.552444,-0.918433,0.353076,0.178457,0.040193,-0.020035,-0.000591,-0.153968,-0.420452,0.759638,0.050914,-0.15825,0.020056,0.337955,-0.788806,0.330603,0.518148,-0.109301,-0.904926,0.411212,0.605815,0.267322,0.749259,-7.8e-05,0.00178,0.001381,-2.842392,-2.397223,-3.980518,-1.403628,0.04888,0.05414,-0.012033,0.690524,-0.241982,0.68163,0.072946,0.960871,0.267216,-0.719621,-0.134797,0.681157,-0.007123,0.00517,-0.003758,-0.008577,-0.160241,0.177885,-0.878301,0.083151,0.045895,-0.064125,0.290869,0.508227,-0.810616,0.075465,0.832423,0.548977,0.953781,-0.220854,0.203773,0.026927,-0.004511,-0.004477,-0.395803,-1.398325,2.468257,-0.0735
3038,0.164179,0.016088,0.321552,-0.326865,-0.46241,-0.824246,-0.205693,-0.816435,0.539533,-0.922027,0.346467,0.17278,0.040402,-0.006949,-0.006937,-0.100894,-0.406802,0.795996,0.014466,-0.158401,0.02066,0.337969,-0.824452,0.311327,0.472595,-0.087958,-0.895312,0.436593,0.560071,0.317994,0.764895,-0.002722,0.035862,-0.005603,-0.76866,-2.294143,1.925131,-1.404133,0.048805,0.054419,-0.012044,0.735036,-0.226023,0.639246,0.042594,0.956332,0.289161,-0.676689,-0.185316,0.712565,-0.001395,0.018257,-0.002553,-0.783745,-2.236481,1.925052,-0.8832,0.083875,0.045567,-0.064169,0.280949,0.496849,-0.821101,0.077077,0.841116,0.535333,0.956622,-0.21369,0.198015,0.020207,-0.003435,-0.003454,-0.129659,-0.470606,0.848644,-0.178659
3039,0.164977,0.015959,0.321407,-0.328461,-0.45937,-0.825311,-0.211009,-0.816017,0.538111,-0.920256,0.351463,0.17213,0.054013,-0.007804,-0.008014,0.000164,-0.04017,0.095289,0.009236,-0.158423,0.021402,0.33799,-0.846571,0.281458,0.451764,-0.058054,-0.892389,0.447443,0.530142,0.352215,0.771206,0.01007,0.044649,-5e-06,-0.684737,-1.110837,-0.79393,-1.404174,0.048791,0.054766,-0.012039,0.760386,-0.201703,0.617355,0.012709,0.95499,0.296363,-0.649345,-0.217504,0.728725,-0.001576,0.021836,0.000239,-2.553311,-2.967754,-3.797934,-0.883363,0.084274,0.045503,-0.06424,0.282754,0.494091,-0.822145,0.082633,0.841388,0.534075,0.955626,-0.218948,0.197078,0.027008,-0.003898,-0.004029,-0.003798,-0.044867,0.089169,-0.202663
3040,0.167678,0.016022,0.320838,-0.369985,-0.444829,-0.815649,-0.259509,-0.79352,0.550411,-0.891618,0.415862,0.179173,0.081243,0.00305,-0.017034,-0.15837,-0.323598,-0.290691,0.00878,-0.157742,0.023705,0.338128,-0.877937,0.218709,0.425893,-0.001906,-0.891012,0.453902,0.479845,0.397411,0.782097,0.022369,0.058728,0.009449,-2.257064,-2.858562,-3.833401,-1.403557,0.049127,0.055912,-0.011974,0.795883,-0.147569,0.58719,-0.040282,0.954787,0.294549,-0.604108,-0.25808,0.753954,0.017172,0.035897,0.00086,0.064972,-0.380508,0.442876,-0.874545,0.085593,0.045534,-0.064518,0.327344,0.483978,-0.811548,0.133059,0.826699,0.546683,0.935489,-0.286937,0.206217,0.040694,-0.004026,-0.004533,-0.220511,0.004275,-0.894839,-0.206908
3041,0.171442,0.015647,0.320367,-0.38566,-0.450856,-0.805009,-0.254959,-0.786456,0.562543,-0.886256,0.422752,0.189361,0.095153,-0.021894,-0.004066,-0.029403,-0.073018,0.164628,-0.07042,-0.156606,0.026118,0.338619,-0.89854,0.164498,0.406888,0.046895,-0.885656,0.461897,0.437467,0.433907,0.787535,0.034766,0.064611,0.012422,-2.178795,-2.820871,-3.983487,-1.403586,0.049676,0.057105,-0.01173,0.820525,-0.097638,0.563208,-0.090035,0.950928,0.296023,-0.564474,-0.293603,0.77147,0.01792,0.027298,0.010627,-0.210207,-0.683405,0.145271,-0.871933,0.087435,0.045362,-0.064752,0.340176,0.493944,-0.800186,0.129588,0.818192,0.560149,0.931389,-0.294244,0.21432,0.047572,-0.011053,-0.002179,-0.032385,0.034029,0.012456,-0.252303
3042,0.175216,0.014721,0.320614,-0.395696,-0.44982,-0.800707,-0.252203,-0.785126,0.565635,-0.882603,0.426316,0.198226,0.096327,-0.033781,0.020768,-0.042402,0.298097,-0.112161,-0.167944,-0.15452,0.028112,0.33962,-0.913758,0.108758,0.39142,0.099504,-0.874063,0.475444,0.394976,0.473251,0.787331,0.074967,0.049732,0.030089,-2.578432,-2.431721,-3.792694,-1.403702,0.050718,0.058132,-0.011225,0.840472,-0.043901,0.540071,-0.144229,0.942629,0.301076,-0.522305,-0.33094,0.785922,0.038073,0.019177,0.018928,-0.043854,-0.042227,0.055953,-0.873076,0.08932,0.044891,-0.064661,0.349734,0.494196,-0.795898,0.126842,0.816748,0.562879,0.928221,-0.297812,0.222959,0.048052,-0.011265,0.006376,0.071274,0.362204,-0.093938,-0.323987
3043,0.17687,0.014257,0.321008,-0.404873,-0.442391,-0.800258,-0.250579,-0.788014,0.562331,-0.878887,0.428747,0.209193,0.082745,-0.016761,0.01827,0.233699,0.630707,0.390472,-0.183142,-0.153003,0.029077,0.340241,-0.918337,0.089059,0.385638,0.118439,-0.867688,0.482724,0.378753,0.488866,0.78576,0.074415,0.05161,0.03119,-2.300228,-2.685313,-3.940369,-1.403847,0.051477,0.058614,-0.010914,0.84581,-0.02704,0.532797,-0.164289,0.936975,0.308359,-0.507556,-0.348347,0.788061,0.043662,0.026333,0.015375,-0.215759,-0.004277,0.431541,-0.875689,0.090189,0.044642,-0.064461,0.358653,0.489485,-0.79484,0.125133,0.818593,0.560576,0.925045,-0.300513,0.23234,0.041491,-0.013891,0.013127,0.23075,0.726819,0.433408,-0.349134
3044,0.180061,0.012926,0.322454,-0.429615,-0.418795,-0.800055,-0.247737,-0.797329,0.550331,-0.867853,0.435151,0.239794,0.070253,-0.04329,0.048649,0.193333,0.799341,0.410027,-0.204007,-0.150058,0.030957,0.341438,-0.925498,0.047133,0.375797,0.160037,-0.850424,0.5011,0.344364,0.523847,0.779013,0.061126,0.045424,0.027286,-2.327512,-2.721818,-3.943726,-1.403505,0.052976,0.059588,-0.010293,0.856019,0.015987,0.516696,-0.211971,0.922483,0.322633,-0.471486,-0.385704,0.793052,0.030493,0.022544,0.013495,-2.309882,-2.726652,-3.94676,-0.876015,0.09179,0.043988,-0.063748,0.387193,0.468656,-0.794003,0.12073,0.82799,0.54759,0.914059,-0.307884,0.264011,0.035118,-0.02154,0.024364,0.337896,0.927618,0.701256,-0.375751
3045,0.182764,0.010733,0.324987,-0.465637,-0.380766,-0.798902,-0.24091,-0.814107,0.52836,-0.850999,0.438957,0.288347,0.057924,-0.068808,0.080175,0.408912,1.566374,0.565552,-0.221148,-0.14734,0.032142,0.342571,-0.926859,-0.039165,0.373349,0.243539,-0.819334,0.518955,0.286733,0.571969,0.768439,0.074113,0.036791,0.019581,-1.142518,-0.596709,-0.747528,-1.403719,0.054278,0.060165,-0.009738,0.860221,0.098558,0.500304,-0.294951,0.896524,0.330525,-0.41596,-0.43189,0.800279,0.031342,0.01186,0.013618,-0.30767,-0.30827,-0.153805,-0.879934,0.093125,0.042925,-0.062524,0.425475,0.438122,-0.791845,0.112446,0.842621,0.526635,0.897956,-0.31311,0.309249,0.035804,-0.034072,0.040078,0.356222,1.380547,0.722818,-0.394692
3046,0.183786,0.009299,0.326767,-0.489048,-0.35809,-0.795392,-0.234424,-0.824367,0.515204,-0.839582,0.43886,0.320206,0.044768,-0.073509,0.094428,0.536803,1.884602,0.686503,-0.230451,-0.145933,0.032831,0.342969,-0.92753,-0.070848,0.366961,0.269588,-0.806586,0.525999,0.259881,0.586893,0.766734,0.07366,0.038841,0.020909,-0.810053,-0.869649,-0.936015,-1.403433,0.055039,0.060523,-0.009529,0.862496,0.131877,0.488576,-0.326082,0.883132,0.337265,-0.387,-0.450206,0.804701,0.03684,0.019306,0.010315,-0.769207,-0.91384,-0.957624,-0.880587,0.093646,0.042212,-0.061651,0.451526,0.419112,-0.787698,0.104734,0.851816,0.513263,0.886089,-0.31425,0.340722,0.022355,-0.036731,0.047201,0.513609,1.873978,0.681617,-0.401714
3047,0.185218,0.006206,0.331,-0.547051,-0.296778,-0.782754,-0.23107,-0.845205,0.481879,-0.803922,0.444848,0.394773,0.032031,-0.085598,0.120158,0.824865,0.571348,3.017736,-0.298596,-0.143329,0.034673,0.343729,-0.922604,-0.142021,0.35864,0.329559,-0.773022,0.541998,0.201418,0.618417,0.75951,0.071344,0.053842,0.015341,-0.725226,-0.911561,-0.8976,-1.402769,0.056314,0.061419,-0.009158,0.860741,0.199544,0.4683,-0.38781,0.852973,0.349343,-0.329738,-0.482306,0.811574,0.029858,0.021216,0.012085,-2.172119,-2.898695,-4.043118,-0.879118,0.094385,0.040641,-0.059505,0.520797,0.366489,-0.771009,0.097782,0.871606,0.480355,0.848061,-0.325558,0.418094,0.015984,-0.042186,0.06059,0.774222,2.522097,0.783963,-0.432249
3048,0.185804,0.003109,0.335919,-0.607391,-0.228631,-0.760822,-0.223137,-0.870057,0.439525,-0.761696,0.437011,0.478401,-0.009152,-0.076233,0.12981,0.723668,2.238698,0.711503,-0.37092,-0.141019,0.03643,0.344477,-0.908552,-0.217701,0.356553,0.393829,-0.730529,0.557818,0.140174,0.647496,0.748975,0.059636,0.039478,0.021895,-0.503281,-0.090774,-0.148198,-1.402899,0.057496,0.06232,-0.008777,0.849002,0.275406,0.450939,-0.455882,0.813269,0.361613,-0.267145,-0.512585,0.81602,0.029847,0.019581,0.010797,-0.504121,-0.08211,-0.149972,-0.872913,0.094694,0.039091,-0.057047,0.587946,0.305713,-0.748904,0.088791,0.895845,0.435404,0.804011,-0.32249,0.499564,0.002272,-0.037448,0.065216,0.942259,2.575366,1.003225,-0.495769
3049,0.185771,0.001587,0.338587,-0.642227,-0.19132,-0.742285,-0.220191,-0.881511,0.417643,-0.733442,0.431899,0.524932,-0.009137,-0.073915,0.131751,0.955003,2.609259,0.875435,-0.365741,-0.140104,0.037088,0.344906,-0.89756,-0.261023,0.355309,0.428243,-0.707031,0.562716,0.105458,0.657552,0.7459,0.048536,0.023914,0.027799,-2.113977,-3.246201,-4.032654,-1.402887,0.057935,0.062644,-0.00857,0.840799,0.312122,0.442308,-0.48687,0.793201,0.365773,-0.236674,-0.522888,0.818885,0.017311,0.016733,0.009895,-0.189042,-0.273192,-0.393298,-0.872749,0.094681,0.038361,-0.055759,0.62463,0.276269,-0.730418,0.085241,0.905621,0.415432,0.776253,-0.321753,0.542129,-0.004627,-0.036159,0.066555,0.68142,2.311364,0.5237,-0.510302
3050,0.185227,-0.001177,0.343607,-0.671959,-0.115945,-0.731487,-0.229708,-0.906346,0.354604,-0.703263,0.406447,0.583309,-0.023332,-0.063655,0.123212,1.451676,0.014815,2.825806,-0.281404,-0.138516,0.038111,0.345754,-0.869114,-0.344623,0.354778,0.492998,-0.659429,0.567487,0.039472,0.668542,0.742534,0.048665,0.020266,0.025087,-2.050678,-3.125191,-4.112351,-1.402525,0.058746,0.063164,-0.008136,0.814082,0.39851,0.422444,-0.555802,0.745535,0.367777,-0.168384,-0.534196,0.82842,0.024253,0.010002,0.012365,-2.021416,-3.135043,-4.117852,-0.87128,0.094411,0.03696,-0.053187,0.669254,0.203709,-0.714563,0.091972,0.931577,0.351716,0.737319,-0.301107,0.604726,-0.011557,-0.037298,0.065855,0.64878,1.917019,0.710645,-0.475031
3051,0.184487,-0.003735,0.348043,-0.693061,-0.057203,-0.718637,-0.239871,-0.921756,0.304631,-0.678976,0.383574,0.62601,-0.010075,-0.06399,0.105038,0.448577,1.227744,0.747778,-0.270824,-0.137273,0.039054,0.346396,-0.846638,-0.397952,0.353312,0.532016,-0.625761,0.570365,-0.004826,0.671354,0.741029,0.022696,0.022654,0.013233,-0.582314,-1.006808,-1.122775,-1.402078,0.059359,0.063631,-0.007818,0.793465,0.450931,0.408746,-0.595735,0.712883,0.369994,-0.124547,-0.537082,0.834284,0.011272,0.011158,0.006408,-1.951722,-3.116445,-4.163303,-0.868177,0.094032,0.035672,-0.050911,0.696646,0.146739,-0.702247,0.102607,0.948415,0.299966,0.710039,-0.281025,0.645653,-0.005119,-0.032552,0.052079,0.315377,1.073755,0.665503,-0.449558
3052,0.183747,-0.005991,0.351527,-0.704748,-0.02984,-0.708862,-0.24872,-0.925325,0.286154,-0.663594,0.378006,0.645586,-0.024827,-0.054143,0.07887,-0.032923,0.340396,0.215989,-0.275391,-0.136882,0.039449,0.346743,-0.822461,-0.446069,0.352948,0.566772,-0.591744,0.573186,-0.045792,0.672018,0.739026,-0.000648,0.005469,0.003723,-0.016137,-0.025403,-0.03289,-1.402462,0.059558,0.063844,-0.007635,0.770353,0.499624,0.396146,-0.632239,0.679066,0.373017,-0.082642,-0.537814,0.839002,-0.000275,0.00236,0.001602,-0.167166,-0.289005,-0.371926,-0.870137,0.093675,0.034589,-0.049224,0.712218,0.120779,-0.691489,0.11135,0.953174,0.281174,0.69307,-0.277255,0.665419,-0.012656,-0.021838,0.034971,0.057669,0.411301,0.310364,-0.447109
3053,0.183366,-0.006899,0.352803,-0.706684,-0.025198,-0.707113,-0.25188,-0.924945,0.284613,-0.660337,0.379265,0.648182,-0.025644,-0.037977,0.057205,-0.095957,0.108042,0.112307,-0.266305,-0.136806,0.039605,0.346771,-0.814673,-0.464186,0.347606,0.575937,-0.578687,0.577367,-0.065827,0.671141,0.738309,-0.000618,0.005199,0.003536,-1.931196,-3.197505,-4.049337,-1.402353,0.059601,0.063916,-0.007626,0.76641,0.511868,0.38808,-0.638896,0.670024,0.377993,-0.066541,-0.53764,0.840544,-0.000211,0.001827,0.001241,0.0167,0.009694,-0.003335,-0.873402,0.09348,0.034109,-0.048548,0.714777,0.116289,-0.689614,0.114875,0.953161,0.279796,0.689852,-0.279211,0.66794,-0.005786,-0.024314,0.032768,-0.167995,0.037084,0.124342,-0.444986
3054,0.182373,-0.008298,0.354738,-0.703478,-0.022923,-0.710379,-0.257075,-0.923609,0.284307,-0.661759,0.382648,0.644735,-0.026488,-0.022758,0.034754,-0.10305,-0.031477,0.058767,-0.257984,-0.136701,0.039984,0.346828,-0.787291,-0.511142,0.344815,0.606055,-0.539351,0.584578,-0.111836,0.669845,0.733936,-0.00073,0.006121,0.004155,-0.128231,-0.032559,-0.069556,-1.401983,0.059655,0.064095,-0.007604,0.738431,0.562335,0.372152,-0.674127,0.629084,0.387046,-0.016465,-0.536685,0.843621,0.005815,0.004322,0.002381,-0.229298,-0.274347,-0.280623,-0.877322,0.092983,0.033397,-0.047578,0.711453,0.114183,-0.693394,0.120258,0.952373,0.28022,0.692367,-0.282749,0.663837,-0.013107,-0.016317,0.022111,-0.143514,0.043156,-0.096746,-0.436005
3055,0.180975,-0.009101,0.355811,-0.696759,-0.020753,-0.717036,-0.261806,-0.923277,0.281051,-0.666994,0.383569,0.638766,-0.027315,-0.007849,0.011998,-0.032128,-0.052418,0.097376,-0.24573,-0.136488,0.040189,0.347063,-0.758818,-0.555956,0.339263,0.632066,-0.503463,0.589026,-0.155711,0.662092,0.732974,0.011798,0.006995,0.003623,-0.012355,-0.056122,0.021349,-1.401769,0.059756,0.0642,-0.007491,0.712311,0.60554,0.354871,-0.701342,0.594604,0.393147,0.027058,-0.528929,0.848234,0.006644,-0.002239,0.005691,-0.185858,-0.319467,-0.337764,-0.876342,0.092284,0.032989,-0.047034,0.70519,0.111337,-0.700222,0.124867,0.952655,0.277228,0.697936,-0.282933,0.6579,-0.020452,-0.009332,0.010603,-0.062475,-0.016508,0.043145,-0.4298
3056,0.180235,-0.009358,0.356074,-0.695818,-0.019668,-0.71798,-0.263424,-0.922983,0.280502,-0.66734,0.384331,0.637945,-0.041254,-0.010447,0.010388,-0.032823,-0.037004,0.068171,-0.239502,-0.13631,0.040136,0.347163,-0.746422,-0.574209,0.336347,0.642072,-0.489026,0.590366,-0.173572,0.657336,0.733243,0.012316,0.00268,0.0007,-0.165283,-0.308849,-0.335472,-1.401269,0.059845,0.064179,-0.007431,0.70114,0.622807,0.34715,-0.711633,0.580855,0.395202,0.04449,-0.524135,0.850471,0.006173,0.001206,0.000253,-0.557676,-1.028043,-1.187159,-0.877485,0.091919,0.03286,-0.046904,0.704479,0.110155,-0.701123,0.126429,0.952602,0.2767,0.698372,-0.283572,0.657162,-0.020654,-0.005566,0.004943,-0.02952,-0.036492,0.065253,-0.425554
3057,0.178635,-0.009497,0.356148,-0.693678,-0.017234,-0.720111,-0.265892,-0.922989,0.278147,-0.668589,0.384432,0.636576,-0.041631,-0.001622,5.4e-05,0.002905,-0.04772,0.087649,-0.250048,-0.135609,0.039996,0.347147,-0.741263,-0.58119,0.335765,0.645666,-0.481164,0.5929,-0.182097,0.657011,0.731464,0.025311,-8.8e-05,-0.002299,-0.307257,0.204249,0.234936,-1.402352,0.060191,0.064107,-0.00744,0.695333,0.63099,0.344037,-0.716716,0.573392,0.39691,0.053178,-0.522562,0.85094,0.012709,-0.000487,-0.001457,-0.571034,0.374139,0.284734,-0.882384,0.091119,0.032781,-0.046868,0.702754,0.107534,-0.703257,0.12881,0.95294,0.274431,0.699673,-0.283444,0.655832,-0.020975,0.004119,-0.004685,0.040608,-0.05932,0.105272,-0.422288
3058,0.177216,-0.0095,0.356062,-0.691638,-0.014929,-0.722122,-0.26788,-0.923183,0.275584,-0.669909,0.384059,0.635412,-0.027845,-0.003289,-0.001744,0.003029,-0.049163,0.091635,-0.26721,-0.134342,0.040335,0.347258,-0.722931,-0.60518,0.333347,0.658931,-0.45919,0.595725,-0.206541,0.651075,0.730278,0.0486,0.015738,0.006164,-0.051713,-0.030936,0.175024,-1.402176,0.060818,0.06425,-0.007401,0.678805,0.653158,0.33557,-0.730161,0.551805,0.402958,0.078026,-0.51855,0.851479,0.018035,0.007451,0.003347,-0.046919,-0.01066,0.146743,-0.885976,0.090404,0.032779,-0.046911,0.701095,0.105019,-0.70529,0.13073,0.953399,0.271915,0.70098,-0.282841,0.654695,-0.013907,-0.001249,-0.000532,0.005233,-0.062984,0.115975,-0.434535
3059,0.176246,-0.009694,0.356043,-0.689675,-0.012686,-0.724039,-0.27011,-0.923184,0.273392,-0.671036,0.384133,0.634176,-0.027609,-0.01375,0.007232,-0.031858,-0.05138,0.097894,-0.268193,-0.132695,0.041015,0.347573,-0.701311,-0.628495,0.336376,0.673654,-0.430348,0.60077,-0.231939,0.648711,0.724736,0.035638,0.017229,0.00825,-0.095422,-0.003511,0.115999,-1.402149,0.061645,0.064597,-0.007239,0.657636,0.676532,0.331388,-0.746115,0.524173,0.410552,0.104047,-0.517247,0.849486,0.023969,0.009947,0.004443,-0.103758,-0.040734,0.036881,-0.887609,0.089918,0.032682,-0.046926,0.699507,0.102558,-0.707228,0.132913,0.953709,0.269763,0.702156,-0.282701,0.653495,-0.007011,-0.001953,-0.001322,0.004939,-0.064184,0.120386,-0.437964
3060,0.175829,-0.009809,0.356069,-0.690252,-0.009902,-0.723533,-0.2709,-0.923656,0.271006,-0.670125,0.383074,0.635778,-0.027838,-0.002232,-0.000931,0.168093,0.227549,0.262597,-0.269946,-0.131673,0.041451,0.347815,-0.698066,-0.63344,0.333838,0.673648,-0.42331,0.605756,-0.241513,0.648536,0.721758,0.05959,0.026316,0.012083,-0.690249,-1.000126,-0.917946,-1.402213,0.062131,0.064795,-0.007128,0.658222,0.677177,0.328898,-0.744744,0.521892,0.415914,0.109999,-0.518709,0.847845,0.029794,0.013223,0.006061,-0.21224,0.060317,0.317003,-0.883363,0.08971,0.032618,-0.046912,0.6997,0.100844,-0.707282,0.133687,0.95402,0.268277,0.701816,-0.282269,0.654046,-0.006993,-0.001434,-0.000913,0.306053,0.412069,0.377517,-0.438781
3061,0.175356,-0.010148,0.356321,-0.688772,-0.016496,-0.724822,-0.262074,-0.926478,0.270051,-0.675134,0.375975,0.634715,-0.013387,-0.021042,0.018323,-0.056828,-0.058295,0.099804,-0.272335,-0.129472,0.042628,0.348553,-0.691075,-0.63858,0.33856,0.67781,-0.410262,0.610076,-0.249813,0.651882,0.715895,0.059268,0.026082,0.027201,-0.090569,-0.002307,0.193143,-1.402196,0.063272,0.0654,-0.006752,0.647595,0.686654,0.330341,-0.752004,0.505995,0.422442,0.12292,-0.52199,0.844047,0.029565,0.013533,0.013898,-0.040931,-0.028268,0.188193,-0.880097,0.089463,0.032446,-0.046788,0.698076,0.106183,-0.708106,0.124571,0.955851,0.266139,0.705103,-0.273994,0.654029,-0.006693,-0.010423,0.009251,-0.058626,-0.060954,0.098036,-0.44123
