frame,MLTx,MLTy,MLTz,MLTR1,MLTR2,MLTR3,MLTR4,MLTR5,MLTR6,MLTR7,MLTR8,MLTR9,MLTTVx,MLTTVy,MLTTVz,MLTRVx,MLTRVy,MLTRVz,MLGA,MRTx,MRTy,MRTz,MRTR1,MRTR2,MRTR3,MRTR4,MRTR5,MRTR6,MRTR7,MRTR8,MRTR9,MRTTVx,MRTTVy,MRTTVz,MRTRVx,MRTRVy,MRTRVz,MRGA,SLTx,SLTy,SLTz,SLTR1,SLTR2,SLTR3,SLTR4,SLTR5,SLTR6,SLTR7,SLTR8,SLTR9,SLTTVx,SLTTVy,SLTTVz,SLTRVx,SLTRVy,SLTRVz,SLGA,SRTx,SRTy,SRTz,SRTR1,SRTR2,SRTR3,SRTR4,SRTR5,SRTR6,SRTR7,SRTR8,SRTR9,SRTTVx,SRTTVy,SRTTVz,SRTRVx,SRTRVy,SRTRVz,SRGA
83,0.151264,-0.043212,0.312471,-0.240062,0.193762,-0.951247,-0.780588,-0.621041,0.070437,-0.576825,0.759199,0.301522,-5.5e-05,-0.00044,-0.000526,0.012775,-0.000946,-0.004049,0.372785,-0.219243,-0.046048,0.335379,-0.443503,0.733963,0.514388,-0.651928,-0.657926,0.376904,0.615617,-0.169098,0.769601,0.001116,0.019276,0.000403,0.257846,-0.345142,-0.134528,-0.065037,0.018055,0.021912,-0.012508,0.396453,-0.738136,0.545874,0.651179,0.64523,0.399553,-0.647139,0.197058,0.736462,0.000592,0.009878,0.000465,0.328662,-0.575353,-0.051078,-0.154924,0.075596,0.017335,-0.06886,0.321222,-0.136867,-0.937061,0.697499,0.703494,0.136349,0.640555,-0.697397,0.321442,-4e-05,-0.000318,-0.000382,0.143247,-0.010175,-0.045081,0.308763
84,0.151252,-0.043204,0.312465,-0.240213,0.193731,-0.951216,-0.780542,-0.621085,0.070562,-0.576825,0.759171,0.301593,3.6e-05,0.010753,-0.008697,0.035586,-0.013024,0.018317,0.372037,-0.219327,-0.045751,0.335412,-0.470481,0.718118,0.512782,-0.635008,-0.678945,0.368418,0.613306,-0.153179,0.774761,0.00083,0.017507,-0.001504,-2.629797,-2.270616,-4.375522,-0.185108,0.018015,0.022072,-0.012487,0.419967,-0.725703,0.54496,0.639149,0.662811,0.390088,-0.644294,0.184487,0.742191,-0.007191,0.008999,-0.000187,0.224543,-0.282777,0.015257,-0.249306,0.07559,0.017334,-0.06886,0.321385,-0.136803,-0.937014,0.697424,0.70354,0.136493,0.640554,-0.697363,0.321517,2e-06,1.7e-05,2e-05,-0.000335,-5.1e-05,9.8e-05,0.307131
85,0.151228,-0.0432,0.312453,-0.240659,0.196553,-0.950524,-0.780666,-0.621086,0.069167,-0.576471,0.758441,0.304097,-1.2e-05,-9.8e-05,-0.000118,4.4e-05,0.000345,0.000187,0.366718,-0.219735,-0.044851,0.334965,-0.524857,0.680585,0.511194,-0.594941,-0.722738,0.351608,0.609415,-0.120432,0.783564,-0.000226,0.0234,-0.015437,-0.003745,-0.445848,-0.487295,-0.561622,0.017812,0.022522,-0.012703,0.47902,-0.687316,0.546019,0.5974,0.711012,0.37091,-0.643158,0.148519,0.751191,-0.007946,0.016642,-0.012249,-0.508083,-0.966266,-1.351339,-0.527063,0.075578,0.01734,-0.068869,0.322107,-0.139649,-0.936346,0.697639,0.703605,0.135053,0.639957,-0.696733,0.324061,-4e-06,-4.2e-05,-5e-05,-0.002091,-0.00624,-0.003044,0.301089
86,0.151157,-0.043221,0.312444,-0.240736,0.196534,-0.950508,-0.780665,-0.621079,0.069245,-0.57644,0.758452,0.304128,-2.9e-05,-0.000231,-0.000276,0.0,0.0,0.0,0.362848,-0.219873,-0.043361,0.333756,-0.601518,0.618769,0.505264,-0.520479,-0.783288,0.339845,0.606805,-0.059324,0.792547,-0.001229,0.042036,-0.035952,-0.673549,-0.6911,-1.317986,-1.101254,0.017742,0.023259,-0.013301,0.557459,-0.628279,0.542681,0.526197,0.772995,0.354394,-0.642149,0.087997,0.761511,-0.008115,0.021327,-0.017387,-2.741122,-1.98799,-4.483114,-0.819843,0.075542,0.01733,-0.068874,0.322163,-0.139561,-0.93634,0.697638,0.703584,0.135165,0.63993,-0.696772,0.324031,-1.5e-05,-0.00013,-0.000155,-7.8e-05,-0.000105,-6.6e-05,0.295863
87,0.15112,-0.043223,0.312426,-0.240833,0.196511,-0.950488,-0.78063,-0.621114,0.069324,-0.576447,0.758429,0.304172,-6.5e-05,-0.000522,-0.000625,0.0,0.0,0.0,0.361673,-0.220107,-0.042441,0.332958,-0.636903,0.580656,0.507133,-0.474859,-0.813599,0.335409,0.608156,-0.027914,0.79324,-0.016854,0.051918,-0.045018,-0.079154,-0.219937,-0.349207,-1.363919,0.017631,0.023716,-0.013695,0.594331,-0.590389,0.546087,0.48042,0.805192,0.347651,-0.644955,0.055731,0.762185,-0.008468,0.025632,-0.022842,-0.701,-0.608518,-1.300756,-0.9348,0.075524,0.01733,-0.068882,0.322254,-0.139527,-0.936313,0.697594,0.703612,0.135243,0.639932,-0.69675,0.324075,-0.00779,8.2e-05,7.1e-05,-0.001015,0.014712,-0.029541,0.294231
88,0.151141,-0.043147,0.312306,-0.240676,0.196517,-0.950527,-0.780462,-0.621351,0.069097,-0.576741,0.758234,0.304104,-0.000234,-0.001869,-0.002238,-0.000775,0.013845,-0.025264,0.358835,-0.220469,-0.040027,0.330911,-0.728078,0.477185,0.492126,-0.342775,-0.875066,0.341612,0.594564,0.079441,0.800029,0.013364,0.075245,-0.061625,-0.867556,-0.924474,-1.554602,-1.406109,0.017437,0.024905,-0.014724,0.688062,-0.491046,0.534269,0.35135,0.869645,0.346799,-0.634918,-0.050904,0.770899,0.006703,0.037154,-0.031295,-3.510787,-2.800867,-5.613802,-0.920757,0.075535,0.017371,-0.068938,0.322082,-0.139556,-0.936368,0.697421,0.703832,0.134993,0.640207,-0.696522,0.324021,-4.8e-05,0.004824,-0.00501,0.035572,-0.013028,0.018329,0.290965
89,0.151232,-0.042972,0.311918,-0.239899,0.193691,-0.951303,-0.779819,-0.622063,0.069943,-0.577933,0.758381,0.301462,-0.000558,0.006004,-0.014392,0.03386,-0.006735,-0.011067,0.33571,-0.219803,-0.03668,0.328002,-0.798332,0.362173,0.481131,-0.198245,-0.912365,0.358082,0.569651,0.190039,0.799529,0.02681,0.090457,-0.086264,-3.046127,-1.698159,-4.31203,-1.406965,0.017767,0.026585,-0.016154,0.761668,-0.380291,0.524633,0.210382,0.910935,0.354874,-0.612862,-0.159923,0.773837,0.005969,0.045852,-0.042178,-1.239342,0.108465,-0.841364,-0.946557,0.075581,0.017458,-0.069125,0.320984,-0.136566,-0.937186,0.696663,0.704396,0.135962,0.641582,-0.696545,0.32124,-0.000257,0.003143,-0.007029,0.041235,0.016211,0.000294,0.273819
90,0.151417,-0.042506,0.311084,-0.238765,0.190844,-0.952164,-0.778489,-0.623704,0.070148,-0.580192,0.757758,0.298675,0.014785,0.014455,-0.025816,0.063565,-0.089353,0.006692,0.312211,-0.218793,-0.033611,0.324754,-0.832887,0.268994,0.483667,-0.061876,-0.913603,0.401789,0.550997,0.304384,0.776927,0.026622,0.065479,-0.072519,-3.87114,-2.082897,-3.21239,-1.406644,0.018255,0.028103,-0.017758,0.798242,-0.28683,0.529656,0.071779,0.91837,0.389156,-0.598043,-0.272623,0.753671,0.01321,0.037802,-0.040928,-3.505901,-1.49883,-3.718508,-0.967784,0.075668,0.017681,-0.06953,0.319641,-0.133883,-0.938032,0.695215,0.705786,0.136164,0.643821,-0.695657,0.318676,-0.000305,0.013169,-0.016602,0.100214,-0.09736,-0.010634,0.239692
91,0.151476,-0.042122,0.310556,-0.238194,0.187925,-0.952887,-0.777427,-0.624927,0.071032,-0.581848,0.757483,0.29614,-0.000621,0.026484,-0.033037,0.093924,0.016959,-0.174041,0.30739,-0.218096,-0.032356,0.323415,-0.849729,0.213708,0.481956,0.011361,-0.906403,0.422183,0.528129,0.36395,0.767127,0.042343,0.057599,-0.061345,-3.442904,-2.029345,-3.664128,-1.406274,0.018596,0.028727,-0.018445,0.817057,-0.234396,0.526759,-0.001539,0.91274,0.408535,-0.576554,-0.334607,0.7454,0.02105,0.033863,-0.035271,-3.805393,-2.629463,-4.859551,-0.97399,0.075702,0.017872,-0.069803,0.318583,-0.130883,-0.938815,0.693975,0.706853,0.136953,0.64568,-0.695145,0.316021,-0.000301,0.007953,-0.012067,0.073555,-0.041132,-0.006192,0.225812
92,0.151545,-0.041048,0.309188,-0.237233,0.176124,-0.955378,-0.774141,-0.628371,0.076334,-0.5866,0.757486,0.286606,0.014738,0.024723,-0.035125,0.081378,-0.104229,-0.203993,0.307169,-0.215679,-0.030219,0.321401,-0.87951,0.0614,0.471894,0.176197,-0.878996,0.443006,0.44309,0.472698,0.761638,0.073574,0.054561,-0.045728,-2.938247,-2.81303,-3.93946,-1.405797,0.019807,0.029808,-0.019491,0.852,-0.084279,0.516712,-0.168193,0.890577,0.422591,-0.495788,-0.446955,0.744597,0.036827,0.027299,-0.022909,-1.089258,-1.011985,-0.92148,-0.979868,0.07573,0.01841,-0.070486,0.316395,-0.119028,-0.94113,0.690019,0.70968,0.142219,0.650973,-0.694396,0.306671,-0.000328,0.018161,-0.021422,0.131975,-0.18578,-0.036004,0.214218
93,0.151568,-0.039612,0.307539,-0.237059,0.151095,-0.959697,-0.765499,-0.637272,0.088702,-0.597899,0.755484,0.26793,-0.0005,0.048497,-0.049832,0.135031,-0.259467,-0.246037,0.324724,-0.212528,-0.028432,0.32008,-0.883849,-0.077111,0.461363,0.30698,-0.839635,0.448007,0.353933,0.537695,0.765166,0.074614,0.038644,-0.022628,-3.230933,-3.362194,-5.313149,-1.405477,0.02141,0.030724,-0.020166,0.861726,0.057073,0.504152,-0.303175,0.854672,0.42145,-0.406832,-0.516021,0.753796,0.037258,0.019641,-0.01092,-3.214647,-3.406023,-5.322344,-0.959457,0.075747,0.019115,-0.071308,0.313538,-0.093703,-0.94494,0.679684,0.717066,0.154417,0.663116,-0.690677,0.288516,-0.000317,0.018245,-0.021328,0.119612,-0.31551,-0.110736,0.225159
94,0.151545,-0.038828,0.30665,-0.239759,0.131493,-0.96191,-0.758409,-0.64389,0.100961,-0.605799,0.753562,0.255303,-0.000705,0.036353,-0.042832,0.003544,-0.94976,-0.697396,0.333973,-0.210787,-0.027837,0.31977,-0.87621,-0.143138,0.460173,0.367778,-0.815458,0.446881,0.31238,0.560981,0.76654,0.090106,0.01726,-0.006058,-2.756265,-2.73354,-4.609999,-1.405332,0.022214,0.031008,-0.020309,0.856765,0.118731,0.501852,-0.360194,0.834205,0.417565,-0.36907,-0.53852,0.757484,0.045075,0.009157,-0.002466,-2.751059,-2.854808,-4.406053,-0.94525,0.075736,0.019528,-0.071769,0.314957,-0.076718,-0.945999,0.671214,0.722697,0.164862,0.671024,-0.686892,0.279113,-0.000321,0.018135,-0.021465,0.006726,-0.948035,-0.691941,0.237242
95,0.151466,-0.037388,0.304842,-0.242058,0.102752,-0.964829,-0.74881,-0.65211,0.118359,-0.61672,0.750993,0.235993,-0.001139,0.032887,-0.047076,0.063877,-0.454652,-0.453763,0.347246,-0.206854,-0.027175,0.319502,-0.844939,-0.282733,0.454017,0.490864,-0.746735,0.448746,0.21321,0.602376,0.769122,0.119595,0.017602,-0.007677,-2.70294,-2.873919,-4.394927,-1.404852,0.024204,0.031354,-0.020443,0.830543,0.260575,0.492236,-0.486746,0.769145,0.414117,-0.270692,-0.583537,0.765642,0.052463,0.00938,-0.002918,-0.788807,-0.856059,-1.338714,-0.936269,0.075697,0.020253,-0.072667,0.313453,-0.045355,-0.948519,0.6594,0.729168,0.183043,0.683329,-0.682829,0.258467,-0.000555,0.016306,-0.023703,0.06802,-0.449037,-0.446558,0.258307
96,0.151244,-0.036245,0.303047,-0.244235,0.069545,-0.967243,-0.735327,-0.663511,0.137914,-0.631889,0.744835,0.214396,-0.016681,0.022323,-0.03829,-0.015001,-0.730348,-0.648282,0.35808,-0.202017,-0.026715,0.319263,-0.820895,-0.362163,0.441544,0.5507,-0.706275,0.444791,0.151789,0.608737,0.778629,0.119053,0.001221,-0.005649,0.292579,-0.341761,-0.14429,-1.40431,0.02658,0.031603,-0.020547,0.808035,0.344388,0.47799,-0.551695,0.726948,0.408873,-0.206663,-0.594089,0.777397,0.059616,0.001016,-0.002473,0.344666,-0.458554,-0.214072,-0.928595,0.075592,0.020804,-0.073541,0.312563,-0.014604,-0.949784,0.643733,0.738519,0.200489,0.698506,-0.674073,0.240235,-0.000594,0.016004,-0.0241,0.090323,-0.331634,-0.348044,0.272676
97,0.150993,-0.035421,0.301629,-0.25092,0.042748,-0.967087,-0.718263,-0.677958,0.156338,-0.648657,0.733796,0.202023,-0.016543,0.012949,-0.027974,1.588669,-0.834843,-0.692158,0.377556,-0.19804,-0.027013,0.319046,-0.803402,-0.403658,0.437718,0.583163,-0.68135,0.442287,0.120709,0.611099,0.782209,0.104281,-0.01377,-0.001092,0.005541,-0.166681,0.118069,-1.403758,0.028658,0.031452,-0.020663,0.791759,0.387933,0.47183,-0.585099,0.703495,0.403426,-0.175428,-0.595484,0.783978,0.052143,-0.007142,-0.000892,-0.0364,-0.130746,0.132854,-0.922716,0.075466,0.021224,-0.074273,0.315931,0.013259,-0.948689,0.625023,0.749368,0.218618,0.713815,-0.662021,0.228462,-0.000535,0.011223,-0.018844,5.379388,-1.372586,-1.627069,0.293904
98,0.150835,-0.035146,0.301063,-0.251856,0.031973,-0.96726,-0.712356,-0.682638,0.162865,-0.654775,0.730011,0.195908,-0.016487,0.013408,-0.027435,-0.002349,-0.479981,-0.302014,0.389252,-0.196204,-0.027129,0.319045,-0.781163,-0.450817,0.431903,0.618494,-0.652363,0.437976,0.085286,0.609823,0.787849,0.089827,-0.00951,0.004194,-0.45149,-1.159045,-1.397878,-1.403687,0.029541,0.031389,-0.020675,0.772186,0.43294,0.465071,-0.619382,0.676176,0.398937,-0.141754,-0.596111,0.790289,0.051948,0.001051,-0.002407,-1.956491,-3.084484,-4.547996,-0.922879,0.075387,0.021361,-0.074556,0.315521,0.024929,-0.94859,0.616815,0.754266,0.224988,0.721099,-0.656094,0.22261,-0.000558,0.000671,-0.010145,-0.097497,-0.56572,-0.601576,0.309253
99,0.150379,-0.035029,0.300348,-0.254376,0.01478,-0.967016,-0.697714,-0.695189,0.172855,-0.669396,0.71865,0.188357,-0.016415,-0.006761,-0.008469,-0.019318,-0.084563,-0.121576,0.403499,-0.192418,-0.026995,0.3189,-0.762066,-0.500517,0.410767,0.645826,-0.631721,0.428684,0.045878,0.592596,0.804107,0.089287,0.002558,-0.003413,0.329531,-0.426403,-0.039617,-1.371499,0.031401,0.031452,-0.020742,0.754649,0.484667,0.442268,-0.648195,0.655198,0.388017,-0.101714,-0.579493,0.808604,0.051837,0.007243,-0.005978,0.575591,-0.649015,-0.073615,-0.902305,0.075153,0.021423,-0.074926,0.315524,0.043808,-0.947905,0.6,0.764687,0.235059,0.735148,-0.64291,0.214993,-0.008181,-0.003275,-0.004102,-0.001069,-0.025467,-0.087137,0.337503
100,0.149827,-0.035205,0.300062,-0.256873,0.008052,-0.966435,-0.696579,-0.694694,0.179304,-0.669621,0.719245,0.185262,-0.016157,-0.004601,-0.005825,-0.003101,0.020521,-0.059579,0.404164,-0.189384,-0.026926,0.318756,-0.736855,-0.54555,0.399264,0.675802,-0.606495,0.418796,0.014598,0.579098,0.815044,0.059451,0.001232,-0.002972,-2.031398,-2.674605,-4.661994,-1.370285,0.032963,0.031491,-0.020813,0.734485,0.52599,0.428793,-0.674586,0.634721,0.37691,-0.073913,-0.566094,0.821019,0.037167,0.000675,-0.002011,0.107149,-0.585348,-0.450325,-0.897733,0.074877,0.021335,-0.075069,0.317311,0.050393,-0.946981,0.598514,0.763938,0.2412,0.73559,-0.643318,0.212245,-0.008056,-0.002175,-0.00275,0.005091,0.052413,-0.04099,0.347627
101,0.149469,-0.035243,0.299962,-0.258235,0.007657,-0.966075,-0.696221,-0.694732,0.180541,-0.669468,0.719213,0.18594,-0.016035,-0.003595,-0.004589,-0.001697,0.029312,-0.054393,0.402735,-0.188033,-0.026892,0.318722,-0.714031,-0.583466,0.386935,0.69966,-0.577449,0.42067,-0.021119,0.571825,0.82002,0.074416,0.003427,-0.001816,-0.216075,-1.213691,0.022244,-1.369771,0.033661,0.031503,-0.020836,0.710397,0.568487,0.414919,-0.702938,0.602295,0.378309,-0.03484,-0.560412,0.82748,0.037229,0.001706,-0.000962,-0.158669,-1.334299,0.044555,-0.900509,0.074698,0.021316,-0.075118,0.318691,0.050645,-0.946504,0.598099,0.763929,0.242258,0.735331,-0.643309,0.213167,-0.007996,-0.001671,-0.002131,-0.002851,0.035151,-0.050786,0.34828
102,0.148552,-0.035125,0.299738,-0.25716,0.007706,-0.966361,-0.695954,-0.695243,0.179603,-0.67016,0.718718,0.185356,-0.03106,0.010777,-0.00894,0.033667,0.014476,-0.039563,0.409796,-0.185539,-0.026701,0.31857,-0.694159,-0.621315,0.363457,0.71728,-0.555703,0.420282,-0.058286,0.553223,0.830909,0.059381,0.000927,-0.00354,0.417055,-0.47633,-0.151283,-1.366314,0.034886,0.031605,-0.020905,0.69313,0.605985,0.390323,-0.720808,0.580915,0.378118,0.002389,-0.543433,0.839448,0.029363,0.005827,-0.006136,0.477568,-0.514849,-0.170893,-0.901162,0.074257,0.021371,-0.075228,0.317695,0.050401,-0.946852,0.597922,0.764369,0.241307,0.735906,-0.642806,0.212701,-0.015563,0.005118,-0.004795,0.031923,0.022322,-0.051272,0.352852
103,0.147379,-0.034816,0.299534,-0.258422,0.004116,-0.966047,-0.694777,-0.695577,0.182837,-0.670894,0.718429,0.183816,-0.015371,0.01158,-0.007822,0.031256,-0.018845,-0.023352,0.417081,-0.183749,-0.026926,0.318537,-0.685772,-0.633854,0.357682,0.724633,-0.549627,0.415634,-0.066002,0.545014,0.835743,0.030337,-0.01167,0.005335,0.293785,-0.348536,-0.171949,-1.369881,0.03578,0.031499,-0.020929,0.685537,0.61833,0.384326,-0.727967,0.574841,0.373658,0.010117,-0.535933,0.844199,0.015158,-0.006171,0.002284,-0.060291,0.003256,0.049034,-0.909326,0.073653,0.021529,-0.075334,0.318385,0.054367,-0.9464,0.596578,0.764368,0.244609,0.736698,-0.642482,0.210929,-0.007668,0.005898,-0.003757,0.040537,0.00925,-0.007174,0.36167
104,0.146171,-0.034125,0.29914,-0.258577,-0.002318,-0.966011,-0.692872,-0.696349,0.18708,-0.6728,0.717697,0.179659,-0.030644,0.023503,-0.015269,0.02195,-0.278347,-0.189894,0.424265,-0.183058,-0.027626,0.319035,-0.66597,-0.665997,0.336043,0.737768,-0.521933,0.42804,-0.108847,0.533819,0.838483,0.001421,-0.021828,0.016927,-0.697119,-0.907242,-1.312673,-1.37314,0.036148,0.031146,-0.020686,0.668151,0.651033,0.36018,-0.742207,0.549395,0.383788,0.051977,-0.523756,0.85028,0.008043,-0.01063,0.008007,-2.285767,-3.05084,-4.166406,-0.923369,0.073049,0.021878,-0.075527,0.31806,0.060005,-0.946169,0.594462,0.764816,0.248335,0.738546,-0.641447,0.207587,-0.015316,0.011756,-0.007611,-0.000398,-0.33959,-0.22556,0.371304
105,0.14562,-0.033649,0.298815,-0.257795,-0.008372,-0.966187,-0.691547,-0.696739,0.190499,-0.674461,0.717282,0.175031,-0.030656,0.023226,-0.015636,0.028739,-0.236778,-0.165635,0.431943,-0.182893,-0.028126,0.319395,-0.653455,-0.685484,0.321092,0.745768,-0.510779,0.427633,-0.12831,0.51976,0.844541,0.001356,-0.023206,0.015466,0.389388,-0.530443,-0.194097,-1.375289,0.036231,0.030899,-0.020502,0.656835,0.670407,0.345139,-0.750537,0.537252,0.384775,0.072529,-0.511774,0.856052,0.001061,-0.016479,0.012583,0.38621,-0.493645,-0.440658,-0.919614,0.072785,0.022108,-0.075682,0.316416,0.066395,-0.946293,0.592961,0.764804,0.251933,0.740457,-0.640831,0.202626,-0.015337,0.011499,-0.00794,0.017319,-0.293318,-0.199196,0.377509
106,0.144701,-0.032537,0.297921,-0.253717,-0.037986,-0.966556,-0.687543,-0.695766,0.207766,-0.680081,0.717307,0.151616,-0.015269,0.031783,-0.026856,-0.077635,-0.939155,-0.790262,0.446688,-0.182901,-0.029228,0.320247,-0.648717,-0.694965,0.310129,0.749094,-0.511676,0.420689,-0.132867,0.506097,0.8521,-0.012748,-0.032859,0.026468,0.065782,-0.21577,-0.016118,-1.378255,0.036232,0.030349,-0.020083,0.651978,0.681237,0.332924,-0.754347,0.538349,0.375685,0.076701,-0.49608,0.864882,0.001061,-0.016296,0.012789,0.040535,-0.131747,-0.172123,-0.917328,0.07232,0.022662,-0.076123,0.309892,0.092435,-0.946267,0.588348,0.763174,0.267227,0.746868,-0.639546,0.182117,-0.015262,0.016777,-0.012422,-0.017381,-0.680142,-0.407025,0.397267
107,0.14427,-0.031159,0.296917,-0.256717,-0.07528,-0.963574,-0.680969,-0.693378,0.235541,-0.685541,0.716723,0.12794,0.000542,0.033476,-0.024502,-0.017416,-0.581107,-0.593912,0.460874,-0.183188,-0.030137,0.321192,-0.645678,-0.699542,0.306156,0.751338,-0.510855,0.417674,-0.134971,0.500589,0.855018,-0.013297,-0.018324,0.021849,-0.022277,-0.10086,0.08206,-1.379385,0.036089,0.029886,-0.019613,0.649112,0.685939,0.328845,-0.756579,0.53727,0.37273,0.078991,-0.490741,0.867717,-0.006286,-0.014156,0.015661,-0.10282,0.01567,-0.079801,-0.921573,0.072098,0.02333,-0.076618,0.307586,0.131863,-0.942338,0.580333,0.758832,0.295609,0.754057,-0.637796,0.156881,-0.007376,0.017294,-0.011659,-0.098609,-0.519807,-1.575924,0.415066
108,0.144236,-0.030415,0.296369,-0.256278,-0.09344,-0.9621,-0.677926,-0.692106,0.247744,-0.688713,0.715838,0.115225,0.000687,0.044374,-0.032985,0.038475,-0.636556,-0.283211,0.467779,-0.183374,-0.030574,0.321694,-0.638228,-0.708058,0.302176,0.755525,-0.501131,0.42188,-0.146486,0.498447,0.854374,-0.012566,-0.028567,0.031043,-0.158785,-0.021112,-0.208258,-1.379887,0.035996,0.029672,-0.019365,0.642377,0.694372,0.324341,-0.760998,0.527819,0.377211,0.090731,-0.489135,0.867475,-0.006627,-0.008405,0.011735,-0.24007,-0.190505,-0.457968,-0.925982,0.072081,0.023716,-0.076899,0.304735,0.151243,-0.940352,0.576459,0.756649,0.308507,0.758176,-0.636087,0.143393,0.000359,0.022159,-0.016516,0.025005,-0.620536,-0.49927,0.426659
109,0.144054,-0.028836,0.295206,-0.252576,-0.137115,-0.957836,-0.659253,-0.700193,0.27402,-0.707936,0.700836,0.087653,0.000459,0.032843,-0.025267,-0.062793,-0.827407,-0.665044,0.474531,-0.183341,-0.031295,0.322783,-0.606736,-0.74178,0.285701,0.774059,-0.469905,0.424213,-0.17966,0.479467,0.858893,0.016766,-0.012973,0.025182,0.214433,-0.401912,-0.316629,-1.376977,0.035995,0.029308,-0.01883,0.613977,0.727228,0.306872,-0.779534,0.497622,0.380392,0.123926,-0.472769,0.872428,0.000912,-0.006322,0.01333,-0.134195,-1.134751,-1.730561,-0.929411,0.071996,0.024494,-0.07747,0.296408,0.191573,-0.93565,0.555426,0.762392,0.332054,0.776945,-0.618108,0.119574,-0.007446,0.016719,-0.012389,0.018641,-0.308368,-0.615174,0.442335
110,0.143401,-0.02742,0.294247,-0.250387,-0.166252,-0.953788,-0.641739,-0.709132,0.292019,-0.724606,0.685406,0.072057,-0.02987,0.03648,-0.021236,5.283045,-1.975412,-0.855604,0.489895,-0.182537,-0.031717,0.323689,-0.569434,-0.77318,0.279158,0.797186,-0.436824,0.416669,-0.199504,0.460778,0.864722,0.016749,-0.013227,0.02488,-0.025315,-0.156843,-0.165139,-1.383037,0.036403,0.029097,-0.018362,0.576578,0.761203,0.29686,-0.804294,0.464862,0.370153,0.143763,-0.452185,0.880261,0.015461,-0.00108,0.007691,-0.142966,-0.29424,-0.425713,-0.920593,0.071664,0.025228,-0.077975,0.290254,0.221952,-0.930853,0.536833,0.767486,0.350391,0.792188,-0.601415,0.103615,-0.01497,0.018085,-0.010621,5.280809,-1.995702,-0.861627,0.462257
111,0.142134,-0.02593,0.293502,-0.25187,-0.179223,-0.951044,-0.637814,-0.708345,0.302346,-0.727549,0.682962,0.065286,-0.044723,0.039456,-0.017855,0.083969,0.013625,-0.228774,0.488235,-0.181464,-0.032456,0.324494,-0.478251,-0.835419,0.270819,0.839942,-0.345287,0.418578,-0.255579,0.428708,0.866459,0.03135,-0.020076,0.016452,-0.214848,-0.238274,-0.449889,-1.390584,0.036935,0.028741,-0.017946,0.487891,0.825605,0.283436,-0.849497,0.374392,0.371731,0.200787,-0.422143,0.884013,0.016029,-0.015611,0.01236,-0.612337,-0.745682,-1.579572,-0.927778,0.071047,0.025959,-0.078341,0.289376,0.235623,-0.927762,0.53096,0.766941,0.36039,0.796456,-0.596893,0.096828,-0.014779,0.018799,-0.009924,0.103066,0.059815,-0.197221,0.471564
112,0.141203,-0.0252,0.293154,-0.250132,-0.179065,-0.951533,-0.637258,-0.709431,0.300967,-0.728636,0.681875,0.064527,-0.060046,0.039548,-0.018104,0.097758,0.118447,-0.233327,0.48562,-0.180622,-0.032998,0.324861,-0.437877,-0.858655,0.266398,0.854538,-0.305651,0.419855,-0.278537,0.412571,0.867217,0.046983,-0.032335,0.022303,-0.136677,-0.084211,-0.101753,-1.390271,0.03735,0.028473,-0.017766,0.448084,0.850082,0.27673,-0.865431,0.334848,0.3727,0.224163,-0.406491,0.885728,0.0231,-0.011189,0.006421,-0.215578,-0.219277,-0.387866,-0.926799,0.070565,0.026341,-0.078519,0.287966,0.234844,-0.928398,0.530231,0.768197,0.358785,0.797451,-0.595584,0.096693,-0.03001,0.01978,-0.00903,0.101693,0.141251,-0.230911,0.469768
113,0.138918,-0.02392,0.292486,-0.24633,-0.184093,-0.951565,-0.622523,-0.722439,0.300862,-0.742535,0.66671,0.064543,-0.060308,0.036907,-0.021583,0.243473,-0.016186,-0.100824,0.498139,-0.178831,-0.033921,0.325515,-0.37864,-0.886964,0.264419,0.870828,-0.244821,0.42621,-0.312824,0.392759,0.864722,0.046378,-0.020359,0.014846,-0.320954,-0.113804,-0.304554,-1.386204,0.038245,0.028,-0.017443,0.389922,0.879912,0.271504,-0.883683,0.274635,0.379049,0.258965,-0.387723,0.884651,0.023181,-0.010234,0.007357,-0.691583,-0.567152,-1.29991,-0.917164,0.069446,0.026971,-0.078841,0.283766,0.239172,-0.928586,0.514346,0.779327,0.357907,0.809274,-0.579176,0.098129,-0.030216,0.013224,-0.006258,0.542898,-0.118366,-0.115576,0.473034
114,0.136595,-0.022911,0.291985,-0.244708,-0.191568,-0.950508,-0.602492,-0.738026,0.303799,-0.7594,0.647251,0.066368,-0.060572,0.025148,-0.014392,0.066624,0.027968,-0.084252,0.519896,-0.177401,-0.034671,0.325973,-0.344167,-0.899907,0.267784,0.877709,-0.207263,0.431975,-0.332805,0.384839,0.860815,0.031432,-0.02245,0.013832,-0.124873,0.04591,0.054926,-1.379153,0.038966,0.027627,-0.017212,0.355775,0.893719,0.273292,-0.891736,0.237113,0.385465,0.279697,-0.380844,0.88132,0.015306,-0.006177,0.002229,-0.068919,0.031253,0.081385,-0.911776,0.068285,0.027479,-0.079095,0.281226,0.246421,-0.927463,0.492379,0.792503,0.359862,0.823695,-0.557867,0.101539,-0.030489,0.006604,-0.003581,0.027545,0.059999,-0.125229,0.503243
115,0.135419,-0.02268,0.291744,-0.243502,-0.191521,-0.950827,-0.602394,-0.738451,0.302957,-0.759866,0.646779,0.065629,-0.061696,0.009322,-0.012196,0.034325,-0.048969,0.041545,0.521596,-0.17689,-0.034909,0.326116,-0.321056,-0.907819,0.269777,0.881017,-0.181953,0.436619,-0.346882,0.378998,0.857844,0.015752,-0.010468,0.007707,-0.660731,-0.547379,-1.30152,-1.377619,0.039227,0.027499,-0.017143,0.334047,0.901914,0.273793,-0.895821,0.213462,0.38979,0.293113,-0.375479,0.87926,0.014964,0.000479,-0.000984,-1.747235,-2.199136,-4.536418,-0.916021,0.067698,0.027606,-0.079209,0.280145,0.246266,-0.927831,0.492297,0.792902,0.359094,0.824113,-0.557367,0.100892,-0.023457,-0.001907,-0.003004,-0.005814,0.061979,-0.11466,0.51304
116,0.133382,-0.022983,0.291424,-0.237785,-0.190095,-0.952558,-0.604549,-0.738604,0.298254,-0.759972,0.647023,0.061895,-0.048169,-0.019152,-0.003391,-0.035763,-0.016819,0.013128,0.522272,-0.176326,-0.034969,0.326306,-0.256537,-0.927459,0.272029,0.888848,-0.115987,0.443204,-0.379181,0.356656,0.853746,7.1e-05,0.002295,0.002422,-0.329805,-0.033086,-0.318987,-1.37518,0.039515,0.027464,-0.017047,0.269036,0.923773,0.272511,-0.906036,0.146775,0.396933,0.326678,-0.353694,0.876459,0.007529,0.001684,0.001144,-0.730553,-0.521506,-1.291312,-0.922716,0.066675,0.027465,-0.079373,0.274704,0.244202,-0.930001,0.494766,0.793439,0.354487,0.824466,-0.557512,0.097138,-0.016475,-0.010264,-0.002271,-0.038589,0.065356,-0.106517,0.520061
117,0.132082,-0.023543,0.291112,-0.228033,-0.188917,-0.955174,-0.603269,-0.742597,0.290839,-0.763978,0.64278,0.05656,-0.017239,-0.009276,-0.012246,1.58481,-0.563118,0.025284,0.522131,-0.176208,-0.034929,0.326428,-0.202116,-0.94132,0.270292,0.889785,-0.061336,0.452168,-0.408803,0.333075,0.849591,7.9e-05,0.002592,0.002733,-1.566818,-2.454249,-4.635827,-1.375632,0.039574,0.027485,-0.016985,0.220861,0.937626,0.26847,-0.908187,0.097367,0.407081,0.35555,-0.33373,0.873045,2.1e-05,0.0008,0.000866,-0.060719,0.031807,0.020924,-0.925002,0.066011,0.027173,-0.079535,0.265797,0.241657,-0.933248,0.494993,0.796502,0.347225,0.827244,-0.554243,0.092089,-0.016356,-0.004471,-0.006039,5.273445,-1.571575,-0.411592,0.520551
118,0.131428,-0.023732,0.290668,-0.224838,-0.189812,-0.955753,-0.59902,-0.746684,0.289154,-0.768259,0.637761,0.055374,-0.016363,-0.004486,-0.006242,-0.000984,0.014715,-0.029553,0.521599,-0.176293,-0.035043,0.326661,-0.176387,-0.94685,0.268986,0.88917,-0.0362,0.456071,-0.421873,0.320808,0.84792,0.000862,-0.008629,0.010911,-0.048655,-0.010276,-0.056395,-1.377687,0.039531,0.027433,-0.016871,0.19008,0.945217,0.265394,-0.909124,0.067414,0.411032,0.370623,-0.319405,0.872134,0.000428,-0.004175,0.005618,-0.079599,0.019042,-0.295865,-0.92288,0.065683,0.027069,-0.079769,0.262153,0.242543,-0.934049,0.488991,0.801055,0.34525,0.831963,-0.547251,0.091397,-0.008244,-0.002599,-0.003554,0.000768,-0.07705,0.113274,0.520715
119,0.131267,-0.023658,0.290457,-0.223924,-0.189627,-0.956005,-0.59882,-0.747135,0.288403,-0.768683,0.637288,0.054941,-0.015655,0.008501,-0.012067,0.033742,0.014548,-0.036956,0.521246,-0.176355,-0.035217,0.326875,-0.176119,-0.946797,0.26935,0.888939,-0.035591,0.456568,-0.42247,0.321035,0.847536,0.000874,-0.008214,0.011348,-0.034661,-0.003582,0.006827,-1.37751,0.0395,0.027345,-0.016765,0.189742,0.945185,0.265748,-0.908966,0.066777,0.411487,0.371185,-0.319633,0.871811,0.000414,-0.004617,0.005148,-0.035109,0.010107,-0.017789,-0.924839,0.065602,0.027102,-0.079872,0.261287,0.242254,-0.934367,0.488828,0.801479,0.344497,0.832331,-0.546757,0.090996,-0.000109,0.004024,-0.006031,0.037644,-0.123353,0.18394,0.521205
120,0.131072,-0.023332,0.28996,-0.220417,-0.1887,-0.957002,-0.59866,-0.748415,0.2854,-0.769823,0.636058,0.05319,-0.000539,0.006464,-0.014105,0.03794,-0.108615,0.160011,0.521976,-0.176473,-0.035635,0.327589,-0.17171,-0.947971,0.268063,0.890261,-0.032945,0.454185,-0.421508,0.317825,0.849224,-0.013136,-0.014184,0.02632,-0.013357,-0.039371,-0.077612,-1.375261,0.039446,0.027136,-0.01643,0.185559,0.946503,0.264005,-0.910384,0.064478,0.408708,0.369821,-0.316186,0.873646,0.000509,-0.001447,0.008475,0.018753,-0.070333,-0.044647,-0.927288,0.0655,0.027272,-0.08011,0.258084,0.240999,-0.93558,0.488724,0.802778,0.341606,0.833391,-0.545404,0.089402,-0.007833,0.004187,-0.006116,0.033693,0.017358,-0.041103,0.521368
121,0.130962,-0.023254,0.289503,-0.214039,-0.186727,-0.958835,-0.599747,-0.749652,0.279815,-0.770784,0.63518,0.049662,0.014611,0.004585,-0.015942,0.038964,-0.123169,0.188973,0.52213,-0.176539,-0.036009,0.328449,-0.152788,-0.952379,0.263858,0.893666,-0.019303,0.448244,-0.421615,0.305484,0.853688,0.001811,-0.014321,0.024891,0.268348,-0.34328,-0.223244,-1.377665,0.039408,0.026951,-0.015982,0.168184,0.950901,0.259809,-0.913156,0.051015,0.404405,0.371295,-0.30526,0.8769,0.000491,-0.001955,0.007934,0.315597,-0.386401,-0.248051,-0.928431,0.06544,0.027312,-0.080338,0.252137,0.238377,-0.93787,0.490024,0.804282,0.336161,0.834447,-0.544338,0.085979,-0.000475,-0.002494,-0.003179,-0.000139,0.019233,-0.029599,0.522021
122,0.131101,-0.023265,0.289361,-0.213173,-0.186449,-0.959082,-0.599741,-0.749946,0.27904,-0.77103,0.634914,0.049243,0.015101,0.007118,-0.012718,0.035712,-0.014878,0.022154,0.521379,-0.176505,-0.036157,0.328788,-0.135797,-0.954931,0.263928,0.893504,-0.003093,0.448971,-0.427751,0.297989,0.853285,0.000972,-0.005054,0.014646,-0.160956,-0.231941,-0.420602,-1.377622,0.039426,0.026875,-0.015801,0.149886,0.954428,0.258069,-0.914161,0.034353,0.403892,0.37662,-0.296454,0.87765,0.000469,-0.002615,0.007241,-0.189471,-0.215677,-0.422307,-0.929248,0.065514,0.027305,-0.08042,0.251227,0.237965,-0.938219,0.490034,0.804636,0.3353,0.834715,-0.543997,0.085535,0.007588,0.003724,-0.00615,0.035484,-0.014349,0.021539,0.521694
123,0.131471,-0.022971,0.289161,-0.212362,-0.186222,-0.959306,-0.599169,-0.750676,0.278306,-0.771698,0.634117,0.049033,0.000776,0.013334,-0.005357,0.035674,-0.031567,0.040922,0.520625,-0.176284,-0.036465,0.329152,-0.132896,-0.955272,0.264172,0.894105,-0.000677,0.447783,-0.42741,0.296906,0.853833,0.014946,-0.000253,-0.001532,-0.009967,0.076842,-0.146635,-1.376034,0.039531,0.026727,-0.015611,0.147002,0.954844,0.25819,-0.91469,0.031877,0.402895,0.376471,-0.295391,0.878073,0.000371,-0.005976,0.003716,-0.042871,0.015287,-0.016507,-0.930391,0.065698,0.027443,-0.080521,0.250508,0.237666,-0.938488,0.489452,0.805289,0.334583,0.835273,-0.54316,0.085405,0.007954,0.005674,-0.003666,0.035976,-0.030492,0.046342,0.521205
124,0.131598,-0.022609,0.289023,-0.211737,-0.186119,-0.959464,-0.598537,-0.751372,0.277784,-0.77236,0.633322,0.048891,0.000343,0.001795,0.002288,0.0,0.0,0.0,0.52024,-0.176015,-0.036681,0.329232,-0.12046,-0.956504,0.265671,0.893952,0.011712,0.447936,-0.431414,0.292658,0.853286,0.015744,-0.011185,0.006961,-0.046291,-0.025452,-0.027581,-1.374352,0.039665,0.026617,-0.015581,0.134583,0.956405,0.259182,-0.914889,0.019465,0.403234,0.38061,-0.291392,0.877624,-2.4e-05,-0.000698,-0.000727,-0.03961,-0.065838,-0.12728,-0.931207,0.065762,0.027634,-0.080586,0.249878,0.237485,-0.938702,0.488769,0.805943,0.334006,0.835861,-0.542269,0.085312,0.000189,0.00098,0.001245,-0.000148,4.6e-05,4.9e-05,0.520061
125,0.131622,-0.022459,0.289014,-0.214029,-0.186929,-0.958798,-0.597578,-0.751377,0.27983,-0.772468,0.633079,0.050307,0.000533,0.002788,0.003552,0.000468,-0.015746,0.024133,0.519926,-0.175867,-0.036733,0.329225,-0.120035,-0.956398,0.266244,0.893964,0.012367,0.447894,-0.431508,0.292977,0.853128,0.014947,-0.000443,-0.001739,0.002045,-0.015205,0.029245,-1.372643,0.039739,0.026586,-0.015583,0.134105,0.956316,0.259759,-0.91491,0.018774,0.40322,0.380729,-0.29173,0.877461,-1.9e-05,-0.000563,-0.00059,-0.011878,0.093137,-0.174394,-0.931371,0.065774,0.027707,-0.080593,0.252046,0.238545,-0.937852,0.487679,0.805769,0.336012,0.835847,-0.542062,0.086758,0.000406,0.006754,-0.00257,0.034864,-0.016762,0.018308,0.519735
126,0.131653,-0.02211,0.289006,-0.220221,-0.190783,-0.956635,-0.590313,-0.75466,0.28634,-0.776296,0.628007,0.054763,0.001043,0.014745,-0.003567,0.035419,-0.014825,0.015047,0.519927,-0.175571,-0.036865,0.329211,-0.115013,-0.956224,0.269072,0.892963,0.019004,0.449655,-0.43494,0.293189,0.851311,-5.7e-05,-0.001961,-0.002054,-0.076203,0.090565,0.020322,-1.373218,0.039893,0.026521,-0.015588,0.128826,0.956339,0.262331,-0.914158,0.012001,0.405178,0.38434,-0.29201,0.875791,-1.4e-05,-0.000433,-0.000455,-0.088178,0.094011,0.05708,-0.932024,0.06579,0.027879,-0.080593,0.257668,0.243049,-0.935165,0.479665,0.807989,0.342159,0.838765,-0.53673,0.091611,0.000388,0.00203,0.002579,-0.000303,-0.017746,0.027313,0.519408
127,0.131425,-0.021914,0.289129,-0.22336,-0.195378,-0.954978,-0.579555,-0.761107,0.291211,-0.783466,0.618747,0.05796,-0.015272,-0.00821,0.011317,-0.035024,0.030264,-0.04636,0.520445,-0.17531,-0.036895,0.329217,-0.102656,-0.957238,0.270461,0.892742,0.031121,0.449419,-0.43849,0.28879,0.850994,2.9e-05,0.001028,0.001077,-0.052686,0.025125,-0.302767,-1.363612,0.040023,0.0265,-0.015592,0.116933,0.957691,0.262971,-0.914273,0.000397,0.405096,0.387853,-0.287797,0.875638,0.007506,0.000869,0.000265,-0.130491,-0.256499,-0.371794,-0.931861,0.065683,0.027989,-0.080532,0.260021,0.247877,-0.933244,0.467915,0.813085,0.346333,0.844656,-0.526733,0.095434,-0.007408,0.001726,0.001916,0.00192,0.012226,-0.028071,0.519245
128,0.130863,-0.022095,0.289397,-0.220715,-0.196178,-0.955429,-0.576267,-0.764077,0.289956,-0.786637,0.614821,0.056784,-0.015201,0.001455,0.001279,-0.000984,0.014715,-0.029553,0.520663,-0.175141,-0.036871,0.329227,-0.086499,-0.958102,0.273038,0.891198,0.047946,0.451,-0.445088,0.283545,0.849331,7e-06,0.000262,0.000275,-0.100591,0.181475,-0.125228,-1.35708,0.040107,0.026515,-0.015583,0.100276,0.959103,0.264699,-0.913295,-0.016826,0.40695,0.394761,-0.282556,0.874256,0.007491,0.000389,-0.000232,-0.114407,0.096808,0.083938,-0.931534,0.065402,0.0279,-0.080397,0.257313,0.248378,-0.933861,0.464402,0.8157,0.344911,0.847419,-0.522437,0.094543,-0.007618,0.000648,0.000543,-0.001505,0.015211,-0.030102,0.520225
129,0.130645,-0.022141,0.289481,-0.221233,-0.196378,-0.955268,-0.576355,-0.763825,0.290446,-0.786427,0.615071,0.056991,-0.015021,0.002388,0.002459,-0.000984,0.014715,-0.029553,0.520989,-0.175107,-0.036852,0.329244,-0.074796,-0.95895,0.273518,0.890591,0.059021,0.450885,-0.448427,0.278522,0.849236,1.6e-05,0.000593,0.000622,-0.013742,-0.018616,-0.037087,-1.346425,0.040125,0.026525,-0.015575,0.088862,0.960203,0.264787,-0.912957,-0.027776,0.407109,0.398262,-0.277916,0.874156,0.007495,0.000594,-1.6e-05,-0.027138,-0.088824,-0.097737,-0.930554,0.065287,0.02787,-0.080355,0.257836,0.248647,-0.933645,0.464507,0.815416,0.345439,0.847202,-0.522752,0.094745,-0.00751,0.001206,0.001251,-0.001444,0.014924,-0.02958,0.520388
130,0.130367,-0.022175,0.289512,-0.219411,-0.199219,-0.9551,-0.567271,-0.770403,0.290955,-0.79351,0.605884,0.057214,-0.015463,0.000128,-0.000419,0.011842,0.010807,-0.030322,0.520555,-0.175005,-0.036839,0.329264,-0.068325,-0.959123,0.274603,0.890259,0.065484,0.450648,-0.450125,0.276463,0.849011,0.000829,-0.010054,0.009417,-0.048757,0.101891,-0.194466,-1.337075,0.040175,0.026535,-0.015568,0.082389,0.960621,0.265366,-0.912849,-0.034103,0.406868,0.399896,-0.275761,0.874093,8e-06,0.000339,0.000356,0.000395,0.000176,0.000373,-0.929901,0.065154,0.027856,-0.080336,0.255675,0.251249,-0.933543,0.454706,0.82091,0.345468,0.853154,-0.512815,0.095642,-0.000171,-0.00087,-0.001103,0.04558,-0.121815,0.163962,0.520061
131,0.130024,-0.022241,0.2895,-0.212517,-0.200105,-0.956473,-0.559664,-0.777439,0.286944,-0.800761,0.59653,0.054421,-0.015259,0.001198,0.000932,-0.000953,0.014705,-0.029555,0.516378,-0.174903,-0.036862,0.329246,-0.052095,-0.959368,0.277293,0.888062,0.082363,0.452211,-0.456611,0.271016,0.847301,-1.8e-05,-0.000654,-0.000685,-0.014522,0.015298,0.009048,-1.323893,0.040221,0.026522,-0.015571,0.065985,0.961288,0.267527,-0.911102,-0.051279,0.408979,0.406865,-0.270731,0.872448,-1.5e-05,-0.000516,-0.000536,0.006702,0.005448,0.012637,-0.931207,0.064981,0.027818,-0.080348,0.24881,0.25139,-0.935358,0.446589,0.827166,0.341107,0.859447,-0.502592,0.093539,-0.000227,-0.005772,0.003823,-0.035839,0.016852,-0.01833,0.517939
132,0.129915,-0.022223,0.289568,-0.211473,-0.201432,-0.956425,-0.555087,-0.780658,0.287093,-0.804215,0.591859,0.054469,0.000492,0.002503,0.00318,0.475714,-0.142796,-0.027092,0.512854,-0.174796,-0.036847,0.329162,-0.047966,-0.959094,0.278978,0.886726,0.08755,0.453856,-0.459656,0.270352,0.845866,-6.1e-05,-0.002292,-0.002402,-0.08694,0.09175,0.054313,-1.318494,0.04028,0.026532,-0.015611,0.061525,0.961209,0.26887,-0.910072,-0.056593,0.410566,0.409856,-0.269952,0.871288,0.007043,0.004114,-0.006307,-0.082224,0.193945,-0.086593,-0.931207,0.06492,0.027823,-0.08032,0.24777,0.252512,-0.935332,0.442107,0.829582,0.341077,0.862061,-0.498026,0.093909,-0.007295,0.002319,0.002659,1.605493,-0.474364,-0.090383,0.513856
133,0.129751,-0.021996,0.289865,-0.21048,-0.201416,-0.956648,-0.545661,-0.787728,0.285851,-0.810898,0.582419,0.057089,0.001389,0.007062,0.008948,0.044425,-0.023368,0.024927,0.512015,-0.174558,-0.036912,0.328923,-0.043988,-0.958852,0.280464,0.885403,0.092483,0.455458,-0.4626,0.269563,0.844512,-0.000134,-0.005192,-0.005449,-0.003556,0.015236,-0.02436,-1.306314,0.040399,0.026502,-0.015728,0.05785,0.961061,0.270209,-0.908943,-0.061235,0.412397,0.412885,-0.269462,0.870008,-0.00047,0.002878,-0.006963,0.048889,-0.004815,-0.006041,-0.932677,0.064838,0.027933,-0.080176,0.246825,0.252295,-0.93564,0.431571,0.83586,0.339239,0.867653,-0.487528,0.097428,-0.006868,0.004453,0.005346,0.135762,-0.057312,-0.023279,0.508958
134,0.129457,-0.021801,0.290299,-0.208678,-0.199664,-0.95741,-0.531703,-0.798462,0.282352,-0.820579,0.568222,0.061654,0.001287,0.006518,0.008233,0.002337,-0.007213,0.029653,0.512635,-0.174502,-0.03701,0.328649,-0.040067,-0.958609,0.281876,0.884062,0.097324,0.457052,-0.465519,0.268712,0.843178,-0.00012,-0.004662,-0.004901,-0.001481,-0.001477,-0.003181,-1.304609,0.040427,0.026451,-0.015867,0.05387,0.960964,0.271375,-0.907853,-0.066036,0.414054,0.415812,-0.268674,0.868857,-6.1e-05,-0.002535,-0.002663,-0.006923,-0.011461,-0.064378,-0.933983,0.064697,0.028037,-0.079958,0.245322,0.250301,-0.936571,0.416641,0.845099,0.334988,0.875343,-0.472394,0.103035,0.000617,0.003146,0.003978,-0.010172,-0.032382,0.012559,0.508305
135,0.129638,-0.021462,0.290565,-0.210076,-0.200296,-0.956972,-0.530934,-0.798521,0.283628,-0.820717,0.567918,0.062599,0.001967,0.019178,0.001971,0.035625,-0.031731,0.040837,0.509856,-0.174518,-0.037134,0.32849,-0.041745,-0.958089,0.283396,0.88317,0.097115,0.458817,-0.467058,0.270643,0.841708,-5.6e-05,-0.00215,-0.002264,-0.000345,0.000365,0.000216,-1.304873,0.040419,0.026382,-0.015954,0.05545,0.960412,0.273007,-0.907046,-0.065841,0.41585,0.417362,-0.27069,0.867487,-3.2e-05,-0.001371,-0.001441,0.005465,0.008451,-0.026013,-0.93578,0.064783,0.028207,-0.079816,0.246467,0.251351,-0.935989,0.415896,0.844903,0.336406,0.875376,-0.472188,0.103705,0.000998,0.009677,0.001093,0.034693,-0.03313,0.041971,0.507161
136,0.129851,-0.021235,0.290657,-0.21478,-0.202317,-0.955501,-0.529211,-0.798137,0.287899,-0.820608,0.567745,0.065547,0.001305,0.006656,0.008365,0.00046,-0.01571,0.024093,0.511459,-0.174553,-0.037177,0.328447,-0.041533,-0.95801,0.283695,0.883173,0.097439,0.458743,-0.467071,0.270808,0.841648,-4e-05,-0.001524,-0.001605,-5e-06,5e-06,3e-06,-1.303987,0.040401,0.02636,-0.015976,0.05519,0.960355,0.27326,-0.907081,-0.066162,0.415724,0.417322,-0.270813,0.867468,-1.9e-05,-0.000827,-0.000872,0.000822,-0.00095,-0.000647,-0.936433,0.06489,0.028321,-0.079769,0.250868,0.253891,-0.934132,0.413944,0.844177,0.340609,0.875051,-0.472127,0.10668,0.008429,0.008211,-0.00047,0.035347,-0.050663,0.077125,0.506508
137,0.130142,-0.021011,0.290848,-0.220189,-0.204581,-0.953786,-0.527464,-0.797519,0.292776,-0.820292,0.567805,0.068885,0.000356,-0.007366,0.01288,-0.034719,0.00024,0.007435,0.517306,-0.174587,-0.037235,0.328404,-0.040712,-0.957702,0.284854,0.883172,0.098703,0.458475,-0.467148,0.271443,0.841401,-8e-06,-0.000317,-0.000334,-0.0,0.0,0.0,-1.301223,0.040384,0.02633,-0.015998,0.054279,0.960089,0.274376,-0.907105,-0.067449,0.415465,0.417389,-0.271439,0.86724,-0.0,-9.1e-05,-9.5e-05,-0.012441,0.092066,-0.176186,-0.937086,0.065036,0.028438,-0.079667,0.255802,0.256669,-0.932032,0.412003,0.843224,0.345289,0.874538,-0.472326,0.10995,0.000146,-0.003827,0.006257,-0.035328,-0.001162,0.009885,0.511407
