frame,MLTx,MLTy,MLTz,MLTR1,MLTR2,MLTR3,MLTR4,MLTR5,MLTR6,MLTR7,MLTR8,MLTR9,MLTTVx,MLTTVy,MLTTVz,MLTRVx,MLTRVy,MLTRVz,MLGA,MRTx,MRTy,MRTz,MRTR1,MRTR2,MRTR3,MRTR4,MRTR5,MRTR6,MRTR7,MRTR8,MRTR9,MRTTVx,MRTTVy,MRTTVz,MRTRVx,MRTRVy,MRTRVz,MRGA,SLTx,SLTy,SLTz,SLTR1,SLTR2,SLTR3,SLTR4,SLTR5,SLTR6,SLTR7,SLTR8,SLTR9,SLTTVx,SLTTVy,SLTTVz,SLTRVx,SLTRVy,SLTRVz,SLGA,SRTx,SRTy,SRTz,SRTR1,SRTR2,SRTR3,SRTR4,SRTR5,SRTR6,SRTR7,SRTR8,SRTR9,SRTTVx,SRTTVy,SRTTVz,SRTRVx,SRTRVy,SRTRVz,SRGA
68,0.060186,0.022715,0.34924,-0.50604,0.306953,-0.80607,-0.592021,-0.80322,0.065729,-0.626653,0.510086,0.589191,0.005201,0.026926,-0.0125,4.49066,-0.274784,-3.426562,-0.898396,-0.099801,0.040416,0.324022,0.493266,0.16418,0.854239,-0.611449,0.763848,0.206398,-0.619216,-0.624335,0.476067,-0.000908,0.003793,0.003136,0.0,0.0,-0.0,-0.683518,0.040482,0.036419,-0.020915,-0.349911,-0.238175,0.905998,0.68134,-0.728452,0.071644,0.642913,0.642362,0.417171,0.005831,0.003697,0.002197,0.004295,-0.032264,0.053468,-0.614424,0.068015,0.033647,-0.06649,-0.390705,0.431331,-0.813204,-0.747529,-0.664192,0.006857,-0.537167,0.610573,0.581937,0.002609,0.013466,-0.006253,-0.303501,0.564042,-0.75143,-0.69776
69,0.060857,0.023817,0.348636,-0.543062,0.258149,-0.799055,-0.529813,-0.843574,0.087479,-0.65081,0.470531,0.595881,0.02141,0.038461,-0.019599,4.572311,-0.543423,-3.721975,-1.520363,-0.099739,0.040704,0.324231,0.493311,0.15871,0.855246,-0.610901,0.763055,0.210904,-0.619721,-0.626707,0.472278,-0.001816,0.007571,0.006244,-0.242444,0.42593,0.358191,-0.099296,0.040514,0.036561,-0.020813,-0.350385,-0.23508,0.906624,0.681232,-0.728272,0.074443,0.642769,0.643705,0.415319,-0.000916,0.003811,0.003143,0.006487,-0.028148,0.01374,-0.472034,0.068355,0.034208,-0.066809,-0.439042,0.388894,-0.809939,-0.693003,-0.720318,0.029792,-0.571829,0.57437,0.585755,0.010778,0.019391,-0.009668,4.572104,-0.552868,-3.718461,-0.750666
70,0.061491,0.024463,0.348373,-0.557439,0.221088,-0.800266,-0.484124,-0.869599,0.096916,-0.673797,0.441173,0.592782,0.036489,0.04027,-0.017413,4.526698,-0.657385,-3.903717,-1.858542,-0.09982,0.04079,0.324322,0.494126,0.156115,0.855254,-0.614716,0.758305,0.21687,-0.615281,-0.63309,0.469563,-0.011886,-0.00903,0.011137,-0.6717,0.277116,0.027998,0.069731,0.040475,0.036616,-0.020764,-0.351437,-0.231179,0.907219,0.685227,-0.72381,0.080999,0.637929,0.650118,0.412784,-0.000526,0.002195,0.001812,-1.75764,0.328124,-0.51072,-0.42321,0.068656,0.034509,-0.066939,-0.458864,0.357899,-0.813235,-0.657372,-0.752517,0.039741,-0.59775,0.552833,0.580576,0.023992,0.012969,-0.005607,0.324499,-0.229832,-0.873819,-0.739725
71,0.063331,0.02557,0.348136,-0.562837,0.134988,-0.815499,-0.37617,-0.920311,0.107221,-0.735344,0.366941,0.569782,0.048576,0.021044,0.001934,4.709358,-1.842544,-3.258503,-1.913898,-0.100472,0.040564,0.324264,0.497694,0.149462,0.854373,-0.63465,0.734078,0.241417,-0.591694,-0.662561,0.459101,-0.024249,-0.010891,-0.005576,-5.669713,-2.415375,-0.094521,0.278496,0.04015,0.036518,-0.020776,-0.353873,-0.222992,0.908321,0.703713,-0.703192,0.101527,0.616084,0.675126,0.405763,-0.012111,-0.005497,-0.002823,-0.168712,0.43469,-0.055254,-0.355281,0.069572,0.035072,-0.067063,-0.482315,0.276313,-0.831277,-0.562599,-0.825082,0.052171,-0.671456,0.492839,0.553403,0.024214,0.010311,0.000771,1.326632,-2.634718,1.046284,-0.74887
72,0.06582,0.026074,0.348299,-0.511345,0.06999,-0.856547,-0.264613,-0.961068,0.079378,-0.817013,0.26715,0.511026,0.073065,0.00459,0.006798,4.70912,-1.806247,-3.402035,-1.914948,-0.101671,0.040086,0.323861,0.492016,0.135721,0.859937,-0.644508,0.720726,0.255141,-0.585743,-0.679933,0.440975,-0.038196,-0.00629,-0.017011,-0.134355,0.360196,0.138619,0.422682,0.039543,0.036269,-0.020984,-0.349614,-0.209034,0.913276,0.718547,-0.685359,0.118201,0.601214,0.697557,0.389812,-0.019026,-0.003427,-0.008722,-0.106681,0.303776,0.091243,-0.24457,0.070811,0.035337,-0.066977,-0.443365,0.204072,-0.872801,-0.460499,-0.887265,0.02647,-0.769004,0.41366,0.487357,0.036731,0.002766,0.003744,1.130784,-1.004814,-1.167884,-0.749196
73,0.068635,0.026246,0.348599,-0.472614,-0.008631,-0.881253,-0.115082,-0.990775,0.071362,-0.873156,0.135147,0.46836,0.059485,0.007235,0.008068,6.213694,-1.621891,-3.190764,-1.915452,-0.103081,0.039588,0.323213,0.481314,0.132902,0.866409,-0.670418,0.692484,0.266345,-0.565156,-0.70921,0.421287,-0.037117,-0.011312,-0.021241,-0.212622,0.439602,0.152918,0.503074,0.038852,0.036025,-0.021299,-0.338401,-0.206874,0.91798,0.744006,-0.656106,0.126408,0.576142,0.725759,0.375942,-0.024965,-0.006948,-0.01083,-0.364273,0.544696,0.168243,0.048536,0.072225,0.035426,-0.066824,-0.420204,0.118534,-0.899653,-0.321172,-0.946683,0.02528,-0.848691,0.299567,0.43587,0.029809,0.003878,0.004169,4.99628,-1.770113,-2.743778,-0.776792
74,0.069846,0.026387,0.348756,-0.45411,-0.040787,-0.890037,-0.039479,-0.997039,0.065773,-0.889523,0.06505,0.452265,0.059848,0.00863,0.009068,1.466737,-0.978182,-0.393321,-1.91698,-0.104,0.039303,0.322722,0.476308,0.131228,0.869426,-0.679263,0.682683,0.26922,-0.558786,-0.718956,0.413187,-0.05114,-0.006505,-0.032567,-0.160918,0.504453,0.196233,0.518267,0.038397,0.035884,-0.021538,-0.333113,-0.205729,0.920168,0.752596,-0.645914,0.128038,0.568009,0.735167,0.369993,-0.030854,-0.010747,-0.013174,-0.294656,0.736771,0.270508,0.203499,0.072807,0.03549,-0.066751,-0.408635,0.08202,-0.909005,-0.246728,-0.968799,0.023499,-0.878716,0.233879,0.416122,0.029881,0.004162,0.004386,1.391166,-1.211262,-0.540672,-0.787896
75,0.071665,0.026663,0.34924,-0.429385,-0.062483,-0.900983,0.043506,-0.997866,0.048409,-0.901554,-0.018342,0.43231,0.04594,0.009855,0.009324,0.02855,-0.336,0.425938,-1.917721,-0.105923,0.038712,0.321551,0.466103,0.124722,0.87589,-0.685646,0.676493,0.268668,-0.559584,-0.725924,0.399704,-0.037907,-0.006288,-0.03424,-0.065981,0.316048,0.095228,0.523942,0.037432,0.035582,-0.022129,-0.32244,-0.198339,0.925577,0.758459,-0.639175,0.127254,0.566367,0.743044,0.356528,-0.025256,-0.004953,-0.017756,-0.117655,0.448278,0.121527,0.457742,0.073746,0.035636,-0.066503,-0.387552,0.053318,-0.920304,-0.158991,-0.987231,0.009757,-0.908033,0.150101,0.391081,0.022312,-0.000461,0.008865,0.09709,-0.377854,0.57004,-0.799816
76,0.073255,0.026464,0.349519,-0.411291,-0.076781,-0.908289,0.12869,-0.991344,0.02547,-0.901873,-0.106324,0.418744,0.052009,-0.018628,0.004196,1.643042,-0.437517,-0.089178,-1.917123,-0.107451,0.038501,0.320274,0.453433,0.128482,0.881977,-0.692437,0.673733,0.257973,-0.561615,-0.727838,0.393324,-0.038785,-0.002666,-0.031324,0.072747,0.113182,-0.150749,0.525577,0.03667,0.035465,-0.022776,-0.308794,-0.201091,0.929627,0.763436,-0.635352,0.116155,0.567283,0.745579,0.349714,-0.013924,0.005689,-0.019095,0.142967,0.212141,-0.247739,0.506566,0.074545,0.035564,-0.066348,-0.372755,0.036955,-0.927193,-0.075041,-0.997134,-0.009574,-0.92489,0.066008,0.37446,0.019409,-0.007875,0.002809,5.5403,-0.559943,-1.8843,-0.804715
77,0.074113,0.026154,0.349522,-0.401835,-0.085066,-0.911777,0.177734,-0.983973,0.013413,-0.897807,-0.156566,0.411651,0.037538,-0.0198,0.002768,5.054323,-0.309565,-1.875303,-1.916554,-0.108073,0.038545,0.319637,0.448394,0.128718,0.884515,-0.696891,0.669911,0.255923,-0.560142,-0.731316,0.388949,-0.026062,0.000548,-0.03035,0.049047,0.852831,-0.482997,0.523837,0.036354,0.035487,-0.023095,-0.304232,-0.202492,0.930827,0.767099,-0.631433,0.113357,0.564801,0.748524,0.347434,-0.013033,0.000364,-0.015076,0.242436,2.29203,-1.784549,0.512281,0.074978,0.035408,-0.066348,-0.364861,0.028888,-0.930613,-0.029039,-0.999385,-0.019637,-0.930608,0.01986,0.365475,0.019292,-0.004891,-0.003139,0.142443,-0.152572,0.210303,-0.805858
78,0.075347,0.025452,0.349383,-0.389591,-0.079443,-0.91758,0.231352,-0.972754,-0.014067,-0.890979,-0.217673,0.398499,0.023939,-0.01149,-0.008121,0.022309,-0.039978,0.071784,-1.916551,-0.108971,0.038855,0.318419,0.439246,0.139061,0.887534,-0.719665,0.645699,0.255127,-0.538128,-0.750954,0.382557,-0.016243,0.019846,-0.032834,-1.52951,-0.086383,-0.377198,0.499177,0.035908,0.035626,-0.023698,-0.294147,-0.210404,0.932312,0.78462,-0.610167,0.109846,0.545755,0.763822,0.344566,-0.007181,0.004435,-0.012502,-0.12869,0.326166,0.476818,0.503137,0.07559,0.035057,-0.066417,-0.351532,0.029886,-0.935698,0.032826,-0.998481,-0.044224,-0.935599,-0.046262,0.350017,0.011757,-0.006359,-0.004541,0.218899,-0.269979,0.336147,-0.800469
79,0.075947,0.024701,0.349122,-0.37924,-0.06847,-0.922786,0.263151,-0.964043,-0.036674,-0.886624,-0.256663,0.384772,0.008485,-0.015545,-0.011827,0.050909,-0.113885,0.174694,-1.916143,-0.109409,0.039508,0.317476,0.413053,0.140169,0.899851,-0.742552,0.623785,0.243811,-0.527632,-0.769056,0.360583,-0.015552,0.014469,-0.020253,-0.171719,0.555904,0.0514,0.475034,0.035686,0.035944,-0.024175,-0.26558,-0.212491,0.940379,0.807562,-0.581817,0.0966,0.526602,0.78507,0.326118,-0.007761,0.007229,-0.010127,-0.529367,1.079151,-0.657018,0.473092,0.075897,0.034687,-0.066543,-0.338837,0.038652,-0.94005,0.066587,-0.995664,-0.06494,-0.938485,-0.084599,0.334795,0.004121,-0.008127,-0.006191,0.545737,-0.226353,0.176778,-0.803572
80,0.076176,0.023758,0.348646,-0.35556,-0.05595,-0.933002,0.2952,-0.953815,-0.055358,-0.886373,-0.295044,0.356817,0.004734,-0.033419,-0.00909,0.199978,-0.816761,0.544102,-1.916522,-0.109524,0.040209,0.316905,0.392608,0.117734,0.912134,-0.746758,0.61962,0.241574,-0.537202,-0.776122,0.330017,0.011153,0.012963,-0.007779,-0.289293,0.727105,0.377562,0.441717,0.035618,0.036299,-0.024468,-0.244859,-0.189797,0.950799,0.811066,-0.577415,0.093611,0.531239,0.794083,0.295323,0.005582,0.006513,-0.003863,-0.151663,0.448733,0.151118,0.435535,0.07602,0.034209,-0.066786,-0.313132,0.045946,-0.948596,0.100953,-0.991559,-0.081351,-0.944328,-0.121238,0.305851,-0.003292,-0.009348,-0.00744,0.933032,-1.986281,1.925904,-0.797857
81,0.076151,0.023257,0.34843,-0.343461,-0.054641,-0.9376,0.316343,-0.946681,-0.060769,-0.883862,-0.317415,0.343602,-0.007827,-0.029165,-0.006237,0.793189,-1.826123,2.08097,-1.915848,-0.109391,0.040542,0.316753,0.389671,0.106716,0.914746,-0.747221,0.617141,0.246437,-0.538692,-0.779667,0.319049,0.010631,0.015424,-0.005672,-0.146922,0.439352,0.157016,0.428535,0.035683,0.036474,-0.02455,-0.242493,-0.175769,0.954097,0.812221,-0.574612,0.100576,0.530558,0.799327,0.282103,0.005235,0.008144,-0.002469,-0.166241,0.467999,0.180686,0.41643,0.07601,0.03395,-0.066901,-0.30102,0.042811,-0.952656,0.123198,-0.988873,-0.083367,-0.945626,-0.142461,0.292396,-0.003314,-0.009305,-0.007423,-0.039615,-0.340241,-0.067992,-0.795081
82,0.075762,0.02225,0.347915,-0.320626,-0.033982,-0.94662,0.346378,-0.934327,-0.083835,-0.881206,-0.354734,0.312518,-0.008371,-0.023342,-0.018813,0.169273,-1.267641,0.741235,-1.915815,-0.108678,0.041181,0.316716,0.383135,0.076234,0.920537,-0.748585,0.609355,0.261229,-0.541474,-0.789268,0.289353,0.024543,0.010662,0.005681,-0.298478,0.674932,0.392459,0.417623,0.036034,0.036796,-0.024572,-0.236944,-0.146601,0.960398,0.81519,-0.567773,0.11445,0.52851,0.810025,0.254038,0.011268,0.011169,-0.00075,-0.373494,1.023894,0.404243,0.390303,0.075817,0.033448,-0.067151,-0.27554,0.061259,-0.959334,0.156304,-0.981831,-0.10759,-0.948496,-0.179594,0.260959,-0.011307,-0.015634,-0.004264,0.950559,-1.622035,2.3618,-0.797857
83,0.075214,0.02126,0.347093,-0.301509,0.010494,-0.953429,0.369524,-0.92048,-0.127045,-0.878571,-0.390642,0.274842,-0.021663,-0.013423,-0.028721,0.785986,-2.107074,2.387486,-1.915939,-0.107796,0.041783,0.316882,0.374888,0.048878,0.925776,-0.747474,0.606541,0.270786,-0.548729,-0.793555,0.262735,0.02421,0.01199,0.006787,-0.198652,0.564772,0.055933,0.414027,0.036483,0.037105,-0.024483,-0.229748,-0.117554,0.966124,0.815445,-0.565141,0.125152,0.531285,0.816575,0.225699,0.012089,0.00609,0.003458,-0.186068,0.525149,0.025548,0.377893,0.075547,0.032948,-0.06756,-0.247376,0.098886,-0.963859,0.183581,-0.971975,-0.146835,-0.951368,-0.21327,0.22229,-0.005073,-0.014104,-0.011462,-0.093589,-0.875325,0.267651,-0.804715
84,0.074906,0.020746,0.34663,-0.292899,0.026777,-0.955792,0.377596,-0.915094,-0.141405,-0.878062,-0.402363,0.259109,-0.0236,-0.025923,-0.021798,-0.047099,-1.106737,0.397967,-1.915934,-0.107317,0.042094,0.31696,0.371184,0.031034,0.928036,-0.737871,0.616489,0.274633,-0.56404,-0.786735,0.250542,0.024295,0.011472,0.006333,-0.194757,0.56205,0.053635,0.41484,0.036713,0.037259,-0.024444,-0.227003,-0.100345,0.96871,0.807058,-0.576107,0.129446,0.545092,0.81119,0.211762,0.011162,0.01144,-0.000544,-0.191779,0.667906,0.12787,0.376097,0.075384,0.032685,-0.067802,-0.235438,0.116348,-0.964899,0.193488,-0.967323,-0.163852,-0.952434,-0.225274,0.205233,-0.011867,-0.013184,-0.011056,-0.047533,-1.084526,0.425118,-0.805042
85,0.074453,0.019686,0.345509,-0.268468,0.040679,-0.962453,0.420502,-0.893915,-0.155133,-0.866328,-0.446421,0.22408,-0.010086,-0.020459,-0.034376,5.27756,-0.078435,-0.953704,-1.916081,-0.106362,0.042781,0.317032,0.364287,-0.007555,0.931252,-0.702118,0.65461,0.280089,-0.612152,-0.755859,0.23197,0.022333,0.022482,-0.001404,0.417379,0.394927,0.207043,0.414967,0.0372,0.037608,-0.024405,-0.221832,-0.060759,0.973189,0.775084,-0.616562,0.138181,0.591636,0.784957,0.183866,0.011178,0.011213,-0.000754,0.439657,0.334778,0.162256,0.377077,0.075157,0.032153,-0.068365,-0.206092,0.124811,-0.970539,0.238904,-0.955399,-0.173595,-0.94892,-0.267643,0.167082,-0.005162,-0.01032,-0.017484,5.269273,-0.101124,-0.960666,-0.809287
86,0.07436,0.018919,0.344331,-0.228936,0.055635,-0.971874,0.469543,-0.868208,-0.160362,-0.852425,-0.493127,0.17385,0.005828,-0.016041,-0.030326,5.2543,-0.539103,-1.165739,-1.915938,-0.105944,0.043647,0.317127,0.355956,-0.04541,0.933395,-0.663455,0.691038,0.286755,-0.65845,-0.721269,0.214658,0.008056,0.026308,0.003535,-0.041943,0.329146,0.143736,0.393231,0.037408,0.038022,-0.024366,-0.215645,-0.023144,0.976197,0.739977,-0.656168,0.147906,0.637126,0.754259,0.158625,-0.002318,0.011654,0.001332,0.033283,0.433814,0.151695,0.363197,0.075104,0.031763,-0.068953,-0.166156,0.132748,-0.977122,0.28863,-0.940953,-0.176914,-0.942912,-0.311423,0.11803,0.003117,-0.007534,-0.014726,-0.061255,-1.029541,0.028764,-0.81043
87,0.074575,0.01853,0.343392,-0.187836,0.071597,-0.979611,0.507938,-0.846515,-0.159318,-0.840428,-0.527605,0.123858,0.009337,-0.006463,-0.022377,-0.082045,-1.489659,-0.214513,-1.915994,-0.106045,0.044648,0.317271,0.347924,-0.077128,0.93434,-0.639038,0.709617,0.296662,-0.686311,-0.700187,0.19641,-0.007036,0.036443,-0.003232,-0.056747,0.362717,0.118383,0.3594,0.037362,0.038524,-0.024287,-0.209539,0.009163,0.977757,0.718459,-0.676842,0.160313,0.663256,0.736071,0.135241,-0.008984,0.011632,0.002153,-0.102933,0.40201,0.121217,0.327763,0.075212,0.031557,-0.069438,-0.12162,0.139093,-0.982782,0.335975,-0.925916,-0.172622,-0.933985,-0.351185,0.065878,0.004856,-0.002778,-0.010785,-0.098073,-1.408207,-0.160662,-0.801776
88,0.074723,0.018314,0.343076,-0.165973,0.081247,-0.982801,0.521719,-0.838441,-0.157473,-0.836608,-0.538991,0.097993,0.008765,-0.015409,-0.012401,-0.08479,-1.236638,-0.085536,-1.91584,-0.106271,0.045188,0.317309,0.342041,-0.096109,0.934753,-0.62244,0.721963,0.302114,-0.704292,-0.685031,0.185925,-0.017703,0.022201,0.003408,-0.159789,0.561696,0.207143,0.328798,0.037252,0.038802,-0.024269,-0.204964,0.027376,0.978386,0.703502,-0.690863,0.166709,0.680495,0.722466,0.122343,-0.003603,0.018597,-0.001317,-0.153334,0.706895,0.424858,0.299677,0.075283,0.031458,-0.069589,-0.09768,0.143702,-0.984788,0.350953,-0.920978,-0.169201,-0.931284,-0.362142,0.039528,0.004687,-0.006921,-0.005521,-0.11404,-1.384588,0.095227,-0.800143
89,0.07501,0.017863,0.342699,-0.124348,0.101016,-0.987106,0.558743,-0.814931,-0.153836,-0.819808,-0.570802,0.046121,0.010402,-0.010961,-0.008664,1.578238,-1.134793,0.011191,-1.916343,-0.107035,0.046273,0.317175,0.329255,-0.126447,0.935732,-0.597255,0.739584,0.310219,-0.731662,-0.660843,0.166795,-0.018669,0.029222,-0.007641,-0.072226,0.406477,0.112797,0.248897,0.036869,0.039349,-0.024326,-0.193919,0.05952,0.979209,0.681047,-0.710263,0.178044,0.706094,0.701415,0.097197,-0.008249,0.00851,-0.000483,-0.131109,0.454282,0.126286,0.215092,0.075431,0.031228,-0.06978,-0.051945,0.155136,-0.986526,0.391066,-0.905807,-0.163034,-0.918895,-0.394266,-0.013617,0.005315,-0.005202,-0.0041,1.598654,-1.190292,-0.033723,-0.799326
90,0.075457,0.017344,0.342483,-0.087805,0.126005,-0.988159,0.594966,-0.788935,-0.153522,-0.798827,-0.601566,-0.004467,0.01086,-0.00976,-0.007664,0.119173,-1.147227,-0.009797,-1.915665,-0.107899,0.047142,0.316626,0.310577,-0.158721,0.937198,-0.577219,0.751776,0.318725,-0.75551,-0.63975,0.140671,-0.016273,0.018478,-0.016603,-0.166162,0.663036,0.278706,0.172314,0.036434,0.039796,-0.02459,-0.177382,0.091648,0.979865,0.66314,-0.724548,0.187814,0.727172,0.683103,0.067746,-0.014351,0.007363,-0.009031,-0.235901,0.909562,0.402994,0.099973,0.075652,0.030978,-0.069881,-0.011713,0.171817,-0.985058,0.431946,-0.887601,-0.159954,-0.901822,-0.427366,-0.063819,0.004904,-0.010061,0.000594,0.444383,-1.433738,-0.012167,-0.800633
91,0.075694,0.017107,0.342361,-0.071814,0.139113,-0.987692,0.613015,-0.774944,-0.153774,-0.786707,-0.616695,-0.028398,0.010999,-0.009408,-0.007374,0.132646,-1.144391,0.029277,-1.915546,-0.108202,0.047551,0.316202,0.293652,-0.172345,0.940243,-0.566931,0.760462,0.316575,-0.769916,-0.625792,0.124403,-0.01544,0.014682,-0.019764,-0.17349,1.024744,-0.523133,0.171998,0.036276,0.040007,-0.024808,-0.160854,0.107669,0.981087,0.653334,-0.733455,0.18761,0.739783,0.671156,0.047635,-0.00762,0.006925,-0.010225,-0.176643,1.046809,-0.605632,0.069764,0.075771,0.03086,-0.069941,0.006501,0.181367,-0.983393,0.452375,-0.877565,-0.158859,-0.891803,-0.44383,-0.087751,0.005317,-0.005247,-0.004132,0.494747,-1.332439,-0.143484,-0.802266
92,0.076091,0.016633,0.342086,-0.041283,0.164796,-0.985486,0.648858,-0.745572,-0.151912,-0.759733,-0.645925,-0.074924,0.010502,-0.010857,-0.008633,0.020871,-1.104104,0.029642,-1.915671,-0.108584,0.048151,0.3152,0.255665,-0.201122,0.94561,-0.551938,0.772598,0.313673,-0.79395,-0.601853,0.085314,-0.013698,0.006625,-0.026515,-0.145284,0.647561,0.194442,0.195957,0.03609,0.040306,-0.025299,-0.124327,0.138127,0.982579,0.63881,-0.746595,0.185783,0.759252,0.65078,0.004584,-0.001489,0.010287,-0.016663,-0.167353,0.863801,0.195466,0.068131,0.075971,0.030627,-0.070075,0.041654,0.20025,-0.978858,0.493318,-0.856082,-0.154141,-0.86885,-0.476469,-0.134446,-0.001363,-0.003839,-0.003265,0.065465,-1.308577,-0.13186,-0.797204
93,0.076298,0.016167,0.341823,-0.009841,0.194523,-0.980872,0.692371,-0.706371,-0.147086,-0.721456,-0.680825,-0.126512,0.010516,-0.010878,-0.008676,1.660982,-0.959406,-0.053689,-1.905242,-0.108749,0.048206,0.314053,0.207361,-0.234284,0.949791,-0.529652,0.789316,0.310456,-0.822648,-0.567135,0.038375,0.002835,-0.010997,-0.02623,1.222414,1.79836,0.239835,0.238791,0.036001,0.04034,-0.025872,-0.079255,0.171924,0.981916,0.618225,-0.76423,0.183709,0.781994,0.621605,-0.045719,0.000513,0.000142,-0.016761,5.090219,2.482485,0.282681,0.107974,0.076079,0.030389,-0.070211,0.078582,0.223268,-0.971584,0.543163,-0.826822,-0.146071,-0.83594,-0.516251,-0.186244,0.005269,-0.005433,-0.00433,1.688816,-1.01525,-0.095907,-0.79655
94,0.076351,0.01598,0.341668,0.023047,0.225253,-0.974051,0.730237,-0.669187,-0.137528,-0.682827,-0.708407,-0.178701,0.00019,0.007916,-0.010926,0.129093,-1.256888,-0.070784,-1.863502,-0.108499,0.047808,0.312857,0.154796,-0.261738,0.95264,-0.502249,0.809437,0.304124,-0.850863,-0.525206,-0.007372,0.004231,-0.017418,-0.031894,-0.223578,1.131045,-0.000893,0.283311,0.036126,0.040142,-0.026469,-0.02805,0.204258,0.978514,0.590361,-0.786556,0.181111,0.80665,0.582758,-0.098523,0.008469,-0.007352,-0.015637,-0.134094,1.037672,0.229269,0.168065,0.076103,0.030288,-0.070289,0.116312,0.246055,-0.962251,0.587533,-0.79818,-0.133083,-0.800796,-0.549876,-0.237404,-0.000307,-0.000888,-0.000732,0.222287,-1.387263,-0.363393,-0.786427
95,0.076315,0.015958,0.341608,0.035929,0.243199,-0.969334,0.758137,-0.63854,-0.132159,-0.651142,-0.73045,-0.206116,-0.000967,-0.002706,-0.002327,0.220703,-1.302628,-0.310239,-1.833223,-0.108242,0.047445,0.312217,0.131515,-0.276976,0.951829,-0.486985,0.818199,0.305499,-0.863532,-0.503352,-0.028488,0.004908,-0.02047,-0.034662,-0.160893,1.309984,0.119644,0.300893,0.036255,0.039961,-0.026788,-0.006467,0.220369,0.975395,0.575925,-0.796575,0.183786,0.817476,0.562943,-0.121765,0.008871,-0.009097,-0.017212,0.304064,0.965632,-0.198492,0.195824,0.076086,0.030282,-0.070321,0.132325,0.26129,-0.956146,0.620772,-0.773869,-0.125567,-0.772742,-0.576934,-0.264604,-0.000455,-0.001308,-0.001084,0.238117,-1.382293,-0.354721,-0.778262
96,0.076176,0.015718,0.341399,0.054138,0.285541,-0.956859,0.813603,-0.568116,-0.123556,-0.578951,-0.772178,-0.261885,-0.002504,-0.006998,-0.006033,0.587364,-1.496346,0.111563,-1.616796,-0.107436,0.046617,0.310906,0.090691,-0.297521,0.950393,-0.45904,0.834339,0.305114,-0.883806,-0.463563,-0.062114,0.0181,-0.019439,-0.035881,5.118068,2.396899,-0.365423,0.318433,0.036654,0.039539,-0.027449,0.031371,0.244853,0.969052,0.554371,-0.810996,0.186969,0.831678,0.531349,-0.161181,0.015479,-0.008529,-0.017789,-0.158939,0.793712,0.084475,0.231258,0.076019,0.030169,-0.070421,0.157974,0.298615,-0.941207,0.688635,-0.716448,-0.111725,-0.707689,-0.6305,-0.318817,-0.001302,-0.003693,-0.003132,0.613608,-1.583671,0.061887,-0.694167
97,0.075933,0.015436,0.341069,0.068207,0.326102,-0.942895,0.844781,-0.521607,-0.119345,-0.530821,-0.788812,-0.30989,-0.017028,-0.007205,-0.006917,1.693806,-1.174669,0.301668,-1.443668,-0.106254,0.045775,0.309673,0.055643,-0.309888,0.949139,-0.440252,0.845526,0.30199,-0.896138,-0.434273,-0.090586,0.032718,-0.02653,-0.027011,-0.147959,0.600423,0.158746,0.336068,0.037253,0.039104,-0.028085,0.066881,0.259698,0.96337,0.531313,-0.826521,0.185921,0.84453,0.499417,-0.19326,0.016357,-0.013194,-0.013457,-0.153607,0.66555,0.210475,0.256405,0.075904,0.030032,-0.070581,0.177957,0.333994,-0.925623,0.726941,-0.678608,-0.105105,-0.66324,-0.654169,-0.363557,-0.001939,-0.005236,-0.004874,5.278309,-0.31506,1.778968,-0.60844
98,0.075729,0.015283,0.340797,0.069837,0.341148,-0.937436,0.851928,-0.509242,-0.121911,-0.519055,-0.790546,-0.325033,-0.01822,-0.010471,-0.009777,0.054982,-0.669945,0.183475,-1.419779,-0.105547,0.045319,0.309174,0.037747,-0.309888,0.950019,-0.434084,0.85116,0.29501,-0.90005,-0.423134,-0.103594,0.044811,-0.019959,-0.023198,-0.052668,0.242327,-0.05498,0.339737,0.03758,0.038886,-0.028323,0.084872,0.262061,0.961311,0.524859,-0.831846,0.180428,0.846946,0.48924,-0.208146,0.016012,-0.0114,-0.011957,-0.079793,0.26919,-0.14447,0.266529,0.075805,0.029964,-0.070709,0.18438,0.348733,-0.918906,0.73753,-0.667074,-0.105174,-0.649656,-0.658329,-0.380197,-0.008556,-3.1e-05,-0.009244,0.102835,-0.831199,0.111984,-0.603867
99,0.075301,0.014769,0.340233,0.064849,0.360477,-0.930536,0.865021,-0.485177,-0.127724,-0.497592,-0.797106,-0.342128,-0.006581,-0.018228,-0.015919,1.547955,0.027574,0.819508,-1.416139,-0.104175,0.044564,0.308399,0.012682,-0.307083,0.951593,-0.441028,0.852316,0.281044,-0.897341,-0.422857,-0.125829,0.043634,-0.013725,-0.017909,-0.237869,0.514275,-0.559294,0.338985,0.038267,0.0385,-0.028717,0.107344,0.261654,0.959173,0.529321,-0.831694,0.16764,0.841603,0.489716,-0.227776,0.021779,-0.006653,-0.008785,-0.038509,0.163834,-0.058169,0.272244,0.075588,0.029713,-0.070986,0.185288,0.367916,-0.91121,0.751425,-0.650602,-0.109894,-0.633267,-0.664345,-0.397011,-0.009804,-0.007123,-0.006549,-0.018144,-0.117077,0.284648,-0.648936
100,0.074872,0.01412,0.339668,0.066901,0.365049,-0.928606,0.868148,-0.479966,-0.126193,-0.491845,-0.798186,-0.347873,-0.006252,-0.017243,-0.015165,-0.000149,0.028693,-0.050017,-1.420332,-0.102775,0.043968,0.307868,0.00106,-0.302572,0.953121,-0.438769,0.856268,0.272434,-0.898523,-0.418108,-0.133059,0.04497,-0.021158,-0.007257,-0.035796,-0.003895,0.022341,0.344188,0.038978,0.038201,-0.028991,0.121892,0.256336,0.958871,0.526437,-0.835688,0.156484,0.84143,0.485711,-0.236809,0.014896,-0.005754,-0.007125,0.001963,-0.0021,0.016844,0.276163,0.075376,0.029379,-0.071276,0.18538,0.372981,-0.90913,0.759364,-0.641576,-0.108373,-0.623697,-0.670272,-0.402164,-0.003811,-0.014243,-0.003536,-0.038594,0.068122,-0.053331,-0.697433
101,0.074375,0.013631,0.339194,0.0699,0.360075,-0.930325,0.86779,-0.481857,-0.121354,-0.492063,-0.799299,-0.344996,-0.004531,-0.012436,-0.011003,-0.001379,0.118718,-0.194318,-1.426626,-0.10127,0.043382,0.307641,-0.003657,-0.297266,0.954783,-0.441167,0.857265,0.265334,-0.897336,-0.419874,-0.135489,0.043628,-0.014664,-0.001505,-0.009738,-0.110792,-0.025969,0.356653,0.039732,0.037903,-0.029109,0.127094,0.251203,0.959553,0.52786,-0.836161,0.148984,0.839767,0.487575,-0.238872,0.015326,-0.008598,-0.000959,-0.003721,-0.116928,-0.063905,0.287267,0.075116,0.029119,-0.071527,0.187164,0.367573,-0.910965,0.758436,-0.643428,-0.103795,-0.624293,-0.671483,-0.399208,-0.009023,-0.00481,-0.00462,0.000226,0.045355,-0.077743,-0.727152
102,0.074127,0.013535,0.338991,0.071404,0.357683,-0.931133,0.867695,-0.482635,-0.118916,-0.492016,-0.799901,-0.343666,-0.015656,0.004435,-0.014857,0.032789,0.009741,-0.03933,-1.429385,-0.100494,0.043115,0.307638,-0.006534,-0.296757,0.954926,-0.437301,0.859576,0.264254,-0.899206,-0.41549,-0.136598,0.045338,-0.024129,0.007489,-0.069252,-0.015904,0.02426,0.368558,0.040119,0.037774,-0.029113,0.12997,0.250844,0.959262,0.523861,-0.838783,0.148361,0.841829,0.483238,-0.240424,0.015032,-0.007253,0.000247,-0.03283,0.000629,0.026674,0.296085,0.074996,0.029063,-0.071628,0.188217,0.364829,-0.911851,0.758048,-0.644281,-0.101304,-0.624448,-0.672161,-0.397823,-0.008438,-0.003176,-0.003191,-0.000934,0.133731,-0.223168,-0.736459
103,0.073741,0.013429,0.338678,0.074353,0.352945,-0.932709,0.86749,-0.48416,-0.114112,-0.491944,-0.801078,-0.341017,-0.015966,-0.003766,-0.004128,-0.001151,0.029753,-0.054138,-1.431236,-0.098906,0.042668,0.307885,-0.010735,-0.290944,0.956675,-0.423526,0.867935,0.259324,-0.90573,-0.402028,-0.133752,0.043647,-0.016575,0.014319,-0.052435,-0.034503,0.041663,0.399424,0.040915,0.037545,-0.028995,0.134698,0.24511,0.960092,0.509962,-0.8479,0.144921,0.849584,0.47009,-0.239208,0.02066,-0.002174,0.003867,0.03413,-0.130004,0.234445,0.329069,0.074804,0.029016,-0.071787,0.190213,0.35967,-0.913485,0.757351,-0.645825,-0.096582,-0.62469,-0.673458,-0.395242,-0.00113,-0.003098,-0.002747,-0.0004,0.11897,-0.193815,-0.746257
104,0.073388,0.013103,0.338564,0.07285,0.355899,-0.931705,0.866479,-0.485131,-0.117621,-0.493947,-0.799184,-0.342563,-0.004172,-0.018753,0.001355,-0.681163,-1.426738,2.215366,-1.453637,-0.097519,0.042426,0.308339,-0.007984,-0.286187,0.958136,-0.424444,0.868476,0.25599,-0.905332,-0.404272,-0.129619,0.027252,-0.002489,0.011437,-0.023885,-0.062172,0.044986,0.408269,0.041599,0.037421,-0.028769,0.132468,0.239953,0.961704,0.51039,-0.848247,0.141342,0.849679,0.472121,-0.234835,0.013605,-0.001174,0.005759,-0.02158,-0.034176,0.063741,0.354379,0.074631,0.028866,-0.071839,0.190089,0.360333,-0.913249,0.75636,-0.646806,-0.097772,-0.625926,-0.672161,-0.395493,-0.002029,-0.009228,0.000816,-0.031134,0.039392,-0.045695,-0.758014
105,0.073224,0.012843,0.338529,0.0682,0.35835,-0.931117,0.865818,-0.48491,-0.123263,-0.49576,-0.798225,-0.34218,-0.003104,-0.008426,-0.007528,-0.023977,0.204357,0.091435,-1.45988,-0.096979,0.042437,0.308547,-0.006249,-0.287198,0.957847,-0.424813,0.867832,0.257557,-0.905175,-0.404936,-0.128642,0.026873,-0.000968,0.012813,-0.010713,-0.159972,0.219763,0.40745,0.041884,0.037427,-0.02866,0.13088,0.241117,0.96163,0.510974,-0.84762,0.142986,0.849573,0.472654,-0.234141,0.012345,0.005264,0.00278,0.006185,-0.039842,0.087084,0.358625,0.074543,0.028731,-0.071854,0.18568,0.366353,-0.91176,0.755968,-0.646029,-0.105627,-0.627721,-0.66965,-0.396906,-0.002227,-0.009756,0.00034,-0.078293,0.329547,0.122878,-0.763566
106,0.073065,0.012246,0.338471,0.061768,0.36371,-0.929487,0.864749,-0.484473,-0.132166,-0.498454,-0.796068,-0.343289,-0.004063,-0.018433,0.001612,-0.037477,0.06202,-0.022933,-1.463046,-0.095993,0.042683,0.308801,-0.001172,-0.287031,0.957917,-0.424264,0.867509,0.259542,-0.90546,-0.405744,-0.124007,0.02508,0.008926,0.004121,0.004207,-0.030831,0.058162,0.407753,0.042366,0.037552,-0.028524,0.125804,0.240617,0.962432,0.510736,-0.847404,0.145098,0.850482,0.473295,-0.229499,0.006079,0.002973,0.001689,0.00149,-0.007431,0.034788,0.360584,0.074464,0.028437,-0.071886,0.179538,0.372619,-0.91045,0.755541,-0.644934,-0.114962,-0.630018,-0.667243,-0.39732,-0.001937,-0.00896,0.001039,-0.026215,0.044033,-0.036447,-0.761116
107,0.073051,0.011919,0.338305,0.06249,0.362307,-0.929986,0.864547,-0.485157,-0.130973,-0.498715,-0.79629,-0.342394,0.011711,-0.007967,-0.006345,0.000983,-0.014708,0.029557,-1.464228,-0.095412,0.042998,0.308884,0.00154,-0.288742,0.957401,-0.423842,0.866901,0.26225,-0.90566,-0.405827,-0.122259,0.012404,0.004956,0.002503,0.002045,-0.015205,0.029245,0.408246,0.042665,0.037714,-0.028479,0.122915,0.242278,0.962388,0.510715,-0.846917,0.14798,0.850917,0.473318,-0.227835,0.006114,0.002823,0.001553,0.004251,-0.032317,0.052488,0.363197,0.074449,0.028264,-0.071971,0.180318,0.371106,-0.910914,0.75518,-0.64561,-0.113531,-0.630227,-0.667433,-0.396668,-0.000346,0.00277,-0.006589,0.034063,-0.006138,-0.010533,-0.761606
108,0.073002,0.011821,0.337986,0.062635,0.362419,-0.929933,0.864413,-0.485388,-0.131003,-0.498929,-0.796098,-0.342527,-0.002386,-0.006462,-0.00582,-0.017211,-0.024321,0.036488,-1.465684,-0.095041,0.043237,0.308985,0.001715,-0.28892,0.957347,-0.424182,0.866678,0.262437,-0.9055,-0.406177,-0.122282,-0.000799,0.003091,0.002812,0.0,-0.0,-0.0,0.405293,0.042861,0.037834,-0.02843,0.122693,0.24247,0.962368,0.511086,-0.846663,0.148159,0.850726,0.473676,-0.227803,0.006003,0.003229,0.001922,0.004893,-0.033384,0.05369,0.361564,0.074431,0.028217,-0.072128,0.180466,0.371258,-0.910823,0.755006,-0.645795,-0.113638,-0.630394,-0.667169,-0.396847,-0.001189,-0.003231,-0.002911,-0.017183,-0.02441,0.036262,-0.762423
109,0.072964,0.01177,0.337817,0.06222,0.363398,-0.929579,0.864239,-0.485433,-0.13198,-0.499282,-0.795626,-0.343112,-0.00253,-0.00685,-0.006177,-0.058189,-0.012445,0.009274,-1.465261,-0.094886,0.043305,0.30906,0.002973,-0.28962,0.957133,-0.424136,0.866351,0.263588,-0.905521,-0.406374,-0.121476,-0.000749,0.002891,0.002629,0.0,-0.0,-0.0,0.40504,0.042938,0.037869,-0.028392,0.121362,0.243097,0.962379,0.511195,-0.846391,0.149333,0.850852,0.47384,-0.22699,0.006035,0.003091,0.001798,0.004562,-0.032564,0.05249,0.360258,0.074413,0.028194,-0.07221,0.180254,0.372228,-0.910469,0.754901,-0.645756,-0.11455,-0.630579,-0.666667,-0.397395,-0.001207,-0.003287,-0.002963,-0.213271,-0.468203,0.724207,-0.759647
110,0.072897,0.011508,0.337555,0.060771,0.366194,-0.928577,0.86375,-0.485477,-0.134982,-0.500304,-0.794318,-0.34465,-0.004274,-0.018993,0.001044,-0.034111,0.035035,-0.039405,-1.468316,-0.094744,0.043421,0.309193,0.002957,-0.286415,0.958097,-0.424203,0.867201,0.260671,-0.905489,-0.406838,-0.120147,-0.000763,0.002941,0.002672,0.042786,-0.145657,-0.113988,0.404639,0.043009,0.037928,-0.028325,0.121737,0.240012,0.963106,0.511046,-0.84698,0.146476,0.850888,0.47436,-0.225766,-0.000391,0.001504,0.001361,0.044442,-0.171369,-0.131781,0.359768,0.074381,0.02807,-0.072342,0.179324,0.375327,-0.909379,0.754562,-0.645593,-0.11766,-0.63125,-0.665084,-0.398979,-0.001488,-0.004034,-0.003646,0.001554,0.01831,-0.02978,-0.760463
111,0.072782,0.011053,0.337349,0.051187,0.373874,-0.926091,0.865505,-0.479219,-0.145686,-0.498327,-0.79455,-0.346969,-0.003101,-0.008381,-0.007605,-0.000825,0.015645,-0.021915,-1.473342,-0.094687,0.043558,0.30929,0.004384,-0.287189,0.95786,-0.424038,0.866888,0.261974,-0.905562,-0.406956,-0.119193,-0.000751,0.00289,0.002622,0.002765,-0.017195,0.022958,0.404671,0.043038,0.037995,-0.028277,0.120236,0.240513,0.963169,0.510888,-0.846864,0.147694,0.851196,0.474314,-0.224699,-0.000238,0.000913,0.000824,-0.000309,0.002065,0.001564,0.359605,0.074322,0.027836,-0.072443,0.171203,0.384689,-0.907029,0.758058,-0.639476,-0.12813,-0.629313,-0.665645,-0.401097,-0.001563,-0.004229,-0.003833,0.005844,0.005258,-0.033975,-0.762259
112,0.072699,0.010813,0.337241,0.050112,0.375742,-0.925393,0.865166,-0.47919,-0.147775,-0.499023,-0.793687,-0.347942,-0.004791,-0.020376,-0.000248,-0.034258,0.034717,-0.038912,-1.475226,-0.09466,0.043611,0.309333,0.00538,-0.287716,0.957696,-0.423937,0.866666,0.26287,-0.905605,-0.407056,-0.118524,-0.000716,0.002753,0.002497,0.002757,-0.017169,0.022978,0.404759,0.043051,0.038021,-0.028256,0.119203,0.240996,0.963177,0.510914,-0.846687,0.148618,0.851326,0.474386,-0.224055,-0.000218,0.000832,0.000751,0.018767,-0.118241,0.158859,0.359605,0.074282,0.027722,-0.072499,0.170612,0.386744,-0.906266,0.757869,-0.639293,-0.130139,-0.629701,-0.664629,-0.402173,-0.001803,-0.004877,-0.00443,0.003387,-0.087235,0.138828,-0.75981
113,0.072492,0.010422,0.336908,0.048264,0.379161,-0.924096,0.864635,-0.479005,-0.151437,-0.500121,-0.792175,-0.349807,-0.00413,-0.011129,-0.010159,-0.005407,0.01823,-0.030853,-1.478123,-0.094586,0.04372,0.309429,0.007291,-0.288729,0.957379,-0.423766,0.866228,0.264587,-0.905674,-0.407271,-0.117252,-0.000573,0.002203,0.001997,0.0,-0.0,-0.0,0.404739,0.043088,0.038078,-0.028206,0.117187,0.2419,0.963198,0.510982,-0.846334,0.150382,0.851565,0.474554,-0.222786,-0.000288,0.0011,0.000995,-0.000167,-3.9e-05,7.6e-05,0.359768,0.074177,0.02752,-0.072665,0.169455,0.390389,-0.90492,0.757547,-0.638924,-0.133779,-0.630402,-0.66285,-0.404007,-0.002079,-0.005616,-0.005124,-0.003817,0.021468,-0.036218,-0.759483
114,0.072309,0.009988,0.33651,0.042932,0.379156,-0.924361,0.867096,-0.473683,-0.154082,-0.496324,-0.795373,-0.347953,-0.003995,-0.010744,-0.009853,-0.003615,0.046762,-0.005227,-1.478428,-0.094513,0.043874,0.309539,0.010227,-0.287153,0.957826,-0.422969,0.866657,0.264457,-0.906022,-0.407474,-0.113808,-0.00072,0.002765,0.002503,0.019221,-0.119059,0.158128,0.404554,0.043125,0.038152,-0.028154,0.114548,0.23995,0.964003,0.51018,-0.846856,0.150169,0.852405,0.474613,-0.219424,-0.000502,0.00192,0.001736,0.002654,-0.008411,0.028955,0.359931,0.074087,0.027308,-0.072859,0.163978,0.391366,-0.905507,0.761105,-0.634154,-0.136258,-0.627558,-0.666843,-0.401858,-0.002169,-0.00585,-0.005359,0.005928,0.048769,-0.038602,-0.757524
115,0.072237,0.009805,0.336314,0.043333,0.378502,-0.92461,0.867089,-0.47391,-0.153422,-0.496302,-0.795548,-0.347583,-0.00373,-0.010026,-0.009213,-0.000238,0.015542,-0.024277,-1.479342,-0.094441,0.04395,0.309595,0.010836,-0.287503,0.957714,-0.422908,0.866512,0.265029,-0.906044,-0.407534,-0.113412,0.012304,0.005187,0.002692,0.002047,-0.015214,0.029239,0.404301,0.043156,0.038191,-0.028125,0.113967,0.240331,0.963977,0.510204,-0.846732,0.15078,0.852468,0.474642,-0.219118,-0.00041,0.001569,0.001418,0.002474,-0.015849,0.02396,0.359931,0.074047,0.027206,-0.072966,0.164465,0.390671,-0.905718,0.761073,-0.63437,-0.135428,-0.627469,-0.667045,-0.401661,-0.00185,-0.00499,-0.004583,0.002403,0.007805,-0.028851,-0.758177
116,0.071995,0.009446,0.335991,0.042976,0.379253,-0.924319,0.86677,-0.4742,-0.154324,-0.496889,-0.795019,-0.347957,-0.016992,-0.005928,-0.006367,-0.001163,0.02971,-0.054164,-1.480185,-0.094216,0.044106,0.30971,0.013352,-0.285767,0.958202,-0.422206,0.866994,0.264569,-0.906341,-0.407731,-0.110291,0.012097,0.005952,0.003379,0.005277,-0.033906,0.051022,0.404635,0.043269,0.038267,-0.028069,0.111487,0.238322,0.964765,0.509454,-0.847248,0.15042,0.853244,0.474735,-0.215872,0.006122,0.002695,0.001432,0.002251,-0.002943,0.037535,0.359931,0.073933,0.027029,-0.073126,0.164313,0.391534,-0.905374,0.760759,-0.63455,-0.136348,-0.62789,-0.666368,-0.402128,-0.001708,-0.00459,-0.00423,-0.000273,0.015126,-0.025336,-0.763566
117,0.071718,0.009178,0.335734,0.038664,0.381214,-0.923702,0.866172,-0.473654,-0.15928,-0.498279,-0.794408,-0.347363,-0.016353,-0.004157,-0.004758,-0.003164,0.049227,-0.042254,-1.4809,-0.093949,0.044217,0.309779,0.013036,-0.282478,0.959181,-0.422222,0.867929,0.261463,-0.906338,-0.40804,-0.10917,-0.000257,0.000977,0.000883,0.002817,-0.009164,-0.007187,0.404437,0.043406,0.038328,-0.02803,0.112062,0.234938,0.965528,0.50906,-0.848038,0.147267,0.853404,0.475009,-0.214631,-0.000113,0.000434,0.000389,0.002473,0.014806,0.009738,0.359931,0.073794,0.026894,-0.073256,0.160162,0.394249,-0.904938,0.76048,-0.633753,-0.141509,-0.629298,-0.665524,-0.401323,-0.001299,-0.003482,-0.003218,0.009725,0.012371,-0.029763,-0.759647
118,0.071439,0.00892,0.335525,0.035284,0.38733,-0.92129,0.865379,-0.47289,-0.165728,-0.4999,-0.791907,-0.350729,-0.015653,-0.002232,-0.002994,-0.005909,0.002989,-0.011129,-1.480468,-0.093624,0.044342,0.309852,0.015186,-0.280592,0.959702,-0.421561,0.868476,0.26071,-0.906615,-0.408179,-0.106314,0.012363,0.004903,0.002423,0.002816,-0.017703,0.027286,0.404006,0.04356,0.038383,-0.027998,0.110228,0.232915,0.96623,0.508319,-0.848604,0.146571,0.854085,0.474997,-0.211935,-0.00017,0.000646,0.000578,0.000461,0.014465,0.009769,0.359931,0.073653,0.026762,-0.073362,0.158232,0.400939,-0.902335,0.760232,-0.632619,-0.147782,-0.630087,-0.6626,-0.404908,-0.001161,-0.003104,-0.002875,-0.015999,-0.024036,0.034518,-0.756707
119,0.071337,0.008792,0.335485,0.031613,0.38796,-0.921158,0.864966,-0.472373,-0.16932,-0.500855,-0.791907,-0.349362,-0.002976,-0.01539,0.004196,-0.217105,-0.38249,0.687589,-1.480742,-0.093484,0.044394,0.309876,0.015668,-0.280904,0.959603,-0.421513,0.868354,0.261194,-0.906629,-0.408225,-0.106016,-0.000216,0.000817,0.000738,1.3e-05,-4.3e-05,-3.4e-05,0.401662,0.043639,0.038415,-0.027982,0.109728,0.233384,0.966173,0.508355,-0.848469,0.147218,0.854127,0.475006,-0.211743,0.006326,0.0019,0.000707,0.001538,-0.012552,0.031252,0.358788,0.073596,0.026697,-0.073384,0.154569,0.401949,-0.902521,0.760051,-0.632004,-0.151301,-0.631212,-0.662576,-0.40319,-0.001449,-0.007608,0.002182,-0.228509,-0.457204,0.743269,-0.757524
120,0.071173,0.008624,0.33546,0.032041,0.387138,-0.921489,0.864807,-0.4729,-0.168663,-0.501103,-0.791994,-0.348808,-0.000415,-0.001104,-0.001027,-1e-06,7e-06,4e-06,-1.480072,-0.093121,0.044452,0.309886,0.017128,-0.281808,0.959313,-0.421388,0.867984,0.262622,-0.906663,-0.408387,-0.1051,0.013029,0.002379,0.000139,0.002045,-0.015205,0.029245,0.395742,0.043815,0.038444,-0.027977,0.108217,0.234212,0.966143,0.508436,-0.848169,0.148663,0.854272,0.475135,-0.210869,9.5e-05,-0.000363,-0.000335,0.018824,-0.118441,0.158721,0.352746,0.073514,0.026612,-0.073398,0.155056,0.40133,-0.902713,0.75982,-0.632436,-0.150658,-0.631371,-0.662539,-0.403002,-0.00018,-0.000482,-0.000445,7.7e-05,-0.001032,-0.000921,-0.758177
121,0.071009,0.008571,0.335484,0.031687,0.387824,-0.921213,0.864419,-0.473282,-0.169573,-0.501794,-0.79143,-0.349096,-0.000166,-0.000441,-0.000411,-0.01744,0.064351,-0.108406,-1.479737,-0.092683,0.044451,0.309885,0.013458,-0.279857,0.959943,-0.422731,0.868359,0.259203,-0.906095,-0.408934,-0.107834,0.013137,0.00199,-0.000218,0.002032,-0.015175,0.029202,0.39365,0.044034,0.038442,-0.027979,0.112104,0.232471,0.96612,0.509293,-0.848285,0.14502,0.853259,0.475782,-0.213492,0.006598,0.000886,-0.000215,0.003432,-0.018743,0.034383,0.348174,0.073433,0.026588,-0.073383,0.154832,0.402113,-0.902403,0.7594,-0.632705,-0.151639,-0.631931,-0.661806,-0.403328,-4.9e-05,-0.000129,-0.000118,-0.017571,0.06422,-0.10875,-0.757197
122,0.070965,0.008566,0.335491,0.029376,0.386079,-0.922022,0.864313,-0.473099,-0.170621,-0.502114,-0.792391,-0.346446,-1.2e-05,-3.2e-05,-2.9e-05,-0.002208,0.022983,0.014001,-1.478892,-0.092506,0.044438,0.309874,0.011194,-0.278645,0.960325,-0.42343,0.868644,0.257098,-0.905797,-0.409158,-0.10948,0.013241,0.001612,-0.000563,0.002041,-0.015196,0.029232,0.393819,0.044128,0.038437,-0.027984,0.114444,0.231417,0.966099,0.509693,-0.848414,0.142849,0.85271,0.476066,-0.215048,0.006627,0.000782,-0.00031,0.003364,-0.018549,0.034081,0.347521,0.073411,0.026586,-0.073379,0.151995,0.400763,-0.903485,0.759336,-0.632499,-0.152816,-0.632696,-0.662822,-0.400451,2.2e-05,6.2e-05,6e-05,0.009101,-0.004705,-0.001451,-0.757034
