frame,MLTx,MLTy,MLTz,MLTR1,MLTR2,MLTR3,MLTR4,MLTR5,MLTR6,MLTR7,MLTR8,MLTR9,MLTTVx,MLTTVy,MLTTVz,MLTRVx,MLTRVy,MLTRVz,MLGA,MRTx,MRTy,MRTz,MRTR1,MRTR2,MRTR3,MRTR4,MRTR5,MRTR6,MRTR7,MRTR8,MRTR9,MRTTVx,MRTTVy,MRTTVz,MRTRVx,MRTRVy,MRTRVz,MRGA,SLTx,SLTy,SLTz,SLTR1,SLTR2,SLTR3,SLTR4,SLTR5,SLTR6,SLTR7,SLTR8,SLTR9,SLTTVx,SLTTVy,SLTTVz,SLTRVx,SLTRVy,SLTRVz,SLGA,SRTx,SRTy,SRTz,SRTR1,SRTR2,SRTR3,SRTR4,SRTR5,SRTR6,SRTR7,SRTR8,SRTR9,SRTTVx,SRTTVy,SRTTVz,SRTRVx,SRTRVy,SRTRVz,SRGA
358,0.155972,-0.064155,0.29277,-0.895005,-0.181356,-0.407579,0.13291,-0.98055,0.144319,-0.424712,0.075213,0.902214,-0.000957,-0.019072,-0.003616,0.333459,0.358418,-0.508344,-1.052725,-0.145451,-0.043754,0.27426,-0.522589,-0.435345,0.733053,0.834839,-0.435434,0.336713,0.173251,0.788477,0.590043,0.018428,-0.021145,0.015391,0.177573,-0.574862,-0.449228,0.028778,0.054481,0.032788,-0.018136,0.574724,0.399563,0.714171,-0.802269,0.447236,0.395402,-0.161415,-0.800205,0.577595,0.009807,-0.016183,0.011669,-0.085228,-0.739645,-0.716705,-0.186112,0.081409,0.017676,-0.057354,0.87889,0.240247,-0.412107,-0.215393,0.970699,0.106527,0.425626,-0.004861,0.904886,-0.000488,-0.009676,-0.00201,0.866164,0.201886,-1.38632,-1.043446
359,0.155814,-0.065003,0.292768,-0.898447,-0.177721,-0.401563,0.13789,-0.98237,0.126126,-0.415782,0.058161,0.907618,-0.000892,-0.018471,-0.002783,0.357134,0.590352,0.296086,-1.038893,-0.144747,-0.04479,0.274995,-0.496286,-0.46814,0.73112,0.857614,-0.394759,0.329541,0.134953,0.79114,0.596446,0.019689,-0.032639,0.022932,-1.23483,-0.659624,-1.09953,0.069288,0.054841,0.032263,-0.017762,0.548719,0.434904,0.713977,-0.826882,0.408164,0.386866,-0.123171,-0.802657,0.583582,0.009835,-0.016347,0.011415,-1.290278,-0.611683,-1.082566,-0.125205,0.08133,0.017245,-0.057357,0.881837,0.238294,-0.406913,-0.221247,0.971126,0.089231,0.416427,0.011341,0.909097,-0.000446,-0.009233,-0.001389,0.3064,0.530225,0.278357,-1.034955
360,0.155648,-0.065902,0.292892,-0.900151,-0.17491,-0.398975,0.143455,-0.983787,0.1075,-0.410189,0.039742,0.911149,-0.00076,-0.017324,-0.001125,0.657921,-0.278123,0.366652,-1.018288,-0.144263,-0.045928,0.275704,-0.469308,-0.492177,0.733146,0.876197,-0.362108,0.317946,0.109568,0.7922,0.600231,0.019781,-0.033609,0.021444,-4.067416,-1.869166,-3.46077,0.088393,0.055074,0.031716,-0.01742,0.525373,0.456544,0.718018,-0.844722,0.381127,0.375747,-0.102111,-0.803933,0.585886,0.009864,-0.016494,0.011186,0.018125,-0.177847,-0.14295,-0.086342,0.081247,0.016812,-0.057299,0.885076,0.235923,-0.401222,-0.226478,0.971381,0.071584,0.406628,0.027511,0.913179,-0.000383,-0.008664,-0.000562,0.091738,0.279067,0.081654,-1.024504
361,0.155586,-0.066344,0.292992,-0.901051,-0.175723,-0.396579,0.148994,-0.98402,0.097357,-0.406229,0.028847,0.913331,-0.000607,-0.027119,0.008943,2.031787,-1.382003,1.110892,-0.999268,-0.144061,-0.046454,0.276064,-0.453857,-0.503194,0.735392,0.88565,-0.345043,0.31065,0.097981,0.792909,0.601298,0.003664,-0.033889,0.023584,-0.068102,-0.090069,-0.159033,0.098042,0.055182,0.031442,-0.017238,0.50739,0.47103,0.721585,-0.85742,0.359473,0.36825,-0.085934,-0.805548,0.586264,0.009255,-0.010717,0.007445,-0.129273,-0.118529,-0.164089,-0.073768,0.081216,0.016583,-0.057251,0.88588,0.237099,-0.398746,-0.232119,0.970739,0.061521,0.401666,0.038057,0.914994,-0.000389,-0.008704,-0.000633,0.096579,0.403339,-0.110849,-1.014707
362,0.155559,-0.067337,0.293232,-0.901708,-0.179075,-0.393573,0.160818,-0.983799,0.079044,-0.400231,0.008197,0.916393,-0.000672,-0.027639,0.008121,0.323795,0.265359,0.215254,-0.930594,-0.143691,-0.047511,0.276838,-0.426057,-0.533904,0.730351,0.901975,-0.312402,0.297959,0.069603,0.786363,0.61372,0.018507,-0.020634,0.016077,0.312136,-0.574615,-0.385921,0.119004,0.055362,0.030909,-0.016849,0.481295,0.500553,0.719583,-0.874732,0.327233,0.357437,-0.056556,-0.801476,0.595346,0.001805,-0.016559,0.012366,-0.057791,-0.08808,-0.140392,-0.044213,0.081203,0.016099,-0.05713,0.885083,0.240217,-0.398651,-0.243755,0.968898,0.042649,0.396497,0.059426,0.91611,-0.000355,-0.008511,-0.000417,2.192406,-1.16425,1.184885,-0.978456
363,0.15557,-0.068256,0.293433,-0.898938,-0.190555,-0.394518,0.179935,-0.981581,0.063981,-0.398325,-0.013242,0.917163,-0.000655,-0.027485,0.008306,-0.01571,0.161374,-0.248547,-0.871672,-0.14339,-0.048603,0.277662,-0.396264,-0.565393,0.723392,0.917115,-0.279563,0.284038,0.042124,0.776685,0.62837,0.003623,-0.032892,0.025056,0.225201,-0.562736,-0.20312,0.131611,0.055519,0.030355,-0.016431,0.451397,0.534376,0.71462,-0.891874,0.29556,0.342348,-0.02827,-0.791887,0.610012,0.001796,-0.01643,0.012553,0.262021,-0.602423,-0.223197,-0.022822,0.081208,0.015629,-0.057027,0.882221,0.250274,-0.398807,-0.262116,0.964697,0.025562,0.391125,0.081982,0.916677,-0.000361,-0.008442,-0.000284,0.061604,-0.025842,-0.148624,-0.926366
364,0.15557,-0.068662,0.293511,-0.900282,-0.192589,-0.390445,0.185572,-0.981027,0.05587,-0.392677,-0.021925,0.91943,-0.000647,-0.027416,0.00839,2.359785,0.181561,-4.914468,-0.858502,-0.143222,-0.049129,0.278083,-0.383271,-0.580371,0.718516,0.92296,-0.268791,0.275374,0.033779,0.769419,0.637743,0.018483,-0.019612,0.017588,0.257827,-0.491548,-0.326312,0.138944,0.055595,0.03011,-0.016238,0.438863,0.549173,0.711201,-0.898346,0.285161,0.334151,-0.0193,-0.785552,0.618494,0.001191,-0.01095,0.008369,0.487792,-0.782765,-0.539281,-0.012861,0.081208,0.015426,-0.056987,0.883897,0.248324,-0.396308,-0.262529,0.964737,0.01897,0.387044,0.087275,0.917921,-0.000358,-0.008413,-0.000248,0.24036,0.586338,0.033075,-0.910201
365,0.155546,-0.069431,0.293638,-0.903874,-0.193774,-0.381458,0.190926,-0.980533,0.045551,-0.381734,-0.031424,0.923753,-0.00055,-0.026611,0.009564,0.092365,0.314249,0.074054,-0.823287,-0.142938,-0.050045,0.278837,-0.355829,-0.611491,0.706722,0.934299,-0.247656,0.25629,0.018738,0.75224,0.658519,0.00236,-0.020862,0.018294,0.376648,-0.757091,-0.303921,0.145115,0.055738,0.029649,-0.015858,0.412165,0.580613,0.702145,-0.911105,0.264817,0.315846,-0.002556,-0.769909,0.638148,0.001189,-0.010796,0.008599,0.054598,-0.390012,-0.3767,0.001019,0.081196,0.01504,-0.056926,0.886496,0.25494,-0.386171,-0.273274,0.961904,0.007694,0.373422,0.09871,0.922394,-0.000295,-0.007899,0.00051,0.165351,0.367549,0.122746,-0.882768
366,0.155561,-0.070027,0.293671,-0.906645,-0.199663,-0.371718,0.200632,-0.978978,0.036346,-0.370033,-0.041385,0.928111,-0.000592,-0.004819,-0.007293,0.145565,0.258726,0.095675,-0.802468,-0.142693,-0.050811,0.279503,-0.326155,-0.644346,0.691688,0.945246,-0.221424,0.239613,-0.000841,0.732764,0.680382,0.002341,-0.020493,0.018841,0.199135,-0.905706,-0.406055,0.148436,0.055867,0.029258,-0.015518,0.38248,0.614978,0.689572,-0.923776,0.239505,0.298787,0.018592,-0.751291,0.659708,0.008641,-0.004464,0.004381,-0.235641,-1.510992,-0.245819,0.008203,0.081203,0.014732,-0.056906,0.888796,0.261363,-0.376471,-0.282704,0.959205,-0.001502,0.360721,0.107765,0.926426,-0.000292,-0.002357,-0.00357,0.13917,0.250511,0.094245,-0.860234
367,0.155642,-0.070448,0.293632,-0.909839,-0.201327,-0.362911,0.204319,-0.978418,0.030397,-0.360066,-0.04625,0.931794,-0.000485,-0.003948,-0.00599,0.159207,0.281399,0.106578,-0.793529,-0.142421,-0.05137,0.280062,-0.308729,-0.676354,0.668747,0.950816,-0.202894,0.233916,-0.022151,0.708909,0.704854,0.002321,-0.020091,0.019437,-0.970533,-2.216087,1.428592,0.148399,0.056003,0.028979,-0.015239,0.36217,0.648718,0.669325,-0.931255,0.221061,0.289644,0.039936,-0.728213,0.684185,0.008611,-0.003655,0.005616,0.246886,-0.538858,-0.054196,0.010326,0.081244,0.014528,-0.056925,0.891365,0.263848,-0.368581,-0.286409,0.958082,-0.006803,0.351336,0.111629,0.92957,0.008041,-0.002341,-0.003491,0.28845,0.469093,0.217014,-0.84717
368,0.155694,-0.070619,0.293578,-0.909731,-0.205405,-0.360892,0.209195,-0.977434,0.028833,-0.357539,-0.049018,0.932626,-0.000527,-0.004293,-0.00652,0.056461,0.109269,0.021705,-0.79243,-0.142276,-0.051561,0.280313,-0.300346,-0.69177,0.656687,0.953231,-0.194774,0.23097,-0.031508,0.696203,0.717057,0.001069,-0.008512,0.012022,0.23242,-0.53403,-0.118879,0.148596,0.056069,0.028881,-0.015115,0.355495,0.664837,0.656973,-0.933214,0.213156,0.289265,0.052276,-0.71593,0.696211,0.001143,-0.009883,0.009958,0.066111,-0.832864,-0.629958,0.010653,0.08127,0.014439,-0.056949,0.89138,0.267632,-0.365805,-0.290946,0.956696,-0.009024,0.347549,0.114474,0.930647,-0.000209,-0.007236,0.001486,0.019339,0.007884,0.206131,-0.844068
369,0.155822,-0.070935,0.293398,-0.910543,-0.212,-0.354982,0.217894,-0.975672,0.023629,-0.350222,-0.055577,0.935031,-0.000528,-0.01541,0.001531,0.043647,0.160061,0.021906,-0.786302,-0.141975,-0.051798,0.280751,-0.28013,-0.717644,0.637578,0.958606,-0.17476,0.224652,-0.049458,0.675008,0.736058,0.001046,-0.008127,0.012591,-0.104336,-0.622037,-0.243861,0.148824,0.056226,0.028761,-0.014891,0.334879,0.692009,0.639514,-0.939545,0.193744,0.282341,0.071481,-0.695403,0.715055,0.000495,-0.003784,0.006692,-0.807691,-0.953781,-1.125639,0.011633,0.081334,0.014286,-0.05704,0.891513,0.27457,-0.360298,-0.299505,0.95399,-0.01409,0.339853,0.120473,0.932729,-0.00028,-0.002289,-0.003488,0.088945,0.165754,0.051275,-0.839986
370,0.155955,-0.071112,0.293204,-0.910562,-0.22131,-0.349205,0.227889,-0.973412,0.022525,-0.343772,-0.058802,0.937225,0.016285,-0.003276,-0.004878,0.014189,0.007519,0.04046,-0.784383,-0.141722,-0.052047,0.281197,-0.260544,-0.738109,0.622337,0.963117,-0.154502,0.220154,-0.06603,0.65766,0.750324,0.001074,-0.008574,0.011914,0.115622,-0.446353,-0.163095,0.148671,0.056352,0.028638,-0.014666,0.315188,0.713157,0.626149,-0.944774,0.173387,0.278095,0.08976,-0.679222,0.728422,0.008595,-0.003357,0.006037,0.008069,-0.76348,-0.261838,0.012122,0.081394,0.01419,-0.057138,0.890831,0.283985,-0.354641,-0.309196,0.950875,-0.015248,0.332889,0.123238,0.934877,-0.000144,-0.00118,-0.001804,-0.008818,-0.010946,0.003156,-0.836557
371,0.155987,-0.07117,0.293136,-0.913099,-0.220153,-0.343261,0.226637,-0.973728,0.021482,-0.337835,-0.057913,0.939437,-0.00026,-0.002127,-0.003247,0.181789,0.306572,0.150766,-0.78346,-0.141618,-0.05219,0.281433,-0.251457,-0.74695,0.615489,0.965108,-0.14615,0.217115,-0.071918,0.649537,0.756831,0.00104,-0.00802,0.012739,-0.699933,-1.01684,-1.190947,0.14885,0.056405,0.028565,-0.01455,0.30764,0.721302,0.620547,-0.9467,0.166593,0.27569,0.095477,-0.672286,0.734107,0.000516,-0.004221,0.005874,-3.099464,-1.763619,-4.32817,0.012286,0.081416,0.01416,-0.057175,0.89283,0.283738,-0.349779,-0.308297,0.951165,-0.015367,0.328337,0.121556,0.936705,-0.000148,-0.001221,-0.001866,0.297072,0.475314,0.213882,-0.83525
372,0.156027,-0.071277,0.293028,-0.915593,-0.219117,-0.337229,0.225471,-0.974019,0.020553,-0.331831,-0.056952,0.941633,-0.000238,-0.001952,-0.002984,0.010917,0.032947,-0.015895,-0.776815,-0.141382,-0.052504,0.281951,-0.236521,-0.758649,0.607042,0.968147,-0.131742,0.212763,-0.081155,0.638972,0.764847,0.000985,-0.007143,0.014041,0.102955,-0.194319,-0.113738,0.14984,0.056523,0.028403,-0.014288,0.290573,0.735239,0.612364,-0.950958,0.150975,0.26997,0.106041,-0.660779,0.743051,0.000483,-0.003548,0.007058,0.08852,-0.177449,-0.103156,0.012939,0.081436,0.014108,-0.057226,0.895979,0.282622,-0.342555,-0.306772,0.951626,-0.017257,0.321108,0.120549,0.939338,-6.1e-05,-0.000514,-0.000786,-0.014936,-0.022497,-0.000904,-0.832638
373,0.156072,-0.071357,0.293001,-0.917673,-0.21701,-0.33291,0.224113,-0.974396,0.017236,-0.326985,-0.05853,0.94323,-0.000157,-0.001292,-0.001976,0.012062,0.034884,-0.014947,-0.763788,-0.141111,-0.052904,0.28256,-0.218009,-0.769071,0.600826,0.971698,-0.114152,0.206654,-0.090084,0.62983,0.771402,0.018411,-0.017219,0.021047,0.218242,-0.391193,-0.255705,0.157715,0.056652,0.028213,-0.013988,0.27317,0.74513,0.608407,-0.954919,0.133633,0.265087,0.116221,-0.653393,0.748043,0.00049,-0.003691,0.006837,0.261192,-0.419059,-0.258575,0.017511,0.081459,0.014069,-0.05724,0.898169,0.280872,-0.338235,-0.305437,0.95199,-0.020538,0.316228,0.121756,0.940837,-1.6e-05,-0.000129,-0.000198,-0.008868,-0.01077,0.002143,-0.8248
374,0.156074,-0.071455,0.293095,-0.918491,-0.219581,-0.328945,0.22774,-0.973609,0.013849,-0.322161,-0.061929,0.944671,4.3e-05,0.00035,0.000535,0.055328,0.093552,0.045956,-0.748213,-0.140784,-0.053374,0.28324,-0.199521,-0.777219,0.596752,0.974701,-0.095236,0.202041,-0.09996,0.622933,0.775774,0.000965,-0.006845,0.01446,0.095102,-0.182434,-0.104571,0.179959,0.056822,0.027971,-0.013648,0.253862,0.754806,0.604831,-0.959014,0.115045,0.25895,0.125874,-0.64578,0.753075,0.009178,-0.008317,0.010947,0.098122,-0.23454,-0.118779,0.035636,0.081459,0.014018,-0.057195,0.898642,0.283789,-0.33452,-0.309088,0.950736,-0.023769,0.311296,0.124756,0.942088,3e-05,0.000264,0.000404,0.057699,0.099062,0.051454,-0.814513
375,0.156076,-0.071506,0.293186,-0.918542,-0.218832,-0.329301,0.226986,-0.973786,0.013803,-0.322545,-0.061803,0.944549,9.1e-05,0.000748,0.001143,0.006612,-0.089103,0.177701,-0.743824,-0.140556,-0.053629,0.283605,-0.193389,-0.779875,0.595304,0.975555,-0.088716,0.200888,-0.103624,0.62057,0.777185,0.017165,-0.005894,0.013226,-0.005082,-0.04695,-0.01506,0.197168,0.056936,0.027843,-0.013458,0.247402,0.757974,0.603544,-0.960215,0.108531,0.257304,0.129527,-0.643191,0.75467,0.00857,-0.002913,0.006661,-0.043305,-0.005335,0.006347,0.053272,0.081461,0.013992,-0.05715,0.898747,0.283088,-0.334834,-0.308378,0.950967,-0.023735,0.311697,0.124587,0.941977,5.7e-05,0.000496,0.00076,-0.008344,-0.0128,-0.00384,-0.809777
376,0.156082,-0.071657,0.293406,-0.918381,-0.221615,-0.327886,0.230413,-0.973003,0.012112,-0.320575,-0.064158,0.945062,0.000145,0.001189,0.001816,0.002917,0.004966,0.002435,-0.73931,-0.140007,-0.054218,0.284348,-0.173164,-0.788854,0.589673,0.978381,-0.06942,0.194639,-0.112402,0.61161,0.783046,0.018502,-0.018201,0.019518,0.127116,-0.282357,-0.194047,0.234132,0.057211,0.027551,-0.013082,0.227832,0.767026,0.599802,-0.963701,0.089577,0.251507,0.139184,-0.635331,0.759593,0.009242,-0.009159,0.009668,0.185784,-0.343905,-0.220046,0.100299,0.081464,0.013917,-0.057039,0.898379,0.285786,-0.333527,-0.311628,0.949861,-0.025494,0.309519,0.12684,0.942395,0.000118,-0.004563,0.005547,-0.039148,-0.106514,0.180766,-0.804715
377,0.156075,-0.071791,0.293614,-0.917194,-0.225229,-0.328745,0.234342,-0.972066,0.012007,-0.321124,-0.065753,0.944766,0.000148,0.001214,0.001853,0.545045,-0.019907,-1.566382,-0.727214,-0.139422,-0.054923,0.285064,-0.15436,-0.795985,0.585297,0.980348,-0.050077,0.190639,-0.122253,0.604212,0.787302,0.018549,-0.018611,0.01888,-0.015462,-0.130668,-0.087,0.264855,0.057496,0.027204,-0.012733,0.208544,0.775239,0.596249,-0.966597,0.070502,0.246411,0.148991,-0.62772,0.764047,0.0093,-0.00985,0.008629,-0.086867,-0.132113,-0.195616,0.142591,0.08146,0.01385,-0.056935,0.897352,0.287701,-0.334643,-0.313797,0.949148,-0.025448,0.310305,0.127846,0.942,0.00023,-0.004629,0.005613,1.780028,-0.058833,-5.214222,-0.799163
378,0.15609,-0.07184,0.293689,-0.918287,-0.223362,-0.326961,0.232843,-0.972446,0.010208,-0.319089,-0.066487,0.945404,5.1e-05,0.000416,0.000635,0.005556,0.009531,0.004665,-0.723149,-0.139097,-0.055296,0.285386,-0.14656,-0.799643,0.582308,0.981239,-0.043309,0.18769,-0.124695,0.599886,0.790222,0.018651,-0.019912,0.016931,0.106203,-0.241214,-0.158299,0.278529,0.057658,0.02702,-0.01257,0.201205,0.778728,0.594221,-0.96767,0.063829,0.244008,0.152087,-0.624106,0.766394,0.009318,-0.01003,0.008348,0.194273,-0.343821,-0.209832,0.162513,0.081468,0.013828,-0.056894,0.89814,0.287577,-0.332629,-0.31402,0.94902,-0.02741,0.30779,0.129071,0.942658,6.1e-05,-0.005027,0.004838,-0.045501,-0.001812,-0.020161,-0.795407
379,0.156106,-0.071899,0.293807,-0.918384,-0.222044,-0.327586,0.231561,-0.972755,0.010011,-0.319741,-0.066393,0.94519,8.1e-05,0.000665,0.001015,1e-06,2e-06,1e-06,-0.720623,-0.138446,-0.056058,0.286024,-0.127616,-0.806166,0.577756,0.982637,-0.023966,0.183805,-0.134183,0.592183,0.794467,0.001242,-0.010779,0.008575,0.005746,-0.049847,-0.054811,0.308782,0.057991,0.026629,-0.012247,0.181561,0.786439,0.590379,-0.970009,0.044566,0.238944,0.161605,-0.616057,0.770945,0.000612,-0.005419,0.004239,-0.036132,-0.004697,-0.033154,0.203172,0.081476,0.013798,-0.056837,0.89826,0.286278,-0.333426,-0.312775,0.94943,-0.02745,0.308707,0.128945,0.942376,4.8e-05,0.000404,0.000616,0.005531,-0.090766,0.176764,-0.790509
380,0.156132,-0.071942,0.293854,-0.919461,-0.220298,-0.325738,0.230182,-0.973099,0.008213,-0.31764,-0.067161,0.945844,3e-06,2.3e-05,3.5e-05,0.000252,0.000435,0.000213,-0.717151,-0.137858,-0.056786,0.286646,-0.097558,-0.817358,0.567802,0.983918,0.006299,0.178324,-0.149221,0.577084,0.802851,0.018676,-0.019555,0.017404,-2.890071,-1.49982,-4.527383,0.324695,0.058278,0.026272,-0.011944,0.157377,0.796857,0.58331,-0.971916,0.020333,0.234445,0.174959,-0.603825,0.777678,0.0087,-0.004359,0.004454,0.277618,-0.444698,-0.267266,0.234361,0.081489,0.013777,-0.056812,0.899497,0.284685,-0.331448,-0.31141,0.949823,-0.029304,0.306474,0.129575,0.943017,-2e-06,-9e-06,-1.3e-05,-0.004627,-0.007227,-0.00211,-0.788549
381,0.156132,-0.071958,0.293867,-0.919514,-0.219524,-0.326111,0.229466,-0.97327,0.007988,-0.318003,-0.067221,0.945718,0.0,0.0,0.0,0.0,0.0,0.0,-0.701905,-0.137286,-0.05748,0.287266,-0.075642,-0.827305,0.556629,0.983661,0.029309,0.17744,-0.163027,0.561985,0.810837,0.018711,-0.019728,0.01712,0.052534,-0.261403,0.056063,0.335234,0.058557,0.025933,-0.011639,0.129355,0.809283,0.572998,-0.972802,-0.008406,0.231483,0.192152,-0.587357,0.786185,0.008718,-0.004496,0.004244,0.050518,-0.364181,-0.065285,0.252649,0.081489,0.013768,-0.056806,0.899587,0.283923,-0.331858,-0.310725,0.950042,-0.029484,0.306908,0.12964,0.942868,-1e-06,-8e-06,-1.3e-05,-1.1e-05,-0.000125,-0.000268,-0.781528
382,0.156145,-0.071958,0.293866,-0.91853,-0.219932,-0.328602,0.229588,-0.973228,0.009456,-0.32074,-0.066491,0.944845,0.0,0.0,0.0,-0.087383,-0.151348,-0.073999,-0.69629,-0.137014,-0.0578,0.287562,-0.064382,-0.834457,0.547292,0.983313,0.040234,0.177229,-0.16984,0.550608,0.817219,0.002482,-0.021153,0.017723,0.209223,-0.554239,-0.085209,0.3416,0.0587,0.025769,-0.011489,0.118949,0.815975,0.565715,-0.972442,-0.019323,0.232339,0.200514,-0.577763,0.791191,0.00933,-0.009694,0.008801,-0.153883,-1.289113,0.24849,0.260487,0.081495,0.013768,-0.056807,0.898786,0.284061,-0.333902,-0.310768,0.950065,-0.028266,0.3092,0.129171,0.942183,1e-06,-4e-06,-8e-06,-0.161354,-0.272392,-0.121332,-0.776466
383,0.156145,-0.071958,0.293866,-0.918573,-0.219263,-0.328927,0.228985,-0.973372,0.009217,-0.321046,-0.066588,0.944734,0.0,0.0,0.0,-1.9e-05,-3.2e-05,-1.6e-05,-0.69003,-0.136574,-0.058392,0.288187,-0.038756,-0.847485,0.529395,0.981512,0.066888,0.17915,-0.1872,0.527606,0.828524,0.017316,-0.006819,0.011693,0.190363,-0.40051,0.039315,0.348307,0.05892,0.025469,-0.011183,0.091896,0.830847,0.54886,-0.971474,-0.046206,0.2326,0.218616,-0.554578,0.8029,0.008661,-0.003602,0.005567,0.337439,-0.560762,-0.082011,0.275183,0.081495,0.013768,-0.056807,0.89867,0.283505,-0.334688,-0.310286,0.950223,-0.028242,0.310021,0.129229,0.941905,3e-06,-1e-06,-5e-06,0.007464,-0.087639,0.177875,-0.769608
384,0.156158,-0.071957,0.293887,-0.916265,-0.225079,-0.331426,0.234833,-0.971962,0.010699,-0.323401,-0.067755,0.943847,4.6e-05,0.000375,0.000572,0.42887,-0.227365,-1.66736,-0.681668,-0.136224,-0.058833,0.288789,-0.010113,-0.861343,0.507916,0.978164,0.096744,0.183764,-0.20742,0.499756,0.840883,0.001048,-0.007993,0.012684,-0.594307,-1.003691,0.213772,0.348618,0.059103,0.02524,-0.010868,0.06192,0.846546,0.5287,-0.968938,-0.076087,0.235307,0.239426,-0.526848,0.815539,0.000504,-0.003929,0.006437,-0.69017,-1.005331,0.272634,0.281062,0.081502,0.013768,-0.056797,0.896756,0.287125,-0.336727,-0.314067,0.94901,-0.027195,0.31175,0.130142,0.941208,0.000148,0.000172,0.000427,1.630149,-0.38412,-5.362092,-0.763239
385,0.156159,-0.071947,0.293902,-0.916286,-0.224772,-0.331576,0.234557,-0.97203,0.010588,-0.323541,-0.0678,0.943796,3.9e-05,0.000319,0.000486,-0.001498,-0.002605,-0.001274,-0.677738,-0.136103,-0.059001,0.289113,0.001313,-0.86661,0.498976,0.977509,0.106163,0.18204,-0.210743,0.488595,0.846596,0.00093,-0.006478,0.014924,0.25672,-0.468882,-0.040407,0.348507,0.059163,0.025156,-0.010714,0.05103,0.851774,0.521418,-0.968312,-0.085606,0.23461,0.244471,-0.516868,0.820415,0.001087,-0.008684,0.011657,0.370922,-0.609595,-0.167207,0.281552,0.081502,0.013773,-0.056789,0.895881,0.288741,-0.337674,-0.315766,0.94846,-0.02674,0.312549,0.130582,0.940882,2.2e-05,0.000196,0.000294,0.008774,0.01341,0.003104,-0.7603
386,0.156175,-0.071927,0.293952,-0.916323,-0.224247,-0.33183,0.234075,-0.972148,0.010424,-0.323784,-0.06785,0.943709,4.9e-05,0.000407,0.00062,-0.0,-1e-06,-0.0,-0.673925,-0.135975,-0.05918,0.28975,0.020705,-0.877945,0.478305,0.975044,0.123337,0.184422,-0.220942,0.463644,0.857952,0.000792,-0.004713,0.017511,0.193786,-0.382612,0.013891,0.348511,0.059227,0.025066,-0.010396,0.030459,0.86444,0.501812,-0.966298,-0.102925,0.235954,0.255617,-0.492087,0.832171,0.000382,-0.00234,0.008787,0.277823,-0.470834,-0.032334,0.282531,0.08151,0.013784,-0.056764,0.896026,0.288186,-0.337764,-0.315282,0.948613,-0.027014,0.312622,0.130696,0.940842,2.8e-05,0.000235,0.000358,0.00016,0.000358,0.000335,-0.755891
387,0.156166,-0.071934,0.294016,-0.916372,-0.22356,-0.332158,0.233424,-0.972306,0.010275,-0.324115,-0.067847,0.943596,3.7e-05,0.000306,0.000467,0.005829,-0.090104,0.177216,-0.674103,-0.135968,-0.059155,0.290374,0.042773,-0.886457,0.460822,0.970887,0.145534,0.190087,-0.235633,0.440381,0.866259,0.000701,-0.003558,0.019175,-2.500152,-1.238142,-4.659122,0.347833,0.05923,0.025077,-0.010087,0.012461,0.874289,0.485244,-0.963213,-0.119787,0.240562,0.268447,-0.470391,0.840635,0.000326,-0.001609,0.009847,0.060139,-0.19595,0.11248,0.282042,0.081506,0.013781,-0.056731,0.896138,0.287487,-0.338062,-0.314637,0.948822,-0.027169,0.312951,0.130714,0.940731,1.6e-05,0.000138,0.000211,0.005782,-0.090104,0.177374,-0.754585
388,0.156167,-0.07194,0.294045,-0.916401,-0.223149,-0.332355,0.233036,-0.9724,0.010176,-0.324312,-0.067855,0.943528,4.2e-05,0.000345,0.000526,-0.0,-0.0,-0.0,-0.674011,-0.136005,-0.059111,0.290664,0.047646,-0.890873,0.451738,0.97012,0.148831,0.191442,-0.237853,0.43023,0.870742,0.000659,-0.003019,0.019946,0.215321,-0.325086,-0.182574,0.347415,0.059212,0.025101,-0.009939,0.003133,0.87855,0.47764,-0.961493,-0.128615,0.242875,0.274809,-0.460009,0.844317,-0.000324,0.003989,0.005867,0.444233,-0.605236,-0.064614,0.281878,0.081506,0.013777,-0.056717,0.896204,0.28707,-0.338243,-0.314256,0.948946,-0.027271,0.313146,0.130735,0.940663,2.3e-05,0.000199,0.000301,-2.5e-05,-2.1e-05,0.000141,-0.754258
389,0.156182,-0.07196,0.294107,-0.91645,-0.222452,-0.332685,0.232366,-0.972562,0.010048,-0.324652,-0.067827,0.943413,0.000127,-0.010079,0.00964,-0.035676,0.011923,-0.018882,-0.673467,-0.136073,-0.058959,0.291226,0.065429,-0.896997,0.437157,0.965966,0.166661,0.197657,-0.250247,0.410466,0.876788,-0.000632,0.0081,0.011852,0.050119,-0.150092,-0.037242,0.346433,0.059178,0.025173,-0.009655,-0.016127,0.885958,0.463485,-0.957741,-0.146824,0.247332,0.287176,-0.43991,0.850886,0.000337,-0.001739,0.009627,-0.036346,-0.290485,0.012403,0.281552,0.081514,0.013771,-0.05669,0.896316,0.286349,-0.338555,-0.313593,0.949161,-0.027433,0.313488,0.130758,0.940545,2.9e-05,0.000247,0.000376,-2.5e-05,1.2e-05,9.4e-05,-0.753932
390,0.156195,-0.07198,0.294134,-0.916487,-0.221918,-0.33294,0.23186,-0.972684,0.00993,-0.324908,-0.067826,0.943325,0.0,1e-06,2e-06,-0.0,-0.0,-0.0,-0.673663,-0.136078,-0.058825,0.29175,0.079779,-0.902288,0.423678,0.962376,0.18033,0.203096,-0.259763,0.392661,0.882158,0.000689,-0.003412,0.019283,0.022387,-0.07727,-0.037046,0.346452,0.059175,0.025247,-0.009393,-0.031126,0.892035,0.450891,-0.954266,-0.160716,0.252083,0.297332,-0.422424,0.856242,-0.000298,0.003679,0.005369,0.057141,-0.074437,-0.02285,0.280572,0.08152,0.013758,-0.056672,0.896399,0.285823,-0.338781,-0.3131,0.94932,-0.027526,0.313744,0.130747,0.940461,-3e-06,-1.5e-05,-2.4e-05,-4.6e-05,-1.7e-05,6.3e-05,-0.753605
391,0.15622,-0.071993,0.294132,-0.915207,-0.22666,-0.333268,0.236996,-0.971448,0.009708,-0.324814,-0.069823,0.943211,-3e-06,-2.3e-05,-3.5e-05,0.0,-0.0,-0.0,-0.673535,-0.136029,-0.058631,0.29224,0.09424,-0.90793,0.408378,0.95823,0.193847,0.210126,-0.270071,0.372652,0.887725,-0.000549,0.007001,0.010166,0.298672,-0.485246,-0.191871,0.345059,0.0592,0.02534,-0.009143,-0.044446,0.897789,0.438176,-0.94959,-0.174213,0.260628,0.310325,-0.404504,0.860275,0.007803,0.004353,0.00498,-0.152196,-0.204756,0.173446,0.279592,0.081533,0.01375,-0.056674,0.89472,0.29044,-0.339292,-0.318127,0.947642,-0.02771,0.31348,0.132731,0.940272,-4e-06,-1e-05,-1.7e-05,-8.1e-05,3.9e-05,0.000215,-0.753115
392,0.156257,-0.072003,0.294137,-0.91523,-0.22634,-0.333421,0.236699,-0.971521,0.009617,-0.324963,-0.069845,0.943158,-0.0,-0.0,-1e-06,-0.0,-0.0,-0.0,-0.673634,-0.135998,-0.05854,0.292474,0.098374,-0.908684,0.405718,0.956781,0.198341,0.212517,-0.273715,0.368413,0.888378,-0.000526,0.006693,0.009701,0.00677,-0.019702,0.021716,0.34479,0.059215,0.025386,-0.009026,-0.050547,0.899388,0.434218,-0.948635,-0.179193,0.260731,0.312307,-0.398735,0.862249,-0.00027,0.003317,0.004813,-0.008713,0.004416,0.025775,0.278939,0.081551,0.013746,-0.056672,0.894773,0.290113,-0.339433,-0.317832,0.947738,-0.027803,0.313628,0.13276,0.940218,-0.0,2e-06,-0.0,-3.7e-05,1e-06,0.000174,-0.752952
393,0.156369,-0.072012,0.294123,-0.91529,-0.225489,-0.333832,0.235935,-0.97171,0.009309,-0.325348,-0.069969,0.943017,-0.0,-1e-06,-2e-06,-0.0,-0.0,-0.0,-0.673952,-0.135908,-0.058401,0.292877,0.111061,-0.910671,0.397914,0.954355,0.209298,0.212922,-0.277333,0.357242,0.891812,-0.000441,0.005581,0.008066,-0.129264,-0.20187,-0.467173,0.343187,0.05926,0.025456,-0.008823,-0.062874,0.901944,0.42725,-0.946597,-0.189538,0.260822,0.316227,-0.388035,0.865695,-0.000208,0.002624,0.003788,-0.582015,-0.452532,-1.531929,0.27747,0.081607,0.013741,-0.056678,0.894908,0.289251,-0.339811,-0.317082,0.947981,-0.028117,0.314002,0.13291,0.940072,-1e-06,5e-06,3e-06,-6e-05,-1.6e-05,0.000121,-0.752952
394,0.156481,-0.072024,0.294124,-0.916367,-0.224075,-0.331824,0.234893,-0.971978,0.007516,-0.323069,-0.070784,0.943739,1.7e-05,0.000145,0.00022,0.00462,0.008151,0.003983,-0.673878,-0.13573,-0.058409,0.293235,0.116528,-0.913443,0.389916,0.952276,0.214142,0.217367,-0.282206,0.34712,0.894277,-0.000222,0.00279,0.004024,0.005485,-0.038291,-0.003907,0.341704,0.059349,0.025457,-0.008637,-0.069311,0.905094,0.419524,-0.944338,-0.195094,0.264884,0.321591,-0.377813,0.868236,-0.000111,0.001302,0.001879,-0.015581,-0.00902,1.5e-05,0.27551,0.081663,0.013735,-0.056678,0.896184,0.287972,-0.33753,-0.316036,0.94827,-0.030075,0.311408,0.133625,0.940834,1.1e-05,0.0001,0.000151,-0.010042,-0.014524,-0.00162,-0.752952
395,0.156543,-0.072026,0.294121,-0.916375,-0.223963,-0.331876,0.234793,-0.972002,0.007476,-0.323118,-0.0708,0.943721,0.016619,-0.000637,-0.000869,0.001042,-0.014613,0.029603,-0.674462,-0.135601,-0.058445,0.293397,0.121861,-0.912789,0.389818,0.950909,0.219798,0.217706,-0.284563,0.345292,0.894237,0.015984,0.003801,0.002797,0.002271,-0.015484,0.02908,0.338936,0.059407,0.02544,-0.008562,-0.074589,0.904493,0.419915,-0.943066,-0.20085,0.265112,0.324132,-0.376233,0.867978,-0.000116,0.001358,0.001955,-0.002742,-0.006605,0.028133,0.27404,0.081688,0.013734,-0.056679,0.896125,0.287896,-0.337749,-0.315956,0.948299,-0.029976,0.311657,0.133577,0.940758,-0.0,2e-06,1e-06,-0.00265,-0.004164,-0.001141,-0.752952
396,0.156644,-0.072041,0.294136,-0.916398,-0.22366,-0.332018,0.234503,-0.972072,0.007416,-0.323264,-0.070792,0.943672,4e-06,3.7e-05,5.7e-05,0.0,0.0,0.0,-0.673978,-0.135316,-0.058551,0.293651,0.128611,-0.913427,0.386135,0.949381,0.2258,0.218228,-0.286696,0.339665,0.89571,0.016094,0.002414,0.00079,-0.009614,0.077155,-0.1465,0.334854,0.059549,0.025388,-0.008434,-0.081397,0.905483,0.416502,-0.941711,-0.206735,0.265405,0.326426,-0.370621,0.869531,0.008039,0.001266,0.000475,-0.005864,-0.004512,0.031491,0.268978,0.081745,0.013727,-0.056672,0.896161,0.287575,-0.337925,-0.315657,0.948397,-0.030019,0.311855,0.133571,0.940693,3e-06,2.3e-05,3.2e-05,-1.2e-05,-8.1e-05,-7e-05,-0.752952
397,0.156719,-0.072063,0.29416,-0.916417,-0.223416,-0.33213,0.234258,-0.972132,0.007403,-0.323387,-0.07075,0.943632,7e-06,6.1e-05,9.3e-05,0.0,0.0,0.0,-0.673422,-0.134941,-0.058714,0.293844,0.139169,-0.912701,0.384188,0.946056,0.237043,0.220732,-0.292715,0.333886,0.895936,0.001263,-0.010613,0.008779,-2.159559,-1.212631,-4.971375,0.333087,0.059744,0.025302,-0.008335,-0.090424,0.905227,0.415194,-0.938891,-0.216519,0.267586,0.332123,-0.365626,0.869489,0.000704,-0.005366,0.004219,-2.158857,-1.216842,-4.968324,0.266039,0.081782,0.013716,-0.05666,0.896201,0.28733,-0.338029,-0.315418,0.948476,-0.030034,0.311983,0.133537,0.940655,0.008355,-0.00553,0.004119,-0.034647,-0.00282,0.010615,-0.752789
398,0.156745,-0.072095,0.294186,-0.916446,-0.223027,-0.332311,0.233874,-0.972225,0.007361,-0.323582,-0.070703,0.943569,8.3e-05,-0.010489,0.009014,-0.035679,0.011879,-0.018903,-0.673831,-0.134482,-0.058856,0.293981,0.145349,-0.914195,0.378302,0.944123,0.242354,0.223225,-0.295946,0.325862,0.897827,0.017426,-0.008919,0.008508,-0.075047,-0.063072,0.039013,0.330429,0.059966,0.025233,-0.008272,-0.098579,0.906864,0.409731,-0.936651,-0.22362,0.269588,0.336104,-0.3572,0.871459,0.008077,0.000833,-0.000161,-0.162062,-0.193984,0.144407,0.262937,0.081795,0.013703,-0.05665,0.896265,0.286924,-0.338203,-0.315039,0.9486,-0.030108,0.312181,0.133532,0.94059,1e-06,-2e-06,-8e-06,3.2e-05,2e-06,-4.7e-05,-0.752789
399,0.156758,-0.072099,0.294199,-0.916458,-0.222866,-0.332387,0.23372,-0.972262,0.007328,-0.32366,-0.0707,0.943543,4e-06,3.7e-05,5.7e-05,0.005838,-0.089997,0.17727,-0.674961,-0.134232,-0.058897,0.294043,0.150512,-0.91346,0.37806,0.942657,0.247715,0.223538,-0.298042,0.323878,0.897852,0.0174,-0.008571,0.009002,-0.034255,-0.008048,0.00923,0.329275,0.060098,0.025209,-0.008239,-0.103699,0.906245,0.409837,-0.935275,-0.229041,0.269815,0.338389,-0.35533,0.871339,0.008696,-0.004275,0.004509,-0.03516,-0.00508,0.010468,0.260977,0.081801,0.013698,-0.05664,0.896269,0.286911,-0.338205,-0.315011,0.948611,-0.030063,0.3122,0.133484,0.940591,3e-06,1.6e-05,2.3e-05,4.4e-05,8e-06,-3.9e-05,-0.752952
400,0.156734,-0.072127,0.294249,-0.916482,-0.222542,-0.332536,0.233386,-0.972342,0.007335,-0.32383,-0.070618,0.94349,9e-06,7.3e-05,0.000111,0.0,0.0,0.0,-0.674031,-0.133741,-0.059001,0.294175,0.156841,-0.914088,0.373947,0.941095,0.253046,0.224146,-0.299721,0.317907,0.899425,0.017388,-0.00835,0.009306,-0.031236,-0.011812,0.007016,0.324677,0.060337,0.025159,-0.008178,-0.110287,0.907204,0.405977,-0.933883,-0.23438,0.270051,0.340144,-0.349352,0.873071,0.008042,0.001279,0.000471,-0.008655,-0.000626,0.028586,0.256732,0.08179,0.013684,-0.056615,0.896342,0.28645,-0.338401,-0.314567,0.948757,-0.030108,0.312437,0.133437,0.940519,3e-06,2.8e-05,4.2e-05,4.1e-05,1.2e-05,-3.8e-05,-0.752625
401,0.156723,-0.072133,0.294278,-0.916519,-0.222018,-0.332786,0.232898,-0.97246,0.007196,-0.324077,-0.070642,0.943404,2e-06,2e-05,3.1e-05,0.0,0.0,0.0,-0.673116,-0.133224,-0.059106,0.29439,0.168526,-0.913717,0.369745,0.937935,0.263876,0.224903,-0.303285,0.310037,0.900976,0.017333,-0.007648,0.0103,-0.01915,-0.027609,-0.001769,0.322181,0.060602,0.025104,-0.008067,-0.122205,0.907287,0.402361,-0.931003,-0.245278,0.270316,0.343945,-0.341565,0.874662,0.008659,-0.003782,0.005203,-0.039986,-0.000867,0.000922,0.251996,0.081784,0.013681,-0.0566,0.896424,0.285922,-0.338631,-0.31409,0.94891,-0.030251,0.312681,0.133479,0.940432,-0.0,-3e-06,-5e-06,4.6e-05,5e-06,-3.6e-05,-0.752299
402,0.156723,-0.072136,0.294292,-0.916529,-0.221879,-0.332851,0.232765,-0.972492,0.00717,-0.324145,-0.070636,0.943381,2e-06,1.7e-05,2.6e-05,0.0,0.0,0.0,-0.673171,-0.132945,-0.059164,0.294549,0.173639,-0.912885,0.369434,0.936305,0.269185,0.225402,-0.305439,0.307906,0.90098,0.015946,0.004149,0.003225,0.00394,-0.029017,0.054175,0.322055,0.060742,0.025073,-0.007989,-0.127289,0.906527,0.402498,-0.929434,-0.25071,0.27073,0.346334,-0.339634,0.874471,0.007965,0.002101,0.001643,-0.000896,-0.023431,0.056395,0.251016,0.081784,0.013679,-0.056593,0.896446,0.285782,-0.338691,-0.31396,0.948952,-0.030278,0.312749,0.133478,0.940409,-1e-06,-3e-06,-5e-06,4e-05,2e-06,-3.7e-05,-0.752299
403,0.156735,-0.072154,0.294283,-0.916546,-0.221642,-0.332964,0.232543,-0.972546,0.007109,-0.324257,-0.070644,0.943342,-3e-06,-2.4e-05,-3.6e-05,0.0,0.0,0.0,-0.673697,-0.132457,-0.059321,0.294965,0.179864,-0.913419,0.365111,0.934502,0.274443,0.226543,-0.307366,0.301592,0.902459,0.017117,-0.00519,0.013808,-0.03176,-0.022471,0.034089,0.322185,0.06098,0.024996,-0.007787,-0.133764,0.907344,0.398539,-0.927733,-0.256052,0.271566,0.34845,-0.333413,0.876023,0.000492,-0.003665,0.006736,-0.044303,0.015474,-0.017871,0.2502,0.08179,0.01367,-0.056599,0.896482,0.285544,-0.338794,-0.313745,0.949022,-0.03034,0.31286,0.133495,0.94037,-1e-06,-1e-05,-1.5e-05,-0.0,-9e-06,-3.4e-05,-0.752462
404,0.156747,-0.072162,0.294289,-0.916564,-0.221365,-0.333095,0.232286,-0.972608,0.007034,-0.324387,-0.070658,0.943296,-0.0,-0.0,-0.0,0.0,0.0,0.0,-0.673452,-0.132084,-0.059532,0.295486,0.192452,-0.914886,0.354876,0.930592,0.284786,0.229848,-0.311599,0.287154,0.905711,0.017083,-0.004825,0.01431,0.047474,-0.151735,-0.023108,0.322216,0.061166,0.024891,-0.007525,-0.146563,0.909449,0.389129,-0.923935,-0.266377,0.274565,0.353358,-0.31929,0.879313,0.000473,-0.003485,0.006992,0.047496,-0.194097,-0.073331,0.249873,0.081796,0.013666,-0.056595,0.896526,0.285266,-0.338915,-0.313494,0.949102,-0.030417,0.312988,0.133517,0.940324,-1e-06,2e-06,3e-06,1.5e-05,-1.2e-05,-2.7e-05,-0.752462
405,0.156747,-0.072178,0.294303,-0.916564,-0.221394,-0.333078,0.232295,-0.972605,0.007094,-0.324383,-0.070602,0.943302,-0.0,-0.0,-0.0,0.0,0.0,0.0,-0.673622,-0.131839,-0.059684,0.29604,0.208567,-0.914735,0.346051,0.924599,0.299631,0.235101,-0.319014,0.272068,0.907784,0.000835,-0.005574,0.015977,-2.38667,-1.942664,-4.705512,0.32258,0.061295,0.024816,-0.007249,-0.158057,0.910784,0.38143,-0.919859,-0.276251,0.278465,0.358992,-0.306848,0.881457,0.007828,0.003314,0.003337,-1.569071,-2.011739,1.112733,0.24922,0.081796,0.013658,-0.056589,0.896522,0.285296,-0.338899,-0.313503,0.949101,-0.030357,0.312989,0.133462,0.940332,-1e-06,1e-06,1e-06,1.5e-05,-9e-06,-2.5e-05,-0.752299
406,0.156735,-0.072185,0.29431,-0.916571,-0.221297,-0.333123,0.232199,-0.972628,0.007084,-0.324432,-0.07059,0.943286,-0.0,-0.0,-0.0,0.0,0.0,0.0,-0.673806,-0.13177,-0.059727,0.296309,0.213742,-0.913648,0.345765,0.922729,0.304921,0.235648,-0.321007,0.269822,0.907752,-0.000467,0.005099,0.007292,-1.908484,-1.316403,-4.991672,0.322594,0.06133,0.024791,-0.00711,-0.16322,0.910111,0.380862,-0.917931,-0.281582,0.279486,0.361607,-0.303988,0.88138,0.000417,-0.002885,0.007843,-0.041444,0.00262,0.007078,0.249384,0.08179,0.013654,-0.056585,0.896538,0.285198,-0.338941,-0.313409,0.949132,-0.030368,0.313039,0.133453,0.940317,-0.0,1e-06,1e-06,2e-06,-7e-06,-2.9e-05,-0.752299
407,0.156735,-0.072193,0.294317,-0.915533,-0.222139,-0.335408,0.232709,-0.972493,0.008711,-0.326977,-0.069808,0.942464,8.1e-05,0.00068,0.001035,-0.000341,-0.000606,-0.000296,-0.674173,-0.131683,-0.059789,0.2968,0.221331,-0.915582,0.335729,0.920368,0.30981,0.238482,-0.322648,0.257356,0.910785,0.000858,-0.005838,0.01557,-1.639372,-1.96871,1.107355,0.322783,0.061372,0.024768,-0.006872,-0.177119,0.910511,0.373627,-0.914413,-0.292637,0.279661,0.363972,-0.292117,0.884416,-0.000245,0.002573,0.003668,-0.012782,0.001133,0.022326,0.249384,0.08179,0.013648,-0.056585,0.895406,0.285888,-0.341344,-0.313935,0.949011,-0.028676,0.315741,0.132836,0.9395,9.7e-05,-0.004767,0.005234,-0.029191,0.007642,0.00905,-0.752462
408,0.156748,-0.072189,0.294324,-0.915536,-0.222097,-0.335428,0.232672,-0.972502,0.008696,-0.326996,-0.069815,0.942458,2.7e-05,0.000223,0.00034,-0.0,-0.0,-0.0,-0.674224,-0.131676,-0.059805,0.29726,0.234126,-0.916124,0.325412,0.916237,0.319733,0.241278,-0.325388,0.242812,0.913799,-0.000493,0.005356,0.00762,0.107108,-0.220827,0.133899,0.323339,0.061377,0.024752,-0.006635,-0.189901,0.912567,0.362157,-0.909908,-0.30214,0.284215,0.368788,-0.275556,0.887729,0.000401,-0.002731,0.00805,0.090017,-0.148535,-0.082449,0.250037,0.081797,0.013652,-0.056579,0.895448,0.285832,-0.341278,-0.313891,0.949023,-0.028752,0.315663,0.13287,0.939521,1.5e-05,0.000146,0.000219,7.4e-05,0.000169,0.000147,-0.751809
409,0.156748,-0.072189,0.294324,-0.915536,-0.222097,-0.335428,0.232672,-0.972502,0.008696,-0.326996,-0.069815,0.942458,0.0,3e-06,5e-06,-0.0,-0.0,-0.0,-0.674205,-0.131682,-0.059827,0.297517,0.23534,-0.917243,0.321359,0.91615,0.31963,0.241744,-0.324758,0.238669,0.915113,-0.000491,0.005338,0.007583,0.060307,-0.085036,-0.016079,0.32329,0.061373,0.024741,-0.006505,-0.191433,0.913906,0.35795,-0.90988,-0.302001,0.284452,0.368064,-0.271238,0.889357,0.000398,-0.002679,0.008118,0.015594,-0.05676,-0.068404,0.2502,0.081797,0.013653,-0.056578,0.895449,0.285831,-0.341277,-0.313891,0.949023,-0.028753,0.315661,0.132871,0.939522,-2e-06,-2e-06,-6e-06,-5.2e-05,6e-06,8.9e-05,-0.751972
410,0.156735,-0.072193,0.294317,-0.915551,-0.22187,-0.335537,0.232469,-0.972551,0.008614,-0.327099,-0.069847,0.94242,-9.8e-05,-0.000819,-0.001248,-0.0,-0.0,-0.0,-0.674226,-0.131665,-0.059813,0.298089,0.244438,-0.919032,0.309228,0.914109,0.324679,0.242739,-0.323801,0.224485,0.919034,0.000589,-0.002922,0.019645,-0.003667,-0.076223,-0.017235,0.323164,0.061382,0.024749,-0.006228,-0.201273,0.916293,0.34626,-0.907961,-0.307163,0.285054,0.367551,-0.257017,0.893782,-0.000372,0.003929,0.005563,-0.025731,-0.108081,0.047974,0.250363,0.08179,0.013652,-0.056578,0.895484,0.285602,-0.341377,-0.313691,0.949086,-0.028837,0.315761,0.13291,0.939483,-5.6e-05,-0.000482,-0.000739,-0.00092,0.013024,-0.025616,-0.751809
411,0.156735,-0.072193,0.294317,-0.914241,-0.227019,-0.335667,0.237983,-0.971218,0.008516,-0.326801,-0.071822,0.942375,-0.0,-0.0,-0.0,0.0,-0.0,-0.0,-0.673374,-0.131731,-0.059799,0.298781,0.250937,-0.9203,0.300119,0.914607,0.326845,0.23791,-0.317365,0.215943,0.923316,0.000506,-0.002014,0.020879,0.335803,-0.471423,-0.229438,0.323281,0.061348,0.024757,-0.005889,-0.206447,0.91781,0.339122,-0.908403,-0.308569,0.282113,0.363569,-0.249818,0.897445,-0.008428,0.003033,0.005638,-0.003312,-0.007414,-0.024083,0.2502,0.08179,0.01365,-0.056582,0.893739,0.29063,-0.341706,-0.319089,0.947283,-0.028894,0.315296,0.134859,0.939361,-1e-06,4e-06,2e-06,-0.000129,0.000137,0.000245,-0.751809
412,0.156748,-0.072194,0.294316,-0.914252,-0.226863,-0.335742,0.237842,-0.971253,0.008459,-0.326871,-0.071845,0.942348,-0.0,-0.0,-0.0,-0.0,-0.0,-0.0,-0.674328,-0.131771,-0.059809,0.299484,0.253789,-0.921434,0.29418,0.914597,0.327473,0.23708,-0.315117,0.210042,0.925444,0.000581,-0.00283,0.019682,0.025112,-0.079296,-0.036626,0.323294,0.061329,0.024754,-0.005525,-0.211321,0.919325,0.33194,-0.908818,-0.309795,0.279418,0.35971,-0.242626,0.900966,0.00027,-0.001333,0.009958,0.011176,-0.067704,-0.04136,0.250527,0.081796,0.01365,-0.056582,0.893767,0.290463,-0.341774,-0.318942,0.947331,-0.028952,0.315364,0.134883,0.939335,-2e-06,2e-06,1e-06,-4.5e-05,-1.2e-05,0.000157,-0.751809
413,0.156748,-0.072194,0.294316,-0.914252,-0.226863,-0.335742,0.237842,-0.971253,0.008459,-0.326871,-0.071845,0.942348,-0.0,-0.0,-0.0,-0.0,-0.0,-0.0,-0.674003,-0.131765,-0.05982,0.29986,0.258807,-0.920789,0.29182,0.912222,0.332215,0.23962,-0.31792,0.205343,0.92554,0.000585,-0.002876,0.019593,-0.03377,-0.007297,0.004836,0.32348,0.061331,0.02475,-0.005344,-0.216547,0.918809,0.329994,-0.906337,-0.314831,0.281838,0.362848,-0.238055,0.900927,-0.000378,0.003989,0.00559,-0.008707,-0.000725,0.028088,0.250363,0.081796,0.01365,-0.056582,0.893768,0.290462,-0.341774,-0.318941,0.947331,-0.028952,0.315365,0.134883,0.939335,-2e-06,2e-06,1e-06,-8.8e-05,-5e-06,0.000129,-0.751809
