frame,MLTx,MLTy,MLTz,MLTR1,MLTR2,MLTR3,MLTR4,MLTR5,MLTR6,MLTR7,MLTR8,MLTR9,MLTTVx,MLTTVy,MLTTVz,MLTRVx,MLTRVy,MLTRVz,MLGA,MRTx,MRTy,MRTz,MRTR1,MRTR2,MRTR3,MRTR4,MRTR5,MRTR6,MRTR7,MRTR8,MRTR9,MRTTVx,MRTTVy,MRTTVz,MRTRVx,MRTRVy,MRTRVz,MRGA,SLTx,SLTy,SLTz,SLTR1,SLTR2,SLTR3,SLTR4,SLTR5,SLTR6,SLTR7,SLTR8,SLTR9,SLTTVx,SLTTVy,SLTTVz,SLTRVx,SLTRVy,SLTRVz,SLGA,SRTx,SRTy,SRTz,SRTR1,SRTR2,SRTR3,SRTR4,SRTR5,SRTR6,SRTR7,SRTR8,SRTR9,SRTTVx,SRTTVy,SRTTVz,SRTRVx,SRTRVy,SRTRVz,SRGA
23,0.063608,-0.005709,0.34906,-0.166746,0.235506,-0.957486,-0.270065,-0.944807,-0.185411,-0.948102,0.227368,0.222336,-0.073034,-0.030836,-0.032793,-0.410456,0.43907,0.821987,0.210209,-0.131444,0.023358,0.336015,0.545383,-0.129046,0.828189,-0.03067,0.984286,0.173705,-0.838254,-0.119987,0.531786,-0.029907,0.024756,0.005498,-0.333906,-0.413589,0.24717,0.427381,0.026214,0.030504,-0.01619,-0.507164,0.118571,0.853653,0.035572,-0.986767,0.158194,0.861114,0.110597,0.496235,-0.014955,0.012304,0.002719,-1.319374,-0.492167,-0.581551,0.363034,0.069892,0.022702,-0.069537,-0.202463,0.299693,-0.932304,-0.177774,-0.94745,-0.265955,-0.963018,0.111893,0.245101,-0.036574,-0.015719,-0.0166,-1.435621,-0.012497,1.896652,0.050601
24,0.060485,-0.007164,0.348032,-0.151498,0.30721,-0.939529,-0.352973,-0.904597,-0.238928,-0.923114,0.295044,0.24665,-0.075032,-0.041076,-0.024614,-0.444628,1.233267,1.160502,0.247735,-0.132787,0.024322,0.336246,0.571868,-0.112869,0.812538,-0.082482,0.977499,0.193976,-0.816846,-0.177817,0.548641,-0.029787,0.025054,0.005618,-0.614372,-0.83953,0.654479,0.458278,0.025542,0.030986,-0.016074,-0.534127,0.102112,0.839214,0.088246,-0.980521,0.175471,0.840785,0.167781,0.514711,-0.021438,0.011521,0.002691,-2.23084,-2.210113,1.368461,0.403203,0.068331,0.021978,-0.070053,-0.191545,0.368943,-0.9095,-0.264717,-0.911737,-0.3141,-0.94511,0.180596,0.272304,-0.044275,-0.018396,-0.010762,-1.588336,0.624883,1.468666,0.111182
25,0.057031,-0.008806,0.34736,-0.144952,0.37271,-0.916582,-0.439685,-0.854087,-0.277822,-0.886214,0.362267,0.288816,-0.10463,-0.042906,-0.010803,-0.505472,1.238799,1.572797,0.258292,-0.134342,0.025367,0.33642,0.597544,-0.096373,0.796018,-0.132869,0.96706,0.216965,-0.791436,-0.2353,0.564026,-0.044244,0.035738,-0.001506,-1.508844,-1.091674,-0.020198,0.489408,0.02477,0.031503,-0.015986,-0.560257,0.086958,0.823741,0.138494,-0.97064,0.19666,0.816658,0.224264,0.531765,-0.021273,0.012182,0.003023,-5.295311,-3.102556,-0.861749,0.446312,0.066616,0.021157,-0.070395,-0.191932,0.43238,-0.881026,-0.356533,-0.867101,-0.347876,-0.914355,0.247347,0.320582,-0.045409,-0.023551,-0.006734,-1.630158,0.682539,1.785479,0.140411
26,0.053328,-0.010472,0.346764,-0.139231,0.437511,-0.888394,-0.522716,-0.794382,-0.30935,-0.840902,0.420758,0.340401,-0.10524,-0.041346,-0.010404,-0.325386,1.291865,1.430383,0.28605,-0.136133,0.02645,0.336493,0.626964,-0.069411,0.775944,-0.186829,0.95349,0.236399,-0.75703,-0.293103,0.583831,-0.0436,0.032442,-0.004178,-4.300398,-1.69495,-2.783482,0.508872,0.02389,0.032044,-0.015946,-0.590372,0.062708,0.804691,0.189393,-0.958378,0.213634,0.784596,0.278526,0.553923,-0.028365,0.015577,-0.001904,-1.212831,-2.135586,2.089295,0.480603,0.064724,0.020307,-0.070699,-0.193209,0.496548,-0.846232,-0.446126,-0.812629,-0.374973,-0.873865,0.305078,0.37853,-0.052579,-0.020651,-0.005124,-0.305533,1.19909,1.361012,0.177478
27,0.051395,-0.011255,0.346577,-0.12897,0.470793,-0.872792,-0.568077,-0.756432,-0.324145,-0.81266,0.453418,0.366089,-0.089437,-0.039688,-0.007888,-5.095461,-0.666181,3.35726,0.285583,-0.137031,0.026918,0.336491,0.636346,-0.058751,0.769157,-0.203597,0.948877,0.24107,-0.744777,-0.309935,0.590856,-0.043328,0.031057,-0.005292,0.216027,-0.485685,0.108973,0.515135,0.023425,0.032288,-0.015944,-0.600336,0.050302,0.798163,0.211787,-0.952389,0.219317,0.771195,0.300705,0.5611,-0.027483,0.009256,0.001485,0.286043,-0.772785,0.11733,0.492687,0.063788,0.019923,-0.070796,-0.188949,0.52747,-0.828294,-0.490049,-0.781599,-0.385945,-0.850969,0.332981,0.406169,-0.051529,-0.017537,-0.002297,-0.663724,1.303572,1.42796,0.186949
28,0.047572,-0.012189,0.34656,-0.101017,0.527071,-0.843823,-0.645952,-0.679764,-0.34733,-0.75655,0.509324,0.41018,-0.097595,-0.013016,-0.002812,-4.795275,-1.062606,3.071995,0.292894,-0.139034,0.027741,0.336456,0.651511,-0.03787,0.757688,-0.232611,0.9406,0.247179,-0.722839,-0.337245,0.603019,-0.055796,0.026937,-0.007259,0.033386,-0.330863,0.115477,0.520175,0.022427,0.032701,-0.01596,-0.616781,0.028632,0.786614,0.240896,-0.944521,0.223265,0.749366,0.327198,0.575665,-0.027204,0.007745,0.000269,-0.261982,-0.423345,-0.126062,0.508526,0.061876,0.019438,-0.070815,-0.167266,0.584979,-0.793612,-0.576051,-0.711247,-0.402855,-0.800116,0.389778,0.455945,-0.048669,-0.006267,-0.001107,-0.225813,0.946116,1.13937,0.195277
29,0.043679,-0.012411,0.346713,-0.078477,0.56635,-0.820448,-0.705788,-0.612732,-0.355521,-0.703974,0.550454,0.448829,-0.093893,-0.003442,0.006317,-0.118703,0.641834,0.505155,0.320432,-0.141047,0.028275,0.336376,0.660365,-0.031917,0.750261,-0.233087,0.940963,0.245341,-0.714608,-0.336857,0.612965,-0.053836,0.011746,-0.002471,0.084564,-0.152882,0.036553,0.519924,0.0214,0.032978,-0.016003,-0.626294,0.022637,0.779257,0.241177,-0.944915,0.221286,0.741342,0.32653,0.586336,-0.026896,0.005637,-0.001382,0.059525,-0.114222,0.060341,0.513424,0.059929,0.019324,-0.070741,-0.145322,0.625276,-0.766753,-0.646607,-0.646594,-0.404738,-0.748852,0.436971,0.498273,-0.046796,-0.00141,0.00354,-0.203441,0.813537,0.448116,0.219117
30,0.041833,-0.012458,0.34687,-0.066935,0.583505,-0.809374,-0.734419,-0.577856,-0.355925,-0.675311,0.569868,0.468223,-0.093148,-0.001257,0.008306,-0.20911,0.700954,0.374267,0.345945,-0.141994,0.028473,0.336345,0.66589,-0.029773,0.74545,-0.23142,0.941598,0.244483,-0.71001,-0.335279,0.619142,-0.040814,0.01316,-0.002674,0.251446,-0.499949,-0.163296,0.51978,0.020927,0.033074,-0.01602,-0.631182,0.022074,0.77532,0.239346,-0.945269,0.221762,0.737782,0.325542,0.591354,-0.020397,0.006435,-0.001415,0.354039,-0.641065,-0.247741,0.513914,0.058973,0.019304,-0.070656,-0.135382,0.6428,-0.753975,-0.678577,-0.614646,-0.402172,-0.721944,0.457183,0.519401,-0.046402,-0.000258,0.004591,-0.189392,0.647516,0.349116,0.243121
31,0.038436,-0.012628,0.347373,-0.044795,0.61914,-0.784031,-0.781916,-0.510139,-0.358243,-0.62172,0.596227,0.507942,-0.077667,-0.001498,0.009381,-0.507787,1.171568,0.696564,0.412992,-0.143739,0.028794,0.336309,0.669789,-0.029266,0.741969,-0.229767,0.941941,0.244723,-0.706874,-0.334362,0.623214,-0.039247,0.000257,0.003893,-0.005443,0.044231,-0.088694,0.519887,0.020069,0.033235,-0.01604,-0.635992,0.02044,0.771424,0.237788,-0.945817,0.221102,0.734146,0.324055,0.596671,-0.020311,0.006072,-0.001716,0.038832,-0.069874,0.128843,0.514078,0.057305,0.019223,-0.070404,-0.115647,0.675764,-0.727988,-0.731891,-0.55347,-0.397498,-0.671535,0.486839,0.558593,-0.039296,-0.005401,0.009818,-1.47155,0.361777,1.10267,0.321174
32,0.035658,-0.01308,0.348178,-0.019406,0.656053,-0.754495,-0.820213,-0.441913,-0.363228,-0.571702,0.610981,0.547618,-0.063441,-0.012141,0.019673,-0.237896,1.28585,0.55186,0.4412,-0.145275,0.028935,0.336315,0.672615,-0.030508,0.739358,-0.229292,0.941307,0.24759,-0.704341,-0.336029,0.625181,-0.039028,-0.001727,0.002347,-0.006133,0.045615,-0.087736,0.519601,0.019301,0.033306,-0.016036,-0.638847,0.021913,0.769021,0.237382,-0.945205,0.224133,0.731794,0.325738,0.59864,-0.020173,0.004932,-0.002604,0.033314,0.040354,-0.070965,0.514241,0.055912,0.019003,-0.070003,-0.093694,0.712973,-0.694903,-0.777095,-0.488687,-0.396619,-0.622369,0.502845,0.599835,-0.032398,-0.011141,0.014511,-0.542446,1.370009,0.826006,0.382734
33,0.033342,-0.013845,0.349346,0.004049,0.699786,-0.714372,-0.847869,-0.376293,-0.373489,-0.53019,0.606335,0.592692,-0.063919,-0.027324,0.043349,-0.547722,1.551299,0.724738,0.454232,-0.146458,0.028898,0.336362,0.676553,-0.032334,0.735678,-0.229194,0.940093,0.252249,-0.700592,-0.339238,0.627656,-0.025941,-0.001959,0.000934,-0.004089,0.03041,-0.05849,0.518281,0.018705,0.033288,-0.016012,-0.642932,0.023832,0.765552,0.237448,-0.944069,0.228804,0.728187,0.328884,0.601314,-0.012968,-0.001028,0.000453,-0.00091,0.034739,-0.062098,0.513914,0.054752,0.018623,-0.069431,-0.074253,0.754886,-0.651638,-0.811005,-0.425958,-0.401036,-0.580307,0.498703,0.643845,-0.02421,-0.010692,0.015827,-1.354493,0.646584,1.423933,0.413596
34,0.032234,-0.014216,0.350105,0.01216,0.720606,-0.693271,-0.857962,-0.34851,-0.377376,-0.513575,0.598493,0.614878,-0.060465,-0.012847,0.038515,-0.173021,1.572545,0.399151,0.455903,-0.146915,0.028867,0.336382,0.68133,-0.035274,0.73112,-0.228052,0.938816,0.257973,-0.696324,-0.34246,0.630649,-0.013067,0.000206,0.001363,-0.989042,-1.777829,1.866492,0.51683,0.018471,0.033268,-0.016005,-0.646026,0.025579,0.762886,0.237098,-0.943276,0.232405,0.725558,0.331019,0.603316,-0.012943,-0.001316,0.000228,-0.000554,0.035631,-0.06327,0.513424,0.054196,0.018429,-0.069052,-0.067796,0.77502,-0.628287,-0.824103,-0.398461,-0.402594,-0.562367,0.49048,0.665711,-0.023714,-0.013323,0.022974,-0.277622,1.74879,0.582687,0.421761
35,0.0301,-0.014874,0.352005,0.03111,0.758338,-0.651153,-0.874738,-0.294477,-0.384822,-0.483622,0.580617,0.654997,-0.044383,-0.020416,0.052265,-0.247315,1.499519,0.488106,0.457636,-0.14749,0.028827,0.336393,0.686424,-0.038525,0.726175,-0.226496,0.937519,0.263992,-0.691816,-0.345643,0.633865,-4e-06,4.6e-05,3.5e-05,-0.0,-0.0,0.0,0.514823,0.018179,0.033249,-0.015997,-0.653154,0.030172,0.756623,0.235261,-0.941671,0.240639,0.719751,0.335178,0.607958,-0.006473,-0.000638,0.000131,-0.000346,0.017509,-0.031143,0.511302,0.053123,0.018103,-0.068108,-0.052272,0.81039,-0.583553,-0.846111,-0.346326,-0.405158,-0.530435,0.472573,0.703783,-0.028361,-0.002556,0.023246,-0.444394,0.93935,0.479761,0.428782
36,0.028204,-0.015449,0.354153,0.053206,0.784389,-0.618019,-0.879839,-0.255817,-0.400515,-0.472334,0.564091,0.677295,-0.056161,-0.011331,0.059619,0.425693,0.659249,0.629938,0.467166,-0.147688,0.028853,0.336407,0.686316,-0.038355,0.726285,-0.226614,0.937541,0.263812,-0.691884,-0.345602,0.633813,-4.2e-05,0.000523,0.000396,0.0,-0.0,-0.0,0.514566,0.01808,0.033261,-0.015991,-0.653022,0.030001,0.756743,0.235356,-0.9417,0.240431,0.719839,0.335111,0.607891,-0.000654,0.005984,-0.003658,0.036869,-0.009178,0.019001,0.509995,0.052181,0.017815,-0.067033,-0.033214,0.836749,-0.546577,-0.855525,-0.306528,-0.417273,-0.516694,0.453752,0.72604,-0.021116,-0.007979,0.02842,1.718902,0.130927,2.001739,0.435967
37,0.027385,-0.015694,0.355239,0.061534,0.795285,-0.603142,-0.876178,-0.246315,-0.414261,-0.478104,0.552961,0.682406,-0.040358,-0.005075,0.048192,0.574882,0.576445,0.697913,0.467498,-0.147699,0.028866,0.336417,0.685906,-0.037919,0.726696,-0.227067,0.937547,0.263401,-0.692142,-0.345635,0.633513,-4.8e-05,0.000601,0.000455,0.0,-0.0,-0.0,0.514394,0.018074,0.033268,-0.015986,-0.652595,0.029564,0.757129,0.235782,-0.941704,0.24,0.720087,0.335141,0.607581,-2.5e-05,0.000299,0.00023,0.000281,9.8e-05,0.000227,0.509669,0.051767,0.017694,-0.066482,-0.025851,0.846813,-0.531261,-0.853003,-0.295799,-0.429987,-0.521265,0.442052,0.72998,-0.020651,-0.007063,0.029329,2.083464,0.242272,1.839662,0.441029
38,0.026248,-0.016106,0.357136,0.098323,0.808497,-0.580268,-0.854988,-0.229685,-0.464987,-0.50935,0.540835,0.669393,-0.026283,-0.009531,0.045449,0.653216,-0.111465,0.864071,0.467658,-0.147573,0.028884,0.336431,0.685245,-0.037261,0.727353,-0.227786,0.937545,0.262785,-0.69256,-0.345712,0.633014,-3.6e-05,0.000451,0.000342,0.0,-0.0,-0.0,0.514741,0.018137,0.033276,-0.015979,-0.651907,0.028903,0.757747,0.236462,-0.941698,0.239353,0.720487,0.335214,0.607065,-1.8e-05,0.000229,0.000172,0.00018,6.6e-05,0.000157,0.509832,0.051196,0.017495,-0.065527,0.009161,0.862279,-0.506349,-0.834085,-0.272715,-0.479507,-0.551558,0.426731,0.716716,-0.01297,-0.004376,0.02315,2.368206,-0.747787,1.93584,0.444131
39,0.025712,-0.01642,0.358617,0.125432,0.819941,-0.558577,-0.84476,-0.206901,-0.493502,-0.520377,0.532745,0.667396,-0.011244,-0.004832,0.032452,-0.044971,0.332422,1.027238,0.467719,-0.14737,0.028912,0.336421,0.6851,-0.037176,0.727493,-0.227882,0.937554,0.262672,-0.692671,-0.345699,0.632901,-0.0,0.0,0.0,0.0,-0.0,-0.0,0.514127,0.018239,0.033291,-0.015983,-0.651756,0.028822,0.75788,0.236546,-0.941706,0.239235,0.720596,0.335196,0.606946,1e-06,-1.1e-05,-1.2e-05,0.000127,3.7e-05,0.000106,0.509995,0.050924,0.017338,-0.064779,0.035611,0.87288,-0.486632,-0.826293,-0.248172,-0.505618,-0.562112,0.420106,0.712418,-0.005901,-0.002902,0.015748,-0.053268,-0.161939,0.510595,0.445111
40,0.025541,-0.016505,0.359178,0.140173,0.822739,-0.550907,-0.840396,-0.195269,-0.505547,-0.523691,0.53282,0.664739,-0.010288,0.004317,0.022122,-0.016576,-0.07037,0.632654,0.467285,-0.147272,0.028915,0.336414,0.684879,-0.036974,0.727712,-0.228105,0.937555,0.262473,-0.692816,-0.345716,0.632732,0.01295,0.00118,-0.000309,0.002045,-0.015205,0.029245,0.513421,0.018283,0.033291,-0.015987,-0.651513,0.028601,0.758098,0.236772,-0.941706,0.23901,0.720742,0.335215,0.606762,5e-06,-5.7e-05,-4.7e-05,-0.013618,0.108217,-0.166228,0.509505,0.050842,0.017295,-0.064506,0.049295,0.877652,-0.476755,-0.82327,-0.234559,-0.516922,-0.565505,0.41798,0.710982,-0.005425,0.00167,0.010573,-0.018993,-0.022159,0.616638,0.444948
41,0.025117,-0.01641,0.360112,0.157422,0.830199,-0.53482,-0.833673,-0.178509,-0.522586,-0.529525,0.527099,0.664678,-0.023789,0.009832,0.025766,-0.030952,0.090079,0.232426,0.469356,-0.147097,0.028925,0.336405,0.684845,-0.036994,0.727743,-0.228107,0.937553,0.262477,-0.692849,-0.345719,0.632694,0.0,-0.0,-0.0,0.0,-0.0,-0.0,0.512084,0.018375,0.033296,-0.015992,-0.65149,0.028639,0.758115,0.236755,-0.941706,0.239031,0.720768,0.335214,0.606732,0.006472,0.000637,-0.000122,0.002117,-0.015202,0.029315,0.507709,0.050629,0.017335,-0.064032,0.066728,0.885481,-0.459857,-0.818422,-0.215053,-0.532856,-0.570728,0.411915,0.710347,-0.004409,0.007238,0.006408,0.002041,0.040526,0.225647,0.446581
42,0.024535,-0.016023,0.360973,0.167506,0.837898,-0.519533,-0.823515,-0.17073,-0.540968,-0.542192,0.517417,0.662068,-0.023272,0.010732,0.026607,0.657007,0.081801,0.466063,0.462665,-0.146971,0.028944,0.336408,0.684771,-0.036956,0.727815,-0.228162,0.937553,0.262432,-0.692904,-0.345725,0.63263,-0.000116,0.001413,0.001071,0.001992,-0.015675,0.024099,0.510959,0.018439,0.033303,-0.015993,-0.6514,0.028589,0.758194,0.236818,-0.941705,0.23897,0.720828,0.335219,0.606657,-0.0,9e-06,6e-06,4.6e-05,8e-06,4.6e-05,0.50624,0.050337,0.017527,-0.063602,0.075925,0.892631,-0.444346,-0.809798,-0.204808,-0.5498,-0.581775,0.401575,0.707301,-0.003728,0.008485,0.007639,2.319619,-0.348369,1.488878,0.442988
43,0.023722,-0.015584,0.362026,0.170804,0.848957,-0.500143,-0.815157,-0.163319,-0.555714,-0.553681,0.501558,0.664759,-0.022482,0.012126,0.027921,-0.056986,0.655539,0.28497,0.465233,-0.146856,0.028969,0.336416,0.684781,-0.037003,0.727803,-0.228127,0.937551,0.262468,-0.692906,-0.345724,0.63263,-3.3e-05,0.000394,0.000299,0.0,0.0,0.0,0.509446,0.018496,0.033319,-0.015987,-0.651424,0.028651,0.758172,0.23677,-0.941705,0.23902,0.720823,0.335216,0.606665,-2e-05,0.000245,0.000183,3.1e-05,-1e-06,3.8e-05,0.504933,0.04993,0.017746,-0.063077,0.079191,0.901403,-0.425675,-0.801941,-0.196039,-0.56432,-0.59213,0.386056,0.707348,-0.011381,0.005837,0.013742,-0.063353,0.694449,0.281658,0.441192
44,0.023284,-0.015412,0.362624,0.174853,0.855008,-0.488296,-0.808287,-0.158475,-0.567037,-0.56243,0.492768,0.663988,-0.02247,0.012103,0.027849,-0.054415,0.713145,0.283688,0.463346,-0.146789,0.02899,0.336425,0.684811,-0.037056,0.727772,-0.228081,0.93755,0.262513,-0.692891,-0.345721,0.632647,0.012835,0.002553,0.000728,0.002045,-0.015205,0.029245,0.508499,0.018525,0.033326,-0.015984,-0.651442,0.028689,0.758155,0.23674,-0.941704,0.239052,0.720817,0.335214,0.606674,-6.1e-05,0.000738,0.000557,0.002025,-0.015669,0.024119,0.503954,0.049712,0.017833,-0.062777,0.082834,0.906819,-0.413298,-0.795712,-0.189502,-0.575265,-0.599982,0.376518,0.70587,-0.011701,0.001562,0.019166,-0.076427,0.6788,0.478128,0.441192
45,0.022416,-0.015217,0.364034,0.183048,0.866765,-0.463959,-0.795746,-0.146436,-0.587636,-0.577519,0.475681,0.663496,-0.023225,0.003317,0.038399,-0.057772,0.384692,0.359803,0.455471,-0.146683,0.029007,0.336428,0.684796,-0.037074,0.727785,-0.228075,0.937549,0.262522,-0.692908,-0.345723,0.632628,-2e-06,2.1e-05,1.6e-05,0.0,0.0,0.0,0.507794,0.018582,0.033339,-0.01598,-0.651439,0.028724,0.758156,0.236718,-0.941703,0.239076,0.720826,0.335214,0.606663,0.006472,0.000628,-0.00013,0.002063,-0.015201,0.029264,0.502484,0.049278,0.017934,-0.062075,0.089625,0.917926,-0.386495,-0.784682,-0.173912,-0.595002,-0.613384,0.356603,0.704693,-0.011706,0.001519,0.019076,-0.031552,0.540462,0.236964,0.433681
46,0.021576,-0.015254,0.365667,0.191236,0.879385,-0.436069,-0.784222,-0.130219,-0.60664,-0.590501,0.456892,0.665272,-0.024707,-0.006764,0.047657,-0.059984,0.667485,0.463337,0.45102,-0.146584,0.028989,0.336405,0.684792,-0.0371,0.727788,-0.228061,0.937548,0.262538,-0.692917,-0.345723,0.632617,7.8e-05,-0.000929,-0.000704,0.0,0.0,0.0,0.507835,0.018632,0.03333,-0.015991,-0.651434,0.02875,0.758159,0.236704,-0.941703,0.239094,0.720835,0.335213,0.606653,4.3e-05,-0.00051,-0.000389,1e-05,-3e-06,1.8e-05,0.501667,0.04886,0.017921,-0.061261,0.097168,0.928213,-0.359134,-0.77511,-0.155772,-0.612322,-0.624309,0.337867,0.704332,-0.012072,-0.002814,0.024403,0.11425,0.658791,0.56075,0.426006
47,0.021164,-0.015358,0.366602,0.194324,0.884853,-0.42346,-0.780355,-0.122062,-0.613285,-0.594606,0.448525,0.667306,-0.024197,-0.005831,0.048527,-0.125419,0.641047,0.443535,0.44857,-0.146552,0.028963,0.336394,0.684785,-0.037101,0.727794,-0.228081,0.937538,0.262554,-0.692917,-0.345748,0.632604,0.013076,-0.000314,-0.001447,0.002045,-0.015205,0.029245,0.507985,0.018643,0.033318,-0.015995,-0.651415,0.028734,0.758177,0.23674,-0.941694,0.239093,0.720841,0.33524,0.606631,7.8e-05,-0.000932,-0.000708,-0.001978,0.015687,-0.024102,0.501667,0.048662,0.017869,-0.060813,0.099893,0.932663,-0.346641,-0.772105,-0.147083,-0.618238,-0.627593,0.329401,0.705422,-0.0053,-0.005486,0.022666,-0.099095,0.172548,0.23243,0.422414
48,0.020385,-0.01569,0.368543,0.199498,0.894221,-0.400767,-0.773109,-0.107597,-0.625058,-0.602318,0.433423,0.670362,-0.023547,-0.004647,0.049586,-0.113893,0.369647,0.312109,0.44748,-0.146559,0.028927,0.336368,0.684711,-0.037019,0.727868,-0.228164,0.937539,0.262477,-0.692963,-0.345754,0.632551,8.7e-05,-0.001038,-0.000787,0.0,0.0,0.0,0.507131,0.018645,0.033298,-0.01601,-0.651351,0.028669,0.758234,0.236804,-0.941694,0.239029,0.720877,0.335245,0.606584,5.5e-05,-0.000649,-0.000493,5e-06,2e-05,2e-06,0.501014,0.048263,0.0177,-0.059825,0.103963,0.94129,-0.321191,-0.7665,-0.129957,-0.628957,-0.633773,0.311581,0.707989,-0.012497,-0.007241,0.029615,-0.159664,0.454654,0.322293,0.418821
49,0.01968,-0.0162,0.370607,0.199998,0.904721,-0.3762,-0.768259,-0.093433,-0.633263,-0.608332,0.414545,0.676839,-0.025509,-0.015521,0.058083,-0.17565,0.906207,0.320022,0.444584,-0.146579,0.028933,0.336363,0.684693,-0.036997,0.727886,-0.228168,0.937549,0.262441,-0.692979,-0.345731,0.632545,-1.4e-05,0.000162,0.000123,0.0,0.0,0.0,0.506353,0.018635,0.0333,-0.016014,-0.651332,0.028647,0.758251,0.236806,-0.941703,0.238991,0.720894,0.335221,0.606578,-1e-05,0.000129,9.8e-05,3e-06,-2e-06,8e-06,0.500198,0.047903,0.017446,-0.058772,0.104251,0.948974,-0.297621,-0.763242,-0.115524,-0.6357,-0.637645,0.29343,0.712254,-0.012813,-0.007812,0.029002,-0.175038,0.851602,0.27481,0.416535
50,0.018946,-0.016742,0.372705,0.212291,0.909093,-0.358508,-0.769609,-0.070479,-0.634592,-0.602443,0.409499,0.685128,-0.011513,-0.019982,0.055462,-2.136152,-3.050351,3.927803,0.44447,-0.146564,0.028991,0.336405,0.684733,-0.037045,0.727846,-0.228121,0.937548,0.262484,-0.692955,-0.345728,0.632573,-0.000223,0.002663,0.002019,0.001995,-0.015674,0.024098,0.504993,0.018642,0.033326,-0.015995,-0.651373,0.028695,0.758214,0.236761,-0.941703,0.239037,0.720872,0.335218,0.606607,-0.000115,0.001377,0.001043,0.002004,-0.015658,0.024088,0.499055,0.047541,0.017181,-0.057745,0.110456,0.954197,-0.278038,-0.765946,-0.096543,-0.635614,-0.633344,0.28317,0.7202,-0.012086,-0.00284,0.024202,-0.126967,0.461273,0.356611,0.413433
51,0.018629,-0.017096,0.373752,0.217461,0.910538,-0.351678,-0.767452,-0.06306,-0.637977,-0.603357,0.407498,0.685516,-0.012333,-0.02147,0.053988,-0.125337,0.123621,0.208941,0.445148,-0.14653,0.029044,0.336441,0.68487,-0.037201,0.727709,-0.227963,0.937546,0.262629,-0.692872,-0.345717,0.63267,-0.000211,0.002523,0.001912,0.0,0.0,0.0,0.504335,0.018659,0.033353,-0.015976,-0.651516,0.028854,0.758085,0.236609,-0.941702,0.239189,0.720792,0.335206,0.606708,-0.000135,0.00161,0.001219,9e-06,1.2e-05,-7e-06,0.498402,0.047384,0.017007,-0.057218,0.120611,0.955136,-0.270493,-0.765433,-0.084026,-0.638005,-0.63211,0.283995,0.720959,-0.006371,-0.011053,0.0267,-0.120079,0.17424,-0.034464,0.413759
52,0.01843,-0.018141,0.375658,0.227671,0.912972,-0.338664,-0.756719,-0.052934,-0.651571,-0.613085,0.403482,0.679231,-0.001027,-0.030857,0.046686,-0.104668,0.013481,0.169188,0.444507,-0.146417,0.029217,0.33656,0.685066,-0.037447,0.727512,-0.227723,0.937542,0.262852,-0.692757,-0.345701,0.632804,-0.00033,0.003922,0.002968,0.0,0.0,0.0,0.503528,0.018716,0.033438,-0.015918,-0.651707,0.029089,0.757912,0.236392,-0.941701,0.23941,0.720691,0.33519,0.606837,0.0063,0.002611,0.001368,0.002047,-0.015217,0.029259,0.496769,0.047282,0.016493,-0.056258,0.130635,0.957357,-0.257682,-0.755881,-0.072009,-0.650736,-0.641543,0.279786,0.714241,0.006267,-0.018018,0.021739,-0.069902,0.03434,0.001157,0.414249
53,0.018654,-0.019487,0.377252,0.235797,0.915185,-0.326926,-0.741309,-0.048076,-0.66942,-0.628662,0.399063,0.667504,0.010884,-0.039208,0.040425,2.442547,-0.199096,0.984188,0.438111,-0.146314,0.02939,0.33668,0.685248,-0.037676,0.727328,-0.227499,0.937538,0.26306,-0.692651,-0.345686,0.632929,-0.000274,0.003237,0.002446,0.0,0.0,0.0,0.503067,0.018767,0.033529,-0.015854,-0.65191,0.029334,0.757728,0.236165,-0.941699,0.23964,0.720582,0.335173,0.606975,-0.000165,0.001938,0.001463,1.3e-05,1.9e-05,-1.4e-05,0.495952,0.047389,0.015822,-0.055459,0.137862,0.959313,-0.246394,-0.743177,-0.064257,-0.666001,-0.654736,0.274931,0.704082,0.005809,-0.015258,0.014842,-0.094556,0.046681,-0.022072,0.409514
54,0.018846,-0.020183,0.377891,0.239741,0.916208,-0.321141,-0.734161,-0.045289,-0.677443,-0.635529,0.397041,0.662184,0.010623,-0.032474,0.027816,-0.071604,-0.000682,0.190734,0.434224,-0.146281,0.029457,0.336727,0.685326,-0.03777,0.72725,-0.227406,0.937536,0.263146,-0.692604,-0.34568,0.632983,-0.000224,0.002642,0.001995,0.0,0.0,0.0,0.502965,0.018783,0.033564,-0.01583,-0.65199,0.029429,0.757655,0.236076,-0.941699,0.23973,0.720539,0.335166,0.607031,-0.000133,0.001552,0.00117,3e-06,-7e-06,1.1e-05,0.495789,0.047486,0.015474,-0.055133,0.142622,0.960209,-0.240117,-0.734526,-0.059927,-0.675929,-0.663423,0.272774,0.696752,0.004566,-0.021187,0.018689,-0.077221,0.068835,-0.015382,0.405105
55,0.019277,-0.021521,0.378884,0.246076,0.918256,-0.310317,-0.721403,-0.040247,-0.691325,-0.647617,0.392841,0.652914,0.010679,-0.025189,0.015732,-0.065608,0.094837,0.24756,0.417428,-0.146248,0.029524,0.336774,0.685403,-0.037863,0.727173,-0.227314,0.937535,0.263231,-0.692558,-0.345674,0.633037,-3.4e-05,0.000403,0.000304,0.0,0.0,0.0,0.501997,0.0188,0.0336,-0.015805,-0.652071,0.029524,0.757583,0.235987,-0.941698,0.239819,0.720495,0.335159,0.607087,-1.1e-05,0.000121,9.1e-05,1e-06,-2e-05,1.8e-05,0.494483,0.047704,0.014789,-0.054629,0.149147,0.96182,-0.229466,-0.722606,-0.052389,-0.68927,-0.674976,0.268617,0.687204,0.005225,-0.012768,0.007692,-0.079575,0.098175,0.246841,0.388613
56,0.0196,-0.022571,0.379748,0.24834,0.920581,-0.301503,-0.712704,-0.037092,-0.700464,-0.656334,0.387691,0.647263,0.011907,-0.022966,0.017868,-0.072243,0.118158,0.040386,0.406682,-0.146237,0.029518,0.336768,0.685319,-0.037778,0.727256,-0.227404,0.937536,0.26315,-0.692612,-0.345681,0.632974,6.8e-05,-0.000806,-0.000608,0.0,0.0,0.0,0.501537,0.018805,0.033596,-0.015808,-0.651983,0.029438,0.757661,0.236074,-0.941698,0.239734,0.720546,0.335166,0.607022,5e-05,-0.000586,-0.000443,9e-06,1.5e-05,-1.1e-05,0.493666,0.047857,0.014267,-0.05421,0.151236,0.963637,-0.220293,-0.714373,-0.047485,-0.698151,-0.683225,0.262958,0.681215,0.006015,-0.011338,0.009066,-0.078871,0.116866,0.029141,0.368365
57,0.019728,-0.02335,0.380556,0.24799,0.923083,-0.294046,-0.706131,-0.035506,-0.707171,-0.663534,0.381858,0.643376,-0.001539,-0.017368,0.021504,0.706784,0.034306,0.274279,0.397756,-0.146244,0.029475,0.336737,0.685233,-0.037684,0.727343,-0.227501,0.937537,0.263061,-0.692666,-0.345688,0.632912,0.000156,-0.001836,-0.001386,-0.001997,0.015674,-0.024098,0.500347,0.018802,0.033575,-0.015823,-0.651906,0.029355,0.757731,0.236153,-0.941699,0.239654,0.72059,0.335173,0.606967,2.6e-05,-0.000316,-0.000238,-1e-06,-7e-06,1.1e-05,0.492687,0.047926,0.013875,-0.053807,0.150449,0.965455,-0.212743,-0.708733,-0.044699,-0.704058,-0.689246,0.256703,0.677525,-0.000652,-0.008442,0.01098,2.523972,-0.147839,0.898049,0.356608
58,0.019672,-0.023622,0.380978,0.245585,0.924496,-0.291616,-0.707048,-0.034906,-0.706283,-0.663449,0.378489,0.645451,-0.014637,-0.011093,0.025785,-0.070345,0.08564,-0.045904,0.394715,-0.146254,0.029475,0.336726,0.685216,-0.037665,0.72736,-0.227501,0.937546,0.263027,-0.692682,-0.345664,0.632907,1.5e-05,-0.000176,-0.000133,0.0,0.0,0.0,0.499741,0.018797,0.033571,-0.015832,-0.651876,0.029324,0.757758,0.236165,-0.941708,0.239607,0.720613,0.335151,0.606951,7e-06,-7.8e-05,-6e-05,3e-06,-1.1e-05,5e-06,0.492197,0.047897,0.013731,-0.05359,0.148101,0.96643,-0.209948,-0.709114,-0.044204,-0.703706,-0.689363,0.253097,0.678762,-0.007264,-0.00542,0.013012,-0.066161,0.051262,-0.076963,0.350076
59,0.019471,-0.024006,0.38194,0.239143,0.928418,-0.284422,-0.708856,-0.033196,-0.704551,-0.663865,0.368949,0.650527,-0.012933,-0.007927,0.028803,-0.099386,0.518882,-0.044902,0.392804,-0.146242,0.029455,0.33671,0.685192,-0.037643,0.727383,-0.227525,0.937547,0.263006,-0.692698,-0.345666,0.632888,3.3e-05,-0.000388,-0.000293,0.0,0.0,0.0,0.499678,0.018803,0.033562,-0.01584,-0.651851,0.029301,0.75778,0.236189,-0.941708,0.239585,0.720628,0.335153,0.606932,2.4e-05,-0.000276,-0.000208,-1e-06,-4e-06,7e-06,0.49138,0.047799,0.013541,-0.053128,0.142429,0.968385,-0.204801,-0.711048,-0.043836,-0.701774,-0.688566,0.245577,0.682325,-0.006546,-0.004083,0.014287,-0.095243,0.581072,0.15718,0.344524
60,0.019314,-0.024217,0.38295,0.240189,0.928754,-0.282437,-0.711073,-0.029673,-0.702472,-0.661111,0.368405,0.653634,-0.010898,-0.004162,0.032368,-0.065851,0.03968,-0.003095,0.391295,-0.14625,0.029439,0.33671,0.685159,-0.037603,0.727417,-0.227584,0.937538,0.262986,-0.692711,-0.345693,0.632859,3e-06,-3.3e-05,-2.5e-05,0.0,0.0,0.0,0.499447,0.018799,0.033553,-0.01584,-0.651816,0.02926,0.757811,0.236246,-0.941699,0.239562,0.72064,0.33518,0.606902,1e-06,2e-06,3e-06,2e-06,-2e-06,3e-06,0.491054,0.04772,0.013431,-0.05262,0.142457,0.969263,-0.200582,-0.71357,-0.039869,-0.699448,-0.685947,0.24277,0.685958,0.001293,-0.004826,0.01443,-0.062957,0.014268,-0.018883,0.342238
61,0.019269,-0.024298,0.383515,0.242698,0.928767,-0.28024,-0.71227,-0.025461,-0.701424,-0.658905,0.368686,0.6557,-0.010679,-0.00376,0.032728,-0.068739,0.07848,-0.017882,0.390724,-0.146249,0.029425,0.3367,0.685134,-0.037577,0.727441,-0.22761,0.937539,0.262961,-0.692727,-0.345695,0.632841,3.1e-05,-0.000364,-0.000275,0.0,0.0,0.0,0.499416,0.0188,0.033546,-0.015845,-0.651791,0.029234,0.757835,0.236271,-0.941699,0.239536,0.720655,0.335182,0.606884,1.9e-05,-0.000216,-0.000164,-0.0,7e-06,2e-06,0.49089,0.047697,0.013395,-0.052347,0.145222,0.969326,-0.198282,-0.715109,-0.035665,-0.698101,-0.68376,0.243174,0.687995,-0.00478,0.002814,0.011327,-0.030994,0.045212,-0.021116,0.341422
62,0.019236,-0.024406,0.3846,0.252276,0.928283,-0.273298,-0.714354,-0.011795,-0.699664,-0.653032,0.370586,0.660486,0.005614,0.003159,0.021947,-0.040713,0.218257,0.132496,0.388526,-0.146255,0.029375,0.336663,0.685036,-0.03747,0.727539,-0.22772,0.93754,0.262861,-0.692788,-0.345703,0.632769,9.7e-05,-0.001142,-0.000863,0.0,0.0,0.0,0.498758,0.018797,0.033522,-0.015862,-0.651688,0.029126,0.757927,0.236377,-0.941699,0.239431,0.720713,0.335191,0.60681,6.1e-05,-0.00071,-0.000537,-0.0,3e-06,1e-06,0.4904,0.047675,0.013335,-0.05179,0.155062,0.969076,-0.191955,-0.718626,-0.022684,-0.695026,-0.677887,0.245716,0.692886,0.002067,-0.003381,0.015763,-0.090156,0.37823,-0.026293,0.339952
63,0.019177,-0.024331,0.385773,0.261755,0.926761,-0.269526,-0.718454,0.000693,-0.695554,-0.644759,0.374554,0.66635,0.006626,0.005044,0.023647,-0.480529,-1.107421,1.131961,0.378948,-0.146258,0.029297,0.336605,0.684888,-0.037312,0.727687,-0.227884,0.937542,0.262712,-0.69288,-0.345715,0.632662,0.000215,-0.002538,-0.00192,-0.001997,0.015674,-0.024098,0.498513,0.018795,0.033486,-0.01589,-0.651547,0.028978,0.758053,0.236521,-0.941699,0.239288,0.720793,0.335203,0.606708,5.8e-05,-0.00067,-0.000507,-1e-06,-1.6e-05,7e-06,0.489911,0.047646,0.013374,-0.051202,0.162694,0.968658,-0.187696,-0.723759,-0.012129,-0.689945,-0.670598,0.248097,0.699103,-0.003871,0.000737,0.018787,-1.548772,-3.725805,3.493578,0.332277
64,0.019132,-0.024229,0.386386,0.267625,0.925368,-0.268544,-0.725315,0.010072,-0.688323,-0.634588,0.377842,0.674211,0.007377,0.006442,0.02491,-0.714286,-1.080562,1.101218,0.378284,-0.146245,0.029263,0.336578,0.68484,-0.037264,0.727735,-0.227935,0.937543,0.262666,-0.692911,-0.345719,0.632626,0.000182,-0.002148,-0.001625,0.0,0.0,0.0,0.497664,0.018801,0.033466,-0.015905,-0.651484,0.028916,0.75811,0.236582,-0.941699,0.239227,0.72083,0.335208,0.606661,9.6e-05,-0.001127,-0.000853,-6e-06,-2e-06,8e-06,0.489911,0.047623,0.013424,-0.050897,0.16877,0.967767,-0.186925,-0.731327,-0.004195,-0.682013,-0.660815,0.251807,0.707047,-0.003832,0.000803,0.018828,-2.417441,-3.601661,3.281838,0.328032
65,0.019104,-0.023919,0.387487,0.274194,0.92387,-0.267072,-0.733797,0.021552,-0.679006,-0.621907,0.381008,0.684173,-0.006331,0.011461,0.027864,-0.020724,-0.062512,0.192346,0.376554,-0.14624,0.029207,0.336536,0.684742,-0.037161,0.727832,-0.228043,0.937544,0.262568,-0.692973,-0.345727,0.632554,7.4e-05,-0.000879,-0.000665,0.0,0.0,0.0,0.497098,0.018804,0.033436,-0.015927,-0.651382,0.028812,0.758202,0.236685,-0.941699,0.239124,0.720888,0.335217,0.606587,4.2e-05,-0.000491,-0.000371,-2e-06,-1e-05,7e-06,0.488931,0.047616,0.013579,-0.050345,0.176967,0.966469,-0.186061,-0.741093,0.006449,-0.67137,-0.647659,0.2567,0.717385,0.003758,0.00339,0.012566,-0.02067,-0.010321,0.033408,0.323623
66,0.019124,-0.023563,0.388504,0.289154,0.919238,-0.267277,-0.737842,0.036185,-0.673982,-0.610246,0.390951,0.689046,0.007262,0.006255,0.024533,-0.042372,0.073193,-0.14426,0.372542,-0.146239,0.029193,0.336525,0.683026,-0.035999,0.729501,-0.228614,0.937983,0.260495,-0.694475,-0.344659,0.631488,0.0,-5e-06,-4e-06,0.0,0.0,-0.0,0.495777,0.018805,0.033429,-0.015933,-0.649595,0.027621,0.759777,0.237163,-0.942111,0.237019,0.722342,0.334158,0.60544,-3e-06,4.4e-05,3.5e-05,-0.00014,-0.000249,0.000251,0.487298,0.047622,0.013761,-0.049833,0.192655,0.963335,-0.186729,-0.746424,0.020344,-0.665158,-0.636972,0.267525,0.722977,0.003591,0.003085,0.012229,-0.025401,-0.00503,0.042208,0.316765
67,0.019387,-0.023322,0.389317,0.293482,0.917857,-0.267305,-0.738528,0.040203,-0.673002,-0.607346,0.393786,0.689993,0.006787,0.012622,0.01159,0.001681,-0.010956,0.026602,0.365731,-0.146241,0.029214,0.336541,0.682978,-0.035949,0.729548,-0.228667,0.937984,0.260447,-0.694505,-0.344663,0.631453,-4.7e-05,0.000554,0.000419,0.0,0.0,0.0,0.4955,0.018804,0.03344,-0.015925,-0.649547,0.027571,0.75982,0.237213,-0.942111,0.236972,0.722369,0.334164,0.605405,-3.1e-05,0.000368,0.000278,-1e-06,9e-06,-1.9e-05,0.486155,0.047758,0.013888,-0.049414,0.19701,0.962416,-0.186924,-0.747499,0.024085,-0.663826,-0.634375,0.270506,0.72415,0.003337,0.006236,0.005724,0.002112,-0.010841,0.026424,0.31105
68,0.019549,-0.023247,0.389685,0.296903,0.916557,-0.267987,-0.740925,0.044136,-0.670115,-0.602748,0.396378,0.692536,0.004965,0.002033,0.020541,-0.032196,0.009194,0.01183,0.359434,-0.146241,0.029221,0.336546,0.68299,-0.035962,0.729536,-0.228653,0.937983,0.260459,-0.694498,-0.344662,0.631462,-8.6e-05,0.001019,0.000772,0.0,0.0,0.0,0.494833,0.018804,0.033442,-0.015923,-0.64956,0.027584,0.759809,0.2372,-0.942111,0.236984,0.722362,0.334163,0.605415,-5.8e-05,0.000682,0.000515,-1.4e-05,-3e-06,6e-06,0.485828,0.047835,0.013923,-0.049245,0.200658,0.961509,-0.187712,-0.750207,0.02759,-0.660626,-0.630019,0.273383,0.726867,0.00927,-0.001533,0.008702,-0.026508,-0.005522,0.041988,0.305171
69,0.01979,-0.023117,0.390341,0.29771,0.916742,-0.266456,-0.742155,0.046746,-0.668576,-0.600834,0.395655,0.69461,0.005547,0.010351,0.009435,-0.010258,0.072424,-0.153776,0.346144,-0.146241,0.029214,0.336541,0.682978,-0.035949,0.729548,-0.228667,0.937984,0.260447,-0.694505,-0.344663,0.631453,1e-06,-9e-06,-7e-06,0.0,0.0,0.0,0.493968,0.018804,0.033441,-0.015924,-0.649547,0.027571,0.75982,0.237213,-0.942111,0.236972,0.722369,0.334164,0.605405,1e-06,-4e-06,-3e-06,-0.0,-7e-06,-7e-06,0.485012,0.047956,0.013985,-0.048906,0.201468,0.961692,-0.185897,-0.751654,0.030106,-0.658869,-0.628033,0.272471,0.728925,0.002257,0.000629,0.009891,-0.029179,-0.001543,-0.002114,0.289495
70,0.019984,-0.022992,0.391069,0.303788,0.915194,-0.26491,-0.743184,0.053708,-0.666906,-0.596507,0.398338,0.696802,0.004657,0.001498,0.019958,-0.04554,0.131373,-0.151451,0.329087,-0.146241,0.029214,0.336541,0.682978,-0.035949,0.729548,-0.228667,0.937984,0.260447,-0.694505,-0.344663,0.631453,0.0,-0.0,-0.0,0.0,0.0,0.0,0.492736,0.018804,0.033441,-0.015924,-0.649547,0.027571,0.75982,0.237213,-0.942111,0.236972,0.722369,0.334164,0.605405,-1e-06,0.0,0.0,-1e-06,-6e-06,-7e-06,0.483705,0.048052,0.014049,-0.048548,0.207776,0.960626,-0.184462,-0.753324,0.036853,-0.656615,-0.623964,0.275388,0.73132,0.003014,0.00566,0.00513,0.004804,0.010188,0.059229,0.27039
71,0.020052,-0.022882,0.391389,0.3071,0.913899,-0.265562,-0.743789,0.056467,-0.666004,-0.594055,0.400917,0.697417,0.005594,0.010462,0.009467,-0.01019,-0.039992,0.058138,0.312923,-0.146241,0.029214,0.336541,0.682978,-0.035949,0.729548,-0.228667,0.937984,0.260447,-0.694505,-0.344663,0.631453,0.0,-0.0,-0.0,0.0,0.0,0.0,0.492022,0.018804,0.033441,-0.015924,-0.649547,0.027571,0.75982,0.237213,-0.942111,0.236972,0.722369,0.334164,0.605405,-1e-06,0.0,0.0,-2e-06,-5e-06,-6e-06,0.482563,0.048086,0.014101,-0.048384,0.210922,0.959741,-0.185494,-0.754261,0.039089,-0.655409,-0.621773,0.278152,0.73214,0.002315,0.00075,0.009968,-0.082935,-0.023572,-0.073957,0.255694
72,0.020086,-0.022669,0.392011,0.313675,0.911284,-0.266859,-0.74497,0.061986,-0.66419,-0.589123,0.40601,0.698653,0.003623,-0.000422,0.018163,-0.044404,0.083342,-0.171163,0.29019,-0.146241,0.029221,0.336546,0.682906,-0.035873,0.72962,-0.228745,0.937984,0.260375,-0.694551,-0.344669,0.6314,-1e-06,1.5e-05,1.1e-05,0.0,0.0,0.0,0.490353,0.018803,0.033445,-0.015921,-0.649472,0.027494,0.759887,0.237289,-0.942111,0.236896,0.722412,0.33417,0.605351,0.0,0.0,1e-06,-1e-05,4e-06,2e-06,0.48093,0.048107,0.014213,-0.048068,0.2178,0.957885,-0.18713,-0.755962,0.044297,-0.653114,-0.617319,0.283712,0.733773,0.001758,-0.000286,0.009011,-0.043112,0.083457,-0.171561,0.222873
73,0.020178,-0.022429,0.392401,0.320885,0.908407,-0.268094,-0.745643,0.067821,-0.662864,-0.584375,0.411477,0.699442,0.003927,0.007355,0.006604,0.001719,-0.01087,0.026666,0.244933,-0.146232,0.029229,0.336551,0.681236,-0.034763,0.731233,-0.229256,0.938419,0.258351,-0.69602,-0.343599,0.630364,-5e-06,6.4e-05,4.8e-05,0.0,0.0,-0.0,0.489062,0.018808,0.033449,-0.015918,-0.647731,0.026355,0.761412,0.237708,-0.942519,0.234842,0.723836,0.333108,0.604235,-2e-06,3.1e-05,2.3e-05,-0.000241,-0.000416,0.000435,0.478807,0.048151,0.01433,-0.047876,0.225246,0.955863,-0.18865,-0.757197,0.049895,-0.651277,-0.613119,0.289543,0.735016,0.001277,-0.001193,0.008185,-0.043015,0.084427,-0.172424,0.177641
74,0.020305,-0.022192,0.392614,0.328054,0.905435,-0.269466,-0.746122,0.073456,-0.661723,-0.579769,0.417011,0.699997,0.002702,0.005065,0.004536,-0.011953,0.074795,-0.183794,0.168036,-0.146232,0.029229,0.336551,0.681236,-0.034763,0.731233,-0.229256,0.938419,0.258351,-0.69602,-0.343599,0.630364,-0.0,0.0,0.0,0.0,0.0,0.0,0.488733,0.018808,0.033449,-0.015919,-0.647735,0.026358,0.761409,0.237707,-0.942519,0.234846,0.723833,0.333111,0.604237,-1e-06,-5e-06,-3e-06,-7e-06,-1.7e-05,-8e-06,0.477827,0.048216,0.014453,-0.047766,0.232691,0.95375,-0.190299,-0.758214,0.055363,-0.64965,-0.609069,0.295455,0.73603,0.001312,0.002472,0.002211,-0.010711,0.075308,-0.184313,0.093383
75,0.020317,-0.022066,0.392694,0.331366,0.903991,-0.270262,-0.746418,0.076018,-0.6611,-0.577504,0.419671,0.70028,0.002412,0.004522,0.004045,-0.011951,0.074805,-0.18379,0.121403,-0.146232,0.029229,0.336551,0.681236,-0.034763,0.731233,-0.229256,0.938419,0.258351,-0.69602,-0.343599,0.630364,-0.0,0.0,0.0,0.0,0.0,0.0,0.488719,0.018808,0.033449,-0.015919,-0.647735,0.026358,0.761409,0.237707,-0.942519,0.234846,0.723833,0.333111,0.604237,-2e-06,-3e-06,-3e-06,-1e-06,-1.5e-05,-1.6e-05,0.477337,0.048221,0.014513,-0.047728,0.236264,0.952695,-0.191184,-0.758715,0.057951,-0.648838,-0.607066,0.298351,0.736516,0.00137,0.002578,0.002304,0.002812,-0.010553,0.02631,0.035905
76,0.02037,-0.021932,0.392785,0.339654,0.899739,-0.274136,-0.74702,0.081023,-0.659824,-0.571888,0.427779,0.699983,0.002055,0.011048,-0.008602,0.03517,-0.356825,-0.122439,0.061165,-0.146243,0.029235,0.336557,0.681235,-0.034759,0.731233,-0.229259,0.938419,0.258348,-0.69602,-0.343599,0.630364,-1.4e-05,0.000169,0.000128,0.013783,-0.108172,0.166311,0.4886,0.018803,0.033452,-0.015916,-0.647734,0.026354,0.76141,0.23771,-0.942519,0.234843,0.723832,0.333111,0.604237,-1e-05,8.5e-05,6.4e-05,0.01379,-0.108191,0.166301,0.477337,0.048249,0.014579,-0.047676,0.24424,0.950086,-0.194118,-0.759722,0.063073,-0.647182,-0.602635,0.305543,0.737206,0.000456,0.000863,0.000765,0.001778,-0.465146,-0.460942,-0.065498
77,0.020392,-0.021785,0.392639,0.353943,0.893057,-0.277883,-0.745001,0.08965,-0.66099,-0.565837,0.439867,0.697404,0.001178,0.009404,-0.01007,0.093269,-0.061475,-0.192686,-0.033802,-0.146242,0.029226,0.336563,0.681227,-0.034749,0.731241,-0.229287,0.93841,0.258355,-0.696018,-0.343625,0.630352,-0.0,0.0,0.0,0.0,0.0,0.0,0.487526,0.018803,0.033447,-0.015913,-0.647726,0.026343,0.761417,0.237739,-0.94251,0.234849,0.72383,0.333136,0.604225,-2e-06,-5e-06,-3e-06,-4e-06,-2.1e-05,-7e-06,0.476521,0.048258,0.014651,-0.047751,0.259511,0.944833,-0.199856,-0.758815,0.071484,-0.64737,-0.597371,0.319653,0.735505,0.000542,0.004616,-0.005114,0.901708,-0.202011,0.01004,-0.164943
78,0.020318,-0.02162,0.392528,0.354952,0.890889,-0.2835,-0.744184,0.085763,-0.662425,-0.566282,0.444999,0.693778,0.001248,0.009533,-0.009954,0.033593,-0.222422,-0.06781,-0.085384,-0.146241,0.029219,0.336557,0.681215,-0.034736,0.731254,-0.229301,0.93841,0.258343,-0.696026,-0.343626,0.630343,2.3e-05,-0.000276,-0.000209,0.0,0.0,0.0,0.487188,0.018804,0.033444,-0.015915,-0.647713,0.02633,0.761428,0.237752,-0.94251,0.234836,0.723838,0.333137,0.604216,1.7e-05,-0.000214,-0.000162,-5e-06,-2e-06,-1.4e-05,0.476031,0.048226,0.014731,-0.047809,0.260467,0.943329,-0.205633,-0.757497,0.067611,-0.649327,-0.598627,0.324896,0.73218,0.000614,0.004747,-0.004996,0.015698,-0.245047,-0.299016,-0.21197
79,0.020279,-0.021304,0.392207,0.367454,0.878591,-0.305124,-0.735521,0.073797,-0.673449,-0.569634,0.470796,0.673717,0.001138,0.009325,-0.010139,0.033951,-0.885724,-0.339539,-0.197212,-0.146251,0.029225,0.336563,0.681214,-0.034732,0.731254,-0.229303,0.938411,0.25834,-0.696025,-0.343626,0.630344,-8.6e-05,0.001011,0.000765,0.0,0.0,0.0,0.485729,0.018799,0.033444,-0.015915,-0.647713,0.026326,0.761429,0.237754,-0.94251,0.234833,0.723837,0.333138,0.604216,-5.8e-05,0.000688,0.00052,-1.2e-05,-1.7e-05,6e-06,0.474725,0.048201,0.014889,-0.047969,0.273041,0.934925,-0.226631,-0.747614,0.057962,-0.661598,-0.605409,0.350076,0.71479,0.000563,0.004646,-0.005092,0.017299,-1.019011,-0.383782,-0.294922
