frame,MLTx,MLTy,MLTz,MLTR1,MLTR2,MLTR3,MLTR4,MLTR5,MLTR6,MLTR7,MLTR8,MLTR9,MLTTVx,MLTTVy,MLTTVz,MLTRVx,MLTRVy,MLTRVz,MLGA,MRTx,MRTy,MRTz,MRTR1,MRTR2,MRTR3,MRTR4,MRTR5,MRTR6,MRTR7,MRTR8,MRTR9,MRTTVx,MRTTVy,MRTTVz,MRTRVx,MRTRVy,MRTRVz,MRGA,SLTx,SLTy,SLTz,SLTR1,SLTR2,SLTR3,SLTR4,SLTR5,SLTR6,SLTR7,SLTR8,SLTR9,SLTTVx,SLTTVy,SLTTVz,SLTRVx,SLTRVy,SLTRVz,SLGA,SRTx,SRTy,SRTz,SRTR1,SRTR2,SRTR3,SRTR4,SRTR5,SRTR6,SRTR7,SRTR8,SRTR9,SRTTVx,SRTTVy,SRTTVz,SRTRVx,SRTRVy,SRTRVz,SRGA
262,0.111671,0.02875,0.320165,-0.078187,-0.137271,-0.987466,-0.880796,-0.454442,0.132861,-0.466895,0.880315,-0.084147,0.023393,0.039222,0.034702,1.638325,-0.117607,-0.093932,-1.7355,-0.164426,0.047563,0.334657,0.214139,0.28585,0.934037,-0.883834,0.463757,0.060825,-0.416022,-0.838903,0.350758,0.042268,-0.055379,0.035903,-0.008078,-0.474543,-0.8436,-0.642425,0.036732,0.046509,-0.009967,-0.236341,-0.306786,0.921967,0.821782,-0.569406,0.021188,0.518474,0.762665,0.386685,0.020606,-0.022015,0.014123,-0.114801,0.025568,-0.455794,-0.802371,0.070511,0.038895,-0.082894,-0.048491,-0.095562,-0.994241,-0.794783,-0.599195,0.096355,-0.604952,0.794878,-0.046896,0.018429,0.018984,0.017085,5.46342,-0.519989,0.155743,-0.912487
263,0.112856,0.030011,0.321516,-0.090455,-0.147397,-0.984955,-0.876901,-0.457007,0.148868,-0.47197,0.877358,-0.086687,0.03566,0.03439,0.030246,0.001083,-0.142105,-0.366358,-1.736893,-0.162776,0.045756,0.335859,0.199264,0.302114,0.932208,-0.891512,0.45072,0.044617,-0.406908,-0.84033,0.357958,0.040467,-0.032376,0.021006,0.0119,-0.397157,-0.485401,-0.659714,0.037557,0.045593,-0.009363,-0.223381,-0.324789,0.919028,0.830893,-0.556406,0.005322,0.509624,0.764803,0.394155,0.020726,-0.022105,0.014118,-0.038808,-0.280798,-0.673225,-0.824252,0.0711,0.03953,-0.082214,-0.058738,-0.106587,-0.992566,-0.789634,-0.603357,0.11152,-0.610759,0.790315,-0.048725,0.01125,0.018313,0.015938,-0.007165,-0.266622,-0.460155,-0.914283
264,0.113884,0.031192,0.322724,-0.100205,-0.149173,-0.983744,-0.873396,-0.460389,0.158723,-0.476466,0.875288,-0.082929,0.021418,0.032801,0.028175,0.000249,0.142126,-0.205542,-1.739353,-0.161533,0.044372,0.336515,0.185948,0.302767,0.934745,-0.894793,0.445114,0.033949,-0.405996,-0.84308,0.352487,0.027358,-0.028134,0.009435,-0.083242,0.11659,-0.166898,-0.686353,0.038183,0.044905,-0.009027,-0.210095,-0.32882,0.920726,0.834759,-0.55058,-0.006151,0.508956,0.767293,0.390159,0.013136,-0.008226,0.000986,-0.040722,0.016482,0.03348,-0.838622,0.071628,0.040135,-0.081597,-0.068189,-0.110851,-0.991494,-0.785645,-0.606558,0.121846,-0.614907,0.787272,-0.045729,0.010647,0.016209,0.013905,0.000458,0.167453,-0.188078,-0.921468
265,0.114381,0.0317,0.323252,-0.104798,-0.148407,-0.983381,-0.873095,-0.459689,0.162365,-0.476024,0.875786,-0.080174,0.032738,0.015788,0.031102,-0.033301,0.151825,-0.187142,-1.740928,-0.161066,0.04394,0.336632,0.181229,0.301929,0.935942,-0.895667,0.443608,0.030447,-0.406199,-0.844173,0.349626,0.026319,-0.015886,0.002408,-0.045723,0.092845,-0.122903,-0.702203,0.038417,0.044679,-0.008969,-0.20527,-0.328385,0.921968,0.835782,-0.548979,-0.009454,0.509246,0.768624,0.387148,0.013179,-0.008636,0.000699,-0.035941,-0.001371,0.022054,-0.839111,0.071864,0.040386,-0.081343,-0.072683,-0.110641,-0.991198,-0.7855,-0.606053,0.125249,-0.614577,0.78769,-0.042859,0.010089,0.014023,0.011968,-0.001118,0.169211,-0.22194,-0.922284
266,0.115272,0.032576,0.324142,-0.117094,-0.146501,-0.982279,-0.871882,-0.458393,0.172247,-0.475366,0.876783,-0.072833,0.018862,0.02287,0.019359,0.000673,0.050085,-0.062332,-1.740558,-0.160299,0.043571,0.33651,0.176784,0.300819,0.937148,-0.895821,0.443535,0.026739,-0.407809,-0.844607,0.346692,0.012863,-0.006825,-0.005848,0.00188,0.005112,0.000478,-0.744589,0.038806,0.044491,-0.009028,-0.200552,-0.327837,0.923201,0.835927,-0.548679,-0.013249,0.510885,0.769072,0.384086,0.006426,-0.003309,-0.002864,0.017347,-0.102184,0.157665,-0.842214,0.072308,0.040815,-0.080899,-0.08506,-0.110801,-0.990195,-0.784635,-0.605056,0.135106,-0.614094,0.788434,-0.035472,0.009267,0.010782,0.00912,-0.001272,0.181089,-0.247732,-0.922774
267,0.115873,0.033212,0.324857,-0.125144,-0.145833,-0.981385,-0.868448,-0.462166,0.179366,-0.479573,0.87491,-0.067589,0.017804,0.018662,0.015693,0.013827,0.047646,-0.061446,-1.735128,-0.159622,0.043374,0.336256,0.173591,0.299855,0.938054,-0.895501,0.444348,0.0238,-0.409876,-0.84452,0.344456,0.012907,-0.007189,-0.006126,0.000104,0.001089,0.005557,-0.803255,0.039144,0.044391,-0.009156,-0.19729,-0.327314,0.924089,0.835471,-0.549295,-0.016192,0.512897,0.768856,0.381832,0.006451,-0.003497,-0.003007,-0.001312,-0.002002,0.00947,-0.846296,0.072616,0.04114,-0.080535,-0.093312,-0.111533,-0.989369,-0.780672,-0.608539,0.14223,-0.617934,0.785645,-0.030287,0.001733,0.003628,0.011555,0.00787,0.207386,-0.290557,-0.919672
268,0.116276,0.033631,0.325527,-0.131151,-0.145516,-0.980648,-0.865298,-0.465916,0.184806,-0.483637,0.872971,-0.063588,0.003577,0.015566,0.012847,0.043445,0.073025,-0.11267,-1.72671,-0.158843,0.043087,0.336023,0.167262,0.298314,0.939693,-0.89538,0.444852,0.018275,-0.412755,-0.844799,0.340311,0.013993,-0.017904,0.001958,-0.034439,-0.004481,0.011105,-0.849216,0.039523,0.044251,-0.009275,-0.190741,-0.326639,0.925701,0.835214,-0.549492,-0.021796,0.515785,0.769002,0.377624,0.012748,-0.003293,-0.003399,0.000138,-0.017976,0.039602,-0.847276,0.072821,0.04135,-0.080207,-0.099151,-0.112233,-0.988722,-0.777069,-0.611914,0.147386,-0.621555,0.78292,-0.026541,0.00814,0.006179,0.005178,0.49242,-0.01027,-0.075921,-0.915263
269,0.116411,0.033733,0.325817,-0.133623,-0.145105,-0.980375,-0.865236,-0.465262,0.186739,-0.48307,0.873388,-0.062159,0.003165,0.013806,0.011366,-0.000468,0.081251,-0.115549,-1.726984,-0.158427,0.042918,0.335916,0.16532,0.297776,0.940207,-0.895334,0.445011,0.016611,-0.413636,-0.844904,0.338976,0.025557,-0.007396,-0.007363,0.00214,-0.014119,0.034796,-0.863333,0.039746,0.044161,-0.009328,-0.1888,-0.32636,0.926198,0.835134,-0.549547,-0.023404,0.516628,0.769081,0.376309,0.012786,-0.003776,-0.003752,0.000368,-0.017689,0.039262,-0.848909,0.07289,0.041401,-0.080055,-0.101765,-0.112263,-0.988453,-0.777046,-0.611445,0.149444,-0.621162,0.783282,-0.02501,0.007526,-0.000395,0.008264,-0.034309,-0.012651,0.03762,-0.915099
270,0.116506,0.033811,0.32643,-0.137718,-0.145107,-0.979808,-0.862473,-0.468809,0.190602,-0.486838,0.871488,-0.059366,0.00155,-0.001055,0.016124,-0.034515,0.001753,0.008152,-1.726374,-0.157616,0.042352,0.335623,0.152076,0.295062,0.943294,-0.895572,0.444809,0.005369,-0.418164,-0.845959,0.330689,0.025954,-0.013593,-0.011832,0.001936,0.006182,0.006023,-0.945291,0.040141,0.04389,-0.009465,-0.175226,-0.32543,0.929188,0.835258,-0.548762,-0.034681,0.52119,0.770035,0.367975,0.006698,-0.007268,-0.005733,0.002541,0.007991,-0.003208,-0.851195,0.072938,0.041446,-0.079751,-0.10592,-0.112983,-0.987934,-0.773737,-0.61469,0.153252,-0.624588,0.780634,-0.022311,0.000765,-0.000535,0.008051,-0.035917,0.116152,-0.154715,-0.916732
271,0.116449,0.033652,0.327062,-0.141408,-0.13561,-0.980642,-0.863216,-0.468032,0.189144,-0.484454,0.873421,-0.049656,0.000935,-0.003739,0.01391,-0.019567,0.228784,0.166808,-1.72724,-0.156901,0.041606,0.335066,0.143751,0.29051,0.946008,-0.895713,0.444559,-0.00029,-0.420793,-0.847658,0.322911,0.013787,-0.020562,-0.015866,0.062448,0.167421,-0.205813,-1.054872,0.040493,0.043528,-0.009735,-0.167353,-0.322005,0.931828,0.835365,-0.548278,-0.039437,0.523601,0.771817,0.360748,0.006895,-0.010225,-0.007902,0.716084,1.665882,-2.113804,-0.860829,0.072909,0.041368,-0.07944,-0.110939,-0.104868,-0.988278,-0.774553,-0.613949,0.152094,-0.622703,0.782347,-0.013115,-6.6e-05,-0.008081,0.010362,-0.037902,0.419053,0.272135,-0.918202
272,0.116391,0.033546,0.327331,-0.146297,-0.132009,-0.980416,-0.862911,-0.467569,0.191665,-0.48354,0.874216,-0.044287,0.000562,-0.005372,0.012574,0.003593,0.305696,-0.357425,-1.73133,-0.156591,0.04117,0.334739,0.14089,0.287089,0.947482,-0.895822,0.444337,-0.001306,-0.421525,-0.848935,0.318573,0.01401,-0.023888,-0.018339,-0.023607,0.113233,0.013785,-1.114713,0.040658,0.043305,-0.009903,-0.163197,-0.318928,0.933622,0.835473,-0.547987,-0.041153,0.524738,0.773301,0.355885,0.007014,-0.011998,-0.009215,-0.025707,0.098515,0.047159,-0.864585,0.072881,0.041314,-0.079299,-0.116229,-0.100812,-0.988092,-0.774456,-0.613669,0.153709,-0.621858,0.7831,-0.006749,0.000367,-0.002263,0.006632,0.090185,0.617269,-0.912983,-0.917059
273,0.116331,0.033365,0.327869,-0.151541,-0.128226,-0.980122,-0.863096,-0.466107,0.194373,-0.481585,0.875554,-0.038816,0.000858,-0.004076,0.013623,-0.034498,0.001918,0.008263,-1.728617,-0.155986,0.040082,0.333902,0.127884,0.284642,0.950061,-0.896017,0.443776,-0.012227,-0.425227,-0.850048,0.310583,0.027043,-0.027992,-0.022633,0.21082,0.515711,-0.641086,-1.282207,0.040956,0.04276,-0.010322,-0.15081,-0.318405,0.935881,0.835633,-0.546876,-0.051402,0.528177,0.774302,0.348544,0.007228,-0.014957,-0.011476,0.703867,1.686832,-2.135289,-0.873566,0.072849,0.041219,-0.079041,-0.122219,-0.098548,-0.987597,-0.77486,-0.612326,0.156993,-0.620203,0.784438,-0.001523,0.000343,-0.002376,0.006539,-0.035554,-0.004388,0.004017,-0.916732
274,0.116252,0.033317,0.328337,-0.159482,-0.124218,-0.979378,-0.862516,-0.465062,0.199384,-0.480049,0.876682,-0.031751,0.001098,-0.003027,0.014463,-0.034923,0.120381,-0.151626,-1.727506,-0.155281,0.039,0.333051,0.115945,0.282288,0.952293,-0.895925,0.443571,-0.022285,-0.428817,-0.850938,0.303124,0.027062,-0.025848,-0.021304,0.210695,0.515512,-0.64128,-1.398674,0.041309,0.042208,-0.010755,-0.13862,-0.317644,0.938022,0.835454,-0.546111,-0.061468,0.53179,0.775154,0.341079,0.007194,-0.01349,-0.010524,0.717673,1.557523,-1.944882,-0.873076,0.072809,0.04119,-0.078799,-0.130875,-0.095796,-0.986759,-0.774513,-0.611439,0.162084,-0.618871,0.785471,0.005827,0.000557,-0.001443,0.00729,-0.038349,0.100068,-0.164923,-0.92408
275,0.116201,0.03337,0.328544,-0.16781,-0.120299,-0.978475,-0.861287,-0.464977,0.204824,-0.479408,0.877269,-0.024365,0.001874,0.008171,0.00662,0.019202,0.250972,-0.122864,-1.725828,-0.154846,0.038469,0.332659,0.110066,0.2811,0.953341,-0.895854,0.44344,-0.027203,-0.430506,-0.851397,0.299416,0.028249,-0.036549,-0.013275,0.025347,0.177801,-0.219416,-1.403694,0.041537,0.041932,-0.010959,-0.131783,-0.31718,0.939164,0.835313,-0.545666,-0.067075,0.533745,0.775657,0.336854,0.014132,-0.018211,-0.006603,0.029652,0.186542,-0.230156,-0.876995,0.072783,0.041215,-0.078696,-0.139619,-0.093574,-0.985773,-0.773336,-0.611448,0.167572,-0.61843,0.785731,0.013006,-0.005584,0.004958,0.003943,0.046543,0.401286,-0.28902,-0.923264
276,0.116142,0.033555,0.328971,-0.180439,-0.115835,-0.976765,-0.859494,-0.464263,0.213778,-0.478022,0.878242,-0.014571,0.00148,-0.001357,0.015783,-0.035297,0.115768,-0.154831,-1.701645,-0.15394,0.037424,0.331974,0.103444,0.279707,0.954492,-0.895963,0.442859,-0.032556,-0.431913,-0.852157,0.295201,0.02707,-0.022315,-0.018991,-0.001872,0.01838,-0.012626,-1.404368,0.04198,0.041416,-0.011296,-0.125049,-0.316663,0.940258,0.835428,-0.544811,-0.072376,0.535182,0.776469,0.332678,0.007136,-0.011269,-0.009021,-0.003452,0.014464,-0.014553,-0.876342,0.072753,0.041308,-0.078488,-0.152818,-0.091247,-0.984032,-0.771763,-0.610924,0.176503,-0.617274,0.786413,0.022939,-0.005297,0.006172,0.004913,-0.003783,0.083257,-0.150551,-0.911834
277,0.116116,0.033777,0.329477,-0.198597,-0.113642,-0.973494,-0.856372,-0.462926,0.22869,-0.476405,0.879231,-0.004171,0.002722,0.011865,0.00954,0.110911,0.555926,-0.821118,-1.670615,-0.153035,0.036608,0.331405,0.095131,0.27792,0.955877,-0.895755,0.442718,-0.039451,-0.434239,-0.852812,0.289846,0.014031,-0.017702,-0.014516,0.01182,-0.094884,0.145453,-1.404814,0.042437,0.041002,-0.011585,-0.116406,-0.315963,0.941602,0.835177,-0.544223,-0.07937,0.53752,0.777166,0.327236,0.013406,-0.008078,-0.007264,-0.001926,-0.001715,0.015859,-0.872913,0.072741,0.041419,-0.078229,-0.171056,-0.092382,-0.98092,-0.769035,-0.609833,0.19154,-0.615893,0.787126,0.03327,0.001385,0.006067,0.004878,0.118364,0.603552,-0.89099,-0.897301
278,0.116228,0.03402,0.330013,-0.226408,-0.107364,-0.968121,-0.850772,-0.462144,0.250161,-0.473996,0.880423,0.014497,0.002993,0.013073,0.010463,0.107641,0.652771,-0.961352,-1.622752,-0.152103,0.036006,0.330966,0.08443,0.275648,0.957539,-0.895287,0.442778,-0.048402,-0.437396,-0.853516,0.282947,0.02663,-0.012237,-0.011626,0.001802,0.006112,0.005966,-1.405354,0.042899,0.0407,-0.011806,-0.10557,-0.315086,0.943172,0.834578,-0.543775,-0.088244,0.540678,0.777835,0.320371,0.006873,-0.006097,-0.005229,0.002833,0.008941,-0.004508,-0.867851,0.072796,0.041535,-0.077965,-0.198727,-0.090896,-0.97583,-0.763968,-0.609315,0.212337,-0.613888,0.7877,0.051646,0.000975,0.000398,0.00872,0.323559,1.736735,-2.59131,-0.877869
279,0.116306,0.034143,0.330301,-0.239274,-0.105764,-0.965198,-0.848057,-0.461294,0.260727,-0.472526,0.88106,0.021885,0.003005,0.013145,0.010494,-0.002606,0.322684,-0.467281,-1.606895,-0.151655,0.035729,0.330814,0.079068,0.274522,0.95832,-0.895063,0.442722,-0.052854,-0.438849,-0.853906,0.279498,0.02651,-0.009911,-0.009889,0.002238,-0.013803,0.034315,-1.405777,0.043133,0.040557,-0.011886,-0.100107,-0.314651,0.943913,0.834308,-0.543451,-0.092676,0.542132,0.778237,0.31692,0.013248,-0.004766,-0.004814,-0.001249,-0.020405,0.042618,-0.867034,0.072836,0.041603,-0.077816,-0.212777,-0.091802,-0.972778,-0.761241,-0.608575,0.223938,-0.612567,0.788167,0.059607,0.001518,0.00667,0.005323,-0.003964,0.315175,-0.460105,-0.871664
280,0.116471,0.03439,0.330963,-0.262457,-0.102734,-0.959483,-0.843226,-0.459002,0.279748,-0.468825,0.882611,0.035037,0.002597,0.0036,0.019596,-0.036265,0.211195,-0.295621,-1.604486,-0.150808,0.035222,0.330609,0.066925,0.271356,0.960145,-0.8918,0.447769,-0.064268,-0.447417,-0.85228,0.270739,0.02637,-0.007003,-0.007719,0.002124,-0.01407,0.034628,-1.406049,0.043546,0.040307,-0.011984,-0.087613,-0.313077,0.945677,0.830317,-0.547441,-0.104311,0.55036,0.776073,0.307916,0.007365,-0.009681,0.000165,-0.040286,0.004182,-0.004311,-0.869647,0.072918,0.041725,-0.077493,-0.23586,-0.092968,-0.967329,-0.757017,-0.606576,0.242877,-0.609339,0.78957,0.072689,0.001254,0.001645,0.009673,-0.037928,0.337544,-0.479065,-0.870358
281,0.116656,0.034575,0.331712,-0.287505,-0.093553,-0.953223,-0.837821,-0.457695,0.297563,-0.463774,0.884297,0.054398,0.002731,0.004229,0.020028,-0.004713,0.410273,-0.193999,-1.607684,-0.15003,0.034771,0.330515,0.050522,0.265386,0.962813,-0.891045,0.44736,-0.076434,-0.451042,-0.854365,0.257847,0.027444,-0.015584,0.002043,0.653996,1.682767,-2.062309,-1.40612,0.043935,0.040085,-0.012035,-0.073472,-0.309099,0.948187,0.829707,-0.546464,-0.11385,0.553341,0.778354,0.296611,0.006644,-0.002237,-0.002323,-0.008773,-0.005984,0.046961,-0.876342,0.073011,0.041818,-0.077118,-0.262068,-0.088829,-0.960952,-0.751953,-0.605335,0.261027,-0.604885,0.790998,0.091844,0.001513,0.002804,0.010554,0.016216,0.475131,-0.10753,-0.880808
282,0.116746,0.034666,0.332158,-0.300584,-0.083028,-0.950158,-0.835201,-0.458123,0.304194,-0.46018,0.885113,0.069544,0.002417,-0.004919,0.029459,0.04415,0.972015,-0.04368,-1.609179,-0.14969,0.034575,0.330506,0.044862,0.261478,0.964162,-0.890974,0.446941,-0.079634,-0.451773,-0.855783,0.251793,0.013237,-0.003687,-0.004026,0.002985,0.017084,0.025492,-1.406659,0.04411,0.039983,-0.012037,-0.064482,-0.305739,0.949928,0.829428,-0.545716,-0.11934,0.554878,0.780203,0.288777,0.007264,-0.007881,0.001533,-0.035768,0.149698,-0.239641,-0.873566,0.073056,0.041863,-0.076889,-0.276896,-0.082414,-0.957358,-0.74916,-0.605398,0.268794,-0.601736,0.791643,0.105891,0.001227,-0.002341,0.014821,0.031949,0.939804,-0.059635,-0.876889
283,0.11688,0.034752,0.333323,-0.323235,-0.063293,-0.944224,-0.833801,-0.452837,0.315733,-0.447168,0.88943,0.094777,0.003353,-0.000738,0.032631,-0.023248,0.576406,-0.315432,-1.625326,-0.149154,0.034247,0.330453,0.035949,0.251304,0.967236,-0.891203,0.445943,-0.082622,-0.45211,-0.859332,0.238763,0.000373,-0.004836,-0.00372,-0.037488,0.208562,-0.095883,-1.407087,0.044383,0.039822,-0.012062,-0.054603,-0.296966,0.953325,0.829719,-0.544653,-0.12214,0.555503,0.784323,0.276138,0.007282,-0.007944,0.001483,-0.064529,0.099708,0.055783,-0.870463,0.07312,0.041904,-0.076332,-0.301852,-0.064838,-0.951147,-0.749025,-0.60108,0.278681,-0.589785,0.796553,0.132872,0.001706,-0.00018,0.016463,-0.002941,0.675851,-0.245461,-0.883911
284,0.116945,0.034679,0.334707,-0.345433,-0.03044,-0.937974,-0.838384,-0.439076,0.322949,-0.42125,0.897978,0.127322,-0.010146,-0.00942,0.04226,0.029534,0.848926,0.040556,-1.642851,-0.14876,0.034078,0.330361,0.024815,0.240681,0.970283,-0.890977,0.445447,-0.087589,-0.453291,-0.862611,0.224261,0.013093,-0.001427,-0.002307,0.025255,0.276227,-0.061376,-1.407079,0.044575,0.039735,-0.01211,-0.042269,-0.288025,0.956689,0.82952,-0.543825,-0.127077,0.556873,0.788222,0.261909,0.000118,-0.001498,-0.001163,0.175571,0.701906,-0.590742,-0.868994,0.073159,0.041874,-0.075641,-0.329273,-0.038423,-0.943452,-0.755714,-0.588317,0.287711,-0.566105,0.807716,0.16468,0.001824,0.000374,0.016831,0.098851,1.115071,0.053629,-0.882604
285,0.117,0.034425,0.336245,-0.371888,0.012793,-0.928214,-0.841342,-0.427157,0.331139,-0.391802,0.904076,0.170776,0.003198,-0.009113,0.042464,-1.436757,1.700893,0.357434,-1.673207,-0.148598,0.034002,0.330288,0.022714,0.228828,0.973198,-0.891654,0.444844,-0.083668,-0.452064,-0.866126,0.212902,0.000156,-0.001977,-0.001525,-0.032302,0.134341,0.094344,-1.406947,0.044661,0.039699,-0.012145,-0.038588,-0.276357,0.960279,0.830323,-0.543526,-0.123055,0.555944,0.792594,0.250439,8.3e-05,-0.00104,-0.000806,-0.037645,0.13422,0.05768,-0.863605,0.073184,0.041743,-0.074845,-0.363377,0.00022,-0.931641,-0.760282,-0.578026,0.296403,-0.538448,0.816017,0.210209,0.001605,-0.004494,0.021294,-1.407986,1.815735,0.433858,-0.879992
286,0.117027,0.034201,0.337186,-0.386805,0.036048,-0.921481,-0.838645,-0.429303,0.335181,-0.383038,0.902401,0.197438,-0.010047,-0.016785,0.052944,0.16523,1.997785,-0.666071,-1.681458,-0.148617,0.033993,0.330283,0.021213,0.222498,0.974698,-0.889249,0.449722,-0.083189,-0.456849,-0.865247,0.206156,9e-06,-0.000117,-9e-05,-0.046494,0.194639,0.136701,-1.40675,0.044652,0.039692,-0.01215,-0.036279,-0.270854,0.961936,0.827309,-0.548086,-0.123124,0.560573,0.791352,0.243964,-5e-06,5.6e-05,3.9e-05,-0.056895,0.23939,0.171843,-0.859196,0.073201,0.041636,-0.074395,-0.380532,0.018598,-0.92458,-0.757856,-0.57922,0.300262,-0.529952,0.814958,0.234506,0.001806,-0.003519,0.021992,0.154112,2.555608,-2.306658,-0.88783
287,0.117087,0.033567,0.339106,-0.407615,0.082573,-0.909437,-0.842726,-0.417563,0.339744,-0.351194,0.90479,0.240926,0.002463,-0.020095,0.050405,-0.352571,1.414071,-0.018944,-1.686198,-0.148649,0.034032,0.330315,0.018424,0.22202,0.974864,-0.889,0.449778,-0.085516,-0.457451,-0.86534,0.204422,-5e-05,0.000636,0.00049,-1e-05,4.2e-05,2.9e-05,-1.407011,0.044636,0.039714,-0.012131,-0.033396,-0.270758,0.962067,0.827105,-0.547861,-0.125475,0.561053,0.791541,0.242241,-3.4e-05,0.000424,0.000326,-0.000114,-0.006185,0.000711,-0.862789,0.073228,0.041326,-0.073429,-0.40971,0.061908,-0.910112,-0.763503,-0.569248,0.304989,-0.499198,0.819831,0.280494,0.001177,-0.010249,0.025064,-1.321992,2.099522,0.405035,-0.880319
288,0.117105,0.03256,0.341124,-0.428551,0.130105,-0.894126,-0.841594,-0.41755,0.342555,-0.328249,0.899132,0.289553,0.001194,-0.033528,0.056671,0.189714,1.525538,0.008838,-1.703634,-0.148738,0.034045,0.330333,0.01685,0.218845,0.975609,-0.88894,0.449908,-0.085451,-0.457626,-0.866076,0.200881,-2e-06,3.2e-05,2.4e-05,-0.008495,0.035304,0.024794,-1.406705,0.044591,0.039723,-0.012121,-0.031492,-0.267555,0.963027,0.827012,-0.54806,-0.125222,0.5613,0.792492,0.238531,1e-06,-4e-06,-1e-06,-0.008579,0.014742,0.01084,-0.861646,0.073237,0.040829,-0.072422,-0.438352,0.103367,-0.892838,-0.762582,-0.568547,0.308578,-0.475725,0.816129,0.32805,-0.005562,-0.010649,0.024717,0.075704,1.139365,-0.287133,-0.881135
289,0.117104,0.031995,0.342173,-0.438716,0.149426,-0.886141,-0.839584,-0.419715,0.344832,-0.319861,0.895088,0.310698,0.001335,-0.032902,0.05715,0.078428,1.058058,-0.061126,-1.70513,-0.148805,0.034031,0.33033,0.014252,0.218401,0.975751,-0.888676,0.450012,-0.087628,-0.458225,-0.866134,0.199261,6.7e-05,-0.000854,-0.000658,-0.000124,0.000516,0.000362,-1.406776,0.044557,0.039718,-0.012121,-0.028832,-0.267668,0.963078,0.82672,-0.547964,-0.127546,0.561873,0.79252,0.237086,4.6e-05,-0.00059,-0.000453,0.000254,-0.009049,-0.003806,-0.860339,0.073236,0.040543,-0.0719,-0.45173,0.122252,-0.883738,-0.760422,-0.570809,0.309733,-0.46658,0.81193,0.350815,-0.005862,-0.01589,0.028978,0.153538,1.380121,-0.164825,-0.885544
290,0.116993,0.030591,0.344558,-0.46393,0.191362,-0.864983,-0.83359,-0.4248,0.353052,-0.299313,0.884595,0.357675,-0.012262,-0.042211,0.066599,0.075713,1.131456,-0.130445,-1.68956,-0.148976,0.03398,0.330307,0.009233,0.211829,0.977259,-0.888649,0.449798,-0.088984,-0.4584,-0.867867,0.191152,6.1e-05,-0.00079,-0.000609,-0.027024,0.113105,0.07871,-1.406907,0.044472,0.03969,-0.012134,-0.023021,-0.261763,0.964857,0.826646,-0.547763,-0.128884,0.562251,0.794628,0.228996,3.9e-05,-0.000498,-0.000381,-0.033811,0.125597,0.09418,-0.856257,0.073186,0.039846,-0.07071,-0.483735,0.158016,-0.860831,-0.753694,-0.575198,0.317946,-0.444908,0.802606,0.397339,0.000351,-0.021633,0.032919,0.176315,1.421783,-0.11797,-0.887013
291,0.116782,0.02894,0.346996,-0.487628,0.240565,-0.839281,-0.828063,-0.432079,0.3572,-0.276106,0.86886,0.410945,-0.012919,-0.045114,0.06459,0.224803,1.414309,0.036765,-1.66768,-0.149119,0.03394,0.330277,0.006706,0.205691,0.97859,-0.888893,0.449459,-0.088263,-0.457969,-0.86951,0.184607,0.000137,-0.001776,-0.001369,-0.018555,0.085014,0.02458,-1.406655,0.0444,0.039672,-0.012147,-0.01983,-0.255848,0.966513,0.826975,-0.547482,-0.127959,0.561887,0.796745,0.222437,1.7e-05,-0.000214,-0.000163,-0.018572,0.053499,0.037664,-0.861809,0.073082,0.039025,-0.069488,-0.51547,0.200198,-0.833193,-0.74692,-0.581541,0.322364,-0.42,0.788498,0.449299,-0.00648,-0.022521,0.032321,0.26841,1.549792,0.115733,-0.871991
292,0.116318,0.027316,0.349372,-0.503809,0.289397,-0.813923,-0.824769,-0.441275,0.353559,-0.256226,0.849065,0.462021,-0.013361,-0.047005,0.063352,0.201644,1.384826,-0.218327,-1.669588,-0.149132,0.033862,0.330219,-0.001509,0.19852,0.980091,-0.888632,0.449177,-0.092233,-0.458513,-0.871311,0.174488,0.013112,-0.001621,-0.002457,0.028235,0.226578,-0.098795,-1.407041,0.044388,0.039634,-0.012176,-0.010928,-0.250019,0.968178,0.826708,-0.546947,-0.131911,0.562523,0.79896,0.21267,0.000133,-0.001714,-0.001323,0.154819,0.663857,-0.664559,-0.859033,0.072851,0.038214,-0.068299,-0.539455,0.24548,-0.805435,-0.742354,-0.590077,0.317362,-0.397363,0.769121,0.500553,-0.00639,-0.018175,0.027423,0.360351,1.489974,0.101725,-0.878196
293,0.116005,0.026546,0.350484,-0.511795,0.314346,-0.799561,-0.822845,-0.44694,0.350919,-0.246416,0.837122,0.488399,-0.025883,-0.035694,0.055371,0.386345,1.536135,0.088645,-1.672675,-0.149099,0.033802,0.33017,-0.004487,0.198001,0.980187,-0.888363,0.449198,-0.094689,-0.45901,-0.871418,0.172636,0.000268,-0.003475,-0.002683,0.002082,0.030662,-0.040395,-1.406909,0.044405,0.039605,-0.012199,-0.007715,-0.249878,0.968246,0.826435,-0.546726,-0.134511,0.562977,0.799155,0.210726,0.000118,-0.001522,-0.001174,0.053906,0.146623,-0.217078,-0.860013,0.072698,0.037826,-0.067739,-0.551757,0.266324,-0.790338,-0.73928,-0.594823,0.315671,-0.386041,0.758456,0.525087,-0.006627,-0.01918,0.026724,0.18542,1.26184,-0.301312,-0.881788
294,0.11529,0.025205,0.352476,-0.530861,0.349824,-0.771916,-0.815854,-0.457435,0.353705,-0.228713,0.817104,0.529205,-0.025582,-0.026408,0.04592,0.13669,0.902853,-0.272711,-1.714,-0.148993,0.0337,0.330082,-0.009617,0.194182,0.980914,-0.888072,0.449171,-0.097508,-0.45949,-0.872286,0.166882,0.013196,-0.002605,-0.003223,-0.069989,0.293063,0.210534,-1.407248,0.044463,0.039552,-0.012245,-0.002108,-0.247937,0.968773,0.825939,-0.546585,-0.13809,0.563755,0.799856,0.205933,0.006599,-0.001316,-0.001624,-0.076877,0.404306,0.304549,-0.85936,0.07234,0.03715,-0.066742,-0.576445,0.29901,-0.760462,-0.73109,-0.604413,0.316528,-0.364988,0.738428,0.567015,-0.006507,-0.014714,0.021878,0.173139,1.083385,-0.39068,-0.888973
295,0.114576,0.024402,0.35392,-0.548941,0.370912,-0.749088,-0.807546,-0.466672,0.360636,-0.215138,0.80243,0.556641,-0.025458,-0.017997,0.035767,0.005324,0.579516,-0.473423,-1.779874,-0.148834,0.033545,0.329961,-0.020669,0.189331,0.981691,-0.88719,0.449179,-0.105192,-0.460814,-0.873341,0.157442,0.000373,-0.004787,-0.003705,-0.038763,0.192716,0.108489,-1.407753,0.044542,0.039476,-0.012304,0.009471,-0.243924,0.969747,0.825012,-0.546084,-0.145416,0.565035,0.801431,0.196069,0.000227,-0.002902,-0.002249,-0.041728,0.327249,0.11396,-0.859849,0.071983,0.036746,-0.066016,-0.597828,0.315965,-0.736727,-0.721592,-0.612404,0.3229,-0.34915,0.724656,0.59411,-0.005927,-0.004394,0.013085,0.008685,0.513767,-0.442109,-0.915589
296,0.113985,0.024229,0.354794,-0.56354,0.38103,-0.732996,-0.79978,-0.473856,0.36849,-0.206234,0.79342,0.572694,-0.011283,0.001146,0.017028,-0.014951,0.264238,-0.337315,-1.792962,-0.148701,0.033336,0.329775,-0.029186,0.182064,0.982849,-0.886857,0.448841,-0.109362,-0.460986,-0.87505,0.147117,0.000513,-0.006567,-0.005095,-0.013984,0.066276,0.011396,-1.407691,0.044609,0.039373,-0.012396,0.018765,-0.23689,0.971355,0.824783,-0.545474,-0.148962,0.565137,0.803953,0.185146,0.000243,-0.00308,-0.00239,-0.017951,0.035595,-0.002917,-0.85544,0.071681,0.03665,-0.065573,-0.614156,0.32237,-0.72034,-0.71273,-0.618496,0.330875,-0.338863,0.716617,0.609615,-0.012098,0.001565,0.009237,-0.056846,0.332812,-0.562016,-0.916732
297,0.113716,0.024398,0.355025,-0.569003,0.381001,-0.728779,-0.79649,-0.475838,0.373032,-0.203954,0.792248,0.575129,-0.010423,0.012551,0.008959,-0.003284,0.10233,-0.175309,-1.797751,-0.148663,0.033221,0.329683,-0.032108,0.178673,0.98338,-0.886853,0.448608,-0.110348,-0.460797,-0.875863,0.142805,0.000527,-0.006738,-0.005234,-0.02786,0.177668,-0.152748,-1.407609,0.044628,0.039315,-0.012443,0.021896,-0.233929,0.972006,0.824801,-0.545218,-0.149796,0.564998,0.804992,0.181006,0.000251,-0.003163,-0.002458,-0.016895,0.039295,-0.005164,-0.852991,0.071542,0.036733,-0.065453,-0.619831,0.3207,-0.716212,-0.708994,-0.620056,0.33594,-0.336356,0.716017,0.611704,-0.005225,0.006278,0.00449,-0.010051,0.089001,-0.183864,-0.909548
298,0.113209,0.024938,0.355301,-0.57263,0.380834,-0.72602,-0.794181,-0.477471,0.37586,-0.202807,0.791346,0.576774,-0.00997,0.022067,-0.00047,0.03429,-0.017261,0.011398,-1.805666,-0.148656,0.033005,0.329466,-0.04083,0.171399,0.984351,-0.886465,0.448281,-0.114709,-0.460844,-0.877473,0.132388,0.000513,-0.006558,-0.005106,-0.007342,0.038614,-0.008012,-1.407512,0.044631,0.039205,-0.012552,0.031626,-0.227788,0.973196,0.82443,-0.544538,-0.154247,0.565079,0.80721,0.170574,0.000237,-0.003004,-0.002339,-0.009764,0.000784,-0.029404,-0.852665,0.071293,0.036996,-0.065313,-0.623456,0.319589,-0.713556,-0.706371,-0.621477,0.33883,-0.335173,0.715282,0.613213,-0.005397,0.005436,0.003875,0.001616,-0.001381,-0.006934,-0.916896
299,0.112854,0.025584,0.355336,-0.582472,0.38246,-0.717285,-0.788846,-0.478905,0.385155,-0.195487,0.789692,0.581548,-0.010295,0.020525,-0.001579,0.034265,-0.017326,0.011345,-1.805405,-0.148669,0.032788,0.3293,-0.049418,0.164146,0.985193,-0.886108,0.44788,-0.118954,-0.46068,-0.879054,0.122069,0.000387,-0.00496,-0.003869,-0.003738,0.015822,0.011109,-1.408186,0.044626,0.039091,-0.01264,0.041045,-0.221763,0.974236,0.82409,-0.543827,-0.15851,0.564968,0.809365,0.160432,0.000197,-0.002482,-0.001935,-0.004555,-0.017436,-0.009627,-0.850052,0.071115,0.037319,-0.065295,-0.633592,0.319027,-0.704827,-0.700823,-0.622581,0.348193,-0.32773,0.714572,0.618044,-0.00521,0.010002,-0.000968,0.039347,-0.025409,0.018147,-0.91118
300,0.112668,0.025909,0.355361,-0.588864,0.383443,-0.711516,-0.785255,-0.479916,0.391186,-0.190745,0.7886,0.584597,-0.010907,0.010154,0.007195,-0.021075,0.045385,-0.060279,-1.808777,-0.148679,0.032668,0.329208,-0.055578,0.163104,0.985038,-0.885395,0.44792,-0.124007,-0.461344,-0.879226,0.118267,0.000476,-0.006109,-0.004771,-0.002079,0.016427,-0.023592,-1.408118,0.04462,0.039036,-0.012682,0.047313,-0.221752,0.973954,0.823306,-0.543468,-0.163733,0.565621,0.809609,0.156856,0.000223,-0.002828,-0.002208,-0.000946,-0.010632,0.00144,-0.849399,0.071021,0.037483,-0.065288,-0.640065,0.318605,-0.699147,-0.697141,-0.623346,0.354166,-0.322972,0.714093,0.621094,-0.005094,0.010461,-0.000648,-0.036925,0.141256,-0.183775,-0.910201
301,0.112418,0.026407,0.355557,-0.595477,0.384413,-0.705464,-0.781453,-0.480965,0.397462,-0.185779,0.787488,0.587687,-0.010605,0.011342,0.008012,-0.000547,-7.1e-05,-0.004819,-1.818106,-0.148621,0.032431,0.329007,-0.064327,0.15869,0.985226,-0.884623,0.447812,-0.129771,-0.461678,-0.880082,0.110325,0.000434,-0.005559,-0.004351,-8.5e-05,0.000383,0.000249,-1.408041,0.044649,0.038916,-0.012784,0.056548,-0.218429,0.974212,0.822477,-0.542961,-0.169479,0.565979,0.810852,0.14895,-0.000374,0.002503,-0.006323,0.033391,-0.004482,-0.004696,-0.849562,0.070892,0.037735,-0.065188,-0.646794,0.318099,-0.693158,-0.693218,-0.624129,0.36043,-0.317968,0.713634,0.624195,-0.005292,0.005728,0.004052,0.002111,-0.00436,-0.001232,-0.901056
302,0.112243,0.026808,0.355924,-0.598614,0.387524,-0.701093,-0.77992,-0.481685,0.399595,-0.182115,0.785518,0.591459,0.001981,0.00072,0.016569,-0.033608,-0.011712,0.033634,-1.818248,-0.148594,0.032312,0.328837,-0.066919,0.15532,0.98559,-0.884537,0.447769,-0.130506,-0.461472,-0.880701,0.106173,0.000195,-0.002491,-0.001953,-0.018711,0.079637,0.055926,-1.408235,0.044663,0.038851,-0.012873,0.059441,-0.215355,0.974724,0.822331,-0.542984,-0.170114,0.565895,0.811659,0.144817,0.000108,-0.001358,-0.001065,-0.023034,0.086992,0.061292,-0.850705,0.070804,0.037934,-0.065006,-0.650406,0.320458,-0.688678,-0.691604,-0.624742,0.362463,-0.314092,0.712041,0.627966,0.000995,0.000396,0.008313,-0.038573,-0.019574,0.03118,-0.895015
303,0.11221,0.026959,0.356127,-0.598157,0.387553,-0.701467,-0.780268,-0.481326,0.399349,-0.182127,0.785723,0.591181,0.002582,0.010924,0.007661,0.000442,-0.014768,0.024745,-1.818525,-0.148625,0.032325,0.328788,-0.069201,0.152005,0.98595,-0.884471,0.447756,-0.130994,-0.461258,-0.881282,0.102209,4.7e-05,-0.000603,-0.000473,-0.016195,0.068848,0.048359,-1.408492,0.044648,0.038856,-0.012899,0.062148,-0.212171,0.975254,0.822275,-0.542941,-0.170519,0.565685,0.812525,0.14072,-0.006465,-0.000787,-1e-06,-0.023831,0.069488,0.013257,-0.849399,0.070787,0.038008,-0.064906,-0.649971,0.320516,-0.689061,-0.691988,-0.624422,0.362282,-0.314149,0.712295,0.62765,0.000916,6e-05,0.008069,-0.0342,-0.01359,0.032562,-0.895994
304,0.112208,0.027157,0.356542,-0.596569,0.387664,-0.702757,-0.781451,-0.48018,0.398413,-0.182263,0.786369,0.590281,0.002232,0.009447,0.006601,0.00044,-0.014761,0.024749,-1.822514,-0.148677,0.032339,0.328717,-0.076209,0.136235,0.987736,-0.885131,0.446798,-0.129802,-0.458875,-0.884321,0.085285,0.000112,-0.001444,-0.001133,-0.093947,0.408107,0.278674,-1.408277,0.044621,0.038869,-0.012929,0.070929,-0.199436,0.97734,0.822734,-0.542294,-0.17037,0.563983,0.816175,0.125618,7.9e-05,-0.001034,-0.000811,-0.125312,0.538484,0.286963,-0.848256,0.070787,0.038109,-0.064696,-0.648422,0.320933,-0.690326,-0.693325,-0.623453,0.361395,-0.314402,0.712957,0.626771,0.000707,-0.000809,0.007449,-0.033951,0.00239,0.008283,-0.896484
305,0.112328,0.027391,0.356933,-0.600553,0.393647,-0.696005,-0.779725,-0.481203,0.400555,-0.176501,0.782757,0.596796,0.002455,0.010409,0.007245,0.055841,0.074084,0.076617,-1.825403,-0.148645,0.032282,0.328607,-0.079995,0.124625,0.98897,-0.88049,0.456218,-0.128594,-0.46708,-0.881202,0.071983,0.000218,-0.002801,-0.0022,-0.049969,0.214384,0.150689,-1.408156,0.044637,0.038842,-0.012983,0.076212,-0.186632,0.979468,0.817257,-0.551059,-0.168592,0.57121,0.813327,0.110529,0.00013,-0.001638,-0.001287,-0.063514,0.265848,0.159513,-0.844663,0.070847,0.038224,-0.064502,-0.653447,0.325829,-0.683257,-0.69138,-0.62442,0.363445,-0.308219,0.709883,0.633297,0.00125,0.005335,0.003712,0.06333,0.08396,0.087905,-0.897301
306,0.112475,0.027543,0.35741,-0.605808,0.397267,-0.689363,-0.777029,-0.481688,0.405184,-0.170344,0.780624,0.601362,0.001586,-0.000916,0.015336,-0.031373,0.007371,0.011402,-1.828519,-0.148666,0.032283,0.328535,-0.08104,0.110655,0.990545,-0.876524,0.465158,-0.123559,-0.474299,-0.87837,0.058042,1.1e-05,-0.000147,-0.000116,0.408812,0.300159,0.283052,-1.407921,0.044627,0.038838,-0.013023,0.079005,-0.173786,0.981609,0.812479,-0.559324,-0.164416,0.577611,0.810527,0.097008,2e-06,-0.0,8e-06,1.565959,0.30926,0.457922,-0.842051,0.070921,0.038306,-0.064265,-0.659223,0.328331,-0.676478,-0.688748,-0.624663,0.367997,-0.301746,0.708515,0.63793,0.007168,-0.001424,0.00698,-0.045416,-0.029633,0.037118,-0.897464
307,0.112569,0.027575,0.357671,-0.611571,0.398433,-0.683578,-0.773727,-0.481801,0.411322,-0.164709,0.779959,0.60379,0.001833,0.000141,0.016057,-0.270953,0.492803,-0.579541,-1.828929,-0.148681,0.032328,0.328496,-0.080904,0.104849,0.991187,-0.877224,0.464606,-0.120633,-0.473026,-0.879366,0.053133,-0.014189,0.009852,-0.007619,-0.104098,0.656119,0.204214,-1.40842,0.044625,0.038858,-0.013038,0.079342,-0.169639,0.982306,0.812828,-0.559445,-0.162266,0.577073,0.811321,0.0935,2.1e-05,-0.000229,-0.000181,-0.020696,0.020093,0.011395,-0.842867,0.070968,0.038319,-0.064131,-0.664995,0.328076,-0.670929,-0.685598,-0.62445,0.374186,-0.296201,0.70882,0.640185,0.000898,2.7e-05,0.007997,-0.299474,0.54103,-0.639431,-0.897791
308,0.112711,0.027635,0.358155,-0.62208,0.407838,-0.668378,-0.767943,-0.4843,0.419154,-0.15198,0.773516,0.615307,0.001446,-0.001492,0.014908,0.092058,0.319076,-0.044939,-1.835207,-0.148686,0.03236,0.328385,-0.086459,0.090703,0.992114,-0.869663,0.478906,-0.119455,-0.485823,-0.873228,0.03622,0.000184,-0.002366,-0.00186,0.151076,0.819221,-0.413978,-1.408361,0.044617,0.038882,-0.013093,0.085895,-0.154405,0.984266,0.803974,-0.572732,-0.160008,0.588427,0.805069,0.074943,0.000116,-0.001507,-0.001189,0.682763,2.026218,-1.869419,-0.845643,0.071039,0.038353,-0.063893,-0.677214,0.334313,-0.655451,-0.679284,-0.626412,0.382336,-0.282762,0.70416,0.651309,0.0011,0.004715,0.003246,0.196978,0.283383,0.184616,-0.898934
309,0.112858,0.027753,0.358594,-0.628872,0.411333,-0.659826,-0.763792,-0.485655,0.425126,-0.144803,0.770808,0.620415,0.002235,0.009555,0.006563,-0.008891,0.100989,-0.162365,-1.851561,-0.14877,0.032264,0.328156,-0.090859,0.071199,0.993311,-0.863027,0.492037,-0.114095,-0.496723,-0.867692,0.015485,0.00043,-0.005549,-0.00437,0.15363,1.925187,-2.012749,-1.408582,0.044575,0.038835,-0.013201,0.090397,-0.135317,0.986669,0.796065,-0.585491,-0.153232,0.598421,0.799305,0.054795,0.000244,-0.003133,-0.00247,-0.100566,0.461411,0.293788,-0.847276,0.071113,0.03841,-0.063668,-0.684462,0.336739,-0.646619,-0.675193,-0.627348,0.388005,-0.274999,0.702168,0.65676,0.001106,0.004762,0.003269,-0.015949,0.086307,-0.16256,-0.894525
310,0.112949,0.027798,0.358815,-0.629184,0.411403,-0.659485,-0.763634,-0.485476,0.425615,-0.144288,0.770883,0.620441,0.001445,-0.001473,0.014893,-0.034343,0.002597,0.008622,-1.858878,-0.14882,0.032232,0.327986,-0.090899,0.060557,0.994013,-0.85861,0.50086,-0.108915,-0.50431,-0.863428,0.00521,-0.000705,0.004388,-0.013161,-0.091668,0.565499,0.388365,-1.408474,0.04455,0.038821,-0.013285,0.094745,-0.126814,0.98739,0.790007,-0.593933,-0.152087,0.605731,0.794456,0.043912,-0.006861,0.001918,-0.006182,-0.034666,0.274829,-0.097205,-0.844663,0.071158,0.038433,-0.063563,-0.68475,0.336644,-0.646364,-0.675071,-0.62716,0.388521,-0.27458,0.702382,0.656707,0.000712,-0.000749,0.007434,-0.034753,-0.000148,0.008261,-0.897464
311,0.113047,0.027925,0.359248,-0.637277,0.415618,-0.648988,-0.758696,-0.486177,0.433571,-0.134536,0.768172,0.62597,0.002296,0.009842,0.006724,0.003917,-0.008932,0.02792,-1.86201,-0.148938,0.032251,0.327562,-0.096557,0.041275,0.994467,-0.851582,0.513759,-0.103892,-0.51505,-0.856936,-0.015715,-0.00068,0.004051,-0.013437,-0.062139,0.499956,0.099986,-1.408973,0.044491,0.038824,-0.013496,0.102637,-0.106866,0.988961,0.781789,-0.606057,-0.146626,0.615037,0.788209,0.021343,0.000335,-0.004339,-0.003432,-0.115088,0.722258,0.237599,-0.851031,0.071205,0.038492,-0.06335,-0.693601,0.339031,-0.635589,-0.670054,-0.627575,0.396455,-0.26447,0.700861,0.662456,0.000941,0.004059,0.002771,-0.009141,-0.033265,0.029718,-0.894851
312,0.113226,0.028035,0.359643,-0.645436,0.422127,-0.636605,-0.753605,-0.487911,0.440447,-0.123884,0.763504,0.633831,0.001428,-0.001518,0.014824,-0.08869,0.188449,-0.153538,-1.869638,-0.149085,0.032328,0.327011,-0.099136,0.019455,0.994879,-0.844923,0.526434,-0.094373,-0.525417,-0.849959,-0.037008,-0.000553,0.002381,-0.014773,-0.139789,0.820895,0.570052,-1.408799,0.044417,0.038865,-0.013781,0.107879,-0.087173,0.990334,0.773477,-0.618461,-0.138696,0.624574,0.780964,0.000708,-0.000271,0.001135,-0.00743,-0.144231,0.800426,0.556746,-0.85593,0.071296,0.038551,-0.063149,-0.702601,0.343517,-0.623174,-0.664918,-0.628859,0.403014,-0.253446,0.697517,0.670248,0.001093,0.004728,0.003215,-0.281375,0.557203,-0.625637,-0.890442
313,0.113324,0.028023,0.360181,-0.651141,0.430666,-0.62497,-0.750266,-0.489694,0.444152,-0.113959,0.757563,0.642758,0.001202,-0.00248,0.014155,-0.223116,0.726654,-0.69853,-1.885071,-0.149171,0.032588,0.326434,-0.104583,-0.00184,0.99451,-0.834441,0.544185,-0.086628,-0.540873,-0.838901,-0.059704,-0.000813,0.005775,-0.012083,0.081865,0.515069,0.147448,-1.408514,0.044375,0.038989,-0.014074,0.11607,-0.064127,0.991168,0.761414,-0.635045,-0.130251,0.637789,0.769808,-0.024883,-0.000402,0.002949,-0.005995,0.077305,0.48981,0.133557,-0.853154,0.071346,0.038548,-0.062878,-0.709218,0.350282,-0.611809,-0.661668,-0.630251,0.406175,-0.243318,0.692882,0.678756,0.000574,-0.001324,0.007019,-0.824341,1.826712,-1.945472,-0.896484
314,0.113355,0.027947,0.360486,-0.653369,0.43612,-0.618832,-0.749119,-0.490587,0.445102,-0.108666,0.753852,0.648017,0.001141,-0.002739,0.013974,0.03299,0.193594,0.037938,-1.895977,-0.149212,0.032755,0.326157,-0.106618,-0.015918,0.994168,-0.832848,0.547565,-0.080435,-0.542924,-0.836531,-0.072892,-0.000801,0.005612,-0.012213,-0.101322,0.709725,0.25049,-1.408441,0.044354,0.039073,-0.014207,0.119499,-0.051745,0.991484,0.759272,-0.638685,-0.124845,0.639706,0.767726,-0.037034,-0.000423,0.003132,-0.005849,-0.09679,0.7969,0.594591,-0.853481,0.071362,0.03851,-0.062726,-0.713035,0.354909,-0.604664,-0.659894,-0.631102,0.407736,-0.236896,0.689745,0.684201,0.00051,-0.00159,0.006836,-0.02936,0.317221,-0.086976,-0.901383
315,0.113418,0.02761,0.361171,-0.652107,0.450235,-0.609992,-0.751873,-0.487429,0.443927,-0.096651,0.747564,0.657141,-6.2e-05,-0.01559,0.021109,0.088156,0.28603,0.111138,-1.913175,-0.149319,0.033151,0.325652,-0.112031,-0.036197,0.993041,-0.818702,0.569694,-0.071482,-0.562967,-0.820951,-0.094711,-0.000949,0.007562,-0.010657,5.387304,0.331268,-0.259923,-1.408911,0.044301,0.039269,-0.01446,0.127123,-0.032163,0.991364,0.746556,-0.654956,-0.116981,0.653063,0.754981,-0.059249,-0.000513,0.004344,-0.004882,-0.117873,0.62334,0.470251,-0.850705,0.071394,0.038348,-0.062385,-0.714188,0.367886,-0.595478,-0.66306,-0.628137,0.407179,-0.224247,0.68564,0.692538,0.000448,-0.001854,0.006655,0.210325,0.354582,0.200494,-0.898607
316,0.113531,0.027059,0.361807,-0.655747,0.451258,-0.605315,-0.749438,-0.486289,0.449264,-0.090814,0.747688,0.657832,-3.8e-05,-0.007834,0.010537,-0.034816,0.017131,-0.016257,-1.91421,-0.149365,0.033556,0.325274,-0.115698,-0.055368,0.991735,-0.814117,0.577255,-0.062633,-0.568837,-0.81455,-0.113115,-0.001156,0.010292,-0.008472,-0.036443,0.404503,0.070351,-1.408375,0.044278,0.039473,-0.014654,0.133579,-0.012105,0.990963,0.737641,-0.666567,-0.107574,0.661846,0.745346,-0.08011,-0.000579,0.00526,-0.004145,-0.043715,0.358694,0.038784,-0.848256,0.071451,0.038071,-0.062062,-0.717828,0.368705,-0.590575,-0.661158,-0.6268,0.412299,-0.218156,0.686423,0.693707,0.00596,-0.010288,0.008843,-0.068765,-0.002651,0.022757,-0.898281
