frame,MLTx,MLTy,MLTz,MLTR1,MLTR2,MLTR3,MLTR4,MLTR5,MLTR6,MLTR7,MLTR8,MLTR9,MLTTVx,MLTTVy,MLTTVz,MLTRVx,MLTRVy,MLTRVz,MLGA,MRTx,MRTy,MRTz,MRTR1,MRTR2,MRTR3,MRTR4,MRTR5,MRTR6,MRTR7,MRTR8,MRTR9,MRTTVx,MRTTVy,MRTTVz,MRTRVx,MRTRVy,MRTRVz,MRGA,SLTx,SLTy,SLTz,SLTR1,SLTR2,SLTR3,SLTR4,SLTR5,SLTR6,SLTR7,SLTR8,SLTR9,SLTTVx,SLTTVy,SLTTVz,SLTRVx,SLTRVy,SLTRVz,SLGA,SRTx,SRTy,SRTz,SRTR1,SRTR2,SRTR3,SRTR4,SRTR5,SRTR6,SRTR7,SRTR8,SRTR9,SRTTVx,SRTTVy,SRTTVz,SRTRVx,SRTRVy,SRTRVz,SRGA
636,0.132093,-0.002663,0.267425,-0.234862,-0.632921,-0.737765,-0.018463,-0.75596,0.654337,-0.971575,0.168083,0.166784,0.001798,-0.018739,0.043929,0.172048,-0.46441,-0.197532,-1.560158,-0.206554,-0.007831,0.227311,-0.153942,0.714723,0.682249,-0.00017,-0.690395,0.723387,0.988206,0.110348,0.105522,0.108003,0.029869,-0.036876,0.288261,-0.000459,-0.451178,0.317402,0.018346,0.053194,-0.047533,0.055309,-0.68902,0.722628,0.013306,0.724181,0.689481,-0.99838,-0.028519,0.049222,0.054122,0.015437,-0.017616,0.365768,-0.086806,-0.533719,0.196641,0.067439,0.05257,-0.07391,0.228104,0.582337,-0.780289,0.024417,0.797743,0.602501,0.97333,-0.156485,0.16775,0.000961,-0.008976,0.022491,1.060607,-1.275779,-0.376822,-0.928489
637,0.132697,-0.003813,0.269201,-0.201346,-0.644708,-0.737467,-0.009061,-0.751635,0.659496,-0.979241,0.140266,0.14642,0.015315,-0.036842,0.043136,-0.212468,-0.072573,-0.092207,-1.558063,-0.202526,-0.007509,0.226536,-0.157489,0.702579,0.693953,-0.007331,-0.703432,0.710678,0.987624,0.105956,0.115038,0.109318,-0.00403,-0.013652,0.184999,-0.08156,-0.344965,0.367529,0.020361,0.053365,-0.047903,0.060075,-0.675998,0.73445,0.022781,0.736515,0.676036,-0.997933,-0.023881,0.059646,0.054722,-0.001796,-0.006503,0.179168,-0.082757,-0.343085,0.270121,0.067739,0.052014,-0.073006,0.194006,0.594469,-0.780363,0.014927,0.793596,0.608261,0.980886,-0.129655,0.145089,0.007444,-0.02411,0.025433,-0.206592,-0.024269,-0.047338,-0.921631
638,0.132917,-0.004738,0.270004,-0.193374,-0.648157,-0.736576,-0.009936,-0.749422,0.661997,-0.980848,0.136134,0.139401,0.013687,-0.054769,0.042126,-0.270124,-0.089782,-0.13293,-1.562785,-0.200488,-0.007919,0.226461,-0.147062,0.699347,0.699484,-0.021833,-0.709193,0.704629,0.989005,0.087478,0.118662,0.110319,-0.027667,0.000148,4.113135,3.667284,0.155164,0.383269,0.02134,0.053172,-0.047937,0.052695,-0.672062,0.738617,0.032923,0.740412,0.671346,-0.998067,-0.011059,0.061142,0.055163,-0.013946,-0.000167,0.276978,-0.2166,-0.539593,0.300004,0.067851,0.051565,-0.072595,0.186578,0.597562,-0.779811,0.015536,0.791856,0.610509,0.982316,-0.126022,0.138459,-0.000764,-0.027226,0.020974,-0.283692,-0.191066,-0.038121,-0.917222
639,0.132631,-0.007016,0.27141,-0.207537,-0.640247,-0.739633,-0.009873,-0.754693,0.655982,-0.977933,0.144235,0.151232,-0.033388,-0.070633,0.042154,0.107917,0.485735,0.349941,-1.573984,-0.196035,-0.009471,0.226965,-0.098845,0.691312,0.715757,-0.069938,-0.722227,0.688063,0.9927,0.01709,0.118814,0.128601,-0.058155,0.028192,0.506422,-0.030663,-0.300461,0.414638,0.023608,0.052381,-0.047693,0.00084,-0.659383,0.751806,0.08741,0.748977,0.656804,-0.996171,0.065164,0.058266,0.06433,-0.028873,0.014439,0.56662,-0.096537,-0.354876,0.349317,0.067725,0.050432,-0.071892,0.200184,0.589848,-0.782307,0.015463,0.796468,0.604482,0.979636,-0.133104,0.150319,-0.00908,-0.0307,0.016075,0.286693,0.782702,0.357301,-0.925713
640,0.131369,-0.009656,0.272643,-0.223844,-0.62677,-0.746391,0.016333,-0.768134,0.640059,-0.974223,0.131858,0.183113,-0.034619,-0.066338,0.024911,1.615745,-0.288213,0.216664,-1.574976,-0.191165,-0.011662,0.228393,-0.109407,0.673795,0.730768,-0.084897,-0.738731,0.668583,0.990437,0.010267,0.137083,0.129881,-0.051277,0.038976,0.81419,-0.460826,-0.65528,0.423256,0.025946,0.051328,-0.047012,0.011275,-0.642905,0.765862,0.102638,0.762609,0.638664,-0.994654,0.071406,0.074585,0.057385,-0.031548,0.023435,4.319292,3.227399,-0.039189,0.378383,0.067108,0.049136,-0.071278,0.219509,0.575072,-0.788102,-0.00598,0.808583,0.588351,0.975591,-0.124436,0.18093,-0.017623,-0.039382,0.015666,0.516959,0.268313,0.257354,-0.930285
641,0.13067,-0.01107,0.27314,-0.19516,-0.622176,-0.758192,0.053938,-0.7787,0.625051,-0.979057,0.081858,0.186479,-0.035923,-0.081439,0.027647,0.893562,-1.848304,2.35538,-1.584894,-0.188686,-0.012804,0.229359,-0.11823,0.66513,0.737303,-0.093762,-0.746573,0.658613,0.988634,0.007907,0.149681,0.130508,-0.046947,0.045884,0.336533,-0.660551,-0.563955,0.418902,0.027234,0.05073,-0.046517,0.020942,-0.633713,0.773284,0.11502,0.769845,0.62778,-0.993141,0.075796,0.089012,0.065574,-0.029224,0.026784,0.459063,-0.74127,-0.929648,0.380832,0.066745,0.048409,-0.071023,0.190703,0.571531,-0.798112,-0.048535,0.817528,0.573838,0.980446,-0.070696,0.183644,-0.01802,-0.040534,0.01392,4.498024,-2.950027,-0.595499,-0.934694
642,0.129032,-0.014413,0.274157,-0.171186,-0.603371,-0.778899,0.075798,-0.796293,0.600119,-0.982117,0.044439,0.183023,-0.037089,-0.085232,0.022358,-0.058638,0.175073,0.255286,-1.642451,-0.183489,-0.014696,0.231434,-0.149207,0.65039,0.744797,-0.112401,-0.759405,0.640784,0.982521,0.011083,0.185453,0.131166,-0.042023,0.052869,0.266114,-0.585824,-0.45273,0.412922,0.029778,0.049797,-0.045492,0.052753,-0.620967,0.782058,0.135708,0.780342,0.61045,-0.989343,0.073928,0.125436,0.065585,-0.02074,0.026887,0.342189,-0.832226,-0.398413,0.372015,0.065926,0.046734,-0.070518,0.164488,0.549783,-0.818951,-0.070922,0.834703,0.546113,0.983825,-0.031748,0.17629,-0.026172,-0.041995,0.011706,-0.033514,0.224336,0.262748,-0.944002
643,0.127669,-0.017296,0.274774,-0.194711,-0.59814,-0.777406,0.083418,-0.799804,0.594412,-0.977076,0.051628,0.206599,-0.036043,-0.060091,0.009765,0.511931,1.119084,-0.006558,-1.849163,-0.178659,-0.015764,0.233147,-0.188518,0.652864,0.733635,-0.132572,-0.757013,0.639758,0.973256,0.022532,0.228314,0.113934,-0.017512,0.040276,0.66029,-1.241503,0.062869,0.416042,0.032255,0.049248,-0.044604,0.090717,-0.627308,0.773469,0.154306,0.776146,0.61138,-0.983849,0.063889,0.167207,0.065204,-0.014762,0.022672,0.810281,-2.044578,2.057801,0.375771,0.065242,0.045274,-0.070218,0.185666,0.545607,-0.817214,-0.077231,0.837205,0.541407,0.979572,-0.037407,0.197578,-0.018054,-0.030324,0.004563,0.582741,1.736132,-1.929005,-0.920325
644,0.126,-0.018381,0.274787,-0.219698,-0.599625,-0.769563,0.095145,-0.798247,0.594744,-0.970655,0.058185,0.233388,-0.048054,-0.014379,0.001206,0.055694,0.221901,-0.029458,-1.915502,-0.174336,-0.016372,0.23479,-0.222329,0.663578,0.7143,-0.150432,-0.747113,0.647399,0.963516,0.035654,0.265004,0.098126,-0.015213,0.044868,0.217638,-0.627273,0.018829,0.425819,0.034385,0.048947,-0.043805,0.126085,-0.641072,0.757052,0.171744,0.765725,0.619813,-0.977039,0.05187,0.206647,0.048627,-0.00165,0.018886,0.436192,-0.767793,-0.271754,0.379036,0.064427,0.044702,-0.070223,0.213965,0.545973,-0.810019,-0.09038,0.836731,0.540103,0.97265,-0.042354,0.228376,-0.023976,-0.006928,0.000992,0.017273,0.189054,-0.043877,-0.948737
645,0.125152,-0.01845,0.274789,-0.208216,-0.601991,-0.770907,0.107897,-0.797511,0.593554,-0.971866,0.041152,0.231972,-0.046815,0.000716,-0.001568,-0.024421,-0.235563,-0.289106,-1.916055,-0.172684,-0.016543,0.235574,-0.235838,0.665752,0.707916,-0.156847,-0.744892,0.648435,0.95929,0.04106,0.279178,0.082242,-0.01592,0.045139,0.152592,-0.505956,0.034033,0.438158,0.035254,0.048859,-0.043392,0.140572,-0.64438,0.751673,0.178216,0.76328,0.621001,-0.973898,0.046665,0.222135,0.040688,-0.001435,0.02,0.225946,-0.581814,0.022474,0.39161,0.063984,0.044661,-0.070224,0.203089,0.548055,-0.811412,-0.103007,0.836041,0.538909,0.973726,-0.025866,0.226244,-0.023273,0.000984,0.00011,0.094918,-0.648722,-0.489311,-0.957882
646,0.123544,-0.018523,0.274953,-0.197197,-0.608844,-0.768419,0.101652,-0.792286,0.601599,-0.974845,0.041274,0.219089,-0.046001,0.004599,0.003656,-1.411688,0.837976,0.135204,-1.916204,-0.170224,-0.016731,0.236875,-0.259253,0.661892,0.703333,-0.160318,-0.747523,0.644547,0.95268,0.053518,0.298999,0.032795,0.000685,0.024366,0.205544,-0.35945,-0.207074,0.440454,0.036503,0.048767,-0.042718,0.163997,-0.642942,0.74815,0.181691,0.765131,0.617707,-0.969583,0.03463,0.242296,0.024734,-0.004994,0.015654,0.241019,-0.497989,-0.26804,0.406959,0.063164,0.044629,-0.070137,0.189995,0.556358,-0.808929,-0.096237,0.830523,0.548606,0.977056,-0.026383,0.211337,-0.022956,0.002553,0.002185,-1.395171,0.883247,0.157844,-0.959514
647,0.121967,-0.018308,0.275122,-0.231257,-0.609889,-0.758025,0.061861,-0.78679,0.61409,-0.970649,0.095874,0.220628,-0.030589,0.003428,0.002854,0.023764,0.158221,-0.270759,-1.911417,-0.168968,-0.016708,0.237611,-0.272906,0.659676,0.700243,-0.166461,-0.749176,0.641062,0.947817,0.057563,0.313357,0.015935,0.007664,0.010929,0.200475,-0.386621,0.011899,0.441762,0.037137,0.048777,-0.042346,0.177949,-0.641821,0.745921,0.188067,0.766229,0.614429,-0.9659,0.030946,0.257055,0.00795,0.00368,0.005175,0.256096,-0.336782,-0.208116,0.409572,0.062376,0.044743,-0.070044,0.224759,0.557857,-0.798922,-0.056135,0.825952,0.560938,0.972795,-0.081229,0.216955,-0.015278,0.001773,0.001551,0.039112,0.17814,-0.269155,-0.959514
648,0.121318,-0.018276,0.275162,-0.250192,-0.610768,-0.751274,0.046644,-0.782659,0.620678,-0.966773,0.121001,0.225244,-0.030821,0.002443,0.001461,-0.012088,0.037791,-0.056135,-1.892765,-0.168782,-0.016524,0.237736,-0.279907,0.658031,0.699027,-0.163892,-0.750098,0.640645,0.94623,0.063934,0.316897,0.015876,0.00558,0.007376,-1.108585,-1.153342,-0.522969,0.449453,0.03723,0.04887,-0.042282,0.184609,-0.640944,0.745056,0.18724,0.767138,0.613546,-0.96481,0.026239,0.261631,-0.000351,0.008086,-7.3e-05,-3.812954,-3.581285,-1.755439,0.413654,0.062064,0.04476,-0.070021,0.243906,0.559065,-0.792436,-0.040931,0.82232,0.56755,0.968934,-0.105994,0.223452,-0.015431,0.001116,0.000624,-0.035608,0.050536,-0.034975,-0.96523
649,0.1206,-0.018257,0.275232,-0.288081,-0.59973,-0.746578,0.00845,-0.781196,0.624206,-0.957224,0.174255,0.23105,-0.01522,0.00206,0.001869,0.057674,0.17957,0.074544,-1.865208,-0.169418,-0.016015,0.237659,-0.287458,0.6568,0.697117,-0.162869,-0.750658,0.64025,0.94415,0.069686,0.321851,-0.032425,0.01098,-0.004436,0.051859,-0.00647,-0.062451,0.455594,0.036918,0.049126,-0.042319,0.193394,-0.640116,0.743538,0.18489,0.768045,0.613124,-0.963542,0.018898,0.266887,-0.01622,0.005255,-0.00261,0.02942,0.016364,-0.04329,0.427207,0.061699,0.044768,-0.069989,0.281566,0.548399,-0.787386,-0.00259,0.821018,0.570896,0.959537,-0.158706,0.232591,7.4e-05,0.000292,0.000433,0.027451,0.287692,0.170201,-0.971761
650,0.120417,-0.018261,0.275285,-0.328574,-0.582139,-0.743773,-0.028109,-0.781124,0.62372,-0.943666,0.226565,0.241226,1e-06,3e-06,4e-06,0.155123,0.191896,0.364073,-1.851551,-0.170791,-0.015698,0.237291,-0.290198,0.660029,0.692921,-0.166605,-0.747769,0.642665,0.942662,0.070231,0.326066,-0.048255,0.006603,-0.009934,0.029496,0.04689,-0.088241,0.460521,0.036249,0.04928,-0.042502,0.195899,-0.644018,0.739502,0.188119,0.764788,0.616205,-0.96241,0.018401,0.270973,-0.016242,0.003749,-0.005192,0.034732,0.011878,-0.029779,0.432432,0.061602,0.044768,-0.069959,0.321944,0.531165,-0.783718,0.0341,0.820748,0.57027,0.946143,-0.21032,0.246122,1.1e-05,4e-06,2.5e-05,0.214147,0.252321,0.412571,-0.97666
651,0.120349,-0.018549,0.275397,-0.351301,-0.568578,-0.743876,-0.0556,-0.78045,0.622719,-0.934189,0.260824,0.243491,-0.001169,-0.014003,0.004192,-0.029244,0.044481,-0.032469,-1.836516,-0.172325,-0.015377,0.23705,-0.301642,0.666535,0.681715,-0.176047,-0.741562,0.647322,0.937352,0.074413,0.340142,-0.049001,0.021865,-0.011387,0.216943,-0.496695,0.57896,0.461021,0.035464,0.049436,-0.04264,0.207543,-0.651621,0.729599,0.196975,0.7584,0.621312,-0.958188,0.014764,0.285753,-0.024496,0.01098,-0.005585,0.201975,-0.516484,0.664379,0.436515,0.061568,0.044628,-0.069897,0.345344,0.516984,-0.783239,0.061398,0.820352,0.568552,0.936465,-0.244436,0.251561,-0.000593,-0.007063,0.002023,-0.049025,0.018604,-0.0491,-0.984988
652,0.120349,-0.018782,0.27543,-0.366563,-0.558272,-0.744318,-0.073785,-0.780045,0.621335,-0.927024,0.283368,0.245676,-0.000688,-0.002943,-0.004065,0.03099,0.069299,0.044902,-1.826887,-0.173051,-0.015129,0.236987,-0.308801,0.667416,0.677635,-0.181046,-0.740576,0.647073,0.934071,0.0763,0.348643,-0.032281,0.01256,-0.002016,0.138232,-0.237926,0.038581,0.46469,0.035113,0.049552,-0.042675,0.214679,-0.653396,0.725937,0.201882,0.756902,0.621564,-0.955591,0.013117,0.2944,-0.02402,0.005662,-0.001061,0.127124,-0.088572,-0.189534,0.438147,0.061569,0.044512,-0.06988,0.360536,0.506683,-0.783125,0.079559,0.819827,0.567056,0.929346,-0.266749,0.255266,-0.000716,-0.007599,0.001276,-0.033058,0.115977,0.009326,-0.984171
653,0.120283,-0.0192,0.275468,-0.41158,-0.53632,-0.736891,-0.112661,-0.772413,0.625027,-0.90389,0.340931,0.25841,-0.001556,-0.015651,0.001906,0.159526,0.400401,0.200201,-1.829181,-0.174458,-0.014621,0.237019,-0.329787,0.67403,0.660996,-0.195919,-0.733687,0.650579,0.923865,0.084208,0.373155,-0.0321,0.01556,0.002942,0.562502,-1.95963,2.165146,0.46409,0.034409,0.049803,-0.042664,0.234733,-0.660753,0.712955,0.215058,0.750573,0.624811,-0.947971,0.006663,0.318285,-0.015629,0.001797,0.004936,0.221444,-0.367222,-0.112509,0.443046,0.061536,0.044308,-0.069863,0.404628,0.486319,-0.774447,0.118811,0.811736,0.57181,0.906729,-0.323383,0.270671,-0.000418,-0.00183,-0.002524,0.275628,0.627335,0.379913,-0.990376
654,0.119986,-0.019675,0.275221,-0.449587,-0.514857,-0.729958,-0.147699,-0.763113,0.629139,-0.880402,0.391304,0.267956,-0.002863,-0.02117,-0.005781,-1.239339,1.085755,0.410721,-1.838486,-0.175567,-0.014049,0.237343,-0.358048,0.679509,0.640359,-0.202178,-0.725876,0.657389,0.911951,0.10506,0.396445,-0.016138,0.020263,0.008896,0.104613,-0.404505,0.273195,0.461746,0.033849,0.050087,-0.042506,0.265091,-0.670882,0.692562,0.221203,0.741416,0.633537,-0.938506,-0.014749,0.344944,-0.015522,0.003716,0.008103,-0.024785,-0.439348,0.212351,0.43978,0.061389,0.044077,-0.069977,0.44285,0.464806,-0.766706,0.152255,0.803724,0.575191,0.883573,-0.371458,0.28516,-0.009016,-0.00455,-0.006779,-4.062552,3.48877,1.381327,-0.997888
655,0.119869,-0.01996,0.274927,-0.454358,-0.508416,-0.731517,-0.158094,-0.762123,0.62781,-0.876134,0.401528,0.266816,-0.00305,-0.012927,-0.018011,-0.030225,-0.091984,0.165703,-1.838767,-0.176061,-0.013775,0.237618,-0.371302,0.677352,0.635075,-0.197192,-0.725791,0.658997,0.907749,0.118606,0.402227,-0.015263,0.008813,0.016572,0.255567,-0.524147,0.067448,0.462204,0.033596,0.050233,-0.042361,0.277624,-0.670899,0.687618,0.215405,0.741002,0.636016,-0.936229,-0.028457,0.350234,-0.007632,0.004587,0.008615,0.372754,-0.608263,-0.015121,0.439291,0.061331,0.043934,-0.070117,0.448427,0.457779,-0.767691,0.164043,0.802149,0.574148,0.878636,-0.383398,0.28461,-0.001563,-0.006689,-0.00931,-0.109093,-0.438422,0.734004,-0.998051
656,0.119924,-0.02051,0.273975,-0.458047,-0.5013,-0.734123,-0.168673,-0.761841,0.625396,-0.872231,0.410907,0.265322,-0.004034,-0.017072,-0.023982,0.001123,-0.063815,0.092565,-1.842017,-0.177078,-0.013386,0.238368,-0.387035,0.677735,0.625196,-0.194211,-0.722644,0.663326,0.901818,0.134461,0.410495,-0.030778,0.010421,0.020865,0.075688,-0.202697,0.078184,0.461767,0.033105,0.05042,-0.042002,0.294562,-0.672324,0.679126,0.212359,0.738939,0.63943,-0.931738,-0.044133,0.360438,-0.015004,-0.0008,0.013851,0.071108,-0.219689,0.028758,0.439127,0.061354,0.043661,-0.070581,0.451951,0.450536,-0.769906,0.174623,0.8017,0.571648,0.874783,-0.3928,0.283655,0.005645,-0.009589,-0.012949,0.002632,0.032925,-0.04366,-1.010298
657,0.119878,-0.020846,0.272933,-0.457463,-0.504031,-0.732616,-0.167883,-0.760113,0.627707,-0.87269,0.41077,0.264023,-0.002851,-0.002991,-0.028172,0.032168,0.012425,-0.033571,-1.879913,-0.177768,-0.013066,0.2394,-0.401144,0.675271,0.618938,-0.201581,-0.724094,0.659535,0.894017,0.138956,0.425778,-0.014879,0.014597,0.025808,0.239358,-0.294497,-0.220273,0.461056,0.032748,0.050582,-0.041481,0.308768,-0.67176,0.673349,0.220065,0.739188,0.636531,-0.925328,-0.04836,0.376069,0.000783,0.001987,0.016607,0.330045,-0.53197,-0.124827,0.438311,0.061333,0.043476,-0.071125,0.451164,0.453503,-0.768625,0.173868,0.800093,0.574125,0.87534,-0.392664,0.282124,-0.001433,-0.001592,-0.014217,0.04776,0.024899,-0.02439,-1.020422
658,0.119313,-0.021091,0.271926,-0.458619,-0.503473,-0.732278,-0.172161,-0.758102,0.628979,-0.871248,0.415153,0.261918,-0.018454,-0.001828,-0.02776,0.025758,-0.096818,0.093057,-1.90025,-0.178015,-0.012439,0.240519,-0.419958,0.679243,0.601877,-0.21465,-0.718613,0.661403,0.882277,0.147717,0.446799,-0.014729,0.016861,0.029234,0.338744,-0.530215,-0.121565,0.461566,0.032624,0.050889,-0.040931,0.327017,-0.678635,0.657658,0.231858,0.732266,0.640333,-0.916133,-0.056917,0.39681,-0.007386,0.008336,0.014476,0.026151,-0.200291,0.172526,0.438474,0.061063,0.04336,-0.071619,0.45236,0.453142,-0.768135,0.178091,0.798052,0.57567,0.873872,-0.397208,0.280307,-0.00915,-0.000666,-0.013514,0.043444,0.031899,-0.058965,-1.023524
659,0.118938,-0.02127,0.271522,-0.459644,-0.499462,-0.734378,-0.178035,-0.758305,0.627095,-0.869526,0.419603,0.260548,-0.018974,-0.012884,-0.019565,-4.060255,3.512936,1.362814,-1.904278,-0.178102,-0.012153,0.241077,-0.426304,0.68334,0.592707,-0.220022,-0.713777,0.664866,0.877906,0.152169,0.45386,0.000898,0.017743,0.028822,0.075873,-0.13359,-0.000661,0.461717,0.032576,0.051046,-0.040628,0.335623,-0.682561,0.649205,0.237604,0.728237,0.642817,-0.911537,-0.061491,0.406593,0.000437,0.008955,0.014554,0.035,-0.098339,0.013588,0.438637,0.060869,0.043269,-0.071833,0.450341,0.451461,-0.770308,0.179395,0.7994,0.57339,0.874647,-0.396411,0.279013,-0.009504,-0.006578,-0.009963,0.006137,-0.060233,0.087181,-1.0263
660,0.118014,-0.021726,0.270773,-0.461475,-0.497505,-0.734557,-0.189016,-0.753852,0.629247,-0.866232,0.429841,0.254767,-0.018934,-0.012374,-0.019017,-0.005875,0.041185,-0.081216,-1.904983,-0.178158,-0.011619,0.242402,-0.439136,0.683816,0.582705,-0.227853,-0.712046,0.664083,0.869556,0.157994,0.467731,0.001713,0.006595,0.036686,0.074536,-0.267213,0.117364,0.461661,0.032547,0.051306,-0.039988,0.348674,-0.6844,0.640329,0.245249,0.726024,0.642449,-0.904587,-0.066965,0.420995,0.00084,0.003343,0.018429,0.081184,-0.287847,0.099084,0.438637,0.060407,0.04304,-0.072208,0.454996,0.446924,-0.770218,0.194972,0.79395,0.575872,0.868886,-0.41219,0.274106,-0.017208,-0.005385,-0.008909,0.016492,-0.034881,0.062026,-1.030056
661,0.116849,-0.022209,0.270179,-0.462739,-0.493594,-0.736398,-0.195528,-0.753407,0.627789,-0.864109,0.4351,0.253042,-0.019403,-0.022884,-0.010106,-0.034621,-0.048384,0.070632,-1.907372,-0.178052,-0.011109,0.243443,-0.4464,0.6813,0.580128,-0.231355,-0.714033,0.660731,0.864929,0.15988,0.475605,0.000673,0.013734,0.021856,0.040679,-0.076599,0.009778,0.462176,0.032601,0.051567,-0.039446,0.356434,-0.682604,0.63797,0.249046,0.727525,0.639283,-0.900516,-0.068979,0.429314,0.000324,0.006959,0.011074,0.001616,0.05804,-0.134289,0.438964,0.059825,0.042802,-0.07251,0.456459,0.442772,-0.771749,0.201275,0.793512,0.574304,0.866679,-0.41748,0.273087,-0.01711,-0.004724,-0.008049,-0.000927,0.065224,-0.111129,-1.023851
662,0.116245,-0.02252,0.269941,-0.461641,-0.492826,-0.737602,-0.196922,-0.75383,0.626844,-0.864382,0.435236,0.251874,-0.018642,-0.010645,-0.016762,-0.001496,0.047487,-0.076967,-1.910339,-0.17801,-0.010843,0.243766,-0.446433,0.681365,0.580027,-0.231522,-0.713984,0.660726,0.864867,0.159825,0.475735,0.000521,0.010715,0.016997,-0.009937,0.104581,-0.133736,0.461856,0.032623,0.051713,-0.039265,0.356304,-0.682855,0.637774,0.248978,0.727278,0.63959,-0.900587,-0.069097,0.429148,0.000236,0.005138,0.008148,-0.020647,0.113996,-0.125373,0.439127,0.059535,0.042649,-0.072624,0.455306,0.441895,-0.772931,0.202671,0.793903,0.573272,0.866959,-0.417665,0.27191,-0.017339,-0.010006,-0.003588,-0.036569,0.080684,-0.125024,-1.024831
663,0.115294,-0.023049,0.269596,-0.460675,-0.489012,-0.740736,-0.199286,-0.756277,0.623139,-0.864356,0.435288,0.251872,-0.017757,-0.006889,-0.011377,0.024444,0.068166,-0.027985,-1.904616,-0.177911,-0.010426,0.244144,-0.44378,0.681972,0.581347,-0.230372,-0.713638,0.661501,0.866535,0.158779,0.473042,0.000236,0.004932,0.00779,-0.009218,-0.005661,0.033087,0.461674,0.032671,0.051921,-0.039076,0.353219,-0.683375,0.638931,0.247568,0.726885,0.640584,-0.902189,-0.068088,0.425931,9.1e-05,0.002063,0.003257,0.000896,0.123424,-0.156856,0.439127,0.059046,0.042372,-0.072807,0.454432,0.437694,-0.775831,0.204886,0.796246,0.569221,0.866898,-0.41763,0.272162,-0.008892,-0.003523,-0.005788,0.010467,0.056768,-0.03919,-1.029239
664,0.114412,-0.023333,0.269316,-0.458559,-0.487501,-0.743042,-0.201617,-0.757265,0.621186,-0.864943,0.435264,0.249892,-0.033352,-0.014003,0.001364,-0.037082,0.063176,-0.098751,-1.90713,-0.177754,-0.010228,0.244169,-0.443132,0.681239,0.582699,-0.230039,-0.714544,0.660638,0.866954,0.157851,0.472584,1.2e-05,0.000259,0.000408,-2e-06,3e-06,2e-06,0.461458,0.03275,0.05202,-0.039064,0.352673,-0.682456,0.640214,0.247589,0.727847,0.639482,-0.902397,-0.067018,0.425661,-7e-06,-0.000108,-0.000175,0.001393,0.000247,4.4e-05,0.438964,0.058617,0.042235,-0.072948,0.452088,0.436163,-0.778059,0.207345,0.797007,0.567262,0.867538,-0.41778,0.269881,-0.008502,-0.00192,-0.003465,-0.001357,0.032786,-0.058807,-1.028913
665,0.114037,-0.023435,0.269267,-0.460369,-0.485724,-0.743086,-0.200978,-0.75831,0.620118,-0.864128,0.435428,0.252413,-0.017262,-0.013686,0.00311,0.001553,-0.029515,0.153202,-1.910074,-0.17763,-0.010146,0.244129,-0.442972,0.681116,0.582965,-0.230103,-0.714729,0.660416,0.867018,0.157549,0.472567,1e-06,2e-05,3.2e-05,-0.0,0.0,0.0,0.461413,0.032812,0.052058,-0.039089,0.3525,-0.682311,0.640464,0.247698,0.728013,0.639251,-0.902434,-0.066695,0.425632,0.007737,0.000127,-0.00064,0.002701,-0.014698,0.029573,0.438637,0.058417,0.042181,-0.072978,0.45418,0.434375,-0.777842,0.206465,0.798001,0.566186,0.866656,-0.417747,0.272752,-0.008339,-0.001253,-0.002491,0.026778,0.077483,-0.02291,-1.02924
666,0.113521,-0.023604,0.269327,-0.459836,-0.485498,-0.743565,-0.201685,-0.758368,0.619818,-0.864248,0.43558,0.251738,-0.015331,0.002733,0.002709,0.000932,-0.114417,0.158,-1.907819,-0.17747,-0.010024,0.243935,-0.444314,0.679128,0.58426,-0.224855,-0.715727,0.661142,0.86771,0.161529,0.469946,-0.00091,0.009462,-0.010824,0.034517,0.004838,-0.006009,0.461764,0.032892,0.052119,-0.039186,0.353867,-0.680401,0.64174,0.242513,0.729419,0.639636,-0.903307,-0.070715,0.423123,-0.000459,0.004615,-0.005595,0.03899,0.002558,-0.008162,0.438964,0.058157,0.042087,-0.072952,0.453574,0.434274,-0.778251,0.207291,0.797888,0.566043,0.866775,-0.418067,0.271881,-0.000304,-0.00564,0.003996,-0.03571,0.01606,-0.016836,-1.032342
667,0.113503,-0.023661,0.26959,-0.459644,-0.485314,-0.743803,-0.20226,-0.758312,0.619699,-0.864216,0.435883,0.251325,0.000297,-0.007808,0.013096,-0.034617,0.001081,0.00783,-1.90904,-0.177629,-0.010167,0.243688,-0.443353,0.677811,0.586516,-0.223765,-0.717212,0.659901,0.868483,0.160477,0.46888,-0.015698,-0.004831,-0.005972,-0.002045,0.015205,-0.029245,0.462103,0.032818,0.052047,-0.039311,0.352905,-0.678904,0.643853,0.241667,0.730916,0.638246,-0.90391,-0.069642,0.422012,-0.000121,-0.002647,-0.004189,-0.001521,0.018042,-0.022416,0.438964,0.058143,0.042065,-0.07282,0.45327,0.434036,-0.778562,0.20789,0.797878,0.565837,0.866791,-0.418332,0.271423,0.000476,0.001829,0.0027,0.000175,-0.000162,-9.3e-05,-1.037241
668,0.113526,-0.023733,0.270055,-0.462748,-0.484313,-0.74253,-0.201061,-0.758446,0.619924,-0.862836,0.436761,0.254523,0.000619,-0.006569,0.014904,0.259788,0.442236,0.272373,-1.910111,-0.177826,-0.010377,0.24357,-0.443075,0.677332,0.587279,-0.223137,-0.717693,0.659592,0.868786,0.160355,0.46836,-0.015525,-0.000978,0.000121,-0.002045,0.015205,-0.029245,0.461493,0.032719,0.051928,-0.039383,0.35261,-0.678362,0.644586,0.241077,0.731431,0.637879,-0.904183,-0.069527,0.421447,-6e-06,-0.00015,-0.000232,0.000142,0.000135,0.000102,0.438801,0.058155,0.042034,-0.072589,0.45483,0.435163,-0.777021,0.207284,0.7968,0.567575,0.866119,-0.419214,0.272206,0.000775,0.002994,0.004408,0.000308,-0.016744,0.02424,-1.037894
669,0.113533,-0.023788,0.270323,-0.462417,-0.48404,-0.742914,-0.20172,-0.75848,0.619669,-0.862859,0.437005,0.254024,0.000783,-0.005934,0.015826,-0.029553,0.0084,0.012791,-1.908828,-0.177944,-0.010313,0.243588,-0.444161,0.678648,0.584935,-0.224418,-0.716221,0.660755,0.867902,0.16136,0.469651,-0.015411,0.001351,0.003808,-0.000252,-0.002666,-0.006711,0.46181,0.03266,0.051962,-0.03938,0.353724,-0.679885,0.642366,0.2422,0.729919,0.639184,-0.903448,-0.070513,0.422858,3.7e-05,0.000739,0.001176,-6.7e-05,0.001578,-0.001851,0.438637,0.058159,0.042005,-0.072448,0.456179,0.432647,-0.777635,0.207253,0.798173,0.565653,0.865416,-0.419207,0.274443,0.000376,-0.002999,0.007866,-0.046914,-0.009347,0.00039,-1.037731
670,0.113638,-0.023851,0.270769,-0.462066,-0.483683,-0.743365,-0.202651,-0.758456,0.619395,-0.86283,0.437443,0.253369,0.000563,-0.006773,0.014576,-0.034614,0.001089,0.007836,-1.906027,-0.178228,-0.010135,0.243629,-0.444157,0.682444,0.580505,-0.226127,-0.712227,0.66448,0.86746,0.163009,0.469898,-0.015421,0.000999,0.003238,-0.041952,0.060053,0.009799,0.461563,0.032512,0.052057,-0.03935,0.353569,-0.683999,0.638069,0.24319,0.725889,0.643384,-0.903242,-0.072309,0.422994,-0.007707,0.000573,0.001737,-0.022027,0.052618,-0.006999,0.438801,0.058212,0.041974,-0.072223,0.455711,0.432442,-0.778023,0.208265,0.797997,0.56553,0.86542,-0.419753,0.273594,0.000525,0.002034,0.002979,-0.000269,-0.000563,-0.000388,-1.038547
671,0.113626,-0.023867,0.270909,-0.463539,-0.484754,-0.741749,-0.201559,-0.757491,0.62093,-0.862294,0.437931,0.254349,-0.000153,-0.000589,-0.000862,0.001751,-0.112341,0.164122,-1.902494,-0.178444,-0.010053,0.243802,-0.445383,0.68387,0.577881,-0.2274,-0.710563,0.665825,0.866499,0.164278,0.471227,-0.015348,0.002357,0.005374,-0.002053,0.015215,-0.029237,0.461697,0.032404,0.052097,-0.039264,0.354901,-0.685549,0.635662,0.244435,0.724314,0.644686,-0.902383,-0.073422,0.424632,-0.007671,0.00127,0.002837,-0.000979,0.015053,-0.03093,0.438801,0.058208,0.041973,-0.072135,0.457282,0.433679,-0.776411,0.207155,0.797078,0.567231,0.864858,-0.420222,0.27465,-0.000155,-0.000582,-0.000853,-1.9e-05,-0.00072,0.000964,-1.037894
672,0.113613,-0.023941,0.270874,-0.462926,-0.484381,-0.742374,-0.202009,-0.757834,0.620365,-0.862518,0.437749,0.253901,-0.000588,-0.002259,-0.003309,0.0,0.0,0.0,-1.897439,-0.178523,-0.009962,0.243915,-0.445431,0.683877,0.577835,-0.22746,-0.710556,0.665812,0.866459,0.164281,0.4713,-0.01529,0.003413,0.007034,-0.000259,-0.002675,-0.006717,0.461497,0.032371,0.052141,-0.039211,0.354953,-0.685556,0.635625,0.244498,0.724308,0.644669,-0.902346,-0.073418,0.424713,9e-05,0.001861,0.002942,8.8e-05,-8.1e-05,-0.000283,0.438801,0.058202,0.041936,-0.072152,0.456558,0.4332,-0.777104,0.207659,0.79744,0.566538,0.865119,-0.42003,0.27412,-0.000396,-0.001511,-0.002214,0.001581,-0.096196,0.140458,-1.037894
673,0.113571,-0.024133,0.270667,-0.459887,-0.482352,-0.745578,-0.204308,-0.759638,0.617398,-0.863605,0.436858,0.251733,-0.00112,-0.004297,-0.006308,-0.0,-0.0,0.0,-1.893915,-0.17859,-0.009723,0.244126,-0.445451,0.683854,0.577848,-0.227651,-0.710615,0.665684,0.866399,0.164123,0.471466,-0.000549,0.016526,0.000314,0.038228,-0.031156,0.038872,0.461575,0.032332,0.052256,-0.039101,0.354966,-0.685508,0.635671,0.24466,0.724369,0.644539,-0.902297,-0.073266,0.424843,0.000105,0.002143,0.003381,-4.8e-05,-5.9e-05,-2.8e-05,0.438964,0.05818,0.041838,-0.072259,0.453473,0.430953,-0.780154,0.20994,0.79905,0.563421,0.86619,-0.419282,0.271873,-0.000697,-0.00268,-0.003931,0.001807,-0.0947,0.138137,-1.037894
674,0.113389,-0.024356,0.27042,-0.459894,-0.482376,-0.745558,-0.204411,-0.759563,0.617456,-0.863577,0.436962,0.251649,-0.001225,-0.004688,-0.006901,-0.000254,0.01627,-0.023787,-1.89604,-0.178599,-0.009463,0.244344,-0.445301,0.683656,0.578198,-0.227705,-0.710887,0.665376,0.866461,0.163776,0.471471,0.000198,0.003982,0.006258,0.001785,-0.017892,0.022519,0.462031,0.032327,0.052392,-0.038994,0.35482,-0.685287,0.635989,0.24478,0.724614,0.644217,-0.902321,-0.072904,0.424852,0.000101,0.002085,0.003279,0.001744,-0.017923,0.022501,0.438964,0.058089,0.041725,-0.072384,0.45348,0.430981,-0.780134,0.210038,0.79898,0.563484,0.866163,-0.419387,0.271799,-0.0088,-0.007437,0.000685,-0.0343,-0.063937,0.0948,-1.037404
675,0.113093,-0.024601,0.27026,-0.456476,-0.479918,-0.749236,-0.207538,-0.761432,0.614103,-0.864648,0.436412,0.248912,-0.001249,-0.004755,-0.007017,-0.00026,0.016235,-0.023745,-1.893686,-0.178552,-0.009271,0.244466,-0.445069,0.683391,0.57869,-0.227672,-0.711236,0.665014,0.866589,0.163368,0.471378,0.000158,0.003199,0.005019,0.001786,-0.017898,0.022515,0.461986,0.03235,0.052488,-0.038932,0.354582,-0.68498,0.636453,0.244796,0.724945,0.643839,-0.902411,-0.072493,0.424733,7.3e-05,0.001516,0.002379,0.001754,-0.017931,0.02251,0.439127,0.057947,0.041602,-0.072465,0.44996,0.428234,-0.783678,0.21318,0.800657,0.559912,0.867231,-0.419003,0.268972,-0.000862,-0.007763,0.00086,-0.034536,0.036945,-0.045066,-1.037404
676,0.112919,-0.024708,0.2702,-0.456661,-0.480048,-0.749039,-0.207563,-0.761236,0.614337,-0.864544,0.436611,0.248924,-0.016578,-0.001917,-0.004179,-0.000984,0.014715,-0.029553,-1.892328,-0.178538,-0.0092,0.244577,-0.445083,0.683416,0.578649,-0.227694,-0.711207,0.665037,0.866576,0.163384,0.471396,0.000206,0.004182,0.006555,0.001786,-0.017898,0.022515,0.461771,0.032358,0.052522,-0.038878,0.354598,-0.685009,0.636414,0.244813,0.724917,0.643864,-0.9024,-0.072511,0.424753,9.4e-05,0.001978,0.003098,-1.5e-05,-2.1e-05,-2.6e-05,0.439127,0.057853,0.041544,-0.072502,0.450225,0.428434,-0.783416,0.213156,0.800434,0.560241,0.867099,-0.419224,0.269052,-0.008293,-0.000977,-0.002111,-0.000876,0.015123,-0.03029,-1.037567
677,0.112727,-0.024803,0.269935,-0.45646,-0.480009,-0.749187,-0.207506,-0.76138,0.614179,-0.864664,0.436403,0.248873,-0.016853,-0.002913,-0.005671,-0.001235,0.030977,-0.053346,-1.889556,-0.17845,-0.00906,0.244999,-0.447144,0.682122,0.578587,-0.228285,-0.712356,0.663603,0.865361,0.163788,0.473484,0.001122,-0.004936,0.017848,0.089803,-0.144861,-0.115261,0.461554,0.032401,0.052593,-0.038675,0.356293,-0.684173,0.636365,0.245546,0.725682,0.642722,-0.901532,-0.07274,0.426552,0.00018,0.00379,0.005919,0.203654,-0.220305,-0.155081,0.438801,0.057763,0.0415,-0.072629,0.449998,0.428367,-0.783582,0.21311,0.800582,0.560046,0.867228,-0.419009,0.268971,-0.000596,-0.002265,-0.00335,0.001519,-0.095979,0.140387,-1.036424
678,0.11269,-0.024935,0.269593,-0.455739,-0.479624,-0.749873,-0.207712,-0.761889,0.613477,-0.864995,0.435936,0.248538,-0.001536,-0.005808,-0.008624,-0.00025,0.016267,-0.023789,-1.886401,-0.1783,-0.00885,0.245581,-0.447285,0.682386,0.578166,-0.228189,-0.712003,0.664014,0.865314,0.164216,0.473422,0.015868,0.009667,0.013396,0.005647,-0.051,0.074272,0.461638,0.032471,0.052693,-0.038382,0.356919,-0.684131,0.63606,0.245406,0.725662,0.642798,-0.901323,-0.073334,0.426893,0.000201,0.004348,0.006756,-0.000324,-0.016384,0.023934,0.438801,0.05774,0.041436,-0.072798,0.449285,0.427951,-0.784219,0.213299,0.801033,0.559328,0.867551,-0.418571,0.268611,-0.00076,-0.002894,-0.004297,-0.000225,0.01625,-0.023771,-1.036424
679,0.112615,-0.025066,0.269468,-0.453657,-0.47816,-0.752067,-0.209432,-0.763072,0.611419,-0.865677,0.435472,0.246972,-0.017548,-0.014405,0.001957,-0.034115,-0.080128,0.118705,-1.88257,-0.178247,-0.008655,0.245822,-0.447379,0.682535,0.577918,-0.228385,-0.711849,0.664112,0.865213,0.164265,0.473588,-0.000381,0.020364,0.006157,0.038235,-0.031134,0.038883,0.461746,0.032503,0.05279,-0.038254,0.357007,-0.684328,0.635799,0.245561,0.725469,0.642957,-0.901246,-0.073412,0.427042,0.000198,0.004315,0.006689,0.003409,-0.035469,0.045312,0.438801,0.057707,0.041371,-0.072868,0.447254,0.426391,-0.786227,0.21494,0.802047,0.557243,0.868195,-0.418221,0.267071,-0.000748,-0.002847,-0.00423,-1.1e-05,0.017532,-0.025831,-1.036424
680,0.112412,-0.025325,0.269312,-0.450788,-0.475982,-0.755167,-0.212251,-0.764585,0.608549,-0.866491,0.4352,0.244584,-0.001654,-0.015165,0.002188,-0.035107,0.033664,-0.039725,-1.874621,-0.178297,-0.008316,0.246219,-0.451181,0.679545,0.578485,-0.224035,-0.713593,0.663722,0.86438,0.169005,0.473442,-0.01508,0.006292,0.01134,-0.000257,-0.002683,-0.006724,0.461682,0.032484,0.052966,-0.038055,0.361012,-0.681636,0.636428,0.241426,0.727499,0.642229,-0.900768,-0.078202,0.4272,0.000155,0.003424,0.005288,0.00173,-0.017588,0.022787,0.439127,0.057599,0.041235,-0.072947,0.444285,0.423964,-0.789217,0.217797,0.803393,0.554186,0.869007,-0.418106,0.264597,-0.000803,-0.007496,0.001227,-0.034841,0.03515,-0.042192,-1.034465
681,0.112197,-0.025421,0.269189,-0.451049,-0.476186,-0.754883,-0.212133,-0.764374,0.608854,-0.866384,0.435348,0.2447,-0.000607,-0.002278,-0.0034,0.0,0.0,0.0,-1.870599,-0.178262,-0.008076,0.246606,-0.451322,0.679736,0.57815,-0.224182,-0.713371,0.663912,0.864268,0.169174,0.473585,0.000301,0.00639,0.009834,0.001788,-0.017888,0.022522,0.461821,0.032496,0.053086,-0.037861,0.361144,-0.681844,0.636131,0.241539,0.727288,0.642425,-0.900685,-0.078358,0.427347,0.007839,0.003439,0.004483,0.003955,-0.032968,0.051837,0.438637,0.057492,0.041187,-0.073008,0.444564,0.424199,-0.788934,0.21767,0.803195,0.554523,0.868897,-0.418249,0.264736,-0.008139,-0.000296,-0.001137,-0.001204,0.030985,-0.053402,-1.032995
682,0.111951,-0.025543,0.269026,-0.445565,-0.472302,-0.760558,-0.216537,-0.767472,0.603382,-0.868136,0.434119,0.24064,-0.000939,-0.00351,-0.005249,-0.030598,-0.123451,0.213751,-1.860124,-0.178265,-0.007828,0.246931,-0.451047,0.679384,0.578779,-0.223935,-0.713788,0.663545,0.864475,0.168829,0.47333,0.000217,0.004631,0.007104,-0.01234,0.123463,-0.155423,0.461771,0.032494,0.053213,-0.037694,0.360921,-0.681531,0.636593,0.24141,0.727612,0.642106,-0.900808,-0.07807,0.427139,0.00012,0.002671,0.004097,0.001858,-0.01781,0.022575,0.439127,0.057369,0.041129,-0.073085,0.439131,0.42003,-0.794189,0.221941,0.805868,0.548924,0.870577,-0.417313,0.26066,-0.000557,-0.002094,-0.003127,-0.109457,-0.439526,0.760783,-1.030219
683,0.111789,-0.025636,0.268966,-0.444181,-0.471268,-0.762008,-0.217853,-0.768182,0.602005,-0.868518,0.433987,0.239499,-0.000868,-0.003239,-0.004848,-0.000247,0.01625,-0.023801,-1.851942,-0.178251,-0.007733,0.247038,-0.450973,0.679298,0.578937,-0.223903,-0.713897,0.66344,0.864523,0.168715,0.473285,0.000169,0.00362,0.005548,0.001788,-0.017891,0.02252,0.461418,0.032501,0.053261,-0.037639,0.36078,-0.681344,0.636873,0.241336,0.727807,0.641913,-0.900885,-0.077889,0.427011,6.5e-05,0.001461,0.002239,5.8e-05,6.7e-05,4e-05,0.438801,0.057294,0.041082,-0.073115,0.437568,0.418771,-0.795716,0.223369,0.806568,0.547314,0.870999,-0.417226,0.259388,-0.000753,-0.007283,0.001535,-0.034537,0.036853,-0.044881,-1.029566
684,0.111503,-0.025832,0.268986,-0.444967,-0.471726,-0.761265,-0.217846,-0.767511,0.602861,-0.868116,0.434675,0.239706,-0.000367,-0.001362,-0.002041,-0.0,-0.0,0.0,-1.850454,-0.178194,-0.007666,0.247059,-0.450636,0.678914,0.57965,-0.223644,-0.714362,0.663026,0.864765,0.168297,0.472991,-1.9e-05,-0.000405,-0.000621,0.0,-0.0,-0.0,0.461673,0.03253,0.053298,-0.037623,0.36044,-0.680911,0.637528,0.241149,0.728256,0.641474,-0.901071,-0.077473,0.426694,-2.1e-05,-0.000422,-0.000647,-0.012308,0.123542,-0.155382,0.438637,0.057144,0.040981,-0.07311,0.438425,0.419327,-0.794951,0.223327,0.805923,0.548281,0.870579,-0.417915,0.259689,-0.008365,-0.00555,0.003415,-0.035803,0.032197,-0.045572,-1.02581
685,0.111154,-0.026086,0.269192,-0.444668,-0.468328,-0.763534,-0.219439,-0.769513,0.599724,-0.867869,0.434806,0.240363,-0.015493,0.002455,0.002243,0.040756,0.075389,0.011267,-1.847164,-0.178139,-0.007698,0.246984,-0.45038,0.678631,0.58018,-0.223408,-0.714697,0.662745,0.864959,0.168019,0.472736,-5.7e-05,-0.001223,-0.001874,0.0,-0.0,-0.0,0.46168,0.032557,0.05328,-0.037665,0.360176,-0.680582,0.638027,0.240959,0.728593,0.641163,-0.901227,-0.077193,0.426414,-3.4e-05,-0.000757,-0.00116,-0.001771,0.017929,-0.022502,0.438801,0.056976,0.040852,-0.07301,0.438171,0.41564,-0.797025,0.224803,0.80783,0.544861,0.870327,-0.417916,0.260531,-0.000243,-0.005352,0.004426,0.004325,0.079172,0.023693,-1.027606
686,0.110937,-0.02623,0.269367,-0.443042,-0.467096,-0.765233,-0.221288,-0.770192,0.598171,-0.868233,0.434929,0.238822,-0.016034,-0.008442,0.010788,-0.035214,0.033055,-0.044871,-1.83916,-0.178129,-0.007708,0.246949,-0.45036,0.678612,0.580217,-0.223413,-0.714723,0.662715,0.864968,0.16798,0.472732,-5.1e-05,-0.001104,-0.001693,0.0,-0.0,-0.0,0.4612,0.032562,0.053273,-0.037684,0.360154,-0.680561,0.638063,0.240968,0.728617,0.641132,-0.901233,-0.077154,0.426408,-3.4e-05,-0.00072,-0.001105,1.5e-05,1.9e-05,2.6e-05,0.438637,0.056867,0.040785,-0.072925,0.436486,0.414328,-0.79863,0.226695,0.808367,0.543278,0.870682,-0.418179,0.258915,-0.007965,-0.004016,0.005707,-0.042959,0.025311,-0.052973,-1.027117
687,0.110469,-0.026537,0.26978,-0.444954,-0.465202,-0.765276,-0.221611,-0.770761,0.597318,-0.86717,0.435948,0.240817,-0.015905,-0.007927,0.011544,-0.033578,0.035431,-0.043287,-1.819569,-0.178071,-0.007771,0.246903,-0.450142,0.678378,0.58066,-0.22313,-0.714984,0.662529,0.865154,0.167819,0.472449,-5e-05,-0.00108,-0.001656,0.0,-0.0,-0.0,0.449899,0.032591,0.053241,-0.037709,0.35993,-0.680289,0.638479,0.240719,0.728888,0.640917,-0.901389,-0.076991,0.426107,-2.8e-05,-0.000608,-0.000934,-0.001774,0.0179,-0.022508,0.434392,0.056628,0.040629,-0.072713,0.438479,0.412409,-0.798532,0.226989,0.808878,0.542393,0.869603,-0.419087,0.261064,-0.007943,-0.003907,0.005864,-0.046437,0.020936,-0.053294,-1.026627
688,0.11003,-0.026809,0.27008,-0.447948,-0.461035,-0.766051,-0.221325,-0.772977,0.594554,-0.865698,0.436446,0.245174,-0.016341,-0.009478,0.009208,-0.025819,0.046721,-0.035751,-1.812935,-0.178,-0.007791,0.246921,-0.451279,0.679863,0.578035,-0.224396,-0.713277,0.66394,0.864235,0.16906,0.473686,-0.000749,0.012741,-0.005675,0.036448,-0.013239,0.016362,0.420448,0.032626,0.053223,-0.037702,0.361094,-0.68199,0.636003,0.241738,0.727162,0.642492,-0.900651,-0.078254,0.427436,2.2e-05,0.000472,0.000723,-0.000109,0.000997,-0.001291,0.405979,0.056415,0.0405,-0.072562,0.441548,0.40803,-0.79909,0.226606,0.811026,0.539338,0.86815,-0.419222,0.265645,-0.000369,-0.005776,0.003793,-0.04785,-0.106654,0.139871,-1.027117
689,0.109622,-0.027129,0.270386,-0.448441,-0.455109,-0.7693,-0.222932,-0.776546,0.589279,-0.86503,0.436321,0.247739,-0.016302,-0.009282,0.009488,-0.020491,-0.059268,0.132591,-1.789629,-0.177698,-0.007659,0.246807,-0.449452,0.681706,0.577287,-0.224352,-0.71156,0.665794,0.865196,0.168871,0.471997,0.015299,-0.001174,-0.003433,-0.0391,0.140829,-0.097949,0.375206,0.032777,0.053299,-0.037753,0.359022,-0.683829,0.6352,0.241277,0.725442,0.644607,-0.901603,-0.078169,0.425442,0.007647,-0.000701,-0.001896,-0.014673,0.126543,-0.111697,0.358298,0.056211,0.040339,-0.072411,0.442112,0.401958,-0.801852,0.228119,0.814183,0.533916,0.867466,-0.418968,0.268266,-0.000331,-0.005634,0.004003,-0.044875,0.011403,-0.02097,-1.025321
690,0.109475,-0.02726,0.270531,-0.449673,-0.45284,-0.769919,-0.222926,-0.77781,0.587612,-0.864391,0.436427,0.249774,-0.000468,-0.010577,0.009029,0.176979,0.327062,0.190243,-1.76987,-0.177505,-0.007705,0.246696,-0.445498,0.684737,0.576764,-0.223047,-0.708694,0.669281,0.867571,0.168658,0.467693,0.015218,-0.00307,-0.006354,-0.215092,0.245987,0.217632,0.334891,0.032868,0.053285,-0.037804,0.356188,-0.685751,0.634723,0.240122,0.723637,0.647062,-0.903033,-0.078065,0.422415,0.007602,-0.001693,-0.003422,-0.444516,0.435148,0.388656,0.323028,0.056137,0.040271,-0.072341,0.441779,0.401558,-0.802235,0.228807,0.814224,0.53356,0.867454,-0.419273,0.267827,-0.000192,-0.005125,0.004767,0.253128,0.423443,0.288812,-1.023035
