frame,MLTx,MLTy,MLTz,MLTR1,MLTR2,MLTR3,MLTR4,MLTR5,MLTR6,MLTR7,MLTR8,MLTR9,MLTTVx,MLTTVy,MLTTVz,MLTRVx,MLTRVy,MLTRVz,MLGA,MRTx,MRTy,MRTz,MRTR1,MRTR2,MRTR3,MRTR4,MRTR5,MRTR6,MRTR7,MRTR8,MRTR9,MRTTVx,MRTTVy,MRTTVz,MRTRVx,MRTRVy,MRTRVz,MRGA,SLTx,SLTy,SLTz,SLTR1,SLTR2,SLTR3,SLTR4,SLTR5,SLTR6,SLTR7,SLTR8,SLTR9,SLTTVx,SLTTVy,SLTTVz,SLTRVx,SLTRVy,SLTRVz,SLGA,SRTx,SRTy,SRTz,SRTR1,SRTR2,SRTR3,SRTR4,SRTR5,SRTR6,SRTR7,SRTR8,SRTR9,SRTTVx,SRTTVy,SRTTVz,SRTRVx,SRTRVy,SRTRVz,SRGA
449,0.100638,0.016904,0.360123,-0.182827,-0.982428,-0.038144,0.116921,-0.060301,0.991295,-0.975951,0.177998,0.125946,-0.001153,-0.004239,-0.003097,-0.00053,0.014176,-0.025087,0.466525,-0.149376,0.04063,0.325484,0.218413,-0.890982,0.398043,-0.077862,0.390559,0.917243,-0.97295,-0.230202,0.015409,-0.025756,0.000376,0.002694,-0.278481,0.362105,0.202616,-1.408241,0.044905,0.042412,-0.013863,-0.051473,0.920351,0.387689,0.039961,-0.385994,0.921634,0.997874,0.062932,-0.01691,-0.007146,0.006833,-0.002269,-0.287089,0.394331,0.294409,-0.735258,0.064965,0.031864,-0.060216,-0.207608,-0.968407,-0.138149,0.176525,-0.175997,0.968433,-0.962152,0.176668,0.207487,-0.000425,-0.001588,-0.001157,2e-06,-0.000488,0.00012,0.428782
450,0.100746,0.016812,0.360056,-0.181842,-0.982512,-0.040593,0.116551,-0.062577,0.991198,-0.976181,0.176733,0.125951,0.012953,-0.002611,-0.001794,0.000984,-0.014715,0.029553,0.4629,-0.150091,0.040841,0.325492,0.21874,-0.891485,0.396734,-0.075695,0.389732,0.917776,-0.973048,-0.229656,0.01725,-0.025754,0.00064,0.002884,-0.002087,0.013781,-0.035041,-1.408749,0.044547,0.042515,-0.013862,-0.050107,0.921488,0.385158,0.039293,-0.383526,0.922693,0.99797,0.061367,-0.016992,-0.007079,0.00613,-0.002814,0.037282,0.003285,-0.013787,-0.735422,0.065018,0.031812,-0.060253,-0.206772,-0.968228,-0.140632,0.176104,-0.178222,0.968103,-0.962409,0.175411,0.20736,0.006526,-0.001133,-0.000771,0.001061,-0.015001,0.029487,0.43613
451,0.101025,0.016872,0.359991,-0.192591,-0.980373,-0.042688,0.115695,-0.065936,0.99108,-0.974206,0.187155,0.126184,4.4e-05,0.000161,0.000118,0.003088,-0.084567,0.174801,0.477884,-0.150849,0.040973,0.325432,0.217988,-0.891115,0.397978,-0.075589,0.391024,0.917235,-0.973224,-0.2289,0.017359,-0.012764,-0.00109,0.000346,-0.002045,0.015205,-0.029245,-1.408887,0.044164,0.042584,-0.013889,-0.049412,0.921001,0.386413,0.038931,-0.384816,0.922171,0.998019,0.06061,-0.016841,-0.013376,0.004607,-0.003399,0.032381,0.019775,-0.040423,-0.735422,0.065159,0.031847,-0.060282,-0.217631,-0.965703,-0.141609,0.175208,-0.181383,0.967678,-0.960176,0.185786,0.208674,0.006553,-0.001043,-0.000704,-0.00176,0.028992,0.037656,0.443968
452,0.101414,0.016839,0.35987,-0.191638,-0.980455,-0.045031,0.115528,-0.068148,0.99095,-0.974415,0.185922,0.126394,0.012966,-0.002553,-0.001756,0.004647,-0.112629,0.202638,0.483202,-0.151664,0.041103,0.325325,0.223174,-0.890168,0.397223,-0.075782,0.390303,0.917526,-0.97204,-0.233743,0.019127,-0.026744,0.009393,-0.006694,0.032483,0.02003,-0.040434,-1.408549,0.043761,0.042643,-0.013941,-0.054737,0.920947,0.385824,0.039286,-0.384118,0.922447,0.997727,0.065649,-0.015155,-0.012754,-0.001189,0.000278,-0.004438,0.030469,-0.059333,-0.736565,0.065348,0.031832,-0.060342,-0.216831,-0.965529,-0.144004,0.174972,-0.183563,0.96731,-0.9604,0.184546,0.208742,0.006486,-0.001276,-0.000881,0.001045,-0.015051,0.029539,0.458011
453,0.101644,0.016854,0.359809,-0.19126,-0.980487,-0.045946,0.115538,-0.069025,0.990888,-0.974489,0.185429,0.12655,0.013342,-0.001149,-0.000732,0.000984,-0.014715,0.029553,0.485887,-0.15208,0.041207,0.325248,0.228821,-0.889401,0.395724,-0.07591,0.388848,0.918133,-0.970723,-0.239001,0.020944,-0.026733,0.009421,-0.006677,0.032482,0.019989,-0.040456,-1.408893,0.043553,0.042694,-0.013981,-0.060504,0.921143,0.384491,0.039665,-0.382674,0.92303,0.997378,0.071098,-0.013384,-0.006987,0.005257,-0.003487,0.032146,0.005832,-0.014796,-0.739341,0.065463,0.031836,-0.060374,-0.216457,-0.965451,-0.14508,0.174933,-0.184552,0.967128,-0.960491,0.183963,0.208837,0.006707,-0.000447,-0.000277,0.001588,-0.029175,0.054593,0.463073
454,0.102247,0.017006,0.359578,-0.195886,-0.979444,-0.048614,0.115406,-0.072306,0.990669,-0.97358,0.189667,0.127266,0.026137,-0.004286,-0.002925,0.001969,-0.029429,0.059106,0.501704,-0.152931,0.041626,0.325109,0.231445,-0.888728,0.395711,-0.078717,0.388193,0.918174,-0.96988,-0.24253,0.019369,-0.025801,0.002409,0.004199,-0.157801,0.303011,-0.059058,-1.408886,0.043128,0.0429,-0.014059,-0.063961,0.920747,0.384881,0.042203,-0.38283,0.922853,0.997059,0.07527,-0.014372,-0.013489,0.006819,-0.001699,-0.207893,0.262377,0.178758,-0.739667,0.06576,0.031917,-0.060486,-0.221225,-0.964037,-0.147278,0.174722,-0.187757,0.96655,-0.959443,0.188092,0.209975,0.006999,0.004441,-0.004951,0.035431,-0.032794,0.046301,0.476463
455,0.102953,0.017196,0.359227,-0.198832,-0.978779,-0.050027,0.113722,-0.073795,0.990754,-0.973177,0.192523,0.126052,0.013624,0.007575,-0.010845,0.035418,-0.032486,0.045505,0.509845,-0.154016,0.042124,0.325014,0.243951,-0.885004,0.396543,-0.086315,0.387338,0.917852,-0.966176,-0.257017,0.017583,-0.026933,0.013898,-0.003252,-2.165487,-5.044773,-0.131438,-1.40855,0.042586,0.043149,-0.0141,-0.070599,0.919987,0.385537,0.048046,-0.382917,0.922532,0.996347,0.083653,-0.017168,-0.013496,0.007374,-0.001276,0.036816,0.117853,-0.189269,-0.739667,0.066118,0.032009,-0.060658,-0.224185,-0.963178,-0.148415,0.172937,-0.189192,0.966591,-0.959079,0.191029,0.208983,0.006775,0.003622,-0.005551,0.041982,-0.031801,0.047622,0.492139
456,0.103363,0.017344,0.359028,-0.196361,-0.979248,-0.050608,0.112227,-0.07377,0.990927,-0.973855,0.190119,0.124455,0.02708,0.00698,-0.011184,0.029256,-0.053061,0.071879,0.515606,-0.154614,0.042454,0.324942,0.246964,-0.884436,0.395946,-0.089233,0.385989,0.918142,-0.965148,-0.260957,0.015886,-0.028142,0.026661,-0.009703,0.047941,0.128261,-0.178243,-1.408535,0.042287,0.043308,-0.014135,-0.079158,0.919461,0.38513,0.053521,-0.381866,0.922666,0.995423,0.093649,-0.018982,-0.019878,0.007498,-0.000605,0.046051,0.002507,-0.059512,-0.739667,0.066307,0.032074,-0.060752,-0.221759,-0.96364,-0.149061,0.171257,-0.188981,0.966931,-0.959944,0.188898,0.206938,0.007091,0.004831,-0.004671,0.051603,-0.0378,0.048108,0.497527
457,0.10443,0.017687,0.35858,-0.212304,-0.975842,-0.052008,0.105583,-0.075867,0.991498,-0.97123,0.206222,0.119212,0.026934,0.006577,-0.011486,-0.293224,-0.267161,0.11887,0.522881,-0.156041,0.043273,0.324744,0.263587,-0.878134,0.399243,-0.100473,0.386514,0.916758,-0.95965,-0.280645,0.013129,-0.039634,0.015066,-0.001248,-2.31753,-4.871658,-0.4831,-1.40871,0.041593,0.043713,-0.014233,-0.091421,0.917012,0.38824,0.061491,-0.383931,0.921311,0.993911,0.108101,-0.021289,-0.019789,0.006967,-0.000995,-1.381807,0.684396,-2.352155,-0.737218,0.066851,0.032255,-0.060981,-0.238827,-0.959513,-0.149316,0.165832,-0.191807,0.96732,-0.956796,0.206261,0.204926,0.013474,0.003259,-0.00577,-0.535685,0.106168,-0.086123,0.51157
458,0.105683,0.018051,0.357877,-0.206991,-0.97689,-0.053725,0.103256,-0.076472,0.991697,-0.972632,0.200941,0.116773,0.039477,0.002668,-0.014271,0.022604,-0.074135,0.097902,0.522405,-0.157649,0.044165,0.324593,0.269301,-0.876722,0.39853,-0.105955,0.384211,0.917109,-0.957478,-0.288092,0.010054,-0.039708,0.019059,0.001756,-0.292772,0.407884,0.301392,-1.408478,0.040774,0.044163,-0.014317,-0.10417,0.914843,0.390141,0.068867,-0.384699,0.920469,0.992172,0.122753,-0.022929,-0.020389,0.014764,-0.003176,0.079074,0.012838,-0.033504,-0.737381,0.067473,0.032439,-0.061331,-0.232319,-0.960812,-0.151216,0.162216,-0.191567,0.967981,-0.959016,0.200351,0.200364,0.013596,0.007633,-0.010817,0.096575,-0.073101,0.095609,0.517286
459,0.10689,0.01869,0.357103,-0.218843,-0.974206,-0.055471,0.100107,-0.079016,0.99182,-0.970351,0.212712,0.114893,0.027677,0.017529,-0.019942,-0.027759,-0.146046,0.045694,0.523253,-0.159341,0.045254,0.324464,0.275411,-0.875346,0.397377,-0.110948,0.381536,0.917635,-0.955179,-0.295704,0.007442,-0.052232,0.019278,0.002967,-0.071236,0.143375,0.050132,-1.408246,0.039933,0.04471,-0.01438,-0.108986,0.91524,0.387887,0.075501,-0.381463,0.921295,0.991171,0.129694,-0.027527,-0.020317,0.015367,-0.002739,-0.068797,0.164624,0.104091,-0.735422,0.06808,0.03275,-0.061718,-0.244565,-0.95765,-0.151963,0.159294,-0.194274,0.967926,-0.956458,0.212514,0.20006,0.020369,0.007707,-0.010721,-0.052442,-0.176106,0.06768,0.518918
460,0.107572,0.018984,0.356691,-0.221815,-0.973475,-0.056489,0.098741,-0.08011,0.99187,-0.969812,0.215645,0.11397,0.04034,0.014142,-0.022347,0.027181,-0.116926,0.099877,0.523536,-0.160328,0.045794,0.324365,0.285513,-0.872309,0.396929,-0.112738,0.3806,0.917807,-0.95201,-0.305687,0.009804,-0.053096,0.028726,-0.006002,0.031739,-0.014065,-0.15769,-1.408263,0.039419,0.044992,-0.014425,-0.119043,0.914073,0.387684,0.077385,-0.380731,0.921441,0.989868,0.139692,-0.025412,-0.026547,0.014304,-0.003006,0.046104,-0.022813,-0.16981,-0.735259,0.068417,0.032901,-0.061921,-0.247323,-0.95684,-0.152601,0.157641,-0.195131,0.968025,-0.956023,0.215359,0.199097,0.020138,0.006869,-0.011337,0.054736,-0.119948,0.107706,0.520061
461,0.108936,0.019672,0.355843,-0.21463,-0.975159,-0.055176,0.089325,-0.075905,0.993092,-0.972347,0.209433,0.103474,0.027949,0.019076,-0.018799,-0.226875,-0.314977,-0.049225,0.522891,-0.162574,0.047002,0.324033,0.301583,-0.865603,0.399713,-0.121439,0.38082,0.916604,-0.945983,-0.323874,0.009208,-0.053826,0.03946,-0.013993,0.089263,0.027165,-0.027152,-1.408026,0.038336,0.045571,-0.014583,-0.136036,0.910293,0.390971,0.086165,-0.382273,0.920022,0.986949,0.158844,-0.026432,-0.026412,0.014241,-0.003077,0.058436,0.152867,-0.218124,-0.734605,0.069103,0.033237,-0.062351,-0.240891,-0.958558,-0.152107,0.148722,-0.191328,0.970192,-0.959089,0.211089,0.188648,0.020956,0.014209,-0.014185,-0.289286,-0.402197,-0.041653,0.520878
462,0.110144,0.020627,0.355053,-0.220194,-0.974284,-0.048279,0.081498,-0.067747,0.994354,-0.971783,0.216229,0.094388,0.029231,0.032429,-0.025441,-0.480043,-0.077034,-0.088513,0.52295,-0.164791,0.048352,0.32366,0.310688,-0.861204,0.402234,-0.130385,0.380438,0.915533,-0.941847,-0.335796,0.005383,-0.052571,0.029631,-0.005436,-0.078663,0.205531,0.090813,-1.408293,0.037188,0.046268,-0.01478,-0.146102,0.907315,0.394248,0.094724,-0.383863,0.918518,0.984723,0.171543,-0.029862,-0.026285,0.014852,-0.002645,-0.105141,0.223254,0.117674,-0.736891,0.069706,0.03371,-0.062743,-0.246571,-0.958172,-0.145287,0.142517,-0.184136,0.972513,-0.958588,0.219087,0.181959,0.020617,0.009271,-0.009598,-0.114739,1.558607,0.034316,0.520878
463,0.110775,0.021077,0.354633,-0.215932,-0.97528,-0.047421,0.079211,-0.065955,0.994659,-0.972933,0.212236,0.091562,0.028673,0.030344,-0.026948,-0.108781,-0.159573,-0.165099,0.523225,-0.165926,0.049137,0.323443,0.318012,-0.858329,0.402654,-0.134742,0.379349,0.915354,-0.938792,-0.344257,0.004458,-0.06596,0.041157,-0.011716,0.053835,0.078158,-0.023945,-1.407871,0.036621,0.046661,-0.014888,-0.15331,0.90599,0.394558,0.099475,-0.383101,0.918334,0.983158,0.180039,-0.03139,-0.032979,0.020602,-0.005794,0.088235,0.0636,-0.050817,-0.739341,0.070034,0.033953,-0.062958,-0.240987,-0.959743,-0.144283,0.138591,-0.181172,0.973637,-0.960581,0.214638,0.176671,0.014344,0.015126,-0.013521,-0.079706,-0.158528,-0.155958,0.520061
464,0.111835,0.021947,0.353869,-0.218992,-0.974803,-0.042999,0.075314,-0.060876,0.995286,-0.972556,0.215935,0.086809,0.014986,0.021962,-0.016694,-0.069398,-0.16785,-0.005827,0.522092,-0.168436,0.050833,0.3228,0.33721,-0.848262,0.408328,-0.146931,0.38087,0.912843,-0.930245,-0.366737,0.003264,-0.065438,0.036089,-0.015552,0.08007,0.166944,-0.247017,-1.407216,0.03539,0.047504,-0.015197,-0.173853,0.899442,0.400972,0.111037,-0.386671,0.915508,0.978491,0.203686,-0.032648,-0.033194,0.024165,-0.011092,0.140518,0.144443,-0.244724,-0.736728,0.070558,0.034378,-0.063336,-0.24365,-0.95977,-0.139548,0.134936,-0.176031,0.975091,-0.960429,0.218751,0.172398,0.014041,0.010182,-0.008922,-0.072239,-0.100841,-0.143396,0.518592
465,0.112775,0.022568,0.353205,-0.219868,-0.974708,-0.040619,0.074881,-0.058429,0.995465,-0.97239,0.217043,0.085892,0.02705,0.016379,-0.020718,0.0629,-0.056206,0.062503,0.52191,-0.170937,0.052569,0.322056,0.363257,-0.834288,0.414727,-0.160132,0.382477,0.909947,-0.918209,-0.395893,0.004799,-0.065976,0.049544,-0.021367,0.135723,0.02621,-0.078724,-1.407137,0.03414,0.048361,-0.015572,-0.201689,0.890091,0.408727,0.123581,-0.390842,0.912123,0.971621,0.234476,-0.03117,-0.032996,0.02515,-0.010346,0.141128,0.007781,-0.053445,-0.738524,0.071025,0.034695,-0.063662,-0.243979,-0.960035,-0.137131,0.134656,-0.173571,0.975571,-0.960385,0.219553,0.171622,0.006816,0.004267,-0.005067,0.061718,-0.033203,0.060223,0.517939
466,0.113099,0.022738,0.352986,-0.221519,-0.974475,-0.03705,0.073111,-0.054535,0.995818,-0.972148,0.219097,0.083379,0.013519,0.008196,-0.010352,-0.042208,-0.098433,0.007496,0.521553,-0.172143,0.053508,0.321674,0.367612,-0.829156,0.421133,-0.170713,0.384853,0.907016,-0.914566,-0.404267,-0.000621,-0.065758,0.049752,-0.0212,-1.39406,0.766152,-2.256889,-1.407252,0.033512,0.048849,-0.01577,-0.206927,0.886146,0.414638,0.133011,-0.394395,0.909263,0.969271,0.243303,-0.036257,-0.032877,0.024836,-0.010549,-1.368991,0.756687,-2.267838,-0.739177,0.071191,0.03478,-0.063778,-0.245644,-0.960128,-0.133461,0.13294,-0.169746,0.97648,-0.9602,0.222124,0.169336,0.006354,-0.001568,-0.001139,-0.057835,-0.089488,0.003566,0.517775
467,0.113441,0.022967,0.352761,-0.220889,-0.974675,-0.035529,0.075377,-0.053433,0.995708,-0.972119,0.218476,0.085323,0.00014,0.000602,0.000439,-1.7e-05,-1.4e-05,-8e-06,0.519645,-0.174477,0.055295,0.32085,0.383102,-0.818295,0.428506,-0.181313,0.388128,0.903558,-0.906144,-0.422806,-0.000234,-0.065334,0.044923,-0.024766,0.133916,0.020988,-0.079727,-1.407258,0.032369,0.049734,-0.016167,-0.223497,0.877929,0.423425,0.143286,-0.400102,0.9052,0.964114,0.262981,-0.036374,-0.032665,0.022098,-0.012605,0.134755,0.011153,-0.077073,-0.745219,0.071367,0.034895,-0.063897,-0.244828,-0.960507,-0.132226,0.135566,-0.16895,0.976256,-0.960041,0.22109,0.171576,8.3e-05,0.000331,0.000235,0.001221,0.003829,0.002444,0.516143
468,0.113465,0.023038,0.352788,-0.220587,-0.974721,-0.036136,0.07531,-0.054011,0.995682,-0.972193,0.218126,0.085373,0.000163,0.0007,0.00051,-0.0,-0.0,-0.0,0.520795,-0.176792,0.056671,0.319839,0.396618,-0.808592,0.434586,-0.19316,0.389175,0.900648,-0.897856,-0.440126,-0.0024,-0.065071,0.037652,-0.030153,0.092645,0.061467,-0.161876,-1.406717,0.031187,0.050441,-0.01668,-0.238196,0.870779,0.430123,0.154655,-0.403211,0.901943,0.958824,0.281359,-0.038627,-0.032527,0.018465,-0.015297,0.102257,0.057479,-0.16866,-0.754853,0.071379,0.034932,-0.063882,-0.24469,-0.960454,-0.132868,0.135474,-0.169556,0.976164,-0.96009,0.220857,0.171606,8e-05,0.000335,0.000243,-0.000327,0.002648,0.000492,0.515653
469,0.113216,0.023047,0.352795,-0.220267,-0.974773,-0.036688,0.075196,-0.054521,0.995663,-0.972275,0.217766,0.085361,-0.012966,0.00189,0.001352,-0.000984,0.014715,-0.029553,0.519909,-0.178771,0.057899,0.318765,0.405642,-0.80118,0.439952,-0.202594,0.390419,0.898033,-0.891732,-0.452389,-0.004517,-0.051777,0.025343,-0.024519,0.014553,0.145782,-0.005409,-1.406658,0.030232,0.051029,-0.017203,-0.248604,0.864905,0.436043,0.163686,-0.406187,0.899009,0.954674,0.294872,-0.040594,-0.02625,0.018531,-0.015713,-0.053688,0.201965,0.022697,-0.77004,0.071259,0.034935,-0.06388,-0.244481,-0.960424,-0.133466,0.135328,-0.170092,0.976091,-0.960163,0.220574,0.171557,-0.006484,0.000937,0.000672,-0.001214,0.016517,-0.029224,0.516632
470,0.112984,0.02309,0.352826,-0.220021,-0.974813,-0.037093,0.07511,-0.054893,0.995649,-0.972338,0.217491,0.08535,-0.012799,0.002603,0.00187,0.002058,-0.087459,0.141065,0.519582,-0.179586,0.058375,0.318235,0.40959,-0.798485,0.441191,-0.203677,0.39124,0.89743,-0.889682,-0.45642,-0.00296,-0.03941,0.022943,-0.027256,0.099652,0.023548,-0.060199,-1.406523,0.02982,0.051272,-0.017464,-0.252516,0.863207,0.43716,0.164657,-0.406876,0.89852,0.953479,0.298873,-0.03939,-0.019693,0.011518,-0.013553,0.107934,0.006449,-0.069614,-0.775265,0.071148,0.034954,-0.063867,-0.244341,-0.960417,-0.133773,0.135253,-0.170361,0.976054,-0.960209,0.220397,0.171525,0.000116,0.000493,0.000366,-0.000172,0.001495,0.000233,0.516306
471,0.112589,0.023165,0.35288,-0.219075,-0.974957,-0.038867,0.074755,-0.056542,0.995584,-0.97258,0.216415,0.085326,-0.012937,0.002015,0.001438,-0.000984,0.014715,-0.029553,0.519282,-0.181022,0.059056,0.317172,0.408599,-0.798086,0.442828,-0.207654,0.391036,0.896607,-0.889217,-0.457289,-0.006525,-0.038743,0.007533,-0.023082,0.027348,0.101937,-0.059469,-1.406537,0.029086,0.051625,-0.018009,-0.251543,0.862714,0.438691,0.1686,-0.407276,0.897607,0.953047,0.29975,-0.043007,-0.019701,0.00985,-0.014817,0.082739,0.067829,-0.032556,-0.782286,0.070941,0.034995,-0.063837,-0.243517,-0.960356,-0.1357,0.134829,-0.172073,0.975813,-0.960479,0.219331,0.171387,-0.006472,0.000991,0.000713,-0.001086,0.015714,-0.029384,0.515979
472,0.112344,0.02324,0.352922,-0.223398,-0.973743,-0.044311,0.072202,-0.061919,0.995452,-0.971784,0.220394,0.084202,5.6e-05,0.000239,0.000174,-1.044232,-0.363838,2.715671,0.519526,-0.182132,0.0597,0.315949,0.418911,-0.787104,0.452737,-0.218877,0.396231,0.891643,-0.881703,-0.471609,-0.006883,-0.014783,0.017186,-0.033479,0.232812,-0.163254,-0.175863,-1.406225,0.028517,0.051949,-0.018629,-0.262731,0.853946,0.449161,0.178528,-0.414453,0.892387,0.948208,0.314646,-0.043563,-0.007381,0.008423,-0.016839,0.288705,-0.198047,-0.215064,-0.788491,0.070819,0.035033,-0.063816,-0.248158,-0.958569,-0.139865,0.132674,-0.176652,0.97529,-0.95959,0.22347,0.171014,-1.9e-05,3.3e-05,3.8e-05,-1.042617,-0.360121,2.718946,0.516632
473,0.11227,0.023274,0.352935,-0.223048,-0.973792,-0.044982,0.072093,-0.062549,0.995421,-0.971872,0.219996,0.084219,-0.012865,0.002308,0.00165,-0.000984,0.014715,-0.029553,0.516833,-0.182568,0.059988,0.315271,0.420685,-0.783365,0.457552,-0.224596,0.39859,0.889166,-0.879418,-0.475824,-0.008855,-0.027206,0.014305,-0.034757,0.101653,0.018871,-0.057448,-1.406065,0.028299,0.052095,-0.018967,-0.265462,0.850274,0.454492,0.183498,-0.41823,0.889613,0.946497,0.319557,-0.045,-0.013592,0.006901,-0.017545,0.094329,0.024204,-0.038647,-0.794207,0.070787,0.035049,-0.06381,-0.24788,-0.958414,-0.141413,0.132004,-0.17802,0.975132,-0.959755,0.223049,0.170642,4e-05,0.000164,0.000124,0.003541,-0.101401,0.169314,0.516306
474,0.112037,0.023417,0.352989,-0.228546,-0.972246,-0.050504,0.068377,-0.067832,0.995337,-0.970857,0.225238,0.082053,-0.012262,0.004837,0.003488,-1.049359,-0.24796,2.514932,0.5095,-0.183168,0.060406,0.313774,0.42751,-0.770516,0.472791,-0.236322,0.40942,0.88117,-0.873035,-0.487457,-0.007673,-0.015015,0.008972,-0.039849,0.238097,-0.173911,-0.214866,-1.405911,0.028004,0.052302,-0.019699,-0.273394,0.839323,0.469885,0.193126,-0.430653,0.881611,0.942314,0.331775,-0.044357,-0.001635,0.01048,-0.023707,0.348006,-0.422995,-0.075234,-0.801881,0.070669,0.035116,-0.063786,-0.253619,-0.956579,-0.143641,0.129942,-0.180843,0.97489,-0.958536,0.228585,0.170165,0.000826,0.007338,-0.00282,0.034713,-0.017104,0.016241,0.508631
475,0.111827,0.023816,0.353071,-0.241434,-0.96845,-0.062123,0.062843,-0.079537,0.994835,-0.968093,0.237488,0.080148,0.002259,0.017212,-0.003816,0.053537,-0.015816,0.05225,0.506064,-0.183221,0.061033,0.311996,0.451217,-0.737344,0.502711,-0.260234,0.429985,0.86448,-0.854117,-0.519948,0.001482,-0.003325,0.02034,-0.04802,-0.816406,-0.136201,-2.68985,-1.405585,0.027974,0.052606,-0.020588,-0.301137,0.81305,0.498262,0.210966,-0.452765,0.866311,0.929951,0.365995,-0.035182,0.00454,0.010097,-0.024519,0.197281,-0.858862,-0.313998,-0.794533,0.070558,0.035309,-0.063744,-0.267267,-0.95079,-0.156733,0.122518,-0.194859,0.973148,-0.955801,0.240888,0.168568,-0.005747,0.003989,0.002893,-0.004863,0.03315,-0.031299,0.501936
476,0.111668,0.02432,0.353192,-0.254128,-0.964373,-0.073817,0.057105,-0.091202,0.99418,-0.96518,0.249635,0.078347,-0.011136,0.009433,0.006803,-0.093754,-0.00951,0.200037,0.50145,-0.182998,0.061922,0.309929,0.487892,-0.68477,0.541334,-0.297303,0.45258,0.840664,-0.821245,-0.570217,0.016524,0.021358,0.017799,-0.051964,-0.430013,-2.123397,-0.384271,-1.405676,0.028076,0.053052,-0.021619,-0.343575,0.766596,0.542481,0.243376,-0.48523,0.839832,0.90704,0.420573,-0.019858,0.004426,0.015088,-0.028762,-2.725446,-5.284235,-1.05922,-0.801228,0.070484,0.035567,-0.063685,-0.280637,-0.945209,-0.166797,0.116495,-0.206039,0.971584,-0.952718,0.253231,0.167935,0.001465,0.009994,-0.000894,-0.317126,-0.134157,0.879629,0.495568
477,0.11165,0.024543,0.353255,-0.259658,-0.962687,-0.076525,0.054987,-0.093904,0.994047,-0.963823,0.255103,0.077421,0.002429,0.017887,-0.003343,0.035195,-0.032234,0.040861,0.497572,-0.182791,0.062426,0.308874,0.506002,-0.652185,0.564454,-0.323838,0.462751,0.825181,-0.799982,-0.599499,0.02222,0.009021,0.019118,-0.050039,-0.662492,-1.894897,-1.149239,-1.4056,0.028187,0.053306,-0.02217,-0.367349,0.737688,0.566454,0.267937,-0.499282,0.823969,0.890653,0.454459,-0.014244,0.004548,0.009499,-0.025046,-0.637076,-1.945012,-1.253556,-0.803351,0.070471,0.035684,-0.06365,-0.286275,-0.943107,-0.169096,0.114097,-0.208782,0.971283,-0.951329,0.258761,0.167375,0.001207,0.0089,-0.001694,0.036196,-0.032373,0.034619,0.492139
478,0.111605,0.024873,0.353371,-0.266443,-0.960028,-0.086014,0.050935,-0.103191,0.993343,-0.962185,0.261483,0.076508,0.001233,0.00517,0.00373,0.114376,0.083903,0.081997,0.476477,-0.182571,0.06355,0.306687,0.545286,-0.57284,0.611971,-0.383106,0.478898,0.789823,-0.746174,-0.664392,0.040887,0.008372,0.031675,-0.056211,-0.667489,-0.217226,-2.999941,-1.405659,0.028294,0.053855,-0.023243,-0.419295,0.668336,0.614425,0.32074,-0.524092,0.788956,0.849303,0.527876,0.005387,-0.001992,0.015396,-0.027952,-0.105809,-2.230001,-1.094131,-0.803677,0.070453,0.035847,-0.063593,-0.293067,-0.93943,-0.177714,0.109657,-0.217677,0.969841,-0.949782,0.264741,0.16681,0.000599,0.002494,0.001803,0.202705,0.133469,0.11109,0.474993
479,0.111324,0.025173,0.35349,-0.286008,-0.952599,-0.103924,0.041765,-0.120795,0.991785,-0.956974,0.280504,0.074471,-0.011438,0.008026,0.005757,0.258021,0.228912,0.149904,0.452569,-0.182698,0.064761,0.304497,0.589151,-0.474838,0.653775,-0.440265,0.489653,0.752556,-0.678181,-0.730588,0.078581,-0.004023,0.030958,-0.055866,0.453631,-0.989666,-1.185489,-1.405603,0.028234,0.054472,-0.024359,-0.477233,0.577567,0.662318,0.375773,-0.547178,0.747923,0.794382,0.605815,0.044097,-0.002016,0.015472,-0.027938,0.462061,-1.009058,-1.185661,-0.804984,0.070312,0.035994,-0.063536,-0.313041,-0.929874,-0.19323,0.099515,-0.234451,0.96702,-0.944511,0.283488,0.165929,-0.005794,0.003689,0.002656,0.416283,0.294758,0.257419,0.441682
480,0.110987,0.025544,0.353623,-0.309468,-0.942156,-0.128909,0.030636,-0.145422,0.988881,-0.950045,0.303251,0.074036,-0.011089,0.017071,-0.003979,0.163538,0.127756,0.134339,0.447394,-0.183044,0.065865,0.302505,0.617822,-0.39614,0.679236,-0.487924,0.484091,0.726306,-0.617284,-0.779626,0.104919,-0.01629,0.035053,-0.05161,0.140129,-0.655564,-0.608222,-1.406023,0.028067,0.055006,-0.02534,-0.518214,0.505453,0.689906,0.42288,-0.549729,0.720394,0.743388,0.665067,0.071131,-0.001611,0.011746,-0.022873,-0.654824,-1.607,-0.790967,-0.815271,0.070149,0.036178,-0.063464,-0.338345,-0.915998,-0.215568,0.088536,-0.259049,0.961797,-0.936847,0.306334,0.168747,-0.005975,0.002891,0.002083,-0.111054,0.138489,0.919828,0.423067
481,0.110771,0.025662,0.353671,-0.325938,-0.934626,-0.142419,0.025321,-0.159271,0.986896,-0.94466,0.319224,0.075763,-0.01232,0.004271,0.003044,-0.596105,0.115071,2.562835,0.439682,-0.183222,0.066463,0.30159,0.625916,-0.365462,0.688954,-0.509111,0.477555,0.716018,-0.591455,-0.798441,0.11196,-0.003187,0.02598,-0.043725,0.215957,-0.224764,-0.401423,-1.405853,0.027971,0.055316,-0.025819,-0.531373,0.475824,0.70088,0.444809,-0.547407,0.708864,0.720962,0.68843,0.079226,-0.00157,0.013305,-0.021625,0.15253,-0.160772,-0.331694,-0.814944,0.070038,0.036246,-0.06344,-0.354785,-0.907648,-0.22428,0.083906,-0.269828,0.959245,-0.931174,0.321508,0.171888,-0.006127,0.002238,0.00161,0.596829,0.550963,0.084417,0.417842
482,0.110138,0.025992,0.353713,-0.345291,-0.922131,-0.174628,0.017479,-0.192407,0.981145,-0.937918,0.336876,0.082779,-0.01122,0.016391,-0.004474,0.437344,0.652206,0.785866,0.405288,-0.183571,0.068086,0.299892,0.641158,-0.290187,0.710422,-0.553917,0.465513,0.690223,-0.531789,-0.835671,0.136812,-0.015935,0.046532,-0.042038,0.646151,-0.48342,-0.960426,-1.405721,0.027803,0.056106,-0.026655,-0.558138,0.40702,0.72306,0.490048,-0.541509,0.683096,0.669578,0.735596,0.102777,-0.001773,0.023993,-0.020907,0.664821,-0.830996,-0.872421,-0.813475,0.069719,0.036401,-0.06342,-0.374894,-0.891193,-0.2554,0.073009,-0.303018,0.950183,-0.924188,0.337571,0.178664,-0.005762,0.007572,-0.002638,-0.636161,-0.010509,2.525605,0.382897
483,0.109516,0.026456,0.353656,-0.365317,-0.908465,-0.203172,0.011025,-0.222511,0.974853,-0.930378,0.355021,0.091563,-0.025335,0.005516,0.003895,-0.513422,0.0139,2.540931,0.396192,-0.183991,0.070041,0.298517,0.653259,-0.195989,0.731322,-0.610269,0.43518,0.661909,-0.448785,-0.878433,0.163736,-0.01494,0.044805,-0.027018,-3.386476,-4.508848,-1.893258,-1.406064,0.027592,0.057079,-0.027353,-0.583488,0.321046,0.745969,0.546412,-0.524349,0.653062,0.600811,0.788661,0.130528,-0.007747,0.029569,-0.015738,0.232644,-0.715721,-0.895624,-0.814618,0.069419,0.036635,-0.063447,-0.397626,-0.873933,-0.279524,0.067627,-0.331727,0.940947,-0.915051,0.355242,0.191005,-0.006189,0.001953,0.001394,0.592121,0.671381,-0.038462,0.353505
484,0.109188,0.026609,0.353631,-0.382333,-0.899238,-0.212693,0.006251,-0.23274,0.972505,-0.923543,0.37161,0.094878,-0.012813,0.002159,0.001516,0.182753,0.274659,-0.031315,0.390318,-0.184173,0.071122,0.29802,0.657014,-0.144906,0.739815,-0.637974,0.415718,0.648152,-0.402283,-0.897623,0.179733,-0.014694,0.051915,-0.02105,-3.505014,-4.3797,-1.8578,-1.406036,0.027496,0.057633,-0.027614,-0.596988,0.267123,0.756472,0.578971,-0.509267,0.63674,0.555334,0.818102,0.149369,-0.007341,0.026374,-0.00996,-3.432438,-4.453097,-1.93262,-0.815434,0.069246,0.036719,-0.06346,-0.415812,-0.862158,-0.289454,0.061389,-0.344155,0.936903,-0.907376,0.371807,0.196031,-0.012413,0.007562,-0.002701,0.135941,0.360566,-0.054038,0.348116
485,0.108401,0.026899,0.353595,-0.433871,-0.863978,-0.255622,-0.025672,-0.271793,0.961999,-0.900086,0.425021,0.096068,-0.012821,0.002115,0.001479,-0.525369,0.041385,2.646908,0.345452,-0.184237,0.073382,0.297407,0.655439,-0.037675,0.754302,-0.684782,0.391303,0.614727,-0.319127,-0.919379,0.229703,-0.001458,0.050758,-0.006627,-0.346291,-2.144547,-1.570944,-1.406575,0.027463,0.058763,-0.02792,-0.613685,0.161477,0.772861,0.628503,-0.492559,0.60197,0.477885,0.855166,0.200788,-0.000737,0.025971,-0.002835,-0.372237,-2.139443,-1.565874,-0.820007,0.068846,0.036861,-0.06348,-0.468895,-0.821804,-0.323688,0.028088,-0.380161,0.924492,-0.882806,0.424399,0.201339,-0.006394,0.000992,0.000752,-0.492394,0.059508,2.641988,0.31007
486,0.107631,0.027442,0.353425,-0.441422,-0.848134,-0.293019,-0.044148,-0.305677,0.951097,-0.895682,0.433826,0.097861,-0.024886,0.01475,-0.005698,0.093634,0.273966,-0.082332,0.286507,-0.18428,0.075403,0.297387,0.645628,0.071477,0.760294,-0.727699,0.359068,0.584344,-0.232027,-0.930601,0.282856,-0.000603,0.046739,0.006152,-0.386106,-2.105332,-1.668363,-1.406208,0.027442,0.059759,-0.027929,-0.622753,0.054186,0.780539,0.674309,-0.468814,0.570543,0.396844,0.881632,0.255417,-0.000381,0.023314,0.00319,-3.530384,-4.35278,-2.464732,-0.826538,0.068471,0.03713,-0.063561,-0.478713,-0.800959,-0.359579,0.007997,-0.413518,0.91046,-0.877934,0.432974,0.204362,-0.012471,0.007246,-0.002936,-0.143219,0.241314,0.342381,0.235936
487,0.107212,0.027626,0.353349,-0.445906,-0.840489,-0.307882,-0.050883,-0.319655,0.946152,-0.893096,0.438606,0.100161,-0.013169,0.000706,0.00046,0.30149,0.449511,0.033239,0.259256,-0.184233,0.076297,0.297573,0.639448,0.133804,0.757096,-0.748135,0.334728,0.572875,-0.177559,-0.932879,0.313165,-0.000522,0.049978,0.008733,-3.036411,-5.926889,-0.442182,-1.406252,0.027465,0.060227,-0.027831,-0.626144,-0.011117,0.779627,0.699433,-0.449899,0.555322,0.344581,0.893009,0.289477,-0.000396,0.025401,0.004821,-3.047166,-5.923376,-0.450235,-0.827355,0.068258,0.037227,-0.063601,-0.483011,-0.792311,-0.372751,-0.000361,-0.425522,0.904947,-0.875614,0.437234,0.205246,-0.012601,0.006718,-0.003307,0.357609,0.518784,0.533067,0.198052
488,0.106352,0.028005,0.35323,-0.468642,-0.813147,-0.345271,-0.079153,-0.350666,0.933134,-0.879271,0.465646,0.100411,-0.024706,0.015344,-0.005283,-0.244769,-0.019809,2.682829,0.177039,-0.184256,0.077721,0.298144,0.618771,0.230618,0.750952,-0.777339,0.31699,0.543319,-0.113511,-0.920203,0.37444,8.8e-05,0.037626,0.014494,0.569771,-1.029315,-0.811291,-1.40633,0.027454,0.060935,-0.027544,-0.623219,-0.110501,0.7742,0.73031,-0.436323,0.525612,0.27972,0.892978,0.352625,-0.005699,0.012415,0.010471,0.296664,-1.393397,-0.88306,-0.822619,0.067831,0.037407,-0.063662,-0.507618,-0.761776,-0.402517,-0.028423,-0.452123,0.891502,-0.861113,0.463984,0.207854,-0.005935,0.006626,-0.003353,0.326893,0.308184,0.896034,0.109876
489,0.106021,0.028383,0.353015,-0.490677,-0.784159,-0.379968,-0.102325,-0.381238,0.918781,-0.864722,0.49068,0.107305,0.000677,0.01017,-0.008885,-0.047272,1.789663,0.591852,0.092978,-0.184564,0.078654,0.29911,0.601452,0.281088,0.747821,-0.795191,0.299695,0.527055,-0.076714,-0.911992,0.402802,-0.010661,0.015015,0.028715,0.337235,-0.704674,-0.365512,-1.40653,0.027301,0.061417,-0.027054,-0.614755,-0.163429,0.7716,0.750464,-0.422176,0.508497,0.242648,0.89166,0.382183,-0.005332,0.007608,0.014432,0.403573,-0.751442,-0.41608,-0.815598,0.067656,0.0376,-0.063766,-0.529348,-0.728631,-0.434609,-0.054307,-0.482116,0.874422,-0.846664,0.486476,0.215638,-0.006261,0.005661,-0.003892,-1.491946,5.395171,0.95571,-0.011939
490,0.105663,0.028857,0.352602,-0.49515,-0.774035,-0.39464,-0.101971,-0.399356,0.911092,-0.862207,0.492332,0.11931,-0.011515,0.02214,-0.016519,0.316368,0.053067,0.276842,0.022796,-0.18493,0.079287,0.300024,0.582718,0.325092,0.744813,-0.811556,0.278831,0.513386,-0.0415,-0.904004,0.425344,-0.010801,0.00859,0.023428,-0.860838,-1.510682,-1.071333,-1.406799,0.027123,0.061742,-0.026597,-0.604411,-0.208164,0.768995,0.7687,-0.405918,0.494297,0.209254,0.889886,0.405357,-0.005497,0.004273,0.011785,-3.573627,-3.562907,-3.022094,-0.819517,0.067482,0.037833,-0.06397,-0.536753,-0.715171,-0.447688,-0.054473,-0.50012,0.864241,-0.841978,0.488271,0.229483,-0.006276,0.005272,-0.004332,0.334501,0.104993,0.281773,-0.10975
491,0.105387,0.029222,0.352365,-0.497415,-0.764042,-0.410929,-0.108908,-0.414979,0.903273,-0.860052,0.495005,0.123725,-0.023808,0.026128,-0.013707,0.121899,-0.071006,1.04673,-0.022581,-0.185147,0.079491,0.300391,0.574952,0.340398,0.74401,-0.817355,0.277633,0.504762,-0.035454,-0.898742,0.436886,-0.010893,0.004879,0.02044,0.350009,-0.525179,-0.511224,-1.407272,0.027015,0.061848,-0.026411,-0.599125,-0.225692,0.768187,0.774946,-0.404642,0.485513,0.201264,0.886187,0.41733,-0.005469,0.002036,0.009902,0.324307,-0.685402,-0.387633,-0.819843,0.067348,0.03801,-0.064092,-0.539904,-0.703667,-0.461904,-0.061659,-0.514221,0.855438,-0.839464,0.490335,0.234244,-0.005469,0.011959,-0.007569,-0.313172,-0.505266,3.09902,-0.164616
492,0.104927,0.030194,0.351958,-0.508987,-0.735085,-0.447915,-0.138165,-0.443883,0.885353,-0.849002,0.513433,0.124933,-0.010964,0.016549,-0.004343,0.113522,-0.140997,0.38626,-0.036464,-0.185866,0.079558,0.301066,0.55603,0.372306,0.743109,-0.830974,0.262639,0.490344,-0.013301,-0.890597,0.454447,-0.023066,-0.001763,0.016046,-0.113908,-0.5961,-0.65092,-1.406677,0.026651,0.061884,-0.026065,-0.585697,-0.260891,0.767394,0.790558,-0.392756,0.469851,0.178819,0.88186,0.436285,-0.011555,-0.001206,0.007772,-0.074973,-0.630165,-0.683776,-0.817884,0.067109,0.038505,-0.064301,-0.553118,-0.669696,-0.495546,-0.093154,-0.541373,0.835605,-0.827878,0.508351,0.237058,-0.005431,0.00845,-0.002053,0.0569,-0.168278,0.346171,-0.218828
493,0.104174,0.030827,0.35167,-0.511372,-0.711017,-0.4827,-0.165475,-0.46975,0.867136,-0.842665,0.524188,0.123169,-0.0378,0.015717,-0.005075,0.318292,-0.071112,0.566841,-0.069249,-0.186674,0.079201,0.301658,0.544908,0.396939,0.738584,-0.838404,0.257213,0.480474,7.1e-05,-0.881524,0.471993,-0.023278,-0.007989,0.011146,0.16796,-0.340366,-0.17414,-1.407104,0.026247,0.061706,-0.025769,-0.578759,-0.287796,0.763027,0.798686,-0.389044,0.459067,0.164733,0.875109,0.455022,-0.011658,-0.004314,0.005331,0.140998,-0.311085,-0.147233,-0.814291,0.066749,0.038825,-0.064437,-0.556556,-0.642682,-0.526501,-0.122722,-0.563173,0.817174,-0.821696,0.519417,0.234566,-0.012602,0.006452,-0.003509,0.496258,-0.067205,0.800869,-0.234014
494,0.103505,0.031121,0.351648,-0.507252,-0.701071,-0.501239,-0.176416,-0.484865,0.856595,-0.842941,0.523807,0.122899,-0.036642,0.020006,-0.002008,0.384916,-0.12517,0.846228,-0.08262,-0.187115,0.078883,0.301901,0.541451,0.404278,0.737144,-0.840639,0.258579,0.475812,0.001079,-0.877789,0.478903,-0.022874,-0.023912,0.014321,0.05454,-0.226064,-0.091557,-1.407332,0.026026,0.061548,-0.025647,-0.576549,-0.295811,0.761633,0.800564,-0.390893,0.454201,0.163359,0.871606,0.462185,-0.011459,-0.012333,0.006877,0.003953,-0.177066,-0.043946,-0.812495,0.066398,0.038968,-0.064457,-0.553168,-0.630641,-0.544329,-0.134644,-0.57713,0.805474,-0.822115,0.518854,0.234338,-0.018272,0.010166,-0.000879,0.496197,-0.061009,0.882966,-0.2492
495,0.102124,0.031871,0.351912,-0.525517,-0.66617,-0.52924,-0.208903,-0.502015,0.839234,-0.824109,0.552419,0.125318,-0.022885,0.013884,0.009777,0.029,-0.193711,0.712195,0.000311,-0.188267,0.0779,0.302406,0.538488,0.409396,0.73649,-0.842532,0.257386,0.473103,0.003458,-0.875771,0.482572,-0.023078,-0.026659,0.012203,-0.074608,0.058524,-0.090732,-1.407286,0.025472,0.061071,-0.025408,-0.574774,-0.300908,0.760978,0.802362,-0.389939,0.451841,0.160773,0.870288,0.465564,-0.011565,-0.013775,0.005768,-0.093763,0.098943,-0.091595,-0.809883,0.065715,0.039333,-0.064332,-0.573308,-0.591848,-0.566596,-0.167464,-0.592287,0.788131,-0.802042,0.546726,0.24045,-0.017718,0.008379,0.005886,-0.19009,0.100027,0.712991,-0.233688
496,0.100577,0.032102,0.352468,-0.534486,-0.63574,-0.55696,-0.238912,-0.518495,0.82101,-0.81007,0.572672,0.125942,-0.050687,0.00216,0.017305,0.243184,-0.105351,0.767735,0.05313,-0.189244,0.076795,0.30298,0.536318,0.40871,0.738451,-0.843903,0.253492,0.472761,0.005367,-0.877226,0.479905,-0.023111,-0.025182,0.013397,-0.076585,0.061147,-0.088254,-1.407114,0.024979,0.060511,-0.025127,-0.572707,-0.300286,0.76278,0.804172,-0.386392,0.451671,0.159102,0.872083,0.462771,-0.011318,-0.018872,0.009639,-0.110209,0.078766,-0.100942,-0.812822,0.064974,0.039464,-0.064054,-0.582846,-0.559486,-0.589291,-0.199356,-0.604589,0.771186,-0.787748,0.566961,0.240846,-0.025894,-0.004635,0.012645,0.283402,-0.152532,1.654624,-0.159227
497,0.098268,0.032277,0.353315,-0.521862,-0.613031,-0.59321,-0.260346,-0.547802,0.795051,-0.811708,0.570108,0.127022,-0.061848,0.009952,0.022699,0.272881,-0.066595,0.786386,0.056929,-0.190142,0.075876,0.303459,0.534707,0.408455,0.739759,-0.844909,0.250195,0.472722,0.007339,-0.87829,0.477928,-0.035321,-0.026462,0.013289,-0.0786,0.076425,-0.117497,-1.407301,0.024526,0.060044,-0.024881,-0.571046,-0.300203,0.764057,0.805696,-0.383359,0.451541,0.157354,0.873449,0.460788,-0.011879,-0.007085,0.003186,-0.039783,0.067612,-0.094784,-0.815761,0.063826,0.039536,-0.063642,-0.572147,-0.532574,-0.623708,-0.222711,-0.631016,0.743113,-0.789333,0.564077,0.242424,-0.024564,0.003874,0.010649,0.297678,-0.07312,1.515943,-0.138489
498,0.097238,0.032435,0.353782,-0.519133,-0.599096,-0.609615,-0.269521,-0.562143,0.781874,-0.810467,0.570944,0.131123,-0.048746,0.008972,0.022061,-2.83005,4.506733,1.618085,0.089933,-0.190627,0.075476,0.303665,0.535384,0.412606,0.736961,-0.844452,0.250662,0.473289,0.00989,-0.876219,0.48167,-0.023281,-0.026173,0.012665,0.128512,-0.261599,-0.294101,-1.407502,0.024288,0.059848,-0.024781,-0.573419,-0.302171,0.7615,0.804529,-0.383171,0.453775,0.154667,0.872852,0.462823,-0.011663,-0.013298,0.006182,0.191557,-0.931121,0.185072,-0.816577,0.063301,0.039617,-0.063407,-0.565868,-0.520989,-0.639032,-0.230375,-0.64428,0.729266,-0.791656,0.559886,0.244555,-0.024817,-0.000673,0.015437,0.140412,-0.131653,0.661592,-0.120364
499,0.095646,0.032358,0.35467,-0.507582,-0.583222,-0.634238,-0.283717,-0.581946,0.762112,-0.812946,0.567503,0.130711,-0.039076,-0.011084,0.02397,0.294541,-0.077083,0.944668,0.140347,-0.191486,0.074928,0.303995,0.535857,0.423362,0.730489,-0.844078,0.252966,0.472731,0.014683,-0.870418,0.491955,-0.023667,-0.011248,0.00863,0.090321,-0.126764,-0.237975,-1.407005,0.023858,0.059563,-0.024619,-0.575243,-0.314517,0.755097,0.804201,-0.386185,0.451795,0.149511,0.867144,0.475086,-0.011826,-0.005344,0.004549,0.173336,-0.235693,-0.310529,-0.810862,0.062502,0.039607,-0.062955,-0.559198,-0.499537,-0.661634,-0.249356,-0.659776,0.708884,-0.790644,0.561389,0.244383,-0.019662,-0.005916,0.011742,-0.071673,-0.438006,0.727474,-0.041495
500,0.094098,0.031976,0.355521,-0.499787,-0.565973,-0.655693,-0.301541,-0.595993,0.744203,-0.81137,0.570363,0.128027,-0.025262,-0.002143,0.014333,0.376987,0.069777,0.864198,0.147284,-0.192321,0.074427,0.304313,0.531299,0.427211,0.731577,-0.846947,0.251797,0.468202,0.015154,-0.868879,0.494654,-0.023838,-0.013666,0.006741,-0.005721,-3.9e-05,-0.117009,-1.407375,0.023441,0.059325,-0.024456,-0.57109,-0.319555,0.756135,0.80728,-0.385645,0.446739,0.148842,0.865541,0.478208,-0.01194,-0.007113,0.003167,-0.013746,0.019614,-0.138517,-0.814455,0.061706,0.039401,-0.062522,-0.551918,-0.480028,-0.681878,-0.268892,-0.671577,0.69042,-0.789355,0.564407,0.24158,-0.019429,-0.005008,0.012384,-0.065997,-0.336725,0.59129,-0.018634
501,0.09356,0.031983,0.355835,-0.495378,-0.560536,-0.663661,-0.303723,-0.60403,0.7368,-0.813262,0.567259,0.129807,-0.023462,0.011193,0.007689,0.196896,-0.18912,0.770207,0.196982,-0.192732,0.074115,0.304441,0.531833,0.424773,0.732607,-0.846601,0.250076,0.469747,0.015669,-0.870568,0.49166,-0.023908,-0.01444,0.006137,-0.146326,0.187614,0.060958,-1.40682,0.023227,0.059159,-0.024387,-0.570922,-0.31739,0.757173,0.807495,-0.383694,0.448029,0.148323,0.867203,0.47535,-0.005924,-0.007538,0.002413,-0.219832,0.250709,0.163565,-0.816251,0.061426,0.039401,-0.062362,-0.5486,-0.472036,-0.690085,-0.271185,-0.680293,0.680924,-0.790882,0.560696,0.2452,-0.011725,0.005656,0.003907,0.198568,-0.191293,0.775578,0.012228
502,0.092797,0.031793,0.356274,-0.491075,-0.5512,-0.674588,-0.304596,-0.616883,0.725706,-0.815545,0.562537,0.135888,-0.027262,-0.008733,0.00966,0.094726,-0.10184,0.496792,0.276473,-0.193431,0.073233,0.30477,0.534821,0.424357,0.730671,-0.84464,0.248165,0.474271,0.019271,-0.871317,0.490203,-0.011462,-0.027349,0.010967,-0.076243,0.048829,-0.056591,-1.407176,0.022881,0.058731,-0.02423,-0.57435,-0.315744,0.755265,0.805673,-0.381404,0.453234,0.144955,0.868812,0.473446,-0.005717,-0.013343,0.005755,-0.059593,0.038665,-0.070883,-0.815598,0.061059,0.039324,-0.062136,-0.545041,-0.461653,-0.699861,-0.272804,-0.691672,0.668705,-0.792785,0.555397,0.251049,-0.007804,-0.010912,0.008315,0.073979,0.004732,0.383308,0.125388
503,0.091832,0.031028,0.356775,-0.482153,-0.544867,-0.686071,-0.312684,-0.624527,0.715658,-0.817814,0.560256,0.131606,-0.029401,-0.022829,0.015771,-0.11406,-0.32869,0.648626,0.26403,-0.193995,0.072229,0.305126,0.537865,0.427071,0.726844,-0.84258,0.247225,0.478406,0.023952,-0.87026,0.491871,-0.023815,-0.029699,0.009998,-0.158817,-1.858651,1.897095,-1.406847,0.022595,0.058223,-0.024045,-0.575812,-0.317096,0.753584,0.805237,-0.379517,0.455585,0.141533,0.869146,0.473868,-0.005872,-0.01545,0.00412,-0.074968,0.067596,-0.082765,-0.81772,0.060576,0.038942,-0.061891,-0.536779,-0.454247,-0.711004,-0.281634,-0.697899,0.658497,-0.79533,0.553711,0.246686,-0.014944,-0.012201,0.007344,-0.260644,-0.476592,1.05,0.163598
