frame,MLTx,MLTy,MLTz,MLTR1,MLTR2,MLTR3,MLTR4,MLTR5,MLTR6,MLTR7,MLTR8,MLTR9,MLTTVx,MLTTVy,MLTTVz,MLTRVx,MLTRVy,MLTRVz,MLGA,MRTx,MRTy,MRTz,MRTR1,MRTR2,MRTR3,MRTR4,MRTR5,MRTR6,MRTR7,MRTR8,MRTR9,MRTTVx,MRTTVy,MRTTVz,MRTRVx,MRTRVy,MRTRVz,MRGA,SLTx,SLTy,SLTz,SLTR1,SLTR2,SLTR3,SLTR4,SLTR5,SLTR6,SLTR7,SLTR8,SLTR9,SLTTVx,SLTTVy,SLTTVz,SLTRVx,SLTRVy,SLTRVz,SLGA,SRTx,SRTy,SRTz,SRTR1,SRTR2,SRTR3,SRTR4,SRTR5,SRTR6,SRTR7,SRTR8,SRTR9,SRTTVx,SRTTVy,SRTTVz,SRTRVx,SRTRVy,SRTRVz,SRGA
222,0.131299,-0.022039,0.301526,-0.170345,0.101666,-0.980149,-0.260221,-0.963977,-0.054818,-0.950208,0.245585,0.191884,-0.003445,-3.6e-05,-0.042669,0.068892,0.01466,-0.039397,0.398687,-0.192255,-0.022439,0.301809,-0.343662,0.852577,0.393699,-0.371664,-0.508368,0.776763,0.862809,0.119546,0.491051,-0.030522,0.01122,-0.00595,-0.188921,-0.388793,-0.208427,-1.401833,0.030748,0.030673,-0.018568,0.278812,-0.861335,0.424694,0.427529,0.507316,0.74823,-0.859931,-0.027047,0.509691,-0.022744,0.00562,-0.002407,-0.596989,-1.507447,-0.504467,-0.889895,0.064041,0.031368,-0.06694,0.281221,-0.099678,-0.954451,0.211316,0.976609,-0.039729,0.936087,-0.190519,0.295707,0.005965,0.00464,-0.026262,0.109377,-0.119207,0.176775,-0.187803
223,0.131989,-0.0218,0.299556,-0.169048,0.102532,-0.980283,-0.256845,-0.964775,-0.056672,-0.951359,0.242067,0.190649,0.026864,0.007425,-0.054574,0.106124,-0.030114,0.036787,0.457681,-0.194021,-0.021886,0.301563,-0.43267,0.821763,0.370803,-0.329757,-0.526926,0.78329,0.839591,0.215593,0.498468,-0.045342,0.012408,-0.003628,-0.150041,-0.63499,0.034272,-1.401816,0.029854,0.030953,-0.018696,0.370169,-0.838894,0.399038,0.387556,0.529842,0.754365,-0.84426,-0.124593,0.521249,-0.022685,0.00627,-0.00167,-0.148475,-0.637899,0.033172,-0.892344,0.064378,0.031479,-0.067942,0.280057,-0.100567,-0.9547,0.20807,0.977215,-0.041903,0.937162,-0.186909,0.294601,0.013413,0.003439,-0.027614,0.106388,-0.030102,0.036778,0.11804
224,0.132655,-0.021567,0.298421,-0.165703,0.10156,-0.980955,-0.254825,-0.965294,-0.056948,-0.952494,0.240403,0.187054,0.027512,0.020042,-0.061129,0.139586,-0.06195,0.04344,0.463402,-0.194996,-0.021671,0.301483,-0.493347,0.793706,0.355851,-0.299118,-0.538837,0.787475,0.817374,0.281053,0.502765,-0.0454,0.011489,-0.00474,-2.109644,-4.99304,-2.746825,-1.401759,0.029367,0.031062,-0.018733,0.431247,-0.817419,0.381904,0.359,0.543799,0.758552,-0.827734,-0.19002,0.527965,-0.022527,0.005709,-0.002516,-2.123796,-4.985332,-2.733495,-0.892997,0.064694,0.031584,-0.068491,0.276579,-0.099506,-0.955825,0.206134,0.977616,-0.042127,0.938622,-0.185377,0.290899,0.021127,0.003681,-0.027188,0.112697,-0.144397,0.238273,0.273493
225,0.134436,-0.020889,0.296232,-0.154665,0.095845,-0.98333,-0.250552,-0.966533,-0.054853,-0.955492,0.237767,0.174727,0.058465,0.021843,-0.058397,0.076062,-0.71701,-0.297132,0.465163,-0.197039,-0.021393,0.301436,-0.621731,0.713423,0.323218,-0.22901,-0.560093,0.796105,0.749759,0.420036,0.511168,-0.060297,0.011788,-0.003546,-0.527864,-1.990562,-0.188039,-1.402996,0.028369,0.031196,-0.018756,0.565208,-0.749513,0.34463,0.290571,0.571865,0.767162,-0.77208,-0.333467,0.541009,-0.022223,0.000118,0.001463,-1.893243,-6.575053,-0.598907,-0.900835,0.065588,0.031919,-0.069614,0.267615,-0.096484,-0.958682,0.201713,0.978536,-0.042174,0.942175,-0.182093,0.281332,0.021824,0.012087,-0.028017,0.127043,-0.234199,0.006266,0.412616
226,0.136817,-0.019822,0.294111,-0.137618,0.087877,-0.986602,-0.245916,-0.967883,-0.051962,-0.959316,0.235355,0.156037,0.074601,0.027128,-0.051905,0.07726,-0.94894,-0.142278,0.46555,-0.199184,-0.021255,0.301529,-0.708533,0.640379,0.296456,-0.178753,-0.569127,0.802543,0.683532,0.514819,0.517309,-0.044816,0.000661,0.003531,-0.48742,-1.443117,-0.722463,-1.403608,0.02729,0.031269,-0.018712,0.657641,-0.685398,0.312628,0.241657,0.585,0.774193,-0.713518,-0.433593,0.550351,-0.029756,0.000275,0.002309,-1.639487,-4.754127,-2.435296,-0.908347,0.0668,0.032458,-0.0707,0.249969,-0.089013,-0.964153,0.196594,0.979689,-0.039478,0.948085,-0.179679,0.262392,0.037384,0.013847,-0.025639,0.083057,-0.905651,-0.114728,0.432374
227,0.138258,-0.019138,0.293039,-0.130467,0.082676,-0.988022,-0.243468,-0.968658,-0.04896,-0.960947,0.234055,0.147737,0.075165,0.04054,-0.057448,0.134203,-0.575255,-0.139042,0.46727,-0.200327,-0.021202,0.301614,-0.739637,0.607127,0.290389,-0.155703,-0.573994,0.803879,0.655657,0.548588,0.51868,-0.04479,0.000928,0.003773,-0.489489,-1.43011,-0.803633,-1.403784,0.026741,0.031295,-0.018671,0.688393,-0.658075,0.305044,0.221376,0.591105,0.77562,-0.69073,-0.466402,0.552594,-0.030129,0.006287,-0.00141,-0.10695,-0.464005,-0.204361,-0.907857,0.067464,0.032774,-0.071195,0.242634,-0.083657,-0.966504,0.193932,0.980348,-0.03617,0.950536,-0.17866,0.254089,0.037684,0.02063,-0.028313,0.091995,-0.541357,-0.37352,0.43711
228,0.141352,-0.017765,0.291076,-0.116359,0.076203,-0.990303,-0.238912,-0.969907,-0.046615,-0.963914,0.23107,0.132296,0.090447,0.042494,-0.055105,0.174598,-0.242707,0.175767,0.458117,-0.20246,-0.02107,0.301706,-0.805702,0.523334,0.277411,-0.103953,-0.585845,0.803687,0.58412,0.618023,0.526036,-0.045284,0.011687,-0.004932,-1.341813,-4.694908,-3.148939,-1.404059,0.025669,0.031357,-0.01862,0.76075,-0.582134,0.287017,0.171356,0.606666,0.776268,-0.626016,-0.541364,0.561273,-0.029932,0.000222,0.002015,-0.083752,-1.813708,-0.80489,-0.908836,0.069006,0.033462,-0.072175,0.22709,-0.076176,-0.970889,0.188889,0.981449,-0.032823,0.955379,-0.175937,0.237266,0.045113,0.015455,-0.023793,0.147581,-0.183414,0.190443,0.43515
229,0.144575,-0.016647,0.289391,-0.112193,0.068766,-0.991327,-0.235457,-0.971015,-0.040763,-0.965263,0.22875,0.126366,0.089922,0.021136,-0.038135,0.082132,-0.11361,0.149901,0.441727,-0.20416,-0.020828,0.301547,-0.854996,0.443364,0.269074,-0.05882,-0.598176,0.799161,0.516341,0.666881,0.537145,-0.030584,0.009253,-0.008654,-0.252644,-1.577978,-1.121585,-1.404353,0.024796,0.031481,-0.018693,0.819471,-0.503224,0.274283,0.124939,0.623926,0.771431,-0.559335,-0.597897,0.574162,-0.022789,0.004197,-0.003991,-1.370375,-4.950017,-3.46164,-0.908673,0.070646,0.034043,-0.073038,0.222701,-0.069593,-0.972399,0.184648,0.982405,-0.02802,0.95724,-0.173311,0.231632,0.037477,0.011127,-0.018538,-0.006454,0.422475,-0.55682,0.418495
230,0.147947,-0.016035,0.288136,-0.110567,0.067261,-0.991613,-0.233441,-0.971536,-0.039923,-0.965941,0.22698,0.124356,0.074622,0.001065,-0.019777,0.043449,-0.183579,0.30522,0.404576,-0.205198,-0.020422,0.301018,-0.910621,0.319375,0.262221,0.014056,-0.610016,0.792223,0.414115,0.724684,0.55064,-0.016438,0.016949,-0.021619,0.127032,-0.617981,-0.366279,-1.404324,0.024272,0.031681,-0.018944,0.885266,-0.384646,0.261439,0.052804,0.641624,0.765198,-0.462076,-0.663599,0.588319,-0.008269,0.008368,-0.010553,-1.230129,-5.541009,-2.716576,-0.8961,0.072304,0.034353,-0.073661,0.221584,-0.068256,-0.972749,0.182505,0.982823,-0.02739,0.95791,-0.171462,0.230235,0.037374,0.000827,-0.009576,0.042258,-0.084711,0.173721,0.38747
231,0.149506,-0.016022,0.28777,-0.10995,0.068387,-0.991605,-0.233214,-0.971538,-0.041198,-0.966068,0.226635,0.124004,0.089663,-0.010171,-0.011839,0.005903,-0.088281,0.177304,0.360159,-0.205353,-0.02026,0.300597,-0.929524,0.259031,0.262448,0.050795,-0.614725,0.787062,0.366372,0.744584,0.55788,-0.002052,0.012146,-0.027979,-1.209269,-4.633583,-3.305561,-1.404292,0.024189,0.031771,-0.019151,0.907936,-0.329692,0.258756,0.019162,0.649405,0.760201,-0.418669,-0.685256,0.595936,-0.000797,0.000613,-0.00986,0.126599,-0.605447,-0.450328,-0.897406,0.073112,0.034367,-0.073859,0.220863,-0.069707,-0.97281,0.182398,0.982796,-0.029011,0.958097,-0.171031,0.229777,0.037349,0.000683,-0.009846,0.040897,-0.075577,0.147674,0.350892
232,0.152498,-0.016609,0.287535,-0.108831,0.074668,-0.991275,-0.234389,-0.97097,-0.047458,-0.965912,0.227079,0.124407,0.074763,-0.019397,-0.001815,-0.015626,0.374614,0.387553,0.245109,-0.204976,-0.019937,0.29932,-0.960165,0.105251,0.258838,0.141488,-0.615264,0.775478,0.242079,0.781062,0.575503,0.01234,0.007301,-0.034479,0.21089,-1.965605,-1.18549,-1.404512,0.02436,0.031926,-0.019772,0.951542,-0.181412,0.248307,-0.071097,0.655801,0.751578,-0.299185,-0.732813,0.611125,0.013645,0.003307,-0.018113,-0.191287,-1.515047,-1.057351,-0.901325,0.074614,0.034078,-0.073979,0.218239,-0.074404,-0.973054,0.184044,0.982335,-0.033836,0.958383,-0.1717,0.228078,0.037372,-0.015109,0.003294,-0.048011,0.446898,0.443999,0.2183
233,0.155212,-0.017983,0.287955,-0.11297,0.084189,-0.990048,-0.238209,-0.969622,-0.055325,-0.964495,0.229478,0.130825,0.075028,-0.040546,0.015542,-0.090919,0.291633,0.310614,0.060638,-0.203736,-0.019677,0.297708,-0.968858,0.004288,0.247561,0.193461,-0.610269,0.768165,0.155591,0.792117,0.590089,0.041692,0.001695,-0.042868,-1.017815,-4.535049,-3.372907,-1.404781,0.024979,0.032066,-0.02059,0.969339,-0.080208,0.232266,-0.123979,0.656454,0.744107,-0.212156,-0.750089,0.626383,0.020613,0.005803,-0.026291,0.450939,-0.409393,-0.226288,-0.89561,0.075971,0.033398,-0.073777,0.224099,-0.08503,-0.97085,0.188837,0.981095,-0.042338,0.956096,-0.173845,0.235919,0.029903,-0.025822,0.01181,-0.118566,0.473072,0.329541,0.001777
234,0.156404,-0.018923,0.2884,-0.11846,0.091757,-0.988733,-0.241121,-0.968558,-0.06105,-0.963106,0.231052,0.138091,0.044998,-0.049498,0.02633,-0.126521,0.409345,0.282037,-0.011536,-0.202797,-0.019676,0.296729,-0.9694,-0.053078,0.239662,0.221943,-0.605709,0.764062,0.105831,0.793926,0.598619,0.056301,-0.002253,-0.048551,0.490405,-0.854267,-0.542583,-1.404654,0.025427,0.032071,-0.021057,0.974826,-0.020861,0.221984,-0.154992,0.652311,0.741935,-0.16028,-0.757663,0.632657,0.027883,-0.001671,-0.024787,-1.301182,-4.744155,-3.618171,-0.89659,0.076556,0.03295,-0.073569,0.229434,-0.091928,-0.968973,0.19223,0.9802,-0.047477,0.954152,-0.175373,0.242562,0.03003,-0.025281,0.012442,-0.107706,0.702572,0.479343,-0.120527
235,0.158204,-0.021028,0.2897,-0.136867,0.115682,-0.983834,-0.248753,-0.965329,-0.078955,-0.958693,0.233776,0.162122,0.04551,-0.069286,0.045632,-0.18769,0.566304,0.565598,-0.1226,-0.200507,-0.019926,0.294673,-0.956873,-0.186192,0.222975,0.290147,-0.582526,0.759218,-0.010265,0.791392,0.611111,0.071355,-0.019577,-0.049232,-0.802875,-6.419498,-1.512568,-1.404884,0.026581,0.031953,-0.022103,0.973244,0.108303,0.202648,-0.224525,0.635677,0.738581,-0.048828,-0.764319,0.642986,0.035495,-0.004408,-0.028963,-0.012161,-0.562154,-0.097723,-0.894794,0.077479,0.031885,-0.072918,0.249207,-0.115318,-0.961559,0.20199,0.977238,-0.064849,0.947151,-0.178065,0.266827,0.015186,-0.0284,0.019577,-0.144261,0.750948,0.673463,-0.269612
236,0.159624,-0.023664,0.291594,-0.16621,0.152583,-0.974237,-0.249449,-0.962309,-0.108211,-0.953827,0.22484,0.19922,0.030868,-0.065537,0.050358,-0.037151,0.903856,0.967637,-0.243708,-0.197547,-0.020565,0.292515,-0.930526,-0.311533,0.192508,0.342736,-0.556367,0.756916,-0.127523,0.77069,0.62421,0.086761,-0.020462,-0.052116,-0.940362,-6.335452,-1.240671,-1.404609,0.028022,0.031635,-0.023168,0.957492,0.235035,0.16723,-0.279742,0.615162,0.737101,0.070371,-0.75255,0.654763,0.035932,-0.009861,-0.025167,0.007277,-1.666278,-0.934678,-0.890548,0.078195,0.030565,-0.071974,0.278659,-0.149602,-0.948666,0.205942,0.974122,-0.093124,0.938049,-0.169421,0.302257,0.015403,-0.038631,0.02887,0.2689,1.10447,0.947671,-0.363994
237,0.160123,-0.025178,0.292762,-0.17973,0.171998,-0.968586,-0.257076,-0.958572,-0.122572,-0.949323,0.226751,0.217707,0.015831,-0.086741,0.068157,-0.265422,0.660248,0.752413,-0.29989,-0.195957,-0.020944,0.291605,-0.921103,-0.35038,0.169688,0.349822,-0.55419,0.755269,-0.169427,0.755471,0.632788,0.087242,-0.017952,-0.04952,0.419512,-1.397165,0.334782,-1.404875,0.028849,0.031432,-0.02365,0.950206,0.27807,0.140657,-0.288015,0.611343,0.737093,0.118973,-0.740902,0.66099,0.043926,-0.014584,-0.020798,0.127781,-3.542199,1.019349,-0.889732,0.07845,0.029817,-0.071395,0.293946,-0.169528,-0.940667,0.215397,0.970579,-0.10761,0.931235,-0.170985,0.321814,0.015493,-0.038116,0.029525,-0.22768,0.784685,0.870462,-0.410532
238,0.160835,-0.028417,0.295384,-0.205692,0.211077,-0.955606,-0.262915,-0.95246,-0.153846,-0.942399,0.21933,0.252598,0.016109,-0.085208,0.070136,-0.277986,0.606107,0.708058,-0.39646,-0.192431,-0.021873,0.2901,-0.903148,-0.415549,0.107858,0.345156,-0.553762,0.757726,-0.254,0.722081,0.643388,0.089457,-0.033917,-0.02639,0.118179,-0.611109,0.475719,-1.404634,0.030612,0.030965,-0.024421,0.936082,0.343553,0.075636,-0.284116,0.611562,0.738423,0.207432,-0.712714,0.670081,0.044517,-0.011082,-0.016923,0.105182,-0.901052,0.213912,-0.885159,0.078807,0.028199,-0.070083,0.320353,-0.20697,-0.924411,0.22498,0.964543,-0.137989,0.920194,-0.163768,0.355558,0.000355,-0.042457,0.035308,-0.27591,0.662021,0.90671,-0.490707
239,0.161073,-0.031719,0.298199,-0.228204,0.241068,-0.943321,-0.26289,-0.948108,-0.17875,-0.937183,0.206892,0.28091,0.00099,-0.08294,0.073149,-0.289908,0.738459,0.73921,-0.477189,-0.188961,-0.022809,0.289155,-0.891946,-0.446619,0.070386,0.340595,-0.561635,0.753987,-0.296081,0.697042,0.652941,0.075305,-0.026862,-0.017187,0.45382,-0.643955,0.360161,-1.40468,0.032353,0.030493,-0.024899,0.927247,0.372572,0.037441,-0.277994,0.617958,0.735422,0.250861,-0.692327,0.676573,0.045289,-0.013236,-0.00898,0.480775,-0.694509,0.354271,-0.879934,0.078931,0.026546,-0.068677,0.341717,-0.234391,-0.910104,0.227607,0.96021,-0.161835,0.911824,-0.151844,0.381469,0.00045,-0.041543,0.036483,-0.298072,0.80232,0.780727,-0.561575
240,0.160884,-0.034774,0.300865,-0.242129,0.263139,-0.933904,-0.277246,-0.941128,-0.193351,-0.929506,0.211772,0.30199,-0.014568,-0.072069,0.064816,-0.257892,0.52878,0.359048,-0.516917,-0.185829,-0.02385,0.288531,-0.876317,-0.478326,0.057127,0.355383,-0.562133,0.746756,-0.323966,0.675291,0.662489,0.091039,-0.024262,-0.015671,0.439545,-0.435118,0.061227,-1.404695,0.033948,0.029966,-0.025213,0.914024,0.405029,0.022574,-0.292792,0.620178,0.727771,0.280768,-0.67181,0.685448,0.045561,-0.011956,-0.007666,0.52893,-0.445535,0.064288,-0.878954,0.078843,0.025017,-0.067338,0.35617,-0.256246,-0.898599,0.244124,0.953782,-0.17522,0.901967,-0.156962,0.402264,0.000363,-0.036524,0.031742,-0.25603,0.704782,0.46544,-0.60599
241,0.160655,-0.036215,0.302135,-0.250494,0.270784,-0.929502,-0.278257,-0.939689,-0.19882,-0.926975,0.208494,0.311891,-0.014704,-0.073035,0.063649,-0.263718,0.696733,0.420942,-0.526518,-0.184273,-0.024393,0.288334,-0.86877,-0.492521,0.051511,0.36297,-0.562822,0.742576,-0.335638,0.664437,0.667633,0.076096,-0.022761,-0.01279,0.607017,-0.554192,-0.075979,-1.404252,0.034698,0.029704,-0.025306,0.90796,0.41872,0.01675,-0.299617,0.62071,0.724533,0.29298,-0.662866,0.689035,0.038436,-0.016702,-0.00206,0.053849,-0.235711,-0.12141,-0.87128,0.078734,0.024323,-0.066721,0.363459,-0.262445,-0.893878,0.245344,0.952592,-0.179924,0.898722,-0.153913,0.410618,-0.00739,-0.03653,0.031819,-0.255461,0.16671,0.111576,-0.620197
242,0.15999,-0.038627,0.304219,-0.262218,0.282932,-0.922625,-0.282438,-0.936665,-0.207024,-0.922444,0.205941,0.326669,-0.014998,-0.063535,0.05345,-0.221637,0.352653,0.010867,-0.526419,-0.181375,-0.025489,0.288201,-0.862437,-0.504159,0.044917,0.369693,-0.567069,0.735998,-0.344492,0.651985,0.675354,0.077392,-0.028925,0.001211,0.357119,-1.554162,-1.261489,-1.404788,0.036176,0.029145,-0.025381,0.902439,0.430711,0.009519,-0.306267,0.625846,0.717298,0.302991,-0.650233,0.6967,0.038689,-0.014219,0.000838,0.481379,-1.584633,-1.266364,-0.875199,0.078396,0.023091,-0.065653,0.376494,-0.275525,-0.884498,0.25126,0.949333,-0.188771,0.891695,-0.151167,0.426646,-0.015297,-0.025942,0.023001,-0.185973,0.263398,0.17412,-0.63326
243,0.159185,-0.040763,0.305954,-0.2719,0.300881,-0.914104,-0.28425,-0.932568,-0.222466,-0.919067,0.198966,0.340228,-0.015377,-0.054922,0.042146,-0.186554,0.39378,0.057521,-0.523047,-0.178816,-0.026537,0.288399,-0.858323,-0.5116,0.03921,0.371614,-0.567375,0.734794,-0.352583,0.645899,0.677024,0.063287,-0.036772,0.014586,-0.099961,-0.403863,-0.282006,-1.404879,0.037432,0.028636,-0.025286,0.898277,0.439415,0.003449,-0.30936,0.626799,0.715136,0.31208,-0.643457,0.698976,0.031234,-0.012925,0.003028,-0.176699,-1.151051,-1.250668,-0.877974,0.077993,0.022021,-0.06478,0.385984,-0.292679,-0.874845,0.254888,0.945255,-0.203777,0.886593,-0.144333,0.439453,-0.015532,-0.02199,0.016905,-0.152718,0.348016,0.238806,-0.63326
244,0.158801,-0.04174,0.306695,-0.276371,0.312255,-0.908934,-0.281909,-0.930456,-0.23399,-0.918449,0.191174,0.346309,-0.015523,-0.044575,0.032954,-0.144618,0.640907,0.472871,-0.521254,-0.177697,-0.027071,0.288572,-0.857613,-0.51285,0.038428,0.372279,-0.567755,0.734164,-0.353607,0.644573,0.677754,0.048109,-0.036639,0.016065,-0.047413,-0.029966,-0.015724,-1.404693,0.037997,0.028371,-0.025197,0.897541,0.440922,0.002621,-0.310108,0.627007,0.714628,0.313452,-0.642222,0.699498,0.031335,-0.012012,0.004154,-0.024265,-0.070963,0.0534,-0.879444,0.077801,0.021528,-0.064407,0.389114,-0.302311,-0.87017,0.253406,0.9433,-0.214402,0.885649,-0.137079,0.443659,-0.007787,-0.02795,0.020487,-0.159375,0.170214,-0.030498,-0.632933
245,0.158144,-0.043531,0.307999,-0.279279,0.332832,-0.900706,-0.287252,-0.92398,-0.252425,-0.915908,0.187812,0.354775,-0.015694,-0.045526,0.03178,-0.042535,0.222859,0.207802,-0.516804,-0.175817,-0.028133,0.288988,-0.85394,-0.519016,0.037417,0.375503,-0.565079,0.734586,-0.359032,0.64199,0.677353,0.032142,-0.025666,0.009045,-0.062438,0.002773,-0.004983,-1.40472,0.038943,0.02784,-0.024981,0.894388,0.447288,0.001406,-0.313481,0.624583,0.715279,0.319058,-0.640178,0.698836,0.023744,-0.012289,0.004453,-0.082658,-0.021999,0.051007,-0.882547,0.077473,0.020632,-0.063755,0.393881,-0.324015,-0.860157,0.261657,0.936614,-0.232998,0.881131,-0.133293,0.453695,-0.007833,-0.022427,0.016312,0.254027,-0.163075,0.933284,-0.630811
246,0.157753,-0.04506,0.309064,-0.285862,0.349344,-0.892349,-0.292676,-0.918489,-0.265878,-0.912146,0.184724,0.365916,-0.015693,-0.033815,0.02425,-0.116485,0.439943,0.128228,-0.509479,-0.174537,-0.029179,0.289345,-0.849107,-0.527053,0.034976,0.379908,-0.563594,0.733461,-0.365781,0.636732,0.678705,0.016878,-0.026276,0.009692,-0.049905,0.008878,-0.041042,-1.404759,0.039589,0.027317,-0.024803,0.890257,0.455455,-0.001349,-0.317941,0.623579,0.714186,0.326121,-0.63538,0.699954,0.016122,-0.0126,0.004763,-0.082279,-0.016817,0.010918,-0.885323,0.077271,0.019847,-0.063215,0.399905,-0.3397,-0.85128,0.268704,0.931424,-0.245452,0.876283,-0.130585,0.46376,-0.007871,-0.016929,0.012107,-0.119722,0.484186,0.145648,-0.626565
247,0.157531,-0.046106,0.309883,-0.291589,0.358885,-0.886692,-0.296025,-0.915271,-0.273165,-0.909241,0.182379,0.374225,0.000117,-0.021234,0.017728,-0.073547,0.140368,0.025859,-0.49193,-0.173758,-0.029847,0.289627,-0.83917,-0.542964,0.031218,0.390981,-0.562607,0.728382,-0.376855,0.62412,0.684337,0.016166,-0.012236,0.00523,0.149801,-0.471878,-0.444585,-1.404872,0.039979,0.026975,-0.024664,0.882137,0.470959,-0.005581,-0.328343,0.623418,0.709605,0.337674,-0.624136,0.704576,0.008076,-0.005452,0.003427,0.160673,-1.371283,-1.241323,-0.88369,0.07716,0.019329,-0.062816,0.405984,-0.349322,-0.844481,0.273133,0.928206,-0.252646,0.872108,-0.128086,0.472249,5.4e-05,-0.010497,0.009014,-0.076325,0.108168,0.003756,-0.618074
248,0.157488,-0.046415,0.310193,-0.294496,0.363538,-0.883831,-0.29713,-0.913785,-0.276914,-0.90794,0.180604,0.378224,0.000205,-0.009239,0.010554,-0.038678,0.343089,0.168285,-0.48409,-0.173571,-0.030032,0.289742,-0.837347,-0.545952,0.02788,0.392442,-0.565055,0.725697,-0.379377,0.619283,0.687331,0.000833,-0.011432,0.007765,0.40812,-0.271917,-0.203611,-1.405121,0.040078,0.026882,-0.024608,0.880835,0.473341,-0.008808,-0.328695,0.624842,0.708189,0.340718,-0.620903,0.705967,0.008106,-0.005354,0.003578,-0.042297,-0.217636,0.177871,-0.884506,0.077138,0.01917,-0.062658,0.407787,-0.352889,-0.842126,0.274395,0.927026,-0.255594,0.87087,-0.126848,0.474861,0.000141,-0.009714,0.009973,-0.071843,0.530721,0.253534,-0.611869
249,0.15751,-0.046708,0.310589,-0.299972,0.365505,-0.881174,-0.298631,-0.913211,-0.277193,-0.905646,0.179535,0.384185,0.000255,0.002391,0.002929,-0.00785,0.278284,-0.04232,-0.479243,-0.173535,-0.030203,0.289874,-0.833057,-0.552459,0.028224,0.397749,-0.562966,0.72443,-0.383268,0.615407,0.688652,0.000847,-0.010958,0.00837,-0.023087,0.003016,-0.023946,-1.404811,0.040096,0.026798,-0.024541,0.876233,0.481805,-0.008904,-0.335928,0.623973,0.705556,0.345496,-0.615241,0.708597,8e-06,0.000232,0.000294,-0.016273,-0.002972,-0.006346,-0.885323,0.077148,0.019019,-0.062457,0.413216,-0.354738,-0.838697,0.276081,0.926459,-0.255836,0.867773,-0.125833,0.480764,0.000115,-0.004427,0.005514,-0.040076,0.365777,0.172165,-0.603867
250,0.157587,-0.046669,0.310686,-0.302524,0.362879,-0.881387,-0.297825,-0.914352,-0.274287,-0.90506,0.179063,0.385785,0.000135,0.001266,0.00155,-0.0,4.2e-05,2.3e-05,-0.475868,-0.173847,-0.030201,0.289891,-0.826436,-0.562642,0.020711,0.399739,-0.560668,0.725117,-0.395317,0.608245,0.688205,-0.015411,-0.001647,-0.000591,-0.00477,-0.001957,-0.084408,-1.404971,0.039952,0.0268,-0.024524,0.870468,0.491937,-0.016812,-0.337754,0.621794,0.706607,0.35806,-0.609401,0.707405,-0.007688,-0.000282,0.0004,-0.026353,-0.23726,-0.543674,-0.886629,0.077181,0.019043,-0.062403,0.416035,-0.352324,-0.83832,0.275035,0.927467,-0.253298,0.866757,-0.125186,0.482761,6.9e-05,0.006266,-0.003258,0.035818,-0.015674,0.016704,-0.600602
251,0.157613,-0.046615,0.310686,-0.304138,0.361201,-0.881521,-0.297166,-0.915102,-0.272494,-0.904734,0.178627,0.38675,0.000136,0.001281,0.001568,-0.005508,0.094823,-0.174747,-0.47365,-0.174125,-0.030219,0.289878,-0.822938,-0.567803,0.01911,0.402149,-0.558639,0.725351,-0.400133,0.605313,0.688007,-0.015411,-0.001582,-0.000516,-0.002121,0.012283,-0.032017,-1.405138,0.039807,0.02679,-0.024531,0.867324,0.497397,-0.018532,-0.34041,0.619921,0.706978,0.363137,-0.606871,0.706991,-0.007707,-0.000955,-0.000454,-0.013709,0.117681,-0.20799,-0.890385,0.0772,0.019069,-0.062404,0.417526,-0.350559,-0.838319,0.274143,0.928191,-0.251604,0.866323,-0.124768,0.483648,7.1e-05,0.000691,0.000843,0.000939,-0.014116,0.024958,-0.598152
252,0.15766,-0.04655,0.310651,-0.30705,0.358163,-0.881751,-0.295972,-0.916447,-0.269251,-0.904138,0.177848,0.388499,9e-06,8.5e-05,0.000104,-0.0,0.0,0.0,-0.465465,-0.174736,-0.030296,0.289874,-0.812479,-0.582847,0.012576,0.408069,-0.553372,0.726081,-0.415199,0.595786,0.687394,-0.015402,-0.001155,1.5e-05,-0.004531,-0.032611,-0.043805,-1.404984,0.039501,0.02675,-0.024536,0.858079,0.512879,-0.025583,-0.34663,0.615253,0.708033,0.378875,-0.598681,0.705715,-0.007697,-0.00064,-5.7e-05,-0.022269,-0.034702,-0.24762,-0.890058,0.077224,0.019104,-0.062419,0.420372,-0.347246,-0.838276,0.272475,0.929541,-0.248414,0.865473,-0.123983,0.485369,-0.0,3e-06,3e-06,8.2e-05,3.5e-05,-8.6e-05,-0.593417
253,0.157683,-0.046554,0.31063,-0.307909,0.357271,-0.881813,-0.294453,-0.917069,-0.268799,-0.904341,0.176436,0.38867,-1e-05,-9e-05,-0.00011,8e-06,-7e-06,1.3e-05,-0.446972,-0.175435,-0.030407,0.289952,-0.808782,-0.587997,0.011112,0.410464,-0.551053,0.726494,-0.420022,0.592871,0.686985,-0.015379,-0.000338,0.001042,-0.002045,0.015205,-0.029245,-1.405085,0.039158,0.026693,-0.0245,0.854817,0.518218,-0.027154,-0.34921,0.613163,0.708578,0.383848,-0.596222,0.705109,-0.007686,-8.8e-05,0.000639,-0.00172,0.018223,-0.029049,-0.885159,0.077235,0.019101,-0.062431,0.421155,-0.346337,-0.838258,0.270871,0.930072,-0.248182,0.865596,-0.122536,0.485517,-7e-06,-6.2e-05,-7.5e-05,-0.008477,0.097099,-0.178876,-0.584763
254,0.157672,-0.04655,0.31065,-0.308298,0.36064,-0.880304,-0.293067,-0.916326,-0.27282,-0.904658,0.173424,0.389289,3.7e-05,0.000346,0.000423,-0.004459,0.121923,-0.158019,-0.431062,-0.176004,-0.030452,0.290119,-0.797941,-0.602686,0.007201,0.417798,-0.544657,0.727137,-0.433296,0.583975,0.686361,0.000863,-0.009628,0.010069,-0.120392,-1.760874,-0.554821,-1.405475,0.038862,0.02667,-0.024416,0.845453,0.533132,-0.031272,-0.356866,0.607548,0.709599,0.397309,-0.588773,0.70391,0.000419,-0.004743,0.005125,-0.135742,-1.83615,-0.502228,-0.888099,0.07723,0.019102,-0.062422,0.421769,-0.349874,-0.836479,0.270029,0.929158,-0.252485,0.86556,-0.119383,0.486366,2e-05,0.000186,0.000226,-0.009642,0.094606,-0.18123,-0.571863
255,0.157662,-0.046539,0.310665,-0.308696,0.360222,-0.880336,-0.292925,-0.916506,-0.272366,-0.904568,0.17334,0.389535,3.2e-05,0.000299,0.000366,2e-06,0.000408,0.000222,-0.428685,-0.176242,-0.030428,0.290239,-0.79782,-0.602867,0.005143,0.416541,-0.545224,0.727433,-0.434725,0.583257,0.686067,-0.015253,0.00305,0.005337,-0.002097,0.014792,-0.028807,-1.405015,0.038754,0.026677,-0.024363,0.845039,0.533645,-0.033631,-0.355662,0.607936,0.709871,0.399265,-0.587908,0.703527,6.9e-05,0.001901,0.002434,0.002068,-0.012376,0.024091,-0.886792,0.077225,0.019108,-0.062414,0.422015,-0.349245,-0.836618,0.26979,0.929391,-0.251883,0.865514,-0.119413,0.48644,-0.007793,0.000489,0.000632,-0.001756,0.007815,-0.034535,-0.56778
256,0.15764,-0.046529,0.310693,-0.309622,0.35925,-0.880408,-0.292617,-0.91692,-0.271302,-0.90435,0.173169,0.390117,5e-06,4.7e-05,5.7e-05,0.0,0.0,0.0,-0.427546,-0.176621,-0.030324,0.290576,-0.794091,-0.607783,0.003105,0.418464,-0.543209,0.727836,-0.439668,0.580029,0.685654,-0.014345,-0.005551,0.016685,-0.036703,0.011164,-0.022677,-1.40512,0.038558,0.026731,-0.0242,0.841711,0.538745,-0.035713,-0.357796,0.606094,0.710374,0.404356,-0.585152,0.702917,-0.007577,0.002743,0.004218,3.7e-05,0.001593,-0.004693,-0.880261,0.077214,0.019113,-0.062399,0.422746,-0.348284,-0.83665,0.269383,0.929766,-0.250932,0.865284,-0.119299,0.486877,1e-06,1e-05,1.4e-05,-7e-06,-0.000142,-0.000125,-0.564025
257,0.157585,-0.046493,0.310737,-0.311462,0.35731,-0.880548,-0.291953,-0.917751,-0.269199,-0.90393,0.172783,0.391258,7.3e-05,0.000685,0.000838,0.0,0.0,0.0,-0.424221,-0.176748,-0.030157,0.291119,-0.793981,-0.607923,0.003879,0.418766,-0.542473,0.728211,-0.43958,0.580571,0.685251,0.000396,0.010544,0.013339,0.003572,-0.03053,0.048752,-1.405401,0.03849,0.026812,-0.023922,0.84165,0.538891,-0.034938,-0.358119,0.605401,0.710801,0.404196,-0.585734,0.702523,0.000197,0.005447,0.006896,0.003525,-0.029893,0.04935,-0.884833,0.077186,0.019131,-0.062378,0.424578,-0.346129,-0.836616,0.268397,0.930621,-0.248811,0.864694,-0.118905,0.488021,3.7e-05,0.00035,0.000427,-1.8e-05,7e-06,-3.2e-05,-0.562065
258,0.157563,-0.046476,0.310759,-0.310572,0.358232,-0.880488,-0.291071,-0.917584,-0.270716,-0.904521,0.171756,0.390342,5e-05,0.000471,0.000576,-0.005505,0.09485,-0.174732,-0.422944,-0.176683,-0.030103,0.2915,-0.792827,-0.609425,0.004213,0.420788,-0.542584,0.726962,-0.439733,0.578892,0.686574,0.016555,0.000175,0.020988,0.002221,-0.040751,0.019766,-1.405075,0.038516,0.026841,-0.023736,0.840678,0.540424,-0.03465,-0.360213,0.605827,0.709379,0.404357,-0.583879,0.703974,0.000609,0.000313,0.0115,-0.029457,0.061843,-0.158996,-0.886302,0.077175,0.01914,-0.062367,0.423627,-0.347229,-0.836643,0.267742,0.930343,-0.250549,0.865363,-0.117865,0.487086,2.6e-05,0.000269,0.00033,-0.001659,0.001203,-0.002227,-0.561249
259,0.157567,-0.046437,0.310806,-0.309998,0.35882,-0.880451,-0.290073,-0.917559,-0.271872,-0.905039,0.170663,0.389621,7e-05,0.00066,0.000807,0.0,0.0,0.0,-0.420861,-0.17643,-0.030072,0.292367,-0.791524,-0.611103,0.005818,0.423258,-0.541493,0.726341,-0.439711,0.578144,0.687217,0.016591,0.001783,0.022931,0.119367,-0.127696,-0.009113,-1.405043,0.038643,0.026857,-0.023302,0.839786,0.541911,-0.03302,-0.36236,0.604753,0.709202,0.404294,-0.583613,0.704231,0.000609,0.000525,0.011721,0.183563,-0.135177,-0.050418,-0.886302,0.077177,0.019159,-0.062343,0.423098,-0.347833,-0.836659,0.266881,0.930257,-0.251784,0.865887,-0.116759,0.486421,4.8e-05,0.000468,0.000572,-0.000266,0.000179,-0.000362,-0.559779
260,0.15758,-0.046418,0.310813,-0.310963,0.3578,-0.880526,-0.289701,-0.918,-0.270778,-0.904826,0.170436,0.390214,1e-06,8e-06,1e-05,-0.005505,0.094855,-0.17473,-0.418854,-0.176104,-0.02999,0.293337,-0.78924,-0.614047,0.00624,0.426942,-0.541581,0.724116,-0.440256,0.574934,0.689556,0.016629,0.003725,0.025256,0.215459,-0.187769,-0.05343,-1.405493,0.038806,0.026897,-0.022818,0.837928,0.544803,-0.032633,-0.365732,0.604879,0.707361,0.405112,-0.580783,0.706098,0.000642,0.001706,0.013147,0.342863,-0.107354,-0.267532,-0.886629,0.077184,0.019169,-0.062339,0.424011,-0.346758,-0.836643,0.266369,0.930686,-0.250739,0.865598,-0.11654,0.486987,-4e-06,-2.6e-05,-3.3e-05,-1.8e-05,8e-06,-1.3e-05,-0.557166
261,0.157591,-0.046416,0.310799,-0.312381,0.356299,-0.880633,-0.289162,-0.918644,-0.269166,-0.904508,0.170114,0.391091,-5e-06,-5.1e-05,-6.2e-05,-0.005505,0.094859,-0.174727,-0.412883,-0.175851,-0.029778,0.294324,-0.788166,-0.615427,0.005938,0.428234,-0.541639,0.72331,-0.440924,0.573402,0.690406,0.001309,0.003679,0.026509,-0.030621,-0.020613,0.029971,-1.405097,0.038938,0.027006,-0.022322,0.836435,0.547064,-0.033101,-0.367893,0.605207,0.705959,0.406238,-0.578312,0.707477,0.000641,0.001892,0.013318,-0.048198,-0.018107,0.029573,-0.888262,0.077189,0.019169,-0.062347,0.425348,-0.345181,-0.836617,0.265625,0.931311,-0.249203,0.865171,-0.116229,0.48782,-2e-06,-3.8e-05,-4.5e-05,-1.5e-05,6e-06,1e-06,-0.55488
262,0.157591,-0.046422,0.310792,-0.311309,0.357409,-0.880562,-0.288344,-0.918395,-0.270886,-0.90514,0.169125,0.390058,-3.8e-05,-0.000357,-0.000437,0.000951,-0.000859,0.001553,-0.410367,-0.175774,-0.029634,0.294793,-0.786998,-0.616917,0.006204,0.430227,-0.541763,0.722033,-0.441071,0.571681,0.691738,0.001301,0.003578,0.026322,-0.035718,0.079386,-0.14211,-1.405377,0.038978,0.02708,-0.022076,0.835404,0.54865,-0.032916,-0.369889,0.605489,0.704674,0.406549,-0.576512,0.708767,0.000636,0.001796,0.013167,-0.061279,0.082611,-0.143229,-0.889078,0.077189,0.019167,-0.06235,0.424399,-0.346275,-0.836646,0.26495,0.931036,-0.250942,0.865844,-0.11517,0.486877,-2e-05,-0.000201,-0.000246,-0.002811,0.001897,-0.003473,-0.552921
263,0.157603,-0.046408,0.310791,-0.312185,0.35648,-0.880629,-0.288002,-0.918795,-0.269892,-0.904946,0.168917,0.390597,5e-06,4.3e-05,5.3e-05,0.0,0.0,0.0,-0.403879,-0.175677,-0.029268,0.295762,-0.782157,-0.623041,0.006415,0.435222,-0.539132,0.721007,-0.444762,0.567513,0.692805,0.001354,0.00547,0.02851,-0.032268,-0.019557,0.03075,-1.404942,0.039025,0.027259,-0.021605,0.831073,0.55519,-0.032847,-0.375095,0.603134,0.70394,0.410632,-0.572705,0.709498,0.000268,0.008602,0.010549,-0.017222,0.076239,-0.119504,-0.888752,0.077195,0.019173,-0.062351,0.425259,-0.345258,-0.83663,0.264491,0.931436,-0.249941,0.865562,-0.114992,0.487419,2e-06,2.5e-05,3e-05,-9.2e-05,5.7e-05,-0.000103,-0.549002
264,0.157591,-0.046406,0.310779,-0.313123,0.355481,-0.8807,-0.287636,-0.919223,-0.268825,-0.904738,0.168697,0.391175,-4e-06,-3.7e-05,-4.5e-05,0.0,0.0,0.0,-0.390812,-0.175692,-0.028979,0.296756,-0.779827,-0.625955,0.006493,0.438901,-0.539521,0.718482,-0.44524,0.563926,0.695422,0.001302,0.004032,0.026615,0.305194,-0.23083,-0.124662,-1.404873,0.039018,0.027408,-0.021102,0.829731,0.557205,-0.03266,-0.377468,0.603266,0.702557,0.411171,-0.570606,0.710876,0.000635,0.002006,0.013295,0.541105,-0.185844,-0.3096,-0.889405,0.077189,0.019174,-0.062357,0.426143,-0.344208,-0.836613,0.263988,0.931851,-0.248925,0.865281,-0.114779,0.487969,-2e-06,-1.9e-05,-2.4e-05,-3e-05,-4e-06,-2.3e-05,-0.541981
265,0.157602,-0.04639,0.310765,-0.311687,0.356972,-0.880606,-0.286901,-0.91882,-0.270976,-0.905468,0.167737,0.389896,-0.0,-1e-06,-1e-06,0.0,-0.0,0.0,-0.382283,-0.175715,-0.028903,0.297244,-0.779739,-0.626057,0.007069,0.438998,-0.538827,0.718943,-0.445297,0.564477,0.694938,0.001254,0.002626,0.02485,-0.027928,-0.022226,0.028784,-1.40486,0.039007,0.027449,-0.020846,0.828941,0.5584,-0.032322,-0.378916,0.603125,0.701899,0.411434,-0.569586,0.711542,0.000608,0.001199,0.012287,-0.04748,-0.019203,0.028325,-0.889568,0.077195,0.019182,-0.062364,0.424777,-0.345792,-0.836655,0.26351,0.931386,-0.251159,0.866098,-0.113781,0.486751,0.0,3e-06,4e-06,-0.001536,0.001127,-0.002034,-0.536265
266,0.157637,-0.046367,0.310743,-0.312315,0.356302,-0.880655,-0.2866,-0.919118,-0.270284,-0.905346,0.167533,0.390267,-0.0,-0.0,-0.0,0.0,-0.0,0.0,-0.370259,-0.17568,-0.028927,0.298108,-0.776141,-0.630505,0.007717,0.444904,-0.539098,0.715099,-0.445725,0.559242,0.698885,0.001118,-0.00152,0.019763,0.122111,-0.102786,-0.065693,-1.404755,0.039024,0.027441,-0.020426,0.826085,0.562649,-0.031754,-0.384405,0.603798,0.698326,0.412085,-0.564671,0.715074,0.000552,-0.000529,0.010161,0.202365,-0.057809,-0.238237,-0.891364,0.077212,0.019194,-0.062375,0.425381,-0.345073,-0.836645,0.263125,0.931676,-0.250486,0.865918,-0.11359,0.487115,-0.0,1e-06,3e-06,-4.4e-05,2.8e-05,-5.5e-05,-0.525162
267,0.157672,-0.046352,0.310728,-0.313159,0.355404,-0.880718,-0.286244,-0.919507,-0.269336,-0.905166,0.167307,0.39078,-0.0,-0.0,-0.0,0.0,0.0,0.0,-0.362495,-0.175616,-0.029092,0.298781,-0.773802,-0.633375,0.007625,0.4483,-0.539293,0.712828,-0.446388,0.5558,0.701204,0.000993,-0.005373,0.015091,0.093907,-0.085178,-0.052622,-1.40451,0.039057,0.027358,-0.020074,0.823809,0.565964,-0.031973,-0.388065,0.604179,0.695969,0.413211,-0.560938,0.717359,0.000478,-0.002921,0.007261,0.091648,-0.085972,-0.05382,-0.892344,0.07723,0.019201,-0.062382,0.426176,-0.344128,-0.836629,0.262647,0.932053,-0.249586,0.865672,-0.113371,0.487603,-1e-06,1e-06,0.0,-0.005511,0.09492,-0.174713,-0.517977
268,0.157709,-0.046327,0.310727,-0.314177,0.354319,-0.880793,-0.285823,-0.919974,-0.268188,-0.904945,0.167046,0.391403,3.8e-05,0.000362,0.000442,-0.005503,0.09491,-0.1747,-0.355132,-0.175552,-0.029307,0.299197,-0.77254,-0.634906,0.00815,0.450192,-0.538825,0.711989,-0.44667,0.554506,0.702048,0.015293,0.003066,0.002277,-0.007708,0.086571,-0.141369,-1.404906,0.039082,0.027249,-0.019868,0.822484,0.567907,-0.031623,-0.390172,0.603783,0.695134,0.413865,-0.559399,0.718184,0.000439,-0.004189,0.005734,-0.051554,0.012726,-0.019133,-0.892671,0.077248,0.019213,-0.062384,0.427039,-0.343102,-0.83661,0.262131,0.932459,-0.248608,0.865404,-0.113137,0.488134,2.4e-05,0.000233,0.000285,-1.9e-05,-2e-06,-0.0,-0.512262
269,0.15772,-0.046327,0.310726,-0.312663,0.355896,-0.880696,-0.285167,-0.919527,-0.270409,-0.905678,0.166149,0.390088,1e-06,5e-06,6e-06,0.0,-0.0,0.0,-0.351644,-0.175531,-0.029374,0.299343,-0.771374,-0.636324,0.008022,0.451993,-0.539143,0.710606,-0.446868,0.552567,0.70345,6.6e-05,0.002094,0.002515,0.013099,-0.008294,-0.00603,-1.40466,0.039099,0.027214,-0.019797,0.821443,0.569408,-0.031687,-0.392064,0.604205,0.693701,0.414144,-0.557413,0.719565,0.008041,-0.004176,0.005046,-0.04748,-0.009763,0.002877,-0.892834,0.077254,0.019214,-0.062383,0.425689,-0.34467,-0.836654,0.261686,0.931997,-0.250802,0.866203,-0.112177,0.486936,-1e-06,-6e-06,-6e-06,-0.007748,0.096579,-0.177699,-0.509649
270,0.157732,-0.046333,0.310719,-0.313069,0.355464,-0.880726,-0.285018,-0.91971,-0.269944,-0.905584,0.166064,0.390342,-0.0,-1e-06,-1e-06,0.0,-0.0,0.0,-0.346658,-0.175482,-0.029455,0.299564,-0.770105,-0.637853,0.008533,0.454136,-0.538987,0.709357,-0.446885,0.550954,0.704703,0.000863,-0.009486,0.010138,-0.044613,0.111549,-0.189419,-1.40471,0.039123,0.027176,-0.019691,0.820338,0.571016,-0.031368,-0.394103,0.604223,0.692528,0.414399,-0.555745,0.720707,2.5e-05,0.000944,0.001132,-0.014696,0.000455,-0.002563,-0.893814,0.077259,0.019211,-0.062387,0.426091,-0.344193,-0.836646,0.261485,0.932181,-0.250325,0.866066,-0.112109,0.487195,2e-06,1e-06,0.0,-5.3e-05,2.6e-05,-7.3e-05,-0.505077
271,0.157732,-0.046319,0.310719,-0.313653,0.354839,-0.880771,-0.28478,-0.919978,-0.269281,-0.905456,0.165917,0.3907,6.2e-05,0.00058,0.000709,0.0,0.0,0.0,-0.342785,-0.175471,-0.029589,0.299695,-0.768686,-0.639542,0.009909,0.456867,-0.538331,0.708101,-0.446547,0.549636,0.705946,0.0,7e-06,9e-06,0.013036,-0.008305,-0.00602,-1.404335,0.039129,0.027106,-0.019622,0.819109,0.572857,-0.029894,-0.396985,0.603712,0.691327,0.414079,-0.554405,0.721922,0.0004,-0.005644,0.003988,-0.059591,0.108011,-0.196238,-0.89414,0.07726,0.019216,-0.062388,0.426641,-0.343536,-0.836635,0.261163,0.932441,-0.249695,0.865893,-0.111968,0.487536,3.6e-05,0.00033,0.000404,-1e-06,5e-06,5e-06,-0.501974
272,0.157732,-0.046319,0.310719,-0.31406,0.354404,-0.880801,-0.284631,-0.920161,-0.268813,-0.905362,0.165832,0.390956,1e-06,8e-06,1e-05,0.0,0.0,0.0,-0.339381,-0.175441,-0.029702,0.299766,-0.768566,-0.639675,0.010661,0.457199,-0.537695,0.70837,-0.446415,0.550105,0.705664,-1e-05,-0.000307,-0.000368,0.000162,-0.000103,-7.5e-05,-1.404528,0.039144,0.027048,-0.019587,0.81901,0.573038,-0.029117,-0.397299,0.602987,0.69178,0.413974,-0.555007,0.721521,0.000395,-0.005812,0.003785,-0.053499,0.115923,-0.186627,-0.89463,0.07726,0.019218,-0.062387,0.427024,-0.343079,-0.836627,0.260953,0.932619,-0.249249,0.865767,-0.111885,0.487778,0.0,-0.0,1e-06,-0.005497,0.094929,-0.17469,-0.500178
273,0.157733,-0.046298,0.310713,-0.314732,0.353681,-0.880851,-0.284334,-0.920473,-0.268056,-0.905221,0.165644,0.391362,1e-06,7e-06,9e-06,0.0,0.0,0.0,-0.335099,-0.175343,-0.03,0.299917,-0.767271,-0.641218,0.011256,0.459253,-0.537296,0.707343,-0.446535,0.548698,0.706683,0.015981,-0.012355,0.005287,-0.03363,0.008974,-0.014531,-1.404394,0.039187,0.026905,-0.019512,0.81787,0.57469,-0.028595,-0.399425,0.602809,0.69071,0.414181,-0.55349,0.722565,0.000391,-0.005955,0.003614,-0.049253,0.011779,-0.019784,-0.895283,0.07726,0.019229,-0.06239,0.427658,-0.342319,-0.836615,0.260559,0.93292,-0.248533,0.865573,-0.111701,0.488165,-0.0,-4e-06,-4e-06,-1.6e-05,5e-06,-0.0,-0.496422
274,0.157744,-0.046304,0.310705,-0.315341,0.353031,-0.880894,-0.28411,-0.920746,-0.267357,-0.905079,0.165516,0.391745,-0.0,-0.0,-0.0,0.0,0.0,0.0,-0.330224,-0.175207,-0.030407,0.300049,-0.764796,-0.64416,0.011627,0.463131,-0.537321,0.70479,-0.446776,0.545214,0.709222,0.000719,-0.014221,0.004455,-0.003525,0.003486,-0.058684,-1.404364,0.03926,0.026697,-0.019444,0.815688,0.577797,-0.028323,-0.403356,0.603156,0.688117,0.414676,-0.549865,0.725045,0.000356,-0.007159,0.002167,-0.035191,0.007259,-0.061598,-0.895773,0.077266,0.019225,-0.062394,0.428231,-0.341636,-0.836601,0.260246,0.933185,-0.247865,0.865383,-0.111579,0.488528,-0.0,1e-06,1e-06,-9e-06,-2e-06,1e-05,-0.492667
275,0.157755,-0.046304,0.310705,-0.315528,0.352832,-0.880907,-0.284041,-0.920829,-0.267143,-0.905035,0.165477,0.391862,-0.0,-0.0,-0.0,0.0,0.0,0.0,-0.327363,-0.175128,-0.030641,0.300099,-0.763591,-0.645589,0.011589,0.464909,-0.537435,0.703531,-0.446991,0.543409,0.710471,0.000715,-0.014411,0.004225,0.011785,-0.020135,-0.040341,-1.404238,0.0393,0.026579,-0.01942,0.814618,0.5793,-0.028404,-0.405132,0.60338,0.686877,0.415047,-0.548036,0.726217,0.000351,-0.007309,0.001986,-0.01975,-0.01656,-0.043492,-0.895773,0.077271,0.019225,-0.062394,0.428407,-0.341427,-0.836596,0.260149,0.933266,-0.247661,0.865325,-0.111541,0.48864,-0.0,1e-06,2e-06,-6e-06,-7e-06,2.3e-05,-0.491034
276,0.157756,-0.046299,0.310712,-0.316123,0.352194,-0.880949,-0.283821,-0.921096,-0.266458,-0.904896,0.165353,0.392236,1e-06,5e-06,6e-06,0.0,0.0,0.0,-0.325343,-0.174998,-0.031132,0.300065,-0.762251,-0.647158,0.012334,0.467025,-0.53687,0.702561,-0.447075,0.5421,0.711417,-0.000175,-0.005774,-0.006957,0.000514,-0.000331,-0.000238,-1.404349,0.039365,0.026337,-0.019433,0.813345,0.581122,-0.02767,-0.407312,0.602749,0.686141,0.41541,-0.5468,0.726941,0.000301,-0.009113,-0.00019,-0.04713,0.028041,-0.042155,-0.895773,0.077272,0.019228,-0.06239,0.428968,-0.340757,-0.836582,0.259842,0.933525,-0.247007,0.86514,-0.111421,0.488995,-1e-06,-2e-06,-3e-06,-2.2e-05,-1e-06,3e-06,-0.488094
277,0.157756,-0.046299,0.310712,-0.316733,0.351541,-0.880991,-0.283594,-0.921368,-0.265756,-0.904753,0.165227,0.392619,0.0,0.0,0.0,0.0,0.0,0.0,-0.323821,-0.174991,-0.031551,0.299719,-0.760836,-0.648798,0.013404,0.469652,-0.536446,0.701132,-0.446733,0.540556,0.712805,-0.000292,-0.009548,-0.01155,-0.001675,0.014779,-0.024682,-1.404459,0.039369,0.026135,-0.019598,0.812117,0.582882,-0.026704,-0.409919,0.602504,0.684802,0.415249,-0.545194,0.728238,-0.000139,-0.004664,-0.00564,-0.006307,0.016862,-0.023521,-0.892834,0.077272,0.019228,-0.062391,0.429541,-0.340071,-0.836567,0.259526,0.933789,-0.246337,0.86495,-0.1113,0.489358,1e-06,-2e-06,-5e-06,-2.3e-05,2e-06,-6e-06,-0.486298
