frame,MLTx,MLTy,MLTz,MLTR1,MLTR2,MLTR3,MLTR4,MLTR5,MLTR6,MLTR7,MLTR8,MLTR9,MLTTVx,MLTTVy,MLTTVz,MLTRVx,MLTRVy,MLTRVz,MLGA,MRTx,MRTy,MRTz,MRTR1,MRTR2,MRTR3,MRTR4,MRTR5,MRTR6,MRTR7,MRTR8,MRTR9,MRTTVx,MRTTVy,MRTTVz,MRTRVx,MRTRVy,MRTRVz,MRGA,SLTx,SLTy,SLTz,SLTR1,SLTR2,SLTR3,SLTR4,SLTR5,SLTR6,SLTR7,SLTR8,SLTR9,SLTTVx,SLTTVy,SLTTVz,SLTRVx,SLTRVy,SLTRVz,SLGA,SRTx,SRTy,SRTz,SRTR1,SRTR2,SRTR3,SRTR4,SRTR5,SRTR6,SRTR7,SRTR8,SRTR9,SRTTVx,SRTTVy,SRTTVz,SRTRVx,SRTRVy,SRTRVz,SRGA
1,0.114067,-0.008259,0.359096,-0.313982,0.488686,-0.814031,-0.699615,-0.698655,-0.149637,-0.64147,0.521914,0.562271,-0.0,-0.0,-0.0,0.0,0.0,0.0,0.099758,-0.200528,-0.001757,0.294829,0.801251,0.318493,0.506509,-0.410276,0.90859,0.077924,-0.436384,-0.270656,0.858008,0.019329,-0.0155,0.063255,-0.127657,-0.036239,0.04861,0.143451,0.018343,0.022334,-0.030492,-0.823171,-0.227607,0.520176,0.285535,-0.957807,0.032759,0.490773,0.175495,0.85343,0.002411,-0.007409,0.03246,-0.142751,0.011087,0.023108,-0.000288,0.071948,0.020748,-0.063591,-0.379679,0.476757,-0.792809,-0.572502,-0.794258,-0.203455,-0.726694,0.376637,0.574507,-2e-06,0.0,4e-06,-1e-05,-5e-06,5e-06,-0.068928
2,0.114016,-0.008252,0.359101,-0.314231,0.488581,-0.813998,-0.699544,-0.69877,-0.149435,-0.641425,0.521859,0.562373,-0.0,-0.0,-0.0,0.0,0.0,0.0,0.102649,-0.199894,-0.002538,0.29739,0.803585,0.312866,0.506317,-0.402607,0.912215,0.075531,-0.439236,-0.264947,0.858335,0.019266,-0.015507,0.062879,0.357993,0.54474,-0.284604,0.157937,0.018668,0.02194,-0.029178,-0.825124,-0.221385,0.519767,0.277425,-0.960233,0.031417,0.492143,0.17012,0.853729,0.002571,-0.013442,0.035756,1.458863,1.923262,-1.117872,0.021756,0.071922,0.020752,-0.063588,-0.379908,0.47661,-0.792787,-0.572415,-0.794371,-0.203258,-0.726642,0.376584,0.574607,-1e-06,-0.0,4e-06,-1.1e-05,4e-06,8e-06,-0.066478
3,0.113922,-0.008239,0.359111,-0.314435,0.488493,-0.813972,-0.699486,-0.698864,-0.149269,-0.641389,0.521815,0.562455,-0.0,-0.0,-0.0,0.0,0.0,0.0,0.105866,-0.199314,-0.003141,0.299635,0.804206,0.305874,0.509593,-0.394077,0.916201,0.072199,-0.445803,-0.259277,0.856679,0.01829,-0.008875,0.049662,3.209067,0.946335,4.442735,0.164223,0.018959,0.021645,-0.028041,-0.823494,-0.219414,0.523177,0.274059,-0.961298,0.028218,0.496738,0.166618,0.851756,0.009106,-0.004407,0.024844,1.539906,1.881844,-1.08402,0.035636,0.071876,0.020758,-0.063583,-0.380094,0.476489,-0.79277,-0.572344,-0.794464,-0.203096,-0.726601,0.376542,0.574687,-1e-06,-1e-06,3e-06,-1.7e-05,1.4e-05,6e-06,-0.063049
4,0.113797,-0.008228,0.359119,-0.314726,0.488368,-0.813935,-0.699402,-0.698998,-0.149032,-0.641337,0.521753,0.562572,-3.7e-05,-0.000163,-0.000132,0.0,0.0,0.0,0.107716,-0.198609,-0.003435,0.301216,0.800971,0.300293,0.517939,-0.389021,0.918587,0.069242,-0.455972,-0.257338,0.851897,0.016644,0.006927,0.026448,-0.22495,0.260832,0.303494,0.163854,0.019312,0.021497,-0.027236,-0.82044,-0.211154,0.53131,0.263429,-0.964391,0.023514,0.507426,0.159254,0.84685,0.008436,-0.003176,0.016084,-0.437602,0.526877,0.390281,0.040861,0.071813,0.020764,-0.063579,-0.380361,0.476316,-0.792746,-0.572243,-0.794596,-0.202864,-0.726541,0.376482,0.574802,-0.006911,0.000882,0.00064,-0.000991,0.014714,-0.029538,-0.06011
5,0.113732,-0.008232,0.359114,-0.3149,0.488293,-0.813912,-0.699351,-0.699079,-0.148889,-0.641306,0.521715,0.562643,-0.000128,-0.000561,-0.000456,0.0,0.0,0.0,0.108514,-0.198212,-0.003451,0.301714,0.800298,0.299988,0.519154,-0.388668,0.918796,0.06845,-0.457454,-0.256947,0.851221,0.030624,0.002383,0.020619,-0.03143,-0.045455,0.092299,0.164451,0.019499,0.021491,-0.026991,-0.819281,-0.209564,0.533723,0.262543,-0.964615,0.024258,0.509753,0.159999,0.845311,0.008015,0.000549,0.010072,-0.02453,-0.034694,0.033268,0.041678,0.071781,0.020763,-0.063581,-0.380522,0.476212,-0.792732,-0.572182,-0.794675,-0.202725,-0.726505,0.376446,0.574871,-0.006987,0.000558,0.000376,-0.000992,0.014695,-0.029552,-0.058804
6,0.113631,-0.008253,0.359097,-0.314329,0.485934,-0.815543,-0.699214,-0.699535,-0.147384,-0.641737,0.523304,0.560672,-0.000228,-0.000997,-0.000811,-0.008927,-0.045354,-0.023201,0.109427,-0.19743,-0.003324,0.302263,0.799345,0.29518,0.523362,-0.386447,0.919472,0.071862,-0.460995,-0.260076,0.848356,0.029578,0.008152,0.006799,-0.009418,-0.023481,0.098989,0.164666,0.019891,0.021549,-0.026708,-0.817469,-0.205087,0.538222,0.260469,-0.965079,0.02787,0.513711,0.162973,0.842342,0.014755,0.003824,0.003118,0.010141,-0.046436,0.089946,0.042005,0.071731,0.020753,-0.063589,-0.379444,0.473857,-0.794657,-0.571955,-0.79525,-0.201106,-0.727247,0.3782,0.572778,-0.000172,-0.000753,-0.00061,-0.009008,-0.039317,-0.018962,-0.056844
7,0.113554,-0.008262,0.359088,-0.314546,0.485842,-0.815514,-0.699151,-0.699635,-0.147207,-0.641698,0.523257,0.560761,-4.8e-05,-0.000207,-0.000169,-2e-06,-1.1e-05,-6e-06,0.110638,-0.196586,-0.002996,0.302467,0.799441,0.292518,0.524709,-0.385079,0.919867,0.074107,-0.461976,-0.261677,0.847329,0.029378,0.006491,0.004989,-0.00963,0.071035,-0.077576,0.164421,0.020312,0.021708,-0.026611,-0.8173,-0.20241,0.53949,0.25897,-0.965415,0.030115,0.514736,0.164325,0.841452,0.007518,0.003644,0.003374,0.015968,-0.045083,0.047876,0.042331,0.071692,0.020746,-0.063595,-0.379738,0.47394,-0.794467,-0.571918,-0.795287,-0.201065,-0.727123,0.378018,0.573056,-2.4e-05,-9.9e-05,-7.7e-05,0.000243,0.001458,0.000787,-0.055538
8,0.113521,-0.008263,0.359074,-0.314637,0.485799,-0.815505,-0.699107,-0.699692,-0.147145,-0.641701,0.523221,0.560791,-0.013902,0.001438,0.001005,-0.000984,0.014714,-0.029553,0.112341,-0.196227,-0.002827,0.302608,0.799537,0.292333,0.524665,-0.384892,0.91994,0.074182,-0.461965,-0.261628,0.84735,0.015171,0.008946,0.008512,0.003622,-0.031256,0.053127,0.15213,0.020496,0.021784,-0.02655,-0.81743,-0.202337,0.539321,0.258786,-0.965467,0.030019,0.514623,0.164107,0.841564,0.007534,0.003919,0.003656,0.006512,-0.035157,0.050733,0.038412,0.07168,0.020746,-0.063602,-0.379805,0.473905,-0.794456,-0.571875,-0.795327,-0.201029,-0.727122,0.377978,0.573084,-9.1e-05,-0.000387,-0.000314,5.6e-05,0.000197,9.6e-05,-0.054395
9,0.113497,-0.008274,0.359065,-0.314722,0.485763,-0.815494,-0.699083,-0.699731,-0.147076,-0.641686,0.523202,0.560825,-2.4e-05,-0.000103,-8.4e-05,-0.0,-0.0,-0.0,0.117082,-0.195713,-0.002412,0.303073,0.79953,0.289845,0.526054,-0.383817,0.920194,0.07656,-0.462872,-0.263496,0.846276,0.001168,0.013764,0.014487,0.002978,-0.031818,0.047967,0.152941,0.020764,0.021988,-0.026322,-0.816996,-0.199957,0.540864,0.257803,-0.965652,0.032421,0.515804,0.165924,0.840484,0.007764,0.006858,0.006729,0.009114,-0.038229,0.049326,0.028941,0.071663,0.02074,-0.063607,-0.379904,0.473843,-0.794446,-0.571837,-0.795375,-0.200945,-0.727099,0.377954,0.573128,-7e-06,-2.9e-05,-2.1e-05,1.5e-05,6e-06,-1.9e-05,-0.04917
10,0.113505,-0.008281,0.359046,-0.314722,0.485759,-0.815496,-0.699065,-0.699746,-0.147088,-0.641705,0.523186,0.560819,-0.000223,-0.000973,-0.000791,-0.0,-0.0,-0.0,0.118039,-0.195372,-0.00192,0.303835,0.799674,0.289604,0.525968,-0.3838,0.920156,0.077094,-0.462637,-0.263892,0.846281,0.001937,0.005713,0.025647,-0.033016,-0.019007,0.030976,0.160162,0.020934,0.022237,-0.025945,-0.817139,-0.199743,0.540726,0.257797,-0.965639,0.032875,0.51558,0.166261,0.840555,0.000734,0.008918,0.009317,0.003183,-0.032385,0.047248,0.031717,0.071667,0.020739,-0.063614,-0.379905,0.473839,-0.794448,-0.571817,-0.795387,-0.200957,-0.727115,0.377934,0.57312,-0.000149,-0.000641,-0.00052,1.2e-05,5e-06,-1.7e-05,-0.045904
11,0.113506,-0.008257,0.359026,-0.31481,0.485711,-0.815491,-0.698987,-0.699831,-0.147053,-0.641747,0.523117,0.560835,-0.0,-0.0,-0.0,-0.0,-0.0,-0.0,0.119298,-0.195367,-0.00159,0.304772,0.800393,0.289712,0.524813,-0.384899,0.919479,0.07965,-0.460471,-0.266127,0.846762,0.002045,0.007087,0.026952,-0.03137,-0.035075,0.05484,0.161784,0.020937,0.022403,-0.025475,-0.817902,-0.199721,0.53958,0.259069,-0.965208,0.035434,0.513731,0.16877,0.841187,-0.006187,0.003154,0.013548,-0.04418,0.110028,-0.164676,0.035636,0.071667,0.020749,-0.063626,-0.379983,0.473777,-0.794448,-0.571726,-0.79546,-0.200925,-0.727146,0.377859,0.573132,-0.0,1e-05,9e-06,6e-06,2e-06,-2e-05,-0.044597
12,0.113507,-0.008242,0.359012,-0.314777,0.485716,-0.8155,-0.698961,-0.699846,-0.147103,-0.641791,0.523091,0.560808,-0.0,-0.0,-0.0,-0.0,-0.0,-0.0,0.12056,-0.195499,-0.001501,0.305317,0.799699,0.288076,0.526769,-0.385055,0.919199,0.082092,-0.461548,-0.268857,0.845312,-0.012285,0.006866,0.027609,-0.311619,0.404461,0.331186,0.163286,0.020876,0.02245,-0.025201,-0.817631,-0.200098,0.53985,0.259844,-0.964983,0.035872,0.513769,0.169607,0.840996,-0.006203,0.002899,0.013254,-0.034883,-0.00337,0.001337,0.036616,0.071668,0.020757,-0.063632,-0.379951,0.473788,-0.794456,-0.571697,-0.795468,-0.200976,-0.727185,0.377828,0.573103,-2e-06,6e-06,6e-06,4e-06,-5e-06,-2.4e-05,-0.043291
13,0.113508,-0.008193,0.35896,-0.314817,0.485671,-0.815511,-0.698826,-0.69997,-0.147154,-0.641918,0.522967,0.560779,-9e-06,-3.8e-05,-3.1e-05,-0.0,-0.0,-0.0,0.123057,-0.195955,-0.001526,0.306455,0.801138,0.289867,0.52359,-0.38682,0.918313,0.083696,-0.457552,-0.269962,0.847131,-0.012002,-0.007429,0.032276,-0.016714,-0.074002,-0.074798,0.164168,0.020649,0.022448,-0.024629,-0.818742,-0.199613,0.538345,0.261067,-0.964515,0.039411,0.511375,0.172812,0.841802,-0.006036,-0.003899,0.015958,-0.00359,-0.093727,-0.089335,0.039392,0.071669,0.020781,-0.063659,-0.379984,0.473737,-0.794471,-0.571543,-0.795566,-0.201029,-0.727289,0.377686,0.573064,-4e-06,-1e-05,-8e-06,1.5e-05,-7e-06,-6e-06,-0.040515
14,0.113519,-0.00812,0.358862,-0.314793,0.485633,-0.815543,-0.698622,-0.70014,-0.147316,-0.642153,0.522775,0.560689,-0.000146,-0.000635,-0.000517,-0.0,-0.0,-0.0,0.125003,-0.196582,-0.001862,0.307485,0.800286,0.290828,0.524359,-0.388979,0.917268,0.085136,-0.45721,-0.272474,0.846511,-0.026797,-0.013366,0.027072,-0.075028,0.040879,-0.067979,0.162856,0.020341,0.022287,-0.024107,-0.817999,-0.200775,0.539042,0.263478,-0.9638,0.040846,0.511328,0.175438,0.841287,-0.006526,-0.001131,0.009037,-0.038036,0.014019,-0.021388,0.039882,0.071674,0.020818,-0.063707,-0.379953,0.473706,-0.794504,-0.571311,-0.79569,-0.201197,-0.727488,0.377464,0.572958,0.000187,0.00485,-0.004817,0.029828,0.07586,-0.159457,-0.037576
15,0.113519,-0.008071,0.358797,-0.3147,0.485639,-0.815576,-0.698507,-0.700219,-0.147486,-0.642323,0.522664,0.560598,0.000453,0.010065,-0.009332,0.035155,-0.015678,0.017027,0.125856,-0.196905,-0.002113,0.307952,0.800461,0.295407,0.521525,-0.391439,0.916519,0.081876,-0.454793,-0.270065,0.848582,-0.012703,-0.015638,0.023806,0.07795,-0.207238,-0.204366,0.16219,0.020185,0.022169,-0.023881,-0.818648,-0.204311,0.536723,0.265534,-0.96334,0.038303,0.509221,0.173875,0.842888,-0.00658,-0.001751,0.008396,0.263123,-0.425071,-0.309336,0.039065,0.071674,0.020842,-0.06374,-0.379863,0.473728,-0.794534,-0.571182,-0.795739,-0.201367,-0.727636,0.377332,0.572857,0.000229,0.005035,-0.004664,0.035165,-0.01568,0.017025,-0.036433
16,0.113519,-0.00797,0.358655,-0.314792,0.485532,-0.815604,-0.698181,-0.700517,-0.147614,-0.642632,0.522365,0.560523,0.000452,0.010059,-0.009336,0.029823,0.075966,-0.159414,0.126516,-0.197566,-0.002584,0.308683,0.799766,0.298567,0.520792,-0.394306,0.915369,0.080969,-0.453533,-0.270493,0.84912,-0.027696,-0.006564,0.014555,-0.010383,-0.01628,-0.082379,0.159494,0.019849,0.021922,-0.023506,-0.818708,-0.208525,0.535008,0.268917,-0.962475,0.036381,0.507346,0.173658,0.844062,-0.006762,-0.003856,0.006244,-0.023606,-0.000456,-0.072105,0.036943,0.071674,0.020888,-0.063808,-0.379826,0.473683,-0.794578,-0.57087,-0.795907,-0.201586,-0.727899,0.377034,0.572718,-5.8e-05,-0.00026,-0.000212,-5e-06,1e-05,-4e-06,-0.03431
17,0.113498,-0.007891,0.358548,-0.314702,0.485516,-0.815648,-0.697978,-0.700672,-0.147841,-0.642897,0.522171,0.560399,-2.5e-05,-0.000111,-9e-05,-0.0,-0.0,-0.0,0.126848,-0.198207,-0.002961,0.309245,0.799064,0.301735,0.520043,-0.396965,0.914334,0.079662,-0.452446,-0.270483,0.849702,-0.013458,-0.007204,0.012973,-0.036017,0.011549,-0.022687,0.152985,0.019518,0.021727,-0.023223,-0.81837,-0.211724,0.534268,0.271772,-0.961718,0.035171,0.50637,0.173982,0.844582,-0.00675,-0.003704,0.006394,-0.044603,0.022617,-0.01709,0.031227,0.071663,0.020931,-0.063865,-0.379844,0.473611,-0.794613,-0.570579,-0.796079,-0.201734,-0.728119,0.376762,0.572618,-5e-06,-2.9e-05,-2.4e-05,-9e-06,5e-06,-1e-05,-0.03382
18,0.113477,-0.007864,0.358518,-0.314098,0.483151,-0.817284,-0.697779,-0.701172,-0.146404,-0.643408,0.523694,0.558388,-1e-06,-3e-06,-2e-06,-0.000213,-0.001078,-0.000554,0.128428,-0.19869,-0.003307,0.309755,0.80029,0.299985,0.51917,-0.393953,0.915748,0.078358,-0.452914,-0.267625,0.850358,-0.013439,-0.006945,0.013228,0.828777,0.135175,1.382748,0.147074,0.019281,0.021553,-0.022976,-0.819083,-0.21132,0.533334,0.270237,-0.9622,0.033776,0.506038,0.171792,0.845229,-0.006797,-0.003781,0.006315,2.817772,0.471866,4.659076,0.023063,0.071653,0.020945,-0.06388,-0.378789,0.471386,-0.796438,-0.570313,-0.796641,-0.200264,-0.728877,0.378361,0.570596,5e-06,1.9e-05,1.6e-05,-0.003763,0.102367,-0.170451,-0.032514
19,0.113455,-0.007867,0.358515,-0.314027,0.48318,-0.817294,-0.697799,-0.70114,-0.146461,-0.643421,0.523711,0.558358,-1e-05,-4.4e-05,-3.6e-05,-3e-06,-1.6e-05,-8e-06,0.129914,-0.198887,-0.00342,0.310017,0.801741,0.295591,0.51945,-0.38921,0.917745,0.078705,-0.454452,-0.265659,0.850154,-0.013296,-0.005408,0.014783,-0.036435,0.012591,-0.021674,0.146091,0.019177,0.021492,-0.022842,-0.820183,-0.205188,0.534038,0.263575,-0.964024,0.034405,0.507766,0.168977,0.844759,-0.00665,-0.002633,0.007472,-0.038893,0.015539,-0.019999,0.019797,0.071642,0.020944,-0.063882,-0.378762,0.471505,-0.79638,-0.570347,-0.79659,-0.20037,-0.728864,0.378321,0.570639,-1e-06,-1e-05,-6e-06,0.000297,0.001711,0.000937,-0.031044
20,0.113394,-0.007852,0.358527,-0.314143,0.48313,-0.81728,-0.697766,-0.701193,-0.146366,-0.643401,0.523686,0.558404,0.000161,0.000701,0.000571,-0.0,-0.0,-0.0,0.134246,-0.199104,-0.003431,0.31056,0.801973,0.297717,0.517876,-0.390433,0.917329,0.077485,-0.452989,-0.264722,0.851227,0.001273,-0.002647,0.016659,-0.034394,-0.002909,0.007073,0.146244,0.019069,0.021485,-0.022572,-0.820753,-0.207231,0.532371,0.264822,-0.963727,0.033134,0.506194,0.168179,0.845861,0.000641,-0.001181,0.008479,-0.039402,0.003618,0.010363,0.017184,0.071611,0.02095,-0.063877,-0.378875,0.471448,-0.79636,-0.570307,-0.79664,-0.200285,-0.728836,0.378287,0.570697,0.000108,0.000478,0.000392,2.7e-05,3.3e-05,0.0,-0.027125
21,0.113331,-0.00785,0.358528,-0.314434,0.483006,-0.81724,-0.697683,-0.701325,-0.146129,-0.643349,0.523623,0.558524,-1.9e-05,-8.5e-05,-6.9e-05,-0.0,-0.0,-0.0,0.141523,-0.199047,-0.003286,0.31114,0.802168,0.297465,0.51772,-0.390524,0.91722,0.078305,-0.452564,-0.265381,0.851247,0.001456,-0.000662,0.018624,-0.034646,-0.002509,0.007353,0.14645,0.019091,0.021554,-0.022292,-0.820871,-0.206943,0.532301,0.264965,-0.963659,0.033966,0.505928,0.168923,0.845873,0.000776,0.000272,0.00992,-0.032985,-0.018133,0.031668,0.017184,0.07158,0.020953,-0.063875,-0.379143,0.471276,-0.796334,-0.570205,-0.796771,-0.200054,-0.728777,0.378225,0.570814,-1.6e-05,-6.1e-05,-4.7e-05,-0.005295,0.091753,-0.176411,-0.019287
22,0.113307,-0.00786,0.358519,-0.314519,0.48297,-0.817229,-0.697658,-0.701364,-0.146059,-0.643334,0.523604,0.558559,-0.000336,-0.001462,-0.001191,-0.006084,0.105023,-0.201956,0.143558,-0.198987,-0.00315,0.311462,0.802241,0.297363,0.517666,-0.390574,0.91717,0.078655,-0.452392,-0.265671,0.851248,0.001171,0.012539,0.012596,0.001636,-0.015755,0.024074,0.148856,0.019126,0.02162,-0.022133,-0.820932,-0.206822,0.532254,0.265023,-0.963631,0.034318,0.505799,0.169233,0.845888,0.007735,0.006459,0.006042,0.003772,-0.030932,0.053481,0.017674,0.071569,0.020951,-0.063876,-0.379077,0.471317,-0.796341,-0.57023,-0.796739,-0.200109,-0.728791,0.378241,0.570785,-1.5e-05,-6.6e-05,-5.2e-05,1.3e-05,5e-06,-1.7e-05,-0.015368
23,0.11326,-0.007881,0.358502,-0.314552,0.482955,-0.817226,-0.697649,-0.701379,-0.146032,-0.643328,0.523598,0.558572,-0.000102,-0.000442,-0.00036,-0.0,-0.0,-0.0,0.144081,-0.198809,-0.002827,0.312182,0.802401,0.297129,0.517552,-0.390668,0.917064,0.079415,-0.452026,-0.266298,0.851247,0.001842,0.0036,0.022797,-0.033008,-0.018252,0.031436,0.159735,0.019216,0.021787,-0.021768,-0.821074,-0.206543,0.532143,0.26513,-0.963574,0.035087,0.505513,0.169896,0.845926,0.007798,0.007331,0.006871,0.005389,-0.046685,0.077524,0.025022,0.071544,0.020937,-0.063888,-0.379251,0.471205,-0.796324,-0.570163,-0.796824,-0.199959,-0.728753,0.378201,0.570861,-7.2e-05,-0.000311,-0.000252,5e-06,5e-06,-4e-06,-0.011286
24,0.113212,-0.00791,0.358491,-0.314738,0.48288,-0.817198,-0.697613,-0.701449,-0.145869,-0.643275,0.523574,0.558654,-4.4e-05,-0.00019,-0.000155,-0.0,-0.0,-0.0,0.146375,-0.198712,-0.002557,0.312967,0.803882,0.296359,0.51569,-0.390734,0.916767,0.082466,-0.449325,-0.268174,0.852088,0.001768,0.002881,0.021999,-0.034646,-0.002513,0.007352,0.1689,0.019265,0.021926,-0.021371,-0.822506,-0.205485,0.530338,0.265293,-0.963412,0.038162,0.503093,0.172084,0.846926,0.000924,0.00201,0.011563,-0.032029,-0.017194,0.030869,0.036942,0.07152,0.020922,-0.063894,-0.379423,0.471099,-0.796305,-0.570118,-0.796896,-0.199799,-0.728699,0.37818,0.570943,-2.4e-05,-0.000106,-8.6e-05,-3e-06,-4e-06,-9e-06,-0.009163
25,0.113194,-0.007942,0.358465,-0.314859,0.482829,-0.817181,-0.697578,-0.701504,-0.14577,-0.643253,0.523547,0.558705,-0.000201,-0.000871,-0.00071,-0.0,-0.0,-0.0,0.149238,-0.198752,-0.002372,0.313802,0.804022,0.296172,0.51558,-0.391069,0.916522,0.083585,-0.448782,-0.269215,0.852046,0.001754,0.002766,0.021808,-0.033005,-0.018185,0.031478,0.185564,0.019245,0.022019,-0.020954,-0.822605,-0.205293,0.530258,0.265701,-0.963255,0.039259,0.502715,0.173185,0.846926,-0.006258,0.001269,0.011242,-0.036648,0.012715,-0.021875,0.051639,0.071512,0.020907,-0.063906,-0.379535,0.471028,-0.796294,-0.570076,-0.796951,-0.199703,-0.728674,0.378154,0.570993,-0.000124,-0.00054,-0.000442,3e-06,1e-05,5e-06,-0.005734
26,0.113199,-0.007964,0.358447,-0.314896,0.482814,-0.817176,-0.697568,-0.70152,-0.145741,-0.643247,0.523539,0.55872,-0.000212,-0.00092,-0.00075,-0.0,-0.0,-0.0,0.149047,-0.198804,-0.002332,0.314232,0.803849,0.296341,0.515751,-0.391586,0.916256,0.084084,-0.448639,-0.269935,0.851893,-0.01201,-0.008645,0.030483,-0.071334,0.010225,-0.014515,0.195442,0.019224,0.022043,-0.020742,-0.822473,-0.20546,0.530398,0.266218,-0.963092,0.039744,0.502657,0.17389,0.846815,0.000821,0.000928,0.01044,-0.032996,-0.018158,0.031518,0.064049,0.071514,0.020896,-0.063914,-0.379569,0.471007,-0.796291,-0.570063,-0.796967,-0.199674,-0.728666,0.378146,0.571008,-0.00013,-0.000566,-0.000461,1e-06,-0.0,-2e-06,-0.004428
27,0.113191,-0.007996,0.358408,-0.314998,0.482768,-0.817164,-0.697521,-0.701582,-0.14567,-0.643247,0.523499,0.558756,-0.000179,-0.000776,-0.000633,-0.0,-0.0,-0.0,0.149265,-0.198909,-0.00237,0.31509,0.803502,0.296673,0.516103,-0.39271,0.915666,0.085262,-0.448279,-0.27157,0.851563,0.001562,0.000682,0.019668,-0.034644,-0.002471,0.007376,0.205988,0.019166,0.022022,-0.020307,-0.822156,-0.20586,0.530735,0.267467,-0.962697,0.040921,0.502514,0.175598,0.846548,0.001015,-0.005096,0.01401,-0.06928,-0.004944,0.014756,0.083154,0.07151,0.020879,-0.063935,-0.379662,0.470944,-0.796284,-0.570008,-0.797024,-0.199606,-0.728661,0.378105,0.571042,-8.7e-05,-0.000382,-0.000311,4e-06,6e-06,7e-06,-0.003448
28,0.113174,-0.008021,0.358387,-0.3151,0.482725,-0.81715,-0.697492,-0.701628,-0.145587,-0.643229,0.523477,0.558798,-3.5e-05,-0.000153,-0.000124,-0.0,-0.0,-0.0,0.150991,-0.198939,-0.002609,0.315988,0.803149,0.296972,0.516479,-0.394011,0.914959,0.086833,-0.447766,-0.273622,0.851176,0.001873,-0.012203,0.026014,-0.070932,0.010671,-0.009415,0.216768,0.019156,0.021908,-0.019868,-0.821919,-0.206101,0.531009,0.268749,-0.962272,0.042494,0.502218,0.177635,0.846299,0.000881,-0.00654,0.012581,-0.070936,0.010667,-0.009415,0.098503,0.071501,0.020866,-0.063946,-0.379756,0.470884,-0.796274,-0.569973,-0.797069,-0.199526,-0.72864,0.378084,0.571083,-1.7e-05,-6.8e-05,-5.5e-05,-6e-06,-7e-06,-7e-06,-0.001978
29,0.113173,-0.008028,0.358381,-0.31512,0.482717,-0.817147,-0.697486,-0.701637,-0.145571,-0.643226,0.523473,0.558806,-1.3e-05,-5.5e-05,-4.5e-05,-0.0,-0.0,-0.0,0.150882,-0.19895,-0.00277,0.31643,0.802998,0.297089,0.516646,-0.394657,0.914598,0.087693,-0.447467,-0.274699,0.850986,0.001918,-0.0117,0.026491,-0.069285,-0.004891,0.014782,0.218673,0.019146,0.021825,-0.019642,-0.821697,-0.206362,0.53125,0.269593,-0.961999,0.043301,0.502127,0.178802,0.846107,0.000665,-0.000745,0.008746,-0.03463,-0.002453,0.007372,0.104218,0.071501,0.020863,-0.063949,-0.379774,0.470872,-0.796272,-0.569966,-0.797078,-0.19951,-0.728635,0.37808,0.571091,2e-06,7e-06,6e-06,-1e-06,-0.0,-2e-06,-0.001325
30,0.113173,-0.00802,0.358374,-0.315104,0.48272,-0.817152,-0.697473,-0.701644,-0.145596,-0.643248,0.52346,0.558793,-0.0,-0.0,-0.0,0.0,0.0,0.0,0.151354,-0.199005,-0.003091,0.317433,0.803544,0.30112,0.513455,-0.397092,0.913723,0.085802,-0.444315,-0.273224,0.85311,0.002124,-0.009441,0.028649,0.053289,-0.199879,-0.118322,0.218241,0.019118,0.02166,-0.019145,-0.822758,-0.209695,0.528296,0.27185,-0.961432,0.041755,0.499165,0.177972,0.848032,0.000799,0.000736,0.010163,0.15911,-0.296812,-0.180474,0.108464,0.071501,0.020867,-0.063952,-0.379758,0.470878,-0.796276,-0.569951,-0.797082,-0.199535,-0.728655,0.378064,0.571076,0.0,1.4e-05,1.2e-05,-1.1e-05,-2e-05,-1.6e-05,-0.000672
31,0.113161,-0.008025,0.35837,-0.315146,0.482702,-0.817146,-0.697461,-0.701664,-0.145562,-0.64324,0.52345,0.55881,-0.0,-0.0,-0.0,0.0,0.0,0.0,0.152546,-0.199056,-0.003267,0.318601,0.804438,0.304739,0.509906,-0.399101,0.912995,0.084214,-0.440876,-0.271643,0.855396,0.002498,-0.00534,0.032538,0.134493,-0.329337,-0.205557,0.218537,0.019092,0.021568,-0.018565,-0.823989,-0.212452,0.525267,0.273763,-0.960931,0.040791,0.496079,0.17741,0.849959,0.001021,0.003212,0.012513,0.315825,-0.449772,-0.467993,0.108464,0.071495,0.020865,-0.063954,-0.379797,0.470853,-0.796273,-0.569937,-0.797101,-0.199501,-0.728646,0.378055,0.571093,-1e-06,1e-05,1e-05,-6e-06,-1.8e-05,-1e-05,0.000471
32,0.113158,-0.008031,0.358353,-0.315169,0.482688,-0.817145,-0.697437,-0.701689,-0.145555,-0.643255,0.523429,0.558813,-0.000191,-0.000827,-0.000675,0.0,0.0,0.0,0.154394,-0.199283,-0.0033,0.319803,0.804763,0.306664,0.508238,-0.400694,0.912296,0.084232,-0.438831,-0.27183,0.856388,-0.011649,-0.005199,0.033462,-0.05405,-0.017088,-0.032999,0.233004,0.018984,0.021556,-0.017959,-0.825076,-0.215468,0.522323,0.275806,-0.960401,0.039487,0.493132,0.17664,0.851832,-0.006066,0.003088,0.012789,-0.037039,-0.00633,-0.006669,0.117445,0.071494,0.020864,-0.063961,-0.379817,0.470836,-0.796273,-0.569909,-0.797122,-0.199495,-0.728657,0.378031,0.571095,-0.000128,-0.000547,-0.000445,1e-06,6e-06,7e-06,0.002267
33,0.113157,-0.008038,0.358347,-0.315189,0.48268,-0.817142,-0.697431,-0.701698,-0.145539,-0.643251,0.523425,0.558821,-4e-05,-0.000173,-0.000141,0.0,0.0,0.0,0.155632,-0.199475,-0.003292,0.320346,0.80456,0.306877,0.508429,-0.401364,0.911936,0.084937,-0.438587,-0.272798,0.856204,-0.01226,0.004241,0.023671,-0.034813,-0.00284,0.002299,0.240754,0.018893,0.021563,-0.017692,-0.824811,-0.215606,0.522685,0.276557,-0.960149,0.040356,0.493155,0.177839,0.851569,-0.006184,0.001747,0.011487,-0.041948,0.019949,-0.018306,0.127079,0.071493,0.020859,-0.063965,-0.379835,0.470824,-0.796271,-0.569902,-0.797131,-0.19948,-0.728653,0.378027,0.571103,-2.8e-05,-0.000115,-9.2e-05,4e-06,-4e-06,2e-06,0.00341
34,0.113159,-0.008064,0.3583,-0.315252,0.482646,-0.817138,-0.697377,-0.701757,-0.145512,-0.643278,0.523377,0.558835,-0.000197,-0.000856,-0.000699,0.0,0.0,0.0,0.156139,-0.199879,-0.003286,0.321167,0.803746,0.307772,0.509178,-0.403018,0.911139,0.085659,-0.438564,-0.274452,0.855687,-0.012692,-0.000584,0.019022,-0.03668,0.012897,-0.021778,0.253854,0.018687,0.02157,-0.017264,-0.824088,-0.216564,0.523429,0.278322,-0.959604,0.041164,0.49337,0.179605,0.851074,-0.006363,-0.0003,0.009509,-0.036576,0.013046,-0.02134,0.146021,0.071494,0.020846,-0.063988,-0.379892,0.47078,-0.79627,-0.56984,-0.797182,-0.199455,-0.728672,0.377976,0.571113,-0.000121,-0.000528,-0.000432,2e-06,2e-06,1e-06,0.005696
35,0.113146,-0.0081,0.35823,-0.31538,0.48258,-0.817128,-0.697288,-0.70186,-0.145444,-0.643313,0.523299,0.558868,-0.000306,-0.001327,-0.001085,0.0,0.0,0.0,0.156368,-0.200201,-0.003273,0.321806,0.802976,0.308613,0.509881,-0.404462,0.910455,0.086117,-0.438642,-0.275776,0.855221,-0.012848,-0.00236,0.017305,-0.036679,0.01293,-0.021761,0.259018,0.018521,0.021573,-0.01694,-0.823415,-0.217527,0.524088,0.279869,-0.959135,0.041617,0.493619,0.180944,0.850646,-0.006449,-0.001322,0.008525,-0.036531,0.012936,-0.021521,0.158267,0.071488,0.020828,-0.064023,-0.380008,0.470694,-0.796266,-0.569735,-0.797273,-0.19939,-0.728694,0.377892,0.571141,-0.000156,-0.000682,-0.000557,1e-06,1.1e-05,3e-06,0.006676
36,0.11313,-0.008126,0.358209,-0.315482,0.482538,-0.817113,-0.697258,-0.701906,-0.145361,-0.643294,0.523277,0.55891,-0.000416,-0.001803,-0.001474,-0.000769,0.013296,-0.025557,0.155933,-0.200338,-0.003241,0.322083,0.802772,0.308838,0.510066,-0.404911,0.910232,0.086364,-0.438601,-0.27626,0.855086,-0.013216,0.009566,0.009899,-0.00039,-7.4e-05,-0.004869,0.259563,0.018457,0.021582,-0.016808,-0.823241,-0.217777,0.524259,0.280343,-0.958986,0.041859,0.493641,0.181432,0.850529,0.000656,-0.000927,0.008455,-0.034508,-0.002241,0.007687,0.16137,0.07148,0.020816,-0.064033,-0.380102,0.470634,-0.796257,-0.5697,-0.797318,-0.199309,-0.728672,0.37787,0.571182,-0.000198,-0.000854,-0.000697,-0.000774,0.013309,-0.025564,0.006676
37,0.113085,-0.008133,0.358203,-0.315612,0.482482,-0.817096,-0.697221,-0.701966,-0.145255,-0.643271,0.523249,0.558963,-2e-06,-9e-06,-7e-06,0.0,0.0,0.0,0.156145,-0.200514,-0.003031,0.322631,0.802621,0.309007,0.510202,-0.405376,0.909983,0.086804,-0.438448,-0.276893,0.85496,0.001034,0.010802,0.010152,-0.009764,0.090077,-0.143911,0.260899,0.018364,0.021689,-0.016533,-0.823111,-0.217965,0.524384,0.280844,-0.958821,0.042291,0.493573,0.18208,0.85043,0.000512,0.00546,0.005133,-0.009666,0.090062,-0.143782,0.163819,0.071457,0.02081,-0.064038,-0.380221,0.470557,-0.796245,-0.569655,-0.797376,-0.199206,-0.728646,0.377843,0.571234,1e-05,4e-05,3.2e-05,-5e-06,2e-06,-9e-06,0.006676
38,0.113013,-0.008123,0.35821,-0.31577,0.482414,-0.817076,-0.697175,-0.702038,-0.145125,-0.643243,0.523216,0.559027,-0.0,-0.0,-0.0,0.0,0.0,0.0,0.157845,-0.200495,-0.002725,0.323198,0.802367,0.30926,0.510448,-0.405902,0.909721,0.087094,-0.438425,-0.277473,0.854784,0.001218,0.012767,0.011942,-0.008113,0.07475,-0.119564,0.270168,0.018373,0.021835,-0.016263,-0.822939,-0.218184,0.524563,0.281318,-0.958668,0.042591,0.49359,0.182619,0.850305,0.000596,0.00634,0.005932,0.003369,-0.03049,0.048872,0.170677,0.071421,0.020816,-0.064034,-0.380366,0.470463,-0.796232,-0.569599,-0.797448,-0.19908,-0.728613,0.37781,0.571297,-0.0,1.6e-05,1.2e-05,-1.7e-05,-2e-05,-2.1e-05,0.007492
39,0.112982,-0.008118,0.358214,-0.315837,0.482384,-0.817067,-0.697156,-0.702069,-0.14507,-0.643231,0.523201,0.559055,-0.0,-0.0,-0.0,0.0,0.0,0.0,0.158347,-0.20047,-0.002578,0.323474,0.802463,0.309142,0.510368,-0.40589,0.909698,0.087389,-0.438261,-0.277679,0.854801,0.001674,0.001752,0.020169,-0.032977,-0.017481,0.031904,0.274375,0.018386,0.021913,-0.01612,-0.822957,-0.218141,0.524553,0.281408,-0.958631,0.042836,0.493508,0.182865,0.850299,0.000583,0.006209,0.005795,0.001697,-0.015227,0.024471,0.176556,0.071406,0.020818,-0.064032,-0.380428,0.470422,-0.796226,-0.569575,-0.797478,-0.199025,-0.7286,0.377796,0.571324,-2e-06,9e-06,9e-06,-1.3e-05,-1.1e-05,-1.1e-05,0.008635
40,0.112951,-0.008114,0.358217,-0.315905,0.482355,-0.817058,-0.697136,-0.7021,-0.145014,-0.643219,0.523187,0.559082,-0.0,-0.0,-0.0,0.0,0.0,0.0,0.158487,-0.200383,-0.002335,0.324101,0.80249,0.309068,0.510371,-0.406159,0.909511,0.088078,-0.437961,-0.278372,0.854729,0.001601,0.001039,0.019451,-0.034632,-0.002235,0.007506,0.277961,0.018429,0.022038,-0.015803,-0.822985,-0.218046,0.524548,0.281699,-0.958514,0.04353,0.493295,0.18359,0.850266,0.000602,0.006453,0.005991,-0.00808,0.074616,-0.119592,0.183904,0.07139,0.020821,-0.06403,-0.38049,0.470382,-0.796221,-0.569551,-0.797509,-0.198971,-0.728586,0.377783,0.57135,-4e-06,4e-06,5e-06,-1.3e-05,-1.3e-05,-9e-06,0.009452
41,0.112939,-0.008119,0.358213,-0.315947,0.482337,-0.817052,-0.697124,-0.702119,-0.14498,-0.643211,0.523178,0.559099,-1e-06,-3e-06,-2e-06,0.0,0.0,0.0,0.160862,-0.20028,-0.002327,0.324854,0.802074,0.309439,0.510801,-0.407234,0.908937,0.089049,-0.437725,-0.279838,0.854372,0.001515,0.000182,0.018613,-0.046087,0.102607,-0.161099,0.278378,0.018481,0.022043,-0.015426,-0.822687,-0.218376,0.524879,0.282756,-0.958156,0.044546,0.493188,0.18506,0.85001,0.000771,0.000363,0.009558,-0.034614,-0.002211,0.007523,0.18717,0.071384,0.020818,-0.064032,-0.380528,0.470356,-0.796217,-0.569537,-0.797528,-0.198937,-0.728577,0.377774,0.571367,-2e-06,7e-06,7e-06,-9e-06,-7e-06,-4e-06,0.010758
42,0.112958,-0.008129,0.358205,-0.315922,0.482348,-0.817055,-0.697131,-0.702107,-0.145001,-0.643216,0.523183,0.559089,-0.000162,-0.0007,-0.000572,0.0,0.0,0.0,0.164699,-0.200232,-0.002497,0.325763,0.799757,0.312419,0.512617,-0.408993,0.908574,0.084574,-0.440319,-0.277698,0.853737,0.002028,-0.010229,0.027394,-0.056986,0.025124,-0.019396,0.278487,0.018505,0.021957,-0.014966,-0.82066,-0.221882,0.526578,0.284564,-0.957826,0.03989,0.49552,0.182581,0.84919,0.001003,-0.005074,0.013733,-0.065788,0.027715,-0.013837,0.187986,0.071394,0.020815,-0.064035,-0.380505,0.470372,-0.796219,-0.569546,-0.797516,-0.198958,-0.728582,0.377779,0.571357,-0.000113,-0.000467,-0.00038,-8e-06,-1.5e-05,-6e-06,0.014841
43,0.112967,-0.008137,0.358198,-0.315919,0.48235,-0.817056,-0.697132,-0.702106,-0.145003,-0.643216,0.523183,0.559089,-6.3e-05,-0.000274,-0.000224,0.0,0.0,0.0,0.166356,-0.200194,-0.002654,0.32628,0.798936,0.314689,0.512507,-0.410057,0.908357,0.081703,-0.440819,-0.275839,0.854081,0.002087,-0.009584,0.027968,0.137907,-0.426335,-0.025611,0.278969,0.018524,0.021881,-0.014719,-0.819624,-0.223113,0.527671,0.285287,-0.95768,0.038201,0.496817,0.181848,0.848589,0.000991,-0.005165,0.01364,0.293232,-0.55174,-0.336901,0.188803,0.071398,0.020809,-0.064039,-0.380503,0.470374,-0.796219,-0.569547,-0.797515,-0.19896,-0.728583,0.37778,0.571357,-3.5e-05,-0.00014,-0.000115,-2e-06,-9e-06,-3e-06,0.017453
44,0.113001,-0.008161,0.358153,-0.315895,0.482353,-0.817063,-0.697104,-0.702125,-0.145048,-0.643259,0.523155,0.559066,-0.000195,-0.000845,-0.000691,0.0,0.0,0.0,0.167171,-0.200109,-0.003131,0.327316,0.795215,0.318246,0.516084,-0.412304,0.90786,0.075691,-0.44543,-0.273385,0.852476,0.001777,-0.012881,0.024926,-0.058163,-0.009113,-0.022947,0.284646,0.018567,0.021644,-0.014185,-0.816933,-0.228536,0.529519,0.287707,-0.957224,0.030739,0.499844,0.177459,0.84774,0.000861,-0.006558,0.012357,-0.085428,0.013685,-0.006511,0.194028,0.071415,0.020798,-0.064061,-0.380479,0.470382,-0.796225,-0.569515,-0.797526,-0.199005,-0.728619,0.377746,0.571332,-0.000124,-0.000531,-0.000434,-1e-06,-4e-06,-0.0,0.020556
45,0.112987,-0.008163,0.358124,-0.315944,0.482324,-0.817061,-0.697055,-0.702177,-0.145032,-0.643288,0.523111,0.559073,-3e-05,-0.000129,-0.000105,0.0,0.0,0.0,0.167929,-0.200033,-0.003766,0.32829,0.791817,0.321431,0.519326,-0.41416,0.90747,0.070023,-0.449746,-0.270944,0.850988,0.001463,-0.016246,0.021855,-0.070167,0.021599,-0.03665,0.284699,0.018604,0.02134,-0.013713,-0.813825,-0.232313,0.532652,0.289497,-0.956852,0.024989,0.503865,0.174538,0.845964,0.000737,-0.00789,0.011139,-0.087155,0.020173,-0.000686,0.19762,0.071408,0.020795,-0.064077,-0.380522,0.470345,-0.796226,-0.569459,-0.79757,-0.198991,-0.728641,0.377698,0.571336,-1e-05,-4.8e-05,-3.9e-05,-1e-06,-3e-06,-5e-06,0.021535
46,0.112986,-0.008162,0.358112,-0.315947,0.482319,-0.817063,-0.697036,-0.702194,-0.145041,-0.643307,0.523094,0.559068,-2e-05,-8.6e-05,-7.1e-05,0.0,0.0,0.0,0.168911,-0.200039,-0.00408,0.328694,0.79224,0.323234,0.517559,-0.415199,0.907052,0.069291,-0.448037,-0.270202,0.852125,0.001308,-0.017906,0.020347,-0.067086,0.016523,-0.039937,0.284199,0.018607,0.021185,-0.01351,-0.814676,-0.233874,0.530664,0.290438,-0.956584,0.024294,0.501944,0.173917,0.847233,0.000632,-0.009031,0.010102,-0.085831,0.039713,-0.029349,0.197784,0.071407,0.020796,-0.064083,-0.380525,0.47034,-0.796229,-0.569437,-0.797583,-0.199,-0.728657,0.377678,0.571329,-6e-06,-2.7e-05,-2.1e-05,0.0,-4e-06,-2e-06,0.022515
47,0.112987,-0.008147,0.358099,-0.315914,0.482325,-0.817072,-0.697011,-0.702209,-0.145091,-0.643351,0.523068,0.559041,0.000565,0.010523,-0.008955,0.035144,-0.015736,0.016998,0.171131,-0.200033,-0.004615,0.329294,0.791413,0.327765,0.515971,-0.417545,0.906295,0.064952,-0.447313,-0.267268,0.853429,0.000652,-0.008977,0.010157,-0.02856,8.5e-05,-0.025246,0.275426,0.018605,0.020906,-0.013199,-0.814498,-0.238479,0.528885,0.292838,-0.955954,0.019932,0.500836,0.171112,0.848459,0.000321,-0.004409,0.005149,-0.050547,0.028826,-0.012192,0.192885,0.071408,0.020804,-0.064089,-0.380493,0.470351,-0.796237,-0.569408,-0.797591,-0.199051,-0.728696,0.377647,0.5713,0.000281,0.005273,-0.004467,0.035141,-0.015755,0.016988,0.025291
48,0.112998,-0.00814,0.358091,-0.315875,0.482337,-0.81708,-0.697004,-0.702206,-0.145135,-0.643377,0.52306,0.559018,-0.0,-0.0,-0.0,0.0,0.0,0.0,0.172486,-0.200017,-0.004945,0.32971,0.791049,0.334098,0.512456,-0.420013,0.905616,0.058153,-0.44564,-0.261672,0.856035,0.00068,-0.008681,0.010429,-0.014608,-0.022736,-0.039948,0.258609,0.018613,0.020738,-0.012994,-0.815135,-0.244751,0.525024,0.295197,-0.955348,0.012957,0.49841,0.165547,0.850988,0.000351,-0.004122,0.005412,-0.04458,0.0148,-0.023177,0.178026,0.071414,0.020808,-0.064093,-0.380457,0.47037,-0.796243,-0.569402,-0.797585,-0.199094,-0.72872,0.377636,0.571276,-5e-06,5e-06,6e-06,-1e-05,-1.9e-05,-1.2e-05,0.027577
49,0.112988,-0.008131,0.358085,-0.315881,0.48233,-0.817082,-0.696985,-0.702224,-0.145142,-0.643395,0.523043,0.559014,-0.0,-0.0,-0.0,0.0,0.0,0.0,0.172297,-0.200024,-0.005145,0.330065,0.790902,0.340158,0.508682,-0.422056,0.905086,0.051206,-0.443962,-0.255631,0.858728,0.000745,-0.007978,0.011068,-0.001011,-0.044966,-0.054212,0.246016,0.018609,0.020636,-0.012819,-0.815906,-0.250611,0.521047,0.297109,-0.954824,0.005994,0.496007,0.159698,0.853505,0.000389,-0.003739,0.005762,-0.023376,-0.029543,-0.017401,0.158594,0.071409,0.020812,-0.064096,-0.380462,0.470362,-0.796245,-0.56938,-0.797599,-0.199101,-0.728735,0.377616,0.571271,-7e-06,3e-06,4e-06,-1.2e-05,-1.4e-05,-1.1e-05,0.028067
50,0.112988,-0.008123,0.358078,-0.315865,0.482333,-0.817087,-0.696972,-0.702232,-0.145167,-0.643417,0.52303,0.559001,-0.0,-0.0,-0.0,0.0,0.0,0.0,0.172441,-0.200062,-0.005226,0.33027,0.791644,0.343848,0.505034,-0.423343,0.904667,0.047885,-0.441404,-0.252154,0.861072,0.000852,-0.006824,0.012114,0.165496,-0.316971,-0.229121,0.244212,0.018589,0.020595,-0.012723,-0.816627,-0.252581,0.518963,0.297978,-0.954562,0.004303,0.494296,0.158154,0.854785,0.000425,-0.003346,0.006117,0.217534,-0.420925,-0.268447,0.152389,0.071409,0.020816,-0.064099,-0.380446,0.470368,-0.79625,-0.569365,-0.797603,-0.199127,-0.728754,0.3776,0.571256,-5e-06,3e-06,3e-06,-1.2e-05,-1.6e-05,-1.4e-05,0.02823
51,0.112989,-0.008107,0.358065,-0.315832,0.482338,-0.817096,-0.696946,-0.702247,-0.145217,-0.643462,0.523004,0.558974,-0.0,-0.0,-0.0,0.0,0.0,0.0,0.173356,-0.2002,-0.005329,0.330695,0.791737,0.345968,0.503439,-0.424614,0.904134,0.046671,-0.440011,-0.251165,0.862073,-0.013024,-0.004873,0.014748,-0.024267,-0.00722,-0.034702,0.244243,0.018526,0.02054,-0.012508,-0.817603,-0.256003,0.515739,0.299689,-0.954035,0.001533,0.491641,0.155815,0.856744,0.000476,-0.002805,0.006607,-0.041997,0.004563,0.006477,0.148143,0.071409,0.020824,-0.064106,-0.380414,0.47038,-0.796258,-0.569336,-0.797611,-0.199177,-0.728793,0.377569,0.571227,-5e-06,2e-06,4e-06,-1.1e-05,-1.2e-05,-1.2e-05,0.029047
52,0.112989,-0.008073,0.358014,-0.315772,0.482339,-0.817119,-0.696857,-0.702311,-0.145336,-0.643587,0.522919,0.558909,-0.000311,-0.001347,-0.001102,-0.000766,0.013308,-0.025551,0.174736,-0.200345,-0.005429,0.331151,0.791287,0.346432,0.503828,-0.425582,0.903647,0.047279,-0.439884,-0.252278,0.861812,-0.01306,-0.005299,0.014353,-0.038353,0.027851,-0.046361,0.245438,0.018453,0.020493,-0.012277,-0.817119,-0.256341,0.516338,0.300701,-0.953715,0.002386,0.491828,0.157212,0.856381,0.000526,-0.002265,0.007089,-0.034904,-0.001169,0.00869,0.148143,0.07141,0.020844,-0.064129,-0.380337,0.470402,-0.796281,-0.569244,-0.797643,-0.199313,-0.728906,0.377473,0.571147,-2e-06,4e-06,4e-06,2e-06,-5e-06,-1e-06,0.030353
53,0.11299,-0.008049,0.357994,-0.315859,0.48229,-0.817114,-0.696779,-0.702395,-0.145301,-0.643629,0.52285,0.558926,-5e-06,-2e-05,-1.6e-05,0.0,0.0,0.0,0.176377,-0.200432,-0.005462,0.331401,0.791029,0.3467,0.504048,-0.426111,0.903383,0.047572,-0.439835,-0.252859,0.861667,-0.012928,-0.003924,0.015587,-0.036668,0.013102,-0.021662,0.245473,0.01841,0.020473,-0.012155,-0.816885,-0.256649,0.516556,0.30127,-0.953535,0.00267,0.491869,0.157804,0.856248,0.000528,-0.00225,0.007104,-0.034378,-0.001967,0.008208,0.14847,0.07141,0.020853,-0.064142,-0.380433,0.470328,-0.796279,-0.569146,-0.797724,-0.199265,-0.728932,0.377393,0.571166,-1e-06,2e-06,3e-06,-2e-06,-5e-06,-1e-06,0.031823
54,0.112982,-0.007984,0.357929,-0.315753,0.482297,-0.817151,-0.69665,-0.702483,-0.145493,-0.64382,0.522725,0.558822,-1e-06,-5e-06,-4e-06,0.0,0.0,0.0,0.179455,-0.200624,-0.005451,0.332028,0.790472,0.347277,0.504523,-0.427262,0.902804,0.048224,-0.439717,-0.254131,0.861353,-0.012507,0.000418,0.019467,-0.036667,0.013126,-0.02165,0.245077,0.018313,0.020473,-0.011853,-0.816391,-0.257315,0.517004,0.302491,-0.953146,0.003273,0.491939,0.159062,0.855976,-0.006275,0.000101,0.009639,-0.036444,0.013127,-0.02128,0.14847,0.071406,0.020886,-0.064174,-0.380329,0.470355,-0.796313,-0.569002,-0.797779,-0.199458,-0.729099,0.377245,0.571051,0.000285,0.005272,-0.004467,0.035143,-0.015748,0.01699,0.035742
55,0.112954,-0.007907,0.35786,-0.315812,0.482231,-0.817167,-0.696456,-0.702661,-0.145562,-0.644001,0.522548,0.558779,-0.000264,-0.00114,-0.000933,0.0,0.0,0.0,0.181909,-0.200832,-0.00536,0.332837,0.790444,0.349512,0.503021,-0.428836,0.902107,0.04729,-0.43823,-0.253545,0.862283,-0.011752,-0.007558,0.030466,-0.080003,0.119496,-0.214334,0.245038,0.018209,0.020523,-0.011445,-0.816882,-0.259452,0.515158,0.303975,-0.952677,0.002209,0.490206,0.1584,0.857091,0.000954,0.002284,0.011136,-0.043622,-0.003283,0.036704,0.148633,0.071392,0.020927,-0.064206,-0.380376,0.470281,-0.796335,-0.568781,-0.797918,-0.199533,-0.729247,0.377043,0.570995,-0.000155,-0.000666,-0.000544,-0.000763,0.013328,-0.025539,0.039497
56,0.112937,-0.007833,0.357802,-0.315708,0.482236,-0.817204,-0.696326,-0.70275,-0.145752,-0.644192,0.522423,0.558676,-0.0,-0.0,-0.0,0.0,0.0,0.0,0.185094,-0.201019,-0.005285,0.333764,0.790181,0.349746,0.503273,-0.429825,0.901569,0.048552,-0.437733,-0.255135,0.862066,0.001797,0.003108,0.02089,-0.034618,-0.002028,0.007623,0.241609,0.018111,0.020561,-0.010973,-0.816476,-0.259741,0.515656,0.305206,-0.952279,0.003583,0.490118,0.160307,0.856787,-0.006059,0.00223,0.011483,-0.035209,-0.00093,0.003647,0.147,0.071383,0.020961,-0.064238,-0.380274,0.470305,-0.796369,-0.568636,-0.797974,-0.199724,-0.729413,0.376895,0.570881,3e-06,5e-06,5e-06,6e-06,1.1e-05,1.1e-05,0.043253
57,0.112939,-0.007793,0.357768,-0.315762,0.482193,-0.817208,-0.696222,-0.70285,-0.145767,-0.644277,0.522328,0.558666,0.000569,0.010534,-0.008942,0.035138,-0.015766,0.016983,0.187255,-0.20112,-0.005324,0.334228,0.789879,0.350041,0.503541,-0.430575,0.901176,0.049189,-0.43754,-0.256117,0.861873,0.002056,-0.009854,0.027478,-0.07093,0.0106,-0.009509,0.237092,0.018061,0.020551,-0.010741,-0.816218,-0.260065,0.5159,0.305989,-0.952025,0.004197,0.490058,0.161285,0.856638,-0.00617,0.001032,0.010404,-0.036579,0.013281,-0.021371,0.143898,0.071384,0.020977,-0.064251,-0.380336,0.470248,-0.796373,-0.568531,-0.79805,-0.199717,-0.729463,0.376803,0.570878,2e-06,2e-06,4e-06,1e-05,2e-06,1.6e-05,0.045702
